0.999116 0.000857 0.000019 0.000009 0.000000 0.000000 0.000000
0.998673 0.001287 0.000025 0.000003 0.000000 0.000012 0.000000
0.998225 0.001724 0.000033 0.000005 0.000000 0.000013 0.000000
0.997748 0.002184 0.000041 0.000014 0.000000 0.000013 0.000000
0.997247 0.002675 0.000046 0.000018 0.000000 0.000014 0.000000
0.996822 0.003085 0.000054 0.000024 0.000000 0.000015 0.000000
0.996252 0.003644 0.000058 0.000032 0.000000 0.000014 0.000000
0.995549 0.004343 0.000061 0.000034 0.000000 0.000014 0.000000
0.994824 0.005053 0.000067 0.000042 0.000000 0.000014 0.000000
0.993731 0.006120 0.000079 0.000056 0.000000 0.000013 0.000000
0.992761 0.007087 0.000080 0.000059 0.000000 0.000014 0.000000
0.990849 0.008962 0.000106 0.000069 0.000000 0.000014 0.000000
0.989814 0.009986 0.000105 0.000080 0.000000 0.000014 0.000000
0.987215 0.012545 0.000132 0.000093 0.000000 0.000015 0.000000
0.984718 0.014984 0.000187 0.000098 0.000000 0.000013 0.000000
0.982061 0.017577 0.000225 0.000124 0.000000 0.000012 0.000000
0.977814 0.021716 0.000293 0.000169 0.000000 0.000008 0.000000
0.973561 0.025885 0.000339 0.000204 0.000000 0.000010 0.000000
0.969412 0.029930 0.000395 0.000251 0.000000 0.000012 0.000000
0.963159 0.036042 0.000490 0.000295 0.000000 0.000014 0.000000
0.957032 0.042014 0.000594 0.000339 0.000000 0.000020 0.000000
0.950903 0.047990 0.000692 0.000395 0.000000 0.000020 0.000000
0.944276 0.054456 0.000819 0.000425 0.000000 0.000024 0.000000
0.933884 0.064586 0.000986 0.000523 0.000000 0.000021 0.000000
0.925790 0.072473 0.001118 0.000594 0.000000 0.000025 0.000000
0.914907 0.083077 0.001311 0.000679 0.000000 0.000025 0.000000
0.902967 0.094717 0.001511 0.000771 0.000000 0.000035 0.000000
0.892459 0.104895 0.001726 0.000881 0.000001 0.000039 0.000000
0.880455 0.116518 0.001975 0.001010 0.000002 0.000041 0.000000
0.869425 0.127196 0.002216 0.001115 0.000003 0.000046 0.000000
0.855122 0.141029 0.002524 0.001268 0.000002 0.000055 0.000000
0.839624 0.155921 0.002899 0.001488 0.000003 0.000066 0.000000
0.827880 0.167227 0.003156 0.001662 0.000002 0.000072 0.000000
0.813662 0.180970 0.003441 0.001843 0.000002 0.000083 0.000000
0.797783 0.196258 0.003793 0.002067 0.000002 0.000097 0.000000
0.781807 0.211600 0.004179 0.002302 0.000002 0.000110 0.000000
0.768083 0.224763 0.004531 0.002508 0.000002 0.000113 0.000000
0.754618 0.237665 0.004852 0.002733 0.000002 0.000129 0.000000
0.739067 0.252505 0.005299 0.002974 0.000002 0.000153 0.000000
0.723651 0.267278 0.005673 0.003232 0.000002 0.000164 0.000000
0.707806 0.282365 0.006159 0.003493 0.000002 0.000174 0.000000
0.692503 0.296850 0.006654 0.003794 0.000002 0.000197 0.000000
0.675953 0.312580 0.007159 0.004075 0.000002 0.000230 0.000000
0.662960 0.324824 0.007619 0.004344 0.000002 0.000252 0.000000
0.648231 0.338711 0.008136 0.004637 0.000002 0.000282 0.000000
0.633192 0.352753 0.008738 0.005004 0.000004 0.000309 0.000000
0.621588 0.363541 0.009234 0.005297 0.000004 0.000336 0.000000
0.605494 0.378524 0.009926 0.005688 0.000004 0.000364 0.000000
0.596344 0.386887 0.010445 0.005932 0.000005 0.000387 0.000000
0.581617 0.400548 0.011101 0.006322 0.000005 0.000408 0.000000
0.567704 0.413322 0.011818 0.006707 0.000004 0.000444 0.000000
0.555255 0.424787 0.012421 0.007041 0.000004 0.000492 0.000000
0.543318 0.435648 0.013084 0.007416 0.000005 0.000530 0.000000
0.530514 0.447237 0.013857 0.007808 0.000005 0.000579 0.000000
0.517834 0.458681 0.014591 0.008270 0.000004 0.000619 0.000000
0.508150 0.467447 0.015155 0.008592 0.000005 0.000652 0.000000
0.493234 0.480767 0.016118 0.009175 0.000005 0.000701 0.000000
0.485179 0.487748 0.016770 0.009550 0.000005 0.000747 0.000000
0.473254 0.498372 0.017593 0.009973 0.000006 0.000802 0.000000
0.466543 0.504027 0.018232 0.010327 0.000005 0.000867 0.000000
0.451120 0.517689 0.019309 0.010931 0.000008 0.000943 0.000000
0.444874 0.522858 0.019967 0.011305 0.000010 0.000986 0.000000
0.433807 0.532411 0.020849 0.011862 0.000010 0.001060 0.000000
0.423717 0.541100 0.021694 0.012358 0.000010 0.001121 0.000000
0.416297 0.547101 0.022538 0.012845 0.000012 0.001207 0.000000
0.406971 0.554866 0.023528 0.013334 0.000013 0.001287 0.000000
0.401271 0.559306 0.024264 0.013777 0.000013 0.001370 0.000000
0.394629 0.564597 0.025090 0.014238 0.000014 0.001432 0.000000
0.383276 0.573941 0.026334 0.014897 0.000014 0.001538 0.000000
0.376563 0.579282 0.027140 0.015371 0.000014 0.001631 0.000000
0.368347 0.585584 0.028267 0.016050 0.000014 0.001737 0.000000
0.363373 0.589342 0.028966 0.016484 0.000016 0.001818 0.000000
0.356242 0.594615 0.030084 0.017100 0.000015 0.001944 0.000000
0.353300 0.596218 0.030846 0.017590 0.000016 0.002030 0.000000
0.345404 0.602208 0.032033 0.018187 0.000020 0.002147 0.000000
0.341750 0.604479 0.032859 0.018645 0.000021 0.002246 0.000000
0.335604 0.608825 0.033949 0.019226 0.000023 0.002373 0.000000
0.336663 0.606854 0.034396 0.019580 0.000026 0.002482 0.000000
0.331647 0.610639 0.035120 0.020006 0.000026 0.002562 0.000000
0.323820 0.616349 0.036381 0.020702 0.000028 0.002719 0.000000
0.317572 0.620264 0.037743 0.021456 0.000032 0.002933 0.000000
0.312903 0.623137 0.038833 0.022049 0.000030 0.003047 0.000000
0.309484 0.624796 0.039898 0.022611 0.000029 0.003183 0.000000
0.306268 0.626748 0.040588 0.023032 0.000031 0.003334 0.000000
0.301568 0.629642 0.041624 0.023688 0.000036 0.003441 0.000000
0.295517 0.634309 0.042435 0.024123 0.000037 0.003578 0.000000
0.288277 0.638742 0.044229 0.024962 0.000045 0.003744 0.000000
0.284759 0.640879 0.045019 0.025380 0.000047 0.003916 0.000000
0.281151 0.642609 0.046107 0.026014 0.000049 0.004071 0.000000
0.274002 0.647533 0.047391 0.026764 0.000049 0.004261 0.000000
0.266546 0.652659 0.048745 0.027550 0.000048 0.004453 0.000000
0.263833 0.654010 0.049577 0.027969 0.000052 0.004560 0.000000
0.257335 0.657305 0.051450 0.028962 0.000053 0.004896 0.000000
0.244998 0.667089 0.052899 0.029848 0.000053 0.005113 0.000000
0.241676 0.668485 0.054007 0.030459 0.000058 0.005316 0.000000
0.236741 0.671146 0.055338 0.031189 0.000058 0.005528 0.000000
0.227464 0.677017 0.057273 0.032271 0.000063 0.005913 0.000000
0.219869 0.681764 0.058916 0.033213 0.000064 0.006173 0.000000
0.217530 0.682247 0.059995 0.033757 0.000065 0.006406 0.000000
0.211217 0.686192 0.061462 0.034466 0.000059 0.006604 0.000000
0.207525 0.687814 0.062717 0.035029 0.000062 0.006854 0.000000
0.194730 0.696307 0.065101 0.036512 0.000068 0.007282 0.000000
0.195863 0.693808 0.065831 0.036946 0.000064 0.007487 0.000000
0.182756 0.702779 0.068262 0.038256 0.000072 0.007874 0.000000
0.176211 0.705893 0.070212 0.039353 0.000077 0.008254 0.000000
0.171200 0.708147 0.071732 0.040223 0.000088 0.008611 0.000000
0.163511 0.711977 0.073915 0.041518 0.000095 0.008985 0.000000
0.162103 0.712090 0.074671 0.041802 0.000098 0.009234 0.000001
0.155353 0.714229 0.077278 0.043241 0.000106 0.009792 0.000001
0.146870 0.718720 0.079560 0.044508 0.000118 0.010223 0.000001
0.144733 0.718564 0.080792 0.045276 0.000123 0.010511 0.000001
0.146128 0.715596 0.081598 0.045785 0.000127 0.010765 0.000001
0.140985 0.717182 0.083572 0.046935 0.000134 0.011191 0.000000
0.136114 0.718662 0.085489 0.047949 0.000134 0.011652 0.000001
0.129546 0.720391 0.088172 0.049465 0.000140 0.012285 0.000001
0.131401 0.717720 0.088650 0.049614 0.000150 0.012465 0.000001
0.130563 0.716286 0.089816 0.050378 0.000147 0.012809 0.000001
0.127288 0.716402 0.091546 0.051317 0.000152 0.013294 0.000001
0.126145 0.714252 0.093314 0.052365 0.000157 0.013767 0.000001
0.121283 0.716924 0.094598 0.052949 0.000165 0.014081 0.000001
0.119419 0.714698 0.096850 0.054174 0.000176 0.014681 0.000001
0.118286 0.712801 0.098405 0.055111 0.000171 0.015226 0.000001
0.109603 0.717235 0.100768 0.056440 0.000173 0.015780 0.000001
0.109926 0.714823 0.101919 0.057003 0.000191 0.016137 0.000002
0.106025 0.715422 0.103583 0.058011 0.000199 0.016759 0.000002
0.104328 0.713373 0.105519 0.059187 0.000195 0.017397 0.000002
0.097769 0.714887 0.108353 0.060672 0.000207 0.018110 0.000002
0.101010 0.711886 0.108094 0.060584 0.000211 0.018213 0.000001
0.102846 0.710047 0.108128 0.060456 0.000220 0.018301 0.000001
0.094320 0.711636 0.111865 0.062564 0.000223 0.019391 0.000001
0.095839 0.708838 0.112455 0.062988 0.000234 0.019643 0.000003
0.093798 0.705968 0.114949 0.064553 0.000235 0.020495 0.000002
0.092654 0.705545 0.115802 0.064886 0.000243 0.020868 0.000002
0.090304 0.705237 0.117070 0.065777 0.000235 0.021376 0.000002
0.092764 0.700278 0.118418 0.066413 0.000243 0.021883 0.000001
0.090277 0.700006 0.119717 0.067220 0.000259 0.022520 0.000002
0.090410 0.697238 0.121190 0.067871 0.000257 0.023033 0.000002
0.088723 0.695188 0.123087 0.069106 0.000271 0.023623 0.000001
0.087644 0.693486 0.124634 0.069758 0.000263 0.024213 0.000001
0.090302 0.690846 0.124531 0.069668 0.000280 0.024371 0.000002
0.087596 0.688584 0.126885 0.071290 0.000288 0.025356 0.000002
0.083165 0.691236 0.128041 0.071600 0.000289 0.025668 0.000001
0.079673 0.690348 0.130214 0.072946 0.000277 0.026540 0.000001
0.082016 0.688581 0.129659 0.072832 0.000289 0.026621 0.000002
0.079066 0.686424 0.132481 0.074138 0.000313 0.027576 0.000002
0.075936 0.687586 0.133327 0.074787 0.000322 0.028040 0.000002
0.071255 0.686243 0.136400 0.076552 0.000324 0.029224 0.000002
0.065989 0.689177 0.137633 0.077292 0.000337 0.029570 0.000002
0.063648 0.687112 0.139944 0.078445 0.000339 0.030509 0.000003
0.062076 0.685220 0.141606 0.079390 0.000354 0.031351 0.000003
0.059912 0.686109 0.142056 0.079934 0.000369 0.031618 0.000002
0.055716 0.684724 0.145042 0.081375 0.000374 0.032766 0.000003
0.056523 0.683842 0.144950 0.081423 0.000376 0.032884 0.000002
0.052354 0.682743 0.147721 0.082795 0.000381 0.034004 0.000002
0.055588 0.677756 0.148371 0.083301 0.000401 0.034580 0.000003
0.050322 0.676120 0.151558 0.085491 0.000428 0.036078 0.000002
0.053784 0.675729 0.149973 0.084432 0.000405 0.035674 0.000002
0.051040 0.671978 0.153349 0.086260 0.000446 0.036924 0.000004
0.048062 0.671875 0.154790 0.087089 0.000445 0.037736 0.000003
0.050005 0.669592 0.154723 0.087091 0.000448 0.038138 0.000002
0.047607 0.666124 0.157688 0.088650 0.000448 0.039480 0.000003
0.048252 0.664709 0.157973 0.088893 0.000448 0.039723 0.000003
0.047819 0.662504 0.159254 0.089513 0.000471 0.040436 0.000002
0.047661 0.659914 0.160632 0.090230 0.000474 0.041086 0.000003
0.051025 0.655000 0.161046 0.090669 0.000474 0.041784 0.000002
0.049261 0.652093 0.163271 0.091914 0.000493 0.042966 0.000002
0.050768 0.649287 0.163846 0.092296 0.000489 0.043313 0.000002
0.050461 0.648218 0.164425 0.092579 0.000494 0.043819 0.000003
0.049812 0.644470 0.166331 0.093787 0.000505 0.045092 0.000002
0.052204 0.642322 0.165964 0.093875 0.000521 0.045113 0.000003
0.055939 0.637297 0.166502 0.094068 0.000523 0.045667 0.000003
0.050946 0.637355 0.168981 0.095323 0.000542 0.046849 0.000004
0.053236 0.633391 0.169830 0.095678 0.000543 0.047318 0.000004
0.057943 0.629923 0.168914 0.095340 0.000557 0.047322 0.000002
0.054927 0.628489 0.171309 0.096378 0.000550 0.048344 0.000003
0.053695 0.626085 0.172646 0.097365 0.000552 0.049654 0.000003
0.049756 0.628904 0.173252 0.097725 0.000566 0.049795 0.000003
0.049951 0.626136 0.174323 0.098378 0.000563 0.050646 0.000004
0.050539 0.623547 0.175213 0.098933 0.000569 0.051196 0.000003
0.047800 0.623253 0.176822 0.099582 0.000590 0.051948 0.000004
0.050622 0.619520 0.176748 0.099849 0.000575 0.052681 0.000004
0.046202 0.620213 0.178724 0.100617 0.000586 0.053655 0.000004
0.047089 0.617434 0.179372 0.101213 0.000606 0.054282 0.000003
0.039508 0.618512 0.182423 0.103038 0.000601 0.055916 0.000003
0.041742 0.616922 0.181747 0.102899 0.000627 0.056059 0.000004
0.038638 0.615363 0.184176 0.104027 0.000639 0.057154 0.000003
0.037656 0.613304 0.185461 0.104741 0.000647 0.058187 0.000005
0.043336 0.610088 0.183880 0.104043 0.000641 0.058010 0.000003
0.041347 0.609899 0.184679 0.104608 0.000669 0.058794 0.000004
0.042938 0.604689 0.186363 0.105402 0.000678 0.059926 0.000004
0.040598 0.604448 0.187380 0.105962 0.000688 0.060920 0.000004
0.038111 0.601897 0.189542 0.107411 0.000713 0.062321 0.000004
0.037774 0.599788 0.190959 0.107666 0.000728 0.063079 0.000006
0.037931 0.598320 0.191198 0.108282 0.000715 0.063549 0.000005
0.039936 0.595829 0.191204 0.108190 0.000747 0.064092 0.000004
0.036721 0.593368 0.193977 0.109687 0.000757 0.065486 0.000004
0.036406 0.592103 0.194194 0.110033 0.000774 0.066486 0.000005
0.037588 0.588554 0.195087 0.110410 0.000767 0.067590 0.000005
0.036231 0.588538 0.195727 0.110769 0.000765 0.067966 0.000004
0.039549 0.584091 0.195794 0.110989 0.000764 0.068808 0.000005
0.032515 0.585365 0.198845 0.112398 0.000785 0.070087 0.000005
0.033724 0.583008 0.198952 0.112573 0.000795 0.070942 0.000006
0.033389 0.581144 0.199499 0.113544 0.000790 0.071628 0.000006
0.030639 0.580588 0.201206 0.114142 0.000811 0.072608 0.000005
0.032200 0.578833 0.201114 0.114136 0.000819 0.072893 0.000004
0.029671 0.578242 0.202393 0.114781 0.000812 0.074095 0.000006
0.036932 0.570380 0.202519 0.114755 0.000831 0.074577 0.000006
0.036868 0.569496 0.202725 0.114858 0.000829 0.075218 0.000005
0.036549 0.568152 0.203435 0.115286 0.000852 0.075721 0.000005
0.037533 0.564565 0.204202 0.116032 0.000858 0.076804 0.000005
0.038679 0.561136 0.205052 0.116499 0.000863 0.077765 0.000006
0.034432 0.563245 0.205826 0.116994 0.000880 0.078617 0.000005
0.039410 0.558647 0.205399 0.116679 0.000890 0.078970 0.000005
0.032534 0.558667 0.208646 0.118403 0.000886 0.080859 0.000005
0.032737 0.557141 0.208944 0.118675 0.000922 0.081577 0.000004
0.034382 0.554499 0.209137 0.118625 0.000935 0.082418 0.000004
0.030696 0.553266 0.211341 0.119944 0.000913 0.083836 0.000005
0.032626 0.551924 0.211011 0.119589 0.000939 0.083905 0.000005
0.033232 0.548586 0.211777 0.120229 0.000945 0.085225 0.000006
0.031130 0.549979 0.212001 0.120327 0.000953 0.085604 0.000006
0.027165 0.545724 0.215593 0.122220 0.001003 0.088289 0.000006
0.027041 0.544726 0.215707 0.122542 0.000981 0.088997 0.000006
0.027411 0.544216 0.215774 0.122398 0.001005 0.089193 0.000004
0.034416 0.540018 0.213944 0.121635 0.000998 0.088982 0.000008
0.033470 0.536541 0.215893 0.122626 0.001023 0.090441 0.000006
0.031176 0.536310 0.216758 0.123229 0.001042 0.091477 0.000007
0.031772 0.532222 0.218000 0.123950 0.001047 0.093001 0.000008
0.031892 0.531369 0.218384 0.123888 0.001066 0.093394 0.000007
0.034854 0.527911 0.218266 0.123921 0.001078 0.093963 0.000007
0.030599 0.527529 0.220202 0.125248 0.001087 0.095328 0.000007
0.030093 0.526773 0.220697 0.125201 0.001112 0.096115 0.000008
0.031123 0.524058 0.221072 0.125503 0.001120 0.097116 0.000008
0.033003 0.521952 0.220945 0.125392 0.001117 0.097583 0.000008
0.031138 0.522431 0.221263 0.125721 0.001111 0.098328 0.000008
0.027640 0.521123 0.223417 0.126688 0.001160 0.099967 0.000006
0.027637 0.519204 0.223807 0.127373 0.001147 0.100824 0.000008
0.028259 0.516756 0.224379 0.127288 0.001175 0.102133 0.000010
0.027725 0.515076 0.225201 0.127730 0.001177 0.103084 0.000008
0.024296 0.513981 0.227152 0.129010 0.001185 0.104367 0.000010
0.027009 0.511939 0.226363 0.128669 0.001197 0.104813 0.000010
0.024245 0.511549 0.227920 0.129231 0.001219 0.105828 0.000008
0.027249 0.511355 0.226191 0.128299 0.001186 0.105713 0.000008
0.023067 0.508524 0.229061 0.130090 0.001251 0.107998 0.000008
0.022596 0.507008 0.229759 0.130231 0.001217 0.109179 0.000011
0.021024 0.503737 0.231816 0.131613 0.001254 0.110544 0.000012
0.021359 0.502985 0.231590 0.131413 0.001271 0.111375 0.000007
0.020105 0.500457 0.232949 0.132288 0.001275 0.112914 0.000012
0.019339 0.501872 0.232630 0.132005 0.001283 0.112860 0.000010
0.018914 0.498550 0.234201 0.132874 0.001319 0.114133 0.000010
0.018339 0.495631 0.235524 0.133492 0.001341 0.115664 0.000008
0.017757 0.493551 0.236114 0.134163 0.001328 0.117077 0.000011
0.017530 0.492437 0.236298 0.134289 0.001369 0.118067 0.000009
0.017835 0.489513 0.237518 0.134538 0.001358 0.119228 0.000011
0.017332 0.489200 0.237505 0.134993 0.001395 0.119566 0.000009
0.017642 0.487294 0.237984 0.134903 0.001395 0.120772 0.000010
0.016440 0.485040 0.238847 0.135886 0.001391 0.122387 0.000009
0.016815 0.482651 0.239860 0.135928 0.001421 0.123316 0.000009
0.016546 0.482674 0.239738 0.135928 0.001440 0.123660 0.000013
0.016171 0.480604 0.240388 0.136337 0.001419 0.125070 0.000010
0.016348 0.478344 0.241006 0.136737 0.001433 0.126122 0.000010
0.015750 0.477651 0.241355 0.137022 0.001478 0.126733 0.000011
0.015319 0.474841 0.242621 0.137531 0.001519 0.128157 0.000012
0.015532 0.471545 0.243407 0.137946 0.001508 0.130053 0.000010
0.015501 0.471752 0.243150 0.138204 0.001499 0.129883 0.000012
0.014819 0.468352 0.244789 0.138617 0.001533 0.131877 0.000014
0.015011 0.467560 0.244587 0.138791 0.001549 0.132487 0.000015
0.014609 0.464937 0.245812 0.139328 0.001540 0.133761 0.000014
0.014579 0.463476 0.245996 0.139766 0.001547 0.134624 0.000013
0.014706 0.461637 0.246229 0.139838 0.001574 0.136002 0.000015
0.014580 0.462159 0.246017 0.140014 0.001564 0.135650 0.000016
0.014435 0.458493 0.246995 0.140341 0.001612 0.138110 0.000015
0.014508 0.457760 0.247106 0.140483 0.001565 0.138565 0.000014
0.014279 0.454805 0.247815 0.141146 0.001602 0.140341 0.000012
0.014139 0.451963 0.249066 0.141291 0.001625 0.141903 0.000015
0.014086 0.452792 0.248608 0.141189 0.001661 0.141648 0.000016
0.014200 0.449228 0.249692 0.141809 0.001626 0.143428 0.000018
0.014012 0.448648 0.249922 0.141673 0.001670 0.144058 0.000016
0.013735 0.445753 0.250419 0.142328 0.001686 0.146064 0.000015
0.013857 0.445798 0.250424 0.141955 0.001676 0.146273 0.000017
0.013928 0.443676 0.250696 0.142658 0.001684 0.147342 0.000015
0.013658 0.442177 0.251201 0.142691 0.001675 0.148581 0.000017
0.013609 0.440079 0.252023 0.142990 0.001710 0.149572 0.000018
0.013756 0.439171 0.251730 0.142950 0.001693 0.150684 0.000016
0.013656 0.437754 0.252282 0.143145 0.001738 0.151409 0.000016
0.013571 0.434371 0.252829 0.143893 0.001738 0.153579 0.000020
0.013525 0.433640 0.253217 0.144009 0.001726 0.153868 0.000015
0.013656 0.432891 0.253173 0.143754 0.001733 0.154776 0.000017
0.013418 0.430128 0.254175 0.144505 0.001781 0.155974 0.000019
0.013445 0.430614 0.254038 0.144193 0.001768 0.155923 0.000019
0.013527 0.427537 0.254594 0.144423 0.001804 0.158094 0.000022
0.013421 0.426368 0.254701 0.144654 0.001824 0.159009 0.000023
0.013106 0.423697 0.255954 0.145080 0.001831 0.160313 0.000019
0.013260 0.422712 0.255969 0.145208 0.001833 0.160993 0.000024
0.013160 0.420743 0.256297 0.145525 0.001824 0.162428 0.000024
0.013149 0.419058 0.256769 0.145608 0.001853 0.163541 0.000022
0.013283 0.417125 0.257017 0.145840 0.001843 0.164874 0.000019
0.013271 0.417684 0.257046 0.145643 0.001845 0.164488 0.000023
0.013090 0.414607 0.257573 0.145982 0.001872 0.166854 0.000023
0.013014 0.413497 0.258027 0.146224 0.001876 0.167339 0.000022
0.013186 0.412419 0.258164 0.146433 0.001886 0.167890 0.000023
0.013211 0.411328 0.258109 0.146438 0.001874 0.169015 0.000025
0.012909 0.408265 0.258963 0.146905 0.001911 0.171027 0.000021
0.013079 0.408222 0.258411 0.146770 0.001912 0.171583 0.000024
0.013063 0.406149 0.258902 0.147137 0.001956 0.172771 0.000022
0.012951 0.404706 0.259325 0.147199 0.001924 0.173869 0.000025
0.012919 0.402008 0.260045 0.147579 0.001955 0.175470 0.000024
0.012926 0.400472 0.260584 0.147650 0.001953 0.176393 0.000021
0.013025 0.399277 0.260238 0.147919 0.001910 0.177610 0.000021
0.012941 0.396836 0.260946 0.147963 0.001988 0.179305 0.000021
0.012830 0.397144 0.260812 0.148041 0.001990 0.179160 0.000023
0.013010 0.394578 0.261192 0.148134 0.002008 0.181055 0.000023
0.012928 0.393581 0.261338 0.148636 0.001968 0.181525 0.000024
0.013152 0.393395 0.260895 0.148505 0.001993 0.182036 0.000024
0.012906 0.391897 0.261491 0.148500 0.001997 0.183184 0.000026
0.012928 0.390623 0.261301 0.148497 0.002038 0.184592 0.000021
0.012591 0.388410 0.262276 0.149052 0.002029 0.185620 0.000023
0.012896 0.386142 0.262599 0.149000 0.002044 0.187290 0.000030
0.012983 0.386470 0.262321 0.149081 0.002045 0.187076 0.000025
0.012824 0.383186 0.262741 0.149475 0.002079 0.189672 0.000024
0.012829 0.382495 0.262705 0.149489 0.002093 0.190358 0.000031
0.012694 0.380841 0.263185 0.149468 0.002127 0.191657 0.000028
0.012879 0.378393 0.263691 0.149747 0.002111 0.193152 0.000028
0.012616 0.377581 0.264152 0.149776 0.002135 0.193712 0.000028
0.012903 0.378054 0.263524 0.149484 0.002096 0.193909 0.000029
0.012799 0.376250 0.263760 0.149832 0.002150 0.195180 0.000029
0.012786 0.373829 0.264128 0.150234 0.002168 0.196830 0.000025
0.012806 0.373087 0.264275 0.149814 0.002147 0.197844 0.000027
0.012664 0.371056 0.265003 0.149969 0.002170 0.199111 0.000027
0.012816 0.371167 0.264254 0.150209 0.002157 0.199366 0.000031
0.012735 0.367859 0.265027 0.150611 0.002159 0.201579 0.000030
0.012690 0.368631 0.264819 0.150447 0.002216 0.201169 0.000027
0.012827 0.366779 0.264853 0.150708 0.002206 0.202598 0.000030
0.012511 0.364162 0.265626 0.150944 0.002222 0.204506 0.000031
0.012845 0.363882 0.265067 0.150800 0.002233 0.205141 0.000032
0.012639 0.362481 0.265407 0.150857 0.002228 0.206356 0.000032
0.012631 0.362159 0.265367 0.150542 0.002225 0.207039 0.000036
0.012906 0.360750 0.265468 0.150848 0.002258 0.207737 0.000033
0.012591 0.358272 0.265963 0.151167 0.002265 0.209707 0.000035
0.012484 0.356950 0.266256 0.151050 0.002280 0.210941 0.000039
0.012646 0.356635 0.266047 0.150987 0.002265 0.211387 0.000033
0.012590 0.353820 0.266799 0.151167 0.002318 0.213272 0.000034
0.012789 0.352655 0.266470 0.151513 0.002306 0.214233 0.000034
0.012667 0.351449 0.266552 0.151236 0.002301 0.215758 0.000036
0.012793 0.350810 0.266443 0.151420 0.002326 0.216172 0.000035
0.012549 0.350032 0.266870 0.151429 0.002352 0.216730 0.000039
0.012647 0.348650 0.266827 0.151376 0.002360 0.218103 0.000037
0.012859 0.346706 0.267053 0.151334 0.002402 0.219610 0.000035
0.012757 0.346605 0.266753 0.151554 0.002362 0.219934 0.000035
0.012642 0.344913 0.267277 0.151718 0.002383 0.221028 0.000039
0.012642 0.344136 0.267573 0.151600 0.002433 0.221582 0.000035
0.012631 0.340936 0.267600 0.151978 0.002421 0.224398 0.000036
0.012884 0.340204 0.267432 0.151903 0.002414 0.225126 0.000037
0.012739 0.339777 0.267720 0.151785 0.002425 0.225517 0.000037
0.012707 0.337366 0.268029 0.152000 0.002430 0.227429 0.000038
0.012663 0.338458 0.267479 0.151652 0.002420 0.227288 0.000039
0.012712 0.335224 0.267928 0.152060 0.002464 0.229569 0.000042
0.012718 0.334846 0.267843 0.152043 0.002471 0.230045 0.000035
0.012725 0.333371 0.267638 0.152198 0.002449 0.231579 0.000041
0.012685 0.331861 0.268471 0.151797 0.002501 0.232642 0.000044
0.012809 0.330352 0.268366 0.152250 0.002521 0.233664 0.000038
0.012797 0.329723 0.268208 0.152208 0.002536 0.234488 0.000040
0.012831 0.328946 0.268188 0.152261 0.002541 0.235192 0.000040
0.012802 0.327676 0.267952 0.152334 0.002542 0.236655 0.000039
0.012916 0.326750 0.268274 0.152477 0.002543 0.236995 0.000044
0.012805 0.324036 0.268544 0.152533 0.002530 0.239507 0.000045
0.012832 0.323896 0.268597 0.152406 0.002575 0.239647 0.000047
0.012647 0.321819 0.268764 0.152581 0.002609 0.241531 0.000048
0.012862 0.321473 0.268469 0.152394 0.002577 0.242186 0.000040
0.012879 0.318732 0.269151 0.152578 0.002626 0.243988 0.000045
0.012841 0.318506 0.268603 0.152748 0.002587 0.244676 0.000040
0.012766 0.317627 0.268804 0.152411 0.002571 0.245776 0.000045
0.012866 0.317414 0.268510 0.152194 0.002637 0.246333 0.000047
0.012856 0.314677 0.269188 0.152438 0.002663 0.248140 0.000039
0.012885 0.315543 0.268678 0.152166 0.002651 0.248035 0.000042
0.012810 0.313560 0.269015 0.152443 0.002657 0.249465 0.000050
0.012895 0.313233 0.268735 0.152409 0.002654 0.250026 0.000048
0.012928 0.311641 0.268881 0.152532 0.002700 0.251271 0.000047
0.012880 0.311440 0.268689 0.152597 0.002690 0.251662 0.000042
0.013035 0.308363 0.269174 0.152592 0.002731 0.254060 0.000045
0.012981 0.308231 0.269208 0.152374 0.002741 0.254417 0.000048
0.012942 0.305786 0.269066 0.152811 0.002719 0.256627 0.000049
0.013009 0.307197 0.268790 0.152536 0.002754 0.255669 0.000046
0.013005 0.304930 0.268599 0.152767 0.002744 0.257907 0.000048
0.012951 0.303870 0.268822 0.152953 0.002800 0.258558 0.000047
0.013046 0.303330 0.268607 0.152810 0.002751 0.259409 0.000047
0.013042 0.302407 0.268637 0.152752 0.002768 0.260348 0.000046
0.013069 0.299369 0.268935 0.152700 0.002775 0.263106 0.000047
0.013078 0.300411 0.268777 0.152360 0.002798 0.262524 0.000053
0.013172 0.298725 0.268573 0.152787 0.002790 0.263904 0.000048
0.013068 0.297532 0.268985 0.152601 0.002803 0.264963 0.000049
0.013208 0.295877 0.269027 0.152347 0.002841 0.266648 0.000051
0.013432 0.295549 0.268726 0.152327 0.002861 0.267058 0.000047
0.013173 0.293890 0.268873 0.152151 0.002893 0.268968 0.000052
0.013230 0.293726 0.268527 0.152403 0.002849 0.269216 0.000050
0.013198 0.293260 0.268247 0.152523 0.002882 0.269834 0.000055
0.013137 0.290928 0.268633 0.152386 0.002885 0.271976 0.000054
0.013316 0.290140 0.268627 0.152545 0.002945 0.272367 0.000058
0.013226 0.288486 0.268554 0.152490 0.002920 0.274271 0.000054
0.013114 0.288249 0.268261 0.152457 0.002943 0.274929 0.000047
0.013404 0.286946 0.268345 0.152760 0.003018 0.275474 0.000053
0.013252 0.285590 0.268436 0.152192 0.002964 0.277509 0.000057
0.013397 0.285706 0.268212 0.152463 0.002951 0.277218 0.000054
0.013409 0.284188 0.268259 0.152198 0.002961 0.278931 0.000054
0.013316 0.282826 0.268456 0.152303 0.002984 0.280052 0.000062
0.013305 0.281623 0.268072 0.152187 0.002991 0.281766 0.000055
0.013224 0.281299 0.268311 0.152216 0.003020 0.281872 0.000058
0.013262 0.279974 0.267916 0.152346 0.002980 0.283464 0.000057
0.013542 0.279352 0.267952 0.152079 0.003026 0.283989 0.000059
0.013514 0.278759 0.267898 0.152090 0.003047 0.284631 0.000060
0.013448 0.277981 0.267602 0.151920 0.003024 0.285964 0.000061
0.013378 0.276417 0.268005 0.152227 0.003052 0.286860 0.000061
0.013528 0.275297 0.267882 0.152124 0.003052 0.288056 0.000062
0.013676 0.273702 0.267467 0.152072 0.003032 0.289989 0.000062
0.013451 0.273375 0.267888 0.151818 0.003077 0.290328 0.000064
0.013596 0.273281 0.267590 0.152195 0.003076 0.290204 0.000058
0.013636 0.272906 0.267327 0.151855 0.003080 0.291139 0.000057
0.013540 0.271191 0.267238 0.151899 0.003086 0.292987 0.000060
0.013649 0.270189 0.267049 0.151997 0.003115 0.293940 0.000061
0.013551 0.268876 0.267092 0.151825 0.003121 0.295474 0.000061
0.013530 0.268660 0.267088 0.152188 0.003104 0.295366 0.000064
0.013458 0.267208 0.266747 0.151931 0.003145 0.297446 0.000065
0.013530 0.265818 0.267039 0.151546 0.003148 0.298851 0.000069
0.013598 0.265614 0.266422 0.151559 0.003120 0.299625 0.000064
0.013562 0.264285 0.266876 0.151316 0.003137 0.300757 0.000067
0.013651 0.263617 0.266513 0.151614 0.003181 0.301360 0.000065
0.013613 0.262103 0.266715 0.151596 0.003199 0.302712 0.000061
0.013653 0.262606 0.266289 0.151351 0.003178 0.302852 0.000071
0.013786 0.260261 0.266001 0.151184 0.003206 0.305489 0.000072
0.013869 0.259576 0.265961 0.151448 0.003239 0.305834 0.000073
0.013834 0.259216 0.266074 0.150972 0.003193 0.306646 0.000066
0.013820 0.257918 0.266111 0.151172 0.003227 0.307685 0.000069
0.013591 0.258137 0.265781 0.151104 0.003226 0.308093 0.000067
0.013782 0.256526 0.265724 0.150819 0.003235 0.309844 0.000070
0.013766 0.256537 0.265876 0.150851 0.003241 0.309657 0.000072
0.013591 0.256133 0.265647 0.150667 0.003226 0.310662 0.000074
0.013785 0.253937 0.265303 0.150913 0.003271 0.312725 0.000066
0.013798 0.254185 0.264940 0.150762 0.003273 0.312974 0.000068
0.013853 0.251505 0.265191 0.150432 0.003242 0.315703 0.000073
0.014024 0.250861 0.264923 0.150499 0.003306 0.316313 0.000074
0.014009 0.250465 0.264780 0.150398 0.003304 0.316976 0.000068
0.014200 0.248907 0.264988 0.150171 0.003317 0.318346 0.000071
0.013919 0.248623 0.265006 0.150274 0.003350 0.318759 0.000069
0.014023 0.248265 0.264545 0.150101 0.003355 0.319638 0.000073
0.013961 0.247601 0.264192 0.150034 0.003329 0.320809 0.000073
0.014089 0.245848 0.264040 0.149862 0.003357 0.322730 0.000073
0.014181 0.244741 0.264088 0.149878 0.003327 0.323707 0.000078
0.013930 0.244508 0.263739 0.149862 0.003352 0.324525 0.000084
0.014172 0.243051 0.263718 0.149684 0.003384 0.325911 0.000080
0.014126 0.242178 0.263494 0.149482 0.003446 0.327198 0.000075
0.014131 0.242603 0.263620 0.149501 0.003408 0.326656 0.000082
0.014360 0.240932 0.263283 0.149536 0.003438 0.328368 0.000082
0.014216 0.241094 0.263327 0.149221 0.003469 0.328591 0.000082
0.014270 0.238550 0.263117 0.149485 0.003470 0.331023 0.000085
0.014224 0.238958 0.263250 0.149211 0.003407 0.330861 0.000088
0.014254 0.237864 0.262404 0.149280 0.003460 0.332657 0.000081
0.014411 0.236801 0.262386 0.148990 0.003456 0.333871 0.000085
0.014305 0.236807 0.262348 0.149033 0.003437 0.333980 0.000090
0.014485 0.235747 0.262186 0.148971 0.003489 0.335038 0.000084
0.014376 0.235792 0.262348 0.148872 0.003505 0.335029 0.000077
0.014510 0.233413 0.262159 0.148439 0.003513 0.337875 0.000092
0.014469 0.233440 0.261997 0.148670 0.003473 0.337867 0.000086
0.014583 0.231190 0.261592 0.148510 0.003546 0.340484 0.000095
0.014526 0.232060 0.261792 0.148815 0.003526 0.339192 0.000089
0.014576 0.231896 0.261531 0.148145 0.003546 0.340215 0.000091
0.014721 0.231351 0.261404 0.148328 0.003514 0.340591 0.000090
0.014593 0.230425 0.261249 0.148094 0.003597 0.341953 0.000089
0.014601 0.229381 0.261152 0.148050 0.003562 0.343162 0.000092
0.014437 0.229032 0.261115 0.148011 0.003534 0.343778 0.000093
0.014669 0.227318 0.260964 0.147604 0.003617 0.345736 0.000093
0.014750 0.227339 0.260430 0.147727 0.003600 0.346058 0.000096
0.014871 0.226514 0.260372 0.147732 0.003586 0.346840 0.000084
0.014713 0.224562 0.260355 0.147492 0.003592 0.349191 0.000096
0.014908 0.224180 0.259869 0.147410 0.003632 0.349910 0.000091
0.014773 0.223726 0.259865 0.147036 0.003612 0.350896 0.000091
0.014837 0.223163 0.259480 0.147258 0.003649 0.351525 0.000088
0.014824 0.221880 0.259431 0.146827 0.003675 0.353265 0.000099
0.014845 0.221187 0.259521 0.146745 0.003657 0.353954 0.000091
0.014794 0.221144 0.259232 0.146689 0.003654 0.354396 0.000091
0.015029 0.218784 0.258402 0.146768 0.003713 0.357212 0.000091
0.014921 0.219492 0.259174 0.146402 0.003672 0.356246 0.000092
0.015113 0.218135 0.258368 0.146474 0.003666 0.358145 0.000098
0.014985 0.218422 0.258501 0.146401 0.003685 0.357913 0.000094
0.015084 0.217327 0.257931 0.146421 0.003703 0.359444 0.000090
0.015280 0.215451 0.257717 0.145882 0.003694 0.361875 0.000100
0.015061 0.215324 0.257833 0.145762 0.003716 0.362207 0.000097
0.015111 0.214255 0.257377 0.145643 0.003710 0.363808 0.000095
0.015324 0.214957 0.257012 0.145623 0.003736 0.363251 0.000098
0.015152 0.214934 0.257305 0.145445 0.003784 0.363279 0.000100
0.015126 0.212949 0.256926 0.145427 0.003695 0.365769 0.000107
0.015140 0.212882 0.256669 0.145345 0.003732 0.366125 0.000107
0.015188 0.212345 0.256697 0.144906 0.003742 0.367015 0.000106
0.015369 0.211100 0.256019 0.144996 0.003762 0.368641 0.000112
0.015413 0.210053 0.255989 0.144792 0.003786 0.369863 0.000104
0.015445 0.209799 0.255694 0.144706 0.003749 0.370501 0.000105
0.015637 0.209001 0.255584 0.144551 0.003814 0.371300 0.000113
0.015395 0.208278 0.255299 0.144638 0.003802 0.372477 0.000110
0.015379 0.208653 0.255401 0.144355 0.003831 0.372277 0.000105
0.015384 0.206973 0.254731 0.144276 0.003863 0.374661 0.000111
0.015442 0.207450 0.254756 0.144272 0.003820 0.374155 0.000106
0.015705 0.205918 0.254682 0.144008 0.003834 0.375746 0.000109
0.015423 0.205240 0.254111 0.144148 0.003830 0.377144 0.000104
0.015810 0.203860 0.253973 0.143752 0.003865 0.378624 0.000116
0.015593 0.203539 0.253963 0.143689 0.003906 0.379202 0.000109
0.015766 0.203736 0.253894 0.143506 0.003880 0.379104 0.000114
0.015734 0.203179 0.253523 0.143430 0.003892 0.380140 0.000102
0.015808 0.202243 0.253249 0.143350 0.003868 0.381374 0.000109
0.015704 0.201527 0.252770 0.143238 0.003932 0.382716 0.000113
0.015849 0.200761 0.252859 0.143106 0.003906 0.383413 0.000106
0.016078 0.199842 0.252403 0.142986 0.003918 0.384667 0.000106
0.016052 0.199380 0.252119 0.142899 0.003888 0.385556 0.000106
0.015762 0.198101 0.252207 0.142928 0.003938 0.386948 0.000117
0.016177 0.197327 0.252195 0.142921 0.003958 0.387313 0.000109
0.015849 0.197397 0.251685 0.142226 0.003948 0.388787 0.000107
0.016219 0.197249 0.251436 0.142385 0.003974 0.388628 0.000109
0.016055 0.196915 0.251048 0.142444 0.003929 0.389495 0.000113
0.016177 0.195348 0.250912 0.141961 0.003969 0.391520 0.000113
0.016103 0.195980 0.251168 0.142119 0.003992 0.390522 0.000116
0.016419 0.194799 0.250359 0.141836 0.004027 0.392444 0.000115
0.016229 0.194242 0.250494 0.141794 0.004029 0.393098 0.000114
0.016185 0.193330 0.249963 0.141414 0.003977 0.395012 0.000118
0.016279 0.192248 0.249500 0.141377 0.004033 0.396450 0.000114
0.016439 0.191989 0.249318 0.141301 0.003999 0.396833 0.000121
0.016363 0.191256 0.249292 0.140959 0.004023 0.397992 0.000114
0.016677 0.190856 0.248982 0.141125 0.004030 0.398204 0.000126
0.016487 0.191239 0.248967 0.141103 0.004039 0.398043 0.000121
0.016294 0.190025 0.248539 0.140600 0.004108 0.400311 0.000122
0.016606 0.189669 0.248196 0.140663 0.004071 0.400670 0.000125
0.016323 0.188910 0.248095 0.140321 0.004069 0.402154 0.000127
0.016547 0.188780 0.247587 0.140528 0.004047 0.402383 0.000127
0.016668 0.188607 0.247538 0.140539 0.004090 0.402432 0.000126
0.016495 0.187560 0.247551 0.140112 0.004051 0.404112 0.000119
0.016525 0.186784 0.246876 0.140031 0.004133 0.405525 0.000125
0.016727 0.185746 0.246932 0.139862 0.004080 0.406521 0.000131
0.016698 0.186063 0.246606 0.139575 0.004093 0.406842 0.000122
0.016582 0.185774 0.246259 0.140036 0.004088 0.407142 0.000120
0.016653 0.185295 0.246080 0.139745 0.004089 0.408008 0.000130
0.016801 0.183580 0.245807 0.139008 0.004076 0.410596 0.000131
0.016804 0.183740 0.245589 0.139346 0.004093 0.410301 0.000127
0.017026 0.182619 0.244841 0.139230 0.004109 0.412047 0.000127
0.016996 0.182176 0.244608 0.138867 0.004088 0.413132 0.000132
0.016777 0.181756 0.244290 0.139017 0.004163 0.413875 0.000122
0.016978 0.182088 0.244502 0.138778 0.004136 0.413377 0.000142
0.016997 0.180356 0.243770 0.138464 0.004134 0.416150 0.000129
0.017000 0.180147 0.244085 0.138291 0.004187 0.416148 0.000143
0.017085 0.179726 0.243424 0.138383 0.004185 0.417059 0.000138
0.017197 0.179562 0.243109 0.137916 0.004171 0.417911 0.000133
0.017113 0.178381 0.242951 0.137941 0.004139 0.419343 0.000133
0.017474 0.177644 0.242711 0.137520 0.004135 0.420383 0.000133
0.017182 0.176865 0.242472 0.137329 0.004176 0.421843 0.000133
0.017290 0.176813 0.242409 0.137331 0.004184 0.421833 0.000142
0.017471 0.176691 0.242168 0.137402 0.004144 0.421984 0.000140
0.017432 0.176449 0.242009 0.137354 0.004177 0.422436 0.000144
0.017582 0.175627 0.241620 0.136853 0.004212 0.423974 0.000132
0.017584 0.175621 0.241381 0.137302 0.004199 0.423778 0.000135
0.017610 0.174535 0.241158 0.136502 0.004187 0.425869 0.000138
0.017704 0.174028 0.240920 0.136830 0.004215 0.426169 0.000134
0.017567 0.173947 0.240662 0.136323 0.004216 0.427155 0.000130
0.017628 0.172776 0.239906 0.136261 0.004272 0.429021 0.000136
0.017821 0.172798 0.240161 0.136388 0.004242 0.428448 0.000143
0.017644 0.172692 0.240229 0.136035 0.004239 0.429028 0.000134
0.017723 0.171968 0.239883 0.135842 0.004220 0.430229 0.000135
0.017849 0.170901 0.238997 0.135767 0.004300 0.432046 0.000141
0.018013 0.169889 0.238525 0.135536 0.004318 0.433576 0.000142
0.017684 0.169469 0.238703 0.135690 0.004267 0.434043 0.000143
0.017986 0.170005 0.238431 0.135410 0.004294 0.433737 0.000136
0.017814 0.169177 0.238176 0.135080 0.004248 0.435364 0.000142
0.017825 0.168494 0.237916 0.135141 0.004355 0.436131 0.000138
0.018337 0.167521 0.237445 0.134787 0.004269 0.437508 0.000133
0.018161 0.167826 0.237389 0.134898 0.004251 0.437336 0.000139
0.018242 0.168280 0.237252 0.134926 0.004305 0.436864 0.000131
0.018272 0.166830 0.236481 0.134622 0.004353 0.439303 0.000139
0.017961 0.166266 0.237095 0.134848 0.004299 0.439381 0.000149
0.018236 0.165374 0.236243 0.134133 0.004332 0.441538 0.000145
0.018329 0.164933 0.235693 0.133898 0.004350 0.442650 0.000147
0.018253 0.165400 0.235997 0.134097 0.004337 0.441765 0.000151
0.018324 0.164257 0.235455 0.134035 0.004363 0.443427 0.000139
0.018345 0.164399 0.235111 0.133805 0.004346 0.443842 0.000152
0.018262 0.163110 0.234845 0.133355 0.004342 0.445936 0.000151
0.018467 0.163429 0.234352 0.133622 0.004349 0.445633 0.000149
0.018402 0.163295 0.234632 0.133500 0.004345 0.445668 0.000158
0.018643 0.162358 0.234425 0.133050 0.004328 0.447053 0.000143
0.018626 0.161449 0.234110 0.133055 0.004396 0.448211 0.000151
0.018589 0.161421 0.233813 0.132897 0.004392 0.448738 0.000151
0.018622 0.159998 0.233425 0.132421 0.004351 0.451038 0.000144
0.018629 0.161014 0.233309 0.132472 0.004352 0.450084 0.000142
0.018812 0.159759 0.232969 0.132402 0.004351 0.451561 0.000147
0.018649 0.159111 0.232486 0.132222 0.004435 0.452941 0.000155
0.019011 0.159181 0.232293 0.132140 0.004390 0.452833 0.000151
0.018608 0.158856 0.232371 0.131885 0.004382 0.453751 0.000146
0.018929 0.158173 0.231805 0.131454 0.004395 0.455103 0.000142
0.018979 0.158387 0.231856 0.131337 0.004390 0.454900 0.000151
0.018998 0.157675 0.231342 0.131375 0.004458 0.456003 0.000148
0.018635 0.157162 0.231015 0.131020 0.004469 0.457536 0.000163
0.019143 0.156380 0.230442 0.131130 0.004452 0.458295 0.000157
0.019037 0.155987 0.230519 0.130721 0.004418 0.459167 0.000152
0.019018 0.155950 0.229878 0.130741 0.004514 0.459739 0.000160
0.018978 0.155152 0.229792 0.130561 0.004465 0.460889 0.000163
0.019323 0.154746 0.230039 0.130423 0.004406 0.460898 0.000165
0.019140 0.154196 0.229488 0.130297 0.004447 0.462277 0.000157
0.018916 0.154058 0.229148 0.129997 0.004514 0.463208 0.000159
0.019221 0.153561 0.229050 0.129974 0.004481 0.463537 0.000175
0.019286 0.153508 0.228970 0.129575 0.004474 0.464027 0.000159
0.019576 0.152921 0.228369 0.129600 0.004470 0.464898 0.000165
0.019519 0.152220 0.228011 0.129470 0.004496 0.466112 0.000172
0.019534 0.151963 0.227982 0.129224 0.004498 0.466643 0.000156
0.019747 0.151675 0.228050 0.129051 0.004524 0.466777 0.000176
0.019424 0.151184 0.227593 0.128746 0.004516 0.468374 0.000164
0.019492 0.151220 0.227579 0.129266 0.004463 0.467817 0.000162
0.019774 0.149674 0.226448 0.128508 0.004545 0.470889 0.000162
0.019427 0.149862 0.226738 0.128624 0.004531 0.470649 0.000168
0.019715 0.150046 0.226105 0.128584 0.004496 0.470880 0.000173
0.019793 0.148811 0.225629 0.128222 0.004523 0.472845 0.000176
0.019986 0.148655 0.225631 0.128304 0.004557 0.472695 0.000172
0.019743 0.148589 0.225532 0.128020 0.004594 0.473351 0.000171
0.019742 0.147652 0.224897 0.127380 0.004586 0.475567 0.000177
0.020461 0.147540 0.224479 0.127614 0.004542 0.475185 0.000178
0.019817 0.147161 0.225019 0.127396 0.004487 0.475943 0.000177
0.019965 0.146848 0.224097 0.127397 0.004566 0.476947 0.000180
0.019975 0.146648 0.224184 0.127109 0.004601 0.477298 0.000185
0.020135 0.146164 0.224060 0.127064 0.004602 0.477796 0.000179
0.020022 0.146576 0.223855 0.126981 0.004605 0.477788 0.000174
0.020286 0.145663 0.223729 0.126523 0.004588 0.479026 0.000185
0.020239 0.144684 0.222563 0.126465 0.004588 0.481281 0.000180
0.020310 0.145420 0.223167 0.126265 0.004582 0.480075 0.000183
0.020310 0.144323 0.222645 0.126209 0.004554 0.481787 0.000172
0.020588 0.144245 0.222345 0.125888 0.004619 0.482123 0.000192
0.020433 0.143575 0.221889 0.125941 0.004630 0.483354 0.000179
0.020535 0.143235 0.221742 0.125656 0.004645 0.484001 0.000186
0.020548 0.143316 0.221382 0.125453 0.004623 0.484492 0.000186
0.020477 0.143036 0.221584 0.125576 0.004630 0.484508 0.000189
0.020382 0.141832 0.220664 0.125016 0.004633 0.487278 0.000195
0.020717 0.141958 0.220899 0.125250 0.004647 0.486343 0.000187
0.020524 0.141399 0.220242 0.124838 0.004593 0.488217 0.000187
0.020637 0.141293 0.220564 0.124639 0.004621 0.488052 0.000194
