0.999107 0.000869 0.000015 0.000009 0.000000 0.000000 0.000000
0.998678 0.001286 0.000020 0.000001 0.000000 0.000014 0.000000
0.998238 0.001714 0.000030 0.000004 0.000000 0.000014 0.000000
0.997794 0.002147 0.000036 0.000008 0.000000 0.000015 0.000000
0.997339 0.002595 0.000040 0.000011 0.000000 0.000016 0.000000
0.996853 0.003074 0.000045 0.000013 0.000000 0.000015 0.000000
0.996363 0.003550 0.000057 0.000015 0.000000 0.000015 0.000000
0.995751 0.004154 0.000062 0.000018 0.000000 0.000015 0.000000
0.995185 0.004695 0.000069 0.000036 0.000000 0.000016 0.000000
0.994135 0.005746 0.000068 0.000037 0.000000 0.000014 0.000000
0.993324 0.006542 0.000077 0.000044 0.000000 0.000013 0.000000
0.991927 0.007907 0.000100 0.000053 0.000000 0.000012 0.000000
0.990610 0.009213 0.000110 0.000056 0.000000 0.000011 0.000000
0.988576 0.011210 0.000126 0.000078 0.000000 0.000010 0.000000
0.986418 0.013301 0.000167 0.000105 0.000000 0.000009 0.000000
0.983829 0.015829 0.000206 0.000129 0.000000 0.000008 0.000000
0.980640 0.018967 0.000226 0.000156 0.000000 0.000011 0.000000
0.977057 0.022486 0.000272 0.000170 0.000000 0.000015 0.000000
0.972699 0.026765 0.000326 0.000194 0.000000 0.000017 0.000000
0.967658 0.031715 0.000376 0.000231 0.000000 0.000020 0.000000
0.961332 0.037889 0.000483 0.000279 0.000000 0.000017 0.000000
0.956341 0.042763 0.000580 0.000298 0.000000 0.000018 0.000000
0.948104 0.050819 0.000679 0.000379 0.000000 0.000019 0.000000
0.939665 0.059023 0.000827 0.000460 0.000000 0.000025 0.000000
0.931150 0.067355 0.000952 0.000514 0.000000 0.000029 0.000000
0.921317 0.076883 0.001136 0.000633 0.000000 0.000030 0.000000
0.910146 0.087742 0.001351 0.000725 0.000000 0.000036 0.000000
0.898961 0.098565 0.001596 0.000837 0.000000 0.000042 0.000000
0.887647 0.109517 0.001796 0.000992 0.000000 0.000046 0.000000
0.875841 0.120981 0.002035 0.001088 0.000000 0.000056 0.000000
0.861300 0.135086 0.002316 0.001243 0.000001 0.000054 0.000000
0.848420 0.147569 0.002513 0.001435 0.000003 0.000060 0.000000
0.832447 0.163043 0.002802 0.001635 0.000002 0.000071 0.000000
0.819102 0.175899 0.003131 0.001775 0.000002 0.000091 0.000000
0.802104 0.192243 0.003535 0.002016 0.000003 0.000099 0.000000
0.786535 0.207214 0.003889 0.002246 0.000002 0.000114 0.000000
0.771896 0.221301 0.004204 0.002474 0.000002 0.000123 0.000000
0.756738 0.235852 0.004573 0.002706 0.000002 0.000128 0.000000
0.740062 0.251828 0.005011 0.002952 0.000002 0.000145 0.000000
0.724961 0.266274 0.005423 0.003182 0.000002 0.000158 0.000000
0.711029 0.279495 0.005904 0.003392 0.000002 0.000178 0.000000
0.691364 0.298200 0.006493 0.003742 0.000001 0.000199 0.000000
0.677327 0.311444 0.006963 0.004042 0.000002 0.000221 0.000000
0.661591 0.326227 0.007533 0.004390 0.000003 0.000255 0.000000
0.649212 0.337839 0.008042 0.004627 0.000004 0.000276 0.000000
0.635824 0.350321 0.008625 0.004932 0.000003 0.000294 0.000000
0.620541 0.364616 0.009238 0.005282 0.000004 0.000319 0.000000
0.608764 0.375509 0.009808 0.005568 0.000005 0.000345 0.000000
0.597668 0.385696 0.010345 0.005903 0.000007 0.000380 0.000000
0.586976 0.395532 0.010878 0.006218 0.000006 0.000390 0.000000
0.572757 0.408567 0.011625 0.006602 0.000007 0.000442 0.000000
0.562673 0.417652 0.012241 0.006948 0.000007 0.000477 0.000000
0.546845 0.432134 0.013092 0.007390 0.000007 0.000532 0.000000
0.540043 0.438161 0.013568 0.007670 0.000006 0.000551 0.000000
0.528099 0.448883 0.014305 0.008112 0.000009 0.000591 0.000000
0.519064 0.457009 0.014894 0.008402 0.000010 0.000621 0.000000
0.512205 0.462845 0.015509 0.008765 0.000010 0.000665 0.000000
0.498367 0.475264 0.016393 0.009244 0.000009 0.000722 0.000000
0.491640 0.481098 0.016937 0.009544 0.000010 0.000772 0.000000
0.483762 0.487834 0.017676 0.009903 0.000011 0.000813 0.000000
0.474040 0.496401 0.018348 0.010323 0.000012 0.000876 0.000000
0.461991 0.506891 0.019240 0.010916 0.000011 0.000950 0.000000
0.454500 0.513366 0.019910 0.011211 0.000012 0.001001 0.000000
0.439790 0.526152 0.021081 0.011869 0.000013 0.001095 0.000000
0.438131 0.527155 0.021455 0.012100 0.000014 0.001144 0.000000
0.424894 0.538435 0.022631 0.012785 0.000016 0.001239 0.000000
0.416315 0.545593 0.023475 0.013288 0.000017 0.001312 0.000000
0.415180 0.546114 0.023841 0.013505 0.000019 0.001342 0.000000
0.403832 0.555653 0.024965 0.014107 0.000019 0.001424 0.000000
0.397040 0.561120 0.025760 0.014549 0.000019 0.001512 0.000000
0.390285 0.566416 0.026632 0.015052 0.000022 0.001594 0.000000
0.377286 0.577314 0.027941 0.015729 0.000025 0.001706 0.000000
0.370120 0.583226 0.028679 0.016162 0.000023 0.001790 0.000000
0.362276 0.589221 0.029770 0.016770 0.000025 0.001937 0.000000
0.358049 0.592120 0.030542 0.017249 0.000024 0.002016 0.000000
0.348377 0.599817 0.031757 0.017899 0.000028 0.002122 0.000000
0.338108 0.607709 0.033134 0.018748 0.000029 0.002272 0.000000
0.334891 0.609710 0.033876 0.019126 0.000028 0.002369 0.000000
0.323118 0.618965 0.035292 0.020007 0.000032 0.002586 0.000000
0.318272 0.622601 0.036027 0.020423 0.000033 0.002644 0.000000
0.309321 0.629211 0.037401 0.021190 0.000038 0.002839 0.000000
0.303110 0.633571 0.038469 0.021827 0.000040 0.002983 0.000000
0.296411 0.638316 0.039609 0.022451 0.000045 0.003168 0.000000
0.293436 0.639831 0.040473 0.022907 0.000051 0.003302 0.000000
0.284670 0.646053 0.041983 0.023735 0.000053 0.003507 0.000000
0.274002 0.654312 0.043436 0.024522 0.000055 0.003673 0.000000
0.265843 0.660021 0.044901 0.025304 0.000061 0.003869 0.000000
0.261541 0.662634 0.045897 0.025855 0.000060 0.004013 0.000000
0.249482 0.670992 0.048018 0.027098 0.000066 0.004344 0.000000
0.248005 0.671416 0.048639 0.027477 0.000066 0.004396 0.000000
0.236361 0.679128 0.050832 0.028863 0.000067 0.004748 0.000000
0.233506 0.680859 0.051572 0.029111 0.000067 0.004886 0.000000
0.225165 0.685027 0.053893 0.030592 0.000073 0.005249 0.000000
0.225638 0.683847 0.054268 0.030839 0.000068 0.005340 0.000000
0.221734 0.685177 0.055774 0.031665 0.000073 0.005578 0.000000
0.216909 0.686944 0.057472 0.032669 0.000076 0.005931 0.000000
0.210407 0.690745 0.059056 0.033576 0.000081 0.006135 0.000000
0.211843 0.688194 0.059657 0.033908 0.000079 0.006319 0.000000
0.205358 0.691686 0.061360 0.034919 0.000081 0.006596 0.000000
0.202493 0.691726 0.063001 0.035775 0.000088 0.006918 0.000000
0.197191 0.694443 0.064428 0.036672 0.000093 0.007174 0.000000
0.193010 0.695388 0.066313 0.037620 0.000098 0.007570 0.000000
0.191688 0.695620 0.066903 0.038030 0.000104 0.007655 0.000000
0.187328 0.696852 0.068715 0.038966 0.000114 0.008025 0.000000
0.180374 0.700850 0.070411 0.039878 0.000116 0.008371 0.000000
0.178652 0.700760 0.071338 0.040512 0.000110 0.008628 0.000000
0.167702 0.706822 0.074112 0.042062 0.000118 0.009184 0.000000
0.164309 0.707700 0.075590 0.042848 0.000126 0.009427 0.000000
0.163571 0.706888 0.076311 0.043405 0.000130 0.009694 0.000000
0.154205 0.711160 0.079169 0.045071 0.000141 0.010255 0.000000
0.150426 0.712362 0.080615 0.045791 0.000138 0.010668 0.000000
0.149359 0.711314 0.081815 0.046394 0.000147 0.010971 0.000000
0.147006 0.711927 0.082697 0.047040 0.000138 0.011192 0.000000
0.141391 0.713329 0.084996 0.048437 0.000156 0.011692 0.000000
0.140312 0.712044 0.086385 0.049013 0.000168 0.012079 0.000000
0.134554 0.714175 0.088200 0.050311 0.000178 0.012581 0.000000
0.134466 0.712343 0.089220 0.050828 0.000180 0.012962 0.000000
0.133341 0.711554 0.090229 0.051413 0.000176 0.013287 0.000000
0.127829 0.713135 0.092324 0.052658 0.000188 0.013865 0.000000
0.127649 0.710997 0.093743 0.053212 0.000199 0.014200 0.000000
0.126577 0.710761 0.094442 0.053632 0.000199 0.014389 0.000000
0.123730 0.708813 0.096986 0.055139 0.000209 0.015124 0.000000
0.128670 0.702560 0.097611 0.055481 0.000208 0.015470 0.000000
0.121855 0.704907 0.100134 0.056766 0.000210 0.016127 0.000000
0.119124 0.704439 0.101711 0.057901 0.000218 0.016605 0.000001
0.119233 0.701956 0.102904 0.058622 0.000229 0.017056 0.000000
0.117947 0.702001 0.103666 0.058805 0.000237 0.017344 0.000001
0.125633 0.693296 0.104007 0.059100 0.000228 0.017736 0.000000
0.125198 0.691019 0.105453 0.059872 0.000234 0.018223 0.000001
0.126986 0.687382 0.106271 0.060421 0.000232 0.018707 0.000001
0.124114 0.687863 0.107710 0.061039 0.000244 0.019029 0.000001
0.117928 0.689919 0.109884 0.062230 0.000263 0.019775 0.000001
0.124958 0.683735 0.109352 0.061895 0.000258 0.019802 0.000000
0.119243 0.685038 0.111494 0.063356 0.000272 0.020595 0.000001
0.117551 0.685107 0.112456 0.063772 0.000268 0.020846 0.000001
0.113949 0.685143 0.114204 0.064853 0.000284 0.021567 0.000000
0.116068 0.681943 0.114714 0.065126 0.000282 0.021866 0.000001
0.105263 0.686653 0.118119 0.066857 0.000302 0.022805 0.000001
0.104586 0.684978 0.119133 0.067612 0.000295 0.023396 0.000001
0.105461 0.682947 0.119669 0.067974 0.000293 0.023656 0.000000
0.103271 0.683504 0.120544 0.068334 0.000297 0.024049 0.000001
0.101682 0.684014 0.121016 0.068706 0.000311 0.024269 0.000001
0.090318 0.686991 0.125406 0.071242 0.000322 0.025721 0.000000
0.089451 0.686857 0.125917 0.071491 0.000332 0.025952 0.000000
0.084369 0.687305 0.128184 0.072838 0.000349 0.026954 0.000001
0.081248 0.687326 0.129886 0.073670 0.000349 0.027521 0.000001
0.078577 0.687433 0.131277 0.074345 0.000355 0.028013 0.000001
0.074083 0.688263 0.133105 0.075530 0.000359 0.028660 0.000001
0.070467 0.687724 0.135317 0.076543 0.000379 0.029568 0.000001
0.067232 0.686334 0.137573 0.077930 0.000382 0.030547 0.000001
0.062753 0.687047 0.139513 0.078957 0.000389 0.031340 0.000001
0.061401 0.686577 0.140535 0.079393 0.000394 0.031698 0.000002
0.057743 0.686858 0.142205 0.080404 0.000402 0.032387 0.000002
0.056482 0.684909 0.143614 0.081465 0.000423 0.033105 0.000001
0.053551 0.682480 0.146265 0.083095 0.000421 0.034185 0.000002
0.050632 0.682393 0.148046 0.083740 0.000425 0.034762 0.000002
0.048546 0.680946 0.149607 0.084861 0.000439 0.035599 0.000002
0.046108 0.679810 0.151552 0.085809 0.000452 0.036269 0.000001
0.045719 0.677237 0.152978 0.086488 0.000463 0.037112 0.000002
0.044554 0.675617 0.154084 0.087372 0.000476 0.037896 0.000002
0.042042 0.673139 0.156744 0.088657 0.000495 0.038921 0.000002
0.043820 0.669477 0.157505 0.089156 0.000498 0.039543 0.000002
0.046207 0.665853 0.158166 0.089370 0.000492 0.039911 0.000001
0.045243 0.663141 0.159808 0.090472 0.000496 0.040840 0.000001
0.044665 0.661946 0.160719 0.090880 0.000512 0.041276 0.000003
0.044255 0.657890 0.162657 0.092114 0.000509 0.042574 0.000002
0.045827 0.657626 0.161736 0.091831 0.000518 0.042460 0.000003
0.044127 0.653800 0.164504 0.093205 0.000524 0.043838 0.000003
0.044076 0.651126 0.166004 0.093694 0.000539 0.044559 0.000002
0.047955 0.645048 0.166744 0.094451 0.000524 0.045276 0.000003
0.050811 0.642489 0.166495 0.094269 0.000524 0.045410 0.000003
0.051038 0.640646 0.167108 0.094752 0.000558 0.045896 0.000002
0.046347 0.641050 0.169259 0.095972 0.000550 0.046820 0.000002
0.049599 0.635852 0.169968 0.096197 0.000578 0.047804 0.000003
0.051303 0.632199 0.170770 0.096682 0.000584 0.048460 0.000003
0.046380 0.632093 0.173075 0.098119 0.000593 0.049736 0.000004
0.048162 0.630592 0.172864 0.097986 0.000599 0.049794 0.000003
0.047737 0.628916 0.173898 0.098664 0.000596 0.050186 0.000003
0.045892 0.626588 0.175633 0.099710 0.000603 0.051571 0.000003
0.047468 0.624389 0.175624 0.099702 0.000617 0.052198 0.000003
0.043238 0.623643 0.178053 0.101047 0.000610 0.053407 0.000002
0.044195 0.620998 0.178888 0.101395 0.000608 0.053914 0.000003
0.041065 0.619852 0.180935 0.102508 0.000645 0.054991 0.000003
0.041694 0.618265 0.181047 0.102717 0.000649 0.055625 0.000004
0.037742 0.616218 0.184029 0.104234 0.000656 0.057118 0.000004
0.040895 0.615333 0.182575 0.103586 0.000671 0.056937 0.000003
0.038430 0.613695 0.184545 0.104724 0.000666 0.057938 0.000003
0.035546 0.613820 0.185822 0.105253 0.000694 0.058863 0.000003
0.032987 0.611818 0.187772 0.106630 0.000691 0.060099 0.000003
0.033845 0.609715 0.188217 0.106736 0.000706 0.060777 0.000004
0.033856 0.607544 0.189155 0.107386 0.000711 0.061344 0.000003
0.037533 0.603629 0.189279 0.107164 0.000717 0.061675 0.000002
0.036589 0.602975 0.189646 0.107729 0.000723 0.062337 0.000002
0.037189 0.598899 0.191351 0.108353 0.000723 0.063482 0.000002
0.037931 0.595898 0.192342 0.108760 0.000745 0.064321 0.000003
0.037788 0.594027 0.193173 0.108981 0.000761 0.065268 0.000003
0.046879 0.587277 0.191451 0.108441 0.000757 0.065191 0.000004
0.047705 0.584816 0.192066 0.108747 0.000780 0.065881 0.000004
0.049120 0.582349 0.192418 0.108950 0.000801 0.066357 0.000005
0.044946 0.583155 0.193875 0.109865 0.000790 0.067364 0.000004
0.044519 0.579954 0.195230 0.110674 0.000824 0.068793 0.000005
0.045732 0.578467 0.195355 0.110710 0.000807 0.068924 0.000004
0.045289 0.577096 0.195883 0.111180 0.000827 0.069721 0.000004
0.052720 0.569544 0.195395 0.111147 0.000829 0.070361 0.000005
0.053607 0.567459 0.195703 0.111354 0.000836 0.071038 0.000003
0.051680 0.567087 0.196839 0.111927 0.000837 0.071626 0.000004
0.048849 0.565930 0.198627 0.112730 0.000859 0.072999 0.000006
0.053858 0.562614 0.197501 0.111853 0.000843 0.073327 0.000004
0.051064 0.563292 0.198491 0.112528 0.000852 0.073766 0.000006
0.048982 0.561679 0.199902 0.113474 0.000877 0.075082 0.000004
0.049217 0.561453 0.199572 0.113535 0.000873 0.075345 0.000005
0.049584 0.558350 0.200666 0.114079 0.000887 0.076431 0.000003
0.043982 0.558501 0.203081 0.115636 0.000923 0.077873 0.000005
0.045449 0.557760 0.202527 0.115191 0.000894 0.078174 0.000004
0.039979 0.557171 0.205343 0.116510 0.000929 0.080064 0.000004
0.043055 0.554051 0.204815 0.116370 0.000939 0.080762 0.000007
0.038548 0.557160 0.205644 0.116984 0.000963 0.080695 0.000005
0.036327 0.554013 0.207729 0.118090 0.000977 0.082858 0.000006
0.033836 0.552998 0.209436 0.118849 0.000986 0.083890 0.000005
0.035047 0.549754 0.209930 0.119330 0.000999 0.084933 0.000007
0.031669 0.549673 0.211395 0.120223 0.000998 0.086036 0.000006
0.031045 0.548833 0.212090 0.120318 0.001002 0.086707 0.000005
0.030922 0.547105 0.212512 0.120761 0.001030 0.087664 0.000006
0.029574 0.545334 0.213903 0.121502 0.001045 0.088635 0.000007
0.036151 0.540043 0.212869 0.120943 0.001031 0.088956 0.000007
0.037302 0.537291 0.213610 0.120972 0.001051 0.089766 0.000008
0.037133 0.534397 0.214590 0.121654 0.001062 0.091156 0.000007
0.036656 0.530957 0.216340 0.122563 0.001087 0.092389 0.000008
0.035080 0.530982 0.216811 0.123067 0.001095 0.092958 0.000008
0.039312 0.528528 0.215452 0.122543 0.001086 0.093070 0.000008
0.034150 0.530185 0.217004 0.123311 0.001096 0.094247 0.000007
0.036286 0.525912 0.217554 0.123585 0.001097 0.095560 0.000006
0.032045 0.525852 0.219218 0.124815 0.001143 0.096920 0.000007
0.034615 0.522620 0.219347 0.124866 0.001128 0.097417 0.000007
0.032653 0.522797 0.219950 0.125101 0.001171 0.098323 0.000005
0.032516 0.520931 0.220569 0.125582 0.001185 0.099209 0.000009
0.029846 0.520192 0.222108 0.126258 0.001157 0.100432 0.000007
0.028598 0.517875 0.223205 0.127201 0.001196 0.101920 0.000006
0.027156 0.517255 0.224071 0.127624 0.001202 0.102685 0.000007
0.028282 0.515292 0.224172 0.127791 0.001209 0.103247 0.000007
0.027279 0.514762 0.224880 0.128051 0.001218 0.103802 0.000007
0.024622 0.511485 0.227181 0.129268 0.001244 0.106193 0.000007
0.024937 0.510763 0.227388 0.129199 0.001253 0.106453 0.000008
0.024358 0.508002 0.228036 0.130396 0.001241 0.107961 0.000006
0.024220 0.507248 0.228417 0.130051 0.001243 0.108813 0.000008
0.021944 0.505495 0.230254 0.131088 0.001261 0.109951 0.000007
0.022305 0.502939 0.230568 0.131516 0.001315 0.111348 0.000009
0.022409 0.502879 0.230679 0.130947 0.001314 0.111764 0.000009
0.022141 0.500665 0.231102 0.132110 0.001324 0.112650 0.000008
0.021423 0.498385 0.232468 0.132278 0.001332 0.114105 0.000010
0.019981 0.496253 0.233763 0.133042 0.001363 0.115588 0.000011
0.020407 0.494493 0.233837 0.133421 0.001382 0.116450 0.000010
0.020806 0.494707 0.233275 0.133209 0.001344 0.116653 0.000007
0.018721 0.491355 0.235744 0.134377 0.001378 0.118415 0.000009
0.018540 0.488931 0.236256 0.135017 0.001403 0.119843 0.000010
0.018431 0.486284 0.237366 0.135257 0.001413 0.121237 0.000011
0.017316 0.484726 0.238469 0.135793 0.001428 0.122258 0.000010
0.018863 0.483291 0.237833 0.135553 0.001422 0.123027 0.000010
0.017907 0.480564 0.239256 0.136291 0.001436 0.124536 0.000010
0.017612 0.480335 0.239241 0.136451 0.001461 0.124889 0.000011
0.018296 0.479293 0.239073 0.136260 0.001438 0.125628 0.000011
0.017122 0.475460 0.240644 0.137393 0.001455 0.127912 0.000014
0.017318 0.473894 0.241425 0.137339 0.001462 0.128550 0.000012
0.016952 0.472618 0.241689 0.137887 0.001506 0.129337 0.000012
0.016887 0.470267 0.242436 0.138338 0.001501 0.130558 0.000012
0.016380 0.467787 0.243666 0.138740 0.001525 0.131889 0.000012
0.016927 0.468135 0.243095 0.138218 0.001505 0.132108 0.000012
0.016349 0.466715 0.243719 0.138670 0.001514 0.133023 0.000011
0.016584 0.465175 0.243819 0.138846 0.001522 0.134041 0.000013
0.016247 0.461505 0.245169 0.139803 0.001563 0.135700 0.000014
0.016045 0.459965 0.245690 0.139695 0.001575 0.137015 0.000014
0.015871 0.458026 0.246330 0.140128 0.001591 0.138040 0.000015
0.016219 0.458180 0.245846 0.139872 0.001571 0.138298 0.000013
0.015712 0.455373 0.247076 0.140462 0.001590 0.139772 0.000015
0.015279 0.451407 0.248488 0.141377 0.001588 0.141846 0.000016
0.015405 0.451605 0.248065 0.141142 0.001628 0.142138 0.000016
0.015458 0.449067 0.248574 0.141774 0.001631 0.143481 0.000014
0.015590 0.449350 0.248588 0.141445 0.001632 0.143381 0.000014
0.015180 0.446895 0.249450 0.141947 0.001627 0.144886 0.000015
0.015202 0.443598 0.250208 0.142459 0.001669 0.146843 0.000022
0.015308 0.443926 0.249702 0.142364 0.001678 0.147006 0.000016
0.015181 0.441824 0.250382 0.142614 0.001696 0.148284 0.000020
0.015209 0.440920 0.250781 0.142508 0.001703 0.148859 0.000020
0.015170 0.439497 0.250959 0.142848 0.001743 0.149766 0.000017
0.015174 0.437290 0.251203 0.143020 0.001690 0.151606 0.000017
0.014793 0.434392 0.252272 0.143597 0.001722 0.153207 0.000017
0.014792 0.432162 0.252864 0.143857 0.001741 0.154563 0.000021
0.015177 0.432018 0.252476 0.143825 0.001748 0.154738 0.000019
0.014944 0.430563 0.253070 0.144052 0.001735 0.155617 0.000019
0.014909 0.427539 0.253838 0.144542 0.001801 0.157350 0.000021
0.014981 0.426679 0.253997 0.144565 0.001771 0.157986 0.000020
0.015037 0.425369 0.253837 0.144836 0.001806 0.159092 0.000022
0.015016 0.425265 0.253829 0.144871 0.001801 0.159199 0.000020
0.014735 0.422691 0.254579 0.145146 0.001814 0.161015 0.000021
0.014674 0.423701 0.254037 0.144850 0.001798 0.160918 0.000022
0.014645 0.418580 0.255518 0.145839 0.001820 0.163578 0.000020
0.014597 0.416297 0.256241 0.145900 0.001868 0.165075 0.000023
0.014620 0.416786 0.256024 0.145575 0.001838 0.165139 0.000019
0.014781 0.414809 0.256294 0.145795 0.001847 0.166452 0.000021
0.014750 0.414250 0.256172 0.146034 0.001852 0.166921 0.000021
0.014532 0.412524 0.256594 0.146295 0.001883 0.168149 0.000023
0.014605 0.409913 0.257181 0.146488 0.001917 0.169876 0.000021
0.014579 0.408729 0.257405 0.146789 0.001931 0.170543 0.000023
0.014549 0.406624 0.257660 0.146889 0.001953 0.172298 0.000027
0.014544 0.404238 0.258119 0.147235 0.001936 0.173906 0.000024
0.014719 0.407488 0.257093 0.146499 0.001945 0.172231 0.000025
0.014573 0.403868 0.257804 0.147290 0.001959 0.174477 0.000028
0.014463 0.401406 0.258252 0.147458 0.001953 0.176438 0.000030
0.018739 0.397797 0.257666 0.147156 0.001997 0.176619 0.000025
0.025146 0.393635 0.256404 0.145969 0.001965 0.176853 0.000027
0.027047 0.392709 0.255355 0.146000 0.001980 0.176882 0.000027
0.027763 0.391295 0.255638 0.145689 0.001984 0.177607 0.000023
0.028325 0.388868 0.255885 0.145854 0.002026 0.179017 0.000025
0.027788 0.389322 0.255332 0.145977 0.001995 0.179559 0.000027
0.025392 0.388897 0.256610 0.146376 0.002009 0.180691 0.000025
0.027131 0.386867 0.256225 0.146155 0.002014 0.181584 0.000024
0.025325 0.384566 0.257081 0.146952 0.002049 0.184000 0.000028
0.026902 0.385305 0.256213 0.146057 0.002021 0.183475 0.000026
0.026388 0.385108 0.256222 0.146209 0.002053 0.183993 0.000027
0.023623 0.384174 0.257007 0.146959 0.002056 0.186151 0.000029
0.024988 0.381580 0.257390 0.146878 0.002092 0.187041 0.000031
0.025800 0.382140 0.256501 0.146141 0.002112 0.187277 0.000030
0.031789 0.379487 0.254500 0.145350 0.002059 0.186786 0.000029
0.038823 0.376579 0.252742 0.144113 0.002070 0.185646 0.000027
0.032607 0.377226 0.254701 0.145254 0.002110 0.188074 0.000027
0.032236 0.375844 0.254797 0.145341 0.002095 0.189658 0.000030
0.034616 0.375401 0.253879 0.144733 0.002075 0.189268 0.000029
0.031543 0.374253 0.255444 0.145310 0.002134 0.191287 0.000030
0.033008 0.373350 0.254762 0.144959 0.002108 0.191782 0.000030
0.033612 0.372347 0.254739 0.145006 0.002144 0.192123 0.000029
0.030705 0.371378 0.255519 0.145967 0.002137 0.194261 0.000033
0.030909 0.370255 0.255401 0.145730 0.002181 0.195494 0.000029
0.029813 0.369595 0.255721 0.145992 0.002201 0.196648 0.000030
0.028422 0.368295 0.256745 0.146220 0.002177 0.198105 0.000036
0.029630 0.368527 0.255892 0.145687 0.002174 0.198056 0.000034
0.025674 0.367246 0.257766 0.146740 0.002184 0.200354 0.000037
0.026284 0.367329 0.256920 0.146350 0.002228 0.200853 0.000037
0.025812 0.367371 0.257262 0.146358 0.002196 0.200969 0.000032
0.024895 0.365229 0.257455 0.147070 0.002249 0.203068 0.000036
0.023207 0.363609 0.258561 0.147414 0.002237 0.204938 0.000034
0.022220 0.361914 0.259144 0.147756 0.002261 0.206670 0.000035
0.028151 0.359482 0.257441 0.146910 0.002247 0.205734 0.000035
0.031233 0.355616 0.256990 0.146492 0.002246 0.207384 0.000039
0.031223 0.356266 0.257026 0.146038 0.002282 0.207127 0.000038
0.030565 0.355158 0.257171 0.146656 0.002284 0.208126 0.000040
0.034608 0.352516 0.255835 0.145922 0.002256 0.208826 0.000037
0.028172 0.353540 0.258305 0.146999 0.002318 0.210626 0.000040
0.031919 0.350084 0.257278 0.146532 0.002319 0.211833 0.000036
0.033278 0.351230 0.255850 0.146216 0.002338 0.211048 0.000040
0.032641 0.350335 0.256429 0.145932 0.002358 0.212267 0.000038
0.030599 0.349964 0.257246 0.146320 0.002339 0.213496 0.000035
0.028454 0.350075 0.257082 0.146515 0.002368 0.215470 0.000037
0.027017 0.349350 0.257752 0.147202 0.002350 0.216288 0.000041
0.027821 0.349016 0.257200 0.146698 0.002386 0.216833 0.000047
0.025975 0.346978 0.258205 0.147105 0.002383 0.219310 0.000044
0.026809 0.346308 0.257699 0.146924 0.002379 0.219840 0.000041
0.023749 0.342475 0.259859 0.148592 0.002441 0.222845 0.000039
0.021620 0.345549 0.259571 0.148135 0.002401 0.222682 0.000042
0.022853 0.342788 0.259785 0.148120 0.002395 0.224006 0.000053
0.022745 0.344374 0.259306 0.147464 0.002434 0.223632 0.000045
0.018459 0.339857 0.262306 0.149283 0.002428 0.227623 0.000044
0.020894 0.339603 0.260336 0.148401 0.002450 0.228268 0.000049
0.021229 0.341411 0.260078 0.147459 0.002436 0.227343 0.000044
0.020331 0.339177 0.260137 0.148374 0.002475 0.229461 0.000045
0.018769 0.337681 0.261425 0.148975 0.002433 0.230674 0.000043
0.017531 0.333745 0.262910 0.149883 0.002499 0.233388 0.000044
0.018006 0.333574 0.262305 0.149646 0.002540 0.233881 0.000048
0.016972 0.331316 0.263451 0.150095 0.002523 0.235599 0.000044
0.016350 0.329121 0.263928 0.150309 0.002554 0.237695 0.000043
0.016895 0.328872 0.263558 0.149997 0.002543 0.238091 0.000044
0.016834 0.327583 0.263116 0.150211 0.002568 0.239638 0.000049
0.016978 0.327886 0.263213 0.149709 0.002541 0.239624 0.000049
0.016395 0.325596 0.263981 0.149887 0.002593 0.241497 0.000051
0.016613 0.325075 0.263665 0.149957 0.002593 0.242044 0.000054
0.015648 0.321837 0.264299 0.150786 0.002633 0.244751 0.000046
0.015815 0.321673 0.263927 0.150643 0.002640 0.245257 0.000045
0.016315 0.321876 0.263509 0.150095 0.002582 0.245574 0.000048
0.015408 0.318650 0.264631 0.151005 0.002641 0.247610 0.000054
0.015717 0.317849 0.264432 0.150623 0.002628 0.248699 0.000051
0.015694 0.317351 0.264489 0.150549 0.002647 0.249223 0.000046
0.015218 0.316608 0.264822 0.150465 0.002675 0.250158 0.000053
0.014946 0.314190 0.264847 0.150990 0.002705 0.252276 0.000045
0.015209 0.312875 0.264944 0.150770 0.002713 0.253430 0.000058
0.015219 0.311922 0.264957 0.150934 0.002636 0.254280 0.000052
0.014799 0.309374 0.265506 0.151272 0.002717 0.256281 0.000051
0.014808 0.308581 0.265386 0.150985 0.002711 0.257473 0.000055
0.015071 0.308332 0.264905 0.150838 0.002761 0.258041 0.000052
0.015131 0.309590 0.264797 0.150652 0.002761 0.257012 0.000056
0.014719 0.306380 0.265249 0.151051 0.002752 0.259798 0.000051
0.014679 0.305054 0.265744 0.151397 0.002724 0.260342 0.000060
0.014718 0.305083 0.265445 0.150844 0.002776 0.261076 0.000057
0.014697 0.303621 0.264870 0.150770 0.002792 0.263193 0.000057
0.014442 0.301810 0.265627 0.151117 0.002783 0.264162 0.000060
0.014725 0.301505 0.265053 0.150746 0.002795 0.265114 0.000063
0.014744 0.301040 0.264922 0.150941 0.002807 0.265485 0.000060
0.014411 0.298035 0.266029 0.151241 0.002790 0.267437 0.000058
0.014535 0.298042 0.265616 0.150828 0.002865 0.268053 0.000062
0.014797 0.297827 0.265238 0.150439 0.002837 0.268802 0.000061
0.014790 0.298258 0.264690 0.150573 0.002791 0.268832 0.000066
0.014476 0.294838 0.265296 0.150859 0.002868 0.271601 0.000062
0.014378 0.291733 0.265958 0.151421 0.002823 0.273622 0.000065
0.014599 0.292418 0.265645 0.150933 0.002881 0.273464 0.000060
0.014308 0.290469 0.265791 0.151073 0.002903 0.275389 0.000067
0.014275 0.290844 0.265755 0.151186 0.002902 0.274978 0.000061
0.014442 0.288948 0.265840 0.150801 0.002906 0.276999 0.000063
0.014307 0.286975 0.265971 0.150948 0.002970 0.278765 0.000065
0.014255 0.285324 0.265670 0.151322 0.002960 0.280407 0.000063
0.014631 0.287579 0.264867 0.150521 0.002914 0.279416 0.000073
0.014503 0.284667 0.265606 0.150972 0.002946 0.281240 0.000066
0.014362 0.285252 0.265529 0.150961 0.002934 0.280896 0.000067
0.014799 0.283590 0.265070 0.151074 0.002986 0.282414 0.000067
0.014561 0.282893 0.265384 0.150657 0.002990 0.283450 0.000065
0.014279 0.281159 0.265601 0.150841 0.003031 0.285022 0.000068
0.014628 0.281339 0.264705 0.150657 0.003025 0.285576 0.000069
0.014525 0.279376 0.264888 0.150730 0.003039 0.287374 0.000067
0.014454 0.276543 0.265412 0.150632 0.003065 0.289825 0.000069
0.014551 0.277086 0.264835 0.150668 0.003023 0.289764 0.000073
0.014495 0.276770 0.264875 0.150590 0.003043 0.290154 0.000073
0.014646 0.275548 0.264575 0.150601 0.003046 0.291515 0.000070
0.014584 0.275005 0.264730 0.150735 0.003054 0.291823 0.000070
0.014729 0.273604 0.264582 0.150239 0.003034 0.293746 0.000066
0.014515 0.272190 0.264765 0.150475 0.003112 0.294870 0.000072
0.014773 0.271239 0.264202 0.150226 0.003101 0.296380 0.000078
0.014669 0.270017 0.264688 0.150318 0.003111 0.297121 0.000077
0.014730 0.268369 0.264548 0.150212 0.003110 0.298950 0.000080
0.014788 0.268473 0.264056 0.150282 0.003102 0.299227 0.000073
0.014607 0.267457 0.264345 0.150234 0.003109 0.300171 0.000077
0.014836 0.266464 0.263932 0.150206 0.003137 0.301351 0.000073
0.014744 0.266685 0.263525 0.149948 0.003147 0.301873 0.000078
0.014672 0.264165 0.263932 0.150288 0.003161 0.303707 0.000075
0.014895 0.265700 0.263815 0.149476 0.003133 0.302909 0.000073
0.014509 0.263958 0.263657 0.149775 0.003186 0.304838 0.000076
0.014608 0.262457 0.264036 0.150024 0.003195 0.305604 0.000076
0.014537 0.261254 0.263888 0.149846 0.003240 0.307153 0.000081
0.014887 0.261050 0.263456 0.149626 0.003213 0.307685 0.000082
0.014891 0.258827 0.263655 0.149809 0.003172 0.309563 0.000083
0.014850 0.257359 0.263383 0.149783 0.003257 0.311284 0.000082
0.014988 0.257500 0.263231 0.149768 0.003225 0.311199 0.000089
0.014485 0.256549 0.263259 0.149480 0.003250 0.312896 0.000081
0.014834 0.257653 0.262971 0.149140 0.003252 0.312067 0.000083
0.014753 0.254275 0.263053 0.149659 0.003258 0.314924 0.000077
0.014813 0.253323 0.262998 0.149506 0.003309 0.315962 0.000089
0.014924 0.253763 0.262561 0.149098 0.003296 0.316270 0.000087
0.014909 0.252408 0.262618 0.148899 0.003271 0.317813 0.000082
0.015011 0.252248 0.262077 0.148961 0.003268 0.318356 0.000079
0.015078 0.249903 0.262152 0.149018 0.003335 0.320431 0.000083
0.015056 0.248581 0.262499 0.148924 0.003334 0.321517 0.000088
0.015062 0.247649 0.261828 0.149284 0.003359 0.322728 0.000091
0.014994 0.247922 0.261736 0.148992 0.003366 0.322900 0.000090
0.015055 0.247771 0.262188 0.148665 0.003343 0.322894 0.000085
0.015013 0.246882 0.261852 0.148622 0.003333 0.324213 0.000084
0.015172 0.245418 0.261813 0.148429 0.003318 0.325758 0.000092
0.015229 0.244225 0.261737 0.148718 0.003370 0.326629 0.000093
0.015054 0.242766 0.262044 0.148315 0.003402 0.328328 0.000092
0.015162 0.242030 0.261739 0.148450 0.003424 0.329103 0.000092
0.015230 0.242229 0.261468 0.148226 0.003387 0.329370 0.000090
0.015157 0.240899 0.261203 0.148366 0.003416 0.330872 0.000088
0.015451 0.240180 0.260762 0.147929 0.003435 0.332156 0.000088
0.015122 0.240422 0.260508 0.148275 0.003438 0.332149 0.000087
0.015211 0.238870 0.261064 0.147904 0.003436 0.333426 0.000090
0.015469 0.237511 0.260285 0.147588 0.003466 0.335593 0.000089
0.015371 0.238028 0.260121 0.147842 0.003454 0.335092 0.000092
0.015149 0.236571 0.260432 0.147717 0.003519 0.336519 0.000093
0.015372 0.236971 0.259834 0.147485 0.003510 0.336737 0.000091
0.015469 0.235286 0.259714 0.147360 0.003552 0.338526 0.000092
0.015549 0.235814 0.259409 0.146863 0.003499 0.338767 0.000099
0.015491 0.234477 0.259417 0.147233 0.003528 0.339759 0.000094
0.015981 0.233508 0.259487 0.147305 0.003514 0.340110 0.000096
0.015630 0.232676 0.259334 0.147048 0.003553 0.341660 0.000098
0.015845 0.231877 0.258860 0.147040 0.003577 0.342700 0.000101
0.015633 0.231801 0.258976 0.147208 0.003579 0.342704 0.000099
0.015720 0.230450 0.258888 0.147001 0.003559 0.344285 0.000096
0.015826 0.229217 0.258661 0.147024 0.003573 0.345602 0.000098
0.015701 0.228837 0.258323 0.146688 0.003630 0.346726 0.000096
0.015597 0.227229 0.258194 0.146600 0.003606 0.348672 0.000103
0.015602 0.227153 0.258395 0.146472 0.003602 0.348677 0.000099
0.015823 0.227347 0.257753 0.146025 0.003621 0.349333 0.000098
0.015778 0.226399 0.257992 0.146299 0.003651 0.349788 0.000093
0.015923 0.225204 0.257432 0.146212 0.003621 0.351510 0.000098
0.015941 0.224306 0.257141 0.146149 0.003644 0.352718 0.000101
0.015769 0.222826 0.257267 0.145912 0.003665 0.354468 0.000093
0.015733 0.223467 0.257048 0.145893 0.003667 0.354093 0.000099
0.016212 0.221367 0.256476 0.145728 0.003639 0.356478 0.000100
0.015929 0.221226 0.256733 0.145708 0.003704 0.356598 0.000102
0.016120 0.219858 0.256652 0.145668 0.003726 0.357878 0.000098
0.016062 0.219039 0.256350 0.145371 0.003701 0.359374 0.000104
0.016026 0.220728 0.256145 0.145274 0.003718 0.358012 0.000096
0.016224 0.218725 0.255926 0.145232 0.003694 0.360104 0.000095
0.016067 0.217600 0.255880 0.145122 0.003695 0.361537 0.000099
0.016212 0.216781 0.255775 0.145094 0.003786 0.362256 0.000096
0.016176 0.216321 0.255909 0.145062 0.003755 0.362676 0.000101
0.016164 0.215125 0.255805 0.144813 0.003764 0.364225 0.000105
0.016255 0.213344 0.255595 0.144652 0.003759 0.366287 0.000109
0.016161 0.214217 0.255193 0.144389 0.003785 0.366147 0.000107
0.016187 0.213851 0.255061 0.144173 0.003766 0.366855 0.000107
0.016168 0.213013 0.254875 0.144075 0.003757 0.368014 0.000097
0.016325 0.212364 0.254593 0.144113 0.003782 0.368720 0.000103
0.016290 0.210751 0.254159 0.144028 0.003808 0.370862 0.000101
0.016364 0.210565 0.254399 0.144208 0.003745 0.370610 0.000108
0.016289 0.209290 0.254061 0.143862 0.003810 0.372587 0.000101
0.016527 0.209713 0.253763 0.143460 0.003787 0.372647 0.000103
0.016432 0.208122 0.253785 0.143536 0.003791 0.374232 0.000103
0.016395 0.207231 0.253500 0.143681 0.003856 0.375228 0.000109
0.016582 0.207634 0.252795 0.143388 0.003813 0.375678 0.000109
0.016612 0.206597 0.252250 0.143194 0.003803 0.377429 0.000114
0.016465 0.205272 0.252846 0.143119 0.003851 0.378337 0.000110
0.016658 0.205274 0.252535 0.142833 0.003873 0.378718 0.000109
0.016866 0.204132 0.252056 0.143050 0.003822 0.379962 0.000112
0.016625 0.203825 0.251999 0.142876 0.003902 0.380664 0.000111
0.016458 0.203750 0.251978 0.142701 0.003921 0.381078 0.000114
0.016839 0.201657 0.251696 0.142356 0.003937 0.383403 0.000113
0.016926 0.202669 0.251254 0.142368 0.003916 0.382758 0.000108
0.016932 0.199775 0.250940 0.142381 0.003939 0.385913 0.000120
0.016972 0.200916 0.251045 0.142117 0.003936 0.384904 0.000109
0.017027 0.200062 0.250495 0.141979 0.003937 0.386380 0.000119
0.016706 0.199542 0.250331 0.141947 0.003984 0.387375 0.000114
0.017003 0.199126 0.250175 0.141582 0.003916 0.388088 0.000110
0.017069 0.197958 0.249848 0.141656 0.003998 0.389356 0.000116
0.016988 0.197555 0.250257 0.141339 0.003984 0.389750 0.000127
0.017163 0.197755 0.249675 0.141186 0.003950 0.390156 0.000115
0.017013 0.196115 0.249235 0.141470 0.003989 0.392059 0.000120
0.017023 0.197365 0.248978 0.140950 0.003980 0.391588 0.000116
0.017216 0.194749 0.249155 0.140717 0.003985 0.394052 0.000126
0.017309 0.195093 0.248504 0.141177 0.004000 0.393799 0.000117
0.017377 0.195053 0.248502 0.140317 0.004067 0.394569 0.000114
0.017104 0.194018 0.248459 0.140412 0.004022 0.395863 0.000122
0.017252 0.192638 0.248224 0.140426 0.004070 0.397271 0.000119
0.017597 0.192278 0.247677 0.140344 0.004016 0.397961 0.000125
0.017434 0.191845 0.247882 0.140073 0.004079 0.398562 0.000125
0.017561 0.189732 0.247298 0.139938 0.004102 0.401240 0.000129
0.017317 0.191683 0.247329 0.140355 0.004060 0.399130 0.000126
0.017302 0.189208 0.247076 0.139979 0.004086 0.402229 0.000119
0.017588 0.189464 0.246880 0.139818 0.004100 0.402031 0.000118
0.017627 0.188497 0.246413 0.139627 0.004073 0.403647 0.000117
0.017525 0.188229 0.246091 0.139497 0.004054 0.404485 0.000118
0.017809 0.188170 0.245888 0.139424 0.004035 0.404550 0.000123
0.017884 0.187896 0.245918 0.139059 0.004080 0.405037 0.000125
0.017735 0.186286 0.245580 0.138897 0.004089 0.407278 0.000134
0.017702 0.186143 0.245055 0.138704 0.004109 0.408159 0.000129
0.017998 0.185856 0.244642 0.138756 0.004105 0.408517 0.000125
0.018039 0.184687 0.244596 0.138470 0.004062 0.410013 0.000131
0.017632 0.184669 0.244529 0.138468 0.004090 0.410479 0.000133
0.017805 0.184112 0.243826 0.138420 0.004096 0.411615 0.000126
0.017799 0.182972 0.243946 0.138212 0.004148 0.412789 0.000134
0.018063 0.183510 0.243762 0.138076 0.004108 0.412357 0.000124
0.018254 0.182217 0.242914 0.137626 0.004117 0.414738 0.000134
0.017919 0.182402 0.243175 0.137480 0.004132 0.414762 0.000129
0.018145 0.181187 0.242714 0.137531 0.004132 0.416159 0.000132
0.018214 0.181704 0.242762 0.137555 0.004128 0.415507 0.000129
0.018160 0.181030 0.242427 0.137710 0.004155 0.416392 0.000125
0.018323 0.179922 0.242097 0.137135 0.004089 0.418311 0.000123
0.018062 0.178227 0.241511 0.136764 0.004131 0.421166 0.000140
0.018117 0.179372 0.241469 0.137015 0.004155 0.419733 0.000139
0.018338 0.179126 0.241783 0.136680 0.004139 0.419791 0.000143
0.018461 0.177639 0.241320 0.136362 0.004176 0.421921 0.000119
0.018520 0.176526 0.241070 0.136279 0.004201 0.423267 0.000137
0.018475 0.177196 0.240593 0.136164 0.004181 0.423256 0.000136
0.018352 0.175588 0.240542 0.136291 0.004222 0.424872 0.000134
0.018472 0.175581 0.240038 0.136141 0.004208 0.425420 0.000139
0.018744 0.175286 0.239967 0.135772 0.004201 0.425903 0.000129
0.018459 0.174484 0.239787 0.135844 0.004205 0.427085 0.000135
0.018557 0.173741 0.239423 0.135265 0.004200 0.428678 0.000135
0.018627 0.173372 0.238921 0.135146 0.004230 0.429567 0.000138
0.018711 0.174082 0.238802 0.135202 0.004238 0.428830 0.000135
0.018753 0.171893 0.238499 0.134894 0.004248 0.431568 0.000144
0.018708 0.172532 0.238488 0.134622 0.004288 0.431227 0.000135
0.018721 0.171992 0.238237 0.134865 0.004261 0.431772 0.000152
0.018998 0.171367 0.237930 0.134531 0.004285 0.432750 0.000139
0.018783 0.170943 0.237573 0.134679 0.004231 0.433643 0.000149
0.018773 0.171416 0.237731 0.134604 0.004222 0.433106 0.000147
0.019165 0.169607 0.237359 0.133961 0.004285 0.435471 0.000152
0.019204 0.169042 0.237046 0.133919 0.004287 0.436354 0.000149
0.019034 0.168644 0.236774 0.134010 0.004305 0.437087 0.000147
0.018980 0.167700 0.236333 0.133625 0.004321 0.438889 0.000152
0.019316 0.166556 0.236016 0.133276 0.004341 0.440341 0.000155
0.019079 0.166671 0.235752 0.133465 0.004299 0.440578 0.000156
0.018944 0.167049 0.235618 0.133354 0.004313 0.440584 0.000139
0.019317 0.166716 0.235282 0.133481 0.004279 0.440777 0.000148
0.019291 0.165556 0.235186 0.132982 0.004345 0.442494 0.000146
0.019331 0.164897 0.234746 0.132948 0.004360 0.443569 0.000149
0.019423 0.165612 0.234807 0.132974 0.004310 0.442729 0.000146
0.019397 0.163832 0.234490 0.132735 0.004375 0.445017 0.000154
0.019403 0.163501 0.233954 0.132553 0.004344 0.446093 0.000151
0.019687 0.164576 0.234533 0.132445 0.004321 0.444284 0.000155
0.019469 0.162759 0.233825 0.132028 0.004388 0.447381 0.000149
0.019867 0.162837 0.233831 0.132147 0.004335 0.446834 0.000150
0.019808 0.161994 0.232853 0.131985 0.004348 0.448859 0.000154
0.019553 0.162456 0.233137 0.132085 0.004360 0.448254 0.000155
0.019320 0.162067 0.232530 0.131711 0.004391 0.449818 0.000162
0.019561 0.160720 0.232516 0.131646 0.004403 0.450999 0.000156
0.019747 0.160041 0.232294 0.131087 0.004369 0.452294 0.000168
0.019426 0.160465 0.232148 0.131170 0.004421 0.452203 0.000166
0.019760 0.159446 0.231405 0.131202 0.004407 0.453622 0.000158
0.019897 0.159439 0.231486 0.130841 0.004371 0.453799 0.000168
0.019956 0.159140 0.231089 0.130932 0.004414 0.454308 0.000161
0.019888 0.157472 0.230576 0.130513 0.004444 0.456942 0.000164
0.020023 0.157477 0.230265 0.130529 0.004456 0.457079 0.000172
0.020215 0.157614 0.230156 0.130281 0.004427 0.457150 0.000156
0.019909 0.157553 0.230059 0.130400 0.004411 0.457502 0.000165
0.019860 0.157490 0.229606 0.130109 0.004455 0.458320 0.000161
0.020050 0.156153 0.229338 0.129955 0.004491 0.459848 0.000165
0.020171 0.156030 0.228871 0.129876 0.004429 0.460455 0.000169
0.020174 0.156033 0.228943 0.129499 0.004501 0.460681 0.000170
0.020282 0.154645 0.228493 0.129550 0.004449 0.462408 0.000173
0.020356 0.154165 0.228314 0.129129 0.004476 0.463395 0.000164
0.020283 0.154928 0.228787 0.129025 0.004484 0.462320 0.000173
0.020154 0.153608 0.227522 0.128738 0.004507 0.465304 0.000166
0.020390 0.154019 0.227553 0.128786 0.004505 0.464569 0.000178
0.020637 0.152793 0.227133 0.128505 0.004524 0.466239 0.000169
0.020677 0.152865 0.227156 0.128566 0.004499 0.466077 0.000160
0.020466 0.152428 0.226907 0.128676 0.004517 0.466836 0.000171
0.020849 0.151952 0.226665 0.128107 0.004513 0.467745 0.000169
0.020382 0.150723 0.225903 0.128182 0.004562 0.470073 0.000175
0.020890 0.150810 0.226167 0.128042 0.004518 0.469399 0.000174
0.020895 0.150204 0.225722 0.127545 0.004540 0.470921 0.000173
0.020708 0.150369 0.225496 0.127445 0.004494 0.471318 0.000171
0.020958 0.149511 0.225170 0.127253 0.004540 0.472401 0.000167
0.020714 0.149023 0.224360 0.127147 0.004553 0.474031 0.000171
0.020787 0.149381 0.224074 0.127155 0.004511 0.473919 0.000173
0.021235 0.148434 0.223833 0.126911 0.004585 0.474829 0.000173
0.020901 0.148594 0.224363 0.126674 0.004574 0.474713 0.000182
0.021084 0.148030 0.223175 0.126989 0.004553 0.475985 0.000185
0.021084 0.147141 0.223135 0.126461 0.004556 0.477438 0.000183
0.021436 0.147197 0.223016 0.126516 0.004574 0.477081 0.000181
0.021396 0.147218 0.222642 0.126194 0.004546 0.477819 0.000184
0.021191 0.146316 0.222679 0.126029 0.004543 0.479048 0.000194
0.021239 0.145966 0.222092 0.125811 0.004605 0.480103 0.000185
0.021498 0.145962 0.221870 0.125978 0.004584 0.479916 0.000192
0.021572 0.144752 0.221489 0.125810 0.004602 0.481577 0.000197
0.021336 0.145286 0.221406 0.125379 0.004616 0.481786 0.000192
0.021447 0.144473 0.221042 0.125258 0.004658 0.482940 0.000181
0.021678 0.144334 0.220908 0.125243 0.004619 0.483021 0.000197
0.021570 0.144583 0.220642 0.125064 0.004575 0.483387 0.000178
0.021556 0.143457 0.220121 0.124828 0.004559 0.485289 0.000190
