0.999114 0.000863 0.000018 0.000004 0.000000 0.000000 0.000000
0.998658 0.001310 0.000023 0.000003 0.000000 0.000006 0.000000
0.998199 0.001759 0.000027 0.000008 0.000000 0.000007 0.000000
0.997723 0.002220 0.000036 0.000013 0.000000 0.000007 0.000000
0.997227 0.002706 0.000040 0.000018 0.000000 0.000008 0.000000
0.996673 0.003248 0.000049 0.000023 0.000000 0.000007 0.000000
0.995974 0.003930 0.000062 0.000026 0.000000 0.000007 0.000000
0.995383 0.004513 0.000069 0.000027 0.000000 0.000008 0.000000
0.994432 0.005437 0.000093 0.000031 0.000000 0.000007 0.000000
0.993472 0.006388 0.000090 0.000042 0.000000 0.000008 0.000000
0.991945 0.007900 0.000102 0.000046 0.000000 0.000007 0.000000
0.990495 0.009336 0.000103 0.000060 0.000000 0.000006 0.000000
0.987306 0.012427 0.000158 0.000104 0.000000 0.000005 0.000000
0.984662 0.015042 0.000180 0.000112 0.000000 0.000005 0.000000
0.981796 0.017847 0.000205 0.000146 0.000000 0.000006 0.000000
0.977219 0.022377 0.000216 0.000182 0.000000 0.000006 0.000000
0.973701 0.025780 0.000287 0.000226 0.000000 0.000006 0.000000
0.967342 0.032079 0.000332 0.000239 0.000000 0.000008 0.000000
0.964262 0.035078 0.000384 0.000268 0.000000 0.000008 0.000000
0.958618 0.040615 0.000438 0.000317 0.000000 0.000011 0.000000
0.950200 0.048901 0.000519 0.000369 0.000000 0.000011 0.000000
0.941964 0.056949 0.000622 0.000451 0.000000 0.000015 0.000000
0.933119 0.065583 0.000741 0.000540 0.000000 0.000017 0.000000
0.925471 0.072971 0.000899 0.000640 0.000000 0.000018 0.000000
0.913940 0.084240 0.001072 0.000729 0.000000 0.000019 0.000000
0.906164 0.091797 0.001232 0.000780 0.000000 0.000027 0.000000
0.893628 0.104005 0.001486 0.000849 0.000000 0.000032 0.000000
0.880205 0.117045 0.001759 0.000949 0.000000 0.000042 0.000000
0.867110 0.129744 0.002020 0.001077 0.000000 0.000048 0.000000
0.854947 0.141556 0.002202 0.001235 0.000000 0.000060 0.000000
0.840070 0.155986 0.002475 0.001408 0.000000 0.000061 0.000000
0.825452 0.170085 0.002831 0.001568 0.000000 0.000064 0.000000
0.809008 0.185937 0.003199 0.001778 0.000002 0.000077 0.000000
0.794126 0.200236 0.003557 0.001993 0.000001 0.000088 0.000000
0.780692 0.213140 0.003925 0.002139 0.000000 0.000103 0.000000
0.764836 0.228300 0.004392 0.002352 0.000000 0.000121 0.000000
0.746772 0.245626 0.004836 0.002618 0.000000 0.000148 0.000000
0.731779 0.259998 0.005209 0.002844 0.000000 0.000171 0.000000
0.717064 0.274028 0.005612 0.003111 0.000000 0.000186 0.000000
0.702412 0.288016 0.006024 0.003351 0.000000 0.000197 0.000000
0.686560 0.303021 0.006578 0.003621 0.000000 0.000221 0.000000
0.671906 0.316862 0.007082 0.003892 0.000000 0.000257 0.000000
0.654639 0.333216 0.007629 0.004232 0.000000 0.000285 0.000000
0.641298 0.345632 0.008192 0.004571 0.000000 0.000308 0.000000
0.629194 0.356947 0.008667 0.004853 0.000000 0.000339 0.000000
0.615175 0.370013 0.009221 0.005219 0.000000 0.000371 0.000000
0.600864 0.383384 0.009806 0.005562 0.000000 0.000385 0.000000
0.591362 0.392008 0.010341 0.005879 0.000000 0.000410 0.000000
0.578096 0.404180 0.011041 0.006235 0.000001 0.000447 0.000000
0.562873 0.418324 0.011687 0.006624 0.000001 0.000490 0.000000
0.554083 0.426285 0.012174 0.006934 0.000001 0.000523 0.000000
0.542682 0.436437 0.012913 0.007404 0.000002 0.000562 0.000000
0.529825 0.448101 0.013632 0.007832 0.000002 0.000608 0.000000
0.521772 0.455239 0.014193 0.008148 0.000005 0.000644 0.000000
0.511326 0.464683 0.014823 0.008466 0.000007 0.000696 0.000000
0.498047 0.476572 0.015592 0.009039 0.000007 0.000743 0.000000
0.486921 0.486493 0.016366 0.009419 0.000008 0.000793 0.000000
0.476362 0.495769 0.017143 0.009875 0.000009 0.000842 0.000000
0.465024 0.505705 0.017963 0.010388 0.000009 0.000912 0.000000
0.454947 0.514451 0.018809 0.010820 0.000010 0.000963 0.000000
0.445944 0.522213 0.019573 0.011242 0.000009 0.001020 0.000000
0.436652 0.530264 0.020355 0.011622 0.000010 0.001097 0.000000
0.424616 0.540522 0.021424 0.012245 0.000011 0.001182 0.000000
0.417152 0.546752 0.022160 0.012667 0.000013 0.001256 0.000000
0.408097 0.554308 0.023056 0.013176 0.000013 0.001350 0.000000
0.401228 0.559962 0.023729 0.013672 0.000015 0.001394 0.000000
0.386754 0.572087 0.025162 0.014455 0.000018 0.001524 0.000000
0.382547 0.575264 0.025794 0.014781 0.000018 0.001596 0.000000
0.371807 0.584180 0.026853 0.015432 0.000018 0.001710 0.000000
0.361270 0.592869 0.027941 0.016100 0.000019 0.001802 0.000000
0.356846 0.595889 0.028811 0.016542 0.000020 0.001892 0.000000
0.348356 0.602448 0.029985 0.017172 0.000023 0.002015 0.000000
0.345269 0.604475 0.030619 0.017521 0.000023 0.002093 0.000000
0.332579 0.614589 0.032163 0.018391 0.000028 0.002250 0.000000
0.329735 0.616508 0.032646 0.018742 0.000026 0.002342 0.000000
0.315603 0.627574 0.034486 0.019775 0.000029 0.002534 0.000000
0.309653 0.631561 0.035620 0.020490 0.000032 0.002644 0.000000
0.303143 0.636205 0.036715 0.021116 0.000033 0.002788 0.000000
0.296879 0.640673 0.037779 0.021708 0.000038 0.002924 0.000000
0.289534 0.645907 0.039026 0.022412 0.000039 0.003082 0.000000
0.284764 0.648666 0.040216 0.023069 0.000043 0.003242 0.000000
0.278324 0.652878 0.041493 0.023813 0.000043 0.003449 0.000000
0.279836 0.650213 0.042107 0.024260 0.000045 0.003539 0.000000
0.270864 0.656519 0.043666 0.025141 0.000049 0.003761 0.000000
0.260363 0.664319 0.045337 0.025943 0.000052 0.003987 0.000000
0.261260 0.661880 0.046209 0.026451 0.000054 0.004145 0.000000
0.250681 0.669114 0.048231 0.027468 0.000058 0.004449 0.000000
0.244489 0.673419 0.049248 0.028165 0.000061 0.004618 0.000000
0.239617 0.676119 0.050550 0.028843 0.000063 0.004809 0.000000
0.236306 0.677193 0.051817 0.029556 0.000068 0.005060 0.000000
0.228049 0.682797 0.053347 0.030467 0.000074 0.005266 0.000000
0.227574 0.681330 0.054477 0.031048 0.000069 0.005501 0.000000
0.216984 0.689086 0.056104 0.032043 0.000072 0.005711 0.000000
0.210265 0.692612 0.057888 0.033108 0.000079 0.006048 0.000000
0.201300 0.698520 0.059702 0.034098 0.000081 0.006298 0.000000
0.198338 0.699114 0.061066 0.034871 0.000086 0.006526 0.000000
0.197930 0.697573 0.062081 0.035529 0.000082 0.006804 0.000000
0.194063 0.699314 0.063332 0.036169 0.000085 0.007037 0.000000
0.191040 0.699223 0.065079 0.037195 0.000084 0.007379 0.000000
0.187612 0.700713 0.066127 0.037882 0.000093 0.007574 0.000000
0.181312 0.703912 0.067918 0.038882 0.000094 0.007884 0.000000
0.178703 0.703529 0.069678 0.039773 0.000104 0.008214 0.000000
0.177617 0.702949 0.070591 0.040307 0.000104 0.008432 0.000000
0.171159 0.705589 0.072713 0.041614 0.000109 0.008816 0.000000
0.173374 0.702851 0.072872 0.041816 0.000114 0.008974 0.000000
0.180443 0.693776 0.073926 0.042413 0.000121 0.009321 0.000000
0.172131 0.699602 0.075328 0.043219 0.000126 0.009595 0.000000
0.173195 0.695134 0.077065 0.044392 0.000131 0.010084 0.000000
0.175744 0.691309 0.077846 0.044657 0.000133 0.010311 0.000000
0.177292 0.688350 0.078678 0.044948 0.000137 0.010595 0.000000
0.182949 0.681003 0.079538 0.045507 0.000139 0.010862 0.000000
0.177837 0.683051 0.081216 0.046453 0.000140 0.011302 0.000000
0.177269 0.682291 0.081844 0.046908 0.000144 0.011544 0.000000
0.179135 0.678122 0.082972 0.047673 0.000147 0.011951 0.000000
0.181634 0.675210 0.083216 0.047732 0.000142 0.012067 0.000000
0.172287 0.680092 0.085745 0.049031 0.000151 0.012694 0.000000
0.179119 0.673662 0.085394 0.048891 0.000151 0.012782 0.000000
0.175062 0.674665 0.086989 0.049832 0.000164 0.013287 0.000000
0.169568 0.677785 0.088319 0.050623 0.000172 0.013534 0.000000
0.161830 0.680758 0.090930 0.052070 0.000176 0.014236 0.000000
0.163473 0.679512 0.090733 0.051837 0.000171 0.014273 0.000000
0.158858 0.680622 0.092593 0.052927 0.000174 0.014826 0.000000
0.152649 0.682781 0.094827 0.054099 0.000184 0.015459 0.000000
0.149263 0.685525 0.095070 0.054343 0.000180 0.015618 0.000000
0.140018 0.689009 0.098352 0.055999 0.000199 0.016423 0.000000
0.135086 0.691913 0.099287 0.056666 0.000195 0.016852 0.000000
0.131458 0.692444 0.100854 0.057641 0.000214 0.017388 0.000000
0.126648 0.694757 0.102242 0.058402 0.000212 0.017739 0.000000
0.122531 0.695327 0.104102 0.059465 0.000216 0.018358 0.000000
0.117027 0.695724 0.106913 0.061054 0.000223 0.019059 0.000000
0.116777 0.693576 0.108190 0.061735 0.000233 0.019490 0.000000
0.115639 0.692560 0.109254 0.062425 0.000234 0.019888 0.000000
0.116785 0.689222 0.110294 0.063068 0.000240 0.020393 0.000000
0.113006 0.688543 0.112680 0.064285 0.000245 0.021241 0.000000
0.110911 0.688065 0.114013 0.065060 0.000251 0.021699 0.000000
0.113875 0.684750 0.114098 0.065205 0.000260 0.021812 0.000000
0.104644 0.688168 0.117251 0.066954 0.000267 0.022716 0.000000
0.102766 0.688167 0.118125 0.067462 0.000271 0.023208 0.000000
0.098762 0.687136 0.120918 0.068763 0.000287 0.024134 0.000000
0.100292 0.686543 0.120191 0.068599 0.000287 0.024089 0.000000
0.093797 0.687747 0.122959 0.070259 0.000296 0.024942 0.000000
0.092162 0.685775 0.124983 0.071233 0.000309 0.025538 0.000000
0.090164 0.684682 0.126411 0.072019 0.000313 0.026411 0.000000
0.088533 0.683047 0.128138 0.072999 0.000332 0.026951 0.000000
0.086086 0.682857 0.129366 0.073780 0.000333 0.027577 0.000000
0.083285 0.682183 0.131042 0.074835 0.000360 0.028296 0.000000
0.081218 0.681077 0.132769 0.075653 0.000353 0.028930 0.000000
0.079360 0.680770 0.133781 0.076279 0.000368 0.029443 0.000000
0.074418 0.681965 0.135604 0.077399 0.000367 0.030246 0.000000
0.071859 0.680945 0.137465 0.078395 0.000374 0.030963 0.000000
0.067582 0.681274 0.139480 0.079533 0.000384 0.031747 0.000000
0.064343 0.680774 0.141263 0.080630 0.000397 0.032594 0.000000
0.063593 0.677845 0.142973 0.081736 0.000406 0.033447 0.000000
0.060843 0.677252 0.144806 0.082676 0.000415 0.034008 0.000000
0.062284 0.675505 0.144768 0.082542 0.000425 0.034476 0.000000
0.059512 0.674445 0.146771 0.083496 0.000436 0.035339 0.000000
0.056011 0.672868 0.149256 0.085018 0.000441 0.036406 0.000000
0.054469 0.672777 0.150009 0.085327 0.000449 0.036969 0.000000
0.050588 0.671967 0.152284 0.086844 0.000453 0.037864 0.000000
0.050253 0.670021 0.153542 0.087337 0.000456 0.038391 0.000000
0.047573 0.668795 0.155239 0.088464 0.000474 0.039455 0.000000
0.046729 0.668114 0.155989 0.088961 0.000481 0.039727 0.000000
0.042921 0.666262 0.158878 0.090351 0.000497 0.041092 0.000000
0.043819 0.663733 0.159583 0.090916 0.000508 0.041441 0.000000
0.045906 0.659889 0.160373 0.091348 0.000506 0.041978 0.000000
0.043769 0.657138 0.162633 0.092814 0.000509 0.043136 0.000000
0.044916 0.655526 0.162876 0.092834 0.000515 0.043333 0.000000
0.041901 0.655011 0.164614 0.093530 0.000544 0.044400 0.000000
0.044838 0.650628 0.165118 0.094121 0.000531 0.044764 0.000000
0.044014 0.647369 0.166818 0.095142 0.000580 0.046075 0.000001
0.042933 0.644640 0.168949 0.096019 0.000557 0.046902 0.000002
0.041981 0.643021 0.169840 0.096914 0.000575 0.047668 0.000001
0.041967 0.640973 0.170753 0.097334 0.000583 0.048389 0.000001
0.040205 0.638732 0.172745 0.098395 0.000610 0.049312 0.000001
0.042032 0.637260 0.172409 0.098368 0.000606 0.049323 0.000001
0.039488 0.634127 0.175122 0.099710 0.000621 0.050932 0.000001
0.038309 0.634874 0.175207 0.099936 0.000605 0.051067 0.000001
0.036786 0.630859 0.177770 0.101165 0.000648 0.052771 0.000001
0.036352 0.630137 0.178091 0.101595 0.000636 0.053188 0.000001
0.034077 0.630064 0.179384 0.102056 0.000652 0.053764 0.000003
0.033071 0.626945 0.181134 0.103082 0.000667 0.055098 0.000003
0.033792 0.623486 0.182187 0.103852 0.000662 0.056018 0.000003
0.033398 0.623533 0.182453 0.103839 0.000671 0.056101 0.000005
0.028642 0.622228 0.185355 0.105581 0.000708 0.057483 0.000004
0.031398 0.620468 0.184665 0.105176 0.000702 0.057587 0.000004
0.030649 0.619487 0.185458 0.105590 0.000702 0.058110 0.000004
0.027815 0.615549 0.188533 0.107322 0.000736 0.060042 0.000003
0.027188 0.613014 0.189888 0.107982 0.000746 0.061178 0.000003
0.026339 0.611323 0.190810 0.108751 0.000751 0.062022 0.000004
0.026578 0.610025 0.191103 0.109003 0.000758 0.062529 0.000005
0.025231 0.607649 0.192922 0.109842 0.000759 0.063592 0.000006
0.025214 0.604763 0.194193 0.110247 0.000779 0.064800 0.000005
0.024086 0.603819 0.194885 0.111031 0.000782 0.065391 0.000005
0.024240 0.602302 0.195356 0.111251 0.000798 0.066046 0.000006
0.023634 0.598931 0.197104 0.112230 0.000820 0.067277 0.000004
0.023613 0.599043 0.196789 0.112399 0.000814 0.067336 0.000007
0.022486 0.594825 0.199241 0.113558 0.000830 0.069053 0.000006
0.021880 0.593834 0.199909 0.114004 0.000832 0.069535 0.000005
0.022717 0.592049 0.200222 0.114062 0.000824 0.070120 0.000006
0.021690 0.588703 0.202324 0.114977 0.000845 0.071454 0.000007
0.026127 0.583759 0.202193 0.114987 0.000853 0.072074 0.000007
0.029068 0.580795 0.202025 0.114820 0.000847 0.072437 0.000008
0.027503 0.578823 0.203547 0.115653 0.000877 0.073590 0.000008
0.029383 0.574660 0.204307 0.116260 0.000882 0.074500 0.000008
0.031203 0.574337 0.203567 0.115910 0.000882 0.074096 0.000005
0.031870 0.569917 0.204857 0.116554 0.000904 0.075889 0.000009
0.030942 0.568055 0.206145 0.117216 0.000910 0.076726 0.000006
0.034040 0.566151 0.205361 0.116823 0.000912 0.076707 0.000006
0.034072 0.561903 0.206877 0.117891 0.000925 0.078325 0.000008
0.041815 0.557363 0.205117 0.116903 0.000923 0.077873 0.000007
0.039469 0.556142 0.206561 0.117593 0.000956 0.079272 0.000007
0.040764 0.554053 0.206669 0.117599 0.000936 0.079971 0.000008
0.037713 0.553565 0.208098 0.118415 0.000969 0.081234 0.000006
0.039800 0.551052 0.208189 0.118497 0.000956 0.081499 0.000007
0.039591 0.549377 0.208773 0.118890 0.000975 0.082386 0.000008
0.037990 0.549172 0.209640 0.119100 0.000963 0.083126 0.000009
0.035584 0.547388 0.211239 0.120280 0.001002 0.084500 0.000007
0.036504 0.546232 0.211278 0.119881 0.001009 0.085086 0.000010
0.036304 0.543602 0.211839 0.120661 0.001044 0.086542 0.000008
0.034738 0.542896 0.212917 0.121344 0.001046 0.087049 0.000009
0.037999 0.537201 0.213653 0.121470 0.001077 0.088594 0.000007
0.038437 0.536338 0.213782 0.121683 0.001048 0.088705 0.000007
0.038387 0.536441 0.213622 0.121487 0.001066 0.088991 0.000007
0.036141 0.533422 0.215607 0.122770 0.001083 0.090968 0.000009
0.043262 0.530803 0.213203 0.121357 0.001083 0.090282 0.000009
0.035663 0.529681 0.217169 0.123574 0.001113 0.092793 0.000008
0.037411 0.528483 0.216507 0.123203 0.001099 0.093288 0.000009
0.038406 0.527520 0.216279 0.123079 0.001116 0.093594 0.000006
0.035689 0.526947 0.217645 0.123979 0.001122 0.094611 0.000007
0.036681 0.525386 0.217833 0.123816 0.001152 0.095123 0.000009
0.033653 0.524069 0.219457 0.124766 0.001146 0.096901 0.000008
0.036010 0.522198 0.219204 0.124334 0.001179 0.097067 0.000008
0.033643 0.522342 0.219917 0.125119 0.001174 0.097796 0.000009
0.033114 0.519132 0.221153 0.125799 0.001176 0.099616 0.000009
0.027417 0.517956 0.224571 0.127318 0.001240 0.101488 0.000010
0.027194 0.517250 0.224550 0.127606 0.001237 0.102154 0.000009
0.026731 0.515050 0.225567 0.127981 0.001239 0.103425 0.000007
0.026389 0.516869 0.224723 0.127950 0.001221 0.102837 0.000010
0.025341 0.512722 0.226678 0.128970 0.001262 0.105018 0.000008
0.023822 0.512567 0.227280 0.128998 0.001260 0.106064 0.000009
0.024444 0.509600 0.228012 0.129473 0.001297 0.107166 0.000008
0.022195 0.509549 0.228775 0.130272 0.001287 0.107914 0.000008
0.021308 0.507838 0.229943 0.130682 0.001320 0.108898 0.000010
0.020077 0.505107 0.231578 0.131232 0.001367 0.110631 0.000008
0.019114 0.503047 0.232529 0.132096 0.001363 0.111843 0.000007
0.019025 0.501801 0.232715 0.132114 0.001376 0.112960 0.000008
0.018323 0.499924 0.233700 0.132676 0.001372 0.113995 0.000010
0.018384 0.498958 0.233749 0.132894 0.001374 0.114632 0.000008
0.017371 0.496129 0.235242 0.133781 0.001403 0.116065 0.000008
0.017352 0.495057 0.235518 0.133787 0.001404 0.116872 0.000010
0.017559 0.492693 0.236249 0.133908 0.001442 0.118137 0.000012
0.016310 0.489276 0.238021 0.135134 0.001419 0.119830 0.000010
0.016827 0.489697 0.237423 0.134878 0.001446 0.119718 0.000010
0.016088 0.486037 0.238769 0.135876 0.001464 0.121754 0.000011
0.016193 0.485442 0.238723 0.135915 0.001454 0.122261 0.000011
0.016090 0.484768 0.239122 0.135994 0.001484 0.122532 0.000010
0.016037 0.482934 0.239810 0.136227 0.001469 0.123512 0.000011
0.015162 0.478632 0.241753 0.137186 0.001496 0.125760 0.000011
0.015410 0.478924 0.241312 0.137031 0.001481 0.125834 0.000010
0.015033 0.475072 0.242565 0.137671 0.001545 0.128104 0.000010
0.014823 0.474124 0.242980 0.137851 0.001519 0.128692 0.000011
0.014557 0.471622 0.243845 0.138218 0.001525 0.130221 0.000012
0.014912 0.471033 0.243594 0.138426 0.001518 0.130506 0.000012
0.014502 0.469849 0.244083 0.138519 0.001550 0.131485 0.000012
0.018868 0.465927 0.243440 0.138122 0.001555 0.132075 0.000013
0.023462 0.463421 0.242160 0.137584 0.001537 0.131822 0.000013
0.024460 0.462082 0.242106 0.137593 0.001541 0.132206 0.000012
0.027705 0.456199 0.242711 0.137903 0.001580 0.133892 0.000011
0.026882 0.454484 0.243715 0.138094 0.001588 0.135223 0.000014
0.024073 0.454527 0.244593 0.138820 0.001615 0.136356 0.000015
0.023859 0.454856 0.244073 0.138460 0.001614 0.137125 0.000014
0.030341 0.449688 0.243290 0.137840 0.001575 0.137252 0.000014
0.034679 0.446140 0.242448 0.137448 0.001592 0.137678 0.000015
0.039917 0.444386 0.240691 0.136304 0.001597 0.137089 0.000015
0.036605 0.443674 0.241913 0.137216 0.001593 0.138984 0.000014
0.038215 0.443163 0.240969 0.136932 0.001621 0.139084 0.000015
0.037189 0.441266 0.242029 0.137430 0.001624 0.140445 0.000016
0.033760 0.438647 0.244415 0.138404 0.001663 0.143097 0.000014
0.036780 0.440529 0.242276 0.137260 0.001637 0.141503 0.000015
0.036246 0.439934 0.242597 0.137391 0.001656 0.142160 0.000015
0.035343 0.437919 0.243232 0.137766 0.001665 0.144060 0.000016
0.033293 0.438093 0.243655 0.138275 0.001655 0.145014 0.000016
0.032900 0.437166 0.244118 0.138195 0.001654 0.145952 0.000016
0.028278 0.436573 0.246289 0.139584 0.001692 0.147568 0.000015
0.029193 0.434000 0.245913 0.139486 0.001732 0.149659 0.000017
0.029001 0.436272 0.245307 0.139346 0.001711 0.148346 0.000017
0.027166 0.435738 0.245850 0.139426 0.001721 0.150083 0.000016
0.025374 0.434181 0.246946 0.139951 0.001749 0.151782 0.000017
0.023642 0.431961 0.248376 0.140917 0.001763 0.153325 0.000016
0.020946 0.429440 0.250206 0.142254 0.001814 0.155320 0.000019
0.020132 0.430159 0.250389 0.142088 0.001789 0.155427 0.000017
0.022065 0.428960 0.249403 0.141552 0.001797 0.156208 0.000016
0.020363 0.425887 0.251154 0.142441 0.001825 0.158312 0.000017
0.019060 0.424566 0.252028 0.142954 0.001843 0.159530 0.000019
0.017378 0.422578 0.252961 0.143670 0.001857 0.161537 0.000020
0.017435 0.421517 0.253162 0.143600 0.001842 0.162424 0.000020
0.016179 0.418869 0.254540 0.144625 0.001893 0.163873 0.000021
0.016605 0.417671 0.254464 0.144401 0.001929 0.164910 0.000020
0.016122 0.417813 0.254322 0.144711 0.001897 0.165118 0.000016
0.016112 0.417308 0.254134 0.144736 0.001905 0.165787 0.000018
0.014968 0.413948 0.256181 0.145042 0.001919 0.167922 0.000019
0.015218 0.413136 0.255727 0.145050 0.001936 0.168916 0.000019
0.014931 0.409687 0.256686 0.145727 0.001935 0.171015 0.000019
0.014158 0.410030 0.257004 0.145849 0.001976 0.170965 0.000018
0.026768 0.405687 0.252953 0.143645 0.001932 0.168998 0.000018
0.026058 0.402703 0.253943 0.144384 0.001938 0.170956 0.000019
0.027324 0.400889 0.253546 0.144348 0.001987 0.171887 0.000018
0.028722 0.397982 0.253937 0.144220 0.001993 0.173129 0.000017
0.028390 0.396971 0.254252 0.144276 0.002010 0.174083 0.000018
0.026683 0.395791 0.255153 0.144733 0.002007 0.175615 0.000017
0.026286 0.396321 0.255048 0.144703 0.002028 0.175589 0.000025
0.029098 0.395111 0.253517 0.143972 0.002024 0.176258 0.000019
0.027278 0.394855 0.254305 0.144493 0.002030 0.177018 0.000021
0.021665 0.394176 0.256647 0.145854 0.002061 0.179575 0.000022
0.025995 0.393978 0.254646 0.144595 0.002052 0.178714 0.000020
0.023534 0.389757 0.256826 0.145933 0.002066 0.181862 0.000021
0.023709 0.389718 0.256486 0.145512 0.002065 0.182488 0.000021
0.020446 0.388991 0.257616 0.146537 0.002118 0.184270 0.000022
0.022014 0.389372 0.256601 0.145607 0.002093 0.184294 0.000020
0.019955 0.383706 0.258944 0.147373 0.002173 0.187828 0.000021
0.019056 0.386248 0.258499 0.146850 0.002113 0.187211 0.000022
0.019051 0.385158 0.258210 0.146699 0.002125 0.188734 0.000023
0.017502 0.384243 0.258861 0.147387 0.002141 0.189844 0.000023
0.017133 0.380843 0.260024 0.147764 0.002196 0.192014 0.000025
0.016956 0.380517 0.259776 0.147810 0.002166 0.192755 0.000021
0.015837 0.378883 0.260794 0.148284 0.002200 0.193981 0.000022
0.015592 0.378464 0.260610 0.148337 0.002219 0.194752 0.000025
0.015117 0.377479 0.260751 0.148628 0.002209 0.195792 0.000024
0.014203 0.374689 0.261875 0.148922 0.002229 0.198057 0.000025
0.014921 0.374511 0.260937 0.148608 0.002223 0.198774 0.000026
0.013957 0.374280 0.261580 0.148778 0.002231 0.199149 0.000025
0.014754 0.371792 0.261788 0.148901 0.002239 0.200501 0.000024
0.013695 0.369110 0.262738 0.149297 0.002257 0.202877 0.000026
0.013724 0.367420 0.262506 0.149832 0.002279 0.204212 0.000027
0.012733 0.365292 0.263877 0.150264 0.002286 0.205521 0.000027
0.013498 0.365542 0.263239 0.149666 0.002275 0.205752 0.000029
0.013146 0.364096 0.263676 0.150042 0.002302 0.206709 0.000029
0.013586 0.363124 0.263659 0.149955 0.002280 0.207367 0.000028
0.026243 0.359512 0.259515 0.147439 0.002263 0.204998 0.000029
0.026564 0.357303 0.259535 0.147954 0.002325 0.206291 0.000028
0.028077 0.355913 0.258907 0.147456 0.002306 0.207311 0.000031
0.027506 0.354713 0.259538 0.147885 0.002300 0.208028 0.000030
0.025016 0.354559 0.260121 0.148074 0.002319 0.209877 0.000034
0.024083 0.351668 0.261223 0.148710 0.002344 0.211942 0.000030
0.024460 0.351970 0.260491 0.148192 0.002316 0.212543 0.000029
0.024946 0.351140 0.260284 0.148176 0.002356 0.213068 0.000030
0.022834 0.351381 0.261235 0.148373 0.002330 0.213815 0.000032
0.026503 0.350020 0.259039 0.147681 0.002333 0.214393 0.000032
0.024859 0.349417 0.259921 0.147944 0.002353 0.215476 0.000030
0.022035 0.350949 0.260573 0.148305 0.002370 0.215737 0.000031
0.022414 0.346812 0.261229 0.148342 0.002417 0.218756 0.000031
0.021300 0.348380 0.260479 0.148502 0.002415 0.218896 0.000029
0.028894 0.344682 0.258739 0.147413 0.002387 0.217852 0.000034
0.034071 0.343911 0.256364 0.146169 0.002426 0.217028 0.000030
0.030689 0.343948 0.257621 0.146591 0.002390 0.218731 0.000030
0.034565 0.339939 0.257018 0.146589 0.002426 0.219434 0.000029
0.034733 0.341979 0.255847 0.145629 0.002391 0.219395 0.000026
0.032820 0.341175 0.256653 0.146157 0.002382 0.220784 0.000030
0.031629 0.340100 0.256610 0.146226 0.002439 0.222965 0.000030
0.029533 0.336932 0.258434 0.147177 0.002428 0.225461 0.000034
0.027771 0.336638 0.259238 0.147389 0.002468 0.226465 0.000031
0.029964 0.340023 0.256703 0.145972 0.002452 0.224851 0.000034
0.028149 0.339485 0.257456 0.146668 0.002427 0.225784 0.000032
0.023264 0.334540 0.260597 0.148097 0.002523 0.230946 0.000034
0.021587 0.334148 0.261315 0.148929 0.002517 0.231474 0.000030
0.022139 0.333484 0.260233 0.148558 0.002514 0.233037 0.000034
0.022404 0.334434 0.259801 0.148038 0.002529 0.232764 0.000030
0.019452 0.331926 0.261376 0.149141 0.002538 0.235533 0.000033
0.019954 0.331801 0.261078 0.148646 0.002556 0.235931 0.000033
0.018159 0.330912 0.261882 0.149259 0.002535 0.237220 0.000032
0.018740 0.328656 0.261633 0.149121 0.002583 0.239232 0.000035
0.017312 0.326779 0.262737 0.149563 0.002606 0.240967 0.000036
0.018244 0.327875 0.261743 0.149074 0.002588 0.240437 0.000039
0.015994 0.325481 0.263464 0.149909 0.002643 0.242475 0.000033
0.016326 0.324953 0.262893 0.149735 0.002635 0.243414 0.000044
0.016364 0.326701 0.262090 0.149126 0.002628 0.243053 0.000037
0.015008 0.323201 0.263540 0.149886 0.002656 0.245671 0.000038
0.013762 0.318448 0.265427 0.150893 0.002688 0.248744 0.000038
0.013703 0.318596 0.264850 0.150985 0.002676 0.249151 0.000039
0.013463 0.315832 0.265454 0.151177 0.002691 0.251345 0.000038
0.014125 0.316602 0.264597 0.150599 0.002717 0.251318 0.000043
0.013661 0.313972 0.265113 0.150865 0.002776 0.253570 0.000042
0.014433 0.315933 0.264171 0.150087 0.002742 0.252595 0.000039
0.013460 0.313485 0.265032 0.150788 0.002735 0.254460 0.000041
0.013103 0.312466 0.265259 0.150540 0.002765 0.255821 0.000045
0.013310 0.312903 0.264590 0.150645 0.002769 0.255743 0.000040
0.012725 0.308175 0.265786 0.151318 0.002802 0.259153 0.000040
0.012699 0.309240 0.265431 0.151224 0.002826 0.258533 0.000047
0.012669 0.307391 0.265159 0.151192 0.002804 0.260740 0.000044
0.012282 0.305825 0.265963 0.151831 0.002796 0.261265 0.000038
0.012162 0.303322 0.266161 0.151791 0.002842 0.263680 0.000042
0.012230 0.303527 0.265947 0.151413 0.002886 0.263954 0.000043
0.011926 0.302153 0.266440 0.151752 0.002860 0.264826 0.000043
0.011992 0.299532 0.266443 0.152031 0.002861 0.267097 0.000045
0.012165 0.299420 0.266195 0.151557 0.002892 0.267730 0.000042
0.012279 0.300131 0.265988 0.151287 0.002900 0.267370 0.000044
0.012051 0.296969 0.266316 0.151704 0.002918 0.270001 0.000040
0.012050 0.296505 0.266067 0.151635 0.002930 0.270768 0.000045
0.011994 0.296237 0.265839 0.151628 0.002923 0.271333 0.000045
0.025033 0.293529 0.261201 0.149383 0.002883 0.267923 0.000047
0.026631 0.293131 0.260646 0.148734 0.002889 0.267921 0.000047
0.029777 0.290082 0.259937 0.148316 0.002903 0.268944 0.000042
0.026315 0.289370 0.261276 0.148859 0.002946 0.271191 0.000044
0.024901 0.290129 0.261245 0.149251 0.002938 0.271483 0.000053
0.027234 0.288378 0.260650 0.148620 0.002926 0.272143 0.000050
0.025498 0.289029 0.260616 0.148329 0.002912 0.273569 0.000047
0.027367 0.286995 0.260073 0.148177 0.002940 0.274401 0.000049
0.023913 0.288371 0.261191 0.148759 0.002927 0.274794 0.000044
0.027957 0.288011 0.258205 0.147604 0.002962 0.275216 0.000045
0.022909 0.287101 0.260868 0.148584 0.002932 0.277554 0.000051
0.022613 0.287932 0.260391 0.148276 0.002947 0.277788 0.000053
0.024099 0.288119 0.259278 0.147903 0.002974 0.277578 0.000049
0.023837 0.286378 0.259294 0.147671 0.002999 0.279767 0.000052
0.021278 0.285931 0.260509 0.148442 0.002983 0.280800 0.000057
0.018927 0.284348 0.261030 0.148934 0.003048 0.283661 0.000053
0.018261 0.282044 0.261778 0.149359 0.003012 0.285490 0.000057
0.017031 0.280773 0.262082 0.149304 0.003059 0.287691 0.000059
0.017594 0.280524 0.261675 0.149213 0.003039 0.287901 0.000054
0.015612 0.278076 0.263605 0.149866 0.003084 0.289708 0.000049
0.017245 0.279966 0.262178 0.149215 0.003070 0.288266 0.000061
0.016771 0.279408 0.261389 0.148923 0.003127 0.290326 0.000056
0.015792 0.278887 0.261914 0.148982 0.003155 0.291214 0.000057
0.015501 0.275842 0.262299 0.149235 0.003137 0.293925 0.000061
0.014049 0.274628 0.262872 0.149792 0.003154 0.295440 0.000065
0.013920 0.272723 0.263611 0.149981 0.003215 0.296490 0.000061
0.015760 0.276467 0.261113 0.148617 0.003200 0.294782 0.000060
0.013666 0.273603 0.263002 0.149636 0.003152 0.296874 0.000067
0.013807 0.271092 0.262899 0.149962 0.003222 0.298952 0.000066
0.013620 0.269291 0.263148 0.149705 0.003219 0.300955 0.000061
0.013717 0.270352 0.262504 0.149688 0.003210 0.300469 0.000061
0.013416 0.266680 0.263060 0.149828 0.003232 0.303717 0.000067
0.013220 0.267865 0.262675 0.149750 0.003216 0.303210 0.000064
0.013132 0.266923 0.262354 0.149576 0.003242 0.304711 0.000062
0.013031 0.264551 0.262749 0.149693 0.003251 0.306660 0.000065
0.012690 0.264368 0.262837 0.150153 0.003296 0.306593 0.000063
0.012674 0.263577 0.262192 0.150004 0.003297 0.308193 0.000063
0.012612 0.261719 0.262898 0.149731 0.003285 0.309690 0.000064
0.012633 0.259572 0.262480 0.150095 0.003329 0.311824 0.000067
0.012413 0.259958 0.262343 0.149823 0.003326 0.312069 0.000068
0.012840 0.259152 0.262315 0.149484 0.003405 0.312738 0.000066
0.012469 0.258194 0.262325 0.149619 0.003348 0.313974 0.000070
0.012363 0.256628 0.262505 0.149972 0.003396 0.315072 0.000064
0.012593 0.256469 0.262044 0.149382 0.003406 0.316038 0.000068
0.012136 0.254317 0.262530 0.149686 0.003416 0.317844 0.000071
0.012557 0.255265 0.261958 0.149547 0.003353 0.317253 0.000066
0.012430 0.251783 0.262084 0.149644 0.003448 0.320549 0.000063
0.012161 0.251541 0.262700 0.149587 0.003413 0.320533 0.000064
0.012382 0.250943 0.261857 0.149220 0.003406 0.322123 0.000069
0.012612 0.251660 0.261096 0.148870 0.003475 0.322223 0.000064
0.012606 0.251673 0.261032 0.149032 0.003409 0.322182 0.000067
0.012360 0.248031 0.261356 0.149344 0.003501 0.325334 0.000074
0.012639 0.250955 0.260688 0.148358 0.003455 0.323833 0.000073
0.012410 0.246408 0.261373 0.149208 0.003519 0.327012 0.000070
0.012309 0.245673 0.261334 0.149055 0.003504 0.328049 0.000075
0.012385 0.245063 0.261256 0.148698 0.003526 0.328994 0.000078
0.012498 0.244100 0.261061 0.148719 0.003437 0.330115 0.000071
0.012334 0.243745 0.260549 0.148613 0.003537 0.331150 0.000072
0.012421 0.242515 0.260879 0.148680 0.003505 0.331921 0.000080
0.012393 0.241384 0.260791 0.148578 0.003547 0.333229 0.000079
0.012505 0.240852 0.260615 0.148458 0.003519 0.333974 0.000077
0.012451 0.241931 0.260302 0.148153 0.003504 0.333588 0.000071
0.012453 0.239790 0.259995 0.148018 0.003528 0.336140 0.000076
0.012333 0.236951 0.260288 0.148595 0.003547 0.338212 0.000074
0.012469 0.239696 0.259846 0.148250 0.003483 0.336172 0.000085
0.012677 0.238226 0.259499 0.147918 0.003552 0.338052 0.000075
0.012653 0.238617 0.259532 0.147414 0.003563 0.338138 0.000084
0.012546 0.236044 0.259316 0.147695 0.003587 0.340731 0.000081
0.012512 0.235273 0.259707 0.147984 0.003578 0.340870 0.000075
0.012676 0.232748 0.259598 0.147674 0.003611 0.343614 0.000080
0.012621 0.234181 0.258920 0.147492 0.003629 0.343075 0.000081
0.012752 0.231536 0.259166 0.147562 0.003625 0.345283 0.000077
0.012811 0.232899 0.258782 0.147642 0.003562 0.344221 0.000083
0.012619 0.228978 0.259128 0.147792 0.003689 0.347713 0.000080
0.012737 0.229577 0.258839 0.147562 0.003659 0.347545 0.000081
0.012755 0.229920 0.258294 0.147300 0.003614 0.348037 0.000081
0.012775 0.230012 0.257674 0.147106 0.003661 0.348690 0.000083
0.012628 0.227533 0.258191 0.147088 0.003672 0.350805 0.000082
0.012768 0.226249 0.257772 0.146988 0.003692 0.352445 0.000086
0.012768 0.226219 0.257910 0.146970 0.003672 0.352380 0.000081
0.012677 0.225454 0.257367 0.146982 0.003685 0.353745 0.000089
0.012891 0.226257 0.257101 0.146846 0.003674 0.353149 0.000083
0.012941 0.223621 0.256870 0.146815 0.003773 0.355899 0.000081
0.012874 0.223461 0.257006 0.146464 0.003715 0.356396 0.000084
0.012887 0.222678 0.256455 0.146345 0.003763 0.357782 0.000089
0.012843 0.222119 0.256554 0.146192 0.003744 0.358456 0.000092
0.012913 0.222086 0.256703 0.146015 0.003770 0.358426 0.000086
0.012936 0.220179 0.256767 0.146011 0.003740 0.360279 0.000087
0.012931 0.220454 0.256121 0.145920 0.003796 0.360690 0.000089
0.012966 0.219222 0.255848 0.145743 0.003805 0.362320 0.000096
0.013083 0.219243 0.255839 0.145425 0.003798 0.362525 0.000087
0.013108 0.216433 0.256306 0.145994 0.003789 0.364276 0.000094
0.013069 0.216046 0.255762 0.145573 0.003822 0.365641 0.000087
0.013050 0.216197 0.254903 0.145359 0.003800 0.366601 0.000089
0.013149 0.215513 0.255026 0.145289 0.003766 0.367168 0.000089
0.013101 0.213626 0.254476 0.145040 0.003855 0.369817 0.000087
0.013224 0.214188 0.254428 0.145247 0.003822 0.369007 0.000084
0.013146 0.214452 0.254265 0.145058 0.003851 0.369133 0.000095
0.013341 0.213041 0.254147 0.144779 0.003804 0.370794 0.000093
0.013210 0.211655 0.253877 0.144643 0.003840 0.372682 0.000092
0.013341 0.210789 0.253732 0.144638 0.003818 0.373599 0.000083
0.013287 0.210577 0.253971 0.144528 0.003859 0.373683 0.000095
0.013493 0.208956 0.253828 0.144334 0.003938 0.375358 0.000094
0.013300 0.210319 0.253045 0.144464 0.003904 0.374878 0.000091
0.013393 0.208421 0.253252 0.144401 0.003930 0.376508 0.000095
0.013554 0.208594 0.252799 0.143942 0.003944 0.377075 0.000091
0.013471 0.206551 0.253023 0.143891 0.003960 0.379002 0.000102
0.013569 0.208188 0.252176 0.143898 0.003895 0.378177 0.000096
0.013480 0.207040 0.252223 0.143788 0.003933 0.379438 0.000097
0.013542 0.204540 0.252309 0.143623 0.003977 0.381913 0.000096
0.013506 0.205534 0.252137 0.143436 0.003954 0.381332 0.000102
0.013462 0.204970 0.251844 0.143106 0.003990 0.382526 0.000102
0.013667 0.204060 0.251637 0.143159 0.003926 0.383452 0.000099
0.013583 0.202054 0.251642 0.143157 0.003967 0.385498 0.000099
0.013750 0.201964 0.250652 0.143020 0.003962 0.386545 0.000107
0.013523 0.202187 0.250803 0.143073 0.003965 0.386337 0.000111
0.013637 0.200668 0.250048 0.143169 0.003967 0.388407 0.000106
0.013721 0.199795 0.250504 0.142537 0.003954 0.389376 0.000111
0.013823 0.199978 0.250639 0.142632 0.003950 0.388865 0.000114
0.013709 0.200447 0.250171 0.142353 0.003959 0.389257 0.000103
0.013763 0.197649 0.249718 0.142438 0.004004 0.392324 0.000104
0.013802 0.196905 0.249513 0.142003 0.003997 0.393672 0.000109
0.013917 0.198588 0.249320 0.142175 0.004011 0.391889 0.000100
0.013888 0.197272 0.248927 0.141809 0.004037 0.393959 0.000107
0.014019 0.197443 0.248724 0.141674 0.004005 0.394025 0.000110
0.013945 0.196830 0.248704 0.141887 0.004026 0.394491 0.000117
0.014063 0.194806 0.248441 0.141710 0.004108 0.396760 0.000112
0.014074 0.194632 0.248064 0.141657 0.004082 0.397383 0.000109
0.013964 0.192149 0.247895 0.141483 0.004028 0.400367 0.000114
0.014030 0.193591 0.247908 0.141276 0.004088 0.398994 0.000113
0.014053 0.192936 0.247269 0.141079 0.004076 0.400472 0.000116
0.014021 0.192767 0.247233 0.141116 0.004047 0.400705 0.000112
0.014102 0.191062 0.246995 0.140739 0.004072 0.402904 0.000126
0.014242 0.190792 0.246797 0.140724 0.004117 0.403210 0.000118
0.014157 0.189635 0.246386 0.140295 0.004068 0.405346 0.000114
0.014096 0.191157 0.246441 0.140807 0.004069 0.403305 0.000125
0.014335 0.189775 0.246341 0.140394 0.004107 0.404936 0.000112
0.014320 0.189280 0.246120 0.140063 0.004120 0.405976 0.000123
0.014254 0.187354 0.245659 0.139796 0.004155 0.408663 0.000120
0.014330 0.188291 0.244704 0.139801 0.004143 0.408610 0.000121
0.014495 0.185099 0.244873 0.139776 0.004163 0.411475 0.000119
0.014503 0.185216 0.244968 0.139819 0.004179 0.411194 0.000122
0.014474 0.187343 0.244849 0.139737 0.004114 0.409366 0.000118
0.014463 0.184662 0.244270 0.139505 0.004191 0.412776 0.000133
0.014618 0.184296 0.244037 0.139254 0.004187 0.413479 0.000128
0.014479 0.183628 0.243803 0.138897 0.004170 0.414887 0.000137
0.014727 0.182579 0.243282 0.139252 0.004237 0.415789 0.000133
0.014485 0.183115 0.243286 0.138909 0.004186 0.415892 0.000126
0.014621 0.183247 0.243070 0.138674 0.004183 0.416072 0.000133
0.014641 0.180941 0.242818 0.138425 0.004228 0.418810 0.000137
0.014736 0.180208 0.242386 0.138469 0.004237 0.419836 0.000127
0.014546 0.181763 0.242467 0.138330 0.004209 0.418550 0.000136
0.014757 0.179818 0.241969 0.138009 0.004252 0.421061 0.000134
0.014752 0.180135 0.242176 0.137879 0.004216 0.420704 0.000139
0.014766 0.179587 0.241413 0.137699 0.004208 0.422189 0.000138
0.014935 0.179025 0.241513 0.137846 0.004267 0.422282 0.000131
0.014906 0.178483 0.240931 0.137721 0.004270 0.423560 0.000128
0.015097 0.176648 0.240618 0.137603 0.004269 0.425631 0.000133
0.015034 0.176273 0.240621 0.137187 0.004259 0.426498 0.000129
0.015130 0.175835 0.240031 0.137025 0.004279 0.427559 0.000141
0.014961 0.174725 0.239949 0.137163 0.004270 0.428797 0.000135
0.014923 0.176662 0.239743 0.136864 0.004292 0.427383 0.000134
0.014996 0.175620 0.239824 0.136910 0.004315 0.428194 0.000141
0.015086 0.173846 0.239436 0.136459 0.004342 0.430694 0.000137
0.015314 0.175029 0.239090 0.136380 0.004333 0.429706 0.000147
0.015179 0.173507 0.238623 0.136444 0.004250 0.431846 0.000151
0.015255 0.173062 0.238877 0.136121 0.004275 0.432267 0.000142
0.015382 0.171134 0.238316 0.135625 0.004340 0.435048 0.000156
0.015317 0.172367 0.238124 0.135919 0.004394 0.433737 0.000143
0.015233 0.171986 0.237721 0.135950 0.004342 0.434619 0.000149
0.015319 0.172036 0.237654 0.135262 0.004382 0.435203 0.000144
0.015398 0.170904 0.237618 0.135021 0.004320 0.436592 0.000147
0.015342 0.171134 0.237173 0.135188 0.004350 0.436663 0.000148
0.015443 0.170381 0.236586 0.134877 0.004356 0.438213 0.000144
0.015578 0.168450 0.236005 0.134975 0.004392 0.440458 0.000142
0.015390 0.168706 0.235979 0.135055 0.004330 0.440391 0.000149
0.015639 0.168948 0.236055 0.134634 0.004374 0.440196 0.000155
0.015742 0.168273 0.235650 0.134537 0.004379 0.441260 0.000159
0.015774 0.168660 0.235440 0.134121 0.004370 0.441482 0.000154
0.015700 0.166442 0.235581 0.133821 0.004437 0.443867 0.000151
0.015746 0.166668 0.234945 0.133804 0.004433 0.444247 0.000157
0.015566 0.167286 0.235084 0.133818 0.004466 0.443635 0.000144
0.015792 0.166108 0.234622 0.134001 0.004458 0.444877 0.000142
0.015697 0.165286 0.233957 0.133754 0.004470 0.446689 0.000147
0.015726 0.163618 0.234095 0.133646 0.004458 0.448310 0.000147
0.015805 0.163939 0.233715 0.133108 0.004444 0.448837 0.000151
0.016139 0.164568 0.233458 0.133365 0.004445 0.447878 0.000146
0.015800 0.163873 0.233370 0.133248 0.004497 0.449063 0.000148
0.015950 0.162948 0.233218 0.133026 0.004448 0.450258 0.000152
0.016005 0.162246 0.232769 0.132765 0.004468 0.451592 0.000155
0.016092 0.161802 0.232159 0.132636 0.004469 0.452681 0.000160
0.016073 0.161396 0.231882 0.132384 0.004466 0.453645 0.000154
0.016212 0.161171 0.231601 0.132255 0.004499 0.454110 0.000153
0.016032 0.161474 0.231704 0.132105 0.004409 0.454115 0.000160
0.016195 0.159936 0.231042 0.131993 0.004494 0.456178 0.000161
0.016289 0.159691 0.231209 0.131859 0.004442 0.456353 0.000158
0.016311 0.159410 0.230585 0.131637 0.004475 0.457421 0.000163
0.016431 0.160203 0.230498 0.131472 0.004474 0.456761 0.000161
0.016388 0.157768 0.229913 0.131351 0.004540 0.459878 0.000161
0.016376 0.159955 0.230337 0.131648 0.004491 0.457037 0.000157
0.016493 0.157606 0.229394 0.130809 0.004541 0.460995 0.000162
0.016637 0.156792 0.229285 0.131036 0.004491 0.461604 0.000156
0.016331 0.157117 0.229033 0.130859 0.004565 0.461943 0.000152
0.016495 0.157725 0.228771 0.130981 0.004565 0.461313 0.000151
0.016563 0.156067 0.228948 0.130442 0.004525 0.463293 0.000161
0.016870 0.156179 0.228474 0.130355 0.004562 0.463408 0.000152
0.016730 0.155393 0.228428 0.130118 0.004547 0.464631 0.000154
0.016642 0.155164 0.227881 0.130220 0.004575 0.465357 0.000160
0.016937 0.153450 0.227359 0.129382 0.004636 0.468061 0.000174
0.016891 0.154307 0.227081 0.129652 0.004597 0.467319 0.000153
0.016565 0.154665 0.227286 0.129660 0.004598 0.467053 0.000172
0.017093 0.153215 0.226480 0.129218 0.004580 0.469250 0.000164
0.016854 0.151314 0.226093 0.128938 0.004567 0.472074 0.000159
0.016813 0.152243 0.226307 0.129333 0.004622 0.470518 0.000164
0.016925 0.151593 0.225895 0.128827 0.004655 0.471942 0.000163
0.017082 0.151809 0.225343 0.128925 0.004543 0.472132 0.000166
0.017201 0.149897 0.225120 0.128461 0.004636 0.474519 0.000167
0.017111 0.151004 0.224954 0.128366 0.004592 0.473807 0.000165
0.017362 0.150835 0.224613 0.128504 0.004558 0.473954 0.000173
0.017298 0.151733 0.224860 0.128399 0.004607 0.472948 0.000155
0.017527 0.150694 0.224671 0.128251 0.004621 0.474064 0.000171
0.017513 0.148211 0.223790 0.127802 0.004667 0.477838 0.000179
0.017497 0.148605 0.223333 0.127616 0.004589 0.478194 0.000165
0.017574 0.149383 0.223629 0.127509 0.004641 0.477105 0.000159
0.017517 0.147975 0.222961 0.127255 0.004611 0.479506 0.000176
0.017606 0.147855 0.222792 0.127240 0.004633 0.479709 0.000165
0.017540 0.147553 0.222462 0.127068 0.004615 0.480600 0.000161
0.017669 0.145393 0.221986 0.126588 0.004623 0.483571 0.000169
0.017745 0.146612 0.221772 0.127052 0.004666 0.481981 0.000173
0.017662 0.146309 0.221615 0.126702 0.004653 0.482893 0.000167
0.017561 0.145733 0.221359 0.126546 0.004689 0.483930 0.000181
0.017841 0.146571 0.221222 0.126344 0.004640 0.483204 0.000177
0.017826 0.145540 0.220861 0.125908 0.004655 0.485027 0.000183
0.017716 0.145529 0.220722 0.126027 0.004625 0.485201 0.000180
0.018058 0.143811 0.219930 0.125232 0.004663 0.488132 0.000173
