0.999116 0.000856 0.000018 0.000011 0.000000 0.000000 0.000000
0.998680 0.001283 0.000023 0.000003 0.000001 0.000011 0.000000
0.998232 0.001722 0.000029 0.000004 0.000000 0.000012 0.000000
0.997768 0.002179 0.000032 0.000010 0.000000 0.000012 0.000000
0.997235 0.002692 0.000049 0.000012 0.000000 0.000012 0.000000
0.996787 0.003126 0.000058 0.000016 0.000000 0.000013 0.000000
0.996191 0.003704 0.000071 0.000022 0.000000 0.000012 0.000000
0.995551 0.004329 0.000083 0.000024 0.000000 0.000014 0.000000
0.994719 0.005149 0.000087 0.000032 0.000000 0.000013 0.000000
0.993598 0.006253 0.000101 0.000035 0.000000 0.000012 0.000000
0.992043 0.007770 0.000131 0.000045 0.000000 0.000011 0.000000
0.990462 0.009332 0.000147 0.000049 0.000000 0.000010 0.000000
0.988834 0.010941 0.000155 0.000061 0.000000 0.000009 0.000000
0.986486 0.013259 0.000159 0.000089 0.000000 0.000008 0.000000
0.983016 0.016684 0.000164 0.000128 0.000000 0.000009 0.000000
0.980305 0.019365 0.000189 0.000129 0.000000 0.000011 0.000000
0.975889 0.023710 0.000220 0.000168 0.000000 0.000013 0.000000
0.971969 0.027518 0.000281 0.000221 0.000000 0.000011 0.000000
0.966777 0.032613 0.000327 0.000268 0.000000 0.000014 0.000000
0.960829 0.038453 0.000376 0.000324 0.000000 0.000018 0.000000
0.954887 0.044266 0.000484 0.000343 0.000000 0.000021 0.000000
0.948185 0.050832 0.000572 0.000388 0.000000 0.000023 0.000000
0.940434 0.058346 0.000729 0.000469 0.000000 0.000022 0.000000
0.931611 0.066954 0.000837 0.000566 0.000000 0.000032 0.000000
0.922526 0.075791 0.001002 0.000645 0.000000 0.000036 0.000000
0.911479 0.086536 0.001204 0.000737 0.000000 0.000044 0.000000
0.902169 0.095578 0.001377 0.000819 0.000000 0.000058 0.000000
0.891512 0.105963 0.001579 0.000888 0.000000 0.000058 0.000000
0.878852 0.118291 0.001814 0.000987 0.000000 0.000056 0.000000
0.864731 0.131966 0.002109 0.001135 0.000000 0.000058 0.000000
0.852392 0.143851 0.002402 0.001298 0.000000 0.000057 0.000000
0.837881 0.157914 0.002656 0.001480 0.000000 0.000069 0.000000
0.826421 0.168961 0.002916 0.001618 0.000000 0.000084 0.000000
0.810908 0.183889 0.003284 0.001825 0.000000 0.000093 0.000000
0.796083 0.198167 0.003643 0.002010 0.000000 0.000096 0.000000
0.780117 0.213496 0.004004 0.002278 0.000001 0.000104 0.000000
0.765805 0.227192 0.004356 0.002523 0.000001 0.000123 0.000000
0.749195 0.243100 0.004799 0.002764 0.000002 0.000141 0.000000
0.735341 0.256323 0.005133 0.003043 0.000003 0.000157 0.000000
0.718382 0.272515 0.005632 0.003288 0.000003 0.000179 0.000000
0.705304 0.284926 0.006064 0.003504 0.000003 0.000199 0.000000
0.688835 0.300593 0.006580 0.003767 0.000003 0.000223 0.000000
0.674816 0.313806 0.007120 0.004018 0.000002 0.000237 0.000000
0.659642 0.328157 0.007625 0.004313 0.000002 0.000261 0.000000
0.642672 0.344083 0.008295 0.004664 0.000002 0.000283 0.000000
0.627892 0.357987 0.008807 0.004995 0.000003 0.000316 0.000000
0.613043 0.371808 0.009442 0.005360 0.000004 0.000344 0.000000
0.599235 0.384650 0.010062 0.005675 0.000004 0.000373 0.000000
0.586552 0.396376 0.010657 0.006004 0.000005 0.000407 0.000000
0.572034 0.409841 0.011304 0.006360 0.000005 0.000456 0.000000
0.559578 0.421179 0.012005 0.006741 0.000006 0.000491 0.000000
0.548026 0.431801 0.012560 0.007080 0.000005 0.000526 0.000000
0.533230 0.445303 0.013386 0.007504 0.000005 0.000572 0.000000
0.521338 0.456000 0.014105 0.007935 0.000006 0.000615 0.000000
0.512318 0.463956 0.014741 0.008326 0.000007 0.000651 0.000000
0.498927 0.475909 0.015576 0.008867 0.000007 0.000714 0.000000
0.490367 0.483343 0.016266 0.009253 0.000008 0.000764 0.000000
0.479241 0.493281 0.016971 0.009689 0.000009 0.000809 0.000000
0.464764 0.506132 0.017943 0.010271 0.000010 0.000881 0.000000
0.455346 0.514346 0.018656 0.010701 0.000010 0.000942 0.000000
0.445636 0.522541 0.019579 0.011233 0.000011 0.001000 0.000000
0.432661 0.533952 0.020510 0.011805 0.000012 0.001060 0.000000
0.423407 0.541780 0.021370 0.012291 0.000012 0.001140 0.000000
0.416823 0.547054 0.022172 0.012729 0.000014 0.001208 0.000000
0.402685 0.559257 0.023338 0.013404 0.000016 0.001299 0.000000
0.395719 0.564745 0.024232 0.013930 0.000017 0.001357 0.000000
0.387088 0.571977 0.025067 0.014422 0.000017 0.001430 0.000000
0.377390 0.579919 0.026131 0.015018 0.000017 0.001524 0.000000
0.368556 0.587073 0.027166 0.015582 0.000019 0.001604 0.000000
0.355230 0.598212 0.028518 0.016294 0.000019 0.001726 0.000000
0.346563 0.604990 0.029679 0.016922 0.000022 0.001825 0.000000
0.336972 0.612890 0.030710 0.017484 0.000024 0.001921 0.000000
0.330866 0.617402 0.031661 0.018022 0.000023 0.002025 0.000000
0.318808 0.627313 0.032965 0.018764 0.000023 0.002127 0.000000
0.311455 0.632426 0.034285 0.019528 0.000024 0.002281 0.000000
0.301563 0.640134 0.035627 0.020237 0.000025 0.002413 0.000000
0.292360 0.646527 0.037275 0.021197 0.000028 0.002612 0.000000
0.288402 0.648972 0.038159 0.021729 0.000030 0.002707 0.000000
0.281185 0.654231 0.039325 0.022404 0.000032 0.002822 0.000000
0.270204 0.662528 0.040970 0.023245 0.000037 0.003017 0.000000
0.266947 0.664167 0.041920 0.023765 0.000041 0.003160 0.000000
0.264842 0.664423 0.042952 0.024426 0.000041 0.003315 0.000000
0.258935 0.667625 0.044562 0.025241 0.000041 0.003595 0.000000
0.255315 0.669238 0.045640 0.026002 0.000044 0.003761 0.000000
0.247918 0.674207 0.047118 0.026762 0.000045 0.003951 0.000000
0.239950 0.678992 0.048935 0.027847 0.000051 0.004224 0.000000
0.236043 0.681187 0.049950 0.028373 0.000048 0.004398 0.000000
0.233573 0.681825 0.050997 0.029008 0.000050 0.004547 0.000000
0.228442 0.684469 0.052462 0.029761 0.000055 0.004811 0.000000
0.219574 0.689663 0.054586 0.030986 0.000058 0.005134 0.000000
0.217853 0.690177 0.055285 0.031380 0.000060 0.005246 0.000000
0.216762 0.689271 0.056393 0.032056 0.000063 0.005455 0.000000
0.210592 0.693319 0.057712 0.032662 0.000066 0.005649 0.000000
0.203747 0.696834 0.059601 0.033765 0.000068 0.005985 0.000000
0.195356 0.701352 0.061776 0.035038 0.000072 0.006405 0.000000
0.193773 0.701029 0.062861 0.035720 0.000070 0.006547 0.000000
0.190087 0.701878 0.064462 0.036572 0.000075 0.006927 0.000000
0.181655 0.707129 0.066210 0.037614 0.000081 0.007310 0.000000
0.183792 0.704677 0.066433 0.037697 0.000079 0.007321 0.000000
0.177205 0.707683 0.068494 0.038826 0.000080 0.007712 0.000000
0.175300 0.706926 0.069909 0.039709 0.000090 0.008067 0.000000
0.173070 0.706322 0.071614 0.040534 0.000091 0.008370 0.000000
0.165204 0.712154 0.072722 0.041225 0.000093 0.008603 0.000000
0.163275 0.711385 0.074286 0.042117 0.000094 0.008844 0.000000
0.159294 0.712239 0.076074 0.043023 0.000102 0.009269 0.000000
0.151741 0.715753 0.078374 0.044251 0.000112 0.009769 0.000000
0.145375 0.719527 0.079717 0.045182 0.000118 0.010081 0.000000
0.144860 0.717490 0.081157 0.045848 0.000121 0.010525 0.000000
0.139040 0.719707 0.083259 0.046979 0.000131 0.010883 0.000000
0.142132 0.715212 0.083868 0.047518 0.000135 0.011136 0.000000
0.132400 0.720526 0.086382 0.048965 0.000143 0.011583 0.000000
0.128224 0.721221 0.088331 0.049936 0.000154 0.012133 0.000000
0.123794 0.722849 0.089874 0.050820 0.000152 0.012509 0.000000
0.121865 0.721921 0.091436 0.051746 0.000155 0.012875 0.000000
0.123954 0.718455 0.092117 0.052223 0.000157 0.013094 0.000000
0.113725 0.723454 0.095006 0.053888 0.000166 0.013761 0.000000
0.114785 0.720604 0.096050 0.054275 0.000165 0.014121 0.000000
0.113252 0.718654 0.097962 0.055373 0.000177 0.014582 0.000000
0.109893 0.718554 0.099699 0.056559 0.000186 0.015110 0.000000
0.108000 0.718015 0.101033 0.057243 0.000183 0.015527 0.000000
0.107424 0.716187 0.102291 0.057996 0.000190 0.015913 0.000000
0.106877 0.714355 0.103584 0.058593 0.000190 0.016402 0.000000
0.102188 0.715348 0.105443 0.059909 0.000206 0.016907 0.000000
0.102185 0.712319 0.107033 0.060784 0.000203 0.017477 0.000000
0.097131 0.713487 0.109188 0.061911 0.000214 0.018071 0.000000
0.098034 0.711269 0.109654 0.062399 0.000217 0.018428 0.000000
0.097483 0.709248 0.111143 0.063100 0.000213 0.018814 0.000000
0.094907 0.708189 0.113072 0.064107 0.000224 0.019501 0.000000
0.092929 0.706716 0.114816 0.065198 0.000234 0.020108 0.000000
0.089638 0.706811 0.116430 0.066126 0.000247 0.020748 0.000000
0.091578 0.704571 0.116652 0.066181 0.000248 0.020770 0.000000
0.088516 0.705018 0.118026 0.066850 0.000254 0.021337 0.000000
0.085371 0.703279 0.120566 0.068287 0.000268 0.022230 0.000000
0.084506 0.701525 0.121759 0.069180 0.000270 0.022760 0.000000
0.084266 0.699161 0.123166 0.069809 0.000275 0.023323 0.000000
0.081179 0.698371 0.125173 0.071069 0.000292 0.023915 0.000000
0.078453 0.699732 0.125942 0.071350 0.000278 0.024244 0.000000
0.081750 0.693942 0.127165 0.072045 0.000289 0.024810 0.000000
0.082337 0.692460 0.127689 0.072202 0.000294 0.025017 0.000000
0.080800 0.689905 0.129745 0.073365 0.000312 0.025872 0.000000
0.078551 0.689882 0.130859 0.074103 0.000326 0.026279 0.000000
0.079249 0.686627 0.132067 0.074735 0.000319 0.027002 0.000000
0.076468 0.686689 0.133374 0.075591 0.000338 0.027541 0.000000
0.071198 0.686458 0.136214 0.077206 0.000342 0.028582 0.000000
0.074917 0.682895 0.136045 0.077066 0.000346 0.028731 0.000000
0.068364 0.684047 0.138788 0.078694 0.000365 0.029742 0.000000
0.069047 0.680610 0.140007 0.079386 0.000382 0.030568 0.000000
0.068408 0.679766 0.140879 0.079737 0.000383 0.030827 0.000000
0.070770 0.676132 0.141357 0.080081 0.000379 0.031282 0.000000
0.064562 0.676671 0.144305 0.081711 0.000400 0.032351 0.000000
0.066115 0.673764 0.144887 0.082028 0.000405 0.032800 0.000000
0.062828 0.673945 0.146506 0.082831 0.000415 0.033476 0.000000
0.061316 0.672065 0.148079 0.083819 0.000407 0.034313 0.000001
0.063200 0.668666 0.148744 0.084266 0.000419 0.034705 0.000001
0.058911 0.668274 0.150814 0.085735 0.000428 0.035836 0.000001
0.057117 0.666987 0.152258 0.086601 0.000433 0.036602 0.000001
0.056261 0.665760 0.153245 0.087183 0.000421 0.037130 0.000001
0.057080 0.664068 0.153734 0.087055 0.000447 0.037615 0.000001
0.049627 0.662185 0.158455 0.089857 0.000464 0.039412 0.000000
0.051593 0.662531 0.157125 0.089164 0.000464 0.039123 0.000001
0.049099 0.660193 0.159476 0.090490 0.000473 0.040267 0.000001
0.048073 0.660506 0.159969 0.090519 0.000467 0.040466 0.000001
0.047996 0.657083 0.161472 0.091663 0.000482 0.041303 0.000001
0.049872 0.653385 0.162216 0.091858 0.000493 0.042173 0.000001
0.049958 0.651541 0.163008 0.092370 0.000504 0.042619 0.000001
0.050948 0.647708 0.164279 0.093105 0.000513 0.043446 0.000001
0.056133 0.641386 0.164373 0.093379 0.000522 0.044207 0.000001
0.052802 0.641422 0.166186 0.094158 0.000528 0.044902 0.000001
0.049930 0.640713 0.167923 0.095257 0.000546 0.045630 0.000001
0.052626 0.636390 0.168548 0.095639 0.000541 0.046256 0.000001
0.053008 0.634875 0.169005 0.095775 0.000541 0.046795 0.000001
0.051407 0.632976 0.170512 0.096698 0.000555 0.047851 0.000001
0.054195 0.630237 0.170257 0.096687 0.000556 0.048067 0.000001
0.050580 0.629358 0.172495 0.097768 0.000584 0.049214 0.000001
0.050898 0.626214 0.173625 0.098604 0.000587 0.050072 0.000001
0.048734 0.626556 0.174404 0.098962 0.000588 0.050754 0.000001
0.049452 0.623804 0.175181 0.099524 0.000577 0.051461 0.000001
0.045021 0.623238 0.177855 0.100786 0.000592 0.052506 0.000002
0.048144 0.620654 0.177191 0.100693 0.000608 0.052710 0.000001
0.044374 0.621609 0.178384 0.101371 0.000612 0.053648 0.000001
0.041957 0.620524 0.180234 0.102242 0.000613 0.054428 0.000003
0.040738 0.619089 0.181180 0.102909 0.000624 0.055458 0.000002
0.040945 0.615981 0.182413 0.103500 0.000642 0.056516 0.000002
0.036139 0.615403 0.185030 0.104951 0.000655 0.057819 0.000002
0.038414 0.614184 0.184291 0.104514 0.000668 0.057926 0.000002
0.034372 0.611977 0.187084 0.106350 0.000682 0.059533 0.000002
0.033877 0.611356 0.187663 0.106412 0.000688 0.060003 0.000002
0.031796 0.608908 0.189714 0.107631 0.000704 0.061245 0.000002
0.032274 0.607726 0.189815 0.107653 0.000696 0.061835 0.000001
0.028027 0.606121 0.192672 0.109258 0.000707 0.063213 0.000002
0.029554 0.605237 0.191935 0.108997 0.000714 0.063561 0.000001
0.029416 0.603360 0.192842 0.109541 0.000711 0.064130 0.000001
0.027451 0.601932 0.194294 0.110252 0.000730 0.065341 0.000001
0.027919 0.600174 0.194917 0.110514 0.000758 0.065715 0.000002
0.025510 0.598265 0.196799 0.111566 0.000753 0.067106 0.000002
0.024642 0.594515 0.198843 0.112609 0.000764 0.068625 0.000003
0.024226 0.593722 0.199178 0.112967 0.000785 0.069120 0.000002
0.023435 0.589225 0.201623 0.114209 0.000796 0.070710 0.000002
0.023400 0.589167 0.201477 0.114146 0.000802 0.071004 0.000002
0.023058 0.585793 0.202865 0.114995 0.000813 0.072473 0.000003
0.022602 0.583254 0.204123 0.115745 0.000825 0.073448 0.000003
0.022168 0.583254 0.204190 0.115820 0.000845 0.073720 0.000004
0.020908 0.579257 0.206588 0.116946 0.000849 0.075448 0.000004
0.021315 0.579556 0.205965 0.116872 0.000826 0.075461 0.000005
0.020730 0.575829 0.207869 0.117905 0.000860 0.076802 0.000004
0.020422 0.574307 0.208563 0.118189 0.000871 0.077644 0.000005
0.020390 0.572948 0.208940 0.118491 0.000870 0.078357 0.000004
0.019856 0.568919 0.210844 0.119533 0.000896 0.079947 0.000005
0.019822 0.568749 0.210837 0.119532 0.000896 0.080160 0.000004
0.019283 0.565425 0.212529 0.120385 0.000902 0.081471 0.000005
0.026462 0.559388 0.211475 0.119920 0.000936 0.081815 0.000004
0.030864 0.556488 0.210755 0.119077 0.000939 0.081872 0.000005
0.028688 0.554923 0.212162 0.120133 0.000920 0.083167 0.000006
0.030956 0.551187 0.212443 0.120298 0.000955 0.084155 0.000005
0.028760 0.550223 0.213926 0.120956 0.000969 0.085160 0.000005
0.029583 0.547347 0.214668 0.121335 0.000977 0.086084 0.000006
0.030794 0.546560 0.214156 0.121265 0.000958 0.086261 0.000007
0.032171 0.544267 0.214463 0.121394 0.001000 0.086699 0.000006
0.030679 0.543319 0.215391 0.121913 0.000982 0.087709 0.000008
0.031588 0.540944 0.215677 0.122072 0.001009 0.088704 0.000006
0.027642 0.540217 0.217532 0.123331 0.001015 0.090257 0.000006
0.032484 0.536319 0.216939 0.122734 0.001042 0.090473 0.000008
0.035986 0.531531 0.217103 0.123050 0.001026 0.091298 0.000005
0.035058 0.530065 0.218075 0.123595 0.001055 0.092145 0.000007
0.037198 0.528145 0.217628 0.123155 0.001069 0.092797 0.000007
0.033983 0.528589 0.219045 0.123734 0.001074 0.093567 0.000008
0.035677 0.525174 0.219060 0.123936 0.001091 0.095054 0.000009
0.033586 0.525630 0.219714 0.124505 0.001076 0.095480 0.000009
0.034938 0.521467 0.220872 0.124926 0.001104 0.096685 0.000008
0.033986 0.521480 0.220640 0.125242 0.001108 0.097534 0.000009
0.033639 0.520450 0.221175 0.125465 0.001117 0.098146 0.000007
0.032975 0.518184 0.222197 0.125865 0.001139 0.099630 0.000010
0.031695 0.517716 0.223054 0.126272 0.001123 0.100132 0.000007
0.029265 0.516391 0.224382 0.127147 0.001155 0.101651 0.000008
0.026883 0.514480 0.226014 0.128016 0.001166 0.103433 0.000008
0.030129 0.513847 0.224628 0.127119 0.001154 0.103115 0.000008
0.026348 0.512407 0.226725 0.128492 0.001186 0.104834 0.000008
0.024976 0.509772 0.228056 0.129698 0.001201 0.106289 0.000007
0.025753 0.508890 0.227984 0.129133 0.001198 0.107033 0.000010
0.025130 0.509475 0.227811 0.129065 0.001210 0.107300 0.000009
0.022591 0.505942 0.230080 0.130675 0.001243 0.109458 0.000011
0.022561 0.505957 0.230245 0.130305 0.001223 0.109700 0.000009
0.023774 0.504833 0.229819 0.130028 0.001235 0.110301 0.000009
0.021245 0.501624 0.232130 0.131487 0.001256 0.112248 0.000010
0.020924 0.500561 0.232447 0.131752 0.001270 0.113035 0.000011
0.018758 0.497051 0.234837 0.132883 0.001292 0.115168 0.000010
0.018411 0.495807 0.234951 0.133235 0.001293 0.116289 0.000013
0.018769 0.495277 0.234849 0.133449 0.001319 0.116326 0.000011
0.017788 0.492968 0.236307 0.133812 0.001299 0.117815 0.000012
0.018639 0.493290 0.235488 0.133662 0.001341 0.117569 0.000012
0.018153 0.492227 0.236006 0.133770 0.001293 0.118538 0.000014
0.016824 0.486929 0.238592 0.135083 0.001367 0.121191 0.000015
0.017177 0.485599 0.238595 0.135193 0.001352 0.122072 0.000012
0.016412 0.485053 0.238892 0.135703 0.001373 0.122556 0.000012
0.015791 0.482255 0.240088 0.136244 0.001396 0.124213 0.000014
0.015703 0.480603 0.240434 0.136479 0.001408 0.125364 0.000012
0.016079 0.480024 0.240389 0.136433 0.001403 0.125659 0.000012
0.015312 0.477599 0.241517 0.137059 0.001427 0.127074 0.000012
0.015419 0.476024 0.241926 0.137260 0.001422 0.127937 0.000012
0.015708 0.476136 0.241551 0.137125 0.001415 0.128052 0.000013
0.014961 0.472172 0.243275 0.137943 0.001437 0.130199 0.000014
0.014350 0.468949 0.244723 0.138667 0.001444 0.131855 0.000012
0.014254 0.466629 0.245416 0.139219 0.001460 0.133010 0.000013
0.014257 0.465880 0.245402 0.139286 0.001460 0.133704 0.000011
0.014469 0.466227 0.244926 0.138862 0.001464 0.134040 0.000011
0.014390 0.462456 0.246495 0.139576 0.001467 0.135605 0.000011
0.014095 0.461569 0.246657 0.139857 0.001534 0.136274 0.000014
0.014415 0.460706 0.246531 0.139880 0.001519 0.136935 0.000013
0.013643 0.455313 0.248711 0.141216 0.001536 0.139568 0.000013
0.013946 0.456613 0.247890 0.140506 0.001543 0.139489 0.000013
0.013539 0.453050 0.248942 0.141472 0.001554 0.141432 0.000011
0.013707 0.452033 0.249565 0.141085 0.001562 0.142035 0.000014
0.013547 0.449681 0.249888 0.141981 0.001577 0.143313 0.000013
0.013640 0.449105 0.250189 0.141753 0.001580 0.143721 0.000012
0.013220 0.445713 0.251095 0.142372 0.001604 0.145984 0.000010
0.013513 0.445622 0.251171 0.142115 0.001595 0.145968 0.000016
0.013406 0.443437 0.251557 0.142626 0.001612 0.147350 0.000012
0.013395 0.440220 0.252426 0.142930 0.001623 0.149392 0.000013
0.013369 0.440364 0.252545 0.142759 0.001649 0.149298 0.000015
0.013526 0.439142 0.252280 0.143043 0.001660 0.150337 0.000012
0.013451 0.438551 0.252466 0.143121 0.001643 0.150755 0.000013
0.013279 0.435375 0.253430 0.143652 0.001659 0.152593 0.000013
0.013073 0.433311 0.254200 0.143900 0.001699 0.153804 0.000013
0.013364 0.432625 0.253919 0.144040 0.001695 0.154345 0.000012
0.013068 0.431954 0.254315 0.143949 0.001709 0.154995 0.000011
0.012865 0.428885 0.255131 0.144517 0.001700 0.156889 0.000011
0.013122 0.426874 0.255515 0.144471 0.001748 0.158258 0.000012
0.013060 0.426738 0.255396 0.144398 0.001709 0.158685 0.000014
0.013105 0.424535 0.255796 0.144956 0.001760 0.159836 0.000013
0.012940 0.421933 0.256531 0.145371 0.001766 0.161444 0.000015
0.013107 0.421784 0.256182 0.145039 0.001755 0.162120 0.000012
0.012819 0.419373 0.257095 0.145623 0.001801 0.163275 0.000015
0.013160 0.419822 0.256419 0.145400 0.001782 0.163405 0.000014
0.012883 0.415262 0.258035 0.145959 0.001838 0.166006 0.000018
0.012861 0.415182 0.257728 0.145695 0.001832 0.166685 0.000016
0.012760 0.413411 0.258036 0.146277 0.001827 0.167672 0.000016
0.012959 0.413297 0.258024 0.146108 0.001839 0.167757 0.000015
0.012951 0.411107 0.258184 0.146411 0.001850 0.169480 0.000017
0.012806 0.409141 0.259097 0.146609 0.001873 0.170458 0.000018
0.012668 0.407171 0.259227 0.147044 0.001863 0.172008 0.000018
0.012841 0.405486 0.259770 0.146844 0.001871 0.173170 0.000018
0.012764 0.404360 0.259859 0.146972 0.001870 0.174157 0.000018
0.012754 0.403610 0.260054 0.147153 0.001914 0.174496 0.000018
0.012604 0.402697 0.260318 0.147211 0.001902 0.175252 0.000016
0.012710 0.400386 0.260333 0.147542 0.001896 0.177112 0.000020
0.012636 0.398366 0.260883 0.147908 0.001946 0.178240 0.000021
0.012615 0.398288 0.260897 0.147691 0.001923 0.178566 0.000020
0.012696 0.395907 0.261395 0.147931 0.001994 0.180059 0.000018
0.012589 0.394661 0.261562 0.148262 0.001971 0.180936 0.000019
0.012767 0.393481 0.261593 0.148083 0.001964 0.182090 0.000023
0.012584 0.392241 0.261889 0.148246 0.001994 0.183024 0.000022
0.012828 0.389717 0.262244 0.148675 0.002026 0.184488 0.000022
0.012435 0.387028 0.263168 0.149214 0.002038 0.186095 0.000021
0.012710 0.387080 0.262732 0.148744 0.002020 0.186692 0.000020
0.012689 0.385393 0.263010 0.149084 0.002056 0.187747 0.000021
0.012506 0.384180 0.263329 0.149075 0.002066 0.188822 0.000022
0.012602 0.381844 0.263579 0.149479 0.002077 0.190395 0.000024
0.012497 0.381341 0.263679 0.149194 0.002088 0.191176 0.000025
0.012544 0.379243 0.264196 0.149570 0.002073 0.192347 0.000028
0.012538 0.379235 0.263757 0.149382 0.002096 0.192968 0.000023
0.012368 0.377029 0.264575 0.149626 0.002132 0.194246 0.000023
0.012402 0.374641 0.264713 0.149848 0.002162 0.196208 0.000026
0.012605 0.375389 0.264141 0.149876 0.002124 0.195840 0.000025
0.012542 0.372490 0.264951 0.149782 0.002170 0.198041 0.000025
0.012580 0.370358 0.265134 0.150258 0.002180 0.199466 0.000025
0.012444 0.368834 0.265313 0.150365 0.002225 0.200790 0.000029
0.012489 0.369856 0.265218 0.149927 0.002183 0.200300 0.000028
0.012491 0.368260 0.265335 0.150218 0.002230 0.201438 0.000028
0.012609 0.365775 0.265644 0.150310 0.002223 0.203410 0.000030
0.012557 0.364034 0.265846 0.150962 0.002271 0.204303 0.000028
0.012406 0.365399 0.265446 0.150334 0.002231 0.204159 0.000024
0.012246 0.361841 0.266355 0.150770 0.002261 0.206496 0.000030
0.012568 0.361451 0.266059 0.150540 0.002254 0.207096 0.000031
0.012452 0.359869 0.266483 0.150754 0.002307 0.208104 0.000031
0.012533 0.359223 0.266566 0.150759 0.002284 0.208604 0.000031
0.012544 0.356167 0.266900 0.151233 0.002304 0.210825 0.000028
0.012476 0.355932 0.267098 0.151067 0.002345 0.211047 0.000035
0.012414 0.353744 0.267277 0.151036 0.002313 0.213183 0.000034
0.012603 0.354834 0.266599 0.150947 0.002302 0.212685 0.000029
0.012617 0.351713 0.267495 0.151273 0.002378 0.214495 0.000028
0.012685 0.350656 0.267678 0.150970 0.002389 0.215592 0.000030
0.012528 0.349145 0.267635 0.151446 0.002369 0.216840 0.000036
0.012565 0.348374 0.267744 0.151270 0.002387 0.217626 0.000034
0.012469 0.345679 0.268227 0.151648 0.002438 0.219505 0.000033
0.012501 0.346657 0.267630 0.151477 0.002432 0.219266 0.000037
0.012576 0.343204 0.268133 0.151553 0.002406 0.222093 0.000035
0.012644 0.343579 0.268093 0.151482 0.002418 0.221752 0.000032
0.012651 0.342871 0.267897 0.151176 0.002454 0.222918 0.000032
0.012593 0.341014 0.268419 0.151332 0.002483 0.224127 0.000032
0.012594 0.338477 0.268547 0.151826 0.002503 0.226021 0.000032
0.012596 0.340151 0.268377 0.151326 0.002492 0.225023 0.000034
0.012619 0.337490 0.268514 0.151768 0.002558 0.227015 0.000036
0.012660 0.336326 0.268588 0.151314 0.002496 0.228586 0.000030
0.012613 0.336080 0.268741 0.151497 0.002527 0.228504 0.000038
0.012657 0.333430 0.268706 0.151901 0.002532 0.230740 0.000034
0.012628 0.333409 0.268624 0.151620 0.002531 0.231154 0.000035
0.012552 0.331751 0.268551 0.151793 0.002560 0.232758 0.000034
0.012494 0.329606 0.269157 0.152263 0.002599 0.233843 0.000037
0.012671 0.328962 0.269007 0.151881 0.002569 0.234873 0.000037
0.012510 0.327764 0.269190 0.152077 0.002616 0.235808 0.000035
0.025164 0.324660 0.264872 0.149586 0.002584 0.233097 0.000037
0.026436 0.322323 0.264877 0.149342 0.002588 0.234396 0.000038
0.022423 0.322096 0.266109 0.150126 0.002599 0.236609 0.000037
0.026965 0.320590 0.264388 0.149360 0.002573 0.236088 0.000036
0.024540 0.321259 0.265262 0.149743 0.002625 0.236532 0.000039
0.027571 0.319833 0.263966 0.148875 0.002604 0.237112 0.000039
0.027958 0.318850 0.263187 0.148841 0.002625 0.238496 0.000043
0.023697 0.317004 0.265029 0.149501 0.002687 0.242040 0.000041
0.025111 0.318615 0.264150 0.149190 0.002634 0.240255 0.000044
0.024598 0.316956 0.264306 0.149212 0.002671 0.242213 0.000045
0.021743 0.317017 0.265484 0.149813 0.002666 0.243234 0.000045
0.025096 0.317185 0.263651 0.148751 0.002651 0.242621 0.000045
0.023063 0.315321 0.264717 0.149388 0.002661 0.244803 0.000048
0.022805 0.315459 0.264145 0.149317 0.002728 0.245504 0.000041
0.020588 0.313216 0.265291 0.149972 0.002724 0.248164 0.000044
0.019196 0.311885 0.265727 0.150397 0.002794 0.249961 0.000041
0.020592 0.312269 0.265106 0.150135 0.002765 0.249094 0.000040
0.019232 0.310745 0.265601 0.150042 0.002779 0.251555 0.000047
0.019758 0.309826 0.265528 0.149812 0.002807 0.252222 0.000047
0.017559 0.308784 0.266539 0.150327 0.002799 0.253948 0.000045
0.018261 0.308776 0.265753 0.150071 0.002816 0.254274 0.000049
0.018124 0.308992 0.265465 0.149900 0.002832 0.254639 0.000049
0.017125 0.307088 0.266200 0.150195 0.002835 0.256507 0.000051
0.017259 0.306271 0.266011 0.150087 0.002857 0.257467 0.000049
0.016755 0.305456 0.265976 0.150429 0.002904 0.258428 0.000052
0.016192 0.304664 0.266445 0.150775 0.002849 0.259027 0.000050
0.015660 0.302708 0.266914 0.150394 0.002861 0.261406 0.000056
0.015734 0.301709 0.266541 0.150546 0.002906 0.262514 0.000050
0.014895 0.300126 0.267082 0.150899 0.002874 0.264072 0.000050
0.014851 0.298174 0.267250 0.151263 0.002941 0.265473 0.000048
0.014805 0.297144 0.267047 0.151005 0.002913 0.267038 0.000048
0.014967 0.297992 0.266814 0.150853 0.002893 0.266431 0.000049
0.013815 0.294423 0.267789 0.151253 0.002945 0.269722 0.000055
0.013458 0.293400 0.268149 0.151972 0.002959 0.270014 0.000049
0.013776 0.293377 0.267476 0.151358 0.002919 0.271044 0.000050
0.014258 0.291745 0.267525 0.151147 0.002946 0.272332 0.000049
0.013967 0.290413 0.267507 0.151463 0.002945 0.273652 0.000052
0.013597 0.288729 0.268222 0.151416 0.002965 0.275020 0.000051
0.013738 0.288064 0.267332 0.151526 0.003038 0.276253 0.000048
0.013636 0.287468 0.267755 0.151244 0.003032 0.276806 0.000058
0.014177 0.287997 0.267230 0.151221 0.003021 0.276300 0.000054
0.013723 0.285923 0.267001 0.151159 0.003000 0.279136 0.000058
0.013665 0.284188 0.267717 0.151413 0.003028 0.279939 0.000050
0.013531 0.282800 0.267508 0.151443 0.003018 0.281646 0.000054
0.013983 0.284039 0.267000 0.151115 0.003025 0.280785 0.000053
0.013467 0.280692 0.267384 0.151551 0.003036 0.283814 0.000057
0.013680 0.280406 0.267163 0.151326 0.003079 0.284292 0.000054
0.013543 0.279110 0.267232 0.151305 0.003048 0.285704 0.000058
0.013817 0.279577 0.266567 0.151007 0.003036 0.285933 0.000063
0.013555 0.278409 0.266759 0.151111 0.003052 0.287058 0.000057
0.013367 0.276561 0.267465 0.151241 0.003116 0.288197 0.000054
0.013575 0.275297 0.267280 0.151094 0.003130 0.289566 0.000058
0.013457 0.275043 0.267020 0.151192 0.003113 0.290114 0.000061
0.013537 0.273055 0.266939 0.150926 0.003117 0.292363 0.000063
0.013573 0.272942 0.266429 0.150923 0.003129 0.292938 0.000065
0.013292 0.270941 0.267280 0.151089 0.003180 0.294154 0.000063
0.013353 0.268704 0.267150 0.150974 0.003197 0.296554 0.000068
0.013673 0.269819 0.266596 0.150924 0.003176 0.295746 0.000065
0.013247 0.267056 0.266850 0.151251 0.003196 0.298338 0.000063
0.013615 0.268632 0.266301 0.150664 0.003212 0.297512 0.000063
0.013418 0.266152 0.266900 0.150798 0.003224 0.299441 0.000066
0.013477 0.265447 0.266249 0.150848 0.003192 0.300724 0.000063
0.013442 0.265094 0.266366 0.150844 0.003170 0.301019 0.000064
0.013571 0.263386 0.266124 0.150757 0.003254 0.302845 0.000063
0.013576 0.263937 0.266148 0.150401 0.003214 0.302663 0.000060
0.013738 0.262791 0.265951 0.150399 0.003241 0.303817 0.000063
0.013795 0.261706 0.265928 0.150218 0.003229 0.305056 0.000068
0.013778 0.261709 0.266013 0.150155 0.003279 0.305002 0.000064
0.013754 0.259731 0.265645 0.150334 0.003268 0.307206 0.000063
0.013734 0.258068 0.265970 0.150460 0.003266 0.308435 0.000068
0.013613 0.257090 0.266016 0.150090 0.003332 0.309798 0.000061
0.013498 0.255946 0.265799 0.150090 0.003311 0.311288 0.000068
0.013576 0.256551 0.265883 0.150219 0.003239 0.310467 0.000066
0.013630 0.254791 0.265205 0.150023 0.003304 0.312983 0.000065
0.013492 0.253234 0.265176 0.150042 0.003306 0.314685 0.000065
0.013556 0.253604 0.265169 0.149899 0.003316 0.314389 0.000068
0.013649 0.252266 0.265246 0.150226 0.003307 0.315239 0.000068
0.013720 0.251283 0.264995 0.149855 0.003341 0.316732 0.000074
0.013671 0.250160 0.264944 0.149814 0.003359 0.317980 0.000073
0.013766 0.249500 0.264710 0.149875 0.003376 0.318697 0.000076
0.013657 0.249378 0.264298 0.149781 0.003403 0.319406 0.000076
0.013723 0.247015 0.264529 0.149789 0.003362 0.321508 0.000075
0.013716 0.247747 0.264070 0.149376 0.003388 0.321630 0.000074
0.013960 0.246969 0.264314 0.149108 0.003390 0.322185 0.000074
0.013888 0.245590 0.263733 0.149218 0.003418 0.324077 0.000076
0.013845 0.244502 0.263505 0.149119 0.003436 0.325519 0.000075
0.013976 0.243677 0.263874 0.149312 0.003422 0.325660 0.000078
0.013926 0.243125 0.263572 0.149168 0.003455 0.326682 0.000072
0.013874 0.243331 0.262877 0.148785 0.003462 0.327589 0.000082
0.013819 0.241414 0.263491 0.149076 0.003454 0.328668 0.000079
0.013928 0.240058 0.263662 0.148697 0.003424 0.330150 0.000081
0.014087 0.240051 0.262776 0.148809 0.003482 0.330720 0.000074
0.013797 0.239258 0.263384 0.148712 0.003504 0.331264 0.000082
0.014063 0.237291 0.262923 0.148635 0.003468 0.333540 0.000080
0.014092 0.237356 0.262431 0.148256 0.003552 0.334227 0.000086
0.013991 0.235793 0.262621 0.148224 0.003499 0.335785 0.000088
0.014151 0.236816 0.262201 0.147989 0.003509 0.335256 0.000079
0.014092 0.234698 0.262248 0.148220 0.003527 0.337134 0.000081
0.014274 0.234560 0.261891 0.147590 0.003509 0.338087 0.000089
0.014200 0.232990 0.262024 0.147990 0.003590 0.339123 0.000082
0.014118 0.232578 0.261594 0.147591 0.003567 0.340464 0.000087
0.014046 0.232810 0.261695 0.147465 0.003573 0.340326 0.000084
0.014187 0.231028 0.261772 0.147563 0.003549 0.341820 0.000082
0.014258 0.230805 0.261557 0.147387 0.003645 0.342258 0.000090
0.014153 0.230252 0.260995 0.147403 0.003569 0.343547 0.000079
0.014270 0.230591 0.260730 0.146926 0.003570 0.343821 0.000092
0.014242 0.228472 0.260928 0.147299 0.003612 0.345353 0.000094
0.014435 0.227509 0.260769 0.146990 0.003623 0.346589 0.000084
0.014354 0.226519 0.260486 0.146576 0.003660 0.348318 0.000087
0.014196 0.225497 0.260553 0.146894 0.003663 0.349108 0.000089
0.014482 0.225017 0.260563 0.146717 0.003661 0.349477 0.000084
0.014317 0.224021 0.259768 0.146691 0.003689 0.351420 0.000093
0.014645 0.224250 0.259697 0.146366 0.003702 0.351250 0.000090
0.014417 0.222414 0.259549 0.146666 0.003695 0.353167 0.000091
0.014319 0.222504 0.259375 0.146060 0.003693 0.353961 0.000087
0.014679 0.221745 0.259320 0.146399 0.003701 0.354060 0.000097
0.014607 0.220725 0.259058 0.145881 0.003694 0.355935 0.000100
0.014666 0.220751 0.258904 0.145612 0.003732 0.356239 0.000097
0.014364 0.218627 0.259074 0.145924 0.003714 0.358202 0.000095
0.014735 0.217640 0.258187 0.145942 0.003711 0.359692 0.000092
0.014712 0.217881 0.258660 0.145769 0.003727 0.359160 0.000091
0.014637 0.217328 0.258713 0.145605 0.003746 0.359879 0.000092
0.014843 0.217638 0.257668 0.145340 0.003706 0.360712 0.000094
0.014886 0.214948 0.258140 0.145610 0.003784 0.362535 0.000097
0.014686 0.216113 0.257395 0.145308 0.003755 0.362645 0.000098
0.014899 0.214870 0.257404 0.145008 0.003788 0.363934 0.000096
0.014714 0.215571 0.257076 0.144927 0.003792 0.363819 0.000101
0.014997 0.213175 0.256782 0.144774 0.003840 0.366329 0.000103
0.015154 0.212257 0.256660 0.144765 0.003801 0.367261 0.000102
0.014967 0.210751 0.256997 0.144950 0.003778 0.368463 0.000095
0.015051 0.211545 0.256664 0.144764 0.003818 0.368062 0.000095
0.014919 0.210586 0.256274 0.144738 0.003815 0.369564 0.000104
0.015078 0.210268 0.255537 0.144404 0.003834 0.370776 0.000102
0.014998 0.208976 0.255826 0.144388 0.003851 0.371856 0.000105
0.015157 0.209058 0.255447 0.144405 0.003840 0.371992 0.000102
0.015338 0.207119 0.255245 0.144112 0.003890 0.374201 0.000096
0.015301 0.207746 0.255258 0.143979 0.003869 0.373756 0.000091
0.015125 0.205604 0.254997 0.143856 0.003885 0.376431 0.000101
0.015055 0.205518 0.254711 0.143771 0.003880 0.376969 0.000095
0.015140 0.205202 0.254093 0.143938 0.003914 0.377612 0.000102
0.015226 0.205338 0.254221 0.143800 0.003907 0.377406 0.000100
0.015237 0.204515 0.254386 0.143479 0.003874 0.378410 0.000100
0.015394 0.203469 0.254093 0.143518 0.003919 0.379499 0.000108
0.015316 0.202966 0.253782 0.143488 0.003941 0.380403 0.000104
0.015360 0.201113 0.253666 0.143329 0.003947 0.382479 0.000105
0.015362 0.200950 0.252976 0.143207 0.003956 0.383448 0.000102
0.015785 0.199803 0.252824 0.142828 0.003931 0.384718 0.000111
0.015537 0.200497 0.253069 0.143014 0.003926 0.383851 0.000106
0.015413 0.199922 0.252741 0.142752 0.003925 0.385137 0.000110
0.015615 0.198918 0.252456 0.142463 0.003968 0.386467 0.000114
0.015550 0.197723 0.252121 0.142264 0.004026 0.388202 0.000114
0.015653 0.197934 0.251764 0.142541 0.003994 0.388007 0.000107
0.015556 0.197147 0.251317 0.142205 0.003999 0.389652 0.000124
0.015692 0.196009 0.251626 0.142148 0.004040 0.390365 0.000120
0.015562 0.196073 0.251832 0.142151 0.004002 0.390263 0.000118
0.015732 0.194996 0.250793 0.141815 0.003958 0.392586 0.000120
0.015867 0.194654 0.250573 0.141843 0.004059 0.392885 0.000118
0.015737 0.194218 0.250587 0.141900 0.004015 0.393421 0.000122
0.015964 0.193594 0.250402 0.141606 0.004049 0.394265 0.000121
0.015949 0.192619 0.250085 0.141429 0.004060 0.395739 0.000120
0.015865 0.192232 0.249789 0.141376 0.004060 0.396553 0.000125
0.015995 0.191121 0.249119 0.140970 0.004059 0.398618 0.000117
0.016022 0.190781 0.249136 0.141045 0.004034 0.398864 0.000119
0.016088 0.190117 0.249379 0.140748 0.004053 0.399500 0.000115
0.015985 0.189675 0.248972 0.140641 0.004119 0.400493 0.000116
0.015873 0.189728 0.248657 0.140628 0.004041 0.400948 0.000125
0.016377 0.188310 0.248189 0.140151 0.004091 0.402765 0.000116
0.016147 0.188314 0.248056 0.140120 0.004104 0.403129 0.000129
0.016215 0.187143 0.247530 0.140005 0.004118 0.404868 0.000122
0.016263 0.186333 0.247516 0.139789 0.004100 0.405876 0.000124
0.016625 0.186757 0.247325 0.139585 0.004105 0.405481 0.000122
0.016443 0.186698 0.246979 0.139642 0.004141 0.405971 0.000125
0.016275 0.184780 0.246837 0.139672 0.004116 0.408189 0.000131
0.016397 0.184540 0.246625 0.139389 0.004138 0.408790 0.000121
0.016330 0.184874 0.246315 0.139256 0.004106 0.408993 0.000126
0.016636 0.183974 0.246507 0.138982 0.004152 0.409623 0.000125
0.016401 0.182922 0.246163 0.139021 0.004156 0.411214 0.000122
0.016509 0.182287 0.245382 0.138784 0.004185 0.412725 0.000127
0.016641 0.181139 0.244863 0.138822 0.004177 0.414229 0.000130
0.016584 0.181982 0.245021 0.138494 0.004183 0.413621 0.000116
0.016776 0.180792 0.244918 0.138316 0.004197 0.414869 0.000131
0.016568 0.179865 0.244746 0.137994 0.004181 0.416521 0.000126
0.016919 0.179992 0.244386 0.138218 0.004196 0.416155 0.000134
0.016642 0.179402 0.244248 0.137541 0.004210 0.417828 0.000129
0.016839 0.178773 0.243466 0.137726 0.004234 0.418835 0.000127
0.016832 0.178697 0.244098 0.137327 0.004206 0.418708 0.000132
0.016791 0.177506 0.243438 0.137543 0.004168 0.420411 0.000143
0.016754 0.176737 0.243498 0.137365 0.004217 0.421289 0.000140
0.017020 0.177028 0.243075 0.137159 0.004222 0.421368 0.000129
0.017005 0.176426 0.242864 0.137282 0.004231 0.422058 0.000133
0.016821 0.175460 0.242523 0.137024 0.004270 0.423770 0.000132
0.016925 0.174830 0.241854 0.136708 0.004290 0.425261 0.000131
0.017156 0.174642 0.241744 0.136740 0.004243 0.425340 0.000135
0.017093 0.173916 0.241506 0.136557 0.004261 0.426535 0.000132
0.017173 0.173732 0.242056 0.136326 0.004225 0.426352 0.000135
0.017211 0.173336 0.240975 0.136319 0.004267 0.427753 0.000139
0.017261 0.173501 0.240904 0.135841 0.004280 0.428077 0.000136
0.017288 0.171726 0.241258 0.135810 0.004286 0.429503 0.000130
0.017249 0.171709 0.240516 0.135786 0.004310 0.430285 0.000145
0.017266 0.171264 0.240285 0.135758 0.004321 0.430958 0.000147
0.017228 0.171128 0.240018 0.135691 0.004351 0.431448 0.000136
0.017564 0.169674 0.239621 0.135142 0.004334 0.433527 0.000138
0.017537 0.169397 0.239165 0.134850 0.004285 0.434617 0.000150
0.017273 0.169325 0.239120 0.134755 0.004290 0.435082 0.000155
0.017625 0.169726 0.238721 0.134807 0.004343 0.434630 0.000147
0.017391 0.168363 0.238463 0.134947 0.004342 0.436349 0.000144
0.017629 0.168375 0.238313 0.134372 0.004330 0.436829 0.000152
0.017600 0.166748 0.237863 0.134109 0.004346 0.439195 0.000137
0.017701 0.167714 0.237640 0.134391 0.004365 0.438046 0.000144
0.017819 0.167134 0.237461 0.134053 0.004377 0.439011 0.000144
0.017466 0.165749 0.236783 0.133856 0.004429 0.441566 0.000152
0.017820 0.166730 0.237264 0.133913 0.004400 0.439722 0.000152
0.017922 0.164621 0.236454 0.133587 0.004400 0.442868 0.000147
0.017876 0.164894 0.236216 0.133514 0.004407 0.442938 0.000156
0.017844 0.164821 0.235962 0.133610 0.004405 0.443200 0.000157
0.017918 0.163703 0.235533 0.133499 0.004399 0.444788 0.000159
0.017800 0.164294 0.235412 0.133286 0.004433 0.444617 0.000158
0.018078 0.162910 0.235428 0.133031 0.004353 0.446055 0.000146
0.017981 0.162622 0.234782 0.132638 0.004406 0.447423 0.000148
0.017723 0.162675 0.234740 0.132933 0.004381 0.447395 0.000152
0.017883 0.161583 0.234270 0.132846 0.004375 0.448880 0.000163
0.018210 0.160796 0.234218 0.132352 0.004428 0.449829 0.000166
0.018067 0.160856 0.234107 0.132132 0.004424 0.450259 0.000156
0.018051 0.160732 0.233947 0.132326 0.004385 0.450396 0.000162
0.018244 0.159437 0.233218 0.132046 0.004411 0.452486 0.000158
0.018183 0.159422 0.233030 0.131915 0.004451 0.452831 0.000168
0.018220 0.158732 0.232477 0.131756 0.004402 0.454264 0.000149
0.018140 0.159082 0.232700 0.131653 0.004419 0.453842 0.000165
0.018465 0.158829 0.232383 0.131419 0.004394 0.454343 0.000166
0.018453 0.157926 0.231975 0.131146 0.004449 0.455893 0.000159
0.018388 0.157695 0.231644 0.131091 0.004463 0.456552 0.000168
0.018323 0.156364 0.231409 0.131053 0.004460 0.458215 0.000176
0.018334 0.156754 0.231416 0.130832 0.004441 0.458058 0.000166
0.018729 0.155958 0.230250 0.130652 0.004491 0.459747 0.000173
0.018409 0.155858 0.230396 0.130363 0.004465 0.460348 0.000162
0.018639 0.154782 0.230368 0.130420 0.004444 0.461177 0.000170
0.018787 0.154406 0.229839 0.130104 0.004512 0.462167 0.000185
0.018640 0.155234 0.229843 0.129896 0.004497 0.461729 0.000162
0.018854 0.154044 0.229435 0.129669 0.004539 0.463285 0.000175
0.018628 0.154291 0.229135 0.129722 0.004463 0.463596 0.000164
0.019021 0.152620 0.229212 0.129180 0.004534 0.465255 0.000179
0.018945 0.152886 0.228880 0.129275 0.004506 0.465340 0.000168
0.018619 0.152263 0.228664 0.129080 0.004564 0.466638 0.000173
0.018720 0.151986 0.228485 0.128867 0.004564 0.467209 0.000169
0.018946 0.152158 0.228077 0.128966 0.004506 0.467177 0.000170
0.019122 0.150983 0.227655 0.128838 0.004547 0.468679 0.000177
0.018934 0.150388 0.227368 0.128360 0.004586 0.470187 0.000177
0.019249 0.150145 0.227048 0.128529 0.004559 0.470291 0.000178
0.019254 0.150477 0.227413 0.128453 0.004583 0.469653 0.000167
0.019314 0.149745 0.226915 0.128065 0.004560 0.471224 0.000177
0.019358 0.148393 0.226559 0.127822 0.004585 0.473108 0.000174
0.019319 0.148700 0.226101 0.127359 0.004552 0.473786 0.000182
0.019195 0.148507 0.225710 0.127412 0.004580 0.474416 0.000179
0.019310 0.147561 0.225448 0.127309 0.004605 0.475587 0.000180
0.019633 0.146895 0.225187 0.127417 0.004578 0.476103 0.000187
0.019589 0.147130 0.225026 0.126935 0.004597 0.476541 0.000182
0.019703 0.146573 0.224605 0.126844 0.004626 0.477471 0.000177
0.019528 0.146280 0.224867 0.126969 0.004580 0.477588 0.000188
0.019774 0.145567 0.224259 0.126744 0.004615 0.478859 0.000180
0.019469 0.145880 0.224176 0.126636 0.004616 0.479041 0.000183
0.019792 0.145025 0.223442 0.126101 0.004612 0.480853 0.000175
0.019813 0.144737 0.223496 0.125933 0.004647 0.481183 0.000191
0.019780 0.145091 0.223360 0.126134 0.004631 0.480813 0.000190
0.019906 0.144811 0.222553 0.125972 0.004593 0.481972 0.000193
0.019839 0.144318 0.222444 0.125961 0.004644 0.482611 0.000184
0.019993 0.143614 0.222161 0.125792 0.004627 0.483619 0.000195
0.019947 0.143408 0.221617 0.125699 0.004634 0.484501 0.000194
0.019785 0.143671 0.221728 0.125621 0.004656 0.484348 0.000191
0.020146 0.142915 0.221322 0.125065 0.004670 0.485687 0.000195
0.020127 0.142190 0.220480 0.125131 0.004629 0.487252 0.000192
0.020346 0.141771 0.220230 0.125095 0.004680 0.487690 0.000187
0.020250 0.141688 0.220501 0.124933 0.004697 0.487738 0.000194
0.020380 0.141498 0.220186 0.124215 0.004663 0.488867 0.000190
0.020188 0.141122 0.219954 0.124562 0.004683 0.489296 0.000194
