0.999112 0.000859 0.000018 0.000011 0.000000 0.000000 0.000000
0.998681 0.001275 0.000027 0.000004 0.000000 0.000012 0.000000
0.998231 0.001711 0.000032 0.000013 0.000000 0.000012 0.000000
0.997779 0.002148 0.000043 0.000018 0.000000 0.000012 0.000000
0.997284 0.002632 0.000047 0.000024 0.000000 0.000013 0.000000
0.996742 0.003165 0.000051 0.000029 0.000000 0.000012 0.000000
0.996091 0.003809 0.000056 0.000032 0.000000 0.000012 0.000000
0.995576 0.004319 0.000057 0.000035 0.000000 0.000013 0.000000
0.994800 0.005072 0.000077 0.000039 0.000000 0.000012 0.000000
0.993816 0.006044 0.000091 0.000038 0.000000 0.000011 0.000000
0.992890 0.006955 0.000100 0.000044 0.000000 0.000011 0.000000
0.991094 0.008717 0.000123 0.000057 0.000000 0.000009 0.000000
0.988902 0.010896 0.000133 0.000061 0.000000 0.000008 0.000000
0.986466 0.013297 0.000154 0.000074 0.000000 0.000009 0.000000
0.984082 0.015618 0.000196 0.000095 0.000000 0.000009 0.000000
0.979600 0.020045 0.000246 0.000101 0.000000 0.000007 0.000000
0.975585 0.023977 0.000307 0.000125 0.000000 0.000006 0.000000
0.971017 0.028459 0.000358 0.000160 0.000000 0.000007 0.000000
0.965184 0.034202 0.000410 0.000199 0.000000 0.000006 0.000000
0.958556 0.040697 0.000484 0.000254 0.000000 0.000009 0.000000
0.952080 0.047019 0.000565 0.000322 0.000000 0.000014 0.000000
0.944055 0.054828 0.000714 0.000387 0.000000 0.000016 0.000000
0.934458 0.064241 0.000836 0.000450 0.000000 0.000016 0.000000
0.927803 0.070743 0.000914 0.000523 0.000000 0.000017 0.000000
0.917427 0.080864 0.001062 0.000632 0.000000 0.000016 0.000000
0.907739 0.090264 0.001223 0.000752 0.000000 0.000022 0.000000
0.896300 0.101389 0.001403 0.000874 0.000000 0.000034 0.000000
0.884361 0.112962 0.001640 0.001001 0.000000 0.000036 0.000000
0.873161 0.123881 0.001806 0.001114 0.000000 0.000038 0.000000
0.860198 0.136430 0.002080 0.001251 0.000000 0.000041 0.000000
0.845630 0.150480 0.002426 0.001409 0.000000 0.000055 0.000000
0.831665 0.163937 0.002751 0.001578 0.000003 0.000065 0.000000
0.816980 0.178163 0.003033 0.001745 0.000002 0.000076 0.000000
0.804237 0.190438 0.003321 0.001910 0.000004 0.000089 0.000000
0.788290 0.205865 0.003623 0.002121 0.000005 0.000096 0.000000
0.773291 0.220310 0.003977 0.002311 0.000004 0.000106 0.000000
0.759316 0.233702 0.004326 0.002529 0.000004 0.000122 0.000000
0.743952 0.248409 0.004771 0.002739 0.000003 0.000125 0.000000
0.729714 0.261954 0.005181 0.003005 0.000003 0.000143 0.000000
0.716504 0.274533 0.005570 0.003237 0.000003 0.000152 0.000000
0.700311 0.289901 0.006062 0.003549 0.000003 0.000173 0.000000
0.686122 0.303285 0.006555 0.003829 0.000004 0.000204 0.000000
0.672576 0.315948 0.007116 0.004122 0.000005 0.000232 0.000000
0.655787 0.331773 0.007728 0.004440 0.000005 0.000266 0.000000
0.645094 0.341781 0.008172 0.004662 0.000005 0.000286 0.000000
0.630065 0.355821 0.008796 0.005001 0.000006 0.000311 0.000000
0.616663 0.368359 0.009369 0.005272 0.000006 0.000332 0.000000
0.604687 0.379502 0.009877 0.005556 0.000006 0.000373 0.000000
0.590216 0.392950 0.010492 0.005928 0.000006 0.000408 0.000000
0.579267 0.402989 0.011065 0.006241 0.000007 0.000431 0.000000
0.565816 0.415263 0.011816 0.006615 0.000008 0.000482 0.000000
0.551704 0.428217 0.012516 0.007030 0.000008 0.000525 0.000000
0.538529 0.440282 0.013172 0.007451 0.000008 0.000558 0.000000
0.529160 0.448586 0.013807 0.007850 0.000008 0.000589 0.000000
0.516472 0.459974 0.014620 0.008293 0.000008 0.000634 0.000000
0.504444 0.470687 0.015394 0.008780 0.000010 0.000686 0.000000
0.492901 0.481034 0.016108 0.009210 0.000012 0.000736 0.000000
0.482888 0.489863 0.016833 0.009608 0.000013 0.000796 0.000000
0.476442 0.495387 0.017418 0.009913 0.000013 0.000827 0.000000
0.464153 0.506129 0.018349 0.010457 0.000014 0.000898 0.000000
0.453418 0.515526 0.019199 0.010901 0.000014 0.000943 0.000000
0.442458 0.524875 0.020174 0.011455 0.000017 0.001021 0.000000
0.431616 0.534291 0.021039 0.011941 0.000021 0.001092 0.000000
0.425075 0.539374 0.021879 0.012478 0.000022 0.001174 0.000000
0.418126 0.545268 0.022553 0.012807 0.000024 0.001222 0.000000
0.408796 0.552926 0.023478 0.013452 0.000026 0.001323 0.000000
0.399334 0.560780 0.024508 0.013947 0.000028 0.001404 0.000000
0.394506 0.564381 0.025251 0.014363 0.000026 0.001473 0.000000
0.382813 0.573949 0.026540 0.015107 0.000027 0.001563 0.000000
0.377062 0.578343 0.027353 0.015560 0.000027 0.001655 0.000000
0.372626 0.581514 0.028060 0.016043 0.000027 0.001730 0.000000
0.363430 0.588802 0.029203 0.016663 0.000027 0.001875 0.000000
0.360223 0.590958 0.029811 0.017029 0.000031 0.001948 0.000000
0.350565 0.598332 0.031201 0.017782 0.000029 0.002092 0.000000
0.343902 0.603248 0.032262 0.018359 0.000032 0.002197 0.000000
0.340367 0.605434 0.033020 0.018847 0.000035 0.002297 0.000000
0.332953 0.610972 0.034158 0.019430 0.000038 0.002450 0.000000
0.327370 0.615007 0.035025 0.020032 0.000039 0.002526 0.000000
0.320999 0.619708 0.036035 0.020560 0.000039 0.002659 0.000000
0.312160 0.626301 0.037370 0.021315 0.000039 0.002815 0.000000
0.310360 0.626877 0.038151 0.021668 0.000042 0.002902 0.000000
0.300285 0.634301 0.039678 0.022570 0.000048 0.003118 0.000000
0.294256 0.638258 0.040940 0.023224 0.000049 0.003273 0.000000
0.283360 0.646583 0.042485 0.024041 0.000049 0.003482 0.000000
0.280519 0.648145 0.043246 0.024446 0.000047 0.003596 0.000000
0.274343 0.652145 0.044579 0.025091 0.000052 0.003790 0.000000
0.266296 0.657479 0.046110 0.026035 0.000056 0.004023 0.000000
0.261985 0.660158 0.047085 0.026554 0.000058 0.004160 0.000000
0.256392 0.663515 0.048330 0.027311 0.000061 0.004390 0.000001
0.252427 0.664994 0.049817 0.028129 0.000066 0.004565 0.000001
0.244388 0.670422 0.051367 0.028943 0.000070 0.004810 0.000000
0.235599 0.675949 0.053253 0.030019 0.000073 0.005106 0.000000
0.235913 0.675297 0.053395 0.030128 0.000071 0.005195 0.000001
0.230567 0.677878 0.054924 0.031115 0.000082 0.005434 0.000001
0.222010 0.683453 0.056690 0.032026 0.000080 0.005741 0.000001
0.218916 0.684308 0.058021 0.032698 0.000081 0.005975 0.000001
0.209844 0.689948 0.059942 0.033885 0.000084 0.006296 0.000001
0.210164 0.688001 0.060859 0.034389 0.000089 0.006496 0.000001
0.204100 0.691144 0.062561 0.035338 0.000092 0.006764 0.000001
0.196177 0.696255 0.064192 0.036208 0.000105 0.007063 0.000001
0.192449 0.697234 0.065710 0.037065 0.000110 0.007431 0.000001
0.189783 0.697133 0.067253 0.037975 0.000112 0.007744 0.000001
0.182049 0.702777 0.068482 0.038627 0.000119 0.007944 0.000001
0.175976 0.704745 0.070832 0.039904 0.000123 0.008420 0.000000
0.174874 0.704209 0.071682 0.040420 0.000123 0.008690 0.000001
0.167186 0.708497 0.073599 0.041535 0.000117 0.009065 0.000001
0.162786 0.709792 0.075345 0.042528 0.000134 0.009415 0.000001
0.153819 0.714828 0.077517 0.043793 0.000133 0.009909 0.000001
0.150441 0.716637 0.078389 0.044243 0.000135 0.010154 0.000001
0.143443 0.718712 0.081114 0.045851 0.000137 0.010742 0.000000
0.138707 0.720105 0.083038 0.046838 0.000148 0.011163 0.000001
0.132759 0.723648 0.084239 0.047686 0.000159 0.011508 0.000001
0.130155 0.723223 0.085998 0.048544 0.000160 0.011920 0.000000
0.124282 0.725494 0.087928 0.049825 0.000159 0.012310 0.000001
0.120255 0.726966 0.089245 0.050682 0.000167 0.012684 0.000001
0.116941 0.727185 0.091013 0.051566 0.000175 0.013119 0.000001
0.117876 0.723782 0.092379 0.052288 0.000183 0.013491 0.000001
0.114596 0.723438 0.094323 0.053452 0.000189 0.014001 0.000001
0.109883 0.723216 0.096995 0.054967 0.000196 0.014742 0.000001
0.113400 0.718330 0.097742 0.055280 0.000199 0.015048 0.000000
0.105296 0.721918 0.100164 0.056821 0.000192 0.015608 0.000001
0.108370 0.717377 0.101010 0.057081 0.000208 0.015953 0.000001
0.103578 0.718720 0.102817 0.058225 0.000212 0.016447 0.000001
0.104786 0.715778 0.103679 0.058734 0.000215 0.016807 0.000001
0.100865 0.715418 0.106244 0.059857 0.000223 0.017392 0.000001
0.102416 0.712473 0.106710 0.060431 0.000236 0.017733 0.000000
0.096407 0.713109 0.109666 0.061957 0.000237 0.018624 0.000001
0.096935 0.712347 0.109849 0.061944 0.000248 0.018676 0.000001
0.092608 0.712609 0.111957 0.063166 0.000245 0.019413 0.000001
0.093725 0.708430 0.113478 0.064065 0.000257 0.020044 0.000001
0.093047 0.707656 0.114247 0.064519 0.000261 0.020268 0.000002
0.091602 0.706420 0.115620 0.065296 0.000258 0.020802 0.000002
0.088609 0.705668 0.117539 0.066494 0.000268 0.021420 0.000002
0.084986 0.706020 0.119297 0.067392 0.000266 0.022037 0.000002
0.084200 0.703932 0.120739 0.068154 0.000291 0.022682 0.000002
0.086186 0.700270 0.121528 0.068733 0.000299 0.022983 0.000001
0.083400 0.698952 0.123726 0.069912 0.000311 0.023698 0.000002
0.077747 0.700043 0.126040 0.071378 0.000307 0.024483 0.000002
0.079776 0.697366 0.126372 0.071404 0.000294 0.024786 0.000002
0.077620 0.696175 0.127963 0.072382 0.000328 0.025530 0.000001
0.074382 0.696648 0.129542 0.073073 0.000330 0.026024 0.000002
0.077491 0.693046 0.129521 0.073338 0.000333 0.026269 0.000002
0.073450 0.691224 0.132679 0.075033 0.000341 0.027271 0.000002
0.075090 0.688170 0.133390 0.075322 0.000356 0.027671 0.000002
0.069197 0.689116 0.136026 0.076668 0.000364 0.028627 0.000002
0.070103 0.686538 0.136605 0.077264 0.000372 0.029116 0.000003
0.076660 0.679771 0.136571 0.077176 0.000364 0.029454 0.000003
0.080413 0.673853 0.137523 0.077796 0.000373 0.030039 0.000003
0.084393 0.669493 0.137584 0.077767 0.000389 0.030371 0.000002
0.086093 0.666321 0.138233 0.078092 0.000397 0.030862 0.000003
0.084401 0.664452 0.139903 0.079227 0.000407 0.031607 0.000002
0.079028 0.665964 0.141895 0.080186 0.000413 0.032511 0.000003
0.082595 0.660450 0.142808 0.080665 0.000417 0.033063 0.000002
0.083079 0.659807 0.142829 0.080732 0.000431 0.033119 0.000003
0.080550 0.658688 0.144629 0.081703 0.000428 0.034001 0.000002
0.081533 0.656383 0.145077 0.082036 0.000452 0.034517 0.000002
0.074617 0.658676 0.147654 0.083230 0.000450 0.035371 0.000002
0.080327 0.654107 0.146770 0.082815 0.000464 0.035513 0.000003
0.074421 0.653690 0.149810 0.084757 0.000477 0.036844 0.000002
0.074471 0.652276 0.150385 0.085160 0.000472 0.037233 0.000003
0.073172 0.652117 0.150929 0.085462 0.000480 0.037839 0.000002
0.071689 0.652578 0.151411 0.085667 0.000482 0.038170 0.000002
0.063795 0.653345 0.155043 0.087740 0.000496 0.039580 0.000003
0.062815 0.653493 0.155400 0.087861 0.000497 0.039932 0.000002
0.062394 0.651949 0.156169 0.088310 0.000511 0.040664 0.000003
0.054619 0.652826 0.159642 0.090389 0.000530 0.041990 0.000003
0.051887 0.652249 0.161148 0.091385 0.000541 0.042788 0.000002
0.050492 0.650518 0.162572 0.092265 0.000546 0.043603 0.000002
0.048115 0.649631 0.164092 0.093071 0.000572 0.044517 0.000002
0.045877 0.648440 0.165696 0.093999 0.000594 0.045391 0.000003
0.043215 0.647422 0.167607 0.094954 0.000577 0.046223 0.000002
0.043098 0.646951 0.167890 0.094968 0.000570 0.046521 0.000002
0.040186 0.644295 0.170346 0.096500 0.000580 0.048090 0.000003
0.039255 0.643903 0.170973 0.096744 0.000605 0.048517 0.000003
0.036846 0.643803 0.172388 0.097559 0.000601 0.048798 0.000004
0.036371 0.641532 0.173439 0.098297 0.000623 0.049734 0.000002
0.033617 0.639423 0.176018 0.099491 0.000622 0.050826 0.000002
0.032069 0.636092 0.178102 0.100806 0.000654 0.052275 0.000003
0.032171 0.635095 0.178473 0.100889 0.000665 0.052704 0.000003
0.030363 0.632636 0.180457 0.102070 0.000668 0.053804 0.000002
0.029075 0.630561 0.181840 0.103163 0.000670 0.054688 0.000003
0.029214 0.628959 0.182337 0.103394 0.000669 0.055425 0.000003
0.027195 0.625172 0.185116 0.104970 0.000704 0.056840 0.000002
0.027161 0.623342 0.186072 0.105206 0.000718 0.057499 0.000002
0.027039 0.621361 0.186659 0.105878 0.000697 0.058362 0.000003
0.026638 0.619581 0.187745 0.106153 0.000723 0.059158 0.000002
0.025387 0.617728 0.189111 0.107139 0.000742 0.059892 0.000002
0.024889 0.615254 0.190332 0.107792 0.000733 0.060997 0.000003
0.024369 0.613918 0.191179 0.108339 0.000763 0.061428 0.000003
0.024442 0.611063 0.192034 0.109001 0.000769 0.062689 0.000002
0.023217 0.609540 0.193220 0.109515 0.000755 0.063749 0.000004
0.023559 0.608929 0.193314 0.109711 0.000773 0.063709 0.000004
0.022382 0.603973 0.195821 0.111404 0.000790 0.065625 0.000005
0.022737 0.603190 0.196266 0.110974 0.000804 0.066025 0.000005
0.021958 0.600765 0.197447 0.112031 0.000810 0.066984 0.000006
0.021993 0.600179 0.197778 0.111978 0.000827 0.067238 0.000006
0.021726 0.596202 0.199232 0.113164 0.000825 0.068844 0.000006
0.021137 0.594020 0.200621 0.113608 0.000861 0.069746 0.000007
0.021196 0.593530 0.200714 0.113866 0.000859 0.069829 0.000006
0.020778 0.589734 0.202357 0.114697 0.000879 0.071549 0.000006
0.020283 0.587431 0.203498 0.115486 0.000884 0.072414 0.000005
0.020194 0.584609 0.204720 0.115921 0.000895 0.073654 0.000008
0.019593 0.583169 0.205616 0.116601 0.000919 0.074095 0.000007
0.019656 0.580196 0.206728 0.117006 0.000931 0.075477 0.000006
0.019374 0.578162 0.207532 0.117606 0.000932 0.076386 0.000007
0.019692 0.579470 0.206775 0.116970 0.000919 0.076168 0.000006
0.019344 0.576388 0.208207 0.117826 0.000947 0.077280 0.000006
0.018498 0.571271 0.210520 0.119325 0.000951 0.079427 0.000008
0.018491 0.570141 0.211102 0.119444 0.000969 0.079846 0.000009
0.018363 0.567949 0.212119 0.119979 0.000976 0.080607 0.000007
0.018118 0.566225 0.212769 0.120332 0.001016 0.081531 0.000008
0.018070 0.565642 0.212878 0.120422 0.001001 0.081979 0.000008
0.018021 0.562645 0.214136 0.121220 0.001005 0.082963 0.000010
0.017750 0.561007 0.214750 0.121491 0.001014 0.083978 0.000010
0.017274 0.555834 0.216834 0.122893 0.001023 0.086135 0.000008
0.017346 0.555447 0.217223 0.122711 0.001029 0.086235 0.000009
0.017433 0.555099 0.216981 0.122895 0.001039 0.086544 0.000009
0.017043 0.551804 0.218280 0.123784 0.001038 0.088042 0.000010
0.016689 0.548740 0.219475 0.124660 0.001071 0.089354 0.000011
0.016990 0.548014 0.219535 0.124494 0.001057 0.089903 0.000008
0.016935 0.545697 0.220356 0.124981 0.001108 0.090910 0.000012
0.016704 0.543623 0.221204 0.125537 0.001114 0.091807 0.000011
0.016572 0.541335 0.222120 0.125812 0.001112 0.093036 0.000013
0.016313 0.539685 0.222667 0.126414 0.001119 0.093789 0.000013
0.016237 0.537422 0.223575 0.126861 0.001129 0.094761 0.000014
0.016386 0.537318 0.223342 0.126675 0.001138 0.095125 0.000015
0.016075 0.534405 0.224666 0.127353 0.001150 0.096337 0.000014
0.015971 0.530732 0.226470 0.127798 0.001147 0.097871 0.000011
0.015941 0.530955 0.225762 0.127950 0.001164 0.098214 0.000013
0.015818 0.529740 0.226351 0.128226 0.001165 0.098689 0.000012
0.015547 0.525609 0.228087 0.129022 0.001192 0.100531 0.000012
0.015784 0.524197 0.228132 0.129295 0.001219 0.101360 0.000014
0.015501 0.521519 0.229441 0.129870 0.001232 0.102424 0.000014
0.015482 0.519787 0.229737 0.130204 0.001235 0.103541 0.000015
0.015300 0.517796 0.230443 0.130870 0.001244 0.104332 0.000014
0.015434 0.516929 0.230618 0.130888 0.001268 0.104850 0.000011
0.015072 0.514315 0.231950 0.131294 0.001272 0.106087 0.000011
0.015180 0.514352 0.231654 0.131346 0.001257 0.106196 0.000015
0.015147 0.511553 0.232445 0.132078 0.001285 0.107478 0.000014
0.014966 0.507857 0.233979 0.132567 0.001312 0.109307 0.000012
0.014933 0.506216 0.234439 0.132794 0.001343 0.110263 0.000014
0.014938 0.505459 0.234579 0.133002 0.001325 0.110681 0.000015
0.014807 0.505479 0.234567 0.132772 0.001339 0.111023 0.000013
0.014898 0.502842 0.235291 0.133484 0.001311 0.112161 0.000012
0.014736 0.499499 0.236753 0.134140 0.001363 0.113495 0.000013
0.014598 0.498189 0.236686 0.134449 0.001392 0.114671 0.000015
0.014700 0.496628 0.237323 0.134634 0.001377 0.115322 0.000016
0.014579 0.493570 0.238140 0.135217 0.001384 0.117097 0.000013
0.014477 0.492383 0.238493 0.135323 0.001405 0.117907 0.000012
0.014417 0.488965 0.239820 0.135706 0.001438 0.119639 0.000015
0.014298 0.488708 0.239867 0.135999 0.001468 0.119646 0.000014
0.014318 0.487016 0.240162 0.136231 0.001427 0.120830 0.000016
0.014135 0.482935 0.241678 0.136991 0.001433 0.122811 0.000016
0.014160 0.482398 0.241513 0.137408 0.001463 0.123047 0.000012
0.014186 0.481068 0.242063 0.137317 0.001474 0.123875 0.000017
0.013976 0.479466 0.242518 0.137746 0.001484 0.124794 0.000016
0.014162 0.477441 0.243015 0.138033 0.001513 0.125820 0.000016
0.014010 0.475923 0.243599 0.138361 0.001517 0.126574 0.000016
0.013939 0.473877 0.244151 0.138584 0.001533 0.127898 0.000017
0.013864 0.473215 0.244311 0.138601 0.001492 0.128498 0.000018
0.013857 0.469940 0.245083 0.139165 0.001567 0.130374 0.000014
0.013721 0.468770 0.245427 0.139415 0.001545 0.131106 0.000017
0.013685 0.466912 0.245966 0.139470 0.001544 0.132407 0.000015
0.013681 0.465803 0.246267 0.139652 0.001550 0.133034 0.000014
0.013497 0.462594 0.247211 0.140460 0.001587 0.134633 0.000017
0.013666 0.461259 0.247365 0.140411 0.001618 0.135668 0.000014
0.013595 0.460440 0.247682 0.140539 0.001591 0.136137 0.000014
0.013495 0.459039 0.247954 0.140752 0.001612 0.137130 0.000019
0.013484 0.455529 0.249159 0.141283 0.001628 0.138902 0.000014
0.013329 0.455868 0.248946 0.141288 0.001606 0.138948 0.000015
0.013354 0.452311 0.249822 0.141762 0.001624 0.141110 0.000017
0.013459 0.452028 0.250038 0.141399 0.001645 0.141414 0.000016
0.013363 0.450079 0.250532 0.141745 0.001692 0.142572 0.000017
0.013246 0.449127 0.250901 0.142009 0.001661 0.143042 0.000014
0.013041 0.446004 0.251467 0.142612 0.001697 0.145160 0.000019
0.013255 0.445428 0.251327 0.142542 0.001699 0.145731 0.000017
0.013217 0.444070 0.251570 0.142893 0.001707 0.146523 0.000020
0.013191 0.442124 0.252123 0.143188 0.001697 0.147654 0.000023
0.013423 0.440698 0.252556 0.143318 0.001743 0.148244 0.000018
0.013217 0.439572 0.253066 0.143308 0.001732 0.149084 0.000021
0.013129 0.437730 0.253303 0.143664 0.001728 0.150431 0.000016
0.013107 0.435103 0.254270 0.143941 0.001744 0.151817 0.000018
0.013182 0.433116 0.254326 0.144320 0.001758 0.153278 0.000020
0.013043 0.431844 0.254549 0.144469 0.001784 0.154294 0.000017
0.012921 0.429381 0.255563 0.144816 0.001781 0.155520 0.000019
0.012988 0.428741 0.255431 0.144905 0.001784 0.156131 0.000020
0.012989 0.428189 0.255419 0.145056 0.001792 0.156538 0.000018
0.012910 0.426192 0.255637 0.145436 0.001794 0.158011 0.000021
0.013022 0.423406 0.256576 0.145512 0.001841 0.159624 0.000018
0.013034 0.423528 0.256414 0.145475 0.001834 0.159698 0.000018
0.012926 0.421862 0.256866 0.145534 0.001830 0.160964 0.000019
0.012872 0.419267 0.257512 0.145927 0.001866 0.162537 0.000019
0.012700 0.418310 0.257497 0.146051 0.001894 0.163529 0.000018
0.012890 0.416677 0.257832 0.146282 0.001904 0.164395 0.000020
0.012757 0.414626 0.258251 0.146524 0.001923 0.165896 0.000022
0.012700 0.412407 0.258976 0.146773 0.001914 0.167210 0.000020
0.012805 0.412199 0.258817 0.146890 0.001898 0.167371 0.000020
0.012666 0.410527 0.259301 0.146965 0.001941 0.168580 0.000020
0.012876 0.409099 0.259525 0.147075 0.001924 0.169479 0.000022
0.012827 0.407665 0.259864 0.147305 0.001969 0.170346 0.000023
0.012693 0.405297 0.260081 0.147438 0.001954 0.172514 0.000022
0.012615 0.404879 0.260394 0.147597 0.001968 0.172524 0.000022
0.012518 0.401811 0.260954 0.147879 0.002024 0.174793 0.000022
0.012752 0.401835 0.261153 0.147686 0.001998 0.174555 0.000022
0.012728 0.399918 0.261423 0.147970 0.002010 0.175930 0.000021
0.012580 0.398636 0.261527 0.148289 0.002047 0.176897 0.000024
0.012571 0.397156 0.261692 0.148315 0.002030 0.178216 0.000020
0.012553 0.395412 0.261960 0.148448 0.002049 0.179556 0.000022
0.012704 0.394550 0.261841 0.148563 0.002036 0.180284 0.000024
0.012554 0.393252 0.262349 0.148498 0.002062 0.181263 0.000022
0.012584 0.391025 0.262621 0.148690 0.002086 0.182968 0.000026
0.012719 0.390738 0.262665 0.149059 0.002067 0.182722 0.000030
0.012631 0.389179 0.262818 0.148956 0.002077 0.184311 0.000028
0.012763 0.386594 0.263592 0.149165 0.002113 0.185748 0.000026
0.012639 0.385446 0.263562 0.149296 0.002117 0.186908 0.000032
0.012571 0.384237 0.263558 0.149442 0.002145 0.188019 0.000029
0.012535 0.383865 0.263618 0.149395 0.002141 0.188414 0.000033
0.012637 0.380697 0.264361 0.149756 0.002142 0.190377 0.000029
0.012722 0.379802 0.264309 0.149676 0.002140 0.191323 0.000029
0.012397 0.378777 0.264402 0.149807 0.002173 0.192414 0.000029
0.012392 0.377437 0.264735 0.149948 0.002170 0.193286 0.000033
0.012629 0.375345 0.265076 0.150046 0.002157 0.194716 0.000031
0.012598 0.374857 0.265171 0.150108 0.002193 0.195041 0.000033
0.012535 0.372965 0.265323 0.150325 0.002218 0.196606 0.000028
0.012577 0.370552 0.265842 0.150445 0.002240 0.198314 0.000031
0.012382 0.370307 0.265825 0.150333 0.002242 0.198876 0.000034
0.012373 0.369996 0.266069 0.150349 0.002252 0.198923 0.000037
0.012567 0.367547 0.266373 0.150733 0.002244 0.200501 0.000034
0.012455 0.367390 0.266088 0.150580 0.002284 0.201171 0.000033
0.012542 0.365781 0.266376 0.150654 0.002267 0.202341 0.000039
0.012538 0.363805 0.266760 0.150737 0.002296 0.203830 0.000034
0.012598 0.362468 0.266751 0.150917 0.002279 0.204951 0.000036
0.012513 0.360515 0.267040 0.151092 0.002322 0.206485 0.000033
0.012428 0.359901 0.267033 0.151177 0.002318 0.207108 0.000035
0.012520 0.358000 0.267433 0.151196 0.002315 0.208501 0.000035
0.012494 0.357573 0.267378 0.151062 0.002321 0.209138 0.000035
0.012498 0.354657 0.267519 0.151358 0.002350 0.211582 0.000035
0.012374 0.355380 0.267585 0.151520 0.002314 0.210787 0.000040
0.012530 0.353485 0.267845 0.151179 0.002379 0.212545 0.000036
0.012556 0.352221 0.268113 0.151242 0.002425 0.213406 0.000038
0.012476 0.350824 0.267899 0.151512 0.002415 0.214842 0.000033
0.012683 0.350152 0.268343 0.151389 0.002387 0.215011 0.000035
0.012600 0.347897 0.268335 0.151610 0.002429 0.217090 0.000038
0.012517 0.346345 0.268922 0.151406 0.002458 0.218314 0.000038
0.012522 0.346435 0.268498 0.151721 0.002450 0.218330 0.000044
0.012434 0.344809 0.268737 0.151540 0.002441 0.220003 0.000035
0.012623 0.342326 0.269082 0.151932 0.002468 0.221530 0.000039
0.012449 0.342205 0.269016 0.151604 0.002477 0.222209 0.000042
0.012449 0.340994 0.268945 0.152068 0.002486 0.223012 0.000045
0.012480 0.339228 0.269069 0.152115 0.002516 0.224550 0.000042
0.012646 0.337748 0.269095 0.152064 0.002502 0.225902 0.000043
0.012446 0.336756 0.269249 0.152454 0.002514 0.226540 0.000041
0.012584 0.335874 0.269350 0.152023 0.002565 0.227556 0.000047
0.012710 0.333806 0.269403 0.152226 0.002532 0.229277 0.000046
0.012543 0.332940 0.269429 0.152395 0.002539 0.230105 0.000048
0.012615 0.332361 0.269451 0.152510 0.002569 0.230443 0.000049
0.012692 0.329973 0.269626 0.152566 0.002552 0.232542 0.000049
0.012433 0.330013 0.269666 0.152531 0.002559 0.232751 0.000047
0.012639 0.327889 0.269629 0.152676 0.002633 0.234482 0.000052
0.012808 0.327585 0.269552 0.152564 0.002581 0.234864 0.000047
0.028792 0.323699 0.264123 0.149458 0.002574 0.231303 0.000050
0.023802 0.323229 0.266221 0.150397 0.002583 0.233715 0.000054
0.029822 0.321030 0.263715 0.149319 0.002608 0.233454 0.000052
0.024328 0.320997 0.265622 0.150317 0.002646 0.236037 0.000053
0.024789 0.319913 0.265409 0.150297 0.002633 0.236905 0.000053
0.030023 0.318463 0.263341 0.148928 0.002641 0.236556 0.000049
0.029231 0.319799 0.263102 0.149131 0.002604 0.236079 0.000055
0.025134 0.319197 0.264531 0.149789 0.002624 0.238670 0.000054
0.027333 0.317626 0.263656 0.149127 0.002653 0.239554 0.000052
0.027117 0.318311 0.263457 0.149105 0.002650 0.239307 0.000052
0.024386 0.316625 0.264584 0.149660 0.002712 0.241979 0.000054
0.025008 0.317019 0.263596 0.149202 0.002693 0.242430 0.000052
0.023190 0.316304 0.264316 0.149639 0.002693 0.243802 0.000055
0.020934 0.314686 0.265309 0.150165 0.002761 0.246088 0.000057
0.020421 0.314713 0.265069 0.150311 0.002754 0.246675 0.000057
0.021170 0.313822 0.264995 0.149976 0.002737 0.247243 0.000058
0.018812 0.312712 0.266030 0.150578 0.002726 0.249085 0.000057
0.019978 0.312455 0.265019 0.149874 0.002758 0.249854 0.000060
0.018599 0.310394 0.265421 0.150433 0.002807 0.252288 0.000058
0.016666 0.309767 0.266915 0.151173 0.002807 0.252608 0.000063
0.018211 0.309777 0.265615 0.150443 0.002777 0.253117 0.000061
0.015842 0.307008 0.267217 0.151184 0.002823 0.255868 0.000059
0.016335 0.305921 0.266687 0.151202 0.002853 0.256942 0.000060
0.015549 0.305456 0.266908 0.151574 0.002820 0.257632 0.000063
0.016336 0.305263 0.266404 0.150648 0.002893 0.258394 0.000061
0.016039 0.304049 0.266806 0.150763 0.002885 0.259399 0.000059
0.015127 0.301841 0.267222 0.151433 0.002889 0.261427 0.000061
0.014772 0.301585 0.267236 0.151526 0.002849 0.261972 0.000060
0.015208 0.301385 0.266982 0.150966 0.002902 0.262499 0.000058
0.014572 0.298169 0.267574 0.151521 0.002918 0.265189 0.000057
0.014693 0.298628 0.267390 0.151512 0.002907 0.264809 0.000060
0.014380 0.297281 0.267794 0.151601 0.002913 0.265966 0.000066
0.014140 0.295638 0.267973 0.151688 0.002918 0.267578 0.000065
0.013996 0.295664 0.267547 0.151748 0.002956 0.268028 0.000061
0.014086 0.293068 0.267919 0.151699 0.002948 0.270217 0.000064
0.013936 0.291447 0.268008 0.151985 0.002960 0.271595 0.000069
0.013885 0.290081 0.268401 0.151853 0.002986 0.272727 0.000067
0.013629 0.288745 0.268257 0.152009 0.002972 0.274329 0.000059
0.013549 0.287799 0.268123 0.152228 0.002996 0.275241 0.000064
0.013459 0.286353 0.268090 0.152450 0.002995 0.276591 0.000063
0.013527 0.285586 0.267874 0.152225 0.003041 0.277682 0.000065
0.013665 0.285604 0.267775 0.151764 0.002983 0.278144 0.000065
0.013577 0.283420 0.267549 0.151882 0.003018 0.280488 0.000066
0.013749 0.283412 0.267405 0.151937 0.003068 0.280366 0.000063
0.013457 0.282350 0.267900 0.151861 0.003023 0.281352 0.000057
0.013131 0.279554 0.268127 0.152239 0.003094 0.283789 0.000065
0.013645 0.281667 0.267117 0.151597 0.003051 0.282860 0.000064
0.013758 0.281677 0.266894 0.151427 0.003086 0.283094 0.000064
0.013495 0.277504 0.267530 0.152125 0.003109 0.286173 0.000064
0.013685 0.278719 0.266781 0.151311 0.003154 0.286284 0.000066
0.013436 0.277560 0.267211 0.151613 0.003107 0.287003 0.000070
0.013681 0.275621 0.267146 0.151657 0.003139 0.288689 0.000067
0.013455 0.274847 0.267417 0.151549 0.003158 0.289505 0.000069
0.013634 0.273478 0.266993 0.151454 0.003168 0.291208 0.000065
0.013475 0.272525 0.267159 0.151694 0.003187 0.291891 0.000068
0.013465 0.271939 0.266814 0.151516 0.003168 0.293027 0.000070
0.013493 0.270362 0.266778 0.151347 0.003177 0.294777 0.000066
0.013402 0.270039 0.266781 0.151682 0.003189 0.294835 0.000072
0.013496 0.269273 0.266461 0.151396 0.003186 0.296117 0.000072
0.013637 0.269255 0.266236 0.151074 0.003223 0.296502 0.000073
0.013661 0.269554 0.266011 0.150732 0.003197 0.296776 0.000070
0.013635 0.265898 0.266031 0.151356 0.003253 0.299759 0.000068
0.013581 0.265589 0.266078 0.151091 0.003240 0.300359 0.000063
0.013733 0.264085 0.266048 0.151033 0.003263 0.301772 0.000066
0.013558 0.263840 0.266139 0.151052 0.003253 0.302090 0.000068
0.013496 0.261950 0.266372 0.151050 0.003279 0.303784 0.000070
0.013397 0.261828 0.265905 0.151051 0.003272 0.304470 0.000076
0.013727 0.260413 0.265974 0.150769 0.003268 0.305780 0.000069
0.013614 0.260964 0.265400 0.150692 0.003273 0.305987 0.000070
0.013458 0.258324 0.265596 0.150873 0.003305 0.308375 0.000069
0.013569 0.257424 0.265492 0.150611 0.003324 0.309507 0.000073
0.013608 0.257203 0.265201 0.150882 0.003310 0.309720 0.000076
0.013756 0.255812 0.265053 0.150605 0.003373 0.311321 0.000080
0.013614 0.253899 0.265550 0.151032 0.003403 0.312425 0.000077
0.013758 0.253590 0.264938 0.150726 0.003361 0.313553 0.000073
0.013708 0.254461 0.265094 0.150572 0.003365 0.312728 0.000071
0.013750 0.252058 0.264652 0.150583 0.003397 0.315488 0.000073
0.013635 0.250185 0.264908 0.150544 0.003391 0.317255 0.000081
0.013702 0.250888 0.264483 0.150278 0.003402 0.317175 0.000072
0.013780 0.250138 0.264582 0.150325 0.003400 0.317693 0.000082
0.013907 0.249970 0.264508 0.150378 0.003371 0.317790 0.000076
0.013879 0.248520 0.264145 0.149862 0.003387 0.320131 0.000077
0.013927 0.248125 0.263595 0.149990 0.003445 0.320841 0.000078
0.013970 0.246505 0.263947 0.150086 0.003436 0.321980 0.000076
0.013756 0.246128 0.263744 0.150015 0.003422 0.322851 0.000084
0.013949 0.244328 0.263649 0.150128 0.003517 0.324346 0.000083
0.014120 0.244265 0.263120 0.149996 0.003443 0.324974 0.000083
0.013852 0.242608 0.263133 0.149836 0.003429 0.327062 0.000080
0.013926 0.242579 0.263200 0.149662 0.003498 0.327052 0.000083
0.013989 0.241009 0.262942 0.149432 0.003516 0.329033 0.000079
0.014230 0.240499 0.262543 0.149336 0.003511 0.329803 0.000078
0.014159 0.239642 0.262704 0.149255 0.003523 0.330634 0.000083
0.014045 0.238611 0.262468 0.149534 0.003553 0.331711 0.000077
0.014113 0.237328 0.262427 0.149169 0.003558 0.333323 0.000082
0.014147 0.237607 0.262586 0.148775 0.003558 0.333245 0.000081
0.014081 0.236208 0.262417 0.149114 0.003544 0.334541 0.000094
0.014129 0.235419 0.261804 0.149007 0.003592 0.335959 0.000090
0.014299 0.234354 0.261965 0.148744 0.003563 0.336980 0.000095
0.014320 0.234703 0.261375 0.148738 0.003605 0.337171 0.000089
0.014355 0.234152 0.261246 0.148355 0.003571 0.338233 0.000089
0.014452 0.232784 0.261257 0.148540 0.003592 0.339283 0.000093
0.014317 0.231919 0.261329 0.148147 0.003577 0.340614 0.000097
0.014074 0.230655 0.260824 0.148456 0.003621 0.342275 0.000094
0.014456 0.230250 0.260459 0.148244 0.003639 0.342860 0.000092
0.014534 0.229639 0.260629 0.148069 0.003644 0.343393 0.000092
0.014423 0.227899 0.260757 0.147875 0.003639 0.345304 0.000103
0.014363 0.227777 0.260387 0.147627 0.003651 0.346099 0.000096
0.014526 0.229143 0.260014 0.147566 0.003625 0.345031 0.000095
0.014534 0.227169 0.260105 0.147463 0.003691 0.346947 0.000091
0.014634 0.225414 0.259944 0.147736 0.003664 0.348504 0.000103
0.014493 0.225359 0.259797 0.147600 0.003618 0.349030 0.000103
0.014589 0.223293 0.259254 0.147374 0.003759 0.351633 0.000098
0.014629 0.224399 0.259661 0.147308 0.003674 0.350224 0.000105
0.014788 0.223162 0.259045 0.147109 0.003681 0.352120 0.000095
0.014682 0.221698 0.259192 0.146986 0.003653 0.353693 0.000096
0.014612 0.221003 0.258587 0.146857 0.003766 0.355073 0.000102
0.014881 0.220562 0.258932 0.146811 0.003709 0.355000 0.000105
0.014879 0.220039 0.258592 0.146821 0.003734 0.355828 0.000108
0.014960 0.218458 0.258069 0.146912 0.003678 0.357822 0.000101
0.014701 0.218612 0.257634 0.146639 0.003760 0.358555 0.000099
0.015090 0.216845 0.257757 0.146559 0.003716 0.359929 0.000104
0.014912 0.218399 0.257653 0.146265 0.003783 0.358885 0.000103
0.014898 0.215978 0.257763 0.146269 0.003781 0.361205 0.000106
0.014614 0.216046 0.257170 0.146337 0.003753 0.361978 0.000103
0.015028 0.216446 0.257101 0.145985 0.003750 0.361588 0.000103
0.015042 0.215139 0.256468 0.145848 0.003778 0.363623 0.000102
0.014995 0.211663 0.256800 0.145744 0.003805 0.366884 0.000108
0.015007 0.213073 0.256266 0.145684 0.003775 0.366082 0.000114
0.014979 0.212262 0.256294 0.145447 0.003810 0.367089 0.000120
0.015055 0.210434 0.255965 0.145541 0.003797 0.369096 0.000111
0.014985 0.211565 0.255581 0.145410 0.003792 0.368556 0.000111
0.015316 0.212081 0.255267 0.144986 0.003813 0.368431 0.000107
0.015289 0.209568 0.254794 0.145316 0.003854 0.371074 0.000105
0.015329 0.209753 0.255207 0.144976 0.003859 0.370763 0.000113
0.015177 0.208686 0.255047 0.144889 0.003870 0.372221 0.000109
0.015586 0.207209 0.254393 0.144690 0.003842 0.374165 0.000115
0.015234 0.207357 0.254502 0.144811 0.003862 0.374118 0.000116
0.015310 0.206311 0.254205 0.144559 0.003905 0.375601 0.000110
0.015327 0.205593 0.254167 0.144534 0.003871 0.376394 0.000114
0.015402 0.204828 0.254313 0.144591 0.003844 0.376912 0.000110
0.015325 0.204098 0.253857 0.144527 0.003860 0.378215 0.000117
0.015515 0.203832 0.253122 0.144238 0.003879 0.379299 0.000116
0.015459 0.202399 0.253358 0.143772 0.003894 0.380993 0.000124
0.015470 0.203340 0.253122 0.143773 0.003860 0.380314 0.000119
0.015590 0.201910 0.252906 0.143863 0.003953 0.381660 0.000119
0.015628 0.200553 0.252472 0.143528 0.003973 0.383732 0.000115
0.015709 0.200528 0.252305 0.143426 0.003930 0.383985 0.000118
0.015600 0.199248 0.251998 0.143511 0.003945 0.385568 0.000130
0.015811 0.198303 0.252051 0.143144 0.003956 0.386609 0.000126
0.015675 0.198939 0.252181 0.143237 0.003992 0.385851 0.000125
0.015955 0.198805 0.251223 0.143171 0.003990 0.386729 0.000128
0.016015 0.197275 0.251047 0.142951 0.003994 0.388582 0.000136
0.015906 0.196850 0.250352 0.142844 0.004045 0.389880 0.000123
0.015933 0.196445 0.250472 0.142488 0.003957 0.390568 0.000136
0.016172 0.195924 0.250883 0.142797 0.003984 0.390107 0.000134
0.015985 0.195255 0.250338 0.142285 0.004044 0.391962 0.000132
0.016031 0.194905 0.249589 0.141989 0.004062 0.393297 0.000127
0.016097 0.194117 0.249754 0.141717 0.004051 0.394142 0.000123
0.016237 0.193292 0.249886 0.142118 0.004045 0.394292 0.000130
0.016092 0.192351 0.249032 0.141308 0.004053 0.397035 0.000127
0.016259 0.192117 0.249040 0.141433 0.004021 0.396999 0.000131
0.016259 0.192581 0.249015 0.141498 0.004035 0.396483 0.000130
0.016262 0.191285 0.248629 0.140964 0.004034 0.398683 0.000144
0.016204 0.190057 0.248452 0.141179 0.004109 0.399862 0.000136
0.016161 0.189646 0.248134 0.141180 0.004072 0.400664 0.000143
0.016404 0.188614 0.248067 0.140881 0.004095 0.401810 0.000129
0.016294 0.188891 0.247956 0.140744 0.004110 0.401871 0.000134
0.016382 0.187291 0.247595 0.140490 0.004142 0.403964 0.000137
0.016294 0.187104 0.247381 0.140460 0.004098 0.404528 0.000135
0.016467 0.187713 0.246858 0.140384 0.004081 0.404366 0.000132
0.016360 0.185999 0.246999 0.140179 0.004079 0.406242 0.000141
0.016257 0.186348 0.246516 0.140233 0.004099 0.406413 0.000134
0.016656 0.185147 0.245922 0.140016 0.004101 0.408021 0.000137
0.016605 0.183487 0.245935 0.139942 0.004166 0.409722 0.000143
0.016423 0.184494 0.246039 0.139770 0.004082 0.409054 0.000139
0.016557 0.183357 0.245554 0.139871 0.004133 0.410387 0.000139
0.016605 0.182717 0.245578 0.139351 0.004150 0.411469 0.000130
0.016702 0.182064 0.245309 0.139352 0.004187 0.412245 0.000141
0.016779 0.181806 0.244737 0.139194 0.004178 0.413168 0.000137
0.016781 0.181938 0.244431 0.138918 0.004171 0.413628 0.000134
0.016922 0.181099 0.243638 0.138789 0.004202 0.415203 0.000147
0.016889 0.179417 0.243832 0.138738 0.004203 0.416785 0.000137
0.016971 0.179283 0.243845 0.138101 0.004231 0.417430 0.000138
0.016945 0.179523 0.243603 0.138880 0.004207 0.416704 0.000138
0.017096 0.178949 0.243108 0.138498 0.004172 0.418026 0.000150
0.016927 0.177967 0.243300 0.138439 0.004223 0.418996 0.000148
0.017024 0.178353 0.243001 0.138393 0.004234 0.418853 0.000143
0.017289 0.177172 0.242194 0.138133 0.004305 0.420763 0.000144
0.017247 0.176200 0.242213 0.137831 0.004252 0.422117 0.000141
0.017181 0.176479 0.241903 0.137596 0.004205 0.422490 0.000147
0.017326 0.176015 0.241578 0.137461 0.004265 0.423214 0.000141
0.017102 0.174996 0.241476 0.137569 0.004261 0.424453 0.000144
0.017084 0.174703 0.241606 0.137337 0.004245 0.424884 0.000140
0.017146 0.174460 0.241439 0.137019 0.004284 0.425505 0.000146
0.017381 0.173411 0.240701 0.137209 0.004264 0.426889 0.000145
0.017578 0.173041 0.240920 0.136939 0.004241 0.427128 0.000154
0.017377 0.171977 0.240694 0.136574 0.004269 0.428958 0.000152
0.017584 0.171925 0.240310 0.136495 0.004294 0.429241 0.000151
0.017543 0.172688 0.239551 0.136789 0.004257 0.429026 0.000146
0.017561 0.171800 0.239558 0.136546 0.004252 0.430139 0.000145
0.017497 0.170718 0.239203 0.136171 0.004300 0.431958 0.000154
0.017560 0.170779 0.239197 0.136098 0.004274 0.431940 0.000151
0.017753 0.169922 0.238784 0.136156 0.004311 0.432915 0.000159
0.017784 0.168746 0.237963 0.135687 0.004330 0.435329 0.000162
0.017589 0.168133 0.238041 0.135701 0.004297 0.436081 0.000158
0.017604 0.169214 0.238142 0.135598 0.004354 0.434928 0.000160
0.017610 0.167797 0.237672 0.135363 0.004324 0.437086 0.000148
0.017895 0.167171 0.237288 0.135051 0.004307 0.438128 0.000161
0.017916 0.167169 0.236822 0.134609 0.004305 0.439021 0.000158
0.017724 0.167066 0.236817 0.134793 0.004343 0.439098 0.000159
0.017744 0.165675 0.236608 0.134681 0.004377 0.440756 0.000159
0.018028 0.165746 0.236313 0.134831 0.004293 0.440637 0.000152
0.018042 0.164535 0.235969 0.134487 0.004381 0.442429 0.000157
0.018007 0.165076 0.236004 0.134170 0.004407 0.442186 0.000150
0.017906 0.164275 0.235529 0.134107 0.004348 0.443670 0.000165
0.018007 0.164086 0.235177 0.133890 0.004410 0.444270 0.000160
0.018006 0.164060 0.235143 0.133781 0.004436 0.444414 0.000160
0.018237 0.163445 0.234955 0.133794 0.004320 0.445089 0.000160
0.018253 0.162965 0.234397 0.133491 0.004386 0.446345 0.000163
0.018130 0.162489 0.233740 0.133604 0.004389 0.447480 0.000167
0.018112 0.161306 0.233870 0.133132 0.004408 0.449001 0.000170
0.018284 0.161113 0.233371 0.133001 0.004444 0.449624 0.000163
0.018332 0.161031 0.233717 0.132669 0.004463 0.449624 0.000164
0.018367 0.159829 0.232860 0.132606 0.004490 0.451674 0.000174
0.018298 0.160601 0.233489 0.132435 0.004422 0.450586 0.000168
0.018449 0.159844 0.232657 0.132534 0.004418 0.451938 0.000160
0.018707 0.158834 0.231919 0.132320 0.004421 0.453621 0.000178
0.018669 0.158416 0.231967 0.132117 0.004465 0.454189 0.000177
0.018517 0.157859 0.232080 0.131661 0.004407 0.455298 0.000178
0.018245 0.157693 0.232002 0.131690 0.004437 0.455766 0.000167
0.018754 0.157472 0.230891 0.131737 0.004455 0.456516 0.000175
0.018650 0.156833 0.231228 0.131338 0.004480 0.457305 0.000167
0.018624 0.156104 0.230775 0.131096 0.004485 0.458746 0.000168
0.018611 0.156752 0.230920 0.131024 0.004471 0.458054 0.000169
0.018851 0.155512 0.229906 0.130756 0.004466 0.460331 0.000177
0.018883 0.155717 0.230114 0.130447 0.004514 0.460151 0.000174
0.018671 0.154590 0.229617 0.130559 0.004511 0.461880 0.000172
0.019037 0.153899 0.229718 0.130430 0.004459 0.462282 0.000174
0.019047 0.154048 0.229254 0.130137 0.004506 0.462837 0.000171
0.019160 0.154103 0.228917 0.130074 0.004477 0.463093 0.000177
0.019092 0.152489 0.228729 0.129944 0.004497 0.465058 0.000191
0.019169 0.152399 0.228734 0.129458 0.004478 0.465590 0.000171
0.019179 0.152197 0.228092 0.129321 0.004516 0.466517 0.000178
0.019265 0.151473 0.227906 0.129768 0.004477 0.466931 0.000179
0.019101 0.151989 0.227633 0.129307 0.004420 0.467363 0.000186
0.019140 0.150604 0.227407 0.129233 0.004533 0.468896 0.000187
0.019538 0.150686 0.227259 0.129188 0.004515 0.468628 0.000186
0.019526 0.150208 0.226926 0.128971 0.004542 0.469653 0.000174
0.019518 0.149635 0.226720 0.128554 0.004545 0.470850 0.000178
0.019282 0.149672 0.226638 0.128541 0.004464 0.471214 0.000189
0.019327 0.149598 0.226429 0.128401 0.004556 0.471501 0.000188
0.019166 0.148599 0.226073 0.128138 0.004569 0.473271 0.000183
0.019535 0.148127 0.225563 0.128180 0.004527 0.473878 0.000189
0.019308 0.147632 0.224787 0.128011 0.004592 0.475472 0.000199
0.019646 0.147034 0.224747 0.127725 0.004587 0.476065 0.000196
0.019589 0.146973 0.224173 0.127312 0.004703 0.477053 0.000196
0.019764 0.146854 0.224169 0.127423 0.004538 0.477064 0.000187
0.019802 0.146544 0.223527 0.127351 0.004586 0.477982 0.000208
0.019869 0.146145 0.224088 0.126823 0.004553 0.478320 0.000201
0.019845 0.145652 0.223443 0.126641 0.004572 0.479651 0.000196
0.019841 0.145075 0.222907 0.126575 0.004562 0.480853 0.000188
0.019960 0.144978 0.222805 0.126498 0.004596 0.480974 0.000188
0.019733 0.144439 0.222626 0.126307 0.004582 0.482118 0.000196
0.020147 0.144012 0.222388 0.126458 0.004601 0.482199 0.000195
0.019796 0.143888 0.222113 0.126269 0.004619 0.483127 0.000188
0.020232 0.142875 0.221694 0.125781 0.004582 0.484629 0.000206
0.020231 0.142960 0.221515 0.125716 0.004612 0.484766 0.000199
0.020081 0.143263 0.221127 0.125772 0.004590 0.484971 0.000197
0.020088 0.142939 0.221222 0.125349 0.004661 0.485540 0.000202
0.020475 0.142282 0.220513 0.125665 0.004619 0.486245 0.000200
0.020175 0.141915 0.220284 0.124898 0.004516 0.488013 0.000199
0.020430 0.141676 0.220240 0.124907 0.004585 0.487967 0.000195
0.020168 0.140746 0.219573 0.124853 0.004608 0.489844 0.000207
0.020492 0.140496 0.219323 0.124783 0.004617 0.490086 0.000201
