0.999109 0.000869 0.000018 0.000004 0.000000 0.000000 0.000000
0.998660 0.001307 0.000024 0.000003 0.000000 0.000006 0.000000
0.998188 0.001766 0.000032 0.000008 0.000000 0.000006 0.000000
0.997720 0.002221 0.000042 0.000009 0.000000 0.000008 0.000000
0.997193 0.002740 0.000047 0.000012 0.000000 0.000008 0.000000
0.996681 0.003245 0.000052 0.000013 0.000000 0.000008 0.000000
0.996046 0.003869 0.000060 0.000017 0.000000 0.000008 0.000000
0.995241 0.004650 0.000082 0.000020 0.000000 0.000007 0.000000
0.994591 0.005287 0.000091 0.000024 0.000000 0.000008 0.000000
0.993322 0.006539 0.000100 0.000032 0.000000 0.000007 0.000000
0.992189 0.007658 0.000112 0.000035 0.000000 0.000006 0.000000
0.990384 0.009433 0.000137 0.000040 0.000000 0.000006 0.000000
0.988328 0.011436 0.000169 0.000061 0.000000 0.000005 0.000000
0.985748 0.013976 0.000192 0.000074 0.000000 0.000009 0.000000
0.983582 0.016095 0.000225 0.000088 0.000000 0.000010 0.000000
0.979816 0.019828 0.000260 0.000086 0.000000 0.000009 0.000000
0.976106 0.023445 0.000305 0.000133 0.000000 0.000011 0.000000
0.971573 0.027877 0.000398 0.000137 0.000000 0.000015 0.000000
0.965664 0.033653 0.000468 0.000206 0.000000 0.000009 0.000000
0.961230 0.037996 0.000542 0.000220 0.000000 0.000011 0.000000
0.954931 0.044203 0.000599 0.000256 0.000000 0.000009 0.000000
0.947992 0.050956 0.000737 0.000307 0.000000 0.000010 0.000000
0.940128 0.058597 0.000883 0.000380 0.000000 0.000011 0.000000
0.931459 0.067024 0.001024 0.000481 0.000000 0.000012 0.000000
0.922305 0.075955 0.001178 0.000543 0.000000 0.000019 0.000000
0.912862 0.085176 0.001311 0.000629 0.000000 0.000021 0.000000
0.899773 0.097962 0.001519 0.000713 0.000000 0.000033 0.000000
0.888259 0.109177 0.001687 0.000839 0.000000 0.000037 0.000000
0.876182 0.120914 0.001901 0.000955 0.000001 0.000047 0.000000
0.861417 0.135226 0.002215 0.001089 0.000002 0.000052 0.000000
0.848667 0.147592 0.002465 0.001209 0.000002 0.000065 0.000000
0.831994 0.163767 0.002812 0.001350 0.000001 0.000076 0.000000
0.818174 0.177090 0.003125 0.001523 0.000002 0.000086 0.000000
0.802775 0.191967 0.003424 0.001736 0.000001 0.000097 0.000000
0.787584 0.206567 0.003781 0.001959 0.000002 0.000108 0.000000
0.772149 0.221477 0.004115 0.002131 0.000001 0.000126 0.000000
0.755095 0.237810 0.004561 0.002386 0.000001 0.000147 0.000000
0.740996 0.251284 0.004973 0.002588 0.000001 0.000158 0.000000
0.724918 0.266663 0.005413 0.002826 0.000002 0.000178 0.000000
0.708572 0.282207 0.005892 0.003130 0.000003 0.000196 0.000000
0.694218 0.295897 0.006313 0.003364 0.000002 0.000205 0.000000
0.676564 0.312679 0.006841 0.003672 0.000003 0.000240 0.000000
0.661836 0.326537 0.007379 0.003977 0.000004 0.000267 0.000000
0.644791 0.342526 0.008020 0.004364 0.000004 0.000296 0.000000
0.631633 0.354824 0.008538 0.004686 0.000004 0.000315 0.000000
0.615534 0.369851 0.009194 0.005071 0.000003 0.000346 0.000000
0.600914 0.383424 0.009841 0.005442 0.000004 0.000375 0.000000
0.587954 0.395447 0.010407 0.005783 0.000004 0.000405 0.000000
0.573172 0.409118 0.011095 0.006151 0.000006 0.000458 0.000000
0.560510 0.420794 0.011686 0.006503 0.000006 0.000501 0.000000
0.550494 0.429895 0.012246 0.006819 0.000008 0.000539 0.000000
0.534126 0.444875 0.013097 0.007310 0.000007 0.000585 0.000000
0.518047 0.459593 0.013959 0.007774 0.000007 0.000620 0.000000
0.507069 0.469439 0.014663 0.008156 0.000007 0.000666 0.000000
0.492325 0.482696 0.015552 0.008690 0.000007 0.000730 0.000000
0.481679 0.492091 0.016331 0.009111 0.000008 0.000780 0.000000
0.467806 0.504412 0.017276 0.009649 0.000008 0.000849 0.000000
0.458999 0.511931 0.018042 0.010128 0.000007 0.000893 0.000000
0.444188 0.525294 0.018916 0.010636 0.000007 0.000958 0.000000
0.432396 0.535484 0.019903 0.011154 0.000008 0.001056 0.000000
0.418953 0.547042 0.021023 0.011841 0.000011 0.001130 0.000000
0.407511 0.556826 0.022064 0.012393 0.000012 0.001194 0.000000
0.401537 0.561766 0.022697 0.012750 0.000013 0.001237 0.000000
0.389876 0.571430 0.023887 0.013457 0.000014 0.001337 0.000000
0.379346 0.580283 0.024891 0.014034 0.000013 0.001433 0.000000
0.369719 0.588052 0.026067 0.014630 0.000013 0.001518 0.000000
0.361575 0.594676 0.026946 0.015173 0.000014 0.001615 0.000000
0.354655 0.599851 0.028010 0.015740 0.000014 0.001729 0.000000
0.343449 0.608823 0.029396 0.016480 0.000018 0.001833 0.000000
0.332475 0.617547 0.030673 0.017313 0.000019 0.001972 0.000000
0.326486 0.621650 0.031802 0.017930 0.000021 0.002111 0.000000
0.321787 0.624873 0.032692 0.018410 0.000023 0.002215 0.000000
0.319548 0.625897 0.033407 0.018834 0.000024 0.002290 0.000000
0.311036 0.632485 0.034557 0.019473 0.000024 0.002425 0.000000
0.302853 0.638119 0.036050 0.020337 0.000029 0.002612 0.000000
0.296719 0.642159 0.037300 0.021053 0.000028 0.002740 0.000000
0.290883 0.646253 0.038291 0.021659 0.000029 0.002885 0.000000
0.287196 0.648203 0.039322 0.022208 0.000033 0.003037 0.000000
0.278686 0.654340 0.040705 0.023028 0.000036 0.003205 0.000000
0.276734 0.654890 0.041622 0.023417 0.000034 0.003303 0.000000
0.269144 0.659866 0.043166 0.024301 0.000036 0.003486 0.000000
0.261596 0.664887 0.044626 0.025161 0.000035 0.003694 0.000000
0.256027 0.668267 0.045892 0.025875 0.000040 0.003900 0.000000
0.257833 0.665565 0.046413 0.026123 0.000040 0.004026 0.000000
0.250965 0.669627 0.048010 0.027073 0.000045 0.004280 0.000000
0.245794 0.672517 0.049394 0.027762 0.000049 0.004482 0.000000
0.245674 0.671161 0.050157 0.028328 0.000048 0.004632 0.000000
0.236632 0.677409 0.051879 0.029148 0.000052 0.004880 0.000000
0.232245 0.679369 0.053334 0.029861 0.000056 0.005134 0.000000
0.233432 0.677327 0.053800 0.030136 0.000057 0.005248 0.000000
0.228096 0.679672 0.055564 0.031059 0.000055 0.005554 0.000000
0.224006 0.681431 0.056902 0.031844 0.000059 0.005758 0.000000
0.215148 0.687738 0.058346 0.032727 0.000060 0.005981 0.000000
0.213318 0.687434 0.059593 0.033355 0.000063 0.006238 0.000000
0.200661 0.696183 0.061945 0.034624 0.000067 0.006520 0.000000
0.198976 0.695662 0.063181 0.035315 0.000070 0.006796 0.000000
0.192270 0.699558 0.064719 0.036285 0.000071 0.007097 0.000000
0.186749 0.702641 0.066137 0.037027 0.000079 0.007366 0.000000
0.185779 0.701716 0.067156 0.037645 0.000085 0.007618 0.000000
0.178000 0.705880 0.069162 0.038827 0.000092 0.008040 0.000000
0.177012 0.704843 0.070263 0.039508 0.000096 0.008278 0.000000
0.175307 0.705152 0.071038 0.039930 0.000097 0.008476 0.000000
0.171423 0.705479 0.073000 0.041152 0.000099 0.008848 0.000000
0.164719 0.708757 0.074977 0.042164 0.000104 0.009280 0.000000
0.164677 0.706212 0.076353 0.043003 0.000112 0.009641 0.000000
0.161615 0.706250 0.078040 0.043929 0.000107 0.010059 0.000000
0.160712 0.705051 0.079143 0.044621 0.000115 0.010358 0.000000
0.158592 0.704867 0.080405 0.045342 0.000119 0.010675 0.000000
0.153849 0.706785 0.081964 0.046222 0.000120 0.011060 0.000000
0.148808 0.708347 0.083937 0.047354 0.000129 0.011426 0.000000
0.148898 0.705245 0.085423 0.048298 0.000135 0.012001 0.000000
0.142197 0.709176 0.087050 0.049173 0.000134 0.012270 0.000000
0.140800 0.708401 0.088232 0.049802 0.000140 0.012625 0.000000
0.136604 0.709032 0.090100 0.050940 0.000148 0.013177 0.000000
0.142432 0.703462 0.089963 0.050805 0.000145 0.013192 0.000000
0.133743 0.707208 0.092727 0.052314 0.000158 0.013850 0.000000
0.126399 0.711533 0.094323 0.053347 0.000162 0.014235 0.000001
0.126442 0.708489 0.095818 0.054258 0.000169 0.014823 0.000002
0.122380 0.709781 0.097321 0.055185 0.000173 0.015158 0.000001
0.118285 0.709909 0.099498 0.056384 0.000179 0.015744 0.000001
0.115169 0.710430 0.100906 0.057119 0.000181 0.016195 0.000001
0.113836 0.709941 0.101956 0.057658 0.000186 0.016422 0.000001
0.107771 0.711428 0.104348 0.059058 0.000195 0.017199 0.000001
0.105168 0.711436 0.105779 0.059818 0.000196 0.017602 0.000001
0.097835 0.713481 0.108575 0.061595 0.000201 0.018312 0.000001
0.094700 0.713455 0.110329 0.062408 0.000213 0.018893 0.000002
0.094813 0.711554 0.111281 0.062907 0.000213 0.019228 0.000003
0.091520 0.711648 0.113018 0.063811 0.000217 0.019784 0.000002
0.090231 0.710360 0.114370 0.064595 0.000223 0.020219 0.000002
0.084974 0.712814 0.115760 0.065504 0.000229 0.020716 0.000003
0.085006 0.710157 0.116986 0.066286 0.000242 0.021321 0.000002
0.081170 0.709029 0.119793 0.067711 0.000243 0.022051 0.000002
0.074633 0.709745 0.122655 0.069630 0.000270 0.023065 0.000002
0.077825 0.705902 0.122968 0.069739 0.000266 0.023298 0.000002
0.078465 0.702848 0.124187 0.070433 0.000270 0.023795 0.000002
0.078004 0.701534 0.124941 0.071031 0.000268 0.024218 0.000003
0.072144 0.703107 0.127388 0.072174 0.000281 0.024904 0.000003
0.075440 0.697726 0.128330 0.072704 0.000297 0.025501 0.000003
0.069925 0.698261 0.130908 0.074211 0.000309 0.026383 0.000003
0.070429 0.695042 0.132260 0.074962 0.000308 0.026997 0.000002
0.071951 0.692866 0.132520 0.075022 0.000317 0.027322 0.000003
0.071287 0.690591 0.133919 0.075995 0.000320 0.027886 0.000003
0.070980 0.689079 0.134700 0.076401 0.000331 0.028507 0.000003
0.067982 0.688383 0.136778 0.077618 0.000337 0.028899 0.000003
0.062714 0.689295 0.138908 0.078883 0.000354 0.029843 0.000002
0.062826 0.687114 0.139870 0.079410 0.000346 0.030431 0.000003
0.059100 0.686282 0.142084 0.080846 0.000347 0.031339 0.000002
0.057453 0.686473 0.142979 0.081107 0.000373 0.031612 0.000002
0.054541 0.684384 0.145479 0.082503 0.000379 0.032710 0.000003
0.054352 0.682366 0.146344 0.083237 0.000383 0.033315 0.000003
0.053964 0.680567 0.147412 0.083788 0.000396 0.033871 0.000003
0.050459 0.680017 0.149495 0.084871 0.000402 0.034751 0.000004
0.049522 0.678154 0.150892 0.085634 0.000417 0.035378 0.000004
0.048327 0.675430 0.152608 0.086785 0.000429 0.036416 0.000004
0.047531 0.676656 0.152285 0.086777 0.000439 0.036308 0.000003
0.045744 0.674138 0.154591 0.087782 0.000441 0.037299 0.000004
0.041224 0.673364 0.157190 0.089398 0.000451 0.038369 0.000005
0.041169 0.672314 0.157582 0.089627 0.000448 0.038853 0.000007
0.039179 0.669754 0.159791 0.090807 0.000486 0.039978 0.000005
0.039506 0.668146 0.160357 0.091127 0.000478 0.040380 0.000006
0.043504 0.662531 0.160963 0.091522 0.000480 0.040997 0.000005
0.048971 0.654320 0.162190 0.092257 0.000498 0.041758 0.000006
0.054594 0.650678 0.161139 0.091450 0.000495 0.041639 0.000005
0.055150 0.647708 0.162222 0.092025 0.000494 0.042396 0.000006
0.057589 0.642009 0.163530 0.092883 0.000520 0.043464 0.000006
0.055730 0.641452 0.164917 0.093527 0.000522 0.043848 0.000005
0.057970 0.637320 0.165439 0.094255 0.000514 0.044496 0.000007
0.065246 0.632165 0.164126 0.093404 0.000518 0.044535 0.000006
0.062379 0.631424 0.165835 0.094472 0.000533 0.045351 0.000006
0.057893 0.631538 0.168004 0.095634 0.000556 0.046370 0.000005
0.057314 0.631166 0.168375 0.095738 0.000557 0.046844 0.000005
0.054745 0.629063 0.170804 0.096804 0.000589 0.047987 0.000007
0.052760 0.628471 0.171686 0.097774 0.000601 0.048702 0.000006
0.056273 0.624689 0.171625 0.097582 0.000618 0.049208 0.000005
0.055311 0.623857 0.172375 0.097994 0.000612 0.049845 0.000006
0.058852 0.621221 0.171814 0.097621 0.000604 0.049883 0.000006
0.054399 0.621040 0.174044 0.098971 0.000612 0.050927 0.000006
0.055784 0.618552 0.174350 0.099041 0.000633 0.051635 0.000005
0.052439 0.615220 0.177396 0.100921 0.000663 0.053353 0.000007
0.049311 0.615697 0.178607 0.101631 0.000669 0.054079 0.000005
0.053473 0.612491 0.178030 0.101123 0.000685 0.054193 0.000005
0.052394 0.610618 0.179253 0.101800 0.000666 0.055262 0.000007
0.048087 0.611532 0.180814 0.102742 0.000683 0.056135 0.000006
0.048090 0.608948 0.181831 0.103392 0.000700 0.057032 0.000007
0.043893 0.610289 0.183468 0.104109 0.000706 0.057528 0.000007
0.043516 0.608633 0.184221 0.104642 0.000710 0.058270 0.000008
0.040662 0.607078 0.185963 0.105920 0.000742 0.059628 0.000007
0.039281 0.605562 0.187290 0.106682 0.000752 0.060426 0.000007
0.039112 0.603848 0.187899 0.106980 0.000758 0.061396 0.000007
0.037461 0.601773 0.189676 0.107949 0.000768 0.062366 0.000008
0.036096 0.600964 0.190468 0.108399 0.000768 0.063299 0.000007
0.033731 0.599905 0.192090 0.109221 0.000772 0.064273 0.000008
0.032152 0.598420 0.193366 0.110109 0.000780 0.065164 0.000009
0.031036 0.596820 0.194575 0.110852 0.000796 0.065913 0.000008
0.028411 0.594687 0.196638 0.112052 0.000822 0.067385 0.000006
0.028179 0.592889 0.197680 0.112307 0.000848 0.068089 0.000009
0.026761 0.591730 0.198638 0.113018 0.000861 0.068984 0.000008
0.026885 0.589094 0.199700 0.113391 0.000862 0.070062 0.000007
0.025260 0.587060 0.201379 0.114499 0.000867 0.070928 0.000007
0.024537 0.587433 0.201375 0.114529 0.000874 0.071246 0.000007
0.023273 0.583952 0.203391 0.115618 0.000895 0.072863 0.000009
0.022907 0.581089 0.204646 0.116547 0.000901 0.073904 0.000008
0.023294 0.580404 0.204699 0.116474 0.000899 0.074221 0.000009
0.022207 0.578778 0.205835 0.116989 0.000929 0.075254 0.000009
0.021917 0.575715 0.207359 0.117648 0.000933 0.076418 0.000010
0.021528 0.576187 0.207032 0.117660 0.000912 0.076671 0.000010
0.020319 0.571080 0.209580 0.119341 0.000946 0.078723 0.000011
0.020636 0.570044 0.210029 0.119226 0.000974 0.079081 0.000010
0.020320 0.568787 0.210355 0.119457 0.000979 0.080092 0.000010
0.019248 0.566434 0.212051 0.120258 0.000998 0.081001 0.000009
0.019088 0.564358 0.212722 0.120932 0.000991 0.081901 0.000008
0.018324 0.560658 0.214470 0.121849 0.001017 0.083670 0.000011
0.018458 0.560031 0.214557 0.121934 0.001027 0.083982 0.000012
0.017874 0.556832 0.216048 0.123019 0.001018 0.085199 0.000010
0.017751 0.554853 0.216760 0.123199 0.001044 0.086382 0.000012
0.017553 0.553115 0.217593 0.123505 0.001064 0.087159 0.000010
0.016939 0.550014 0.219199 0.124271 0.001074 0.088494 0.000009
0.017548 0.550963 0.218265 0.124050 0.001084 0.088078 0.000012
0.016938 0.547629 0.219899 0.124625 0.001108 0.089790 0.000010
0.016528 0.544908 0.221107 0.125382 0.001082 0.090981 0.000012
0.016454 0.542406 0.221774 0.126130 0.001112 0.092112 0.000012
0.016256 0.542042 0.221919 0.126204 0.001116 0.092451 0.000012
0.015982 0.539223 0.223151 0.126826 0.001141 0.093667 0.000010
0.015656 0.536692 0.224314 0.127208 0.001143 0.094977 0.000011
0.015375 0.533744 0.225422 0.127992 0.001159 0.096297 0.000011
0.015631 0.532953 0.225516 0.127890 0.001174 0.096825 0.000011
0.022434 0.526302 0.225040 0.127627 0.001185 0.097401 0.000012
0.024869 0.524006 0.224389 0.127584 0.001190 0.097948 0.000012
0.023267 0.523425 0.225429 0.128104 0.001212 0.098550 0.000013
0.024814 0.520816 0.225642 0.127999 0.001186 0.099531 0.000012
0.025919 0.519446 0.225756 0.127813 0.001216 0.099836 0.000014
0.024147 0.517312 0.226862 0.128865 0.001223 0.101577 0.000013
0.028245 0.512518 0.226756 0.128907 0.001225 0.102335 0.000014
0.026031 0.513942 0.227023 0.129154 0.001244 0.102594 0.000011
0.026821 0.511850 0.227253 0.129119 0.001235 0.103708 0.000013
0.025504 0.509603 0.228437 0.130063 0.001247 0.105133 0.000012
0.026771 0.509272 0.228021 0.129545 0.001272 0.105106 0.000012
0.025943 0.507276 0.229024 0.130211 0.001261 0.106272 0.000014
0.024048 0.507188 0.229475 0.130438 0.001289 0.107550 0.000012
0.025198 0.503999 0.230226 0.130823 0.001282 0.108459 0.000012
0.025031 0.504081 0.229905 0.130711 0.001303 0.108956 0.000013
0.022994 0.503799 0.230641 0.131254 0.001328 0.109972 0.000011
0.021971 0.500531 0.232183 0.132153 0.001316 0.111835 0.000011
0.019692 0.501002 0.233313 0.132356 0.001316 0.112308 0.000013
0.021275 0.496846 0.233918 0.132841 0.001361 0.113748 0.000011
0.018855 0.496013 0.235306 0.133472 0.001356 0.114985 0.000013
0.018678 0.495182 0.235578 0.133650 0.001368 0.115531 0.000014
0.019508 0.494320 0.235032 0.133534 0.001385 0.116207 0.000014
0.017459 0.490145 0.237470 0.134569 0.001428 0.118914 0.000014
0.016751 0.491191 0.237254 0.134771 0.001403 0.118615 0.000015
0.017623 0.490529 0.236766 0.134551 0.001397 0.119122 0.000012
0.015820 0.485674 0.239402 0.135997 0.001434 0.121660 0.000013
0.015193 0.484809 0.240081 0.136244 0.001427 0.122234 0.000012
0.015345 0.483984 0.239625 0.136409 0.001457 0.123169 0.000013
0.015157 0.481208 0.240640 0.136982 0.001477 0.124524 0.000011
0.014777 0.477461 0.242139 0.137495 0.001481 0.126636 0.000012
0.014542 0.477314 0.242018 0.137646 0.001506 0.126961 0.000013
0.014317 0.476547 0.242542 0.137620 0.001510 0.127449 0.000015
0.013892 0.473655 0.243363 0.138390 0.001524 0.129161 0.000016
0.013799 0.472244 0.243945 0.138552 0.001541 0.129906 0.000013
0.014038 0.471856 0.243831 0.138328 0.001512 0.130417 0.000018
0.013266 0.468252 0.245065 0.139479 0.001555 0.132370 0.000014
0.013031 0.465846 0.246061 0.139758 0.001542 0.133746 0.000017
0.013250 0.464980 0.245932 0.139751 0.001577 0.134494 0.000017
0.012953 0.462834 0.246492 0.140376 0.001595 0.135732 0.000018
0.012912 0.462585 0.246557 0.140262 0.001601 0.136067 0.000017
0.012738 0.460287 0.247163 0.140750 0.001629 0.137414 0.000020
0.012923 0.459127 0.247198 0.140787 0.001603 0.138344 0.000018
0.012465 0.456995 0.248330 0.141108 0.001641 0.139441 0.000019
0.012769 0.456087 0.248073 0.141055 0.001630 0.140363 0.000022
0.012214 0.451733 0.250109 0.142053 0.001678 0.142192 0.000021
0.012068 0.450888 0.250154 0.142269 0.001662 0.142937 0.000022
0.012070 0.449494 0.250187 0.142631 0.001721 0.143877 0.000020
0.012049 0.448124 0.250753 0.142459 0.001692 0.144903 0.000021
0.012219 0.447366 0.250459 0.142305 0.001701 0.145929 0.000021
0.011948 0.445163 0.251185 0.143148 0.001700 0.146832 0.000024
0.011871 0.443347 0.251391 0.143650 0.001736 0.147980 0.000024
0.012105 0.443454 0.251195 0.143008 0.001701 0.148515 0.000022
0.011657 0.439657 0.252954 0.143527 0.001770 0.150412 0.000023
0.011817 0.440008 0.252437 0.143530 0.001722 0.150463 0.000023
0.011447 0.434807 0.253978 0.144695 0.001793 0.153252 0.000029
0.011724 0.434406 0.253912 0.144408 0.001785 0.153742 0.000024
0.011578 0.433383 0.254327 0.144519 0.001773 0.154394 0.000025
0.011659 0.431979 0.254602 0.144585 0.001809 0.155343 0.000023
0.011574 0.428485 0.255506 0.144911 0.001789 0.157710 0.000024
0.011600 0.428098 0.255358 0.145323 0.001817 0.157779 0.000025
0.011571 0.426951 0.255732 0.145203 0.001821 0.158699 0.000023
0.011378 0.426097 0.255794 0.145273 0.001841 0.159593 0.000024
0.011468 0.424168 0.256312 0.145651 0.001817 0.160560 0.000024
0.011279 0.421734 0.256448 0.146339 0.001868 0.162304 0.000027
0.011521 0.421902 0.256338 0.145867 0.001859 0.162482 0.000030
0.011262 0.419886 0.256749 0.146251 0.001870 0.163955 0.000026
0.011299 0.418920 0.256889 0.146333 0.001894 0.164636 0.000030
0.011192 0.416602 0.257419 0.146870 0.001873 0.166020 0.000024
0.011094 0.414052 0.258348 0.146867 0.001919 0.167692 0.000029
0.011108 0.412716 0.258452 0.146989 0.001925 0.168783 0.000027
0.011011 0.411442 0.258692 0.147330 0.001922 0.169576 0.000028
0.010955 0.408720 0.259400 0.147502 0.001935 0.171460 0.000028
0.011119 0.408999 0.259208 0.147636 0.001945 0.171065 0.000028
0.011050 0.407120 0.259341 0.147842 0.001953 0.172667 0.000026
0.011027 0.405184 0.260177 0.147831 0.001991 0.173762 0.000027
0.010885 0.404102 0.260298 0.148101 0.001969 0.174620 0.000025
0.011078 0.402971 0.260087 0.147852 0.002012 0.175970 0.000029
0.011032 0.401524 0.260679 0.148422 0.001997 0.176315 0.000031
0.011010 0.400599 0.261007 0.148262 0.002035 0.177054 0.000033
0.010875 0.398493 0.261215 0.148633 0.002021 0.178734 0.000029
0.010961 0.396515 0.261378 0.148804 0.002063 0.180245 0.000033
0.010835 0.395415 0.261592 0.149013 0.002059 0.181057 0.000030
0.010892 0.393517 0.261785 0.149137 0.002067 0.182572 0.000031
0.010990 0.391486 0.262231 0.149115 0.002081 0.184064 0.000033
0.010839 0.391441 0.262329 0.149231 0.002067 0.184065 0.000028
0.010838 0.390580 0.262341 0.149221 0.002088 0.184901 0.000031
0.010884 0.388700 0.262471 0.149630 0.002091 0.186193 0.000030
0.010859 0.387050 0.262906 0.149639 0.002131 0.187378 0.000037
0.010874 0.385180 0.263505 0.149983 0.002131 0.188292 0.000036
0.010775 0.383082 0.263728 0.150010 0.002143 0.190231 0.000031
0.010748 0.381886 0.264259 0.150134 0.002140 0.190801 0.000031
0.010695 0.380327 0.264030 0.150338 0.002152 0.192429 0.000029
0.010710 0.379731 0.264228 0.150169 0.002185 0.192940 0.000036
0.010727 0.378839 0.264377 0.150512 0.002162 0.193349 0.000035
0.010830 0.376322 0.264903 0.150673 0.002234 0.195003 0.000035
0.010788 0.375046 0.264921 0.150716 0.002215 0.196278 0.000037
0.010799 0.374454 0.264894 0.150604 0.002223 0.196987 0.000038
0.010736 0.373033 0.265071 0.150810 0.002241 0.198076 0.000033
0.010866 0.372427 0.264893 0.150748 0.002247 0.198783 0.000037
0.010908 0.369039 0.265872 0.150966 0.002269 0.200906 0.000041
0.010594 0.368077 0.266020 0.151125 0.002270 0.201878 0.000036
0.010793 0.367865 0.265467 0.150965 0.002283 0.202590 0.000037
0.010799 0.365536 0.266167 0.151009 0.002314 0.204135 0.000040
0.010843 0.365034 0.266127 0.151107 0.002303 0.204543 0.000043
0.010747 0.363599 0.265972 0.151290 0.002329 0.206022 0.000042
0.010879 0.362562 0.266054 0.151299 0.002298 0.206866 0.000042
0.022960 0.357882 0.262403 0.149451 0.002334 0.204929 0.000041
0.022812 0.356968 0.262761 0.149213 0.002315 0.205889 0.000042
0.022570 0.355806 0.262791 0.149488 0.002353 0.206951 0.000042
0.023890 0.353773 0.262205 0.149377 0.002322 0.208394 0.000040
0.023186 0.354013 0.262410 0.149447 0.002333 0.208570 0.000042
0.023788 0.352302 0.262109 0.149086 0.002383 0.210291 0.000042
0.025718 0.352802 0.260889 0.148618 0.002386 0.209547 0.000039
0.022588 0.350622 0.262518 0.149612 0.002350 0.212270 0.000039
0.022757 0.351091 0.262331 0.149114 0.002368 0.212302 0.000038
0.024039 0.348983 0.262074 0.149027 0.002380 0.213456 0.000040
0.022567 0.348498 0.262298 0.149532 0.002409 0.214659 0.000036
0.023274 0.347551 0.262026 0.148989 0.002456 0.215661 0.000043
0.019367 0.347727 0.263553 0.149999 0.002450 0.216862 0.000043
0.020056 0.346552 0.263100 0.149850 0.002443 0.217959 0.000040
0.019859 0.346511 0.263245 0.149589 0.002456 0.218300 0.000040
0.020186 0.347179 0.262544 0.149306 0.002469 0.218273 0.000042
0.018218 0.344784 0.263810 0.149982 0.002475 0.220688 0.000044
0.017013 0.344269 0.263930 0.150311 0.002487 0.221946 0.000043
0.015522 0.341395 0.265096 0.150997 0.002551 0.224396 0.000043
0.015981 0.340239 0.264984 0.150711 0.002538 0.225503 0.000043
0.021952 0.339234 0.262307 0.149521 0.002465 0.224476 0.000044
0.026716 0.334869 0.261991 0.149145 0.002494 0.224745 0.000041
0.024740 0.335381 0.262028 0.149337 0.002527 0.225942 0.000046
0.029362 0.335118 0.260250 0.148149 0.002503 0.224573 0.000046
0.029127 0.331909 0.260868 0.148656 0.002501 0.226892 0.000048
0.029823 0.332907 0.260020 0.148160 0.002515 0.226529 0.000046
0.028626 0.330916 0.260916 0.148406 0.002522 0.228570 0.000045
0.028069 0.331950 0.260010 0.148143 0.002511 0.229268 0.000048
0.028749 0.331970 0.259642 0.147476 0.002541 0.229578 0.000043
0.025832 0.332599 0.260305 0.148040 0.002555 0.230623 0.000046
0.026677 0.330269 0.260073 0.148141 0.002586 0.232205 0.000050
0.023390 0.328635 0.261710 0.149006 0.002574 0.234638 0.000046
0.019788 0.326991 0.263036 0.149629 0.002647 0.237861 0.000049
0.021132 0.327767 0.262049 0.149245 0.002602 0.237159 0.000045
0.020359 0.327059 0.262763 0.149252 0.002608 0.237914 0.000045
0.020374 0.325337 0.262756 0.149238 0.002628 0.239616 0.000050
0.018734 0.324557 0.263284 0.149834 0.002621 0.240921 0.000048
0.017298 0.322737 0.263964 0.150468 0.002638 0.242841 0.000053
0.017632 0.323573 0.263588 0.149817 0.002687 0.242647 0.000055
0.016895 0.322257 0.263374 0.150049 0.002677 0.244702 0.000046
0.017008 0.322743 0.263420 0.149629 0.002675 0.244468 0.000058
0.017144 0.320612 0.263386 0.149601 0.002706 0.246501 0.000052
0.014296 0.318286 0.265442 0.150883 0.002772 0.248270 0.000051
0.015508 0.318405 0.264485 0.150190 0.002729 0.248634 0.000049
0.014971 0.315631 0.264811 0.150615 0.002773 0.251138 0.000060
0.014225 0.314311 0.265452 0.151034 0.002767 0.252158 0.000053
0.012920 0.313311 0.266284 0.151452 0.002749 0.253227 0.000057
0.013103 0.312220 0.266289 0.151352 0.002799 0.254182 0.000055
0.012657 0.310588 0.266396 0.151547 0.002749 0.256008 0.000056
0.012830 0.308358 0.266846 0.151532 0.002826 0.257549 0.000059
0.013661 0.310438 0.265257 0.151034 0.002792 0.256762 0.000055
0.013289 0.307430 0.266119 0.151456 0.002797 0.258848 0.000062
0.012881 0.305589 0.266227 0.151551 0.002877 0.260816 0.000059
0.012695 0.306467 0.265859 0.151368 0.002847 0.260706 0.000058
0.012596 0.304109 0.266531 0.151487 0.002862 0.262357 0.000058
0.012222 0.301686 0.266828 0.151787 0.002875 0.264538 0.000064
0.012374 0.302449 0.266377 0.151605 0.002876 0.264260 0.000059
0.012103 0.300285 0.266488 0.151858 0.002893 0.266314 0.000060
0.011931 0.299575 0.266756 0.152027 0.002924 0.266725 0.000063
0.011733 0.297813 0.266811 0.152100 0.002880 0.268607 0.000056
0.011751 0.296297 0.267005 0.151901 0.002906 0.270079 0.000062
0.011667 0.295276 0.267121 0.151896 0.002935 0.271042 0.000064
0.011446 0.293754 0.267334 0.151954 0.002934 0.272514 0.000064
0.011603 0.293540 0.266932 0.152069 0.002948 0.272847 0.000061
0.011536 0.291311 0.266987 0.152021 0.002959 0.275117 0.000068
0.011664 0.291738 0.266653 0.151754 0.002945 0.275181 0.000064
0.011485 0.290353 0.266954 0.152015 0.002958 0.276168 0.000067
0.011602 0.288111 0.267075 0.151955 0.003027 0.278167 0.000064
0.011615 0.289360 0.266376 0.151813 0.003007 0.277762 0.000066
0.011492 0.287242 0.267168 0.151737 0.002984 0.279314 0.000063
0.011427 0.286286 0.266939 0.152003 0.002982 0.280301 0.000061
0.011378 0.284759 0.266655 0.151735 0.003072 0.282335 0.000066
0.011494 0.285351 0.266552 0.151758 0.002983 0.281789 0.000072
0.011455 0.284980 0.266192 0.151784 0.002988 0.282534 0.000068
0.011549 0.282734 0.266312 0.151728 0.003021 0.284591 0.000065
0.011527 0.283107 0.266169 0.151297 0.003052 0.284780 0.000068
0.011302 0.278978 0.267054 0.151760 0.003065 0.287771 0.000071
0.011407 0.279211 0.266572 0.151920 0.003057 0.287754 0.000080
0.011436 0.277830 0.266012 0.151841 0.003146 0.289659 0.000077
0.011336 0.277701 0.266419 0.151870 0.003101 0.289497 0.000075
0.011515 0.276664 0.266143 0.151752 0.003104 0.290751 0.000072
0.011190 0.273559 0.266883 0.152393 0.003098 0.292806 0.000070
0.011419 0.274484 0.266206 0.151621 0.003147 0.293049 0.000075
0.011313 0.271695 0.266648 0.152000 0.003160 0.295106 0.000079
0.011163 0.270723 0.266729 0.152121 0.003188 0.296001 0.000075
0.011244 0.269966 0.266884 0.151887 0.003170 0.296772 0.000075
0.011259 0.268525 0.266842 0.151977 0.003153 0.298167 0.000076
0.011535 0.268982 0.266440 0.151566 0.003138 0.298262 0.000076
0.011506 0.267814 0.266225 0.151556 0.003204 0.299616 0.000080
0.011478 0.267489 0.266330 0.151295 0.003158 0.300179 0.000070
0.011527 0.267918 0.265707 0.151410 0.003190 0.300173 0.000075
0.011522 0.265470 0.265769 0.151582 0.003204 0.302378 0.000075
0.011473 0.263306 0.266316 0.151595 0.003204 0.304031 0.000075
0.011403 0.262662 0.266369 0.151631 0.003221 0.304642 0.000072
0.011464 0.262015 0.265725 0.151602 0.003222 0.305895 0.000076
0.011396 0.261117 0.265824 0.151378 0.003197 0.307009 0.000079
0.011522 0.261546 0.265415 0.150809 0.003226 0.307404 0.000078
0.011416 0.259411 0.265508 0.151074 0.003255 0.309251 0.000085
0.011456 0.259291 0.265707 0.151074 0.003247 0.309142 0.000084
0.011477 0.257998 0.265806 0.150788 0.003256 0.310590 0.000085
0.011474 0.257126 0.265153 0.150902 0.003270 0.311999 0.000077
0.011501 0.256524 0.265017 0.150653 0.003220 0.313002 0.000083
0.011504 0.255714 0.264906 0.150739 0.003288 0.313769 0.000080
0.011527 0.255574 0.264872 0.150357 0.003288 0.314303 0.000078
0.011555 0.253797 0.264459 0.150435 0.003256 0.316417 0.000082
0.011633 0.252891 0.264255 0.150680 0.003281 0.317166 0.000093
0.011734 0.251889 0.264316 0.150251 0.003272 0.318458 0.000080
0.011709 0.251300 0.264268 0.150414 0.003334 0.318884 0.000091
0.011786 0.251869 0.264081 0.150376 0.003307 0.318485 0.000097
0.011669 0.248589 0.263976 0.150351 0.003330 0.321998 0.000088
0.011678 0.248399 0.263681 0.150267 0.003340 0.322541 0.000095
0.011736 0.247335 0.263739 0.150079 0.003369 0.323651 0.000090
0.011795 0.246420 0.263674 0.150086 0.003384 0.324554 0.000089
0.011741 0.246307 0.263359 0.149978 0.003384 0.325143 0.000088
0.011796 0.243469 0.263747 0.150154 0.003367 0.327378 0.000088
0.011874 0.244736 0.262600 0.149572 0.003367 0.327759 0.000092
0.011914 0.243709 0.262831 0.149497 0.003417 0.328548 0.000084
0.011977 0.244781 0.262497 0.149303 0.003423 0.327935 0.000084
0.011776 0.241951 0.262795 0.149652 0.003428 0.330312 0.000087
0.011788 0.241111 0.262729 0.149169 0.003419 0.331694 0.000089
0.011832 0.240221 0.262743 0.149342 0.003456 0.332311 0.000095
0.011859 0.239783 0.262092 0.149013 0.003424 0.333735 0.000095
0.011962 0.238508 0.261950 0.149104 0.003475 0.334912 0.000088
0.011832 0.236725 0.261966 0.149259 0.003459 0.336670 0.000091
0.011923 0.236452 0.262173 0.148971 0.003420 0.336968 0.000093
0.012082 0.235748 0.261619 0.148871 0.003489 0.338097 0.000095
0.011887 0.233663 0.261685 0.148925 0.003460 0.340282 0.000097
0.012031 0.234451 0.261131 0.148879 0.003469 0.339948 0.000091
0.012016 0.234618 0.261189 0.148390 0.003449 0.340242 0.000096
0.012159 0.233122 0.261111 0.148647 0.003470 0.341398 0.000093
0.012094 0.232174 0.261294 0.148433 0.003505 0.342402 0.000099
0.012214 0.231810 0.260549 0.148252 0.003522 0.343552 0.000100
0.012059 0.231713 0.260543 0.148031 0.003506 0.344055 0.000094
0.012111 0.229414 0.260270 0.148344 0.003566 0.346193 0.000103
0.012234 0.230670 0.260250 0.147924 0.003534 0.345285 0.000104
0.012156 0.229140 0.259684 0.147927 0.003509 0.347487 0.000097
0.012238 0.228005 0.259742 0.147933 0.003527 0.348458 0.000096
0.012302 0.227696 0.259571 0.147719 0.003552 0.349062 0.000097
0.012260 0.226927 0.259211 0.147721 0.003545 0.350235 0.000100
0.012275 0.226035 0.259015 0.147469 0.003557 0.351547 0.000102
0.012394 0.224394 0.258996 0.147394 0.003603 0.353114 0.000106
0.012283 0.225476 0.258947 0.147214 0.003578 0.352404 0.000099
0.012374 0.222892 0.259077 0.147184 0.003598 0.354767 0.000108
0.012414 0.223453 0.258545 0.146991 0.003597 0.354896 0.000105
0.012418 0.221392 0.258400 0.147109 0.003621 0.356961 0.000099
0.012395 0.220978 0.258399 0.146746 0.003653 0.357729 0.000100
0.012497 0.221184 0.258275 0.146964 0.003634 0.357345 0.000101
0.012340 0.220178 0.257913 0.146666 0.003671 0.359126 0.000107
0.012416 0.218876 0.257743 0.146515 0.003629 0.360715 0.000106
0.012627 0.219679 0.257698 0.146403 0.003644 0.359850 0.000099
0.012529 0.219128 0.257057 0.146450 0.003672 0.361053 0.000111
0.012608 0.217248 0.257410 0.146289 0.003695 0.362641 0.000108
0.012733 0.216592 0.256852 0.146020 0.003668 0.364029 0.000106
0.012586 0.214940 0.256814 0.146015 0.003748 0.365788 0.000110
0.012724 0.214954 0.256399 0.145979 0.003695 0.366138 0.000112
0.012648 0.214715 0.256568 0.145920 0.003706 0.366331 0.000112
0.012856 0.213989 0.255594 0.145828 0.003720 0.367908 0.000105
0.012815 0.212873 0.255670 0.145744 0.003713 0.369068 0.000117
0.012821 0.212639 0.255712 0.145364 0.003706 0.369650 0.000108
0.012921 0.212275 0.255765 0.145581 0.003688 0.369657 0.000113
0.012854 0.209929 0.255641 0.145335 0.003730 0.372399 0.000112
0.013042 0.209670 0.254715 0.145374 0.003784 0.373298 0.000117
0.012915 0.210041 0.254685 0.145328 0.003749 0.373166 0.000117
0.013017 0.210206 0.254602 0.144966 0.003765 0.373319 0.000124
0.012958 0.207756 0.254335 0.144806 0.003802 0.376227 0.000117
0.013010 0.209491 0.254058 0.144530 0.003781 0.375019 0.000111
0.013056 0.207308 0.253713 0.144765 0.003780 0.377257 0.000122
0.013016 0.206250 0.253707 0.144371 0.003798 0.378734 0.000125
0.012994 0.205640 0.253802 0.144552 0.003804 0.379085 0.000122
0.012990 0.205586 0.253300 0.144265 0.003811 0.379934 0.000113
0.013059 0.205471 0.253680 0.144049 0.003770 0.379856 0.000115
0.013173 0.203758 0.253332 0.143814 0.003840 0.381959 0.000125
0.013012 0.202964 0.252744 0.144076 0.003836 0.383251 0.000117
0.013098 0.202981 0.252711 0.143780 0.003809 0.383500 0.000121
0.013142 0.203615 0.252572 0.143830 0.003794 0.382938 0.000109
0.013270 0.202880 0.251784 0.143671 0.003759 0.384506 0.000129
0.013202 0.201456 0.251948 0.143413 0.003825 0.386029 0.000127
0.013115 0.199857 0.252022 0.143453 0.003805 0.387624 0.000125
0.013317 0.198742 0.251541 0.143353 0.003787 0.389124 0.000136
0.013291 0.197298 0.251486 0.142765 0.003841 0.391186 0.000132
0.013227 0.198980 0.250991 0.143282 0.003802 0.389592 0.000126
0.013379 0.198612 0.250622 0.143093 0.003824 0.390332 0.000137
0.013417 0.196440 0.250999 0.142584 0.003885 0.392548 0.000128
0.013566 0.197658 0.250482 0.142882 0.003852 0.391428 0.000131
0.013443 0.195847 0.250406 0.142569 0.003882 0.393726 0.000127
0.013370 0.195971 0.249609 0.142723 0.003818 0.394389 0.000121
0.013512 0.194910 0.250073 0.142136 0.003860 0.395382 0.000128
0.013585 0.193144 0.249529 0.142162 0.003892 0.397563 0.000125
0.013496 0.193438 0.249538 0.142258 0.003893 0.397245 0.000132
0.013418 0.194016 0.249232 0.141925 0.003899 0.397372 0.000137
0.013446 0.192760 0.248929 0.141916 0.003909 0.398904 0.000136
0.013685 0.191949 0.248547 0.141551 0.003909 0.400230 0.000130
0.013546 0.191086 0.248163 0.141563 0.003916 0.401586 0.000140
0.013684 0.191337 0.247983 0.141646 0.003901 0.401321 0.000128
0.013706 0.189523 0.247403 0.141221 0.003932 0.404073 0.000142
0.013674 0.188408 0.247785 0.141277 0.003979 0.404746 0.000132
0.013636 0.189132 0.247562 0.140857 0.003953 0.404735 0.000125
0.013779 0.187434 0.247208 0.140726 0.003940 0.406780 0.000133
0.013725 0.186469 0.246874 0.140658 0.003953 0.408184 0.000138
0.013833 0.186757 0.246494 0.140502 0.003949 0.408324 0.000142
0.013821 0.185529 0.246487 0.140325 0.004001 0.409698 0.000139
0.013787 0.186174 0.246306 0.139996 0.003934 0.409656 0.000146
0.014003 0.184363 0.245789 0.140001 0.003950 0.411744 0.000149
0.014021 0.185301 0.245821 0.140085 0.003993 0.410637 0.000142
0.014028 0.185710 0.245786 0.140087 0.003900 0.410345 0.000145
0.013887 0.183869 0.245330 0.139841 0.004009 0.412916 0.000148
0.013892 0.182236 0.245188 0.139784 0.004021 0.414728 0.000153
0.014037 0.183050 0.245121 0.139779 0.003986 0.413881 0.000146
0.014076 0.181581 0.244384 0.139169 0.003988 0.416671 0.000131
0.014186 0.181661 0.244613 0.139140 0.003948 0.416320 0.000132
0.014129 0.181073 0.244284 0.139326 0.004046 0.416999 0.000143
0.014184 0.179982 0.244391 0.138592 0.003946 0.418762 0.000143
0.014206 0.180108 0.243471 0.138955 0.004032 0.419084 0.000145
0.014318 0.179340 0.243807 0.138712 0.004007 0.419676 0.000140
0.014243 0.178380 0.243107 0.138446 0.004003 0.421675 0.000145
0.014328 0.177699 0.243134 0.138860 0.004047 0.421791 0.000140
0.014411 0.176433 0.242720 0.138309 0.004063 0.423919 0.000146
0.014314 0.177693 0.242504 0.138483 0.004001 0.422861 0.000143
0.014428 0.176160 0.241990 0.138094 0.004021 0.425160 0.000147
0.014558 0.176931 0.242120 0.138093 0.004031 0.424126 0.000142
0.014556 0.175463 0.241462 0.137632 0.004023 0.426710 0.000155
0.014467 0.175104 0.241678 0.137709 0.004029 0.426871 0.000142
0.014616 0.175041 0.241148 0.137409 0.004039 0.427605 0.000142
0.014587 0.174687 0.240577 0.137352 0.004067 0.428582 0.000148
0.014564 0.173997 0.240719 0.137340 0.004092 0.429141 0.000146
0.014690 0.172611 0.240423 0.137176 0.004079 0.430884 0.000137
0.014708 0.172522 0.240092 0.136829 0.004097 0.431593 0.000159
0.014679 0.172110 0.240380 0.136877 0.004148 0.431661 0.000145
0.014673 0.171742 0.239499 0.136474 0.004142 0.433308 0.000162
0.014934 0.170815 0.239555 0.136404 0.004098 0.434039 0.000154
0.014726 0.170551 0.239066 0.136418 0.004143 0.434950 0.000146
0.014848 0.169814 0.238701 0.136301 0.004122 0.436073 0.000141
0.014882 0.169933 0.238573 0.136031 0.004120 0.436306 0.000154
0.015042 0.170056 0.238505 0.136355 0.004081 0.435803 0.000157
0.015057 0.168682 0.237819 0.135951 0.004121 0.438215 0.000155
0.015078 0.169184 0.237368 0.135620 0.004097 0.438505 0.000147
0.014980 0.168311 0.238015 0.135655 0.004163 0.438725 0.000151
0.015100 0.167932 0.237219 0.135369 0.004103 0.440125 0.000152
0.015296 0.166466 0.236791 0.135053 0.004119 0.442117 0.000157
0.015302 0.165551 0.236644 0.134797 0.004174 0.443380 0.000151
0.015278 0.165973 0.236364 0.134732 0.004178 0.443320 0.000156
0.015189 0.165245 0.236186 0.134712 0.004196 0.444321 0.000152
0.015291 0.165034 0.236021 0.134762 0.004178 0.444564 0.000149
0.015307 0.164969 0.235301 0.134294 0.004167 0.445804 0.000158
0.015304 0.164470 0.235403 0.134212 0.004237 0.446217 0.000156
0.015399 0.162599 0.234957 0.133781 0.004244 0.448862 0.000159
0.015337 0.162840 0.234728 0.133717 0.004200 0.449011 0.000166
0.015289 0.163536 0.234863 0.133807 0.004199 0.448137 0.000169
0.015507 0.163109 0.234373 0.133698 0.004187 0.448959 0.000167
0.015449 0.162990 0.233825 0.133651 0.004207 0.449713 0.000165
0.015544 0.162351 0.234363 0.133494 0.004213 0.449872 0.000161
0.015825 0.160842 0.233487 0.133078 0.004244 0.452363 0.000161
0.015692 0.161592 0.233741 0.132622 0.004253 0.451926 0.000173
0.015628 0.160095 0.232995 0.132662 0.004229 0.454219 0.000172
0.015769 0.159290 0.232710 0.132620 0.004208 0.455232 0.000171
0.015910 0.159985 0.232285 0.132268 0.004195 0.455197 0.000161
0.015815 0.158884 0.231883 0.132300 0.004251 0.456694 0.000174
0.015789 0.158305 0.232023 0.132253 0.004271 0.457197 0.000162
0.015920 0.158932 0.231532 0.131930 0.004208 0.457319 0.000160
0.015935 0.157598 0.231499 0.131971 0.004255 0.458573 0.000168
0.016003 0.157214 0.231055 0.131737 0.004234 0.459582 0.000174
0.015956 0.157226 0.231038 0.131809 0.004283 0.459513 0.000175
0.016048 0.156470 0.230500 0.131312 0.004275 0.461230 0.000165
0.016096 0.155865 0.230260 0.131390 0.004334 0.461882 0.000173
0.016223 0.156048 0.230024 0.130943 0.004329 0.462257 0.000175
0.016234 0.155298 0.229695 0.131146 0.004321 0.463128 0.000178
0.016232 0.154668 0.229760 0.130721 0.004333 0.464122 0.000164
0.016154 0.154801 0.229373 0.130661 0.004309 0.464527 0.000176
0.016347 0.153568 0.228977 0.130480 0.004292 0.466157 0.000177
0.016195 0.153902 0.228741 0.130288 0.004332 0.466371 0.000172
0.016368 0.152848 0.227972 0.130279 0.004371 0.467984 0.000178
0.016394 0.153257 0.227989 0.130233 0.004310 0.467646 0.000171
0.016474 0.152471 0.227749 0.130018 0.004331 0.468772 0.000187
0.016404 0.152183 0.227932 0.129764 0.004304 0.469238 0.000175
0.016397 0.150595 0.227654 0.129412 0.004354 0.471408 0.000181
0.016588 0.150527 0.227012 0.129077 0.004399 0.472220 0.000178
0.016603 0.150592 0.226764 0.129295 0.004340 0.472241 0.000165
0.016632 0.150600 0.226648 0.129139 0.004351 0.472447 0.000184
0.016668 0.150021 0.226373 0.129031 0.004366 0.473359 0.000181
0.016483 0.149893 0.226391 0.128901 0.004420 0.473715 0.000196
0.016668 0.149191 0.226204 0.128793 0.004353 0.474599 0.000192
0.016782 0.149003 0.225422 0.128758 0.004438 0.475418 0.000180
0.016775 0.148955 0.224981 0.128372 0.004382 0.476348 0.000187
0.016934 0.148752 0.225200 0.128420 0.004398 0.476126 0.000171
0.017010 0.147305 0.224547 0.128188 0.004409 0.478359 0.000181
0.016960 0.147487 0.224815 0.127679 0.004443 0.478424 0.000192
0.016946 0.146840 0.224060 0.127690 0.004466 0.479816 0.000182
0.016952 0.147042 0.223671 0.127474 0.004430 0.480232 0.000199
0.016945 0.146818 0.223519 0.127486 0.004393 0.480660 0.000180
0.017175 0.145436 0.222927 0.126828 0.004421 0.483023 0.000191
0.017025 0.145104 0.222792 0.127109 0.004460 0.483305 0.000204
0.017066 0.144944 0.222483 0.126861 0.004477 0.483969 0.000199
0.017248 0.145715 0.222376 0.126936 0.004467 0.483063 0.000196
0.017188 0.144732 0.221955 0.126672 0.004465 0.484797 0.000191
0.017303 0.144631 0.221861 0.126459 0.004485 0.485070 0.000192
0.017350 0.144449 0.221491 0.126316 0.004486 0.485712 0.000197
0.017366 0.143228 0.221569 0.126123 0.004504 0.487023 0.000186
0.017314 0.142276 0.221013 0.125912 0.004544 0.488732 0.000209
0.017359 0.143160 0.221052 0.126065 0.004456 0.487717 0.000191
0.017468 0.142322 0.220622 0.125885 0.004492 0.489023 0.000189
0.017530 0.142698 0.220368 0.126098 0.004462 0.488667 0.000178
0.017639 0.142263 0.219828 0.125596 0.004518 0.489962 0.000195
