0.999103 0.000879 0.000010 0.000008 0.000000 0.000000 0.000000
0.998657 0.001318 0.000012 0.000004 0.000001 0.000009 0.000000
0.998191 0.001773 0.000019 0.000006 0.000000 0.000010 0.000000
0.997751 0.002195 0.000030 0.000012 0.000000 0.000012 0.000000
0.997241 0.002689 0.000039 0.000019 0.000000 0.000012 0.000000
0.996675 0.003243 0.000044 0.000027 0.000000 0.000012 0.000000
0.995975 0.003930 0.000053 0.000030 0.000000 0.000011 0.000000
0.995270 0.004616 0.000063 0.000040 0.000000 0.000011 0.000000
0.994316 0.005558 0.000071 0.000043 0.000000 0.000012 0.000000
0.993221 0.006622 0.000099 0.000047 0.000000 0.000011 0.000000
0.991705 0.008116 0.000107 0.000061 0.000000 0.000010 0.000000
0.990132 0.009655 0.000128 0.000076 0.000000 0.000009 0.000000
0.987745 0.012005 0.000149 0.000093 0.000000 0.000008 0.000000
0.985059 0.014647 0.000177 0.000110 0.000000 0.000007 0.000000
0.981857 0.017776 0.000201 0.000159 0.000000 0.000007 0.000000
0.979032 0.020578 0.000229 0.000155 0.000000 0.000006 0.000000
0.974148 0.025400 0.000269 0.000179 0.000000 0.000005 0.000000
0.969101 0.030337 0.000325 0.000232 0.000000 0.000005 0.000000
0.963451 0.035855 0.000400 0.000289 0.000000 0.000005 0.000000
0.956661 0.042474 0.000510 0.000351 0.000000 0.000004 0.000000
0.949852 0.049110 0.000618 0.000416 0.000000 0.000004 0.000000
0.941826 0.056998 0.000713 0.000460 0.000000 0.000004 0.000000
0.933807 0.064814 0.000857 0.000509 0.000000 0.000013 0.000000
0.925413 0.072980 0.000995 0.000599 0.000000 0.000013 0.000000
0.915819 0.082384 0.001101 0.000680 0.000000 0.000015 0.000000
0.903798 0.094156 0.001250 0.000770 0.000000 0.000027 0.000000
0.894721 0.102984 0.001425 0.000834 0.000000 0.000036 0.000000
0.881022 0.116305 0.001665 0.000964 0.000000 0.000045 0.000000
0.869969 0.127000 0.001901 0.001079 0.000000 0.000051 0.000000
0.856774 0.139777 0.002164 0.001235 0.000000 0.000050 0.000000
0.840614 0.155374 0.002501 0.001457 0.000000 0.000054 0.000000
0.826684 0.168795 0.002825 0.001631 0.000000 0.000065 0.000000
0.812510 0.182507 0.003108 0.001803 0.000001 0.000072 0.000000
0.795668 0.198690 0.003567 0.001991 0.000001 0.000083 0.000000
0.782381 0.211466 0.003910 0.002151 0.000001 0.000092 0.000000
0.765958 0.227250 0.004307 0.002379 0.000001 0.000105 0.000000
0.751214 0.241318 0.004727 0.002616 0.000002 0.000123 0.000000
0.734639 0.257102 0.005230 0.002892 0.000002 0.000135 0.000000
0.719082 0.271911 0.005710 0.003147 0.000002 0.000148 0.000000
0.703829 0.286403 0.006150 0.003441 0.000002 0.000174 0.000000
0.687995 0.301452 0.006676 0.003694 0.000002 0.000181 0.000000
0.672729 0.315905 0.007167 0.003996 0.000003 0.000199 0.000000
0.660787 0.327208 0.007521 0.004250 0.000006 0.000228 0.000000
0.646638 0.340473 0.008090 0.004537 0.000007 0.000254 0.000000
0.629763 0.356396 0.008676 0.004865 0.000006 0.000293 0.000000
0.616060 0.369119 0.009302 0.005186 0.000007 0.000326 0.000000
0.603734 0.380560 0.009811 0.005537 0.000007 0.000351 0.000000
0.587167 0.396027 0.010514 0.005898 0.000008 0.000386 0.000000
0.575941 0.406323 0.011080 0.006226 0.000008 0.000422 0.000000
0.560682 0.420324 0.011896 0.006623 0.000008 0.000466 0.000000
0.548015 0.431940 0.012535 0.007000 0.000009 0.000501 0.000000
0.536601 0.442167 0.013253 0.007421 0.000009 0.000550 0.000000
0.524932 0.452807 0.013837 0.007835 0.000009 0.000580 0.000000
0.510208 0.466038 0.014726 0.008378 0.000010 0.000640 0.000000
0.503099 0.472204 0.015296 0.008719 0.000011 0.000671 0.000000
0.491130 0.482881 0.016102 0.009154 0.000009 0.000724 0.000000
0.480512 0.492430 0.016804 0.009476 0.000011 0.000766 0.000000
0.469257 0.502249 0.017722 0.009940 0.000012 0.000820 0.000000
0.457513 0.512525 0.018570 0.010498 0.000013 0.000882 0.000000
0.446085 0.522590 0.019370 0.010997 0.000016 0.000943 0.000000
0.435918 0.531146 0.020392 0.011507 0.000014 0.001023 0.000000
0.426155 0.539639 0.021173 0.011942 0.000015 0.001075 0.000000
0.419969 0.544623 0.021903 0.012360 0.000016 0.001129 0.000000
0.405722 0.556887 0.023176 0.012984 0.000015 0.001215 0.000000
0.397164 0.564002 0.024049 0.013479 0.000017 0.001290 0.000000
0.387485 0.572126 0.025021 0.013966 0.000017 0.001386 0.000000
0.376858 0.580893 0.026125 0.014638 0.000019 0.001466 0.000000
0.369598 0.586584 0.027086 0.015161 0.000019 0.001553 0.000000
0.364971 0.590120 0.027734 0.015540 0.000021 0.001614 0.000000
0.354825 0.598048 0.029022 0.016337 0.000022 0.001745 0.000000
0.348951 0.602373 0.029960 0.016855 0.000024 0.001838 0.000000
0.338465 0.610706 0.031235 0.017598 0.000025 0.001971 0.000000
0.332034 0.615578 0.032126 0.018185 0.000024 0.002052 0.000000
0.323610 0.621838 0.033405 0.018935 0.000028 0.002184 0.000000
0.315152 0.628423 0.034543 0.019555 0.000027 0.002300 0.000000
0.306834 0.634501 0.035865 0.020323 0.000028 0.002449 0.000000
0.297926 0.641175 0.037245 0.021053 0.000028 0.002573 0.000000
0.295308 0.642246 0.038147 0.021580 0.000027 0.002692 0.000000
0.289619 0.645816 0.039371 0.022309 0.000028 0.002856 0.000000
0.283670 0.649866 0.040530 0.022901 0.000030 0.003003 0.000000
0.274997 0.656081 0.042043 0.023669 0.000032 0.003178 0.000000
0.267558 0.661125 0.043345 0.024524 0.000035 0.003413 0.000000
0.266267 0.660752 0.044343 0.025039 0.000035 0.003564 0.000000
0.263041 0.662350 0.045308 0.025505 0.000035 0.003760 0.000000
0.255025 0.667516 0.047065 0.026386 0.000041 0.003967 0.000000
0.246938 0.673199 0.048410 0.027265 0.000043 0.004144 0.000000
0.249084 0.669977 0.049072 0.027528 0.000044 0.004294 0.000000
0.235745 0.679623 0.051293 0.028712 0.000052 0.004576 0.000000
0.236503 0.677702 0.051895 0.029131 0.000054 0.004715 0.000000
0.231106 0.680274 0.053545 0.030039 0.000051 0.004983 0.000000
0.224248 0.684144 0.055292 0.031023 0.000052 0.005240 0.000000
0.220683 0.686116 0.056163 0.031598 0.000051 0.005388 0.000000
0.222665 0.682319 0.057068 0.032235 0.000054 0.005660 0.000000
0.214056 0.687898 0.058830 0.033195 0.000058 0.005963 0.000000
0.212450 0.687198 0.060136 0.033904 0.000059 0.006253 0.000000
0.207692 0.689435 0.061589 0.034775 0.000067 0.006442 0.000000
0.207066 0.687922 0.062824 0.035398 0.000073 0.006718 0.000000
0.205327 0.688092 0.063682 0.035917 0.000074 0.006908 0.000000
0.205653 0.686024 0.064602 0.036541 0.000076 0.007103 0.000000
0.203914 0.685471 0.065884 0.037227 0.000075 0.007429 0.000000
0.200829 0.686951 0.066807 0.037738 0.000084 0.007591 0.000000
0.189716 0.693671 0.069269 0.039203 0.000085 0.008055 0.000000
0.191877 0.689957 0.070011 0.039703 0.000089 0.008363 0.000000
0.187141 0.691664 0.071730 0.040628 0.000090 0.008747 0.000000
0.186085 0.691012 0.072616 0.041246 0.000091 0.008950 0.000000
0.187306 0.687847 0.073649 0.041824 0.000097 0.009277 0.000000
0.181539 0.691192 0.075052 0.042574 0.000101 0.009542 0.000000
0.178462 0.692099 0.076172 0.043344 0.000098 0.009825 0.000000
0.172774 0.694388 0.078057 0.044402 0.000101 0.010277 0.000001
0.164194 0.699477 0.080064 0.045519 0.000108 0.010638 0.000000
0.161802 0.699797 0.081199 0.046151 0.000110 0.010940 0.000001
0.149430 0.706947 0.084087 0.047901 0.000117 0.011517 0.000001
0.147372 0.706930 0.085202 0.048512 0.000109 0.011874 0.000001
0.148570 0.704546 0.085810 0.048754 0.000122 0.012198 0.000000
0.139766 0.709113 0.087985 0.050259 0.000120 0.012756 0.000001
0.131703 0.712835 0.090650 0.051450 0.000129 0.013233 0.000001
0.129445 0.713380 0.091473 0.052021 0.000129 0.013550 0.000001
0.123416 0.715515 0.093522 0.053323 0.000141 0.014081 0.000001
0.118063 0.717682 0.095396 0.054279 0.000148 0.014431 0.000001
0.115745 0.715775 0.097770 0.055407 0.000157 0.015145 0.000001
0.111437 0.717478 0.099144 0.056291 0.000157 0.015492 0.000001
0.106172 0.718728 0.101263 0.057539 0.000156 0.016140 0.000001
0.101445 0.719466 0.103390 0.058791 0.000167 0.016740 0.000001
0.096545 0.720896 0.105240 0.059800 0.000173 0.017346 0.000000
0.096662 0.718530 0.106526 0.060360 0.000183 0.017738 0.000001
0.097593 0.714540 0.108007 0.061380 0.000200 0.018279 0.000001
0.090871 0.716746 0.110467 0.062699 0.000203 0.019013 0.000001
0.093054 0.712985 0.111241 0.063219 0.000218 0.019282 0.000001
0.086748 0.714812 0.113625 0.064494 0.000221 0.020098 0.000002
0.088536 0.711281 0.114552 0.065005 0.000233 0.020391 0.000001
0.088054 0.708638 0.116113 0.065896 0.000238 0.021061 0.000001
0.084114 0.709128 0.117774 0.067110 0.000238 0.021636 0.000001
0.086074 0.706133 0.118201 0.067254 0.000242 0.022095 0.000001
0.083884 0.703990 0.120527 0.068565 0.000246 0.022787 0.000000
0.084163 0.700944 0.121792 0.069498 0.000253 0.023349 0.000001
0.081453 0.699708 0.123915 0.070591 0.000254 0.024078 0.000001
0.084757 0.696009 0.124011 0.070714 0.000257 0.024252 0.000000
0.086511 0.693231 0.124575 0.070905 0.000264 0.024513 0.000001
0.088774 0.688251 0.125789 0.071724 0.000275 0.025187 0.000000
0.083170 0.688913 0.128294 0.073209 0.000278 0.026135 0.000001
0.088098 0.684153 0.128087 0.073098 0.000279 0.026285 0.000000
0.088869 0.681643 0.128982 0.073470 0.000299 0.026737 0.000001
0.087496 0.678521 0.131250 0.074737 0.000296 0.027699 0.000001
0.085211 0.678418 0.132539 0.075361 0.000306 0.028165 0.000001
0.086054 0.677156 0.132706 0.075392 0.000298 0.028394 0.000000
0.088742 0.672183 0.133625 0.076230 0.000313 0.028907 0.000001
0.081547 0.674931 0.135982 0.077439 0.000330 0.029772 0.000000
0.080675 0.674325 0.136672 0.077793 0.000344 0.030190 0.000000
0.074346 0.674736 0.139893 0.079399 0.000346 0.031279 0.000001
0.077952 0.670823 0.139810 0.079491 0.000362 0.031562 0.000000
0.075994 0.670335 0.140939 0.080163 0.000361 0.032207 0.000001
0.076290 0.666971 0.142307 0.081127 0.000376 0.032929 0.000000
0.081769 0.662455 0.141624 0.080662 0.000382 0.033107 0.000000
0.073018 0.663511 0.145708 0.082933 0.000403 0.034426 0.000001
0.073931 0.661703 0.145958 0.083137 0.000398 0.034873 0.000001
0.073561 0.661186 0.146312 0.083474 0.000404 0.035062 0.000001
0.065599 0.661978 0.150151 0.085336 0.000411 0.036524 0.000001
0.069255 0.658036 0.150004 0.085445 0.000416 0.036843 0.000001
0.064017 0.660512 0.151523 0.086027 0.000430 0.037489 0.000001
0.065994 0.656471 0.152385 0.086609 0.000432 0.038106 0.000003
0.060544 0.656662 0.154734 0.088352 0.000446 0.039260 0.000002
0.064285 0.653526 0.154518 0.087841 0.000455 0.039373 0.000003
0.064850 0.649709 0.156104 0.088631 0.000462 0.040243 0.000002
0.056907 0.654262 0.157716 0.089864 0.000464 0.040784 0.000002
0.053354 0.653129 0.159979 0.091022 0.000480 0.042033 0.000003
0.057074 0.648121 0.160425 0.091227 0.000479 0.042673 0.000002
0.050730 0.649423 0.162713 0.092768 0.000512 0.043850 0.000003
0.049376 0.647633 0.164276 0.093572 0.000516 0.044626 0.000002
0.048167 0.646053 0.165603 0.094293 0.000518 0.045364 0.000002
0.046522 0.644655 0.167103 0.095105 0.000532 0.046080 0.000004
0.044138 0.645548 0.167618 0.095558 0.000541 0.046594 0.000002
0.043009 0.644215 0.168690 0.096210 0.000545 0.047327 0.000002
0.040820 0.642895 0.170315 0.097161 0.000566 0.048241 0.000003
0.039043 0.639647 0.172673 0.098308 0.000582 0.049743 0.000003
0.037375 0.638398 0.174110 0.099132 0.000590 0.050393 0.000002
0.035721 0.635840 0.176014 0.100254 0.000602 0.051568 0.000002
0.034552 0.635381 0.176783 0.100781 0.000604 0.051897 0.000002
0.034424 0.633685 0.177700 0.101027 0.000609 0.052552 0.000004
0.032407 0.631770 0.179378 0.102203 0.000632 0.053607 0.000003
0.031181 0.630744 0.180431 0.102768 0.000634 0.054241 0.000002
0.029011 0.627642 0.183025 0.103971 0.000659 0.055690 0.000002
0.029697 0.626477 0.183038 0.104044 0.000672 0.056067 0.000003
0.032819 0.621189 0.183690 0.104724 0.000684 0.056891 0.000003
0.035727 0.617586 0.183855 0.104720 0.000671 0.057439 0.000002
0.038043 0.614559 0.184063 0.104932 0.000674 0.057727 0.000002
0.034968 0.611464 0.186941 0.106428 0.000717 0.059479 0.000003
0.036386 0.610115 0.186693 0.106342 0.000701 0.059760 0.000003
0.035819 0.607583 0.188047 0.107135 0.000708 0.060705 0.000003
0.034276 0.604912 0.189935 0.107963 0.000717 0.062195 0.000002
0.034535 0.603318 0.190300 0.108342 0.000724 0.062778 0.000003
0.038576 0.599980 0.189755 0.108081 0.000726 0.062879 0.000003
0.035007 0.601328 0.190549 0.108741 0.000737 0.063635 0.000003
0.033134 0.598635 0.192703 0.109820 0.000747 0.064957 0.000004
0.030506 0.596460 0.194717 0.110955 0.000772 0.066586 0.000004
0.032945 0.595368 0.193873 0.110739 0.000780 0.066290 0.000004
0.032139 0.593381 0.195049 0.111478 0.000789 0.067160 0.000005
0.030733 0.590891 0.196830 0.112195 0.000807 0.068538 0.000006
0.030961 0.588808 0.197382 0.112522 0.000794 0.069528 0.000006
0.027433 0.587639 0.199327 0.113996 0.000846 0.070753 0.000007
0.028406 0.585515 0.199780 0.114107 0.000823 0.071365 0.000004
0.028012 0.585417 0.199773 0.114113 0.000848 0.071830 0.000006
0.025409 0.585138 0.201075 0.115036 0.000865 0.072469 0.000007
0.025453 0.582622 0.202197 0.115394 0.000870 0.073459 0.000006
0.025826 0.578807 0.203355 0.116317 0.000878 0.074812 0.000005
0.024513 0.577023 0.204607 0.117018 0.000880 0.075953 0.000006
0.023013 0.575457 0.206166 0.117545 0.000901 0.076911 0.000007
0.022596 0.576023 0.205958 0.117498 0.000910 0.077005 0.000009
0.022516 0.572028 0.207437 0.118413 0.000930 0.078670 0.000007
0.022224 0.569023 0.208894 0.119179 0.000922 0.079752 0.000008
0.020847 0.568427 0.209723 0.119729 0.000957 0.080310 0.000008
0.021278 0.567435 0.209934 0.119707 0.000945 0.080692 0.000008
0.020720 0.562613 0.212025 0.120891 0.000986 0.082757 0.000007
0.019763 0.560221 0.213315 0.121706 0.000970 0.084018 0.000006
0.019061 0.559725 0.213813 0.122021 0.001004 0.084370 0.000007
0.019340 0.557242 0.214737 0.122402 0.001004 0.085268 0.000006
0.019001 0.555955 0.215080 0.122564 0.001031 0.086363 0.000007
0.018854 0.553068 0.216127 0.123432 0.001008 0.087502 0.000008
0.018221 0.551489 0.217003 0.123973 0.001033 0.088274 0.000006
0.018687 0.549737 0.217317 0.124044 0.001058 0.089148 0.000009
0.018633 0.546007 0.218904 0.124648 0.001077 0.090722 0.000009
0.017576 0.545125 0.219583 0.125197 0.001068 0.091444 0.000007
0.017855 0.543439 0.219684 0.125515 0.001071 0.092428 0.000009
0.017812 0.540832 0.220638 0.126101 0.001102 0.093507 0.000008
0.019913 0.540217 0.219954 0.125497 0.001109 0.093300 0.000010
0.029280 0.531885 0.219040 0.124967 0.001095 0.093724 0.000009
0.028003 0.530003 0.220000 0.125602 0.001123 0.095261 0.000009
0.029481 0.527603 0.220300 0.125547 0.001116 0.095946 0.000007
0.026028 0.526781 0.221854 0.126954 0.001127 0.097248 0.000008
0.028681 0.524185 0.221937 0.126482 0.001140 0.097567 0.000008
0.028272 0.524701 0.221890 0.126454 0.001130 0.097545 0.000007
0.029821 0.519658 0.222838 0.126986 0.001168 0.099521 0.000008
0.029836 0.520486 0.222234 0.126802 0.001151 0.099484 0.000006
0.031624 0.516388 0.222812 0.127126 0.001176 0.100864 0.000009
0.026271 0.516579 0.225024 0.128593 0.001175 0.102348 0.000009
0.029110 0.513541 0.224808 0.128186 0.001189 0.103158 0.000007
0.025833 0.514158 0.226000 0.128807 0.001190 0.104001 0.000011
0.026352 0.512610 0.226131 0.129140 0.001216 0.104543 0.000009
0.025915 0.510067 0.227398 0.129432 0.001226 0.105952 0.000009
0.023048 0.510125 0.228271 0.130151 0.001245 0.107152 0.000009
0.024028 0.508098 0.228459 0.130387 0.001277 0.107743 0.000008
0.023488 0.505588 0.229451 0.130955 0.001272 0.109235 0.000012
0.021935 0.504605 0.230283 0.131369 0.001285 0.110512 0.000010
0.022731 0.504644 0.229660 0.131049 0.001276 0.110629 0.000011
0.019974 0.502696 0.231716 0.132150 0.001298 0.112153 0.000012
0.020410 0.500527 0.232059 0.132519 0.001306 0.113165 0.000012
0.019043 0.497895 0.233451 0.133283 0.001322 0.114995 0.000011
0.018816 0.496744 0.233734 0.133689 0.001338 0.115667 0.000011
0.018423 0.495561 0.234300 0.133937 0.001326 0.116443 0.000011
0.018063 0.493483 0.235126 0.134249 0.001374 0.117693 0.000012
0.017800 0.492793 0.235491 0.134319 0.001368 0.118216 0.000013
0.017220 0.490900 0.236247 0.134881 0.001385 0.119355 0.000011
0.018119 0.489193 0.236211 0.134726 0.001398 0.120341 0.000012
0.016378 0.485800 0.238008 0.136000 0.001442 0.122359 0.000014
0.016361 0.483488 0.238778 0.136406 0.001441 0.123512 0.000014
0.018628 0.482429 0.238085 0.135983 0.001413 0.123448 0.000013
0.026059 0.477929 0.236279 0.134992 0.001405 0.123323 0.000014
0.025751 0.476378 0.236901 0.135341 0.001406 0.124212 0.000013
0.027589 0.471671 0.237917 0.135841 0.001441 0.125526 0.000015
0.029080 0.471254 0.237344 0.135168 0.001430 0.125708 0.000017
0.025820 0.470598 0.238448 0.136326 0.001454 0.127337 0.000017
0.029582 0.468375 0.237524 0.135552 0.001462 0.127489 0.000015
0.028985 0.466292 0.238102 0.136107 0.001477 0.129020 0.000016
0.030771 0.464666 0.238236 0.135710 0.001507 0.129097 0.000014
0.024379 0.464420 0.240884 0.137234 0.001510 0.131555 0.000017
0.026330 0.461638 0.240797 0.137146 0.001518 0.132554 0.000017
0.023977 0.460794 0.241836 0.137845 0.001485 0.134043 0.000019
0.023988 0.461269 0.241418 0.137519 0.001539 0.134252 0.000015
0.024367 0.460047 0.241639 0.137715 0.001540 0.134671 0.000021
0.023100 0.458464 0.242691 0.138106 0.001545 0.136075 0.000018
0.021780 0.456716 0.243776 0.138655 0.001579 0.137477 0.000018
0.021620 0.454287 0.244235 0.139085 0.001591 0.139166 0.000018
0.020969 0.452865 0.244929 0.139583 0.001596 0.140039 0.000019
0.020441 0.451073 0.245548 0.139856 0.001615 0.141449 0.000018
0.021543 0.451641 0.244609 0.139351 0.001584 0.141255 0.000016
0.018888 0.449201 0.246268 0.140623 0.001642 0.143358 0.000021
0.018683 0.447930 0.246761 0.140876 0.001638 0.144093 0.000020
0.017991 0.445528 0.247704 0.141296 0.001681 0.145781 0.000019
0.018421 0.445071 0.247581 0.141216 0.001651 0.146040 0.000020
0.018080 0.445030 0.247642 0.140964 0.001658 0.146611 0.000016
0.015356 0.440557 0.250095 0.142722 0.001703 0.149547 0.000019
0.017360 0.443270 0.248030 0.141596 0.001686 0.148034 0.000022
0.015881 0.439512 0.249846 0.142276 0.001701 0.150766 0.000018
0.016142 0.438269 0.250057 0.142693 0.001692 0.151129 0.000019
0.016258 0.437243 0.250257 0.142545 0.001721 0.151957 0.000019
0.015827 0.432541 0.251760 0.143445 0.001750 0.154654 0.000022
0.015711 0.433630 0.251320 0.143216 0.001722 0.154383 0.000019
0.014346 0.430857 0.252895 0.144082 0.001745 0.156056 0.000019
0.014743 0.430441 0.252549 0.143602 0.001792 0.156853 0.000019
0.014780 0.428144 0.253010 0.144140 0.001771 0.158134 0.000021
0.014715 0.427353 0.253124 0.143974 0.001790 0.159020 0.000023
0.014120 0.423544 0.254497 0.144868 0.001797 0.161156 0.000018
0.013940 0.422914 0.254454 0.144963 0.001816 0.161892 0.000022
0.013995 0.421282 0.255075 0.144788 0.001826 0.163010 0.000024
0.013820 0.420666 0.255151 0.144934 0.001854 0.163555 0.000021
0.013436 0.416718 0.256423 0.145661 0.001848 0.165893 0.000021
0.013672 0.416840 0.256055 0.145484 0.001876 0.166053 0.000020
0.013311 0.415021 0.256690 0.145830 0.001876 0.167248 0.000024
0.013694 0.415319 0.256003 0.145767 0.001868 0.167327 0.000022
0.013155 0.410125 0.257998 0.146639 0.001901 0.170158 0.000024
0.013234 0.409068 0.257809 0.146518 0.001901 0.171444 0.000025
0.013366 0.409013 0.257590 0.146445 0.001900 0.171658 0.000029
0.013201 0.406799 0.258126 0.146726 0.001928 0.173190 0.000030
0.013262 0.406682 0.257705 0.146707 0.001922 0.173691 0.000030
0.012935 0.403707 0.258709 0.147285 0.001954 0.175378 0.000031
0.012868 0.400655 0.259495 0.147877 0.001997 0.177076 0.000032
0.013025 0.401059 0.259168 0.147296 0.001953 0.177467 0.000033
0.012980 0.401385 0.259040 0.147332 0.001944 0.177291 0.000029
0.013105 0.398002 0.259193 0.147697 0.002012 0.179959 0.000032
0.013160 0.397533 0.259491 0.147822 0.002004 0.179962 0.000030
0.012765 0.393836 0.260734 0.148195 0.002006 0.182432 0.000033
0.012902 0.395020 0.260140 0.147874 0.002021 0.182013 0.000031
0.012937 0.393149 0.260241 0.148340 0.002033 0.183267 0.000034
0.012677 0.390587 0.260840 0.148888 0.002069 0.184904 0.000034
0.012611 0.388884 0.261212 0.148838 0.002054 0.186371 0.000030
0.012770 0.389037 0.260812 0.148629 0.002094 0.186624 0.000033
0.012845 0.386489 0.261443 0.148714 0.002074 0.188400 0.000036
0.012651 0.384074 0.262251 0.149000 0.002077 0.189914 0.000033
0.012580 0.382939 0.262509 0.149135 0.002090 0.190714 0.000033
0.012714 0.381899 0.262117 0.149031 0.002163 0.192044 0.000032
0.012535 0.380749 0.262553 0.149434 0.002147 0.192543 0.000037
0.012574 0.378980 0.262637 0.149510 0.002137 0.194129 0.000033
0.012605 0.376970 0.263121 0.149535 0.002166 0.195569 0.000034
0.012831 0.377546 0.262947 0.149028 0.002180 0.195434 0.000034
0.012550 0.374098 0.263574 0.149669 0.002200 0.197871 0.000038
0.012662 0.374582 0.263263 0.149423 0.002166 0.197872 0.000032
0.012504 0.372521 0.263970 0.149840 0.002220 0.198906 0.000039
0.012429 0.370244 0.264126 0.150191 0.002239 0.200734 0.000037
0.012806 0.369212 0.264160 0.150345 0.002216 0.201223 0.000037
0.012480 0.367686 0.264652 0.150296 0.002238 0.202615 0.000034
0.012665 0.366079 0.264504 0.150271 0.002274 0.204172 0.000036
0.012549 0.365508 0.264528 0.150414 0.002253 0.204711 0.000037
0.012835 0.364988 0.264487 0.150346 0.002262 0.205050 0.000031
0.012570 0.363297 0.264743 0.150365 0.002269 0.206716 0.000039
0.012343 0.360248 0.265463 0.150906 0.002337 0.208670 0.000032
0.012479 0.358562 0.265442 0.150956 0.002317 0.210209 0.000035
0.012672 0.360455 0.265087 0.150499 0.002327 0.208925 0.000035
0.012727 0.360112 0.264709 0.150265 0.002294 0.209855 0.000037
0.012506 0.355064 0.265960 0.151037 0.002348 0.213048 0.000038
0.012547 0.355222 0.265409 0.151124 0.002335 0.213329 0.000034
0.012581 0.353823 0.265710 0.150967 0.002327 0.214556 0.000036
0.014780 0.351494 0.265228 0.151073 0.002373 0.215011 0.000041
0.027287 0.348384 0.261040 0.148531 0.002290 0.212430 0.000038
0.025065 0.347818 0.262122 0.148788 0.002373 0.213796 0.000037
0.022771 0.347136 0.262743 0.149202 0.002401 0.215707 0.000039
0.029640 0.344664 0.260793 0.147989 0.002337 0.214537 0.000040
0.030488 0.343847 0.260054 0.147896 0.002399 0.215277 0.000039
0.029438 0.343880 0.260013 0.147709 0.002366 0.216560 0.000034
0.025843 0.342631 0.261695 0.148797 0.002395 0.218602 0.000037
0.026222 0.342947 0.261052 0.148158 0.002396 0.219187 0.000038
0.026263 0.342753 0.260979 0.147933 0.002386 0.219650 0.000037
0.025947 0.342203 0.260781 0.148077 0.002427 0.220528 0.000038
0.023701 0.341379 0.262000 0.148723 0.002417 0.221742 0.000037
0.022143 0.341655 0.262058 0.148926 0.002457 0.222726 0.000036
0.022709 0.341298 0.261909 0.148602 0.002472 0.222972 0.000038
0.020354 0.338766 0.262642 0.149418 0.002536 0.226241 0.000042
0.020592 0.337507 0.262807 0.149424 0.002507 0.227119 0.000045
0.019055 0.336231 0.263400 0.149726 0.002520 0.229028 0.000040
0.018486 0.335468 0.263865 0.149990 0.002506 0.229645 0.000041
0.018133 0.334897 0.263787 0.149773 0.002529 0.230843 0.000040
0.018023 0.333078 0.263970 0.149729 0.002515 0.232644 0.000041
0.017871 0.332383 0.263417 0.150022 0.002524 0.233743 0.000041
0.018198 0.331915 0.262921 0.149722 0.002556 0.234648 0.000040
0.015742 0.328857 0.265294 0.150491 0.002586 0.236987 0.000043
0.017328 0.329342 0.264107 0.149987 0.002597 0.236603 0.000036
0.016549 0.329361 0.263978 0.149893 0.002574 0.237604 0.000042
0.015433 0.326441 0.265143 0.150753 0.002620 0.239568 0.000042
0.014461 0.324625 0.265665 0.151041 0.002620 0.241544 0.000043
0.013857 0.323146 0.266388 0.151708 0.002655 0.242207 0.000039
0.014239 0.322148 0.266018 0.151458 0.002691 0.243405 0.000041
0.014921 0.321689 0.265747 0.150883 0.002677 0.244038 0.000045
0.014698 0.320975 0.265976 0.150786 0.002669 0.244851 0.000044
0.014815 0.320291 0.265310 0.150984 0.002697 0.245859 0.000043
0.014408 0.318796 0.265926 0.151200 0.002703 0.246923 0.000044
0.014309 0.318041 0.265410 0.151119 0.002695 0.248381 0.000046
0.013715 0.316523 0.266107 0.151650 0.002699 0.249259 0.000047
0.013819 0.314839 0.266369 0.151563 0.002750 0.250615 0.000044
0.013490 0.313007 0.266466 0.151739 0.002739 0.252509 0.000050
0.013687 0.313801 0.266019 0.151332 0.002718 0.252393 0.000050
0.013310 0.310082 0.266953 0.151831 0.002770 0.255004 0.000050
0.013319 0.308354 0.267138 0.151899 0.002740 0.256502 0.000049
0.013290 0.308262 0.266804 0.152008 0.002773 0.256812 0.000051
0.012988 0.307601 0.267233 0.151572 0.002796 0.257761 0.000049
0.013146 0.305920 0.267018 0.151940 0.002791 0.259134 0.000050
0.013084 0.304958 0.266909 0.151858 0.002798 0.260336 0.000057
0.013237 0.304638 0.266949 0.151581 0.002785 0.260758 0.000052
0.013013 0.303273 0.266947 0.152161 0.002815 0.261737 0.000053
0.012989 0.302248 0.267355 0.151991 0.002820 0.262542 0.000055
0.013349 0.300653 0.267008 0.151972 0.002834 0.264131 0.000052
0.013307 0.299706 0.266505 0.151907 0.002859 0.265663 0.000052
0.012989 0.298902 0.266900 0.151850 0.002848 0.266455 0.000056
0.013075 0.296865 0.267023 0.152348 0.002911 0.267722 0.000056
0.013027 0.296573 0.267060 0.152076 0.002868 0.268340 0.000056
0.013196 0.296898 0.266538 0.151777 0.002871 0.268661 0.000059
0.013013 0.293959 0.266996 0.152448 0.002965 0.270562 0.000057
0.013020 0.294107 0.267097 0.152086 0.002867 0.270758 0.000063
0.013073 0.291615 0.266882 0.152322 0.002909 0.273140 0.000059
0.013002 0.290548 0.267298 0.152079 0.002924 0.274088 0.000061
0.012916 0.290333 0.266916 0.151856 0.002944 0.274977 0.000059
0.013181 0.288641 0.266826 0.151737 0.002938 0.276616 0.000061
0.013263 0.288209 0.266583 0.152182 0.002963 0.276740 0.000060
0.013160 0.286594 0.267238 0.152015 0.002952 0.277983 0.000058
0.013093 0.286517 0.266845 0.151699 0.002970 0.278814 0.000061
0.012939 0.283402 0.267077 0.152063 0.002975 0.281482 0.000062
0.012952 0.283611 0.266892 0.151957 0.002962 0.281561 0.000065
0.012954 0.281544 0.267072 0.151878 0.003018 0.283471 0.000064
0.012911 0.281398 0.266589 0.151851 0.003030 0.284159 0.000060
0.013104 0.281951 0.266678 0.151297 0.002967 0.283936 0.000068
0.012970 0.279009 0.266584 0.151687 0.003022 0.286664 0.000063
0.013199 0.279158 0.266319 0.151435 0.003066 0.286761 0.000062
0.013202 0.278909 0.266101 0.151596 0.003016 0.287115 0.000062
0.013096 0.276639 0.266226 0.151693 0.003079 0.289208 0.000060
0.013042 0.275168 0.266207 0.151476 0.003062 0.290982 0.000062
0.013155 0.275783 0.265912 0.151408 0.003071 0.290601 0.000071
0.013057 0.273919 0.266475 0.151265 0.003106 0.292109 0.000069
0.013140 0.273301 0.266048 0.151503 0.003066 0.292876 0.000066
0.013124 0.272438 0.265680 0.151272 0.003092 0.294329 0.000066
0.013106 0.272060 0.265874 0.150970 0.003071 0.294852 0.000066
0.013260 0.270904 0.265640 0.150913 0.003172 0.296044 0.000066
0.013254 0.270122 0.265891 0.151041 0.003167 0.296453 0.000071
0.013420 0.268149 0.265554 0.151257 0.003139 0.298410 0.000071
0.013216 0.268171 0.265708 0.150887 0.003112 0.298840 0.000066
0.013188 0.266527 0.265282 0.151256 0.003179 0.300503 0.000066
0.013197 0.264618 0.265093 0.151093 0.003152 0.302776 0.000071
0.013340 0.264584 0.265203 0.150902 0.003194 0.302706 0.000071
0.013282 0.263782 0.265074 0.151105 0.003194 0.303493 0.000069
0.013234 0.263089 0.264822 0.150819 0.003192 0.304773 0.000071
0.013330 0.260764 0.265191 0.150911 0.003178 0.306556 0.000070
0.013592 0.260271 0.264647 0.150648 0.003206 0.307566 0.000069
0.013485 0.261186 0.264308 0.150515 0.003206 0.307232 0.000069
0.013378 0.258100 0.264696 0.150715 0.003241 0.309797 0.000073
0.013462 0.257936 0.264504 0.150795 0.003302 0.309928 0.000075
0.013597 0.256986 0.264782 0.150409 0.003274 0.310885 0.000067
0.013422 0.256998 0.264743 0.150150 0.003261 0.311357 0.000069
0.013643 0.254452 0.264379 0.150628 0.003287 0.313534 0.000077
0.013587 0.254668 0.264154 0.150389 0.003302 0.313826 0.000074
0.013674 0.254921 0.264046 0.150270 0.003248 0.313766 0.000075
0.013642 0.253764 0.263611 0.150263 0.003388 0.315259 0.000072
0.013572 0.252723 0.263799 0.150049 0.003335 0.316449 0.000073
0.013763 0.250758 0.264059 0.150153 0.003298 0.317890 0.000080
0.013500 0.249612 0.263876 0.149945 0.003358 0.319637 0.000072
0.013698 0.249359 0.263581 0.149810 0.003343 0.320132 0.000076
0.013660 0.248767 0.263153 0.149809 0.003319 0.321209 0.000082
0.013710 0.247072 0.263047 0.149862 0.003333 0.322890 0.000086
0.013602 0.248210 0.262973 0.149769 0.003332 0.322036 0.000079
0.013916 0.245546 0.263304 0.149841 0.003343 0.323963 0.000087
0.013894 0.244034 0.262651 0.149512 0.003401 0.326429 0.000079
0.013817 0.243987 0.262759 0.149467 0.003406 0.326480 0.000084
0.014062 0.242672 0.262325 0.149436 0.003434 0.327982 0.000089
0.013930 0.241821 0.262620 0.149467 0.003479 0.328597 0.000086
0.013904 0.242493 0.262329 0.149256 0.003433 0.328501 0.000084
0.013994 0.241210 0.262236 0.148942 0.003432 0.330102 0.000083
0.013985 0.241752 0.261671 0.148728 0.003447 0.330332 0.000084
0.014011 0.239905 0.261884 0.148902 0.003436 0.331778 0.000083
0.013926 0.239633 0.261179 0.148673 0.003429 0.333080 0.000080
0.014015 0.237819 0.261081 0.148731 0.003466 0.334801 0.000088
0.014133 0.237091 0.261372 0.148590 0.003488 0.335242 0.000084
0.014018 0.235548 0.261034 0.148677 0.003543 0.337093 0.000088
0.013936 0.235754 0.260910 0.148500 0.003502 0.337310 0.000088
0.014052 0.235345 0.260870 0.148644 0.003487 0.337507 0.000095
0.014165 0.233082 0.260947 0.148428 0.003512 0.339775 0.000091
0.014364 0.233278 0.260007 0.148298 0.003558 0.340405 0.000090
0.014217 0.233289 0.259926 0.148012 0.003521 0.340944 0.000090
0.014244 0.231708 0.260068 0.148278 0.003551 0.342056 0.000095
0.014370 0.231132 0.259521 0.148156 0.003550 0.343171 0.000100
0.014210 0.229213 0.259898 0.147997 0.003545 0.345034 0.000103
0.014327 0.229975 0.259464 0.147580 0.003577 0.344978 0.000099
0.014421 0.228698 0.259437 0.147666 0.003609 0.346070 0.000100
0.014601 0.227664 0.259342 0.147695 0.003619 0.346986 0.000093
0.014380 0.227525 0.259303 0.147629 0.003610 0.347457 0.000096
0.014439 0.228288 0.259015 0.147485 0.003565 0.347108 0.000100
0.014395 0.225752 0.258791 0.147069 0.003612 0.350277 0.000104
0.014437 0.226107 0.258609 0.147330 0.003633 0.349786 0.000098
0.014415 0.224446 0.258385 0.146950 0.003593 0.352117 0.000094
0.014593 0.223850 0.258097 0.147140 0.003699 0.352519 0.000102
0.014574 0.223350 0.257790 0.146932 0.003687 0.353566 0.000101
0.014800 0.221555 0.257863 0.146777 0.003679 0.355229 0.000096
0.014655 0.220036 0.257712 0.146778 0.003721 0.356995 0.000104
0.014704 0.219749 0.257435 0.146674 0.003743 0.357593 0.000102
0.014673 0.221154 0.257446 0.146286 0.003730 0.356608 0.000103
0.014744 0.219299 0.257314 0.146370 0.003738 0.358427 0.000108
0.014890 0.219446 0.257075 0.146140 0.003718 0.358627 0.000104
0.014647 0.218739 0.256775 0.146038 0.003686 0.360013 0.000101
0.015002 0.217557 0.256382 0.146104 0.003731 0.361113 0.000111
0.014871 0.217356 0.256504 0.145846 0.003733 0.361579 0.000110
0.015077 0.216385 0.256444 0.145547 0.003757 0.362675 0.000117
0.014972 0.215392 0.255843 0.145934 0.003768 0.363980 0.000111
0.014978 0.215334 0.255672 0.145714 0.003748 0.364442 0.000111
0.014841 0.214153 0.255767 0.145286 0.003798 0.366034 0.000120
0.014961 0.212773 0.255210 0.145581 0.003788 0.367571 0.000117
0.014914 0.213820 0.254842 0.145261 0.003775 0.367278 0.000110
0.015115 0.211820 0.254518 0.144927 0.003812 0.369691 0.000117
0.014934 0.212207 0.254746 0.144940 0.003806 0.369256 0.000111
0.015228 0.211012 0.254658 0.144918 0.003791 0.370270 0.000124
0.015107 0.210605 0.254277 0.144781 0.003775 0.371331 0.000124
0.014816 0.210243 0.254362 0.144746 0.003792 0.371922 0.000120
0.015083 0.209542 0.254043 0.144367 0.003749 0.373091 0.000124
0.014832 0.209280 0.253949 0.144470 0.003863 0.373485 0.000122
0.015291 0.206411 0.253460 0.143974 0.003873 0.376867 0.000124
0.015317 0.206044 0.253168 0.144064 0.003828 0.377452 0.000127
0.015119 0.206238 0.253490 0.143859 0.003839 0.377323 0.000131
0.015402 0.205669 0.252923 0.143773 0.003813 0.378290 0.000130
0.015226 0.204773 0.252981 0.143511 0.003910 0.379468 0.000131
0.015392 0.203633 0.252422 0.143518 0.003830 0.381075 0.000131
0.015140 0.204531 0.252576 0.143813 0.003808 0.380004 0.000129
0.015459 0.202273 0.252203 0.143515 0.003918 0.382508 0.000124
0.015282 0.202760 0.251864 0.143334 0.003894 0.382741 0.000124
0.015263 0.201711 0.251969 0.143549 0.003916 0.383459 0.000133
0.015596 0.201416 0.251408 0.143084 0.003931 0.384438 0.000126
0.015541 0.200528 0.251711 0.142784 0.003931 0.385370 0.000134
0.015451 0.200549 0.251147 0.143008 0.003931 0.385775 0.000138
0.015391 0.199006 0.251320 0.142607 0.003997 0.387544 0.000134
0.015417 0.198985 0.250970 0.142346 0.003927 0.388212 0.000143
0.015628 0.197430 0.249999 0.142425 0.003988 0.390384 0.000147
0.015613 0.197125 0.250238 0.141947 0.004016 0.390923 0.000138
0.015701 0.197049 0.250050 0.142033 0.003978 0.391052 0.000137
0.015670 0.195682 0.249384 0.141812 0.003987 0.393316 0.000149
0.015777 0.194562 0.249118 0.141716 0.003962 0.394730 0.000134
0.015713 0.195088 0.249232 0.141429 0.003958 0.394439 0.000140
0.015860 0.194212 0.248972 0.141528 0.003975 0.395304 0.000149
0.016041 0.193420 0.249102 0.141160 0.003994 0.396135 0.000147
0.016002 0.193734 0.248871 0.141053 0.003994 0.396197 0.000148
0.015744 0.192848 0.248612 0.141206 0.003987 0.397455 0.000148
0.015825 0.192566 0.248301 0.141207 0.004013 0.397945 0.000143
0.015929 0.191357 0.248397 0.140859 0.004059 0.399254 0.000144
0.016035 0.190427 0.248146 0.140690 0.004069 0.400489 0.000144
0.015930 0.190734 0.247974 0.140617 0.004014 0.400590 0.000140
0.016049 0.189591 0.247782 0.140600 0.004066 0.401770 0.000141
0.016189 0.189177 0.247221 0.140359 0.004038 0.402882 0.000134
0.015923 0.188802 0.246527 0.140329 0.004103 0.404171 0.000145
0.016102 0.188349 0.246496 0.140196 0.004068 0.404647 0.000143
0.016170 0.188166 0.246620 0.139928 0.004074 0.404906 0.000135
0.016218 0.186734 0.246035 0.139900 0.004054 0.406913 0.000145
0.016372 0.187023 0.245780 0.139956 0.004086 0.406640 0.000142
0.016528 0.185069 0.245407 0.139372 0.004115 0.409366 0.000142
0.016330 0.185497 0.245592 0.139745 0.004074 0.408616 0.000146
0.016356 0.184111 0.245251 0.139156 0.004100 0.410881 0.000146
0.016480 0.183567 0.245117 0.139325 0.004136 0.411234 0.000143
0.016352 0.183531 0.245193 0.138870 0.004129 0.411782 0.000143
0.016621 0.183033 0.244700 0.138791 0.004156 0.412545 0.000153
0.016341 0.182740 0.244515 0.138385 0.004153 0.413714 0.000151
0.016492 0.182300 0.244289 0.138580 0.004138 0.414051 0.000150
0.016456 0.181829 0.243629 0.138531 0.004169 0.415241 0.000145
0.016455 0.181574 0.243465 0.138688 0.004159 0.415501 0.000158
0.016538 0.180053 0.243301 0.137976 0.004177 0.417801 0.000154
0.016697 0.180231 0.243144 0.138144 0.004219 0.417415 0.000150
0.016682 0.178786 0.243070 0.137617 0.004167 0.419528 0.000150
0.016846 0.178192 0.242531 0.137834 0.004190 0.420252 0.000156
0.016705 0.177847 0.242045 0.137779 0.004208 0.421268 0.000149
0.016703 0.178329 0.242007 0.137461 0.004203 0.421141 0.000156
0.016862 0.177103 0.241923 0.137448 0.004253 0.422255 0.000156
0.016955 0.177127 0.241669 0.137052 0.004208 0.422839 0.000151
0.016948 0.175921 0.241872 0.137196 0.004199 0.423719 0.000145
0.016874 0.175234 0.240960 0.137046 0.004230 0.425509 0.000146
0.016986 0.174767 0.240439 0.136672 0.004266 0.426714 0.000156
0.017018 0.175428 0.240428 0.136332 0.004223 0.426406 0.000165
0.017084 0.173918 0.240067 0.136522 0.004273 0.427971 0.000164
0.016992 0.174095 0.240205 0.136396 0.004217 0.427936 0.000160
0.017027 0.173746 0.239435 0.136342 0.004265 0.429019 0.000165
0.017162 0.173056 0.239331 0.135707 0.004281 0.430294 0.000170
0.017434 0.171931 0.239235 0.135771 0.004315 0.431149 0.000166
0.017068 0.171605 0.239142 0.135539 0.004265 0.432226 0.000155
0.017380 0.171052 0.238915 0.135484 0.004255 0.432752 0.000163
0.017254 0.170968 0.238216 0.135480 0.004314 0.433612 0.000156
0.017419 0.170751 0.237921 0.135078 0.004315 0.434361 0.000154
0.017359 0.170136 0.238367 0.135293 0.004299 0.434390 0.000157
0.017202 0.168505 0.237674 0.135220 0.004297 0.436936 0.000167
0.017358 0.169178 0.237578 0.134663 0.004269 0.436793 0.000161
0.017593 0.168674 0.237386 0.134689 0.004329 0.437170 0.000159
0.017427 0.167500 0.237035 0.134473 0.004322 0.439075 0.000168
0.017449 0.167238 0.236739 0.134355 0.004369 0.439682 0.000169
0.017671 0.167439 0.236571 0.134083 0.004317 0.439757 0.000162
0.017431 0.166592 0.236275 0.134057 0.004385 0.441094 0.000166
0.017527 0.166160 0.235743 0.133998 0.004357 0.442051 0.000164
0.017587 0.166009 0.235851 0.133854 0.004383 0.442148 0.000169
0.017638 0.164557 0.235505 0.133342 0.004370 0.444416 0.000171
0.017856 0.164547 0.234963 0.133394 0.004380 0.444701 0.000159
0.017645 0.163998 0.234872 0.133449 0.004412 0.445451 0.000172
0.017836 0.163808 0.234558 0.133184 0.004374 0.446073 0.000168
0.018018 0.162631 0.234397 0.133336 0.004355 0.447090 0.000172
0.017836 0.163348 0.234019 0.132958 0.004326 0.447324 0.000189
0.017931 0.161759 0.233827 0.132387 0.004360 0.449555 0.000180
0.018041 0.161179 0.233680 0.132403 0.004442 0.450073 0.000183
0.017790 0.161838 0.233055 0.132664 0.004424 0.450044 0.000186
0.018222 0.161084 0.232695 0.132168 0.004405 0.451238 0.000187
0.018136 0.160081 0.232506 0.132167 0.004495 0.452436 0.000178
0.018042 0.159723 0.232580 0.131986 0.004431 0.453057 0.000180
0.018169 0.159685 0.231738 0.131672 0.004436 0.454122 0.000177
0.018437 0.160056 0.231745 0.131746 0.004512 0.453321 0.000183
0.018614 0.159439 0.231914 0.131537 0.004494 0.453808 0.000194
0.018502 0.157998 0.231357 0.131417 0.004465 0.456069 0.000193
0.018368 0.158095 0.231232 0.131231 0.004440 0.456456 0.000178
0.018140 0.158109 0.231184 0.131378 0.004462 0.456541 0.000186
0.018636 0.156887 0.231065 0.130615 0.004428 0.458182 0.000186
0.018408 0.156430 0.230802 0.130836 0.004465 0.458870 0.000189
0.018407 0.156091 0.230247 0.130520 0.004501 0.460029 0.000205
0.018663 0.155601 0.229953 0.130123 0.004478 0.460990 0.000193
0.018961 0.154040 0.229764 0.130216 0.004511 0.462318 0.000190
0.018809 0.154318 0.229358 0.130215 0.004505 0.462605 0.000190
0.018877 0.154020 0.228884 0.130064 0.004501 0.463464 0.000190
0.018965 0.154370 0.229292 0.129812 0.004511 0.462860 0.000190
0.018714 0.154101 0.228739 0.129467 0.004521 0.464268 0.000190
0.018705 0.153308 0.228370 0.129837 0.004513 0.465068 0.000198
0.018929 0.152402 0.228208 0.129075 0.004530 0.466652 0.000202
0.018914 0.152987 0.228093 0.128908 0.004497 0.466406 0.000195
0.019041 0.152226 0.227786 0.129080 0.004601 0.467072 0.000194
0.018861 0.151785 0.227579 0.129074 0.004565 0.467931 0.000206
0.018829 0.151076 0.227129 0.128826 0.004556 0.469371 0.000213
0.019066 0.151300 0.227038 0.128567 0.004508 0.469329 0.000192
0.019015 0.150882 0.227031 0.129057 0.004540 0.469273 0.000203
0.019173 0.150572 0.226910 0.128515 0.004583 0.470061 0.000186
0.019390 0.149572 0.226151 0.127877 0.004584 0.472232 0.000195
0.019464 0.148362 0.225169 0.128085 0.004626 0.474091 0.000203
0.019382 0.148664 0.225271 0.127810 0.004608 0.474061 0.000204
0.019596 0.148343 0.225079 0.127482 0.004595 0.474696 0.000209
0.019437 0.148760 0.224993 0.127746 0.004559 0.474291 0.000214
0.019758 0.147183 0.224253 0.127425 0.004658 0.476517 0.000205
0.019712 0.147766 0.223905 0.127171 0.004632 0.476616 0.000198
0.019562 0.147725 0.224623 0.127336 0.004626 0.475920 0.000208
0.019524 0.147366 0.223975 0.127013 0.004645 0.477265 0.000211
0.019965 0.145856 0.223980 0.126726 0.004648 0.478628 0.000197
0.019757 0.146865 0.223837 0.126953 0.004659 0.477720 0.000208
0.019863 0.145804 0.223318 0.126505 0.004615 0.479692 0.000203
0.019889 0.145698 0.222926 0.126661 0.004662 0.479951 0.000211
0.019615 0.145512 0.222452 0.126213 0.004704 0.481305 0.000199
0.019812 0.144798 0.222475 0.126033 0.004662 0.482011 0.000209
0.020138 0.144148 0.221785 0.125798 0.004632 0.483284 0.000215
0.019908 0.143657 0.222003 0.125908 0.004677 0.483638 0.000209
0.020201 0.143112 0.221108 0.125685 0.004702 0.484988 0.000205
0.020047 0.143056 0.221270 0.125531 0.004715 0.485167 0.000213
0.020053 0.142752 0.220784 0.125187 0.004667 0.486339 0.000218
0.020024 0.142620 0.220424 0.125261 0.004675 0.486789 0.000208
0.020251 0.141498 0.220217 0.124782 0.004693 0.488333 0.000225
0.020301 0.141622 0.219687 0.124826 0.004673 0.488670 0.000221
0.020233 0.140656 0.219395 0.124674 0.004692 0.490136 0.000214
