0.999118 0.000851 0.000019 0.000012 0.000000 0.000000 0.000000
0.998684 0.001269 0.000021 0.000010 0.000001 0.000015 0.000000
0.998222 0.001722 0.000029 0.000011 0.000000 0.000017 0.000000
0.997756 0.002179 0.000036 0.000013 0.000000 0.000017 0.000000
0.997320 0.002600 0.000043 0.000018 0.000000 0.000018 0.000000
0.996697 0.003209 0.000052 0.000025 0.000000 0.000017 0.000000
0.996247 0.003651 0.000058 0.000026 0.000000 0.000018 0.000000
0.995557 0.004324 0.000070 0.000032 0.000000 0.000017 0.000000
0.994778 0.005095 0.000077 0.000034 0.000000 0.000016 0.000000
0.993577 0.006270 0.000085 0.000053 0.000000 0.000015 0.000000
0.992252 0.007587 0.000091 0.000056 0.000000 0.000014 0.000000
0.990530 0.009286 0.000107 0.000064 0.000000 0.000013 0.000000
0.988485 0.011294 0.000127 0.000083 0.000000 0.000011 0.000000
0.986890 0.012842 0.000154 0.000103 0.000000 0.000011 0.000000
0.983655 0.016018 0.000194 0.000122 0.000000 0.000011 0.000000
0.980080 0.019508 0.000242 0.000160 0.000000 0.000010 0.000000
0.975822 0.023684 0.000284 0.000200 0.000000 0.000009 0.000000
0.971829 0.027619 0.000338 0.000206 0.000000 0.000009 0.000000
0.966931 0.032428 0.000368 0.000264 0.000000 0.000009 0.000000
0.960430 0.038811 0.000410 0.000338 0.000000 0.000012 0.000000
0.954006 0.045117 0.000503 0.000361 0.000000 0.000013 0.000000
0.947834 0.051135 0.000580 0.000435 0.000000 0.000016 0.000000
0.940363 0.058460 0.000659 0.000499 0.000000 0.000018 0.000000
0.931122 0.067501 0.000769 0.000591 0.000000 0.000017 0.000000
0.924199 0.074270 0.000890 0.000626 0.000000 0.000016 0.000000
0.913340 0.084841 0.001098 0.000698 0.000000 0.000023 0.000000
0.902186 0.095682 0.001277 0.000821 0.000000 0.000034 0.000000
0.890574 0.106951 0.001498 0.000946 0.000000 0.000031 0.000000
0.880132 0.117069 0.001719 0.001041 0.000000 0.000039 0.000000
0.865354 0.131397 0.001998 0.001208 0.000000 0.000044 0.000000
0.853798 0.142550 0.002231 0.001374 0.000000 0.000046 0.000000
0.840060 0.155796 0.002558 0.001532 0.000000 0.000053 0.000000
0.827493 0.168008 0.002764 0.001673 0.000000 0.000062 0.000000
0.812740 0.182263 0.003065 0.001853 0.000001 0.000078 0.000000
0.794962 0.199374 0.003484 0.002084 0.000002 0.000094 0.000000
0.780802 0.212923 0.003884 0.002282 0.000002 0.000107 0.000000
0.766449 0.226712 0.004250 0.002464 0.000002 0.000123 0.000000
0.750564 0.241927 0.004695 0.002677 0.000002 0.000135 0.000000
0.734403 0.257380 0.005118 0.002946 0.000001 0.000151 0.000000
0.717869 0.273094 0.005658 0.003207 0.000002 0.000170 0.000000
0.703710 0.286519 0.006150 0.003436 0.000002 0.000184 0.000000
0.687178 0.302212 0.006673 0.003733 0.000002 0.000202 0.000000
0.671270 0.317232 0.007253 0.004029 0.000003 0.000213 0.000000
0.654347 0.333250 0.007830 0.004335 0.000003 0.000236 0.000000
0.639027 0.347588 0.008417 0.004695 0.000003 0.000271 0.000000
0.623222 0.362427 0.008990 0.005057 0.000003 0.000301 0.000000
0.610856 0.373857 0.009568 0.005378 0.000002 0.000339 0.000000
0.593966 0.389650 0.010281 0.005731 0.000003 0.000369 0.000000
0.580604 0.402032 0.010880 0.006088 0.000003 0.000393 0.000000
0.566609 0.414932 0.011549 0.006468 0.000002 0.000441 0.000000
0.551048 0.429191 0.012333 0.006939 0.000003 0.000486 0.000000
0.539662 0.439522 0.013008 0.007271 0.000004 0.000533 0.000000
0.524486 0.453270 0.013889 0.007765 0.000005 0.000585 0.000000
0.514570 0.462180 0.014476 0.008134 0.000009 0.000631 0.000000
0.501991 0.473483 0.015295 0.008547 0.000009 0.000674 0.000000
0.488881 0.485111 0.016233 0.009037 0.000011 0.000727 0.000000
0.478679 0.494134 0.016933 0.009460 0.000011 0.000784 0.000000
0.467403 0.504074 0.017789 0.009875 0.000011 0.000849 0.000000
0.459521 0.510880 0.018395 0.010296 0.000012 0.000897 0.000000
0.444333 0.524174 0.019561 0.010935 0.000012 0.000985 0.000000
0.436232 0.531059 0.020326 0.011342 0.000013 0.001028 0.000000
0.428074 0.537765 0.021194 0.011848 0.000013 0.001106 0.000000
0.419175 0.545442 0.021944 0.012273 0.000013 0.001152 0.000000
0.411057 0.552054 0.022808 0.012829 0.000014 0.001237 0.000000
0.402448 0.559155 0.023700 0.013369 0.000013 0.001316 0.000000
0.392468 0.567512 0.024643 0.013942 0.000016 0.001420 0.000000
0.385299 0.572981 0.025675 0.014511 0.000015 0.001518 0.000001
0.376128 0.580506 0.026606 0.015117 0.000016 0.001626 0.000001
0.369600 0.585415 0.027578 0.015681 0.000018 0.001708 0.000001
0.364768 0.588914 0.028346 0.016173 0.000020 0.001778 0.000001
0.354948 0.596546 0.029708 0.016883 0.000021 0.001894 0.000001
0.351297 0.598985 0.030442 0.017296 0.000022 0.001957 0.000001
0.346951 0.601888 0.031292 0.017794 0.000025 0.002050 0.000001
0.338928 0.607987 0.032406 0.018494 0.000028 0.002156 0.000001
0.327352 0.616998 0.033983 0.019297 0.000030 0.002340 0.000001
0.323838 0.619230 0.034761 0.019687 0.000030 0.002453 0.000001
0.320087 0.621359 0.035744 0.020203 0.000033 0.002574 0.000001
0.313628 0.625734 0.036949 0.020907 0.000030 0.002752 0.000000
0.307225 0.630545 0.037953 0.021421 0.000033 0.002822 0.000000
0.302148 0.633425 0.039213 0.022168 0.000033 0.003012 0.000001
0.297256 0.636612 0.040207 0.022715 0.000037 0.003172 0.000001
0.293324 0.638707 0.041262 0.023393 0.000037 0.003276 0.000001
0.287558 0.642769 0.042352 0.023893 0.000037 0.003390 0.000001
0.283649 0.644792 0.043382 0.024538 0.000039 0.003600 0.000001
0.284853 0.642283 0.044044 0.025053 0.000039 0.003728 0.000000
0.282487 0.643021 0.045014 0.025532 0.000040 0.003904 0.000001
0.278053 0.645509 0.046157 0.026185 0.000042 0.004054 0.000001
0.279439 0.643189 0.046598 0.026531 0.000044 0.004198 0.000000
0.272534 0.647095 0.048341 0.027531 0.000046 0.004453 0.000001
0.273539 0.644811 0.049063 0.027910 0.000048 0.004628 0.000001
0.265249 0.650696 0.050546 0.028638 0.000050 0.004820 0.000001
0.265096 0.648831 0.051571 0.029383 0.000052 0.005067 0.000001
0.262778 0.649916 0.052246 0.029808 0.000047 0.005204 0.000001
0.260856 0.650067 0.053274 0.030366 0.000053 0.005382 0.000001
0.258142 0.651629 0.053925 0.030740 0.000054 0.005508 0.000001
0.254886 0.652942 0.055058 0.031351 0.000058 0.005704 0.000001
0.241265 0.663413 0.056832 0.032423 0.000065 0.006000 0.000002
0.242778 0.660506 0.057652 0.032794 0.000065 0.006203 0.000002
0.238099 0.663386 0.058694 0.033371 0.000071 0.006378 0.000001
0.225352 0.671959 0.061027 0.034778 0.000074 0.006809 0.000002
0.220754 0.674013 0.062456 0.035600 0.000077 0.007098 0.000001
0.213978 0.678259 0.063953 0.036348 0.000076 0.007386 0.000001
0.208452 0.680990 0.065521 0.037290 0.000086 0.007661 0.000001
0.204109 0.683123 0.066699 0.038046 0.000089 0.007931 0.000001
0.192654 0.690061 0.069281 0.039535 0.000093 0.008375 0.000001
0.192646 0.689184 0.069732 0.039837 0.000096 0.008503 0.000001
0.187632 0.692301 0.070771 0.040443 0.000101 0.008751 0.000001
0.178834 0.696724 0.073321 0.041786 0.000104 0.009230 0.000001
0.170667 0.701431 0.075200 0.042946 0.000108 0.009647 0.000001
0.166995 0.701993 0.077043 0.043821 0.000107 0.010041 0.000001
0.158422 0.707566 0.078658 0.044887 0.000117 0.010349 0.000002
0.151961 0.710045 0.080934 0.046056 0.000116 0.010886 0.000002
0.145363 0.713195 0.082680 0.047318 0.000128 0.011315 0.000001
0.139711 0.715746 0.084476 0.048169 0.000132 0.011765 0.000001
0.140357 0.712823 0.085763 0.048756 0.000137 0.012162 0.000001
0.130500 0.718884 0.087822 0.050006 0.000137 0.012648 0.000001
0.125820 0.719970 0.089862 0.051075 0.000145 0.013126 0.000001
0.120572 0.722061 0.091622 0.052091 0.000140 0.013512 0.000001
0.114638 0.724573 0.093435 0.053168 0.000153 0.014032 0.000002
0.112977 0.723371 0.094985 0.053963 0.000161 0.014542 0.000001
0.104881 0.725932 0.098084 0.055624 0.000176 0.015302 0.000002
0.101158 0.726170 0.099905 0.056796 0.000179 0.015791 0.000002
0.099068 0.725847 0.101287 0.057490 0.000182 0.016126 0.000001
0.097869 0.724757 0.102437 0.058235 0.000193 0.016507 0.000002
0.092069 0.725476 0.105254 0.059813 0.000193 0.017193 0.000001
0.091460 0.722300 0.107212 0.061014 0.000207 0.017806 0.000001
0.090669 0.721381 0.108229 0.061388 0.000201 0.018131 0.000002
0.087322 0.721279 0.110110 0.062427 0.000218 0.018641 0.000002
0.084525 0.719353 0.112473 0.063902 0.000228 0.019517 0.000002
0.082986 0.718030 0.113923 0.064735 0.000239 0.020086 0.000001
0.080500 0.716577 0.116180 0.065910 0.000242 0.020590 0.000002
0.079005 0.715282 0.117596 0.066788 0.000257 0.021070 0.000002
0.078127 0.713805 0.118803 0.067401 0.000254 0.021607 0.000002
0.079458 0.710407 0.119872 0.067994 0.000261 0.022008 0.000001
0.074999 0.710546 0.122245 0.069175 0.000283 0.022750 0.000002
0.070998 0.710217 0.124230 0.070712 0.000293 0.023550 0.000001
0.070417 0.709144 0.125180 0.070979 0.000305 0.023974 0.000002
0.069631 0.706613 0.126959 0.071898 0.000297 0.024600 0.000002
0.068426 0.704562 0.128610 0.072783 0.000320 0.025297 0.000002
0.067269 0.704486 0.129117 0.073126 0.000320 0.025681 0.000002
0.064587 0.704330 0.130756 0.073772 0.000329 0.026225 0.000001
0.062026 0.703047 0.132637 0.074979 0.000344 0.026965 0.000002
0.059470 0.702578 0.134105 0.075973 0.000346 0.027525 0.000003
0.055608 0.700336 0.137160 0.077731 0.000364 0.028798 0.000003
0.054626 0.699699 0.138068 0.078120 0.000360 0.029124 0.000003
0.053922 0.697790 0.139241 0.078939 0.000369 0.029735 0.000003
0.052827 0.697560 0.139960 0.079384 0.000378 0.029888 0.000002
0.054073 0.692455 0.141830 0.080429 0.000391 0.030820 0.000002
0.054393 0.689652 0.143163 0.080931 0.000392 0.031467 0.000002
0.053562 0.686063 0.145143 0.082411 0.000390 0.032428 0.000004
0.052402 0.684588 0.146486 0.083055 0.000408 0.033056 0.000004
0.052395 0.682060 0.147599 0.083779 0.000420 0.033744 0.000003
0.048992 0.682488 0.149181 0.084487 0.000429 0.034421 0.000003
0.052892 0.677780 0.149487 0.084723 0.000413 0.034701 0.000004
0.049584 0.674597 0.152541 0.086622 0.000443 0.036210 0.000003
0.049361 0.673784 0.153015 0.086728 0.000433 0.036675 0.000003
0.051839 0.672562 0.152171 0.086425 0.000443 0.036556 0.000004
0.047687 0.671341 0.154862 0.087990 0.000452 0.037665 0.000003
0.047246 0.667070 0.157337 0.088968 0.000462 0.038913 0.000004
0.044830 0.666618 0.158671 0.089850 0.000476 0.039552 0.000004
0.045916 0.665506 0.158527 0.089766 0.000481 0.039801 0.000003
0.042436 0.664392 0.160859 0.091026 0.000493 0.040790 0.000004
0.040094 0.661999 0.163139 0.092277 0.000515 0.041973 0.000003
0.040250 0.660952 0.163496 0.092537 0.000522 0.042242 0.000002
0.039112 0.659818 0.164446 0.093111 0.000529 0.042980 0.000004
0.039633 0.656801 0.165695 0.093712 0.000534 0.043623 0.000003
0.037568 0.655005 0.167479 0.094870 0.000541 0.044533 0.000004
0.037271 0.654106 0.167996 0.095145 0.000540 0.044937 0.000005
0.034744 0.652250 0.170119 0.096342 0.000557 0.045983 0.000005
0.034765 0.648371 0.171934 0.097235 0.000559 0.047131 0.000004
0.033194 0.647131 0.173295 0.098046 0.000570 0.047760 0.000004
0.036818 0.643370 0.173019 0.098066 0.000588 0.048134 0.000005
0.039165 0.639423 0.173839 0.098251 0.000573 0.048743 0.000005
0.040481 0.635150 0.175121 0.098865 0.000601 0.049777 0.000005
0.038718 0.634284 0.176327 0.099634 0.000614 0.050417 0.000007
0.041338 0.631115 0.176305 0.099846 0.000608 0.050783 0.000006
0.048259 0.625152 0.175732 0.099330 0.000604 0.050919 0.000005
0.046513 0.622484 0.177684 0.100307 0.000609 0.052397 0.000005
0.052275 0.617414 0.176941 0.100194 0.000619 0.052552 0.000005
0.047889 0.616546 0.179232 0.101727 0.000636 0.053963 0.000006
0.044452 0.618677 0.179989 0.102164 0.000634 0.054079 0.000005
0.042526 0.615454 0.182388 0.103433 0.000658 0.055536 0.000006
0.047903 0.611591 0.181321 0.102748 0.000660 0.055772 0.000005
0.043656 0.612657 0.182830 0.103745 0.000674 0.056433 0.000006
0.044070 0.609804 0.183962 0.104223 0.000685 0.057248 0.000007
0.043794 0.606923 0.185264 0.104936 0.000692 0.058385 0.000007
0.047232 0.605589 0.184042 0.104275 0.000692 0.058161 0.000009
0.041195 0.604919 0.187192 0.106066 0.000704 0.059918 0.000007
0.040671 0.602750 0.188258 0.106744 0.000731 0.060841 0.000006
0.040111 0.601507 0.189155 0.107071 0.000743 0.061405 0.000007
0.040194 0.600493 0.189386 0.107246 0.000733 0.061941 0.000007
0.037123 0.598644 0.191487 0.108694 0.000768 0.063277 0.000006
0.037811 0.597426 0.191843 0.108551 0.000774 0.063588 0.000006
0.036363 0.596718 0.192844 0.108919 0.000768 0.064380 0.000008
0.035185 0.595038 0.193789 0.109864 0.000776 0.065339 0.000008
0.033255 0.593781 0.195202 0.110564 0.000795 0.066396 0.000007
0.030500 0.591266 0.197552 0.111774 0.000806 0.068095 0.000007
0.030774 0.590234 0.197638 0.111820 0.000829 0.068698 0.000007
0.029458 0.588857 0.198936 0.112744 0.000830 0.069168 0.000008
0.028778 0.588010 0.199435 0.112944 0.000852 0.069973 0.000008
0.026878 0.583542 0.202088 0.114632 0.000856 0.071996 0.000008
0.025272 0.583302 0.203196 0.114868 0.000881 0.072474 0.000007
0.026200 0.582134 0.203026 0.114937 0.000871 0.072825 0.000007
0.025423 0.579936 0.204223 0.115436 0.000884 0.074090 0.000007
0.025451 0.579150 0.204281 0.115802 0.000867 0.074441 0.000009
0.023591 0.574626 0.206937 0.117321 0.000907 0.076611 0.000008
0.022720 0.573221 0.207883 0.117843 0.000928 0.077396 0.000008
0.022273 0.571393 0.208808 0.118380 0.000920 0.078220 0.000006
0.023446 0.571351 0.207792 0.117973 0.000920 0.078512 0.000006
0.022598 0.568302 0.209634 0.118710 0.000950 0.079799 0.000007
0.022436 0.566441 0.210625 0.119119 0.000971 0.080402 0.000006
0.021049 0.563955 0.212049 0.120313 0.000980 0.081647 0.000007
0.021123 0.561896 0.212714 0.120638 0.000987 0.082635 0.000006
0.020900 0.560572 0.213325 0.120982 0.000993 0.083219 0.000009
0.020233 0.558859 0.214171 0.121537 0.000983 0.084210 0.000007
0.020356 0.555944 0.215305 0.121839 0.001010 0.085536 0.000009
0.020441 0.553447 0.216175 0.122545 0.001059 0.086324 0.000009
0.019462 0.550612 0.217759 0.123442 0.001034 0.087682 0.000008
0.019791 0.550253 0.217494 0.123281 0.001032 0.088142 0.000008
0.019103 0.547290 0.218831 0.124081 0.001061 0.089627 0.000008
0.018920 0.544730 0.219990 0.124705 0.001066 0.090583 0.000008
0.019036 0.542220 0.220855 0.125132 0.001071 0.091677 0.000008
0.018524 0.540729 0.221478 0.125661 0.001088 0.092513 0.000008
0.018564 0.540337 0.221684 0.125535 0.001081 0.092790 0.000008
0.018063 0.537747 0.222696 0.126261 0.001078 0.094146 0.000008
0.018521 0.536682 0.222906 0.126421 0.001090 0.094371 0.000009
0.018316 0.534581 0.223536 0.126551 0.001106 0.095899 0.000010
0.017918 0.533272 0.224221 0.127104 0.001104 0.096372 0.000009
0.017711 0.529753 0.225613 0.127619 0.001136 0.098159 0.000008
0.017686 0.526871 0.226386 0.128291 0.001156 0.099600 0.000011
0.017672 0.526589 0.226806 0.128336 0.001143 0.099444 0.000010
0.017433 0.523795 0.227657 0.128814 0.001149 0.101145 0.000008
0.017276 0.520423 0.229149 0.129578 0.001171 0.102395 0.000008
0.017201 0.518906 0.229589 0.129949 0.001187 0.103158 0.000009
0.017167 0.517880 0.229708 0.130076 0.001203 0.103958 0.000008
0.017326 0.517492 0.229868 0.129992 0.001190 0.104123 0.000010
0.017026 0.514433 0.230820 0.130873 0.001203 0.105637 0.000008
0.016924 0.512528 0.231292 0.131120 0.001240 0.106889 0.000008
0.016987 0.510691 0.232017 0.131568 0.001238 0.107490 0.000010
0.016699 0.507770 0.233240 0.132089 0.001252 0.108940 0.000009
0.016565 0.504889 0.234271 0.132685 0.001274 0.110307 0.000008
0.016863 0.505431 0.233536 0.132464 0.001276 0.110419 0.000011
0.016421 0.502724 0.234805 0.132957 0.001284 0.111798 0.000011
0.016367 0.499738 0.235692 0.133637 0.001299 0.113255 0.000012
0.016501 0.499442 0.235847 0.133407 0.001328 0.113466 0.000010
0.016428 0.498590 0.236005 0.133617 0.001304 0.114044 0.000011
0.016086 0.496139 0.236819 0.134157 0.001336 0.115452 0.000011
0.016437 0.494973 0.236675 0.134157 0.001361 0.116387 0.000009
0.016109 0.491612 0.238200 0.134801 0.001354 0.117913 0.000011
0.016252 0.490733 0.238404 0.135010 0.001352 0.118240 0.000010
0.015987 0.488568 0.238946 0.135255 0.001361 0.119872 0.000012
0.015862 0.485757 0.240101 0.135903 0.001384 0.120983 0.000011
0.015978 0.484373 0.240393 0.135925 0.001413 0.121908 0.000011
0.015933 0.483030 0.240663 0.136283 0.001401 0.122679 0.000011
0.015622 0.480161 0.241597 0.136800 0.001437 0.124371 0.000014
0.018903 0.476999 0.241487 0.136335 0.001417 0.124849 0.000010
0.026553 0.472064 0.239873 0.135543 0.001415 0.124542 0.000011
0.026246 0.472083 0.239823 0.135434 0.001440 0.124965 0.000010
0.026627 0.468462 0.240733 0.136021 0.001469 0.126676 0.000012
0.025232 0.468264 0.240963 0.136438 0.001460 0.127632 0.000012
0.026959 0.465979 0.240956 0.136213 0.001493 0.128388 0.000012
0.026571 0.464126 0.241888 0.136645 0.001471 0.129288 0.000011
0.023004 0.464254 0.243127 0.137315 0.001504 0.130784 0.000012
0.028994 0.461333 0.241317 0.136538 0.001508 0.130296 0.000014
0.029083 0.459852 0.241272 0.136651 0.001530 0.131600 0.000012
0.029950 0.457232 0.242155 0.136726 0.001549 0.132378 0.000010
0.028184 0.457881 0.242471 0.136907 0.001536 0.133009 0.000011
0.025610 0.455649 0.243930 0.138058 0.001578 0.135162 0.000013
0.026480 0.454547 0.243985 0.137714 0.001583 0.135681 0.000010
0.026547 0.453501 0.243782 0.137797 0.001584 0.136778 0.000010
0.023835 0.453127 0.244923 0.138658 0.001609 0.137835 0.000012
0.022295 0.452096 0.246009 0.139004 0.001613 0.138972 0.000012
0.021301 0.450134 0.246971 0.139377 0.001642 0.140563 0.000013
0.023139 0.448818 0.246421 0.139019 0.001631 0.140962 0.000010
0.020024 0.448138 0.247824 0.140012 0.001634 0.142358 0.000011
0.019230 0.445591 0.248570 0.140735 0.001680 0.144180 0.000013
0.020818 0.445725 0.247802 0.139966 0.001643 0.144036 0.000010
0.019709 0.443540 0.249007 0.140945 0.001665 0.145122 0.000013
0.020434 0.442078 0.248685 0.140806 0.001668 0.146317 0.000012
0.018364 0.440124 0.250392 0.141666 0.001682 0.147758 0.000014
0.018413 0.439462 0.250249 0.141813 0.001695 0.148355 0.000013
0.018236 0.437342 0.251272 0.141784 0.001683 0.149671 0.000011
0.017744 0.434886 0.251710 0.142386 0.001728 0.151532 0.000013
0.017282 0.433281 0.252259 0.142909 0.001702 0.152556 0.000012
0.017751 0.432667 0.252013 0.142494 0.001765 0.153297 0.000013
0.016601 0.431066 0.253013 0.143185 0.001747 0.154375 0.000013
0.016558 0.429873 0.253289 0.143071 0.001763 0.155433 0.000014
0.015643 0.426702 0.254732 0.143908 0.001772 0.157229 0.000014
0.017440 0.427392 0.253250 0.143126 0.001798 0.156983 0.000011
0.015951 0.425204 0.254627 0.144014 0.001786 0.158401 0.000017
0.015697 0.422848 0.255174 0.144247 0.001812 0.160208 0.000015
0.015577 0.421021 0.255653 0.144623 0.001827 0.161285 0.000014
0.015715 0.420082 0.255701 0.144434 0.001813 0.162240 0.000014
0.015833 0.418356 0.256023 0.144957 0.001830 0.162982 0.000018
0.015903 0.417959 0.255646 0.144912 0.001853 0.163708 0.000018
0.015070 0.415519 0.256835 0.145353 0.001869 0.165335 0.000018
0.014948 0.414996 0.256865 0.145626 0.001870 0.165676 0.000019
0.015317 0.413345 0.256893 0.145220 0.001871 0.167334 0.000020
0.015264 0.410941 0.257551 0.145740 0.001917 0.168571 0.000016
0.015569 0.410959 0.257137 0.145627 0.001903 0.168791 0.000014
0.014693 0.408725 0.258274 0.146003 0.001903 0.170383 0.000019
0.014924 0.405804 0.258617 0.146383 0.001967 0.172284 0.000021
0.014662 0.404077 0.259186 0.146689 0.001965 0.173401 0.000019
0.014523 0.403002 0.259434 0.146933 0.001957 0.174131 0.000020
0.014794 0.401700 0.259771 0.146754 0.001937 0.175025 0.000019
0.014730 0.399572 0.259688 0.147230 0.001988 0.176769 0.000023
0.014650 0.399283 0.260056 0.147020 0.001965 0.177007 0.000020
0.014441 0.397175 0.260307 0.147461 0.002017 0.178574 0.000025
0.014887 0.397035 0.259574 0.147143 0.002021 0.179318 0.000020
0.014875 0.394442 0.260362 0.147685 0.002045 0.180568 0.000022
0.014422 0.392071 0.261294 0.147798 0.002030 0.182362 0.000023
0.014365 0.389684 0.261814 0.148163 0.002067 0.183882 0.000024
0.014559 0.390514 0.261090 0.148102 0.002069 0.183642 0.000023
0.014693 0.389609 0.261367 0.148136 0.002083 0.184090 0.000022
0.014550 0.387375 0.261545 0.148533 0.002090 0.185882 0.000024
0.014222 0.384838 0.262233 0.148812 0.002127 0.187743 0.000025
0.014442 0.384418 0.262274 0.148710 0.002071 0.188061 0.000024
0.014243 0.381184 0.262782 0.149172 0.002123 0.190470 0.000026
0.014521 0.381977 0.262384 0.149112 0.002135 0.189847 0.000024
0.014415 0.380912 0.262906 0.149063 0.002133 0.190548 0.000023
0.014058 0.377037 0.263567 0.149656 0.002169 0.193487 0.000026
0.014380 0.376946 0.263378 0.149591 0.002168 0.193511 0.000025
0.014382 0.377704 0.263128 0.149099 0.002156 0.193505 0.000025
0.014411 0.375117 0.263672 0.149379 0.002159 0.195234 0.000027
0.013985 0.371564 0.264855 0.149996 0.002169 0.197403 0.000027
0.014161 0.370827 0.264809 0.149903 0.002224 0.198052 0.000025
0.014395 0.370005 0.264578 0.149953 0.002187 0.198857 0.000025
0.014049 0.367611 0.264861 0.150203 0.002227 0.201022 0.000026
0.014108 0.367487 0.264681 0.150387 0.002221 0.201089 0.000027
0.014229 0.365220 0.264909 0.150531 0.002272 0.202809 0.000030
0.014025 0.365257 0.265374 0.150361 0.002260 0.202696 0.000027
0.014057 0.363367 0.265412 0.150487 0.002282 0.204368 0.000028
0.014102 0.361991 0.265802 0.150285 0.002321 0.205471 0.000028
0.014228 0.361340 0.265452 0.150755 0.002287 0.205910 0.000029
0.028026 0.355296 0.261506 0.148210 0.002254 0.204681 0.000028
0.025775 0.353964 0.262480 0.148944 0.002302 0.206509 0.000025
0.028998 0.354049 0.260942 0.147991 0.002267 0.205726 0.000026
0.027267 0.353054 0.261777 0.148478 0.002321 0.207074 0.000029
0.032732 0.351229 0.259850 0.147341 0.002299 0.206519 0.000030
0.029350 0.351542 0.260426 0.148189 0.002271 0.208192 0.000030
0.031446 0.349843 0.259725 0.147556 0.002328 0.209068 0.000034
0.027902 0.349140 0.261012 0.148346 0.002329 0.211241 0.000030
0.028603 0.349673 0.260447 0.147872 0.002368 0.211006 0.000032
0.023818 0.350612 0.261906 0.148851 0.002368 0.212414 0.000030
0.026497 0.349518 0.260811 0.148140 0.002371 0.212633 0.000030
0.025247 0.346211 0.262183 0.148709 0.002351 0.215268 0.000032
0.023777 0.346887 0.262368 0.148802 0.002391 0.215747 0.000027
0.024107 0.343904 0.262451 0.148799 0.002420 0.218283 0.000036
0.023126 0.343812 0.262511 0.149117 0.002463 0.218937 0.000035
0.024272 0.344393 0.261560 0.148190 0.002421 0.219135 0.000029
0.023565 0.343109 0.261987 0.148494 0.002408 0.220401 0.000036
0.022270 0.343319 0.262155 0.148724 0.002479 0.221019 0.000034
0.020858 0.341395 0.263181 0.149069 0.002464 0.222998 0.000035
0.020406 0.342451 0.262866 0.148904 0.002483 0.222860 0.000030
0.018457 0.338015 0.264666 0.150021 0.002495 0.226313 0.000034
0.017909 0.337888 0.264687 0.150129 0.002538 0.226813 0.000036
0.018182 0.337943 0.264030 0.149998 0.002525 0.227283 0.000038
0.017438 0.335471 0.265180 0.150062 0.002552 0.229260 0.000037
0.017083 0.333337 0.264960 0.150611 0.002559 0.231414 0.000036
0.017199 0.332849 0.265206 0.150331 0.002598 0.231781 0.000035
0.017736 0.332990 0.264344 0.150271 0.002605 0.232016 0.000038
0.015998 0.328933 0.266213 0.151223 0.002629 0.234965 0.000038
0.016744 0.329786 0.265499 0.150447 0.002607 0.234882 0.000035
0.015955 0.327399 0.266092 0.150986 0.002641 0.236885 0.000042
0.015881 0.325908 0.266212 0.150935 0.002655 0.238369 0.000040
0.015494 0.326139 0.266046 0.151506 0.002640 0.238127 0.000048
0.015603 0.324118 0.266484 0.151291 0.002686 0.239778 0.000041
0.014853 0.322268 0.267110 0.151672 0.002662 0.241394 0.000041
0.015743 0.322895 0.266020 0.151092 0.002676 0.241526 0.000047
0.015101 0.319093 0.267072 0.151680 0.002665 0.244346 0.000043
0.015304 0.320198 0.266480 0.151285 0.002717 0.243969 0.000047
0.015044 0.318069 0.266883 0.151432 0.002707 0.245818 0.000046
0.015636 0.317999 0.266147 0.151278 0.002710 0.246184 0.000047
0.014988 0.315864 0.267133 0.151278 0.002709 0.247980 0.000047
0.014917 0.313527 0.267311 0.151928 0.002731 0.249535 0.000050
0.014892 0.313764 0.266693 0.151779 0.002757 0.250066 0.000050
0.015379 0.314159 0.266159 0.151517 0.002761 0.249981 0.000044
0.014907 0.310901 0.267472 0.151885 0.002765 0.252027 0.000043
0.014640 0.309916 0.267083 0.151910 0.002765 0.253638 0.000048
0.014986 0.310559 0.266518 0.151478 0.002793 0.253618 0.000046
0.015393 0.309643 0.265941 0.151453 0.002810 0.254711 0.000049
0.014631 0.305057 0.267720 0.152126 0.002799 0.257619 0.000048
0.014565 0.304061 0.268032 0.152137 0.002843 0.258310 0.000052
0.014782 0.302946 0.267441 0.152137 0.002822 0.259820 0.000052
0.014945 0.304177 0.266822 0.151628 0.002820 0.259556 0.000053
0.014623 0.301269 0.267641 0.152096 0.002848 0.261474 0.000049
0.014791 0.300884 0.267517 0.151857 0.002803 0.262097 0.000050
0.014829 0.300987 0.266880 0.151563 0.002851 0.262839 0.000051
0.014632 0.298282 0.267737 0.152012 0.002879 0.264407 0.000051
0.014693 0.299332 0.266768 0.151645 0.002899 0.264615 0.000049
0.014488 0.295868 0.267781 0.152240 0.002898 0.266673 0.000051
0.014828 0.296820 0.267319 0.151484 0.002907 0.266582 0.000058
0.014269 0.292893 0.268204 0.151994 0.002929 0.269657 0.000055
0.014653 0.294519 0.267152 0.151684 0.002950 0.268990 0.000052
0.014674 0.292323 0.267639 0.151894 0.002959 0.270466 0.000046
0.014485 0.291552 0.267330 0.151602 0.002946 0.272034 0.000052
0.014472 0.289185 0.268071 0.151778 0.002943 0.273496 0.000056
0.014635 0.289487 0.267582 0.151454 0.002945 0.273839 0.000058
0.014646 0.287313 0.267692 0.151829 0.002994 0.275470 0.000056
0.014681 0.287930 0.267294 0.151659 0.002973 0.275408 0.000056
0.014520 0.286293 0.267174 0.151559 0.003001 0.277401 0.000054
0.014691 0.284251 0.267799 0.151817 0.002989 0.278397 0.000056
0.014631 0.284186 0.267019 0.151746 0.002991 0.279370 0.000057
0.014662 0.283877 0.267172 0.151205 0.003013 0.280010 0.000060
0.015062 0.281230 0.267393 0.151555 0.003029 0.281671 0.000061
0.014835 0.280166 0.267469 0.151843 0.003040 0.282587 0.000059
0.014994 0.279700 0.267091 0.151538 0.002984 0.283635 0.000058
0.014895 0.279809 0.267010 0.151419 0.003046 0.283764 0.000059
0.014814 0.277285 0.266928 0.151768 0.003047 0.286099 0.000059
0.014899 0.278470 0.266784 0.151803 0.003040 0.284938 0.000065
0.014701 0.275553 0.267253 0.151803 0.003043 0.287581 0.000066
0.014777 0.275117 0.266676 0.151539 0.003114 0.288715 0.000062
0.014903 0.274656 0.266559 0.151400 0.003097 0.289320 0.000066
0.014912 0.272999 0.266509 0.151394 0.003109 0.291015 0.000062
0.015156 0.273424 0.266293 0.151215 0.003134 0.290711 0.000066
0.015108 0.271351 0.266078 0.151563 0.003094 0.292736 0.000070
0.014838 0.271015 0.266134 0.151376 0.003141 0.293429 0.000067
0.014859 0.269088 0.266366 0.151189 0.003095 0.295332 0.000072
0.015064 0.267072 0.266628 0.151738 0.003156 0.296277 0.000065
0.014962 0.267463 0.266000 0.151303 0.003186 0.297019 0.000067
0.015155 0.267903 0.265845 0.150905 0.003166 0.296960 0.000066
0.015158 0.267518 0.265580 0.150904 0.003162 0.297613 0.000064
0.015095 0.264128 0.265854 0.151312 0.003163 0.300374 0.000073
0.015226 0.264756 0.265059 0.151107 0.003189 0.300592 0.000070
0.015128 0.262629 0.265608 0.150833 0.003203 0.302526 0.000073
0.015195 0.261318 0.265788 0.151146 0.003247 0.303234 0.000072
0.014873 0.261207 0.265436 0.150747 0.003244 0.304424 0.000069
0.015304 0.259468 0.265383 0.150673 0.003253 0.305846 0.000073
0.015340 0.259398 0.265375 0.150587 0.003228 0.306002 0.000070
0.015464 0.258419 0.264903 0.150709 0.003261 0.307172 0.000071
0.015423 0.257721 0.264835 0.150296 0.003230 0.308419 0.000076
0.015244 0.256513 0.265186 0.150499 0.003272 0.309207 0.000078
0.015232 0.256494 0.265092 0.150491 0.003271 0.309348 0.000072
0.015142 0.253771 0.264892 0.150275 0.003331 0.312521 0.000069
0.015525 0.254507 0.264721 0.150236 0.003322 0.311608 0.000081
0.015329 0.252779 0.264831 0.150134 0.003340 0.313519 0.000067
0.015321 0.251436 0.264661 0.150307 0.003362 0.314841 0.000074
0.015286 0.250883 0.264208 0.150213 0.003349 0.315986 0.000075
0.015409 0.250790 0.264255 0.149695 0.003350 0.316425 0.000077
0.015252 0.250049 0.263902 0.149781 0.003324 0.317615 0.000076
0.015238 0.248986 0.264171 0.150030 0.003359 0.318138 0.000077
0.015647 0.247347 0.263944 0.149747 0.003370 0.319866 0.000078
0.015468 0.246460 0.263831 0.149347 0.003400 0.321420 0.000074
0.015933 0.247050 0.263054 0.149233 0.003389 0.321268 0.000073
0.015369 0.246539 0.263463 0.149516 0.003414 0.321619 0.000080
0.015372 0.243601 0.263628 0.149586 0.003420 0.324314 0.000079
0.015778 0.244717 0.263039 0.149589 0.003385 0.323417 0.000075
0.015778 0.242291 0.263197 0.149243 0.003387 0.326028 0.000077
0.015814 0.242485 0.262783 0.149146 0.003420 0.326271 0.000081
0.015485 0.240335 0.262799 0.149069 0.003450 0.328783 0.000080
0.015783 0.241457 0.262358 0.148859 0.003445 0.328023 0.000075
0.015785 0.238942 0.262536 0.149115 0.003437 0.330103 0.000081
0.015578 0.238281 0.262437 0.148673 0.003478 0.331467 0.000085
0.015735 0.238146 0.262245 0.148653 0.003517 0.331628 0.000075
0.015724 0.238471 0.261637 0.148776 0.003481 0.331833 0.000079
0.015910 0.237748 0.261614 0.148687 0.003494 0.332459 0.000088
0.015975 0.235574 0.262254 0.148755 0.003505 0.333850 0.000087
0.015954 0.234926 0.261695 0.148551 0.003532 0.335252 0.000090
0.015907 0.235034 0.261493 0.148421 0.003544 0.335512 0.000089
0.015973 0.234310 0.261127 0.148081 0.003510 0.336911 0.000089
0.016363 0.233475 0.260614 0.148034 0.003513 0.337916 0.000085
0.016238 0.231288 0.260757 0.147990 0.003557 0.340085 0.000084
0.015886 0.231079 0.260869 0.147895 0.003523 0.340657 0.000092
0.016015 0.229769 0.260753 0.147742 0.003587 0.342044 0.000091
0.016104 0.228836 0.260414 0.147847 0.003581 0.343133 0.000084
0.016460 0.229468 0.260252 0.147579 0.003617 0.342533 0.000090
0.015924 0.227869 0.260485 0.147704 0.003560 0.344364 0.000095
0.016368 0.228067 0.260037 0.147351 0.003615 0.344468 0.000095
0.016491 0.226845 0.259613 0.147249 0.003580 0.346129 0.000092
0.016294 0.225655 0.259883 0.147105 0.003646 0.347322 0.000095
0.016245 0.225248 0.259457 0.147108 0.003610 0.348233 0.000099
0.016830 0.225200 0.258847 0.146971 0.003639 0.348415 0.000098
0.016438 0.224488 0.258634 0.146647 0.003653 0.350048 0.000091
0.016520 0.223808 0.258720 0.146667 0.003671 0.350523 0.000091
0.016367 0.222925 0.258610 0.146595 0.003630 0.351779 0.000094
0.016386 0.220919 0.258809 0.146422 0.003699 0.353667 0.000098
0.016374 0.220464 0.258692 0.146319 0.003693 0.354363 0.000096
0.016676 0.220884 0.257665 0.146322 0.003641 0.354710 0.000101
0.016588 0.220650 0.257666 0.146082 0.003681 0.355233 0.000100
0.016761 0.219499 0.257514 0.146357 0.003688 0.356080 0.000101
0.016576 0.217712 0.257436 0.146094 0.003675 0.358404 0.000102
0.016532 0.217733 0.256786 0.145914 0.003730 0.359209 0.000096
0.016517 0.215917 0.257116 0.145788 0.003675 0.360892 0.000095
0.016748 0.216983 0.256415 0.145932 0.003693 0.360132 0.000097
0.016597 0.215004 0.256733 0.145548 0.003711 0.362297 0.000109
0.016694 0.214542 0.256498 0.145624 0.003673 0.362858 0.000111
0.016914 0.213563 0.256493 0.145312 0.003725 0.363890 0.000103
0.016796 0.214089 0.256569 0.145351 0.003730 0.363359 0.000106
0.016971 0.211860 0.255672 0.145177 0.003713 0.366501 0.000106
0.016924 0.211242 0.256020 0.144976 0.003753 0.366973 0.000112
0.017261 0.211818 0.255382 0.144734 0.003771 0.366919 0.000116
0.017073 0.211330 0.255056 0.145169 0.003758 0.367509 0.000106
0.016902 0.210284 0.255034 0.145040 0.003776 0.368857 0.000108
0.016998 0.208936 0.254939 0.144539 0.003806 0.370674 0.000108
0.016972 0.209176 0.254417 0.144589 0.003762 0.370970 0.000114
0.016833 0.207432 0.254431 0.144457 0.003826 0.372909 0.000113
0.017126 0.207219 0.254265 0.144327 0.003770 0.373180 0.000112
0.017097 0.206251 0.254159 0.144140 0.003808 0.374434 0.000111
0.017428 0.205528 0.253423 0.144043 0.003804 0.375658 0.000116
0.017472 0.204769 0.253952 0.143576 0.003768 0.376347 0.000116
0.017319 0.203622 0.253442 0.143767 0.003756 0.377973 0.000122
0.017423 0.203230 0.253465 0.143836 0.003825 0.378101 0.000119
0.017313 0.203474 0.252832 0.143426 0.003817 0.379016 0.000122
0.017097 0.203137 0.252618 0.143525 0.003837 0.379674 0.000112
0.017405 0.201617 0.252475 0.143310 0.003813 0.381252 0.000127
0.017298 0.200454 0.252565 0.143178 0.003829 0.382554 0.000121
0.017251 0.201356 0.252224 0.143061 0.003861 0.382129 0.000118
0.017128 0.201134 0.251860 0.142683 0.003867 0.383207 0.000122
0.017514 0.199271 0.251345 0.142761 0.003866 0.385127 0.000116
0.017516 0.198764 0.251114 0.142839 0.003917 0.385733 0.000118
0.017542 0.198592 0.251046 0.142791 0.003833 0.386075 0.000121
0.017794 0.197855 0.251135 0.142167 0.003879 0.387044 0.000125
0.017578 0.196277 0.250623 0.142213 0.003904 0.389281 0.000125
0.017734 0.196637 0.250358 0.141635 0.003894 0.389617 0.000124
0.017431 0.196216 0.250247 0.141825 0.003911 0.390242 0.000129
0.017788 0.196477 0.250460 0.141759 0.003913 0.389477 0.000127
0.017727 0.195161 0.249809 0.141938 0.003941 0.391298 0.000125
0.017948 0.193456 0.249421 0.141561 0.003999 0.393490 0.000124
0.018107 0.193937 0.249666 0.141627 0.003947 0.392589 0.000127
0.017974 0.192666 0.249351 0.141030 0.003954 0.394897 0.000128
0.017934 0.192312 0.248980 0.141231 0.004004 0.395410 0.000129
0.018077 0.191655 0.248979 0.141203 0.003966 0.395989 0.000131
0.018017 0.191690 0.248882 0.140911 0.003921 0.396456 0.000124
0.017937 0.191276 0.248693 0.140934 0.003989 0.397034 0.000136
0.018198 0.189056 0.248330 0.140800 0.004011 0.399474 0.000130
0.018101 0.188756 0.247882 0.140427 0.003911 0.400792 0.000132
0.018226 0.188419 0.247677 0.140463 0.003992 0.401090 0.000133
0.018423 0.189107 0.247334 0.140284 0.003943 0.400783 0.000126
0.018289 0.187802 0.247390 0.140513 0.003971 0.401903 0.000132
0.018416 0.186811 0.246878 0.140014 0.004059 0.403695 0.000126
0.018394 0.186491 0.246685 0.139763 0.004027 0.404507 0.000133
0.018342 0.186877 0.246315 0.140042 0.003982 0.404312 0.000129
0.018342 0.185826 0.246121 0.139528 0.004034 0.406016 0.000133
0.018431 0.184828 0.245948 0.139305 0.004067 0.407293 0.000129
0.018709 0.183198 0.245582 0.139184 0.004039 0.409150 0.000138
0.018475 0.183808 0.245556 0.139159 0.004069 0.408797 0.000137
0.018468 0.183438 0.245190 0.138921 0.004046 0.409804 0.000133
0.018615 0.181977 0.245101 0.138470 0.004106 0.411599 0.000132
0.018569 0.181933 0.244979 0.138602 0.004156 0.411616 0.000145
0.018730 0.181296 0.244515 0.138143 0.004100 0.413076 0.000140
0.018502 0.181729 0.244341 0.138555 0.004090 0.412643 0.000139
0.018768 0.180654 0.243804 0.138154 0.004131 0.414350 0.000138
0.018925 0.179940 0.243787 0.138356 0.004106 0.414744 0.000140
0.018500 0.179289 0.243473 0.137966 0.004104 0.416531 0.000138
0.018756 0.178607 0.243420 0.137776 0.004075 0.417220 0.000146
0.018742 0.179321 0.242785 0.137810 0.004134 0.417068 0.000140
0.018769 0.178255 0.242593 0.137328 0.004114 0.418804 0.000138
0.018796 0.176937 0.242109 0.137062 0.004124 0.420829 0.000144
0.018923 0.176718 0.242014 0.137296 0.004185 0.420733 0.000131
0.019037 0.176152 0.241562 0.136739 0.004127 0.422239 0.000144
0.019127 0.175493 0.241391 0.137136 0.004185 0.422524 0.000144
0.019091 0.175085 0.241865 0.136636 0.004138 0.423043 0.000143
0.019113 0.174984 0.241092 0.136542 0.004193 0.423927 0.000149
0.019084 0.174307 0.240578 0.136025 0.004188 0.425677 0.000141
0.019293 0.174512 0.240509 0.136237 0.004159 0.425141 0.000149
0.019407 0.172728 0.240151 0.136013 0.004201 0.427360 0.000139
0.019163 0.173041 0.239852 0.136237 0.004189 0.427369 0.000148
0.019108 0.172403 0.239563 0.135834 0.004265 0.428687 0.000141
0.019155 0.172539 0.239634 0.135962 0.004189 0.428369 0.000151
0.019724 0.171422 0.238977 0.135486 0.004241 0.430001 0.000149
0.019446 0.170975 0.239006 0.135536 0.004195 0.430692 0.000149
0.019243 0.169934 0.238604 0.135260 0.004208 0.432606 0.000145
0.019638 0.170213 0.238027 0.135000 0.004207 0.432766 0.000149
0.019850 0.170202 0.237382 0.135376 0.004231 0.432806 0.000153
0.019838 0.168964 0.237855 0.134688 0.004291 0.434212 0.000152
0.019878 0.168581 0.237690 0.134491 0.004256 0.434952 0.000151
0.019986 0.168748 0.237046 0.134625 0.004271 0.435164 0.000160
0.019486 0.168344 0.236915 0.134454 0.004216 0.436433 0.000151
0.019890 0.167313 0.236894 0.134155 0.004221 0.437377 0.000151
0.019823 0.166633 0.236300 0.134056 0.004205 0.438820 0.000163
0.019764 0.165455 0.236134 0.133975 0.004260 0.440260 0.000152
0.019576 0.165450 0.236251 0.133841 0.004212 0.440515 0.000156
0.019960 0.165061 0.235388 0.133719 0.004246 0.441475 0.000151
0.019691 0.164027 0.235439 0.133176 0.004301 0.443207 0.000158
0.020232 0.164423 0.234963 0.133602 0.004301 0.442345 0.000134
0.019999 0.163902 0.234860 0.133054 0.004323 0.443703 0.000159
0.020044 0.163304 0.234886 0.133149 0.004273 0.444189 0.000155
0.020510 0.162905 0.234744 0.133028 0.004324 0.444325 0.000164
0.020296 0.162946 0.234010 0.133072 0.004325 0.445190 0.000160
0.020305 0.162953 0.233880 0.133022 0.004353 0.445333 0.000153
0.020332 0.161704 0.233426 0.132565 0.004249 0.447560 0.000162
0.020211 0.161448 0.233569 0.132419 0.004354 0.447833 0.000164
0.020338 0.161043 0.233324 0.132313 0.004380 0.448452 0.000150
0.020350 0.161160 0.233268 0.132101 0.004358 0.448602 0.000161
0.020400 0.159898 0.232496 0.132014 0.004383 0.450650 0.000159
0.020374 0.159864 0.232297 0.131987 0.004359 0.450973 0.000146
0.020315 0.159222 0.232025 0.131931 0.004365 0.451981 0.000160
0.020430 0.158999 0.231772 0.131210 0.004396 0.453035 0.000158
0.020665 0.158265 0.231413 0.131535 0.004384 0.453586 0.000153
0.020493 0.157938 0.231237 0.131104 0.004344 0.454716 0.000169
0.020551 0.157024 0.230827 0.130879 0.004407 0.456137 0.000175
0.021079 0.157377 0.230686 0.130745 0.004406 0.455538 0.000169
0.021063 0.156958 0.230499 0.130850 0.004413 0.456045 0.000170
0.020620 0.156047 0.230178 0.130775 0.004354 0.457860 0.000166
0.020911 0.155723 0.229901 0.130390 0.004365 0.458539 0.000172
0.021024 0.154943 0.229546 0.130179 0.004424 0.459715 0.000170
0.020977 0.154010 0.229124 0.130284 0.004410 0.461020 0.000176
0.020878 0.154734 0.229195 0.130234 0.004453 0.460328 0.000177
0.020892 0.154467 0.228594 0.129926 0.004447 0.461510 0.000164
0.021249 0.153491 0.228346 0.129520 0.004365 0.462863 0.000166
0.021039 0.153664 0.228662 0.129726 0.004418 0.462327 0.000165
0.021619 0.152867 0.228217 0.129478 0.004423 0.463221 0.000175
0.021155 0.151879 0.227846 0.129253 0.004469 0.465212 0.000185
0.021275 0.151433 0.227928 0.129317 0.004428 0.465437 0.000182
0.021409 0.151930 0.227320 0.129259 0.004400 0.465501 0.000182
0.021223 0.151371 0.226904 0.129102 0.004423 0.466796 0.000180
0.021584 0.150977 0.227272 0.128639 0.004442 0.466901 0.000185
0.021619 0.149988 0.226526 0.128582 0.004487 0.468617 0.000182
0.021370 0.150482 0.226462 0.128605 0.004474 0.468431 0.000178
0.021316 0.149440 0.226078 0.128310 0.004496 0.470171 0.000189
0.021560 0.148963 0.226014 0.127553 0.004496 0.471238 0.000175
0.021562 0.148509 0.225497 0.128129 0.004501 0.471608 0.000193
0.021797 0.148093 0.225520 0.127893 0.004551 0.471950 0.000196
0.021564 0.147944 0.225062 0.127547 0.004514 0.473177 0.000192
0.021734 0.147372 0.225001 0.127332 0.004500 0.473867 0.000193
0.021829 0.147368 0.224455 0.127397 0.004516 0.474256 0.000179
0.021501 0.146679 0.224424 0.127078 0.004481 0.475646 0.000190
0.022158 0.146190 0.223574 0.127230 0.004487 0.476170 0.000191
0.021684 0.146339 0.223806 0.127022 0.004491 0.476468 0.000190
0.021825 0.145858 0.223158 0.127019 0.004533 0.477418 0.000189
0.022089 0.144784 0.222894 0.126537 0.004588 0.478918 0.000191
0.021919 0.144509 0.222920 0.126855 0.004551 0.479053 0.000193
0.021905 0.144206 0.222182 0.126207 0.004570 0.480737 0.000192
0.022032 0.144676 0.222406 0.126150 0.004561 0.479980 0.000195
0.022433 0.143714 0.221965 0.125916 0.004542 0.481235 0.000195
0.022058 0.143452 0.221813 0.125817 0.004572 0.482072 0.000216
0.022087 0.142461 0.221284 0.125307 0.004564 0.484098 0.000199
0.022313 0.141948 0.220914 0.125473 0.004575 0.484566 0.000211
0.022162 0.141983 0.220988 0.125476 0.004537 0.484645 0.000210
0.022215 0.141794 0.221205 0.125535 0.004604 0.484446 0.000200
0.022578 0.141394 0.220469 0.125253 0.004577 0.485522 0.000208
0.022600 0.141218 0.220126 0.125204 0.004584 0.486072 0.000196
0.022248 0.140516 0.220484 0.124822 0.004541 0.487176 0.000213
0.022380 0.140360 0.219688 0.124612 0.004638 0.488116 0.000206
