0.999114 0.000856 0.000014 0.000016 0.000000 0.000000 0.000000
0.998676 0.001283 0.000024 0.000002 0.000002 0.000014 0.000000
0.998236 0.001711 0.000030 0.000007 0.000000 0.000016 0.000000
0.997792 0.002142 0.000039 0.000010 0.000000 0.000017 0.000000
0.997331 0.002588 0.000048 0.000015 0.000000 0.000017 0.000000
0.996885 0.003027 0.000053 0.000017 0.000000 0.000017 0.000000
0.996313 0.003592 0.000058 0.000021 0.000000 0.000016 0.000000
0.995632 0.004262 0.000065 0.000024 0.000000 0.000017 0.000000
0.994736 0.005137 0.000080 0.000030 0.000000 0.000016 0.000000
0.993941 0.005930 0.000078 0.000035 0.000000 0.000015 0.000000
0.992619 0.007249 0.000080 0.000038 0.000000 0.000014 0.000000
0.990966 0.008876 0.000099 0.000046 0.000000 0.000012 0.000000
0.988898 0.010911 0.000113 0.000067 0.000000 0.000011 0.000000
0.987331 0.012459 0.000126 0.000073 0.000000 0.000010 0.000000
0.983516 0.016172 0.000188 0.000111 0.000000 0.000013 0.000000
0.981215 0.018417 0.000231 0.000126 0.000000 0.000012 0.000000
0.976909 0.022627 0.000280 0.000170 0.000000 0.000013 0.000000
0.972430 0.027031 0.000344 0.000184 0.000000 0.000010 0.000000
0.968181 0.031219 0.000381 0.000209 0.000000 0.000010 0.000000
0.961290 0.037984 0.000450 0.000261 0.000000 0.000015 0.000000
0.955589 0.043568 0.000525 0.000303 0.000000 0.000015 0.000000
0.946021 0.052935 0.000645 0.000384 0.000000 0.000016 0.000000
0.939359 0.059442 0.000757 0.000426 0.000000 0.000016 0.000000
0.929136 0.069404 0.000935 0.000507 0.000000 0.000018 0.000000
0.918823 0.079479 0.001074 0.000601 0.000000 0.000023 0.000000
0.908226 0.089832 0.001215 0.000698 0.000000 0.000028 0.000000
0.895162 0.102561 0.001432 0.000812 0.000000 0.000032 0.000000
0.882596 0.114787 0.001626 0.000954 0.000000 0.000038 0.000000
0.870682 0.126308 0.001905 0.001063 0.000000 0.000042 0.000000
0.853986 0.142530 0.002190 0.001237 0.000000 0.000057 0.000000
0.842327 0.153798 0.002386 0.001421 0.000000 0.000068 0.000000
0.829050 0.166607 0.002688 0.001583 0.000000 0.000072 0.000000
0.812665 0.182498 0.002988 0.001769 0.000000 0.000082 0.000000
0.797575 0.196985 0.003398 0.001944 0.000000 0.000098 0.000000
0.782493 0.211525 0.003735 0.002140 0.000000 0.000107 0.000000
0.767050 0.226302 0.004165 0.002360 0.000000 0.000122 0.000000
0.752510 0.240270 0.004480 0.002611 0.000000 0.000130 0.000000
0.735664 0.256389 0.004899 0.002901 0.000000 0.000147 0.000000
0.719439 0.271854 0.005383 0.003160 0.000000 0.000164 0.000000
0.706203 0.284459 0.005770 0.003390 0.000000 0.000179 0.000000
0.688334 0.301463 0.006301 0.003708 0.000000 0.000194 0.000000
0.672787 0.316127 0.006878 0.003997 0.000000 0.000212 0.000000
0.658041 0.330062 0.007380 0.004286 0.000000 0.000231 0.000000
0.644374 0.342929 0.007846 0.004599 0.000001 0.000251 0.000000
0.628344 0.358041 0.008395 0.004941 0.000001 0.000278 0.000000
0.613490 0.371938 0.009024 0.005238 0.000002 0.000308 0.000000
0.597540 0.386827 0.009688 0.005603 0.000003 0.000339 0.000000
0.585028 0.398392 0.010272 0.005935 0.000003 0.000369 0.000000
0.570103 0.412146 0.011007 0.006340 0.000003 0.000400 0.000000
0.557533 0.423708 0.011643 0.006689 0.000003 0.000424 0.000000
0.542400 0.437624 0.012383 0.007122 0.000003 0.000467 0.000000
0.528997 0.449765 0.013151 0.007565 0.000002 0.000520 0.000000
0.516601 0.461074 0.013827 0.007930 0.000003 0.000565 0.000000
0.504423 0.471881 0.014673 0.008406 0.000004 0.000613 0.000000
0.495125 0.480041 0.015334 0.008840 0.000006 0.000655 0.000000
0.481053 0.492542 0.016301 0.009366 0.000006 0.000732 0.000000
0.471049 0.501123 0.017163 0.009869 0.000007 0.000789 0.000000
0.461140 0.509819 0.017891 0.010304 0.000007 0.000839 0.000000
0.452004 0.517719 0.018614 0.010760 0.000006 0.000897 0.000000
0.441036 0.527104 0.019563 0.011315 0.000006 0.000976 0.000000
0.429995 0.536648 0.020534 0.011758 0.000007 0.001057 0.000000
0.422261 0.542891 0.021439 0.012277 0.000008 0.001125 0.000000
0.414234 0.549584 0.022256 0.012698 0.000009 0.001219 0.000000
0.402427 0.559834 0.023189 0.013258 0.000012 0.001280 0.000000
0.396214 0.564501 0.024092 0.013820 0.000014 0.001359 0.000000
0.384903 0.573648 0.025367 0.014605 0.000016 0.001461 0.000000
0.377201 0.579910 0.026248 0.015098 0.000017 0.001526 0.000000
0.373132 0.582865 0.026948 0.015430 0.000016 0.001608 0.000000
0.365807 0.588304 0.028028 0.016130 0.000019 0.001712 0.000000
0.359642 0.593099 0.028793 0.016658 0.000017 0.001792 0.000000
0.353910 0.597395 0.029694 0.017103 0.000019 0.001880 0.000000
0.343085 0.606237 0.030879 0.017789 0.000020 0.001990 0.000000
0.337358 0.610207 0.031946 0.018360 0.000023 0.002106 0.000000
0.328623 0.617087 0.033063 0.018980 0.000027 0.002220 0.000000
0.322788 0.621301 0.034041 0.019530 0.000025 0.002315 0.000000
0.313984 0.627765 0.035374 0.020347 0.000027 0.002502 0.000000
0.304264 0.635122 0.036766 0.021117 0.000033 0.002698 0.000000
0.300178 0.637832 0.037545 0.021629 0.000033 0.002783 0.000000
0.292395 0.643165 0.038975 0.022475 0.000034 0.002958 0.000000
0.288443 0.645501 0.039908 0.023016 0.000034 0.003097 0.000000
0.283411 0.649173 0.040767 0.023403 0.000041 0.003205 0.000000
0.275978 0.654048 0.042267 0.024255 0.000042 0.003410 0.000000
0.267859 0.659473 0.043833 0.025167 0.000046 0.003623 0.000000
0.261071 0.664445 0.044970 0.025717 0.000051 0.003747 0.000000
0.259270 0.664411 0.046020 0.026292 0.000055 0.003951 0.000000
0.248753 0.671998 0.047757 0.027298 0.000060 0.004134 0.000000
0.245549 0.672996 0.049019 0.028017 0.000064 0.004355 0.000000
0.236047 0.679807 0.050649 0.028906 0.000063 0.004528 0.000000
0.232472 0.681651 0.051530 0.029580 0.000066 0.004701 0.000000
0.227383 0.684347 0.052947 0.030315 0.000070 0.004937 0.000000
0.218621 0.689478 0.055082 0.031484 0.000072 0.005264 0.000000
0.213969 0.691892 0.056442 0.032155 0.000075 0.005468 0.000000
0.211228 0.692656 0.057538 0.032811 0.000079 0.005688 0.000000
0.207943 0.694206 0.058469 0.033386 0.000079 0.005917 0.000000
0.201303 0.697317 0.060509 0.034548 0.000083 0.006242 0.000000
0.195046 0.700602 0.062244 0.035470 0.000091 0.006547 0.000000
0.188040 0.703870 0.064306 0.036745 0.000098 0.006942 0.000000
0.189738 0.701461 0.064697 0.036907 0.000092 0.007105 0.000000
0.185934 0.702999 0.066038 0.037591 0.000102 0.007336 0.000001
0.186450 0.700526 0.067159 0.038201 0.000105 0.007558 0.000001
0.178177 0.705175 0.069258 0.039353 0.000105 0.007931 0.000001
0.172326 0.708003 0.070989 0.040326 0.000098 0.008257 0.000001
0.169032 0.708687 0.072301 0.041223 0.000112 0.008643 0.000001
0.166571 0.708592 0.073733 0.041988 0.000115 0.009000 0.000001
0.162344 0.709419 0.075629 0.043082 0.000117 0.009407 0.000001
0.156457 0.712417 0.077254 0.044104 0.000127 0.009640 0.000001
0.152896 0.713651 0.078582 0.044759 0.000136 0.009975 0.000001
0.151191 0.713132 0.079722 0.045549 0.000132 0.010274 0.000001
0.146549 0.712675 0.082616 0.047106 0.000137 0.010917 0.000001
0.141219 0.716514 0.083397 0.047601 0.000142 0.011125 0.000001
0.137577 0.715716 0.085831 0.048987 0.000158 0.011730 0.000001
0.138779 0.714221 0.085851 0.049195 0.000149 0.011804 0.000001
0.131608 0.716359 0.088721 0.050656 0.000151 0.012505 0.000001
0.130581 0.715329 0.089854 0.051303 0.000158 0.012774 0.000001
0.122607 0.719809 0.091735 0.052378 0.000161 0.013310 0.000001
0.121736 0.716314 0.094090 0.053769 0.000171 0.013919 0.000001
0.120151 0.716168 0.095116 0.054181 0.000186 0.014198 0.000001
0.119550 0.714282 0.096350 0.054975 0.000187 0.014656 0.000001
0.115806 0.714657 0.098282 0.055961 0.000192 0.015102 0.000001
0.117821 0.711111 0.099057 0.056361 0.000194 0.015453 0.000001
0.114613 0.711436 0.100666 0.057236 0.000199 0.015848 0.000001
0.117839 0.705891 0.101816 0.057897 0.000212 0.016344 0.000001
0.118126 0.703256 0.103099 0.058554 0.000206 0.016758 0.000001
0.113465 0.704716 0.104695 0.059602 0.000216 0.017306 0.000001
0.108055 0.705149 0.107345 0.061141 0.000226 0.018083 0.000001
0.105931 0.705402 0.108378 0.061701 0.000219 0.018368 0.000001
0.108381 0.701577 0.109046 0.061975 0.000234 0.018787 0.000001
0.107035 0.700820 0.109990 0.062666 0.000239 0.019248 0.000001
0.105005 0.697690 0.112850 0.064153 0.000238 0.020063 0.000001
0.102698 0.698088 0.113725 0.064773 0.000243 0.020472 0.000001
0.106091 0.694062 0.114065 0.064854 0.000241 0.020685 0.000001
0.106537 0.690888 0.115440 0.065655 0.000253 0.021227 0.000001
0.101508 0.691651 0.117621 0.066977 0.000265 0.021979 0.000001
0.102546 0.689860 0.118063 0.067111 0.000251 0.022168 0.000001
0.098289 0.689887 0.120270 0.068271 0.000257 0.023025 0.000001
0.097801 0.689691 0.120638 0.068393 0.000274 0.023202 0.000000
0.097529 0.687333 0.121771 0.069211 0.000278 0.023878 0.000001
0.092959 0.687939 0.123959 0.070476 0.000284 0.024382 0.000000
0.086102 0.690259 0.126284 0.071781 0.000303 0.025271 0.000001
0.089312 0.684775 0.127480 0.072446 0.000307 0.025677 0.000001
0.092207 0.681372 0.127549 0.072511 0.000301 0.026059 0.000001
0.089335 0.680943 0.129210 0.073573 0.000315 0.026624 0.000001
0.090915 0.677314 0.130108 0.074169 0.000325 0.027168 0.000001
0.088183 0.676987 0.131813 0.074886 0.000332 0.027798 0.000001
0.090430 0.675154 0.131438 0.074739 0.000332 0.027907 0.000001
0.084367 0.676025 0.134184 0.076193 0.000339 0.028891 0.000001
0.084406 0.673521 0.135478 0.076884 0.000356 0.029355 0.000001
0.078437 0.675206 0.137551 0.078178 0.000379 0.030248 0.000001
0.078751 0.672618 0.138702 0.078692 0.000379 0.030857 0.000001
0.077241 0.672618 0.139313 0.079086 0.000389 0.031353 0.000001
0.075175 0.670438 0.141599 0.080193 0.000391 0.032203 0.000001
0.069438 0.671300 0.144021 0.081574 0.000415 0.033250 0.000001
0.069199 0.669531 0.144923 0.082138 0.000411 0.033797 0.000001
0.062650 0.670809 0.147634 0.083615 0.000420 0.034871 0.000001
0.070988 0.666114 0.145590 0.082505 0.000420 0.034382 0.000001
0.063037 0.666853 0.149208 0.084621 0.000429 0.035850 0.000001
0.059402 0.667128 0.150910 0.085591 0.000439 0.036529 0.000001
0.060166 0.663343 0.152277 0.086369 0.000450 0.037394 0.000001
0.058651 0.661672 0.153861 0.087037 0.000469 0.038308 0.000001
0.055354 0.662631 0.154934 0.087880 0.000475 0.038724 0.000002
0.056368 0.658591 0.156592 0.088431 0.000479 0.039538 0.000001
0.053914 0.657140 0.158193 0.089846 0.000479 0.040425 0.000001
0.050715 0.656403 0.160338 0.090544 0.000486 0.041512 0.000002
0.050838 0.653884 0.161223 0.091398 0.000484 0.042171 0.000002
0.052568 0.651868 0.161227 0.091416 0.000503 0.042416 0.000001
0.048432 0.652141 0.162964 0.092533 0.000501 0.043427 0.000002
0.047435 0.649717 0.164747 0.093304 0.000520 0.044275 0.000002
0.048474 0.647779 0.165186 0.093469 0.000526 0.044564 0.000002
0.044942 0.647709 0.166851 0.094465 0.000531 0.045499 0.000002
0.042475 0.644817 0.169582 0.095812 0.000552 0.046759 0.000002
0.043625 0.642080 0.170046 0.096145 0.000550 0.047552 0.000002
0.038569 0.642928 0.172155 0.097410 0.000568 0.048367 0.000002
0.039989 0.640685 0.172375 0.097522 0.000572 0.048855 0.000002
0.043081 0.635802 0.172951 0.098057 0.000565 0.049542 0.000002
0.046384 0.630043 0.174181 0.098381 0.000568 0.050443 0.000001
0.045484 0.628162 0.175407 0.099244 0.000579 0.051122 0.000002
0.045346 0.625646 0.176533 0.099967 0.000584 0.051923 0.000001
0.043540 0.626436 0.177019 0.100149 0.000595 0.052258 0.000002
0.042375 0.623876 0.178284 0.101312 0.000610 0.053539 0.000003
0.044571 0.620295 0.179069 0.101426 0.000610 0.054025 0.000004
0.040808 0.619165 0.181330 0.102838 0.000624 0.055233 0.000002
0.038561 0.618414 0.182710 0.103499 0.000636 0.056176 0.000003
0.039469 0.617320 0.182413 0.103470 0.000641 0.056685 0.000002
0.041369 0.613314 0.183568 0.103948 0.000636 0.057163 0.000003
0.037682 0.612743 0.185475 0.105163 0.000665 0.058269 0.000003
0.036287 0.611133 0.186571 0.105923 0.000687 0.059395 0.000004
0.037497 0.608610 0.187099 0.105979 0.000674 0.060138 0.000004
0.035072 0.607935 0.188491 0.106952 0.000684 0.060863 0.000003
0.032644 0.607334 0.189928 0.107702 0.000718 0.061671 0.000003
0.031076 0.603621 0.192348 0.108775 0.000726 0.063450 0.000004
0.031069 0.602318 0.192744 0.109242 0.000735 0.063889 0.000004
0.030257 0.599845 0.194230 0.109897 0.000734 0.065033 0.000004
0.029978 0.599001 0.194430 0.110231 0.000726 0.065629 0.000005
0.026744 0.598396 0.196287 0.111237 0.000758 0.066573 0.000005
0.026880 0.594455 0.197941 0.112128 0.000771 0.067822 0.000003
0.026483 0.593091 0.198574 0.112482 0.000789 0.068579 0.000003
0.025237 0.592137 0.199551 0.113108 0.000776 0.069188 0.000003
0.026190 0.590203 0.199686 0.113102 0.000778 0.070036 0.000004
0.024549 0.587285 0.201694 0.114318 0.000788 0.071362 0.000005
0.024922 0.586540 0.201991 0.114216 0.000793 0.071533 0.000006
0.023481 0.583561 0.203665 0.115563 0.000836 0.072888 0.000006
0.023447 0.581491 0.204427 0.115892 0.000828 0.073909 0.000005
0.023395 0.581532 0.204483 0.115867 0.000838 0.073878 0.000005
0.022099 0.576967 0.207175 0.117161 0.000856 0.075738 0.000005
0.022312 0.575165 0.207529 0.117535 0.000901 0.076551 0.000005
0.021997 0.573276 0.208149 0.117903 0.000884 0.077788 0.000004
0.021525 0.571213 0.209449 0.118564 0.000895 0.078348 0.000005
0.020581 0.567777 0.211125 0.119577 0.000923 0.080013 0.000005
0.021431 0.566226 0.210950 0.119863 0.000942 0.080584 0.000004
0.020613 0.564964 0.211788 0.120259 0.000922 0.081448 0.000006
0.021133 0.564442 0.211867 0.119801 0.000939 0.081812 0.000007
0.020848 0.561634 0.213330 0.120527 0.000940 0.082714 0.000006
0.019941 0.558418 0.214842 0.121608 0.000961 0.084224 0.000006
0.020056 0.557261 0.215014 0.121816 0.000947 0.084899 0.000007
0.019828 0.554259 0.216433 0.122420 0.000965 0.086089 0.000007
0.019931 0.553774 0.216587 0.122245 0.001001 0.086453 0.000009
0.019209 0.550776 0.218021 0.123312 0.000988 0.087687 0.000008
0.019240 0.549227 0.218685 0.123496 0.001016 0.088330 0.000006
0.019408 0.548347 0.218551 0.123611 0.001022 0.089053 0.000008
0.019007 0.544536 0.220218 0.124668 0.001046 0.090518 0.000008
0.018520 0.542371 0.221037 0.125284 0.001036 0.091745 0.000006
0.018723 0.541032 0.221562 0.125260 0.001039 0.092376 0.000009
0.018506 0.537547 0.222770 0.126249 0.001067 0.093854 0.000008
0.018343 0.536416 0.223240 0.126245 0.001107 0.094642 0.000007
0.018192 0.535000 0.223545 0.126727 0.001070 0.095458 0.000007
0.018118 0.532499 0.224594 0.127409 0.001085 0.096288 0.000007
0.018036 0.530372 0.225480 0.127554 0.001102 0.097449 0.000007
0.017708 0.527548 0.226365 0.128436 0.001120 0.098813 0.000009
0.017987 0.527545 0.226346 0.128243 0.001130 0.098740 0.000008
0.017579 0.523473 0.227661 0.129100 0.001163 0.101016 0.000009
0.017717 0.523464 0.227762 0.129069 0.001135 0.100844 0.000010
0.017614 0.520996 0.228548 0.129698 0.001143 0.101990 0.000010
0.017534 0.517778 0.229541 0.130359 0.001160 0.103620 0.000009
0.017387 0.515791 0.230375 0.130515 0.001170 0.104754 0.000007
0.017240 0.514487 0.230848 0.131024 0.001187 0.105205 0.000010
0.017343 0.513119 0.231248 0.131133 0.001180 0.105969 0.000009
0.017060 0.509993 0.232295 0.131783 0.001194 0.107662 0.000012
0.017229 0.508567 0.232685 0.131982 0.001209 0.108319 0.000010
0.017054 0.507430 0.232805 0.132290 0.001229 0.109182 0.000009
0.016854 0.505296 0.233599 0.132923 0.001258 0.110057 0.000012
0.016738 0.503273 0.234818 0.132971 0.001227 0.110962 0.000012
0.016617 0.501074 0.235252 0.133460 0.001269 0.112316 0.000012
0.016876 0.499567 0.235584 0.133469 0.001255 0.113236 0.000012
0.016794 0.497307 0.236486 0.133972 0.001276 0.114153 0.000011
0.016598 0.495581 0.236820 0.134157 0.001294 0.115537 0.000012
0.016366 0.492895 0.237975 0.134726 0.001318 0.116707 0.000013
0.020466 0.488853 0.237450 0.134469 0.001349 0.117402 0.000011
0.027257 0.485676 0.235566 0.133515 0.001290 0.116684 0.000012
0.025896 0.485496 0.236280 0.133465 0.001312 0.117539 0.000012
0.028560 0.480130 0.236898 0.133827 0.001341 0.119233 0.000012
0.026702 0.479999 0.237581 0.134254 0.001323 0.120131 0.000010
0.027939 0.477984 0.237640 0.134224 0.001368 0.120832 0.000012
0.026630 0.476270 0.238729 0.134795 0.001373 0.122190 0.000013
0.023786 0.476567 0.239400 0.135546 0.001366 0.123324 0.000011
0.030336 0.472733 0.237935 0.134538 0.001381 0.123066 0.000010
0.030174 0.473483 0.237646 0.134133 0.001392 0.123160 0.000013
0.030682 0.470031 0.238521 0.134570 0.001401 0.124781 0.000014
0.027637 0.470581 0.239167 0.135295 0.001445 0.125861 0.000015
0.026535 0.469860 0.239827 0.135593 0.001428 0.126743 0.000014
0.027955 0.467462 0.239633 0.135687 0.001435 0.127813 0.000015
0.026714 0.466109 0.240713 0.135890 0.001447 0.129109 0.000017
0.025412 0.464673 0.241406 0.136533 0.001459 0.130502 0.000016
0.021573 0.464578 0.243104 0.137680 0.001502 0.131547 0.000015
0.023369 0.462390 0.242938 0.137388 0.001526 0.132376 0.000014
0.021237 0.461208 0.243838 0.138237 0.001538 0.133923 0.000019
0.022252 0.459336 0.243826 0.138120 0.001526 0.134922 0.000017
0.021280 0.457833 0.244560 0.138660 0.001520 0.136133 0.000016
0.020840 0.457670 0.244959 0.138880 0.001534 0.136103 0.000015
0.020996 0.455857 0.245499 0.138650 0.001572 0.137409 0.000018
0.018943 0.453107 0.246983 0.139729 0.001590 0.139634 0.000015
0.018954 0.451927 0.247185 0.139852 0.001598 0.140466 0.000018
0.019492 0.450643 0.247293 0.139689 0.001582 0.141283 0.000018
0.018168 0.448917 0.248108 0.140323 0.001627 0.142840 0.000017
0.018262 0.447738 0.248475 0.140397 0.001609 0.143499 0.000019
0.018486 0.447034 0.248452 0.140364 0.001644 0.144003 0.000017
0.017597 0.444726 0.249434 0.140827 0.001639 0.145757 0.000020
0.017129 0.442551 0.250197 0.141526 0.001643 0.146936 0.000018
0.016692 0.440813 0.250868 0.141770 0.001659 0.148176 0.000021
0.017771 0.440681 0.250290 0.141158 0.001658 0.148423 0.000019
0.016532 0.438054 0.251508 0.142219 0.001684 0.149983 0.000020
0.016067 0.434555 0.252560 0.142998 0.001685 0.152114 0.000020
0.016298 0.435218 0.252210 0.142607 0.001706 0.151946 0.000016
0.016708 0.433451 0.252128 0.142726 0.001695 0.153272 0.000020
0.015996 0.431051 0.253013 0.143123 0.001725 0.155072 0.000019
0.016285 0.429790 0.253208 0.143282 0.001747 0.155669 0.000019
0.015869 0.427523 0.254200 0.143562 0.001755 0.157071 0.000020
0.015777 0.425249 0.254462 0.144152 0.001768 0.158571 0.000020
0.015749 0.424710 0.254658 0.144128 0.001762 0.158977 0.000016
0.015480 0.423227 0.255129 0.144227 0.001772 0.160147 0.000019
0.016172 0.423745 0.254495 0.143834 0.001769 0.159964 0.000020
0.015783 0.419796 0.255616 0.144556 0.001829 0.162395 0.000024
0.015403 0.420784 0.255476 0.144349 0.001795 0.162172 0.000022
0.015189 0.415234 0.257294 0.145250 0.001827 0.165184 0.000022
0.015139 0.415527 0.256958 0.145218 0.001817 0.165320 0.000021
0.015250 0.412549 0.257458 0.145347 0.001872 0.167501 0.000023
0.015374 0.414510 0.256936 0.144901 0.001850 0.166407 0.000022
0.015310 0.410621 0.257613 0.145770 0.001891 0.168769 0.000026
0.015111 0.408555 0.258422 0.145975 0.001895 0.170017 0.000024
0.015010 0.407942 0.258072 0.145968 0.001903 0.171082 0.000022
0.015394 0.406679 0.257956 0.145854 0.001914 0.172178 0.000026
0.015077 0.405248 0.258509 0.146213 0.001920 0.173006 0.000027
0.014958 0.403311 0.259234 0.146602 0.001940 0.173928 0.000027
0.015166 0.402719 0.259071 0.146284 0.001933 0.174799 0.000029
0.014702 0.400220 0.259943 0.146895 0.001937 0.176278 0.000024
0.015013 0.399720 0.259602 0.146814 0.001951 0.176874 0.000026
0.014676 0.396623 0.260590 0.147562 0.001961 0.178563 0.000024
0.014730 0.394518 0.260991 0.147649 0.001987 0.180095 0.000031
0.015162 0.395370 0.260082 0.147092 0.002013 0.180253 0.000028
0.014923 0.392155 0.261456 0.147570 0.002021 0.181848 0.000027
0.015076 0.391972 0.261074 0.147693 0.001985 0.182172 0.000028
0.014998 0.391447 0.260936 0.147750 0.002044 0.182800 0.000025
0.014947 0.387672 0.261834 0.148301 0.002063 0.185156 0.000028
0.015056 0.386805 0.262166 0.147940 0.002046 0.185960 0.000028
0.014824 0.386716 0.261835 0.148221 0.002016 0.186361 0.000027
0.014790 0.385003 0.262149 0.148508 0.002060 0.187464 0.000026
0.014930 0.384400 0.262343 0.148269 0.002067 0.187965 0.000026
0.014788 0.381167 0.263019 0.148710 0.002089 0.190199 0.000029
0.014815 0.380202 0.263170 0.148772 0.002076 0.190938 0.000027
0.014646 0.379365 0.263009 0.148968 0.002083 0.191900 0.000029
0.014734 0.377366 0.263095 0.149350 0.002120 0.193303 0.000031
0.014593 0.376415 0.263567 0.149306 0.002101 0.193988 0.000030
0.014785 0.374353 0.264251 0.149129 0.002145 0.195311 0.000027
0.014696 0.372454 0.264371 0.149398 0.002151 0.196899 0.000031
0.014920 0.372462 0.264259 0.149383 0.002125 0.196824 0.000028
0.014691 0.369803 0.264250 0.149848 0.002150 0.199229 0.000029
0.014599 0.367097 0.264950 0.149939 0.002192 0.201194 0.000030
0.014687 0.367473 0.264964 0.150014 0.002171 0.200661 0.000029
0.015146 0.366164 0.264858 0.149985 0.002226 0.201590 0.000031
0.014683 0.365826 0.265117 0.149862 0.002221 0.202262 0.000030
0.014683 0.362451 0.265293 0.150291 0.002263 0.204989 0.000029
0.014776 0.362452 0.265440 0.150142 0.002214 0.204942 0.000033
0.014716 0.360623 0.265613 0.150477 0.002284 0.206254 0.000032
0.014718 0.360286 0.265980 0.150265 0.002253 0.206468 0.000031
0.014636 0.357394 0.266145 0.150607 0.002276 0.208913 0.000030
0.014769 0.357779 0.266234 0.150231 0.002253 0.208703 0.000031
0.014875 0.356689 0.265872 0.150309 0.002276 0.209948 0.000031
0.014587 0.355373 0.266243 0.150960 0.002288 0.210516 0.000033
0.025206 0.351535 0.263014 0.148725 0.002243 0.209244 0.000034
0.027479 0.347914 0.262842 0.148814 0.002270 0.210649 0.000032
0.025695 0.349190 0.262914 0.148638 0.002267 0.211265 0.000031
0.031223 0.347285 0.260780 0.147585 0.002300 0.210795 0.000032
0.030828 0.345857 0.261117 0.147732 0.002309 0.212125 0.000033
0.032369 0.345614 0.260198 0.147347 0.002268 0.212169 0.000035
0.031199 0.345068 0.260387 0.147364 0.002343 0.213610 0.000030
0.029564 0.345236 0.260522 0.147871 0.002341 0.214433 0.000034
0.027710 0.344037 0.261521 0.148011 0.002349 0.216340 0.000033
0.030337 0.345064 0.259954 0.147191 0.002302 0.215117 0.000036
0.028232 0.343627 0.260704 0.147553 0.002366 0.217484 0.000034
0.024817 0.342201 0.262445 0.148458 0.002348 0.219697 0.000035
0.024086 0.340497 0.262647 0.148611 0.002428 0.221694 0.000038
0.022824 0.339658 0.263326 0.149070 0.002400 0.222688 0.000034
0.023046 0.340011 0.263073 0.148568 0.002435 0.222833 0.000035
0.021850 0.338312 0.263519 0.149208 0.002430 0.224642 0.000039
0.021294 0.337826 0.263734 0.149292 0.002437 0.225385 0.000033
0.020404 0.335780 0.264392 0.149261 0.002436 0.227695 0.000032
0.020343 0.334079 0.264537 0.149168 0.002469 0.229367 0.000036
0.019703 0.334998 0.264013 0.149425 0.002469 0.229357 0.000035
0.020228 0.335174 0.263530 0.149057 0.002462 0.229509 0.000040
0.017814 0.332310 0.265314 0.150040 0.002497 0.231989 0.000036
0.018167 0.330751 0.265086 0.149709 0.002546 0.233702 0.000039
0.018992 0.330738 0.264418 0.149508 0.002513 0.233790 0.000041
0.018030 0.328247 0.265346 0.150026 0.002533 0.235782 0.000037
0.016351 0.326331 0.266239 0.150557 0.002541 0.237940 0.000040
0.016333 0.324859 0.266531 0.150849 0.002579 0.238807 0.000042
0.016234 0.324145 0.266427 0.150736 0.002559 0.239860 0.000039
0.016447 0.322276 0.266588 0.150961 0.002586 0.241104 0.000038
0.016993 0.323847 0.265241 0.150172 0.002574 0.241135 0.000038
0.032214 0.319512 0.260476 0.147560 0.002562 0.237632 0.000043
0.029219 0.318913 0.261514 0.148060 0.002576 0.239680 0.000038
0.027085 0.317126 0.262659 0.148701 0.002580 0.241811 0.000038
0.030638 0.316783 0.261079 0.147733 0.002614 0.241108 0.000045
0.030544 0.314740 0.261362 0.147914 0.002611 0.242791 0.000038
0.031556 0.314159 0.260974 0.147727 0.002571 0.242970 0.000043
0.028267 0.314475 0.262085 0.148023 0.002583 0.244527 0.000040
0.028137 0.312997 0.262165 0.148059 0.002650 0.245950 0.000041
0.028857 0.311890 0.262052 0.147893 0.002625 0.246639 0.000044
0.025122 0.311628 0.262628 0.149021 0.002652 0.248908 0.000041
0.026332 0.311159 0.261940 0.148215 0.002681 0.249630 0.000042
0.027539 0.311074 0.261524 0.148011 0.002708 0.249100 0.000044
0.026488 0.310025 0.261734 0.148050 0.002704 0.250957 0.000041
0.024455 0.309387 0.262117 0.148699 0.002692 0.252606 0.000044
0.022190 0.309276 0.263401 0.149035 0.002710 0.253340 0.000048
0.023282 0.307573 0.263177 0.148479 0.002731 0.254718 0.000041
0.022085 0.307140 0.263043 0.148963 0.002746 0.255972 0.000051
0.021980 0.306446 0.262978 0.148598 0.002774 0.257181 0.000043
0.020126 0.304057 0.264099 0.149311 0.002742 0.259618 0.000047
0.020377 0.303283 0.263607 0.149014 0.002770 0.260908 0.000042
0.020874 0.304663 0.262925 0.148601 0.002790 0.260102 0.000045
0.019495 0.302241 0.263866 0.149235 0.002812 0.262303 0.000049
0.019957 0.302458 0.263310 0.148850 0.002812 0.262569 0.000043
0.019243 0.301998 0.263809 0.149154 0.002804 0.262947 0.000046
0.018268 0.298717 0.264709 0.149421 0.002865 0.265971 0.000051
0.018087 0.296731 0.264899 0.149626 0.002870 0.267740 0.000047
0.018133 0.296828 0.264329 0.149423 0.002869 0.268366 0.000052
0.017148 0.295253 0.265158 0.149906 0.002849 0.269630 0.000057
0.017276 0.294807 0.264883 0.149585 0.002882 0.270513 0.000056
0.017403 0.293873 0.264611 0.149452 0.002931 0.271671 0.000060
0.017506 0.291640 0.264895 0.149680 0.002934 0.273289 0.000054
0.016308 0.289559 0.265891 0.150357 0.002987 0.274842 0.000056
0.015894 0.286323 0.266336 0.150548 0.002958 0.277886 0.000055
0.016384 0.288279 0.265608 0.150200 0.002901 0.276577 0.000051
0.016546 0.287043 0.265643 0.150031 0.002980 0.277697 0.000061
0.016252 0.284420 0.265715 0.150161 0.003045 0.280351 0.000055
0.015767 0.283660 0.265896 0.150764 0.002971 0.280883 0.000060
0.016401 0.284223 0.265557 0.149911 0.003002 0.280854 0.000053
0.016123 0.281386 0.265857 0.150370 0.003047 0.283161 0.000055
0.016077 0.282400 0.265368 0.150063 0.003046 0.282991 0.000055
0.016018 0.281261 0.265619 0.150096 0.003015 0.283933 0.000058
0.016130 0.281509 0.265519 0.149802 0.003068 0.283921 0.000051
0.016102 0.278509 0.265381 0.150206 0.003079 0.286659 0.000064
0.016271 0.277605 0.265346 0.149773 0.003065 0.287876 0.000063
0.016055 0.276512 0.265592 0.150133 0.003035 0.288614 0.000057
0.015542 0.275528 0.265512 0.150320 0.003103 0.289934 0.000060
0.015912 0.275089 0.264916 0.149965 0.003090 0.290968 0.000060
0.015832 0.274249 0.265090 0.150129 0.003079 0.291553 0.000067
0.016295 0.275349 0.264317 0.149506 0.003085 0.291384 0.000063
0.015827 0.271609 0.265014 0.149725 0.003127 0.294631 0.000066
0.015727 0.270531 0.265079 0.150178 0.003137 0.295291 0.000057
0.015857 0.269528 0.265077 0.149934 0.003171 0.296358 0.000075
0.015950 0.269365 0.264357 0.149823 0.003138 0.297297 0.000069
0.015863 0.268384 0.265153 0.149966 0.003137 0.297431 0.000067
0.015936 0.266984 0.264641 0.149852 0.003169 0.299345 0.000072
0.015517 0.265463 0.264712 0.150113 0.003194 0.300935 0.000065
0.015626 0.265577 0.264413 0.149731 0.003183 0.301405 0.000065
0.015641 0.264119 0.264720 0.149939 0.003172 0.302345 0.000064
0.015613 0.262261 0.264456 0.150052 0.003234 0.304316 0.000067
0.015931 0.262706 0.263847 0.149757 0.003207 0.304485 0.000068
0.015527 0.259649 0.264950 0.149791 0.003171 0.306845 0.000067
0.015671 0.260560 0.263593 0.149449 0.003231 0.307435 0.000062
0.015843 0.258307 0.264209 0.149945 0.003215 0.308412 0.000069
0.015984 0.257441 0.264178 0.149380 0.003244 0.309700 0.000073
0.015818 0.256778 0.263668 0.149288 0.003241 0.311136 0.000071
0.016038 0.257598 0.263582 0.149154 0.003259 0.310301 0.000068
0.015939 0.256646 0.263434 0.149319 0.003259 0.311334 0.000069
0.016187 0.257122 0.263362 0.148682 0.003271 0.311303 0.000073
0.016058 0.254674 0.262938 0.148827 0.003319 0.314117 0.000067
0.015969 0.252337 0.263645 0.149051 0.003302 0.315627 0.000069
0.015888 0.251139 0.263029 0.149091 0.003324 0.317459 0.000069
0.016162 0.250044 0.263035 0.148980 0.003307 0.318400 0.000073
0.016168 0.251415 0.262957 0.148488 0.003310 0.317594 0.000067
0.016132 0.249643 0.263126 0.148745 0.003293 0.318991 0.000070
0.015996 0.250028 0.262405 0.148545 0.003331 0.319618 0.000077
0.016046 0.247676 0.262535 0.148715 0.003342 0.321613 0.000073
0.016038 0.247120 0.262362 0.148663 0.003376 0.322373 0.000068
0.016271 0.245950 0.262384 0.148079 0.003402 0.323847 0.000067
0.016142 0.245407 0.261747 0.148369 0.003399 0.324861 0.000076
0.015992 0.244811 0.262361 0.148166 0.003378 0.325216 0.000075
0.016282 0.242359 0.261799 0.147911 0.003426 0.328147 0.000077
0.016268 0.243579 0.261206 0.147674 0.003408 0.327791 0.000074
0.016007 0.242942 0.261304 0.147694 0.003439 0.328538 0.000076
0.016499 0.242041 0.260641 0.148023 0.003431 0.329288 0.000077
0.016245 0.241050 0.261134 0.147790 0.003403 0.330303 0.000075
0.016286 0.240584 0.260707 0.147208 0.003413 0.331728 0.000075
0.016546 0.238685 0.260596 0.147794 0.003435 0.332871 0.000073
0.016369 0.237340 0.261006 0.147767 0.003469 0.333973 0.000075
0.016615 0.237421 0.260268 0.147349 0.003420 0.334845 0.000081
0.016583 0.236594 0.260689 0.147654 0.003420 0.334980 0.000079
0.016581 0.235865 0.260198 0.147178 0.003492 0.336611 0.000074
0.016583 0.234154 0.260050 0.147306 0.003480 0.338345 0.000082
0.016566 0.234949 0.260089 0.147139 0.003511 0.337665 0.000081
0.016727 0.231804 0.260130 0.147057 0.003527 0.340673 0.000083
0.016536 0.234387 0.259520 0.146792 0.003487 0.339198 0.000079
0.016508 0.230316 0.259547 0.147218 0.003550 0.342783 0.000077
0.016511 0.230969 0.259498 0.146982 0.003501 0.342459 0.000081
0.016337 0.229795 0.259337 0.146954 0.003505 0.343985 0.000088
0.016693 0.230379 0.258600 0.146715 0.003557 0.343972 0.000085
0.016684 0.229298 0.258876 0.146693 0.003559 0.344793 0.000097
0.016857 0.228597 0.258211 0.146620 0.003519 0.346104 0.000092
0.016697 0.227602 0.258469 0.146370 0.003556 0.347221 0.000086
0.016959 0.227583 0.257842 0.146279 0.003522 0.347728 0.000088
0.016836 0.225872 0.258164 0.146347 0.003586 0.349105 0.000091
0.016780 0.223337 0.258206 0.146051 0.003597 0.351939 0.000089
0.017071 0.224611 0.257932 0.145798 0.003574 0.350932 0.000082
0.016821 0.224207 0.257605 0.145667 0.003610 0.351999 0.000090
0.016829 0.223404 0.257461 0.145570 0.003560 0.353078 0.000097
0.017071 0.221865 0.257446 0.145990 0.003623 0.353915 0.000090
0.017002 0.221159 0.257100 0.145588 0.003570 0.355479 0.000102
0.017007 0.222120 0.257195 0.145541 0.003578 0.354471 0.000089
0.017124 0.219339 0.256555 0.145298 0.003624 0.357969 0.000091
0.017025 0.218310 0.256808 0.145543 0.003666 0.358562 0.000085
0.016987 0.218259 0.256155 0.145323 0.003623 0.359561 0.000091
0.017129 0.220245 0.255892 0.145118 0.003641 0.357882 0.000094
0.017082 0.216828 0.256262 0.145009 0.003634 0.361096 0.000088
0.017218 0.217133 0.255804 0.144864 0.003662 0.361218 0.000101
0.016691 0.216636 0.256007 0.144548 0.003653 0.362371 0.000093
0.017473 0.214594 0.255496 0.144574 0.003625 0.364141 0.000097
0.017114 0.214953 0.254743 0.144724 0.003652 0.364726 0.000088
0.017185 0.213653 0.254855 0.144995 0.003693 0.365523 0.000095
0.017321 0.212645 0.254585 0.144494 0.003697 0.367162 0.000096
0.017212 0.212167 0.254512 0.144365 0.003702 0.367941 0.000101
0.017453 0.211234 0.254085 0.144402 0.003694 0.369031 0.000101
0.017677 0.211783 0.253780 0.143859 0.003676 0.369132 0.000094
0.017425 0.210642 0.253835 0.143795 0.003721 0.370486 0.000096
0.017637 0.212362 0.253410 0.143677 0.003741 0.369077 0.000097
0.017365 0.210085 0.253254 0.143683 0.003738 0.371772 0.000103
0.017509 0.209342 0.253044 0.143707 0.003748 0.372550 0.000101
0.017537 0.207667 0.252903 0.143529 0.003757 0.374502 0.000105
0.017522 0.206838 0.252581 0.143055 0.003780 0.376123 0.000102
0.017795 0.205920 0.252680 0.143373 0.003723 0.376411 0.000097
0.017736 0.206309 0.252447 0.143028 0.003806 0.376572 0.000102
0.017887 0.204691 0.252293 0.142935 0.003745 0.378338 0.000111
0.017888 0.205190 0.251497 0.142878 0.003730 0.378713 0.000105
0.018041 0.203624 0.251607 0.142704 0.003811 0.380109 0.000105
0.017873 0.204055 0.251338 0.142450 0.003782 0.380394 0.000107
0.017939 0.202804 0.251268 0.142375 0.003835 0.381671 0.000108
0.017886 0.200278 0.251116 0.142251 0.003863 0.384494 0.000111
0.017607 0.201558 0.251268 0.142348 0.003789 0.383329 0.000100
0.017690 0.200963 0.251060 0.142264 0.003863 0.384051 0.000108
0.018218 0.201220 0.250258 0.141672 0.003823 0.384700 0.000109
0.017868 0.200765 0.250640 0.141976 0.003849 0.384796 0.000108
0.017921 0.198955 0.250238 0.141988 0.003834 0.386950 0.000114
0.018346 0.197760 0.250158 0.141597 0.003877 0.388150 0.000113
0.018445 0.197695 0.248979 0.141438 0.003881 0.389448 0.000113
0.018254 0.197249 0.249389 0.141390 0.003902 0.389700 0.000116
0.018318 0.195598 0.249221 0.141523 0.003886 0.391344 0.000110
0.018387 0.195382 0.249341 0.141134 0.003953 0.391683 0.000120
0.018783 0.194291 0.249057 0.140942 0.003831 0.392982 0.000114
0.018445 0.195438 0.248423 0.141217 0.003913 0.392452 0.000111
0.018288 0.193231 0.248584 0.140892 0.003899 0.394993 0.000114
0.018410 0.192297 0.248265 0.140667 0.003908 0.396341 0.000112
0.018692 0.192852 0.247989 0.140440 0.003931 0.395976 0.000121
0.018891 0.192466 0.247630 0.140397 0.003970 0.396527 0.000119
0.018806 0.191321 0.247339 0.140296 0.004016 0.398104 0.000118
0.018684 0.189946 0.247377 0.140342 0.003993 0.399547 0.000111
0.018624 0.190014 0.247749 0.139944 0.003963 0.399574 0.000132
0.018593 0.190068 0.247160 0.140048 0.003960 0.400052 0.000119
0.018936 0.189186 0.247067 0.139750 0.003945 0.400996 0.000119
0.019011 0.188846 0.246185 0.139555 0.003936 0.402349 0.000119
0.018881 0.188276 0.246226 0.139654 0.003991 0.402847 0.000125
0.019019 0.187675 0.245890 0.139299 0.004058 0.403944 0.000116
0.018787 0.186699 0.246257 0.139224 0.003982 0.404933 0.000117
0.018843 0.186879 0.245792 0.139073 0.003993 0.405295 0.000125
0.018905 0.186683 0.245532 0.139129 0.004057 0.405567 0.000126
0.019021 0.185081 0.244990 0.138979 0.003998 0.407809 0.000124
0.019283 0.184705 0.244585 0.138937 0.004075 0.408294 0.000121
0.019100 0.184529 0.244940 0.138515 0.004034 0.408759 0.000122
0.019038 0.183068 0.244420 0.138674 0.004015 0.410661 0.000124
0.019147 0.183653 0.244378 0.138442 0.004020 0.410235 0.000125
0.019203 0.182307 0.244507 0.138103 0.004090 0.411662 0.000127
0.019459 0.181687 0.244045 0.138159 0.004079 0.412451 0.000119
0.018923 0.180763 0.243438 0.138400 0.004142 0.414208 0.000126
0.019325 0.180570 0.242882 0.137508 0.004097 0.415495 0.000122
0.019000 0.180363 0.243114 0.137290 0.004130 0.415979 0.000124
0.019183 0.180866 0.242794 0.137627 0.004080 0.415321 0.000129
0.019438 0.178795 0.242434 0.137493 0.004094 0.417615 0.000131
0.019467 0.178831 0.242649 0.136946 0.004164 0.417813 0.000131
0.019241 0.178409 0.242048 0.137257 0.004184 0.418734 0.000126
0.019271 0.177469 0.241763 0.137075 0.004121 0.420173 0.000128
0.019472 0.177545 0.241542 0.136766 0.004188 0.420365 0.000123
0.019310 0.177488 0.241498 0.136737 0.004161 0.420678 0.000127
0.019529 0.176075 0.241431 0.136597 0.004183 0.422054 0.000132
0.019439 0.175552 0.240942 0.136172 0.004203 0.423552 0.000140
0.019574 0.175925 0.240707 0.136090 0.004171 0.423414 0.000119
0.019602 0.174771 0.240422 0.136244 0.004147 0.424684 0.000130
0.019888 0.174721 0.240166 0.135938 0.004172 0.424985 0.000131
0.019581 0.172818 0.240175 0.135736 0.004166 0.427385 0.000139
0.020072 0.173444 0.239305 0.135411 0.004210 0.427422 0.000137
0.019981 0.172328 0.239336 0.135641 0.004195 0.428383 0.000137
0.019803 0.170506 0.239080 0.135566 0.004153 0.430756 0.000136
0.019931 0.170527 0.238988 0.135050 0.004226 0.431143 0.000135
0.019968 0.170820 0.238930 0.134936 0.004209 0.431000 0.000137
0.019743 0.170629 0.238321 0.135013 0.004196 0.431959 0.000138
0.019883 0.169824 0.238393 0.134882 0.004248 0.432638 0.000132
0.020067 0.168600 0.237687 0.134601 0.004251 0.434650 0.000143
0.020247 0.170119 0.237806 0.134647 0.004270 0.432758 0.000153
0.020313 0.168814 0.237193 0.134428 0.004258 0.434842 0.000151
0.020323 0.168226 0.237083 0.133995 0.004255 0.435976 0.000141
0.020217 0.167429 0.236931 0.134240 0.004265 0.436765 0.000153
0.020547 0.166994 0.236477 0.133989 0.004306 0.437543 0.000144
0.020153 0.166156 0.236117 0.133679 0.004344 0.439399 0.000151
0.020117 0.166187 0.236215 0.133809 0.004293 0.439234 0.000144
0.020692 0.166043 0.235675 0.133675 0.004323 0.439443 0.000148
0.020185 0.165353 0.235547 0.133381 0.004319 0.441076 0.000140
0.020325 0.164735 0.235128 0.133380 0.004307 0.441972 0.000154
0.020589 0.164439 0.234546 0.133073 0.004325 0.442884 0.000144
0.020440 0.164214 0.235277 0.132951 0.004352 0.442612 0.000154
0.020525 0.163232 0.234268 0.132877 0.004348 0.444594 0.000157
0.020836 0.164226 0.234037 0.132669 0.004340 0.443742 0.000149
0.020769 0.162666 0.233892 0.132680 0.004336 0.445513 0.000144
0.020789 0.162420 0.233470 0.132178 0.004371 0.446626 0.000146
0.020700 0.162114 0.232991 0.132378 0.004378 0.447284 0.000155
0.020923 0.161361 0.233175 0.132217 0.004384 0.447783 0.000157
0.020765 0.161450 0.233239 0.131890 0.004357 0.448139 0.000160
0.020928 0.160166 0.232558 0.131430 0.004344 0.450412 0.000163
0.020740 0.160109 0.232637 0.131754 0.004390 0.450216 0.000153
0.020915 0.160532 0.231674 0.131112 0.004375 0.451232 0.000159
0.020950 0.159523 0.231371 0.131450 0.004396 0.452145 0.000166
0.021173 0.159392 0.231370 0.131465 0.004406 0.452040 0.000152
0.021055 0.159405 0.230765 0.131135 0.004339 0.453157 0.000144
0.021301 0.158033 0.230709 0.130916 0.004410 0.454474 0.000158
0.021412 0.156652 0.230634 0.130729 0.004374 0.456034 0.000165
0.021109 0.156459 0.230324 0.130742 0.004343 0.456861 0.000162
0.021134 0.156512 0.229804 0.130491 0.004411 0.457483 0.000165
0.021235 0.155472 0.230008 0.130085 0.004388 0.458647 0.000164
0.021693 0.155589 0.229355 0.130042 0.004473 0.458686 0.000163
0.021273 0.154887 0.229147 0.130196 0.004475 0.459858 0.000164
0.021662 0.154742 0.228691 0.130116 0.004465 0.460151 0.000173
0.021562 0.154264 0.228384 0.129969 0.004486 0.461180 0.000156
0.021662 0.155126 0.228391 0.129639 0.004488 0.460536 0.000159
0.021591 0.153852 0.227701 0.129643 0.004480 0.462573 0.000160
0.021932 0.153179 0.227362 0.129253 0.004477 0.463637 0.000160
0.021764 0.153227 0.227431 0.129034 0.004495 0.463872 0.000176
0.021606 0.152628 0.226965 0.128987 0.004512 0.465138 0.000164
0.022009 0.152834 0.226380 0.128836 0.004514 0.465255 0.000172
0.021793 0.151998 0.226423 0.128935 0.004486 0.466195 0.000171
0.021741 0.151084 0.226400 0.128719 0.004582 0.467307 0.000167
0.021834 0.152003 0.226372 0.128404 0.004527 0.466697 0.000162
0.022320 0.151024 0.225538 0.128143 0.004516 0.468290 0.000169
0.022048 0.149895 0.225337 0.127843 0.004504 0.470198 0.000176
0.021864 0.149910 0.225353 0.127969 0.004536 0.470196 0.000171
0.022343 0.148958 0.224905 0.127683 0.004575 0.471362 0.000175
0.022396 0.148774 0.225086 0.127682 0.004511 0.471388 0.000163
0.022349 0.148034 0.224538 0.127362 0.004579 0.472973 0.000165
0.022109 0.148052 0.224163 0.127196 0.004613 0.473696 0.000170
0.022259 0.147125 0.223903 0.126940 0.004581 0.475014 0.000178
0.022325 0.147510 0.224083 0.126932 0.004600 0.474375 0.000175
0.022522 0.147616 0.223435 0.127019 0.004582 0.474645 0.000180
0.022438 0.146785 0.223584 0.126539 0.004595 0.475892 0.000168
0.022886 0.145323 0.222859 0.126323 0.004606 0.477836 0.000168
0.022340 0.145954 0.222940 0.126436 0.004601 0.477564 0.000165
0.022377 0.145189 0.222524 0.126456 0.004579 0.478697 0.000178
0.022671 0.145715 0.222065 0.126183 0.004567 0.478623 0.000175
0.022601 0.145169 0.222266 0.126093 0.004580 0.479118 0.000173
0.022540 0.143930 0.221548 0.125834 0.004620 0.481352 0.000176
0.022744 0.143197 0.221080 0.125637 0.004613 0.482554 0.000176
0.022826 0.143374 0.220998 0.125593 0.004608 0.482416 0.000185
0.022802 0.142340 0.220266 0.125285 0.004645 0.484469 0.000192
0.022852 0.142317 0.220292 0.124970 0.004621 0.484776 0.000173
0.022872 0.141783 0.219864 0.124892 0.004669 0.485749 0.000171
0.022909 0.142697 0.219930 0.124904 0.004618 0.484769 0.000173
0.023051 0.141722 0.219572 0.124686 0.004736 0.486050 0.000183
0.023007 0.141324 0.219034 0.124667 0.004664 0.487118 0.000185
0.023279 0.140910 0.219074 0.124309 0.004689 0.487549 0.000190
0.023152 0.140654 0.219170 0.124553 0.004647 0.487644 0.000180
