0.999124 0.000844 0.000019 0.000014 0.000000 0.000000 0.000000
0.998696 0.001255 0.000030 0.000004 0.000000 0.000015 0.000000
0.998269 0.001668 0.000037 0.000011 0.000000 0.000015 0.000000
0.997841 0.002079 0.000049 0.000014 0.000000 0.000017 0.000000
0.997391 0.002522 0.000054 0.000016 0.000000 0.000017 0.000000
0.996926 0.002975 0.000060 0.000022 0.000000 0.000017 0.000000
0.996424 0.003466 0.000068 0.000025 0.000000 0.000017 0.000000
0.995778 0.004102 0.000074 0.000029 0.000000 0.000016 0.000000
0.995071 0.004799 0.000078 0.000036 0.000000 0.000015 0.000000
0.994185 0.005669 0.000093 0.000038 0.000000 0.000015 0.000000
0.993174 0.006668 0.000099 0.000046 0.000000 0.000014 0.000000
0.992370 0.007452 0.000104 0.000060 0.000000 0.000014 0.000000
0.990578 0.009221 0.000125 0.000062 0.000000 0.000014 0.000000
0.988576 0.011187 0.000135 0.000089 0.000000 0.000013 0.000000
0.985892 0.013816 0.000166 0.000113 0.000000 0.000014 0.000000
0.983586 0.016080 0.000198 0.000125 0.000000 0.000011 0.000000
0.980035 0.019535 0.000275 0.000143 0.000000 0.000011 0.000000
0.976000 0.023463 0.000354 0.000173 0.000000 0.000011 0.000000
0.971314 0.028015 0.000417 0.000245 0.000000 0.000009 0.000000
0.965421 0.033808 0.000484 0.000277 0.000000 0.000009 0.000000
0.958405 0.040667 0.000588 0.000331 0.000000 0.000009 0.000000
0.953847 0.045138 0.000629 0.000370 0.000000 0.000016 0.000000
0.945328 0.053430 0.000801 0.000423 0.000000 0.000018 0.000000
0.937038 0.061531 0.000944 0.000470 0.000000 0.000017 0.000000
0.927204 0.071108 0.001092 0.000576 0.000000 0.000021 0.000000
0.915366 0.082587 0.001319 0.000694 0.000000 0.000034 0.000000
0.905817 0.091882 0.001447 0.000810 0.000000 0.000044 0.000000
0.892203 0.105118 0.001686 0.000943 0.000000 0.000051 0.000000
0.879693 0.117300 0.001897 0.001050 0.000000 0.000060 0.000000
0.868511 0.128202 0.002058 0.001164 0.000000 0.000064 0.000000
0.853108 0.143217 0.002300 0.001307 0.000000 0.000068 0.000000
0.839748 0.156197 0.002550 0.001437 0.000000 0.000068 0.000000
0.825336 0.170111 0.002868 0.001611 0.000000 0.000074 0.000000
0.811527 0.183430 0.003191 0.001757 0.000001 0.000095 0.000000
0.796426 0.197988 0.003519 0.001963 0.000002 0.000102 0.000000
0.777224 0.216449 0.004002 0.002196 0.000002 0.000127 0.000000
0.764116 0.229075 0.004275 0.002397 0.000002 0.000134 0.000000
0.748662 0.243959 0.004626 0.002608 0.000002 0.000143 0.000000
0.732612 0.259177 0.005132 0.002914 0.000002 0.000164 0.000000
0.713659 0.277261 0.005658 0.003235 0.000002 0.000185 0.000000
0.695700 0.294374 0.006189 0.003533 0.000001 0.000202 0.000000
0.683354 0.306066 0.006586 0.003772 0.000004 0.000218 0.000000
0.669298 0.319294 0.007099 0.004061 0.000005 0.000243 0.000000
0.653802 0.333918 0.007667 0.004345 0.000004 0.000265 0.000000
0.638916 0.347944 0.008219 0.004626 0.000005 0.000290 0.000000
0.621632 0.364198 0.008853 0.004991 0.000004 0.000322 0.000000
0.606296 0.378636 0.009403 0.005319 0.000005 0.000340 0.000000
0.592224 0.391695 0.010027 0.005688 0.000004 0.000362 0.000000
0.580702 0.402396 0.010514 0.005993 0.000004 0.000393 0.000000
0.565037 0.416744 0.011294 0.006475 0.000006 0.000444 0.000000
0.554323 0.426513 0.011889 0.006789 0.000006 0.000480 0.000000
0.541499 0.438230 0.012588 0.007163 0.000007 0.000513 0.000000
0.529917 0.448686 0.013288 0.007561 0.000007 0.000540 0.000000
0.520488 0.457185 0.013839 0.007910 0.000007 0.000571 0.000000
0.510254 0.466382 0.014532 0.008214 0.000007 0.000611 0.000000
0.497723 0.477477 0.015390 0.008734 0.000008 0.000668 0.000000
0.484055 0.489573 0.016361 0.009275 0.000008 0.000727 0.000000
0.475845 0.496806 0.016955 0.009620 0.000008 0.000765 0.000000
0.463588 0.507508 0.017891 0.010168 0.000008 0.000836 0.000000
0.456383 0.513623 0.018505 0.010584 0.000009 0.000896 0.000000
0.445421 0.523136 0.019411 0.011074 0.000008 0.000950 0.000000
0.435518 0.531600 0.020303 0.011557 0.000009 0.001013 0.000000
0.426062 0.539691 0.021111 0.012049 0.000009 0.001077 0.000000
0.415734 0.548282 0.022195 0.012629 0.000010 0.001150 0.000000
0.408812 0.553914 0.022997 0.013059 0.000011 0.001207 0.000000
0.402089 0.559478 0.023730 0.013420 0.000012 0.001272 0.000000
0.395189 0.565119 0.024449 0.013876 0.000011 0.001355 0.000000
0.386399 0.572227 0.025437 0.014475 0.000013 0.001448 0.000000
0.375483 0.581209 0.026593 0.015163 0.000015 0.001536 0.000000
0.374284 0.581391 0.027208 0.015501 0.000016 0.001600 0.000000
0.361436 0.592060 0.028526 0.016221 0.000019 0.001738 0.000000
0.353474 0.598518 0.029398 0.016766 0.000019 0.001826 0.000000
0.346454 0.603766 0.030429 0.017408 0.000020 0.001922 0.000000
0.337748 0.610526 0.031587 0.018072 0.000022 0.002044 0.000000
0.331492 0.615057 0.032633 0.018644 0.000024 0.002151 0.000000
0.325864 0.618730 0.033864 0.019247 0.000025 0.002270 0.000000
0.322373 0.621233 0.034467 0.019558 0.000026 0.002343 0.000000
0.316896 0.625015 0.035482 0.020139 0.000027 0.002441 0.000000
0.309682 0.629939 0.036870 0.020887 0.000029 0.002593 0.000000
0.300547 0.636338 0.038425 0.021832 0.000031 0.002826 0.000000
0.297940 0.637862 0.039025 0.022225 0.000034 0.002915 0.000000
0.285847 0.647215 0.040645 0.023132 0.000034 0.003127 0.000000
0.283628 0.647801 0.041633 0.023625 0.000036 0.003277 0.000000
0.282788 0.646713 0.042706 0.024303 0.000036 0.003455 0.000000
0.277195 0.650519 0.043743 0.024899 0.000039 0.003604 0.000000
0.272760 0.653204 0.044797 0.025441 0.000041 0.003757 0.000000
0.263801 0.659836 0.046109 0.026318 0.000038 0.003898 0.000000
0.254595 0.665256 0.048363 0.027510 0.000045 0.004231 0.000000
0.250801 0.668120 0.048890 0.027840 0.000048 0.004301 0.000000
0.244479 0.671439 0.050613 0.028840 0.000050 0.004579 0.000000
0.242435 0.672250 0.051316 0.029172 0.000054 0.004772 0.000000
0.237713 0.674290 0.052799 0.030142 0.000065 0.004992 0.000000
0.228530 0.680125 0.054728 0.031212 0.000070 0.005336 0.000000
0.230121 0.677966 0.055036 0.031407 0.000067 0.005402 0.000000
0.226414 0.679822 0.056083 0.031990 0.000071 0.005619 0.000000
0.217085 0.685557 0.058114 0.033185 0.000070 0.005990 0.000000
0.215006 0.685865 0.059114 0.033716 0.000079 0.006220 0.000000
0.212711 0.685558 0.060541 0.034612 0.000083 0.006495 0.000000
0.206857 0.688568 0.062196 0.035529 0.000086 0.006763 0.000000
0.202554 0.690498 0.063585 0.036238 0.000088 0.007036 0.000000
0.197796 0.692065 0.065355 0.037286 0.000093 0.007405 0.000000
0.191578 0.695639 0.066814 0.038214 0.000096 0.007658 0.000000
0.187514 0.696508 0.068567 0.039282 0.000100 0.008030 0.000000
0.185640 0.696888 0.069449 0.039721 0.000103 0.008199 0.000000
0.179795 0.699133 0.071483 0.040840 0.000112 0.008636 0.000000
0.168843 0.706129 0.073794 0.042074 0.000113 0.009046 0.000000
0.171629 0.701883 0.074520 0.042517 0.000123 0.009328 0.000000
0.168207 0.702649 0.075985 0.043412 0.000119 0.009627 0.000000
0.158542 0.708084 0.078309 0.044832 0.000126 0.010107 0.000000
0.161047 0.704695 0.078757 0.045020 0.000134 0.010346 0.000000
0.155136 0.707218 0.080478 0.046273 0.000136 0.010759 0.000000
0.154054 0.705939 0.081885 0.046859 0.000145 0.011119 0.000000
0.148234 0.708665 0.083680 0.047795 0.000147 0.011479 0.000000
0.147763 0.707850 0.084331 0.048246 0.000146 0.011663 0.000000
0.141586 0.710569 0.086304 0.049234 0.000158 0.012148 0.000000
0.133482 0.713453 0.089256 0.050868 0.000166 0.012775 0.000000
0.132237 0.712902 0.090143 0.051494 0.000164 0.013060 0.000000
0.133449 0.709250 0.091368 0.052251 0.000168 0.013514 0.000000
0.126350 0.711959 0.093779 0.053616 0.000180 0.014117 0.000000
0.121925 0.712614 0.095707 0.054888 0.000190 0.014676 0.000000
0.122867 0.710970 0.095921 0.055155 0.000196 0.014891 0.000000
0.120714 0.709153 0.098208 0.056251 0.000200 0.015473 0.000000
0.112320 0.712641 0.100896 0.057803 0.000212 0.016130 0.000000
0.111768 0.710985 0.101977 0.058497 0.000215 0.016559 0.000000
0.109294 0.711300 0.103157 0.059168 0.000212 0.016868 0.000000
0.106910 0.710708 0.104613 0.060033 0.000223 0.017514 0.000000
0.109873 0.705425 0.105804 0.060753 0.000236 0.017908 0.000000
0.103167 0.707909 0.108063 0.062017 0.000232 0.018611 0.000000
0.102474 0.705682 0.109554 0.062948 0.000248 0.019092 0.000000
0.098548 0.706529 0.111236 0.063788 0.000267 0.019632 0.000000
0.100709 0.703040 0.111969 0.064108 0.000264 0.019909 0.000000
0.100528 0.698523 0.114353 0.065551 0.000286 0.020758 0.000000
0.096951 0.699600 0.115661 0.066281 0.000279 0.021227 0.000000
0.095501 0.699038 0.116644 0.066863 0.000295 0.021660 0.000000
0.097918 0.695789 0.117070 0.066991 0.000286 0.021946 0.000000
0.098675 0.692091 0.118604 0.067872 0.000292 0.022467 0.000000
0.094599 0.691337 0.121136 0.069243 0.000310 0.023375 0.000000
0.092478 0.691873 0.121996 0.069711 0.000319 0.023623 0.000000
0.090246 0.690631 0.123788 0.070690 0.000318 0.024326 0.000000
0.087050 0.689993 0.125694 0.071951 0.000329 0.024984 0.000000
0.089696 0.688103 0.125162 0.071557 0.000327 0.025155 0.000000
0.082681 0.688996 0.128554 0.073383 0.000344 0.026043 0.000000
0.084272 0.685805 0.129159 0.073856 0.000336 0.026571 0.000000
0.081808 0.685509 0.130512 0.074665 0.000349 0.027157 0.000000
0.079504 0.686815 0.131040 0.074983 0.000349 0.027308 0.000000
0.073445 0.686974 0.134122 0.076652 0.000361 0.028446 0.000000
0.076952 0.682916 0.134273 0.076612 0.000367 0.028879 0.000000
0.067757 0.687214 0.136732 0.078262 0.000369 0.029667 0.000000
0.066311 0.683831 0.139194 0.079576 0.000389 0.030700 0.000000
0.062332 0.684258 0.140886 0.080768 0.000391 0.031365 0.000000
0.059167 0.683022 0.143326 0.081775 0.000412 0.032297 0.000000
0.059112 0.681822 0.143825 0.082098 0.000426 0.032718 0.000000
0.055579 0.681275 0.145945 0.083172 0.000416 0.033613 0.000000
0.057825 0.677915 0.146293 0.083672 0.000415 0.033882 0.000000
0.057302 0.675013 0.148078 0.084443 0.000419 0.034745 0.000000
0.055867 0.674681 0.148924 0.084913 0.000438 0.035177 0.000000
0.053703 0.671295 0.151466 0.086693 0.000465 0.036377 0.000000
0.051525 0.671170 0.152726 0.087224 0.000448 0.036908 0.000000
0.050821 0.669695 0.153667 0.087814 0.000461 0.037542 0.000000
0.053002 0.665609 0.154373 0.088369 0.000463 0.038184 0.000000
0.048916 0.665845 0.156390 0.089417 0.000480 0.038952 0.000000
0.047235 0.663810 0.158180 0.090528 0.000485 0.039763 0.000000
0.045771 0.662109 0.159597 0.091379 0.000510 0.040634 0.000001
0.046204 0.658819 0.160815 0.092143 0.000523 0.041494 0.000001
0.044815 0.659221 0.161360 0.092343 0.000506 0.041755 0.000001
0.045467 0.655602 0.162800 0.093114 0.000531 0.042485 0.000001
0.044546 0.653810 0.164154 0.093735 0.000530 0.043224 0.000001
0.041831 0.650480 0.166978 0.095452 0.000583 0.044676 0.000001
0.041000 0.650621 0.167357 0.095441 0.000562 0.045018 0.000001
0.040793 0.650467 0.167411 0.095575 0.000554 0.045200 0.000001
0.038866 0.647982 0.169314 0.096899 0.000582 0.046355 0.000001
0.036682 0.645256 0.171650 0.098174 0.000605 0.047632 0.000001
0.035119 0.644484 0.172710 0.098743 0.000611 0.048331 0.000002
0.034254 0.643989 0.173356 0.099078 0.000601 0.048721 0.000002
0.033419 0.640575 0.175286 0.100164 0.000632 0.049922 0.000002
0.032680 0.637727 0.176893 0.101088 0.000640 0.050971 0.000002
0.036731 0.632350 0.177308 0.101343 0.000668 0.051599 0.000002
0.038393 0.631127 0.177124 0.101015 0.000658 0.051680 0.000003
0.036814 0.629497 0.178487 0.101872 0.000654 0.052674 0.000003
0.034776 0.627619 0.180069 0.102918 0.000690 0.053925 0.000003
0.038368 0.623507 0.180312 0.103030 0.000662 0.054117 0.000003
0.035650 0.621167 0.182690 0.104328 0.000686 0.055476 0.000002
0.034597 0.619029 0.184161 0.105088 0.000705 0.056416 0.000003
0.038350 0.616435 0.183265 0.104746 0.000681 0.056520 0.000003
0.038711 0.613153 0.184527 0.105226 0.000703 0.057678 0.000003
0.035672 0.612390 0.186380 0.106150 0.000710 0.058696 0.000003
0.034541 0.611427 0.187439 0.106430 0.000720 0.059439 0.000003
0.038797 0.604988 0.188022 0.107118 0.000731 0.060342 0.000003
0.034465 0.606277 0.189418 0.107983 0.000730 0.061125 0.000004
0.033063 0.605316 0.190258 0.108659 0.000754 0.061946 0.000004
0.033288 0.603097 0.191013 0.108967 0.000770 0.062861 0.000004
0.033322 0.601926 0.191668 0.109030 0.000745 0.063304 0.000004
0.032161 0.600350 0.192717 0.109702 0.000773 0.064292 0.000004
0.031367 0.598948 0.193756 0.110023 0.000778 0.065123 0.000004
0.028021 0.596499 0.196217 0.111789 0.000796 0.066673 0.000006
0.027734 0.594736 0.196900 0.112334 0.000823 0.067467 0.000006
0.028892 0.592871 0.197135 0.112304 0.000808 0.067986 0.000004
0.027557 0.591164 0.198429 0.112989 0.000807 0.069049 0.000005
0.026770 0.588772 0.199641 0.113745 0.000829 0.070240 0.000005
0.026357 0.587551 0.200223 0.113922 0.000855 0.071088 0.000005
0.024389 0.584265 0.202538 0.115315 0.000865 0.072622 0.000005
0.030008 0.580187 0.201573 0.114852 0.000877 0.072500 0.000005
0.034605 0.575956 0.201199 0.114423 0.000856 0.072958 0.000004
0.030693 0.577026 0.202494 0.115026 0.000873 0.073882 0.000005
0.032444 0.571505 0.203813 0.116056 0.000909 0.075268 0.000005
0.035091 0.569329 0.203574 0.115665 0.000874 0.075462 0.000004
0.033717 0.568056 0.204403 0.116400 0.000908 0.076510 0.000006
0.035675 0.565094 0.204738 0.116420 0.000928 0.077140 0.000005
0.033259 0.564130 0.206112 0.117300 0.000923 0.078270 0.000006
0.033674 0.562525 0.206304 0.117412 0.000938 0.079139 0.000008
0.033187 0.559713 0.207552 0.118302 0.000951 0.080288 0.000007
0.034945 0.557722 0.207480 0.118212 0.000954 0.080682 0.000006
0.028565 0.559823 0.209494 0.119285 0.000958 0.081867 0.000008
0.030668 0.555538 0.209811 0.119970 0.000979 0.083026 0.000007
0.029717 0.554952 0.210676 0.120119 0.000988 0.083540 0.000008
0.027418 0.552866 0.212442 0.121343 0.001016 0.084907 0.000009
0.028437 0.551327 0.212408 0.121056 0.000996 0.085768 0.000007
0.026195 0.551461 0.213272 0.121574 0.001032 0.086458 0.000008
0.022505 0.547999 0.216512 0.123475 0.001032 0.088469 0.000007
0.024642 0.547883 0.215525 0.122657 0.001030 0.088254 0.000008
0.024582 0.545293 0.216372 0.123284 0.001051 0.089409 0.000008
0.023239 0.543868 0.217397 0.124084 0.001073 0.090331 0.000008
0.022233 0.541587 0.218741 0.124555 0.001079 0.091796 0.000008
0.020971 0.540070 0.219678 0.125378 0.001131 0.092765 0.000007
0.021242 0.538489 0.220061 0.125492 0.001114 0.093598 0.000005
0.021861 0.536965 0.220202 0.125586 0.001113 0.094266 0.000008
0.019693 0.533118 0.222611 0.127171 0.001151 0.096247 0.000009
0.019774 0.533345 0.222573 0.126924 0.001170 0.096206 0.000009
0.018901 0.531325 0.223780 0.127440 0.001166 0.097381 0.000008
0.019190 0.529416 0.224131 0.127831 0.001185 0.098239 0.000009
0.018880 0.527009 0.225035 0.128258 0.001186 0.099622 0.000010
0.018757 0.525560 0.225471 0.128415 0.001190 0.100599 0.000008
0.017570 0.522525 0.227222 0.129615 0.001237 0.101820 0.000011
0.017848 0.522147 0.227365 0.129395 0.001209 0.102023 0.000013
0.017688 0.518247 0.228746 0.130051 0.001249 0.104005 0.000015
0.017583 0.517691 0.228885 0.130049 0.001255 0.104521 0.000016
0.017493 0.518298 0.228474 0.130136 0.001264 0.104321 0.000015
0.016613 0.513728 0.230569 0.131310 0.001250 0.106514 0.000015
0.016424 0.510536 0.231681 0.131888 0.001303 0.108149 0.000018
0.016626 0.509570 0.231551 0.131932 0.001309 0.108996 0.000016
0.016525 0.508720 0.231941 0.132260 0.001276 0.109261 0.000017
0.016399 0.506583 0.232858 0.132404 0.001302 0.110438 0.000016
0.016184 0.504370 0.233439 0.133293 0.001305 0.111393 0.000016
0.016008 0.502043 0.234350 0.133378 0.001330 0.112875 0.000015
0.015762 0.498926 0.235214 0.134166 0.001340 0.114573 0.000018
0.015806 0.498348 0.235624 0.134401 0.001351 0.114453 0.000017
0.016062 0.496309 0.235945 0.134591 0.001346 0.115730 0.000018
0.015986 0.494425 0.236747 0.134692 0.001360 0.116769 0.000021
0.015310 0.493419 0.237391 0.134996 0.001370 0.117496 0.000018
0.015642 0.490888 0.237520 0.135539 0.001411 0.118985 0.000015
0.015502 0.488846 0.238849 0.135716 0.001423 0.119648 0.000018
0.015438 0.486966 0.239271 0.136018 0.001416 0.120872 0.000019
0.015359 0.485628 0.239410 0.136413 0.001437 0.121736 0.000018
0.015499 0.485863 0.239156 0.136158 0.001444 0.121860 0.000020
0.015136 0.481894 0.240690 0.136885 0.001433 0.123941 0.000019
0.015047 0.480557 0.240970 0.137209 0.001434 0.124764 0.000019
0.015210 0.478937 0.241224 0.137319 0.001452 0.125839 0.000020
0.015110 0.477231 0.241848 0.137752 0.001488 0.126555 0.000017
0.015050 0.474555 0.242659 0.138096 0.001480 0.128143 0.000017
0.015018 0.472494 0.243261 0.138281 0.001514 0.129413 0.000019
0.014763 0.473561 0.243050 0.138211 0.001503 0.128894 0.000017
0.014916 0.470584 0.243997 0.138552 0.001516 0.130415 0.000020
0.014734 0.468148 0.244727 0.139030 0.001521 0.131822 0.000018
0.014844 0.467241 0.244770 0.139001 0.001568 0.132557 0.000018
0.014455 0.463828 0.246162 0.139747 0.001536 0.134254 0.000017
0.014557 0.461375 0.246568 0.140323 0.001586 0.135572 0.000019
0.014509 0.460513 0.246829 0.140291 0.001568 0.136272 0.000017
0.014412 0.458187 0.247524 0.140457 0.001603 0.137800 0.000017
0.014353 0.458506 0.246917 0.140732 0.001587 0.137887 0.000018
0.014385 0.454954 0.248241 0.141105 0.001622 0.139674 0.000018
0.014389 0.453813 0.248380 0.141341 0.001600 0.140457 0.000018
0.014369 0.452653 0.248677 0.141595 0.001637 0.141050 0.000018
0.014351 0.449477 0.249418 0.141906 0.001674 0.143155 0.000019
0.014513 0.449109 0.249476 0.141849 0.001685 0.143348 0.000021
0.014203 0.445784 0.250728 0.142364 0.001657 0.145245 0.000020
0.014118 0.444943 0.250800 0.142586 0.001710 0.145822 0.000020
0.014219 0.444548 0.250536 0.142406 0.001691 0.146577 0.000022
0.014079 0.442670 0.251207 0.142857 0.001728 0.147438 0.000021
0.013896 0.439873 0.252040 0.143247 0.001724 0.149198 0.000021
0.014047 0.437953 0.252573 0.143407 0.001748 0.150250 0.000022
0.014065 0.437655 0.252435 0.143462 0.001741 0.150621 0.000022
0.014065 0.435727 0.252946 0.143726 0.001767 0.151746 0.000023
0.013884 0.434782 0.252937 0.143692 0.001744 0.152936 0.000025
0.013784 0.431745 0.253876 0.144204 0.001771 0.154596 0.000025
0.013741 0.430490 0.254395 0.144490 0.001783 0.155075 0.000026
0.013840 0.429022 0.254661 0.144704 0.001809 0.155939 0.000023
0.013730 0.426704 0.254986 0.145006 0.001846 0.157704 0.000024
0.013706 0.424792 0.255857 0.145051 0.001841 0.158727 0.000027
0.013948 0.423625 0.255729 0.145267 0.001821 0.159585 0.000025
0.013516 0.423241 0.255802 0.145044 0.001847 0.160525 0.000025
0.013633 0.421749 0.255955 0.145492 0.001855 0.161293 0.000024
0.014104 0.420908 0.256201 0.145392 0.001875 0.161493 0.000027
0.013823 0.418265 0.257049 0.145926 0.001884 0.163030 0.000024
0.013793 0.416668 0.256993 0.146150 0.001869 0.164501 0.000025
0.013685 0.414544 0.257375 0.146421 0.001878 0.166067 0.000030
0.013804 0.412866 0.257546 0.146502 0.001898 0.167354 0.000029
0.013596 0.412241 0.257902 0.146668 0.001941 0.167627 0.000025
0.013619 0.410187 0.258364 0.146823 0.001951 0.169030 0.000026
0.013786 0.409209 0.258499 0.146937 0.001921 0.169622 0.000027
0.013751 0.407230 0.258734 0.147250 0.001968 0.171037 0.000029
0.013600 0.405448 0.259185 0.147522 0.001967 0.172248 0.000030
0.013773 0.406243 0.258428 0.147387 0.001951 0.172193 0.000025
0.013752 0.401610 0.259867 0.147666 0.002000 0.175078 0.000027
0.013608 0.400701 0.259913 0.147986 0.002008 0.175752 0.000031
0.013581 0.400262 0.260067 0.147792 0.002003 0.176268 0.000027
0.013627 0.398708 0.259964 0.148199 0.002055 0.177416 0.000031
0.013625 0.397471 0.260557 0.148211 0.002020 0.178082 0.000034
0.013590 0.395413 0.260994 0.148581 0.002047 0.179345 0.000031
0.013507 0.394515 0.260866 0.148592 0.002053 0.180434 0.000033
0.013645 0.391537 0.261626 0.149226 0.002065 0.181866 0.000035
0.013547 0.391224 0.261677 0.148977 0.002069 0.182474 0.000032
0.013556 0.390946 0.261358 0.148970 0.002058 0.183081 0.000033
0.013655 0.387813 0.262287 0.148978 0.002063 0.185172 0.000032
0.013530 0.387422 0.262234 0.149413 0.002123 0.185247 0.000031
0.013558 0.385861 0.262373 0.149469 0.002110 0.186594 0.000035
0.013508 0.383677 0.262933 0.149532 0.002098 0.188217 0.000035
0.013362 0.382510 0.263037 0.149854 0.002131 0.189069 0.000037
0.013677 0.381026 0.263334 0.149668 0.002130 0.190130 0.000035
0.013518 0.379676 0.263365 0.149729 0.002198 0.191482 0.000032
0.013686 0.378747 0.263658 0.149998 0.002156 0.191717 0.000038
0.013511 0.376062 0.264094 0.150164 0.002174 0.193956 0.000040
0.013573 0.375652 0.263913 0.150051 0.002158 0.194620 0.000033
0.013241 0.374722 0.264462 0.150310 0.002178 0.195047 0.000039
0.013343 0.371896 0.264875 0.150386 0.002221 0.197241 0.000038
0.013361 0.370838 0.264788 0.150598 0.002254 0.198120 0.000041
0.013640 0.369727 0.264580 0.150296 0.002233 0.199489 0.000035
0.013261 0.368368 0.264923 0.150770 0.002276 0.200364 0.000038
0.013434 0.368260 0.264803 0.150779 0.002257 0.200432 0.000035
0.013467 0.367154 0.264904 0.150781 0.002238 0.201420 0.000036
0.013716 0.365286 0.265218 0.150691 0.002268 0.202786 0.000035
0.013361 0.364161 0.265183 0.151307 0.002264 0.203687 0.000036
0.013414 0.362983 0.265516 0.150984 0.002300 0.204768 0.000034
0.013713 0.361795 0.265348 0.151049 0.002311 0.205742 0.000041
0.013431 0.360169 0.265733 0.151225 0.002341 0.207062 0.000039
0.013602 0.359036 0.265828 0.151344 0.002345 0.207804 0.000041
0.013213 0.357150 0.265804 0.151524 0.002332 0.209943 0.000035
0.013223 0.355655 0.266222 0.151471 0.002350 0.211037 0.000043
0.013468 0.355077 0.266472 0.151346 0.002356 0.211241 0.000040
0.013496 0.353191 0.266522 0.151589 0.002385 0.212775 0.000042
0.013478 0.352018 0.266753 0.151652 0.002400 0.213658 0.000041
0.013737 0.350325 0.266755 0.151666 0.002385 0.215093 0.000040
0.013663 0.349664 0.266928 0.151823 0.002398 0.215482 0.000043
0.013331 0.348086 0.266791 0.151878 0.002421 0.217452 0.000041
0.013501 0.346470 0.266801 0.152006 0.002428 0.218753 0.000042
0.013756 0.345607 0.266947 0.151886 0.002444 0.219317 0.000043
0.013584 0.345765 0.267134 0.151740 0.002444 0.219293 0.000040
0.013520 0.344428 0.267426 0.151716 0.002462 0.220408 0.000040
0.013619 0.341526 0.267667 0.152051 0.002465 0.222626 0.000045
0.013489 0.340131 0.267717 0.152004 0.002481 0.224136 0.000043
0.013516 0.339623 0.267879 0.151758 0.002505 0.224669 0.000050
0.013598 0.338514 0.267930 0.152221 0.002505 0.225182 0.000050
0.013545 0.337695 0.267748 0.152050 0.002525 0.226386 0.000050
0.013474 0.336250 0.267917 0.152120 0.002500 0.227688 0.000051
0.013538 0.334766 0.268225 0.152031 0.002527 0.228869 0.000044
0.013574 0.334209 0.268236 0.152119 0.002547 0.229267 0.000048
0.013599 0.333149 0.268273 0.152069 0.002542 0.230317 0.000050
0.013630 0.332149 0.268145 0.152127 0.002554 0.231345 0.000051
0.013780 0.330519 0.268467 0.152387 0.002543 0.232250 0.000054
0.013579 0.328040 0.268511 0.152399 0.002559 0.234867 0.000045
0.013706 0.327589 0.268926 0.152315 0.002594 0.234821 0.000049
0.013540 0.326271 0.268489 0.152469 0.002600 0.236578 0.000054
0.013560 0.323772 0.268856 0.152709 0.002597 0.238452 0.000053
0.013943 0.323863 0.268680 0.152487 0.002610 0.238365 0.000054
0.013775 0.323045 0.268645 0.152445 0.002606 0.239436 0.000047
0.013644 0.321389 0.268879 0.152672 0.002599 0.240761 0.000056
0.013867 0.320816 0.269080 0.152447 0.002617 0.241121 0.000052
0.013607 0.318894 0.268951 0.152644 0.002633 0.243217 0.000054
0.013763 0.318012 0.268961 0.152645 0.002598 0.243968 0.000053
0.013923 0.317149 0.268882 0.152485 0.002623 0.244886 0.000051
0.013768 0.315555 0.268930 0.152550 0.002688 0.246453 0.000055
0.013990 0.314279 0.269470 0.152518 0.002700 0.246988 0.000056
0.013866 0.313534 0.269209 0.152547 0.002694 0.248091 0.000059
0.013695 0.312784 0.269051 0.152618 0.002698 0.249096 0.000058
0.014064 0.312701 0.268826 0.152298 0.002709 0.249348 0.000054
0.013903 0.310479 0.269175 0.152444 0.002760 0.251183 0.000055
0.013873 0.307983 0.269132 0.152688 0.002764 0.253503 0.000057
0.013957 0.308765 0.269253 0.152458 0.002746 0.252765 0.000058
0.013832 0.306680 0.269483 0.152508 0.002788 0.254653 0.000057
0.013843 0.305851 0.269335 0.152602 0.002783 0.255525 0.000061
0.013846 0.304864 0.269538 0.152575 0.002797 0.256320 0.000059
0.013833 0.303600 0.269329 0.152465 0.002791 0.257925 0.000056
0.014069 0.303423 0.269151 0.152207 0.002827 0.258264 0.000059
0.013810 0.301707 0.269085 0.152276 0.002821 0.260246 0.000056
0.013922 0.301056 0.269120 0.152302 0.002813 0.260724 0.000065
0.014047 0.299528 0.269241 0.152325 0.002868 0.261934 0.000057
0.014082 0.298542 0.269040 0.152194 0.002861 0.263223 0.000058
0.014233 0.297206 0.269273 0.152162 0.002870 0.264198 0.000059
0.014197 0.296890 0.268708 0.152314 0.002850 0.264986 0.000055
0.014074 0.296037 0.269204 0.152186 0.002861 0.265576 0.000062
0.014153 0.294418 0.268837 0.152058 0.002889 0.267585 0.000061
0.013882 0.292894 0.269100 0.152197 0.002927 0.268940 0.000060
0.013879 0.292384 0.268912 0.151927 0.002851 0.269977 0.000069
0.014051 0.291027 0.268779 0.152287 0.002932 0.270852 0.000072
0.014365 0.289330 0.268723 0.152113 0.002936 0.272459 0.000075
0.013991 0.288456 0.269170 0.151848 0.002951 0.273513 0.000071
0.013889 0.287754 0.268952 0.152145 0.002942 0.274247 0.000070
0.014081 0.287167 0.268949 0.152117 0.002937 0.274679 0.000070
0.014072 0.286586 0.268785 0.151979 0.002956 0.275554 0.000067
0.014352 0.285114 0.268788 0.151919 0.002967 0.276788 0.000073
0.014139 0.283670 0.268600 0.151965 0.002972 0.278584 0.000070
0.014289 0.283008 0.268990 0.151849 0.002941 0.278854 0.000070
0.013970 0.281506 0.268678 0.151583 0.003031 0.281155 0.000077
0.014245 0.281171 0.268273 0.151750 0.003000 0.281492 0.000068
0.014292 0.280862 0.267895 0.151778 0.003004 0.282099 0.000070
0.014444 0.279770 0.267894 0.151773 0.003044 0.282996 0.000078
0.014341 0.278488 0.267753 0.151951 0.003009 0.284389 0.000070
0.014479 0.277506 0.267460 0.151582 0.003074 0.285834 0.000065
0.014290 0.276441 0.267739 0.151488 0.003033 0.286938 0.000070
0.014787 0.275086 0.267379 0.151769 0.003064 0.287842 0.000073
0.014609 0.274744 0.267612 0.151582 0.003050 0.288336 0.000067
0.014827 0.273323 0.267600 0.151399 0.003101 0.289669 0.000080
0.014501 0.272217 0.267776 0.151478 0.003091 0.290866 0.000071
0.014564 0.271356 0.267021 0.151565 0.003105 0.292314 0.000075
0.014474 0.269976 0.266967 0.151407 0.003140 0.293965 0.000072
0.014664 0.269935 0.267296 0.151202 0.003093 0.293738 0.000073
0.014507 0.268392 0.267121 0.150976 0.003152 0.295785 0.000067
0.014690 0.268214 0.266798 0.151430 0.003168 0.295632 0.000070
0.014599 0.267205 0.266640 0.151022 0.003160 0.297304 0.000071
0.014728 0.266729 0.266662 0.150931 0.003158 0.297718 0.000074
0.014625 0.265640 0.266417 0.150763 0.003199 0.299287 0.000069
0.014686 0.264931 0.266327 0.150991 0.003231 0.299762 0.000072
0.014673 0.264046 0.266518 0.150936 0.003217 0.300531 0.000080
0.014800 0.262594 0.266096 0.150849 0.003186 0.302400 0.000074
0.014782 0.262146 0.266234 0.150700 0.003209 0.302856 0.000073
0.014494 0.260388 0.266333 0.150831 0.003238 0.304637 0.000078
0.014881 0.260452 0.265794 0.150431 0.003220 0.305158 0.000064
0.014835 0.258343 0.265716 0.150695 0.003199 0.307135 0.000076
0.014593 0.258110 0.265445 0.150480 0.003262 0.308037 0.000073
0.014771 0.257931 0.265356 0.150512 0.003243 0.308113 0.000075
0.014705 0.256503 0.265620 0.150239 0.003269 0.309588 0.000076
0.014798 0.256514 0.264930 0.150387 0.003350 0.309951 0.000071
0.014726 0.255145 0.265071 0.150171 0.003244 0.311574 0.000070
0.014980 0.254303 0.264937 0.150083 0.003323 0.312300 0.000073
0.015132 0.252722 0.264799 0.149821 0.003308 0.314140 0.000077
0.015018 0.252496 0.264934 0.149867 0.003319 0.314291 0.000075
0.014885 0.251735 0.264302 0.149811 0.003357 0.315840 0.000071
0.014961 0.250688 0.264328 0.150136 0.003274 0.316537 0.000078
0.015020 0.249686 0.264407 0.149772 0.003344 0.317689 0.000082
0.014989 0.248507 0.264418 0.149722 0.003371 0.318916 0.000078
0.014907 0.248349 0.264049 0.149475 0.003400 0.319741 0.000079
0.015030 0.247527 0.263819 0.149478 0.003366 0.320691 0.000089
0.014909 0.246136 0.263897 0.149542 0.003374 0.322061 0.000081
0.015177 0.245480 0.263486 0.149406 0.003360 0.323006 0.000084
0.015122 0.244872 0.263345 0.149602 0.003410 0.323569 0.000080
0.015331 0.243638 0.263355 0.149137 0.003429 0.325034 0.000076
0.015263 0.243141 0.263266 0.148940 0.003439 0.325863 0.000088
0.015252 0.242424 0.263220 0.149131 0.003408 0.326478 0.000087
0.015499 0.241589 0.262568 0.148934 0.003413 0.327912 0.000085
0.015224 0.240605 0.262786 0.148579 0.003517 0.329210 0.000080
0.015302 0.239805 0.262483 0.148864 0.003445 0.330018 0.000083
0.015281 0.238668 0.262305 0.148687 0.003501 0.331467 0.000090
0.015572 0.238258 0.262120 0.148535 0.003496 0.331934 0.000085
0.015460 0.237397 0.262125 0.148600 0.003494 0.332843 0.000081
0.015437 0.237219 0.261803 0.148192 0.003519 0.333743 0.000087
0.015617 0.236537 0.261576 0.148092 0.003527 0.334565 0.000086
0.015519 0.234503 0.261339 0.148167 0.003544 0.336846 0.000082
0.015328 0.234363 0.261156 0.148235 0.003554 0.337272 0.000091
0.015491 0.233873 0.261052 0.148119 0.003556 0.337819 0.000090
0.015476 0.232366 0.260797 0.148062 0.003561 0.339649 0.000088
0.016042 0.232209 0.260311 0.147902 0.003561 0.339892 0.000083
0.015745 0.231495 0.260364 0.147714 0.003580 0.341011 0.000091
0.015790 0.230148 0.260411 0.147649 0.003627 0.342288 0.000088
0.015914 0.229531 0.260191 0.147418 0.003622 0.343230 0.000093
0.015727 0.229151 0.259652 0.147581 0.003626 0.344172 0.000091
0.015976 0.228372 0.259719 0.147238 0.003651 0.344955 0.000089
0.015715 0.228081 0.260031 0.147029 0.003625 0.345428 0.000092
0.015829 0.226396 0.259437 0.147356 0.003634 0.347255 0.000092
0.016109 0.225867 0.259410 0.147078 0.003660 0.347777 0.000100
0.016039 0.224814 0.259287 0.147108 0.003676 0.348980 0.000095
0.016096 0.224975 0.258833 0.147110 0.003682 0.349207 0.000098
0.016199 0.223820 0.258830 0.146550 0.003648 0.350861 0.000092
0.015890 0.223532 0.258891 0.146483 0.003643 0.351466 0.000096
0.015911 0.222961 0.258608 0.146846 0.003693 0.351893 0.000090
0.016109 0.222423 0.258611 0.146064 0.003696 0.353006 0.000091
0.016191 0.221965 0.258484 0.146493 0.003701 0.353064 0.000101
0.015968 0.220940 0.258137 0.146221 0.003720 0.354919 0.000097
0.016089 0.219474 0.257692 0.146159 0.003707 0.356768 0.000111
0.016216 0.219088 0.257759 0.146063 0.003724 0.357045 0.000106
0.016269 0.218055 0.256960 0.145954 0.003729 0.358926 0.000108
0.016056 0.217304 0.257465 0.145649 0.003714 0.359714 0.000098
0.016380 0.216913 0.256652 0.145706 0.003794 0.360448 0.000108
0.016330 0.216476 0.256758 0.145798 0.003721 0.360803 0.000114
0.016463 0.216034 0.256847 0.145615 0.003740 0.361192 0.000110
0.016622 0.214115 0.256614 0.145222 0.003757 0.363556 0.000113
0.016402 0.214346 0.256018 0.145374 0.003758 0.364000 0.000103
0.016624 0.213493 0.255884 0.145329 0.003751 0.364807 0.000111
0.016629 0.212886 0.255825 0.145028 0.003788 0.365726 0.000119
0.016714 0.212698 0.255975 0.145031 0.003758 0.365706 0.000119
0.016551 0.211268 0.255352 0.144818 0.003750 0.368140 0.000122
0.016650 0.211095 0.255310 0.144714 0.003813 0.368313 0.000104
0.016777 0.210324 0.254980 0.144759 0.003756 0.369288 0.000116
0.016683 0.209098 0.254470 0.144510 0.003827 0.371293 0.000119
0.016292 0.208600 0.254791 0.144495 0.003800 0.371903 0.000117
0.016771 0.207555 0.254317 0.144204 0.003823 0.373219 0.000112
0.016867 0.208203 0.254241 0.144399 0.003794 0.372377 0.000119
0.016541 0.206890 0.254134 0.144460 0.003819 0.374042 0.000114
0.017127 0.206669 0.253970 0.144214 0.003799 0.374113 0.000108
0.016484 0.205740 0.253406 0.143797 0.003850 0.376615 0.000109
0.016882 0.204379 0.253582 0.143454 0.003929 0.377656 0.000118
0.017005 0.203782 0.253426 0.143601 0.003924 0.378147 0.000114
0.016806 0.204310 0.253112 0.143575 0.003890 0.378188 0.000120
0.017125 0.202205 0.252666 0.143219 0.003914 0.380751 0.000122
0.017016 0.202461 0.252801 0.143068 0.003926 0.380603 0.000125
0.017123 0.202429 0.252471 0.143264 0.003879 0.380717 0.000117
0.017201 0.201422 0.252471 0.143185 0.003900 0.381698 0.000123
0.016931 0.200385 0.252106 0.142974 0.003907 0.383572 0.000126
0.017326 0.199698 0.251623 0.143003 0.003901 0.384331 0.000119
0.017202 0.199496 0.251614 0.142742 0.003945 0.384878 0.000123
0.017070 0.197879 0.250979 0.142502 0.003974 0.387476 0.000121
0.017343 0.198661 0.250991 0.142395 0.003971 0.386514 0.000125
0.017747 0.197468 0.250908 0.142520 0.003958 0.387272 0.000127
0.017117 0.197032 0.250744 0.142334 0.003976 0.388661 0.000136
0.017504 0.196099 0.250246 0.142172 0.003951 0.389899 0.000130
0.017237 0.195549 0.249973 0.141878 0.004006 0.391229 0.000128
0.017222 0.195077 0.250354 0.141787 0.003966 0.391463 0.000131
0.017343 0.194873 0.249733 0.141623 0.004015 0.392282 0.000132
0.017518 0.193713 0.249356 0.141531 0.003997 0.393762 0.000123
0.017362 0.193275 0.249293 0.141477 0.003998 0.394458 0.000136
0.017599 0.192875 0.249094 0.141371 0.003936 0.394994 0.000131
0.017239 0.192331 0.248700 0.141046 0.003999 0.396548 0.000137
0.017679 0.191657 0.248577 0.141110 0.003996 0.396847 0.000133
0.017556 0.191104 0.248422 0.140860 0.003990 0.397927 0.000140
0.017381 0.190678 0.247897 0.140973 0.004070 0.398866 0.000136
0.017718 0.189833 0.248098 0.140753 0.004055 0.399402 0.000140
0.017583 0.189127 0.247651 0.140074 0.004089 0.401341 0.000135
0.017644 0.189115 0.247561 0.140342 0.004104 0.401106 0.000128
0.018134 0.187982 0.247199 0.140093 0.004069 0.402388 0.000135
0.017718 0.187925 0.247158 0.139796 0.004057 0.403205 0.000141
0.017705 0.187421 0.247011 0.140002 0.004105 0.403622 0.000135
0.018214 0.186146 0.246499 0.139669 0.004134 0.405199 0.000139
0.017739 0.186271 0.246576 0.139543 0.004079 0.405648 0.000145
0.017906 0.185746 0.246492 0.139653 0.004024 0.406039 0.000140
0.017944 0.184648 0.245746 0.139265 0.004126 0.408132 0.000138
0.018117 0.184203 0.245569 0.139553 0.004076 0.408347 0.000136
0.017941 0.183360 0.245269 0.138902 0.004149 0.410238 0.000140
0.018245 0.182958 0.245158 0.138924 0.004109 0.410465 0.000141
0.018164 0.182122 0.245085 0.138837 0.004118 0.411527 0.000147
0.018225 0.182590 0.244648 0.138913 0.004109 0.411371 0.000143
0.018177 0.181229 0.244302 0.138428 0.004203 0.413522 0.000139
0.018260 0.180968 0.244200 0.138143 0.004179 0.414106 0.000144
0.018267 0.180869 0.244038 0.138220 0.004237 0.414227 0.000144
0.018322 0.179835 0.243712 0.138228 0.004150 0.415610 0.000142
0.018385 0.179703 0.243818 0.138004 0.004178 0.415769 0.000143
0.018418 0.178557 0.242754 0.137732 0.004211 0.418189 0.000139
0.018467 0.178191 0.243021 0.137799 0.004254 0.418120 0.000147
0.018547 0.177586 0.242614 0.137448 0.004219 0.419440 0.000145
0.018301 0.177339 0.242182 0.137076 0.004245 0.420703 0.000155
0.018369 0.176533 0.242796 0.137051 0.004185 0.420922 0.000143
0.018796 0.176420 0.242231 0.136919 0.004285 0.421210 0.000138
0.018662 0.175640 0.241458 0.136710 0.004222 0.423162 0.000146
0.018827 0.174929 0.241263 0.136761 0.004277 0.423788 0.000154
0.018727 0.174695 0.241326 0.136598 0.004232 0.424270 0.000153
0.018791 0.173701 0.240874 0.136383 0.004281 0.425830 0.000141
0.019190 0.173211 0.240367 0.136328 0.004274 0.426469 0.000159
0.018897 0.173069 0.240410 0.136239 0.004173 0.427064 0.000149
0.018674 0.171961 0.240491 0.136199 0.004249 0.428274 0.000152
0.019098 0.171710 0.239912 0.135705 0.004255 0.429178 0.000142
0.019253 0.171334 0.239747 0.135713 0.004302 0.429502 0.000149
0.019041 0.171082 0.239387 0.135484 0.004290 0.430568 0.000147
0.018998 0.170863 0.239295 0.135587 0.004303 0.430801 0.000152
0.019223 0.170181 0.239060 0.135098 0.004315 0.431983 0.000142
0.019056 0.169741 0.238712 0.135167 0.004305 0.432867 0.000153
0.019222 0.168926 0.238391 0.134883 0.004295 0.434125 0.000159
0.019398 0.168652 0.238370 0.134658 0.004370 0.434390 0.000162
0.019538 0.168277 0.237647 0.134734 0.004300 0.435347 0.000156
0.019230 0.167926 0.237967 0.134289 0.004335 0.436098 0.000156
0.019441 0.167424 0.237201 0.134500 0.004355 0.436918 0.000161
0.019473 0.167085 0.237359 0.134096 0.004298 0.437523 0.000166
0.019488 0.166113 0.236627 0.134055 0.004324 0.439227 0.000165
0.019513 0.165630 0.236361 0.133887 0.004385 0.440068 0.000157
0.019708 0.165344 0.236176 0.133813 0.004393 0.440398 0.000169
0.019745 0.165036 0.236009 0.133552 0.004387 0.441116 0.000155
0.019549 0.164687 0.235724 0.133681 0.004351 0.441847 0.000161
0.019828 0.163551 0.235247 0.133213 0.004372 0.443632 0.000156
0.019417 0.164197 0.235673 0.133443 0.004404 0.442710 0.000157
0.019832 0.163082 0.235283 0.133109 0.004404 0.444135 0.000154
0.019829 0.162606 0.234846 0.132855 0.004406 0.445295 0.000164
0.019849 0.162376 0.234311 0.132754 0.004365 0.446172 0.000172
0.020153 0.161315 0.234241 0.132475 0.004425 0.447220 0.000170
0.020148 0.161232 0.234425 0.132336 0.004409 0.447271 0.000179
0.020077 0.161199 0.233717 0.132509 0.004426 0.447912 0.000161
0.020159 0.161130 0.233321 0.132664 0.004385 0.448174 0.000167
0.019972 0.159784 0.233128 0.131928 0.004480 0.450542 0.000167
0.019903 0.159335 0.233164 0.131853 0.004422 0.451155 0.000168
0.020190 0.159076 0.232916 0.131293 0.004471 0.451894 0.000160
0.020288 0.159008 0.232257 0.131636 0.004486 0.452153 0.000172
0.020033 0.158536 0.232625 0.131625 0.004437 0.452571 0.000173
0.020358 0.157906 0.231638 0.131555 0.004485 0.453884 0.000174
0.020292 0.157816 0.231803 0.130721 0.004503 0.454691 0.000174
0.020295 0.156972 0.231222 0.130864 0.004494 0.455976 0.000178
0.020361 0.156457 0.231293 0.130624 0.004484 0.456599 0.000183
0.020248 0.155959 0.231073 0.130642 0.004535 0.457366 0.000177
0.020585 0.156025 0.230668 0.130598 0.004471 0.457484 0.000168
0.020833 0.155181 0.230359 0.130288 0.004536 0.458635 0.000168
0.020484 0.155356 0.230052 0.130273 0.004522 0.459145 0.000168
0.020434 0.154347 0.229675 0.130127 0.004550 0.460695 0.000172
0.020367 0.154169 0.229704 0.129916 0.004531 0.461133 0.000181
0.020685 0.153773 0.229725 0.129756 0.004563 0.461311 0.000188
0.020579 0.153086 0.228884 0.129419 0.004541 0.463325 0.000165
0.020630 0.152950 0.228420 0.129609 0.004550 0.463659 0.000181
0.020886 0.152970 0.228406 0.129447 0.004581 0.463521 0.000188
0.020998 0.151991 0.227976 0.129187 0.004573 0.465102 0.000173
0.021166 0.151233 0.227751 0.128962 0.004551 0.466165 0.000172
0.020896 0.151551 0.227887 0.128876 0.004571 0.466039 0.000180
0.020616 0.151471 0.227199 0.128658 0.004549 0.467331 0.000176
0.021106 0.150325 0.227085 0.128389 0.004575 0.468336 0.000183
0.021357 0.149569 0.226635 0.127816 0.004578 0.469865 0.000180
0.021318 0.150070 0.226764 0.128146 0.004584 0.468927 0.000192
0.021153 0.149341 0.226247 0.128012 0.004578 0.470482 0.000187
0.020980 0.149512 0.226203 0.127890 0.004643 0.470588 0.000184
0.021272 0.148947 0.225800 0.127695 0.004597 0.471512 0.000176
0.021452 0.148519 0.225640 0.127563 0.004621 0.472020 0.000185
0.021343 0.148031 0.225281 0.127456 0.004588 0.473119 0.000182
0.021332 0.147537 0.225215 0.127582 0.004606 0.473541 0.000186
0.021203 0.147382 0.224664 0.127118 0.004594 0.474861 0.000177
0.021519 0.146820 0.224464 0.126771 0.004626 0.475604 0.000196
0.021514 0.146296 0.223699 0.127019 0.004633 0.476645 0.000193
0.021440 0.146265 0.223561 0.126645 0.004598 0.477299 0.000193
0.021559 0.145599 0.223553 0.126513 0.004605 0.477989 0.000183
0.021571 0.145171 0.223355 0.126356 0.004658 0.478709 0.000180
0.021531 0.144624 0.222897 0.125961 0.004624 0.480179 0.000183
0.021693 0.144199 0.222546 0.126271 0.004688 0.480410 0.000193
0.021715 0.143775 0.222313 0.125779 0.004601 0.481628 0.000189
0.021896 0.143340 0.221548 0.125636 0.004672 0.482711 0.000198
0.021874 0.143132 0.221545 0.125713 0.004628 0.482902 0.000206
0.022170 0.142724 0.220899 0.125437 0.004596 0.483974 0.000200
0.022129 0.142148 0.221460 0.125170 0.004641 0.484254 0.000199
0.021996 0.142486 0.220797 0.124969 0.004611 0.484945 0.000196
0.021933 0.141647 0.220446 0.124824 0.004691 0.486261 0.000199
0.022132 0.141103 0.220301 0.124715 0.004666 0.486891 0.000193
0.022213 0.141066 0.220149 0.124525 0.004693 0.487143 0.000211
0.022281 0.140788 0.219991 0.124862 0.004654 0.487223 0.000201
0.022370 0.140319 0.219639 0.124370 0.004652 0.488441 0.000208
0.022327 0.139643 0.219546 0.123918 0.004718 0.489642 0.000205
