0.999120 0.000846 0.000018 0.000015 0.000000 0.000000 0.000000
0.998698 0.001251 0.000027 0.000007 0.000002 0.000015 0.000000
0.998263 0.001678 0.000034 0.000007 0.000000 0.000018 0.000000
0.997819 0.002115 0.000037 0.000011 0.000000 0.000018 0.000000
0.997364 0.002561 0.000042 0.000015 0.000000 0.000018 0.000000
0.996870 0.003041 0.000052 0.000018 0.000000 0.000018 0.000000
0.996298 0.003607 0.000058 0.000019 0.000000 0.000018 0.000000
0.995669 0.004223 0.000063 0.000026 0.000000 0.000018 0.000000
0.994955 0.004930 0.000072 0.000026 0.000000 0.000017 0.000000
0.994070 0.005800 0.000083 0.000031 0.000000 0.000016 0.000000
0.993020 0.006843 0.000084 0.000037 0.000000 0.000015 0.000000
0.991561 0.008286 0.000094 0.000041 0.000000 0.000018 0.000000
0.989125 0.010666 0.000130 0.000062 0.000000 0.000017 0.000000
0.987543 0.012168 0.000191 0.000085 0.000000 0.000013 0.000000
0.985069 0.014566 0.000236 0.000117 0.000000 0.000013 0.000000
0.982032 0.017562 0.000255 0.000138 0.000000 0.000014 0.000000
0.978480 0.021062 0.000273 0.000168 0.000000 0.000016 0.000000
0.974289 0.025173 0.000328 0.000192 0.000000 0.000018 0.000000
0.969938 0.029438 0.000390 0.000220 0.000000 0.000015 0.000000
0.964390 0.034827 0.000473 0.000289 0.000000 0.000022 0.000000
0.957377 0.041724 0.000530 0.000346 0.000000 0.000023 0.000000
0.949925 0.048997 0.000647 0.000406 0.000000 0.000026 0.000000
0.942290 0.056455 0.000757 0.000468 0.000000 0.000031 0.000000
0.934316 0.064188 0.000897 0.000568 0.000000 0.000031 0.000000
0.924735 0.073548 0.001033 0.000656 0.000000 0.000029 0.000000
0.914195 0.083876 0.001188 0.000708 0.000000 0.000034 0.000000
0.901199 0.096472 0.001429 0.000861 0.000000 0.000039 0.000000
0.888976 0.108304 0.001671 0.000993 0.000000 0.000056 0.000000
0.876518 0.120424 0.001893 0.001103 0.000000 0.000062 0.000000
0.862609 0.133941 0.002161 0.001217 0.000000 0.000072 0.000000
0.847771 0.148271 0.002454 0.001418 0.000000 0.000086 0.000000
0.831591 0.163971 0.002736 0.001609 0.000000 0.000093 0.000000
0.817474 0.177566 0.003078 0.001771 0.000000 0.000112 0.000000
0.802399 0.192149 0.003384 0.001948 0.000000 0.000120 0.000000
0.786626 0.207291 0.003777 0.002178 0.000000 0.000127 0.000000
0.769277 0.223957 0.004182 0.002428 0.000000 0.000156 0.000000
0.753327 0.239230 0.004616 0.002652 0.000000 0.000176 0.000000
0.736165 0.255595 0.005119 0.002940 0.000000 0.000181 0.000000
0.721045 0.269948 0.005613 0.003200 0.000001 0.000192 0.000000
0.704905 0.285326 0.006069 0.003486 0.000002 0.000213 0.000000
0.689019 0.300420 0.006514 0.003813 0.000001 0.000232 0.000000
0.674009 0.314534 0.007065 0.004131 0.000002 0.000259 0.000000
0.657938 0.329799 0.007586 0.004397 0.000004 0.000275 0.000000
0.643703 0.343170 0.008118 0.004706 0.000004 0.000299 0.000000
0.627295 0.358488 0.008782 0.005103 0.000005 0.000327 0.000000
0.613671 0.371275 0.009324 0.005376 0.000005 0.000348 0.000000
0.598910 0.384990 0.010043 0.005674 0.000006 0.000377 0.000000
0.585672 0.397252 0.010669 0.005986 0.000006 0.000415 0.000000
0.574864 0.407015 0.011324 0.006349 0.000006 0.000442 0.000000
0.564353 0.416592 0.011877 0.006692 0.000005 0.000480 0.000000
0.552530 0.427241 0.012582 0.007126 0.000006 0.000514 0.000000
0.541400 0.437306 0.013244 0.007484 0.000009 0.000557 0.000000
0.529456 0.448074 0.013961 0.007895 0.000012 0.000602 0.000000
0.518945 0.457534 0.014599 0.008268 0.000011 0.000644 0.000000
0.511571 0.463894 0.015173 0.008668 0.000009 0.000685 0.000000
0.500621 0.473562 0.015949 0.009115 0.000011 0.000743 0.000000
0.492278 0.480934 0.016546 0.009440 0.000013 0.000789 0.000000
0.482331 0.489434 0.017405 0.009947 0.000014 0.000869 0.000000
0.471768 0.498804 0.018161 0.010329 0.000014 0.000924 0.000000
0.463804 0.505529 0.018910 0.010758 0.000017 0.000982 0.000000
0.455145 0.512959 0.019649 0.011192 0.000017 0.001038 0.000000
0.445291 0.521370 0.020550 0.011659 0.000019 0.001112 0.000000
0.440675 0.525027 0.021133 0.011990 0.000020 0.001154 0.000000
0.427619 0.536365 0.022183 0.012579 0.000021 0.001232 0.000000
0.418677 0.543918 0.023024 0.013050 0.000021 0.001309 0.000000
0.408942 0.552050 0.024002 0.013586 0.000022 0.001398 0.000000
0.404059 0.556033 0.024476 0.013932 0.000021 0.001480 0.000000
0.391471 0.566531 0.025756 0.014652 0.000023 0.001566 0.000000
0.383134 0.573141 0.026760 0.015276 0.000020 0.001668 0.000000
0.374948 0.579890 0.027587 0.015770 0.000022 0.001782 0.000000
0.369993 0.583594 0.028392 0.016133 0.000024 0.001865 0.000000
0.360708 0.590992 0.029469 0.016826 0.000026 0.001979 0.000000
0.349603 0.600019 0.030679 0.017548 0.000026 0.002126 0.000000
0.347976 0.600549 0.031359 0.017890 0.000028 0.002197 0.000000
0.336246 0.609999 0.032710 0.018665 0.000029 0.002352 0.000000
0.330616 0.613900 0.033767 0.019215 0.000029 0.002472 0.000000
0.322823 0.619940 0.034796 0.019810 0.000032 0.002599 0.000000
0.316370 0.624989 0.035648 0.020267 0.000032 0.002693 0.000000
0.308640 0.630126 0.037177 0.021152 0.000034 0.002871 0.000000
0.301070 0.635730 0.038345 0.021811 0.000036 0.003008 0.000000
0.292668 0.641998 0.039658 0.022484 0.000036 0.003157 0.000000
0.285509 0.646822 0.040988 0.023291 0.000041 0.003349 0.000000
0.273821 0.655802 0.042511 0.024265 0.000040 0.003560 0.000000
0.266189 0.660632 0.044200 0.025168 0.000041 0.003771 0.000000
0.259180 0.665581 0.045351 0.025879 0.000044 0.003965 0.000000
0.253652 0.669038 0.046523 0.026627 0.000045 0.004115 0.000000
0.247814 0.672986 0.047624 0.027257 0.000043 0.004276 0.000000
0.240215 0.677113 0.049706 0.028345 0.000046 0.004575 0.000000
0.232869 0.682703 0.050730 0.028913 0.000050 0.004736 0.000000
0.226883 0.686061 0.052278 0.029783 0.000055 0.004940 0.000000
0.223046 0.687910 0.053382 0.030441 0.000053 0.005168 0.000000
0.213728 0.693468 0.055611 0.031639 0.000058 0.005497 0.000000
0.207807 0.697257 0.056768 0.032383 0.000063 0.005722 0.000000
0.202831 0.698846 0.058782 0.033444 0.000071 0.006025 0.000000
0.198121 0.700958 0.060161 0.034377 0.000071 0.006313 0.000000
0.193064 0.703733 0.061489 0.035123 0.000067 0.006525 0.000000
0.186665 0.706874 0.063448 0.036103 0.000078 0.006832 0.000000
0.189256 0.702860 0.064274 0.036495 0.000080 0.007034 0.000000
0.182328 0.705796 0.066618 0.037735 0.000079 0.007443 0.000000
0.183216 0.703000 0.067707 0.038345 0.000084 0.007649 0.000000
0.176731 0.707113 0.069028 0.039129 0.000088 0.007911 0.000000
0.174302 0.706962 0.070370 0.040055 0.000094 0.008217 0.000000
0.171357 0.706759 0.072162 0.041031 0.000100 0.008592 0.000000
0.168879 0.707279 0.073359 0.041565 0.000103 0.008816 0.000000
0.160930 0.711563 0.075364 0.042788 0.000108 0.009247 0.000000
0.159905 0.710550 0.076570 0.043369 0.000104 0.009503 0.000000
0.152480 0.713585 0.078900 0.044840 0.000119 0.010075 0.000000
0.147575 0.716334 0.080153 0.045489 0.000116 0.010333 0.000000
0.143905 0.716827 0.081941 0.046465 0.000123 0.010737 0.000000
0.138496 0.719662 0.083222 0.047404 0.000126 0.011089 0.000000
0.139693 0.717554 0.083719 0.047665 0.000126 0.011242 0.000000
0.130134 0.721323 0.087056 0.049479 0.000140 0.011868 0.000000
0.127898 0.720990 0.088406 0.050217 0.000142 0.012346 0.000000
0.122193 0.723076 0.090425 0.051376 0.000148 0.012782 0.000000
0.118008 0.724239 0.092004 0.052320 0.000158 0.013270 0.000000
0.114499 0.724104 0.094034 0.053452 0.000160 0.013750 0.000000
0.111243 0.724633 0.095495 0.054215 0.000160 0.014253 0.000000
0.104644 0.726644 0.097986 0.055694 0.000167 0.014865 0.000000
0.102204 0.726589 0.099340 0.056476 0.000172 0.015219 0.000000
0.097420 0.727228 0.101576 0.057769 0.000177 0.015830 0.000000
0.090571 0.729180 0.104287 0.059323 0.000188 0.016451 0.000000
0.088666 0.728049 0.105893 0.060265 0.000176 0.016951 0.000000
0.088771 0.726697 0.106531 0.060608 0.000191 0.017202 0.000000
0.083545 0.726946 0.109098 0.062149 0.000203 0.018060 0.000000
0.081090 0.727894 0.109899 0.062581 0.000209 0.018327 0.000000
0.079071 0.726648 0.111675 0.063514 0.000208 0.018884 0.000000
0.076188 0.725192 0.113952 0.064918 0.000217 0.019534 0.000000
0.074549 0.723441 0.115614 0.066025 0.000229 0.020143 0.000000
0.075005 0.719680 0.117336 0.066926 0.000225 0.020827 0.000000
0.073831 0.718951 0.118220 0.067565 0.000226 0.021207 0.000000
0.073071 0.716507 0.119943 0.068449 0.000235 0.021794 0.000000
0.068334 0.716553 0.122224 0.070078 0.000243 0.022568 0.000000
0.068498 0.715679 0.122645 0.070169 0.000253 0.022755 0.000000
0.067048 0.714049 0.124308 0.070911 0.000269 0.023415 0.000000
0.066041 0.712114 0.125823 0.071787 0.000258 0.023976 0.000000
0.068261 0.706365 0.127508 0.072891 0.000280 0.024696 0.000000
0.076413 0.699358 0.126847 0.072430 0.000288 0.024663 0.000000
0.074970 0.696035 0.129275 0.073762 0.000285 0.025673 0.000000
0.076114 0.692973 0.130222 0.074249 0.000303 0.026139 0.000000
0.085124 0.684691 0.129530 0.074092 0.000300 0.026263 0.000000
0.083847 0.682454 0.131205 0.075068 0.000302 0.027125 0.000000
0.088538 0.676502 0.131822 0.075333 0.000305 0.027500 0.000000
0.082957 0.677783 0.134266 0.076475 0.000312 0.028207 0.000000
0.084466 0.675070 0.134696 0.076766 0.000320 0.028683 0.000000
0.083760 0.674854 0.135122 0.076898 0.000325 0.029041 0.000000
0.086011 0.670401 0.135993 0.077636 0.000339 0.029620 0.000000
0.078633 0.673423 0.138378 0.078689 0.000345 0.030532 0.000000
0.077152 0.670959 0.140150 0.080019 0.000356 0.031364 0.000000
0.079608 0.668806 0.140121 0.079576 0.000350 0.031539 0.000000
0.074137 0.670735 0.141845 0.080713 0.000369 0.032201 0.000000
0.076198 0.667879 0.142060 0.080853 0.000380 0.032630 0.000000
0.075925 0.664649 0.143710 0.081817 0.000393 0.033506 0.000000
0.068442 0.668038 0.145831 0.083054 0.000407 0.034228 0.000000
0.071614 0.664391 0.145881 0.083065 0.000405 0.034644 0.000000
0.061093 0.667744 0.149667 0.085328 0.000426 0.035742 0.000000
0.062558 0.665512 0.149846 0.085410 0.000429 0.036245 0.000000
0.057529 0.666283 0.151893 0.086760 0.000444 0.037092 0.000000
0.057275 0.665254 0.152554 0.086912 0.000450 0.037555 0.000001
0.051679 0.663383 0.156254 0.089219 0.000447 0.039017 0.000001
0.051646 0.662371 0.156557 0.089589 0.000457 0.039379 0.000001
0.050391 0.661410 0.157589 0.090006 0.000475 0.040127 0.000001
0.049416 0.661025 0.158122 0.090390 0.000469 0.040577 0.000001
0.045158 0.659594 0.160981 0.092026 0.000490 0.041751 0.000001
0.043448 0.658158 0.162688 0.092768 0.000502 0.042434 0.000001
0.043521 0.655278 0.163758 0.093578 0.000518 0.043346 0.000000
0.041501 0.654138 0.165229 0.094437 0.000533 0.044162 0.000001
0.039123 0.651780 0.167612 0.095704 0.000527 0.045253 0.000001
0.035778 0.650545 0.170081 0.096762 0.000555 0.046279 0.000001
0.040170 0.647120 0.168978 0.096626 0.000568 0.046536 0.000002
0.043500 0.643961 0.168735 0.096514 0.000547 0.046741 0.000001
0.042595 0.640125 0.171092 0.097686 0.000585 0.047914 0.000003
0.048695 0.635521 0.170016 0.097229 0.000571 0.047965 0.000003
0.046846 0.631434 0.173105 0.098591 0.000577 0.049443 0.000004
0.054494 0.626703 0.171326 0.097714 0.000563 0.049197 0.000002
0.047538 0.627891 0.174245 0.099326 0.000565 0.050432 0.000003
0.046724 0.625684 0.175610 0.099929 0.000610 0.051439 0.000003
0.048657 0.621182 0.176672 0.100668 0.000606 0.052210 0.000004
0.051839 0.618684 0.176121 0.100299 0.000618 0.052436 0.000002
0.047028 0.619825 0.177946 0.101253 0.000613 0.053332 0.000003
0.051224 0.615986 0.177651 0.100866 0.000632 0.053637 0.000004
0.046341 0.614558 0.180577 0.102762 0.000662 0.055095 0.000005
0.049730 0.612070 0.179817 0.102359 0.000652 0.055366 0.000005
0.046605 0.609978 0.182164 0.103705 0.000675 0.056869 0.000005
0.045418 0.610260 0.182420 0.104019 0.000682 0.057197 0.000004
0.044990 0.609468 0.183148 0.104080 0.000665 0.057644 0.000006
0.044121 0.606378 0.184792 0.105089 0.000682 0.058933 0.000006
0.043740 0.604874 0.185578 0.105474 0.000691 0.059639 0.000005
0.038831 0.604800 0.187763 0.106977 0.000723 0.060900 0.000004
0.040034 0.604429 0.187256 0.106579 0.000701 0.060995 0.000006
0.036432 0.602695 0.189615 0.107969 0.000747 0.062536 0.000006
0.035337 0.601862 0.190396 0.108522 0.000749 0.063128 0.000006
0.032810 0.600209 0.192377 0.109584 0.000763 0.064251 0.000005
0.033020 0.598436 0.192669 0.110048 0.000778 0.065043 0.000005
0.031440 0.596489 0.194536 0.110779 0.000769 0.065981 0.000006
0.029357 0.593849 0.196682 0.111860 0.000776 0.067470 0.000007
0.028837 0.594111 0.196701 0.112107 0.000765 0.067472 0.000007
0.028128 0.590667 0.198495 0.112890 0.000809 0.069004 0.000006
0.027858 0.590174 0.198818 0.113009 0.000808 0.069325 0.000009
0.027354 0.589341 0.199183 0.113224 0.000813 0.070078 0.000006
0.027135 0.586388 0.200239 0.114106 0.000839 0.071284 0.000007
0.025121 0.582909 0.202813 0.115350 0.000854 0.072944 0.000009
0.024422 0.581771 0.203570 0.115897 0.000854 0.073476 0.000009
0.024413 0.579465 0.204452 0.116273 0.000850 0.074540 0.000007
0.024061 0.577172 0.205570 0.116809 0.000866 0.075514 0.000008
0.023508 0.574910 0.206751 0.117568 0.000874 0.076380 0.000009
0.022856 0.573209 0.207626 0.118018 0.000903 0.077378 0.000009
0.023331 0.572004 0.207464 0.118183 0.000883 0.078125 0.000010
0.021928 0.568421 0.209706 0.119519 0.000914 0.079504 0.000008
0.021811 0.566675 0.210557 0.119866 0.000914 0.080168 0.000008
0.021598 0.565710 0.210782 0.120074 0.000919 0.080907 0.000009
0.021497 0.562642 0.212311 0.120613 0.000928 0.082000 0.000010
0.021191 0.560582 0.213042 0.121117 0.000968 0.083087 0.000012
0.020873 0.558129 0.214199 0.121803 0.000962 0.084026 0.000008
0.020046 0.555187 0.215766 0.122624 0.000965 0.085404 0.000008
0.020634 0.555460 0.215228 0.122458 0.000976 0.085234 0.000009
0.020158 0.551880 0.216719 0.123343 0.000985 0.086907 0.000009
0.020022 0.549605 0.217628 0.123863 0.001009 0.087864 0.000009
0.019869 0.549351 0.217840 0.123962 0.001015 0.087952 0.000010
0.027654 0.542409 0.217023 0.123285 0.001022 0.088597 0.000010
0.029666 0.537970 0.217674 0.123798 0.001010 0.089873 0.000009
0.027593 0.538873 0.218123 0.124057 0.001035 0.090309 0.000010
0.029652 0.535276 0.218453 0.124357 0.001037 0.091215 0.000009
0.028503 0.535102 0.218829 0.124580 0.001063 0.091912 0.000011
0.031502 0.529689 0.219676 0.124909 0.001061 0.093153 0.000010
0.029234 0.529226 0.220769 0.125594 0.001066 0.094102 0.000009
0.030198 0.526780 0.221128 0.125818 0.001089 0.094978 0.000009
0.028974 0.525666 0.221734 0.126430 0.001094 0.096091 0.000011
0.029253 0.523774 0.222272 0.126544 0.001106 0.097039 0.000012
0.030508 0.522435 0.222388 0.126192 0.001104 0.097362 0.000011
0.029362 0.520462 0.223263 0.127001 0.001110 0.098789 0.000013
0.027823 0.520799 0.223703 0.127345 0.001130 0.099188 0.000011
0.027768 0.519439 0.224319 0.127453 0.001117 0.099893 0.000010
0.028290 0.516114 0.225034 0.128028 0.001132 0.101391 0.000011
0.026607 0.515181 0.225916 0.128306 0.001157 0.102823 0.000011
0.025151 0.514284 0.226816 0.129005 0.001174 0.103560 0.000011
0.024629 0.512307 0.227698 0.129577 0.001170 0.104607 0.000013
0.023963 0.511404 0.228275 0.129987 0.001178 0.105180 0.000012
0.023637 0.509401 0.229023 0.130289 0.001199 0.106438 0.000013
0.023260 0.509124 0.229229 0.130240 0.001214 0.106921 0.000012
0.024350 0.507045 0.229278 0.130673 0.001194 0.107446 0.000014
0.022180 0.504877 0.231142 0.131259 0.001241 0.109288 0.000012
0.021855 0.502785 0.231863 0.131807 0.001241 0.110436 0.000012
0.020670 0.501903 0.232688 0.132246 0.001264 0.111216 0.000013
0.019382 0.499808 0.233816 0.133134 0.001283 0.112564 0.000013
0.019424 0.498069 0.234162 0.133250 0.001295 0.113784 0.000016
0.019079 0.495576 0.235175 0.133914 0.001299 0.114942 0.000016
0.019961 0.494029 0.234817 0.133867 0.001306 0.116005 0.000014
0.019523 0.492773 0.235419 0.134290 0.001314 0.116667 0.000014
0.018430 0.490415 0.236926 0.134983 0.001338 0.117892 0.000016
0.018694 0.489114 0.237055 0.134965 0.001349 0.118811 0.000013
0.018646 0.487407 0.237297 0.135506 0.001361 0.119768 0.000015
0.017353 0.483849 0.239192 0.136420 0.001351 0.121820 0.000015
0.024325 0.480787 0.237193 0.135152 0.001361 0.121165 0.000018
0.026704 0.478579 0.236698 0.135083 0.001371 0.121551 0.000015
0.026380 0.475524 0.237936 0.135649 0.001394 0.123104 0.000014
0.023504 0.475346 0.238920 0.136407 0.001389 0.124418 0.000016
0.030624 0.472000 0.237034 0.135028 0.001396 0.123902 0.000016
0.026351 0.471894 0.238810 0.136139 0.001419 0.125370 0.000017
0.027841 0.468289 0.239354 0.136325 0.001422 0.126756 0.000014
0.029646 0.465763 0.239234 0.136575 0.001424 0.127340 0.000018
0.029900 0.466391 0.238752 0.136001 0.001440 0.127497 0.000020
0.031352 0.462207 0.239250 0.136636 0.001453 0.129081 0.000021
0.025772 0.464002 0.241006 0.137293 0.001468 0.130441 0.000020
0.027733 0.462616 0.240388 0.136829 0.001479 0.130937 0.000017
0.026801 0.459536 0.241947 0.137550 0.001497 0.132649 0.000019
0.024987 0.459684 0.242498 0.138057 0.001505 0.133253 0.000016
0.023957 0.457025 0.243838 0.138914 0.001499 0.134750 0.000018
0.025179 0.456545 0.242862 0.138343 0.001505 0.135550 0.000018
0.026342 0.455276 0.242657 0.138220 0.001523 0.135961 0.000021
0.020792 0.453415 0.245632 0.139850 0.001543 0.138749 0.000020
0.022876 0.452970 0.244790 0.139269 0.001557 0.138517 0.000021
0.021539 0.449700 0.246061 0.140147 0.001564 0.140968 0.000022
0.021430 0.449604 0.246260 0.140072 0.001609 0.141000 0.000024
0.021199 0.450186 0.245928 0.139857 0.001577 0.141230 0.000023
0.020131 0.447898 0.246956 0.140509 0.001620 0.142864 0.000023
0.020282 0.446789 0.246833 0.140769 0.001614 0.143691 0.000021
0.019380 0.445241 0.247655 0.140932 0.001627 0.145145 0.000021
0.018407 0.442837 0.248931 0.141824 0.001620 0.146361 0.000021
0.019012 0.442604 0.248405 0.141373 0.001646 0.146936 0.000024
0.018604 0.439827 0.249247 0.141941 0.001660 0.148699 0.000023
0.017454 0.437440 0.250487 0.142691 0.001661 0.150243 0.000023
0.018495 0.436454 0.250104 0.142313 0.001730 0.150883 0.000021
0.016973 0.435076 0.251215 0.143151 0.001710 0.151854 0.000021
0.016907 0.432502 0.251480 0.143500 0.001728 0.153858 0.000025
0.016676 0.432905 0.251658 0.143324 0.001705 0.153711 0.000022
0.016620 0.430185 0.252560 0.143607 0.001744 0.155259 0.000024
0.015679 0.427523 0.253316 0.144555 0.001761 0.157141 0.000025
0.015410 0.426626 0.253984 0.144610 0.001757 0.157585 0.000026
0.015433 0.426189 0.253956 0.144752 0.001748 0.157899 0.000023
0.016135 0.423866 0.254413 0.144688 0.001763 0.159111 0.000024
0.015400 0.422386 0.254535 0.145048 0.001791 0.160815 0.000025
0.015597 0.422404 0.254565 0.144895 0.001790 0.160721 0.000027
0.015513 0.419162 0.255582 0.145264 0.001800 0.162652 0.000027
0.015567 0.417130 0.255589 0.145624 0.001842 0.164218 0.000031
0.015417 0.417577 0.255773 0.145524 0.001825 0.163857 0.000027
0.014718 0.412409 0.257311 0.146252 0.001879 0.167404 0.000026
0.015273 0.412187 0.257014 0.146124 0.001884 0.167489 0.000028
0.014981 0.410188 0.257812 0.146498 0.001861 0.168631 0.000029
0.015312 0.411525 0.256768 0.146246 0.001860 0.168262 0.000027
0.015263 0.409043 0.257257 0.146182 0.001883 0.170341 0.000031
0.015052 0.406875 0.257671 0.146747 0.001908 0.171719 0.000029
0.014981 0.405864 0.258046 0.147312 0.001933 0.171836 0.000029
0.014549 0.402474 0.259143 0.147542 0.001949 0.174311 0.000030
0.014547 0.401534 0.259322 0.147690 0.001968 0.174910 0.000030
0.014584 0.400526 0.259318 0.147869 0.001965 0.175710 0.000027
0.014596 0.398219 0.259905 0.147847 0.001940 0.177459 0.000034
0.014695 0.398131 0.259653 0.147889 0.001960 0.177641 0.000031
0.014803 0.396642 0.259462 0.148149 0.001952 0.178963 0.000030
0.014432 0.393651 0.260716 0.148564 0.001989 0.180616 0.000031
0.014383 0.392694 0.260654 0.148800 0.001987 0.181454 0.000028
0.014511 0.390699 0.260972 0.148675 0.002025 0.183091 0.000028
0.014307 0.388789 0.261637 0.149222 0.002030 0.183985 0.000030
0.014524 0.390620 0.261091 0.148424 0.001982 0.183328 0.000030
0.014595 0.388993 0.260932 0.148834 0.002011 0.184600 0.000035
0.014421 0.384637 0.262249 0.149221 0.002053 0.187386 0.000033
0.014609 0.384451 0.261904 0.149124 0.002042 0.187834 0.000035
0.014443 0.381902 0.262431 0.149441 0.002095 0.189651 0.000035
0.014424 0.382822 0.262121 0.149104 0.002101 0.189396 0.000031
0.014438 0.378538 0.263242 0.149713 0.002128 0.191907 0.000034
0.014308 0.377111 0.263421 0.150025 0.002122 0.192975 0.000037
0.014406 0.376115 0.263422 0.150045 0.002150 0.193827 0.000035
0.014264 0.375686 0.263488 0.150042 0.002179 0.194304 0.000037
0.014180 0.374393 0.263461 0.150104 0.002138 0.195686 0.000038
0.014637 0.374861 0.263128 0.149685 0.002152 0.195498 0.000038
0.014373 0.371675 0.263888 0.150353 0.002146 0.197527 0.000037
0.014403 0.370620 0.263684 0.150416 0.002179 0.198665 0.000033
0.014336 0.370249 0.263869 0.150340 0.002190 0.198981 0.000035
0.014354 0.368592 0.264344 0.150443 0.002182 0.200053 0.000032
0.014503 0.365342 0.264351 0.150846 0.002212 0.202713 0.000034
0.014339 0.363998 0.265042 0.150893 0.002250 0.203443 0.000035
0.014363 0.363747 0.264593 0.150914 0.002226 0.204121 0.000036
0.014146 0.363248 0.264712 0.151051 0.002213 0.204594 0.000036
0.014422 0.360481 0.265291 0.151112 0.002262 0.206395 0.000036
0.014373 0.360613 0.264763 0.151011 0.002282 0.206923 0.000034
0.014579 0.358521 0.265369 0.151052 0.002229 0.208212 0.000037
0.014462 0.358157 0.265233 0.151260 0.002280 0.208571 0.000036
0.014301 0.356162 0.265397 0.151220 0.002299 0.210586 0.000035
0.014172 0.355232 0.265643 0.151448 0.002302 0.211167 0.000036
0.014415 0.352591 0.265861 0.151539 0.002326 0.213229 0.000038
0.014315 0.351476 0.266009 0.151459 0.002338 0.214367 0.000036
0.014321 0.351242 0.265942 0.151263 0.002333 0.214861 0.000038
0.014356 0.348612 0.266757 0.151581 0.002385 0.216272 0.000037
0.014173 0.349168 0.266526 0.151475 0.002350 0.216270 0.000038
0.014425 0.346541 0.266769 0.151762 0.002410 0.218056 0.000037
0.014288 0.345133 0.266837 0.151987 0.002425 0.219291 0.000040
0.014395 0.344941 0.266743 0.151701 0.002383 0.219797 0.000040
0.014211 0.342444 0.266896 0.152111 0.002438 0.221861 0.000040
0.014298 0.343052 0.267012 0.151789 0.002420 0.221390 0.000039
0.014374 0.340831 0.266775 0.152038 0.002399 0.223545 0.000037
0.014454 0.339655 0.267161 0.152014 0.002436 0.224237 0.000044
0.014499 0.339057 0.267057 0.151978 0.002398 0.224970 0.000042
0.014360 0.337510 0.267067 0.152165 0.002478 0.226378 0.000042
0.014363 0.335422 0.267615 0.152628 0.002483 0.227450 0.000039
0.014483 0.334924 0.267323 0.152269 0.002523 0.228437 0.000041
0.014368 0.333418 0.267749 0.152225 0.002511 0.229686 0.000042
0.014275 0.331873 0.267663 0.152512 0.002565 0.231067 0.000044
0.014407 0.331729 0.267712 0.152335 0.002558 0.231214 0.000044
0.014559 0.329527 0.268078 0.152361 0.002572 0.232864 0.000039
0.014432 0.328816 0.268156 0.152301 0.002609 0.233643 0.000043
0.014325 0.327042 0.268100 0.152702 0.002580 0.235206 0.000044
0.014343 0.325861 0.268186 0.152613 0.002588 0.236366 0.000044
0.014438 0.324999 0.268070 0.152667 0.002614 0.237170 0.000042
0.014460 0.323372 0.268080 0.152618 0.002637 0.238792 0.000041
0.014327 0.321279 0.268312 0.153003 0.002611 0.240420 0.000048
0.014477 0.321409 0.268199 0.152828 0.002655 0.240382 0.000049
0.014351 0.320587 0.268227 0.152882 0.002675 0.241236 0.000043
0.014240 0.317712 0.268143 0.153140 0.002659 0.244059 0.000046
0.014452 0.318002 0.268350 0.152748 0.002679 0.243722 0.000047
0.014501 0.317575 0.268391 0.152470 0.002702 0.244315 0.000047
0.014447 0.315914 0.268587 0.152537 0.002690 0.245781 0.000044
0.014221 0.314590 0.268500 0.152923 0.002702 0.247020 0.000045
0.014560 0.313941 0.268305 0.152649 0.002684 0.247813 0.000047
0.014542 0.312967 0.268332 0.152722 0.002729 0.248663 0.000044
0.014434 0.310557 0.268401 0.152912 0.002718 0.250927 0.000050
0.014530 0.309916 0.268586 0.152830 0.002703 0.251389 0.000046
0.014621 0.309440 0.268674 0.152813 0.002742 0.251663 0.000046
0.014563 0.308440 0.268550 0.153034 0.002745 0.252621 0.000047
0.014762 0.306826 0.268458 0.152581 0.002775 0.254551 0.000046
0.014735 0.305028 0.268961 0.152546 0.002805 0.255881 0.000044
0.014629 0.305123 0.268316 0.152954 0.002785 0.256147 0.000046
0.014777 0.303118 0.268768 0.152764 0.002790 0.257736 0.000046
0.014737 0.302452 0.268290 0.152897 0.002828 0.258751 0.000046
0.014649 0.300593 0.268482 0.153136 0.002836 0.260256 0.000049
0.014635 0.301087 0.268316 0.152950 0.002777 0.260187 0.000049
0.014788 0.299637 0.268277 0.152975 0.002814 0.261459 0.000050
0.014933 0.298171 0.268405 0.152896 0.002854 0.262691 0.000051
0.014663 0.297105 0.268409 0.152965 0.002839 0.263969 0.000051
0.014798 0.297081 0.268137 0.152950 0.002833 0.264150 0.000052
0.014679 0.294185 0.268973 0.152916 0.002879 0.266314 0.000054
0.014749 0.294506 0.268398 0.152324 0.002884 0.267089 0.000050
0.014903 0.293808 0.268245 0.152520 0.002874 0.267598 0.000052
0.014815 0.290912 0.268365 0.152739 0.002875 0.270242 0.000052
0.014947 0.290701 0.268123 0.152507 0.002851 0.270819 0.000052
0.014966 0.290462 0.267671 0.152606 0.002895 0.271348 0.000051
0.014872 0.289012 0.268114 0.152739 0.002955 0.272253 0.000055
0.014840 0.287980 0.268110 0.152620 0.002937 0.273459 0.000053
0.015276 0.287036 0.267838 0.152401 0.002892 0.274502 0.000056
0.014903 0.287697 0.267832 0.152269 0.002931 0.274310 0.000058
0.015047 0.284450 0.267575 0.152471 0.002953 0.277449 0.000054
0.014854 0.283965 0.267657 0.152534 0.002969 0.277967 0.000055
0.015103 0.284032 0.267583 0.152299 0.002972 0.277955 0.000055
0.014932 0.282608 0.267638 0.152470 0.002952 0.279345 0.000055
0.015075 0.281906 0.267559 0.152308 0.003015 0.280080 0.000057
0.015061 0.280477 0.267352 0.152414 0.003004 0.281632 0.000060
0.015019 0.279369 0.267354 0.152221 0.003027 0.282952 0.000057
0.015121 0.278655 0.267187 0.152125 0.003088 0.283764 0.000059
0.014939 0.278148 0.267019 0.152541 0.003042 0.284257 0.000055
0.015021 0.277020 0.267026 0.152326 0.003047 0.285501 0.000060
0.015203 0.275739 0.267066 0.152183 0.003030 0.286724 0.000055
0.015340 0.274424 0.267320 0.151927 0.003025 0.287911 0.000053
0.015227 0.273262 0.267212 0.152077 0.003085 0.289080 0.000056
0.015089 0.272636 0.266757 0.152152 0.003098 0.290210 0.000058
0.015350 0.271331 0.267068 0.152064 0.003049 0.291083 0.000056
0.015194 0.271073 0.266577 0.152018 0.003125 0.291957 0.000056
0.015136 0.268918 0.266700 0.152014 0.003096 0.294077 0.000058
0.015370 0.269063 0.266726 0.151818 0.003087 0.293877 0.000059
0.015226 0.267460 0.266531 0.151844 0.003129 0.295751 0.000058
0.015447 0.266870 0.266147 0.151924 0.003140 0.296411 0.000061
0.015250 0.266561 0.266439 0.151708 0.003093 0.296888 0.000060
0.015437 0.265187 0.266183 0.151731 0.003153 0.298247 0.000063
0.015558 0.264172 0.266148 0.151505 0.003153 0.299396 0.000069
0.015297 0.263837 0.265798 0.152019 0.003129 0.299854 0.000064
0.015310 0.262378 0.266237 0.151381 0.003144 0.301486 0.000064
0.015583 0.261397 0.265545 0.151337 0.003184 0.302888 0.000064
0.015640 0.260223 0.265419 0.151409 0.003165 0.304081 0.000063
0.015715 0.259679 0.265523 0.151191 0.003184 0.304642 0.000066
0.015554 0.258741 0.265460 0.151268 0.003176 0.305734 0.000067
0.015540 0.258721 0.265698 0.150829 0.003156 0.305987 0.000070
0.015669 0.257223 0.265220 0.150841 0.003230 0.307748 0.000069
0.015788 0.255871 0.265271 0.150759 0.003247 0.308999 0.000066
0.015649 0.255037 0.265614 0.150785 0.003237 0.309610 0.000067
0.015298 0.254388 0.265016 0.150798 0.003222 0.311205 0.000074
0.015863 0.254276 0.264878 0.150642 0.003230 0.311040 0.000072
0.015698 0.252426 0.265041 0.150412 0.003277 0.313067 0.000080
0.015534 0.251563 0.264701 0.150693 0.003270 0.314164 0.000076
0.015568 0.251128 0.264486 0.150609 0.003286 0.314854 0.000069
0.015735 0.251122 0.264410 0.150342 0.003268 0.315058 0.000066
0.016030 0.249568 0.264457 0.150515 0.003295 0.316061 0.000074
0.015763 0.248687 0.264701 0.150225 0.003284 0.317257 0.000083
0.015986 0.247583 0.263774 0.150116 0.003285 0.319177 0.000080
0.015870 0.246790 0.264096 0.150046 0.003286 0.319831 0.000082
0.015978 0.245230 0.263471 0.149832 0.003340 0.322071 0.000079
0.016201 0.244943 0.263336 0.150020 0.003336 0.322076 0.000087
0.016184 0.243958 0.263300 0.149980 0.003345 0.323151 0.000082
0.015746 0.243673 0.263695 0.149817 0.003376 0.323604 0.000088
0.015847 0.243407 0.263453 0.149781 0.003379 0.324055 0.000077
0.015828 0.242294 0.263198 0.149395 0.003390 0.325806 0.000089
0.016070 0.241361 0.262735 0.149545 0.003450 0.326759 0.000081
0.016029 0.241234 0.262977 0.149248 0.003397 0.327031 0.000083
0.016352 0.239811 0.262468 0.149339 0.003407 0.328541 0.000081
0.016152 0.238808 0.262496 0.149100 0.003403 0.329946 0.000095
0.016091 0.238494 0.262406 0.149088 0.003404 0.330433 0.000084
0.016348 0.236310 0.261940 0.148915 0.003444 0.332953 0.000089
0.015909 0.237090 0.262186 0.149121 0.003426 0.332179 0.000090
0.016009 0.236122 0.261945 0.148692 0.003486 0.333664 0.000082
0.016040 0.235923 0.261660 0.148804 0.003472 0.334019 0.000081
0.016279 0.233594 0.261794 0.148480 0.003461 0.336298 0.000095
0.016281 0.232483 0.261479 0.148465 0.003458 0.337743 0.000090
0.016463 0.232305 0.261094 0.148473 0.003516 0.338065 0.000086
0.016098 0.231964 0.260799 0.148662 0.003486 0.338903 0.000087
0.016469 0.230571 0.260425 0.148567 0.003495 0.340375 0.000097
0.016605 0.230176 0.260301 0.148227 0.003510 0.341090 0.000091
0.016352 0.229483 0.260771 0.148348 0.003509 0.341448 0.000089
0.016401 0.228735 0.260231 0.148123 0.003531 0.342886 0.000093
0.016591 0.227900 0.260236 0.148300 0.003529 0.343352 0.000091
0.016126 0.227518 0.259936 0.147859 0.003527 0.344937 0.000097
0.016582 0.226297 0.259395 0.147994 0.003539 0.346096 0.000096
0.016520 0.225399 0.259724 0.147784 0.003568 0.346906 0.000099
0.016554 0.225028 0.259233 0.147431 0.003600 0.348054 0.000099
0.016341 0.224382 0.259409 0.147646 0.003575 0.348554 0.000094
0.016467 0.223648 0.259499 0.147479 0.003587 0.349221 0.000098
0.016879 0.221566 0.258864 0.147031 0.003673 0.351892 0.000096
0.016856 0.221700 0.258625 0.146878 0.003636 0.352201 0.000104
0.016761 0.222131 0.258538 0.147100 0.003555 0.351814 0.000100
0.017079 0.221392 0.258370 0.146918 0.003612 0.352528 0.000101
0.016673 0.220613 0.258403 0.146954 0.003595 0.353659 0.000103
0.016671 0.219698 0.257936 0.146575 0.003633 0.355389 0.000097
0.016666 0.218850 0.257849 0.146285 0.003687 0.356562 0.000102
0.016934 0.218545 0.257682 0.146326 0.003651 0.356762 0.000100
0.016853 0.217190 0.257306 0.146385 0.003687 0.358475 0.000104
0.016836 0.216431 0.256936 0.146080 0.003725 0.359888 0.000103
0.017172 0.215847 0.257188 0.146122 0.003666 0.359899 0.000104
0.017199 0.214537 0.256616 0.146226 0.003731 0.361587 0.000104
0.016985 0.213230 0.256580 0.145894 0.003757 0.363451 0.000102
0.017196 0.213678 0.256298 0.145529 0.003712 0.363488 0.000097
0.017169 0.212993 0.256022 0.145549 0.003742 0.364417 0.000108
0.017032 0.212372 0.255776 0.145660 0.003758 0.365298 0.000105
0.017087 0.210896 0.255495 0.145122 0.003791 0.367507 0.000103
0.017209 0.210937 0.255132 0.145467 0.003748 0.367407 0.000099
0.017067 0.210438 0.255274 0.145047 0.003744 0.368322 0.000108
0.017470 0.210437 0.255071 0.145171 0.003791 0.367951 0.000108
0.017202 0.209764 0.254633 0.145128 0.003714 0.369452 0.000108
0.017452 0.208560 0.254407 0.144605 0.003764 0.371104 0.000108
0.017304 0.207510 0.253830 0.145031 0.003812 0.372400 0.000111
0.017583 0.207326 0.253837 0.144535 0.003767 0.372844 0.000109
0.017675 0.206898 0.254037 0.144437 0.003840 0.373014 0.000099
0.017451 0.205344 0.253675 0.144487 0.003773 0.375163 0.000108
0.017464 0.204846 0.253242 0.144238 0.003822 0.376281 0.000108
0.017724 0.204359 0.253006 0.144130 0.003806 0.376863 0.000112
0.017493 0.204013 0.253291 0.143860 0.003804 0.377425 0.000114
0.017646 0.202709 0.252853 0.143928 0.003856 0.378887 0.000121
0.017630 0.202782 0.252727 0.143865 0.003827 0.379054 0.000115
0.017781 0.201669 0.252303 0.143681 0.003832 0.380613 0.000122
0.018055 0.201253 0.252426 0.143394 0.003847 0.380906 0.000120
0.017676 0.200313 0.251902 0.143434 0.003852 0.382702 0.000121
0.017710 0.199877 0.251797 0.143295 0.003850 0.383352 0.000120
0.018027 0.198616 0.251087 0.143213 0.003888 0.385051 0.000118
0.017818 0.199062 0.251277 0.142964 0.003865 0.384896 0.000118
0.017983 0.196900 0.250734 0.142866 0.003930 0.387475 0.000112
0.017928 0.197215 0.250821 0.142904 0.003876 0.387145 0.000112
0.018045 0.197183 0.250515 0.142499 0.003907 0.387731 0.000120
0.018144 0.196401 0.250368 0.142559 0.003972 0.388432 0.000123
0.018334 0.194911 0.249814 0.142071 0.003894 0.390867 0.000108
0.018108 0.194757 0.249916 0.142257 0.003896 0.390943 0.000123
0.018308 0.194568 0.249589 0.142193 0.003940 0.391283 0.000119
0.018114 0.194122 0.249412 0.141738 0.003950 0.392542 0.000122
0.018283 0.192962 0.249001 0.141646 0.003958 0.394032 0.000119
0.018474 0.192634 0.249076 0.141748 0.003933 0.394014 0.000121
0.018524 0.192231 0.248475 0.141388 0.003952 0.395302 0.000129
0.018212 0.191436 0.248502 0.141361 0.003996 0.396376 0.000117
0.018274 0.190475 0.248228 0.141288 0.004002 0.397606 0.000127
0.018127 0.190644 0.248684 0.141021 0.003936 0.397461 0.000128
0.018538 0.190026 0.247363 0.140815 0.003968 0.399161 0.000127
0.018457 0.189561 0.247989 0.140601 0.003993 0.399277 0.000122
0.018549 0.188540 0.247319 0.140670 0.003961 0.400831 0.000130
0.018410 0.188057 0.247101 0.140265 0.004003 0.402045 0.000120
0.018795 0.187237 0.246824 0.140251 0.003997 0.402770 0.000126
0.018831 0.186491 0.246520 0.140221 0.004007 0.403802 0.000127
0.018605 0.186541 0.246573 0.139934 0.004015 0.404201 0.000132
0.018767 0.186038 0.246066 0.139859 0.004059 0.405085 0.000126
0.018674 0.184874 0.245907 0.139780 0.004071 0.406569 0.000125
0.018821 0.184115 0.245663 0.139418 0.004066 0.407781 0.000135
0.018766 0.183831 0.245537 0.139353 0.004092 0.408289 0.000132
0.018812 0.183560 0.245224 0.139204 0.004092 0.408970 0.000138
0.019083 0.183751 0.244954 0.138969 0.004079 0.409027 0.000136
0.018974 0.182728 0.244858 0.138950 0.004099 0.410254 0.000136
0.018886 0.182046 0.244353 0.138535 0.004105 0.411940 0.000135
0.018858 0.181426 0.243971 0.138585 0.004126 0.412889 0.000145
0.018931 0.181009 0.243719 0.138759 0.004196 0.413255 0.000132
0.019249 0.180851 0.243667 0.138353 0.004136 0.413616 0.000128
0.019132 0.180118 0.243764 0.138375 0.004160 0.414319 0.000133
0.019058 0.179462 0.243195 0.138075 0.004101 0.415971 0.000138
0.018951 0.179375 0.242953 0.138061 0.004174 0.416349 0.000137
0.019005 0.178132 0.242682 0.137814 0.004207 0.418024 0.000136
0.019466 0.177771 0.242070 0.137514 0.004137 0.418898 0.000143
0.019320 0.177650 0.241761 0.137534 0.004157 0.419443 0.000135
0.019176 0.177447 0.242033 0.137277 0.004160 0.419762 0.000144
0.019538 0.176451 0.241395 0.137356 0.004224 0.420889 0.000146
0.019348 0.175285 0.241378 0.136807 0.004231 0.422815 0.000137
0.019361 0.175630 0.241536 0.136878 0.004189 0.422265 0.000142
0.019612 0.174229 0.240775 0.136705 0.004228 0.424313 0.000139
0.019411 0.174110 0.240606 0.136677 0.004262 0.424791 0.000144
0.019760 0.174066 0.240277 0.136281 0.004226 0.425253 0.000138
0.019544 0.173546 0.240262 0.136522 0.004244 0.425740 0.000143
0.019652 0.172809 0.239871 0.136496 0.004301 0.426723 0.000148
0.019753 0.172183 0.239978 0.135856 0.004240 0.427839 0.000150
0.019712 0.172325 0.239658 0.136190 0.004244 0.427718 0.000153
0.020013 0.170936 0.238975 0.135776 0.004335 0.429825 0.000140
0.020060 0.170961 0.238990 0.135697 0.004292 0.429853 0.000146
0.019994 0.170494 0.238788 0.135353 0.004260 0.430963 0.000148
0.019786 0.169947 0.238473 0.135288 0.004286 0.432062 0.000158
0.020176 0.169148 0.238101 0.135219 0.004320 0.432885 0.000151
0.020220 0.168595 0.237867 0.134952 0.004352 0.433872 0.000142
0.020072 0.168570 0.237749 0.134912 0.004285 0.434269 0.000143
0.020005 0.167355 0.237702 0.134535 0.004293 0.435960 0.000149
0.019878 0.167398 0.237272 0.134451 0.004302 0.436550 0.000150
0.020145 0.167018 0.237232 0.134244 0.004346 0.436863 0.000152
0.019712 0.166159 0.236607 0.134437 0.004366 0.438571 0.000148
0.020054 0.165886 0.236317 0.133860 0.004362 0.439374 0.000146
0.020565 0.165230 0.235792 0.133886 0.004339 0.440039 0.000149
0.020186 0.164698 0.235762 0.133443 0.004352 0.441406 0.000153
0.020510 0.164660 0.235575 0.133637 0.004345 0.441122 0.000152
0.020481 0.163827 0.235281 0.133704 0.004317 0.442247 0.000144
0.020443 0.163497 0.235388 0.133374 0.004326 0.442822 0.000150
0.020364 0.163482 0.235068 0.133302 0.004366 0.443265 0.000152
0.020838 0.162583 0.234916 0.132832 0.004362 0.444319 0.000150
0.020566 0.162149 0.234256 0.133077 0.004401 0.445397 0.000154
0.020417 0.162101 0.234210 0.132967 0.004435 0.445705 0.000164
0.020426 0.161497 0.233784 0.132726 0.004403 0.447009 0.000156
0.020659 0.161185 0.233452 0.132496 0.004426 0.447624 0.000158
0.020786 0.160558 0.232795 0.132430 0.004361 0.448901 0.000169
0.020991 0.160529 0.233018 0.132400 0.004442 0.448463 0.000158
0.021159 0.159917 0.232672 0.132006 0.004455 0.449626 0.000166
0.020637 0.159066 0.232842 0.131841 0.004452 0.450999 0.000162
0.021229 0.158902 0.231700 0.131865 0.004453 0.451693 0.000159
0.021229 0.158219 0.231717 0.131778 0.004417 0.452466 0.000173
0.021061 0.158037 0.231579 0.131384 0.004389 0.453383 0.000168
0.021096 0.157837 0.231400 0.131335 0.004410 0.453758 0.000164
0.021060 0.156776 0.231440 0.131354 0.004445 0.454761 0.000165
0.021213 0.156295 0.231034 0.131051 0.004457 0.455775 0.000175
0.021126 0.156408 0.231215 0.130832 0.004462 0.455778 0.000178
0.021432 0.155548 0.230459 0.130651 0.004443 0.457297 0.000170
0.021192 0.155540 0.230018 0.130656 0.004464 0.457953 0.000177
0.021347 0.155231 0.230115 0.130509 0.004407 0.458212 0.000179
0.021427 0.154809 0.229471 0.130193 0.004462 0.459469 0.000169
0.021218 0.154635 0.229477 0.129931 0.004457 0.460107 0.000175
0.021304 0.153592 0.228859 0.129891 0.004433 0.461736 0.000184
0.021380 0.153746 0.228829 0.129740 0.004472 0.461654 0.000178
0.021492 0.152728 0.228480 0.129346 0.004500 0.463279 0.000175
0.021634 0.153304 0.228265 0.129287 0.004505 0.462813 0.000192
0.021556 0.152236 0.228425 0.129287 0.004457 0.463860 0.000178
0.021275 0.151615 0.227701 0.129358 0.004474 0.465395 0.000182
0.021582 0.151599 0.227383 0.129003 0.004506 0.465746 0.000181
0.021649 0.151149 0.227127 0.129071 0.004515 0.466306 0.000183
0.021761 0.150568 0.227272 0.128601 0.004515 0.467095 0.000187
0.022032 0.149641 0.226494 0.128397 0.004474 0.468774 0.000188
0.021775 0.149824 0.226773 0.128321 0.004483 0.468642 0.000183
0.021454 0.149239 0.226010 0.128326 0.004494 0.470291 0.000186
0.021983 0.149068 0.226219 0.127978 0.004510 0.470049 0.000193
0.021812 0.148716 0.225714 0.127636 0.004520 0.471414 0.000189
0.022144 0.148215 0.225295 0.127566 0.004566 0.472016 0.000198
0.021866 0.148073 0.225408 0.127427 0.004480 0.472556 0.000191
0.022154 0.147530 0.224992 0.127223 0.004484 0.473429 0.000187
0.021919 0.146496 0.224614 0.126644 0.004543 0.475591 0.000192
0.022071 0.146847 0.224371 0.127153 0.004542 0.474814 0.000202
0.022268 0.146628 0.224391 0.126872 0.004610 0.475038 0.000193
0.022484 0.145705 0.223543 0.126463 0.004576 0.477036 0.000192
0.022375 0.145616 0.223351 0.126666 0.004528 0.477266 0.000197
0.022181 0.145565 0.223650 0.126643 0.004620 0.477142 0.000199
0.022230 0.145417 0.223202 0.126170 0.004544 0.478234 0.000204
0.022119 0.144283 0.222659 0.126060 0.004577 0.480098 0.000204
0.022351 0.144420 0.222654 0.125955 0.004563 0.479861 0.000197
0.022241 0.144577 0.222303 0.125938 0.004573 0.480174 0.000193
0.022652 0.142745 0.221611 0.125271 0.004644 0.482887 0.000189
0.022492 0.143114 0.221604 0.125293 0.004563 0.482732 0.000201
0.023156 0.142422 0.220951 0.124757 0.004601 0.483911 0.000202
0.022896 0.142648 0.220922 0.124882 0.004582 0.483869 0.000201
0.022676 0.142009 0.220987 0.125002 0.004525 0.484589 0.000212
0.022914 0.142409 0.220259 0.124684 0.004642 0.484888 0.000203
0.023112 0.141336 0.220249 0.124279 0.004631 0.486185 0.000207
0.022770 0.141307 0.220438 0.124262 0.004627 0.486387 0.000209
0.022757 0.141109 0.220203 0.124029 0.004609 0.487082 0.000210
0.022744 0.140159 0.219446 0.123985 0.004595 0.488866 0.000205
0.022981 0.140366 0.219143 0.123603 0.004610 0.489086 0.000211
