0.999126 0.000840 0.000027 0.000008 0.000000 0.000000 0.000000
0.998698 0.001252 0.000030 0.000007 0.000000 0.000013 0.000000
0.998267 0.001670 0.000040 0.000010 0.000000 0.000013 0.000000
0.997815 0.002111 0.000044 0.000016 0.000000 0.000014 0.000000
0.997381 0.002530 0.000056 0.000020 0.000000 0.000013 0.000000
0.996881 0.003020 0.000061 0.000025 0.000000 0.000013 0.000000
0.996314 0.003576 0.000072 0.000026 0.000000 0.000012 0.000000
0.995647 0.004233 0.000079 0.000029 0.000000 0.000012 0.000000
0.995014 0.004862 0.000075 0.000037 0.000000 0.000012 0.000000
0.994308 0.005558 0.000083 0.000039 0.000000 0.000012 0.000000
0.993094 0.006773 0.000083 0.000038 0.000000 0.000011 0.000000
0.991878 0.007963 0.000099 0.000051 0.000000 0.000010 0.000000
0.990484 0.009331 0.000117 0.000059 0.000000 0.000009 0.000000
0.988627 0.011126 0.000156 0.000081 0.000000 0.000010 0.000000
0.986349 0.013350 0.000197 0.000096 0.000000 0.000009 0.000000
0.984005 0.015618 0.000237 0.000132 0.000000 0.000008 0.000000
0.981196 0.018387 0.000271 0.000137 0.000000 0.000009 0.000000
0.977505 0.022047 0.000289 0.000150 0.000000 0.000009 0.000000
0.973773 0.025697 0.000348 0.000171 0.000000 0.000011 0.000000
0.969042 0.030285 0.000430 0.000230 0.000000 0.000013 0.000000
0.963311 0.035834 0.000567 0.000277 0.000000 0.000011 0.000000
0.957363 0.041681 0.000622 0.000322 0.000000 0.000011 0.000000
0.951151 0.047755 0.000706 0.000376 0.000000 0.000012 0.000000
0.943841 0.054928 0.000781 0.000435 0.000000 0.000015 0.000000
0.934843 0.063735 0.000897 0.000511 0.000000 0.000013 0.000000
0.923801 0.074492 0.001066 0.000622 0.000000 0.000020 0.000000
0.912803 0.085267 0.001199 0.000711 0.000000 0.000020 0.000000
0.903112 0.094706 0.001344 0.000813 0.000000 0.000025 0.000000
0.890635 0.106804 0.001591 0.000938 0.000000 0.000032 0.000000
0.877271 0.119756 0.001856 0.001079 0.000000 0.000038 0.000000
0.864522 0.132086 0.002127 0.001227 0.000000 0.000038 0.000000
0.850297 0.145944 0.002345 0.001370 0.000000 0.000044 0.000000
0.835249 0.160464 0.002688 0.001546 0.000000 0.000054 0.000000
0.819556 0.175602 0.003039 0.001736 0.000000 0.000068 0.000000
0.805087 0.189533 0.003361 0.001942 0.000000 0.000077 0.000000
0.787977 0.206021 0.003750 0.002166 0.000000 0.000086 0.000000
0.771963 0.221377 0.004154 0.002406 0.000000 0.000100 0.000000
0.756228 0.236425 0.004558 0.002669 0.000000 0.000120 0.000000
0.739165 0.252849 0.004933 0.002912 0.000000 0.000141 0.000000
0.725184 0.266190 0.005314 0.003161 0.000000 0.000151 0.000000
0.708062 0.282487 0.005806 0.003471 0.000000 0.000174 0.000000
0.694036 0.295737 0.006276 0.003761 0.000000 0.000190 0.000000
0.678939 0.310025 0.006779 0.004044 0.000001 0.000213 0.000000
0.663438 0.324625 0.007325 0.004369 0.000001 0.000242 0.000000
0.646999 0.340094 0.007957 0.004681 0.000002 0.000267 0.000000
0.634063 0.352190 0.008462 0.004991 0.000002 0.000291 0.000000
0.619204 0.366031 0.009110 0.005333 0.000002 0.000319 0.000000
0.605199 0.379072 0.009683 0.005690 0.000002 0.000354 0.000000
0.590972 0.392246 0.010310 0.006073 0.000002 0.000397 0.000000
0.575448 0.406490 0.011069 0.006550 0.000002 0.000442 0.000000
0.562804 0.418116 0.011690 0.006910 0.000002 0.000478 0.000000
0.552897 0.427121 0.012248 0.007227 0.000003 0.000504 0.000000
0.538294 0.440506 0.012942 0.007701 0.000003 0.000554 0.000000
0.522752 0.454615 0.013819 0.008197 0.000004 0.000614 0.000000
0.512175 0.464055 0.014560 0.008547 0.000004 0.000660 0.000000
0.499895 0.475145 0.015302 0.008966 0.000005 0.000686 0.000000
0.487068 0.486657 0.016153 0.009374 0.000005 0.000743 0.000000
0.478026 0.494537 0.016868 0.009792 0.000006 0.000772 0.000000
0.465529 0.505539 0.017823 0.010261 0.000007 0.000842 0.000000
0.455832 0.513787 0.018720 0.010757 0.000010 0.000894 0.000000
0.443533 0.524444 0.019732 0.011330 0.000010 0.000951 0.000000
0.437752 0.529202 0.020336 0.011670 0.000012 0.001027 0.000000
0.424668 0.540532 0.021396 0.012286 0.000012 0.001106 0.000000
0.415628 0.548031 0.022380 0.012757 0.000012 0.001193 0.000000
0.410380 0.552117 0.023091 0.013129 0.000011 0.001271 0.000000
0.399110 0.561600 0.024130 0.013782 0.000014 0.001363 0.000000
0.394633 0.564845 0.024914 0.014160 0.000016 0.001431 0.000000
0.385969 0.571721 0.025953 0.014803 0.000017 0.001536 0.000000
0.375281 0.580321 0.027230 0.015530 0.000018 0.001621 0.000000
0.373313 0.581550 0.027702 0.015740 0.000018 0.001678 0.000000
0.360201 0.592263 0.029190 0.016533 0.000023 0.001790 0.000000
0.352439 0.598203 0.030247 0.017184 0.000026 0.001900 0.000000
0.349277 0.600446 0.030723 0.017550 0.000025 0.001980 0.000000
0.339739 0.607815 0.032034 0.018238 0.000028 0.002147 0.000000
0.334592 0.611437 0.032900 0.018761 0.000031 0.002278 0.000000
0.327581 0.616558 0.034094 0.019357 0.000034 0.002376 0.000000
0.318064 0.623680 0.035526 0.020164 0.000037 0.002529 0.000000
0.312166 0.628085 0.036465 0.020592 0.000036 0.002656 0.000000
0.303452 0.634832 0.037620 0.021259 0.000041 0.002796 0.000000
0.294379 0.641513 0.039008 0.022056 0.000044 0.003000 0.000000
0.292693 0.642151 0.039652 0.022397 0.000046 0.003061 0.000000
0.283325 0.648520 0.041465 0.023378 0.000050 0.003262 0.000000
0.275362 0.654646 0.042535 0.023984 0.000048 0.003425 0.000000
0.269215 0.658624 0.043814 0.024715 0.000049 0.003583 0.000000
0.261871 0.663864 0.045024 0.025418 0.000051 0.003771 0.000000
0.254001 0.668750 0.046714 0.026455 0.000048 0.004032 0.000000
0.248534 0.672098 0.047968 0.027157 0.000050 0.004193 0.000000
0.249191 0.669928 0.048893 0.027607 0.000053 0.004328 0.000000
0.240577 0.675906 0.050393 0.028503 0.000057 0.004563 0.000000
0.235879 0.677451 0.052181 0.029597 0.000061 0.004831 0.000000
0.232677 0.678636 0.053365 0.030193 0.000062 0.005068 0.000000
0.229084 0.680842 0.054149 0.030630 0.000063 0.005232 0.000000
0.220850 0.685977 0.055950 0.031621 0.000072 0.005529 0.000000
0.224058 0.681557 0.056615 0.032007 0.000075 0.005688 0.000000
0.213691 0.688502 0.058559 0.033110 0.000077 0.006061 0.000000
0.207473 0.691694 0.060329 0.034110 0.000079 0.006315 0.000000
0.209660 0.688591 0.060867 0.034339 0.000084 0.006459 0.000000
0.200496 0.694468 0.062688 0.035456 0.000088 0.006803 0.000000
0.196379 0.695893 0.064303 0.036241 0.000098 0.007085 0.000000
0.193080 0.696929 0.065432 0.037106 0.000099 0.007353 0.000000
0.185016 0.701113 0.067655 0.038297 0.000103 0.007816 0.000001
0.180661 0.703182 0.068993 0.039066 0.000113 0.007985 0.000001
0.182612 0.699871 0.069699 0.039476 0.000107 0.008235 0.000000
0.176190 0.703458 0.071290 0.040370 0.000114 0.008577 0.000000
0.175445 0.701130 0.072917 0.041401 0.000119 0.008987 0.000001
0.171325 0.703191 0.074163 0.042009 0.000118 0.009193 0.000001
0.164156 0.706733 0.076144 0.043231 0.000128 0.009608 0.000000
0.159832 0.708274 0.077611 0.044174 0.000135 0.009972 0.000000
0.157669 0.707707 0.079100 0.045008 0.000143 0.010373 0.000001
0.158342 0.705400 0.080012 0.045482 0.000141 0.010623 0.000001
0.150264 0.709773 0.082193 0.046599 0.000151 0.011020 0.000001
0.142868 0.713680 0.083989 0.047753 0.000148 0.011562 0.000001
0.141902 0.711638 0.085746 0.048616 0.000159 0.011938 0.000001
0.139312 0.711982 0.086978 0.049293 0.000163 0.012271 0.000000
0.141526 0.708446 0.087665 0.049697 0.000171 0.012494 0.000001
0.144063 0.703750 0.088647 0.050389 0.000179 0.012972 0.000000
0.134094 0.708865 0.091411 0.051920 0.000190 0.013519 0.000001
0.133728 0.707302 0.092284 0.052630 0.000183 0.013873 0.000001
0.131268 0.706211 0.094347 0.053656 0.000187 0.014330 0.000001
0.128529 0.707492 0.095106 0.053973 0.000189 0.014711 0.000000
0.129222 0.704550 0.096249 0.054765 0.000196 0.015019 0.000001
0.129605 0.702281 0.097286 0.055255 0.000205 0.015368 0.000001
0.122051 0.705273 0.099768 0.056669 0.000210 0.016028 0.000001
0.119456 0.704993 0.101452 0.057499 0.000222 0.016378 0.000000
0.115184 0.705618 0.103292 0.058691 0.000220 0.016994 0.000001
0.116650 0.703112 0.103623 0.059015 0.000222 0.017377 0.000000
0.112084 0.702583 0.106490 0.060548 0.000234 0.018059 0.000001
0.109844 0.703019 0.107378 0.061092 0.000247 0.018419 0.000001
0.106321 0.702765 0.109444 0.062200 0.000246 0.019022 0.000001
0.106038 0.701358 0.110265 0.062707 0.000251 0.019381 0.000001
0.102738 0.700875 0.112127 0.063896 0.000256 0.020108 0.000001
0.098518 0.701189 0.114327 0.065020 0.000260 0.020685 0.000001
0.094481 0.702471 0.115910 0.065713 0.000274 0.021150 0.000001
0.091718 0.701055 0.117892 0.067074 0.000280 0.021981 0.000001
0.088484 0.702136 0.119141 0.067586 0.000287 0.022365 0.000001
0.085475 0.701463 0.120935 0.068770 0.000305 0.023052 0.000000
0.084299 0.700647 0.121947 0.069329 0.000302 0.023476 0.000000
0.086666 0.695701 0.123207 0.070085 0.000299 0.024041 0.000001
0.088696 0.691338 0.124385 0.070559 0.000315 0.024706 0.000001
0.088341 0.690295 0.125077 0.070951 0.000332 0.025002 0.000001
0.089610 0.686611 0.126369 0.071600 0.000332 0.025476 0.000002
0.086287 0.684961 0.128802 0.073166 0.000338 0.026444 0.000002
0.088584 0.682987 0.128393 0.073093 0.000343 0.026599 0.000002
0.089097 0.679191 0.130164 0.073918 0.000363 0.027266 0.000002
0.088699 0.677324 0.131223 0.074621 0.000352 0.027780 0.000002
0.089463 0.674399 0.132313 0.075166 0.000370 0.028287 0.000002
0.087370 0.673755 0.133685 0.075916 0.000369 0.028903 0.000002
0.084443 0.673739 0.135409 0.076592 0.000378 0.029437 0.000001
0.084556 0.669904 0.137066 0.077650 0.000385 0.030437 0.000003
0.086941 0.666904 0.137216 0.077873 0.000389 0.030674 0.000002
0.078908 0.670704 0.139568 0.079024 0.000411 0.031383 0.000002
0.079118 0.667535 0.141193 0.079728 0.000415 0.032007 0.000003
0.074388 0.669252 0.142529 0.080782 0.000409 0.032638 0.000003
0.080969 0.662233 0.142435 0.080710 0.000412 0.033238 0.000003
0.072680 0.664699 0.145603 0.082336 0.000435 0.034246 0.000002
0.070652 0.664280 0.146809 0.082957 0.000433 0.034867 0.000002
0.066014 0.664719 0.148986 0.084130 0.000458 0.035691 0.000002
0.063641 0.664658 0.150150 0.084787 0.000465 0.036298 0.000002
0.063038 0.663012 0.151236 0.085442 0.000469 0.036799 0.000003
0.060686 0.663113 0.152147 0.086043 0.000477 0.037532 0.000003
0.059013 0.661734 0.153830 0.086719 0.000491 0.038210 0.000003
0.058291 0.660376 0.154594 0.087381 0.000485 0.038870 0.000003
0.052043 0.659724 0.158097 0.089389 0.000515 0.040230 0.000003
0.049167 0.659258 0.159644 0.090243 0.000514 0.041172 0.000002
0.049960 0.657606 0.159994 0.090389 0.000527 0.041521 0.000003
0.045643 0.657863 0.162005 0.091563 0.000513 0.042411 0.000002
0.045534 0.654483 0.163394 0.092585 0.000523 0.043478 0.000003
0.042798 0.655013 0.164674 0.093124 0.000542 0.043846 0.000003
0.041612 0.651870 0.166749 0.094249 0.000566 0.044949 0.000004
0.044209 0.648465 0.167103 0.094290 0.000564 0.045365 0.000003
0.046377 0.644459 0.167815 0.094830 0.000583 0.045934 0.000003
0.045304 0.640371 0.170148 0.096252 0.000597 0.047325 0.000003
0.051336 0.635841 0.169266 0.095712 0.000585 0.047256 0.000004
0.050039 0.634009 0.170689 0.096483 0.000597 0.048180 0.000004
0.052044 0.630237 0.171315 0.096807 0.000604 0.048990 0.000002
0.051503 0.626716 0.173016 0.098071 0.000634 0.050055 0.000004
0.046930 0.627343 0.175331 0.098898 0.000648 0.050844 0.000005
0.053652 0.624597 0.173074 0.097620 0.000652 0.050400 0.000004
0.050079 0.622298 0.175718 0.099418 0.000648 0.051836 0.000004
0.050685 0.619344 0.176803 0.099901 0.000671 0.052594 0.000002
0.053161 0.616425 0.176646 0.099990 0.000673 0.053101 0.000003
0.048153 0.616599 0.179128 0.101080 0.000692 0.054345 0.000004
0.050362 0.612843 0.179324 0.101759 0.000688 0.055021 0.000003
0.048039 0.613774 0.180165 0.101849 0.000681 0.055488 0.000004
0.045256 0.612034 0.182159 0.103066 0.000714 0.056767 0.000005
0.046121 0.610166 0.182479 0.103129 0.000711 0.057389 0.000006
0.041779 0.610005 0.184697 0.104267 0.000719 0.058529 0.000005
0.040598 0.608938 0.185485 0.105046 0.000740 0.059188 0.000004
0.039898 0.607217 0.186323 0.105596 0.000733 0.060228 0.000005
0.038678 0.605455 0.187976 0.106165 0.000760 0.060961 0.000006
0.037243 0.603605 0.189082 0.107213 0.000765 0.062087 0.000005
0.034094 0.603231 0.190916 0.108157 0.000770 0.062828 0.000004
0.035855 0.601762 0.190463 0.107859 0.000778 0.063279 0.000004
0.032930 0.600299 0.192760 0.108905 0.000802 0.064298 0.000004
0.030460 0.598137 0.194678 0.110141 0.000807 0.065773 0.000004
0.029857 0.597698 0.194863 0.110458 0.000816 0.066303 0.000005
0.028643 0.593354 0.197441 0.111701 0.000825 0.068032 0.000004
0.029409 0.591994 0.197526 0.111737 0.000839 0.068492 0.000004
0.027799 0.590306 0.198987 0.112678 0.000825 0.069401 0.000004
0.027624 0.588896 0.199763 0.112901 0.000843 0.069970 0.000004
0.025979 0.587735 0.201095 0.113703 0.000851 0.070633 0.000005
0.026102 0.587545 0.200782 0.113738 0.000852 0.070976 0.000006
0.026002 0.583035 0.202692 0.114858 0.000865 0.072542 0.000006
0.024043 0.581292 0.204347 0.115665 0.000893 0.073754 0.000006
0.024630 0.579580 0.204713 0.115702 0.000914 0.074454 0.000006
0.023505 0.577427 0.206044 0.116521 0.000916 0.075581 0.000006
0.022851 0.574907 0.207384 0.117307 0.000917 0.076627 0.000007
0.022182 0.572854 0.208766 0.117944 0.000932 0.077316 0.000006
0.021547 0.570648 0.209812 0.118686 0.000944 0.078357 0.000007
0.021555 0.568497 0.210795 0.119047 0.000960 0.079141 0.000006
0.021826 0.566448 0.210939 0.119384 0.000963 0.080435 0.000005
0.024010 0.562800 0.211553 0.119731 0.000970 0.080931 0.000005
0.028918 0.559071 0.210941 0.119246 0.000979 0.080838 0.000007
0.028919 0.557343 0.211559 0.119491 0.000988 0.081695 0.000005
0.028051 0.553669 0.213285 0.120708 0.001007 0.083276 0.000004
0.028861 0.552478 0.213275 0.120554 0.001044 0.083782 0.000006
0.031543 0.548732 0.213549 0.120823 0.001034 0.084314 0.000005
0.031380 0.547471 0.213728 0.120908 0.001037 0.085470 0.000006
0.033979 0.544330 0.213859 0.120986 0.001040 0.085797 0.000008
0.031925 0.543793 0.214978 0.121388 0.001044 0.086865 0.000008
0.032052 0.541392 0.215703 0.122079 0.001078 0.087686 0.000010
0.034350 0.540054 0.214908 0.121587 0.001082 0.088011 0.000009
0.029603 0.538154 0.217788 0.123182 0.001098 0.090165 0.000010
0.029699 0.536675 0.218236 0.123406 0.001107 0.090867 0.000009
0.029555 0.534552 0.219000 0.124002 0.001119 0.091763 0.000008
0.038043 0.528614 0.217343 0.123030 0.001122 0.091838 0.000010
0.037840 0.526956 0.217996 0.123408 0.001123 0.092669 0.000008
0.036289 0.525578 0.219304 0.123928 0.001132 0.093760 0.000009
0.035343 0.525035 0.219540 0.124423 0.001145 0.094506 0.000009
0.036352 0.523083 0.219684 0.124466 0.001149 0.095256 0.000010
0.044263 0.516973 0.218695 0.123704 0.001150 0.095205 0.000010
0.043386 0.516824 0.218703 0.123825 0.001159 0.096093 0.000011
0.044073 0.513218 0.219819 0.124418 0.001151 0.097310 0.000011
0.046090 0.511667 0.219282 0.123949 0.001173 0.097828 0.000010
0.047016 0.508691 0.219588 0.124475 0.001186 0.099034 0.000010
0.044237 0.508451 0.220788 0.125144 0.001173 0.100195 0.000011
0.045108 0.508268 0.220490 0.124810 0.001203 0.100108 0.000013
0.039614 0.508023 0.222569 0.126211 0.001229 0.102344 0.000010
0.041107 0.507175 0.222218 0.125877 0.001200 0.102412 0.000011
0.042102 0.506471 0.222043 0.125451 0.001200 0.102722 0.000013
0.038161 0.504504 0.224233 0.127105 0.001230 0.104755 0.000012
0.037097 0.503991 0.224862 0.127183 0.001240 0.105616 0.000011
0.037897 0.503768 0.224205 0.126951 0.001245 0.105921 0.000013
0.035226 0.502970 0.225738 0.127819 0.001266 0.106972 0.000009
0.034213 0.501153 0.226591 0.128218 0.001266 0.108545 0.000013
0.031154 0.500584 0.228051 0.129258 0.001295 0.109645 0.000013
0.030056 0.499356 0.228828 0.129568 0.001332 0.110845 0.000015
0.029352 0.497860 0.229363 0.129875 0.001317 0.112220 0.000012
0.027207 0.496997 0.230740 0.130620 0.001341 0.113081 0.000014
0.024992 0.496013 0.231788 0.131441 0.001330 0.114422 0.000014
0.026966 0.494755 0.231088 0.130880 0.001355 0.114941 0.000015
0.024385 0.493160 0.232554 0.132091 0.001369 0.116425 0.000015
0.023328 0.492133 0.233528 0.132290 0.001382 0.117327 0.000013
0.023767 0.489909 0.233519 0.132551 0.001393 0.118847 0.000013
0.020980 0.488318 0.235670 0.133511 0.001409 0.120096 0.000015
0.020829 0.485075 0.236686 0.134379 0.001453 0.121563 0.000014
0.020223 0.484195 0.237083 0.134430 0.001469 0.122584 0.000015
0.020208 0.481827 0.237596 0.135089 0.001450 0.123817 0.000015
0.019395 0.480263 0.238575 0.135470 0.001477 0.124807 0.000013
0.018542 0.476939 0.240116 0.136079 0.001495 0.126813 0.000016
0.018367 0.476214 0.240211 0.136418 0.001481 0.127294 0.000016
0.017766 0.474801 0.240829 0.136807 0.001471 0.128311 0.000015
0.017899 0.473316 0.241222 0.136726 0.001512 0.129308 0.000018
0.017490 0.471311 0.242227 0.137313 0.001525 0.130118 0.000015
0.017197 0.470369 0.242503 0.137254 0.001536 0.131122 0.000018
0.016268 0.467497 0.243716 0.138297 0.001528 0.132677 0.000017
0.017227 0.466972 0.242925 0.138255 0.001528 0.133074 0.000020
0.016390 0.464640 0.244185 0.138613 0.001542 0.134613 0.000017
0.016461 0.461820 0.244843 0.139104 0.001591 0.136160 0.000021
0.016468 0.461369 0.244699 0.139013 0.001567 0.136864 0.000020
0.015549 0.458530 0.246112 0.139874 0.001602 0.138315 0.000018
0.015720 0.457105 0.246679 0.139850 0.001609 0.139014 0.000024
0.015841 0.453749 0.247525 0.140303 0.001643 0.140921 0.000019
0.015334 0.451690 0.248096 0.140824 0.001626 0.142407 0.000022
0.015414 0.451012 0.248066 0.140848 0.001634 0.143005 0.000022
0.015651 0.452393 0.247320 0.140279 0.001627 0.142709 0.000021
0.015589 0.449405 0.247968 0.141061 0.001684 0.144272 0.000021
0.015160 0.447030 0.249116 0.141614 0.001684 0.145374 0.000022
0.015433 0.446043 0.248871 0.141619 0.001686 0.146328 0.000020
0.015198 0.444716 0.249439 0.141895 0.001710 0.147023 0.000019
0.014788 0.439995 0.251020 0.142750 0.001727 0.149696 0.000024
0.014918 0.441372 0.250483 0.142261 0.001710 0.149234 0.000022
0.014949 0.439512 0.250971 0.142533 0.001722 0.150290 0.000022
0.014799 0.435959 0.252050 0.142977 0.001749 0.152438 0.000028
0.014550 0.436381 0.251675 0.143184 0.001760 0.152425 0.000025
0.014375 0.433612 0.252796 0.143500 0.001776 0.153911 0.000029
0.014521 0.432336 0.252605 0.143674 0.001769 0.155066 0.000028
0.014341 0.430126 0.253424 0.143872 0.001828 0.156384 0.000026
0.014395 0.429468 0.253645 0.143881 0.001777 0.156808 0.000027
0.014442 0.426676 0.254049 0.144474 0.001796 0.158537 0.000027
0.014208 0.426130 0.254640 0.144420 0.001819 0.158753 0.000028
0.014466 0.425391 0.253928 0.144399 0.001854 0.159933 0.000029
0.014324 0.421000 0.255168 0.145187 0.001851 0.162442 0.000029
0.014142 0.420897 0.255647 0.145120 0.001824 0.162343 0.000029
0.014188 0.418995 0.256009 0.145339 0.001856 0.163583 0.000030
0.014265 0.418299 0.256093 0.145473 0.001856 0.163986 0.000027
0.013813 0.414700 0.257106 0.146220 0.001888 0.166243 0.000030
0.014007 0.414125 0.257074 0.145922 0.001871 0.166969 0.000032
0.013835 0.412101 0.257287 0.146249 0.001902 0.168599 0.000027
0.013968 0.410879 0.257671 0.146380 0.001896 0.169174 0.000033
0.013958 0.409745 0.257777 0.146455 0.001908 0.170127 0.000030
0.013903 0.407741 0.258382 0.146733 0.001907 0.171303 0.000030
0.013993 0.407776 0.257872 0.146484 0.001910 0.171933 0.000031
0.013933 0.405160 0.258388 0.146849 0.001952 0.173683 0.000035
0.013705 0.403104 0.259043 0.147389 0.001961 0.174767 0.000031
0.013842 0.402638 0.259272 0.147068 0.001996 0.175149 0.000034
0.013720 0.401103 0.259565 0.147274 0.001979 0.176328 0.000031
0.013683 0.398965 0.259429 0.147809 0.001995 0.178086 0.000035
0.013919 0.398253 0.259631 0.147528 0.001999 0.178636 0.000034
0.013613 0.396309 0.260118 0.147948 0.002033 0.179948 0.000031
0.013741 0.396051 0.259885 0.147667 0.002047 0.180576 0.000033
0.013637 0.395176 0.260522 0.147569 0.002005 0.181055 0.000036
0.013592 0.391720 0.261188 0.148420 0.002047 0.182998 0.000035
0.013611 0.390378 0.261400 0.148380 0.002106 0.184089 0.000036
0.013486 0.390157 0.261105 0.148484 0.002034 0.184699 0.000035
0.013578 0.389085 0.261501 0.148292 0.002066 0.185441 0.000037
0.013668 0.386975 0.261603 0.148607 0.002109 0.187004 0.000035
0.013568 0.384636 0.261999 0.149122 0.002103 0.188536 0.000036
0.013560 0.384020 0.262270 0.148927 0.002070 0.189116 0.000036
0.013331 0.382172 0.262390 0.149122 0.002153 0.190795 0.000037
0.013527 0.380717 0.262743 0.149216 0.002147 0.191612 0.000038
0.013676 0.380685 0.262504 0.149018 0.002167 0.191912 0.000039
0.013250 0.377747 0.263343 0.149536 0.002140 0.193940 0.000043
0.013253 0.376833 0.263318 0.149614 0.002176 0.194770 0.000037
0.013520 0.376005 0.263106 0.149547 0.002186 0.195598 0.000039
0.013198 0.371723 0.264265 0.150226 0.002196 0.198349 0.000044
0.013440 0.372362 0.263830 0.149762 0.002186 0.198374 0.000046
0.013324 0.370821 0.264123 0.149945 0.002220 0.199525 0.000044
0.013475 0.370093 0.264130 0.150003 0.002228 0.200023 0.000048
0.013439 0.367686 0.264145 0.150415 0.002256 0.202017 0.000043
0.013276 0.367676 0.264303 0.150329 0.002255 0.202119 0.000042
0.013406 0.365391 0.264800 0.150684 0.002262 0.203414 0.000043
0.013321 0.363712 0.265082 0.150631 0.002267 0.204941 0.000047
0.013704 0.363249 0.264937 0.150600 0.002281 0.205186 0.000043
0.013400 0.362665 0.264777 0.150694 0.002281 0.206141 0.000041
0.013315 0.360377 0.265484 0.151098 0.002293 0.207385 0.000048
0.013448 0.359241 0.265571 0.150986 0.002310 0.208402 0.000042
0.013283 0.357063 0.265576 0.151295 0.002353 0.210390 0.000040
0.013502 0.355599 0.265950 0.151005 0.002385 0.211514 0.000046
0.013317 0.356312 0.265406 0.150912 0.002359 0.211642 0.000053
0.013447 0.353553 0.266227 0.151289 0.002378 0.213060 0.000047
0.013350 0.351200 0.266690 0.151641 0.002386 0.214686 0.000047
0.013327 0.351412 0.266238 0.151191 0.002393 0.215396 0.000044
0.013539 0.351266 0.265912 0.151094 0.002405 0.215740 0.000045
0.013191 0.348039 0.266501 0.151467 0.002421 0.218340 0.000041
0.013288 0.348614 0.266445 0.151440 0.002434 0.217731 0.000048
0.013113 0.346802 0.266565 0.151609 0.002445 0.219419 0.000047
0.013464 0.346394 0.266279 0.151397 0.002470 0.219945 0.000051
0.013249 0.343240 0.266850 0.151895 0.002518 0.222202 0.000045
0.013414 0.343557 0.266455 0.151515 0.002489 0.222522 0.000049
0.013471 0.342020 0.266855 0.151920 0.002527 0.223164 0.000043
0.013428 0.339285 0.267222 0.152077 0.002522 0.225414 0.000052
0.013555 0.340078 0.266865 0.151730 0.002517 0.225206 0.000049
0.013318 0.337336 0.267480 0.152193 0.002521 0.227099 0.000052
0.013506 0.336018 0.267291 0.152335 0.002556 0.228238 0.000056
0.013518 0.334680 0.267471 0.152313 0.002535 0.229440 0.000043
0.013545 0.334158 0.267409 0.152440 0.002538 0.229865 0.000045
0.013467 0.334401 0.267184 0.152096 0.002581 0.230226 0.000044
0.013390 0.331366 0.267375 0.152399 0.002592 0.232835 0.000043
0.013563 0.331351 0.267359 0.152159 0.002575 0.232940 0.000054
0.013429 0.328931 0.267796 0.152201 0.002587 0.235008 0.000049
0.030323 0.325178 0.262340 0.149233 0.002539 0.230340 0.000047
0.024691 0.326109 0.264017 0.150179 0.002613 0.232342 0.000050
0.030175 0.324021 0.261669 0.149163 0.002565 0.232361 0.000045
0.024935 0.322726 0.264006 0.150120 0.002606 0.235557 0.000050
0.025474 0.323342 0.263110 0.149747 0.002605 0.235674 0.000049
0.029019 0.321038 0.262008 0.149263 0.002576 0.236050 0.000047
0.029705 0.320575 0.261510 0.149244 0.002627 0.236287 0.000052
0.026239 0.320980 0.262597 0.149478 0.002640 0.238016 0.000050
0.028268 0.319721 0.261682 0.148866 0.002672 0.238740 0.000051
0.027416 0.318602 0.262061 0.148994 0.002628 0.240247 0.000051
0.023949 0.319153 0.262948 0.149728 0.002692 0.241480 0.000050
0.035045 0.318721 0.258718 0.147036 0.002617 0.237817 0.000046
0.035558 0.315099 0.258980 0.147422 0.002684 0.240203 0.000055
0.034224 0.315096 0.258804 0.147556 0.002653 0.241616 0.000051
0.034731 0.315931 0.258438 0.147271 0.002640 0.240937 0.000052
0.049670 0.311151 0.253898 0.144514 0.002599 0.238110 0.000057
0.049182 0.311970 0.253549 0.144176 0.002645 0.238427 0.000051
0.049133 0.311373 0.253219 0.144013 0.002635 0.239575 0.000052
0.048911 0.313144 0.252349 0.143699 0.002660 0.239183 0.000053
0.042473 0.310771 0.255285 0.145558 0.002673 0.243189 0.000051
0.047268 0.312567 0.252114 0.143566 0.002698 0.241737 0.000051
0.040648 0.310800 0.255484 0.145425 0.002681 0.244912 0.000051
0.043166 0.311350 0.253452 0.144545 0.002703 0.244736 0.000047
0.040552 0.311110 0.254365 0.145056 0.002682 0.246184 0.000051
0.038965 0.311746 0.254369 0.144732 0.002691 0.247440 0.000057
0.034786 0.312020 0.255385 0.145684 0.002738 0.249332 0.000055
0.033115 0.310029 0.256320 0.146257 0.002748 0.251477 0.000053
0.034123 0.310196 0.255388 0.145684 0.002741 0.251810 0.000058
0.033190 0.312857 0.255241 0.145396 0.002774 0.250488 0.000053
0.027319 0.306778 0.258671 0.147546 0.002804 0.256821 0.000061
0.029124 0.308567 0.256997 0.146245 0.002811 0.256193 0.000063
0.027026 0.307185 0.257768 0.146849 0.002806 0.258304 0.000061
0.026472 0.307603 0.257865 0.146979 0.002827 0.258199 0.000054
0.027946 0.309295 0.256151 0.146126 0.002818 0.257607 0.000057
0.021463 0.302537 0.260830 0.148463 0.002894 0.263758 0.000054
0.023179 0.302972 0.259051 0.147939 0.002843 0.263950 0.000066
0.021505 0.300798 0.260409 0.148366 0.002910 0.265952 0.000060
0.022515 0.302172 0.259148 0.147599 0.002905 0.265597 0.000064
0.019014 0.297412 0.261689 0.149789 0.002940 0.269095 0.000059
0.020349 0.297426 0.260732 0.148659 0.002918 0.269857 0.000060
0.019646 0.297061 0.261422 0.148685 0.003002 0.270115 0.000069
0.019015 0.296026 0.261364 0.149062 0.002960 0.271507 0.000066
0.017842 0.293877 0.261884 0.149229 0.002967 0.274137 0.000064
0.018504 0.294782 0.261507 0.148972 0.002972 0.273192 0.000072
0.017298 0.290611 0.262981 0.149372 0.003008 0.276663 0.000068
0.018479 0.291182 0.261482 0.148891 0.003012 0.276884 0.000069
0.016584 0.289785 0.262754 0.149705 0.002998 0.278098 0.000076
0.017697 0.291019 0.261319 0.149198 0.003046 0.277651 0.000070
0.016190 0.288320 0.263048 0.149937 0.003023 0.279408 0.000074
0.016268 0.285797 0.263009 0.149788 0.003071 0.282003 0.000065
0.016560 0.286031 0.262287 0.149482 0.003085 0.282485 0.000071
0.016237 0.283786 0.262510 0.149925 0.003019 0.284453 0.000071
0.016275 0.283438 0.262365 0.149477 0.003092 0.285286 0.000067
0.016140 0.283014 0.262765 0.149415 0.003106 0.285488 0.000072
0.015414 0.280824 0.262944 0.150057 0.003086 0.287602 0.000073
0.015527 0.279738 0.263053 0.149881 0.003135 0.288590 0.000076
0.015603 0.278956 0.262587 0.149534 0.003145 0.290101 0.000074
0.014650 0.276086 0.264007 0.150533 0.003148 0.291501 0.000074
0.014846 0.273855 0.263566 0.150579 0.003202 0.293880 0.000072
0.015541 0.276970 0.262613 0.149594 0.003174 0.292042 0.000067
0.015263 0.276473 0.262151 0.149554 0.003158 0.293328 0.000072
0.015077 0.273962 0.262996 0.150004 0.003185 0.294702 0.000073
0.014998 0.271405 0.263087 0.149897 0.003210 0.297328 0.000075
0.014960 0.272726 0.262694 0.149689 0.003255 0.296603 0.000073
0.014930 0.270827 0.263013 0.149862 0.003220 0.298078 0.000070
0.014882 0.268850 0.262811 0.149853 0.003241 0.300284 0.000079
0.014771 0.269347 0.262560 0.149751 0.003223 0.300273 0.000075
0.014679 0.266879 0.262536 0.149647 0.003274 0.302911 0.000074
0.014691 0.266251 0.262697 0.149819 0.003240 0.303225 0.000076
0.014826 0.266644 0.262230 0.149431 0.003267 0.303524 0.000078
0.014414 0.262824 0.262796 0.149942 0.003301 0.306643 0.000080
0.014508 0.262715 0.262620 0.149755 0.003278 0.307039 0.000086
0.014676 0.261905 0.262099 0.149857 0.003298 0.308093 0.000072
0.014547 0.261907 0.262508 0.149547 0.003303 0.308117 0.000071
0.014589 0.261171 0.262145 0.149505 0.003317 0.309198 0.000075
0.014236 0.258055 0.262944 0.149818 0.003358 0.311514 0.000075
0.014898 0.259238 0.261895 0.149319 0.003346 0.311226 0.000078
0.014796 0.258259 0.262176 0.149247 0.003311 0.312131 0.000081
0.014576 0.255442 0.262321 0.149502 0.003330 0.314752 0.000077
0.014529 0.255322 0.262385 0.149287 0.003400 0.315000 0.000078
0.014355 0.255051 0.262211 0.149485 0.003382 0.315439 0.000077
0.014372 0.254813 0.261800 0.149005 0.003385 0.316542 0.000083
0.014416 0.254338 0.261666 0.148915 0.003409 0.317177 0.000079
0.014324 0.250866 0.261736 0.149323 0.003398 0.320277 0.000075
0.014527 0.252238 0.261197 0.148983 0.003414 0.319564 0.000077
0.014666 0.250911 0.261245 0.148791 0.003410 0.320886 0.000091
0.014286 0.249539 0.261573 0.149220 0.003425 0.321876 0.000081
0.014615 0.249358 0.260904 0.148702 0.003428 0.322908 0.000086
0.014648 0.249134 0.260788 0.148655 0.003464 0.323232 0.000080
0.014462 0.247745 0.260981 0.148747 0.003487 0.324494 0.000084
0.014641 0.247905 0.260294 0.148414 0.003489 0.325176 0.000082
0.014258 0.244323 0.261013 0.148845 0.003511 0.327963 0.000087
0.014551 0.245012 0.260253 0.148461 0.003524 0.328114 0.000085
0.014620 0.244128 0.260288 0.148659 0.003513 0.328705 0.000087
0.014623 0.242365 0.260250 0.148434 0.003482 0.330763 0.000083
0.014665 0.241111 0.260400 0.148467 0.003533 0.331728 0.000096
0.014746 0.240350 0.260003 0.148333 0.003578 0.332904 0.000086
0.014686 0.240125 0.260108 0.148071 0.003568 0.333359 0.000082
0.014674 0.239241 0.259953 0.148372 0.003554 0.334116 0.000090
0.014642 0.238842 0.259488 0.147989 0.003590 0.335362 0.000087
0.014667 0.237439 0.259479 0.148049 0.003591 0.336695 0.000080
0.014551 0.237230 0.259468 0.147586 0.003594 0.337487 0.000084
0.014793 0.237292 0.258580 0.147360 0.003538 0.338355 0.000083
0.014723 0.235456 0.258905 0.147776 0.003626 0.339424 0.000091
0.014591 0.235262 0.258974 0.147819 0.003624 0.339642 0.000088
0.014779 0.234406 0.258872 0.147317 0.003630 0.340902 0.000095
0.014820 0.233901 0.258751 0.147305 0.003568 0.341561 0.000095
0.014845 0.232126 0.258425 0.147321 0.003646 0.343551 0.000086
0.014826 0.232505 0.258237 0.146957 0.003610 0.343778 0.000088
0.014739 0.229005 0.258537 0.147366 0.003630 0.346635 0.000088
0.015004 0.231721 0.257876 0.146974 0.003654 0.344683 0.000088
0.014933 0.229312 0.258154 0.146979 0.003645 0.346883 0.000094
0.014912 0.227905 0.257379 0.146983 0.003653 0.349071 0.000097
0.014999 0.228915 0.257448 0.146737 0.003702 0.348110 0.000090
0.014959 0.226598 0.257383 0.146637 0.003621 0.350710 0.000091
0.015065 0.225985 0.257428 0.146820 0.003687 0.350921 0.000094
0.015108 0.224767 0.256831 0.146406 0.003672 0.353126 0.000089
0.015329 0.224581 0.257135 0.146504 0.003694 0.352663 0.000094
0.015063 0.223823 0.256946 0.146505 0.003769 0.353797 0.000097
0.015323 0.223131 0.256298 0.146295 0.003703 0.355153 0.000098
0.015320 0.224178 0.255992 0.145910 0.003726 0.354783 0.000091
0.015170 0.223351 0.256013 0.146318 0.003684 0.355365 0.000099
0.015448 0.221362 0.255614 0.146082 0.003773 0.357624 0.000097
0.015137 0.219278 0.255780 0.146136 0.003734 0.359846 0.000090
0.015078 0.218739 0.256036 0.146041 0.003738 0.360268 0.000101
0.015187 0.219156 0.255482 0.145880 0.003763 0.360435 0.000098
0.015362 0.217656 0.255292 0.145997 0.003790 0.361800 0.000103
0.015355 0.216304 0.255296 0.145436 0.003792 0.363717 0.000099
0.015473 0.217774 0.254753 0.144903 0.003815 0.363183 0.000101
0.015327 0.216752 0.254020 0.145039 0.003796 0.364967 0.000098
0.015648 0.215931 0.254281 0.145112 0.003824 0.365111 0.000093
0.015698 0.214437 0.253941 0.144837 0.003752 0.367233 0.000103
0.015582 0.214017 0.254062 0.144639 0.003803 0.367798 0.000098
0.015587 0.213362 0.253815 0.144628 0.003862 0.368643 0.000103
0.015623 0.214041 0.253226 0.144571 0.003814 0.368624 0.000101
0.015551 0.213739 0.253553 0.144465 0.003848 0.368745 0.000098
0.015501 0.211514 0.253437 0.144443 0.003858 0.371138 0.000109
0.015565 0.209933 0.253086 0.144575 0.003876 0.372854 0.000112
0.015731 0.209202 0.253022 0.143979 0.003864 0.374095 0.000108
0.015770 0.209666 0.252455 0.143905 0.003814 0.374286 0.000103
0.015823 0.209080 0.252494 0.143857 0.003829 0.374808 0.000109
0.015805 0.208501 0.251976 0.143875 0.003851 0.375881 0.000111
0.015736 0.207666 0.252228 0.143944 0.003893 0.376420 0.000114
0.015856 0.206387 0.251986 0.143574 0.003892 0.378191 0.000113
0.015971 0.205401 0.251109 0.143672 0.003882 0.379858 0.000108
0.016211 0.204874 0.251105 0.143464 0.003911 0.380324 0.000111
0.015958 0.205690 0.251135 0.143234 0.003899 0.379966 0.000119
0.015892 0.203840 0.251168 0.143263 0.003902 0.381816 0.000117
0.015960 0.204493 0.250556 0.142983 0.003902 0.381992 0.000113
0.016189 0.201596 0.250487 0.143061 0.003952 0.384602 0.000113
0.015983 0.203145 0.250736 0.142558 0.003880 0.383587 0.000111
0.016267 0.202524 0.250053 0.142457 0.003917 0.384671 0.000112
0.015977 0.199665 0.250101 0.142890 0.003930 0.387309 0.000128
0.016149 0.201430 0.249633 0.142435 0.003949 0.386277 0.000126
0.016278 0.199283 0.248916 0.142380 0.003887 0.389144 0.000113
0.016253 0.199482 0.248838 0.142320 0.003906 0.389083 0.000118
0.016212 0.198526 0.248762 0.141981 0.003920 0.390482 0.000117
0.016300 0.198431 0.248778 0.142125 0.003982 0.390261 0.000123
0.016312 0.198154 0.248582 0.141994 0.003945 0.390896 0.000118
0.016180 0.197897 0.248458 0.141728 0.003991 0.391626 0.000120
0.016511 0.195943 0.247637 0.141531 0.003966 0.394293 0.000118
0.016360 0.196347 0.247757 0.141432 0.004006 0.393978 0.000120
0.016456 0.196602 0.247519 0.141633 0.003981 0.393690 0.000119
0.016392 0.194726 0.247499 0.141154 0.004028 0.396087 0.000114
0.016687 0.192303 0.247303 0.141330 0.004049 0.398205 0.000124
0.016563 0.191928 0.246525 0.141078 0.004021 0.399762 0.000123
0.016538 0.192869 0.247002 0.141122 0.004022 0.398336 0.000111
0.016533 0.191157 0.246457 0.140787 0.004050 0.400895 0.000120
0.016850 0.191415 0.246368 0.140435 0.004056 0.400760 0.000116
0.016759 0.190321 0.246433 0.140657 0.004053 0.401655 0.000123
0.016787 0.190899 0.246235 0.140430 0.004073 0.401447 0.000128
0.016921 0.189014 0.245475 0.140340 0.004041 0.404090 0.000118
0.016739 0.188323 0.245707 0.139940 0.004085 0.405082 0.000124
0.016671 0.189200 0.245361 0.139887 0.004033 0.404728 0.000119
0.016845 0.188773 0.244839 0.139962 0.004100 0.405346 0.000134
0.016950 0.185925 0.244881 0.139729 0.004122 0.408261 0.000132
0.017146 0.187229 0.244321 0.139528 0.004160 0.407495 0.000122
0.016990 0.186335 0.244817 0.139593 0.004163 0.407975 0.000127
0.017001 0.185100 0.244255 0.139370 0.004180 0.409973 0.000121
0.017073 0.183390 0.243861 0.139269 0.004140 0.412140 0.000127
0.017255 0.184910 0.243325 0.139147 0.004142 0.411087 0.000133
0.017046 0.183288 0.243452 0.139139 0.004172 0.412778 0.000125
0.017287 0.182346 0.243138 0.138565 0.004162 0.414375 0.000127
0.016994 0.183118 0.242970 0.138905 0.004135 0.413748 0.000129
0.017136 0.182317 0.242888 0.138319 0.004157 0.415053 0.000130
0.017261 0.182087 0.242132 0.138503 0.004167 0.415711 0.000139
0.017377 0.180122 0.242148 0.138238 0.004215 0.417766 0.000135
0.017049 0.180966 0.242189 0.138174 0.004184 0.417301 0.000137
0.017368 0.180774 0.241726 0.137785 0.004141 0.418075 0.000131
0.017401 0.177905 0.241290 0.137787 0.004165 0.421314 0.000138
0.017223 0.180247 0.241796 0.137883 0.004156 0.418560 0.000136
0.017717 0.178210 0.241296 0.137798 0.004213 0.420633 0.000134
0.017525 0.178636 0.240787 0.137230 0.004247 0.421437 0.000137
0.017686 0.176051 0.240578 0.137393 0.004247 0.423909 0.000136
0.017806 0.175883 0.240133 0.136675 0.004276 0.425082 0.000145
0.017660 0.176516 0.239768 0.136835 0.004321 0.424771 0.000130
0.017818 0.176370 0.239903 0.136938 0.004240 0.424603 0.000128
0.017580 0.175064 0.239658 0.136790 0.004265 0.426503 0.000140
0.017753 0.173941 0.239458 0.136827 0.004244 0.427639 0.000137
0.017696 0.175635 0.239037 0.136601 0.004229 0.426668 0.000134
0.017841 0.173475 0.238602 0.136292 0.004236 0.429426 0.000129
0.017808 0.173070 0.238457 0.136183 0.004307 0.430037 0.000138
0.017978 0.174459 0.237820 0.135799 0.004227 0.429575 0.000142
0.017910 0.172219 0.237836 0.135847 0.004275 0.431789 0.000124
0.017790 0.171352 0.237521 0.135688 0.004287 0.433216 0.000147
0.017893 0.172095 0.237468 0.135802 0.004327 0.432274 0.000139
0.018049 0.170972 0.237226 0.135479 0.004305 0.433832 0.000137
0.018075 0.169729 0.237189 0.135239 0.004358 0.435270 0.000140
0.018051 0.169694 0.236983 0.135242 0.004350 0.435543 0.000137
0.018016 0.170428 0.236845 0.134951 0.004314 0.435293 0.000153
0.018178 0.169552 0.236697 0.135155 0.004298 0.435972 0.000148
0.018096 0.167942 0.235969 0.134911 0.004336 0.438602 0.000144
0.018322 0.168326 0.235058 0.134640 0.004370 0.439127 0.000157
0.018338 0.166959 0.235334 0.134170 0.004358 0.440686 0.000154
0.018442 0.167878 0.235098 0.134270 0.004321 0.439841 0.000149
0.018180 0.166984 0.235153 0.134161 0.004358 0.441015 0.000148
0.018327 0.166280 0.234596 0.134027 0.004386 0.442231 0.000153
0.018273 0.165972 0.234342 0.133781 0.004361 0.443112 0.000159
0.018509 0.165352 0.234298 0.133737 0.004357 0.443606 0.000142
0.018467 0.163797 0.233870 0.133481 0.004450 0.445782 0.000153
0.018629 0.164809 0.233606 0.133351 0.004446 0.444997 0.000163
0.018309 0.164423 0.233443 0.133466 0.004446 0.445756 0.000157
0.018452 0.163676 0.232770 0.133287 0.004364 0.447298 0.000153
0.018522 0.162709 0.233279 0.132988 0.004397 0.447950 0.000155
0.018660 0.162387 0.232768 0.132929 0.004415 0.448691 0.000150
0.018650 0.162656 0.232104 0.132887 0.004377 0.449165 0.000161
0.018761 0.161215 0.232249 0.132634 0.004428 0.450557 0.000156
0.018557 0.161074 0.231689 0.132577 0.004420 0.451533 0.000150
0.018851 0.160402 0.231633 0.132537 0.004428 0.451990 0.000159
0.018875 0.161050 0.231415 0.132432 0.004420 0.451649 0.000158
0.018904 0.159249 0.231053 0.132073 0.004451 0.454116 0.000154
0.018766 0.160936 0.231231 0.131908 0.004389 0.452623 0.000148
0.019001 0.157874 0.230249 0.131379 0.004426 0.456908 0.000163
0.018852 0.157963 0.230099 0.131483 0.004480 0.456954 0.000169
0.019243 0.156756 0.229803 0.131238 0.004462 0.458323 0.000176
0.019154 0.157310 0.229797 0.131108 0.004465 0.457998 0.000167
0.019263 0.156591 0.229153 0.131018 0.004499 0.459309 0.000167
0.018947 0.157331 0.229344 0.130768 0.004486 0.458962 0.000162
0.019354 0.155560 0.228970 0.130598 0.004496 0.460864 0.000158
0.019370 0.156075 0.228558 0.130877 0.004470 0.460482 0.000168
0.019114 0.155967 0.228438 0.130402 0.004485 0.461419 0.000176
0.019304 0.155528 0.227943 0.130151 0.004467 0.462453 0.000155
0.019598 0.154401 0.227583 0.130211 0.004552 0.463500 0.000155
0.019220 0.154998 0.227660 0.130379 0.004498 0.463071 0.000173
0.019432 0.154722 0.227407 0.129998 0.004523 0.463741 0.000177
0.019682 0.152516 0.226983 0.129496 0.004515 0.466631 0.000177
0.019383 0.153630 0.226757 0.129453 0.004481 0.466130 0.000166
0.019302 0.153195 0.226680 0.129434 0.004571 0.466650 0.000168
0.019795 0.151999 0.225994 0.129410 0.004555 0.468082 0.000165
0.019684 0.151879 0.226119 0.128822 0.004589 0.468729 0.000178
0.019602 0.151267 0.225495 0.128831 0.004560 0.470074 0.000171
0.019655 0.151499 0.226069 0.128662 0.004640 0.469298 0.000176
0.019886 0.150483 0.224883 0.128733 0.004615 0.471230 0.000169
0.019846 0.151590 0.225214 0.128482 0.004606 0.470090 0.000172
0.019916 0.149433 0.225044 0.128418 0.004601 0.472414 0.000175
0.019910 0.149035 0.224041 0.127849 0.004581 0.474410 0.000173
0.019929 0.148396 0.224342 0.127872 0.004613 0.474684 0.000164
0.019990 0.148439 0.223956 0.127802 0.004632 0.474994 0.000188
0.020159 0.149065 0.223887 0.127386 0.004578 0.474746 0.000180
0.019861 0.147762 0.223485 0.127406 0.004615 0.476694 0.000177
0.020120 0.147084 0.222847 0.126944 0.004596 0.478230 0.000179
0.019990 0.146961 0.222879 0.127329 0.004614 0.478037 0.000190
0.019920 0.147168 0.222861 0.126835 0.004647 0.478378 0.000192
0.020077 0.145728 0.222558 0.126720 0.004575 0.480164 0.000177
0.019787 0.146484 0.222061 0.126794 0.004575 0.480107 0.000192
0.020055 0.146876 0.222122 0.126797 0.004594 0.479378 0.000178
0.020176 0.145276 0.221304 0.126349 0.004571 0.482136 0.000188
0.020095 0.145215 0.221373 0.126262 0.004611 0.482252 0.000191
0.020456 0.144501 0.220521 0.125917 0.004603 0.483825 0.000176
0.020143 0.143870 0.220923 0.125945 0.004607 0.484322 0.000190
0.020434 0.144078 0.220425 0.125742 0.004578 0.484560 0.000182
0.020565 0.144000 0.220272 0.125710 0.004589 0.484669 0.000195
0.020523 0.143455 0.219644 0.125506 0.004633 0.486050 0.000189
