0.999111 0.000867 0.000018 0.000004 0.000000 0.000000 0.000000
0.998670 0.001294 0.000024 0.000006 0.000000 0.000006 0.000000
0.998223 0.001726 0.000034 0.000011 0.000000 0.000006 0.000000
0.997777 0.002157 0.000043 0.000017 0.000000 0.000006 0.000000
0.997310 0.002614 0.000048 0.000022 0.000000 0.000006 0.000000
0.996800 0.003114 0.000057 0.000024 0.000000 0.000006 0.000000
0.996269 0.003626 0.000072 0.000027 0.000000 0.000006 0.000000
0.995688 0.004200 0.000075 0.000030 0.000000 0.000006 0.000000
0.994962 0.004903 0.000092 0.000036 0.000000 0.000007 0.000000
0.994164 0.005702 0.000088 0.000038 0.000000 0.000008 0.000000
0.992879 0.006965 0.000105 0.000043 0.000000 0.000007 0.000000
0.991747 0.008063 0.000108 0.000075 0.000000 0.000006 0.000000
0.989708 0.010083 0.000126 0.000076 0.000000 0.000006 0.000000
0.987680 0.012081 0.000147 0.000087 0.000000 0.000005 0.000000
0.984627 0.015080 0.000185 0.000103 0.000000 0.000005 0.000000
0.981619 0.018052 0.000190 0.000134 0.000000 0.000004 0.000000
0.977144 0.022409 0.000274 0.000169 0.000000 0.000004 0.000000
0.972037 0.027410 0.000343 0.000206 0.000000 0.000003 0.000000
0.968221 0.031169 0.000382 0.000225 0.000000 0.000003 0.000000
0.962526 0.036769 0.000438 0.000265 0.000000 0.000003 0.000000
0.957213 0.041961 0.000529 0.000291 0.000000 0.000007 0.000000
0.949809 0.049172 0.000654 0.000353 0.000000 0.000012 0.000000
0.943485 0.055322 0.000761 0.000416 0.000000 0.000016 0.000000
0.935292 0.063343 0.000866 0.000484 0.000000 0.000016 0.000000
0.926342 0.072079 0.001011 0.000549 0.000000 0.000019 0.000000
0.917059 0.081113 0.001183 0.000620 0.000000 0.000025 0.000000
0.904818 0.092994 0.001419 0.000738 0.000000 0.000030 0.000000
0.894778 0.102738 0.001640 0.000812 0.000000 0.000032 0.000000
0.884182 0.112950 0.001859 0.000968 0.000000 0.000040 0.000000
0.871147 0.125527 0.002144 0.001134 0.000000 0.000048 0.000000
0.859345 0.136923 0.002379 0.001304 0.000000 0.000049 0.000000
0.844472 0.151272 0.002713 0.001486 0.000000 0.000057 0.000000
0.830852 0.164468 0.002971 0.001635 0.000000 0.000075 0.000000
0.817068 0.177750 0.003272 0.001823 0.000000 0.000087 0.000000
0.801127 0.193108 0.003650 0.002023 0.000000 0.000093 0.000000
0.788396 0.205373 0.003920 0.002198 0.000000 0.000113 0.000000
0.777549 0.215742 0.004222 0.002358 0.000000 0.000128 0.000000
0.762653 0.230048 0.004585 0.002573 0.000000 0.000140 0.000000
0.745077 0.246857 0.005036 0.002877 0.000000 0.000153 0.000000
0.730113 0.261106 0.005450 0.003160 0.000000 0.000170 0.000000
0.717511 0.273110 0.005867 0.003325 0.000002 0.000185 0.000000
0.700519 0.289254 0.006370 0.003660 0.000002 0.000195 0.000000
0.688689 0.300454 0.006728 0.003904 0.000002 0.000224 0.000000
0.675547 0.312814 0.007237 0.004147 0.000002 0.000254 0.000000
0.660008 0.327490 0.007776 0.004453 0.000002 0.000271 0.000000
0.645326 0.341300 0.008281 0.004797 0.000003 0.000294 0.000000
0.633087 0.352655 0.008884 0.005066 0.000004 0.000304 0.000000
0.619131 0.365649 0.009540 0.005330 0.000006 0.000344 0.000000
0.609315 0.374789 0.009954 0.005575 0.000005 0.000362 0.000000
0.598278 0.384800 0.010592 0.005937 0.000004 0.000389 0.000000
0.589592 0.392832 0.010979 0.006177 0.000005 0.000415 0.000000
0.576782 0.404560 0.011660 0.006535 0.000007 0.000457 0.000000
0.565364 0.415008 0.012247 0.006872 0.000007 0.000502 0.000000
0.553039 0.426138 0.012975 0.007294 0.000008 0.000545 0.000000
0.540452 0.437621 0.013631 0.007686 0.000010 0.000600 0.000000
0.530522 0.446746 0.014107 0.007971 0.000012 0.000642 0.000000
0.519340 0.456711 0.014853 0.008397 0.000012 0.000688 0.000000
0.510443 0.464498 0.015498 0.008804 0.000013 0.000744 0.000000
0.498903 0.474914 0.016162 0.009222 0.000013 0.000785 0.000000
0.491785 0.481103 0.016693 0.009575 0.000013 0.000831 0.000000
0.479597 0.491848 0.017574 0.010087 0.000013 0.000882 0.000000
0.469142 0.501017 0.018337 0.010539 0.000014 0.000950 0.000000
0.457747 0.511082 0.019172 0.010965 0.000017 0.001018 0.000000
0.449247 0.518337 0.019943 0.011393 0.000017 0.001064 0.000000
0.438702 0.527474 0.020799 0.011886 0.000016 0.001123 0.000000
0.426070 0.538381 0.021817 0.012507 0.000018 0.001206 0.000000
0.417291 0.545898 0.022580 0.012952 0.000019 0.001260 0.000000
0.410443 0.551335 0.023407 0.013450 0.000019 0.001346 0.000000
0.396802 0.562912 0.024664 0.014180 0.000019 0.001422 0.000000
0.389788 0.568696 0.025401 0.014589 0.000021 0.001505 0.000000
0.381180 0.575513 0.026463 0.015188 0.000023 0.001633 0.000000
0.372051 0.582997 0.027435 0.015773 0.000024 0.001720 0.000000
0.357786 0.594848 0.028866 0.016601 0.000024 0.001876 0.000000
0.355872 0.596044 0.029295 0.016862 0.000028 0.001899 0.000000
0.342781 0.606578 0.030804 0.017749 0.000031 0.002058 0.000000
0.333199 0.614169 0.031930 0.018465 0.000031 0.002206 0.000000
0.324456 0.620802 0.033221 0.019171 0.000032 0.002318 0.000000
0.316563 0.627033 0.034235 0.019709 0.000034 0.002426 0.000000
0.311485 0.630134 0.035394 0.020355 0.000036 0.002595 0.000000
0.300479 0.638788 0.036767 0.021184 0.000039 0.002742 0.000000
0.291432 0.645552 0.038125 0.021937 0.000041 0.002913 0.000000
0.283524 0.651484 0.039302 0.022588 0.000042 0.003059 0.000000
0.278101 0.654476 0.040736 0.023422 0.000041 0.003224 0.000000
0.270829 0.659812 0.041873 0.024072 0.000043 0.003370 0.000000
0.263233 0.664753 0.043443 0.024939 0.000045 0.003587 0.000000
0.260515 0.665645 0.044499 0.025544 0.000048 0.003750 0.000000
0.248264 0.675099 0.046153 0.026494 0.000049 0.003940 0.000000
0.245101 0.676562 0.047094 0.027063 0.000051 0.004129 0.000000
0.239342 0.679595 0.048808 0.027850 0.000056 0.004349 0.000000
0.234629 0.682343 0.049890 0.028515 0.000065 0.004559 0.000000
0.227061 0.686219 0.052018 0.029800 0.000067 0.004835 0.000000
0.227116 0.684992 0.052791 0.030066 0.000073 0.004963 0.000000
0.221906 0.687273 0.054394 0.031109 0.000068 0.005250 0.000000
0.221859 0.686058 0.055104 0.031507 0.000078 0.005395 0.000000
0.214924 0.689260 0.057269 0.032718 0.000078 0.005751 0.000000
0.210524 0.691845 0.058395 0.033219 0.000088 0.005931 0.000000
0.212568 0.688455 0.059167 0.033596 0.000085 0.006129 0.000000
0.207103 0.690558 0.060977 0.034814 0.000087 0.006460 0.000000
0.200962 0.693708 0.062733 0.035726 0.000094 0.006776 0.000000
0.202105 0.691230 0.063399 0.036233 0.000093 0.006939 0.000000
0.201189 0.690186 0.064499 0.036829 0.000101 0.007194 0.000000
0.198023 0.691280 0.065734 0.037438 0.000099 0.007426 0.000000
0.191721 0.694323 0.067546 0.038536 0.000108 0.007765 0.000000
0.192304 0.692130 0.068363 0.039097 0.000110 0.007996 0.000000
0.191343 0.690801 0.069764 0.039658 0.000111 0.008323 0.000000
0.190546 0.689500 0.070841 0.040445 0.000119 0.008550 0.000000
0.190475 0.688176 0.071659 0.040791 0.000123 0.008775 0.000000
0.183720 0.691440 0.073597 0.041932 0.000123 0.009188 0.000000
0.187036 0.686760 0.074280 0.042348 0.000125 0.009451 0.000000
0.184795 0.687049 0.075430 0.042935 0.000130 0.009661 0.000000
0.174411 0.693195 0.077745 0.044298 0.000138 0.010213 0.000000
0.173839 0.691801 0.078912 0.044824 0.000140 0.010484 0.000000
0.165850 0.695951 0.080980 0.046114 0.000146 0.010961 0.000000
0.168740 0.692386 0.081331 0.046191 0.000155 0.011198 0.000000
0.165305 0.693000 0.082797 0.047140 0.000162 0.011595 0.000000
0.161057 0.695515 0.083725 0.047692 0.000159 0.011851 0.000000
0.152385 0.699966 0.085965 0.049059 0.000175 0.012451 0.000000
0.151772 0.698081 0.087354 0.049738 0.000164 0.012891 0.000000
0.150963 0.697383 0.088182 0.050247 0.000180 0.013045 0.000000
0.141760 0.701495 0.090978 0.051870 0.000189 0.013708 0.000000
0.139578 0.700635 0.092624 0.052817 0.000193 0.014153 0.000000
0.136833 0.701415 0.093568 0.053543 0.000201 0.014441 0.000000
0.131822 0.703724 0.094996 0.054383 0.000199 0.014875 0.000000
0.129063 0.703201 0.096779 0.055367 0.000201 0.015389 0.000000
0.125492 0.702991 0.098946 0.056433 0.000208 0.015930 0.000000
0.122689 0.703599 0.100007 0.057111 0.000220 0.016374 0.000001
0.116702 0.705608 0.102185 0.058383 0.000213 0.016908 0.000001
0.117068 0.702820 0.103352 0.059100 0.000226 0.017433 0.000001
0.114431 0.703614 0.104352 0.059696 0.000225 0.017681 0.000001
0.110009 0.704255 0.106344 0.060841 0.000229 0.018322 0.000001
0.110159 0.701715 0.107478 0.061572 0.000246 0.018828 0.000001
0.105806 0.703480 0.109018 0.062244 0.000247 0.019203 0.000002
0.099775 0.705429 0.111241 0.063471 0.000255 0.019828 0.000001
0.101806 0.701172 0.112193 0.064162 0.000266 0.020399 0.000002
0.094612 0.703974 0.114651 0.065461 0.000267 0.021033 0.000002
0.094448 0.701650 0.116070 0.066063 0.000273 0.021493 0.000002
0.093189 0.700202 0.117287 0.067070 0.000279 0.021971 0.000002
0.090538 0.699383 0.119077 0.068061 0.000282 0.022657 0.000003
0.088877 0.698512 0.120396 0.068805 0.000293 0.023115 0.000002
0.089311 0.695001 0.122149 0.069563 0.000295 0.023678 0.000003
0.080333 0.699312 0.124428 0.071122 0.000299 0.024503 0.000003
0.080133 0.696974 0.125728 0.071718 0.000310 0.025132 0.000004
0.081273 0.694715 0.126287 0.072049 0.000310 0.025363 0.000002
0.074875 0.695138 0.129411 0.073839 0.000340 0.026392 0.000004
0.073370 0.694226 0.130596 0.074562 0.000336 0.026907 0.000004
0.070392 0.694779 0.131859 0.075214 0.000347 0.027405 0.000004
0.067671 0.692050 0.134541 0.076870 0.000362 0.028502 0.000003
0.070530 0.688557 0.134833 0.076996 0.000367 0.028714 0.000004
0.067320 0.688254 0.136636 0.077973 0.000376 0.029435 0.000005
0.067155 0.687175 0.137300 0.078235 0.000374 0.029756 0.000005
0.061783 0.686251 0.140492 0.080153 0.000395 0.030920 0.000005
0.063588 0.683018 0.141222 0.080282 0.000393 0.031493 0.000004
0.060650 0.683294 0.142424 0.081289 0.000405 0.031934 0.000004
0.059821 0.681360 0.143714 0.082092 0.000400 0.032607 0.000005
0.060178 0.678719 0.144907 0.082644 0.000412 0.033135 0.000005
0.056476 0.677796 0.147299 0.083985 0.000415 0.034024 0.000005
0.055163 0.675862 0.148673 0.084944 0.000414 0.034939 0.000006
0.052189 0.675521 0.150474 0.085721 0.000426 0.035665 0.000005
0.052339 0.674282 0.150917 0.086040 0.000439 0.035979 0.000005
0.050803 0.673169 0.152220 0.086642 0.000445 0.036716 0.000005
0.046543 0.671595 0.155075 0.088526 0.000451 0.037806 0.000005
0.047369 0.669030 0.155838 0.088715 0.000466 0.038577 0.000005
0.046334 0.668064 0.156802 0.089313 0.000454 0.039027 0.000005
0.043975 0.665655 0.159002 0.090692 0.000472 0.040199 0.000005
0.046388 0.662037 0.159584 0.090953 0.000471 0.040561 0.000004
0.046975 0.658783 0.160929 0.091467 0.000505 0.041335 0.000005
0.045439 0.658773 0.161583 0.091927 0.000495 0.041777 0.000006
0.048875 0.654114 0.162086 0.092099 0.000494 0.042326 0.000005
0.043651 0.652730 0.165395 0.094096 0.000515 0.043607 0.000006
0.042800 0.653160 0.165421 0.094179 0.000528 0.043906 0.000005
0.043962 0.648747 0.166803 0.094936 0.000518 0.045029 0.000006
0.041208 0.648278 0.168387 0.095618 0.000555 0.045948 0.000007
0.041097 0.645910 0.169625 0.096330 0.000548 0.046484 0.000006
0.041443 0.643827 0.170365 0.096667 0.000554 0.047138 0.000005
0.038863 0.640778 0.172958 0.098196 0.000581 0.048618 0.000006
0.038067 0.639735 0.173711 0.098869 0.000604 0.049007 0.000007
0.036035 0.639508 0.174723 0.099398 0.000586 0.049744 0.000006
0.035065 0.636072 0.176847 0.100489 0.000609 0.050910 0.000007
0.036139 0.633453 0.177268 0.100873 0.000601 0.051659 0.000007
0.035382 0.632191 0.178140 0.101320 0.000607 0.052352 0.000008
0.032897 0.629898 0.180443 0.102625 0.000637 0.053494 0.000008
0.032989 0.628216 0.181087 0.102943 0.000627 0.054130 0.000007
0.030372 0.627593 0.182632 0.103791 0.000648 0.054957 0.000007
0.029237 0.625963 0.183967 0.104390 0.000656 0.055778 0.000008
0.029682 0.623818 0.184342 0.105017 0.000657 0.056477 0.000007
0.028286 0.621649 0.186131 0.105784 0.000679 0.057463 0.000008
0.028046 0.619461 0.186788 0.106476 0.000690 0.058531 0.000008
0.027189 0.617685 0.188142 0.106994 0.000694 0.059288 0.000007
0.026710 0.616380 0.188772 0.107534 0.000696 0.059901 0.000007
0.025538 0.613905 0.190481 0.108383 0.000709 0.060977 0.000007
0.024661 0.612070 0.191576 0.108921 0.000725 0.062039 0.000009
0.023668 0.610773 0.192379 0.109690 0.000735 0.062747 0.000008
0.023129 0.606970 0.194407 0.110646 0.000765 0.064074 0.000010
0.022665 0.605092 0.195325 0.111374 0.000762 0.064773 0.000009
0.022757 0.604764 0.195329 0.111367 0.000769 0.065004 0.000010
0.022290 0.601466 0.196932 0.112092 0.000775 0.066437 0.000008
0.022174 0.599355 0.197733 0.112578 0.000776 0.067375 0.000009
0.021164 0.597393 0.198928 0.113312 0.000795 0.068400 0.000009
0.021231 0.595878 0.199522 0.113550 0.000811 0.068999 0.000008
0.020919 0.593875 0.200402 0.114032 0.000822 0.069938 0.000011
0.022960 0.590108 0.201077 0.114410 0.000840 0.070598 0.000008
0.028659 0.584567 0.200652 0.114304 0.000853 0.070956 0.000008
0.029167 0.582057 0.201302 0.114640 0.000864 0.071960 0.000010
0.026725 0.579672 0.203485 0.115812 0.000868 0.073426 0.000012
0.028307 0.579021 0.202819 0.115640 0.000885 0.073319 0.000010
0.028875 0.574769 0.204360 0.116431 0.000892 0.074664 0.000009
0.028766 0.575188 0.204200 0.115926 0.000918 0.074992 0.000010
0.030760 0.569362 0.205502 0.116891 0.000902 0.076572 0.000010
0.037529 0.564830 0.204346 0.116148 0.000915 0.076224 0.000008
0.036420 0.563845 0.204914 0.116753 0.000910 0.077149 0.000009
0.048644 0.555160 0.202994 0.115448 0.000916 0.076828 0.000010
0.042382 0.557150 0.204803 0.116558 0.000937 0.078160 0.000010
0.045625 0.554517 0.204187 0.116302 0.000917 0.078443 0.000010
0.050313 0.549290 0.204354 0.116057 0.000938 0.079039 0.000011
0.049933 0.549215 0.204437 0.116025 0.000918 0.079461 0.000011
0.044732 0.549215 0.206668 0.117507 0.000915 0.080953 0.000011
0.048413 0.545286 0.206431 0.117299 0.000954 0.081603 0.000013
0.044683 0.545479 0.207787 0.118195 0.000969 0.082874 0.000014
0.042536 0.546160 0.208488 0.118438 0.000955 0.083411 0.000012
0.045349 0.541762 0.208970 0.118578 0.000951 0.084378 0.000013
0.041227 0.542370 0.210320 0.119522 0.000973 0.085579 0.000011
0.042403 0.540732 0.210407 0.119261 0.000974 0.086210 0.000013
0.040741 0.539996 0.211323 0.119770 0.001012 0.087145 0.000014
0.038663 0.539766 0.212206 0.120329 0.001019 0.088003 0.000013
0.035980 0.538216 0.213785 0.121522 0.001020 0.089462 0.000015
0.034229 0.537752 0.214765 0.121823 0.001022 0.090396 0.000014
0.036417 0.537052 0.213921 0.121244 0.001041 0.090311 0.000014
0.032471 0.537001 0.215519 0.122103 0.001036 0.091856 0.000014
0.029559 0.533987 0.217973 0.123528 0.001064 0.093872 0.000016
0.027780 0.533881 0.218695 0.124205 0.001066 0.094360 0.000012
0.027334 0.532497 0.219332 0.124469 0.001094 0.095261 0.000013
0.024211 0.531660 0.220944 0.125651 0.001120 0.096401 0.000012
0.025981 0.531252 0.220037 0.125014 0.001095 0.096611 0.000011
0.022681 0.527597 0.222919 0.126684 0.001118 0.098988 0.000013
0.021844 0.524600 0.224365 0.127471 0.001149 0.100558 0.000013
0.020683 0.524264 0.225044 0.127821 0.001167 0.101006 0.000016
0.021510 0.522446 0.225198 0.127863 0.001153 0.101817 0.000013
0.021275 0.520688 0.225908 0.128031 0.001169 0.102916 0.000014
0.019097 0.518737 0.227483 0.129053 0.001196 0.104422 0.000014
0.018440 0.516787 0.228574 0.129707 0.001199 0.105279 0.000014
0.018940 0.517282 0.228127 0.129239 0.001188 0.105209 0.000015
0.017988 0.514078 0.229718 0.130053 0.001234 0.106912 0.000018
0.016999 0.510583 0.231161 0.131260 0.001240 0.108742 0.000015
0.016630 0.508625 0.232148 0.131582 0.001281 0.109718 0.000017
0.016806 0.508847 0.231530 0.131343 0.001280 0.110180 0.000015
0.017106 0.508093 0.231692 0.131321 0.001292 0.110485 0.000012
0.015776 0.505140 0.233288 0.132228 0.001304 0.112248 0.000016
0.015541 0.501801 0.234366 0.133159 0.001327 0.113789 0.000017
0.015249 0.500030 0.235302 0.133343 0.001305 0.114753 0.000016
0.014920 0.497857 0.236081 0.133673 0.001318 0.116136 0.000015
0.014909 0.496861 0.236146 0.134013 0.001312 0.116745 0.000015
0.014982 0.493926 0.237107 0.134192 0.001341 0.118437 0.000015
0.015064 0.494748 0.236506 0.134319 0.001341 0.118005 0.000016
0.014078 0.489716 0.239132 0.135230 0.001375 0.120451 0.000018
0.013981 0.489113 0.238965 0.135626 0.001380 0.120919 0.000016
0.014143 0.487987 0.239182 0.135582 0.001386 0.121701 0.000018
0.013737 0.483731 0.240594 0.136621 0.001390 0.123911 0.000017
0.013595 0.484081 0.240765 0.136249 0.001397 0.123898 0.000016
0.013675 0.482701 0.240924 0.136583 0.001396 0.124702 0.000019
0.013448 0.481512 0.241555 0.136751 0.001384 0.125332 0.000018
0.013564 0.479627 0.241420 0.137086 0.001413 0.126875 0.000015
0.013199 0.476518 0.243091 0.137545 0.001425 0.128207 0.000015
0.013025 0.474598 0.243625 0.137999 0.001433 0.129301 0.000020
0.012933 0.473551 0.243866 0.138170 0.001445 0.130019 0.000016
0.012782 0.470724 0.244456 0.138673 0.001475 0.131869 0.000020
0.013026 0.469891 0.244733 0.138591 0.001482 0.132255 0.000023
0.012478 0.466390 0.246221 0.139058 0.001526 0.134308 0.000019
0.012597 0.464497 0.246629 0.139532 0.001553 0.135175 0.000017
0.012491 0.464996 0.246265 0.139444 0.001527 0.135257 0.000020
0.012544 0.462483 0.246898 0.140096 0.001518 0.136439 0.000022
0.012347 0.460009 0.247906 0.140442 0.001559 0.137714 0.000023
0.012114 0.459697 0.247897 0.140507 0.001562 0.138204 0.000020
0.012268 0.456982 0.248521 0.140950 0.001562 0.139697 0.000021
0.012151 0.453833 0.249602 0.141257 0.001599 0.141538 0.000019
0.012057 0.454416 0.249207 0.140808 0.001613 0.141876 0.000022
0.012053 0.452495 0.249492 0.141532 0.001607 0.142801 0.000020
0.012038 0.450667 0.250017 0.141853 0.001593 0.143808 0.000024
0.012002 0.447131 0.251098 0.142231 0.001639 0.145873 0.000025
0.011941 0.447177 0.250770 0.142367 0.001653 0.146065 0.000028
0.011797 0.445469 0.251573 0.142513 0.001659 0.146965 0.000022
0.011752 0.442406 0.252190 0.143323 0.001673 0.148629 0.000027
0.011694 0.441745 0.252463 0.143184 0.001683 0.149207 0.000023
0.012001 0.442436 0.251559 0.143004 0.001686 0.149288 0.000027
0.011683 0.438968 0.252845 0.143536 0.001711 0.151233 0.000025
0.011681 0.437893 0.253250 0.143474 0.001689 0.151987 0.000026
0.011690 0.435707 0.253576 0.143996 0.001735 0.153271 0.000025
0.011608 0.434068 0.254126 0.143982 0.001752 0.154438 0.000027
0.011603 0.433073 0.254145 0.144395 0.001751 0.155007 0.000026
0.011545 0.430405 0.254970 0.144825 0.001775 0.156454 0.000026
0.011525 0.427399 0.255693 0.144954 0.001793 0.158607 0.000030
0.011567 0.428012 0.255489 0.145003 0.001810 0.158095 0.000025
0.011503 0.426603 0.255347 0.145098 0.001819 0.159599 0.000030
0.011500 0.424556 0.255902 0.145431 0.001806 0.160782 0.000025
0.011341 0.423421 0.256131 0.145693 0.001816 0.161571 0.000028
0.011465 0.421102 0.256513 0.145757 0.001848 0.163294 0.000022
0.011309 0.421031 0.256728 0.145927 0.001838 0.163142 0.000026
0.011263 0.417534 0.257315 0.146391 0.001852 0.165613 0.000032
0.011266 0.416215 0.257800 0.146401 0.001851 0.166436 0.000030
0.011328 0.414233 0.258473 0.146629 0.001899 0.167416 0.000023
0.026738 0.409157 0.253523 0.143628 0.001836 0.165092 0.000027
0.022527 0.408990 0.255000 0.144961 0.001880 0.166614 0.000028
0.022923 0.406549 0.255153 0.144870 0.001902 0.168575 0.000027
0.026060 0.405346 0.254223 0.144333 0.001900 0.168111 0.000027
0.022003 0.404856 0.255741 0.145279 0.001884 0.170206 0.000031
0.022448 0.403159 0.256169 0.145315 0.001923 0.170955 0.000032
0.022481 0.402305 0.255964 0.145302 0.001953 0.171963 0.000032
0.025670 0.401156 0.254806 0.144644 0.001927 0.171768 0.000029
0.025620 0.398865 0.255193 0.144720 0.001962 0.173609 0.000031
0.022309 0.399210 0.256023 0.145400 0.001980 0.175047 0.000032
0.022869 0.398157 0.255716 0.145539 0.001980 0.175709 0.000030
0.021601 0.398739 0.256307 0.145352 0.002002 0.175967 0.000032
0.019829 0.399268 0.256491 0.145649 0.001973 0.176761 0.000028
0.018942 0.395401 0.257544 0.146584 0.002007 0.179486 0.000037
0.019762 0.395131 0.257035 0.145999 0.002035 0.180006 0.000032
0.018478 0.394936 0.257578 0.146465 0.002038 0.180474 0.000031
0.018309 0.392781 0.258137 0.146311 0.002025 0.182406 0.000031
0.016499 0.391043 0.258897 0.147298 0.002049 0.184180 0.000035
0.016354 0.389940 0.259423 0.147221 0.002095 0.184937 0.000030
0.016689 0.389781 0.258929 0.146963 0.002092 0.185517 0.000030
0.014926 0.388529 0.259621 0.147696 0.002096 0.187097 0.000034
0.015775 0.385994 0.259757 0.147595 0.002113 0.188729 0.000037
0.014753 0.385880 0.260184 0.147730 0.002171 0.189246 0.000036
0.012761 0.382452 0.262187 0.148809 0.002186 0.191569 0.000036
0.013926 0.382268 0.261054 0.148515 0.002129 0.192073 0.000034
0.013745 0.379431 0.261958 0.148619 0.002198 0.194019 0.000030
0.013263 0.378656 0.261899 0.149014 0.002210 0.194923 0.000035
0.013417 0.378330 0.261770 0.148716 0.002176 0.195560 0.000032
0.012246 0.375395 0.263162 0.149484 0.002205 0.197471 0.000037
0.012618 0.376401 0.262193 0.149288 0.002213 0.197251 0.000036
0.011865 0.372655 0.263558 0.149870 0.002248 0.199767 0.000038
0.012233 0.373341 0.262825 0.149638 0.002218 0.199712 0.000033
0.011979 0.370878 0.263399 0.149878 0.002250 0.201583 0.000033
0.012325 0.369029 0.263285 0.149706 0.002281 0.203337 0.000037
0.011990 0.369740 0.263412 0.149720 0.002248 0.202850 0.000038
0.011692 0.366868 0.263941 0.149891 0.002256 0.205315 0.000038
0.011271 0.365201 0.264948 0.150588 0.002307 0.205651 0.000035
0.011556 0.364378 0.264562 0.150391 0.002304 0.206768 0.000041
0.010993 0.362262 0.265297 0.151036 0.002327 0.208048 0.000037
0.011310 0.360868 0.265037 0.150855 0.002339 0.209553 0.000038
0.011283 0.360788 0.265042 0.150710 0.002324 0.209810 0.000041
0.011446 0.359513 0.264971 0.150989 0.002293 0.210753 0.000037
0.011059 0.356927 0.265952 0.151241 0.002343 0.212435 0.000042
0.011227 0.354948 0.266096 0.151014 0.002372 0.214303 0.000040
0.011050 0.355308 0.265620 0.151040 0.002352 0.214586 0.000044
0.011440 0.355052 0.265378 0.150664 0.002370 0.215057 0.000040
0.010929 0.353117 0.266165 0.151099 0.002399 0.216253 0.000039
0.011273 0.351229 0.265969 0.151060 0.002423 0.218003 0.000043
0.011231 0.350143 0.266288 0.151009 0.002423 0.218867 0.000039
0.011058 0.348609 0.266624 0.151502 0.002460 0.219705 0.000042
0.011239 0.347589 0.266471 0.151224 0.002440 0.220998 0.000039
0.011066 0.347093 0.266719 0.151362 0.002474 0.221248 0.000038
0.011081 0.345294 0.266486 0.151557 0.002469 0.223074 0.000040
0.011001 0.343376 0.266776 0.151551 0.002427 0.224825 0.000043
0.010947 0.342803 0.266996 0.151427 0.002483 0.225297 0.000048
0.011037 0.343111 0.266896 0.151085 0.002512 0.225314 0.000046
0.010994 0.340301 0.267197 0.151425 0.002527 0.227512 0.000043
0.011261 0.339840 0.266967 0.151484 0.002527 0.227873 0.000048
0.010856 0.336952 0.267679 0.151651 0.002560 0.230254 0.000049
0.011060 0.336809 0.267203 0.151791 0.002579 0.230512 0.000047
0.010628 0.333228 0.268212 0.152164 0.002612 0.233109 0.000047
0.010931 0.333763 0.267863 0.151806 0.002568 0.233022 0.000047
0.010866 0.331754 0.267880 0.151884 0.002585 0.234984 0.000047
0.010811 0.331250 0.268020 0.152038 0.002599 0.235234 0.000047
0.010855 0.328924 0.268082 0.152239 0.002591 0.237257 0.000052
0.010818 0.328762 0.268083 0.152166 0.002598 0.237521 0.000053
0.010746 0.327917 0.268311 0.152075 0.002621 0.238282 0.000048
0.010860 0.325208 0.268384 0.152243 0.002641 0.240611 0.000054
0.010736 0.324626 0.268431 0.152377 0.002671 0.241105 0.000055
0.010803 0.323950 0.268240 0.152452 0.002647 0.241861 0.000047
0.010935 0.323759 0.268064 0.152450 0.002655 0.242086 0.000052
0.010797 0.321484 0.268450 0.152184 0.002670 0.244366 0.000050
0.010806 0.319888 0.268679 0.152657 0.002693 0.245228 0.000049
0.010790 0.320008 0.268757 0.152386 0.002719 0.245283 0.000058
0.010914 0.316929 0.269070 0.152403 0.002709 0.247918 0.000056
0.010715 0.315267 0.269204 0.152650 0.002735 0.249377 0.000052
0.013429 0.315111 0.268039 0.152114 0.002721 0.248533 0.000054
0.024742 0.311890 0.264195 0.149835 0.002716 0.246570 0.000053
0.027304 0.310852 0.263204 0.149196 0.002684 0.246706 0.000055
0.024663 0.309886 0.264257 0.150015 0.002716 0.248408 0.000055
0.025106 0.309807 0.263901 0.149580 0.002697 0.248853 0.000056
0.025646 0.308985 0.263452 0.149447 0.002714 0.249702 0.000054
0.024162 0.308434 0.263674 0.149641 0.002761 0.251274 0.000054
0.024803 0.307879 0.263445 0.149534 0.002731 0.251554 0.000054
0.022384 0.308298 0.263751 0.149809 0.002778 0.252928 0.000052
0.024026 0.307121 0.262956 0.149554 0.002787 0.253501 0.000055
0.023405 0.307147 0.262989 0.149433 0.002780 0.254189 0.000057
0.022058 0.305875 0.263409 0.149646 0.002786 0.256173 0.000053
0.020236 0.303525 0.264432 0.149920 0.002857 0.258974 0.000058
0.020026 0.304756 0.264049 0.149829 0.002818 0.258468 0.000054
0.018660 0.303119 0.264543 0.150350 0.002838 0.260433 0.000057
0.018722 0.303355 0.264181 0.150128 0.002789 0.260761 0.000064
0.018663 0.304109 0.263902 0.149858 0.002826 0.260589 0.000053
0.018003 0.301810 0.264597 0.149735 0.002838 0.262959 0.000059
0.018528 0.300681 0.263990 0.150115 0.002847 0.263782 0.000059
0.017252 0.300778 0.264596 0.149917 0.002845 0.264552 0.000060
0.016818 0.298522 0.265009 0.149968 0.002830 0.266791 0.000062
0.015170 0.297555 0.265300 0.150639 0.002918 0.268354 0.000064
0.015611 0.297475 0.264800 0.150367 0.002918 0.268764 0.000065
0.014711 0.294506 0.265776 0.150694 0.002914 0.271330 0.000071
0.015138 0.296066 0.264710 0.150485 0.002913 0.270625 0.000062
0.014215 0.294059 0.265652 0.150768 0.002952 0.272287 0.000067
0.014389 0.293922 0.265196 0.150576 0.002921 0.272929 0.000067
0.013478 0.291440 0.265785 0.151023 0.002953 0.275250 0.000071
0.013290 0.291217 0.266185 0.150777 0.002901 0.275559 0.000070
0.012990 0.289584 0.265952 0.150857 0.002960 0.277589 0.000066
0.012751 0.288492 0.265825 0.151001 0.002965 0.278900 0.000066
0.011793 0.286244 0.267044 0.151670 0.002991 0.280186 0.000071
0.012217 0.285800 0.266627 0.150953 0.003035 0.281298 0.000069
0.013272 0.286801 0.265306 0.150485 0.002999 0.281063 0.000074
0.012134 0.284465 0.266574 0.150784 0.002985 0.282980 0.000078
0.012021 0.282769 0.266511 0.151226 0.003024 0.284378 0.000071
0.011812 0.279988 0.266901 0.151331 0.003059 0.286834 0.000074
0.011821 0.281569 0.266604 0.150932 0.003049 0.285948 0.000077
0.011624 0.279196 0.266679 0.151346 0.003048 0.288035 0.000071
0.012034 0.278734 0.265992 0.151255 0.003083 0.288829 0.000073
0.011629 0.276702 0.266810 0.150975 0.003066 0.290736 0.000081
0.011360 0.275327 0.266986 0.151292 0.003109 0.291844 0.000082
0.011508 0.274395 0.267028 0.151284 0.003124 0.292573 0.000087
0.011793 0.274945 0.266267 0.150939 0.003130 0.292841 0.000084
0.011612 0.273813 0.266353 0.150740 0.003122 0.294274 0.000086
0.011755 0.273920 0.266444 0.150776 0.003166 0.293859 0.000080
0.011939 0.272432 0.265899 0.150544 0.003165 0.295932 0.000089
0.011420 0.270042 0.266323 0.150954 0.003177 0.297999 0.000084
0.011489 0.268973 0.266208 0.150880 0.003154 0.299208 0.000088
0.011650 0.268562 0.266259 0.150669 0.003241 0.299539 0.000081
0.011590 0.268139 0.266354 0.150744 0.003214 0.299880 0.000078
0.011534 0.266578 0.266259 0.150523 0.003192 0.301828 0.000086
0.011341 0.265224 0.266383 0.150503 0.003206 0.303265 0.000078
0.011684 0.267221 0.265406 0.150040 0.003214 0.302352 0.000083
0.011641 0.264325 0.265774 0.150454 0.003224 0.304494 0.000089
0.011593 0.263022 0.265118 0.150045 0.003242 0.306892 0.000087
0.011474 0.261471 0.265979 0.150462 0.003272 0.307253 0.000089
0.011476 0.259821 0.266115 0.150376 0.003263 0.308862 0.000088
0.011661 0.262193 0.265313 0.150002 0.003245 0.307493 0.000093
0.011465 0.258699 0.265653 0.150179 0.003300 0.310609 0.000096
0.011638 0.259205 0.265276 0.149961 0.003310 0.310517 0.000093
0.011519 0.256874 0.265023 0.150501 0.003335 0.312659 0.000089
0.011512 0.257583 0.264783 0.149929 0.003324 0.312772 0.000096
0.011412 0.256370 0.264791 0.150217 0.003366 0.313756 0.000089
0.011598 0.254227 0.264905 0.149995 0.003387 0.315799 0.000088
0.011769 0.256919 0.264158 0.149608 0.003353 0.314104 0.000090
0.011651 0.252592 0.264720 0.149823 0.003314 0.317805 0.000094
0.011532 0.250781 0.264867 0.149893 0.003388 0.319443 0.000096
0.011478 0.251195 0.264654 0.149937 0.003328 0.319320 0.000087
0.011750 0.250852 0.264190 0.149469 0.003358 0.320291 0.000091
0.011693 0.249038 0.264348 0.149671 0.003400 0.321753 0.000098
0.011807 0.249795 0.263688 0.149548 0.003369 0.321695 0.000098
0.011677 0.246718 0.263957 0.149718 0.003400 0.324428 0.000101
0.011615 0.247535 0.263755 0.149072 0.003442 0.324492 0.000088
0.011880 0.245542 0.263561 0.149590 0.003467 0.325857 0.000104
0.011694 0.245632 0.263701 0.149242 0.003435 0.326198 0.000097
0.011878 0.244146 0.262969 0.149126 0.003525 0.328265 0.000091
0.011777 0.245323 0.262968 0.148992 0.003415 0.327437 0.000089
0.011827 0.243148 0.262820 0.148947 0.003481 0.329680 0.000098
0.011991 0.243450 0.262518 0.148684 0.003459 0.329796 0.000101
0.011727 0.242156 0.262671 0.148872 0.003499 0.330978 0.000097
0.011900 0.239795 0.262350 0.148623 0.003528 0.333706 0.000099
0.011848 0.238475 0.262514 0.148653 0.003530 0.334879 0.000100
0.011797 0.239053 0.262150 0.148788 0.003504 0.334616 0.000092
0.012061 0.238373 0.261302 0.148243 0.003508 0.336414 0.000099
0.012001 0.237625 0.261697 0.148433 0.003556 0.336583 0.000104
0.011999 0.237577 0.261652 0.148273 0.003550 0.336852 0.000097
0.011993 0.236380 0.261339 0.148343 0.003542 0.338305 0.000098
0.011923 0.234951 0.261474 0.148367 0.003592 0.339595 0.000098
0.012186 0.235233 0.260986 0.147596 0.003575 0.340320 0.000105
0.012098 0.233045 0.261079 0.148203 0.003546 0.341923 0.000106
0.012017 0.233737 0.260837 0.147717 0.003635 0.341957 0.000100
0.012143 0.231131 0.260683 0.147807 0.003572 0.344561 0.000103
0.012052 0.231835 0.260695 0.147569 0.003571 0.344181 0.000097
0.012205 0.230670 0.260993 0.148040 0.003590 0.344389 0.000113
0.012242 0.229728 0.259861 0.147518 0.003606 0.346946 0.000099
0.012098 0.229108 0.260051 0.147472 0.003610 0.347562 0.000099
0.012179 0.228903 0.259360 0.147338 0.003623 0.348496 0.000101
0.012064 0.227150 0.259634 0.147252 0.003635 0.350160 0.000105
0.012324 0.226725 0.259213 0.146990 0.003641 0.350992 0.000115
0.012295 0.226001 0.259694 0.147169 0.003614 0.351119 0.000107
0.012195 0.225665 0.259184 0.147017 0.003665 0.352166 0.000109
0.012330 0.225655 0.258982 0.146622 0.003658 0.352634 0.000119
0.012305 0.223855 0.258339 0.146735 0.003635 0.355018 0.000113
0.012375 0.223129 0.258445 0.146467 0.003664 0.355803 0.000117
0.012311 0.222815 0.258573 0.146474 0.003722 0.355996 0.000110
0.012383 0.220353 0.257903 0.146391 0.003711 0.359144 0.000115
0.012433 0.221307 0.257877 0.146103 0.003746 0.358426 0.000107
0.012580 0.220455 0.257727 0.146345 0.003715 0.359069 0.000110
0.012485 0.219827 0.257352 0.145942 0.003793 0.360487 0.000113
0.012557 0.217976 0.257367 0.145926 0.003743 0.362316 0.000115
0.012522 0.218231 0.256902 0.145728 0.003752 0.362754 0.000112
0.012619 0.216966 0.256907 0.145727 0.003781 0.363875 0.000126
0.012656 0.217207 0.256530 0.145586 0.003758 0.364143 0.000120
0.012634 0.215789 0.256584 0.145553 0.003796 0.365521 0.000123
0.012540 0.214784 0.256433 0.145429 0.003836 0.366855 0.000123
0.012604 0.215636 0.255971 0.145006 0.003808 0.366855 0.000121
0.012650 0.214798 0.256373 0.145071 0.003822 0.367161 0.000125
0.012730 0.212198 0.255708 0.144963 0.003820 0.370457 0.000124
0.012752 0.212845 0.255580 0.145067 0.003849 0.369781 0.000125
0.012824 0.211484 0.255615 0.144729 0.003827 0.371398 0.000124
0.012728 0.210561 0.255318 0.144618 0.003852 0.372805 0.000118
0.012772 0.209555 0.254729 0.144297 0.003869 0.374654 0.000124
0.012780 0.210486 0.254883 0.144289 0.003841 0.373594 0.000126
0.012872 0.209258 0.254183 0.144333 0.003872 0.375349 0.000133
0.012751 0.208713 0.253948 0.144341 0.003879 0.376231 0.000136
0.012878 0.207881 0.253617 0.143954 0.003851 0.377688 0.000133
0.012778 0.207121 0.254041 0.143970 0.003921 0.378035 0.000134
0.012894 0.206864 0.253159 0.143865 0.003906 0.379172 0.000139
0.012922 0.205437 0.253233 0.143643 0.003895 0.380738 0.000132
0.013081 0.206000 0.252420 0.143585 0.003964 0.380818 0.000132
0.012988 0.205396 0.252684 0.143449 0.003937 0.381413 0.000132
0.013001 0.205231 0.252068 0.143113 0.003951 0.382500 0.000136
0.013009 0.202737 0.252201 0.143327 0.003977 0.384606 0.000142
0.013052 0.201706 0.251797 0.142877 0.003969 0.386469 0.000131
0.013036 0.200690 0.252333 0.142794 0.003968 0.387043 0.000136
0.013242 0.201218 0.251675 0.143009 0.003932 0.386781 0.000142
0.013227 0.200829 0.251358 0.142756 0.003913 0.387774 0.000143
0.013261 0.200512 0.251474 0.142576 0.003981 0.388059 0.000138
0.013250 0.199990 0.250709 0.142171 0.004005 0.389731 0.000144
0.013233 0.198589 0.250878 0.142304 0.004061 0.390786 0.000150
0.013211 0.198778 0.250663 0.141881 0.004026 0.391303 0.000138
0.013297 0.198337 0.250495 0.142255 0.003985 0.391492 0.000139
0.013486 0.198045 0.250198 0.142054 0.003981 0.392101 0.000134
0.013409 0.196894 0.250292 0.141823 0.004001 0.393440 0.000141
0.013335 0.195611 0.249823 0.141782 0.004028 0.395277 0.000143
0.013386 0.195871 0.249892 0.141418 0.004047 0.395245 0.000141
0.013394 0.193931 0.249263 0.141466 0.004052 0.397756 0.000139
0.013389 0.193967 0.249493 0.141225 0.004094 0.397686 0.000145
0.013484 0.192494 0.248985 0.141288 0.004062 0.399534 0.000153
0.013455 0.194841 0.248634 0.141314 0.004042 0.397571 0.000142
0.013482 0.192640 0.249021 0.141166 0.004092 0.399437 0.000161
0.013646 0.191965 0.247969 0.140873 0.004074 0.401325 0.000148
0.013625 0.191823 0.248008 0.140820 0.004051 0.401525 0.000148
0.013744 0.191388 0.248233 0.140636 0.004060 0.401794 0.000145
0.013656 0.189615 0.247834 0.140415 0.004046 0.404280 0.000154
0.013835 0.190081 0.246716 0.140618 0.004062 0.404537 0.000151
0.013707 0.189073 0.247262 0.140201 0.004104 0.405496 0.000157
0.013678 0.188081 0.246900 0.140159 0.004082 0.406945 0.000155
0.013847 0.188977 0.246813 0.140131 0.004098 0.405979 0.000156
0.013759 0.187000 0.246429 0.139829 0.004153 0.408688 0.000142
0.013796 0.188811 0.246545 0.139578 0.004121 0.406988 0.000160
0.013896 0.186501 0.245677 0.139540 0.004129 0.410096 0.000162
0.014054 0.184373 0.245494 0.139179 0.004138 0.412595 0.000166
0.013984 0.184424 0.245873 0.139040 0.004110 0.412413 0.000155
0.014005 0.184947 0.245163 0.139057 0.004144 0.412532 0.000151
0.014182 0.184377 0.245101 0.138989 0.004153 0.413054 0.000144
0.013816 0.184558 0.245262 0.138833 0.004124 0.413259 0.000148
0.014103 0.183432 0.244721 0.138611 0.004214 0.414766 0.000153
0.014179 0.182494 0.244335 0.138590 0.004170 0.416076 0.000157
0.014163 0.182784 0.244131 0.138561 0.004166 0.416029 0.000165
0.014304 0.181768 0.244172 0.138443 0.004195 0.416961 0.000158
0.014306 0.181494 0.243639 0.138499 0.004169 0.417732 0.000161
0.014230 0.180013 0.243646 0.138281 0.004219 0.419457 0.000155
0.014339 0.179786 0.243513 0.137700 0.004235 0.420278 0.000149
0.014362 0.178527 0.242972 0.137801 0.004215 0.421957 0.000167
0.014412 0.178682 0.242297 0.137567 0.004165 0.422711 0.000167
0.014457 0.178003 0.242387 0.137450 0.004257 0.423287 0.000159
0.014362 0.177670 0.242561 0.137305 0.004290 0.423650 0.000161
0.014540 0.177092 0.242061 0.137038 0.004232 0.424867 0.000170
0.014470 0.176710 0.241653 0.137093 0.004254 0.425647 0.000174
0.014647 0.176726 0.241406 0.137018 0.004262 0.425777 0.000164
0.014584 0.175742 0.241393 0.136779 0.004266 0.427063 0.000174
0.014513 0.175902 0.241059 0.136726 0.004246 0.427382 0.000171
0.014660 0.174194 0.241159 0.136412 0.004309 0.429088 0.000178
0.014647 0.174240 0.240834 0.136285 0.004254 0.429570 0.000170
0.014615 0.173394 0.240577 0.136431 0.004283 0.430530 0.000169
0.014703 0.173246 0.240270 0.136259 0.004291 0.431066 0.000165
0.014883 0.171971 0.239965 0.135921 0.004280 0.432809 0.000172
0.014705 0.173844 0.239667 0.135913 0.004302 0.431395 0.000175
0.014878 0.173461 0.239712 0.135850 0.004307 0.431622 0.000170
0.014982 0.170556 0.239188 0.135581 0.004317 0.435195 0.000181
0.014940 0.170312 0.238605 0.135596 0.004335 0.436030 0.000183
0.014949 0.169949 0.238242 0.135568 0.004351 0.436774 0.000167
0.015040 0.169837 0.238267 0.135381 0.004330 0.436961 0.000185
0.015000 0.169302 0.238095 0.135052 0.004305 0.438065 0.000182
0.015115 0.168048 0.237901 0.134896 0.004390 0.439465 0.000184
0.015129 0.167964 0.237483 0.134849 0.004395 0.440004 0.000176
0.015112 0.167106 0.237256 0.134419 0.004366 0.441556 0.000184
0.015105 0.167446 0.237121 0.134288 0.004354 0.441499 0.000186
0.015332 0.167335 0.237198 0.134414 0.004382 0.441154 0.000185
0.015196 0.166351 0.236550 0.134086 0.004387 0.443233 0.000196
0.015256 0.166662 0.236367 0.134167 0.004383 0.442985 0.000180
0.015361 0.165632 0.235969 0.133889 0.004372 0.444591 0.000186
0.015273 0.165778 0.235823 0.133567 0.004374 0.444994 0.000191
0.015464 0.163628 0.235457 0.133546 0.004373 0.447338 0.000195
0.015495 0.163453 0.235401 0.133508 0.004440 0.447515 0.000188
0.015510 0.164019 0.235075 0.133205 0.004416 0.447576 0.000199
0.015560 0.163389 0.234702 0.133043 0.004453 0.448676 0.000178
0.015659 0.161910 0.234784 0.132926 0.004450 0.450072 0.000199
0.015606 0.162291 0.234473 0.133017 0.004443 0.449976 0.000193
0.015602 0.162099 0.234070 0.132658 0.004439 0.450943 0.000188
0.015633 0.161035 0.233779 0.132500 0.004528 0.452329 0.000196
0.015765 0.161024 0.233923 0.132320 0.004454 0.452321 0.000193
0.015722 0.159666 0.233146 0.132213 0.004491 0.454569 0.000192
0.015798 0.159460 0.233199 0.132463 0.004464 0.454423 0.000192
0.015899 0.160078 0.232880 0.131846 0.004501 0.454590 0.000206
0.015765 0.159216 0.232754 0.131361 0.004496 0.456221 0.000187
0.015829 0.159175 0.232174 0.131536 0.004506 0.456587 0.000193
0.015872 0.158085 0.232221 0.131427 0.004474 0.457726 0.000195
0.015827 0.158029 0.231614 0.131189 0.004495 0.458652 0.000194
0.015964 0.158656 0.231208 0.131389 0.004493 0.458095 0.000195
0.016068 0.156953 0.230706 0.130892 0.004504 0.460669 0.000208
0.015858 0.156796 0.230838 0.130898 0.004462 0.460955 0.000194
0.016094 0.156036 0.230430 0.130549 0.004534 0.462160 0.000198
0.016144 0.156582 0.230275 0.130467 0.004593 0.461740 0.000199
0.016088 0.155519 0.230145 0.130411 0.004498 0.463149 0.000191
0.016286 0.154419 0.229304 0.130053 0.004533 0.465197 0.000207
0.016339 0.153660 0.229159 0.130044 0.004549 0.466051 0.000198
0.016372 0.154226 0.229033 0.129956 0.004568 0.465648 0.000197
0.016355 0.153533 0.228460 0.129934 0.004578 0.466937 0.000204
0.016507 0.153498 0.228682 0.129628 0.004564 0.466917 0.000203
0.016341 0.152365 0.227943 0.129341 0.004536 0.469260 0.000216
0.016395 0.152585 0.228142 0.129177 0.004561 0.468934 0.000207
0.016506 0.152308 0.227571 0.129358 0.004610 0.469435 0.000211
0.016433 0.151703 0.227814 0.129002 0.004568 0.470257 0.000223
0.016520 0.151711 0.226949 0.128796 0.004581 0.471238 0.000206
0.016460 0.150821 0.226874 0.128499 0.004580 0.472555 0.000210
0.016546 0.150608 0.226751 0.128340 0.004614 0.472918 0.000223
0.016415 0.150668 0.226768 0.128141 0.004585 0.473214 0.000209
0.016553 0.149603 0.225759 0.127932 0.004583 0.475356 0.000215
0.016638 0.149368 0.225942 0.127974 0.004640 0.475235 0.000203
0.016761 0.148678 0.225889 0.127578 0.004634 0.476242 0.000217
0.016643 0.148061 0.225652 0.127679 0.004614 0.477127 0.000224
0.016608 0.148220 0.225101 0.127258 0.004606 0.477996 0.000211
0.016908 0.148524 0.225065 0.127488 0.004640 0.477153 0.000222
0.017024 0.147321 0.224482 0.127264 0.004662 0.479034 0.000214
0.016839 0.147572 0.224438 0.127081 0.004602 0.479255 0.000213
0.016960 0.146928 0.224225 0.126975 0.004631 0.480066 0.000215
0.017055 0.146339 0.223668 0.126800 0.004674 0.481239 0.000224
0.016974 0.146492 0.223565 0.126725 0.004654 0.481363 0.000226
0.017045 0.145928 0.223409 0.126259 0.004635 0.482505 0.000220
0.017047 0.145974 0.223022 0.126259 0.004646 0.482832 0.000221
0.017135 0.144951 0.222765 0.126111 0.004684 0.484116 0.000238
0.017256 0.144562 0.222408 0.125934 0.004700 0.484913 0.000228
0.017082 0.145027 0.222334 0.125623 0.004673 0.485030 0.000230
0.017278 0.143400 0.221509 0.125482 0.004671 0.487424 0.000236
0.017381 0.143116 0.221293 0.125405 0.004701 0.487875 0.000228
0.017378 0.144002 0.221729 0.125294 0.004687 0.486685 0.000225
