0.999094 0.000884 0.000017 0.000005 0.000000 0.000000 0.000000
0.998642 0.001324 0.000020 0.000006 0.000000 0.000008 0.000000
0.998197 0.001759 0.000026 0.000011 0.000000 0.000008 0.000000
0.997728 0.002218 0.000031 0.000015 0.000000 0.000008 0.000000
0.997238 0.002697 0.000037 0.000021 0.000000 0.000008 0.000000
0.996721 0.003206 0.000041 0.000022 0.000000 0.000010 0.000000
0.996203 0.003714 0.000049 0.000025 0.000000 0.000010 0.000000
0.995523 0.004386 0.000056 0.000026 0.000000 0.000009 0.000000
0.994646 0.005252 0.000063 0.000030 0.000000 0.000008 0.000000
0.993636 0.006248 0.000070 0.000038 0.000000 0.000008 0.000000
0.992380 0.007486 0.000074 0.000054 0.000000 0.000007 0.000000
0.990633 0.009200 0.000097 0.000063 0.000000 0.000007 0.000000
0.988756 0.011032 0.000129 0.000076 0.000000 0.000007 0.000000
0.986278 0.013478 0.000148 0.000089 0.000000 0.000007 0.000000
0.983317 0.016367 0.000195 0.000114 0.000000 0.000007 0.000000
0.980059 0.019559 0.000234 0.000142 0.000000 0.000007 0.000000
0.976505 0.023081 0.000254 0.000151 0.000000 0.000009 0.000000
0.972419 0.027099 0.000297 0.000176 0.000000 0.000010 0.000000
0.967302 0.032092 0.000359 0.000234 0.000000 0.000012 0.000000
0.961685 0.037595 0.000417 0.000287 0.000000 0.000017 0.000000
0.955911 0.043217 0.000511 0.000343 0.000000 0.000018 0.000000
0.948360 0.050603 0.000623 0.000396 0.000000 0.000019 0.000000
0.940304 0.058430 0.000788 0.000452 0.000000 0.000027 0.000000
0.929532 0.068918 0.000953 0.000565 0.000000 0.000031 0.000000
0.921520 0.076727 0.001095 0.000624 0.000000 0.000035 0.000000
0.911117 0.086811 0.001283 0.000752 0.000000 0.000038 0.000000
0.899232 0.098399 0.001478 0.000845 0.000000 0.000045 0.000000
0.886132 0.111143 0.001701 0.000974 0.000000 0.000050 0.000000
0.874108 0.122806 0.001932 0.001098 0.000000 0.000056 0.000000
0.860924 0.135595 0.002183 0.001239 0.000000 0.000059 0.000000
0.847809 0.148298 0.002464 0.001359 0.000000 0.000070 0.000000
0.832620 0.162951 0.002847 0.001507 0.000000 0.000075 0.000000
0.817100 0.177944 0.003188 0.001686 0.000000 0.000082 0.000000
0.803859 0.190749 0.003425 0.001867 0.000000 0.000100 0.000000
0.787350 0.206644 0.003829 0.002073 0.000000 0.000104 0.000000
0.769433 0.223862 0.004267 0.002327 0.000000 0.000111 0.000000
0.757312 0.235448 0.004603 0.002512 0.000000 0.000126 0.000000
0.740805 0.251200 0.005091 0.002756 0.000000 0.000147 0.000000
0.725746 0.265479 0.005607 0.002997 0.000000 0.000170 0.000000
0.709217 0.281134 0.006162 0.003306 0.000000 0.000182 0.000000
0.693518 0.296025 0.006643 0.003619 0.000002 0.000193 0.000000
0.679952 0.308766 0.007124 0.003938 0.000001 0.000219 0.000000
0.664531 0.323306 0.007687 0.004237 0.000001 0.000239 0.000000
0.650764 0.336180 0.008246 0.004541 0.000002 0.000267 0.000000
0.636638 0.349454 0.008762 0.004842 0.000002 0.000302 0.000000
0.623056 0.362186 0.009262 0.005179 0.000002 0.000316 0.000000
0.609482 0.374795 0.009862 0.005510 0.000002 0.000350 0.000000
0.593165 0.389976 0.010559 0.005911 0.000002 0.000387 0.000000
0.583529 0.398925 0.010950 0.006181 0.000003 0.000412 0.000000
0.568033 0.413179 0.011719 0.006617 0.000003 0.000448 0.000000
0.552319 0.427531 0.012603 0.007049 0.000005 0.000494 0.000000
0.541607 0.437266 0.013190 0.007400 0.000005 0.000532 0.000000
0.527209 0.450350 0.013983 0.007879 0.000006 0.000572 0.000000
0.520025 0.456690 0.014442 0.008241 0.000006 0.000596 0.000000
0.508078 0.467431 0.015195 0.008649 0.000007 0.000640 0.000000
0.494849 0.479200 0.016107 0.009146 0.000007 0.000691 0.000000
0.483441 0.489335 0.016876 0.009600 0.000006 0.000743 0.000000
0.470007 0.501326 0.017767 0.010096 0.000006 0.000798 0.000000
0.460319 0.509714 0.018509 0.010592 0.000007 0.000858 0.000000
0.452332 0.516494 0.019225 0.011026 0.000007 0.000916 0.000000
0.437460 0.529598 0.020283 0.011656 0.000008 0.000994 0.000000
0.430279 0.535541 0.021009 0.012122 0.000008 0.001042 0.000000
0.419129 0.545204 0.021982 0.012557 0.000009 0.001120 0.000000
0.411223 0.551622 0.022895 0.013069 0.000009 0.001182 0.000000
0.400063 0.561112 0.023933 0.013605 0.000010 0.001276 0.000000
0.391741 0.567987 0.024780 0.014119 0.000014 0.001359 0.000000
0.381340 0.576586 0.025848 0.014769 0.000015 0.001440 0.000000
0.371825 0.584374 0.026889 0.015340 0.000019 0.001554 0.000000
0.362487 0.592042 0.027903 0.015903 0.000018 0.001646 0.000000
0.352194 0.600246 0.029124 0.016654 0.000021 0.001761 0.000000
0.346812 0.604228 0.029968 0.017096 0.000025 0.001870 0.000000
0.338834 0.610268 0.031126 0.017742 0.000027 0.002003 0.000000
0.332591 0.614793 0.032138 0.018333 0.000027 0.002118 0.000000
0.323855 0.621334 0.033461 0.019069 0.000028 0.002253 0.000000
0.322564 0.621384 0.034186 0.019458 0.000028 0.002381 0.000000
0.317704 0.624874 0.034968 0.019980 0.000029 0.002445 0.000000
0.305213 0.634490 0.036731 0.020889 0.000032 0.002645 0.000000
0.305721 0.632987 0.037318 0.021215 0.000036 0.002723 0.000000
0.298489 0.637622 0.038810 0.022130 0.000040 0.002910 0.000000
0.293317 0.641251 0.039685 0.022668 0.000039 0.003040 0.000000
0.280049 0.651580 0.041427 0.023628 0.000045 0.003272 0.000000
0.279346 0.650525 0.042422 0.024236 0.000047 0.003425 0.000000
0.274171 0.653735 0.043557 0.024908 0.000048 0.003581 0.000000
0.270751 0.655447 0.044531 0.025491 0.000049 0.003731 0.000000
0.265474 0.658681 0.045709 0.026186 0.000052 0.003898 0.000000
0.257761 0.663572 0.047464 0.027010 0.000056 0.004138 0.000000
0.254324 0.665339 0.048341 0.027633 0.000057 0.004306 0.000000
0.247760 0.669964 0.049554 0.028174 0.000062 0.004486 0.000000
0.241545 0.673513 0.051076 0.029044 0.000062 0.004759 0.000000
0.235649 0.677125 0.052360 0.029835 0.000069 0.004962 0.000000
0.230582 0.679716 0.053812 0.030621 0.000070 0.005200 0.000000
0.223253 0.684067 0.055467 0.031644 0.000070 0.005499 0.000000
0.219606 0.685787 0.056586 0.032245 0.000073 0.005704 0.000000
0.212928 0.689575 0.058294 0.033179 0.000079 0.005945 0.000000
0.209670 0.691042 0.059257 0.033822 0.000077 0.006131 0.000000
0.201217 0.695986 0.061332 0.034930 0.000082 0.006452 0.000000
0.192001 0.701098 0.063619 0.036278 0.000089 0.006916 0.000000
0.192789 0.699047 0.064290 0.036695 0.000093 0.007086 0.000000
0.186961 0.702659 0.065679 0.037301 0.000094 0.007306 0.000000
0.175752 0.709399 0.068239 0.038751 0.000101 0.007758 0.000000
0.172440 0.710217 0.069555 0.039610 0.000107 0.008071 0.000000
0.167233 0.712281 0.071290 0.040661 0.000108 0.008427 0.000000
0.165102 0.712305 0.072495 0.041258 0.000115 0.008726 0.000000
0.157777 0.715827 0.074619 0.042506 0.000120 0.009150 0.000000
0.155655 0.715603 0.075904 0.043281 0.000120 0.009437 0.000000
0.155000 0.713807 0.077239 0.044029 0.000123 0.009803 0.000000
0.149143 0.716155 0.079253 0.045101 0.000125 0.010223 0.000000
0.146078 0.717151 0.080418 0.045752 0.000137 0.010464 0.000000
0.136678 0.721728 0.083020 0.047370 0.000141 0.011064 0.000000
0.135311 0.721199 0.084112 0.047950 0.000144 0.011283 0.000000
0.134587 0.720033 0.085156 0.048476 0.000145 0.011604 0.000000
0.131963 0.719997 0.086680 0.049209 0.000160 0.011992 0.000000
0.129574 0.718128 0.088857 0.050690 0.000166 0.012585 0.000000
0.122478 0.721629 0.090942 0.051844 0.000170 0.012937 0.000000
0.122821 0.719670 0.091743 0.052326 0.000173 0.013267 0.000000
0.119229 0.718806 0.094138 0.053743 0.000178 0.013906 0.000000
0.117461 0.718968 0.094888 0.054299 0.000178 0.014206 0.000000
0.113651 0.717879 0.097646 0.055763 0.000186 0.014876 0.000000
0.119711 0.711589 0.097796 0.055619 0.000194 0.015092 0.000000
0.109582 0.716870 0.100322 0.057252 0.000203 0.015769 0.000000
0.111232 0.714160 0.100889 0.057543 0.000207 0.015969 0.000000
0.113773 0.709240 0.102035 0.058240 0.000221 0.016491 0.000000
0.108278 0.710318 0.104369 0.059599 0.000230 0.017207 0.000000
0.107382 0.709623 0.105315 0.060026 0.000235 0.017419 0.000000
0.111428 0.704591 0.105844 0.060206 0.000233 0.017698 0.000000
0.106515 0.705115 0.108085 0.061624 0.000237 0.018425 0.000000
0.104872 0.704220 0.109389 0.062433 0.000246 0.018840 0.000000
0.102858 0.701907 0.111656 0.063646 0.000257 0.019675 0.000000
0.106821 0.698080 0.111493 0.063576 0.000258 0.019771 0.000000
0.101861 0.699621 0.113340 0.064576 0.000266 0.020336 0.000000
0.099928 0.698450 0.115002 0.065486 0.000281 0.020851 0.000001
0.096607 0.698627 0.116555 0.066467 0.000279 0.021464 0.000001
0.096765 0.696292 0.117575 0.067084 0.000269 0.022014 0.000000
0.097819 0.694079 0.118137 0.067440 0.000272 0.022252 0.000001
0.093626 0.693443 0.120492 0.068887 0.000297 0.023254 0.000001
0.092913 0.691987 0.121734 0.069377 0.000294 0.023694 0.000001
0.089981 0.693625 0.122295 0.069899 0.000295 0.023904 0.000001
0.086972 0.692704 0.124542 0.070829 0.000311 0.024641 0.000002
0.087715 0.690286 0.125237 0.071394 0.000304 0.025061 0.000002
0.085213 0.688672 0.127461 0.072524 0.000319 0.025810 0.000002
0.086846 0.686199 0.127694 0.072895 0.000321 0.026043 0.000002
0.081179 0.687822 0.129725 0.074064 0.000338 0.026870 0.000001
0.078599 0.685231 0.132462 0.075366 0.000357 0.027984 0.000001
0.075793 0.685069 0.133819 0.076419 0.000357 0.028540 0.000003
0.076202 0.682856 0.134768 0.076782 0.000363 0.029026 0.000002
0.075454 0.682084 0.135530 0.077168 0.000360 0.029402 0.000002
0.074024 0.680309 0.137047 0.078193 0.000360 0.030066 0.000001
0.072015 0.678268 0.139151 0.079249 0.000377 0.030937 0.000003
0.066717 0.680015 0.141196 0.080111 0.000396 0.031564 0.000002
0.067833 0.676133 0.142159 0.081092 0.000404 0.032375 0.000003
0.071183 0.672977 0.142126 0.080864 0.000401 0.032446 0.000003
0.071463 0.668506 0.144182 0.081899 0.000409 0.033540 0.000002
0.072908 0.666014 0.144553 0.082314 0.000411 0.033797 0.000003
0.074193 0.662947 0.145433 0.082745 0.000417 0.034263 0.000002
0.071202 0.662617 0.147106 0.083546 0.000428 0.035098 0.000002
0.070564 0.661316 0.148111 0.084124 0.000433 0.035450 0.000002
0.065392 0.661103 0.150798 0.085663 0.000450 0.036592 0.000002
0.066603 0.658898 0.151272 0.085915 0.000440 0.036869 0.000003
0.064713 0.658841 0.152165 0.086395 0.000452 0.037431 0.000003
0.063034 0.656366 0.153916 0.087630 0.000473 0.038578 0.000003
0.063324 0.654008 0.154894 0.088265 0.000476 0.039030 0.000003
0.058104 0.655381 0.156822 0.089435 0.000480 0.039776 0.000002
0.052929 0.656012 0.159167 0.090439 0.000498 0.040952 0.000003
0.053261 0.653949 0.159859 0.091060 0.000494 0.041371 0.000005
0.047685 0.654275 0.162410 0.092545 0.000510 0.042571 0.000003
0.047877 0.651173 0.163909 0.093102 0.000511 0.043424 0.000003
0.055624 0.644293 0.163158 0.092737 0.000526 0.043658 0.000003
0.056231 0.643003 0.163521 0.092861 0.000522 0.043859 0.000003
0.055951 0.640598 0.164769 0.093555 0.000536 0.044586 0.000004
0.056163 0.637215 0.166204 0.094316 0.000547 0.045550 0.000004
0.057111 0.634994 0.166350 0.094843 0.000546 0.046152 0.000003
0.056111 0.632223 0.168315 0.095643 0.000549 0.047154 0.000005
0.054063 0.630300 0.170222 0.096729 0.000559 0.048121 0.000006
0.054408 0.629143 0.170554 0.096754 0.000583 0.048555 0.000003
0.057007 0.625001 0.170960 0.097145 0.000581 0.049302 0.000004
0.050438 0.627233 0.173027 0.098456 0.000600 0.050240 0.000006
0.054655 0.622407 0.173114 0.098405 0.000602 0.050811 0.000006
0.048845 0.622515 0.175727 0.099911 0.000617 0.052381 0.000004
0.051369 0.621143 0.175077 0.099573 0.000609 0.052224 0.000004
0.050108 0.620518 0.175818 0.099964 0.000619 0.052968 0.000005
0.045970 0.617753 0.179286 0.101765 0.000633 0.054588 0.000005
0.043839 0.616834 0.180587 0.102477 0.000646 0.055613 0.000005
0.051103 0.611514 0.179316 0.101701 0.000651 0.055710 0.000005
0.049212 0.611371 0.180385 0.102191 0.000648 0.056188 0.000004
0.044272 0.609880 0.183462 0.104047 0.000665 0.057669 0.000005
0.049425 0.606785 0.182209 0.103067 0.000662 0.057846 0.000005
0.047702 0.606429 0.182998 0.103787 0.000684 0.058395 0.000005
0.044558 0.603076 0.185891 0.105638 0.000680 0.060154 0.000004
0.045563 0.603249 0.185267 0.105234 0.000682 0.060001 0.000004
0.044827 0.599380 0.187207 0.106465 0.000716 0.061397 0.000007
0.041548 0.600104 0.188535 0.106898 0.000706 0.062203 0.000004
0.040209 0.597313 0.190618 0.107837 0.000715 0.063304 0.000004
0.039025 0.596222 0.191413 0.108535 0.000737 0.064063 0.000006
0.040326 0.594771 0.191277 0.108372 0.000721 0.064528 0.000006
0.035769 0.591317 0.194785 0.110533 0.000756 0.066835 0.000005
0.036983 0.594691 0.192650 0.109046 0.000768 0.065856 0.000006
0.033766 0.591286 0.195647 0.110791 0.000760 0.067743 0.000007
0.032183 0.590611 0.196621 0.111471 0.000778 0.068330 0.000006
0.032738 0.588421 0.197149 0.111531 0.000800 0.069356 0.000005
0.030479 0.585342 0.199359 0.113333 0.000790 0.070691 0.000007
0.030174 0.584658 0.199553 0.113279 0.000811 0.071517 0.000007
0.029774 0.583549 0.199987 0.113486 0.000828 0.072369 0.000006
0.026198 0.580592 0.203353 0.115168 0.000848 0.073836 0.000006
0.025396 0.579379 0.204030 0.115663 0.000857 0.074669 0.000007
0.027017 0.578836 0.203023 0.115506 0.000859 0.074754 0.000006
0.024891 0.575997 0.205754 0.116235 0.000865 0.076249 0.000008
0.025158 0.574469 0.205948 0.116707 0.000869 0.076841 0.000008
0.024152 0.572287 0.206947 0.117611 0.000898 0.078098 0.000007
0.022442 0.570162 0.208851 0.118353 0.000905 0.079280 0.000007
0.021868 0.566874 0.210319 0.119278 0.000916 0.080738 0.000007
0.024963 0.563672 0.210190 0.119052 0.000949 0.081165 0.000008
0.028315 0.561054 0.209697 0.118784 0.000946 0.081194 0.000009
0.031361 0.557876 0.209517 0.118541 0.000954 0.081741 0.000011
0.031661 0.555298 0.210347 0.119097 0.000973 0.082618 0.000007
0.029609 0.551893 0.212494 0.120493 0.000964 0.084539 0.000008
0.026447 0.551793 0.214181 0.121061 0.001007 0.085502 0.000009
0.030150 0.549245 0.213104 0.120878 0.000995 0.085620 0.000008
0.031816 0.546803 0.213284 0.120810 0.001010 0.086266 0.000009
0.029645 0.545466 0.214511 0.121849 0.001052 0.087467 0.000010
0.030595 0.542284 0.215439 0.122072 0.001021 0.088582 0.000008
0.028042 0.540698 0.217420 0.122925 0.001066 0.089837 0.000012
0.028295 0.539269 0.217197 0.123374 0.001081 0.090773 0.000010
0.027035 0.538298 0.218231 0.123724 0.001063 0.091638 0.000011
0.037901 0.530198 0.216569 0.122745 0.001069 0.091508 0.000010
0.038563 0.529432 0.216381 0.122711 0.001058 0.091844 0.000011
0.037548 0.527614 0.217467 0.123041 0.001077 0.093240 0.000013
0.038056 0.527617 0.217088 0.122910 0.001073 0.093241 0.000014
0.035983 0.524518 0.219364 0.123980 0.001115 0.095029 0.000012
0.039520 0.520867 0.218990 0.123980 0.001099 0.095532 0.000012
0.045198 0.517811 0.217636 0.123011 0.001119 0.095211 0.000014
0.044421 0.519508 0.216993 0.122803 0.001087 0.095175 0.000013
0.040408 0.517297 0.219576 0.124115 0.001131 0.097458 0.000016
0.046457 0.512363 0.218670 0.123766 0.001139 0.097590 0.000014
0.044620 0.510750 0.220048 0.124471 0.001167 0.098929 0.000015
0.043010 0.510178 0.220706 0.125032 0.001158 0.099904 0.000013
0.042678 0.510107 0.220393 0.125098 0.001148 0.100562 0.000013
0.040502 0.509720 0.221602 0.125473 0.001175 0.101513 0.000014
0.042115 0.509695 0.220522 0.125219 0.001161 0.101273 0.000014
0.036159 0.508945 0.223527 0.126614 0.001193 0.103547 0.000015
0.035088 0.506938 0.224481 0.127484 0.001196 0.104798 0.000015
0.035082 0.505611 0.224560 0.127659 0.001204 0.105868 0.000016
0.033285 0.506675 0.225031 0.127566 0.001186 0.106240 0.000017
0.030847 0.506046 0.226188 0.128237 0.001240 0.107424 0.000018
0.031726 0.502924 0.226755 0.128706 0.001238 0.108630 0.000020
0.029383 0.501844 0.228006 0.129353 0.001250 0.110145 0.000019
0.026592 0.499813 0.230100 0.130591 0.001243 0.111642 0.000020
0.025826 0.499490 0.230376 0.130593 0.001286 0.112414 0.000016
0.025336 0.497486 0.231463 0.130893 0.001308 0.113494 0.000020
0.023068 0.496030 0.232666 0.131915 0.001309 0.114992 0.000019
0.025067 0.495137 0.231724 0.131513 0.001317 0.115223 0.000019
0.022806 0.493123 0.233523 0.132384 0.001331 0.116813 0.000019
0.021514 0.491908 0.234614 0.132866 0.001379 0.117700 0.000019
0.021793 0.491284 0.234453 0.132854 0.001353 0.118242 0.000021
0.019877 0.489804 0.235746 0.133664 0.001368 0.119519 0.000021
0.018723 0.486603 0.237272 0.134594 0.001400 0.121388 0.000021
0.018254 0.485874 0.237497 0.134887 0.001419 0.122049 0.000019
0.018164 0.483225 0.238328 0.135294 0.001428 0.123532 0.000029
0.016936 0.480046 0.239911 0.135887 0.001441 0.125759 0.000021
0.017374 0.480999 0.239239 0.135500 0.001444 0.125424 0.000020
0.017330 0.479224 0.239367 0.135980 0.001454 0.126623 0.000022
0.016293 0.476567 0.241184 0.136817 0.001468 0.127646 0.000026
0.016226 0.474001 0.241716 0.136986 0.001470 0.129579 0.000021
0.015695 0.472850 0.242373 0.137272 0.001514 0.130274 0.000022
0.015212 0.470409 0.243575 0.137802 0.001477 0.131498 0.000026
0.015843 0.469146 0.243487 0.137603 0.001532 0.132363 0.000026
0.014982 0.467525 0.244217 0.138193 0.001523 0.133537 0.000023
0.014575 0.463449 0.245711 0.139062 0.001574 0.135602 0.000026
0.014842 0.462954 0.245496 0.139451 0.001550 0.135682 0.000024
0.014589 0.461396 0.246175 0.139470 0.001568 0.136780 0.000023
0.013954 0.459086 0.247282 0.140192 0.001590 0.137874 0.000022
0.014492 0.458607 0.246848 0.139803 0.001591 0.138638 0.000021
0.014026 0.457900 0.247394 0.140205 0.001588 0.138865 0.000021
0.013784 0.452711 0.248682 0.140900 0.001615 0.142287 0.000021
0.013953 0.454316 0.248026 0.140641 0.001618 0.141422 0.000024
0.013625 0.449568 0.249943 0.141435 0.001657 0.143750 0.000021
0.013558 0.448619 0.249527 0.141905 0.001673 0.144695 0.000022
0.013360 0.446374 0.250512 0.141978 0.001675 0.146079 0.000022
0.013484 0.446063 0.250299 0.141757 0.001663 0.146710 0.000025
0.013113 0.442995 0.251472 0.142517 0.001716 0.148161 0.000027
0.013016 0.441445 0.251868 0.142771 0.001686 0.149186 0.000027
0.012888 0.440009 0.252163 0.142872 0.001698 0.150343 0.000027
0.013195 0.438845 0.252247 0.142989 0.001709 0.150988 0.000028
0.013103 0.437053 0.252651 0.143026 0.001750 0.152389 0.000027
0.012957 0.435641 0.253060 0.143648 0.001761 0.152908 0.000026
0.012852 0.434789 0.253222 0.143397 0.001775 0.153937 0.000027
0.012751 0.432344 0.253781 0.143904 0.001791 0.155406 0.000024
0.012749 0.431497 0.254232 0.143919 0.001776 0.155796 0.000030
0.012703 0.429188 0.254580 0.144505 0.001776 0.157219 0.000028
0.012663 0.427892 0.254875 0.144482 0.001792 0.158267 0.000029
0.012553 0.427486 0.254923 0.144681 0.001788 0.158543 0.000027
0.012493 0.424743 0.255794 0.144983 0.001819 0.160140 0.000028
0.012604 0.424222 0.255689 0.144721 0.001803 0.160934 0.000027
0.012320 0.419927 0.257033 0.145447 0.001867 0.163378 0.000030
0.012423 0.420320 0.256501 0.145415 0.001869 0.163443 0.000030
0.012352 0.419237 0.256657 0.145783 0.001842 0.164101 0.000027
0.012266 0.416399 0.257339 0.146095 0.001884 0.165987 0.000030
0.012240 0.414280 0.257988 0.146355 0.001890 0.167217 0.000030
0.012180 0.413811 0.257808 0.146308 0.001882 0.167983 0.000027
0.012314 0.412170 0.258175 0.146488 0.001903 0.168921 0.000029
0.012269 0.410790 0.258420 0.146595 0.001898 0.170000 0.000029
0.012182 0.409595 0.259019 0.146589 0.001930 0.170656 0.000029
0.011969 0.407307 0.259438 0.147121 0.001931 0.172201 0.000033
0.012114 0.406722 0.259305 0.147303 0.001945 0.172581 0.000030
0.012001 0.405382 0.259743 0.147216 0.001958 0.173672 0.000029
0.011984 0.402224 0.260185 0.147558 0.002002 0.176013 0.000034
0.011978 0.401970 0.260241 0.147811 0.001958 0.176012 0.000030
0.011986 0.399025 0.260750 0.148196 0.002012 0.178002 0.000028
0.011890 0.397979 0.260920 0.148176 0.002006 0.179001 0.000029
0.012092 0.398731 0.260339 0.147810 0.002039 0.178957 0.000033
0.011859 0.394098 0.261760 0.148421 0.002040 0.181789 0.000032
0.011978 0.396144 0.261004 0.148216 0.002013 0.180612 0.000032
0.011860 0.393034 0.262068 0.148473 0.002047 0.182486 0.000032
0.011808 0.390076 0.262721 0.148744 0.002067 0.184549 0.000035
0.011875 0.389775 0.262135 0.148733 0.002095 0.185352 0.000035
0.011823 0.388295 0.262400 0.148713 0.002130 0.186605 0.000034
0.011832 0.386698 0.262777 0.149070 0.002093 0.187493 0.000037
0.011901 0.386602 0.262652 0.148807 0.002116 0.187889 0.000033
0.011792 0.383629 0.262899 0.149329 0.002115 0.190204 0.000032
0.011755 0.381954 0.263579 0.149423 0.002144 0.191111 0.000034
0.011802 0.381472 0.263338 0.149435 0.002169 0.191750 0.000033
0.011818 0.378917 0.263900 0.149641 0.002183 0.193505 0.000037
0.011730 0.378944 0.263855 0.149646 0.002156 0.193633 0.000036
0.011875 0.378581 0.263735 0.149598 0.002124 0.194048 0.000038
0.011802 0.375463 0.264360 0.149903 0.002144 0.196293 0.000035
0.011791 0.374381 0.264249 0.149924 0.002189 0.197432 0.000034
0.011737 0.374084 0.264440 0.149794 0.002201 0.197708 0.000036
0.011749 0.373210 0.264292 0.150070 0.002205 0.198434 0.000041
0.011769 0.371538 0.264301 0.150145 0.002246 0.199965 0.000037
0.011722 0.369336 0.265073 0.150264 0.002249 0.201317 0.000040
0.011691 0.368462 0.265080 0.150312 0.002262 0.202148 0.000045
0.011730 0.365820 0.265384 0.150592 0.002279 0.204159 0.000038
0.011566 0.365392 0.265533 0.150489 0.002249 0.204733 0.000037
0.011684 0.364759 0.265650 0.150579 0.002320 0.204967 0.000041
0.011537 0.363013 0.266062 0.150373 0.002279 0.206698 0.000039
0.011679 0.361193 0.266087 0.150833 0.002344 0.207821 0.000043
0.011566 0.358512 0.266737 0.150969 0.002330 0.209844 0.000041
0.011503 0.358638 0.266392 0.150958 0.002303 0.210167 0.000040
0.011690 0.356747 0.266894 0.150770 0.002323 0.211533 0.000044
0.011676 0.355717 0.266584 0.151020 0.002400 0.212562 0.000041
0.011541 0.354746 0.266857 0.150907 0.002379 0.213529 0.000041
0.011582 0.352395 0.267178 0.151254 0.002352 0.215197 0.000043
0.011639 0.354083 0.266509 0.151211 0.002359 0.214151 0.000048
0.011626 0.351044 0.266975 0.151646 0.002389 0.216263 0.000057
0.011642 0.349561 0.267279 0.151460 0.002400 0.217607 0.000050
0.011582 0.348330 0.267676 0.151274 0.002403 0.218685 0.000049
0.011590 0.347640 0.267118 0.151537 0.002406 0.219663 0.000045
0.011514 0.343686 0.268055 0.152006 0.002448 0.222241 0.000049
0.011608 0.343247 0.267737 0.152006 0.002424 0.222929 0.000050
0.011630 0.342846 0.268136 0.151639 0.002500 0.223202 0.000048
0.011665 0.342616 0.268141 0.151674 0.002445 0.223410 0.000050
0.011617 0.340570 0.268392 0.151872 0.002483 0.225016 0.000051
0.011636 0.338840 0.268290 0.152058 0.002461 0.226665 0.000050
0.011709 0.338430 0.267827 0.151965 0.002499 0.227524 0.000047
0.011590 0.336904 0.268359 0.152116 0.002498 0.228484 0.000048
0.011610 0.335917 0.268012 0.152232 0.002482 0.229700 0.000048
0.019574 0.333435 0.266098 0.150604 0.002462 0.227779 0.000049
0.024143 0.330987 0.264692 0.149804 0.002480 0.227845 0.000049
0.021624 0.330380 0.265176 0.150619 0.002504 0.229648 0.000050
0.029569 0.328973 0.262282 0.148646 0.002484 0.227997 0.000050
0.028336 0.327553 0.262758 0.148850 0.002497 0.229962 0.000044
0.028784 0.328179 0.262583 0.148544 0.002483 0.229379 0.000049
0.027795 0.327958 0.262577 0.149023 0.002532 0.230069 0.000045
0.024821 0.326449 0.263213 0.149675 0.002523 0.233270 0.000050
0.025231 0.325958 0.263118 0.149413 0.002548 0.233673 0.000058
0.026486 0.326558 0.262164 0.148404 0.002556 0.233786 0.000046
0.024601 0.325687 0.262709 0.149185 0.002575 0.235194 0.000049
0.020837 0.324002 0.264410 0.149960 0.002577 0.238166 0.000048
0.019707 0.321571 0.265006 0.150619 0.002626 0.240420 0.000051
0.021305 0.321850 0.264004 0.149862 0.002657 0.240269 0.000053
0.019655 0.321666 0.264244 0.150198 0.002620 0.241571 0.000048
0.020343 0.322563 0.263767 0.149790 0.002620 0.240865 0.000051
0.017585 0.319873 0.265480 0.150720 0.002670 0.243621 0.000051
0.017562 0.319405 0.265195 0.150651 0.002665 0.244469 0.000053
0.017608 0.317699 0.265151 0.150582 0.002674 0.246231 0.000055
0.016409 0.316866 0.265462 0.151197 0.002662 0.247345 0.000059
0.017349 0.316624 0.265103 0.150508 0.002687 0.247678 0.000051
0.016843 0.315298 0.265559 0.150568 0.002672 0.249009 0.000052
0.014778 0.313092 0.266769 0.151463 0.002701 0.251145 0.000053
0.015906 0.312982 0.266137 0.150793 0.002728 0.251400 0.000053
0.015690 0.312644 0.265855 0.150753 0.002740 0.252260 0.000058
0.014606 0.310782 0.266368 0.151044 0.002694 0.254443 0.000063
0.013685 0.308969 0.267260 0.151669 0.002739 0.255621 0.000057
0.013279 0.306837 0.267921 0.151812 0.002733 0.257359 0.000058
0.013218 0.305225 0.267906 0.151894 0.002725 0.258968 0.000063
0.013596 0.304987 0.267480 0.151763 0.002785 0.259331 0.000058
0.013959 0.304782 0.266742 0.151510 0.002767 0.260180 0.000060
0.013766 0.304315 0.266695 0.151637 0.002782 0.260745 0.000059
0.014139 0.304709 0.266256 0.151209 0.002752 0.260867 0.000068
0.013349 0.300763 0.267197 0.151433 0.002790 0.264405 0.000063
0.013282 0.300246 0.266952 0.151760 0.002801 0.264897 0.000061
0.013078 0.299318 0.267696 0.151739 0.002804 0.265302 0.000064
0.012871 0.297693 0.267537 0.151821 0.002841 0.267168 0.000069
0.012496 0.297116 0.267554 0.151995 0.002838 0.267938 0.000062
0.012860 0.295910 0.267415 0.151850 0.002853 0.269050 0.000061
0.012333 0.293549 0.268069 0.152196 0.002863 0.270921 0.000069
0.012571 0.294267 0.267654 0.152053 0.002858 0.270534 0.000063
0.012442 0.290713 0.267720 0.151925 0.002885 0.274244 0.000070
0.012213 0.290605 0.268026 0.152001 0.002946 0.274142 0.000067
0.012517 0.290803 0.267813 0.151563 0.002947 0.274288 0.000069
0.012354 0.288989 0.267980 0.151978 0.002930 0.275693 0.000075
0.012389 0.287577 0.267687 0.151855 0.002960 0.277464 0.000068
0.012201 0.286764 0.268367 0.152018 0.002952 0.277628 0.000070
0.012464 0.285898 0.267507 0.151881 0.003009 0.279170 0.000071
0.012608 0.284448 0.267040 0.151912 0.002968 0.280954 0.000070
0.012438 0.283376 0.267262 0.151563 0.003013 0.282277 0.000070
0.012279 0.283072 0.267412 0.151748 0.003002 0.282417 0.000069
0.012305 0.281826 0.267447 0.151771 0.003043 0.283536 0.000072
0.012448 0.281378 0.267278 0.151852 0.003012 0.283955 0.000077
0.012225 0.280616 0.267607 0.151806 0.003020 0.284648 0.000077
0.012534 0.280422 0.266794 0.151462 0.003016 0.285698 0.000075
0.012448 0.278273 0.266994 0.151688 0.003041 0.287480 0.000077
0.012093 0.275591 0.267725 0.152015 0.003070 0.289427 0.000080
0.012439 0.276468 0.266783 0.151644 0.003070 0.289525 0.000070
0.012494 0.275368 0.266833 0.151539 0.003070 0.290618 0.000078
0.012459 0.276205 0.266416 0.151476 0.003044 0.290332 0.000068
0.012525 0.273791 0.266398 0.151368 0.003094 0.292747 0.000077
0.012372 0.270909 0.267060 0.151777 0.003084 0.294710 0.000087
0.012403 0.270680 0.266800 0.151554 0.003105 0.295381 0.000077
0.012164 0.270600 0.266753 0.151501 0.003114 0.295791 0.000077
0.012141 0.268961 0.267007 0.151464 0.003128 0.297218 0.000081
0.012270 0.267327 0.266753 0.151181 0.003135 0.299251 0.000083
0.012298 0.267313 0.266789 0.151605 0.003106 0.298807 0.000082
0.012382 0.265571 0.266442 0.151271 0.003229 0.301024 0.000082
0.012480 0.265522 0.266130 0.151460 0.003157 0.301165 0.000086
0.012437 0.264878 0.266158 0.150907 0.003193 0.302351 0.000077
0.012570 0.263696 0.265896 0.151057 0.003209 0.303493 0.000080
0.012295 0.262126 0.266140 0.151262 0.003217 0.304879 0.000080
0.012405 0.262143 0.265720 0.151140 0.003202 0.305305 0.000085
0.022544 0.259919 0.262495 0.149223 0.003140 0.302602 0.000077
0.027048 0.257776 0.261148 0.148050 0.003185 0.302713 0.000081
0.023149 0.259076 0.262034 0.148660 0.003172 0.303829 0.000080
0.032626 0.258394 0.258060 0.146282 0.003158 0.301401 0.000079
0.028538 0.257025 0.259684 0.147155 0.003195 0.304320 0.000082
0.027349 0.258438 0.259522 0.147160 0.003201 0.304254 0.000076
0.025919 0.256808 0.259594 0.147520 0.003186 0.306892 0.000081
0.023963 0.256424 0.260355 0.147702 0.003207 0.308263 0.000086
0.024651 0.255273 0.260092 0.147356 0.003230 0.309312 0.000086
0.025167 0.256018 0.259548 0.147052 0.003230 0.308902 0.000083
0.025001 0.254809 0.258994 0.146701 0.003214 0.311197 0.000084
0.023461 0.253642 0.259644 0.147181 0.003248 0.312736 0.000089
0.025432 0.256587 0.257940 0.146183 0.003213 0.310562 0.000084
0.023122 0.254853 0.258731 0.146852 0.003184 0.313171 0.000087
0.019848 0.252928 0.260176 0.147736 0.003282 0.315941 0.000089
0.021929 0.254280 0.258675 0.146330 0.003319 0.315379 0.000089
0.020823 0.252685 0.258839 0.147022 0.003264 0.317284 0.000083
0.018925 0.251018 0.259965 0.147068 0.003322 0.319617 0.000085
0.018362 0.249875 0.260235 0.147245 0.003324 0.320875 0.000084
0.019098 0.250911 0.258989 0.146998 0.003303 0.320610 0.000091
0.017634 0.248978 0.260116 0.147417 0.003375 0.322396 0.000085
0.018014 0.249260 0.258971 0.146950 0.003329 0.323385 0.000092
0.016444 0.247487 0.260164 0.147551 0.003342 0.324918 0.000094
0.016463 0.247174 0.259688 0.147296 0.003340 0.325946 0.000093
0.016321 0.246961 0.259495 0.147228 0.003355 0.326546 0.000094
0.016367 0.246699 0.259360 0.147129 0.003395 0.326962 0.000088
0.014954 0.242616 0.260278 0.147763 0.003418 0.330879 0.000092
0.015554 0.243302 0.259739 0.147425 0.003354 0.330530 0.000096
0.015552 0.242929 0.259396 0.147164 0.003434 0.331427 0.000098
0.014925 0.241513 0.259723 0.147281 0.003426 0.333033 0.000099
0.014312 0.239605 0.259935 0.147750 0.003495 0.334804 0.000100
0.014831 0.239066 0.259685 0.147547 0.003421 0.335358 0.000092
0.014774 0.239566 0.258962 0.147048 0.003443 0.336115 0.000092
0.014360 0.237048 0.259150 0.147489 0.003474 0.338388 0.000092
0.014000 0.235197 0.259440 0.147136 0.003482 0.340643 0.000103
0.013969 0.234866 0.259360 0.147215 0.003483 0.341013 0.000094
0.013843 0.234667 0.259403 0.146910 0.003532 0.341544 0.000100
0.014174 0.236134 0.258509 0.146298 0.003527 0.341263 0.000096
0.013945 0.235191 0.258559 0.146765 0.003530 0.341908 0.000102
0.013803 0.233517 0.258361 0.146959 0.003559 0.343703 0.000100
0.013697 0.231545 0.258906 0.146912 0.003496 0.345341 0.000101
0.013523 0.230992 0.258706 0.147104 0.003535 0.346045 0.000095
0.013526 0.229146 0.258798 0.147089 0.003574 0.347769 0.000098
0.013552 0.229143 0.258458 0.146839 0.003569 0.348337 0.000102
0.013770 0.228336 0.257856 0.146719 0.003587 0.349622 0.000109
0.013631 0.225374 0.257977 0.146430 0.003605 0.352878 0.000106
0.013622 0.225090 0.257768 0.146417 0.003568 0.353426 0.000110
0.013997 0.227178 0.256855 0.146373 0.003549 0.351942 0.000106
0.013817 0.224759 0.257172 0.145680 0.003605 0.354862 0.000105
0.013813 0.225533 0.256714 0.146254 0.003610 0.353966 0.000109
0.013766 0.222918 0.257059 0.146070 0.003569 0.356511 0.000109
0.013658 0.222719 0.256789 0.145915 0.003674 0.357131 0.000115
0.013837 0.221883 0.257237 0.145826 0.003637 0.357476 0.000106
0.013439 0.221645 0.256522 0.145621 0.003642 0.359021 0.000111
0.013778 0.221117 0.255870 0.145359 0.003643 0.360113 0.000119
0.013692 0.220763 0.256581 0.145348 0.003645 0.359856 0.000115
0.013622 0.219396 0.255986 0.145484 0.003691 0.361706 0.000115
0.013828 0.218727 0.255275 0.144880 0.003728 0.363449 0.000113
0.013689 0.218264 0.255689 0.145201 0.003676 0.363369 0.000112
0.013773 0.217124 0.255382 0.145171 0.003729 0.364710 0.000110
0.013753 0.217297 0.255348 0.144770 0.003720 0.365002 0.000111
0.013910 0.216107 0.254894 0.144702 0.003733 0.366542 0.000113
0.014061 0.214914 0.254876 0.144796 0.003767 0.367474 0.000112
0.013786 0.213938 0.254954 0.144674 0.003741 0.368799 0.000107
0.013797 0.213031 0.254934 0.144626 0.003741 0.369764 0.000107
0.013715 0.211297 0.254050 0.144498 0.003785 0.372545 0.000109
0.013912 0.211545 0.254443 0.144725 0.003774 0.371483 0.000119
0.013984 0.212633 0.253480 0.143809 0.003778 0.372203 0.000113
0.013798 0.210614 0.253840 0.144103 0.003809 0.373717 0.000118
0.013848 0.210588 0.253657 0.144071 0.003841 0.373869 0.000126
0.013878 0.209272 0.253576 0.143956 0.003791 0.375398 0.000129
0.013862 0.208446 0.253622 0.143838 0.003876 0.376241 0.000114
0.014074 0.208163 0.253005 0.143916 0.003844 0.376883 0.000115
0.013992 0.207563 0.253005 0.143464 0.003840 0.378012 0.000124
0.013881 0.206537 0.252811 0.143207 0.003892 0.379549 0.000122
0.014092 0.205822 0.252523 0.143307 0.003859 0.380280 0.000117
0.013807 0.205252 0.252926 0.143326 0.003896 0.380678 0.000115
0.014127 0.205146 0.251857 0.143025 0.003858 0.381873 0.000115
0.014021 0.203872 0.252116 0.143192 0.003899 0.382774 0.000126
0.014015 0.203728 0.251764 0.142834 0.003921 0.383621 0.000118
0.014104 0.202782 0.251198 0.142748 0.003912 0.385131 0.000125
0.014040 0.202316 0.251683 0.142572 0.003906 0.385358 0.000125
0.014133 0.201226 0.251286 0.142425 0.003960 0.386850 0.000120
0.014264 0.201442 0.251014 0.142273 0.003947 0.386923 0.000136
0.014187 0.199254 0.250590 0.142080 0.003981 0.389771 0.000136
0.014416 0.199911 0.250337 0.142061 0.003962 0.389190 0.000123
0.014388 0.198028 0.250592 0.142089 0.004001 0.390772 0.000130
0.014431 0.198478 0.249962 0.142266 0.003951 0.390783 0.000129
0.014306 0.198606 0.250136 0.141554 0.003969 0.391304 0.000125
0.014459 0.195142 0.249749 0.141535 0.004025 0.394960 0.000131
0.014545 0.194530 0.249467 0.141759 0.004001 0.395568 0.000130
0.014547 0.196394 0.248585 0.141444 0.004015 0.394893 0.000122
0.014496 0.195559 0.249197 0.141207 0.004019 0.395391 0.000131
0.014455 0.195034 0.248723 0.141120 0.003956 0.396578 0.000133
0.014732 0.195370 0.248078 0.141160 0.003968 0.396563 0.000129
0.014563 0.193013 0.247872 0.140992 0.004022 0.399410 0.000127
0.014854 0.193923 0.247884 0.140594 0.004026 0.398583 0.000137
0.014765 0.193020 0.247865 0.140855 0.004069 0.399294 0.000132
0.014822 0.191827 0.247331 0.140460 0.003990 0.401433 0.000136
0.014788 0.190790 0.247337 0.140537 0.004042 0.402372 0.000135
0.014788 0.191315 0.246787 0.140322 0.004050 0.402609 0.000128
0.014804 0.189828 0.246886 0.140497 0.004057 0.403797 0.000131
0.014756 0.189058 0.246906 0.140053 0.004034 0.405057 0.000138
0.014856 0.188082 0.246233 0.139953 0.004112 0.406625 0.000139
0.014900 0.187585 0.246497 0.139820 0.004053 0.407004 0.000140
0.014933 0.186890 0.245959 0.139973 0.004121 0.407979 0.000144
0.014891 0.186394 0.245624 0.139705 0.004077 0.409176 0.000134
0.014974 0.185145 0.245535 0.139715 0.004066 0.410423 0.000141
0.015002 0.187619 0.245111 0.139533 0.004076 0.408520 0.000138
0.014969 0.185691 0.244989 0.139448 0.004049 0.410713 0.000142
0.015086 0.183519 0.244773 0.139206 0.004100 0.413163 0.000153
0.015039 0.184809 0.244148 0.139308 0.004159 0.412390 0.000148
0.015220 0.182786 0.244325 0.139069 0.004149 0.414303 0.000150
0.014892 0.183230 0.244173 0.138783 0.004134 0.414645 0.000143
0.015285 0.182392 0.243529 0.138636 0.004089 0.415917 0.000151
0.015006 0.180101 0.243436 0.138537 0.004146 0.418626 0.000148
0.015192 0.181178 0.243396 0.138374 0.004143 0.417571 0.000144
0.015338 0.181367 0.243006 0.138093 0.004117 0.417942 0.000138
0.015248 0.179806 0.242571 0.137885 0.004174 0.420167 0.000149
0.015481 0.179676 0.242576 0.137888 0.004174 0.420069 0.000136
0.015316 0.179261 0.242559 0.137863 0.004165 0.420694 0.000142
0.015307 0.178365 0.242362 0.137584 0.004169 0.422073 0.000140
0.015453 0.176874 0.241371 0.137298 0.004212 0.424648 0.000142
0.015349 0.178128 0.241299 0.137353 0.004122 0.423603 0.000146
0.015422 0.176446 0.241010 0.137014 0.004222 0.425745 0.000141
0.015425 0.175044 0.241029 0.136873 0.004273 0.427201 0.000155
0.015543 0.175834 0.240933 0.137216 0.004149 0.426181 0.000144
0.015552 0.176865 0.240776 0.137238 0.004194 0.425231 0.000144
0.015716 0.174644 0.240335 0.136616 0.004216 0.428321 0.000152
0.015477 0.175184 0.240092 0.136576 0.004270 0.428260 0.000141
0.015594 0.173870 0.239492 0.136413 0.004254 0.430237 0.000140
0.015832 0.174380 0.239140 0.136250 0.004197 0.430058 0.000143
0.015793 0.172544 0.239228 0.136090 0.004241 0.431953 0.000152
0.015839 0.173239 0.238744 0.136066 0.004240 0.431724 0.000149
0.015604 0.173010 0.238719 0.135886 0.004234 0.432389 0.000157
0.015812 0.171346 0.238579 0.135584 0.004204 0.434316 0.000160
0.015781 0.171502 0.237731 0.135591 0.004269 0.434969 0.000157
0.015886 0.170937 0.237670 0.135319 0.004262 0.435768 0.000158
0.016045 0.170060 0.236954 0.134993 0.004261 0.437526 0.000161
0.015987 0.170329 0.237331 0.135020 0.004283 0.436897 0.000153
0.016045 0.169478 0.237376 0.135039 0.004258 0.437649 0.000156
0.016052 0.169781 0.237370 0.135066 0.004273 0.437305 0.000152
0.016078 0.168888 0.236485 0.134705 0.004319 0.439365 0.000159
0.016078 0.167500 0.236641 0.134429 0.004290 0.440905 0.000156
0.016092 0.168134 0.236211 0.134428 0.004315 0.440667 0.000152
0.016266 0.166846 0.235955 0.134047 0.004348 0.442375 0.000164
0.016225 0.166905 0.234962 0.134002 0.004332 0.443415 0.000159
0.016226 0.165688 0.235645 0.133981 0.004304 0.444006 0.000149
0.016244 0.165857 0.234958 0.133547 0.004315 0.444916 0.000163
0.016232 0.165370 0.234961 0.133596 0.004336 0.445345 0.000160
0.016315 0.164707 0.234594 0.133295 0.004323 0.446598 0.000167
0.016434 0.164622 0.233902 0.133371 0.004361 0.447135 0.000174
0.016404 0.163377 0.234323 0.133096 0.004336 0.448295 0.000168
0.016324 0.163865 0.234271 0.133260 0.004337 0.447775 0.000168
0.016459 0.163622 0.233875 0.132887 0.004400 0.448591 0.000167
0.016656 0.161293 0.232827 0.132739 0.004395 0.451923 0.000167
0.016737 0.160972 0.233554 0.132277 0.004440 0.451843 0.000176
0.016520 0.162931 0.232878 0.132860 0.004384 0.450263 0.000164
0.016588 0.160197 0.232509 0.132411 0.004361 0.453755 0.000179
0.016788 0.161134 0.231996 0.132156 0.004386 0.453367 0.000171
0.016958 0.159840 0.232037 0.131803 0.004407 0.454777 0.000179
0.016850 0.160871 0.232115 0.131907 0.004368 0.453717 0.000172
0.016838 0.158377 0.231565 0.131501 0.004397 0.457151 0.000172
0.017107 0.157917 0.230712 0.131212 0.004340 0.458541 0.000171
0.016825 0.157664 0.230747 0.130997 0.004481 0.459123 0.000163
0.016926 0.157474 0.230959 0.131220 0.004432 0.458821 0.000168
0.016916 0.156978 0.230539 0.130908 0.004433 0.460052 0.000174
0.017028 0.156883 0.229629 0.130829 0.004428 0.461033 0.000169
0.017176 0.156410 0.229342 0.130527 0.004433 0.461944 0.000168
0.017373 0.155569 0.229341 0.130399 0.004460 0.462684 0.000175
0.017437 0.155507 0.228878 0.130430 0.004442 0.463139 0.000168
0.017239 0.154624 0.229428 0.130238 0.004459 0.463835 0.000177
0.017285 0.155161 0.228541 0.130273 0.004490 0.464077 0.000175
0.017461 0.153911 0.228686 0.129927 0.004504 0.465326 0.000185
0.017363 0.154490 0.228452 0.130006 0.004483 0.465037 0.000169
0.017503 0.152687 0.227903 0.129629 0.004500 0.467585 0.000194
0.017422 0.153434 0.228010 0.129546 0.004455 0.466950 0.000183
0.017575 0.152048 0.227148 0.129202 0.004546 0.469304 0.000177
0.017620 0.151653 0.227021 0.129003 0.004472 0.470050 0.000182
0.017603 0.152909 0.226936 0.129263 0.004520 0.468592 0.000177
0.017655 0.150540 0.226283 0.128619 0.004508 0.472209 0.000187
0.017555 0.151755 0.226424 0.128790 0.004505 0.470791 0.000180
0.017746 0.151112 0.226333 0.128834 0.004474 0.471309 0.000192
0.017761 0.150922 0.226261 0.128648 0.004510 0.471709 0.000189
0.017650 0.150748 0.225925 0.128650 0.004490 0.472347 0.000189
0.017662 0.149929 0.225805 0.128332 0.004533 0.473556 0.000184
0.017865 0.149428 0.225069 0.128322 0.004566 0.474560 0.000189
0.017822 0.148779 0.225357 0.127559 0.004564 0.475729 0.000191
0.017930 0.149612 0.224752 0.127757 0.004507 0.475260 0.000182
0.018001 0.148680 0.224801 0.127736 0.004538 0.476049 0.000195
0.018063 0.148281 0.224614 0.127537 0.004548 0.476778 0.000179
0.018045 0.147395 0.223602 0.127153 0.004556 0.479050 0.000200
0.018008 0.147192 0.223986 0.127228 0.004554 0.478840 0.000191
0.018282 0.146520 0.223314 0.127085 0.004604 0.480009 0.000188
0.018065 0.145708 0.222929 0.126671 0.004590 0.481842 0.000196
0.018273 0.144839 0.222952 0.126443 0.004587 0.482714 0.000192
0.018126 0.145502 0.222991 0.126552 0.004547 0.482092 0.000191
0.018429 0.144672 0.222592 0.126602 0.004506 0.482998 0.000201
0.018366 0.143930 0.221821 0.126517 0.004586 0.484591 0.000189
0.018456 0.144227 0.222053 0.126239 0.004552 0.484284 0.000190
0.018197 0.144491 0.221851 0.125929 0.004611 0.484719 0.000203
0.018381 0.143766 0.221482 0.125539 0.004617 0.486023 0.000192
0.018484 0.144132 0.221366 0.125995 0.004545 0.485285 0.000194
0.018418 0.143590 0.220769 0.125532 0.004583 0.486912 0.000196
0.018365 0.141640 0.220383 0.125302 0.004575 0.489539 0.000195
0.018425 0.141967 0.220375 0.125318 0.004613 0.489104 0.000197
