0.999110 0.000864 0.000017 0.000008 0.000000 0.000000 0.000000
0.998679 0.001283 0.000021 0.000007 0.000000 0.000010 0.000000
0.998228 0.001726 0.000025 0.000011 0.000000 0.000011 0.000000
0.997777 0.002167 0.000033 0.000011 0.000000 0.000011 0.000000
0.997287 0.002649 0.000037 0.000016 0.000000 0.000010 0.000000
0.996805 0.003118 0.000048 0.000019 0.000000 0.000010 0.000000
0.996255 0.003665 0.000047 0.000023 0.000000 0.000010 0.000000
0.995521 0.004390 0.000058 0.000022 0.000000 0.000009 0.000000
0.994708 0.005179 0.000071 0.000032 0.000000 0.000009 0.000000
0.993705 0.006168 0.000086 0.000032 0.000000 0.000009 0.000000
0.992629 0.007240 0.000093 0.000030 0.000000 0.000008 0.000000
0.991103 0.008742 0.000116 0.000031 0.000000 0.000008 0.000000
0.989260 0.010557 0.000137 0.000039 0.000000 0.000007 0.000000
0.987048 0.012726 0.000170 0.000049 0.000000 0.000006 0.000000
0.984350 0.015382 0.000204 0.000059 0.000000 0.000006 0.000000
0.980333 0.019322 0.000256 0.000083 0.000000 0.000006 0.000000
0.977028 0.022571 0.000291 0.000104 0.000000 0.000006 0.000000
0.973040 0.026493 0.000326 0.000130 0.000000 0.000010 0.000000
0.967970 0.031484 0.000376 0.000156 0.000000 0.000014 0.000000
0.961875 0.037490 0.000424 0.000199 0.000000 0.000012 0.000000
0.956504 0.042733 0.000490 0.000264 0.000000 0.000008 0.000000
0.949152 0.049917 0.000598 0.000319 0.000000 0.000013 0.000000
0.941327 0.057530 0.000739 0.000388 0.000000 0.000016 0.000000
0.931149 0.067452 0.000886 0.000490 0.000000 0.000023 0.000000
0.921207 0.077140 0.001050 0.000574 0.000000 0.000029 0.000000
0.912233 0.085864 0.001206 0.000673 0.000000 0.000024 0.000000
0.901841 0.095907 0.001430 0.000791 0.000000 0.000031 0.000000
0.888567 0.108808 0.001662 0.000928 0.000000 0.000034 0.000000
0.874810 0.122180 0.001874 0.001090 0.000004 0.000042 0.000000
0.863053 0.133612 0.002046 0.001234 0.000004 0.000050 0.000000
0.850333 0.145939 0.002298 0.001367 0.000003 0.000060 0.000000
0.834009 0.161801 0.002590 0.001522 0.000003 0.000074 0.000000
0.819946 0.175431 0.002861 0.001670 0.000003 0.000090 0.000000
0.806853 0.188041 0.003188 0.001814 0.000002 0.000102 0.000000
0.789081 0.205183 0.003564 0.002061 0.000002 0.000110 0.000000
0.776043 0.217697 0.003898 0.002250 0.000002 0.000110 0.000000
0.759663 0.233416 0.004299 0.002488 0.000002 0.000133 0.000000
0.744722 0.247729 0.004679 0.002720 0.000002 0.000148 0.000000
0.727486 0.264222 0.005145 0.002992 0.000001 0.000154 0.000000
0.711569 0.279427 0.005574 0.003259 0.000003 0.000168 0.000000
0.698202 0.292047 0.006048 0.003531 0.000003 0.000170 0.000000
0.681530 0.307803 0.006631 0.003843 0.000003 0.000188 0.000000
0.666221 0.322259 0.007158 0.004141 0.000004 0.000217 0.000000
0.651944 0.335693 0.007660 0.004458 0.000005 0.000240 0.000000
0.638021 0.348704 0.008224 0.004778 0.000005 0.000268 0.000000
0.624263 0.361581 0.008791 0.005069 0.000005 0.000292 0.000000
0.608355 0.376397 0.009463 0.005448 0.000006 0.000331 0.000000
0.595104 0.388741 0.010017 0.005757 0.000009 0.000373 0.000000
0.580743 0.402017 0.010709 0.006112 0.000009 0.000410 0.000000
0.567023 0.414643 0.011367 0.006523 0.000008 0.000437 0.000000
0.555192 0.425435 0.012038 0.006857 0.000010 0.000468 0.000000
0.543006 0.436470 0.012712 0.007304 0.000010 0.000499 0.000000
0.529816 0.448488 0.013431 0.007703 0.000012 0.000551 0.000000
0.515781 0.461194 0.014239 0.008158 0.000013 0.000614 0.000000
0.504517 0.471140 0.015090 0.008592 0.000013 0.000649 0.000000
0.496024 0.478737 0.015636 0.008910 0.000012 0.000682 0.000000
0.484382 0.488993 0.016473 0.009400 0.000014 0.000738 0.000000
0.473824 0.498342 0.017206 0.009816 0.000013 0.000800 0.000000
0.460630 0.509890 0.018199 0.010389 0.000013 0.000879 0.000000
0.451596 0.517698 0.018924 0.010828 0.000015 0.000938 0.000000
0.442930 0.525118 0.019612 0.011320 0.000016 0.001004 0.000000
0.430707 0.535414 0.020751 0.012008 0.000018 0.001102 0.000000
0.422096 0.542618 0.021606 0.012485 0.000019 0.001176 0.000000
0.414449 0.548794 0.022510 0.012985 0.000018 0.001244 0.000000
0.409311 0.553067 0.023047 0.013244 0.000020 0.001311 0.000000
0.397016 0.563143 0.024408 0.013990 0.000023 0.001421 0.000000
0.389691 0.569128 0.025189 0.014484 0.000022 0.001485 0.000000
0.383348 0.574016 0.026060 0.014964 0.000024 0.001588 0.000000
0.373954 0.581646 0.027113 0.015579 0.000025 0.001683 0.000000
0.369803 0.584550 0.027867 0.015991 0.000025 0.001763 0.000000
0.365305 0.587739 0.028622 0.016463 0.000026 0.001845 0.000000
0.358883 0.592296 0.029684 0.017141 0.000029 0.001967 0.000000
0.350369 0.598929 0.030850 0.017740 0.000030 0.002083 0.000000
0.345724 0.602204 0.031655 0.018191 0.000030 0.002196 0.000000
0.339564 0.606617 0.032640 0.018833 0.000034 0.002312 0.000000
0.337236 0.607721 0.033340 0.019288 0.000033 0.002382 0.000000
0.329674 0.613409 0.034514 0.019855 0.000032 0.002517 0.000000
0.324192 0.616756 0.035742 0.020588 0.000035 0.002687 0.000000
0.316532 0.622611 0.036817 0.021196 0.000033 0.002810 0.000000
0.309224 0.627812 0.038107 0.021852 0.000042 0.002963 0.000000
0.305612 0.629667 0.039095 0.022490 0.000038 0.003096 0.000000
0.302589 0.631451 0.039762 0.022952 0.000040 0.003206 0.000000
0.298136 0.634122 0.040936 0.023402 0.000041 0.003363 0.000000
0.294119 0.636733 0.041693 0.023912 0.000045 0.003498 0.000000
0.286098 0.642174 0.043279 0.024710 0.000052 0.003687 0.000000
0.281102 0.645554 0.044160 0.025259 0.000055 0.003870 0.000000
0.273030 0.650928 0.045746 0.026135 0.000057 0.004104 0.000000
0.269409 0.652820 0.046697 0.026742 0.000057 0.004275 0.000000
0.261842 0.658350 0.047914 0.027389 0.000064 0.004442 0.000000
0.257443 0.660716 0.049103 0.028055 0.000064 0.004619 0.000000
0.248241 0.667079 0.050792 0.028953 0.000067 0.004867 0.000000
0.241239 0.671147 0.052483 0.029943 0.000068 0.005120 0.000000
0.237830 0.673333 0.053190 0.030304 0.000072 0.005271 0.000000
0.224578 0.682210 0.055818 0.031692 0.000079 0.005624 0.000000
0.222696 0.682270 0.056763 0.032318 0.000079 0.005873 0.000000
0.217745 0.685541 0.057767 0.032819 0.000083 0.006045 0.000000
0.210747 0.689774 0.059323 0.033729 0.000082 0.006345 0.000000
0.202775 0.694088 0.061392 0.034957 0.000091 0.006697 0.000000
0.194972 0.698633 0.063299 0.035976 0.000092 0.007028 0.000000
0.193247 0.699129 0.064019 0.036334 0.000096 0.007174 0.000000
0.193497 0.696936 0.065085 0.036924 0.000096 0.007463 0.000000
0.187963 0.698997 0.066991 0.038102 0.000099 0.007848 0.000000
0.181313 0.702307 0.068940 0.039153 0.000102 0.008186 0.000000
0.179675 0.701994 0.070067 0.039739 0.000111 0.008414 0.000000
0.179085 0.699324 0.071866 0.040742 0.000114 0.008869 0.000000
0.176165 0.700150 0.073059 0.041423 0.000123 0.009080 0.000000
0.174554 0.699293 0.074387 0.042284 0.000126 0.009356 0.000000
0.172247 0.699176 0.075807 0.042940 0.000134 0.009696 0.000000
0.167640 0.702154 0.076682 0.043457 0.000137 0.009929 0.000000
0.163096 0.702330 0.079099 0.044852 0.000139 0.010483 0.000000
0.164528 0.698303 0.080529 0.045655 0.000148 0.010837 0.000000
0.163432 0.698308 0.081004 0.046033 0.000147 0.011075 0.000000
0.162115 0.696046 0.083088 0.047032 0.000151 0.011568 0.000000
0.159664 0.696176 0.084283 0.047781 0.000158 0.011938 0.000000
0.155559 0.697976 0.085531 0.048526 0.000167 0.012242 0.000000
0.154427 0.696435 0.086932 0.049422 0.000174 0.012610 0.000000
0.151283 0.697219 0.088265 0.050054 0.000178 0.013001 0.000000
0.147453 0.697787 0.090096 0.050979 0.000177 0.013509 0.000000
0.146383 0.697071 0.091034 0.051606 0.000186 0.013719 0.000000
0.139734 0.698689 0.093690 0.053218 0.000187 0.014482 0.000000
0.141197 0.697079 0.093786 0.053099 0.000194 0.014644 0.000000
0.136008 0.699671 0.095106 0.054023 0.000197 0.014995 0.000000
0.130955 0.701059 0.097095 0.055103 0.000216 0.015573 0.000000
0.124831 0.702762 0.099510 0.056447 0.000211 0.016239 0.000000
0.120797 0.703716 0.101098 0.057477 0.000222 0.016690 0.000000
0.116012 0.704719 0.103244 0.058484 0.000228 0.017314 0.000000
0.116048 0.703129 0.104007 0.059062 0.000225 0.017528 0.000000
0.110038 0.705097 0.106190 0.060258 0.000245 0.018173 0.000000
0.112501 0.699751 0.107710 0.061076 0.000250 0.018711 0.000000
0.116585 0.695533 0.107646 0.061110 0.000252 0.018874 0.000000
0.117130 0.692431 0.109077 0.061747 0.000248 0.019367 0.000000
0.115193 0.690466 0.111067 0.062909 0.000256 0.020109 0.000000
0.114473 0.690853 0.111101 0.062990 0.000263 0.020319 0.000000
0.109232 0.690384 0.114062 0.064772 0.000274 0.021276 0.000000
0.108912 0.690030 0.114501 0.064755 0.000285 0.021517 0.000000
0.104831 0.689747 0.116863 0.066200 0.000300 0.022060 0.000000
0.109285 0.684062 0.117381 0.066398 0.000309 0.022566 0.000000
0.105875 0.685800 0.118117 0.066916 0.000310 0.022981 0.000000
0.103864 0.682938 0.120683 0.068371 0.000318 0.023825 0.000000
0.098607 0.684339 0.122761 0.069385 0.000317 0.024591 0.000000
0.099311 0.682381 0.123149 0.069900 0.000337 0.024923 0.000000
0.097543 0.682518 0.124106 0.070202 0.000339 0.025293 0.000000
0.087264 0.686301 0.127555 0.072194 0.000343 0.026344 0.000000
0.088562 0.684545 0.127725 0.072217 0.000349 0.026602 0.000000
0.080849 0.686143 0.130859 0.074055 0.000363 0.027731 0.000000
0.081912 0.683843 0.131341 0.074412 0.000372 0.028119 0.000000
0.076850 0.684579 0.133558 0.075726 0.000386 0.028901 0.000000
0.077082 0.682261 0.134693 0.076148 0.000376 0.029439 0.000000
0.073747 0.682480 0.136158 0.077261 0.000383 0.029971 0.000000
0.071894 0.681656 0.137473 0.077930 0.000396 0.030652 0.000000
0.069469 0.680260 0.139492 0.078917 0.000398 0.031464 0.000000
0.065197 0.681462 0.141048 0.079949 0.000403 0.031941 0.000000
0.064580 0.677288 0.143211 0.081282 0.000417 0.033221 0.000000
0.064252 0.676746 0.143571 0.081550 0.000422 0.033458 0.000000
0.060898 0.677606 0.144944 0.082186 0.000430 0.033938 0.000000
0.058833 0.674031 0.147629 0.083839 0.000431 0.035237 0.000000
0.057127 0.672654 0.149117 0.084794 0.000450 0.035858 0.000000
0.054333 0.672340 0.150718 0.085504 0.000467 0.036638 0.000000
0.053651 0.671076 0.151498 0.086194 0.000469 0.037112 0.000000
0.051193 0.669195 0.153776 0.087318 0.000472 0.038046 0.000001
0.050689 0.668433 0.154223 0.087760 0.000491 0.038403 0.000001
0.049148 0.665820 0.156183 0.088952 0.000502 0.039394 0.000001
0.045437 0.664773 0.158651 0.090193 0.000512 0.040434 0.000001
0.048920 0.661822 0.158185 0.090038 0.000503 0.040531 0.000001
0.049386 0.656827 0.160586 0.090946 0.000519 0.041735 0.000001
0.048627 0.656449 0.160807 0.091363 0.000515 0.042239 0.000001
0.046310 0.654869 0.162724 0.092552 0.000546 0.042999 0.000001
0.044474 0.652625 0.164677 0.093546 0.000553 0.044123 0.000001
0.045132 0.650562 0.165138 0.093999 0.000565 0.044604 0.000001
0.046778 0.645490 0.166704 0.094887 0.000571 0.045568 0.000001
0.045054 0.646138 0.167180 0.095209 0.000579 0.045837 0.000002
0.045320 0.643965 0.168129 0.095632 0.000574 0.046378 0.000003
0.044673 0.641362 0.169522 0.096341 0.000588 0.047512 0.000003
0.043984 0.640047 0.170121 0.097096 0.000594 0.048156 0.000001
0.043070 0.637469 0.171964 0.097728 0.000607 0.049160 0.000001
0.041091 0.636974 0.173046 0.098516 0.000608 0.049764 0.000002
0.040967 0.635988 0.173321 0.098919 0.000611 0.050192 0.000002
0.039177 0.635046 0.174643 0.099435 0.000627 0.051070 0.000002
0.039185 0.629834 0.177069 0.100839 0.000651 0.052419 0.000002
0.041024 0.625650 0.178030 0.101365 0.000659 0.053268 0.000003
0.044982 0.622112 0.177857 0.101028 0.000666 0.053353 0.000002
0.041557 0.621940 0.179426 0.102062 0.000674 0.054340 0.000002
0.042671 0.619395 0.179815 0.102439 0.000680 0.055000 0.000001
0.042105 0.618319 0.180485 0.102663 0.000699 0.055726 0.000002
0.038811 0.614996 0.183738 0.104267 0.000706 0.057481 0.000001
0.039736 0.614929 0.183129 0.104093 0.000706 0.057406 0.000002
0.041103 0.611827 0.184007 0.104423 0.000713 0.057924 0.000003
0.039237 0.612564 0.184060 0.104836 0.000716 0.058584 0.000002
0.038022 0.608566 0.186831 0.105843 0.000741 0.059995 0.000002
0.033023 0.608736 0.189004 0.107160 0.000745 0.061328 0.000004
0.034770 0.604879 0.189635 0.107878 0.000759 0.062076 0.000002
0.033806 0.605138 0.190131 0.107793 0.000774 0.062355 0.000003
0.032189 0.602313 0.191817 0.109128 0.000767 0.063783 0.000003
0.031911 0.600829 0.192843 0.109330 0.000791 0.064294 0.000003
0.029929 0.598774 0.194637 0.110318 0.000801 0.065537 0.000004
0.030200 0.596916 0.194868 0.110802 0.000803 0.066409 0.000004
0.029939 0.595531 0.195729 0.110925 0.000826 0.067046 0.000004
0.026802 0.594240 0.197516 0.112490 0.000835 0.068113 0.000004
0.026529 0.591548 0.199042 0.112633 0.000848 0.069396 0.000004
0.025990 0.588825 0.200333 0.113729 0.000855 0.070265 0.000003
0.032138 0.585109 0.198736 0.112791 0.000852 0.070372 0.000004
0.035495 0.580928 0.198882 0.112917 0.000867 0.070907 0.000004
0.035420 0.578895 0.199602 0.113576 0.000879 0.071623 0.000004
0.034962 0.577667 0.200180 0.113744 0.000877 0.072565 0.000005
0.030868 0.577539 0.202324 0.114781 0.000880 0.073604 0.000004
0.031113 0.573091 0.203856 0.115904 0.000897 0.075134 0.000005
0.036066 0.570265 0.202790 0.114994 0.000900 0.074979 0.000006
0.033524 0.569352 0.204228 0.116029 0.000909 0.075953 0.000006
0.032821 0.567906 0.204924 0.116458 0.000919 0.076965 0.000006
0.030861 0.566934 0.206183 0.117248 0.000931 0.077833 0.000009
0.030157 0.563605 0.208039 0.117892 0.000954 0.079346 0.000008
0.031332 0.562626 0.207631 0.117821 0.000959 0.079625 0.000006
0.029273 0.561277 0.209016 0.118617 0.000976 0.080835 0.000006
0.027234 0.559289 0.210905 0.119530 0.000985 0.082051 0.000005
0.028136 0.558496 0.210430 0.119658 0.000993 0.082283 0.000004
0.028675 0.557014 0.210673 0.119682 0.001003 0.082947 0.000006
0.026529 0.554304 0.212754 0.120789 0.000993 0.084623 0.000008
0.026852 0.553090 0.213086 0.120701 0.001024 0.085241 0.000006
0.024029 0.552390 0.214467 0.121678 0.001059 0.086371 0.000008
0.022470 0.550432 0.215882 0.122574 0.001034 0.087597 0.000010
0.023429 0.547690 0.216277 0.122765 0.001064 0.088765 0.000010
0.020965 0.545476 0.218094 0.124102 0.001082 0.090271 0.000009
0.021243 0.545665 0.217899 0.123887 0.001070 0.090225 0.000010
0.021429 0.542937 0.218605 0.124302 0.001100 0.091618 0.000008
0.020106 0.540611 0.220257 0.124975 0.001132 0.092910 0.000009
0.019808 0.538260 0.221078 0.125677 0.001125 0.094043 0.000008
0.020057 0.538744 0.220810 0.125338 0.001143 0.093899 0.000010
0.019180 0.535296 0.222501 0.126190 0.001140 0.095686 0.000008
0.017907 0.532149 0.224371 0.127150 0.001161 0.097253 0.000010
0.017716 0.531069 0.224564 0.127767 0.001171 0.097706 0.000008
0.017791 0.529854 0.224980 0.127595 0.001183 0.098589 0.000009
0.017965 0.528664 0.225303 0.127827 0.001174 0.099059 0.000008
0.017384 0.524825 0.226921 0.128670 0.001204 0.100987 0.000009
0.017162 0.523915 0.227202 0.128971 0.001185 0.101556 0.000010
0.016742 0.521509 0.228293 0.129508 0.001191 0.102746 0.000011
0.016663 0.519580 0.228599 0.129984 0.001230 0.103933 0.000011
0.016413 0.519150 0.229254 0.129797 0.001239 0.104134 0.000013
0.016487 0.515731 0.229842 0.130684 0.001266 0.105980 0.000010
0.016158 0.515138 0.230429 0.130838 0.001266 0.106160 0.000012
0.015434 0.512362 0.231880 0.131696 0.001279 0.107336 0.000013
0.015833 0.510606 0.232000 0.131646 0.001307 0.108597 0.000012
0.014946 0.507169 0.233684 0.132697 0.001303 0.110190 0.000011
0.015099 0.507402 0.233300 0.132767 0.001303 0.110116 0.000013
0.014652 0.503721 0.234816 0.133318 0.001322 0.112160 0.000011
0.015096 0.502660 0.234688 0.133419 0.001346 0.112779 0.000012
0.014882 0.500648 0.235518 0.133790 0.001324 0.113828 0.000010
0.014635 0.498732 0.236054 0.134125 0.001368 0.115075 0.000011
0.014688 0.497310 0.236583 0.134390 0.001362 0.115652 0.000014
0.014476 0.495574 0.237146 0.134718 0.001392 0.116681 0.000014
0.014487 0.493160 0.238081 0.135207 0.001375 0.117675 0.000015
0.014524 0.492280 0.238208 0.135386 0.001381 0.118208 0.000013
0.014282 0.488559 0.239433 0.136216 0.001419 0.120078 0.000012
0.014299 0.488052 0.239347 0.136056 0.001407 0.120827 0.000012
0.014080 0.485323 0.240644 0.136631 0.001437 0.121874 0.000011
0.014209 0.484708 0.240701 0.136366 0.001433 0.122570 0.000012
0.014062 0.482220 0.241478 0.137005 0.001468 0.123753 0.000014
0.013801 0.479595 0.242225 0.137526 0.001470 0.125372 0.000011
0.014060 0.478250 0.242030 0.137843 0.001494 0.126314 0.000011
0.013875 0.477785 0.242373 0.137772 0.001486 0.126699 0.000010
0.013586 0.475438 0.243269 0.138207 0.001487 0.128002 0.000012
0.013653 0.473990 0.243869 0.138184 0.001508 0.128783 0.000013
0.013589 0.471806 0.244363 0.138636 0.001522 0.130071 0.000013
0.013520 0.470394 0.244669 0.138734 0.001515 0.131153 0.000015
0.013231 0.466912 0.246052 0.139462 0.001532 0.132798 0.000012
0.013468 0.466398 0.245982 0.139386 0.001561 0.133190 0.000014
0.013282 0.464162 0.246431 0.139949 0.001567 0.134597 0.000013
0.013355 0.464166 0.246354 0.139851 0.001564 0.134697 0.000013
0.013342 0.461781 0.247132 0.140146 0.001614 0.135972 0.000014
0.013184 0.458877 0.248019 0.140814 0.001609 0.137484 0.000013
0.013083 0.456969 0.248320 0.141234 0.001599 0.138782 0.000014
0.013197 0.456818 0.248241 0.141038 0.001635 0.139056 0.000015
0.013086 0.454348 0.249120 0.141270 0.001628 0.140534 0.000015
0.013087 0.452306 0.249565 0.141597 0.001648 0.141784 0.000013
0.012994 0.450917 0.250121 0.141848 0.001654 0.142453 0.000012
0.012973 0.451333 0.249561 0.141801 0.001653 0.142664 0.000016
0.012899 0.448019 0.250577 0.142099 0.001671 0.144721 0.000014
0.012868 0.444788 0.251438 0.142584 0.001691 0.146614 0.000016
0.012806 0.444738 0.251339 0.142829 0.001687 0.146584 0.000016
0.012716 0.442308 0.252200 0.142878 0.001734 0.148148 0.000015
0.012983 0.441094 0.252280 0.143153 0.001689 0.148787 0.000015
0.012765 0.438453 0.252677 0.143843 0.001758 0.150487 0.000016
0.012718 0.436354 0.253614 0.143713 0.001772 0.151814 0.000016
0.012707 0.436205 0.253311 0.143708 0.001762 0.152290 0.000017
0.012717 0.436130 0.253364 0.143609 0.001738 0.152424 0.000018
0.012585 0.433365 0.254024 0.144395 0.001757 0.153859 0.000015
0.012741 0.431035 0.254351 0.144281 0.001753 0.155822 0.000017
0.012751 0.430613 0.254826 0.144578 0.001768 0.155447 0.000016
0.012560 0.427731 0.255576 0.144925 0.001796 0.157390 0.000022
0.012419 0.427590 0.255615 0.145154 0.001781 0.157422 0.000018
0.012615 0.423806 0.256258 0.145671 0.001853 0.159778 0.000019
0.012600 0.423262 0.256239 0.145674 0.001874 0.160332 0.000019
0.012579 0.423002 0.256278 0.145427 0.001819 0.160874 0.000021
0.012436 0.420500 0.256903 0.145733 0.001844 0.162565 0.000019
0.012512 0.419463 0.256888 0.145973 0.001858 0.163285 0.000021
0.012241 0.416426 0.257792 0.146545 0.001898 0.165078 0.000020
0.012351 0.415985 0.257648 0.146421 0.001883 0.165689 0.000023
0.012395 0.415684 0.257936 0.146400 0.001890 0.165675 0.000020
0.012353 0.412405 0.258666 0.146815 0.001902 0.167839 0.000020
0.012359 0.411188 0.258788 0.146972 0.001911 0.168763 0.000021
0.012183 0.408690 0.259641 0.147167 0.001936 0.170359 0.000023
0.012211 0.408092 0.259553 0.147294 0.001943 0.170888 0.000019
0.012195 0.407057 0.259674 0.147247 0.001943 0.171866 0.000018
0.012348 0.405780 0.259926 0.147295 0.001983 0.172646 0.000022
0.012210 0.403406 0.260565 0.147760 0.002001 0.174036 0.000023
0.012270 0.403183 0.260033 0.147654 0.001994 0.174840 0.000025
0.012191 0.401468 0.260431 0.147875 0.002023 0.175989 0.000022
0.012153 0.400075 0.260641 0.147956 0.002026 0.177128 0.000021
0.012023 0.396785 0.261676 0.148400 0.002029 0.179065 0.000022
0.012079 0.397710 0.260969 0.147960 0.002027 0.179234 0.000022
0.012128 0.396155 0.261382 0.147899 0.002068 0.180346 0.000022
0.011926 0.392821 0.261841 0.148626 0.002068 0.182693 0.000024
0.011957 0.391614 0.262336 0.148477 0.002089 0.183507 0.000019
0.012130 0.391559 0.262330 0.148372 0.002079 0.183507 0.000024
0.012016 0.387709 0.263100 0.148811 0.002128 0.186210 0.000025
0.012036 0.387600 0.262911 0.149124 0.002097 0.186208 0.000023
0.012140 0.386246 0.263034 0.149036 0.002118 0.187403 0.000024
0.012067 0.386071 0.263053 0.148970 0.002110 0.187703 0.000026
0.012056 0.383837 0.263686 0.149178 0.002131 0.189088 0.000023
0.012165 0.381791 0.263625 0.149401 0.002144 0.190850 0.000024
0.011990 0.380529 0.263809 0.149653 0.002146 0.191846 0.000026
0.011936 0.378732 0.264233 0.149747 0.002145 0.193184 0.000022
0.012017 0.378326 0.264256 0.149607 0.002153 0.193616 0.000025
0.012094 0.375849 0.264627 0.150041 0.002184 0.195179 0.000026
0.012033 0.376079 0.264611 0.149672 0.002184 0.195395 0.000026
0.012041 0.374941 0.264735 0.149973 0.002210 0.196076 0.000024
0.012130 0.371577 0.265127 0.150189 0.002254 0.198699 0.000024
0.011895 0.370292 0.265616 0.150112 0.002235 0.199825 0.000026
0.011884 0.369854 0.265287 0.150336 0.002214 0.200398 0.000027
0.012114 0.368199 0.265668 0.150198 0.002246 0.201547 0.000027
0.012074 0.367813 0.265415 0.150307 0.002264 0.202099 0.000028
0.012021 0.364993 0.266141 0.150597 0.002250 0.203972 0.000025
0.011898 0.364620 0.265857 0.150600 0.002249 0.204754 0.000024
0.012056 0.363871 0.265947 0.150873 0.002252 0.204971 0.000029
0.011848 0.360758 0.266574 0.151075 0.002296 0.207417 0.000031
0.011955 0.359307 0.266879 0.150937 0.002303 0.208591 0.000028
0.012145 0.358227 0.266777 0.151300 0.002329 0.209189 0.000033
0.011897 0.359799 0.266486 0.150987 0.002303 0.208493 0.000035
0.011932 0.357093 0.266843 0.151094 0.002333 0.210673 0.000032
0.012114 0.354609 0.267135 0.151397 0.002347 0.212363 0.000034
0.011941 0.353727 0.267192 0.151350 0.002329 0.213422 0.000038
0.012051 0.352394 0.267283 0.151272 0.002365 0.214603 0.000031
0.012024 0.352203 0.267217 0.151395 0.002388 0.214735 0.000039
0.012228 0.350040 0.267321 0.151494 0.002412 0.216469 0.000037
0.011942 0.349261 0.267748 0.151199 0.002403 0.217410 0.000037
0.012130 0.348470 0.267075 0.151710 0.002387 0.218195 0.000034
0.011834 0.346411 0.267719 0.151626 0.002415 0.219959 0.000037
0.011838 0.345028 0.268007 0.151270 0.002463 0.221358 0.000034
0.011831 0.343859 0.268142 0.151730 0.002440 0.221963 0.000034
0.011929 0.343502 0.267958 0.151787 0.002465 0.222319 0.000040
0.011898 0.341876 0.268304 0.151702 0.002423 0.223760 0.000037
0.011969 0.341343 0.268003 0.151538 0.002464 0.224650 0.000034
0.011934 0.339625 0.268208 0.151739 0.002447 0.226011 0.000036
0.011929 0.338127 0.268451 0.151556 0.002515 0.227386 0.000036
0.012030 0.337414 0.268166 0.152089 0.002506 0.227755 0.000040
0.012032 0.335285 0.268445 0.152057 0.002465 0.229677 0.000038
0.011943 0.334516 0.268562 0.151795 0.002510 0.230634 0.000040
0.012015 0.333500 0.268745 0.151833 0.002531 0.231338 0.000038
0.011976 0.332245 0.268652 0.151990 0.002523 0.232575 0.000039
0.011965 0.331825 0.268725 0.151796 0.002520 0.233132 0.000037
0.012011 0.330637 0.268654 0.152123 0.002555 0.233981 0.000039
0.012082 0.330066 0.268570 0.151905 0.002571 0.234768 0.000038
0.011867 0.328220 0.268945 0.151872 0.002599 0.236455 0.000043
0.012000 0.327350 0.268841 0.151771 0.002569 0.237431 0.000039
0.011870 0.325636 0.269020 0.151915 0.002593 0.238926 0.000040
0.012126 0.323981 0.269369 0.152248 0.002612 0.239628 0.000037
0.012002 0.323343 0.269094 0.152094 0.002656 0.240773 0.000036
0.012072 0.321651 0.269309 0.152139 0.002617 0.242174 0.000038
0.011994 0.321990 0.269312 0.151789 0.002627 0.242249 0.000039
0.012042 0.319605 0.269405 0.151830 0.002646 0.244436 0.000036
0.012230 0.319059 0.269211 0.151903 0.002676 0.244885 0.000036
0.012134 0.316318 0.269667 0.152141 0.002674 0.247026 0.000041
0.012170 0.316578 0.269803 0.151751 0.002688 0.246970 0.000039
0.011996 0.314449 0.269590 0.152221 0.002694 0.249009 0.000044
0.012015 0.314936 0.269416 0.152034 0.002702 0.248856 0.000040
0.012152 0.313816 0.269527 0.152366 0.002675 0.249423 0.000040
0.011985 0.311991 0.269613 0.152221 0.002754 0.251394 0.000043
0.011994 0.311119 0.269861 0.152067 0.002739 0.252176 0.000043
0.012245 0.309967 0.269499 0.151991 0.002760 0.253496 0.000042
0.012062 0.308348 0.269465 0.152327 0.002784 0.254979 0.000036
0.012040 0.306488 0.269730 0.152480 0.002813 0.256407 0.000042
0.012200 0.306432 0.269501 0.152185 0.002819 0.256820 0.000043
0.012181 0.305802 0.269360 0.152350 0.002793 0.257471 0.000043
0.012087 0.303678 0.269398 0.152154 0.002842 0.259798 0.000044
0.012210 0.303088 0.269221 0.152318 0.002845 0.260268 0.000049
0.012256 0.301654 0.269246 0.152521 0.002845 0.261434 0.000043
0.012357 0.299720 0.269541 0.152288 0.002847 0.263200 0.000048
0.012360 0.300058 0.269236 0.152408 0.002873 0.263023 0.000042
0.012326 0.299286 0.269404 0.152051 0.002837 0.264051 0.000045
0.012393 0.297985 0.268930 0.152479 0.002845 0.265322 0.000045
0.012341 0.296677 0.269258 0.152644 0.002857 0.266176 0.000048
0.012393 0.296271 0.269278 0.151974 0.002884 0.267158 0.000042
0.012472 0.294283 0.269054 0.152096 0.002900 0.269150 0.000047
0.012394 0.293337 0.268988 0.152172 0.002898 0.270165 0.000047
0.012401 0.292129 0.269207 0.152205 0.002937 0.271074 0.000047
0.012397 0.290829 0.269166 0.152164 0.002928 0.272468 0.000048
0.012365 0.290117 0.269180 0.152190 0.002952 0.273155 0.000042
0.012316 0.288776 0.269374 0.152252 0.002990 0.274243 0.000049
0.012391 0.288555 0.269013 0.151891 0.002985 0.275122 0.000044
0.012269 0.287039 0.268946 0.151985 0.002987 0.276718 0.000055
0.012539 0.286302 0.268736 0.151988 0.002968 0.277413 0.000055
0.012496 0.285248 0.269074 0.152031 0.003002 0.278096 0.000053
0.012312 0.284980 0.268560 0.152052 0.002983 0.279062 0.000051
0.012387 0.283419 0.268547 0.151934 0.003004 0.280654 0.000054
0.012451 0.282345 0.268599 0.152004 0.003005 0.281543 0.000054
0.012461 0.281261 0.268791 0.151923 0.003062 0.282444 0.000057
0.012526 0.280634 0.268311 0.151865 0.003035 0.283571 0.000058
0.012600 0.279758 0.268503 0.151514 0.003031 0.284541 0.000054
0.012498 0.278826 0.268456 0.151844 0.003040 0.285279 0.000056
0.012530 0.277092 0.268315 0.151473 0.003037 0.287497 0.000056
0.012500 0.277820 0.267573 0.151783 0.003034 0.287236 0.000054
0.012542 0.275883 0.268075 0.151450 0.003072 0.288919 0.000060
0.012695 0.275325 0.267999 0.151704 0.003094 0.289124 0.000058
0.012575 0.274635 0.267514 0.151515 0.003084 0.290619 0.000058
0.012664 0.272775 0.267942 0.151375 0.003129 0.292061 0.000055
0.012752 0.272363 0.267508 0.151707 0.003090 0.292520 0.000060
0.012578 0.271859 0.267698 0.151430 0.003095 0.293277 0.000063
0.012840 0.269474 0.267462 0.151428 0.003115 0.295627 0.000055
0.012765 0.269334 0.267264 0.151429 0.003148 0.296008 0.000051
0.012843 0.268019 0.267073 0.151711 0.003147 0.297146 0.000062
0.012726 0.268202 0.266988 0.151482 0.003092 0.297444 0.000066
0.012853 0.266570 0.266867 0.151311 0.003178 0.299157 0.000064
0.012890 0.265325 0.266832 0.151453 0.003201 0.300236 0.000062
0.012880 0.265278 0.266864 0.150956 0.003174 0.300790 0.000057
0.012738 0.263114 0.266915 0.151232 0.003201 0.302735 0.000065
0.012661 0.263271 0.266567 0.151054 0.003226 0.303156 0.000065
0.012854 0.262334 0.266268 0.150838 0.003184 0.304460 0.000061
0.012811 0.261613 0.266110 0.151545 0.003197 0.304659 0.000064
0.012763 0.260371 0.266294 0.151097 0.003233 0.306184 0.000059
0.012747 0.259951 0.266281 0.151029 0.003218 0.306708 0.000066
0.013003 0.258498 0.265971 0.150620 0.003277 0.308566 0.000065
0.013003 0.256084 0.266218 0.150696 0.003234 0.310697 0.000067
0.013001 0.257658 0.265695 0.150609 0.003241 0.309732 0.000065
0.013123 0.255097 0.265725 0.150469 0.003241 0.312279 0.000066
0.012962 0.255135 0.265590 0.150407 0.003300 0.312537 0.000068
0.013155 0.253728 0.265563 0.150437 0.003322 0.313724 0.000072
0.013108 0.253848 0.265327 0.150137 0.003289 0.314223 0.000067
0.013018 0.252741 0.265053 0.150495 0.003301 0.315319 0.000074
0.013168 0.250644 0.265222 0.150133 0.003312 0.317448 0.000074
0.013821 0.250810 0.264774 0.150108 0.003318 0.317100 0.000069
0.029131 0.249144 0.259545 0.147263 0.003265 0.311578 0.000073
0.031889 0.249035 0.257844 0.146263 0.003273 0.311620 0.000075
0.029363 0.248818 0.258852 0.146417 0.003289 0.313196 0.000066
0.030342 0.248319 0.257734 0.146232 0.003294 0.314011 0.000068
0.030151 0.247766 0.257447 0.146215 0.003318 0.315028 0.000076
0.028432 0.248460 0.257837 0.146137 0.003321 0.315741 0.000072
0.029397 0.248523 0.256794 0.146095 0.003281 0.315841 0.000071
0.025439 0.247890 0.258581 0.146629 0.003313 0.318066 0.000082
0.028357 0.247896 0.256287 0.145293 0.003320 0.318775 0.000072
0.023862 0.247216 0.257891 0.146507 0.003343 0.321104 0.000077
0.025051 0.248012 0.256869 0.145929 0.003358 0.320703 0.000079
0.021966 0.245664 0.258458 0.146475 0.003371 0.323996 0.000069
0.021259 0.245190 0.258311 0.146509 0.003358 0.325289 0.000084
0.020573 0.244699 0.258668 0.146471 0.003409 0.326108 0.000073
0.021450 0.244968 0.257702 0.145837 0.003363 0.326597 0.000083
0.019366 0.243992 0.258726 0.146733 0.003376 0.327733 0.000075
0.019709 0.244079 0.258060 0.146304 0.003398 0.328365 0.000086
0.018709 0.242684 0.258377 0.146489 0.003429 0.330223 0.000089
0.017513 0.240034 0.259131 0.146973 0.003443 0.332826 0.000080
0.016646 0.238439 0.259701 0.147075 0.003494 0.334562 0.000083
0.018054 0.241188 0.257908 0.146218 0.003394 0.333152 0.000087
0.016510 0.237525 0.258992 0.146959 0.003441 0.336490 0.000083
0.017135 0.239394 0.258142 0.146638 0.003429 0.335174 0.000088
0.017283 0.238497 0.257325 0.146213 0.003454 0.337141 0.000088
0.015827 0.235650 0.259029 0.146706 0.003468 0.339226 0.000093
0.016410 0.236065 0.258195 0.146304 0.003507 0.339438 0.000081
0.015769 0.234146 0.258698 0.146532 0.003583 0.341185 0.000086
0.015414 0.231760 0.258676 0.146632 0.003494 0.343931 0.000093
0.015466 0.232198 0.258748 0.146720 0.003567 0.343223 0.000077
0.015802 0.231792 0.257457 0.146577 0.003550 0.344733 0.000089
0.015600 0.231519 0.257672 0.146365 0.003541 0.345214 0.000089
0.015033 0.229283 0.258336 0.146421 0.003546 0.347286 0.000095
0.015068 0.229449 0.257843 0.146403 0.003587 0.347553 0.000097
0.015647 0.229767 0.257089 0.145772 0.003553 0.348082 0.000091
0.015140 0.227822 0.257650 0.146041 0.003592 0.349665 0.000090
0.015413 0.228366 0.256980 0.145758 0.003592 0.349803 0.000088
0.014973 0.226579 0.257202 0.146086 0.003575 0.351498 0.000087
0.014569 0.224130 0.258056 0.146210 0.003628 0.353314 0.000094
0.014522 0.222733 0.257532 0.146098 0.003638 0.355385 0.000093
0.014880 0.223622 0.256961 0.145662 0.003614 0.355167 0.000094
0.014246 0.220526 0.257935 0.146013 0.003669 0.357511 0.000099
0.015169 0.223701 0.256342 0.145104 0.003650 0.355931 0.000103
0.014773 0.220826 0.257256 0.145692 0.003674 0.357677 0.000100
0.015145 0.221203 0.255996 0.145412 0.003657 0.358484 0.000104
0.014589 0.219933 0.256215 0.144989 0.003723 0.360453 0.000099
0.014239 0.217262 0.256729 0.145807 0.003696 0.362171 0.000096
0.014632 0.218405 0.256165 0.145092 0.003715 0.361892 0.000099
0.014291 0.216982 0.256564 0.145650 0.003677 0.362741 0.000095
0.014455 0.215548 0.256248 0.145343 0.003694 0.364606 0.000106
0.014608 0.216898 0.255345 0.145245 0.003697 0.364106 0.000101
0.014411 0.214848 0.255694 0.145386 0.003801 0.365759 0.000102
0.014600 0.214703 0.254889 0.144972 0.003722 0.367016 0.000098
0.014596 0.213099 0.255221 0.144769 0.003755 0.368457 0.000104
0.014685 0.212592 0.254700 0.144614 0.003771 0.369527 0.000110
0.014615 0.212596 0.254578 0.144480 0.003761 0.369860 0.000110
0.014716 0.212060 0.254556 0.144381 0.003782 0.370400 0.000105
0.014797 0.211966 0.254675 0.144131 0.003744 0.370583 0.000104
0.014718 0.210368 0.253714 0.144622 0.003781 0.372685 0.000112
0.014739 0.210179 0.253958 0.143855 0.003809 0.373348 0.000112
0.014962 0.207943 0.253766 0.143967 0.003808 0.375451 0.000103
0.014715 0.207183 0.253668 0.143763 0.003847 0.376718 0.000105
0.014763 0.207244 0.253266 0.143702 0.003851 0.377060 0.000114
0.014860 0.207376 0.253066 0.143732 0.003794 0.377070 0.000102
0.014768 0.205884 0.253109 0.143311 0.003833 0.378997 0.000098
0.014752 0.205756 0.252811 0.143292 0.003859 0.379420 0.000110
0.015085 0.204395 0.252490 0.143438 0.003854 0.380624 0.000114
0.014934 0.203155 0.252491 0.143111 0.003894 0.382301 0.000115
0.014929 0.206142 0.251811 0.142692 0.003816 0.380504 0.000106
0.014972 0.202999 0.251868 0.143093 0.003881 0.383083 0.000105
0.014702 0.202528 0.251805 0.142789 0.003861 0.384198 0.000117
0.014798 0.200940 0.251778 0.142843 0.003889 0.385632 0.000120
0.014935 0.201434 0.251543 0.142321 0.003894 0.385758 0.000115
0.014906 0.200916 0.251102 0.142194 0.003896 0.386867 0.000119
0.015205 0.199579 0.250986 0.142127 0.003884 0.388101 0.000118
0.014976 0.199301 0.251054 0.142414 0.003905 0.388228 0.000122
0.014947 0.199740 0.250398 0.141813 0.003958 0.389033 0.000111
0.015058 0.196359 0.250602 0.142182 0.003950 0.391738 0.000113
0.015289 0.197082 0.250519 0.141632 0.003966 0.391394 0.000117
0.015064 0.196309 0.250164 0.141480 0.003969 0.392904 0.000111
0.015286 0.196932 0.249454 0.141553 0.003965 0.392701 0.000109
0.015315 0.194671 0.249264 0.141373 0.003937 0.395314 0.000126
0.015467 0.196383 0.248865 0.140980 0.003994 0.394194 0.000118
0.015394 0.195372 0.248610 0.141212 0.004022 0.395269 0.000121
0.015357 0.193192 0.248747 0.141093 0.004019 0.397471 0.000121
0.015265 0.192248 0.249225 0.140915 0.003980 0.398242 0.000125
0.015381 0.192791 0.248038 0.141008 0.004013 0.398654 0.000114
0.015250 0.191651 0.248369 0.140752 0.004026 0.399832 0.000120
0.015585 0.190748 0.247852 0.140278 0.004063 0.401342 0.000132
0.015471 0.191115 0.247677 0.140637 0.004066 0.400910 0.000123
0.015572 0.189999 0.247511 0.140144 0.004069 0.402584 0.000120
0.015447 0.189032 0.247191 0.140529 0.004019 0.403651 0.000131
0.015534 0.189342 0.247100 0.140103 0.004059 0.403743 0.000119
0.015575 0.187655 0.247003 0.140128 0.004017 0.405498 0.000123
0.015507 0.187328 0.246732 0.139904 0.004056 0.406349 0.000123
0.015823 0.188807 0.246310 0.139760 0.004032 0.405146 0.000122
0.015572 0.186974 0.245770 0.139346 0.004038 0.408178 0.000123
0.015606 0.186086 0.246568 0.139437 0.004032 0.408150 0.000121
0.015776 0.186425 0.245466 0.139314 0.004070 0.408830 0.000119
0.015677 0.185404 0.245423 0.138902 0.004046 0.410417 0.000131
0.015594 0.184220 0.244923 0.138975 0.004116 0.412042 0.000130
0.015541 0.183047 0.245308 0.139068 0.004045 0.412878 0.000114
0.015663 0.183133 0.244952 0.138756 0.004093 0.413283 0.000121
0.015851 0.183873 0.244060 0.138494 0.004067 0.413523 0.000133
0.015693 0.182421 0.244312 0.138427 0.004093 0.414932 0.000122
0.015861 0.181283 0.244023 0.138483 0.004137 0.416089 0.000123
0.015905 0.180819 0.243867 0.138166 0.004111 0.417008 0.000124
0.015785 0.180683 0.243555 0.138108 0.004154 0.417590 0.000125
0.015882 0.179104 0.243424 0.137993 0.004181 0.419291 0.000126
0.015943 0.179038 0.243381 0.137778 0.004124 0.419602 0.000134
0.016075 0.178100 0.243162 0.137625 0.004173 0.420737 0.000127
0.016253 0.178139 0.242651 0.137282 0.004121 0.421427 0.000126
0.016063 0.178209 0.242287 0.137234 0.004207 0.421868 0.000131
0.016163 0.178575 0.242131 0.136911 0.004182 0.421914 0.000124
0.016058 0.176360 0.242195 0.137201 0.004167 0.423892 0.000126
0.016185 0.175741 0.241529 0.136675 0.004217 0.425505 0.000147
0.015985 0.175528 0.241363 0.136640 0.004220 0.426141 0.000123
0.016198 0.174328 0.241087 0.136387 0.004172 0.427692 0.000135
0.016400 0.173889 0.240802 0.136231 0.004193 0.428351 0.000135
0.016315 0.175318 0.240504 0.136556 0.004164 0.427012 0.000132
0.016514 0.173167 0.239947 0.135973 0.004237 0.430024 0.000138
0.016328 0.173564 0.240006 0.135875 0.004200 0.429897 0.000130
0.016419 0.171862 0.239734 0.135548 0.004244 0.432047 0.000146
0.016376 0.171387 0.239694 0.135805 0.004291 0.432322 0.000125
0.016566 0.171891 0.239244 0.135917 0.004227 0.432014 0.000141
0.016507 0.170972 0.238886 0.135605 0.004284 0.433604 0.000143
0.016365 0.170244 0.238603 0.135610 0.004264 0.434782 0.000132
0.016530 0.170761 0.238493 0.135294 0.004215 0.434565 0.000142
0.016566 0.169491 0.238260 0.135334 0.004287 0.435917 0.000144
0.016790 0.169541 0.237933 0.134888 0.004309 0.436406 0.000134
0.016619 0.168767 0.237956 0.135007 0.004238 0.437266 0.000146
0.016741 0.168676 0.237138 0.134616 0.004280 0.438408 0.000140
0.016871 0.167007 0.237632 0.134479 0.004218 0.439648 0.000145
0.016864 0.168355 0.237039 0.134463 0.004248 0.438883 0.000148
0.016910 0.166805 0.236564 0.134448 0.004302 0.440834 0.000138
0.016993 0.165380 0.236611 0.134126 0.004281 0.442474 0.000136
0.017029 0.165590 0.236547 0.133858 0.004303 0.442520 0.000152
0.016855 0.164924 0.236234 0.134218 0.004287 0.443338 0.000144
0.017062 0.164961 0.235427 0.134008 0.004259 0.444131 0.000153
0.016933 0.165622 0.235513 0.133823 0.004326 0.443626 0.000156
0.017119 0.165281 0.235133 0.133401 0.004290 0.444622 0.000154
0.017160 0.164924 0.234544 0.133395 0.004308 0.445524 0.000144
0.017259 0.163908 0.234471 0.133434 0.004402 0.446374 0.000152
0.017277 0.163955 0.234251 0.132835 0.004373 0.447167 0.000144
0.017332 0.161534 0.233767 0.132694 0.004356 0.450173 0.000143
0.017175 0.161383 0.233622 0.133140 0.004353 0.450179 0.000148
0.017383 0.161329 0.233067 0.132530 0.004435 0.451114 0.000142
0.017449 0.161257 0.233471 0.132315 0.004356 0.450986 0.000166
0.017770 0.162195 0.232938 0.132398 0.004378 0.450167 0.000155
0.017431 0.160193 0.232739 0.131985 0.004364 0.453139 0.000149
0.017528 0.160284 0.232231 0.132218 0.004356 0.453226 0.000157
0.017448 0.159954 0.232558 0.131658 0.004361 0.453873 0.000148
0.017282 0.159100 0.232328 0.132023 0.004409 0.454694 0.000164
0.017536 0.159787 0.231754 0.131287 0.004315 0.455158 0.000163
0.017609 0.158405 0.231530 0.131060 0.004378 0.456855 0.000163
0.017580 0.157468 0.231149 0.131389 0.004428 0.457822 0.000164
0.017521 0.157259 0.230858 0.131165 0.004434 0.458608 0.000156
0.017616 0.156466 0.230420 0.131137 0.004411 0.459785 0.000165
0.018003 0.157307 0.230176 0.130902 0.004442 0.459011 0.000159
0.017768 0.156264 0.230276 0.130968 0.004466 0.460103 0.000154
0.017747 0.155317 0.229917 0.130613 0.004444 0.461812 0.000151
0.018090 0.156052 0.229422 0.130472 0.004417 0.461386 0.000161
0.017910 0.153955 0.229289 0.130293 0.004439 0.463952 0.000162
0.018006 0.154064 0.228903 0.130353 0.004448 0.464069 0.000157
0.017877 0.154347 0.228825 0.130234 0.004440 0.464106 0.000172
0.018026 0.153745 0.228544 0.129968 0.004420 0.465125 0.000173
0.018163 0.152590 0.228033 0.129368 0.004457 0.467218 0.000171
0.018190 0.152868 0.228027 0.129536 0.004488 0.466719 0.000172
0.018149 0.151703 0.227549 0.129452 0.004484 0.468495 0.000168
0.018181 0.151564 0.227263 0.129017 0.004471 0.469336 0.000170
0.018220 0.151049 0.227018 0.128684 0.004476 0.470382 0.000170
0.018410 0.151276 0.226797 0.128676 0.004458 0.470224 0.000160
0.018165 0.151209 0.226283 0.128735 0.004452 0.470981 0.000173
0.018397 0.152840 0.226139 0.128716 0.004428 0.469309 0.000171
0.018570 0.149878 0.225612 0.128329 0.004500 0.472946 0.000165
0.018492 0.150930 0.225576 0.128575 0.004549 0.471706 0.000172
0.018614 0.148814 0.225119 0.128028 0.004517 0.474748 0.000159
0.018676 0.148648 0.224819 0.127925 0.004514 0.475241 0.000178
0.018757 0.148620 0.224282 0.127667 0.004486 0.476008 0.000181
0.018495 0.148534 0.224587 0.127643 0.004525 0.476040 0.000177
0.018707 0.147724 0.224302 0.127463 0.004512 0.477118 0.000176
0.018685 0.147199 0.223940 0.127048 0.004542 0.478411 0.000175
0.018628 0.147308 0.223900 0.127490 0.004525 0.477974 0.000175
0.018737 0.146937 0.223366 0.127076 0.004474 0.479245 0.000165
0.019073 0.146119 0.223351 0.126515 0.004517 0.480250 0.000175
0.018784 0.145545 0.222960 0.126937 0.004521 0.481082 0.000170
0.018831 0.145892 0.222681 0.126754 0.004546 0.481113 0.000183
0.018955 0.144598 0.222393 0.126431 0.004560 0.482884 0.000179
0.018806 0.145294 0.222050 0.126431 0.004507 0.482735 0.000177
0.019248 0.144981 0.221425 0.126201 0.004543 0.483413 0.000189
0.018929 0.144539 0.221480 0.126007 0.004525 0.484337 0.000183
0.019462 0.143678 0.220808 0.125707 0.004613 0.485558 0.000175
0.019299 0.142685 0.220388 0.125498 0.004599 0.487354 0.000177
0.019216 0.143337 0.220730 0.124997 0.004561 0.486989 0.000170
0.019273 0.142338 0.220424 0.125048 0.004585 0.488155 0.000177
0.019531 0.142971 0.219811 0.124725 0.004549 0.488242 0.000171
