0.999119 0.000854 0.000015 0.000012 0.000000 0.000000 0.000000
0.998678 0.001288 0.000017 0.000004 0.000000 0.000014 0.000000
0.998233 0.001719 0.000025 0.000008 0.000000 0.000015 0.000000
0.997777 0.002163 0.000033 0.000011 0.000000 0.000015 0.000000
0.997204 0.002727 0.000041 0.000013 0.000000 0.000014 0.000000
0.996694 0.003235 0.000043 0.000014 0.000000 0.000014 0.000000
0.996029 0.003879 0.000057 0.000020 0.000000 0.000014 0.000000
0.995403 0.004485 0.000075 0.000024 0.000000 0.000013 0.000000
0.994422 0.005459 0.000078 0.000029 0.000000 0.000012 0.000000
0.993382 0.006478 0.000090 0.000038 0.000000 0.000012 0.000000
0.991806 0.008027 0.000119 0.000037 0.000000 0.000011 0.000000
0.990098 0.009697 0.000147 0.000048 0.000000 0.000010 0.000000
0.987803 0.011956 0.000168 0.000064 0.000000 0.000009 0.000000
0.985812 0.013911 0.000192 0.000077 0.000000 0.000009 0.000000
0.982994 0.016648 0.000240 0.000107 0.000000 0.000011 0.000000
0.979567 0.020033 0.000274 0.000115 0.000000 0.000011 0.000000
0.974825 0.024662 0.000382 0.000122 0.000000 0.000009 0.000000
0.970408 0.029021 0.000401 0.000156 0.000000 0.000014 0.000000
0.965490 0.033804 0.000480 0.000211 0.000000 0.000014 0.000000
0.959035 0.040115 0.000572 0.000266 0.000000 0.000012 0.000000
0.953157 0.045754 0.000727 0.000349 0.000000 0.000013 0.000000
0.943295 0.055386 0.000895 0.000407 0.000000 0.000017 0.000000
0.936507 0.062061 0.000954 0.000458 0.000000 0.000019 0.000000
0.926480 0.071860 0.001123 0.000515 0.000000 0.000022 0.000000
0.915492 0.082612 0.001265 0.000592 0.000000 0.000038 0.000000
0.905395 0.092459 0.001453 0.000657 0.000000 0.000037 0.000000
0.892288 0.105204 0.001656 0.000816 0.000000 0.000036 0.000000
0.881235 0.115992 0.001794 0.000938 0.000000 0.000042 0.000000
0.867721 0.129067 0.002092 0.001074 0.000000 0.000047 0.000000
0.854597 0.141829 0.002307 0.001214 0.000000 0.000053 0.000000
0.839811 0.156140 0.002601 0.001382 0.000000 0.000067 0.000000
0.827806 0.167729 0.002867 0.001528 0.000000 0.000071 0.000000
0.811770 0.183233 0.003172 0.001748 0.000000 0.000077 0.000000
0.797782 0.196727 0.003502 0.001897 0.000001 0.000090 0.000000
0.785409 0.208609 0.003788 0.002083 0.000002 0.000109 0.000000
0.768454 0.224936 0.004194 0.002291 0.000002 0.000123 0.000000
0.754464 0.238339 0.004568 0.002489 0.000004 0.000136 0.000000
0.738699 0.253393 0.004995 0.002751 0.000004 0.000158 0.000000
0.723235 0.268161 0.005413 0.003020 0.000003 0.000167 0.000000
0.708768 0.281952 0.005821 0.003281 0.000003 0.000175 0.000000
0.694509 0.295378 0.006324 0.003586 0.000003 0.000200 0.000000
0.682235 0.307051 0.006675 0.003820 0.000003 0.000216 0.000000
0.667286 0.321214 0.007204 0.004056 0.000002 0.000238 0.000000
0.654379 0.333276 0.007764 0.004328 0.000003 0.000251 0.000000
0.639487 0.347202 0.008365 0.004671 0.000003 0.000272 0.000000
0.628001 0.357963 0.008829 0.004925 0.000002 0.000280 0.000000
0.613859 0.371208 0.009387 0.005225 0.000002 0.000319 0.000000
0.596583 0.387339 0.010094 0.005626 0.000002 0.000356 0.000000
0.583953 0.399015 0.010721 0.005912 0.000002 0.000398 0.000000
0.569901 0.411944 0.011415 0.006316 0.000002 0.000422 0.000000
0.557492 0.423412 0.011993 0.006647 0.000005 0.000452 0.000000
0.543749 0.435926 0.012709 0.007117 0.000006 0.000494 0.000000
0.531287 0.447353 0.013307 0.007508 0.000006 0.000539 0.000000
0.516632 0.460652 0.014137 0.007971 0.000006 0.000601 0.000000
0.506544 0.469678 0.014775 0.008364 0.000006 0.000632 0.000000
0.490678 0.483924 0.015763 0.008945 0.000007 0.000684 0.000000
0.481354 0.492217 0.016400 0.009305 0.000007 0.000718 0.000000
0.466456 0.505438 0.017437 0.009889 0.000007 0.000773 0.000000
0.455410 0.514970 0.018338 0.010444 0.000007 0.000832 0.000000
0.445572 0.523496 0.019142 0.010884 0.000008 0.000898 0.000000
0.438810 0.528984 0.019904 0.011347 0.000010 0.000945 0.000000
0.430488 0.535962 0.020686 0.011840 0.000011 0.001013 0.000000
0.418327 0.546411 0.021765 0.012410 0.000010 0.001077 0.000000
0.410978 0.552352 0.022602 0.012920 0.000011 0.001137 0.000000
0.399646 0.561769 0.023753 0.013593 0.000012 0.001228 0.000000
0.395081 0.565229 0.024407 0.013966 0.000014 0.001302 0.000000
0.385371 0.573240 0.025491 0.014527 0.000016 0.001355 0.000000
0.377645 0.579380 0.026424 0.015081 0.000019 0.001451 0.000000
0.369333 0.586019 0.027459 0.015610 0.000019 0.001560 0.000000
0.361682 0.592032 0.028420 0.016192 0.000021 0.001653 0.000000
0.356592 0.595736 0.029289 0.016629 0.000022 0.001732 0.000000
0.346264 0.603919 0.030573 0.017360 0.000021 0.001862 0.000000
0.338076 0.610242 0.031670 0.017992 0.000024 0.001996 0.000000
0.332372 0.614528 0.032501 0.018515 0.000025 0.002059 0.000000
0.323275 0.621468 0.033856 0.019171 0.000028 0.002202 0.000000
0.316433 0.626469 0.034965 0.019775 0.000031 0.002326 0.000000
0.308287 0.632419 0.036300 0.020488 0.000034 0.002473 0.000000
0.302294 0.636398 0.037477 0.021183 0.000037 0.002611 0.000000
0.298576 0.638772 0.038282 0.021581 0.000039 0.002750 0.000000
0.290184 0.644668 0.039775 0.022439 0.000037 0.002896 0.000000
0.284905 0.648020 0.040894 0.023076 0.000039 0.003066 0.000000
0.280988 0.650479 0.041764 0.023544 0.000038 0.003186 0.000000
0.271308 0.657060 0.043581 0.024595 0.000044 0.003412 0.000000
0.266721 0.659696 0.044696 0.025226 0.000044 0.003617 0.000000
0.259569 0.664618 0.045991 0.025990 0.000045 0.003787 0.000000
0.255405 0.666847 0.047155 0.026576 0.000044 0.003973 0.000000
0.248328 0.671318 0.048611 0.027510 0.000046 0.004188 0.000000
0.251758 0.667152 0.049015 0.027707 0.000048 0.004321 0.000000
0.241888 0.673994 0.050807 0.028695 0.000053 0.004563 0.000000
0.236291 0.676961 0.052279 0.029612 0.000056 0.004801 0.000000
0.230594 0.680161 0.053713 0.030425 0.000058 0.005049 0.000000
0.229552 0.679566 0.054659 0.030915 0.000058 0.005250 0.000000
0.218732 0.686677 0.056799 0.032167 0.000062 0.005564 0.000000
0.218750 0.685044 0.057701 0.032668 0.000062 0.005775 0.000000
0.209397 0.691306 0.059458 0.033726 0.000066 0.006047 0.000000
0.211001 0.688588 0.060001 0.034128 0.000066 0.006216 0.000000
0.207866 0.690088 0.060959 0.034650 0.000071 0.006365 0.000000
0.201734 0.691810 0.063482 0.036085 0.000077 0.006812 0.000000
0.196549 0.695262 0.064468 0.036652 0.000076 0.006993 0.000000
0.192219 0.696146 0.066515 0.037628 0.000083 0.007410 0.000000
0.189754 0.696704 0.067519 0.038368 0.000083 0.007572 0.000000
0.181516 0.701079 0.069747 0.039538 0.000085 0.008034 0.000000
0.177715 0.702115 0.071365 0.040364 0.000086 0.008355 0.000000
0.178141 0.700528 0.071983 0.040746 0.000089 0.008514 0.000000
0.175337 0.700660 0.073508 0.041524 0.000097 0.008873 0.000000
0.174264 0.699339 0.074778 0.042342 0.000098 0.009179 0.000000
0.168200 0.702041 0.076640 0.043421 0.000105 0.009594 0.000000
0.163237 0.705024 0.077712 0.044070 0.000102 0.009854 0.000001
0.157536 0.706902 0.079882 0.045269 0.000111 0.010298 0.000001
0.158119 0.703469 0.081441 0.046117 0.000119 0.010734 0.000001
0.154189 0.706098 0.082157 0.046573 0.000116 0.010866 0.000000
0.146742 0.709400 0.084598 0.047735 0.000126 0.011399 0.000001
0.144073 0.709585 0.085878 0.048585 0.000130 0.011747 0.000001
0.141637 0.707940 0.088036 0.049892 0.000143 0.012353 0.000000
0.138485 0.709714 0.088765 0.050307 0.000140 0.012588 0.000001
0.134309 0.710331 0.090676 0.051446 0.000141 0.013098 0.000000
0.133126 0.709449 0.091795 0.052134 0.000146 0.013350 0.000000
0.130006 0.710215 0.093055 0.052837 0.000153 0.013734 0.000000
0.126529 0.710128 0.095080 0.053888 0.000162 0.014211 0.000001
0.119611 0.713406 0.097115 0.054888 0.000167 0.014812 0.000001
0.118726 0.711895 0.098313 0.055720 0.000167 0.015178 0.000000
0.111760 0.714118 0.100827 0.057244 0.000178 0.015873 0.000001
0.112628 0.710706 0.102232 0.057886 0.000185 0.016362 0.000001
0.106727 0.712631 0.104376 0.059135 0.000191 0.016939 0.000000
0.103077 0.713677 0.105760 0.059969 0.000196 0.017320 0.000001
0.100290 0.712394 0.107964 0.061162 0.000204 0.017985 0.000001
0.098982 0.711680 0.109089 0.061721 0.000199 0.018329 0.000000
0.094366 0.713296 0.110546 0.062739 0.000204 0.018847 0.000001
0.088747 0.713115 0.113850 0.064265 0.000219 0.019804 0.000001
0.088335 0.712321 0.114332 0.064623 0.000225 0.020163 0.000001
0.082329 0.715178 0.115904 0.065678 0.000226 0.020684 0.000001
0.081414 0.713226 0.117460 0.066518 0.000232 0.021149 0.000000
0.073222 0.714552 0.121307 0.068497 0.000253 0.022168 0.000001
0.073040 0.714441 0.121369 0.068536 0.000254 0.022360 0.000001
0.068348 0.713550 0.124289 0.070307 0.000265 0.023239 0.000001
0.066896 0.713088 0.125190 0.070956 0.000268 0.023601 0.000001
0.064030 0.711358 0.127577 0.072196 0.000262 0.024576 0.000001
0.060352 0.711375 0.129574 0.073160 0.000282 0.025256 0.000001
0.058126 0.709461 0.131797 0.074340 0.000289 0.025988 0.000000
0.058426 0.708506 0.132013 0.074499 0.000296 0.026259 0.000001
0.052404 0.706703 0.136168 0.076784 0.000310 0.027631 0.000001
0.053324 0.706047 0.135938 0.076746 0.000306 0.027639 0.000000
0.049997 0.704473 0.138609 0.077967 0.000317 0.028637 0.000001
0.050956 0.702620 0.138932 0.078295 0.000323 0.028874 0.000002
0.045842 0.701827 0.142137 0.079964 0.000323 0.029906 0.000001
0.050312 0.696795 0.142111 0.080235 0.000334 0.030212 0.000001
0.050547 0.693136 0.143975 0.081066 0.000348 0.030927 0.000001
0.048372 0.692107 0.145449 0.082140 0.000354 0.031577 0.000001
0.050238 0.688083 0.146335 0.082611 0.000358 0.032375 0.000001
0.054469 0.682409 0.147063 0.082949 0.000360 0.032749 0.000001
0.056879 0.678301 0.147525 0.083521 0.000364 0.033409 0.000000
0.051457 0.679279 0.149886 0.084735 0.000368 0.034274 0.000001
0.051991 0.676818 0.150756 0.085182 0.000380 0.034870 0.000003
0.049213 0.675169 0.152967 0.086463 0.000402 0.035782 0.000003
0.056153 0.668755 0.152529 0.086156 0.000395 0.036010 0.000003
0.055771 0.667399 0.153379 0.086676 0.000408 0.036364 0.000003
0.048813 0.668588 0.156169 0.088196 0.000415 0.037817 0.000003
0.054402 0.662815 0.156215 0.088057 0.000421 0.038088 0.000002
0.053128 0.661970 0.157265 0.088683 0.000422 0.038530 0.000002
0.050674 0.660433 0.159014 0.089768 0.000449 0.039659 0.000002
0.048369 0.659651 0.160523 0.090569 0.000452 0.040434 0.000003
0.051742 0.656193 0.160416 0.090478 0.000446 0.040723 0.000002
0.048522 0.655868 0.162312 0.091453 0.000458 0.041384 0.000004
0.046921 0.654549 0.163676 0.092165 0.000469 0.042217 0.000003
0.045943 0.652367 0.164965 0.093230 0.000475 0.043016 0.000004
0.043751 0.651499 0.166328 0.093997 0.000491 0.043929 0.000004
0.041660 0.650450 0.168085 0.094620 0.000488 0.044693 0.000004
0.039230 0.648568 0.169958 0.095846 0.000507 0.045888 0.000004
0.039445 0.647477 0.170260 0.095960 0.000508 0.046346 0.000005
0.044129 0.642672 0.170138 0.096091 0.000507 0.046459 0.000003
0.043170 0.639684 0.171991 0.097103 0.000526 0.047523 0.000003
0.042933 0.637234 0.173166 0.097773 0.000542 0.048350 0.000003
0.041039 0.635885 0.174597 0.098583 0.000558 0.049334 0.000004
0.042277 0.633705 0.175078 0.098751 0.000563 0.049622 0.000004
0.040952 0.632081 0.176384 0.099469 0.000575 0.050536 0.000002
0.041368 0.629212 0.177422 0.100070 0.000569 0.051357 0.000003
0.041532 0.627482 0.178130 0.100476 0.000600 0.051775 0.000005
0.038166 0.625808 0.180684 0.101674 0.000592 0.053071 0.000005
0.039079 0.622800 0.181409 0.102177 0.000616 0.053915 0.000004
0.040811 0.620388 0.181564 0.102184 0.000609 0.054442 0.000003
0.035846 0.620763 0.183776 0.103602 0.000641 0.055369 0.000004
0.034989 0.618321 0.185310 0.104382 0.000630 0.056363 0.000005
0.034492 0.616315 0.186307 0.104891 0.000662 0.057328 0.000004
0.033702 0.617442 0.185958 0.104848 0.000649 0.057395 0.000006
0.035769 0.612153 0.187225 0.105715 0.000655 0.058479 0.000004
0.031295 0.612019 0.189538 0.106754 0.000678 0.059713 0.000004
0.032162 0.609439 0.190075 0.107235 0.000703 0.060383 0.000004
0.030227 0.609255 0.191149 0.107567 0.000706 0.061091 0.000005
0.029203 0.607097 0.192552 0.108369 0.000731 0.062042 0.000006
0.026640 0.604982 0.194669 0.109696 0.000723 0.063285 0.000005
0.027750 0.603425 0.194536 0.109703 0.000730 0.063851 0.000005
0.027658 0.601528 0.195399 0.110117 0.000738 0.064553 0.000007
0.026351 0.598876 0.196949 0.110952 0.000757 0.066108 0.000007
0.026116 0.597881 0.197456 0.111504 0.000761 0.066275 0.000007
0.023697 0.594703 0.199977 0.112911 0.000775 0.067929 0.000007
0.023670 0.593009 0.200467 0.113332 0.000778 0.068737 0.000007
0.023471 0.590077 0.201763 0.113984 0.000780 0.069919 0.000005
0.022176 0.588175 0.203371 0.114660 0.000795 0.070815 0.000007
0.022191 0.587419 0.203559 0.114657 0.000817 0.071350 0.000007
0.022220 0.585749 0.204275 0.115178 0.000829 0.071743 0.000005
0.021487 0.583438 0.205404 0.115907 0.000833 0.072927 0.000005
0.020821 0.580424 0.207051 0.116728 0.000847 0.074122 0.000006
0.020687 0.578824 0.207734 0.117142 0.000869 0.074737 0.000007
0.020675 0.576645 0.208548 0.117597 0.000881 0.075649 0.000005
0.020690 0.575409 0.208790 0.117793 0.000851 0.076460 0.000007
0.020367 0.573205 0.209624 0.118595 0.000898 0.077305 0.000006
0.020092 0.570452 0.210923 0.119106 0.000896 0.078524 0.000007
0.019378 0.567464 0.212343 0.120145 0.000904 0.079760 0.000005
0.019563 0.564737 0.213283 0.120527 0.000929 0.080956 0.000006
0.018867 0.564342 0.213859 0.120757 0.000916 0.081254 0.000006
0.019060 0.560684 0.214972 0.121517 0.000953 0.082808 0.000006
0.018579 0.560203 0.215201 0.121895 0.000984 0.083133 0.000005
0.018747 0.558105 0.215848 0.122085 0.000971 0.084236 0.000008
0.018808 0.556559 0.216690 0.122166 0.000990 0.084781 0.000005
0.018475 0.554374 0.217632 0.122768 0.000984 0.085759 0.000007
0.017768 0.551744 0.218595 0.123768 0.001018 0.087099 0.000008
0.018133 0.551307 0.219015 0.123300 0.001013 0.087224 0.000007
0.017708 0.547675 0.220203 0.124414 0.001028 0.088965 0.000008
0.017927 0.546626 0.220730 0.124311 0.001026 0.089372 0.000008
0.017554 0.542855 0.222185 0.125052 0.001043 0.091303 0.000008
0.017244 0.541443 0.222880 0.125557 0.001071 0.091796 0.000009
0.017103 0.539943 0.223465 0.125861 0.001070 0.092549 0.000009
0.017177 0.537090 0.224052 0.126758 0.001085 0.093832 0.000007
0.016963 0.536311 0.224734 0.126785 0.001071 0.094129 0.000008
0.016952 0.533748 0.225505 0.127435 0.001055 0.095297 0.000009
0.016823 0.531823 0.226313 0.127831 0.001104 0.096099 0.000007
0.016624 0.530385 0.226839 0.128067 0.001094 0.096982 0.000009
0.016412 0.527449 0.227908 0.128778 0.001122 0.098321 0.000010
0.016493 0.524473 0.228669 0.129378 0.001113 0.099861 0.000012
0.016241 0.522333 0.229679 0.129858 0.001142 0.100736 0.000010
0.016262 0.522046 0.229486 0.129709 0.001152 0.101334 0.000011
0.016385 0.520381 0.229894 0.130113 0.001167 0.102048 0.000012
0.016231 0.518769 0.230418 0.130479 0.001161 0.102930 0.000012
0.016083 0.515729 0.231703 0.130804 0.001186 0.104483 0.000011
0.015911 0.514179 0.232410 0.131361 0.001181 0.104945 0.000013
0.015962 0.513763 0.232157 0.131508 0.001184 0.105413 0.000014
0.016035 0.512105 0.232668 0.131592 0.001177 0.106409 0.000013
0.015781 0.509039 0.233901 0.132290 0.001233 0.107744 0.000013
0.015783 0.507475 0.234054 0.132474 0.001228 0.108971 0.000014
0.015543 0.506226 0.234747 0.132665 0.001237 0.109567 0.000015
0.015379 0.502943 0.236083 0.133474 0.001255 0.110855 0.000012
0.015190 0.500306 0.236682 0.133989 0.001258 0.112559 0.000015
0.015136 0.498893 0.237132 0.134102 0.001288 0.113437 0.000012
0.015327 0.497366 0.237615 0.134308 0.001283 0.114082 0.000018
0.015175 0.496817 0.237407 0.134453 0.001304 0.114827 0.000016
0.014999 0.494291 0.238633 0.135017 0.001315 0.115728 0.000017
0.015022 0.491981 0.239211 0.135342 0.001300 0.117127 0.000017
0.014862 0.488887 0.240105 0.136029 0.001339 0.118759 0.000019
0.014962 0.487881 0.240382 0.135928 0.001341 0.119485 0.000020
0.014834 0.486135 0.240929 0.136230 0.001360 0.120488 0.000024
0.014885 0.484880 0.241151 0.136294 0.001380 0.121389 0.000020
0.014596 0.482208 0.242104 0.136978 0.001415 0.122678 0.000020
0.014784 0.481163 0.242373 0.136944 0.001390 0.123327 0.000019
0.014538 0.478277 0.243145 0.137634 0.001420 0.124964 0.000022
0.014836 0.478502 0.242924 0.137411 0.001416 0.124890 0.000020
0.014722 0.476184 0.243669 0.137873 0.001392 0.126137 0.000023
0.014442 0.473958 0.244143 0.138383 0.001464 0.127584 0.000024
0.014447 0.471652 0.245091 0.138686 0.001440 0.128660 0.000024
0.014361 0.470414 0.245434 0.138752 0.001482 0.129532 0.000026
0.014330 0.469437 0.245661 0.138915 0.001457 0.130174 0.000026
0.014393 0.468375 0.245947 0.138947 0.001475 0.130835 0.000027
0.014409 0.464694 0.246873 0.139617 0.001501 0.132879 0.000027
0.014251 0.463959 0.247121 0.139531 0.001507 0.133603 0.000029
0.014174 0.462290 0.247717 0.140021 0.001502 0.134270 0.000026
0.014064 0.460422 0.247959 0.140142 0.001523 0.135866 0.000024
0.014159 0.457701 0.248775 0.140562 0.001559 0.137220 0.000024
0.014232 0.457121 0.249314 0.140472 0.001538 0.137293 0.000030
0.014097 0.454194 0.249882 0.141226 0.001572 0.139003 0.000026
0.014081 0.453702 0.249640 0.141437 0.001546 0.139571 0.000023
0.013942 0.452598 0.250208 0.141254 0.001567 0.140405 0.000026
0.013985 0.451195 0.250376 0.141394 0.001588 0.141433 0.000029
0.014084 0.447496 0.251449 0.142197 0.001591 0.143156 0.000027
0.013997 0.446960 0.251490 0.142028 0.001608 0.143891 0.000025
0.013859 0.445041 0.252344 0.142266 0.001624 0.144838 0.000028
0.013882 0.444005 0.252433 0.142426 0.001665 0.145562 0.000027
0.013983 0.442168 0.252759 0.142863 0.001629 0.146573 0.000025
0.013993 0.439228 0.253401 0.143120 0.001644 0.148585 0.000030
0.013961 0.438240 0.253883 0.143056 0.001666 0.149167 0.000027
0.013845 0.436861 0.253885 0.143481 0.001677 0.150223 0.000027
0.013705 0.436506 0.253950 0.143500 0.001672 0.150639 0.000028
0.013967 0.433772 0.254477 0.143698 0.001710 0.152351 0.000026
0.013670 0.431804 0.254920 0.144209 0.001742 0.153627 0.000028
0.013805 0.429118 0.255909 0.144346 0.001701 0.155091 0.000029
0.013807 0.427725 0.256009 0.144471 0.001741 0.156220 0.000027
0.013770 0.427713 0.255954 0.144406 0.001743 0.156386 0.000028
0.013738 0.425355 0.256467 0.144845 0.001769 0.157797 0.000029
0.013943 0.424574 0.256619 0.144854 0.001742 0.158238 0.000030
0.013733 0.423075 0.256788 0.145031 0.001776 0.159569 0.000027
0.013564 0.420032 0.257554 0.145329 0.001830 0.161662 0.000028
0.013604 0.420030 0.257722 0.145199 0.001806 0.161608 0.000031
0.013676 0.419283 0.257572 0.145397 0.001819 0.162226 0.000027
0.013573 0.416266 0.258358 0.145793 0.001843 0.164134 0.000033
0.013414 0.414575 0.258564 0.146198 0.001866 0.165350 0.000032
0.013766 0.414335 0.258715 0.145816 0.001868 0.165470 0.000030
0.013561 0.411141 0.259285 0.146526 0.001896 0.167564 0.000027
0.013517 0.409672 0.259705 0.146557 0.001871 0.168643 0.000035
0.013565 0.409145 0.259917 0.146585 0.001884 0.168873 0.000030
0.013642 0.406681 0.259946 0.147171 0.001878 0.170651 0.000031
0.013262 0.406134 0.260413 0.146880 0.001899 0.171384 0.000029
0.013514 0.404928 0.260409 0.147098 0.001954 0.172061 0.000034
0.017050 0.401924 0.259625 0.146527 0.001931 0.172907 0.000037
0.022759 0.398566 0.258578 0.145790 0.001910 0.172363 0.000035
0.023558 0.397523 0.257867 0.145827 0.001929 0.173258 0.000038
0.027043 0.394267 0.257165 0.145351 0.001923 0.174213 0.000038
0.024442 0.394511 0.258026 0.145855 0.001946 0.175180 0.000040
0.026471 0.392959 0.257437 0.145479 0.001949 0.175666 0.000039
0.026779 0.390628 0.257774 0.145563 0.001948 0.177272 0.000036
0.024247 0.391825 0.258318 0.145934 0.001972 0.177665 0.000040
0.026648 0.389767 0.257557 0.145485 0.001947 0.178555 0.000041
0.029431 0.388740 0.256914 0.144731 0.001954 0.178190 0.000040
0.024486 0.387794 0.258656 0.145940 0.001990 0.181096 0.000038
0.025080 0.386666 0.258401 0.145977 0.002002 0.181839 0.000035
0.025059 0.385000 0.258797 0.145779 0.002015 0.183314 0.000036
0.024579 0.386931 0.258129 0.145550 0.001995 0.182776 0.000040
0.025119 0.385381 0.257878 0.145549 0.002002 0.184031 0.000040
0.020857 0.384118 0.259967 0.146679 0.002031 0.186304 0.000044
0.021048 0.381786 0.260011 0.147119 0.002049 0.187942 0.000045
0.020932 0.382940 0.259785 0.146664 0.002045 0.187594 0.000040
0.019124 0.379665 0.261068 0.147534 0.002079 0.190489 0.000041
0.019482 0.378490 0.260756 0.147721 0.002068 0.191443 0.000040
0.018414 0.377666 0.261101 0.148148 0.002091 0.192540 0.000040
0.017647 0.376222 0.262043 0.148221 0.002141 0.193683 0.000042
0.017974 0.375679 0.261883 0.147727 0.002113 0.194578 0.000047
0.016709 0.373486 0.262848 0.148517 0.002107 0.196285 0.000047
0.016208 0.371969 0.263206 0.149000 0.002158 0.197415 0.000044
0.015923 0.370637 0.263048 0.149259 0.002189 0.198901 0.000043
0.015391 0.369505 0.263794 0.149251 0.002156 0.199855 0.000048
0.014524 0.367183 0.264665 0.149799 0.002204 0.201585 0.000039
0.015965 0.368858 0.263272 0.148648 0.002182 0.201029 0.000046
0.014636 0.364507 0.265084 0.149527 0.002218 0.203984 0.000044
0.015205 0.364855 0.264091 0.149500 0.002197 0.204106 0.000045
0.014844 0.362528 0.264828 0.149639 0.002216 0.205898 0.000046
0.014947 0.362629 0.264598 0.149562 0.002242 0.205979 0.000044
0.014482 0.360020 0.265331 0.149912 0.002250 0.207963 0.000043
0.014498 0.359379 0.264895 0.150013 0.002239 0.208933 0.000044
0.014541 0.358223 0.265225 0.149891 0.002237 0.209832 0.000051
0.013793 0.355496 0.266254 0.150455 0.002280 0.211673 0.000050
0.014216 0.354028 0.265988 0.150307 0.002283 0.213128 0.000049
0.014768 0.353971 0.265481 0.150127 0.002301 0.213307 0.000046
0.014375 0.352402 0.265992 0.150339 0.002288 0.214551 0.000053
0.013816 0.350300 0.266801 0.150774 0.002325 0.215932 0.000051
0.014196 0.349029 0.266444 0.150718 0.002320 0.217247 0.000046
0.013924 0.349694 0.266608 0.150247 0.002288 0.217188 0.000051
0.013986 0.347403 0.266526 0.150869 0.002303 0.218861 0.000052
0.014031 0.346310 0.266438 0.150826 0.002366 0.219984 0.000045
0.013990 0.344756 0.266724 0.150653 0.002393 0.221430 0.000056
0.013811 0.343748 0.267064 0.150953 0.002368 0.222007 0.000048
0.013551 0.342101 0.267581 0.151160 0.002366 0.223186 0.000054
0.013270 0.339514 0.267959 0.151547 0.002393 0.225271 0.000045
0.013903 0.340388 0.266845 0.151386 0.002433 0.224993 0.000053
0.013420 0.337143 0.268076 0.151644 0.002436 0.227224 0.000057
0.013509 0.337562 0.267615 0.151076 0.002403 0.227786 0.000050
0.013198 0.334376 0.268291 0.151632 0.002439 0.230012 0.000051
0.013310 0.333184 0.268028 0.151496 0.002487 0.231446 0.000048
0.013603 0.332787 0.268152 0.151619 0.002463 0.231324 0.000052
0.013576 0.332329 0.267821 0.151185 0.002477 0.232549 0.000063
0.013575 0.330950 0.268080 0.151590 0.002480 0.233272 0.000054
0.013527 0.328474 0.268426 0.151715 0.002485 0.235314 0.000059
0.013545 0.328998 0.267969 0.151452 0.002494 0.235490 0.000052
0.013727 0.327410 0.268035 0.151574 0.002508 0.236694 0.000053
0.013426 0.326580 0.268292 0.151844 0.002516 0.237286 0.000056
0.013485 0.325482 0.268364 0.151654 0.002526 0.238434 0.000055
0.013519 0.323213 0.268391 0.151950 0.002536 0.240342 0.000050
0.013641 0.322470 0.268585 0.151597 0.002526 0.241123 0.000058
0.013462 0.321219 0.269082 0.151695 0.002586 0.241902 0.000053
0.013332 0.319371 0.268949 0.152076 0.002568 0.243654 0.000051
0.013409 0.317587 0.269031 0.152255 0.002600 0.245065 0.000054
0.013837 0.318028 0.268311 0.151667 0.002581 0.245519 0.000056
0.013453 0.316726 0.268792 0.152200 0.002628 0.246142 0.000059
0.013430 0.315589 0.269038 0.151838 0.002617 0.247425 0.000062
0.013593 0.314369 0.268709 0.151898 0.002631 0.248741 0.000058
0.013621 0.313686 0.268576 0.152041 0.002619 0.249396 0.000061
0.013426 0.311385 0.269109 0.152055 0.002648 0.251323 0.000055
0.013652 0.311775 0.268790 0.151987 0.002643 0.251089 0.000063
0.013707 0.310945 0.268611 0.151667 0.002665 0.252342 0.000064
0.013498 0.308812 0.268863 0.152359 0.002666 0.253745 0.000056
0.013547 0.307745 0.268886 0.152193 0.002715 0.254854 0.000060
0.013732 0.307666 0.268758 0.151960 0.002705 0.255116 0.000063
0.013758 0.306945 0.268304 0.152058 0.002700 0.256171 0.000064
0.013546 0.304310 0.268847 0.152543 0.002714 0.257974 0.000065
0.013756 0.303688 0.268815 0.152163 0.002718 0.258801 0.000059
0.013646 0.302330 0.269214 0.152115 0.002726 0.259909 0.000061
0.013608 0.300598 0.269036 0.152559 0.002733 0.261403 0.000063
0.013701 0.300750 0.268680 0.152179 0.002735 0.261893 0.000062
0.013639 0.300427 0.268433 0.152048 0.002756 0.262632 0.000066
0.013666 0.297572 0.269010 0.152474 0.002743 0.264468 0.000067
0.013852 0.297332 0.268583 0.152351 0.002774 0.265040 0.000069
0.013693 0.296429 0.268458 0.152079 0.002777 0.266502 0.000062
0.013754 0.295676 0.268629 0.151870 0.002755 0.267251 0.000065
0.013688 0.293643 0.268862 0.152361 0.002797 0.268581 0.000068
0.013595 0.292601 0.269045 0.152238 0.002854 0.269603 0.000064
0.013722 0.291336 0.268739 0.152202 0.002819 0.271113 0.000069
0.013720 0.290593 0.268597 0.152143 0.002845 0.272037 0.000065
0.013805 0.291532 0.268048 0.151750 0.002820 0.271980 0.000065
0.013709 0.290450 0.267957 0.152068 0.002833 0.272912 0.000071
0.013509 0.287595 0.268864 0.152310 0.002871 0.274779 0.000072
0.013889 0.286512 0.268731 0.152074 0.002882 0.275844 0.000068
0.013763 0.285405 0.268294 0.152214 0.002893 0.277364 0.000068
0.013762 0.284578 0.268034 0.152108 0.002907 0.278544 0.000066
0.014013 0.283103 0.268436 0.152279 0.002896 0.279206 0.000066
0.013908 0.282246 0.268513 0.152247 0.002922 0.280102 0.000064
0.013728 0.281566 0.268155 0.151883 0.002948 0.281652 0.000068
0.013945 0.280436 0.268226 0.151999 0.002957 0.282371 0.000067
0.013878 0.279413 0.267956 0.151731 0.002951 0.284005 0.000066
0.013767 0.277593 0.268022 0.151825 0.002991 0.285737 0.000066
0.013998 0.277340 0.267787 0.152014 0.002949 0.285843 0.000069
0.013866 0.277057 0.267888 0.151629 0.002986 0.286504 0.000070
0.014133 0.277574 0.267405 0.151691 0.002956 0.286173 0.000069
0.013981 0.274009 0.267805 0.151774 0.003013 0.289349 0.000068
0.014018 0.273900 0.267396 0.151519 0.003009 0.290087 0.000071
0.014259 0.273748 0.267134 0.151456 0.003028 0.290304 0.000071
0.014208 0.272190 0.267383 0.151533 0.002986 0.291632 0.000068
0.014211 0.270712 0.266929 0.151406 0.003034 0.293635 0.000073
0.014436 0.270936 0.266801 0.151548 0.002988 0.293219 0.000072
0.014412 0.269567 0.266947 0.151334 0.003003 0.294666 0.000070
0.014106 0.268874 0.266785 0.151452 0.003078 0.295636 0.000069
0.014295 0.268127 0.266849 0.151339 0.003058 0.296259 0.000072
0.014117 0.267041 0.266733 0.151335 0.003038 0.297669 0.000067
0.014304 0.266552 0.266324 0.151356 0.003045 0.298341 0.000078
0.014234 0.264111 0.266643 0.150932 0.003089 0.300915 0.000076
0.014412 0.263909 0.266468 0.151046 0.003078 0.301016 0.000071
0.014211 0.263086 0.266526 0.151079 0.003072 0.301956 0.000069
0.014454 0.262425 0.266075 0.151080 0.003095 0.302796 0.000075
0.014418 0.260991 0.266349 0.150724 0.003102 0.304341 0.000075
0.014569 0.259498 0.265794 0.150720 0.003118 0.306223 0.000077
0.014585 0.260323 0.265596 0.150827 0.003151 0.305443 0.000074
0.014389 0.258489 0.265922 0.150811 0.003123 0.307192 0.000073
0.014539 0.258135 0.265651 0.150640 0.003145 0.307816 0.000074
0.014386 0.257477 0.265328 0.150535 0.003143 0.309058 0.000074
0.014453 0.256521 0.265442 0.150403 0.003177 0.309927 0.000078
0.014385 0.254339 0.265322 0.150413 0.003237 0.312227 0.000077
0.014819 0.253568 0.265142 0.150362 0.003196 0.312843 0.000071
0.014647 0.254028 0.264598 0.150373 0.003178 0.313096 0.000080
0.014489 0.254292 0.264974 0.150080 0.003220 0.312863 0.000081
0.014659 0.251209 0.264603 0.150226 0.003223 0.315994 0.000085
0.014917 0.250426 0.264801 0.149952 0.003206 0.316615 0.000082
0.014689 0.249538 0.264605 0.150116 0.003237 0.317727 0.000087
0.014790 0.248377 0.263999 0.150041 0.003269 0.319442 0.000083
0.014629 0.249229 0.263558 0.150002 0.003265 0.319236 0.000080
0.014818 0.248034 0.263679 0.149993 0.003270 0.320121 0.000085
0.014701 0.246459 0.263935 0.149976 0.003289 0.321554 0.000087
0.014961 0.245878 0.263615 0.149594 0.003259 0.322608 0.000085
0.014838 0.245185 0.263249 0.149748 0.003246 0.323655 0.000079
0.014746 0.244423 0.263195 0.149722 0.003301 0.324531 0.000084
0.014912 0.242878 0.263210 0.149408 0.003280 0.326226 0.000086
0.014748 0.241451 0.263248 0.149423 0.003312 0.327736 0.000082
0.014945 0.240868 0.262794 0.149538 0.003335 0.328434 0.000087
0.015062 0.240748 0.262643 0.149202 0.003322 0.328932 0.000092
0.014865 0.240246 0.262752 0.149367 0.003333 0.329352 0.000085
0.015140 0.238767 0.262470 0.149032 0.003364 0.331136 0.000091
0.014896 0.239057 0.262447 0.149072 0.003388 0.331060 0.000081
0.015137 0.237331 0.262211 0.149085 0.003381 0.332761 0.000094
0.014969 0.238172 0.261982 0.148552 0.003364 0.332869 0.000091
0.015224 0.236096 0.261251 0.148986 0.003383 0.334972 0.000087
0.014917 0.235407 0.261471 0.148864 0.003407 0.335852 0.000082
0.014847 0.234879 0.261125 0.148794 0.003437 0.336833 0.000085
0.015044 0.233524 0.261400 0.148715 0.003432 0.337803 0.000082
0.015300 0.233223 0.261038 0.148511 0.003452 0.338384 0.000092
0.015267 0.232474 0.260837 0.148379 0.003463 0.339494 0.000085
0.015109 0.230520 0.261028 0.148246 0.003452 0.341548 0.000096
0.015289 0.230903 0.260496 0.148347 0.003427 0.341446 0.000093
0.015235 0.230073 0.260537 0.148136 0.003481 0.342448 0.000090
0.015224 0.229549 0.260384 0.148062 0.003422 0.343262 0.000098
0.015259 0.228936 0.260512 0.147752 0.003501 0.343943 0.000097
0.015341 0.227005 0.259696 0.147920 0.003456 0.346489 0.000094
0.015245 0.226914 0.259617 0.148049 0.003538 0.346544 0.000094
0.015484 0.225652 0.259408 0.147891 0.003500 0.347960 0.000105
0.015600 0.224933 0.259393 0.147570 0.003508 0.348892 0.000105
0.015496 0.223587 0.259289 0.147177 0.003496 0.350858 0.000096
0.015373 0.223961 0.259186 0.147516 0.003518 0.350346 0.000100
0.015681 0.224070 0.258830 0.147141 0.003500 0.350679 0.000100
0.015497 0.221972 0.258610 0.147177 0.003534 0.353109 0.000100
0.015814 0.222496 0.257994 0.147108 0.003548 0.352945 0.000095
0.015635 0.220853 0.258621 0.147128 0.003547 0.354111 0.000104
0.015870 0.220037 0.258044 0.146717 0.003581 0.355656 0.000094
0.015468 0.219751 0.257867 0.146477 0.003554 0.356780 0.000104
0.015809 0.219262 0.257926 0.146827 0.003578 0.356498 0.000100
0.015988 0.218386 0.257555 0.146287 0.003528 0.358145 0.000111
0.015921 0.217766 0.257501 0.146271 0.003569 0.358865 0.000106
0.015985 0.217582 0.256847 0.145925 0.003556 0.360001 0.000104
0.016027 0.215617 0.256698 0.146288 0.003613 0.361656 0.000100
0.015796 0.215727 0.256551 0.145983 0.003567 0.362264 0.000111
0.015950 0.214800 0.257010 0.145855 0.003592 0.362688 0.000106
0.016167 0.214263 0.256651 0.145847 0.003610 0.363355 0.000106
0.016229 0.213569 0.256220 0.145672 0.003643 0.364560 0.000107
0.015748 0.213671 0.256516 0.145885 0.003600 0.364472 0.000108
0.016174 0.212000 0.256065 0.145747 0.003630 0.366274 0.000110
0.016034 0.211713 0.255633 0.145430 0.003653 0.367437 0.000101
0.016192 0.211171 0.255476 0.145465 0.003681 0.367916 0.000099
0.016144 0.210079 0.255719 0.145046 0.003662 0.369244 0.000106
0.016283 0.209467 0.255200 0.145036 0.003693 0.370212 0.000109
0.016128 0.209516 0.254961 0.145036 0.003661 0.370578 0.000121
0.016247 0.208738 0.254810 0.144734 0.003712 0.371646 0.000113
0.016563 0.207973 0.254686 0.144802 0.003710 0.372155 0.000110
0.016461 0.206490 0.254056 0.144525 0.003783 0.374571 0.000113
0.016173 0.205858 0.253756 0.144325 0.003755 0.376023 0.000111
0.016213 0.205563 0.253665 0.144187 0.003715 0.376549 0.000108
0.016439 0.205870 0.253330 0.144075 0.003757 0.376413 0.000115
0.016238 0.204363 0.253176 0.144287 0.003726 0.378095 0.000114
0.016396 0.202940 0.253199 0.143876 0.003780 0.379683 0.000126
0.016520 0.202868 0.252653 0.144019 0.003713 0.380105 0.000122
0.016703 0.202345 0.252467 0.143636 0.003773 0.380955 0.000121
0.016683 0.201309 0.252400 0.143558 0.003768 0.382156 0.000127
0.016894 0.200766 0.252193 0.143271 0.003809 0.382948 0.000118
0.016634 0.201279 0.252146 0.143150 0.003754 0.382919 0.000117
0.016670 0.200757 0.251921 0.143410 0.003792 0.383333 0.000116
0.016882 0.199533 0.251519 0.143093 0.003815 0.385033 0.000127
0.016630 0.198363 0.250990 0.142812 0.003800 0.387286 0.000119
0.016928 0.198221 0.250896 0.142637 0.003826 0.387366 0.000126
0.016612 0.197182 0.250484 0.142817 0.003845 0.388940 0.000121
0.016784 0.197383 0.250517 0.142179 0.003849 0.389168 0.000120
0.016826 0.196393 0.250426 0.142151 0.003830 0.390254 0.000120
0.016661 0.196208 0.250380 0.142162 0.003850 0.390613 0.000125
0.016985 0.193924 0.249412 0.142419 0.003855 0.393287 0.000119
0.017020 0.194258 0.249380 0.141949 0.003880 0.393390 0.000124
0.017084 0.193952 0.249755 0.141906 0.003862 0.393317 0.000124
0.016946 0.192742 0.248902 0.142048 0.003893 0.395340 0.000129
0.016727 0.192660 0.249018 0.141749 0.003849 0.395872 0.000125
0.017105 0.192569 0.248636 0.141669 0.003862 0.396032 0.000126
0.017038 0.191772 0.248234 0.141502 0.003926 0.397400 0.000127
0.017179 0.191313 0.248112 0.141114 0.003907 0.398255 0.000120
0.017011 0.190453 0.247974 0.141224 0.003911 0.399297 0.000131
0.017004 0.189456 0.247734 0.140743 0.003906 0.401022 0.000135
0.017172 0.189082 0.246950 0.141153 0.003925 0.401595 0.000123
0.017234 0.188368 0.247137 0.140686 0.003913 0.402532 0.000130
0.017347 0.188388 0.246930 0.140604 0.003892 0.402710 0.000128
0.017151 0.187412 0.246327 0.140459 0.003954 0.404571 0.000125
0.017333 0.186561 0.246632 0.140229 0.003968 0.405151 0.000126
0.017415 0.185649 0.246316 0.140083 0.003938 0.406470 0.000129
0.017332 0.185342 0.245321 0.139755 0.003917 0.408208 0.000126
0.017257 0.185343 0.245783 0.139806 0.003984 0.407696 0.000132
0.017644 0.184370 0.245051 0.139701 0.003978 0.409115 0.000141
0.017599 0.184921 0.244805 0.139840 0.003956 0.408745 0.000134
0.017868 0.183567 0.244732 0.139480 0.003952 0.410264 0.000136
0.017637 0.182721 0.245012 0.139216 0.004031 0.411243 0.000139
0.017958 0.182693 0.244010 0.139152 0.004039 0.412012 0.000136
0.017889 0.181857 0.243896 0.138984 0.004049 0.413191 0.000134
0.017699 0.181393 0.244154 0.138914 0.004073 0.413629 0.000139
0.017618 0.181273 0.243405 0.139124 0.003999 0.414448 0.000133
0.017752 0.180473 0.243294 0.138467 0.004058 0.415812 0.000145
0.017639 0.179481 0.243083 0.138323 0.004066 0.417268 0.000141
0.017973 0.178557 0.242609 0.138504 0.004029 0.418192 0.000135
0.017870 0.178722 0.242739 0.138315 0.004084 0.418125 0.000144
0.018055 0.178449 0.242278 0.137671 0.004114 0.419290 0.000143
0.018142 0.177413 0.241860 0.137801 0.004118 0.420522 0.000144
0.017993 0.177673 0.241956 0.137867 0.004057 0.420314 0.000141
0.017939 0.177072 0.241604 0.137474 0.004093 0.421675 0.000143
0.018014 0.176254 0.241602 0.137250 0.004150 0.422591 0.000138
0.018082 0.175695 0.241606 0.137317 0.004141 0.423019 0.000141
0.018131 0.174726 0.240652 0.136903 0.004112 0.425331 0.000145
0.018273 0.175320 0.240877 0.136662 0.004131 0.424586 0.000150
0.018335 0.174766 0.240512 0.136416 0.004106 0.425713 0.000153
0.018210 0.173441 0.239709 0.136369 0.004125 0.428004 0.000141
0.018268 0.172821 0.239651 0.136503 0.004177 0.428423 0.000156
0.018555 0.172590 0.239903 0.136551 0.004131 0.428113 0.000158
0.018400 0.172036 0.239340 0.136493 0.004103 0.429474 0.000154
0.018329 0.172275 0.239720 0.136007 0.004145 0.429373 0.000152
0.018675 0.171028 0.238842 0.136037 0.004195 0.431064 0.000159
0.018394 0.170597 0.238687 0.135649 0.004143 0.432380 0.000150
0.018510 0.169716 0.238513 0.135438 0.004143 0.433528 0.000153
0.018572 0.169641 0.238559 0.135516 0.004162 0.433391 0.000158
0.018821 0.169132 0.237980 0.135231 0.004193 0.434491 0.000152
0.018950 0.168675 0.237862 0.135206 0.004157 0.434990 0.000160
0.018850 0.167710 0.237471 0.134805 0.004198 0.436816 0.000150
0.018901 0.167642 0.237118 0.134869 0.004199 0.437121 0.000150
0.018839 0.166975 0.237274 0.134237 0.004230 0.438287 0.000157
0.019251 0.166663 0.236518 0.134568 0.004260 0.438584 0.000156
0.018665 0.166515 0.236706 0.134208 0.004182 0.439565 0.000159
0.018679 0.165977 0.236422 0.134383 0.004179 0.440202 0.000158
0.019268 0.165345 0.235777 0.134122 0.004234 0.441098 0.000157
0.019236 0.164889 0.235926 0.133758 0.004207 0.441826 0.000159
0.019104 0.164680 0.235121 0.133916 0.004199 0.442814 0.000166
0.019116 0.164598 0.235461 0.133379 0.004291 0.442984 0.000170
0.019053 0.163700 0.235062 0.133753 0.004286 0.443973 0.000173
0.019270 0.163074 0.234808 0.133239 0.004330 0.445117 0.000163
0.019314 0.163155 0.234691 0.132966 0.004286 0.445432 0.000157
0.019478 0.161957 0.234357 0.133125 0.004275 0.446632 0.000175
0.019590 0.161431 0.233873 0.132771 0.004288 0.447876 0.000173
0.019401 0.161156 0.233636 0.132788 0.004355 0.448495 0.000169
0.019302 0.160981 0.233446 0.132429 0.004289 0.449380 0.000173
0.019737 0.160016 0.232761 0.132232 0.004331 0.450746 0.000178
0.019639 0.160265 0.232976 0.132169 0.004345 0.450425 0.000180
0.019678 0.159337 0.232843 0.132116 0.004341 0.451515 0.000170
0.019714 0.159207 0.232391 0.131691 0.004348 0.452486 0.000162
0.019773 0.158777 0.232586 0.131505 0.004366 0.452827 0.000167
0.019462 0.159359 0.231938 0.132094 0.004322 0.452653 0.000172
0.019571 0.158142 0.231738 0.131780 0.004293 0.454303 0.000173
0.019850 0.157571 0.231172 0.131668 0.004380 0.455187 0.000171
0.019857 0.157622 0.231058 0.131483 0.004392 0.455413 0.000176
0.020024 0.156545 0.230867 0.131139 0.004324 0.456928 0.000173
0.019856 0.156217 0.230383 0.131081 0.004356 0.457938 0.000168
0.019827 0.155661 0.230336 0.130830 0.004391 0.458775 0.000180
0.019991 0.155568 0.230092 0.130505 0.004423 0.459248 0.000174
0.019886 0.154973 0.229567 0.130623 0.004468 0.460311 0.000172
0.020059 0.154033 0.229336 0.130294 0.004385 0.461724 0.000169
0.019964 0.154346 0.229144 0.130120 0.004389 0.461861 0.000176
0.020042 0.153601 0.229221 0.130002 0.004383 0.462575 0.000175
0.019984 0.153605 0.228637 0.129790 0.004403 0.463405 0.000176
0.020020 0.152807 0.227956 0.129801 0.004430 0.464804 0.000182
0.020138 0.152887 0.227914 0.129585 0.004422 0.464876 0.000178
0.019929 0.152093 0.227718 0.129142 0.004469 0.466466 0.000183
0.020273 0.151791 0.227489 0.129104 0.004460 0.466706 0.000178
0.020492 0.150977 0.226905 0.128940 0.004500 0.468010 0.000177
0.020438 0.150819 0.226631 0.129007 0.004439 0.468478 0.000187
0.020441 0.150747 0.226679 0.128680 0.004489 0.468781 0.000183
0.020790 0.149958 0.226554 0.128318 0.004507 0.469679 0.000193
0.020423 0.149587 0.225883 0.128406 0.004447 0.471071 0.000184
0.020578 0.149572 0.225873 0.128282 0.004481 0.471027 0.000186
0.020470 0.149353 0.226024 0.128353 0.004451 0.471159 0.000189
0.020772 0.148028 0.225346 0.127797 0.004479 0.473384 0.000195
0.020453 0.148287 0.225162 0.127861 0.004540 0.473502 0.000195
0.020885 0.147726 0.224914 0.127491 0.004531 0.474257 0.000196
0.020617 0.147403 0.224502 0.127160 0.004559 0.475561 0.000198
0.020606 0.147704 0.224305 0.127663 0.004510 0.475021 0.000191
0.020648 0.147069 0.223972 0.127228 0.004594 0.476292 0.000196
0.020733 0.146036 0.223617 0.127303 0.004521 0.477604 0.000186
0.020864 0.146327 0.223634 0.127202 0.004499 0.477274 0.000199
0.021227 0.145431 0.222975 0.126774 0.004571 0.478824 0.000198
0.021006 0.145277 0.222489 0.126838 0.004457 0.479725 0.000208
0.021107 0.145332 0.222695 0.126389 0.004533 0.479732 0.000212
0.021087 0.144455 0.222113 0.126198 0.004582 0.481360 0.000206
0.021671 0.144188 0.221919 0.125807 0.004523 0.481699 0.000194
0.021155 0.143702 0.221524 0.125945 0.004579 0.482895 0.000201
0.021407 0.143411 0.221046 0.125817 0.004513 0.483615 0.000191
0.021396 0.143044 0.220647 0.125599 0.004532 0.484578 0.000205
0.021624 0.142773 0.220674 0.125556 0.004583 0.484576 0.000216
0.021385 0.143220 0.220597 0.125100 0.004573 0.484928 0.000198
0.021437 0.141875 0.220120 0.125172 0.004565 0.486623 0.000208
0.022099 0.141651 0.219702 0.124630 0.004610 0.487092 0.000215
0.021469 0.141838 0.219757 0.125012 0.004594 0.487126 0.000205
0.021455 0.141115 0.219221 0.124871 0.004601 0.488535 0.000202
0.021538 0.140308 0.218941 0.124643 0.004563 0.489797 0.000211
0.021645 0.140387 0.218824 0.124379 0.004576 0.489984 0.000205
0.021828 0.140509 0.218357 0.124209 0.004621 0.490283 0.000194
