0.999119 0.000844 0.000023 0.000014 0.000000 0.000000 0.000000
0.998693 0.001251 0.000035 0.000007 0.000003 0.000012 0.000000
0.998259 0.001672 0.000039 0.000013 0.000000 0.000016 0.000000
0.997800 0.002124 0.000044 0.000015 0.000000 0.000017 0.000000
0.997334 0.002581 0.000051 0.000017 0.000000 0.000017 0.000000
0.996882 0.003024 0.000058 0.000021 0.000000 0.000016 0.000000
0.996404 0.003498 0.000059 0.000022 0.000000 0.000016 0.000000
0.995812 0.004083 0.000065 0.000024 0.000000 0.000015 0.000000
0.995047 0.004842 0.000069 0.000026 0.000000 0.000014 0.000000
0.994184 0.005699 0.000071 0.000032 0.000000 0.000014 0.000000
0.993140 0.006726 0.000084 0.000037 0.000000 0.000012 0.000000
0.991738 0.008112 0.000094 0.000045 0.000000 0.000011 0.000000
0.989767 0.010063 0.000114 0.000046 0.000000 0.000009 0.000000
0.987572 0.012223 0.000143 0.000054 0.000000 0.000008 0.000000
0.985453 0.014290 0.000187 0.000062 0.000000 0.000007 0.000000
0.982469 0.017235 0.000212 0.000077 0.000000 0.000006 0.000000
0.978456 0.021172 0.000258 0.000108 0.000000 0.000006 0.000000
0.974804 0.024736 0.000320 0.000133 0.000000 0.000007 0.000000
0.968833 0.030605 0.000393 0.000163 0.000000 0.000006 0.000000
0.963331 0.035969 0.000468 0.000223 0.000000 0.000008 0.000000
0.955434 0.043730 0.000543 0.000285 0.000000 0.000008 0.000000
0.948753 0.050302 0.000628 0.000309 0.000000 0.000008 0.000000
0.940638 0.058224 0.000749 0.000378 0.000000 0.000011 0.000000
0.930948 0.067666 0.000898 0.000475 0.000000 0.000012 0.000000
0.920057 0.078301 0.001048 0.000581 0.000000 0.000013 0.000000
0.907916 0.090137 0.001243 0.000692 0.000000 0.000012 0.000000
0.895950 0.101793 0.001446 0.000792 0.000000 0.000018 0.000000
0.882936 0.114436 0.001684 0.000916 0.000000 0.000029 0.000000
0.870455 0.126553 0.001929 0.001028 0.000000 0.000034 0.000000
0.855688 0.140903 0.002189 0.001175 0.000000 0.000046 0.000000
0.838185 0.157906 0.002484 0.001367 0.000001 0.000056 0.000000
0.823066 0.172544 0.002789 0.001544 0.000001 0.000055 0.000000
0.808112 0.187011 0.003114 0.001698 0.000001 0.000063 0.000000
0.792151 0.202447 0.003460 0.001869 0.000002 0.000071 0.000000
0.775621 0.218337 0.003866 0.002090 0.000001 0.000084 0.000000
0.756737 0.236465 0.004289 0.002408 0.000002 0.000099 0.000000
0.739696 0.252764 0.004752 0.002675 0.000001 0.000111 0.000000
0.725536 0.266216 0.005177 0.002944 0.000002 0.000126 0.000000
0.709015 0.281915 0.005672 0.003251 0.000003 0.000144 0.000000
0.694410 0.295747 0.006152 0.003527 0.000004 0.000160 0.000000
0.677536 0.311784 0.006692 0.003790 0.000003 0.000194 0.000000
0.659380 0.328938 0.007335 0.004135 0.000003 0.000209 0.000000
0.645617 0.341907 0.007860 0.004393 0.000003 0.000219 0.000000
0.628417 0.358039 0.008495 0.004789 0.000003 0.000257 0.000000
0.615964 0.369701 0.008988 0.005065 0.000003 0.000279 0.000000
0.601976 0.382705 0.009584 0.005414 0.000006 0.000315 0.000000
0.584711 0.398848 0.010251 0.005843 0.000005 0.000342 0.000000
0.570875 0.411559 0.010937 0.006250 0.000007 0.000373 0.000000
0.558300 0.423027 0.011617 0.006629 0.000008 0.000419 0.000000
0.541314 0.438740 0.012407 0.007075 0.000009 0.000454 0.000000
0.533730 0.445410 0.012936 0.007428 0.000010 0.000486 0.000000
0.521802 0.456188 0.013663 0.007811 0.000012 0.000525 0.000000
0.510521 0.466268 0.014400 0.008227 0.000011 0.000573 0.000000
0.497258 0.478205 0.015186 0.008736 0.000011 0.000604 0.000000
0.487133 0.487152 0.015895 0.009142 0.000014 0.000664 0.000000
0.476110 0.496925 0.016657 0.009579 0.000012 0.000717 0.000000
0.467173 0.504632 0.017387 0.010025 0.000013 0.000770 0.000000
0.457510 0.512885 0.018234 0.010516 0.000014 0.000842 0.000000
0.447905 0.521223 0.019036 0.010934 0.000015 0.000888 0.000000
0.435771 0.531794 0.019953 0.011513 0.000018 0.000952 0.000000
0.426113 0.539965 0.020903 0.011985 0.000017 0.001016 0.000000
0.419418 0.545384 0.021645 0.012447 0.000019 0.001088 0.000000
0.411471 0.551745 0.022612 0.012970 0.000020 0.001183 0.000000
0.402526 0.559173 0.023551 0.013461 0.000021 0.001268 0.000000
0.393517 0.566509 0.024529 0.014064 0.000019 0.001362 0.000000
0.385549 0.573096 0.025366 0.014528 0.000018 0.001444 0.000000
0.382603 0.574978 0.026044 0.014833 0.000020 0.001522 0.000000
0.374669 0.581152 0.027147 0.015399 0.000021 0.001612 0.000000
0.368327 0.586037 0.028006 0.015900 0.000020 0.001709 0.000000
0.361058 0.591790 0.028908 0.016427 0.000020 0.001797 0.000000
0.351961 0.598757 0.030123 0.017224 0.000021 0.001915 0.000000
0.349360 0.600196 0.030798 0.017635 0.000020 0.001990 0.000000
0.346884 0.601725 0.031373 0.017925 0.000020 0.002073 0.000000
0.341651 0.605077 0.032545 0.018508 0.000023 0.002196 0.000000
0.334309 0.610628 0.033597 0.019108 0.000025 0.002332 0.000000
0.328735 0.614666 0.034513 0.019618 0.000027 0.002442 0.000000
0.315033 0.625669 0.036138 0.020543 0.000025 0.002592 0.000000
0.316799 0.622905 0.036659 0.020895 0.000029 0.002712 0.000000
0.306331 0.630924 0.038138 0.021692 0.000031 0.002883 0.000000
0.300748 0.634949 0.039118 0.022143 0.000034 0.003008 0.000000
0.297434 0.636747 0.039964 0.022665 0.000033 0.003156 0.000001
0.293762 0.638284 0.041218 0.023377 0.000034 0.003324 0.000001
0.287518 0.642420 0.042413 0.024112 0.000037 0.003500 0.000001
0.280239 0.647519 0.043739 0.024809 0.000038 0.003655 0.000001
0.273701 0.652392 0.044586 0.025479 0.000039 0.003802 0.000001
0.270630 0.653266 0.045955 0.026108 0.000039 0.004001 0.000001
0.263071 0.658651 0.047201 0.026883 0.000042 0.004152 0.000000
0.259303 0.660204 0.048422 0.027691 0.000045 0.004335 0.000001
0.258248 0.659613 0.049333 0.028233 0.000048 0.004523 0.000001
0.254434 0.660713 0.050880 0.029127 0.000050 0.004795 0.000001
0.255541 0.659224 0.051106 0.029193 0.000056 0.004879 0.000001
0.247315 0.664422 0.052868 0.030203 0.000059 0.005133 0.000000
0.243974 0.665838 0.053968 0.030806 0.000062 0.005351 0.000001
0.242294 0.664659 0.055588 0.031734 0.000059 0.005665 0.000001
0.239505 0.665825 0.056481 0.032261 0.000067 0.005860 0.000001
0.236829 0.667239 0.057198 0.032646 0.000072 0.006016 0.000001
0.232415 0.668886 0.058761 0.033598 0.000074 0.006265 0.000001
0.219291 0.677458 0.061424 0.035032 0.000082 0.006712 0.000001
0.218610 0.677216 0.061929 0.035284 0.000084 0.006877 0.000001
0.215876 0.677439 0.063452 0.035954 0.000095 0.007183 0.000001
0.213805 0.677216 0.064687 0.036823 0.000090 0.007378 0.000001
0.214526 0.675325 0.065245 0.037220 0.000095 0.007587 0.000001
0.207885 0.679028 0.066971 0.038042 0.000101 0.007972 0.000001
0.211411 0.674800 0.067349 0.038277 0.000102 0.008060 0.000001
0.202884 0.679408 0.069455 0.039672 0.000106 0.008473 0.000001
0.200625 0.679894 0.070503 0.040137 0.000111 0.008729 0.000001
0.195903 0.682288 0.071812 0.040814 0.000115 0.009067 0.000001
0.190639 0.684268 0.073598 0.041999 0.000116 0.009379 0.000001
0.187558 0.685345 0.074756 0.042571 0.000120 0.009650 0.000001
0.187220 0.683795 0.075831 0.043082 0.000115 0.009957 0.000001
0.181869 0.685932 0.077523 0.044222 0.000124 0.010329 0.000001
0.179556 0.686092 0.078759 0.044825 0.000129 0.010638 0.000001
0.170363 0.691796 0.080706 0.045941 0.000140 0.011053 0.000000
0.160810 0.695557 0.083747 0.047964 0.000143 0.011778 0.000001
0.161812 0.694718 0.083683 0.047796 0.000153 0.011838 0.000001
0.155574 0.696773 0.085934 0.049085 0.000155 0.012480 0.000000
0.149045 0.699850 0.087824 0.050243 0.000154 0.012883 0.000001
0.149744 0.698489 0.088084 0.050519 0.000154 0.013011 0.000000
0.140389 0.702051 0.091291 0.052243 0.000162 0.013864 0.000000
0.141644 0.700141 0.091608 0.052409 0.000170 0.014027 0.000001
0.136474 0.699617 0.094673 0.054215 0.000184 0.014837 0.000001
0.139275 0.697068 0.094400 0.054108 0.000186 0.014962 0.000001
0.136994 0.696612 0.095974 0.054829 0.000195 0.015396 0.000001
0.133985 0.695667 0.098094 0.055983 0.000202 0.016067 0.000001
0.128871 0.697200 0.100037 0.057139 0.000216 0.016536 0.000001
0.123608 0.699242 0.101764 0.058122 0.000207 0.017055 0.000001
0.122994 0.698171 0.102545 0.058704 0.000215 0.017369 0.000001
0.124577 0.694807 0.103550 0.059104 0.000217 0.017744 0.000001
0.122243 0.692871 0.105658 0.060461 0.000224 0.018542 0.000001
0.120878 0.692479 0.106760 0.060885 0.000223 0.018774 0.000001
0.116250 0.693457 0.108506 0.062092 0.000231 0.019462 0.000001
0.115824 0.691984 0.109547 0.062504 0.000245 0.019895 0.000001
0.110335 0.693829 0.111506 0.063641 0.000253 0.020435 0.000001
0.115180 0.688198 0.111859 0.063821 0.000265 0.020677 0.000001
0.108487 0.690215 0.114361 0.065261 0.000267 0.021409 0.000000
0.105396 0.689144 0.116675 0.066479 0.000278 0.022027 0.000001
0.106825 0.684502 0.118327 0.067287 0.000287 0.022771 0.000001
0.103994 0.686568 0.118682 0.067523 0.000295 0.022936 0.000001
0.100480 0.686613 0.120453 0.068578 0.000299 0.023575 0.000001
0.095248 0.686275 0.123368 0.070189 0.000307 0.024612 0.000001
0.093420 0.686776 0.124029 0.070531 0.000308 0.024937 0.000001
0.089619 0.686696 0.126122 0.071619 0.000321 0.025621 0.000001
0.083509 0.688753 0.128330 0.072823 0.000325 0.026259 0.000000
0.084418 0.686573 0.128822 0.073130 0.000342 0.026714 0.000001
0.082838 0.686755 0.129557 0.073450 0.000338 0.027062 0.000001
0.076842 0.686968 0.132485 0.075099 0.000366 0.028238 0.000001
0.075274 0.686228 0.133667 0.075762 0.000359 0.028710 0.000001
0.069260 0.688081 0.135754 0.077051 0.000367 0.029485 0.000001
0.069874 0.682385 0.138074 0.078788 0.000391 0.030488 0.000001
0.068964 0.679590 0.140051 0.079466 0.000387 0.031540 0.000001
0.066844 0.680641 0.140380 0.080013 0.000401 0.031719 0.000001
0.065363 0.679553 0.141594 0.080674 0.000411 0.032403 0.000001
0.066196 0.676409 0.142595 0.081290 0.000419 0.033090 0.000001
0.061109 0.678731 0.144283 0.082036 0.000421 0.033418 0.000001
0.061518 0.674604 0.145964 0.083173 0.000435 0.034305 0.000001
0.059560 0.673795 0.147267 0.083944 0.000436 0.034996 0.000001
0.055684 0.672471 0.149966 0.085335 0.000446 0.036098 0.000001
0.058020 0.668129 0.150670 0.085951 0.000442 0.036786 0.000001
0.055334 0.667393 0.152352 0.086859 0.000470 0.037591 0.000001
0.054254 0.667114 0.152828 0.087339 0.000462 0.038001 0.000002
0.049979 0.665300 0.155990 0.088892 0.000500 0.039339 0.000001
0.048510 0.665891 0.156243 0.089212 0.000490 0.039652 0.000002
0.048041 0.661993 0.158317 0.090457 0.000496 0.040693 0.000002
0.049272 0.659472 0.158921 0.090590 0.000518 0.041225 0.000002
0.057579 0.652855 0.157885 0.089942 0.000521 0.041216 0.000001
0.056334 0.649491 0.160153 0.091221 0.000510 0.042290 0.000001
0.057112 0.645375 0.161751 0.092038 0.000526 0.043194 0.000003
0.056634 0.646085 0.161476 0.091978 0.000521 0.043304 0.000003
0.061533 0.639782 0.162070 0.092318 0.000541 0.043752 0.000003
0.054783 0.640056 0.165118 0.094075 0.000556 0.045410 0.000002
0.054704 0.636989 0.166624 0.094877 0.000570 0.046234 0.000003
0.054287 0.636007 0.167241 0.095212 0.000564 0.046684 0.000004
0.054770 0.633861 0.167905 0.095689 0.000578 0.047193 0.000004
0.051596 0.632573 0.169997 0.096660 0.000591 0.048579 0.000004
0.057118 0.628356 0.169032 0.096212 0.000581 0.048696 0.000005
0.059144 0.624660 0.169601 0.096676 0.000585 0.049329 0.000005
0.063046 0.619111 0.170327 0.096888 0.000608 0.050015 0.000005
0.063234 0.617335 0.170941 0.097283 0.000591 0.050611 0.000004
0.066382 0.614001 0.170879 0.097363 0.000596 0.050773 0.000005
0.063183 0.613924 0.172487 0.098074 0.000616 0.051711 0.000005
0.061060 0.612267 0.174086 0.099139 0.000616 0.052827 0.000005
0.059594 0.610306 0.175684 0.099950 0.000634 0.053826 0.000005
0.061395 0.608931 0.175122 0.099859 0.000639 0.054048 0.000005
0.063608 0.606555 0.175290 0.099679 0.000630 0.054232 0.000005
0.059565 0.607389 0.176692 0.100484 0.000648 0.055215 0.000006
0.059614 0.604641 0.177752 0.101153 0.000667 0.056171 0.000004
0.058219 0.603287 0.178885 0.101951 0.000706 0.056948 0.000005
0.054773 0.602268 0.181198 0.102819 0.000713 0.058225 0.000004
0.052420 0.601615 0.182440 0.103737 0.000717 0.059065 0.000006
0.050900 0.601340 0.183111 0.104238 0.000704 0.059703 0.000005
0.047495 0.601661 0.184501 0.105183 0.000699 0.060455 0.000005
0.048314 0.599468 0.184919 0.105285 0.000712 0.061297 0.000004
0.046127 0.599023 0.186007 0.106018 0.000732 0.062089 0.000005
0.042673 0.598509 0.187922 0.107149 0.000749 0.062994 0.000005
0.041542 0.596882 0.188988 0.107635 0.000773 0.064177 0.000004
0.037841 0.595408 0.191413 0.109121 0.000761 0.065452 0.000006
0.035608 0.593043 0.193447 0.110250 0.000784 0.066863 0.000005
0.036154 0.593730 0.192932 0.109667 0.000778 0.066733 0.000007
0.032930 0.590682 0.195515 0.111669 0.000810 0.068388 0.000006
0.033741 0.589385 0.195660 0.111475 0.000786 0.068947 0.000005
0.031745 0.588838 0.196811 0.112062 0.000822 0.069717 0.000006
0.029596 0.585883 0.199035 0.113451 0.000822 0.071206 0.000007
0.028160 0.582924 0.200773 0.114682 0.000846 0.072608 0.000006
0.028851 0.583204 0.200272 0.114126 0.000845 0.072695 0.000006
0.036575 0.575752 0.199805 0.113846 0.000842 0.073173 0.000007
0.035119 0.573670 0.201307 0.114759 0.000856 0.074283 0.000006
0.035540 0.570056 0.202762 0.115449 0.000869 0.075318 0.000005
0.035971 0.568613 0.202875 0.115696 0.000890 0.075949 0.000005
0.035362 0.567608 0.203421 0.116025 0.000887 0.076690 0.000008
0.035374 0.565115 0.204188 0.116562 0.000905 0.077848 0.000007
0.035251 0.564212 0.204365 0.116851 0.000920 0.078395 0.000006
0.036912 0.559730 0.205529 0.117209 0.000939 0.079673 0.000007
0.040292 0.555491 0.205650 0.117416 0.000932 0.080211 0.000008
0.044652 0.550326 0.205522 0.117414 0.000922 0.081158 0.000006
0.042032 0.551541 0.206138 0.117672 0.000962 0.081648 0.000007
0.043415 0.550352 0.205988 0.117472 0.000964 0.081802 0.000007
0.045069 0.548221 0.206093 0.117284 0.000965 0.082361 0.000007
0.043676 0.546756 0.206917 0.118177 0.000974 0.083493 0.000007
0.039453 0.546927 0.209185 0.118982 0.000964 0.084482 0.000007
0.041637 0.544966 0.208490 0.118973 0.000965 0.084960 0.000008
0.041223 0.542215 0.209879 0.119319 0.000998 0.086357 0.000010
0.038030 0.542452 0.211012 0.120268 0.001015 0.087213 0.000009
0.038311 0.539626 0.212163 0.120553 0.001021 0.088316 0.000009
0.037370 0.538877 0.212629 0.120923 0.001048 0.089144 0.000010
0.034749 0.538265 0.213939 0.121864 0.001024 0.090149 0.000009
0.031090 0.536420 0.216752 0.122966 0.001062 0.091701 0.000009
0.034565 0.535827 0.214928 0.122084 0.001061 0.091525 0.000010
0.029627 0.533748 0.218029 0.123769 0.001052 0.093764 0.000010
0.026830 0.533127 0.219516 0.124535 0.001104 0.094878 0.000009
0.028179 0.530073 0.220006 0.125004 0.001113 0.095612 0.000012
0.026817 0.529839 0.220617 0.125010 0.001092 0.096615 0.000009
0.027945 0.528123 0.220485 0.124982 0.001134 0.097322 0.000010
0.025340 0.524667 0.222991 0.126515 0.001119 0.099357 0.000012
0.024272 0.524384 0.223376 0.126794 0.001145 0.100013 0.000015
0.025032 0.524658 0.222843 0.126632 0.001149 0.099675 0.000012
0.022391 0.520792 0.225438 0.128174 0.001175 0.102015 0.000015
0.022677 0.520728 0.225180 0.128006 0.001193 0.102200 0.000016
0.022173 0.516261 0.227208 0.129061 0.001218 0.104064 0.000014
0.021590 0.516555 0.226992 0.128955 0.001226 0.104670 0.000012
0.020655 0.513527 0.228687 0.129746 0.001227 0.106145 0.000013
0.020318 0.510918 0.229550 0.130506 0.001245 0.107451 0.000012
0.023239 0.508287 0.229009 0.130136 0.001252 0.108065 0.000013
0.027412 0.504060 0.228695 0.130147 0.001235 0.108437 0.000015
0.031603 0.500891 0.227956 0.129579 0.001270 0.108688 0.000014
0.032527 0.497198 0.228950 0.130293 0.001266 0.109751 0.000015
0.026654 0.496716 0.231441 0.131651 0.001299 0.112227 0.000013
0.032805 0.494490 0.229357 0.130293 0.001285 0.111756 0.000015
0.030244 0.494170 0.230963 0.131030 0.001283 0.112294 0.000016
0.030393 0.492464 0.230949 0.131395 0.001300 0.113486 0.000013
0.031310 0.490055 0.231580 0.131506 0.001289 0.114247 0.000013
0.034094 0.488293 0.231023 0.130980 0.001308 0.114289 0.000013
0.029039 0.487378 0.233382 0.132294 0.001307 0.116587 0.000013
0.029547 0.485936 0.233252 0.132433 0.001337 0.117481 0.000013
0.027861 0.487206 0.233710 0.132472 0.001363 0.117376 0.000013
0.027412 0.484581 0.234502 0.133086 0.001353 0.119054 0.000012
0.024381 0.483622 0.236197 0.134071 0.001362 0.120353 0.000014
0.024936 0.480732 0.236671 0.134194 0.001374 0.122079 0.000015
0.024926 0.480041 0.236566 0.134359 0.001387 0.122707 0.000015
0.023881 0.479464 0.237352 0.134613 0.001425 0.123250 0.000015
0.023048 0.477471 0.238170 0.135106 0.001392 0.124799 0.000013
0.021316 0.475014 0.239616 0.136166 0.001421 0.126453 0.000015
0.019901 0.474810 0.240259 0.136191 0.001432 0.127392 0.000014
0.020215 0.472799 0.240787 0.136488 0.001452 0.128247 0.000013
0.019679 0.473902 0.240399 0.136422 0.001416 0.128166 0.000014
0.019532 0.467782 0.242598 0.137569 0.001472 0.131029 0.000018
0.018846 0.468548 0.242271 0.137671 0.001476 0.131172 0.000016
0.019616 0.467438 0.242136 0.137457 0.001549 0.131785 0.000018
0.017912 0.463712 0.243919 0.138856 0.001542 0.134041 0.000018
0.018293 0.463719 0.243496 0.138493 0.001522 0.134456 0.000020
0.016972 0.460654 0.245322 0.139601 0.001555 0.135875 0.000019
0.016725 0.460013 0.245270 0.139312 0.001548 0.137113 0.000019
0.016799 0.457065 0.246449 0.139906 0.001552 0.138210 0.000019
0.016473 0.455958 0.246814 0.140179 0.001557 0.138996 0.000023
0.016604 0.452413 0.247684 0.140446 0.001602 0.141229 0.000022
0.016674 0.453577 0.247291 0.140308 0.001583 0.140546 0.000020
0.015925 0.449292 0.248624 0.141335 0.001617 0.143183 0.000023
0.016104 0.448423 0.248637 0.141164 0.001603 0.144045 0.000024
0.015942 0.447045 0.249284 0.141152 0.001614 0.144942 0.000022
0.015741 0.445789 0.249498 0.141486 0.001645 0.145821 0.000019
0.016022 0.445971 0.249391 0.141302 0.001628 0.145667 0.000020
0.015512 0.442813 0.250288 0.142040 0.001656 0.147668 0.000024
0.014902 0.440832 0.250950 0.142469 0.001676 0.149145 0.000025
0.015191 0.439611 0.251095 0.142598 0.001663 0.149815 0.000027
0.015378 0.437862 0.251682 0.142678 0.001707 0.150669 0.000024
0.015019 0.433498 0.252852 0.143431 0.001705 0.153468 0.000027
0.014818 0.432468 0.253368 0.143844 0.001736 0.153740 0.000026
0.015029 0.431076 0.253248 0.143925 0.001746 0.154951 0.000024
0.015223 0.431399 0.253228 0.143631 0.001755 0.154738 0.000026
0.014866 0.428786 0.253994 0.143960 0.001755 0.156614 0.000025
0.014913 0.427992 0.254125 0.144258 0.001788 0.156896 0.000027
0.015130 0.427196 0.253868 0.144162 0.001789 0.157825 0.000029
0.014782 0.425340 0.254740 0.144421 0.001794 0.158897 0.000026
0.014781 0.421369 0.255654 0.145072 0.001814 0.161283 0.000027
0.014844 0.421943 0.255403 0.144742 0.001802 0.161235 0.000030
0.014346 0.419151 0.256365 0.145186 0.001828 0.163099 0.000026
0.014656 0.417345 0.256371 0.145034 0.001843 0.164724 0.000028
0.014375 0.416234 0.256701 0.145489 0.001824 0.165348 0.000029
0.014607 0.414650 0.257003 0.145710 0.001856 0.166144 0.000030
0.014241 0.412741 0.257233 0.146154 0.001877 0.167724 0.000030
0.014419 0.411343 0.257867 0.146141 0.001888 0.168313 0.000028
0.014325 0.409290 0.258150 0.146328 0.001926 0.169949 0.000032
0.014355 0.409411 0.257871 0.146228 0.001901 0.170202 0.000031
0.014002 0.405544 0.259031 0.147043 0.001926 0.172425 0.000029
0.014470 0.406087 0.258334 0.146620 0.001909 0.172546 0.000034
0.014429 0.405788 0.258293 0.146668 0.001925 0.172862 0.000035
0.014309 0.402581 0.259026 0.147018 0.001952 0.175085 0.000029
0.014371 0.401967 0.259174 0.146873 0.001958 0.175623 0.000035
0.014333 0.400052 0.259871 0.147032 0.001952 0.176729 0.000032
0.014150 0.399033 0.259974 0.147284 0.001986 0.177540 0.000034
0.014053 0.397176 0.260134 0.147643 0.001967 0.178994 0.000032
0.014163 0.397132 0.260129 0.147563 0.001986 0.178989 0.000038
0.014051 0.394238 0.261016 0.147804 0.002017 0.180840 0.000035
0.013876 0.392304 0.261392 0.147917 0.002036 0.182440 0.000036
0.014092 0.390748 0.261465 0.148136 0.002024 0.183500 0.000035
0.014036 0.389520 0.262020 0.148153 0.002029 0.184204 0.000038
0.014225 0.388609 0.262008 0.148275 0.002044 0.184801 0.000038
0.014001 0.388735 0.261419 0.148225 0.002058 0.185520 0.000041
0.014092 0.383985 0.262529 0.148982 0.002106 0.188267 0.000040
0.014039 0.383663 0.262880 0.149069 0.002100 0.188213 0.000037
0.013924 0.380621 0.263569 0.149242 0.002102 0.190508 0.000034
0.014041 0.381921 0.263106 0.148759 0.002126 0.190013 0.000033
0.013914 0.377302 0.263969 0.149500 0.002137 0.193136 0.000041
0.014042 0.377036 0.263847 0.149730 0.002147 0.193157 0.000040
0.014123 0.376202 0.264019 0.149359 0.002178 0.194079 0.000040
0.014236 0.375168 0.264159 0.149500 0.002184 0.194714 0.000039
0.014011 0.374308 0.264297 0.149530 0.002161 0.195651 0.000042
0.013742 0.371705 0.264778 0.149790 0.002196 0.197747 0.000042
0.013916 0.371462 0.264867 0.149670 0.002176 0.197871 0.000039
0.013960 0.371015 0.264436 0.149739 0.002226 0.198583 0.000040
0.013913 0.369874 0.264578 0.149617 0.002242 0.199740 0.000036
0.013914 0.367109 0.265156 0.149949 0.002250 0.201581 0.000041
0.013791 0.365806 0.265201 0.150616 0.002240 0.202301 0.000045
0.014037 0.365338 0.265182 0.150123 0.002275 0.203001 0.000044
0.014230 0.363186 0.265165 0.150538 0.002287 0.204557 0.000038
0.014011 0.359893 0.266379 0.150501 0.002313 0.206861 0.000042
0.013924 0.360456 0.265844 0.150722 0.002300 0.206710 0.000044
0.013625 0.357980 0.266070 0.150967 0.002339 0.208978 0.000041
0.013711 0.357302 0.266123 0.151003 0.002336 0.209478 0.000046
0.013987 0.357740 0.265854 0.150612 0.002348 0.209418 0.000042
0.013967 0.355463 0.265925 0.150913 0.002366 0.211325 0.000041
0.013996 0.353971 0.266458 0.150902 0.002389 0.212239 0.000044
0.013960 0.353494 0.266209 0.150844 0.002363 0.213087 0.000044
0.014033 0.352305 0.266482 0.150859 0.002395 0.213885 0.000041
0.013864 0.348859 0.267247 0.151385 0.002399 0.216202 0.000045
0.014051 0.347506 0.266822 0.151517 0.002412 0.217650 0.000042
0.014001 0.346612 0.267155 0.151154 0.002391 0.218645 0.000042
0.013995 0.344256 0.267650 0.151636 0.002439 0.219982 0.000042
0.014095 0.344605 0.267293 0.151381 0.002445 0.220133 0.000048
0.014141 0.344945 0.267036 0.151086 0.002488 0.220259 0.000045
0.014113 0.342204 0.267558 0.151368 0.002465 0.222244 0.000049
0.014145 0.341068 0.267543 0.151552 0.002460 0.223184 0.000047
0.014077 0.339559 0.267699 0.151547 0.002442 0.224629 0.000047
0.014025 0.339745 0.267492 0.151251 0.002462 0.224973 0.000051
0.014215 0.337943 0.267742 0.151625 0.002511 0.225915 0.000049
0.014076 0.336596 0.267964 0.151499 0.002533 0.227276 0.000055
0.014067 0.335394 0.268006 0.151628 0.002511 0.228345 0.000048
0.014101 0.334791 0.267902 0.151507 0.002561 0.229091 0.000047
0.014128 0.333044 0.268022 0.151866 0.002553 0.230337 0.000051
0.014098 0.333505 0.267802 0.151726 0.002523 0.230295 0.000051
0.013978 0.330480 0.268143 0.151881 0.002540 0.232922 0.000056
0.014146 0.329734 0.268087 0.151644 0.002553 0.233789 0.000047
0.014080 0.328061 0.268096 0.151565 0.002589 0.235555 0.000055
0.014046 0.325662 0.268483 0.152072 0.002612 0.237076 0.000048
0.013814 0.326353 0.268349 0.152070 0.002581 0.236785 0.000049
0.013948 0.325972 0.268302 0.151817 0.002595 0.237317 0.000050
0.014224 0.323608 0.268261 0.151995 0.002619 0.239238 0.000054
0.020034 0.321337 0.266488 0.151137 0.002581 0.238371 0.000053
0.026252 0.318491 0.264368 0.150002 0.002585 0.238249 0.000052
0.032294 0.317687 0.261948 0.148563 0.002582 0.236874 0.000051
0.027643 0.316852 0.263713 0.149437 0.002611 0.239682 0.000062
0.028782 0.317482 0.262907 0.149055 0.002600 0.239119 0.000055
0.031515 0.315731 0.261842 0.148398 0.002635 0.239824 0.000054
0.029716 0.316343 0.262425 0.148544 0.002621 0.240301 0.000050
0.027288 0.315138 0.263189 0.149221 0.002628 0.242480 0.000055
0.026878 0.313699 0.263304 0.149131 0.002638 0.244292 0.000058
0.025736 0.313897 0.263099 0.149129 0.002654 0.245427 0.000059
0.023815 0.313635 0.263887 0.149438 0.002689 0.246476 0.000060
0.024547 0.311218 0.263541 0.149362 0.002709 0.248566 0.000058
0.025729 0.313303 0.262284 0.148756 0.002728 0.247143 0.000057
0.020343 0.309586 0.265319 0.150392 0.002735 0.251571 0.000053
0.024839 0.310389 0.262719 0.149038 0.002721 0.250238 0.000056
0.022150 0.308911 0.264032 0.149668 0.002733 0.252449 0.000057
0.023159 0.312524 0.262482 0.148709 0.002728 0.250333 0.000065
0.022127 0.309779 0.262856 0.149374 0.002763 0.253044 0.000057
0.019160 0.307282 0.265115 0.150215 0.002749 0.255427 0.000052
0.019940 0.306920 0.264233 0.149764 0.002761 0.256323 0.000059
0.018060 0.305310 0.265513 0.150469 0.002771 0.257825 0.000053
0.017578 0.303379 0.265895 0.150715 0.002787 0.259590 0.000056
0.018859 0.304586 0.264037 0.150073 0.002784 0.259604 0.000057
0.017475 0.302010 0.265398 0.150558 0.002805 0.261692 0.000061
0.016939 0.300783 0.265868 0.150507 0.002849 0.262996 0.000059
0.016498 0.299805 0.266091 0.150782 0.002855 0.263911 0.000057
0.016643 0.298298 0.265689 0.150679 0.002880 0.265756 0.000055
0.016490 0.296413 0.266038 0.150501 0.002898 0.267598 0.000061
0.016672 0.296295 0.265470 0.150782 0.002867 0.267854 0.000060
0.016759 0.296401 0.265669 0.150472 0.002906 0.267733 0.000059
0.015705 0.292731 0.266654 0.151030 0.002957 0.270860 0.000062
0.016542 0.294477 0.265523 0.150568 0.002915 0.269912 0.000062
0.015812 0.292112 0.266052 0.150711 0.002922 0.272328 0.000063
0.015828 0.291649 0.265677 0.150539 0.002929 0.273322 0.000057
0.015547 0.290768 0.265923 0.150864 0.002945 0.273893 0.000060
0.015599 0.289695 0.265875 0.150556 0.002966 0.275241 0.000067
0.015566 0.287832 0.266467 0.150568 0.002964 0.276543 0.000060
0.014959 0.285293 0.266547 0.151139 0.003005 0.278994 0.000064
0.015669 0.286840 0.265670 0.150381 0.002960 0.278420 0.000061
0.015535 0.284728 0.265603 0.150823 0.002961 0.280283 0.000067
0.015190 0.283988 0.266286 0.150993 0.003008 0.280474 0.000061
0.015096 0.281194 0.266620 0.150989 0.002996 0.283039 0.000065
0.015307 0.280613 0.266486 0.150805 0.003033 0.283689 0.000067
0.014961 0.279370 0.266672 0.151152 0.003067 0.284706 0.000072
0.015242 0.279373 0.265699 0.150705 0.003045 0.285868 0.000068
0.015170 0.275812 0.266241 0.151020 0.003020 0.288669 0.000070
0.015222 0.278765 0.265769 0.150668 0.003043 0.286460 0.000073
0.015410 0.276340 0.265677 0.150831 0.003075 0.288596 0.000071
0.015086 0.274000 0.266216 0.151021 0.003089 0.290517 0.000070
0.015646 0.275379 0.265426 0.150492 0.003082 0.289898 0.000077
0.015323 0.273631 0.265569 0.150514 0.003107 0.291785 0.000072
0.015408 0.272661 0.265264 0.150464 0.003092 0.293037 0.000074
0.015439 0.271375 0.265822 0.150718 0.003115 0.293457 0.000074
0.015194 0.269091 0.266049 0.150654 0.003124 0.295816 0.000072
0.014940 0.268348 0.266213 0.150584 0.003097 0.296743 0.000074
0.015072 0.267988 0.265619 0.150735 0.003106 0.297402 0.000077
0.015044 0.267510 0.265116 0.150747 0.003133 0.298378 0.000071
0.015108 0.266010 0.265233 0.150721 0.003145 0.299710 0.000074
0.015289 0.264091 0.265215 0.150455 0.003117 0.301757 0.000076
0.015143 0.264471 0.265347 0.150482 0.003137 0.301342 0.000077
0.015067 0.262460 0.265330 0.150490 0.003173 0.303403 0.000078
0.015314 0.262211 0.265082 0.150032 0.003187 0.304100 0.000073
0.015185 0.261504 0.265077 0.150440 0.003171 0.304544 0.000078
0.015456 0.261455 0.264475 0.150158 0.003149 0.305222 0.000085
0.015108 0.260900 0.264644 0.150159 0.003192 0.305921 0.000075
0.015194 0.259349 0.264407 0.150292 0.003197 0.307479 0.000083
0.015260 0.257888 0.264395 0.150287 0.003196 0.308898 0.000076
0.015648 0.258155 0.264125 0.149814 0.003212 0.308967 0.000079
0.015381 0.255156 0.264632 0.150112 0.003267 0.311370 0.000082
0.015377 0.255606 0.263883 0.150054 0.003209 0.311784 0.000087
0.015528 0.256470 0.263259 0.149659 0.003246 0.311753 0.000085
0.015432 0.253648 0.263658 0.149637 0.003279 0.314263 0.000082
0.015411 0.253661 0.263656 0.149392 0.003297 0.314500 0.000084
0.015182 0.252324 0.263264 0.149764 0.003279 0.316104 0.000083
0.015326 0.250909 0.263112 0.149784 0.003264 0.317531 0.000074
0.015675 0.252339 0.263304 0.149242 0.003249 0.316108 0.000083
0.015600 0.249737 0.262983 0.149417 0.003265 0.318913 0.000085
0.015579 0.248062 0.263286 0.149557 0.003286 0.320142 0.000087
0.015516 0.248514 0.262969 0.149096 0.003299 0.320514 0.000091
0.015535 0.246865 0.262777 0.149297 0.003298 0.322135 0.000092
0.015408 0.247138 0.262566 0.149040 0.003299 0.322461 0.000088
0.015455 0.245762 0.262356 0.149043 0.003325 0.323968 0.000092
0.015553 0.243681 0.262399 0.148952 0.003341 0.325983 0.000092
0.015737 0.243616 0.261614 0.148935 0.003324 0.326678 0.000096
0.015474 0.243081 0.261739 0.148937 0.003321 0.327354 0.000094
0.016085 0.243241 0.261456 0.148454 0.003405 0.327261 0.000097
0.015415 0.241433 0.262052 0.149061 0.003373 0.328577 0.000089
0.015804 0.240817 0.262224 0.148639 0.003391 0.329043 0.000083
0.015543 0.239255 0.261766 0.148857 0.003414 0.331077 0.000088
0.015829 0.238713 0.261492 0.147823 0.003408 0.332636 0.000100
0.015843 0.237376 0.261180 0.147899 0.003413 0.334189 0.000101
0.015804 0.236319 0.261378 0.148076 0.003400 0.334930 0.000093
0.015968 0.237897 0.260583 0.148042 0.003409 0.334001 0.000100
0.015813 0.235569 0.260868 0.148297 0.003424 0.335940 0.000090
0.015808 0.235150 0.260705 0.148100 0.003465 0.336677 0.000095
0.015910 0.234090 0.260668 0.147586 0.003463 0.338185 0.000097
0.016355 0.233487 0.260122 0.147772 0.003477 0.338691 0.000096
0.015887 0.233085 0.260009 0.147919 0.003477 0.339531 0.000092
0.016155 0.232031 0.259985 0.147502 0.003476 0.340756 0.000095
0.016167 0.231243 0.259886 0.147414 0.003490 0.341710 0.000089
0.015805 0.230321 0.259606 0.147386 0.003489 0.343296 0.000096
0.016390 0.229091 0.259980 0.147570 0.003540 0.343334 0.000094
0.016085 0.228342 0.259337 0.147203 0.003539 0.345391 0.000103
0.016233 0.229264 0.259034 0.146792 0.003506 0.345079 0.000092
0.016091 0.227500 0.259044 0.146875 0.003491 0.346902 0.000099
0.016403 0.227348 0.258930 0.146743 0.003493 0.346985 0.000099
0.016152 0.224304 0.259059 0.146833 0.003577 0.349971 0.000103
0.016221 0.223943 0.258866 0.146664 0.003596 0.350610 0.000100
0.016522 0.224768 0.258492 0.146345 0.003540 0.350230 0.000103
0.016318 0.223559 0.258276 0.146326 0.003595 0.351816 0.000110
0.016508 0.222397 0.258558 0.146291 0.003549 0.352593 0.000104
0.016376 0.221720 0.258035 0.146240 0.003549 0.353974 0.000105
0.016543 0.220844 0.258007 0.146348 0.003563 0.354594 0.000102
0.016527 0.220144 0.257744 0.145881 0.003591 0.356010 0.000104
0.016349 0.220614 0.257337 0.146149 0.003592 0.355855 0.000104
0.016549 0.218551 0.257413 0.145914 0.003618 0.357850 0.000105
0.016521 0.219203 0.256613 0.145896 0.003562 0.358096 0.000109
0.016484 0.217865 0.256466 0.145720 0.003631 0.359735 0.000099
0.016320 0.216574 0.256807 0.145513 0.003645 0.361037 0.000105
0.016830 0.216748 0.256195 0.145279 0.003677 0.361166 0.000105
0.016707 0.216178 0.256170 0.145510 0.003684 0.361644 0.000106
0.016660 0.214925 0.256095 0.145221 0.003718 0.363271 0.000111
0.016831 0.214764 0.255653 0.145113 0.003687 0.363843 0.000109
0.016675 0.214350 0.255639 0.144863 0.003695 0.364669 0.000109
0.016689 0.212862 0.255485 0.145204 0.003742 0.365916 0.000101
0.016511 0.212364 0.255748 0.145027 0.003730 0.366515 0.000105
0.016873 0.211079 0.254818 0.144915 0.003712 0.368501 0.000101
0.023108 0.210749 0.252718 0.143820 0.003712 0.365784 0.000109
0.034636 0.210965 0.248780 0.140946 0.003647 0.360919 0.000106
0.035429 0.210308 0.248174 0.140830 0.003649 0.361503 0.000107
0.033849 0.211667 0.247766 0.140884 0.003671 0.362062 0.000101
0.034787 0.210762 0.247324 0.140470 0.003651 0.362892 0.000113
0.033977 0.212423 0.246704 0.140350 0.003669 0.362768 0.000109
0.033675 0.213307 0.246651 0.139826 0.003654 0.362773 0.000115
0.030753 0.211489 0.247324 0.140359 0.003670 0.366298 0.000107
0.030902 0.211587 0.246905 0.139937 0.003694 0.366869 0.000107
0.029645 0.210791 0.247052 0.140312 0.003718 0.368374 0.000109
0.029669 0.211978 0.246538 0.139888 0.003703 0.368118 0.000107
0.026607 0.210579 0.247649 0.140653 0.003716 0.370680 0.000116
0.025371 0.208662 0.248040 0.140666 0.003794 0.373355 0.000111
0.026990 0.211368 0.246670 0.139562 0.003724 0.371572 0.000114
0.027200 0.212380 0.245700 0.139164 0.003770 0.371674 0.000113
0.022754 0.207143 0.248120 0.140936 0.003823 0.377108 0.000116
0.022186 0.206572 0.248193 0.140851 0.003808 0.378270 0.000119
0.021518 0.205299 0.248207 0.140823 0.003855 0.380182 0.000116
0.021939 0.206972 0.247638 0.140510 0.003860 0.378958 0.000122
0.021030 0.205192 0.248162 0.140907 0.003865 0.380730 0.000114
0.021401 0.205535 0.247533 0.140069 0.003862 0.381483 0.000117
0.020937 0.203876 0.247652 0.140189 0.003885 0.383344 0.000117
0.020117 0.203115 0.248016 0.140374 0.003853 0.384408 0.000116
0.019667 0.201592 0.248148 0.140654 0.003938 0.385888 0.000113
0.020435 0.202128 0.247106 0.140124 0.003914 0.386172 0.000122
0.020448 0.201084 0.246916 0.139752 0.003904 0.387781 0.000115
0.020180 0.201847 0.246716 0.139751 0.003899 0.387480 0.000127
0.018841 0.199628 0.247905 0.140349 0.003924 0.389228 0.000125
0.019383 0.198802 0.246555 0.139987 0.003960 0.391191 0.000122
0.019400 0.198431 0.246701 0.140131 0.003985 0.391224 0.000127
0.019133 0.196537 0.247147 0.139808 0.003946 0.393309 0.000121
0.018649 0.194719 0.247217 0.140041 0.003959 0.395285 0.000130
0.019233 0.195649 0.246742 0.139445 0.003967 0.394839 0.000125
0.019097 0.195906 0.246339 0.139164 0.003927 0.395437 0.000130
0.019229 0.197075 0.246051 0.139360 0.003941 0.394221 0.000123
0.019073 0.194951 0.245663 0.139432 0.003930 0.396832 0.000119
0.018617 0.192918 0.246084 0.139641 0.004000 0.398607 0.000134
0.018718 0.192613 0.246099 0.139708 0.003998 0.398728 0.000137
0.019151 0.193627 0.244605 0.138744 0.003992 0.399757 0.000124
0.018850 0.191851 0.245596 0.138828 0.004009 0.400730 0.000137
0.018535 0.189777 0.245530 0.139088 0.004062 0.402864 0.000143
0.018426 0.189358 0.245536 0.138934 0.004063 0.403545 0.000139
0.018471 0.189426 0.244801 0.138794 0.004101 0.404270 0.000137
0.018535 0.187715 0.245102 0.138808 0.004100 0.405607 0.000134
0.018913 0.187278 0.244108 0.138613 0.004099 0.406847 0.000143
0.018595 0.187060 0.244343 0.138229 0.004028 0.407606 0.000138
0.018483 0.186949 0.244139 0.138202 0.004098 0.407984 0.000145
0.018905 0.186725 0.243673 0.138005 0.004079 0.408472 0.000141
0.018884 0.185062 0.243342 0.137759 0.004088 0.410732 0.000135
0.018889 0.183973 0.243001 0.137632 0.004089 0.412280 0.000136
0.018306 0.183552 0.243908 0.137769 0.004092 0.412239 0.000135
0.018782 0.184800 0.243008 0.137714 0.004064 0.411492 0.000141
0.018336 0.182549 0.243326 0.137614 0.004134 0.413898 0.000142
0.018702 0.182932 0.242432 0.136964 0.004127 0.414700 0.000142
0.019186 0.181730 0.242277 0.137137 0.004122 0.415412 0.000136
0.018767 0.181120 0.242028 0.137057 0.004143 0.416746 0.000138
0.018814 0.180268 0.241820 0.136959 0.004179 0.417825 0.000135
0.018996 0.180554 0.241488 0.136524 0.004120 0.418168 0.000150
0.018776 0.180225 0.241307 0.136673 0.004219 0.418661 0.000140
0.018793 0.178101 0.240579 0.136248 0.004212 0.421919 0.000148
0.018820 0.178393 0.240853 0.136319 0.004180 0.421290 0.000144
0.019090 0.176420 0.241060 0.136328 0.004197 0.422770 0.000135
0.019027 0.175949 0.240404 0.135833 0.004217 0.424411 0.000159
0.018940 0.176568 0.240075 0.136244 0.004164 0.423867 0.000142
0.018871 0.174568 0.239747 0.135842 0.004261 0.426559 0.000152
0.019135 0.175015 0.239304 0.135518 0.004212 0.426674 0.000143
0.019192 0.175458 0.238995 0.135878 0.004192 0.426140 0.000145
0.019118 0.175595 0.238536 0.135184 0.004239 0.427173 0.000155
0.019290 0.173876 0.238693 0.135085 0.004186 0.428719 0.000152
0.019330 0.173509 0.238990 0.134827 0.004238 0.428938 0.000166
0.019257 0.172947 0.238427 0.134618 0.004279 0.430327 0.000146
0.019340 0.172048 0.238551 0.135192 0.004277 0.430443 0.000150
0.019126 0.171343 0.237862 0.134894 0.004290 0.432335 0.000150
0.019389 0.171032 0.237800 0.134605 0.004265 0.432752 0.000157
0.019519 0.171520 0.237781 0.134578 0.004235 0.432222 0.000146
0.019358 0.170266 0.237170 0.134310 0.004293 0.434446 0.000157
0.019457 0.171339 0.236879 0.134083 0.004260 0.433824 0.000157
0.019465 0.169222 0.236363 0.134135 0.004284 0.436369 0.000162
0.019937 0.169897 0.236417 0.134083 0.004245 0.435267 0.000156
0.019470 0.168224 0.236394 0.133903 0.004270 0.437581 0.000157
0.019604 0.169239 0.235406 0.133728 0.004315 0.437543 0.000165
0.019299 0.167461 0.235775 0.133503 0.004299 0.439496 0.000166
0.019740 0.165741 0.235177 0.133384 0.004318 0.441475 0.000165
0.019785 0.167620 0.234550 0.133250 0.004319 0.440316 0.000158
0.019917 0.166916 0.234605 0.132847 0.004280 0.441264 0.000172
0.019978 0.167800 0.234424 0.132521 0.004345 0.440781 0.000152
0.019576 0.165214 0.234081 0.132788 0.004334 0.443841 0.000167
0.019635 0.164306 0.234225 0.132929 0.004326 0.444419 0.000160
0.019831 0.163701 0.233816 0.132299 0.004301 0.445892 0.000161
0.019853 0.164091 0.233357 0.132230 0.004326 0.445972 0.000171
0.019972 0.164252 0.233652 0.132080 0.004350 0.445525 0.000170
0.019968 0.162492 0.232709 0.131798 0.004429 0.448433 0.000172
0.020247 0.161300 0.233086 0.131903 0.004385 0.448921 0.000158
0.019788 0.162238 0.232792 0.132033 0.004373 0.448616 0.000161
0.020329 0.161893 0.232507 0.131533 0.004373 0.449198 0.000168
0.020224 0.161377 0.232464 0.131549 0.004360 0.449871 0.000157
0.020128 0.161531 0.232128 0.131400 0.004420 0.450236 0.000158
0.020109 0.159288 0.231682 0.131272 0.004406 0.453078 0.000165
0.020187 0.159131 0.231481 0.131047 0.004493 0.453490 0.000170
0.019929 0.159465 0.231424 0.131042 0.004428 0.453543 0.000169
0.020478 0.157269 0.231071 0.130865 0.004384 0.455766 0.000168
0.020107 0.158207 0.230599 0.130746 0.004472 0.455687 0.000182
0.020486 0.155902 0.230469 0.130338 0.004457 0.458173 0.000175
0.020294 0.157968 0.230363 0.130450 0.004478 0.456274 0.000172
0.020333 0.155780 0.229726 0.129855 0.004473 0.459653 0.000180
0.020266 0.158845 0.229616 0.130081 0.004535 0.456483 0.000173
0.020621 0.156085 0.228883 0.129727 0.004490 0.460020 0.000174
0.020370 0.155080 0.229100 0.129672 0.004500 0.461094 0.000185
0.020798 0.155417 0.228515 0.129503 0.004445 0.461153 0.000169
0.020855 0.154445 0.228366 0.129106 0.004474 0.462578 0.000176
0.020878 0.153846 0.228199 0.129041 0.004532 0.463333 0.000172
0.020619 0.153836 0.227728 0.129294 0.004493 0.463857 0.000173
0.020846 0.154009 0.227893 0.128707 0.004474 0.463889 0.000182
0.020703 0.155042 0.227410 0.128740 0.004522 0.463404 0.000178
0.020694 0.153352 0.227072 0.128536 0.004623 0.465539 0.000186
0.021098 0.153128 0.226226 0.127936 0.004535 0.466883 0.000193
0.020750 0.152695 0.226750 0.128204 0.004520 0.466903 0.000177
0.021141 0.151088 0.226216 0.127963 0.004505 0.468901 0.000187
0.020765 0.152289 0.226122 0.128028 0.004500 0.468110 0.000187
0.021002 0.151749 0.225589 0.127596 0.004564 0.469326 0.000174
0.020946 0.150909 0.225536 0.127509 0.004529 0.470384 0.000186
0.021051 0.150054 0.225197 0.127367 0.004572 0.471575 0.000184
0.021324 0.149541 0.224944 0.127303 0.004500 0.472208 0.000182
0.020886 0.150698 0.224395 0.127488 0.004563 0.471789 0.000181
0.021419 0.149866 0.224714 0.126904 0.004569 0.472355 0.000174
0.021110 0.149336 0.223614 0.126733 0.004584 0.474444 0.000180
0.021435 0.147354 0.223467 0.126517 0.004599 0.476436 0.000191
0.021103 0.148187 0.224046 0.126661 0.004553 0.475261 0.000189
0.021354 0.148673 0.223034 0.126401 0.004592 0.475765 0.000180
0.021625 0.145756 0.222989 0.125882 0.004613 0.478951 0.000184
0.021487 0.147452 0.223438 0.126301 0.004606 0.476528 0.000189
0.021711 0.146429 0.222340 0.125783 0.004557 0.478987 0.000191
0.021600 0.145814 0.222921 0.125830 0.004592 0.479050 0.000195
0.021278 0.146292 0.222289 0.125623 0.004578 0.479752 0.000188
0.021637 0.144786 0.222100 0.125646 0.004612 0.481033 0.000186
0.021448 0.145557 0.221498 0.125413 0.004618 0.481283 0.000183
0.022105 0.143983 0.221356 0.125211 0.004614 0.482535 0.000197
0.021616 0.143915 0.221151 0.124937 0.004613 0.483565 0.000202
0.021735 0.143204 0.220473 0.124776 0.004618 0.484982 0.000211
0.021524 0.142832 0.220387 0.124465 0.004656 0.485932 0.000204
0.021808 0.142964 0.219927 0.124534 0.004598 0.485969 0.000199
