0.999111 0.000866 0.000012 0.000010 0.000000 0.000000 0.000000
0.998683 0.001281 0.000020 0.000004 0.000000 0.000012 0.000000
0.998244 0.001704 0.000030 0.000010 0.000000 0.000012 0.000000
0.997772 0.002163 0.000037 0.000016 0.000000 0.000012 0.000000
0.997336 0.002585 0.000050 0.000017 0.000000 0.000012 0.000000
0.996830 0.003088 0.000051 0.000018 0.000000 0.000013 0.000000
0.996332 0.003578 0.000055 0.000022 0.000000 0.000013 0.000000
0.995655 0.004252 0.000057 0.000024 0.000000 0.000012 0.000000
0.994990 0.004908 0.000062 0.000028 0.000000 0.000011 0.000000
0.993936 0.005944 0.000081 0.000030 0.000000 0.000011 0.000000
0.992796 0.007066 0.000087 0.000041 0.000000 0.000011 0.000000
0.991568 0.008272 0.000115 0.000035 0.000000 0.000010 0.000000
0.989753 0.010082 0.000113 0.000044 0.000000 0.000008 0.000000
0.987783 0.011986 0.000166 0.000057 0.000000 0.000008 0.000000
0.986123 0.013650 0.000150 0.000070 0.000000 0.000007 0.000000
0.982168 0.017541 0.000193 0.000093 0.000000 0.000006 0.000000
0.978747 0.020913 0.000222 0.000113 0.000000 0.000005 0.000000
0.975273 0.024306 0.000262 0.000154 0.000000 0.000004 0.000000
0.970317 0.029169 0.000338 0.000173 0.000000 0.000004 0.000000
0.964245 0.035116 0.000418 0.000217 0.000000 0.000004 0.000000
0.958810 0.040460 0.000476 0.000248 0.000000 0.000006 0.000000
0.950453 0.048582 0.000623 0.000329 0.000000 0.000013 0.000000
0.943200 0.055647 0.000745 0.000386 0.000000 0.000023 0.000000
0.934669 0.064010 0.000851 0.000447 0.000000 0.000022 0.000000
0.924597 0.073843 0.000982 0.000551 0.000000 0.000027 0.000000
0.914799 0.083399 0.001131 0.000645 0.000000 0.000026 0.000000
0.901366 0.096486 0.001345 0.000773 0.000000 0.000029 0.000000
0.890327 0.107124 0.001584 0.000926 0.000000 0.000040 0.000000
0.874833 0.122220 0.001840 0.001065 0.000000 0.000041 0.000000
0.863207 0.133550 0.002014 0.001182 0.000000 0.000047 0.000000
0.849246 0.147045 0.002287 0.001369 0.000000 0.000053 0.000000
0.835313 0.160569 0.002580 0.001480 0.000000 0.000059 0.000000
0.819347 0.176017 0.002916 0.001642 0.000000 0.000077 0.000000
0.803072 0.191711 0.003287 0.001840 0.000000 0.000090 0.000000
0.789602 0.204675 0.003592 0.002030 0.000000 0.000101 0.000000
0.772427 0.221114 0.004002 0.002338 0.000000 0.000119 0.000000
0.758488 0.234476 0.004380 0.002526 0.000000 0.000130 0.000000
0.741723 0.250550 0.004801 0.002776 0.000000 0.000150 0.000000
0.726267 0.265296 0.005234 0.003038 0.000000 0.000165 0.000000
0.710144 0.280624 0.005707 0.003332 0.000000 0.000193 0.000000
0.693218 0.296710 0.006236 0.003625 0.000000 0.000211 0.000000
0.676501 0.312560 0.006776 0.003937 0.000000 0.000225 0.000000
0.662480 0.325784 0.007275 0.004213 0.000000 0.000247 0.000000
0.642576 0.344531 0.007982 0.004646 0.000001 0.000265 0.000000
0.629246 0.356988 0.008536 0.004948 0.000002 0.000280 0.000000
0.615016 0.370321 0.009070 0.005290 0.000003 0.000300 0.000000
0.601240 0.383064 0.009699 0.005656 0.000004 0.000336 0.000000
0.584348 0.398786 0.010442 0.006043 0.000004 0.000377 0.000000
0.568440 0.413603 0.011132 0.006411 0.000004 0.000411 0.000000
0.555699 0.425228 0.011843 0.006787 0.000004 0.000439 0.000000
0.543518 0.436289 0.012597 0.007122 0.000007 0.000466 0.000000
0.528940 0.449639 0.013352 0.007541 0.000007 0.000521 0.000000
0.515126 0.462183 0.014160 0.007974 0.000007 0.000550 0.000000
0.502718 0.473310 0.014942 0.008420 0.000007 0.000603 0.000000
0.489747 0.484824 0.015822 0.008932 0.000007 0.000669 0.000000
0.478233 0.495065 0.016632 0.009335 0.000008 0.000727 0.000000
0.470420 0.501794 0.017263 0.009736 0.000009 0.000778 0.000000
0.455824 0.514668 0.018334 0.010315 0.000011 0.000849 0.000000
0.446558 0.522625 0.019127 0.010770 0.000011 0.000910 0.000000
0.433471 0.534096 0.020155 0.011282 0.000012 0.000984 0.000000
0.422290 0.543801 0.021074 0.011777 0.000011 0.001047 0.000000
0.415626 0.549162 0.021877 0.012211 0.000012 0.001113 0.000000
0.404095 0.559000 0.022906 0.012756 0.000011 0.001233 0.000000
0.396026 0.565642 0.023766 0.013256 0.000012 0.001298 0.000000
0.386074 0.573969 0.024767 0.013787 0.000013 0.001389 0.000000
0.376701 0.581695 0.025776 0.014340 0.000014 0.001474 0.000000
0.366344 0.590139 0.026899 0.015024 0.000012 0.001582 0.000000
0.359534 0.595249 0.027898 0.015632 0.000015 0.001672 0.000000
0.348999 0.603794 0.029112 0.016292 0.000015 0.001788 0.000000
0.341610 0.609224 0.030278 0.016966 0.000017 0.001904 0.000000
0.337917 0.611734 0.030935 0.017385 0.000017 0.002011 0.000000
0.331883 0.616324 0.031809 0.017867 0.000021 0.002096 0.000000
0.321159 0.624688 0.033270 0.018656 0.000024 0.002202 0.000000
0.314681 0.629352 0.034371 0.019245 0.000028 0.002323 0.000000
0.307935 0.634050 0.035542 0.019976 0.000029 0.002469 0.000000
0.301983 0.638079 0.036746 0.020573 0.000031 0.002586 0.000000
0.295493 0.642461 0.037994 0.021290 0.000032 0.002730 0.000000
0.291437 0.644637 0.039048 0.021981 0.000032 0.002865 0.000000
0.286958 0.647229 0.040207 0.022576 0.000033 0.002997 0.000000
0.285528 0.646942 0.041210 0.023126 0.000033 0.003160 0.000000
0.276169 0.653746 0.042731 0.023953 0.000035 0.003367 0.000000
0.275126 0.653557 0.043368 0.024425 0.000038 0.003486 0.000000
0.272613 0.653914 0.044675 0.025074 0.000044 0.003680 0.000000
0.265676 0.658192 0.046236 0.025939 0.000047 0.003911 0.000000
0.260339 0.661498 0.047444 0.026556 0.000051 0.004112 0.000000
0.255092 0.664340 0.048789 0.027399 0.000052 0.004328 0.000001
0.251906 0.666143 0.049626 0.027810 0.000055 0.004459 0.000000
0.251078 0.664774 0.050921 0.028492 0.000065 0.004669 0.000000
0.246059 0.667553 0.052286 0.029190 0.000065 0.004847 0.000001
0.238503 0.672938 0.053511 0.029916 0.000065 0.005066 0.000001
0.233927 0.675058 0.055001 0.030677 0.000062 0.005274 0.000000
0.229450 0.677079 0.056427 0.031420 0.000069 0.005553 0.000001
0.225549 0.679221 0.057339 0.032079 0.000069 0.005742 0.000001
0.224170 0.679054 0.058214 0.032575 0.000073 0.005913 0.000001
0.209556 0.689572 0.060639 0.033939 0.000077 0.006218 0.000000
0.210147 0.687088 0.061583 0.034564 0.000077 0.006541 0.000000
0.203878 0.691223 0.062780 0.035246 0.000081 0.006790 0.000001
0.197586 0.694001 0.064863 0.036315 0.000085 0.007148 0.000001
0.194744 0.695124 0.065735 0.036943 0.000089 0.007363 0.000001
0.186587 0.699823 0.067735 0.038016 0.000090 0.007749 0.000001
0.179290 0.704372 0.069296 0.038915 0.000092 0.008035 0.000001
0.177583 0.704058 0.070381 0.039570 0.000094 0.008313 0.000001
0.177522 0.702339 0.071383 0.040135 0.000097 0.008523 0.000001
0.171294 0.704607 0.073622 0.041373 0.000098 0.009005 0.000002
0.161081 0.711044 0.075773 0.042582 0.000108 0.009411 0.000001
0.157414 0.712091 0.077305 0.043284 0.000115 0.009790 0.000001
0.152320 0.714066 0.079117 0.044242 0.000115 0.010139 0.000001
0.151439 0.712661 0.080316 0.044976 0.000118 0.010489 0.000001
0.145082 0.715197 0.082429 0.046187 0.000124 0.010978 0.000001
0.136405 0.719121 0.085046 0.047730 0.000136 0.011561 0.000002
0.140298 0.715211 0.085061 0.047662 0.000137 0.011630 0.000001
0.139644 0.712603 0.086834 0.048669 0.000145 0.012103 0.000001
0.134390 0.715582 0.088109 0.049357 0.000155 0.012406 0.000001
0.131161 0.714601 0.090430 0.050716 0.000168 0.012922 0.000002
0.126298 0.716168 0.092167 0.051807 0.000165 0.013393 0.000001
0.129169 0.711579 0.092992 0.052292 0.000168 0.013799 0.000001
0.122373 0.713877 0.095465 0.053726 0.000178 0.014380 0.000002
0.122461 0.712339 0.096219 0.054212 0.000182 0.014586 0.000001
0.123750 0.709169 0.097062 0.054857 0.000184 0.014978 0.000002
0.121878 0.707490 0.099061 0.055845 0.000207 0.015519 0.000001
0.120110 0.706596 0.100444 0.056787 0.000208 0.015851 0.000002
0.120869 0.702978 0.101884 0.057580 0.000215 0.016472 0.000002
0.121846 0.700825 0.102366 0.058079 0.000215 0.016667 0.000002
0.120474 0.699161 0.103967 0.058954 0.000230 0.017211 0.000002
0.121231 0.696193 0.105106 0.059531 0.000222 0.017715 0.000002
0.122132 0.693594 0.106046 0.059954 0.000221 0.018051 0.000002
0.116599 0.696117 0.107758 0.060838 0.000239 0.018446 0.000002
0.123350 0.688172 0.108126 0.061185 0.000237 0.018927 0.000002
0.118479 0.689021 0.110324 0.062296 0.000258 0.019619 0.000003
0.121103 0.686542 0.110087 0.062270 0.000257 0.019739 0.000002
0.116633 0.686943 0.112293 0.063516 0.000255 0.020358 0.000002
0.121241 0.681605 0.112516 0.063723 0.000262 0.020649 0.000002
0.113464 0.684595 0.114977 0.065221 0.000272 0.021468 0.000002
0.118016 0.679447 0.115104 0.065327 0.000281 0.021822 0.000002
0.111523 0.681904 0.117380 0.066400 0.000290 0.022501 0.000002
0.112711 0.679504 0.117850 0.066769 0.000291 0.022873 0.000003
0.118060 0.673061 0.118320 0.067028 0.000283 0.023247 0.000003
0.108651 0.676555 0.121542 0.068772 0.000298 0.024180 0.000002
0.108903 0.676018 0.121607 0.068772 0.000310 0.024388 0.000003
0.102103 0.678701 0.123702 0.070169 0.000303 0.025019 0.000002
0.102475 0.675710 0.124991 0.070896 0.000326 0.025599 0.000002
0.098732 0.675789 0.126829 0.071910 0.000327 0.026412 0.000002
0.101078 0.672633 0.127063 0.072193 0.000329 0.026702 0.000002
0.098031 0.673200 0.128446 0.072825 0.000329 0.027166 0.000003
0.093501 0.675505 0.129453 0.073535 0.000343 0.027660 0.000004
0.086749 0.677891 0.131916 0.074721 0.000343 0.028377 0.000003
0.081735 0.677990 0.134208 0.076273 0.000349 0.029442 0.000004
0.081045 0.677921 0.134629 0.076355 0.000362 0.029684 0.000004
0.075185 0.678517 0.137460 0.077843 0.000375 0.030617 0.000003
0.068753 0.677787 0.141268 0.079832 0.000385 0.031972 0.000003
0.066623 0.678704 0.141751 0.080186 0.000390 0.032341 0.000004
0.064575 0.677682 0.143266 0.080987 0.000399 0.033088 0.000003
0.060841 0.677458 0.145169 0.082195 0.000410 0.033924 0.000003
0.058792 0.677444 0.146186 0.082812 0.000419 0.034342 0.000003
0.057448 0.675746 0.147745 0.083493 0.000413 0.035154 0.000003
0.055536 0.675419 0.148765 0.084171 0.000429 0.035677 0.000003
0.052657 0.673881 0.150955 0.085413 0.000430 0.036660 0.000004
0.049222 0.673224 0.152836 0.086637 0.000446 0.037633 0.000003
0.046852 0.672128 0.154685 0.087479 0.000454 0.038399 0.000003
0.044078 0.671005 0.156535 0.088639 0.000467 0.039274 0.000004
0.042747 0.667311 0.159042 0.090082 0.000472 0.040342 0.000004
0.041794 0.666968 0.159531 0.090452 0.000469 0.040782 0.000004
0.044128 0.662126 0.160665 0.091005 0.000493 0.041580 0.000003
0.043293 0.659825 0.162073 0.091906 0.000508 0.042391 0.000005
0.044198 0.655675 0.163759 0.092625 0.000518 0.043222 0.000003
0.045500 0.652131 0.164378 0.093364 0.000522 0.044100 0.000004
0.052290 0.647724 0.163192 0.092612 0.000520 0.043660 0.000003
0.046943 0.647257 0.165977 0.094047 0.000542 0.045230 0.000004
0.053499 0.640789 0.165691 0.094023 0.000545 0.045450 0.000003
0.053906 0.637822 0.166795 0.094647 0.000539 0.046288 0.000003
0.054240 0.635185 0.167691 0.095254 0.000567 0.047060 0.000003
0.053424 0.634791 0.168426 0.095453 0.000548 0.047353 0.000004
0.050185 0.633592 0.170333 0.096707 0.000577 0.048604 0.000002
0.049391 0.631923 0.171519 0.097293 0.000596 0.049274 0.000004
0.048296 0.630385 0.172530 0.097918 0.000599 0.050268 0.000003
0.049374 0.628228 0.173113 0.098109 0.000590 0.050582 0.000004
0.047052 0.625657 0.175401 0.099243 0.000625 0.052018 0.000003
0.043963 0.627210 0.175904 0.099909 0.000617 0.052393 0.000004
0.045012 0.623575 0.177178 0.100449 0.000622 0.053159 0.000006
0.049246 0.618976 0.177122 0.100289 0.000640 0.053720 0.000008
0.047986 0.617819 0.178078 0.100950 0.000637 0.054525 0.000006
0.044658 0.616445 0.180191 0.102253 0.000671 0.055774 0.000008
0.048524 0.613419 0.179537 0.102022 0.000676 0.055815 0.000007
0.044560 0.611910 0.182209 0.103273 0.000682 0.057361 0.000005
0.043286 0.611449 0.182807 0.103835 0.000691 0.057926 0.000007
0.040948 0.610687 0.184224 0.104660 0.000694 0.058779 0.000006
0.044166 0.609422 0.183001 0.104087 0.000684 0.058632 0.000007
0.045579 0.605272 0.184369 0.104747 0.000692 0.059335 0.000005
0.042496 0.603591 0.186599 0.105727 0.000705 0.060875 0.000007
0.043182 0.600281 0.187602 0.106163 0.000717 0.062048 0.000007
0.038805 0.601278 0.189084 0.107280 0.000723 0.062822 0.000008
0.037590 0.599566 0.190418 0.108061 0.000722 0.063635 0.000007
0.037265 0.597998 0.191260 0.108340 0.000737 0.064391 0.000009
0.034258 0.595503 0.193520 0.109732 0.000769 0.066211 0.000008
0.036040 0.596823 0.192107 0.108792 0.000760 0.065471 0.000006
0.034263 0.593829 0.194023 0.109978 0.000782 0.067117 0.000008
0.032287 0.592688 0.195437 0.110746 0.000803 0.068031 0.000007
0.029482 0.589934 0.197961 0.112287 0.000810 0.069519 0.000006
0.030427 0.590225 0.196996 0.111928 0.000827 0.069590 0.000007
0.028738 0.587310 0.199178 0.113140 0.000821 0.070806 0.000007
0.028196 0.586371 0.199470 0.113382 0.000831 0.071742 0.000007
0.027046 0.584615 0.200929 0.113953 0.000851 0.072599 0.000008
0.026691 0.582301 0.202017 0.114703 0.000852 0.073428 0.000007
0.025101 0.580059 0.203585 0.115558 0.000879 0.074810 0.000009
0.023536 0.576750 0.205702 0.116944 0.000897 0.076165 0.000007
0.022891 0.574916 0.206583 0.117472 0.000884 0.077247 0.000007
0.023536 0.574024 0.206679 0.117180 0.000918 0.077659 0.000006
0.022710 0.571578 0.207902 0.118108 0.000926 0.078767 0.000009
0.022372 0.570452 0.208500 0.118403 0.000933 0.079333 0.000008
0.022180 0.568288 0.209420 0.118885 0.000941 0.080280 0.000006
0.021191 0.564842 0.211351 0.119823 0.000945 0.081842 0.000006
0.020725 0.565258 0.211264 0.119693 0.000969 0.082086 0.000006
0.020951 0.564050 0.211374 0.119999 0.000940 0.082679 0.000007
0.019705 0.559253 0.214070 0.121522 0.000981 0.084462 0.000006
0.021147 0.559456 0.212780 0.120842 0.001005 0.084764 0.000006
0.018985 0.556424 0.215394 0.122172 0.001003 0.086014 0.000008
0.019516 0.554193 0.215887 0.122481 0.001019 0.086897 0.000007
0.018544 0.551222 0.217348 0.123412 0.001044 0.088424 0.000006
0.018797 0.550123 0.217487 0.123440 0.001037 0.089108 0.000010
0.019008 0.548553 0.217902 0.123719 0.001040 0.089772 0.000006
0.017925 0.545846 0.219286 0.124917 0.001054 0.090965 0.000007
0.018046 0.542643 0.220851 0.125004 0.001080 0.092367 0.000009
0.017481 0.540098 0.221910 0.125871 0.001092 0.093536 0.000010
0.017837 0.538626 0.222101 0.126071 0.001077 0.094278 0.000010
0.017579 0.536781 0.223003 0.126358 0.001126 0.095146 0.000008
0.017299 0.535378 0.223322 0.126948 0.001118 0.095924 0.000010
0.016874 0.532855 0.224410 0.127439 0.001147 0.097264 0.000011
0.016791 0.529269 0.225840 0.128114 0.001167 0.098808 0.000011
0.017111 0.529996 0.225245 0.127704 0.001178 0.098757 0.000009
0.016997 0.527181 0.226470 0.128441 0.001164 0.099737 0.000010
0.016738 0.525394 0.227129 0.128846 0.001185 0.100698 0.000009
0.016910 0.523886 0.227365 0.128972 0.001196 0.101661 0.000010
0.016457 0.521293 0.228617 0.129549 0.001240 0.102834 0.000010
0.016447 0.518986 0.229384 0.129868 0.001218 0.104088 0.000009
0.016297 0.518174 0.229649 0.130074 0.001217 0.104578 0.000011
0.016170 0.515346 0.230468 0.130810 0.001234 0.105961 0.000011
0.015752 0.512187 0.231729 0.131641 0.001275 0.107406 0.000010
0.016278 0.513155 0.231123 0.131113 0.001264 0.107060 0.000009
0.015642 0.509970 0.232391 0.131957 0.001276 0.108752 0.000012
0.015882 0.508028 0.233039 0.132262 0.001271 0.109506 0.000011
0.015697 0.506097 0.233627 0.132331 0.001324 0.110912 0.000011
0.015575 0.505279 0.233693 0.132729 0.001296 0.111416 0.000011
0.015547 0.501756 0.234931 0.133298 0.001335 0.113121 0.000012
0.023056 0.497246 0.233433 0.132357 0.001299 0.112595 0.000014
0.025703 0.495195 0.232866 0.132163 0.001308 0.112755 0.000011
0.025735 0.492971 0.233384 0.132545 0.001312 0.114042 0.000011
0.025320 0.491799 0.233796 0.132777 0.001332 0.114964 0.000011
0.028281 0.487616 0.233769 0.132889 0.001342 0.116093 0.000011
0.024988 0.487654 0.235289 0.133489 0.001350 0.117217 0.000012
0.028823 0.484711 0.234440 0.133094 0.001315 0.117604 0.000012
0.028988 0.482853 0.234832 0.133517 0.001340 0.118456 0.000013
0.026383 0.481975 0.236123 0.133913 0.001382 0.120211 0.000013
0.027657 0.481267 0.235658 0.133511 0.001381 0.120512 0.000013
0.027705 0.481414 0.235383 0.133647 0.001390 0.120446 0.000014
0.024623 0.480007 0.237266 0.134503 0.001403 0.122187 0.000012
0.023677 0.477927 0.238129 0.135251 0.001390 0.123613 0.000014
0.025018 0.476872 0.237585 0.134884 0.001421 0.124208 0.000013
0.022593 0.474427 0.239558 0.135776 0.001465 0.126167 0.000013
0.024302 0.473854 0.238673 0.135271 0.001448 0.126441 0.000012
0.023641 0.473419 0.239179 0.135352 0.001436 0.126961 0.000012
0.029713 0.467844 0.238265 0.135274 0.001471 0.127419 0.000014
0.030427 0.466619 0.238304 0.135253 0.001464 0.127918 0.000015
0.032173 0.464440 0.238076 0.135157 0.001462 0.128680 0.000012
0.035528 0.461147 0.237915 0.134804 0.001477 0.129115 0.000015
0.042250 0.456028 0.236508 0.134022 0.001479 0.129698 0.000015
0.043457 0.455468 0.235942 0.133937 0.001492 0.129689 0.000015
0.038870 0.455458 0.237760 0.134904 0.001479 0.131514 0.000014
0.040043 0.452796 0.237945 0.134923 0.001479 0.132799 0.000015
0.042924 0.450653 0.237112 0.134515 0.001487 0.133294 0.000016
0.037301 0.452326 0.238902 0.135334 0.001521 0.134600 0.000018
0.042029 0.450473 0.237203 0.134300 0.001509 0.134470 0.000016
0.038740 0.450302 0.238335 0.135326 0.001519 0.135765 0.000012
0.041001 0.451195 0.236769 0.134330 0.001516 0.135172 0.000017
0.034537 0.446801 0.240751 0.136803 0.001570 0.139520 0.000018
0.033765 0.446558 0.241288 0.136860 0.001579 0.139935 0.000016
0.038525 0.446587 0.238450 0.135577 0.001556 0.139286 0.000019
0.032927 0.445751 0.241122 0.137029 0.001562 0.141589 0.000020
0.030152 0.446409 0.242257 0.137445 0.001604 0.142113 0.000020
0.029449 0.445840 0.242449 0.137591 0.001595 0.143059 0.000017
0.027777 0.444298 0.243374 0.138143 0.001626 0.144763 0.000018
0.027586 0.445211 0.242699 0.137939 0.001644 0.144902 0.000019
0.022066 0.441741 0.246731 0.140077 0.001655 0.147712 0.000018
0.024306 0.441351 0.245320 0.139307 0.001675 0.148023 0.000019
0.022433 0.438551 0.246632 0.140420 0.001713 0.150233 0.000019
0.020193 0.435599 0.248676 0.141242 0.001730 0.152539 0.000020
0.020808 0.434770 0.248392 0.141227 0.001708 0.153073 0.000022
0.021185 0.435234 0.247871 0.141004 0.001728 0.152958 0.000020
0.019333 0.432454 0.249578 0.141874 0.001706 0.155035 0.000020
0.018152 0.431007 0.250565 0.142495 0.001714 0.156046 0.000021
0.018329 0.428399 0.250768 0.142806 0.001761 0.157910 0.000026
0.018292 0.429159 0.250393 0.142410 0.001748 0.157975 0.000023
0.016843 0.425034 0.252422 0.143593 0.001774 0.160310 0.000024
0.016416 0.424192 0.252750 0.143756 0.001791 0.161071 0.000024
0.016062 0.423352 0.252675 0.144072 0.001798 0.162013 0.000029
0.016752 0.423514 0.252399 0.143368 0.001786 0.162159 0.000023
0.016000 0.421953 0.252890 0.143996 0.001791 0.163346 0.000024
0.015652 0.418000 0.254275 0.144524 0.001842 0.165681 0.000026
0.015604 0.416837 0.254368 0.144757 0.001819 0.166593 0.000023
0.014953 0.414007 0.255206 0.145291 0.001843 0.168676 0.000024
0.015019 0.413500 0.255217 0.145235 0.001849 0.169153 0.000026
0.015624 0.414413 0.254406 0.144471 0.001853 0.169207 0.000026
0.014541 0.410417 0.256293 0.145569 0.001888 0.171266 0.000027
0.013771 0.408738 0.256847 0.146304 0.001901 0.172411 0.000028
0.014080 0.405776 0.257457 0.146195 0.001947 0.174518 0.000027
0.014231 0.406933 0.256791 0.145842 0.001880 0.174296 0.000026
0.014082 0.404441 0.257489 0.146181 0.001947 0.175835 0.000025
0.013639 0.402773 0.257914 0.146962 0.001918 0.176769 0.000026
0.013328 0.399611 0.259105 0.147165 0.001957 0.178810 0.000025
0.013842 0.399401 0.258316 0.146839 0.001985 0.179591 0.000026
0.013553 0.396670 0.259271 0.147392 0.002002 0.181086 0.000025
0.013220 0.396437 0.259613 0.147402 0.002007 0.181297 0.000024
0.013795 0.395876 0.259058 0.147470 0.002012 0.181759 0.000029
0.013186 0.393578 0.259735 0.147685 0.002029 0.183755 0.000032
0.013217 0.391083 0.260595 0.148064 0.002012 0.185000 0.000029
0.013318 0.390619 0.260066 0.147766 0.002035 0.186169 0.000027
0.013110 0.390466 0.260500 0.147913 0.002059 0.185921 0.000031
0.012945 0.388364 0.260908 0.148275 0.002112 0.187365 0.000032
0.012913 0.386223 0.261205 0.148326 0.002089 0.189213 0.000031
0.012924 0.384766 0.261355 0.148437 0.002075 0.190415 0.000029
0.013117 0.383913 0.261418 0.148251 0.002117 0.191154 0.000030
0.012908 0.382104 0.261522 0.148846 0.002086 0.192498 0.000035
0.012947 0.380931 0.261730 0.148927 0.002116 0.193322 0.000027
0.012905 0.379221 0.262150 0.149130 0.002106 0.194458 0.000031
0.012553 0.376175 0.263195 0.149596 0.002121 0.196329 0.000031
0.012649 0.375596 0.262995 0.149457 0.002155 0.197112 0.000036
0.012545 0.374618 0.263290 0.149451 0.002150 0.197910 0.000035
0.012667 0.373304 0.263034 0.149674 0.002176 0.199111 0.000034
0.012605 0.371552 0.263746 0.149665 0.002188 0.200210 0.000034
0.012401 0.368042 0.264774 0.149917 0.002225 0.202604 0.000036
0.012425 0.367130 0.264871 0.150187 0.002214 0.203135 0.000036
0.012583 0.365951 0.264528 0.150141 0.002209 0.204548 0.000040
0.012461 0.366078 0.264387 0.150122 0.002213 0.204704 0.000035
0.012627 0.363870 0.264975 0.150041 0.002244 0.206210 0.000033
0.012522 0.363228 0.264614 0.150139 0.002261 0.207199 0.000037
0.012367 0.362848 0.264674 0.150136 0.002263 0.207679 0.000033
0.012548 0.360233 0.265212 0.150574 0.002325 0.209070 0.000038
0.012603 0.360454 0.265088 0.150546 0.002282 0.208990 0.000037
0.012435 0.356523 0.265794 0.150884 0.002321 0.212003 0.000041
0.012678 0.358815 0.264908 0.150435 0.002294 0.210827 0.000042
0.012692 0.357291 0.264809 0.150305 0.002310 0.212550 0.000043
0.012635 0.355099 0.265355 0.150742 0.002339 0.213788 0.000041
0.012505 0.352685 0.265866 0.151000 0.002357 0.215547 0.000039
0.012703 0.352193 0.265673 0.150849 0.002325 0.216217 0.000040
0.012609 0.351833 0.265533 0.150979 0.002364 0.216640 0.000043
0.012371 0.348102 0.266588 0.151444 0.002348 0.219105 0.000042
0.012336 0.347410 0.266376 0.151478 0.002395 0.219958 0.000046
0.012462 0.346839 0.266129 0.151147 0.002414 0.220969 0.000040
0.012528 0.347059 0.265890 0.151139 0.002387 0.220952 0.000045
0.012312 0.344643 0.266373 0.151616 0.002435 0.222577 0.000044
0.012490 0.343256 0.266866 0.151413 0.002414 0.223516 0.000045
0.012493 0.341548 0.266616 0.151928 0.002451 0.224922 0.000042
0.012593 0.342004 0.266608 0.151359 0.002458 0.224932 0.000045
0.012549 0.340186 0.266652 0.151612 0.002463 0.226491 0.000047
0.012373 0.337419 0.267361 0.151702 0.002503 0.228594 0.000048
0.012387 0.337577 0.267144 0.151524 0.002490 0.228835 0.000042
0.012423 0.336577 0.267166 0.151868 0.002476 0.229448 0.000041
0.012426 0.335183 0.266881 0.151599 0.002519 0.231344 0.000047
0.012372 0.332112 0.267986 0.151727 0.002527 0.233227 0.000050
0.012517 0.332969 0.266964 0.151836 0.002497 0.233169 0.000049
0.012356 0.330518 0.267761 0.151889 0.002578 0.234847 0.000051
0.012402 0.329275 0.267744 0.152071 0.002518 0.235944 0.000048
0.012457 0.328700 0.267677 0.151731 0.002558 0.236826 0.000050
0.012338 0.326460 0.267910 0.151938 0.002590 0.238713 0.000050
0.012384 0.325166 0.267920 0.152049 0.002624 0.239807 0.000051
0.012539 0.324796 0.267768 0.151959 0.002608 0.240281 0.000050
0.012518 0.324168 0.267461 0.152036 0.002610 0.241155 0.000051
0.012574 0.323478 0.267607 0.151754 0.002635 0.241896 0.000055
0.012614 0.322033 0.267641 0.152059 0.002625 0.242980 0.000049
0.012499 0.319370 0.268201 0.152251 0.002631 0.245000 0.000048
0.012540 0.317907 0.268145 0.152245 0.002705 0.246404 0.000054
0.012538 0.318324 0.268001 0.152097 0.002672 0.246316 0.000053
0.012556 0.318807 0.267618 0.151783 0.002647 0.246536 0.000053
0.012570 0.314663 0.268251 0.152181 0.002689 0.249593 0.000052
0.012653 0.314464 0.268021 0.152099 0.002698 0.250007 0.000057
0.012469 0.312967 0.267753 0.152120 0.002738 0.251900 0.000053
0.012591 0.311954 0.267950 0.151938 0.002746 0.252769 0.000053
0.012644 0.312168 0.267949 0.152307 0.002717 0.252156 0.000059
0.012781 0.311033 0.267856 0.152083 0.002732 0.253455 0.000059
0.012648 0.309795 0.268056 0.152234 0.002720 0.254485 0.000061
0.012651 0.307711 0.267939 0.152206 0.002793 0.256649 0.000051
0.012677 0.306426 0.268082 0.152113 0.002794 0.257846 0.000061
0.012758 0.306010 0.268235 0.152106 0.002729 0.258098 0.000063
0.012734 0.305558 0.268097 0.152132 0.002787 0.258633 0.000059
0.012616 0.304276 0.268200 0.152086 0.002799 0.259963 0.000060
0.012635 0.301542 0.268333 0.152313 0.002825 0.262293 0.000059
0.012546 0.300460 0.268172 0.152272 0.002830 0.263665 0.000056
0.012862 0.301384 0.267628 0.152135 0.002832 0.263100 0.000059
0.012747 0.300726 0.267680 0.151705 0.002883 0.264201 0.000058
0.012698 0.298831 0.267636 0.152017 0.002886 0.265878 0.000055
0.012844 0.297585 0.267863 0.152103 0.002847 0.266693 0.000065
0.012508 0.296538 0.267749 0.152141 0.002835 0.268166 0.000063
0.012795 0.295653 0.267340 0.152112 0.002889 0.269150 0.000060
0.012640 0.294645 0.267509 0.152072 0.002884 0.270189 0.000060
0.012740 0.292461 0.267732 0.152104 0.002913 0.271989 0.000062
0.012981 0.292769 0.267797 0.151827 0.002932 0.271637 0.000058
0.012867 0.290729 0.267860 0.151995 0.002948 0.273539 0.000063
0.012918 0.289129 0.268068 0.152045 0.002927 0.274849 0.000064
0.012794 0.289188 0.267752 0.152094 0.002944 0.275168 0.000060
0.012807 0.288470 0.267547 0.151846 0.002916 0.276347 0.000067
0.013021 0.285938 0.267824 0.152122 0.002954 0.278081 0.000061
0.012988 0.285591 0.267318 0.151951 0.002969 0.279122 0.000060
0.012783 0.284572 0.267818 0.151959 0.002968 0.279836 0.000064
0.012884 0.283557 0.267517 0.151927 0.003012 0.281037 0.000067
0.013081 0.283539 0.267515 0.151602 0.002986 0.281215 0.000062
0.013082 0.282065 0.267239 0.151652 0.003012 0.282882 0.000069
0.013135 0.282519 0.267011 0.151545 0.003006 0.282721 0.000063
0.012869 0.280839 0.267491 0.151610 0.003035 0.284088 0.000069
0.012953 0.279109 0.267555 0.151561 0.003077 0.285672 0.000073
0.013053 0.278659 0.267146 0.151577 0.003036 0.286459 0.000069
0.013049 0.278452 0.267233 0.151392 0.002996 0.286812 0.000066
0.013054 0.276514 0.267126 0.151437 0.003082 0.288719 0.000069
0.013141 0.274844 0.267183 0.151543 0.003084 0.290138 0.000067
0.013156 0.274391 0.266950 0.151219 0.003066 0.291145 0.000073
0.013343 0.273342 0.266800 0.151264 0.003061 0.292121 0.000068
0.013260 0.274129 0.266291 0.151550 0.003106 0.291589 0.000075
0.013050 0.271197 0.266453 0.151460 0.003142 0.294627 0.000072
0.013245 0.271209 0.266414 0.151246 0.003118 0.294696 0.000073
0.013018 0.269639 0.266362 0.151486 0.003178 0.296242 0.000075
0.013050 0.269827 0.266289 0.151171 0.003149 0.296434 0.000080
0.013202 0.267483 0.266518 0.151116 0.003169 0.298428 0.000084
0.013170 0.266914 0.266395 0.151211 0.003168 0.299062 0.000080
0.013353 0.266656 0.266077 0.151207 0.003195 0.299433 0.000080
0.013363 0.265300 0.266170 0.150880 0.003228 0.300980 0.000080
0.013257 0.263920 0.265746 0.150731 0.003220 0.303038 0.000089
0.013241 0.263975 0.266157 0.150907 0.003183 0.302448 0.000091
0.013353 0.262494 0.265771 0.150839 0.003208 0.304252 0.000082
0.013312 0.261336 0.265305 0.150763 0.003227 0.305975 0.000081
0.013316 0.261272 0.265406 0.150412 0.003233 0.306279 0.000081
0.013337 0.260565 0.265591 0.150888 0.003242 0.306293 0.000085
0.013158 0.258998 0.265578 0.150653 0.003243 0.308281 0.000088
0.013284 0.257503 0.265330 0.150457 0.003304 0.310037 0.000083
0.013466 0.256843 0.265100 0.150611 0.003269 0.310627 0.000084
0.013479 0.256647 0.264921 0.150259 0.003248 0.311363 0.000084
0.013496 0.255972 0.264892 0.150420 0.003287 0.311847 0.000087
0.013365 0.253847 0.264722 0.150288 0.003293 0.314399 0.000086
0.013666 0.254222 0.264412 0.150167 0.003293 0.314149 0.000092
0.013382 0.252321 0.264523 0.149973 0.003338 0.316371 0.000092
0.013658 0.251991 0.264469 0.149915 0.003334 0.316544 0.000090
0.013526 0.250816 0.264237 0.150085 0.003324 0.317915 0.000097
0.013714 0.249346 0.264118 0.149891 0.003379 0.319459 0.000093
0.013467 0.249395 0.264064 0.149753 0.003376 0.319844 0.000100
0.013693 0.249334 0.263456 0.149767 0.003373 0.320285 0.000093
0.013609 0.247170 0.263732 0.149799 0.003413 0.322178 0.000099
0.013760 0.246521 0.263683 0.149632 0.003424 0.322882 0.000098
0.013704 0.246260 0.263742 0.149465 0.003395 0.323336 0.000098
0.013914 0.244463 0.263304 0.149276 0.003427 0.325517 0.000098
0.013823 0.243243 0.263423 0.149632 0.003445 0.326334 0.000100
0.013754 0.244045 0.263048 0.149297 0.003445 0.326303 0.000108
0.013985 0.242179 0.262584 0.149234 0.003420 0.328496 0.000102
0.013910 0.242422 0.262763 0.149117 0.003383 0.328298 0.000106
0.014034 0.241492 0.262748 0.149169 0.003459 0.328996 0.000102
0.013889 0.240770 0.262340 0.148904 0.003509 0.330483 0.000105
0.013882 0.239220 0.262435 0.148610 0.003405 0.332345 0.000103
0.013892 0.237841 0.262305 0.148840 0.003455 0.333560 0.000107
0.013972 0.237893 0.262431 0.148693 0.003462 0.333447 0.000101
0.014147 0.235921 0.262152 0.148550 0.003490 0.335641 0.000100
0.014364 0.236042 0.261625 0.148466 0.003496 0.335902 0.000105
0.014100 0.235931 0.261602 0.148366 0.003530 0.336367 0.000104
0.014143 0.234925 0.261470 0.148365 0.003506 0.337479 0.000111
0.013994 0.233302 0.261481 0.148028 0.003488 0.339598 0.000109
0.014388 0.233670 0.261302 0.147951 0.003478 0.339108 0.000102
0.014258 0.233293 0.261069 0.147776 0.003517 0.339978 0.000110
0.014035 0.231336 0.260983 0.147741 0.003510 0.342290 0.000104
0.014189 0.230571 0.260500 0.147811 0.003556 0.343262 0.000111
0.014154 0.229933 0.260435 0.147620 0.003555 0.344205 0.000097
0.014131 0.231347 0.260110 0.147604 0.003478 0.343225 0.000104
0.014325 0.227904 0.259519 0.147495 0.003550 0.347102 0.000106
0.014172 0.227089 0.259854 0.147204 0.003594 0.347974 0.000114
0.014238 0.227940 0.259979 0.147243 0.003529 0.346956 0.000114
0.014418 0.226572 0.259518 0.147332 0.003539 0.348505 0.000116
0.014314 0.225607 0.259258 0.146958 0.003597 0.350155 0.000111
0.014275 0.225071 0.259158 0.146890 0.003559 0.350933 0.000114
0.014721 0.224694 0.258776 0.146802 0.003578 0.351312 0.000116
0.014404 0.223767 0.258900 0.146938 0.003609 0.352272 0.000111
0.014667 0.224039 0.258748 0.146537 0.003575 0.352322 0.000111
0.014481 0.223414 0.258078 0.146568 0.003598 0.353749 0.000112
0.014365 0.220698 0.258315 0.146462 0.003614 0.356426 0.000119
0.014719 0.220184 0.257894 0.146177 0.003633 0.357266 0.000129
0.014828 0.221080 0.257967 0.146116 0.003639 0.356251 0.000119
0.014604 0.219832 0.257384 0.146020 0.003676 0.358372 0.000112
0.014594 0.219971 0.257455 0.145968 0.003626 0.358271 0.000115
0.014715 0.217599 0.256877 0.145800 0.003650 0.361245 0.000115
0.014681 0.216999 0.256730 0.145628 0.003697 0.362150 0.000116
0.014446 0.216994 0.257101 0.145564 0.003646 0.362131 0.000118
0.014741 0.216648 0.256777 0.145623 0.003608 0.362485 0.000117
0.014561 0.216403 0.256640 0.145484 0.003617 0.363175 0.000119
0.014856 0.213907 0.256055 0.145241 0.003714 0.366100 0.000128
0.014787 0.214614 0.255915 0.145262 0.003656 0.365650 0.000115
0.014787 0.213517 0.256109 0.145295 0.003683 0.366492 0.000116
0.014802 0.212763 0.255351 0.145106 0.003677 0.368177 0.000124
0.014990 0.213181 0.255332 0.144793 0.003701 0.367882 0.000120
0.015030 0.212183 0.254899 0.144770 0.003682 0.369321 0.000116
0.014938 0.211761 0.255126 0.144709 0.003693 0.369650 0.000124
0.015017 0.209953 0.254618 0.144247 0.003714 0.372330 0.000120
0.015083 0.208469 0.254216 0.144751 0.003736 0.373622 0.000123
0.015162 0.208761 0.254205 0.144202 0.003775 0.373765 0.000129
0.015058 0.207777 0.254137 0.144185 0.003758 0.374971 0.000115
0.015092 0.207890 0.254198 0.143930 0.003726 0.375038 0.000126
0.015045 0.207641 0.253536 0.143899 0.003725 0.376037 0.000117
0.015184 0.205836 0.253758 0.143635 0.003816 0.377649 0.000124
0.015147 0.205166 0.253414 0.143436 0.003787 0.378921 0.000129
0.015012 0.204407 0.253176 0.143478 0.003799 0.379998 0.000131
0.015195 0.203650 0.252927 0.143632 0.003848 0.380622 0.000124
0.015298 0.203590 0.252733 0.143165 0.003818 0.381277 0.000119
0.015372 0.202352 0.252386 0.143281 0.003902 0.382578 0.000129
0.015335 0.203718 0.252476 0.143043 0.003836 0.381468 0.000124
0.015557 0.201582 0.252127 0.142847 0.003865 0.383890 0.000132
0.015478 0.200897 0.251661 0.143156 0.003840 0.384839 0.000128
0.015384 0.199841 0.251338 0.142710 0.003825 0.386773 0.000130
0.015361 0.200376 0.251071 0.142825 0.003840 0.386408 0.000119
0.015491 0.198856 0.250811 0.142440 0.003886 0.388391 0.000126
0.015563 0.198113 0.250906 0.142417 0.003887 0.388978 0.000135
0.015640 0.198287 0.250721 0.142195 0.003910 0.389112 0.000135
0.015634 0.196756 0.250386 0.141949 0.003884 0.391264 0.000128
0.015558 0.196412 0.250439 0.141974 0.003937 0.391548 0.000132
0.015669 0.195994 0.249961 0.141561 0.003885 0.392799 0.000131
0.016016 0.195783 0.249698 0.141572 0.003892 0.392909 0.000129
0.015612 0.194324 0.249800 0.141492 0.003913 0.394728 0.000132
0.015759 0.193911 0.249118 0.141105 0.003873 0.396103 0.000131
0.015886 0.193015 0.249193 0.141154 0.004000 0.396621 0.000131
0.015892 0.192741 0.248957 0.141253 0.003964 0.397062 0.000131
0.016121 0.192191 0.248616 0.141272 0.003918 0.397748 0.000135
0.015989 0.191844 0.248618 0.140663 0.003942 0.398817 0.000127
0.015991 0.190813 0.248212 0.140665 0.003943 0.400242 0.000133
0.015847 0.191618 0.247907 0.140634 0.003968 0.399893 0.000132
0.016081 0.189805 0.247877 0.140503 0.003987 0.401617 0.000131
0.015796 0.189319 0.247683 0.140209 0.004038 0.402816 0.000140
0.016226 0.188538 0.247301 0.140072 0.003981 0.403740 0.000141
0.016386 0.187995 0.246935 0.140121 0.003984 0.404441 0.000137
0.016191 0.188080 0.246715 0.140067 0.004028 0.404781 0.000139
0.016213 0.186446 0.246369 0.139764 0.004028 0.407044 0.000136
0.016043 0.187060 0.246538 0.139781 0.004081 0.406357 0.000141
0.016092 0.186601 0.246449 0.139702 0.004037 0.406979 0.000140
0.016198 0.186404 0.245846 0.139599 0.004087 0.407736 0.000130
0.016548 0.183841 0.245643 0.138963 0.004116 0.410745 0.000145
0.016321 0.185246 0.245271 0.139146 0.004033 0.409852 0.000130
0.016399 0.184325 0.245121 0.139106 0.004075 0.410841 0.000131
0.016356 0.183635 0.245127 0.138971 0.004113 0.411653 0.000145
0.016459 0.182826 0.244492 0.138882 0.004144 0.413055 0.000143
0.016882 0.181065 0.244292 0.138377 0.004124 0.415108 0.000152
0.016689 0.181619 0.244156 0.138589 0.004135 0.414663 0.000149
0.016644 0.180612 0.243548 0.138285 0.004122 0.416646 0.000145
0.016806 0.180149 0.244181 0.138084 0.004146 0.416488 0.000146
0.016810 0.179956 0.243635 0.138053 0.004148 0.417250 0.000148
0.016842 0.178932 0.242942 0.137944 0.004198 0.418991 0.000151
0.016804 0.178756 0.243055 0.137912 0.004191 0.419141 0.000141
0.016681 0.178937 0.242865 0.137726 0.004158 0.419487 0.000145
0.016829 0.178297 0.242350 0.137525 0.004168 0.420697 0.000135
0.016705 0.177792 0.241917 0.137460 0.004162 0.421816 0.000149
0.017034 0.177048 0.241701 0.137138 0.004198 0.422726 0.000155
0.017125 0.176013 0.241668 0.137031 0.004177 0.423839 0.000147
0.017091 0.176533 0.241239 0.137061 0.004232 0.423698 0.000146
0.017276 0.175728 0.241122 0.136756 0.004208 0.424750 0.000159
0.016934 0.175016 0.241103 0.136609 0.004188 0.426008 0.000142
0.017188 0.174205 0.240291 0.136680 0.004254 0.427231 0.000152
0.017276 0.173873 0.240525 0.136148 0.004243 0.427783 0.000151
0.017194 0.173665 0.239968 0.136407 0.004225 0.428380 0.000161
0.017109 0.172616 0.239864 0.136083 0.004271 0.429905 0.000153
0.017282 0.172309 0.239856 0.135746 0.004236 0.430421 0.000150
0.017325 0.171935 0.240135 0.135699 0.004279 0.430470 0.000157
0.017470 0.171231 0.239097 0.135596 0.004322 0.432130 0.000154
0.017441 0.171011 0.238882 0.135505 0.004281 0.432726 0.000155
0.017546 0.170560 0.238861 0.135032 0.004263 0.433582 0.000156
0.017504 0.170067 0.238292 0.135207 0.004293 0.434479 0.000158
0.017641 0.169198 0.238064 0.134556 0.004292 0.436098 0.000151
0.017440 0.169200 0.237655 0.134827 0.004294 0.436420 0.000164
0.017575 0.168566 0.238035 0.134717 0.004285 0.436652 0.000170
0.017777 0.167596 0.237541 0.134566 0.004345 0.438019 0.000156
0.018039 0.167736 0.237173 0.134368 0.004313 0.438221 0.000150
0.017726 0.166541 0.236833 0.134086 0.004341 0.440306 0.000168
0.017650 0.166636 0.236605 0.134033 0.004348 0.440567 0.000162
0.017773 0.166010 0.236212 0.133688 0.004399 0.441757 0.000160
0.017979 0.165531 0.236143 0.133477 0.004432 0.442276 0.000163
0.017806 0.165209 0.236272 0.133408 0.004292 0.442854 0.000160
0.017733 0.165329 0.235814 0.133531 0.004349 0.443084 0.000161
0.017958 0.164514 0.235437 0.133160 0.004343 0.444428 0.000160
0.018091 0.164046 0.235216 0.132941 0.004335 0.445211 0.000159
0.018045 0.162914 0.234508 0.132771 0.004391 0.447209 0.000162
0.017792 0.163124 0.234605 0.132631 0.004360 0.447324 0.000163
0.018104 0.162536 0.234045 0.132695 0.004387 0.448063 0.000170
0.018086 0.162333 0.233753 0.132702 0.004333 0.448617 0.000175
0.018389 0.161796 0.233965 0.132527 0.004417 0.448732 0.000174
0.018181 0.161715 0.233745 0.132244 0.004362 0.449580 0.000172
0.018086 0.160919 0.233082 0.132125 0.004348 0.451263 0.000176
0.018293 0.160419 0.233062 0.132131 0.004420 0.451499 0.000176
0.018348 0.160467 0.232794 0.131779 0.004440 0.452001 0.000172
0.018386 0.159081 0.232130 0.131299 0.004386 0.454540 0.000178
0.018274 0.159203 0.232242 0.131227 0.004408 0.454464 0.000182
0.018728 0.158536 0.231626 0.131295 0.004423 0.455209 0.000183
0.018712 0.157853 0.231434 0.131143 0.004477 0.456200 0.000182
0.018391 0.157917 0.231363 0.131017 0.004424 0.456707 0.000181
0.018827 0.157681 0.231075 0.130758 0.004511 0.456970 0.000177
0.018500 0.156495 0.230440 0.130716 0.004451 0.459225 0.000172
0.018581 0.156446 0.230505 0.130327 0.004477 0.459478 0.000186
0.018616 0.156081 0.230030 0.130139 0.004450 0.460493 0.000191
0.018719 0.155333 0.229906 0.130566 0.004418 0.460874 0.000185
0.018717 0.155146 0.229539 0.130025 0.004457 0.461929 0.000186
0.018667 0.154729 0.229484 0.130033 0.004478 0.462419 0.000189
0.018568 0.155005 0.229096 0.129876 0.004441 0.462825 0.000189
0.019011 0.153775 0.229129 0.129474 0.004444 0.463975 0.000193
0.019033 0.154058 0.228926 0.129539 0.004449 0.463810 0.000185
0.018915 0.152995 0.228297 0.129260 0.004499 0.465851 0.000183
0.018890 0.152707 0.227599 0.129162 0.004462 0.467003 0.000177
0.019086 0.152687 0.227552 0.129218 0.004485 0.466765 0.000207
0.019106 0.152069 0.227516 0.128847 0.004506 0.467769 0.000188
0.018990 0.151414 0.227210 0.128719 0.004474 0.468998 0.000195
0.019055 0.151373 0.227128 0.128502 0.004482 0.469268 0.000193
0.019321 0.150778 0.226721 0.128249 0.004458 0.470274 0.000200
0.019475 0.150659 0.226362 0.128390 0.004542 0.470378 0.000194
0.019299 0.150380 0.226221 0.128008 0.004549 0.471341 0.000201
0.019376 0.149758 0.226102 0.128057 0.004492 0.472011 0.000204
0.019358 0.149085 0.225655 0.127843 0.004496 0.473365 0.000197
0.019534 0.148046 0.225193 0.127730 0.004513 0.474790 0.000193
0.019768 0.148418 0.224482 0.127282 0.004545 0.475309 0.000197
0.019585 0.147445 0.224411 0.127466 0.004470 0.476427 0.000196
0.019759 0.147319 0.224519 0.127406 0.004516 0.476266 0.000214
0.019759 0.147199 0.223907 0.126948 0.004568 0.477418 0.000201
0.019607 0.147207 0.223974 0.127058 0.004576 0.477382 0.000196
0.019930 0.146969 0.223326 0.126674 0.004599 0.478307 0.000194
0.019590 0.146054 0.223363 0.126536 0.004550 0.479705 0.000204
0.019749 0.146079 0.223194 0.126663 0.004621 0.479496 0.000200
0.019795 0.145529 0.223148 0.126416 0.004571 0.480335 0.000207
0.019757 0.145565 0.222885 0.125926 0.004596 0.481073 0.000198
0.019825 0.144932 0.222020 0.126166 0.004606 0.482248 0.000203
0.020003 0.144420 0.222163 0.125970 0.004561 0.482685 0.000198
0.020146 0.144031 0.221539 0.125608 0.004595 0.483864 0.000216
0.019839 0.144103 0.221770 0.125621 0.004570 0.483908 0.000190
0.019914 0.143691 0.221121 0.125506 0.004607 0.484963 0.000197
0.019934 0.142953 0.220655 0.125061 0.004590 0.486592 0.000215
0.019761 0.142920 0.220649 0.124759 0.004612 0.487106 0.000193
0.020067 0.142805 0.220189 0.125291 0.004569 0.486866 0.000212
0.020271 0.142161 0.220126 0.124906 0.004598 0.487738 0.000201
0.020320 0.141182 0.219739 0.124541 0.004649 0.489360 0.000209
0.020412 0.141099 0.219930 0.124813 0.004536 0.489013 0.000197
