0.999094 0.000879 0.000016 0.000010 0.000000 0.000000 0.000000
0.998652 0.001309 0.000019 0.000007 0.000001 0.000012 0.000000
0.998193 0.001758 0.000025 0.000011 0.000000 0.000013 0.000000
0.997691 0.002247 0.000035 0.000014 0.000000 0.000013 0.000000
0.997214 0.002710 0.000041 0.000020 0.000000 0.000015 0.000000
0.996605 0.003308 0.000052 0.000020 0.000000 0.000015 0.000000
0.996028 0.003877 0.000059 0.000022 0.000000 0.000014 0.000000
0.995259 0.004630 0.000072 0.000024 0.000000 0.000014 0.000000
0.994177 0.005696 0.000085 0.000028 0.000000 0.000013 0.000000
0.992757 0.007095 0.000107 0.000028 0.000000 0.000013 0.000000
0.991449 0.008392 0.000119 0.000029 0.000000 0.000011 0.000000
0.988665 0.011126 0.000146 0.000053 0.000000 0.000010 0.000000
0.987420 0.012339 0.000142 0.000091 0.000000 0.000009 0.000000
0.984403 0.015281 0.000221 0.000087 0.000000 0.000007 0.000000
0.981547 0.018101 0.000253 0.000092 0.000000 0.000007 0.000000
0.976788 0.022757 0.000310 0.000139 0.000000 0.000006 0.000000
0.972894 0.026551 0.000355 0.000189 0.000000 0.000012 0.000000
0.967088 0.032241 0.000426 0.000227 0.000000 0.000018 0.000000
0.961834 0.037411 0.000469 0.000269 0.000000 0.000017 0.000000
0.956067 0.043055 0.000553 0.000308 0.000000 0.000018 0.000000
0.947337 0.051530 0.000721 0.000387 0.000000 0.000024 0.000000
0.939513 0.059143 0.000864 0.000459 0.000000 0.000021 0.000000
0.932610 0.065910 0.000933 0.000518 0.000004 0.000024 0.000000
0.921087 0.077091 0.001143 0.000643 0.000006 0.000030 0.000000
0.913064 0.084865 0.001305 0.000718 0.000006 0.000042 0.000000
0.901147 0.096458 0.001505 0.000843 0.000005 0.000042 0.000000
0.891260 0.106095 0.001664 0.000939 0.000004 0.000038 0.000000
0.878567 0.118466 0.001856 0.001055 0.000006 0.000051 0.000000
0.865603 0.130971 0.002112 0.001253 0.000006 0.000054 0.000000
0.852057 0.144090 0.002391 0.001401 0.000006 0.000055 0.000000
0.839046 0.156633 0.002678 0.001583 0.000006 0.000055 0.000000
0.826357 0.168922 0.002916 0.001729 0.000006 0.000070 0.000000
0.811246 0.183474 0.003263 0.001927 0.000005 0.000086 0.000000
0.794679 0.199376 0.003655 0.002186 0.000005 0.000099 0.000000
0.781525 0.212055 0.003926 0.002377 0.000004 0.000112 0.000000
0.764948 0.227911 0.004407 0.002595 0.000004 0.000136 0.000000
0.750241 0.242111 0.004719 0.002764 0.000004 0.000162 0.000000
0.735083 0.256608 0.005119 0.003013 0.000003 0.000173 0.000000
0.718661 0.272215 0.005632 0.003298 0.000003 0.000191 0.000000
0.704583 0.285625 0.006076 0.003502 0.000003 0.000211 0.000000
0.688349 0.301128 0.006566 0.003726 0.000003 0.000228 0.000000
0.672258 0.316361 0.007105 0.004027 0.000002 0.000247 0.000000
0.659834 0.328062 0.007540 0.004289 0.000003 0.000272 0.000000
0.645495 0.341571 0.008016 0.004619 0.000003 0.000296 0.000000
0.632137 0.354144 0.008518 0.004877 0.000003 0.000321 0.000000
0.615978 0.369264 0.009168 0.005229 0.000005 0.000355 0.000000
0.599951 0.384213 0.009837 0.005600 0.000005 0.000394 0.000000
0.585943 0.397178 0.010476 0.005969 0.000005 0.000430 0.000000
0.572608 0.409527 0.011072 0.006323 0.000005 0.000465 0.000000
0.557333 0.423643 0.011780 0.006720 0.000006 0.000518 0.000000
0.544380 0.435478 0.012494 0.007089 0.000006 0.000553 0.000000
0.531319 0.447316 0.013240 0.007517 0.000008 0.000600 0.000000
0.524017 0.453673 0.013821 0.007838 0.000008 0.000642 0.000000
0.509516 0.466758 0.014681 0.008353 0.000011 0.000681 0.000000
0.501287 0.473851 0.015401 0.008734 0.000012 0.000715 0.000000
0.490851 0.483029 0.016186 0.009148 0.000011 0.000775 0.000000
0.480377 0.492224 0.016970 0.009584 0.000013 0.000831 0.000000
0.470203 0.501150 0.017709 0.010039 0.000012 0.000886 0.000000
0.463821 0.506484 0.018268 0.010474 0.000014 0.000940 0.000000
0.450573 0.518233 0.019193 0.010982 0.000015 0.001004 0.000000
0.445354 0.522347 0.019853 0.011368 0.000016 0.001061 0.000000
0.432664 0.533312 0.020936 0.011929 0.000016 0.001141 0.000000
0.424457 0.540196 0.021730 0.012405 0.000015 0.001197 0.000000
0.417358 0.545947 0.022494 0.012925 0.000018 0.001258 0.000000
0.406316 0.555297 0.023476 0.013545 0.000019 0.001348 0.000000
0.398563 0.561551 0.024442 0.013988 0.000020 0.001436 0.000000
0.391358 0.567497 0.025214 0.014420 0.000020 0.001491 0.000000
0.382920 0.574527 0.026026 0.014923 0.000022 0.001582 0.000000
0.370708 0.584616 0.027351 0.015610 0.000023 0.001693 0.000000
0.362253 0.591368 0.028367 0.016189 0.000023 0.001800 0.000000
0.354544 0.597152 0.029504 0.016856 0.000025 0.001919 0.000000
0.346432 0.603492 0.030532 0.017487 0.000027 0.002030 0.000000
0.338251 0.609945 0.031566 0.018060 0.000029 0.002148 0.000000
0.330067 0.616308 0.032651 0.018683 0.000029 0.002262 0.000000
0.320599 0.623638 0.033818 0.019512 0.000032 0.002401 0.000000
0.313750 0.628640 0.035014 0.020048 0.000031 0.002516 0.000000
0.308491 0.632038 0.036090 0.020718 0.000034 0.002629 0.000000
0.300005 0.638110 0.037548 0.021510 0.000036 0.002791 0.000000
0.293734 0.642501 0.038680 0.022135 0.000035 0.002916 0.000000
0.284919 0.648716 0.040248 0.022952 0.000038 0.003126 0.000000
0.281120 0.651104 0.041052 0.023446 0.000040 0.003238 0.000000
0.274809 0.655041 0.042480 0.024226 0.000042 0.003401 0.000000
0.269910 0.658379 0.043369 0.024767 0.000043 0.003533 0.000000
0.267234 0.658488 0.044940 0.025539 0.000046 0.003754 0.000000
0.258086 0.665375 0.046181 0.026343 0.000042 0.003973 0.000000
0.253065 0.667989 0.047577 0.027147 0.000050 0.004171 0.000000
0.248027 0.671181 0.048690 0.027730 0.000051 0.004321 0.000000
0.237886 0.678224 0.050438 0.028795 0.000059 0.004598 0.000000
0.241951 0.673768 0.050684 0.028850 0.000050 0.004696 0.000000
0.235075 0.677824 0.052348 0.029809 0.000058 0.004885 0.000000
0.227898 0.681779 0.054207 0.030871 0.000065 0.005180 0.000000
0.226973 0.681022 0.055158 0.031427 0.000063 0.005356 0.000000
0.223434 0.681756 0.056772 0.032303 0.000070 0.005664 0.000000
0.218862 0.684280 0.058026 0.032931 0.000073 0.005828 0.000000
0.217114 0.684422 0.058958 0.033472 0.000075 0.005959 0.000000
0.217545 0.681435 0.060327 0.034293 0.000078 0.006322 0.000000
0.213181 0.683675 0.061583 0.034973 0.000071 0.006518 0.000000
0.210714 0.683717 0.062877 0.035808 0.000077 0.006808 0.000000
0.206192 0.685458 0.064524 0.036591 0.000079 0.007157 0.000000
0.202150 0.686965 0.065972 0.037387 0.000083 0.007444 0.000000
0.207174 0.681600 0.066145 0.037417 0.000082 0.007582 0.000000
0.203336 0.682064 0.068003 0.038541 0.000093 0.007963 0.000000
0.190663 0.690515 0.070467 0.039885 0.000091 0.008379 0.000000
0.196117 0.685570 0.070105 0.039685 0.000097 0.008425 0.000000
0.187589 0.690231 0.072238 0.040997 0.000108 0.008836 0.000000
0.182135 0.692532 0.074049 0.041986 0.000110 0.009187 0.000001
0.179155 0.694007 0.074916 0.042368 0.000113 0.009441 0.000001
0.174043 0.696276 0.076430 0.043349 0.000113 0.009787 0.000001
0.174360 0.693484 0.077795 0.044048 0.000118 0.010193 0.000001
0.166944 0.697950 0.079488 0.044965 0.000120 0.010532 0.000001
0.161370 0.699537 0.081599 0.046330 0.000122 0.011041 0.000001
0.159398 0.700186 0.082355 0.046667 0.000125 0.011268 0.000002
0.151707 0.703640 0.084604 0.048137 0.000140 0.011769 0.000002
0.147804 0.705150 0.086006 0.048790 0.000135 0.012113 0.000002
0.142710 0.706538 0.088177 0.049870 0.000143 0.012560 0.000002
0.143751 0.704338 0.088645 0.050338 0.000143 0.012783 0.000003
0.137886 0.705108 0.091382 0.051893 0.000160 0.013569 0.000002
0.140941 0.701561 0.091568 0.052145 0.000153 0.013630 0.000002
0.131321 0.706893 0.094004 0.053438 0.000167 0.014175 0.000003
0.131027 0.703985 0.095710 0.054362 0.000165 0.014748 0.000003
0.132777 0.701270 0.096161 0.054667 0.000173 0.014949 0.000002
0.129878 0.699871 0.098537 0.055945 0.000179 0.015588 0.000002
0.125855 0.701768 0.099694 0.056650 0.000186 0.015845 0.000001
0.126885 0.698163 0.100922 0.057417 0.000188 0.016422 0.000003
0.124790 0.697634 0.102445 0.058094 0.000200 0.016834 0.000002
0.117178 0.700941 0.104728 0.059502 0.000206 0.017442 0.000002
0.117969 0.697920 0.105813 0.060131 0.000217 0.017948 0.000002
0.113375 0.699876 0.107334 0.060882 0.000215 0.018315 0.000003
0.111936 0.698547 0.108762 0.061668 0.000220 0.018865 0.000003
0.110434 0.697020 0.110306 0.062667 0.000238 0.019333 0.000002
0.111322 0.693535 0.111588 0.063435 0.000238 0.019881 0.000002
0.104591 0.696290 0.113748 0.064625 0.000238 0.020504 0.000003
0.099606 0.697894 0.115479 0.065578 0.000259 0.021183 0.000002
0.103900 0.693323 0.115404 0.065699 0.000258 0.021414 0.000002
0.103578 0.691378 0.116588 0.066323 0.000274 0.021856 0.000002
0.097956 0.692195 0.119213 0.067817 0.000280 0.022536 0.000002
0.096695 0.691601 0.120071 0.068304 0.000279 0.023047 0.000003
0.097984 0.688033 0.121143 0.069004 0.000291 0.023541 0.000003
0.093514 0.689151 0.123044 0.069850 0.000296 0.024143 0.000003
0.091487 0.688077 0.124608 0.070811 0.000315 0.024701 0.000002
0.085471 0.690007 0.126687 0.072058 0.000311 0.025461 0.000004
0.085425 0.684897 0.129327 0.073398 0.000340 0.026608 0.000004
0.089210 0.682523 0.128299 0.073052 0.000325 0.026587 0.000003
0.084468 0.683318 0.130490 0.074177 0.000336 0.027207 0.000004
0.083122 0.681844 0.131849 0.074909 0.000348 0.027926 0.000003
0.085904 0.677002 0.132798 0.075467 0.000340 0.028487 0.000002
0.084586 0.676013 0.134055 0.076051 0.000355 0.028935 0.000003
0.080828 0.676921 0.135515 0.076861 0.000354 0.029517 0.000004
0.077147 0.675576 0.137892 0.078480 0.000366 0.030537 0.000003
0.076729 0.673877 0.138980 0.078835 0.000382 0.031194 0.000003
0.073864 0.672888 0.140769 0.079996 0.000391 0.032087 0.000005
0.075800 0.671699 0.140477 0.079575 0.000398 0.032046 0.000005
0.070930 0.672108 0.142538 0.081022 0.000399 0.032998 0.000005
0.069416 0.669193 0.144668 0.082287 0.000415 0.034016 0.000004
0.064751 0.670260 0.146564 0.083224 0.000425 0.034771 0.000004
0.062506 0.668953 0.148476 0.084108 0.000423 0.035528 0.000007
0.061390 0.667818 0.149452 0.084776 0.000440 0.036121 0.000003
0.058669 0.666088 0.151544 0.086082 0.000448 0.037166 0.000004
0.057761 0.663738 0.153120 0.086906 0.000463 0.038008 0.000004
0.060704 0.659251 0.153731 0.087298 0.000462 0.038548 0.000007
0.056372 0.659582 0.155758 0.088514 0.000475 0.039292 0.000006
0.058315 0.657016 0.156109 0.088415 0.000488 0.039651 0.000006
0.055588 0.656336 0.157793 0.089381 0.000500 0.040396 0.000005
0.059530 0.651676 0.157810 0.089593 0.000504 0.040882 0.000005
0.056900 0.650812 0.159482 0.090617 0.000500 0.041682 0.000006
0.053468 0.651676 0.160711 0.091229 0.000515 0.042394 0.000007
0.048630 0.649283 0.164370 0.093319 0.000526 0.043866 0.000006
0.050362 0.647622 0.164226 0.093189 0.000527 0.044067 0.000008
0.047529 0.647815 0.165323 0.093943 0.000537 0.044846 0.000008
0.048669 0.642457 0.167432 0.094868 0.000561 0.046007 0.000006
0.046431 0.643729 0.167822 0.095009 0.000556 0.046446 0.000007
0.047295 0.640409 0.168884 0.095716 0.000572 0.047116 0.000008
0.045299 0.638080 0.171113 0.096879 0.000583 0.048040 0.000007
0.047620 0.634801 0.171359 0.096948 0.000591 0.048675 0.000006
0.045951 0.633981 0.172506 0.097761 0.000596 0.049199 0.000007
0.048031 0.630990 0.172610 0.097939 0.000588 0.049835 0.000007
0.048378 0.628910 0.173139 0.098330 0.000594 0.050642 0.000006
0.043382 0.627061 0.176592 0.100145 0.000611 0.052199 0.000009
0.047086 0.623672 0.176238 0.099923 0.000624 0.052448 0.000008
0.043174 0.623324 0.178266 0.101126 0.000645 0.053456 0.000009
0.043327 0.622570 0.178361 0.101252 0.000652 0.053830 0.000008
0.044996 0.617556 0.179978 0.101999 0.000660 0.054803 0.000007
0.040254 0.617764 0.181912 0.103339 0.000687 0.056036 0.000008
0.042209 0.613732 0.182630 0.103751 0.000692 0.056977 0.000009
0.042650 0.612762 0.183001 0.103594 0.000693 0.057294 0.000007
0.039725 0.610809 0.185074 0.105063 0.000699 0.058621 0.000008
0.038704 0.610713 0.185654 0.105150 0.000706 0.059066 0.000008
0.036789 0.609758 0.186901 0.105897 0.000728 0.059920 0.000007
0.039653 0.603949 0.187961 0.106603 0.000748 0.061079 0.000007
0.041312 0.603065 0.187422 0.106450 0.000740 0.061004 0.000006
0.039926 0.600941 0.189274 0.106988 0.000770 0.062092 0.000009
0.040720 0.598032 0.189924 0.107521 0.000777 0.063018 0.000008
0.039423 0.596977 0.190857 0.108024 0.000786 0.063926 0.000008
0.035755 0.595375 0.193420 0.109558 0.000793 0.065088 0.000010
0.039505 0.591419 0.193131 0.109495 0.000797 0.065645 0.000008
0.038525 0.591549 0.193531 0.109466 0.000789 0.066131 0.000009
0.039298 0.585856 0.195708 0.110563 0.000820 0.067745 0.000010
0.036452 0.587684 0.195943 0.111101 0.000832 0.067979 0.000010
0.037716 0.585518 0.196138 0.111303 0.000824 0.068494 0.000008
0.035723 0.583994 0.197673 0.112149 0.000840 0.069614 0.000007
0.038701 0.578667 0.198369 0.112476 0.000861 0.070916 0.000009
0.033018 0.580254 0.200357 0.113781 0.000865 0.071715 0.000009
0.035574 0.578844 0.199479 0.113240 0.000861 0.071993 0.000009
0.034032 0.576425 0.201324 0.114231 0.000891 0.073089 0.000008
0.032622 0.576313 0.202009 0.114487 0.000883 0.073675 0.000010
0.033167 0.571376 0.203539 0.115432 0.000898 0.075579 0.000011
0.030398 0.571001 0.205027 0.116263 0.000920 0.076383 0.000008
0.032315 0.568671 0.205105 0.116243 0.000936 0.076719 0.000011
0.037851 0.564697 0.203966 0.115642 0.000923 0.076911 0.000010
0.033763 0.563475 0.206267 0.116908 0.000959 0.078617 0.000011
0.037456 0.558388 0.206690 0.117051 0.000963 0.079440 0.000012
0.038863 0.558080 0.205991 0.116699 0.000952 0.079402 0.000013
0.034616 0.555417 0.209139 0.118346 0.000976 0.081495 0.000012
0.036354 0.554121 0.208713 0.118137 0.000977 0.081684 0.000014
0.039233 0.552980 0.207594 0.117542 0.000973 0.081666 0.000013
0.036060 0.550873 0.209978 0.118770 0.001012 0.083290 0.000017
0.034358 0.549556 0.211159 0.119531 0.001026 0.084355 0.000015
0.032557 0.546845 0.212740 0.120671 0.001025 0.086148 0.000014
0.035562 0.545052 0.212114 0.120171 0.001039 0.086046 0.000016
0.033767 0.545569 0.212340 0.120613 0.001040 0.086657 0.000014
0.037063 0.540801 0.212894 0.120696 0.001054 0.087477 0.000015
0.039112 0.536371 0.213603 0.121214 0.001049 0.088638 0.000013
0.035354 0.536667 0.214952 0.122140 0.001088 0.089788 0.000011
0.040613 0.533518 0.213649 0.121451 0.001060 0.089697 0.000011
0.041760 0.530195 0.214555 0.121503 0.001083 0.090890 0.000015
0.045536 0.526745 0.214299 0.120990 0.001077 0.091336 0.000018
0.047364 0.524621 0.213955 0.121247 0.001101 0.091695 0.000017
0.053909 0.520714 0.212237 0.120512 0.001093 0.091522 0.000014
0.058623 0.516859 0.211700 0.120150 0.001080 0.091572 0.000016
0.056206 0.517107 0.212558 0.120388 0.001101 0.092622 0.000017
0.061599 0.513974 0.210988 0.119772 0.001111 0.092538 0.000018
0.054988 0.513432 0.214075 0.121199 0.001136 0.095156 0.000015
0.057059 0.510836 0.214184 0.121359 0.001137 0.095409 0.000016
0.060837 0.507872 0.213512 0.121088 0.001127 0.095550 0.000014
0.062581 0.507507 0.212305 0.120608 0.001150 0.095829 0.000020
0.060053 0.506557 0.213952 0.121446 0.001141 0.096834 0.000017
0.060804 0.504784 0.214085 0.121389 0.001154 0.097770 0.000014
0.055319 0.505485 0.216076 0.122521 0.001144 0.099439 0.000016
0.055949 0.504895 0.215798 0.122379 0.001160 0.099801 0.000018
0.060162 0.501978 0.214762 0.121719 0.001192 0.100171 0.000016
0.055771 0.502444 0.216298 0.122864 0.001189 0.101419 0.000017
0.049418 0.505807 0.217847 0.123383 0.001184 0.102348 0.000014
0.047968 0.502149 0.219607 0.124845 0.001202 0.104212 0.000017
0.048471 0.504352 0.218367 0.123932 0.001221 0.103641 0.000017
0.044933 0.500184 0.221605 0.125578 0.001226 0.106455 0.000018
0.047485 0.497848 0.221241 0.125546 0.001272 0.106591 0.000016
0.047809 0.496475 0.221312 0.125770 0.001253 0.107365 0.000016
0.041538 0.496395 0.224150 0.126989 0.001297 0.109612 0.000020
0.044921 0.495058 0.222606 0.126457 0.001301 0.109636 0.000022
0.047260 0.491918 0.222879 0.126294 0.001293 0.110335 0.000021
0.047063 0.491775 0.222768 0.126258 0.001305 0.110812 0.000019
0.044570 0.492201 0.223455 0.126609 0.001288 0.111857 0.000020
0.043383 0.488430 0.225184 0.127831 0.001337 0.113812 0.000022
0.038402 0.486906 0.227969 0.129506 0.001353 0.115840 0.000022
0.039009 0.486947 0.227447 0.129199 0.001374 0.116003 0.000021
0.037514 0.486850 0.228125 0.129305 0.001363 0.116819 0.000024
0.033280 0.483398 0.231210 0.131006 0.001403 0.119681 0.000022
0.033789 0.483788 0.230519 0.130846 0.001390 0.119645 0.000023
0.034380 0.483683 0.229843 0.130470 0.001411 0.120189 0.000023
0.029820 0.481571 0.232823 0.132264 0.001467 0.122030 0.000025
0.030323 0.482235 0.232136 0.131730 0.001409 0.122143 0.000024
0.029062 0.478103 0.234073 0.132825 0.001466 0.124446 0.000025
0.027474 0.475912 0.235315 0.133666 0.001494 0.126114 0.000025
0.027636 0.476166 0.235062 0.133215 0.001486 0.126409 0.000026
0.025478 0.474344 0.236481 0.134328 0.001510 0.127834 0.000026
0.025603 0.475394 0.235547 0.133932 0.001500 0.127996 0.000028
0.023684 0.472535 0.237958 0.134840 0.001515 0.129442 0.000026
0.021892 0.468192 0.240140 0.135878 0.001580 0.132290 0.000029
0.022433 0.466583 0.240271 0.136433 0.001558 0.132695 0.000026
0.020718 0.464058 0.242292 0.136986 0.001577 0.134341 0.000028
0.020547 0.463360 0.241841 0.137098 0.001573 0.135556 0.000026
0.020482 0.464218 0.241624 0.136878 0.001583 0.135184 0.000030
0.019404 0.461709 0.242686 0.137684 0.001609 0.136879 0.000029
0.018388 0.457310 0.244655 0.138504 0.001653 0.139461 0.000029
0.018695 0.456976 0.244170 0.138459 0.001613 0.140061 0.000026
0.018047 0.454213 0.245428 0.139232 0.001671 0.141382 0.000026
0.016962 0.449459 0.247438 0.140462 0.001680 0.143967 0.000033
0.017998 0.454100 0.244931 0.139059 0.001665 0.142221 0.000026
0.017179 0.450624 0.246523 0.140205 0.001664 0.143779 0.000027
0.017132 0.448096 0.247073 0.140270 0.001682 0.145721 0.000027
0.016810 0.446959 0.247882 0.140313 0.001716 0.146292 0.000028
0.016655 0.446047 0.247914 0.140796 0.001740 0.146820 0.000028
0.016133 0.442892 0.249117 0.141515 0.001752 0.148563 0.000027
0.016400 0.441290 0.249361 0.141319 0.001751 0.149850 0.000030
0.015587 0.437459 0.250767 0.142275 0.001796 0.152083 0.000033
0.015882 0.438121 0.250045 0.142059 0.001798 0.152065 0.000030
0.015175 0.435375 0.251543 0.142550 0.001832 0.153492 0.000034
0.015478 0.434190 0.251417 0.142573 0.001792 0.154517 0.000033
0.015345 0.434215 0.251249 0.142471 0.001795 0.154891 0.000033
0.015030 0.429340 0.253136 0.143393 0.001837 0.157228 0.000037
0.015494 0.430087 0.252235 0.143031 0.001800 0.157321 0.000033
0.015405 0.429127 0.252578 0.143475 0.001833 0.157548 0.000034
0.014982 0.425560 0.253753 0.143842 0.001866 0.159959 0.000037
0.014359 0.422691 0.254693 0.144413 0.001875 0.161933 0.000037
0.015045 0.423805 0.253754 0.143861 0.001901 0.161596 0.000037
0.014724 0.420740 0.254924 0.144559 0.001888 0.163129 0.000037
0.014508 0.418302 0.255936 0.145076 0.001934 0.164202 0.000041
0.014409 0.416852 0.255979 0.145372 0.001928 0.165418 0.000041
0.014223 0.416557 0.256055 0.145222 0.001938 0.165966 0.000040
0.014710 0.416931 0.255214 0.144844 0.001933 0.166331 0.000036
0.014329 0.413590 0.256463 0.145521 0.001953 0.168103 0.000040
0.014293 0.411789 0.256559 0.145913 0.001932 0.169479 0.000035
0.014365 0.410391 0.256936 0.146169 0.001975 0.170124 0.000039
0.014175 0.407790 0.257459 0.146453 0.001980 0.172103 0.000041
0.014213 0.408091 0.257744 0.146231 0.001976 0.171705 0.000040
0.014191 0.405075 0.258321 0.146492 0.001993 0.173888 0.000041
0.013788 0.402329 0.258871 0.147169 0.002055 0.175747 0.000040
0.014011 0.402376 0.258904 0.146802 0.002016 0.175850 0.000041
0.013926 0.400895 0.258998 0.147179 0.002040 0.176921 0.000041
0.013870 0.399115 0.259537 0.147304 0.002093 0.178036 0.000045
0.013893 0.397407 0.259605 0.147636 0.002054 0.179362 0.000044
0.013975 0.395784 0.260071 0.147657 0.002094 0.180378 0.000041
0.013940 0.395078 0.260187 0.147498 0.002067 0.181186 0.000044
0.013794 0.393903 0.260398 0.147819 0.002094 0.181950 0.000041
0.013867 0.393247 0.259986 0.148023 0.002112 0.182721 0.000042
0.013557 0.389402 0.261692 0.148125 0.002130 0.185051 0.000044
0.013675 0.387638 0.261908 0.148534 0.002142 0.186063 0.000041
0.013665 0.386893 0.261731 0.148670 0.002148 0.186851 0.000041
0.013650 0.384963 0.262355 0.148571 0.002139 0.188275 0.000048
0.013690 0.385620 0.261642 0.148752 0.002138 0.188110 0.000048
0.013591 0.384069 0.262078 0.148932 0.002135 0.189150 0.000047
0.013593 0.381661 0.262475 0.148885 0.002180 0.191160 0.000046
0.013674 0.380831 0.262394 0.149039 0.002191 0.191828 0.000043
0.013671 0.379823 0.262255 0.148994 0.002192 0.193023 0.000042
0.013651 0.378447 0.262311 0.149249 0.002212 0.194081 0.000048
0.013614 0.375417 0.263579 0.149462 0.002180 0.195704 0.000044
0.013767 0.377092 0.262612 0.148920 0.002224 0.195336 0.000048
0.013718 0.374128 0.263557 0.149386 0.002222 0.196943 0.000046
0.013449 0.370760 0.263911 0.149818 0.002267 0.199743 0.000052
0.013524 0.370367 0.264090 0.149745 0.002231 0.199994 0.000049
0.013801 0.369946 0.263913 0.149509 0.002266 0.200518 0.000047
0.013733 0.367911 0.264489 0.149856 0.002275 0.201686 0.000050
0.013479 0.366213 0.264957 0.150094 0.002292 0.202917 0.000048
0.013352 0.363980 0.265271 0.150205 0.002304 0.204835 0.000053
0.013519 0.364168 0.264989 0.149954 0.002333 0.204988 0.000050
0.013473 0.361454 0.265334 0.150440 0.002323 0.206926 0.000050
0.013399 0.360105 0.265509 0.150314 0.002351 0.208268 0.000055
0.013422 0.360140 0.265176 0.150575 0.002365 0.208273 0.000049
0.013738 0.359216 0.265382 0.150176 0.002399 0.209035 0.000054
0.013557 0.357323 0.265297 0.150555 0.002404 0.210809 0.000055
0.013447 0.356170 0.265933 0.150407 0.002374 0.211609 0.000061
0.013396 0.354732 0.265963 0.150460 0.002417 0.212974 0.000059
0.013412 0.352939 0.266152 0.150662 0.002422 0.214360 0.000052
0.013439 0.352452 0.266060 0.150744 0.002401 0.214849 0.000055
0.013396 0.350880 0.266323 0.150947 0.002467 0.215932 0.000055
0.013659 0.348984 0.266703 0.150917 0.002429 0.217254 0.000054
0.013530 0.347302 0.267144 0.151292 0.002462 0.218217 0.000054
0.013585 0.346802 0.266577 0.151270 0.002436 0.219277 0.000053
0.013633 0.347036 0.266518 0.150937 0.002435 0.219384 0.000057
0.013293 0.345008 0.266838 0.151161 0.002496 0.221148 0.000057
0.013424 0.342958 0.267086 0.151246 0.002551 0.222677 0.000058
0.013406 0.341739 0.267147 0.151221 0.002510 0.223925 0.000051
0.013382 0.341837 0.267195 0.151282 0.002523 0.223724 0.000057
0.013520 0.343108 0.266206 0.151039 0.002525 0.223542 0.000059
0.013443 0.338020 0.267163 0.151107 0.002551 0.227656 0.000059
0.013486 0.338127 0.267048 0.151490 0.002522 0.227272 0.000055
0.013324 0.336208 0.267526 0.151269 0.002582 0.229032 0.000060
0.013723 0.335049 0.267201 0.151299 0.002582 0.230090 0.000056
0.013536 0.332804 0.267771 0.151389 0.002636 0.231800 0.000064
0.013596 0.333651 0.267475 0.151342 0.002588 0.231295 0.000053
0.013557 0.332661 0.267664 0.151595 0.002585 0.231881 0.000057
0.013599 0.331228 0.267627 0.151509 0.002643 0.233336 0.000058
0.013451 0.330209 0.267467 0.151514 0.002633 0.234667 0.000060
0.013324 0.328477 0.267872 0.151676 0.002690 0.235901 0.000060
0.013371 0.325077 0.268139 0.151945 0.002674 0.238730 0.000064
0.013421 0.326207 0.267802 0.151605 0.002672 0.238224 0.000069
0.013453 0.324489 0.267990 0.151742 0.002702 0.239556 0.000069
0.013634 0.323741 0.267779 0.151397 0.002722 0.240665 0.000062
0.013450 0.320905 0.267985 0.151854 0.002741 0.242999 0.000066
0.013677 0.320652 0.268053 0.151585 0.002728 0.243239 0.000066
0.013496 0.319858 0.268126 0.151882 0.002738 0.243835 0.000065
0.013455 0.316267 0.268451 0.151957 0.002782 0.247032 0.000056
0.013453 0.317686 0.268103 0.151641 0.002745 0.246303 0.000069
0.013408 0.317244 0.267763 0.151938 0.002834 0.246741 0.000071
0.013530 0.316087 0.267734 0.151619 0.002800 0.248162 0.000068
0.013596 0.313122 0.268208 0.151866 0.002844 0.250298 0.000066
0.013478 0.314053 0.267722 0.151594 0.002828 0.250254 0.000071
0.013684 0.312320 0.268106 0.151641 0.002841 0.251341 0.000067
0.013724 0.309811 0.268161 0.152004 0.002871 0.253360 0.000069
0.013757 0.309745 0.268133 0.151234 0.002869 0.254189 0.000074
0.013628 0.307912 0.267841 0.151945 0.002907 0.255701 0.000065
0.013606 0.306273 0.268185 0.151752 0.002879 0.257228 0.000078
0.013547 0.306537 0.268171 0.151438 0.002902 0.257334 0.000070
0.013576 0.304448 0.268346 0.151665 0.002928 0.258971 0.000065
0.013598 0.305137 0.267905 0.151642 0.002902 0.258745 0.000071
0.013750 0.304032 0.267890 0.151664 0.002933 0.259660 0.000071
0.013944 0.302476 0.267817 0.151575 0.002957 0.261158 0.000072
0.013744 0.301147 0.268030 0.151599 0.002996 0.262414 0.000071
0.013764 0.301326 0.267746 0.151512 0.002942 0.262636 0.000073
0.013735 0.300599 0.267550 0.151546 0.002946 0.263544 0.000079
0.013931 0.297572 0.267559 0.151829 0.003027 0.266007 0.000075
0.013798 0.297739 0.267629 0.151669 0.002979 0.266118 0.000068
0.013750 0.296473 0.267774 0.151510 0.003029 0.267388 0.000076
0.013972 0.295485 0.267668 0.151483 0.003012 0.268307 0.000075
0.014004 0.293170 0.267719 0.151612 0.003034 0.270391 0.000071
0.013873 0.293773 0.267385 0.151583 0.003006 0.270306 0.000073
0.013876 0.293511 0.267424 0.151530 0.003004 0.270579 0.000076
0.014011 0.291640 0.267716 0.151530 0.003041 0.271984 0.000078
0.013977 0.290392 0.267429 0.151462 0.003045 0.273623 0.000072
0.014024 0.287870 0.267513 0.151686 0.003096 0.275740 0.000072
0.013963 0.287070 0.267078 0.151799 0.003093 0.276922 0.000075
0.014032 0.287214 0.267463 0.151611 0.003100 0.276505 0.000074
0.013973 0.285604 0.267260 0.151617 0.003117 0.278355 0.000075
0.013996 0.285475 0.267257 0.151283 0.003093 0.278825 0.000071
0.013982 0.282177 0.267144 0.151825 0.003081 0.281713 0.000079
0.014224 0.283531 0.267281 0.151212 0.003132 0.280540 0.000080
0.014082 0.281826 0.267053 0.151479 0.003128 0.282357 0.000075
0.013941 0.282410 0.267150 0.151314 0.003167 0.281937 0.000080
0.013957 0.280218 0.267283 0.151332 0.003146 0.283988 0.000076
0.014031 0.278587 0.267173 0.151344 0.003174 0.285615 0.000077
0.014226 0.277349 0.266853 0.151240 0.003182 0.287073 0.000076
0.013977 0.279142 0.266759 0.151226 0.003141 0.285681 0.000074
0.014154 0.275664 0.266449 0.151224 0.003175 0.289258 0.000075
0.014265 0.275000 0.266617 0.150986 0.003175 0.289875 0.000082
0.014179 0.273809 0.266560 0.150937 0.003183 0.291248 0.000084
0.014108 0.272292 0.266614 0.150988 0.003252 0.292662 0.000085
0.014323 0.272313 0.266383 0.151040 0.003193 0.292660 0.000088
0.014124 0.271007 0.266313 0.150916 0.003182 0.294370 0.000088
0.014360 0.271284 0.266216 0.150950 0.003207 0.293902 0.000080
0.014508 0.269534 0.266322 0.151083 0.003223 0.295244 0.000086
0.014215 0.268325 0.266135 0.151136 0.003269 0.296827 0.000093
0.014339 0.268467 0.265973 0.150616 0.003242 0.297275 0.000088
0.014353 0.267947 0.265736 0.150860 0.003254 0.297757 0.000093
0.014295 0.266593 0.265760 0.150561 0.003275 0.299427 0.000089
0.014187 0.265099 0.265614 0.150708 0.003303 0.301001 0.000087
0.014573 0.264063 0.265667 0.150596 0.003299 0.301710 0.000091
0.014323 0.264056 0.265193 0.150506 0.003355 0.302477 0.000090
0.014671 0.261394 0.265304 0.150464 0.003298 0.304781 0.000088
0.014449 0.260526 0.265322 0.150446 0.003357 0.305812 0.000088
0.014430 0.259866 0.264697 0.150150 0.003399 0.307369 0.000090
0.014577 0.259861 0.264473 0.150193 0.003338 0.307468 0.000089
0.014614 0.257929 0.264528 0.149893 0.003376 0.309568 0.000092
0.014625 0.257972 0.264598 0.149829 0.003384 0.309501 0.000091
0.014771 0.258231 0.264160 0.150067 0.003378 0.309307 0.000086
0.014654 0.257143 0.264144 0.150015 0.003400 0.310547 0.000095
0.014841 0.256385 0.264126 0.149536 0.003422 0.311595 0.000095
0.014799 0.256021 0.263837 0.149837 0.003419 0.311995 0.000092
0.014671 0.253882 0.263591 0.149898 0.003410 0.314458 0.000090
0.014623 0.253520 0.263539 0.149485 0.003427 0.315316 0.000090
0.014756 0.252440 0.263541 0.149682 0.003417 0.316076 0.000089
0.027938 0.251040 0.259087 0.146828 0.003391 0.311622 0.000095
0.030030 0.249151 0.258268 0.146498 0.003383 0.312583 0.000087
0.033313 0.249849 0.256586 0.145586 0.003394 0.311178 0.000094
0.030866 0.247887 0.257343 0.145841 0.003415 0.314556 0.000093
0.031625 0.250094 0.256485 0.145515 0.003401 0.312788 0.000093
0.029831 0.248761 0.256984 0.145680 0.003378 0.315274 0.000092
0.031525 0.249672 0.255537 0.144804 0.003396 0.314972 0.000094
0.027396 0.248738 0.256928 0.145447 0.003433 0.317964 0.000094
0.030622 0.248945 0.254917 0.144431 0.003342 0.317645 0.000098
0.025579 0.248713 0.256933 0.145649 0.003388 0.319647 0.000091
0.026211 0.248125 0.256565 0.145327 0.003423 0.320256 0.000094
0.024130 0.246398 0.257342 0.145480 0.003495 0.323055 0.000100
0.023778 0.247049 0.257093 0.145536 0.003470 0.322980 0.000094
0.022564 0.245203 0.257517 0.145827 0.003485 0.325300 0.000104
0.022948 0.245803 0.256623 0.145400 0.003474 0.325651 0.000101
0.021729 0.244617 0.257013 0.145894 0.003488 0.327157 0.000101
0.021789 0.244889 0.256494 0.145483 0.003502 0.327743 0.000098
0.020583 0.244077 0.256717 0.145796 0.003511 0.329215 0.000099
0.019448 0.242681 0.257437 0.145978 0.003515 0.330843 0.000096
0.018129 0.239266 0.258224 0.146499 0.003555 0.334223 0.000103
0.019583 0.240654 0.256874 0.145864 0.003541 0.333384 0.000100
0.018484 0.239654 0.257627 0.145923 0.003571 0.334637 0.000104
0.018828 0.238912 0.256964 0.145910 0.003573 0.335710 0.000104
0.018956 0.240381 0.256899 0.145510 0.003599 0.334550 0.000106
0.017585 0.238068 0.257745 0.146075 0.003604 0.336818 0.000105
0.017552 0.236439 0.257291 0.146054 0.003629 0.338933 0.000104
0.018092 0.237003 0.256741 0.145680 0.003596 0.338776 0.000112
0.017793 0.236198 0.256772 0.145493 0.003575 0.340061 0.000108
0.016769 0.233398 0.258009 0.146219 0.003676 0.341821 0.000107
0.017147 0.233502 0.257150 0.145794 0.003608 0.342688 0.000111
0.017674 0.233798 0.256186 0.145437 0.003615 0.343178 0.000112
0.017161 0.232203 0.256510 0.145531 0.003666 0.344815 0.000114
0.016824 0.229471 0.257471 0.145791 0.003655 0.346671 0.000117
0.017317 0.231222 0.256288 0.145219 0.003723 0.346115 0.000115
0.016857 0.228447 0.256939 0.145604 0.003656 0.348387 0.000109
0.016916 0.227875 0.256218 0.145241 0.003731 0.349902 0.000116
0.016932 0.227248 0.256437 0.145301 0.003685 0.350274 0.000122
0.016721 0.225834 0.256133 0.145183 0.003686 0.352325 0.000118
0.016282 0.222816 0.256679 0.145691 0.003723 0.354687 0.000122
0.016481 0.226054 0.256180 0.145355 0.003684 0.352127 0.000119
0.016051 0.222610 0.256379 0.145469 0.003729 0.355638 0.000124
0.016265 0.223325 0.255663 0.145153 0.003729 0.355742 0.000123
0.016383 0.222036 0.255927 0.144791 0.003782 0.356956 0.000125
0.016466 0.222455 0.255018 0.144729 0.003730 0.357477 0.000124
0.016165 0.222019 0.255583 0.145023 0.003699 0.357391 0.000120
0.016277 0.220441 0.255725 0.144740 0.003747 0.358947 0.000123
0.016585 0.219140 0.254728 0.144562 0.003772 0.361099 0.000114
0.016238 0.217212 0.255410 0.144494 0.003768 0.362754 0.000124
0.016140 0.216494 0.254492 0.144915 0.003818 0.364024 0.000117
0.016374 0.218813 0.254357 0.144312 0.003771 0.362249 0.000123
0.016323 0.215731 0.254792 0.144311 0.003785 0.364937 0.000121
0.016364 0.216078 0.254092 0.144334 0.003785 0.365218 0.000129
0.016473 0.215684 0.254098 0.144084 0.003854 0.365674 0.000133
0.016009 0.214415 0.253535 0.143919 0.003781 0.368211 0.000131
0.016391 0.214793 0.253484 0.143948 0.003829 0.367419 0.000136
0.016175 0.213808 0.253366 0.143735 0.003812 0.368970 0.000133
0.016216 0.211368 0.253377 0.144187 0.003808 0.370911 0.000133
0.016290 0.211288 0.253198 0.143688 0.003834 0.371567 0.000136
0.016269 0.212676 0.252401 0.143517 0.003842 0.371166 0.000129
0.016064 0.209860 0.253050 0.143907 0.003835 0.373146 0.000137
0.016200 0.210162 0.252155 0.143437 0.003859 0.374058 0.000130
0.016257 0.208548 0.252219 0.143350 0.003801 0.375690 0.000135
0.016368 0.206985 0.252183 0.143103 0.003889 0.377328 0.000143
0.016267 0.207015 0.251810 0.143099 0.003866 0.377812 0.000131
0.016663 0.206258 0.251495 0.143333 0.003849 0.378261 0.000141
0.016515 0.205752 0.251843 0.142619 0.003916 0.379222 0.000132
0.016821 0.204123 0.251257 0.142791 0.003904 0.380970 0.000135
0.016452 0.204940 0.251002 0.142637 0.003913 0.380929 0.000127
0.016560 0.204577 0.250777 0.142404 0.003894 0.381660 0.000128
0.016529 0.203578 0.250206 0.142261 0.003933 0.383356 0.000137
0.016954 0.202175 0.250246 0.142312 0.003955 0.384237 0.000122
0.016572 0.202578 0.249862 0.141888 0.003930 0.385031 0.000140
0.016815 0.200913 0.250092 0.141985 0.003910 0.386155 0.000131
0.016533 0.200728 0.249559 0.141859 0.003965 0.387223 0.000133
0.016868 0.198946 0.249637 0.141636 0.003956 0.388824 0.000134
0.016663 0.200803 0.249376 0.141535 0.003949 0.387536 0.000136
0.016847 0.198977 0.249134 0.141506 0.004013 0.389391 0.000131
0.016676 0.197328 0.249221 0.141532 0.004017 0.391094 0.000130
0.016881 0.197774 0.248680 0.141292 0.004035 0.391205 0.000133
0.016857 0.196712 0.248510 0.140892 0.003973 0.392925 0.000130
0.016642 0.196602 0.248110 0.141005 0.004039 0.393466 0.000136
0.016724 0.196164 0.248264 0.141048 0.003996 0.393664 0.000140
0.016823 0.196943 0.247333 0.140295 0.003973 0.394501 0.000131
0.016863 0.195906 0.247596 0.140459 0.004059 0.394983 0.000134
0.017036 0.193929 0.247463 0.140134 0.004018 0.397275 0.000145
0.017280 0.192472 0.246957 0.140209 0.004050 0.398886 0.000145
0.017066 0.193146 0.247175 0.140189 0.004019 0.398266 0.000140
0.017115 0.191734 0.246834 0.139992 0.004019 0.400165 0.000140
0.016982 0.192051 0.246327 0.139980 0.004039 0.400486 0.000136
0.017178 0.191145 0.246541 0.140048 0.004070 0.400877 0.000141
0.017398 0.190807 0.245534 0.139517 0.004081 0.402523 0.000139
0.017382 0.189551 0.245874 0.139367 0.004066 0.403611 0.000149
0.017060 0.189787 0.245460 0.139459 0.004071 0.404018 0.000145
0.017326 0.189396 0.245349 0.139677 0.004117 0.403995 0.000140
0.017110 0.188168 0.245051 0.139342 0.004082 0.406107 0.000140
0.017237 0.189360 0.244876 0.139175 0.004059 0.405151 0.000141
0.017325 0.187084 0.244418 0.139175 0.004133 0.407714 0.000152
0.017276 0.185760 0.244392 0.138958 0.004083 0.409383 0.000148
0.017569 0.187212 0.244123 0.138739 0.004083 0.408129 0.000145
0.017462 0.185678 0.243572 0.138485 0.004116 0.410540 0.000146
0.017711 0.184824 0.243432 0.138127 0.004125 0.411630 0.000151
0.017687 0.183911 0.243872 0.138253 0.004094 0.412032 0.000151
0.017465 0.183791 0.243387 0.138384 0.004121 0.412699 0.000153
0.017601 0.184206 0.242889 0.138052 0.004122 0.412984 0.000146
0.017611 0.183589 0.242438 0.137877 0.004134 0.414205 0.000146
0.017558 0.181692 0.242697 0.137842 0.004181 0.415878 0.000152
0.017809 0.181311 0.242282 0.137251 0.004134 0.417058 0.000155
0.017858 0.181863 0.242214 0.137642 0.004131 0.416134 0.000158
0.017984 0.178599 0.241701 0.137237 0.004140 0.420188 0.000151
0.017898 0.178718 0.241389 0.137004 0.004206 0.420633 0.000151
0.017842 0.179024 0.241112 0.137261 0.004199 0.420417 0.000146
0.018000 0.177793 0.240672 0.136730 0.004186 0.422460 0.000160
0.017769 0.178858 0.240692 0.137053 0.004219 0.421247 0.000163
0.018098 0.177113 0.240836 0.136716 0.004196 0.422887 0.000154
0.018149 0.178186 0.240442 0.136650 0.004196 0.422220 0.000156
0.017986 0.176028 0.240302 0.136435 0.004217 0.424875 0.000158
0.018104 0.176224 0.239817 0.135884 0.004169 0.425640 0.000162
0.018293 0.175077 0.239293 0.135713 0.004238 0.427224 0.000162
0.018150 0.174343 0.239550 0.136114 0.004189 0.427484 0.000170
0.018291 0.174744 0.239153 0.135486 0.004223 0.427945 0.000158
0.018067 0.175403 0.239159 0.135778 0.004195 0.427233 0.000166
0.018344 0.173200 0.239004 0.135161 0.004221 0.429904 0.000165
0.018573 0.172982 0.238036 0.135435 0.004274 0.430533 0.000168
0.018182 0.172171 0.237985 0.135350 0.004241 0.431910 0.000162
0.018152 0.171000 0.237741 0.134823 0.004271 0.433849 0.000164
0.018363 0.171718 0.237438 0.134501 0.004272 0.433538 0.000172
0.018510 0.170028 0.237156 0.134348 0.004332 0.435463 0.000163
0.018477 0.170688 0.236542 0.134372 0.004264 0.435494 0.000164
0.018452 0.172293 0.236946 0.134742 0.004289 0.433110 0.000168
0.018422 0.170582 0.236282 0.134387 0.004269 0.435883 0.000176
0.018531 0.168654 0.235837 0.133952 0.004328 0.438530 0.000169
0.018343 0.170008 0.235923 0.134074 0.004247 0.437243 0.000162
0.018608 0.168763 0.235757 0.133817 0.004311 0.438574 0.000169
0.018649 0.169141 0.235616 0.133594 0.004332 0.438499 0.000169
0.018716 0.166917 0.234921 0.133781 0.004264 0.441235 0.000167
0.018736 0.166431 0.235018 0.133539 0.004329 0.441799 0.000148
0.018632 0.166533 0.234987 0.133442 0.004284 0.441947 0.000176
0.018726 0.165701 0.234849 0.133212 0.004346 0.443000 0.000167
0.018920 0.165149 0.234067 0.132785 0.004295 0.444621 0.000165
0.019088 0.165508 0.233257 0.133008 0.004343 0.444623 0.000172
0.018964 0.165695 0.233654 0.132719 0.004267 0.444529 0.000171
0.018990 0.165013 0.233458 0.132448 0.004266 0.445651 0.000173
0.018966 0.164035 0.232783 0.132471 0.004353 0.447213 0.000178
0.018862 0.163921 0.233024 0.132355 0.004329 0.447336 0.000173
0.019125 0.163667 0.232913 0.131978 0.004340 0.447808 0.000168
0.018685 0.162798 0.232742 0.132288 0.004353 0.448962 0.000172
0.018964 0.161252 0.232315 0.132001 0.004373 0.450919 0.000175
0.019526 0.162147 0.231596 0.131892 0.004406 0.450262 0.000171
0.019395 0.161022 0.231156 0.131456 0.004354 0.452440 0.000177
0.019040 0.160776 0.231283 0.131134 0.004415 0.453182 0.000170
0.019248 0.160706 0.230895 0.131139 0.004377 0.453456 0.000179
0.019370 0.159727 0.230300 0.131101 0.004397 0.454923 0.000183
0.019605 0.159429 0.230689 0.130879 0.004419 0.454803 0.000176
0.019507 0.158790 0.230427 0.130786 0.004379 0.455939 0.000172
0.019527 0.159003 0.230257 0.130754 0.004475 0.455794 0.000191
0.019239 0.158621 0.229540 0.130300 0.004428 0.457699 0.000172
0.019245 0.157628 0.229540 0.130264 0.004417 0.458731 0.000174
0.019401 0.156961 0.229236 0.130132 0.004405 0.459693 0.000172
0.019710 0.156510 0.228703 0.129820 0.004451 0.460628 0.000178
0.019840 0.156069 0.228520 0.129608 0.004463 0.461312 0.000188
0.019694 0.155701 0.227960 0.129638 0.004499 0.462327 0.000182
0.019616 0.155679 0.227803 0.129600 0.004474 0.462639 0.000189
0.019877 0.155649 0.228054 0.129758 0.004482 0.462007 0.000173
0.020082 0.155074 0.227825 0.129237 0.004436 0.463168 0.000178
0.019787 0.153715 0.227147 0.129015 0.004532 0.465622 0.000182
0.020054 0.153964 0.226953 0.129005 0.004493 0.465352 0.000178
0.019912 0.152732 0.226662 0.128665 0.004526 0.467314 0.000190
0.019980 0.152563 0.226131 0.128645 0.004476 0.468012 0.000194
0.020228 0.151797 0.225720 0.128378 0.004440 0.469251 0.000187
0.020013 0.151922 0.225892 0.128183 0.004537 0.469261 0.000192
0.019726 0.151488 0.225284 0.128355 0.004496 0.470467 0.000184
0.019873 0.151939 0.225283 0.128210 0.004550 0.469955 0.000190
0.020212 0.150533 0.224580 0.127705 0.004553 0.472219 0.000199
0.020352 0.152235 0.224811 0.127825 0.004509 0.470082 0.000186
0.020177 0.151165 0.224390 0.127639 0.004506 0.471948 0.000176
0.020432 0.150670 0.224233 0.127352 0.004585 0.472547 0.000180
0.020243 0.150299 0.224090 0.127392 0.004506 0.473278 0.000192
0.020457 0.148736 0.223898 0.127065 0.004553 0.475092 0.000198
0.020198 0.149035 0.223470 0.126926 0.004522 0.475649 0.000201
0.020506 0.148716 0.223235 0.126778 0.004602 0.475979 0.000184
0.020546 0.147248 0.223059 0.126661 0.004589 0.477708 0.000189
0.020498 0.147573 0.222864 0.126531 0.004587 0.477754 0.000193
0.020351 0.147572 0.222447 0.126463 0.004582 0.478389 0.000196
0.020447 0.146001 0.222076 0.126052 0.004582 0.480642 0.000201
0.020396 0.146336 0.222103 0.126278 0.004590 0.480110 0.000186
0.020767 0.145469 0.221409 0.125832 0.004554 0.481764 0.000205
0.020560 0.145267 0.221409 0.125794 0.004590 0.482174 0.000206
0.020608 0.144856 0.220865 0.125442 0.004627 0.483405 0.000198
0.021026 0.143530 0.220438 0.125495 0.004643 0.484670 0.000198
0.020875 0.144619 0.220544 0.125159 0.004621 0.483986 0.000195
0.020849 0.144919 0.220302 0.125263 0.004620 0.483854 0.000193
0.020988 0.143358 0.219758 0.124969 0.004658 0.486061 0.000208
0.020924 0.143857 0.219793 0.124793 0.004621 0.485804 0.000208
0.020766 0.143195 0.219721 0.124927 0.004601 0.486583 0.000207
