0.999106 0.000874 0.000012 0.000008 0.000000 0.000000 0.000000
0.998685 0.001269 0.000029 0.000008 0.000001 0.000007 0.000000
0.998252 0.001691 0.000034 0.000014 0.000000 0.000009 0.000000
0.997811 0.002118 0.000045 0.000017 0.000000 0.000010 0.000000
0.997324 0.002596 0.000051 0.000020 0.000000 0.000009 0.000000
0.996891 0.003014 0.000057 0.000028 0.000000 0.000010 0.000000
0.996396 0.003499 0.000063 0.000032 0.000000 0.000009 0.000000
0.995803 0.004076 0.000077 0.000035 0.000000 0.000009 0.000000
0.995129 0.004726 0.000096 0.000040 0.000000 0.000009 0.000000
0.994265 0.005594 0.000089 0.000044 0.000000 0.000008 0.000000
0.993537 0.006316 0.000089 0.000051 0.000000 0.000008 0.000000
0.992444 0.007390 0.000105 0.000054 0.000000 0.000007 0.000000
0.990996 0.008822 0.000118 0.000057 0.000000 0.000007 0.000000
0.989371 0.010424 0.000125 0.000074 0.000000 0.000007 0.000000
0.987229 0.012543 0.000144 0.000078 0.000000 0.000006 0.000000
0.985616 0.014107 0.000171 0.000098 0.000000 0.000008 0.000000
0.982566 0.017109 0.000206 0.000111 0.000000 0.000009 0.000000
0.978653 0.020914 0.000260 0.000166 0.000000 0.000008 0.000000
0.975782 0.023729 0.000308 0.000173 0.000000 0.000008 0.000000
0.969549 0.029857 0.000359 0.000225 0.000000 0.000010 0.000000
0.964449 0.034845 0.000439 0.000252 0.000000 0.000015 0.000000
0.957250 0.041897 0.000517 0.000319 0.000000 0.000016 0.000000
0.950453 0.048501 0.000627 0.000402 0.000000 0.000016 0.000000
0.942997 0.055780 0.000723 0.000486 0.000000 0.000013 0.000000
0.933643 0.064893 0.000868 0.000581 0.000000 0.000015 0.000000
0.924940 0.073371 0.001017 0.000651 0.000000 0.000021 0.000000
0.914326 0.083677 0.001240 0.000734 0.000000 0.000023 0.000000
0.904466 0.093305 0.001415 0.000789 0.000000 0.000025 0.000000
0.893911 0.103575 0.001599 0.000889 0.000000 0.000026 0.000000
0.882185 0.114985 0.001787 0.001006 0.000000 0.000037 0.000000
0.868662 0.128092 0.002033 0.001170 0.000000 0.000043 0.000000
0.855842 0.140525 0.002290 0.001293 0.000000 0.000049 0.000000
0.842677 0.153243 0.002568 0.001452 0.000000 0.000060 0.000000
0.825372 0.169974 0.002921 0.001664 0.000000 0.000070 0.000000
0.811432 0.183375 0.003240 0.001874 0.000000 0.000079 0.000000
0.796742 0.197464 0.003642 0.002060 0.000002 0.000089 0.000000
0.782364 0.211258 0.004005 0.002267 0.000002 0.000104 0.000000
0.767166 0.225871 0.004350 0.002498 0.000002 0.000114 0.000000
0.750579 0.241781 0.004761 0.002740 0.000005 0.000134 0.000000
0.736903 0.254764 0.005184 0.002995 0.000005 0.000148 0.000000
0.721119 0.269789 0.005662 0.003258 0.000005 0.000167 0.000000
0.704495 0.285648 0.006120 0.003540 0.000005 0.000193 0.000000
0.688009 0.301224 0.006657 0.003889 0.000004 0.000216 0.000000
0.673679 0.314819 0.007152 0.004115 0.000005 0.000229 0.000000
0.659344 0.328311 0.007680 0.004415 0.000006 0.000244 0.000000
0.644559 0.342181 0.008218 0.004772 0.000005 0.000264 0.000000
0.631327 0.354571 0.008760 0.005053 0.000005 0.000284 0.000000
0.613725 0.370965 0.009492 0.005489 0.000005 0.000326 0.000000
0.601765 0.382124 0.009978 0.005775 0.000005 0.000353 0.000000
0.587269 0.395599 0.010643 0.006113 0.000005 0.000370 0.000000
0.571963 0.409704 0.011383 0.006538 0.000006 0.000406 0.000000
0.561585 0.419114 0.011989 0.006876 0.000007 0.000430 0.000000
0.546295 0.433235 0.012758 0.007235 0.000006 0.000470 0.000000
0.534321 0.444169 0.013437 0.007557 0.000006 0.000510 0.000000
0.518717 0.458366 0.014336 0.008021 0.000006 0.000553 0.000000
0.505284 0.470415 0.015217 0.008491 0.000007 0.000586 0.000000
0.496150 0.478524 0.015915 0.008777 0.000008 0.000626 0.000000
0.481229 0.491944 0.016863 0.009266 0.000008 0.000691 0.000000
0.470302 0.501465 0.017697 0.009794 0.000010 0.000733 0.000000
0.458105 0.512257 0.018558 0.010274 0.000010 0.000796 0.000000
0.445159 0.523610 0.019525 0.010832 0.000011 0.000864 0.000000
0.434945 0.532426 0.020399 0.011277 0.000010 0.000943 0.000000
0.421215 0.544337 0.021474 0.011933 0.000010 0.001031 0.000000
0.416394 0.548134 0.022141 0.012230 0.000011 0.001090 0.000000
0.401876 0.560622 0.023359 0.012947 0.000010 0.001185 0.000000
0.391538 0.569276 0.024427 0.013470 0.000012 0.001277 0.000000
0.384131 0.575268 0.025282 0.013959 0.000012 0.001348 0.000000
0.374817 0.582538 0.026510 0.014681 0.000013 0.001442 0.000000
0.367874 0.587961 0.027442 0.015188 0.000012 0.001524 0.000000
0.362355 0.592308 0.028158 0.015562 0.000013 0.001604 0.000000
0.354678 0.597998 0.029322 0.016271 0.000014 0.001716 0.000000
0.345780 0.605159 0.030368 0.016846 0.000015 0.001833 0.000000
0.341149 0.607936 0.031500 0.017436 0.000017 0.001963 0.000000
0.340113 0.607970 0.032057 0.017806 0.000017 0.002038 0.000000
0.324881 0.620404 0.033748 0.018745 0.000021 0.002200 0.000000
0.326777 0.617663 0.034275 0.018972 0.000021 0.002291 0.000000
0.321543 0.620938 0.035428 0.019633 0.000021 0.002437 0.000000
0.314167 0.626309 0.036609 0.020326 0.000023 0.002565 0.000000
0.314702 0.624663 0.037284 0.020643 0.000024 0.002683 0.000000
0.304563 0.632651 0.038481 0.021443 0.000024 0.002839 0.000000
0.298227 0.637149 0.039562 0.022069 0.000027 0.002966 0.000000
0.294991 0.638503 0.040738 0.022647 0.000029 0.003093 0.000000
0.287666 0.643172 0.042237 0.023583 0.000032 0.003309 0.000000
0.285720 0.644047 0.042883 0.023915 0.000037 0.003398 0.000000
0.283720 0.644136 0.043966 0.024559 0.000042 0.003577 0.000000
0.274795 0.650876 0.045262 0.025307 0.000044 0.003714 0.000000
0.274240 0.650186 0.045940 0.025753 0.000043 0.003838 0.000000
0.267544 0.654189 0.047495 0.026663 0.000050 0.004059 0.000000
0.265138 0.655448 0.048105 0.027061 0.000051 0.004197 0.000000
0.261840 0.656724 0.049351 0.027682 0.000058 0.004345 0.000000
0.258378 0.658354 0.050392 0.028292 0.000057 0.004528 0.000000
0.251429 0.662662 0.051989 0.029086 0.000061 0.004773 0.000000
0.248282 0.663919 0.053080 0.029691 0.000064 0.004964 0.000000
0.238445 0.670236 0.055004 0.030916 0.000069 0.005330 0.000000
0.240604 0.667497 0.055293 0.031096 0.000070 0.005439 0.000000
0.237719 0.668165 0.056563 0.031808 0.000073 0.005672 0.000000
0.235110 0.669284 0.057460 0.032231 0.000072 0.005842 0.000000
0.226554 0.674894 0.059144 0.033209 0.000074 0.006124 0.000000
0.226903 0.672691 0.060101 0.033850 0.000082 0.006372 0.000000
0.221372 0.676380 0.061205 0.034378 0.000080 0.006585 0.000000
0.219834 0.675256 0.062653 0.035292 0.000085 0.006879 0.000000
0.213923 0.678059 0.064463 0.036232 0.000089 0.007234 0.000000
0.216545 0.675378 0.064449 0.036208 0.000088 0.007331 0.000001
0.210203 0.678362 0.066357 0.037348 0.000091 0.007638 0.000001
0.206874 0.679813 0.067382 0.037925 0.000093 0.007912 0.000001
0.208071 0.676945 0.068338 0.038433 0.000095 0.008117 0.000001
0.195839 0.685404 0.070581 0.039600 0.000100 0.008475 0.000001
0.190471 0.687400 0.072440 0.040672 0.000110 0.008906 0.000001
0.186759 0.688038 0.074256 0.041511 0.000109 0.009326 0.000001
0.181323 0.690090 0.076068 0.042673 0.000113 0.009733 0.000001
0.185616 0.686937 0.075387 0.042264 0.000116 0.009678 0.000001
0.174144 0.693301 0.078211 0.043971 0.000123 0.010249 0.000001
0.163770 0.700131 0.080151 0.045135 0.000124 0.010689 0.000001
0.165421 0.696458 0.081197 0.045778 0.000130 0.011015 0.000001
0.153385 0.703895 0.083789 0.047171 0.000138 0.011620 0.000001
0.146667 0.706888 0.085847 0.048423 0.000144 0.012031 0.000001
0.142552 0.708106 0.087483 0.049250 0.000151 0.012457 0.000001
0.137521 0.710281 0.088990 0.050221 0.000150 0.012837 0.000001
0.130791 0.713071 0.091204 0.051397 0.000173 0.013363 0.000000
0.130729 0.712196 0.091588 0.051782 0.000178 0.013527 0.000001
0.126261 0.712293 0.093956 0.053090 0.000192 0.014208 0.000000
0.119656 0.715404 0.096001 0.054121 0.000194 0.014624 0.000001
0.115744 0.715831 0.097825 0.055228 0.000197 0.015174 0.000001
0.112731 0.715795 0.099575 0.056035 0.000192 0.015671 0.000001
0.105026 0.718225 0.102295 0.057796 0.000208 0.016449 0.000001
0.104953 0.716241 0.103414 0.058389 0.000217 0.016786 0.000001
0.100802 0.717207 0.105135 0.059255 0.000217 0.017383 0.000000
0.100785 0.715617 0.105985 0.059714 0.000228 0.017670 0.000001
0.097683 0.714325 0.108278 0.061197 0.000225 0.018290 0.000001
0.092306 0.715896 0.110212 0.062362 0.000239 0.018984 0.000001
0.091044 0.715626 0.111118 0.062659 0.000239 0.019313 0.000002
0.084926 0.715692 0.114480 0.064493 0.000255 0.020153 0.000001
0.083340 0.714852 0.115898 0.065127 0.000268 0.020515 0.000001
0.084612 0.711533 0.116795 0.065840 0.000257 0.020962 0.000001
0.080390 0.711992 0.118833 0.066912 0.000269 0.021602 0.000001
0.075213 0.712544 0.121145 0.068389 0.000278 0.022430 0.000002
0.076079 0.709485 0.122233 0.068997 0.000277 0.022927 0.000002
0.073549 0.708201 0.124274 0.070064 0.000295 0.023615 0.000002
0.072970 0.705268 0.126069 0.071024 0.000299 0.024366 0.000003
0.070123 0.705540 0.127526 0.071785 0.000301 0.024721 0.000003
0.070668 0.701920 0.128932 0.072716 0.000310 0.025451 0.000002
0.071016 0.698816 0.130337 0.073519 0.000325 0.025986 0.000002
0.071952 0.696437 0.131055 0.073807 0.000316 0.026430 0.000003
0.068508 0.696140 0.132927 0.074975 0.000325 0.027123 0.000002
0.068142 0.692794 0.134809 0.075984 0.000335 0.027934 0.000003
0.066945 0.692420 0.135559 0.076410 0.000339 0.028324 0.000003
0.066572 0.689974 0.136891 0.077255 0.000334 0.028971 0.000003
0.066820 0.686962 0.138300 0.077944 0.000359 0.029612 0.000002
0.061121 0.688978 0.140174 0.079063 0.000376 0.030284 0.000003
0.061957 0.685913 0.141266 0.079575 0.000379 0.030906 0.000003
0.055961 0.685411 0.144468 0.081564 0.000381 0.032211 0.000004
0.057048 0.684362 0.144415 0.081474 0.000393 0.032305 0.000004
0.057217 0.681734 0.145556 0.082133 0.000391 0.032965 0.000005
0.054097 0.680989 0.147445 0.083343 0.000391 0.033731 0.000004
0.059577 0.675602 0.147334 0.083115 0.000409 0.033958 0.000004
0.062726 0.671048 0.147702 0.083571 0.000409 0.034540 0.000004
0.062355 0.669824 0.148566 0.083798 0.000410 0.035044 0.000003
0.060012 0.667076 0.151161 0.085274 0.000432 0.036041 0.000004
0.063670 0.663261 0.151120 0.085265 0.000428 0.036251 0.000004
0.060359 0.660914 0.153756 0.086754 0.000448 0.037763 0.000006
0.059017 0.659091 0.155422 0.087546 0.000448 0.038471 0.000006
0.057755 0.658545 0.156016 0.088263 0.000449 0.038969 0.000004
0.061266 0.655626 0.155712 0.087868 0.000471 0.039052 0.000006
0.055807 0.655831 0.158288 0.089307 0.000481 0.040279 0.000006
0.053461 0.656449 0.159170 0.089693 0.000498 0.040723 0.000006
0.053883 0.651938 0.161156 0.090827 0.000478 0.041710 0.000008
0.058022 0.648426 0.160524 0.090698 0.000489 0.041833 0.000007
0.058285 0.644418 0.162339 0.091595 0.000496 0.042863 0.000005
0.054525 0.644400 0.164114 0.092585 0.000512 0.043857 0.000006
0.056825 0.640946 0.164598 0.092872 0.000532 0.044221 0.000007
0.052985 0.642949 0.165251 0.093451 0.000525 0.044833 0.000006
0.058558 0.636296 0.165691 0.093548 0.000525 0.045373 0.000009
0.053380 0.638098 0.167239 0.094437 0.000546 0.046293 0.000008
0.052426 0.635697 0.168683 0.095367 0.000556 0.047263 0.000008
0.048012 0.634255 0.171376 0.097043 0.000574 0.048734 0.000008
0.048206 0.633157 0.172003 0.097040 0.000573 0.049012 0.000009
0.046105 0.632762 0.173078 0.097667 0.000581 0.049798 0.000010
0.045793 0.629732 0.174597 0.098574 0.000582 0.050715 0.000006
0.044664 0.628548 0.175391 0.099300 0.000588 0.051503 0.000007
0.042759 0.628449 0.176393 0.099746 0.000606 0.052039 0.000008
0.043671 0.625672 0.177334 0.100001 0.000622 0.052691 0.000009
0.045640 0.621270 0.178028 0.100812 0.000612 0.053628 0.000011
0.043993 0.618744 0.180029 0.101867 0.000643 0.054714 0.000011
0.043598 0.616893 0.180934 0.102281 0.000648 0.055635 0.000011
0.044447 0.615869 0.180858 0.102434 0.000634 0.055749 0.000010
0.044850 0.613059 0.181870 0.102934 0.000675 0.056600 0.000011
0.044220 0.611212 0.182930 0.103512 0.000669 0.057448 0.000010
0.041855 0.609376 0.184820 0.104555 0.000686 0.058698 0.000010
0.043614 0.607178 0.184953 0.104688 0.000672 0.058884 0.000011
0.041650 0.607575 0.185825 0.104951 0.000688 0.059299 0.000012
0.039499 0.604810 0.187683 0.106293 0.000711 0.060992 0.000012
0.040095 0.602003 0.188628 0.106899 0.000715 0.061650 0.000011
0.038292 0.601383 0.189778 0.107303 0.000720 0.062512 0.000012
0.034853 0.600129 0.191928 0.108594 0.000727 0.063756 0.000012
0.038440 0.599049 0.190615 0.107616 0.000716 0.063552 0.000013
0.034647 0.595380 0.194184 0.109343 0.000751 0.065682 0.000013
0.032445 0.595181 0.194886 0.110355 0.000779 0.066337 0.000017
0.034032 0.595421 0.193995 0.109605 0.000754 0.066179 0.000014
0.031931 0.591606 0.196485 0.111224 0.000777 0.067962 0.000015
0.033795 0.589838 0.196409 0.110865 0.000779 0.068300 0.000014
0.034521 0.585977 0.197565 0.111718 0.000794 0.069411 0.000013
0.036091 0.582547 0.198083 0.112227 0.000806 0.070228 0.000017
0.032679 0.582482 0.199547 0.113072 0.000804 0.071404 0.000013
0.034235 0.579558 0.200057 0.113224 0.000826 0.072085 0.000014
0.039662 0.576240 0.198985 0.112479 0.000816 0.071802 0.000016
0.042978 0.570411 0.199648 0.113174 0.000833 0.072944 0.000013
0.045429 0.565669 0.200685 0.113446 0.000854 0.073899 0.000016
0.039596 0.568825 0.201849 0.114125 0.000870 0.074721 0.000014
0.045143 0.563363 0.201704 0.113865 0.000853 0.075059 0.000013
0.042147 0.563470 0.202577 0.114768 0.000889 0.076133 0.000016
0.045540 0.560203 0.202237 0.114537 0.000876 0.076591 0.000016
0.054305 0.554712 0.200386 0.113486 0.000862 0.076234 0.000016
0.053500 0.553265 0.201076 0.113999 0.000883 0.077259 0.000018
0.048518 0.555073 0.202458 0.114947 0.000911 0.078079 0.000014
0.048989 0.550529 0.204354 0.115721 0.000925 0.079468 0.000014
0.051787 0.547555 0.203776 0.115753 0.000909 0.080206 0.000015
0.045038 0.548380 0.206453 0.117227 0.000934 0.081953 0.000015
0.043697 0.547244 0.207303 0.117804 0.000956 0.082978 0.000018
0.047184 0.544949 0.206590 0.117294 0.000956 0.083010 0.000018
0.050625 0.541869 0.205958 0.116943 0.000966 0.083623 0.000016
0.047789 0.539041 0.208648 0.118183 0.000982 0.085341 0.000015
0.050246 0.539350 0.207084 0.117418 0.000982 0.084904 0.000016
0.048954 0.537261 0.208467 0.118328 0.001011 0.085962 0.000016
0.049733 0.538393 0.207275 0.117790 0.000995 0.085797 0.000017
0.050895 0.535906 0.207617 0.118015 0.000998 0.086556 0.000014
0.045471 0.536585 0.209548 0.119306 0.001013 0.088061 0.000016
0.051857 0.531072 0.208967 0.118850 0.001021 0.088220 0.000013
0.051850 0.527191 0.210227 0.119648 0.001038 0.090030 0.000017
0.050425 0.526526 0.211008 0.120138 0.001035 0.090853 0.000015
0.049776 0.526534 0.211094 0.120203 0.001060 0.091318 0.000015
0.049569 0.525440 0.211597 0.120576 0.001048 0.091753 0.000016
0.054824 0.520133 0.211071 0.120214 0.001070 0.092674 0.000014
0.055271 0.517836 0.211846 0.120583 0.001067 0.093383 0.000014
0.056508 0.517708 0.211038 0.120157 0.001072 0.093501 0.000015
0.054505 0.518172 0.211594 0.120580 0.001096 0.094037 0.000016
0.055878 0.514416 0.212298 0.120877 0.001104 0.095411 0.000017
0.053740 0.513781 0.213520 0.121380 0.001100 0.096462 0.000016
0.063107 0.508161 0.211405 0.120294 0.001107 0.095909 0.000017
0.048415 0.511597 0.216464 0.123274 0.001119 0.099111 0.000019
0.054754 0.508455 0.214796 0.122180 0.001161 0.098637 0.000017
0.060750 0.505200 0.212964 0.121338 0.001147 0.098583 0.000019
0.049497 0.506518 0.217659 0.123781 0.001156 0.101370 0.000018
0.051527 0.506914 0.216170 0.122938 0.001178 0.101255 0.000017
0.047296 0.504290 0.218860 0.124806 0.001189 0.103539 0.000019
0.046542 0.505272 0.218805 0.124500 0.001182 0.103681 0.000017
0.048181 0.502765 0.218729 0.124437 0.001193 0.104677 0.000019
0.043021 0.504351 0.220445 0.125526 0.001209 0.105430 0.000019
0.041911 0.502517 0.221466 0.126038 0.001213 0.106834 0.000021
0.039356 0.501742 0.222733 0.126691 0.001244 0.108214 0.000020
0.039064 0.500356 0.222992 0.126902 0.001255 0.109408 0.000023
0.032474 0.499176 0.226383 0.128903 0.001264 0.111775 0.000026
0.035350 0.498678 0.225137 0.127865 0.001291 0.111657 0.000021
0.031793 0.498275 0.226656 0.128871 0.001265 0.113120 0.000020
0.029183 0.494390 0.229360 0.130733 0.001333 0.114982 0.000019
0.029934 0.495341 0.228450 0.129760 0.001312 0.115180 0.000023
0.027224 0.492809 0.230445 0.131184 0.001349 0.116967 0.000022
0.025930 0.492387 0.230925 0.131587 0.001363 0.117786 0.000022
0.025382 0.490370 0.231714 0.132035 0.001341 0.119130 0.000027
0.025073 0.489131 0.232207 0.132385 0.001354 0.119829 0.000022
0.023278 0.488159 0.233279 0.132914 0.001364 0.120988 0.000018
0.023922 0.487932 0.232891 0.132501 0.001401 0.121329 0.000023
0.020844 0.482966 0.235893 0.134386 0.001375 0.124515 0.000022
0.019999 0.480315 0.237413 0.135091 0.001442 0.125722 0.000019
0.018546 0.479413 0.238288 0.135411 0.001450 0.126870 0.000022
0.019153 0.479177 0.237621 0.135406 0.001444 0.127176 0.000022
0.018139 0.476212 0.238974 0.136259 0.001480 0.128915 0.000021
0.018462 0.474956 0.239070 0.136192 0.001484 0.129813 0.000023
0.017234 0.473291 0.240236 0.136851 0.001508 0.130858 0.000023
0.016921 0.472057 0.240664 0.136978 0.001492 0.131863 0.000024
0.016249 0.471209 0.241111 0.137283 0.001509 0.132614 0.000024
0.016742 0.467742 0.241984 0.137651 0.001521 0.134335 0.000025
0.015506 0.465042 0.243565 0.138405 0.001562 0.135896 0.000026
0.015892 0.463667 0.243568 0.138510 0.001535 0.136804 0.000024
0.014811 0.459355 0.245518 0.139710 0.001574 0.139008 0.000024
0.014855 0.459287 0.245354 0.139796 0.001574 0.139112 0.000021
0.015303 0.459143 0.245121 0.139282 0.001553 0.139572 0.000025
0.014400 0.456059 0.246179 0.140235 0.001615 0.141484 0.000027
0.014590 0.455189 0.246176 0.140137 0.001620 0.142259 0.000030
0.014349 0.454582 0.246310 0.140453 0.001621 0.142661 0.000025
0.013802 0.449574 0.248144 0.141448 0.001649 0.145355 0.000028
0.013862 0.450316 0.247898 0.141099 0.001612 0.145189 0.000023
0.013738 0.449302 0.248022 0.141261 0.001662 0.145990 0.000024
0.013719 0.447193 0.248603 0.141613 0.001683 0.147164 0.000025
0.013301 0.444265 0.249731 0.142219 0.001656 0.148801 0.000027
0.013238 0.442876 0.250148 0.142378 0.001704 0.149629 0.000026
0.013428 0.441368 0.250074 0.142677 0.001723 0.150706 0.000026
0.012942 0.439766 0.251079 0.142800 0.001689 0.151699 0.000026
0.012799 0.438397 0.251468 0.142826 0.001709 0.152775 0.000026
0.012558 0.433491 0.252819 0.143954 0.001733 0.155421 0.000023
0.012820 0.435026 0.252271 0.143290 0.001744 0.154824 0.000024
0.012523 0.431417 0.253361 0.143773 0.001766 0.157131 0.000028
0.012617 0.432324 0.252550 0.143873 0.001761 0.156850 0.000024
0.012400 0.429478 0.253215 0.144413 0.001786 0.158683 0.000025
0.012284 0.426637 0.254139 0.144680 0.001788 0.160445 0.000027
0.012245 0.425241 0.254310 0.144979 0.001806 0.161386 0.000032
0.012145 0.423779 0.254856 0.145215 0.001825 0.162147 0.000033
0.012063 0.422480 0.254995 0.145314 0.001808 0.163304 0.000035
0.012404 0.423866 0.254376 0.144726 0.001814 0.162780 0.000034
0.012139 0.420523 0.255408 0.144954 0.001848 0.165095 0.000033
0.011969 0.417303 0.256022 0.146087 0.001838 0.166749 0.000032
0.012032 0.416151 0.256483 0.145750 0.001891 0.167663 0.000030
0.011918 0.414649 0.256740 0.146240 0.001841 0.168579 0.000033
0.011875 0.412911 0.257243 0.146272 0.001858 0.169810 0.000030
0.011833 0.411622 0.257686 0.146476 0.001892 0.170458 0.000032
0.011795 0.408524 0.257817 0.146847 0.001902 0.173081 0.000034
0.011841 0.409570 0.257520 0.146773 0.001915 0.172346 0.000035
0.011817 0.407927 0.257643 0.146852 0.001908 0.173819 0.000033
0.011735 0.405913 0.258637 0.147014 0.001961 0.174704 0.000036
0.011675 0.403989 0.258655 0.147508 0.001947 0.176189 0.000037
0.011669 0.403136 0.259170 0.147236 0.001979 0.176776 0.000034
0.011795 0.402410 0.258826 0.147416 0.001983 0.177530 0.000039
0.011720 0.402228 0.258695 0.147261 0.001983 0.178080 0.000034
0.011608 0.400935 0.259252 0.147383 0.001961 0.178825 0.000035
0.011410 0.396071 0.260917 0.148153 0.001996 0.181417 0.000037
0.011407 0.393234 0.261225 0.148447 0.002049 0.183600 0.000039
0.011460 0.394404 0.260729 0.148039 0.002061 0.183273 0.000035
0.011538 0.394521 0.260449 0.147994 0.002052 0.183411 0.000034
0.011472 0.391438 0.261063 0.148240 0.002044 0.185708 0.000036
0.011218 0.389422 0.261937 0.148699 0.002069 0.186623 0.000032
0.011408 0.387492 0.261697 0.149069 0.002128 0.188169 0.000038
0.011427 0.387260 0.261586 0.148850 0.002123 0.188721 0.000034
0.011238 0.385198 0.262443 0.149137 0.002119 0.189823 0.000042
0.011368 0.382831 0.262681 0.149374 0.002115 0.191590 0.000041
0.011435 0.382955 0.262392 0.149098 0.002137 0.191948 0.000035
0.011281 0.381239 0.262774 0.149419 0.002136 0.193110 0.000041
0.011411 0.380278 0.262762 0.149518 0.002155 0.193839 0.000037
0.011144 0.375888 0.264059 0.150168 0.002196 0.196503 0.000042
0.011397 0.377199 0.263036 0.149766 0.002146 0.196419 0.000037
0.011145 0.374736 0.263465 0.149907 0.002214 0.198491 0.000042
0.011203 0.373229 0.263995 0.150224 0.002163 0.199143 0.000043
0.011349 0.374868 0.263271 0.149783 0.002184 0.198507 0.000039
0.011192 0.371618 0.263954 0.150254 0.002195 0.200747 0.000040
0.011216 0.369822 0.264223 0.150444 0.002238 0.202015 0.000043
0.011315 0.368923 0.264292 0.150437 0.002256 0.202736 0.000042
0.011218 0.367585 0.264755 0.150414 0.002220 0.203763 0.000044
0.011083 0.365482 0.264474 0.151008 0.002244 0.205667 0.000043
0.011061 0.363606 0.265268 0.150927 0.002282 0.206812 0.000044
0.011078 0.363320 0.264976 0.150953 0.002293 0.207343 0.000038
0.011138 0.362374 0.265283 0.150674 0.002289 0.208202 0.000041
0.011127 0.361372 0.264925 0.150962 0.002333 0.209240 0.000041
0.011159 0.361291 0.264939 0.150595 0.002273 0.209698 0.000044
0.011138 0.357944 0.265569 0.151172 0.002365 0.211770 0.000041
0.011078 0.358097 0.265552 0.151078 0.002338 0.211813 0.000045
0.011086 0.356689 0.265763 0.151235 0.002313 0.212873 0.000041
0.010941 0.355096 0.266091 0.151321 0.002375 0.214134 0.000042
0.011059 0.351985 0.266422 0.151559 0.002421 0.216514 0.000039
0.011042 0.350986 0.266444 0.151643 0.002373 0.217465 0.000047
0.011189 0.350289 0.266262 0.151605 0.002405 0.218208 0.000042
0.011101 0.349817 0.266614 0.151870 0.002395 0.218158 0.000045
0.011102 0.347335 0.266890 0.151863 0.002461 0.220306 0.000043
0.011093 0.346849 0.266777 0.151475 0.002419 0.221340 0.000046
0.010974 0.346492 0.266692 0.151696 0.002436 0.221666 0.000045
0.011018 0.344312 0.267066 0.152294 0.002459 0.222804 0.000047
0.011136 0.343838 0.266909 0.151754 0.002468 0.223851 0.000044
0.011092 0.342211 0.267082 0.151927 0.002525 0.225116 0.000047
0.011086 0.339440 0.267411 0.152217 0.002524 0.227274 0.000048
0.011041 0.339453 0.267537 0.151911 0.002535 0.227470 0.000052
0.011028 0.338498 0.267588 0.152364 0.002510 0.227962 0.000050
0.011105 0.337308 0.267603 0.152168 0.002537 0.229230 0.000049
0.011186 0.335101 0.267794 0.152383 0.002539 0.230948 0.000050
0.011142 0.333360 0.267732 0.152340 0.002557 0.232817 0.000052
0.011182 0.334515 0.267690 0.152188 0.002540 0.231834 0.000051
0.011070 0.332555 0.267938 0.152346 0.002595 0.233446 0.000048
0.011101 0.329567 0.268370 0.152577 0.002601 0.235738 0.000047
0.011218 0.330420 0.268070 0.152175 0.002570 0.235495 0.000052
0.011226 0.327500 0.268473 0.152579 0.002597 0.237575 0.000051
0.011093 0.327880 0.268131 0.152480 0.002595 0.237767 0.000053
0.011157 0.325765 0.268147 0.152585 0.002650 0.239646 0.000049
0.011123 0.324555 0.268492 0.152418 0.002622 0.240738 0.000051
0.011233 0.323603 0.268371 0.152351 0.002673 0.241717 0.000053
0.011261 0.324058 0.268425 0.152429 0.002621 0.241152 0.000054
0.011319 0.322271 0.268611 0.152477 0.002663 0.242608 0.000052
0.011226 0.320616 0.268432 0.152513 0.002680 0.244483 0.000049
0.011317 0.318495 0.268705 0.152441 0.002700 0.246293 0.000049
0.011187 0.318796 0.268517 0.152661 0.002723 0.246058 0.000059
0.011254 0.317220 0.268553 0.152836 0.002680 0.247406 0.000050
0.011454 0.315952 0.268491 0.152558 0.002730 0.248764 0.000051
0.011192 0.314470 0.269010 0.152620 0.002720 0.249933 0.000055
0.011329 0.311267 0.268867 0.153226 0.002705 0.252545 0.000061
0.011249 0.312426 0.268831 0.152882 0.002725 0.251831 0.000056
0.011433 0.311965 0.268558 0.153150 0.002747 0.252092 0.000055
0.011278 0.309665 0.268540 0.153048 0.002780 0.254631 0.000058
0.011376 0.310473 0.268451 0.153016 0.002740 0.253889 0.000056
0.011260 0.307239 0.268856 0.152916 0.002778 0.256894 0.000058
0.011426 0.305588 0.268595 0.152957 0.002776 0.258602 0.000056
0.011510 0.306498 0.268512 0.152852 0.002793 0.257774 0.000059
0.011303 0.304433 0.268599 0.153055 0.002830 0.259721 0.000058
0.011357 0.304719 0.268457 0.152841 0.002804 0.259757 0.000064
0.011371 0.304198 0.268511 0.152836 0.002823 0.260206 0.000055
0.011446 0.300757 0.268864 0.153105 0.002808 0.262959 0.000062
0.011327 0.300563 0.269103 0.153233 0.002828 0.262891 0.000055
0.011486 0.300099 0.268457 0.152630 0.002843 0.264424 0.000061
0.011301 0.298720 0.268862 0.153285 0.002858 0.264914 0.000060
0.011367 0.297420 0.268404 0.153027 0.002878 0.266850 0.000054
0.011291 0.295841 0.268815 0.152851 0.002839 0.268301 0.000063
0.011387 0.296041 0.268624 0.153035 0.002883 0.267970 0.000061
0.011399 0.293818 0.269162 0.153033 0.002914 0.269612 0.000064
0.011312 0.294709 0.268126 0.152784 0.002928 0.270078 0.000064
0.011446 0.291493 0.268549 0.152957 0.002961 0.272528 0.000065
0.011493 0.291284 0.268287 0.152868 0.002949 0.273058 0.000061
0.011443 0.291062 0.268506 0.152853 0.002921 0.273156 0.000060
0.011546 0.287919 0.268481 0.152785 0.002976 0.276227 0.000066
0.011513 0.288858 0.268208 0.152508 0.002948 0.275907 0.000058
0.011414 0.288170 0.268303 0.152755 0.002928 0.276364 0.000066
0.011381 0.285250 0.268526 0.152684 0.002974 0.279116 0.000068
0.011418 0.284928 0.268541 0.152469 0.002975 0.279604 0.000066
0.011423 0.283663 0.268462 0.152617 0.003032 0.280738 0.000065
0.011591 0.282678 0.268204 0.152480 0.003028 0.281954 0.000066
0.011449 0.282170 0.267956 0.152474 0.003031 0.282850 0.000070
0.011342 0.282150 0.267892 0.152461 0.002978 0.283109 0.000069
0.011607 0.281434 0.267885 0.152199 0.003021 0.283783 0.000071
0.011473 0.277826 0.267811 0.152575 0.003054 0.287192 0.000068
0.011532 0.277993 0.268133 0.152438 0.003060 0.286781 0.000063
0.011500 0.277346 0.267368 0.152218 0.003065 0.288436 0.000067
0.011708 0.276172 0.267641 0.152200 0.003045 0.289168 0.000067
0.011632 0.276415 0.267100 0.152334 0.003028 0.289424 0.000065
0.011735 0.274077 0.267568 0.152107 0.003094 0.291350 0.000068
0.011631 0.272898 0.267436 0.152158 0.003068 0.292743 0.000067
0.011639 0.271933 0.267388 0.152272 0.003103 0.293597 0.000067
0.011674 0.272014 0.267411 0.151948 0.003129 0.293757 0.000066
0.011789 0.272722 0.266703 0.151762 0.003098 0.293858 0.000068
0.011937 0.268137 0.267149 0.152206 0.003135 0.297365 0.000071
0.011680 0.268640 0.267408 0.151679 0.003140 0.297383 0.000070
0.011674 0.267458 0.267066 0.151718 0.003178 0.298834 0.000072
0.011699 0.266282 0.267221 0.151903 0.003145 0.299678 0.000072
0.011838 0.264671 0.266524 0.151884 0.003189 0.301824 0.000069
0.011914 0.266004 0.266556 0.151499 0.003195 0.300753 0.000078
0.011915 0.264043 0.266892 0.151802 0.003191 0.302078 0.000078
0.012036 0.264063 0.266279 0.151380 0.003201 0.302961 0.000081
0.012129 0.262497 0.266520 0.151267 0.003155 0.304356 0.000076
0.011991 0.262555 0.266009 0.151277 0.003190 0.304902 0.000076
0.011941 0.259831 0.265910 0.151568 0.003247 0.307425 0.000079
0.011922 0.259996 0.265990 0.151151 0.003222 0.307644 0.000074
0.011958 0.259488 0.266014 0.151092 0.003233 0.308142 0.000073
0.011930 0.259214 0.265497 0.151415 0.003263 0.308608 0.000073
0.011889 0.258324 0.265598 0.150998 0.003219 0.309899 0.000073
0.011977 0.254943 0.265819 0.151265 0.003316 0.312604 0.000077
0.012089 0.257148 0.265628 0.150783 0.003246 0.311028 0.000079
0.011981 0.255411 0.265306 0.150864 0.003293 0.313072 0.000073
0.011955 0.254413 0.265315 0.150748 0.003288 0.314208 0.000073
0.011989 0.252758 0.264749 0.150871 0.003289 0.316264 0.000081
0.012160 0.251700 0.265068 0.150638 0.003313 0.317046 0.000075
0.012000 0.250429 0.265061 0.150767 0.003333 0.318331 0.000079
0.012222 0.249730 0.264549 0.150593 0.003366 0.319454 0.000085
0.012150 0.249587 0.264804 0.150279 0.003349 0.319746 0.000085
0.012177 0.248432 0.264666 0.150482 0.003340 0.320829 0.000075
0.012119 0.248468 0.264274 0.150192 0.003366 0.321502 0.000080
0.012246 0.246482 0.264244 0.149996 0.003294 0.323662 0.000075
0.012457 0.245398 0.264242 0.149991 0.003334 0.324490 0.000088
0.012225 0.245088 0.264059 0.149969 0.003397 0.325182 0.000082
0.012328 0.242863 0.263973 0.149899 0.003402 0.327446 0.000088
0.012237 0.244165 0.263840 0.149936 0.003371 0.326366 0.000084
0.012369 0.243895 0.263532 0.149605 0.003454 0.327064 0.000080
0.012349 0.242307 0.263730 0.149698 0.003403 0.328431 0.000083
0.012333 0.242637 0.263202 0.149799 0.003408 0.328542 0.000079
0.012383 0.239729 0.263322 0.149255 0.003390 0.331841 0.000079
0.012405 0.239319 0.263040 0.149518 0.003426 0.332215 0.000077
0.012407 0.238607 0.262843 0.149505 0.003454 0.333102 0.000082
0.012374 0.237175 0.262638 0.149093 0.003438 0.335198 0.000085
0.012534 0.236713 0.262677 0.149078 0.003478 0.335443 0.000078
0.012616 0.235607 0.262592 0.149003 0.003454 0.336650 0.000077
0.012397 0.235245 0.262252 0.149114 0.003525 0.337385 0.000082
0.012575 0.235623 0.262337 0.148677 0.003483 0.337220 0.000085
0.012637 0.234143 0.262074 0.148749 0.003496 0.338817 0.000083
0.012648 0.233683 0.261606 0.148691 0.003507 0.339779 0.000086
0.012634 0.232813 0.261423 0.148545 0.003534 0.340968 0.000084
0.012648 0.232492 0.261316 0.148554 0.003521 0.341393 0.000076
0.012755 0.229811 0.261123 0.148482 0.003525 0.344214 0.000089
0.012714 0.230888 0.261225 0.148083 0.003535 0.343469 0.000088
0.012619 0.230428 0.260815 0.147895 0.003501 0.344663 0.000080
0.012885 0.228630 0.260340 0.147877 0.003526 0.346647 0.000094
0.012792 0.227829 0.260676 0.147912 0.003499 0.347197 0.000095
0.012936 0.226528 0.260178 0.147791 0.003607 0.348873 0.000088
0.012780 0.227551 0.260280 0.147616 0.003530 0.348149 0.000094
0.012945 0.225783 0.260130 0.147348 0.003534 0.350165 0.000094
0.012883 0.225856 0.259448 0.147468 0.003580 0.350676 0.000090
0.013088 0.224348 0.259362 0.147314 0.003603 0.352192 0.000093
0.012969 0.223877 0.259363 0.147123 0.003606 0.352975 0.000088
0.012999 0.222599 0.259133 0.147255 0.003625 0.354294 0.000095
0.012930 0.222026 0.259071 0.147219 0.003605 0.355046 0.000102
0.013197 0.222307 0.258402 0.147164 0.003607 0.355232 0.000091
0.013077 0.221969 0.258397 0.146732 0.003655 0.356076 0.000094
0.013182 0.219527 0.258472 0.146879 0.003628 0.358215 0.000097
0.012958 0.218873 0.258234 0.146775 0.003619 0.359439 0.000102
0.013138 0.218104 0.257925 0.146650 0.003639 0.360447 0.000096
0.013057 0.218346 0.257962 0.146312 0.003658 0.360570 0.000096
0.013283 0.218010 0.257886 0.146203 0.003678 0.360849 0.000092
0.013107 0.216163 0.257362 0.146338 0.003686 0.363254 0.000090
0.013225 0.215847 0.257482 0.146070 0.003698 0.363585 0.000093
0.013199 0.216034 0.256999 0.146102 0.003662 0.363911 0.000092
0.013155 0.214441 0.257149 0.145815 0.003688 0.365656 0.000097
0.013310 0.213675 0.256645 0.145774 0.003686 0.366810 0.000101
0.013326 0.212721 0.256653 0.145664 0.003711 0.367823 0.000102
0.013388 0.213092 0.256357 0.145486 0.003734 0.367845 0.000097
0.013514 0.212120 0.256115 0.145554 0.003713 0.368888 0.000096
0.013281 0.211621 0.256203 0.145288 0.003738 0.369770 0.000100
0.013446 0.209856 0.255335 0.145200 0.003735 0.372333 0.000095
0.013545 0.209201 0.255257 0.144946 0.003796 0.373155 0.000100
0.013570 0.208649 0.255608 0.145036 0.003705 0.373328 0.000104
0.013366 0.209432 0.255387 0.144863 0.003743 0.373110 0.000100
0.013452 0.207818 0.255117 0.144824 0.003765 0.374922 0.000102
0.013472 0.207180 0.254852 0.144491 0.003733 0.376169 0.000102
0.013558 0.207016 0.254605 0.144593 0.003787 0.376342 0.000100
0.013623 0.205614 0.253859 0.144446 0.003789 0.378564 0.000105
0.013401 0.205705 0.254228 0.144369 0.003756 0.378437 0.000104
0.013748 0.204386 0.253923 0.143971 0.003743 0.380125 0.000104
0.013897 0.203273 0.253584 0.144104 0.003796 0.381237 0.000109
0.013731 0.203687 0.253407 0.143838 0.003833 0.381405 0.000098
0.013723 0.202611 0.253146 0.143765 0.003767 0.382881 0.000106
0.013669 0.202801 0.253017 0.143625 0.003768 0.383010 0.000110
0.013793 0.201948 0.253017 0.143326 0.003816 0.383988 0.000112
0.013671 0.201230 0.252858 0.143389 0.003843 0.384908 0.000101
0.013905 0.200269 0.252280 0.143264 0.003853 0.386323 0.000107
0.013815 0.199447 0.252391 0.143106 0.003832 0.387303 0.000105
0.013804 0.199456 0.252116 0.143071 0.003905 0.387536 0.000113
0.013899 0.199041 0.251865 0.142871 0.003840 0.388373 0.000111
0.013930 0.198447 0.251852 0.142776 0.003872 0.389018 0.000105
0.014033 0.197206 0.251371 0.142616 0.003869 0.390799 0.000107
0.013859 0.196389 0.250852 0.142437 0.003860 0.392503 0.000100
0.013960 0.195471 0.251033 0.142551 0.003886 0.392988 0.000111
0.013984 0.196079 0.250809 0.142308 0.003909 0.392804 0.000107
0.014232 0.194085 0.250544 0.141850 0.003922 0.395257 0.000110
0.014187 0.195112 0.250280 0.142122 0.003910 0.394285 0.000105
0.014081 0.193367 0.249919 0.141683 0.003946 0.396890 0.000115
0.014246 0.192675 0.249817 0.141261 0.003950 0.397938 0.000114
0.014280 0.191903 0.249376 0.141753 0.003992 0.398584 0.000112
0.014126 0.191669 0.249190 0.141707 0.003960 0.399233 0.000115
0.014162 0.192285 0.249167 0.141587 0.003960 0.398727 0.000112
0.014373 0.190780 0.248617 0.141124 0.004004 0.400993 0.000108
0.014322 0.189561 0.248622 0.140881 0.003970 0.402531 0.000113
0.014440 0.189230 0.248475 0.140790 0.004030 0.402926 0.000109
0.014408 0.189188 0.248621 0.140562 0.003999 0.403116 0.000107
0.014407 0.188697 0.248057 0.140730 0.003987 0.404006 0.000115
0.014605 0.187881 0.247738 0.140456 0.004024 0.405181 0.000115
0.014491 0.187131 0.247729 0.140644 0.004033 0.405857 0.000114
0.014708 0.186319 0.247150 0.139989 0.004063 0.407651 0.000120
0.014778 0.185188 0.246453 0.140185 0.004086 0.409196 0.000114
0.014728 0.186572 0.246813 0.139928 0.004026 0.407820 0.000114
0.014843 0.184921 0.246119 0.139445 0.004035 0.410518 0.000120
0.014784 0.185449 0.246632 0.139864 0.004042 0.409108 0.000121
0.014918 0.184965 0.245848 0.139508 0.004130 0.410506 0.000125
0.014891 0.183406 0.245467 0.139500 0.004079 0.412530 0.000127
0.014953 0.182524 0.245487 0.139181 0.004046 0.413686 0.000123
0.014858 0.182984 0.245194 0.139246 0.004086 0.413511 0.000122
0.014826 0.182765 0.245017 0.138981 0.004093 0.414194 0.000122
0.015000 0.180347 0.244796 0.138690 0.004081 0.416955 0.000130
0.014978 0.180015 0.244439 0.138740 0.004067 0.417639 0.000121
0.015068 0.180870 0.244347 0.138770 0.004084 0.416736 0.000125
0.015001 0.180551 0.243971 0.138455 0.004134 0.417765 0.000122
0.015242 0.178676 0.243514 0.138466 0.004118 0.419853 0.000130
0.015024 0.178865 0.243272 0.138277 0.004152 0.420287 0.000123
0.015148 0.178374 0.243126 0.138425 0.004108 0.420694 0.000124
0.015258 0.177547 0.243057 0.137923 0.004184 0.421904 0.000126
0.015098 0.177786 0.242514 0.137779 0.004199 0.422499 0.000125
0.015233 0.175930 0.242147 0.137698 0.004148 0.424718 0.000125
0.015239 0.175879 0.242235 0.137594 0.004172 0.424758 0.000123
0.015311 0.174884 0.241827 0.137045 0.004180 0.426627 0.000128
0.015437 0.175284 0.241561 0.136928 0.004159 0.426505 0.000127
0.015461 0.174692 0.241416 0.137124 0.004177 0.427005 0.000126
0.015425 0.174773 0.241511 0.136814 0.004160 0.427188 0.000130
0.015312 0.174212 0.240495 0.137046 0.004194 0.428613 0.000127
0.015259 0.173624 0.240799 0.136911 0.004185 0.429097 0.000125
0.015479 0.172427 0.240466 0.136318 0.004185 0.431001 0.000124
0.015739 0.171774 0.239904 0.136303 0.004228 0.431916 0.000135
0.015552 0.171537 0.239752 0.136347 0.004244 0.432434 0.000135
0.015609 0.171845 0.239956 0.136102 0.004237 0.432109 0.000142
0.015740 0.170807 0.239464 0.136149 0.004229 0.433485 0.000126
0.015753 0.170188 0.238918 0.135617 0.004208 0.435185 0.000131
0.015710 0.169475 0.238781 0.135616 0.004230 0.436053 0.000134
0.015755 0.168594 0.238189 0.135508 0.004210 0.437612 0.000133
0.015656 0.168624 0.238394 0.135153 0.004228 0.437811 0.000133
0.015830 0.168236 0.238308 0.135494 0.004288 0.437704 0.000140
0.015838 0.167849 0.237957 0.134809 0.004279 0.439129 0.000138
0.015766 0.167221 0.237594 0.134862 0.004326 0.440095 0.000136
0.016044 0.166224 0.236912 0.134671 0.004298 0.441713 0.000139
0.015991 0.165378 0.236725 0.134749 0.004357 0.442660 0.000140
0.015985 0.165613 0.236890 0.134696 0.004297 0.442385 0.000135
0.015977 0.165787 0.236935 0.134416 0.004329 0.442417 0.000140
0.016173 0.164948 0.236362 0.134594 0.004347 0.443433 0.000144
0.016173 0.164432 0.235648 0.133884 0.004329 0.445390 0.000143
0.016047 0.164577 0.235777 0.134096 0.004354 0.445017 0.000133
0.016033 0.164139 0.235300 0.133801 0.004374 0.446216 0.000138
0.016166 0.163675 0.235334 0.133305 0.004331 0.447043 0.000145
0.016422 0.162354 0.234589 0.133493 0.004348 0.448635 0.000159
0.016234 0.162567 0.234776 0.133575 0.004323 0.448374 0.000152
0.016367 0.161735 0.234666 0.133061 0.004327 0.449697 0.000146
0.016400 0.161811 0.234480 0.133063 0.004334 0.449777 0.000136
0.016551 0.160921 0.234140 0.132806 0.004388 0.451053 0.000141
0.016538 0.160084 0.233838 0.132447 0.004364 0.452585 0.000143
0.016522 0.159367 0.233138 0.132506 0.004433 0.453890 0.000143
0.016510 0.159215 0.232763 0.132494 0.004422 0.454453 0.000143
0.016411 0.159611 0.232988 0.132171 0.004397 0.454286 0.000137
0.016612 0.158930 0.232706 0.132311 0.004386 0.454913 0.000143
0.016716 0.158511 0.232329 0.131889 0.004388 0.456012 0.000155
0.016855 0.157956 0.231952 0.131892 0.004412 0.456784 0.000149
0.016856 0.156803 0.231636 0.131615 0.004465 0.458475 0.000149
0.016717 0.157470 0.231807 0.131672 0.004471 0.457702 0.000161
0.016831 0.156689 0.231052 0.131098 0.004410 0.459777 0.000143
0.017045 0.155708 0.231055 0.131212 0.004431 0.460404 0.000146
0.016976 0.155343 0.230778 0.130653 0.004480 0.461611 0.000159
0.016971 0.155526 0.230899 0.130909 0.004438 0.461104 0.000153
0.016920 0.155037 0.230294 0.130621 0.004486 0.462495 0.000148
0.017112 0.154505 0.229953 0.130542 0.004488 0.463249 0.000151
0.017097 0.153331 0.229446 0.130294 0.004508 0.465179 0.000146
0.017105 0.153189 0.229447 0.130095 0.004448 0.465550 0.000166
0.017173 0.153165 0.229117 0.130041 0.004493 0.465861 0.000151
0.017160 0.152689 0.228597 0.129903 0.004469 0.467029 0.000152
0.017360 0.151732 0.228546 0.129646 0.004501 0.468060 0.000155
0.017265 0.151173 0.227723 0.129295 0.004481 0.469909 0.000155
0.017105 0.151224 0.227999 0.129303 0.004538 0.469679 0.000152
0.017265 0.151487 0.228020 0.129117 0.004480 0.469475 0.000156
0.017480 0.150351 0.227568 0.129283 0.004466 0.470695 0.000157
0.017556 0.150340 0.227484 0.128545 0.004532 0.471381 0.000162
0.017678 0.149936 0.226916 0.128434 0.004492 0.472387 0.000157
0.017514 0.149741 0.226656 0.128577 0.004513 0.472834 0.000165
0.017611 0.149014 0.226540 0.128448 0.004517 0.473710 0.000161
0.017613 0.148382 0.226438 0.128173 0.004514 0.474722 0.000158
0.017669 0.148896 0.225895 0.128007 0.004548 0.474834 0.000152
0.017790 0.148303 0.225603 0.128019 0.004576 0.475545 0.000164
0.017605 0.147972 0.225840 0.127619 0.004591 0.476213 0.000161
0.017824 0.147382 0.224678 0.127517 0.004528 0.477905 0.000166
0.017981 0.146638 0.224257 0.127111 0.004544 0.479295 0.000174
0.017992 0.146743 0.224541 0.127452 0.004523 0.478579 0.000171
0.017843 0.146986 0.224373 0.127207 0.004546 0.478875 0.000170
0.018148 0.146731 0.223939 0.127178 0.004583 0.479263 0.000159
0.018075 0.145213 0.223458 0.126634 0.004555 0.481898 0.000168
0.018025 0.145537 0.224052 0.126819 0.004593 0.480799 0.000175
0.018177 0.144379 0.222886 0.126467 0.004609 0.483305 0.000177
0.018205 0.144846 0.223003 0.126626 0.004630 0.482515 0.000176
0.018194 0.144500 0.222362 0.126034 0.004569 0.484162 0.000180
0.018349 0.143796 0.222552 0.126223 0.004550 0.484346 0.000184
0.018361 0.143170 0.221972 0.125849 0.004601 0.485858 0.000188
0.018234 0.142955 0.221847 0.125555 0.004601 0.486638 0.000170
0.018508 0.142418 0.221158 0.125453 0.004635 0.487649 0.000180
