0.999112 0.000864 0.000018 0.000006 0.000000 0.000000 0.000000
0.998667 0.001299 0.000019 0.000008 0.000002 0.000006 0.000000
0.998203 0.001753 0.000023 0.000012 0.000000 0.000009 0.000000
0.997713 0.002229 0.000036 0.000013 0.000000 0.000009 0.000000
0.997231 0.002706 0.000038 0.000016 0.000000 0.000009 0.000000
0.996631 0.003300 0.000042 0.000019 0.000000 0.000008 0.000000
0.996075 0.003837 0.000058 0.000021 0.000000 0.000008 0.000000
0.995377 0.004525 0.000065 0.000024 0.000000 0.000009 0.000000
0.994465 0.005413 0.000085 0.000026 0.000000 0.000010 0.000000
0.993739 0.006133 0.000088 0.000029 0.000000 0.000010 0.000000
0.992102 0.007751 0.000099 0.000039 0.000000 0.000009 0.000000
0.990431 0.009391 0.000125 0.000045 0.000000 0.000008 0.000000
0.988581 0.011189 0.000156 0.000066 0.000000 0.000008 0.000000
0.986396 0.013306 0.000209 0.000083 0.000000 0.000007 0.000000
0.983658 0.016004 0.000216 0.000115 0.000000 0.000006 0.000000
0.980824 0.018762 0.000280 0.000129 0.000000 0.000005 0.000000
0.977517 0.022015 0.000314 0.000149 0.000000 0.000005 0.000000
0.973838 0.025652 0.000352 0.000151 0.000000 0.000007 0.000000
0.967549 0.031799 0.000453 0.000192 0.000000 0.000007 0.000000
0.962532 0.036713 0.000521 0.000227 0.000000 0.000007 0.000000
0.956103 0.042986 0.000611 0.000292 0.000000 0.000008 0.000000
0.949966 0.048949 0.000719 0.000360 0.000000 0.000007 0.000000
0.941701 0.056993 0.000826 0.000471 0.000000 0.000009 0.000000
0.933129 0.065363 0.000942 0.000548 0.000000 0.000018 0.000000
0.922324 0.075926 0.001107 0.000620 0.000000 0.000024 0.000000
0.914289 0.083778 0.001209 0.000691 0.000000 0.000034 0.000000
0.901521 0.096164 0.001457 0.000814 0.000000 0.000044 0.000000
0.892701 0.104696 0.001653 0.000898 0.000000 0.000052 0.000000
0.878376 0.118587 0.001928 0.001045 0.000002 0.000061 0.000000
0.865647 0.130915 0.002187 0.001174 0.000002 0.000074 0.000000
0.851923 0.144226 0.002450 0.001322 0.000003 0.000076 0.000000
0.838856 0.156936 0.002668 0.001454 0.000004 0.000083 0.000000
0.825258 0.170088 0.002947 0.001604 0.000005 0.000097 0.000000
0.811339 0.183486 0.003260 0.001803 0.000004 0.000109 0.000000
0.794894 0.199313 0.003628 0.002036 0.000005 0.000123 0.000000
0.780641 0.212994 0.003995 0.002241 0.000004 0.000124 0.000000
0.765311 0.227679 0.004387 0.002474 0.000006 0.000142 0.000000
0.748793 0.243547 0.004811 0.002687 0.000007 0.000154 0.000000
0.733733 0.257950 0.005223 0.002911 0.000008 0.000175 0.000000
0.718126 0.272861 0.005628 0.003191 0.000008 0.000186 0.000000
0.703017 0.287216 0.006109 0.003440 0.000007 0.000210 0.000000
0.689904 0.299587 0.006575 0.003692 0.000007 0.000234 0.000000
0.674203 0.314426 0.007063 0.004049 0.000007 0.000251 0.000000
0.659876 0.327923 0.007605 0.004311 0.000007 0.000278 0.000000
0.645560 0.341364 0.008152 0.004613 0.000007 0.000303 0.000000
0.634150 0.351936 0.008670 0.004904 0.000008 0.000333 0.000000
0.621523 0.363709 0.009207 0.005192 0.000009 0.000359 0.000000
0.602674 0.381270 0.009997 0.005646 0.000009 0.000404 0.000000
0.594806 0.388459 0.010414 0.005881 0.000010 0.000430 0.000000
0.579807 0.402277 0.011134 0.006293 0.000013 0.000475 0.000000
0.565186 0.415679 0.011897 0.006713 0.000014 0.000512 0.000000
0.555346 0.424530 0.012498 0.007068 0.000014 0.000544 0.000000
0.544748 0.434186 0.013087 0.007390 0.000014 0.000575 0.000000
0.532313 0.445566 0.013762 0.007731 0.000015 0.000612 0.000000
0.524048 0.452883 0.014378 0.008019 0.000015 0.000656 0.000000
0.507989 0.467463 0.015290 0.008537 0.000013 0.000707 0.000000
0.498768 0.475713 0.015887 0.008868 0.000018 0.000746 0.000000
0.485740 0.487291 0.016777 0.009381 0.000016 0.000795 0.000000
0.475311 0.496450 0.017567 0.009814 0.000018 0.000841 0.000000
0.465057 0.505559 0.018248 0.010223 0.000018 0.000896 0.000000
0.455469 0.513869 0.019030 0.010652 0.000017 0.000962 0.000000
0.441820 0.525790 0.020097 0.011239 0.000019 0.001035 0.000000
0.434395 0.532108 0.020748 0.011610 0.000018 0.001121 0.000000
0.417798 0.546538 0.022111 0.012308 0.000018 0.001225 0.000000
0.410616 0.552468 0.022859 0.012739 0.000019 0.001299 0.000000
0.402001 0.559652 0.023808 0.013154 0.000019 0.001365 0.000000
0.391893 0.568194 0.024719 0.013737 0.000020 0.001436 0.000000
0.384068 0.574435 0.025705 0.014238 0.000023 0.001531 0.000000
0.376002 0.581013 0.026621 0.014724 0.000025 0.001615 0.000000
0.365818 0.589179 0.027898 0.015343 0.000026 0.001736 0.000000
0.357028 0.596276 0.028962 0.015886 0.000030 0.001818 0.000000
0.350509 0.601058 0.029995 0.016477 0.000032 0.001929 0.000000
0.347210 0.603067 0.030751 0.016920 0.000032 0.002020 0.000000
0.337231 0.611036 0.031960 0.017622 0.000033 0.002117 0.000000
0.332747 0.613703 0.032997 0.018267 0.000032 0.002253 0.000000
0.326429 0.618278 0.033972 0.018945 0.000034 0.002342 0.000000
0.318870 0.623837 0.035116 0.019647 0.000036 0.002494 0.000000
0.312955 0.627908 0.036252 0.020203 0.000038 0.002643 0.000000
0.304190 0.634291 0.037660 0.021000 0.000041 0.002818 0.000000
0.299892 0.636783 0.038676 0.021627 0.000040 0.002982 0.000000
0.295027 0.639937 0.039657 0.022244 0.000045 0.003090 0.000000
0.288192 0.645163 0.040604 0.022787 0.000046 0.003208 0.000000
0.282448 0.648547 0.041981 0.023585 0.000047 0.003392 0.000000
0.277851 0.651186 0.043164 0.024181 0.000048 0.003570 0.000000
0.270891 0.655983 0.044428 0.024923 0.000049 0.003726 0.000000
0.263746 0.661057 0.045579 0.025668 0.000052 0.003899 0.000000
0.257642 0.664704 0.047083 0.026409 0.000055 0.004107 0.000000
0.253021 0.667312 0.048249 0.027073 0.000056 0.004289 0.000000
0.244838 0.672764 0.049840 0.027991 0.000060 0.004507 0.000000
0.238261 0.677234 0.050999 0.028704 0.000061 0.004741 0.000000
0.231749 0.680437 0.052903 0.029870 0.000066 0.004975 0.000001
0.230682 0.680260 0.053599 0.030248 0.000066 0.005144 0.000001
0.221584 0.686230 0.055474 0.031259 0.000069 0.005383 0.000001
0.212881 0.691681 0.057267 0.032390 0.000069 0.005710 0.000001
0.211974 0.691544 0.057759 0.032760 0.000076 0.005886 0.000001
0.201568 0.697869 0.060113 0.034066 0.000079 0.006303 0.000001
0.197924 0.699146 0.061569 0.034799 0.000082 0.006479 0.000001
0.197750 0.697771 0.062386 0.035263 0.000085 0.006744 0.000001
0.187794 0.703457 0.064889 0.036634 0.000094 0.007131 0.000001
0.180093 0.708395 0.066518 0.037458 0.000094 0.007441 0.000002
0.176734 0.708609 0.068198 0.038513 0.000106 0.007840 0.000002
0.170358 0.712854 0.069464 0.039123 0.000111 0.008088 0.000002
0.168644 0.712191 0.070893 0.039808 0.000114 0.008349 0.000002
0.162779 0.714465 0.072857 0.040999 0.000116 0.008783 0.000002
0.160874 0.714092 0.074103 0.041688 0.000125 0.009117 0.000002
0.157898 0.714467 0.075509 0.042547 0.000131 0.009446 0.000002
0.156374 0.712753 0.077375 0.043516 0.000131 0.009849 0.000002
0.160199 0.708118 0.077667 0.043821 0.000133 0.010060 0.000002
0.160950 0.704708 0.079167 0.044590 0.000135 0.010446 0.000003
0.155926 0.706071 0.081231 0.045756 0.000136 0.010877 0.000003
0.154476 0.705704 0.082042 0.046448 0.000139 0.011188 0.000003
0.153067 0.704518 0.083623 0.047160 0.000150 0.011480 0.000001
0.152745 0.702881 0.084730 0.047745 0.000144 0.011752 0.000003
0.156123 0.698003 0.085349 0.048263 0.000155 0.012105 0.000002
0.157491 0.695202 0.086221 0.048616 0.000151 0.012317 0.000002
0.153200 0.695598 0.088183 0.049950 0.000150 0.012918 0.000002
0.150945 0.694846 0.089843 0.050830 0.000156 0.013379 0.000002
0.155397 0.691173 0.089351 0.050524 0.000159 0.013395 0.000002
0.145722 0.695669 0.092303 0.052159 0.000164 0.013980 0.000002
0.146676 0.692979 0.093211 0.052623 0.000166 0.014342 0.000002
0.142624 0.694658 0.094421 0.053387 0.000178 0.014730 0.000002
0.141788 0.692892 0.095744 0.054300 0.000183 0.015092 0.000002
0.134935 0.695974 0.097849 0.055311 0.000191 0.015738 0.000002
0.131284 0.696756 0.099304 0.056302 0.000200 0.016153 0.000002
0.128759 0.698043 0.100034 0.056654 0.000196 0.016312 0.000002
0.123482 0.698644 0.102545 0.058036 0.000205 0.017086 0.000002
0.119410 0.700296 0.103973 0.058651 0.000206 0.017462 0.000002
0.111650 0.703728 0.106376 0.059997 0.000220 0.018026 0.000002
0.108930 0.702594 0.108327 0.061172 0.000226 0.018749 0.000003
0.107289 0.701709 0.109523 0.062043 0.000233 0.019200 0.000002
0.105494 0.701214 0.110748 0.062666 0.000245 0.019632 0.000002
0.099651 0.702608 0.113082 0.064143 0.000248 0.020267 0.000002
0.098421 0.702970 0.113622 0.064350 0.000258 0.020377 0.000002
0.095703 0.702979 0.114767 0.065203 0.000267 0.021079 0.000003
0.092570 0.701474 0.117298 0.066470 0.000276 0.021909 0.000002
0.090077 0.700428 0.119076 0.067620 0.000283 0.022514 0.000002
0.091607 0.696703 0.120238 0.068153 0.000299 0.022996 0.000003
0.086941 0.698393 0.121854 0.068938 0.000300 0.023572 0.000003
0.089534 0.693517 0.122902 0.069673 0.000314 0.024057 0.000002
0.084914 0.693539 0.125379 0.070990 0.000325 0.024851 0.000003
0.088831 0.688817 0.125716 0.071097 0.000314 0.025224 0.000002
0.088020 0.687562 0.126773 0.071604 0.000324 0.025713 0.000002
0.083835 0.687760 0.128755 0.072856 0.000322 0.026470 0.000002
0.086041 0.684063 0.129406 0.073344 0.000339 0.026804 0.000002
0.078683 0.684969 0.132901 0.075031 0.000357 0.028055 0.000003
0.083104 0.680605 0.132750 0.074862 0.000364 0.028312 0.000003
0.083475 0.677905 0.133986 0.075471 0.000359 0.028802 0.000002
0.082211 0.675141 0.136060 0.076633 0.000363 0.029589 0.000003
0.081140 0.674715 0.136643 0.077052 0.000373 0.030073 0.000004
0.085690 0.669204 0.136955 0.077292 0.000384 0.030472 0.000004
0.086271 0.667573 0.137372 0.077651 0.000386 0.030743 0.000004
0.084459 0.665704 0.139279 0.078678 0.000383 0.031495 0.000003
0.082871 0.664496 0.140481 0.079549 0.000387 0.032212 0.000004
0.081670 0.662375 0.142025 0.080435 0.000402 0.033089 0.000003
0.078670 0.663989 0.142934 0.080701 0.000410 0.033292 0.000003
0.077125 0.662025 0.144519 0.081755 0.000417 0.034156 0.000004
0.074405 0.660504 0.146688 0.082989 0.000439 0.034972 0.000004
0.073115 0.660300 0.147302 0.083198 0.000449 0.035632 0.000004
0.069719 0.659525 0.149451 0.084404 0.000460 0.036436 0.000004
0.067486 0.658438 0.151095 0.085224 0.000461 0.037291 0.000004
0.067315 0.657794 0.151362 0.085463 0.000471 0.037590 0.000004
0.065059 0.656401 0.153146 0.086372 0.000482 0.038536 0.000004
0.067777 0.653553 0.152984 0.086366 0.000484 0.038831 0.000005
0.064430 0.651300 0.155809 0.087982 0.000495 0.039981 0.000003
0.062290 0.652199 0.156307 0.088438 0.000507 0.040254 0.000004
0.060107 0.648735 0.159103 0.089891 0.000531 0.041628 0.000005
0.061799 0.646866 0.159204 0.089734 0.000529 0.041863 0.000005
0.057597 0.647719 0.160567 0.090768 0.000541 0.042802 0.000005
0.055879 0.646217 0.162105 0.091716 0.000553 0.043525 0.000005
0.051531 0.644364 0.165227 0.093362 0.000578 0.044932 0.000006
0.058282 0.639934 0.163732 0.092677 0.000558 0.044812 0.000005
0.058355 0.637477 0.164764 0.093346 0.000580 0.045472 0.000006
0.056905 0.636632 0.165904 0.093778 0.000586 0.046191 0.000005
0.057543 0.633365 0.166882 0.094466 0.000597 0.047142 0.000005
0.052651 0.633124 0.169478 0.095891 0.000599 0.048252 0.000004
0.052792 0.630380 0.170775 0.096421 0.000625 0.049002 0.000005
0.051370 0.628983 0.171791 0.097319 0.000657 0.049873 0.000007
0.054167 0.626203 0.171627 0.097142 0.000634 0.050222 0.000005
0.049948 0.625432 0.174128 0.098352 0.000662 0.051474 0.000005
0.046355 0.625035 0.175908 0.099799 0.000648 0.052250 0.000005
0.047391 0.623995 0.175839 0.099421 0.000665 0.052684 0.000005
0.046848 0.622884 0.176456 0.099971 0.000672 0.053165 0.000005
0.045819 0.620227 0.177982 0.100869 0.000679 0.054420 0.000004
0.042973 0.619855 0.179455 0.101706 0.000697 0.055309 0.000006
0.040962 0.618499 0.180939 0.102677 0.000706 0.056211 0.000006
0.038851 0.616959 0.182824 0.103449 0.000719 0.057192 0.000006
0.036078 0.614619 0.185077 0.105020 0.000721 0.058479 0.000005
0.035892 0.612802 0.185705 0.105374 0.000734 0.059486 0.000006
0.033849 0.612308 0.186865 0.106039 0.000758 0.060174 0.000007
0.034433 0.610622 0.187359 0.106035 0.000761 0.060781 0.000008
0.032324 0.607890 0.189440 0.107387 0.000770 0.062180 0.000009
0.030535 0.607362 0.190687 0.107937 0.000781 0.062689 0.000009
0.030538 0.606319 0.190926 0.108065 0.000797 0.063349 0.000008
0.028861 0.604121 0.192673 0.109114 0.000797 0.064426 0.000009
0.027252 0.600797 0.194964 0.110201 0.000841 0.065935 0.000010
0.026863 0.599311 0.195371 0.110810 0.000830 0.066801 0.000013
0.026202 0.599966 0.195437 0.110922 0.000831 0.066631 0.000011
0.025613 0.595883 0.197430 0.111947 0.000841 0.068274 0.000011
0.025336 0.594854 0.197942 0.112208 0.000849 0.068801 0.000010
0.024132 0.593481 0.199210 0.112757 0.000871 0.069539 0.000010
0.024512 0.591804 0.199454 0.112982 0.000870 0.070368 0.000010
0.022452 0.588071 0.202020 0.114414 0.000887 0.072144 0.000012
0.022664 0.585850 0.202828 0.114628 0.000903 0.073116 0.000011
0.021151 0.582582 0.204861 0.115858 0.000934 0.074602 0.000012
0.021407 0.580927 0.205218 0.116163 0.000925 0.075351 0.000010
0.021391 0.581084 0.204961 0.116359 0.000925 0.075270 0.000011
0.020503 0.577311 0.206956 0.117356 0.000936 0.076927 0.000011
0.027190 0.572279 0.205846 0.116683 0.000931 0.077058 0.000012
0.032339 0.567079 0.205554 0.116795 0.000923 0.077300 0.000011
0.036425 0.563740 0.204926 0.116315 0.000908 0.077674 0.000011
0.038741 0.562317 0.204528 0.115751 0.000943 0.077710 0.000010
0.036346 0.558415 0.207111 0.117477 0.000961 0.079675 0.000014
0.040575 0.554628 0.206505 0.117034 0.000990 0.080254 0.000013
0.041647 0.553065 0.206663 0.117326 0.000975 0.080311 0.000013
0.041927 0.550792 0.207218 0.117567 0.001004 0.081478 0.000014
0.040905 0.549060 0.208363 0.118116 0.000996 0.082544 0.000017
0.040690 0.548017 0.208786 0.118292 0.001002 0.083199 0.000014
0.039345 0.545373 0.210613 0.118811 0.001033 0.084810 0.000016
0.039631 0.545257 0.210448 0.118842 0.001039 0.084769 0.000013
0.036809 0.543078 0.212205 0.120097 0.001054 0.086745 0.000012
0.038205 0.542315 0.211645 0.120174 0.001060 0.086588 0.000013
0.035366 0.541310 0.213096 0.120833 0.001057 0.088323 0.000014
0.034508 0.540053 0.214064 0.121124 0.001084 0.089154 0.000012
0.032659 0.539776 0.214787 0.121779 0.001078 0.089905 0.000015
0.032708 0.536090 0.216154 0.122462 0.001109 0.091463 0.000014
0.031810 0.536822 0.215923 0.122482 0.001108 0.091841 0.000014
0.028848 0.536507 0.217465 0.123310 0.001134 0.092721 0.000015
0.030480 0.533654 0.217708 0.123200 0.001135 0.093812 0.000012
0.027130 0.532949 0.219179 0.124342 0.001146 0.095242 0.000011
0.026619 0.532245 0.219494 0.124577 0.001153 0.095898 0.000014
0.022883 0.529421 0.222300 0.126123 0.001196 0.098063 0.000015
0.023945 0.527941 0.222307 0.126107 0.001184 0.098501 0.000015
0.022992 0.526883 0.222713 0.126479 0.001199 0.099719 0.000015
0.020462 0.524549 0.225384 0.127445 0.001235 0.100910 0.000014
0.022411 0.525761 0.223388 0.126669 0.001205 0.100552 0.000014
0.019651 0.521264 0.226769 0.128261 0.001241 0.102800 0.000015
0.019436 0.519148 0.227226 0.128627 0.001282 0.104269 0.000012
0.019408 0.518513 0.227105 0.128892 0.001299 0.104770 0.000014
0.019247 0.516255 0.228059 0.129341 0.001288 0.105796 0.000015
0.018381 0.514910 0.228827 0.129848 0.001311 0.106708 0.000014
0.017778 0.512194 0.229706 0.130531 0.001321 0.108454 0.000016
0.017731 0.511883 0.230233 0.130460 0.001324 0.108354 0.000014
0.017349 0.508535 0.231406 0.131131 0.001331 0.110233 0.000016
0.017251 0.508976 0.231019 0.131109 0.001330 0.110300 0.000016
0.016535 0.505379 0.232790 0.131934 0.001355 0.111993 0.000014
0.016562 0.502245 0.233844 0.132516 0.001360 0.113461 0.000013
0.016198 0.502239 0.233854 0.132350 0.001368 0.113977 0.000014
0.015434 0.499603 0.234764 0.133585 0.001353 0.115248 0.000012
0.015230 0.497185 0.235814 0.133822 0.001399 0.116537 0.000014
0.014879 0.495613 0.236280 0.134087 0.001429 0.117698 0.000014
0.015112 0.493862 0.236790 0.134469 0.001407 0.118348 0.000012
0.015088 0.493892 0.236719 0.134281 0.001417 0.118588 0.000015
0.014953 0.489984 0.238039 0.134814 0.001408 0.120788 0.000014
0.014893 0.489425 0.237994 0.135003 0.001427 0.121245 0.000014
0.014638 0.485904 0.239392 0.135681 0.001465 0.122904 0.000016
0.014224 0.484013 0.240138 0.136021 0.001499 0.124091 0.000015
0.014202 0.482723 0.240381 0.136510 0.001478 0.124688 0.000017
0.014205 0.481890 0.240265 0.136439 0.001483 0.125702 0.000017
0.013894 0.478601 0.242011 0.136873 0.001513 0.127091 0.000017
0.013780 0.476979 0.242112 0.137309 0.001528 0.128272 0.000020
0.013587 0.474384 0.243044 0.137732 0.001506 0.129731 0.000016
0.013646 0.473436 0.243397 0.137868 0.001526 0.130106 0.000021
0.013570 0.472144 0.243618 0.138112 0.001540 0.130995 0.000021
0.013745 0.471956 0.243624 0.137861 0.001570 0.131225 0.000020
0.013270 0.468835 0.244746 0.138651 0.001558 0.132921 0.000019
0.013171 0.466166 0.245271 0.139086 0.001591 0.134695 0.000020
0.013468 0.465814 0.245443 0.139016 0.001576 0.134664 0.000020
0.012995 0.463673 0.245830 0.139700 0.001587 0.136194 0.000022
0.013076 0.462903 0.246128 0.139571 0.001604 0.136697 0.000021
0.012969 0.460368 0.246910 0.140018 0.001602 0.138115 0.000020
0.012930 0.458454 0.247499 0.140149 0.001650 0.139296 0.000022
0.012698 0.457283 0.247639 0.140654 0.001660 0.140041 0.000024
0.012655 0.454745 0.248485 0.140900 0.001678 0.141517 0.000020
0.012541 0.453304 0.249017 0.141265 0.001670 0.142182 0.000021
0.012598 0.450857 0.249576 0.141562 0.001641 0.143747 0.000019
0.012417 0.449087 0.249672 0.141896 0.001675 0.145231 0.000022
0.012450 0.448603 0.249788 0.141858 0.001689 0.145589 0.000023
0.012237 0.445921 0.250785 0.142244 0.001742 0.147048 0.000023
0.012441 0.444364 0.251089 0.142513 0.001722 0.147848 0.000022
0.012200 0.443388 0.251653 0.142500 0.001745 0.148490 0.000024
0.012432 0.443125 0.251074 0.142596 0.001732 0.149019 0.000022
0.012369 0.441443 0.251753 0.142563 0.001769 0.150080 0.000023
0.012213 0.438516 0.252606 0.143227 0.001770 0.151644 0.000024
0.012073 0.436030 0.253179 0.143679 0.001785 0.153233 0.000023
0.012211 0.435983 0.253030 0.143565 0.001802 0.153386 0.000023
0.012024 0.433858 0.253470 0.143702 0.001795 0.155126 0.000026
0.011999 0.431249 0.254233 0.144296 0.001832 0.156366 0.000025
0.011978 0.430500 0.254381 0.144379 0.001839 0.156898 0.000026
0.011981 0.431528 0.254294 0.143969 0.001831 0.156373 0.000024
0.011828 0.426290 0.255386 0.144945 0.001848 0.159679 0.000025
0.011943 0.427150 0.255115 0.144620 0.001858 0.159287 0.000026
0.011858 0.423652 0.255650 0.145296 0.001875 0.161644 0.000025
0.011858 0.423901 0.255854 0.144815 0.001863 0.161681 0.000028
0.011781 0.421197 0.256659 0.145451 0.001874 0.163014 0.000024
0.011738 0.419570 0.256545 0.145490 0.001887 0.164744 0.000025
0.011799 0.416749 0.257358 0.145954 0.001914 0.166198 0.000028
0.011735 0.415811 0.257650 0.146019 0.001910 0.166850 0.000024
0.011841 0.415462 0.257407 0.145895 0.001926 0.167443 0.000027
0.011649 0.413984 0.257967 0.146010 0.001920 0.168445 0.000026
0.011768 0.410839 0.258595 0.146661 0.001966 0.170143 0.000029
0.011745 0.410784 0.258239 0.146509 0.001943 0.170750 0.000030
0.011552 0.408643 0.259036 0.146693 0.001986 0.172061 0.000029
0.011715 0.408402 0.258572 0.146682 0.001948 0.172648 0.000033
0.011561 0.405028 0.259556 0.147247 0.001991 0.174587 0.000029
0.011578 0.404033 0.259829 0.147245 0.002005 0.175284 0.000026
0.011656 0.403493 0.259557 0.147375 0.002024 0.175871 0.000024
0.011664 0.401558 0.259784 0.147732 0.002013 0.177221 0.000028
0.011581 0.399960 0.260150 0.147777 0.002060 0.178442 0.000029
0.011369 0.396990 0.260752 0.148503 0.002014 0.180344 0.000028
0.011362 0.397657 0.260938 0.147934 0.002040 0.180044 0.000024
0.011335 0.395077 0.261501 0.148371 0.002086 0.181599 0.000030
0.011346 0.393419 0.261639 0.148491 0.002090 0.182986 0.000029
0.011369 0.393167 0.261507 0.148486 0.002101 0.183342 0.000029
0.011387 0.392345 0.261622 0.148731 0.002105 0.183782 0.000029
0.011379 0.391488 0.261655 0.148724 0.002086 0.184640 0.000029
0.011390 0.388190 0.262392 0.148837 0.002129 0.187029 0.000034
0.011378 0.386364 0.262465 0.149095 0.002186 0.188478 0.000033
0.011216 0.385566 0.262922 0.148931 0.002163 0.189173 0.000029
0.011362 0.383718 0.262683 0.149211 0.002165 0.190827 0.000034
0.011195 0.381936 0.263091 0.149638 0.002173 0.191928 0.000038
0.011223 0.381029 0.263620 0.149390 0.002211 0.192490 0.000036
0.011311 0.379375 0.263663 0.149647 0.002216 0.193754 0.000035
0.017823 0.376724 0.261912 0.148383 0.002169 0.192954 0.000035
0.025883 0.371879 0.259375 0.147276 0.002195 0.193354 0.000037
0.022792 0.372110 0.260525 0.147912 0.002195 0.194428 0.000039
0.022681 0.370582 0.260611 0.148153 0.002212 0.195721 0.000038
0.024332 0.370446 0.259924 0.147671 0.002202 0.195385 0.000040
0.022699 0.368231 0.260753 0.148210 0.002235 0.197832 0.000040
0.025753 0.368189 0.259314 0.147450 0.002184 0.197069 0.000041
0.025246 0.367272 0.259283 0.147371 0.002230 0.198559 0.000038
0.021935 0.367380 0.260241 0.148159 0.002231 0.200016 0.000038
0.024894 0.366006 0.259430 0.147514 0.002242 0.199873 0.000040
0.022898 0.364664 0.260442 0.148065 0.002266 0.201623 0.000043
0.022780 0.364825 0.260169 0.147926 0.002238 0.202024 0.000039
0.022040 0.363678 0.260101 0.148085 0.002243 0.203809 0.000043
0.019468 0.362804 0.261505 0.148606 0.002277 0.205295 0.000046
0.020165 0.363206 0.261134 0.148254 0.002309 0.204889 0.000043
0.020711 0.361357 0.260644 0.148129 0.002292 0.206822 0.000046
0.019925 0.360756 0.261093 0.148306 0.002311 0.207565 0.000045
0.017222 0.358559 0.262461 0.149274 0.002330 0.210109 0.000045
0.016459 0.357607 0.263113 0.149444 0.002339 0.210993 0.000045
0.015680 0.355631 0.263757 0.149749 0.002353 0.212784 0.000046
0.016001 0.353497 0.263908 0.149936 0.002381 0.214225 0.000051
0.015440 0.354361 0.263653 0.149832 0.002384 0.214282 0.000048
0.014827 0.353150 0.264398 0.150206 0.002369 0.215003 0.000048
0.014218 0.351036 0.264579 0.150408 0.002407 0.217300 0.000052
0.014055 0.350123 0.264718 0.150417 0.002415 0.218225 0.000048
0.014542 0.348977 0.264187 0.150321 0.002433 0.219489 0.000050
0.013415 0.348449 0.264945 0.150761 0.002434 0.219948 0.000048
0.014487 0.347290 0.264278 0.150247 0.002470 0.221179 0.000049
0.013731 0.346194 0.264922 0.150434 0.002470 0.222203 0.000046
0.013329 0.345182 0.264921 0.150594 0.002496 0.223427 0.000051
0.013136 0.343311 0.265372 0.150771 0.002495 0.224864 0.000051
0.012618 0.342150 0.265873 0.151193 0.002521 0.225597 0.000048
0.012588 0.342365 0.265679 0.150819 0.002502 0.225994 0.000052
0.012382 0.338998 0.266114 0.151474 0.002516 0.228459 0.000056
0.012095 0.337656 0.266425 0.151495 0.002564 0.229712 0.000053
0.012098 0.336815 0.266551 0.151293 0.002546 0.230647 0.000051
0.012210 0.335899 0.266465 0.151154 0.002544 0.231674 0.000055
0.011808 0.333382 0.266788 0.151914 0.002555 0.233494 0.000058
0.011944 0.332207 0.266926 0.151801 0.002557 0.234512 0.000053
0.012077 0.331597 0.267059 0.151512 0.002596 0.235105 0.000054
0.012230 0.331960 0.266285 0.151294 0.002597 0.235572 0.000062
0.011947 0.329751 0.266823 0.151678 0.002640 0.237104 0.000057
0.011896 0.328091 0.267365 0.151715 0.002624 0.238249 0.000059
0.011824 0.327885 0.267159 0.151821 0.002674 0.238583 0.000056
0.011926 0.326084 0.266937 0.152086 0.002680 0.240231 0.000057
0.011402 0.324799 0.267846 0.152039 0.002700 0.241158 0.000056
0.011583 0.323915 0.267200 0.151917 0.002669 0.242662 0.000055
0.011590 0.322167 0.267662 0.152020 0.002682 0.243821 0.000058
0.011582 0.320782 0.267527 0.152067 0.002680 0.245300 0.000062
0.011599 0.319572 0.267898 0.151965 0.002742 0.246166 0.000058
0.011560 0.318159 0.267989 0.152005 0.002752 0.247473 0.000062
0.011719 0.316685 0.267881 0.152191 0.002769 0.248690 0.000065
0.011454 0.316679 0.267978 0.152217 0.002732 0.248889 0.000052
0.011501 0.313998 0.268133 0.152359 0.002749 0.251203 0.000057
0.011717 0.314174 0.267945 0.151933 0.002774 0.251395 0.000063
0.011564 0.314381 0.267935 0.151765 0.002768 0.251524 0.000063
0.011524 0.312428 0.267838 0.152357 0.002808 0.252985 0.000060
0.011566 0.311344 0.268151 0.152059 0.002816 0.254003 0.000061
0.011521 0.309807 0.267835 0.152098 0.002844 0.255837 0.000058
0.011361 0.308241 0.268561 0.152035 0.002832 0.256905 0.000066
0.011527 0.308075 0.267644 0.151831 0.002855 0.258002 0.000065
0.011446 0.307520 0.267951 0.152245 0.002775 0.257998 0.000066
0.011642 0.304024 0.268288 0.152318 0.002834 0.260832 0.000063
0.011408 0.304465 0.268445 0.152099 0.002864 0.260652 0.000067
0.011539 0.302551 0.268337 0.152054 0.002860 0.262593 0.000068
0.011527 0.302157 0.268212 0.152006 0.002866 0.263163 0.000070
0.011532 0.299178 0.268410 0.152146 0.002915 0.265751 0.000067
0.011291 0.299193 0.268690 0.152415 0.002878 0.265468 0.000065
0.011640 0.297735 0.268525 0.151800 0.002866 0.267364 0.000069
0.011490 0.298149 0.268292 0.152025 0.002893 0.267084 0.000067
0.011480 0.296646 0.268001 0.152126 0.002865 0.268808 0.000074
0.011498 0.296611 0.268005 0.151725 0.002879 0.269214 0.000069
0.011543 0.296752 0.267762 0.151864 0.002929 0.269074 0.000076
0.011614 0.292975 0.268002 0.151547 0.002980 0.272808 0.000075
0.011501 0.291580 0.267887 0.151815 0.002945 0.274201 0.000071
0.011493 0.291108 0.267670 0.152110 0.002947 0.274599 0.000073
0.011583 0.290452 0.268124 0.151667 0.002979 0.275121 0.000074
0.011567 0.289937 0.267634 0.152002 0.003015 0.275773 0.000071
0.011582 0.289723 0.267518 0.151609 0.002946 0.276554 0.000069
0.011748 0.287737 0.267698 0.151879 0.003003 0.277858 0.000077
0.011531 0.286154 0.267827 0.152051 0.003000 0.279368 0.000069
0.011693 0.286181 0.267566 0.151785 0.003034 0.279660 0.000081
0.011553 0.283797 0.267759 0.151849 0.003053 0.281918 0.000072
0.011616 0.283375 0.267265 0.151786 0.002992 0.282893 0.000072
0.011545 0.282027 0.267476 0.151835 0.003073 0.283967 0.000077
0.011567 0.280802 0.267738 0.151497 0.003076 0.285241 0.000080
0.011683 0.280276 0.267356 0.151617 0.003079 0.285917 0.000072
0.011688 0.278547 0.267560 0.151487 0.003094 0.287545 0.000077
0.011584 0.277179 0.267695 0.151776 0.003063 0.288624 0.000079
0.011734 0.277373 0.267066 0.151522 0.003110 0.289114 0.000080
0.011779 0.276607 0.267424 0.151316 0.003135 0.289667 0.000072
0.011859 0.276406 0.267047 0.151114 0.003108 0.290391 0.000074
0.011856 0.274357 0.266959 0.151284 0.003150 0.292316 0.000079
0.011867 0.275059 0.266650 0.151121 0.003117 0.292104 0.000082
0.011967 0.274048 0.266149 0.151232 0.003146 0.293384 0.000074
0.011800 0.272039 0.266571 0.151340 0.003165 0.294998 0.000086
0.011780 0.269540 0.267043 0.151617 0.003199 0.296748 0.000073
0.011858 0.270099 0.266299 0.151079 0.003231 0.297353 0.000082
0.011722 0.268470 0.266761 0.151199 0.003205 0.298563 0.000079
0.011910 0.267686 0.266341 0.151268 0.003229 0.299481 0.000084
0.011906 0.266284 0.266553 0.150863 0.003255 0.301058 0.000080
0.011936 0.266276 0.265901 0.150884 0.003262 0.301663 0.000077
0.011859 0.264959 0.266600 0.150793 0.003282 0.302424 0.000084
0.011872 0.264387 0.266140 0.150975 0.003249 0.303292 0.000085
0.011987 0.263908 0.266003 0.150640 0.003288 0.304096 0.000078
0.012121 0.263176 0.265902 0.150439 0.003246 0.305037 0.000079
0.012059 0.262450 0.266267 0.150459 0.003275 0.305410 0.000079
0.011998 0.260268 0.265989 0.150604 0.003289 0.307767 0.000085
0.011989 0.260034 0.265686 0.150288 0.003297 0.308618 0.000088
0.012118 0.258721 0.265638 0.150477 0.003279 0.309686 0.000080
0.012079 0.258078 0.265771 0.150554 0.003297 0.310128 0.000093
0.012094 0.256845 0.265392 0.150119 0.003296 0.312165 0.000089
0.012020 0.256578 0.265179 0.149954 0.003341 0.312837 0.000091
0.012173 0.255048 0.265503 0.150166 0.003338 0.313681 0.000091
0.012120 0.253456 0.265020 0.149924 0.003339 0.316046 0.000096
0.012250 0.253937 0.265018 0.149731 0.003345 0.315626 0.000093
0.012157 0.252804 0.264832 0.149865 0.003370 0.316874 0.000099
0.012220 0.253480 0.264766 0.149756 0.003328 0.316354 0.000095
0.012222 0.250918 0.264515 0.150019 0.003415 0.318818 0.000093
0.012198 0.250157 0.264284 0.149708 0.003391 0.320164 0.000099
0.012275 0.250213 0.264328 0.149501 0.003358 0.320233 0.000092
0.012319 0.248946 0.263933 0.149118 0.003395 0.322196 0.000093
0.012229 0.246997 0.264123 0.149320 0.003405 0.323834 0.000092
0.012218 0.247689 0.263822 0.149251 0.003428 0.323490 0.000102
0.012145 0.246149 0.263727 0.149243 0.003416 0.325220 0.000100
0.012381 0.246141 0.262986 0.149110 0.003442 0.325835 0.000105
0.012291 0.243822 0.263456 0.148869 0.003451 0.328015 0.000096
0.012438 0.243824 0.263345 0.149144 0.003396 0.327758 0.000095
0.012343 0.242527 0.263238 0.148805 0.003458 0.329529 0.000100
0.012506 0.241088 0.262939 0.148848 0.003507 0.331010 0.000103
0.012492 0.241444 0.262743 0.148911 0.003457 0.330849 0.000105
0.012583 0.240256 0.262512 0.148769 0.003446 0.332328 0.000107
0.012458 0.240204 0.262362 0.148783 0.003498 0.332586 0.000108
0.012660 0.239138 0.262417 0.148612 0.003489 0.333586 0.000098
0.012688 0.237522 0.262177 0.148352 0.003524 0.335636 0.000102
0.012551 0.236979 0.261820 0.148745 0.003513 0.336282 0.000108
0.012639 0.235921 0.261832 0.148396 0.003582 0.337536 0.000094
0.012666 0.234977 0.262080 0.148329 0.003527 0.338306 0.000114
0.012659 0.234214 0.261844 0.148250 0.003554 0.339369 0.000110
0.012690 0.233615 0.261698 0.148033 0.003556 0.340299 0.000108
0.012667 0.235120 0.261077 0.147922 0.003564 0.339542 0.000108
0.012865 0.232787 0.261386 0.147707 0.003603 0.341549 0.000103
0.012710 0.231933 0.260915 0.147765 0.003597 0.342970 0.000109
0.012765 0.230766 0.260783 0.147892 0.003601 0.344084 0.000110
0.012787 0.229999 0.260668 0.147472 0.003653 0.345315 0.000107
0.012975 0.229973 0.260496 0.147510 0.003565 0.345370 0.000112
0.012743 0.229426 0.260528 0.147289 0.003626 0.346282 0.000105
0.012839 0.228027 0.260600 0.147249 0.003625 0.347556 0.000104
0.012987 0.228246 0.259591 0.147266 0.003667 0.348124 0.000119
0.012945 0.226938 0.259742 0.147000 0.003665 0.349600 0.000110
0.012987 0.226774 0.259877 0.146994 0.003642 0.349617 0.000109
0.013083 0.225316 0.259723 0.146944 0.003649 0.351171 0.000114
0.013114 0.224077 0.259037 0.147078 0.003707 0.352872 0.000115
0.013027 0.224124 0.258879 0.146774 0.003672 0.353417 0.000107
0.013238 0.222769 0.258420 0.146661 0.003711 0.355082 0.000119
0.013217 0.222348 0.259097 0.146352 0.003719 0.355159 0.000107
0.013314 0.221224 0.258588 0.146012 0.003703 0.357053 0.000106
0.013253 0.221007 0.258468 0.146482 0.003655 0.357021 0.000114
0.013178 0.220080 0.258196 0.146409 0.003711 0.358315 0.000112
0.013208 0.220473 0.257671 0.146408 0.003762 0.358366 0.000112
0.013357 0.218359 0.257484 0.146075 0.003769 0.360841 0.000115
0.013301 0.218736 0.257731 0.145896 0.003712 0.360507 0.000117
0.013373 0.218035 0.257359 0.146147 0.003742 0.361226 0.000119
0.013450 0.216660 0.256833 0.145759 0.003824 0.363355 0.000119
0.013530 0.216571 0.256810 0.145551 0.003789 0.363622 0.000128
0.013551 0.215288 0.256758 0.145555 0.003822 0.364902 0.000125
0.013444 0.215161 0.256999 0.145401 0.003782 0.365094 0.000118
0.013367 0.214095 0.256420 0.145095 0.003797 0.367105 0.000121
0.013707 0.213118 0.255710 0.144839 0.003846 0.368658 0.000123
0.013471 0.213972 0.255701 0.144769 0.003831 0.368141 0.000116
0.013568 0.212469 0.255795 0.145127 0.003818 0.369102 0.000121
0.013500 0.211292 0.255280 0.144776 0.003813 0.371213 0.000126
0.013594 0.211111 0.255303 0.144788 0.003850 0.371238 0.000116
0.013524 0.210289 0.255006 0.144672 0.003805 0.372578 0.000127
0.013617 0.208246 0.254746 0.144406 0.003911 0.374948 0.000126
0.013787 0.208633 0.254873 0.144459 0.003879 0.374247 0.000122
0.013747 0.208212 0.254457 0.144464 0.003871 0.375129 0.000121
0.013751 0.206444 0.254210 0.144209 0.003903 0.377350 0.000132
0.013729 0.206032 0.254078 0.144106 0.003906 0.378019 0.000130
0.013766 0.206700 0.253778 0.144110 0.003895 0.377626 0.000126
0.013825 0.205193 0.253762 0.143935 0.003875 0.379275 0.000136
0.013875 0.204546 0.253625 0.143772 0.003900 0.380154 0.000127
0.013744 0.203677 0.253389 0.143665 0.003925 0.381470 0.000130
0.013908 0.203071 0.252847 0.143578 0.003934 0.382539 0.000122
0.014072 0.201930 0.252793 0.143540 0.003938 0.383594 0.000133
0.013880 0.201575 0.252477 0.143566 0.003959 0.384409 0.000134
0.014092 0.201825 0.251869 0.143572 0.003969 0.384542 0.000130
0.014009 0.200645 0.252577 0.143609 0.003960 0.385069 0.000130
0.014056 0.200098 0.252568 0.143263 0.003964 0.385923 0.000128
0.014215 0.199483 0.251667 0.143308 0.003943 0.387260 0.000124
0.014123 0.199475 0.251569 0.142758 0.004032 0.387922 0.000120
0.014024 0.197800 0.251299 0.142502 0.004043 0.390200 0.000132
0.014213 0.197456 0.250824 0.142688 0.004025 0.390666 0.000129
0.014143 0.197006 0.251036 0.142632 0.003960 0.391101 0.000123
0.014179 0.196004 0.250112 0.142417 0.004057 0.393101 0.000130
0.014238 0.195206 0.250125 0.142229 0.004024 0.394057 0.000122
0.014312 0.194695 0.250325 0.142118 0.004073 0.394347 0.000129
0.014277 0.194690 0.249576 0.141842 0.004040 0.395434 0.000142
0.014273 0.193833 0.249662 0.141925 0.004036 0.396148 0.000124
0.014294 0.193261 0.249168 0.141697 0.004119 0.397325 0.000136
0.014545 0.192445 0.249295 0.141577 0.004092 0.397914 0.000132
0.014318 0.192087 0.248857 0.141596 0.004015 0.398991 0.000136
0.014278 0.191610 0.248685 0.140984 0.004116 0.400197 0.000130
0.014438 0.190514 0.248278 0.141205 0.004122 0.401304 0.000139
0.014281 0.191002 0.248354 0.141122 0.004093 0.401011 0.000138
0.014272 0.190168 0.247862 0.140971 0.004095 0.402489 0.000142
0.014504 0.189354 0.247938 0.140892 0.004134 0.403041 0.000137
0.014584 0.188920 0.247751 0.140625 0.004087 0.403901 0.000132
0.014454 0.188802 0.247582 0.140642 0.004101 0.404283 0.000135
0.014546 0.188116 0.247199 0.140124 0.004129 0.405747 0.000138
0.014607 0.186856 0.247092 0.140212 0.004187 0.406907 0.000140
0.014646 0.186732 0.247162 0.140093 0.004092 0.407134 0.000142
0.014710 0.186394 0.246967 0.140236 0.004153 0.407405 0.000135
0.014794 0.186044 0.246481 0.139897 0.004108 0.408537 0.000139
0.014779 0.184919 0.246315 0.139554 0.004193 0.410091 0.000148
0.014654 0.185468 0.246235 0.139783 0.004158 0.409558 0.000145
0.014758 0.183939 0.245880 0.139335 0.004162 0.411775 0.000151
0.014877 0.183408 0.245426 0.139116 0.004230 0.412802 0.000141
0.014842 0.183002 0.245692 0.139443 0.004169 0.412698 0.000153
0.014831 0.182168 0.245271 0.138712 0.004187 0.414685 0.000146
0.014809 0.181582 0.245439 0.138653 0.004166 0.415204 0.000147
0.014883 0.179826 0.244471 0.138610 0.004176 0.417884 0.000150
0.015009 0.181230 0.244364 0.138838 0.004206 0.416209 0.000144
0.015007 0.180148 0.244010 0.138696 0.004208 0.417789 0.000142
0.014936 0.179086 0.244111 0.138448 0.004194 0.419075 0.000150
0.015030 0.179420 0.243801 0.138063 0.004213 0.419318 0.000154
0.015095 0.178981 0.243519 0.137958 0.004208 0.420084 0.000154
0.015082 0.178766 0.243489 0.138039 0.004190 0.420280 0.000155
0.015103 0.177817 0.242581 0.137836 0.004238 0.422268 0.000157
0.015293 0.175837 0.242750 0.137553 0.004274 0.424135 0.000157
0.015307 0.176409 0.242303 0.137548 0.004212 0.424077 0.000144
0.015181 0.175981 0.242364 0.137358 0.004275 0.424694 0.000147
0.015213 0.175370 0.241816 0.137172 0.004267 0.426001 0.000161
0.015108 0.174897 0.241347 0.137226 0.004253 0.427021 0.000150
0.015403 0.174199 0.241298 0.137055 0.004290 0.427604 0.000151
0.015490 0.173374 0.241037 0.136754 0.004253 0.428944 0.000148
0.015248 0.172816 0.241085 0.136681 0.004283 0.429731 0.000155
0.015458 0.172976 0.240557 0.136519 0.004259 0.430064 0.000166
0.015556 0.172797 0.240299 0.136417 0.004299 0.430484 0.000148
0.015527 0.171610 0.240139 0.135798 0.004299 0.432461 0.000166
0.015554 0.171033 0.239728 0.136022 0.004321 0.433180 0.000162
0.015664 0.170907 0.239466 0.136026 0.004267 0.433501 0.000169
0.015603 0.170176 0.239124 0.135682 0.004358 0.434877 0.000180
0.015816 0.169942 0.238563 0.135340 0.004293 0.435882 0.000164
0.015842 0.168679 0.238469 0.135354 0.004302 0.437179 0.000175
0.015796 0.168728 0.238263 0.135559 0.004324 0.437147 0.000182
0.015938 0.168273 0.237877 0.134903 0.004312 0.438519 0.000177
0.016084 0.167942 0.238079 0.135105 0.004305 0.438312 0.000173
0.015803 0.166905 0.237467 0.134543 0.004408 0.440702 0.000172
0.015994 0.166827 0.237292 0.134830 0.004336 0.440550 0.000171
0.015841 0.166729 0.237411 0.134598 0.004391 0.440860 0.000170
0.016082 0.165288 0.236662 0.134269 0.004366 0.443160 0.000173
0.016122 0.165340 0.236478 0.134236 0.004375 0.443279 0.000170
0.016044 0.166529 0.236719 0.133879 0.004407 0.442242 0.000181
0.016056 0.165773 0.236466 0.133702 0.004411 0.443420 0.000172
0.016176 0.164595 0.236291 0.133592 0.004339 0.444822 0.000184
0.016282 0.163692 0.235598 0.133340 0.004420 0.446494 0.000175
0.016107 0.163824 0.235626 0.133717 0.004350 0.446207 0.000169
0.016229 0.162506 0.235003 0.133199 0.004441 0.448434 0.000188
0.016271 0.162931 0.235025 0.133186 0.004365 0.448048 0.000175
0.016176 0.162218 0.234868 0.133126 0.004357 0.449077 0.000179
0.016397 0.161369 0.234312 0.132774 0.004407 0.450558 0.000182
0.016442 0.161604 0.234180 0.132474 0.004369 0.450744 0.000187
0.016314 0.160906 0.233613 0.132559 0.004439 0.451992 0.000177
0.016287 0.160618 0.233727 0.132135 0.004447 0.452611 0.000176
0.016466 0.160446 0.233210 0.132360 0.004461 0.452886 0.000171
0.016473 0.159502 0.232792 0.132065 0.004491 0.454504 0.000173
0.016624 0.158726 0.232155 0.132005 0.004499 0.455796 0.000195
0.016539 0.159119 0.232691 0.131980 0.004502 0.454991 0.000177
0.016647 0.158131 0.232233 0.131621 0.004527 0.456658 0.000184
0.016550 0.157934 0.231772 0.131457 0.004536 0.457569 0.000181
0.016738 0.157407 0.231145 0.131284 0.004513 0.458739 0.000175
0.016653 0.156827 0.231052 0.130962 0.004525 0.459801 0.000181
0.016741 0.156652 0.231264 0.131041 0.004544 0.459569 0.000190
0.016916 0.156077 0.230492 0.130677 0.004501 0.461155 0.000181
0.016792 0.155538 0.230491 0.130574 0.004552 0.461873 0.000179
0.016831 0.155821 0.230132 0.130418 0.004488 0.462137 0.000174
0.016948 0.154783 0.229796 0.129892 0.004486 0.463902 0.000194
0.016918 0.154367 0.229502 0.129946 0.004573 0.464516 0.000177
0.017013 0.153753 0.229498 0.129858 0.004535 0.465168 0.000175
0.017198 0.153461 0.228910 0.129835 0.004541 0.465867 0.000188
0.017035 0.153387 0.228804 0.129538 0.004585 0.466469 0.000183
0.016979 0.153165 0.228703 0.129730 0.004589 0.466645 0.000189
0.017161 0.152664 0.228116 0.129560 0.004526 0.467777 0.000196
0.017254 0.151909 0.227602 0.128999 0.004616 0.469426 0.000193
0.017102 0.151886 0.227878 0.128686 0.004594 0.469664 0.000190
0.017278 0.151502 0.227738 0.128951 0.004538 0.469802 0.000191
0.017285 0.151191 0.227403 0.128237 0.004604 0.471083 0.000197
0.017253 0.150313 0.226456 0.128446 0.004608 0.472727 0.000197
0.017225 0.149881 0.226835 0.128355 0.004611 0.472891 0.000202
0.017358 0.148844 0.225556 0.127885 0.004634 0.475523 0.000200
0.017580 0.149374 0.225935 0.127903 0.004648 0.474358 0.000202
0.017624 0.149530 0.225965 0.127965 0.004599 0.474120 0.000196
0.017829 0.149277 0.225448 0.127959 0.004615 0.474667 0.000205
0.017505 0.147821 0.224910 0.127539 0.004657 0.477370 0.000198
0.017524 0.148361 0.225462 0.127710 0.004657 0.476085 0.000200
0.017667 0.146970 0.224509 0.127515 0.004616 0.478516 0.000207
0.017814 0.147357 0.224174 0.127153 0.004687 0.478616 0.000198
0.017761 0.146504 0.224050 0.126982 0.004658 0.479829 0.000216
0.017703 0.146512 0.223679 0.126995 0.004691 0.480224 0.000197
0.017883 0.146337 0.223307 0.126709 0.004699 0.480868 0.000197
0.017975 0.145305 0.222979 0.126468 0.004692 0.482379 0.000202
0.017868 0.144995 0.222699 0.126477 0.004637 0.483118 0.000206
0.018090 0.144089 0.222168 0.125954 0.004713 0.484775 0.000210
0.018105 0.144559 0.222373 0.126458 0.004739 0.483550 0.000215
0.018059 0.143768 0.222098 0.125954 0.004712 0.485197 0.000212
0.018137 0.143344 0.221568 0.126098 0.004714 0.485928 0.000211
0.018079 0.144397 0.222152 0.125821 0.004698 0.484650 0.000204
0.018174 0.142982 0.221280 0.125395 0.004700 0.487256 0.000212
0.018201 0.142959 0.221216 0.125503 0.004669 0.487227 0.000224
0.018184 0.142077 0.220703 0.125388 0.004714 0.488730 0.000204
0.018147 0.142178 0.220640 0.125108 0.004721 0.488999 0.000207
