0.999107 0.000863 0.000018 0.000012 0.000000 0.000000 0.000000
0.998658 0.001299 0.000024 0.000007 0.000001 0.000011 0.000000
0.998223 0.001723 0.000033 0.000008 0.000000 0.000014 0.000000
0.997701 0.002230 0.000042 0.000012 0.000000 0.000015 0.000000
0.997309 0.002604 0.000054 0.000018 0.000000 0.000015 0.000000
0.996752 0.003157 0.000055 0.000022 0.000000 0.000014 0.000000
0.996125 0.003773 0.000060 0.000027 0.000000 0.000015 0.000000
0.995456 0.004419 0.000069 0.000041 0.000000 0.000015 0.000000
0.994680 0.005190 0.000072 0.000043 0.000000 0.000014 0.000000
0.993687 0.006154 0.000091 0.000054 0.000000 0.000014 0.000000
0.992934 0.006908 0.000090 0.000054 0.000000 0.000014 0.000000
0.991365 0.008460 0.000105 0.000056 0.000000 0.000013 0.000000
0.989684 0.010085 0.000137 0.000082 0.000000 0.000012 0.000000
0.988319 0.011414 0.000169 0.000087 0.000000 0.000011 0.000000
0.985591 0.014105 0.000181 0.000114 0.000000 0.000010 0.000000
0.982977 0.016661 0.000215 0.000138 0.000000 0.000009 0.000000
0.980075 0.019511 0.000261 0.000145 0.000000 0.000008 0.000000
0.976258 0.023250 0.000298 0.000186 0.000000 0.000007 0.000000
0.972364 0.027094 0.000330 0.000197 0.000000 0.000015 0.000000
0.967271 0.032079 0.000414 0.000223 0.000000 0.000012 0.000000
0.962064 0.037149 0.000502 0.000273 0.000000 0.000012 0.000000
0.955580 0.043482 0.000571 0.000352 0.000000 0.000014 0.000000
0.948729 0.050149 0.000672 0.000436 0.000000 0.000015 0.000000
0.943132 0.055585 0.000781 0.000485 0.000000 0.000016 0.000000
0.933211 0.065219 0.000964 0.000585 0.000000 0.000021 0.000000
0.924928 0.073247 0.001161 0.000642 0.000000 0.000023 0.000000
0.915061 0.082831 0.001344 0.000737 0.000000 0.000027 0.000000
0.905348 0.092333 0.001447 0.000838 0.000000 0.000034 0.000000
0.894747 0.102627 0.001629 0.000956 0.000000 0.000041 0.000000
0.885359 0.111733 0.001806 0.001055 0.000000 0.000047 0.000000
0.870710 0.125998 0.002045 0.001199 0.000000 0.000048 0.000000
0.859114 0.137208 0.002301 0.001323 0.000000 0.000053 0.000000
0.843759 0.152070 0.002609 0.001485 0.000000 0.000077 0.000000
0.828964 0.166369 0.002918 0.001661 0.000000 0.000088 0.000000
0.813998 0.180823 0.003257 0.001831 0.000000 0.000091 0.000000
0.798237 0.195956 0.003652 0.002050 0.000000 0.000105 0.000000
0.785596 0.208076 0.003982 0.002231 0.000000 0.000115 0.000000
0.768823 0.224130 0.004438 0.002487 0.000000 0.000123 0.000000
0.755269 0.237048 0.004881 0.002676 0.000000 0.000126 0.000000
0.738639 0.252917 0.005341 0.002957 0.000000 0.000145 0.000000
0.722960 0.267857 0.005805 0.003216 0.000000 0.000162 0.000000
0.706988 0.283047 0.006304 0.003471 0.000000 0.000189 0.000000
0.692624 0.296602 0.006852 0.003703 0.000000 0.000219 0.000000
0.675215 0.313062 0.007438 0.004042 0.000000 0.000244 0.000000
0.660927 0.326482 0.007935 0.004386 0.000000 0.000270 0.000000
0.645899 0.340547 0.008547 0.004701 0.000000 0.000306 0.000000
0.633316 0.352238 0.009095 0.005024 0.000000 0.000327 0.000000
0.620704 0.363957 0.009617 0.005371 0.000000 0.000351 0.000000
0.607095 0.376622 0.010207 0.005704 0.000001 0.000371 0.000000
0.594906 0.387823 0.010826 0.006050 0.000002 0.000393 0.000000
0.581811 0.399941 0.011404 0.006417 0.000004 0.000423 0.000000
0.568023 0.412567 0.012142 0.006793 0.000003 0.000471 0.000000
0.558025 0.421662 0.012683 0.007113 0.000005 0.000512 0.000000
0.547050 0.431572 0.013299 0.007529 0.000006 0.000544 0.000000
0.538056 0.439716 0.013836 0.007804 0.000007 0.000581 0.000000
0.523873 0.452496 0.014708 0.008274 0.000010 0.000639 0.000000
0.514191 0.461187 0.015328 0.008599 0.000011 0.000683 0.000000
0.505096 0.469279 0.015958 0.008931 0.000011 0.000725 0.000000
0.493888 0.479071 0.016802 0.009444 0.000011 0.000786 0.000000
0.484188 0.487703 0.017458 0.009801 0.000010 0.000840 0.000000
0.473351 0.497274 0.018193 0.010276 0.000013 0.000894 0.000000
0.461401 0.507798 0.019050 0.010760 0.000016 0.000975 0.000000
0.452578 0.515327 0.019845 0.011202 0.000016 0.001032 0.000000
0.440393 0.525990 0.020788 0.011719 0.000018 0.001092 0.000000
0.433432 0.531952 0.021401 0.012044 0.000018 0.001153 0.000000
0.420048 0.543329 0.022619 0.012725 0.000019 0.001259 0.000000
0.409999 0.551990 0.023485 0.013170 0.000020 0.001336 0.000000
0.401397 0.559194 0.024301 0.013671 0.000020 0.001417 0.000000
0.389847 0.568787 0.025419 0.014396 0.000022 0.001528 0.000000
0.381903 0.575408 0.026216 0.014842 0.000024 0.001607 0.000000
0.372231 0.583288 0.027280 0.015459 0.000025 0.001717 0.000000
0.361300 0.592535 0.028322 0.016010 0.000028 0.001806 0.000000
0.349075 0.602581 0.029598 0.016767 0.000031 0.001948 0.000000
0.341974 0.607678 0.030799 0.017473 0.000032 0.002043 0.000000
0.333187 0.614855 0.031758 0.018032 0.000033 0.002136 0.000000
0.323453 0.622407 0.033088 0.018750 0.000032 0.002269 0.000000
0.316787 0.627312 0.034150 0.019354 0.000036 0.002361 0.000000
0.309605 0.632474 0.035355 0.020032 0.000041 0.002493 0.000000
0.299332 0.640122 0.036966 0.020883 0.000043 0.002654 0.000000
0.295659 0.642095 0.037950 0.021447 0.000042 0.002807 0.000000
0.284956 0.650245 0.039504 0.022271 0.000043 0.002980 0.000000
0.283476 0.650309 0.040321 0.022755 0.000044 0.003094 0.000000
0.279666 0.652208 0.041471 0.023361 0.000044 0.003250 0.000000
0.276473 0.653222 0.042695 0.024119 0.000045 0.003446 0.000000
0.270598 0.657080 0.043868 0.024786 0.000052 0.003615 0.000000
0.267389 0.658110 0.045055 0.025605 0.000053 0.003788 0.000000
0.264736 0.659041 0.046173 0.026056 0.000053 0.003941 0.000000
0.258745 0.662734 0.047475 0.026836 0.000055 0.004154 0.000000
0.258816 0.660859 0.048527 0.027402 0.000056 0.004339 0.000000
0.254519 0.663115 0.049787 0.027998 0.000058 0.004524 0.000000
0.250460 0.665258 0.050824 0.028699 0.000060 0.004700 0.000000
0.249721 0.664331 0.051819 0.029149 0.000058 0.004922 0.000000
0.246134 0.665660 0.053118 0.029875 0.000063 0.005150 0.000000
0.242120 0.667400 0.054462 0.030595 0.000064 0.005359 0.000000
0.242444 0.665831 0.055151 0.030998 0.000067 0.005509 0.000000
0.239884 0.666767 0.056029 0.031564 0.000076 0.005681 0.000000
0.229391 0.673162 0.058479 0.032857 0.000076 0.006036 0.000000
0.232225 0.669702 0.058797 0.033019 0.000082 0.006175 0.000000
0.228930 0.671164 0.059826 0.033644 0.000079 0.006356 0.000000
0.225033 0.671914 0.061672 0.034553 0.000083 0.006744 0.000001
0.225757 0.670292 0.062163 0.034807 0.000092 0.006887 0.000001
0.218748 0.673929 0.064059 0.035909 0.000100 0.007255 0.000000
0.214916 0.675956 0.065125 0.036471 0.000106 0.007426 0.000001
0.210169 0.678552 0.066370 0.037112 0.000114 0.007684 0.000001
0.203694 0.681363 0.068364 0.038372 0.000114 0.008092 0.000001
0.200223 0.683508 0.069153 0.038725 0.000116 0.008274 0.000001
0.197111 0.683657 0.070790 0.039667 0.000122 0.008652 0.000001
0.193429 0.685169 0.072011 0.040294 0.000129 0.008967 0.000001
0.184449 0.690261 0.074258 0.041507 0.000135 0.009389 0.000001
0.184289 0.688869 0.074960 0.042051 0.000135 0.009696 0.000001
0.180839 0.689877 0.076445 0.042693 0.000140 0.010004 0.000001
0.173564 0.693210 0.078700 0.043899 0.000151 0.010475 0.000001
0.170080 0.694798 0.079749 0.044509 0.000149 0.010715 0.000000
0.161475 0.699658 0.081758 0.045764 0.000161 0.011183 0.000001
0.157033 0.700824 0.083584 0.046739 0.000157 0.011663 0.000001
0.153161 0.702445 0.084908 0.047432 0.000160 0.011893 0.000001
0.152506 0.702112 0.085375 0.047768 0.000159 0.012080 0.000001
0.138643 0.709239 0.088993 0.050058 0.000172 0.012894 0.000001
0.140181 0.707013 0.089305 0.050210 0.000175 0.013114 0.000002
0.138092 0.705380 0.091466 0.051175 0.000180 0.013707 0.000001
0.138293 0.704112 0.092020 0.051524 0.000181 0.013868 0.000001
0.128584 0.707955 0.095239 0.053455 0.000184 0.014581 0.000002
0.127686 0.707210 0.096091 0.053836 0.000201 0.014976 0.000002
0.124596 0.707723 0.097370 0.054756 0.000198 0.015356 0.000001
0.117810 0.710129 0.099919 0.056004 0.000206 0.015930 0.000001
0.113584 0.709857 0.102274 0.057464 0.000212 0.016606 0.000001
0.110063 0.709029 0.104611 0.058777 0.000217 0.017301 0.000001
0.113715 0.706205 0.104087 0.058553 0.000214 0.017225 0.000002
0.111659 0.703297 0.106681 0.060061 0.000218 0.018082 0.000003
0.117579 0.697973 0.106361 0.059739 0.000222 0.018124 0.000002
0.109517 0.700482 0.109300 0.061520 0.000232 0.018945 0.000003
0.115988 0.694142 0.109099 0.061381 0.000233 0.019155 0.000002
0.111298 0.693978 0.111687 0.062860 0.000238 0.019936 0.000002
0.106296 0.695872 0.113358 0.063784 0.000248 0.020441 0.000002
0.106432 0.694599 0.114108 0.063943 0.000256 0.020660 0.000003
0.102547 0.695363 0.115666 0.065016 0.000258 0.021147 0.000002
0.101669 0.693693 0.117017 0.065640 0.000260 0.021719 0.000002
0.099130 0.693869 0.118144 0.066461 0.000262 0.022131 0.000002
0.096682 0.692030 0.120251 0.067743 0.000270 0.023021 0.000002
0.091793 0.692996 0.122271 0.069001 0.000278 0.023661 0.000002
0.092772 0.690540 0.123018 0.069305 0.000277 0.024086 0.000002
0.095515 0.687282 0.123120 0.069433 0.000278 0.024369 0.000003
0.094631 0.682343 0.126168 0.071067 0.000290 0.025497 0.000003
0.090445 0.683555 0.127613 0.072023 0.000302 0.026060 0.000003
0.092154 0.680363 0.128425 0.072310 0.000316 0.026429 0.000003
0.083968 0.683384 0.131156 0.073902 0.000317 0.027270 0.000003
0.087292 0.680700 0.130580 0.073610 0.000322 0.027494 0.000002
0.081222 0.680889 0.133551 0.075479 0.000343 0.028514 0.000002
0.083485 0.678273 0.133641 0.075485 0.000329 0.028783 0.000003
0.082058 0.677272 0.134752 0.076170 0.000348 0.029397 0.000003
0.079643 0.675292 0.137030 0.077409 0.000373 0.030251 0.000002
0.074060 0.677640 0.138668 0.078424 0.000366 0.030840 0.000002
0.074267 0.676226 0.139196 0.078689 0.000364 0.031255 0.000003
0.069597 0.675828 0.141809 0.080076 0.000391 0.032296 0.000003
0.066994 0.674127 0.143960 0.081268 0.000393 0.033256 0.000003
0.063484 0.675205 0.144986 0.082148 0.000401 0.033773 0.000003
0.064573 0.672824 0.145574 0.082333 0.000403 0.034291 0.000002
0.057269 0.673469 0.149193 0.084254 0.000413 0.035399 0.000003
0.056337 0.672176 0.150009 0.084980 0.000437 0.036059 0.000002
0.058132 0.667998 0.151239 0.085602 0.000440 0.036587 0.000003
0.056022 0.665979 0.153281 0.086549 0.000449 0.037719 0.000002
0.054286 0.665770 0.154071 0.087188 0.000463 0.038221 0.000002
0.055119 0.662143 0.155330 0.087779 0.000475 0.039150 0.000004
0.053910 0.661929 0.156167 0.088076 0.000459 0.039456 0.000002
0.052731 0.658838 0.158003 0.089426 0.000488 0.040511 0.000002
0.051432 0.658328 0.159044 0.089883 0.000497 0.040814 0.000002
0.051451 0.655793 0.160011 0.090570 0.000495 0.041678 0.000002
0.047430 0.652742 0.163607 0.092529 0.000515 0.043175 0.000002
0.049517 0.651869 0.163043 0.091928 0.000524 0.043117 0.000003
0.044818 0.652935 0.164519 0.093041 0.000535 0.044149 0.000003
0.046116 0.648783 0.165892 0.093858 0.000550 0.044799 0.000002
0.046665 0.647584 0.166212 0.093973 0.000534 0.045029 0.000003
0.044262 0.645203 0.168238 0.095380 0.000573 0.046342 0.000003
0.042036 0.643810 0.170062 0.096160 0.000570 0.047359 0.000003
0.039572 0.643420 0.171319 0.097023 0.000576 0.048087 0.000003
0.038993 0.640936 0.172709 0.097804 0.000595 0.048961 0.000003
0.037826 0.638852 0.174161 0.098748 0.000600 0.049810 0.000004
0.036766 0.636395 0.175634 0.099724 0.000607 0.050871 0.000003
0.035780 0.636227 0.176161 0.099823 0.000625 0.051381 0.000003
0.035305 0.632634 0.178138 0.100878 0.000641 0.052400 0.000003
0.031859 0.631564 0.180147 0.102021 0.000655 0.053750 0.000005
0.031963 0.630286 0.180595 0.102509 0.000674 0.053970 0.000004
0.032029 0.627525 0.181829 0.102995 0.000673 0.054946 0.000004
0.030628 0.627285 0.182635 0.103587 0.000669 0.055191 0.000005
0.030117 0.624484 0.184128 0.104363 0.000692 0.056212 0.000004
0.029219 0.623497 0.184902 0.104971 0.000724 0.056683 0.000004
0.030305 0.621064 0.185370 0.105050 0.000713 0.057494 0.000004
0.026755 0.617796 0.188409 0.107099 0.000732 0.059205 0.000003
0.027239 0.615818 0.189105 0.107234 0.000734 0.059866 0.000005
0.026441 0.614189 0.190202 0.107788 0.000743 0.060633 0.000004
0.025751 0.611184 0.191783 0.108687 0.000752 0.061840 0.000003
0.024699 0.609842 0.192795 0.109270 0.000771 0.062619 0.000004
0.024728 0.607784 0.193684 0.109829 0.000758 0.063214 0.000004
0.024673 0.605395 0.194728 0.110146 0.000798 0.064254 0.000005
0.024813 0.604803 0.194588 0.110394 0.000792 0.064605 0.000005
0.023913 0.600685 0.196736 0.111679 0.000791 0.066192 0.000005
0.023563 0.599048 0.197545 0.112103 0.000813 0.066924 0.000005
0.022352 0.597018 0.198961 0.113062 0.000800 0.067802 0.000005
0.022872 0.594856 0.199390 0.113510 0.000825 0.068544 0.000003
0.022374 0.593320 0.200338 0.113638 0.000833 0.069494 0.000003
0.021911 0.591219 0.200951 0.114642 0.000866 0.070406 0.000006
0.021256 0.587223 0.203356 0.115449 0.000856 0.071854 0.000006
0.021587 0.587628 0.202820 0.115237 0.000859 0.071866 0.000005
0.021024 0.584328 0.204387 0.116314 0.000857 0.073088 0.000004
0.020700 0.581937 0.205622 0.116937 0.000887 0.073913 0.000004
0.020676 0.581450 0.205591 0.116938 0.000889 0.074451 0.000005
0.020463 0.577803 0.207356 0.117617 0.000919 0.075838 0.000004
0.020130 0.576306 0.207676 0.118221 0.000910 0.076754 0.000004
0.019752 0.573218 0.209346 0.118913 0.000929 0.077839 0.000004
0.019487 0.570591 0.210298 0.119741 0.000941 0.078937 0.000005
0.019550 0.570060 0.210598 0.119582 0.000935 0.079271 0.000004
0.019318 0.567639 0.211195 0.120526 0.000968 0.080349 0.000004
0.018977 0.564483 0.212712 0.121228 0.000965 0.081630 0.000006
0.019202 0.563435 0.213371 0.120840 0.000973 0.082177 0.000003
0.019032 0.562535 0.213440 0.121280 0.000976 0.082734 0.000003
0.018653 0.560021 0.214377 0.122014 0.001003 0.083927 0.000004
0.023481 0.555115 0.214150 0.121829 0.001024 0.084397 0.000005
0.027662 0.551865 0.213622 0.121300 0.001004 0.084541 0.000006
0.027410 0.549225 0.214612 0.121973 0.001006 0.085772 0.000004
0.028347 0.546049 0.215227 0.122546 0.001030 0.086797 0.000004
0.028777 0.543682 0.215916 0.122915 0.001037 0.087668 0.000005
0.029703 0.540016 0.216823 0.123531 0.001071 0.088851 0.000004
0.039572 0.534058 0.214502 0.122362 0.001075 0.088425 0.000006
0.038705 0.532027 0.215647 0.122849 0.001068 0.089698 0.000006
0.040087 0.530443 0.215749 0.122739 0.001067 0.089909 0.000005
0.038028 0.530652 0.216129 0.123179 0.001087 0.090918 0.000007
0.038084 0.529370 0.216690 0.123530 0.001070 0.091250 0.000005
0.040303 0.525218 0.217270 0.123723 0.001104 0.092376 0.000006
0.035074 0.526553 0.219020 0.124632 0.001100 0.093615 0.000006
0.042994 0.522217 0.216824 0.123554 0.001098 0.093306 0.000006
0.037446 0.522929 0.218834 0.124912 0.001101 0.094772 0.000006
0.036742 0.521972 0.219608 0.124841 0.001113 0.095719 0.000005
0.036458 0.518849 0.220482 0.125549 0.001137 0.097519 0.000006
0.034975 0.518851 0.221101 0.125870 0.001160 0.098037 0.000006
0.034918 0.518332 0.221152 0.125881 0.001158 0.098552 0.000006
0.030100 0.518364 0.223177 0.126948 0.001170 0.100234 0.000007
0.032088 0.517390 0.222653 0.126539 0.001155 0.100169 0.000007
0.027574 0.516679 0.224943 0.127586 0.001163 0.102047 0.000009
0.028210 0.514459 0.225382 0.128013 0.001189 0.102741 0.000007
0.028242 0.513834 0.225471 0.127894 0.001211 0.103341 0.000006
0.027245 0.511309 0.226524 0.128686 0.001212 0.105016 0.000010
0.026213 0.510820 0.226905 0.128984 0.001210 0.105860 0.000009
0.022663 0.508799 0.229470 0.130406 0.001222 0.107431 0.000009
0.023951 0.508272 0.228384 0.130442 0.001256 0.107684 0.000011
0.022590 0.505665 0.230509 0.130600 0.001250 0.109378 0.000009
0.019969 0.502753 0.232314 0.132195 0.001296 0.111465 0.000009
0.022399 0.503014 0.230927 0.131525 0.001295 0.110830 0.000010
0.019105 0.499840 0.233843 0.132823 0.001317 0.113063 0.000009
0.020376 0.500151 0.232721 0.132256 0.001298 0.113191 0.000008
0.019862 0.496456 0.234018 0.132977 0.001316 0.115363 0.000009
0.018388 0.494066 0.235673 0.133994 0.001341 0.116531 0.000008
0.018815 0.493209 0.235694 0.133929 0.001358 0.116985 0.000009
0.017402 0.490196 0.237312 0.134826 0.001379 0.118875 0.000010
0.018181 0.491804 0.236089 0.134121 0.001373 0.118423 0.000009
0.017992 0.489792 0.237034 0.134514 0.001388 0.119271 0.000009
0.016702 0.485377 0.239052 0.135800 0.001404 0.121658 0.000008
0.016392 0.484135 0.239270 0.136298 0.001407 0.122488 0.000009
0.015972 0.480646 0.240780 0.136881 0.001408 0.124305 0.000008
0.016020 0.479569 0.240809 0.137028 0.001440 0.125124 0.000009
0.016169 0.479594 0.240439 0.136818 0.001432 0.125539 0.000008
0.015641 0.475616 0.241886 0.137807 0.001490 0.127553 0.000007
0.016079 0.476544 0.241321 0.137288 0.001447 0.127311 0.000010
0.015129 0.472152 0.243117 0.138494 0.001487 0.129610 0.000011
0.015072 0.471451 0.243359 0.138440 0.001506 0.130162 0.000009
0.014982 0.468456 0.244310 0.138866 0.001538 0.131838 0.000011
0.014806 0.468488 0.244498 0.138844 0.001540 0.131814 0.000011
0.014936 0.466464 0.244895 0.139095 0.001511 0.133090 0.000009
0.014847 0.463940 0.245537 0.139533 0.001554 0.134577 0.000012
0.014871 0.463213 0.245649 0.139566 0.001574 0.135113 0.000013
0.014675 0.461327 0.246432 0.139888 0.001552 0.136116 0.000010
0.014336 0.458483 0.247408 0.140442 0.001590 0.137731 0.000010
0.014799 0.458107 0.246664 0.140428 0.001603 0.138387 0.000012
0.014475 0.455160 0.247622 0.140957 0.001592 0.140181 0.000012
0.014490 0.455213 0.247451 0.140894 0.001639 0.140300 0.000013
0.014182 0.451440 0.248840 0.141485 0.001646 0.142394 0.000013
0.014198 0.449975 0.249071 0.141988 0.001653 0.143102 0.000012
0.014260 0.449618 0.249097 0.141721 0.001645 0.143647 0.000012
0.014042 0.446069 0.250160 0.142362 0.001685 0.145671 0.000012
0.014025 0.444814 0.250527 0.142666 0.001652 0.146307 0.000010
0.013983 0.444577 0.250510 0.142423 0.001681 0.146812 0.000013
0.014011 0.443337 0.250441 0.142510 0.001694 0.147992 0.000014
0.013900 0.439559 0.251711 0.143200 0.001713 0.149902 0.000014
0.013565 0.438204 0.252224 0.143400 0.001771 0.150821 0.000016
0.013691 0.435812 0.252674 0.143777 0.001758 0.152275 0.000013
0.013719 0.435773 0.252490 0.143690 0.001754 0.152561 0.000014
0.013760 0.434592 0.252842 0.143538 0.001761 0.153492 0.000014
0.013417 0.432480 0.253528 0.144055 0.001770 0.154737 0.000013
0.013408 0.430778 0.253896 0.144506 0.001755 0.155641 0.000017
0.013581 0.429566 0.253695 0.144605 0.001805 0.156734 0.000014
0.013503 0.427826 0.254384 0.144517 0.001793 0.157960 0.000016
0.013565 0.426315 0.254329 0.144930 0.001809 0.159035 0.000018
0.013519 0.426156 0.254717 0.144933 0.001794 0.158862 0.000019
0.013359 0.423903 0.255024 0.145185 0.001835 0.160677 0.000017
0.013261 0.420514 0.256230 0.145575 0.001848 0.162556 0.000016
0.013171 0.420418 0.255861 0.146027 0.001868 0.162637 0.000018
0.013255 0.418307 0.256246 0.146122 0.001875 0.164177 0.000018
0.013269 0.416096 0.257132 0.145929 0.001886 0.165668 0.000020
0.013087 0.414137 0.257895 0.146392 0.001897 0.166568 0.000023
0.013114 0.414472 0.257403 0.146097 0.001891 0.167003 0.000020
0.013157 0.411486 0.257898 0.146505 0.001935 0.168998 0.000021
0.013211 0.411464 0.257707 0.146337 0.001901 0.169359 0.000021
0.013219 0.409374 0.258087 0.146747 0.001971 0.170583 0.000019
0.013234 0.406563 0.258852 0.146939 0.001955 0.172436 0.000021
0.012939 0.405827 0.259159 0.147362 0.001951 0.172742 0.000020
0.013081 0.404850 0.259152 0.147329 0.001981 0.173586 0.000021
0.013058 0.402752 0.259680 0.147642 0.001998 0.174849 0.000021
0.013220 0.403734 0.259071 0.147325 0.002008 0.174618 0.000024
0.013150 0.400322 0.259728 0.147764 0.001977 0.177041 0.000019
0.013024 0.398181 0.260882 0.147873 0.002030 0.177986 0.000024
0.013223 0.396488 0.260763 0.148052 0.002057 0.179396 0.000022
0.012803 0.395119 0.260996 0.148539 0.002021 0.180503 0.000019
0.013134 0.395798 0.260244 0.148330 0.002051 0.180421 0.000022
0.020269 0.390445 0.259165 0.147154 0.002079 0.180867 0.000020
0.023129 0.388236 0.258409 0.146975 0.002071 0.181160 0.000020
0.025602 0.388108 0.257462 0.146342 0.002075 0.180390 0.000021
0.026270 0.384736 0.257708 0.146354 0.002066 0.182847 0.000020
0.025610 0.382944 0.258062 0.146741 0.002095 0.184524 0.000023
0.026987 0.381203 0.258300 0.146608 0.002068 0.184807 0.000027
0.026068 0.381968 0.257665 0.146750 0.002116 0.185408 0.000024
0.028775 0.379559 0.257090 0.146223 0.002118 0.186214 0.000022
0.025275 0.380381 0.258165 0.146624 0.002133 0.187397 0.000024
0.028331 0.378569 0.257061 0.145977 0.002123 0.187919 0.000020
0.023689 0.377473 0.258971 0.147263 0.002152 0.190429 0.000023
0.023482 0.379146 0.258562 0.146949 0.002162 0.189672 0.000027
0.023023 0.377201 0.258739 0.147311 0.002205 0.191492 0.000029
0.022385 0.376310 0.259054 0.147622 0.002180 0.192424 0.000025
0.020140 0.375130 0.260298 0.148225 0.002176 0.194008 0.000022
0.021910 0.374200 0.259304 0.147693 0.002156 0.194712 0.000025
0.019374 0.373012 0.261047 0.148374 0.002212 0.195953 0.000029
0.018880 0.372063 0.261197 0.148698 0.002214 0.196921 0.000029
0.017668 0.371002 0.261521 0.148661 0.002219 0.198899 0.000030
0.019127 0.369108 0.261344 0.148398 0.002211 0.199785 0.000028
0.018194 0.368607 0.261473 0.148910 0.002233 0.200554 0.000029
0.017360 0.368742 0.261750 0.149045 0.002220 0.200852 0.000031
0.017703 0.367068 0.261792 0.148866 0.002266 0.202276 0.000030
0.016190 0.363530 0.263066 0.149618 0.002287 0.205280 0.000030
0.016048 0.362338 0.263294 0.149946 0.002293 0.206052 0.000029
0.015736 0.361501 0.263089 0.150499 0.002299 0.206846 0.000030
0.016803 0.361934 0.262557 0.149354 0.002300 0.207024 0.000029
0.015865 0.359637 0.263440 0.149797 0.002309 0.208924 0.000027
0.015514 0.356928 0.264151 0.150431 0.002332 0.210613 0.000031
0.014507 0.356461 0.264559 0.150925 0.002345 0.211173 0.000030
0.014926 0.355548 0.264422 0.150431 0.002364 0.212283 0.000027
0.014410 0.354241 0.264732 0.150821 0.002361 0.213402 0.000033
0.014356 0.352322 0.264963 0.150971 0.002403 0.214954 0.000031
0.014585 0.353177 0.264604 0.150495 0.002381 0.214729 0.000031
0.014280 0.350624 0.264836 0.150637 0.002399 0.217196 0.000028
0.014032 0.348701 0.265598 0.151108 0.002386 0.218145 0.000030
0.013872 0.347835 0.265527 0.151453 0.002399 0.218884 0.000029
0.013774 0.347371 0.265664 0.151105 0.002410 0.219648 0.000028
0.013990 0.346774 0.265261 0.151272 0.002404 0.220270 0.000029
0.013773 0.343683 0.265675 0.151506 0.002441 0.222890 0.000031
0.014184 0.344418 0.264999 0.151144 0.002438 0.222788 0.000029
0.013675 0.340935 0.266069 0.151376 0.002479 0.225434 0.000032
0.013342 0.338852 0.266614 0.151854 0.002505 0.226800 0.000032
0.013471 0.336568 0.266957 0.152032 0.002519 0.228417 0.000036
0.013609 0.338143 0.266589 0.151619 0.002498 0.227510 0.000033
0.013369 0.337131 0.266275 0.152023 0.002523 0.228642 0.000036
0.013463 0.335672 0.266332 0.151556 0.002519 0.230420 0.000038
0.013433 0.333404 0.266700 0.152110 0.002544 0.231770 0.000039
0.013002 0.333933 0.266750 0.152027 0.002575 0.231675 0.000039
0.013108 0.331624 0.266959 0.152291 0.002564 0.233416 0.000039
0.013060 0.330466 0.267114 0.152356 0.002567 0.234395 0.000041
0.013148 0.329013 0.267173 0.152318 0.002576 0.235728 0.000043
0.013120 0.327752 0.266943 0.152477 0.002607 0.237053 0.000047
0.013164 0.326649 0.267173 0.152233 0.002601 0.238139 0.000040
0.013466 0.327583 0.266670 0.151830 0.002599 0.237810 0.000041
0.012993 0.324901 0.267498 0.152434 0.002626 0.239505 0.000043
0.012966 0.322887 0.267661 0.152330 0.002604 0.241505 0.000046
0.012925 0.321860 0.267865 0.152403 0.002639 0.242265 0.000043
0.012967 0.320172 0.267619 0.152772 0.002650 0.243774 0.000047
0.012964 0.319711 0.267654 0.152130 0.002695 0.244795 0.000051
0.013115 0.319214 0.267372 0.152302 0.002678 0.245275 0.000044
0.012959 0.318281 0.267570 0.152477 0.002694 0.245974 0.000045
0.013090 0.315434 0.268106 0.152351 0.002736 0.248237 0.000045
0.012922 0.314526 0.268017 0.152409 0.002686 0.249387 0.000053
0.012904 0.314163 0.267502 0.152530 0.002712 0.250141 0.000048
0.012848 0.313418 0.268158 0.152229 0.002705 0.250590 0.000051
0.012880 0.310941 0.268143 0.152679 0.002739 0.252562 0.000055
0.013031 0.310480 0.267643 0.152515 0.002679 0.253595 0.000057
0.012853 0.309781 0.267811 0.152388 0.002733 0.254381 0.000053
0.012979 0.307747 0.267880 0.152378 0.002771 0.256191 0.000053
0.013021 0.307485 0.267847 0.152547 0.002773 0.256269 0.000057
0.013031 0.306057 0.267796 0.152958 0.002778 0.257319 0.000061
0.013038 0.306859 0.267692 0.152332 0.002783 0.257239 0.000057
0.013021 0.304001 0.267720 0.152907 0.002799 0.259492 0.000060
0.012903 0.303785 0.267730 0.152505 0.002791 0.260226 0.000060
0.013003 0.301725 0.267669 0.152428 0.002819 0.262294 0.000060
0.013011 0.302123 0.267507 0.152280 0.002827 0.262190 0.000062
0.012849 0.299244 0.268454 0.152696 0.002852 0.263847 0.000058
0.012998 0.299172 0.267721 0.152416 0.002839 0.264793 0.000061
0.013018 0.297209 0.267917 0.152809 0.002863 0.266123 0.000061
0.013180 0.295904 0.268005 0.152561 0.002878 0.267411 0.000061
0.013218 0.296671 0.267464 0.152309 0.002868 0.267409 0.000060
0.013069 0.295500 0.267792 0.152311 0.002917 0.268351 0.000059
0.013375 0.294199 0.267902 0.152146 0.002876 0.269445 0.000057
0.012973 0.292059 0.267855 0.152347 0.002951 0.271752 0.000062
0.013144 0.289648 0.268160 0.152780 0.002965 0.273244 0.000060
0.013101 0.288514 0.268353 0.152681 0.002973 0.274316 0.000063
0.013039 0.289730 0.267819 0.152124 0.002935 0.274294 0.000059
0.013229 0.287392 0.267696 0.152198 0.002978 0.276450 0.000058
0.013109 0.286533 0.267680 0.152363 0.003028 0.277220 0.000067
0.013347 0.285610 0.267658 0.152459 0.002975 0.277893 0.000060
0.013284 0.284695 0.267169 0.152234 0.003036 0.279524 0.000058
0.013301 0.284645 0.267441 0.152185 0.003035 0.279326 0.000067
0.013206 0.283370 0.267452 0.152079 0.003009 0.280827 0.000057
0.013177 0.281796 0.267408 0.152197 0.003045 0.282313 0.000065
0.013023 0.279924 0.267537 0.152360 0.003056 0.284035 0.000064
0.013339 0.280145 0.267342 0.152193 0.003046 0.283870 0.000065
0.013308 0.279709 0.267495 0.151939 0.003083 0.284401 0.000065
0.013495 0.277430 0.267277 0.152152 0.003075 0.286510 0.000061
0.013444 0.276779 0.267068 0.151834 0.003073 0.287738 0.000064
0.013458 0.275174 0.266971 0.151755 0.003144 0.289433 0.000064
0.013495 0.275985 0.266717 0.151944 0.003104 0.288689 0.000066
0.013550 0.275153 0.267198 0.151691 0.003155 0.289189 0.000065
0.013442 0.272717 0.266934 0.151996 0.003154 0.291685 0.000071
0.013486 0.272581 0.266755 0.151971 0.003154 0.291979 0.000073
0.013544 0.271151 0.266762 0.151940 0.003173 0.293364 0.000066
0.013508 0.270661 0.266652 0.151437 0.003230 0.294450 0.000063
0.013608 0.269954 0.266602 0.151726 0.003182 0.294862 0.000067
0.013540 0.268788 0.266724 0.151628 0.003252 0.296007 0.000061
0.013611 0.267876 0.266417 0.151289 0.003211 0.297519 0.000077
0.013708 0.266661 0.266050 0.151417 0.003267 0.298828 0.000069
0.013726 0.266351 0.266217 0.151140 0.003234 0.299269 0.000062
0.013741 0.264023 0.266114 0.151331 0.003276 0.301446 0.000069
0.013843 0.265151 0.265748 0.151324 0.003263 0.300605 0.000065
0.013705 0.262455 0.266036 0.151504 0.003262 0.302973 0.000066
0.013745 0.262625 0.265240 0.151107 0.003254 0.303959 0.000071
0.013820 0.261265 0.265291 0.151100 0.003311 0.305144 0.000069
0.013840 0.259658 0.265487 0.151017 0.003364 0.306566 0.000068
0.013922 0.259760 0.265482 0.150827 0.003297 0.306647 0.000066
0.013809 0.259239 0.264997 0.150836 0.003315 0.307730 0.000074
0.013804 0.257824 0.265352 0.150798 0.003278 0.308867 0.000078
0.013675 0.256964 0.265087 0.150788 0.003357 0.310058 0.000072
0.013889 0.254575 0.264910 0.150999 0.003349 0.312210 0.000069
0.013825 0.255556 0.265084 0.150699 0.003353 0.311403 0.000081
0.013969 0.253778 0.264862 0.150620 0.003380 0.313319 0.000074
0.013985 0.252837 0.264728 0.150608 0.003354 0.314411 0.000077
0.013827 0.252088 0.265097 0.150780 0.003370 0.314761 0.000077
0.013971 0.251691 0.264605 0.150546 0.003419 0.315692 0.000076
0.013938 0.250781 0.264137 0.150420 0.003472 0.317178 0.000074
0.014028 0.249319 0.264277 0.150260 0.003445 0.318597 0.000075
0.014100 0.249165 0.263824 0.150126 0.003472 0.319240 0.000072
0.014152 0.249433 0.264215 0.150272 0.003391 0.318461 0.000076
0.014015 0.246702 0.264225 0.149901 0.003458 0.321621 0.000078
0.014204 0.245719 0.263670 0.150098 0.003440 0.322792 0.000077
0.014173 0.245420 0.263693 0.149920 0.003481 0.323236 0.000077
0.014180 0.245021 0.263385 0.149844 0.003456 0.324035 0.000080
0.014160 0.243957 0.263392 0.149871 0.003467 0.325074 0.000078
0.014247 0.243587 0.263436 0.149655 0.003474 0.325530 0.000071
0.014087 0.244302 0.262686 0.149694 0.003494 0.325668 0.000069
0.014211 0.242093 0.262804 0.149536 0.003499 0.327774 0.000083
0.014128 0.240999 0.263026 0.149234 0.003549 0.328988 0.000075
0.014239 0.239667 0.262493 0.149397 0.003545 0.330580 0.000080
0.014336 0.238506 0.262499 0.149222 0.003557 0.331806 0.000074
0.014452 0.238019 0.262345 0.149110 0.003552 0.332443 0.000080
0.014311 0.237260 0.262267 0.148892 0.003530 0.333664 0.000076
0.014512 0.236770 0.261634 0.148936 0.003539 0.334525 0.000084
0.014457 0.235331 0.261408 0.148773 0.003621 0.336329 0.000081
0.014490 0.235256 0.261513 0.148693 0.003588 0.336380 0.000080
0.014335 0.234390 0.261662 0.148708 0.003598 0.337224 0.000084
0.014636 0.233431 0.261469 0.148485 0.003598 0.338299 0.000081
0.014674 0.233228 0.260704 0.148303 0.003559 0.339447 0.000085
0.014829 0.232085 0.261002 0.148037 0.003621 0.340335 0.000091
0.014747 0.231094 0.260738 0.148355 0.003642 0.341331 0.000092
0.014680 0.230136 0.260732 0.148235 0.003653 0.342474 0.000090
0.014646 0.229291 0.260436 0.147930 0.003641 0.343963 0.000093
0.014695 0.229632 0.260256 0.147770 0.003651 0.343908 0.000088
0.014918 0.229591 0.259918 0.147886 0.003673 0.343920 0.000093
0.014851 0.228330 0.260170 0.147570 0.003688 0.345297 0.000093
0.014693 0.227765 0.260012 0.147797 0.003692 0.345941 0.000099
0.014897 0.226914 0.259658 0.147662 0.003668 0.347114 0.000088
0.014933 0.226619 0.259437 0.147276 0.003632 0.348011 0.000093
0.014769 0.224414 0.259055 0.147363 0.003701 0.350612 0.000087
0.014937 0.224718 0.258980 0.147094 0.003702 0.350474 0.000094
0.014991 0.223798 0.258835 0.146992 0.003732 0.351556 0.000097
0.014900 0.222800 0.258660 0.146800 0.003704 0.353048 0.000088
0.014813 0.222101 0.258386 0.147139 0.003704 0.353764 0.000093
0.014965 0.221005 0.258479 0.146807 0.003755 0.354894 0.000096
0.014982 0.221154 0.258274 0.146479 0.003724 0.355298 0.000087
0.015126 0.219849 0.257777 0.146687 0.003737 0.356722 0.000102
0.014953 0.218222 0.258056 0.146216 0.003748 0.358710 0.000095
0.015228 0.218825 0.257833 0.146331 0.003773 0.357911 0.000098
0.015252 0.217489 0.257757 0.145981 0.003733 0.359686 0.000102
0.015091 0.217031 0.257091 0.146002 0.003784 0.360906 0.000095
0.015237 0.217081 0.257173 0.146091 0.003780 0.360541 0.000097
0.015218 0.216219 0.257096 0.145744 0.003800 0.361829 0.000094
0.015366 0.214645 0.256086 0.145686 0.003831 0.364284 0.000100
0.015239 0.214339 0.256393 0.145570 0.003863 0.364498 0.000098
0.015294 0.212930 0.256462 0.145306 0.003811 0.366097 0.000100
0.015326 0.212772 0.256175 0.145149 0.003853 0.366618 0.000106
0.015346 0.211659 0.256098 0.145051 0.003822 0.367925 0.000099
0.015452 0.211017 0.255357 0.145005 0.003832 0.369231 0.000106
0.015410 0.210449 0.255255 0.144739 0.003855 0.370192 0.000100
0.015407 0.210787 0.255273 0.144930 0.003844 0.369648 0.000111
0.015363 0.209351 0.255145 0.144776 0.003828 0.371431 0.000107
0.015538 0.208761 0.254547 0.144735 0.003871 0.372444 0.000103
0.015432 0.208559 0.254616 0.144635 0.003919 0.372734 0.000104
0.015755 0.207293 0.254304 0.144238 0.003920 0.374379 0.000112
0.015705 0.206684 0.254241 0.144285 0.003943 0.375035 0.000107
0.015579 0.206779 0.253988 0.144068 0.003867 0.375612 0.000107
0.015604 0.205982 0.253545 0.144140 0.003919 0.376706 0.000105
0.015889 0.204573 0.253948 0.143536 0.003929 0.378011 0.000113
0.015620 0.204410 0.253066 0.143493 0.003933 0.379369 0.000108
0.015757 0.203763 0.253032 0.143627 0.003951 0.379764 0.000106
0.015629 0.203312 0.252491 0.143491 0.003944 0.381024 0.000108
0.015885 0.202722 0.252822 0.143387 0.003941 0.381138 0.000105
0.015903 0.200959 0.252346 0.143133 0.003981 0.383565 0.000114
0.015874 0.200745 0.252339 0.143314 0.003948 0.383668 0.000112
0.015976 0.200432 0.251985 0.143029 0.003960 0.384509 0.000108
0.015931 0.200375 0.251978 0.142847 0.004023 0.384742 0.000104
0.016177 0.199501 0.251638 0.142884 0.004012 0.385673 0.000116
0.016165 0.197807 0.251298 0.142362 0.004012 0.388236 0.000121
0.016288 0.197853 0.251633 0.142409 0.004001 0.387700 0.000114
0.016112 0.196785 0.250820 0.142350 0.004026 0.389795 0.000113
0.016370 0.196847 0.250431 0.142119 0.004029 0.390088 0.000115
0.016406 0.195529 0.250682 0.141929 0.004027 0.391311 0.000116
0.016269 0.194446 0.250517 0.141788 0.004040 0.392819 0.000122
0.016437 0.194653 0.249983 0.141864 0.004047 0.392903 0.000114
0.016395 0.194375 0.249778 0.141510 0.004042 0.393784 0.000117
0.016562 0.192480 0.249305 0.141566 0.004098 0.395881 0.000109
0.016460 0.192241 0.249260 0.141747 0.004086 0.396092 0.000115
0.016407 0.192879 0.249015 0.141067 0.004073 0.396437 0.000121
0.016627 0.191813 0.248919 0.141445 0.004072 0.397008 0.000117
0.016483 0.191790 0.248493 0.141332 0.004076 0.397711 0.000115
0.016648 0.190293 0.248082 0.140950 0.004075 0.399829 0.000122
0.016765 0.190038 0.248450 0.140872 0.004122 0.399631 0.000122
0.016562 0.189767 0.248315 0.140758 0.004116 0.400361 0.000121
0.016647 0.189742 0.247666 0.140570 0.004119 0.401132 0.000125
0.016971 0.188474 0.247230 0.140711 0.004076 0.402424 0.000115
0.016931 0.188095 0.247091 0.140551 0.004176 0.403026 0.000131
0.016714 0.188294 0.247325 0.140340 0.004112 0.403098 0.000117
0.016692 0.186563 0.246816 0.139937 0.004163 0.405705 0.000124
0.016970 0.186084 0.246332 0.140130 0.004225 0.406141 0.000119
0.016903 0.185617 0.246798 0.140013 0.004167 0.406385 0.000118
0.016888 0.185608 0.245784 0.139791 0.004175 0.407643 0.000112
0.016898 0.184759 0.245974 0.139875 0.004159 0.408208 0.000126
0.017066 0.183892 0.245891 0.139400 0.004208 0.409411 0.000133
0.016942 0.183507 0.245376 0.139422 0.004203 0.410419 0.000130
0.017100 0.182998 0.244969 0.139288 0.004182 0.411338 0.000126
0.017265 0.183429 0.245195 0.139213 0.004113 0.410661 0.000124
0.017005 0.181241 0.244248 0.138908 0.004211 0.414251 0.000135
0.017113 0.180801 0.244637 0.138836 0.004184 0.414294 0.000135
0.017136 0.181359 0.243948 0.138662 0.004223 0.414545 0.000127
0.017354 0.180154 0.243909 0.138712 0.004258 0.415484 0.000129
0.017123 0.179866 0.243759 0.138058 0.004235 0.416826 0.000133
0.017470 0.178882 0.243471 0.138392 0.004238 0.417418 0.000130
0.017320 0.179303 0.243288 0.138135 0.004247 0.417575 0.000133
0.017524 0.178263 0.242659 0.137846 0.004285 0.419294 0.000128
0.017506 0.177630 0.242681 0.137720 0.004240 0.420091 0.000131
0.017695 0.176943 0.242483 0.137346 0.004248 0.421139 0.000146
0.017389 0.176663 0.242241 0.137542 0.004265 0.421766 0.000134
0.017514 0.175815 0.241629 0.137367 0.004261 0.423291 0.000123
0.017512 0.176521 0.241927 0.137381 0.004279 0.422255 0.000125
0.017510 0.174957 0.240778 0.136843 0.004306 0.425474 0.000132
0.017588 0.174896 0.241071 0.137040 0.004340 0.424947 0.000118
0.017262 0.174921 0.240872 0.136870 0.004337 0.425608 0.000130
0.017345 0.173913 0.240846 0.136648 0.004366 0.426745 0.000138
0.017692 0.173368 0.240325 0.136278 0.004311 0.427896 0.000129
0.017950 0.171393 0.239487 0.136267 0.004317 0.430444 0.000142
0.017984 0.171580 0.239910 0.136161 0.004355 0.429868 0.000142
0.018004 0.172248 0.239612 0.136008 0.004333 0.429649 0.000146
0.018137 0.171784 0.239529 0.136013 0.004382 0.430017 0.000138
0.017956 0.171031 0.238631 0.135768 0.004323 0.432147 0.000144
0.017925 0.171076 0.238951 0.135722 0.004363 0.431815 0.000148
0.018041 0.170203 0.238759 0.135514 0.004400 0.432947 0.000136
0.018018 0.169183 0.238119 0.135234 0.004366 0.434935 0.000146
0.018259 0.168341 0.237624 0.134927 0.004390 0.436314 0.000144
0.018281 0.167618 0.237535 0.135085 0.004444 0.436900 0.000139
0.018262 0.167719 0.237272 0.134973 0.004426 0.437201 0.000146
0.018323 0.167426 0.236810 0.134815 0.004397 0.438087 0.000142
0.018178 0.167830 0.236786 0.134691 0.004392 0.437984 0.000139
0.018161 0.166400 0.236505 0.134595 0.004413 0.439795 0.000131
0.018328 0.165592 0.236015 0.134026 0.004451 0.441431 0.000155
0.018378 0.165805 0.235674 0.134407 0.004411 0.441178 0.000146
0.018376 0.165480 0.235472 0.134344 0.004365 0.441809 0.000153
0.018353 0.164178 0.235429 0.133981 0.004451 0.443456 0.000152
0.018435 0.163833 0.235233 0.134086 0.004437 0.443824 0.000152
0.018627 0.164659 0.235188 0.133481 0.004433 0.443454 0.000158
0.018539 0.164057 0.234564 0.133246 0.004447 0.444991 0.000157
0.018344 0.163211 0.234473 0.133381 0.004454 0.445988 0.000149
0.018509 0.162448 0.233832 0.133091 0.004456 0.447504 0.000160
0.019004 0.161550 0.233794 0.132852 0.004417 0.448220 0.000162
0.018564 0.161955 0.234086 0.132729 0.004481 0.448030 0.000156
0.018744 0.160898 0.233155 0.132653 0.004463 0.449927 0.000159
0.018794 0.160696 0.233023 0.132554 0.004459 0.450317 0.000158
0.018865 0.159420 0.232730 0.132118 0.004477 0.452232 0.000158
0.018928 0.160427 0.232739 0.132410 0.004453 0.450878 0.000163
0.018790 0.159859 0.232324 0.132131 0.004480 0.452253 0.000163
0.019018 0.158662 0.231657 0.132032 0.004482 0.453988 0.000161
0.019033 0.159260 0.231576 0.131923 0.004524 0.453517 0.000167
0.018810 0.158335 0.231642 0.131717 0.004532 0.454796 0.000169
0.019229 0.157289 0.230413 0.131047 0.004564 0.457293 0.000166
0.019186 0.157418 0.231005 0.131076 0.004564 0.456586 0.000165
0.019132 0.156762 0.230375 0.131396 0.004485 0.457682 0.000167
0.019163 0.156357 0.229981 0.131109 0.004505 0.458716 0.000168
0.019061 0.156251 0.230541 0.131001 0.004548 0.458442 0.000157
0.019277 0.155560 0.229531 0.130553 0.004559 0.460354 0.000166
0.019321 0.155282 0.229397 0.130498 0.004564 0.460765 0.000173
0.019321 0.155420 0.229445 0.130289 0.004596 0.460763 0.000165
0.019282 0.154517 0.229114 0.130181 0.004600 0.462128 0.000178
0.019505 0.153834 0.228682 0.130152 0.004584 0.463079 0.000165
0.019482 0.153692 0.228174 0.129729 0.004591 0.464167 0.000164
0.019424 0.153225 0.227822 0.129449 0.004529 0.465387 0.000165
0.019486 0.153343 0.227936 0.129564 0.004569 0.464928 0.000175
0.019548 0.153074 0.227845 0.129356 0.004543 0.465461 0.000173
0.019533 0.152363 0.227043 0.129423 0.004568 0.466892 0.000178
0.019515 0.151749 0.226710 0.129007 0.004619 0.468228 0.000173
0.019688 0.150769 0.226696 0.128722 0.004574 0.469373 0.000179
0.019581 0.150791 0.226927 0.128779 0.004592 0.469151 0.000178
0.019947 0.150657 0.226042 0.128263 0.004598 0.470307 0.000185
0.019604 0.150078 0.226049 0.128496 0.004539 0.471062 0.000172
0.019582 0.150102 0.225996 0.128295 0.004596 0.471244 0.000185
0.019632 0.149146 0.225301 0.127943 0.004653 0.473131 0.000192
0.020052 0.148673 0.225331 0.127607 0.004664 0.473504 0.000168
0.019817 0.148557 0.224839 0.127835 0.004600 0.474168 0.000184
0.019808 0.148281 0.224636 0.127608 0.004614 0.474864 0.000188
0.019799 0.147551 0.224475 0.127508 0.004619 0.475868 0.000180
0.020080 0.147334 0.223594 0.127267 0.004592 0.476960 0.000172
0.020137 0.147131 0.223475 0.126980 0.004654 0.477439 0.000184
0.020026 0.146571 0.223555 0.126981 0.004668 0.478018 0.000182
0.020090 0.146152 0.223143 0.126565 0.004628 0.479220 0.000201
0.019926 0.145938 0.223392 0.126726 0.004665 0.479171 0.000183
0.020367 0.145476 0.222246 0.126357 0.004673 0.480699 0.000184
0.020442 0.145112 0.222456 0.126086 0.004646 0.481072 0.000186
0.020374 0.144037 0.221897 0.125652 0.004706 0.483145 0.000188
0.020672 0.144631 0.221904 0.125934 0.004629 0.482052 0.000178
0.020397 0.144291 0.221822 0.125998 0.004693 0.482609 0.000190
0.020562 0.144251 0.221664 0.125629 0.004712 0.482990 0.000191
0.020447 0.143400 0.220913 0.125216 0.004672 0.485166 0.000188
0.020569 0.142922 0.220569 0.125334 0.004680 0.485733 0.000192
0.020547 0.142328 0.220584 0.124999 0.004750 0.486612 0.000180
0.020694 0.141920 0.220524 0.124604 0.004664 0.487390 0.000202
0.020558 0.141743 0.219891 0.124777 0.004719 0.488126 0.000187
