0.999102 0.000882 0.000012 0.000004 0.000000 0.000000 0.000000
0.998655 0.001315 0.000021 0.000004 0.000000 0.000004 0.000000
0.998200 0.001759 0.000026 0.000011 0.000000 0.000005 0.000000
0.997749 0.002199 0.000031 0.000014 0.000000 0.000006 0.000000
0.997250 0.002686 0.000039 0.000018 0.000000 0.000007 0.000000
0.996733 0.003198 0.000043 0.000019 0.000000 0.000007 0.000000
0.996099 0.003822 0.000047 0.000025 0.000000 0.000006 0.000000
0.995461 0.004448 0.000053 0.000032 0.000000 0.000006 0.000000
0.994778 0.005117 0.000065 0.000034 0.000000 0.000006 0.000000
0.993538 0.006346 0.000078 0.000033 0.000000 0.000006 0.000000
0.992461 0.007406 0.000087 0.000041 0.000000 0.000005 0.000000
0.990532 0.009296 0.000117 0.000051 0.000000 0.000005 0.000000
0.988879 0.010905 0.000149 0.000063 0.000000 0.000004 0.000000
0.986441 0.013325 0.000165 0.000065 0.000000 0.000004 0.000000
0.982713 0.016965 0.000224 0.000095 0.000000 0.000003 0.000000
0.980061 0.019573 0.000243 0.000119 0.000000 0.000004 0.000000
0.975352 0.024220 0.000292 0.000132 0.000000 0.000004 0.000000
0.970410 0.029057 0.000368 0.000161 0.000000 0.000004 0.000000
0.963942 0.035365 0.000452 0.000238 0.000000 0.000003 0.000000
0.958475 0.040722 0.000510 0.000291 0.000000 0.000003 0.000000
0.951799 0.047218 0.000628 0.000351 0.000000 0.000003 0.000000
0.943076 0.055711 0.000775 0.000430 0.000000 0.000007 0.000000
0.936125 0.062480 0.000887 0.000492 0.000000 0.000016 0.000000
0.925976 0.072374 0.001037 0.000589 0.000000 0.000025 0.000000
0.918446 0.079684 0.001160 0.000685 0.000000 0.000025 0.000000
0.906128 0.091716 0.001323 0.000809 0.000000 0.000024 0.000000
0.896310 0.101261 0.001436 0.000955 0.000000 0.000037 0.000000
0.884488 0.112711 0.001665 0.001101 0.000000 0.000036 0.000000
0.873935 0.122904 0.001896 0.001224 0.000000 0.000041 0.000000
0.861698 0.134778 0.002104 0.001372 0.000002 0.000046 0.000000
0.849529 0.146546 0.002357 0.001510 0.000004 0.000054 0.000000
0.834101 0.161514 0.002658 0.001656 0.000003 0.000068 0.000000
0.820838 0.174342 0.002959 0.001781 0.000004 0.000076 0.000000
0.807477 0.187220 0.003290 0.001927 0.000005 0.000081 0.000000
0.790352 0.203728 0.003675 0.002137 0.000004 0.000103 0.000000
0.778129 0.215470 0.003959 0.002320 0.000004 0.000118 0.000000
0.761836 0.231107 0.004352 0.002573 0.000004 0.000128 0.000000
0.746701 0.245531 0.004804 0.002828 0.000003 0.000132 0.000000
0.733313 0.258315 0.005207 0.003016 0.000003 0.000146 0.000000
0.717264 0.273647 0.005669 0.003253 0.000003 0.000164 0.000000
0.701750 0.288431 0.006153 0.003481 0.000002 0.000183 0.000000
0.686392 0.303038 0.006633 0.003738 0.000003 0.000196 0.000000
0.673876 0.314896 0.007062 0.003950 0.000004 0.000212 0.000000
0.656008 0.331763 0.007665 0.004313 0.000004 0.000247 0.000000
0.642276 0.344644 0.008169 0.004632 0.000004 0.000275 0.000000
0.629801 0.356371 0.008612 0.004924 0.000003 0.000289 0.000000
0.612201 0.372879 0.009277 0.005326 0.000003 0.000314 0.000000
0.600921 0.383334 0.009796 0.005607 0.000004 0.000340 0.000000
0.583317 0.399696 0.010577 0.006030 0.000006 0.000374 0.000000
0.570647 0.411354 0.011203 0.006369 0.000007 0.000421 0.000000
0.557748 0.423125 0.011885 0.006765 0.000008 0.000470 0.000000
0.546348 0.433630 0.012392 0.007121 0.000007 0.000501 0.000000
0.530729 0.447939 0.013197 0.007590 0.000009 0.000537 0.000000
0.519420 0.458104 0.013902 0.007979 0.000009 0.000586 0.000000
0.509188 0.467228 0.014587 0.008364 0.000009 0.000624 0.000000
0.493600 0.481252 0.015529 0.008927 0.000009 0.000682 0.000000
0.481644 0.491971 0.016253 0.009391 0.000010 0.000732 0.000000
0.469123 0.502955 0.017227 0.009895 0.000009 0.000791 0.000000
0.461533 0.509566 0.017832 0.010231 0.000009 0.000828 0.000000
0.451195 0.518497 0.018701 0.010693 0.000009 0.000904 0.000000
0.437188 0.530661 0.019778 0.011381 0.000011 0.000980 0.000000
0.430935 0.535923 0.020389 0.011724 0.000010 0.001020 0.000000
0.421770 0.543545 0.021296 0.012276 0.000010 0.001103 0.000000
0.412087 0.551598 0.022309 0.012825 0.000012 0.001170 0.000000
0.402912 0.559354 0.023176 0.013300 0.000013 0.001244 0.000000
0.394141 0.566627 0.024007 0.013904 0.000015 0.001305 0.000000
0.388894 0.570488 0.024911 0.014313 0.000018 0.001376 0.000000
0.379563 0.578162 0.025900 0.014888 0.000016 0.001471 0.000000
0.371607 0.584390 0.026985 0.015436 0.000018 0.001564 0.000000
0.360517 0.593541 0.028215 0.016055 0.000020 0.001651 0.000000
0.355541 0.597141 0.029008 0.016533 0.000020 0.001757 0.000000
0.346112 0.604622 0.030163 0.017208 0.000020 0.001876 0.000000
0.337541 0.611355 0.031198 0.017900 0.000023 0.001983 0.000000
0.330099 0.617136 0.032214 0.018437 0.000024 0.002090 0.000000
0.323428 0.621783 0.033390 0.019135 0.000025 0.002239 0.000000
0.314554 0.628714 0.034569 0.019788 0.000027 0.002348 0.000000
0.308764 0.632932 0.035482 0.020324 0.000029 0.002469 0.000000
0.300854 0.638583 0.036883 0.021051 0.000030 0.002599 0.000000
0.297677 0.639888 0.038023 0.021646 0.000032 0.002734 0.000000
0.290849 0.645141 0.038944 0.022182 0.000033 0.002851 0.000000
0.277644 0.654873 0.041054 0.023283 0.000037 0.003110 0.000000
0.269405 0.660562 0.042534 0.024136 0.000036 0.003326 0.000000
0.264371 0.663817 0.043579 0.024707 0.000040 0.003486 0.000000
0.259822 0.666278 0.044797 0.025411 0.000042 0.003651 0.000000
0.254775 0.669796 0.045676 0.025926 0.000043 0.003784 0.000000
0.247082 0.674696 0.047347 0.026833 0.000043 0.003999 0.000000
0.240610 0.678961 0.048645 0.027541 0.000046 0.004197 0.000000
0.235556 0.681392 0.050157 0.028415 0.000050 0.004431 0.000000
0.230316 0.684561 0.051407 0.029056 0.000051 0.004609 0.000000
0.223426 0.688586 0.053012 0.030076 0.000049 0.004851 0.000000
0.217844 0.691817 0.054408 0.030836 0.000056 0.005039 0.000000
0.214725 0.692922 0.055538 0.031477 0.000058 0.005279 0.000000
0.205354 0.698601 0.057634 0.032717 0.000057 0.005637 0.000000
0.197191 0.703162 0.059734 0.033889 0.000064 0.005960 0.000000
0.197265 0.701478 0.060603 0.034402 0.000062 0.006189 0.000000
0.193735 0.703482 0.061523 0.034851 0.000061 0.006348 0.000000
0.185724 0.707930 0.063644 0.035969 0.000067 0.006666 0.000000
0.185157 0.706501 0.064680 0.036712 0.000069 0.006881 0.000000
0.178752 0.709126 0.066880 0.037904 0.000075 0.007262 0.000001
0.176361 0.709190 0.068151 0.038666 0.000081 0.007551 0.000001
0.178703 0.705037 0.069113 0.039193 0.000082 0.007872 0.000001
0.167845 0.712062 0.071228 0.040559 0.000086 0.008218 0.000001
0.168738 0.709530 0.072170 0.041027 0.000092 0.008442 0.000001
0.165370 0.709979 0.073805 0.042009 0.000088 0.008749 0.000000
0.161027 0.711109 0.075469 0.043051 0.000101 0.009243 0.000001
0.162505 0.708492 0.076241 0.043231 0.000103 0.009429 0.000000
0.158654 0.708751 0.078103 0.044494 0.000109 0.009890 0.000000
0.153752 0.710834 0.079782 0.045298 0.000112 0.010222 0.000001
0.151351 0.711119 0.080864 0.045935 0.000119 0.010612 0.000000
0.147817 0.711876 0.082442 0.046813 0.000123 0.010928 0.000000
0.145599 0.711576 0.083773 0.047693 0.000122 0.011236 0.000001
0.144181 0.710393 0.085135 0.048570 0.000123 0.011599 0.000001
0.142160 0.709457 0.086775 0.049478 0.000133 0.011996 0.000001
0.140371 0.708362 0.088342 0.050296 0.000140 0.012488 0.000001
0.136838 0.708502 0.090262 0.051278 0.000152 0.012967 0.000001
0.140972 0.703223 0.090741 0.051633 0.000156 0.013274 0.000001
0.135909 0.705812 0.092198 0.052387 0.000165 0.013528 0.000000
0.138599 0.701790 0.092729 0.052826 0.000170 0.013886 0.000001
0.129282 0.705644 0.095850 0.054566 0.000176 0.014481 0.000001
0.123468 0.708945 0.097153 0.055389 0.000168 0.014877 0.000001
0.126967 0.703634 0.098172 0.055772 0.000174 0.015280 0.000001
0.124905 0.704985 0.098517 0.056001 0.000175 0.015416 0.000001
0.115260 0.706946 0.102725 0.058372 0.000198 0.016498 0.000001
0.121418 0.703080 0.101329 0.057637 0.000190 0.016345 0.000000
0.116199 0.704386 0.103504 0.058848 0.000192 0.016871 0.000001
0.112162 0.703817 0.106003 0.060133 0.000207 0.017677 0.000001
0.105347 0.707709 0.107497 0.061107 0.000209 0.018130 0.000001
0.106890 0.703469 0.108858 0.061920 0.000214 0.018649 0.000001
0.100593 0.706296 0.110810 0.062794 0.000216 0.019290 0.000001
0.093833 0.706982 0.114052 0.064731 0.000234 0.020167 0.000001
0.094238 0.705413 0.114673 0.064987 0.000235 0.020454 0.000001
0.093436 0.704934 0.115295 0.065466 0.000240 0.020628 0.000000
0.089547 0.703917 0.117831 0.066880 0.000240 0.021584 0.000001
0.095567 0.697198 0.118037 0.067058 0.000253 0.021886 0.000001
0.089862 0.699435 0.119772 0.068184 0.000252 0.022493 0.000001
0.090659 0.695172 0.121512 0.069234 0.000261 0.023161 0.000001
0.088707 0.695748 0.122301 0.069376 0.000271 0.023596 0.000001
0.087741 0.693920 0.123681 0.070264 0.000269 0.024124 0.000000
0.083417 0.693817 0.125880 0.071677 0.000280 0.024929 0.000001
0.088095 0.689018 0.125915 0.071640 0.000288 0.025044 0.000001
0.086184 0.687090 0.127868 0.072745 0.000310 0.025803 0.000001
0.083917 0.686357 0.129483 0.073529 0.000304 0.026408 0.000001
0.088663 0.681927 0.129056 0.073509 0.000304 0.026541 0.000001
0.088090 0.679545 0.130522 0.074393 0.000311 0.027139 0.000000
0.080723 0.680390 0.134029 0.076155 0.000320 0.028383 0.000001
0.081993 0.678141 0.134242 0.076570 0.000327 0.028726 0.000000
0.083031 0.676615 0.134493 0.076599 0.000336 0.028926 0.000001
0.081355 0.674673 0.136232 0.077644 0.000345 0.029751 0.000001
0.086578 0.669437 0.135961 0.077614 0.000334 0.030075 0.000001
0.084203 0.668389 0.137835 0.078481 0.000347 0.030745 0.000001
0.086602 0.665092 0.137948 0.078864 0.000353 0.031140 0.000001
0.087064 0.662654 0.138790 0.079334 0.000353 0.031804 0.000001
0.083020 0.662270 0.141265 0.080470 0.000375 0.032601 0.000000
0.080361 0.660895 0.143228 0.081697 0.000376 0.033444 0.000001
0.088274 0.656565 0.141205 0.080564 0.000365 0.033026 0.000001
0.078885 0.658393 0.144923 0.082829 0.000392 0.034576 0.000000
0.073907 0.658886 0.147349 0.083911 0.000400 0.035547 0.000001
0.073772 0.656962 0.148159 0.084659 0.000401 0.036048 0.000001
0.071528 0.657274 0.149243 0.084992 0.000415 0.036547 0.000001
0.068706 0.656395 0.150887 0.086014 0.000432 0.037565 0.000001
0.068844 0.655739 0.151149 0.086084 0.000420 0.037761 0.000002
0.062006 0.656755 0.153880 0.087819 0.000433 0.039105 0.000001
0.064008 0.654721 0.153819 0.087662 0.000442 0.039345 0.000002
0.059798 0.655801 0.155327 0.088569 0.000455 0.040048 0.000002
0.056123 0.655075 0.157478 0.089719 0.000468 0.041133 0.000003
0.050980 0.655843 0.159899 0.090959 0.000474 0.041843 0.000003
0.049963 0.654536 0.160842 0.091634 0.000486 0.042536 0.000003
0.046777 0.653128 0.163240 0.092783 0.000493 0.043576 0.000003
0.043763 0.651714 0.165195 0.094173 0.000515 0.044639 0.000002
0.043492 0.651846 0.165114 0.094161 0.000515 0.044870 0.000003
0.039497 0.649300 0.168335 0.095793 0.000531 0.046540 0.000003
0.039259 0.647727 0.168852 0.096494 0.000541 0.047126 0.000002
0.035304 0.644999 0.172222 0.098401 0.000562 0.048509 0.000003
0.035624 0.645491 0.171804 0.097845 0.000562 0.048671 0.000003
0.033463 0.641557 0.174809 0.099354 0.000581 0.050235 0.000002
0.031321 0.640400 0.176188 0.100497 0.000585 0.051007 0.000002
0.030971 0.638894 0.176858 0.101027 0.000584 0.051664 0.000002
0.029018 0.636554 0.179076 0.102019 0.000610 0.052719 0.000004
0.028056 0.634915 0.180236 0.102584 0.000610 0.053596 0.000003
0.028670 0.632977 0.180716 0.102847 0.000618 0.054169 0.000003
0.026746 0.630795 0.182535 0.104023 0.000626 0.055271 0.000005
0.026919 0.629916 0.182970 0.103944 0.000635 0.055612 0.000004
0.025905 0.626420 0.184945 0.105296 0.000647 0.056782 0.000006
0.025293 0.624176 0.186040 0.105953 0.000653 0.057880 0.000004
0.024669 0.622355 0.187294 0.106414 0.000676 0.058586 0.000006
0.024101 0.620245 0.188136 0.107301 0.000678 0.059534 0.000006
0.023770 0.618240 0.189184 0.107691 0.000702 0.060408 0.000005
0.022563 0.615380 0.191242 0.108774 0.000688 0.061347 0.000006
0.022070 0.612621 0.192509 0.109635 0.000721 0.062439 0.000005
0.022571 0.612056 0.192268 0.109453 0.000730 0.062917 0.000006
0.021968 0.610131 0.193464 0.110239 0.000724 0.063469 0.000005
0.021122 0.607290 0.194932 0.111211 0.000727 0.064712 0.000005
0.021337 0.606088 0.195338 0.111338 0.000744 0.065150 0.000006
0.020838 0.603894 0.196417 0.111831 0.000779 0.066235 0.000005
0.019955 0.601107 0.197930 0.112951 0.000778 0.067273 0.000005
0.020286 0.599585 0.198476 0.112991 0.000794 0.067864 0.000005
0.019400 0.596569 0.200277 0.114006 0.000792 0.068950 0.000007
0.018655 0.592710 0.201999 0.115249 0.000809 0.070572 0.000006
0.019021 0.590950 0.202653 0.115363 0.000811 0.071195 0.000007
0.018785 0.590960 0.202712 0.115312 0.000839 0.071385 0.000006
0.018176 0.587051 0.204574 0.116420 0.000851 0.072921 0.000008
0.017989 0.585688 0.205249 0.116600 0.000854 0.073616 0.000005
0.017660 0.583088 0.206378 0.117155 0.000872 0.074838 0.000009
0.017544 0.580929 0.207389 0.117731 0.000870 0.075530 0.000008
0.017298 0.578932 0.208099 0.118293 0.000890 0.076481 0.000007
0.017200 0.577493 0.208769 0.118588 0.000883 0.077058 0.000008
0.016847 0.574548 0.210042 0.119248 0.000905 0.078403 0.000007
0.016772 0.572720 0.210672 0.119770 0.000912 0.079148 0.000007
0.016362 0.568926 0.212438 0.120578 0.000943 0.080745 0.000007
0.016452 0.568991 0.212292 0.120458 0.000943 0.080855 0.000008
0.015941 0.564434 0.214274 0.121894 0.000939 0.082511 0.000008
0.016148 0.565357 0.213589 0.121555 0.000958 0.082388 0.000006
0.015717 0.560933 0.215667 0.122508 0.000946 0.084219 0.000009
0.015768 0.560001 0.215981 0.122523 0.000972 0.084746 0.000010
0.015434 0.557771 0.216906 0.123104 0.000991 0.085785 0.000008
0.015558 0.556426 0.217212 0.123452 0.000958 0.086386 0.000008
0.015160 0.553587 0.218589 0.124154 0.000986 0.087515 0.000009
0.015149 0.552172 0.218937 0.124342 0.000989 0.088403 0.000009
0.014942 0.550036 0.219602 0.125001 0.001015 0.089393 0.000011
0.014948 0.548554 0.219977 0.125271 0.001021 0.090222 0.000006
0.014540 0.544759 0.221749 0.126056 0.001027 0.091860 0.000008
0.014863 0.543785 0.221955 0.126164 0.001044 0.092179 0.000009
0.024255 0.536042 0.220565 0.125572 0.001050 0.092508 0.000009
0.025205 0.533960 0.220736 0.125702 0.001052 0.093338 0.000008
0.025954 0.532608 0.221327 0.125660 0.001074 0.093371 0.000007
0.024477 0.532163 0.221635 0.126178 0.001060 0.094480 0.000008
0.027407 0.528504 0.221777 0.125986 0.001082 0.095236 0.000009
0.026219 0.527321 0.222791 0.126455 0.001084 0.096120 0.000010
0.028707 0.525647 0.221926 0.126292 0.001091 0.096330 0.000007
0.023772 0.524338 0.224718 0.127407 0.001134 0.098623 0.000008
0.023100 0.523798 0.224671 0.128066 0.001131 0.099223 0.000011
0.026352 0.520761 0.224180 0.127934 0.001136 0.099628 0.000009
0.026326 0.518390 0.225125 0.128099 0.001149 0.100902 0.000009
0.024982 0.518064 0.225604 0.128302 0.001146 0.101892 0.000010
0.024714 0.517179 0.226111 0.128694 0.001164 0.102129 0.000010
0.023742 0.515474 0.226702 0.129162 0.001161 0.103751 0.000009
0.022735 0.514207 0.227821 0.129619 0.001171 0.104438 0.000008
0.020269 0.512428 0.229409 0.130747 0.001195 0.105943 0.000008
0.020362 0.511788 0.229471 0.130673 0.001224 0.106474 0.000009
0.020283 0.509886 0.230159 0.130923 0.001218 0.107523 0.000008
0.019266 0.509071 0.230802 0.131202 0.001207 0.108442 0.000009
0.018538 0.507239 0.231667 0.131437 0.001253 0.109859 0.000008
0.017825 0.505475 0.232151 0.132235 0.001266 0.111040 0.000008
0.016341 0.503128 0.233982 0.133013 0.001282 0.112245 0.000009
0.016659 0.501987 0.233939 0.132986 0.001299 0.113119 0.000010
0.015876 0.499180 0.235306 0.133633 0.001303 0.114695 0.000008
0.016136 0.498679 0.235253 0.133544 0.001356 0.115020 0.000011
0.014841 0.495511 0.236843 0.134741 0.001306 0.116749 0.000009
0.015495 0.494724 0.236702 0.134517 0.001319 0.117235 0.000008
0.014258 0.491247 0.238347 0.135538 0.001368 0.119233 0.000010
0.014651 0.490769 0.237855 0.135446 0.001379 0.119888 0.000011
0.014328 0.489866 0.238435 0.135749 0.001374 0.120241 0.000008
0.013200 0.485022 0.240692 0.137023 0.001381 0.122674 0.000008
0.013449 0.484252 0.240629 0.136699 0.001407 0.123554 0.000010
0.013414 0.484271 0.240526 0.136619 0.001407 0.123754 0.000009
0.013008 0.483717 0.240987 0.136738 0.001402 0.124137 0.000011
0.013447 0.480652 0.241452 0.136975 0.001454 0.126010 0.000010
0.013138 0.479365 0.241999 0.137560 0.001421 0.126505 0.000012
0.012678 0.476615 0.242992 0.137981 0.001444 0.128282 0.000008
0.012478 0.474617 0.243458 0.138515 0.001462 0.129456 0.000012
0.012638 0.473956 0.243608 0.138348 0.001512 0.129928 0.000010
0.012085 0.470538 0.245017 0.138816 0.001503 0.132030 0.000011
0.012121 0.469194 0.245186 0.139180 0.001503 0.132805 0.000011
0.012050 0.468544 0.245485 0.139305 0.001517 0.133088 0.000011
0.011694 0.465104 0.247000 0.139849 0.001530 0.134811 0.000013
0.018097 0.462276 0.244764 0.139053 0.001513 0.134284 0.000014
0.023683 0.457818 0.243914 0.138332 0.001532 0.134711 0.000010
0.023633 0.456072 0.244624 0.138546 0.001559 0.135553 0.000014
0.020039 0.455987 0.245446 0.139293 0.001554 0.137669 0.000012
0.025621 0.452183 0.244346 0.138831 0.001560 0.137448 0.000011
0.022487 0.451304 0.245668 0.139648 0.001608 0.139273 0.000012
0.021411 0.448614 0.247079 0.140090 0.001587 0.141204 0.000013
0.026930 0.448419 0.244543 0.138780 0.001618 0.139700 0.000011
0.025094 0.446941 0.245570 0.139370 0.001600 0.141413 0.000012
0.024037 0.445729 0.246292 0.139768 0.001596 0.142565 0.000013
0.023662 0.445055 0.246147 0.139889 0.001606 0.143627 0.000013
0.023014 0.444141 0.246753 0.140229 0.001661 0.144188 0.000014
0.021956 0.443416 0.247009 0.140546 0.001662 0.145397 0.000014
0.022412 0.443184 0.246995 0.140139 0.001665 0.145595 0.000009
0.018957 0.440584 0.249123 0.141536 0.001666 0.148123 0.000011
0.018964 0.440213 0.248948 0.141554 0.001704 0.148603 0.000014
0.018823 0.438712 0.249261 0.141673 0.001717 0.149802 0.000012
0.017499 0.437282 0.250259 0.142097 0.001753 0.151095 0.000015
0.015002 0.434400 0.252246 0.143029 0.001772 0.153537 0.000015
0.016515 0.436082 0.251164 0.142186 0.001728 0.152311 0.000014
0.016100 0.432011 0.251980 0.142697 0.001752 0.155445 0.000014
0.015647 0.430857 0.252398 0.143369 0.001775 0.155939 0.000014
0.015298 0.431935 0.252110 0.143274 0.001754 0.155614 0.000015
0.014477 0.429401 0.253328 0.143669 0.001774 0.157337 0.000014
0.014067 0.427513 0.253447 0.144129 0.001800 0.159029 0.000015
0.013153 0.425193 0.254532 0.144942 0.001816 0.160352 0.000013
0.013984 0.425174 0.254280 0.144103 0.001803 0.160643 0.000014
0.013151 0.421713 0.255236 0.144876 0.001829 0.163181 0.000014
0.012659 0.420952 0.255906 0.145089 0.001850 0.163530 0.000016
0.012039 0.417750 0.256898 0.145636 0.001850 0.165812 0.000015
0.012345 0.418370 0.256268 0.145458 0.001854 0.165691 0.000014
0.011919 0.416804 0.257229 0.145518 0.001859 0.166655 0.000015
0.012006 0.415881 0.256951 0.145811 0.001884 0.167450 0.000017
0.011956 0.413003 0.257566 0.146247 0.001925 0.169287 0.000016
0.011741 0.413440 0.257730 0.145751 0.001925 0.169397 0.000016
0.011792 0.411154 0.257898 0.146414 0.001918 0.170808 0.000017
0.011776 0.409753 0.258489 0.146419 0.001931 0.171613 0.000018
0.011265 0.409004 0.258664 0.146747 0.001932 0.172372 0.000017
0.010447 0.403845 0.260488 0.147611 0.001991 0.175602 0.000016
0.010764 0.404839 0.260065 0.147477 0.001976 0.174862 0.000017
0.010997 0.402800 0.259879 0.147334 0.001993 0.176978 0.000018
0.010902 0.401865 0.260338 0.147404 0.002006 0.177466 0.000018
0.010684 0.399976 0.260646 0.147710 0.002025 0.178942 0.000016
0.010716 0.397156 0.261663 0.148136 0.002067 0.180246 0.000017
0.010744 0.396341 0.261416 0.148039 0.002025 0.181422 0.000014
0.010459 0.395381 0.261759 0.148409 0.002051 0.181924 0.000018
0.010324 0.392325 0.262405 0.148913 0.002093 0.183924 0.000016
0.010702 0.393929 0.261524 0.148048 0.002077 0.183704 0.000017
0.010311 0.390071 0.263020 0.149165 0.002100 0.185316 0.000017
0.010418 0.388177 0.262992 0.148881 0.002121 0.187392 0.000019
0.010446 0.389659 0.262266 0.148718 0.002120 0.186774 0.000017
0.010324 0.386438 0.263221 0.149048 0.002101 0.188852 0.000016
0.010205 0.386137 0.263382 0.149248 0.002131 0.188880 0.000018
0.010260 0.383686 0.263755 0.149373 0.002132 0.190774 0.000020
0.010187 0.381613 0.263993 0.149796 0.002162 0.192233 0.000017
0.010063 0.380489 0.263992 0.150009 0.002161 0.193268 0.000018
0.010127 0.378681 0.264445 0.149889 0.002143 0.194695 0.000019
0.010247 0.379388 0.263987 0.149779 0.002186 0.194395 0.000018
0.010200 0.377657 0.264237 0.149867 0.002173 0.195844 0.000022
0.010042 0.374716 0.264801 0.150289 0.002178 0.197956 0.000018
0.010320 0.375777 0.263767 0.150137 0.002195 0.197782 0.000022
0.010043 0.372328 0.265208 0.150396 0.002219 0.199781 0.000024
0.010063 0.371900 0.265230 0.150409 0.002217 0.200161 0.000021
0.010055 0.370522 0.265532 0.150359 0.002234 0.201277 0.000021
0.009932 0.368291 0.265841 0.150642 0.002252 0.203018 0.000025
0.010215 0.369109 0.264959 0.150498 0.002219 0.202975 0.000024
0.010020 0.365933 0.265697 0.151075 0.002268 0.204983 0.000024
0.009931 0.363971 0.266485 0.151133 0.002296 0.206162 0.000023
0.010014 0.363193 0.266225 0.151281 0.002270 0.206990 0.000027
0.010059 0.361231 0.266398 0.151494 0.002316 0.208475 0.000027
0.009955 0.359549 0.266947 0.151240 0.002331 0.209957 0.000022
0.009933 0.358031 0.267457 0.151125 0.002340 0.211089 0.000025
0.009984 0.357930 0.266772 0.151403 0.002363 0.211521 0.000026
0.009911 0.356721 0.266916 0.151594 0.002345 0.212489 0.000025
0.009898 0.353858 0.267597 0.151724 0.002397 0.214503 0.000024
0.010044 0.354892 0.266972 0.151258 0.002333 0.214479 0.000022
0.009933 0.352401 0.267240 0.151652 0.002406 0.216338 0.000030
0.009852 0.351337 0.267523 0.151645 0.002368 0.217249 0.000025
0.009871 0.350125 0.267530 0.151937 0.002405 0.218107 0.000025
0.009952 0.349467 0.267583 0.151611 0.002431 0.218931 0.000025
0.009971 0.347337 0.267927 0.151817 0.002391 0.220532 0.000026
0.009869 0.346059 0.268055 0.151914 0.002381 0.221692 0.000031
0.009937 0.345213 0.267841 0.151908 0.002460 0.222612 0.000029
0.009936 0.343531 0.268262 0.152022 0.002426 0.223799 0.000024
0.009969 0.343450 0.267800 0.152080 0.002442 0.224237 0.000023
0.010008 0.341900 0.268217 0.151769 0.002507 0.225575 0.000026
0.009964 0.339819 0.268335 0.152402 0.002484 0.226961 0.000035
0.009879 0.339092 0.268353 0.152368 0.002503 0.227774 0.000032
0.009943 0.337592 0.268402 0.152312 0.002525 0.229195 0.000031
0.010017 0.335489 0.268831 0.152495 0.002533 0.230606 0.000028
0.009924 0.335978 0.268588 0.152364 0.002511 0.230608 0.000028
0.009999 0.334575 0.268540 0.152256 0.002557 0.232039 0.000035
0.009947 0.333033 0.269113 0.152427 0.002543 0.232904 0.000034
0.009887 0.332188 0.268833 0.152592 0.002566 0.233902 0.000032
0.009990 0.331493 0.268879 0.152530 0.002597 0.234480 0.000031
0.010071 0.329779 0.268936 0.152436 0.002553 0.236189 0.000036
0.009971 0.328016 0.269380 0.152537 0.002601 0.237463 0.000032
0.009963 0.326841 0.269217 0.152678 0.002607 0.238660 0.000034
0.009999 0.326161 0.269088 0.152608 0.002642 0.239470 0.000032
0.009977 0.324004 0.269379 0.152890 0.002697 0.241021 0.000032
0.010018 0.323169 0.269122 0.153126 0.002653 0.241878 0.000035
0.010017 0.323754 0.269185 0.152653 0.002695 0.241664 0.000032
0.010112 0.320642 0.269448 0.152904 0.002683 0.244172 0.000038
0.009997 0.320099 0.269370 0.153190 0.002705 0.244602 0.000036
0.009936 0.317790 0.269673 0.153279 0.002670 0.246612 0.000041
0.009963 0.316316 0.270105 0.152909 0.002730 0.247937 0.000040
0.010086 0.317701 0.269361 0.152847 0.002699 0.247269 0.000037
0.010010 0.316028 0.269612 0.153066 0.002703 0.248538 0.000043
0.009977 0.314854 0.269812 0.152987 0.002700 0.249634 0.000036
0.009990 0.313330 0.269630 0.152824 0.002734 0.251448 0.000045
0.010009 0.314201 0.268855 0.153054 0.002704 0.251142 0.000035
0.010068 0.311799 0.269434 0.153133 0.002744 0.252786 0.000035
0.010074 0.310150 0.269631 0.153350 0.002748 0.254004 0.000042
0.010027 0.308000 0.269524 0.153097 0.002758 0.256551 0.000042
0.010091 0.307541 0.269919 0.152931 0.002777 0.256699 0.000042
0.010011 0.306858 0.269872 0.153086 0.002803 0.257333 0.000038
0.010135 0.306631 0.269861 0.152930 0.002770 0.257631 0.000044
0.010160 0.303862 0.269772 0.153042 0.002782 0.260342 0.000040
0.010055 0.303259 0.269954 0.153189 0.002797 0.260705 0.000040
0.010135 0.302859 0.269487 0.152977 0.002809 0.261689 0.000045
0.010095 0.301397 0.269529 0.152811 0.002818 0.263301 0.000049
0.010215 0.299484 0.269222 0.153131 0.002843 0.265060 0.000046
0.010090 0.299503 0.269383 0.152823 0.002835 0.265323 0.000042
0.010182 0.298998 0.269001 0.152890 0.002838 0.266046 0.000046
0.010198 0.297589 0.269201 0.152911 0.002865 0.267195 0.000041
0.010138 0.297129 0.269267 0.152794 0.002834 0.267796 0.000042
0.010291 0.296301 0.268974 0.152813 0.002852 0.268726 0.000043
0.010139 0.294197 0.269596 0.152741 0.002885 0.270396 0.000047
0.010310 0.293642 0.269029 0.152812 0.002890 0.271270 0.000047
0.010316 0.293467 0.268399 0.152737 0.002855 0.272175 0.000050
0.010210 0.291315 0.269072 0.152801 0.002929 0.273630 0.000043
0.010313 0.289491 0.269046 0.152894 0.002930 0.275279 0.000047
0.010315 0.289160 0.269147 0.152778 0.002917 0.275634 0.000049
0.010359 0.287787 0.268927 0.152821 0.002947 0.277114 0.000045
0.010292 0.287501 0.268543 0.152885 0.002979 0.277753 0.000047
0.010382 0.286646 0.268822 0.152824 0.002919 0.278363 0.000044
0.010397 0.284970 0.268702 0.152451 0.002978 0.280454 0.000048
0.010508 0.283299 0.268591 0.152789 0.002969 0.281794 0.000050
0.010443 0.282870 0.268569 0.152695 0.003021 0.282351 0.000051
0.010522 0.282169 0.268643 0.152428 0.003000 0.283191 0.000047
0.010460 0.282091 0.268547 0.152609 0.002953 0.283295 0.000045
0.010551 0.280941 0.268233 0.152489 0.003008 0.284730 0.000048
0.010602 0.277590 0.268344 0.152954 0.003031 0.287435 0.000044
0.010532 0.278641 0.268008 0.152529 0.003028 0.287213 0.000049
0.010668 0.277526 0.268459 0.152264 0.003033 0.288004 0.000045
0.010631 0.276897 0.267817 0.152344 0.003058 0.289203 0.000050
0.010550 0.275614 0.268103 0.152419 0.003059 0.290209 0.000048
0.010562 0.273883 0.268591 0.152212 0.003098 0.291608 0.000045
0.010636 0.273162 0.267869 0.152101 0.003094 0.293088 0.000050
0.010514 0.272913 0.267822 0.152295 0.003091 0.293315 0.000049
0.010565 0.271753 0.268015 0.151888 0.003127 0.294599 0.000052
0.010709 0.270483 0.267257 0.152109 0.003121 0.296272 0.000049
0.010533 0.270063 0.267617 0.152175 0.003126 0.296437 0.000049
0.010592 0.268443 0.267586 0.151869 0.003103 0.298354 0.000053
0.010753 0.268153 0.267546 0.151897 0.003151 0.298444 0.000056
0.010689 0.266999 0.267987 0.151783 0.003135 0.299346 0.000062
0.010746 0.265400 0.267162 0.151767 0.003120 0.301748 0.000057
0.010750 0.264567 0.267322 0.151567 0.003147 0.302589 0.000060
0.010757 0.263562 0.266916 0.151840 0.003157 0.303710 0.000059
0.010769 0.264465 0.266949 0.151715 0.003165 0.302883 0.000054
0.010680 0.262287 0.267185 0.151581 0.003206 0.305005 0.000056
0.010813 0.262221 0.266603 0.151507 0.003211 0.305587 0.000057
0.010753 0.261021 0.266524 0.151097 0.003203 0.307347 0.000056
0.010768 0.259552 0.266663 0.151435 0.003272 0.308246 0.000063
0.010908 0.260099 0.266216 0.151692 0.003220 0.307808 0.000056
0.010848 0.258235 0.266378 0.151309 0.003225 0.309940 0.000065
0.010890 0.256464 0.266200 0.151186 0.003290 0.311905 0.000065
0.010863 0.256358 0.265905 0.150948 0.003223 0.312636 0.000067
0.010915 0.256011 0.265594 0.150917 0.003251 0.313243 0.000069
0.010816 0.254495 0.265592 0.151069 0.003256 0.314704 0.000067
0.010891 0.253776 0.265133 0.150978 0.003296 0.315859 0.000066
0.010897 0.253259 0.265254 0.150912 0.003316 0.316294 0.000069
0.010914 0.252484 0.265181 0.150654 0.003312 0.317389 0.000067
0.011046 0.251693 0.265171 0.150840 0.003319 0.317866 0.000065
0.011008 0.250980 0.264656 0.150615 0.003347 0.319321 0.000073
0.011077 0.249926 0.265016 0.150546 0.003358 0.320006 0.000071
0.010936 0.248489 0.264799 0.150337 0.003368 0.322000 0.000072
0.011055 0.248064 0.264457 0.150127 0.003349 0.322876 0.000072
0.011049 0.247307 0.264161 0.150139 0.003367 0.323904 0.000073
0.011036 0.246766 0.264247 0.150271 0.003435 0.324168 0.000076
0.011032 0.244946 0.263950 0.150198 0.003418 0.326378 0.000077
0.011131 0.244445 0.263724 0.149872 0.003411 0.327337 0.000080
0.011139 0.243955 0.263705 0.149943 0.003433 0.327750 0.000074
0.011209 0.242040 0.263409 0.149974 0.003428 0.329867 0.000075
0.011177 0.242341 0.263458 0.149747 0.003445 0.329753 0.000079
0.011146 0.241897 0.263747 0.149770 0.003420 0.329941 0.000079
0.011208 0.241392 0.263363 0.149533 0.003393 0.331039 0.000072
0.011337 0.240940 0.263057 0.149239 0.003471 0.331875 0.000080
0.011351 0.239088 0.262845 0.149502 0.003461 0.333678 0.000075
0.011340 0.237735 0.262541 0.149245 0.003464 0.335598 0.000076
0.011331 0.237053 0.262619 0.149138 0.003464 0.336315 0.000080
0.011278 0.237337 0.262454 0.149082 0.003438 0.336331 0.000079
0.011371 0.236251 0.262302 0.149096 0.003467 0.337427 0.000086
0.011341 0.235669 0.262156 0.148910 0.003478 0.338364 0.000082
0.011434 0.234754 0.261845 0.148665 0.003493 0.339723 0.000086
0.011444 0.234802 0.261807 0.148684 0.003477 0.339700 0.000086
0.011560 0.233814 0.261557 0.148727 0.003479 0.340780 0.000083
0.011548 0.232405 0.261184 0.148546 0.003517 0.342711 0.000089
0.011569 0.230852 0.261021 0.148297 0.003566 0.344603 0.000092
0.011595 0.230701 0.261080 0.148276 0.003520 0.344738 0.000089
0.011609 0.231032 0.260986 0.148399 0.003488 0.344392 0.000093
0.011570 0.229979 0.260628 0.147820 0.003550 0.346369 0.000084
0.011542 0.228944 0.260766 0.147626 0.003506 0.347532 0.000085
0.011726 0.228253 0.260193 0.147879 0.003581 0.348279 0.000090
0.011702 0.227216 0.260101 0.147730 0.003572 0.349595 0.000083
0.011762 0.226984 0.260044 0.147436 0.003595 0.350101 0.000078
0.011751 0.225212 0.260015 0.147422 0.003599 0.351914 0.000087
0.011762 0.224189 0.259243 0.147129 0.003654 0.353934 0.000089
0.011846 0.223701 0.259510 0.147130 0.003615 0.354108 0.000089
0.011913 0.223214 0.259472 0.147331 0.003606 0.354374 0.000091
0.011879 0.222758 0.259043 0.147135 0.003658 0.355433 0.000094
0.011901 0.222699 0.258708 0.147125 0.003679 0.355786 0.000102
0.011936 0.221587 0.258863 0.146958 0.003667 0.356895 0.000094
0.012066 0.220319 0.258509 0.146897 0.003649 0.358465 0.000094
0.012038 0.220232 0.258505 0.147050 0.003628 0.358446 0.000100
0.012128 0.219485 0.257965 0.146562 0.003657 0.360102 0.000100
0.012157 0.218094 0.257379 0.146532 0.003676 0.362060 0.000101
0.011971 0.219019 0.257757 0.146714 0.003701 0.360729 0.000109
0.012068 0.217236 0.257837 0.146398 0.003656 0.362699 0.000107
0.012189 0.216421 0.257590 0.146296 0.003680 0.363717 0.000108
0.012176 0.215567 0.257241 0.145937 0.003708 0.365270 0.000101
0.012271 0.214860 0.256762 0.145711 0.003727 0.366571 0.000098
0.012223 0.214295 0.256982 0.145870 0.003720 0.366807 0.000104
0.012195 0.213129 0.256451 0.145689 0.003753 0.368681 0.000102
0.012335 0.212369 0.256540 0.145565 0.003756 0.369328 0.000107
0.012237 0.212180 0.256389 0.145380 0.003728 0.369982 0.000105
0.012370 0.211247 0.255779 0.145295 0.003780 0.371423 0.000107
0.012242 0.210769 0.256066 0.145037 0.003758 0.372022 0.000106
0.012346 0.209910 0.255507 0.145214 0.003755 0.373155 0.000114
0.012285 0.210721 0.255627 0.144919 0.003788 0.372552 0.000109
0.012461 0.208823 0.256042 0.144760 0.003784 0.374020 0.000109
0.012447 0.207478 0.254863 0.145024 0.003808 0.376268 0.000112
0.012586 0.207217 0.254907 0.144411 0.003807 0.376967 0.000105
0.012465 0.207411 0.254842 0.144451 0.003781 0.376936 0.000114
0.012442 0.205921 0.254452 0.144611 0.003808 0.378654 0.000112
0.012509 0.205625 0.254219 0.144071 0.003860 0.379606 0.000110
0.012537 0.204706 0.254054 0.144063 0.003883 0.380652 0.000103
0.012566 0.204653 0.253618 0.143896 0.003858 0.381305 0.000102
0.012685 0.204001 0.253233 0.143941 0.003857 0.382171 0.000112
0.012604 0.202561 0.253139 0.143769 0.003835 0.383986 0.000106
0.012670 0.202419 0.252811 0.143421 0.003894 0.384674 0.000111
0.012793 0.201975 0.252785 0.143435 0.003890 0.385011 0.000111
0.012706 0.200617 0.252455 0.143595 0.003948 0.386574 0.000106
0.012674 0.201095 0.252545 0.143209 0.003917 0.386448 0.000111
0.012707 0.200242 0.252367 0.143251 0.003856 0.387459 0.000118
0.012742 0.200004 0.251917 0.143079 0.003905 0.388242 0.000112
0.012873 0.199343 0.252053 0.142912 0.003987 0.388715 0.000117
0.012872 0.199039 0.251137 0.142922 0.003919 0.389986 0.000126
0.012695 0.197754 0.251358 0.142629 0.003952 0.391493 0.000120
0.012793 0.196690 0.251188 0.142266 0.003886 0.393060 0.000117
0.013033 0.196352 0.250311 0.142407 0.003938 0.393840 0.000120
0.013131 0.196001 0.250476 0.142207 0.003952 0.394110 0.000123
0.013033 0.194977 0.250246 0.142049 0.003963 0.395607 0.000125
0.012946 0.194380 0.250281 0.141858 0.003968 0.396451 0.000115
0.013124 0.193991 0.249910 0.141700 0.003970 0.397187 0.000117
0.013185 0.193658 0.250003 0.141616 0.003944 0.397469 0.000126
0.012951 0.193277 0.249564 0.141856 0.004013 0.398217 0.000121
0.013161 0.192296 0.249232 0.141462 0.003980 0.399747 0.000121
0.013129 0.191929 0.248914 0.141536 0.003978 0.400390 0.000123
0.013305 0.189898 0.248700 0.140656 0.004002 0.403307 0.000132
0.013171 0.189826 0.248113 0.141226 0.004028 0.403519 0.000119
0.013199 0.190230 0.248142 0.140907 0.004021 0.403380 0.000122
0.013289 0.188935 0.248522 0.140736 0.004002 0.404389 0.000127
0.013332 0.188995 0.247758 0.140813 0.004053 0.404917 0.000132
0.013308 0.188059 0.247609 0.140526 0.004005 0.406359 0.000134
0.013318 0.187262 0.247424 0.140354 0.004065 0.407444 0.000133
0.013385 0.185949 0.247268 0.140324 0.004080 0.408864 0.000130
0.013407 0.186031 0.246807 0.140064 0.004026 0.409525 0.000140
0.013452 0.185712 0.246558 0.139878 0.004044 0.410222 0.000134
0.013399 0.185270 0.246581 0.139867 0.004037 0.410715 0.000132
0.013504 0.184924 0.245892 0.139628 0.004028 0.411896 0.000128
0.013543 0.183975 0.245971 0.139284 0.004080 0.413003 0.000144
0.013606 0.183214 0.245765 0.139422 0.004077 0.413784 0.000132
0.013635 0.182957 0.245354 0.139404 0.004124 0.414389 0.000137
0.013756 0.182322 0.245088 0.139205 0.004132 0.415360 0.000137
0.013749 0.181631 0.244679 0.139208 0.004121 0.416473 0.000140
0.013804 0.181295 0.244621 0.138871 0.004098 0.417176 0.000134
0.013785 0.181644 0.244451 0.138701 0.004106 0.417170 0.000143
0.013744 0.180694 0.244492 0.138728 0.004136 0.418069 0.000138
0.013937 0.179634 0.244123 0.138598 0.004118 0.419448 0.000142
0.013797 0.179026 0.243405 0.138414 0.004096 0.421128 0.000134
0.013801 0.178426 0.243855 0.138447 0.004155 0.421171 0.000144
0.013881 0.178158 0.242994 0.138217 0.004143 0.422464 0.000143
0.014018 0.177466 0.243191 0.137946 0.004177 0.423053 0.000149
0.013995 0.177268 0.243031 0.137647 0.004128 0.423793 0.000139
0.014143 0.176864 0.242411 0.137575 0.004157 0.424710 0.000140
0.013995 0.176239 0.242059 0.137506 0.004212 0.425846 0.000143
0.014163 0.175253 0.242135 0.137318 0.004208 0.426782 0.000141
0.014249 0.175559 0.242331 0.137290 0.004138 0.426294 0.000139
0.014137 0.174132 0.241452 0.137102 0.004236 0.428799 0.000143
0.014269 0.174863 0.241230 0.137154 0.004164 0.428172 0.000148
0.014312 0.173037 0.240749 0.136826 0.004186 0.430743 0.000147
0.014455 0.172935 0.240452 0.136757 0.004199 0.431053 0.000150
0.014439 0.172298 0.240138 0.136622 0.004194 0.432161 0.000148
0.014392 0.172175 0.240198 0.136543 0.004235 0.432313 0.000144
0.014530 0.171687 0.240028 0.135945 0.004210 0.433453 0.000148
0.014613 0.171074 0.239878 0.136035 0.004160 0.434097 0.000142
0.014486 0.170279 0.239561 0.135932 0.004261 0.435330 0.000152
0.014376 0.170477 0.239716 0.135790 0.004250 0.435250 0.000140
0.014473 0.169276 0.238669 0.135590 0.004251 0.437606 0.000135
0.014700 0.169564 0.238800 0.135487 0.004250 0.437048 0.000151
0.014622 0.168621 0.239053 0.135252 0.004259 0.438049 0.000144
0.014739 0.167869 0.238185 0.135062 0.004270 0.439733 0.000142
0.014678 0.168036 0.237892 0.135118 0.004333 0.439804 0.000138
0.014830 0.167417 0.237284 0.134385 0.004312 0.441631 0.000140
0.014874 0.166623 0.237539 0.134719 0.004275 0.441823 0.000147
0.014836 0.166416 0.237162 0.134429 0.004320 0.442687 0.000151
0.014784 0.165965 0.237144 0.134438 0.004339 0.443181 0.000150
0.014931 0.164836 0.236245 0.134315 0.004324 0.445198 0.000152
0.014997 0.165513 0.236722 0.134072 0.004274 0.444279 0.000144
0.014962 0.164717 0.236191 0.134027 0.004297 0.445666 0.000140
0.014996 0.163736 0.235977 0.133724 0.004375 0.447042 0.000150
0.014894 0.163455 0.235616 0.133888 0.004305 0.447692 0.000150
0.015139 0.163164 0.235722 0.133811 0.004300 0.447712 0.000153
0.015143 0.162372 0.235286 0.133464 0.004409 0.449181 0.000144
0.015078 0.162192 0.234999 0.133348 0.004340 0.449884 0.000159
0.015158 0.161777 0.234729 0.133096 0.004340 0.450750 0.000151
0.015238 0.161272 0.234119 0.133062 0.004337 0.451828 0.000145
0.015452 0.160672 0.234100 0.133027 0.004364 0.452235 0.000151
0.015432 0.160733 0.234041 0.132912 0.004387 0.452346 0.000151
0.015299 0.159556 0.233572 0.132478 0.004311 0.454632 0.000152
0.015414 0.159877 0.233155 0.132213 0.004308 0.454875 0.000157
0.015528 0.159203 0.233221 0.132114 0.004394 0.455396 0.000144
0.015463 0.158454 0.232641 0.132048 0.004402 0.456831 0.000162
0.015346 0.158128 0.232735 0.132037 0.004354 0.457236 0.000163
0.015511 0.157592 0.232190 0.131481 0.004394 0.458674 0.000158
0.015596 0.157134 0.231588 0.131512 0.004417 0.459601 0.000151
0.015555 0.157337 0.231845 0.131295 0.004409 0.459400 0.000159
0.015535 0.156626 0.231492 0.131490 0.004384 0.460312 0.000161
0.015630 0.155799 0.230698 0.131000 0.004438 0.462280 0.000156
0.015666 0.155837 0.231008 0.130919 0.004410 0.461994 0.000166
0.015733 0.155217 0.230827 0.130639 0.004439 0.462993 0.000152
0.015576 0.155029 0.230189 0.130776 0.004445 0.463826 0.000158
0.015757 0.154325 0.230219 0.130329 0.004444 0.464761 0.000165
0.015693 0.154072 0.229992 0.130212 0.004429 0.465450 0.000152
0.015895 0.153946 0.229361 0.130469 0.004397 0.465769 0.000163
0.015921 0.153592 0.229314 0.130113 0.004500 0.466386 0.000173
0.016003 0.153107 0.228673 0.129885 0.004531 0.467641 0.000161
0.016051 0.152015 0.227943 0.129402 0.004548 0.469869 0.000172
0.016014 0.152023 0.228465 0.129397 0.004539 0.469395 0.000165
0.016026 0.151522 0.227477 0.129456 0.004524 0.470832 0.000163
0.016183 0.151789 0.227724 0.129305 0.004511 0.470322 0.000166
0.016175 0.150945 0.227425 0.129087 0.004454 0.471744 0.000170
0.016095 0.150553 0.227496 0.128864 0.004488 0.472334 0.000170
0.016323 0.150285 0.226796 0.128604 0.004538 0.473282 0.000171
0.016342 0.150305 0.226724 0.128442 0.004494 0.473528 0.000165
0.016348 0.149450 0.225893 0.128310 0.004485 0.475361 0.000154
0.016121 0.148709 0.225923 0.128073 0.004517 0.476480 0.000177
0.016301 0.148746 0.225744 0.127833 0.004498 0.476709 0.000168
0.016357 0.148415 0.225356 0.128267 0.004546 0.476890 0.000169
0.016365 0.148242 0.225559 0.127790 0.004519 0.477340 0.000185
0.016331 0.147661 0.224930 0.127529 0.004581 0.478794 0.000175
0.016450 0.147404 0.224454 0.127262 0.004564 0.479695 0.000171
0.016550 0.146841 0.224100 0.127290 0.004536 0.480502 0.000181
0.016613 0.146212 0.223879 0.127271 0.004608 0.481250 0.000167
0.016691 0.146027 0.224046 0.127106 0.004607 0.481352 0.000170
0.016716 0.145647 0.223829 0.126723 0.004571 0.482340 0.000174
0.016599 0.145274 0.223248 0.126436 0.004537 0.483737 0.000169
0.016870 0.144589 0.222940 0.126381 0.004575 0.484474 0.000171
0.016925 0.144961 0.223018 0.126115 0.004604 0.484195 0.000181
0.016734 0.144447 0.223006 0.126630 0.004586 0.484416 0.000181
0.017021 0.143680 0.221883 0.125709 0.004575 0.486944 0.000189
0.017108 0.143441 0.221668 0.125807 0.004599 0.487199 0.000178
0.016895 0.143516 0.221874 0.125977 0.004565 0.486992 0.000181
0.017021 0.142961 0.221079 0.125856 0.004614 0.488283 0.000186
0.017021 0.142468 0.221362 0.125084 0.004575 0.489301 0.000190
0.016984 0.142309 0.221044 0.124938 0.004634 0.489902 0.000188
0.017177 0.141796 0.220875 0.124796 0.004652 0.490518 0.000185
0.017302 0.141652 0.220518 0.125070 0.004574 0.490690 0.000193
