0.999109 0.000865 0.000018 0.000008 0.000000 0.000000 0.000000
0.998678 0.001279 0.000028 0.000005 0.000000 0.000010 0.000000
0.998236 0.001709 0.000039 0.000006 0.000000 0.000010 0.000000
0.997756 0.002177 0.000046 0.000011 0.000000 0.000010 0.000000
0.997321 0.002604 0.000052 0.000013 0.000000 0.000010 0.000000
0.996734 0.003189 0.000052 0.000015 0.000000 0.000010 0.000000
0.996243 0.003668 0.000061 0.000018 0.000000 0.000010 0.000000
0.995527 0.004378 0.000066 0.000020 0.000000 0.000010 0.000000
0.994793 0.005098 0.000076 0.000024 0.000000 0.000010 0.000000
0.993822 0.006054 0.000091 0.000024 0.000000 0.000009 0.000000
0.992801 0.007058 0.000106 0.000026 0.000000 0.000008 0.000000
0.991479 0.008343 0.000137 0.000033 0.000000 0.000008 0.000000
0.989572 0.010225 0.000155 0.000041 0.000000 0.000007 0.000000
0.986993 0.012749 0.000193 0.000058 0.000000 0.000007 0.000000
0.985087 0.014602 0.000229 0.000074 0.000000 0.000008 0.000000
0.981919 0.017685 0.000271 0.000119 0.000000 0.000006 0.000000
0.978126 0.021331 0.000357 0.000180 0.000000 0.000006 0.000000
0.974306 0.025068 0.000416 0.000205 0.000000 0.000005 0.000000
0.969736 0.029535 0.000482 0.000238 0.000000 0.000009 0.000000
0.963606 0.035516 0.000568 0.000301 0.000000 0.000009 0.000000
0.956661 0.042333 0.000638 0.000359 0.000000 0.000008 0.000000
0.950838 0.048041 0.000722 0.000391 0.000000 0.000008 0.000000
0.942545 0.056226 0.000779 0.000442 0.000000 0.000009 0.000000
0.934588 0.063970 0.000940 0.000494 0.000000 0.000008 0.000000
0.924565 0.073755 0.001121 0.000545 0.000000 0.000014 0.000000
0.916712 0.081412 0.001219 0.000639 0.000000 0.000017 0.000000
0.905765 0.092084 0.001376 0.000755 0.000000 0.000019 0.000000
0.894131 0.103358 0.001612 0.000876 0.000000 0.000023 0.000000
0.882041 0.115084 0.001838 0.001002 0.000000 0.000034 0.000000
0.868266 0.128409 0.002097 0.001187 0.000000 0.000041 0.000000
0.856137 0.140187 0.002284 0.001343 0.000000 0.000049 0.000000
0.841506 0.154338 0.002583 0.001508 0.000000 0.000064 0.000000
0.827132 0.168259 0.002889 0.001638 0.000000 0.000083 0.000000
0.812014 0.182837 0.003231 0.001818 0.000000 0.000101 0.000000
0.798043 0.196367 0.003531 0.001949 0.000000 0.000110 0.000000
0.779434 0.214279 0.003947 0.002219 0.000000 0.000120 0.000000
0.765678 0.227338 0.004388 0.002460 0.000000 0.000136 0.000000
0.751145 0.241102 0.004814 0.002778 0.000000 0.000161 0.000000
0.738318 0.253308 0.005208 0.002991 0.000000 0.000176 0.000000
0.720093 0.270740 0.005692 0.003281 0.000000 0.000193 0.000000
0.705608 0.284422 0.006177 0.003575 0.000000 0.000218 0.000000
0.690571 0.298653 0.006680 0.003857 0.000000 0.000239 0.000000
0.675421 0.312963 0.007162 0.004186 0.000000 0.000268 0.000000
0.662349 0.325287 0.007635 0.004449 0.000000 0.000280 0.000000
0.647352 0.339413 0.008143 0.004768 0.000000 0.000324 0.000000
0.629949 0.355700 0.008820 0.005166 0.000000 0.000364 0.000000
0.616396 0.368331 0.009373 0.005501 0.000000 0.000399 0.000000
0.603405 0.380443 0.009891 0.005831 0.000000 0.000431 0.000000
0.588442 0.394376 0.010495 0.006216 0.000000 0.000471 0.000000
0.574017 0.407742 0.011196 0.006544 0.000000 0.000501 0.000000
0.559887 0.420710 0.011857 0.007005 0.000000 0.000540 0.000000
0.547717 0.431808 0.012516 0.007382 0.000001 0.000576 0.000000
0.532565 0.445640 0.013350 0.007814 0.000002 0.000629 0.000000
0.520616 0.456419 0.014017 0.008270 0.000001 0.000676 0.000000
0.506898 0.468802 0.014791 0.008779 0.000002 0.000727 0.000000
0.495282 0.479056 0.015635 0.009262 0.000002 0.000763 0.000000
0.486074 0.487134 0.016307 0.009676 0.000002 0.000807 0.000000
0.468789 0.502674 0.017387 0.010257 0.000005 0.000886 0.000000
0.457653 0.512423 0.018198 0.010753 0.000007 0.000967 0.000000
0.446252 0.522469 0.019064 0.011198 0.000008 0.001009 0.000000
0.436457 0.530819 0.019924 0.011705 0.000008 0.001087 0.000000
0.421572 0.543838 0.021088 0.012310 0.000006 0.001185 0.000000
0.411326 0.552522 0.022027 0.012856 0.000008 0.001260 0.000000
0.402323 0.560202 0.022879 0.013256 0.000010 0.001331 0.000000
0.391161 0.569423 0.024089 0.013900 0.000010 0.001418 0.000000
0.383326 0.575811 0.024957 0.014409 0.000012 0.001484 0.000000
0.375987 0.581562 0.025926 0.014950 0.000015 0.001560 0.000000
0.363422 0.591892 0.027268 0.015730 0.000015 0.001673 0.000000
0.354684 0.598770 0.028365 0.016377 0.000019 0.001785 0.000000
0.346942 0.604673 0.029405 0.017071 0.000019 0.001890 0.000000
0.340329 0.609860 0.030254 0.017567 0.000018 0.001971 0.000000
0.331603 0.616269 0.031633 0.018372 0.000022 0.002101 0.000000
0.324809 0.621525 0.032561 0.018890 0.000023 0.002191 0.000001
0.314075 0.630104 0.033821 0.019622 0.000024 0.002353 0.000001
0.306004 0.635856 0.035222 0.020387 0.000028 0.002502 0.000001
0.298962 0.641066 0.036375 0.020923 0.000027 0.002646 0.000001
0.293627 0.644370 0.037567 0.021606 0.000031 0.002798 0.000001
0.291089 0.645376 0.038442 0.022132 0.000031 0.002929 0.000001
0.277030 0.655897 0.040544 0.023357 0.000031 0.003140 0.000001
0.272055 0.659516 0.041331 0.023783 0.000029 0.003285 0.000001
0.262688 0.665722 0.043182 0.024825 0.000035 0.003547 0.000001
0.256326 0.670384 0.044131 0.025459 0.000032 0.003666 0.000001
0.253250 0.670985 0.045561 0.026295 0.000038 0.003871 0.000000
0.247892 0.674347 0.046694 0.026973 0.000036 0.004058 0.000001
0.239406 0.680254 0.048228 0.027796 0.000039 0.004276 0.000001
0.237428 0.680181 0.049443 0.028414 0.000045 0.004488 0.000001
0.230656 0.685003 0.050567 0.029067 0.000045 0.004661 0.000001
0.220509 0.690939 0.053035 0.030424 0.000045 0.005048 0.000001
0.220294 0.689965 0.053666 0.030829 0.000047 0.005198 0.000001
0.218534 0.690078 0.054566 0.031406 0.000052 0.005363 0.000001
0.209130 0.695405 0.056920 0.032761 0.000055 0.005727 0.000001
0.211498 0.691787 0.057531 0.033205 0.000052 0.005926 0.000001
0.213002 0.688496 0.058579 0.033752 0.000057 0.006113 0.000001
0.210564 0.688988 0.059757 0.034326 0.000059 0.006305 0.000001
0.206567 0.689361 0.061740 0.035552 0.000066 0.006714 0.000001
0.205540 0.689357 0.062420 0.035737 0.000070 0.006876 0.000001
0.211341 0.682407 0.062952 0.036170 0.000069 0.007059 0.000001
0.214158 0.678161 0.063775 0.036571 0.000070 0.007265 0.000001
0.218779 0.672677 0.064188 0.036841 0.000076 0.007438 0.000001
0.216339 0.672605 0.065626 0.037639 0.000077 0.007713 0.000001
0.216620 0.669758 0.066979 0.038482 0.000086 0.008073 0.000001
0.210808 0.673201 0.068306 0.039241 0.000085 0.008359 0.000001
0.212383 0.671221 0.068600 0.039292 0.000091 0.008413 0.000001
0.210596 0.670061 0.070160 0.040239 0.000093 0.008849 0.000001
0.213912 0.666246 0.070343 0.040434 0.000095 0.008969 0.000001
0.208706 0.668364 0.072110 0.041356 0.000102 0.009362 0.000001
0.212062 0.665221 0.071949 0.041301 0.000104 0.009362 0.000001
0.213428 0.662567 0.072600 0.041690 0.000105 0.009610 0.000001
0.215229 0.659236 0.073434 0.042154 0.000104 0.009842 0.000001
0.203499 0.667360 0.075470 0.043246 0.000109 0.010314 0.000001
0.201099 0.667786 0.076562 0.043861 0.000115 0.010576 0.000000
0.197484 0.668886 0.077900 0.044639 0.000114 0.010976 0.000001
0.197600 0.667619 0.078641 0.044881 0.000118 0.011140 0.000001
0.186968 0.673814 0.080983 0.046376 0.000124 0.011734 0.000001
0.174071 0.682262 0.083526 0.047768 0.000133 0.012240 0.000001
0.171184 0.683204 0.084651 0.048229 0.000139 0.012592 0.000001
0.165447 0.686653 0.085747 0.049066 0.000139 0.012948 0.000001
0.163109 0.686771 0.086986 0.049709 0.000145 0.013279 0.000001
0.161445 0.686780 0.087844 0.050256 0.000150 0.013524 0.000001
0.153403 0.691395 0.089786 0.051288 0.000156 0.013972 0.000001
0.146493 0.694534 0.091836 0.052440 0.000156 0.014540 0.000001
0.142063 0.696271 0.093149 0.053393 0.000162 0.014961 0.000000
0.131731 0.699505 0.097065 0.055615 0.000180 0.015903 0.000001
0.132414 0.698920 0.096955 0.055530 0.000191 0.015989 0.000001
0.123482 0.701428 0.100535 0.057480 0.000198 0.016877 0.000001
0.126278 0.698625 0.100418 0.057449 0.000195 0.017034 0.000001
0.120778 0.700160 0.102476 0.058766 0.000210 0.017610 0.000001
0.116408 0.700393 0.104625 0.060082 0.000218 0.018273 0.000001
0.114201 0.699968 0.106154 0.060684 0.000225 0.018767 0.000001
0.108836 0.701389 0.108283 0.061909 0.000234 0.019349 0.000001
0.106316 0.701306 0.109659 0.062682 0.000241 0.019796 0.000001
0.100868 0.702458 0.112019 0.064018 0.000244 0.020394 0.000000
0.099028 0.700106 0.114236 0.065148 0.000244 0.021238 0.000000
0.095578 0.702273 0.114763 0.065668 0.000263 0.021453 0.000002
0.094580 0.699270 0.116806 0.066805 0.000268 0.022271 0.000001
0.096973 0.693835 0.118440 0.067655 0.000278 0.022817 0.000002
0.097492 0.691680 0.119289 0.068007 0.000286 0.023245 0.000002
0.094145 0.693458 0.120003 0.068552 0.000289 0.023553 0.000001
0.090788 0.692558 0.122252 0.069790 0.000286 0.024325 0.000002
0.092238 0.690033 0.122741 0.070002 0.000291 0.024692 0.000002
0.086681 0.691602 0.125000 0.071133 0.000295 0.025288 0.000001
0.085523 0.689091 0.126774 0.072246 0.000313 0.026051 0.000002
0.081182 0.689915 0.128548 0.073286 0.000313 0.026755 0.000002
0.080850 0.688196 0.129549 0.073847 0.000325 0.027232 0.000002
0.077292 0.686588 0.132206 0.075291 0.000335 0.028286 0.000002
0.074799 0.688108 0.132791 0.075469 0.000346 0.028485 0.000002
0.076280 0.683917 0.134165 0.076176 0.000350 0.029109 0.000003
0.071265 0.684107 0.136537 0.077665 0.000359 0.030064 0.000003
0.068108 0.683480 0.138633 0.078603 0.000363 0.030810 0.000003
0.067588 0.681977 0.139450 0.079154 0.000367 0.031461 0.000002
0.062604 0.682755 0.141625 0.080419 0.000380 0.032213 0.000003
0.059805 0.682768 0.142932 0.081240 0.000384 0.032869 0.000002
0.057557 0.681552 0.144741 0.082122 0.000396 0.033630 0.000002
0.055833 0.678676 0.146896 0.083469 0.000401 0.034723 0.000003
0.053603 0.677967 0.148427 0.084369 0.000420 0.035212 0.000002
0.052688 0.676321 0.149600 0.085025 0.000425 0.035940 0.000002
0.047891 0.676052 0.152134 0.086397 0.000455 0.037068 0.000003
0.048261 0.674770 0.152529 0.086567 0.000437 0.037433 0.000003
0.045360 0.673396 0.154553 0.087821 0.000445 0.038423 0.000003
0.043968 0.672960 0.155394 0.088368 0.000452 0.038855 0.000003
0.043064 0.671102 0.156734 0.089090 0.000475 0.039533 0.000002
0.040373 0.667792 0.159728 0.090724 0.000494 0.040887 0.000003
0.039219 0.665961 0.161108 0.091474 0.000489 0.041747 0.000003
0.044587 0.661296 0.160594 0.091252 0.000497 0.041770 0.000004
0.045930 0.658017 0.161431 0.091684 0.000499 0.042435 0.000003
0.043088 0.655349 0.164262 0.093121 0.000514 0.043662 0.000004
0.048743 0.646939 0.165143 0.093893 0.000536 0.044742 0.000004
0.053248 0.644896 0.163874 0.093052 0.000530 0.044397 0.000004
0.057067 0.639651 0.164406 0.093350 0.000540 0.044984 0.000003
0.063034 0.633133 0.164496 0.093501 0.000541 0.045293 0.000003
0.064562 0.630705 0.164620 0.093670 0.000556 0.045885 0.000003
0.064091 0.629631 0.165310 0.093951 0.000564 0.046448 0.000003
0.065729 0.627392 0.165509 0.094045 0.000579 0.046744 0.000003
0.064846 0.623912 0.167482 0.095160 0.000585 0.048011 0.000004
0.067275 0.621058 0.167515 0.095163 0.000589 0.048396 0.000004
0.063785 0.621223 0.169055 0.096061 0.000589 0.049283 0.000003
0.065075 0.618585 0.169522 0.096382 0.000589 0.049843 0.000003
0.063198 0.616445 0.171236 0.097500 0.000607 0.051010 0.000004
0.066353 0.613956 0.170723 0.097290 0.000611 0.051063 0.000004
0.061553 0.614940 0.172833 0.098009 0.000614 0.052048 0.000004
0.056328 0.614236 0.175358 0.099849 0.000638 0.053588 0.000004
0.059568 0.612361 0.174699 0.099108 0.000655 0.053605 0.000004
0.056981 0.611420 0.176313 0.099965 0.000663 0.054653 0.000005
0.056482 0.610180 0.176813 0.100391 0.000678 0.055451 0.000005
0.052126 0.610373 0.178930 0.101458 0.000696 0.056412 0.000004
0.048732 0.611711 0.179882 0.101878 0.000686 0.057107 0.000004
0.046116 0.610081 0.181897 0.102892 0.000717 0.058291 0.000005
0.046241 0.609339 0.182088 0.103108 0.000718 0.058502 0.000005
0.041400 0.607389 0.185208 0.104982 0.000725 0.060288 0.000008
0.042112 0.606606 0.184917 0.105079 0.000715 0.060566 0.000005
0.038290 0.606708 0.186873 0.105820 0.000772 0.061532 0.000005
0.037420 0.605531 0.187729 0.106325 0.000757 0.062232 0.000005
0.035668 0.603551 0.189259 0.107360 0.000760 0.063395 0.000006
0.034106 0.601218 0.191034 0.108156 0.000780 0.064700 0.000005
0.034205 0.600316 0.191301 0.108495 0.000765 0.064911 0.000007
0.031598 0.599300 0.193083 0.109200 0.000796 0.066016 0.000007
0.029274 0.595166 0.195749 0.111079 0.000820 0.067904 0.000007
0.028654 0.593970 0.196510 0.111355 0.000842 0.068662 0.000007
0.030805 0.593869 0.195570 0.110666 0.000802 0.068283 0.000006
0.033442 0.588615 0.196595 0.111156 0.000833 0.069352 0.000006
0.033298 0.586276 0.197394 0.112000 0.000834 0.070190 0.000008
0.033176 0.582848 0.198892 0.112604 0.000861 0.071614 0.000006
0.034075 0.579245 0.199811 0.113391 0.000882 0.072589 0.000007
0.033258 0.580459 0.199598 0.113261 0.000862 0.072555 0.000007
0.034724 0.576185 0.200451 0.113871 0.000874 0.073889 0.000006
0.033063 0.573892 0.202303 0.114749 0.000882 0.075105 0.000006
0.042626 0.567366 0.200579 0.113713 0.000891 0.074819 0.000008
0.038693 0.567897 0.201820 0.114639 0.000919 0.076024 0.000008
0.039883 0.565409 0.202380 0.114797 0.000907 0.076617 0.000007
0.038518 0.564039 0.203817 0.115264 0.000905 0.077449 0.000009
0.043585 0.558461 0.203531 0.115204 0.000945 0.078264 0.000010
0.038008 0.558569 0.205783 0.116715 0.000958 0.079960 0.000008
0.041991 0.554678 0.205227 0.116688 0.000967 0.080442 0.000008
0.038746 0.555209 0.206459 0.117209 0.000960 0.081408 0.000008
0.040906 0.552577 0.206748 0.117035 0.000986 0.081740 0.000009
0.043515 0.548335 0.207020 0.117287 0.000998 0.082839 0.000007
0.047985 0.545393 0.206123 0.116716 0.000999 0.082776 0.000008
0.042866 0.545718 0.208137 0.118074 0.000993 0.084204 0.000008
0.041608 0.545869 0.208891 0.118108 0.000988 0.084527 0.000009
0.042808 0.542158 0.209475 0.118655 0.001030 0.085864 0.000009
0.045646 0.539226 0.209099 0.118477 0.001047 0.086494 0.000012
0.041428 0.539313 0.210926 0.119418 0.001049 0.087857 0.000009
0.040669 0.539192 0.211232 0.119566 0.001070 0.088259 0.000011
0.039829 0.538156 0.211911 0.119949 0.001079 0.089066 0.000011
0.041041 0.535163 0.212378 0.120252 0.001077 0.090079 0.000011
0.038110 0.536752 0.212941 0.120625 0.001101 0.090461 0.000010
0.037888 0.534500 0.213565 0.121189 0.001112 0.091737 0.000010
0.032830 0.533498 0.216170 0.122762 0.001128 0.093601 0.000011
0.031844 0.532278 0.217040 0.122977 0.001125 0.094723 0.000013
0.030342 0.530606 0.218272 0.123885 0.001162 0.095722 0.000012
0.030380 0.528580 0.218783 0.124295 0.001178 0.096770 0.000013
0.027754 0.529125 0.219618 0.124521 0.001184 0.097785 0.000012
0.026098 0.527806 0.220649 0.125515 0.001174 0.098745 0.000012
0.027614 0.526372 0.220150 0.125341 0.001185 0.099325 0.000013
0.024566 0.524026 0.222528 0.126595 0.001216 0.101058 0.000011
0.025956 0.521826 0.223000 0.126529 0.001225 0.101453 0.000011
0.023713 0.519933 0.224317 0.127585 0.001240 0.103199 0.000013
0.022937 0.519145 0.224965 0.127811 0.001246 0.103885 0.000012
0.023802 0.516668 0.225265 0.127977 0.001259 0.105015 0.000014
0.021958 0.516672 0.225973 0.128316 0.001276 0.105793 0.000012
0.020843 0.514192 0.227481 0.129026 0.001270 0.107175 0.000014
0.020176 0.511973 0.228666 0.129669 0.001296 0.108205 0.000014
0.028475 0.506020 0.226948 0.128931 0.001284 0.108329 0.000014
0.027529 0.506680 0.227159 0.128952 0.001282 0.108386 0.000013
0.027390 0.503145 0.228327 0.129739 0.001304 0.110083 0.000012
0.029893 0.499193 0.228673 0.129838 0.001351 0.111039 0.000013
0.032532 0.500607 0.226623 0.128585 0.001318 0.110319 0.000016
0.029906 0.497225 0.228828 0.130020 0.001356 0.112649 0.000015
0.030615 0.494922 0.229521 0.130332 0.001376 0.113218 0.000016
0.027783 0.493529 0.230973 0.131236 0.001388 0.115072 0.000018
0.028028 0.490621 0.231893 0.131766 0.001367 0.116306 0.000019
0.030303 0.490381 0.230820 0.131085 0.001412 0.115982 0.000016
0.027708 0.488304 0.232396 0.131981 0.001425 0.118171 0.000015
0.025747 0.488127 0.233149 0.132557 0.001424 0.118979 0.000017
0.024464 0.486514 0.234015 0.133191 0.001471 0.120324 0.000021
0.024721 0.484602 0.234669 0.133422 0.001475 0.121096 0.000016
0.022803 0.484949 0.234858 0.133837 0.001438 0.122097 0.000019
0.024331 0.481888 0.235552 0.133701 0.001495 0.123009 0.000024
0.021423 0.482475 0.236214 0.134437 0.001473 0.123959 0.000018
0.021110 0.477794 0.237881 0.135236 0.001503 0.126452 0.000025
0.021754 0.477864 0.237154 0.135275 0.001524 0.126406 0.000023
0.019541 0.475526 0.239161 0.136072 0.001520 0.128164 0.000017
0.021949 0.475340 0.237845 0.135430 0.001533 0.127880 0.000022
0.019231 0.473959 0.239696 0.136223 0.001530 0.129340 0.000020
0.018618 0.472796 0.239950 0.136750 0.001533 0.130333 0.000019
0.017345 0.469329 0.241731 0.137786 0.001599 0.132190 0.000019
0.018711 0.470576 0.240234 0.136871 0.001570 0.132018 0.000020
0.018095 0.466794 0.241730 0.137710 0.001602 0.134048 0.000020
0.016206 0.464766 0.243366 0.138478 0.001614 0.135550 0.000020
0.016814 0.464608 0.242996 0.138412 0.001612 0.135534 0.000023
0.015664 0.460340 0.244886 0.139394 0.001627 0.138067 0.000023
0.016529 0.460461 0.244179 0.138843 0.001646 0.138320 0.000021
0.015786 0.457555 0.245244 0.139615 0.001655 0.140119 0.000027
0.015284 0.456957 0.245826 0.139877 0.001661 0.140371 0.000024
0.014584 0.451863 0.247809 0.140920 0.001682 0.143117 0.000024
0.015275 0.453206 0.246787 0.140334 0.001712 0.142661 0.000024
0.014413 0.451067 0.247545 0.140935 0.001743 0.144271 0.000026
0.013759 0.449068 0.248798 0.141352 0.001719 0.145280 0.000023
0.014039 0.447238 0.249057 0.141520 0.001764 0.146358 0.000025
0.013775 0.444886 0.249563 0.142099 0.001755 0.147898 0.000024
0.013771 0.444474 0.249360 0.142020 0.001748 0.148600 0.000027
0.013879 0.444029 0.249730 0.141579 0.001774 0.148984 0.000025
0.013748 0.439619 0.251054 0.142673 0.001792 0.151085 0.000028
0.013521 0.440393 0.250727 0.142502 0.001813 0.151018 0.000025
0.013190 0.437579 0.251753 0.142648 0.001817 0.152988 0.000024
0.013343 0.437637 0.251378 0.142583 0.001786 0.153247 0.000026
0.013003 0.434479 0.252214 0.143370 0.001805 0.155102 0.000026
0.012971 0.430570 0.253584 0.143983 0.001867 0.156997 0.000027
0.013256 0.432568 0.252450 0.143381 0.001859 0.156464 0.000022
0.012989 0.429096 0.253678 0.143975 0.001896 0.158339 0.000028
0.013045 0.430291 0.253121 0.143582 0.001879 0.158054 0.000027
0.013089 0.427139 0.254001 0.143908 0.001916 0.159921 0.000026
0.012637 0.424046 0.254723 0.144619 0.001934 0.162017 0.000024
0.012879 0.423259 0.254682 0.144528 0.001923 0.162701 0.000028
0.012739 0.422849 0.255040 0.144561 0.001917 0.162869 0.000026
0.012454 0.418923 0.256067 0.145223 0.001949 0.165362 0.000023
0.012452 0.418411 0.256283 0.145206 0.001960 0.165660 0.000027
0.012566 0.417355 0.255952 0.145179 0.001970 0.166952 0.000027
0.012341 0.416081 0.256848 0.145191 0.001997 0.167512 0.000030
0.012339 0.414255 0.256900 0.145507 0.001977 0.168994 0.000028
0.012355 0.412686 0.257218 0.145897 0.002006 0.169809 0.000029
0.012286 0.410505 0.257735 0.146066 0.002029 0.171347 0.000031
0.012199 0.410168 0.257591 0.146050 0.002015 0.171949 0.000027
0.012530 0.408154 0.257865 0.146114 0.002054 0.173253 0.000029
0.012244 0.406603 0.258737 0.146481 0.002057 0.173853 0.000025
0.012169 0.404118 0.259223 0.146642 0.002054 0.175767 0.000027
0.012155 0.403983 0.258881 0.146588 0.002067 0.176297 0.000029
0.012172 0.401673 0.259066 0.147215 0.002114 0.177726 0.000033
0.012173 0.400832 0.259518 0.147153 0.002116 0.178178 0.000030
0.012069 0.399229 0.260042 0.146946 0.002132 0.179552 0.000031
0.012045 0.397724 0.260169 0.147231 0.002121 0.180680 0.000030
0.012130 0.396838 0.259931 0.147557 0.002138 0.181377 0.000030
0.011908 0.393136 0.261427 0.147744 0.002159 0.183595 0.000032
0.012092 0.394460 0.260464 0.147550 0.002167 0.183235 0.000031
0.011911 0.391354 0.261270 0.147914 0.002215 0.185308 0.000029
0.011699 0.389577 0.261852 0.148181 0.002205 0.186458 0.000028
0.011831 0.389259 0.261482 0.147996 0.002201 0.187199 0.000032
0.011974 0.386933 0.262266 0.148150 0.002232 0.188415 0.000030
0.011921 0.386666 0.261881 0.147983 0.002272 0.189243 0.000035
0.011900 0.385129 0.262266 0.148212 0.002254 0.190209 0.000029
0.011983 0.383689 0.262540 0.148281 0.002259 0.191219 0.000029
0.011895 0.382124 0.262553 0.148523 0.002251 0.192626 0.000028
0.011709 0.380504 0.262754 0.149061 0.002286 0.193657 0.000029
0.011881 0.378699 0.263119 0.149067 0.002263 0.194940 0.000030
0.011868 0.378273 0.263370 0.149087 0.002259 0.195112 0.000031
0.011597 0.375025 0.263877 0.149305 0.002335 0.197835 0.000025
0.011703 0.374812 0.264018 0.149263 0.002302 0.197871 0.000032
0.011759 0.373076 0.263853 0.149344 0.002303 0.199636 0.000030
0.011662 0.370620 0.264630 0.149636 0.002333 0.201086 0.000033
0.011693 0.369861 0.264511 0.149733 0.002336 0.201835 0.000031
0.011696 0.369039 0.264921 0.149585 0.002340 0.202388 0.000031
0.011634 0.367510 0.264981 0.149728 0.002375 0.203745 0.000027
0.011758 0.366999 0.264685 0.149731 0.002365 0.204427 0.000034
0.011604 0.365904 0.264822 0.149974 0.002408 0.205257 0.000032
0.011681 0.363675 0.265106 0.150065 0.002429 0.207009 0.000035
0.011650 0.362793 0.265530 0.150115 0.002390 0.207492 0.000030
0.011712 0.360537 0.265841 0.150104 0.002410 0.209366 0.000031
0.011633 0.359120 0.266149 0.150265 0.002446 0.210355 0.000032
0.011582 0.360318 0.265332 0.150383 0.002465 0.209890 0.000031
0.011651 0.356937 0.265935 0.150522 0.002461 0.212458 0.000036
0.011596 0.356377 0.266309 0.150530 0.002448 0.212706 0.000034
0.011622 0.353900 0.266355 0.150737 0.002485 0.214865 0.000035
0.011667 0.353221 0.266121 0.150885 0.002487 0.215582 0.000037
0.011659 0.353683 0.266047 0.150514 0.002466 0.215600 0.000032
0.011548 0.350694 0.267053 0.150683 0.002535 0.217455 0.000031
0.011568 0.348823 0.266847 0.151094 0.002526 0.219108 0.000035
0.011556 0.347860 0.267020 0.150992 0.002518 0.220019 0.000035
0.011750 0.346222 0.267270 0.151242 0.002536 0.220945 0.000036
0.011797 0.345723 0.267062 0.151371 0.002573 0.221437 0.000037
0.011565 0.342920 0.267506 0.151384 0.002575 0.224011 0.000039
0.011758 0.343551 0.267261 0.151163 0.002542 0.223688 0.000035
0.011622 0.343049 0.267065 0.151281 0.002549 0.224401 0.000033
0.011679 0.340796 0.267753 0.151396 0.002578 0.225762 0.000036
0.011774 0.340242 0.267430 0.151049 0.002566 0.226900 0.000038
0.011666 0.340044 0.267588 0.151223 0.002605 0.226840 0.000034
0.011610 0.337376 0.267671 0.151513 0.002598 0.229195 0.000037
0.011606 0.335362 0.267891 0.151552 0.002645 0.230906 0.000039
0.011687 0.334647 0.268247 0.151438 0.002645 0.231301 0.000035
0.011598 0.333921 0.267858 0.151491 0.002631 0.232463 0.000039
0.011627 0.333330 0.268093 0.151451 0.002626 0.232836 0.000038
0.011556 0.331675 0.268395 0.151620 0.002677 0.234037 0.000040
0.011571 0.329811 0.268159 0.151572 0.002643 0.236200 0.000045
0.011794 0.329417 0.268236 0.151589 0.002721 0.236204 0.000039
0.011690 0.326393 0.268791 0.151939 0.002693 0.238451 0.000043
0.011667 0.326387 0.268567 0.151940 0.002690 0.238710 0.000040
0.011593 0.326029 0.268586 0.151746 0.002712 0.239289 0.000045
0.011669 0.325084 0.268343 0.151776 0.002717 0.240369 0.000041
0.011691 0.323796 0.268715 0.151803 0.002755 0.241196 0.000043
0.011641 0.322697 0.268592 0.151999 0.002743 0.242286 0.000043
0.011802 0.321339 0.268364 0.152011 0.002737 0.243707 0.000041
0.011653 0.319950 0.268537 0.152000 0.002747 0.245068 0.000044
0.011736 0.317783 0.268711 0.152313 0.002797 0.246618 0.000041
0.011713 0.317500 0.268932 0.151869 0.002778 0.247161 0.000046
0.011803 0.316974 0.268421 0.151920 0.002761 0.248077 0.000045
0.011611 0.314100 0.268925 0.152174 0.002803 0.250342 0.000045
0.011830 0.312832 0.269325 0.151783 0.002806 0.251375 0.000049
0.011746 0.312583 0.268906 0.152158 0.002847 0.251712 0.000047
0.011556 0.311893 0.269093 0.152039 0.002841 0.252530 0.000048
0.011779 0.310919 0.268591 0.152024 0.002798 0.253842 0.000046
0.011648 0.308849 0.268708 0.152466 0.002842 0.255441 0.000046
0.011933 0.307825 0.268825 0.152086 0.002827 0.256455 0.000048
0.011814 0.307216 0.269077 0.151830 0.002844 0.257173 0.000046
0.011819 0.305843 0.269029 0.152379 0.002876 0.258008 0.000046
0.011906 0.305727 0.268720 0.151979 0.002874 0.258749 0.000046
0.011966 0.304386 0.269198 0.151939 0.002906 0.259556 0.000048
0.011926 0.302864 0.268865 0.152174 0.002911 0.261213 0.000046
0.011936 0.301003 0.269097 0.152139 0.002943 0.262834 0.000049
0.011912 0.301633 0.268701 0.151976 0.002919 0.262812 0.000047
0.012039 0.301125 0.268787 0.151899 0.002968 0.263138 0.000045
0.011959 0.298709 0.268870 0.152106 0.002917 0.265393 0.000046
0.011851 0.297547 0.269190 0.152145 0.002933 0.266292 0.000042
0.011835 0.295939 0.269179 0.152107 0.002957 0.267929 0.000054
0.012016 0.296875 0.268478 0.152248 0.002944 0.267391 0.000048
0.011929 0.294291 0.268936 0.152193 0.002959 0.269648 0.000045
0.011943 0.294469 0.268523 0.151962 0.002986 0.270070 0.000047
0.012032 0.291598 0.268548 0.152159 0.002941 0.272675 0.000047
0.012039 0.290807 0.268720 0.152008 0.003040 0.273334 0.000051
0.011998 0.290379 0.268540 0.152042 0.002995 0.273996 0.000050
0.012052 0.288673 0.268814 0.151843 0.003032 0.275532 0.000054
0.012029 0.287890 0.268621 0.151966 0.003012 0.276429 0.000053
0.012035 0.287225 0.268665 0.151969 0.003015 0.277039 0.000051
0.012133 0.284942 0.268403 0.152155 0.003057 0.279258 0.000051
0.012044 0.285598 0.268401 0.151701 0.003026 0.279174 0.000056
0.012189 0.285881 0.268138 0.151582 0.003012 0.279147 0.000050
0.012204 0.283049 0.268379 0.151702 0.003060 0.281546 0.000059
0.012109 0.281549 0.268471 0.151643 0.003077 0.283089 0.000062
0.012347 0.280282 0.268157 0.151641 0.003089 0.284429 0.000055
0.012370 0.279794 0.268167 0.151709 0.003126 0.284781 0.000054
0.012235 0.279965 0.267949 0.151797 0.003120 0.284879 0.000055
0.012350 0.279464 0.268166 0.151364 0.003095 0.285505 0.000057
0.012465 0.278148 0.268169 0.151464 0.003133 0.286568 0.000054
0.012263 0.277057 0.268093 0.151530 0.003146 0.287852 0.000059
0.012434 0.274649 0.268065 0.151230 0.003194 0.290366 0.000062
0.012324 0.276276 0.268127 0.151216 0.003147 0.288853 0.000056
0.012357 0.274705 0.267679 0.151555 0.003186 0.290461 0.000056
0.012359 0.272202 0.268072 0.151349 0.003208 0.292750 0.000061
0.012546 0.271850 0.267837 0.151336 0.003184 0.293186 0.000062
0.012384 0.270677 0.267938 0.151028 0.003213 0.294694 0.000066
0.012354 0.271145 0.267430 0.151322 0.003198 0.294492 0.000059
0.012415 0.268019 0.267901 0.151162 0.003243 0.297197 0.000063
0.012469 0.267462 0.267440 0.150766 0.003237 0.298563 0.000064
0.012432 0.268463 0.267386 0.150827 0.003231 0.297595 0.000066
0.012335 0.266125 0.267654 0.150990 0.003239 0.299595 0.000061
0.012446 0.265431 0.267082 0.150883 0.003236 0.300858 0.000063
0.012553 0.265036 0.267005 0.150691 0.003285 0.301368 0.000062
0.012595 0.264630 0.267251 0.150555 0.003293 0.301614 0.000063
0.012537 0.262535 0.267381 0.150349 0.003284 0.303847 0.000068
0.012595 0.262265 0.266520 0.150692 0.003255 0.304608 0.000065
0.012817 0.260847 0.266819 0.150445 0.003313 0.305699 0.000060
0.012607 0.260676 0.266531 0.150358 0.003322 0.306437 0.000070
0.012633 0.260025 0.266457 0.150460 0.003297 0.307061 0.000067
0.012788 0.259060 0.266237 0.150270 0.003312 0.308268 0.000065
0.012693 0.258070 0.266418 0.150300 0.003287 0.309162 0.000070
0.012737 0.256762 0.266301 0.150257 0.003351 0.310523 0.000069
0.012887 0.256001 0.266007 0.150233 0.003305 0.311500 0.000068
0.012666 0.254308 0.265987 0.150317 0.003351 0.313302 0.000069
0.012724 0.254513 0.265749 0.150214 0.003363 0.313375 0.000062
0.012705 0.253270 0.266167 0.149911 0.003375 0.314496 0.000076
0.012787 0.251525 0.265716 0.150216 0.003418 0.316280 0.000058
0.012903 0.251833 0.265248 0.149774 0.003417 0.316757 0.000068
0.012803 0.249718 0.265373 0.149646 0.003460 0.318934 0.000067
0.012861 0.249745 0.265136 0.149603 0.003431 0.319156 0.000068
0.012955 0.249011 0.265059 0.149618 0.003478 0.319813 0.000065
0.012757 0.248652 0.265089 0.149573 0.003435 0.320426 0.000067
0.012906 0.247244 0.265118 0.149288 0.003463 0.321910 0.000071
0.012961 0.247657 0.264951 0.149273 0.003489 0.321596 0.000074
0.012843 0.245835 0.264684 0.148944 0.003479 0.324148 0.000066
0.012837 0.245599 0.264913 0.149167 0.003478 0.323943 0.000064
0.013088 0.243956 0.264447 0.149005 0.003520 0.325913 0.000071
0.012986 0.241832 0.264472 0.148925 0.003498 0.328219 0.000066
0.012855 0.242280 0.264515 0.149012 0.003566 0.327708 0.000063
0.013191 0.241492 0.264138 0.148694 0.003558 0.328865 0.000063
0.013078 0.241063 0.264391 0.148603 0.003533 0.329265 0.000067
0.013154 0.240077 0.263452 0.148713 0.003539 0.330993 0.000072
0.013260 0.238740 0.263876 0.148464 0.003596 0.331988 0.000075
0.013220 0.238600 0.263575 0.148539 0.003554 0.332444 0.000068
0.013053 0.236970 0.263371 0.148488 0.003593 0.334456 0.000071
0.013189 0.236885 0.263419 0.148051 0.003560 0.334827 0.000069
0.013291 0.235620 0.262913 0.148064 0.003634 0.336398 0.000081
0.013318 0.235070 0.263169 0.148105 0.003608 0.336655 0.000074
0.013143 0.234264 0.262833 0.148153 0.003566 0.337974 0.000068
0.013159 0.233701 0.262201 0.148062 0.003626 0.339181 0.000071
0.013248 0.233072 0.262317 0.148109 0.003572 0.339601 0.000081
0.013283 0.231648 0.261947 0.147452 0.003633 0.341961 0.000075
0.013344 0.232134 0.261977 0.147436 0.003637 0.341399 0.000071
0.013507 0.231348 0.261870 0.147620 0.003641 0.341936 0.000078
0.013437 0.230604 0.261493 0.147633 0.003635 0.343128 0.000071
0.013527 0.228552 0.261453 0.147490 0.003673 0.345226 0.000079
0.013366 0.228457 0.261271 0.147194 0.003671 0.345964 0.000077
0.013379 0.227600 0.261063 0.147101 0.003673 0.347106 0.000078
0.013592 0.227276 0.261153 0.147104 0.003681 0.347112 0.000081
0.013529 0.226423 0.261024 0.147110 0.003695 0.348140 0.000079
0.013519 0.225569 0.260727 0.146812 0.003672 0.349620 0.000080
0.013491 0.224866 0.260578 0.146601 0.003719 0.350663 0.000082
0.013635 0.223837 0.260052 0.146561 0.003738 0.352099 0.000078
0.013604 0.223604 0.260175 0.146624 0.003683 0.352231 0.000081
0.013585 0.223741 0.260230 0.146499 0.003767 0.352102 0.000076
0.013744 0.221918 0.259814 0.146436 0.003691 0.354320 0.000077
0.013795 0.220898 0.259676 0.146361 0.003773 0.355418 0.000079
0.013893 0.220650 0.258904 0.146229 0.003709 0.356530 0.000085
0.013841 0.220367 0.259160 0.146363 0.003728 0.356456 0.000085
0.013650 0.220310 0.259061 0.146254 0.003753 0.356891 0.000081
0.013753 0.218656 0.259032 0.145990 0.003739 0.358750 0.000080
0.013984 0.218667 0.258527 0.145645 0.003732 0.359360 0.000085
0.013856 0.217517 0.258458 0.145684 0.003808 0.360591 0.000086
0.013829 0.216628 0.258582 0.145240 0.003797 0.361831 0.000094
0.013959 0.215986 0.257748 0.145877 0.003827 0.362518 0.000085
0.014026 0.214662 0.257383 0.145006 0.003776 0.365051 0.000095
0.014050 0.214421 0.257460 0.144957 0.003790 0.365234 0.000088
0.014086 0.214311 0.257058 0.145145 0.003786 0.365528 0.000085
0.014060 0.212525 0.257107 0.145129 0.003771 0.367314 0.000095
0.013958 0.212637 0.256920 0.144688 0.003880 0.367832 0.000085
0.014088 0.211660 0.256670 0.144398 0.003832 0.369260 0.000091
0.013995 0.210671 0.256353 0.144693 0.003861 0.370333 0.000094
0.014171 0.210197 0.256128 0.144837 0.003839 0.370743 0.000085
0.014081 0.210322 0.256201 0.144360 0.003829 0.371118 0.000089
0.014139 0.209040 0.256154 0.144565 0.003897 0.372118 0.000087
0.014192 0.208643 0.255866 0.144147 0.003902 0.373151 0.000098
0.014144 0.208275 0.255444 0.144316 0.003858 0.373867 0.000096
0.014329 0.206267 0.255022 0.143762 0.003894 0.376631 0.000096
0.014278 0.205728 0.254901 0.143879 0.003912 0.377200 0.000102
0.014465 0.205362 0.254678 0.143650 0.003969 0.377782 0.000094
0.014280 0.204924 0.254516 0.143486 0.003937 0.378756 0.000102
0.014438 0.204403 0.254178 0.143487 0.003937 0.379461 0.000098
0.014248 0.204809 0.254242 0.143385 0.003938 0.379273 0.000104
0.014501 0.203972 0.254300 0.143119 0.003978 0.380033 0.000097
0.014476 0.202706 0.253419 0.143074 0.003987 0.382239 0.000099
0.014410 0.200755 0.253840 0.142993 0.003959 0.383940 0.000103
0.014302 0.201698 0.253692 0.142985 0.003981 0.383237 0.000104
0.014649 0.200569 0.253114 0.142416 0.004029 0.385118 0.000106
0.014698 0.199599 0.252832 0.142698 0.003988 0.386091 0.000093
0.014739 0.199343 0.252650 0.142482 0.004023 0.386660 0.000102
0.014706 0.198717 0.252549 0.142257 0.004019 0.387654 0.000098
0.014757 0.198082 0.252076 0.142245 0.004012 0.388725 0.000104
0.014595 0.197924 0.252418 0.142127 0.004044 0.388781 0.000109
0.014687 0.198318 0.251900 0.141917 0.003985 0.389091 0.000101
0.014819 0.195453 0.251525 0.141615 0.004005 0.392478 0.000105
0.014731 0.195919 0.251000 0.141947 0.004029 0.392266 0.000108
0.014890 0.195566 0.251097 0.141668 0.004023 0.392656 0.000099
0.014873 0.195011 0.250759 0.141493 0.004019 0.393738 0.000108
0.014971 0.192976 0.250520 0.141215 0.004062 0.396158 0.000098
0.014952 0.193306 0.250201 0.141143 0.004036 0.396255 0.000106
0.014827 0.193344 0.250326 0.141447 0.004033 0.395920 0.000103
0.014863 0.192361 0.250154 0.141114 0.004042 0.397354 0.000112
0.015259 0.190709 0.249735 0.140801 0.004081 0.399312 0.000102
0.015052 0.191359 0.249718 0.140734 0.004058 0.398970 0.000109
0.015066 0.190553 0.249835 0.140475 0.004094 0.399869 0.000110
0.015177 0.189648 0.249237 0.140311 0.004073 0.401444 0.000110
0.015203 0.189295 0.249110 0.140250 0.004120 0.401916 0.000106
0.015278 0.188747 0.248897 0.140149 0.004120 0.402702 0.000107
0.015313 0.187879 0.248495 0.139727 0.004103 0.404370 0.000113
0.015562 0.186629 0.248279 0.139605 0.004155 0.405665 0.000106
0.015416 0.187224 0.247962 0.139494 0.004110 0.405692 0.000102
0.015514 0.185634 0.247545 0.139686 0.004178 0.407328 0.000115
0.015482 0.185714 0.247346 0.139393 0.004164 0.407790 0.000112
0.015518 0.184977 0.246855 0.139316 0.004202 0.409023 0.000110
0.015525 0.185057 0.246983 0.139221 0.004183 0.408914 0.000117
0.015436 0.184583 0.247007 0.139345 0.004177 0.409343 0.000108
0.015632 0.184785 0.246511 0.139116 0.004198 0.409656 0.000102
0.015605 0.183248 0.246141 0.138996 0.004192 0.411706 0.000113
0.015574 0.182605 0.245795 0.138725 0.004213 0.412968 0.000119
0.015692 0.182236 0.245556 0.138414 0.004199 0.413786 0.000119
0.015636 0.181809 0.244932 0.138281 0.004202 0.415025 0.000116
0.015610 0.181411 0.245113 0.138326 0.004256 0.415176 0.000108
0.015857 0.179924 0.244344 0.137974 0.004236 0.417547 0.000118
0.015870 0.179690 0.244710 0.138153 0.004215 0.417236 0.000126
0.015887 0.178772 0.244012 0.138189 0.004222 0.418802 0.000117
0.015822 0.178922 0.244201 0.137805 0.004268 0.418861 0.000122
0.016005 0.178322 0.243869 0.137823 0.004265 0.419602 0.000113
0.015990 0.177403 0.243756 0.137596 0.004220 0.420907 0.000127
0.016300 0.177783 0.243455 0.137135 0.004239 0.420965 0.000124
0.016078 0.176826 0.243198 0.137189 0.004232 0.422353 0.000124
0.016134 0.176168 0.242728 0.137104 0.004246 0.423493 0.000127
0.016099 0.176660 0.242908 0.136949 0.004254 0.423006 0.000124
0.016209 0.175526 0.242181 0.136492 0.004289 0.425178 0.000125
0.016294 0.174355 0.241856 0.136499 0.004262 0.426608 0.000127
0.016207 0.174114 0.242071 0.136580 0.004293 0.426603 0.000132
0.015998 0.173363 0.241691 0.136312 0.004336 0.428178 0.000123
0.016282 0.173290 0.241867 0.136160 0.004318 0.427961 0.000122
0.016452 0.173718 0.241255 0.136635 0.004279 0.427542 0.000121
0.016557 0.171152 0.240819 0.135926 0.004331 0.431084 0.000130
0.016360 0.170967 0.240594 0.135981 0.004361 0.431619 0.000119
0.016512 0.170548 0.240263 0.135337 0.004316 0.432898 0.000126
0.016623 0.171379 0.240157 0.135470 0.004322 0.431928 0.000121
0.016400 0.170504 0.240079 0.135374 0.004312 0.433207 0.000123
0.016734 0.169823 0.239675 0.135213 0.004311 0.434118 0.000127
0.016608 0.169178 0.239355 0.135169 0.004394 0.435170 0.000124
0.016614 0.168672 0.238889 0.135139 0.004377 0.436180 0.000130
0.016683 0.168298 0.238760 0.134783 0.004392 0.436951 0.000133
0.016837 0.167884 0.238337 0.134708 0.004390 0.437706 0.000138
0.016633 0.167235 0.238524 0.134544 0.004375 0.438560 0.000129
0.016813 0.167003 0.237769 0.134589 0.004384 0.439315 0.000128
0.016829 0.166565 0.237922 0.134441 0.004390 0.439722 0.000131
0.016957 0.165616 0.237512 0.134331 0.004380 0.441071 0.000133
0.016962 0.164950 0.236885 0.134263 0.004419 0.442394 0.000126
0.016985 0.165081 0.236853 0.133660 0.004401 0.442881 0.000139
0.017106 0.164008 0.236641 0.133596 0.004430 0.444088 0.000131
0.017246 0.164044 0.236080 0.133197 0.004431 0.444862 0.000140
0.016933 0.163379 0.236017 0.133575 0.004437 0.445529 0.000129
0.016989 0.163199 0.235939 0.133285 0.004470 0.445989 0.000129
0.017365 0.162096 0.235408 0.132899 0.004482 0.447613 0.000136
0.017533 0.161612 0.234905 0.132873 0.004459 0.448481 0.000138
0.017191 0.162461 0.234851 0.132899 0.004461 0.448007 0.000129
0.017312 0.161769 0.234486 0.132806 0.004461 0.449029 0.000137
0.017342 0.161110 0.234251 0.132663 0.004475 0.450024 0.000134
0.017337 0.161256 0.234347 0.132598 0.004418 0.449909 0.000135
0.017330 0.160713 0.234036 0.132341 0.004435 0.451006 0.000139
0.017552 0.159204 0.233261 0.132232 0.004510 0.453097 0.000145
0.017386 0.158844 0.233354 0.132184 0.004508 0.453579 0.000145
0.017217 0.159572 0.233566 0.132043 0.004472 0.452988 0.000143
0.017421 0.158704 0.232382 0.131766 0.004442 0.455136 0.000149
0.017587 0.158107 0.232659 0.131775 0.004443 0.455295 0.000135
0.017615 0.158270 0.232559 0.131491 0.004478 0.455437 0.000151
0.017616 0.157761 0.231922 0.131147 0.004539 0.456869 0.000145
0.017705 0.156057 0.231218 0.131082 0.004495 0.459298 0.000145
0.017542 0.155917 0.231590 0.130721 0.004541 0.459532 0.000157
0.017638 0.156326 0.231216 0.131076 0.004485 0.459121 0.000138
0.017697 0.155900 0.230843 0.130806 0.004548 0.460060 0.000146
0.018034 0.154424 0.230293 0.130246 0.004484 0.462368 0.000151
0.017842 0.154278 0.230182 0.130464 0.004530 0.462558 0.000146
0.018024 0.154244 0.230281 0.130078 0.004536 0.462684 0.000154
0.018044 0.153464 0.229366 0.129786 0.004529 0.464659 0.000153
0.018076 0.153046 0.229243 0.129868 0.004569 0.465044 0.000155
0.018149 0.153065 0.229217 0.129688 0.004569 0.465153 0.000159
0.018276 0.153100 0.229256 0.129781 0.004517 0.464919 0.000152
0.018136 0.152019 0.228445 0.129640 0.004549 0.467063 0.000148
0.018056 0.151799 0.228175 0.129168 0.004547 0.468104 0.000152
0.018261 0.151377 0.228072 0.129304 0.004556 0.468274 0.000156
0.018316 0.150914 0.227818 0.128798 0.004550 0.469449 0.000156
0.018258 0.150586 0.227162 0.129028 0.004566 0.470240 0.000159
0.018484 0.149357 0.227296 0.128496 0.004616 0.471587 0.000163
0.018213 0.149851 0.227183 0.128661 0.004549 0.471381 0.000162
0.018481 0.149946 0.226542 0.128613 0.004531 0.471729 0.000159
0.018436 0.149009 0.226680 0.128388 0.004551 0.472778 0.000158
0.018434 0.148839 0.226294 0.128257 0.004635 0.473377 0.000163
0.018666 0.148355 0.225591 0.128136 0.004587 0.474511 0.000155
0.018709 0.148198 0.225824 0.127938 0.004615 0.474557 0.000158
0.018621 0.147150 0.225186 0.127573 0.004621 0.476694 0.000154
0.018632 0.147458 0.225179 0.127410 0.004589 0.476571 0.000160
0.018869 0.145850 0.224672 0.126645 0.004644 0.479156 0.000165
0.019011 0.146143 0.224222 0.127050 0.004572 0.478838 0.000164
0.018568 0.145899 0.224231 0.126978 0.004600 0.479560 0.000164
0.018851 0.145409 0.223674 0.127154 0.004611 0.480140 0.000160
0.018592 0.145516 0.223594 0.126777 0.004631 0.480722 0.000168
0.018823 0.145432 0.223433 0.126746 0.004595 0.480811 0.000162
0.018815 0.144270 0.222727 0.126079 0.004682 0.483261 0.000167
0.018946 0.144344 0.222914 0.126233 0.004651 0.482740 0.000172
0.019211 0.143567 0.222212 0.125997 0.004704 0.484137 0.000173
0.019097 0.143449 0.221737 0.126256 0.004584 0.484706 0.000171
0.019074 0.143101 0.221794 0.125809 0.004673 0.485379 0.000170
0.018882 0.142707 0.221553 0.125909 0.004612 0.486172 0.000165
0.019327 0.142925 0.221267 0.125602 0.004600 0.486090 0.000189
0.019265 0.141903 0.221046 0.125355 0.004685 0.487580 0.000166
0.019198 0.141554 0.220699 0.124997 0.004656 0.488724 0.000173
