0.999109 0.000868 0.000016 0.000008 0.000000 0.000000 0.000000
0.998668 0.001292 0.000019 0.000008 0.000001 0.000012 0.000000
0.998197 0.001752 0.000027 0.000010 0.000000 0.000012 0.000001
0.997754 0.002186 0.000033 0.000013 0.000000 0.000012 0.000001
0.997227 0.002710 0.000033 0.000017 0.000000 0.000013 0.000001
0.996646 0.003285 0.000039 0.000018 0.000000 0.000012 0.000001
0.995998 0.003922 0.000048 0.000019 0.000000 0.000012 0.000001
0.995301 0.004609 0.000053 0.000026 0.000000 0.000011 0.000001
0.994298 0.005615 0.000047 0.000029 0.000000 0.000010 0.000001
0.993614 0.006274 0.000066 0.000035 0.000000 0.000010 0.000001
0.992195 0.007673 0.000081 0.000041 0.000000 0.000010 0.000001
0.990412 0.009420 0.000098 0.000061 0.000000 0.000009 0.000001
0.988832 0.010948 0.000136 0.000075 0.000000 0.000007 0.000000
0.985980 0.013771 0.000161 0.000080 0.000000 0.000007 0.000000
0.983414 0.016279 0.000205 0.000096 0.000000 0.000006 0.000000
0.980335 0.019275 0.000272 0.000113 0.000000 0.000006 0.000000
0.976504 0.023049 0.000295 0.000147 0.000000 0.000005 0.000000
0.971966 0.027512 0.000340 0.000173 0.000000 0.000010 0.000000
0.965669 0.033637 0.000463 0.000221 0.000000 0.000009 0.000000
0.959483 0.039706 0.000532 0.000266 0.000000 0.000013 0.000000
0.952498 0.046556 0.000623 0.000304 0.000000 0.000018 0.000000
0.946383 0.052552 0.000682 0.000369 0.000000 0.000014 0.000000
0.936473 0.062251 0.000793 0.000466 0.000000 0.000016 0.000000
0.927101 0.071365 0.000973 0.000544 0.000000 0.000017 0.000000
0.915290 0.082926 0.001143 0.000624 0.000000 0.000017 0.000000
0.903208 0.094715 0.001338 0.000716 0.000000 0.000022 0.000000
0.890692 0.106867 0.001593 0.000820 0.000000 0.000027 0.000000
0.878934 0.118228 0.001852 0.000954 0.000000 0.000031 0.000000
0.865078 0.131659 0.002110 0.001115 0.000000 0.000039 0.000000
0.850645 0.145681 0.002384 0.001251 0.000000 0.000039 0.000000
0.835233 0.160598 0.002704 0.001416 0.000000 0.000049 0.000000
0.820492 0.174882 0.003007 0.001566 0.000000 0.000053 0.000000
0.804070 0.190683 0.003378 0.001804 0.000000 0.000064 0.000000
0.786721 0.207372 0.003777 0.002057 0.000000 0.000073 0.000000
0.774490 0.219069 0.004071 0.002283 0.000000 0.000087 0.000000
0.755731 0.237066 0.004550 0.002542 0.000000 0.000112 0.000000
0.740835 0.251295 0.004964 0.002786 0.000001 0.000119 0.000000
0.726211 0.265217 0.005394 0.003044 0.000002 0.000132 0.000000
0.710577 0.280121 0.005846 0.003296 0.000001 0.000159 0.000000
0.696715 0.293223 0.006290 0.003593 0.000002 0.000177 0.000000
0.680356 0.308781 0.006815 0.003847 0.000001 0.000200 0.000000
0.666552 0.321753 0.007353 0.004126 0.000002 0.000214 0.000000
0.652229 0.335229 0.007907 0.004389 0.000003 0.000243 0.000000
0.637444 0.349128 0.008455 0.004690 0.000003 0.000280 0.000000
0.624962 0.360839 0.008928 0.004967 0.000004 0.000300 0.000000
0.610404 0.374302 0.009591 0.005371 0.000005 0.000328 0.000000
0.600150 0.383839 0.010017 0.005630 0.000005 0.000360 0.000000
0.583850 0.398963 0.010737 0.006046 0.000006 0.000399 0.000000
0.572747 0.409163 0.011298 0.006370 0.000004 0.000418 0.000000
0.561959 0.419025 0.011878 0.006694 0.000007 0.000437 0.000000
0.548466 0.431320 0.012584 0.007137 0.000006 0.000486 0.000000
0.536522 0.442248 0.013204 0.007492 0.000006 0.000528 0.000000
0.525025 0.452549 0.013918 0.007933 0.000006 0.000568 0.000000
0.515452 0.461167 0.014490 0.008265 0.000006 0.000621 0.000000
0.505027 0.470374 0.015240 0.008685 0.000006 0.000668 0.000000
0.491856 0.482171 0.016130 0.009115 0.000008 0.000721 0.000000
0.486232 0.486847 0.016717 0.009441 0.000009 0.000754 0.000000
0.475416 0.496382 0.017479 0.009905 0.000008 0.000811 0.000000
0.462804 0.507488 0.018378 0.010461 0.000009 0.000859 0.000000
0.456585 0.512767 0.018887 0.010827 0.000009 0.000925 0.000000
0.442534 0.525122 0.019910 0.011405 0.000012 0.001017 0.000000
0.436705 0.529775 0.020663 0.011780 0.000014 0.001062 0.000000
0.429623 0.535669 0.021308 0.012255 0.000014 0.001131 0.000000
0.417805 0.545750 0.022350 0.012857 0.000016 0.001221 0.000000
0.412396 0.549923 0.023061 0.013318 0.000018 0.001285 0.000000
0.406594 0.554394 0.023853 0.013780 0.000015 0.001364 0.000000
0.396435 0.563094 0.024763 0.014245 0.000019 0.001443 0.000000
0.389030 0.568918 0.025692 0.014820 0.000021 0.001520 0.000000
0.379608 0.576785 0.026611 0.015379 0.000019 0.001598 0.000000
0.373410 0.581483 0.027508 0.015889 0.000020 0.001690 0.000000
0.366922 0.586297 0.028569 0.016391 0.000021 0.001800 0.000000
0.355738 0.595496 0.029725 0.017103 0.000022 0.001917 0.000000
0.352419 0.597668 0.030408 0.017468 0.000022 0.002014 0.000000
0.344703 0.603484 0.031575 0.018069 0.000023 0.002146 0.000000
0.339808 0.607070 0.032260 0.018601 0.000020 0.002241 0.000000
0.332397 0.612260 0.033545 0.019387 0.000025 0.002385 0.000000
0.324863 0.617890 0.034730 0.019989 0.000025 0.002503 0.000000
0.318511 0.622121 0.035981 0.020673 0.000030 0.002683 0.000000
0.311836 0.627349 0.036819 0.021196 0.000029 0.002770 0.000000
0.306470 0.630841 0.037869 0.021829 0.000031 0.002959 0.000000
0.300757 0.634701 0.039037 0.022373 0.000035 0.003098 0.000000
0.291630 0.641642 0.040309 0.023122 0.000038 0.003258 0.000000
0.288688 0.642545 0.041480 0.023821 0.000038 0.003428 0.000000
0.286107 0.643689 0.042336 0.024265 0.000039 0.003565 0.000000
0.278416 0.649859 0.043227 0.024801 0.000043 0.003654 0.000000
0.272465 0.653462 0.044599 0.025579 0.000044 0.003852 0.000000
0.264906 0.658574 0.046037 0.026365 0.000049 0.004069 0.000000
0.253967 0.666525 0.047808 0.027336 0.000050 0.004313 0.000000
0.247867 0.670406 0.049094 0.028099 0.000054 0.004480 0.000000
0.236071 0.678810 0.051030 0.029224 0.000055 0.004810 0.000000
0.230769 0.682058 0.052285 0.029813 0.000058 0.005017 0.000000
0.228112 0.683038 0.053189 0.030389 0.000061 0.005210 0.000000
0.218649 0.689752 0.054812 0.031301 0.000066 0.005421 0.000000
0.208076 0.696421 0.057125 0.032531 0.000072 0.005776 0.000000
0.200641 0.700926 0.058803 0.033497 0.000075 0.006058 0.000000
0.191809 0.706204 0.060856 0.034647 0.000079 0.006405 0.000000
0.189640 0.706454 0.061973 0.035259 0.000082 0.006591 0.000000
0.178869 0.712819 0.064547 0.036647 0.000088 0.007029 0.000000
0.172411 0.716121 0.066340 0.037733 0.000092 0.007303 0.000000
0.169642 0.717150 0.067331 0.038246 0.000091 0.007540 0.000000
0.162171 0.720668 0.069553 0.039537 0.000100 0.007971 0.000000
0.160018 0.720359 0.070847 0.040345 0.000097 0.008334 0.000000
0.152291 0.725306 0.072445 0.041295 0.000100 0.008563 0.000000
0.148394 0.724518 0.075160 0.042709 0.000109 0.009110 0.000000
0.147993 0.724269 0.075384 0.042982 0.000110 0.009261 0.000000
0.143596 0.725621 0.077204 0.043842 0.000118 0.009618 0.000000
0.138126 0.726557 0.079648 0.045396 0.000116 0.010157 0.000000
0.134532 0.727654 0.081078 0.046173 0.000121 0.010441 0.000001
0.132287 0.726290 0.083011 0.047325 0.000125 0.010961 0.000001
0.130983 0.725248 0.084355 0.047963 0.000130 0.011321 0.000001
0.128686 0.723983 0.086226 0.049229 0.000138 0.011738 0.000001
0.124202 0.725889 0.087572 0.050012 0.000138 0.012187 0.000000
0.126034 0.722411 0.088490 0.050511 0.000150 0.012404 0.000001
0.122110 0.721970 0.090943 0.051756 0.000157 0.013063 0.000001
0.118175 0.722980 0.092594 0.052691 0.000158 0.013402 0.000001
0.115775 0.723015 0.093918 0.053369 0.000160 0.013762 0.000001
0.111620 0.723548 0.095845 0.054476 0.000171 0.014337 0.000002
0.111885 0.721321 0.096837 0.055141 0.000175 0.014640 0.000002
0.104073 0.724020 0.099696 0.056741 0.000177 0.015291 0.000002
0.106778 0.721337 0.099564 0.056694 0.000182 0.015442 0.000002
0.103567 0.720726 0.101562 0.057857 0.000183 0.016103 0.000002
0.095569 0.724536 0.104055 0.059057 0.000185 0.016595 0.000001
0.097051 0.720052 0.105382 0.059992 0.000199 0.017322 0.000001
0.091272 0.722498 0.107297 0.061113 0.000201 0.017618 0.000002
0.091262 0.720388 0.108486 0.061560 0.000201 0.018101 0.000002
0.088165 0.720487 0.109898 0.062578 0.000210 0.018659 0.000002
0.084796 0.719986 0.112018 0.063759 0.000227 0.019213 0.000002
0.083984 0.718072 0.113278 0.064612 0.000223 0.019829 0.000002
0.081275 0.717206 0.115279 0.065577 0.000230 0.020431 0.000001
0.077425 0.717294 0.117242 0.066696 0.000242 0.021098 0.000002
0.075403 0.715950 0.119017 0.067724 0.000250 0.021654 0.000002
0.073531 0.714329 0.120757 0.068763 0.000248 0.022370 0.000002
0.072887 0.712755 0.121958 0.069335 0.000261 0.022802 0.000002
0.071770 0.712709 0.122573 0.069692 0.000257 0.022998 0.000001
0.070096 0.709370 0.125059 0.071243 0.000271 0.023960 0.000001
0.067684 0.708106 0.127084 0.072239 0.000279 0.024606 0.000002
0.066770 0.707283 0.127861 0.072783 0.000271 0.025029 0.000002
0.066315 0.704360 0.129693 0.073692 0.000286 0.025651 0.000003
0.062919 0.703670 0.131832 0.074766 0.000294 0.026515 0.000003
0.060282 0.702567 0.133696 0.075930 0.000308 0.027215 0.000003
0.061504 0.700593 0.134215 0.076001 0.000311 0.027373 0.000003
0.056886 0.700277 0.136662 0.077445 0.000314 0.028414 0.000003
0.062462 0.694797 0.136261 0.077443 0.000329 0.028705 0.000002
0.064687 0.689937 0.137689 0.078214 0.000350 0.029121 0.000003
0.057848 0.691361 0.140418 0.079780 0.000354 0.030236 0.000003
0.059638 0.688323 0.141054 0.080010 0.000346 0.030627 0.000003
0.058988 0.685536 0.142614 0.080972 0.000364 0.031523 0.000002
0.055689 0.687397 0.143491 0.081327 0.000357 0.031736 0.000002
0.055944 0.684037 0.144813 0.082255 0.000375 0.032574 0.000003
0.055535 0.680541 0.146586 0.083493 0.000387 0.033454 0.000003
0.055656 0.678396 0.147785 0.083792 0.000391 0.033977 0.000002
0.052063 0.678822 0.149176 0.084719 0.000405 0.034812 0.000003
0.051822 0.676503 0.150552 0.085237 0.000398 0.035486 0.000002
0.051366 0.674170 0.151848 0.086171 0.000418 0.036025 0.000003
0.047025 0.673991 0.154091 0.087452 0.000424 0.037015 0.000003
0.048611 0.672627 0.153866 0.087186 0.000419 0.037289 0.000002
0.052239 0.666387 0.154853 0.088040 0.000440 0.038039 0.000002
0.049885 0.665445 0.156694 0.088804 0.000437 0.038731 0.000004
0.047457 0.665184 0.157868 0.089520 0.000437 0.039529 0.000004
0.050983 0.661668 0.157720 0.089480 0.000450 0.039696 0.000003
0.051130 0.658177 0.159227 0.090365 0.000470 0.040628 0.000003
0.046780 0.657522 0.161741 0.091780 0.000476 0.041699 0.000004
0.047560 0.654437 0.162738 0.092412 0.000485 0.042364 0.000004
0.044702 0.653684 0.164688 0.093307 0.000499 0.043117 0.000003
0.044962 0.652365 0.165004 0.093475 0.000502 0.043687 0.000005
0.042672 0.650778 0.166998 0.094501 0.000516 0.044530 0.000005
0.041788 0.650384 0.167585 0.094761 0.000515 0.044961 0.000004
0.042493 0.647637 0.168277 0.095250 0.000515 0.045824 0.000005
0.039998 0.646093 0.170235 0.096291 0.000535 0.046842 0.000005
0.041792 0.644261 0.170011 0.096304 0.000544 0.047084 0.000005
0.037504 0.643068 0.172627 0.097969 0.000575 0.048252 0.000005
0.037689 0.641476 0.173250 0.098252 0.000552 0.048777 0.000005
0.037326 0.638913 0.174453 0.099055 0.000567 0.049683 0.000004
0.034428 0.636969 0.176896 0.100236 0.000584 0.050883 0.000005
0.032448 0.635858 0.178304 0.101148 0.000602 0.051637 0.000003
0.032350 0.634092 0.178907 0.101579 0.000611 0.052455 0.000005
0.032235 0.633033 0.179465 0.101880 0.000609 0.052772 0.000006
0.030786 0.631286 0.181083 0.102411 0.000603 0.053824 0.000005
0.032604 0.626885 0.182208 0.103202 0.000628 0.054466 0.000006
0.037188 0.621501 0.182008 0.103380 0.000633 0.055286 0.000004
0.036310 0.620825 0.182598 0.103695 0.000635 0.055933 0.000004
0.036893 0.616972 0.184280 0.104327 0.000671 0.056852 0.000006
0.035044 0.615812 0.185601 0.105187 0.000677 0.057675 0.000003
0.034586 0.613942 0.186376 0.105897 0.000676 0.058519 0.000005
0.034277 0.610766 0.188000 0.106670 0.000670 0.059613 0.000004
0.035973 0.607924 0.188517 0.106897 0.000688 0.059996 0.000006
0.036309 0.605697 0.189188 0.107190 0.000703 0.060909 0.000004
0.033388 0.607044 0.189901 0.107615 0.000717 0.061332 0.000004
0.036467 0.601351 0.190816 0.108087 0.000719 0.062556 0.000004
0.032929 0.601958 0.192062 0.109026 0.000739 0.063281 0.000005
0.032076 0.597881 0.194186 0.110289 0.000726 0.064839 0.000004
0.033862 0.597055 0.193549 0.109980 0.000741 0.064809 0.000003
0.031574 0.594327 0.195890 0.111064 0.000739 0.066400 0.000006
0.030433 0.594137 0.196469 0.111300 0.000755 0.066902 0.000004
0.028106 0.593578 0.197712 0.112035 0.000751 0.067811 0.000007
0.029300 0.591682 0.197909 0.112110 0.000768 0.068227 0.000005
0.027782 0.588498 0.199892 0.113352 0.000792 0.069679 0.000005
0.026679 0.588071 0.200411 0.113775 0.000795 0.070263 0.000006
0.026151 0.587307 0.200850 0.114032 0.000795 0.070860 0.000005
0.024978 0.584039 0.202837 0.114897 0.000808 0.072435 0.000007
0.024866 0.582754 0.203409 0.115114 0.000820 0.073032 0.000005
0.023942 0.581679 0.204142 0.115640 0.000829 0.073762 0.000006
0.024259 0.578700 0.205233 0.116127 0.000840 0.074834 0.000007
0.022771 0.577966 0.205921 0.116888 0.000847 0.075601 0.000006
0.021919 0.575550 0.207268 0.117971 0.000865 0.076421 0.000006
0.021571 0.573864 0.208071 0.118329 0.000870 0.077289 0.000006
0.020796 0.570559 0.209632 0.119349 0.000898 0.078759 0.000007
0.020286 0.569076 0.210450 0.119795 0.000892 0.079494 0.000006
0.020596 0.568475 0.210539 0.119542 0.000900 0.079942 0.000007
0.020341 0.564632 0.212098 0.120570 0.000907 0.081447 0.000005
0.020005 0.564379 0.212317 0.120592 0.000917 0.081782 0.000007
0.019035 0.558973 0.215015 0.122021 0.000971 0.083979 0.000006
0.018592 0.558204 0.215436 0.122286 0.000950 0.084527 0.000006
0.018830 0.556359 0.215813 0.122681 0.000959 0.085350 0.000008
0.018809 0.554964 0.216405 0.122802 0.000970 0.086043 0.000006
0.018168 0.553073 0.217293 0.123411 0.001000 0.087050 0.000006
0.018549 0.551663 0.217729 0.123413 0.000995 0.087646 0.000006
0.018317 0.549492 0.218530 0.123877 0.001026 0.088751 0.000007
0.018088 0.547380 0.219490 0.124353 0.001002 0.089680 0.000007
0.017308 0.545388 0.220543 0.125207 0.001007 0.090540 0.000007
0.017287 0.542944 0.221388 0.125731 0.001055 0.091589 0.000007
0.017023 0.541129 0.222018 0.126169 0.001029 0.092626 0.000007
0.016593 0.536503 0.224294 0.127094 0.001087 0.094420 0.000008
0.016875 0.536927 0.223265 0.126969 0.001097 0.094859 0.000008
0.016494 0.534436 0.224630 0.127560 0.001103 0.095769 0.000008
0.016460 0.532226 0.225286 0.127998 0.001122 0.096902 0.000007
0.016216 0.530521 0.225931 0.128653 0.001110 0.097561 0.000007
0.016133 0.528619 0.226847 0.128786 0.001119 0.098490 0.000007
0.015966 0.527879 0.226779 0.128890 0.001140 0.099338 0.000007
0.017712 0.525188 0.226970 0.129187 0.001178 0.099757 0.000008
0.023429 0.520491 0.226069 0.128680 0.001159 0.100166 0.000006
0.026086 0.514785 0.227069 0.129385 0.001156 0.101510 0.000007
0.027879 0.513874 0.226286 0.128964 0.001181 0.101808 0.000009
0.027695 0.511293 0.227530 0.129234 0.001184 0.103058 0.000007
0.025052 0.510802 0.228527 0.130025 0.001208 0.104379 0.000007
0.027701 0.508385 0.228148 0.129998 0.001231 0.104531 0.000006
0.029256 0.506806 0.227965 0.129882 0.001208 0.104874 0.000009
0.027376 0.506273 0.228760 0.130016 0.001230 0.106338 0.000007
0.028649 0.504265 0.228642 0.130331 0.001244 0.106862 0.000007
0.028590 0.501447 0.229631 0.130759 0.001242 0.108324 0.000007
0.026049 0.501007 0.230944 0.131467 0.001257 0.109270 0.000006
0.027934 0.498693 0.230584 0.131373 0.001267 0.110140 0.000008
0.023576 0.497783 0.232967 0.132557 0.001324 0.111784 0.000009
0.025570 0.496248 0.232154 0.132217 0.001276 0.112526 0.000009
0.022537 0.495753 0.233863 0.133242 0.001298 0.113298 0.000010
0.021261 0.492673 0.235446 0.134012 0.001333 0.115267 0.000008
0.021849 0.493379 0.234551 0.133485 0.001344 0.115382 0.000010
0.022384 0.490201 0.235457 0.133966 0.001351 0.116633 0.000008
0.020198 0.490306 0.236273 0.134467 0.001372 0.117373 0.000010
0.019622 0.488656 0.236944 0.134933 0.001374 0.118462 0.000009
0.020584 0.488054 0.236791 0.134765 0.001398 0.118401 0.000007
0.020095 0.485520 0.237793 0.134941 0.001421 0.120222 0.000009
0.016861 0.483529 0.239729 0.136580 0.001431 0.121859 0.000009
0.018089 0.482653 0.239186 0.136141 0.001396 0.122524 0.000010
0.017931 0.480026 0.240041 0.136686 0.001456 0.123847 0.000012
0.017361 0.478737 0.240884 0.136770 0.001458 0.124778 0.000010
0.016718 0.475854 0.241772 0.137620 0.001514 0.126510 0.000012
0.016005 0.475379 0.242182 0.137964 0.001516 0.126944 0.000011
0.016219 0.474197 0.242485 0.137801 0.001485 0.127801 0.000012
0.015722 0.472372 0.243229 0.138418 0.001511 0.128737 0.000011
0.015692 0.469964 0.243816 0.138783 0.001515 0.130218 0.000012
0.015033 0.468182 0.244558 0.139320 0.001558 0.131338 0.000012
0.015123 0.466419 0.244976 0.139414 0.001527 0.132528 0.000012
0.015508 0.466473 0.244702 0.139125 0.001548 0.132633 0.000011
0.014715 0.462324 0.246452 0.140199 0.001585 0.134711 0.000014
0.014227 0.459807 0.247522 0.140598 0.001581 0.136251 0.000012
0.014429 0.459956 0.246908 0.140663 0.001568 0.136464 0.000012
0.014017 0.457721 0.247821 0.141066 0.001605 0.137758 0.000012
0.014023 0.455779 0.248584 0.141306 0.001632 0.138663 0.000013
0.014048 0.452797 0.249217 0.141620 0.001662 0.140646 0.000009
0.013746 0.451726 0.249730 0.141554 0.001648 0.141582 0.000015
0.013447 0.449812 0.250187 0.142323 0.001682 0.142536 0.000013
0.013811 0.449421 0.249936 0.142203 0.001675 0.142941 0.000013
0.013914 0.447273 0.250490 0.142487 0.001681 0.144140 0.000015
0.013771 0.446775 0.250517 0.142508 0.001705 0.144709 0.000014
0.013596 0.444867 0.251142 0.142849 0.001680 0.145853 0.000014
0.013570 0.443588 0.251556 0.142759 0.001705 0.146805 0.000016
0.013383 0.440749 0.252434 0.143341 0.001736 0.148343 0.000014
0.013763 0.439368 0.252633 0.143137 0.001749 0.149335 0.000015
0.013436 0.438642 0.252767 0.143466 0.001748 0.149924 0.000017
0.013279 0.435743 0.253565 0.144046 0.001749 0.151603 0.000015
0.013307 0.434440 0.253472 0.144409 0.001759 0.152596 0.000016
0.013057 0.432643 0.254316 0.144192 0.001760 0.154015 0.000016
0.013093 0.430898 0.254727 0.144639 0.001787 0.154837 0.000018
0.013002 0.429252 0.255247 0.144956 0.001801 0.155725 0.000017
0.013146 0.427494 0.255152 0.145146 0.001800 0.157247 0.000016
0.012897 0.425565 0.256021 0.145406 0.001826 0.158267 0.000018
0.012917 0.424425 0.256379 0.145452 0.001819 0.158991 0.000017
0.012851 0.423216 0.256481 0.145628 0.001821 0.159988 0.000015
0.012681 0.421419 0.256786 0.145902 0.001869 0.161325 0.000018
0.012845 0.420995 0.256866 0.145862 0.001842 0.161572 0.000019
0.012982 0.418936 0.257040 0.146135 0.001850 0.163045 0.000014
0.012710 0.416315 0.258213 0.146562 0.001878 0.164305 0.000016
0.012701 0.414176 0.258603 0.146806 0.001882 0.165814 0.000018
0.012939 0.414109 0.258274 0.146506 0.001903 0.166253 0.000017
0.012715 0.413107 0.258964 0.146444 0.001895 0.166858 0.000018
0.012886 0.411988 0.258494 0.147051 0.001909 0.167653 0.000019
0.012669 0.409048 0.259439 0.147181 0.001951 0.169695 0.000017
0.012707 0.407053 0.259583 0.147446 0.001939 0.171253 0.000019
0.012713 0.406946 0.259714 0.147152 0.001904 0.171550 0.000020
0.012722 0.404367 0.260370 0.147562 0.001984 0.172974 0.000020
0.012691 0.403438 0.260322 0.147860 0.001984 0.173686 0.000018
0.012672 0.401590 0.260904 0.147845 0.001980 0.174992 0.000017
0.012573 0.401239 0.260946 0.147713 0.001991 0.175519 0.000020
0.012568 0.399501 0.261001 0.148179 0.001992 0.176741 0.000019
0.012733 0.397757 0.261173 0.148298 0.002012 0.178007 0.000020
0.012621 0.395204 0.261829 0.148714 0.002032 0.179583 0.000018
0.012544 0.395809 0.261628 0.148438 0.002009 0.179550 0.000022
0.012616 0.392677 0.262405 0.148652 0.002033 0.181594 0.000022
0.012652 0.391960 0.262403 0.148794 0.002028 0.182142 0.000021
0.012599 0.390278 0.262605 0.148817 0.002043 0.183633 0.000025
0.012529 0.388738 0.263037 0.149165 0.002072 0.184436 0.000023
0.012444 0.387225 0.263177 0.149216 0.002101 0.185812 0.000024
0.012405 0.386995 0.263092 0.149293 0.002090 0.186098 0.000025
0.012392 0.384612 0.263737 0.149523 0.002129 0.187585 0.000022
0.012514 0.382689 0.263884 0.149830 0.002171 0.188888 0.000024
0.012524 0.381057 0.264124 0.149520 0.002140 0.190608 0.000027
0.012323 0.379523 0.264358 0.150078 0.002168 0.191527 0.000025
0.012450 0.378754 0.264172 0.150231 0.002160 0.192204 0.000028
0.012476 0.377185 0.264608 0.150367 0.002192 0.193146 0.000025
0.012386 0.376254 0.264563 0.150353 0.002196 0.194221 0.000027
0.012420 0.374446 0.264878 0.150141 0.002217 0.195869 0.000029
0.012629 0.372689 0.265339 0.150444 0.002222 0.196647 0.000030
0.012369 0.373035 0.264968 0.150387 0.002218 0.196999 0.000024
0.012527 0.371981 0.265332 0.150226 0.002214 0.197695 0.000026
0.012340 0.369759 0.265627 0.150475 0.002245 0.199529 0.000024
0.012499 0.368089 0.265142 0.150616 0.002254 0.201371 0.000029
0.012340 0.366075 0.266019 0.150815 0.002282 0.202440 0.000028
0.012329 0.365472 0.265905 0.150992 0.002275 0.202998 0.000030
0.012427 0.363281 0.266010 0.150958 0.002307 0.204989 0.000029
0.012280 0.362949 0.266588 0.150787 0.002293 0.205075 0.000029
0.012303 0.360571 0.266404 0.151201 0.002334 0.207158 0.000029
0.012374 0.360095 0.266498 0.151248 0.002280 0.207472 0.000032
0.012450 0.358872 0.266312 0.151425 0.002337 0.208577 0.000028
0.012434 0.357382 0.266499 0.151394 0.002353 0.209910 0.000028
0.012419 0.356898 0.266429 0.151489 0.002356 0.210381 0.000029
0.012505 0.354326 0.266992 0.151525 0.002384 0.212235 0.000032
0.012435 0.353106 0.267225 0.151532 0.002395 0.213272 0.000034
0.012411 0.351653 0.267123 0.152203 0.002410 0.214168 0.000032
0.012331 0.350597 0.267913 0.151657 0.002384 0.215088 0.000030
0.012485 0.349180 0.267656 0.151636 0.002405 0.216606 0.000033
0.012237 0.347800 0.267167 0.152211 0.002417 0.218137 0.000031
0.012408 0.347050 0.267356 0.152284 0.002411 0.218464 0.000027
0.012388 0.346189 0.267572 0.152031 0.002409 0.219378 0.000032
0.012509 0.344524 0.267757 0.152013 0.002425 0.220740 0.000032
0.012421 0.343940 0.267794 0.152116 0.002463 0.221235 0.000031
0.012380 0.342640 0.267957 0.152272 0.002480 0.222240 0.000031
0.012318 0.340429 0.268437 0.152297 0.002471 0.224012 0.000036
0.012411 0.340273 0.268047 0.152042 0.002462 0.224728 0.000036
0.012326 0.338317 0.268224 0.152485 0.002499 0.226116 0.000032
0.012544 0.337162 0.268280 0.152223 0.002503 0.227252 0.000036
0.012532 0.335720 0.268657 0.152570 0.002515 0.227972 0.000034
0.012540 0.333582 0.268999 0.152484 0.002542 0.229815 0.000038
0.012520 0.333662 0.268675 0.152662 0.002521 0.229926 0.000035
0.012606 0.332589 0.268740 0.152444 0.002574 0.231012 0.000034
0.012580 0.331712 0.268421 0.152506 0.002583 0.232162 0.000036
0.012480 0.329309 0.268853 0.152779 0.002567 0.233980 0.000033
0.012391 0.329177 0.268674 0.152977 0.002610 0.234138 0.000034
0.012528 0.328593 0.268771 0.152719 0.002593 0.234762 0.000034
0.012484 0.326537 0.269089 0.152804 0.002634 0.236419 0.000033
0.012354 0.326402 0.268819 0.152982 0.002622 0.236787 0.000034
0.012394 0.324508 0.269176 0.152821 0.002588 0.238477 0.000036
0.012553 0.323043 0.269124 0.152669 0.002625 0.239951 0.000035
0.012510 0.320743 0.269163 0.152936 0.002671 0.241935 0.000042
0.012467 0.321694 0.269022 0.152617 0.002681 0.241486 0.000033
0.012570 0.319129 0.269468 0.152992 0.002711 0.243093 0.000036
0.012673 0.319049 0.269128 0.152322 0.002676 0.244114 0.000038
0.012588 0.317295 0.269118 0.152906 0.002686 0.245369 0.000037
0.012689 0.316728 0.268655 0.152724 0.002705 0.246461 0.000038
0.012842 0.315675 0.268896 0.152717 0.002670 0.247162 0.000038
0.012512 0.313217 0.269601 0.152943 0.002723 0.248961 0.000043
0.012629 0.313040 0.269186 0.152613 0.002684 0.249811 0.000036
0.012850 0.312344 0.268699 0.152795 0.002748 0.250528 0.000036
0.012736 0.310261 0.269134 0.152917 0.002743 0.252171 0.000038
0.012649 0.310268 0.269202 0.152631 0.002750 0.252464 0.000036
0.012866 0.307622 0.269184 0.152969 0.002771 0.254548 0.000040
0.012854 0.307965 0.269328 0.152723 0.002743 0.254348 0.000039
0.012684 0.306058 0.268980 0.152853 0.002859 0.256525 0.000040
0.012707 0.304906 0.268879 0.153031 0.002822 0.257615 0.000040
0.012801 0.304585 0.269139 0.153027 0.002802 0.257600 0.000046
0.012804 0.303222 0.269073 0.152789 0.002832 0.259237 0.000043
0.012792 0.302880 0.269286 0.152798 0.002875 0.259323 0.000046
0.012814 0.300484 0.269134 0.152891 0.002847 0.261786 0.000044
0.013021 0.299862 0.269298 0.152612 0.002865 0.262299 0.000042
0.012817 0.298870 0.268685 0.153014 0.002902 0.263670 0.000042
0.012977 0.297622 0.268643 0.152845 0.002898 0.264967 0.000047
0.012969 0.297930 0.268841 0.152944 0.002886 0.264384 0.000046
0.013062 0.297026 0.268690 0.152547 0.002920 0.265713 0.000042
0.012888 0.295151 0.269100 0.152738 0.002903 0.267174 0.000044
0.012751 0.294032 0.269005 0.152765 0.002926 0.268481 0.000040
0.012962 0.292874 0.268755 0.152551 0.002986 0.269831 0.000041
0.013010 0.290968 0.268823 0.152581 0.002951 0.271625 0.000043
0.012989 0.291615 0.268435 0.152376 0.002920 0.271620 0.000045
0.012984 0.289893 0.268701 0.152542 0.002940 0.272899 0.000041
0.013035 0.289315 0.268447 0.152544 0.002982 0.273633 0.000043
0.013054 0.288956 0.268312 0.152628 0.002960 0.274041 0.000049
0.012922 0.287174 0.268532 0.152505 0.002993 0.275826 0.000049
0.013135 0.285620 0.268594 0.152156 0.003035 0.277412 0.000048
0.013126 0.285667 0.268329 0.152236 0.003008 0.277584 0.000049
0.012998 0.284487 0.267974 0.152142 0.003052 0.279306 0.000042
0.012951 0.282273 0.268393 0.152274 0.003059 0.281005 0.000045
0.012991 0.281737 0.268539 0.152019 0.003066 0.281600 0.000047
0.013251 0.282058 0.268306 0.151984 0.003077 0.281277 0.000046
0.013175 0.279451 0.267988 0.152305 0.003079 0.283956 0.000046
0.013064 0.280605 0.267888 0.151993 0.003087 0.283311 0.000052
0.013149 0.277756 0.267959 0.152140 0.003145 0.285796 0.000054
0.013164 0.276783 0.267823 0.151771 0.003133 0.287276 0.000051
0.013232 0.275635 0.267849 0.152040 0.003094 0.288095 0.000056
0.013062 0.276410 0.267873 0.151600 0.003082 0.287921 0.000052
0.013233 0.273071 0.267992 0.152099 0.003148 0.290406 0.000050
0.013216 0.273877 0.267379 0.151901 0.003088 0.290490 0.000049
0.013274 0.273184 0.267616 0.151654 0.003155 0.291065 0.000052
0.013293 0.270851 0.267233 0.151720 0.003123 0.293731 0.000048
0.013066 0.270286 0.267527 0.151863 0.003175 0.294025 0.000057
0.013444 0.268392 0.266929 0.151713 0.003190 0.296278 0.000054
0.013430 0.267485 0.267241 0.151652 0.003176 0.296959 0.000057
0.013411 0.267739 0.267087 0.151445 0.003190 0.297071 0.000057
0.013499 0.266419 0.266721 0.151840 0.003200 0.298269 0.000052
0.013359 0.266577 0.266779 0.151289 0.003222 0.298719 0.000055
0.013593 0.264309 0.266882 0.151374 0.003195 0.300592 0.000056
0.013476 0.263761 0.266798 0.151374 0.003227 0.301303 0.000060
0.013582 0.262959 0.266376 0.151233 0.003214 0.302574 0.000061
0.013634 0.261910 0.266893 0.150917 0.003224 0.303363 0.000058
0.013607 0.261339 0.266376 0.151249 0.003234 0.304132 0.000062
0.013617 0.260258 0.266633 0.150827 0.003241 0.305369 0.000055
0.013754 0.260211 0.266404 0.150907 0.003209 0.305458 0.000057
0.013493 0.258038 0.266315 0.150789 0.003258 0.308046 0.000060
0.013701 0.258713 0.266230 0.150855 0.003256 0.307184 0.000060
0.013799 0.255829 0.265905 0.150648 0.003315 0.310444 0.000060
0.013637 0.255304 0.265947 0.150442 0.003320 0.311288 0.000061
0.013701 0.254813 0.265649 0.150678 0.003294 0.311807 0.000058
0.013740 0.253665 0.265626 0.150479 0.003307 0.313123 0.000059
0.013752 0.254292 0.265631 0.150587 0.003305 0.312369 0.000063
0.013828 0.251131 0.265575 0.150259 0.003346 0.315795 0.000066
0.013756 0.250979 0.265379 0.149983 0.003388 0.316448 0.000068
0.013833 0.251171 0.265009 0.150460 0.003325 0.316139 0.000063
0.014035 0.249434 0.264976 0.150255 0.003293 0.317939 0.000068
0.013955 0.249120 0.264452 0.150135 0.003348 0.318922 0.000067
0.013973 0.247254 0.264478 0.149832 0.003425 0.320973 0.000066
0.014108 0.247650 0.264634 0.150004 0.003332 0.320208 0.000064
0.014048 0.246227 0.264512 0.149797 0.003336 0.322007 0.000072
0.014279 0.246464 0.264497 0.149621 0.003318 0.321752 0.000070
0.014195 0.244164 0.264381 0.149519 0.003371 0.324305 0.000067
0.014084 0.244285 0.264161 0.149463 0.003376 0.324556 0.000074
0.014168 0.243278 0.263632 0.149481 0.003376 0.325998 0.000067
0.014082 0.243002 0.263892 0.149361 0.003387 0.326201 0.000074
0.014085 0.241628 0.263664 0.149328 0.003442 0.327784 0.000068
0.014205 0.240488 0.263206 0.149399 0.003443 0.329193 0.000067
0.014210 0.239475 0.263250 0.149262 0.003433 0.330298 0.000072
0.014210 0.239664 0.263052 0.148741 0.003444 0.330820 0.000069
0.014093 0.238453 0.262517 0.148926 0.003511 0.332437 0.000064
0.014055 0.237577 0.263007 0.148708 0.003435 0.333149 0.000069
0.014449 0.236962 0.262349 0.148920 0.003451 0.333794 0.000075
0.014307 0.236010 0.262378 0.148523 0.003472 0.335236 0.000073
0.014284 0.235512 0.262013 0.148599 0.003480 0.336048 0.000064
0.014562 0.234379 0.261659 0.148632 0.003452 0.337241 0.000075
0.014337 0.234075 0.261784 0.148511 0.003509 0.337709 0.000074
0.014457 0.233633 0.261919 0.148156 0.003528 0.338228 0.000078
0.014642 0.231234 0.261168 0.148225 0.003486 0.341169 0.000076
0.014642 0.231548 0.261211 0.148389 0.003513 0.340615 0.000082
0.014611 0.230735 0.261361 0.147802 0.003501 0.341912 0.000078
0.014209 0.230484 0.260825 0.148061 0.003553 0.342789 0.000079
0.014621 0.228361 0.260856 0.147843 0.003553 0.344690 0.000076
0.014568 0.228596 0.260935 0.147876 0.003537 0.344407 0.000081
0.014592 0.227601 0.260757 0.147608 0.003544 0.345816 0.000082
0.014693 0.227742 0.260893 0.147399 0.003561 0.345625 0.000086
0.014746 0.226030 0.260200 0.147611 0.003584 0.347745 0.000083
0.014579 0.225273 0.259953 0.147380 0.003576 0.349158 0.000080
0.014880 0.224959 0.259697 0.147583 0.003592 0.349204 0.000084
0.014749 0.224111 0.259378 0.147312 0.003592 0.350774 0.000083
0.014775 0.223082 0.259294 0.147467 0.003589 0.351709 0.000083
0.014780 0.222559 0.259315 0.147239 0.003585 0.352443 0.000078
0.014852 0.221688 0.259418 0.146808 0.003619 0.353534 0.000082
0.014928 0.221633 0.259151 0.147199 0.003635 0.353375 0.000079
0.014707 0.221015 0.258609 0.147034 0.003617 0.354935 0.000082
0.014728 0.220244 0.258347 0.146588 0.003674 0.356337 0.000082
0.014965 0.218913 0.258256 0.146649 0.003688 0.357446 0.000083
0.014787 0.217636 0.258163 0.146353 0.003728 0.359252 0.000081
0.014842 0.218129 0.257831 0.146161 0.003728 0.359222 0.000087
0.015162 0.216588 0.257831 0.146108 0.003656 0.360567 0.000088
0.015045 0.216718 0.257556 0.145875 0.003683 0.361034 0.000090
0.015058 0.215404 0.257267 0.146014 0.003681 0.362488 0.000088
0.015101 0.213588 0.257041 0.145698 0.003716 0.364771 0.000084
0.015253 0.214625 0.257125 0.145520 0.003728 0.363666 0.000081
0.015184 0.213016 0.256388 0.145634 0.003707 0.365980 0.000091
0.015323 0.212403 0.256590 0.145644 0.003739 0.366216 0.000086
0.015070 0.211888 0.256214 0.145359 0.003715 0.367650 0.000104
0.015568 0.211569 0.256260 0.145267 0.003729 0.367517 0.000091
0.015327 0.211768 0.255844 0.145217 0.003768 0.367986 0.000091
0.015420 0.210316 0.255756 0.144935 0.003731 0.369748 0.000093
0.015571 0.209163 0.255318 0.144899 0.003747 0.371209 0.000095
0.015413 0.208882 0.255075 0.144780 0.003784 0.371973 0.000092
0.015430 0.208257 0.255277 0.144448 0.003777 0.372719 0.000092
0.015336 0.207208 0.255330 0.144492 0.003791 0.373751 0.000093
0.015590 0.207071 0.254650 0.144613 0.003797 0.374191 0.000089
0.015754 0.206031 0.254876 0.144040 0.003753 0.375448 0.000097
0.015688 0.205301 0.254182 0.144229 0.003765 0.376737 0.000099
0.015542 0.205417 0.254353 0.144029 0.003818 0.376740 0.000103
0.015377 0.204173 0.253986 0.144081 0.003838 0.378449 0.000097
0.015639 0.202969 0.253907 0.143977 0.003777 0.379629 0.000101
0.015782 0.203143 0.253668 0.143641 0.003812 0.379853 0.000101
0.015611 0.203164 0.253553 0.143766 0.003813 0.379991 0.000102
0.015847 0.201684 0.253089 0.143235 0.003858 0.382179 0.000108
0.015843 0.200835 0.252667 0.143304 0.003854 0.383394 0.000104
0.015809 0.200581 0.252905 0.143384 0.003831 0.383375 0.000114
0.015853 0.199787 0.252303 0.142811 0.003874 0.385269 0.000103
0.015984 0.199646 0.252500 0.143047 0.003827 0.384889 0.000108
0.015615 0.198966 0.252003 0.142918 0.003857 0.386535 0.000106
0.016097 0.197840 0.252043 0.142627 0.003887 0.387395 0.000110
0.015978 0.197426 0.251237 0.142254 0.003963 0.389030 0.000112
0.015991 0.196989 0.251271 0.142412 0.003891 0.389331 0.000115
0.015965 0.196498 0.251087 0.142242 0.003923 0.390177 0.000107
0.016174 0.195556 0.251158 0.142102 0.003916 0.390988 0.000106
0.016051 0.195412 0.250703 0.141911 0.003941 0.391868 0.000115
0.016151 0.193864 0.250632 0.141989 0.003867 0.393382 0.000115
0.016213 0.194035 0.250358 0.141700 0.003929 0.393655 0.000110
0.016129 0.193006 0.250145 0.141889 0.003971 0.394744 0.000116
0.016361 0.192418 0.249725 0.141199 0.003963 0.396226 0.000109
0.016153 0.191911 0.249330 0.141569 0.003937 0.396995 0.000106
0.016443 0.191078 0.249164 0.141297 0.004029 0.397882 0.000108
0.016370 0.190829 0.249213 0.141066 0.003975 0.398435 0.000112
0.016379 0.189948 0.248765 0.140887 0.004018 0.399888 0.000115
0.016536 0.189707 0.248599 0.140860 0.003998 0.400187 0.000114
0.016549 0.189423 0.248329 0.140744 0.003988 0.400853 0.000113
0.016590 0.188233 0.248056 0.140481 0.004040 0.402482 0.000118
0.016594 0.187762 0.247891 0.140257 0.003987 0.403394 0.000115
0.016656 0.187586 0.247699 0.140064 0.003986 0.403892 0.000118
0.016791 0.186824 0.247207 0.140173 0.003984 0.404899 0.000121
0.016822 0.186102 0.247226 0.140028 0.004006 0.405694 0.000122
0.016532 0.186170 0.246982 0.139617 0.004023 0.406563 0.000112
0.016783 0.185255 0.246897 0.139569 0.004015 0.407363 0.000119
0.016824 0.184278 0.246293 0.139601 0.004013 0.408877 0.000115
0.016618 0.184218 0.246372 0.139236 0.004032 0.409399 0.000126
0.016768 0.183610 0.245769 0.139232 0.004075 0.410420 0.000126
0.016767 0.182655 0.245350 0.139195 0.004018 0.411891 0.000123
0.016802 0.182403 0.245835 0.138866 0.004141 0.411836 0.000117
0.016975 0.181628 0.245312 0.138466 0.004100 0.413399 0.000121
0.016954 0.181403 0.244768 0.138546 0.004093 0.414113 0.000123
0.016744 0.181049 0.244914 0.138504 0.004107 0.414556 0.000126
0.017159 0.180660 0.244720 0.138126 0.004071 0.415144 0.000120
0.017121 0.180055 0.244322 0.138269 0.004094 0.416016 0.000124
0.017196 0.179455 0.243987 0.137802 0.004174 0.417259 0.000127
0.017237 0.179045 0.243983 0.137783 0.004108 0.417715 0.000129
0.017187 0.178115 0.243424 0.137424 0.004128 0.419598 0.000125
0.017209 0.178130 0.243063 0.137535 0.004145 0.419798 0.000120
0.017104 0.177398 0.242840 0.137450 0.004146 0.420940 0.000121
0.017409 0.176917 0.242732 0.137417 0.004165 0.421240 0.000121
0.017288 0.175816 0.242062 0.137132 0.004145 0.423430 0.000127
0.017404 0.175538 0.241947 0.136764 0.004212 0.424007 0.000127
0.017413 0.174939 0.242118 0.136961 0.004210 0.424234 0.000125
0.017321 0.174236 0.241704 0.136882 0.004200 0.425526 0.000131
0.017315 0.174858 0.241408 0.136774 0.004170 0.425350 0.000125
0.017544 0.173523 0.241191 0.136271 0.004240 0.427113 0.000117
0.017259 0.172994 0.240934 0.136443 0.004236 0.428008 0.000125
0.017336 0.172742 0.240957 0.136382 0.004134 0.428319 0.000129
0.017589 0.172507 0.240107 0.135956 0.004254 0.429461 0.000126
0.017447 0.171936 0.240096 0.135765 0.004237 0.430386 0.000133
0.017609 0.171081 0.240178 0.135582 0.004247 0.431175 0.000129
0.017737 0.170741 0.239432 0.135814 0.004222 0.431932 0.000123
0.017546 0.170024 0.239160 0.135463 0.004255 0.433421 0.000131
0.017793 0.169203 0.239187 0.134908 0.004227 0.434554 0.000127
0.017628 0.169152 0.239042 0.135521 0.004234 0.434298 0.000125
0.017598 0.168905 0.238459 0.135039 0.004270 0.435598 0.000131
0.018055 0.168053 0.237802 0.134859 0.004301 0.436801 0.000128
0.017915 0.168092 0.238082 0.134613 0.004302 0.436866 0.000129
0.018070 0.167450 0.237678 0.134660 0.004326 0.437687 0.000129
0.017788 0.166432 0.237225 0.134593 0.004314 0.439515 0.000133
0.017903 0.166432 0.237115 0.134211 0.004331 0.439874 0.000133
0.017996 0.166293 0.237012 0.134034 0.004234 0.440295 0.000136
0.017953 0.165678 0.236889 0.134153 0.004354 0.440840 0.000133
0.018089 0.165114 0.236687 0.133771 0.004318 0.441886 0.000134
0.018244 0.164844 0.235972 0.133453 0.004336 0.443023 0.000128
0.018251 0.163770 0.236190 0.133119 0.004288 0.444244 0.000138
0.018337 0.163476 0.235665 0.133247 0.004354 0.444789 0.000131
0.018348 0.162842 0.235291 0.133157 0.004329 0.445892 0.000141
0.018420 0.162551 0.234689 0.133038 0.004382 0.446776 0.000144
0.018353 0.162320 0.234847 0.132873 0.004289 0.447185 0.000132
0.018370 0.161292 0.234489 0.132633 0.004344 0.448735 0.000136
0.018356 0.161388 0.234213 0.132880 0.004368 0.448658 0.000136
0.018359 0.161326 0.234002 0.132528 0.004344 0.449299 0.000141
0.018772 0.160504 0.233368 0.132574 0.004343 0.450308 0.000131
0.018381 0.160083 0.233504 0.131893 0.004322 0.451677 0.000140
0.018533 0.159723 0.232890 0.132213 0.004373 0.452126 0.000142
0.018730 0.158715 0.232752 0.131795 0.004336 0.453518 0.000153
0.018630 0.158544 0.232370 0.131668 0.004412 0.454224 0.000150
0.019039 0.158393 0.232454 0.131691 0.004347 0.453926 0.000149
0.018920 0.158162 0.232160 0.131392 0.004356 0.454874 0.000136
0.018514 0.157873 0.231981 0.131374 0.004354 0.455753 0.000150
0.018937 0.157103 0.231817 0.131069 0.004408 0.456531 0.000136
0.018724 0.156463 0.231263 0.131094 0.004361 0.457945 0.000149
0.018838 0.156352 0.231173 0.130740 0.004407 0.458344 0.000146
0.019084 0.156151 0.230845 0.130628 0.004354 0.458784 0.000154
0.019144 0.155287 0.230269 0.130541 0.004431 0.460180 0.000147
0.018949 0.154892 0.230312 0.130478 0.004408 0.460799 0.000161
0.019132 0.154741 0.229674 0.129901 0.004507 0.461889 0.000157
0.019079 0.153984 0.229738 0.130114 0.004384 0.462547 0.000154
0.019243 0.153619 0.229244 0.129754 0.004420 0.463571 0.000149
0.019270 0.153384 0.228981 0.129988 0.004431 0.463801 0.000144
0.019208 0.153133 0.229074 0.129627 0.004397 0.464411 0.000150
0.019510 0.152417 0.228543 0.129159 0.004454 0.465765 0.000152
0.019266 0.152052 0.228242 0.129357 0.004464 0.466469 0.000150
0.019417 0.151497 0.227934 0.129040 0.004491 0.467458 0.000164
0.019300 0.151477 0.227308 0.129136 0.004474 0.468132 0.000172
0.019576 0.151236 0.227225 0.128920 0.004457 0.468430 0.000157
0.019432 0.150633 0.227389 0.128748 0.004449 0.469190 0.000159
0.019741 0.149650 0.226843 0.128216 0.004431 0.470959 0.000160
0.019720 0.149498 0.226551 0.128131 0.004522 0.471422 0.000155
0.019855 0.149512 0.226295 0.128217 0.004521 0.471449 0.000152
0.019581 0.148818 0.226160 0.128003 0.004487 0.472794 0.000157
0.019817 0.148464 0.225706 0.127881 0.004507 0.473475 0.000150
0.019738 0.148007 0.225729 0.127610 0.004562 0.474185 0.000169
0.019885 0.148028 0.225629 0.127427 0.004558 0.474310 0.000163
0.020010 0.147305 0.225074 0.127069 0.004537 0.475852 0.000153
0.019964 0.146986 0.224693 0.127101 0.004518 0.476572 0.000167
0.019958 0.146482 0.224279 0.126600 0.004541 0.477989 0.000153
0.019774 0.146406 0.224369 0.126751 0.004569 0.477973 0.000159
0.020235 0.145379 0.223378 0.126274 0.004575 0.480008 0.000152
0.020228 0.145827 0.223538 0.126432 0.004564 0.479251 0.000160
0.020300 0.145533 0.223613 0.126383 0.004555 0.479452 0.000165
0.020312 0.145062 0.223109 0.126149 0.004571 0.480626 0.000171
0.020201 0.144533 0.222774 0.126288 0.004561 0.481481 0.000162
0.020145 0.143870 0.222515 0.125743 0.004613 0.482950 0.000165
0.020400 0.143726 0.222119 0.125801 0.004568 0.483222 0.000164
0.020299 0.143029 0.221767 0.125160 0.004652 0.484919 0.000174
0.020484 0.142474 0.220981 0.125569 0.004549 0.485769 0.000174
0.020568 0.142106 0.221293 0.125084 0.004600 0.486188 0.000162
0.020577 0.141904 0.221416 0.124735 0.004573 0.486629 0.000167
0.020838 0.141638 0.220473 0.124662 0.004595 0.487625 0.000169
0.020582 0.141848 0.220810 0.124456 0.004643 0.487503 0.000159
0.020503 0.141337 0.220606 0.124656 0.004553 0.488176 0.000168
0.020760 0.141026 0.219910 0.124227 0.004572 0.489333 0.000172
0.020609 0.140876 0.219801 0.124424 0.004612 0.489515 0.000164
0.020943 0.140558 0.219690 0.123804 0.004617 0.490223 0.000164
0.020589 0.140488 0.219369 0.123897 0.004595 0.490893 0.000168
