0.999113 0.000860 0.000018 0.000009 0.000000 0.000000 0.000000
0.998677 0.001282 0.000026 0.000005 0.000000 0.000011 0.000000
0.998221 0.001725 0.000033 0.000010 0.000000 0.000011 0.000000
0.997751 0.002185 0.000040 0.000012 0.000000 0.000011 0.000000
0.997228 0.002699 0.000043 0.000019 0.000000 0.000012 0.000000
0.996757 0.003157 0.000050 0.000023 0.000000 0.000013 0.000000
0.996156 0.003748 0.000054 0.000030 0.000000 0.000012 0.000000
0.995457 0.004436 0.000057 0.000038 0.000000 0.000012 0.000000
0.994541 0.005340 0.000068 0.000040 0.000000 0.000012 0.000000
0.993377 0.006496 0.000073 0.000043 0.000000 0.000011 0.000000
0.992230 0.007614 0.000096 0.000051 0.000000 0.000010 0.000000
0.990513 0.009306 0.000102 0.000067 0.000000 0.000011 0.000000
0.988554 0.011225 0.000136 0.000074 0.000000 0.000011 0.000000
0.985424 0.014307 0.000166 0.000093 0.000000 0.000009 0.000000
0.982927 0.016708 0.000217 0.000140 0.000000 0.000008 0.000000
0.978897 0.020680 0.000246 0.000169 0.000000 0.000008 0.000000
0.975143 0.024336 0.000315 0.000197 0.000000 0.000009 0.000000
0.970966 0.028460 0.000353 0.000208 0.000000 0.000013 0.000000
0.965724 0.033601 0.000425 0.000240 0.000000 0.000010 0.000000
0.960927 0.038300 0.000490 0.000272 0.000000 0.000011 0.000000
0.952266 0.046812 0.000590 0.000311 0.000000 0.000021 0.000000
0.945773 0.053109 0.000720 0.000380 0.000000 0.000019 0.000000
0.937352 0.061342 0.000823 0.000459 0.000000 0.000024 0.000000
0.929320 0.069181 0.000951 0.000517 0.000000 0.000032 0.000000
0.918527 0.079683 0.001117 0.000637 0.000000 0.000036 0.000000
0.906107 0.091756 0.001366 0.000734 0.000000 0.000036 0.000000
0.896321 0.101293 0.001510 0.000838 0.000000 0.000038 0.000000
0.884431 0.112855 0.001732 0.000945 0.000000 0.000038 0.000000
0.873074 0.123901 0.001935 0.001047 0.000000 0.000043 0.000000
0.857809 0.138721 0.002235 0.001191 0.000000 0.000044 0.000000
0.844849 0.151301 0.002465 0.001334 0.000000 0.000050 0.000000
0.828745 0.166865 0.002803 0.001523 0.000000 0.000063 0.000000
0.814297 0.180843 0.003116 0.001668 0.000000 0.000075 0.000000
0.799027 0.195573 0.003442 0.001871 0.000000 0.000088 0.000000
0.780017 0.213902 0.003855 0.002134 0.000000 0.000093 0.000000
0.767156 0.226201 0.004177 0.002364 0.000000 0.000101 0.000000
0.753132 0.239634 0.004532 0.002593 0.000000 0.000109 0.000000
0.733875 0.258093 0.005043 0.002864 0.000000 0.000124 0.000000
0.718700 0.272563 0.005462 0.003129 0.000001 0.000145 0.000000
0.701594 0.288881 0.005953 0.003406 0.000001 0.000165 0.000000
0.687494 0.302222 0.006413 0.003682 0.000002 0.000187 0.000000
0.670445 0.318400 0.006967 0.003985 0.000002 0.000200 0.000000
0.653396 0.334500 0.007514 0.004366 0.000003 0.000221 0.000000
0.637242 0.349708 0.008106 0.004698 0.000002 0.000244 0.000000
0.624046 0.361918 0.008737 0.005028 0.000002 0.000269 0.000000
0.610585 0.374503 0.009268 0.005344 0.000002 0.000298 0.000000
0.594935 0.389042 0.009950 0.005747 0.000002 0.000324 0.000000
0.581060 0.401861 0.010585 0.006132 0.000002 0.000361 0.000000
0.568906 0.412922 0.011252 0.006528 0.000002 0.000390 0.000000
0.554126 0.426547 0.011936 0.006961 0.000002 0.000428 0.000000
0.541787 0.437831 0.012586 0.007326 0.000001 0.000469 0.000000
0.527230 0.451118 0.013341 0.007777 0.000002 0.000532 0.000000
0.516907 0.460454 0.013979 0.008096 0.000002 0.000562 0.000000
0.503300 0.472765 0.014798 0.008519 0.000003 0.000616 0.000000
0.489030 0.485630 0.015656 0.009001 0.000003 0.000679 0.000000
0.478132 0.495365 0.016388 0.009395 0.000003 0.000717 0.000000
0.466975 0.505283 0.017134 0.009815 0.000004 0.000789 0.000000
0.458233 0.512897 0.017804 0.010225 0.000005 0.000835 0.000000
0.443151 0.526095 0.018969 0.010871 0.000009 0.000906 0.000000
0.432272 0.535616 0.019771 0.011350 0.000009 0.000982 0.000000
0.421106 0.545136 0.020767 0.011929 0.000010 0.001053 0.000000
0.412810 0.551977 0.021636 0.012453 0.000011 0.001113 0.000000
0.400698 0.562270 0.022724 0.013088 0.000012 0.001208 0.000000
0.394171 0.567680 0.023398 0.013466 0.000013 0.001272 0.000000
0.384151 0.575906 0.024528 0.014040 0.000013 0.001361 0.000000
0.371367 0.586774 0.025690 0.014694 0.000015 0.001461 0.000000
0.364145 0.592371 0.026646 0.015275 0.000018 0.001544 0.000000
0.353887 0.600753 0.027797 0.015891 0.000020 0.001651 0.000000
0.348058 0.604729 0.028961 0.016482 0.000021 0.001750 0.000000
0.337914 0.612864 0.030172 0.017187 0.000022 0.001841 0.000000
0.332628 0.616587 0.031128 0.017687 0.000024 0.001947 0.000000
0.321824 0.624834 0.032655 0.018547 0.000026 0.002114 0.000000
0.317773 0.627505 0.033497 0.019008 0.000025 0.002192 0.000000
0.309369 0.633729 0.034744 0.019770 0.000026 0.002362 0.000000
0.305204 0.636099 0.035809 0.020364 0.000026 0.002499 0.000000
0.294502 0.644543 0.037230 0.021036 0.000030 0.002659 0.000000
0.288032 0.648786 0.038543 0.021829 0.000030 0.002780 0.000000
0.278907 0.655385 0.040023 0.022673 0.000033 0.002979 0.000000
0.279788 0.653148 0.040836 0.023117 0.000032 0.003079 0.000000
0.270811 0.659313 0.042407 0.024132 0.000040 0.003297 0.000000
0.262429 0.665131 0.044036 0.024849 0.000039 0.003516 0.000000
0.261633 0.665184 0.044435 0.025158 0.000044 0.003547 0.000000
0.255380 0.668511 0.046122 0.026158 0.000046 0.003783 0.000000
0.252497 0.669485 0.047300 0.026728 0.000050 0.003939 0.000000
0.243712 0.675666 0.048844 0.027534 0.000053 0.004190 0.000000
0.240626 0.676876 0.049849 0.028205 0.000055 0.004389 0.000000
0.236898 0.678713 0.051008 0.028749 0.000057 0.004575 0.000000
0.229695 0.682761 0.052884 0.029741 0.000060 0.004858 0.000000
0.233063 0.678886 0.053057 0.029969 0.000060 0.004964 0.000000
0.227725 0.681075 0.054939 0.030982 0.000063 0.005216 0.000000
0.227511 0.679720 0.055839 0.031443 0.000068 0.005419 0.000000
0.223033 0.681806 0.057222 0.032206 0.000079 0.005652 0.000000
0.221437 0.681686 0.058290 0.032661 0.000078 0.005848 0.000000
0.213644 0.686542 0.059919 0.033703 0.000080 0.006111 0.000000
0.213617 0.684318 0.061099 0.034484 0.000086 0.006396 0.000000
0.208492 0.687262 0.062392 0.035136 0.000090 0.006628 0.000000
0.209280 0.684564 0.063392 0.035774 0.000094 0.006895 0.000000
0.205018 0.686860 0.064539 0.036383 0.000096 0.007104 0.000000
0.201651 0.687912 0.065761 0.037201 0.000096 0.007379 0.000000
0.198693 0.688153 0.067309 0.038027 0.000100 0.007717 0.000000
0.189014 0.694180 0.069423 0.039190 0.000103 0.008089 0.000000
0.190196 0.692134 0.069884 0.039426 0.000110 0.008250 0.000000
0.184385 0.694678 0.071661 0.040520 0.000118 0.008638 0.000000
0.169991 0.704201 0.074296 0.042202 0.000128 0.009180 0.000000
0.173952 0.699341 0.074867 0.042429 0.000122 0.009288 0.000000
0.167848 0.702567 0.076349 0.043461 0.000132 0.009643 0.000000
0.156232 0.709926 0.078769 0.044799 0.000134 0.010140 0.000000
0.152962 0.709416 0.080860 0.045944 0.000151 0.010668 0.000000
0.150360 0.711347 0.081314 0.046055 0.000148 0.010776 0.000000
0.145581 0.711786 0.083641 0.047490 0.000157 0.011345 0.000000
0.139308 0.714774 0.085524 0.048506 0.000165 0.011723 0.000000
0.140071 0.712632 0.086288 0.048867 0.000169 0.011972 0.000000
0.137225 0.712732 0.087811 0.049720 0.000172 0.012339 0.000000
0.132665 0.713607 0.089872 0.050824 0.000181 0.012851 0.000001
0.127136 0.715395 0.091861 0.052016 0.000184 0.013408 0.000001
0.125116 0.713704 0.093913 0.053111 0.000188 0.013967 0.000001
0.122413 0.714709 0.094789 0.053657 0.000196 0.014236 0.000000
0.116825 0.715736 0.097306 0.055067 0.000207 0.014859 0.000001
0.116127 0.712672 0.099264 0.056272 0.000207 0.015457 0.000000
0.116562 0.711218 0.099792 0.056462 0.000215 0.015751 0.000000
0.115505 0.708334 0.102070 0.057497 0.000214 0.016378 0.000001
0.115395 0.707207 0.102578 0.058058 0.000212 0.016550 0.000001
0.113812 0.705644 0.104327 0.058908 0.000219 0.017089 0.000001
0.108334 0.707011 0.106505 0.060122 0.000225 0.017803 0.000001
0.110081 0.704773 0.106618 0.060207 0.000237 0.018083 0.000001
0.100955 0.707969 0.110005 0.061978 0.000252 0.018839 0.000001
0.098632 0.707214 0.111736 0.062896 0.000254 0.019267 0.000001
0.100421 0.705345 0.111556 0.062921 0.000258 0.019499 0.000001
0.095624 0.706850 0.113276 0.063912 0.000263 0.020074 0.000001
0.093806 0.704961 0.115258 0.065004 0.000278 0.020693 0.000001
0.088340 0.704756 0.118116 0.066906 0.000280 0.021601 0.000001
0.089253 0.702283 0.118949 0.067276 0.000289 0.021949 0.000001
0.094636 0.696559 0.119089 0.067221 0.000285 0.022209 0.000001
0.090973 0.698135 0.120143 0.067859 0.000299 0.022591 0.000001
0.088032 0.696707 0.122240 0.069278 0.000311 0.023431 0.000001
0.088461 0.692844 0.124051 0.070180 0.000321 0.024143 0.000001
0.086263 0.691705 0.125571 0.071275 0.000316 0.024871 0.000001
0.083179 0.692363 0.126965 0.071936 0.000331 0.025225 0.000001
0.082791 0.690695 0.127857 0.072454 0.000353 0.025848 0.000001
0.077042 0.691531 0.130447 0.073927 0.000350 0.026703 0.000001
0.076124 0.689286 0.132053 0.074807 0.000368 0.027360 0.000001
0.080902 0.684784 0.131782 0.074664 0.000360 0.027506 0.000001
0.079859 0.681389 0.133873 0.075997 0.000377 0.028504 0.000001
0.078620 0.681925 0.134244 0.076261 0.000378 0.028572 0.000001
0.074569 0.680711 0.136866 0.077677 0.000388 0.029788 0.000000
0.074227 0.679426 0.137692 0.078180 0.000401 0.030074 0.000001
0.069724 0.679713 0.139764 0.079393 0.000409 0.030996 0.000001
0.070540 0.677573 0.140356 0.079718 0.000418 0.031395 0.000001
0.066172 0.677798 0.142480 0.080891 0.000410 0.032248 0.000001
0.064595 0.676307 0.144066 0.081617 0.000430 0.032985 0.000001
0.064160 0.675586 0.144465 0.082072 0.000430 0.033287 0.000000
0.061551 0.673854 0.146585 0.083295 0.000450 0.034265 0.000001
0.058257 0.673302 0.148381 0.084267 0.000462 0.035329 0.000002
0.056801 0.673738 0.149149 0.084428 0.000463 0.035418 0.000002
0.055028 0.671968 0.150824 0.085483 0.000459 0.036236 0.000002
0.050836 0.672923 0.152399 0.086475 0.000482 0.036884 0.000002
0.048492 0.669550 0.155278 0.088081 0.000485 0.038112 0.000002
0.044854 0.669127 0.157201 0.089205 0.000491 0.039121 0.000001
0.046568 0.668968 0.156373 0.088666 0.000488 0.038934 0.000003
0.045708 0.665137 0.158688 0.089770 0.000508 0.040186 0.000002
0.040967 0.663074 0.161944 0.091833 0.000516 0.041665 0.000002
0.040961 0.662177 0.162257 0.092058 0.000546 0.041999 0.000002
0.037146 0.662560 0.163962 0.093175 0.000554 0.042601 0.000003
0.037402 0.658666 0.165765 0.093937 0.000568 0.043659 0.000003
0.035838 0.657101 0.167157 0.094912 0.000582 0.044407 0.000004
0.034259 0.655029 0.168723 0.095887 0.000579 0.045518 0.000005
0.033947 0.654482 0.169292 0.096091 0.000581 0.045603 0.000004
0.032965 0.652915 0.170309 0.096705 0.000572 0.046530 0.000004
0.030329 0.649480 0.173234 0.098579 0.000599 0.047774 0.000005
0.030749 0.648668 0.173598 0.098368 0.000597 0.048016 0.000004
0.028879 0.646208 0.175391 0.099549 0.000634 0.049336 0.000004
0.030162 0.644130 0.175661 0.099589 0.000629 0.049825 0.000005
0.028056 0.641207 0.178040 0.100918 0.000659 0.051116 0.000004
0.027796 0.638730 0.179325 0.101412 0.000658 0.052075 0.000005
0.027124 0.636969 0.180208 0.102422 0.000660 0.052614 0.000005
0.026728 0.635468 0.181020 0.102745 0.000675 0.053358 0.000006
0.025868 0.633068 0.182288 0.103765 0.000676 0.054329 0.000006
0.024972 0.629640 0.184223 0.104819 0.000680 0.055660 0.000005
0.025697 0.629005 0.184300 0.104559 0.000695 0.055739 0.000004
0.024968 0.626296 0.185692 0.105489 0.000720 0.056829 0.000006
0.024278 0.624380 0.186800 0.106138 0.000703 0.057695 0.000005
0.023893 0.622168 0.187876 0.106856 0.000726 0.058475 0.000006
0.023480 0.619673 0.189152 0.107428 0.000720 0.059540 0.000006
0.022916 0.617574 0.190483 0.108117 0.000735 0.060167 0.000007
0.022652 0.615280 0.191443 0.108794 0.000733 0.061093 0.000006
0.022471 0.613361 0.192382 0.109147 0.000757 0.061876 0.000006
0.026191 0.608599 0.192642 0.109328 0.000768 0.062467 0.000005
0.029984 0.603966 0.192763 0.109337 0.000774 0.063170 0.000006
0.029888 0.601288 0.193942 0.109936 0.000769 0.064170 0.000007
0.032439 0.598947 0.193442 0.109991 0.000800 0.064374 0.000008
0.032429 0.595359 0.195122 0.110722 0.000777 0.065584 0.000007
0.030038 0.595427 0.196203 0.111296 0.000795 0.066233 0.000008
0.032492 0.591865 0.196517 0.111301 0.000790 0.067027 0.000008
0.032415 0.591320 0.196679 0.111568 0.000804 0.067205 0.000009
0.033051 0.588039 0.197500 0.112261 0.000831 0.068309 0.000010
0.031342 0.586249 0.199041 0.112945 0.000847 0.069571 0.000006
0.029270 0.585638 0.200241 0.113698 0.000836 0.070311 0.000007
0.031448 0.581071 0.201171 0.114051 0.000860 0.071393 0.000006
0.029414 0.581502 0.201733 0.114567 0.000869 0.071907 0.000008
0.028922 0.578671 0.203189 0.115141 0.000890 0.073178 0.000009
0.028460 0.577474 0.203807 0.115522 0.000906 0.073823 0.000007
0.026106 0.577111 0.205055 0.116234 0.000884 0.074599 0.000009
0.026715 0.575011 0.205527 0.116555 0.000908 0.075273 0.000010
0.026754 0.572822 0.206199 0.116862 0.000911 0.076444 0.000008
0.025741 0.569277 0.208253 0.117845 0.000953 0.077925 0.000007
0.025825 0.569053 0.208225 0.118009 0.000964 0.077915 0.000009
0.025215 0.568112 0.208864 0.118106 0.000936 0.078759 0.000007
0.024202 0.564540 0.210797 0.119266 0.000986 0.080202 0.000007
0.027747 0.561442 0.210047 0.119057 0.000981 0.080716 0.000009
0.030104 0.557406 0.210539 0.119333 0.001001 0.081608 0.000009
0.026700 0.557635 0.212105 0.120148 0.001021 0.082383 0.000008
0.030991 0.553197 0.211861 0.120023 0.001019 0.082902 0.000006
0.033256 0.550447 0.211842 0.120029 0.000999 0.083419 0.000008
0.028425 0.549607 0.214358 0.121285 0.001023 0.085293 0.000008
0.029250 0.547657 0.214534 0.121530 0.001046 0.085975 0.000007
0.031281 0.545823 0.213957 0.121536 0.001061 0.086335 0.000007
0.029741 0.543623 0.215636 0.122251 0.001052 0.087690 0.000009
0.029294 0.542887 0.216287 0.122280 0.001066 0.088178 0.000007
0.029128 0.540696 0.216825 0.122808 0.001096 0.089441 0.000008
0.027160 0.540399 0.218107 0.123286 0.001136 0.089905 0.000007
0.026737 0.539988 0.218088 0.123499 0.001124 0.090555 0.000009
0.027163 0.537084 0.218875 0.123792 0.001136 0.091942 0.000007
0.025527 0.537686 0.219166 0.124254 0.001136 0.092220 0.000011
0.025100 0.533972 0.220948 0.124966 0.001149 0.093855 0.000010
0.024548 0.531556 0.221849 0.125564 0.001152 0.095317 0.000014
0.022601 0.530986 0.222996 0.126354 0.001168 0.095882 0.000013
0.022626 0.528071 0.224039 0.126750 0.001189 0.097311 0.000014
0.022062 0.526946 0.224413 0.127215 0.001180 0.098172 0.000011
0.022243 0.525208 0.225075 0.127210 0.001212 0.099040 0.000012
0.021355 0.524352 0.225585 0.127655 0.001209 0.099830 0.000013
0.020611 0.522717 0.226344 0.128279 0.001204 0.100831 0.000014
0.019015 0.521840 0.227579 0.128698 0.001231 0.101626 0.000011
0.018760 0.517960 0.228974 0.129628 0.001240 0.103424 0.000014
0.017524 0.517364 0.229432 0.129988 0.001263 0.104415 0.000013
0.017544 0.514918 0.230253 0.130633 0.001263 0.105373 0.000015
0.017376 0.514337 0.230676 0.130530 0.001272 0.105793 0.000015
0.016914 0.511407 0.231649 0.131353 0.001313 0.107351 0.000012
0.017276 0.510391 0.231651 0.131405 0.001320 0.107942 0.000015
0.016596 0.506434 0.233526 0.132294 0.001324 0.109815 0.000011
0.016111 0.505885 0.233848 0.132452 0.001326 0.110365 0.000013
0.015697 0.503352 0.234815 0.133079 0.001344 0.111700 0.000014
0.015274 0.502945 0.234972 0.133289 0.001362 0.112142 0.000016
0.015380 0.499927 0.235875 0.133631 0.001376 0.113796 0.000014
0.015492 0.499490 0.235883 0.133384 0.001389 0.114347 0.000014
0.014660 0.495932 0.237499 0.134450 0.001393 0.116050 0.000015
0.015139 0.496399 0.237035 0.133847 0.001410 0.116154 0.000016
0.014827 0.493034 0.238529 0.134687 0.001426 0.117480 0.000017
0.014727 0.491667 0.238729 0.134761 0.001433 0.118668 0.000015
0.014430 0.489851 0.239328 0.135311 0.001442 0.119623 0.000014
0.014449 0.487773 0.240051 0.135467 0.001475 0.120768 0.000017
0.014267 0.486070 0.240529 0.136030 0.001446 0.121639 0.000018
0.014101 0.483075 0.241507 0.136783 0.001459 0.123056 0.000020
0.013657 0.480872 0.242539 0.136849 0.001485 0.124582 0.000016
0.013832 0.480325 0.242212 0.137147 0.001512 0.124954 0.000017
0.014126 0.478511 0.242644 0.137455 0.001508 0.125739 0.000015
0.013364 0.475119 0.243922 0.138363 0.001509 0.127705 0.000018
0.013370 0.473931 0.244561 0.138387 0.001514 0.128217 0.000019
0.013649 0.472950 0.244393 0.138252 0.001538 0.129198 0.000020
0.013765 0.470734 0.245257 0.138493 0.001542 0.130188 0.000021
0.013718 0.470076 0.245231 0.138718 0.001526 0.130713 0.000018
0.013063 0.466946 0.246379 0.139504 0.001554 0.132534 0.000019
0.013531 0.465571 0.246383 0.139619 0.001550 0.133328 0.000018
0.013232 0.463377 0.247156 0.140060 0.001589 0.134564 0.000022
0.013278 0.462683 0.247184 0.139799 0.001571 0.135461 0.000024
0.013195 0.461088 0.247541 0.140263 0.001608 0.136285 0.000020
0.013110 0.459343 0.248436 0.140410 0.001586 0.137092 0.000022
0.013051 0.457338 0.248919 0.140912 0.001583 0.138177 0.000021
0.012841 0.453925 0.249773 0.141297 0.001651 0.140493 0.000020
0.013063 0.455542 0.249274 0.140774 0.001640 0.139684 0.000023
0.012760 0.450986 0.250518 0.141726 0.001686 0.142303 0.000021
0.012684 0.450782 0.250899 0.141531 0.001672 0.142412 0.000020
0.012853 0.446667 0.251703 0.142264 0.001710 0.144778 0.000024
0.012806 0.447648 0.251206 0.141956 0.001676 0.144684 0.000023
0.012718 0.446190 0.251619 0.142175 0.001696 0.145581 0.000022
0.012644 0.443795 0.252377 0.142408 0.001723 0.147031 0.000021
0.012462 0.441489 0.252795 0.143075 0.001718 0.148436 0.000025
0.012562 0.439626 0.253162 0.143557 0.001733 0.149333 0.000026
0.012676 0.439320 0.252991 0.143054 0.001746 0.150192 0.000020
0.012712 0.437313 0.253526 0.143636 0.001784 0.151004 0.000026
0.012515 0.436176 0.254117 0.143690 0.001757 0.151717 0.000027
0.012451 0.434006 0.254643 0.143801 0.001756 0.153317 0.000027
0.012538 0.432074 0.254812 0.144439 0.001793 0.154319 0.000026
0.012399 0.431653 0.254758 0.143982 0.001786 0.155398 0.000024
0.012347 0.430003 0.255375 0.144453 0.001799 0.155997 0.000026
0.012252 0.427653 0.256055 0.144819 0.001808 0.157387 0.000027
0.012369 0.425321 0.256342 0.145205 0.001871 0.158867 0.000025
0.012474 0.425528 0.256381 0.144928 0.001842 0.158820 0.000027
0.012132 0.423429 0.256704 0.145232 0.001855 0.160623 0.000024
0.012061 0.420411 0.257634 0.145633 0.001893 0.162338 0.000030
0.012133 0.420691 0.257269 0.145485 0.001870 0.162523 0.000029
0.012291 0.418922 0.257497 0.145695 0.001877 0.163690 0.000027
0.012104 0.416029 0.258229 0.146198 0.001881 0.165534 0.000025
0.012030 0.415647 0.258201 0.146074 0.001909 0.166113 0.000026
0.012237 0.415050 0.258496 0.146050 0.001914 0.166220 0.000033
0.012291 0.412423 0.258498 0.146681 0.001967 0.168114 0.000026
0.012134 0.410719 0.259122 0.146889 0.001938 0.169167 0.000031
0.012036 0.409013 0.259677 0.147143 0.001939 0.170160 0.000031
0.012169 0.408595 0.259750 0.146558 0.001966 0.170936 0.000026
0.011893 0.406516 0.260152 0.147243 0.001990 0.172177 0.000029
0.011999 0.404324 0.260652 0.147414 0.001993 0.173590 0.000028
0.012072 0.403004 0.260627 0.147538 0.002023 0.174707 0.000029
0.012048 0.402220 0.260769 0.147444 0.002006 0.175482 0.000032
0.011988 0.400381 0.261331 0.147816 0.002049 0.176404 0.000031
0.011770 0.398868 0.261611 0.147919 0.002061 0.177737 0.000034
0.011919 0.397996 0.261676 0.148091 0.002042 0.178244 0.000031
0.011942 0.396322 0.261745 0.147964 0.002056 0.179939 0.000032
0.011961 0.396070 0.262062 0.148127 0.002097 0.179650 0.000032
0.011890 0.392980 0.262410 0.148347 0.002050 0.182291 0.000032
0.011848 0.391645 0.262735 0.148692 0.002104 0.182944 0.000032
0.012010 0.390848 0.262659 0.148508 0.002122 0.183815 0.000037
0.011801 0.387698 0.263703 0.149009 0.002120 0.185631 0.000038
0.011850 0.386152 0.263700 0.149049 0.002179 0.187034 0.000036
0.011968 0.388171 0.263239 0.148748 0.002120 0.185719 0.000035
0.011992 0.385492 0.263423 0.148929 0.002155 0.187975 0.000034
0.011941 0.382789 0.264209 0.149407 0.002148 0.189469 0.000036
0.011837 0.382408 0.264081 0.149147 0.002151 0.190341 0.000036
0.011975 0.380601 0.264496 0.149512 0.002168 0.191210 0.000038
0.011832 0.380037 0.264374 0.149522 0.002169 0.192031 0.000035
0.011859 0.377694 0.264866 0.149628 0.002220 0.193698 0.000036
0.011786 0.375902 0.265151 0.149916 0.002203 0.195004 0.000038
0.011797 0.375021 0.265151 0.149985 0.002187 0.195822 0.000037
0.011726 0.373272 0.265256 0.150129 0.002202 0.197376 0.000040
0.011772 0.371059 0.265923 0.150418 0.002226 0.198562 0.000040
0.011801 0.370970 0.265507 0.150247 0.002255 0.199179 0.000040
0.011803 0.371040 0.265618 0.150076 0.002239 0.199186 0.000039
0.011883 0.368213 0.265851 0.150290 0.002256 0.201465 0.000042
0.011878 0.366941 0.266106 0.150445 0.002275 0.202317 0.000038
0.011649 0.365552 0.266252 0.150592 0.002288 0.203623 0.000044
0.011606 0.363933 0.266562 0.150828 0.002317 0.204717 0.000037
0.011802 0.361539 0.266686 0.150820 0.002318 0.206799 0.000037
0.011722 0.361522 0.266535 0.150765 0.002307 0.207112 0.000038
0.011745 0.361242 0.266896 0.150614 0.002346 0.207116 0.000041
0.011824 0.358828 0.266956 0.150975 0.002341 0.209036 0.000041
0.011754 0.358551 0.267315 0.151003 0.002310 0.209025 0.000043
0.011893 0.356924 0.267283 0.151078 0.002379 0.210405 0.000039
0.011685 0.353867 0.267824 0.151283 0.002382 0.212916 0.000043
0.011777 0.353788 0.267660 0.151230 0.002357 0.213146 0.000043
0.011808 0.352008 0.267715 0.151370 0.002399 0.214657 0.000044
0.011883 0.350807 0.268118 0.151464 0.002377 0.215307 0.000044
0.011878 0.350266 0.267739 0.151560 0.002438 0.216078 0.000041
0.011873 0.348679 0.268427 0.151389 0.002369 0.217218 0.000045
0.012000 0.347038 0.268366 0.151568 0.002408 0.218575 0.000045
0.011798 0.346068 0.268647 0.151625 0.002414 0.219403 0.000044
0.012001 0.345648 0.268314 0.151702 0.002446 0.219847 0.000042
0.011800 0.343213 0.268467 0.151789 0.002489 0.222201 0.000042
0.011747 0.343797 0.268199 0.151687 0.002462 0.222065 0.000043
0.011881 0.341488 0.268954 0.151991 0.002467 0.223173 0.000045
0.011745 0.339322 0.268912 0.152011 0.002448 0.225515 0.000047
0.011993 0.337930 0.269084 0.151891 0.002497 0.226557 0.000048
0.011894 0.337050 0.269096 0.151928 0.002509 0.227477 0.000045
0.011936 0.337255 0.269084 0.151996 0.002487 0.227194 0.000046
0.011849 0.335761 0.268862 0.152070 0.002508 0.228901 0.000050
0.011873 0.333644 0.269368 0.152038 0.002511 0.230515 0.000050
0.011982 0.332809 0.269395 0.151999 0.002540 0.231227 0.000047
0.012005 0.331326 0.269729 0.152015 0.002590 0.232279 0.000056
0.011907 0.330458 0.269329 0.152285 0.002555 0.233417 0.000049
0.011888 0.329258 0.269725 0.152355 0.002537 0.234189 0.000049
0.012174 0.328421 0.269388 0.152413 0.002567 0.234987 0.000050
0.012078 0.328111 0.269585 0.152150 0.002608 0.235421 0.000047
0.011944 0.325405 0.269665 0.152257 0.002621 0.238061 0.000047
0.011881 0.323487 0.269650 0.152556 0.002639 0.239733 0.000053
0.012107 0.323842 0.269814 0.152291 0.002630 0.239264 0.000052
0.011985 0.321939 0.269807 0.152395 0.002618 0.241207 0.000050
0.012027 0.321763 0.269617 0.152512 0.002656 0.241382 0.000044
0.012213 0.319661 0.269997 0.152635 0.002632 0.242810 0.000052
0.011973 0.318769 0.270057 0.152492 0.002640 0.244012 0.000055
0.012125 0.317997 0.269991 0.152248 0.002673 0.244914 0.000053
0.012235 0.317154 0.269613 0.152593 0.002667 0.245686 0.000052
0.012102 0.314809 0.270087 0.152634 0.002752 0.247561 0.000056
0.012070 0.314181 0.269515 0.152659 0.002733 0.248785 0.000056
0.012104 0.311704 0.270041 0.152769 0.002749 0.250582 0.000052
0.012057 0.311469 0.269886 0.152511 0.002749 0.251274 0.000054
0.012033 0.310459 0.269955 0.152425 0.002762 0.252316 0.000051
0.011979 0.309229 0.270197 0.152885 0.002775 0.252888 0.000048
0.012124 0.309012 0.270136 0.152525 0.002774 0.253371 0.000058
0.012095 0.307224 0.270233 0.152337 0.002778 0.255277 0.000056
0.012091 0.307559 0.269674 0.152670 0.002771 0.255177 0.000059
0.012047 0.305767 0.270054 0.152499 0.002735 0.256844 0.000054
0.012135 0.304387 0.270157 0.152559 0.002779 0.257928 0.000054
0.012178 0.302176 0.270116 0.152725 0.002852 0.259901 0.000052
0.012231 0.301817 0.269823 0.152627 0.002821 0.260622 0.000058
0.012171 0.301847 0.269815 0.152491 0.002816 0.260806 0.000054
0.012226 0.299840 0.269536 0.152556 0.002784 0.263002 0.000056
0.012260 0.299431 0.270002 0.152462 0.002857 0.262925 0.000063
0.012149 0.297724 0.269552 0.152747 0.002807 0.264966 0.000055
0.012203 0.296843 0.269717 0.152346 0.002872 0.265963 0.000057
0.012327 0.295021 0.269907 0.152503 0.002907 0.267274 0.000062
0.012212 0.294285 0.270018 0.152269 0.002883 0.268277 0.000056
0.012134 0.293309 0.269578 0.152652 0.002899 0.269364 0.000063
0.012225 0.292825 0.269916 0.152226 0.002900 0.269851 0.000057
0.012311 0.290975 0.269995 0.152447 0.002956 0.271258 0.000059
0.012269 0.289832 0.269592 0.152410 0.002917 0.272914 0.000066
0.012423 0.289569 0.269932 0.152323 0.002947 0.272745 0.000061
0.012341 0.288011 0.269744 0.152465 0.002938 0.274441 0.000060
0.012561 0.287686 0.269308 0.152403 0.002971 0.275008 0.000063
0.012214 0.286238 0.269433 0.152368 0.002954 0.276737 0.000056
0.012477 0.285741 0.269518 0.152060 0.002971 0.277170 0.000063
0.012542 0.284194 0.269441 0.152100 0.002968 0.278688 0.000067
0.012255 0.283361 0.269264 0.152326 0.003023 0.279707 0.000064
0.012507 0.283237 0.269301 0.151977 0.003000 0.279918 0.000060
0.012550 0.281538 0.269378 0.152080 0.002995 0.281396 0.000064
0.012574 0.281120 0.268910 0.152209 0.003015 0.282104 0.000067
0.012562 0.280041 0.268846 0.152124 0.003045 0.283313 0.000071
0.012628 0.279172 0.269074 0.151890 0.003040 0.284141 0.000056
0.012770 0.277333 0.268945 0.152045 0.003026 0.285818 0.000063
0.012553 0.276166 0.268959 0.152004 0.003068 0.287187 0.000063
0.012407 0.275219 0.268832 0.151923 0.003129 0.288420 0.000069
0.012720 0.274580 0.268992 0.151904 0.003100 0.288638 0.000067
0.012686 0.273392 0.268543 0.151725 0.003112 0.290471 0.000071
0.012570 0.273083 0.268768 0.151447 0.003125 0.290945 0.000062
0.012661 0.271769 0.269014 0.151646 0.003113 0.291731 0.000066
0.012572 0.271407 0.268738 0.151586 0.003119 0.292509 0.000066
0.012638 0.269391 0.268287 0.151502 0.003144 0.294978 0.000060
0.012823 0.269061 0.268565 0.151586 0.003140 0.294755 0.000069
0.012806 0.268543 0.268152 0.151322 0.003160 0.295949 0.000067
0.012787 0.266585 0.268316 0.151307 0.003160 0.297774 0.000072
0.012718 0.265771 0.267917 0.151063 0.003184 0.299278 0.000070
0.012772 0.264751 0.267949 0.151257 0.003174 0.300037 0.000060
0.012792 0.264491 0.267790 0.150824 0.003167 0.300867 0.000070
0.012862 0.263143 0.267489 0.151019 0.003197 0.302218 0.000072
0.012854 0.262451 0.267396 0.151059 0.003191 0.302982 0.000066
0.012969 0.262371 0.267064 0.150732 0.003180 0.303616 0.000068
0.013066 0.260060 0.267018 0.151144 0.003208 0.305433 0.000071
0.013059 0.260235 0.267351 0.150727 0.003165 0.305394 0.000068
0.012947 0.259701 0.266824 0.150856 0.003240 0.306364 0.000068
0.012932 0.258750 0.266722 0.150996 0.003229 0.307299 0.000072
0.012984 0.256864 0.267088 0.150437 0.003241 0.309310 0.000077
0.012892 0.257374 0.266860 0.150502 0.003219 0.309085 0.000067
0.013089 0.255137 0.266633 0.150016 0.003237 0.311819 0.000068
0.013146 0.254647 0.266760 0.150289 0.003268 0.311813 0.000078
0.013157 0.253717 0.266339 0.150496 0.003257 0.312960 0.000075
0.013000 0.253678 0.265954 0.150144 0.003295 0.313853 0.000076
0.013209 0.251514 0.266247 0.150315 0.003294 0.315350 0.000070
0.013246 0.250870 0.265929 0.149985 0.003283 0.316607 0.000081
0.013248 0.250373 0.265745 0.150057 0.003295 0.317211 0.000072
0.013256 0.249728 0.265502 0.149677 0.003345 0.318414 0.000079
0.013196 0.248542 0.265586 0.149442 0.003329 0.319826 0.000079
0.013271 0.247633 0.265567 0.149800 0.003336 0.320317 0.000076
0.013173 0.247855 0.265432 0.149705 0.003332 0.320430 0.000073
0.013412 0.246671 0.265083 0.149706 0.003366 0.321678 0.000082
0.013233 0.246133 0.265473 0.149712 0.003355 0.322018 0.000076
0.013348 0.244647 0.265190 0.149373 0.003356 0.324009 0.000078
0.013399 0.244681 0.264861 0.149651 0.003334 0.323992 0.000082
0.013230 0.243535 0.264735 0.149314 0.003386 0.325723 0.000077
0.013371 0.242589 0.264694 0.149002 0.003387 0.326878 0.000079
0.013477 0.241426 0.264076 0.148755 0.003406 0.328783 0.000077
0.013548 0.240652 0.264191 0.148717 0.003468 0.329345 0.000078
0.013559 0.239522 0.264349 0.148782 0.003428 0.330281 0.000080
0.013514 0.237953 0.263834 0.148938 0.003500 0.332180 0.000083
0.013626 0.238284 0.263992 0.148951 0.003454 0.331610 0.000083
0.013499 0.237232 0.263769 0.148314 0.003470 0.333635 0.000081
0.013740 0.237202 0.263685 0.148619 0.003472 0.333199 0.000082
0.013623 0.235359 0.263350 0.148571 0.003460 0.335546 0.000091
0.013719 0.234817 0.263246 0.148600 0.003509 0.336031 0.000078
0.013778 0.234569 0.262938 0.147912 0.003511 0.337199 0.000092
0.013686 0.232834 0.262958 0.148492 0.003528 0.338413 0.000090
0.013729 0.232280 0.262920 0.147972 0.003546 0.339464 0.000088
0.013656 0.231584 0.262700 0.148263 0.003546 0.340160 0.000091
0.013773 0.230946 0.262645 0.147848 0.003531 0.341176 0.000081
0.013862 0.231186 0.262243 0.147901 0.003547 0.341173 0.000087
0.013879 0.229878 0.261995 0.147890 0.003594 0.342674 0.000091
0.013880 0.228888 0.261864 0.147846 0.003563 0.343868 0.000091
0.013946 0.228105 0.261881 0.147355 0.003620 0.344992 0.000100
0.014066 0.226823 0.261565 0.147489 0.003656 0.346300 0.000101
0.014063 0.226419 0.261113 0.147145 0.003599 0.347569 0.000092
0.014183 0.225548 0.260995 0.147273 0.003612 0.348297 0.000093
0.013995 0.225573 0.260886 0.147043 0.003653 0.348752 0.000098
0.014267 0.223380 0.260666 0.147012 0.003643 0.350931 0.000102
0.014251 0.223260 0.260636 0.147097 0.003623 0.351034 0.000098
0.014285 0.222463 0.260546 0.146917 0.003632 0.352056 0.000100
0.014154 0.222059 0.260247 0.146748 0.003687 0.353006 0.000098
0.014181 0.221108 0.260178 0.146699 0.003678 0.354056 0.000100
0.014233 0.221172 0.260010 0.146678 0.003635 0.354176 0.000096
0.014256 0.220618 0.259777 0.146240 0.003685 0.355324 0.000101
0.014277 0.219098 0.259144 0.146152 0.003645 0.357585 0.000097
0.014450 0.218559 0.258848 0.146070 0.003672 0.358303 0.000098
0.014319 0.217226 0.258902 0.146023 0.003723 0.359708 0.000099
0.014260 0.217648 0.259295 0.146057 0.003658 0.358978 0.000103
0.014332 0.215921 0.258901 0.145694 0.003771 0.361285 0.000096
0.014371 0.215414 0.258807 0.145687 0.003735 0.361889 0.000097
0.014652 0.214919 0.258391 0.145339 0.003689 0.362912 0.000096
0.014509 0.214403 0.257814 0.145645 0.003759 0.363761 0.000109
0.014519 0.213459 0.257580 0.145420 0.003738 0.365177 0.000107
0.014514 0.212306 0.257672 0.145164 0.003735 0.366505 0.000104
0.014595 0.212426 0.257525 0.145015 0.003723 0.366611 0.000105
0.014478 0.212020 0.257481 0.145007 0.003743 0.367170 0.000101
0.014635 0.210980 0.256889 0.144819 0.003757 0.368819 0.000101
0.014807 0.210090 0.256937 0.144757 0.003749 0.369550 0.000109
0.014656 0.209487 0.256464 0.144703 0.003815 0.370762 0.000113
0.014797 0.208621 0.256610 0.144261 0.003826 0.371790 0.000096
0.014779 0.207900 0.256084 0.144277 0.003776 0.373084 0.000099
0.014990 0.207443 0.255897 0.144073 0.003783 0.373707 0.000107
0.014701 0.206514 0.255850 0.144052 0.003849 0.374930 0.000105
0.014909 0.206262 0.255571 0.143846 0.003841 0.375463 0.000107
0.014768 0.205067 0.255574 0.143882 0.003848 0.376755 0.000106
0.014917 0.205266 0.255199 0.143766 0.003873 0.376864 0.000115
0.014748 0.205423 0.254938 0.143701 0.003785 0.377294 0.000111
0.015047 0.203215 0.254323 0.143415 0.003832 0.380068 0.000100
0.014902 0.203262 0.254709 0.143239 0.003871 0.379904 0.000113
0.014948 0.201247 0.254127 0.143172 0.003870 0.382527 0.000109
0.015046 0.202210 0.254308 0.143035 0.003886 0.381404 0.000110
0.015169 0.201110 0.253941 0.142832 0.003835 0.383001 0.000112
0.014919 0.201265 0.253742 0.142810 0.003870 0.383283 0.000109
0.015316 0.200175 0.253276 0.142795 0.003852 0.384472 0.000114
0.015209 0.199579 0.253045 0.142744 0.003901 0.385415 0.000108
0.015153 0.199520 0.253064 0.142708 0.003875 0.385573 0.000107
0.015312 0.198758 0.252845 0.142183 0.003852 0.386939 0.000111
0.015576 0.197862 0.252495 0.142181 0.003906 0.387861 0.000119
0.015338 0.197189 0.252217 0.142370 0.003938 0.388824 0.000123
0.015407 0.196284 0.252129 0.141915 0.003917 0.390232 0.000116
0.015333 0.195664 0.252067 0.141846 0.003932 0.391042 0.000116
0.015405 0.195170 0.251777 0.141706 0.003920 0.391911 0.000110
0.015558 0.194553 0.251274 0.141579 0.003942 0.392978 0.000117
0.015602 0.193917 0.251244 0.141390 0.003915 0.393815 0.000117
0.015343 0.193758 0.251080 0.141421 0.003944 0.394334 0.000121
0.015497 0.193223 0.250757 0.141218 0.003947 0.395236 0.000122
0.015548 0.192601 0.250386 0.140896 0.003964 0.396480 0.000126
0.015733 0.191489 0.250233 0.140991 0.003997 0.397436 0.000120
0.015709 0.190835 0.250388 0.140824 0.003975 0.398149 0.000120
0.015531 0.191059 0.250167 0.140722 0.003962 0.398437 0.000121
0.015503 0.189829 0.249446 0.140512 0.003982 0.400606 0.000122
0.015740 0.189177 0.249431 0.140107 0.004039 0.401385 0.000122
0.015771 0.188871 0.249403 0.140152 0.004038 0.401640 0.000125
0.015748 0.187947 0.248720 0.139918 0.004005 0.403534 0.000127
0.015763 0.188494 0.248856 0.139978 0.003959 0.402832 0.000118
0.015956 0.186892 0.248217 0.139745 0.004022 0.405041 0.000126
0.015647 0.187054 0.248157 0.139954 0.004062 0.405005 0.000121
0.015783 0.186192 0.247652 0.139426 0.004106 0.406721 0.000120
0.015855 0.185687 0.247681 0.139689 0.004038 0.406922 0.000127
0.015839 0.185255 0.247431 0.139150 0.004032 0.408166 0.000127
0.016125 0.184407 0.247140 0.139271 0.004007 0.408928 0.000122
0.016135 0.184091 0.246515 0.139230 0.004061 0.409842 0.000125
0.016113 0.182963 0.246201 0.139205 0.003992 0.411400 0.000126
0.016187 0.182713 0.246510 0.138794 0.004071 0.411604 0.000121
0.016154 0.182389 0.246169 0.138891 0.004052 0.412214 0.000130
0.016071 0.181902 0.245911 0.138679 0.004020 0.413294 0.000122
0.016122 0.180706 0.245505 0.138547 0.004074 0.414915 0.000130
0.016254 0.180156 0.245628 0.138320 0.004075 0.415425 0.000142
0.016275 0.180147 0.244969 0.137997 0.004061 0.416412 0.000139
0.016262 0.179700 0.244960 0.138224 0.004092 0.416623 0.000140
0.016344 0.178445 0.244322 0.137890 0.004113 0.418755 0.000131
0.016327 0.178354 0.244445 0.137615 0.004107 0.419017 0.000134
0.016323 0.177876 0.244179 0.137477 0.004061 0.419942 0.000142
0.016415 0.177210 0.243946 0.137447 0.004109 0.420731 0.000142
0.016350 0.176851 0.243772 0.137294 0.004173 0.421423 0.000136
0.016490 0.176656 0.243873 0.136979 0.004138 0.421729 0.000136
0.016538 0.176089 0.243285 0.137017 0.004101 0.422833 0.000138
0.016559 0.175573 0.243350 0.136776 0.004126 0.423480 0.000136
0.016526 0.174587 0.243006 0.136523 0.004141 0.425079 0.000137
0.016663 0.173410 0.242284 0.136662 0.004103 0.426740 0.000138
0.016724 0.174135 0.242441 0.136544 0.004145 0.425871 0.000140
0.016521 0.173458 0.242107 0.136204 0.004129 0.427441 0.000141
0.016663 0.173341 0.242194 0.135953 0.004080 0.427632 0.000137
0.016611 0.171931 0.241553 0.135984 0.004139 0.429641 0.000141
0.016649 0.171649 0.241486 0.135757 0.004198 0.430111 0.000150
0.016909 0.171334 0.241011 0.135547 0.004174 0.430888 0.000137
0.016943 0.170730 0.240601 0.135366 0.004199 0.432020 0.000142
0.016933 0.170612 0.240802 0.135527 0.004181 0.431790 0.000154
0.017200 0.169118 0.240308 0.134979 0.004202 0.434036 0.000157
0.016841 0.168871 0.240167 0.135034 0.004197 0.434746 0.000144
0.016788 0.168615 0.239599 0.135006 0.004201 0.435644 0.000147
0.017081 0.168107 0.239511 0.134836 0.004181 0.436135 0.000148
0.016908 0.167594 0.238881 0.134415 0.004249 0.437803 0.000150
0.017157 0.167349 0.238716 0.134589 0.004219 0.437827 0.000144
0.017188 0.166273 0.238492 0.134166 0.004203 0.439528 0.000151
0.017114 0.166773 0.238227 0.134180 0.004186 0.439371 0.000148
0.017187 0.165642 0.237834 0.133947 0.004255 0.440992 0.000144
0.017266 0.165374 0.237728 0.134154 0.004212 0.441111 0.000154
0.017380 0.164665 0.237626 0.133624 0.004197 0.442358 0.000151
0.017475 0.164194 0.237093 0.133529 0.004255 0.443295 0.000158
0.017667 0.163684 0.236582 0.133487 0.004254 0.444167 0.000159
0.017323 0.163158 0.236201 0.133393 0.004252 0.445515 0.000157
0.017553 0.163516 0.236585 0.133226 0.004262 0.444701 0.000157
0.017629 0.162587 0.236263 0.132930 0.004271 0.446162 0.000159
0.017472 0.162147 0.236128 0.132888 0.004269 0.446949 0.000147
0.017345 0.162381 0.236198 0.133006 0.004260 0.446657 0.000153
0.017531 0.161727 0.235392 0.132627 0.004291 0.448276 0.000156
0.017820 0.160905 0.234905 0.132116 0.004297 0.449796 0.000159
0.017641 0.160378 0.235281 0.132373 0.004280 0.449896 0.000151
0.017660 0.160204 0.234839 0.132168 0.004280 0.450700 0.000150
0.017937 0.159379 0.234248 0.131726 0.004348 0.452221 0.000142
0.017878 0.159472 0.234167 0.131725 0.004311 0.452287 0.000160
0.017908 0.159130 0.233805 0.131626 0.004340 0.453035 0.000156
0.017928 0.158491 0.233689 0.131394 0.004288 0.454046 0.000164
0.017914 0.158757 0.233281 0.131320 0.004287 0.454280 0.000162
0.017968 0.157727 0.232881 0.131104 0.004316 0.455845 0.000159
0.018086 0.157256 0.232725 0.131278 0.004280 0.456211 0.000164
0.018108 0.156736 0.232264 0.130949 0.004343 0.457446 0.000152
0.018150 0.156209 0.231787 0.130691 0.004333 0.458663 0.000167
0.017939 0.156254 0.231762 0.130679 0.004350 0.458865 0.000151
0.018071 0.155644 0.231586 0.130455 0.004346 0.459731 0.000167
0.018624 0.154735 0.231205 0.130120 0.004339 0.460806 0.000171
0.018182 0.154311 0.230869 0.129940 0.004369 0.462159 0.000170
0.018445 0.154534 0.230887 0.129698 0.004385 0.461902 0.000149
0.018355 0.154184 0.230398 0.129728 0.004370 0.462800 0.000165
0.018348 0.153683 0.230449 0.129707 0.004392 0.463255 0.000165
0.018234 0.152694 0.229886 0.129107 0.004429 0.465484 0.000166
0.018305 0.152928 0.229871 0.129392 0.004391 0.464945 0.000168
0.018566 0.152511 0.229611 0.129247 0.004360 0.465537 0.000169
0.018617 0.151650 0.228681 0.129005 0.004380 0.467499 0.000167
0.018788 0.151509 0.228643 0.128695 0.004446 0.467752 0.000168
0.018614 0.150856 0.228172 0.128610 0.004415 0.469155 0.000178
0.018649 0.150448 0.228417 0.128497 0.004410 0.469406 0.000173
0.018818 0.150549 0.228164 0.128320 0.004407 0.469568 0.000173
0.018959 0.149712 0.227702 0.128185 0.004447 0.470825 0.000170
0.019086 0.149255 0.227284 0.127962 0.004413 0.471832 0.000168
0.019098 0.148576 0.227280 0.128079 0.004358 0.472439 0.000169
0.018936 0.148388 0.226996 0.127531 0.004467 0.473499 0.000183
0.019030 0.148489 0.226582 0.128001 0.004431 0.473298 0.000168
0.018967 0.147686 0.226521 0.127746 0.004506 0.474391 0.000182
0.018935 0.147580 0.226363 0.127423 0.004453 0.475075 0.000172
0.019216 0.146658 0.226008 0.127249 0.004400 0.476298 0.000171
0.019185 0.146500 0.225796 0.126854 0.004477 0.477024 0.000165
0.019491 0.145976 0.225274 0.126770 0.004474 0.477839 0.000176
0.019135 0.145948 0.225322 0.126808 0.004478 0.478137 0.000172
0.019227 0.145991 0.224815 0.126605 0.004535 0.478659 0.000169
0.019618 0.145140 0.224510 0.126233 0.004457 0.479869 0.000174
0.019494 0.145163 0.224532 0.126331 0.004490 0.479813 0.000177
0.019497 0.144585 0.224080 0.126090 0.004491 0.481077 0.000181
0.019468 0.144132 0.223525 0.125764 0.004496 0.482446 0.000169
0.019553 0.144089 0.223524 0.126063 0.004535 0.482054 0.000180
0.019610 0.143295 0.222968 0.125623 0.004501 0.483819 0.000184
0.019487 0.143371 0.223718 0.125780 0.004504 0.482958 0.000183
0.019781 0.142671 0.222917 0.125479 0.004562 0.484405 0.000186
0.019604 0.142272 0.221846 0.125221 0.004511 0.486367 0.000180
0.019716 0.141857 0.222050 0.124827 0.004547 0.486823 0.000180
0.019587 0.141695 0.222014 0.124729 0.004535 0.487263 0.000176
0.019850 0.141718 0.221822 0.124756 0.004489 0.487176 0.000190
0.019889 0.140778 0.221347 0.124628 0.004592 0.488580 0.000186
0.019779 0.140508 0.221273 0.124352 0.004540 0.489357 0.000191
0.020105 0.140360 0.220689 0.124204 0.004561 0.489899 0.000182
0.020331 0.139684 0.220421 0.124033 0.004627 0.490716 0.000188
0.020239 0.139228 0.220691 0.123922 0.004528 0.491204 0.000188
0.020119 0.139297 0.220124 0.123834 0.004567 0.491872 0.000187
