0.999104 0.000874 0.000011 0.000011 0.000000 0.000000 0.000000
0.998665 0.001299 0.000019 0.000006 0.000002 0.000010 0.000000
0.998230 0.001726 0.000023 0.000009 0.000000 0.000011 0.000001
0.997782 0.002164 0.000032 0.000011 0.000000 0.000010 0.000001
0.997311 0.002626 0.000036 0.000016 0.000000 0.000010 0.000001
0.996782 0.003150 0.000039 0.000019 0.000000 0.000010 0.000001
0.996233 0.003692 0.000045 0.000019 0.000000 0.000010 0.000001
0.995770 0.004141 0.000054 0.000025 0.000000 0.000010 0.000001
0.994775 0.005125 0.000058 0.000032 0.000000 0.000009 0.000001
0.994088 0.005794 0.000070 0.000039 0.000000 0.000009 0.000001
0.992762 0.007110 0.000080 0.000040 0.000000 0.000008 0.000001
0.991334 0.008469 0.000125 0.000064 0.000000 0.000007 0.000001
0.989894 0.009919 0.000115 0.000065 0.000000 0.000006 0.000001
0.987841 0.011902 0.000160 0.000089 0.000000 0.000006 0.000000
0.985430 0.014296 0.000174 0.000094 0.000000 0.000005 0.000000
0.982295 0.017398 0.000195 0.000106 0.000000 0.000005 0.000000
0.978751 0.020846 0.000258 0.000142 0.000000 0.000004 0.000000
0.974794 0.024782 0.000270 0.000150 0.000000 0.000003 0.000000
0.969851 0.029640 0.000334 0.000172 0.000000 0.000003 0.000000
0.964692 0.034693 0.000386 0.000226 0.000000 0.000003 0.000000
0.958315 0.040900 0.000503 0.000279 0.000000 0.000003 0.000000
0.952630 0.046431 0.000606 0.000329 0.000000 0.000003 0.000000
0.944127 0.054708 0.000743 0.000418 0.000000 0.000004 0.000000
0.935488 0.063102 0.000912 0.000492 0.000000 0.000006 0.000000
0.927269 0.071183 0.001009 0.000527 0.000000 0.000012 0.000000
0.916995 0.081224 0.001174 0.000589 0.000000 0.000017 0.000000
0.904917 0.092977 0.001362 0.000725 0.000000 0.000019 0.000000
0.895238 0.102374 0.001557 0.000810 0.000000 0.000021 0.000000
0.881859 0.115290 0.001846 0.000978 0.000000 0.000027 0.000000
0.867440 0.129294 0.002113 0.001119 0.000000 0.000035 0.000000
0.854042 0.142216 0.002417 0.001285 0.000000 0.000040 0.000000
0.840693 0.155111 0.002707 0.001439 0.000000 0.000051 0.000000
0.824187 0.171074 0.003002 0.001678 0.000000 0.000059 0.000000
0.808569 0.186216 0.003305 0.001833 0.000000 0.000077 0.000000
0.793330 0.200920 0.003642 0.002020 0.000000 0.000088 0.000000
0.775494 0.218103 0.004060 0.002242 0.000000 0.000101 0.000000
0.761405 0.231642 0.004378 0.002453 0.000000 0.000122 0.000000
0.742957 0.249364 0.004842 0.002701 0.000000 0.000136 0.000000
0.725330 0.266215 0.005330 0.002959 0.000000 0.000165 0.000000
0.709960 0.280939 0.005746 0.003167 0.000001 0.000188 0.000000
0.693119 0.297003 0.006233 0.003444 0.000001 0.000201 0.000000
0.675850 0.313461 0.006720 0.003749 0.000001 0.000220 0.000000
0.657561 0.330730 0.007358 0.004107 0.000002 0.000242 0.000000
0.643637 0.343835 0.007867 0.004386 0.000002 0.000273 0.000000
0.627639 0.358862 0.008454 0.004739 0.000003 0.000303 0.000000
0.610429 0.374933 0.009160 0.005155 0.000002 0.000321 0.000000
0.595556 0.388755 0.009839 0.005492 0.000002 0.000356 0.000000
0.584022 0.399346 0.010437 0.005798 0.000003 0.000394 0.000000
0.568776 0.413469 0.011145 0.006174 0.000002 0.000433 0.000000
0.554559 0.426519 0.011865 0.006583 0.000004 0.000471 0.000000
0.539481 0.440270 0.012664 0.007064 0.000004 0.000517 0.000000
0.530034 0.448782 0.013204 0.007426 0.000004 0.000549 0.000000
0.517166 0.460359 0.014019 0.007873 0.000006 0.000578 0.000000
0.506282 0.470123 0.014710 0.008259 0.000007 0.000619 0.000000
0.493342 0.481679 0.015545 0.008756 0.000008 0.000669 0.000000
0.481262 0.492534 0.016257 0.009204 0.000009 0.000734 0.000000
0.468823 0.503525 0.017167 0.009679 0.000009 0.000797 0.000000
0.459172 0.511769 0.017990 0.010217 0.000009 0.000843 0.000000
0.448941 0.520685 0.018804 0.010652 0.000010 0.000907 0.000000
0.435461 0.532302 0.019938 0.011309 0.000013 0.000977 0.000000
0.430441 0.536364 0.020509 0.011642 0.000014 0.001030 0.000000
0.418423 0.546666 0.021537 0.012255 0.000016 0.001103 0.000000
0.410314 0.553393 0.022355 0.012747 0.000017 0.001174 0.000000
0.398535 0.563381 0.023491 0.013315 0.000016 0.001261 0.000000
0.390635 0.569724 0.024435 0.013855 0.000018 0.001332 0.000000
0.379350 0.579247 0.025505 0.014475 0.000018 0.001405 0.000000
0.370747 0.586146 0.026514 0.015072 0.000019 0.001502 0.000000
0.358932 0.595956 0.027764 0.015721 0.000018 0.001610 0.000000
0.347282 0.605412 0.029092 0.016457 0.000019 0.001739 0.000000
0.342490 0.608669 0.029991 0.016998 0.000021 0.001831 0.000000
0.339488 0.610565 0.030632 0.017378 0.000021 0.001915 0.000000
0.327076 0.620379 0.032233 0.018210 0.000026 0.002075 0.000000
0.324394 0.621844 0.032970 0.018621 0.000027 0.002143 0.000000
0.321258 0.623244 0.033992 0.019222 0.000027 0.002256 0.000000
0.316299 0.626244 0.035179 0.019860 0.000029 0.002390 0.000000
0.308635 0.631945 0.036253 0.020595 0.000033 0.002540 0.000000
0.305562 0.633419 0.037233 0.021086 0.000033 0.002668 0.000000
0.298690 0.637933 0.038576 0.021941 0.000038 0.002821 0.000000
0.295328 0.639510 0.039703 0.022472 0.000036 0.002952 0.000000
0.294209 0.639507 0.040354 0.022818 0.000040 0.003072 0.000000
0.287780 0.643391 0.041871 0.023674 0.000041 0.003243 0.000000
0.287137 0.643023 0.042379 0.024042 0.000042 0.003376 0.000000
0.282125 0.646003 0.043528 0.024750 0.000043 0.003551 0.000000
0.277177 0.648721 0.044893 0.025448 0.000044 0.003717 0.000000
0.274992 0.649087 0.045881 0.026114 0.000048 0.003878 0.000000
0.276285 0.646797 0.046447 0.026448 0.000046 0.003978 0.000000
0.272770 0.648720 0.047312 0.027002 0.000054 0.004142 0.000000
0.267715 0.651934 0.048459 0.027537 0.000055 0.004299 0.000000
0.260116 0.656184 0.050378 0.028632 0.000062 0.004628 0.000000
0.257858 0.657588 0.050859 0.028920 0.000065 0.004711 0.000000
0.255684 0.657767 0.051942 0.029597 0.000067 0.004943 0.000000
0.248826 0.662225 0.053308 0.030418 0.000067 0.005158 0.000000
0.241352 0.666301 0.055314 0.031528 0.000073 0.005432 0.000000
0.239920 0.666963 0.055702 0.031789 0.000071 0.005554 0.000000
0.242521 0.663316 0.056348 0.032031 0.000071 0.005712 0.000000
0.233129 0.669540 0.058125 0.033127 0.000086 0.005993 0.000000
0.231340 0.668764 0.059526 0.033999 0.000079 0.006292 0.000000
0.227422 0.671074 0.060357 0.034544 0.000085 0.006518 0.000000
0.221065 0.674597 0.061905 0.035457 0.000091 0.006884 0.000000
0.218458 0.675623 0.062812 0.036044 0.000093 0.006971 0.000000
0.214897 0.677396 0.063870 0.036544 0.000099 0.007193 0.000000
0.203319 0.684525 0.066481 0.037973 0.000105 0.007598 0.000000
0.204176 0.681731 0.067604 0.038505 0.000109 0.007875 0.000000
0.197945 0.684778 0.069427 0.039470 0.000121 0.008260 0.000000
0.198011 0.684529 0.069445 0.039526 0.000121 0.008367 0.000000
0.196903 0.683150 0.070791 0.040299 0.000125 0.008732 0.000000
0.192759 0.685075 0.072100 0.041008 0.000132 0.008926 0.000000
0.184545 0.689091 0.074534 0.042300 0.000135 0.009395 0.000000
0.178120 0.691950 0.076481 0.043513 0.000146 0.009790 0.000000
0.182611 0.687173 0.076536 0.043642 0.000141 0.009897 0.000000
0.172777 0.693225 0.078712 0.044762 0.000149 0.010375 0.000000
0.170032 0.693526 0.080049 0.045461 0.000151 0.010781 0.000000
0.165792 0.695845 0.081061 0.046131 0.000150 0.011021 0.000000
0.163973 0.694298 0.082919 0.047230 0.000156 0.011424 0.000000
0.157295 0.698185 0.084519 0.048022 0.000163 0.011816 0.000000
0.151409 0.699069 0.087206 0.049642 0.000175 0.012499 0.000000
0.147552 0.701206 0.088170 0.050140 0.000175 0.012757 0.000000
0.146454 0.700091 0.089283 0.050856 0.000177 0.013138 0.000000
0.147306 0.697282 0.090296 0.051410 0.000181 0.013524 0.000000
0.140474 0.701070 0.091864 0.052424 0.000186 0.013982 0.000001
0.131467 0.705613 0.094305 0.053883 0.000197 0.014535 0.000001
0.126457 0.706648 0.096584 0.054974 0.000196 0.015140 0.000001
0.121051 0.707131 0.099075 0.056646 0.000203 0.015894 0.000001
0.118255 0.708515 0.099894 0.057020 0.000213 0.016104 0.000000
0.116837 0.707271 0.101277 0.057890 0.000219 0.016506 0.000001
0.111801 0.708776 0.103292 0.058903 0.000219 0.017008 0.000001
0.113186 0.706263 0.103782 0.059198 0.000215 0.017355 0.000001
0.101912 0.711153 0.107355 0.061180 0.000234 0.018164 0.000001
0.104505 0.706728 0.108143 0.061713 0.000227 0.018683 0.000001
0.099066 0.707466 0.110729 0.063168 0.000249 0.019323 0.000001
0.096092 0.707558 0.112300 0.064029 0.000247 0.019774 0.000001
0.093574 0.707348 0.113544 0.065002 0.000253 0.020277 0.000001
0.088006 0.708518 0.116000 0.066228 0.000263 0.020985 0.000001
0.087651 0.706782 0.116983 0.066873 0.000259 0.021452 0.000001
0.082008 0.706946 0.119858 0.068543 0.000283 0.022362 0.000001
0.080744 0.706750 0.120580 0.068994 0.000290 0.022642 0.000001
0.077752 0.705871 0.122545 0.070209 0.000284 0.023339 0.000001
0.076730 0.705299 0.123303 0.070665 0.000290 0.023712 0.000001
0.075832 0.701671 0.125720 0.071909 0.000313 0.024553 0.000001
0.078836 0.697944 0.126009 0.072108 0.000300 0.024802 0.000001
0.075803 0.696841 0.128140 0.073226 0.000324 0.025664 0.000002
0.067204 0.699694 0.131325 0.074828 0.000327 0.026621 0.000001
0.072143 0.694654 0.131121 0.074969 0.000330 0.026781 0.000002
0.067016 0.694185 0.134212 0.076417 0.000341 0.027828 0.000001
0.066711 0.691579 0.135585 0.077244 0.000355 0.028525 0.000001
0.065904 0.690237 0.136570 0.077925 0.000354 0.029008 0.000001
0.068164 0.687274 0.136821 0.078161 0.000348 0.029230 0.000001
0.069904 0.682019 0.138652 0.078974 0.000374 0.030076 0.000002
0.071026 0.678817 0.139420 0.079654 0.000397 0.030685 0.000002
0.072510 0.676668 0.139729 0.079807 0.000392 0.030893 0.000002
0.070579 0.674774 0.141641 0.080894 0.000407 0.031704 0.000002
0.069042 0.672694 0.143434 0.081888 0.000422 0.032518 0.000002
0.070637 0.669702 0.143768 0.082447 0.000423 0.033020 0.000002
0.070098 0.667965 0.144917 0.083001 0.000434 0.033584 0.000002
0.068536 0.666907 0.146264 0.083637 0.000443 0.034212 0.000001
0.063347 0.667576 0.148582 0.084962 0.000459 0.035072 0.000002
0.062924 0.666241 0.149133 0.085476 0.000456 0.035767 0.000002
0.061215 0.664536 0.150943 0.086270 0.000468 0.036566 0.000003
0.062985 0.662897 0.150681 0.086195 0.000474 0.036766 0.000002
0.057367 0.663157 0.153308 0.087815 0.000484 0.037867 0.000003
0.057258 0.661804 0.153846 0.088236 0.000489 0.038364 0.000003
0.049859 0.661483 0.157791 0.090497 0.000512 0.039854 0.000004
0.049417 0.661029 0.158190 0.090555 0.000502 0.040304 0.000003
0.046831 0.658981 0.160479 0.091888 0.000524 0.041291 0.000004
0.044324 0.657201 0.162534 0.092937 0.000540 0.042459 0.000003
0.050181 0.655033 0.160337 0.091934 0.000528 0.041984 0.000004
0.049249 0.651229 0.162986 0.092891 0.000548 0.043093 0.000004
0.045970 0.650699 0.164644 0.094052 0.000547 0.044083 0.000005
0.045851 0.648018 0.165838 0.094738 0.000549 0.045001 0.000005
0.047081 0.645977 0.166230 0.094970 0.000556 0.045181 0.000004
0.044816 0.644836 0.167804 0.095914 0.000567 0.046057 0.000006
0.044940 0.641313 0.169321 0.096632 0.000588 0.047203 0.000004
0.044449 0.640611 0.169773 0.097079 0.000593 0.047490 0.000004
0.044151 0.636552 0.172029 0.098025 0.000593 0.048644 0.000006
0.044334 0.634600 0.172587 0.098664 0.000617 0.049194 0.000005
0.041705 0.633406 0.174398 0.099415 0.000617 0.050454 0.000004
0.043855 0.631708 0.173973 0.099298 0.000630 0.050533 0.000003
0.040525 0.630784 0.176111 0.100351 0.000641 0.051584 0.000003
0.039196 0.628747 0.177611 0.101195 0.000648 0.052599 0.000005
0.038535 0.628404 0.178142 0.101361 0.000649 0.052905 0.000004
0.035058 0.626751 0.180329 0.102917 0.000662 0.054277 0.000005
0.031829 0.625310 0.182665 0.104052 0.000662 0.055476 0.000006
0.033322 0.622630 0.183030 0.104153 0.000684 0.056175 0.000007
0.033751 0.619979 0.183938 0.104751 0.000686 0.056887 0.000008
0.031895 0.618988 0.185150 0.105373 0.000670 0.057917 0.000006
0.029268 0.618827 0.186368 0.106384 0.000697 0.058450 0.000005
0.030125 0.617081 0.186833 0.106336 0.000722 0.058897 0.000005
0.027771 0.613689 0.189472 0.107840 0.000700 0.060521 0.000007
0.027249 0.610389 0.191238 0.108663 0.000720 0.061734 0.000006
0.026240 0.610402 0.191556 0.108936 0.000745 0.062113 0.000007
0.026561 0.608032 0.192334 0.109417 0.000751 0.062900 0.000006
0.025416 0.605794 0.194013 0.110171 0.000768 0.063830 0.000006
0.024303 0.603200 0.195495 0.111193 0.000783 0.065021 0.000005
0.024278 0.602117 0.195628 0.111520 0.000776 0.065675 0.000006
0.022653 0.598141 0.198585 0.112821 0.000796 0.066998 0.000006
0.023202 0.597435 0.198382 0.112644 0.000797 0.067535 0.000005
0.022189 0.595754 0.199617 0.113320 0.000808 0.068304 0.000007
0.022138 0.592389 0.200802 0.114319 0.000819 0.069526 0.000007
0.021225 0.592092 0.201390 0.114607 0.000825 0.069855 0.000006
0.020862 0.588480 0.202811 0.115773 0.000836 0.071230 0.000007
0.020445 0.587497 0.203768 0.115850 0.000850 0.071580 0.000009
0.020606 0.585817 0.204333 0.116046 0.000862 0.072327 0.000009
0.020843 0.584328 0.204546 0.116425 0.000862 0.072989 0.000007
0.019941 0.580924 0.206168 0.117561 0.000874 0.074525 0.000008
0.019524 0.579362 0.206978 0.118025 0.000903 0.075201 0.000007
0.019629 0.577354 0.207516 0.118303 0.000899 0.076292 0.000007
0.018710 0.573792 0.209606 0.119355 0.000934 0.077594 0.000008
0.018788 0.572558 0.210092 0.119469 0.000926 0.078160 0.000008
0.018672 0.570432 0.210576 0.120087 0.000962 0.079262 0.000009
0.018336 0.568107 0.211826 0.120393 0.000946 0.080384 0.000008
0.018190 0.565143 0.212982 0.121378 0.000974 0.081323 0.000010
0.017819 0.564017 0.213540 0.121628 0.000969 0.082018 0.000010
0.017836 0.563309 0.213737 0.121666 0.000964 0.082476 0.000012
0.017635 0.559082 0.215643 0.122594 0.000990 0.084047 0.000011
0.017558 0.557515 0.215737 0.123173 0.001007 0.084998 0.000012
0.017194 0.554982 0.217055 0.123667 0.000992 0.086097 0.000012
0.017103 0.553903 0.217487 0.123919 0.001030 0.086545 0.000013
0.017052 0.551772 0.218242 0.124357 0.001019 0.087546 0.000013
0.016579 0.548712 0.219611 0.125120 0.001026 0.088940 0.000012
0.016436 0.546504 0.220418 0.125692 0.001043 0.089896 0.000011
0.016608 0.544480 0.221141 0.125951 0.001059 0.090746 0.000014
0.016406 0.542175 0.222315 0.126164 0.001062 0.091866 0.000012
0.016335 0.541993 0.222056 0.126394 0.001080 0.092130 0.000011
0.016143 0.538896 0.223045 0.127153 0.001066 0.093685 0.000012
0.015941 0.537572 0.223656 0.127374 0.001108 0.094333 0.000015
0.016091 0.535249 0.224257 0.127926 0.001092 0.095375 0.000010
0.015824 0.533238 0.225001 0.128383 0.001126 0.096412 0.000015
0.015746 0.532588 0.225310 0.128314 0.001127 0.096902 0.000011
0.015736 0.530231 0.226201 0.128746 0.001171 0.097902 0.000012
0.015624 0.528232 0.227006 0.129151 0.001178 0.098793 0.000015
0.015407 0.525416 0.228096 0.129586 0.001183 0.100299 0.000014
0.015308 0.523500 0.228591 0.130064 0.001184 0.101340 0.000014
0.015302 0.521528 0.229014 0.130634 0.001192 0.102316 0.000013
0.015083 0.519563 0.229836 0.130997 0.001207 0.103301 0.000014
0.015159 0.517939 0.230305 0.131252 0.001244 0.104087 0.000014
0.014964 0.515840 0.231146 0.131728 0.001244 0.105064 0.000015
0.015003 0.513514 0.231810 0.132169 0.001257 0.106235 0.000013
0.014650 0.512065 0.232390 0.132370 0.001260 0.107256 0.000011
0.014778 0.511374 0.232389 0.132646 0.001251 0.107547 0.000015
0.014740 0.509395 0.233088 0.132844 0.001300 0.108622 0.000011
0.014607 0.507232 0.233957 0.133345 0.001277 0.109569 0.000013
0.014325 0.504680 0.234845 0.133642 0.001289 0.111204 0.000014
0.014248 0.502648 0.235392 0.134040 0.001322 0.112336 0.000015
0.014433 0.501750 0.235514 0.134010 0.001315 0.112964 0.000014
0.014316 0.498878 0.236422 0.134795 0.001337 0.114235 0.000017
0.014132 0.497607 0.236692 0.135095 0.001317 0.115142 0.000015
0.014162 0.497173 0.236806 0.135090 0.001364 0.115391 0.000013
0.014027 0.494244 0.237750 0.135454 0.001350 0.117161 0.000015
0.014046 0.491432 0.238880 0.135908 0.001346 0.118373 0.000016
0.013984 0.490027 0.239036 0.136058 0.001387 0.119488 0.000020
0.013945 0.488221 0.239533 0.136595 0.001393 0.120299 0.000015
0.013757 0.486645 0.240040 0.137175 0.001408 0.120957 0.000018
0.013726 0.484164 0.240814 0.137354 0.001402 0.122518 0.000021
0.013697 0.483843 0.240870 0.137420 0.001403 0.122748 0.000019
0.013690 0.481086 0.241747 0.137764 0.001419 0.124274 0.000019
0.013716 0.479783 0.241975 0.138081 0.001402 0.125024 0.000019
0.013680 0.476527 0.243047 0.138597 0.001461 0.126670 0.000017
0.013668 0.476044 0.243130 0.138568 0.001464 0.127108 0.000017
0.013511 0.473700 0.243768 0.139331 0.001488 0.128185 0.000017
0.013524 0.473243 0.243759 0.139290 0.001485 0.128680 0.000019
0.013615 0.470772 0.244706 0.139345 0.001484 0.130058 0.000020
0.013445 0.469585 0.244948 0.139696 0.001522 0.130786 0.000018
0.013360 0.467420 0.245419 0.140080 0.001557 0.132145 0.000020
0.013221 0.464095 0.246437 0.140682 0.001535 0.134007 0.000023
0.013230 0.462452 0.246981 0.140858 0.001554 0.134904 0.000021
0.013204 0.461691 0.247024 0.140944 0.001543 0.135573 0.000021
0.013195 0.459560 0.247783 0.141110 0.001548 0.136786 0.000019
0.013052 0.458162 0.247974 0.141686 0.001585 0.137520 0.000020
0.013048 0.456580 0.248336 0.141562 0.001623 0.138829 0.000023
0.013089 0.454448 0.249379 0.141920 0.001625 0.139518 0.000022
0.013071 0.453072 0.249496 0.141966 0.001663 0.140707 0.000025
0.012950 0.451092 0.249760 0.142398 0.001637 0.142135 0.000027
0.013033 0.449929 0.250267 0.142590 0.001683 0.142476 0.000023
0.012815 0.446072 0.251282 0.143228 0.001691 0.144889 0.000025
0.012967 0.446450 0.250766 0.143137 0.001671 0.144982 0.000027
0.012867 0.444808 0.251384 0.143428 0.001674 0.145818 0.000021
0.012842 0.443848 0.251362 0.143374 0.001684 0.146865 0.000025
0.012707 0.440569 0.252673 0.143719 0.001719 0.148586 0.000027
0.012684 0.440250 0.252340 0.143946 0.001705 0.149051 0.000023
0.012818 0.438798 0.252729 0.144179 0.001722 0.149729 0.000025
0.012824 0.437877 0.252848 0.144169 0.001716 0.150540 0.000026
0.012741 0.435523 0.253765 0.144450 0.001750 0.151745 0.000026
0.012709 0.433099 0.254152 0.144770 0.001771 0.153473 0.000026
0.012711 0.431673 0.254105 0.145422 0.001751 0.154309 0.000029
0.012809 0.429761 0.254789 0.145380 0.001805 0.155429 0.000027
0.012660 0.428112 0.255137 0.145589 0.001771 0.156703 0.000028
0.012777 0.428171 0.255116 0.145423 0.001820 0.156664 0.000029
0.012358 0.425707 0.256031 0.145864 0.001806 0.158207 0.000027
0.012575 0.422473 0.256453 0.146214 0.001850 0.160411 0.000025
0.012477 0.422420 0.256189 0.146195 0.001859 0.160831 0.000028
0.012465 0.421140 0.256662 0.146298 0.001864 0.161542 0.000029
0.012399 0.419414 0.257075 0.146417 0.001887 0.162778 0.000029
0.012460 0.417250 0.257383 0.146844 0.001867 0.164162 0.000032
0.012507 0.416716 0.257768 0.146718 0.001907 0.164355 0.000028
0.012459 0.415398 0.257600 0.146700 0.001897 0.165918 0.000027
0.012388 0.413468 0.258366 0.146899 0.001933 0.166919 0.000026
0.012304 0.411237 0.258964 0.147212 0.001935 0.168317 0.000031
0.012451 0.409766 0.259261 0.147092 0.001964 0.169436 0.000030
0.012454 0.409802 0.258931 0.147124 0.001934 0.169728 0.000028
0.012374 0.407567 0.259241 0.147778 0.001978 0.171035 0.000028
0.012272 0.405575 0.259833 0.148057 0.001957 0.172272 0.000034
0.012280 0.403949 0.259991 0.147938 0.001976 0.173835 0.000031
0.012317 0.403559 0.260026 0.147932 0.002012 0.174127 0.000028
0.012177 0.400358 0.260578 0.148612 0.002050 0.176194 0.000031
0.012157 0.401005 0.260568 0.148385 0.002018 0.175835 0.000032
0.012305 0.398353 0.261013 0.148779 0.002020 0.177503 0.000027
0.012112 0.398122 0.260918 0.148688 0.002032 0.178094 0.000035
0.012298 0.395712 0.261270 0.148981 0.002076 0.179635 0.000029
0.012199 0.394473 0.261474 0.149120 0.002089 0.180606 0.000040
0.012322 0.393219 0.261851 0.148910 0.002107 0.181556 0.000036
0.012328 0.391988 0.262050 0.149062 0.002093 0.182445 0.000034
0.012272 0.389432 0.262677 0.149498 0.002117 0.183968 0.000036
0.012214 0.387875 0.262816 0.149602 0.002104 0.185355 0.000034
0.012053 0.387301 0.262876 0.149618 0.002117 0.186002 0.000032
0.012244 0.385706 0.263020 0.149852 0.002159 0.186984 0.000036
0.012232 0.385467 0.262889 0.149962 0.002146 0.187267 0.000036
0.012165 0.382442 0.263757 0.149969 0.002161 0.189468 0.000038
0.012087 0.380261 0.264038 0.150422 0.002197 0.190963 0.000032
0.012195 0.379245 0.264162 0.150286 0.002166 0.191913 0.000033
0.012283 0.377689 0.264437 0.150416 0.002174 0.192962 0.000039
0.012132 0.376853 0.264436 0.150660 0.002189 0.193692 0.000037
0.012207 0.376104 0.264026 0.150873 0.002185 0.194570 0.000034
0.012190 0.374857 0.264326 0.150820 0.002204 0.195572 0.000031
0.012151 0.373117 0.264686 0.150865 0.002229 0.196916 0.000036
0.012072 0.371417 0.265243 0.150920 0.002256 0.198058 0.000034
0.012271 0.369810 0.265430 0.151008 0.002252 0.199193 0.000036
0.012254 0.368538 0.265463 0.151220 0.002278 0.200211 0.000035
0.012111 0.368049 0.265836 0.151191 0.002301 0.200480 0.000032
0.012132 0.367987 0.264918 0.151121 0.002329 0.201475 0.000038
0.012205 0.365204 0.265994 0.151221 0.002324 0.203017 0.000035
0.012304 0.363343 0.266150 0.151252 0.002319 0.204592 0.000040
0.012265 0.362420 0.265992 0.151395 0.002315 0.205571 0.000043
0.012197 0.362316 0.265885 0.151478 0.002330 0.205750 0.000043
0.012217 0.359540 0.266601 0.151823 0.002340 0.207437 0.000042
0.012328 0.359725 0.266537 0.151601 0.002349 0.207419 0.000041
0.012178 0.357519 0.266784 0.151624 0.002337 0.209520 0.000039
0.012064 0.355153 0.267188 0.151960 0.002405 0.211190 0.000041
0.012076 0.355267 0.266990 0.152199 0.002385 0.211040 0.000042
0.012107 0.353259 0.267122 0.152159 0.002400 0.212908 0.000046
0.012168 0.352420 0.267026 0.152101 0.002403 0.213840 0.000042
0.012129 0.351334 0.267426 0.152053 0.002422 0.214593 0.000042
0.011981 0.349866 0.267264 0.152241 0.002464 0.216137 0.000047
0.012127 0.348656 0.267649 0.152327 0.002446 0.216751 0.000043
0.012174 0.347576 0.267426 0.152668 0.002432 0.217679 0.000046
0.012182 0.346422 0.267742 0.152416 0.002471 0.218724 0.000044
0.012123 0.344922 0.268009 0.152515 0.002492 0.219893 0.000046
0.012206 0.342926 0.268200 0.152563 0.002522 0.221540 0.000043
0.012150 0.341072 0.268243 0.152654 0.002514 0.223319 0.000047
0.012049 0.341149 0.268370 0.152706 0.002570 0.223111 0.000044
0.012284 0.340963 0.268113 0.152591 0.002546 0.223456 0.000046
0.012158 0.339260 0.268207 0.152679 0.002573 0.225072 0.000051
0.012229 0.336441 0.268394 0.152722 0.002580 0.227588 0.000047
0.012347 0.336003 0.268622 0.152892 0.002603 0.227491 0.000042
0.012253 0.334862 0.268667 0.152839 0.002578 0.228756 0.000046
0.012007 0.334794 0.268290 0.152916 0.002642 0.229299 0.000052
0.012158 0.333239 0.268371 0.152826 0.002599 0.230762 0.000045
0.012265 0.331757 0.268495 0.152927 0.002615 0.231891 0.000051
0.012336 0.330325 0.268887 0.153000 0.002662 0.232745 0.000046
0.012264 0.328887 0.268702 0.153313 0.002652 0.234135 0.000047
0.012203 0.327869 0.269161 0.152995 0.002687 0.235037 0.000048
0.012287 0.326107 0.269166 0.153179 0.002660 0.236552 0.000049
0.012155 0.325255 0.269374 0.153259 0.002708 0.237208 0.000041
0.012246 0.323016 0.269382 0.153159 0.002708 0.239440 0.000048
0.012208 0.322479 0.269068 0.153232 0.002732 0.240232 0.000050
0.012132 0.320720 0.269481 0.153423 0.002765 0.241433 0.000047
0.012159 0.320037 0.269379 0.153318 0.002734 0.242327 0.000046
0.012190 0.319997 0.269244 0.153130 0.002765 0.242627 0.000047
0.012477 0.317994 0.269324 0.153494 0.002714 0.243945 0.000053
0.012287 0.316736 0.269355 0.153411 0.002780 0.245382 0.000050
0.012326 0.315838 0.269503 0.153382 0.002759 0.246139 0.000053
0.012377 0.314749 0.269543 0.153460 0.002772 0.247053 0.000047
0.012279 0.312696 0.269868 0.153359 0.002818 0.248925 0.000055
0.012343 0.311907 0.269572 0.153351 0.002838 0.249937 0.000053
0.012540 0.312507 0.269134 0.153470 0.002806 0.249489 0.000055
0.012356 0.309757 0.269622 0.153335 0.002803 0.252077 0.000051
0.012375 0.309903 0.269730 0.153320 0.002828 0.251795 0.000050
0.012526 0.307755 0.269205 0.153468 0.002849 0.254152 0.000045
0.012343 0.307696 0.269349 0.153413 0.002861 0.254284 0.000054
0.012532 0.305984 0.269424 0.153158 0.002893 0.255953 0.000056
0.012508 0.304637 0.269503 0.153492 0.002893 0.256912 0.000054
0.012566 0.303133 0.269353 0.153474 0.002904 0.258511 0.000059
0.012470 0.302316 0.269627 0.153319 0.002909 0.259309 0.000051
0.012499 0.301350 0.269188 0.153746 0.002879 0.260283 0.000054
0.012681 0.300045 0.269446 0.153355 0.002896 0.261522 0.000056
0.012666 0.299304 0.269389 0.153326 0.002897 0.262359 0.000059
0.012635 0.298579 0.269266 0.153476 0.002948 0.263033 0.000062
0.012654 0.296855 0.269478 0.153404 0.002961 0.264590 0.000058
0.012500 0.296286 0.269368 0.153548 0.002955 0.265288 0.000055
0.012659 0.295635 0.269345 0.153250 0.002988 0.266058 0.000064
0.012696 0.294156 0.269518 0.153011 0.002952 0.267608 0.000059
0.012668 0.293267 0.269373 0.153242 0.002977 0.268412 0.000061
0.012761 0.292339 0.269260 0.153169 0.003024 0.269386 0.000062
0.012666 0.291103 0.269033 0.153166 0.002987 0.270982 0.000063
0.012785 0.290701 0.268890 0.153137 0.002968 0.271448 0.000071
0.012854 0.289554 0.269333 0.152855 0.002999 0.272339 0.000066
0.012797 0.287466 0.268871 0.153149 0.003015 0.274631 0.000071
0.012734 0.286752 0.269056 0.152957 0.003026 0.275404 0.000072
0.012843 0.286542 0.269323 0.152757 0.003023 0.275442 0.000070
0.012788 0.285283 0.268920 0.152698 0.003082 0.277158 0.000070
0.012672 0.284089 0.268700 0.152830 0.003070 0.278567 0.000071
0.012991 0.283569 0.268788 0.152622 0.003036 0.278927 0.000067
0.012799 0.282421 0.268498 0.152761 0.003064 0.280385 0.000071
0.012847 0.281798 0.268681 0.152719 0.003053 0.280831 0.000071
0.012910 0.280143 0.268455 0.152547 0.003126 0.282749 0.000071
0.012994 0.279336 0.268417 0.152727 0.003118 0.283339 0.000069
0.012892 0.277963 0.268468 0.152346 0.003124 0.285139 0.000068
0.013025 0.276549 0.268822 0.152366 0.003136 0.286027 0.000075
0.012901 0.276016 0.268707 0.152343 0.003163 0.286789 0.000081
0.012896 0.275640 0.268314 0.152567 0.003140 0.287368 0.000076
0.012882 0.275533 0.268315 0.152346 0.003155 0.287697 0.000073
0.013043 0.274390 0.268153 0.152363 0.003168 0.288805 0.000078
0.013058 0.272448 0.267908 0.152579 0.003188 0.290741 0.000078
0.013136 0.271595 0.267964 0.152274 0.003178 0.291782 0.000073
0.012953 0.271785 0.267765 0.152186 0.003203 0.292027 0.000080
0.013187 0.268944 0.267833 0.151999 0.003195 0.294761 0.000080
0.013085 0.269471 0.267852 0.152063 0.003196 0.294260 0.000073
0.013164 0.267681 0.267627 0.151748 0.003213 0.296492 0.000075
0.013133 0.266985 0.267249 0.152212 0.003257 0.297081 0.000084
0.013192 0.266330 0.267491 0.152057 0.003251 0.297605 0.000075
0.013064 0.265327 0.267415 0.151841 0.003249 0.299023 0.000081
0.013193 0.265122 0.267331 0.151960 0.003216 0.299096 0.000083
0.013224 0.263810 0.267358 0.151604 0.003262 0.300661 0.000080
0.013224 0.262755 0.266957 0.151940 0.003249 0.301790 0.000084
0.013070 0.261761 0.267006 0.151726 0.003277 0.303069 0.000092
0.013249 0.260223 0.267012 0.151706 0.003311 0.304410 0.000089
0.013364 0.260016 0.266477 0.151605 0.003304 0.305150 0.000085
0.013304 0.259265 0.266582 0.151565 0.003321 0.305876 0.000086
0.013332 0.258296 0.266617 0.151724 0.003332 0.306608 0.000092
0.013381 0.257349 0.266429 0.151609 0.003347 0.307801 0.000084
0.013453 0.256654 0.266014 0.151415 0.003360 0.309022 0.000083
0.013288 0.255915 0.266500 0.151271 0.003373 0.309566 0.000087
0.013387 0.254397 0.266109 0.151364 0.003330 0.311323 0.000089
0.013719 0.254283 0.265603 0.151034 0.003380 0.311890 0.000092
0.013389 0.253962 0.265793 0.151287 0.003402 0.312076 0.000090
0.013486 0.251899 0.265759 0.151157 0.003369 0.314246 0.000084
0.013518 0.251307 0.265035 0.151212 0.003385 0.315455 0.000087
0.013643 0.250180 0.265441 0.151018 0.003416 0.316216 0.000088
0.013581 0.250173 0.265824 0.151078 0.003374 0.315874 0.000095
0.013570 0.249297 0.265222 0.151139 0.003451 0.317232 0.000090
0.013574 0.247648 0.265315 0.150823 0.003426 0.319121 0.000093
0.013567 0.247137 0.264460 0.150856 0.003471 0.320416 0.000093
0.013770 0.246292 0.264451 0.150575 0.003470 0.321349 0.000094
0.013476 0.245233 0.264529 0.150522 0.003494 0.322649 0.000096
0.013522 0.244209 0.264730 0.150641 0.003524 0.323287 0.000087
0.013724 0.243180 0.264083 0.150473 0.003475 0.324966 0.000099
0.013858 0.242797 0.264174 0.150044 0.003542 0.325494 0.000092
0.013678 0.242161 0.263727 0.150300 0.003498 0.326545 0.000090
0.013849 0.241013 0.263617 0.150150 0.003527 0.327757 0.000088
0.013994 0.240358 0.263607 0.149985 0.003529 0.328431 0.000096
0.014012 0.239912 0.263490 0.149806 0.003530 0.329154 0.000096
0.013803 0.239083 0.263096 0.150040 0.003566 0.330312 0.000100
0.013804 0.238396 0.262898 0.149899 0.003529 0.331381 0.000093
0.014041 0.237177 0.262881 0.149796 0.003537 0.332479 0.000088
0.013981 0.236573 0.262634 0.149272 0.003564 0.333876 0.000099
0.014141 0.235317 0.262579 0.149285 0.003589 0.334997 0.000092
0.013840 0.235341 0.262676 0.149645 0.003571 0.334825 0.000101
0.013939 0.233724 0.262130 0.149091 0.003643 0.337371 0.000101
0.014025 0.233116 0.262303 0.148922 0.003555 0.337986 0.000092
0.014213 0.233051 0.261984 0.148728 0.003599 0.338328 0.000098
0.014183 0.231664 0.261521 0.148941 0.003665 0.339929 0.000097
0.014072 0.231233 0.261583 0.148759 0.003633 0.340620 0.000100
0.014200 0.230831 0.261331 0.148293 0.003663 0.341587 0.000094
0.014141 0.229153 0.261265 0.148597 0.003667 0.343077 0.000100
0.014112 0.228559 0.261368 0.148697 0.003658 0.343500 0.000105
0.014300 0.228564 0.260686 0.148546 0.003606 0.344198 0.000102
0.014329 0.227773 0.260790 0.148471 0.003670 0.344867 0.000099
0.014344 0.226319 0.260419 0.147984 0.003672 0.347171 0.000091
0.014342 0.226759 0.260012 0.148072 0.003681 0.347029 0.000105
0.014611 0.225555 0.259989 0.147854 0.003724 0.348161 0.000105
0.014415 0.225052 0.259970 0.147960 0.003639 0.348869 0.000096
0.014393 0.223499 0.259850 0.147719 0.003704 0.350727 0.000108
0.014627 0.222929 0.259700 0.147560 0.003690 0.351399 0.000095
0.014324 0.222450 0.259501 0.147783 0.003710 0.352128 0.000104
0.014470 0.221591 0.259248 0.147426 0.003735 0.353424 0.000106
0.014623 0.221387 0.259027 0.147490 0.003751 0.353615 0.000107
0.014434 0.220411 0.258864 0.147236 0.003759 0.355197 0.000099
0.014665 0.218584 0.258303 0.147018 0.003798 0.357532 0.000100
0.014497 0.218371 0.258553 0.147202 0.003776 0.357502 0.000100
0.014511 0.218321 0.258410 0.146972 0.003764 0.357920 0.000102
0.014807 0.217910 0.258127 0.147049 0.003788 0.358218 0.000101
0.014745 0.217556 0.257974 0.146977 0.003759 0.358886 0.000103
0.014710 0.215434 0.257902 0.146715 0.003798 0.361334 0.000108
0.015017 0.215719 0.257716 0.146910 0.003780 0.360753 0.000105
0.014606 0.214652 0.257511 0.146181 0.003806 0.363139 0.000105
0.014765 0.214302 0.256902 0.146359 0.003790 0.363776 0.000105
0.014804 0.213081 0.256997 0.146151 0.003831 0.365020 0.000116
0.014867 0.212062 0.256625 0.146221 0.003830 0.366296 0.000099
0.015042 0.211724 0.256314 0.145890 0.003830 0.367090 0.000110
0.015079 0.211131 0.255956 0.145889 0.003789 0.368051 0.000106
0.015040 0.210184 0.256247 0.145759 0.003893 0.368763 0.000113
0.014839 0.210489 0.255831 0.145478 0.003884 0.369371 0.000107
0.015030 0.209351 0.255284 0.145174 0.003843 0.371206 0.000112
0.014908 0.208457 0.255359 0.145377 0.003925 0.371857 0.000118
0.015101 0.208712 0.255558 0.145432 0.003865 0.371217 0.000115
0.015210 0.206263 0.254888 0.145262 0.003982 0.374275 0.000120
0.015054 0.206420 0.254701 0.144949 0.003922 0.374851 0.000103
0.015220 0.205495 0.254112 0.145063 0.003966 0.376027 0.000118
0.015100 0.205667 0.254217 0.144579 0.003883 0.376450 0.000104
0.015418 0.204536 0.253679 0.144513 0.003901 0.377842 0.000111
0.015435 0.204078 0.253849 0.144347 0.003935 0.378245 0.000111
0.015307 0.203772 0.253513 0.143955 0.003974 0.379362 0.000119
0.015258 0.202875 0.253541 0.144202 0.003971 0.380044 0.000109
0.015340 0.201495 0.253401 0.143815 0.003964 0.381873 0.000112
0.015457 0.201287 0.253210 0.143687 0.003913 0.382331 0.000116
0.015496 0.200780 0.253004 0.143751 0.003998 0.382851 0.000120
0.015516 0.200547 0.252930 0.143615 0.003940 0.383339 0.000114
0.015653 0.199378 0.251851 0.143486 0.004010 0.385510 0.000113
0.015701 0.198801 0.252293 0.143499 0.003952 0.385641 0.000113
0.015713 0.198297 0.251807 0.143366 0.003969 0.386728 0.000121
0.015591 0.197887 0.251910 0.143543 0.003997 0.386949 0.000122
0.015701 0.197718 0.251605 0.143056 0.003987 0.387811 0.000121
0.015758 0.197215 0.251270 0.143084 0.003985 0.388568 0.000120
0.015862 0.196206 0.250745 0.142858 0.004059 0.390145 0.000126
0.015797 0.195684 0.250706 0.142675 0.004048 0.390972 0.000117
0.015875 0.195006 0.250635 0.142467 0.004037 0.391855 0.000124
0.015969 0.194443 0.250178 0.142466 0.004072 0.392746 0.000125
0.015974 0.193914 0.250188 0.142236 0.004053 0.393514 0.000121
0.015986 0.193175 0.249726 0.142085 0.004043 0.394862 0.000123
0.016008 0.192389 0.249413 0.142056 0.004074 0.395935 0.000124
0.016021 0.191826 0.249159 0.141863 0.004065 0.396947 0.000118
0.015985 0.190729 0.248789 0.141736 0.004066 0.398576 0.000121
0.016040 0.190506 0.248763 0.141545 0.004089 0.398930 0.000128
0.016199 0.189777 0.248304 0.141306 0.004068 0.400214 0.000132
0.016171 0.189344 0.248338 0.141419 0.004084 0.400522 0.000122
0.016320 0.189335 0.248265 0.141080 0.004081 0.400800 0.000120
0.016179 0.188311 0.247859 0.140881 0.004068 0.402566 0.000136
0.016346 0.187740 0.247576 0.140942 0.004050 0.403223 0.000123
0.016336 0.187223 0.247394 0.140880 0.004086 0.403954 0.000127
0.016369 0.187380 0.247134 0.140682 0.004111 0.404193 0.000132
0.016185 0.186649 0.247035 0.140565 0.004109 0.405325 0.000133
0.016331 0.185852 0.246557 0.140503 0.004123 0.406507 0.000126
0.016797 0.184999 0.246063 0.140126 0.004143 0.407743 0.000128
0.016373 0.184416 0.246400 0.140098 0.004145 0.408446 0.000123
0.016250 0.184107 0.246331 0.139522 0.004183 0.409481 0.000125
0.016563 0.183795 0.244855 0.139832 0.004187 0.410632 0.000137
0.016526 0.182916 0.245426 0.139664 0.004190 0.411145 0.000133
0.016750 0.182036 0.245026 0.139376 0.004233 0.412448 0.000131
0.016370 0.182290 0.245269 0.139433 0.004211 0.412302 0.000124
0.016746 0.180855 0.244592 0.139112 0.004174 0.414383 0.000137
0.016773 0.180730 0.244266 0.139119 0.004227 0.414745 0.000139
0.016603 0.180590 0.244107 0.139015 0.004241 0.415310 0.000135
0.016680 0.180230 0.244173 0.138545 0.004250 0.415977 0.000146
0.016785 0.179544 0.243458 0.138477 0.004208 0.417391 0.000138
0.016735 0.178941 0.243298 0.138681 0.004233 0.417972 0.000140
0.017033 0.177818 0.242970 0.138536 0.004241 0.419260 0.000142
0.016995 0.178514 0.242701 0.138598 0.004209 0.418846 0.000137
0.016958 0.177347 0.242237 0.137750 0.004225 0.421353 0.000130
0.017194 0.176170 0.242257 0.137767 0.004273 0.422202 0.000137
0.017344 0.175990 0.242051 0.137788 0.004297 0.422380 0.000148
0.017117 0.176350 0.242197 0.137944 0.004286 0.421968 0.000138
0.017248 0.175261 0.241935 0.137727 0.004324 0.423360 0.000146
0.017082 0.174653 0.241378 0.137645 0.004363 0.424740 0.000139
0.016957 0.174305 0.241036 0.137474 0.004333 0.425741 0.000153
0.017261 0.173522 0.240397 0.137418 0.004305 0.426949 0.000149
0.017258 0.173157 0.240541 0.137077 0.004308 0.427509 0.000149
0.017235 0.172558 0.240475 0.137147 0.004401 0.428033 0.000151
0.017276 0.172549 0.240280 0.136542 0.004321 0.428887 0.000144
0.017481 0.171380 0.239506 0.136205 0.004366 0.430927 0.000136
0.017475 0.171119 0.239689 0.136448 0.004349 0.430775 0.000145
0.017184 0.170952 0.239569 0.136293 0.004318 0.431529 0.000156
0.017562 0.169832 0.238765 0.136185 0.004404 0.433109 0.000143
0.017506 0.169619 0.238612 0.135723 0.004296 0.434097 0.000146
0.017492 0.169311 0.238622 0.135925 0.004382 0.434119 0.000149
0.017429 0.169262 0.238117 0.135821 0.004337 0.434876 0.000158
0.017670 0.167909 0.237621 0.135448 0.004359 0.436831 0.000162
0.017724 0.167521 0.237306 0.135311 0.004334 0.437651 0.000153
0.017920 0.167283 0.237073 0.135037 0.004391 0.438141 0.000154
0.018078 0.166510 0.237117 0.135186 0.004400 0.438550 0.000159
0.017732 0.166767 0.236484 0.134782 0.004353 0.439726 0.000157
0.017880 0.165401 0.236409 0.134638 0.004448 0.441064 0.000160
0.018006 0.165836 0.236542 0.134428 0.004422 0.440604 0.000162
0.017820 0.164821 0.236086 0.134118 0.004437 0.442558 0.000160
0.017934 0.164611 0.235824 0.134181 0.004409 0.442875 0.000167
0.018155 0.164221 0.235436 0.134018 0.004406 0.443594 0.000170
0.017743 0.163953 0.235540 0.134108 0.004449 0.444040 0.000168
0.017969 0.163372 0.235216 0.133901 0.004394 0.444977 0.000170
0.018333 0.162280 0.234316 0.133381 0.004429 0.447093 0.000167
0.018095 0.162363 0.234688 0.133491 0.004431 0.446772 0.000159
0.018263 0.162068 0.234174 0.133589 0.004426 0.447311 0.000169
0.018050 0.161701 0.234160 0.132947 0.004435 0.448534 0.000173
0.018325 0.160716 0.233627 0.132404 0.004417 0.450345 0.000166
0.018339 0.160500 0.233750 0.133011 0.004441 0.449782 0.000178
0.018163 0.160310 0.233226 0.132706 0.004456 0.450970 0.000169
0.018382 0.159523 0.232757 0.132559 0.004455 0.452161 0.000164
0.018313 0.159927 0.232920 0.132591 0.004445 0.451629 0.000174
0.018478 0.158777 0.232512 0.132139 0.004489 0.453444 0.000160
0.018659 0.158431 0.231985 0.131674 0.004436 0.454637 0.000178
0.018677 0.158080 0.232228 0.131821 0.004472 0.454554 0.000167
0.018737 0.157279 0.231875 0.131826 0.004518 0.455586 0.000179
0.018653 0.156532 0.231326 0.131385 0.004513 0.457406 0.000185
0.018705 0.157071 0.231308 0.131394 0.004433 0.456910 0.000179
0.018532 0.156307 0.231080 0.131198 0.004494 0.458212 0.000178
0.018746 0.155687 0.231206 0.131090 0.004481 0.458630 0.000160
0.018902 0.155276 0.230614 0.131118 0.004537 0.459380 0.000174
0.019095 0.155165 0.230230 0.130751 0.004504 0.460090 0.000165
0.018825 0.154923 0.230191 0.130557 0.004544 0.460786 0.000173
0.018856 0.154276 0.229894 0.130518 0.004481 0.461811 0.000165
0.019040 0.153662 0.229533 0.130384 0.004567 0.462631 0.000183
0.019165 0.152971 0.229026 0.130152 0.004578 0.463931 0.000177
0.019189 0.152586 0.228416 0.129910 0.004600 0.465125 0.000175
0.019093 0.152803 0.228596 0.129819 0.004540 0.464975 0.000175
0.019323 0.151904 0.228277 0.129538 0.004477 0.466300 0.000181
0.019406 0.152081 0.227827 0.129606 0.004557 0.466344 0.000178
0.019108 0.151529 0.228156 0.129551 0.004584 0.466878 0.000193
0.019357 0.150929 0.227425 0.128985 0.004588 0.468524 0.000192
0.019205 0.150435 0.227324 0.129178 0.004614 0.469059 0.000185
0.019387 0.150749 0.226804 0.128778 0.004573 0.469514 0.000196
0.019472 0.149952 0.226549 0.129030 0.004590 0.470214 0.000194
0.019388 0.149319 0.226282 0.128721 0.004570 0.471537 0.000183
0.019475 0.148956 0.225949 0.128768 0.004555 0.472102 0.000195
0.019494 0.148521 0.225960 0.128258 0.004615 0.472961 0.000191
0.019547 0.148033 0.225439 0.127918 0.004605 0.474264 0.000194
0.019636 0.148047 0.225102 0.128161 0.004626 0.474239 0.000189
0.019529 0.147849 0.225306 0.127687 0.004630 0.474811 0.000189
0.019880 0.146972 0.224566 0.127518 0.004665 0.476206 0.000192
0.019646 0.146775 0.224182 0.127457 0.004586 0.477155 0.000199
0.019793 0.146604 0.224123 0.127121 0.004685 0.477478 0.000194
0.019758 0.146265 0.224148 0.127126 0.004676 0.477837 0.000191
0.019751 0.145850 0.223400 0.126946 0.004651 0.479211 0.000191
0.019522 0.145902 0.223281 0.126992 0.004634 0.479467 0.000202
0.019864 0.145134 0.223031 0.126557 0.004665 0.480555 0.000195
0.019809 0.144902 0.222679 0.126311 0.004665 0.481434 0.000200
0.020062 0.144232 0.222407 0.126450 0.004734 0.481914 0.000200
0.019990 0.143992 0.222040 0.126415 0.004662 0.482710 0.000191
0.019959 0.143661 0.222042 0.126305 0.004672 0.483165 0.000195
0.020219 0.143142 0.221691 0.125729 0.004623 0.484399 0.000196
0.020376 0.142859 0.220972 0.125649 0.004649 0.485289 0.000206
0.020242 0.143203 0.221197 0.125595 0.004564 0.484986 0.000213
0.020369 0.141883 0.220257 0.125264 0.004655 0.487363 0.000211
0.020157 0.141986 0.220387 0.125563 0.004640 0.487061 0.000206
0.020245 0.141475 0.220320 0.125427 0.004630 0.487692 0.000211
0.020392 0.141392 0.220144 0.124813 0.004672 0.488378 0.000210
0.020197 0.140768 0.219718 0.125387 0.004734 0.488992 0.000205
0.020562 0.140289 0.219390 0.124865 0.004741 0.489939 0.000214
