0.999111 0.000866 0.000013 0.000010 0.000000 0.000000 0.000000
0.998671 0.001294 0.000018 0.000008 0.000000 0.000009 0.000000
0.998232 0.001722 0.000026 0.000012 0.000000 0.000009 0.000000
0.997791 0.002156 0.000028 0.000016 0.000000 0.000010 0.000000
0.997303 0.002637 0.000030 0.000020 0.000000 0.000010 0.000000
0.996822 0.003108 0.000038 0.000022 0.000000 0.000010 0.000000
0.996320 0.003602 0.000040 0.000027 0.000000 0.000011 0.000000
0.995733 0.004172 0.000050 0.000034 0.000000 0.000010 0.000000
0.995144 0.004759 0.000053 0.000033 0.000000 0.000010 0.000000
0.994082 0.005814 0.000058 0.000037 0.000000 0.000009 0.000000
0.993090 0.006794 0.000066 0.000042 0.000000 0.000009 0.000000
0.991619 0.008247 0.000081 0.000045 0.000000 0.000008 0.000000
0.989958 0.009879 0.000095 0.000061 0.000000 0.000007 0.000000
0.988074 0.011741 0.000106 0.000072 0.000000 0.000006 0.000000
0.986324 0.013459 0.000129 0.000082 0.000000 0.000006 0.000000
0.982762 0.016952 0.000151 0.000130 0.000000 0.000005 0.000000
0.979315 0.020319 0.000204 0.000151 0.000000 0.000011 0.000000
0.976423 0.023146 0.000243 0.000176 0.000000 0.000012 0.000000
0.971677 0.027740 0.000343 0.000229 0.000000 0.000011 0.000000
0.967421 0.031916 0.000400 0.000249 0.000000 0.000014 0.000000
0.961468 0.037746 0.000474 0.000299 0.000000 0.000013 0.000000
0.956046 0.043021 0.000572 0.000347 0.000000 0.000014 0.000000
0.948417 0.050442 0.000701 0.000423 0.000000 0.000017 0.000000
0.941040 0.057626 0.000812 0.000500 0.000000 0.000022 0.000000
0.931139 0.067287 0.000960 0.000581 0.000000 0.000032 0.000000
0.921800 0.076326 0.001123 0.000714 0.000000 0.000037 0.000000
0.911493 0.086359 0.001314 0.000792 0.000000 0.000043 0.000000
0.901750 0.095845 0.001500 0.000862 0.000002 0.000042 0.000000
0.888564 0.108639 0.001748 0.000987 0.000001 0.000061 0.000000
0.876434 0.120426 0.001985 0.001084 0.000001 0.000070 0.000000
0.863210 0.133219 0.002249 0.001239 0.000002 0.000081 0.000000
0.851232 0.144781 0.002536 0.001369 0.000001 0.000082 0.000000
0.836032 0.159507 0.002808 0.001568 0.000002 0.000084 0.000000
0.822157 0.172860 0.003142 0.001743 0.000002 0.000096 0.000000
0.805957 0.188486 0.003484 0.001957 0.000004 0.000111 0.000000
0.792122 0.201813 0.003778 0.002155 0.000007 0.000125 0.000000
0.778337 0.215027 0.004140 0.002355 0.000006 0.000135 0.000000
0.764303 0.228433 0.004554 0.002557 0.000007 0.000145 0.000000
0.748531 0.243497 0.005026 0.002781 0.000007 0.000159 0.000000
0.731385 0.259870 0.005516 0.003050 0.000007 0.000172 0.000000
0.716723 0.273827 0.005965 0.003285 0.000007 0.000192 0.000000
0.701273 0.288460 0.006465 0.003580 0.000007 0.000216 0.000000
0.687785 0.301282 0.006922 0.003774 0.000005 0.000231 0.000000
0.671863 0.316288 0.007481 0.004111 0.000006 0.000251 0.000000
0.655363 0.331875 0.008066 0.004422 0.000005 0.000270 0.000000
0.640359 0.345949 0.008613 0.004787 0.000005 0.000288 0.000000
0.628371 0.357144 0.009099 0.005075 0.000005 0.000306 0.000000
0.610413 0.373897 0.009875 0.005488 0.000006 0.000322 0.000000
0.597778 0.385648 0.010439 0.005779 0.000007 0.000349 0.000000
0.584534 0.397856 0.011094 0.006121 0.000007 0.000388 0.000000
0.570835 0.410651 0.011655 0.006435 0.000008 0.000416 0.000000
0.556352 0.423842 0.012446 0.006881 0.000010 0.000469 0.000000
0.542936 0.436145 0.013156 0.007231 0.000010 0.000522 0.000000
0.529804 0.448136 0.013813 0.007673 0.000010 0.000564 0.000000
0.513652 0.462851 0.014689 0.008178 0.000011 0.000619 0.000000
0.506967 0.468610 0.015253 0.008491 0.000012 0.000666 0.000000
0.490411 0.483530 0.016274 0.009041 0.000012 0.000732 0.000000
0.480024 0.492643 0.017005 0.009524 0.000012 0.000792 0.000000
0.467779 0.503489 0.017801 0.010067 0.000016 0.000848 0.000000
0.459869 0.510383 0.018417 0.010413 0.000017 0.000902 0.000000
0.448253 0.520441 0.019342 0.010968 0.000016 0.000980 0.000000
0.437128 0.530040 0.020259 0.011513 0.000017 0.001043 0.000000
0.424619 0.540798 0.021367 0.012076 0.000019 0.001121 0.000000
0.414738 0.549205 0.022260 0.012579 0.000021 0.001197 0.000000
0.405572 0.556806 0.023169 0.013175 0.000024 0.001255 0.000000
0.394518 0.565923 0.024398 0.013769 0.000025 0.001367 0.000000
0.388689 0.570493 0.025161 0.014197 0.000024 0.001436 0.000000
0.383650 0.574334 0.025897 0.014582 0.000024 0.001513 0.000000
0.376969 0.579681 0.026720 0.015052 0.000026 0.001552 0.000000
0.362861 0.591143 0.028332 0.015938 0.000025 0.001701 0.000000
0.353536 0.598581 0.029423 0.016596 0.000026 0.001838 0.000000
0.350792 0.600262 0.030109 0.016909 0.000025 0.001903 0.000000
0.336963 0.611902 0.031424 0.017646 0.000029 0.002036 0.000000
0.333236 0.614029 0.032305 0.018252 0.000031 0.002147 0.000000
0.327068 0.618371 0.033412 0.018843 0.000034 0.002272 0.000000
0.321634 0.622489 0.034209 0.019277 0.000033 0.002357 0.000000
0.311176 0.630594 0.035562 0.020110 0.000038 0.002520 0.000000
0.304600 0.635006 0.036899 0.020795 0.000036 0.002664 0.000000
0.300518 0.637442 0.037860 0.021362 0.000038 0.002780 0.000000
0.297480 0.639055 0.038692 0.021835 0.000038 0.002901 0.000000
0.287464 0.646382 0.040322 0.022719 0.000043 0.003069 0.000000
0.282746 0.649542 0.041207 0.023236 0.000046 0.003223 0.000000
0.274153 0.655076 0.043010 0.024271 0.000047 0.003443 0.000000
0.272268 0.655479 0.043847 0.024770 0.000050 0.003586 0.000000
0.266271 0.659381 0.045082 0.025479 0.000054 0.003733 0.000000
0.263672 0.660307 0.046132 0.025959 0.000058 0.003872 0.000000
0.259071 0.663000 0.047255 0.026565 0.000058 0.004051 0.000000
0.251238 0.668529 0.048560 0.027358 0.000060 0.004254 0.000000
0.243724 0.673160 0.050271 0.028281 0.000065 0.004500 0.000000
0.246464 0.668850 0.051204 0.028743 0.000067 0.004673 0.000000
0.242733 0.671015 0.052112 0.029272 0.000068 0.004799 0.000000
0.237937 0.673347 0.053552 0.030035 0.000071 0.005058 0.000000
0.237011 0.672133 0.054778 0.030702 0.000074 0.005302 0.000000
0.232023 0.674687 0.056120 0.031504 0.000074 0.005591 0.000000
0.222502 0.681406 0.057764 0.032453 0.000077 0.005798 0.000000
0.226422 0.676425 0.058291 0.032838 0.000080 0.005944 0.000000
0.220568 0.679744 0.059800 0.033571 0.000085 0.006232 0.000000
0.218806 0.679321 0.060951 0.034341 0.000082 0.006499 0.000000
0.213662 0.682283 0.062290 0.034979 0.000087 0.006698 0.000000
0.210393 0.683083 0.063563 0.035858 0.000090 0.007014 0.000000
0.204729 0.686015 0.065097 0.036743 0.000088 0.007328 0.000000
0.201145 0.687405 0.066408 0.037363 0.000094 0.007585 0.000000
0.199755 0.686602 0.067588 0.038093 0.000100 0.007862 0.000000
0.195689 0.688851 0.068638 0.038656 0.000100 0.008066 0.000000
0.187247 0.693134 0.071065 0.039874 0.000107 0.008573 0.000000
0.178979 0.697476 0.073294 0.041163 0.000109 0.008980 0.000000
0.180029 0.696265 0.073398 0.041138 0.000113 0.009057 0.000000
0.172437 0.699400 0.075920 0.042539 0.000115 0.009589 0.000000
0.165617 0.703687 0.077320 0.043355 0.000119 0.009902 0.000000
0.167236 0.700417 0.078215 0.043806 0.000119 0.010207 0.000000
0.162960 0.703040 0.078953 0.044530 0.000124 0.010393 0.000000
0.155671 0.706233 0.081373 0.045661 0.000132 0.010930 0.000000
0.153645 0.704824 0.083240 0.046807 0.000136 0.011348 0.000000
0.148197 0.707305 0.084902 0.047729 0.000143 0.011724 0.000000
0.143217 0.709043 0.086611 0.048766 0.000145 0.012218 0.000000
0.134681 0.713003 0.089267 0.050155 0.000144 0.012750 0.000000
0.139174 0.707860 0.089482 0.050345 0.000159 0.012980 0.000000
0.132544 0.709506 0.092254 0.051985 0.000171 0.013540 0.000000
0.127346 0.712203 0.093632 0.052632 0.000177 0.014010 0.000000
0.126368 0.711244 0.094626 0.053239 0.000186 0.014337 0.000000
0.129439 0.706448 0.095589 0.053682 0.000189 0.014653 0.000000
0.126508 0.706282 0.097081 0.054815 0.000189 0.015126 0.000000
0.123822 0.704906 0.099402 0.055937 0.000196 0.015737 0.000000
0.123455 0.702863 0.100738 0.056594 0.000202 0.016147 0.000000
0.120591 0.703910 0.101594 0.057306 0.000199 0.016400 0.000000
0.116548 0.704329 0.103454 0.058550 0.000220 0.016898 0.000000
0.119777 0.699714 0.104278 0.058890 0.000218 0.017123 0.000000
0.123209 0.694828 0.104910 0.059136 0.000219 0.017699 0.000000
0.113249 0.698234 0.108539 0.061182 0.000227 0.018568 0.000000
0.118970 0.692899 0.108104 0.060994 0.000246 0.018787 0.000000
0.114542 0.693574 0.110108 0.062207 0.000243 0.019325 0.000000
0.117719 0.689046 0.110734 0.062487 0.000252 0.019761 0.000000
0.117583 0.686652 0.112091 0.063182 0.000254 0.020237 0.000000
0.120723 0.681724 0.112822 0.063756 0.000260 0.020715 0.000000
0.120514 0.681229 0.113060 0.063954 0.000269 0.020973 0.000000
0.111572 0.683751 0.116644 0.065794 0.000291 0.021949 0.000000
0.111533 0.682139 0.117408 0.066362 0.000292 0.022265 0.000000
0.111329 0.680914 0.118211 0.066565 0.000291 0.022689 0.000000
0.113113 0.676717 0.119222 0.067327 0.000293 0.023328 0.000000
0.107531 0.679422 0.120686 0.068297 0.000301 0.023763 0.000000
0.105826 0.677279 0.122732 0.069297 0.000325 0.024542 0.000000
0.104250 0.676618 0.123915 0.069925 0.000326 0.024965 0.000000
0.100853 0.677077 0.125406 0.070769 0.000328 0.025566 0.000002
0.099077 0.677454 0.126120 0.071204 0.000332 0.025811 0.000002
0.092813 0.678667 0.128666 0.072787 0.000339 0.026727 0.000001
0.093540 0.678162 0.128541 0.072440 0.000341 0.026975 0.000001
0.088450 0.677803 0.131291 0.074014 0.000358 0.028084 0.000001
0.085849 0.676365 0.133355 0.075246 0.000361 0.028823 0.000002
0.085272 0.675965 0.133834 0.075485 0.000367 0.029074 0.000002
0.088963 0.670388 0.134494 0.076117 0.000373 0.029663 0.000002
0.085126 0.669983 0.136499 0.077368 0.000372 0.030650 0.000002
0.079362 0.671752 0.138826 0.078330 0.000395 0.031334 0.000002
0.080599 0.669126 0.139174 0.078871 0.000408 0.031820 0.000002
0.070247 0.674285 0.141886 0.080387 0.000423 0.032770 0.000003
0.072306 0.670294 0.142868 0.080742 0.000426 0.033361 0.000002
0.069899 0.669286 0.144481 0.081842 0.000426 0.034065 0.000002
0.067467 0.669125 0.145839 0.082481 0.000437 0.034650 0.000002
0.064475 0.668806 0.147474 0.083456 0.000440 0.035346 0.000003
0.062303 0.667360 0.149380 0.084386 0.000447 0.036121 0.000003
0.061080 0.666167 0.150539 0.084921 0.000444 0.036845 0.000003
0.057872 0.665293 0.152523 0.086210 0.000457 0.037641 0.000004
0.058397 0.664350 0.152722 0.086004 0.000467 0.038057 0.000004
0.051947 0.663331 0.156339 0.088278 0.000472 0.039629 0.000004
0.051489 0.660503 0.157782 0.089197 0.000488 0.040537 0.000004
0.047323 0.660555 0.159846 0.090417 0.000490 0.041366 0.000004
0.049369 0.657910 0.159983 0.090470 0.000501 0.041764 0.000003
0.047252 0.655290 0.162241 0.091770 0.000529 0.042915 0.000004
0.050355 0.653304 0.161470 0.091369 0.000520 0.042979 0.000004
0.049811 0.649729 0.163436 0.092583 0.000535 0.043901 0.000005
0.048210 0.649055 0.164605 0.092990 0.000537 0.044599 0.000005
0.049098 0.645243 0.165734 0.093929 0.000534 0.045459 0.000004
0.047573 0.644274 0.167202 0.094384 0.000551 0.046010 0.000005
0.046383 0.642238 0.168633 0.095295 0.000541 0.046907 0.000004
0.045980 0.640593 0.169502 0.095856 0.000581 0.047484 0.000004
0.044694 0.637679 0.171229 0.097006 0.000590 0.048797 0.000005
0.043291 0.635683 0.172807 0.097906 0.000615 0.049695 0.000003
0.041904 0.636742 0.173115 0.097939 0.000602 0.049694 0.000003
0.040671 0.634711 0.174731 0.098747 0.000626 0.050509 0.000004
0.039383 0.632129 0.176591 0.099577 0.000622 0.051694 0.000005
0.037372 0.630083 0.178213 0.100779 0.000642 0.052905 0.000006
0.037880 0.627828 0.178914 0.101270 0.000646 0.053457 0.000006
0.036136 0.625500 0.180864 0.102268 0.000664 0.054563 0.000005
0.035379 0.624995 0.181437 0.102400 0.000676 0.055108 0.000004
0.034239 0.622640 0.183083 0.103448 0.000678 0.055905 0.000005
0.034380 0.623100 0.182570 0.103267 0.000674 0.056004 0.000005
0.031578 0.619836 0.185556 0.104640 0.000680 0.057704 0.000005
0.031958 0.617708 0.186183 0.105123 0.000676 0.058346 0.000006
0.029182 0.616031 0.188480 0.106208 0.000719 0.059375 0.000006
0.028924 0.614128 0.189093 0.106762 0.000709 0.060380 0.000005
0.028870 0.611384 0.190146 0.107605 0.000742 0.061249 0.000004
0.028149 0.611545 0.190555 0.107583 0.000749 0.061412 0.000006
0.027262 0.607597 0.192528 0.108930 0.000780 0.062897 0.000005
0.026182 0.606883 0.193459 0.109126 0.000779 0.063564 0.000006
0.025857 0.604439 0.194803 0.109610 0.000780 0.064505 0.000007
0.025457 0.600901 0.196226 0.110869 0.000813 0.065726 0.000007
0.025216 0.598025 0.197229 0.111671 0.000801 0.067053 0.000005
0.024037 0.598723 0.197783 0.111655 0.000801 0.066995 0.000007
0.028903 0.592748 0.197892 0.111771 0.000837 0.067841 0.000008
0.030122 0.588393 0.199309 0.112400 0.000837 0.068931 0.000007
0.034785 0.585091 0.198024 0.112190 0.000839 0.069062 0.000009
0.040037 0.579053 0.198447 0.111798 0.000848 0.069809 0.000007
0.038732 0.577234 0.199676 0.112709 0.000862 0.070778 0.000009
0.040261 0.575752 0.199610 0.112416 0.000867 0.071088 0.000006
0.050877 0.567683 0.197797 0.111761 0.000858 0.071016 0.000007
0.048636 0.564760 0.200163 0.112943 0.000888 0.072602 0.000009
0.047370 0.564992 0.200252 0.113189 0.000878 0.073312 0.000008
0.053126 0.560773 0.199213 0.112665 0.000887 0.073329 0.000008
0.051233 0.560646 0.200219 0.112866 0.000902 0.074126 0.000008
0.048921 0.560355 0.201099 0.113719 0.000910 0.074987 0.000009
0.052719 0.556395 0.200761 0.113621 0.000920 0.075577 0.000007
0.051055 0.555354 0.201889 0.114152 0.000929 0.076613 0.000008
0.055283 0.552348 0.200941 0.113983 0.000920 0.076518 0.000007
0.054464 0.549711 0.202285 0.114508 0.000934 0.078090 0.000008
0.054211 0.550709 0.201696 0.114287 0.000938 0.078152 0.000007
0.058259 0.546935 0.201091 0.114007 0.000957 0.078743 0.000008
0.050341 0.549547 0.204134 0.115167 0.000962 0.079840 0.000010
0.052019 0.547418 0.203733 0.115461 0.000954 0.080406 0.000010
0.052128 0.544161 0.204990 0.115902 0.000990 0.081819 0.000010
0.049707 0.544096 0.205841 0.116637 0.000982 0.082727 0.000009
0.050347 0.544843 0.205013 0.116243 0.000980 0.082565 0.000010
0.046962 0.543539 0.207262 0.117227 0.001011 0.083988 0.000011
0.042631 0.541467 0.209972 0.118796 0.001012 0.086113 0.000010
0.040136 0.540417 0.211171 0.119477 0.001044 0.087744 0.000011
0.040170 0.540410 0.211007 0.119450 0.001031 0.087923 0.000009
0.038718 0.541442 0.211271 0.119587 0.001040 0.087932 0.000010
0.036842 0.537610 0.213531 0.120920 0.001077 0.090010 0.000010
0.038639 0.537002 0.212673 0.120328 0.001066 0.090282 0.000010
0.032517 0.535872 0.216039 0.122331 0.001075 0.092157 0.000009
0.032311 0.535551 0.216052 0.122156 0.001086 0.092835 0.000009
0.030359 0.532339 0.218159 0.123348 0.001116 0.094667 0.000011
0.028062 0.531442 0.219255 0.124266 0.001126 0.095838 0.000012
0.027869 0.530973 0.219404 0.124090 0.001129 0.096526 0.000009
0.027350 0.528934 0.220384 0.124803 0.001152 0.097367 0.000011
0.026201 0.527309 0.221313 0.125283 0.001178 0.098705 0.000011
0.030130 0.522327 0.221270 0.125561 0.001182 0.099521 0.000009
0.033680 0.520931 0.220307 0.124828 0.001185 0.099058 0.000011
0.035649 0.518500 0.220013 0.124750 0.001171 0.099909 0.000009
0.032011 0.515713 0.222683 0.126165 0.001195 0.102221 0.000012
0.033672 0.514044 0.222655 0.125984 0.001168 0.102468 0.000010
0.029818 0.515177 0.223729 0.126626 0.001198 0.103441 0.000010
0.031969 0.510706 0.224220 0.126950 0.001234 0.104911 0.000010
0.030001 0.509898 0.225215 0.127683 0.001209 0.105982 0.000012
0.029493 0.507393 0.226506 0.128428 0.001256 0.106913 0.000012
0.030378 0.507683 0.225693 0.127867 0.001244 0.107123 0.000012
0.026528 0.506122 0.227882 0.129324 0.001249 0.108885 0.000010
0.027189 0.504092 0.228107 0.129392 0.001257 0.109949 0.000013
0.027973 0.503134 0.227947 0.129186 0.001294 0.110453 0.000012
0.028847 0.500576 0.228307 0.129614 0.001281 0.111360 0.000014
0.026407 0.499786 0.229831 0.130475 0.001297 0.112189 0.000014
0.024831 0.497376 0.231172 0.131415 0.001302 0.113890 0.000014
0.022567 0.495990 0.232634 0.132049 0.001346 0.115400 0.000013
0.022585 0.495861 0.232551 0.131942 0.001336 0.115712 0.000013
0.024000 0.492806 0.232838 0.132180 0.001353 0.116809 0.000015
0.021526 0.491333 0.234282 0.133053 0.001357 0.118435 0.000015
0.022240 0.489203 0.234556 0.133216 0.001345 0.119424 0.000017
0.019953 0.488049 0.235857 0.134197 0.001382 0.120545 0.000016
0.020730 0.484747 0.236695 0.134508 0.001365 0.121938 0.000016
0.019877 0.484898 0.236642 0.134519 0.001397 0.122652 0.000015
0.019767 0.484247 0.237008 0.134519 0.001391 0.123051 0.000017
0.017967 0.482889 0.238015 0.135427 0.001403 0.124283 0.000016
0.017696 0.480404 0.239057 0.135742 0.001451 0.125633 0.000016
0.017946 0.479948 0.239059 0.135691 0.001446 0.125895 0.000015
0.016311 0.475199 0.241233 0.137162 0.001460 0.128617 0.000018
0.016222 0.473635 0.241483 0.137323 0.001492 0.129827 0.000016
0.016233 0.473581 0.241633 0.137114 0.001508 0.129912 0.000019
0.016487 0.472011 0.241800 0.137234 0.001487 0.130965 0.000017
0.015641 0.468566 0.243174 0.138229 0.001517 0.132856 0.000018
0.015739 0.468940 0.243026 0.137884 0.001526 0.132866 0.000017
0.014970 0.463849 0.245096 0.139011 0.001548 0.135506 0.000020
0.014722 0.462990 0.245035 0.139455 0.001570 0.136209 0.000018
0.014771 0.462536 0.245382 0.139145 0.001583 0.136566 0.000018
0.014394 0.458543 0.246438 0.140201 0.001601 0.138802 0.000021
0.014216 0.458431 0.246490 0.139955 0.001605 0.139282 0.000022
0.014247 0.457539 0.246947 0.140002 0.001585 0.139663 0.000018
0.014318 0.455074 0.247693 0.140313 0.001584 0.140997 0.000021
0.014566 0.454780 0.247241 0.140028 0.001584 0.141782 0.000019
0.013919 0.452496 0.248349 0.140653 0.001602 0.142963 0.000019
0.013491 0.447311 0.250187 0.141813 0.001646 0.145534 0.000020
0.013978 0.448963 0.248768 0.141208 0.001641 0.145423 0.000019
0.014026 0.447417 0.249302 0.141393 0.001663 0.146177 0.000021
0.013760 0.445737 0.249847 0.141769 0.001678 0.147185 0.000024
0.013728 0.446564 0.249423 0.141768 0.001654 0.146841 0.000022
0.013329 0.441548 0.251314 0.142409 0.001685 0.149694 0.000021
0.013498 0.441405 0.251130 0.142156 0.001678 0.150112 0.000021
0.012984 0.437826 0.252402 0.143015 0.001675 0.152079 0.000020
0.013221 0.437517 0.251903 0.143034 0.001695 0.152609 0.000022
0.012790 0.433125 0.253626 0.143894 0.001687 0.154857 0.000022
0.012961 0.433315 0.253234 0.143904 0.001726 0.154840 0.000020
0.013071 0.432002 0.253482 0.143576 0.001728 0.156121 0.000021
0.012924 0.430955 0.253399 0.143857 0.001733 0.157110 0.000023
0.012598 0.427761 0.254674 0.144327 0.001769 0.158851 0.000020
0.012434 0.424777 0.255431 0.144989 0.001805 0.160543 0.000021
0.012728 0.424795 0.255345 0.144771 0.001792 0.160541 0.000028
0.012356 0.422859 0.255785 0.145179 0.001804 0.161992 0.000026
0.012568 0.423522 0.255499 0.144943 0.001807 0.161635 0.000027
0.012736 0.420743 0.256062 0.144897 0.001834 0.163701 0.000026
0.012467 0.419489 0.256281 0.145367 0.001818 0.164551 0.000028
0.012421 0.418455 0.256380 0.145593 0.001853 0.165272 0.000027
0.012477 0.416377 0.257053 0.145631 0.001853 0.166579 0.000029
0.012274 0.414256 0.257693 0.145898 0.001896 0.167955 0.000027
0.012357 0.413474 0.257386 0.146050 0.001872 0.168837 0.000024
0.012270 0.410669 0.258219 0.146148 0.001910 0.170753 0.000031
0.012208 0.409108 0.258345 0.146475 0.001934 0.171901 0.000029
0.011955 0.407436 0.259170 0.146857 0.001907 0.172646 0.000029
0.012312 0.406763 0.258812 0.146689 0.001936 0.173456 0.000033
0.012189 0.405616 0.259102 0.146860 0.001917 0.174284 0.000032
0.012100 0.403772 0.259489 0.147241 0.001955 0.175410 0.000033
0.012277 0.403301 0.259610 0.146974 0.001984 0.175822 0.000032
0.011926 0.401336 0.259949 0.147478 0.001985 0.177292 0.000033
0.012057 0.400427 0.259834 0.147442 0.001990 0.178217 0.000033
0.011877 0.398079 0.260530 0.147669 0.002002 0.179807 0.000035
0.012056 0.396204 0.260511 0.147845 0.002043 0.181309 0.000032
0.012019 0.395088 0.260871 0.147776 0.002036 0.182177 0.000032
0.012078 0.393808 0.261294 0.147895 0.002039 0.182853 0.000034
0.012104 0.392082 0.261245 0.148187 0.002077 0.184272 0.000032
0.011990 0.390810 0.261447 0.148127 0.002100 0.185492 0.000034
0.011998 0.390962 0.261682 0.147977 0.002095 0.185247 0.000038
0.011954 0.390236 0.261150 0.148071 0.002089 0.186465 0.000035
0.011892 0.386203 0.262140 0.148709 0.002123 0.188897 0.000036
0.011778 0.385125 0.262432 0.148715 0.002136 0.189778 0.000037
0.011826 0.384480 0.262654 0.148755 0.002124 0.190123 0.000038
0.011730 0.380878 0.263165 0.149345 0.002180 0.192664 0.000038
0.011863 0.381241 0.262590 0.149104 0.002169 0.192997 0.000035
0.016485 0.378522 0.261591 0.148532 0.002176 0.192657 0.000036
0.025858 0.374101 0.258913 0.146697 0.002167 0.192224 0.000040
0.023164 0.373476 0.260008 0.147418 0.002180 0.193718 0.000036
0.022844 0.374124 0.259606 0.147047 0.002185 0.194158 0.000037
0.023132 0.370608 0.260160 0.147735 0.002211 0.196112 0.000042
0.023731 0.372319 0.259104 0.147405 0.002164 0.195236 0.000042
0.024806 0.370351 0.259291 0.147148 0.002223 0.196137 0.000044
0.026389 0.368723 0.258624 0.146938 0.002168 0.197118 0.000041
0.023613 0.367772 0.260079 0.147538 0.002201 0.198752 0.000044
0.023497 0.366946 0.259749 0.147580 0.002242 0.199938 0.000047
0.023803 0.364761 0.260159 0.147622 0.002253 0.201357 0.000045
0.022897 0.365085 0.259935 0.147842 0.002252 0.201947 0.000041
0.025378 0.364706 0.258775 0.146812 0.002302 0.201982 0.000045
0.020380 0.364767 0.260684 0.148065 0.002267 0.203793 0.000044
0.020232 0.362010 0.261054 0.148457 0.002293 0.205910 0.000044
0.020704 0.361667 0.261191 0.148015 0.002295 0.206083 0.000047
0.020960 0.361420 0.260574 0.147689 0.002307 0.207002 0.000048
0.019307 0.359971 0.261809 0.147975 0.002326 0.208562 0.000050
0.017688 0.358733 0.262242 0.148541 0.002335 0.210406 0.000054
0.016438 0.356496 0.262819 0.149019 0.002336 0.212843 0.000051
0.017084 0.358737 0.262143 0.148609 0.002347 0.211029 0.000052
0.016277 0.356698 0.262495 0.149194 0.002356 0.212924 0.000056
0.015313 0.353987 0.263649 0.149698 0.002413 0.214885 0.000054
0.015163 0.353925 0.264050 0.149587 0.002409 0.214817 0.000048
0.014543 0.351736 0.264130 0.149895 0.002426 0.217220 0.000050
0.015260 0.350644 0.263869 0.149810 0.002424 0.217942 0.000050
0.013823 0.349472 0.264625 0.150251 0.002454 0.219320 0.000054
0.014657 0.347902 0.264375 0.149907 0.002468 0.220640 0.000051
0.014663 0.348193 0.264093 0.149821 0.002467 0.220712 0.000052
0.014220 0.347868 0.264264 0.149984 0.002485 0.221125 0.000054
0.013464 0.344864 0.264729 0.150588 0.002505 0.223803 0.000047
0.013119 0.341774 0.265729 0.150705 0.002525 0.226096 0.000052
0.013247 0.340684 0.265867 0.150667 0.002532 0.226947 0.000056
0.012990 0.340496 0.265704 0.150432 0.002501 0.227824 0.000053
0.012641 0.338632 0.266023 0.151003 0.002538 0.229106 0.000059
0.012692 0.337872 0.266125 0.151048 0.002524 0.229685 0.000053
0.012639 0.336622 0.266224 0.151007 0.002548 0.230903 0.000057
0.012624 0.334180 0.266667 0.151237 0.002578 0.232661 0.000053
0.012338 0.332713 0.267004 0.151078 0.002593 0.234220 0.000054
0.012578 0.333843 0.266338 0.151039 0.002575 0.233566 0.000060
0.012612 0.331743 0.266414 0.151231 0.002620 0.235334 0.000047
0.012664 0.331384 0.266284 0.151159 0.002597 0.235853 0.000059
0.012327 0.330187 0.266627 0.150968 0.002612 0.237222 0.000057
0.012175 0.329408 0.266711 0.151310 0.002623 0.237714 0.000058
0.012455 0.328917 0.266266 0.150890 0.002658 0.238753 0.000060
0.011940 0.323931 0.267539 0.151661 0.002697 0.242165 0.000066
0.011888 0.323333 0.267422 0.151797 0.002673 0.242819 0.000068
0.012167 0.321900 0.267394 0.151598 0.002661 0.244219 0.000061
0.012063 0.322887 0.267088 0.151573 0.002667 0.243663 0.000060
0.012068 0.321520 0.267123 0.151947 0.002717 0.244566 0.000058
0.011911 0.320281 0.267268 0.151879 0.002737 0.245859 0.000064
0.012046 0.319371 0.266904 0.151939 0.002721 0.246961 0.000059
0.011827 0.316163 0.267749 0.152249 0.002739 0.249215 0.000058
0.011729 0.314556 0.267649 0.151916 0.002772 0.251313 0.000065
0.012007 0.317179 0.267090 0.151581 0.002796 0.249283 0.000064
0.011959 0.313682 0.267260 0.151945 0.002784 0.252302 0.000069
0.011808 0.311233 0.267899 0.152437 0.002777 0.253783 0.000062
0.011955 0.312245 0.267566 0.152000 0.002779 0.253392 0.000064
0.011982 0.310896 0.267720 0.152040 0.002779 0.254516 0.000067
0.011857 0.307774 0.267660 0.152317 0.002795 0.257534 0.000063
0.012172 0.308827 0.267429 0.151622 0.002802 0.257083 0.000066
0.011861 0.306399 0.268012 0.152081 0.002875 0.258699 0.000072
0.011984 0.305814 0.267638 0.152060 0.002854 0.259582 0.000069
0.011776 0.305626 0.268011 0.152169 0.002836 0.259503 0.000079
0.011902 0.304831 0.268136 0.152156 0.002877 0.260022 0.000077
0.011952 0.303494 0.267642 0.151958 0.002879 0.262006 0.000069
0.011738 0.301282 0.268033 0.152068 0.002885 0.263925 0.000068
0.011776 0.299997 0.268248 0.152052 0.002914 0.264940 0.000073
0.011891 0.301068 0.267558 0.151980 0.002925 0.264505 0.000073
0.011612 0.297573 0.268549 0.152019 0.002910 0.267272 0.000066
0.012010 0.297689 0.267985 0.151958 0.002918 0.267370 0.000071
0.011790 0.296309 0.268080 0.152053 0.002939 0.268762 0.000068
0.011913 0.294912 0.267963 0.152010 0.002943 0.270191 0.000068
0.012003 0.293998 0.267711 0.152243 0.002960 0.271017 0.000067
0.011788 0.292978 0.268210 0.151891 0.003011 0.272044 0.000078
0.011949 0.291290 0.267896 0.152009 0.002969 0.273818 0.000069
0.011893 0.290092 0.268076 0.151838 0.002986 0.275044 0.000072
0.011943 0.291809 0.267655 0.151706 0.003004 0.273811 0.000072
0.011943 0.290411 0.267488 0.151695 0.003015 0.275373 0.000075
0.012010 0.288472 0.267554 0.151944 0.003028 0.276919 0.000074
0.011880 0.285664 0.268311 0.152225 0.003026 0.278826 0.000068
0.012043 0.286323 0.267967 0.151607 0.003000 0.278985 0.000075
0.011919 0.285613 0.267848 0.151916 0.003018 0.279612 0.000074
0.012078 0.284180 0.268302 0.151791 0.003016 0.280559 0.000074
0.012035 0.283815 0.267692 0.151455 0.003101 0.281828 0.000073
0.012063 0.280835 0.267670 0.151817 0.003075 0.284460 0.000080
0.012045 0.280057 0.268009 0.151549 0.003066 0.285193 0.000082
0.012064 0.279079 0.268001 0.151519 0.003103 0.286159 0.000075
0.012068 0.276990 0.267573 0.151823 0.003107 0.288357 0.000081
0.011984 0.277443 0.267679 0.151874 0.003099 0.287838 0.000082
0.012029 0.277946 0.267367 0.151378 0.003151 0.288051 0.000079
0.012161 0.274722 0.267293 0.151537 0.003155 0.291058 0.000074
0.012110 0.274391 0.267446 0.151629 0.003154 0.291189 0.000080
0.012264 0.274947 0.267261 0.151356 0.003162 0.290931 0.000079
0.012262 0.273342 0.266888 0.151343 0.003143 0.292941 0.000081
0.012118 0.271111 0.267050 0.151572 0.003213 0.294860 0.000076
0.012139 0.270629 0.266782 0.151555 0.003187 0.295626 0.000082
0.012353 0.270821 0.266988 0.151399 0.003178 0.295171 0.000089
0.012384 0.269033 0.266503 0.151257 0.003198 0.297543 0.000082
0.012356 0.267616 0.266538 0.151205 0.003264 0.298938 0.000083
0.012207 0.267209 0.266273 0.151056 0.003218 0.299956 0.000081
0.012295 0.265432 0.266771 0.151081 0.003209 0.301132 0.000079
0.012318 0.264907 0.266706 0.150925 0.003223 0.301839 0.000084
0.012482 0.261788 0.266710 0.150670 0.003276 0.304982 0.000091
0.012408 0.263977 0.266470 0.150643 0.003283 0.303134 0.000084
0.012332 0.262266 0.266317 0.150929 0.003319 0.304758 0.000078
0.012425 0.262142 0.265796 0.150528 0.003298 0.305731 0.000080
0.012390 0.261163 0.266136 0.150610 0.003298 0.306326 0.000077
0.012385 0.258551 0.266137 0.150684 0.003315 0.308841 0.000086
0.012458 0.259251 0.265765 0.150728 0.003341 0.308380 0.000077
0.012481 0.258260 0.265921 0.150629 0.003293 0.309332 0.000085
0.012489 0.257641 0.265405 0.150454 0.003394 0.310538 0.000080
0.012563 0.256015 0.265793 0.150554 0.003343 0.311649 0.000083
0.012589 0.255086 0.265102 0.150523 0.003341 0.313271 0.000088
0.012590 0.255188 0.265326 0.150312 0.003327 0.313177 0.000080
0.012589 0.253784 0.265164 0.150043 0.003365 0.314966 0.000090
0.012643 0.253623 0.264923 0.149943 0.003394 0.315385 0.000088
0.012644 0.250310 0.265053 0.150243 0.003449 0.318209 0.000090
0.012660 0.251012 0.264778 0.149872 0.003456 0.318136 0.000086
0.012688 0.251015 0.264760 0.149709 0.003372 0.318368 0.000089
0.012750 0.250805 0.264560 0.149299 0.003407 0.319100 0.000078
0.012745 0.247823 0.264426 0.149985 0.003442 0.321490 0.000089
0.012590 0.247161 0.264113 0.149789 0.003425 0.322830 0.000092
0.012845 0.247963 0.263968 0.149726 0.003433 0.321973 0.000092
0.012758 0.247126 0.264033 0.149435 0.003504 0.323059 0.000084
0.012839 0.245917 0.264005 0.149109 0.003472 0.324564 0.000095
0.012759 0.244154 0.263660 0.149688 0.003524 0.326122 0.000093
0.012802 0.243108 0.263309 0.149496 0.003492 0.327703 0.000090
0.012819 0.244154 0.263124 0.149361 0.003512 0.326935 0.000095
0.012843 0.241634 0.262917 0.149318 0.003531 0.329659 0.000098
0.013005 0.241225 0.262515 0.149031 0.003525 0.330601 0.000096
0.012913 0.240462 0.262385 0.148928 0.003516 0.331706 0.000091
0.012874 0.239482 0.262496 0.149122 0.003529 0.332399 0.000099
0.013010 0.237977 0.262786 0.148836 0.003564 0.333734 0.000093
0.012781 0.238824 0.262201 0.148881 0.003590 0.333618 0.000105
0.013010 0.237424 0.262003 0.148727 0.003561 0.335176 0.000098
0.013034 0.235335 0.262203 0.148807 0.003610 0.336919 0.000093
0.013005 0.234874 0.261829 0.148641 0.003602 0.337948 0.000101
0.012959 0.234659 0.261712 0.148483 0.003601 0.338488 0.000098
0.013138 0.234067 0.261572 0.147981 0.003602 0.339536 0.000106
0.013203 0.233184 0.260706 0.148258 0.003604 0.340943 0.000102
0.013105 0.232118 0.261193 0.148250 0.003656 0.341579 0.000098
0.013174 0.232327 0.260761 0.147861 0.003676 0.342103 0.000097
0.013104 0.230696 0.260885 0.148001 0.003672 0.343544 0.000097
0.013069 0.230335 0.260432 0.147656 0.003681 0.344723 0.000105
0.013271 0.230145 0.260233 0.147666 0.003659 0.344924 0.000103
0.013063 0.229926 0.260247 0.147502 0.003637 0.345521 0.000104
0.013297 0.227919 0.259779 0.147270 0.003681 0.347954 0.000098
0.013230 0.227907 0.259659 0.147316 0.003685 0.348109 0.000093
0.013169 0.226963 0.259768 0.147345 0.003676 0.348969 0.000109
0.013267 0.225427 0.259445 0.147048 0.003717 0.350992 0.000104
0.013464 0.225637 0.259557 0.147088 0.003663 0.350482 0.000109
0.013338 0.224175 0.259174 0.147009 0.003753 0.352437 0.000113
0.013344 0.224347 0.259058 0.146745 0.003764 0.352632 0.000110
0.013385 0.222841 0.258806 0.146891 0.003758 0.354211 0.000107
0.013333 0.222067 0.258862 0.146660 0.003758 0.355216 0.000104
0.013412 0.221442 0.258518 0.146499 0.003751 0.356273 0.000105
0.013390 0.221111 0.258669 0.146462 0.003776 0.356478 0.000113
0.013541 0.219240 0.258002 0.146472 0.003823 0.358815 0.000107
0.013612 0.220462 0.258288 0.145988 0.003771 0.357771 0.000108
0.013419 0.219405 0.257813 0.145934 0.003778 0.359548 0.000105
0.013367 0.218355 0.257966 0.145858 0.003804 0.360534 0.000116
0.013456 0.217471 0.257913 0.145568 0.003816 0.361672 0.000105
0.013602 0.217948 0.257473 0.145470 0.003787 0.361604 0.000117
0.013543 0.215834 0.257390 0.145454 0.003864 0.363794 0.000121
0.013602 0.215325 0.256933 0.145445 0.003864 0.364713 0.000119
0.013703 0.214672 0.256966 0.145136 0.003879 0.365530 0.000114
0.013734 0.215390 0.256417 0.144825 0.003851 0.365673 0.000109
0.013734 0.214651 0.256155 0.145122 0.003874 0.366350 0.000114
0.013808 0.213173 0.256100 0.144979 0.003889 0.367932 0.000120
0.013708 0.212132 0.255831 0.144900 0.003910 0.369397 0.000124
0.013893 0.211504 0.255652 0.144754 0.003860 0.370209 0.000127
0.013755 0.210905 0.255277 0.144534 0.003930 0.371483 0.000116
0.013728 0.209589 0.255424 0.144594 0.003915 0.372629 0.000120
0.013976 0.209342 0.255182 0.144275 0.003896 0.373209 0.000120
0.013835 0.208528 0.254884 0.144298 0.003989 0.374341 0.000124
0.013800 0.208315 0.254705 0.144104 0.003957 0.374998 0.000121
0.014023 0.208017 0.254223 0.144313 0.003942 0.375357 0.000125
0.014068 0.207668 0.254152 0.143642 0.003929 0.376415 0.000126
0.013957 0.206983 0.254217 0.143995 0.003933 0.376804 0.000111
0.013924 0.206411 0.253848 0.143727 0.003976 0.377994 0.000120
0.014100 0.204808 0.253709 0.143593 0.003988 0.379681 0.000122
0.014169 0.205313 0.253347 0.143526 0.003913 0.379602 0.000130
0.014058 0.204044 0.253430 0.143427 0.003989 0.380917 0.000135
0.014171 0.203980 0.253300 0.143556 0.003958 0.380906 0.000129
0.014324 0.202563 0.252240 0.143287 0.004043 0.383423 0.000120
0.014232 0.202743 0.252613 0.142889 0.004043 0.383353 0.000128
0.014322 0.201417 0.252371 0.143169 0.004007 0.384584 0.000129
0.014291 0.200332 0.252115 0.142598 0.004054 0.386487 0.000123
0.014441 0.198769 0.251736 0.142485 0.004044 0.388404 0.000122
0.014209 0.200371 0.252065 0.142214 0.004040 0.386968 0.000133
0.014471 0.198372 0.251688 0.142512 0.004046 0.388786 0.000125
0.014552 0.198354 0.251428 0.142330 0.004115 0.389083 0.000137
0.014562 0.197536 0.251220 0.141933 0.004072 0.390542 0.000135
0.014670 0.197253 0.251112 0.141837 0.004104 0.390886 0.000138
0.014466 0.196990 0.250573 0.141981 0.004139 0.391716 0.000135
0.014480 0.196275 0.250462 0.141726 0.004038 0.392885 0.000134
0.014519 0.195325 0.250425 0.141682 0.004187 0.393730 0.000132
0.014603 0.192925 0.250088 0.141345 0.004139 0.396769 0.000131
0.014766 0.194007 0.249501 0.141361 0.004124 0.396109 0.000132
0.014578 0.192689 0.249527 0.141021 0.004151 0.397898 0.000136
0.014718 0.192284 0.249577 0.141046 0.004096 0.398157 0.000122
0.014751 0.192356 0.249277 0.140747 0.004129 0.398597 0.000143
0.014859 0.190649 0.248250 0.140718 0.004194 0.401194 0.000135
0.014652 0.192706 0.248980 0.140887 0.004086 0.398558 0.000131
0.014824 0.190333 0.248608 0.140550 0.004185 0.401357 0.000142
0.014893 0.189186 0.248016 0.140337 0.004128 0.403303 0.000136
0.014775 0.190127 0.247918 0.140407 0.004095 0.402541 0.000137
0.014664 0.188771 0.247990 0.140276 0.004221 0.403936 0.000141
0.015014 0.187536 0.247481 0.139831 0.004206 0.405800 0.000132
0.014840 0.188052 0.247390 0.140080 0.004163 0.405333 0.000142
0.014926 0.187730 0.246796 0.139621 0.004223 0.406553 0.000151
0.015162 0.186943 0.246649 0.139529 0.004176 0.407397 0.000145
0.015048 0.187048 0.246797 0.139314 0.004182 0.407465 0.000147
0.015212 0.184950 0.245992 0.139458 0.004253 0.409995 0.000139
0.015297 0.184708 0.245728 0.139268 0.004221 0.410630 0.000147
0.015224 0.184064 0.245738 0.139116 0.004194 0.411521 0.000143
0.015239 0.184389 0.245715 0.138878 0.004203 0.411420 0.000156
0.015384 0.183894 0.245230 0.139046 0.004252 0.412052 0.000142
0.015308 0.182054 0.245164 0.138821 0.004309 0.414199 0.000145
0.015545 0.181917 0.244653 0.138503 0.004238 0.414997 0.000147
0.015273 0.181503 0.244899 0.138213 0.004259 0.415707 0.000146
0.015296 0.180755 0.244651 0.138124 0.004261 0.416767 0.000147
0.015730 0.180199 0.243892 0.137945 0.004298 0.417789 0.000148
0.015403 0.180588 0.243934 0.137969 0.004261 0.417699 0.000144
0.015657 0.179379 0.243725 0.137720 0.004283 0.419079 0.000157
0.015480 0.178457 0.243229 0.137717 0.004274 0.420689 0.000154
0.015714 0.177821 0.243073 0.137437 0.004341 0.421462 0.000151
0.015471 0.178531 0.243380 0.137686 0.004298 0.420482 0.000151
0.015660 0.177554 0.242654 0.137149 0.004313 0.422516 0.000155
0.015655 0.176170 0.242124 0.136981 0.004289 0.424628 0.000153
0.015749 0.175785 0.241868 0.136844 0.004354 0.425247 0.000153
0.015653 0.175839 0.241689 0.136952 0.004352 0.425360 0.000155
0.015657 0.174943 0.241517 0.136654 0.004357 0.426720 0.000152
0.015868 0.174146 0.240949 0.136410 0.004355 0.428114 0.000158
0.015915 0.174578 0.240839 0.136164 0.004376 0.427971 0.000156
0.015980 0.174248 0.240947 0.136257 0.004332 0.428078 0.000157
0.015885 0.172256 0.240421 0.136030 0.004314 0.430931 0.000163
0.015913 0.172804 0.240501 0.135956 0.004371 0.430298 0.000157
0.015890 0.172493 0.240000 0.135744 0.004334 0.431391 0.000148
0.016011 0.171575 0.240318 0.135547 0.004319 0.432069 0.000161
0.015972 0.170826 0.239375 0.135574 0.004382 0.433713 0.000157
0.016112 0.170070 0.239212 0.135273 0.004327 0.434841 0.000165
0.016225 0.169923 0.238993 0.135323 0.004412 0.434966 0.000158
0.016222 0.169035 0.238714 0.135097 0.004415 0.436350 0.000167
0.016312 0.168999 0.238297 0.134665 0.004391 0.437182 0.000155
0.016277 0.168951 0.238221 0.134811 0.004423 0.437152 0.000164
0.016409 0.168212 0.238126 0.134604 0.004436 0.438042 0.000170
0.016334 0.167266 0.237798 0.134419 0.004464 0.439563 0.000157
0.016338 0.166600 0.237346 0.134430 0.004507 0.440600 0.000178
0.016319 0.166645 0.237424 0.133984 0.004388 0.441079 0.000160
0.016293 0.167040 0.237366 0.134209 0.004468 0.440451 0.000172
0.016676 0.165087 0.236443 0.133669 0.004486 0.443465 0.000173
0.016585 0.165020 0.236495 0.133895 0.004478 0.443365 0.000162
0.016511 0.164348 0.235986 0.133272 0.004505 0.445201 0.000177
0.016502 0.163975 0.235798 0.133253 0.004457 0.445841 0.000174
0.016551 0.163774 0.236534 0.133297 0.004528 0.445145 0.000170
0.016754 0.163643 0.235531 0.133098 0.004492 0.446296 0.000187
0.016787 0.162606 0.235093 0.133013 0.004487 0.447851 0.000164
0.016827 0.162910 0.234887 0.132479 0.004518 0.448208 0.000171
0.016779 0.161598 0.234553 0.132957 0.004528 0.449398 0.000187
0.016960 0.163032 0.234744 0.132743 0.004487 0.447852 0.000181
0.016926 0.160062 0.234459 0.132408 0.004575 0.451390 0.000179
0.016925 0.160915 0.233702 0.132278 0.004522 0.451481 0.000176
0.017008 0.159960 0.233331 0.131798 0.004539 0.453180 0.000184
0.016902 0.160130 0.233145 0.132002 0.004532 0.453116 0.000173
0.017224 0.159220 0.232885 0.131861 0.004542 0.454085 0.000183
0.017255 0.159049 0.232945 0.131714 0.004557 0.454300 0.000181
0.017013 0.158554 0.232329 0.131479 0.004544 0.455901 0.000180
0.017273 0.158445 0.232301 0.131526 0.004584 0.455695 0.000177
0.017157 0.157781 0.232014 0.131157 0.004561 0.457149 0.000181
0.017477 0.156643 0.231847 0.130974 0.004581 0.458307 0.000172
0.017376 0.156676 0.231737 0.130769 0.004553 0.458710 0.000179
0.017357 0.155419 0.231371 0.130746 0.004536 0.460389 0.000183
0.017333 0.156239 0.231409 0.130366 0.004555 0.459926 0.000172
0.017527 0.155914 0.230965 0.130344 0.004541 0.460517 0.000193
0.017656 0.154907 0.230499 0.130169 0.004578 0.462004 0.000185
0.017624 0.153719 0.230020 0.129916 0.004554 0.463976 0.000191
0.017594 0.154409 0.230625 0.129674 0.004611 0.462896 0.000191
0.017711 0.153290 0.229417 0.129730 0.004586 0.465069 0.000197
0.017646 0.153767 0.229513 0.129780 0.004514 0.464582 0.000197
0.017876 0.153015 0.229176 0.129676 0.004556 0.465497 0.000203
0.017674 0.152455 0.229002 0.129676 0.004627 0.466363 0.000202
0.017668 0.152202 0.228871 0.129409 0.004633 0.467015 0.000202
0.017521 0.151212 0.228323 0.129094 0.004559 0.469087 0.000203
0.017814 0.150601 0.228286 0.128906 0.004635 0.469565 0.000193
0.017969 0.151438 0.228172 0.128841 0.004584 0.468801 0.000196
0.017863 0.150630 0.227312 0.128667 0.004656 0.470677 0.000195
0.017888 0.150421 0.227441 0.128566 0.004655 0.470835 0.000194
0.018205 0.149604 0.227285 0.127975 0.004664 0.472061 0.000206
0.018203 0.149554 0.226520 0.128067 0.004632 0.472821 0.000202
0.018029 0.149213 0.226380 0.128350 0.004656 0.473175 0.000197
0.018269 0.147922 0.226059 0.127996 0.004718 0.474843 0.000193
0.018154 0.148061 0.225983 0.127898 0.004662 0.475031 0.000211
0.018258 0.147851 0.225669 0.127360 0.004647 0.476017 0.000197
0.018494 0.147660 0.225473 0.127613 0.004613 0.475939 0.000209
0.018126 0.147119 0.225203 0.127367 0.004617 0.477361 0.000206
0.018424 0.146264 0.224938 0.126945 0.004665 0.478546 0.000219
0.018040 0.146345 0.225222 0.126839 0.004656 0.478689 0.000208
0.018343 0.146541 0.224461 0.126840 0.004716 0.478884 0.000215
0.018428 0.145452 0.224124 0.126467 0.004695 0.480617 0.000216
0.018285 0.145656 0.224111 0.126952 0.004739 0.480055 0.000203
0.018670 0.144207 0.223386 0.126233 0.004692 0.482599 0.000212
0.018657 0.144874 0.223425 0.126366 0.004703 0.481762 0.000213
0.018557 0.144934 0.223399 0.126452 0.004694 0.481753 0.000211
0.018470 0.143885 0.222955 0.126041 0.004645 0.483792 0.000212
0.018662 0.143321 0.222174 0.125846 0.004759 0.485027 0.000211
0.018818 0.143900 0.222629 0.126043 0.004765 0.483638 0.000206
0.018839 0.142555 0.221454 0.125501 0.004711 0.486730 0.000210
0.018749 0.142532 0.221785 0.125647 0.004719 0.486338 0.000230
0.019013 0.141609 0.221162 0.125240 0.004762 0.487999 0.000214
