0.999112 0.000864 0.000017 0.000008 0.000000 0.000000 0.000000
0.998680 0.001274 0.000024 0.000011 0.000000 0.000011 0.000000
0.998218 0.001720 0.000030 0.000021 0.000000 0.000011 0.000000
0.997747 0.002173 0.000045 0.000024 0.000000 0.000010 0.000000
0.997267 0.002644 0.000051 0.000028 0.000000 0.000010 0.000000
0.996811 0.003089 0.000060 0.000030 0.000000 0.000010 0.000000
0.996158 0.003733 0.000066 0.000032 0.000000 0.000010 0.000000
0.995470 0.004407 0.000076 0.000038 0.000000 0.000010 0.000000
0.994667 0.005207 0.000076 0.000040 0.000000 0.000010 0.000000
0.993560 0.006296 0.000096 0.000039 0.000000 0.000009 0.000000
0.992644 0.007197 0.000106 0.000045 0.000000 0.000009 0.000000
0.991126 0.008704 0.000115 0.000047 0.000000 0.000008 0.000000
0.989137 0.010673 0.000124 0.000058 0.000000 0.000008 0.000000
0.987110 0.012663 0.000165 0.000055 0.000000 0.000008 0.000000
0.984809 0.014924 0.000185 0.000075 0.000000 0.000007 0.000000
0.981688 0.017988 0.000211 0.000108 0.000000 0.000006 0.000000
0.978742 0.020910 0.000231 0.000112 0.000000 0.000006 0.000000
0.973927 0.025646 0.000264 0.000155 0.000000 0.000008 0.000000
0.968517 0.030972 0.000325 0.000178 0.000000 0.000007 0.000000
0.963594 0.035812 0.000366 0.000219 0.000000 0.000008 0.000000
0.958053 0.041190 0.000473 0.000273 0.000000 0.000010 0.000000
0.949634 0.049439 0.000586 0.000330 0.000000 0.000011 0.000000
0.942713 0.056173 0.000702 0.000398 0.000000 0.000014 0.000000
0.933821 0.064847 0.000844 0.000474 0.000000 0.000014 0.000000
0.923504 0.074936 0.001009 0.000535 0.000000 0.000016 0.000000
0.912798 0.085364 0.001204 0.000614 0.000000 0.000020 0.000000
0.903864 0.094033 0.001361 0.000715 0.000000 0.000027 0.000000
0.891085 0.106489 0.001562 0.000829 0.000000 0.000035 0.000000
0.876973 0.120178 0.001819 0.000986 0.000000 0.000044 0.000000
0.863905 0.132866 0.002072 0.001099 0.000000 0.000057 0.000000
0.850934 0.145410 0.002367 0.001223 0.000000 0.000066 0.000000
0.836880 0.159072 0.002586 0.001386 0.000000 0.000076 0.000000
0.819561 0.175845 0.002894 0.001613 0.000000 0.000086 0.000000
0.805193 0.189735 0.003180 0.001791 0.000001 0.000100 0.000000
0.787178 0.207047 0.003631 0.002030 0.000004 0.000110 0.000000
0.773298 0.220371 0.003974 0.002230 0.000005 0.000122 0.000000
0.756505 0.236476 0.004394 0.002479 0.000006 0.000139 0.000000
0.739444 0.252847 0.004813 0.002745 0.000005 0.000145 0.000000
0.724715 0.266882 0.005250 0.002984 0.000006 0.000163 0.000000
0.706695 0.284049 0.005788 0.003269 0.000005 0.000193 0.000000
0.690895 0.299082 0.006256 0.003551 0.000004 0.000212 0.000000
0.674400 0.314790 0.006710 0.003861 0.000005 0.000233 0.000000
0.658773 0.329538 0.007250 0.004179 0.000005 0.000255 0.000000
0.641365 0.345836 0.007946 0.004567 0.000004 0.000283 0.000000
0.625167 0.361029 0.008554 0.004932 0.000005 0.000313 0.000000
0.610949 0.374228 0.009211 0.005267 0.000005 0.000341 0.000000
0.595830 0.388408 0.009777 0.005606 0.000005 0.000373 0.000000
0.579203 0.403903 0.010457 0.006030 0.000004 0.000403 0.000000
0.564106 0.417826 0.011162 0.006448 0.000006 0.000452 0.000000
0.549717 0.431109 0.011811 0.006859 0.000006 0.000498 0.000000
0.535064 0.444551 0.012541 0.007305 0.000007 0.000532 0.000000
0.521699 0.456538 0.013428 0.007758 0.000007 0.000570 0.000000
0.510161 0.466979 0.014096 0.008150 0.000007 0.000607 0.000000
0.498493 0.477212 0.014961 0.008661 0.000007 0.000667 0.000000
0.489421 0.485219 0.015568 0.009072 0.000007 0.000713 0.000000
0.475191 0.497921 0.016503 0.009610 0.000008 0.000768 0.000000
0.466925 0.504896 0.017333 0.010014 0.000010 0.000822 0.000000
0.458299 0.512396 0.018027 0.010393 0.000010 0.000875 0.000000
0.449719 0.519661 0.018840 0.010846 0.000009 0.000924 0.000000
0.441326 0.526737 0.019593 0.011341 0.000011 0.000992 0.000000
0.432545 0.533888 0.020619 0.011873 0.000012 0.001061 0.000000
0.426308 0.538850 0.021363 0.012345 0.000012 0.001122 0.000000
0.416583 0.547063 0.022280 0.012854 0.000013 0.001207 0.000000
0.414550 0.548109 0.022816 0.013234 0.000014 0.001277 0.000000
0.405634 0.555408 0.023849 0.013737 0.000014 0.001358 0.000000
0.402231 0.557797 0.024441 0.014106 0.000016 0.001408 0.000000
0.397383 0.561341 0.025226 0.014550 0.000018 0.001482 0.000000
0.391368 0.566016 0.025987 0.015041 0.000019 0.001568 0.000000
0.384405 0.571276 0.027064 0.015584 0.000019 0.001652 0.000000
0.378351 0.575802 0.027973 0.016085 0.000020 0.001769 0.000000
0.372279 0.580661 0.028733 0.016461 0.000020 0.001846 0.000000
0.365377 0.585896 0.029704 0.017042 0.000021 0.001960 0.000000
0.362049 0.588236 0.030256 0.017398 0.000024 0.002036 0.000000
0.355711 0.592707 0.031414 0.017979 0.000024 0.002166 0.000000
0.349851 0.597136 0.032222 0.018495 0.000024 0.002272 0.000000
0.344363 0.600846 0.033389 0.018968 0.000024 0.002411 0.000000
0.338713 0.604836 0.034286 0.019599 0.000027 0.002540 0.000000
0.331734 0.610086 0.035316 0.020166 0.000030 0.002669 0.000000
0.327043 0.613690 0.036040 0.020450 0.000028 0.002748 0.000000
0.318314 0.620587 0.037039 0.021158 0.000033 0.002870 0.000000
0.310514 0.625796 0.038537 0.022016 0.000033 0.003103 0.000000
0.305635 0.628823 0.039629 0.022620 0.000036 0.003257 0.000000
0.300766 0.632535 0.040250 0.023056 0.000038 0.003355 0.000000
0.296591 0.634601 0.041577 0.023668 0.000040 0.003523 0.000000
0.285773 0.642400 0.043309 0.024766 0.000040 0.003711 0.000000
0.281446 0.644620 0.044496 0.025497 0.000040 0.003900 0.000000
0.278394 0.646163 0.045362 0.025989 0.000043 0.004048 0.000000
0.273828 0.648943 0.046432 0.026503 0.000047 0.004247 0.000000
0.266605 0.653594 0.047955 0.027359 0.000050 0.004438 0.000000
0.265028 0.654066 0.048538 0.027715 0.000056 0.004596 0.000000
0.260731 0.655771 0.050025 0.028572 0.000056 0.004845 0.000000
0.250260 0.663342 0.051669 0.029584 0.000064 0.005082 0.000000
0.245650 0.666005 0.052685 0.030307 0.000069 0.005284 0.000000
0.240986 0.668887 0.053747 0.030827 0.000071 0.005481 0.000000
0.234106 0.672435 0.055588 0.031920 0.000076 0.005875 0.000000
0.228860 0.675328 0.057025 0.032621 0.000073 0.006093 0.000000
0.223180 0.678784 0.058321 0.033310 0.000085 0.006321 0.000000
0.212618 0.685527 0.060511 0.034549 0.000087 0.006709 0.000000
0.211338 0.685747 0.061107 0.034856 0.000093 0.006859 0.000000
0.209036 0.685353 0.062606 0.035768 0.000096 0.007142 0.000000
0.203494 0.688538 0.063895 0.036521 0.000099 0.007453 0.000000
0.199013 0.691227 0.064934 0.037088 0.000105 0.007633 0.000000
0.192654 0.694124 0.066956 0.038163 0.000104 0.007999 0.000000
0.186285 0.697428 0.068630 0.039132 0.000115 0.008411 0.000000
0.182516 0.699146 0.069847 0.039785 0.000110 0.008596 0.000000
0.172099 0.704585 0.072697 0.041374 0.000129 0.009115 0.000000
0.172832 0.702999 0.073128 0.041642 0.000131 0.009268 0.000000
0.165396 0.706563 0.075286 0.042925 0.000134 0.009695 0.000000
0.162894 0.705581 0.077372 0.043918 0.000149 0.010086 0.000000
0.161070 0.705855 0.078101 0.044452 0.000152 0.010370 0.000000
0.157189 0.706765 0.079784 0.045384 0.000155 0.010723 0.000000
0.156816 0.704599 0.081098 0.046219 0.000153 0.011115 0.000000
0.154817 0.704366 0.082355 0.046854 0.000163 0.011444 0.000000
0.151528 0.703721 0.084483 0.048143 0.000168 0.011957 0.000000
0.145099 0.705535 0.087093 0.049527 0.000175 0.012571 0.000000
0.145659 0.704475 0.087385 0.049608 0.000178 0.012694 0.000000
0.143336 0.704197 0.088732 0.050398 0.000187 0.013150 0.000000
0.140873 0.704068 0.090114 0.051269 0.000185 0.013491 0.000000
0.138478 0.703466 0.091762 0.052105 0.000187 0.014001 0.000000
0.129915 0.707449 0.094365 0.053592 0.000190 0.014488 0.000001
0.132785 0.703207 0.095007 0.053903 0.000205 0.014893 0.000001
0.129831 0.702712 0.096857 0.054989 0.000208 0.015403 0.000001
0.123619 0.705571 0.098633 0.056013 0.000217 0.015946 0.000001
0.125552 0.703198 0.098642 0.056269 0.000222 0.016116 0.000000
0.121880 0.703877 0.100398 0.057092 0.000233 0.016520 0.000001
0.113547 0.708105 0.102734 0.058274 0.000246 0.017093 0.000001
0.110137 0.707522 0.104769 0.059544 0.000252 0.017775 0.000001
0.102889 0.709892 0.107308 0.061142 0.000250 0.018519 0.000000
0.101109 0.708882 0.108720 0.062020 0.000262 0.019006 0.000001
0.099413 0.708751 0.109739 0.062517 0.000258 0.019320 0.000001
0.091267 0.711372 0.112585 0.064304 0.000269 0.020201 0.000001
0.090895 0.709857 0.113712 0.064648 0.000281 0.020607 0.000001
0.083731 0.711907 0.116574 0.066165 0.000284 0.021338 0.000000
0.079266 0.712577 0.118568 0.067266 0.000287 0.022036 0.000001
0.076141 0.711621 0.120592 0.068707 0.000310 0.022628 0.000001
0.078708 0.708747 0.120743 0.068601 0.000314 0.022887 0.000001
0.075083 0.707273 0.123435 0.070139 0.000330 0.023739 0.000001
0.072376 0.706875 0.124985 0.071125 0.000331 0.024307 0.000001
0.072464 0.705404 0.125679 0.071335 0.000350 0.024767 0.000001
0.068058 0.706473 0.127338 0.072570 0.000336 0.025225 0.000001
0.069741 0.701621 0.128908 0.073343 0.000337 0.026049 0.000001
0.065385 0.701619 0.131240 0.074484 0.000355 0.026915 0.000002
0.064032 0.700204 0.132470 0.075407 0.000355 0.027530 0.000002
0.061528 0.698246 0.134751 0.076810 0.000367 0.028297 0.000002
0.060308 0.697313 0.135788 0.077358 0.000376 0.028854 0.000003
0.057221 0.696497 0.137860 0.078540 0.000384 0.029494 0.000003
0.054062 0.695964 0.139598 0.079704 0.000383 0.030287 0.000002
0.053522 0.692905 0.141424 0.080560 0.000398 0.031190 0.000002
0.052544 0.691296 0.142690 0.081295 0.000414 0.031757 0.000003
0.051889 0.690801 0.143204 0.081637 0.000413 0.032054 0.000002
0.049774 0.688607 0.145308 0.082874 0.000421 0.033013 0.000003
0.046416 0.687691 0.147571 0.084167 0.000420 0.033732 0.000003
0.045004 0.686186 0.149021 0.084874 0.000457 0.034456 0.000003
0.043846 0.683890 0.150542 0.085934 0.000471 0.035315 0.000002
0.042627 0.682635 0.151894 0.086539 0.000474 0.035828 0.000002
0.043535 0.678381 0.153329 0.087481 0.000482 0.036789 0.000003
0.046234 0.675221 0.153500 0.087640 0.000488 0.036914 0.000003
0.043609 0.674938 0.154802 0.088437 0.000494 0.037716 0.000003
0.044042 0.670150 0.156940 0.089553 0.000504 0.038808 0.000003
0.043644 0.668850 0.157677 0.090023 0.000515 0.039288 0.000003
0.043471 0.665919 0.159135 0.090827 0.000516 0.040130 0.000002
0.044981 0.663550 0.159498 0.090876 0.000511 0.040582 0.000002
0.040846 0.661607 0.162534 0.092648 0.000546 0.041817 0.000002
0.042184 0.660852 0.162138 0.092274 0.000537 0.042014 0.000002
0.041447 0.656474 0.164798 0.093609 0.000554 0.043117 0.000002
0.039937 0.656477 0.165359 0.094160 0.000560 0.043503 0.000003
0.041605 0.652647 0.166292 0.094584 0.000578 0.044291 0.000003
0.046848 0.647169 0.166164 0.094560 0.000564 0.044692 0.000003
0.046079 0.645085 0.167583 0.095150 0.000587 0.045513 0.000003
0.044646 0.641668 0.169662 0.096623 0.000601 0.046796 0.000003
0.046634 0.639275 0.169776 0.096518 0.000600 0.047193 0.000004
0.045056 0.638122 0.170987 0.097311 0.000621 0.047899 0.000003
0.043754 0.637130 0.172007 0.097934 0.000640 0.048531 0.000004
0.043871 0.634874 0.173047 0.098435 0.000632 0.049137 0.000004
0.045860 0.631300 0.173620 0.098665 0.000637 0.049913 0.000004
0.044642 0.629527 0.175057 0.099405 0.000648 0.050719 0.000004
0.041576 0.630572 0.175928 0.100010 0.000674 0.051235 0.000004
0.040743 0.629190 0.176951 0.100504 0.000671 0.051938 0.000003
0.038034 0.627402 0.178920 0.101776 0.000706 0.053159 0.000003
0.038446 0.625281 0.179551 0.102159 0.000696 0.053864 0.000004
0.037272 0.622976 0.180806 0.103108 0.000709 0.055126 0.000003
0.036388 0.621642 0.182131 0.103570 0.000699 0.055568 0.000003
0.033997 0.620964 0.183424 0.104334 0.000733 0.056546 0.000003
0.033740 0.619284 0.184175 0.104887 0.000730 0.057180 0.000003
0.031509 0.617431 0.186190 0.105803 0.000740 0.058323 0.000004
0.032642 0.616004 0.186366 0.105812 0.000736 0.058437 0.000003
0.030713 0.613916 0.187801 0.106923 0.000767 0.059876 0.000004
0.030359 0.612449 0.188687 0.107238 0.000755 0.060508 0.000004
0.027217 0.611020 0.190773 0.108483 0.000769 0.061735 0.000004
0.027166 0.609843 0.191161 0.108766 0.000775 0.062285 0.000004
0.025358 0.606612 0.193368 0.110015 0.000792 0.063851 0.000004
0.025778 0.606431 0.193093 0.110162 0.000799 0.063734 0.000003
0.024606 0.602313 0.195516 0.111314 0.000821 0.065426 0.000004
0.024176 0.602429 0.195740 0.111231 0.000831 0.065590 0.000003
0.022807 0.598953 0.197579 0.112573 0.000846 0.067238 0.000004
0.023736 0.597831 0.197462 0.112447 0.000839 0.067679 0.000006
0.021924 0.594653 0.199967 0.113788 0.000854 0.068809 0.000006
0.022036 0.592555 0.200553 0.114141 0.000833 0.069876 0.000006
0.021601 0.591132 0.201219 0.114655 0.000852 0.070536 0.000006
0.020702 0.589131 0.202628 0.115202 0.000859 0.071472 0.000006
0.021245 0.585806 0.203533 0.115747 0.000884 0.072778 0.000006
0.020295 0.583716 0.204801 0.116521 0.000888 0.073773 0.000006
0.020498 0.582591 0.204961 0.116638 0.000911 0.074396 0.000005
0.019586 0.580014 0.206253 0.117595 0.000901 0.075645 0.000006
0.019232 0.577684 0.207376 0.118259 0.000924 0.076518 0.000006
0.018887 0.576274 0.208061 0.118644 0.000922 0.077207 0.000006
0.018954 0.575039 0.208372 0.118808 0.000946 0.077874 0.000007
0.018372 0.572673 0.209506 0.119660 0.000955 0.078827 0.000006
0.018390 0.570178 0.210724 0.119869 0.000949 0.079884 0.000005
0.018091 0.568277 0.211167 0.120629 0.000976 0.080852 0.000008
0.017610 0.565877 0.212122 0.121459 0.000958 0.081965 0.000009
0.017721 0.564137 0.213071 0.121424 0.000978 0.082662 0.000008
0.017619 0.561642 0.213710 0.122114 0.000998 0.083907 0.000010
0.017467 0.560490 0.214270 0.122198 0.001001 0.084567 0.000008
0.017282 0.558844 0.214829 0.122875 0.001012 0.085148 0.000010
0.016955 0.555649 0.216512 0.123197 0.001045 0.086633 0.000010
0.016937 0.555612 0.216230 0.123415 0.001040 0.086757 0.000010
0.016831 0.551884 0.217686 0.124363 0.001043 0.088182 0.000009
0.016311 0.548558 0.219136 0.125015 0.001073 0.089899 0.000008
0.016459 0.547128 0.219405 0.125077 0.001100 0.090822 0.000009
0.016079 0.545616 0.220132 0.125506 0.001098 0.091560 0.000010
0.015854 0.542760 0.221185 0.126283 0.001101 0.092808 0.000010
0.015870 0.541724 0.221686 0.126158 0.001123 0.093427 0.000012
0.015764 0.538471 0.222910 0.126963 0.001148 0.094733 0.000012
0.015844 0.537866 0.222950 0.126892 0.001170 0.095268 0.000009
0.015713 0.536114 0.223661 0.127306 0.001168 0.096029 0.000010
0.015243 0.533191 0.224915 0.128152 0.001176 0.097312 0.000010
0.015424 0.532368 0.225082 0.127932 0.001178 0.098004 0.000011
0.015364 0.530372 0.225739 0.128460 0.001181 0.098875 0.000010
0.015117 0.527328 0.226980 0.129154 0.001211 0.100200 0.000010
0.015059 0.525820 0.227362 0.129470 0.001211 0.101065 0.000013
0.014744 0.522067 0.228909 0.130318 0.001220 0.102731 0.000012
0.015033 0.522314 0.228448 0.130236 0.001232 0.102724 0.000012
0.014773 0.520436 0.229144 0.130606 0.001267 0.103763 0.000011
0.014753 0.518068 0.229952 0.130955 0.001241 0.105016 0.000014
0.014575 0.517569 0.230215 0.131068 0.001242 0.105319 0.000013
0.014509 0.514075 0.231512 0.131828 0.001284 0.106776 0.000016
0.014518 0.513529 0.231441 0.131881 0.001246 0.107372 0.000013
0.014365 0.510568 0.232528 0.132532 0.001294 0.108698 0.000015
0.014164 0.507787 0.233592 0.132767 0.001305 0.110372 0.000013
0.014173 0.506788 0.234113 0.132883 0.001346 0.110682 0.000015
0.014234 0.505968 0.234138 0.133130 0.001312 0.111204 0.000015
0.014026 0.502706 0.235283 0.133900 0.001328 0.112743 0.000014
0.014061 0.501715 0.235748 0.133870 0.001345 0.113246 0.000015
0.014018 0.501839 0.235474 0.133766 0.001365 0.113523 0.000015
0.013769 0.497078 0.237274 0.134834 0.001414 0.115618 0.000013
0.013783 0.495618 0.237367 0.135064 0.001389 0.116761 0.000017
0.013747 0.494009 0.237956 0.135415 0.001416 0.117441 0.000016
0.013682 0.492653 0.238418 0.135565 0.001428 0.118237 0.000016
0.013643 0.490123 0.238842 0.136071 0.001453 0.119851 0.000017
0.013425 0.488132 0.239759 0.136519 0.001447 0.120702 0.000015
0.013389 0.486269 0.240186 0.136679 0.001465 0.121995 0.000017
0.013426 0.484467 0.240906 0.136939 0.001467 0.122781 0.000014
0.013374 0.482094 0.241163 0.137406 0.001483 0.124466 0.000014
0.013367 0.482538 0.241118 0.137339 0.001474 0.124149 0.000015
0.013397 0.479467 0.241772 0.138028 0.001515 0.125804 0.000015
0.013240 0.476445 0.243103 0.138637 0.001515 0.127044 0.000016
0.013468 0.476941 0.242826 0.138398 0.001544 0.126806 0.000016
0.013122 0.472844 0.244316 0.138867 0.001575 0.129260 0.000016
0.013214 0.473256 0.243675 0.138782 0.001592 0.129468 0.000014
0.013024 0.470728 0.244617 0.139135 0.001590 0.130889 0.000017
0.013070 0.469123 0.244910 0.139651 0.001574 0.131656 0.000017
0.012984 0.466731 0.245586 0.139937 0.001605 0.133136 0.000020
0.012763 0.464710 0.246617 0.140143 0.001635 0.134113 0.000019
0.012890 0.463410 0.246670 0.140549 0.001628 0.134834 0.000018
0.012864 0.462013 0.247003 0.140767 0.001641 0.135696 0.000017
0.012857 0.459689 0.247533 0.141083 0.001649 0.137169 0.000019
0.012686 0.458948 0.247607 0.141149 0.001643 0.137950 0.000017
0.012809 0.456642 0.248461 0.141232 0.001656 0.139180 0.000021
0.012604 0.453875 0.249239 0.141671 0.001692 0.140902 0.000018
0.012726 0.453242 0.249312 0.141838 0.001686 0.141179 0.000018
0.012633 0.451437 0.249599 0.142111 0.001727 0.142474 0.000021
0.012530 0.448613 0.250390 0.142716 0.001745 0.143987 0.000019
0.012620 0.448267 0.250364 0.142473 0.001750 0.144505 0.000021
0.012601 0.446452 0.251158 0.142679 0.001742 0.145350 0.000019
0.012531 0.444465 0.251524 0.143147 0.001754 0.146561 0.000018
0.012482 0.443185 0.251494 0.143524 0.001755 0.147538 0.000021
0.012460 0.441476 0.252168 0.143516 0.001755 0.148608 0.000019
0.012413 0.441281 0.252265 0.143329 0.001786 0.148910 0.000017
0.012350 0.438997 0.252452 0.143667 0.001779 0.150736 0.000020
0.012357 0.436972 0.253149 0.144079 0.001808 0.151611 0.000024
0.012297 0.435568 0.253398 0.144378 0.001825 0.152511 0.000023
0.012271 0.433854 0.254181 0.144386 0.001812 0.153476 0.000020
0.012377 0.432532 0.254272 0.144482 0.001855 0.154459 0.000023
0.012198 0.430936 0.254577 0.144717 0.001844 0.155706 0.000022
0.012356 0.429059 0.255108 0.145046 0.001857 0.156547 0.000027
0.012181 0.428822 0.255070 0.145184 0.001857 0.156863 0.000023
0.012351 0.425772 0.255711 0.145497 0.001852 0.158795 0.000022
0.012328 0.424067 0.256141 0.145514 0.001868 0.160061 0.000021
0.012191 0.422426 0.256451 0.146042 0.001852 0.161011 0.000027
0.012101 0.420865 0.256702 0.146197 0.001905 0.162206 0.000025
0.012126 0.419940 0.256776 0.145957 0.001886 0.163293 0.000022
0.012065 0.417774 0.257714 0.146215 0.001943 0.164261 0.000027
0.012182 0.416143 0.257557 0.146360 0.001944 0.165790 0.000024
0.012025 0.414733 0.257772 0.146651 0.001937 0.166857 0.000023
0.012019 0.412425 0.258397 0.146814 0.001925 0.168397 0.000022
0.012006 0.411295 0.258440 0.147030 0.001963 0.169239 0.000025
0.011991 0.410769 0.258744 0.147124 0.001985 0.169363 0.000024
0.012025 0.408902 0.259220 0.146996 0.002020 0.170811 0.000026
0.011994 0.408466 0.259035 0.147156 0.001974 0.171348 0.000027
0.012100 0.405856 0.259470 0.147564 0.001994 0.172993 0.000024
0.012037 0.404636 0.259890 0.147529 0.002004 0.173881 0.000024
0.011912 0.402775 0.259959 0.147945 0.002022 0.175359 0.000027
0.012054 0.402198 0.260250 0.147800 0.002001 0.175674 0.000024
0.012037 0.399483 0.260857 0.148161 0.002075 0.177362 0.000025
0.011872 0.398871 0.260821 0.148265 0.002072 0.178070 0.000030
0.011957 0.396159 0.261254 0.148567 0.002083 0.179951 0.000030
0.011990 0.396037 0.261287 0.148423 0.002100 0.180138 0.000025
0.011922 0.393121 0.261825 0.148854 0.002127 0.182127 0.000024
0.011881 0.392861 0.261849 0.148673 0.002129 0.182582 0.000026
0.011821 0.390937 0.261877 0.148869 0.002131 0.184342 0.000023
0.011912 0.389268 0.262405 0.149074 0.002127 0.185187 0.000027
0.011926 0.387959 0.262319 0.149346 0.002116 0.186306 0.000029
0.012025 0.386841 0.262473 0.149210 0.002161 0.187264 0.000026
0.011869 0.386825 0.262576 0.149231 0.002146 0.187322 0.000031
0.011989 0.384570 0.262932 0.149546 0.002177 0.188759 0.000027
0.011836 0.383027 0.263069 0.149631 0.002177 0.190230 0.000030
0.011904 0.381597 0.263330 0.149796 0.002163 0.191179 0.000032
0.011835 0.380784 0.263489 0.149967 0.002194 0.191704 0.000027
0.011865 0.379307 0.263437 0.149972 0.002207 0.193183 0.000030
0.011904 0.376141 0.264111 0.150368 0.002220 0.195227 0.000030
0.011769 0.376596 0.263964 0.149954 0.002230 0.195451 0.000035
0.011811 0.374108 0.264373 0.150594 0.002260 0.196821 0.000034
0.011735 0.375467 0.263954 0.149966 0.002237 0.196608 0.000032
0.011784 0.371297 0.264941 0.150665 0.002260 0.199017 0.000036
0.011854 0.369971 0.264872 0.150787 0.002256 0.200228 0.000031
0.011871 0.368745 0.265000 0.150757 0.002284 0.201306 0.000037
0.011970 0.367455 0.264928 0.150956 0.002279 0.202382 0.000030
0.011795 0.366221 0.265431 0.150758 0.002293 0.203469 0.000034
0.011756 0.365504 0.265322 0.150991 0.002320 0.204074 0.000034
0.011766 0.363965 0.265446 0.151324 0.002301 0.205162 0.000035
0.011919 0.362672 0.265815 0.150934 0.002323 0.206303 0.000033
0.011927 0.361490 0.265568 0.151296 0.002353 0.207333 0.000034
0.011791 0.360251 0.265730 0.151400 0.002382 0.208412 0.000034
0.011895 0.358840 0.265650 0.151526 0.002372 0.209680 0.000036
0.011813 0.356869 0.266060 0.151839 0.002353 0.211026 0.000040
0.011718 0.356406 0.266266 0.151339 0.002404 0.211826 0.000042
0.011656 0.355239 0.266146 0.151919 0.002376 0.212627 0.000038
0.011826 0.353930 0.266335 0.151691 0.002397 0.213785 0.000036
0.011751 0.351832 0.266723 0.151868 0.002428 0.215357 0.000042
0.011602 0.351802 0.266411 0.152060 0.002414 0.215670 0.000041
0.011732 0.351463 0.266828 0.151862 0.002410 0.215661 0.000044
0.011801 0.350344 0.266577 0.152013 0.002401 0.216820 0.000045
0.011758 0.348153 0.266896 0.152140 0.002457 0.218554 0.000042
0.011697 0.345864 0.267597 0.152097 0.002445 0.220258 0.000043
0.011775 0.344865 0.267320 0.152266 0.002452 0.221276 0.000047
0.011826 0.344155 0.266881 0.152282 0.002467 0.222345 0.000043
0.011890 0.341850 0.267173 0.152397 0.002481 0.224167 0.000042
0.011819 0.341109 0.267668 0.152336 0.002458 0.224563 0.000047
0.011812 0.339580 0.267781 0.152672 0.002532 0.225578 0.000045
0.011920 0.339753 0.267372 0.152374 0.002457 0.226078 0.000046
0.011800 0.337277 0.267809 0.152579 0.002497 0.227991 0.000047
0.011905 0.337197 0.267692 0.152767 0.002540 0.227854 0.000045
0.011817 0.335846 0.267886 0.152561 0.002511 0.229339 0.000040
0.011903 0.332844 0.268215 0.152272 0.002557 0.232163 0.000047
0.011786 0.333713 0.267950 0.152756 0.002509 0.231239 0.000046
0.011808 0.331441 0.268185 0.152711 0.002525 0.233282 0.000049
0.011917 0.331079 0.268287 0.152758 0.002544 0.233372 0.000044
0.011847 0.329871 0.268017 0.152990 0.002580 0.234644 0.000050
0.011946 0.328570 0.267990 0.152776 0.002531 0.236141 0.000046
0.011955 0.327171 0.268370 0.152839 0.002611 0.237004 0.000051
0.011980 0.325631 0.268190 0.153029 0.002596 0.238521 0.000054
0.011897 0.325412 0.268347 0.152719 0.002616 0.238959 0.000051
0.011845 0.323781 0.268331 0.152967 0.002614 0.240407 0.000056
0.012161 0.321939 0.268273 0.153190 0.002630 0.241760 0.000048
0.012020 0.321009 0.268434 0.152840 0.002653 0.242991 0.000053
0.011892 0.321181 0.268383 0.152796 0.002660 0.243035 0.000052
0.012033 0.318900 0.268403 0.152880 0.002650 0.245075 0.000058
0.011761 0.317717 0.268740 0.153082 0.002711 0.245933 0.000055
0.011972 0.316847 0.268639 0.153065 0.002699 0.246722 0.000056
0.011813 0.314927 0.268696 0.153232 0.002711 0.248569 0.000052
0.012146 0.313595 0.268612 0.153282 0.002740 0.249560 0.000064
0.011960 0.313792 0.268533 0.152992 0.002717 0.249946 0.000061
0.012056 0.311752 0.269008 0.153079 0.002711 0.251340 0.000053
0.011887 0.310084 0.268786 0.153125 0.002758 0.253298 0.000062
0.012042 0.309580 0.268814 0.153040 0.002737 0.253724 0.000063
0.012115 0.308758 0.268846 0.152997 0.002776 0.254448 0.000060
0.011922 0.306876 0.268830 0.153185 0.002788 0.256338 0.000062
0.011968 0.307175 0.268567 0.152965 0.002726 0.256533 0.000067
0.012190 0.305004 0.268916 0.153061 0.002818 0.257951 0.000060
0.012217 0.304280 0.268839 0.153056 0.002784 0.258765 0.000060
0.012077 0.303478 0.268758 0.153019 0.002787 0.259819 0.000062
0.012118 0.302359 0.268675 0.153048 0.002769 0.260966 0.000066
0.012112 0.302605 0.268681 0.152932 0.002785 0.260826 0.000060
0.012111 0.300109 0.268634 0.153093 0.002817 0.263171 0.000065
0.012151 0.300034 0.268751 0.152849 0.002830 0.263322 0.000064
0.012324 0.297428 0.268799 0.153011 0.002880 0.265499 0.000060
0.012237 0.295984 0.268663 0.152945 0.002864 0.267240 0.000067
0.012271 0.296514 0.268731 0.152964 0.002827 0.266630 0.000062
0.012355 0.294123 0.268278 0.152910 0.002871 0.269400 0.000062
0.012201 0.294362 0.268741 0.153000 0.002856 0.268773 0.000067
0.012455 0.292993 0.268183 0.152768 0.002914 0.270622 0.000065
0.012332 0.291749 0.268568 0.152965 0.002871 0.271453 0.000063
0.012406 0.290642 0.268187 0.152865 0.002935 0.272902 0.000064
0.012286 0.289815 0.268369 0.152774 0.002946 0.273742 0.000068
0.012404 0.288185 0.268435 0.152892 0.002932 0.275086 0.000064
0.012351 0.287718 0.268354 0.152715 0.002980 0.275817 0.000064
0.012473 0.286251 0.268538 0.152673 0.002949 0.277052 0.000065
0.012534 0.285676 0.267931 0.152866 0.002990 0.277943 0.000061
0.012449 0.285051 0.268064 0.152674 0.002980 0.278717 0.000065
0.012521 0.283709 0.268142 0.152678 0.002980 0.279908 0.000062
0.012578 0.283407 0.267783 0.152823 0.002965 0.280368 0.000075
0.012499 0.282242 0.268020 0.152535 0.002993 0.281639 0.000071
0.012557 0.281181 0.267670 0.152519 0.002978 0.283029 0.000066
0.012626 0.279489 0.267696 0.152534 0.003019 0.284563 0.000073
0.012650 0.279297 0.267908 0.152427 0.003034 0.284618 0.000065
0.012619 0.278123 0.267752 0.152720 0.002991 0.285723 0.000072
0.012764 0.276783 0.267200 0.152556 0.003032 0.287597 0.000069
0.012691 0.274984 0.267497 0.152410 0.003046 0.289298 0.000074
0.012657 0.274871 0.267269 0.152342 0.003064 0.289729 0.000069
0.012702 0.274978 0.267507 0.152125 0.003090 0.289526 0.000071
0.012716 0.273429 0.267516 0.152068 0.003097 0.291099 0.000074
0.012676 0.271491 0.267216 0.152012 0.003126 0.293403 0.000077
0.012864 0.271983 0.266665 0.151911 0.003123 0.293380 0.000075
0.012695 0.270359 0.266815 0.151945 0.003091 0.295021 0.000074
0.012789 0.269765 0.266569 0.151833 0.003139 0.295827 0.000078
0.012827 0.268263 0.266747 0.151538 0.003130 0.297410 0.000084
0.012703 0.267884 0.266754 0.151828 0.003136 0.297615 0.000079
0.012817 0.266839 0.266458 0.151641 0.003136 0.299028 0.000081
0.012906 0.266167 0.266155 0.151889 0.003137 0.299662 0.000085
0.012869 0.264894 0.266203 0.151895 0.003184 0.300880 0.000075
0.013048 0.265304 0.266124 0.151487 0.003150 0.300808 0.000079
0.012858 0.263012 0.266147 0.151472 0.003173 0.303251 0.000087
0.012939 0.262856 0.266311 0.151391 0.003202 0.303222 0.000079
0.012887 0.261275 0.266295 0.151493 0.003154 0.304812 0.000084
0.012859 0.260771 0.265853 0.151411 0.003176 0.305845 0.000085
0.012960 0.259268 0.265681 0.151344 0.003222 0.307444 0.000082
0.013148 0.258724 0.265358 0.151024 0.003190 0.308469 0.000087
0.013003 0.258597 0.265637 0.151021 0.003194 0.308457 0.000091
0.012980 0.256773 0.265519 0.150874 0.003233 0.310537 0.000085
0.012982 0.255959 0.265245 0.151005 0.003187 0.311540 0.000082
0.013075 0.255407 0.265307 0.150930 0.003267 0.311932 0.000081
0.013165 0.254081 0.264996 0.150642 0.003277 0.313758 0.000082
0.013347 0.253379 0.264908 0.150536 0.003271 0.314484 0.000075
0.013072 0.252956 0.265003 0.150619 0.003301 0.314960 0.000089
0.013007 0.252446 0.264969 0.150537 0.003246 0.315706 0.000089
0.013006 0.251358 0.264933 0.150335 0.003310 0.316968 0.000089
0.013243 0.250602 0.264602 0.150524 0.003250 0.317691 0.000089
0.013204 0.249515 0.264403 0.150301 0.003265 0.319223 0.000089
0.013216 0.248667 0.264891 0.150017 0.003283 0.319832 0.000095
0.013201 0.247337 0.264257 0.150040 0.003344 0.321729 0.000092
0.013418 0.246954 0.264174 0.149891 0.003347 0.322127 0.000088
0.013357 0.245776 0.264120 0.150095 0.003333 0.323228 0.000092
0.013292 0.246005 0.263841 0.149800 0.003312 0.323661 0.000090
0.013367 0.244540 0.263773 0.149674 0.003391 0.325160 0.000094
0.013376 0.244229 0.263754 0.150078 0.003370 0.325098 0.000094
0.013540 0.243060 0.263606 0.149570 0.003373 0.326753 0.000099
0.013315 0.242419 0.263389 0.149795 0.003435 0.327551 0.000097
0.013336 0.240899 0.263231 0.149328 0.003431 0.329680 0.000095
0.013416 0.240854 0.263158 0.149008 0.003426 0.330041 0.000097
0.013419 0.239704 0.262804 0.149294 0.003426 0.331250 0.000102
0.013478 0.238796 0.263043 0.148971 0.003417 0.332204 0.000092
0.013624 0.237685 0.262388 0.149062 0.003418 0.333731 0.000092
0.013341 0.237823 0.262452 0.149005 0.003460 0.333830 0.000090
0.013601 0.236207 0.262281 0.148873 0.003468 0.335469 0.000101
0.013785 0.235585 0.262207 0.148753 0.003493 0.336077 0.000100
0.013680 0.234571 0.262201 0.148399 0.003492 0.337549 0.000107
0.013655 0.234262 0.261802 0.148525 0.003475 0.338183 0.000099
0.013712 0.234017 0.261691 0.148382 0.003464 0.338633 0.000100
0.013694 0.232439 0.261707 0.148453 0.003519 0.340085 0.000103
0.013645 0.231976 0.261429 0.148360 0.003495 0.340998 0.000097
0.013615 0.230129 0.261209 0.148077 0.003533 0.343324 0.000112
0.013763 0.230967 0.261114 0.148110 0.003529 0.342418 0.000099
0.013665 0.229435 0.261127 0.147907 0.003551 0.344216 0.000099
0.013917 0.228207 0.260668 0.148163 0.003540 0.345396 0.000108
0.013953 0.227711 0.260362 0.147911 0.003580 0.346380 0.000102
0.013910 0.227029 0.260452 0.147630 0.003559 0.347314 0.000106
0.014119 0.226978 0.260211 0.147725 0.003563 0.347300 0.000104
0.014057 0.225771 0.260017 0.147273 0.003600 0.349175 0.000106
0.013856 0.225529 0.260037 0.147260 0.003643 0.349566 0.000109
0.014072 0.224454 0.259676 0.147240 0.003586 0.350858 0.000113
0.014115 0.224562 0.259465 0.147002 0.003600 0.351148 0.000107
0.014058 0.222986 0.259343 0.147130 0.003603 0.352764 0.000116
0.014266 0.221801 0.259076 0.146797 0.003614 0.354335 0.000111
0.014253 0.220511 0.258865 0.146609 0.003634 0.356026 0.000102
0.014106 0.221110 0.259171 0.146423 0.003612 0.355469 0.000111
0.014125 0.220468 0.258413 0.146711 0.003643 0.356531 0.000109
0.014320 0.219276 0.258424 0.146365 0.003626 0.357888 0.000101
0.014359 0.218209 0.258356 0.146279 0.003640 0.359044 0.000113
0.014125 0.217921 0.258185 0.146278 0.003656 0.359725 0.000110
0.014173 0.217436 0.258304 0.146193 0.003694 0.360084 0.000118
0.014498 0.216062 0.257516 0.146043 0.003720 0.362050 0.000111
0.014194 0.216807 0.257804 0.146035 0.003740 0.361302 0.000120
0.014406 0.214811 0.257281 0.145937 0.003681 0.363769 0.000116
0.014458 0.214648 0.257020 0.145804 0.003748 0.364205 0.000116
0.014359 0.213384 0.256522 0.145522 0.003752 0.366348 0.000113
0.014456 0.213537 0.256829 0.145354 0.003803 0.365900 0.000122
0.014480 0.212573 0.256393 0.145421 0.003745 0.367270 0.000120
0.014518 0.211787 0.256623 0.145387 0.003781 0.367783 0.000120
0.014673 0.211088 0.255707 0.145199 0.003802 0.369419 0.000111
0.014860 0.210495 0.255857 0.145022 0.003789 0.369844 0.000132
0.014754 0.209878 0.255337 0.144892 0.003781 0.371240 0.000119
0.014713 0.209276 0.255384 0.144711 0.003783 0.372015 0.000120
0.014632 0.208563 0.255253 0.144899 0.003785 0.372746 0.000121
0.014518 0.207896 0.255331 0.144493 0.003792 0.373853 0.000117
0.015009 0.206879 0.254579 0.144341 0.003780 0.375295 0.000118
0.014811 0.206584 0.254919 0.144424 0.003830 0.375307 0.000124
0.014830 0.205699 0.254324 0.144480 0.003804 0.376740 0.000123
0.014927 0.205206 0.254284 0.144292 0.003865 0.377306 0.000121
0.015069 0.204401 0.254122 0.143909 0.003873 0.378503 0.000123
0.014863 0.204082 0.253833 0.144117 0.003832 0.379142 0.000130
0.015186 0.203121 0.253809 0.143952 0.003910 0.379891 0.000131
0.015318 0.202638 0.253642 0.143547 0.003843 0.380877 0.000135
0.015057 0.202032 0.253321 0.143642 0.003898 0.381916 0.000135
0.015018 0.200435 0.252603 0.143708 0.003900 0.384205 0.000131
0.015076 0.200566 0.252690 0.143368 0.003943 0.384221 0.000136
0.015187 0.199605 0.252231 0.143333 0.003954 0.385562 0.000127
0.014981 0.199246 0.252592 0.143047 0.003915 0.386083 0.000137
0.015140 0.198881 0.252121 0.143127 0.003961 0.386639 0.000130
0.015255 0.198008 0.252051 0.142791 0.003956 0.387812 0.000128
0.015377 0.197321 0.251891 0.142529 0.003945 0.388807 0.000129
0.015246 0.196907 0.251841 0.142615 0.003925 0.389334 0.000133
0.015395 0.195926 0.251314 0.142772 0.003959 0.390488 0.000145
0.015151 0.195937 0.251272 0.142775 0.003952 0.390768 0.000144
0.015542 0.195259 0.250634 0.142475 0.003940 0.392014 0.000137
0.015355 0.194458 0.250509 0.142434 0.003989 0.393114 0.000142
0.015578 0.193071 0.250340 0.141944 0.004022 0.394906 0.000139
0.015548 0.193296 0.250300 0.141887 0.003949 0.394883 0.000138
0.015574 0.192450 0.250054 0.141703 0.003992 0.396087 0.000139
0.015506 0.191864 0.249933 0.141621 0.004078 0.396856 0.000141
0.015281 0.191605 0.249083 0.141800 0.003984 0.398104 0.000142
0.015653 0.190872 0.249603 0.141193 0.003994 0.398550 0.000135
0.015678 0.190248 0.249062 0.141134 0.004024 0.399723 0.000132
0.015615 0.189854 0.249051 0.140980 0.004016 0.400340 0.000144
0.015807 0.189144 0.248644 0.140901 0.004031 0.401331 0.000142
0.015868 0.188738 0.248396 0.141047 0.004088 0.401730 0.000133
0.015707 0.187565 0.248417 0.140469 0.004087 0.403614 0.000142
0.015851 0.187330 0.247681 0.140478 0.004026 0.404490 0.000144
0.015966 0.186661 0.247686 0.140530 0.004052 0.404963 0.000143
0.015985 0.186338 0.247667 0.140767 0.004038 0.405048 0.000155
0.015863 0.185510 0.247441 0.140347 0.004079 0.406613 0.000148
0.016041 0.185344 0.247042 0.140125 0.004088 0.407203 0.000158
0.015964 0.184364 0.246669 0.139870 0.004081 0.408907 0.000144
0.016056 0.184332 0.246703 0.140246 0.004079 0.408424 0.000160
0.016112 0.183464 0.246629 0.139503 0.004136 0.410016 0.000140
0.016201 0.182816 0.246045 0.139540 0.004118 0.411137 0.000143
0.016203 0.182350 0.245773 0.139426 0.004110 0.411990 0.000148
0.016154 0.182161 0.245967 0.139508 0.004144 0.411924 0.000143
0.016351 0.181114 0.245117 0.139026 0.004127 0.414111 0.000153
0.016131 0.180682 0.245340 0.139206 0.004163 0.414331 0.000148
0.016117 0.180357 0.244981 0.138951 0.004134 0.415306 0.000154
0.016336 0.179346 0.244703 0.138946 0.004131 0.416383 0.000155
0.016345 0.179593 0.244132 0.139008 0.004152 0.416615 0.000156
0.016482 0.179039 0.243993 0.138496 0.004123 0.417711 0.000156
0.016306 0.178340 0.243878 0.138369 0.004166 0.418787 0.000153
0.016314 0.177805 0.243591 0.138328 0.004166 0.419637 0.000159
0.016395 0.177100 0.243365 0.138107 0.004200 0.420666 0.000167
0.016575 0.176030 0.242746 0.137770 0.004175 0.422535 0.000170
0.016563 0.176100 0.242880 0.137739 0.004215 0.422347 0.000156
0.016708 0.175250 0.242387 0.137431 0.004231 0.423836 0.000158
0.016459 0.174851 0.241857 0.137437 0.004214 0.425021 0.000160
0.016502 0.174391 0.242455 0.137317 0.004224 0.424945 0.000166
0.016622 0.173453 0.241490 0.137006 0.004202 0.427050 0.000176
0.016651 0.173206 0.241390 0.137318 0.004248 0.427027 0.000160
0.016808 0.173020 0.241369 0.137255 0.004242 0.427147 0.000158
0.016956 0.172113 0.240909 0.136851 0.004284 0.428725 0.000161
0.016824 0.171659 0.240948 0.136697 0.004253 0.429452 0.000166
0.016740 0.170865 0.240446 0.136706 0.004204 0.430869 0.000170
0.016725 0.171185 0.240294 0.136343 0.004253 0.431047 0.000153
0.016981 0.169965 0.240018 0.135980 0.004271 0.432601 0.000184
0.016912 0.170129 0.239763 0.136418 0.004295 0.432319 0.000165
0.016768 0.169377 0.239402 0.136217 0.004324 0.433740 0.000171
0.017028 0.168922 0.239366 0.135569 0.004309 0.434640 0.000165
0.017173 0.168996 0.238594 0.135845 0.004288 0.434939 0.000165
0.016876 0.167695 0.238699 0.135484 0.004329 0.436745 0.000171
0.017093 0.167294 0.238223 0.135387 0.004311 0.437520 0.000173
0.017117 0.166736 0.237940 0.135610 0.004332 0.438088 0.000176
0.016983 0.166153 0.237771 0.135075 0.004295 0.439548 0.000174
0.017506 0.165990 0.237209 0.134976 0.004305 0.439822 0.000191
0.017374 0.165397 0.237034 0.135123 0.004308 0.440583 0.000180
0.017300 0.165079 0.237059 0.134677 0.004333 0.441376 0.000177
0.017595 0.164916 0.236993 0.134612 0.004285 0.441416 0.000183
0.017466 0.164053 0.236431 0.134341 0.004341 0.443204 0.000164
0.017532 0.163618 0.236321 0.134220 0.004333 0.443807 0.000169
0.017716 0.162912 0.235873 0.133974 0.004333 0.445003 0.000189
0.017543 0.162571 0.235712 0.133854 0.004359 0.445775 0.000187
0.017637 0.162449 0.235617 0.133816 0.004344 0.445950 0.000188
0.017663 0.161936 0.234692 0.133943 0.004379 0.447214 0.000174
0.017779 0.161184 0.234714 0.133654 0.004372 0.448115 0.000181
0.017667 0.161402 0.235257 0.133637 0.004384 0.447478 0.000174
0.017606 0.160665 0.234599 0.133160 0.004426 0.449351 0.000193
0.017816 0.160217 0.234138 0.132983 0.004392 0.450278 0.000176
0.017899 0.159736 0.233964 0.132968 0.004403 0.450843 0.000187
0.017846 0.159382 0.233491 0.132811 0.004316 0.451966 0.000189
0.018018 0.158581 0.233295 0.132704 0.004434 0.452779 0.000190
0.017870 0.158695 0.232717 0.132435 0.004407 0.453688 0.000189
0.018192 0.157924 0.232937 0.131907 0.004457 0.454396 0.000187
0.018036 0.157454 0.232580 0.132204 0.004457 0.455077 0.000193
0.018075 0.157209 0.232448 0.131871 0.004397 0.455813 0.000187
0.017900 0.156535 0.232189 0.131932 0.004417 0.456854 0.000174
0.018106 0.156046 0.231979 0.131795 0.004455 0.457438 0.000180
0.018328 0.155841 0.231381 0.131830 0.004495 0.457937 0.000187
0.018481 0.155610 0.231270 0.130978 0.004441 0.459022 0.000198
0.018417 0.155126 0.230446 0.131129 0.004505 0.460190 0.000187
0.018395 0.154436 0.230376 0.131188 0.004508 0.460903 0.000195
0.018324 0.154265 0.230441 0.130782 0.004487 0.461501 0.000200
0.018494 0.153480 0.230110 0.131067 0.004446 0.462221 0.000181
0.018370 0.153108 0.229755 0.130666 0.004511 0.463392 0.000198
0.018617 0.152748 0.229727 0.130503 0.004579 0.463638 0.000189
0.018413 0.152516 0.229483 0.130356 0.004532 0.464506 0.000194
0.018662 0.152236 0.229026 0.130297 0.004501 0.465082 0.000196
0.018593 0.151386 0.229096 0.130066 0.004568 0.466098 0.000193
0.018739 0.151344 0.228722 0.129825 0.004552 0.466628 0.000190
0.018644 0.150679 0.228142 0.129472 0.004572 0.468305 0.000186
0.018818 0.149971 0.227554 0.129533 0.004562 0.469371 0.000190
0.018932 0.150291 0.227391 0.129535 0.004544 0.469112 0.000194
0.018835 0.149532 0.227170 0.129413 0.004552 0.470304 0.000194
0.018799 0.149387 0.227416 0.128888 0.004567 0.470733 0.000211
0.019053 0.148706 0.226889 0.128782 0.004517 0.471846 0.000206
0.018977 0.148649 0.226388 0.128785 0.004548 0.472454 0.000199
0.019062 0.148109 0.226138 0.128592 0.004589 0.473321 0.000188
0.019154 0.147840 0.226497 0.128667 0.004535 0.473102 0.000206
0.019132 0.146645 0.225546 0.128514 0.004609 0.475345 0.000209
0.019177 0.146995 0.225498 0.128256 0.004550 0.475328 0.000196
0.019209 0.146942 0.225384 0.127817 0.004536 0.475890 0.000221
0.019199 0.146029 0.225295 0.127698 0.004582 0.476988 0.000209
0.019272 0.145828 0.224640 0.127719 0.004529 0.477802 0.000210
0.019244 0.145857 0.224451 0.127581 0.004589 0.478067 0.000211
0.019422 0.145718 0.224376 0.127278 0.004591 0.478408 0.000207
0.019400 0.144941 0.223716 0.127031 0.004552 0.480140 0.000220
0.019159 0.144270 0.223633 0.127145 0.004628 0.480953 0.000212
0.019228 0.144453 0.223385 0.127239 0.004563 0.480927 0.000206
0.019384 0.143766 0.222862 0.126485 0.004580 0.482715 0.000208
0.019356 0.143615 0.222803 0.126766 0.004631 0.482615 0.000214
0.019396 0.143002 0.222463 0.126395 0.004611 0.483921 0.000213
0.019545 0.143028 0.222311 0.126129 0.004644 0.484120 0.000224
0.019664 0.142762 0.221896 0.126144 0.004643 0.484660 0.000231
0.019765 0.141963 0.221433 0.126087 0.004606 0.485927 0.000219
0.019544 0.141519 0.220919 0.125790 0.004627 0.487383 0.000218
0.019612 0.141162 0.220833 0.125859 0.004636 0.487677 0.000220
0.019755 0.141344 0.220635 0.125706 0.004650 0.487693 0.000217
0.019731 0.141006 0.220518 0.125379 0.004622 0.488526 0.000219
0.020015 0.139958 0.220138 0.124865 0.004637 0.490156 0.000231
0.019742 0.140346 0.219783 0.125193 0.004648 0.490055 0.000232
