0.999107 0.000862 0.000023 0.000008 0.000000 0.000000 0.000000
0.998678 0.001276 0.000029 0.000007 0.000001 0.000009 0.000000
0.998206 0.001735 0.000037 0.000012 0.000000 0.000009 0.000000
0.997735 0.002195 0.000045 0.000016 0.000000 0.000009 0.000000
0.997171 0.002750 0.000053 0.000017 0.000000 0.000010 0.000000
0.996612 0.003308 0.000052 0.000019 0.000000 0.000010 0.000000
0.995804 0.004093 0.000075 0.000019 0.000000 0.000010 0.000000
0.994997 0.004889 0.000082 0.000023 0.000000 0.000010 0.000000
0.993953 0.005921 0.000084 0.000032 0.000000 0.000009 0.000000
0.992705 0.007163 0.000086 0.000037 0.000000 0.000008 0.000000
0.991331 0.008521 0.000091 0.000049 0.000000 0.000008 0.000000
0.989100 0.010697 0.000128 0.000067 0.000000 0.000007 0.000000
0.987660 0.012112 0.000150 0.000072 0.000000 0.000006 0.000000
0.984195 0.015515 0.000174 0.000110 0.000000 0.000005 0.000000
0.980645 0.018981 0.000239 0.000131 0.000000 0.000005 0.000000
0.977128 0.022450 0.000278 0.000140 0.000000 0.000004 0.000000
0.972920 0.026572 0.000335 0.000169 0.000000 0.000003 0.000000
0.967571 0.031793 0.000403 0.000228 0.000000 0.000005 0.000000
0.961424 0.037806 0.000465 0.000290 0.000000 0.000015 0.000000
0.953918 0.045194 0.000527 0.000348 0.000000 0.000012 0.000000
0.948246 0.050737 0.000618 0.000385 0.000000 0.000014 0.000000
0.939211 0.059550 0.000753 0.000473 0.000000 0.000014 0.000000
0.930213 0.068332 0.000879 0.000563 0.000000 0.000013 0.000000
0.920339 0.077889 0.001078 0.000679 0.000000 0.000016 0.000000
0.910423 0.087516 0.001262 0.000777 0.000000 0.000021 0.000000
0.899121 0.098521 0.001443 0.000890 0.000000 0.000024 0.000000
0.887746 0.109652 0.001615 0.000961 0.000000 0.000027 0.000000
0.875978 0.121066 0.001841 0.001087 0.000000 0.000029 0.000000
0.863722 0.132965 0.002076 0.001207 0.000000 0.000030 0.000000
0.848657 0.147632 0.002332 0.001337 0.000000 0.000042 0.000000
0.834059 0.161732 0.002633 0.001523 0.000000 0.000053 0.000000
0.820308 0.174981 0.002946 0.001700 0.000000 0.000064 0.000000
0.804289 0.190411 0.003310 0.001915 0.000000 0.000075 0.000000
0.791203 0.203022 0.003651 0.002042 0.000000 0.000082 0.000000
0.777256 0.216418 0.003983 0.002244 0.000000 0.000099 0.000000
0.757375 0.235498 0.004506 0.002507 0.000000 0.000113 0.000000
0.745497 0.246799 0.004883 0.002692 0.000000 0.000128 0.000000
0.729853 0.261742 0.005342 0.002923 0.000000 0.000141 0.000000
0.715353 0.275606 0.005738 0.003148 0.000000 0.000155 0.000000
0.701610 0.288737 0.006120 0.003373 0.000000 0.000160 0.000000
0.687424 0.302058 0.006663 0.003670 0.000000 0.000185 0.000000
0.671653 0.316979 0.007170 0.003978 0.000000 0.000220 0.000000
0.658069 0.329817 0.007608 0.004270 0.000000 0.000235 0.000000
0.643327 0.343646 0.008187 0.004584 0.000000 0.000256 0.000000
0.630780 0.355423 0.008654 0.004854 0.000001 0.000289 0.000000
0.616142 0.369059 0.009250 0.005227 0.000001 0.000321 0.000000
0.603581 0.380690 0.009817 0.005559 0.000001 0.000352 0.000000
0.589891 0.393381 0.010428 0.005913 0.000001 0.000386 0.000000
0.575013 0.407118 0.011151 0.006305 0.000001 0.000411 0.000000
0.562086 0.418988 0.011795 0.006687 0.000002 0.000442 0.000000
0.547730 0.432106 0.012552 0.007128 0.000003 0.000481 0.000000
0.535559 0.443169 0.013211 0.007530 0.000004 0.000527 0.000000
0.523249 0.454231 0.014000 0.007951 0.000006 0.000565 0.000000
0.508659 0.467325 0.014887 0.008494 0.000007 0.000627 0.000000
0.497303 0.477616 0.015512 0.008888 0.000010 0.000671 0.000000
0.483711 0.489786 0.016367 0.009401 0.000010 0.000726 0.000000
0.473440 0.498853 0.017072 0.009862 0.000011 0.000763 0.000000
0.459988 0.510779 0.017987 0.010404 0.000013 0.000829 0.000000
0.449225 0.520252 0.018739 0.010863 0.000014 0.000908 0.000000
0.440189 0.527990 0.019502 0.011339 0.000012 0.000967 0.000000
0.430197 0.536501 0.020385 0.011843 0.000013 0.001060 0.000000
0.418563 0.546562 0.021334 0.012402 0.000013 0.001125 0.000000
0.410226 0.553429 0.022217 0.012924 0.000012 0.001191 0.000000
0.398953 0.563014 0.023219 0.013528 0.000015 0.001271 0.000000
0.393333 0.567526 0.023869 0.013934 0.000014 0.001324 0.000000
0.380553 0.578190 0.025205 0.014590 0.000015 0.001448 0.000000
0.372300 0.584673 0.026271 0.015190 0.000017 0.001548 0.000000
0.364428 0.591068 0.027109 0.015744 0.000017 0.001634 0.000000
0.358134 0.595813 0.028061 0.016233 0.000020 0.001739 0.000000
0.350760 0.601303 0.029194 0.016866 0.000020 0.001857 0.000000
0.344780 0.605888 0.030001 0.017367 0.000021 0.001942 0.000000
0.336857 0.611798 0.031165 0.018075 0.000027 0.002078 0.000000
0.336389 0.611424 0.031707 0.018332 0.000027 0.002122 0.000000
0.331962 0.614072 0.032794 0.018907 0.000026 0.002239 0.000000
0.322187 0.621523 0.034156 0.019705 0.000028 0.002399 0.000000
0.313110 0.628588 0.035304 0.020450 0.000030 0.002517 0.000000
0.306825 0.632206 0.036892 0.021353 0.000032 0.002692 0.000000
0.300825 0.636570 0.037990 0.021792 0.000030 0.002794 0.000000
0.297667 0.638038 0.038960 0.022355 0.000031 0.002948 0.000000
0.286851 0.646262 0.040492 0.023246 0.000035 0.003114 0.000000
0.290673 0.641819 0.040831 0.023444 0.000041 0.003192 0.000000
0.281058 0.649090 0.042271 0.024161 0.000041 0.003379 0.000000
0.274762 0.653069 0.043699 0.024858 0.000044 0.003568 0.000000
0.271570 0.654215 0.044811 0.025627 0.000046 0.003732 0.000000
0.263506 0.659979 0.046156 0.026372 0.000048 0.003940 0.000000
0.258242 0.663265 0.047333 0.026988 0.000051 0.004121 0.000000
0.248561 0.670182 0.048890 0.028011 0.000054 0.004303 0.000000
0.245367 0.671346 0.050121 0.028597 0.000058 0.004511 0.000000
0.237653 0.676134 0.051818 0.029590 0.000063 0.004742 0.000000
0.231479 0.679945 0.053130 0.030419 0.000066 0.004960 0.000000
0.232537 0.677658 0.053810 0.030802 0.000067 0.005127 0.000000
0.226077 0.681767 0.055228 0.031493 0.000069 0.005366 0.000000
0.217723 0.686912 0.057099 0.032544 0.000074 0.005648 0.000000
0.213284 0.688998 0.058422 0.033276 0.000079 0.005941 0.000000
0.206035 0.693711 0.059960 0.034070 0.000078 0.006145 0.000000
0.204174 0.693189 0.061313 0.034853 0.000081 0.006389 0.000000
0.196252 0.697986 0.063035 0.035946 0.000086 0.006695 0.000000
0.192343 0.699882 0.064277 0.036490 0.000087 0.006922 0.000000
0.184140 0.703875 0.066613 0.037924 0.000096 0.007352 0.000000
0.184742 0.702042 0.067210 0.038325 0.000101 0.007580 0.000000
0.182491 0.701751 0.068697 0.039096 0.000103 0.007861 0.000000
0.179713 0.702085 0.070093 0.039864 0.000109 0.008136 0.000000
0.173102 0.705250 0.072053 0.040961 0.000111 0.008523 0.000000
0.170205 0.705812 0.073204 0.041798 0.000116 0.008865 0.000000
0.169248 0.704648 0.074514 0.042357 0.000122 0.009111 0.000000
0.165366 0.706178 0.075826 0.043062 0.000114 0.009455 0.000000
0.156548 0.710744 0.078065 0.044595 0.000123 0.009926 0.000000
0.150538 0.713183 0.080153 0.045620 0.000125 0.010382 0.000000
0.157281 0.706128 0.080283 0.045618 0.000131 0.010559 0.000000
0.152352 0.707703 0.082093 0.046746 0.000137 0.010968 0.000000
0.149564 0.707574 0.083743 0.047563 0.000148 0.011408 0.000000
0.143832 0.710251 0.085404 0.048612 0.000156 0.011745 0.000000
0.141738 0.709727 0.086908 0.049283 0.000155 0.012189 0.000000
0.138007 0.710056 0.088754 0.050413 0.000163 0.012606 0.000000
0.136065 0.708420 0.090729 0.051458 0.000172 0.013156 0.000000
0.132067 0.710526 0.091639 0.052103 0.000172 0.013492 0.000000
0.132090 0.708674 0.092783 0.052518 0.000180 0.013756 0.000000
0.124201 0.712172 0.095095 0.053950 0.000188 0.014394 0.000001
0.127238 0.707960 0.095781 0.054173 0.000185 0.014662 0.000001
0.121368 0.710460 0.097602 0.055168 0.000202 0.015200 0.000001
0.121879 0.707825 0.098669 0.055864 0.000193 0.015568 0.000002
0.114710 0.709120 0.101838 0.057629 0.000205 0.016497 0.000002
0.115372 0.707982 0.102041 0.057676 0.000205 0.016723 0.000002
0.108840 0.709280 0.104980 0.059338 0.000221 0.017338 0.000003
0.109707 0.708329 0.104979 0.059320 0.000218 0.017445 0.000002
0.104311 0.707524 0.108300 0.061218 0.000223 0.018421 0.000002
0.108333 0.701528 0.109353 0.061721 0.000225 0.018840 0.000001
0.113560 0.697245 0.108583 0.061564 0.000238 0.018807 0.000003
0.109815 0.697489 0.110523 0.062493 0.000238 0.019440 0.000003
0.108415 0.694980 0.112532 0.063659 0.000250 0.020161 0.000003
0.110846 0.692655 0.112465 0.063451 0.000258 0.020324 0.000002
0.108254 0.690017 0.115286 0.065009 0.000259 0.021174 0.000002
0.111710 0.686963 0.114861 0.064884 0.000258 0.021322 0.000002
0.108327 0.686705 0.116796 0.065929 0.000267 0.021973 0.000002
0.105300 0.686322 0.118451 0.067087 0.000270 0.022567 0.000002
0.108381 0.681736 0.119238 0.067408 0.000285 0.022948 0.000003
0.102497 0.682952 0.121566 0.068830 0.000286 0.023868 0.000002
0.104234 0.681239 0.121570 0.068605 0.000298 0.024052 0.000003
0.100698 0.680308 0.123843 0.070086 0.000295 0.024766 0.000004
0.096107 0.683763 0.124378 0.070335 0.000296 0.025119 0.000002
0.092440 0.682493 0.126998 0.071756 0.000312 0.025998 0.000003
0.088150 0.683593 0.128660 0.072683 0.000311 0.026600 0.000002
0.085120 0.683071 0.130448 0.073731 0.000324 0.027301 0.000004
0.085748 0.681630 0.130753 0.073924 0.000320 0.027621 0.000003
0.087565 0.678468 0.131308 0.074176 0.000328 0.028152 0.000003
0.082044 0.678934 0.133908 0.075787 0.000351 0.028974 0.000003
0.080073 0.678694 0.135040 0.076257 0.000358 0.029574 0.000003
0.077099 0.677530 0.137014 0.077529 0.000376 0.030448 0.000005
0.077718 0.674055 0.138389 0.078289 0.000378 0.031168 0.000003
0.083641 0.670364 0.137266 0.077348 0.000370 0.031007 0.000003
0.077373 0.671311 0.140046 0.078928 0.000386 0.031952 0.000003
0.076782 0.668723 0.141633 0.079809 0.000397 0.032654 0.000002
0.073358 0.668320 0.143501 0.081002 0.000411 0.033405 0.000003
0.073080 0.665404 0.145148 0.081653 0.000425 0.034286 0.000004
0.072605 0.663017 0.146363 0.082507 0.000421 0.035083 0.000003
0.073400 0.663696 0.145607 0.081997 0.000424 0.034872 0.000003
0.066884 0.661000 0.150250 0.084747 0.000440 0.036676 0.000004
0.072212 0.657932 0.148852 0.084004 0.000449 0.036546 0.000004
0.069796 0.656709 0.150655 0.084889 0.000452 0.037496 0.000003
0.064788 0.656588 0.153287 0.086346 0.000462 0.038525 0.000004
0.064909 0.654958 0.153909 0.086692 0.000468 0.039059 0.000005
0.070858 0.649109 0.153573 0.086657 0.000485 0.039313 0.000005
0.066971 0.648585 0.155685 0.087841 0.000486 0.040427 0.000006
0.065001 0.649222 0.156355 0.088209 0.000495 0.040713 0.000004
0.061806 0.646073 0.159482 0.089949 0.000513 0.042172 0.000005
0.064484 0.644778 0.158534 0.089432 0.000503 0.042263 0.000006
0.063778 0.643548 0.159409 0.089926 0.000489 0.042846 0.000004
0.056571 0.645361 0.162092 0.091531 0.000537 0.043903 0.000004
0.057608 0.642138 0.163065 0.092076 0.000543 0.044565 0.000004
0.053104 0.643790 0.164454 0.092750 0.000538 0.045360 0.000004
0.052780 0.640225 0.166030 0.093974 0.000540 0.046446 0.000005
0.053141 0.640708 0.165446 0.093513 0.000560 0.046629 0.000003
0.046520 0.637662 0.170498 0.096124 0.000577 0.048612 0.000006
0.048034 0.635647 0.170467 0.096193 0.000579 0.049075 0.000006
0.045368 0.635555 0.171707 0.096968 0.000598 0.049798 0.000006
0.041809 0.635656 0.173463 0.097742 0.000599 0.050724 0.000007
0.039723 0.634747 0.175085 0.098640 0.000591 0.051208 0.000007
0.038769 0.631925 0.176494 0.099608 0.000618 0.052580 0.000006
0.038083 0.631462 0.176944 0.099868 0.000615 0.053021 0.000007
0.037626 0.629572 0.177886 0.100413 0.000644 0.053852 0.000007
0.033943 0.627581 0.180608 0.101937 0.000663 0.055260 0.000008
0.032828 0.625656 0.181931 0.102631 0.000647 0.056300 0.000006
0.031662 0.623963 0.183119 0.103407 0.000681 0.057162 0.000006
0.029930 0.622059 0.184932 0.104324 0.000679 0.058068 0.000007
0.029389 0.621030 0.185492 0.104726 0.000681 0.058675 0.000007
0.027779 0.617552 0.187958 0.106154 0.000698 0.059853 0.000005
0.027689 0.618286 0.187414 0.105953 0.000704 0.059948 0.000007
0.026397 0.613514 0.190444 0.107318 0.000712 0.061607 0.000007
0.026950 0.612926 0.190081 0.107423 0.000718 0.061894 0.000008
0.025474 0.611053 0.191434 0.108260 0.000743 0.063028 0.000008
0.025089 0.607957 0.193033 0.109129 0.000736 0.064048 0.000008
0.024274 0.606083 0.194393 0.109584 0.000743 0.064916 0.000007
0.023676 0.604325 0.195239 0.110402 0.000760 0.065590 0.000007
0.022628 0.601317 0.197037 0.111341 0.000771 0.066899 0.000006
0.022706 0.600111 0.197496 0.111463 0.000766 0.067450 0.000009
0.022074 0.597412 0.198613 0.112465 0.000770 0.068657 0.000009
0.021938 0.595378 0.199719 0.112863 0.000767 0.069326 0.000009
0.021651 0.594216 0.200050 0.113206 0.000803 0.070065 0.000009
0.021300 0.591654 0.201442 0.113701 0.000797 0.071094 0.000011
0.020857 0.588927 0.202643 0.114312 0.000815 0.072437 0.000010
0.020082 0.587021 0.203811 0.115081 0.000832 0.073162 0.000010
0.019863 0.584717 0.204850 0.115644 0.000844 0.074074 0.000009
0.019822 0.582802 0.205631 0.115985 0.000857 0.074891 0.000011
0.019343 0.580457 0.206728 0.116523 0.000849 0.076088 0.000011
0.019389 0.579197 0.206993 0.116800 0.000887 0.076725 0.000009
0.018685 0.574761 0.209012 0.118230 0.000884 0.078416 0.000012
0.018589 0.574092 0.209260 0.118204 0.000887 0.078957 0.000010
0.018112 0.570884 0.210982 0.119059 0.000903 0.080052 0.000009
0.018191 0.570544 0.211244 0.118952 0.000894 0.080165 0.000009
0.018125 0.569206 0.211197 0.119419 0.000893 0.081148 0.000012
0.018234 0.567559 0.211891 0.119731 0.000907 0.081669 0.000008
0.017671 0.563571 0.214057 0.120598 0.000911 0.083181 0.000011
0.017665 0.560829 0.214819 0.121318 0.000939 0.084420 0.000010
0.017636 0.560331 0.214960 0.121219 0.000954 0.084890 0.000010
0.016976 0.556615 0.216546 0.122190 0.000976 0.086685 0.000012
0.016998 0.554755 0.217542 0.122446 0.000979 0.087269 0.000011
0.016817 0.553245 0.217920 0.123002 0.000970 0.088037 0.000009
0.016591 0.551177 0.218813 0.123449 0.001023 0.088937 0.000010
0.016436 0.549618 0.219368 0.123840 0.001009 0.089718 0.000011
0.016383 0.546039 0.220437 0.124657 0.001037 0.091436 0.000011
0.016146 0.544616 0.221303 0.124953 0.001037 0.091934 0.000012
0.015972 0.542166 0.222116 0.125562 0.001059 0.093117 0.000009
0.016023 0.540826 0.222515 0.125633 0.001052 0.093939 0.000012
0.016182 0.539419 0.222836 0.125999 0.001078 0.094475 0.000010
0.015683 0.536083 0.224324 0.126763 0.001105 0.096031 0.000011
0.015760 0.534582 0.224848 0.126896 0.001119 0.096786 0.000008
0.015668 0.532048 0.225694 0.127551 0.001132 0.097896 0.000011
0.015378 0.529848 0.226780 0.128045 0.001114 0.098825 0.000011
0.015306 0.528368 0.227226 0.128294 0.001142 0.099652 0.000011
0.015496 0.528273 0.226969 0.128345 0.001119 0.099787 0.000010
0.015352 0.525754 0.228059 0.128706 0.001138 0.100980 0.000012
0.015284 0.523696 0.228612 0.129139 0.001169 0.102087 0.000012
0.015123 0.521347 0.229564 0.129406 0.001164 0.103383 0.000013
0.014892 0.519273 0.230558 0.129940 0.001201 0.104122 0.000014
0.014725 0.517319 0.231186 0.130329 0.001191 0.105239 0.000010
0.014859 0.515114 0.231509 0.130882 0.001206 0.106417 0.000012
0.014715 0.513430 0.232022 0.131056 0.001230 0.107532 0.000013
0.014666 0.511550 0.232592 0.131497 0.001233 0.108452 0.000012
0.014561 0.509701 0.233516 0.131624 0.001265 0.109322 0.000011
0.014410 0.508259 0.233852 0.132238 0.001243 0.109986 0.000013
0.014363 0.505164 0.234896 0.132757 0.001259 0.111548 0.000012
0.014427 0.504893 0.234868 0.132669 0.001282 0.111847 0.000014
0.022182 0.499239 0.233351 0.131859 0.001290 0.112065 0.000015
0.024163 0.495906 0.233721 0.132076 0.001268 0.112850 0.000015
0.024600 0.493998 0.233961 0.132125 0.001322 0.113976 0.000017
0.024000 0.494857 0.233691 0.132012 0.001304 0.114121 0.000014
0.024940 0.491483 0.234654 0.132409 0.001318 0.115180 0.000015
0.022734 0.490123 0.235806 0.133376 0.001314 0.116632 0.000015
0.028749 0.487147 0.234070 0.132272 0.001340 0.116409 0.000013
0.025385 0.485820 0.236056 0.133242 0.001356 0.118125 0.000016
0.029370 0.483072 0.234972 0.132612 0.001349 0.118609 0.000016
0.026787 0.483238 0.235815 0.133284 0.001359 0.119502 0.000015
0.026235 0.480275 0.236974 0.133913 0.001359 0.121228 0.000017
0.024561 0.479933 0.237706 0.134464 0.001379 0.121943 0.000015
0.022886 0.478377 0.238915 0.134887 0.001383 0.123534 0.000016
0.024586 0.477633 0.238213 0.134349 0.001409 0.123794 0.000016
0.021862 0.478307 0.238994 0.134883 0.001435 0.124502 0.000017
0.022517 0.477559 0.238791 0.134943 0.001432 0.124740 0.000018
0.020474 0.473845 0.241031 0.135953 0.001438 0.127241 0.000018
0.022029 0.472308 0.240367 0.135932 0.001437 0.127907 0.000020
0.019777 0.471919 0.241454 0.136344 0.001468 0.129022 0.000017
0.017310 0.469459 0.243506 0.137463 0.001493 0.130750 0.000019
0.017890 0.468466 0.243174 0.137452 0.001500 0.131499 0.000019
0.016306 0.466535 0.244407 0.138300 0.001509 0.132927 0.000017
0.017155 0.465134 0.244388 0.138198 0.001538 0.133568 0.000019
0.016726 0.462954 0.245194 0.138387 0.001529 0.135191 0.000019
0.015444 0.461216 0.246133 0.139160 0.001522 0.136508 0.000017
0.016133 0.459528 0.246204 0.139311 0.001572 0.137228 0.000024
0.015896 0.458454 0.246449 0.139608 0.001558 0.138013 0.000022
0.015549 0.457243 0.246689 0.139768 0.001577 0.139152 0.000022
0.015077 0.454173 0.248030 0.140285 0.001568 0.140846 0.000022
0.014453 0.453566 0.248480 0.140470 0.001581 0.141426 0.000025
0.014496 0.450903 0.249290 0.140739 0.001572 0.142978 0.000022
0.014342 0.450749 0.249357 0.140812 0.001609 0.143107 0.000023
0.014046 0.447585 0.250075 0.141475 0.001630 0.145166 0.000023
0.014140 0.446592 0.250486 0.141321 0.001629 0.145810 0.000022
0.014455 0.446131 0.250210 0.141350 0.001618 0.146212 0.000023
0.013792 0.443284 0.251217 0.141913 0.001655 0.148116 0.000024
0.013918 0.442404 0.251455 0.141829 0.001649 0.148722 0.000022
0.013370 0.440274 0.252316 0.142501 0.001691 0.149830 0.000018
0.013343 0.438374 0.252772 0.142574 0.001673 0.151240 0.000023
0.013393 0.436450 0.253102 0.142760 0.001704 0.152570 0.000022
0.012966 0.434708 0.253817 0.143214 0.001697 0.153575 0.000024
0.012941 0.434123 0.253766 0.143645 0.001722 0.153780 0.000024
0.012656 0.433064 0.254099 0.143531 0.001736 0.154890 0.000025
0.012984 0.429099 0.255123 0.143820 0.001763 0.157187 0.000025
0.012807 0.427961 0.255300 0.144096 0.001751 0.158059 0.000026
0.012490 0.426898 0.255672 0.144385 0.001758 0.158769 0.000027
0.012492 0.423681 0.256576 0.144911 0.001762 0.160549 0.000029
0.012322 0.424506 0.256377 0.144517 0.001783 0.160468 0.000026
0.012559 0.421076 0.256871 0.145345 0.001789 0.162328 0.000032
0.012445 0.420767 0.257076 0.145105 0.001802 0.162779 0.000025
0.012589 0.420015 0.256842 0.144935 0.001849 0.163740 0.000030
0.012578 0.417585 0.257253 0.145402 0.001844 0.165313 0.000026
0.012192 0.415785 0.258077 0.145560 0.001848 0.166511 0.000028
0.012449 0.414261 0.258050 0.145741 0.001868 0.167598 0.000034
0.012138 0.411807 0.259094 0.146015 0.001876 0.169037 0.000034
0.012201 0.411359 0.259253 0.146105 0.001913 0.169139 0.000030
0.012085 0.408924 0.259517 0.146839 0.001891 0.170711 0.000032
0.012469 0.410580 0.259007 0.145941 0.001884 0.170090 0.000029
0.012039 0.406347 0.259956 0.146870 0.001905 0.172853 0.000031
0.011997 0.405531 0.260166 0.146765 0.001933 0.173575 0.000033
0.012102 0.403622 0.260601 0.147002 0.001941 0.174697 0.000035
0.012114 0.402420 0.260444 0.147174 0.001945 0.175872 0.000031
0.012084 0.401029 0.260961 0.147192 0.001956 0.176745 0.000034
0.011899 0.398845 0.261490 0.147662 0.002002 0.178068 0.000035
0.011937 0.397627 0.261533 0.147794 0.002008 0.179067 0.000035
0.011862 0.397757 0.261727 0.147475 0.001988 0.179161 0.000030
0.011944 0.394559 0.262011 0.147997 0.001998 0.181454 0.000037
0.011928 0.393907 0.262253 0.148339 0.002033 0.181505 0.000034
0.011851 0.390926 0.262766 0.148647 0.002058 0.183717 0.000036
0.011863 0.389581 0.263372 0.148221 0.002037 0.184890 0.000036
0.011853 0.388826 0.263309 0.148451 0.002038 0.185484 0.000038
0.011866 0.388165 0.263008 0.148635 0.002062 0.186224 0.000040
0.011786 0.386177 0.263609 0.148761 0.002103 0.187525 0.000039
0.011857 0.385141 0.263541 0.148816 0.002132 0.188472 0.000041
0.011965 0.383960 0.263449 0.149010 0.002102 0.189472 0.000042
0.011824 0.381697 0.264173 0.149143 0.002134 0.190986 0.000042
0.011853 0.380280 0.264202 0.149240 0.002167 0.192216 0.000042
0.011956 0.378485 0.264567 0.149508 0.002156 0.193285 0.000044
0.011777 0.377754 0.264906 0.149420 0.002157 0.193946 0.000039
0.011809 0.376410 0.264914 0.149584 0.002179 0.195063 0.000041
0.011708 0.372061 0.265837 0.150202 0.002220 0.197933 0.000039
0.011833 0.371863 0.265406 0.150206 0.002203 0.198441 0.000047
0.011722 0.371845 0.265703 0.150232 0.002205 0.198245 0.000046
0.011785 0.371384 0.265445 0.150269 0.002225 0.198846 0.000047
0.011499 0.368757 0.266199 0.150220 0.002233 0.201049 0.000043
0.011719 0.369511 0.265654 0.150208 0.002238 0.200624 0.000046
0.011662 0.365996 0.266359 0.150682 0.002238 0.203016 0.000046
0.011878 0.365463 0.266322 0.150583 0.002246 0.203455 0.000052
0.011591 0.363942 0.266526 0.150701 0.002259 0.204929 0.000051
0.011739 0.362031 0.266919 0.150968 0.002265 0.206031 0.000046
0.011559 0.361749 0.266833 0.150826 0.002247 0.206741 0.000046
0.011821 0.360604 0.267024 0.150755 0.002281 0.207465 0.000050
0.011683 0.358643 0.266832 0.150955 0.002300 0.209536 0.000051
0.011758 0.356365 0.267388 0.151209 0.002325 0.210906 0.000048
0.024287 0.352681 0.263086 0.149261 0.002324 0.208309 0.000051
0.026325 0.352753 0.262474 0.148364 0.002305 0.207734 0.000046
0.027697 0.351899 0.261667 0.148203 0.002322 0.208163 0.000051
0.028023 0.349698 0.262198 0.148129 0.002324 0.209578 0.000050
0.025856 0.348189 0.263119 0.148703 0.002325 0.211758 0.000050
0.025702 0.349443 0.262336 0.148378 0.002279 0.211815 0.000047
0.024635 0.347529 0.262903 0.148867 0.002344 0.213667 0.000055
0.025751 0.348380 0.261895 0.148183 0.002333 0.213406 0.000052
0.024336 0.346526 0.262903 0.148407 0.002386 0.215391 0.000050
0.023056 0.346753 0.262841 0.148827 0.002390 0.216085 0.000048
0.023642 0.345256 0.262665 0.148604 0.002388 0.217388 0.000057
0.020033 0.344810 0.264109 0.149580 0.002398 0.219013 0.000057
0.022060 0.342274 0.263334 0.149225 0.002427 0.220628 0.000052
0.019509 0.342916 0.264647 0.149406 0.002416 0.221053 0.000052
0.018450 0.341641 0.264872 0.150007 0.002448 0.222529 0.000053
0.020031 0.341107 0.264307 0.149349 0.002465 0.222689 0.000053
0.018407 0.340561 0.264777 0.149627 0.002474 0.224103 0.000050
0.018420 0.339300 0.264800 0.149975 0.002472 0.224980 0.000053
0.017414 0.337916 0.264953 0.150152 0.002519 0.226993 0.000054
0.016481 0.336704 0.265925 0.150529 0.002520 0.227788 0.000053
0.016381 0.335038 0.265917 0.150480 0.002539 0.229583 0.000061
0.016350 0.335216 0.265938 0.150253 0.002559 0.229632 0.000053
0.015027 0.333151 0.266750 0.150848 0.002519 0.231651 0.000054
0.014823 0.331745 0.266835 0.151103 0.002518 0.232918 0.000057
0.014901 0.330078 0.266807 0.151279 0.002582 0.234304 0.000050
0.013809 0.327971 0.267708 0.151593 0.002598 0.236262 0.000060
0.015665 0.329476 0.265939 0.150526 0.002593 0.235747 0.000053
0.013968 0.326917 0.267636 0.151385 0.002601 0.237440 0.000053
0.013732 0.325837 0.267245 0.151564 0.002608 0.238959 0.000055
0.014311 0.326124 0.266999 0.150741 0.002615 0.239156 0.000053
0.012845 0.321653 0.268323 0.152008 0.002668 0.242448 0.000055
0.012662 0.320583 0.269033 0.152204 0.002681 0.242778 0.000061
0.013157 0.321886 0.267709 0.151557 0.002684 0.242950 0.000057
0.013961 0.321795 0.266882 0.151040 0.002643 0.243619 0.000059
0.012684 0.317715 0.268899 0.151789 0.002684 0.246172 0.000057
0.012943 0.317476 0.267962 0.151770 0.002716 0.247070 0.000063
0.012806 0.315067 0.268555 0.152166 0.002763 0.248585 0.000058
0.012851 0.315916 0.268169 0.151543 0.002710 0.248751 0.000061
0.012623 0.312801 0.269037 0.152087 0.002726 0.250667 0.000058
0.012574 0.311725 0.268873 0.152177 0.002734 0.251856 0.000062
0.012545 0.312368 0.268718 0.151795 0.002752 0.251758 0.000064
0.012481 0.309832 0.269150 0.151924 0.002755 0.253795 0.000064
0.012299 0.308130 0.269324 0.152161 0.002763 0.255262 0.000061
0.012671 0.308279 0.268440 0.151861 0.002761 0.255933 0.000055
0.012155 0.305316 0.269818 0.152324 0.002798 0.257529 0.000061
0.012919 0.307130 0.268302 0.151517 0.002747 0.257321 0.000064
0.012257 0.303587 0.269296 0.152257 0.002741 0.259789 0.000072
0.012733 0.303267 0.269085 0.151763 0.002819 0.260271 0.000062
0.012269 0.303184 0.269304 0.152091 0.002818 0.260267 0.000068
0.012265 0.301261 0.269373 0.151803 0.002841 0.262392 0.000066
0.012303 0.300043 0.268859 0.152243 0.002883 0.263598 0.000071
0.012334 0.298879 0.269145 0.152309 0.002856 0.264403 0.000073
0.012176 0.298011 0.269096 0.152057 0.002862 0.265727 0.000071
0.012369 0.295932 0.269240 0.152169 0.002891 0.267328 0.000071
0.012371 0.296968 0.269052 0.152017 0.002874 0.266648 0.000070
0.012364 0.295218 0.268989 0.152011 0.002946 0.268408 0.000064
0.012415 0.295372 0.268560 0.151986 0.002938 0.268658 0.000071
0.012383 0.292000 0.269039 0.152275 0.002928 0.271301 0.000075
0.012148 0.291781 0.269313 0.152195 0.002917 0.271577 0.000069
0.012642 0.291616 0.268154 0.151760 0.002930 0.272829 0.000069
0.012218 0.288636 0.269413 0.152230 0.002926 0.274501 0.000075
0.012330 0.288324 0.268956 0.152203 0.002957 0.275156 0.000073
0.012254 0.286173 0.268816 0.152100 0.002965 0.277617 0.000074
0.012479 0.287952 0.268379 0.151884 0.002925 0.276309 0.000072
0.012214 0.286417 0.268713 0.151932 0.002979 0.277673 0.000072
0.012220 0.284233 0.268745 0.152266 0.003063 0.279398 0.000075
0.012537 0.284659 0.268015 0.151837 0.002986 0.279892 0.000074
0.012205 0.282296 0.268812 0.152028 0.003023 0.281563 0.000073
0.012344 0.280707 0.268703 0.152192 0.003036 0.282937 0.000080
0.012406 0.280482 0.268701 0.151884 0.003025 0.283424 0.000078
0.012226 0.278653 0.268784 0.152062 0.003080 0.285120 0.000076
0.012385 0.278302 0.268135 0.152401 0.003078 0.285623 0.000077
0.012342 0.278162 0.268242 0.151459 0.003090 0.286626 0.000079
0.012524 0.276988 0.268310 0.151712 0.003072 0.287320 0.000073
0.012358 0.276385 0.267581 0.151631 0.003079 0.288889 0.000077
0.012480 0.273660 0.268354 0.151859 0.003132 0.290440 0.000074
0.012653 0.274505 0.267741 0.151450 0.003122 0.290458 0.000073
0.012545 0.272255 0.268033 0.151482 0.003144 0.292458 0.000083
0.012612 0.271888 0.267647 0.151690 0.003167 0.292926 0.000069
0.012384 0.270960 0.267651 0.151305 0.003106 0.294509 0.000085
0.012612 0.269413 0.267514 0.151599 0.003151 0.295635 0.000075
0.012569 0.269067 0.267576 0.151107 0.003156 0.296449 0.000076
0.012596 0.267086 0.267627 0.151471 0.003217 0.297917 0.000086
0.012490 0.266921 0.267179 0.151682 0.003160 0.298492 0.000076
0.012461 0.265907 0.267505 0.151483 0.003189 0.299378 0.000076
0.012657 0.266385 0.266748 0.150999 0.003204 0.299930 0.000077
0.012486 0.263943 0.267386 0.151248 0.003206 0.301658 0.000074
0.012650 0.265354 0.266432 0.151006 0.003170 0.301315 0.000072
0.012561 0.262255 0.267125 0.151083 0.003186 0.303708 0.000081
0.012630 0.260710 0.266929 0.151119 0.003259 0.305277 0.000076
0.012722 0.261477 0.266558 0.150995 0.003212 0.304958 0.000079
0.012666 0.260265 0.266292 0.150853 0.003220 0.306623 0.000081
0.012551 0.258358 0.266604 0.150968 0.003248 0.308190 0.000081
0.012816 0.257589 0.266336 0.150744 0.003204 0.309228 0.000083
0.012887 0.256514 0.266307 0.150813 0.003279 0.310117 0.000083
0.012815 0.255761 0.266117 0.150486 0.003243 0.311491 0.000086
0.012666 0.254870 0.266238 0.150679 0.003289 0.312173 0.000085
0.012772 0.253247 0.266637 0.150292 0.003273 0.313699 0.000080
0.012848 0.254199 0.266155 0.150476 0.003270 0.312961 0.000091
0.012833 0.252845 0.265417 0.150279 0.003304 0.315229 0.000093
0.012825 0.250712 0.266085 0.150374 0.003295 0.316625 0.000084
0.012822 0.252071 0.264899 0.150189 0.003315 0.316618 0.000085
0.012793 0.249687 0.265612 0.150314 0.003321 0.318182 0.000091
0.012948 0.250156 0.265361 0.149870 0.003298 0.318275 0.000093
0.013139 0.249692 0.265108 0.149953 0.003325 0.318691 0.000092
0.013136 0.247274 0.264662 0.149894 0.003367 0.321582 0.000086
0.013122 0.246301 0.264523 0.149944 0.003358 0.322666 0.000086
0.012999 0.246164 0.264504 0.149630 0.003340 0.323271 0.000092
0.013138 0.244960 0.264376 0.149652 0.003409 0.324368 0.000097
0.013151 0.245542 0.264020 0.149534 0.003425 0.324232 0.000096
0.013201 0.243560 0.264496 0.149177 0.003431 0.326041 0.000094
0.013190 0.242290 0.263831 0.149527 0.003455 0.327615 0.000092
0.013242 0.242379 0.263856 0.149413 0.003399 0.327616 0.000093
0.013140 0.241180 0.263743 0.148997 0.003442 0.329402 0.000095
0.013377 0.240797 0.263902 0.149018 0.003398 0.329409 0.000098
0.013231 0.239602 0.263509 0.148716 0.003443 0.331399 0.000100
0.013350 0.239569 0.263455 0.148958 0.003415 0.331164 0.000089
0.013306 0.236595 0.263238 0.148886 0.003437 0.334447 0.000091
0.013198 0.238266 0.262747 0.148585 0.003434 0.333682 0.000088
0.013269 0.236192 0.262868 0.148647 0.003445 0.335481 0.000098
0.013581 0.234998 0.262630 0.148554 0.003454 0.336687 0.000096
0.013411 0.234672 0.262445 0.148729 0.003488 0.337160 0.000094
0.013511 0.233472 0.262361 0.148648 0.003439 0.338474 0.000095
0.013611 0.232886 0.262053 0.148223 0.003529 0.339598 0.000099
0.013805 0.231060 0.262116 0.148197 0.003526 0.341183 0.000113
0.013694 0.232551 0.261686 0.148084 0.003495 0.340390 0.000099
0.013545 0.230435 0.262088 0.147887 0.003533 0.342407 0.000104
0.013618 0.230313 0.261279 0.148062 0.003539 0.343086 0.000103
0.013397 0.229112 0.261302 0.148093 0.003516 0.344476 0.000104
0.013565 0.229118 0.261266 0.147827 0.003533 0.344589 0.000102
0.013549 0.226596 0.261279 0.147815 0.003537 0.347115 0.000108
0.013593 0.226865 0.260929 0.147626 0.003572 0.347312 0.000103
0.013761 0.226539 0.260387 0.147742 0.003581 0.347888 0.000101
0.013829 0.226537 0.260640 0.147346 0.003578 0.347965 0.000105
0.013707 0.225600 0.260237 0.147467 0.003539 0.349339 0.000111
0.013754 0.224853 0.260187 0.147098 0.003609 0.350395 0.000104
0.013739 0.222001 0.260149 0.146947 0.003539 0.353518 0.000108
0.013859 0.221502 0.259883 0.146967 0.003586 0.354095 0.000107
0.013644 0.222257 0.259499 0.146963 0.003570 0.353954 0.000112
0.013973 0.221532 0.259319 0.146921 0.003593 0.354555 0.000107
0.013939 0.219307 0.258963 0.146789 0.003581 0.357312 0.000108
0.013989 0.220243 0.258929 0.146570 0.003652 0.356515 0.000103
0.013908 0.219882 0.259130 0.146566 0.003653 0.356761 0.000100
0.014065 0.217746 0.258608 0.146199 0.003643 0.359633 0.000106
0.014125 0.218389 0.258226 0.146104 0.003641 0.359404 0.000112
0.014019 0.216650 0.258265 0.145968 0.003633 0.361358 0.000106
0.014208 0.215952 0.257814 0.145976 0.003682 0.362253 0.000115
0.013896 0.215806 0.257557 0.145774 0.003671 0.363188 0.000109
0.014122 0.215024 0.257626 0.145525 0.003669 0.363914 0.000120
0.014046 0.214736 0.257447 0.145512 0.003685 0.364455 0.000119
0.014186 0.213478 0.257273 0.145672 0.003714 0.365560 0.000117
0.014173 0.212916 0.256914 0.145610 0.003722 0.366549 0.000117
0.014095 0.212025 0.257000 0.145405 0.003711 0.367650 0.000114
0.014381 0.212967 0.256207 0.145366 0.003712 0.367246 0.000121
0.014218 0.210916 0.255864 0.145050 0.003728 0.370103 0.000121
0.014236 0.210760 0.256063 0.145059 0.003741 0.370027 0.000115
0.014251 0.209820 0.255878 0.144913 0.003689 0.371332 0.000117
0.014298 0.209448 0.255073 0.144787 0.003703 0.372581 0.000110
0.014477 0.207932 0.255146 0.144485 0.003763 0.374082 0.000115
0.014144 0.208325 0.255463 0.144368 0.003734 0.373851 0.000115
0.014367 0.206685 0.255127 0.144643 0.003745 0.375320 0.000113
0.014277 0.206539 0.254765 0.144113 0.003805 0.376388 0.000113
0.014478 0.205744 0.254896 0.144288 0.003752 0.376726 0.000118
0.014474 0.205245 0.254242 0.144049 0.003772 0.378105 0.000113
0.014514 0.205906 0.253624 0.143921 0.003819 0.378094 0.000122
0.014587 0.203472 0.253742 0.143875 0.003843 0.380365 0.000117
0.014687 0.203182 0.253753 0.143589 0.003745 0.380939 0.000105
0.014683 0.202788 0.253390 0.143325 0.003764 0.381928 0.000122
0.014736 0.202287 0.252817 0.143479 0.003821 0.382735 0.000126
0.014620 0.202005 0.253191 0.143386 0.003820 0.382861 0.000117
0.014967 0.201968 0.252724 0.143090 0.003848 0.383281 0.000121
0.014895 0.200828 0.252325 0.143043 0.003797 0.384995 0.000117
0.014791 0.198761 0.252363 0.142798 0.003833 0.387331 0.000123
0.014919 0.198437 0.252264 0.142893 0.003809 0.387549 0.000129
0.014941 0.199379 0.251796 0.142383 0.003796 0.387587 0.000118
0.014935 0.197409 0.251719 0.142613 0.003848 0.389350 0.000126
0.014877 0.198222 0.251607 0.142528 0.003852 0.388791 0.000124
0.015073 0.196460 0.251229 0.142432 0.003859 0.390826 0.000122
0.015057 0.196269 0.251064 0.142046 0.003812 0.391633 0.000119
0.015057 0.195543 0.250511 0.141985 0.003802 0.392970 0.000132
0.014881 0.195821 0.250383 0.141958 0.003924 0.392913 0.000121
0.014997 0.193770 0.250460 0.141809 0.003917 0.394923 0.000123
0.015229 0.193448 0.249831 0.141233 0.003903 0.396225 0.000131
0.015158 0.193375 0.249673 0.141224 0.003930 0.396517 0.000122
0.015183 0.193357 0.249633 0.141395 0.003955 0.396347 0.000131
0.015459 0.190812 0.248926 0.140923 0.003929 0.399810 0.000141
0.015349 0.191317 0.249143 0.141297 0.003959 0.398803 0.000132
0.015238 0.190062 0.248612 0.140918 0.003975 0.401064 0.000131
0.015347 0.189899 0.248638 0.140985 0.003971 0.401028 0.000133
0.015266 0.189191 0.248247 0.140656 0.003938 0.402572 0.000131
0.015391 0.188317 0.248173 0.140380 0.004013 0.403595 0.000130
0.015473 0.188920 0.247982 0.140490 0.003967 0.403042 0.000127
0.015391 0.188579 0.247806 0.140142 0.003965 0.403989 0.000129
0.015330 0.188082 0.247602 0.140200 0.003985 0.404664 0.000137
0.015347 0.187477 0.247666 0.139766 0.003966 0.405640 0.000138
0.015512 0.186091 0.246958 0.139707 0.003953 0.407649 0.000130
0.015529 0.185660 0.247088 0.139984 0.004033 0.407570 0.000136
0.015445 0.185328 0.246457 0.139686 0.003999 0.408942 0.000144
0.015652 0.184835 0.246213 0.139513 0.004018 0.409628 0.000141
0.015619 0.183475 0.246287 0.139353 0.003957 0.411175 0.000134
0.015748 0.182754 0.245653 0.139145 0.004035 0.412531 0.000136
0.015739 0.183862 0.245808 0.139004 0.004010 0.411435 0.000142
0.015728 0.182297 0.245495 0.139054 0.004050 0.413236 0.000141
0.015866 0.182589 0.244969 0.138941 0.004069 0.413428 0.000138
0.015660 0.181926 0.244749 0.138848 0.004021 0.414658 0.000138
0.015649 0.180650 0.244985 0.138362 0.004074 0.416145 0.000134
0.015738 0.181102 0.244243 0.138629 0.004025 0.416120 0.000142
0.015945 0.179152 0.244148 0.138415 0.004083 0.418107 0.000149
0.016032 0.178995 0.243609 0.138267 0.004103 0.418852 0.000141
0.015821 0.178755 0.243409 0.138198 0.004107 0.419558 0.000151
0.015815 0.179025 0.243520 0.137786 0.004121 0.419600 0.000133
0.015917 0.177797 0.243238 0.137877 0.004097 0.420928 0.000145
0.016004 0.176537 0.242964 0.137458 0.004110 0.422785 0.000141
0.016052 0.177060 0.242694 0.137485 0.004123 0.422428 0.000158
0.015981 0.175842 0.242250 0.137643 0.004132 0.424000 0.000153
0.016202 0.174582 0.242041 0.137274 0.004119 0.425633 0.000149
0.016278 0.174714 0.241657 0.136897 0.004132 0.426164 0.000159
0.016203 0.173789 0.241366 0.137112 0.004194 0.427189 0.000147
0.016324 0.173929 0.241706 0.136977 0.004175 0.426728 0.000161
0.016261 0.173089 0.240559 0.136742 0.004150 0.429045 0.000155
0.016439 0.172794 0.240921 0.136094 0.004137 0.429456 0.000158
0.016364 0.172353 0.240220 0.136362 0.004150 0.430406 0.000145
0.016572 0.171466 0.239985 0.136237 0.004194 0.431390 0.000156
0.016368 0.171927 0.239980 0.136036 0.004141 0.431414 0.000134
0.016572 0.170978 0.239557 0.135616 0.004139 0.432981 0.000157
0.016739 0.171655 0.239437 0.135704 0.004165 0.432133 0.000167
0.016707 0.168770 0.238690 0.135623 0.004243 0.435802 0.000165
0.016752 0.169738 0.238823 0.135553 0.004176 0.434793 0.000165
0.016625 0.168666 0.238266 0.135451 0.004218 0.436619 0.000155
0.016444 0.168442 0.238040 0.135237 0.004190 0.437489 0.000158
0.016785 0.168551 0.238062 0.134616 0.004217 0.437607 0.000163
0.016835 0.167430 0.238036 0.134517 0.004195 0.438828 0.000159
0.016774 0.167310 0.237409 0.134823 0.004178 0.439345 0.000160
0.016896 0.167461 0.237447 0.134449 0.004211 0.439379 0.000156
0.016869 0.166467 0.236907 0.134190 0.004250 0.441160 0.000157
0.017122 0.165094 0.236674 0.133787 0.004263 0.442900 0.000160
0.017273 0.165723 0.236491 0.134198 0.004247 0.441906 0.000162
0.017137 0.164836 0.236052 0.134239 0.004245 0.443337 0.000156
0.017116 0.163935 0.235270 0.133626 0.004316 0.445580 0.000156
0.017111 0.163968 0.235329 0.133670 0.004318 0.445437 0.000168
0.017158 0.163841 0.235339 0.133440 0.004286 0.445776 0.000160
0.017035 0.163567 0.235346 0.133277 0.004251 0.446359 0.000166
0.017167 0.163560 0.234871 0.133297 0.004275 0.446662 0.000168
0.017188 0.162474 0.234568 0.133168 0.004266 0.448174 0.000163
0.017290 0.161749 0.234145 0.133100 0.004344 0.449211 0.000162
0.017162 0.161452 0.234334 0.132814 0.004313 0.449751 0.000174
0.017307 0.159861 0.233193 0.132561 0.004316 0.452591 0.000170
0.017339 0.160332 0.233542 0.132173 0.004336 0.452119 0.000159
0.017310 0.160437 0.233144 0.132457 0.004342 0.452134 0.000176
0.017379 0.159936 0.232988 0.132101 0.004333 0.453087 0.000176
0.017641 0.158496 0.232349 0.131981 0.004376 0.454992 0.000165
0.017481 0.158692 0.232408 0.131972 0.004321 0.454959 0.000167
0.017583 0.158460 0.232017 0.131864 0.004349 0.455554 0.000173
0.017818 0.157744 0.231431 0.131344 0.004337 0.457143 0.000182
0.017742 0.157936 0.231476 0.131215 0.004345 0.457117 0.000169
0.017563 0.157343 0.231306 0.131065 0.004380 0.458156 0.000187
0.017892 0.156934 0.230787 0.131338 0.004362 0.458517 0.000170
0.017758 0.156510 0.230978 0.130919 0.004350 0.459305 0.000181
0.017847 0.156057 0.230120 0.130874 0.004380 0.460546 0.000175
0.018032 0.155372 0.230101 0.130668 0.004391 0.461262 0.000173
0.017782 0.154728 0.230045 0.130504 0.004395 0.462369 0.000176
0.017858 0.154024 0.229766 0.130351 0.004388 0.463433 0.000179
0.018066 0.153473 0.229232 0.130462 0.004414 0.464166 0.000186
0.018218 0.153268 0.229110 0.130180 0.004372 0.464657 0.000194
0.018096 0.153346 0.229109 0.129944 0.004409 0.464910 0.000186
0.017950 0.153263 0.228312 0.129957 0.004443 0.465893 0.000182
0.018237 0.152322 0.228239 0.129767 0.004434 0.466820 0.000181
0.017910 0.152486 0.228120 0.129800 0.004433 0.467066 0.000185
0.018183 0.151092 0.227551 0.129242 0.004447 0.469292 0.000194
0.018344 0.150877 0.227216 0.129181 0.004449 0.469759 0.000174
0.018331 0.150636 0.227142 0.128945 0.004468 0.470295 0.000182
0.018644 0.149961 0.227167 0.128584 0.004408 0.471043 0.000193
0.018587 0.151429 0.226749 0.128792 0.004453 0.469801 0.000189
0.018476 0.149720 0.226296 0.128552 0.004419 0.472350 0.000187
0.018416 0.149187 0.225945 0.128296 0.004431 0.473534 0.000191
0.018754 0.149776 0.226559 0.128052 0.004435 0.472237 0.000187
0.018595 0.147957 0.225542 0.127880 0.004473 0.475368 0.000186
0.018441 0.148794 0.225277 0.128123 0.004475 0.474695 0.000195
0.018493 0.147964 0.224911 0.128060 0.004445 0.475945 0.000181
0.018547 0.147368 0.224886 0.127805 0.004492 0.476712 0.000190
0.018878 0.146406 0.224574 0.127675 0.004412 0.477873 0.000183
0.018681 0.147146 0.224353 0.127459 0.004479 0.477694 0.000187
0.018847 0.146020 0.223917 0.127469 0.004444 0.479108 0.000195
0.018813 0.146070 0.223752 0.127056 0.004436 0.479688 0.000185
0.018645 0.145823 0.223330 0.126872 0.004461 0.480675 0.000194
0.018938 0.144941 0.222964 0.126939 0.004496 0.481531 0.000192
0.018805 0.144563 0.222988 0.126671 0.004507 0.482264 0.000201
0.018838 0.144659 0.223334 0.126707 0.004483 0.481775 0.000204
0.018983 0.143986 0.222537 0.126261 0.004459 0.483576 0.000196
0.019295 0.143798 0.222299 0.126125 0.004499 0.483783 0.000201
0.019100 0.143074 0.221803 0.125854 0.004515 0.485453 0.000200
0.019086 0.142773 0.221848 0.126345 0.004503 0.485246 0.000201
0.019244 0.143401 0.221580 0.125779 0.004496 0.485288 0.000212
0.019232 0.142179 0.220691 0.125449 0.004498 0.487755 0.000196
0.019568 0.141045 0.220703 0.125320 0.004501 0.488669 0.000193
0.019589 0.140622 0.220121 0.124981 0.004511 0.489971 0.000206
0.019546 0.140856 0.220324 0.125278 0.004502 0.489288 0.000207
0.019491 0.140369 0.219931 0.124942 0.004530 0.490538 0.000199
