0.999110 0.000867 0.000013 0.000010 0.000000 0.000000 0.000000
0.998667 0.001293 0.000022 0.000007 0.000000 0.000011 0.000000
0.998209 0.001736 0.000029 0.000015 0.000000 0.000011 0.000000
0.997768 0.002169 0.000035 0.000017 0.000000 0.000011 0.000000
0.997332 0.002598 0.000037 0.000021 0.000000 0.000011 0.000000
0.996848 0.003071 0.000046 0.000023 0.000000 0.000012 0.000000
0.996289 0.003622 0.000053 0.000025 0.000000 0.000012 0.000000
0.995562 0.004345 0.000058 0.000024 0.000000 0.000012 0.000000
0.994795 0.005101 0.000063 0.000029 0.000000 0.000011 0.000000
0.994011 0.005878 0.000066 0.000034 0.000000 0.000011 0.000000
0.992736 0.007126 0.000075 0.000053 0.000000 0.000010 0.000000
0.991556 0.008281 0.000091 0.000063 0.000000 0.000009 0.000000
0.990164 0.009643 0.000107 0.000072 0.000000 0.000013 0.000000
0.988409 0.011381 0.000116 0.000080 0.000000 0.000014 0.000000
0.985232 0.014516 0.000147 0.000091 0.000000 0.000014 0.000000
0.983115 0.016592 0.000165 0.000116 0.000000 0.000012 0.000000
0.979970 0.019647 0.000218 0.000154 0.000000 0.000011 0.000000
0.976577 0.022963 0.000273 0.000174 0.000000 0.000012 0.000000
0.970899 0.028499 0.000353 0.000238 0.000000 0.000011 0.000000
0.966791 0.032523 0.000385 0.000290 0.000000 0.000010 0.000000
0.961002 0.038183 0.000457 0.000349 0.000000 0.000010 0.000000
0.954463 0.044596 0.000544 0.000387 0.000000 0.000010 0.000000
0.947453 0.051467 0.000641 0.000427 0.000000 0.000011 0.000000
0.938899 0.059746 0.000838 0.000496 0.000000 0.000020 0.000000
0.927828 0.070557 0.001005 0.000584 0.000000 0.000026 0.000000
0.919459 0.078712 0.001147 0.000660 0.000000 0.000022 0.000000
0.909292 0.088657 0.001256 0.000766 0.000000 0.000030 0.000000
0.899201 0.098481 0.001427 0.000862 0.000000 0.000029 0.000000
0.886694 0.110630 0.001634 0.001010 0.000000 0.000032 0.000000
0.873063 0.123875 0.001877 0.001142 0.000000 0.000044 0.000000
0.860037 0.136512 0.002113 0.001282 0.000001 0.000056 0.000000
0.848594 0.147604 0.002335 0.001408 0.000002 0.000058 0.000000
0.832024 0.163593 0.002710 0.001603 0.000003 0.000067 0.000000
0.817343 0.177789 0.003012 0.001790 0.000003 0.000062 0.000000
0.801359 0.193184 0.003398 0.001987 0.000002 0.000070 0.000000
0.786532 0.207387 0.003829 0.002176 0.000002 0.000074 0.000000
0.771327 0.222002 0.004193 0.002390 0.000002 0.000087 0.000000
0.756668 0.236021 0.004586 0.002625 0.000002 0.000099 0.000000
0.740562 0.251381 0.005077 0.002861 0.000002 0.000117 0.000000
0.724747 0.266492 0.005496 0.003123 0.000002 0.000140 0.000000
0.708250 0.282157 0.006020 0.003410 0.000002 0.000161 0.000000
0.695009 0.294772 0.006407 0.003629 0.000001 0.000182 0.000000
0.679323 0.309596 0.006933 0.003942 0.000001 0.000205 0.000000
0.663598 0.324382 0.007534 0.004263 0.000002 0.000221 0.000000
0.650813 0.336410 0.007979 0.004542 0.000003 0.000253 0.000000
0.635228 0.351016 0.008600 0.004875 0.000004 0.000276 0.000000
0.620033 0.365162 0.009286 0.005204 0.000004 0.000310 0.000000
0.606758 0.377485 0.009908 0.005512 0.000004 0.000333 0.000000
0.596202 0.387119 0.010500 0.005814 0.000004 0.000361 0.000000
0.580579 0.401618 0.011207 0.006190 0.000004 0.000403 0.000000
0.566581 0.414440 0.011922 0.006596 0.000004 0.000456 0.000000
0.554243 0.425822 0.012477 0.006969 0.000004 0.000484 0.000000
0.545048 0.434083 0.013054 0.007298 0.000005 0.000513 0.000000
0.532460 0.445492 0.013776 0.007703 0.000005 0.000563 0.000000
0.520299 0.456338 0.014596 0.008155 0.000005 0.000607 0.000000
0.511329 0.464346 0.015175 0.008502 0.000006 0.000642 0.000000
0.498373 0.475899 0.016014 0.009004 0.000007 0.000704 0.000000
0.488623 0.484482 0.016725 0.009399 0.000007 0.000764 0.000000
0.475462 0.496112 0.017644 0.009951 0.000007 0.000824 0.000000
0.466597 0.503872 0.018310 0.010336 0.000008 0.000877 0.000000
0.458427 0.510859 0.019019 0.010761 0.000008 0.000927 0.000000
0.443671 0.523693 0.020206 0.011399 0.000009 0.001022 0.000000
0.437474 0.528895 0.020842 0.011704 0.000009 0.001077 0.000000
0.425978 0.538906 0.021776 0.012194 0.000009 0.001136 0.000000
0.414394 0.548855 0.022788 0.012748 0.000010 0.001205 0.000000
0.408046 0.553938 0.023510 0.013226 0.000012 0.001268 0.000000
0.400056 0.560582 0.024388 0.013635 0.000009 0.001329 0.000000
0.388862 0.569865 0.025606 0.014231 0.000011 0.001425 0.000000
0.382667 0.574892 0.026241 0.014680 0.000010 0.001509 0.000000
0.375348 0.580677 0.027134 0.015221 0.000013 0.001606 0.000000
0.364519 0.589401 0.028387 0.015954 0.000013 0.001726 0.000000
0.358328 0.594081 0.029321 0.016441 0.000015 0.001814 0.000000
0.349641 0.600844 0.030458 0.017123 0.000019 0.001916 0.000000
0.344925 0.604150 0.031239 0.017642 0.000020 0.002024 0.000000
0.342246 0.605467 0.032083 0.018050 0.000019 0.002136 0.000000
0.329199 0.615785 0.033708 0.019000 0.000019 0.002288 0.000000
0.327389 0.616116 0.034654 0.019418 0.000022 0.002400 0.000000
0.322126 0.619907 0.035463 0.019942 0.000025 0.002538 0.000000
0.316274 0.623771 0.036569 0.020664 0.000030 0.002693 0.000000
0.308047 0.630056 0.037685 0.021319 0.000030 0.002864 0.000000
0.303341 0.632963 0.038740 0.021942 0.000035 0.002980 0.000000
0.298729 0.635750 0.039810 0.022568 0.000033 0.003110 0.000000
0.295281 0.637352 0.040924 0.023162 0.000032 0.003249 0.000000
0.291052 0.639931 0.041782 0.023759 0.000033 0.003443 0.000000
0.285945 0.643267 0.042859 0.024316 0.000039 0.003574 0.000000
0.280459 0.646136 0.044411 0.025166 0.000038 0.003789 0.000000
0.274046 0.650630 0.045482 0.025836 0.000040 0.003967 0.000000
0.272365 0.650888 0.046319 0.026283 0.000045 0.004099 0.000000
0.265804 0.654963 0.047711 0.027152 0.000045 0.004323 0.000000
0.258460 0.660033 0.049103 0.027819 0.000049 0.004535 0.000000
0.251202 0.664609 0.050681 0.028688 0.000049 0.004771 0.000000
0.247062 0.667071 0.051665 0.029229 0.000055 0.004918 0.000000
0.239971 0.671656 0.053095 0.030097 0.000056 0.005126 0.000000
0.234971 0.674353 0.054381 0.030881 0.000059 0.005356 0.000000
0.231799 0.675493 0.055563 0.031542 0.000064 0.005539 0.000000
0.221099 0.683259 0.057278 0.032494 0.000067 0.005803 0.000000
0.217733 0.684373 0.058528 0.033274 0.000071 0.006021 0.000000
0.214563 0.684660 0.060154 0.034193 0.000072 0.006357 0.000000
0.205173 0.690958 0.061896 0.035243 0.000077 0.006653 0.000000
0.206364 0.688723 0.062491 0.035537 0.000081 0.006804 0.000000
0.196487 0.694919 0.064486 0.036861 0.000084 0.007163 0.000000
0.192650 0.695226 0.066472 0.037995 0.000088 0.007570 0.000000
0.189224 0.696585 0.067653 0.038616 0.000093 0.007828 0.000000
0.187040 0.696753 0.068858 0.039197 0.000099 0.008053 0.000000
0.183917 0.697667 0.069929 0.040014 0.000096 0.008377 0.000000
0.178094 0.700043 0.071898 0.041120 0.000107 0.008737 0.000000
0.171856 0.702668 0.073879 0.042321 0.000113 0.009163 0.000000
0.169908 0.702777 0.074959 0.042846 0.000122 0.009388 0.000000
0.167158 0.702894 0.076517 0.043535 0.000129 0.009767 0.000000
0.159969 0.706535 0.078538 0.044691 0.000129 0.010139 0.000000
0.162459 0.703696 0.078642 0.044794 0.000126 0.010283 0.000000
0.151882 0.709265 0.081542 0.046377 0.000134 0.010800 0.000000
0.147068 0.710955 0.083148 0.047413 0.000139 0.011277 0.000001
0.140078 0.714058 0.085487 0.048480 0.000146 0.011750 0.000000
0.140812 0.712361 0.085921 0.048823 0.000151 0.011932 0.000000
0.131133 0.716291 0.089200 0.050499 0.000154 0.012722 0.000001
0.129234 0.717307 0.089661 0.050742 0.000158 0.012897 0.000001
0.121467 0.720513 0.092232 0.052148 0.000165 0.013474 0.000001
0.120181 0.718497 0.093964 0.053158 0.000173 0.014027 0.000001
0.115038 0.720462 0.095577 0.054190 0.000176 0.014555 0.000001
0.113451 0.718767 0.097334 0.055289 0.000177 0.014982 0.000001
0.116579 0.714556 0.097866 0.055600 0.000183 0.015215 0.000001
0.110838 0.715537 0.100447 0.057023 0.000192 0.015964 0.000001
0.110707 0.713390 0.101798 0.057605 0.000206 0.016294 0.000001
0.112534 0.710006 0.102438 0.058177 0.000203 0.016641 0.000001
0.111797 0.706207 0.105015 0.059395 0.000205 0.017380 0.000001
0.113207 0.703804 0.105379 0.059730 0.000217 0.017662 0.000001
0.108900 0.704820 0.107288 0.060694 0.000214 0.018084 0.000000
0.109808 0.701023 0.108716 0.061535 0.000229 0.018688 0.000001
0.108529 0.699574 0.110150 0.062346 0.000235 0.019165 0.000001
0.110901 0.696346 0.110525 0.062509 0.000237 0.019480 0.000001
0.106360 0.696998 0.112609 0.063698 0.000249 0.020085 0.000001
0.107977 0.693394 0.113649 0.064311 0.000240 0.020429 0.000001
0.103767 0.695472 0.114776 0.064812 0.000251 0.020921 0.000001
0.101950 0.692344 0.117295 0.066421 0.000256 0.021733 0.000001
0.101649 0.691405 0.117891 0.066730 0.000262 0.022061 0.000001
0.099835 0.689665 0.119512 0.067850 0.000278 0.022859 0.000000
0.103464 0.685771 0.119580 0.067915 0.000278 0.022991 0.000001
0.094520 0.687945 0.123181 0.069935 0.000287 0.024132 0.000001
0.096797 0.685298 0.123223 0.069932 0.000291 0.024458 0.000001
0.094940 0.684920 0.124483 0.070480 0.000299 0.024877 0.000001
0.094164 0.684478 0.124901 0.070981 0.000302 0.025173 0.000000
0.090872 0.684301 0.126715 0.071843 0.000320 0.025948 0.000001
0.084718 0.686407 0.128718 0.073124 0.000323 0.026710 0.000001
0.083098 0.685605 0.129877 0.073879 0.000335 0.027205 0.000001
0.081257 0.683446 0.131868 0.075049 0.000344 0.028035 0.000001
0.076632 0.684823 0.133599 0.075977 0.000346 0.028622 0.000001
0.072973 0.685312 0.135181 0.076785 0.000370 0.029378 0.000001
0.072614 0.683407 0.136183 0.077490 0.000358 0.029946 0.000001
0.067657 0.684802 0.138156 0.078298 0.000378 0.030707 0.000001
0.070034 0.679941 0.139495 0.078934 0.000388 0.031207 0.000001
0.066973 0.680029 0.140857 0.079866 0.000389 0.031885 0.000001
0.061679 0.678790 0.144066 0.081852 0.000414 0.033198 0.000002
0.065629 0.677186 0.142886 0.080945 0.000409 0.032942 0.000002
0.059078 0.676400 0.146568 0.083187 0.000434 0.034332 0.000002
0.058793 0.674975 0.147181 0.083756 0.000430 0.034863 0.000003
0.052313 0.675012 0.150663 0.085447 0.000473 0.036090 0.000002
0.057110 0.670195 0.150437 0.085662 0.000442 0.036153 0.000001
0.053358 0.670643 0.152102 0.086499 0.000464 0.036932 0.000002
0.052124 0.667812 0.154061 0.087554 0.000464 0.037984 0.000001
0.053875 0.664757 0.154671 0.087799 0.000467 0.038428 0.000002
0.051107 0.664727 0.155991 0.088667 0.000483 0.039023 0.000002
0.049676 0.662927 0.157452 0.089527 0.000492 0.039923 0.000002
0.045774 0.661759 0.159899 0.091000 0.000513 0.041055 0.000001
0.051475 0.656504 0.159415 0.090773 0.000510 0.041321 0.000001
0.051121 0.651963 0.161769 0.092136 0.000532 0.042477 0.000002
0.050605 0.652000 0.162089 0.092045 0.000521 0.042738 0.000001
0.048493 0.650703 0.163633 0.093171 0.000541 0.043458 0.000001
0.049746 0.647858 0.164078 0.093549 0.000539 0.044228 0.000002
0.046388 0.646835 0.166201 0.094845 0.000555 0.045175 0.000002
0.049001 0.644603 0.166017 0.094459 0.000555 0.045362 0.000002
0.047520 0.644304 0.166851 0.094974 0.000576 0.045774 0.000002
0.047206 0.637932 0.170063 0.096766 0.000586 0.047444 0.000003
0.051528 0.634987 0.169154 0.096242 0.000588 0.047499 0.000003
0.053969 0.632236 0.169157 0.096370 0.000578 0.047686 0.000004
0.051512 0.628972 0.171739 0.097898 0.000603 0.049274 0.000002
0.051826 0.627570 0.172132 0.098092 0.000611 0.049768 0.000002
0.053418 0.624719 0.172688 0.098137 0.000625 0.050410 0.000003
0.051723 0.625792 0.172795 0.098443 0.000629 0.050615 0.000004
0.047961 0.625106 0.175037 0.099604 0.000638 0.051650 0.000004
0.045234 0.624265 0.176983 0.100375 0.000648 0.052493 0.000003
0.043882 0.621971 0.178458 0.101442 0.000657 0.053586 0.000004
0.043763 0.617967 0.180312 0.102434 0.000664 0.054857 0.000004
0.042216 0.618081 0.180641 0.102937 0.000661 0.055461 0.000003
0.041594 0.616076 0.181952 0.103370 0.000713 0.056291 0.000004
0.042913 0.613395 0.182254 0.103681 0.000711 0.057043 0.000004
0.036977 0.614512 0.184620 0.104942 0.000707 0.058236 0.000006
0.036583 0.613409 0.185383 0.105209 0.000734 0.058676 0.000006
0.035382 0.610968 0.186923 0.106190 0.000716 0.059814 0.000006
0.034489 0.609075 0.188221 0.106823 0.000728 0.060660 0.000006
0.032102 0.607418 0.190088 0.107809 0.000747 0.061831 0.000005
0.032487 0.604817 0.190906 0.108557 0.000768 0.062458 0.000007
0.029998 0.603791 0.192574 0.109290 0.000771 0.063570 0.000007
0.030448 0.602876 0.192478 0.109332 0.000772 0.064088 0.000006
0.028396 0.601067 0.194156 0.110231 0.000799 0.065346 0.000005
0.026944 0.598016 0.196168 0.111535 0.000797 0.066534 0.000007
0.027944 0.596709 0.196054 0.111498 0.000812 0.066978 0.000005
0.026873 0.594990 0.197437 0.111894 0.000828 0.067972 0.000006
0.025698 0.593621 0.198627 0.112597 0.000843 0.068606 0.000008
0.033154 0.586899 0.197641 0.112254 0.000857 0.069188 0.000008
0.032304 0.585707 0.198490 0.112715 0.000849 0.069928 0.000007
0.032784 0.582717 0.199682 0.113290 0.000864 0.070657 0.000007
0.030155 0.581699 0.201205 0.114160 0.000886 0.071886 0.000009
0.032904 0.580687 0.200207 0.113654 0.000867 0.071673 0.000008
0.032962 0.577090 0.201771 0.114229 0.000892 0.073048 0.000008
0.032391 0.573399 0.203578 0.115404 0.000887 0.074334 0.000007
0.037053 0.571227 0.201748 0.114786 0.000900 0.074276 0.000010
0.039324 0.564978 0.203705 0.115513 0.000915 0.075555 0.000010
0.039966 0.566623 0.202698 0.114798 0.000908 0.074997 0.000011
0.038612 0.562276 0.204872 0.116145 0.000955 0.077131 0.000010
0.038619 0.561778 0.205079 0.116227 0.000923 0.077363 0.000010
0.040005 0.558784 0.205536 0.116648 0.000945 0.078071 0.000011
0.042232 0.555426 0.205646 0.116801 0.000931 0.078953 0.000012
0.041239 0.554635 0.206225 0.117119 0.000961 0.079810 0.000011
0.040397 0.552671 0.207461 0.117416 0.000965 0.081078 0.000011
0.040444 0.553454 0.207094 0.117176 0.000976 0.080846 0.000010
0.037059 0.551420 0.209327 0.118502 0.000996 0.082688 0.000008
0.036892 0.549752 0.210208 0.118777 0.001018 0.083341 0.000012
0.037332 0.548783 0.209754 0.118976 0.001012 0.084132 0.000011
0.032686 0.547088 0.212732 0.120504 0.001049 0.085933 0.000009
0.033840 0.545715 0.212869 0.120296 0.001040 0.086227 0.000013
0.035450 0.543527 0.212786 0.120199 0.001058 0.086968 0.000011
0.030044 0.543917 0.214495 0.121910 0.001083 0.088537 0.000013
0.027473 0.543240 0.216109 0.122511 0.001077 0.089577 0.000012
0.029443 0.542111 0.215319 0.122041 0.001079 0.089997 0.000010
0.026516 0.539880 0.217306 0.123525 0.001087 0.091675 0.000010
0.025294 0.538503 0.218556 0.123889 0.001112 0.092633 0.000013
0.025357 0.537437 0.218910 0.123930 0.001103 0.093251 0.000011
0.023678 0.535174 0.220618 0.124797 0.001140 0.094581 0.000011
0.023464 0.533805 0.220924 0.125255 0.001127 0.095414 0.000012
0.022509 0.533220 0.221492 0.125365 0.001146 0.096257 0.000012
0.021797 0.529671 0.223058 0.126472 0.001153 0.097839 0.000010
0.021132 0.527088 0.224350 0.127088 0.001170 0.099159 0.000012
0.020199 0.526457 0.224559 0.127743 0.001177 0.099855 0.000011
0.020475 0.526048 0.224686 0.127236 0.001192 0.100352 0.000011
0.019067 0.522058 0.226833 0.128635 0.001186 0.102211 0.000009
0.018669 0.519944 0.227389 0.129331 0.001226 0.103430 0.000011
0.018385 0.519318 0.227884 0.129156 0.001237 0.104009 0.000011
0.018398 0.515364 0.229437 0.129832 0.001216 0.105741 0.000011
0.017541 0.514782 0.229717 0.130324 0.001247 0.106380 0.000010
0.017550 0.512255 0.230834 0.130650 0.001282 0.107419 0.000010
0.017238 0.510158 0.231560 0.131175 0.001279 0.108577 0.000013
0.016974 0.508951 0.231630 0.131464 0.001285 0.109687 0.000010
0.016241 0.505884 0.233318 0.132267 0.001315 0.110963 0.000011
0.015929 0.504488 0.233839 0.132643 0.001286 0.111806 0.000010
0.016217 0.503299 0.234009 0.132752 0.001310 0.112400 0.000013
0.016679 0.501265 0.234146 0.132925 0.001329 0.113641 0.000014
0.016254 0.500640 0.234631 0.133054 0.001341 0.114069 0.000011
0.015794 0.497123 0.235863 0.133893 0.001341 0.115974 0.000011
0.015558 0.495387 0.236609 0.134155 0.001402 0.116877 0.000013
0.015238 0.492449 0.237803 0.134831 0.001373 0.118294 0.000011
0.015350 0.490776 0.237975 0.135130 0.001389 0.119369 0.000013
0.014697 0.488376 0.239047 0.135836 0.001417 0.120615 0.000013
0.015057 0.487271 0.238906 0.135998 0.001399 0.121358 0.000012
0.014861 0.485770 0.239638 0.136001 0.001415 0.122303 0.000012
0.014578 0.484197 0.240047 0.136363 0.001442 0.123360 0.000013
0.014388 0.482438 0.240705 0.136678 0.001435 0.124344 0.000013
0.014657 0.481467 0.240760 0.136732 0.001449 0.124919 0.000016
0.014569 0.477524 0.242338 0.137539 0.001506 0.126513 0.000012
0.014348 0.476532 0.242365 0.137734 0.001502 0.127505 0.000014
0.014352 0.475987 0.242604 0.137846 0.001495 0.127704 0.000013
0.014249 0.472453 0.243465 0.138454 0.001541 0.129821 0.000017
0.014311 0.472298 0.243610 0.138222 0.001515 0.130032 0.000011
0.014337 0.471116 0.243899 0.138636 0.001524 0.130473 0.000014
0.013860 0.468090 0.245503 0.138838 0.001575 0.132120 0.000013
0.013775 0.466037 0.245602 0.139405 0.001576 0.133589 0.000016
0.013885 0.463664 0.246127 0.139670 0.001558 0.135076 0.000019
0.013648 0.462238 0.247047 0.139799 0.001580 0.135674 0.000015
0.013576 0.460238 0.247577 0.140178 0.001572 0.136841 0.000018
0.013399 0.458470 0.247770 0.140407 0.001625 0.138313 0.000017
0.013667 0.457496 0.247627 0.140659 0.001647 0.138887 0.000017
0.013585 0.456079 0.248227 0.140821 0.001655 0.139616 0.000017
0.013574 0.454655 0.248464 0.140951 0.001659 0.140682 0.000015
0.013536 0.453809 0.248547 0.140971 0.001671 0.141451 0.000015
0.013364 0.450498 0.249671 0.141677 0.001673 0.143100 0.000018
0.013519 0.448824 0.249730 0.141847 0.001707 0.144354 0.000020
0.013368 0.448234 0.250193 0.141968 0.001686 0.144537 0.000015
0.013415 0.445350 0.250676 0.142429 0.001699 0.146413 0.000020
0.013315 0.442981 0.251546 0.142492 0.001736 0.147911 0.000020
0.013032 0.440615 0.252190 0.143006 0.001741 0.149397 0.000018
0.013154 0.441140 0.251721 0.143131 0.001740 0.149094 0.000021
0.013320 0.441297 0.251762 0.142643 0.001751 0.149206 0.000021
0.013338 0.436841 0.252775 0.143459 0.001794 0.151773 0.000020
0.013188 0.437031 0.252644 0.143392 0.001763 0.151959 0.000023
0.012970 0.433449 0.253859 0.143976 0.001788 0.153938 0.000020
0.013105 0.433372 0.253359 0.144181 0.001787 0.154174 0.000021
0.013042 0.430743 0.254242 0.144407 0.001855 0.155688 0.000024
0.012916 0.428750 0.254796 0.144758 0.001839 0.156913 0.000027
0.012973 0.428300 0.254373 0.144932 0.001841 0.157556 0.000026
0.012955 0.425457 0.255452 0.144992 0.001873 0.159247 0.000024
0.012902 0.425820 0.255355 0.144611 0.001856 0.159431 0.000025
0.012687 0.423350 0.255754 0.145254 0.001883 0.161049 0.000024
0.012612 0.421487 0.256437 0.145475 0.001832 0.162132 0.000025
0.012847 0.420603 0.256400 0.145461 0.001866 0.162795 0.000028
0.012641 0.418103 0.257016 0.146011 0.001894 0.164309 0.000026
0.012675 0.416474 0.257275 0.146150 0.001938 0.165460 0.000028
0.012669 0.415111 0.257837 0.146075 0.001946 0.166333 0.000030
0.012581 0.413489 0.257538 0.146493 0.001951 0.167921 0.000027
0.012736 0.412953 0.258085 0.146406 0.001929 0.167863 0.000028
0.012564 0.411268 0.258291 0.146667 0.001979 0.169201 0.000029
0.012706 0.409006 0.258631 0.146875 0.001997 0.170750 0.000034
0.012652 0.408236 0.258500 0.146870 0.001993 0.171721 0.000028
0.012652 0.408059 0.258501 0.146864 0.002012 0.171877 0.000035
0.012563 0.405577 0.259007 0.147132 0.002038 0.173653 0.000031
0.012546 0.402954 0.259724 0.147566 0.002011 0.175166 0.000033
0.012610 0.401605 0.260300 0.147470 0.002033 0.175945 0.000037
0.012596 0.399566 0.260381 0.147775 0.002023 0.177627 0.000032
0.012524 0.397459 0.260971 0.147851 0.002076 0.179087 0.000033
0.012411 0.397183 0.260734 0.148161 0.002071 0.179404 0.000036
0.012578 0.396961 0.260601 0.147882 0.002038 0.179908 0.000032
0.012669 0.395664 0.260855 0.147860 0.002070 0.180847 0.000036
0.012556 0.393237 0.261298 0.148385 0.002075 0.182414 0.000034
0.012462 0.392206 0.261457 0.148319 0.002089 0.183433 0.000035
0.012395 0.390591 0.262037 0.148550 0.002125 0.184269 0.000034
0.012409 0.388619 0.262056 0.148775 0.002122 0.185982 0.000038
0.012460 0.387352 0.262472 0.148824 0.002132 0.186723 0.000037
0.012463 0.385977 0.262412 0.148920 0.002164 0.188028 0.000036
0.012534 0.385330 0.262771 0.148802 0.002126 0.188405 0.000033
0.012454 0.383558 0.262726 0.149106 0.002173 0.189943 0.000041
0.012338 0.383195 0.263016 0.149273 0.002148 0.189994 0.000036
0.012417 0.380693 0.263385 0.149103 0.002200 0.192160 0.000041
0.012387 0.379468 0.263578 0.149241 0.002213 0.193075 0.000037
0.012498 0.377446 0.263664 0.149568 0.002189 0.194592 0.000042
0.012345 0.376063 0.264201 0.149602 0.002220 0.195532 0.000037
0.012414 0.375080 0.264098 0.149820 0.002226 0.196315 0.000046
0.012345 0.374623 0.263792 0.149816 0.002239 0.197144 0.000040
0.012287 0.372126 0.264471 0.149772 0.002226 0.199076 0.000042
0.012408 0.371677 0.264722 0.149731 0.002257 0.199163 0.000042
0.012351 0.370669 0.264562 0.149988 0.002277 0.200109 0.000044
0.012286 0.369788 0.264591 0.150059 0.002251 0.200981 0.000044
0.012343 0.367064 0.265052 0.150206 0.002302 0.202989 0.000043
0.012294 0.366860 0.265125 0.149868 0.002302 0.203505 0.000045
0.012158 0.364034 0.265171 0.150638 0.002353 0.205601 0.000045
0.012381 0.363832 0.265067 0.150359 0.002310 0.206006 0.000044
0.012321 0.360919 0.265745 0.150767 0.002318 0.207885 0.000044
0.012431 0.360439 0.265640 0.150739 0.002341 0.208365 0.000044
0.012234 0.359691 0.265647 0.150910 0.002343 0.209133 0.000042
0.012254 0.358311 0.266075 0.150486 0.002325 0.210504 0.000045
0.012423 0.355223 0.266241 0.150788 0.002380 0.212901 0.000044
0.012402 0.355430 0.266216 0.150911 0.002402 0.212594 0.000043
0.012240 0.353612 0.266805 0.150819 0.002409 0.214070 0.000044
0.012272 0.352046 0.266789 0.150962 0.002419 0.215467 0.000044
0.012252 0.351799 0.266738 0.151004 0.002394 0.215766 0.000048
0.012367 0.350430 0.266851 0.150905 0.002451 0.216952 0.000044
0.012345 0.348366 0.267050 0.151157 0.002452 0.218582 0.000048
0.012250 0.347508 0.267517 0.151473 0.002442 0.218767 0.000043
0.012531 0.346577 0.267005 0.151115 0.002443 0.220284 0.000045
0.012340 0.345850 0.267035 0.151134 0.002492 0.221103 0.000046
0.012289 0.343225 0.267393 0.151621 0.002474 0.222953 0.000045
0.012321 0.341812 0.267813 0.151492 0.002475 0.224039 0.000047
0.012315 0.342222 0.267636 0.151408 0.002465 0.223905 0.000048
0.012336 0.339338 0.268103 0.151613 0.002487 0.226079 0.000043
0.012269 0.339919 0.267685 0.151734 0.002497 0.225848 0.000048
0.012287 0.338162 0.267968 0.151615 0.002538 0.227381 0.000049
0.012444 0.336128 0.268078 0.151990 0.002560 0.228753 0.000047
0.012267 0.336206 0.268056 0.151832 0.002525 0.229067 0.000047
0.012384 0.334436 0.268241 0.151762 0.002583 0.230546 0.000048
0.012329 0.332627 0.267987 0.152156 0.002567 0.232285 0.000049
0.012394 0.331235 0.268254 0.152094 0.002606 0.233366 0.000051
0.012333 0.331537 0.268087 0.151754 0.002589 0.233655 0.000046
0.014940 0.328171 0.267819 0.151606 0.002636 0.234778 0.000050
0.027773 0.325095 0.263572 0.149161 0.002583 0.231767 0.000050
0.022813 0.324780 0.264874 0.150471 0.002616 0.234397 0.000049
0.027852 0.324125 0.263205 0.148815 0.002624 0.233329 0.000051
0.023174 0.322599 0.265087 0.150316 0.002599 0.236170 0.000055
0.024249 0.322363 0.263987 0.149656 0.002660 0.237033 0.000051
0.027292 0.321465 0.262769 0.148834 0.002626 0.236963 0.000052
0.028079 0.321773 0.262123 0.148624 0.002654 0.236691 0.000055
0.024548 0.320920 0.263586 0.149270 0.002675 0.238943 0.000057
0.027149 0.320370 0.262444 0.148778 0.002629 0.238571 0.000060
0.025467 0.319403 0.262694 0.149092 0.002671 0.240617 0.000056
0.023416 0.318332 0.263803 0.149527 0.002636 0.242230 0.000056
0.023573 0.318479 0.263282 0.149411 0.002683 0.242513 0.000059
0.023209 0.318742 0.262908 0.149178 0.002676 0.243231 0.000055
0.022121 0.317180 0.263654 0.149079 0.002687 0.245220 0.000059
0.020408 0.317686 0.264212 0.149409 0.002720 0.245504 0.000062
0.018743 0.315214 0.265032 0.149928 0.002744 0.248280 0.000059
0.020669 0.315100 0.263661 0.149373 0.002732 0.248409 0.000056
0.017786 0.312639 0.265290 0.150341 0.002738 0.251145 0.000061
0.019967 0.314007 0.263612 0.149218 0.002795 0.250338 0.000064
0.016226 0.310841 0.265814 0.150936 0.002819 0.253305 0.000060
0.016321 0.310161 0.265734 0.150460 0.002787 0.254475 0.000061
0.017031 0.309315 0.265192 0.150418 0.002785 0.255199 0.000060
0.015300 0.306990 0.266085 0.150672 0.002801 0.258089 0.000063
0.015396 0.306546 0.266493 0.150496 0.002824 0.258187 0.000059
0.015177 0.305877 0.265946 0.150783 0.002857 0.259299 0.000061
0.015986 0.306225 0.265191 0.150185 0.002839 0.259509 0.000065
0.015402 0.304605 0.265661 0.150460 0.002847 0.260961 0.000064
0.014757 0.303654 0.266432 0.150668 0.002879 0.261543 0.000066
0.014271 0.300969 0.266724 0.150779 0.002881 0.264311 0.000066
0.014690 0.300123 0.266147 0.150860 0.002923 0.265185 0.000070
0.014652 0.301231 0.265872 0.150738 0.002905 0.264540 0.000061
0.014102 0.298119 0.266580 0.150921 0.002905 0.267310 0.000062
0.014222 0.297106 0.266162 0.150835 0.002932 0.268678 0.000066
0.013950 0.296620 0.266206 0.150879 0.002924 0.269358 0.000063
0.013801 0.295161 0.266344 0.151106 0.002897 0.270627 0.000063
0.013493 0.293278 0.266750 0.151312 0.002944 0.272156 0.000067
0.013536 0.292868 0.266465 0.151646 0.002974 0.272443 0.000069
0.013484 0.292403 0.266726 0.151154 0.002920 0.273243 0.000071
0.013357 0.289544 0.267113 0.151467 0.002936 0.275512 0.000070
0.013450 0.288930 0.266749 0.151057 0.002972 0.276773 0.000069
0.013131 0.286532 0.267029 0.151298 0.002997 0.278936 0.000077
0.013120 0.286395 0.266844 0.151442 0.002986 0.279137 0.000076
0.013449 0.288645 0.266243 0.151115 0.003004 0.277473 0.000071
0.013098 0.284972 0.266736 0.151224 0.003038 0.280860 0.000070
0.013364 0.283316 0.266602 0.151253 0.003014 0.282377 0.000074
0.013139 0.281321 0.267087 0.151281 0.003010 0.284089 0.000075
0.013004 0.281532 0.266523 0.151171 0.003077 0.284613 0.000080
0.013389 0.280662 0.266607 0.150786 0.003045 0.285431 0.000079
0.013699 0.282117 0.265820 0.150636 0.003070 0.284579 0.000079
0.013179 0.277899 0.266541 0.150714 0.003074 0.288516 0.000077
0.013140 0.278516 0.266568 0.150939 0.003097 0.287662 0.000077
0.013527 0.278236 0.265478 0.150557 0.003076 0.289053 0.000073
0.013268 0.277002 0.265934 0.150868 0.003118 0.289732 0.000079
0.013188 0.274076 0.266230 0.150806 0.003161 0.292454 0.000085
0.013241 0.273527 0.265937 0.150934 0.003121 0.293156 0.000085
0.013260 0.272574 0.266213 0.150888 0.003104 0.293886 0.000075
0.013378 0.272688 0.266116 0.150784 0.003104 0.293841 0.000090
0.013250 0.271935 0.266001 0.150626 0.003139 0.294958 0.000091
0.013100 0.270271 0.265877 0.150736 0.003187 0.296743 0.000085
0.013177 0.270487 0.265724 0.150423 0.003140 0.296964 0.000086
0.013084 0.268912 0.265628 0.150633 0.003166 0.298493 0.000084
0.013389 0.268830 0.265250 0.150800 0.003193 0.298445 0.000093
0.013214 0.266630 0.265571 0.150572 0.003236 0.300694 0.000085
0.013330 0.264671 0.265922 0.150549 0.003179 0.302262 0.000087
0.013500 0.265841 0.265071 0.150336 0.003204 0.301961 0.000087
0.013423 0.264270 0.265078 0.150311 0.003254 0.303576 0.000086
0.013242 0.262337 0.265846 0.150462 0.003214 0.304813 0.000085
0.013230 0.261049 0.265264 0.150265 0.003239 0.306868 0.000086
0.013435 0.260457 0.265066 0.149920 0.003278 0.307752 0.000092
0.013409 0.260282 0.264623 0.150165 0.003303 0.308124 0.000094
0.013536 0.258894 0.264828 0.150051 0.003335 0.309254 0.000102
0.013414 0.259161 0.264544 0.149887 0.003283 0.309614 0.000096
0.013305 0.257230 0.264600 0.149791 0.003333 0.311646 0.000095
0.013642 0.257847 0.264240 0.150030 0.003328 0.310817 0.000097
0.013469 0.254103 0.264563 0.149940 0.003354 0.314476 0.000094
0.013467 0.255937 0.264434 0.149831 0.003351 0.312890 0.000090
0.013357 0.254143 0.264192 0.149650 0.003392 0.315167 0.000099
0.013376 0.253949 0.264272 0.149645 0.003379 0.315278 0.000102
0.013368 0.251300 0.263889 0.149739 0.003431 0.318184 0.000090
0.013340 0.250763 0.264076 0.149393 0.003391 0.318942 0.000096
0.013561 0.251134 0.263884 0.149136 0.003346 0.318842 0.000097
0.013512 0.251133 0.263701 0.149364 0.003419 0.318768 0.000102
0.013697 0.248780 0.263299 0.149260 0.003427 0.321431 0.000105
0.013644 0.248738 0.263146 0.148851 0.003437 0.322086 0.000098
0.013546 0.247622 0.263154 0.148548 0.003434 0.323601 0.000095
0.013751 0.245773 0.263244 0.148986 0.003456 0.324695 0.000095
0.013757 0.244899 0.263018 0.148930 0.003458 0.325838 0.000100
0.013603 0.244518 0.262982 0.148987 0.003458 0.326357 0.000095
0.013690 0.245172 0.262559 0.148647 0.003445 0.326388 0.000099
0.013733 0.243327 0.262262 0.148617 0.003467 0.328492 0.000103
0.013721 0.242291 0.262244 0.148622 0.003473 0.329550 0.000099
0.013814 0.241036 0.261905 0.148398 0.003550 0.331198 0.000099
0.013728 0.241126 0.261782 0.148403 0.003481 0.331392 0.000089
0.013893 0.239781 0.261894 0.148445 0.003538 0.332344 0.000105
0.013821 0.239062 0.261933 0.148068 0.003568 0.333446 0.000102
0.013878 0.237848 0.261081 0.148377 0.003539 0.335171 0.000106
0.013806 0.237758 0.261054 0.148324 0.003571 0.335382 0.000105
0.013955 0.236150 0.261039 0.148158 0.003565 0.337032 0.000102
0.013973 0.234448 0.261120 0.147818 0.003618 0.338919 0.000104
0.013900 0.235820 0.260912 0.148041 0.003582 0.337639 0.000106
0.013940 0.234600 0.260586 0.147901 0.003599 0.339258 0.000115
0.014018 0.234962 0.260522 0.147231 0.003560 0.339597 0.000110
0.013940 0.232167 0.260342 0.147771 0.003588 0.342086 0.000106
0.013887 0.231047 0.260469 0.147545 0.003624 0.343316 0.000113
0.014040 0.230771 0.260499 0.147209 0.003638 0.343730 0.000113
0.013965 0.231479 0.259908 0.147100 0.003663 0.343778 0.000108
0.014188 0.230384 0.259471 0.147162 0.003654 0.345032 0.000109
0.014023 0.230176 0.259744 0.146860 0.003638 0.345448 0.000112
0.013959 0.228115 0.259655 0.147007 0.003658 0.347489 0.000117
0.014136 0.227876 0.259086 0.146611 0.003646 0.348530 0.000114
0.014185 0.227831 0.258605 0.146837 0.003692 0.348746 0.000105
0.014328 0.225795 0.258680 0.146550 0.003703 0.350834 0.000110
0.014114 0.225983 0.258496 0.146407 0.003682 0.351208 0.000110
0.014454 0.223920 0.258619 0.146232 0.003742 0.352918 0.000115
0.014212 0.223022 0.258186 0.146319 0.003696 0.354448 0.000116
0.014338 0.223614 0.258118 0.146120 0.003761 0.353928 0.000120
0.014179 0.223182 0.257600 0.146557 0.003764 0.354596 0.000123
0.014422 0.222337 0.257496 0.145956 0.003798 0.355876 0.000116
0.014292 0.220074 0.257808 0.145941 0.003766 0.358002 0.000117
0.014258 0.220325 0.257392 0.145765 0.003764 0.358368 0.000128
0.014322 0.219101 0.257183 0.145652 0.003768 0.359860 0.000114
0.014579 0.218728 0.256893 0.145540 0.003847 0.360301 0.000112
0.014555 0.217532 0.256834 0.145461 0.003786 0.361709 0.000123
0.014428 0.216113 0.256616 0.145294 0.003815 0.363616 0.000118
0.014552 0.218256 0.255964 0.145062 0.003818 0.362234 0.000115
0.014720 0.216523 0.256348 0.145143 0.003824 0.363323 0.000119
0.014537 0.215675 0.256155 0.145082 0.003832 0.364601 0.000117
0.014821 0.215475 0.255403 0.144920 0.003808 0.365463 0.000111
0.014762 0.214730 0.256033 0.144635 0.003833 0.365887 0.000120
0.014669 0.212642 0.255750 0.144690 0.003856 0.368276 0.000117
0.014662 0.211908 0.255486 0.144435 0.003853 0.369531 0.000125
0.014643 0.210031 0.255063 0.144640 0.003884 0.371616 0.000124
0.014891 0.211698 0.254983 0.144065 0.003822 0.370420 0.000121
0.014726 0.212677 0.254599 0.144433 0.003867 0.369572 0.000126
0.014903 0.211102 0.254803 0.143961 0.003907 0.371209 0.000114
0.014894 0.209374 0.254303 0.144182 0.003879 0.373246 0.000122
0.014783 0.209282 0.254416 0.143822 0.003908 0.373665 0.000124
0.014838 0.209065 0.254180 0.143549 0.003882 0.374367 0.000119
0.015025 0.207531 0.253765 0.143304 0.003946 0.376300 0.000128
0.015047 0.206196 0.253804 0.143239 0.003902 0.377686 0.000125
0.014959 0.205886 0.253729 0.142944 0.003928 0.378420 0.000133
0.015175 0.204311 0.253198 0.142779 0.003955 0.380447 0.000136
0.015016 0.205100 0.252932 0.142845 0.003902 0.380073 0.000132
0.015179 0.204540 0.252684 0.142519 0.003921 0.381025 0.000132
0.015101 0.203133 0.252492 0.142198 0.003923 0.383028 0.000125
0.015243 0.202564 0.252228 0.142093 0.003908 0.383826 0.000136
0.015276 0.202589 0.252205 0.142371 0.003975 0.383458 0.000126
0.015424 0.202116 0.252137 0.141943 0.004014 0.384234 0.000133
0.015504 0.201039 0.251685 0.142057 0.004002 0.385578 0.000135
0.015294 0.200403 0.251641 0.142454 0.004026 0.386048 0.000133
0.015302 0.199710 0.251149 0.141958 0.004029 0.387723 0.000130
0.015271 0.198834 0.250999 0.141789 0.003967 0.389007 0.000133
0.015620 0.200414 0.250724 0.141565 0.003969 0.387567 0.000141
0.015682 0.197760 0.250429 0.141729 0.004009 0.390254 0.000138
0.015530 0.197485 0.250728 0.141422 0.004025 0.390674 0.000136
0.015291 0.197001 0.250443 0.141275 0.004050 0.391806 0.000134
0.015422 0.197102 0.250182 0.141258 0.004065 0.391833 0.000139
0.015668 0.194699 0.249438 0.140848 0.004085 0.395126 0.000136
0.015728 0.196532 0.249629 0.140877 0.004047 0.393050 0.000136
0.015604 0.193836 0.249189 0.140559 0.004107 0.396561 0.000143
0.015634 0.193599 0.248731 0.140422 0.004127 0.397342 0.000146
0.015815 0.192883 0.248423 0.140502 0.004125 0.398114 0.000137
0.015784 0.193644 0.248696 0.140159 0.004075 0.397502 0.000140
0.015653 0.193841 0.248203 0.140284 0.004122 0.397763 0.000134
0.015665 0.192484 0.247673 0.139979 0.004093 0.399966 0.000140
0.015996 0.190587 0.247383 0.139907 0.004143 0.401840 0.000144
0.015669 0.191671 0.247745 0.140176 0.004142 0.400460 0.000137
0.015863 0.189694 0.247277 0.140011 0.004140 0.402871 0.000145
0.016057 0.188991 0.247040 0.139684 0.004101 0.403989 0.000138
0.015831 0.189257 0.246691 0.139553 0.004149 0.404378 0.000141
0.016214 0.187346 0.246354 0.139533 0.004201 0.406210 0.000142
0.015980 0.188928 0.245917 0.139270 0.004151 0.405611 0.000143
0.016208 0.186441 0.245857 0.138687 0.004232 0.408429 0.000145
0.016073 0.186968 0.245822 0.138577 0.004222 0.408197 0.000140
0.015930 0.186569 0.245762 0.138669 0.004193 0.408729 0.000148
0.016038 0.185192 0.245047 0.138608 0.004262 0.410720 0.000132
0.016231 0.185302 0.244999 0.138360 0.004202 0.410764 0.000142
0.016188 0.184450 0.244687 0.138152 0.004209 0.412174 0.000139
0.016184 0.183579 0.244651 0.137957 0.004234 0.413257 0.000137
0.016400 0.182964 0.244262 0.138130 0.004189 0.413916 0.000140
0.016330 0.183111 0.244200 0.138046 0.004205 0.413960 0.000147
0.016515 0.183226 0.244280 0.137970 0.004204 0.413660 0.000145
0.016392 0.181761 0.243817 0.137635 0.004244 0.416003 0.000148
0.016380 0.180854 0.243406 0.137240 0.004321 0.417640 0.000159
0.016348 0.180416 0.242846 0.137474 0.004279 0.418480 0.000157
0.016630 0.179382 0.242777 0.137105 0.004294 0.419661 0.000151
0.016598 0.179556 0.242481 0.137155 0.004322 0.419742 0.000146
0.016622 0.178999 0.241952 0.137064 0.004319 0.420897 0.000148
0.016544 0.178874 0.242186 0.136335 0.004346 0.421562 0.000153
0.016771 0.177971 0.241933 0.136507 0.004329 0.422332 0.000156
0.016774 0.177431 0.241202 0.136278 0.004269 0.423891 0.000155
0.016558 0.177393 0.241146 0.136303 0.004303 0.424141 0.000156
0.016865 0.178248 0.241164 0.136239 0.004357 0.422985 0.000143
0.017034 0.175240 0.240538 0.135861 0.004325 0.426843 0.000159
0.016844 0.175541 0.240648 0.135842 0.004330 0.426639 0.000156
0.016826 0.176152 0.240445 0.135741 0.004331 0.426354 0.000152
0.016921 0.173651 0.239727 0.135375 0.004399 0.429766 0.000160
0.016968 0.173924 0.239770 0.135360 0.004403 0.429412 0.000163
0.016996 0.173996 0.239219 0.135320 0.004372 0.429934 0.000162
0.016966 0.172510 0.239025 0.135113 0.004395 0.431824 0.000167
0.017103 0.172658 0.238537 0.135029 0.004379 0.432136 0.000158
0.017203 0.172000 0.238348 0.134611 0.004388 0.433289 0.000161
0.017142 0.171404 0.238184 0.135055 0.004412 0.433636 0.000167
0.017197 0.170252 0.238046 0.134087 0.004381 0.435872 0.000167
0.017261 0.171266 0.237788 0.134903 0.004378 0.434239 0.000165
0.017201 0.169416 0.237562 0.134291 0.004370 0.436986 0.000174
0.017294 0.168859 0.237100 0.134072 0.004417 0.438090 0.000167
0.017415 0.169285 0.236756 0.133903 0.004451 0.438023 0.000167
0.017184 0.169631 0.236858 0.134032 0.004374 0.437752 0.000169
0.017561 0.168337 0.236360 0.133813 0.004424 0.439331 0.000175
0.017534 0.168114 0.235678 0.133469 0.004411 0.440621 0.000174
0.017465 0.167835 0.236268 0.133400 0.004396 0.440458 0.000178
0.017692 0.166660 0.235658 0.133358 0.004443 0.442021 0.000169
0.017687 0.166735 0.235508 0.133139 0.004450 0.442317 0.000165
0.017549 0.166210 0.235727 0.132934 0.004403 0.443001 0.000175
0.017711 0.166102 0.235246 0.132909 0.004473 0.443387 0.000172
0.017758 0.165064 0.234848 0.132670 0.004462 0.445026 0.000172
0.017802 0.164647 0.234561 0.132416 0.004424 0.445974 0.000176
0.017895 0.164720 0.234437 0.132420 0.004423 0.445922 0.000183
0.017760 0.163470 0.234045 0.132112 0.004504 0.447927 0.000181
0.017839 0.163482 0.234005 0.131985 0.004485 0.448030 0.000174
0.017902 0.163153 0.233561 0.131693 0.004457 0.449053 0.000181
0.017750 0.162188 0.233391 0.131987 0.004490 0.450013 0.000181
0.017861 0.161481 0.233148 0.131726 0.004431 0.451168 0.000184
0.017963 0.161048 0.232603 0.131463 0.004504 0.452250 0.000170
0.018079 0.160584 0.232258 0.131318 0.004481 0.453093 0.000187
0.017900 0.160490 0.232301 0.131060 0.004507 0.453552 0.000190
0.017996 0.160645 0.232311 0.131169 0.004517 0.453177 0.000185
0.017924 0.159946 0.231669 0.131375 0.004537 0.454360 0.000190
0.018139 0.159077 0.231122 0.130755 0.004497 0.456213 0.000196
0.018121 0.158770 0.231243 0.130642 0.004515 0.456518 0.000192
0.018182 0.159078 0.230936 0.130606 0.004537 0.456473 0.000189
0.018198 0.157679 0.231030 0.130349 0.004509 0.458062 0.000173
0.018223 0.157246 0.230247 0.130222 0.004543 0.459333 0.000186
0.018109 0.156886 0.230211 0.129952 0.004551 0.460111 0.000180
0.018054 0.157577 0.230175 0.129971 0.004534 0.459503 0.000185
0.018108 0.155936 0.229709 0.129844 0.004559 0.461659 0.000184
0.018432 0.156502 0.229247 0.129721 0.004547 0.461371 0.000181
0.018475 0.155232 0.228894 0.129525 0.004563 0.463126 0.000187
0.018449 0.154464 0.228565 0.129689 0.004504 0.464136 0.000193
0.018359 0.154292 0.228224 0.129337 0.004578 0.465004 0.000207
0.018218 0.154425 0.228130 0.128997 0.004548 0.465493 0.000189
0.018651 0.153086 0.227795 0.128799 0.004585 0.466895 0.000190
0.018692 0.153696 0.227674 0.128977 0.004559 0.466211 0.000192
0.018983 0.152756 0.227492 0.128542 0.004560 0.467474 0.000193
0.018764 0.152168 0.226810 0.128653 0.004600 0.468801 0.000204
0.018869 0.152536 0.226938 0.128467 0.004599 0.468393 0.000198
0.019030 0.151585 0.226634 0.127966 0.004625 0.469951 0.000209
0.018840 0.151339 0.226142 0.128036 0.004562 0.470868 0.000213
0.018772 0.150510 0.226057 0.127952 0.004588 0.471933 0.000188
0.019064 0.149727 0.225507 0.127491 0.004567 0.473442 0.000201
0.018874 0.149789 0.225766 0.127475 0.004626 0.473265 0.000205
0.019085 0.149970 0.224854 0.127098 0.004634 0.474149 0.000211
0.019013 0.149423 0.224523 0.127265 0.004631 0.474942 0.000202
0.019223 0.148544 0.224474 0.126913 0.004603 0.476021 0.000220
0.019246 0.148071 0.224285 0.126675 0.004635 0.476877 0.000212
0.019419 0.147606 0.223752 0.126877 0.004606 0.477530 0.000211
0.019295 0.147247 0.223696 0.126517 0.004652 0.478378 0.000215
0.019273 0.147286 0.222995 0.126525 0.004642 0.479064 0.000214
0.019304 0.147317 0.223453 0.126382 0.004654 0.478672 0.000218
0.019379 0.146369 0.222712 0.126284 0.004651 0.480384 0.000220
0.019556 0.145881 0.222405 0.125768 0.004603 0.481576 0.000212
0.019530 0.146076 0.222836 0.125902 0.004627 0.480805 0.000223
0.019567 0.145431 0.221982 0.125770 0.004631 0.482397 0.000221
0.019731 0.144767 0.222054 0.125313 0.004621 0.483284 0.000230
0.019595 0.144729 0.221727 0.125362 0.004620 0.483758 0.000209
0.019744 0.144263 0.221342 0.125010 0.004677 0.484746 0.000219
0.019802 0.143265 0.220843 0.124806 0.004633 0.486417 0.000233
0.019905 0.143579 0.221156 0.124571 0.004676 0.485890 0.000222
0.019807 0.143573 0.220411 0.124868 0.004647 0.486471 0.000224
0.019735 0.143082 0.220036 0.124510 0.004665 0.487759 0.000213
0.019965 0.142954 0.219916 0.124621 0.004688 0.487635 0.000220
0.019915 0.142432 0.219640 0.124153 0.004672 0.488959 0.000230
