0.999111 0.000863 0.000015 0.000011 0.000000 0.000000 0.000000
0.998669 0.001295 0.000021 0.000003 0.000000 0.000012 0.000000
0.998241 0.001706 0.000032 0.000009 0.000000 0.000012 0.000000
0.997714 0.002220 0.000038 0.000015 0.000000 0.000013 0.000000
0.997221 0.002703 0.000041 0.000020 0.000000 0.000015 0.000000
0.996718 0.003193 0.000047 0.000026 0.000000 0.000015 0.000000
0.996089 0.003814 0.000048 0.000034 0.000000 0.000015 0.000000
0.995254 0.004648 0.000049 0.000035 0.000000 0.000014 0.000000
0.994002 0.005890 0.000053 0.000041 0.000000 0.000014 0.000000
0.992926 0.006962 0.000055 0.000044 0.000000 0.000013 0.000000
0.991930 0.007950 0.000064 0.000043 0.000000 0.000013 0.000000
0.989747 0.010095 0.000088 0.000058 0.000000 0.000011 0.000000
0.988166 0.011639 0.000122 0.000063 0.000000 0.000010 0.000000
0.985489 0.014251 0.000174 0.000079 0.000000 0.000009 0.000000
0.982345 0.017303 0.000244 0.000100 0.000000 0.000008 0.000000
0.979055 0.020515 0.000291 0.000132 0.000000 0.000007 0.000000
0.974517 0.024950 0.000358 0.000169 0.000000 0.000006 0.000000
0.970745 0.028639 0.000407 0.000204 0.000000 0.000005 0.000000
0.965796 0.033512 0.000438 0.000251 0.000000 0.000004 0.000000
0.960137 0.039050 0.000507 0.000303 0.000000 0.000004 0.000000
0.953301 0.045743 0.000609 0.000340 0.000000 0.000006 0.000000
0.945856 0.052982 0.000734 0.000422 0.000000 0.000006 0.000000
0.936029 0.062623 0.000828 0.000510 0.000000 0.000008 0.000000
0.929234 0.069249 0.000928 0.000580 0.000000 0.000009 0.000000
0.919570 0.078723 0.001073 0.000625 0.000000 0.000009 0.000000
0.908606 0.089448 0.001231 0.000705 0.000000 0.000010 0.000000
0.897881 0.099912 0.001401 0.000793 0.000000 0.000013 0.000000
0.885035 0.112404 0.001620 0.000924 0.000000 0.000017 0.000000
0.872785 0.124280 0.001913 0.000999 0.000000 0.000023 0.000000
0.858652 0.138059 0.002114 0.001137 0.000000 0.000039 0.000000
0.845481 0.150829 0.002335 0.001309 0.000000 0.000045 0.000000
0.829371 0.166428 0.002639 0.001507 0.000000 0.000056 0.000000
0.815617 0.179732 0.002921 0.001662 0.000000 0.000068 0.000000
0.799350 0.195435 0.003277 0.001858 0.000000 0.000080 0.000000
0.783876 0.210363 0.003647 0.002020 0.000000 0.000094 0.000000
0.767341 0.226279 0.004013 0.002268 0.000000 0.000100 0.000000
0.751642 0.241324 0.004427 0.002496 0.000000 0.000111 0.000000
0.734848 0.257352 0.004886 0.002794 0.000001 0.000118 0.000000
0.718629 0.272898 0.005321 0.003018 0.000001 0.000132 0.000000
0.701294 0.289419 0.005821 0.003322 0.000002 0.000142 0.000000
0.688441 0.301577 0.006263 0.003542 0.000005 0.000172 0.000000
0.671570 0.317591 0.006760 0.003872 0.000005 0.000201 0.000000
0.657490 0.330807 0.007280 0.004188 0.000007 0.000229 0.000000
0.642735 0.344656 0.007825 0.004525 0.000007 0.000253 0.000000
0.627395 0.359000 0.008465 0.004854 0.000007 0.000280 0.000000
0.611720 0.373596 0.009133 0.005239 0.000008 0.000303 0.000000
0.598898 0.385477 0.009736 0.005550 0.000008 0.000331 0.000000
0.582750 0.400444 0.010465 0.005978 0.000007 0.000356 0.000000
0.572780 0.409523 0.010987 0.006311 0.000007 0.000393 0.000000
0.558855 0.422400 0.011671 0.006643 0.000008 0.000423 0.000000
0.543970 0.436104 0.012385 0.007068 0.000007 0.000466 0.000000
0.532737 0.446311 0.013025 0.007416 0.000008 0.000502 0.000000
0.520258 0.457460 0.013830 0.007898 0.000008 0.000547 0.000000
0.508287 0.468319 0.014488 0.008300 0.000009 0.000597 0.000000
0.495642 0.479675 0.015288 0.008744 0.000008 0.000643 0.000000
0.485068 0.489044 0.016031 0.009156 0.000009 0.000692 0.000000
0.474037 0.498836 0.016799 0.009575 0.000010 0.000743 0.000000
0.460397 0.510971 0.017727 0.010071 0.000010 0.000823 0.000000
0.450776 0.519233 0.018540 0.010553 0.000011 0.000888 0.000000
0.440931 0.527927 0.019227 0.010978 0.000011 0.000926 0.000000
0.428288 0.538778 0.020315 0.011607 0.000012 0.001000 0.000000
0.422613 0.543362 0.021001 0.011963 0.000012 0.001049 0.000000
0.412119 0.552182 0.022015 0.012538 0.000015 0.001131 0.000000
0.405205 0.557761 0.022777 0.013019 0.000015 0.001223 0.000000
0.399923 0.561825 0.023518 0.013435 0.000016 0.001283 0.000000
0.387697 0.571956 0.024851 0.014092 0.000017 0.001387 0.000000
0.381961 0.576383 0.025631 0.014533 0.000016 0.001476 0.000000
0.378149 0.578903 0.026403 0.014976 0.000016 0.001553 0.000000
0.368264 0.586966 0.027463 0.015631 0.000017 0.001659 0.000000
0.366389 0.587706 0.028137 0.016029 0.000022 0.001716 0.000000
0.361755 0.590808 0.028971 0.016603 0.000020 0.001842 0.000000
0.350139 0.600230 0.030346 0.017307 0.000021 0.001957 0.000000
0.348685 0.600360 0.031126 0.017730 0.000020 0.002078 0.000000
0.344109 0.603587 0.031965 0.018152 0.000021 0.002168 0.000000
0.339357 0.606782 0.032835 0.018726 0.000023 0.002277 0.000000
0.330065 0.614143 0.033992 0.019385 0.000026 0.002390 0.000000
0.322015 0.620336 0.035100 0.019999 0.000027 0.002522 0.000000
0.315038 0.625092 0.036345 0.020779 0.000034 0.002712 0.000000
0.309216 0.628986 0.037484 0.021438 0.000035 0.002841 0.000000
0.302461 0.634249 0.038333 0.021975 0.000034 0.002948 0.000000
0.295059 0.639002 0.039857 0.022935 0.000037 0.003109 0.000000
0.285551 0.646098 0.041306 0.023709 0.000041 0.003295 0.000000
0.276051 0.653268 0.042708 0.024473 0.000042 0.003458 0.000000
0.271711 0.656021 0.043662 0.024955 0.000046 0.003605 0.000000
0.265371 0.660146 0.044896 0.025717 0.000051 0.003821 0.000000
0.255290 0.667042 0.046698 0.026838 0.000055 0.004077 0.000000
0.251887 0.669064 0.047460 0.027314 0.000056 0.004218 0.000000
0.245157 0.673157 0.049028 0.028107 0.000063 0.004489 0.000000
0.236556 0.679183 0.050583 0.028901 0.000066 0.004711 0.000000
0.232417 0.681161 0.051905 0.029554 0.000069 0.004893 0.000000
0.223511 0.686712 0.053919 0.030634 0.000073 0.005151 0.000000
0.222865 0.685812 0.054738 0.031206 0.000069 0.005310 0.000000
0.216574 0.689444 0.056246 0.032127 0.000073 0.005536 0.000000
0.204921 0.697047 0.058670 0.033401 0.000076 0.005886 0.000000
0.206818 0.694273 0.059167 0.033664 0.000078 0.005999 0.000000
0.200394 0.697264 0.061086 0.034780 0.000081 0.006395 0.000000
0.192963 0.702005 0.062618 0.035656 0.000083 0.006675 0.000000
0.190747 0.702136 0.063746 0.036360 0.000085 0.006925 0.000000
0.185009 0.703996 0.065896 0.037709 0.000091 0.007298 0.000000
0.181695 0.704727 0.067367 0.038504 0.000091 0.007615 0.000000
0.179345 0.704748 0.068631 0.039285 0.000096 0.007895 0.000000
0.172575 0.708681 0.070307 0.040165 0.000104 0.008169 0.000000
0.170444 0.707955 0.071897 0.041008 0.000104 0.008592 0.000000
0.167105 0.708218 0.073672 0.041929 0.000111 0.008964 0.000000
0.163667 0.710311 0.074400 0.042393 0.000110 0.009120 0.000000
0.159432 0.711733 0.075950 0.043329 0.000113 0.009443 0.000000
0.155282 0.712470 0.077906 0.044365 0.000122 0.009856 0.000000
0.149143 0.714486 0.080288 0.045608 0.000125 0.010349 0.000000
0.147001 0.714216 0.081552 0.046378 0.000131 0.010723 0.000000
0.142118 0.715373 0.083653 0.047503 0.000133 0.011220 0.000000
0.136460 0.717918 0.085338 0.048523 0.000135 0.011627 0.000000
0.135426 0.716603 0.086547 0.049271 0.000139 0.012016 0.000000
0.134619 0.716345 0.087274 0.049470 0.000137 0.012157 0.000000
0.124804 0.720948 0.090039 0.051271 0.000150 0.012787 0.000000
0.124371 0.718682 0.091545 0.051981 0.000161 0.013260 0.000000
0.121773 0.719094 0.092665 0.052657 0.000163 0.013647 0.000000
0.117925 0.719800 0.094468 0.053606 0.000168 0.014033 0.000000
0.112062 0.720962 0.096899 0.055141 0.000171 0.014766 0.000000
0.110049 0.720798 0.098139 0.055867 0.000175 0.014971 0.000001
0.109511 0.718593 0.099641 0.056526 0.000171 0.015556 0.000001
0.104537 0.719791 0.101597 0.057910 0.000179 0.015984 0.000001
0.108830 0.714631 0.102057 0.058002 0.000187 0.016293 0.000000
0.101863 0.716498 0.104696 0.059606 0.000201 0.017136 0.000001
0.100080 0.715852 0.105984 0.060331 0.000205 0.017547 0.000001
0.100415 0.713725 0.107004 0.060833 0.000214 0.017809 0.000001
0.099259 0.711895 0.108447 0.061763 0.000223 0.018412 0.000001
0.093899 0.712692 0.111002 0.063082 0.000236 0.019088 0.000001
0.094037 0.710637 0.111906 0.063653 0.000248 0.019517 0.000001
0.088955 0.712010 0.114067 0.064600 0.000254 0.020113 0.000001
0.088329 0.711033 0.114755 0.065146 0.000246 0.020492 0.000001
0.086609 0.707797 0.117310 0.066511 0.000259 0.021513 0.000001
0.082848 0.709944 0.118217 0.067040 0.000263 0.021688 0.000001
0.083561 0.705308 0.120266 0.068150 0.000278 0.022435 0.000001
0.081817 0.706161 0.120683 0.068405 0.000285 0.022648 0.000001
0.084156 0.701064 0.122033 0.069266 0.000297 0.023182 0.000001
0.076058 0.703308 0.125213 0.070881 0.000313 0.024227 0.000001
0.075787 0.700988 0.126361 0.071667 0.000316 0.024881 0.000001
0.074340 0.700191 0.127487 0.072357 0.000317 0.025308 0.000001
0.072152 0.698835 0.129285 0.073373 0.000339 0.026015 0.000001
0.069775 0.696155 0.131913 0.074903 0.000346 0.026907 0.000001
0.068993 0.696579 0.131936 0.075039 0.000352 0.027100 0.000001
0.067980 0.694938 0.133292 0.075802 0.000350 0.027637 0.000000
0.065862 0.693431 0.135068 0.076803 0.000370 0.028465 0.000001
0.063769 0.692478 0.136670 0.077699 0.000368 0.029015 0.000000
0.058682 0.693324 0.138732 0.078983 0.000382 0.029897 0.000001
0.058460 0.690679 0.140141 0.079698 0.000386 0.030636 0.000001
0.056983 0.690395 0.141037 0.080192 0.000406 0.030987 0.000000
0.053241 0.689384 0.143338 0.081602 0.000412 0.032023 0.000001
0.050521 0.689103 0.144940 0.082481 0.000393 0.032563 0.000001
0.053153 0.683916 0.145988 0.083163 0.000407 0.033373 0.000001
0.051977 0.682164 0.147581 0.083951 0.000419 0.033907 0.000001
0.053556 0.678733 0.148360 0.084312 0.000421 0.034617 0.000001
0.052230 0.677527 0.149728 0.085015 0.000436 0.035064 0.000000
0.053107 0.674354 0.150623 0.085747 0.000441 0.035726 0.000001
0.051808 0.671114 0.152939 0.087098 0.000457 0.036582 0.000001
0.049879 0.672822 0.152889 0.087123 0.000454 0.036832 0.000001
0.049469 0.669085 0.154887 0.088259 0.000468 0.037832 0.000001
0.052375 0.666000 0.154758 0.088305 0.000479 0.038083 0.000001
0.049844 0.663884 0.157163 0.089509 0.000481 0.039117 0.000002
0.047667 0.661013 0.159695 0.090722 0.000501 0.040400 0.000001
0.049916 0.659745 0.159145 0.090283 0.000496 0.040414 0.000001
0.048951 0.657677 0.160623 0.091022 0.000501 0.041225 0.000001
0.049561 0.652375 0.162615 0.092518 0.000514 0.042417 0.000001
0.049844 0.652984 0.162200 0.092076 0.000531 0.042364 0.000000
0.048986 0.650112 0.164031 0.093072 0.000532 0.043266 0.000001
0.049145 0.647392 0.165137 0.093616 0.000546 0.044164 0.000001
0.049988 0.644973 0.165841 0.093970 0.000543 0.044684 0.000001
0.048466 0.643187 0.167367 0.094848 0.000554 0.045577 0.000002
0.047003 0.643687 0.167861 0.095038 0.000560 0.045849 0.000002
0.044636 0.643444 0.168949 0.095748 0.000567 0.046656 0.000001
0.043297 0.639094 0.171761 0.097192 0.000572 0.048083 0.000002
0.042929 0.638843 0.171856 0.097486 0.000580 0.048304 0.000002
0.042409 0.637209 0.172746 0.097894 0.000588 0.049154 0.000001
0.040370 0.635682 0.174629 0.098663 0.000596 0.050057 0.000002
0.037708 0.633899 0.176612 0.099897 0.000603 0.051281 0.000001
0.040062 0.630379 0.177042 0.100003 0.000617 0.051896 0.000001
0.042829 0.625851 0.177837 0.100304 0.000625 0.052553 0.000002
0.044981 0.622573 0.178130 0.100621 0.000624 0.053069 0.000001
0.048024 0.619746 0.177984 0.100386 0.000637 0.053222 0.000002
0.049003 0.617308 0.178276 0.100775 0.000641 0.053995 0.000002
0.052175 0.610799 0.179537 0.101782 0.000653 0.055051 0.000002
0.051547 0.608922 0.180842 0.102080 0.000667 0.055941 0.000001
0.053083 0.607001 0.180750 0.102252 0.000659 0.056253 0.000002
0.048178 0.607928 0.182694 0.103162 0.000686 0.057350 0.000002
0.051185 0.604690 0.182431 0.103278 0.000672 0.057743 0.000001
0.051615 0.605262 0.181933 0.102782 0.000678 0.057729 0.000002
0.048531 0.602089 0.184639 0.104510 0.000704 0.059526 0.000002
0.048343 0.601877 0.184728 0.104601 0.000706 0.059744 0.000001
0.045569 0.600586 0.186684 0.105363 0.000711 0.061085 0.000002
0.043656 0.599620 0.187879 0.106242 0.000708 0.061893 0.000001
0.040742 0.598508 0.189720 0.107335 0.000723 0.062970 0.000002
0.039856 0.597912 0.190350 0.107566 0.000729 0.063585 0.000003
0.037193 0.596946 0.191854 0.108470 0.000752 0.064783 0.000003
0.035065 0.595542 0.193298 0.109566 0.000782 0.065745 0.000004
0.035790 0.592041 0.194503 0.110087 0.000784 0.066791 0.000005
0.034337 0.592661 0.194952 0.110060 0.000784 0.067202 0.000005
0.032454 0.590933 0.196106 0.111372 0.000784 0.068348 0.000004
0.031012 0.587768 0.198131 0.112266 0.000837 0.069981 0.000006
0.030192 0.587030 0.198649 0.112756 0.000809 0.070559 0.000005
0.029365 0.585970 0.199538 0.113019 0.000844 0.071259 0.000005
0.027706 0.584006 0.201141 0.113970 0.000838 0.072334 0.000005
0.025706 0.581626 0.202878 0.115086 0.000867 0.073832 0.000004
0.025991 0.580374 0.203112 0.115034 0.000857 0.074628 0.000004
0.025147 0.580087 0.203694 0.115336 0.000854 0.074877 0.000005
0.024181 0.577488 0.205123 0.116266 0.000857 0.076080 0.000005
0.023469 0.574551 0.206698 0.117084 0.000876 0.077317 0.000005
0.022623 0.572502 0.207809 0.117835 0.000881 0.078343 0.000006
0.021465 0.569522 0.209583 0.118824 0.000918 0.079683 0.000005
0.021787 0.567918 0.209781 0.119110 0.000915 0.080483 0.000005
0.021001 0.565511 0.211105 0.119885 0.000901 0.081593 0.000004
0.020920 0.564754 0.211474 0.119914 0.000922 0.082013 0.000003
0.020857 0.562859 0.212147 0.120322 0.000935 0.082874 0.000006
0.019797 0.559946 0.213660 0.121377 0.000941 0.084272 0.000006
0.019774 0.558974 0.214244 0.121268 0.000953 0.084780 0.000007
0.019608 0.557016 0.215058 0.121781 0.000955 0.085577 0.000005
0.018975 0.553673 0.216615 0.122691 0.000960 0.087080 0.000007
0.018786 0.551970 0.217217 0.123271 0.000989 0.087761 0.000006
0.018888 0.549542 0.217928 0.123683 0.000999 0.088953 0.000007
0.018992 0.548388 0.218236 0.123835 0.000984 0.089558 0.000007
0.018197 0.546729 0.219414 0.124524 0.000992 0.090138 0.000006
0.018143 0.544864 0.220016 0.124662 0.001011 0.091298 0.000007
0.017552 0.541313 0.221696 0.125533 0.001029 0.092869 0.000008
0.017831 0.540819 0.221596 0.125747 0.001043 0.092957 0.000007
0.017281 0.536295 0.223572 0.126762 0.001053 0.095030 0.000006
0.017525 0.535926 0.223175 0.126799 0.001052 0.095515 0.000009
0.017112 0.533690 0.224623 0.127211 0.001062 0.096290 0.000011
0.017068 0.531912 0.225112 0.127674 0.001107 0.097118 0.000009
0.016772 0.528948 0.226323 0.128110 0.001094 0.098745 0.000008
0.016716 0.528800 0.226048 0.128382 0.001121 0.098923 0.000010
0.016738 0.525863 0.227017 0.128962 0.001100 0.100312 0.000009
0.016499 0.523854 0.227776 0.129452 0.001115 0.101293 0.000010
0.016577 0.521530 0.228698 0.129668 0.001123 0.102393 0.000010
0.016429 0.520828 0.228670 0.129865 0.001146 0.103053 0.000009
0.016516 0.519287 0.229319 0.129921 0.001157 0.103790 0.000009
0.025807 0.511933 0.228154 0.129276 0.001131 0.103688 0.000011
0.032617 0.506668 0.227114 0.128391 0.001144 0.104057 0.000009
0.039105 0.503075 0.225595 0.127368 0.001153 0.103695 0.000009
0.041213 0.499163 0.225552 0.127647 0.001170 0.105244 0.000011
0.040283 0.497407 0.226741 0.128249 0.001189 0.106123 0.000008
0.037835 0.498970 0.226978 0.128418 0.001198 0.106592 0.000009
0.040948 0.495600 0.226717 0.128399 0.001199 0.107127 0.000010
0.040386 0.493604 0.227325 0.128874 0.001214 0.108589 0.000009
0.042460 0.493605 0.226462 0.127942 0.001224 0.108297 0.000010
0.040984 0.492687 0.226821 0.128588 0.001232 0.109678 0.000009
0.040394 0.490849 0.227791 0.129003 0.001226 0.110726 0.000011
0.035268 0.491207 0.229982 0.130157 0.001244 0.112131 0.000010
0.035115 0.489080 0.230441 0.130496 0.001262 0.113597 0.000010
0.034872 0.489774 0.229902 0.130392 0.001257 0.113792 0.000012
0.034598 0.487729 0.230844 0.130713 0.001273 0.114833 0.000010
0.032799 0.488545 0.231043 0.131170 0.001286 0.115147 0.000011
0.027316 0.486326 0.234041 0.132930 0.001327 0.118049 0.000011
0.027499 0.485170 0.234427 0.132856 0.001303 0.118732 0.000013
0.028544 0.483811 0.234370 0.132790 0.001310 0.119162 0.000013
0.027079 0.482800 0.235538 0.133318 0.001331 0.119925 0.000009
0.024404 0.481003 0.236764 0.134394 0.001351 0.122068 0.000015
0.025229 0.479480 0.236861 0.134099 0.001351 0.122969 0.000010
0.024239 0.480187 0.236831 0.134243 0.001371 0.123116 0.000013
0.022201 0.476622 0.239008 0.135298 0.001389 0.125469 0.000011
0.020582 0.474283 0.240164 0.136257 0.001412 0.127290 0.000012
0.021427 0.475090 0.239686 0.135585 0.001366 0.126836 0.000011
0.019790 0.471743 0.241242 0.136731 0.001413 0.129066 0.000013
0.021014 0.473219 0.239912 0.136035 0.001398 0.128408 0.000013
0.018591 0.468293 0.242917 0.137587 0.001450 0.131151 0.000012
0.018302 0.466884 0.242986 0.137966 0.001473 0.132377 0.000011
0.018776 0.466103 0.242665 0.137969 0.001471 0.133002 0.000014
0.017245 0.464811 0.243756 0.138434 0.001477 0.134264 0.000014
0.017020 0.462793 0.244612 0.138613 0.001506 0.135444 0.000012
0.016781 0.460799 0.245118 0.139088 0.001516 0.136687 0.000011
0.016982 0.460515 0.245044 0.138894 0.001529 0.137021 0.000014
0.016588 0.458648 0.245650 0.139418 0.001524 0.138161 0.000011
0.016193 0.455385 0.246928 0.140014 0.001564 0.139901 0.000014
0.015917 0.453819 0.247307 0.140114 0.001551 0.141281 0.000012
0.015648 0.452202 0.247874 0.140578 0.001576 0.142111 0.000011
0.014921 0.449948 0.249025 0.141092 0.001588 0.143414 0.000012
0.014996 0.449564 0.248587 0.141067 0.001603 0.144170 0.000013
0.014792 0.446217 0.250035 0.141574 0.001613 0.145761 0.000009
0.014391 0.444372 0.250840 0.142288 0.001623 0.146475 0.000011
0.014549 0.443487 0.250767 0.142122 0.001655 0.147407 0.000014
0.014579 0.443144 0.250491 0.141818 0.001639 0.148316 0.000013
0.014543 0.441643 0.250919 0.142236 0.001674 0.148971 0.000014
0.014314 0.438736 0.251907 0.142643 0.001706 0.150680 0.000015
0.014230 0.437431 0.251940 0.142921 0.001696 0.151768 0.000014
0.014172 0.436042 0.252680 0.143030 0.001717 0.152346 0.000014
0.013975 0.433517 0.253338 0.143774 0.001731 0.153651 0.000015
0.014365 0.433757 0.252832 0.143432 0.001714 0.153885 0.000014
0.014268 0.431582 0.253255 0.143548 0.001746 0.155583 0.000017
0.013917 0.430032 0.253768 0.144215 0.001774 0.156278 0.000016
0.013858 0.428215 0.254190 0.144182 0.001789 0.157748 0.000018
0.013490 0.424141 0.255762 0.145082 0.001819 0.159695 0.000011
0.013625 0.422732 0.256007 0.145085 0.001814 0.160719 0.000018
0.013585 0.422984 0.255623 0.145082 0.001806 0.160901 0.000019
0.013495 0.420467 0.256374 0.145413 0.001846 0.162389 0.000016
0.013229 0.419263 0.256880 0.145550 0.001837 0.163225 0.000016
0.013373 0.417656 0.256966 0.145702 0.001822 0.164464 0.000017
0.013302 0.415723 0.257456 0.145776 0.001855 0.165869 0.000019
0.013242 0.413294 0.257945 0.146120 0.001886 0.167495 0.000018
0.013326 0.414003 0.257037 0.146346 0.001846 0.167424 0.000019
0.013125 0.411980 0.258079 0.146222 0.001896 0.168681 0.000017
0.013423 0.410641 0.257971 0.146339 0.001900 0.169711 0.000015
0.013108 0.409261 0.258777 0.146278 0.001918 0.170641 0.000018
0.013128 0.408109 0.258829 0.146496 0.001919 0.171501 0.000019
0.013224 0.405804 0.258937 0.147032 0.001936 0.173048 0.000018
0.013026 0.403355 0.259696 0.147268 0.001969 0.174668 0.000018
0.013034 0.402260 0.259882 0.147694 0.001951 0.175157 0.000021
0.013110 0.401615 0.259579 0.147286 0.001980 0.176409 0.000021
0.013062 0.400626 0.260184 0.147151 0.001960 0.176999 0.000017
0.013004 0.398291 0.260576 0.147827 0.002007 0.178272 0.000023
0.012867 0.395953 0.261059 0.148139 0.001982 0.179978 0.000023
0.012910 0.395840 0.261138 0.147970 0.002014 0.180104 0.000023
0.012947 0.394111 0.261226 0.148201 0.002041 0.181454 0.000020
0.012938 0.392460 0.261616 0.148342 0.002042 0.182581 0.000022
0.013064 0.390570 0.262015 0.148286 0.002035 0.184008 0.000020
0.012966 0.389042 0.262045 0.148695 0.002037 0.185191 0.000024
0.013063 0.388133 0.262225 0.148557 0.002058 0.185944 0.000021
0.012956 0.386446 0.262549 0.149023 0.002050 0.186951 0.000025
0.012769 0.384316 0.263074 0.149210 0.002061 0.188546 0.000024
0.012862 0.382676 0.263608 0.149230 0.002124 0.189481 0.000019
0.012823 0.382931 0.263106 0.148836 0.002090 0.190193 0.000022
0.012832 0.380020 0.263863 0.149596 0.002129 0.191536 0.000024
0.012985 0.378812 0.263871 0.149366 0.002124 0.192815 0.000027
0.012885 0.376783 0.264294 0.149760 0.002108 0.194143 0.000027
0.013033 0.378682 0.263346 0.149263 0.002157 0.193489 0.000030
0.012900 0.375454 0.264453 0.149579 0.002134 0.195450 0.000029
0.012739 0.372157 0.264876 0.150147 0.002182 0.197873 0.000025
0.012779 0.372372 0.265337 0.150016 0.002167 0.197302 0.000028
0.012853 0.371826 0.264762 0.150037 0.002167 0.198324 0.000030
0.012767 0.370368 0.265216 0.150084 0.002185 0.199353 0.000028
0.012788 0.369117 0.265218 0.150047 0.002200 0.200603 0.000026
0.012906 0.367727 0.265331 0.150227 0.002178 0.201602 0.000029
0.012764 0.367067 0.265237 0.150244 0.002211 0.202454 0.000024
0.012780 0.364710 0.266014 0.150405 0.002224 0.203840 0.000027
0.012854 0.364701 0.265399 0.150679 0.002232 0.204103 0.000031
0.012721 0.362128 0.266247 0.150592 0.002238 0.206047 0.000028
0.012780 0.360798 0.266046 0.150712 0.002279 0.207352 0.000032
0.012646 0.358304 0.266773 0.151021 0.002279 0.208947 0.000030
0.012562 0.356211 0.267308 0.151005 0.002278 0.210609 0.000027
0.012835 0.355785 0.266885 0.151166 0.002279 0.211025 0.000027
0.012905 0.354390 0.267303 0.150866 0.002264 0.212239 0.000032
0.012608 0.354741 0.267075 0.151095 0.002312 0.212141 0.000028
0.012801 0.353517 0.267275 0.150934 0.002292 0.213152 0.000029
0.012687 0.351656 0.267491 0.151209 0.002332 0.214597 0.000028
0.012612 0.349125 0.267666 0.151503 0.002304 0.216759 0.000031
0.012708 0.348123 0.267729 0.151174 0.002341 0.217893 0.000031
0.013005 0.346511 0.268128 0.151431 0.002373 0.218522 0.000029
0.012755 0.346909 0.267712 0.151408 0.002359 0.218819 0.000037
0.012763 0.344273 0.268373 0.151693 0.002378 0.220488 0.000030
0.012664 0.345045 0.267940 0.151498 0.002360 0.220464 0.000029
0.012808 0.341298 0.268628 0.151789 0.002405 0.223041 0.000031
0.012883 0.340925 0.268538 0.151821 0.002451 0.223350 0.000032
0.012846 0.340141 0.268398 0.151436 0.002421 0.224727 0.000031
0.012674 0.338628 0.268697 0.151689 0.002439 0.225842 0.000031
0.012748 0.336580 0.268810 0.151832 0.002475 0.227525 0.000031
0.012932 0.336815 0.268536 0.152016 0.002444 0.227225 0.000032
0.012999 0.335035 0.269136 0.151750 0.002492 0.228558 0.000030
0.012643 0.334061 0.268691 0.151885 0.002489 0.230200 0.000032
0.012883 0.333193 0.268731 0.151926 0.002502 0.230735 0.000029
0.012733 0.331254 0.269299 0.152051 0.002526 0.232106 0.000032
0.012690 0.330469 0.269322 0.152127 0.002518 0.232847 0.000028
0.013086 0.329085 0.269205 0.152192 0.002512 0.233891 0.000029
0.012951 0.328841 0.268930 0.151644 0.002526 0.235078 0.000031
0.012703 0.327593 0.269125 0.152150 0.002524 0.235868 0.000037
0.012857 0.325135 0.269317 0.152239 0.002551 0.237862 0.000039
0.012839 0.325160 0.269149 0.152066 0.002548 0.238202 0.000036
0.012704 0.324367 0.269502 0.152397 0.002561 0.238436 0.000033
0.013053 0.322039 0.269458 0.152162 0.002583 0.240662 0.000043
0.014935 0.320263 0.269027 0.151800 0.002607 0.241331 0.000037
0.026232 0.318647 0.264898 0.149556 0.002583 0.238045 0.000038
0.024832 0.315970 0.265799 0.150173 0.002567 0.240621 0.000037
0.027189 0.316183 0.264565 0.149501 0.002596 0.239922 0.000043
0.028046 0.314510 0.264694 0.149505 0.002593 0.240606 0.000046
0.028475 0.315672 0.263776 0.148989 0.002596 0.240455 0.000036
0.031373 0.313415 0.262876 0.148305 0.002571 0.241419 0.000041
0.028533 0.313607 0.263782 0.148892 0.002565 0.242586 0.000034
0.024742 0.312700 0.264866 0.149653 0.002596 0.245400 0.000042
0.026688 0.312281 0.263975 0.149033 0.002615 0.245366 0.000043
0.024051 0.310484 0.265074 0.149782 0.002665 0.247904 0.000040
0.023881 0.311358 0.264825 0.149488 0.002651 0.247758 0.000039
0.026262 0.310037 0.263108 0.149152 0.002659 0.248744 0.000037
0.025330 0.310611 0.263515 0.148887 0.002670 0.248944 0.000043
0.022784 0.309383 0.264483 0.149584 0.002677 0.251048 0.000040
0.020301 0.309460 0.265417 0.149912 0.002714 0.252155 0.000041
0.023229 0.308559 0.263737 0.149162 0.002693 0.252583 0.000038
0.020679 0.307128 0.264790 0.149901 0.002718 0.254742 0.000043
0.017763 0.305523 0.266005 0.150631 0.002741 0.257292 0.000045
0.017064 0.303525 0.267002 0.150846 0.002719 0.258805 0.000039
0.018564 0.304360 0.265592 0.150259 0.002706 0.258473 0.000047
0.019204 0.304641 0.264701 0.149883 0.002715 0.258815 0.000042
0.016570 0.301465 0.266464 0.150827 0.002778 0.261853 0.000043
0.016284 0.299364 0.266978 0.151011 0.002775 0.263543 0.000045
0.015928 0.298951 0.266771 0.151017 0.002750 0.264533 0.000050
0.017186 0.299770 0.265648 0.150273 0.002790 0.264280 0.000052
0.015798 0.297907 0.266411 0.150602 0.002822 0.266412 0.000047
0.015296 0.296367 0.266906 0.151355 0.002797 0.267233 0.000046
0.015421 0.293574 0.266752 0.151412 0.002832 0.269963 0.000046
0.014996 0.294262 0.266904 0.151132 0.002830 0.269827 0.000048
0.014435 0.292208 0.267577 0.151652 0.002863 0.271219 0.000047
0.015345 0.293076 0.266482 0.150914 0.002817 0.271317 0.000048
0.014387 0.289206 0.267979 0.151601 0.002874 0.273906 0.000048
0.015145 0.289925 0.266944 0.151136 0.002881 0.273926 0.000044
0.014310 0.289665 0.266812 0.151410 0.002865 0.274891 0.000047
0.014540 0.288268 0.267328 0.151089 0.002867 0.275859 0.000049
0.014151 0.285386 0.267791 0.151762 0.002909 0.277953 0.000049
0.014215 0.284607 0.267518 0.151462 0.002917 0.279226 0.000055
0.014281 0.284511 0.267500 0.151373 0.002934 0.279351 0.000050
0.014199 0.282627 0.267625 0.151423 0.002914 0.281164 0.000049
0.014169 0.282811 0.267536 0.151338 0.002911 0.281186 0.000050
0.014062 0.281024 0.267268 0.151689 0.002976 0.282926 0.000054
0.013925 0.280482 0.267580 0.151354 0.002935 0.283671 0.000053
0.014104 0.277734 0.267465 0.151692 0.002947 0.286006 0.000052
0.013826 0.278817 0.267219 0.151101 0.002977 0.286012 0.000048
0.013946 0.276620 0.267293 0.151394 0.003008 0.287688 0.000052
0.013351 0.274066 0.268097 0.151664 0.003011 0.289758 0.000053
0.013766 0.274944 0.267173 0.151532 0.003020 0.289514 0.000051
0.013912 0.274168 0.267534 0.151102 0.003009 0.290224 0.000051
0.014002 0.273122 0.266469 0.151322 0.003039 0.291988 0.000057
0.014195 0.273419 0.266431 0.151018 0.003013 0.291863 0.000061
0.013836 0.271480 0.267277 0.151417 0.003026 0.292906 0.000057
0.013938 0.270861 0.266099 0.150833 0.003044 0.295174 0.000050
0.013713 0.267841 0.267300 0.151221 0.003054 0.296821 0.000051
0.013855 0.267421 0.266814 0.150987 0.003130 0.297740 0.000053
0.013969 0.266964 0.266719 0.150774 0.003023 0.298501 0.000049
0.013956 0.265776 0.266708 0.150839 0.003127 0.299542 0.000052
0.013873 0.266474 0.266067 0.150955 0.003108 0.299466 0.000056
0.014122 0.266870 0.266095 0.150606 0.003092 0.299162 0.000053
0.013789 0.262179 0.266909 0.150824 0.003142 0.303106 0.000052
0.013730 0.261969 0.266232 0.150582 0.003170 0.304264 0.000053
0.013784 0.260313 0.266391 0.150628 0.003154 0.305672 0.000058
0.013882 0.262099 0.266036 0.150234 0.003122 0.304572 0.000055
0.014033 0.260174 0.265621 0.150313 0.003166 0.306636 0.000057
0.013679 0.258934 0.266248 0.150445 0.003205 0.307433 0.000056
0.013902 0.258179 0.266000 0.150228 0.003210 0.308423 0.000058
0.013989 0.259303 0.265234 0.150036 0.003156 0.308225 0.000057
0.014061 0.256032 0.265636 0.150295 0.003191 0.310729 0.000056
0.013963 0.254887 0.265256 0.149846 0.003241 0.312748 0.000058
0.013941 0.255445 0.265105 0.149995 0.003175 0.312274 0.000065
0.014023 0.252788 0.265946 0.150265 0.003211 0.313708 0.000058
0.014154 0.254044 0.264918 0.149754 0.003163 0.313911 0.000056
0.014112 0.251791 0.265814 0.149564 0.003243 0.315423 0.000053
0.014019 0.249733 0.265454 0.149939 0.003221 0.317572 0.000062
0.013819 0.248884 0.265273 0.149813 0.003266 0.318881 0.000065
0.014107 0.251041 0.264151 0.149462 0.003196 0.317983 0.000059
0.013984 0.248550 0.264542 0.149449 0.003257 0.320163 0.000056
0.014241 0.247856 0.264063 0.149384 0.003317 0.321073 0.000066
0.014268 0.247337 0.264039 0.149278 0.003290 0.321726 0.000061
0.013928 0.246115 0.264318 0.149133 0.003303 0.323140 0.000063
0.014272 0.246167 0.263785 0.149106 0.003279 0.323333 0.000058
0.014187 0.243789 0.263487 0.149196 0.003330 0.325941 0.000069
0.014060 0.243441 0.263745 0.149253 0.003325 0.326107 0.000070
0.014350 0.243555 0.262926 0.148955 0.003359 0.326792 0.000064
0.014206 0.242873 0.263044 0.148949 0.003372 0.327496 0.000061
0.014315 0.241786 0.263032 0.148517 0.003351 0.328936 0.000063
0.014283 0.240018 0.262907 0.148792 0.003324 0.330610 0.000066
0.014480 0.239572 0.262851 0.148562 0.003319 0.331151 0.000065
0.014174 0.238833 0.262886 0.148745 0.003386 0.331911 0.000064
0.014258 0.237513 0.262375 0.148937 0.003432 0.333421 0.000064
0.014466 0.237864 0.261858 0.148140 0.003421 0.334183 0.000069
0.014321 0.235421 0.262493 0.148297 0.003412 0.335991 0.000064
0.014620 0.236761 0.261942 0.148032 0.003425 0.335158 0.000061
0.014594 0.236184 0.261659 0.147997 0.003427 0.336068 0.000071
0.014538 0.234562 0.261211 0.147886 0.003406 0.338325 0.000074
0.014325 0.233099 0.261750 0.148075 0.003434 0.339238 0.000079
0.014627 0.232960 0.261077 0.147977 0.003479 0.339796 0.000083
0.014547 0.231755 0.261140 0.147762 0.003462 0.341254 0.000080
0.014295 0.231045 0.260728 0.147592 0.003455 0.342807 0.000079
0.014500 0.229796 0.260640 0.147519 0.003474 0.343994 0.000077
0.014634 0.229516 0.260784 0.147590 0.003432 0.343968 0.000077
0.014654 0.229324 0.260391 0.147183 0.003423 0.344940 0.000085
0.014719 0.227979 0.260228 0.147023 0.003530 0.346439 0.000082
0.014552 0.227642 0.260231 0.147075 0.003510 0.346909 0.000082
0.014829 0.226905 0.259761 0.147093 0.003496 0.347836 0.000080
0.014536 0.228288 0.259278 0.146899 0.003495 0.347411 0.000092
0.014524 0.224806 0.259718 0.146936 0.003557 0.350373 0.000086
0.014772 0.224826 0.258759 0.146621 0.003535 0.351398 0.000089
0.014646 0.223434 0.259327 0.146764 0.003595 0.352150 0.000084
0.014745 0.222879 0.259051 0.146478 0.003554 0.353206 0.000087
0.014832 0.222529 0.258563 0.146278 0.003533 0.354183 0.000082
0.014798 0.221802 0.258858 0.146223 0.003556 0.354669 0.000093
0.014888 0.222151 0.258347 0.145874 0.003509 0.355145 0.000086
0.014794 0.221799 0.258117 0.145909 0.003564 0.355736 0.000081
0.014920 0.220508 0.257674 0.145733 0.003617 0.357460 0.000087
0.014850 0.217799 0.257863 0.145636 0.003649 0.360106 0.000097
0.014881 0.217523 0.257695 0.145679 0.003626 0.360504 0.000092
0.014967 0.216545 0.257042 0.145603 0.003586 0.362162 0.000096
0.015105 0.216858 0.257218 0.145196 0.003649 0.361877 0.000097
0.015030 0.215737 0.256928 0.145191 0.003642 0.363379 0.000092
0.015230 0.215157 0.256701 0.144917 0.003656 0.364244 0.000096
0.015177 0.215002 0.256410 0.145290 0.003644 0.364379 0.000097
0.015088 0.214176 0.256017 0.145130 0.003711 0.365787 0.000091
0.015328 0.213141 0.255792 0.144837 0.003685 0.367127 0.000090
0.015140 0.211715 0.256120 0.145136 0.003669 0.368127 0.000092
0.015309 0.210762 0.255433 0.144679 0.003661 0.370070 0.000086
0.015623 0.213241 0.254843 0.144251 0.003702 0.368249 0.000092
0.015239 0.210832 0.255198 0.144673 0.003706 0.370250 0.000102
0.015512 0.209502 0.254842 0.144472 0.003754 0.371827 0.000091
0.015463 0.209682 0.254904 0.144270 0.003741 0.371846 0.000094
0.015561 0.209301 0.254689 0.143872 0.003704 0.372779 0.000093
0.015532 0.207948 0.254299 0.143615 0.003790 0.374716 0.000101
0.015516 0.207375 0.254405 0.143585 0.003767 0.375250 0.000102
0.015559 0.206573 0.254169 0.143745 0.003748 0.376112 0.000095
0.015843 0.204272 0.253673 0.143422 0.003794 0.378899 0.000097
0.015640 0.205371 0.253206 0.143578 0.003831 0.378266 0.000108
0.015475 0.204106 0.253208 0.143322 0.003817 0.379973 0.000099
0.015814 0.205805 0.252961 0.142983 0.003778 0.378565 0.000096
0.015670 0.201834 0.252743 0.143261 0.003843 0.382551 0.000098
0.015579 0.203584 0.252517 0.142899 0.003819 0.381496 0.000106
0.015875 0.201510 0.252584 0.142932 0.003821 0.383171 0.000106
0.015709 0.201769 0.252496 0.142451 0.003795 0.383674 0.000106
0.015726 0.201151 0.251859 0.142540 0.003880 0.384749 0.000095
0.015868 0.200862 0.252049 0.142218 0.003805 0.385098 0.000100
0.015774 0.199729 0.251638 0.142600 0.003849 0.386308 0.000101
0.015910 0.198998 0.251317 0.142380 0.003850 0.387439 0.000106
0.016077 0.198198 0.250741 0.141997 0.003800 0.389089 0.000098
0.015980 0.198528 0.251047 0.141972 0.003867 0.388501 0.000104
0.015996 0.196631 0.250746 0.141778 0.003896 0.390850 0.000102
0.015826 0.196169 0.250337 0.141534 0.003942 0.392095 0.000097
0.016133 0.196109 0.250266 0.141319 0.003876 0.392188 0.000108
0.016089 0.194684 0.250104 0.141720 0.003936 0.393365 0.000102
0.016412 0.193684 0.249889 0.141210 0.003911 0.394784 0.000110
0.016204 0.194120 0.249520 0.141173 0.003941 0.394936 0.000107
0.016209 0.193593 0.249367 0.141304 0.003942 0.395478 0.000106
0.016135 0.193408 0.249588 0.140952 0.003921 0.395883 0.000112
0.016553 0.191345 0.248767 0.140770 0.003954 0.398505 0.000106
0.016453 0.191496 0.248716 0.140952 0.003959 0.398303 0.000122
0.016294 0.191494 0.248424 0.141021 0.003988 0.398663 0.000116
0.016516 0.190113 0.248080 0.140797 0.003974 0.400410 0.000109
0.016511 0.190619 0.247897 0.140308 0.003987 0.400568 0.000110
0.016298 0.188561 0.247735 0.140335 0.004031 0.402925 0.000115
0.016484 0.187995 0.247377 0.140044 0.004014 0.403970 0.000116
0.016618 0.188056 0.247196 0.139744 0.003993 0.404279 0.000115
0.016637 0.187440 0.246910 0.140256 0.004004 0.404648 0.000105
0.016837 0.187290 0.246818 0.139763 0.004035 0.405149 0.000108
0.016726 0.186903 0.246255 0.139178 0.004024 0.406800 0.000114
0.016538 0.185940 0.246637 0.139459 0.004035 0.407276 0.000114
0.016748 0.185639 0.246004 0.139213 0.004038 0.408248 0.000109
0.016650 0.184818 0.245943 0.138986 0.004083 0.409401 0.000119
0.016858 0.184856 0.245365 0.139075 0.004039 0.409696 0.000111
0.016750 0.184286 0.245724 0.138721 0.004054 0.410347 0.000119
0.016726 0.183788 0.245312 0.138761 0.004061 0.411234 0.000119
0.016842 0.182318 0.244776 0.138701 0.004126 0.413116 0.000120
0.016759 0.182407 0.244753 0.138462 0.004087 0.413423 0.000110
0.017015 0.181282 0.244146 0.138314 0.004117 0.415008 0.000119
0.017018 0.181682 0.243867 0.137931 0.004147 0.415237 0.000117
0.017223 0.181036 0.243878 0.137986 0.004100 0.415650 0.000127
0.016917 0.180864 0.243715 0.137869 0.004065 0.416455 0.000115
0.016998 0.179848 0.242803 0.137832 0.004150 0.418243 0.000126
0.017100 0.178546 0.243134 0.137450 0.004133 0.419508 0.000130
0.017126 0.177599 0.243013 0.137213 0.004118 0.420807 0.000124
0.017115 0.178784 0.242248 0.137387 0.004174 0.420174 0.000120
0.017386 0.177328 0.242630 0.137035 0.004134 0.421355 0.000131
0.017202 0.177923 0.241888 0.136907 0.004125 0.421826 0.000129
0.017287 0.176814 0.241885 0.136685 0.004155 0.423053 0.000123
0.017110 0.175243 0.241715 0.136442 0.004147 0.425220 0.000124
0.017404 0.175542 0.241237 0.136338 0.004226 0.425123 0.000130
0.017662 0.175429 0.241230 0.136134 0.004168 0.425257 0.000120
0.017521 0.174709 0.240620 0.136425 0.004229 0.426367 0.000129
0.017655 0.173494 0.240262 0.136082 0.004204 0.428176 0.000128
0.017448 0.173627 0.240400 0.135875 0.004222 0.428304 0.000125
0.017767 0.173274 0.240031 0.135803 0.004199 0.428801 0.000125
0.017513 0.172123 0.239760 0.135469 0.004251 0.430762 0.000122
0.017451 0.173003 0.239721 0.135468 0.004224 0.430008 0.000124
0.017564 0.172327 0.239468 0.135296 0.004189 0.431028 0.000127
0.017509 0.171773 0.239468 0.135092 0.004237 0.431789 0.000131
0.017570 0.171050 0.238848 0.135016 0.004233 0.433154 0.000129
0.017832 0.168960 0.238798 0.135049 0.004272 0.434963 0.000126
0.017753 0.169945 0.238687 0.134690 0.004249 0.434554 0.000123
0.017976 0.169620 0.237836 0.134562 0.004252 0.435624 0.000130
0.017771 0.168646 0.238036 0.134784 0.004246 0.436392 0.000124
0.017963 0.168667 0.237577 0.134574 0.004316 0.436773 0.000128
0.017981 0.167514 0.237101 0.134385 0.004301 0.438586 0.000133
0.017815 0.168022 0.237427 0.134135 0.004248 0.438221 0.000131
0.018157 0.166903 0.236269 0.133947 0.004323 0.440275 0.000126
0.018162 0.166031 0.236419 0.133685 0.004319 0.441252 0.000132
0.018183 0.165882 0.235947 0.133599 0.004330 0.441931 0.000128
0.018022 0.166079 0.236146 0.133555 0.004331 0.441728 0.000139
0.018200 0.165683 0.235523 0.133495 0.004294 0.442673 0.000132
0.018463 0.163507 0.235748 0.133086 0.004303 0.444757 0.000135
0.018032 0.163919 0.235031 0.133252 0.004400 0.445235 0.000131
0.018256 0.163563 0.234737 0.133016 0.004367 0.445925 0.000135
0.018053 0.163961 0.235153 0.132964 0.004347 0.445392 0.000130
0.018666 0.163230 0.234615 0.132344 0.004353 0.446656 0.000136
0.018568 0.161917 0.233704 0.132316 0.004344 0.449014 0.000137
0.018395 0.161880 0.233586 0.132159 0.004391 0.449455 0.000134
0.018532 0.161251 0.233996 0.132132 0.004374 0.449576 0.000139
0.018382 0.160817 0.233157 0.131919 0.004379 0.451207 0.000140
0.018571 0.160470 0.232817 0.131588 0.004421 0.451995 0.000138
0.018663 0.160753 0.232774 0.131406 0.004403 0.451866 0.000135
0.018888 0.158831 0.232383 0.131487 0.004438 0.453835 0.000139
0.018560 0.159450 0.232140 0.131413 0.004444 0.453846 0.000148
0.018609 0.158720 0.231771 0.131099 0.004424 0.455232 0.000145
0.018728 0.158118 0.231259 0.131262 0.004472 0.456019 0.000141
0.018877 0.157278 0.231130 0.130917 0.004418 0.457230 0.000150
0.018856 0.157165 0.231409 0.130866 0.004444 0.457115 0.000144
0.018610 0.157386 0.230981 0.130551 0.004450 0.457879 0.000143
0.018775 0.157111 0.230626 0.130802 0.004478 0.458072 0.000137
0.018796 0.156871 0.230416 0.130097 0.004451 0.459216 0.000154
0.019038 0.155905 0.229632 0.129976 0.004480 0.460822 0.000149
0.018733 0.155251 0.229479 0.129997 0.004431 0.461965 0.000145
0.019146 0.155625 0.229631 0.129790 0.004416 0.461239 0.000153
0.018829 0.155466 0.229332 0.129568 0.004407 0.462254 0.000144
0.019101 0.153912 0.228755 0.129633 0.004435 0.464022 0.000142
0.019162 0.153380 0.228038 0.129502 0.004533 0.465246 0.000140
0.019019 0.153657 0.228347 0.129355 0.004486 0.464984 0.000152
0.019275 0.153098 0.228227 0.128952 0.004500 0.465802 0.000145
0.019040 0.153240 0.227819 0.128872 0.004514 0.466359 0.000157
0.019267 0.152090 0.226910 0.128518 0.004530 0.468539 0.000146
0.019488 0.151632 0.227138 0.128706 0.004552 0.468327 0.000157
0.019462 0.151299 0.226746 0.128581 0.004534 0.469219 0.000158
0.019398 0.151562 0.226441 0.128407 0.004566 0.469476 0.000149
0.019408 0.150432 0.226240 0.128060 0.004579 0.471131 0.000150
0.019446 0.150337 0.226258 0.127782 0.004593 0.471431 0.000153
0.019663 0.150294 0.225824 0.127812 0.004571 0.471676 0.000160
0.019670 0.149233 0.225469 0.127426 0.004507 0.473543 0.000152
0.019613 0.148791 0.225386 0.127492 0.004577 0.473974 0.000167
0.019713 0.148725 0.225128 0.127145 0.004600 0.474540 0.000150
0.019646 0.148573 0.224842 0.127235 0.004577 0.474965 0.000162
0.020137 0.147612 0.224755 0.127060 0.004592 0.475685 0.000160
0.020013 0.147240 0.223927 0.126623 0.004600 0.477438 0.000160
0.019772 0.146572 0.223922 0.126414 0.004571 0.478581 0.000169
0.019892 0.146534 0.223788 0.126726 0.004552 0.478337 0.000170
0.020003 0.146040 0.223195 0.126659 0.004600 0.479330 0.000173
0.019970 0.146576 0.223700 0.126392 0.004595 0.478606 0.000160
0.019919 0.146438 0.223148 0.126267 0.004655 0.479411 0.000162
0.019940 0.145365 0.222969 0.125881 0.004597 0.481087 0.000162
0.020209 0.145152 0.222461 0.125865 0.004664 0.481490 0.000158
0.019945 0.144319 0.222117 0.125848 0.004663 0.482939 0.000170
0.020085 0.144484 0.221802 0.125681 0.004586 0.483187 0.000175
0.020294 0.144293 0.221421 0.125294 0.004559 0.483967 0.000171
0.020302 0.143961 0.221110 0.125178 0.004612 0.484662 0.000174
0.020348 0.143113 0.221019 0.125013 0.004632 0.485698 0.000177
0.020108 0.142360 0.220716 0.124875 0.004715 0.487042 0.000184
0.020174 0.142835 0.220267 0.124880 0.004675 0.486995 0.000175
0.020411 0.141837 0.220267 0.124355 0.004681 0.488278 0.000170
0.020310 0.141663 0.219570 0.124184 0.004680 0.489422 0.000172
0.020313 0.141249 0.219720 0.124046 0.004667 0.489833 0.000172
