0.999085 0.000898 0.000010 0.000007 0.000000 0.000000 0.000000
0.998640 0.001328 0.000019 0.000005 0.000000 0.000007 0.000000
0.998181 0.001766 0.000034 0.000012 0.000000 0.000007 0.000000
0.997703 0.002235 0.000040 0.000014 0.000000 0.000009 0.000000
0.997196 0.002728 0.000050 0.000017 0.000000 0.000009 0.000000
0.996602 0.003311 0.000054 0.000023 0.000000 0.000010 0.000000
0.996100 0.003807 0.000065 0.000019 0.000000 0.000010 0.000000
0.995393 0.004504 0.000066 0.000027 0.000000 0.000010 0.000000
0.994642 0.005245 0.000075 0.000029 0.000000 0.000010 0.000000
0.993501 0.006383 0.000079 0.000028 0.000000 0.000009 0.000000
0.992013 0.007851 0.000098 0.000030 0.000000 0.000009 0.000000
0.990453 0.009381 0.000116 0.000043 0.000000 0.000008 0.000000
0.988000 0.011789 0.000157 0.000048 0.000000 0.000007 0.000000
0.984924 0.014836 0.000181 0.000053 0.000000 0.000006 0.000000
0.981833 0.017873 0.000212 0.000077 0.000000 0.000005 0.000000
0.978190 0.021454 0.000249 0.000100 0.000000 0.000006 0.000000
0.973937 0.025627 0.000311 0.000116 0.000000 0.000010 0.000000
0.969192 0.030295 0.000357 0.000146 0.000000 0.000008 0.000000
0.963944 0.035418 0.000445 0.000182 0.000000 0.000010 0.000000
0.958758 0.040475 0.000532 0.000227 0.000000 0.000009 0.000000
0.950831 0.048252 0.000627 0.000280 0.000000 0.000010 0.000000
0.944509 0.054428 0.000711 0.000344 0.000000 0.000008 0.000000
0.936975 0.061751 0.000819 0.000446 0.000000 0.000008 0.000000
0.927057 0.071406 0.000952 0.000575 0.000000 0.000009 0.000000
0.916339 0.081896 0.001119 0.000636 0.000000 0.000009 0.000000
0.906071 0.091889 0.001294 0.000732 0.000000 0.000014 0.000000
0.897102 0.100608 0.001461 0.000817 0.000000 0.000013 0.000000
0.884219 0.113039 0.001751 0.000978 0.000000 0.000014 0.000000
0.871013 0.125887 0.001986 0.001096 0.000000 0.000018 0.000000
0.858752 0.137834 0.002165 0.001221 0.000000 0.000028 0.000000
0.845327 0.150818 0.002452 0.001375 0.000000 0.000028 0.000000
0.831948 0.163661 0.002788 0.001564 0.000000 0.000038 0.000000
0.816505 0.178616 0.003099 0.001731 0.000000 0.000049 0.000000
0.800441 0.194159 0.003430 0.001914 0.000000 0.000057 0.000000
0.786670 0.207443 0.003756 0.002064 0.000000 0.000066 0.000000
0.769276 0.224227 0.004114 0.002300 0.000000 0.000082 0.000000
0.751204 0.241533 0.004562 0.002608 0.000000 0.000093 0.000000
0.737285 0.254746 0.005025 0.002839 0.000000 0.000106 0.000000
0.723534 0.267844 0.005416 0.003074 0.000000 0.000132 0.000000
0.706496 0.284096 0.005891 0.003364 0.000000 0.000152 0.000000
0.689379 0.300364 0.006398 0.003684 0.000000 0.000175 0.000000
0.674936 0.314005 0.006887 0.003970 0.000001 0.000201 0.000000
0.658881 0.329146 0.007465 0.004272 0.000002 0.000234 0.000000
0.642943 0.344082 0.008071 0.004632 0.000003 0.000269 0.000000
0.627792 0.358271 0.008688 0.004937 0.000003 0.000308 0.000000
0.612513 0.372658 0.009257 0.005233 0.000004 0.000337 0.000000
0.599998 0.384275 0.009874 0.005483 0.000004 0.000366 0.000000
0.585725 0.397429 0.010601 0.005841 0.000004 0.000400 0.000000
0.569732 0.412111 0.011418 0.006295 0.000004 0.000441 0.000000
0.559148 0.421728 0.011995 0.006647 0.000005 0.000478 0.000000
0.549443 0.430484 0.012553 0.006993 0.000005 0.000522 0.000000
0.536457 0.442323 0.013260 0.007384 0.000005 0.000572 0.000000
0.523541 0.454036 0.013956 0.007859 0.000004 0.000605 0.000000
0.517264 0.459536 0.014401 0.008167 0.000004 0.000627 0.000000
0.502075 0.473182 0.015361 0.008703 0.000005 0.000675 0.000000
0.490846 0.483130 0.016101 0.009189 0.000005 0.000729 0.000000
0.484066 0.489023 0.016606 0.009520 0.000006 0.000778 0.000000
0.473506 0.498252 0.017433 0.009960 0.000006 0.000843 0.000000
0.461581 0.508669 0.018360 0.010468 0.000006 0.000916 0.000000
0.450377 0.518549 0.019199 0.010908 0.000006 0.000961 0.000000
0.440327 0.527312 0.019978 0.011339 0.000007 0.001038 0.000000
0.431218 0.534978 0.020799 0.011877 0.000008 0.001119 0.000000
0.423632 0.541340 0.021528 0.012308 0.000009 0.001182 0.000000
0.414726 0.548804 0.022450 0.012771 0.000009 0.001240 0.000000
0.403242 0.558411 0.023600 0.013412 0.000010 0.001324 0.000000
0.394174 0.565938 0.024513 0.013957 0.000010 0.001408 0.000000
0.388870 0.570040 0.025231 0.014375 0.000011 0.001474 0.000000
0.378111 0.578974 0.026340 0.014991 0.000011 0.001573 0.000000
0.371370 0.584175 0.027311 0.015462 0.000012 0.001670 0.000000
0.364524 0.589664 0.028082 0.015980 0.000011 0.001740 0.000000
0.354470 0.597736 0.029312 0.016633 0.000013 0.001837 0.000000
0.344933 0.605444 0.030379 0.017262 0.000011 0.001971 0.000000
0.342527 0.606427 0.031244 0.017754 0.000011 0.002037 0.000000
0.331242 0.615538 0.032556 0.018475 0.000014 0.002175 0.000000
0.326112 0.618710 0.033681 0.019160 0.000019 0.002317 0.000000
0.323302 0.620398 0.034342 0.019533 0.000018 0.002408 0.000000
0.319820 0.622182 0.035315 0.020116 0.000021 0.002545 0.000000
0.310776 0.628978 0.036678 0.020838 0.000021 0.002708 0.000000
0.305208 0.632803 0.037677 0.021468 0.000022 0.002822 0.000000
0.297054 0.639158 0.038716 0.022077 0.000022 0.002972 0.000000
0.294478 0.639808 0.039855 0.022688 0.000024 0.003146 0.000000
0.284597 0.647351 0.041232 0.023469 0.000028 0.003323 0.000000
0.279997 0.650095 0.042330 0.024073 0.000031 0.003475 0.000000
0.280837 0.648179 0.042908 0.024444 0.000030 0.003603 0.000000
0.275557 0.651652 0.043916 0.025112 0.000033 0.003730 0.000000
0.265679 0.658773 0.045553 0.025974 0.000034 0.003988 0.000000
0.258994 0.662540 0.047232 0.026962 0.000036 0.004236 0.000000
0.252158 0.667043 0.048625 0.027694 0.000036 0.004445 0.000000
0.247511 0.669422 0.049948 0.028432 0.000038 0.004649 0.000000
0.241341 0.673757 0.051035 0.029006 0.000042 0.004819 0.000000
0.241265 0.672812 0.051596 0.029351 0.000050 0.004926 0.000000
0.232638 0.678067 0.053568 0.030441 0.000054 0.005232 0.000000
0.226080 0.682647 0.054679 0.031121 0.000055 0.005417 0.000000
0.219860 0.685967 0.056380 0.032012 0.000063 0.005719 0.000000
0.212982 0.689715 0.058150 0.033094 0.000065 0.005993 0.000000
0.206691 0.693216 0.059737 0.033981 0.000063 0.006311 0.000000
0.196096 0.699574 0.062235 0.035342 0.000071 0.006682 0.000000
0.192825 0.700718 0.063419 0.036018 0.000074 0.006946 0.000000
0.187485 0.703790 0.064749 0.036747 0.000070 0.007159 0.000000
0.184158 0.704871 0.066011 0.037457 0.000071 0.007432 0.000000
0.174800 0.710263 0.068269 0.038723 0.000079 0.007865 0.000000
0.167252 0.713688 0.070521 0.040158 0.000087 0.008294 0.000000
0.164847 0.715247 0.071001 0.040353 0.000090 0.008462 0.000000
0.160295 0.716163 0.073029 0.041599 0.000099 0.008815 0.000000
0.149950 0.722142 0.075545 0.042991 0.000101 0.009271 0.000000
0.147692 0.721829 0.077026 0.043734 0.000100 0.009618 0.000001
0.144275 0.723013 0.078209 0.044446 0.000113 0.009942 0.000002
0.136029 0.726102 0.081272 0.046021 0.000113 0.010461 0.000001
0.134271 0.725493 0.082480 0.046801 0.000112 0.010842 0.000001
0.132496 0.724929 0.083764 0.047563 0.000113 0.011133 0.000001
0.128773 0.726098 0.085218 0.048278 0.000124 0.011509 0.000001
0.128555 0.722859 0.087149 0.049338 0.000131 0.011967 0.000001
0.122034 0.726083 0.088869 0.050448 0.000132 0.012433 0.000001
0.122823 0.722042 0.090643 0.051495 0.000138 0.012859 0.000000
0.119346 0.722554 0.092216 0.052464 0.000150 0.013270 0.000000
0.122145 0.718860 0.092697 0.052681 0.000139 0.013477 0.000001
0.115660 0.721119 0.095042 0.053990 0.000156 0.014032 0.000001
0.115257 0.717918 0.096933 0.055116 0.000164 0.014611 0.000001
0.111649 0.718035 0.098790 0.056161 0.000166 0.015198 0.000001
0.111702 0.716822 0.099474 0.056477 0.000181 0.015343 0.000001
0.107585 0.716437 0.101827 0.057876 0.000178 0.016097 0.000001
0.114742 0.708837 0.102002 0.057978 0.000176 0.016264 0.000001
0.106231 0.713074 0.104334 0.059240 0.000187 0.016933 0.000001
0.109983 0.708308 0.104703 0.059597 0.000189 0.017219 0.000001
0.106353 0.709197 0.106262 0.060391 0.000190 0.017605 0.000001
0.103787 0.707356 0.108596 0.061628 0.000201 0.018430 0.000001
0.098580 0.710162 0.109916 0.062387 0.000208 0.018746 0.000001
0.095214 0.709752 0.111888 0.063573 0.000222 0.019349 0.000001
0.096512 0.708327 0.111845 0.063656 0.000218 0.019440 0.000001
0.090140 0.708836 0.115026 0.065361 0.000226 0.020411 0.000001
0.088090 0.708034 0.116303 0.066262 0.000241 0.021067 0.000002
0.086442 0.708387 0.116944 0.066629 0.000240 0.021355 0.000003
0.076672 0.709955 0.121450 0.069023 0.000252 0.022647 0.000002
0.078688 0.708125 0.121182 0.069012 0.000248 0.022741 0.000003
0.073936 0.709052 0.123198 0.070145 0.000270 0.023397 0.000003
0.070771 0.708546 0.125186 0.071132 0.000275 0.024087 0.000003
0.067986 0.707727 0.127150 0.071957 0.000288 0.024889 0.000003
0.065638 0.708331 0.128090 0.072646 0.000283 0.025012 0.000001
0.063307 0.706967 0.129981 0.073629 0.000288 0.025826 0.000003
0.058984 0.706235 0.132477 0.075339 0.000292 0.026671 0.000003
0.057748 0.705406 0.133625 0.075665 0.000306 0.027246 0.000003
0.054992 0.704042 0.135756 0.076868 0.000312 0.028029 0.000002
0.052494 0.703660 0.137232 0.077712 0.000329 0.028568 0.000004
0.050492 0.702804 0.138483 0.078635 0.000335 0.029248 0.000003
0.048193 0.700356 0.140943 0.079920 0.000345 0.030239 0.000003
0.046861 0.699609 0.142126 0.080419 0.000352 0.030629 0.000004
0.044563 0.697261 0.144479 0.081688 0.000353 0.031654 0.000002
0.047331 0.691860 0.145542 0.082551 0.000375 0.032338 0.000003
0.048334 0.689958 0.146049 0.082614 0.000377 0.032666 0.000004
0.048524 0.686800 0.147610 0.083388 0.000377 0.033298 0.000004
0.046644 0.686623 0.148337 0.084133 0.000377 0.033883 0.000003
0.046788 0.683161 0.150052 0.084886 0.000399 0.034709 0.000004
0.046582 0.679730 0.151737 0.085946 0.000412 0.035592 0.000003
0.049950 0.676322 0.151598 0.085911 0.000397 0.035818 0.000004
0.046863 0.673311 0.154647 0.087551 0.000433 0.037193 0.000003
0.054588 0.666822 0.153770 0.087152 0.000437 0.037227 0.000004
0.059988 0.661949 0.153419 0.086823 0.000428 0.037390 0.000003
0.057504 0.659831 0.155551 0.088119 0.000452 0.038537 0.000005
0.059917 0.657115 0.155485 0.088113 0.000441 0.038925 0.000005
0.061510 0.653362 0.156451 0.088771 0.000446 0.039456 0.000004
0.059247 0.654479 0.156923 0.089015 0.000464 0.039869 0.000003
0.064689 0.647449 0.157612 0.089357 0.000472 0.040418 0.000004
0.057848 0.650005 0.159593 0.090637 0.000474 0.041438 0.000005
0.060484 0.644756 0.160738 0.091359 0.000497 0.042163 0.000003
0.055088 0.647220 0.162234 0.092126 0.000500 0.042829 0.000003
0.054339 0.646278 0.163086 0.092350 0.000506 0.043437 0.000003
0.057442 0.642669 0.163007 0.092515 0.000506 0.043858 0.000004
0.052465 0.643430 0.165383 0.093366 0.000522 0.044831 0.000003
0.049631 0.641665 0.167258 0.094780 0.000551 0.046111 0.000004
0.046201 0.641632 0.169196 0.095718 0.000530 0.046719 0.000004
0.045767 0.640505 0.169643 0.095992 0.000564 0.047524 0.000005
0.042785 0.641002 0.170842 0.096865 0.000563 0.047940 0.000004
0.042732 0.638469 0.171920 0.097460 0.000582 0.048832 0.000005
0.038303 0.636581 0.175012 0.099138 0.000587 0.050373 0.000007
0.037576 0.636081 0.175274 0.099596 0.000582 0.050887 0.000005
0.037610 0.633318 0.176526 0.100086 0.000607 0.051847 0.000006
0.035747 0.632748 0.177662 0.100805 0.000635 0.052397 0.000006
0.032895 0.631109 0.179589 0.102127 0.000646 0.053627 0.000006
0.032893 0.629584 0.180469 0.102174 0.000631 0.054242 0.000007
0.030675 0.628290 0.181951 0.103171 0.000662 0.055245 0.000007
0.030606 0.625463 0.183193 0.103837 0.000659 0.056236 0.000006
0.029468 0.624730 0.184153 0.104295 0.000641 0.056706 0.000007
0.028103 0.623361 0.185512 0.104915 0.000675 0.057427 0.000006
0.027553 0.619858 0.187162 0.106053 0.000677 0.058691 0.000006
0.025476 0.619056 0.188637 0.106676 0.000688 0.059461 0.000006
0.025287 0.616456 0.189810 0.107376 0.000710 0.060355 0.000006
0.024812 0.614509 0.190601 0.108103 0.000717 0.061250 0.000007
0.024087 0.611954 0.192141 0.108854 0.000727 0.062231 0.000007
0.024188 0.609472 0.192836 0.109488 0.000736 0.063275 0.000005
0.023413 0.607533 0.193952 0.110267 0.000745 0.064083 0.000007
0.023071 0.605959 0.195051 0.110586 0.000757 0.064570 0.000007
0.022591 0.605026 0.195435 0.110762 0.000767 0.065412 0.000006
0.022106 0.602358 0.196850 0.111626 0.000769 0.066283 0.000008
0.022151 0.600478 0.197585 0.112154 0.000796 0.066827 0.000008
0.020953 0.596806 0.199697 0.113394 0.000809 0.068334 0.000007
0.021165 0.595454 0.200129 0.113330 0.000820 0.069095 0.000006
0.020549 0.592682 0.201773 0.114039 0.000820 0.070129 0.000008
0.020108 0.591668 0.202080 0.114415 0.000820 0.070901 0.000008
0.019528 0.588061 0.203609 0.115537 0.000867 0.072392 0.000007
0.020026 0.587731 0.203493 0.115396 0.000873 0.072474 0.000007
0.019581 0.585568 0.204766 0.115975 0.000874 0.073230 0.000006
0.019163 0.582277 0.206208 0.116810 0.000875 0.074658 0.000008
0.018827 0.581217 0.206773 0.116991 0.000893 0.075293 0.000007
0.018391 0.577317 0.208589 0.118162 0.000916 0.076618 0.000008
0.018429 0.576079 0.208923 0.118265 0.000917 0.077380 0.000007
0.018380 0.574458 0.209317 0.118732 0.000908 0.078197 0.000007
0.018016 0.572013 0.210727 0.119133 0.000933 0.079168 0.000010
0.017958 0.570012 0.211333 0.119610 0.000943 0.080134 0.000009
0.017865 0.570106 0.211302 0.119687 0.000927 0.080105 0.000007
0.017566 0.565533 0.213184 0.120716 0.000939 0.082054 0.000008
0.017202 0.563791 0.213908 0.121392 0.000962 0.082737 0.000008
0.017015 0.560696 0.215329 0.121906 0.000969 0.084077 0.000008
0.016933 0.559031 0.215841 0.122507 0.000982 0.084697 0.000009
0.016842 0.557442 0.216444 0.122711 0.001002 0.085548 0.000010
0.016640 0.554742 0.217382 0.123405 0.000992 0.086830 0.000009
0.016524 0.553382 0.217797 0.123629 0.001000 0.087659 0.000008
0.016502 0.550744 0.218880 0.124282 0.000991 0.088593 0.000007
0.016112 0.548329 0.220021 0.124788 0.001008 0.089731 0.000010
0.016410 0.548926 0.219368 0.124628 0.001023 0.089634 0.000012
0.016288 0.547054 0.220020 0.124868 0.001041 0.090718 0.000011
0.016099 0.544969 0.220854 0.125406 0.001038 0.091624 0.000010
0.015826 0.541815 0.222114 0.126187 0.001034 0.093012 0.000012
0.015585 0.538614 0.223430 0.126806 0.001069 0.094481 0.000014
0.015388 0.536518 0.224166 0.127267 0.001086 0.095563 0.000011
0.015625 0.535849 0.224403 0.127295 0.001083 0.095736 0.000010
0.015383 0.532979 0.225417 0.127834 0.001106 0.097269 0.000012
0.015393 0.532799 0.225570 0.127944 0.001078 0.097206 0.000010
0.015185 0.530096 0.226497 0.128361 0.001123 0.098726 0.000012
0.015142 0.528054 0.227131 0.128818 0.001126 0.099718 0.000011
0.014988 0.525001 0.228248 0.129547 0.001154 0.101047 0.000015
0.014882 0.523449 0.228710 0.129971 0.001174 0.101802 0.000012
0.014672 0.521149 0.229732 0.130153 0.001156 0.103125 0.000013
0.014784 0.518249 0.230383 0.130892 0.001183 0.104495 0.000014
0.014683 0.517029 0.230865 0.131323 0.001194 0.104889 0.000016
0.014506 0.517259 0.230970 0.131076 0.001183 0.104994 0.000013
0.014487 0.513715 0.232030 0.131793 0.001203 0.106758 0.000015
0.014382 0.512000 0.232482 0.132242 0.001207 0.107673 0.000014
0.014286 0.510000 0.232901 0.132829 0.001225 0.108744 0.000015
0.014442 0.509257 0.233565 0.132398 0.001240 0.109086 0.000013
0.014064 0.506303 0.234546 0.133267 0.001253 0.110553 0.000014
0.014061 0.505079 0.234705 0.133461 0.001258 0.111420 0.000014
0.014035 0.504164 0.235104 0.133601 0.001265 0.111816 0.000015
0.013934 0.501578 0.236013 0.134026 0.001280 0.113157 0.000012
0.013916 0.500124 0.236010 0.134447 0.001307 0.114180 0.000016
0.013872 0.497129 0.237245 0.135004 0.001330 0.115404 0.000016
0.013682 0.494517 0.238457 0.135190 0.001341 0.116797 0.000016
0.013626 0.495479 0.237742 0.135021 0.001320 0.116799 0.000014
0.013691 0.492696 0.238452 0.135636 0.001377 0.118135 0.000013
0.013553 0.489605 0.239544 0.136305 0.001358 0.119622 0.000014
0.013504 0.488114 0.239707 0.136626 0.001377 0.120657 0.000014
0.013422 0.485817 0.240682 0.136985 0.001398 0.121682 0.000014
0.013409 0.484444 0.240820 0.137229 0.001387 0.122699 0.000013
0.013430 0.482641 0.241747 0.137217 0.001420 0.123528 0.000017
0.013422 0.480960 0.242323 0.137462 0.001426 0.124392 0.000015
0.013314 0.479581 0.242265 0.137886 0.001434 0.125507 0.000013
0.013212 0.477209 0.243334 0.138181 0.001452 0.126598 0.000014
0.013400 0.475814 0.243331 0.138392 0.001464 0.127587 0.000013
0.013114 0.473817 0.244442 0.138485 0.001464 0.128664 0.000014
0.013129 0.471431 0.244947 0.139103 0.001481 0.129890 0.000018
0.013107 0.469366 0.245279 0.139600 0.001492 0.131141 0.000016
0.013112 0.467473 0.245696 0.139962 0.001515 0.132225 0.000017
0.013067 0.468028 0.245614 0.139466 0.001511 0.132301 0.000014
0.012970 0.465301 0.246542 0.140033 0.001507 0.133632 0.000015
0.012965 0.463614 0.246750 0.140222 0.001522 0.134910 0.000017
0.012858 0.460886 0.247817 0.140525 0.001556 0.136341 0.000017
0.012887 0.460472 0.247762 0.140526 0.001578 0.136760 0.000015
0.012945 0.459511 0.247817 0.140846 0.001598 0.137266 0.000016
0.012794 0.456539 0.248848 0.141267 0.001585 0.138952 0.000015
0.012849 0.453662 0.249745 0.141682 0.001631 0.140411 0.000020
0.012765 0.452936 0.249813 0.141719 0.001632 0.141119 0.000016
0.012743 0.451259 0.250134 0.141946 0.001632 0.142268 0.000017
0.012676 0.450219 0.250112 0.142254 0.001645 0.143075 0.000018
0.012673 0.448944 0.250653 0.142301 0.001659 0.143751 0.000019
0.012653 0.446322 0.251367 0.142631 0.001674 0.145336 0.000016
0.012529 0.444786 0.251557 0.143019 0.001682 0.146407 0.000019
0.012657 0.444931 0.251550 0.142886 0.001684 0.146273 0.000019
0.012419 0.441746 0.252338 0.143228 0.001739 0.148510 0.000022
0.012555 0.440514 0.252837 0.143431 0.001709 0.148933 0.000020
0.012488 0.438734 0.252937 0.143673 0.001707 0.150444 0.000018
0.012427 0.436979 0.253794 0.143923 0.001746 0.151108 0.000022
0.012445 0.435806 0.253855 0.144074 0.001769 0.152030 0.000022
0.012414 0.433528 0.254650 0.144283 0.001769 0.153335 0.000021
0.012551 0.433485 0.254372 0.144184 0.001780 0.153607 0.000022
0.012288 0.430004 0.255493 0.144743 0.001811 0.155635 0.000026
0.012398 0.428137 0.255417 0.145252 0.001826 0.156946 0.000024
0.012201 0.428018 0.255617 0.145131 0.001809 0.157201 0.000023
0.012281 0.426965 0.255751 0.145419 0.001844 0.157717 0.000023
0.012244 0.424609 0.256562 0.145425 0.001838 0.159298 0.000024
0.012170 0.423270 0.256680 0.145535 0.001862 0.160457 0.000025
0.012170 0.422098 0.256974 0.145532 0.001846 0.161353 0.000027
0.012313 0.418990 0.257581 0.146025 0.001872 0.163194 0.000026
0.012414 0.418616 0.257855 0.145919 0.001890 0.163280 0.000026
0.012134 0.415873 0.258049 0.146486 0.001880 0.165552 0.000025
0.011989 0.415008 0.258668 0.146671 0.001886 0.165755 0.000024
0.012162 0.413925 0.258671 0.146584 0.001916 0.166718 0.000026
0.012098 0.412485 0.259106 0.146843 0.001893 0.167550 0.000025
0.012256 0.409970 0.259409 0.146924 0.001965 0.169448 0.000029
0.012030 0.409360 0.259399 0.147284 0.001971 0.169929 0.000026
0.011978 0.407320 0.260070 0.147437 0.001968 0.171201 0.000025
0.012087 0.406938 0.259884 0.147413 0.001990 0.171658 0.000030
0.012089 0.405597 0.260092 0.147812 0.001975 0.172408 0.000028
0.012063 0.403212 0.260842 0.147882 0.002024 0.173950 0.000027
0.011879 0.400999 0.261210 0.148150 0.002032 0.175700 0.000030
0.011936 0.399700 0.261125 0.148306 0.002043 0.176861 0.000030
0.011825 0.398955 0.261543 0.148208 0.002036 0.177402 0.000031
0.011923 0.397244 0.261650 0.148499 0.002021 0.178633 0.000029
0.011890 0.396045 0.261575 0.148461 0.002057 0.179941 0.000032
0.011889 0.394566 0.261812 0.148726 0.002113 0.180861 0.000033
0.011804 0.394374 0.261904 0.148566 0.002107 0.181215 0.000030
0.013312 0.391576 0.261977 0.148614 0.002063 0.182423 0.000036
0.024674 0.387051 0.258408 0.146772 0.002076 0.180987 0.000032
0.024956 0.385347 0.258599 0.146854 0.002065 0.182145 0.000035
0.026642 0.383285 0.258312 0.146586 0.002077 0.183062 0.000035
0.028174 0.382211 0.257790 0.146522 0.002099 0.183166 0.000037
0.026922 0.382140 0.258246 0.146580 0.002084 0.183993 0.000035
0.040534 0.376126 0.254178 0.144156 0.002071 0.182900 0.000035
0.037974 0.378494 0.254367 0.144565 0.002074 0.182491 0.000036
0.037008 0.376104 0.254982 0.144449 0.002084 0.185338 0.000035
0.036413 0.376310 0.254970 0.144737 0.002093 0.185444 0.000032
0.035590 0.376244 0.254998 0.144860 0.002108 0.186169 0.000032
0.040333 0.373843 0.253486 0.143977 0.002098 0.186230 0.000034
0.047570 0.371443 0.250926 0.142371 0.002119 0.185537 0.000035
0.046476 0.371320 0.251470 0.142162 0.002123 0.186419 0.000030
0.046291 0.370802 0.250955 0.142240 0.002133 0.187545 0.000034
0.045373 0.372127 0.250879 0.142238 0.002102 0.187250 0.000031
0.041554 0.371951 0.252034 0.142932 0.002140 0.189357 0.000032
0.044657 0.370282 0.251195 0.141799 0.002139 0.189891 0.000037
0.038166 0.370492 0.253496 0.143521 0.002158 0.192136 0.000031
0.039847 0.370788 0.252541 0.142603 0.002163 0.192023 0.000035
0.037924 0.370488 0.252755 0.143291 0.002147 0.193357 0.000039
0.035187 0.369902 0.253507 0.143373 0.002184 0.195810 0.000037
0.033036 0.371230 0.254006 0.143774 0.002219 0.195700 0.000036
0.030218 0.368751 0.255647 0.144747 0.002231 0.198371 0.000034
0.027434 0.366904 0.257029 0.145604 0.002244 0.200750 0.000035
0.026036 0.367397 0.257334 0.145672 0.002247 0.201276 0.000038
0.027387 0.366999 0.256458 0.145133 0.002261 0.201727 0.000035
0.023825 0.365068 0.258242 0.146279 0.002321 0.204228 0.000038
0.023350 0.364915 0.258264 0.146534 0.002283 0.204614 0.000040
0.022078 0.363231 0.259036 0.146653 0.002295 0.206672 0.000036
0.021749 0.362340 0.259160 0.146864 0.002296 0.207555 0.000036
0.020721 0.359878 0.260011 0.147326 0.002317 0.209705 0.000041
0.020587 0.361005 0.259174 0.147048 0.002348 0.209797 0.000040
0.019680 0.358433 0.260356 0.147630 0.002376 0.211482 0.000042
0.017465 0.356600 0.261537 0.148528 0.002355 0.213471 0.000043
0.017387 0.356196 0.261669 0.148277 0.002372 0.214057 0.000042
0.016550 0.352298 0.263007 0.148877 0.002421 0.216806 0.000040
0.018126 0.354575 0.260975 0.148008 0.002415 0.215857 0.000044
0.016129 0.350556 0.262783 0.148936 0.002427 0.219128 0.000041
0.015946 0.348897 0.263117 0.149188 0.002467 0.220340 0.000045
0.015158 0.347803 0.263730 0.149597 0.002488 0.221178 0.000046
0.017356 0.348276 0.262531 0.148471 0.002451 0.220872 0.000044
0.023167 0.343219 0.261687 0.148443 0.002464 0.220983 0.000038
0.028680 0.340525 0.259935 0.147510 0.002455 0.220852 0.000043
0.025101 0.344051 0.259899 0.147110 0.002473 0.221329 0.000035
0.029094 0.339753 0.259723 0.146776 0.002465 0.222148 0.000040
0.030071 0.340274 0.258637 0.146639 0.002483 0.221851 0.000045
0.025583 0.338428 0.260247 0.147673 0.002537 0.225492 0.000040
0.030635 0.336852 0.258859 0.146711 0.002499 0.224402 0.000042
0.024849 0.335964 0.261268 0.147758 0.002501 0.227615 0.000044
0.024304 0.334728 0.261260 0.148139 0.002529 0.228994 0.000045
0.025987 0.335718 0.259754 0.147290 0.002606 0.228603 0.000042
0.023746 0.334128 0.260733 0.147751 0.002555 0.231039 0.000046
0.022812 0.335236 0.260961 0.147508 0.002560 0.230877 0.000046
0.022491 0.332523 0.261733 0.148077 0.002564 0.232567 0.000045
0.023757 0.332209 0.260766 0.147904 0.002572 0.232746 0.000046
0.018991 0.329391 0.263154 0.148999 0.002616 0.236800 0.000050
0.022196 0.330621 0.261108 0.147752 0.002645 0.235628 0.000049
0.018637 0.328924 0.262948 0.148782 0.002677 0.237984 0.000048
0.020359 0.329981 0.261147 0.148242 0.002666 0.237562 0.000043
0.017979 0.326392 0.262872 0.149315 0.002704 0.240691 0.000047
0.018244 0.326725 0.262747 0.149059 0.002665 0.240517 0.000043
0.017081 0.324637 0.263478 0.149547 0.002686 0.242519 0.000052
0.016225 0.321166 0.264560 0.149894 0.002691 0.245414 0.000050
0.022665 0.320932 0.261865 0.148489 0.002721 0.243278 0.000050
0.030492 0.319559 0.259174 0.146671 0.002689 0.241364 0.000052
0.032188 0.316820 0.258954 0.146711 0.002656 0.242625 0.000046
0.025817 0.317617 0.260536 0.148215 0.002717 0.245042 0.000055
0.030761 0.317755 0.258421 0.146839 0.002664 0.243506 0.000053
0.029732 0.315919 0.259021 0.146867 0.002709 0.245705 0.000048
0.028877 0.315534 0.259240 0.147026 0.002702 0.246568 0.000053
0.026414 0.311470 0.260872 0.147629 0.002805 0.250756 0.000055
0.025211 0.312921 0.260676 0.147817 0.002775 0.250548 0.000053
0.023264 0.310769 0.262345 0.148677 0.002797 0.252098 0.000050
0.022141 0.313003 0.261446 0.148321 0.002807 0.252228 0.000053
0.023169 0.310076 0.261244 0.147877 0.002798 0.254779 0.000058
0.024177 0.312354 0.259917 0.147459 0.002799 0.253240 0.000054
0.018958 0.309505 0.262309 0.148799 0.002846 0.257529 0.000054
0.021762 0.308761 0.261229 0.148054 0.002870 0.257271 0.000054
0.020159 0.309042 0.261768 0.148500 0.002862 0.257614 0.000055
0.021076 0.305720 0.261878 0.148368 0.002868 0.260034 0.000057
0.020294 0.308319 0.261172 0.148173 0.002834 0.259153 0.000054
0.017514 0.307968 0.261987 0.148629 0.002868 0.260972 0.000061
0.018252 0.303855 0.262263 0.148852 0.002915 0.263800 0.000062
0.016378 0.302385 0.263194 0.149372 0.002897 0.265715 0.000057
0.015466 0.300948 0.263970 0.149490 0.002950 0.267118 0.000059
0.016803 0.302379 0.262599 0.148895 0.002908 0.266356 0.000060
0.015365 0.297739 0.264256 0.149763 0.002921 0.269894 0.000062
0.014117 0.297501 0.264901 0.149962 0.002942 0.270519 0.000059
0.014165 0.296538 0.264452 0.149989 0.002949 0.271847 0.000060
0.013944 0.294718 0.264652 0.150015 0.002953 0.273652 0.000065
0.013958 0.295659 0.264118 0.149738 0.002935 0.273538 0.000054
0.014202 0.294350 0.263872 0.149843 0.003003 0.274669 0.000061
0.013984 0.292173 0.264440 0.149750 0.003023 0.276568 0.000062
0.012630 0.289064 0.265849 0.150606 0.003066 0.278723 0.000062
0.013753 0.290494 0.264347 0.149719 0.003038 0.278584 0.000066
0.013456 0.288631 0.264774 0.149495 0.003083 0.280495 0.000067
0.013057 0.288224 0.264556 0.149942 0.003069 0.281091 0.000061
0.013266 0.289941 0.263696 0.149357 0.003057 0.280622 0.000060
0.012693 0.284882 0.265212 0.150076 0.003062 0.284013 0.000061
0.012221 0.283083 0.265714 0.150467 0.003098 0.285352 0.000064
0.013174 0.282940 0.264545 0.149832 0.003058 0.286389 0.000063
0.012778 0.283732 0.264314 0.150019 0.003058 0.286036 0.000063
0.012162 0.279097 0.265436 0.150540 0.003117 0.289576 0.000071
0.012133 0.278401 0.265523 0.150565 0.003130 0.290177 0.000070
0.012109 0.279049 0.265386 0.150282 0.003104 0.290005 0.000065
0.011813 0.274297 0.265906 0.151234 0.003130 0.293552 0.000068
0.012378 0.276350 0.264968 0.150282 0.003141 0.292809 0.000071
0.012230 0.278284 0.264657 0.149823 0.003076 0.291858 0.000071
0.012044 0.276554 0.264845 0.150203 0.003146 0.293139 0.000069
0.012253 0.276883 0.264432 0.149914 0.003164 0.293281 0.000073
0.012188 0.273472 0.264894 0.149920 0.003138 0.296316 0.000072
0.012157 0.272428 0.265066 0.149923 0.003197 0.297163 0.000065
0.011902 0.270599 0.265112 0.150180 0.003190 0.298949 0.000068
0.011903 0.269015 0.264860 0.150144 0.003219 0.300789 0.000070
0.011837 0.267614 0.264955 0.150157 0.003228 0.302142 0.000068
0.011731 0.266206 0.265121 0.150318 0.003249 0.303310 0.000065
0.011827 0.266550 0.264692 0.150025 0.003235 0.303601 0.000070
0.011919 0.265277 0.265167 0.149665 0.003249 0.304654 0.000070
0.012050 0.266733 0.264183 0.149265 0.003249 0.304453 0.000067
0.012126 0.264668 0.264436 0.149526 0.003271 0.305906 0.000067
0.011872 0.263362 0.264537 0.149720 0.003229 0.307208 0.000072
0.011930 0.261213 0.264366 0.149863 0.003255 0.309299 0.000074
0.011824 0.260969 0.264399 0.149404 0.003281 0.310048 0.000076
0.012077 0.259146 0.264269 0.149377 0.003267 0.311787 0.000078
0.012107 0.258906 0.263848 0.149462 0.003301 0.312301 0.000075
0.012190 0.259421 0.263548 0.149149 0.003247 0.312369 0.000076
0.012005 0.257258 0.263998 0.149281 0.003292 0.314085 0.000080
0.012107 0.258468 0.263611 0.148827 0.003287 0.313618 0.000081
0.012064 0.256312 0.263840 0.149231 0.003314 0.315161 0.000078
0.012104 0.253010 0.263833 0.149197 0.003379 0.318398 0.000078
0.012092 0.253184 0.263545 0.149030 0.003324 0.318740 0.000085
0.012084 0.251719 0.263738 0.148941 0.003371 0.320066 0.000081
0.012234 0.253995 0.262541 0.148386 0.003373 0.319389 0.000082
0.012094 0.252758 0.263031 0.148446 0.003315 0.320273 0.000084
0.012180 0.252671 0.262337 0.148263 0.003333 0.321125 0.000090
0.011970 0.249658 0.262764 0.148433 0.003347 0.323738 0.000089
0.012086 0.248061 0.262967 0.148661 0.003398 0.324740 0.000086
0.012137 0.248916 0.262208 0.148377 0.003367 0.324913 0.000083
0.012133 0.247269 0.262367 0.148607 0.003399 0.326136 0.000089
0.012033 0.242981 0.263214 0.148613 0.003413 0.329658 0.000088
0.012242 0.245839 0.262016 0.148289 0.003422 0.328100 0.000091
0.012304 0.246506 0.261510 0.148157 0.003401 0.328035 0.000088
0.012133 0.244134 0.261956 0.148165 0.003423 0.330101 0.000088
0.012127 0.243949 0.261819 0.147819 0.003401 0.330803 0.000083
0.012191 0.241092 0.261916 0.148178 0.003446 0.333090 0.000088
0.012256 0.242087 0.261590 0.147709 0.003436 0.332837 0.000086
0.012222 0.241664 0.261365 0.147627 0.003443 0.333587 0.000092
0.012361 0.241010 0.261088 0.147633 0.003424 0.334390 0.000094
0.012242 0.237726 0.261243 0.148040 0.003476 0.337172 0.000100
0.012333 0.236841 0.261101 0.147780 0.003483 0.338370 0.000092
0.012369 0.237569 0.260726 0.147343 0.003497 0.338402 0.000094
0.012361 0.237009 0.260663 0.147362 0.003475 0.339031 0.000098
0.012432 0.236263 0.260530 0.147396 0.003467 0.339815 0.000097
0.012531 0.236972 0.260159 0.147188 0.003472 0.339582 0.000095
0.012289 0.233063 0.260605 0.147361 0.003520 0.343062 0.000099
0.012509 0.234917 0.259870 0.147207 0.003512 0.341882 0.000103
0.012391 0.233159 0.260138 0.147188 0.003514 0.343508 0.000102
0.012404 0.230083 0.259922 0.147134 0.003563 0.346801 0.000093
0.012482 0.230243 0.259732 0.147054 0.003508 0.346890 0.000090
0.012416 0.232449 0.258813 0.146826 0.003515 0.345888 0.000093
0.012635 0.230312 0.259211 0.146672 0.003537 0.347530 0.000103
0.012620 0.230075 0.258659 0.146328 0.003566 0.348648 0.000104
0.012513 0.229206 0.258883 0.146432 0.003556 0.349314 0.000097
0.012397 0.227512 0.258795 0.146376 0.003585 0.351235 0.000100
0.012627 0.225564 0.258569 0.146398 0.003592 0.353156 0.000093
0.012554 0.224453 0.258468 0.146163 0.003598 0.354664 0.000101
0.012659 0.226745 0.257809 0.146428 0.003573 0.352683 0.000102
0.012661 0.224001 0.258093 0.146334 0.003619 0.355191 0.000101
0.012727 0.222018 0.258396 0.146122 0.003649 0.356989 0.000100
0.012792 0.222878 0.257473 0.145885 0.003608 0.357263 0.000100
0.012949 0.222675 0.257318 0.145743 0.003620 0.357590 0.000105
0.012984 0.222734 0.256749 0.145848 0.003626 0.357959 0.000100
0.012789 0.220927 0.257319 0.145735 0.003623 0.359506 0.000101
0.012914 0.220843 0.256661 0.145185 0.003635 0.360659 0.000103
0.012783 0.219288 0.256966 0.145438 0.003651 0.361766 0.000109
0.012940 0.219559 0.256676 0.145036 0.003646 0.362035 0.000107
0.012991 0.216041 0.256712 0.145280 0.003675 0.365195 0.000106
0.012939 0.219017 0.256030 0.144860 0.003632 0.363411 0.000112
0.013169 0.218766 0.255676 0.144655 0.003746 0.363874 0.000113
0.013054 0.216025 0.255181 0.144856 0.003666 0.367105 0.000113
0.013104 0.217006 0.255416 0.144996 0.003685 0.365680 0.000114
0.013058 0.213045 0.255303 0.144724 0.003728 0.370025 0.000117
0.013150 0.215112 0.254992 0.144589 0.003716 0.368323 0.000119
0.013041 0.214730 0.254821 0.144208 0.003709 0.369373 0.000117
0.013075 0.212308 0.254756 0.144710 0.003763 0.371265 0.000122
0.013303 0.212566 0.254723 0.144038 0.003726 0.371535 0.000109
0.013270 0.211799 0.253987 0.143717 0.003760 0.373350 0.000117
0.013187 0.211348 0.254016 0.143838 0.003730 0.373761 0.000121
0.013237 0.209050 0.253847 0.143965 0.003757 0.376029 0.000116
0.013277 0.209623 0.253292 0.143592 0.003800 0.376300 0.000116
0.013404 0.209727 0.252738 0.143419 0.003756 0.376842 0.000115
0.013279 0.208849 0.253112 0.143440 0.003791 0.377410 0.000119
0.013411 0.207769 0.252993 0.143308 0.003779 0.378622 0.000118
0.013416 0.206358 0.252451 0.143228 0.003807 0.380615 0.000124
0.013336 0.204744 0.252359 0.143305 0.003817 0.382309 0.000130
0.013519 0.205553 0.251930 0.142889 0.003757 0.382214 0.000138
0.013476 0.205339 0.252289 0.142704 0.003781 0.382293 0.000117
0.013541 0.203182 0.252100 0.142882 0.003785 0.384380 0.000129
0.013507 0.202428 0.251768 0.142630 0.003842 0.385689 0.000135
0.013575 0.202778 0.251336 0.142608 0.003827 0.385755 0.000121
0.013605 0.201712 0.251319 0.142368 0.003869 0.386994 0.000133
0.013708 0.201999 0.251116 0.142404 0.003852 0.386786 0.000134
0.013759 0.201436 0.250670 0.141783 0.003885 0.388336 0.000132
0.013570 0.199353 0.250548 0.142050 0.003884 0.390461 0.000134
0.013519 0.200556 0.250514 0.142129 0.003874 0.389275 0.000133
0.013731 0.199119 0.250010 0.141742 0.003893 0.391379 0.000126
0.013773 0.199463 0.250119 0.141629 0.003871 0.391010 0.000135
0.013735 0.196983 0.249829 0.141549 0.003950 0.393820 0.000135
0.013735 0.198571 0.249220 0.141491 0.003918 0.392928 0.000138
0.013850 0.197949 0.248844 0.140845 0.003934 0.394440 0.000136
0.013996 0.196734 0.249173 0.140962 0.003939 0.395057 0.000139
0.013992 0.195548 0.248613 0.140661 0.003988 0.397053 0.000145
0.013925 0.194423 0.248612 0.140967 0.003935 0.398000 0.000139
0.013976 0.194838 0.248574 0.140709 0.003966 0.397804 0.000134
0.013737 0.194324 0.247967 0.140542 0.003937 0.399352 0.000141
0.013783 0.194695 0.248030 0.140700 0.003938 0.398719 0.000135
0.014007 0.191850 0.247831 0.140391 0.004013 0.401766 0.000142
0.013981 0.191223 0.247254 0.140244 0.004027 0.403130 0.000141
0.014261 0.192057 0.247257 0.139733 0.004037 0.402519 0.000136
0.014169 0.190799 0.247279 0.139969 0.003992 0.403649 0.000143
0.014025 0.191452 0.246487 0.139889 0.004007 0.404002 0.000137
0.014155 0.189034 0.246280 0.139631 0.004067 0.406692 0.000141
0.014221 0.189478 0.245943 0.139675 0.003979 0.406569 0.000135
0.014380 0.187979 0.245915 0.139335 0.004075 0.408172 0.000144
0.014248 0.187770 0.245538 0.139328 0.004006 0.408967 0.000143
0.014255 0.188720 0.245459 0.139181 0.004033 0.408205 0.000147
0.014272 0.187470 0.245356 0.138962 0.004010 0.409788 0.000142
0.014222 0.186575 0.245091 0.139052 0.004080 0.410834 0.000146
0.014395 0.187156 0.244928 0.138972 0.004079 0.410325 0.000145
0.014432 0.185272 0.244820 0.138591 0.004044 0.412692 0.000149
0.014456 0.184959 0.244171 0.138517 0.004122 0.413634 0.000142
0.014421 0.183528 0.244388 0.138238 0.004135 0.415148 0.000142
0.014524 0.183523 0.243840 0.138205 0.004099 0.415666 0.000144
0.014502 0.182760 0.243801 0.137909 0.004111 0.416760 0.000156
0.014666 0.183031 0.243497 0.138161 0.004117 0.416384 0.000144
0.014835 0.182748 0.242756 0.137853 0.004155 0.417503 0.000150
0.014818 0.182002 0.242981 0.137851 0.004154 0.418046 0.000148
0.014633 0.181597 0.242283 0.137311 0.004174 0.419847 0.000155
0.014604 0.181247 0.242449 0.137229 0.004179 0.420143 0.000150
0.014742 0.180643 0.242225 0.137232 0.004135 0.420869 0.000154
0.014750 0.179705 0.242109 0.137056 0.004157 0.422070 0.000154
0.014805 0.180481 0.241866 0.137073 0.004123 0.421499 0.000153
0.014999 0.178189 0.241584 0.136698 0.004139 0.424244 0.000147
0.014915 0.177557 0.241109 0.136586 0.004205 0.425479 0.000149
0.014977 0.176797 0.240884 0.136740 0.004191 0.426254 0.000156
0.015043 0.176259 0.240810 0.136458 0.004186 0.427101 0.000143
0.015019 0.177134 0.240328 0.136351 0.004169 0.426841 0.000158
0.015125 0.174433 0.240046 0.136302 0.004210 0.429726 0.000158
0.015169 0.174443 0.239834 0.136224 0.004239 0.429927 0.000164
0.015209 0.173219 0.239359 0.135946 0.004175 0.431930 0.000162
0.015223 0.174613 0.239366 0.135708 0.004246 0.430691 0.000153
0.015195 0.172885 0.238832 0.135433 0.004254 0.433241 0.000161
0.015200 0.172457 0.238761 0.135611 0.004259 0.433560 0.000152
0.015298 0.173266 0.238630 0.135222 0.004231 0.433199 0.000154
0.015393 0.173560 0.238508 0.135255 0.004264 0.432855 0.000164
0.015374 0.171755 0.238304 0.134574 0.004263 0.435573 0.000157
0.015421 0.172532 0.238000 0.135053 0.004242 0.434601 0.000151
0.015476 0.170814 0.237245 0.134738 0.004300 0.437268 0.000159
0.015425 0.170228 0.237307 0.134490 0.004244 0.438154 0.000151
0.015516 0.170750 0.237333 0.134389 0.004318 0.437530 0.000164
0.015549 0.169929 0.236852 0.134268 0.004348 0.438882 0.000173
0.015586 0.168837 0.236546 0.134083 0.004332 0.440454 0.000163
0.015675 0.168011 0.236373 0.134120 0.004295 0.441365 0.000161
0.015469 0.169550 0.236069 0.134021 0.004328 0.440401 0.000163
0.015666 0.167003 0.235988 0.133583 0.004296 0.443297 0.000167
0.015636 0.166792 0.235660 0.133741 0.004325 0.443695 0.000151
0.015865 0.165686 0.235725 0.133449 0.004320 0.444788 0.000167
0.015756 0.165727 0.235393 0.133509 0.004361 0.445096 0.000157
0.015620 0.167067 0.235064 0.133210 0.004326 0.444557 0.000155
0.015801 0.164783 0.234574 0.132747 0.004306 0.447626 0.000162
0.015814 0.164927 0.234460 0.132658 0.004404 0.447578 0.000159
0.015727 0.165116 0.234135 0.132762 0.004343 0.447741 0.000176
0.015841 0.164960 0.233904 0.132660 0.004364 0.448118 0.000153
0.016102 0.163430 0.233264 0.132539 0.004370 0.450139 0.000154
0.015823 0.162934 0.233460 0.132224 0.004384 0.451008 0.000167
0.015842 0.163536 0.233107 0.132217 0.004322 0.450814 0.000163
0.016032 0.161424 0.232536 0.132154 0.004397 0.453290 0.000167
0.016113 0.162729 0.232488 0.131757 0.004386 0.452355 0.000172
0.016010 0.160979 0.232316 0.131837 0.004407 0.454284 0.000167
0.016196 0.160105 0.231861 0.131446 0.004454 0.455770 0.000169
0.016182 0.159579 0.231591 0.131334 0.004400 0.456750 0.000164
0.016367 0.160233 0.231378 0.131422 0.004438 0.456002 0.000161
0.016364 0.158647 0.230796 0.131274 0.004366 0.458371 0.000182
0.016534 0.159016 0.230953 0.130990 0.004459 0.457877 0.000170
0.016181 0.159897 0.231144 0.130880 0.004465 0.457258 0.000177
0.016425 0.159323 0.230699 0.130958 0.004423 0.457992 0.000180
0.016496 0.158375 0.230349 0.130743 0.004388 0.459479 0.000170
0.016603 0.156515 0.229858 0.130289 0.004504 0.462051 0.000181
0.016577 0.156560 0.229619 0.130268 0.004462 0.462338 0.000177
0.016526 0.156122 0.228996 0.129708 0.004473 0.464002 0.000173
0.016460 0.155032 0.229040 0.129979 0.004496 0.464812 0.000182
0.016654 0.156569 0.229168 0.129835 0.004419 0.463185 0.000170
0.016617 0.155543 0.228809 0.129745 0.004445 0.464665 0.000176
0.016758 0.155319 0.227668 0.129525 0.004503 0.466046 0.000180
0.016517 0.154279 0.228213 0.129341 0.004505 0.466980 0.000164
0.016656 0.153299 0.227535 0.129147 0.004557 0.468622 0.000184
0.016775 0.152959 0.227431 0.128893 0.004511 0.469248 0.000183
0.016818 0.153423 0.226647 0.128758 0.004527 0.469645 0.000182
0.016911 0.152939 0.226851 0.128782 0.004538 0.469794 0.000184
0.016748 0.153121 0.226823 0.128844 0.004484 0.469793 0.000187
0.016819 0.152431 0.225997 0.128154 0.004557 0.471866 0.000176
0.017040 0.151779 0.225535 0.128347 0.004523 0.472594 0.000183
0.016939 0.152052 0.225465 0.128255 0.004528 0.472579 0.000183
0.016828 0.151904 0.225673 0.128107 0.004508 0.472787 0.000194
0.017196 0.150723 0.225197 0.127722 0.004568 0.474412 0.000182
0.017044 0.149475 0.224477 0.127565 0.004587 0.476662 0.000190
0.017202 0.149011 0.224888 0.127335 0.004551 0.476819 0.000193
0.017133 0.148792 0.224217 0.126888 0.004594 0.478185 0.000191
0.017159 0.149717 0.224063 0.127241 0.004547 0.477076 0.000198
0.017387 0.148302 0.224198 0.127201 0.004554 0.478163 0.000194
0.017331 0.147805 0.223283 0.126826 0.004638 0.479916 0.000202
0.017591 0.147285 0.223099 0.126676 0.004607 0.480546 0.000196
0.017477 0.147860 0.222731 0.126633 0.004588 0.480513 0.000197
0.017360 0.147561 0.222313 0.126413 0.004618 0.481544 0.000192
0.017616 0.145549 0.222273 0.126219 0.004639 0.483509 0.000194
0.017467 0.145604 0.221902 0.126024 0.004556 0.484246 0.000202
0.017475 0.146559 0.222105 0.126523 0.004593 0.482548 0.000196
0.017618 0.146803 0.221900 0.126059 0.004653 0.482771 0.000196
0.017589 0.144823 0.221391 0.125605 0.004606 0.485784 0.000202
0.017669 0.144223 0.221381 0.125879 0.004691 0.485964 0.000193
0.017507 0.144761 0.220967 0.125417 0.004706 0.486448 0.000193
0.017687 0.143366 0.220673 0.125127 0.004613 0.488342 0.000192
0.017630 0.144507 0.220855 0.125511 0.004599 0.486705 0.000193
0.017833 0.143042 0.220110 0.124876 0.004635 0.489309 0.000194
