0.999109 0.000866 0.000019 0.000006 0.000000 0.000000 0.000000
0.998674 0.001287 0.000022 0.000006 0.000000 0.000010 0.000000
0.998234 0.001718 0.000027 0.000010 0.000000 0.000011 0.000000
0.997783 0.002161 0.000032 0.000013 0.000000 0.000011 0.000000
0.997295 0.002636 0.000043 0.000014 0.000000 0.000012 0.000000
0.996825 0.003097 0.000047 0.000020 0.000000 0.000012 0.000000
0.996262 0.003647 0.000056 0.000021 0.000000 0.000012 0.000000
0.995670 0.004238 0.000060 0.000021 0.000000 0.000012 0.000000
0.994947 0.004965 0.000053 0.000024 0.000000 0.000011 0.000000
0.994060 0.005830 0.000077 0.000021 0.000000 0.000011 0.000000
0.992945 0.006924 0.000098 0.000023 0.000000 0.000010 0.000000
0.991477 0.008362 0.000119 0.000032 0.000000 0.000010 0.000000
0.990211 0.009606 0.000133 0.000041 0.000000 0.000009 0.000000
0.987792 0.011993 0.000143 0.000064 0.000000 0.000008 0.000000
0.985094 0.014615 0.000200 0.000084 0.000000 0.000008 0.000000
0.982857 0.016835 0.000211 0.000091 0.000000 0.000007 0.000000
0.978794 0.020832 0.000252 0.000116 0.000000 0.000006 0.000000
0.975394 0.024145 0.000302 0.000155 0.000000 0.000005 0.000000
0.970784 0.028679 0.000366 0.000167 0.000000 0.000004 0.000000
0.964822 0.034524 0.000424 0.000225 0.000000 0.000004 0.000000
0.958187 0.041027 0.000510 0.000272 0.000000 0.000005 0.000000
0.951189 0.047838 0.000610 0.000359 0.000000 0.000004 0.000000
0.943217 0.055653 0.000733 0.000394 0.000000 0.000004 0.000000
0.935544 0.063109 0.000843 0.000497 0.000000 0.000007 0.000000
0.925405 0.073037 0.000980 0.000565 0.000000 0.000012 0.000000
0.916098 0.082113 0.001134 0.000640 0.000000 0.000015 0.000000
0.903147 0.094703 0.001349 0.000784 0.000000 0.000017 0.000000
0.892910 0.104607 0.001562 0.000899 0.000000 0.000022 0.000000
0.880739 0.116393 0.001832 0.001011 0.000000 0.000025 0.000000
0.869054 0.127662 0.002088 0.001166 0.000000 0.000030 0.000000
0.852393 0.143792 0.002449 0.001325 0.000000 0.000040 0.000000
0.841303 0.154495 0.002680 0.001469 0.000000 0.000053 0.000000
0.824844 0.170349 0.003066 0.001686 0.000000 0.000054 0.000000
0.810734 0.183902 0.003405 0.001891 0.000000 0.000068 0.000000
0.796524 0.197550 0.003770 0.002085 0.000000 0.000071 0.000000
0.782302 0.211151 0.004134 0.002324 0.000000 0.000089 0.000000
0.767520 0.225356 0.004518 0.002502 0.000000 0.000104 0.000000
0.752639 0.239576 0.004936 0.002730 0.000000 0.000119 0.000000
0.736823 0.254623 0.005422 0.003000 0.000000 0.000133 0.000000
0.723158 0.267642 0.005843 0.003197 0.000000 0.000159 0.000000
0.708693 0.281396 0.006246 0.003489 0.000000 0.000176 0.000000
0.694291 0.295007 0.006709 0.003796 0.000000 0.000197 0.000000
0.679612 0.308869 0.007244 0.004060 0.000000 0.000215 0.000000
0.666525 0.321164 0.007751 0.004315 0.000002 0.000244 0.000000
0.651833 0.334997 0.008263 0.004645 0.000002 0.000260 0.000000
0.638851 0.347101 0.008785 0.004983 0.000001 0.000279 0.000000
0.625454 0.359591 0.009386 0.005280 0.000002 0.000287 0.000000
0.607392 0.376492 0.010108 0.005687 0.000003 0.000319 0.000000
0.596429 0.386592 0.010645 0.005970 0.000003 0.000360 0.000000
0.583611 0.398349 0.011277 0.006359 0.000005 0.000399 0.000000
0.573647 0.407515 0.011741 0.006653 0.000005 0.000439 0.000000
0.557789 0.422068 0.012508 0.007126 0.000006 0.000503 0.000000
0.547351 0.431572 0.013095 0.007447 0.000006 0.000530 0.000000
0.538269 0.439720 0.013668 0.007758 0.000007 0.000579 0.000000
0.523989 0.452640 0.014515 0.008214 0.000007 0.000636 0.000000
0.509779 0.465365 0.015415 0.008748 0.000007 0.000686 0.000000
0.501081 0.473128 0.015945 0.009114 0.000008 0.000724 0.000000
0.489549 0.483300 0.016751 0.009614 0.000008 0.000779 0.000000
0.480143 0.491583 0.017470 0.009954 0.000008 0.000841 0.000000
0.469811 0.500597 0.018274 0.010398 0.000008 0.000912 0.000000
0.460258 0.508769 0.019080 0.010902 0.000008 0.000983 0.000000
0.450273 0.517402 0.019920 0.011353 0.000008 0.001045 0.000000
0.438792 0.527400 0.020815 0.011874 0.000010 0.001110 0.000000
0.433947 0.531195 0.021445 0.012236 0.000010 0.001168 0.000000
0.421727 0.541800 0.022400 0.012812 0.000012 0.001249 0.000000
0.409697 0.551796 0.023650 0.013478 0.000012 0.001366 0.000000
0.409567 0.551362 0.023982 0.013697 0.000013 0.001380 0.000000
0.394256 0.564468 0.025278 0.014480 0.000014 0.001503 0.000000
0.384260 0.572781 0.026284 0.015062 0.000014 0.001599 0.000000
0.377080 0.578458 0.027192 0.015540 0.000019 0.001711 0.000000
0.367164 0.586321 0.028411 0.016262 0.000021 0.001821 0.000000
0.356421 0.595163 0.029540 0.016923 0.000022 0.001930 0.000000
0.348139 0.601796 0.030487 0.017535 0.000024 0.002018 0.000000
0.337122 0.610647 0.031798 0.018243 0.000024 0.002165 0.000000
0.333793 0.612561 0.032626 0.018702 0.000026 0.002291 0.000000
0.329102 0.616027 0.033277 0.019174 0.000031 0.002390 0.000000
0.323231 0.620188 0.034339 0.019721 0.000032 0.002490 0.000000
0.312379 0.628482 0.035884 0.020559 0.000034 0.002663 0.000000
0.305510 0.633225 0.037171 0.021230 0.000035 0.002829 0.000000
0.296129 0.640635 0.038287 0.021934 0.000037 0.002977 0.000000
0.291977 0.642919 0.039374 0.022564 0.000038 0.003128 0.000000
0.282167 0.649915 0.041053 0.023497 0.000038 0.003330 0.000000
0.277518 0.653008 0.041925 0.024040 0.000043 0.003466 0.000000
0.267534 0.660338 0.043479 0.024975 0.000043 0.003630 0.000002
0.260956 0.664682 0.044871 0.025657 0.000046 0.003786 0.000002
0.248351 0.673862 0.046911 0.026789 0.000050 0.004035 0.000001
0.246810 0.673997 0.047716 0.027272 0.000055 0.004148 0.000002
0.231114 0.685469 0.050180 0.028702 0.000058 0.004475 0.000001
0.229283 0.686151 0.050765 0.029148 0.000057 0.004594 0.000002
0.222070 0.690444 0.052430 0.030150 0.000064 0.004841 0.000001
0.214198 0.696055 0.053703 0.030898 0.000065 0.005079 0.000002
0.205309 0.701793 0.055554 0.031997 0.000062 0.005282 0.000002
0.199313 0.704709 0.057331 0.032953 0.000068 0.005624 0.000002
0.191537 0.709683 0.058979 0.033846 0.000068 0.005886 0.000001
0.186313 0.711839 0.060612 0.034921 0.000073 0.006241 0.000001
0.180572 0.715188 0.062006 0.035720 0.000073 0.006439 0.000001
0.175130 0.717025 0.064114 0.036836 0.000080 0.006812 0.000002
0.169358 0.720002 0.065585 0.037830 0.000085 0.007139 0.000001
0.163315 0.722838 0.067517 0.038819 0.000088 0.007421 0.000002
0.156808 0.726099 0.069366 0.039863 0.000094 0.007769 0.000001
0.152130 0.728123 0.070899 0.040704 0.000093 0.008050 0.000001
0.147794 0.728934 0.072884 0.041849 0.000101 0.008436 0.000001
0.142602 0.731134 0.074454 0.042856 0.000104 0.008850 0.000001
0.136878 0.733750 0.076251 0.043800 0.000104 0.009216 0.000001
0.133551 0.734242 0.077807 0.044716 0.000107 0.009574 0.000002
0.126599 0.736809 0.080361 0.046069 0.000112 0.010048 0.000001
0.126178 0.734695 0.081793 0.046891 0.000114 0.010327 0.000001
0.121677 0.736120 0.083518 0.047888 0.000120 0.010675 0.000001
0.124015 0.731497 0.084687 0.048592 0.000127 0.011081 0.000001
0.117954 0.734194 0.086692 0.049575 0.000130 0.011454 0.000001
0.119578 0.729741 0.088188 0.050478 0.000141 0.011873 0.000001
0.115195 0.731312 0.089614 0.051480 0.000139 0.012258 0.000002
0.113974 0.729770 0.091190 0.052259 0.000142 0.012663 0.000001
0.110206 0.729489 0.093530 0.053445 0.000148 0.013181 0.000001
0.114038 0.724632 0.093945 0.053844 0.000156 0.013384 0.000001
0.113368 0.722498 0.095489 0.054697 0.000159 0.013787 0.000001
0.106566 0.724524 0.098174 0.056121 0.000171 0.014443 0.000001
0.110411 0.719100 0.098882 0.056679 0.000173 0.014754 0.000001
0.110433 0.717301 0.099764 0.057209 0.000180 0.015112 0.000001
0.115721 0.710226 0.100616 0.057771 0.000188 0.015477 0.000001
0.110845 0.711867 0.102391 0.058696 0.000184 0.016016 0.000001
0.116021 0.706586 0.102429 0.058575 0.000187 0.016202 0.000001
0.114201 0.704509 0.104499 0.059780 0.000193 0.016817 0.000001
0.113373 0.702675 0.105909 0.060517 0.000198 0.017327 0.000001
0.111903 0.702519 0.106736 0.061056 0.000202 0.017583 0.000001
0.111123 0.700126 0.108343 0.061967 0.000210 0.018229 0.000001
0.111794 0.697046 0.109610 0.062698 0.000218 0.018633 0.000001
0.114104 0.694901 0.109490 0.062588 0.000220 0.018697 0.000001
0.106077 0.697879 0.112221 0.064177 0.000230 0.019415 0.000001
0.110806 0.692242 0.112466 0.064449 0.000231 0.019805 0.000001
0.107514 0.693296 0.113730 0.064966 0.000244 0.020249 0.000001
0.102970 0.694003 0.115649 0.066180 0.000252 0.020945 0.000001
0.105555 0.690172 0.116329 0.066499 0.000244 0.021201 0.000001
0.103523 0.688747 0.117994 0.067556 0.000268 0.021911 0.000001
0.108005 0.684162 0.118028 0.067410 0.000260 0.022133 0.000001
0.100823 0.687500 0.120157 0.068556 0.000277 0.022687 0.000001
0.096131 0.688004 0.122043 0.070023 0.000283 0.023515 0.000001
0.091486 0.687660 0.124887 0.071226 0.000305 0.024435 0.000001
0.090393 0.687368 0.125474 0.071713 0.000296 0.024755 0.000001
0.091970 0.685875 0.125156 0.071750 0.000289 0.024959 0.000001
0.087404 0.685383 0.127707 0.073341 0.000309 0.025855 0.000001
0.082306 0.686403 0.130029 0.074426 0.000324 0.026509 0.000001
0.080656 0.686650 0.130854 0.074567 0.000327 0.026945 0.000001
0.081455 0.684398 0.131258 0.075105 0.000325 0.027458 0.000001
0.077428 0.683085 0.133956 0.076739 0.000344 0.028448 0.000001
0.072552 0.684204 0.135998 0.077728 0.000370 0.029147 0.000001
0.070305 0.684449 0.137019 0.078270 0.000355 0.029601 0.000001
0.066229 0.684253 0.139069 0.079616 0.000368 0.030464 0.000001
0.064032 0.682475 0.141038 0.080722 0.000383 0.031349 0.000002
0.060292 0.682944 0.142831 0.081595 0.000382 0.031954 0.000001
0.058763 0.682060 0.144182 0.082249 0.000384 0.032359 0.000002
0.056747 0.681590 0.145115 0.083077 0.000396 0.033072 0.000002
0.054168 0.679136 0.147770 0.084396 0.000425 0.034103 0.000003
0.052373 0.679289 0.148411 0.084992 0.000403 0.034529 0.000003
0.050494 0.678267 0.149722 0.085750 0.000418 0.035346 0.000002
0.048988 0.675850 0.151715 0.086742 0.000430 0.036272 0.000003
0.046715 0.674868 0.153341 0.087664 0.000442 0.036968 0.000002
0.044549 0.672087 0.155870 0.088940 0.000452 0.038100 0.000003
0.042268 0.670908 0.157543 0.089911 0.000470 0.038895 0.000004
0.041811 0.670013 0.158213 0.090143 0.000463 0.039356 0.000002
0.039443 0.668127 0.160136 0.091590 0.000466 0.040235 0.000004
0.038480 0.666501 0.161423 0.092130 0.000484 0.040978 0.000003
0.038221 0.664651 0.162271 0.092744 0.000493 0.041616 0.000003
0.036112 0.661932 0.164663 0.094097 0.000508 0.042685 0.000003
0.036000 0.660067 0.165595 0.094540 0.000499 0.043295 0.000004
0.034074 0.658067 0.167356 0.095634 0.000523 0.044343 0.000004
0.034195 0.656697 0.167956 0.096039 0.000518 0.044591 0.000004
0.032864 0.653567 0.170076 0.097248 0.000529 0.045712 0.000004
0.032410 0.651301 0.171165 0.097951 0.000546 0.046621 0.000004
0.031536 0.648498 0.173085 0.098786 0.000551 0.047540 0.000004
0.031444 0.648462 0.173074 0.098803 0.000563 0.047650 0.000003
0.031034 0.644569 0.175119 0.099799 0.000575 0.048899 0.000005
0.029412 0.642834 0.176431 0.100937 0.000571 0.049809 0.000005
0.029452 0.640579 0.177455 0.101534 0.000606 0.050371 0.000004
0.032824 0.636655 0.177630 0.101329 0.000600 0.050958 0.000004
0.034342 0.630753 0.179481 0.102575 0.000615 0.052230 0.000004
0.035810 0.629490 0.179306 0.102352 0.000607 0.052431 0.000003
0.035881 0.626577 0.180532 0.103067 0.000624 0.053315 0.000004
0.037604 0.624028 0.180743 0.103247 0.000640 0.053735 0.000003
0.037229 0.622265 0.181766 0.103676 0.000645 0.054416 0.000003
0.035582 0.619637 0.183668 0.104621 0.000673 0.055814 0.000004
0.037601 0.616584 0.184025 0.104808 0.000680 0.056299 0.000004
0.038399 0.614103 0.184555 0.105155 0.000670 0.057115 0.000003
0.035192 0.613608 0.186228 0.106205 0.000688 0.058076 0.000003
0.036610 0.611988 0.186371 0.106105 0.000694 0.058228 0.000004
0.033464 0.610809 0.188302 0.107241 0.000732 0.059448 0.000005
0.035224 0.606125 0.189387 0.107918 0.000725 0.060614 0.000006
0.035173 0.604678 0.189929 0.108204 0.000753 0.061256 0.000007
0.040234 0.599057 0.190178 0.108075 0.000749 0.061701 0.000006
0.037809 0.599769 0.190754 0.108434 0.000747 0.062480 0.000007
0.037065 0.598528 0.191437 0.109042 0.000741 0.063181 0.000006
0.038555 0.595248 0.192246 0.109423 0.000759 0.063760 0.000009
0.036537 0.592737 0.194246 0.110553 0.000800 0.065119 0.000007
0.040245 0.590345 0.193356 0.110089 0.000789 0.065169 0.000006
0.039021 0.587334 0.195242 0.111003 0.000788 0.066604 0.000007
0.037474 0.586021 0.196072 0.111944 0.000798 0.067683 0.000007
0.044642 0.581553 0.194800 0.110767 0.000800 0.067431 0.000006
0.043880 0.580195 0.195414 0.111524 0.000809 0.068170 0.000007
0.048492 0.574394 0.195721 0.111383 0.000823 0.069179 0.000007
0.051997 0.571162 0.195107 0.111456 0.000826 0.069446 0.000007
0.052730 0.567847 0.196223 0.111992 0.000825 0.070373 0.000010
0.052263 0.566332 0.197108 0.112181 0.000847 0.071259 0.000009
0.049162 0.566656 0.198256 0.113075 0.000871 0.071971 0.000008
0.051138 0.564130 0.198224 0.112965 0.000889 0.072645 0.000008
0.052950 0.561846 0.198335 0.112990 0.000881 0.072991 0.000008
0.050949 0.560919 0.199490 0.113688 0.000881 0.074065 0.000008
0.048876 0.560429 0.200585 0.114334 0.000895 0.074872 0.000010
0.055050 0.556880 0.198860 0.113387 0.000895 0.074920 0.000008
0.048390 0.556678 0.202113 0.114957 0.000940 0.076914 0.000009
0.048145 0.555355 0.202540 0.115199 0.000950 0.077800 0.000010
0.042689 0.556130 0.204578 0.116640 0.000951 0.079005 0.000007
0.042460 0.555789 0.204570 0.116735 0.000948 0.079490 0.000008
0.042192 0.554379 0.205363 0.116906 0.000952 0.080199 0.000009
0.040251 0.552344 0.206825 0.117920 0.000972 0.081679 0.000008
0.037009 0.553262 0.207735 0.118481 0.000993 0.082511 0.000009
0.036121 0.551681 0.208617 0.119425 0.001005 0.083141 0.000010
0.037374 0.550278 0.208810 0.118917 0.001020 0.083593 0.000008
0.036189 0.548053 0.210063 0.119397 0.001035 0.085254 0.000009
0.031541 0.547203 0.212240 0.121265 0.001041 0.086701 0.000010
0.032442 0.545182 0.212761 0.121128 0.001038 0.087441 0.000008
0.029555 0.544752 0.213941 0.122061 0.001047 0.088635 0.000010
0.028808 0.542814 0.214956 0.122538 0.001069 0.089804 0.000010
0.027960 0.541626 0.215612 0.123014 0.001089 0.090691 0.000008
0.027220 0.540119 0.216655 0.123493 0.001098 0.091403 0.000011
0.025245 0.537417 0.218624 0.124575 0.001125 0.093006 0.000009
0.024483 0.535605 0.219581 0.125332 0.001135 0.093852 0.000012
0.023835 0.533699 0.220458 0.125655 0.001146 0.095195 0.000012
0.024716 0.532760 0.220179 0.125576 0.001160 0.095597 0.000012
0.022910 0.530759 0.221915 0.126300 0.001187 0.096918 0.000012
0.022744 0.530505 0.221856 0.126498 0.001174 0.097214 0.000009
0.022323 0.527017 0.223058 0.127638 0.001186 0.098768 0.000010
0.022985 0.523449 0.224480 0.127958 0.001202 0.099917 0.000010
0.030198 0.518366 0.223060 0.127134 0.001215 0.100018 0.000009
0.029323 0.518592 0.223217 0.127196 0.001228 0.100431 0.000013
0.030139 0.514935 0.223844 0.128043 0.001221 0.101806 0.000011
0.033881 0.511959 0.223288 0.127636 0.001242 0.101983 0.000011
0.032618 0.508758 0.225051 0.128302 0.001260 0.104000 0.000011
0.039775 0.504875 0.223290 0.127272 0.001201 0.103575 0.000012
0.039440 0.503144 0.223643 0.127941 0.001238 0.104579 0.000015
0.039748 0.501323 0.224520 0.127902 0.001272 0.105221 0.000013
0.036907 0.500469 0.225573 0.128688 0.001304 0.107046 0.000013
0.042347 0.496482 0.224497 0.128183 0.001268 0.107212 0.000013
0.041782 0.495894 0.224789 0.128406 0.001273 0.107841 0.000014
0.040532 0.495106 0.225639 0.128633 0.001292 0.108783 0.000014
0.036269 0.495252 0.227209 0.130017 0.001298 0.109941 0.000014
0.036749 0.493641 0.227549 0.129666 0.001310 0.111070 0.000016
0.035261 0.493496 0.228209 0.129969 0.001324 0.111726 0.000015
0.038288 0.491949 0.227027 0.129470 0.001342 0.111911 0.000014
0.034260 0.491215 0.229032 0.130387 0.001322 0.113769 0.000015
0.033032 0.489933 0.229888 0.131035 0.001352 0.114744 0.000015
0.035952 0.487997 0.228840 0.130533 0.001369 0.115295 0.000015
0.031890 0.485338 0.231526 0.132188 0.001370 0.117672 0.000016
0.032781 0.487165 0.230389 0.131388 0.001376 0.116886 0.000015
0.027964 0.484919 0.233332 0.133069 0.001417 0.119286 0.000014
0.025801 0.483550 0.234808 0.133710 0.001425 0.120690 0.000016
0.027909 0.482181 0.233801 0.133367 0.001437 0.121288 0.000017
0.026416 0.480212 0.235076 0.133770 0.001462 0.123049 0.000014
0.026489 0.478947 0.235398 0.134289 0.001439 0.123421 0.000017
0.033862 0.474908 0.233647 0.132930 0.001465 0.123170 0.000018
0.029187 0.475801 0.235279 0.133975 0.001474 0.124269 0.000016
0.029710 0.470769 0.236841 0.134720 0.001506 0.126438 0.000014
0.029324 0.469811 0.237397 0.134700 0.001513 0.127238 0.000017
0.031906 0.468575 0.236194 0.134397 0.001540 0.127370 0.000017
0.030927 0.465429 0.237865 0.135318 0.001522 0.128924 0.000015
0.030166 0.464706 0.238310 0.135393 0.001527 0.129883 0.000016
0.031240 0.465400 0.237455 0.134904 0.001522 0.129463 0.000016
0.029953 0.462090 0.238915 0.136087 0.001559 0.131378 0.000019
0.032212 0.462286 0.237763 0.134965 0.001541 0.131217 0.000016
0.028393 0.459087 0.240220 0.136513 0.001569 0.134201 0.000017
0.025483 0.457981 0.241971 0.137445 0.001649 0.135454 0.000017
0.026640 0.456497 0.241822 0.137444 0.001615 0.135964 0.000019
0.026763 0.457115 0.241129 0.137337 0.001634 0.136002 0.000020
0.025284 0.453497 0.242822 0.138262 0.001625 0.138488 0.000021
0.025088 0.452908 0.242833 0.138088 0.001644 0.139419 0.000020
0.025306 0.451691 0.243228 0.138131 0.001634 0.139990 0.000020
0.024380 0.449469 0.244144 0.139039 0.001690 0.141259 0.000019
0.034729 0.445580 0.240797 0.136920 0.001647 0.140306 0.000021
0.035325 0.441155 0.242066 0.137827 0.001681 0.141926 0.000020
0.033611 0.441184 0.242836 0.137835 0.001670 0.142840 0.000023
0.029755 0.440533 0.244352 0.138906 0.001680 0.144752 0.000020
0.033776 0.439323 0.242678 0.137746 0.001705 0.144753 0.000019
0.028379 0.438736 0.245110 0.139325 0.001717 0.146712 0.000021
0.029059 0.436876 0.245371 0.139705 0.001724 0.147242 0.000022
0.031380 0.435881 0.244615 0.138816 0.001743 0.147541 0.000023
0.030421 0.434117 0.245123 0.139339 0.001717 0.149263 0.000019
0.027772 0.432929 0.246835 0.140084 0.001757 0.150600 0.000024
0.029094 0.432131 0.246219 0.139522 0.001769 0.151240 0.000023
0.029346 0.432112 0.245876 0.139230 0.001767 0.151650 0.000019
0.026963 0.430037 0.247446 0.140229 0.001765 0.153538 0.000022
0.025884 0.430054 0.247443 0.140399 0.001773 0.154423 0.000024
0.026293 0.428373 0.247468 0.140850 0.001824 0.155166 0.000025
0.025073 0.427367 0.247997 0.140853 0.001838 0.156847 0.000024
0.023420 0.427249 0.248741 0.141464 0.001815 0.157287 0.000023
0.022434 0.423665 0.250226 0.142052 0.001865 0.159733 0.000025
0.022910 0.422616 0.250124 0.141918 0.001865 0.160546 0.000021
0.020392 0.421855 0.251315 0.142812 0.001846 0.161753 0.000027
0.021276 0.421970 0.250608 0.142195 0.001898 0.162029 0.000024
0.018970 0.417855 0.252726 0.143370 0.001932 0.165122 0.000025
0.018706 0.418093 0.252423 0.143391 0.001907 0.165460 0.000021
0.018031 0.415471 0.253727 0.143979 0.001930 0.166839 0.000023
0.017219 0.413576 0.254360 0.144457 0.001942 0.168422 0.000024
0.016588 0.411019 0.255318 0.145042 0.001948 0.170062 0.000023
0.017042 0.411576 0.254532 0.144627 0.001969 0.170229 0.000025
0.017898 0.410987 0.253919 0.144370 0.001973 0.170829 0.000025
0.015819 0.406759 0.256442 0.145523 0.002022 0.173412 0.000024
0.016482 0.407295 0.255536 0.145246 0.002048 0.173365 0.000027
0.015940 0.405530 0.256272 0.145651 0.002041 0.174539 0.000027
0.015495 0.403374 0.256920 0.145745 0.002064 0.176378 0.000023
0.015684 0.403783 0.256403 0.145643 0.002074 0.176391 0.000022
0.015259 0.400614 0.257567 0.145838 0.002101 0.178593 0.000028
0.014844 0.397886 0.258204 0.146637 0.002116 0.180288 0.000025
0.023186 0.394171 0.255742 0.145063 0.002091 0.179719 0.000028
0.024140 0.392680 0.255703 0.145309 0.002129 0.180014 0.000024
0.028082 0.390957 0.254605 0.144415 0.002076 0.179839 0.000025
0.028326 0.390248 0.254344 0.144346 0.002087 0.180622 0.000027
0.027378 0.387235 0.255915 0.145067 0.002113 0.182264 0.000027
0.026038 0.387571 0.255720 0.144990 0.002116 0.183539 0.000026
0.028647 0.385167 0.255333 0.144671 0.002135 0.184018 0.000031
0.036337 0.382824 0.252657 0.143249 0.002120 0.182783 0.000029
0.036345 0.382136 0.252448 0.143148 0.002127 0.183765 0.000031
0.043505 0.379670 0.249900 0.141925 0.002108 0.182864 0.000028
0.036299 0.378548 0.253317 0.143722 0.002152 0.185933 0.000030
0.036051 0.378299 0.253093 0.143838 0.002165 0.186524 0.000030
0.037058 0.376092 0.252995 0.143698 0.002166 0.187963 0.000028
0.033385 0.378216 0.253829 0.143855 0.002207 0.188478 0.000029
0.032514 0.374653 0.254777 0.144437 0.002202 0.191384 0.000033
0.033284 0.377773 0.253167 0.143545 0.002198 0.190006 0.000028
0.030835 0.374977 0.254995 0.144508 0.002241 0.192412 0.000032
0.030987 0.374815 0.254470 0.144247 0.002226 0.193225 0.000031
0.028076 0.373948 0.255574 0.145277 0.002253 0.194841 0.000031
0.027313 0.373560 0.255818 0.145431 0.002255 0.195591 0.000031
0.027284 0.372497 0.255939 0.144997 0.002282 0.196969 0.000031
0.026500 0.370793 0.256728 0.145260 0.002288 0.198401 0.000030
0.026479 0.370984 0.256427 0.145079 0.002296 0.198704 0.000031
0.024796 0.370301 0.256852 0.145612 0.002284 0.200118 0.000037
0.021554 0.368822 0.258576 0.146552 0.002326 0.202137 0.000032
0.023595 0.369562 0.257189 0.145786 0.002301 0.201533 0.000034
0.023151 0.367735 0.257714 0.145803 0.002328 0.203237 0.000031
0.019822 0.364172 0.259894 0.147508 0.002360 0.206207 0.000037
0.019563 0.362864 0.259885 0.147500 0.002360 0.207789 0.000038
0.019618 0.362907 0.259912 0.147437 0.002381 0.207709 0.000036
0.019978 0.362028 0.259703 0.147238 0.002396 0.208620 0.000038
0.018409 0.360408 0.260535 0.147886 0.002439 0.210287 0.000036
0.018052 0.358570 0.260949 0.148008 0.002430 0.211953 0.000037
0.017039 0.356847 0.261594 0.148252 0.002441 0.213791 0.000037
0.017263 0.359204 0.260983 0.147642 0.002418 0.212453 0.000037
0.016086 0.354310 0.262393 0.148635 0.002444 0.216094 0.000038
0.016025 0.351084 0.262973 0.149098 0.002504 0.218277 0.000039
0.015642 0.351162 0.263089 0.149247 0.002462 0.218360 0.000039
0.015951 0.351382 0.262391 0.149053 0.002480 0.218708 0.000034
0.015643 0.349973 0.262752 0.149155 0.002483 0.219954 0.000040
0.015824 0.351044 0.262113 0.148609 0.002480 0.219887 0.000044
0.015133 0.346573 0.263781 0.149406 0.002491 0.222572 0.000044
0.014771 0.345826 0.263626 0.149640 0.002507 0.223587 0.000043
0.014823 0.345004 0.263554 0.149547 0.002506 0.224527 0.000041
0.013914 0.340737 0.265362 0.150243 0.002556 0.227143 0.000046
0.014102 0.342958 0.264235 0.149912 0.002552 0.226196 0.000045
0.014388 0.342789 0.263917 0.149629 0.002531 0.226705 0.000041
0.014261 0.340719 0.264184 0.149991 0.002532 0.228266 0.000047
0.013733 0.337177 0.265295 0.150703 0.002578 0.230465 0.000048
0.014128 0.339417 0.264040 0.149803 0.002590 0.229976 0.000045
0.013930 0.334905 0.265086 0.150522 0.002633 0.232869 0.000054
0.013515 0.333642 0.265398 0.150761 0.002618 0.234017 0.000050
0.013290 0.331609 0.266210 0.150703 0.002638 0.235504 0.000046
0.013444 0.330893 0.265497 0.150665 0.002657 0.236794 0.000050
0.013749 0.331001 0.265039 0.150553 0.002640 0.236971 0.000047
0.013713 0.330392 0.265429 0.150743 0.002668 0.237006 0.000049
0.013471 0.328787 0.265511 0.150799 0.002675 0.238708 0.000050
0.012822 0.325586 0.266555 0.151792 0.002702 0.240493 0.000049
0.017911 0.322427 0.265114 0.150576 0.002678 0.241244 0.000051
0.027574 0.321232 0.261566 0.148583 0.002676 0.238320 0.000049
0.023565 0.320982 0.262723 0.149287 0.002658 0.240731 0.000054
0.023872 0.320288 0.262204 0.149013 0.002678 0.241892 0.000052
0.026960 0.321447 0.260861 0.147903 0.002677 0.240103 0.000049
0.026607 0.319741 0.261027 0.148537 0.002682 0.241353 0.000052
0.028304 0.317774 0.260461 0.148155 0.002670 0.242584 0.000052
0.024900 0.316083 0.261902 0.148809 0.002730 0.245524 0.000052
0.025890 0.317032 0.261369 0.148194 0.002737 0.244726 0.000053
0.025554 0.314437 0.261613 0.148505 0.002814 0.247018 0.000059
0.022547 0.314628 0.262649 0.149136 0.002762 0.248223 0.000055
0.022577 0.313370 0.262322 0.148959 0.002777 0.249940 0.000056
0.025653 0.312836 0.260936 0.148383 0.002765 0.249373 0.000054
0.023480 0.313013 0.261418 0.148371 0.002819 0.250843 0.000055
0.022077 0.311259 0.262129 0.148868 0.002805 0.252800 0.000062
0.020085 0.311266 0.262736 0.149326 0.002812 0.253726 0.000050
0.019763 0.308806 0.263239 0.149557 0.002846 0.255728 0.000060
0.020121 0.312376 0.261900 0.148673 0.002858 0.254014 0.000057
0.018615 0.309864 0.263140 0.149150 0.002855 0.256321 0.000056
0.018316 0.308644 0.262903 0.149369 0.002843 0.257868 0.000057
0.017401 0.305074 0.264295 0.149809 0.002859 0.260507 0.000055
0.018120 0.305125 0.263376 0.149792 0.002910 0.260618 0.000059
0.016858 0.304063 0.263996 0.149771 0.002929 0.262323 0.000061
0.017623 0.304664 0.263000 0.149277 0.002898 0.262478 0.000060
0.015885 0.301325 0.264642 0.150234 0.002922 0.264935 0.000058
0.015929 0.302561 0.263666 0.149699 0.002967 0.265118 0.000060
0.016097 0.300838 0.263829 0.149877 0.002901 0.266392 0.000065
0.015869 0.299090 0.264101 0.149902 0.002997 0.267973 0.000067
0.014073 0.296084 0.265738 0.150899 0.002993 0.270151 0.000062
0.014756 0.294192 0.264973 0.150673 0.003001 0.272342 0.000064
0.014986 0.296302 0.264029 0.150033 0.003002 0.271584 0.000064
0.014225 0.293067 0.265672 0.150555 0.003042 0.273377 0.000062
0.014693 0.293945 0.264601 0.150106 0.003022 0.273574 0.000058
0.013786 0.289392 0.266217 0.151280 0.003078 0.276184 0.000064
0.013503 0.288220 0.266016 0.151049 0.003092 0.278054 0.000067
0.013994 0.293343 0.264330 0.149791 0.003016 0.275465 0.000062
0.013780 0.289679 0.265435 0.150421 0.003101 0.277515 0.000069
0.013887 0.287737 0.265346 0.150645 0.003081 0.279245 0.000059
0.013498 0.284998 0.266234 0.151011 0.003093 0.281102 0.000064
0.013845 0.287833 0.264764 0.150146 0.003106 0.280236 0.000070
0.013407 0.282276 0.266267 0.150910 0.003146 0.283925 0.000069
0.013971 0.285444 0.264855 0.150200 0.003168 0.282292 0.000070
0.013513 0.282929 0.265508 0.150519 0.003121 0.284339 0.000071
0.013329 0.280692 0.265474 0.151175 0.003136 0.286128 0.000066
0.013680 0.280675 0.264840 0.150365 0.003139 0.287236 0.000064
0.013486 0.281634 0.264907 0.150457 0.003135 0.286317 0.000064
0.013574 0.278512 0.265196 0.150368 0.003155 0.289123 0.000071
0.013002 0.275257 0.265996 0.150883 0.003161 0.291624 0.000076
0.013502 0.277536 0.264940 0.150207 0.003169 0.290580 0.000067
0.013441 0.273964 0.265102 0.150595 0.003228 0.293597 0.000073
0.013505 0.274613 0.265418 0.150148 0.003194 0.293044 0.000077
0.013288 0.273702 0.264948 0.150549 0.003234 0.294203 0.000077
0.013230 0.271181 0.265181 0.150758 0.003280 0.296297 0.000074
0.013254 0.271484 0.265200 0.150561 0.003288 0.296136 0.000077
0.013373 0.272225 0.264162 0.150010 0.003238 0.296916 0.000076
0.013415 0.269276 0.264400 0.150273 0.003304 0.299259 0.000074
0.013207 0.268881 0.264703 0.150256 0.003254 0.299626 0.000074
0.013026 0.265952 0.265121 0.150557 0.003310 0.301953 0.000081
0.013192 0.265297 0.264955 0.150301 0.003302 0.302876 0.000077
0.013308 0.264926 0.264764 0.150180 0.003360 0.303379 0.000084
0.013085 0.264660 0.264813 0.150148 0.003327 0.303885 0.000083
0.013194 0.264752 0.264189 0.149791 0.003335 0.304656 0.000083
0.013279 0.261171 0.264972 0.150217 0.003407 0.306866 0.000088
0.013164 0.261309 0.264750 0.149982 0.003334 0.307381 0.000080
0.013324 0.260915 0.263898 0.149755 0.003396 0.308623 0.000089
0.013313 0.258956 0.264514 0.149851 0.003355 0.309926 0.000085
0.013553 0.261584 0.263419 0.149425 0.003399 0.308531 0.000089
0.013288 0.258693 0.263694 0.149332 0.003393 0.311517 0.000082
0.013388 0.257789 0.263514 0.149821 0.003391 0.312007 0.000090
0.013578 0.256419 0.263547 0.149348 0.003404 0.313621 0.000083
0.013378 0.256393 0.263534 0.149421 0.003396 0.313799 0.000079
0.013426 0.254023 0.264042 0.149607 0.003458 0.315357 0.000087
0.013415 0.255860 0.263229 0.149302 0.003441 0.314665 0.000088
0.013421 0.253301 0.263044 0.149596 0.003496 0.317059 0.000084
0.013231 0.250832 0.263380 0.149427 0.003517 0.319526 0.000087
0.013391 0.252881 0.262590 0.148838 0.003474 0.318738 0.000089
0.013454 0.250412 0.262796 0.148968 0.003474 0.320812 0.000085
0.013509 0.249918 0.262720 0.148950 0.003526 0.321287 0.000091
0.013576 0.248350 0.262829 0.148548 0.003500 0.323103 0.000095
0.013583 0.248286 0.262105 0.148591 0.003492 0.323856 0.000087
0.013526 0.246505 0.262287 0.148821 0.003548 0.325221 0.000092
0.013565 0.245351 0.262644 0.148796 0.003492 0.326062 0.000091
0.013506 0.244271 0.262460 0.148716 0.003494 0.327461 0.000090
0.013658 0.244228 0.261712 0.148805 0.003586 0.327921 0.000089
0.013587 0.244030 0.261327 0.148644 0.003525 0.328798 0.000089
0.013751 0.242323 0.261274 0.148526 0.003551 0.330485 0.000090
0.013658 0.242728 0.261437 0.148411 0.003555 0.330114 0.000096
0.013720 0.241142 0.261600 0.148151 0.003569 0.331727 0.000091
0.013655 0.239435 0.261333 0.148062 0.003573 0.333854 0.000088
0.013930 0.239162 0.261191 0.148044 0.003652 0.333922 0.000099
0.013773 0.238942 0.260731 0.148245 0.003610 0.334604 0.000095
0.013700 0.238303 0.260613 0.148297 0.003638 0.335348 0.000101
0.013740 0.236426 0.260567 0.147714 0.003661 0.337789 0.000103
0.013814 0.238161 0.260350 0.147919 0.003601 0.336060 0.000094
0.013793 0.234931 0.260651 0.147601 0.003663 0.339261 0.000101
0.013821 0.234439 0.260384 0.147848 0.003660 0.339749 0.000099
0.013693 0.233440 0.260435 0.147205 0.003643 0.341480 0.000104
0.013745 0.232391 0.260027 0.147432 0.003662 0.342642 0.000101
0.014090 0.231604 0.259683 0.147280 0.003736 0.343502 0.000104
0.014073 0.231505 0.259731 0.147337 0.003675 0.343573 0.000106
0.014006 0.232970 0.259041 0.146773 0.003656 0.343449 0.000105
0.014096 0.231816 0.258970 0.146863 0.003724 0.344427 0.000104
0.013997 0.228865 0.259076 0.146703 0.003676 0.347582 0.000101
0.014280 0.229161 0.258925 0.146810 0.003686 0.347032 0.000105
0.014089 0.227658 0.258542 0.146690 0.003668 0.349247 0.000107
0.014002 0.228397 0.258374 0.146492 0.003672 0.348958 0.000105
0.014050 0.226642 0.258491 0.146489 0.003724 0.350504 0.000100
0.014239 0.226505 0.257914 0.146398 0.003734 0.351095 0.000115
0.014108 0.225199 0.257723 0.146321 0.003745 0.352796 0.000107
0.014248 0.225218 0.258028 0.145984 0.003778 0.352619 0.000125
0.014304 0.223592 0.257820 0.146055 0.003780 0.354334 0.000114
0.014349 0.222492 0.257873 0.145938 0.003753 0.355489 0.000107
0.014442 0.221975 0.257393 0.145960 0.003704 0.356423 0.000103
0.014418 0.220718 0.257004 0.145863 0.003797 0.358083 0.000117
0.014109 0.221149 0.257283 0.145507 0.003767 0.358075 0.000110
0.014231 0.219522 0.256929 0.145598 0.003830 0.359788 0.000103
0.014345 0.219708 0.256739 0.145538 0.003821 0.359744 0.000106
0.014295 0.218297 0.256625 0.145378 0.003833 0.361457 0.000115
0.014375 0.217020 0.256748 0.145471 0.003811 0.362465 0.000111
0.014466 0.218223 0.256537 0.145110 0.003786 0.361766 0.000111
0.014353 0.218314 0.256223 0.144969 0.003804 0.362225 0.000113
0.014347 0.215284 0.255902 0.144974 0.003861 0.365518 0.000113
0.014359 0.213631 0.255583 0.144731 0.003914 0.367674 0.000107
0.014483 0.213605 0.255444 0.144692 0.003851 0.367812 0.000113
0.014500 0.213335 0.255426 0.144296 0.003889 0.368442 0.000111
0.014561 0.213518 0.254757 0.144687 0.003919 0.368444 0.000113
0.014602 0.211150 0.254544 0.144361 0.003927 0.371303 0.000113
0.014492 0.212962 0.254288 0.144142 0.003858 0.370152 0.000106
0.014612 0.212835 0.254115 0.144339 0.003900 0.370086 0.000113
0.014478 0.211458 0.254276 0.143946 0.003878 0.371845 0.000120
0.014526 0.209439 0.253841 0.144084 0.003892 0.374102 0.000116
0.014670 0.209172 0.253910 0.143774 0.003902 0.374455 0.000117
0.014603 0.208796 0.253870 0.143550 0.003970 0.375093 0.000118
0.014821 0.208173 0.253193 0.143420 0.003933 0.376339 0.000121
0.014776 0.207244 0.253278 0.143120 0.003934 0.377528 0.000120
0.014870 0.205162 0.253098 0.143050 0.003903 0.379797 0.000121
0.014614 0.206035 0.252745 0.142955 0.003955 0.379570 0.000126
0.014807 0.205806 0.252381 0.142879 0.003992 0.380015 0.000121
0.014901 0.205420 0.252511 0.142465 0.003895 0.380676 0.000131
0.014896 0.203934 0.252220 0.142480 0.003961 0.382393 0.000116
0.014832 0.203465 0.251834 0.142548 0.003946 0.383252 0.000122
0.014976 0.202699 0.251900 0.142271 0.004043 0.383984 0.000128
0.015056 0.200907 0.251056 0.142288 0.003971 0.386593 0.000128
0.015214 0.200946 0.250987 0.142198 0.003931 0.386613 0.000112
0.015213 0.200337 0.250934 0.142070 0.003998 0.387319 0.000130
0.015219 0.200303 0.250850 0.141784 0.004032 0.387686 0.000125
0.014997 0.199320 0.250934 0.141677 0.004074 0.388867 0.000131
0.015302 0.197618 0.250763 0.141735 0.004064 0.390393 0.000125
0.015389 0.196399 0.250694 0.141693 0.004031 0.391657 0.000137
0.015223 0.196903 0.250544 0.141409 0.004024 0.391765 0.000132
0.015160 0.197323 0.250110 0.141518 0.004041 0.391715 0.000134
0.015396 0.195503 0.249463 0.141181 0.004082 0.394236 0.000138
0.015366 0.195178 0.249603 0.141066 0.004063 0.394584 0.000140
0.015418 0.194489 0.249143 0.140841 0.004047 0.395930 0.000132
0.015534 0.193145 0.248699 0.140650 0.004109 0.397732 0.000131
0.015597 0.195895 0.248484 0.140644 0.004107 0.395132 0.000141
0.015492 0.191848 0.248852 0.140272 0.004093 0.399310 0.000133
0.015480 0.191371 0.248585 0.140719 0.004137 0.399569 0.000140
0.015309 0.192959 0.248121 0.140540 0.004090 0.398843 0.000139
0.015573 0.191077 0.248059 0.140525 0.004123 0.400503 0.000141
0.015571 0.191189 0.247720 0.140013 0.004085 0.401284 0.000139
0.015561 0.190194 0.247376 0.139924 0.004126 0.402679 0.000140
0.015684 0.191106 0.247305 0.139983 0.004135 0.401655 0.000132
0.015561 0.189425 0.247093 0.139840 0.004153 0.403791 0.000137
0.015686 0.188972 0.247091 0.139791 0.004122 0.404201 0.000137
0.015782 0.188150 0.246733 0.139868 0.004144 0.405178 0.000144
0.015741 0.187457 0.246275 0.139541 0.004191 0.406655 0.000139
0.016061 0.186434 0.245992 0.139256 0.004190 0.407924 0.000144
0.015836 0.186514 0.246048 0.139425 0.004146 0.407884 0.000147
0.015907 0.185403 0.245770 0.138942 0.004174 0.409665 0.000138
0.016011 0.184929 0.245446 0.138954 0.004148 0.410375 0.000137
0.015693 0.184742 0.245091 0.138819 0.004157 0.411353 0.000145
0.016060 0.183913 0.245394 0.138320 0.004228 0.411941 0.000144
0.016008 0.184864 0.245076 0.138281 0.004140 0.411485 0.000145
0.015973 0.183845 0.244105 0.138312 0.004182 0.413440 0.000143
0.016115 0.182023 0.243941 0.137945 0.004242 0.415585 0.000149
0.016224 0.181675 0.243920 0.137583 0.004200 0.416256 0.000143
0.016004 0.182732 0.243331 0.137750 0.004173 0.415862 0.000149
0.016201 0.180914 0.243454 0.137666 0.004189 0.417420 0.000156
0.016447 0.179159 0.242855 0.137314 0.004229 0.419851 0.000144
0.016354 0.180072 0.243234 0.137305 0.004209 0.418675 0.000152
0.016220 0.179588 0.242692 0.137370 0.004270 0.419712 0.000148
0.016372 0.178647 0.242327 0.137179 0.004256 0.421069 0.000149
0.016262 0.177738 0.242105 0.136974 0.004196 0.422576 0.000149
0.016510 0.178083 0.241776 0.136577 0.004225 0.422671 0.000158
0.016398 0.176951 0.241137 0.136659 0.004291 0.424416 0.000148
0.016617 0.178755 0.241688 0.136504 0.004230 0.422058 0.000147
0.016478 0.177095 0.241073 0.136515 0.004232 0.424451 0.000156
0.016508 0.175507 0.240594 0.136308 0.004251 0.426676 0.000157
0.016485 0.175995 0.240902 0.136211 0.004287 0.425968 0.000151
0.016572 0.175157 0.240982 0.136042 0.004260 0.426831 0.000155
0.016434 0.174643 0.240177 0.135719 0.004311 0.428560 0.000156
0.016801 0.172753 0.239448 0.135706 0.004287 0.430847 0.000159
0.016900 0.173055 0.239539 0.135245 0.004248 0.430854 0.000160
0.016474 0.173276 0.239526 0.135376 0.004244 0.430952 0.000151
0.016768 0.171866 0.239197 0.134952 0.004259 0.432801 0.000157
0.016636 0.172325 0.239070 0.134719 0.004275 0.432825 0.000151
0.016698 0.171321 0.238710 0.134616 0.004387 0.434108 0.000160
0.016729 0.172692 0.238717 0.134750 0.004303 0.432656 0.000153
0.017117 0.169137 0.237895 0.134245 0.004337 0.437110 0.000159
0.017099 0.170639 0.238001 0.134254 0.004366 0.435482 0.000159
0.016960 0.169343 0.237770 0.134286 0.004331 0.437138 0.000172
0.016998 0.169796 0.237369 0.134003 0.004375 0.437300 0.000159
0.016860 0.168970 0.237187 0.134211 0.004334 0.438271 0.000167
0.016932 0.167747 0.236668 0.133726 0.004356 0.440410 0.000161
0.017131 0.167451 0.236844 0.133768 0.004391 0.440233 0.000181
0.017154 0.167803 0.236270 0.133551 0.004377 0.440684 0.000161
0.017023 0.166284 0.235571 0.133185 0.004390 0.443377 0.000171
0.016937 0.166440 0.235648 0.133142 0.004401 0.443264 0.000168
0.017080 0.165071 0.235639 0.132893 0.004433 0.444720 0.000163
0.017239 0.166550 0.235222 0.133041 0.004383 0.443404 0.000162
0.017200 0.165478 0.234929 0.132712 0.004423 0.445092 0.000165
0.017292 0.165256 0.234983 0.132771 0.004421 0.445116 0.000160
0.017210 0.164743 0.234640 0.132379 0.004392 0.446473 0.000163
0.017401 0.164424 0.234461 0.132259 0.004449 0.446844 0.000161
0.017325 0.164197 0.234389 0.132075 0.004415 0.447439 0.000160
0.017350 0.162820 0.233891 0.131794 0.004414 0.449573 0.000159
0.017494 0.161510 0.233355 0.131587 0.004491 0.451397 0.000165
0.017677 0.162296 0.233516 0.131628 0.004499 0.450220 0.000165
0.017670 0.161419 0.233185 0.131447 0.004509 0.451608 0.000164
0.017403 0.161725 0.232772 0.131687 0.004415 0.451828 0.000170
0.017528 0.162266 0.232955 0.131396 0.004428 0.451262 0.000165
0.017664 0.158915 0.231942 0.130873 0.004508 0.455928 0.000170
0.017766 0.158583 0.231786 0.131119 0.004527 0.456056 0.000164
0.017908 0.159500 0.231678 0.130456 0.004461 0.455836 0.000160
0.017780 0.158998 0.231615 0.130835 0.004532 0.456070 0.000170
0.017991 0.157234 0.231013 0.130578 0.004521 0.458483 0.000181
0.018023 0.157454 0.230734 0.130550 0.004564 0.458500 0.000175
0.017989 0.157475 0.230829 0.129955 0.004563 0.459003 0.000185
0.018098 0.156702 0.230359 0.129958 0.004519 0.460186 0.000178
0.018049 0.156170 0.230214 0.129463 0.004527 0.461412 0.000165
0.018108 0.157553 0.229861 0.129665 0.004551 0.460085 0.000178
0.018266 0.155537 0.229702 0.129530 0.004608 0.462181 0.000176
0.018213 0.155391 0.229397 0.129314 0.004534 0.462967 0.000184
0.018240 0.155010 0.229187 0.128877 0.004563 0.463947 0.000175
0.018234 0.154699 0.229322 0.128973 0.004567 0.464026 0.000178
0.018212 0.154362 0.229005 0.128758 0.004555 0.464935 0.000173
0.018326 0.153306 0.228350 0.128591 0.004618 0.466626 0.000182
0.018621 0.152572 0.228168 0.128316 0.004589 0.467552 0.000181
0.018523 0.153997 0.227953 0.128715 0.004586 0.466040 0.000187
0.018457 0.153633 0.227889 0.128323 0.004630 0.466883 0.000185
0.018420 0.152386 0.227629 0.127867 0.004594 0.468922 0.000182
0.018423 0.151474 0.226850 0.127736 0.004629 0.470698 0.000190
0.018306 0.152873 0.226643 0.128128 0.004568 0.469306 0.000177
0.018697 0.151599 0.226678 0.127644 0.004632 0.470574 0.000177
0.018843 0.150471 0.225903 0.127227 0.004630 0.472745 0.000181
0.018715 0.150315 0.225800 0.127688 0.004591 0.472713 0.000177
0.018795 0.149830 0.225615 0.127233 0.004652 0.473694 0.000182
0.018633 0.149444 0.225198 0.127058 0.004662 0.474826 0.000178
0.018765 0.149730 0.225022 0.127093 0.004699 0.474509 0.000182
0.018750 0.148630 0.224763 0.126504 0.004636 0.476526 0.000192
0.018918 0.148179 0.224453 0.126663 0.004674 0.476929 0.000184
0.019047 0.146138 0.223699 0.126226 0.004751 0.479952 0.000186
0.018886 0.147475 0.223756 0.126273 0.004694 0.478722 0.000193
0.019031 0.146778 0.223560 0.126377 0.004702 0.479362 0.000191
0.019185 0.147159 0.223305 0.125945 0.004679 0.479553 0.000174
0.018993 0.145782 0.222798 0.125643 0.004737 0.481853 0.000192
0.019453 0.145947 0.222999 0.125629 0.004722 0.481061 0.000188
0.019155 0.146182 0.222347 0.125799 0.004699 0.481626 0.000192
0.019455 0.145838 0.222123 0.125587 0.004716 0.482104 0.000177
0.019430 0.144930 0.222003 0.125233 0.004670 0.483543 0.000190
0.019359 0.145479 0.221966 0.124808 0.004626 0.483570 0.000192
0.019427 0.144825 0.221418 0.125108 0.004750 0.484277 0.000194
0.019466 0.144263 0.221242 0.124608 0.004724 0.485516 0.000181
0.019380 0.142991 0.220362 0.124345 0.004712 0.488010 0.000200
