0.999105 0.000871 0.000017 0.000008 0.000000 0.000000 0.000000
0.998654 0.001311 0.000021 0.000004 0.000001 0.000009 0.000000
0.998220 0.001733 0.000031 0.000006 0.000000 0.000010 0.000000
0.997742 0.002200 0.000037 0.000010 0.000000 0.000010 0.000000
0.997237 0.002700 0.000040 0.000013 0.000000 0.000010 0.000000
0.996735 0.003193 0.000047 0.000016 0.000000 0.000010 0.000000
0.996129 0.003789 0.000054 0.000018 0.000000 0.000010 0.000000
0.995414 0.004494 0.000062 0.000020 0.000000 0.000009 0.000000
0.994414 0.005479 0.000072 0.000027 0.000000 0.000008 0.000000
0.993416 0.006455 0.000089 0.000032 0.000000 0.000008 0.000000
0.992133 0.007728 0.000089 0.000042 0.000000 0.000008 0.000000
0.990623 0.009181 0.000125 0.000063 0.000000 0.000007 0.000000
0.988619 0.011155 0.000152 0.000065 0.000000 0.000008 0.000000
0.986256 0.013483 0.000171 0.000078 0.000000 0.000011 0.000000
0.983107 0.016585 0.000201 0.000096 0.000000 0.000010 0.000000
0.980076 0.019558 0.000240 0.000116 0.000000 0.000010 0.000000
0.976431 0.023131 0.000286 0.000142 0.000000 0.000010 0.000000
0.971128 0.028326 0.000373 0.000164 0.000000 0.000009 0.000000
0.966736 0.032629 0.000418 0.000208 0.000000 0.000009 0.000000
0.960918 0.038263 0.000532 0.000274 0.000000 0.000014 0.000000
0.954332 0.044715 0.000606 0.000337 0.000000 0.000010 0.000000
0.945956 0.052884 0.000747 0.000398 0.000000 0.000015 0.000000
0.937238 0.061367 0.000881 0.000499 0.000000 0.000014 0.000000
0.930395 0.068030 0.000988 0.000571 0.000000 0.000016 0.000000
0.920962 0.077247 0.001101 0.000671 0.000000 0.000018 0.000000
0.909043 0.088863 0.001278 0.000790 0.000000 0.000026 0.000000
0.899448 0.098201 0.001469 0.000855 0.000000 0.000027 0.000000
0.885647 0.111618 0.001706 0.000993 0.000000 0.000036 0.000000
0.874591 0.122399 0.001870 0.001101 0.000000 0.000040 0.000000
0.859610 0.136958 0.002145 0.001234 0.000000 0.000052 0.000000
0.844280 0.151839 0.002409 0.001410 0.000000 0.000062 0.000000
0.832128 0.163575 0.002686 0.001537 0.000000 0.000074 0.000000
0.813906 0.181176 0.003075 0.001759 0.000000 0.000085 0.000000
0.800637 0.193914 0.003429 0.001927 0.000000 0.000093 0.000000
0.785775 0.208199 0.003810 0.002103 0.000000 0.000112 0.000000
0.768635 0.224632 0.004268 0.002337 0.000000 0.000128 0.000000
0.751817 0.240724 0.004723 0.002594 0.000000 0.000141 0.000000
0.734641 0.257133 0.005195 0.002870 0.000000 0.000160 0.000000
0.720733 0.270386 0.005622 0.003072 0.000000 0.000186 0.000000
0.703475 0.286862 0.006138 0.003312 0.000000 0.000214 0.000000
0.686962 0.302479 0.006708 0.003619 0.000000 0.000232 0.000000
0.672381 0.316201 0.007248 0.003919 0.000000 0.000250 0.000000
0.657717 0.329996 0.007776 0.004241 0.000000 0.000270 0.000000
0.642361 0.344452 0.008356 0.004540 0.000000 0.000292 0.000000
0.627979 0.357898 0.008958 0.004859 0.000000 0.000307 0.000000
0.610874 0.373853 0.009669 0.005267 0.000000 0.000338 0.000000
0.597785 0.386011 0.010246 0.005584 0.000001 0.000375 0.000000
0.581874 0.400657 0.011048 0.006015 0.000001 0.000405 0.000000
0.569806 0.411738 0.011573 0.006431 0.000003 0.000449 0.000000
0.557421 0.423142 0.012155 0.006797 0.000004 0.000482 0.000000
0.543766 0.435485 0.012929 0.007296 0.000004 0.000519 0.000000
0.532837 0.445358 0.013605 0.007635 0.000005 0.000560 0.000000
0.520743 0.456220 0.014341 0.008093 0.000006 0.000597 0.000000
0.507566 0.467942 0.015243 0.008590 0.000008 0.000652 0.000000
0.495282 0.478986 0.015956 0.009040 0.000007 0.000729 0.000000
0.486687 0.486567 0.016592 0.009362 0.000008 0.000783 0.000000
0.474879 0.496959 0.017392 0.009934 0.000010 0.000827 0.000000
0.464573 0.506048 0.018127 0.010353 0.000009 0.000889 0.000000
0.456308 0.513064 0.018923 0.010747 0.000009 0.000949 0.000000
0.445913 0.522008 0.019813 0.011235 0.000013 0.001019 0.000000
0.437839 0.528843 0.020571 0.011663 0.000012 0.001073 0.000000
0.431053 0.534347 0.021346 0.012117 0.000013 0.001125 0.000000
0.421035 0.542859 0.022290 0.012609 0.000014 0.001194 0.000000
0.411728 0.550494 0.023320 0.013163 0.000015 0.001280 0.000000
0.403906 0.556911 0.024185 0.013638 0.000018 0.001343 0.000000
0.395505 0.563734 0.025159 0.014163 0.000018 0.001421 0.000000
0.393138 0.564762 0.025950 0.014627 0.000021 0.001502 0.000000
0.390833 0.566388 0.026375 0.014853 0.000019 0.001533 0.000000
0.378314 0.576783 0.027649 0.015563 0.000021 0.001669 0.000000
0.370608 0.582660 0.028699 0.016223 0.000024 0.001785 0.000000
0.365875 0.586176 0.029395 0.016644 0.000023 0.001887 0.000000
0.360391 0.590168 0.030288 0.017147 0.000025 0.001980 0.000000
0.353588 0.595286 0.031278 0.017708 0.000025 0.002116 0.000000
0.348971 0.598892 0.031855 0.018076 0.000026 0.002181 0.000000
0.338331 0.606905 0.033403 0.018974 0.000030 0.002358 0.000000
0.336125 0.608364 0.033796 0.019251 0.000029 0.002434 0.000000
0.325757 0.616091 0.035332 0.020165 0.000033 0.002622 0.000000
0.321669 0.618809 0.036202 0.020576 0.000035 0.002710 0.000000
0.315318 0.623096 0.037390 0.021264 0.000037 0.002895 0.000000
0.308005 0.628540 0.038489 0.021899 0.000034 0.003034 0.000000
0.303035 0.631714 0.039542 0.022490 0.000036 0.003183 0.000000
0.297676 0.635967 0.040210 0.022849 0.000037 0.003261 0.000000
0.289013 0.641666 0.041953 0.023840 0.000038 0.003490 0.000000
0.280984 0.647455 0.043340 0.024503 0.000044 0.003674 0.000000
0.274671 0.652071 0.044276 0.025117 0.000046 0.003819 0.000000
0.269971 0.654987 0.045336 0.025686 0.000042 0.003979 0.000000
0.263337 0.659226 0.046727 0.026497 0.000046 0.004167 0.000000
0.255854 0.664079 0.048193 0.027432 0.000050 0.004392 0.000000
0.244470 0.672360 0.050013 0.028434 0.000053 0.004669 0.000000
0.240184 0.674724 0.051107 0.029055 0.000055 0.004875 0.000000
0.231462 0.680545 0.052756 0.030090 0.000053 0.005094 0.000000
0.221804 0.686641 0.054811 0.031300 0.000059 0.005385 0.000000
0.219844 0.687253 0.055529 0.031749 0.000061 0.005565 0.000000
0.211998 0.691735 0.057487 0.032801 0.000066 0.005913 0.000000
0.210906 0.691525 0.058276 0.033160 0.000066 0.006066 0.000000
0.197724 0.700690 0.060667 0.034428 0.000067 0.006423 0.000000
0.192219 0.703674 0.062054 0.035274 0.000072 0.006707 0.000000
0.189370 0.703886 0.063527 0.036149 0.000074 0.006994 0.000000
0.181590 0.708139 0.065519 0.037372 0.000083 0.007296 0.000000
0.182498 0.706043 0.066173 0.037668 0.000082 0.007536 0.000000
0.173850 0.710007 0.068861 0.039220 0.000087 0.007974 0.000000
0.171082 0.710867 0.069879 0.039818 0.000090 0.008264 0.000000
0.168126 0.711177 0.071414 0.040660 0.000091 0.008532 0.000000
0.166060 0.710213 0.073146 0.041543 0.000096 0.008943 0.000000
0.158649 0.714005 0.075252 0.042696 0.000101 0.009298 0.000000
0.156234 0.714332 0.076467 0.043326 0.000107 0.009535 0.000000
0.156336 0.711659 0.077968 0.043970 0.000102 0.009964 0.000000
0.152279 0.712713 0.079505 0.045058 0.000116 0.010330 0.000000
0.146405 0.715408 0.081305 0.046079 0.000119 0.010684 0.000000
0.147290 0.712159 0.082665 0.046735 0.000123 0.011028 0.000000
0.141743 0.714151 0.084621 0.047864 0.000126 0.011495 0.000000
0.138305 0.714323 0.086425 0.048857 0.000137 0.011952 0.000001
0.135268 0.714413 0.087913 0.049914 0.000138 0.012354 0.000001
0.134017 0.713499 0.089176 0.050516 0.000137 0.012655 0.000001
0.128805 0.715147 0.091167 0.051594 0.000139 0.013147 0.000001
0.129516 0.712944 0.091850 0.052063 0.000153 0.013472 0.000000
0.125844 0.714022 0.093330 0.052788 0.000146 0.013870 0.000001
0.119553 0.716429 0.095325 0.054127 0.000156 0.014410 0.000000
0.116230 0.716585 0.097048 0.055083 0.000168 0.014885 0.000001
0.112357 0.716002 0.099486 0.056433 0.000168 0.015553 0.000001
0.111088 0.715305 0.100428 0.057037 0.000165 0.015975 0.000000
0.109687 0.713444 0.102057 0.058110 0.000182 0.016520 0.000001
0.110610 0.710686 0.103089 0.058501 0.000181 0.016933 0.000000
0.100885 0.715652 0.105742 0.060015 0.000191 0.017515 0.000001
0.103140 0.711274 0.106678 0.060691 0.000205 0.018012 0.000001
0.104599 0.707124 0.108146 0.061448 0.000207 0.018475 0.000001
0.103428 0.706386 0.109236 0.061900 0.000205 0.018844 0.000001
0.100834 0.706038 0.110530 0.062998 0.000210 0.019388 0.000001
0.096930 0.706498 0.112545 0.063926 0.000218 0.019883 0.000001
0.095490 0.704865 0.114098 0.064787 0.000219 0.020539 0.000001
0.100821 0.699191 0.114033 0.065027 0.000219 0.020707 0.000001
0.095488 0.700647 0.116126 0.066120 0.000228 0.021392 0.000001
0.101413 0.693292 0.116652 0.066552 0.000220 0.021870 0.000000
0.092095 0.697918 0.119405 0.067825 0.000228 0.022529 0.000001
0.094243 0.692908 0.120640 0.068789 0.000239 0.023180 0.000001
0.091074 0.692917 0.122392 0.069631 0.000234 0.023752 0.000000
0.093072 0.690843 0.122349 0.069592 0.000235 0.023908 0.000001
0.089498 0.691071 0.124062 0.070572 0.000256 0.024540 0.000001
0.091274 0.688025 0.124530 0.070960 0.000261 0.024948 0.000001
0.083055 0.689337 0.128324 0.072862 0.000276 0.026146 0.000001
0.086290 0.685965 0.128291 0.072938 0.000263 0.026253 0.000001
0.083286 0.684732 0.130377 0.074084 0.000289 0.027230 0.000001
0.087056 0.682325 0.129495 0.073709 0.000281 0.027133 0.000001
0.084324 0.681123 0.131548 0.074881 0.000282 0.027841 0.000001
0.084823 0.677673 0.132902 0.075842 0.000300 0.028460 0.000001
0.086959 0.674048 0.133571 0.076148 0.000298 0.028975 0.000001
0.086714 0.670829 0.135402 0.076901 0.000316 0.029838 0.000001
0.086923 0.669422 0.135877 0.077433 0.000324 0.030021 0.000001
0.086953 0.667404 0.136729 0.078005 0.000334 0.030574 0.000001
0.086420 0.664427 0.138494 0.078839 0.000346 0.031472 0.000001
0.082725 0.665169 0.139926 0.079801 0.000341 0.032037 0.000001
0.079616 0.666109 0.140985 0.080448 0.000355 0.032485 0.000001
0.077447 0.665291 0.142459 0.081292 0.000374 0.033135 0.000001
0.072531 0.664897 0.145199 0.082691 0.000368 0.034313 0.000001
0.070593 0.665085 0.146062 0.083169 0.000376 0.034714 0.000001
0.072992 0.661241 0.146635 0.083430 0.000388 0.035312 0.000001
0.067218 0.662787 0.148685 0.084637 0.000401 0.036270 0.000001
0.065786 0.661411 0.149920 0.085423 0.000410 0.037051 0.000001
0.063781 0.660113 0.151605 0.086418 0.000409 0.037672 0.000002
0.061289 0.661524 0.152102 0.086706 0.000431 0.037946 0.000001
0.057084 0.658816 0.155677 0.088509 0.000446 0.039466 0.000001
0.054460 0.660706 0.155829 0.088871 0.000448 0.039684 0.000002
0.054665 0.656384 0.157931 0.089838 0.000452 0.040729 0.000002
0.053943 0.654549 0.159223 0.090511 0.000464 0.041310 0.000001
0.053623 0.651161 0.161069 0.091468 0.000469 0.042209 0.000001
0.052439 0.650378 0.161703 0.092061 0.000478 0.042939 0.000002
0.047773 0.651457 0.163657 0.092867 0.000482 0.043762 0.000002
0.049357 0.647842 0.164448 0.093597 0.000498 0.044257 0.000002
0.047908 0.647294 0.165257 0.094262 0.000512 0.044767 0.000001
0.048171 0.643994 0.166646 0.094779 0.000517 0.045890 0.000002
0.046181 0.641737 0.168681 0.096051 0.000541 0.046808 0.000002
0.045263 0.640142 0.170042 0.096596 0.000543 0.047412 0.000002
0.043036 0.639527 0.171230 0.097312 0.000559 0.048335 0.000002
0.043503 0.637660 0.171797 0.097616 0.000566 0.048856 0.000002
0.041324 0.634166 0.174218 0.099310 0.000594 0.050387 0.000002
0.044010 0.633456 0.173211 0.098665 0.000590 0.050065 0.000004
0.040881 0.631713 0.175772 0.099834 0.000611 0.051186 0.000003
0.040149 0.631057 0.176240 0.100137 0.000609 0.051804 0.000004
0.039439 0.628095 0.177681 0.101132 0.000626 0.053025 0.000003
0.036869 0.627199 0.179099 0.102233 0.000631 0.053966 0.000003
0.038031 0.624217 0.179853 0.102532 0.000641 0.054722 0.000004
0.036580 0.623321 0.180933 0.103048 0.000643 0.055472 0.000003
0.033989 0.621445 0.183257 0.103984 0.000658 0.056663 0.000004
0.032592 0.620249 0.184237 0.104799 0.000686 0.057431 0.000005
0.032914 0.616550 0.185801 0.105567 0.000689 0.058475 0.000004
0.031420 0.615556 0.186786 0.106182 0.000686 0.059365 0.000005
0.029804 0.613698 0.188332 0.107068 0.000718 0.060376 0.000004
0.034310 0.608241 0.188237 0.107293 0.000726 0.061189 0.000004
0.035273 0.606641 0.188352 0.107356 0.000734 0.061639 0.000005
0.034341 0.602467 0.190691 0.108769 0.000758 0.062969 0.000005
0.033798 0.603390 0.190790 0.108474 0.000746 0.062798 0.000004
0.035059 0.600210 0.191266 0.108930 0.000780 0.063751 0.000005
0.033047 0.597521 0.193292 0.110170 0.000774 0.065191 0.000005
0.036469 0.596633 0.192044 0.109281 0.000784 0.064784 0.000006
0.034794 0.594417 0.193675 0.110230 0.000782 0.066097 0.000005
0.035884 0.591544 0.194262 0.110580 0.000792 0.066932 0.000005
0.033994 0.588792 0.196343 0.111666 0.000802 0.068399 0.000005
0.032767 0.587511 0.197280 0.112526 0.000794 0.069116 0.000006
0.035404 0.584642 0.197137 0.112305 0.000813 0.069693 0.000006
0.038196 0.580409 0.197691 0.112589 0.000817 0.070292 0.000006
0.045980 0.572740 0.196925 0.112565 0.000833 0.070949 0.000008
0.054302 0.568539 0.194886 0.110996 0.000819 0.070451 0.000006
0.050292 0.568558 0.196522 0.112133 0.000837 0.071652 0.000006
0.054744 0.563517 0.196719 0.112072 0.000857 0.072082 0.000008
0.057581 0.558448 0.197346 0.112419 0.000849 0.073349 0.000008
0.061329 0.556692 0.196178 0.111710 0.000862 0.073223 0.000006
0.053957 0.558659 0.198582 0.113295 0.000868 0.074632 0.000007
0.063803 0.554653 0.195508 0.111571 0.000831 0.073630 0.000006
0.058326 0.552991 0.198689 0.113303 0.000877 0.075804 0.000009
0.064553 0.549330 0.197130 0.112525 0.000880 0.075574 0.000008
0.063252 0.548448 0.198152 0.112813 0.000886 0.076440 0.000008
0.062319 0.548139 0.198554 0.112963 0.000901 0.077115 0.000009
0.059343 0.547809 0.199874 0.113949 0.000896 0.078121 0.000009
0.061642 0.545773 0.199286 0.113885 0.000883 0.078522 0.000009
0.060266 0.543494 0.200819 0.114809 0.000910 0.079692 0.000010
0.053985 0.544955 0.203165 0.115768 0.000937 0.081180 0.000010
0.058214 0.541906 0.202290 0.115248 0.000943 0.081388 0.000011
0.054552 0.542351 0.203448 0.116112 0.000929 0.082597 0.000012
0.054288 0.539529 0.204787 0.116967 0.000953 0.083466 0.000010
0.060900 0.536512 0.202749 0.115877 0.000938 0.083015 0.000008
0.058554 0.534712 0.204446 0.116731 0.000966 0.084583 0.000009
0.057344 0.535733 0.204384 0.116657 0.000963 0.084911 0.000008
0.059545 0.533215 0.204129 0.116535 0.000975 0.085592 0.000009
0.066104 0.528121 0.203213 0.116166 0.000961 0.085425 0.000011
0.061625 0.526527 0.205834 0.117373 0.001000 0.087631 0.000009
0.055621 0.530136 0.206741 0.118150 0.001013 0.088330 0.000010
0.058681 0.525997 0.207007 0.118255 0.001003 0.089045 0.000012
0.050301 0.527954 0.209857 0.120051 0.001032 0.090792 0.000012
0.055661 0.525984 0.207685 0.118797 0.001014 0.090845 0.000014
0.055040 0.524098 0.208875 0.119204 0.001040 0.091733 0.000011
0.047340 0.524638 0.212006 0.121078 0.001049 0.093877 0.000012
0.046400 0.523739 0.212791 0.121358 0.001065 0.094636 0.000010
0.046183 0.522945 0.212694 0.121614 0.001074 0.095476 0.000014
0.048891 0.520796 0.212098 0.121022 0.001069 0.096110 0.000015
0.042360 0.521773 0.214651 0.122583 0.001100 0.097521 0.000012
0.041013 0.521593 0.215180 0.123028 0.001086 0.098086 0.000013
0.037959 0.518136 0.218070 0.124376 0.001129 0.100319 0.000011
0.035039 0.516911 0.219486 0.125498 0.001130 0.101925 0.000012
0.037261 0.516848 0.218364 0.124775 0.001116 0.101624 0.000012
0.031888 0.515725 0.221204 0.126362 0.001147 0.103665 0.000010
0.030710 0.514585 0.222035 0.126645 0.001180 0.104834 0.000011
0.031740 0.513005 0.221921 0.126982 0.001156 0.105185 0.000011
0.027979 0.510547 0.224329 0.128210 0.001171 0.107750 0.000013
0.027294 0.510414 0.224668 0.128279 0.001201 0.108130 0.000013
0.027366 0.508482 0.225437 0.128584 0.001194 0.108924 0.000013
0.024572 0.505639 0.227644 0.130015 0.001215 0.110899 0.000017
0.023088 0.504043 0.228687 0.130618 0.001248 0.112296 0.000019
0.023132 0.504357 0.228481 0.130560 0.001252 0.112204 0.000014
0.023075 0.501326 0.229377 0.131112 0.001255 0.113844 0.000011
0.022273 0.500878 0.229880 0.131017 0.001259 0.114678 0.000015
0.022158 0.500046 0.229937 0.131460 0.001293 0.115088 0.000017
0.020784 0.495797 0.232209 0.132573 0.001314 0.117306 0.000017
0.020627 0.495240 0.232043 0.132837 0.001312 0.117924 0.000016
0.020346 0.492555 0.233101 0.133106 0.001326 0.119550 0.000016
0.018962 0.489890 0.234695 0.133928 0.001339 0.121171 0.000015
0.018793 0.489232 0.234885 0.134053 0.001341 0.121679 0.000017
0.018207 0.486176 0.236067 0.134796 0.001338 0.123398 0.000018
0.018435 0.486512 0.235868 0.134444 0.001376 0.123348 0.000016
0.017572 0.482928 0.237267 0.135630 0.001372 0.125213 0.000019
0.016975 0.481030 0.238055 0.136162 0.001398 0.126362 0.000019
0.017123 0.479890 0.238413 0.136263 0.001432 0.126862 0.000018
0.016258 0.475760 0.240222 0.137217 0.001424 0.129098 0.000021
0.016433 0.475496 0.240064 0.137112 0.001446 0.129432 0.000018
0.016421 0.473119 0.240452 0.137542 0.001457 0.130991 0.000018
0.015832 0.471778 0.241339 0.137948 0.001457 0.131626 0.000020
0.015744 0.467221 0.242829 0.138437 0.001491 0.134259 0.000019
0.015579 0.467796 0.242910 0.138376 0.001481 0.133839 0.000020
0.015513 0.465494 0.243269 0.138656 0.001482 0.135568 0.000018
0.015325 0.464150 0.243843 0.139083 0.001519 0.136060 0.000021
0.015720 0.464526 0.243221 0.138856 0.001517 0.136138 0.000020
0.014709 0.459338 0.245385 0.139987 0.001569 0.138989 0.000021
0.015285 0.461883 0.243972 0.139151 0.001544 0.138146 0.000019
0.014907 0.456651 0.245809 0.140331 0.001574 0.140706 0.000022
0.014572 0.456204 0.245828 0.140499 0.001563 0.141313 0.000021
0.015037 0.454954 0.245883 0.140421 0.001578 0.142105 0.000022
0.014403 0.452376 0.247120 0.141059 0.001613 0.143405 0.000024
0.014478 0.450395 0.247514 0.141253 0.001627 0.144709 0.000024
0.014326 0.449666 0.247637 0.141571 0.001614 0.145163 0.000023
0.014004 0.446079 0.248966 0.142066 0.001642 0.147222 0.000022
0.014187 0.444951 0.249051 0.142178 0.001648 0.147959 0.000026
0.014206 0.444074 0.249308 0.142035 0.001670 0.148677 0.000029
0.013916 0.439210 0.250647 0.143184 0.001692 0.151321 0.000030
0.013795 0.438463 0.250997 0.143231 0.001671 0.151821 0.000022
0.013962 0.439306 0.250295 0.143093 0.001676 0.151640 0.000028
0.013756 0.436174 0.251439 0.143352 0.001711 0.153538 0.000029
0.013662 0.435173 0.251559 0.143663 0.001711 0.154207 0.000024
0.013803 0.433035 0.252041 0.143581 0.001714 0.155801 0.000025
0.013845 0.433328 0.251978 0.143569 0.001720 0.155529 0.000031
0.013406 0.428622 0.253501 0.144593 0.001771 0.158077 0.000030
0.028154 0.426350 0.247884 0.141343 0.001727 0.154514 0.000029
0.026594 0.422503 0.249514 0.142467 0.001750 0.157144 0.000029
0.024751 0.421897 0.250632 0.142889 0.001793 0.158008 0.000031
0.028684 0.419328 0.249176 0.142204 0.001764 0.158814 0.000029
0.024240 0.419337 0.250953 0.142965 0.001811 0.160665 0.000029
0.024764 0.418306 0.250835 0.143144 0.001805 0.161116 0.000031
0.024885 0.416636 0.251275 0.143073 0.001839 0.162261 0.000031
0.028884 0.414201 0.250099 0.142525 0.001813 0.162451 0.000026
0.028137 0.414446 0.249914 0.142646 0.001811 0.163019 0.000028
0.024733 0.412686 0.251761 0.143364 0.001837 0.165594 0.000025
0.024992 0.411803 0.251568 0.143280 0.001875 0.166448 0.000034
0.023783 0.411397 0.252164 0.143609 0.001841 0.167175 0.000031
0.022220 0.410161 0.253112 0.143971 0.001848 0.168659 0.000029
0.021079 0.410884 0.253083 0.143993 0.001865 0.169067 0.000030
0.021570 0.406044 0.253819 0.144807 0.001912 0.171819 0.000028
0.020639 0.407870 0.253816 0.144398 0.001889 0.171357 0.000031
0.020109 0.407731 0.253609 0.144601 0.001919 0.171999 0.000033
0.018434 0.405007 0.255338 0.145222 0.001957 0.174009 0.000032
0.018342 0.402945 0.255453 0.145546 0.001949 0.175741 0.000025
0.018525 0.401785 0.255580 0.145319 0.001949 0.176813 0.000030
0.016950 0.401269 0.256507 0.145779 0.001993 0.177468 0.000034
0.017901 0.399818 0.256075 0.145745 0.001970 0.178460 0.000031
0.016860 0.398742 0.256616 0.146106 0.001971 0.179673 0.000032
0.014889 0.397714 0.257942 0.146506 0.001981 0.180934 0.000034
0.016064 0.396545 0.257068 0.146356 0.001989 0.181941 0.000036
0.015631 0.393023 0.258643 0.146844 0.002051 0.183776 0.000032
0.015270 0.392021 0.258601 0.147168 0.002009 0.184901 0.000031
0.015644 0.393940 0.257746 0.146609 0.002015 0.184007 0.000039
0.014783 0.388400 0.259347 0.147574 0.002045 0.187817 0.000034
0.014496 0.388145 0.259458 0.147815 0.002085 0.187964 0.000038
0.014057 0.387365 0.259825 0.148132 0.002058 0.188531 0.000032
0.014210 0.384988 0.260252 0.148004 0.002075 0.190436 0.000034
0.013857 0.382848 0.260617 0.148784 0.002097 0.191767 0.000030
0.014111 0.382139 0.260259 0.148479 0.002122 0.192859 0.000030
0.013673 0.381086 0.260747 0.148552 0.002129 0.193777 0.000036
0.013910 0.380073 0.261037 0.148399 0.002137 0.194407 0.000037
0.013119 0.376022 0.262211 0.149411 0.002139 0.197060 0.000038
0.013272 0.376750 0.261897 0.149010 0.002178 0.196850 0.000042
0.013055 0.374315 0.262571 0.149518 0.002191 0.198313 0.000036
0.013469 0.372309 0.262555 0.149140 0.002206 0.200282 0.000038
0.013200 0.372195 0.262495 0.149578 0.002211 0.200282 0.000039
0.013329 0.370344 0.262516 0.149596 0.002213 0.201962 0.000039
0.012902 0.367593 0.263694 0.149807 0.002248 0.203717 0.000040
0.013018 0.368103 0.263114 0.149803 0.002242 0.203682 0.000039
0.013068 0.367810 0.263077 0.149677 0.002238 0.204090 0.000040
0.013097 0.366038 0.263373 0.149691 0.002272 0.205487 0.000043
0.012892 0.363444 0.264266 0.150165 0.002257 0.206935 0.000041
0.013057 0.363890 0.263738 0.150075 0.002260 0.206943 0.000036
0.012962 0.362373 0.263461 0.149843 0.002279 0.209044 0.000037
0.012655 0.358770 0.264904 0.150660 0.002301 0.210675 0.000035
0.012876 0.359574 0.264512 0.149945 0.002336 0.210714 0.000042
0.012927 0.357949 0.264565 0.150352 0.002345 0.211824 0.000038
0.012967 0.354742 0.265257 0.150736 0.002384 0.213876 0.000037
0.012855 0.355109 0.264837 0.150660 0.002348 0.214151 0.000039
0.012657 0.352998 0.265081 0.151064 0.002353 0.215810 0.000037
0.012595 0.351484 0.265657 0.150872 0.002390 0.216964 0.000038
0.012539 0.350609 0.265550 0.150976 0.002379 0.217909 0.000039
0.012801 0.350898 0.265141 0.150973 0.002368 0.217778 0.000040
0.012654 0.348435 0.265555 0.151120 0.002396 0.219800 0.000039
0.012812 0.347244 0.265537 0.151189 0.002410 0.220765 0.000044
0.012532 0.345742 0.266039 0.151471 0.002454 0.221719 0.000042
0.012450 0.343970 0.266167 0.151639 0.002473 0.223258 0.000043
0.012717 0.344572 0.265770 0.151334 0.002423 0.223139 0.000044
0.012766 0.342431 0.265824 0.151536 0.002452 0.224947 0.000043
0.012539 0.339867 0.266466 0.151656 0.002490 0.226935 0.000047
0.012472 0.338808 0.266654 0.151908 0.002517 0.227603 0.000038
0.012402 0.338066 0.266501 0.151611 0.002514 0.228865 0.000042
0.012481 0.336494 0.267037 0.151836 0.002530 0.229580 0.000042
0.012452 0.336685 0.266588 0.151560 0.002527 0.230143 0.000045
0.012592 0.334625 0.267248 0.151641 0.002510 0.231337 0.000049
0.012487 0.334453 0.266566 0.151819 0.002558 0.232072 0.000045
0.012650 0.331865 0.266788 0.151771 0.002578 0.234301 0.000047
0.012415 0.330200 0.267056 0.152235 0.002611 0.235439 0.000044
0.012636 0.330079 0.266726 0.151909 0.002605 0.235999 0.000046
0.015669 0.326148 0.266273 0.151620 0.002616 0.237625 0.000049
0.027676 0.324186 0.261736 0.149316 0.002549 0.234495 0.000042
0.023364 0.323476 0.263706 0.150248 0.002605 0.236557 0.000043
0.025153 0.323542 0.262714 0.149557 0.002610 0.236375 0.000049
0.029029 0.323062 0.261176 0.148649 0.002620 0.235419 0.000044
0.027228 0.319944 0.261944 0.149309 0.002613 0.238919 0.000043
0.028889 0.320958 0.261233 0.148497 0.002604 0.237780 0.000038
0.026406 0.320041 0.261837 0.149057 0.002625 0.239989 0.000045
0.024618 0.320433 0.262628 0.149328 0.002637 0.240310 0.000047
0.024739 0.318838 0.262409 0.149092 0.002679 0.242197 0.000046
0.024026 0.317646 0.262619 0.149419 0.002695 0.243552 0.000045
0.022848 0.318932 0.262592 0.149084 0.002661 0.243833 0.000050
0.021921 0.316639 0.263201 0.149659 0.002690 0.245841 0.000048
0.024675 0.316806 0.261327 0.148867 0.002707 0.245571 0.000048
0.020550 0.315362 0.263609 0.149958 0.002724 0.247745 0.000052
0.021239 0.313761 0.262967 0.149712 0.002701 0.249576 0.000044
0.020812 0.313653 0.262979 0.149597 0.002704 0.250199 0.000055
0.019978 0.314181 0.262995 0.149394 0.002702 0.250698 0.000052
0.019795 0.312280 0.263061 0.149638 0.002786 0.252388 0.000052
0.018233 0.310796 0.263991 0.149920 0.002788 0.254225 0.000048
0.018555 0.313409 0.263178 0.149452 0.002780 0.252576 0.000050
0.017472 0.310009 0.264362 0.150016 0.002808 0.255284 0.000049
0.016800 0.308523 0.264284 0.150403 0.002811 0.257129 0.000051
0.016741 0.309323 0.263911 0.150177 0.002833 0.256962 0.000053
0.016901 0.307680 0.263789 0.150244 0.002809 0.258527 0.000049
0.015478 0.305118 0.264996 0.150657 0.002847 0.260851 0.000052
0.016725 0.306725 0.263540 0.150131 0.002810 0.260017 0.000053
0.014967 0.303882 0.264906 0.150689 0.002868 0.262637 0.000051
0.014993 0.303683 0.264609 0.150702 0.002866 0.263094 0.000054
0.015186 0.303604 0.264603 0.150594 0.002842 0.263111 0.000060
0.014522 0.299911 0.265490 0.150796 0.002913 0.266313 0.000056
0.013961 0.296190 0.266270 0.151411 0.002895 0.269212 0.000063
0.013368 0.295239 0.266733 0.151529 0.002956 0.270118 0.000058
0.013962 0.296161 0.265899 0.151323 0.002975 0.269626 0.000054
0.013802 0.295829 0.265701 0.151048 0.002993 0.270569 0.000058
0.013612 0.292644 0.265934 0.151489 0.002972 0.273295 0.000055
0.013740 0.293699 0.265772 0.151032 0.003004 0.272686 0.000067
0.013385 0.290860 0.265848 0.151476 0.003001 0.275374 0.000055
0.013673 0.290602 0.265862 0.151097 0.003023 0.275688 0.000055
0.013317 0.288259 0.266060 0.151521 0.003066 0.277720 0.000057
0.013099 0.287984 0.265832 0.151358 0.003061 0.278612 0.000053
0.013468 0.287114 0.266094 0.151284 0.003084 0.278903 0.000052
0.013428 0.287991 0.265041 0.151063 0.003067 0.279348 0.000062
0.013527 0.286759 0.265504 0.151017 0.003081 0.280049 0.000063
0.013620 0.285134 0.265674 0.151145 0.003044 0.281325 0.000058
0.013400 0.283758 0.265541 0.151138 0.003087 0.283017 0.000058
0.013201 0.281672 0.266022 0.151478 0.003092 0.284476 0.000058
0.013112 0.280641 0.265716 0.151419 0.003167 0.285888 0.000057
0.013170 0.280836 0.265591 0.151491 0.003124 0.285728 0.000061
0.013084 0.277404 0.266090 0.151534 0.003162 0.288666 0.000060
0.013379 0.277326 0.265391 0.151282 0.003163 0.289400 0.000059
0.013060 0.276385 0.265498 0.151372 0.003200 0.290421 0.000063
0.013231 0.274682 0.265384 0.151294 0.003209 0.292145 0.000055
0.013155 0.273792 0.265906 0.151313 0.003222 0.292546 0.000067
0.013191 0.273805 0.265667 0.151241 0.003222 0.292812 0.000061
0.013058 0.272293 0.265580 0.151261 0.003241 0.294510 0.000058
0.013075 0.272493 0.265437 0.151137 0.003250 0.294547 0.000061
0.013100 0.272712 0.264702 0.150900 0.003237 0.295290 0.000059
0.013052 0.269447 0.264925 0.151130 0.003243 0.298137 0.000067
0.013152 0.269572 0.264905 0.150988 0.003242 0.298066 0.000074
0.013330 0.270277 0.264801 0.150762 0.003267 0.297500 0.000063
0.013113 0.266343 0.264644 0.150827 0.003279 0.301724 0.000071
0.013040 0.265543 0.264722 0.150990 0.003283 0.302352 0.000070
0.013289 0.265807 0.264609 0.151278 0.003288 0.301664 0.000067
0.012984 0.263523 0.264679 0.151044 0.003294 0.304409 0.000067
0.013284 0.264255 0.264151 0.150401 0.003341 0.304499 0.000070
0.013096 0.262590 0.264271 0.150646 0.003290 0.306036 0.000073
0.013212 0.263286 0.264002 0.150625 0.003326 0.305473 0.000076
0.013331 0.262055 0.263845 0.150346 0.003341 0.307007 0.000074
0.013455 0.261047 0.263970 0.150483 0.003335 0.307633 0.000079
0.013171 0.259379 0.264231 0.150322 0.003368 0.309458 0.000071
0.013365 0.257156 0.264261 0.150092 0.003394 0.311658 0.000074
0.013260 0.257017 0.264037 0.150178 0.003395 0.312041 0.000072
0.013239 0.257736 0.263326 0.150114 0.003338 0.312177 0.000070
0.013481 0.256308 0.263539 0.150126 0.003372 0.313103 0.000072
0.013286 0.252820 0.263437 0.149989 0.003426 0.316962 0.000081
0.021561 0.251877 0.260469 0.148588 0.003331 0.314095 0.000078
0.030844 0.253823 0.256828 0.146210 0.003293 0.308932 0.000071
0.034832 0.252991 0.255201 0.145268 0.003315 0.308316 0.000077
0.026658 0.252027 0.257883 0.146995 0.003369 0.312983 0.000084
0.031885 0.251811 0.255443 0.145568 0.003329 0.311894 0.000070
0.025247 0.251985 0.258051 0.146911 0.003378 0.314354 0.000075
0.028796 0.251466 0.255714 0.145561 0.003352 0.315037 0.000074
0.027749 0.250479 0.256139 0.145767 0.003422 0.316364 0.000079
0.026082 0.251694 0.256720 0.145799 0.003403 0.316225 0.000076
0.025759 0.250041 0.256810 0.145668 0.003396 0.318244 0.000082
0.023255 0.250337 0.257083 0.146242 0.003403 0.319603 0.000078
0.024251 0.249178 0.256145 0.145960 0.003427 0.320962 0.000076
0.021328 0.249300 0.256947 0.146596 0.003418 0.322330 0.000082
0.020787 0.248054 0.257256 0.146567 0.003474 0.323787 0.000075
0.021052 0.248790 0.256520 0.146375 0.003450 0.323738 0.000076
0.020000 0.247058 0.256778 0.146562 0.003486 0.326034 0.000082
0.020278 0.246977 0.256844 0.146187 0.003531 0.326105 0.000077
0.020303 0.247349 0.255980 0.146139 0.003487 0.326660 0.000081
0.018475 0.243767 0.257512 0.146653 0.003513 0.329995 0.000085
0.016908 0.241491 0.257954 0.146978 0.003526 0.333056 0.000087
0.018038 0.244923 0.256830 0.146039 0.003511 0.330572 0.000087
0.017980 0.243318 0.256278 0.146188 0.003607 0.332542 0.000086
0.017708 0.242318 0.256589 0.146652 0.003553 0.333086 0.000094
0.017476 0.242349 0.256248 0.146188 0.003565 0.334095 0.000079
0.016041 0.238065 0.257270 0.146721 0.003582 0.338234 0.000088
0.016140 0.236690 0.257383 0.146762 0.003585 0.339347 0.000093
0.016765 0.240537 0.256121 0.145881 0.003596 0.337016 0.000086
0.015593 0.238065 0.257292 0.146253 0.003596 0.339116 0.000086
0.015676 0.234986 0.257537 0.146600 0.003635 0.341475 0.000090
0.016680 0.238062 0.255185 0.145831 0.003527 0.340622 0.000093
0.015093 0.233543 0.257438 0.146857 0.003639 0.343336 0.000094
0.015193 0.233347 0.256881 0.146762 0.003655 0.344073 0.000089
0.015250 0.233050 0.256591 0.146366 0.003649 0.345000 0.000093
0.015383 0.231878 0.256435 0.146307 0.003644 0.346261 0.000091
0.015174 0.229684 0.256628 0.146494 0.003663 0.348261 0.000097
0.015513 0.231550 0.255882 0.146236 0.003697 0.347028 0.000094
0.014989 0.228514 0.255988 0.146305 0.003660 0.350450 0.000093
0.015104 0.228284 0.255838 0.145936 0.003700 0.351040 0.000098
0.015102 0.226544 0.255677 0.145787 0.003721 0.353074 0.000096
0.015093 0.227503 0.255260 0.145594 0.003713 0.352739 0.000099
0.015305 0.229045 0.254952 0.145475 0.003656 0.351467 0.000100
0.014734 0.224663 0.255350 0.145622 0.003768 0.355765 0.000097
0.014761 0.224978 0.255223 0.145501 0.003729 0.355710 0.000098
0.014628 0.224905 0.255218 0.145416 0.003729 0.356014 0.000090
0.014916 0.223926 0.254938 0.145513 0.003753 0.356848 0.000106
0.014226 0.219267 0.256038 0.145786 0.003775 0.360798 0.000110
0.014479 0.220371 0.255126 0.145587 0.003788 0.360542 0.000107
0.014929 0.219821 0.254420 0.144751 0.003766 0.362210 0.000104
0.014733 0.218007 0.254968 0.145093 0.003785 0.363307 0.000107
0.014907 0.220689 0.254211 0.144761 0.003739 0.361593 0.000099
0.014495 0.217734 0.254737 0.145043 0.003773 0.364114 0.000104
0.014771 0.219449 0.253257 0.144491 0.003824 0.364104 0.000103
0.014615 0.216587 0.253912 0.144523 0.003795 0.366463 0.000106
0.014685 0.215924 0.253655 0.144616 0.003831 0.367179 0.000112
0.014731 0.215654 0.253493 0.144545 0.003850 0.367620 0.000107
0.014868 0.214603 0.253097 0.144020 0.003805 0.369498 0.000110
0.014715 0.211232 0.253375 0.144767 0.003848 0.371959 0.000104
0.014767 0.215766 0.252783 0.143956 0.003820 0.368797 0.000110
0.014955 0.213499 0.252215 0.143850 0.003884 0.371487 0.000110
0.014704 0.212156 0.252211 0.143993 0.003816 0.373008 0.000112
0.014926 0.210984 0.251943 0.143768 0.003925 0.374342 0.000112
0.014709 0.209189 0.252452 0.144034 0.003892 0.375614 0.000110
0.014871 0.207869 0.252344 0.143748 0.003918 0.377127 0.000123
0.014883 0.208599 0.251734 0.143823 0.003843 0.377007 0.000112
0.015032 0.208763 0.251245 0.143626 0.003902 0.377319 0.000113
0.014950 0.209125 0.251452 0.143350 0.003935 0.377075 0.000112
0.014945 0.206814 0.251170 0.143314 0.003959 0.379679 0.000119
0.015019 0.205679 0.251191 0.143050 0.003936 0.381007 0.000117
0.014770 0.204684 0.251420 0.143365 0.003988 0.381662 0.000111
0.015185 0.207647 0.250804 0.142934 0.003895 0.379419 0.000116
0.014970 0.203532 0.250489 0.142786 0.003969 0.384135 0.000119
0.014908 0.203427 0.250146 0.142634 0.004020 0.384753 0.000112
0.015149 0.203824 0.250162 0.142552 0.003999 0.384200 0.000115
0.015155 0.201786 0.249963 0.142608 0.003963 0.386403 0.000121
0.015013 0.202270 0.249954 0.142110 0.003985 0.386541 0.000127
0.015078 0.201929 0.249502 0.142741 0.003919 0.386706 0.000125
0.015316 0.202843 0.248878 0.141896 0.003974 0.386976 0.000117
0.015071 0.199921 0.249354 0.142578 0.003982 0.388970 0.000124
0.015307 0.199769 0.248779 0.142069 0.004051 0.389906 0.000119
0.015291 0.197935 0.248728 0.141697 0.004011 0.392209 0.000129
0.015341 0.198177 0.248294 0.141980 0.004002 0.392079 0.000128
0.015207 0.196523 0.248924 0.141850 0.004028 0.393349 0.000120
0.015238 0.196838 0.248145 0.141644 0.003995 0.394012 0.000127
0.015324 0.195084 0.247754 0.141494 0.004012 0.396201 0.000132
0.015528 0.194228 0.247275 0.141209 0.004030 0.397606 0.000123
0.015519 0.195449 0.247130 0.140842 0.004034 0.396894 0.000132
0.015474 0.194302 0.247082 0.140943 0.004047 0.398030 0.000122
0.015568 0.195772 0.246849 0.141131 0.004078 0.396480 0.000122
0.015547 0.192517 0.246571 0.140893 0.004137 0.400208 0.000127
0.015703 0.194626 0.246492 0.140598 0.004087 0.398365 0.000130
0.015382 0.193361 0.246566 0.140320 0.004109 0.400140 0.000123
0.015656 0.190280 0.246671 0.140421 0.004103 0.402754 0.000115
0.015577 0.190771 0.246316 0.140279 0.004059 0.402868 0.000130
0.015762 0.191125 0.245370 0.139920 0.004038 0.403663 0.000122
0.015775 0.190369 0.244876 0.139787 0.004109 0.404953 0.000132
0.015630 0.189760 0.245197 0.140010 0.004151 0.405129 0.000123
0.015659 0.188413 0.245181 0.139681 0.004092 0.406841 0.000131
0.015652 0.189244 0.244941 0.139649 0.004129 0.406255 0.000132
0.015824 0.188635 0.244808 0.139471 0.004111 0.407017 0.000134
0.015961 0.187015 0.244182 0.139108 0.004105 0.409491 0.000137
0.015795 0.187930 0.244025 0.138774 0.004088 0.409254 0.000135
0.015913 0.184901 0.244034 0.139439 0.004174 0.411406 0.000133
0.015859 0.186343 0.243526 0.138655 0.004118 0.411355 0.000144
0.016086 0.183850 0.243985 0.138707 0.004179 0.413048 0.000144
0.015981 0.182805 0.243599 0.138604 0.004187 0.414692 0.000131
0.016071 0.184725 0.243204 0.138639 0.004172 0.413047 0.000141
0.016147 0.184123 0.242890 0.138320 0.004161 0.414225 0.000134
0.015974 0.183033 0.243004 0.138320 0.004184 0.415342 0.000144
0.016084 0.183011 0.242243 0.137985 0.004190 0.416347 0.000141
0.016267 0.181315 0.242068 0.138203 0.004248 0.417761 0.000138
0.016199 0.180986 0.242241 0.137551 0.004203 0.418684 0.000135
0.016236 0.179873 0.241611 0.137655 0.004159 0.420323 0.000143
0.016389 0.179003 0.241777 0.137233 0.004170 0.421286 0.000142
0.016334 0.180591 0.241340 0.137508 0.004213 0.419868 0.000146
0.016311 0.178794 0.240917 0.137605 0.004193 0.422035 0.000145
0.016328 0.179200 0.241278 0.137083 0.004240 0.421723 0.000149
0.016409 0.179184 0.240848 0.136933 0.004191 0.422282 0.000154
0.016612 0.176884 0.240141 0.136789 0.004268 0.425171 0.000136
0.016759 0.176646 0.239826 0.137012 0.004245 0.425368 0.000144
0.016608 0.174747 0.239548 0.136527 0.004304 0.428128 0.000138
0.016570 0.176936 0.239494 0.136708 0.004211 0.425937 0.000145
0.016774 0.175464 0.238602 0.136129 0.004257 0.428625 0.000150
0.016652 0.174675 0.238660 0.136303 0.004297 0.429260 0.000153
0.016797 0.173732 0.238635 0.135937 0.004313 0.430431 0.000155
0.016622 0.173845 0.237794 0.135729 0.004274 0.431581 0.000154
0.016655 0.173474 0.238288 0.136001 0.004365 0.431067 0.000151
0.016669 0.173067 0.238141 0.135542 0.004345 0.432078 0.000158
0.016941 0.171674 0.237847 0.135772 0.004364 0.433250 0.000152
0.016756 0.171774 0.237466 0.135499 0.004313 0.434038 0.000154
0.016930 0.171713 0.236966 0.135267 0.004336 0.434638 0.000150
0.017056 0.169823 0.236753 0.135220 0.004354 0.436646 0.000148
0.016776 0.170442 0.236998 0.135088 0.004368 0.436160 0.000168
0.017037 0.168570 0.236508 0.134562 0.004416 0.438753 0.000154
0.017206 0.169066 0.235788 0.134759 0.004371 0.438657 0.000153
0.017094 0.168846 0.235741 0.134554 0.004386 0.439216 0.000162
0.016768 0.168664 0.236032 0.134561 0.004418 0.439392 0.000166
0.017045 0.169512 0.235138 0.134420 0.004400 0.439322 0.000163
0.017358 0.168110 0.235011 0.134124 0.004423 0.440807 0.000167
0.017109 0.166999 0.234934 0.134095 0.004434 0.442268 0.000162
0.017120 0.168222 0.234899 0.133958 0.004393 0.441239 0.000168
0.017134 0.166567 0.234615 0.133882 0.004423 0.443217 0.000163
0.017295 0.164892 0.234173 0.133753 0.004468 0.445252 0.000168
0.017322 0.165983 0.234199 0.133708 0.004475 0.444151 0.000161
0.017451 0.165565 0.233785 0.133080 0.004451 0.445496 0.000172
0.017459 0.163283 0.233323 0.133177 0.004506 0.448085 0.000168
0.017520 0.163910 0.233459 0.132877 0.004489 0.447583 0.000162
0.017359 0.162129 0.233091 0.132769 0.004456 0.450018 0.000178
0.017652 0.163268 0.232642 0.132666 0.004477 0.449125 0.000169
0.017563 0.162378 0.232267 0.132406 0.004415 0.450796 0.000174
0.017655 0.161242 0.232060 0.132577 0.004476 0.451823 0.000165
0.017580 0.161970 0.232201 0.132376 0.004471 0.451231 0.000171
0.017676 0.162606 0.232057 0.132258 0.004438 0.450795 0.000169
0.017725 0.160793 0.231370 0.132180 0.004505 0.453249 0.000178
0.017805 0.159837 0.231034 0.132108 0.004482 0.454568 0.000165
0.017777 0.158559 0.230784 0.131528 0.004468 0.456710 0.000173
0.017989 0.159223 0.230585 0.131740 0.004529 0.455752 0.000182
0.017859 0.158363 0.229934 0.131023 0.004557 0.458087 0.000178
0.017843 0.158741 0.230196 0.131534 0.004485 0.457026 0.000175
0.017930 0.158245 0.229696 0.131022 0.004499 0.458435 0.000173
0.018028 0.156852 0.229163 0.131081 0.004501 0.460186 0.000190
0.018242 0.158013 0.229071 0.130366 0.004517 0.459612 0.000179
0.018098 0.157342 0.228848 0.130944 0.004574 0.460010 0.000184
0.018061 0.155056 0.228021 0.130239 0.004608 0.463836 0.000179
0.018174 0.155463 0.228268 0.130623 0.004520 0.462769 0.000183
0.018338 0.155685 0.227963 0.130110 0.004555 0.463172 0.000177
0.018338 0.154387 0.227906 0.129994 0.004521 0.464672 0.000180
0.018195 0.154502 0.227534 0.130145 0.004604 0.464828 0.000192
0.018283 0.155275 0.227611 0.129640 0.004536 0.464474 0.000180
0.018312 0.154132 0.227332 0.129391 0.004558 0.466092 0.000182
0.018499 0.152937 0.226665 0.129376 0.004552 0.467788 0.000181
0.018183 0.152524 0.226874 0.129454 0.004576 0.468202 0.000187
0.018172 0.153361 0.226516 0.129463 0.004577 0.467723 0.000188
0.018490 0.151148 0.225889 0.128681 0.004598 0.471015 0.000178
0.018299 0.150811 0.226447 0.129008 0.004654 0.470595 0.000185
0.018658 0.151964 0.225426 0.128644 0.004604 0.470512 0.000192
0.018600 0.151022 0.225425 0.128495 0.004609 0.471654 0.000195
0.018517 0.152101 0.225388 0.128306 0.004552 0.470948 0.000189
0.018567 0.151353 0.225082 0.127990 0.004650 0.472162 0.000197
0.018707 0.149640 0.224692 0.127947 0.004628 0.474189 0.000198
0.018794 0.149131 0.224291 0.128027 0.004614 0.474953 0.000189
0.019041 0.149094 0.223819 0.127708 0.004612 0.475536 0.000189
0.019021 0.148178 0.223741 0.127323 0.004659 0.476889 0.000190
0.018845 0.148208 0.223337 0.127558 0.004611 0.477242 0.000200
0.019125 0.147591 0.223050 0.127086 0.004664 0.478289 0.000194
0.019113 0.148243 0.222873 0.127078 0.004662 0.477825 0.000206
0.018919 0.147779 0.222824 0.126865 0.004641 0.478769 0.000204
0.019027 0.147060 0.222564 0.126764 0.004646 0.479739 0.000199
0.018948 0.146694 0.222562 0.126795 0.004674 0.480125 0.000202
0.019032 0.145150 0.221955 0.126051 0.004673 0.482936 0.000204
0.019246 0.146559 0.221591 0.126494 0.004625 0.481287 0.000198
0.019432 0.144808 0.221170 0.126119 0.004706 0.483568 0.000196
0.019194 0.146133 0.221398 0.126227 0.004671 0.482162 0.000214
0.019230 0.143817 0.221231 0.125895 0.004703 0.484927 0.000197
0.019326 0.143645 0.220766 0.125785 0.004660 0.485619 0.000199
0.019288 0.143776 0.220358 0.125417 0.004713 0.486236 0.000212
