0.999112 0.000861 0.000016 0.000011 0.000000 0.000000 0.000000
0.998683 0.001274 0.000022 0.000008 0.000000 0.000013 0.000000
0.998248 0.001697 0.000030 0.000012 0.000000 0.000013 0.000000
0.997770 0.002162 0.000040 0.000015 0.000000 0.000013 0.000000
0.997326 0.002592 0.000046 0.000021 0.000000 0.000014 0.000000
0.996832 0.003077 0.000051 0.000027 0.000000 0.000014 0.000000
0.996276 0.003622 0.000059 0.000030 0.000000 0.000013 0.000000
0.995555 0.004336 0.000064 0.000033 0.000000 0.000013 0.000000
0.994733 0.005147 0.000063 0.000045 0.000000 0.000012 0.000000
0.993663 0.006186 0.000077 0.000063 0.000000 0.000011 0.000000
0.992784 0.007037 0.000103 0.000064 0.000000 0.000011 0.000000
0.991178 0.008617 0.000130 0.000066 0.000000 0.000010 0.000000
0.989224 0.010524 0.000148 0.000092 0.000000 0.000011 0.000000
0.986488 0.013207 0.000148 0.000135 0.000000 0.000021 0.000000
0.984111 0.015538 0.000192 0.000142 0.000000 0.000018 0.000000
0.980586 0.018973 0.000242 0.000180 0.000000 0.000019 0.000000
0.977394 0.022073 0.000310 0.000209 0.000000 0.000015 0.000000
0.973329 0.026064 0.000354 0.000238 0.000000 0.000014 0.000000
0.966984 0.032271 0.000444 0.000280 0.000000 0.000021 0.000000
0.961671 0.037442 0.000548 0.000325 0.000000 0.000014 0.000000
0.954651 0.044299 0.000661 0.000365 0.000000 0.000024 0.000000
0.948268 0.050554 0.000740 0.000412 0.000000 0.000027 0.000000
0.940507 0.058143 0.000847 0.000472 0.000000 0.000031 0.000000
0.930104 0.068291 0.001022 0.000549 0.000000 0.000035 0.000000
0.919942 0.078189 0.001181 0.000652 0.000000 0.000036 0.000000
0.908631 0.089266 0.001337 0.000732 0.000000 0.000034 0.000000
0.898216 0.099427 0.001479 0.000840 0.000000 0.000039 0.000000
0.886088 0.111189 0.001704 0.000974 0.000000 0.000045 0.000000
0.872787 0.124092 0.001965 0.001108 0.000000 0.000049 0.000000
0.860239 0.136263 0.002223 0.001220 0.000000 0.000054 0.000000
0.845113 0.150934 0.002525 0.001362 0.000000 0.000066 0.000000
0.828777 0.166753 0.002831 0.001567 0.000001 0.000071 0.000000
0.813096 0.181966 0.003135 0.001726 0.000001 0.000075 0.000000
0.797860 0.196659 0.003464 0.001929 0.000002 0.000086 0.000000
0.783823 0.210151 0.003796 0.002134 0.000002 0.000094 0.000000
0.770002 0.223379 0.004155 0.002353 0.000002 0.000109 0.000000
0.753338 0.239349 0.004573 0.002615 0.000002 0.000124 0.000000
0.735812 0.256180 0.005012 0.002855 0.000002 0.000140 0.000000
0.720852 0.270484 0.005409 0.003099 0.000002 0.000154 0.000000
0.705640 0.284933 0.005857 0.003400 0.000003 0.000168 0.000000
0.690489 0.299345 0.006314 0.003660 0.000003 0.000188 0.000000
0.676696 0.312401 0.006768 0.003923 0.000003 0.000208 0.000000
0.660594 0.327563 0.007342 0.004257 0.000004 0.000240 0.000000
0.646489 0.340830 0.007846 0.004570 0.000003 0.000261 0.000000
0.635064 0.351414 0.008357 0.004880 0.000002 0.000283 0.000000
0.620321 0.365190 0.008968 0.005208 0.000003 0.000310 0.000000
0.607057 0.377495 0.009601 0.005506 0.000003 0.000339 0.000000
0.595487 0.388237 0.010099 0.005820 0.000002 0.000356 0.000000
0.580614 0.402085 0.010717 0.006193 0.000004 0.000387 0.000000
0.567557 0.414092 0.011377 0.006550 0.000005 0.000420 0.000000
0.553400 0.427083 0.012100 0.006955 0.000005 0.000458 0.000000
0.543641 0.435887 0.012710 0.007271 0.000005 0.000485 0.000000
0.531015 0.447400 0.013390 0.007657 0.000005 0.000533 0.000000
0.516638 0.460452 0.014215 0.008119 0.000004 0.000571 0.000000
0.509881 0.466515 0.014667 0.008327 0.000009 0.000601 0.000000
0.496138 0.478847 0.015534 0.008822 0.000010 0.000649 0.000000
0.484580 0.489118 0.016362 0.009232 0.000010 0.000697 0.000000
0.470670 0.501271 0.017395 0.009883 0.000011 0.000770 0.000000
0.465368 0.505732 0.017920 0.010146 0.000012 0.000823 0.000000
0.455805 0.514071 0.018705 0.010531 0.000012 0.000876 0.000000
0.442405 0.525648 0.019767 0.011189 0.000014 0.000977 0.000000
0.432172 0.534509 0.020608 0.011655 0.000014 0.001043 0.000000
0.425002 0.540444 0.021295 0.012113 0.000015 0.001131 0.000000
0.416241 0.547714 0.022171 0.012666 0.000014 0.001194 0.000000
0.406745 0.555738 0.023073 0.013133 0.000017 0.001294 0.000000
0.395554 0.565154 0.024155 0.013750 0.000019 0.001368 0.000000
0.386493 0.572583 0.025129 0.014314 0.000020 0.001462 0.000000
0.380642 0.576992 0.025981 0.014824 0.000021 0.001541 0.000000
0.369641 0.585904 0.027252 0.015512 0.000024 0.001667 0.000000
0.364153 0.590129 0.028011 0.015917 0.000023 0.001767 0.000000
0.352299 0.599940 0.029206 0.016674 0.000025 0.001856 0.000000
0.342159 0.608085 0.030428 0.017335 0.000026 0.001966 0.000000
0.338401 0.610508 0.031225 0.017798 0.000028 0.002040 0.000000
0.334339 0.613218 0.031983 0.018271 0.000032 0.002157 0.000000
0.324458 0.620965 0.033286 0.018991 0.000030 0.002271 0.000000
0.315676 0.627797 0.034431 0.019655 0.000035 0.002407 0.000000
0.308698 0.632715 0.035726 0.020316 0.000036 0.002510 0.000000
0.305204 0.634386 0.036805 0.020906 0.000036 0.002664 0.000000
0.296145 0.641406 0.037973 0.021654 0.000036 0.002786 0.000000
0.288942 0.646171 0.039347 0.022536 0.000041 0.002964 0.000000
0.285693 0.647343 0.040563 0.023217 0.000039 0.003145 0.000000
0.277631 0.653131 0.041918 0.024003 0.000046 0.003270 0.000000
0.276910 0.652438 0.042726 0.024488 0.000046 0.003392 0.000000
0.274528 0.653081 0.043748 0.025067 0.000049 0.003526 0.000000
0.269311 0.656164 0.045043 0.025714 0.000054 0.003715 0.000000
0.262075 0.660508 0.046725 0.026668 0.000058 0.003966 0.000000
0.258613 0.662669 0.047435 0.027123 0.000061 0.004099 0.000000
0.255695 0.663149 0.048934 0.027842 0.000067 0.004313 0.000000
0.254101 0.663458 0.049606 0.028277 0.000068 0.004489 0.000000
0.248343 0.666623 0.051115 0.029098 0.000068 0.004754 0.000000
0.245145 0.667539 0.052386 0.029908 0.000076 0.004947 0.000000
0.241370 0.669426 0.053511 0.030466 0.000078 0.005149 0.000000
0.230505 0.677725 0.054949 0.031354 0.000083 0.005385 0.000000
0.226726 0.679042 0.056400 0.032102 0.000082 0.005647 0.000000
0.229067 0.676227 0.056610 0.032266 0.000086 0.005743 0.000000
0.215853 0.684608 0.059532 0.033777 0.000094 0.006136 0.000000
0.206755 0.690245 0.061401 0.035019 0.000095 0.006486 0.000000
0.203985 0.691266 0.062473 0.035516 0.000101 0.006660 0.000000
0.196985 0.695238 0.064236 0.036444 0.000104 0.006993 0.000000
0.194131 0.695700 0.065558 0.037228 0.000103 0.007280 0.000000
0.190241 0.697521 0.066643 0.037942 0.000116 0.007537 0.000000
0.181122 0.704062 0.068158 0.038769 0.000118 0.007772 0.000000
0.174918 0.706530 0.070272 0.039951 0.000119 0.008211 0.000000
0.169592 0.708386 0.072212 0.041077 0.000124 0.008608 0.000000
0.163523 0.710871 0.074169 0.042296 0.000129 0.009011 0.000000
0.157217 0.715349 0.075284 0.042834 0.000129 0.009187 0.000000
0.151408 0.715672 0.078278 0.044662 0.000137 0.009843 0.000000
0.151017 0.715294 0.078687 0.044880 0.000131 0.009991 0.000000
0.151335 0.713807 0.079331 0.045223 0.000143 0.010162 0.000000
0.142650 0.717179 0.082355 0.046932 0.000144 0.010740 0.000001
0.140706 0.716452 0.083737 0.047773 0.000156 0.011175 0.000001
0.136889 0.716689 0.085803 0.048798 0.000165 0.011655 0.000001
0.135400 0.715905 0.087051 0.049456 0.000170 0.012018 0.000001
0.132619 0.715307 0.088769 0.050584 0.000176 0.012543 0.000001
0.129405 0.715639 0.090446 0.051376 0.000181 0.012951 0.000001
0.127253 0.714744 0.092059 0.052356 0.000183 0.013404 0.000001
0.120214 0.717894 0.094275 0.053514 0.000195 0.013907 0.000001
0.122318 0.713851 0.095324 0.054067 0.000201 0.014239 0.000001
0.118359 0.715472 0.096552 0.054802 0.000198 0.014616 0.000001
0.115190 0.716214 0.097781 0.055616 0.000201 0.014997 0.000001
0.109942 0.716759 0.100361 0.057008 0.000202 0.015727 0.000002
0.111078 0.715086 0.100727 0.057095 0.000202 0.015810 0.000001
0.103780 0.717274 0.103506 0.058723 0.000220 0.016495 0.000002
0.103103 0.715729 0.104537 0.059433 0.000228 0.016969 0.000001
0.096059 0.719041 0.106588 0.060561 0.000230 0.017519 0.000002
0.092601 0.717528 0.109335 0.062019 0.000248 0.018266 0.000003
0.086160 0.721083 0.111002 0.062855 0.000248 0.018648 0.000003
0.087212 0.718203 0.111945 0.063281 0.000249 0.019106 0.000004
0.083303 0.718162 0.113856 0.064634 0.000261 0.019780 0.000004
0.077556 0.719941 0.115984 0.065809 0.000266 0.020442 0.000003
0.073992 0.718852 0.118493 0.067173 0.000290 0.021197 0.000004
0.068647 0.720420 0.120400 0.068330 0.000291 0.021908 0.000004
0.067362 0.719760 0.121362 0.068931 0.000296 0.022285 0.000005
0.065732 0.719295 0.122446 0.069574 0.000301 0.022648 0.000004
0.060282 0.717570 0.126383 0.071581 0.000312 0.023867 0.000004
0.061178 0.716276 0.126349 0.071741 0.000312 0.024140 0.000004
0.056705 0.715100 0.129190 0.073498 0.000323 0.025179 0.000006
0.056011 0.714734 0.129980 0.073615 0.000329 0.025326 0.000004
0.057251 0.707608 0.132765 0.075479 0.000347 0.026546 0.000004
0.057481 0.707087 0.132965 0.075521 0.000353 0.026589 0.000005
0.054717 0.704806 0.135466 0.077038 0.000381 0.027587 0.000005
0.056096 0.702120 0.136096 0.077325 0.000365 0.027993 0.000005
0.054002 0.701393 0.137525 0.078195 0.000378 0.028503 0.000005
0.063194 0.692087 0.137417 0.078050 0.000377 0.028870 0.000004
0.060128 0.690936 0.139722 0.079235 0.000388 0.029587 0.000004
0.058267 0.689217 0.141639 0.080079 0.000395 0.030398 0.000005
0.056883 0.687495 0.143064 0.080889 0.000414 0.031251 0.000004
0.062119 0.681941 0.142910 0.081018 0.000417 0.031589 0.000005
0.066187 0.676637 0.143539 0.081224 0.000424 0.031985 0.000004
0.064358 0.677714 0.143782 0.081564 0.000420 0.032157 0.000004
0.063983 0.675358 0.145168 0.082118 0.000431 0.032938 0.000004
0.065299 0.670315 0.146754 0.083269 0.000444 0.033913 0.000006
0.064569 0.668851 0.147940 0.083839 0.000433 0.034363 0.000005
0.060498 0.669394 0.149739 0.084794 0.000454 0.035117 0.000004
0.060434 0.666873 0.151012 0.085380 0.000463 0.035835 0.000004
0.059311 0.665013 0.152400 0.086357 0.000456 0.036457 0.000004
0.056777 0.664284 0.153866 0.087229 0.000470 0.037369 0.000004
0.057612 0.661699 0.154633 0.087620 0.000484 0.037947 0.000004
0.060813 0.657895 0.154943 0.087561 0.000485 0.038300 0.000003
0.057579 0.657409 0.156720 0.088697 0.000491 0.039100 0.000004
0.059038 0.653764 0.157496 0.089267 0.000507 0.039924 0.000004
0.058751 0.653568 0.157660 0.089293 0.000515 0.040208 0.000005
0.055506 0.653569 0.159374 0.090181 0.000499 0.040865 0.000006
0.054333 0.651853 0.160389 0.091092 0.000531 0.041797 0.000006
0.053050 0.648511 0.162722 0.092200 0.000552 0.042957 0.000007
0.053572 0.646208 0.163488 0.092743 0.000547 0.043436 0.000005
0.050097 0.646785 0.165118 0.093310 0.000556 0.044126 0.000007
0.052087 0.643195 0.165620 0.093728 0.000560 0.044803 0.000007
0.046944 0.641975 0.168732 0.095575 0.000574 0.046194 0.000006
0.045909 0.642208 0.169036 0.095734 0.000587 0.046520 0.000005
0.042772 0.641574 0.170855 0.096675 0.000595 0.047523 0.000006
0.044787 0.639092 0.171032 0.096566 0.000597 0.047921 0.000006
0.041481 0.639917 0.172094 0.097397 0.000597 0.048508 0.000006
0.038506 0.637334 0.174720 0.098963 0.000620 0.049848 0.000009
0.041119 0.634776 0.174653 0.098736 0.000631 0.050077 0.000007
0.045190 0.628883 0.175360 0.099138 0.000634 0.050787 0.000009
0.042732 0.626967 0.177330 0.100346 0.000638 0.051981 0.000007
0.042731 0.625615 0.178074 0.100625 0.000638 0.052309 0.000008
0.050332 0.618418 0.177475 0.100230 0.000657 0.052878 0.000010
0.052560 0.613896 0.178239 0.100808 0.000657 0.053830 0.000011
0.051941 0.612865 0.179190 0.101210 0.000676 0.054109 0.000010
0.050124 0.613205 0.179798 0.101519 0.000678 0.054668 0.000008
0.050016 0.609097 0.181597 0.102592 0.000699 0.055991 0.000008
0.050089 0.609973 0.180799 0.102433 0.000686 0.056012 0.000008
0.047530 0.606978 0.183607 0.103804 0.000706 0.057368 0.000008
0.049928 0.603304 0.183871 0.104125 0.000704 0.058058 0.000009
0.049336 0.601930 0.184361 0.104688 0.000724 0.058954 0.000007
0.048500 0.601830 0.184850 0.104602 0.000717 0.059490 0.000011
0.047961 0.599186 0.186227 0.105592 0.000727 0.060296 0.000010
0.050164 0.595096 0.186848 0.105951 0.000758 0.061176 0.000008
0.050264 0.594120 0.187281 0.106060 0.000754 0.061512 0.000009
0.049805 0.593251 0.187626 0.106313 0.000740 0.062256 0.000008
0.047082 0.591532 0.189833 0.107305 0.000765 0.063475 0.000009
0.049974 0.588839 0.189088 0.107223 0.000768 0.064099 0.000009
0.046626 0.588818 0.190874 0.108153 0.000777 0.064744 0.000009
0.047226 0.586893 0.191309 0.108246 0.000777 0.065539 0.000010
0.044394 0.585261 0.193190 0.109339 0.000818 0.066988 0.000010
0.039907 0.584146 0.195742 0.110945 0.000838 0.068411 0.000011
0.041037 0.584786 0.194802 0.110170 0.000825 0.068368 0.000011
0.040661 0.582414 0.195686 0.111127 0.000835 0.069264 0.000012
0.038927 0.581067 0.197227 0.111689 0.000843 0.070237 0.000011
0.034884 0.578941 0.199791 0.113400 0.000879 0.072094 0.000011
0.035439 0.578709 0.199486 0.113164 0.000849 0.072342 0.000012
0.034092 0.578238 0.200160 0.113761 0.000866 0.072873 0.000010
0.032247 0.574676 0.202667 0.114965 0.000883 0.074548 0.000013
0.030266 0.575170 0.203247 0.115393 0.000902 0.075012 0.000010
0.030261 0.571609 0.204648 0.116004 0.000916 0.076549 0.000014
0.027554 0.570592 0.206375 0.116855 0.000928 0.077682 0.000014
0.028737 0.569045 0.206438 0.116872 0.000938 0.077955 0.000014
0.026918 0.567919 0.207620 0.117709 0.000949 0.078872 0.000013
0.025149 0.565968 0.209077 0.118493 0.000963 0.080336 0.000016
0.024700 0.562896 0.210791 0.119276 0.000970 0.081354 0.000012
0.023787 0.560504 0.212091 0.119853 0.001012 0.082740 0.000012
0.023147 0.559318 0.212666 0.120238 0.001032 0.083583 0.000016
0.023019 0.557631 0.213404 0.120647 0.001019 0.084265 0.000014
0.022332 0.556497 0.213822 0.121207 0.001022 0.085108 0.000012
0.021575 0.554845 0.215062 0.121523 0.001076 0.085904 0.000014
0.020905 0.553161 0.215929 0.122266 0.001086 0.086638 0.000015
0.021171 0.549985 0.217014 0.122617 0.001088 0.088110 0.000016
0.020704 0.548760 0.217394 0.122952 0.001079 0.089093 0.000018
0.019145 0.545310 0.219878 0.124164 0.001095 0.090391 0.000017
0.020179 0.544865 0.219132 0.123992 0.001089 0.090726 0.000017
0.019812 0.543262 0.219954 0.124317 0.001101 0.091540 0.000015
0.019024 0.540963 0.221173 0.125029 0.001112 0.092681 0.000018
0.019022 0.538314 0.222108 0.125435 0.001130 0.093975 0.000015
0.018295 0.535411 0.223485 0.126291 0.001127 0.095374 0.000018
0.018059 0.534023 0.223942 0.126558 0.001143 0.096256 0.000019
0.017957 0.532585 0.224469 0.126993 0.001160 0.096817 0.000019
0.017950 0.531381 0.224704 0.127084 0.001165 0.097699 0.000017
0.017628 0.529062 0.225747 0.127783 0.001188 0.098576 0.000016
0.017617 0.527394 0.225990 0.128252 0.001187 0.099542 0.000018
0.017047 0.524262 0.227513 0.129013 0.001189 0.100956 0.000020
0.016973 0.520447 0.228999 0.129607 0.001212 0.102742 0.000020
0.016532 0.520333 0.228939 0.129937 0.001206 0.103036 0.000018
0.016564 0.517034 0.230177 0.130329 0.001280 0.104596 0.000021
0.016627 0.517289 0.229773 0.130110 0.001272 0.104909 0.000020
0.016411 0.514383 0.231014 0.130828 0.001270 0.106073 0.000021
0.016399 0.513940 0.231017 0.130873 0.001258 0.106493 0.000020
0.016136 0.511588 0.231866 0.131569 0.001268 0.107551 0.000022
0.016222 0.509268 0.232478 0.131850 0.001271 0.108894 0.000018
0.015925 0.506637 0.233725 0.132181 0.001331 0.110180 0.000020
0.015798 0.504367 0.234140 0.132767 0.001324 0.111583 0.000022
0.015724 0.503095 0.234678 0.133151 0.001301 0.112029 0.000022
0.015745 0.501895 0.235005 0.133266 0.001315 0.112755 0.000019
0.015370 0.498548 0.236419 0.133822 0.001345 0.114472 0.000023
0.015453 0.497398 0.236552 0.134118 0.001358 0.115097 0.000023
0.015236 0.495360 0.237435 0.134419 0.001347 0.116181 0.000023
0.015356 0.493700 0.237444 0.134617 0.001382 0.117476 0.000025
0.015308 0.492074 0.237941 0.135033 0.001381 0.118240 0.000022
0.017252 0.490316 0.237661 0.135039 0.001378 0.118331 0.000023
0.025309 0.484442 0.236124 0.133998 0.001369 0.118737 0.000021
0.023475 0.482003 0.237806 0.134962 0.001383 0.120348 0.000023
0.027500 0.479904 0.236804 0.134056 0.001374 0.120339 0.000024
0.026432 0.478717 0.237102 0.134684 0.001396 0.121646 0.000022
0.027326 0.475696 0.237970 0.134900 0.001426 0.122659 0.000023
0.028351 0.474788 0.237644 0.134915 0.001454 0.122822 0.000026
0.029421 0.473518 0.237488 0.134661 0.001407 0.123480 0.000024
0.027115 0.472892 0.238504 0.135119 0.001456 0.124891 0.000023
0.028154 0.470510 0.238765 0.135216 0.001463 0.125867 0.000024
0.026112 0.469677 0.239741 0.136002 0.001459 0.126984 0.000026
0.025576 0.467947 0.240327 0.136200 0.001476 0.128451 0.000023
0.024550 0.466035 0.241464 0.136749 0.001505 0.129672 0.000025
0.023727 0.465799 0.241313 0.137004 0.001501 0.130627 0.000029
0.023210 0.465453 0.241606 0.137220 0.001514 0.130968 0.000029
0.022615 0.464977 0.242021 0.137112 0.001535 0.131715 0.000024
0.021711 0.461187 0.243419 0.137990 0.001539 0.134125 0.000027
0.021424 0.460476 0.243915 0.137871 0.001546 0.134744 0.000023
0.020231 0.459570 0.244281 0.138592 0.001570 0.135730 0.000025
0.021255 0.459112 0.243537 0.138166 0.001585 0.136318 0.000026
0.019259 0.456095 0.245438 0.139462 0.001607 0.138108 0.000031
0.018742 0.455229 0.246052 0.139502 0.001618 0.138827 0.000031
0.017831 0.455148 0.246218 0.139669 0.001606 0.139498 0.000029
0.018382 0.452384 0.246695 0.139846 0.001638 0.141024 0.000031
0.017812 0.450880 0.247346 0.140383 0.001657 0.141890 0.000032
0.015808 0.447977 0.249189 0.141361 0.001680 0.143956 0.000028
0.016590 0.448505 0.248296 0.140752 0.001667 0.144159 0.000031
0.016192 0.445596 0.249501 0.141360 0.001724 0.145600 0.000027
0.016091 0.443901 0.249751 0.141808 0.001704 0.146719 0.000026
0.016256 0.443616 0.249611 0.141570 0.001724 0.147195 0.000028
0.015675 0.442793 0.250130 0.141775 0.001718 0.147883 0.000026
0.016144 0.440374 0.250289 0.142057 0.001734 0.149371 0.000031
0.015525 0.436784 0.251494 0.142905 0.001750 0.151515 0.000027
0.014217 0.435175 0.252953 0.143408 0.001759 0.152460 0.000028
0.015663 0.435093 0.251975 0.142614 0.001786 0.152841 0.000029
0.015160 0.434512 0.252195 0.142957 0.001784 0.153362 0.000030
0.015042 0.431894 0.252469 0.143537 0.001768 0.155255 0.000035
0.014317 0.429088 0.253703 0.143926 0.001815 0.157122 0.000031
0.014237 0.429542 0.253817 0.143947 0.001803 0.156623 0.000030
0.013946 0.426422 0.254737 0.144584 0.001841 0.158435 0.000034
0.013881 0.423483 0.255515 0.145003 0.001880 0.160202 0.000035
0.013964 0.424223 0.255150 0.144667 0.001846 0.160118 0.000032
0.014174 0.421767 0.255243 0.145025 0.001840 0.161921 0.000030
0.013852 0.421531 0.255427 0.145199 0.001852 0.162112 0.000027
0.013663 0.417174 0.256687 0.146019 0.001888 0.164538 0.000032
0.013943 0.417796 0.256156 0.145485 0.001900 0.164686 0.000033
0.013519 0.414919 0.257009 0.146253 0.001899 0.166367 0.000033
0.013429 0.414076 0.256929 0.146170 0.001928 0.167437 0.000032
0.013374 0.411701 0.257608 0.146516 0.001943 0.168825 0.000033
0.013546 0.410444 0.257732 0.146621 0.001912 0.169715 0.000029
0.013151 0.407245 0.259005 0.147147 0.001962 0.171460 0.000031
0.013470 0.407311 0.258587 0.146704 0.001964 0.171926 0.000038
0.013412 0.406148 0.258839 0.147205 0.001955 0.172406 0.000034
0.013457 0.404102 0.258928 0.147341 0.001997 0.174142 0.000034
0.013168 0.404085 0.258972 0.147440 0.002013 0.174289 0.000033
0.012868 0.399998 0.260286 0.148261 0.001997 0.176553 0.000036
0.013102 0.399020 0.260137 0.147933 0.002049 0.177726 0.000033
0.013268 0.399278 0.259886 0.147770 0.002009 0.177756 0.000033
0.013084 0.396970 0.260467 0.148111 0.002043 0.179290 0.000035
0.012978 0.394574 0.261067 0.148417 0.002038 0.180892 0.000035
0.012904 0.394370 0.261121 0.148312 0.002044 0.181219 0.000031
0.013127 0.393949 0.260523 0.148314 0.002058 0.181997 0.000034
0.012830 0.390104 0.262169 0.148737 0.002093 0.184037 0.000031
0.012871 0.390004 0.261631 0.149198 0.002095 0.184167 0.000035
0.013078 0.387540 0.262393 0.148698 0.002070 0.186184 0.000037
0.012957 0.386028 0.262452 0.149216 0.002102 0.187211 0.000034
0.012953 0.384491 0.262903 0.149356 0.002099 0.188160 0.000037
0.013100 0.383169 0.263001 0.149210 0.002128 0.189359 0.000033
0.013176 0.382900 0.262685 0.149278 0.002110 0.189817 0.000034
0.012768 0.379872 0.263515 0.149823 0.002159 0.191824 0.000039
0.013129 0.379525 0.263335 0.149769 0.002160 0.192041 0.000041
0.012802 0.377699 0.263689 0.150005 0.002159 0.193611 0.000034
0.013038 0.377684 0.263418 0.149865 0.002174 0.193784 0.000038
0.012830 0.374590 0.264074 0.150186 0.002194 0.196086 0.000039
0.012809 0.373301 0.264295 0.150203 0.002251 0.197103 0.000039
0.012705 0.371603 0.264621 0.150282 0.002215 0.198533 0.000041
0.012914 0.371494 0.264479 0.150387 0.002217 0.198466 0.000042
0.012712 0.369146 0.265053 0.150529 0.002265 0.200253 0.000042
0.012912 0.367521 0.265012 0.150762 0.002255 0.201497 0.000040
0.012715 0.365549 0.265399 0.150964 0.002273 0.203055 0.000045
0.012796 0.367010 0.264748 0.150579 0.002235 0.202593 0.000040
0.012907 0.364479 0.265233 0.150676 0.002212 0.204449 0.000044
0.013164 0.362061 0.265416 0.151259 0.002276 0.205781 0.000043
0.012834 0.363510 0.265310 0.150790 0.002302 0.205211 0.000043
0.012884 0.360106 0.265320 0.151430 0.002300 0.207918 0.000043
0.012869 0.359037 0.266413 0.150974 0.002299 0.208363 0.000045
0.013077 0.358023 0.265733 0.151419 0.002300 0.209412 0.000034
0.012886 0.357249 0.266113 0.151307 0.002344 0.210057 0.000045
0.012880 0.354685 0.266342 0.151627 0.002323 0.212096 0.000047
0.012729 0.353541 0.266966 0.151447 0.002346 0.212927 0.000043
0.012857 0.353044 0.266551 0.151424 0.002365 0.213715 0.000044
0.012962 0.352280 0.266049 0.151664 0.002376 0.214623 0.000047
0.012967 0.351839 0.266233 0.151436 0.002362 0.215114 0.000049
0.012926 0.349798 0.266619 0.151560 0.002371 0.216683 0.000042
0.012995 0.347905 0.266859 0.151925 0.002409 0.217861 0.000045
0.012862 0.347362 0.266781 0.151745 0.002400 0.218799 0.000051
0.012911 0.343682 0.267469 0.152318 0.002418 0.221151 0.000051
0.012600 0.343822 0.267472 0.151909 0.002443 0.221704 0.000050
0.012875 0.342478 0.267399 0.152084 0.002437 0.222681 0.000045
0.012912 0.342246 0.267259 0.151804 0.002454 0.223280 0.000044
0.012976 0.340948 0.267449 0.152050 0.002456 0.224080 0.000042
0.012909 0.339339 0.267771 0.152060 0.002505 0.225367 0.000049
0.013044 0.337524 0.267415 0.152403 0.002481 0.227078 0.000055
0.012966 0.336869 0.267690 0.152192 0.002477 0.227757 0.000048
0.012959 0.334636 0.267669 0.152439 0.002547 0.229700 0.000051
0.012905 0.333301 0.268125 0.152601 0.002506 0.230514 0.000049
0.012794 0.332930 0.268359 0.152227 0.002510 0.231132 0.000049
0.013052 0.331492 0.267931 0.152517 0.002572 0.232388 0.000048
0.012840 0.330890 0.268059 0.152381 0.002572 0.233210 0.000048
0.013044 0.328702 0.268103 0.152537 0.002617 0.234945 0.000053
0.012937 0.328888 0.267861 0.152320 0.002586 0.235357 0.000050
0.013047 0.326739 0.268247 0.152567 0.002613 0.236740 0.000048
0.012989 0.325669 0.268083 0.152509 0.002610 0.238086 0.000053
0.012887 0.325202 0.268039 0.152623 0.002584 0.238609 0.000056
0.012944 0.325156 0.268166 0.152283 0.002610 0.238790 0.000051
0.013094 0.322271 0.268391 0.152455 0.002658 0.241074 0.000058
0.013046 0.321255 0.268051 0.152607 0.002650 0.242338 0.000052
0.012930 0.319528 0.268619 0.152455 0.002648 0.243763 0.000058
0.012861 0.319673 0.268148 0.152682 0.002673 0.243900 0.000063
0.012953 0.317738 0.268759 0.152606 0.002699 0.245190 0.000054
0.012799 0.317170 0.268363 0.152458 0.002722 0.246434 0.000054
0.013161 0.315533 0.268418 0.152514 0.002766 0.247555 0.000053
0.013271 0.314270 0.268486 0.152787 0.002737 0.248395 0.000055
0.013113 0.314173 0.268197 0.152468 0.002743 0.249249 0.000057
0.013023 0.311558 0.268839 0.152893 0.002784 0.250844 0.000060
0.013263 0.311235 0.268382 0.152744 0.002793 0.251527 0.000056
0.013149 0.309660 0.268458 0.152638 0.002837 0.253198 0.000060
0.013246 0.308432 0.268487 0.152791 0.002826 0.254162 0.000056
0.013211 0.308341 0.268803 0.152664 0.002857 0.254066 0.000057
0.013165 0.307924 0.268439 0.152535 0.002814 0.255066 0.000057
0.013279 0.305418 0.268746 0.152707 0.002807 0.256983 0.000059
0.013289 0.305949 0.268237 0.152565 0.002835 0.257069 0.000055
0.013382 0.303459 0.268045 0.152800 0.002861 0.259396 0.000058
0.013256 0.302177 0.268250 0.152858 0.002882 0.260520 0.000057
0.013425 0.301153 0.268129 0.152591 0.002896 0.261748 0.000059
0.013346 0.301364 0.268376 0.152501 0.002896 0.261456 0.000061
0.013163 0.298430 0.268763 0.152597 0.002915 0.264074 0.000058
0.013330 0.298334 0.268619 0.152582 0.002881 0.264190 0.000064
0.013483 0.296529 0.268190 0.152674 0.002889 0.266176 0.000059
0.013322 0.294985 0.268811 0.152768 0.002934 0.267126 0.000053
0.013290 0.295776 0.268082 0.152569 0.002993 0.267227 0.000061
0.013379 0.294260 0.267898 0.152698 0.002934 0.268766 0.000065
0.013543 0.293802 0.267942 0.152661 0.002945 0.269052 0.000056
0.013403 0.291950 0.268097 0.152603 0.002970 0.270915 0.000061
0.013309 0.290841 0.268357 0.152763 0.002974 0.271696 0.000061
0.013271 0.290162 0.268196 0.152642 0.002968 0.272701 0.000060
0.013412 0.289290 0.267954 0.152755 0.003033 0.273497 0.000059
0.013484 0.288000 0.267978 0.152767 0.003026 0.274687 0.000059
0.013545 0.287210 0.267670 0.152517 0.003046 0.275951 0.000061
0.013593 0.286289 0.267832 0.152284 0.003048 0.276895 0.000060
0.013369 0.284238 0.267957 0.152775 0.003043 0.278551 0.000066
0.013453 0.283812 0.267564 0.152469 0.003070 0.279566 0.000064
0.013509 0.283813 0.267807 0.152592 0.003073 0.279140 0.000067
0.013298 0.282025 0.267721 0.152388 0.003114 0.281385 0.000069
0.013621 0.280696 0.267414 0.152404 0.003078 0.282717 0.000070
0.013773 0.280159 0.267580 0.152320 0.003134 0.282966 0.000067
0.013508 0.279192 0.267356 0.152021 0.003099 0.284754 0.000070
0.013505 0.277985 0.268123 0.152270 0.003084 0.284970 0.000063
0.013529 0.275919 0.267393 0.152261 0.003163 0.287664 0.000071
0.013429 0.275777 0.267300 0.152280 0.003132 0.288017 0.000065
0.013662 0.276285 0.267191 0.151911 0.003135 0.287747 0.000070
0.013698 0.274007 0.266972 0.152127 0.003201 0.289932 0.000065
0.013728 0.274593 0.266874 0.151945 0.003170 0.289622 0.000069
0.013634 0.273422 0.266733 0.151990 0.003151 0.290999 0.000072
0.013696 0.270833 0.266714 0.151927 0.003190 0.293572 0.000068
0.013832 0.270661 0.266819 0.151911 0.003148 0.293556 0.000073
0.013642 0.269354 0.266668 0.151659 0.003232 0.295375 0.000070
0.013628 0.268432 0.266526 0.151798 0.003215 0.296332 0.000070
0.013962 0.267374 0.266301 0.151609 0.003225 0.297458 0.000072
0.013854 0.266556 0.266382 0.151648 0.003265 0.298219 0.000075
0.013873 0.266895 0.266531 0.151574 0.003221 0.297834 0.000071
0.013807 0.265462 0.266136 0.151523 0.003285 0.299710 0.000075
0.013928 0.264425 0.266117 0.151286 0.003255 0.300905 0.000083
0.013905 0.263380 0.265887 0.151535 0.003286 0.301938 0.000069
0.014155 0.263651 0.265596 0.151402 0.003244 0.301875 0.000077
0.013883 0.262917 0.265757 0.151204 0.003289 0.302874 0.000076
0.013913 0.259877 0.265809 0.151359 0.003309 0.305658 0.000075
0.013972 0.259755 0.265565 0.151106 0.003345 0.306184 0.000074
0.013965 0.259605 0.265516 0.151305 0.003306 0.306226 0.000078
0.013981 0.257477 0.265557 0.150978 0.003314 0.308619 0.000074
0.013931 0.257698 0.265505 0.150758 0.003322 0.308709 0.000077
0.013959 0.255738 0.265136 0.150901 0.003334 0.310853 0.000079
0.014238 0.254421 0.264917 0.150474 0.003393 0.312482 0.000075
0.014223 0.254874 0.264655 0.150450 0.003378 0.312343 0.000076
0.014246 0.253750 0.264890 0.150702 0.003387 0.312950 0.000074
0.014295 0.253311 0.264767 0.150660 0.003388 0.313495 0.000084
0.014154 0.251769 0.264691 0.150479 0.003443 0.315385 0.000078
0.014154 0.251321 0.264539 0.150188 0.003444 0.316283 0.000072
0.014138 0.250732 0.264324 0.150031 0.003427 0.317272 0.000077
0.014127 0.250831 0.264262 0.150205 0.003375 0.317121 0.000078
0.014124 0.248954 0.264224 0.150233 0.003413 0.318966 0.000086
0.014274 0.247653 0.263807 0.149892 0.003480 0.320816 0.000079
0.014292 0.247401 0.263912 0.149997 0.003470 0.320852 0.000077
0.014440 0.245817 0.263379 0.149601 0.003447 0.323230 0.000086
0.014531 0.245160 0.263137 0.149902 0.003454 0.323731 0.000085
0.014244 0.244656 0.263332 0.149973 0.003494 0.324214 0.000086
0.014418 0.243028 0.263215 0.149627 0.003484 0.326144 0.000085
0.014333 0.243575 0.263047 0.149457 0.003462 0.326046 0.000080
0.014460 0.241893 0.263058 0.149330 0.003482 0.327689 0.000087
0.014574 0.242034 0.262808 0.149200 0.003476 0.327818 0.000090
0.014470 0.240955 0.262721 0.149262 0.003499 0.329004 0.000091
0.014432 0.239784 0.262224 0.149062 0.003480 0.330931 0.000087
0.014632 0.239396 0.262140 0.148906 0.003460 0.331381 0.000085
0.014496 0.239180 0.262164 0.148873 0.003521 0.331683 0.000083
0.014590 0.237655 0.262036 0.148571 0.003501 0.333555 0.000092
0.014536 0.236331 0.262171 0.148749 0.003550 0.334571 0.000090
0.014685 0.235450 0.261557 0.148704 0.003469 0.336044 0.000090
0.014431 0.235987 0.261812 0.148334 0.003474 0.335874 0.000088
0.014534 0.233962 0.261118 0.148792 0.003551 0.337952 0.000092
0.014854 0.235173 0.261248 0.148408 0.003527 0.336704 0.000086
0.014708 0.232429 0.261092 0.148505 0.003618 0.339552 0.000096
0.014617 0.231868 0.261205 0.148141 0.003603 0.340468 0.000098
0.014788 0.231499 0.260727 0.147971 0.003597 0.341317 0.000101
0.014824 0.230503 0.260534 0.147865 0.003597 0.342588 0.000089
0.014777 0.229327 0.260382 0.148080 0.003565 0.343775 0.000094
0.014852 0.228725 0.260220 0.147877 0.003525 0.344700 0.000102
0.014988 0.229243 0.259973 0.147596 0.003547 0.344558 0.000096
0.015033 0.228214 0.259754 0.147688 0.003616 0.345602 0.000093
0.014980 0.226947 0.259620 0.147557 0.003574 0.347223 0.000099
0.014894 0.225943 0.259351 0.147457 0.003615 0.348633 0.000106
0.014877 0.225636 0.259350 0.147161 0.003622 0.349250 0.000104
0.014956 0.224373 0.258873 0.147185 0.003615 0.350890 0.000108
0.014946 0.224184 0.258954 0.146765 0.003638 0.351415 0.000098
0.015156 0.223267 0.258696 0.146924 0.003664 0.352188 0.000106
0.015272 0.222269 0.258005 0.147042 0.003669 0.353642 0.000100
0.015037 0.221302 0.258564 0.146853 0.003707 0.354430 0.000106
0.015168 0.220792 0.258194 0.146440 0.003680 0.355618 0.000108
0.015432 0.220141 0.257668 0.146478 0.003700 0.356475 0.000106
0.015308 0.219782 0.258136 0.146610 0.003690 0.356371 0.000102
0.015193 0.219048 0.257969 0.146253 0.003695 0.357737 0.000104
0.015396 0.218358 0.257685 0.146140 0.003707 0.358604 0.000110
0.015385 0.217802 0.257568 0.146055 0.003696 0.359391 0.000101
0.015387 0.217140 0.257035 0.146160 0.003778 0.360396 0.000104
0.015176 0.216860 0.257043 0.145979 0.003736 0.361097 0.000109
0.015440 0.216081 0.256792 0.145644 0.003708 0.362225 0.000110
0.015798 0.215258 0.256417 0.145642 0.003722 0.363053 0.000108
0.015571 0.213914 0.256599 0.145607 0.003755 0.364453 0.000102
0.015527 0.213509 0.256219 0.145651 0.003777 0.365216 0.000101
0.015360 0.213142 0.256233 0.145183 0.003756 0.366221 0.000104
0.015525 0.211813 0.255920 0.145446 0.003776 0.367413 0.000106
0.015612 0.211715 0.255669 0.144885 0.003805 0.368204 0.000109
0.015551 0.210496 0.255203 0.144878 0.003813 0.369949 0.000110
0.015688 0.209830 0.255219 0.144977 0.003799 0.370376 0.000110
0.015764 0.209655 0.254720 0.144898 0.003812 0.371042 0.000109
0.015871 0.208463 0.254492 0.144762 0.003835 0.372470 0.000108
0.015703 0.208698 0.254587 0.144459 0.003809 0.372627 0.000117
0.015951 0.206999 0.254655 0.144169 0.003841 0.374273 0.000114
0.015707 0.205993 0.254328 0.144539 0.003821 0.375492 0.000121
0.015832 0.206374 0.253792 0.143937 0.003855 0.376103 0.000107
0.015865 0.205310 0.253461 0.143686 0.003865 0.377696 0.000116
0.015734 0.204159 0.253388 0.143881 0.003886 0.378832 0.000121
0.016070 0.203950 0.253156 0.143663 0.003859 0.379191 0.000112
0.015970 0.202915 0.252890 0.143577 0.003876 0.380647 0.000125
0.015866 0.203654 0.252933 0.143652 0.003861 0.379916 0.000118
0.016145 0.201778 0.252448 0.143269 0.003930 0.382306 0.000123
0.016053 0.201543 0.252525 0.142989 0.003952 0.382830 0.000108
0.016178 0.200924 0.252138 0.142786 0.003949 0.383908 0.000117
0.016129 0.200322 0.251833 0.143084 0.003954 0.384557 0.000121
0.016320 0.199314 0.251616 0.142620 0.003970 0.386045 0.000115
0.016049 0.198362 0.251133 0.142680 0.003922 0.387734 0.000120
0.016449 0.198326 0.250905 0.142770 0.003970 0.387470 0.000111
0.016387 0.197867 0.251138 0.142374 0.004041 0.388074 0.000119
0.016378 0.198098 0.250737 0.142286 0.003969 0.388403 0.000128
0.016369 0.195689 0.250751 0.142101 0.004000 0.390964 0.000126
0.016384 0.196747 0.250284 0.142133 0.003984 0.390346 0.000121
0.016289 0.195485 0.250111 0.142204 0.004004 0.391789 0.000118
0.016329 0.194960 0.249918 0.141580 0.003988 0.393098 0.000125
0.016723 0.193953 0.249849 0.141788 0.003991 0.393569 0.000127
0.016489 0.193148 0.249340 0.141392 0.003973 0.395529 0.000128
0.016427 0.193188 0.249256 0.141376 0.004007 0.395622 0.000123
0.016555 0.192450 0.248831 0.141188 0.003996 0.396849 0.000130
0.016676 0.192422 0.248903 0.141017 0.004034 0.396828 0.000120
0.016756 0.191003 0.248319 0.141039 0.004038 0.398724 0.000122
0.016662 0.190891 0.248291 0.140842 0.003956 0.399230 0.000130
0.016599 0.190575 0.248267 0.140789 0.004018 0.399627 0.000125
0.016638 0.190040 0.248136 0.140735 0.004006 0.400317 0.000127
0.016894 0.188800 0.247511 0.140455 0.004051 0.402155 0.000134
0.016933 0.188094 0.247100 0.140381 0.004061 0.403307 0.000123
0.017159 0.186881 0.246684 0.140193 0.004102 0.404856 0.000126
0.017008 0.186621 0.246666 0.140181 0.004045 0.405356 0.000123
0.016960 0.186682 0.246646 0.139872 0.004062 0.405655 0.000122
0.016769 0.186563 0.246802 0.140013 0.004133 0.405594 0.000126
0.017023 0.185263 0.246314 0.139613 0.004084 0.407581 0.000121
0.017212 0.185478 0.245962 0.139619 0.004095 0.407502 0.000132
0.016782 0.184221 0.245448 0.139240 0.004090 0.410090 0.000128
0.017047 0.184332 0.245525 0.139229 0.004112 0.409622 0.000133
0.017203 0.183216 0.245028 0.138775 0.004127 0.411517 0.000134
0.017386 0.182998 0.244771 0.138924 0.004181 0.411608 0.000132
0.017418 0.182256 0.244750 0.138808 0.004129 0.412509 0.000129
0.017110 0.181617 0.244648 0.139049 0.004109 0.413338 0.000129
0.017298 0.181687 0.244654 0.138631 0.004095 0.413496 0.000138
0.017419 0.180975 0.243774 0.138620 0.004176 0.414900 0.000136
0.017585 0.179931 0.243409 0.138225 0.004184 0.416536 0.000130
0.017665 0.179340 0.243259 0.138228 0.004129 0.417236 0.000143
0.017553 0.179253 0.242998 0.138217 0.004175 0.417667 0.000138
0.017462 0.178489 0.242831 0.138022 0.004131 0.418932 0.000134
0.017539 0.177807 0.242644 0.137675 0.004207 0.419985 0.000143
0.017700 0.178206 0.242370 0.137729 0.004220 0.419636 0.000140
0.017904 0.176865 0.242029 0.137463 0.004167 0.421416 0.000156
0.017760 0.176329 0.241977 0.137408 0.004258 0.422127 0.000141
0.017708 0.176304 0.241772 0.137311 0.004305 0.422458 0.000141
0.017652 0.175588 0.241505 0.137161 0.004238 0.423701 0.000154
0.017447 0.175837 0.241265 0.137071 0.004194 0.424038 0.000148
0.018038 0.174536 0.241298 0.136981 0.004255 0.424735 0.000156
0.017774 0.174331 0.240900 0.136743 0.004207 0.425904 0.000140
0.017924 0.173529 0.240232 0.136574 0.004279 0.427319 0.000145
0.017953 0.172682 0.239990 0.136422 0.004332 0.428465 0.000156
0.018013 0.172710 0.240177 0.136165 0.004240 0.428550 0.000145
0.018075 0.172301 0.239609 0.136050 0.004312 0.429501 0.000152
0.017922 0.171614 0.239715 0.135947 0.004339 0.430317 0.000146
0.018150 0.171382 0.239018 0.136223 0.004287 0.430788 0.000152
0.018279 0.170585 0.238853 0.135606 0.004295 0.432235 0.000146
0.018322 0.169607 0.238551 0.135564 0.004285 0.433517 0.000153
0.018328 0.170107 0.238436 0.135596 0.004250 0.433132 0.000150
0.018583 0.168947 0.238069 0.135447 0.004295 0.434504 0.000155
0.018358 0.168156 0.237566 0.135070 0.004346 0.436352 0.000152
0.018518 0.167898 0.237914 0.135146 0.004342 0.436028 0.000155
0.018698 0.167420 0.237166 0.134913 0.004357 0.437288 0.000159
0.018461 0.167213 0.237434 0.134974 0.004354 0.437409 0.000155
0.018605 0.166871 0.237027 0.134626 0.004313 0.438393 0.000165
0.018614 0.165771 0.236124 0.134452 0.004424 0.440451 0.000163
0.018531 0.165608 0.236299 0.134233 0.004364 0.440805 0.000160
0.018685 0.165167 0.236329 0.134151 0.004402 0.441110 0.000155
0.018651 0.164298 0.235821 0.133606 0.004385 0.443073 0.000166
0.018675 0.163939 0.235784 0.133894 0.004443 0.443102 0.000163
0.018964 0.164109 0.235068 0.133757 0.004429 0.443506 0.000167
0.018942 0.163249 0.234997 0.133714 0.004428 0.444516 0.000154
0.018874 0.163173 0.235084 0.133295 0.004411 0.445000 0.000163
0.018706 0.162426 0.234370 0.133318 0.004397 0.446619 0.000164
0.018812 0.162619 0.234392 0.133183 0.004351 0.446481 0.000162
0.018791 0.162237 0.233887 0.133084 0.004433 0.447406 0.000162
0.018693 0.161298 0.233683 0.132882 0.004393 0.448894 0.000158
0.018873 0.160617 0.233250 0.132628 0.004409 0.450050 0.000173
0.019065 0.159940 0.233287 0.132234 0.004424 0.450872 0.000178
0.018999 0.159484 0.232501 0.132322 0.004458 0.452080 0.000156
0.019186 0.158975 0.232940 0.132093 0.004432 0.452212 0.000162
0.019361 0.159007 0.232262 0.132055 0.004503 0.452646 0.000167
0.019418 0.158826 0.232490 0.131887 0.004461 0.452758 0.000160
0.019222 0.158099 0.231759 0.131534 0.004470 0.454746 0.000171
0.019308 0.157684 0.231571 0.131662 0.004498 0.455126 0.000152
0.019106 0.157276 0.231359 0.131315 0.004442 0.456340 0.000164
0.019310 0.156763 0.230898 0.131436 0.004454 0.456972 0.000166
0.019183 0.156543 0.230681 0.131041 0.004476 0.457899 0.000177
0.019723 0.156324 0.230410 0.130988 0.004468 0.457921 0.000166
0.019481 0.155781 0.230134 0.130811 0.004473 0.459150 0.000169
0.019409 0.155394 0.230223 0.130511 0.004524 0.459762 0.000177
0.019535 0.155218 0.229615 0.130705 0.004440 0.460317 0.000170
0.019613 0.153546 0.228882 0.130261 0.004527 0.462997 0.000174
0.019517 0.154160 0.229076 0.130058 0.004473 0.462541 0.000175
0.019516 0.153419 0.228807 0.129971 0.004508 0.463611 0.000168
0.019425 0.153326 0.228729 0.130041 0.004502 0.463800 0.000178
0.019713 0.152607 0.228165 0.129782 0.004455 0.465109 0.000167
0.019696 0.152608 0.228047 0.129721 0.004498 0.465243 0.000188
0.019656 0.151431 0.228016 0.129425 0.004496 0.466792 0.000184
0.019586 0.151432 0.227913 0.129511 0.004485 0.466882 0.000191
0.020365 0.151219 0.227376 0.128888 0.004523 0.467449 0.000180
0.019782 0.150508 0.227034 0.129006 0.004488 0.468998 0.000183
0.020104 0.149758 0.226719 0.128323 0.004482 0.470417 0.000198
0.020043 0.150386 0.226529 0.128407 0.004530 0.469916 0.000188
0.020006 0.149904 0.226386 0.128882 0.004544 0.470103 0.000175
0.019930 0.149325 0.225735 0.128291 0.004591 0.471947 0.000183
0.020333 0.148777 0.225661 0.128314 0.004567 0.472162 0.000185
0.020145 0.148799 0.225813 0.128091 0.004511 0.472452 0.000188
0.019902 0.148357 0.225639 0.128150 0.004524 0.473236 0.000193
0.019989 0.147868 0.224667 0.127924 0.004586 0.474778 0.000187
0.019960 0.147309 0.224692 0.127665 0.004554 0.475644 0.000177
0.020457 0.146840 0.224215 0.127553 0.004545 0.476207 0.000183
0.020354 0.146292 0.223938 0.127318 0.004638 0.477279 0.000181
0.020274 0.146419 0.223733 0.127248 0.004530 0.477603 0.000193
0.020388 0.145777 0.223711 0.126919 0.004582 0.478425 0.000198
0.020323 0.145192 0.223169 0.126970 0.004629 0.479526 0.000191
0.020540 0.145280 0.223251 0.126580 0.004616 0.479552 0.000181
0.020313 0.144647 0.222709 0.126590 0.004608 0.480937 0.000196
0.020422 0.144277 0.222261 0.126432 0.004632 0.481789 0.000187
0.020606 0.144057 0.222579 0.126336 0.004609 0.481621 0.000193
0.020827 0.143179 0.221407 0.126234 0.004640 0.483525 0.000189
0.020636 0.143340 0.221545 0.126139 0.004646 0.483500 0.000194
0.020604 0.142788 0.221227 0.126089 0.004614 0.484485 0.000194
0.020740 0.142307 0.221160 0.125349 0.004632 0.485619 0.000193
0.020715 0.142751 0.220527 0.125494 0.004656 0.485653 0.000203
0.020642 0.142185 0.220603 0.125286 0.004602 0.486488 0.000194
0.020670 0.141981 0.220521 0.125161 0.004634 0.486848 0.000185
0.020853 0.140790 0.219738 0.125023 0.004652 0.488758 0.000185
0.020960 0.140706 0.219512 0.125103 0.004630 0.488899 0.000191
0.021076 0.140481 0.219405 0.124749 0.004616 0.489470 0.000203
