0.999114 0.000858 0.000018 0.000011 0.000000 0.000000 0.000000
0.998682 0.001277 0.000028 0.000002 0.000000 0.000012 0.000000
0.998249 0.001700 0.000036 0.000004 0.000000 0.000012 0.000000
0.997802 0.002137 0.000042 0.000006 0.000000 0.000012 0.000000
0.997327 0.002602 0.000048 0.000010 0.000000 0.000012 0.000000
0.996880 0.003039 0.000058 0.000012 0.000000 0.000012 0.000000
0.996350 0.003561 0.000062 0.000015 0.000000 0.000013 0.000000
0.995789 0.004112 0.000068 0.000019 0.000000 0.000012 0.000000
0.995169 0.004716 0.000082 0.000021 0.000000 0.000012 0.000000
0.994284 0.005585 0.000096 0.000024 0.000000 0.000011 0.000000
0.993327 0.006516 0.000115 0.000031 0.000000 0.000010 0.000000
0.992430 0.007400 0.000127 0.000033 0.000000 0.000010 0.000000
0.990699 0.009084 0.000167 0.000042 0.000000 0.000008 0.000000
0.988956 0.010770 0.000208 0.000059 0.000000 0.000008 0.000000
0.986348 0.013323 0.000233 0.000090 0.000000 0.000006 0.000000
0.984126 0.015526 0.000248 0.000094 0.000000 0.000006 0.000000
0.981209 0.018395 0.000270 0.000117 0.000000 0.000009 0.000000
0.977357 0.022148 0.000326 0.000155 0.000000 0.000014 0.000000
0.972041 0.027344 0.000406 0.000193 0.000000 0.000016 0.000000
0.967935 0.031343 0.000471 0.000235 0.000000 0.000016 0.000000
0.961971 0.037155 0.000545 0.000305 0.000000 0.000023 0.000000
0.955515 0.043450 0.000639 0.000371 0.000000 0.000024 0.000000
0.948735 0.050111 0.000702 0.000427 0.000000 0.000025 0.000000
0.941140 0.057523 0.000827 0.000486 0.000000 0.000024 0.000000
0.930057 0.068323 0.001017 0.000579 0.000000 0.000024 0.000000
0.920501 0.077712 0.001106 0.000654 0.000000 0.000028 0.000000
0.909869 0.088101 0.001255 0.000746 0.000000 0.000029 0.000000
0.898775 0.098911 0.001434 0.000845 0.000000 0.000035 0.000000
0.886061 0.111258 0.001667 0.000973 0.000000 0.000041 0.000000
0.873541 0.123409 0.001910 0.001095 0.000000 0.000045 0.000000
0.860772 0.135776 0.002170 0.001236 0.000000 0.000047 0.000000
0.846347 0.149783 0.002430 0.001388 0.000000 0.000052 0.000000
0.830843 0.164785 0.002753 0.001559 0.000000 0.000060 0.000000
0.815092 0.180004 0.003087 0.001752 0.000000 0.000065 0.000000
0.800357 0.194246 0.003407 0.001910 0.000000 0.000080 0.000000
0.785390 0.208660 0.003739 0.002121 0.000000 0.000090 0.000000
0.770545 0.222957 0.004088 0.002305 0.000000 0.000104 0.000000
0.756839 0.236055 0.004458 0.002533 0.000000 0.000116 0.000000
0.739434 0.252711 0.004902 0.002832 0.000000 0.000121 0.000000
0.724358 0.267070 0.005326 0.003108 0.000000 0.000138 0.000000
0.707588 0.283128 0.005753 0.003371 0.000000 0.000160 0.000000
0.692628 0.297278 0.006241 0.003677 0.000000 0.000175 0.000000
0.678755 0.310393 0.006687 0.003976 0.000000 0.000189 0.000000
0.666847 0.321582 0.007175 0.004199 0.000000 0.000196 0.000000
0.650434 0.337041 0.007804 0.004502 0.000000 0.000219 0.000000
0.637644 0.349019 0.008287 0.004808 0.000001 0.000241 0.000000
0.621754 0.363823 0.008974 0.005184 0.000002 0.000263 0.000000
0.608364 0.376266 0.009545 0.005533 0.000002 0.000291 0.000000
0.593679 0.389766 0.010266 0.005960 0.000003 0.000325 0.000000
0.582165 0.400476 0.010743 0.006250 0.000006 0.000360 0.000000
0.570671 0.410935 0.011404 0.006597 0.000006 0.000387 0.000000
0.557999 0.422569 0.012027 0.006967 0.000006 0.000432 0.000000
0.543006 0.436237 0.012869 0.007412 0.000006 0.000470 0.000000
0.529948 0.448096 0.013610 0.007831 0.000006 0.000509 0.000000
0.519237 0.457710 0.014308 0.008200 0.000007 0.000538 0.000000
0.506870 0.468808 0.015084 0.008641 0.000006 0.000591 0.000000
0.492298 0.482010 0.015919 0.009123 0.000007 0.000644 0.000000
0.480196 0.492792 0.016735 0.009562 0.000008 0.000708 0.000000
0.468037 0.503585 0.017576 0.010018 0.000011 0.000773 0.000000
0.451923 0.518040 0.018647 0.010537 0.000012 0.000840 0.000000
0.440623 0.527753 0.019633 0.011066 0.000014 0.000910 0.000000
0.429267 0.537772 0.020382 0.011592 0.000013 0.000972 0.000000
0.417274 0.547986 0.021541 0.012142 0.000015 0.001042 0.000000
0.407514 0.556294 0.022400 0.012668 0.000015 0.001109 0.000000
0.391709 0.569951 0.023702 0.013404 0.000018 0.001217 0.000000
0.381768 0.578359 0.024651 0.013906 0.000017 0.001299 0.000000
0.372003 0.586468 0.025621 0.014512 0.000018 0.001379 0.000000
0.358307 0.597985 0.026961 0.015243 0.000020 0.001484 0.000000
0.351025 0.603698 0.027870 0.015808 0.000018 0.001581 0.000000
0.337845 0.614585 0.029309 0.016530 0.000020 0.001712 0.000000
0.334124 0.616927 0.030122 0.017011 0.000019 0.001798 0.000000
0.321521 0.626655 0.031892 0.017917 0.000020 0.001996 0.000000
0.313749 0.632733 0.032871 0.018502 0.000018 0.002126 0.000000
0.308792 0.635629 0.034097 0.019213 0.000020 0.002249 0.000000
0.299407 0.642861 0.035306 0.020004 0.000020 0.002402 0.000000
0.293733 0.646364 0.036585 0.020741 0.000022 0.002556 0.000000
0.291849 0.646706 0.037456 0.021279 0.000024 0.002686 0.000000
0.280836 0.655203 0.038963 0.022123 0.000025 0.002850 0.000000
0.279470 0.655101 0.039818 0.022629 0.000026 0.002956 0.000000
0.273599 0.658504 0.041234 0.023493 0.000027 0.003143 0.000000
0.267848 0.662371 0.042415 0.024022 0.000029 0.003314 0.000000
0.267487 0.661082 0.043343 0.024573 0.000030 0.003485 0.000000
0.263778 0.662701 0.044531 0.025282 0.000034 0.003674 0.000000
0.256716 0.666925 0.046204 0.026201 0.000035 0.003920 0.000000
0.255279 0.667237 0.046903 0.026540 0.000033 0.004008 0.000000
0.251549 0.668902 0.048114 0.027188 0.000038 0.004210 0.000000
0.250373 0.668579 0.048891 0.027753 0.000041 0.004362 0.000000
0.240655 0.674697 0.050990 0.028939 0.000042 0.004677 0.000000
0.245826 0.669621 0.050968 0.028789 0.000047 0.004749 0.000000
0.240430 0.672095 0.052638 0.029773 0.000048 0.005015 0.000000
0.242271 0.669358 0.053153 0.030040 0.000053 0.005125 0.000000
0.231001 0.677734 0.054793 0.031038 0.000057 0.005377 0.000000
0.224434 0.680883 0.056750 0.032155 0.000062 0.005716 0.000000
0.218431 0.684423 0.058202 0.032931 0.000064 0.005949 0.000000
0.212073 0.688123 0.059671 0.033848 0.000067 0.006218 0.000000
0.209120 0.689770 0.060345 0.034370 0.000063 0.006331 0.000000
0.202881 0.693006 0.062113 0.035267 0.000070 0.006662 0.000000
0.197223 0.695448 0.063868 0.036390 0.000077 0.006994 0.000000
0.193732 0.696362 0.065284 0.037258 0.000074 0.007289 0.000000
0.190976 0.697097 0.066480 0.037873 0.000081 0.007493 0.000000
0.188313 0.698227 0.067296 0.038356 0.000085 0.007723 0.000000
0.183146 0.700523 0.068894 0.039316 0.000082 0.008038 0.000000
0.181224 0.700744 0.069839 0.039863 0.000089 0.008242 0.000000
0.168757 0.707129 0.073305 0.041798 0.000093 0.008918 0.000000
0.167717 0.707085 0.073947 0.042078 0.000101 0.009072 0.000000
0.162474 0.708878 0.075917 0.043155 0.000104 0.009472 0.000000
0.153172 0.712660 0.079145 0.044817 0.000118 0.010088 0.000000
0.151225 0.714420 0.079178 0.044887 0.000119 0.010171 0.000000
0.145843 0.716046 0.081096 0.046236 0.000125 0.010653 0.000000
0.142098 0.717753 0.082333 0.046799 0.000123 0.010894 0.000000
0.137233 0.719661 0.083902 0.047795 0.000128 0.011280 0.000000
0.128649 0.722831 0.087047 0.049365 0.000142 0.011967 0.000000
0.128659 0.720079 0.088485 0.050292 0.000140 0.012346 0.000000
0.125675 0.720629 0.089751 0.051094 0.000144 0.012707 0.000000
0.118732 0.723536 0.091943 0.052345 0.000145 0.013299 0.000000
0.118122 0.722264 0.092940 0.052957 0.000151 0.013566 0.000000
0.114199 0.723469 0.094425 0.053796 0.000153 0.013958 0.000000
0.110166 0.722754 0.097050 0.055249 0.000173 0.014608 0.000000
0.104280 0.724920 0.099149 0.056401 0.000171 0.015079 0.000000
0.104106 0.723542 0.099934 0.056866 0.000174 0.015377 0.000000
0.099796 0.723974 0.101965 0.058096 0.000177 0.015993 0.000000
0.099046 0.722183 0.103596 0.058584 0.000182 0.016410 0.000000
0.098585 0.719492 0.105117 0.059773 0.000178 0.016855 0.000000
0.097601 0.718569 0.106075 0.060230 0.000189 0.017336 0.000000
0.091627 0.719396 0.108882 0.061762 0.000202 0.018131 0.000000
0.094001 0.714909 0.109992 0.062295 0.000210 0.018594 0.000000
0.094239 0.712286 0.111256 0.063072 0.000209 0.018938 0.000000
0.094028 0.709087 0.113016 0.064132 0.000214 0.019523 0.000000
0.089758 0.711154 0.114147 0.064738 0.000223 0.019980 0.000000
0.091564 0.705762 0.115974 0.065859 0.000224 0.020618 0.000000
0.097138 0.700678 0.115611 0.065518 0.000233 0.020821 0.000000
0.092584 0.701352 0.117807 0.066580 0.000240 0.021437 0.000000
0.094939 0.698756 0.117498 0.066934 0.000241 0.021633 0.000000
0.095638 0.695456 0.119106 0.067377 0.000254 0.022169 0.000000
0.098619 0.689706 0.120506 0.068113 0.000251 0.022805 0.000000
0.098030 0.687332 0.121913 0.069111 0.000270 0.023345 0.000000
0.095534 0.687811 0.122989 0.069663 0.000273 0.023730 0.000000
0.100594 0.681589 0.123282 0.070135 0.000271 0.024129 0.000001
0.100620 0.679141 0.124680 0.070527 0.000272 0.024760 0.000000
0.102293 0.675616 0.125436 0.071145 0.000278 0.025232 0.000001
0.098895 0.676888 0.126484 0.071725 0.000285 0.025721 0.000002
0.100531 0.673494 0.127212 0.072258 0.000292 0.026211 0.000001
0.096230 0.674930 0.128893 0.072925 0.000308 0.026713 0.000001
0.095146 0.671592 0.130996 0.074293 0.000318 0.027654 0.000001
0.092335 0.672337 0.131996 0.075026 0.000326 0.027979 0.000001
0.093063 0.671005 0.132235 0.075011 0.000327 0.028359 0.000001
0.080136 0.677416 0.135748 0.076968 0.000342 0.029388 0.000000
0.087202 0.670601 0.135282 0.076746 0.000352 0.029816 0.000002
0.079684 0.673779 0.137563 0.078162 0.000353 0.030458 0.000002
0.076166 0.673378 0.139625 0.079133 0.000381 0.031315 0.000002
0.074729 0.672292 0.140846 0.079742 0.000386 0.032003 0.000002
0.068035 0.674416 0.143476 0.081004 0.000388 0.032679 0.000002
0.067667 0.674138 0.143641 0.081091 0.000397 0.033064 0.000002
0.066944 0.671926 0.144881 0.081939 0.000420 0.033888 0.000001
0.060480 0.672880 0.147888 0.083409 0.000423 0.034921 0.000001
0.056580 0.672045 0.150036 0.085064 0.000430 0.035842 0.000002
0.054356 0.670965 0.151713 0.085918 0.000442 0.036604 0.000002
0.053456 0.669496 0.152697 0.086525 0.000455 0.037371 0.000001
0.048758 0.669320 0.155055 0.088020 0.000476 0.038369 0.000002
0.047018 0.668158 0.156631 0.088729 0.000470 0.038991 0.000002
0.047069 0.666202 0.157459 0.089054 0.000480 0.039734 0.000002
0.044555 0.666494 0.158582 0.089765 0.000480 0.040122 0.000001
0.041509 0.664056 0.161213 0.091395 0.000484 0.041340 0.000002
0.038800 0.662893 0.163072 0.092415 0.000494 0.042324 0.000003
0.039046 0.661682 0.163435 0.092544 0.000503 0.042788 0.000002
0.036469 0.659527 0.165750 0.093955 0.000501 0.043796 0.000003
0.036414 0.656746 0.166854 0.094635 0.000543 0.044806 0.000003
0.035859 0.656207 0.167290 0.094899 0.000528 0.045215 0.000003
0.035309 0.653872 0.168832 0.095623 0.000560 0.045802 0.000003
0.033361 0.651969 0.170609 0.096714 0.000545 0.046799 0.000003
0.032965 0.649338 0.171960 0.097565 0.000575 0.047594 0.000003
0.030932 0.647461 0.173905 0.098483 0.000563 0.048653 0.000003
0.031447 0.645770 0.174531 0.098679 0.000570 0.049000 0.000003
0.028747 0.642231 0.177284 0.100620 0.000608 0.050507 0.000003
0.028999 0.639827 0.178355 0.100986 0.000609 0.051220 0.000004
0.028433 0.637228 0.179615 0.101997 0.000614 0.052109 0.000004
0.028098 0.635799 0.180111 0.102306 0.000630 0.053050 0.000004
0.027680 0.634918 0.181167 0.102296 0.000634 0.053302 0.000003
0.026429 0.632015 0.183076 0.103389 0.000638 0.054450 0.000003
0.025920 0.629751 0.184192 0.104092 0.000668 0.055373 0.000004
0.026248 0.628492 0.184440 0.104407 0.000669 0.055740 0.000003
0.025334 0.626307 0.185693 0.105177 0.000678 0.056806 0.000004
0.025521 0.624076 0.186630 0.105518 0.000708 0.057543 0.000004
0.024750 0.620725 0.188486 0.106643 0.000711 0.058682 0.000003
0.024349 0.619530 0.189043 0.107099 0.000702 0.059273 0.000003
0.023858 0.616896 0.190448 0.107822 0.000737 0.060235 0.000004
0.023331 0.613889 0.191961 0.108645 0.000741 0.061428 0.000004
0.023027 0.612468 0.192924 0.109001 0.000746 0.061832 0.000003
0.022754 0.608860 0.194360 0.110233 0.000764 0.063025 0.000004
0.022649 0.608424 0.194523 0.110280 0.000766 0.063352 0.000005
0.022213 0.606211 0.195500 0.111050 0.000771 0.064251 0.000004
0.022145 0.603376 0.196770 0.111573 0.000788 0.065343 0.000004
0.021909 0.601140 0.197874 0.111957 0.000794 0.066321 0.000004
0.021551 0.599152 0.198717 0.112658 0.000814 0.067101 0.000006
0.021030 0.596325 0.200083 0.113523 0.000809 0.068224 0.000006
0.020778 0.592691 0.201994 0.114045 0.000825 0.069660 0.000007
0.020522 0.592209 0.201974 0.114516 0.000843 0.069926 0.000008
0.020652 0.590074 0.202668 0.114818 0.000843 0.070938 0.000006
0.020278 0.587674 0.203811 0.115374 0.000861 0.071993 0.000008
0.020219 0.586775 0.204158 0.115693 0.000866 0.072282 0.000008
0.019896 0.582833 0.206006 0.116595 0.000881 0.073782 0.000008
0.019829 0.580564 0.206738 0.117235 0.000887 0.074741 0.000007
0.019660 0.580614 0.206990 0.117078 0.000893 0.074756 0.000009
0.019482 0.576842 0.208431 0.118103 0.000912 0.076221 0.000010
0.019368 0.576662 0.208528 0.118137 0.000907 0.076391 0.000008
0.018959 0.572799 0.210342 0.118915 0.000932 0.078046 0.000008
0.018929 0.571295 0.210664 0.119335 0.000928 0.078840 0.000009
0.018712 0.568899 0.211687 0.120023 0.000957 0.079714 0.000009
0.018565 0.566962 0.212385 0.120317 0.000949 0.080813 0.000009
0.018458 0.565479 0.212982 0.120804 0.000982 0.081287 0.000008
0.018455 0.563245 0.213789 0.121272 0.000971 0.082259 0.000008
0.018164 0.561805 0.214506 0.121524 0.000974 0.083017 0.000009
0.018054 0.558087 0.215779 0.122449 0.001010 0.084614 0.000007
0.017937 0.556450 0.216358 0.122855 0.001010 0.085381 0.000009
0.017749 0.554898 0.216984 0.123282 0.001021 0.086056 0.000009
0.017657 0.552420 0.217878 0.123787 0.001031 0.087217 0.000009
0.017776 0.551457 0.218241 0.124033 0.001041 0.087443 0.000008
0.017345 0.547819 0.219728 0.124851 0.001056 0.089190 0.000010
0.017532 0.547559 0.219663 0.124589 0.001092 0.089555 0.000010
0.017077 0.543479 0.221306 0.125721 0.001065 0.091342 0.000010
0.017163 0.543546 0.221423 0.125433 0.001102 0.091320 0.000011
0.017045 0.540234 0.222348 0.126449 0.001121 0.092790 0.000013
0.017000 0.538056 0.223396 0.126503 0.001128 0.093908 0.000009
0.016629 0.535857 0.224330 0.127168 0.001106 0.094899 0.000010
0.016797 0.534693 0.224395 0.127305 0.001133 0.095667 0.000010
0.016560 0.531821 0.225572 0.127848 0.001149 0.097037 0.000012
0.016486 0.531290 0.225894 0.128014 0.001136 0.097167 0.000012
0.016468 0.528622 0.226528 0.128586 0.001149 0.098635 0.000012
0.016288 0.526899 0.227544 0.128789 0.001169 0.099299 0.000012
0.016053 0.524305 0.228359 0.129455 0.001173 0.100643 0.000012
0.018550 0.520668 0.228541 0.129460 0.001175 0.101594 0.000012
0.024949 0.517215 0.227163 0.128525 0.001189 0.100946 0.000013
0.026356 0.514185 0.227454 0.128886 0.001191 0.101916 0.000011
0.024501 0.513570 0.228452 0.129456 0.001190 0.102820 0.000012
0.026806 0.510087 0.228415 0.129580 0.001191 0.103911 0.000011
0.027465 0.507255 0.229206 0.129749 0.001227 0.105086 0.000012
0.029068 0.505273 0.228943 0.129783 0.001223 0.105697 0.000013
0.027994 0.505305 0.229571 0.129850 0.001255 0.106012 0.000013
0.027670 0.502082 0.230697 0.130517 0.001253 0.107769 0.000012
0.029051 0.501237 0.230215 0.130241 0.001259 0.107984 0.000013
0.028165 0.498558 0.231222 0.130994 0.001277 0.109770 0.000014
0.027212 0.498929 0.231558 0.130866 0.001271 0.110153 0.000012
0.026460 0.498701 0.231645 0.131199 0.001259 0.110723 0.000012
0.026018 0.496235 0.232738 0.131723 0.001299 0.111973 0.000014
0.027026 0.495260 0.232485 0.131751 0.001325 0.112138 0.000014
0.024491 0.494029 0.233873 0.132357 0.001328 0.113907 0.000016
0.023718 0.491945 0.234929 0.132882 0.001330 0.115182 0.000014
0.022081 0.492190 0.235170 0.133351 0.001324 0.115867 0.000017
0.022877 0.488862 0.236017 0.133675 0.001353 0.117202 0.000015
0.021064 0.488548 0.236574 0.134375 0.001368 0.118052 0.000019
0.019883 0.486025 0.237989 0.135033 0.001366 0.119686 0.000018
0.020892 0.484579 0.237875 0.134811 0.001372 0.120454 0.000017
0.019088 0.483359 0.238989 0.135609 0.001417 0.121520 0.000018
0.018970 0.482234 0.239577 0.135479 0.001415 0.122309 0.000015
0.019156 0.481059 0.239467 0.135488 0.001444 0.123368 0.000017
0.017559 0.479042 0.240906 0.136447 0.001412 0.124619 0.000015
0.017057 0.476759 0.241689 0.136824 0.001433 0.126220 0.000017
0.017115 0.475166 0.242009 0.137182 0.001473 0.127040 0.000015
0.016800 0.473452 0.242790 0.137468 0.001487 0.127986 0.000017
0.016365 0.471491 0.243303 0.137972 0.001498 0.129354 0.000016
0.016173 0.469887 0.244017 0.138156 0.001488 0.130260 0.000020
0.016446 0.467554 0.244589 0.138342 0.001512 0.131539 0.000019
0.015950 0.467112 0.244833 0.138525 0.001505 0.132059 0.000016
0.015330 0.463307 0.246242 0.139413 0.001551 0.134138 0.000019
0.015675 0.463405 0.245945 0.139258 0.001547 0.134150 0.000020
0.015268 0.460745 0.246652 0.140146 0.001543 0.135628 0.000017
0.014798 0.458675 0.247809 0.140139 0.001568 0.136991 0.000020
0.015260 0.457586 0.247598 0.140164 0.001570 0.137802 0.000020
0.014701 0.454006 0.248989 0.141036 0.001601 0.139644 0.000024
0.014962 0.453286 0.248893 0.141050 0.001605 0.140179 0.000024
0.014823 0.452222 0.249096 0.141108 0.001612 0.141118 0.000021
0.014528 0.450414 0.250074 0.141480 0.001598 0.141887 0.000020
0.014497 0.448629 0.250222 0.141657 0.001662 0.143309 0.000024
0.014466 0.446933 0.250641 0.141897 0.001682 0.144360 0.000022
0.014242 0.444798 0.251765 0.142181 0.001668 0.145323 0.000024
0.013988 0.442679 0.252429 0.142694 0.001673 0.146512 0.000026
0.014200 0.442508 0.252004 0.142819 0.001671 0.146775 0.000023
0.014383 0.442250 0.251848 0.142380 0.001677 0.147438 0.000025
0.014100 0.440008 0.252504 0.142746 0.001705 0.148913 0.000023
0.013902 0.438493 0.252912 0.143207 0.001712 0.149747 0.000026
0.014007 0.434681 0.254005 0.143594 0.001733 0.151958 0.000023
0.013800 0.433853 0.254175 0.144073 0.001751 0.152326 0.000022
0.013721 0.432579 0.254275 0.144098 0.001772 0.153530 0.000026
0.013711 0.429821 0.255397 0.144245 0.001778 0.155022 0.000025
0.013968 0.429811 0.254768 0.144358 0.001805 0.155264 0.000026
0.013667 0.426915 0.255797 0.144752 0.001768 0.157073 0.000028
0.013734 0.425935 0.256073 0.144863 0.001812 0.157558 0.000026
0.013582 0.423479 0.256478 0.145236 0.001831 0.159364 0.000029
0.013767 0.422647 0.256458 0.145128 0.001869 0.160104 0.000027
0.013862 0.421298 0.256796 0.145303 0.001798 0.160919 0.000025
0.013786 0.420375 0.256806 0.145359 0.001863 0.161782 0.000028
0.013703 0.417843 0.257573 0.145909 0.001848 0.163099 0.000025
0.013553 0.417498 0.257319 0.145991 0.001856 0.163753 0.000029
0.013513 0.415147 0.257921 0.146245 0.001900 0.165246 0.000027
0.013307 0.413979 0.258500 0.146190 0.001901 0.166098 0.000026
0.013687 0.414244 0.258070 0.146139 0.001877 0.165957 0.000027
0.013445 0.409523 0.259270 0.147019 0.001921 0.168793 0.000028
0.013270 0.408840 0.259321 0.147116 0.001935 0.169486 0.000031
0.013384 0.406580 0.259503 0.147336 0.001934 0.171234 0.000029
0.013547 0.405863 0.259286 0.147348 0.001916 0.172013 0.000027
0.013229 0.404946 0.259690 0.147505 0.001912 0.172691 0.000028
0.013299 0.402144 0.260364 0.147825 0.001961 0.174373 0.000033
0.013447 0.402194 0.260477 0.147697 0.001959 0.174192 0.000034
0.013252 0.399959 0.261233 0.147771 0.001964 0.175793 0.000028
0.013302 0.398594 0.260807 0.148112 0.001990 0.177166 0.000029
0.013419 0.398204 0.260809 0.147898 0.001967 0.177672 0.000031
0.013268 0.396207 0.261291 0.148186 0.001995 0.179021 0.000033
0.013204 0.394905 0.261636 0.148371 0.002011 0.179839 0.000034
0.013216 0.392712 0.261893 0.148855 0.001997 0.181290 0.000036
0.013246 0.391633 0.262121 0.148857 0.002006 0.182103 0.000034
0.013222 0.389924 0.262351 0.148924 0.001991 0.183548 0.000041
0.013159 0.388831 0.262962 0.148905 0.002008 0.184097 0.000037
0.013271 0.387214 0.263030 0.148981 0.002043 0.185427 0.000034
0.013258 0.386626 0.262555 0.149048 0.002067 0.186409 0.000037
0.013302 0.385081 0.262966 0.149272 0.002048 0.187292 0.000040
0.013136 0.382554 0.263655 0.149321 0.002102 0.189197 0.000036
0.013090 0.381169 0.264107 0.149654 0.002079 0.189865 0.000036
0.013052 0.380888 0.263812 0.149423 0.002116 0.190670 0.000038
0.025356 0.374723 0.260224 0.147653 0.002080 0.189927 0.000037
0.025967 0.374606 0.260306 0.147532 0.002100 0.189452 0.000037
0.027033 0.372190 0.260176 0.147704 0.002101 0.190758 0.000036
0.036761 0.369095 0.256518 0.145685 0.002121 0.189777 0.000043
0.039381 0.367727 0.256206 0.145030 0.002096 0.189526 0.000034
0.040759 0.366241 0.255340 0.145064 0.002092 0.190466 0.000039
0.040260 0.366019 0.255268 0.144954 0.002133 0.191326 0.000039
0.038273 0.365323 0.255819 0.145259 0.002116 0.193167 0.000042
0.039448 0.366786 0.254679 0.144554 0.002129 0.192369 0.000036
0.038695 0.366234 0.254861 0.144887 0.002116 0.193164 0.000042
0.038474 0.364243 0.255009 0.144768 0.002107 0.195359 0.000041
0.036955 0.364907 0.254980 0.145086 0.002100 0.195931 0.000040
0.034959 0.365711 0.255421 0.145084 0.002129 0.196655 0.000041
0.030994 0.363802 0.257607 0.146103 0.002134 0.199319 0.000041
0.031953 0.365134 0.256240 0.145634 0.002146 0.198854 0.000039
0.031230 0.365275 0.256019 0.145452 0.002178 0.199804 0.000042
0.029251 0.364177 0.257350 0.145660 0.002175 0.201343 0.000043
0.027098 0.361834 0.258640 0.146415 0.002187 0.203784 0.000041
0.024812 0.361163 0.259103 0.147245 0.002196 0.205442 0.000039
0.023247 0.360677 0.259919 0.147518 0.002244 0.206354 0.000042
0.023070 0.360804 0.259684 0.147394 0.002242 0.206761 0.000045
0.022049 0.357765 0.260890 0.147819 0.002239 0.209194 0.000043
0.021627 0.357784 0.260768 0.147928 0.002271 0.209578 0.000044
0.019532 0.355610 0.261819 0.148624 0.002268 0.212103 0.000045
0.020231 0.355160 0.261551 0.148297 0.002282 0.212428 0.000051
0.018940 0.353784 0.262375 0.148692 0.002310 0.213854 0.000046
0.017561 0.350519 0.263865 0.149467 0.002325 0.216215 0.000048
0.018898 0.352490 0.262446 0.148746 0.002340 0.215030 0.000050
0.019922 0.351969 0.261339 0.148128 0.002292 0.216303 0.000048
0.017620 0.348762 0.263170 0.148975 0.002366 0.219061 0.000046
0.017093 0.346936 0.263601 0.149535 0.002340 0.220449 0.000046
0.015912 0.344973 0.264915 0.149882 0.002381 0.221890 0.000047
0.016427 0.347003 0.263918 0.149460 0.002349 0.220795 0.000050
0.015065 0.342037 0.265385 0.150606 0.002411 0.224451 0.000045
0.015441 0.340247 0.265409 0.150386 0.002403 0.226064 0.000051
0.015664 0.339458 0.265271 0.150227 0.002393 0.226933 0.000055
0.015155 0.338887 0.265398 0.150651 0.002429 0.227431 0.000048
0.014949 0.337356 0.265747 0.150658 0.002423 0.228814 0.000053
0.015055 0.336498 0.265545 0.150674 0.002426 0.229750 0.000051
0.014836 0.335419 0.265890 0.150861 0.002436 0.230505 0.000053
0.014552 0.334663 0.265939 0.150863 0.002486 0.231448 0.000048
0.014708 0.332746 0.265911 0.150851 0.002501 0.233231 0.000053
0.014570 0.332415 0.265867 0.150737 0.002483 0.233880 0.000048
0.014693 0.332661 0.265515 0.150645 0.002473 0.233961 0.000052
0.014074 0.328406 0.267064 0.151462 0.002534 0.236408 0.000052
0.013651 0.326563 0.267328 0.151794 0.002537 0.238075 0.000053
0.013611 0.325228 0.267201 0.151736 0.002544 0.239623 0.000055
0.014056 0.326316 0.266552 0.151529 0.002546 0.238951 0.000052
0.013627 0.322853 0.267272 0.152108 0.002558 0.241526 0.000055
0.013679 0.322018 0.267015 0.152230 0.002553 0.242448 0.000057
0.013765 0.322216 0.266697 0.151882 0.002570 0.242817 0.000052
0.013586 0.319340 0.267656 0.151929 0.002598 0.244834 0.000057
0.013265 0.315818 0.268171 0.152521 0.002623 0.247544 0.000059
0.013845 0.319321 0.267048 0.151626 0.002626 0.245479 0.000054
0.013205 0.314425 0.268636 0.152408 0.002662 0.248610 0.000054
0.013635 0.314361 0.267745 0.152212 0.002653 0.249342 0.000053
0.013433 0.312670 0.268249 0.152584 0.002692 0.250321 0.000051
0.013364 0.312229 0.267766 0.152242 0.002631 0.251713 0.000055
0.013361 0.311349 0.267856 0.152180 0.002676 0.252525 0.000054
0.013377 0.311404 0.267411 0.152115 0.002708 0.252929 0.000056
0.013575 0.309192 0.267386 0.152210 0.002659 0.254922 0.000055
0.013308 0.306838 0.268329 0.152354 0.002694 0.256422 0.000055
0.013350 0.305763 0.268141 0.152868 0.002725 0.257091 0.000062
0.013240 0.306104 0.267654 0.152756 0.002732 0.257455 0.000059
0.013096 0.305431 0.268097 0.152274 0.002761 0.258284 0.000057
0.013364 0.304862 0.267429 0.152431 0.002713 0.259148 0.000054
0.013062 0.300073 0.268525 0.152780 0.002772 0.262728 0.000060
0.013336 0.301606 0.267518 0.152639 0.002764 0.262072 0.000067
0.013122 0.299428 0.268420 0.152574 0.002780 0.263616 0.000059
0.013399 0.298316 0.268257 0.152409 0.002833 0.264728 0.000058
0.013431 0.299196 0.267596 0.152312 0.002817 0.264585 0.000063
0.013140 0.295667 0.268288 0.152823 0.002836 0.267182 0.000064
0.013170 0.294235 0.268414 0.152654 0.002851 0.268616 0.000061
0.013389 0.295404 0.267687 0.152285 0.002827 0.268342 0.000066
0.013570 0.294186 0.268111 0.152514 0.002821 0.268735 0.000065
0.013338 0.291155 0.268245 0.152566 0.002908 0.271717 0.000072
0.013391 0.293573 0.267242 0.152194 0.002880 0.270650 0.000069
0.013366 0.290406 0.268001 0.152405 0.002876 0.272884 0.000063
0.013315 0.289206 0.267738 0.152280 0.002884 0.274511 0.000066
0.013449 0.287355 0.268113 0.152282 0.002905 0.275825 0.000070
0.013363 0.287846 0.267555 0.152118 0.002906 0.276142 0.000070
0.013485 0.285770 0.267826 0.152067 0.002961 0.277820 0.000071
0.013571 0.286711 0.267394 0.152135 0.002896 0.277227 0.000064
0.013358 0.284061 0.267628 0.152216 0.002939 0.279728 0.000070
0.013491 0.283598 0.267433 0.152226 0.002954 0.280230 0.000068
0.013413 0.281391 0.267454 0.152162 0.002991 0.282518 0.000070
0.013482 0.281008 0.267759 0.152220 0.002981 0.282476 0.000074
0.013459 0.279800 0.267328 0.152075 0.002978 0.284290 0.000070
0.013550 0.280896 0.266654 0.151943 0.002976 0.283914 0.000068
0.013595 0.278800 0.267219 0.151676 0.003015 0.285624 0.000072
0.013366 0.278227 0.267291 0.151929 0.003026 0.286096 0.000065
0.013485 0.276394 0.267390 0.151716 0.003055 0.287890 0.000070
0.013553 0.276414 0.266542 0.151734 0.003057 0.288629 0.000070
0.013460 0.273956 0.267292 0.152162 0.003043 0.290010 0.000077
0.013541 0.272809 0.266887 0.151624 0.003062 0.292005 0.000072
0.013734 0.271564 0.266962 0.151788 0.003127 0.292747 0.000079
0.013471 0.271742 0.266284 0.151532 0.003104 0.293790 0.000077
0.013622 0.269688 0.266728 0.151950 0.003142 0.294787 0.000083
0.013658 0.270107 0.266353 0.151214 0.003131 0.295462 0.000075
0.013838 0.270691 0.265927 0.151184 0.003129 0.295160 0.000072
0.013591 0.268323 0.266308 0.151320 0.003113 0.297267 0.000078
0.013597 0.265144 0.266393 0.151580 0.003134 0.300073 0.000079
0.013716 0.265085 0.265985 0.151576 0.003182 0.300378 0.000077
0.013686 0.264053 0.266302 0.151267 0.003193 0.301417 0.000082
0.013673 0.265764 0.265525 0.150742 0.003159 0.301064 0.000074
0.013657 0.262970 0.265592 0.151101 0.003195 0.303405 0.000080
0.013901 0.261332 0.265792 0.151066 0.003161 0.304669 0.000080
0.013797 0.262447 0.265300 0.151269 0.003153 0.303957 0.000077
0.013922 0.260311 0.265593 0.150877 0.003181 0.306037 0.000079
0.013906 0.259653 0.264760 0.150869 0.003239 0.307491 0.000082
0.013951 0.260328 0.264864 0.150739 0.003231 0.306804 0.000084
0.013858 0.258945 0.264717 0.150222 0.003268 0.308911 0.000078
0.013937 0.255722 0.265440 0.151003 0.003286 0.310525 0.000087
0.013655 0.257327 0.265253 0.150424 0.003268 0.309992 0.000081
0.013907 0.254564 0.264859 0.150432 0.003275 0.312876 0.000088
0.013933 0.254512 0.264967 0.150205 0.003302 0.312997 0.000085
0.013856 0.253348 0.264553 0.150329 0.003316 0.314516 0.000082
0.013958 0.252551 0.264477 0.150270 0.003302 0.315353 0.000088
0.014064 0.252200 0.264237 0.150360 0.003303 0.315756 0.000080
0.014086 0.252159 0.263867 0.150205 0.003315 0.316282 0.000086
0.013992 0.250159 0.264112 0.149777 0.003368 0.318507 0.000085
0.013888 0.248917 0.264077 0.150173 0.003342 0.319512 0.000092
0.013993 0.248500 0.264035 0.150074 0.003316 0.319993 0.000090
0.014312 0.249056 0.263265 0.149746 0.003344 0.320186 0.000091
0.014126 0.247609 0.263363 0.149619 0.003367 0.321824 0.000092
0.014251 0.245823 0.263288 0.149668 0.003379 0.323507 0.000084
0.014250 0.244611 0.263420 0.149482 0.003383 0.324762 0.000091
0.014075 0.244479 0.263394 0.149682 0.003418 0.324856 0.000097
0.014231 0.243116 0.262653 0.149670 0.003388 0.326852 0.000091
0.014372 0.243434 0.262617 0.149287 0.003374 0.326824 0.000091
0.014381 0.241510 0.262367 0.149739 0.003363 0.328543 0.000095
0.014421 0.241682 0.262608 0.149089 0.003390 0.328717 0.000092
0.014269 0.241407 0.262212 0.149025 0.003432 0.329567 0.000087
0.014372 0.238887 0.262246 0.149282 0.003440 0.331679 0.000094
0.014466 0.237449 0.261973 0.149105 0.003449 0.333460 0.000098
0.014463 0.238406 0.261875 0.148900 0.003432 0.332830 0.000095
0.014532 0.237349 0.261946 0.148626 0.003451 0.333994 0.000102
0.014756 0.234720 0.261723 0.148423 0.003514 0.336773 0.000091
0.014494 0.235044 0.261870 0.148419 0.003474 0.336606 0.000094
0.014548 0.235696 0.261175 0.148351 0.003461 0.336681 0.000088
0.014498 0.233336 0.261430 0.148508 0.003513 0.338620 0.000096
0.014494 0.232618 0.261191 0.148022 0.003498 0.340083 0.000094
0.014759 0.233388 0.260810 0.148052 0.003495 0.339394 0.000101
0.014617 0.231791 0.260746 0.147676 0.003530 0.341544 0.000096
0.014688 0.230311 0.260767 0.147806 0.003539 0.342787 0.000103
0.014604 0.230351 0.260323 0.147705 0.003519 0.343404 0.000093
0.014716 0.230609 0.259978 0.147753 0.003524 0.343327 0.000093
0.014513 0.229183 0.260405 0.147374 0.003556 0.344865 0.000105
0.014817 0.228877 0.259737 0.147429 0.003563 0.345473 0.000103
0.014912 0.228198 0.259585 0.147443 0.003524 0.346238 0.000100
0.014972 0.226750 0.259419 0.147366 0.003505 0.347879 0.000109
0.014627 0.226775 0.259175 0.147261 0.003534 0.348527 0.000100
0.014853 0.226980 0.258910 0.146731 0.003552 0.348868 0.000106
0.015010 0.225075 0.258870 0.146903 0.003593 0.350446 0.000103
0.014800 0.222712 0.259202 0.146833 0.003566 0.352781 0.000105
0.015087 0.223566 0.258320 0.146731 0.003585 0.352612 0.000099
0.015163 0.222419 0.258579 0.146594 0.003604 0.353544 0.000097
0.014965 0.222161 0.258307 0.146381 0.003624 0.354461 0.000102
0.015180 0.220029 0.258040 0.146597 0.003649 0.356397 0.000107
0.015051 0.221064 0.257685 0.146468 0.003651 0.355976 0.000104
0.015144 0.219470 0.257609 0.146393 0.003587 0.357687 0.000111
0.015204 0.217994 0.257901 0.145949 0.003610 0.359232 0.000110
0.015062 0.218536 0.257456 0.145921 0.003595 0.359322 0.000108
0.015155 0.217885 0.257276 0.145897 0.003615 0.360069 0.000103
0.015077 0.216173 0.256821 0.145765 0.003640 0.362411 0.000114
0.015373 0.216062 0.257058 0.145342 0.003655 0.362403 0.000107
0.015381 0.215445 0.256429 0.145424 0.003704 0.363505 0.000112
0.015478 0.215497 0.256500 0.145409 0.003617 0.363378 0.000122
0.015197 0.215643 0.256215 0.145351 0.003647 0.363828 0.000119
0.015514 0.213770 0.255758 0.145085 0.003717 0.366041 0.000115
0.015072 0.213662 0.255880 0.145173 0.003706 0.366389 0.000118
0.015419 0.211783 0.255661 0.145154 0.003715 0.368153 0.000115
0.015178 0.210714 0.255643 0.145018 0.003715 0.369611 0.000123
0.015566 0.210679 0.255257 0.144882 0.003711 0.369783 0.000122
0.024609 0.210049 0.251848 0.142881 0.003704 0.366794 0.000115
0.032843 0.209918 0.249075 0.141410 0.003618 0.363023 0.000111
0.035191 0.210280 0.247083 0.140594 0.003635 0.363106 0.000112
0.031551 0.210143 0.248454 0.140931 0.003681 0.365127 0.000113
0.036537 0.211875 0.245959 0.139693 0.003648 0.362178 0.000109
0.031061 0.210915 0.247586 0.140540 0.003690 0.366097 0.000111
0.030804 0.210506 0.247099 0.140188 0.003676 0.367614 0.000113
0.029487 0.211273 0.247851 0.140126 0.003679 0.367466 0.000117
0.029349 0.211657 0.247065 0.139993 0.003733 0.368086 0.000117
0.028153 0.212089 0.246805 0.140055 0.003704 0.369091 0.000103
0.029242 0.211714 0.245684 0.139509 0.003718 0.370018 0.000115
0.024184 0.208466 0.247757 0.140642 0.003803 0.375028 0.000120
0.024669 0.210169 0.247534 0.140317 0.003776 0.373420 0.000115
0.024194 0.210007 0.247423 0.140290 0.003754 0.374216 0.000116
0.025771 0.212069 0.245517 0.139505 0.003784 0.373229 0.000124
0.020275 0.204966 0.248785 0.141075 0.003856 0.380920 0.000122
0.020647 0.206680 0.248418 0.141029 0.003785 0.379318 0.000124
0.019502 0.204599 0.248525 0.141098 0.003852 0.382298 0.000125
0.021392 0.207103 0.246989 0.140496 0.003798 0.380102 0.000120
0.020062 0.203583 0.247425 0.140566 0.003832 0.384398 0.000135
0.020443 0.204740 0.246826 0.140011 0.003906 0.383955 0.000119
0.019003 0.202177 0.248024 0.140398 0.003867 0.386416 0.000114
0.019208 0.202381 0.247824 0.140604 0.003855 0.386008 0.000121
0.018598 0.200186 0.247461 0.140794 0.003864 0.388971 0.000124
0.019267 0.202872 0.246444 0.139952 0.003891 0.387450 0.000123
0.018294 0.200844 0.247042 0.140329 0.003881 0.389481 0.000128
0.018446 0.200321 0.246842 0.140109 0.003927 0.390223 0.000133
0.017881 0.197820 0.247139 0.140371 0.003943 0.392716 0.000129
0.018257 0.198739 0.246573 0.139483 0.003918 0.392904 0.000126
0.017732 0.197527 0.246702 0.139919 0.003931 0.394068 0.000121
0.017277 0.194789 0.246942 0.140225 0.003977 0.396656 0.000134
0.017279 0.194721 0.246572 0.140027 0.003934 0.397341 0.000126
0.017452 0.195449 0.246229 0.139685 0.003970 0.397092 0.000122
0.017793 0.196513 0.245681 0.139290 0.003984 0.396600 0.000139
0.017372 0.192709 0.246088 0.139577 0.004035 0.400078 0.000141
0.018207 0.194649 0.244983 0.139025 0.004006 0.399000 0.000130
0.017407 0.191997 0.246051 0.139710 0.003990 0.400718 0.000127
0.017250 0.192378 0.245181 0.139603 0.004039 0.401410 0.000139
0.017548 0.193622 0.244741 0.138945 0.004011 0.401007 0.000126
0.017299 0.190830 0.245207 0.138809 0.004037 0.403687 0.000131
0.017211 0.189102 0.245246 0.138922 0.004014 0.405370 0.000136
0.016755 0.187477 0.245308 0.139445 0.004027 0.406842 0.000146
0.017091 0.187535 0.244617 0.138805 0.004016 0.407799 0.000137
0.017390 0.187374 0.244607 0.138674 0.004063 0.407767 0.000125
0.017188 0.188752 0.244001 0.138566 0.004009 0.407351 0.000133
0.016923 0.184677 0.244117 0.138509 0.004108 0.411527 0.000138
0.017310 0.187783 0.243425 0.138023 0.004063 0.409254 0.000141
0.017321 0.186157 0.243106 0.137933 0.004062 0.411287 0.000135
0.017353 0.185264 0.243335 0.138226 0.004133 0.411549 0.000139
0.016867 0.183343 0.243575 0.138049 0.004074 0.413958 0.000134
0.017195 0.184124 0.243497 0.137591 0.004164 0.413295 0.000134
0.017132 0.183396 0.242424 0.138028 0.004123 0.414763 0.000133
0.017242 0.182090 0.242926 0.137450 0.004114 0.416035 0.000143
0.017317 0.182174 0.242257 0.136961 0.004064 0.417091 0.000135
0.017292 0.181744 0.242272 0.137165 0.004159 0.417225 0.000143
0.017382 0.180343 0.242005 0.137218 0.004137 0.418776 0.000139
0.017175 0.180357 0.241639 0.136996 0.004137 0.419555 0.000141
0.017491 0.179168 0.241082 0.136558 0.004112 0.421453 0.000137
0.017146 0.179298 0.241167 0.137283 0.004191 0.420774 0.000140
0.017361 0.178181 0.241020 0.136639 0.004206 0.422440 0.000153
0.017200 0.176496 0.240708 0.136495 0.004172 0.424786 0.000144
0.017369 0.178625 0.240148 0.136519 0.004172 0.423026 0.000141
0.017532 0.176448 0.240252 0.136302 0.004223 0.425100 0.000145
0.017522 0.175103 0.239733 0.136246 0.004279 0.426970 0.000148
0.017486 0.176400 0.239497 0.135862 0.004244 0.426364 0.000148
0.017300 0.174668 0.239940 0.135969 0.004274 0.427703 0.000145
0.017683 0.175991 0.238999 0.135449 0.004260 0.427467 0.000151
0.017805 0.172662 0.238499 0.135211 0.004282 0.431396 0.000145
0.017578 0.173300 0.238913 0.135813 0.004213 0.430031 0.000152
0.017656 0.173359 0.238411 0.135349 0.004177 0.430894 0.000153
0.017855 0.171110 0.238458 0.135134 0.004274 0.433025 0.000145
0.017892 0.171991 0.238160 0.135031 0.004252 0.432535 0.000138
0.017836 0.171385 0.238241 0.134938 0.004264 0.433176 0.000159
0.017715 0.171469 0.237821 0.134533 0.004290 0.434014 0.000159
0.017918 0.169566 0.237387 0.134234 0.004335 0.436399 0.000161
0.017881 0.169434 0.237218 0.133994 0.004338 0.436975 0.000160
0.017632 0.170002 0.237062 0.133974 0.004211 0.436959 0.000160
0.017665 0.169072 0.236428 0.134485 0.004280 0.437916 0.000154
0.018010 0.169440 0.236425 0.133685 0.004332 0.437955 0.000153
0.018161 0.169092 0.236208 0.133955 0.004327 0.438106 0.000151
0.017982 0.167172 0.235830 0.133535 0.004326 0.440999 0.000156
0.018240 0.166928 0.235104 0.133519 0.004359 0.441703 0.000147
0.018235 0.168251 0.235037 0.133340 0.004344 0.440639 0.000154
0.018236 0.167895 0.234776 0.133028 0.004352 0.441561 0.000152
0.018107 0.165976 0.234637 0.133203 0.004349 0.443569 0.000158
0.018250 0.164966 0.234473 0.133176 0.004358 0.444620 0.000157
0.018040 0.163560 0.234222 0.132774 0.004404 0.446834 0.000166
0.018253 0.164606 0.234111 0.132836 0.004394 0.445637 0.000163
0.018444 0.164274 0.233399 0.132518 0.004352 0.446860 0.000152
0.018535 0.164200 0.233576 0.132733 0.004347 0.446447 0.000162
0.018437 0.161811 0.232971 0.132286 0.004365 0.449955 0.000175
0.018519 0.163182 0.233241 0.132476 0.004417 0.448004 0.000161
0.018499 0.161778 0.232841 0.131842 0.004386 0.450474 0.000181
0.018645 0.161583 0.232258 0.132153 0.004432 0.450757 0.000172
0.018798 0.160719 0.231909 0.131501 0.004415 0.452496 0.000162
0.018544 0.160002 0.231844 0.131478 0.004436 0.453520 0.000176
0.018653 0.159335 0.231253 0.131380 0.004484 0.454733 0.000162
0.018530 0.159167 0.231496 0.131358 0.004471 0.454800 0.000178
0.018694 0.159196 0.230547 0.131060 0.004458 0.455867 0.000177
0.018766 0.158407 0.230663 0.131370 0.004486 0.456134 0.000174
0.018896 0.157834 0.231079 0.130821 0.004435 0.456766 0.000170
0.018821 0.158180 0.230416 0.130535 0.004495 0.457390 0.000163
0.018648 0.157258 0.230198 0.130542 0.004499 0.458690 0.000166
0.018986 0.156855 0.229187 0.130323 0.004543 0.459935 0.000171
0.018948 0.156790 0.229264 0.129814 0.004511 0.460498 0.000176
0.018860 0.155669 0.229390 0.129755 0.004477 0.461675 0.000175
0.018881 0.155176 0.229000 0.129933 0.004522 0.462317 0.000172
0.019256 0.155816 0.228717 0.129728 0.004543 0.461765 0.000176
0.018994 0.155160 0.228724 0.129692 0.004581 0.462678 0.000171
0.019230 0.154476 0.228309 0.129208 0.004561 0.464037 0.000180
0.018921 0.154014 0.228144 0.129240 0.004531 0.464975 0.000175
0.019083 0.154429 0.227925 0.128969 0.004568 0.464843 0.000184
0.018947 0.154474 0.227199 0.129162 0.004506 0.465531 0.000181
0.019269 0.153994 0.227314 0.129221 0.004523 0.465492 0.000187
0.019253 0.153172 0.226925 0.128496 0.004554 0.467407 0.000193
0.019279 0.152275 0.226363 0.128356 0.004599 0.468959 0.000169
0.019356 0.153138 0.226197 0.128369 0.004574 0.468194 0.000172
0.019251 0.151352 0.225923 0.128321 0.004575 0.470387 0.000190
0.019167 0.151730 0.225966 0.127829 0.004664 0.470454 0.000191
0.019411 0.151487 0.225637 0.127887 0.004597 0.470786 0.000194
0.019536 0.150430 0.225258 0.127545 0.004631 0.472403 0.000196
0.019639 0.149747 0.224956 0.127422 0.004631 0.473417 0.000188
0.019312 0.149997 0.224472 0.127135 0.004662 0.474232 0.000190
0.019382 0.150334 0.224431 0.127477 0.004683 0.473505 0.000189
0.020108 0.149423 0.223770 0.127143 0.004586 0.474784 0.000186
0.019520 0.149463 0.223559 0.127174 0.004650 0.475449 0.000186
0.019689 0.147843 0.223235 0.126779 0.004684 0.477585 0.000185
0.019566 0.148627 0.223276 0.126787 0.004690 0.476860 0.000194
0.020022 0.147171 0.222768 0.126493 0.004684 0.478678 0.000184
0.019706 0.146279 0.222599 0.126636 0.004627 0.479959 0.000194
0.019933 0.147255 0.222050 0.125831 0.004649 0.480079 0.000203
0.020007 0.145679 0.222016 0.125908 0.004691 0.481507 0.000192
0.020002 0.146811 0.222074 0.125894 0.004673 0.480352 0.000195
0.020143 0.145244 0.221471 0.125657 0.004677 0.482604 0.000203
0.019930 0.145302 0.221862 0.125444 0.004633 0.482621 0.000207
0.020153 0.144809 0.220708 0.125375 0.004686 0.484069 0.000201
0.020178 0.143494 0.221160 0.125117 0.004712 0.485141 0.000198
0.020427 0.143379 0.220692 0.125097 0.004663 0.485548 0.000194
0.020243 0.142713 0.220189 0.124889 0.004680 0.487079 0.000208
0.020323 0.143061 0.220178 0.124771 0.004708 0.486752 0.000207
0.020483 0.144016 0.219650 0.124522 0.004695 0.486420 0.000214
0.020239 0.142507 0.219507 0.124331 0.004751 0.488472 0.000194
