0.999109 0.000859 0.000020 0.000011 0.000000 0.000000 0.000000
0.998681 0.001273 0.000027 0.000005 0.000000 0.000014 0.000000
0.998241 0.001701 0.000036 0.000007 0.000000 0.000014 0.000000
0.997768 0.002160 0.000043 0.000015 0.000000 0.000014 0.000000
0.997353 0.002572 0.000042 0.000019 0.000000 0.000014 0.000000
0.996879 0.003042 0.000045 0.000021 0.000000 0.000014 0.000000
0.996288 0.003619 0.000051 0.000028 0.000000 0.000013 0.000000
0.995545 0.004356 0.000058 0.000028 0.000000 0.000013 0.000000
0.994804 0.005077 0.000074 0.000033 0.000000 0.000012 0.000000
0.993797 0.006069 0.000082 0.000041 0.000000 0.000011 0.000000
0.992704 0.007151 0.000085 0.000049 0.000000 0.000010 0.000000
0.991532 0.008311 0.000092 0.000053 0.000000 0.000012 0.000000
0.989340 0.010462 0.000111 0.000070 0.000000 0.000018 0.000000
0.987453 0.012337 0.000127 0.000069 0.000000 0.000014 0.000000
0.985108 0.014653 0.000148 0.000074 0.000000 0.000017 0.000000
0.981891 0.017812 0.000181 0.000100 0.000000 0.000016 0.000000
0.978868 0.020782 0.000199 0.000133 0.000000 0.000018 0.000000
0.973789 0.025741 0.000274 0.000171 0.000000 0.000024 0.000000
0.969367 0.030050 0.000351 0.000212 0.000000 0.000021 0.000000
0.963262 0.036050 0.000417 0.000253 0.000000 0.000018 0.000000
0.957096 0.042076 0.000500 0.000304 0.000000 0.000025 0.000000
0.949993 0.048957 0.000650 0.000376 0.000000 0.000024 0.000000
0.942935 0.055794 0.000804 0.000436 0.000000 0.000032 0.000000
0.935200 0.063312 0.000921 0.000538 0.000000 0.000029 0.000000
0.924351 0.073866 0.001118 0.000635 0.000000 0.000030 0.000000
0.914247 0.083682 0.001303 0.000727 0.000002 0.000038 0.000000
0.904682 0.092976 0.001466 0.000822 0.000003 0.000051 0.000000
0.892028 0.105302 0.001683 0.000929 0.000003 0.000054 0.000000
0.879960 0.116998 0.001922 0.001064 0.000003 0.000053 0.000000
0.865259 0.131257 0.002194 0.001223 0.000002 0.000065 0.000000
0.851318 0.144747 0.002489 0.001370 0.000003 0.000075 0.000000
0.836045 0.159571 0.002778 0.001518 0.000002 0.000085 0.000000
0.818239 0.176781 0.003121 0.001752 0.000002 0.000105 0.000000
0.804440 0.190130 0.003393 0.001929 0.000002 0.000106 0.000000
0.785285 0.208608 0.003809 0.002163 0.000002 0.000133 0.000000
0.772646 0.220829 0.004071 0.002305 0.000002 0.000148 0.000000
0.752927 0.239723 0.004551 0.002631 0.000002 0.000166 0.000000
0.737323 0.254730 0.004951 0.002820 0.000002 0.000173 0.000000
0.721006 0.270388 0.005373 0.003042 0.000002 0.000189 0.000000
0.704565 0.285972 0.005911 0.003343 0.000003 0.000206 0.000000
0.688323 0.301458 0.006409 0.003596 0.000003 0.000211 0.000000
0.671464 0.317353 0.007010 0.003927 0.000003 0.000242 0.000000
0.655540 0.332396 0.007561 0.004226 0.000003 0.000275 0.000000
0.637827 0.349009 0.008233 0.004624 0.000003 0.000304 0.000000
0.622526 0.363372 0.008843 0.004918 0.000003 0.000340 0.000000
0.609599 0.375327 0.009423 0.005284 0.000002 0.000365 0.000000
0.593694 0.390168 0.010070 0.005682 0.000003 0.000382 0.000000
0.584320 0.398713 0.010527 0.006014 0.000004 0.000421 0.000000
0.569112 0.412701 0.011281 0.006441 0.000006 0.000459 0.000000
0.557967 0.422843 0.011889 0.006808 0.000006 0.000487 0.000000
0.545120 0.434553 0.012606 0.007176 0.000007 0.000539 0.000000
0.533447 0.445061 0.013321 0.007576 0.000009 0.000587 0.000000
0.523754 0.453674 0.014040 0.007902 0.000009 0.000620 0.000000
0.511554 0.464556 0.014829 0.008393 0.000010 0.000657 0.000000
0.502748 0.472361 0.015457 0.008727 0.000011 0.000695 0.000000
0.492644 0.481288 0.016173 0.009146 0.000013 0.000736 0.000000
0.480863 0.491758 0.017007 0.009560 0.000013 0.000799 0.000000
0.474952 0.496659 0.017648 0.009873 0.000013 0.000855 0.000000
0.463377 0.506812 0.018480 0.010401 0.000015 0.000916 0.000000
0.453955 0.515004 0.019210 0.010839 0.000016 0.000977 0.000000
0.444604 0.522899 0.020106 0.011347 0.000016 0.001028 0.000000
0.439524 0.526910 0.020692 0.011771 0.000017 0.001086 0.000000
0.428729 0.536172 0.021612 0.012309 0.000018 0.001161 0.000000
0.417072 0.546074 0.022660 0.012926 0.000017 0.001252 0.000000
0.408910 0.552624 0.023629 0.013508 0.000018 0.001311 0.000000
0.406471 0.554266 0.024065 0.013818 0.000017 0.001363 0.000000
0.395900 0.563121 0.025071 0.014420 0.000018 0.001470 0.000000
0.392338 0.565881 0.025483 0.014751 0.000019 0.001528 0.000000
0.382240 0.574049 0.026709 0.015356 0.000020 0.001625 0.000000
0.373616 0.580991 0.027661 0.015986 0.000020 0.001725 0.000001
0.371087 0.582426 0.028329 0.016327 0.000022 0.001808 0.000001
0.363217 0.588741 0.029272 0.016867 0.000021 0.001881 0.000001
0.357176 0.593103 0.030283 0.017421 0.000023 0.001993 0.000001
0.347463 0.600948 0.031439 0.018012 0.000026 0.002110 0.000001
0.341619 0.605161 0.032460 0.018511 0.000027 0.002222 0.000000
0.335463 0.609409 0.033589 0.019123 0.000028 0.002388 0.000001
0.329738 0.613484 0.034585 0.019659 0.000030 0.002504 0.000001
0.323665 0.617805 0.035622 0.020244 0.000034 0.002629 0.000001
0.318597 0.621131 0.036635 0.020857 0.000035 0.002744 0.000001
0.315198 0.622604 0.037746 0.021500 0.000042 0.002909 0.000000
0.312767 0.624173 0.038265 0.021754 0.000039 0.003001 0.000001
0.306673 0.627835 0.039721 0.022560 0.000044 0.003167 0.000000
0.303290 0.629836 0.040510 0.023036 0.000048 0.003281 0.000000
0.299328 0.631953 0.041538 0.023680 0.000052 0.003449 0.000001
0.290676 0.638159 0.042947 0.024534 0.000052 0.003632 0.000001
0.288632 0.638330 0.044130 0.025050 0.000051 0.003806 0.000000
0.282300 0.642437 0.045353 0.025841 0.000052 0.004016 0.000001
0.284223 0.639634 0.045765 0.026200 0.000059 0.004119 0.000001
0.278381 0.643393 0.046940 0.026904 0.000060 0.004320 0.000001
0.266746 0.651982 0.048726 0.027912 0.000067 0.004565 0.000001
0.263698 0.653459 0.049583 0.028495 0.000064 0.004700 0.000001
0.262413 0.653351 0.050330 0.028955 0.000069 0.004880 0.000001
0.254859 0.658359 0.051731 0.029851 0.000069 0.005129 0.000001
0.247833 0.662853 0.053248 0.030621 0.000075 0.005370 0.000001
0.243779 0.664937 0.054358 0.031260 0.000069 0.005594 0.000001
0.235120 0.670857 0.055922 0.032187 0.000074 0.005838 0.000001
0.227668 0.675905 0.057312 0.032938 0.000078 0.006098 0.000001
0.221021 0.679894 0.058726 0.033919 0.000082 0.006358 0.000001
0.215201 0.682766 0.060381 0.034857 0.000088 0.006706 0.000001
0.212690 0.683320 0.061518 0.035460 0.000092 0.006919 0.000001
0.208292 0.685478 0.062789 0.036106 0.000100 0.007234 0.000001
0.195279 0.693253 0.065863 0.037802 0.000104 0.007698 0.000002
0.190972 0.695882 0.066744 0.038362 0.000108 0.007931 0.000002
0.192115 0.693270 0.067478 0.038866 0.000104 0.008165 0.000001
0.187683 0.695320 0.068762 0.039645 0.000112 0.008477 0.000001
0.183699 0.695869 0.070683 0.040774 0.000115 0.008859 0.000002
0.179871 0.697643 0.071795 0.041428 0.000120 0.009142 0.000001
0.175268 0.698996 0.073572 0.042554 0.000124 0.009485 0.000001
0.176850 0.695180 0.074843 0.043208 0.000123 0.009795 0.000001
0.170042 0.698614 0.076727 0.044311 0.000131 0.010173 0.000001
0.164439 0.701076 0.078488 0.045285 0.000137 0.010574 0.000001
0.164310 0.698795 0.079750 0.046038 0.000139 0.010968 0.000001
0.158709 0.701206 0.081463 0.047089 0.000148 0.011383 0.000001
0.156025 0.701226 0.082984 0.047904 0.000148 0.011711 0.000002
0.155214 0.700558 0.083775 0.048268 0.000145 0.012039 0.000002
0.148567 0.703415 0.085739 0.049607 0.000155 0.012515 0.000002
0.153552 0.697650 0.086267 0.049621 0.000156 0.012752 0.000002
0.146030 0.700675 0.088675 0.051095 0.000170 0.013354 0.000002
0.149784 0.695715 0.089373 0.051275 0.000183 0.013668 0.000002
0.141590 0.699431 0.091683 0.052791 0.000187 0.014317 0.000001
0.139394 0.699806 0.092639 0.053383 0.000188 0.014589 0.000002
0.141980 0.696128 0.093115 0.053683 0.000187 0.014905 0.000001
0.134668 0.698711 0.095647 0.055182 0.000206 0.015585 0.000001
0.133331 0.697629 0.096966 0.055942 0.000210 0.015921 0.000001
0.131740 0.696893 0.098217 0.056567 0.000216 0.016366 0.000001
0.132770 0.694138 0.099179 0.056918 0.000219 0.016774 0.000001
0.128612 0.695354 0.100729 0.057836 0.000224 0.017245 0.000001
0.119226 0.699422 0.103644 0.059445 0.000231 0.018030 0.000001
0.122407 0.695094 0.104229 0.059734 0.000237 0.018297 0.000002
0.113406 0.698569 0.107112 0.061541 0.000250 0.019121 0.000002
0.121502 0.692568 0.105823 0.060800 0.000244 0.019061 0.000002
0.113255 0.695862 0.108681 0.062212 0.000255 0.019734 0.000001
0.107836 0.697471 0.110668 0.063397 0.000258 0.020368 0.000002
0.108608 0.694124 0.111971 0.064226 0.000261 0.020808 0.000001
0.101960 0.695771 0.114618 0.065775 0.000274 0.021600 0.000001
0.099354 0.696246 0.115718 0.066353 0.000275 0.022054 0.000001
0.097393 0.695622 0.117162 0.067079 0.000272 0.022471 0.000002
0.090234 0.697101 0.120016 0.068853 0.000294 0.023500 0.000002
0.092784 0.693902 0.120335 0.068963 0.000299 0.023715 0.000001
0.088353 0.693460 0.122828 0.070464 0.000302 0.024591 0.000002
0.089656 0.692350 0.122473 0.070492 0.000303 0.024723 0.000003
0.083731 0.692864 0.125491 0.071923 0.000324 0.025664 0.000003
0.078787 0.694057 0.127398 0.073053 0.000324 0.026379 0.000002
0.079452 0.693607 0.127163 0.072947 0.000324 0.026505 0.000002
0.074510 0.692089 0.130516 0.074809 0.000349 0.027724 0.000003
0.071112 0.693046 0.131836 0.075492 0.000354 0.028158 0.000002
0.065876 0.692581 0.134751 0.077158 0.000357 0.029274 0.000003
0.063389 0.690541 0.137078 0.078384 0.000383 0.030223 0.000003
0.064339 0.688983 0.137226 0.078717 0.000383 0.030348 0.000004
0.063953 0.686764 0.138502 0.079426 0.000375 0.030975 0.000005
0.059809 0.685324 0.141337 0.081090 0.000397 0.032037 0.000005
0.060649 0.683395 0.141679 0.081361 0.000409 0.032502 0.000005
0.062883 0.679898 0.142487 0.081452 0.000405 0.032870 0.000005
0.063462 0.676802 0.143540 0.082366 0.000413 0.033412 0.000005
0.057406 0.677103 0.146375 0.083987 0.000427 0.034698 0.000004
0.055708 0.677211 0.147412 0.084281 0.000445 0.034936 0.000006
0.051945 0.676850 0.149236 0.085578 0.000444 0.035941 0.000005
0.054728 0.672042 0.150040 0.086183 0.000455 0.036546 0.000006
0.052191 0.669413 0.152801 0.087517 0.000454 0.037618 0.000006
0.050743 0.668682 0.153681 0.088182 0.000473 0.038233 0.000005
0.047833 0.668446 0.155183 0.088988 0.000478 0.039067 0.000005
0.047508 0.666839 0.156127 0.089489 0.000491 0.039539 0.000006
0.047478 0.662742 0.158033 0.090743 0.000490 0.040507 0.000006
0.044678 0.662796 0.159559 0.091294 0.000519 0.041149 0.000006
0.046077 0.662307 0.158923 0.091059 0.000514 0.041113 0.000006
0.046419 0.657457 0.160971 0.092220 0.000515 0.042413 0.000005
0.047137 0.654945 0.161805 0.092583 0.000530 0.042996 0.000005
0.047046 0.649515 0.164383 0.094053 0.000522 0.044474 0.000008
0.045476 0.650872 0.164413 0.094141 0.000535 0.044556 0.000008
0.049146 0.645120 0.165252 0.094742 0.000537 0.045197 0.000007
0.052631 0.642403 0.164888 0.094206 0.000553 0.045312 0.000007
0.053576 0.638328 0.166124 0.095180 0.000574 0.046210 0.000007
0.051714 0.637300 0.167500 0.095796 0.000564 0.047119 0.000008
0.050272 0.635164 0.169104 0.096811 0.000589 0.048054 0.000007
0.050232 0.632325 0.170520 0.097440 0.000591 0.048885 0.000007
0.051081 0.630750 0.170538 0.097743 0.000593 0.049289 0.000006
0.051967 0.628170 0.171235 0.098172 0.000601 0.049848 0.000008
0.051131 0.625100 0.173145 0.099069 0.000610 0.050939 0.000006
0.044588 0.626333 0.175790 0.100607 0.000615 0.052059 0.000007
0.047201 0.625001 0.174971 0.100122 0.000613 0.052084 0.000007
0.047989 0.621765 0.176015 0.100585 0.000639 0.052999 0.000007
0.046030 0.621335 0.177018 0.101171 0.000660 0.053780 0.000007
0.043801 0.618970 0.179185 0.102557 0.000651 0.054828 0.000008
0.042674 0.618176 0.179848 0.102895 0.000671 0.055728 0.000008
0.041268 0.617406 0.180852 0.103512 0.000692 0.056261 0.000009
0.040708 0.616532 0.181215 0.104107 0.000691 0.056737 0.000010
0.037308 0.614014 0.184012 0.105503 0.000708 0.058447 0.000007
0.036610 0.613990 0.184232 0.105494 0.000718 0.058946 0.000010
0.036146 0.610845 0.185794 0.106528 0.000729 0.059950 0.000008
0.034927 0.609530 0.187085 0.107031 0.000732 0.060686 0.000009
0.034151 0.608524 0.187608 0.107464 0.000751 0.061493 0.000009
0.029883 0.606395 0.190900 0.109003 0.000763 0.063045 0.000011
0.032011 0.606034 0.189605 0.108477 0.000777 0.063087 0.000009
0.028205 0.602017 0.193089 0.110640 0.000819 0.065220 0.000009
0.029173 0.601901 0.192523 0.110379 0.000790 0.065225 0.000010
0.028359 0.598880 0.194264 0.111190 0.000805 0.066494 0.000009
0.027050 0.596940 0.195755 0.112092 0.000819 0.067334 0.000011
0.027276 0.595897 0.196042 0.112030 0.000826 0.067920 0.000009
0.025706 0.594235 0.197342 0.112943 0.000822 0.068945 0.000008
0.025093 0.591860 0.198693 0.113615 0.000852 0.069877 0.000010
0.024927 0.589796 0.199473 0.114204 0.000839 0.070749 0.000012
0.023913 0.587904 0.200688 0.114844 0.000856 0.071783 0.000011
0.023577 0.584137 0.202210 0.115874 0.000893 0.073299 0.000010
0.023193 0.583789 0.202631 0.115815 0.000873 0.073688 0.000011
0.022921 0.581101 0.203815 0.116587 0.000892 0.074672 0.000012
0.022661 0.579682 0.204334 0.117066 0.000907 0.075340 0.000010
0.021893 0.576443 0.205974 0.117820 0.000926 0.076935 0.000009
0.022004 0.576160 0.206147 0.118041 0.000942 0.076694 0.000013
0.021273 0.573164 0.207760 0.118653 0.000949 0.078189 0.000012
0.021072 0.570952 0.208454 0.119294 0.000945 0.079271 0.000012
0.020279 0.567656 0.210174 0.120124 0.000968 0.080786 0.000013
0.020242 0.566882 0.210367 0.120322 0.000971 0.081205 0.000011
0.025616 0.560221 0.210759 0.120419 0.000983 0.081989 0.000013
0.028220 0.557982 0.210385 0.120239 0.001003 0.082156 0.000013
0.028699 0.555593 0.210928 0.120527 0.001015 0.083223 0.000014
0.030294 0.551859 0.211400 0.121086 0.001053 0.084298 0.000011
0.030398 0.549547 0.212314 0.121502 0.001052 0.085176 0.000011
0.031303 0.547386 0.212926 0.121610 0.001048 0.085715 0.000012
0.035557 0.544419 0.212137 0.121075 0.001037 0.085761 0.000015
0.040974 0.539032 0.211521 0.121059 0.001049 0.086353 0.000011
0.036506 0.539339 0.213180 0.121835 0.001067 0.088062 0.000011
0.042481 0.535035 0.212229 0.121354 0.001060 0.087831 0.000011
0.041810 0.534570 0.212387 0.121541 0.001048 0.088633 0.000012
0.041197 0.531951 0.213749 0.122061 0.001066 0.089962 0.000013
0.039949 0.532333 0.213800 0.122367 0.001088 0.090449 0.000014
0.041324 0.529827 0.213983 0.122552 0.001095 0.091208 0.000010
0.038557 0.529903 0.215251 0.122977 0.001137 0.092164 0.000012
0.039432 0.527515 0.215477 0.123254 0.001118 0.093188 0.000015
0.037728 0.528188 0.215737 0.123633 0.001118 0.093581 0.000015
0.035047 0.525724 0.217700 0.124741 0.001131 0.095640 0.000018
0.034411 0.524873 0.218315 0.125044 0.001166 0.096177 0.000014
0.033461 0.524732 0.218627 0.125315 0.001174 0.096677 0.000013
0.031402 0.523245 0.220053 0.126117 0.001163 0.098006 0.000014
0.030239 0.521072 0.221199 0.126639 0.001221 0.099612 0.000018
0.029823 0.522295 0.221108 0.126507 0.001186 0.099066 0.000015
0.028535 0.519859 0.222150 0.127239 0.001220 0.100982 0.000015
0.025464 0.517683 0.224729 0.128515 0.001245 0.102348 0.000015
0.024337 0.515880 0.225635 0.129152 0.001264 0.103717 0.000014
0.025294 0.516977 0.224602 0.128646 0.001264 0.103201 0.000015
0.023360 0.512692 0.227031 0.129976 0.001274 0.105650 0.000016
0.023249 0.510696 0.227455 0.130297 0.001289 0.107001 0.000012
0.023312 0.511448 0.227255 0.129925 0.001298 0.106748 0.000013
0.021447 0.507489 0.229356 0.131317 0.001326 0.109051 0.000014
0.020761 0.504891 0.230341 0.131948 0.001336 0.110708 0.000015
0.019971 0.504501 0.231091 0.132136 0.001349 0.110935 0.000017
0.020573 0.503937 0.230771 0.131912 0.001339 0.111448 0.000019
0.019258 0.501306 0.232270 0.132870 0.001351 0.112928 0.000017
0.019572 0.499419 0.232743 0.132896 0.001407 0.113943 0.000020
0.018327 0.496370 0.234160 0.133884 0.001385 0.115857 0.000018
0.018967 0.496145 0.233637 0.133799 0.001391 0.116041 0.000019
0.018287 0.493242 0.235150 0.134371 0.001410 0.117522 0.000018
0.017316 0.491234 0.236289 0.135302 0.001418 0.118418 0.000022
0.017615 0.489101 0.236747 0.135436 0.001415 0.119667 0.000019
0.017768 0.488864 0.236473 0.135387 0.001421 0.120065 0.000022
0.016548 0.485470 0.237829 0.136549 0.001454 0.122128 0.000021
0.017201 0.485043 0.237796 0.136295 0.001465 0.122176 0.000024
0.016873 0.483305 0.238614 0.136464 0.001460 0.123262 0.000023
0.015957 0.481314 0.239773 0.137255 0.001501 0.124179 0.000021
0.016406 0.479144 0.240070 0.137347 0.001504 0.125505 0.000023
0.016706 0.478864 0.239678 0.137307 0.001508 0.125917 0.000020
0.015808 0.476486 0.241124 0.137821 0.001539 0.127199 0.000022
0.016001 0.474614 0.241401 0.138064 0.001535 0.128363 0.000023
0.015829 0.471522 0.242097 0.138670 0.001543 0.130316 0.000022
0.015820 0.470433 0.242522 0.138915 0.001568 0.130718 0.000024
0.015275 0.467269 0.243997 0.139416 0.001565 0.132457 0.000022
0.018402 0.466795 0.242742 0.138541 0.001582 0.131916 0.000022
0.024802 0.459451 0.242193 0.138579 0.001586 0.133363 0.000025
0.026027 0.461001 0.241185 0.137872 0.001576 0.132314 0.000025
0.026676 0.456715 0.242391 0.138435 0.001601 0.134159 0.000024
0.026327 0.456573 0.242303 0.138539 0.001573 0.134660 0.000024
0.025664 0.454234 0.243312 0.138773 0.001647 0.136342 0.000028
0.030318 0.449907 0.242708 0.138611 0.001622 0.136811 0.000023
0.027739 0.450265 0.243274 0.138985 0.001615 0.138094 0.000028
0.027093 0.450525 0.243225 0.138932 0.001626 0.138573 0.000026
0.028100 0.447766 0.243353 0.139198 0.001661 0.139899 0.000023
0.028871 0.447213 0.243074 0.138980 0.001678 0.140158 0.000026
0.026868 0.444393 0.244963 0.139585 0.001675 0.142490 0.000025
0.026180 0.445710 0.244443 0.139533 0.001683 0.142427 0.000025
0.024234 0.444907 0.245465 0.140191 0.001659 0.143518 0.000026
0.022997 0.442984 0.246208 0.140639 0.001703 0.145444 0.000025
0.022394 0.440506 0.247097 0.141356 0.001745 0.146875 0.000026
0.020816 0.439313 0.248236 0.141818 0.001735 0.148053 0.000028
0.022535 0.440300 0.246888 0.141005 0.001710 0.147532 0.000030
0.019746 0.436835 0.248898 0.142258 0.001761 0.150474 0.000029
0.020535 0.437683 0.248234 0.141681 0.001769 0.150070 0.000028
0.019650 0.433458 0.249493 0.142930 0.001773 0.152669 0.000027
0.018306 0.432591 0.250490 0.143370 0.001786 0.153427 0.000030
0.017431 0.432638 0.250724 0.143193 0.001779 0.154206 0.000029
0.018159 0.431042 0.250917 0.143182 0.001776 0.154898 0.000026
0.016002 0.426033 0.253113 0.144631 0.001841 0.158348 0.000032
0.017163 0.427264 0.251723 0.143963 0.001839 0.158017 0.000030
0.016901 0.426213 0.252513 0.143983 0.001851 0.158505 0.000034
0.015880 0.423296 0.253812 0.144801 0.001885 0.160298 0.000029
0.015931 0.423656 0.253273 0.144854 0.001874 0.160379 0.000033
0.015773 0.421715 0.253987 0.144728 0.001890 0.161871 0.000036
0.015977 0.419189 0.254087 0.145541 0.001909 0.163261 0.000036
0.014981 0.416163 0.255357 0.145999 0.001927 0.165538 0.000035
0.015484 0.416837 0.255040 0.145301 0.001921 0.165384 0.000034
0.015201 0.413717 0.255755 0.146070 0.001948 0.167274 0.000035
0.014846 0.411026 0.256690 0.146452 0.001966 0.168986 0.000034
0.014579 0.412116 0.256095 0.146248 0.001959 0.168968 0.000036
0.014827 0.409907 0.256652 0.146186 0.001952 0.170441 0.000035
0.014743 0.408950 0.256988 0.146267 0.001994 0.171021 0.000037
0.014800 0.408456 0.256810 0.146372 0.002029 0.171496 0.000037
0.014511 0.405953 0.257363 0.146777 0.002042 0.173316 0.000040
0.014184 0.404326 0.258383 0.147155 0.002036 0.173878 0.000038
0.014345 0.403873 0.258098 0.146763 0.002015 0.174870 0.000036
0.014384 0.401373 0.258259 0.147569 0.002012 0.176365 0.000038
0.014229 0.400881 0.258907 0.147176 0.002044 0.176723 0.000040
0.014063 0.397146 0.259254 0.148026 0.002037 0.179436 0.000039
0.014588 0.397705 0.258576 0.147703 0.002052 0.179336 0.000040
0.014149 0.395801 0.259172 0.148089 0.002095 0.180653 0.000041
0.013617 0.393419 0.260319 0.148597 0.002139 0.181871 0.000039
0.013753 0.391344 0.260282 0.148663 0.002109 0.183810 0.000039
0.013719 0.390817 0.260617 0.148513 0.002084 0.184208 0.000043
0.013854 0.390241 0.260208 0.148438 0.002126 0.185093 0.000039
0.013638 0.388700 0.260882 0.148524 0.002156 0.186056 0.000043
0.013592 0.386445 0.261034 0.148853 0.002143 0.187895 0.000039
0.013806 0.385844 0.260902 0.149097 0.002141 0.188173 0.000037
0.013694 0.383228 0.261980 0.149267 0.002165 0.189625 0.000041
0.013813 0.383619 0.261507 0.149161 0.002191 0.189670 0.000039
0.013580 0.380943 0.262245 0.149523 0.002192 0.191478 0.000039
0.013842 0.378447 0.262215 0.149367 0.002196 0.193888 0.000043
0.013557 0.377775 0.262397 0.149913 0.002217 0.194099 0.000042
0.013501 0.377604 0.262680 0.149677 0.002227 0.194267 0.000044
0.013588 0.375308 0.262747 0.149856 0.002200 0.196256 0.000045
0.013448 0.373460 0.263201 0.150138 0.002251 0.197457 0.000046
0.013669 0.373700 0.263219 0.149757 0.002228 0.197386 0.000041
0.013397 0.370333 0.263684 0.150296 0.002277 0.199971 0.000042
0.013489 0.369103 0.263492 0.150374 0.002273 0.201225 0.000044
0.013624 0.367518 0.264104 0.150132 0.002305 0.202272 0.000045
0.013648 0.367440 0.263577 0.150254 0.002302 0.202731 0.000047
0.013289 0.365669 0.264393 0.150711 0.002285 0.203609 0.000043
0.013405 0.363538 0.264387 0.150826 0.002331 0.205466 0.000048
0.013507 0.362909 0.264734 0.150775 0.002316 0.205712 0.000047
0.013493 0.361587 0.264977 0.150775 0.002340 0.206780 0.000047
0.013480 0.360551 0.264549 0.150989 0.002354 0.208030 0.000046
0.013077 0.359882 0.265223 0.151116 0.002372 0.208287 0.000044
0.013231 0.356731 0.265397 0.151337 0.002373 0.210883 0.000047
0.013274 0.355844 0.265854 0.151166 0.002368 0.211448 0.000048
0.013329 0.355021 0.265688 0.151316 0.002376 0.212224 0.000047
0.013375 0.353880 0.265395 0.151305 0.002409 0.213587 0.000049
0.013146 0.353855 0.265459 0.151275 0.002400 0.213815 0.000049
0.013203 0.351619 0.265890 0.151680 0.002411 0.215143 0.000055
0.013410 0.349757 0.266031 0.151541 0.002452 0.216763 0.000046
0.013399 0.349018 0.266043 0.151584 0.002440 0.217465 0.000051
0.013247 0.346735 0.266331 0.152060 0.002471 0.219107 0.000050
0.013677 0.346766 0.265762 0.151717 0.002464 0.219562 0.000053
0.013272 0.344253 0.266425 0.152189 0.002489 0.221325 0.000048
0.013263 0.344435 0.266148 0.151944 0.002512 0.221647 0.000051
0.013194 0.343619 0.266285 0.152090 0.002512 0.222247 0.000053
0.013328 0.340567 0.266647 0.152242 0.002516 0.224648 0.000052
0.013169 0.340773 0.266874 0.152242 0.002523 0.224369 0.000051
0.013334 0.338939 0.266896 0.152057 0.002485 0.226237 0.000051
0.013497 0.338514 0.266469 0.152079 0.002547 0.226841 0.000052
0.013408 0.335669 0.266944 0.152341 0.002604 0.228983 0.000051
0.013334 0.335070 0.267408 0.152194 0.002555 0.229380 0.000059
0.013234 0.333373 0.267117 0.152631 0.002603 0.230987 0.000054
0.013267 0.332335 0.267137 0.152413 0.002625 0.232165 0.000058
0.013196 0.331276 0.267487 0.152320 0.002612 0.233054 0.000053
0.013562 0.330496 0.267032 0.152266 0.002603 0.233986 0.000055
0.013471 0.329489 0.267414 0.152339 0.002623 0.234605 0.000058
0.013581 0.326366 0.267639 0.152738 0.002643 0.236978 0.000055
0.013412 0.327861 0.267269 0.152482 0.002654 0.236263 0.000059
0.013289 0.324198 0.267940 0.152740 0.002669 0.239101 0.000063
0.013368 0.324500 0.267605 0.152274 0.002663 0.239535 0.000056
0.013240 0.322908 0.267794 0.152570 0.002681 0.240748 0.000058
0.013533 0.322486 0.267596 0.152521 0.002658 0.241153 0.000053
0.013335 0.321149 0.267698 0.152375 0.002703 0.242683 0.000057
0.013546 0.321245 0.267057 0.152333 0.002684 0.243075 0.000059
0.013386 0.318138 0.267617 0.153065 0.002729 0.245003 0.000062
0.013619 0.318098 0.267143 0.152610 0.002698 0.245770 0.000062
0.013350 0.316465 0.267502 0.152668 0.002729 0.247222 0.000063
0.013326 0.314359 0.267661 0.152759 0.002754 0.249080 0.000061
0.013386 0.313853 0.267598 0.152713 0.002780 0.249611 0.000058
0.013463 0.313119 0.267751 0.152442 0.002769 0.250398 0.000058
0.013414 0.312240 0.267895 0.152325 0.002769 0.251298 0.000059
0.013731 0.309678 0.267567 0.152898 0.002805 0.253263 0.000058
0.013646 0.309870 0.267516 0.152636 0.002784 0.253488 0.000060
0.013655 0.309857 0.267878 0.152363 0.002842 0.253354 0.000051
0.013445 0.307707 0.267893 0.152601 0.002826 0.255467 0.000061
0.013556 0.305405 0.267625 0.152959 0.002835 0.257560 0.000060
0.013735 0.305057 0.267656 0.152531 0.002859 0.258098 0.000063
0.013567 0.303949 0.268185 0.152649 0.002862 0.258733 0.000055
0.013642 0.301702 0.268068 0.153109 0.002876 0.260540 0.000063
0.013578 0.301850 0.267926 0.152873 0.002875 0.260833 0.000065
0.013685 0.301307 0.268055 0.152630 0.002908 0.261355 0.000060
0.013460 0.300201 0.268053 0.152567 0.002941 0.262712 0.000065
0.013588 0.299044 0.267839 0.152769 0.002897 0.263794 0.000069
0.013716 0.298411 0.267785 0.152478 0.002901 0.264646 0.000064
0.013730 0.295612 0.268125 0.152595 0.002956 0.266914 0.000068
0.013666 0.294697 0.268006 0.152732 0.002899 0.267931 0.000069
0.013776 0.294455 0.267455 0.152585 0.002953 0.268710 0.000065
0.013499 0.293546 0.267758 0.152498 0.002956 0.269677 0.000066
0.013693 0.292659 0.267568 0.152543 0.002948 0.270518 0.000070
0.013648 0.290135 0.267980 0.152722 0.002979 0.272468 0.000068
0.013905 0.291313 0.267492 0.152629 0.002983 0.271608 0.000070
0.013784 0.288283 0.267825 0.152593 0.003031 0.274408 0.000077
0.013870 0.287819 0.267842 0.152365 0.003003 0.275031 0.000070
0.013923 0.287539 0.268022 0.152470 0.003025 0.274948 0.000071
0.013812 0.286319 0.267627 0.152430 0.003024 0.276715 0.000072
0.013936 0.286634 0.267272 0.152461 0.003008 0.276610 0.000079
0.013963 0.284934 0.267349 0.152303 0.002997 0.278379 0.000075
0.013908 0.284131 0.267693 0.152182 0.003047 0.278961 0.000076
0.013798 0.282076 0.267853 0.152219 0.003034 0.280946 0.000074
0.013993 0.282108 0.267481 0.151896 0.003039 0.281415 0.000069
0.013902 0.280975 0.267702 0.151987 0.003038 0.282326 0.000070
0.013874 0.279427 0.267442 0.152061 0.003079 0.284040 0.000078
0.014240 0.278303 0.267058 0.151967 0.003088 0.285264 0.000080
0.013816 0.277792 0.267535 0.151833 0.003080 0.285875 0.000069
0.014172 0.276519 0.267030 0.151664 0.003115 0.287429 0.000071
0.014217 0.274948 0.267125 0.152215 0.003138 0.288281 0.000077
0.014053 0.275597 0.267082 0.151879 0.003124 0.288191 0.000074
0.014094 0.273883 0.267214 0.151549 0.003130 0.290061 0.000069
0.014273 0.272623 0.266831 0.151765 0.003199 0.291233 0.000075
0.014293 0.271508 0.266374 0.151798 0.003130 0.292818 0.000078
0.014056 0.271233 0.266500 0.151724 0.003170 0.293235 0.000082
0.014162 0.269582 0.266745 0.151611 0.003189 0.294631 0.000080
0.014363 0.269986 0.266571 0.151443 0.003192 0.294368 0.000077
0.014245 0.267881 0.266939 0.151259 0.003208 0.296390 0.000078
0.014263 0.267502 0.266214 0.151109 0.003230 0.297601 0.000081
0.014128 0.266521 0.266173 0.151340 0.003203 0.298552 0.000082
0.014085 0.266263 0.266092 0.151467 0.003186 0.298824 0.000083
0.014490 0.264323 0.266037 0.151299 0.003241 0.300535 0.000075
0.014466 0.262628 0.265609 0.151290 0.003240 0.302683 0.000084
0.014532 0.262129 0.265998 0.151374 0.003277 0.302615 0.000074
0.014321 0.262023 0.266147 0.150937 0.003239 0.303253 0.000081
0.014612 0.260510 0.265552 0.150900 0.003279 0.305073 0.000072
0.014364 0.261220 0.265492 0.150830 0.003241 0.304773 0.000081
0.014390 0.259288 0.265683 0.150867 0.003273 0.306422 0.000078
0.014560 0.257965 0.265400 0.150982 0.003303 0.307708 0.000082
0.014536 0.257011 0.265115 0.150774 0.003334 0.309153 0.000077
0.014534 0.256037 0.265287 0.150654 0.003361 0.310048 0.000079
0.014615 0.256248 0.264845 0.150681 0.003335 0.310196 0.000079
0.014673 0.254562 0.265024 0.150384 0.003362 0.311918 0.000077
0.014668 0.254783 0.264453 0.150754 0.003357 0.311905 0.000079
0.014416 0.253975 0.264158 0.150625 0.003359 0.313382 0.000084
0.014777 0.252291 0.264300 0.150000 0.003425 0.315122 0.000085
0.014670 0.252206 0.264176 0.150633 0.003384 0.314846 0.000086
0.014547 0.250168 0.264276 0.150604 0.003411 0.316911 0.000084
0.014649 0.249051 0.263996 0.150066 0.003411 0.318746 0.000082
0.014605 0.248366 0.263894 0.150265 0.003473 0.319310 0.000088
0.014691 0.248880 0.263994 0.149811 0.003446 0.319088 0.000090
0.014899 0.246464 0.263903 0.149655 0.003458 0.321540 0.000082
0.014723 0.246094 0.263675 0.149928 0.003450 0.322043 0.000088
0.014791 0.244596 0.263692 0.149540 0.003462 0.323827 0.000092
0.014878 0.245769 0.263330 0.149402 0.003463 0.323070 0.000088
0.014871 0.244231 0.263520 0.149262 0.003480 0.324551 0.000085
0.014825 0.243605 0.262756 0.149692 0.003458 0.325573 0.000091
0.015040 0.242332 0.262500 0.149389 0.003477 0.327178 0.000084
0.014880 0.241811 0.262307 0.149256 0.003471 0.328188 0.000087
0.015019 0.240214 0.262291 0.149560 0.003512 0.329327 0.000079
0.014890 0.238535 0.261984 0.149359 0.003544 0.331590 0.000097
0.014929 0.238767 0.262247 0.148991 0.003517 0.331461 0.000088
0.015274 0.238125 0.261826 0.148691 0.003517 0.332467 0.000100
0.014868 0.237203 0.261916 0.148722 0.003577 0.333626 0.000087
0.015150 0.236014 0.261459 0.148949 0.003627 0.334706 0.000095
0.014911 0.235551 0.261501 0.148686 0.003570 0.335692 0.000088
0.015046 0.235137 0.261507 0.148549 0.003597 0.336069 0.000096
0.015120 0.233760 0.261231 0.148762 0.003592 0.337443 0.000093
0.015443 0.233229 0.260683 0.148399 0.003537 0.338614 0.000096
0.015192 0.232117 0.260978 0.148275 0.003576 0.339767 0.000095
0.015158 0.231044 0.260452 0.148300 0.003630 0.341318 0.000097
0.014995 0.231187 0.260676 0.148221 0.003607 0.341224 0.000089
0.015201 0.230529 0.260370 0.147775 0.003643 0.342386 0.000096
0.015459 0.228927 0.259887 0.147998 0.003659 0.343966 0.000103
0.015268 0.228609 0.260378 0.147570 0.003576 0.344504 0.000095
0.015053 0.228810 0.260164 0.147728 0.003603 0.344540 0.000101
0.015169 0.227449 0.259436 0.147425 0.003664 0.346751 0.000105
0.015347 0.226292 0.259527 0.147440 0.003635 0.347657 0.000101
0.015385 0.225816 0.259410 0.147459 0.003707 0.348125 0.000098
0.015287 0.225293 0.259109 0.147453 0.003673 0.349082 0.000104
0.015238 0.223832 0.258571 0.147233 0.003697 0.351330 0.000100
0.015752 0.223617 0.258833 0.147219 0.003638 0.350840 0.000100
0.015444 0.223085 0.258933 0.147140 0.003697 0.351584 0.000117
0.015348 0.222559 0.258646 0.147026 0.003715 0.352602 0.000103
0.015750 0.221354 0.258286 0.146839 0.003683 0.353983 0.000105
0.015516 0.221548 0.258669 0.146501 0.003735 0.353927 0.000104
0.015461 0.220451 0.257869 0.146898 0.003758 0.355456 0.000106
0.015765 0.217979 0.257715 0.146520 0.003800 0.358109 0.000112
0.015715 0.217839 0.257588 0.146450 0.003800 0.358502 0.000107
0.015560 0.218542 0.257122 0.146116 0.003798 0.358746 0.000116
0.015707 0.216701 0.257114 0.146205 0.003831 0.360343 0.000099
0.015766 0.216375 0.257036 0.145977 0.003826 0.360913 0.000106
0.015930 0.215633 0.256442 0.145902 0.003771 0.362213 0.000108
0.016102 0.214167 0.256357 0.145755 0.003828 0.363678 0.000113
0.015768 0.213881 0.256583 0.145851 0.003838 0.363962 0.000118
0.015670 0.214076 0.256232 0.145373 0.003823 0.364713 0.000112
0.015773 0.214179 0.256180 0.145481 0.003799 0.364478 0.000110
0.016054 0.212025 0.256070 0.145334 0.003853 0.366544 0.000120
0.016286 0.210427 0.255185 0.145222 0.003894 0.368876 0.000110
0.015895 0.211396 0.255690 0.144957 0.003881 0.368061 0.000121
0.016103 0.210278 0.255068 0.144990 0.003893 0.369553 0.000115
0.015706 0.209529 0.254971 0.144980 0.003869 0.370821 0.000124
0.016033 0.209521 0.255112 0.144791 0.003883 0.370545 0.000115
0.016189 0.207471 0.254619 0.144595 0.003875 0.373134 0.000118
0.016098 0.207259 0.254779 0.144420 0.003970 0.373359 0.000116
0.016106 0.206048 0.253970 0.144359 0.003955 0.375434 0.000127
0.016146 0.206277 0.253867 0.144113 0.003924 0.375551 0.000123
0.016279 0.205497 0.253729 0.144168 0.003957 0.376246 0.000124
0.016052 0.204307 0.253547 0.144125 0.003945 0.377900 0.000124
0.016322 0.203978 0.253528 0.143785 0.003968 0.378289 0.000130
0.016318 0.203114 0.253211 0.143889 0.003975 0.379362 0.000132
0.016386 0.203605 0.252754 0.143720 0.003978 0.379428 0.000129
0.016559 0.202161 0.252721 0.143390 0.004021 0.381009 0.000138
0.016518 0.201046 0.252321 0.143523 0.004029 0.382422 0.000142
0.016466 0.200831 0.252305 0.143428 0.003984 0.382844 0.000142
0.016683 0.200346 0.251770 0.143414 0.004006 0.383648 0.000132
0.016495 0.199287 0.251795 0.143084 0.004006 0.385206 0.000127
0.016679 0.198407 0.251510 0.142815 0.004016 0.386436 0.000138
0.016622 0.199116 0.251648 0.142800 0.004025 0.385648 0.000140
0.016537 0.197774 0.251166 0.142927 0.004058 0.387409 0.000129
0.016759 0.196645 0.250632 0.142794 0.004141 0.388896 0.000132
0.016683 0.196577 0.250594 0.142787 0.004068 0.389161 0.000130
0.017117 0.195213 0.250217 0.141993 0.004058 0.391259 0.000145
0.017026 0.195133 0.250238 0.142009 0.004104 0.391346 0.000143
0.017072 0.194953 0.250134 0.141972 0.004056 0.391682 0.000131
0.016936 0.194927 0.249726 0.141764 0.004085 0.392428 0.000133
0.017185 0.193305 0.249767 0.141255 0.004011 0.394335 0.000142
0.017005 0.192758 0.249469 0.141591 0.004109 0.394928 0.000140
0.017308 0.191938 0.249325 0.141605 0.004066 0.395620 0.000139
0.016854 0.191667 0.249148 0.141300 0.004091 0.396795 0.000147
0.017225 0.190612 0.248355 0.140973 0.004133 0.398558 0.000144
0.017247 0.190718 0.248477 0.141090 0.004106 0.398227 0.000135
0.017284 0.188955 0.247711 0.140475 0.004185 0.401247 0.000142
0.017193 0.189068 0.248242 0.140706 0.004175 0.400469 0.000146
0.017557 0.188726 0.247593 0.140462 0.004194 0.401309 0.000159
0.017315 0.187393 0.247534 0.140385 0.004173 0.403058 0.000142
0.017444 0.187918 0.247563 0.140160 0.004201 0.402567 0.000146
0.017566 0.187255 0.246756 0.140093 0.004216 0.403957 0.000156
0.017387 0.187422 0.247365 0.140129 0.004177 0.403372 0.000148
0.017552 0.186428 0.246872 0.139552 0.004183 0.405261 0.000151
0.017665 0.184946 0.246490 0.139672 0.004168 0.406911 0.000149
0.017682 0.185062 0.246161 0.139686 0.004172 0.407091 0.000145
0.017656 0.184343 0.246078 0.139157 0.004230 0.408385 0.000150
0.017654 0.184050 0.245107 0.139245 0.004310 0.409484 0.000150
0.017630 0.183051 0.245208 0.139178 0.004248 0.410538 0.000147
0.017770 0.183140 0.245570 0.138641 0.004287 0.410445 0.000147
0.017960 0.182568 0.244790 0.138665 0.004258 0.411611 0.000147
0.018091 0.181737 0.244775 0.138830 0.004223 0.412186 0.000158
0.017938 0.181587 0.244552 0.138533 0.004301 0.412935 0.000155
0.018055 0.179786 0.244165 0.138424 0.004303 0.415111 0.000155
0.017592 0.179789 0.244004 0.138322 0.004319 0.415818 0.000157
0.017942 0.179803 0.243922 0.138395 0.004292 0.415489 0.000156
0.017799 0.179289 0.243948 0.138194 0.004282 0.416337 0.000150
0.018020 0.178431 0.243343 0.138014 0.004311 0.417732 0.000149
0.018003 0.178101 0.243414 0.137665 0.004327 0.418341 0.000150
0.018039 0.177176 0.242635 0.137673 0.004242 0.420086 0.000149
0.018020 0.176659 0.242430 0.137383 0.004304 0.421040 0.000163
0.018099 0.176885 0.242443 0.137420 0.004260 0.420733 0.000160
0.018332 0.176464 0.242044 0.137194 0.004312 0.421488 0.000164
0.018042 0.175001 0.241406 0.137120 0.004325 0.423937 0.000170
0.018200 0.174660 0.241656 0.136903 0.004379 0.424041 0.000160
0.018310 0.173663 0.240877 0.136907 0.004353 0.425733 0.000157
0.018400 0.173333 0.240614 0.136359 0.004316 0.426805 0.000173
0.018480 0.172944 0.241028 0.136336 0.004358 0.426704 0.000150
0.018657 0.172562 0.240172 0.136543 0.004295 0.427603 0.000168
0.018737 0.172219 0.239878 0.136195 0.004342 0.428468 0.000162
0.018339 0.172055 0.240016 0.136059 0.004402 0.428958 0.000171
0.018697 0.171231 0.239526 0.135865 0.004369 0.430141 0.000170
0.018674 0.170412 0.239179 0.135426 0.004334 0.431811 0.000164
0.018399 0.170638 0.239226 0.135468 0.004329 0.431777 0.000164
0.018658 0.169860 0.238833 0.135493 0.004382 0.432600 0.000173
0.018915 0.169617 0.238537 0.134977 0.004399 0.433394 0.000159
0.018641 0.169256 0.238243 0.135095 0.004441 0.434165 0.000159
0.018935 0.169083 0.237990 0.134877 0.004416 0.434532 0.000167
0.018629 0.167733 0.237730 0.134433 0.004378 0.436936 0.000160
0.018841 0.167860 0.237452 0.134826 0.004429 0.436429 0.000163
0.018930 0.166663 0.236788 0.134220 0.004414 0.438813 0.000172
0.018849 0.166801 0.236976 0.134208 0.004472 0.438515 0.000179
0.019395 0.166023 0.236311 0.134085 0.004455 0.439572 0.000158
0.019228 0.165502 0.236681 0.134082 0.004471 0.439865 0.000172
0.018865 0.164907 0.236066 0.134009 0.004469 0.441513 0.000170
0.018897 0.165288 0.236065 0.133671 0.004450 0.441459 0.000169
0.018874 0.164589 0.235489 0.133504 0.004513 0.442863 0.000168
0.018872 0.164427 0.235977 0.133690 0.004453 0.442397 0.000183
0.019214 0.163839 0.235067 0.133430 0.004452 0.443829 0.000170
0.018907 0.163036 0.234891 0.133289 0.004473 0.445226 0.000177
0.019235 0.162115 0.234594 0.133226 0.004530 0.446131 0.000168
0.019577 0.161654 0.233856 0.132683 0.004492 0.447555 0.000183
0.019518 0.161969 0.233358 0.133158 0.004466 0.447349 0.000181
0.019415 0.161031 0.233626 0.132659 0.004523 0.448574 0.000172
0.019431 0.160693 0.233152 0.132462 0.004534 0.449552 0.000177
0.019678 0.159771 0.233131 0.132066 0.004506 0.450658 0.000190
0.019555 0.160324 0.233144 0.132270 0.004560 0.449963 0.000183
0.019448 0.159380 0.232445 0.132219 0.004507 0.451818 0.000181
0.019344 0.158764 0.232090 0.132057 0.004477 0.453089 0.000178
0.019743 0.158007 0.231896 0.131598 0.004520 0.454050 0.000186
0.019852 0.157814 0.231717 0.131451 0.004518 0.454471 0.000177
0.019926 0.157190 0.231297 0.131709 0.004534 0.455167 0.000176
0.019889 0.156676 0.231182 0.131236 0.004525 0.456296 0.000196
0.020040 0.156432 0.230758 0.131014 0.004575 0.457009 0.000173
0.019621 0.156432 0.230322 0.131015 0.004603 0.457819 0.000187
0.019920 0.155420 0.230111 0.130814 0.004579 0.458954 0.000203
0.019798 0.155774 0.230372 0.130736 0.004570 0.458556 0.000194
0.019878 0.155179 0.230085 0.130307 0.004581 0.459786 0.000184
0.019987 0.154915 0.229608 0.130406 0.004555 0.460338 0.000190
0.019777 0.154652 0.229327 0.130403 0.004602 0.461044 0.000194
0.019924 0.153997 0.229295 0.130297 0.004585 0.461711 0.000191
0.019755 0.153475 0.228688 0.130058 0.004605 0.463235 0.000184
0.020011 0.152829 0.228536 0.129603 0.004573 0.464241 0.000208
0.019832 0.152973 0.228712 0.129785 0.004569 0.463926 0.000203
0.020143 0.151948 0.227932 0.129771 0.004649 0.465372 0.000185
0.020128 0.151820 0.227530 0.129510 0.004628 0.466192 0.000191
0.020359 0.151613 0.226906 0.129248 0.004678 0.466999 0.000198
0.020478 0.150935 0.226806 0.129279 0.004735 0.467575 0.000192
0.020195 0.151054 0.226795 0.128913 0.004666 0.468175 0.000202
0.020190 0.150355 0.226586 0.128912 0.004659 0.469094 0.000203
0.020144 0.149634 0.226352 0.128461 0.004689 0.470532 0.000188
0.020309 0.149072 0.225653 0.128566 0.004684 0.471530 0.000186
0.020503 0.149025 0.225833 0.128176 0.004671 0.471596 0.000196
0.020715 0.148612 0.225572 0.128193 0.004691 0.472020 0.000197
0.020605 0.148173 0.224899 0.128112 0.004720 0.473299 0.000192
0.020592 0.147676 0.224655 0.127943 0.004705 0.474235 0.000194
0.020646 0.148106 0.224589 0.127769 0.004718 0.473974 0.000197
0.020514 0.147183 0.224563 0.127667 0.004712 0.475157 0.000204
0.020545 0.146894 0.224043 0.126994 0.004713 0.476600 0.000212
0.020641 0.146318 0.223664 0.127134 0.004692 0.477348 0.000203
0.021070 0.146048 0.223714 0.127057 0.004686 0.477224 0.000201
0.020984 0.145500 0.222929 0.126890 0.004715 0.478784 0.000197
0.020858 0.145132 0.223359 0.126960 0.004656 0.478842 0.000194
0.020771 0.145714 0.222925 0.126827 0.004743 0.478823 0.000198
0.021085 0.143822 0.222387 0.126352 0.004707 0.481442 0.000204
0.021261 0.144001 0.221881 0.126270 0.004742 0.481639 0.000206
0.021063 0.143871 0.221849 0.126255 0.004764 0.481990 0.000209
0.020709 0.143725 0.222203 0.126096 0.004831 0.482237 0.000199
0.021412 0.143062 0.221350 0.125620 0.004750 0.483611 0.000194
0.021237 0.142233 0.220699 0.125644 0.004817 0.485150 0.000221
0.021482 0.142031 0.220884 0.125415 0.004795 0.485184 0.000210
0.021352 0.141630 0.220445 0.125143 0.004818 0.486404 0.000208
0.021477 0.141461 0.219726 0.125251 0.004799 0.487078 0.000208
0.021056 0.141318 0.219769 0.124881 0.004831 0.487936 0.000209
0.021594 0.140217 0.219381 0.124766 0.004793 0.489031 0.000217
0.021545 0.140929 0.219351 0.124808 0.004811 0.488333 0.000224
