0.999095 0.000885 0.000016 0.000003 0.000000 0.000000 0.000000
0.998640 0.001326 0.000022 0.000004 0.000000 0.000007 0.000000
0.998193 0.001763 0.000028 0.000009 0.000000 0.000007 0.000000
0.997710 0.002232 0.000040 0.000011 0.000000 0.000007 0.000000
0.997247 0.002679 0.000048 0.000020 0.000000 0.000007 0.000000
0.996664 0.003248 0.000057 0.000023 0.000000 0.000008 0.000000
0.996248 0.003655 0.000059 0.000030 0.000000 0.000009 0.000000
0.995577 0.004319 0.000063 0.000031 0.000000 0.000009 0.000000
0.994772 0.005114 0.000069 0.000037 0.000000 0.000008 0.000000
0.993824 0.006052 0.000072 0.000045 0.000000 0.000008 0.000000
0.992375 0.007486 0.000090 0.000043 0.000000 0.000006 0.000000
0.990832 0.009009 0.000099 0.000053 0.000000 0.000007 0.000000
0.989062 0.010749 0.000118 0.000065 0.000000 0.000007 0.000000
0.986350 0.013429 0.000144 0.000072 0.000000 0.000006 0.000000
0.983424 0.016297 0.000189 0.000085 0.000000 0.000005 0.000000
0.980490 0.019160 0.000232 0.000112 0.000000 0.000006 0.000000
0.977281 0.022319 0.000271 0.000116 0.000000 0.000014 0.000000
0.973227 0.026286 0.000324 0.000154 0.000000 0.000009 0.000000
0.967331 0.032038 0.000428 0.000188 0.000000 0.000015 0.000000
0.961538 0.037719 0.000485 0.000239 0.000000 0.000019 0.000000
0.956704 0.042432 0.000567 0.000278 0.000000 0.000018 0.000000
0.948508 0.050415 0.000700 0.000358 0.000000 0.000020 0.000000
0.940980 0.057800 0.000788 0.000413 0.000000 0.000019 0.000000
0.933094 0.065447 0.000933 0.000499 0.000000 0.000028 0.000000
0.923695 0.074594 0.001125 0.000559 0.000000 0.000027 0.000000
0.914348 0.083687 0.001275 0.000657 0.000000 0.000033 0.000000
0.903797 0.093950 0.001463 0.000753 0.000000 0.000037 0.000000
0.890825 0.106528 0.001714 0.000892 0.000000 0.000041 0.000000
0.876674 0.120219 0.002001 0.001054 0.000000 0.000052 0.000000
0.863074 0.133382 0.002253 0.001232 0.000000 0.000059 0.000000
0.849720 0.146317 0.002525 0.001374 0.000000 0.000064 0.000000
0.835385 0.160209 0.002812 0.001525 0.000000 0.000069 0.000000
0.820411 0.174641 0.003158 0.001706 0.000000 0.000083 0.000000
0.805215 0.189265 0.003514 0.001911 0.000000 0.000095 0.000000
0.790352 0.203580 0.003844 0.002109 0.000000 0.000115 0.000000
0.776066 0.217307 0.004186 0.002314 0.000000 0.000127 0.000000
0.757744 0.234942 0.004611 0.002559 0.000001 0.000143 0.000000
0.742079 0.249959 0.005003 0.002799 0.000001 0.000159 0.000000
0.727250 0.264164 0.005370 0.003052 0.000002 0.000162 0.000000
0.710756 0.279814 0.005897 0.003357 0.000001 0.000175 0.000000
0.696716 0.293029 0.006424 0.003633 0.000001 0.000196 0.000000
0.679870 0.308988 0.006999 0.003929 0.000001 0.000213 0.000000
0.664957 0.323077 0.007528 0.004202 0.000002 0.000234 0.000000
0.649889 0.337235 0.008066 0.004539 0.000002 0.000269 0.000000
0.636871 0.349400 0.008555 0.004883 0.000002 0.000289 0.000000
0.621564 0.363768 0.009146 0.005212 0.000002 0.000307 0.000000
0.605411 0.378814 0.009849 0.005587 0.000002 0.000338 0.000000
0.591615 0.391522 0.010511 0.005976 0.000002 0.000375 0.000000
0.579692 0.402486 0.011132 0.006290 0.000002 0.000399 0.000000
0.569333 0.411886 0.011681 0.006667 0.000002 0.000431 0.000000
0.556333 0.423751 0.012360 0.007080 0.000003 0.000473 0.000000
0.540545 0.438188 0.013229 0.007519 0.000003 0.000516 0.000000
0.529036 0.448619 0.013915 0.007869 0.000004 0.000556 0.000000
0.515863 0.460569 0.014688 0.008282 0.000005 0.000593 0.000000
0.508231 0.467237 0.015264 0.008629 0.000005 0.000633 0.000000
0.493738 0.480286 0.016137 0.009133 0.000006 0.000700 0.000000
0.480648 0.491954 0.017013 0.009609 0.000006 0.000769 0.000000
0.471198 0.500182 0.017729 0.010043 0.000007 0.000841 0.000000
0.458989 0.510891 0.018676 0.010562 0.000008 0.000872 0.000000
0.447700 0.520654 0.019603 0.011093 0.000009 0.000940 0.000000
0.437648 0.529385 0.020400 0.011558 0.000010 0.000999 0.000000
0.428967 0.536616 0.021265 0.012075 0.000013 0.001064 0.000000
0.419322 0.544804 0.022156 0.012569 0.000013 0.001137 0.000000
0.411155 0.551269 0.023193 0.013130 0.000015 0.001240 0.000000
0.401756 0.559429 0.023908 0.013602 0.000016 0.001288 0.000000
0.392734 0.566713 0.024974 0.014187 0.000017 0.001375 0.000000
0.384405 0.573473 0.025926 0.014722 0.000018 0.001456 0.000000
0.376916 0.579431 0.026775 0.015300 0.000019 0.001558 0.000000
0.368617 0.585906 0.027875 0.015917 0.000021 0.001664 0.000000
0.363330 0.589735 0.028798 0.016385 0.000022 0.001731 0.000000
0.355153 0.596265 0.029731 0.016970 0.000024 0.001857 0.000000
0.344535 0.604865 0.030949 0.017650 0.000027 0.001975 0.000000
0.338156 0.609293 0.032104 0.018308 0.000028 0.002112 0.000000
0.333352 0.612694 0.032886 0.018825 0.000032 0.002210 0.000000
0.328812 0.615647 0.033804 0.019414 0.000033 0.002290 0.000000
0.323435 0.619168 0.034951 0.019956 0.000033 0.002457 0.000000
0.318842 0.622263 0.035781 0.020529 0.000035 0.002550 0.000000
0.311736 0.627492 0.036890 0.021165 0.000035 0.002683 0.000000
0.301484 0.635363 0.038385 0.021894 0.000039 0.002836 0.000000
0.301800 0.633779 0.039045 0.022381 0.000039 0.002956 0.000000
0.296993 0.636925 0.039993 0.022966 0.000041 0.003082 0.000000
0.288742 0.642369 0.041710 0.023869 0.000044 0.003266 0.000000
0.288757 0.641329 0.042270 0.024208 0.000048 0.003388 0.000000
0.281972 0.645678 0.043761 0.024938 0.000046 0.003605 0.000000
0.279086 0.647312 0.044468 0.025352 0.000048 0.003734 0.000000
0.269546 0.653712 0.046319 0.026422 0.000049 0.003952 0.000000
0.271249 0.651228 0.046691 0.026736 0.000048 0.004048 0.000000
0.264180 0.655265 0.048518 0.027663 0.000049 0.004324 0.000000
0.264450 0.654344 0.048786 0.027918 0.000053 0.004449 0.000001
0.256339 0.659540 0.050551 0.028812 0.000055 0.004702 0.000000
0.260423 0.654886 0.050888 0.028931 0.000054 0.004817 0.000000
0.254358 0.658266 0.052380 0.029833 0.000060 0.005102 0.000001
0.250035 0.660682 0.053569 0.030324 0.000062 0.005328 0.000000
0.250731 0.658602 0.054316 0.030795 0.000063 0.005492 0.000000
0.243826 0.662209 0.056212 0.031886 0.000064 0.005801 0.000001
0.243876 0.660768 0.057085 0.032207 0.000069 0.005994 0.000001
0.244782 0.659288 0.057391 0.032320 0.000069 0.006149 0.000000
0.242016 0.660449 0.058232 0.032892 0.000069 0.006341 0.000001
0.231683 0.666961 0.060490 0.034074 0.000076 0.006715 0.000001
0.231861 0.665909 0.060948 0.034333 0.000080 0.006868 0.000001
0.218133 0.675277 0.063374 0.035836 0.000084 0.007295 0.000001
0.222041 0.670984 0.063632 0.035830 0.000091 0.007421 0.000001
0.209190 0.680136 0.065757 0.037059 0.000092 0.007766 0.000001
0.203296 0.682847 0.067469 0.038136 0.000093 0.008158 0.000001
0.197206 0.686352 0.069073 0.038803 0.000102 0.008463 0.000001
0.191012 0.689554 0.070587 0.039909 0.000108 0.008829 0.000001
0.183554 0.694116 0.072242 0.040818 0.000105 0.009164 0.000001
0.179750 0.696097 0.073362 0.041293 0.000106 0.009391 0.000001
0.172123 0.700823 0.074875 0.042285 0.000119 0.009774 0.000001
0.164516 0.704217 0.077310 0.043601 0.000131 0.010225 0.000001
0.156240 0.708824 0.079399 0.044800 0.000135 0.010602 0.000001
0.152189 0.710098 0.080963 0.045674 0.000138 0.010939 0.000001
0.145357 0.713523 0.082825 0.046770 0.000140 0.011384 0.000001
0.140832 0.715442 0.084238 0.047558 0.000146 0.011783 0.000001
0.132060 0.719623 0.086874 0.048971 0.000151 0.012321 0.000001
0.126567 0.721561 0.088737 0.050131 0.000159 0.012845 0.000001
0.124135 0.721670 0.090074 0.050828 0.000168 0.013124 0.000000
0.117143 0.723233 0.092991 0.052629 0.000184 0.013819 0.000001
0.115722 0.721950 0.094404 0.053483 0.000183 0.014258 0.000001
0.118755 0.717936 0.094890 0.053632 0.000196 0.014592 0.000001
0.114691 0.717387 0.097420 0.055137 0.000199 0.015165 0.000001
0.118303 0.712228 0.098057 0.055598 0.000214 0.015600 0.000001
0.117748 0.710820 0.099224 0.056039 0.000212 0.015955 0.000001
0.119365 0.705653 0.101159 0.057102 0.000220 0.016500 0.000001
0.120710 0.703594 0.101372 0.057375 0.000220 0.016729 0.000000
0.116324 0.703915 0.103693 0.058599 0.000231 0.017236 0.000001
0.118388 0.698351 0.105556 0.059467 0.000238 0.017999 0.000001
0.118096 0.697908 0.105910 0.059679 0.000240 0.018167 0.000001
0.115011 0.697941 0.107419 0.060669 0.000235 0.018725 0.000001
0.111582 0.698769 0.108831 0.061450 0.000254 0.019112 0.000001
0.109680 0.697703 0.110305 0.062346 0.000261 0.019704 0.000001
0.107730 0.697096 0.111669 0.063165 0.000258 0.020082 0.000001
0.109451 0.691586 0.113683 0.064147 0.000277 0.020856 0.000001
0.106334 0.692401 0.114768 0.064926 0.000287 0.021284 0.000001
0.103200 0.692888 0.116062 0.065785 0.000286 0.021780 0.000001
0.102494 0.691282 0.117307 0.066341 0.000306 0.022269 0.000001
0.100906 0.690919 0.118233 0.066946 0.000301 0.022694 0.000001
0.096427 0.691440 0.120406 0.068020 0.000309 0.023396 0.000001
0.090502 0.693807 0.122136 0.069169 0.000320 0.024066 0.000001
0.087654 0.692580 0.124330 0.070349 0.000318 0.024769 0.000001
0.088681 0.690186 0.124970 0.070683 0.000329 0.025150 0.000001
0.087682 0.689058 0.125907 0.071357 0.000331 0.025665 0.000001
0.086135 0.687845 0.127453 0.072092 0.000333 0.026142 0.000001
0.083712 0.687596 0.128724 0.072952 0.000337 0.026679 0.000000
0.079277 0.687565 0.131232 0.074245 0.000344 0.027335 0.000001
0.078788 0.684847 0.132682 0.075200 0.000364 0.028119 0.000001
0.074889 0.684565 0.134841 0.076383 0.000357 0.028965 0.000000
0.069467 0.686525 0.136704 0.077305 0.000370 0.029627 0.000001
0.065885 0.687244 0.138160 0.078127 0.000368 0.030216 0.000001
0.065825 0.684218 0.139675 0.078995 0.000366 0.030920 0.000001
0.065561 0.682637 0.140352 0.079539 0.000392 0.031519 0.000001
0.067166 0.677243 0.142490 0.080468 0.000392 0.032240 0.000001
0.064071 0.677736 0.143801 0.081145 0.000392 0.032853 0.000000
0.062983 0.675609 0.145099 0.082129 0.000401 0.033779 0.000001
0.059896 0.675691 0.146633 0.082940 0.000414 0.034426 0.000001
0.055118 0.675470 0.149015 0.084467 0.000429 0.035498 0.000002
0.056454 0.672371 0.149804 0.085098 0.000425 0.035846 0.000001
0.057452 0.670960 0.149968 0.085027 0.000427 0.036166 0.000002
0.050959 0.670274 0.153644 0.087082 0.000460 0.037579 0.000002
0.051726 0.667511 0.154528 0.087513 0.000460 0.038260 0.000002
0.052265 0.665984 0.155040 0.087920 0.000463 0.038328 0.000001
0.050177 0.662294 0.157843 0.089299 0.000473 0.039912 0.000003
0.048643 0.663220 0.158042 0.089493 0.000477 0.040123 0.000002
0.047676 0.659626 0.160324 0.090708 0.000499 0.041161 0.000005
0.045039 0.657943 0.162282 0.091927 0.000506 0.042301 0.000002
0.044978 0.658263 0.161928 0.091895 0.000525 0.042408 0.000003
0.043562 0.655418 0.164250 0.092815 0.000538 0.043416 0.000002
0.042702 0.654428 0.164771 0.093528 0.000542 0.044027 0.000002
0.041147 0.652017 0.166831 0.094503 0.000546 0.044955 0.000003
0.039710 0.650650 0.168045 0.095312 0.000535 0.045743 0.000005
0.038683 0.649826 0.168984 0.095811 0.000565 0.046126 0.000006
0.036976 0.647003 0.171033 0.097068 0.000586 0.047331 0.000005
0.034792 0.645155 0.172900 0.097991 0.000572 0.048585 0.000005
0.035486 0.643946 0.173082 0.098086 0.000581 0.048813 0.000006
0.032458 0.641212 0.175488 0.099951 0.000613 0.050273 0.000006
0.032684 0.640302 0.175938 0.099815 0.000607 0.050648 0.000005
0.032866 0.639056 0.176417 0.099930 0.000617 0.051108 0.000007
0.029315 0.636307 0.179377 0.101868 0.000652 0.052475 0.000007
0.028889 0.633183 0.180761 0.102823 0.000642 0.053696 0.000005
0.028182 0.631223 0.181958 0.103651 0.000655 0.054322 0.000009
0.027458 0.629503 0.183093 0.104222 0.000664 0.055050 0.000009
0.030436 0.626579 0.182956 0.104001 0.000668 0.055349 0.000010
0.032350 0.622176 0.183978 0.104567 0.000678 0.056242 0.000010
0.033543 0.619221 0.184724 0.104755 0.000676 0.057072 0.000009
0.037034 0.616418 0.184186 0.104660 0.000684 0.057011 0.000007
0.031635 0.616811 0.186492 0.106104 0.000682 0.058268 0.000008
0.032217 0.612396 0.188138 0.106854 0.000706 0.059680 0.000009
0.032885 0.612025 0.187942 0.106649 0.000734 0.059756 0.000009
0.034213 0.606175 0.189705 0.107814 0.000730 0.061355 0.000008
0.030800 0.606221 0.191354 0.108635 0.000757 0.062223 0.000009
0.031143 0.603694 0.192107 0.109277 0.000771 0.062998 0.000011
0.032271 0.602325 0.192075 0.109205 0.000762 0.063351 0.000010
0.032937 0.598594 0.193265 0.109959 0.000759 0.064476 0.000011
0.032080 0.597091 0.194433 0.110380 0.000780 0.065225 0.000010
0.031159 0.596623 0.194822 0.110904 0.000802 0.065680 0.000011
0.031594 0.593715 0.195850 0.111310 0.000813 0.066711 0.000008
0.029243 0.593637 0.196955 0.111951 0.000825 0.067381 0.000008
0.028752 0.590911 0.198116 0.112736 0.000820 0.068657 0.000009
0.030497 0.589013 0.197938 0.112679 0.000846 0.069019 0.000009
0.027993 0.587835 0.199811 0.113449 0.000849 0.070054 0.000010
0.027703 0.586011 0.200673 0.113944 0.000859 0.070801 0.000010
0.026874 0.585385 0.200951 0.114288 0.000846 0.071645 0.000012
0.024991 0.582447 0.203214 0.115359 0.000881 0.073099 0.000009
0.023201 0.580599 0.204837 0.116100 0.000909 0.074345 0.000010
0.023346 0.578800 0.205249 0.116646 0.000916 0.075032 0.000012
0.023331 0.577110 0.205889 0.117024 0.000898 0.075736 0.000012
0.021727 0.574357 0.207866 0.117892 0.000934 0.077213 0.000010
0.021252 0.572146 0.208672 0.118764 0.000931 0.078225 0.000010
0.021043 0.570790 0.209347 0.118943 0.000949 0.078920 0.000008
0.020984 0.571958 0.208920 0.118495 0.000945 0.078687 0.000011
0.020069 0.566855 0.211350 0.120040 0.000964 0.080710 0.000011
0.019731 0.565855 0.211898 0.120214 0.000977 0.081313 0.000011
0.018786 0.564146 0.213185 0.120744 0.001000 0.082127 0.000012
0.019009 0.562325 0.213289 0.121143 0.001015 0.083209 0.000011
0.018315 0.560556 0.214307 0.121545 0.001033 0.084231 0.000012
0.018318 0.556295 0.215964 0.122445 0.001029 0.085938 0.000011
0.018302 0.556669 0.215499 0.122526 0.001036 0.085955 0.000013
0.017546 0.554240 0.216919 0.123077 0.001047 0.087157 0.000013
0.017856 0.552104 0.217689 0.123366 0.001071 0.087903 0.000010
0.017264 0.549990 0.218654 0.123977 0.001085 0.089019 0.000011
0.016833 0.546959 0.219811 0.124724 0.001077 0.090586 0.000009
0.016671 0.545542 0.220239 0.125221 0.001121 0.091193 0.000012
0.016508 0.545399 0.220395 0.125124 0.001107 0.091455 0.000011
0.016197 0.540720 0.222378 0.126140 0.001111 0.093442 0.000011
0.015845 0.538096 0.223312 0.126796 0.001154 0.094785 0.000011
0.016066 0.536499 0.223580 0.127016 0.001146 0.095682 0.000011
0.015438 0.534617 0.224759 0.127696 0.001168 0.096310 0.000012
0.015615 0.533055 0.225211 0.127690 0.001147 0.097269 0.000012
0.019817 0.529345 0.224721 0.127416 0.001175 0.097513 0.000013
0.024583 0.524430 0.224245 0.127238 0.001191 0.098302 0.000010
0.023212 0.524814 0.224442 0.127597 0.001197 0.098725 0.000012
0.024944 0.522145 0.224725 0.127606 0.001183 0.099384 0.000013
0.027855 0.517200 0.225257 0.127720 0.001173 0.100784 0.000011
0.025448 0.515882 0.226689 0.128544 0.001214 0.102211 0.000012
0.029761 0.512770 0.225951 0.128201 0.001208 0.102096 0.000013
0.024084 0.514498 0.227749 0.129114 0.001210 0.103334 0.000012
0.027600 0.512365 0.226870 0.128441 0.001195 0.103515 0.000013
0.024028 0.509567 0.228917 0.130048 0.001242 0.106184 0.000015
0.027222 0.506916 0.228510 0.129900 0.001247 0.106192 0.000014
0.025437 0.507174 0.228913 0.130220 0.001245 0.107000 0.000012
0.026069 0.505319 0.229293 0.129990 0.001233 0.108083 0.000013
0.023429 0.504495 0.230539 0.130855 0.001280 0.109389 0.000013
0.022990 0.502514 0.231140 0.131502 0.001282 0.110560 0.000012
0.021918 0.500212 0.232401 0.132026 0.001298 0.112134 0.000012
0.022730 0.499267 0.232413 0.131885 0.001305 0.112387 0.000013
0.021826 0.499045 0.232599 0.132118 0.001292 0.113108 0.000012
0.019858 0.496766 0.234386 0.133254 0.001311 0.114412 0.000012
0.020296 0.497048 0.233639 0.132893 0.001308 0.114806 0.000010
0.019422 0.493409 0.235343 0.133724 0.001341 0.116749 0.000011
0.019333 0.493569 0.235363 0.133663 0.001354 0.116706 0.000012
0.017514 0.490928 0.236708 0.134841 0.001376 0.118623 0.000011
0.017546 0.488377 0.237625 0.135114 0.001375 0.119950 0.000014
0.021998 0.486321 0.236352 0.134350 0.001365 0.119601 0.000013
0.027601 0.484421 0.234029 0.133306 0.001377 0.119253 0.000013
0.027118 0.480482 0.235908 0.134296 0.001368 0.120815 0.000013
0.025136 0.479385 0.236865 0.134804 0.001397 0.122401 0.000013
0.028526 0.477378 0.236028 0.134311 0.001376 0.122366 0.000015
0.024693 0.476620 0.237738 0.135108 0.001434 0.124396 0.000011
0.026072 0.472698 0.238503 0.135810 0.001411 0.125493 0.000013
0.024164 0.473383 0.238946 0.135724 0.001433 0.126337 0.000014
0.024219 0.471142 0.239360 0.136461 0.001426 0.127380 0.000013
0.026209 0.468692 0.239550 0.136140 0.001438 0.127960 0.000012
0.023206 0.469055 0.240183 0.136667 0.001471 0.129404 0.000014
0.023360 0.468137 0.240528 0.136711 0.001478 0.129774 0.000012
0.024254 0.465926 0.240248 0.136915 0.001477 0.131166 0.000015
0.024353 0.462700 0.241247 0.137363 0.001522 0.132800 0.000015
0.023519 0.461996 0.241927 0.137702 0.001516 0.133325 0.000015
0.021514 0.462297 0.242785 0.137737 0.001532 0.134123 0.000013
0.020278 0.461058 0.243478 0.138383 0.001526 0.135261 0.000015
0.019438 0.458917 0.244647 0.138939 0.001510 0.136538 0.000011
0.020563 0.457762 0.243714 0.139025 0.001552 0.137369 0.000015
0.019742 0.455877 0.244754 0.139277 0.001557 0.138779 0.000015
0.018282 0.453689 0.245973 0.140044 0.001583 0.140417 0.000013
0.018117 0.453013 0.246250 0.140079 0.001583 0.140941 0.000017
0.018176 0.452197 0.246109 0.140147 0.001600 0.141756 0.000014
0.017707 0.451344 0.246654 0.140100 0.001599 0.142579 0.000016
0.017150 0.450840 0.246707 0.140582 0.001641 0.143066 0.000015
0.016595 0.447511 0.247596 0.141016 0.001664 0.145605 0.000013
0.015111 0.444813 0.249459 0.142005 0.001652 0.146945 0.000014
0.015585 0.444618 0.249143 0.141771 0.001687 0.147182 0.000014
0.013768 0.441460 0.250762 0.142770 0.001688 0.149540 0.000013
0.014070 0.438414 0.251415 0.143155 0.001682 0.151250 0.000015
0.014214 0.438595 0.251042 0.142816 0.001692 0.151627 0.000014
0.014012 0.437159 0.251551 0.142984 0.001716 0.152564 0.000014
0.013927 0.435516 0.251961 0.143484 0.001731 0.153365 0.000017
0.013745 0.435040 0.251987 0.143429 0.001751 0.154032 0.000017
0.012808 0.431725 0.253240 0.144489 0.001757 0.155966 0.000015
0.013080 0.431837 0.252774 0.143961 0.001805 0.156528 0.000015
0.012917 0.428382 0.253840 0.144527 0.001788 0.158529 0.000017
0.013064 0.430037 0.253227 0.143918 0.001792 0.157948 0.000014
0.012407 0.425021 0.254985 0.145043 0.001830 0.160698 0.000016
0.012661 0.424996 0.254875 0.144742 0.001804 0.160904 0.000018
0.012182 0.421551 0.255560 0.145470 0.001833 0.163389 0.000015
0.012837 0.421939 0.254849 0.145353 0.001828 0.163176 0.000017
0.012257 0.419362 0.255884 0.145908 0.001891 0.164682 0.000016
0.012246 0.417953 0.256318 0.146005 0.001893 0.165572 0.000014
0.012130 0.415180 0.256918 0.146474 0.001874 0.167407 0.000017
0.012067 0.414268 0.257266 0.146398 0.001884 0.168097 0.000020
0.012256 0.414056 0.256874 0.146418 0.001883 0.168494 0.000019
0.012092 0.414315 0.256839 0.146468 0.001892 0.168379 0.000016
0.011859 0.411060 0.257827 0.146933 0.001911 0.170392 0.000019
0.011901 0.407639 0.258793 0.147611 0.001954 0.172086 0.000015
0.011936 0.408963 0.258221 0.147164 0.001929 0.171769 0.000018
0.011527 0.404273 0.259579 0.148102 0.001960 0.174544 0.000015
0.011728 0.406081 0.258677 0.147406 0.001976 0.174114 0.000018
0.011356 0.401627 0.260110 0.148204 0.001974 0.176708 0.000020
0.011484 0.401014 0.260254 0.148050 0.001983 0.177199 0.000016
0.011497 0.400168 0.260151 0.148361 0.001977 0.177825 0.000020
0.011377 0.398122 0.260523 0.148540 0.001977 0.179443 0.000018
0.011339 0.396383 0.260633 0.148654 0.002019 0.180955 0.000017
0.011380 0.395306 0.261002 0.148770 0.002037 0.181490 0.000016
0.011305 0.393260 0.261732 0.149080 0.002059 0.182547 0.000018
0.011530 0.393623 0.260960 0.148703 0.002076 0.183088 0.000021
0.011210 0.390845 0.262018 0.149096 0.002067 0.184746 0.000017
0.011184 0.388675 0.262441 0.149521 0.002090 0.186069 0.000020
0.011340 0.389451 0.261986 0.149364 0.002096 0.185742 0.000020
0.011322 0.386643 0.262385 0.149449 0.002113 0.188067 0.000021
0.011311 0.385496 0.262338 0.149744 0.002109 0.188982 0.000020
0.011368 0.382115 0.263170 0.150050 0.002161 0.191114 0.000022
0.011129 0.381591 0.263223 0.149925 0.002150 0.191960 0.000021
0.011137 0.379203 0.263871 0.150246 0.002134 0.193392 0.000018
0.011305 0.380529 0.263396 0.149825 0.002154 0.192772 0.000019
0.011156 0.377894 0.263802 0.150548 0.002169 0.194409 0.000023
0.011071 0.374678 0.264674 0.150578 0.002202 0.196774 0.000022
0.011195 0.375961 0.263895 0.150425 0.002182 0.196324 0.000018
0.011092 0.373919 0.264577 0.150519 0.002210 0.197662 0.000022
0.011052 0.371096 0.264826 0.150907 0.002234 0.199862 0.000022
0.011205 0.371734 0.264266 0.150937 0.002277 0.199559 0.000022
0.010984 0.368259 0.265580 0.151124 0.002244 0.201789 0.000020
0.011033 0.367964 0.264942 0.151076 0.002268 0.202696 0.000021
0.010990 0.366159 0.265571 0.151199 0.002272 0.203785 0.000023
0.010991 0.365661 0.265678 0.151265 0.002282 0.204102 0.000021
0.011164 0.364355 0.265747 0.151219 0.002292 0.205203 0.000021
0.011012 0.361348 0.266069 0.151568 0.002306 0.207677 0.000020
0.010944 0.361076 0.266251 0.151493 0.002341 0.207873 0.000021
0.010898 0.359595 0.266293 0.151856 0.002349 0.208987 0.000022
0.010935 0.358195 0.266390 0.151812 0.002298 0.210348 0.000021
0.011009 0.358169 0.266270 0.151927 0.002323 0.210281 0.000021
0.010921 0.356359 0.266639 0.152253 0.002355 0.211450 0.000023
0.011060 0.355152 0.266701 0.151927 0.002346 0.212791 0.000023
0.010951 0.353624 0.266642 0.152297 0.002389 0.214076 0.000021
0.010927 0.353312 0.266938 0.151908 0.002356 0.214537 0.000021
0.010916 0.350983 0.267006 0.152431 0.002387 0.216252 0.000024
0.010814 0.350098 0.266884 0.152412 0.002401 0.217365 0.000026
0.010900 0.348605 0.267467 0.152357 0.002425 0.218220 0.000025
0.010986 0.346108 0.267823 0.152426 0.002425 0.220209 0.000023
0.010999 0.346883 0.267202 0.152325 0.002428 0.220138 0.000027
0.010979 0.344420 0.267730 0.152436 0.002399 0.222010 0.000026
0.010976 0.344188 0.267487 0.152321 0.002416 0.222580 0.000032
0.010920 0.341861 0.267906 0.152662 0.002454 0.224165 0.000032
0.010904 0.340568 0.268217 0.152856 0.002467 0.224960 0.000029
0.010944 0.339413 0.267995 0.152785 0.002468 0.226366 0.000028
0.010873 0.338734 0.267773 0.153037 0.002504 0.227049 0.000030
0.010789 0.337123 0.268131 0.153018 0.002469 0.228435 0.000034
0.010737 0.335230 0.268421 0.152987 0.002533 0.230059 0.000033
0.010881 0.333397 0.268521 0.153156 0.002489 0.231527 0.000029
0.011013 0.334138 0.268337 0.152968 0.002517 0.230992 0.000035
0.010954 0.332502 0.268481 0.153054 0.002517 0.232459 0.000034
0.010975 0.331064 0.268370 0.153192 0.002514 0.233853 0.000033
0.010917 0.331203 0.268158 0.153371 0.002563 0.233755 0.000034
0.010956 0.327986 0.268891 0.153390 0.002561 0.236181 0.000036
0.010957 0.327369 0.268684 0.153425 0.002547 0.236986 0.000031
0.010904 0.326571 0.269023 0.153197 0.002579 0.237694 0.000032
0.011075 0.326043 0.268486 0.153390 0.002541 0.238436 0.000029
0.011044 0.325709 0.268564 0.153285 0.002594 0.238777 0.000026
0.011021 0.323297 0.268793 0.153258 0.002588 0.241010 0.000034
0.011029 0.323261 0.267958 0.153169 0.002626 0.241921 0.000036
0.010948 0.321748 0.268773 0.153228 0.002599 0.242669 0.000035
0.010951 0.320318 0.269007 0.153250 0.002643 0.243795 0.000035
0.011087 0.319506 0.268719 0.153164 0.002656 0.244834 0.000035
0.011090 0.317428 0.268641 0.153421 0.002633 0.246753 0.000035
0.011095 0.316218 0.268877 0.153360 0.002693 0.247724 0.000033
0.011201 0.315397 0.268948 0.153069 0.002660 0.248690 0.000035
0.010977 0.315373 0.268656 0.153121 0.002662 0.249177 0.000034
0.010941 0.312713 0.269092 0.153580 0.002740 0.250901 0.000033
0.011020 0.312023 0.269035 0.153151 0.002724 0.252011 0.000036
0.011094 0.311280 0.268927 0.153058 0.002737 0.252872 0.000031
0.011030 0.310439 0.269013 0.153162 0.002727 0.253595 0.000033
0.011134 0.309077 0.268941 0.152943 0.002734 0.255135 0.000036
0.011142 0.307449 0.269045 0.153358 0.002770 0.256203 0.000034
0.011094 0.306743 0.269075 0.153124 0.002798 0.257124 0.000042
0.011160 0.305612 0.268835 0.153205 0.002747 0.258401 0.000040
0.011149 0.303737 0.268923 0.153296 0.002765 0.260091 0.000039
0.011194 0.304425 0.268750 0.152875 0.002788 0.259930 0.000038
0.011081 0.302157 0.268841 0.153104 0.002793 0.261986 0.000039
0.011138 0.301549 0.268980 0.153162 0.002794 0.262342 0.000034
0.011191 0.300421 0.268591 0.152890 0.002829 0.264041 0.000038
0.011317 0.298711 0.268670 0.153381 0.002865 0.265016 0.000039
0.011199 0.297307 0.268564 0.153202 0.002845 0.266843 0.000040
0.011229 0.297936 0.268508 0.153120 0.002868 0.266298 0.000040
0.011183 0.296758 0.268731 0.152892 0.002831 0.267566 0.000039
0.011202 0.294050 0.268716 0.153290 0.002865 0.269835 0.000041
0.011247 0.294361 0.268353 0.153148 0.002867 0.269985 0.000039
0.011316 0.293092 0.268318 0.152841 0.002861 0.271533 0.000040
0.011179 0.291119 0.268277 0.153142 0.002914 0.273328 0.000041
0.011395 0.291740 0.268425 0.152549 0.002908 0.272940 0.000044
0.011254 0.289961 0.268488 0.152879 0.002890 0.274486 0.000043
0.011197 0.289270 0.268235 0.152866 0.002917 0.275476 0.000039
0.011335 0.288294 0.267974 0.152873 0.002951 0.276529 0.000044
0.011268 0.286981 0.268236 0.152869 0.002951 0.277646 0.000050
0.011309 0.286648 0.267954 0.152822 0.002966 0.278251 0.000050
0.011345 0.285188 0.268312 0.152608 0.002978 0.279524 0.000046
0.011360 0.284449 0.267814 0.152784 0.003008 0.280533 0.000050
0.011475 0.283348 0.267730 0.152578 0.003028 0.281790 0.000050
0.011465 0.282673 0.267453 0.152276 0.003028 0.283053 0.000053
0.011363 0.281757 0.267457 0.152443 0.003041 0.283886 0.000053
0.011377 0.279740 0.267658 0.152785 0.003038 0.285349 0.000051
0.011281 0.280705 0.267788 0.152344 0.003055 0.284780 0.000048
0.011444 0.279096 0.267645 0.152268 0.003068 0.286426 0.000053
0.011610 0.276821 0.267150 0.152602 0.003039 0.288722 0.000056
0.011464 0.276524 0.267391 0.152232 0.003075 0.289260 0.000054
0.011551 0.276530 0.267128 0.152107 0.003098 0.289533 0.000052
0.011636 0.273858 0.267185 0.152061 0.003075 0.292132 0.000052
0.011685 0.273604 0.267106 0.152301 0.003088 0.292155 0.000060
0.011572 0.273602 0.267013 0.151734 0.003134 0.292891 0.000055
0.011662 0.271954 0.266916 0.152135 0.003109 0.294168 0.000057
0.011651 0.271661 0.266683 0.151868 0.003122 0.294958 0.000057
0.011635 0.270796 0.266922 0.151702 0.003134 0.295751 0.000060
0.011694 0.269325 0.266867 0.151927 0.003153 0.296975 0.000059
0.011826 0.267127 0.266928 0.151840 0.003150 0.299070 0.000058
0.011852 0.266926 0.266277 0.152053 0.003135 0.299694 0.000064
0.011878 0.265659 0.266623 0.151655 0.003169 0.300955 0.000061
0.011588 0.265883 0.266260 0.151604 0.003209 0.301393 0.000063
0.011834 0.264574 0.266415 0.151572 0.003218 0.302326 0.000061
0.011856 0.263202 0.266364 0.151685 0.003197 0.303637 0.000060
0.011601 0.263944 0.266374 0.151751 0.003238 0.303033 0.000059
0.011914 0.261483 0.265547 0.151572 0.003261 0.306162 0.000061
0.011823 0.260404 0.266314 0.151484 0.003229 0.306685 0.000062
0.011855 0.260138 0.265853 0.151320 0.003271 0.307498 0.000065
0.011838 0.258992 0.265807 0.151339 0.003247 0.308711 0.000065
0.011895 0.258320 0.265481 0.151193 0.003303 0.309745 0.000063
0.011832 0.257980 0.265503 0.151133 0.003276 0.310216 0.000060
0.011830 0.256618 0.265583 0.150882 0.003293 0.311735 0.000058
0.011920 0.256115 0.265198 0.151050 0.003323 0.312332 0.000063
0.011781 0.255806 0.265212 0.150964 0.003320 0.312849 0.000068
0.012002 0.252970 0.265149 0.150900 0.003333 0.315580 0.000066
0.011942 0.252784 0.264984 0.150960 0.003336 0.315930 0.000065
0.011937 0.252019 0.264860 0.150788 0.003348 0.316984 0.000064
0.011951 0.251018 0.264729 0.150826 0.003401 0.318013 0.000062
0.012050 0.250541 0.264390 0.150369 0.003364 0.319222 0.000064
0.012034 0.249951 0.264511 0.150640 0.003375 0.319426 0.000063
0.011916 0.248375 0.264557 0.150534 0.003393 0.321163 0.000063
0.012030 0.248080 0.264295 0.150384 0.003332 0.321812 0.000068
0.012179 0.247508 0.264008 0.150394 0.003416 0.322427 0.000067
0.011974 0.246314 0.263489 0.150569 0.003408 0.324182 0.000064
0.012136 0.245298 0.263786 0.150019 0.003455 0.325237 0.000068
0.012115 0.243676 0.263979 0.150096 0.003455 0.326612 0.000066
0.012245 0.243866 0.263500 0.149875 0.003467 0.326975 0.000074
0.012173 0.242969 0.263451 0.150051 0.003460 0.327832 0.000064
0.012246 0.242616 0.263286 0.149786 0.003455 0.328538 0.000072
0.012110 0.241177 0.262790 0.149676 0.003477 0.330698 0.000073
0.012363 0.240663 0.263057 0.149715 0.003492 0.330640 0.000070
0.012114 0.239346 0.262407 0.149567 0.003512 0.332980 0.000075
0.012154 0.238694 0.262820 0.149476 0.003522 0.333263 0.000071
0.012321 0.238014 0.262339 0.149415 0.003503 0.334334 0.000074
0.012508 0.237069 0.262612 0.149326 0.003551 0.334855 0.000078
0.012327 0.235934 0.262485 0.149024 0.003553 0.336604 0.000074
0.012366 0.236132 0.262122 0.148996 0.003569 0.336745 0.000072
0.012319 0.235278 0.262121 0.148857 0.003563 0.337784 0.000078
0.012360 0.234220 0.261858 0.148950 0.003540 0.338994 0.000079
0.012511 0.233810 0.261645 0.148482 0.003562 0.339907 0.000083
0.012404 0.232507 0.261618 0.148826 0.003568 0.340996 0.000082
0.012432 0.231540 0.261491 0.148837 0.003583 0.342040 0.000078
0.012513 0.231098 0.261177 0.148537 0.003635 0.342962 0.000079
0.012467 0.231353 0.261053 0.148429 0.003617 0.343000 0.000081
0.012482 0.230151 0.261075 0.148414 0.003595 0.344203 0.000080
0.012541 0.228905 0.260695 0.148323 0.003650 0.345801 0.000085
0.012676 0.229467 0.260677 0.148027 0.003675 0.345394 0.000084
0.012536 0.228139 0.260692 0.148252 0.003653 0.346643 0.000085
0.012693 0.225735 0.260397 0.147963 0.003735 0.349398 0.000079
0.012727 0.225371 0.259915 0.148030 0.003697 0.350170 0.000089
0.012644 0.224775 0.259917 0.147869 0.003697 0.351015 0.000082
0.012731 0.224551 0.259896 0.147851 0.003688 0.351196 0.000086
0.012710 0.223502 0.259783 0.147608 0.003674 0.352638 0.000087
0.012722 0.223138 0.259518 0.147393 0.003691 0.353455 0.000083
0.012741 0.222077 0.258937 0.147616 0.003732 0.354801 0.000096
0.012807 0.221242 0.258846 0.147127 0.003721 0.356164 0.000094
0.012914 0.220848 0.258913 0.147219 0.003744 0.356285 0.000078
0.012730 0.219053 0.258305 0.147369 0.003743 0.358711 0.000089
0.012859 0.218703 0.258136 0.146897 0.003748 0.359561 0.000095
0.012853 0.219077 0.258264 0.147100 0.003709 0.358904 0.000093
0.012991 0.218275 0.258128 0.146710 0.003745 0.360069 0.000083
0.012946 0.216985 0.257886 0.146722 0.003781 0.361595 0.000086
0.013109 0.216077 0.257131 0.146729 0.003774 0.363082 0.000098
0.013035 0.216451 0.257211 0.146401 0.003758 0.363048 0.000098
0.012921 0.214808 0.257451 0.146191 0.003796 0.364750 0.000084
0.012969 0.214710 0.257380 0.146301 0.003786 0.364764 0.000090
0.013151 0.214036 0.256395 0.146127 0.003822 0.366377 0.000091
0.013117 0.212797 0.256898 0.146098 0.003783 0.367223 0.000084
0.013117 0.212503 0.255493 0.146136 0.003834 0.368821 0.000096
0.013287 0.211278 0.255963 0.145909 0.003832 0.369640 0.000091
0.013225 0.210436 0.255957 0.145395 0.003846 0.371052 0.000089
0.013185 0.210603 0.255987 0.145966 0.003846 0.370319 0.000092
0.013307 0.210519 0.255721 0.145648 0.003784 0.370927 0.000095
0.013265 0.209572 0.255304 0.145365 0.003831 0.372566 0.000097
0.013162 0.208597 0.254737 0.145383 0.003894 0.374132 0.000096
0.013357 0.208062 0.254793 0.145030 0.003931 0.374731 0.000095
0.013376 0.206976 0.254765 0.144893 0.003869 0.376026 0.000095
0.013503 0.206507 0.254431 0.145020 0.003872 0.376569 0.000098
0.013449 0.205560 0.254059 0.144947 0.003883 0.378007 0.000095
0.013458 0.205286 0.253812 0.144570 0.003880 0.378893 0.000102
0.013381 0.204468 0.253791 0.144622 0.003924 0.379710 0.000105
0.013500 0.203800 0.253319 0.144382 0.003907 0.380983 0.000109
0.013355 0.203692 0.253336 0.144140 0.003908 0.381466 0.000103
0.013578 0.202063 0.253414 0.144099 0.003994 0.382743 0.000111
0.013493 0.201788 0.252526 0.144201 0.003935 0.383945 0.000112
0.013682 0.200899 0.252663 0.143764 0.003961 0.384924 0.000107
0.013700 0.200500 0.252773 0.143736 0.003929 0.385250 0.000111
0.013537 0.200350 0.252386 0.143653 0.003938 0.386035 0.000101
0.013694 0.198394 0.251942 0.143711 0.003970 0.388180 0.000109
0.013730 0.199173 0.251569 0.142940 0.004002 0.388476 0.000111
0.013853 0.197816 0.251392 0.143048 0.003966 0.389813 0.000112
0.013826 0.197364 0.251440 0.143199 0.003993 0.390064 0.000113
0.013994 0.196909 0.251004 0.142972 0.003983 0.391024 0.000113
0.013912 0.196130 0.250674 0.142779 0.004062 0.392331 0.000112
0.013803 0.195899 0.250942 0.142723 0.003997 0.392525 0.000113
0.013935 0.194777 0.250497 0.142490 0.004069 0.394114 0.000117
0.013950 0.194719 0.250441 0.142524 0.004030 0.394223 0.000113
0.014028 0.193330 0.250101 0.142157 0.004047 0.396223 0.000114
0.014073 0.193387 0.249767 0.142006 0.004005 0.396641 0.000120
0.013987 0.192591 0.249414 0.141721 0.004068 0.398112 0.000108
0.014175 0.191684 0.249188 0.141901 0.004043 0.398896 0.000113
0.014128 0.191777 0.249059 0.141886 0.004090 0.398944 0.000115
0.014176 0.190852 0.248391 0.141521 0.004139 0.400800 0.000120
0.014192 0.190528 0.248536 0.141417 0.004051 0.401157 0.000118
0.014066 0.190227 0.248369 0.141216 0.004110 0.401889 0.000124
0.014204 0.189175 0.248116 0.141488 0.004094 0.402799 0.000125
0.014303 0.189596 0.248091 0.140951 0.004070 0.402875 0.000115
0.014133 0.188638 0.247864 0.141184 0.004093 0.403972 0.000116
0.014311 0.188271 0.247584 0.140915 0.004061 0.404733 0.000123
0.014402 0.186883 0.247391 0.140674 0.004107 0.406418 0.000124
0.014443 0.185955 0.246948 0.140451 0.004086 0.407985 0.000132
0.014307 0.186592 0.246782 0.140343 0.004067 0.407782 0.000126
0.014371 0.184863 0.246675 0.140495 0.004099 0.409370 0.000128
0.014569 0.184665 0.246332 0.140310 0.004101 0.409899 0.000124
0.014636 0.184016 0.245837 0.139873 0.004127 0.411388 0.000123
0.014512 0.183879 0.245645 0.139864 0.004153 0.411814 0.000132
0.014648 0.182643 0.245335 0.139902 0.004172 0.413176 0.000124
0.014577 0.182363 0.245245 0.139857 0.004159 0.413680 0.000120
0.014770 0.181514 0.244986 0.139797 0.004144 0.414649 0.000139
0.014691 0.181671 0.244665 0.139552 0.004177 0.415118 0.000126
0.014635 0.181178 0.244058 0.139272 0.004238 0.416483 0.000135
0.014673 0.180081 0.244057 0.139146 0.004129 0.417779 0.000135
0.014864 0.179664 0.244300 0.139018 0.004172 0.417854 0.000127
0.014969 0.178418 0.243702 0.138527 0.004217 0.420034 0.000132
0.014944 0.179283 0.243074 0.138870 0.004162 0.419535 0.000132
0.014811 0.178504 0.243137 0.138517 0.004196 0.420700 0.000135
0.015035 0.177593 0.243035 0.138396 0.004175 0.421636 0.000130
0.014879 0.177322 0.243024 0.138368 0.004226 0.422046 0.000135
0.014945 0.176669 0.242978 0.138142 0.004183 0.422956 0.000129
0.014963 0.176803 0.242315 0.138314 0.004198 0.423271 0.000136
0.014904 0.175557 0.241895 0.137804 0.004266 0.425438 0.000135
0.014962 0.174977 0.241871 0.137935 0.004236 0.425889 0.000130
0.015048 0.174893 0.241298 0.137876 0.004229 0.426514 0.000142
0.015266 0.174405 0.241023 0.137447 0.004276 0.427450 0.000134
0.015072 0.173237 0.240703 0.137206 0.004272 0.429382 0.000128
0.014999 0.173047 0.240523 0.137518 0.004253 0.429515 0.000145
0.015233 0.172450 0.240292 0.137185 0.004314 0.430389 0.000137
0.015251 0.172259 0.240171 0.137019 0.004249 0.430919 0.000132
0.015417 0.171556 0.239960 0.136789 0.004304 0.431836 0.000138
0.015258 0.171269 0.239379 0.136874 0.004333 0.432751 0.000137
0.015358 0.170510 0.238917 0.136579 0.004277 0.434216 0.000142
0.015354 0.170096 0.238855 0.136721 0.004327 0.434504 0.000144
0.015576 0.169262 0.238669 0.136319 0.004278 0.435748 0.000148
0.015489 0.168616 0.238028 0.136210 0.004287 0.437221 0.000147
0.015609 0.169047 0.238572 0.135871 0.004288 0.436480 0.000133
0.015634 0.168303 0.237613 0.135593 0.004369 0.438348 0.000140
0.015639 0.167358 0.237603 0.135545 0.004304 0.439409 0.000142
0.015704 0.167279 0.237413 0.135614 0.004367 0.439483 0.000139
0.015737 0.166603 0.236985 0.135535 0.004289 0.440698 0.000152
0.015771 0.166174 0.236504 0.135154 0.004412 0.441840 0.000146
0.015638 0.165713 0.236672 0.134947 0.004341 0.442539 0.000150
0.015896 0.165216 0.236150 0.134752 0.004375 0.443463 0.000148
0.015674 0.165675 0.236539 0.135073 0.004352 0.442541 0.000146
0.015724 0.164383 0.235849 0.134672 0.004370 0.444851 0.000150
0.015755 0.163919 0.235543 0.134653 0.004365 0.445611 0.000153
0.015873 0.163172 0.235300 0.134196 0.004401 0.446906 0.000152
0.015850 0.163126 0.235441 0.134595 0.004396 0.446448 0.000143
0.016004 0.162356 0.234482 0.133998 0.004408 0.448596 0.000156
0.016051 0.161820 0.234498 0.134013 0.004437 0.449030 0.000152
0.016148 0.161281 0.233883 0.133919 0.004459 0.450157 0.000152
0.016185 0.161496 0.233622 0.133884 0.004437 0.450233 0.000144
0.016264 0.159958 0.233967 0.133047 0.004404 0.452206 0.000153
0.016346 0.159549 0.233706 0.133466 0.004483 0.452292 0.000159
0.016295 0.160064 0.233257 0.133070 0.004428 0.452732 0.000154
0.016429 0.158889 0.232825 0.132738 0.004398 0.454578 0.000144
0.016417 0.159719 0.232717 0.133232 0.004430 0.453335 0.000150
0.016508 0.159287 0.232994 0.132909 0.004391 0.453769 0.000140
0.016428 0.158505 0.232427 0.132862 0.004459 0.455166 0.000152
0.016583 0.158463 0.231675 0.132657 0.004460 0.456007 0.000155
0.016531 0.156759 0.231828 0.132256 0.004468 0.458005 0.000152
0.016621 0.156047 0.231317 0.131910 0.004514 0.459429 0.000162
0.016574 0.156923 0.231013 0.131982 0.004490 0.458860 0.000158
0.016580 0.156366 0.230584 0.131838 0.004498 0.459978 0.000157
0.016493 0.155922 0.230448 0.131859 0.004494 0.460628 0.000156
0.016625 0.155984 0.230626 0.131474 0.004479 0.460667 0.000146
0.016626 0.154293 0.229867 0.131489 0.004554 0.463008 0.000163
0.016772 0.154400 0.229806 0.130956 0.004563 0.463344 0.000159
0.016767 0.154728 0.229318 0.131459 0.004579 0.462992 0.000158
0.016766 0.153871 0.229154 0.131162 0.004517 0.464365 0.000165
0.016929 0.153340 0.228960 0.131071 0.004491 0.465032 0.000177
0.016688 0.153129 0.229020 0.131092 0.004482 0.465430 0.000159
0.016903 0.152554 0.228057 0.130489 0.004561 0.467266 0.000170
0.016870 0.152635 0.227693 0.130740 0.004563 0.467339 0.000159
0.016989 0.151584 0.227621 0.130221 0.004525 0.468899 0.000162
0.016963 0.151531 0.227752 0.129930 0.004544 0.469108 0.000172
0.017128 0.150981 0.226926 0.130003 0.004567 0.470229 0.000166
0.017073 0.150163 0.227067 0.129687 0.004543 0.471300 0.000166
0.017147 0.150532 0.226955 0.129813 0.004501 0.470880 0.000172
0.017094 0.149212 0.226112 0.129343 0.004536 0.473523 0.000179
0.017468 0.149805 0.226642 0.129527 0.004482 0.471910 0.000166
0.017102 0.149354 0.226292 0.129529 0.004544 0.473005 0.000173
0.017267 0.149009 0.225905 0.129055 0.004548 0.474040 0.000177
0.017247 0.148269 0.225302 0.128734 0.004568 0.475709 0.000172
0.017418 0.147870 0.225141 0.128463 0.004585 0.476351 0.000173
0.017445 0.146864 0.224981 0.128282 0.004578 0.477677 0.000172
0.017365 0.147097 0.225014 0.128580 0.004591 0.477190 0.000163
0.017437 0.146827 0.224480 0.128415 0.004633 0.478030 0.000178
0.017387 0.146342 0.224503 0.128177 0.004595 0.478821 0.000174
0.017606 0.145593 0.223871 0.127766 0.004586 0.480402 0.000175
0.017641 0.145323 0.223479 0.127522 0.004554 0.481297 0.000183
0.017689 0.145128 0.223290 0.127304 0.004582 0.481832 0.000176
0.017775 0.145051 0.222475 0.127609 0.004584 0.482326 0.000182
0.017642 0.144525 0.222517 0.127139 0.004639 0.483365 0.000173
0.017790 0.144114 0.222380 0.126946 0.004636 0.483951 0.000183
0.017926 0.143930 0.221968 0.127182 0.004572 0.484230 0.000191
0.017921 0.143200 0.221767 0.127171 0.004638 0.485123 0.000181
0.017862 0.143037 0.221563 0.126682 0.004582 0.486089 0.000186
0.018001 0.142823 0.221529 0.126541 0.004639 0.486273 0.000195
0.018188 0.142302 0.220927 0.126419 0.004589 0.487393 0.000182
0.018132 0.142380 0.220643 0.126089 0.004703 0.487859 0.000193
0.018124 0.141465 0.220439 0.126138 0.004643 0.489000 0.000191
0.018181 0.140621 0.220212 0.125749 0.004673 0.490373 0.000192
0.018320 0.141220 0.219629 0.125672 0.004598 0.490364 0.000196
