0.999110 0.000865 0.000014 0.000011 0.000000 0.000000 0.000000
0.998654 0.001308 0.000018 0.000008 0.000000 0.000012 0.000000
0.998191 0.001763 0.000023 0.000010 0.000000 0.000012 0.000000
0.997733 0.002208 0.000031 0.000015 0.000000 0.000013 0.000000
0.997299 0.002630 0.000039 0.000018 0.000000 0.000013 0.000000
0.996744 0.003167 0.000054 0.000021 0.000000 0.000013 0.000000
0.996111 0.003784 0.000072 0.000020 0.000000 0.000013 0.000000
0.995406 0.004465 0.000091 0.000026 0.000000 0.000012 0.000000
0.994709 0.005160 0.000086 0.000032 0.000000 0.000012 0.000000
0.993751 0.006107 0.000098 0.000033 0.000000 0.000011 0.000000
0.992280 0.007555 0.000119 0.000037 0.000000 0.000010 0.000000
0.990788 0.008992 0.000154 0.000056 0.000000 0.000009 0.000000
0.989371 0.010376 0.000181 0.000063 0.000000 0.000009 0.000000
0.987323 0.012398 0.000198 0.000074 0.000000 0.000008 0.000000
0.984139 0.015530 0.000236 0.000088 0.000000 0.000007 0.000000
0.980472 0.019126 0.000281 0.000114 0.000000 0.000007 0.000000
0.976972 0.022555 0.000297 0.000169 0.000000 0.000006 0.000000
0.973734 0.025711 0.000374 0.000175 0.000000 0.000005 0.000000
0.969242 0.030062 0.000477 0.000215 0.000000 0.000005 0.000000
0.963394 0.035819 0.000532 0.000250 0.000000 0.000005 0.000000
0.957701 0.041346 0.000636 0.000310 0.000000 0.000008 0.000000
0.951331 0.047500 0.000783 0.000374 0.000000 0.000012 0.000000
0.944747 0.053913 0.000887 0.000437 0.000000 0.000016 0.000000
0.936267 0.062214 0.001005 0.000493 0.000000 0.000021 0.000000
0.927454 0.070883 0.001094 0.000537 0.000000 0.000031 0.000000
0.917331 0.080746 0.001249 0.000642 0.000000 0.000032 0.000000
0.905143 0.092596 0.001483 0.000742 0.000000 0.000036 0.000000
0.893662 0.103712 0.001718 0.000872 0.000000 0.000036 0.000000
0.884374 0.112712 0.001904 0.000967 0.000000 0.000044 0.000000
0.870883 0.125821 0.002153 0.001097 0.000000 0.000047 0.000000
0.859711 0.136572 0.002409 0.001257 0.000000 0.000050 0.000000
0.845340 0.150471 0.002690 0.001445 0.000000 0.000054 0.000000
0.831986 0.163374 0.002966 0.001600 0.000001 0.000073 0.000000
0.818346 0.176528 0.003261 0.001780 0.000003 0.000083 0.000000
0.805041 0.189319 0.003623 0.001916 0.000005 0.000097 0.000000
0.791915 0.201919 0.003944 0.002106 0.000004 0.000113 0.000000
0.778695 0.214581 0.004277 0.002317 0.000004 0.000126 0.000000
0.762653 0.229927 0.004734 0.002537 0.000004 0.000145 0.000000
0.748765 0.243205 0.005125 0.002742 0.000003 0.000160 0.000000
0.733002 0.258285 0.005537 0.002990 0.000004 0.000182 0.000000
0.721022 0.269697 0.005894 0.003198 0.000004 0.000185 0.000000
0.703744 0.286047 0.006483 0.003511 0.000005 0.000209 0.000000
0.689046 0.299972 0.006951 0.003796 0.000004 0.000231 0.000000
0.674795 0.313304 0.007571 0.004075 0.000004 0.000252 0.000000
0.662822 0.324638 0.007996 0.004268 0.000004 0.000271 0.000000
0.648591 0.338052 0.008489 0.004569 0.000004 0.000294 0.000000
0.635831 0.350054 0.008927 0.004855 0.000003 0.000330 0.000000
0.618525 0.366165 0.009605 0.005338 0.000003 0.000363 0.000000
0.606685 0.377215 0.010053 0.005653 0.000004 0.000390 0.000000
0.593098 0.389786 0.010669 0.006015 0.000004 0.000428 0.000000
0.583703 0.398261 0.011228 0.006339 0.000004 0.000466 0.000000
0.569323 0.411442 0.011972 0.006753 0.000003 0.000507 0.000000
0.557734 0.422058 0.012532 0.007124 0.000003 0.000548 0.000000
0.546601 0.432131 0.013189 0.007483 0.000003 0.000593 0.000000
0.536272 0.441516 0.013764 0.007819 0.000003 0.000626 0.000000
0.524151 0.452298 0.014548 0.008304 0.000006 0.000693 0.000000
0.514446 0.460830 0.015252 0.008713 0.000008 0.000752 0.000000
0.508126 0.466365 0.015733 0.008987 0.000007 0.000782 0.000000
0.492190 0.480698 0.016719 0.009552 0.000008 0.000833 0.000000
0.485503 0.486451 0.017307 0.009864 0.000009 0.000865 0.000000
0.476690 0.493990 0.018101 0.010285 0.000009 0.000924 0.000000
0.466326 0.502899 0.018980 0.010795 0.000009 0.000991 0.000000
0.455332 0.512394 0.019921 0.011291 0.000011 0.001051 0.000000
0.450405 0.516302 0.020526 0.011650 0.000011 0.001106 0.000000
0.438376 0.526750 0.021450 0.012228 0.000014 0.001182 0.000000
0.433014 0.531067 0.022123 0.012539 0.000014 0.001242 0.000000
0.419968 0.542377 0.023173 0.013137 0.000015 0.001331 0.000000
0.411255 0.549627 0.024046 0.013643 0.000016 0.001413 0.000000
0.404882 0.554855 0.024744 0.014045 0.000016 0.001458 0.000000
0.394448 0.563402 0.025873 0.014706 0.000015 0.001556 0.000000
0.381446 0.574457 0.027001 0.015397 0.000015 0.001685 0.000000
0.377101 0.577725 0.027691 0.015712 0.000016 0.001754 0.000000
0.365177 0.587438 0.029010 0.016496 0.000016 0.001863 0.000000
0.359424 0.591779 0.029852 0.016968 0.000018 0.001960 0.000000
0.348151 0.601043 0.031044 0.017643 0.000020 0.002100 0.000000
0.341273 0.606285 0.032011 0.018199 0.000022 0.002209 0.000000
0.332651 0.613054 0.033107 0.018842 0.000022 0.002324 0.000000
0.323371 0.620306 0.034263 0.019598 0.000024 0.002438 0.000000
0.319659 0.622351 0.035270 0.020101 0.000028 0.002591 0.000000
0.308528 0.631265 0.036520 0.020931 0.000033 0.002723 0.000000
0.304919 0.633457 0.037392 0.021365 0.000035 0.002832 0.000000
0.295568 0.640340 0.038812 0.022186 0.000037 0.003057 0.000000
0.287409 0.646271 0.040083 0.022973 0.000039 0.003225 0.000000
0.282883 0.648816 0.041221 0.023638 0.000043 0.003399 0.000000
0.280116 0.650202 0.042080 0.024069 0.000047 0.003488 0.000000
0.270034 0.657157 0.043867 0.025148 0.000046 0.003748 0.000000
0.266524 0.659092 0.044840 0.025584 0.000053 0.003907 0.000000
0.260212 0.662640 0.046511 0.026455 0.000054 0.004130 0.000000
0.254194 0.665891 0.048138 0.027351 0.000058 0.004368 0.000000
0.252842 0.666348 0.048652 0.027684 0.000062 0.004412 0.000000
0.247162 0.669517 0.050147 0.028465 0.000065 0.004645 0.000000
0.244960 0.669719 0.051299 0.029100 0.000069 0.004853 0.000000
0.238256 0.673079 0.053166 0.030262 0.000074 0.005163 0.000000
0.236080 0.673980 0.053903 0.030653 0.000071 0.005311 0.000000
0.233413 0.674877 0.054933 0.031191 0.000071 0.005515 0.000000
0.228209 0.677089 0.056534 0.032268 0.000083 0.005818 0.000000
0.225395 0.677924 0.057779 0.032804 0.000080 0.006017 0.000000
0.221374 0.679638 0.059178 0.033471 0.000084 0.006256 0.000000
0.220105 0.679180 0.059998 0.034134 0.000086 0.006498 0.000000
0.222114 0.676224 0.060570 0.034370 0.000083 0.006638 0.000000
0.214684 0.680086 0.062711 0.035513 0.000091 0.006916 0.000000
0.208166 0.683953 0.064147 0.036474 0.000098 0.007162 0.000000
0.205842 0.683562 0.065632 0.037314 0.000102 0.007547 0.000000
0.204779 0.682736 0.066745 0.037800 0.000097 0.007843 0.000000
0.200964 0.683592 0.068364 0.038795 0.000101 0.008185 0.000000
0.197262 0.685993 0.069081 0.039219 0.000107 0.008339 0.000000
0.193293 0.687621 0.070443 0.039949 0.000110 0.008584 0.000000
0.187445 0.689620 0.072577 0.041128 0.000117 0.009113 0.000000
0.188441 0.687285 0.073334 0.041539 0.000118 0.009282 0.000000
0.183222 0.689579 0.074920 0.042473 0.000133 0.009674 0.000000
0.185750 0.685632 0.075693 0.042885 0.000131 0.009909 0.000000
0.175453 0.692571 0.077573 0.043964 0.000129 0.010309 0.000000
0.174925 0.690592 0.078795 0.044870 0.000136 0.010683 0.000000
0.167422 0.694663 0.080782 0.045877 0.000134 0.011122 0.000000
0.160259 0.699334 0.082144 0.046680 0.000147 0.011436 0.000000
0.156881 0.699720 0.083815 0.047600 0.000142 0.011841 0.000000
0.153332 0.699969 0.085602 0.048632 0.000156 0.012310 0.000000
0.148178 0.701790 0.087558 0.049627 0.000160 0.012687 0.000000
0.151632 0.698468 0.087431 0.049514 0.000164 0.012791 0.000000
0.144050 0.701401 0.089925 0.051112 0.000179 0.013334 0.000000
0.141733 0.699836 0.092053 0.052220 0.000187 0.013970 0.000000
0.142008 0.698063 0.092819 0.052742 0.000186 0.014182 0.000000
0.144702 0.693917 0.093643 0.053079 0.000181 0.014477 0.000001
0.142220 0.693482 0.095121 0.054015 0.000189 0.014972 0.000001
0.141824 0.692404 0.096006 0.054369 0.000199 0.015197 0.000001
0.133535 0.695582 0.098824 0.055947 0.000208 0.015903 0.000001
0.133549 0.692892 0.100180 0.056752 0.000215 0.016412 0.000001
0.130583 0.692288 0.102087 0.057861 0.000216 0.016964 0.000001
0.130148 0.691296 0.102881 0.058172 0.000219 0.017283 0.000000
0.127090 0.691570 0.104269 0.059139 0.000222 0.017708 0.000001
0.124618 0.692076 0.105274 0.059740 0.000232 0.018059 0.000000
0.125253 0.689621 0.106078 0.060396 0.000232 0.018419 0.000001
0.119359 0.689873 0.109173 0.061994 0.000228 0.019372 0.000001
0.116847 0.691695 0.109478 0.062183 0.000248 0.019549 0.000001
0.117000 0.689496 0.110396 0.062808 0.000246 0.020053 0.000001
0.112942 0.690282 0.112222 0.063683 0.000262 0.020608 0.000001
0.107105 0.690921 0.115041 0.065153 0.000272 0.021507 0.000001
0.101682 0.692588 0.117073 0.066256 0.000282 0.022119 0.000000
0.096891 0.693842 0.118956 0.067342 0.000295 0.022673 0.000001
0.096670 0.693121 0.119435 0.067566 0.000285 0.022922 0.000000
0.093545 0.692168 0.121409 0.068810 0.000298 0.023769 0.000001
0.090218 0.693229 0.122641 0.069447 0.000315 0.024150 0.000001
0.088032 0.691645 0.124591 0.070499 0.000315 0.024918 0.000001
0.083446 0.693022 0.126204 0.071463 0.000322 0.025541 0.000002
0.077790 0.694823 0.128188 0.072614 0.000336 0.026248 0.000001
0.075062 0.693057 0.130518 0.073845 0.000349 0.027168 0.000002
0.072730 0.692183 0.132094 0.074786 0.000361 0.027845 0.000001
0.068092 0.693641 0.133745 0.075770 0.000363 0.028388 0.000002
0.066113 0.692765 0.134986 0.076668 0.000366 0.029100 0.000002
0.060900 0.692162 0.138326 0.078160 0.000378 0.030073 0.000001
0.058912 0.691491 0.139480 0.079032 0.000392 0.030692 0.000002
0.059426 0.689878 0.139973 0.079311 0.000397 0.031011 0.000002
0.054459 0.689323 0.142759 0.080943 0.000400 0.032114 0.000002
0.053924 0.688593 0.143382 0.081273 0.000412 0.032415 0.000001
0.051275 0.686019 0.146143 0.082634 0.000418 0.033510 0.000002
0.048502 0.685647 0.147515 0.083688 0.000434 0.034213 0.000001
0.046926 0.683920 0.148949 0.084577 0.000446 0.035180 0.000002
0.044889 0.682337 0.150967 0.085562 0.000472 0.035771 0.000001
0.044557 0.680834 0.151654 0.086076 0.000462 0.036415 0.000002
0.040771 0.677951 0.155235 0.087862 0.000481 0.037699 0.000002
0.040286 0.676873 0.155858 0.088265 0.000486 0.038230 0.000002
0.041047 0.675943 0.155682 0.088331 0.000481 0.038513 0.000002
0.039137 0.673130 0.157950 0.089676 0.000495 0.039610 0.000002
0.037605 0.672147 0.159460 0.090337 0.000499 0.039950 0.000002
0.035978 0.669218 0.161470 0.091572 0.000532 0.041228 0.000002
0.034166 0.666139 0.163969 0.092783 0.000529 0.042413 0.000002
0.033994 0.664983 0.164563 0.093002 0.000528 0.042928 0.000001
0.033177 0.663180 0.165734 0.093659 0.000543 0.043705 0.000002
0.032301 0.660464 0.167441 0.094721 0.000544 0.044527 0.000002
0.031898 0.658332 0.168554 0.095375 0.000569 0.045270 0.000002
0.030790 0.655616 0.170347 0.096286 0.000580 0.046377 0.000002
0.030249 0.653796 0.171523 0.096847 0.000579 0.047005 0.000002
0.030379 0.651990 0.172188 0.097265 0.000597 0.047579 0.000001
0.028567 0.648761 0.174532 0.098722 0.000598 0.048818 0.000002
0.028816 0.647379 0.174900 0.098938 0.000622 0.049343 0.000002
0.028187 0.645544 0.176216 0.099594 0.000618 0.049840 0.000001
0.027447 0.641041 0.178552 0.100992 0.000632 0.051333 0.000003
0.027339 0.639795 0.179160 0.101136 0.000627 0.051942 0.000002
0.027338 0.638725 0.179329 0.101554 0.000653 0.052398 0.000002
0.026770 0.636646 0.180744 0.102154 0.000654 0.053030 0.000002
0.025673 0.633889 0.182293 0.103338 0.000667 0.054137 0.000003
0.025835 0.631559 0.183217 0.103690 0.000669 0.055028 0.000002
0.025677 0.629165 0.184306 0.104230 0.000694 0.055927 0.000002
0.024757 0.626285 0.186042 0.105341 0.000701 0.056872 0.000002
0.024494 0.624489 0.186960 0.105939 0.000713 0.057403 0.000002
0.024173 0.623316 0.187759 0.106122 0.000711 0.057915 0.000005
0.023762 0.620267 0.189114 0.106909 0.000721 0.059223 0.000004
0.023741 0.618485 0.189753 0.107464 0.000714 0.059839 0.000004
0.023342 0.616126 0.190793 0.108093 0.000740 0.060903 0.000003
0.022940 0.613382 0.192139 0.108843 0.000751 0.061942 0.000003
0.022651 0.611878 0.192980 0.109327 0.000769 0.062391 0.000004
0.022447 0.609724 0.194019 0.109838 0.000770 0.063198 0.000004
0.022123 0.606539 0.195512 0.110634 0.000801 0.064388 0.000004
0.021905 0.605231 0.195967 0.111189 0.000784 0.064918 0.000005
0.021832 0.602860 0.197004 0.111538 0.000789 0.065974 0.000004
0.021562 0.601142 0.197943 0.112000 0.000800 0.066549 0.000004
0.021123 0.597634 0.199643 0.112888 0.000804 0.067904 0.000003
0.021313 0.596760 0.199746 0.112977 0.000831 0.068369 0.000003
0.020982 0.594178 0.200954 0.113648 0.000833 0.069402 0.000003
0.020795 0.592599 0.201451 0.114242 0.000834 0.070076 0.000003
0.020493 0.589766 0.202859 0.114870 0.000875 0.071133 0.000005
0.020171 0.587228 0.204205 0.115355 0.000882 0.072155 0.000005
0.019972 0.585452 0.204988 0.115747 0.000904 0.072933 0.000005
0.019827 0.584078 0.205416 0.115976 0.000908 0.073792 0.000003
0.019742 0.581693 0.206724 0.116486 0.000918 0.074432 0.000004
0.019522 0.579518 0.207465 0.117166 0.000933 0.075394 0.000003
0.019404 0.577419 0.208339 0.117634 0.000917 0.076282 0.000005
0.019310 0.575176 0.209419 0.118099 0.000936 0.077056 0.000003
0.019025 0.571957 0.210705 0.118919 0.000964 0.078426 0.000004
0.019063 0.570993 0.210817 0.119065 0.000977 0.079080 0.000005
0.018621 0.567533 0.212351 0.119902 0.000956 0.080633 0.000004
0.018620 0.565902 0.213211 0.120080 0.000971 0.081213 0.000003
0.018138 0.561689 0.214934 0.121301 0.001018 0.082915 0.000004
0.018484 0.563379 0.214015 0.120728 0.000995 0.082394 0.000005
0.028461 0.554697 0.213014 0.120165 0.001005 0.082653 0.000005
0.025083 0.555118 0.214001 0.120897 0.001024 0.083874 0.000003
0.025448 0.552889 0.214742 0.121281 0.001037 0.084598 0.000004
0.028390 0.549584 0.214489 0.121378 0.001044 0.085111 0.000003
0.029913 0.546477 0.215156 0.121351 0.001046 0.086053 0.000004
0.028759 0.545963 0.215686 0.121894 0.001050 0.086644 0.000004
0.028023 0.545084 0.216351 0.121971 0.001065 0.087504 0.000002
0.029760 0.541318 0.217041 0.122387 0.001087 0.088402 0.000004
0.025372 0.542818 0.218050 0.123225 0.001080 0.089452 0.000004
0.029636 0.537754 0.218029 0.123048 0.001089 0.090441 0.000004
0.027520 0.538784 0.218544 0.123304 0.001116 0.090728 0.000004
0.027730 0.534743 0.220035 0.124013 0.001138 0.092335 0.000006
0.028609 0.532700 0.220088 0.124414 0.001140 0.093043 0.000005
0.027617 0.532761 0.220545 0.124415 0.001143 0.093514 0.000005
0.026180 0.530363 0.221943 0.125392 0.001153 0.094963 0.000005
0.025045 0.529472 0.222591 0.125738 0.001177 0.095974 0.000005
0.023614 0.528002 0.223652 0.126279 0.001205 0.097243 0.000005
0.024760 0.526290 0.223608 0.126342 0.001182 0.097811 0.000006
0.027710 0.522030 0.223908 0.126572 0.001196 0.098578 0.000006
0.030989 0.518108 0.223855 0.126382 0.001214 0.099450 0.000003
0.031394 0.517214 0.223839 0.126451 0.001228 0.099871 0.000004
0.031222 0.513487 0.225339 0.127218 0.001266 0.101464 0.000004
0.028990 0.513827 0.225997 0.127938 0.001234 0.102008 0.000006
0.033640 0.510906 0.224638 0.127405 0.001248 0.102159 0.000004
0.029579 0.509280 0.227043 0.128728 0.001287 0.104078 0.000004
0.030791 0.508910 0.226535 0.128339 0.001287 0.104134 0.000004
0.028765 0.508013 0.227590 0.128686 0.001294 0.105647 0.000004
0.032039 0.504570 0.227208 0.128683 0.001327 0.106168 0.000005
0.028335 0.504260 0.228882 0.129587 0.001335 0.107594 0.000006
0.027626 0.504297 0.228882 0.129663 0.001319 0.108208 0.000005
0.028679 0.500105 0.229870 0.130211 0.001334 0.109795 0.000005
0.027969 0.501185 0.229537 0.130059 0.001354 0.109890 0.000004
0.024495 0.497958 0.232333 0.131371 0.001387 0.112451 0.000005
0.027817 0.496203 0.231224 0.131032 0.001378 0.112339 0.000006
0.026739 0.494790 0.232219 0.131348 0.001365 0.113533 0.000007
0.025536 0.494659 0.232620 0.131629 0.001387 0.114162 0.000007
0.022253 0.493595 0.234318 0.132616 0.001415 0.115797 0.000005
0.021781 0.490851 0.235554 0.133061 0.001452 0.117295 0.000006
0.022301 0.490312 0.235410 0.132723 0.001427 0.117817 0.000009
0.020046 0.488842 0.236778 0.133897 0.001441 0.118987 0.000010
0.019291 0.485193 0.238485 0.134601 0.001467 0.120955 0.000007
0.019522 0.485741 0.237889 0.134455 0.001493 0.120894 0.000007
0.018941 0.483208 0.239004 0.135058 0.001495 0.122286 0.000008
0.019176 0.481365 0.239334 0.135201 0.001520 0.123395 0.000009
0.017208 0.479349 0.240876 0.135988 0.001510 0.125061 0.000008
0.017743 0.478242 0.240858 0.136119 0.001538 0.125490 0.000010
0.018359 0.478551 0.240371 0.136022 0.001536 0.125153 0.000009
0.017453 0.474755 0.241904 0.136319 0.001558 0.128002 0.000009
0.016966 0.474211 0.242250 0.136820 0.001560 0.128185 0.000008
0.016809 0.471619 0.243091 0.137269 0.001586 0.129615 0.000010
0.016482 0.469969 0.243751 0.137570 0.001602 0.130618 0.000007
0.016278 0.467332 0.244189 0.138173 0.001604 0.132414 0.000010
0.016039 0.466740 0.244743 0.138110 0.001605 0.132756 0.000007
0.015729 0.465883 0.245147 0.138192 0.001629 0.133411 0.000010
0.015638 0.462549 0.246031 0.138692 0.001673 0.135406 0.000011
0.015308 0.461090 0.246401 0.139184 0.001651 0.136354 0.000011
0.014500 0.457867 0.248102 0.139856 0.001671 0.137996 0.000008
0.014731 0.457131 0.247787 0.139970 0.001683 0.138688 0.000010
0.014607 0.454990 0.248522 0.140307 0.001692 0.139871 0.000010
0.014507 0.453178 0.248937 0.140724 0.001728 0.140915 0.000011
0.014334 0.451528 0.249446 0.140931 0.001713 0.142040 0.000009
0.014648 0.450455 0.249408 0.141000 0.001745 0.142733 0.000011
0.014306 0.449381 0.249859 0.141084 0.001712 0.143649 0.000010
0.014439 0.448765 0.249777 0.141194 0.001723 0.144092 0.000012
0.014215 0.446032 0.250563 0.141663 0.001749 0.145767 0.000010
0.014154 0.445369 0.250803 0.141438 0.001743 0.146482 0.000013
0.014010 0.442712 0.251426 0.142157 0.001769 0.147913 0.000013
0.013877 0.440219 0.252224 0.142511 0.001797 0.149361 0.000011
0.013810 0.439546 0.252451 0.142511 0.001791 0.149879 0.000012
0.013599 0.436147 0.253317 0.143182 0.001822 0.151919 0.000014
0.013561 0.434816 0.253585 0.143452 0.001803 0.152771 0.000012
0.013746 0.434651 0.253680 0.142921 0.001814 0.153174 0.000016
0.013462 0.431946 0.254639 0.143688 0.001829 0.154417 0.000018
0.013495 0.430180 0.254785 0.143736 0.001839 0.155950 0.000014
0.013412 0.429910 0.254628 0.143896 0.001869 0.156268 0.000017
0.013182 0.426854 0.255825 0.144467 0.001901 0.157756 0.000015
0.013504 0.427539 0.255130 0.144071 0.001909 0.157832 0.000015
0.013304 0.426022 0.255539 0.144458 0.001888 0.158775 0.000015
0.013329 0.423328 0.256096 0.144744 0.001909 0.160577 0.000016
0.013365 0.421887 0.256138 0.144969 0.001949 0.161674 0.000018
0.013107 0.419419 0.257184 0.145527 0.001948 0.162799 0.000016
0.013291 0.419937 0.256412 0.145347 0.001927 0.163070 0.000017
0.012992 0.417086 0.257931 0.145318 0.001942 0.164719 0.000011
0.013060 0.415104 0.257707 0.145856 0.001965 0.166294 0.000014
0.013175 0.413334 0.258427 0.145814 0.001982 0.167253 0.000014
0.013075 0.411423 0.258602 0.146119 0.001971 0.168795 0.000015
0.012992 0.410559 0.258898 0.146593 0.001973 0.168968 0.000016
0.013040 0.409528 0.258834 0.146282 0.002013 0.170285 0.000017
0.012981 0.406732 0.259406 0.146923 0.002019 0.171922 0.000016
0.013069 0.405383 0.259646 0.146995 0.002013 0.172876 0.000019
0.013116 0.404161 0.259766 0.147058 0.002058 0.173822 0.000019
0.012895 0.402246 0.260304 0.147311 0.002082 0.175143 0.000019
0.012836 0.401465 0.260448 0.147324 0.002086 0.175822 0.000020
0.012697 0.400350 0.260752 0.147442 0.002095 0.176646 0.000018
0.012894 0.397412 0.261236 0.147561 0.002099 0.178783 0.000016
0.013002 0.397705 0.261092 0.147544 0.002121 0.178515 0.000020
0.012874 0.395865 0.261013 0.148041 0.002137 0.180051 0.000019
0.012718 0.394935 0.261631 0.147613 0.002159 0.180927 0.000017
0.012737 0.393392 0.261534 0.148176 0.002144 0.181999 0.000018
0.012699 0.390397 0.262338 0.148606 0.002177 0.183762 0.000022
0.012750 0.390199 0.262310 0.148428 0.002151 0.184141 0.000021
0.012640 0.388679 0.262494 0.148592 0.002162 0.185414 0.000020
0.012756 0.386541 0.262703 0.148645 0.002190 0.187146 0.000021
0.012447 0.384815 0.263152 0.149153 0.002229 0.188184 0.000020
0.012556 0.384424 0.262800 0.148834 0.002230 0.189136 0.000020
0.012484 0.381534 0.263946 0.148884 0.002235 0.190895 0.000022
0.012777 0.382228 0.263237 0.149067 0.002220 0.190449 0.000021
0.012690 0.380651 0.263532 0.149041 0.002262 0.191800 0.000024
0.012486 0.378383 0.264331 0.149486 0.002264 0.193030 0.000021
0.012628 0.376290 0.264424 0.149685 0.002276 0.194677 0.000020
0.012549 0.375165 0.264585 0.149909 0.002323 0.195450 0.000020
0.012545 0.374086 0.264373 0.150033 0.002301 0.196639 0.000023
0.012576 0.371382 0.264912 0.150186 0.002314 0.198606 0.000025
0.012641 0.371986 0.264663 0.150337 0.002318 0.198030 0.000026
0.012617 0.369449 0.265300 0.150222 0.002311 0.200081 0.000020
0.012522 0.368366 0.265223 0.150504 0.002338 0.201022 0.000025
0.012532 0.367137 0.265620 0.150392 0.002344 0.201947 0.000027
0.012578 0.366547 0.265482 0.150401 0.002379 0.202593 0.000021
0.012596 0.364987 0.265751 0.150807 0.002375 0.203462 0.000023
0.012678 0.365059 0.265464 0.150493 0.002394 0.203888 0.000024
0.012702 0.362002 0.266057 0.150599 0.002353 0.206264 0.000024
0.012676 0.360667 0.266153 0.150864 0.002415 0.207200 0.000025
0.012733 0.359979 0.266238 0.150895 0.002449 0.207684 0.000022
0.012640 0.359610 0.266157 0.151006 0.002397 0.208164 0.000025
0.012570 0.357183 0.266485 0.151041 0.002459 0.210236 0.000025
0.012508 0.356329 0.266534 0.150866 0.002444 0.211289 0.000031
0.012485 0.354240 0.266973 0.151119 0.002424 0.212728 0.000030
0.012625 0.354934 0.266271 0.150963 0.002476 0.212702 0.000028
0.012588 0.351887 0.266835 0.151238 0.002469 0.214954 0.000028
0.012583 0.350743 0.266797 0.151331 0.002501 0.216018 0.000027
0.012610 0.348531 0.267359 0.151514 0.002506 0.217454 0.000026
0.012507 0.348473 0.267129 0.151346 0.002497 0.218019 0.000029
0.012672 0.347171 0.267049 0.151419 0.002501 0.219162 0.000026
0.012492 0.346703 0.267033 0.151399 0.002505 0.219836 0.000032
0.012504 0.345719 0.267292 0.151343 0.002511 0.220599 0.000032
0.012514 0.342948 0.267758 0.151727 0.002540 0.222478 0.000035
0.012663 0.342897 0.267315 0.151456 0.002532 0.223104 0.000032
0.012724 0.340890 0.267537 0.151838 0.002549 0.224429 0.000033
0.012640 0.339007 0.267932 0.151632 0.002584 0.226168 0.000037
0.012711 0.337790 0.267843 0.151869 0.002575 0.227174 0.000037
0.012579 0.336489 0.267811 0.152121 0.002655 0.228311 0.000035
0.012702 0.336184 0.267656 0.151828 0.002615 0.228977 0.000038
0.012748 0.335226 0.267849 0.151825 0.002590 0.229726 0.000036
0.012585 0.334131 0.267983 0.151761 0.002609 0.230893 0.000040
0.012622 0.333573 0.267646 0.151743 0.002615 0.231764 0.000038
0.012821 0.331673 0.267879 0.152038 0.002615 0.232936 0.000037
0.012631 0.330248 0.267968 0.151961 0.002667 0.234486 0.000039
0.012724 0.328344 0.268204 0.151905 0.002675 0.236113 0.000036
0.012749 0.327300 0.268502 0.152198 0.002659 0.236556 0.000036
0.012647 0.326542 0.268229 0.152362 0.002690 0.237489 0.000042
0.012681 0.325301 0.268512 0.152162 0.002667 0.238637 0.000040
0.012757 0.324235 0.268259 0.152191 0.002713 0.239806 0.000039
0.012709 0.323046 0.268329 0.152190 0.002679 0.241004 0.000042
0.012690 0.322171 0.268449 0.152247 0.002691 0.241709 0.000042
0.012644 0.320087 0.268314 0.152547 0.002716 0.243648 0.000045
0.012688 0.319358 0.268662 0.152542 0.002749 0.243959 0.000043
0.012694 0.319219 0.268599 0.152035 0.002710 0.244700 0.000043
0.012799 0.317583 0.268424 0.152501 0.002730 0.245917 0.000046
0.012829 0.316616 0.268138 0.152362 0.002729 0.247284 0.000041
0.012902 0.313848 0.268482 0.152826 0.002790 0.249113 0.000039
0.012754 0.313157 0.268743 0.152490 0.002765 0.250049 0.000041
0.012809 0.312129 0.269029 0.152525 0.002830 0.250634 0.000045
0.012961 0.311899 0.268617 0.152303 0.002788 0.251387 0.000045
0.012756 0.311251 0.268634 0.152737 0.002794 0.251785 0.000043
0.012891 0.309098 0.268733 0.152446 0.002782 0.254002 0.000048
0.012946 0.308676 0.268851 0.152494 0.002846 0.254143 0.000044
0.013007 0.307051 0.268828 0.152319 0.002806 0.255944 0.000044
0.012989 0.306080 0.268847 0.152560 0.002837 0.256636 0.000051
0.012923 0.305480 0.268921 0.152382 0.002842 0.257408 0.000044
0.013041 0.302673 0.268940 0.152499 0.002873 0.259926 0.000048
0.012926 0.302754 0.268792 0.152131 0.002856 0.260490 0.000051
0.012955 0.301186 0.268864 0.152507 0.002901 0.261545 0.000043
0.012983 0.301343 0.268810 0.152484 0.002884 0.261452 0.000044
0.013142 0.299704 0.268505 0.152500 0.002882 0.263218 0.000049
0.013043 0.298499 0.268837 0.152411 0.002875 0.264285 0.000049
0.012988 0.297373 0.268837 0.152450 0.002902 0.265401 0.000048
0.013100 0.296607 0.268718 0.152313 0.002933 0.266283 0.000047
0.012905 0.294266 0.268945 0.152451 0.002961 0.268425 0.000049
0.013223 0.294899 0.268838 0.152326 0.002963 0.267703 0.000048
0.013144 0.293786 0.268800 0.152295 0.002973 0.268954 0.000047
0.013160 0.293097 0.268611 0.152278 0.002960 0.269845 0.000050
0.013192 0.290910 0.269014 0.152337 0.002978 0.271519 0.000050
0.013064 0.291079 0.268660 0.152479 0.002985 0.271680 0.000054
0.013091 0.288831 0.268484 0.152332 0.002986 0.274215 0.000061
0.013260 0.287933 0.268387 0.152398 0.002995 0.274979 0.000048
0.013195 0.287286 0.268217 0.152412 0.003035 0.275806 0.000049
0.013297 0.286467 0.268175 0.152475 0.003045 0.276493 0.000049
0.013398 0.284862 0.268240 0.152537 0.003013 0.277902 0.000048
0.013176 0.283961 0.268569 0.152512 0.003060 0.278668 0.000052
0.013183 0.282723 0.268314 0.152373 0.003040 0.280313 0.000054
0.013271 0.282516 0.268485 0.152165 0.003015 0.280496 0.000052
0.013247 0.281080 0.268708 0.152066 0.003076 0.281768 0.000055
0.013202 0.279656 0.268405 0.152062 0.003099 0.283520 0.000056
0.013428 0.279463 0.268044 0.151988 0.003138 0.283882 0.000059
0.013465 0.278908 0.267899 0.151884 0.003134 0.284662 0.000049
0.013432 0.277382 0.267715 0.151870 0.003137 0.286410 0.000054
0.013324 0.275467 0.267928 0.152209 0.003198 0.287818 0.000057
0.013322 0.275415 0.267761 0.151861 0.003142 0.288444 0.000055
0.013447 0.274495 0.267836 0.151671 0.003223 0.289277 0.000051
0.013361 0.272894 0.267786 0.151637 0.003118 0.291146 0.000059
0.013673 0.273467 0.267079 0.151603 0.003175 0.290942 0.000061
0.013526 0.271538 0.267199 0.151823 0.003155 0.292705 0.000054
0.013503 0.270324 0.267365 0.151284 0.003169 0.294299 0.000056
0.013710 0.270125 0.267438 0.151487 0.003192 0.293996 0.000053
0.013512 0.268877 0.267265 0.151586 0.003246 0.295455 0.000059
0.013758 0.267187 0.266784 0.151418 0.003199 0.297600 0.000054
0.013401 0.266609 0.266921 0.151277 0.003211 0.298523 0.000058
0.013565 0.265843 0.267144 0.151305 0.003270 0.298819 0.000055
0.013619 0.265619 0.266747 0.151295 0.003268 0.299395 0.000058
0.013710 0.264647 0.266422 0.151432 0.003265 0.300467 0.000057
0.013681 0.263074 0.266487 0.151316 0.003244 0.302138 0.000060
0.013576 0.263515 0.266562 0.151013 0.003298 0.301983 0.000053
0.013707 0.261243 0.266245 0.151098 0.003277 0.304370 0.000060
0.013625 0.260470 0.266373 0.151012 0.003298 0.305163 0.000058
0.014000 0.260807 0.266108 0.150823 0.003322 0.304875 0.000064
0.013579 0.259041 0.265786 0.150945 0.003323 0.307263 0.000062
0.013914 0.258045 0.266113 0.150681 0.003340 0.307844 0.000064
0.013844 0.257437 0.265530 0.150722 0.003347 0.309060 0.000060
0.013783 0.256492 0.265709 0.150564 0.003355 0.310031 0.000066
0.013766 0.255650 0.265421 0.150351 0.003366 0.311379 0.000068
0.013993 0.254050 0.264906 0.150603 0.003387 0.312997 0.000064
0.013933 0.254771 0.264947 0.150637 0.003370 0.312272 0.000072
0.014055 0.252269 0.265070 0.150390 0.003361 0.314793 0.000062
0.014047 0.253512 0.264722 0.150069 0.003415 0.314169 0.000066
0.013964 0.251462 0.265081 0.150058 0.003412 0.315956 0.000065
0.014180 0.250635 0.264703 0.149649 0.003388 0.317383 0.000062
0.014095 0.249555 0.264518 0.149957 0.003420 0.318390 0.000064
0.014035 0.248841 0.264384 0.150044 0.003394 0.319235 0.000067
0.014189 0.247801 0.264123 0.149854 0.003397 0.320567 0.000070
0.014066 0.246415 0.264156 0.149898 0.003399 0.322003 0.000063
0.014191 0.246204 0.263774 0.149946 0.003446 0.322370 0.000070
0.014212 0.246448 0.263805 0.149449 0.003410 0.322602 0.000074
0.013916 0.244401 0.263904 0.149437 0.003460 0.324817 0.000066
0.013913 0.244342 0.263822 0.149210 0.003490 0.325156 0.000067
0.014184 0.243124 0.263395 0.149369 0.003522 0.326336 0.000069
0.014277 0.241453 0.263296 0.149305 0.003489 0.328108 0.000071
0.014089 0.241570 0.263143 0.149332 0.003508 0.328285 0.000075
0.014254 0.240881 0.262970 0.149178 0.003536 0.329109 0.000073
0.014046 0.240920 0.262764 0.149093 0.003551 0.329551 0.000075
0.014297 0.239245 0.262434 0.149390 0.003523 0.331037 0.000073
0.014229 0.239523 0.262601 0.149042 0.003576 0.330958 0.000070
0.014260 0.237403 0.262528 0.149013 0.003508 0.333220 0.000069
0.014154 0.236268 0.262319 0.149018 0.003512 0.334658 0.000072
0.014312 0.235360 0.261631 0.148750 0.003584 0.336297 0.000067
0.014230 0.234903 0.261596 0.148890 0.003543 0.336770 0.000067
0.014248 0.233824 0.261866 0.148523 0.003548 0.337914 0.000077
0.014427 0.234020 0.261311 0.148516 0.003626 0.338034 0.000066
0.014495 0.232599 0.261297 0.148761 0.003591 0.339185 0.000072
0.014471 0.230798 0.261008 0.148326 0.003631 0.341679 0.000088
0.014480 0.230625 0.260850 0.148219 0.003621 0.342129 0.000077
0.014541 0.230431 0.260766 0.148323 0.003617 0.342247 0.000075
0.014633 0.229135 0.261085 0.147965 0.003632 0.343474 0.000075
0.014587 0.228452 0.260882 0.147876 0.003649 0.344475 0.000079
0.014668 0.228119 0.260588 0.147854 0.003657 0.345035 0.000079
0.014827 0.227510 0.259981 0.147551 0.003654 0.346395 0.000083
0.014694 0.226349 0.259811 0.147789 0.003631 0.347642 0.000083
0.014875 0.226159 0.259922 0.147786 0.003670 0.347504 0.000083
0.014776 0.223916 0.259761 0.147327 0.003646 0.350493 0.000081
0.014758 0.224429 0.259492 0.147277 0.003711 0.350244 0.000090
0.014794 0.223103 0.259314 0.147434 0.003713 0.351559 0.000083
0.014790 0.223562 0.259524 0.147343 0.003702 0.350996 0.000082
0.015001 0.222214 0.259054 0.147166 0.003743 0.352740 0.000081
0.015093 0.221743 0.258816 0.147149 0.003693 0.353425 0.000081
0.015101 0.219854 0.258667 0.146836 0.003785 0.355672 0.000084
0.014999 0.219861 0.258504 0.146613 0.003784 0.356149 0.000090
0.015136 0.219371 0.258550 0.146539 0.003744 0.356581 0.000079
0.015100 0.218210 0.258299 0.146340 0.003741 0.358226 0.000084
0.015166 0.217626 0.258047 0.146371 0.003743 0.358965 0.000082
0.014997 0.216743 0.257896 0.146231 0.003770 0.360272 0.000090
0.015205 0.216208 0.257716 0.146002 0.003826 0.360959 0.000085
0.015362 0.215527 0.257596 0.146189 0.003768 0.361465 0.000094
0.015349 0.214898 0.257346 0.145704 0.003827 0.362786 0.000091
0.015210 0.213864 0.256860 0.146108 0.003807 0.364062 0.000089
0.015224 0.213416 0.256795 0.145647 0.003846 0.364989 0.000083
0.015348 0.212879 0.256586 0.145401 0.003837 0.365857 0.000093
0.015360 0.213029 0.256537 0.145622 0.003814 0.365554 0.000084
0.015411 0.211571 0.256201 0.145520 0.003882 0.367334 0.000080
0.015401 0.211373 0.255861 0.145310 0.003831 0.368139 0.000086
0.015496 0.210938 0.256226 0.145077 0.003865 0.368309 0.000090
0.015515 0.210295 0.255540 0.145275 0.003863 0.369424 0.000088
0.015692 0.208695 0.255279 0.144911 0.003808 0.371531 0.000085
0.015515 0.207918 0.255376 0.144766 0.003872 0.372463 0.000090
0.015524 0.207665 0.254795 0.144477 0.003912 0.373538 0.000089
0.015580 0.207924 0.255109 0.144457 0.003909 0.372931 0.000090
0.015553 0.206541 0.254744 0.144702 0.003896 0.374468 0.000095
0.015831 0.206185 0.254064 0.144257 0.003913 0.375664 0.000085
0.015508 0.204487 0.254067 0.144017 0.003893 0.377933 0.000095
0.015591 0.205171 0.253951 0.144378 0.003905 0.376913 0.000090
0.015619 0.203697 0.254040 0.144078 0.003937 0.378544 0.000085
0.015736 0.202797 0.253196 0.143865 0.003982 0.380330 0.000095
0.015802 0.201830 0.253071 0.143718 0.003978 0.381513 0.000089
0.015766 0.201906 0.253486 0.143440 0.004021 0.381287 0.000093
0.015836 0.200899 0.253065 0.143445 0.004005 0.382655 0.000096
0.015906 0.200972 0.252685 0.143116 0.004001 0.383226 0.000093
0.015813 0.200438 0.253031 0.143109 0.004011 0.383509 0.000089
0.015846 0.199016 0.252293 0.142922 0.003992 0.385832 0.000098
0.015920 0.198611 0.252520 0.143012 0.003987 0.385851 0.000100
0.016085 0.197588 0.251954 0.142691 0.004047 0.387533 0.000102
0.016207 0.198077 0.251634 0.142911 0.003971 0.387095 0.000105
0.015965 0.197005 0.251447 0.142637 0.004058 0.388790 0.000098
0.016197 0.196357 0.251144 0.142540 0.004032 0.389628 0.000102
0.016366 0.195332 0.250643 0.142292 0.004078 0.391195 0.000093
0.016029 0.194593 0.250521 0.141961 0.004091 0.392708 0.000098
0.016527 0.194493 0.250658 0.141992 0.004091 0.392140 0.000100
0.016285 0.194271 0.250263 0.141648 0.003996 0.393436 0.000102
0.016349 0.193288 0.250234 0.141623 0.004111 0.394296 0.000099
0.016642 0.192613 0.249663 0.141587 0.004074 0.395324 0.000097
0.016313 0.192795 0.249404 0.141674 0.004068 0.395643 0.000102
0.016608 0.191487 0.249385 0.141241 0.004147 0.397029 0.000104
0.016363 0.191119 0.248978 0.141237 0.004132 0.398072 0.000099
0.016417 0.190652 0.249061 0.141083 0.004136 0.398548 0.000103
0.016525 0.189926 0.248337 0.141078 0.004138 0.399901 0.000095
0.016403 0.189930 0.248494 0.140774 0.004169 0.400122 0.000107
0.016490 0.188702 0.248106 0.140745 0.004091 0.401761 0.000104
0.016666 0.187695 0.247895 0.140506 0.004142 0.402985 0.000111
0.016437 0.187903 0.247577 0.140298 0.004170 0.403509 0.000105
0.016575 0.187135 0.247265 0.140177 0.004197 0.404545 0.000106
0.016635 0.186319 0.246989 0.140021 0.004161 0.405762 0.000112
0.016725 0.186028 0.247040 0.139841 0.004160 0.406097 0.000109
0.016729 0.185836 0.246781 0.140154 0.004181 0.406215 0.000105
0.016906 0.185301 0.246637 0.139857 0.004190 0.407002 0.000106
0.016928 0.183772 0.245987 0.139543 0.004192 0.409468 0.000111
0.016913 0.183543 0.245687 0.139355 0.004212 0.410177 0.000113
0.016844 0.182392 0.245497 0.139421 0.004206 0.411528 0.000113
0.017008 0.182722 0.245417 0.139223 0.004177 0.411343 0.000111
0.017094 0.182561 0.245190 0.139098 0.004238 0.411702 0.000117
0.016732 0.181667 0.244900 0.138765 0.004212 0.413604 0.000122
0.016890 0.181038 0.244745 0.139063 0.004161 0.413990 0.000112
0.017138 0.180567 0.243774 0.138776 0.004188 0.415438 0.000120
0.017066 0.179583 0.243893 0.138817 0.004223 0.416304 0.000114
0.017243 0.179375 0.244092 0.138484 0.004221 0.416458 0.000127
0.017315 0.179086 0.243425 0.138383 0.004274 0.417396 0.000120
0.017302 0.178198 0.243384 0.138053 0.004236 0.418708 0.000119
0.017453 0.178168 0.242552 0.138370 0.004245 0.419096 0.000117
0.017406 0.176611 0.242308 0.137648 0.004278 0.421629 0.000121
0.017595 0.176635 0.242599 0.137610 0.004313 0.421132 0.000117
0.017582 0.176417 0.241861 0.137713 0.004317 0.421991 0.000119
0.017456 0.176460 0.242330 0.137803 0.004329 0.421500 0.000123
0.017589 0.175552 0.241973 0.137200 0.004272 0.423296 0.000119
0.017572 0.174549 0.241665 0.137135 0.004303 0.424653 0.000124
0.017707 0.173864 0.240950 0.136920 0.004342 0.426097 0.000120
0.017673 0.173878 0.241071 0.136827 0.004316 0.426109 0.000127
0.018001 0.172636 0.240537 0.136585 0.004319 0.427794 0.000128
0.017767 0.172044 0.240503 0.136610 0.004332 0.428618 0.000125
0.017880 0.172343 0.240242 0.136653 0.004313 0.428437 0.000132
0.017748 0.171724 0.240181 0.136439 0.004340 0.429437 0.000130
0.017912 0.171452 0.240120 0.136255 0.004329 0.429807 0.000125
0.017945 0.170852 0.239553 0.136270 0.004343 0.430914 0.000123
0.017898 0.169834 0.239542 0.136047 0.004389 0.432164 0.000128
0.017941 0.170264 0.239148 0.135800 0.004331 0.432389 0.000127
0.018214 0.168891 0.238433 0.135949 0.004373 0.434020 0.000120
0.018269 0.169048 0.238659 0.135675 0.004436 0.433774 0.000138
0.018189 0.167827 0.238346 0.135301 0.004412 0.435794 0.000132
0.018153 0.167213 0.237805 0.135410 0.004425 0.436867 0.000127
0.018163 0.167340 0.237243 0.135094 0.004398 0.437641 0.000121
0.018172 0.166591 0.237428 0.134983 0.004417 0.438279 0.000129
0.018211 0.166644 0.237050 0.134872 0.004419 0.438669 0.000135
0.018249 0.165639 0.236801 0.134676 0.004444 0.440053 0.000137
0.018394 0.165426 0.236474 0.134657 0.004394 0.440526 0.000128
0.018566 0.165240 0.236362 0.134510 0.004484 0.440712 0.000127
0.018480 0.164693 0.235976 0.134498 0.004451 0.441772 0.000130
0.018708 0.163886 0.235451 0.134087 0.004467 0.443264 0.000137
0.018475 0.163792 0.235361 0.133940 0.004462 0.443835 0.000134
0.018328 0.163412 0.235170 0.133766 0.004476 0.444709 0.000139
0.018287 0.162290 0.234890 0.133377 0.004456 0.446569 0.000129
0.018575 0.162277 0.234903 0.133581 0.004440 0.446095 0.000129
0.018571 0.162236 0.234643 0.133250 0.004472 0.446693 0.000134
0.018482 0.161419 0.234356 0.133347 0.004473 0.447788 0.000134
0.018749 0.161674 0.233544 0.133358 0.004485 0.448054 0.000136
0.018484 0.160556 0.233556 0.132690 0.004512 0.450068 0.000134
0.018900 0.159395 0.233247 0.132544 0.004541 0.451242 0.000131
0.018862 0.159390 0.233339 0.132253 0.004527 0.451496 0.000133
0.018924 0.158703 0.232875 0.132178 0.004537 0.452658 0.000125
0.019063 0.158535 0.232501 0.132149 0.004477 0.453137 0.000138
0.019052 0.158227 0.232319 0.131982 0.004513 0.453766 0.000142
0.018872 0.157913 0.232178 0.131715 0.004512 0.454675 0.000134
0.018974 0.157211 0.231318 0.131658 0.004535 0.456167 0.000138
0.019457 0.156925 0.231317 0.131591 0.004559 0.456013 0.000137
0.019074 0.156388 0.231196 0.131306 0.004504 0.457392 0.000140
0.019249 0.156591 0.231162 0.131530 0.004526 0.456802 0.000141
0.019027 0.155845 0.230459 0.131084 0.004572 0.458867 0.000147
0.019273 0.155111 0.230242 0.130803 0.004576 0.459849 0.000145
0.019484 0.154954 0.229711 0.130765 0.004582 0.460356 0.000148
0.019147 0.153825 0.229729 0.130373 0.004563 0.462222 0.000140
0.019447 0.154463 0.229535 0.130562 0.004549 0.461293 0.000152
0.019313 0.153797 0.229087 0.130497 0.004576 0.462581 0.000149
0.019456 0.153412 0.228893 0.130427 0.004519 0.463138 0.000154
0.019534 0.152772 0.228432 0.130018 0.004537 0.464554 0.000154
0.019704 0.152891 0.228259 0.130235 0.004600 0.464152 0.000159
0.019641 0.152568 0.228350 0.129714 0.004617 0.464960 0.000150
0.019564 0.152169 0.228251 0.129283 0.004575 0.466010 0.000148
0.019672 0.151789 0.228096 0.129442 0.004584 0.466263 0.000154
0.019873 0.150564 0.227614 0.129027 0.004630 0.468131 0.000160
0.019789 0.150322 0.226895 0.128812 0.004574 0.469460 0.000148
0.019812 0.149836 0.226616 0.129007 0.004604 0.469979 0.000146
0.019842 0.149824 0.226629 0.129093 0.004625 0.469824 0.000163
0.019919 0.149410 0.226355 0.128557 0.004577 0.471017 0.000166
0.019898 0.148382 0.226239 0.128905 0.004646 0.471773 0.000157
0.020027 0.148101 0.225674 0.127961 0.004615 0.473466 0.000156
0.020348 0.148459 0.225054 0.128222 0.004631 0.473136 0.000150
0.020291 0.148195 0.225020 0.127749 0.004679 0.473908 0.000159
0.020303 0.148241 0.225035 0.127731 0.004669 0.473864 0.000157
0.020238 0.146905 0.224598 0.127561 0.004660 0.475879 0.000158
0.020309 0.146731 0.224396 0.127547 0.004680 0.476177 0.000160
0.020217 0.146284 0.224537 0.127388 0.004685 0.476722 0.000167
0.020256 0.146386 0.223900 0.127425 0.004664 0.477206 0.000163
0.019919 0.145916 0.223696 0.127013 0.004666 0.478626 0.000165
0.020309 0.145772 0.223425 0.126955 0.004666 0.478716 0.000158
0.020408 0.145077 0.223078 0.126693 0.004732 0.479851 0.000161
0.020493 0.144847 0.222749 0.126427 0.004663 0.480658 0.000164
0.020449 0.143364 0.222423 0.126514 0.004689 0.482386 0.000174
0.020521 0.144468 0.222100 0.126508 0.004654 0.481585 0.000164
0.020620 0.143822 0.222088 0.126216 0.004660 0.482422 0.000172
0.020573 0.143735 0.221419 0.126058 0.004637 0.483408 0.000172
0.020692 0.142947 0.221206 0.125968 0.004712 0.484305 0.000170
0.020799 0.142758 0.221078 0.125536 0.004752 0.484912 0.000165
0.020657 0.142653 0.221044 0.125430 0.004681 0.485371 0.000164
0.020659 0.142428 0.220320 0.125650 0.004695 0.486073 0.000176
0.020571 0.141475 0.220301 0.125160 0.004660 0.487672 0.000161
0.020828 0.140912 0.220110 0.125054 0.004716 0.488220 0.000160
