0.999118 0.000853 0.000024 0.000005 0.000000 0.000000 0.000000
0.998679 0.001275 0.000033 0.000006 0.000000 0.000007 0.000000
0.998226 0.001718 0.000040 0.000008 0.000001 0.000007 0.000000
0.997773 0.002158 0.000049 0.000011 0.000001 0.000008 0.000000
0.997297 0.002618 0.000058 0.000017 0.000001 0.000009 0.000000
0.996784 0.003109 0.000077 0.000021 0.000001 0.000009 0.000000
0.996288 0.003605 0.000077 0.000020 0.000001 0.000008 0.000000
0.995682 0.004201 0.000079 0.000029 0.000001 0.000008 0.000000
0.995069 0.004801 0.000084 0.000036 0.000001 0.000009 0.000000
0.994036 0.005797 0.000121 0.000038 0.000001 0.000008 0.000000
0.992957 0.006854 0.000135 0.000047 0.000001 0.000007 0.000000
0.991994 0.007790 0.000160 0.000048 0.000001 0.000007 0.000000
0.990195 0.009562 0.000184 0.000052 0.000001 0.000006 0.000000
0.988588 0.011135 0.000202 0.000069 0.000001 0.000006 0.000000
0.985624 0.014046 0.000251 0.000073 0.000000 0.000005 0.000000
0.983450 0.016160 0.000278 0.000101 0.000000 0.000010 0.000000
0.980353 0.019218 0.000292 0.000126 0.000000 0.000011 0.000000
0.976877 0.022620 0.000355 0.000139 0.000000 0.000010 0.000000
0.972134 0.027262 0.000418 0.000174 0.000000 0.000011 0.000000
0.966432 0.032862 0.000502 0.000193 0.000000 0.000010 0.000000
0.961145 0.038058 0.000560 0.000228 0.000000 0.000008 0.000000
0.955753 0.043357 0.000638 0.000245 0.000000 0.000008 0.000000
0.947997 0.050910 0.000780 0.000305 0.000000 0.000009 0.000000
0.940663 0.058089 0.000860 0.000376 0.000000 0.000012 0.000000
0.933099 0.065455 0.000973 0.000455 0.000000 0.000017 0.000000
0.921086 0.077129 0.001204 0.000563 0.000000 0.000018 0.000000
0.911282 0.086739 0.001321 0.000637 0.000000 0.000022 0.000000
0.900277 0.097392 0.001529 0.000774 0.000002 0.000025 0.000000
0.888550 0.108777 0.001732 0.000900 0.000004 0.000037 0.000000
0.877112 0.119859 0.001971 0.001007 0.000005 0.000047 0.000000
0.863102 0.133425 0.002228 0.001185 0.000006 0.000054 0.000000
0.849269 0.146827 0.002480 0.001360 0.000005 0.000058 0.000000
0.836796 0.158905 0.002707 0.001515 0.000005 0.000071 0.000000
0.821933 0.173226 0.003041 0.001717 0.000005 0.000078 0.000000
0.807206 0.187407 0.003366 0.001926 0.000004 0.000091 0.000000
0.792650 0.201454 0.003696 0.002098 0.000004 0.000099 0.000000
0.776890 0.216531 0.004146 0.002320 0.000002 0.000112 0.000000
0.763762 0.229097 0.004520 0.002499 0.000003 0.000119 0.000000
0.750145 0.242145 0.004863 0.002706 0.000003 0.000138 0.000000
0.732168 0.259309 0.005386 0.002978 0.000004 0.000155 0.000000
0.717838 0.272943 0.005805 0.003228 0.000004 0.000183 0.000000
0.702651 0.287396 0.006252 0.003502 0.000003 0.000195 0.000000
0.688372 0.300977 0.006672 0.003770 0.000004 0.000206 0.000000
0.673086 0.315490 0.007144 0.004051 0.000005 0.000225 0.000000
0.657374 0.330276 0.007718 0.004382 0.000004 0.000245 0.000000
0.644182 0.342655 0.008197 0.004687 0.000006 0.000273 0.000000
0.629329 0.356412 0.008856 0.005087 0.000005 0.000310 0.000000
0.613184 0.371470 0.009520 0.005474 0.000004 0.000347 0.000000
0.603729 0.380151 0.010001 0.005753 0.000005 0.000360 0.000000
0.587294 0.395318 0.010814 0.006170 0.000006 0.000398 0.000000
0.576219 0.405444 0.011402 0.006496 0.000006 0.000433 0.000000
0.561313 0.419087 0.012140 0.006981 0.000007 0.000472 0.000000
0.548778 0.430537 0.012832 0.007335 0.000007 0.000511 0.000000
0.537017 0.441256 0.013501 0.007677 0.000009 0.000541 0.000000
0.525570 0.451601 0.014194 0.008051 0.000008 0.000576 0.000000
0.510239 0.465510 0.015059 0.008567 0.000008 0.000618 0.000000
0.504324 0.470561 0.015624 0.008817 0.000008 0.000665 0.000000
0.492910 0.480655 0.016444 0.009271 0.000010 0.000710 0.000000
0.478218 0.493856 0.017324 0.009817 0.000012 0.000772 0.000000
0.468844 0.502130 0.017974 0.010213 0.000012 0.000828 0.000000
0.460247 0.509525 0.018673 0.010649 0.000011 0.000895 0.000000
0.452200 0.516433 0.019390 0.011016 0.000012 0.000949 0.000000
0.439372 0.527391 0.020538 0.011647 0.000014 0.001038 0.000000
0.432396 0.533285 0.021230 0.011974 0.000014 0.001100 0.000000
0.423946 0.540305 0.022049 0.012514 0.000016 0.001170 0.000000
0.413864 0.548526 0.023170 0.013147 0.000016 0.001277 0.000000
0.408111 0.553179 0.023805 0.013539 0.000020 0.001346 0.000000
0.400629 0.559100 0.024746 0.014091 0.000020 0.001413 0.000000
0.393573 0.564662 0.025649 0.014593 0.000021 0.001502 0.000000
0.389181 0.567790 0.026402 0.015011 0.000022 0.001593 0.000000
0.379484 0.575599 0.027529 0.015667 0.000023 0.001699 0.000000
0.376692 0.577274 0.028254 0.015989 0.000021 0.001770 0.000000
0.373284 0.579305 0.029092 0.016425 0.000024 0.001871 0.000000
0.366027 0.584938 0.030072 0.016965 0.000026 0.001972 0.000000
0.364838 0.585151 0.030661 0.017262 0.000030 0.002059 0.000000
0.357223 0.591193 0.031616 0.017788 0.000036 0.002144 0.000000
0.352262 0.594123 0.032814 0.018468 0.000038 0.002295 0.000000
0.345670 0.599047 0.033801 0.019032 0.000040 0.002409 0.000000
0.338835 0.604493 0.034652 0.019456 0.000041 0.002524 0.000000
0.334518 0.606958 0.035731 0.020084 0.000042 0.002667 0.000000
0.330074 0.609961 0.036520 0.020606 0.000045 0.002793 0.000000
0.324441 0.614278 0.037356 0.021013 0.000046 0.002866 0.000000
0.318125 0.618906 0.038342 0.021556 0.000049 0.003021 0.000000
0.306896 0.626920 0.040232 0.022676 0.000051 0.003225 0.000000
0.303434 0.629089 0.040996 0.023064 0.000054 0.003363 0.000000
0.297691 0.633234 0.041987 0.023554 0.000055 0.003479 0.000000
0.290445 0.638278 0.043304 0.024281 0.000054 0.003637 0.000001
0.284786 0.642011 0.044327 0.024968 0.000054 0.003854 0.000001
0.281953 0.643640 0.045010 0.025402 0.000053 0.003942 0.000001
0.271218 0.651673 0.046598 0.026270 0.000059 0.004180 0.000000
0.263835 0.656054 0.048331 0.027238 0.000059 0.004483 0.000001
0.260189 0.658260 0.049226 0.027671 0.000058 0.004595 0.000001
0.254441 0.661628 0.050595 0.028441 0.000065 0.004830 0.000000
0.250415 0.664253 0.051372 0.028918 0.000064 0.004978 0.000000
0.241541 0.670201 0.052971 0.029969 0.000071 0.005246 0.000001
0.232659 0.676125 0.054678 0.030937 0.000070 0.005530 0.000001
0.227991 0.678011 0.056229 0.031850 0.000070 0.005849 0.000001
0.217861 0.685422 0.057813 0.032728 0.000072 0.006104 0.000000
0.211156 0.688897 0.059746 0.033721 0.000076 0.006404 0.000001
0.206030 0.691599 0.061035 0.034640 0.000075 0.006621 0.000000
0.197798 0.697523 0.062372 0.035393 0.000080 0.006833 0.000001
0.193050 0.698848 0.064351 0.036450 0.000087 0.007214 0.000000
0.183185 0.704729 0.066568 0.037790 0.000092 0.007635 0.000001
0.177536 0.708006 0.067914 0.038520 0.000095 0.007928 0.000001
0.171426 0.710676 0.069856 0.039616 0.000097 0.008329 0.000001
0.164512 0.713835 0.071977 0.040828 0.000100 0.008748 0.000001
0.159263 0.717199 0.073143 0.041399 0.000111 0.008883 0.000001
0.152298 0.720417 0.075203 0.042627 0.000115 0.009339 0.000000
0.154255 0.716496 0.076335 0.043274 0.000116 0.009524 0.000001
0.150827 0.717398 0.077782 0.044010 0.000117 0.009866 0.000001
0.149058 0.716444 0.079224 0.044881 0.000118 0.010273 0.000001
0.144272 0.717482 0.081247 0.046183 0.000128 0.010687 0.000001
0.148772 0.711959 0.081848 0.046446 0.000127 0.010847 0.000000
0.144702 0.712429 0.083848 0.047521 0.000134 0.011366 0.000001
0.141611 0.712238 0.085645 0.048520 0.000140 0.011845 0.000001
0.141315 0.710890 0.086451 0.049074 0.000140 0.012129 0.000001
0.138115 0.711008 0.088220 0.050059 0.000154 0.012444 0.000001
0.139629 0.707024 0.089469 0.050785 0.000151 0.012941 0.000001
0.133946 0.709246 0.091280 0.051976 0.000168 0.013383 0.000001
0.134863 0.705112 0.092971 0.052894 0.000168 0.013991 0.000001
0.129549 0.707931 0.094484 0.053606 0.000171 0.014259 0.000001
0.129833 0.704640 0.096124 0.054439 0.000177 0.014785 0.000001
0.132409 0.702495 0.095716 0.054385 0.000181 0.014813 0.000001
0.125102 0.704169 0.098794 0.056182 0.000188 0.015565 0.000000
0.126815 0.701821 0.099112 0.056264 0.000192 0.015796 0.000001
0.123968 0.700996 0.101108 0.057376 0.000196 0.016356 0.000001
0.114321 0.706410 0.103471 0.058627 0.000205 0.016965 0.000001
0.119109 0.700973 0.103904 0.058545 0.000210 0.017258 0.000001
0.116692 0.700288 0.105417 0.059584 0.000219 0.017799 0.000001
0.112905 0.701682 0.106692 0.060386 0.000223 0.018111 0.000001
0.106123 0.703192 0.109505 0.062042 0.000222 0.018915 0.000000
0.108203 0.700012 0.110004 0.062243 0.000242 0.019295 0.000001
0.106834 0.699306 0.111028 0.062987 0.000232 0.019611 0.000000
0.100835 0.702034 0.112709 0.063893 0.000245 0.020282 0.000001
0.101711 0.697971 0.114509 0.064724 0.000254 0.020831 0.000001
0.095582 0.699419 0.116898 0.066237 0.000260 0.021602 0.000001
0.096814 0.697025 0.117629 0.066419 0.000260 0.021852 0.000001
0.089925 0.698105 0.120710 0.068186 0.000267 0.022808 0.000000
0.087199 0.698718 0.121670 0.068896 0.000277 0.023239 0.000001
0.088387 0.695215 0.122847 0.069401 0.000294 0.023854 0.000002
0.081791 0.698667 0.124428 0.070424 0.000297 0.024393 0.000001
0.077040 0.697242 0.127709 0.072191 0.000308 0.025509 0.000001
0.077791 0.696229 0.127788 0.072244 0.000320 0.025627 0.000000
0.079781 0.692204 0.128524 0.073009 0.000320 0.026162 0.000000
0.076821 0.691051 0.130659 0.074161 0.000339 0.026967 0.000001
0.077158 0.690057 0.131013 0.074250 0.000345 0.027176 0.000001
0.072770 0.689998 0.133251 0.075655 0.000344 0.027980 0.000002
0.071633 0.688866 0.134415 0.076128 0.000350 0.028607 0.000002
0.067244 0.688908 0.136735 0.077404 0.000358 0.029349 0.000002
0.062270 0.687330 0.140020 0.079351 0.000384 0.030644 0.000002
0.064558 0.685088 0.139805 0.079374 0.000385 0.030789 0.000001
0.062433 0.685056 0.140835 0.080144 0.000381 0.031150 0.000002
0.061176 0.682971 0.142427 0.080954 0.000401 0.032070 0.000001
0.057649 0.683358 0.143944 0.081995 0.000396 0.032657 0.000001
0.062182 0.676518 0.145029 0.082445 0.000399 0.033425 0.000001
0.061704 0.674872 0.145907 0.083169 0.000422 0.033925 0.000002
0.058013 0.675054 0.147715 0.084035 0.000424 0.034757 0.000002
0.056061 0.673140 0.149629 0.085106 0.000450 0.035612 0.000002
0.056811 0.671703 0.149775 0.085388 0.000448 0.035873 0.000002
0.054173 0.669162 0.152517 0.086735 0.000460 0.036952 0.000002
0.051028 0.668515 0.154430 0.087679 0.000454 0.037893 0.000002
0.051243 0.666542 0.155150 0.088144 0.000469 0.038450 0.000002
0.052982 0.663045 0.155907 0.088611 0.000464 0.038987 0.000003
0.050356 0.661794 0.157576 0.089803 0.000495 0.039972 0.000004
0.048387 0.660168 0.159548 0.090763 0.000499 0.040632 0.000002
0.046047 0.660285 0.160488 0.091270 0.000499 0.041408 0.000003
0.045464 0.657558 0.162084 0.092034 0.000526 0.042330 0.000002
0.044510 0.655588 0.163463 0.092785 0.000527 0.043125 0.000003
0.043623 0.653958 0.164732 0.093401 0.000534 0.043749 0.000004
0.041206 0.655216 0.165182 0.093935 0.000531 0.043927 0.000003
0.039056 0.652608 0.167369 0.095162 0.000554 0.045247 0.000003
0.036002 0.650522 0.169758 0.096586 0.000564 0.046564 0.000005
0.035993 0.648953 0.170444 0.096915 0.000589 0.047103 0.000003
0.035400 0.647553 0.171261 0.097381 0.000588 0.047812 0.000004
0.035359 0.644162 0.172870 0.098254 0.000602 0.048749 0.000005
0.033036 0.644681 0.173690 0.098765 0.000599 0.049226 0.000004
0.033685 0.642505 0.174433 0.098985 0.000617 0.049770 0.000004
0.030834 0.640166 0.176930 0.100485 0.000623 0.050958 0.000004
0.029392 0.638069 0.178519 0.101443 0.000631 0.051943 0.000003
0.030342 0.637107 0.178392 0.101270 0.000662 0.052224 0.000004
0.028992 0.634094 0.180282 0.102414 0.000663 0.053551 0.000004
0.026998 0.632826 0.181750 0.103181 0.000695 0.054545 0.000004
0.026866 0.629898 0.183108 0.104031 0.000689 0.055403 0.000005
0.026372 0.628432 0.184059 0.104264 0.000687 0.056184 0.000003
0.024809 0.626036 0.185764 0.105575 0.000701 0.057110 0.000005
0.024936 0.623116 0.187037 0.105956 0.000721 0.058229 0.000005
0.024450 0.621660 0.187684 0.106630 0.000717 0.058856 0.000003
0.024082 0.619541 0.188877 0.107109 0.000732 0.059653 0.000006
0.022943 0.617553 0.190260 0.107881 0.000740 0.060617 0.000005
0.022194 0.614573 0.191829 0.108845 0.000757 0.061797 0.000005
0.022382 0.613704 0.192022 0.109022 0.000766 0.062099 0.000005
0.021336 0.610225 0.194131 0.110108 0.000778 0.063418 0.000005
0.021250 0.608936 0.194549 0.110417 0.000779 0.064062 0.000007
0.021235 0.608286 0.194814 0.110503 0.000793 0.064366 0.000004
0.020513 0.604591 0.196740 0.111573 0.000791 0.065786 0.000005
0.020184 0.602048 0.197802 0.112405 0.000808 0.066749 0.000004
0.019976 0.600186 0.198744 0.112684 0.000797 0.067607 0.000006
0.019646 0.596228 0.200376 0.113777 0.000821 0.069147 0.000004
0.020255 0.598795 0.198768 0.112932 0.000816 0.068429 0.000005
0.019254 0.594049 0.201291 0.114296 0.000850 0.070256 0.000005
0.019044 0.591682 0.202641 0.114710 0.000851 0.071066 0.000006
0.018854 0.589403 0.203627 0.115246 0.000887 0.071977 0.000005
0.018626 0.587348 0.204096 0.116128 0.000883 0.072913 0.000006
0.018442 0.585235 0.205090 0.116532 0.000888 0.073806 0.000006
0.018078 0.582319 0.206536 0.117287 0.000915 0.074859 0.000006
0.017803 0.579882 0.207618 0.117815 0.000907 0.075970 0.000005
0.017804 0.578636 0.207827 0.118272 0.000943 0.076513 0.000005
0.017736 0.577680 0.208411 0.118292 0.000927 0.076948 0.000005
0.017309 0.573444 0.210183 0.119378 0.000948 0.078734 0.000005
0.017242 0.572869 0.210373 0.119579 0.000952 0.078981 0.000005
0.017043 0.569960 0.211752 0.120048 0.000997 0.080195 0.000005
0.016897 0.569011 0.211895 0.120505 0.000981 0.080707 0.000006
0.016695 0.565121 0.213756 0.121085 0.001013 0.082324 0.000006
0.016461 0.562651 0.214767 0.121810 0.001005 0.083301 0.000005
0.016638 0.562628 0.214428 0.121768 0.001008 0.083524 0.000006
0.016300 0.559821 0.215627 0.122406 0.001024 0.084817 0.000005
0.016095 0.557660 0.216440 0.122935 0.001038 0.085827 0.000005
0.015833 0.555349 0.217391 0.123450 0.001033 0.086938 0.000005
0.015952 0.553294 0.218292 0.123697 0.001051 0.087708 0.000006
0.015633 0.550935 0.219309 0.124326 0.001063 0.088728 0.000006
0.015529 0.549601 0.219926 0.124401 0.001055 0.089481 0.000007
0.015526 0.546483 0.221029 0.125168 0.001087 0.090701 0.000006
0.015268 0.545250 0.221202 0.125532 0.001084 0.091658 0.000006
0.015394 0.544286 0.221302 0.125860 0.001089 0.092062 0.000008
0.015228 0.541189 0.222696 0.126547 0.001097 0.093235 0.000008
0.015066 0.538767 0.223751 0.126771 0.001118 0.094519 0.000007
0.014945 0.537766 0.223979 0.127023 0.001130 0.095148 0.000009
0.014711 0.534059 0.225479 0.127894 0.001147 0.096701 0.000008
0.014816 0.534427 0.225081 0.127722 0.001137 0.096808 0.000009
0.014726 0.531530 0.226261 0.128235 0.001154 0.098085 0.000009
0.014417 0.529490 0.227349 0.128608 0.001177 0.098949 0.000009
0.014385 0.527645 0.227510 0.129231 0.001192 0.100026 0.000011
0.014399 0.525926 0.228078 0.129425 0.001188 0.100971 0.000012
0.014119 0.523734 0.229119 0.129744 0.001179 0.102095 0.000009
0.014077 0.522668 0.229511 0.129933 0.001208 0.102592 0.000011
0.014041 0.521396 0.229558 0.130320 0.001228 0.103445 0.000012
0.013933 0.519039 0.230675 0.130429 0.001243 0.104668 0.000012
0.013856 0.517526 0.230998 0.130912 0.001252 0.105444 0.000011
0.013741 0.513607 0.232511 0.131635 0.001291 0.107202 0.000013
0.013616 0.512709 0.232888 0.131616 0.001260 0.107896 0.000015
0.013552 0.510689 0.233582 0.132133 0.001280 0.108750 0.000014
0.013507 0.508212 0.234209 0.132643 0.001297 0.110118 0.000014
0.013442 0.507579 0.234321 0.132709 0.001294 0.110638 0.000017
0.013441 0.506106 0.234905 0.133008 0.001314 0.111210 0.000015
0.013207 0.502193 0.236184 0.133849 0.001344 0.113211 0.000013
0.013236 0.502299 0.235993 0.133686 0.001348 0.113423 0.000014
0.013227 0.499590 0.237075 0.134188 0.001326 0.114582 0.000012
0.013228 0.497693 0.237699 0.134446 0.001368 0.115552 0.000015
0.013097 0.495036 0.238387 0.134862 0.001358 0.117244 0.000015
0.012980 0.493213 0.238977 0.135191 0.001419 0.118203 0.000017
0.012979 0.491088 0.239421 0.135600 0.001437 0.119460 0.000015
0.012894 0.492043 0.239338 0.135318 0.001435 0.118957 0.000014
0.012846 0.489346 0.240012 0.135887 0.001413 0.120479 0.000017
0.012824 0.487578 0.240235 0.136265 0.001456 0.121622 0.000020
0.012604 0.484857 0.241300 0.136771 0.001470 0.122983 0.000015
0.012679 0.484116 0.241523 0.136783 0.001457 0.123425 0.000016
0.012623 0.481796 0.242291 0.136914 0.001522 0.124839 0.000016
0.012486 0.479166 0.242978 0.137507 0.001487 0.126360 0.000017
0.012453 0.477543 0.243314 0.137781 0.001497 0.127391 0.000020
0.012404 0.476106 0.243663 0.137937 0.001517 0.128355 0.000017
0.012436 0.476100 0.243847 0.137877 0.001524 0.128194 0.000021
0.012213 0.472887 0.244854 0.138393 0.001538 0.130095 0.000019
0.012216 0.471214 0.245119 0.138681 0.001575 0.131177 0.000018
0.012146 0.468592 0.245778 0.139273 0.001544 0.132651 0.000017
0.012257 0.468189 0.245992 0.139043 0.001575 0.132926 0.000017
0.012285 0.466142 0.246332 0.139552 0.001595 0.134077 0.000016
0.012059 0.463600 0.247277 0.140031 0.001583 0.135433 0.000018
0.012062 0.461702 0.247604 0.140135 0.001601 0.136880 0.000016
0.011986 0.459582 0.248306 0.140248 0.001634 0.138223 0.000021
0.011997 0.459013 0.248017 0.140518 0.001592 0.138842 0.000022
0.011971 0.458224 0.248430 0.140757 0.001601 0.138999 0.000019
0.011880 0.454836 0.249344 0.141133 0.001654 0.141129 0.000025
0.011799 0.454416 0.249523 0.141024 0.001646 0.141572 0.000021
0.011930 0.450608 0.250552 0.141813 0.001667 0.143409 0.000022
0.011888 0.451718 0.249850 0.141608 0.001696 0.143220 0.000020
0.011783 0.448547 0.250984 0.141946 0.001701 0.145020 0.000020
0.011707 0.446862 0.251249 0.142321 0.001703 0.146136 0.000022
0.011596 0.444676 0.251640 0.142886 0.001729 0.147451 0.000022
0.011625 0.443997 0.252109 0.142717 0.001717 0.147810 0.000023
0.011705 0.442148 0.252294 0.142810 0.001735 0.149283 0.000025
0.011736 0.441153 0.252681 0.142853 0.001740 0.149815 0.000023
0.011681 0.438387 0.253529 0.143343 0.001756 0.151281 0.000023
0.011635 0.437549 0.253655 0.143474 0.001778 0.151885 0.000024
0.011560 0.436022 0.253937 0.143754 0.001803 0.152900 0.000025
0.011535 0.433754 0.254554 0.143838 0.001790 0.154506 0.000024
0.011514 0.433231 0.254464 0.144120 0.001789 0.154856 0.000026
0.011451 0.431182 0.254861 0.144516 0.001816 0.156149 0.000025
0.011514 0.430082 0.255094 0.144393 0.001800 0.157092 0.000026
0.011541 0.428479 0.255360 0.144623 0.001836 0.158135 0.000026
0.011374 0.426189 0.255940 0.145148 0.001841 0.159484 0.000025
0.011407 0.425046 0.256166 0.145090 0.001844 0.160419 0.000028
0.011353 0.422352 0.256948 0.145266 0.001884 0.162172 0.000025
0.011342 0.422176 0.256607 0.145556 0.001877 0.162418 0.000025
0.011359 0.420418 0.257410 0.145739 0.001890 0.163160 0.000025
0.011321 0.417794 0.257791 0.146033 0.001903 0.165134 0.000025
0.011423 0.416904 0.258130 0.146132 0.001908 0.165480 0.000024
0.011302 0.415902 0.258233 0.146590 0.001942 0.166001 0.000029
0.011289 0.414178 0.258578 0.146658 0.001904 0.167365 0.000028
0.011199 0.413376 0.258777 0.146578 0.001935 0.168107 0.000028
0.011265 0.411300 0.259216 0.146772 0.001948 0.169471 0.000028
0.011192 0.410056 0.259190 0.147197 0.001963 0.170377 0.000026
0.011194 0.407743 0.259540 0.147393 0.001959 0.172144 0.000026
0.011155 0.406664 0.260021 0.147473 0.002001 0.172659 0.000027
0.011053 0.404692 0.260601 0.147603 0.001992 0.174033 0.000026
0.011107 0.403402 0.260761 0.147695 0.001989 0.175021 0.000024
0.011234 0.402144 0.260859 0.147867 0.002021 0.175845 0.000030
0.011175 0.401259 0.260987 0.147634 0.002016 0.176897 0.000032
0.010990 0.398718 0.261746 0.148057 0.002052 0.178406 0.000030
0.011102 0.397534 0.261778 0.148066 0.002042 0.179450 0.000029
0.011076 0.396784 0.261967 0.148060 0.002065 0.180020 0.000028
0.011095 0.396073 0.261781 0.148223 0.002038 0.180759 0.000031
0.011079 0.394516 0.262404 0.148304 0.002055 0.181613 0.000029
0.011016 0.391676 0.262621 0.148861 0.002095 0.183701 0.000029
0.011106 0.389901 0.262929 0.148711 0.002131 0.185191 0.000031
0.011029 0.389709 0.262895 0.148873 0.002097 0.185366 0.000030
0.010955 0.387743 0.263070 0.149207 0.002144 0.186852 0.000029
0.010863 0.387145 0.263193 0.149085 0.002117 0.187566 0.000032
0.011072 0.385241 0.263625 0.149388 0.002140 0.188505 0.000029
0.010927 0.382330 0.264175 0.149608 0.002152 0.190777 0.000031
0.010971 0.382254 0.263973 0.149475 0.002121 0.191175 0.000031
0.010887 0.380133 0.264314 0.149726 0.002161 0.192752 0.000027
0.010932 0.378873 0.264846 0.149933 0.002180 0.193203 0.000033
0.010880 0.377067 0.265113 0.149834 0.002219 0.194854 0.000032
0.010901 0.376317 0.265386 0.149814 0.002176 0.195374 0.000032
0.010858 0.375983 0.265190 0.149879 0.002222 0.195835 0.000033
0.011009 0.373760 0.265087 0.150288 0.002245 0.197580 0.000031
0.010955 0.373108 0.265237 0.150198 0.002231 0.198239 0.000031
0.010854 0.370654 0.265660 0.150570 0.002268 0.199959 0.000035
0.010882 0.370656 0.265367 0.150591 0.002228 0.200241 0.000035
0.010901 0.368672 0.265463 0.150936 0.002259 0.201738 0.000032
0.010997 0.366232 0.266111 0.150671 0.002287 0.203670 0.000033
0.010895 0.366112 0.265935 0.150875 0.002287 0.203867 0.000029
0.010864 0.363766 0.265787 0.151219 0.002326 0.206006 0.000033
0.010976 0.363425 0.265697 0.151241 0.002299 0.206322 0.000040
0.010923 0.361057 0.266209 0.151382 0.002312 0.208076 0.000041
0.010922 0.359973 0.266460 0.151328 0.002372 0.208912 0.000033
0.010936 0.360074 0.266284 0.151195 0.002365 0.209113 0.000033
0.010844 0.358308 0.266664 0.151208 0.002325 0.210617 0.000034
0.010814 0.356952 0.266806 0.151773 0.002382 0.211237 0.000036
0.010998 0.355081 0.266878 0.151577 0.002352 0.213079 0.000035
0.010860 0.353423 0.266938 0.152013 0.002408 0.214319 0.000039
0.010898 0.351985 0.267126 0.151783 0.002401 0.215772 0.000036
0.010932 0.352360 0.267151 0.151596 0.002413 0.215510 0.000037
0.010833 0.349567 0.267768 0.152051 0.002392 0.217352 0.000037
0.010781 0.348908 0.267677 0.151862 0.002453 0.218281 0.000039
0.010819 0.348037 0.267715 0.152166 0.002455 0.218775 0.000031
0.010926 0.346892 0.267456 0.151905 0.002436 0.220344 0.000041
0.010815 0.344303 0.268200 0.152208 0.002471 0.221964 0.000040
0.022727 0.342238 0.263963 0.149834 0.002453 0.218746 0.000039
0.023706 0.340940 0.263839 0.149801 0.002445 0.219229 0.000040
0.019614 0.339643 0.265173 0.150840 0.002486 0.222202 0.000043
0.027688 0.336699 0.262443 0.149363 0.002479 0.221288 0.000040
0.026087 0.337698 0.263035 0.149182 0.002463 0.221498 0.000038
0.025985 0.335833 0.262901 0.149426 0.002477 0.223338 0.000040
0.026556 0.335250 0.262566 0.148997 0.002503 0.224092 0.000037
0.024021 0.334902 0.263184 0.149593 0.002535 0.225721 0.000043
0.024477 0.333715 0.262870 0.149604 0.002512 0.226777 0.000045
0.023423 0.334665 0.263039 0.149628 0.002517 0.226692 0.000036
0.025028 0.334396 0.262150 0.148901 0.002523 0.226963 0.000039
0.020432 0.332112 0.264051 0.149985 0.002565 0.230816 0.000039
0.020522 0.331491 0.263834 0.149980 0.002571 0.231562 0.000041
0.020480 0.331787 0.264002 0.149803 0.002577 0.231313 0.000039
0.018647 0.329123 0.265024 0.150711 0.002614 0.233845 0.000036
0.018968 0.329747 0.264401 0.149958 0.002572 0.234312 0.000042
0.017321 0.327731 0.265285 0.150765 0.002622 0.236235 0.000042
0.018045 0.327451 0.264642 0.150401 0.002612 0.236807 0.000042
0.015975 0.326027 0.265773 0.150720 0.002620 0.238839 0.000046
0.016897 0.325808 0.264719 0.150593 0.002640 0.239295 0.000048
0.016036 0.325270 0.265152 0.150611 0.002647 0.240241 0.000043
0.016778 0.324206 0.264661 0.150625 0.002668 0.241019 0.000042
0.013744 0.321655 0.266763 0.151529 0.002667 0.243595 0.000047
0.014787 0.321443 0.266041 0.151014 0.002671 0.244000 0.000045
0.015759 0.322102 0.265144 0.150299 0.002700 0.243951 0.000045
0.014160 0.318565 0.266275 0.151131 0.002724 0.247093 0.000051
0.012563 0.316124 0.267753 0.151932 0.002732 0.248846 0.000049
0.012769 0.315761 0.267280 0.151811 0.002736 0.249596 0.000048
0.012321 0.313798 0.267826 0.152266 0.002781 0.250961 0.000045
0.013017 0.313889 0.267209 0.151642 0.002735 0.251459 0.000049
0.013626 0.314387 0.266240 0.151116 0.002798 0.251785 0.000047
0.012783 0.311772 0.267259 0.151757 0.002767 0.253613 0.000050
0.013176 0.313024 0.266389 0.151296 0.002795 0.253270 0.000050
0.012623 0.309928 0.267379 0.151566 0.002796 0.255663 0.000045
0.012795 0.309477 0.266943 0.151491 0.002809 0.256437 0.000048
0.012393 0.308448 0.267003 0.151643 0.002821 0.257649 0.000043
0.011971 0.306723 0.267539 0.151930 0.002856 0.258927 0.000054
0.011956 0.305631 0.267788 0.152111 0.002853 0.259611 0.000050
0.012405 0.305256 0.267311 0.151486 0.002895 0.260595 0.000052
0.011883 0.301683 0.268219 0.152116 0.002916 0.263134 0.000049
0.011507 0.300798 0.268441 0.152396 0.002948 0.263860 0.000050
0.011716 0.300434 0.267997 0.152052 0.002880 0.264876 0.000046
0.011798 0.299640 0.267733 0.151967 0.002935 0.265882 0.000045
0.011525 0.297898 0.267900 0.152577 0.002938 0.267111 0.000051
0.011546 0.297037 0.267798 0.152276 0.002938 0.268348 0.000056
0.011689 0.296228 0.267915 0.152046 0.002977 0.269092 0.000052
0.011804 0.295824 0.267676 0.151858 0.002966 0.269812 0.000059
0.011563 0.293608 0.267516 0.152267 0.002933 0.272059 0.000053
0.011636 0.294228 0.267304 0.152019 0.003008 0.271749 0.000056
0.011785 0.292163 0.267561 0.151913 0.002952 0.273571 0.000055
0.011681 0.289342 0.267979 0.152050 0.003016 0.275877 0.000053
0.011541 0.290389 0.267697 0.151954 0.003013 0.275344 0.000061
0.011466 0.286748 0.268018 0.151933 0.003037 0.278730 0.000068
0.011670 0.288095 0.267519 0.152033 0.003043 0.277579 0.000061
0.011722 0.287927 0.267114 0.151753 0.003041 0.278385 0.000058
0.011636 0.285196 0.267121 0.152086 0.003094 0.280810 0.000057
0.011367 0.283941 0.268279 0.152165 0.003099 0.281085 0.000064
0.011655 0.284638 0.267649 0.151765 0.003092 0.281143 0.000058
0.011521 0.283268 0.267412 0.151695 0.003114 0.282933 0.000057
0.011531 0.282214 0.267283 0.151766 0.003123 0.284027 0.000056
0.011627 0.280983 0.267088 0.151467 0.003091 0.285683 0.000059
0.011594 0.279527 0.267572 0.151728 0.003086 0.286433 0.000061
0.011680 0.278989 0.266952 0.151940 0.003134 0.287240 0.000066
0.011404 0.277376 0.267519 0.151600 0.003169 0.288866 0.000065
0.011426 0.276281 0.267546 0.151812 0.003127 0.289744 0.000064
0.011524 0.276417 0.267027 0.151873 0.003170 0.289927 0.000062
0.011362 0.273677 0.267671 0.151849 0.003150 0.292228 0.000064
0.011451 0.273573 0.266977 0.151638 0.003175 0.293121 0.000065
0.011570 0.272947 0.266960 0.151397 0.003226 0.293835 0.000065
0.011681 0.271816 0.266837 0.151423 0.003219 0.294960 0.000063
0.011551 0.271019 0.266772 0.151434 0.003244 0.295919 0.000061
0.011636 0.269345 0.267014 0.151606 0.003256 0.297084 0.000060
0.011568 0.270199 0.266375 0.151516 0.003263 0.297015 0.000063
0.011498 0.267638 0.267095 0.151246 0.003239 0.299219 0.000065
0.011547 0.266735 0.266551 0.151247 0.003278 0.300576 0.000066
0.011605 0.267222 0.265795 0.151149 0.003260 0.300892 0.000077
0.011560 0.266062 0.266202 0.151233 0.003293 0.301585 0.000066
0.011687 0.264148 0.265841 0.151210 0.003317 0.303735 0.000063
0.011730 0.264668 0.265468 0.151217 0.003274 0.303578 0.000066
0.011589 0.263070 0.265866 0.151185 0.003301 0.304923 0.000067
0.011591 0.262675 0.265688 0.150925 0.003404 0.305645 0.000073
0.011612 0.261018 0.265801 0.151075 0.003322 0.307100 0.000070
0.011748 0.260747 0.265269 0.150805 0.003352 0.308004 0.000074
0.011762 0.259518 0.265626 0.150766 0.003369 0.308890 0.000070
0.011796 0.258819 0.265421 0.150707 0.003383 0.309806 0.000068
0.011739 0.257812 0.265011 0.150748 0.003369 0.311246 0.000075
0.011655 0.257152 0.264995 0.150819 0.003417 0.311892 0.000070
0.011622 0.255790 0.265104 0.150885 0.003372 0.313149 0.000078
0.011836 0.255094 0.264734 0.150620 0.003356 0.314282 0.000078
0.011933 0.253671 0.264689 0.150403 0.003377 0.315860 0.000068
0.011822 0.253247 0.264403 0.150503 0.003396 0.316549 0.000080
0.011798 0.251987 0.264800 0.150408 0.003379 0.317561 0.000068
0.011812 0.250691 0.264612 0.150370 0.003422 0.319019 0.000074
0.011892 0.250230 0.264250 0.150365 0.003446 0.319743 0.000074
0.011965 0.249758 0.263984 0.150137 0.003441 0.320639 0.000076
0.011882 0.249836 0.263909 0.149860 0.003451 0.320989 0.000072
0.011983 0.248653 0.263625 0.149712 0.003461 0.322486 0.000080
0.011951 0.247880 0.263639 0.149789 0.003498 0.323163 0.000079
0.011815 0.247235 0.263764 0.149787 0.003510 0.323815 0.000074
0.011864 0.245563 0.263453 0.149820 0.003525 0.325697 0.000078
0.011884 0.245314 0.263402 0.149779 0.003472 0.326073 0.000077
0.011873 0.244299 0.263256 0.149485 0.003538 0.327473 0.000075
0.011911 0.243669 0.263347 0.149765 0.003498 0.327733 0.000077
0.011945 0.242045 0.262954 0.149485 0.003524 0.329967 0.000080
0.011968 0.241396 0.263027 0.149414 0.003511 0.330603 0.000082
0.012050 0.239354 0.262940 0.149298 0.003546 0.332732 0.000081
0.012023 0.239627 0.262543 0.148863 0.003544 0.333324 0.000076
0.012064 0.239265 0.262314 0.149064 0.003547 0.333669 0.000077
0.012205 0.238257 0.261819 0.149231 0.003602 0.334794 0.000093
0.012163 0.236293 0.262281 0.149088 0.003581 0.336511 0.000082
0.012087 0.237190 0.261697 0.148852 0.003576 0.336511 0.000086
0.012094 0.237095 0.261779 0.148725 0.003570 0.336654 0.000083
0.012281 0.234343 0.261416 0.148614 0.003617 0.339649 0.000081
0.012253 0.234486 0.261062 0.148503 0.003564 0.340045 0.000086
0.012179 0.233661 0.261125 0.148702 0.003615 0.340631 0.000087
0.012237 0.232826 0.261182 0.148911 0.003601 0.341155 0.000088
0.012288 0.231143 0.261145 0.148199 0.003614 0.343525 0.000086
0.012375 0.231231 0.261097 0.148477 0.003638 0.343098 0.000085
0.012288 0.229617 0.260895 0.148151 0.003689 0.345269 0.000092
0.012312 0.229984 0.260875 0.148025 0.003639 0.345077 0.000088
0.012388 0.229754 0.260409 0.148043 0.003634 0.345677 0.000095
0.012489 0.228636 0.260348 0.147919 0.003627 0.346888 0.000093
0.012516 0.227990 0.260070 0.148001 0.003659 0.347672 0.000093
0.012528 0.226158 0.259938 0.147968 0.003693 0.349614 0.000101
0.012586 0.225515 0.259731 0.147681 0.003714 0.350679 0.000093
0.012503 0.224494 0.259226 0.147807 0.003683 0.352197 0.000091
0.012670 0.224446 0.259469 0.147652 0.003690 0.351975 0.000098
0.012662 0.223725 0.258903 0.147686 0.003746 0.353183 0.000095
0.012629 0.222925 0.258695 0.147332 0.003768 0.354553 0.000098
0.012784 0.222477 0.258656 0.147143 0.003742 0.355107 0.000093
0.012785 0.221922 0.258688 0.146980 0.003767 0.355765 0.000092
0.012772 0.221274 0.258364 0.147079 0.003752 0.356665 0.000094
0.012760 0.219790 0.258085 0.146899 0.003754 0.358613 0.000099
0.012808 0.219953 0.257675 0.146972 0.003822 0.358669 0.000100
0.012833 0.217960 0.257868 0.146232 0.003785 0.361224 0.000098
0.012781 0.217420 0.257687 0.146432 0.003838 0.361752 0.000091
0.012866 0.217615 0.257556 0.146384 0.003833 0.361656 0.000091
0.012776 0.217681 0.257255 0.146042 0.003827 0.362325 0.000095
0.012736 0.216098 0.257079 0.146266 0.003802 0.363920 0.000100
0.012850 0.215292 0.256980 0.145991 0.003810 0.364988 0.000089
0.012812 0.215413 0.256791 0.145778 0.003859 0.365250 0.000097
0.012855 0.215149 0.255982 0.145812 0.003854 0.366253 0.000094
0.012869 0.213659 0.256316 0.145893 0.003841 0.367321 0.000100
0.013023 0.212185 0.256264 0.145837 0.003882 0.368715 0.000095
0.012936 0.211981 0.255716 0.145559 0.003925 0.369783 0.000100
0.013048 0.211467 0.255633 0.145340 0.003912 0.370500 0.000100
0.012988 0.209856 0.255555 0.145248 0.003917 0.372337 0.000100
0.013050 0.209794 0.254993 0.145199 0.003865 0.373003 0.000096
0.013144 0.209879 0.255099 0.144896 0.003904 0.372976 0.000102
0.013071 0.208317 0.254921 0.145097 0.003941 0.374550 0.000104
0.013089 0.207911 0.254573 0.144662 0.003947 0.375720 0.000099
0.013167 0.207100 0.254821 0.144204 0.003907 0.376697 0.000103
0.013293 0.206588 0.254418 0.144710 0.003938 0.376951 0.000102
0.013155 0.206807 0.254311 0.144177 0.003964 0.377481 0.000105
0.013071 0.206216 0.253952 0.144417 0.003948 0.378286 0.000110
0.013243 0.204624 0.253735 0.143804 0.003958 0.380527 0.000110
0.013423 0.204926 0.253680 0.143846 0.003928 0.380087 0.000111
0.013373 0.203207 0.253367 0.143943 0.003955 0.382045 0.000110
0.013224 0.202208 0.252917 0.143964 0.003970 0.383610 0.000106
0.013412 0.202280 0.252788 0.143572 0.003976 0.383860 0.000112
0.013336 0.202331 0.252687 0.143661 0.003934 0.383939 0.000111
0.013280 0.200310 0.252453 0.143351 0.003989 0.386507 0.000110
0.013531 0.199964 0.252088 0.143404 0.004030 0.386880 0.000102
0.013539 0.199246 0.251691 0.143098 0.004014 0.388300 0.000111
0.013525 0.199132 0.251552 0.143133 0.003963 0.388583 0.000112
0.013557 0.198727 0.251448 0.142775 0.003955 0.389435 0.000105
0.013641 0.197118 0.251109 0.142885 0.004042 0.391096 0.000111
0.013628 0.197527 0.251027 0.142454 0.003984 0.391269 0.000111
0.013900 0.197545 0.250611 0.142479 0.004067 0.391281 0.000117
0.013683 0.196638 0.250456 0.142505 0.004066 0.392535 0.000118
0.013942 0.195332 0.249818 0.142173 0.004031 0.394587 0.000116
0.013694 0.194436 0.249935 0.141850 0.004086 0.395889 0.000111
0.013779 0.193870 0.249896 0.141560 0.004068 0.396716 0.000110
0.013899 0.193383 0.249206 0.141799 0.004053 0.397551 0.000110
0.013718 0.193420 0.249148 0.141365 0.004100 0.398131 0.000117
0.013786 0.192468 0.249156 0.141298 0.004121 0.399048 0.000123
0.013882 0.191951 0.248394 0.141358 0.004076 0.400217 0.000122
0.013919 0.190901 0.248175 0.141333 0.004118 0.401434 0.000120
0.014018 0.190568 0.248398 0.141371 0.004078 0.401443 0.000123
0.013829 0.190073 0.248180 0.141342 0.004126 0.402326 0.000124
0.014009 0.190330 0.247390 0.140684 0.004130 0.403330 0.000128
0.014219 0.188821 0.247537 0.140550 0.004140 0.404609 0.000124
0.014135 0.188022 0.247333 0.140526 0.004191 0.405669 0.000125
0.014123 0.187716 0.246632 0.140376 0.004167 0.406852 0.000133
0.014097 0.187821 0.246451 0.140395 0.004123 0.406977 0.000136
0.014303 0.185798 0.246775 0.140119 0.004134 0.408746 0.000126
0.014166 0.186029 0.245982 0.139951 0.004094 0.409661 0.000118
0.014224 0.185438 0.246024 0.139982 0.004149 0.410052 0.000131
0.014364 0.185649 0.245774 0.139680 0.004140 0.410265 0.000127
0.014373 0.184596 0.245607 0.139334 0.004157 0.411805 0.000128
0.014353 0.184599 0.245392 0.139193 0.004165 0.412172 0.000126
0.014400 0.183224 0.244888 0.139249 0.004196 0.413923 0.000122
0.014399 0.183198 0.244911 0.139019 0.004142 0.414203 0.000127
0.014471 0.182467 0.244530 0.138761 0.004137 0.415504 0.000129
0.014433 0.182143 0.244296 0.139055 0.004200 0.415755 0.000118
0.014608 0.180874 0.244587 0.138783 0.004177 0.416840 0.000131
0.014579 0.179667 0.243181 0.138506 0.004234 0.419694 0.000139
0.014701 0.180400 0.243546 0.138455 0.004188 0.418572 0.000138
0.014912 0.180338 0.243313 0.138735 0.004176 0.418396 0.000130
0.014800 0.179170 0.243262 0.138240 0.004189 0.420206 0.000132
0.014648 0.178748 0.242935 0.138130 0.004204 0.421205 0.000129
0.014732 0.178020 0.242640 0.137911 0.004195 0.422372 0.000130
0.014830 0.177124 0.242402 0.137653 0.004222 0.423636 0.000132
0.014886 0.176722 0.242396 0.137669 0.004214 0.423978 0.000135
0.014907 0.176747 0.241662 0.137742 0.004226 0.424586 0.000130
0.014930 0.175309 0.241431 0.137380 0.004304 0.426515 0.000131
0.014989 0.175751 0.241403 0.137227 0.004227 0.426266 0.000137
0.014963 0.175151 0.241221 0.136930 0.004248 0.427348 0.000138
0.015070 0.174284 0.240816 0.136821 0.004242 0.428628 0.000137
0.015085 0.175013 0.240549 0.136583 0.004190 0.428439 0.000141
0.014936 0.173347 0.240460 0.136620 0.004265 0.430233 0.000139
0.015180 0.172538 0.239953 0.136702 0.004280 0.431218 0.000129
0.015163 0.171990 0.239628 0.135929 0.004291 0.432862 0.000137
0.015285 0.172370 0.239647 0.136411 0.004310 0.431842 0.000135
0.015295 0.172273 0.239136 0.135963 0.004242 0.432962 0.000130
0.015253 0.171724 0.238731 0.136063 0.004227 0.433865 0.000137
0.015227 0.171544 0.238678 0.136027 0.004304 0.434082 0.000139
0.015384 0.169919 0.238447 0.135363 0.004257 0.436493 0.000136
0.015555 0.168865 0.238086 0.135524 0.004335 0.437500 0.000135
0.015478 0.169220 0.238145 0.135161 0.004263 0.437599 0.000135
0.015508 0.168630 0.237904 0.135289 0.004332 0.438190 0.000146
0.015456 0.168381 0.237484 0.135060 0.004298 0.439175 0.000145
0.015476 0.168053 0.237315 0.135079 0.004340 0.439591 0.000147
0.015725 0.166904 0.236892 0.134667 0.004333 0.441340 0.000138
0.015729 0.166759 0.236517 0.134874 0.004418 0.441561 0.000142
0.015859 0.166286 0.236312 0.134304 0.004362 0.442742 0.000135
0.015771 0.165806 0.236198 0.134559 0.004382 0.443141 0.000143
0.015746 0.166364 0.236322 0.134103 0.004308 0.443011 0.000147
0.015793 0.164812 0.235725 0.134270 0.004407 0.444847 0.000146
0.015813 0.164622 0.235524 0.134082 0.004394 0.445423 0.000142
0.015821 0.163495 0.235202 0.133909 0.004396 0.447027 0.000149
0.015953 0.164130 0.235032 0.133623 0.004395 0.446727 0.000140
0.015910 0.162876 0.234513 0.133381 0.004344 0.448832 0.000144
0.016034 0.162703 0.234262 0.133286 0.004390 0.449180 0.000144
0.016140 0.161912 0.234017 0.133015 0.004387 0.450387 0.000142
0.016218 0.161730 0.233535 0.133061 0.004411 0.450903 0.000142
0.016083 0.161625 0.233624 0.133124 0.004427 0.450974 0.000143
0.016141 0.161205 0.233265 0.132520 0.004402 0.452322 0.000146
0.016277 0.159858 0.232841 0.132619 0.004397 0.453860 0.000148
0.016086 0.159890 0.232814 0.132492 0.004460 0.454106 0.000153
0.016189 0.159281 0.232397 0.132400 0.004448 0.455143 0.000142
0.016396 0.159856 0.232376 0.132211 0.004513 0.454490 0.000158
0.016126 0.159590 0.232171 0.132008 0.004361 0.455599 0.000145
0.016436 0.157916 0.231457 0.131658 0.004449 0.457943 0.000142
0.016505 0.158226 0.231591 0.131827 0.004460 0.457241 0.000150
0.016430 0.157674 0.231021 0.131485 0.004484 0.458756 0.000149
0.016542 0.157371 0.230560 0.131062 0.004496 0.459812 0.000156
0.016563 0.156413 0.230050 0.131298 0.004519 0.461004 0.000152
0.016741 0.156100 0.230576 0.130724 0.004546 0.461162 0.000151
0.016633 0.155959 0.230003 0.130818 0.004508 0.461931 0.000147
0.016779 0.155738 0.229845 0.130815 0.004549 0.462110 0.000164
0.016601 0.155117 0.229306 0.130360 0.004560 0.463901 0.000155
0.016567 0.154259 0.229239 0.130313 0.004522 0.464945 0.000155
0.016646 0.154227 0.228828 0.130169 0.004551 0.465424 0.000155
0.016677 0.153595 0.228538 0.130001 0.004551 0.466478 0.000160
0.016766 0.152839 0.228192 0.129811 0.004536 0.467717 0.000140
0.016880 0.153482 0.228081 0.129776 0.004508 0.467121 0.000151
0.016689 0.152757 0.227764 0.129401 0.004506 0.468731 0.000152
0.017088 0.152022 0.227030 0.129298 0.004563 0.469842 0.000158
0.017017 0.151666 0.227048 0.129098 0.004531 0.470484 0.000156
0.017165 0.151052 0.226817 0.129036 0.004580 0.471187 0.000162
0.017121 0.151369 0.226696 0.128846 0.004552 0.471256 0.000160
0.017102 0.151285 0.226677 0.128553 0.004574 0.471639 0.000168
0.016978 0.151162 0.226501 0.128589 0.004557 0.472051 0.000161
0.017180 0.149597 0.226089 0.128319 0.004579 0.474080 0.000156
0.017275 0.149473 0.225987 0.128083 0.004605 0.474412 0.000166
0.017381 0.148882 0.225207 0.127693 0.004564 0.476112 0.000161
0.016945 0.149223 0.225538 0.128156 0.004639 0.475328 0.000171
0.017368 0.148337 0.225034 0.127756 0.004629 0.476719 0.000156
0.017264 0.148037 0.224746 0.127394 0.004611 0.477787 0.000162
0.017549 0.147405 0.224274 0.127130 0.004630 0.478859 0.000154
0.017395 0.147583 0.224261 0.127242 0.004624 0.478728 0.000167
0.017435 0.147199 0.224028 0.127016 0.004646 0.479512 0.000164
0.017557 0.146488 0.223807 0.126869 0.004649 0.480470 0.000160
0.017480 0.146793 0.223483 0.126966 0.004588 0.480527 0.000163
0.017584 0.146386 0.223155 0.126938 0.004614 0.481152 0.000170
0.017507 0.145763 0.222851 0.126625 0.004614 0.482472 0.000168
0.017772 0.144741 0.222091 0.126524 0.004606 0.484098 0.000167
0.017708 0.144839 0.222163 0.126534 0.004631 0.483949 0.000176
0.017676 0.144787 0.222101 0.126314 0.004601 0.484350 0.000170
0.017520 0.144890 0.222163 0.126382 0.004646 0.484235 0.000164
0.017702 0.144159 0.221361 0.125808 0.004651 0.486142 0.000177
0.017916 0.143351 0.221140 0.125740 0.004674 0.487014 0.000165
0.017848 0.143261 0.220993 0.125366 0.004677 0.487687 0.000167
0.017942 0.142145 0.220279 0.125045 0.004682 0.489741 0.000166
0.017970 0.141893 0.220146 0.125100 0.004667 0.490049 0.000175
