0.999123 0.000844 0.000018 0.000014 0.000000 0.000000 0.000000
0.998697 0.001259 0.000024 0.000003 0.000000 0.000018 0.000000
0.998254 0.001686 0.000035 0.000006 0.000000 0.000018 0.000000
0.997813 0.002122 0.000040 0.000007 0.000000 0.000018 0.000000
0.997286 0.002632 0.000049 0.000014 0.000000 0.000018 0.000000
0.996802 0.003112 0.000053 0.000015 0.000000 0.000018 0.000000
0.996171 0.003728 0.000061 0.000023 0.000000 0.000017 0.000000
0.995553 0.004337 0.000067 0.000027 0.000000 0.000016 0.000000
0.994829 0.005055 0.000069 0.000032 0.000000 0.000015 0.000000
0.993815 0.006056 0.000074 0.000041 0.000000 0.000015 0.000000
0.992546 0.007295 0.000095 0.000050 0.000000 0.000013 0.000000
0.991286 0.008537 0.000109 0.000056 0.000000 0.000012 0.000000
0.988931 0.010850 0.000130 0.000078 0.000000 0.000011 0.000000
0.986434 0.013284 0.000175 0.000094 0.000000 0.000012 0.000000
0.984950 0.014755 0.000175 0.000106 0.000000 0.000014 0.000000
0.981328 0.018303 0.000221 0.000134 0.000000 0.000014 0.000000
0.978080 0.021472 0.000274 0.000161 0.000000 0.000013 0.000000
0.973221 0.026233 0.000339 0.000196 0.000000 0.000012 0.000000
0.969293 0.030072 0.000406 0.000217 0.000000 0.000012 0.000000
0.961798 0.037384 0.000526 0.000277 0.000000 0.000015 0.000000
0.955995 0.043053 0.000625 0.000307 0.000000 0.000020 0.000000
0.948430 0.050463 0.000727 0.000364 0.000000 0.000016 0.000000
0.939927 0.058757 0.000865 0.000432 0.000000 0.000019 0.000000
0.930388 0.068085 0.001007 0.000494 0.000000 0.000025 0.000000
0.920728 0.077486 0.001175 0.000583 0.000000 0.000028 0.000000
0.909075 0.088875 0.001342 0.000676 0.000000 0.000032 0.000000
0.896076 0.101508 0.001555 0.000830 0.000000 0.000031 0.000000
0.882796 0.114364 0.001805 0.000998 0.000000 0.000038 0.000000
0.872290 0.124586 0.001977 0.001098 0.000000 0.000049 0.000000
0.857042 0.139404 0.002247 0.001248 0.000000 0.000058 0.000000
0.839430 0.156513 0.002589 0.001399 0.000000 0.000069 0.000000
0.827050 0.168505 0.002837 0.001537 0.000000 0.000071 0.000000
0.810669 0.184274 0.003221 0.001744 0.000000 0.000092 0.000000
0.795022 0.199333 0.003571 0.001963 0.000003 0.000108 0.000000
0.780145 0.213661 0.003933 0.002143 0.000002 0.000116 0.000000
0.763883 0.229199 0.004372 0.002408 0.000002 0.000136 0.000000
0.745462 0.246828 0.004861 0.002693 0.000002 0.000155 0.000000
0.730005 0.261515 0.005324 0.002978 0.000002 0.000176 0.000000
0.714687 0.276138 0.005750 0.003232 0.000002 0.000191 0.000000
0.700250 0.289863 0.006183 0.003497 0.000002 0.000206 0.000000
0.683856 0.305464 0.006699 0.003760 0.000001 0.000220 0.000000
0.669390 0.319147 0.007162 0.004068 0.000001 0.000232 0.000000
0.655671 0.332002 0.007697 0.004376 0.000002 0.000252 0.000000
0.639601 0.347089 0.008278 0.004748 0.000002 0.000282 0.000000
0.622276 0.363344 0.008918 0.005150 0.000002 0.000310 0.000000
0.609370 0.375311 0.009491 0.005497 0.000003 0.000329 0.000000
0.594983 0.388701 0.010132 0.005808 0.000004 0.000372 0.000000
0.579706 0.402855 0.010833 0.006196 0.000004 0.000406 0.000000
0.567053 0.414502 0.011409 0.006588 0.000004 0.000444 0.000000
0.553061 0.427430 0.012089 0.006927 0.000004 0.000489 0.000000
0.539055 0.440349 0.012758 0.007314 0.000004 0.000520 0.000000
0.526268 0.452011 0.013451 0.007706 0.000005 0.000559 0.000000
0.513297 0.463694 0.014254 0.008141 0.000004 0.000611 0.000000
0.498239 0.477303 0.015146 0.008642 0.000005 0.000664 0.000000
0.485173 0.489043 0.015936 0.009104 0.000008 0.000737 0.000000
0.473257 0.499597 0.016800 0.009552 0.000009 0.000784 0.000000
0.464087 0.507560 0.017590 0.009922 0.000010 0.000830 0.000000
0.453435 0.516784 0.018461 0.010423 0.000011 0.000886 0.000000
0.443440 0.525333 0.019377 0.010896 0.000011 0.000944 0.000000
0.434568 0.532873 0.020154 0.011383 0.000011 0.001012 0.000000
0.424567 0.541242 0.021143 0.011949 0.000012 0.001086 0.000000
0.414455 0.549986 0.021977 0.012418 0.000014 0.001151 0.000000
0.407735 0.555216 0.022814 0.012989 0.000012 0.001233 0.000000
0.398852 0.562609 0.023744 0.013478 0.000015 0.001303 0.000000
0.393606 0.566424 0.024567 0.014000 0.000015 0.001387 0.000000
0.387949 0.570755 0.025382 0.014437 0.000019 0.001459 0.000000
0.379692 0.577142 0.026494 0.015081 0.000021 0.001569 0.000000
0.375326 0.580437 0.027108 0.015473 0.000023 0.001634 0.000000
0.366326 0.587480 0.028261 0.016158 0.000023 0.001752 0.000000
0.365063 0.587741 0.028874 0.016488 0.000024 0.001811 0.000000
0.355471 0.595113 0.030206 0.017241 0.000024 0.001945 0.000000
0.356434 0.593493 0.030628 0.017393 0.000027 0.002025 0.000000
0.349549 0.598444 0.031744 0.018062 0.000029 0.002172 0.000000
0.346845 0.599913 0.032471 0.018460 0.000030 0.002280 0.000000
0.344362 0.600950 0.033349 0.018916 0.000030 0.002393 0.000000
0.337626 0.606000 0.034336 0.019497 0.000031 0.002510 0.000000
0.336261 0.606271 0.034999 0.019827 0.000031 0.002611 0.000000
0.331400 0.609585 0.035927 0.020337 0.000036 0.002714 0.000000
0.327276 0.612320 0.036753 0.020779 0.000037 0.002836 0.000000
0.325616 0.612198 0.037784 0.021382 0.000036 0.002983 0.000000
0.327312 0.609928 0.038120 0.021567 0.000039 0.003034 0.000000
0.315835 0.618758 0.039710 0.022438 0.000041 0.003218 0.000000
0.311493 0.621314 0.040748 0.023032 0.000042 0.003370 0.000000
0.304812 0.625421 0.042191 0.023924 0.000047 0.003605 0.000000
0.301516 0.628065 0.042560 0.024163 0.000046 0.003650 0.000000
0.297417 0.629963 0.043837 0.024907 0.000042 0.003835 0.000000
0.291148 0.634407 0.044897 0.025466 0.000049 0.004035 0.000000
0.289704 0.635062 0.045296 0.025772 0.000051 0.004115 0.000000
0.280201 0.642098 0.046884 0.026445 0.000049 0.004323 0.000000
0.269131 0.650175 0.048538 0.027513 0.000055 0.004588 0.000000
0.258067 0.658161 0.050318 0.028524 0.000057 0.004874 0.000000
0.252874 0.661205 0.051539 0.029277 0.000064 0.005040 0.000000
0.250503 0.662861 0.051913 0.029514 0.000059 0.005148 0.000000
0.239402 0.670338 0.054015 0.030756 0.000061 0.005427 0.000000
0.233113 0.674073 0.055508 0.031557 0.000062 0.005687 0.000000
0.224731 0.679065 0.057392 0.032702 0.000063 0.006047 0.000000
0.222421 0.679555 0.058603 0.033145 0.000066 0.006209 0.000000
0.217602 0.682846 0.059341 0.033766 0.000069 0.006376 0.000000
0.208559 0.687840 0.061696 0.035065 0.000073 0.006767 0.000000
0.201533 0.691962 0.063389 0.035984 0.000075 0.007057 0.000000
0.196040 0.695143 0.064716 0.036726 0.000084 0.007290 0.000000
0.191056 0.696648 0.066737 0.037862 0.000081 0.007615 0.000000
0.184078 0.700283 0.068794 0.038756 0.000088 0.008000 0.000000
0.175116 0.704876 0.071199 0.040273 0.000092 0.008443 0.000000
0.177441 0.701337 0.071843 0.040545 0.000098 0.008736 0.000000
0.166097 0.708667 0.074162 0.041802 0.000105 0.009168 0.000000
0.167409 0.706898 0.074299 0.042037 0.000106 0.009252 0.000000
0.164385 0.705932 0.076627 0.043232 0.000118 0.009706 0.000000
0.157266 0.710097 0.078347 0.044137 0.000122 0.010030 0.000000
0.156705 0.708253 0.079739 0.044795 0.000120 0.010387 0.000000
0.149455 0.710183 0.082618 0.046601 0.000123 0.011021 0.000000
0.144884 0.713451 0.083308 0.047004 0.000128 0.011224 0.000000
0.141995 0.714267 0.084423 0.047652 0.000133 0.011529 0.000001
0.138894 0.713294 0.086630 0.048981 0.000135 0.012064 0.000001
0.135385 0.715313 0.087426 0.049443 0.000140 0.012293 0.000001
0.126992 0.717784 0.090701 0.051319 0.000142 0.013062 0.000001
0.118211 0.721924 0.093257 0.052764 0.000146 0.013697 0.000001
0.114852 0.721275 0.095434 0.053972 0.000160 0.014306 0.000000
0.113038 0.721146 0.096438 0.054561 0.000160 0.014655 0.000001
0.113063 0.719259 0.097479 0.055085 0.000167 0.014946 0.000001
0.102942 0.723649 0.100724 0.056909 0.000173 0.015602 0.000001
0.097909 0.725156 0.102552 0.058064 0.000175 0.016143 0.000001
0.093709 0.725938 0.104464 0.058985 0.000184 0.016719 0.000001
0.092158 0.725001 0.105692 0.059831 0.000193 0.017124 0.000001
0.087031 0.725114 0.108443 0.061254 0.000188 0.017969 0.000001
0.083993 0.725731 0.109851 0.061915 0.000203 0.018307 0.000001
0.084020 0.723295 0.111024 0.062773 0.000205 0.018681 0.000001
0.080605 0.721309 0.113805 0.064430 0.000204 0.019647 0.000000
0.082140 0.718682 0.114365 0.064705 0.000210 0.019898 0.000001
0.078487 0.718182 0.116660 0.065880 0.000220 0.020571 0.000001
0.081550 0.712629 0.117915 0.066430 0.000235 0.021242 0.000000
0.079245 0.710669 0.120039 0.067919 0.000236 0.021892 0.000001
0.075180 0.712213 0.121431 0.068584 0.000255 0.022337 0.000001
0.076688 0.707153 0.123328 0.069561 0.000261 0.023008 0.000001
0.075971 0.705966 0.124086 0.070161 0.000267 0.023547 0.000001
0.077887 0.702506 0.124864 0.070458 0.000269 0.024017 0.000000
0.079441 0.699431 0.125646 0.070904 0.000274 0.024302 0.000001
0.076629 0.697542 0.128117 0.072256 0.000284 0.025172 0.000000
0.075107 0.696155 0.129557 0.073063 0.000291 0.025826 0.000001
0.073473 0.694788 0.130845 0.074042 0.000300 0.026552 0.000001
0.070537 0.695240 0.132349 0.074604 0.000312 0.026958 0.000001
0.075221 0.689449 0.132693 0.074952 0.000312 0.027371 0.000001
0.073623 0.688689 0.133909 0.075514 0.000311 0.027953 0.000001
0.070172 0.688900 0.135598 0.076423 0.000319 0.028586 0.000001
0.070111 0.685421 0.137243 0.077576 0.000350 0.029297 0.000001
0.071028 0.684144 0.137331 0.077583 0.000349 0.029564 0.000001
0.074285 0.678324 0.138374 0.078384 0.000353 0.030279 0.000001
0.071093 0.678216 0.140276 0.079226 0.000353 0.030835 0.000001
0.063660 0.680052 0.143154 0.080812 0.000358 0.031965 0.000001
0.065104 0.676351 0.144161 0.081404 0.000373 0.032606 0.000001
0.067334 0.671635 0.145409 0.082097 0.000364 0.033160 0.000001
0.070233 0.668007 0.145352 0.082266 0.000390 0.033752 0.000001
0.064580 0.669221 0.147856 0.083395 0.000406 0.034541 0.000001
0.070974 0.664874 0.146505 0.082766 0.000389 0.034491 0.000001
0.066482 0.665826 0.148287 0.083827 0.000413 0.035165 0.000001
0.062274 0.663406 0.151753 0.085592 0.000417 0.036557 0.000001
0.064276 0.661590 0.151680 0.085269 0.000426 0.036758 0.000000
0.059655 0.663221 0.153039 0.086257 0.000432 0.037396 0.000001
0.059430 0.659910 0.154660 0.087150 0.000448 0.038402 0.000001
0.054615 0.659801 0.157161 0.088587 0.000454 0.039380 0.000001
0.056501 0.657141 0.157459 0.088696 0.000477 0.039725 0.000001
0.064036 0.648027 0.157970 0.089011 0.000475 0.040480 0.000001
0.068393 0.644704 0.157206 0.088628 0.000476 0.040592 0.000001
0.070706 0.639923 0.158364 0.089261 0.000491 0.041255 0.000001
0.076246 0.636308 0.157097 0.088665 0.000499 0.041186 0.000001
0.073405 0.634576 0.159489 0.089830 0.000506 0.042192 0.000001
0.078537 0.629766 0.159065 0.089553 0.000511 0.042567 0.000001
0.075296 0.629337 0.160515 0.090772 0.000501 0.043579 0.000000
0.071901 0.629277 0.162043 0.091802 0.000522 0.044454 0.000001
0.069053 0.629052 0.163701 0.092549 0.000523 0.045121 0.000001
0.071494 0.626846 0.163543 0.092301 0.000537 0.045279 0.000001
0.070340 0.625523 0.164725 0.092822 0.000526 0.046063 0.000001
0.070664 0.623345 0.165248 0.093272 0.000538 0.046932 0.000001
0.065451 0.623958 0.167602 0.094572 0.000552 0.047864 0.000001
0.068136 0.620991 0.167378 0.094515 0.000567 0.048411 0.000001
0.064544 0.621183 0.169094 0.095246 0.000581 0.049353 0.000001
0.065216 0.619279 0.169491 0.095773 0.000591 0.049650 0.000001
0.065609 0.615815 0.170924 0.096429 0.000599 0.050623 0.000001
0.064667 0.612715 0.172881 0.097298 0.000591 0.051847 0.000001
0.062173 0.615032 0.172830 0.097412 0.000611 0.051941 0.000001
0.059204 0.614619 0.174133 0.098510 0.000615 0.052917 0.000001
0.058395 0.611820 0.175918 0.099358 0.000628 0.053879 0.000001
0.057830 0.611327 0.176209 0.099596 0.000625 0.054411 0.000000
0.051272 0.611501 0.179389 0.101237 0.000672 0.055928 0.000001
0.054403 0.607446 0.179518 0.101257 0.000660 0.056714 0.000001
0.047777 0.608587 0.182236 0.102824 0.000686 0.057889 0.000001
0.046954 0.608335 0.182777 0.103053 0.000672 0.058208 0.000001
0.046406 0.606888 0.183468 0.103407 0.000692 0.059138 0.000001
0.046173 0.606201 0.183790 0.103787 0.000708 0.059340 0.000001
0.044100 0.603203 0.185898 0.105061 0.000711 0.061026 0.000001
0.042165 0.601667 0.187495 0.105981 0.000707 0.061984 0.000001
0.040525 0.600623 0.188382 0.106734 0.000743 0.062992 0.000001
0.037225 0.600580 0.190298 0.107477 0.000745 0.063675 0.000001
0.037351 0.599282 0.190691 0.107798 0.000762 0.064115 0.000001
0.035671 0.597812 0.191986 0.108708 0.000783 0.065040 0.000001
0.034259 0.596254 0.193345 0.109309 0.000768 0.066064 0.000001
0.031518 0.593136 0.196095 0.110991 0.000778 0.067481 0.000001
0.031597 0.591640 0.196745 0.111014 0.000791 0.068212 0.000001
0.030325 0.589459 0.197967 0.112021 0.000804 0.069424 0.000001
0.028892 0.586694 0.199666 0.113138 0.000828 0.070781 0.000000
0.027902 0.585490 0.200582 0.113364 0.000833 0.071829 0.000000
0.027785 0.584201 0.201144 0.113657 0.000826 0.072388 0.000000
0.027848 0.582655 0.201792 0.114028 0.000837 0.072838 0.000001
0.027365 0.580057 0.202805 0.114704 0.000861 0.074207 0.000001
0.026457 0.577545 0.204194 0.115642 0.000871 0.075287 0.000003
0.025376 0.574483 0.206156 0.116463 0.000876 0.076644 0.000002
0.025336 0.573435 0.206289 0.116843 0.000882 0.077212 0.000003
0.023589 0.570033 0.208791 0.117917 0.000872 0.078796 0.000003
0.024192 0.568775 0.208597 0.118267 0.000918 0.079248 0.000002
0.023516 0.566903 0.209828 0.118601 0.000924 0.080224 0.000003
0.023645 0.567075 0.209695 0.118392 0.000919 0.080271 0.000002
0.022589 0.561070 0.212735 0.120109 0.000949 0.082544 0.000003
0.022609 0.561445 0.212028 0.120110 0.000961 0.082844 0.000002
0.022428 0.558745 0.213333 0.120559 0.000937 0.083996 0.000002
0.022348 0.557156 0.213883 0.120942 0.000987 0.084681 0.000003
0.022402 0.556861 0.213799 0.121104 0.000999 0.084830 0.000005
0.021299 0.552515 0.216271 0.121965 0.001007 0.086937 0.000005
0.021537 0.551571 0.216464 0.122116 0.001007 0.087303 0.000003
0.020855 0.546936 0.218637 0.123206 0.001046 0.089315 0.000005
0.020930 0.545822 0.219053 0.123433 0.001049 0.089711 0.000004
0.021070 0.544575 0.219248 0.123790 0.001049 0.090264 0.000004
0.020471 0.542185 0.220515 0.124335 0.001054 0.091434 0.000006
0.029285 0.536391 0.218726 0.123156 0.001073 0.091364 0.000005
0.029498 0.535453 0.218898 0.123606 0.001063 0.091479 0.000004
0.027883 0.533144 0.220431 0.124457 0.001089 0.092993 0.000004
0.031103 0.528621 0.220563 0.124657 0.001103 0.093947 0.000006
0.032239 0.526988 0.220571 0.124555 0.001120 0.094523 0.000004
0.033389 0.523598 0.221362 0.124988 0.001119 0.095539 0.000004
0.032526 0.524315 0.221158 0.124954 0.001122 0.095921 0.000004
0.031647 0.521622 0.222623 0.125730 0.001153 0.097221 0.000005
0.031043 0.520554 0.223102 0.126003 0.001170 0.098126 0.000004
0.032401 0.517906 0.223493 0.126096 0.001175 0.098925 0.000005
0.031122 0.517463 0.223993 0.126692 0.001155 0.099570 0.000004
0.028133 0.516388 0.225621 0.127645 0.001171 0.101037 0.000004
0.029088 0.514406 0.225963 0.127504 0.001205 0.101830 0.000005
0.028164 0.513865 0.226240 0.127805 0.001228 0.102694 0.000004
0.026930 0.510103 0.228012 0.128821 0.001233 0.104895 0.000006
0.027861 0.509423 0.227679 0.128752 0.001216 0.105066 0.000004
0.027271 0.509154 0.227865 0.128935 0.001224 0.105545 0.000006
0.024585 0.506993 0.229750 0.129921 0.001238 0.107508 0.000005
0.024753 0.505622 0.230034 0.130044 0.001263 0.108276 0.000008
0.024796 0.504336 0.230280 0.130163 0.001284 0.109133 0.000008
0.024646 0.504523 0.229985 0.130273 0.001270 0.109296 0.000007
0.023095 0.500108 0.232417 0.131514 0.001310 0.111549 0.000007
0.023200 0.501054 0.231977 0.131272 0.001283 0.111207 0.000008
0.022048 0.499163 0.232925 0.132011 0.001287 0.112558 0.000008
0.021353 0.496408 0.234131 0.132567 0.001299 0.114235 0.000007
0.020883 0.493094 0.235560 0.133348 0.001331 0.115775 0.000010
0.019972 0.492990 0.235926 0.133453 0.001319 0.116333 0.000006
0.020109 0.490287 0.236629 0.133829 0.001339 0.117797 0.000010
0.019415 0.488778 0.237513 0.134110 0.001380 0.118794 0.000010
0.018811 0.485836 0.238643 0.134771 0.001365 0.120566 0.000008
0.018805 0.485971 0.238404 0.134737 0.001381 0.120693 0.000009
0.018519 0.482806 0.239518 0.135195 0.001405 0.122549 0.000008
0.018728 0.481964 0.239664 0.135264 0.001404 0.122967 0.000008
0.018158 0.479330 0.240871 0.135966 0.001420 0.124246 0.000008
0.018016 0.478871 0.241226 0.136180 0.001442 0.124255 0.000009
0.018521 0.477281 0.240983 0.136209 0.001457 0.125539 0.000010
0.017747 0.473772 0.242720 0.136819 0.001436 0.127496 0.000010
0.017364 0.472422 0.243216 0.137311 0.001478 0.128202 0.000008
0.018280 0.470104 0.243239 0.137523 0.001502 0.129344 0.000008
0.017535 0.470422 0.243534 0.137671 0.001499 0.129328 0.000011
0.017005 0.467823 0.244429 0.138131 0.001504 0.131096 0.000011
0.016965 0.465378 0.245042 0.138518 0.001534 0.132552 0.000011
0.017215 0.462594 0.245637 0.138854 0.001565 0.134123 0.000011
0.017210 0.461015 0.246315 0.139228 0.001574 0.134644 0.000014
0.017266 0.461377 0.245824 0.139136 0.001556 0.134829 0.000011
0.016655 0.457399 0.247536 0.139900 0.001556 0.136941 0.000013
0.016759 0.457850 0.247273 0.139857 0.001584 0.136665 0.000013
0.016893 0.453781 0.248285 0.140242 0.001627 0.139159 0.000014
0.016409 0.453163 0.248756 0.140395 0.001595 0.139669 0.000013
0.016524 0.451693 0.248881 0.140922 0.001607 0.140357 0.000015
0.016561 0.449354 0.249466 0.140952 0.001624 0.142030 0.000014
0.016447 0.449103 0.249462 0.141158 0.001651 0.142164 0.000015
0.016289 0.446502 0.250398 0.141585 0.001639 0.143572 0.000014
0.016547 0.444087 0.250641 0.141958 0.001661 0.145092 0.000014
0.016299 0.442730 0.251113 0.141887 0.001685 0.146273 0.000013
0.016333 0.441909 0.251159 0.141937 0.001677 0.146972 0.000013
0.016376 0.440671 0.251073 0.142565 0.001693 0.147607 0.000015
0.016152 0.439804 0.251803 0.142363 0.001683 0.148179 0.000017
0.016263 0.437752 0.252042 0.142825 0.001700 0.149404 0.000014
0.016217 0.435488 0.252610 0.143037 0.001690 0.150942 0.000017
0.016105 0.432838 0.253452 0.143205 0.001700 0.152683 0.000017
0.016181 0.431237 0.253929 0.143562 0.001743 0.153333 0.000015
0.015887 0.430748 0.254253 0.143487 0.001704 0.153904 0.000016
0.015968 0.428276 0.254669 0.143924 0.001762 0.155384 0.000017
0.016058 0.427757 0.254449 0.144008 0.001738 0.155971 0.000018
0.016032 0.426383 0.254721 0.144182 0.001792 0.156874 0.000016
0.015587 0.422838 0.255846 0.145036 0.001792 0.158880 0.000020
0.015943 0.422643 0.255779 0.144652 0.001770 0.159193 0.000020
0.015664 0.420948 0.256119 0.145187 0.001819 0.160247 0.000016
0.015827 0.419579 0.256394 0.144938 0.001830 0.161415 0.000017
0.015545 0.416655 0.257301 0.145508 0.001849 0.163121 0.000020
0.015815 0.416060 0.257189 0.145541 0.001828 0.163549 0.000019
0.015680 0.414800 0.257426 0.145613 0.001867 0.164596 0.000018
0.015825 0.412680 0.257760 0.145576 0.001878 0.166263 0.000018
0.015910 0.411219 0.257982 0.146025 0.001883 0.166962 0.000019
0.015490 0.410173 0.258167 0.146291 0.001905 0.167954 0.000021
0.015745 0.409221 0.258383 0.146109 0.001890 0.168631 0.000021
0.015603 0.408003 0.258871 0.146186 0.001919 0.169399 0.000019
0.015503 0.405288 0.259419 0.146732 0.001923 0.171109 0.000026
0.015588 0.405905 0.258833 0.146695 0.001923 0.171033 0.000024
0.015629 0.402447 0.259717 0.146995 0.001930 0.173259 0.000024
0.015637 0.403172 0.259088 0.146607 0.001977 0.173494 0.000024
0.015678 0.399190 0.259947 0.147430 0.002011 0.175719 0.000025
0.015701 0.397896 0.260492 0.147371 0.001975 0.176539 0.000027
0.015604 0.399188 0.259928 0.147213 0.001982 0.176061 0.000024
0.015464 0.395083 0.260915 0.147676 0.002041 0.178795 0.000026
0.015485 0.394096 0.260965 0.147773 0.001990 0.179668 0.000023
0.015344 0.393363 0.261381 0.147744 0.002013 0.180130 0.000026
0.015478 0.391146 0.261630 0.148000 0.002050 0.181672 0.000024
0.015494 0.389779 0.261635 0.148662 0.002054 0.182347 0.000030
0.015227 0.387361 0.262410 0.148483 0.002055 0.184442 0.000023
0.015685 0.387133 0.262096 0.148447 0.002060 0.184553 0.000025
0.015685 0.385248 0.262455 0.148618 0.002062 0.185908 0.000025
0.015406 0.383308 0.263051 0.148833 0.002074 0.187301 0.000027
0.015280 0.383415 0.262821 0.148821 0.002100 0.187538 0.000025
0.017330 0.380216 0.262681 0.148872 0.002109 0.188764 0.000028
0.031700 0.375320 0.258320 0.146184 0.002068 0.186380 0.000028
0.028381 0.374187 0.259535 0.146763 0.002076 0.189033 0.000024
0.027041 0.373326 0.259775 0.147273 0.002089 0.190468 0.000028
0.027393 0.372519 0.259993 0.147252 0.002090 0.190726 0.000027
0.028885 0.371357 0.259303 0.147106 0.002151 0.191170 0.000027
0.029117 0.371224 0.259017 0.146837 0.002120 0.191658 0.000027
0.029887 0.368121 0.259360 0.146997 0.002124 0.193484 0.000028
0.027569 0.368080 0.260122 0.147406 0.002122 0.194672 0.000029
0.028846 0.367002 0.259615 0.147051 0.002149 0.195304 0.000033
0.028107 0.368088 0.259251 0.146994 0.002164 0.195366 0.000030
0.027633 0.367094 0.259142 0.147251 0.002163 0.196684 0.000034
0.028328 0.366036 0.258774 0.146859 0.002177 0.197792 0.000033
0.024138 0.365807 0.260530 0.147892 0.002217 0.199381 0.000034
0.024708 0.363924 0.260621 0.147805 0.002203 0.200703 0.000036
0.024739 0.364553 0.260283 0.147539 0.002220 0.200633 0.000031
0.024775 0.361875 0.260467 0.147402 0.002222 0.203230 0.000030
0.021462 0.360838 0.262303 0.148393 0.002254 0.204719 0.000030
0.025531 0.357673 0.261577 0.147926 0.002225 0.205032 0.000034
0.032362 0.354920 0.259116 0.146752 0.002230 0.204587 0.000033
0.035206 0.354319 0.257719 0.146416 0.002252 0.204052 0.000036
0.032509 0.354604 0.258452 0.146595 0.002257 0.205554 0.000030
0.033038 0.353149 0.258557 0.146558 0.002277 0.206390 0.000032
0.029736 0.351339 0.260261 0.147343 0.002302 0.208987 0.000032
0.033735 0.352848 0.257751 0.146307 0.002248 0.207081 0.000030
0.035654 0.350890 0.257549 0.145646 0.002322 0.207902 0.000037
0.028656 0.349392 0.260386 0.147324 0.002328 0.211882 0.000032
0.030650 0.350816 0.258599 0.146613 0.002302 0.210989 0.000031
0.030454 0.349032 0.258897 0.146743 0.002316 0.212526 0.000032
0.027948 0.349263 0.259623 0.147111 0.002321 0.213697 0.000037
0.026760 0.346967 0.260556 0.147441 0.002351 0.215886 0.000039
0.025802 0.346298 0.260971 0.147572 0.002387 0.216929 0.000041
0.025369 0.345343 0.260997 0.147899 0.002394 0.217960 0.000038
0.026257 0.345048 0.260701 0.147549 0.002364 0.218045 0.000035
0.024285 0.344089 0.260759 0.148109 0.002391 0.220330 0.000037
0.023273 0.342653 0.261862 0.148328 0.002431 0.221419 0.000034
0.023010 0.341992 0.261770 0.148088 0.002416 0.222690 0.000033
0.022467 0.339897 0.262376 0.148493 0.002453 0.224280 0.000033
0.022502 0.340746 0.261614 0.148444 0.002444 0.224217 0.000034
0.021105 0.339405 0.262532 0.148445 0.002468 0.226008 0.000038
0.020129 0.337035 0.263275 0.148969 0.002443 0.228113 0.000037
0.019214 0.335977 0.264165 0.149167 0.002530 0.228906 0.000041
0.019884 0.336219 0.263054 0.149127 0.002492 0.229189 0.000036
0.019247 0.334550 0.263679 0.149228 0.002496 0.230761 0.000039
0.017881 0.331204 0.265189 0.150169 0.002549 0.232968 0.000040
0.019574 0.332264 0.263499 0.149186 0.002533 0.232900 0.000044
0.018980 0.329776 0.264294 0.149572 0.002554 0.234787 0.000038
0.018116 0.329539 0.264662 0.149921 0.002509 0.235212 0.000040
0.018551 0.327080 0.264916 0.149910 0.002576 0.236924 0.000042
0.029168 0.324536 0.261274 0.147801 0.002496 0.234680 0.000045
0.033224 0.322197 0.259831 0.147100 0.002533 0.235071 0.000044
0.032747 0.320280 0.260516 0.147536 0.002552 0.236320 0.000048
0.029015 0.320760 0.261700 0.148054 0.002532 0.237895 0.000044
0.031862 0.319153 0.260341 0.147205 0.002592 0.238799 0.000049
0.033751 0.317884 0.259821 0.147099 0.002569 0.238832 0.000044
0.031229 0.319508 0.260101 0.147255 0.002581 0.239276 0.000050
0.028647 0.317829 0.261197 0.147812 0.002610 0.241858 0.000047
0.029015 0.316339 0.260881 0.148046 0.002609 0.243064 0.000046
0.026835 0.316650 0.261192 0.148045 0.002609 0.244625 0.000044
0.025711 0.313892 0.262295 0.148617 0.002612 0.246831 0.000042
0.026824 0.314683 0.261639 0.148010 0.002677 0.246116 0.000050
0.025284 0.313439 0.261796 0.148405 0.002663 0.248366 0.000047
0.023203 0.311145 0.262915 0.149266 0.002694 0.250728 0.000049
0.025044 0.312521 0.261703 0.148243 0.002648 0.249794 0.000047
0.024373 0.312815 0.261529 0.148268 0.002718 0.250248 0.000048
0.024385 0.310348 0.261814 0.148410 0.002691 0.252305 0.000048
0.023861 0.311319 0.261114 0.147992 0.002702 0.252962 0.000050
0.020069 0.306850 0.263853 0.149905 0.002755 0.256520 0.000049
0.021398 0.308790 0.261976 0.148815 0.002730 0.256240 0.000053
0.019699 0.305706 0.263673 0.149748 0.002769 0.258349 0.000056
0.020252 0.307682 0.262619 0.149040 0.002748 0.257609 0.000050
0.019413 0.304136 0.263967 0.149595 0.002784 0.260056 0.000049
0.018181 0.300770 0.264736 0.150332 0.002775 0.263156 0.000050
0.018754 0.303380 0.263523 0.149535 0.002821 0.261941 0.000046
0.018440 0.300973 0.264163 0.150192 0.002837 0.263350 0.000045
0.018136 0.299839 0.264231 0.149773 0.002828 0.265142 0.000051
0.017722 0.298745 0.264239 0.149843 0.002846 0.266557 0.000049
0.018117 0.297660 0.263947 0.149964 0.002843 0.267416 0.000053
0.017375 0.295378 0.264891 0.150488 0.002857 0.268954 0.000056
0.017103 0.293724 0.265247 0.150871 0.002896 0.270103 0.000058
0.017784 0.292665 0.264640 0.150476 0.002915 0.271465 0.000055
0.017363 0.293058 0.265080 0.150372 0.002910 0.271164 0.000054
0.017182 0.290902 0.264981 0.150820 0.002934 0.273125 0.000056
0.017347 0.291363 0.264635 0.150305 0.002940 0.273355 0.000055
0.016827 0.288898 0.265098 0.150811 0.002929 0.275377 0.000059
0.016705 0.285671 0.265852 0.150826 0.003003 0.277886 0.000058
0.016953 0.286666 0.265142 0.150304 0.002974 0.277902 0.000058
0.017249 0.286223 0.264919 0.150406 0.002944 0.278206 0.000054
0.016737 0.284628 0.265372 0.150512 0.002971 0.279717 0.000061
0.016473 0.282776 0.265421 0.150520 0.003045 0.281707 0.000058
0.016361 0.280376 0.266078 0.151005 0.002967 0.283152 0.000061
0.016445 0.281403 0.265310 0.150873 0.003052 0.282857 0.000061
0.016600 0.280124 0.265422 0.150719 0.003040 0.284036 0.000060
0.016549 0.278899 0.265012 0.150428 0.003064 0.285989 0.000059
0.016458 0.276370 0.265706 0.150465 0.003088 0.287851 0.000062
0.016550 0.277778 0.264906 0.150375 0.003122 0.287204 0.000066
0.016692 0.276123 0.264834 0.150317 0.003099 0.288873 0.000061
0.016721 0.275762 0.264586 0.150346 0.003104 0.289420 0.000060
0.016819 0.275752 0.264354 0.150163 0.003103 0.289748 0.000061
0.016070 0.271325 0.265969 0.150658 0.003145 0.292770 0.000064
0.016386 0.271255 0.265374 0.150352 0.003104 0.293468 0.000061
0.016321 0.271076 0.264838 0.150675 0.003184 0.293845 0.000060
0.016476 0.270526 0.264487 0.150445 0.003109 0.294893 0.000064
0.016591 0.270939 0.264462 0.150193 0.003153 0.294595 0.000067
0.016722 0.267911 0.264745 0.150393 0.003166 0.296998 0.000065
0.016558 0.268623 0.264343 0.150402 0.003193 0.296813 0.000067
0.016109 0.265279 0.265227 0.150555 0.003255 0.299505 0.000069
0.016427 0.264153 0.264655 0.150458 0.003194 0.301050 0.000063
0.016463 0.265494 0.264324 0.149895 0.003198 0.300561 0.000065
0.016674 0.265528 0.263832 0.150118 0.003240 0.300541 0.000068
0.016580 0.262488 0.264263 0.150194 0.003224 0.303177 0.000074
0.016683 0.262933 0.263932 0.149920 0.003259 0.303200 0.000073
0.016437 0.260022 0.264376 0.150020 0.003209 0.305866 0.000069
0.016644 0.259143 0.264206 0.149959 0.003276 0.306700 0.000072
0.016237 0.258131 0.264045 0.150076 0.003323 0.308121 0.000068
0.016458 0.256920 0.263962 0.150048 0.003291 0.309241 0.000080
0.016843 0.258111 0.263034 0.149619 0.003293 0.309021 0.000079
0.016433 0.259073 0.262753 0.149334 0.003248 0.309086 0.000074
0.016566 0.255208 0.263241 0.149417 0.003318 0.312181 0.000069
0.016783 0.256458 0.262522 0.148947 0.003303 0.311920 0.000067
0.016474 0.254044 0.263324 0.149440 0.003328 0.313316 0.000073
0.016295 0.253765 0.263031 0.149458 0.003346 0.314028 0.000077
0.016459 0.252656 0.262523 0.149169 0.003411 0.315705 0.000077
0.016635 0.250727 0.262930 0.149268 0.003369 0.316991 0.000079
0.016603 0.249838 0.263033 0.149373 0.003404 0.317661 0.000088
0.016690 0.251477 0.262301 0.148775 0.003342 0.317338 0.000078
0.016732 0.250828 0.261930 0.148778 0.003418 0.318234 0.000080
0.016981 0.248035 0.262153 0.149089 0.003416 0.320243 0.000084
0.016598 0.248114 0.262032 0.149122 0.003404 0.320648 0.000083
0.016666 0.247156 0.261971 0.148815 0.003408 0.321913 0.000072
0.016405 0.246416 0.261681 0.149035 0.003420 0.322963 0.000080
0.016727 0.242647 0.262170 0.148955 0.003444 0.325972 0.000085
0.016613 0.243636 0.262015 0.148676 0.003441 0.325537 0.000082
0.016861 0.242173 0.261518 0.148858 0.003483 0.327022 0.000085
0.016713 0.241629 0.261512 0.148678 0.003479 0.327897 0.000091
0.016569 0.241133 0.261120 0.148476 0.003505 0.329114 0.000083
0.016902 0.241522 0.260993 0.147996 0.003476 0.329020 0.000090
0.016623 0.240320 0.260547 0.148739 0.003472 0.330219 0.000080
0.017197 0.240965 0.260588 0.147812 0.003465 0.329884 0.000089
0.016556 0.238863 0.260567 0.147861 0.003492 0.332576 0.000085
0.016956 0.237284 0.260637 0.148058 0.003494 0.333475 0.000096
0.016800 0.236528 0.260933 0.147993 0.003558 0.334102 0.000086
0.017092 0.234488 0.260324 0.147745 0.003527 0.336728 0.000096
0.016841 0.234697 0.260186 0.147760 0.003542 0.336881 0.000093
0.017246 0.235646 0.259864 0.147672 0.003548 0.335939 0.000086
0.016930 0.233267 0.260255 0.147501 0.003534 0.338425 0.000088
0.017127 0.234073 0.259463 0.147367 0.003531 0.338350 0.000089
0.016912 0.231396 0.259705 0.147476 0.003584 0.340832 0.000096
0.017193 0.230691 0.259517 0.147023 0.003606 0.341874 0.000096
0.017273 0.232365 0.258998 0.146655 0.003568 0.341049 0.000093
0.017205 0.229093 0.259248 0.146771 0.003612 0.343969 0.000102
0.017418 0.231087 0.258630 0.146805 0.003548 0.342425 0.000089
0.017217 0.227128 0.258883 0.146578 0.003609 0.346493 0.000093
0.017242 0.226558 0.258985 0.146928 0.003578 0.346611 0.000099
0.017136 0.226176 0.258633 0.146563 0.003655 0.347738 0.000099
0.017205 0.227661 0.257975 0.146553 0.003612 0.346897 0.000098
0.017296 0.224355 0.258423 0.146361 0.003627 0.349839 0.000098
0.017221 0.227079 0.257407 0.145906 0.003611 0.348681 0.000095
0.017260 0.223215 0.258168 0.145986 0.003692 0.351584 0.000097
0.017324 0.222846 0.257524 0.146201 0.003680 0.352325 0.000098
0.017778 0.221677 0.257354 0.145719 0.003701 0.353675 0.000095
0.017425 0.220829 0.257232 0.145827 0.003734 0.354846 0.000107
0.017313 0.220638 0.256881 0.145541 0.003701 0.355824 0.000101
0.017551 0.221305 0.256769 0.145758 0.003739 0.354782 0.000096
0.017787 0.220205 0.256372 0.145368 0.003716 0.356456 0.000095
0.017404 0.218945 0.256420 0.145295 0.003796 0.358031 0.000108
0.017562 0.218514 0.256047 0.145331 0.003684 0.358758 0.000104
0.017509 0.219243 0.255615 0.145392 0.003716 0.358418 0.000107
0.017653 0.216723 0.255698 0.144956 0.003774 0.361089 0.000108
0.017691 0.216724 0.255305 0.144932 0.003787 0.361449 0.000112
0.017970 0.214749 0.255521 0.144869 0.003773 0.363007 0.000111
0.017687 0.216067 0.255022 0.144766 0.003757 0.362589 0.000111
0.017767 0.214500 0.254733 0.144623 0.003768 0.364498 0.000110
0.017919 0.213560 0.254728 0.144549 0.003814 0.365317 0.000113
0.017517 0.212844 0.254964 0.144682 0.003777 0.366104 0.000113
0.017659 0.213115 0.254573 0.144546 0.003839 0.366159 0.000109
0.017755 0.211047 0.254301 0.143989 0.003812 0.368985 0.000112
0.017953 0.211111 0.254207 0.143936 0.003831 0.368844 0.000117
0.017646 0.210206 0.253970 0.144161 0.003832 0.370076 0.000111
0.018008 0.209974 0.253807 0.143834 0.003820 0.370451 0.000105
0.017743 0.209240 0.253827 0.143595 0.003829 0.371659 0.000107
0.017945 0.208393 0.253381 0.143765 0.003846 0.372555 0.000116
0.017736 0.207594 0.253359 0.143687 0.003852 0.373648 0.000123
0.017866 0.206135 0.252881 0.143652 0.003854 0.375491 0.000122
0.017842 0.204614 0.252710 0.143330 0.003956 0.377430 0.000118
0.018032 0.207159 0.252502 0.143003 0.003874 0.375314 0.000116
0.018026 0.204251 0.252331 0.143264 0.003886 0.378124 0.000117
0.018081 0.203358 0.252072 0.143057 0.003858 0.379447 0.000128
0.018201 0.203008 0.251610 0.142917 0.003937 0.380201 0.000126
0.018143 0.202460 0.251516 0.142669 0.003929 0.381162 0.000122
0.018487 0.201789 0.251609 0.142343 0.003928 0.381720 0.000125
0.018516 0.200783 0.251049 0.142581 0.003969 0.382981 0.000121
0.018213 0.201653 0.250788 0.142522 0.003958 0.382738 0.000128
0.018235 0.199624 0.250587 0.142018 0.003966 0.385452 0.000119
0.018372 0.199361 0.250564 0.142646 0.003944 0.384987 0.000126
0.018603 0.198823 0.250428 0.141999 0.003941 0.386086 0.000120
0.018399 0.198560 0.249944 0.141758 0.003945 0.387268 0.000126
0.018320 0.198197 0.249608 0.141775 0.004020 0.387957 0.000122
0.018573 0.197033 0.249713 0.141667 0.004010 0.388881 0.000123
0.018283 0.196541 0.249845 0.141508 0.004014 0.389674 0.000135
0.018856 0.196045 0.248988 0.141049 0.003995 0.390942 0.000124
0.018566 0.195726 0.249358 0.141091 0.003971 0.391164 0.000125
0.018753 0.193462 0.248861 0.140997 0.004031 0.393763 0.000132
0.018757 0.195653 0.248652 0.140969 0.004010 0.391828 0.000132
0.018782 0.193476 0.248641 0.140778 0.004002 0.394195 0.000125
0.018898 0.194133 0.247680 0.140936 0.004028 0.394188 0.000137
0.018986 0.191612 0.248230 0.140571 0.004060 0.396413 0.000128
0.018697 0.192785 0.247985 0.140563 0.004072 0.395771 0.000127
0.018887 0.191014 0.247142 0.140165 0.004005 0.398659 0.000128
0.019139 0.191392 0.247029 0.140294 0.004046 0.397965 0.000135
0.018795 0.189120 0.246944 0.140104 0.004123 0.400771 0.000143
0.019085 0.189764 0.246607 0.139999 0.004068 0.400344 0.000132
0.019158 0.189611 0.246480 0.139764 0.004033 0.400820 0.000135
0.019262 0.187721 0.246392 0.139608 0.004051 0.402834 0.000133
0.019047 0.187951 0.246240 0.139273 0.004120 0.403231 0.000138
0.019297 0.187076 0.245352 0.139264 0.004128 0.404741 0.000142
0.019091 0.186712 0.245315 0.139109 0.004106 0.405532 0.000134
0.019200 0.187200 0.245144 0.138934 0.004118 0.405268 0.000137
0.019253 0.185453 0.245342 0.138900 0.004184 0.406734 0.000134
0.019592 0.184827 0.244892 0.138695 0.004094 0.407768 0.000131
0.019739 0.183610 0.244248 0.138278 0.004194 0.409779 0.000152
0.019632 0.183912 0.244301 0.138393 0.004184 0.409440 0.000138
0.019637 0.184121 0.244104 0.138422 0.004164 0.409409 0.000143
0.019641 0.184456 0.243378 0.138113 0.004166 0.410099 0.000146
0.019389 0.182662 0.243162 0.137887 0.004164 0.412601 0.000135
0.019678 0.181865 0.243394 0.138172 0.004226 0.412531 0.000134
0.019579 0.181349 0.242888 0.137766 0.004228 0.414050 0.000140
0.019768 0.181708 0.242385 0.137577 0.004184 0.414239 0.000140
0.020199 0.178670 0.242528 0.137448 0.004222 0.416791 0.000142
0.019845 0.179560 0.241842 0.137231 0.004260 0.417113 0.000149
0.019619 0.177938 0.241865 0.137102 0.004219 0.419114 0.000142
0.020162 0.178624 0.241282 0.137111 0.004282 0.418381 0.000157
0.020093 0.177751 0.241095 0.136845 0.004248 0.419812 0.000156
0.019997 0.177299 0.241309 0.136937 0.004252 0.420060 0.000147
0.019890 0.177358 0.240645 0.136804 0.004246 0.420907 0.000151
0.020071 0.176261 0.240186 0.136448 0.004250 0.422624 0.000161
0.020120 0.177059 0.240581 0.136013 0.004300 0.421777 0.000151
0.020127 0.175036 0.239708 0.136042 0.004257 0.424682 0.000148
0.019980 0.175782 0.240179 0.136238 0.004236 0.423437 0.000149
0.020013 0.175650 0.239758 0.135871 0.004267 0.424289 0.000151
0.020007 0.173603 0.239126 0.135750 0.004282 0.427080 0.000152
0.020050 0.174271 0.238848 0.135453 0.004324 0.426899 0.000154
0.020446 0.172245 0.238658 0.135011 0.004350 0.429136 0.000153
0.020485 0.172379 0.238285 0.135237 0.004319 0.429134 0.000162
0.020564 0.172270 0.238183 0.134968 0.004275 0.429588 0.000151
0.020038 0.171980 0.237745 0.134962 0.004272 0.430837 0.000167
0.020565 0.170597 0.237350 0.134841 0.004354 0.432139 0.000153
0.020426 0.170997 0.237365 0.134509 0.004357 0.432188 0.000158
0.020655 0.169716 0.236774 0.134638 0.004309 0.433746 0.000162
0.020641 0.170101 0.236285 0.134557 0.004326 0.433927 0.000162
0.020466 0.169830 0.236125 0.134173 0.004339 0.434906 0.000161
0.020620 0.170033 0.236535 0.134099 0.004332 0.434215 0.000165
0.020872 0.168179 0.236059 0.133957 0.004336 0.436432 0.000165
0.020571 0.168465 0.236214 0.133759 0.004407 0.436427 0.000157
0.020719 0.167254 0.235544 0.134017 0.004401 0.437894 0.000171
0.020914 0.167236 0.235571 0.133724 0.004393 0.438002 0.000161
0.021163 0.166233 0.235166 0.133377 0.004410 0.439485 0.000167
0.021345 0.166019 0.235208 0.133196 0.004398 0.439654 0.000180
0.021074 0.165709 0.234703 0.132970 0.004351 0.441022 0.000171
0.021015 0.165733 0.234638 0.132830 0.004419 0.441210 0.000155
0.021329 0.164244 0.233736 0.132668 0.004385 0.443468 0.000171
0.020957 0.164908 0.234076 0.132743 0.004420 0.442723 0.000172
0.021256 0.163389 0.233146 0.132385 0.004391 0.445268 0.000164
0.021624 0.163837 0.233153 0.132337 0.004467 0.444409 0.000174
0.021007 0.163925 0.233294 0.132078 0.004459 0.445066 0.000171
0.021058 0.162496 0.233449 0.132291 0.004402 0.446136 0.000168
0.021803 0.161432 0.232487 0.131835 0.004467 0.447810 0.000166
0.021307 0.162586 0.232540 0.131950 0.004443 0.447006 0.000168
0.021224 0.161321 0.232528 0.131721 0.004443 0.448600 0.000163
0.021259 0.160521 0.231398 0.131632 0.004408 0.450613 0.000169
0.021661 0.160813 0.231458 0.131232 0.004404 0.450262 0.000172
0.021531 0.159347 0.230944 0.130914 0.004489 0.452589 0.000186
0.021643 0.158651 0.231082 0.130883 0.004448 0.453124 0.000169
0.021429 0.158362 0.230861 0.130837 0.004449 0.453889 0.000173
0.021818 0.158896 0.230364 0.130703 0.004460 0.453595 0.000164
0.021845 0.158278 0.230170 0.130641 0.004476 0.454416 0.000173
0.021671 0.157431 0.230090 0.130368 0.004528 0.455741 0.000171
0.021284 0.157657 0.229829 0.130486 0.004420 0.456154 0.000170
0.021743 0.156211 0.229596 0.130100 0.004527 0.457654 0.000169
0.021648 0.156699 0.229571 0.129915 0.004472 0.457526 0.000167
0.021805 0.155799 0.229559 0.129804 0.004506 0.458346 0.000180
0.022102 0.155719 0.228963 0.129885 0.004467 0.458684 0.000179
0.021767 0.155764 0.228548 0.129432 0.004506 0.459812 0.000171
0.022098 0.154508 0.228302 0.129384 0.004453 0.461074 0.000180
0.021910 0.154739 0.228067 0.129167 0.004559 0.461371 0.000186
0.022410 0.154361 0.227779 0.129004 0.004542 0.461728 0.000176
0.022037 0.153493 0.227272 0.128954 0.004474 0.463597 0.000173
0.021824 0.153444 0.227232 0.129061 0.004562 0.463703 0.000175
0.022586 0.152315 0.226742 0.128749 0.004549 0.464880 0.000179
0.022032 0.152743 0.226268 0.128480 0.004567 0.465739 0.000171
0.022333 0.151372 0.225993 0.127982 0.004547 0.467593 0.000179
0.022212 0.151439 0.226095 0.128052 0.004521 0.467510 0.000172
0.022439 0.152078 0.225987 0.128035 0.004549 0.466735 0.000177
0.022436 0.151582 0.225768 0.127758 0.004548 0.467728 0.000180
0.022368 0.150900 0.225391 0.127775 0.004555 0.468821 0.000189
0.022519 0.149017 0.224955 0.127531 0.004601 0.471204 0.000173
0.022567 0.150336 0.224970 0.127517 0.004596 0.469841 0.000173
0.022672 0.148981 0.224389 0.127200 0.004610 0.471963 0.000184
0.022330 0.149528 0.224658 0.127166 0.004626 0.471513 0.000179
0.022635 0.147872 0.224096 0.127040 0.004527 0.473656 0.000174
0.022951 0.147138 0.223626 0.126822 0.004603 0.474670 0.000191
0.022624 0.148653 0.223979 0.126978 0.004571 0.473020 0.000175
0.022688 0.146597 0.223049 0.126548 0.004565 0.476363 0.000190
0.022595 0.146290 0.223442 0.126200 0.004619 0.476666 0.000188
0.023165 0.146737 0.222771 0.125939 0.004637 0.476563 0.000187
0.022823 0.146379 0.222272 0.125934 0.004594 0.477813 0.000187
0.022690 0.146439 0.222734 0.126114 0.004584 0.477254 0.000184
0.022847 0.145423 0.221538 0.125887 0.004652 0.479470 0.000184
0.023255 0.144950 0.221619 0.125459 0.004630 0.479904 0.000183
0.023717 0.143822 0.221012 0.125152 0.004636 0.481467 0.000194
0.023263 0.143466 0.220886 0.125714 0.004586 0.481898 0.000187
0.023527 0.142912 0.220571 0.124867 0.004647 0.483293 0.000184
0.023399 0.143940 0.220619 0.124432 0.004618 0.482805 0.000187
0.023340 0.143534 0.220571 0.124620 0.004611 0.483134 0.000189
0.023142 0.142956 0.220405 0.124430 0.004602 0.484274 0.000191
0.023517 0.143128 0.220370 0.124392 0.004603 0.483797 0.000194
0.023565 0.141676 0.219129 0.123786 0.004677 0.486960 0.000206
