0.999098 0.000882 0.000010 0.000010 0.000000 0.000000 0.000000
0.998656 0.001303 0.000020 0.000011 0.000001 0.000009 0.000000
0.998181 0.001767 0.000029 0.000012 0.000000 0.000011 0.000000
0.997750 0.002180 0.000041 0.000017 0.000000 0.000012 0.000000
0.997275 0.002646 0.000044 0.000023 0.000000 0.000012 0.000000
0.996767 0.003140 0.000053 0.000028 0.000000 0.000013 0.000000
0.996159 0.003739 0.000062 0.000027 0.000000 0.000012 0.000000
0.995641 0.004246 0.000065 0.000035 0.000000 0.000013 0.000000
0.994948 0.004935 0.000071 0.000033 0.000000 0.000013 0.000000
0.993754 0.006118 0.000074 0.000042 0.000000 0.000012 0.000000
0.992750 0.007095 0.000091 0.000051 0.000000 0.000013 0.000000
0.991382 0.008445 0.000098 0.000062 0.000000 0.000013 0.000000
0.989552 0.010240 0.000125 0.000071 0.000000 0.000012 0.000000
0.987594 0.012143 0.000161 0.000082 0.000000 0.000021 0.000000
0.984766 0.014918 0.000199 0.000101 0.000000 0.000016 0.000000
0.981549 0.018086 0.000244 0.000101 0.000000 0.000020 0.000000
0.978080 0.021480 0.000274 0.000150 0.000000 0.000016 0.000000
0.974806 0.024673 0.000325 0.000177 0.000000 0.000019 0.000000
0.969542 0.029874 0.000374 0.000189 0.000000 0.000021 0.000000
0.964628 0.034721 0.000412 0.000219 0.000000 0.000021 0.000000
0.958106 0.041059 0.000543 0.000268 0.000000 0.000023 0.000000
0.951230 0.047816 0.000606 0.000316 0.000000 0.000032 0.000000
0.943230 0.055639 0.000721 0.000377 0.000000 0.000032 0.000000
0.934491 0.064209 0.000830 0.000433 0.000000 0.000038 0.000000
0.926271 0.072225 0.000955 0.000511 0.000000 0.000038 0.000000
0.916286 0.081918 0.001141 0.000616 0.000000 0.000039 0.000000
0.904333 0.093521 0.001381 0.000716 0.000000 0.000049 0.000000
0.893711 0.103863 0.001551 0.000819 0.000000 0.000056 0.000000
0.883130 0.114180 0.001686 0.000942 0.000000 0.000062 0.000000
0.868494 0.128368 0.001977 0.001090 0.000000 0.000071 0.000000
0.853964 0.142431 0.002274 0.001255 0.000000 0.000075 0.000000
0.841040 0.154930 0.002568 0.001379 0.000000 0.000083 0.000000
0.827907 0.167577 0.002861 0.001567 0.000000 0.000088 0.000000
0.812432 0.182528 0.003204 0.001740 0.000000 0.000096 0.000000
0.796665 0.197700 0.003585 0.001945 0.000000 0.000105 0.000000
0.782793 0.211043 0.003923 0.002124 0.000000 0.000117 0.000000
0.765277 0.227873 0.004354 0.002358 0.000000 0.000138 0.000000
0.751600 0.240932 0.004764 0.002556 0.000000 0.000148 0.000000
0.732944 0.258745 0.005286 0.002848 0.000000 0.000176 0.000000
0.722006 0.269058 0.005660 0.003079 0.000001 0.000196 0.000000
0.705646 0.284540 0.006193 0.003404 0.000002 0.000215 0.000000
0.693166 0.296341 0.006596 0.003663 0.000002 0.000233 0.000000
0.673530 0.314996 0.007226 0.003983 0.000002 0.000263 0.000000
0.661435 0.326196 0.007741 0.004348 0.000003 0.000276 0.000000
0.645618 0.341078 0.008302 0.004699 0.000004 0.000298 0.000000
0.630808 0.354921 0.008922 0.005015 0.000005 0.000327 0.000000
0.616636 0.368168 0.009494 0.005352 0.000005 0.000343 0.000000
0.606101 0.377915 0.009988 0.005631 0.000005 0.000360 0.000000
0.590492 0.392402 0.010702 0.006003 0.000005 0.000396 0.000000
0.578524 0.403379 0.011279 0.006363 0.000005 0.000450 0.000000
0.566835 0.414096 0.011897 0.006690 0.000004 0.000477 0.000000
0.554621 0.425271 0.012527 0.007064 0.000004 0.000512 0.000000
0.542683 0.436090 0.013193 0.007478 0.000005 0.000551 0.000000
0.532337 0.445472 0.013781 0.007818 0.000005 0.000587 0.000000
0.521166 0.455464 0.014525 0.008219 0.000005 0.000622 0.000000
0.511271 0.464223 0.015222 0.008591 0.000005 0.000688 0.000000
0.499696 0.474650 0.015925 0.008989 0.000004 0.000736 0.000000
0.490505 0.482504 0.016727 0.009470 0.000004 0.000791 0.000000
0.483905 0.488202 0.017269 0.009800 0.000003 0.000822 0.000000
0.475274 0.495546 0.018007 0.010280 0.000005 0.000888 0.000000
0.469642 0.500202 0.018624 0.010589 0.000005 0.000938 0.000000
0.461256 0.507345 0.019360 0.011039 0.000007 0.000993 0.000000
0.447842 0.519094 0.020420 0.011575 0.000010 0.001059 0.000000
0.443677 0.522387 0.020975 0.011846 0.000009 0.001105 0.000000
0.430464 0.533678 0.022104 0.012542 0.000011 0.001200 0.000000
0.426472 0.536816 0.022613 0.012851 0.000011 0.001238 0.000000
0.417276 0.544583 0.023481 0.013326 0.000012 0.001322 0.000000
0.408779 0.551793 0.024258 0.013800 0.000016 0.001354 0.000000
0.396833 0.561895 0.025344 0.014462 0.000017 0.001449 0.000000
0.391911 0.565532 0.026137 0.014856 0.000017 0.001546 0.000000
0.382674 0.573182 0.027079 0.015428 0.000019 0.001618 0.000000
0.372231 0.581982 0.028046 0.016007 0.000023 0.001711 0.000000
0.368949 0.584214 0.028693 0.016357 0.000024 0.001764 0.000000
0.360265 0.591290 0.029580 0.016958 0.000021 0.001886 0.000000
0.349952 0.599425 0.030899 0.017663 0.000026 0.002035 0.000000
0.342324 0.605229 0.031982 0.018297 0.000026 0.002143 0.000000
0.333572 0.612133 0.033109 0.018911 0.000027 0.002247 0.000000
0.323048 0.620045 0.034685 0.019732 0.000030 0.002460 0.000000
0.322783 0.619784 0.035016 0.019871 0.000031 0.002515 0.000000
0.314706 0.625897 0.036187 0.020507 0.000034 0.002669 0.000000
0.303767 0.633974 0.037846 0.021506 0.000037 0.002870 0.000000
0.297173 0.638917 0.038802 0.022072 0.000038 0.002996 0.000000
0.292884 0.641523 0.039805 0.022635 0.000040 0.003113 0.000000
0.282627 0.648625 0.041661 0.023684 0.000049 0.003355 0.000000
0.282310 0.648058 0.042160 0.023959 0.000049 0.003464 0.000000
0.274109 0.653559 0.043800 0.024812 0.000055 0.003665 0.000000
0.273122 0.653235 0.044554 0.025244 0.000054 0.003791 0.000000
0.265058 0.658561 0.046171 0.026114 0.000060 0.004036 0.000000
0.260355 0.661283 0.047304 0.026764 0.000064 0.004230 0.000000
0.252861 0.665743 0.049087 0.027747 0.000063 0.004500 0.000000
0.250703 0.666266 0.050053 0.028236 0.000066 0.004676 0.000000
0.246150 0.668622 0.051324 0.028983 0.000068 0.004852 0.000000
0.241440 0.671032 0.052630 0.029751 0.000073 0.005074 0.000000
0.242298 0.669880 0.052781 0.029823 0.000067 0.005150 0.000000
0.234812 0.673929 0.054862 0.030873 0.000075 0.005449 0.000000
0.228380 0.677040 0.056751 0.031932 0.000077 0.005820 0.000000
0.223569 0.680082 0.057715 0.032578 0.000076 0.005980 0.000000
0.216613 0.684192 0.059405 0.033409 0.000080 0.006301 0.000000
0.213506 0.684895 0.060628 0.034344 0.000084 0.006542 0.000000
0.207316 0.688581 0.062188 0.035083 0.000084 0.006749 0.000000
0.201370 0.692073 0.063515 0.035895 0.000091 0.007055 0.000000
0.200304 0.689792 0.065396 0.036955 0.000089 0.007464 0.000000
0.193900 0.694889 0.066147 0.037388 0.000092 0.007585 0.000000
0.187821 0.697222 0.068239 0.038618 0.000097 0.008004 0.000000
0.182888 0.699607 0.069688 0.039394 0.000102 0.008322 0.000000
0.175327 0.703664 0.071560 0.040632 0.000113 0.008705 0.000000
0.178865 0.699531 0.071886 0.040740 0.000113 0.008865 0.000000
0.169746 0.704163 0.074534 0.042092 0.000117 0.009348 0.000000
0.164467 0.706185 0.076278 0.043315 0.000119 0.009636 0.000000
0.165551 0.703063 0.077390 0.043891 0.000122 0.009984 0.000000
0.160040 0.705844 0.079003 0.044622 0.000126 0.010365 0.000000
0.155843 0.707028 0.080690 0.045602 0.000133 0.010704 0.000000
0.151088 0.708833 0.082409 0.046440 0.000137 0.011094 0.000000
0.150173 0.708165 0.083187 0.047052 0.000141 0.011282 0.000000
0.144465 0.709058 0.085841 0.048535 0.000141 0.011960 0.000000
0.143660 0.709021 0.086324 0.048695 0.000144 0.012156 0.000000
0.140087 0.709270 0.088174 0.049728 0.000145 0.012596 0.000000
0.137049 0.709114 0.089785 0.050868 0.000152 0.013033 0.000000
0.133416 0.709262 0.091817 0.051852 0.000156 0.013496 0.000000
0.126652 0.711558 0.094231 0.053230 0.000167 0.014159 0.000002
0.124756 0.711138 0.095427 0.053973 0.000171 0.014534 0.000001
0.122109 0.712012 0.096444 0.054475 0.000167 0.014792 0.000002
0.119206 0.711205 0.098354 0.055673 0.000177 0.015383 0.000002
0.110520 0.715561 0.100828 0.057014 0.000175 0.015899 0.000002
0.110597 0.712310 0.102384 0.057924 0.000182 0.016600 0.000002
0.110661 0.710042 0.103626 0.058581 0.000183 0.016905 0.000002
0.112359 0.707724 0.103787 0.058902 0.000182 0.017044 0.000002
0.110137 0.706339 0.105847 0.059810 0.000190 0.017676 0.000002
0.109924 0.703683 0.107255 0.060752 0.000200 0.018185 0.000002
0.102224 0.706409 0.109903 0.062342 0.000204 0.018916 0.000002
0.103813 0.702408 0.111115 0.062968 0.000219 0.019474 0.000003
0.099177 0.704411 0.112423 0.063901 0.000217 0.019868 0.000003
0.100578 0.702493 0.112726 0.064018 0.000220 0.019962 0.000003
0.096659 0.702998 0.114516 0.064792 0.000223 0.020809 0.000003
0.093596 0.701193 0.116945 0.066498 0.000234 0.021531 0.000003
0.090939 0.701720 0.118056 0.067040 0.000236 0.022008 0.000002
0.087596 0.701393 0.119926 0.068179 0.000240 0.022663 0.000003
0.086010 0.700051 0.121634 0.068907 0.000246 0.023148 0.000004
0.085169 0.697563 0.123208 0.070072 0.000249 0.023736 0.000003
0.083277 0.696785 0.124607 0.070710 0.000251 0.024367 0.000004
0.082991 0.694810 0.125597 0.071325 0.000261 0.025013 0.000004
0.079137 0.695748 0.127156 0.072242 0.000262 0.025451 0.000003
0.078204 0.693422 0.128677 0.073213 0.000278 0.026203 0.000003
0.072731 0.693593 0.131624 0.074782 0.000295 0.026973 0.000003
0.071001 0.693401 0.132505 0.075377 0.000290 0.027422 0.000003
0.075323 0.687783 0.133178 0.075530 0.000307 0.027876 0.000003
0.071961 0.687877 0.134765 0.076631 0.000303 0.028459 0.000004
0.070149 0.686685 0.136342 0.077317 0.000324 0.029179 0.000003
0.071530 0.683066 0.137436 0.077897 0.000336 0.029734 0.000002
0.069016 0.681255 0.139496 0.079156 0.000320 0.030754 0.000004
0.071161 0.677474 0.140285 0.079601 0.000332 0.031143 0.000004
0.068921 0.677773 0.141255 0.080159 0.000328 0.031562 0.000003
0.068580 0.675422 0.142561 0.080885 0.000345 0.032204 0.000004
0.065832 0.675117 0.144009 0.081743 0.000362 0.032934 0.000003
0.064237 0.674141 0.145219 0.082406 0.000362 0.033633 0.000004
0.065074 0.669653 0.146914 0.083540 0.000375 0.034440 0.000004
0.065184 0.669468 0.146986 0.083499 0.000375 0.034484 0.000004
0.060398 0.668828 0.149567 0.085156 0.000384 0.035661 0.000006
0.058094 0.668062 0.151258 0.085830 0.000380 0.036372 0.000004
0.056658 0.668094 0.151890 0.086235 0.000389 0.036729 0.000005
0.059446 0.662166 0.153303 0.086968 0.000427 0.037686 0.000004
0.056427 0.662724 0.154615 0.087665 0.000428 0.038137 0.000004
0.055994 0.660505 0.155833 0.088309 0.000442 0.038911 0.000005
0.052414 0.660455 0.157573 0.089386 0.000445 0.039724 0.000004
0.050141 0.659544 0.159140 0.090308 0.000442 0.040420 0.000005
0.047925 0.657623 0.161110 0.091391 0.000464 0.041480 0.000006
0.045013 0.657606 0.162393 0.092307 0.000471 0.042205 0.000005
0.045757 0.655913 0.162762 0.092326 0.000482 0.042755 0.000003
0.043114 0.654542 0.164638 0.093454 0.000488 0.043761 0.000003
0.040551 0.653209 0.166438 0.094571 0.000509 0.044718 0.000005
0.037863 0.651164 0.168735 0.095642 0.000519 0.046073 0.000005
0.036344 0.649703 0.170008 0.096722 0.000526 0.046694 0.000003
0.036156 0.648920 0.170698 0.096731 0.000530 0.046960 0.000005
0.033701 0.646366 0.173039 0.098134 0.000540 0.048214 0.000005
0.033228 0.644906 0.173668 0.098632 0.000549 0.049009 0.000006
0.032252 0.642879 0.174909 0.099459 0.000576 0.049918 0.000007
0.030727 0.640352 0.176836 0.100641 0.000573 0.050866 0.000006
0.029607 0.638546 0.178184 0.101294 0.000596 0.051766 0.000007
0.029428 0.635850 0.179517 0.102145 0.000602 0.052450 0.000008
0.028203 0.633966 0.180790 0.102915 0.000588 0.053530 0.000007
0.028534 0.633197 0.180817 0.103026 0.000602 0.053817 0.000007
0.027441 0.630699 0.182570 0.103796 0.000628 0.054857 0.000008
0.026879 0.628331 0.183835 0.104432 0.000627 0.055889 0.000007
0.025884 0.626662 0.184895 0.105194 0.000637 0.056719 0.000008
0.026683 0.623914 0.185774 0.105510 0.000667 0.057443 0.000008
0.024406 0.621764 0.187832 0.106909 0.000664 0.058416 0.000009
0.024544 0.619461 0.188679 0.107439 0.000674 0.059194 0.000008
0.024031 0.617420 0.189731 0.107922 0.000691 0.060197 0.000007
0.023719 0.615736 0.190678 0.108550 0.000689 0.060619 0.000009
0.023180 0.612213 0.192384 0.109441 0.000714 0.062059 0.000009
0.022569 0.610178 0.193765 0.109873 0.000731 0.062874 0.000010
0.022554 0.608391 0.194249 0.110412 0.000701 0.063685 0.000008
0.022126 0.605885 0.195425 0.110989 0.000732 0.064835 0.000008
0.021391 0.604342 0.196554 0.111698 0.000726 0.065280 0.000009
0.021214 0.601221 0.197923 0.112332 0.000733 0.066568 0.000009
0.021017 0.599369 0.198794 0.112761 0.000737 0.067312 0.000011
0.020367 0.596484 0.200269 0.113698 0.000759 0.068413 0.000011
0.020207 0.595604 0.200707 0.114065 0.000762 0.068645 0.000010
0.020585 0.593376 0.201109 0.114478 0.000759 0.069683 0.000010
0.020124 0.591501 0.202139 0.114910 0.000774 0.070541 0.000010
0.019972 0.588634 0.203112 0.115713 0.000778 0.071783 0.000009
0.019459 0.587180 0.204014 0.116138 0.000780 0.072416 0.000012
0.019386 0.584921 0.205079 0.116585 0.000809 0.073208 0.000012
0.019287 0.583780 0.205595 0.116577 0.000799 0.073949 0.000013
0.018910 0.580696 0.206851 0.117471 0.000810 0.075251 0.000012
0.018730 0.578358 0.207708 0.118141 0.000842 0.076208 0.000013
0.018715 0.576875 0.208052 0.118490 0.000846 0.077012 0.000010
0.018440 0.575194 0.209196 0.118670 0.000831 0.077658 0.000012
0.018256 0.573693 0.209604 0.119112 0.000871 0.078454 0.000011
0.017789 0.569697 0.211502 0.120061 0.000888 0.080049 0.000014
0.017740 0.569174 0.211812 0.120003 0.000882 0.080376 0.000013
0.017786 0.566119 0.212859 0.120887 0.000901 0.081433 0.000015
0.017484 0.563694 0.213754 0.121284 0.000918 0.082855 0.000011
0.017305 0.562305 0.214546 0.121766 0.000950 0.083116 0.000012
0.024983 0.554868 0.213900 0.121412 0.000944 0.083883 0.000010
0.027526 0.551388 0.214062 0.121424 0.000941 0.084649 0.000011
0.025370 0.550434 0.215413 0.122002 0.000942 0.085827 0.000011
0.028854 0.546716 0.215137 0.122109 0.000979 0.086191 0.000014
0.026436 0.547726 0.215546 0.122523 0.000956 0.086802 0.000011
0.029240 0.543238 0.216096 0.122644 0.000959 0.087810 0.000012
0.028651 0.541267 0.216994 0.123384 0.000977 0.088714 0.000013
0.026883 0.540870 0.217714 0.123735 0.000984 0.089801 0.000014
0.027370 0.537919 0.218700 0.124017 0.001020 0.090962 0.000013
0.028466 0.536893 0.218410 0.123905 0.001017 0.091293 0.000016
0.027423 0.537328 0.218818 0.123758 0.001016 0.091641 0.000016
0.028211 0.535479 0.218991 0.124067 0.001033 0.092205 0.000014
0.023066 0.534847 0.221507 0.125511 0.001044 0.094010 0.000015
0.034002 0.527749 0.219098 0.124361 0.001044 0.093731 0.000015
0.034241 0.527594 0.218729 0.124257 0.001039 0.094126 0.000014
0.032821 0.523843 0.221097 0.125225 0.001062 0.095936 0.000015
0.033232 0.523558 0.220766 0.124988 0.001050 0.096391 0.000015
0.029572 0.520879 0.223332 0.126567 0.001092 0.098542 0.000016
0.031219 0.519405 0.222962 0.126290 0.001082 0.099024 0.000017
0.030128 0.517948 0.223761 0.126962 0.001096 0.100088 0.000017
0.033864 0.516365 0.222972 0.125835 0.001086 0.099861 0.000018
0.035238 0.513556 0.223081 0.126103 0.001101 0.100903 0.000018
0.031604 0.515306 0.223730 0.126733 0.001121 0.101491 0.000016
0.030563 0.512909 0.225123 0.127464 0.001135 0.102790 0.000016
0.028588 0.510970 0.226545 0.128260 0.001131 0.104489 0.000017
0.027867 0.510887 0.226782 0.128522 0.001134 0.104793 0.000016
0.027009 0.507841 0.228117 0.129261 0.001189 0.106568 0.000016
0.025697 0.507242 0.228708 0.129677 0.001172 0.107490 0.000016
0.027085 0.506730 0.227984 0.129255 0.001197 0.107734 0.000015
0.023176 0.504836 0.230151 0.130871 0.001192 0.109758 0.000016
0.023704 0.504146 0.230341 0.130277 0.001222 0.110293 0.000018
0.023546 0.503001 0.230272 0.130873 0.001218 0.111074 0.000016
0.023634 0.500564 0.231294 0.131247 0.001225 0.112022 0.000015
0.022053 0.498445 0.232638 0.131973 0.001269 0.113607 0.000015
0.019339 0.495830 0.234792 0.133146 0.001297 0.115578 0.000018
0.020336 0.494843 0.234526 0.132681 0.001318 0.116279 0.000016
0.019106 0.493913 0.235273 0.133458 0.001332 0.116901 0.000016
0.017865 0.490769 0.236831 0.134437 0.001328 0.118750 0.000020
0.019441 0.491509 0.235576 0.133663 0.001335 0.118459 0.000016
0.017092 0.487228 0.238156 0.135005 0.001370 0.121130 0.000018
0.016780 0.485588 0.238838 0.135450 0.001370 0.121957 0.000017
0.016935 0.484273 0.239164 0.135665 0.001388 0.122558 0.000017
0.016512 0.483593 0.239238 0.135929 0.001413 0.123295 0.000020
0.015732 0.479967 0.240989 0.136601 0.001430 0.125263 0.000018
0.015558 0.478522 0.241274 0.136888 0.001430 0.126311 0.000016
0.015824 0.478842 0.240921 0.136799 0.001430 0.126163 0.000020
0.015481 0.476205 0.241723 0.137449 0.001461 0.127662 0.000019
0.015041 0.475450 0.242150 0.137538 0.001444 0.128359 0.000017
0.014379 0.470678 0.243958 0.138710 0.001469 0.130787 0.000018
0.014234 0.470573 0.243969 0.138532 0.001492 0.131182 0.000019
0.014280 0.468591 0.244364 0.138818 0.001492 0.132435 0.000020
0.014169 0.467029 0.245128 0.138890 0.001507 0.133257 0.000020
0.013678 0.465497 0.245771 0.139459 0.001520 0.134055 0.000020
0.013699 0.462556 0.246368 0.139988 0.001518 0.135852 0.000018
0.013373 0.460208 0.247089 0.140620 0.001559 0.137132 0.000020
0.013666 0.461270 0.246502 0.139992 0.001544 0.137007 0.000019
0.013494 0.459106 0.247158 0.140318 0.001596 0.138308 0.000020
0.013392 0.456182 0.248084 0.140807 0.001594 0.139922 0.000019
0.013205 0.455006 0.248390 0.141164 0.001574 0.140641 0.000020
0.012951 0.453418 0.248830 0.141517 0.001564 0.141694 0.000025
0.013057 0.451600 0.249273 0.141572 0.001631 0.142848 0.000019
0.012807 0.449307 0.250351 0.141963 0.001618 0.143933 0.000021
0.013022 0.448385 0.250161 0.142214 0.001585 0.144613 0.000020
0.013023 0.446851 0.250475 0.142103 0.001623 0.145902 0.000023
0.012844 0.444408 0.251274 0.142375 0.001625 0.147454 0.000021
0.012855 0.442650 0.251431 0.143174 0.001643 0.148228 0.000021
0.012555 0.440588 0.252407 0.143376 0.001637 0.149412 0.000025
0.012857 0.440891 0.251877 0.143247 0.001658 0.149445 0.000024
0.012706 0.438450 0.253028 0.143298 0.001680 0.150815 0.000024
0.012694 0.436659 0.253142 0.143547 0.001695 0.152236 0.000026
0.012582 0.435459 0.253425 0.143856 0.001653 0.152999 0.000026
0.012687 0.434714 0.253389 0.143927 0.001701 0.153559 0.000023
0.012349 0.432280 0.253806 0.144612 0.001739 0.155188 0.000025
0.012296 0.429525 0.254482 0.144915 0.001744 0.157015 0.000023
0.012393 0.428486 0.255128 0.144820 0.001757 0.157396 0.000020
0.012442 0.427560 0.255420 0.144807 0.001736 0.158009 0.000025
0.012356 0.425755 0.255577 0.145146 0.001774 0.159369 0.000023
0.012391 0.423376 0.256186 0.145211 0.001782 0.161025 0.000028
0.012096 0.422223 0.256157 0.145569 0.001790 0.162140 0.000026
0.012192 0.422329 0.256216 0.145662 0.001770 0.161799 0.000032
0.012035 0.418475 0.257031 0.146309 0.001803 0.164320 0.000027
0.012091 0.417028 0.257188 0.146541 0.001806 0.165315 0.000029
0.012042 0.416866 0.257176 0.146355 0.001816 0.165714 0.000030
0.012058 0.415347 0.257598 0.146285 0.001814 0.166870 0.000028
0.011997 0.412947 0.257855 0.146843 0.001856 0.168476 0.000026
0.012001 0.412154 0.258133 0.146699 0.001844 0.169139 0.000030
0.012053 0.409700 0.258452 0.147172 0.001865 0.170727 0.000030
0.012032 0.408673 0.258930 0.147342 0.001886 0.171104 0.000033
0.011895 0.406517 0.259570 0.147594 0.001880 0.172512 0.000033
0.011900 0.405424 0.259788 0.147447 0.001896 0.173512 0.000031
0.011797 0.404680 0.259678 0.147743 0.001912 0.174155 0.000035
0.011779 0.402189 0.260253 0.148234 0.001935 0.175580 0.000031
0.011864 0.401893 0.260295 0.147825 0.001927 0.176163 0.000032
0.011777 0.399320 0.260742 0.148634 0.001943 0.177553 0.000031
0.011613 0.398983 0.260953 0.148489 0.001967 0.177962 0.000034
0.011702 0.396289 0.261120 0.148630 0.001995 0.180232 0.000033
0.011842 0.394868 0.261397 0.148563 0.001982 0.181314 0.000033
0.011584 0.393565 0.261896 0.148689 0.001993 0.182243 0.000031
0.011835 0.393589 0.261630 0.148655 0.002027 0.182234 0.000031
0.011554 0.391323 0.261994 0.149202 0.002039 0.183853 0.000034
0.011688 0.389706 0.262031 0.149333 0.002037 0.185168 0.000036
0.011524 0.385964 0.262895 0.149810 0.002029 0.187743 0.000036
0.011758 0.386475 0.262357 0.149701 0.002052 0.187622 0.000034
0.011685 0.384445 0.263071 0.149503 0.002050 0.189208 0.000038
0.011579 0.384077 0.263272 0.149740 0.002069 0.189223 0.000040
0.011518 0.382765 0.263410 0.149714 0.002049 0.190508 0.000036
0.011668 0.381627 0.263450 0.149765 0.002103 0.191350 0.000037
0.011501 0.379762 0.263761 0.150019 0.002106 0.192809 0.000042
0.011494 0.377325 0.263993 0.150426 0.002145 0.194577 0.000040
0.011588 0.375722 0.264314 0.150448 0.002119 0.195777 0.000032
0.011697 0.374389 0.264446 0.150500 0.002172 0.196763 0.000033
0.011642 0.374388 0.264365 0.150343 0.002137 0.197091 0.000035
0.011675 0.371916 0.264914 0.150796 0.002160 0.198498 0.000040
0.011519 0.370899 0.264988 0.150688 0.002179 0.199687 0.000039
0.011569 0.369851 0.265283 0.150739 0.002179 0.200342 0.000037
0.011469 0.367564 0.265372 0.151331 0.002248 0.201976 0.000041
0.011602 0.365756 0.265162 0.151298 0.002236 0.203911 0.000036
0.011634 0.364901 0.265502 0.151358 0.002280 0.204291 0.000034
0.011554 0.365509 0.265357 0.150837 0.002240 0.204467 0.000035
0.011591 0.364350 0.265422 0.151123 0.002246 0.205228 0.000041
0.011622 0.360658 0.265620 0.151721 0.002267 0.208070 0.000043
0.011591 0.360669 0.265716 0.151322 0.002269 0.208397 0.000037
0.011487 0.358024 0.266323 0.151325 0.002300 0.210495 0.000045
0.011640 0.358013 0.265827 0.151437 0.002311 0.210736 0.000037
0.011626 0.357818 0.265829 0.151518 0.002311 0.210852 0.000046
0.011458 0.355387 0.266256 0.151747 0.002301 0.212812 0.000039
0.011612 0.354274 0.266619 0.151721 0.002327 0.213407 0.000041
0.011632 0.352742 0.266962 0.151773 0.002342 0.214507 0.000043
0.011494 0.352556 0.266613 0.151793 0.002320 0.215181 0.000043
0.011554 0.348755 0.267169 0.152097 0.002380 0.218004 0.000040
0.011608 0.347641 0.266753 0.152371 0.002425 0.219161 0.000042
0.011517 0.346709 0.267456 0.152128 0.002370 0.219778 0.000042
0.011649 0.346173 0.267438 0.151931 0.002393 0.220373 0.000044
0.011716 0.346588 0.266919 0.152006 0.002386 0.220340 0.000045
0.011596 0.345406 0.267357 0.151816 0.002444 0.221333 0.000048
0.011734 0.342927 0.267330 0.151961 0.002403 0.223603 0.000042
0.011518 0.339963 0.267867 0.152398 0.002468 0.225742 0.000043
0.011700 0.341347 0.267332 0.152157 0.002461 0.224960 0.000043
0.011587 0.339945 0.267416 0.152394 0.002448 0.226169 0.000041
0.011725 0.337092 0.267734 0.152644 0.002504 0.228256 0.000044
0.011646 0.338102 0.267495 0.152302 0.002445 0.227966 0.000046
0.011615 0.336385 0.267309 0.152497 0.002516 0.229629 0.000050
0.011593 0.334426 0.267880 0.152731 0.002504 0.230820 0.000046
0.011640 0.334156 0.267655 0.152494 0.002502 0.231505 0.000047
0.011712 0.331927 0.268262 0.152779 0.002526 0.232746 0.000048
0.011587 0.330499 0.268328 0.152511 0.002524 0.234508 0.000043
0.011554 0.328921 0.268347 0.152812 0.002567 0.235750 0.000049
0.011644 0.328943 0.268262 0.152479 0.002561 0.236061 0.000049
0.011677 0.327728 0.268184 0.152426 0.002582 0.237351 0.000052
0.011668 0.325917 0.268522 0.152641 0.002615 0.238584 0.000053
0.011675 0.324610 0.268511 0.152757 0.002614 0.239782 0.000052
0.011752 0.323883 0.268348 0.152914 0.002588 0.240468 0.000047
0.011747 0.323180 0.268498 0.152698 0.002596 0.241224 0.000057
0.011839 0.321088 0.268353 0.152884 0.002614 0.243172 0.000050
0.011880 0.320204 0.268219 0.152918 0.002636 0.244091 0.000051
0.011957 0.318515 0.268468 0.152937 0.002606 0.245465 0.000052
0.011816 0.318339 0.268432 0.152890 0.002673 0.245791 0.000059
0.011798 0.318278 0.268659 0.152794 0.002640 0.245779 0.000052
0.011727 0.316610 0.268564 0.152935 0.002641 0.247465 0.000058
0.011766 0.315128 0.268972 0.152843 0.002674 0.248563 0.000054
0.011763 0.315308 0.268514 0.152927 0.002682 0.248748 0.000058
0.011867 0.313998 0.268725 0.152801 0.002705 0.249842 0.000062
0.011817 0.312270 0.268743 0.152997 0.002712 0.251408 0.000053
0.011621 0.310384 0.268981 0.152929 0.002692 0.253335 0.000059
0.011817 0.309096 0.269005 0.153042 0.002749 0.254228 0.000063
0.011784 0.308464 0.268769 0.153114 0.002738 0.255071 0.000059
0.011811 0.306555 0.268884 0.153053 0.002755 0.256885 0.000057
0.011834 0.306947 0.268811 0.153298 0.002745 0.256306 0.000059
0.012042 0.305563 0.268750 0.153366 0.002736 0.257482 0.000061
0.011912 0.303107 0.269206 0.153266 0.002774 0.259675 0.000061
0.011889 0.303647 0.268735 0.153044 0.002800 0.259826 0.000059
0.011992 0.300142 0.269674 0.153003 0.002784 0.262349 0.000055
0.011956 0.300909 0.268909 0.153420 0.002808 0.261940 0.000059
0.011935 0.299544 0.268862 0.153098 0.002792 0.263714 0.000056
0.011920 0.297935 0.268907 0.153179 0.002863 0.265134 0.000062
0.011946 0.298517 0.268736 0.152943 0.002838 0.264963 0.000058
0.012064 0.296799 0.268623 0.153042 0.002825 0.266585 0.000062
0.011980 0.295633 0.268656 0.153074 0.002849 0.267746 0.000062
0.011816 0.294662 0.268863 0.153135 0.002820 0.268639 0.000065
0.011818 0.292229 0.269156 0.153187 0.002845 0.270703 0.000063
0.012159 0.292581 0.268423 0.153177 0.002889 0.270714 0.000058
0.012073 0.291105 0.268966 0.152873 0.002882 0.272033 0.000067
0.011970 0.290345 0.268782 0.152974 0.002911 0.272954 0.000063
0.012089 0.290111 0.268371 0.152976 0.002922 0.273473 0.000057
0.012034 0.287668 0.268581 0.153090 0.002943 0.275620 0.000064
0.012242 0.288195 0.268383 0.152772 0.002934 0.275413 0.000062
0.012149 0.285774 0.268407 0.153049 0.002946 0.277609 0.000067
0.012060 0.285309 0.268571 0.152759 0.002918 0.278315 0.000067
0.012185 0.284012 0.268616 0.153083 0.002921 0.279120 0.000063
0.012091 0.284124 0.268251 0.152861 0.002969 0.279641 0.000065
0.012170 0.282657 0.268412 0.152919 0.002944 0.280835 0.000064
0.012318 0.280574 0.268195 0.152996 0.002982 0.282871 0.000064
0.012132 0.280084 0.268181 0.152904 0.003019 0.283611 0.000070
0.012123 0.279011 0.268116 0.152795 0.002996 0.284898 0.000061
0.012224 0.278293 0.268164 0.152617 0.003031 0.285607 0.000064
0.012262 0.277599 0.268144 0.152468 0.003031 0.286434 0.000063
0.012316 0.276100 0.267804 0.152366 0.003007 0.288336 0.000070
0.012342 0.274328 0.268056 0.152441 0.003055 0.289717 0.000062
0.012289 0.273968 0.267811 0.152510 0.003048 0.290301 0.000074
0.012319 0.272908 0.267650 0.152400 0.003072 0.291584 0.000069
0.012507 0.271744 0.267535 0.152165 0.003074 0.292912 0.000064
0.012509 0.271200 0.267637 0.152102 0.003056 0.293427 0.000068
0.012448 0.270630 0.267229 0.152229 0.003111 0.294285 0.000068
0.012460 0.267962 0.267366 0.152019 0.003100 0.297024 0.000070
0.012415 0.268114 0.267337 0.151913 0.003132 0.297019 0.000070
0.012452 0.267586 0.267182 0.152166 0.003123 0.297430 0.000062
0.012471 0.267027 0.266640 0.151974 0.003146 0.298671 0.000070
0.012381 0.265656 0.266803 0.152141 0.003128 0.299821 0.000070
0.012490 0.264507 0.266796 0.151912 0.003146 0.301080 0.000068
0.012542 0.263995 0.266979 0.151778 0.003137 0.301499 0.000068
0.012552 0.263319 0.266793 0.151773 0.003191 0.302307 0.000065
0.012598 0.262138 0.266632 0.151570 0.003196 0.303797 0.000069
0.012612 0.260958 0.266426 0.151531 0.003224 0.305185 0.000064
0.012622 0.260531 0.265922 0.151684 0.003190 0.305980 0.000072
0.012682 0.259557 0.266292 0.151216 0.003208 0.306971 0.000075
0.012648 0.258786 0.266096 0.151520 0.003204 0.307676 0.000069
0.012649 0.257733 0.265769 0.151461 0.003188 0.309124 0.000078
0.012700 0.256806 0.265577 0.151462 0.003244 0.310138 0.000073
0.012589 0.255851 0.265911 0.151182 0.003234 0.311157 0.000077
0.012861 0.254878 0.265323 0.151228 0.003244 0.312389 0.000076
0.012758 0.254949 0.265500 0.150744 0.003227 0.312751 0.000072
0.012744 0.253077 0.265439 0.150897 0.003242 0.314526 0.000076
0.012678 0.252874 0.265344 0.150899 0.003204 0.314923 0.000078
0.012756 0.252492 0.264954 0.150957 0.003219 0.315539 0.000083
0.012702 0.250121 0.265406 0.150747 0.003297 0.317644 0.000083
0.012767 0.249784 0.265194 0.150585 0.003285 0.318306 0.000079
0.012757 0.248844 0.264919 0.150523 0.003298 0.319575 0.000082
0.012761 0.248942 0.264488 0.150718 0.003334 0.319682 0.000075
0.012984 0.247091 0.264447 0.150374 0.003294 0.321730 0.000080
0.012836 0.246962 0.264227 0.150365 0.003293 0.322236 0.000081
0.012721 0.245921 0.264184 0.150214 0.003340 0.323532 0.000088
0.013052 0.244854 0.264232 0.150091 0.003327 0.324359 0.000084
0.012813 0.244989 0.264274 0.150088 0.003331 0.324423 0.000082
0.013083 0.243748 0.263903 0.149940 0.003346 0.325887 0.000093
0.013131 0.242263 0.263620 0.149691 0.003340 0.327874 0.000081
0.013152 0.241672 0.263399 0.149520 0.003328 0.328842 0.000086
0.013107 0.240425 0.263317 0.149455 0.003389 0.330226 0.000082
0.013000 0.240942 0.263292 0.149798 0.003380 0.329503 0.000086
0.013025 0.239679 0.262839 0.149631 0.003419 0.331319 0.000089
0.013148 0.238811 0.262774 0.149590 0.003410 0.332183 0.000084
0.013009 0.238325 0.262917 0.149617 0.003429 0.332616 0.000087
0.013181 0.237219 0.262777 0.149256 0.003402 0.334085 0.000081
0.013321 0.236112 0.262517 0.149383 0.003433 0.335148 0.000087
0.013200 0.235216 0.262285 0.149277 0.003414 0.336518 0.000089
0.013115 0.235027 0.262163 0.148841 0.003468 0.337301 0.000086
0.013272 0.233329 0.261801 0.148699 0.003493 0.339315 0.000091
0.013292 0.233895 0.262277 0.148990 0.003485 0.337971 0.000090
0.013304 0.232625 0.261502 0.148860 0.003493 0.340129 0.000086
0.013455 0.231678 0.261697 0.148572 0.003521 0.340977 0.000101
0.013224 0.230939 0.261510 0.148324 0.003523 0.342385 0.000096
0.013717 0.229388 0.261593 0.148332 0.003522 0.343360 0.000088
0.013405 0.229831 0.261297 0.148458 0.003540 0.343375 0.000095
0.013670 0.228546 0.260945 0.147953 0.003489 0.345305 0.000093
0.013388 0.227669 0.260644 0.148381 0.003553 0.346276 0.000089
0.013506 0.227110 0.260794 0.147966 0.003545 0.346983 0.000095
0.013634 0.225978 0.260452 0.148017 0.003573 0.348259 0.000087
0.013780 0.225488 0.260102 0.147742 0.003594 0.349195 0.000100
0.013512 0.225653 0.259733 0.147438 0.003548 0.350026 0.000089
0.013587 0.223972 0.259668 0.147604 0.003578 0.351499 0.000091
0.013808 0.223227 0.259461 0.147470 0.003616 0.352326 0.000093
0.013800 0.223316 0.259673 0.147352 0.003602 0.352165 0.000091
0.013789 0.221146 0.259053 0.147047 0.003569 0.355300 0.000096
0.013558 0.221128 0.259158 0.147269 0.003600 0.355195 0.000092
0.013899 0.220587 0.258371 0.146778 0.003647 0.356622 0.000095
0.013780 0.219484 0.258727 0.147185 0.003600 0.357128 0.000094
0.013630 0.219468 0.258549 0.146876 0.003659 0.357720 0.000099
0.013999 0.217347 0.258184 0.146896 0.003639 0.359830 0.000106
0.014098 0.217853 0.258334 0.146588 0.003667 0.359360 0.000101
0.013886 0.217846 0.258357 0.146582 0.003642 0.359594 0.000092
0.013981 0.216078 0.258051 0.146305 0.003622 0.361864 0.000099
0.013970 0.215781 0.257432 0.146342 0.003668 0.362704 0.000103
0.013967 0.215168 0.257451 0.146319 0.003649 0.363342 0.000103
0.013985 0.214078 0.257057 0.145838 0.003659 0.365282 0.000101
0.014043 0.213945 0.257271 0.145804 0.003693 0.365142 0.000103
0.014174 0.213814 0.256986 0.145661 0.003654 0.365612 0.000100
0.014111 0.211136 0.256416 0.145715 0.003726 0.368782 0.000113
0.014143 0.211066 0.255691 0.145872 0.003706 0.369419 0.000103
0.014189 0.211371 0.256466 0.145700 0.003693 0.368476 0.000106
0.014164 0.210427 0.255844 0.145580 0.003749 0.370141 0.000095
0.014248 0.210214 0.256190 0.145062 0.003746 0.370436 0.000105
0.014235 0.208983 0.255659 0.144903 0.003746 0.372375 0.000099
0.014162 0.207425 0.255293 0.145148 0.003769 0.374094 0.000108
0.014227 0.207800 0.255300 0.144925 0.003792 0.373846 0.000109
0.014429 0.206774 0.254845 0.144812 0.003772 0.375261 0.000108
0.014492 0.206335 0.254944 0.144545 0.003761 0.375815 0.000107
0.014359 0.205677 0.254937 0.144590 0.003785 0.376546 0.000106
0.014284 0.204988 0.254224 0.144302 0.003833 0.378261 0.000108
0.014385 0.204618 0.254000 0.144084 0.003871 0.378931 0.000112
0.014318 0.204159 0.253735 0.144066 0.003798 0.379820 0.000103
0.014338 0.203674 0.253758 0.143768 0.003825 0.380518 0.000119
0.014666 0.202419 0.253574 0.143681 0.003829 0.381718 0.000113
0.014521 0.202032 0.253253 0.143904 0.003788 0.382388 0.000114
0.014378 0.200898 0.253084 0.143264 0.003847 0.384418 0.000111
0.014460 0.201176 0.252300 0.143298 0.003879 0.384776 0.000111
0.014618 0.200104 0.252409 0.143082 0.003852 0.385813 0.000121
0.014630 0.199351 0.252216 0.143221 0.003849 0.386619 0.000114
0.014653 0.198589 0.251911 0.143016 0.003862 0.387854 0.000116
0.014590 0.198166 0.251758 0.142733 0.003923 0.388711 0.000120
0.014558 0.197841 0.251373 0.142846 0.003857 0.389412 0.000113
0.014837 0.196681 0.251322 0.142490 0.003902 0.390645 0.000124
0.014877 0.196453 0.250965 0.142112 0.003882 0.391593 0.000119
0.014956 0.195565 0.250913 0.142170 0.003907 0.392367 0.000121
0.015022 0.194835 0.250680 0.141831 0.003942 0.393576 0.000114
0.014888 0.194689 0.250349 0.141911 0.003938 0.394096 0.000129
0.015043 0.194185 0.250219 0.141958 0.004022 0.394458 0.000115
0.014909 0.193576 0.249813 0.141605 0.003965 0.396012 0.000121
0.015077 0.192760 0.249398 0.141970 0.003972 0.396705 0.000118
0.015102 0.192548 0.249663 0.141524 0.004005 0.397033 0.000125
0.015080 0.191024 0.249247 0.141273 0.003974 0.399285 0.000116
0.015036 0.190926 0.248863 0.141435 0.003943 0.399672 0.000125
0.015052 0.190620 0.248628 0.141053 0.003989 0.400540 0.000118
0.015273 0.189837 0.248468 0.140895 0.004014 0.401389 0.000123
0.015348 0.188706 0.248140 0.140705 0.004010 0.402967 0.000123
0.015099 0.188804 0.248443 0.140413 0.004050 0.403068 0.000124
0.015200 0.187883 0.248308 0.140490 0.003992 0.404002 0.000125
0.015284 0.187630 0.248078 0.140200 0.004028 0.404651 0.000128
0.015348 0.186911 0.247610 0.140333 0.004035 0.405629 0.000133
0.015474 0.186166 0.247481 0.139913 0.004032 0.406803 0.000131
0.015315 0.185997 0.247239 0.139941 0.004025 0.407356 0.000127
0.015568 0.185038 0.246904 0.139902 0.004039 0.408424 0.000126
0.015353 0.184854 0.246348 0.139567 0.004077 0.409673 0.000127
0.015505 0.183932 0.246042 0.139505 0.004070 0.410816 0.000130
0.015603 0.183628 0.245830 0.139187 0.004032 0.411580 0.000141
0.015562 0.183664 0.246057 0.139195 0.004049 0.411349 0.000124
0.015541 0.182432 0.245331 0.139038 0.004095 0.413429 0.000136
0.015769 0.182165 0.245098 0.139046 0.004062 0.413736 0.000124
0.015646 0.181299 0.244878 0.138846 0.004089 0.415110 0.000132
0.015859 0.181188 0.244778 0.138755 0.004043 0.415234 0.000142
0.015909 0.180330 0.244173 0.138652 0.004126 0.416682 0.000127
0.015822 0.180419 0.244299 0.138488 0.004097 0.416740 0.000135
0.015694 0.179004 0.243889 0.138237 0.004135 0.418910 0.000131
0.015859 0.179329 0.243848 0.138188 0.004057 0.418581 0.000139
0.015757 0.178983 0.243908 0.137885 0.004110 0.419209 0.000148
0.016171 0.176847 0.242950 0.137371 0.004144 0.422375 0.000141
0.016107 0.177208 0.242771 0.137397 0.004130 0.422256 0.000132
0.015976 0.176752 0.242864 0.137396 0.004179 0.422709 0.000125
0.016031 0.176902 0.242999 0.137200 0.004205 0.422532 0.000130
0.016151 0.176029 0.242491 0.137204 0.004169 0.423814 0.000142
0.016123 0.175411 0.241851 0.136875 0.004156 0.425452 0.000133
0.016275 0.174526 0.241637 0.136611 0.004195 0.426622 0.000135
0.016380 0.174666 0.241643 0.136470 0.004220 0.426478 0.000143
0.016365 0.174475 0.241508 0.136611 0.004202 0.426700 0.000138
0.016518 0.173543 0.240886 0.135998 0.004217 0.428690 0.000148
0.016595 0.172718 0.240285 0.136366 0.004219 0.429682 0.000135
0.016383 0.172531 0.240535 0.136066 0.004160 0.430182 0.000142
0.016469 0.172125 0.240609 0.135979 0.004173 0.430506 0.000140
0.016448 0.171362 0.240222 0.135778 0.004231 0.431813 0.000146
0.016338 0.171038 0.239969 0.135599 0.004229 0.432684 0.000144
0.016612 0.170131 0.238944 0.135383 0.004250 0.434536 0.000144
0.016668 0.169747 0.238915 0.135382 0.004258 0.434887 0.000141
0.016447 0.169272 0.238688 0.135380 0.004269 0.435803 0.000141
0.016661 0.168967 0.238229 0.135084 0.004328 0.436591 0.000138
0.016741 0.168610 0.238118 0.135165 0.004306 0.436922 0.000139
0.016767 0.168300 0.238081 0.134860 0.004314 0.437536 0.000141
0.016702 0.167606 0.237404 0.134518 0.004260 0.439359 0.000153
0.016582 0.167168 0.237605 0.134585 0.004269 0.439646 0.000146
0.016712 0.166411 0.237173 0.134537 0.004343 0.440681 0.000143
0.016896 0.166448 0.236850 0.134337 0.004268 0.441058 0.000143
0.017061 0.165635 0.236529 0.134177 0.004341 0.442103 0.000154
0.016955 0.165156 0.236604 0.134182 0.004324 0.442629 0.000149
0.016930 0.164989 0.236305 0.133916 0.004332 0.443376 0.000152
0.017157 0.164363 0.235919 0.133474 0.004328 0.444612 0.000147
0.017172 0.163711 0.235651 0.133497 0.004340 0.445470 0.000159
0.016992 0.162988 0.235027 0.133450 0.004403 0.446991 0.000149
0.017214 0.162439 0.234673 0.133505 0.004342 0.447674 0.000153
0.017099 0.162713 0.234866 0.133266 0.004354 0.447549 0.000153
0.017417 0.161932 0.234358 0.133040 0.004384 0.448715 0.000153
0.017235 0.161353 0.234412 0.132729 0.004405 0.449712 0.000154
0.017120 0.161004 0.234177 0.132763 0.004397 0.450377 0.000162
0.017348 0.160906 0.234166 0.132623 0.004356 0.450440 0.000160
0.017424 0.159868 0.233676 0.132711 0.004301 0.451860 0.000160
0.017512 0.159853 0.233365 0.132298 0.004392 0.452420 0.000160
0.017614 0.159608 0.232975 0.132317 0.004369 0.452963 0.000154
0.017483 0.158888 0.232658 0.131894 0.004380 0.454544 0.000153
0.017674 0.158851 0.232718 0.131680 0.004399 0.454516 0.000162
0.017334 0.158897 0.232532 0.131775 0.004397 0.454895 0.000168
0.017658 0.157595 0.231992 0.131566 0.004395 0.456632 0.000163
0.017583 0.157342 0.231759 0.131216 0.004436 0.457505 0.000159
0.017656 0.156760 0.231545 0.131462 0.004451 0.457957 0.000169
0.017689 0.156846 0.231237 0.131274 0.004414 0.458378 0.000161
0.017713 0.156111 0.231053 0.131025 0.004469 0.459454 0.000174
0.017727 0.155669 0.230850 0.130907 0.004432 0.460248 0.000167
0.017947 0.155094 0.230493 0.130770 0.004468 0.461058 0.000170
0.017759 0.154821 0.230115 0.130746 0.004445 0.461949 0.000166
0.017820 0.154015 0.229883 0.130163 0.004433 0.463524 0.000162
0.018033 0.153721 0.229282 0.129909 0.004471 0.464411 0.000174
0.017889 0.153626 0.228873 0.130071 0.004474 0.464903 0.000164
0.018245 0.152966 0.229223 0.129860 0.004468 0.465053 0.000185
0.018055 0.152654 0.228872 0.129548 0.004490 0.466210 0.000172
0.018179 0.151904 0.228233 0.129680 0.004474 0.467351 0.000180
0.018097 0.151494 0.228262 0.129432 0.004449 0.468085 0.000179
0.018150 0.151185 0.227735 0.129198 0.004458 0.469089 0.000186
0.018179 0.150841 0.227604 0.129404 0.004431 0.469357 0.000183
0.018316 0.150408 0.227073 0.128958 0.004497 0.470568 0.000180
0.018316 0.150371 0.227277 0.128730 0.004449 0.470683 0.000176
0.018194 0.149880 0.227039 0.128624 0.004497 0.471578 0.000187
0.018264 0.149514 0.226544 0.128604 0.004466 0.472442 0.000168
0.018704 0.148804 0.226281 0.128336 0.004500 0.473197 0.000177
0.018353 0.148464 0.225883 0.128389 0.004557 0.474177 0.000178
0.018658 0.148143 0.225711 0.127806 0.004552 0.474947 0.000182
0.018575 0.148022 0.225717 0.127936 0.004500 0.475068 0.000183
0.018696 0.147279 0.225057 0.127680 0.004587 0.476521 0.000179
0.018460 0.146949 0.225024 0.127827 0.004497 0.477060 0.000183
0.018640 0.146726 0.224594 0.127493 0.004568 0.477795 0.000184
0.018811 0.146919 0.224315 0.127264 0.004509 0.477998 0.000184
0.018892 0.146289 0.224574 0.127475 0.004527 0.478073 0.000170
0.018850 0.146068 0.223679 0.127323 0.004524 0.479369 0.000188
0.018943 0.145020 0.223387 0.126826 0.004576 0.481072 0.000177
0.019033 0.145087 0.223224 0.127181 0.004547 0.480746 0.000182
0.018888 0.144529 0.223285 0.127029 0.004581 0.481510 0.000178
0.019151 0.144157 0.222501 0.126302 0.004552 0.483133 0.000205
0.019265 0.143715 0.222309 0.126434 0.004544 0.483544 0.000189
0.019180 0.143148 0.221627 0.125828 0.004601 0.485435 0.000181
0.018930 0.143203 0.222092 0.126147 0.004583 0.484853 0.000192
0.019105 0.142527 0.221492 0.125998 0.004592 0.486109 0.000177
0.019298 0.142100 0.221560 0.125489 0.004601 0.486763 0.000189
0.019304 0.141800 0.221117 0.125326 0.004680 0.487590 0.000183
0.019349 0.141431 0.220683 0.125333 0.004620 0.488389 0.000194
0.019327 0.140992 0.219857 0.125100 0.004626 0.489918 0.000181
0.019558 0.140982 0.220368 0.125053 0.004665 0.489185 0.000188
