0.999106 0.000870 0.000012 0.000012 0.000000 0.000000 0.000000
0.998681 0.001278 0.000020 0.000006 0.000001 0.000013 0.000000
0.998245 0.001701 0.000028 0.000010 0.000000 0.000016 0.000000
0.997781 0.002156 0.000035 0.000010 0.000000 0.000017 0.000000
0.997328 0.002601 0.000039 0.000013 0.000000 0.000018 0.000000
0.996822 0.003098 0.000042 0.000020 0.000000 0.000019 0.000000
0.996295 0.003622 0.000043 0.000022 0.000000 0.000018 0.000000
0.995623 0.004283 0.000052 0.000025 0.000000 0.000017 0.000000
0.994948 0.004956 0.000056 0.000023 0.000000 0.000017 0.000000
0.993969 0.005920 0.000064 0.000032 0.000000 0.000015 0.000000
0.992696 0.007173 0.000077 0.000038 0.000000 0.000016 0.000000
0.991568 0.008265 0.000096 0.000056 0.000000 0.000016 0.000000
0.989611 0.010192 0.000113 0.000070 0.000000 0.000013 0.000000
0.987914 0.011870 0.000136 0.000070 0.000000 0.000010 0.000000
0.985248 0.014478 0.000166 0.000097 0.000000 0.000011 0.000000
0.981535 0.018124 0.000225 0.000107 0.000000 0.000009 0.000000
0.978750 0.020850 0.000256 0.000135 0.000000 0.000009 0.000000
0.974443 0.025061 0.000310 0.000172 0.000001 0.000013 0.000000
0.970006 0.029430 0.000336 0.000208 0.000000 0.000019 0.000000
0.964615 0.034677 0.000438 0.000248 0.000001 0.000022 0.000000
0.957520 0.041620 0.000515 0.000322 0.000000 0.000023 0.000000
0.950331 0.048631 0.000638 0.000378 0.000000 0.000022 0.000000
0.942606 0.056148 0.000775 0.000451 0.000000 0.000019 0.000000
0.935303 0.063257 0.000882 0.000530 0.000001 0.000027 0.000000
0.924027 0.074288 0.001031 0.000615 0.000000 0.000038 0.000000
0.914275 0.083831 0.001165 0.000689 0.000000 0.000040 0.000000
0.903293 0.094514 0.001358 0.000794 0.000000 0.000040 0.000000
0.890400 0.107040 0.001569 0.000945 0.000001 0.000046 0.000000
0.878160 0.118923 0.001804 0.001057 0.000001 0.000056 0.000000
0.863100 0.133529 0.002096 0.001207 0.000000 0.000068 0.000000
0.850090 0.146078 0.002396 0.001362 0.000001 0.000074 0.000000
0.834194 0.161423 0.002743 0.001552 0.000001 0.000088 0.000000
0.818398 0.176672 0.003082 0.001753 0.000001 0.000094 0.000000
0.802737 0.191690 0.003493 0.001981 0.000001 0.000098 0.000000
0.787211 0.206718 0.003803 0.002164 0.000001 0.000103 0.000000
0.771257 0.222054 0.004194 0.002375 0.000003 0.000117 0.000000
0.754271 0.238303 0.004646 0.002639 0.000003 0.000139 0.000000
0.736913 0.254843 0.005177 0.002906 0.000005 0.000156 0.000000
0.722480 0.268582 0.005623 0.003133 0.000005 0.000178 0.000000
0.708608 0.281756 0.006038 0.003402 0.000005 0.000191 0.000000
0.691050 0.298337 0.006627 0.003771 0.000004 0.000212 0.000000
0.675608 0.312931 0.007118 0.004090 0.000005 0.000248 0.000000
0.662293 0.325497 0.007599 0.004340 0.000006 0.000265 0.000000
0.646456 0.340345 0.008200 0.004698 0.000005 0.000297 0.000000
0.630343 0.355483 0.008807 0.005036 0.000005 0.000326 0.000000
0.616400 0.368451 0.009367 0.005411 0.000007 0.000364 0.000000
0.603033 0.380791 0.009988 0.005784 0.000007 0.000397 0.000000
0.591356 0.391541 0.010584 0.006069 0.000010 0.000439 0.000000
0.580081 0.401926 0.011150 0.006378 0.000009 0.000456 0.000000
0.568260 0.412689 0.011783 0.006764 0.000009 0.000494 0.000000
0.556004 0.423938 0.012393 0.007119 0.000010 0.000536 0.000000
0.543487 0.435298 0.013077 0.007544 0.000010 0.000584 0.000000
0.532172 0.445540 0.013751 0.007901 0.000010 0.000627 0.000000
0.518457 0.457927 0.014604 0.008329 0.000013 0.000671 0.000000
0.507824 0.467473 0.015244 0.008736 0.000015 0.000708 0.000000
0.497678 0.476517 0.015905 0.009141 0.000015 0.000745 0.000000
0.490606 0.482708 0.016452 0.009437 0.000016 0.000781 0.000000
0.477428 0.494453 0.017312 0.009961 0.000017 0.000830 0.000000
0.467487 0.503031 0.018120 0.010457 0.000018 0.000886 0.000000
0.457858 0.511548 0.018822 0.010842 0.000018 0.000912 0.000000
0.449007 0.518892 0.019754 0.011356 0.000019 0.000972 0.000000
0.438761 0.527787 0.020576 0.011826 0.000019 0.001030 0.000000
0.430925 0.534638 0.021170 0.012158 0.000019 0.001091 0.000000
0.418216 0.545595 0.022282 0.012697 0.000020 0.001189 0.000000
0.407101 0.555086 0.023204 0.013330 0.000020 0.001259 0.000000
0.398396 0.562273 0.024134 0.013841 0.000020 0.001336 0.000000
0.387083 0.571784 0.025223 0.014454 0.000020 0.001436 0.000000
0.377810 0.579307 0.026315 0.015008 0.000022 0.001538 0.000000
0.369086 0.586414 0.027280 0.015560 0.000025 0.001635 0.000000
0.362828 0.591333 0.028091 0.016016 0.000025 0.001706 0.000000
0.352499 0.599631 0.029327 0.016686 0.000028 0.001829 0.000000
0.339375 0.610377 0.030713 0.017533 0.000029 0.001973 0.000000
0.337002 0.611745 0.031307 0.017859 0.000031 0.002057 0.000000
0.325965 0.620520 0.032594 0.018668 0.000033 0.002221 0.000000
0.317986 0.626656 0.033697 0.019285 0.000034 0.002342 0.000000
0.308659 0.633511 0.035251 0.020046 0.000032 0.002501 0.000000
0.305332 0.635108 0.036238 0.020651 0.000033 0.002637 0.000000
0.296342 0.641688 0.037621 0.021523 0.000035 0.002792 0.000000
0.288152 0.647859 0.038843 0.022191 0.000035 0.002920 0.000000
0.287702 0.646841 0.039748 0.022604 0.000037 0.003067 0.000000
0.279790 0.652381 0.041114 0.023422 0.000041 0.003254 0.000000
0.270219 0.659318 0.042637 0.024323 0.000041 0.003461 0.000000
0.273502 0.655517 0.042886 0.024527 0.000044 0.003524 0.000000
0.266086 0.660008 0.044598 0.025521 0.000043 0.003743 0.000000
0.256636 0.666717 0.046207 0.026414 0.000049 0.003976 0.000000
0.258180 0.664007 0.046882 0.026785 0.000055 0.004091 0.000000
0.246049 0.673171 0.048555 0.027816 0.000058 0.004350 0.000000
0.242811 0.674027 0.049910 0.028609 0.000062 0.004580 0.000000
0.237584 0.676726 0.051375 0.029442 0.000059 0.004814 0.000000
0.230014 0.681211 0.053250 0.030401 0.000063 0.005062 0.000000
0.229637 0.680514 0.053825 0.030754 0.000065 0.005205 0.000000
0.222977 0.684216 0.055600 0.031662 0.000068 0.005477 0.000000
0.224206 0.681670 0.056285 0.032130 0.000071 0.005638 0.000000
0.220810 0.683106 0.057460 0.032777 0.000078 0.005769 0.000000
0.216272 0.684686 0.059109 0.033775 0.000078 0.006079 0.000000
0.208192 0.689231 0.061083 0.034996 0.000081 0.006417 0.000000
0.212840 0.685170 0.060737 0.034738 0.000084 0.006431 0.000000
0.205147 0.688606 0.063022 0.036231 0.000089 0.006905 0.000000
0.208037 0.684861 0.063576 0.036413 0.000090 0.007022 0.000000
0.197837 0.690738 0.065951 0.037897 0.000091 0.007486 0.000000
0.196661 0.690158 0.066992 0.038406 0.000094 0.007688 0.000000
0.201219 0.684116 0.067876 0.038774 0.000098 0.007916 0.000000
0.192427 0.689835 0.069596 0.039791 0.000099 0.008252 0.000000
0.193986 0.686464 0.070587 0.040341 0.000102 0.008520 0.000000
0.196167 0.683297 0.071023 0.040689 0.000110 0.008714 0.000000
0.187348 0.687963 0.073416 0.041952 0.000110 0.009210 0.000000
0.185483 0.687700 0.074636 0.042537 0.000119 0.009526 0.000000
0.181277 0.689131 0.076120 0.043490 0.000121 0.009861 0.000000
0.178983 0.690206 0.076806 0.043779 0.000125 0.010102 0.000000
0.173318 0.692747 0.078559 0.044726 0.000130 0.010520 0.000000
0.163597 0.697946 0.081068 0.046202 0.000139 0.011048 0.000000
0.164165 0.696794 0.081373 0.046383 0.000142 0.011142 0.000000
0.156251 0.700660 0.083683 0.047598 0.000139 0.011670 0.000000
0.150352 0.704008 0.085021 0.048462 0.000142 0.012014 0.000000
0.147112 0.703997 0.086952 0.049321 0.000147 0.012471 0.000000
0.141465 0.705920 0.088921 0.050528 0.000157 0.013010 0.000000
0.139302 0.705751 0.090155 0.051281 0.000160 0.013352 0.000000
0.137882 0.704584 0.091501 0.052084 0.000162 0.013787 0.000000
0.131278 0.707767 0.093513 0.053089 0.000166 0.014187 0.000000
0.126600 0.708607 0.095512 0.054349 0.000165 0.014767 0.000000
0.123791 0.708502 0.097060 0.055210 0.000176 0.015260 0.000000
0.123593 0.706173 0.098459 0.055950 0.000181 0.015644 0.000000
0.120092 0.706135 0.100263 0.057037 0.000192 0.016280 0.000000
0.115103 0.708577 0.101705 0.057846 0.000196 0.016573 0.000000
0.111438 0.708107 0.103869 0.059081 0.000212 0.017293 0.000000
0.109072 0.707670 0.105508 0.059777 0.000210 0.017763 0.000000
0.111986 0.703991 0.105680 0.060042 0.000223 0.018077 0.000000
0.114562 0.698267 0.107392 0.060969 0.000217 0.018593 0.000000
0.109353 0.698664 0.109874 0.062560 0.000233 0.019316 0.000000
0.110645 0.696423 0.110279 0.062820 0.000243 0.019590 0.000000
0.110586 0.694010 0.111665 0.063430 0.000229 0.020079 0.000000
0.105726 0.695401 0.113313 0.064661 0.000249 0.020649 0.000000
0.106354 0.693640 0.113953 0.064868 0.000253 0.020933 0.000000
0.105257 0.691541 0.115768 0.065623 0.000263 0.021548 0.000000
0.102376 0.690767 0.117543 0.066816 0.000264 0.022234 0.000000
0.097557 0.692736 0.119044 0.067596 0.000270 0.022796 0.000000
0.097154 0.690805 0.120202 0.068329 0.000279 0.023232 0.000000
0.091633 0.691669 0.122659 0.069681 0.000291 0.024068 0.000000
0.089085 0.693052 0.123260 0.069967 0.000294 0.024342 0.000000
0.087441 0.689853 0.125809 0.071342 0.000307 0.025247 0.000000
0.087539 0.688077 0.126439 0.071868 0.000310 0.025768 0.000000
0.080860 0.689661 0.129188 0.073399 0.000309 0.026583 0.000000
0.079120 0.690883 0.129491 0.073472 0.000316 0.026718 0.000000
0.076983 0.688598 0.131740 0.074728 0.000323 0.027628 0.000000
0.075230 0.687216 0.133265 0.075497 0.000338 0.028454 0.000000
0.075658 0.682849 0.135187 0.076659 0.000342 0.029305 0.000000
0.076619 0.681209 0.135368 0.076951 0.000351 0.029501 0.000000
0.075157 0.679660 0.137016 0.077656 0.000365 0.030145 0.000000
0.075282 0.678225 0.137594 0.078045 0.000360 0.030495 0.000000
0.068914 0.678179 0.140816 0.079907 0.000379 0.031805 0.000000
0.071091 0.675001 0.141272 0.080118 0.000389 0.032129 0.000000
0.065169 0.677346 0.143227 0.081074 0.000388 0.032796 0.000000
0.067336 0.671636 0.144913 0.082031 0.000409 0.033676 0.000000
0.065369 0.672181 0.145500 0.082467 0.000414 0.034069 0.000000
0.066790 0.667636 0.147059 0.083272 0.000399 0.034843 0.000000
0.066970 0.664260 0.148694 0.084027 0.000414 0.035633 0.000001
0.066569 0.663571 0.148917 0.084381 0.000432 0.036130 0.000001
0.067282 0.659366 0.150822 0.085263 0.000437 0.036829 0.000001
0.069788 0.656631 0.150588 0.085379 0.000442 0.037171 0.000001
0.076319 0.650347 0.150334 0.085252 0.000437 0.037310 0.000001
0.075805 0.647562 0.151909 0.085979 0.000458 0.038286 0.000001
0.076745 0.645074 0.152590 0.086434 0.000462 0.038694 0.000001
0.071074 0.645451 0.155329 0.087828 0.000454 0.039864 0.000001
0.070589 0.645376 0.155435 0.088069 0.000475 0.040054 0.000002
0.077217 0.637741 0.155537 0.088321 0.000478 0.040704 0.000002
0.075096 0.636899 0.156971 0.088968 0.000486 0.041579 0.000001
0.082360 0.631334 0.155971 0.088365 0.000489 0.041479 0.000003
0.075011 0.632901 0.158899 0.089880 0.000508 0.042799 0.000003
0.073821 0.632020 0.159805 0.090457 0.000508 0.043388 0.000001
0.076577 0.628302 0.159972 0.090673 0.000518 0.043955 0.000003
0.072688 0.629500 0.161291 0.091306 0.000519 0.044693 0.000003
0.070298 0.628422 0.162829 0.092288 0.000531 0.045629 0.000004
0.068002 0.627623 0.164316 0.093137 0.000549 0.046370 0.000003
0.066072 0.626952 0.165468 0.093747 0.000554 0.047205 0.000002
0.060781 0.626758 0.168250 0.095276 0.000569 0.048364 0.000002
0.060927 0.625662 0.168379 0.095641 0.000562 0.048826 0.000003
0.060554 0.625899 0.168505 0.095402 0.000571 0.049067 0.000002
0.057841 0.624847 0.170118 0.096547 0.000584 0.050061 0.000002
0.051239 0.624316 0.173626 0.098496 0.000611 0.051709 0.000003
0.050785 0.624596 0.173549 0.098498 0.000596 0.051974 0.000003
0.051915 0.621632 0.173971 0.098918 0.000600 0.052963 0.000003
0.044072 0.622137 0.177940 0.100775 0.000630 0.054444 0.000002
0.042749 0.621459 0.178774 0.101489 0.000638 0.054889 0.000001
0.042972 0.619825 0.179386 0.101604 0.000659 0.055551 0.000003
0.040072 0.617608 0.181813 0.102916 0.000673 0.056917 0.000003
0.040474 0.615122 0.182478 0.103487 0.000685 0.057752 0.000002
0.037112 0.615614 0.184234 0.104030 0.000672 0.058333 0.000004
0.036042 0.614188 0.184853 0.104935 0.000700 0.059279 0.000003
0.034920 0.611070 0.186861 0.105942 0.000712 0.060491 0.000003
0.035032 0.608566 0.187901 0.106334 0.000712 0.061454 0.000002
0.032222 0.608486 0.189375 0.107142 0.000724 0.062049 0.000002
0.031687 0.607940 0.189795 0.107377 0.000718 0.062479 0.000004
0.029701 0.603851 0.192343 0.109025 0.000761 0.064316 0.000003
0.029224 0.601352 0.193526 0.109666 0.000769 0.065460 0.000002
0.030092 0.599654 0.193953 0.109850 0.000768 0.065681 0.000002
0.028062 0.598016 0.195342 0.110931 0.000786 0.066859 0.000004
0.027216 0.597192 0.196257 0.111237 0.000792 0.067304 0.000003
0.026414 0.594655 0.197631 0.112062 0.000808 0.068426 0.000004
0.025380 0.590426 0.199956 0.113260 0.000821 0.070155 0.000003
0.025790 0.590198 0.199627 0.113262 0.000812 0.070308 0.000002
0.025035 0.585808 0.201911 0.114428 0.000842 0.071972 0.000003
0.024518 0.587073 0.201434 0.114236 0.000822 0.071914 0.000002
0.024316 0.583656 0.202927 0.114964 0.000861 0.073273 0.000003
0.030273 0.576741 0.203094 0.115143 0.000847 0.073899 0.000002
0.030692 0.573964 0.204054 0.115648 0.000837 0.074803 0.000002
0.029762 0.574231 0.203949 0.115711 0.000854 0.075490 0.000003
0.032340 0.569576 0.204947 0.116064 0.000861 0.076209 0.000003
0.032771 0.566739 0.205965 0.116417 0.000853 0.077252 0.000002
0.032092 0.567106 0.205686 0.116684 0.000863 0.077567 0.000003
0.034754 0.562539 0.206473 0.117052 0.000882 0.078298 0.000002
0.034143 0.561146 0.206991 0.117669 0.000886 0.079163 0.000001
0.033737 0.560239 0.207596 0.117631 0.000891 0.079904 0.000002
0.032182 0.558945 0.208645 0.118121 0.000907 0.081196 0.000003
0.030821 0.556496 0.210232 0.119121 0.000913 0.082415 0.000002
0.034406 0.552775 0.209677 0.119166 0.000926 0.083047 0.000003
0.030896 0.553170 0.211279 0.119941 0.000937 0.083772 0.000004
0.029282 0.551984 0.212282 0.120493 0.000973 0.084983 0.000003
0.029285 0.549481 0.213099 0.120992 0.000979 0.086161 0.000003
0.028392 0.547995 0.214295 0.121333 0.000993 0.086989 0.000003
0.029448 0.546296 0.214427 0.121539 0.000997 0.087291 0.000003
0.027460 0.545278 0.215594 0.122090 0.001036 0.088539 0.000003
0.024152 0.543437 0.217831 0.123405 0.001017 0.090155 0.000004
0.026163 0.541280 0.217563 0.123364 0.001011 0.090614 0.000004
0.025192 0.541892 0.217539 0.123280 0.001010 0.091081 0.000006
0.024613 0.538661 0.218913 0.124059 0.001039 0.092708 0.000006
0.027703 0.534650 0.219178 0.124097 0.001067 0.093300 0.000005
0.030657 0.530490 0.219487 0.124265 0.001069 0.094026 0.000006
0.032018 0.527132 0.219881 0.124810 0.001083 0.095069 0.000007
0.031563 0.526165 0.220695 0.124619 0.001092 0.095861 0.000006
0.034624 0.524057 0.220060 0.124319 0.001086 0.095848 0.000005
0.035038 0.520679 0.220968 0.125164 0.001101 0.097045 0.000006
0.034641 0.521316 0.220567 0.124731 0.001129 0.097610 0.000007
0.034130 0.519043 0.221672 0.125421 0.001136 0.098592 0.000006
0.031786 0.516548 0.223527 0.126465 0.001152 0.100515 0.000008
0.033474 0.515205 0.223092 0.126244 0.001166 0.100812 0.000007
0.029915 0.515947 0.224459 0.126789 0.001175 0.101708 0.000007
0.029612 0.513741 0.224982 0.127282 0.001205 0.103168 0.000010
0.029165 0.513889 0.225117 0.127200 0.001187 0.103431 0.000013
0.028430 0.511619 0.225911 0.128283 0.001187 0.104560 0.000010
0.026451 0.510419 0.227026 0.128727 0.001200 0.106165 0.000011
0.026934 0.508984 0.227367 0.128628 0.001224 0.106851 0.000012
0.026429 0.507641 0.227965 0.129009 0.001235 0.107709 0.000012
0.023594 0.504631 0.230121 0.130601 0.001247 0.109795 0.000011
0.023962 0.504512 0.229859 0.130316 0.001251 0.110087 0.000013
0.024020 0.503926 0.230111 0.130018 0.001283 0.110631 0.000011
0.023149 0.500037 0.231621 0.131264 0.001284 0.112632 0.000013
0.022590 0.498657 0.232272 0.131549 0.001294 0.113626 0.000012
0.021783 0.496765 0.233422 0.132165 0.001324 0.114526 0.000014
0.020528 0.495001 0.234223 0.132983 0.001332 0.115922 0.000012
0.020120 0.493511 0.235023 0.133123 0.001342 0.116869 0.000012
0.019534 0.493386 0.235283 0.133219 0.001349 0.117214 0.000014
0.018943 0.488896 0.237028 0.134356 0.001376 0.119387 0.000014
0.019225 0.488583 0.236708 0.134217 0.001368 0.119883 0.000016
0.018706 0.486324 0.237666 0.134667 0.001409 0.121216 0.000013
0.018097 0.484104 0.238542 0.135158 0.001429 0.122655 0.000015
0.018885 0.482301 0.238760 0.135329 0.001409 0.123301 0.000015
0.027530 0.477027 0.236866 0.134237 0.001430 0.122895 0.000016
0.025468 0.476004 0.237926 0.134905 0.001414 0.124268 0.000015
0.028460 0.472543 0.237678 0.134868 0.001410 0.125024 0.000017
0.025850 0.472232 0.239063 0.135261 0.001431 0.126148 0.000015
0.026773 0.472007 0.238461 0.134833 0.001444 0.126466 0.000014
0.027152 0.468994 0.238884 0.135725 0.001469 0.127761 0.000015
0.026102 0.466099 0.240366 0.136322 0.001481 0.129616 0.000014
0.026100 0.467138 0.239917 0.135835 0.001481 0.129516 0.000014
0.029176 0.463920 0.239823 0.135567 0.001483 0.130017 0.000015
0.030951 0.461668 0.239557 0.135671 0.001501 0.130639 0.000014
0.029585 0.462240 0.239752 0.135673 0.001504 0.131232 0.000014
0.028388 0.461190 0.240401 0.136311 0.001511 0.132185 0.000015
0.025768 0.459847 0.241637 0.136876 0.001516 0.134337 0.000019
0.028409 0.458313 0.240700 0.136309 0.001516 0.134736 0.000017
0.026413 0.456449 0.242340 0.137183 0.001531 0.136067 0.000016
0.024617 0.453733 0.243888 0.137993 0.001555 0.138200 0.000014
0.021213 0.454706 0.244584 0.138904 0.001549 0.139027 0.000018
0.023479 0.452816 0.244387 0.138367 0.001576 0.139359 0.000016
0.021128 0.450315 0.246285 0.139175 0.001592 0.141485 0.000019
0.021317 0.449124 0.246162 0.139584 0.001598 0.142198 0.000018
0.021165 0.448912 0.246202 0.139405 0.001598 0.142698 0.000020
0.019258 0.445261 0.248156 0.140450 0.001634 0.145223 0.000018
0.020730 0.445635 0.246540 0.140116 0.001653 0.145308 0.000019
0.018869 0.444252 0.248270 0.140360 0.001654 0.146574 0.000021
0.018506 0.442294 0.248609 0.140956 0.001659 0.147956 0.000020
0.019137 0.441852 0.248277 0.140756 0.001662 0.148298 0.000018
0.018495 0.438559 0.249492 0.141610 0.001669 0.150155 0.000020
0.017667 0.437517 0.250161 0.141706 0.001714 0.151218 0.000018
0.023091 0.434113 0.248919 0.141086 0.001711 0.151058 0.000022
0.028636 0.430558 0.247796 0.140469 0.001733 0.150787 0.000020
0.026945 0.431107 0.247888 0.140730 0.001720 0.151594 0.000017
0.029336 0.427215 0.248303 0.140761 0.001724 0.152640 0.000020
0.027676 0.426101 0.249106 0.141042 0.001751 0.154304 0.000021
0.031681 0.424390 0.247669 0.140502 0.001710 0.154030 0.000017
0.031633 0.421209 0.248500 0.140867 0.001767 0.156005 0.000019
0.028430 0.422246 0.249621 0.141384 0.001772 0.156525 0.000023
0.029797 0.421592 0.248895 0.140930 0.001769 0.156995 0.000021
0.028022 0.420837 0.249751 0.141367 0.001789 0.158213 0.000020
0.028919 0.419746 0.249206 0.141247 0.001809 0.159053 0.000020
0.026510 0.417181 0.251247 0.142188 0.001824 0.161026 0.000024
0.024415 0.416960 0.251878 0.142761 0.001832 0.162129 0.000024
0.025827 0.417702 0.250520 0.141761 0.001826 0.162337 0.000027
0.022666 0.416076 0.252512 0.143058 0.001863 0.163803 0.000022
0.024548 0.413471 0.251952 0.142507 0.001851 0.165645 0.000025
0.021827 0.410958 0.253991 0.143614 0.001901 0.167682 0.000027
0.020372 0.409366 0.254860 0.144125 0.001883 0.169370 0.000025
0.022023 0.411086 0.253338 0.143502 0.001893 0.168128 0.000029
0.020197 0.407879 0.255077 0.144356 0.001916 0.170549 0.000026
0.020154 0.407242 0.255175 0.144291 0.001918 0.171193 0.000026
0.018349 0.405544 0.256155 0.145012 0.001918 0.172998 0.000023
0.017891 0.402713 0.256880 0.145437 0.001960 0.175096 0.000023
0.018910 0.403025 0.256274 0.144944 0.001931 0.174891 0.000025
0.017858 0.403165 0.256072 0.145268 0.001926 0.175687 0.000024
0.018676 0.401871 0.256039 0.145217 0.001924 0.176247 0.000027
0.015852 0.397003 0.258998 0.146496 0.001993 0.179633 0.000025
0.017036 0.397535 0.257846 0.145964 0.001979 0.179615 0.000026
0.016821 0.396124 0.258177 0.146198 0.002002 0.180651 0.000028
0.016221 0.394751 0.258827 0.146723 0.002033 0.181420 0.000025
0.016609 0.395236 0.258479 0.146102 0.002038 0.181512 0.000026
0.015752 0.389805 0.259988 0.147004 0.002064 0.185364 0.000023
0.015635 0.389917 0.259856 0.147262 0.002026 0.185279 0.000026
0.014882 0.386694 0.260989 0.147967 0.002101 0.187343 0.000025
0.014092 0.384058 0.262080 0.148344 0.002077 0.189321 0.000028
0.014997 0.384959 0.260925 0.147872 0.002113 0.189106 0.000028
0.015273 0.384190 0.260924 0.147975 0.002062 0.189550 0.000026
0.015018 0.382766 0.261365 0.147901 0.002121 0.190799 0.000029
0.015215 0.382218 0.261248 0.147811 0.002121 0.191357 0.000031
0.014680 0.380285 0.261593 0.148343 0.002170 0.192902 0.000026
0.014409 0.377161 0.262807 0.148517 0.002150 0.194932 0.000023
0.014565 0.376059 0.262845 0.148743 0.002185 0.195577 0.000027
0.014354 0.373980 0.263133 0.149020 0.002154 0.197330 0.000028
0.014521 0.373485 0.263183 0.148998 0.002189 0.197597 0.000028
0.014169 0.374329 0.263209 0.148840 0.002196 0.197228 0.000028
0.014304 0.370737 0.263281 0.149427 0.002223 0.199996 0.000032
0.013996 0.368362 0.264249 0.149387 0.002245 0.201731 0.000030
0.014604 0.369884 0.263141 0.149057 0.002204 0.201080 0.000030
0.013862 0.366160 0.264273 0.149765 0.002285 0.203625 0.000030
0.013903 0.366625 0.263941 0.149524 0.002257 0.203719 0.000031
0.014025 0.364812 0.264077 0.149497 0.002274 0.205281 0.000033
0.013953 0.362268 0.265101 0.149962 0.002301 0.206378 0.000036
0.013866 0.360437 0.264968 0.149857 0.002323 0.208515 0.000034
0.014029 0.359858 0.265126 0.149791 0.002314 0.208845 0.000037
0.013801 0.357484 0.265810 0.150175 0.002352 0.210339 0.000039
0.013688 0.356356 0.265351 0.150535 0.002328 0.211708 0.000035
0.013656 0.354162 0.266293 0.150432 0.002335 0.213089 0.000034
0.013751 0.353544 0.266003 0.150485 0.002406 0.213773 0.000038
0.013735 0.353362 0.265782 0.150452 0.002371 0.214261 0.000037
0.013960 0.353034 0.265756 0.150105 0.002376 0.214731 0.000039
0.014086 0.350534 0.265681 0.150530 0.002361 0.216767 0.000040
0.013857 0.348787 0.266256 0.150586 0.002394 0.218080 0.000039
0.013759 0.347214 0.266849 0.150782 0.002412 0.218940 0.000043
0.013720 0.346944 0.266526 0.150925 0.002407 0.219434 0.000044
0.013985 0.345606 0.266501 0.150935 0.002408 0.220528 0.000036
0.013726 0.344109 0.266590 0.150819 0.002445 0.222269 0.000041
0.013829 0.343246 0.266789 0.150972 0.002463 0.222660 0.000041
0.014171 0.341633 0.266526 0.150991 0.002462 0.224175 0.000043
0.013669 0.340980 0.266936 0.151183 0.002448 0.224740 0.000043
0.013924 0.338447 0.267330 0.150990 0.002480 0.226785 0.000044
0.014081 0.338246 0.266842 0.151097 0.002484 0.227204 0.000047
0.013827 0.336230 0.267377 0.151169 0.002469 0.228888 0.000040
0.013730 0.335685 0.267332 0.151228 0.002507 0.229479 0.000040
0.013945 0.333936 0.267244 0.151327 0.002533 0.230970 0.000045
0.013999 0.331808 0.267837 0.151324 0.002580 0.232405 0.000046
0.013768 0.331229 0.267583 0.151801 0.002515 0.233064 0.000039
0.013866 0.330467 0.267651 0.151554 0.002531 0.233884 0.000048
0.013846 0.330015 0.267676 0.151354 0.002577 0.234486 0.000045
0.013651 0.326770 0.268339 0.151932 0.002587 0.236675 0.000046
0.014089 0.324752 0.268279 0.151874 0.002591 0.238368 0.000049
0.013820 0.325711 0.267892 0.151799 0.002584 0.238142 0.000051
0.013858 0.326322 0.267785 0.151436 0.002579 0.237969 0.000052
0.013938 0.322844 0.268039 0.151544 0.002626 0.240963 0.000047
0.013822 0.322745 0.268024 0.151957 0.002577 0.240825 0.000050
0.013902 0.322921 0.267612 0.151465 0.002610 0.241436 0.000054
0.013881 0.319367 0.268318 0.151934 0.002630 0.243817 0.000053
0.014030 0.318390 0.268161 0.151799 0.002650 0.244918 0.000051
0.013793 0.317661 0.268686 0.151685 0.002673 0.245448 0.000054
0.013720 0.316025 0.268217 0.151886 0.002695 0.247402 0.000055
0.014100 0.315910 0.267926 0.151396 0.002691 0.247926 0.000052
0.014027 0.315509 0.267744 0.151517 0.002663 0.248486 0.000053
0.013820 0.313795 0.268043 0.151682 0.002684 0.249926 0.000050
0.013827 0.312740 0.268046 0.151770 0.002710 0.250854 0.000052
0.014196 0.311328 0.268018 0.151790 0.002718 0.251896 0.000054
0.014075 0.310203 0.268208 0.151632 0.002732 0.253095 0.000055
0.014020 0.309943 0.267853 0.151783 0.002684 0.253665 0.000051
0.013930 0.306890 0.268319 0.151750 0.002764 0.256296 0.000051
0.013825 0.305273 0.268285 0.151921 0.002766 0.257882 0.000049
0.014097 0.306235 0.267991 0.151821 0.002750 0.257054 0.000053
0.014046 0.304295 0.267986 0.151938 0.002767 0.258918 0.000050
0.014040 0.302757 0.268538 0.151941 0.002789 0.259883 0.000052
0.013935 0.302047 0.268119 0.152228 0.002810 0.260808 0.000053
0.014234 0.301136 0.268251 0.151438 0.002826 0.262059 0.000056
0.014169 0.300484 0.267858 0.151777 0.002828 0.262825 0.000058
0.014075 0.298082 0.268488 0.152116 0.002849 0.264327 0.000062
0.014000 0.297836 0.268409 0.151851 0.002848 0.265003 0.000053
0.013965 0.295981 0.268477 0.151837 0.002876 0.266806 0.000058
0.014164 0.295170 0.268145 0.151605 0.002862 0.268000 0.000054
0.014072 0.294806 0.268243 0.151789 0.002851 0.268179 0.000059
0.014056 0.294195 0.268151 0.151708 0.002873 0.268959 0.000059
0.014507 0.291830 0.268208 0.151590 0.002903 0.270904 0.000058
0.014292 0.291781 0.268318 0.151485 0.002870 0.271190 0.000064
0.014130 0.290418 0.268159 0.151731 0.002895 0.272604 0.000062
0.014203 0.289851 0.267959 0.151647 0.002883 0.273401 0.000056
0.014280 0.287695 0.268190 0.151535 0.002950 0.275297 0.000054
0.014196 0.288869 0.267887 0.151492 0.002930 0.274565 0.000061
0.014329 0.287003 0.267717 0.151426 0.002992 0.276473 0.000060
0.014141 0.285306 0.267931 0.151535 0.002938 0.278088 0.000061
0.014477 0.284280 0.267687 0.151099 0.002936 0.279457 0.000063
0.014389 0.284631 0.267516 0.151462 0.002958 0.278982 0.000061
0.014364 0.283075 0.267660 0.151579 0.002898 0.280366 0.000057
0.014240 0.281452 0.267654 0.151462 0.002989 0.282143 0.000059
0.014198 0.280049 0.267755 0.151427 0.002978 0.283529 0.000064
0.014552 0.278752 0.267791 0.151211 0.002988 0.284645 0.000062
0.014471 0.278598 0.267513 0.151009 0.002989 0.285353 0.000067
0.014380 0.278630 0.267448 0.151267 0.002987 0.285224 0.000063
0.014590 0.277481 0.266812 0.151138 0.002999 0.286917 0.000064
0.014393 0.275794 0.267158 0.151162 0.003032 0.288394 0.000068
0.014403 0.274884 0.266982 0.151196 0.002998 0.289472 0.000064
0.014590 0.273773 0.266877 0.151164 0.003071 0.290460 0.000065
0.014733 0.273877 0.266628 0.150741 0.003058 0.290892 0.000070
0.014662 0.271839 0.266783 0.150762 0.003056 0.292830 0.000068
0.014436 0.272384 0.266894 0.151166 0.003075 0.291970 0.000075
0.014661 0.271541 0.266499 0.150719 0.003069 0.293447 0.000065
0.014607 0.267977 0.267094 0.151019 0.003120 0.296113 0.000069
0.014771 0.268262 0.266430 0.150649 0.003088 0.296735 0.000065
0.014741 0.267705 0.266201 0.150762 0.003091 0.297426 0.000074
0.014735 0.267281 0.265920 0.150592 0.003094 0.298309 0.000070
0.014741 0.264930 0.266291 0.150864 0.003121 0.299980 0.000073
0.014665 0.265114 0.265840 0.150843 0.003145 0.300323 0.000072
0.014726 0.263255 0.266004 0.150916 0.003137 0.301889 0.000073
0.014722 0.262527 0.266050 0.150503 0.003135 0.302987 0.000076
0.014653 0.260652 0.265850 0.150656 0.003133 0.304982 0.000074
0.014701 0.260403 0.265714 0.150279 0.003152 0.305679 0.000071
0.014952 0.260408 0.265205 0.150282 0.003176 0.305906 0.000072
0.014423 0.261735 0.265645 0.150151 0.003124 0.304852 0.000070
0.014873 0.258836 0.265200 0.150380 0.003187 0.307451 0.000074
0.014723 0.257971 0.265159 0.150276 0.003193 0.308603 0.000075
0.014991 0.255989 0.265481 0.149942 0.003226 0.310296 0.000074
0.015176 0.254839 0.265236 0.149825 0.003213 0.311635 0.000076
0.014979 0.253969 0.264582 0.150076 0.003239 0.313082 0.000073
0.014920 0.253580 0.264741 0.149731 0.003222 0.313732 0.000075
0.015099 0.252248 0.264830 0.149733 0.003258 0.314754 0.000078
0.014735 0.251393 0.264661 0.149626 0.003309 0.316198 0.000078
0.015032 0.250444 0.264219 0.149579 0.003288 0.317362 0.000077
0.015135 0.249647 0.264496 0.149130 0.003286 0.318232 0.000075
0.015089 0.249646 0.264278 0.149569 0.003301 0.318037 0.000079
0.015250 0.248575 0.264000 0.149385 0.003346 0.319364 0.000081
0.015144 0.248166 0.263549 0.149240 0.003353 0.320464 0.000083
0.015078 0.247527 0.263873 0.149278 0.003324 0.320849 0.000072
0.015421 0.246327 0.263525 0.148923 0.003319 0.322402 0.000082
0.015036 0.245144 0.263522 0.148880 0.003354 0.323983 0.000082
0.015243 0.245410 0.263286 0.149055 0.003313 0.323610 0.000082
0.015361 0.243883 0.263212 0.148380 0.003347 0.325744 0.000072
0.015222 0.242745 0.263085 0.148856 0.003351 0.326665 0.000076
0.015231 0.243104 0.262934 0.148970 0.003358 0.326323 0.000080
0.015200 0.242133 0.262293 0.148784 0.003363 0.328141 0.000085
0.015375 0.240469 0.262528 0.148163 0.003416 0.329970 0.000079
0.015419 0.240835 0.262698 0.148186 0.003391 0.329386 0.000085
0.015348 0.239152 0.262389 0.148311 0.003399 0.331320 0.000081
0.015215 0.239341 0.262324 0.148448 0.003433 0.331163 0.000076
0.015500 0.236561 0.262161 0.148552 0.003425 0.333721 0.000079
0.015471 0.238163 0.261746 0.148034 0.003440 0.333067 0.000080
0.015458 0.235967 0.261425 0.147789 0.003410 0.335867 0.000084
0.015781 0.236160 0.261612 0.147949 0.003453 0.334965 0.000079
0.015333 0.235017 0.261506 0.148053 0.003452 0.336548 0.000090
0.015978 0.233679 0.260797 0.147564 0.003466 0.338433 0.000083
0.015597 0.233103 0.261311 0.147293 0.003481 0.339124 0.000091
0.015770 0.231421 0.260846 0.147561 0.003489 0.340823 0.000090
0.015705 0.231572 0.260840 0.147496 0.003481 0.340821 0.000086
0.015730 0.231704 0.261100 0.147032 0.003530 0.340822 0.000082
0.015930 0.230930 0.260321 0.147101 0.003469 0.342161 0.000088
0.015655 0.230208 0.260101 0.147643 0.003497 0.342808 0.000089
0.015899 0.228676 0.260042 0.146658 0.003549 0.345084 0.000091
0.015649 0.227511 0.259601 0.146879 0.003568 0.346701 0.000090
0.015800 0.228371 0.259692 0.146625 0.003547 0.345873 0.000093
0.015960 0.227050 0.259387 0.146629 0.003585 0.347297 0.000092
0.015756 0.225001 0.259177 0.146663 0.003620 0.349686 0.000097
0.016373 0.224519 0.258982 0.146398 0.003625 0.350007 0.000096
0.015686 0.224888 0.259124 0.146182 0.003568 0.350458 0.000093
0.016131 0.222758 0.258649 0.146318 0.003595 0.352454 0.000095
0.016266 0.222595 0.258008 0.146262 0.003604 0.353168 0.000097
0.015914 0.221968 0.258539 0.146098 0.003604 0.353776 0.000101
0.016155 0.221164 0.258193 0.145923 0.003659 0.354807 0.000098
0.016148 0.221177 0.258144 0.146032 0.003611 0.354796 0.000092
0.016372 0.219672 0.257642 0.145709 0.003639 0.356874 0.000092
0.016290 0.219737 0.257524 0.145636 0.003630 0.357085 0.000097
0.016331 0.218479 0.257142 0.145536 0.003581 0.358840 0.000091
0.016098 0.217700 0.257428 0.145508 0.003639 0.359527 0.000100
0.016451 0.216285 0.256900 0.145415 0.003647 0.361204 0.000099
0.016596 0.216824 0.256638 0.144971 0.003666 0.361202 0.000103
0.016481 0.216295 0.256755 0.145069 0.003649 0.361653 0.000098
0.016525 0.215353 0.256300 0.144732 0.003642 0.363345 0.000102
0.016455 0.214180 0.256213 0.144842 0.003616 0.364597 0.000097
0.016516 0.214501 0.255916 0.144391 0.003697 0.364873 0.000105
0.016590 0.212485 0.255966 0.144526 0.003680 0.366649 0.000105
0.016585 0.211614 0.255830 0.144365 0.003715 0.367784 0.000106
0.016682 0.211930 0.255579 0.144482 0.003698 0.367520 0.000109
0.016484 0.211427 0.255176 0.144307 0.003703 0.368798 0.000106
0.016679 0.211536 0.254851 0.143931 0.003678 0.369224 0.000102
0.016819 0.209256 0.255102 0.143891 0.003718 0.371093 0.000120
0.016630 0.209430 0.254707 0.144028 0.003721 0.371379 0.000104
0.016691 0.207956 0.254307 0.144013 0.003758 0.373161 0.000115
0.017069 0.207709 0.254133 0.143562 0.003772 0.373647 0.000108
0.016743 0.206886 0.253595 0.143608 0.003759 0.375303 0.000106
0.016963 0.205789 0.253693 0.143340 0.003809 0.376294 0.000113
0.016928 0.205829 0.254064 0.143321 0.003820 0.375933 0.000106
0.016778 0.205317 0.253599 0.143174 0.003747 0.377283 0.000102
0.017037 0.204721 0.253385 0.142981 0.003767 0.377997 0.000111
0.017087 0.202932 0.253094 0.142968 0.003860 0.379950 0.000109
0.016968 0.202487 0.252872 0.142785 0.003858 0.380914 0.000116
0.016839 0.201890 0.252780 0.142789 0.003879 0.381710 0.000113
0.017098 0.201349 0.252196 0.142242 0.003839 0.383157 0.000119
0.017277 0.200752 0.252401 0.142212 0.003848 0.383393 0.000118
0.017237 0.200842 0.251691 0.142185 0.003899 0.384034 0.000111
0.017230 0.200579 0.251866 0.142177 0.003827 0.384203 0.000118
0.017144 0.199238 0.251403 0.142197 0.003887 0.386017 0.000113
0.017509 0.199192 0.250818 0.142023 0.003910 0.386435 0.000113
0.017263 0.198983 0.251081 0.141810 0.003905 0.386839 0.000117
0.017434 0.197917 0.250787 0.141777 0.003862 0.388104 0.000119
0.017465 0.197528 0.250539 0.141935 0.003893 0.388523 0.000117
0.017406 0.196264 0.249972 0.141591 0.003904 0.390747 0.000116
0.017443 0.195114 0.250187 0.141359 0.003903 0.391874 0.000120
0.017127 0.194760 0.249809 0.141144 0.003932 0.393113 0.000114
0.017332 0.194235 0.249331 0.140960 0.003906 0.394117 0.000119
0.017725 0.194602 0.249593 0.140942 0.003958 0.393054 0.000126
0.017768 0.193619 0.248970 0.141118 0.003944 0.394461 0.000121
0.017978 0.193425 0.248978 0.140844 0.003915 0.394745 0.000115
0.017428 0.192000 0.248398 0.140745 0.004014 0.397287 0.000127
0.017538 0.191074 0.248432 0.140340 0.003961 0.398527 0.000128
0.017531 0.191542 0.247886 0.140322 0.003988 0.398613 0.000118
0.017870 0.191114 0.247991 0.140431 0.003925 0.398549 0.000121
0.017888 0.189893 0.247777 0.139912 0.004023 0.400381 0.000127
0.017732 0.189220 0.247854 0.139960 0.003966 0.401144 0.000124
0.017686 0.188683 0.247452 0.139651 0.004029 0.402371 0.000128
0.018051 0.188625 0.247319 0.139495 0.003983 0.402400 0.000128
0.018104 0.187623 0.246554 0.139673 0.004011 0.403909 0.000126
0.017810 0.187249 0.246657 0.139537 0.004002 0.404621 0.000125
0.017922 0.187193 0.246124 0.139491 0.003999 0.405143 0.000129
0.017983 0.186439 0.246630 0.139300 0.003946 0.405568 0.000135
0.018120 0.186108 0.246039 0.138996 0.004016 0.406592 0.000130
0.017882 0.185795 0.245890 0.139074 0.003993 0.407234 0.000132
0.018271 0.184548 0.245106 0.138828 0.004040 0.409076 0.000131
0.018323 0.183112 0.244986 0.138446 0.004039 0.410956 0.000138
0.018263 0.183714 0.245121 0.138700 0.004062 0.410008 0.000133
0.018182 0.183321 0.244780 0.138398 0.004034 0.411152 0.000132
0.018256 0.182283 0.244758 0.138285 0.004051 0.412240 0.000128
0.018266 0.181189 0.243879 0.137852 0.004064 0.414621 0.000128
0.018060 0.181303 0.244315 0.138083 0.004064 0.414028 0.000146
0.018290 0.180115 0.243629 0.137836 0.004061 0.415936 0.000134
0.018309 0.180939 0.243925 0.137406 0.004100 0.415171 0.000150
0.018493 0.179619 0.243339 0.137566 0.004137 0.416705 0.000141
0.018588 0.179213 0.243251 0.137420 0.004074 0.417308 0.000146
0.018829 0.178380 0.242795 0.137131 0.004086 0.418631 0.000147
0.018660 0.178317 0.242419 0.137100 0.004105 0.419260 0.000140
0.018382 0.177110 0.242315 0.137140 0.004078 0.420829 0.000145
0.018829 0.177239 0.242288 0.136860 0.004090 0.420559 0.000136
0.018591 0.177121 0.241933 0.136870 0.004117 0.421218 0.000151
0.018945 0.176192 0.241396 0.136406 0.004125 0.422792 0.000144
0.018617 0.175643 0.241545 0.136612 0.004134 0.423315 0.000135
0.018873 0.175027 0.241401 0.136042 0.004109 0.424406 0.000142
0.018768 0.174581 0.241000 0.136157 0.004150 0.425205 0.000138
0.018771 0.174119 0.240602 0.136166 0.004143 0.426066 0.000133
0.018702 0.172279 0.239898 0.135628 0.004168 0.429179 0.000146
0.018635 0.173137 0.239827 0.135712 0.004102 0.428440 0.000147
0.018551 0.173112 0.239673 0.135711 0.004208 0.428592 0.000151
0.019017 0.172223 0.239427 0.135405 0.004201 0.429566 0.000161
0.018855 0.171426 0.239023 0.135400 0.004186 0.430965 0.000145
0.018769 0.171054 0.238749 0.135118 0.004206 0.431954 0.000148
0.018970 0.170751 0.238722 0.134882 0.004220 0.432303 0.000153
0.019318 0.169220 0.237700 0.134706 0.004186 0.434711 0.000158
0.018823 0.169515 0.238375 0.134534 0.004200 0.434395 0.000158
0.019170 0.169699 0.238170 0.134799 0.004193 0.433813 0.000156
0.019192 0.168299 0.237259 0.134395 0.004218 0.436493 0.000144
0.019316 0.168193 0.237180 0.134146 0.004227 0.436790 0.000147
0.019453 0.166976 0.236599 0.133939 0.004269 0.438612 0.000152
0.019559 0.167468 0.236537 0.133977 0.004190 0.438096 0.000173
0.019263 0.165975 0.236211 0.133640 0.004242 0.440515 0.000154
0.019181 0.166231 0.236268 0.133340 0.004282 0.440556 0.000141
0.019098 0.166210 0.235727 0.133614 0.004238 0.440958 0.000156
0.019338 0.165092 0.235590 0.133733 0.004251 0.441837 0.000159
0.019506 0.164872 0.235499 0.133384 0.004269 0.442307 0.000163
0.019333 0.164726 0.235278 0.132964 0.004287 0.443248 0.000163
0.019660 0.165007 0.234896 0.133004 0.004265 0.443001 0.000167
0.019758 0.163458 0.234386 0.132811 0.004288 0.445134 0.000166
0.019767 0.162904 0.234501 0.132371 0.004315 0.445990 0.000153
0.019976 0.163456 0.234085 0.132578 0.004289 0.445455 0.000162
0.019970 0.162011 0.233730 0.132442 0.004283 0.447397 0.000167
0.019745 0.162677 0.233989 0.132534 0.004248 0.446646 0.000160
0.020065 0.161504 0.233281 0.132064 0.004355 0.448563 0.000167
0.019810 0.160493 0.232945 0.131727 0.004282 0.450576 0.000167
0.019768 0.159621 0.232964 0.131720 0.004321 0.451449 0.000157
0.020017 0.160634 0.232656 0.132004 0.004267 0.450251 0.000170
0.020022 0.159779 0.232035 0.131158 0.004334 0.452506 0.000166
0.020170 0.159598 0.231897 0.131392 0.004321 0.452457 0.000165
0.020106 0.159483 0.231633 0.131511 0.004257 0.452842 0.000168
0.020108 0.158500 0.231663 0.131203 0.004329 0.454027 0.000170
0.020367 0.157632 0.231000 0.130998 0.004302 0.455527 0.000175
0.020201 0.157864 0.230846 0.131222 0.004344 0.455358 0.000166
0.019975 0.157277 0.231040 0.130792 0.004300 0.456459 0.000157
0.020154 0.155997 0.230327 0.130464 0.004333 0.458559 0.000166
0.020178 0.156331 0.230027 0.130227 0.004272 0.458800 0.000166
0.020605 0.156039 0.229729 0.130121 0.004330 0.459012 0.000165
0.020305 0.155172 0.229542 0.130124 0.004373 0.460311 0.000173
0.020431 0.154779 0.228946 0.129719 0.004325 0.461625 0.000174
0.020486 0.154513 0.229289 0.129884 0.004355 0.461304 0.000169
0.020597 0.154142 0.228352 0.129537 0.004400 0.462801 0.000171
0.020636 0.153349 0.228334 0.129355 0.004394 0.463758 0.000174
0.020278 0.154454 0.228438 0.129534 0.004374 0.462747 0.000175
0.020670 0.153006 0.228032 0.129183 0.004361 0.464572 0.000176
0.020761 0.151957 0.227325 0.128960 0.004383 0.466439 0.000176
0.020824 0.152958 0.227624 0.128939 0.004355 0.465131 0.000169
0.020702 0.151667 0.227267 0.128785 0.004329 0.467066 0.000184
0.020818 0.150702 0.226693 0.128433 0.004404 0.468779 0.000171
0.020810 0.150444 0.226129 0.128403 0.004350 0.469680 0.000185
0.020968 0.150272 0.226010 0.128077 0.004415 0.470073 0.000184
0.020859 0.150075 0.226199 0.128279 0.004415 0.470002 0.000172
0.020886 0.149389 0.225484 0.127695 0.004391 0.471961 0.000193
0.021119 0.149616 0.225490 0.127693 0.004348 0.471558 0.000177
0.021381 0.148741 0.225144 0.127708 0.004364 0.472490 0.000172
0.020944 0.148975 0.225033 0.127462 0.004425 0.472979 0.000181
0.021109 0.148731 0.224818 0.127600 0.004372 0.473200 0.000169
0.021053 0.148013 0.224310 0.127382 0.004403 0.474665 0.000175
0.021462 0.147881 0.223748 0.126778 0.004370 0.475565 0.000197
0.021196 0.147762 0.223971 0.126874 0.004415 0.475594 0.000190
0.021262 0.146835 0.223492 0.126766 0.004442 0.477027 0.000176
0.021423 0.146300 0.222701 0.126322 0.004432 0.478647 0.000176
0.021179 0.146406 0.222844 0.126286 0.004461 0.478636 0.000189
0.021381 0.145818 0.222539 0.125786 0.004455 0.479833 0.000189
0.021346 0.145762 0.222086 0.126135 0.004443 0.480047 0.000181
0.021411 0.144854 0.221716 0.125841 0.004460 0.481532 0.000185
0.021856 0.144171 0.221489 0.125436 0.004463 0.482405 0.000179
0.021287 0.144699 0.221673 0.125489 0.004486 0.482177 0.000189
0.021919 0.144212 0.221076 0.125173 0.004476 0.482958 0.000186
0.021618 0.143443 0.220856 0.124990 0.004482 0.484420 0.000191
0.021547 0.143646 0.220356 0.125141 0.004529 0.484595 0.000187
0.021907 0.143094 0.220314 0.124789 0.004471 0.485229 0.000196
0.021686 0.142874 0.220132 0.124614 0.004507 0.485992 0.000195
0.021733 0.142255 0.219611 0.124754 0.004527 0.486926 0.000194
0.022229 0.141772 0.219283 0.124162 0.004566 0.487784 0.000206
