0.999110 0.000871 0.000016 0.000003 0.000000 0.000000 0.000000
0.998664 0.001303 0.000023 0.000005 0.000000 0.000004 0.000000
0.998209 0.001745 0.000031 0.000011 0.000000 0.000004 0.000000
0.997745 0.002195 0.000038 0.000017 0.000000 0.000004 0.000000
0.997260 0.002673 0.000043 0.000021 0.000000 0.000004 0.000000
0.996766 0.003154 0.000050 0.000025 0.000000 0.000006 0.000000
0.996186 0.003729 0.000051 0.000027 0.000000 0.000006 0.000000
0.995525 0.004384 0.000058 0.000026 0.000000 0.000007 0.000000
0.994773 0.005130 0.000061 0.000030 0.000000 0.000007 0.000000
0.993906 0.005977 0.000081 0.000029 0.000000 0.000006 0.000000
0.993018 0.006840 0.000099 0.000037 0.000000 0.000006 0.000000
0.991562 0.008289 0.000107 0.000036 0.000000 0.000006 0.000000
0.990253 0.009556 0.000134 0.000051 0.000000 0.000007 0.000000
0.988085 0.011682 0.000172 0.000057 0.000000 0.000005 0.000000
0.985351 0.014350 0.000223 0.000069 0.000000 0.000007 0.000000
0.982218 0.017454 0.000245 0.000077 0.000000 0.000005 0.000000
0.979033 0.020544 0.000321 0.000097 0.000000 0.000005 0.000000
0.975183 0.024330 0.000357 0.000127 0.000000 0.000004 0.000000
0.971021 0.028406 0.000424 0.000145 0.000000 0.000004 0.000000
0.965655 0.033666 0.000487 0.000189 0.000000 0.000002 0.000000
0.960384 0.038825 0.000557 0.000229 0.000000 0.000004 0.000000
0.953248 0.045782 0.000699 0.000266 0.000000 0.000006 0.000000
0.947344 0.051532 0.000773 0.000348 0.000000 0.000003 0.000000
0.938265 0.060398 0.000898 0.000431 0.000000 0.000008 0.000000
0.928903 0.069486 0.001106 0.000494 0.000000 0.000011 0.000000
0.919806 0.078361 0.001252 0.000562 0.000000 0.000019 0.000000
0.907235 0.090619 0.001445 0.000678 0.000000 0.000024 0.000000
0.899109 0.098523 0.001566 0.000774 0.000000 0.000028 0.000000
0.885502 0.111741 0.001804 0.000918 0.000000 0.000035 0.000000
0.872636 0.124272 0.001971 0.001077 0.000000 0.000044 0.000000
0.860043 0.136500 0.002192 0.001209 0.000000 0.000057 0.000000
0.843952 0.152101 0.002486 0.001398 0.000000 0.000063 0.000000
0.829391 0.166131 0.002839 0.001563 0.000000 0.000076 0.000000
0.816295 0.178702 0.003184 0.001723 0.000003 0.000094 0.000000
0.800868 0.193566 0.003563 0.001905 0.000004 0.000094 0.000000
0.784672 0.209087 0.003962 0.002163 0.000003 0.000112 0.000000
0.769502 0.223659 0.004298 0.002416 0.000004 0.000121 0.000000
0.754650 0.237879 0.004696 0.002642 0.000003 0.000130 0.000000
0.740979 0.250909 0.005109 0.002856 0.000003 0.000144 0.000000
0.723947 0.267158 0.005587 0.003144 0.000003 0.000160 0.000000
0.707938 0.282392 0.006079 0.003402 0.000003 0.000187 0.000000
0.693705 0.295901 0.006514 0.003662 0.000003 0.000215 0.000000
0.676149 0.312447 0.007159 0.004004 0.000004 0.000237 0.000000
0.662762 0.325082 0.007622 0.004278 0.000003 0.000253 0.000000
0.647558 0.339330 0.008226 0.004611 0.000004 0.000272 0.000000
0.630740 0.355159 0.008796 0.005003 0.000003 0.000299 0.000000
0.620041 0.365089 0.009256 0.005283 0.000004 0.000328 0.000000
0.605829 0.378207 0.009887 0.005720 0.000005 0.000352 0.000000
0.589769 0.393139 0.010603 0.006091 0.000005 0.000393 0.000000
0.577387 0.404596 0.011173 0.006424 0.000005 0.000415 0.000000
0.562979 0.417888 0.011857 0.006819 0.000005 0.000452 0.000000
0.549563 0.430061 0.012647 0.007227 0.000005 0.000497 0.000000
0.534292 0.444106 0.013389 0.007678 0.000006 0.000529 0.000000
0.524996 0.452517 0.013973 0.007950 0.000005 0.000559 0.000000
0.511769 0.464527 0.014689 0.008389 0.000007 0.000619 0.000000
0.500987 0.474076 0.015477 0.008787 0.000010 0.000664 0.000000
0.488993 0.484862 0.016217 0.009219 0.000010 0.000698 0.000000
0.474408 0.497790 0.017250 0.009776 0.000012 0.000765 0.000000
0.464713 0.506294 0.018031 0.010144 0.000011 0.000807 0.000000
0.455549 0.514181 0.018833 0.010574 0.000012 0.000851 0.000000
0.444878 0.523485 0.019704 0.011021 0.000012 0.000900 0.000000
0.433326 0.533408 0.020702 0.011563 0.000014 0.000986 0.000000
0.422942 0.542401 0.021525 0.012069 0.000015 0.001048 0.000000
0.412744 0.550948 0.022537 0.012624 0.000018 0.001130 0.000000
0.403874 0.558311 0.023453 0.013150 0.000019 0.001193 0.000000
0.395278 0.565220 0.024438 0.013758 0.000021 0.001285 0.000000
0.387937 0.571148 0.025276 0.014272 0.000020 0.001348 0.000000
0.377047 0.580196 0.026357 0.014926 0.000021 0.001454 0.000000
0.370802 0.584844 0.027326 0.015452 0.000023 0.001553 0.000000
0.364429 0.589954 0.028133 0.015823 0.000024 0.001638 0.000000
0.358993 0.593979 0.028996 0.016275 0.000024 0.001733 0.000000
0.347447 0.603269 0.030381 0.017014 0.000028 0.001860 0.000000
0.343968 0.605359 0.031229 0.017452 0.000030 0.001963 0.000000
0.333798 0.613332 0.032517 0.018238 0.000030 0.002085 0.000000
0.329164 0.616451 0.033389 0.018754 0.000031 0.002211 0.000000
0.325359 0.618630 0.034382 0.019290 0.000033 0.002306 0.000000
0.317949 0.624186 0.035505 0.019861 0.000034 0.002465 0.000000
0.311833 0.628471 0.036594 0.020491 0.000035 0.002576 0.000000
0.305038 0.633041 0.037869 0.021249 0.000040 0.002761 0.000000
0.296530 0.639293 0.039170 0.022033 0.000040 0.002934 0.000000
0.292348 0.641653 0.040201 0.022654 0.000044 0.003099 0.000000
0.284376 0.647595 0.041456 0.023319 0.000043 0.003211 0.000000
0.279991 0.649927 0.042717 0.023944 0.000047 0.003374 0.000000
0.270761 0.656639 0.044144 0.024845 0.000048 0.003563 0.000000
0.269541 0.657253 0.044438 0.025100 0.000049 0.003619 0.000000
0.256426 0.666357 0.046809 0.026411 0.000055 0.003942 0.000000
0.253658 0.667471 0.047722 0.026996 0.000052 0.004101 0.000000
0.249272 0.670068 0.048809 0.027554 0.000055 0.004241 0.000000
0.241493 0.674853 0.050490 0.028580 0.000061 0.004522 0.000000
0.233353 0.680302 0.052007 0.029543 0.000062 0.004733 0.000000
0.232561 0.679544 0.053007 0.029933 0.000063 0.004891 0.000000
0.228221 0.681835 0.054132 0.030637 0.000063 0.005112 0.000000
0.222700 0.684560 0.055749 0.031554 0.000066 0.005370 0.000000
0.218088 0.686740 0.057134 0.032366 0.000068 0.005605 0.000000
0.213964 0.688375 0.058505 0.033288 0.000068 0.005801 0.000000
0.208804 0.690652 0.060171 0.034181 0.000070 0.006121 0.000000
0.204197 0.692547 0.061722 0.035058 0.000076 0.006401 0.000000
0.202034 0.692739 0.062741 0.035769 0.000081 0.006636 0.000000
0.196542 0.695810 0.064068 0.036565 0.000083 0.006934 0.000000
0.199044 0.692035 0.064836 0.036899 0.000083 0.007102 0.000000
0.191307 0.696398 0.066692 0.038066 0.000096 0.007440 0.000000
0.184938 0.699377 0.068632 0.039140 0.000100 0.007813 0.000000
0.181997 0.700247 0.069898 0.039678 0.000106 0.008074 0.000000
0.182443 0.698339 0.070604 0.040206 0.000110 0.008298 0.000000
0.178532 0.699375 0.072171 0.041176 0.000117 0.008628 0.000000
0.174545 0.700635 0.073708 0.042004 0.000127 0.008981 0.000000
0.170441 0.701775 0.075343 0.042955 0.000135 0.009352 0.000000
0.164869 0.705154 0.076513 0.043605 0.000135 0.009724 0.000000
0.158781 0.707239 0.078788 0.044869 0.000139 0.010185 0.000000
0.155654 0.707433 0.080388 0.045844 0.000141 0.010539 0.000000
0.152722 0.707844 0.081700 0.046733 0.000143 0.010858 0.000000
0.149239 0.708453 0.083392 0.047480 0.000152 0.011284 0.000000
0.151908 0.705679 0.083468 0.047455 0.000152 0.011338 0.000000
0.140920 0.711299 0.086352 0.049269 0.000165 0.011995 0.000000
0.138685 0.710131 0.088242 0.050326 0.000160 0.012456 0.000000
0.134966 0.711288 0.089652 0.051085 0.000164 0.012844 0.000001
0.134300 0.709300 0.090985 0.051939 0.000171 0.013304 0.000001
0.130393 0.710510 0.092511 0.052680 0.000181 0.013724 0.000001
0.124730 0.712179 0.094672 0.053955 0.000193 0.014269 0.000001
0.129083 0.707880 0.094457 0.053982 0.000189 0.014408 0.000001
0.127673 0.706039 0.096257 0.054964 0.000195 0.014871 0.000001
0.122518 0.707941 0.097988 0.055983 0.000208 0.015361 0.000001
0.117388 0.709539 0.100023 0.057017 0.000210 0.015822 0.000001
0.117683 0.706479 0.101333 0.057959 0.000213 0.016332 0.000001
0.118464 0.704744 0.101845 0.058200 0.000222 0.016524 0.000001
0.119369 0.701514 0.103061 0.058875 0.000226 0.016954 0.000001
0.114392 0.702926 0.104983 0.059835 0.000228 0.017635 0.000001
0.110317 0.703523 0.106893 0.060892 0.000234 0.018141 0.000001
0.106444 0.704289 0.108481 0.061884 0.000239 0.018661 0.000001
0.107805 0.700818 0.109770 0.062356 0.000257 0.018995 0.000000
0.107186 0.699150 0.110967 0.063071 0.000261 0.019364 0.000000
0.103879 0.699279 0.112281 0.064193 0.000263 0.020104 0.000001
0.097486 0.700335 0.115207 0.065782 0.000275 0.020914 0.000001
0.100926 0.697338 0.115044 0.065453 0.000263 0.020976 0.000001
0.095996 0.697283 0.117460 0.067084 0.000279 0.021897 0.000001
0.095035 0.695424 0.118991 0.067911 0.000288 0.022350 0.000001
0.095040 0.693778 0.119796 0.068320 0.000286 0.022781 0.000000
0.092729 0.693227 0.121280 0.069180 0.000298 0.023286 0.000001
0.094611 0.689981 0.121780 0.069572 0.000303 0.023751 0.000001
0.086348 0.692423 0.125013 0.071187 0.000313 0.024715 0.000001
0.084515 0.691092 0.126531 0.072173 0.000324 0.025366 0.000001
0.081890 0.691121 0.127900 0.072969 0.000325 0.025794 0.000001
0.076763 0.691224 0.130489 0.074408 0.000331 0.026784 0.000001
0.075015 0.690858 0.131516 0.075029 0.000334 0.027247 0.000001
0.074227 0.689493 0.132620 0.075529 0.000351 0.027779 0.000001
0.070482 0.687705 0.135422 0.077207 0.000364 0.028819 0.000001
0.066892 0.689210 0.136424 0.077829 0.000366 0.029278 0.000000
0.066190 0.687609 0.137602 0.078413 0.000385 0.029798 0.000001
0.064862 0.685707 0.139182 0.079304 0.000389 0.030555 0.000001
0.063809 0.684528 0.140246 0.080061 0.000391 0.030964 0.000001
0.059384 0.685941 0.141743 0.080907 0.000401 0.031622 0.000001
0.056029 0.683161 0.144926 0.082589 0.000413 0.032883 0.000000
0.055457 0.681506 0.146050 0.083226 0.000423 0.033338 0.000001
0.056637 0.677766 0.147196 0.083969 0.000436 0.033996 0.000000
0.055465 0.676398 0.148252 0.084743 0.000434 0.034707 0.000001
0.057955 0.672591 0.148853 0.085034 0.000432 0.035134 0.000002
0.052733 0.673058 0.151315 0.086261 0.000454 0.036178 0.000001
0.051427 0.671324 0.152974 0.086913 0.000443 0.036917 0.000002
0.050517 0.668095 0.154679 0.088231 0.000458 0.038018 0.000002
0.050134 0.668039 0.154997 0.088170 0.000486 0.038172 0.000002
0.048665 0.667420 0.156007 0.088731 0.000476 0.038700 0.000003
0.048990 0.663694 0.157461 0.089627 0.000476 0.039749 0.000003
0.045438 0.663168 0.159477 0.090920 0.000497 0.040498 0.000002
0.045549 0.661092 0.160439 0.091423 0.000501 0.040992 0.000003
0.041781 0.660122 0.162811 0.092633 0.000537 0.042114 0.000002
0.043563 0.656439 0.163601 0.093022 0.000536 0.042837 0.000002
0.038639 0.656848 0.165837 0.094268 0.000542 0.043862 0.000002
0.039502 0.654680 0.166201 0.094716 0.000531 0.044369 0.000002
0.036910 0.652930 0.168285 0.095873 0.000559 0.045440 0.000003
0.037054 0.650876 0.169242 0.096297 0.000563 0.045965 0.000003
0.033877 0.649257 0.171526 0.097564 0.000579 0.047192 0.000005
0.033492 0.647147 0.172498 0.098190 0.000588 0.048080 0.000005
0.038666 0.642229 0.172281 0.097989 0.000561 0.048269 0.000005
0.039673 0.638665 0.173470 0.098531 0.000583 0.049073 0.000004
0.035883 0.639365 0.174841 0.099500 0.000594 0.049812 0.000006
0.039966 0.634150 0.175141 0.099730 0.000593 0.050416 0.000004
0.037210 0.633326 0.176708 0.100790 0.000605 0.051356 0.000004
0.041354 0.629735 0.176403 0.100513 0.000619 0.051372 0.000005
0.038434 0.627620 0.178459 0.101869 0.000619 0.052994 0.000005
0.040536 0.625599 0.178283 0.101764 0.000622 0.053189 0.000007
0.036700 0.623670 0.181133 0.103249 0.000650 0.054592 0.000005
0.034843 0.621852 0.182752 0.104017 0.000659 0.055869 0.000007
0.035243 0.620365 0.183160 0.104447 0.000651 0.056128 0.000006
0.035953 0.618732 0.183505 0.104555 0.000666 0.056582 0.000005
0.033305 0.617590 0.185160 0.105607 0.000686 0.057644 0.000009
0.033775 0.614271 0.186342 0.106267 0.000714 0.058626 0.000005
0.032083 0.613587 0.187519 0.106771 0.000677 0.059356 0.000006
0.030264 0.612003 0.189133 0.107647 0.000728 0.060221 0.000004
0.030417 0.609281 0.190039 0.108247 0.000727 0.061280 0.000008
0.027601 0.608351 0.191718 0.109165 0.000739 0.062420 0.000006
0.027762 0.607658 0.191827 0.109182 0.000737 0.062828 0.000005
0.026498 0.605639 0.193396 0.109901 0.000766 0.063794 0.000006
0.025923 0.603702 0.194285 0.110672 0.000752 0.064660 0.000006
0.025194 0.601254 0.195784 0.111428 0.000785 0.065548 0.000006
0.024144 0.600472 0.196494 0.111859 0.000801 0.066223 0.000007
0.024766 0.599071 0.196840 0.111762 0.000802 0.066753 0.000005
0.024133 0.597207 0.197705 0.112494 0.000806 0.067648 0.000006
0.023018 0.595652 0.199075 0.113064 0.000806 0.068378 0.000007
0.022225 0.592488 0.200634 0.113942 0.000850 0.069855 0.000006
0.021711 0.590445 0.201714 0.114564 0.000862 0.070698 0.000006
0.020989 0.589166 0.202594 0.114863 0.000892 0.071490 0.000006
0.021258 0.587160 0.202987 0.115419 0.000881 0.072288 0.000007
0.019941 0.582976 0.205398 0.116696 0.000890 0.074092 0.000008
0.019911 0.583007 0.205472 0.116547 0.000916 0.074141 0.000007
0.019075 0.579875 0.207032 0.117618 0.000930 0.075462 0.000007
0.018783 0.577434 0.208099 0.118173 0.000935 0.076567 0.000008
0.018407 0.576206 0.208829 0.118390 0.000910 0.077250 0.000008
0.018718 0.573259 0.209675 0.119233 0.000933 0.078174 0.000009
0.017949 0.572115 0.210531 0.119572 0.000946 0.078878 0.000008
0.018340 0.571416 0.210534 0.119519 0.000955 0.079231 0.000006
0.017444 0.568006 0.212181 0.120599 0.000954 0.080808 0.000009
0.017581 0.566584 0.212878 0.120633 0.000958 0.081358 0.000008
0.017129 0.562780 0.214328 0.121744 0.000998 0.083014 0.000008
0.016737 0.560910 0.215168 0.122305 0.000992 0.083879 0.000009
0.016522 0.558686 0.216181 0.122637 0.001004 0.084963 0.000008
0.016302 0.557349 0.216594 0.123014 0.001005 0.085726 0.000010
0.016086 0.554468 0.217853 0.123827 0.001016 0.086740 0.000010
0.016723 0.550616 0.219130 0.124319 0.001036 0.088166 0.000011
0.027234 0.545900 0.216099 0.122695 0.001026 0.087034 0.000012
0.027456 0.545549 0.215917 0.122544 0.001012 0.087509 0.000012
0.025726 0.543592 0.217464 0.123274 0.001048 0.088884 0.000012
0.025368 0.540748 0.218541 0.124079 0.001051 0.090203 0.000009
0.027043 0.536268 0.219403 0.124437 0.001097 0.091742 0.000011
0.026213 0.535034 0.220205 0.124988 0.001062 0.092486 0.000012
0.027098 0.534187 0.219809 0.125101 0.001098 0.092695 0.000011
0.025401 0.533207 0.221215 0.125376 0.001094 0.093696 0.000012
0.026725 0.530025 0.221399 0.125681 0.001111 0.095048 0.000010
0.025855 0.529331 0.222078 0.126072 0.001120 0.095535 0.000009
0.025026 0.528358 0.222871 0.126438 0.001113 0.096183 0.000011
0.024771 0.524317 0.224162 0.127367 0.001149 0.098222 0.000012
0.021468 0.524516 0.225664 0.128112 0.001174 0.099054 0.000011
0.024703 0.522968 0.224322 0.127354 0.001171 0.099472 0.000010
0.024249 0.522189 0.224898 0.127519 0.001162 0.099973 0.000010
0.020445 0.519721 0.227572 0.128885 0.001182 0.102184 0.000011
0.021967 0.519594 0.226720 0.128635 0.001201 0.101873 0.000011
0.020482 0.517356 0.227990 0.129434 0.001238 0.103490 0.000010
0.019950 0.515755 0.228830 0.129731 0.001220 0.104505 0.000010
0.019418 0.515155 0.229033 0.129866 0.001234 0.105281 0.000012
0.019170 0.511954 0.230328 0.130612 0.001241 0.106683 0.000011
0.019703 0.511133 0.230226 0.130535 0.001257 0.107133 0.000012
0.019019 0.509447 0.230911 0.130974 0.001274 0.108365 0.000011
0.017162 0.507599 0.232388 0.131684 0.001272 0.109884 0.000011
0.015428 0.505175 0.233992 0.132699 0.001285 0.111412 0.000008
0.016549 0.503869 0.234134 0.132368 0.001305 0.111764 0.000011
0.015208 0.501031 0.235421 0.133334 0.001351 0.113645 0.000010
0.016125 0.500320 0.235068 0.133215 0.001338 0.113922 0.000011
0.016315 0.498284 0.235522 0.133454 0.001340 0.115074 0.000012
0.015125 0.496213 0.237071 0.134281 0.001340 0.115960 0.000010
0.014994 0.494367 0.237461 0.134541 0.001353 0.117271 0.000011
0.014405 0.492347 0.238178 0.135121 0.001334 0.118603 0.000012
0.013920 0.490771 0.239033 0.135396 0.001372 0.119496 0.000013
0.013890 0.488798 0.239701 0.135702 0.001384 0.120512 0.000013
0.013942 0.487533 0.239857 0.135829 0.001391 0.121433 0.000014
0.013504 0.485694 0.240479 0.136424 0.001420 0.122466 0.000012
0.013575 0.484819 0.240554 0.136501 0.001413 0.123125 0.000013
0.013583 0.481495 0.241687 0.137046 0.001405 0.124772 0.000011
0.013461 0.480937 0.241788 0.137113 0.001448 0.125238 0.000014
0.012692 0.479385 0.242746 0.137795 0.001459 0.125908 0.000015
0.012739 0.476169 0.243348 0.138120 0.001472 0.128136 0.000016
0.012608 0.473505 0.244411 0.138740 0.001484 0.129235 0.000017
0.012393 0.472199 0.244913 0.138921 0.001470 0.130086 0.000017
0.012613 0.471014 0.245018 0.138865 0.001479 0.130993 0.000018
0.012713 0.470551 0.245258 0.138731 0.001482 0.131246 0.000019
0.012318 0.467434 0.246284 0.139662 0.001493 0.132790 0.000019
0.012394 0.466068 0.246477 0.139669 0.001543 0.133830 0.000018
0.012042 0.463876 0.247273 0.140260 0.001548 0.134982 0.000018
0.011967 0.461645 0.247965 0.140315 0.001539 0.136549 0.000020
0.011945 0.460158 0.248401 0.140617 0.001563 0.137298 0.000018
0.012026 0.458571 0.248506 0.140881 0.001586 0.138409 0.000020
0.011830 0.456000 0.249284 0.141242 0.001589 0.140038 0.000018
0.011873 0.455015 0.249458 0.141477 0.001605 0.140554 0.000018
0.011528 0.452662 0.250205 0.141854 0.001609 0.142122 0.000020
0.011844 0.451421 0.250215 0.142157 0.001619 0.142723 0.000020
0.011636 0.451545 0.250174 0.142096 0.001631 0.142899 0.000018
0.011634 0.449024 0.250895 0.142459 0.001647 0.144324 0.000018
0.011683 0.447195 0.251413 0.142471 0.001656 0.145566 0.000016
0.011634 0.445936 0.251588 0.142950 0.001655 0.146216 0.000022
0.011473 0.443805 0.252563 0.142804 0.001706 0.147628 0.000022
0.011478 0.442791 0.252668 0.143327 0.001696 0.148019 0.000021
0.011240 0.440423 0.253431 0.143562 0.001725 0.149597 0.000021
0.011307 0.438607 0.253487 0.143867 0.001745 0.150967 0.000019
0.011303 0.437800 0.253594 0.143964 0.001760 0.151557 0.000021
0.011306 0.435323 0.254480 0.144010 0.001747 0.153111 0.000023
0.011357 0.434326 0.254737 0.144274 0.001741 0.153541 0.000025
0.011207 0.431522 0.255282 0.144760 0.001748 0.155458 0.000024
0.011109 0.430267 0.255657 0.144795 0.001777 0.156373 0.000022
0.015008 0.426610 0.254852 0.144575 0.001801 0.157133 0.000022
0.018483 0.425327 0.253589 0.144041 0.001778 0.156761 0.000020
0.019317 0.422227 0.254310 0.144066 0.001807 0.158247 0.000026
0.021107 0.421759 0.253333 0.143753 0.001820 0.158205 0.000022
0.020697 0.419395 0.254169 0.144314 0.001812 0.159589 0.000024
0.026456 0.416929 0.252329 0.143152 0.001799 0.159311 0.000024
0.022717 0.416346 0.254075 0.144211 0.001859 0.160767 0.000025
0.021774 0.415681 0.254350 0.144035 0.001847 0.162287 0.000027
0.023587 0.413562 0.253869 0.144034 0.001838 0.163087 0.000023
0.024958 0.412711 0.253354 0.143826 0.001845 0.163281 0.000025
0.022791 0.412957 0.254130 0.144309 0.001863 0.163924 0.000027
0.022424 0.412520 0.254406 0.143825 0.001865 0.164935 0.000025
0.020184 0.410024 0.255684 0.145088 0.001893 0.167104 0.000023
0.020041 0.408582 0.256109 0.145278 0.001897 0.168067 0.000027
0.021448 0.410057 0.254623 0.144406 0.001900 0.167540 0.000025
0.020913 0.406074 0.255692 0.145374 0.001918 0.170002 0.000026
0.018471 0.404942 0.256939 0.145657 0.001947 0.172017 0.000027
0.018055 0.404207 0.256991 0.145834 0.001934 0.172951 0.000027
0.017593 0.404449 0.257132 0.145735 0.001944 0.173118 0.000029
0.016531 0.401643 0.258452 0.146341 0.001960 0.175045 0.000029
0.017060 0.401793 0.257887 0.146285 0.001941 0.175009 0.000026
0.017745 0.400965 0.257839 0.145649 0.001960 0.175815 0.000027
0.015981 0.398058 0.258927 0.147255 0.001987 0.177769 0.000024
0.014918 0.396959 0.259678 0.147087 0.001977 0.179354 0.000027
0.015302 0.397828 0.258753 0.146649 0.002014 0.179426 0.000029
0.014644 0.395900 0.259204 0.147151 0.001997 0.181080 0.000024
0.013403 0.391826 0.260911 0.147999 0.002034 0.183802 0.000025
0.012681 0.390542 0.261544 0.148323 0.002053 0.184834 0.000024
0.013423 0.390393 0.261159 0.148016 0.002056 0.184924 0.000029
0.013023 0.388647 0.261347 0.148348 0.002095 0.186513 0.000027
0.012652 0.387249 0.261859 0.148804 0.002078 0.187328 0.000029
0.012038 0.385545 0.262460 0.148810 0.002093 0.189023 0.000031
0.012138 0.384035 0.262632 0.149019 0.002128 0.190019 0.000028
0.012144 0.383284 0.262504 0.148807 0.002160 0.191072 0.000029
0.011817 0.380820 0.263420 0.149045 0.002152 0.192718 0.000027
0.011740 0.380832 0.263236 0.149136 0.002162 0.192863 0.000031
0.011626 0.379009 0.263361 0.149197 0.002181 0.194598 0.000029
0.011138 0.378133 0.263932 0.149759 0.002201 0.194807 0.000030
0.011541 0.377169 0.263646 0.149336 0.002193 0.196082 0.000032
0.011122 0.374544 0.264221 0.149962 0.002228 0.197891 0.000032
0.011146 0.372924 0.264698 0.149593 0.002252 0.199356 0.000031
0.011123 0.371852 0.264423 0.150016 0.002245 0.200306 0.000034
0.011134 0.370331 0.265034 0.150231 0.002268 0.200969 0.000033
0.010853 0.368295 0.265136 0.150406 0.002278 0.202999 0.000033
0.010689 0.365426 0.265872 0.151091 0.002344 0.204547 0.000031
0.010981 0.365886 0.265703 0.150385 0.002315 0.204696 0.000034
0.010875 0.365675 0.265576 0.150614 0.002296 0.204927 0.000037
0.010812 0.365128 0.265569 0.150603 0.002321 0.205536 0.000032
0.011057 0.363209 0.265529 0.150577 0.002323 0.207270 0.000035
0.011004 0.361793 0.265686 0.150639 0.002392 0.208453 0.000033
0.010838 0.359404 0.266430 0.151065 0.002359 0.209867 0.000038
0.010680 0.358625 0.266645 0.151067 0.002392 0.210559 0.000033
0.010671 0.357089 0.266684 0.151442 0.002358 0.211721 0.000035
0.010564 0.354816 0.267415 0.151027 0.002379 0.213757 0.000042
0.010369 0.353255 0.267566 0.151472 0.002402 0.214898 0.000038
0.010583 0.353772 0.266995 0.151503 0.002403 0.214706 0.000039
0.010525 0.351332 0.267328 0.151700 0.002436 0.216644 0.000035
0.011406 0.349702 0.267105 0.151456 0.002459 0.217835 0.000037
0.025006 0.347499 0.262598 0.148640 0.002374 0.213844 0.000039
0.023329 0.344854 0.263628 0.149457 0.002404 0.216289 0.000039
0.019954 0.342815 0.264902 0.150355 0.002393 0.219544 0.000036
0.028067 0.342024 0.261942 0.148451 0.002385 0.217096 0.000036
0.028993 0.342069 0.261089 0.148373 0.002406 0.217030 0.000040
0.026479 0.342708 0.261546 0.148434 0.002388 0.218404 0.000041
0.023519 0.340446 0.263112 0.149277 0.002480 0.221125 0.000041
0.025057 0.340418 0.262211 0.148573 0.002470 0.221233 0.000038
0.023347 0.340119 0.262771 0.148678 0.002479 0.222562 0.000043
0.024340 0.340205 0.262077 0.148358 0.002508 0.222468 0.000045
0.022440 0.338571 0.262849 0.148981 0.002520 0.224596 0.000043
0.019488 0.336868 0.263890 0.149682 0.002538 0.227488 0.000045
0.020006 0.337007 0.263662 0.149614 0.002537 0.227131 0.000043
0.018139 0.336950 0.264588 0.149817 0.002514 0.227947 0.000044
0.018461 0.335743 0.264340 0.149657 0.002526 0.229231 0.000043
0.017103 0.334963 0.264701 0.150011 0.002576 0.230596 0.000049
0.016502 0.331887 0.265342 0.150577 0.002603 0.233040 0.000050
0.015175 0.332170 0.265578 0.150513 0.002584 0.233932 0.000048
0.016429 0.330184 0.265109 0.150486 0.002591 0.235150 0.000051
0.015286 0.329578 0.265545 0.150757 0.002639 0.236145 0.000050
0.016011 0.329949 0.264719 0.150425 0.002631 0.236217 0.000049
0.012940 0.326318 0.267274 0.151352 0.002610 0.239454 0.000052
0.013763 0.327398 0.265966 0.150933 0.002617 0.239270 0.000053
0.014759 0.326432 0.265300 0.150377 0.002682 0.240400 0.000050
0.013177 0.323929 0.266708 0.151124 0.002684 0.242325 0.000054
0.012135 0.323331 0.267082 0.151254 0.002704 0.243433 0.000061
0.012287 0.321388 0.267273 0.151420 0.002682 0.244905 0.000045
0.011383 0.318504 0.268349 0.151834 0.002689 0.247186 0.000055
0.011945 0.318878 0.267550 0.151826 0.002704 0.247041 0.000055
0.012644 0.319635 0.266685 0.151056 0.002722 0.247205 0.000053
0.012151 0.317432 0.267270 0.151575 0.002696 0.248821 0.000055
0.012113 0.316359 0.267298 0.151436 0.002696 0.250049 0.000049
0.011983 0.317037 0.266820 0.151093 0.002714 0.250297 0.000055
0.011843 0.314700 0.267038 0.151741 0.002736 0.251882 0.000059
0.011707 0.312610 0.267389 0.151823 0.002761 0.253649 0.000060
0.011106 0.310009 0.268749 0.152091 0.002772 0.255219 0.000055
0.011468 0.311811 0.267624 0.151648 0.002751 0.254645 0.000053
0.011498 0.309302 0.267668 0.151757 0.002827 0.256885 0.000063
0.011149 0.308395 0.267998 0.152010 0.002823 0.257561 0.000063
0.010717 0.304636 0.269107 0.152458 0.002838 0.260184 0.000060
0.011088 0.305581 0.268283 0.151833 0.002807 0.260349 0.000059
0.010815 0.303897 0.268548 0.152199 0.002843 0.261642 0.000056
0.010944 0.302946 0.268773 0.152073 0.002852 0.262356 0.000056
0.010831 0.300989 0.268639 0.152140 0.002857 0.264485 0.000059
0.010801 0.300431 0.268775 0.152024 0.002867 0.265037 0.000065
0.010975 0.300238 0.268470 0.151696 0.002891 0.265670 0.000060
0.010849 0.298782 0.268581 0.151988 0.002912 0.266826 0.000062
0.011008 0.297935 0.268423 0.151990 0.002870 0.267718 0.000056
0.010924 0.297319 0.268136 0.152099 0.002893 0.268576 0.000053
0.010752 0.295182 0.268712 0.152245 0.002902 0.270143 0.000064
0.010658 0.293810 0.268872 0.151901 0.002934 0.271763 0.000062
0.010824 0.293244 0.268728 0.152459 0.002917 0.271769 0.000060
0.010849 0.293698 0.268389 0.151941 0.002936 0.272125 0.000062
0.011035 0.293292 0.267455 0.151818 0.002944 0.273394 0.000061
0.010819 0.290893 0.268692 0.152095 0.002958 0.274483 0.000061
0.010635 0.289668 0.268399 0.152230 0.002998 0.276008 0.000062
0.010753 0.288775 0.268165 0.151701 0.002958 0.277584 0.000065
0.010726 0.286774 0.268218 0.152204 0.002976 0.279039 0.000064
0.010848 0.286976 0.268059 0.151921 0.002998 0.279140 0.000058
0.010778 0.285741 0.267977 0.152058 0.003016 0.280365 0.000065
0.010795 0.284788 0.267826 0.152053 0.003049 0.281418 0.000071
0.010715 0.282253 0.268013 0.152095 0.003052 0.283808 0.000063
0.010693 0.282159 0.268183 0.151958 0.003055 0.283883 0.000068
0.010759 0.280691 0.267892 0.152048 0.003052 0.285488 0.000070
0.010629 0.279235 0.267994 0.151968 0.003053 0.287052 0.000068
0.010640 0.279352 0.267478 0.152175 0.003091 0.287197 0.000068
0.010705 0.277850 0.267544 0.151864 0.003037 0.288935 0.000065
0.010745 0.276393 0.267220 0.152123 0.003072 0.290378 0.000069
0.010726 0.276469 0.267252 0.151933 0.003104 0.290450 0.000067
0.010781 0.275532 0.267342 0.151764 0.003126 0.291387 0.000068
0.010909 0.274876 0.266991 0.151922 0.003115 0.292113 0.000074
0.010901 0.273583 0.266836 0.151861 0.003131 0.293618 0.000069
0.010834 0.271195 0.267286 0.152122 0.003116 0.295379 0.000067
0.010871 0.270456 0.266921 0.152006 0.003155 0.296525 0.000067
0.010839 0.269050 0.267027 0.151864 0.003158 0.297994 0.000069
0.010906 0.270460 0.266412 0.151578 0.003143 0.297434 0.000068
0.010982 0.269705 0.266533 0.151396 0.003178 0.298137 0.000068
0.012412 0.266765 0.266280 0.151473 0.003160 0.299838 0.000072
0.021659 0.267561 0.262415 0.149256 0.003088 0.295949 0.000073
0.025736 0.264817 0.261085 0.148657 0.003172 0.296462 0.000071
0.023365 0.264993 0.261959 0.148832 0.003121 0.297665 0.000065
0.031393 0.263883 0.258819 0.147189 0.003129 0.295522 0.000066
0.027960 0.263542 0.259838 0.147911 0.003179 0.297502 0.000070
0.024368 0.263160 0.260197 0.148510 0.003196 0.300495 0.000074
0.024528 0.262008 0.260385 0.148286 0.003194 0.301530 0.000070
0.022641 0.262703 0.260886 0.148232 0.003165 0.302301 0.000072
0.022693 0.263603 0.260223 0.148352 0.003224 0.301832 0.000072
0.024547 0.260930 0.259372 0.147595 0.003245 0.304241 0.000070
0.022462 0.261517 0.260041 0.148037 0.003179 0.304695 0.000069
0.021975 0.261188 0.259949 0.148101 0.003228 0.305486 0.000073
0.023653 0.261225 0.258449 0.147292 0.003228 0.306078 0.000075
0.019978 0.258976 0.260003 0.148168 0.003274 0.309527 0.000073
0.018896 0.258087 0.260651 0.148413 0.003264 0.310610 0.000079
0.019713 0.258960 0.260098 0.147832 0.003308 0.310012 0.000077
0.017429 0.256969 0.261024 0.148458 0.003280 0.312761 0.000078
0.016780 0.257190 0.260915 0.148400 0.003268 0.313365 0.000083
0.017785 0.256428 0.260351 0.148000 0.003307 0.314049 0.000080
0.017190 0.256515 0.260249 0.147832 0.003355 0.314774 0.000084
0.016777 0.255617 0.259922 0.147760 0.003346 0.316500 0.000077
0.015226 0.252770 0.261006 0.148130 0.003378 0.319409 0.000082
0.014688 0.252069 0.261166 0.148437 0.003337 0.320216 0.000087
0.014835 0.253309 0.260426 0.147858 0.003334 0.320152 0.000085
0.014801 0.251985 0.260557 0.148018 0.003286 0.321263 0.000090
0.014489 0.251329 0.260635 0.147946 0.003340 0.322170 0.000090
0.013819 0.250402 0.260833 0.148256 0.003346 0.323256 0.000086
0.013857 0.248217 0.260762 0.147869 0.003420 0.325794 0.000082
0.013661 0.248370 0.260712 0.148325 0.003352 0.325492 0.000088
0.012820 0.245778 0.260993 0.148645 0.003410 0.328267 0.000087
0.013180 0.246159 0.260317 0.148262 0.003416 0.328579 0.000088
0.013107 0.245190 0.260339 0.148373 0.003438 0.329458 0.000094
0.013050 0.244598 0.260183 0.148163 0.003462 0.330450 0.000094
0.012424 0.242004 0.260608 0.148093 0.003544 0.333246 0.000081
0.012506 0.244324 0.260210 0.147530 0.003486 0.331848 0.000096
0.012378 0.240376 0.260015 0.148232 0.003493 0.335417 0.000090
0.012607 0.241359 0.259575 0.147805 0.003519 0.335047 0.000087
0.012546 0.241536 0.259423 0.147759 0.003531 0.335115 0.000090
0.012158 0.237071 0.260174 0.147745 0.003512 0.339250 0.000089
0.012299 0.237773 0.259564 0.147734 0.003509 0.339028 0.000092
0.012234 0.237544 0.259512 0.147809 0.003501 0.339312 0.000088
0.011803 0.233833 0.260284 0.147947 0.003574 0.342472 0.000088
0.012130 0.235859 0.259041 0.147645 0.003530 0.341703 0.000093
0.011949 0.235672 0.259485 0.147179 0.003542 0.342080 0.000094
0.012585 0.235356 0.258257 0.147132 0.003554 0.343026 0.000090
0.011884 0.231152 0.259583 0.147667 0.003618 0.345998 0.000098
0.012020 0.230353 0.259312 0.147244 0.003615 0.347360 0.000096
0.012234 0.231468 0.258501 0.147078 0.003637 0.346986 0.000095
0.012037 0.230115 0.258658 0.147093 0.003609 0.348396 0.000093
0.011905 0.230222 0.258438 0.146990 0.003604 0.348739 0.000102
0.012133 0.229571 0.257913 0.147005 0.003615 0.349671 0.000092
0.011956 0.227703 0.258314 0.146768 0.003609 0.351558 0.000093
0.011890 0.227200 0.257994 0.146811 0.003671 0.352325 0.000110
0.012278 0.228428 0.257150 0.146224 0.003674 0.352155 0.000091
0.011945 0.226024 0.257607 0.146321 0.003691 0.354308 0.000103
0.011956 0.224322 0.257040 0.146350 0.003707 0.356527 0.000097
0.011948 0.224203 0.257266 0.146178 0.003722 0.356573 0.000109
0.012214 0.223556 0.257234 0.146264 0.003743 0.356886 0.000104
0.012127 0.222483 0.256771 0.146186 0.003694 0.358636 0.000104
0.011932 0.221040 0.256741 0.146000 0.003749 0.360440 0.000099
0.012171 0.223627 0.255771 0.145916 0.003660 0.358748 0.000107
0.012402 0.221708 0.255726 0.145361 0.003732 0.360968 0.000103
0.012175 0.219669 0.255814 0.146057 0.003740 0.362442 0.000104
0.012107 0.219566 0.256178 0.145728 0.003717 0.362595 0.000109
0.011961 0.218421 0.256248 0.145502 0.003751 0.364017 0.000099
0.012101 0.217492 0.255732 0.145841 0.003803 0.364916 0.000114
0.012190 0.218041 0.255297 0.145167 0.003760 0.365440 0.000105
0.012458 0.216535 0.254649 0.145165 0.003790 0.367294 0.000109
0.012269 0.215559 0.255092 0.145178 0.003808 0.367983 0.000110
0.012308 0.215045 0.254612 0.145095 0.003795 0.369035 0.000110
0.012130 0.213670 0.254809 0.145037 0.003836 0.370400 0.000117
0.012420 0.213129 0.254098 0.144984 0.003800 0.371459 0.000109
0.012365 0.213087 0.254061 0.145086 0.003851 0.371432 0.000118
0.012389 0.211497 0.254201 0.145032 0.003822 0.372948 0.000111
0.012401 0.211932 0.253386 0.144628 0.003798 0.373734 0.000122
0.012397 0.210535 0.253782 0.144456 0.003868 0.374848 0.000115
0.012509 0.210684 0.253291 0.144290 0.003855 0.375252 0.000119
0.012388 0.208636 0.253354 0.144644 0.003888 0.376966 0.000124
0.012556 0.210643 0.252747 0.143510 0.003855 0.376575 0.000113
0.012456 0.207955 0.253250 0.143889 0.003875 0.378461 0.000115
0.012509 0.205722 0.252690 0.144077 0.003914 0.380959 0.000128
0.012542 0.205990 0.252567 0.143641 0.003870 0.381274 0.000118
0.012570 0.206846 0.252169 0.143413 0.003865 0.381016 0.000121
0.012650 0.206000 0.251787 0.143499 0.003918 0.382024 0.000122
0.012673 0.204495 0.251925 0.143458 0.003928 0.383391 0.000131
0.012593 0.202975 0.251893 0.143329 0.003948 0.385139 0.000124
0.012592 0.202097 0.251517 0.143609 0.003961 0.386104 0.000120
0.012639 0.203194 0.251178 0.143094 0.003977 0.385790 0.000128
0.012688 0.201532 0.251324 0.143022 0.003899 0.387414 0.000120
0.012664 0.199792 0.250872 0.143158 0.003954 0.389435 0.000125
0.012847 0.201165 0.250546 0.142706 0.003955 0.388657 0.000124
0.012799 0.199169 0.250502 0.142788 0.003947 0.390671 0.000124
0.012747 0.199854 0.249990 0.142735 0.003979 0.390580 0.000116
0.012798 0.199699 0.250003 0.142306 0.003975 0.391089 0.000131
0.012815 0.198529 0.249505 0.142071 0.003966 0.392985 0.000129
0.012767 0.197682 0.249249 0.142151 0.004032 0.393995 0.000125
0.012778 0.198213 0.249242 0.142138 0.004043 0.393454 0.000132
0.012795 0.196963 0.248759 0.142163 0.004026 0.395172 0.000123
0.012779 0.196428 0.249085 0.141552 0.004039 0.395992 0.000126
0.012715 0.196324 0.248674 0.141458 0.004028 0.396666 0.000135
0.012859 0.194217 0.248746 0.141841 0.004034 0.398182 0.000120
0.012908 0.193363 0.248500 0.141325 0.004111 0.399660 0.000132
0.012912 0.192390 0.247735 0.141478 0.004079 0.401278 0.000129
0.012938 0.192771 0.247676 0.141289 0.004078 0.401127 0.000123
0.012989 0.191942 0.247884 0.141300 0.004092 0.401666 0.000128
0.013036 0.192168 0.247248 0.140750 0.004064 0.402604 0.000132
0.013005 0.189090 0.246904 0.140730 0.004079 0.406063 0.000128
0.013124 0.192065 0.246622 0.140284 0.004048 0.403731 0.000128
0.013137 0.190252 0.246667 0.140477 0.004107 0.405227 0.000134
0.013041 0.188663 0.246636 0.140431 0.004121 0.406977 0.000130
0.013243 0.189197 0.246348 0.140224 0.004105 0.406752 0.000130
0.013128 0.186299 0.246170 0.140197 0.004148 0.409927 0.000131
0.013256 0.187824 0.245533 0.140029 0.004131 0.409089 0.000138
0.013207 0.187746 0.245218 0.140034 0.004130 0.409532 0.000133
0.013318 0.185398 0.245548 0.139902 0.004157 0.411542 0.000135
0.013220 0.185924 0.245689 0.139509 0.004185 0.411336 0.000137
0.013159 0.185511 0.245099 0.139610 0.004169 0.412317 0.000135
0.013293 0.185091 0.244348 0.139018 0.004128 0.413992 0.000130
0.013510 0.182997 0.244587 0.139387 0.004183 0.415196 0.000140
0.013489 0.182696 0.244602 0.139172 0.004241 0.415653 0.000147
0.013467 0.182550 0.243726 0.138917 0.004190 0.417018 0.000131
0.013463 0.181570 0.243840 0.138866 0.004187 0.417942 0.000132
0.013519 0.182681 0.243422 0.138802 0.004151 0.417286 0.000138
0.013369 0.181361 0.243510 0.138711 0.004228 0.418680 0.000141
0.013446 0.180966 0.243273 0.138578 0.004201 0.419394 0.000143
0.013639 0.180863 0.243146 0.138372 0.004238 0.419589 0.000152
0.013555 0.180040 0.242332 0.138066 0.004250 0.421610 0.000147
0.013612 0.180806 0.242253 0.137987 0.004219 0.420972 0.000152
0.013739 0.178438 0.241891 0.137989 0.004199 0.423590 0.000154
0.013781 0.178279 0.241962 0.137870 0.004198 0.423763 0.000148
0.013780 0.177259 0.241604 0.137589 0.004234 0.425381 0.000152
0.013797 0.177338 0.241215 0.137376 0.004248 0.425879 0.000147
0.013710 0.177311 0.241078 0.137318 0.004258 0.426176 0.000149
0.013908 0.178288 0.240795 0.137178 0.004212 0.425466 0.000153
0.013921 0.174735 0.240493 0.137014 0.004302 0.429388 0.000147
0.013828 0.175079 0.240355 0.136890 0.004257 0.429444 0.000147
0.014056 0.174826 0.240190 0.136691 0.004239 0.429847 0.000151
0.013943 0.174921 0.239759 0.136620 0.004278 0.430327 0.000151
0.013964 0.174920 0.239675 0.136599 0.004286 0.430407 0.000149
0.014087 0.173702 0.239303 0.136174 0.004316 0.432270 0.000149
0.014012 0.174155 0.238776 0.136460 0.004273 0.432177 0.000147
0.014078 0.171899 0.238620 0.135725 0.004353 0.435177 0.000148
0.014097 0.171752 0.238356 0.135675 0.004301 0.435670 0.000147
0.014204 0.170752 0.238290 0.136044 0.004359 0.436197 0.000153
0.014261 0.170723 0.237661 0.135139 0.004324 0.437723 0.000169
0.014260 0.170465 0.237565 0.135501 0.004358 0.437696 0.000155
0.014268 0.170679 0.237328 0.135297 0.004347 0.437923 0.000158
0.014413 0.169264 0.237308 0.135261 0.004310 0.439283 0.000160
0.014457 0.169342 0.236544 0.135277 0.004359 0.439866 0.000154
0.014390 0.168562 0.236681 0.134889 0.004379 0.440948 0.000152
0.014413 0.168323 0.236265 0.134518 0.004371 0.441949 0.000161
0.014634 0.167169 0.235775 0.134588 0.004369 0.443308 0.000157
0.014479 0.166210 0.235592 0.134450 0.004395 0.444715 0.000159
0.014308 0.166857 0.235795 0.134341 0.004419 0.444123 0.000156
0.014560 0.165747 0.235128 0.134139 0.004349 0.445917 0.000160
0.014552 0.164654 0.235039 0.133592 0.004437 0.447556 0.000170
0.014649 0.164454 0.234281 0.133704 0.004423 0.448326 0.000162
0.014675 0.164948 0.234439 0.133520 0.004334 0.447915 0.000170
0.014511 0.165425 0.234417 0.133528 0.004397 0.447553 0.000170
0.014880 0.163832 0.233388 0.133258 0.004393 0.450080 0.000168
0.014788 0.163845 0.233553 0.133256 0.004443 0.449955 0.000161
0.014972 0.163850 0.233395 0.133115 0.004412 0.450095 0.000163
0.014962 0.161333 0.233240 0.133052 0.004450 0.452798 0.000166
0.015013 0.161252 0.232797 0.133064 0.004502 0.453215 0.000157
0.014926 0.161876 0.232968 0.132511 0.004421 0.453123 0.000176
0.015049 0.161006 0.232397 0.132400 0.004460 0.454522 0.000166
0.015107 0.161823 0.232228 0.132466 0.004506 0.453690 0.000180
0.014994 0.160511 0.232049 0.132499 0.004441 0.455336 0.000171
0.015071 0.159726 0.231568 0.131831 0.004459 0.457179 0.000166
0.015194 0.159074 0.231641 0.131835 0.004486 0.457588 0.000183
0.015171 0.159613 0.231324 0.131727 0.004499 0.457499 0.000167
0.015198 0.158399 0.231152 0.131469 0.004494 0.459108 0.000180
0.015247 0.159128 0.230658 0.131501 0.004483 0.458807 0.000176
0.015367 0.157069 0.230455 0.131050 0.004473 0.461405 0.000181
0.015231 0.157083 0.230183 0.131012 0.004462 0.461856 0.000173
0.015422 0.156444 0.229673 0.130961 0.004493 0.462823 0.000185
0.015550 0.156333 0.229321 0.130603 0.004474 0.463541 0.000178
0.015403 0.155532 0.229189 0.130704 0.004515 0.464475 0.000181
0.015478 0.155203 0.229074 0.130502 0.004525 0.465039 0.000179
0.015542 0.155515 0.228751 0.130432 0.004442 0.465135 0.000183
0.015634 0.154636 0.228677 0.130239 0.004510 0.466122 0.000182
0.015757 0.154642 0.228538 0.129424 0.004531 0.466927 0.000181
0.015620 0.153850 0.228339 0.129705 0.004497 0.467806 0.000181
0.015697 0.153326 0.227769 0.129977 0.004525 0.468514 0.000193
0.015865 0.153078 0.226869 0.129473 0.004568 0.469956 0.000190
0.015848 0.152810 0.226940 0.129388 0.004510 0.470315 0.000189
0.015852 0.152805 0.227212 0.129388 0.004569 0.469986 0.000188
0.015993 0.152396 0.226759 0.129151 0.004541 0.470978 0.000182
0.015857 0.152455 0.226306 0.128967 0.004552 0.471679 0.000185
0.015836 0.152336 0.226648 0.128900 0.004590 0.471499 0.000191
0.015898 0.151141 0.225748 0.128552 0.004516 0.473954 0.000190
0.015901 0.151313 0.225808 0.128406 0.004546 0.473846 0.000180
0.015975 0.150383 0.224863 0.128315 0.004604 0.475665 0.000193
0.015957 0.150221 0.225015 0.127977 0.004540 0.476112 0.000177
0.016061 0.148381 0.224467 0.127836 0.004606 0.478460 0.000188
0.016167 0.148744 0.224724 0.127924 0.004613 0.477636 0.000192
0.016277 0.148820 0.224214 0.127329 0.004566 0.478599 0.000196
0.016251 0.148067 0.224092 0.127473 0.004643 0.479283 0.000191
0.016339 0.147731 0.223589 0.127383 0.004593 0.480178 0.000187
0.016335 0.147312 0.223645 0.127110 0.004693 0.480711 0.000193
0.016320 0.148050 0.223534 0.127158 0.004624 0.480123 0.000191
0.016724 0.146162 0.222528 0.126688 0.004625 0.483074 0.000200
0.016582 0.145595 0.222637 0.126772 0.004614 0.483610 0.000189
0.016404 0.146539 0.222575 0.126340 0.004599 0.483358 0.000184
0.016562 0.144739 0.222473 0.126473 0.004625 0.484937 0.000189
0.016490 0.146136 0.222015 0.126424 0.004653 0.484083 0.000199
0.016480 0.145194 0.221867 0.126194 0.004682 0.485388 0.000196
0.016571 0.144767 0.221585 0.125769 0.004631 0.486486 0.000191
0.016548 0.143842 0.220928 0.126116 0.004644 0.487733 0.000189
0.016512 0.144483 0.220879 0.125720 0.004671 0.487530 0.000205
0.016614 0.143341 0.220366 0.125642 0.004653 0.489175 0.000209
0.016665 0.144197 0.220293 0.125586 0.004663 0.488380 0.000216
