0.999108 0.000873 0.000011 0.000008 0.000000 0.000000 0.000000
0.998674 0.001285 0.000024 0.000008 0.000000 0.000009 0.000000
0.998211 0.001741 0.000026 0.000012 0.000000 0.000010 0.000000
0.997766 0.002170 0.000037 0.000016 0.000000 0.000010 0.000000
0.997266 0.002664 0.000043 0.000017 0.000000 0.000010 0.000000
0.996655 0.003256 0.000053 0.000026 0.000000 0.000010 0.000000
0.996014 0.003883 0.000061 0.000032 0.000000 0.000010 0.000000
0.995158 0.004712 0.000076 0.000045 0.000000 0.000009 0.000000
0.994366 0.005500 0.000076 0.000049 0.000000 0.000009 0.000000
0.993666 0.006187 0.000087 0.000049 0.000000 0.000010 0.000000
0.992175 0.007656 0.000107 0.000054 0.000000 0.000008 0.000000
0.990334 0.009463 0.000125 0.000070 0.000000 0.000008 0.000000
0.987921 0.011824 0.000163 0.000083 0.000000 0.000008 0.000000
0.986226 0.013491 0.000178 0.000098 0.000000 0.000007 0.000000
0.983846 0.015833 0.000203 0.000112 0.000000 0.000005 0.000000
0.980771 0.018867 0.000238 0.000118 0.000000 0.000006 0.000000
0.976632 0.022948 0.000277 0.000137 0.000000 0.000006 0.000000
0.972029 0.027456 0.000329 0.000181 0.000000 0.000005 0.000000
0.967055 0.032340 0.000390 0.000210 0.000000 0.000005 0.000000
0.962335 0.036994 0.000429 0.000232 0.000000 0.000009 0.000000
0.954782 0.044393 0.000522 0.000292 0.000000 0.000011 0.000000
0.948692 0.050326 0.000614 0.000352 0.000000 0.000016 0.000000
0.940075 0.058742 0.000733 0.000434 0.000000 0.000016 0.000000
0.932218 0.066406 0.000872 0.000486 0.000000 0.000017 0.000000
0.921224 0.077099 0.001052 0.000608 0.000000 0.000017 0.000000
0.912481 0.085614 0.001213 0.000669 0.000000 0.000022 0.000000
0.901617 0.096181 0.001399 0.000774 0.000000 0.000030 0.000000
0.888513 0.108906 0.001645 0.000895 0.000000 0.000042 0.000000
0.875976 0.121065 0.001861 0.001045 0.000000 0.000052 0.000000
0.861979 0.134619 0.002119 0.001232 0.000002 0.000049 0.000000
0.849939 0.146271 0.002363 0.001362 0.000002 0.000063 0.000000
0.835198 0.160547 0.002666 0.001518 0.000002 0.000068 0.000000
0.821044 0.174228 0.002958 0.001691 0.000002 0.000077 0.000000
0.805634 0.189088 0.003287 0.001898 0.000002 0.000092 0.000000
0.790548 0.203584 0.003643 0.002122 0.000001 0.000101 0.000000
0.775261 0.218263 0.004029 0.002337 0.000002 0.000108 0.000000
0.758478 0.234301 0.004496 0.002599 0.000002 0.000124 0.000000
0.743738 0.248412 0.004904 0.002810 0.000002 0.000135 0.000000
0.726337 0.264969 0.005396 0.003146 0.000002 0.000150 0.000000
0.709585 0.280884 0.005873 0.003488 0.000002 0.000169 0.000000
0.695793 0.293949 0.006316 0.003753 0.000003 0.000186 0.000000
0.682847 0.306158 0.006790 0.003997 0.000004 0.000203 0.000000
0.663096 0.324755 0.007496 0.004403 0.000004 0.000244 0.000000
0.651493 0.335590 0.007995 0.004641 0.000005 0.000275 0.000000
0.633959 0.352052 0.008657 0.005017 0.000004 0.000310 0.000000
0.622386 0.362854 0.009074 0.005351 0.000005 0.000330 0.000000
0.608225 0.375996 0.009711 0.005700 0.000005 0.000364 0.000000
0.596804 0.386524 0.010245 0.006032 0.000004 0.000390 0.000000
0.582239 0.399946 0.010938 0.006442 0.000004 0.000431 0.000000
0.572356 0.408907 0.011529 0.006743 0.000005 0.000459 0.000000
0.560559 0.419589 0.012223 0.007119 0.000006 0.000504 0.000000
0.548513 0.430558 0.012905 0.007479 0.000005 0.000541 0.000000
0.535455 0.442435 0.013641 0.007879 0.000005 0.000586 0.000000
0.527960 0.449017 0.014186 0.008209 0.000006 0.000622 0.000000
0.514697 0.460842 0.015076 0.008714 0.000007 0.000664 0.000000
0.505838 0.468884 0.015588 0.008995 0.000008 0.000687 0.000000
0.490391 0.482649 0.016641 0.009561 0.000009 0.000749 0.000000
0.482406 0.489809 0.017121 0.009868 0.000009 0.000787 0.000000
0.470927 0.499884 0.017968 0.010367 0.000011 0.000843 0.000000
0.461475 0.508030 0.018720 0.010866 0.000012 0.000897 0.000000
0.450327 0.517824 0.019524 0.011318 0.000013 0.000993 0.000000
0.441793 0.525381 0.020134 0.011640 0.000013 0.001039 0.000000
0.430267 0.535212 0.021178 0.012220 0.000013 0.001109 0.000000
0.419819 0.543990 0.022240 0.012744 0.000014 0.001193 0.000000
0.408371 0.553968 0.023085 0.013287 0.000015 0.001274 0.000000
0.401147 0.559748 0.024019 0.013719 0.000018 0.001350 0.000000
0.392915 0.566597 0.024856 0.014189 0.000019 0.001424 0.000000
0.384168 0.573680 0.025827 0.014780 0.000021 0.001524 0.000000
0.375094 0.581040 0.026857 0.015369 0.000021 0.001620 0.000000
0.367656 0.586827 0.027816 0.015968 0.000025 0.001708 0.000000
0.358791 0.593841 0.028939 0.016588 0.000027 0.001814 0.000000
0.350560 0.600312 0.029953 0.017208 0.000028 0.001939 0.000000
0.344701 0.604706 0.030799 0.017747 0.000029 0.002019 0.000000
0.336376 0.610839 0.032136 0.018445 0.000031 0.002173 0.000000
0.332464 0.613718 0.032764 0.018772 0.000036 0.002246 0.000000
0.324356 0.619597 0.034095 0.019524 0.000033 0.002395 0.000000
0.312081 0.629318 0.035686 0.020324 0.000033 0.002559 0.000000
0.313507 0.626840 0.036214 0.020732 0.000036 0.002671 0.000000
0.305905 0.632469 0.037381 0.021391 0.000039 0.002816 0.000000
0.302837 0.633820 0.038353 0.021994 0.000040 0.002956 0.000000
0.296848 0.638024 0.039464 0.022571 0.000043 0.003051 0.000000
0.289964 0.642714 0.040791 0.023247 0.000045 0.003238 0.000000
0.286053 0.644735 0.041926 0.023847 0.000050 0.003390 0.000000
0.276614 0.651954 0.043265 0.024541 0.000051 0.003575 0.000000
0.277438 0.649931 0.043901 0.024962 0.000054 0.003713 0.000000
0.268649 0.656078 0.045519 0.025853 0.000059 0.003842 0.000000
0.262743 0.659969 0.046622 0.026538 0.000064 0.004063 0.000000
0.254202 0.665966 0.048139 0.027372 0.000067 0.004255 0.000000
0.249301 0.668738 0.049469 0.028039 0.000068 0.004386 0.000000
0.240552 0.674144 0.051359 0.029182 0.000071 0.004692 0.000000
0.236725 0.676208 0.052413 0.029711 0.000072 0.004871 0.000000
0.229716 0.680797 0.053705 0.030590 0.000074 0.005118 0.000000
0.222652 0.685172 0.055249 0.031491 0.000073 0.005363 0.000000
0.218010 0.687528 0.056626 0.032187 0.000078 0.005570 0.000001
0.206820 0.695043 0.058777 0.033351 0.000086 0.005922 0.000001
0.203880 0.696183 0.059745 0.034002 0.000081 0.006109 0.000000
0.198107 0.698629 0.061654 0.035089 0.000089 0.006430 0.000001
0.193759 0.700977 0.062849 0.035649 0.000092 0.006674 0.000000
0.187084 0.704149 0.064821 0.036811 0.000098 0.007036 0.000001
0.184479 0.704287 0.066218 0.037642 0.000099 0.007275 0.000001
0.182128 0.704434 0.067507 0.038299 0.000103 0.007529 0.000000
0.177903 0.705473 0.069173 0.039384 0.000107 0.007958 0.000001
0.169563 0.710462 0.071114 0.040445 0.000114 0.008300 0.000002
0.170897 0.707836 0.071876 0.040801 0.000116 0.008474 0.000001
0.169555 0.706165 0.073460 0.041801 0.000117 0.008900 0.000001
0.163222 0.709257 0.075250 0.042895 0.000121 0.009253 0.000001
0.161576 0.708650 0.076436 0.043640 0.000121 0.009576 0.000001
0.164552 0.704454 0.077097 0.044014 0.000128 0.009753 0.000002
0.155909 0.708338 0.079768 0.045532 0.000138 0.010313 0.000002
0.154303 0.707593 0.081008 0.046333 0.000138 0.010623 0.000002
0.151763 0.707039 0.082729 0.047306 0.000143 0.011020 0.000001
0.154932 0.702176 0.083653 0.047769 0.000150 0.011318 0.000001
0.155916 0.699702 0.084450 0.048179 0.000152 0.011599 0.000001
0.150916 0.701795 0.085965 0.049127 0.000162 0.012034 0.000001
0.144261 0.703945 0.088388 0.050630 0.000161 0.012614 0.000001
0.141179 0.704296 0.089958 0.051405 0.000166 0.012995 0.000001
0.143135 0.701240 0.090545 0.051674 0.000169 0.013235 0.000001
0.137197 0.704122 0.092123 0.052681 0.000178 0.013697 0.000002
0.134295 0.703783 0.093926 0.053593 0.000187 0.014216 0.000002
0.132318 0.702885 0.095481 0.054501 0.000191 0.014622 0.000002
0.133915 0.699937 0.096148 0.054855 0.000190 0.014954 0.000001
0.133901 0.698404 0.096932 0.055297 0.000179 0.015286 0.000001
0.131959 0.697304 0.098635 0.056215 0.000199 0.015687 0.000002
0.130820 0.695527 0.100158 0.057059 0.000213 0.016222 0.000002
0.127585 0.696525 0.101334 0.057729 0.000217 0.016608 0.000002
0.123981 0.695875 0.103720 0.058892 0.000219 0.017311 0.000002
0.123415 0.695123 0.104440 0.059307 0.000221 0.017493 0.000002
0.116382 0.698918 0.106034 0.060348 0.000230 0.018087 0.000001
0.112049 0.699156 0.108337 0.061525 0.000239 0.018692 0.000002
0.108744 0.698332 0.110584 0.062752 0.000252 0.019333 0.000003
0.107102 0.699391 0.110891 0.062820 0.000249 0.019544 0.000002
0.105048 0.698731 0.112257 0.063641 0.000250 0.020071 0.000002
0.095672 0.701756 0.115595 0.065581 0.000259 0.021134 0.000003
0.099869 0.698155 0.115158 0.065344 0.000277 0.021195 0.000002
0.096856 0.697164 0.117486 0.066411 0.000277 0.021803 0.000004
0.090453 0.699430 0.119528 0.067762 0.000291 0.022531 0.000004
0.091278 0.696149 0.120947 0.068215 0.000282 0.023125 0.000003
0.088579 0.693995 0.123210 0.069879 0.000307 0.024027 0.000004
0.090483 0.691857 0.123339 0.069856 0.000300 0.024161 0.000004
0.086407 0.691839 0.125449 0.070979 0.000311 0.025011 0.000004
0.086093 0.691635 0.125828 0.071001 0.000307 0.025133 0.000003
0.082065 0.689578 0.128904 0.072793 0.000332 0.026325 0.000003
0.082483 0.688633 0.129036 0.073008 0.000334 0.026503 0.000004
0.078107 0.688572 0.131370 0.074216 0.000361 0.027372 0.000003
0.076133 0.686679 0.133307 0.075278 0.000345 0.028255 0.000003
0.073605 0.687518 0.134199 0.075830 0.000350 0.028494 0.000003
0.068408 0.687222 0.137036 0.077437 0.000374 0.029522 0.000003
0.069611 0.683914 0.137815 0.078044 0.000386 0.030225 0.000004
0.070771 0.681276 0.138650 0.078415 0.000385 0.030500 0.000003
0.069548 0.679605 0.139950 0.079205 0.000397 0.031293 0.000002
0.064087 0.680835 0.142258 0.080379 0.000388 0.032050 0.000003
0.066651 0.677474 0.142403 0.080657 0.000396 0.032416 0.000004
0.061555 0.677864 0.144894 0.081944 0.000426 0.033313 0.000003
0.061483 0.675318 0.145944 0.082761 0.000434 0.034058 0.000003
0.058129 0.675102 0.147912 0.083688 0.000435 0.034729 0.000004
0.057410 0.674102 0.148442 0.084208 0.000447 0.035387 0.000004
0.057447 0.671454 0.149791 0.084892 0.000459 0.035952 0.000004
0.054649 0.669979 0.151772 0.086309 0.000469 0.036818 0.000003
0.050672 0.669250 0.154130 0.087517 0.000477 0.037950 0.000003
0.050837 0.667332 0.154909 0.088166 0.000466 0.038287 0.000004
0.048238 0.665516 0.157046 0.089318 0.000487 0.039389 0.000005
0.049755 0.662869 0.157499 0.089671 0.000493 0.039709 0.000004
0.048376 0.662844 0.158131 0.089917 0.000504 0.040223 0.000005
0.045757 0.659720 0.160909 0.091489 0.000520 0.041600 0.000005
0.047355 0.656236 0.161696 0.091949 0.000523 0.042238 0.000003
0.047084 0.655888 0.161980 0.092091 0.000515 0.042437 0.000004
0.049591 0.650191 0.163368 0.092927 0.000537 0.043380 0.000006
0.047657 0.648831 0.164666 0.093828 0.000545 0.044467 0.000006
0.046631 0.649331 0.165109 0.093960 0.000543 0.044420 0.000006
0.043843 0.647350 0.167215 0.095209 0.000565 0.045815 0.000004
0.044979 0.644168 0.168140 0.095788 0.000570 0.046350 0.000005
0.045607 0.641582 0.168993 0.096226 0.000580 0.047006 0.000005
0.043996 0.640566 0.170187 0.096763 0.000572 0.047911 0.000004
0.041957 0.641499 0.170658 0.097170 0.000588 0.048124 0.000004
0.040827 0.638384 0.172643 0.098228 0.000600 0.049313 0.000004
0.037044 0.637691 0.174790 0.099306 0.000619 0.050546 0.000005
0.038740 0.635726 0.174516 0.099523 0.000624 0.050866 0.000005
0.035983 0.632279 0.177523 0.101190 0.000633 0.052387 0.000005
0.035249 0.629312 0.178977 0.102122 0.000659 0.053677 0.000004
0.035008 0.629530 0.179101 0.101991 0.000657 0.053709 0.000005
0.032821 0.629715 0.179994 0.102457 0.000670 0.054338 0.000005
0.032949 0.627045 0.181055 0.103096 0.000665 0.055186 0.000005
0.030457 0.626078 0.182534 0.104060 0.000685 0.056181 0.000004
0.028445 0.622631 0.185079 0.105490 0.000689 0.057661 0.000005
0.030647 0.621748 0.184289 0.105042 0.000686 0.057583 0.000005
0.027938 0.617293 0.187397 0.107021 0.000708 0.059639 0.000005
0.026768 0.617399 0.188223 0.106978 0.000699 0.059927 0.000005
0.025745 0.615082 0.189524 0.107724 0.000748 0.061175 0.000004
0.024938 0.611943 0.191152 0.108750 0.000741 0.062472 0.000004
0.025509 0.611550 0.191113 0.108586 0.000750 0.062487 0.000004
0.023404 0.608028 0.193526 0.110375 0.000777 0.063885 0.000005
0.023367 0.606438 0.194071 0.110472 0.000779 0.064867 0.000005
0.023250 0.604181 0.195102 0.110982 0.000798 0.065682 0.000004
0.022095 0.602001 0.196680 0.111777 0.000795 0.066648 0.000004
0.021812 0.601507 0.197022 0.112059 0.000783 0.066814 0.000003
0.021464 0.598241 0.198243 0.113023 0.000811 0.068213 0.000005
0.020756 0.594887 0.200379 0.113569 0.000829 0.069577 0.000004
0.020179 0.592707 0.201297 0.114451 0.000850 0.070512 0.000005
0.019854 0.591905 0.201641 0.114736 0.000834 0.071024 0.000006
0.019856 0.588875 0.202694 0.115513 0.000852 0.072205 0.000004
0.020093 0.588623 0.202864 0.115318 0.000867 0.072230 0.000006
0.019227 0.585827 0.204294 0.116238 0.000885 0.073524 0.000005
0.019383 0.583675 0.204953 0.116702 0.000881 0.074399 0.000007
0.018726 0.579996 0.206612 0.117849 0.000911 0.075901 0.000005
0.018863 0.579774 0.206526 0.117735 0.000912 0.076185 0.000005
0.018495 0.577104 0.208017 0.118332 0.000932 0.077112 0.000007
0.018352 0.574193 0.209084 0.118986 0.000944 0.078434 0.000007
0.018353 0.573815 0.209235 0.119096 0.000944 0.078547 0.000010
0.018017 0.570034 0.210738 0.120065 0.000968 0.080169 0.000009
0.017620 0.568682 0.211509 0.120396 0.001002 0.080783 0.000008
0.017296 0.565189 0.212917 0.121333 0.000993 0.082262 0.000011
0.017409 0.564116 0.213178 0.121487 0.001011 0.082786 0.000012
0.016906 0.562159 0.214184 0.122077 0.001016 0.083646 0.000012
0.016788 0.559909 0.215092 0.122551 0.001014 0.084633 0.000011
0.016580 0.557571 0.216106 0.123016 0.001030 0.085686 0.000011
0.016735 0.557392 0.215934 0.122751 0.001035 0.086140 0.000013
0.016325 0.554029 0.217417 0.123739 0.001043 0.087437 0.000009
0.016125 0.552468 0.218197 0.124019 0.001061 0.088117 0.000012
0.016026 0.549786 0.218984 0.124620 0.001089 0.089483 0.000011
0.015794 0.547726 0.220010 0.125149 0.001087 0.090223 0.000011
0.016030 0.546846 0.219961 0.125220 0.001095 0.090837 0.000013
0.015594 0.543440 0.221399 0.126107 0.001099 0.092349 0.000011
0.015592 0.542722 0.221516 0.126153 0.001134 0.092871 0.000012
0.015324 0.537940 0.223658 0.127144 0.001127 0.094794 0.000013
0.015363 0.538491 0.223273 0.127061 0.001136 0.094663 0.000011
0.015275 0.536250 0.224079 0.127401 0.001162 0.095821 0.000012
0.015097 0.534378 0.224623 0.127957 0.001154 0.096776 0.000015
0.014837 0.531751 0.225816 0.128415 0.001163 0.098005 0.000013
0.014907 0.531282 0.225679 0.128550 0.001158 0.098410 0.000013
0.014785 0.528058 0.226991 0.129062 0.001165 0.099925 0.000013
0.014682 0.527471 0.227259 0.129386 0.001183 0.100005 0.000014
0.014617 0.524928 0.228111 0.129799 0.001203 0.101328 0.000015
0.014278 0.522058 0.229259 0.130425 0.001199 0.102766 0.000014
0.014352 0.520585 0.229614 0.130594 0.001230 0.103612 0.000013
0.014337 0.519575 0.229912 0.130812 0.001238 0.104110 0.000015
0.014070 0.516161 0.231297 0.131403 0.001246 0.105811 0.000013
0.013920 0.513775 0.232061 0.131931 0.001245 0.107055 0.000013
0.013959 0.513029 0.232251 0.132103 0.001244 0.107398 0.000016
0.013884 0.510259 0.233127 0.132559 0.001285 0.108871 0.000015
0.013809 0.508567 0.233481 0.133125 0.001272 0.109732 0.000014
0.013574 0.505242 0.234929 0.133482 0.001308 0.111454 0.000010
0.013590 0.504772 0.234935 0.133751 0.001293 0.111643 0.000014
0.013500 0.503471 0.235291 0.133750 0.001317 0.112657 0.000014
0.013454 0.501530 0.235875 0.134052 0.001320 0.113754 0.000015
0.013463 0.500935 0.236173 0.134023 0.001333 0.114061 0.000013
0.013197 0.496347 0.237614 0.135255 0.001371 0.116202 0.000014
0.013153 0.495073 0.238211 0.135299 0.001374 0.116875 0.000014
0.013206 0.493881 0.238266 0.135633 0.001381 0.117617 0.000016
0.013084 0.491596 0.239055 0.136009 0.001395 0.118847 0.000014
0.013066 0.490625 0.239258 0.136119 0.001387 0.119531 0.000013
0.013051 0.488444 0.240106 0.136392 0.001443 0.120548 0.000017
0.012936 0.487311 0.240278 0.136625 0.001429 0.121402 0.000019
0.012922 0.485124 0.240768 0.137080 0.001432 0.122656 0.000017
0.013028 0.483373 0.241267 0.137304 0.001467 0.123539 0.000022
0.012809 0.482648 0.241404 0.137509 0.001453 0.124159 0.000018
0.012956 0.479125 0.242693 0.137693 0.001475 0.126038 0.000020
0.012737 0.478600 0.242805 0.137929 0.001495 0.126414 0.000020
0.012760 0.476458 0.243455 0.138334 0.001500 0.127471 0.000023
0.012736 0.475184 0.243677 0.138589 0.001513 0.128284 0.000017
0.012506 0.472183 0.244776 0.138877 0.001522 0.130117 0.000019
0.012552 0.470858 0.244965 0.139340 0.001555 0.130712 0.000019
0.012544 0.469934 0.245149 0.139306 0.001537 0.131511 0.000019
0.012401 0.467533 0.246064 0.139743 0.001572 0.132669 0.000019
0.012365 0.465096 0.246785 0.140026 0.001576 0.134130 0.000022
0.012489 0.464191 0.246691 0.140344 0.001606 0.134657 0.000023
0.012307 0.462211 0.247465 0.140614 0.001588 0.135794 0.000022
0.012208 0.460229 0.247815 0.140712 0.001615 0.137397 0.000024
0.012154 0.458938 0.248113 0.141182 0.001634 0.137957 0.000023
0.012201 0.456515 0.248593 0.141575 0.001663 0.139433 0.000021
0.012084 0.455036 0.249177 0.141669 0.001666 0.140344 0.000024
0.012121 0.452637 0.249688 0.142166 0.001671 0.141694 0.000023
0.012052 0.451796 0.249783 0.142151 0.001674 0.142520 0.000023
0.012094 0.450720 0.250314 0.142283 0.001652 0.142912 0.000025
0.012006 0.447782 0.250819 0.142752 0.001691 0.144922 0.000027
0.012041 0.446239 0.251279 0.142919 0.001719 0.145780 0.000021
0.011969 0.444406 0.251698 0.143449 0.001726 0.146726 0.000026
0.012040 0.443155 0.252032 0.143338 0.001759 0.147653 0.000023
0.011933 0.442623 0.251713 0.143302 0.001744 0.148658 0.000027
0.011792 0.440233 0.252818 0.143856 0.001735 0.149538 0.000028
0.011914 0.439731 0.252743 0.143753 0.001769 0.150067 0.000024
0.011799 0.437707 0.253214 0.144140 0.001776 0.151332 0.000032
0.011841 0.435117 0.253754 0.144570 0.001788 0.152904 0.000026
0.011768 0.433651 0.254412 0.144403 0.001797 0.153941 0.000029
0.011696 0.432055 0.254831 0.144642 0.001811 0.154936 0.000029
0.011809 0.430151 0.255063 0.145233 0.001821 0.155897 0.000026
0.011692 0.427470 0.255660 0.145334 0.001853 0.157963 0.000027
0.011681 0.427266 0.255547 0.145319 0.001825 0.158329 0.000032
0.011601 0.425213 0.256043 0.145888 0.001879 0.159349 0.000026
0.011679 0.423328 0.256468 0.146029 0.001856 0.160611 0.000029
0.011726 0.422611 0.256670 0.145794 0.001893 0.161275 0.000031
0.011638 0.421545 0.256709 0.146247 0.001907 0.161930 0.000025
0.011540 0.420646 0.257164 0.146219 0.001866 0.162536 0.000028
0.011734 0.419069 0.257086 0.146369 0.001886 0.163828 0.000029
0.011606 0.417179 0.257389 0.146657 0.001901 0.165236 0.000032
0.011454 0.414767 0.258455 0.146860 0.001926 0.166506 0.000032
0.011440 0.414880 0.257717 0.146851 0.001944 0.167134 0.000035
0.011475 0.411325 0.258644 0.147423 0.001968 0.169135 0.000031
0.011502 0.409870 0.258892 0.147582 0.001952 0.170169 0.000033
0.011519 0.407900 0.259426 0.147822 0.001983 0.171316 0.000034
0.011521 0.407245 0.259246 0.148048 0.001988 0.171920 0.000032
0.011309 0.406287 0.259792 0.147708 0.001965 0.172906 0.000033
0.011526 0.404556 0.259871 0.148012 0.002010 0.173994 0.000032
0.011465 0.403574 0.260169 0.148002 0.001996 0.174763 0.000033
0.011280 0.400623 0.260732 0.148461 0.002041 0.176829 0.000034
0.011285 0.401196 0.260524 0.148234 0.001991 0.176737 0.000033
0.011301 0.399409 0.260837 0.148548 0.001999 0.177872 0.000033
0.011404 0.397697 0.260979 0.148579 0.002059 0.179249 0.000033
0.011364 0.395537 0.261444 0.149069 0.002035 0.180517 0.000033
0.011495 0.394783 0.261513 0.148943 0.002056 0.181181 0.000028
0.011251 0.393089 0.261901 0.149082 0.002069 0.182574 0.000034
0.011308 0.391567 0.262040 0.149354 0.002086 0.183609 0.000037
0.011305 0.390448 0.262094 0.149492 0.002108 0.184519 0.000035
0.011362 0.389130 0.262309 0.149267 0.002103 0.185789 0.000040
0.011328 0.387475 0.262556 0.149747 0.002160 0.186696 0.000039
0.011291 0.386923 0.262683 0.149752 0.002127 0.187185 0.000039
0.011266 0.383782 0.263219 0.149893 0.002133 0.189669 0.000039
0.011365 0.382633 0.263390 0.149834 0.002120 0.190623 0.000035
0.011320 0.380702 0.263504 0.150286 0.002138 0.192008 0.000042
0.011328 0.380272 0.263445 0.150304 0.002184 0.192430 0.000037
0.011188 0.378537 0.264046 0.150431 0.002166 0.193591 0.000040
0.011419 0.377514 0.264036 0.150305 0.002214 0.194479 0.000034
0.011336 0.375815 0.264179 0.150818 0.002185 0.195629 0.000038
0.011265 0.374077 0.264531 0.150898 0.002175 0.197017 0.000037
0.011315 0.374441 0.264467 0.150524 0.002235 0.196978 0.000040
0.011376 0.373112 0.264555 0.150557 0.002243 0.198116 0.000041
0.011283 0.370550 0.265030 0.150845 0.002238 0.200010 0.000044
0.011226 0.370056 0.264964 0.150828 0.002242 0.200641 0.000045
0.011285 0.369836 0.264505 0.150984 0.002277 0.201073 0.000041
0.011300 0.366044 0.265624 0.151557 0.002294 0.203136 0.000046
0.011139 0.367072 0.264911 0.151130 0.002265 0.203439 0.000044
0.011090 0.363700 0.265551 0.151469 0.002295 0.205851 0.000045
0.011325 0.362833 0.265660 0.151467 0.002324 0.206350 0.000042
0.011216 0.360614 0.265911 0.151666 0.002344 0.208208 0.000041
0.011253 0.360464 0.265993 0.151522 0.002308 0.208420 0.000040
0.011271 0.358382 0.266232 0.151736 0.002376 0.209964 0.000040
0.011271 0.357909 0.266042 0.151556 0.002350 0.210828 0.000042
0.011213 0.356367 0.266580 0.151849 0.002414 0.211533 0.000045
0.011288 0.355024 0.266485 0.152177 0.002377 0.212607 0.000043
0.011264 0.353134 0.266688 0.152051 0.002455 0.214363 0.000045
0.011327 0.353228 0.266425 0.151883 0.002431 0.214657 0.000050
0.011156 0.351221 0.267064 0.152142 0.002442 0.215929 0.000047
0.011153 0.349472 0.267165 0.152244 0.002427 0.217493 0.000047
0.011258 0.349337 0.267079 0.152036 0.002450 0.217796 0.000044
0.011346 0.348131 0.267070 0.152220 0.002430 0.218757 0.000048
0.011333 0.345942 0.267600 0.152305 0.002473 0.220296 0.000051
0.011413 0.345838 0.267386 0.152160 0.002453 0.220703 0.000047
0.011168 0.344390 0.267743 0.152385 0.002478 0.221786 0.000050
0.011178 0.342611 0.267688 0.152364 0.002526 0.223584 0.000049
0.011314 0.341621 0.267611 0.152554 0.002512 0.224337 0.000051
0.011426 0.340886 0.267492 0.152461 0.002551 0.225134 0.000050
0.011179 0.339071 0.267825 0.152619 0.002600 0.226659 0.000048
0.011378 0.337304 0.267997 0.152736 0.002571 0.227966 0.000048
0.011268 0.336293 0.268044 0.152617 0.002569 0.229159 0.000051
0.011374 0.335901 0.268455 0.152671 0.002599 0.228953 0.000048
0.011074 0.333742 0.268583 0.152798 0.002610 0.231140 0.000054
0.011232 0.331586 0.268894 0.152811 0.002634 0.232792 0.000051
0.011341 0.331987 0.268613 0.152494 0.002646 0.232869 0.000049
0.011338 0.330381 0.268796 0.152857 0.002663 0.233916 0.000048
0.011312 0.328449 0.268938 0.152718 0.002652 0.235881 0.000048
0.011125 0.328419 0.268712 0.152715 0.002698 0.236286 0.000046
0.011182 0.326566 0.268846 0.152843 0.002697 0.237818 0.000049
0.011217 0.325568 0.269250 0.152882 0.002670 0.238362 0.000051
0.011411 0.324895 0.268999 0.152730 0.002699 0.239218 0.000048
0.011302 0.323565 0.269217 0.152927 0.002719 0.240221 0.000049
0.011224 0.321167 0.269107 0.153097 0.002730 0.242617 0.000057
0.011347 0.321659 0.269387 0.152614 0.002723 0.242220 0.000051
0.011286 0.320129 0.269045 0.153143 0.002764 0.243575 0.000059
0.011333 0.318343 0.269252 0.153055 0.002789 0.245177 0.000053
0.011359 0.318546 0.269156 0.152876 0.002762 0.245247 0.000053
0.011285 0.316144 0.269429 0.152930 0.002752 0.247408 0.000052
0.011324 0.314925 0.269123 0.153301 0.002789 0.248484 0.000054
0.011294 0.313442 0.269550 0.153242 0.002780 0.249642 0.000050
0.011444 0.312700 0.269041 0.153087 0.002784 0.250888 0.000056
0.011305 0.312273 0.269099 0.152917 0.002774 0.251579 0.000053
0.011378 0.310776 0.268927 0.152932 0.002804 0.253123 0.000060
0.011469 0.310379 0.269077 0.153020 0.002853 0.253146 0.000055
0.011507 0.308820 0.269279 0.152820 0.002842 0.254678 0.000054
0.011489 0.307034 0.268958 0.153181 0.002835 0.256447 0.000057
0.011468 0.306054 0.269186 0.153131 0.002869 0.257236 0.000056
0.011504 0.305973 0.268875 0.153283 0.002855 0.257451 0.000060
0.011656 0.304895 0.268960 0.152640 0.002877 0.258910 0.000061
0.011471 0.303346 0.269108 0.153195 0.002868 0.259955 0.000058
0.011451 0.302880 0.269097 0.152833 0.002864 0.260813 0.000061
0.011627 0.302283 0.268921 0.152725 0.002892 0.261491 0.000060
0.011519 0.300153 0.269100 0.152898 0.002889 0.263375 0.000065
0.011531 0.299091 0.269117 0.152915 0.002937 0.264344 0.000064
0.011525 0.298913 0.269132 0.152714 0.002917 0.264736 0.000063
0.011523 0.297622 0.269125 0.152678 0.002916 0.266076 0.000060
0.011517 0.295280 0.269205 0.153018 0.002968 0.267948 0.000064
0.011707 0.294752 0.268958 0.153028 0.002932 0.268562 0.000062
0.011722 0.293378 0.269074 0.153012 0.002999 0.269753 0.000062
0.011569 0.293483 0.268874 0.152892 0.002999 0.270110 0.000072
0.011704 0.292205 0.268653 0.152911 0.002971 0.271488 0.000068
0.011754 0.291324 0.268697 0.152974 0.003063 0.272123 0.000065
0.011696 0.289616 0.268351 0.153094 0.002999 0.274176 0.000067
0.011688 0.288978 0.268572 0.152856 0.003003 0.274831 0.000071
0.011649 0.287489 0.268790 0.152695 0.003048 0.276263 0.000067
0.011763 0.286103 0.268700 0.152672 0.003012 0.277681 0.000069
0.011832 0.286097 0.268830 0.152701 0.003051 0.277428 0.000061
0.011739 0.284215 0.268611 0.152690 0.003060 0.279621 0.000065
0.011749 0.283530 0.268661 0.152469 0.003068 0.280458 0.000065
0.011817 0.282797 0.268363 0.152314 0.003111 0.281529 0.000069
0.011822 0.282349 0.268267 0.152501 0.003090 0.281909 0.000061
0.011906 0.280187 0.268572 0.152491 0.003123 0.283648 0.000072
0.011905 0.279684 0.268348 0.152333 0.003147 0.284517 0.000068
0.012009 0.279105 0.268794 0.152388 0.003118 0.284518 0.000067
0.012070 0.277687 0.268331 0.152361 0.003131 0.286352 0.000068
0.012031 0.276571 0.268434 0.152106 0.003161 0.287628 0.000070
0.011948 0.276416 0.267918 0.152446 0.003152 0.288047 0.000072
0.011962 0.275165 0.268112 0.152332 0.003155 0.289206 0.000069
0.012149 0.274361 0.267608 0.152307 0.003142 0.290358 0.000076
0.011866 0.273232 0.268129 0.152139 0.003160 0.291402 0.000073
0.012023 0.272281 0.267717 0.151916 0.003213 0.292784 0.000067
0.011997 0.272313 0.267515 0.151876 0.003222 0.293003 0.000074
0.012049 0.270430 0.267592 0.152037 0.003208 0.294615 0.000070
0.012071 0.269041 0.267637 0.151917 0.003243 0.296019 0.000072
0.012074 0.268995 0.267553 0.151789 0.003228 0.296287 0.000074
0.012052 0.267873 0.267523 0.151985 0.003217 0.297278 0.000072
0.012019 0.267646 0.267303 0.151610 0.003217 0.298125 0.000080
0.012236 0.265271 0.267092 0.151544 0.003225 0.300555 0.000077
0.012031 0.264808 0.267089 0.151601 0.003242 0.301151 0.000078
0.012124 0.264473 0.266900 0.151742 0.003258 0.301425 0.000078
0.012179 0.262730 0.266840 0.151636 0.003271 0.303264 0.000080
0.012301 0.261979 0.266689 0.151213 0.003288 0.304453 0.000077
0.012388 0.261332 0.266850 0.151358 0.003235 0.304755 0.000082
0.012194 0.259872 0.266611 0.151180 0.003309 0.306753 0.000081
0.012343 0.258696 0.266495 0.151148 0.003306 0.307925 0.000088
0.012319 0.259117 0.266414 0.151336 0.003280 0.307445 0.000088
0.012372 0.257649 0.266293 0.151183 0.003311 0.309113 0.000079
0.012276 0.256902 0.266089 0.151020 0.003285 0.310340 0.000088
0.012292 0.255667 0.265891 0.151162 0.003314 0.311588 0.000086
0.012452 0.255621 0.266023 0.151119 0.003368 0.311337 0.000079
0.012493 0.254858 0.265990 0.150699 0.003304 0.312572 0.000084
0.012392 0.253544 0.265834 0.150759 0.003340 0.314046 0.000085
0.012455 0.252670 0.265492 0.150512 0.003320 0.315472 0.000078
0.012545 0.251649 0.265056 0.150903 0.003386 0.316372 0.000090
0.012414 0.251059 0.265055 0.150752 0.003370 0.317271 0.000078
0.012532 0.250194 0.265226 0.150753 0.003403 0.317803 0.000089
0.012545 0.248316 0.264730 0.150557 0.003391 0.320374 0.000086
0.012611 0.248480 0.264845 0.150721 0.003438 0.319815 0.000090
0.012566 0.246909 0.264641 0.150480 0.003401 0.321915 0.000088
0.012455 0.247110 0.264616 0.150561 0.003415 0.321757 0.000086
0.012629 0.246215 0.264203 0.149782 0.003417 0.323666 0.000089
0.012728 0.244896 0.264082 0.150155 0.003433 0.324612 0.000096
0.012591 0.244171 0.264239 0.150116 0.003468 0.325328 0.000087
0.012526 0.242858 0.263946 0.150191 0.003425 0.326963 0.000091
0.012695 0.242450 0.263876 0.149913 0.003461 0.327516 0.000089
0.012718 0.241420 0.263583 0.149761 0.003478 0.328954 0.000086
0.012607 0.241244 0.263573 0.149780 0.003518 0.329185 0.000093
0.012924 0.240346 0.263552 0.149499 0.003480 0.330104 0.000095
0.012666 0.240193 0.263224 0.149269 0.003486 0.331070 0.000091
0.012840 0.237961 0.262595 0.149407 0.003502 0.333604 0.000092
0.012799 0.238800 0.262793 0.149186 0.003534 0.332789 0.000099
0.012987 0.236916 0.262662 0.149451 0.003481 0.334402 0.000101
0.012806 0.236150 0.262695 0.148976 0.003510 0.335765 0.000098
0.012884 0.234962 0.262701 0.148779 0.003532 0.337045 0.000097
0.013033 0.235292 0.262259 0.149014 0.003533 0.336764 0.000107
0.012887 0.233329 0.262338 0.149048 0.003544 0.338753 0.000101
0.012910 0.233377 0.262098 0.148486 0.003546 0.339483 0.000099
0.013170 0.232087 0.261601 0.148186 0.003601 0.341252 0.000103
0.013104 0.232099 0.261805 0.148609 0.003557 0.340730 0.000097
0.013071 0.231347 0.261537 0.148511 0.003568 0.341870 0.000096
0.013126 0.229441 0.261775 0.148224 0.003631 0.343704 0.000100
0.013282 0.228574 0.261339 0.148289 0.003619 0.344791 0.000105
0.013103 0.228710 0.260886 0.148147 0.003580 0.345476 0.000099
0.013239 0.228573 0.261197 0.147844 0.003580 0.345462 0.000104
0.013355 0.226550 0.260655 0.147898 0.003626 0.347808 0.000108
0.013289 0.226258 0.260667 0.147723 0.003619 0.348339 0.000104
0.013321 0.225033 0.260451 0.147689 0.003605 0.349801 0.000099
0.013196 0.224285 0.259948 0.147935 0.003608 0.350927 0.000100
0.013384 0.223222 0.260079 0.147444 0.003613 0.352154 0.000105
0.013396 0.223149 0.259788 0.147446 0.003618 0.352493 0.000109
0.013525 0.222000 0.259657 0.147172 0.003670 0.353872 0.000103
0.013592 0.221699 0.259340 0.147356 0.003619 0.354286 0.000107
0.013489 0.221109 0.259332 0.147111 0.003605 0.355245 0.000109
0.013561 0.220286 0.259173 0.146981 0.003616 0.356273 0.000108
0.013693 0.219244 0.258946 0.146680 0.003702 0.357629 0.000106
0.013507 0.218956 0.258593 0.146477 0.003758 0.358605 0.000103
0.013564 0.218293 0.258790 0.146809 0.003657 0.358776 0.000112
0.013512 0.218004 0.258562 0.146437 0.003675 0.359704 0.000106
0.013626 0.217352 0.258303 0.146592 0.003685 0.360321 0.000121
0.013591 0.216101 0.257774 0.146238 0.003688 0.362495 0.000113
0.013684 0.215489 0.257773 0.146245 0.003700 0.362998 0.000111
0.013748 0.214645 0.257522 0.146244 0.003725 0.364003 0.000113
0.013712 0.214577 0.257618 0.145908 0.003647 0.364418 0.000120
0.013676 0.213235 0.256840 0.146137 0.003729 0.366260 0.000123
0.013748 0.212532 0.257019 0.145786 0.003736 0.367061 0.000119
0.013950 0.211721 0.256869 0.145782 0.003729 0.367832 0.000116
0.013853 0.210972 0.256417 0.145556 0.003756 0.369322 0.000124
0.013984 0.210710 0.256239 0.145442 0.003765 0.369744 0.000116
0.013978 0.210098 0.255928 0.145071 0.003785 0.371021 0.000120
0.014087 0.209444 0.255616 0.145590 0.003795 0.371349 0.000118
0.013862 0.208677 0.255618 0.145390 0.003767 0.372560 0.000126
0.014018 0.208062 0.255329 0.144950 0.003777 0.373737 0.000128
0.014099 0.207459 0.255214 0.144786 0.003788 0.374533 0.000121
0.014035 0.206837 0.254871 0.144623 0.003812 0.375707 0.000116
0.014026 0.206496 0.254632 0.145034 0.003840 0.375845 0.000128
0.014085 0.205384 0.254538 0.144632 0.003836 0.377407 0.000118
0.014064 0.205033 0.254327 0.144458 0.003810 0.378184 0.000125
0.014210 0.204141 0.253873 0.144377 0.003852 0.379424 0.000123
0.014128 0.203956 0.254073 0.144232 0.003853 0.379620 0.000137
0.014293 0.202786 0.253601 0.143983 0.003825 0.381385 0.000128
0.014175 0.202526 0.253291 0.144020 0.003882 0.381980 0.000126
0.014227 0.201588 0.253046 0.144096 0.003861 0.383058 0.000125
0.014357 0.200637 0.253020 0.143806 0.003872 0.384175 0.000133
0.014502 0.200360 0.252595 0.143621 0.003879 0.384917 0.000126
0.014557 0.199730 0.252308 0.143640 0.003873 0.385771 0.000121
0.014415 0.198961 0.252269 0.143309 0.003931 0.386991 0.000125
0.014357 0.198048 0.252160 0.143075 0.003899 0.388328 0.000133
0.014509 0.197905 0.251928 0.143300 0.003908 0.388319 0.000131
0.014548 0.197304 0.251827 0.143005 0.003911 0.389273 0.000132
0.014512 0.196985 0.251233 0.142727 0.003943 0.390478 0.000122
0.014569 0.196311 0.251373 0.142810 0.003904 0.390906 0.000127
0.014548 0.195231 0.251016 0.142702 0.004016 0.392368 0.000119
0.014491 0.195018 0.250917 0.142429 0.003984 0.393029 0.000132
0.014892 0.194310 0.250667 0.142204 0.004003 0.393801 0.000124
0.014729 0.193448 0.250178 0.142010 0.003982 0.395524 0.000129
0.014804 0.193330 0.250037 0.141824 0.004014 0.395863 0.000130
0.014773 0.192446 0.249797 0.141701 0.003990 0.397170 0.000123
0.014808 0.191683 0.249587 0.141665 0.003986 0.398138 0.000132
0.014902 0.190622 0.249750 0.141512 0.004013 0.399079 0.000122
0.015032 0.190855 0.249333 0.141521 0.004028 0.399102 0.000130
0.014768 0.190095 0.249078 0.141740 0.004047 0.400136 0.000136
0.014745 0.190088 0.248698 0.141231 0.004021 0.401090 0.000127
0.014997 0.188501 0.248553 0.141123 0.004071 0.402626 0.000129
0.015077 0.188638 0.248670 0.140774 0.004030 0.402675 0.000136
0.015022 0.187832 0.248064 0.140938 0.004061 0.403952 0.000131
0.015046 0.187263 0.247871 0.140789 0.004079 0.404808 0.000142
0.015005 0.186625 0.247947 0.140666 0.004099 0.405526 0.000132
0.015169 0.186229 0.247233 0.140086 0.004056 0.407093 0.000135
0.015047 0.185778 0.247018 0.140269 0.004123 0.407631 0.000135
0.015228 0.184602 0.246544 0.140143 0.004126 0.409221 0.000137
0.015298 0.184286 0.246530 0.139812 0.004118 0.409824 0.000133
0.015135 0.183935 0.246497 0.140127 0.004106 0.410060 0.000140
0.015158 0.184033 0.246002 0.139662 0.004109 0.410898 0.000139
0.015382 0.182679 0.245569 0.139548 0.004136 0.412545 0.000142
0.015296 0.182518 0.245964 0.139307 0.004137 0.412639 0.000139
0.015425 0.181454 0.245622 0.139402 0.004148 0.413809 0.000141
0.015436 0.181533 0.245323 0.139174 0.004219 0.414178 0.000137
0.015407 0.181173 0.244821 0.138973 0.004173 0.415305 0.000147
0.015357 0.180229 0.244641 0.138863 0.004151 0.416619 0.000140
0.015492 0.179153 0.244171 0.138545 0.004190 0.418306 0.000144
0.015561 0.178986 0.243975 0.138674 0.004180 0.418480 0.000143
0.015472 0.178434 0.244090 0.138522 0.004166 0.419172 0.000144
0.015447 0.178351 0.244003 0.138824 0.004199 0.419033 0.000142
0.015588 0.177484 0.243701 0.138328 0.004188 0.420569 0.000142
0.015702 0.177284 0.243393 0.138110 0.004233 0.421140 0.000138
0.015919 0.176302 0.243003 0.138043 0.004282 0.422303 0.000147
0.015810 0.176304 0.242876 0.137910 0.004218 0.422739 0.000142
0.015798 0.174945 0.242496 0.137401 0.004228 0.424987 0.000146
0.015831 0.175534 0.242208 0.137367 0.004223 0.424693 0.000143
0.015785 0.173942 0.241725 0.137419 0.004233 0.426755 0.000142
0.015901 0.174087 0.241786 0.137309 0.004248 0.426521 0.000149
0.015769 0.173320 0.241597 0.137021 0.004273 0.427869 0.000151
0.016009 0.172919 0.241213 0.136990 0.004271 0.428449 0.000150
0.016052 0.171970 0.241166 0.136766 0.004301 0.429603 0.000141
0.015990 0.171838 0.240530 0.136832 0.004344 0.430318 0.000147
0.016153 0.171416 0.240092 0.136806 0.004326 0.431062 0.000145
0.016092 0.171182 0.240200 0.136250 0.004308 0.431824 0.000145
0.016226 0.170390 0.239776 0.135967 0.004326 0.433162 0.000153
0.016143 0.169678 0.239462 0.135924 0.004330 0.434321 0.000142
0.016239 0.169140 0.238772 0.135905 0.004274 0.435525 0.000145
0.016288 0.169145 0.238808 0.136053 0.004352 0.435209 0.000144
0.016495 0.168439 0.238217 0.135675 0.004361 0.436664 0.000149
0.016369 0.167725 0.238249 0.135377 0.004408 0.437719 0.000153
0.016082 0.166971 0.237670 0.135222 0.004363 0.439541 0.000151
0.016142 0.167111 0.237587 0.135165 0.004403 0.439441 0.000152
0.016488 0.166147 0.237410 0.134967 0.004422 0.440420 0.000146
0.016490 0.165790 0.237337 0.134819 0.004399 0.441015 0.000150
0.016500 0.165926 0.237324 0.134551 0.004402 0.441137 0.000162
0.016520 0.165429 0.237026 0.134644 0.004327 0.441894 0.000158
0.016548 0.165225 0.236665 0.134564 0.004382 0.442462 0.000153
0.016416 0.164670 0.235947 0.134168 0.004389 0.444255 0.000155
0.016710 0.163882 0.235784 0.133738 0.004431 0.445295 0.000160
0.016330 0.163706 0.235874 0.133843 0.004410 0.445673 0.000164
0.016761 0.162893 0.235303 0.133675 0.004423 0.446785 0.000160
0.016791 0.162626 0.234991 0.133577 0.004395 0.447463 0.000156
0.016842 0.161886 0.235225 0.133386 0.004442 0.448047 0.000173
0.016876 0.161831 0.234839 0.133412 0.004406 0.448474 0.000161
0.016742 0.161039 0.234163 0.132907 0.004450 0.450536 0.000163
0.016745 0.161129 0.233870 0.133357 0.004480 0.450254 0.000165
0.016879 0.160427 0.233850 0.133293 0.004456 0.450915 0.000180
0.017041 0.159318 0.233369 0.132530 0.004444 0.453125 0.000173
0.016955 0.159582 0.233341 0.132675 0.004494 0.452782 0.000171
0.017075 0.159696 0.233188 0.132393 0.004505 0.452974 0.000170
0.016931 0.158885 0.232895 0.132299 0.004497 0.454321 0.000172
0.017122 0.158240 0.232734 0.132203 0.004494 0.455021 0.000184
0.017128 0.157667 0.232137 0.132300 0.004492 0.456086 0.000190
0.017253 0.157561 0.232022 0.131773 0.004512 0.456705 0.000175
0.017328 0.156971 0.231692 0.131685 0.004476 0.457676 0.000172
0.017133 0.157024 0.231294 0.131684 0.004458 0.458223 0.000184
0.017306 0.156313 0.231112 0.131528 0.004533 0.459034 0.000173
0.017522 0.155448 0.230755 0.131259 0.004500 0.460337 0.000178
0.017337 0.154873 0.230554 0.131254 0.004525 0.461288 0.000170
0.017411 0.154791 0.230274 0.131147 0.004539 0.461663 0.000173
0.017505 0.154076 0.230126 0.130975 0.004516 0.462625 0.000176
0.017354 0.153834 0.229895 0.130647 0.004579 0.463518 0.000174
0.017495 0.153864 0.229554 0.130558 0.004587 0.463769 0.000173
0.017568 0.153223 0.229011 0.130392 0.004576 0.465040 0.000190
0.017769 0.152564 0.228874 0.130323 0.004546 0.465747 0.000176
0.017789 0.152244 0.228652 0.130422 0.004547 0.466163 0.000183
0.017507 0.152265 0.228490 0.130090 0.004615 0.466854 0.000179
0.017543 0.151669 0.228079 0.129280 0.004626 0.468625 0.000178
0.018044 0.150729 0.227720 0.129815 0.004585 0.468933 0.000173
0.017643 0.150844 0.227156 0.129600 0.004610 0.469959 0.000187
0.017993 0.150990 0.227298 0.129167 0.004597 0.469781 0.000173
0.017892 0.149738 0.227468 0.128952 0.004633 0.471132 0.000184
0.017885 0.149957 0.226797 0.128694 0.004590 0.471898 0.000179
0.018005 0.149521 0.226632 0.128765 0.004661 0.472227 0.000190
0.018006 0.149021 0.226368 0.128647 0.004630 0.473138 0.000189
0.017926 0.148510 0.226195 0.127983 0.004657 0.474539 0.000190
0.018065 0.148289 0.225541 0.128346 0.004621 0.474955 0.000183
0.018168 0.147821 0.225663 0.128002 0.004604 0.475549 0.000194
0.017958 0.148011 0.225196 0.127796 0.004675 0.476170 0.000195
0.018338 0.147408 0.225274 0.127500 0.004653 0.476644 0.000183
0.018054 0.147249 0.224841 0.127619 0.004692 0.477361 0.000184
0.018097 0.146537 0.224204 0.127560 0.004722 0.478685 0.000195
0.018207 0.146050 0.223853 0.127513 0.004630 0.479562 0.000184
0.018386 0.145808 0.223674 0.126697 0.004665 0.480587 0.000183
0.018277 0.145491 0.223574 0.126915 0.004620 0.480931 0.000193
0.018535 0.145199 0.223569 0.126816 0.004664 0.481019 0.000198
0.018625 0.144202 0.222545 0.126494 0.004685 0.483253 0.000196
0.018471 0.144067 0.222531 0.126614 0.004627 0.483492 0.000199
0.018648 0.143617 0.222394 0.126158 0.004705 0.484278 0.000199
0.018613 0.143360 0.222177 0.126405 0.004709 0.484536 0.000200
0.018742 0.143022 0.221893 0.126113 0.004732 0.485310 0.000189
0.018976 0.142573 0.221351 0.125743 0.004731 0.486428 0.000198
0.018833 0.142362 0.221396 0.125822 0.004734 0.486657 0.000195
0.019048 0.141934 0.221013 0.125543 0.004738 0.487538 0.000187
0.018587 0.141999 0.220881 0.125697 0.004692 0.487950 0.000195
0.018911 0.141338 0.220679 0.125032 0.004734 0.489104 0.000201
0.018714 0.140814 0.220168 0.125086 0.004732 0.490271 0.000215
0.018965 0.140702 0.220188 0.125231 0.004741 0.489970 0.000202
0.019050 0.140188 0.219901 0.124910 0.004743 0.491009 0.000199
