0.999109 0.000862 0.000022 0.000006 0.000000 0.000000 0.000000
0.998691 0.001257 0.000035 0.000007 0.000001 0.000009 0.000000
0.998223 0.001716 0.000040 0.000011 0.000000 0.000010 0.000000
0.997727 0.002206 0.000045 0.000013 0.000000 0.000009 0.000000
0.997277 0.002643 0.000051 0.000019 0.000000 0.000009 0.000000
0.996707 0.003207 0.000054 0.000024 0.000000 0.000009 0.000000
0.996205 0.003696 0.000064 0.000026 0.000000 0.000009 0.000000
0.995610 0.004284 0.000068 0.000029 0.000000 0.000009 0.000000
0.994951 0.004931 0.000079 0.000030 0.000000 0.000008 0.000000
0.994223 0.005644 0.000092 0.000032 0.000000 0.000008 0.000000
0.992999 0.006853 0.000106 0.000035 0.000000 0.000007 0.000000
0.991702 0.008110 0.000137 0.000044 0.000000 0.000007 0.000000
0.989894 0.009881 0.000171 0.000048 0.000000 0.000006 0.000000
0.987627 0.012124 0.000186 0.000056 0.000000 0.000006 0.000000
0.985261 0.014452 0.000203 0.000079 0.000000 0.000005 0.000000
0.981936 0.017725 0.000247 0.000087 0.000000 0.000004 0.000000
0.978509 0.021132 0.000247 0.000108 0.000000 0.000004 0.000000
0.975002 0.024566 0.000310 0.000120 0.000000 0.000003 0.000000
0.971353 0.028070 0.000407 0.000167 0.000000 0.000003 0.000000
0.965022 0.034317 0.000464 0.000191 0.000000 0.000006 0.000000
0.958650 0.040549 0.000534 0.000242 0.000000 0.000025 0.000000
0.951467 0.047540 0.000652 0.000316 0.000000 0.000026 0.000000
0.944884 0.053971 0.000760 0.000357 0.000000 0.000027 0.000000
0.936058 0.062599 0.000868 0.000453 0.000000 0.000023 0.000000
0.928724 0.069707 0.000992 0.000552 0.000000 0.000025 0.000000
0.918335 0.079750 0.001211 0.000678 0.000000 0.000026 0.000000
0.909124 0.088718 0.001366 0.000763 0.000000 0.000030 0.000000
0.896350 0.101121 0.001611 0.000885 0.000000 0.000033 0.000000
0.885439 0.111714 0.001847 0.000964 0.000000 0.000036 0.000000
0.875120 0.121739 0.002007 0.001088 0.000000 0.000045 0.000000
0.860866 0.135580 0.002271 0.001236 0.000000 0.000048 0.000000
0.846630 0.149349 0.002579 0.001387 0.000000 0.000055 0.000000
0.834853 0.160721 0.002835 0.001522 0.000000 0.000068 0.000000
0.817503 0.177409 0.003243 0.001770 0.000000 0.000076 0.000000
0.804728 0.189702 0.003540 0.001953 0.000000 0.000078 0.000000
0.787999 0.205720 0.003981 0.002210 0.000000 0.000089 0.000000
0.773543 0.219600 0.004356 0.002404 0.000000 0.000097 0.000000
0.759272 0.233235 0.004724 0.002653 0.000000 0.000117 0.000000
0.742697 0.249091 0.005173 0.002896 0.000000 0.000144 0.000000
0.728562 0.262535 0.005570 0.003172 0.000000 0.000160 0.000000
0.712231 0.278157 0.006018 0.003418 0.000000 0.000176 0.000000
0.697282 0.292351 0.006494 0.003672 0.000000 0.000200 0.000000
0.685325 0.303510 0.006965 0.003977 0.000002 0.000222 0.000000
0.666273 0.321431 0.007653 0.004388 0.000002 0.000253 0.000000
0.653196 0.333753 0.008112 0.004665 0.000002 0.000271 0.000000
0.640122 0.345916 0.008668 0.004991 0.000001 0.000301 0.000000
0.627199 0.357998 0.009147 0.005326 0.000001 0.000329 0.000000
0.611703 0.372334 0.009851 0.005752 0.000001 0.000358 0.000000
0.600085 0.383117 0.010318 0.006071 0.000002 0.000407 0.000000
0.585391 0.396738 0.010963 0.006467 0.000002 0.000439 0.000000
0.572753 0.408259 0.011671 0.006839 0.000002 0.000476 0.000000
0.563949 0.416303 0.012119 0.007118 0.000002 0.000509 0.000000
0.548135 0.430771 0.012985 0.007541 0.000003 0.000566 0.000000
0.536024 0.441729 0.013706 0.007915 0.000002 0.000624 0.000000
0.525632 0.451105 0.014362 0.008250 0.000002 0.000650 0.000000
0.513434 0.462206 0.015002 0.008661 0.000003 0.000693 0.000000
0.498970 0.475258 0.015878 0.009136 0.000003 0.000755 0.000000
0.491155 0.482108 0.016466 0.009485 0.000004 0.000780 0.000000
0.480008 0.492054 0.017178 0.009926 0.000005 0.000829 0.000000
0.466075 0.504483 0.018120 0.010421 0.000006 0.000896 0.000000
0.457539 0.511787 0.018865 0.010838 0.000006 0.000965 0.000000
0.448601 0.519404 0.019673 0.011289 0.000008 0.001024 0.000001
0.434951 0.531147 0.020851 0.011931 0.000010 0.001110 0.000001
0.425962 0.538747 0.021715 0.012386 0.000014 0.001174 0.000001
0.420158 0.543540 0.022315 0.012760 0.000015 0.001212 0.000001
0.406699 0.555030 0.023521 0.013410 0.000017 0.001323 0.000001
0.397269 0.562763 0.024572 0.013972 0.000018 0.001404 0.000001
0.391383 0.567325 0.025396 0.014425 0.000019 0.001451 0.000001
0.382854 0.574233 0.026383 0.014974 0.000018 0.001537 0.000001
0.377340 0.578552 0.027081 0.015411 0.000019 0.001597 0.000001
0.367300 0.586563 0.028303 0.016118 0.000021 0.001694 0.000000
0.360327 0.592163 0.029123 0.016568 0.000025 0.001794 0.000001
0.352440 0.598366 0.030127 0.017131 0.000025 0.001911 0.000001
0.345774 0.603386 0.031082 0.017732 0.000027 0.001998 0.000000
0.338486 0.608675 0.032238 0.018425 0.000029 0.002146 0.000000
0.330357 0.615160 0.033226 0.018979 0.000029 0.002249 0.000000
0.320464 0.622754 0.034572 0.019770 0.000030 0.002409 0.000000
0.317912 0.623567 0.035599 0.020344 0.000028 0.002549 0.000001
0.313635 0.626398 0.036489 0.020803 0.000033 0.002642 0.000000
0.307953 0.630216 0.037585 0.021428 0.000034 0.002783 0.000001
0.298137 0.637559 0.039070 0.022255 0.000035 0.002943 0.000001
0.293590 0.640165 0.040205 0.022900 0.000038 0.003101 0.000001
0.289084 0.643299 0.041053 0.023343 0.000040 0.003182 0.000001
0.287678 0.642946 0.042026 0.023923 0.000045 0.003381 0.000001
0.281531 0.646869 0.043308 0.024684 0.000044 0.003564 0.000001
0.278279 0.648040 0.044625 0.025298 0.000044 0.003713 0.000001
0.278818 0.646594 0.045083 0.025599 0.000043 0.003862 0.000000
0.273597 0.649746 0.046268 0.026296 0.000051 0.004042 0.000001
0.267650 0.653527 0.047539 0.027031 0.000050 0.004202 0.000000
0.270851 0.649653 0.047916 0.027233 0.000053 0.004295 0.000001
0.261827 0.655572 0.049721 0.028233 0.000058 0.004589 0.000001
0.261587 0.654724 0.050282 0.028656 0.000060 0.004690 0.000001
0.256883 0.657228 0.051669 0.029264 0.000063 0.004893 0.000001
0.248296 0.663319 0.053065 0.030128 0.000063 0.005128 0.000001
0.249422 0.660670 0.053984 0.030562 0.000069 0.005293 0.000001
0.239495 0.667449 0.055806 0.031626 0.000074 0.005550 0.000001
0.235585 0.669209 0.057106 0.032259 0.000076 0.005764 0.000001
0.229318 0.672955 0.058583 0.033037 0.000081 0.006025 0.000001
0.221440 0.677918 0.060170 0.034097 0.000082 0.006292 0.000000
0.217332 0.680321 0.061245 0.034562 0.000083 0.006456 0.000000
0.208272 0.685608 0.063409 0.035749 0.000084 0.006878 0.000001
0.209402 0.683993 0.063695 0.035882 0.000087 0.006940 0.000001
0.202746 0.687897 0.065207 0.036824 0.000093 0.007233 0.000000
0.195058 0.691512 0.067530 0.038130 0.000101 0.007668 0.000001
0.192435 0.692161 0.068658 0.038727 0.000107 0.007912 0.000000
0.190205 0.692587 0.069815 0.039188 0.000107 0.008096 0.000001
0.184946 0.693954 0.071837 0.040510 0.000120 0.008632 0.000001
0.181653 0.694070 0.073629 0.041539 0.000121 0.008986 0.000001
0.178105 0.695254 0.074942 0.042276 0.000124 0.009297 0.000001
0.181190 0.691651 0.075317 0.042336 0.000130 0.009374 0.000001
0.178119 0.692589 0.076476 0.043018 0.000128 0.009670 0.000001
0.169714 0.696279 0.079105 0.044540 0.000137 0.010224 0.000001
0.173538 0.690737 0.079825 0.045169 0.000137 0.010593 0.000001
0.174036 0.689020 0.080478 0.045448 0.000141 0.010877 0.000001
0.170568 0.690245 0.081726 0.046183 0.000150 0.011128 0.000000
0.174470 0.685075 0.082305 0.046631 0.000150 0.011368 0.000001
0.169782 0.685939 0.084392 0.047822 0.000158 0.011907 0.000001
0.166851 0.686668 0.085565 0.048555 0.000159 0.012202 0.000001
0.164229 0.686274 0.087179 0.049488 0.000169 0.012660 0.000001
0.160657 0.687965 0.088319 0.050019 0.000172 0.012868 0.000000
0.155109 0.689434 0.090310 0.051493 0.000174 0.013480 0.000000
0.152070 0.689984 0.091769 0.052129 0.000190 0.013857 0.000001
0.149176 0.690346 0.093163 0.052846 0.000187 0.014281 0.000001
0.144619 0.693050 0.094158 0.053429 0.000193 0.014550 0.000001
0.139565 0.695053 0.095735 0.054475 0.000192 0.014980 0.000000
0.133929 0.696231 0.098223 0.055733 0.000202 0.015682 0.000000
0.128710 0.698980 0.099621 0.056516 0.000204 0.015968 0.000001
0.124420 0.700167 0.101237 0.057415 0.000221 0.016539 0.000001
0.118614 0.702268 0.103120 0.058642 0.000229 0.017127 0.000000
0.115575 0.702666 0.104421 0.059433 0.000224 0.017679 0.000001
0.106738 0.704522 0.108367 0.061390 0.000240 0.018742 0.000002
0.102257 0.707151 0.109240 0.062090 0.000237 0.019023 0.000001
0.097596 0.708712 0.111072 0.062831 0.000253 0.019535 0.000002
0.092495 0.708889 0.113654 0.064399 0.000258 0.020302 0.000003
0.087636 0.710336 0.115498 0.065479 0.000258 0.020791 0.000002
0.084193 0.711215 0.116846 0.066260 0.000270 0.021213 0.000002
0.079720 0.711127 0.119189 0.067612 0.000281 0.022068 0.000003
0.076818 0.711232 0.120582 0.068496 0.000295 0.022574 0.000003
0.075877 0.707182 0.123282 0.069847 0.000306 0.023502 0.000003
0.072219 0.707833 0.124772 0.070808 0.000310 0.024054 0.000002
0.071275 0.707455 0.125489 0.071107 0.000306 0.024365 0.000003
0.070140 0.705229 0.127184 0.072093 0.000322 0.025028 0.000002
0.064073 0.705568 0.130356 0.073604 0.000334 0.026062 0.000003
0.070727 0.698345 0.130377 0.073851 0.000333 0.026365 0.000003
0.066548 0.698223 0.132769 0.075126 0.000327 0.027002 0.000004
0.066285 0.696608 0.133481 0.075668 0.000341 0.027613 0.000003
0.065290 0.693363 0.135731 0.076781 0.000364 0.028467 0.000004
0.065764 0.690077 0.137231 0.077532 0.000348 0.029043 0.000004
0.063556 0.689367 0.138527 0.078452 0.000375 0.029721 0.000003
0.065810 0.686707 0.138704 0.078478 0.000375 0.029922 0.000004
0.061375 0.685874 0.141319 0.079982 0.000388 0.031059 0.000003
0.062379 0.683208 0.142244 0.080424 0.000387 0.031353 0.000004
0.061265 0.679409 0.144590 0.081785 0.000402 0.032545 0.000004
0.062967 0.676663 0.145056 0.082076 0.000403 0.032830 0.000004
0.063501 0.674473 0.145867 0.082466 0.000409 0.033280 0.000003
0.063040 0.671312 0.147728 0.083467 0.000421 0.034029 0.000004
0.063859 0.668525 0.148632 0.083945 0.000413 0.034622 0.000005
0.060583 0.668636 0.150192 0.084773 0.000439 0.035373 0.000004
0.059747 0.667893 0.150794 0.085323 0.000440 0.035799 0.000004
0.058373 0.666378 0.152239 0.086095 0.000445 0.036465 0.000004
0.055785 0.664879 0.154138 0.087242 0.000468 0.037485 0.000004
0.052907 0.664468 0.155780 0.088125 0.000456 0.038260 0.000004
0.053534 0.663002 0.155784 0.088423 0.000472 0.038782 0.000003
0.053595 0.660427 0.157186 0.088937 0.000485 0.039366 0.000004
0.049784 0.659290 0.159395 0.090418 0.000498 0.040613 0.000004
0.046379 0.658613 0.161678 0.091396 0.000502 0.041427 0.000005
0.046754 0.656595 0.162294 0.091997 0.000518 0.041837 0.000005
0.044970 0.656368 0.163118 0.092464 0.000526 0.042550 0.000004
0.044642 0.652801 0.164941 0.093473 0.000531 0.043608 0.000005
0.040353 0.651861 0.167527 0.094957 0.000560 0.044738 0.000004
0.041331 0.649470 0.168057 0.095231 0.000555 0.045353 0.000004
0.039412 0.649791 0.168891 0.095520 0.000566 0.045815 0.000004
0.039539 0.646600 0.170209 0.096436 0.000561 0.046652 0.000004
0.041404 0.640582 0.172198 0.097290 0.000585 0.047938 0.000003
0.037484 0.642865 0.173064 0.097837 0.000615 0.048132 0.000003
0.043833 0.637422 0.172352 0.097339 0.000612 0.048438 0.000004
0.040905 0.634918 0.174937 0.098895 0.000597 0.049742 0.000005
0.040246 0.634415 0.175356 0.099101 0.000622 0.050256 0.000004
0.042550 0.630423 0.176014 0.099520 0.000624 0.050863 0.000005
0.040677 0.629545 0.177149 0.100182 0.000653 0.051789 0.000004
0.040417 0.628130 0.177817 0.100819 0.000652 0.052160 0.000004
0.038885 0.623533 0.180624 0.102210 0.000698 0.054047 0.000003
0.036667 0.622017 0.182386 0.103123 0.000670 0.055133 0.000004
0.038155 0.621644 0.181779 0.102696 0.000684 0.055037 0.000004
0.038076 0.618522 0.183256 0.103443 0.000693 0.056005 0.000005
0.034517 0.617560 0.185209 0.104758 0.000713 0.057239 0.000005
0.033556 0.617917 0.185584 0.104733 0.000705 0.057500 0.000004
0.033769 0.613820 0.187252 0.105604 0.000731 0.058821 0.000004
0.032907 0.612362 0.187878 0.106162 0.000748 0.059939 0.000004
0.029830 0.611835 0.189742 0.107191 0.000750 0.060647 0.000004
0.032092 0.608863 0.189660 0.107448 0.000747 0.061185 0.000005
0.030014 0.607934 0.191157 0.108186 0.000758 0.061946 0.000005
0.029338 0.605098 0.192402 0.109030 0.000778 0.063349 0.000004
0.026760 0.602245 0.194941 0.110471 0.000801 0.064777 0.000004
0.028048 0.600297 0.195261 0.110355 0.000798 0.065236 0.000005
0.026701 0.599553 0.196170 0.110728 0.000792 0.066050 0.000004
0.026926 0.596594 0.197226 0.111565 0.000822 0.066863 0.000005
0.027080 0.595533 0.197539 0.111480 0.000813 0.067551 0.000004
0.025057 0.594462 0.198718 0.112442 0.000825 0.068493 0.000003
0.024003 0.593416 0.199810 0.112812 0.000852 0.069100 0.000007
0.023717 0.590710 0.200851 0.113555 0.000857 0.070306 0.000005
0.027117 0.586436 0.200841 0.113700 0.000855 0.071043 0.000008
0.029402 0.583380 0.201252 0.113847 0.000875 0.071238 0.000006
0.029830 0.578785 0.202918 0.114689 0.000880 0.072891 0.000007
0.031526 0.577228 0.202792 0.114606 0.000869 0.072975 0.000005
0.035283 0.571842 0.203225 0.114709 0.000877 0.074059 0.000004
0.031875 0.572813 0.203961 0.115522 0.000884 0.074939 0.000006
0.031005 0.570577 0.205315 0.116290 0.000917 0.075890 0.000005
0.030869 0.570199 0.205633 0.116345 0.000910 0.076040 0.000005
0.033157 0.564843 0.206804 0.116862 0.000927 0.077402 0.000005
0.029553 0.565954 0.207875 0.117520 0.000946 0.078146 0.000006
0.030645 0.563754 0.207959 0.117699 0.000961 0.078978 0.000005
0.028253 0.560228 0.210787 0.118981 0.000972 0.080775 0.000005
0.029310 0.560126 0.209864 0.118768 0.000980 0.080945 0.000006
0.025915 0.559971 0.211561 0.119497 0.000990 0.082060 0.000006
0.025022 0.556370 0.213233 0.120729 0.001010 0.083628 0.000007
0.028003 0.553940 0.212687 0.120381 0.000999 0.083980 0.000010
0.027418 0.552612 0.213342 0.120880 0.001024 0.084718 0.000006
0.025429 0.551059 0.214807 0.121645 0.001046 0.086007 0.000007
0.025689 0.550257 0.214815 0.121716 0.001038 0.086477 0.000008
0.024079 0.548763 0.216185 0.122346 0.001049 0.087569 0.000009
0.023786 0.547826 0.216753 0.122304 0.001080 0.088244 0.000008
0.022995 0.546273 0.217244 0.122921 0.001076 0.089484 0.000008
0.027911 0.539638 0.217877 0.123382 0.001082 0.090102 0.000008
0.027957 0.537696 0.218312 0.123704 0.001109 0.091214 0.000009
0.028582 0.535804 0.218605 0.123735 0.001125 0.092138 0.000010
0.030945 0.535471 0.217857 0.123063 0.001093 0.091565 0.000007
0.028930 0.531472 0.220073 0.124541 0.001137 0.093840 0.000007
0.031129 0.527542 0.220774 0.124669 0.001152 0.094728 0.000007
0.028933 0.529531 0.220522 0.124841 0.001143 0.095023 0.000008
0.031697 0.525270 0.220701 0.125173 0.001159 0.095991 0.000008
0.031126 0.522850 0.221758 0.125662 0.001157 0.097439 0.000008
0.031245 0.521297 0.222150 0.126008 0.001201 0.098088 0.000010
0.027930 0.520672 0.223886 0.126927 0.001211 0.099365 0.000009
0.027597 0.520679 0.224252 0.126805 0.001191 0.099466 0.000010
0.028741 0.519400 0.223707 0.126566 0.001211 0.100368 0.000007
0.025881 0.517727 0.225561 0.127718 0.001214 0.101888 0.000011
0.025729 0.515167 0.226501 0.128401 0.001256 0.102938 0.000009
0.024922 0.515572 0.226460 0.128323 0.001243 0.103472 0.000009
0.024608 0.513697 0.227539 0.128547 0.001258 0.104341 0.000009
0.022639 0.510991 0.229008 0.129862 0.001290 0.106200 0.000011
0.023102 0.508808 0.229608 0.129964 0.001281 0.107226 0.000011
0.022711 0.508304 0.229892 0.129939 0.001279 0.107861 0.000014
0.021496 0.505386 0.231386 0.130994 0.001327 0.109397 0.000015
0.021403 0.504326 0.231573 0.131028 0.001298 0.110356 0.000015
0.020207 0.504136 0.232284 0.131478 0.001313 0.110569 0.000013
0.019506 0.500240 0.234228 0.132261 0.001343 0.112409 0.000015
0.019702 0.499924 0.233578 0.132340 0.001333 0.113109 0.000014
0.018626 0.498618 0.234513 0.132688 0.001371 0.114169 0.000015
0.016686 0.494410 0.236836 0.134130 0.001419 0.116503 0.000016
0.017922 0.496280 0.235199 0.133276 0.001382 0.115926 0.000014
0.017180 0.492108 0.237297 0.133906 0.001410 0.118083 0.000016
0.016654 0.489297 0.238311 0.134664 0.001448 0.119613 0.000013
0.017251 0.490066 0.237598 0.134312 0.001401 0.119359 0.000014
0.016153 0.487541 0.238832 0.135137 0.001429 0.120894 0.000014
0.016785 0.484835 0.239309 0.135205 0.001455 0.122394 0.000017
0.016123 0.485141 0.239598 0.135438 0.001444 0.122237 0.000018
0.015186 0.481656 0.241111 0.136323 0.001469 0.124236 0.000019
0.015930 0.480250 0.241115 0.136141 0.001505 0.125037 0.000023
0.015572 0.479311 0.241576 0.136505 0.001508 0.125508 0.000019
0.015327 0.476425 0.242044 0.136941 0.001524 0.127719 0.000020
0.014961 0.473667 0.243435 0.137591 0.001524 0.128804 0.000018
0.014538 0.472419 0.243683 0.138094 0.001556 0.129693 0.000017
0.014754 0.472722 0.243637 0.137842 0.001547 0.129481 0.000019
0.013999 0.468605 0.245350 0.138366 0.001557 0.132101 0.000022
0.014595 0.469370 0.244476 0.138175 0.001543 0.131824 0.000017
0.014268 0.467187 0.245181 0.138900 0.001580 0.132867 0.000016
0.014294 0.465234 0.245852 0.138934 0.001595 0.134074 0.000017
0.014126 0.462194 0.246949 0.139472 0.001601 0.135638 0.000020
0.014003 0.461458 0.246792 0.139754 0.001590 0.136382 0.000021
0.013962 0.459724 0.247365 0.140029 0.001627 0.137272 0.000022
0.013881 0.457179 0.248059 0.140466 0.001631 0.138765 0.000018
0.013542 0.454218 0.249208 0.140986 0.001648 0.140379 0.000019
0.013561 0.452892 0.249335 0.141158 0.001671 0.141363 0.000020
0.013464 0.451707 0.249512 0.141167 0.001688 0.142445 0.000018
0.013557 0.450196 0.249906 0.141435 0.001702 0.143182 0.000022
0.013382 0.449099 0.250351 0.141554 0.001681 0.143912 0.000022
0.013596 0.447794 0.250426 0.141605 0.001683 0.144876 0.000020
0.013556 0.446806 0.250487 0.141845 0.001701 0.145583 0.000022
0.013005 0.442561 0.252444 0.142614 0.001749 0.147607 0.000021
0.013340 0.442487 0.251593 0.142725 0.001739 0.148096 0.000020
0.013172 0.440760 0.252429 0.142801 0.001755 0.149065 0.000018
0.013224 0.439347 0.252797 0.142905 0.001773 0.149936 0.000019
0.013073 0.436398 0.253497 0.143442 0.001793 0.151773 0.000024
0.012912 0.435505 0.253821 0.143652 0.001795 0.152297 0.000019
0.012953 0.433398 0.254288 0.143814 0.001759 0.153766 0.000022
0.012996 0.431692 0.254951 0.144129 0.001765 0.154446 0.000021
0.012792 0.429482 0.255283 0.144447 0.001819 0.156159 0.000019
0.012913 0.429852 0.254807 0.144224 0.001815 0.156369 0.000019
0.012932 0.427394 0.255452 0.144394 0.001870 0.157935 0.000023
0.012858 0.424820 0.256072 0.144888 0.001848 0.159492 0.000022
0.012779 0.424215 0.256263 0.144867 0.001877 0.159980 0.000018
0.013014 0.424139 0.256166 0.144634 0.001860 0.160167 0.000020
0.012847 0.422065 0.256555 0.145244 0.001885 0.161381 0.000022
0.012772 0.419996 0.256856 0.145246 0.001910 0.163196 0.000024
0.012767 0.419662 0.256973 0.145336 0.001927 0.163311 0.000024
0.012849 0.418144 0.257299 0.145358 0.001892 0.164434 0.000023
0.012671 0.416474 0.257702 0.145740 0.001925 0.165469 0.000018
0.012611 0.412942 0.258361 0.146286 0.001936 0.167841 0.000022
0.012714 0.411891 0.258453 0.146210 0.001980 0.168728 0.000024
0.012581 0.409747 0.259064 0.146727 0.001948 0.169912 0.000021
0.012395 0.408697 0.259278 0.146755 0.001936 0.170916 0.000024
0.012563 0.409123 0.259035 0.146438 0.001981 0.170841 0.000018
0.012401 0.405266 0.259936 0.147152 0.001976 0.173243 0.000025
0.012501 0.403820 0.259950 0.147429 0.002002 0.174273 0.000025
0.012792 0.404286 0.259622 0.147053 0.002027 0.174195 0.000026
0.012463 0.402055 0.260495 0.147570 0.002043 0.175349 0.000024
0.012491 0.399359 0.260902 0.147778 0.002049 0.177397 0.000025
0.012790 0.399362 0.260684 0.147542 0.002075 0.177518 0.000028
0.012360 0.397218 0.261275 0.147896 0.002073 0.179155 0.000023
0.012516 0.395360 0.261228 0.148254 0.002089 0.180533 0.000021
0.012366 0.393703 0.262284 0.148134 0.002112 0.181370 0.000030
0.012240 0.393184 0.261907 0.148438 0.002115 0.182090 0.000028
0.012381 0.391202 0.262234 0.148532 0.002101 0.183524 0.000027
0.012286 0.391044 0.262206 0.148337 0.002095 0.184007 0.000025
0.012536 0.388962 0.262537 0.148935 0.002087 0.184914 0.000028
0.012318 0.385874 0.263204 0.149039 0.002149 0.187390 0.000026
0.013000 0.385779 0.262673 0.149075 0.002109 0.187342 0.000022
0.022589 0.381971 0.260040 0.146849 0.002126 0.186399 0.000025
0.023423 0.379641 0.260134 0.147162 0.002113 0.187501 0.000026
0.025059 0.378611 0.259440 0.146771 0.002156 0.187937 0.000027
0.025296 0.378515 0.259004 0.146937 0.002167 0.188051 0.000030
0.026428 0.376443 0.259063 0.146597 0.002129 0.189313 0.000027
0.022786 0.375630 0.260446 0.147599 0.002142 0.191369 0.000028
0.027393 0.373938 0.258549 0.146479 0.002160 0.191451 0.000031
0.024823 0.372316 0.260118 0.147176 0.002177 0.193356 0.000033
0.025620 0.373961 0.258978 0.146856 0.002176 0.192372 0.000036
0.024900 0.371343 0.259845 0.147020 0.002191 0.194668 0.000033
0.022861 0.372457 0.260005 0.147378 0.002175 0.195092 0.000032
0.022343 0.369595 0.260755 0.147707 0.002207 0.197362 0.000030
0.021616 0.368945 0.260839 0.147693 0.002196 0.198677 0.000035
0.021035 0.367607 0.261063 0.148161 0.002259 0.199842 0.000035
0.018941 0.366932 0.262284 0.148435 0.002243 0.201132 0.000033
0.020671 0.366696 0.261278 0.147982 0.002246 0.201093 0.000034
0.018606 0.366245 0.262033 0.148533 0.002269 0.202285 0.000028
0.017763 0.363291 0.262842 0.148916 0.002318 0.204837 0.000033
0.016960 0.362920 0.263089 0.149149 0.002339 0.205506 0.000036
0.017921 0.361899 0.262854 0.148832 0.002308 0.206154 0.000033
0.017219 0.360635 0.262811 0.149259 0.002314 0.207730 0.000032
0.016673 0.360007 0.263485 0.149219 0.002335 0.208248 0.000033
0.016889 0.359204 0.263258 0.149193 0.002346 0.209075 0.000035
0.015690 0.357260 0.263994 0.149387 0.002368 0.211266 0.000036
0.014695 0.355160 0.264550 0.150203 0.002366 0.212988 0.000038
0.014654 0.355077 0.264568 0.150116 0.002383 0.213168 0.000033
0.015043 0.354540 0.264163 0.149833 0.002422 0.213964 0.000035
0.015403 0.352440 0.264251 0.149697 0.002426 0.215750 0.000034
0.014843 0.351121 0.264308 0.150122 0.002443 0.217127 0.000037
0.014094 0.348529 0.265396 0.150584 0.002483 0.218876 0.000037
0.014017 0.348629 0.265440 0.150297 0.002439 0.219145 0.000035
0.014043 0.348541 0.264873 0.150213 0.002455 0.219838 0.000036
0.013541 0.345080 0.265903 0.150796 0.002462 0.222181 0.000036
0.013414 0.343051 0.266071 0.150931 0.002511 0.223986 0.000036
0.013289 0.344096 0.265796 0.150923 0.002482 0.223379 0.000035
0.013476 0.343580 0.265890 0.150664 0.002507 0.223843 0.000039
0.013312 0.341081 0.266330 0.150870 0.002541 0.225830 0.000037
0.013063 0.339505 0.266521 0.151332 0.002508 0.227033 0.000038
0.012829 0.336786 0.266874 0.151403 0.002548 0.229521 0.000039
0.012878 0.336154 0.267013 0.151311 0.002565 0.230036 0.000042
0.013262 0.337298 0.266234 0.150852 0.002507 0.229804 0.000042
0.012819 0.334447 0.266902 0.151581 0.002608 0.231601 0.000041
0.013169 0.334901 0.266045 0.151367 0.002596 0.231879 0.000042
0.012525 0.332259 0.267273 0.151630 0.002593 0.233680 0.000040
0.012658 0.329748 0.267522 0.151665 0.002561 0.235804 0.000040
0.012461 0.328690 0.267682 0.152000 0.002632 0.236499 0.000037
0.012894 0.328797 0.267097 0.151402 0.002595 0.237170 0.000045
0.012668 0.327601 0.267504 0.151647 0.002635 0.237905 0.000041
0.012656 0.327659 0.267131 0.151670 0.002590 0.238254 0.000039
0.012501 0.324598 0.267726 0.151959 0.002669 0.240508 0.000039
0.012385 0.323210 0.267617 0.152041 0.002680 0.242020 0.000046
0.012536 0.322846 0.267341 0.151978 0.002673 0.242583 0.000043
0.012158 0.319489 0.268130 0.152365 0.002743 0.245068 0.000046
0.012371 0.319292 0.268249 0.151927 0.002741 0.245374 0.000046
0.012388 0.318440 0.268237 0.151927 0.002738 0.246225 0.000045
0.012335 0.318120 0.268262 0.151737 0.002710 0.246790 0.000045
0.012507 0.316081 0.268282 0.152295 0.002752 0.248034 0.000049
0.012695 0.316413 0.267635 0.152154 0.002721 0.248337 0.000046
0.012525 0.314231 0.268072 0.151831 0.002770 0.250523 0.000049
0.012474 0.312409 0.268522 0.152232 0.002769 0.251545 0.000049
0.012382 0.311413 0.268612 0.152317 0.002768 0.252462 0.000046
0.012308 0.309710 0.268971 0.152620 0.002786 0.253560 0.000044
0.012577 0.309633 0.268355 0.152507 0.002802 0.254076 0.000049
0.012526 0.308797 0.268086 0.152197 0.002810 0.255530 0.000053
0.012451 0.307682 0.268188 0.152369 0.002782 0.256481 0.000047
0.012355 0.306651 0.268438 0.152286 0.002785 0.257436 0.000048
0.012431 0.305454 0.268193 0.152562 0.002793 0.258515 0.000052
0.012532 0.303095 0.268421 0.152580 0.002857 0.260468 0.000048
0.012452 0.303684 0.268286 0.152596 0.002881 0.260048 0.000053
0.012356 0.301278 0.268288 0.152502 0.002884 0.262642 0.000050
0.012505 0.299469 0.268931 0.152577 0.002924 0.263542 0.000052
0.012372 0.298839 0.268538 0.152829 0.002894 0.264475 0.000053
0.012643 0.299394 0.267778 0.152498 0.002895 0.264736 0.000057
0.012393 0.297154 0.268097 0.152554 0.002941 0.266809 0.000053
0.012628 0.296232 0.268570 0.152706 0.002898 0.266908 0.000059
0.012561 0.295019 0.268030 0.152684 0.002912 0.268740 0.000055
0.012609 0.294385 0.268207 0.152524 0.002947 0.269271 0.000058
0.012488 0.292612 0.267984 0.152657 0.002951 0.271256 0.000051
0.012480 0.293252 0.267914 0.152582 0.002966 0.270749 0.000057
0.012589 0.291273 0.267932 0.152401 0.003006 0.272740 0.000059
0.012495 0.290845 0.267894 0.152192 0.003000 0.273508 0.000066
0.012878 0.291268 0.267533 0.152150 0.002982 0.273134 0.000057
0.012644 0.288795 0.267608 0.152303 0.002991 0.275598 0.000062
0.012447 0.287852 0.268219 0.152522 0.003010 0.275893 0.000058
0.012746 0.286010 0.267957 0.152324 0.003012 0.277891 0.000061
0.012674 0.285533 0.267774 0.152637 0.003023 0.278293 0.000066
0.012726 0.284476 0.267642 0.152189 0.003064 0.279846 0.000057
0.012722 0.285503 0.266965 0.151873 0.003014 0.279861 0.000062
0.012640 0.282668 0.267301 0.152295 0.003025 0.282008 0.000063
0.012838 0.281162 0.267033 0.152425 0.003078 0.283400 0.000064
0.012553 0.280732 0.267578 0.152246 0.003053 0.283774 0.000064
0.012650 0.278773 0.267500 0.152244 0.003084 0.285682 0.000067
0.012713 0.277776 0.267280 0.152302 0.003108 0.286765 0.000056
0.012662 0.278432 0.266997 0.152067 0.003120 0.286654 0.000066
0.012798 0.275459 0.266948 0.151928 0.003126 0.289680 0.000062
0.012886 0.275462 0.266855 0.151871 0.003140 0.289721 0.000064
0.012561 0.274410 0.267069 0.152235 0.003115 0.290548 0.000062
0.012659 0.274852 0.266256 0.151905 0.003170 0.291090 0.000069
0.012704 0.273153 0.266345 0.151618 0.003189 0.292922 0.000069
0.012746 0.272624 0.266316 0.151643 0.003157 0.293447 0.000067
0.012762 0.270158 0.266579 0.151729 0.003187 0.295517 0.000067
0.012849 0.269244 0.266070 0.152099 0.003140 0.296533 0.000065
0.012881 0.269387 0.266279 0.151599 0.003132 0.296656 0.000066
0.012921 0.269019 0.266350 0.151306 0.003171 0.297171 0.000063
0.012840 0.267558 0.266298 0.151242 0.003182 0.298818 0.000062
0.013066 0.266227 0.265936 0.151588 0.003220 0.299894 0.000069
0.012889 0.265892 0.265595 0.151199 0.003243 0.301116 0.000067
0.012891 0.263692 0.265878 0.151484 0.003258 0.302733 0.000064
0.013035 0.264566 0.265166 0.151334 0.003278 0.302547 0.000074
0.012996 0.262551 0.265404 0.151050 0.003258 0.304675 0.000066
0.012966 0.260174 0.265314 0.151326 0.003292 0.306857 0.000070
0.013080 0.261508 0.265627 0.150919 0.003267 0.305534 0.000065
0.013129 0.259389 0.265238 0.150848 0.003282 0.308043 0.000071
0.013092 0.259551 0.265056 0.150921 0.003285 0.308029 0.000066
0.013021 0.258761 0.265071 0.150879 0.003309 0.308893 0.000066
0.013113 0.257566 0.264594 0.150970 0.003336 0.310348 0.000073
0.013192 0.256023 0.264882 0.150784 0.003296 0.311756 0.000068
0.013245 0.255220 0.264763 0.150582 0.003352 0.312770 0.000068
0.013222 0.254406 0.264482 0.150605 0.003326 0.313891 0.000068
0.013277 0.254360 0.264152 0.150416 0.003317 0.314408 0.000069
0.013271 0.253628 0.264154 0.150521 0.003382 0.314978 0.000067
0.013278 0.252120 0.263757 0.150562 0.003372 0.316841 0.000070
0.013187 0.250751 0.264405 0.150198 0.003404 0.317985 0.000069
0.013146 0.251476 0.263847 0.150082 0.003412 0.317969 0.000068
0.013262 0.249961 0.263939 0.150066 0.003386 0.319318 0.000068
0.013424 0.249543 0.263458 0.150137 0.003413 0.319956 0.000069
0.013506 0.248222 0.263003 0.149571 0.003448 0.322172 0.000078
0.013442 0.246739 0.263542 0.149895 0.003418 0.322895 0.000069
0.013359 0.246111 0.263374 0.149529 0.003410 0.324143 0.000075
0.013576 0.245557 0.262828 0.149815 0.003437 0.324708 0.000079
0.013406 0.245113 0.263096 0.149802 0.003494 0.325010 0.000080
0.013466 0.243971 0.262801 0.149298 0.003427 0.326964 0.000074
0.013589 0.243618 0.262566 0.149641 0.003423 0.327086 0.000077
0.013565 0.242397 0.263075 0.149118 0.003465 0.328295 0.000085
0.013556 0.240611 0.262548 0.149337 0.003499 0.330368 0.000081
0.013598 0.240713 0.262577 0.149359 0.003479 0.330192 0.000082
0.013416 0.241129 0.262133 0.149122 0.003469 0.330646 0.000084
0.013581 0.239247 0.261685 0.149323 0.003458 0.332621 0.000084
0.013613 0.239085 0.261768 0.149108 0.003493 0.332854 0.000078
0.013656 0.237805 0.261649 0.148807 0.003477 0.334521 0.000085
0.013723 0.236080 0.261411 0.148786 0.003546 0.336375 0.000079
0.013827 0.234693 0.260956 0.148885 0.003536 0.338016 0.000086
0.013767 0.235297 0.261014 0.148829 0.003555 0.337457 0.000082
0.013821 0.234640 0.260909 0.148373 0.003590 0.338576 0.000091
0.013747 0.233035 0.260837 0.148459 0.003553 0.340289 0.000080
0.013834 0.232515 0.260761 0.148262 0.003604 0.340939 0.000084
0.013932 0.231771 0.260440 0.148173 0.003516 0.342079 0.000089
0.013867 0.231368 0.259968 0.148165 0.003583 0.342965 0.000085
0.013773 0.230566 0.260126 0.148111 0.003582 0.343753 0.000087
0.013874 0.230770 0.259413 0.148383 0.003604 0.343875 0.000081
0.013962 0.228632 0.259757 0.147862 0.003585 0.346108 0.000094
0.013954 0.227817 0.259606 0.147429 0.003606 0.347502 0.000087
0.013941 0.227224 0.259539 0.148074 0.003618 0.347514 0.000091
0.014057 0.225970 0.259253 0.147506 0.003621 0.349496 0.000097
0.013984 0.225296 0.259156 0.147615 0.003632 0.350225 0.000093
0.014024 0.224328 0.258811 0.147643 0.003631 0.351474 0.000089
0.014098 0.224261 0.258885 0.147456 0.003681 0.351534 0.000085
0.014186 0.224048 0.258409 0.147321 0.003662 0.352284 0.000089
0.014072 0.222490 0.258641 0.147649 0.003673 0.353377 0.000098
0.013993 0.221869 0.258487 0.147401 0.003649 0.354511 0.000090
0.014237 0.220577 0.258316 0.147010 0.003668 0.356098 0.000093
0.014331 0.219635 0.258273 0.146892 0.003661 0.357111 0.000098
0.014175 0.220097 0.257913 0.146863 0.003696 0.357162 0.000093
0.014248 0.218083 0.257349 0.146891 0.003766 0.359568 0.000096
0.014307 0.220569 0.257267 0.146535 0.003687 0.357542 0.000094
0.014613 0.217584 0.257023 0.146390 0.003732 0.360560 0.000097
0.014321 0.217478 0.257278 0.146430 0.003746 0.360647 0.000100
0.014371 0.217920 0.256823 0.146314 0.003715 0.360757 0.000100
0.014308 0.215749 0.257088 0.146121 0.003774 0.362861 0.000099
0.014341 0.216474 0.256900 0.145664 0.003729 0.362791 0.000101
0.014454 0.214838 0.256537 0.145970 0.003752 0.364341 0.000107
0.014638 0.213626 0.255961 0.145632 0.003770 0.366274 0.000099
0.014733 0.212914 0.255894 0.145526 0.003818 0.367009 0.000106
0.014575 0.212790 0.256002 0.145466 0.003790 0.367270 0.000107
0.014830 0.211960 0.255108 0.145273 0.003823 0.368908 0.000097
0.014532 0.210934 0.255295 0.145433 0.003812 0.369888 0.000105
0.014458 0.210848 0.255125 0.145021 0.003822 0.370625 0.000101
0.014589 0.209629 0.255123 0.144934 0.003802 0.371821 0.000101
0.014470 0.209080 0.254986 0.145085 0.003873 0.372400 0.000106
0.014506 0.209122 0.254249 0.144760 0.003876 0.373387 0.000100
0.025640 0.208552 0.250425 0.142506 0.003848 0.368918 0.000111
0.032006 0.208164 0.248032 0.140956 0.003797 0.366941 0.000104
0.032396 0.208159 0.247524 0.140984 0.003817 0.367016 0.000104
0.030957 0.208303 0.247438 0.140964 0.003850 0.368381 0.000107
0.035745 0.209774 0.245228 0.139640 0.003787 0.365722 0.000104
0.030014 0.208870 0.247088 0.140449 0.003789 0.369684 0.000106
0.030062 0.209313 0.246457 0.140287 0.003812 0.369965 0.000105
0.027669 0.208595 0.247079 0.140429 0.003871 0.372236 0.000120
0.028931 0.209415 0.246180 0.139972 0.003827 0.371555 0.000119
0.027477 0.208675 0.246494 0.139954 0.003821 0.373468 0.000110
0.029020 0.210536 0.244942 0.139377 0.003794 0.372220 0.000111
0.023148 0.207339 0.247824 0.140825 0.003853 0.376901 0.000110
0.024108 0.207903 0.246508 0.140344 0.003907 0.377114 0.000116
0.024982 0.209021 0.245913 0.139522 0.003882 0.376574 0.000107
0.023989 0.207870 0.245594 0.139622 0.003887 0.378924 0.000113
0.019408 0.203864 0.248030 0.141268 0.003932 0.383381 0.000117
0.020691 0.204881 0.247017 0.140636 0.003957 0.382697 0.000120
0.019189 0.203234 0.247645 0.140652 0.003966 0.385201 0.000113
0.021146 0.204903 0.245810 0.139896 0.003913 0.384211 0.000121
0.019744 0.203673 0.246272 0.140262 0.003965 0.385967 0.000118
0.018963 0.202689 0.247220 0.140362 0.003970 0.386678 0.000118
0.017883 0.199997 0.247186 0.140780 0.003992 0.390045 0.000116
0.018353 0.200745 0.246971 0.140405 0.003925 0.389480 0.000121
0.017593 0.199129 0.247074 0.140771 0.004012 0.391301 0.000119
0.018118 0.200098 0.245911 0.140363 0.003998 0.391388 0.000124
0.017845 0.200016 0.246760 0.140124 0.004030 0.391106 0.000120
0.017392 0.197190 0.246258 0.140318 0.004054 0.394672 0.000115
0.017065 0.196161 0.246410 0.139946 0.004021 0.396274 0.000123
0.017641 0.197955 0.245742 0.139637 0.004026 0.394880 0.000119
0.017223 0.196768 0.245806 0.139177 0.004062 0.396840 0.000123
0.016335 0.192746 0.246697 0.139880 0.004086 0.400124 0.000132
0.016680 0.193733 0.245797 0.139853 0.004072 0.399730 0.000135
0.017080 0.194775 0.245108 0.139180 0.004065 0.399660 0.000131
0.017254 0.194850 0.244592 0.138874 0.004042 0.400268 0.000120
0.016428 0.190163 0.245597 0.139213 0.004054 0.404408 0.000138
0.016922 0.191500 0.244824 0.138629 0.004080 0.403916 0.000131
0.016304 0.191222 0.244998 0.139393 0.004067 0.403882 0.000135
0.016872 0.191366 0.244224 0.138589 0.004059 0.404766 0.000125
0.016911 0.190007 0.243805 0.138870 0.004064 0.406206 0.000137
0.016531 0.190060 0.244064 0.138841 0.004053 0.406317 0.000135
0.016389 0.187991 0.244429 0.138630 0.004145 0.408278 0.000139
0.016696 0.187212 0.243756 0.138698 0.004071 0.409428 0.000138
0.016294 0.186376 0.244219 0.138691 0.004141 0.410144 0.000135
0.016455 0.186702 0.243581 0.138714 0.004118 0.410289 0.000141
0.016348 0.186471 0.243781 0.138392 0.004140 0.410727 0.000140
0.016317 0.183426 0.243384 0.138335 0.004103 0.414296 0.000139
0.016907 0.186191 0.242555 0.137786 0.004104 0.412323 0.000133
0.016608 0.183921 0.242630 0.137630 0.004174 0.414899 0.000140
0.016353 0.184731 0.242580 0.137861 0.004162 0.414172 0.000142
0.016415 0.181647 0.242006 0.137916 0.004111 0.417770 0.000135
0.016584 0.183808 0.242028 0.137682 0.004139 0.415619 0.000141
0.016338 0.180613 0.241955 0.137447 0.004123 0.419380 0.000145
0.016666 0.181510 0.241596 0.137107 0.004170 0.418809 0.000142
0.016458 0.179978 0.241628 0.137230 0.004210 0.420362 0.000134
0.016723 0.179855 0.241107 0.137030 0.004172 0.420971 0.000141
0.016559 0.178737 0.241091 0.136675 0.004180 0.422615 0.000144
0.016642 0.178673 0.240781 0.136747 0.004170 0.422849 0.000138
0.016702 0.178542 0.240462 0.136357 0.004222 0.423571 0.000144
0.016636 0.176743 0.240389 0.136520 0.004243 0.425321 0.000148
0.016640 0.177197 0.240027 0.136350 0.004205 0.425434 0.000147
0.016507 0.175310 0.240369 0.136479 0.004225 0.426976 0.000135
0.016661 0.175448 0.239668 0.136126 0.004216 0.427739 0.000143
0.016703 0.175763 0.239969 0.136089 0.004262 0.427065 0.000150
0.016744 0.173719 0.238871 0.135978 0.004290 0.430250 0.000148
0.016845 0.174980 0.238664 0.135316 0.004304 0.429744 0.000146
0.016603 0.173278 0.239168 0.135628 0.004206 0.430979 0.000138
0.016931 0.174320 0.237955 0.134895 0.004224 0.431532 0.000142
0.016722 0.172591 0.238306 0.135456 0.004261 0.432523 0.000142
0.017047 0.172748 0.237608 0.135168 0.004237 0.433045 0.000148
0.017044 0.171725 0.237461 0.134664 0.004281 0.434676 0.000151
0.016831 0.170220 0.237716 0.135014 0.004272 0.435797 0.000150
0.016964 0.170758 0.236736 0.134646 0.004302 0.436449 0.000145
0.016967 0.169584 0.237227 0.134702 0.004258 0.437110 0.000152
0.017093 0.170354 0.236495 0.134013 0.004324 0.437572 0.000150
0.016940 0.169200 0.236138 0.134422 0.004260 0.438884 0.000157
0.017079 0.168521 0.235652 0.134280 0.004363 0.439947 0.000157
0.017081 0.168193 0.235813 0.133822 0.004272 0.440665 0.000153
0.017127 0.167342 0.235280 0.133677 0.004338 0.442085 0.000151
0.017191 0.169026 0.234974 0.133824 0.004278 0.440564 0.000143
0.017166 0.166712 0.234348 0.133662 0.004316 0.443644 0.000153
0.017131 0.166291 0.234961 0.133538 0.004312 0.443617 0.000150
0.017486 0.166220 0.233864 0.133320 0.004317 0.444641 0.000151
0.017460 0.167171 0.234292 0.132962 0.004333 0.443623 0.000160
0.017428 0.166435 0.233642 0.132597 0.004366 0.445366 0.000166
0.017416 0.164298 0.234065 0.132669 0.004358 0.447037 0.000157
0.017165 0.163628 0.233650 0.132730 0.004363 0.448315 0.000149
0.017566 0.162963 0.233003 0.132701 0.004363 0.449247 0.000158
0.017572 0.162764 0.232720 0.132152 0.004365 0.450264 0.000162
0.017348 0.163393 0.232773 0.132146 0.004377 0.449807 0.000156
0.017649 0.162489 0.231957 0.131974 0.004394 0.451384 0.000154
0.017516 0.161641 0.231801 0.132097 0.004392 0.452388 0.000164
0.017586 0.160919 0.231857 0.132113 0.004375 0.452985 0.000165
0.017731 0.160780 0.231586 0.131360 0.004413 0.453976 0.000153
0.017870 0.159991 0.231818 0.131456 0.004407 0.454290 0.000168
0.017880 0.159642 0.231110 0.131453 0.004416 0.455341 0.000158
0.017767 0.158707 0.231306 0.131321 0.004429 0.456297 0.000173
0.017790 0.158365 0.230399 0.131198 0.004417 0.457659 0.000172
0.017923 0.159198 0.230287 0.130994 0.004371 0.457065 0.000162
0.017812 0.157805 0.230524 0.130929 0.004452 0.458314 0.000165
0.017906 0.156269 0.229773 0.130548 0.004425 0.460916 0.000163
0.018176 0.156825 0.229633 0.130449 0.004415 0.460338 0.000163
0.018083 0.155439 0.228930 0.130293 0.004464 0.462614 0.000177
0.018249 0.155634 0.229204 0.130381 0.004476 0.461889 0.000166
0.018305 0.157063 0.228430 0.129887 0.004447 0.461701 0.000166
0.018188 0.155228 0.228267 0.129495 0.004447 0.464209 0.000165
0.018128 0.155308 0.228317 0.129949 0.004453 0.463679 0.000167
0.018323 0.155824 0.227530 0.129858 0.004549 0.463756 0.000159
0.018118 0.153399 0.227610 0.129412 0.004503 0.466786 0.000172
0.018251 0.153843 0.227354 0.129405 0.004503 0.466473 0.000171
0.018342 0.153372 0.226851 0.129227 0.004463 0.467570 0.000175
0.018442 0.153326 0.226304 0.129071 0.004470 0.468224 0.000164
0.018459 0.153833 0.226135 0.128280 0.004490 0.468624 0.000178
0.018616 0.152926 0.226414 0.128651 0.004487 0.468739 0.000167
0.018288 0.153097 0.225937 0.128586 0.004479 0.469438 0.000173
0.018495 0.151529 0.225850 0.128484 0.004478 0.470989 0.000175
0.018639 0.151439 0.225053 0.127978 0.004539 0.472184 0.000168
0.018530 0.151355 0.225709 0.128134 0.004497 0.471607 0.000168
0.018763 0.150761 0.224484 0.127900 0.004455 0.473465 0.000173
0.018846 0.151335 0.224896 0.127657 0.004508 0.472594 0.000165
0.018850 0.150354 0.224268 0.127939 0.004488 0.473933 0.000169
0.018580 0.149780 0.224165 0.127478 0.004544 0.475267 0.000186
0.018727 0.150335 0.224060 0.127613 0.004515 0.474580 0.000170
0.018760 0.148664 0.223463 0.126874 0.004529 0.477519 0.000191
0.018735 0.148738 0.223972 0.126950 0.004520 0.476901 0.000184
0.018854 0.148482 0.223596 0.126880 0.004570 0.477427 0.000191
0.018960 0.147389 0.222779 0.126671 0.004519 0.479496 0.000187
0.018997 0.147665 0.222330 0.126403 0.004556 0.479868 0.000180
0.019190 0.146640 0.222189 0.126228 0.004525 0.481038 0.000191
0.018936 0.147054 0.221860 0.126237 0.004559 0.481173 0.000180
0.019230 0.145835 0.221991 0.126293 0.004553 0.481909 0.000189
0.019261 0.145980 0.221848 0.125942 0.004595 0.482182 0.000193
0.019161 0.145839 0.221537 0.125821 0.004543 0.482908 0.000190
0.019229 0.144487 0.220469 0.125280 0.004536 0.485804 0.000196
0.019239 0.144737 0.220629 0.125447 0.004575 0.485176 0.000196
0.019208 0.144298 0.220423 0.125293 0.004531 0.486049 0.000197
0.019288 0.142713 0.220188 0.125168 0.004636 0.487824 0.000183
