0.999102 0.000876 0.000011 0.000011 0.000000 0.000000 0.000000
0.998634 0.001331 0.000018 0.000005 0.000000 0.000012 0.000000
0.998221 0.001722 0.000031 0.000013 0.000000 0.000012 0.000000
0.997698 0.002240 0.000034 0.000015 0.000000 0.000013 0.000000
0.997177 0.002753 0.000038 0.000020 0.000000 0.000013 0.000000
0.996732 0.003193 0.000042 0.000019 0.000000 0.000013 0.000000
0.996163 0.003751 0.000051 0.000023 0.000000 0.000012 0.000000
0.995251 0.004654 0.000059 0.000024 0.000000 0.000012 0.000000
0.994511 0.005390 0.000062 0.000026 0.000000 0.000012 0.000000
0.993184 0.006700 0.000074 0.000030 0.000000 0.000012 0.000000
0.991907 0.007947 0.000093 0.000041 0.000000 0.000011 0.000000
0.989575 0.010230 0.000115 0.000066 0.000000 0.000013 0.000000
0.988115 0.011658 0.000117 0.000098 0.000000 0.000012 0.000000
0.985873 0.013833 0.000140 0.000141 0.000000 0.000013 0.000000
0.982395 0.017245 0.000188 0.000162 0.000000 0.000009 0.000000
0.978641 0.020915 0.000217 0.000216 0.000000 0.000011 0.000000
0.975373 0.024102 0.000283 0.000225 0.000000 0.000018 0.000000
0.971330 0.028066 0.000343 0.000244 0.000000 0.000018 0.000000
0.966785 0.032528 0.000384 0.000281 0.000000 0.000022 0.000000
0.961597 0.037583 0.000497 0.000302 0.000000 0.000021 0.000000
0.954456 0.044519 0.000627 0.000375 0.000000 0.000023 0.000000
0.946072 0.052664 0.000775 0.000457 0.000000 0.000032 0.000000
0.938513 0.060037 0.000894 0.000522 0.000000 0.000034 0.000000
0.930777 0.067613 0.001010 0.000571 0.000000 0.000030 0.000000
0.920319 0.077814 0.001210 0.000626 0.000000 0.000031 0.000000
0.911232 0.086669 0.001358 0.000706 0.000000 0.000035 0.000000
0.900572 0.097071 0.001508 0.000812 0.000000 0.000038 0.000000
0.888140 0.109133 0.001746 0.000936 0.000000 0.000044 0.000000
0.877631 0.119302 0.001941 0.001064 0.000002 0.000059 0.000000
0.864047 0.132530 0.002163 0.001189 0.000005 0.000066 0.000000
0.849729 0.146393 0.002445 0.001347 0.000004 0.000083 0.000000
0.837656 0.158093 0.002660 0.001498 0.000005 0.000088 0.000000
0.824778 0.170461 0.002974 0.001687 0.000004 0.000096 0.000000
0.808106 0.186532 0.003355 0.001892 0.000005 0.000110 0.000000
0.794142 0.199999 0.003666 0.002070 0.000006 0.000117 0.000000
0.779170 0.214357 0.004051 0.002284 0.000005 0.000133 0.000000
0.763867 0.228976 0.004492 0.002514 0.000005 0.000145 0.000000
0.749024 0.243211 0.004917 0.002688 0.000005 0.000156 0.000000
0.734331 0.257281 0.005301 0.002915 0.000005 0.000167 0.000000
0.718303 0.272565 0.005761 0.003184 0.000005 0.000182 0.000000
0.701545 0.288352 0.006365 0.003523 0.000005 0.000210 0.000000
0.689161 0.300018 0.006818 0.003768 0.000005 0.000230 0.000000
0.674870 0.313559 0.007247 0.004072 0.000004 0.000248 0.000000
0.659651 0.327881 0.007796 0.004386 0.000005 0.000281 0.000000
0.645625 0.341103 0.008299 0.004656 0.000008 0.000309 0.000000
0.631730 0.354106 0.008846 0.004968 0.000008 0.000341 0.000000
0.617099 0.367797 0.009425 0.005311 0.000007 0.000360 0.000000
0.603325 0.380580 0.010009 0.005691 0.000007 0.000388 0.000000
0.590268 0.392778 0.010509 0.006017 0.000008 0.000420 0.000000
0.575185 0.406770 0.011184 0.006396 0.000008 0.000458 0.000000
0.559753 0.421105 0.011851 0.006798 0.000007 0.000486 0.000000
0.549590 0.430375 0.012441 0.007074 0.000007 0.000513 0.000000
0.535628 0.442970 0.013268 0.007553 0.000008 0.000573 0.000000
0.520339 0.457020 0.014022 0.008001 0.000007 0.000611 0.000000
0.507541 0.468618 0.014716 0.008452 0.000008 0.000665 0.000000
0.493829 0.481013 0.015536 0.008909 0.000007 0.000705 0.000000
0.481522 0.491953 0.016362 0.009400 0.000009 0.000754 0.000000
0.466300 0.505395 0.017465 0.009993 0.000010 0.000837 0.000000
0.458545 0.512123 0.018042 0.010404 0.000010 0.000877 0.000000
0.442078 0.526698 0.019185 0.011067 0.000009 0.000963 0.000000
0.430737 0.536496 0.020147 0.011587 0.000009 0.001023 0.000000
0.421366 0.544616 0.020928 0.011975 0.000010 0.001104 0.000000
0.408910 0.555182 0.022090 0.012615 0.000012 0.001192 0.000000
0.399216 0.563221 0.023055 0.013223 0.000013 0.001273 0.000000
0.390385 0.570562 0.023929 0.013761 0.000014 0.001350 0.000000
0.381968 0.577400 0.024862 0.014315 0.000014 0.001442 0.000000
0.369506 0.587815 0.026081 0.015060 0.000017 0.001521 0.000000
0.362894 0.592801 0.027100 0.015559 0.000020 0.001627 0.000000
0.353532 0.600221 0.028274 0.016229 0.000021 0.001724 0.000000
0.344964 0.606681 0.029562 0.016920 0.000022 0.001850 0.000000
0.342645 0.608168 0.030070 0.017191 0.000022 0.001903 0.000000
0.333894 0.614791 0.031354 0.017920 0.000024 0.002016 0.000000
0.327462 0.619466 0.032345 0.018575 0.000024 0.002129 0.000000
0.322738 0.622303 0.033473 0.019216 0.000027 0.002243 0.000000
0.313449 0.629731 0.034553 0.019891 0.000026 0.002349 0.000000
0.310191 0.631077 0.035673 0.020579 0.000025 0.002455 0.000000
0.305466 0.634301 0.036523 0.021107 0.000028 0.002575 0.000000
0.298720 0.638752 0.037931 0.021845 0.000030 0.002721 0.000000
0.293951 0.641782 0.038894 0.022449 0.000032 0.002892 0.000000
0.290388 0.643480 0.039990 0.023056 0.000033 0.003053 0.000000
0.284740 0.647427 0.040971 0.023633 0.000034 0.003195 0.000000
0.278532 0.651311 0.042337 0.024418 0.000033 0.003369 0.000000
0.274083 0.654059 0.043421 0.024896 0.000037 0.003503 0.000000
0.268295 0.657346 0.044858 0.025734 0.000040 0.003727 0.000000
0.259630 0.663144 0.046477 0.026730 0.000043 0.003974 0.000000
0.254363 0.666696 0.047509 0.027248 0.000046 0.004138 0.000000
0.244620 0.673738 0.049019 0.028229 0.000048 0.004347 0.000000
0.242148 0.674033 0.050287 0.028949 0.000054 0.004529 0.000000
0.236326 0.677759 0.051507 0.029670 0.000056 0.004683 0.000000
0.230376 0.680814 0.053239 0.030560 0.000055 0.004956 0.000000
0.226217 0.682916 0.054484 0.031144 0.000060 0.005179 0.000000
0.217397 0.688530 0.056354 0.032208 0.000062 0.005448 0.000000
0.212901 0.691508 0.057202 0.032784 0.000066 0.005538 0.000000
0.204260 0.696317 0.059393 0.033988 0.000070 0.005972 0.000000
0.202451 0.696875 0.060112 0.034411 0.000070 0.006080 0.000000
0.195732 0.700247 0.062059 0.035471 0.000079 0.006412 0.000000
0.191727 0.701703 0.063484 0.036311 0.000085 0.006690 0.000000
0.186510 0.703950 0.065195 0.037244 0.000084 0.007018 0.000000
0.182549 0.705278 0.066577 0.038200 0.000089 0.007308 0.000000
0.175916 0.708414 0.068542 0.039323 0.000094 0.007711 0.000000
0.172743 0.709621 0.069743 0.039851 0.000105 0.007937 0.000000
0.174433 0.706031 0.070727 0.040496 0.000108 0.008206 0.000000
0.166644 0.709506 0.073181 0.041897 0.000111 0.008661 0.000000
0.163719 0.709901 0.074545 0.042775 0.000118 0.008942 0.000000
0.160508 0.710470 0.076116 0.043487 0.000121 0.009297 0.000000
0.157490 0.711740 0.077052 0.044086 0.000126 0.009506 0.000000
0.154784 0.712007 0.078456 0.044803 0.000125 0.009824 0.000000
0.149983 0.712549 0.080848 0.046175 0.000135 0.010310 0.000000
0.147816 0.711953 0.082465 0.046916 0.000142 0.010708 0.000000
0.147965 0.710133 0.083226 0.047522 0.000149 0.011006 0.000000
0.142772 0.710956 0.085665 0.048905 0.000156 0.011546 0.000000
0.142014 0.710806 0.086089 0.049189 0.000148 0.011753 0.000000
0.138396 0.711339 0.087838 0.050044 0.000165 0.012218 0.000000
0.133433 0.712094 0.090076 0.051442 0.000169 0.012786 0.000000
0.130749 0.712347 0.091358 0.052259 0.000174 0.013113 0.000000
0.128138 0.712689 0.092639 0.052882 0.000183 0.013469 0.000000
0.125199 0.713272 0.094046 0.053505 0.000189 0.013789 0.000000
0.123226 0.711840 0.095770 0.054653 0.000194 0.014318 0.000000
0.123084 0.709386 0.097038 0.055464 0.000202 0.014826 0.000000
0.116527 0.711533 0.099410 0.056862 0.000206 0.015462 0.000000
0.111323 0.713456 0.101358 0.057788 0.000204 0.015871 0.000000
0.111447 0.712302 0.101740 0.058178 0.000214 0.016119 0.000000
0.106094 0.712984 0.104398 0.059524 0.000238 0.016761 0.000000
0.106733 0.710829 0.105185 0.059858 0.000224 0.017171 0.000000
0.100400 0.712474 0.107624 0.061459 0.000236 0.017808 0.000000
0.095493 0.712885 0.110019 0.062818 0.000239 0.018546 0.000000
0.097785 0.709856 0.110380 0.062885 0.000256 0.018839 0.000000
0.096123 0.708695 0.111863 0.063782 0.000246 0.019291 0.000000
0.092055 0.708023 0.114505 0.065087 0.000273 0.020056 0.000000
0.097061 0.702274 0.114637 0.065371 0.000261 0.020397 0.000000
0.099536 0.698795 0.115280 0.065559 0.000264 0.020566 0.000000
0.102583 0.693916 0.116097 0.066013 0.000268 0.021123 0.000000
0.102137 0.691427 0.117610 0.066800 0.000273 0.021753 0.000000
0.104650 0.686975 0.118608 0.067341 0.000293 0.022133 0.000000
0.108270 0.681838 0.119155 0.067693 0.000287 0.022756 0.000000
0.109519 0.678782 0.120129 0.068243 0.000283 0.023045 0.000000
0.112574 0.674629 0.120617 0.068446 0.000295 0.023438 0.000000
0.107980 0.674737 0.123005 0.069635 0.000309 0.024333 0.000000
0.106984 0.673852 0.123768 0.070328 0.000307 0.024761 0.000000
0.112462 0.670418 0.122626 0.069757 0.000305 0.024432 0.000000
0.108020 0.669590 0.125366 0.071129 0.000311 0.025584 0.000000
0.109552 0.666861 0.125894 0.071367 0.000328 0.025998 0.000000
0.100727 0.670102 0.128792 0.072988 0.000345 0.027046 0.000000
0.108557 0.664063 0.127627 0.072414 0.000335 0.027004 0.000000
0.103738 0.666664 0.128922 0.072908 0.000350 0.027418 0.000000
0.097044 0.667155 0.132019 0.074842 0.000368 0.028572 0.000000
0.089797 0.671660 0.133680 0.075555 0.000350 0.028958 0.000000
0.087678 0.669828 0.135345 0.076848 0.000367 0.029934 0.000000
0.083940 0.669455 0.137572 0.077796 0.000394 0.030844 0.000000
0.081114 0.670921 0.138340 0.078278 0.000398 0.030949 0.000000
0.074112 0.671829 0.141454 0.079929 0.000419 0.032254 0.000002
0.073055 0.671481 0.142067 0.080501 0.000402 0.032492 0.000001
0.072421 0.671780 0.142020 0.080495 0.000413 0.032871 0.000001
0.067242 0.671748 0.144915 0.081872 0.000430 0.033792 0.000000
0.063663 0.671232 0.146879 0.083064 0.000436 0.034726 0.000001
0.061002 0.670113 0.148566 0.084199 0.000442 0.035678 0.000001
0.065292 0.664390 0.149227 0.084489 0.000433 0.036169 0.000000
0.073671 0.656194 0.148793 0.084343 0.000459 0.036540 0.000001
0.071254 0.654802 0.150807 0.085416 0.000473 0.037246 0.000001
0.072278 0.652980 0.151001 0.085629 0.000468 0.037641 0.000003
0.068645 0.652398 0.153010 0.086924 0.000491 0.038530 0.000002
0.071910 0.647811 0.153601 0.087129 0.000497 0.039049 0.000002
0.071590 0.645368 0.154897 0.087915 0.000496 0.039732 0.000003
0.074903 0.640824 0.155408 0.088080 0.000498 0.040286 0.000002
0.076321 0.637125 0.156286 0.088629 0.000508 0.041127 0.000004
0.072351 0.639262 0.157242 0.089129 0.000512 0.041502 0.000003
0.071245 0.635492 0.159568 0.090430 0.000528 0.042735 0.000002
0.070388 0.633246 0.160938 0.091321 0.000534 0.043569 0.000002
0.073569 0.630413 0.160674 0.091119 0.000532 0.043688 0.000003
0.070617 0.631334 0.161489 0.091635 0.000544 0.044379 0.000002
0.071366 0.627521 0.162703 0.092507 0.000545 0.045354 0.000004
0.064556 0.631888 0.164048 0.093237 0.000562 0.045706 0.000004
0.065980 0.627900 0.165003 0.093917 0.000555 0.046641 0.000004
0.060954 0.629370 0.166758 0.094760 0.000568 0.047588 0.000003
0.059493 0.629221 0.167452 0.095110 0.000575 0.048144 0.000004
0.055167 0.628078 0.170121 0.096609 0.000592 0.049427 0.000006
0.051182 0.628483 0.171863 0.097702 0.000600 0.050165 0.000004
0.057091 0.626696 0.169321 0.096602 0.000580 0.049706 0.000005
0.048363 0.625202 0.174361 0.099440 0.000613 0.052015 0.000005
0.044626 0.625328 0.175971 0.100406 0.000625 0.053040 0.000004
0.043652 0.623725 0.177020 0.101183 0.000643 0.053773 0.000004
0.040982 0.624031 0.178236 0.101638 0.000635 0.054474 0.000005
0.040318 0.621288 0.179703 0.102444 0.000656 0.055585 0.000006
0.036904 0.619146 0.182253 0.104007 0.000666 0.057019 0.000006
0.036553 0.618280 0.182859 0.104089 0.000681 0.057532 0.000007
0.035365 0.616966 0.183862 0.104841 0.000673 0.058287 0.000006
0.034912 0.614238 0.185331 0.105659 0.000685 0.059171 0.000005
0.032109 0.612332 0.187329 0.106947 0.000722 0.060554 0.000007
0.030993 0.612266 0.188115 0.106964 0.000725 0.060931 0.000006
0.029423 0.609890 0.189685 0.108101 0.000726 0.062170 0.000005
0.030104 0.608029 0.190235 0.108201 0.000733 0.062688 0.000011
0.027933 0.606325 0.192122 0.109105 0.000742 0.063766 0.000008
0.026668 0.602580 0.194262 0.110410 0.000765 0.065309 0.000006
0.027004 0.602295 0.194116 0.110285 0.000766 0.065528 0.000007
0.025593 0.599697 0.195663 0.111720 0.000777 0.066542 0.000007
0.024712 0.597152 0.197421 0.112172 0.000785 0.067750 0.000008
0.024407 0.595538 0.198260 0.112606 0.000810 0.068371 0.000008
0.023986 0.592746 0.199408 0.113503 0.000837 0.069513 0.000006
0.023474 0.591411 0.200205 0.113731 0.000829 0.070342 0.000009
0.023566 0.589493 0.200884 0.114368 0.000825 0.070855 0.000009
0.022855 0.587428 0.202066 0.114857 0.000838 0.071948 0.000008
0.021480 0.584380 0.204051 0.115917 0.000867 0.073299 0.000006
0.021423 0.581857 0.204887 0.116642 0.000868 0.074316 0.000007
0.021251 0.579183 0.206158 0.117013 0.000872 0.075513 0.000009
0.021201 0.576128 0.206995 0.117902 0.000917 0.076848 0.000010
0.021213 0.576598 0.206597 0.117675 0.000912 0.076999 0.000007
0.020158 0.572886 0.208850 0.118763 0.000918 0.078416 0.000009
0.020146 0.571633 0.209109 0.119116 0.000922 0.079062 0.000011
0.019860 0.570682 0.209729 0.119236 0.000934 0.079550 0.000008
0.019574 0.567912 0.211062 0.119742 0.000955 0.080745 0.000010
0.019438 0.565649 0.211642 0.120527 0.000965 0.081768 0.000010
0.019236 0.563659 0.212700 0.120786 0.000978 0.082630 0.000010
0.019084 0.560509 0.213814 0.121670 0.000983 0.083927 0.000013
0.018952 0.559289 0.214337 0.122056 0.000986 0.084369 0.000010
0.018988 0.559197 0.214278 0.121782 0.001000 0.084744 0.000010
0.018027 0.553121 0.217374 0.123357 0.001012 0.087095 0.000014
0.018019 0.552358 0.217378 0.123564 0.001023 0.087644 0.000014
0.017846 0.550078 0.218223 0.123984 0.001032 0.088824 0.000013
0.017990 0.548763 0.218719 0.124339 0.001033 0.089146 0.000010
0.017586 0.547204 0.219585 0.124485 0.001037 0.090091 0.000013
0.017634 0.544822 0.220448 0.124956 0.001054 0.091076 0.000010
0.017370 0.541856 0.221398 0.125653 0.001058 0.092651 0.000014
0.017175 0.540421 0.222147 0.126098 0.001060 0.093086 0.000013
0.016819 0.538082 0.223025 0.126595 0.001101 0.094361 0.000017
0.016935 0.535946 0.223967 0.126775 0.001116 0.095250 0.000013
0.016837 0.533365 0.224370 0.127565 0.001103 0.096746 0.000013
0.016881 0.533748 0.224077 0.127321 0.001097 0.096861 0.000016
0.016738 0.532194 0.225092 0.127655 0.001114 0.097194 0.000013
0.016591 0.529609 0.225951 0.128203 0.001104 0.098530 0.000011
0.016315 0.526149 0.227263 0.128972 0.001131 0.100161 0.000009
0.016395 0.526477 0.226836 0.128835 0.001167 0.100278 0.000012
0.016376 0.524078 0.227705 0.129361 0.001173 0.101292 0.000016
0.016132 0.521264 0.228728 0.129999 0.001173 0.102690 0.000015
0.015853 0.518876 0.229742 0.130378 0.001175 0.103963 0.000012
0.015601 0.515142 0.231315 0.131189 0.001197 0.105542 0.000014
0.015770 0.515212 0.231009 0.131047 0.001181 0.105767 0.000014
0.015781 0.512760 0.231941 0.131557 0.001219 0.106727 0.000015
0.015417 0.510580 0.232695 0.131979 0.001222 0.108089 0.000018
0.015456 0.509852 0.232698 0.132271 0.001246 0.108460 0.000018
0.015626 0.508622 0.233007 0.132474 0.001253 0.109003 0.000016
0.015347 0.505878 0.233929 0.133266 0.001266 0.110298 0.000016
0.015147 0.503165 0.235078 0.133569 0.001258 0.111767 0.000015
0.015192 0.501718 0.235328 0.133928 0.001267 0.112548 0.000018
0.015136 0.498141 0.236552 0.134462 0.001283 0.114407 0.000019
0.015079 0.498184 0.236543 0.134348 0.001287 0.114541 0.000018
0.014954 0.496734 0.237013 0.134540 0.001306 0.115434 0.000019
0.014857 0.493735 0.238174 0.135130 0.001297 0.116790 0.000017
0.014987 0.493316 0.237876 0.135282 0.001354 0.117169 0.000017
0.014730 0.489918 0.239142 0.136069 0.001314 0.118808 0.000019
0.014650 0.488564 0.239526 0.136289 0.001324 0.119629 0.000018
0.014588 0.486821 0.239961 0.136540 0.001343 0.120726 0.000021
0.014737 0.484271 0.240811 0.136905 0.001377 0.121879 0.000021
0.014343 0.483252 0.240961 0.137253 0.001349 0.122819 0.000023
0.014485 0.480926 0.241690 0.137531 0.001364 0.123987 0.000017
0.014521 0.481021 0.241599 0.137462 0.001378 0.123999 0.000020
0.014495 0.476497 0.243136 0.138246 0.001408 0.126198 0.000020
0.014376 0.475967 0.243238 0.138192 0.001404 0.126804 0.000019
0.017446 0.472551 0.242980 0.138187 0.001435 0.127378 0.000022
0.023445 0.469750 0.241255 0.137225 0.001399 0.126907 0.000020
0.024252 0.466995 0.241654 0.137388 0.001425 0.128263 0.000021
0.028930 0.463879 0.240862 0.136768 0.001438 0.128103 0.000019
0.026815 0.463025 0.241344 0.137492 0.001438 0.129861 0.000024
0.028133 0.460114 0.241943 0.137584 0.001463 0.130742 0.000022
0.027047 0.458888 0.242723 0.137851 0.001503 0.131962 0.000027
0.026934 0.459234 0.242034 0.137957 0.001503 0.132316 0.000021
0.026258 0.457963 0.242908 0.138218 0.001472 0.133156 0.000025
0.027005 0.456632 0.242657 0.138056 0.001466 0.134162 0.000022
0.026562 0.454495 0.243265 0.138610 0.001515 0.135527 0.000025
0.023879 0.455354 0.244182 0.138713 0.001513 0.136333 0.000025
0.022455 0.453981 0.245354 0.139339 0.001537 0.137308 0.000027
0.025834 0.451627 0.244243 0.138897 0.001546 0.137832 0.000022
0.021848 0.450101 0.246177 0.140080 0.001567 0.140201 0.000026
0.022586 0.449736 0.245801 0.139823 0.001584 0.140445 0.000025
0.022760 0.447456 0.246306 0.140154 0.001573 0.141726 0.000026
0.021907 0.447872 0.246284 0.140097 0.001586 0.142225 0.000029
0.022072 0.445256 0.246891 0.140288 0.001599 0.143871 0.000023
0.018887 0.443567 0.248746 0.141527 0.001630 0.145615 0.000027
0.018437 0.442382 0.249303 0.141808 0.001622 0.146425 0.000024
0.019093 0.441507 0.249018 0.141479 0.001619 0.147258 0.000026
0.017273 0.439128 0.250629 0.142568 0.001637 0.148740 0.000025
0.017951 0.437513 0.250253 0.142588 0.001653 0.150013 0.000028
0.016494 0.436485 0.251289 0.142897 0.001636 0.151169 0.000030
0.015621 0.433658 0.252574 0.143706 0.001680 0.152736 0.000024
0.015854 0.432609 0.252505 0.143797 0.001671 0.153540 0.000024
0.015359 0.432439 0.252710 0.144157 0.001696 0.153613 0.000027
0.015952 0.429425 0.253023 0.144050 0.001700 0.155823 0.000027
0.015347 0.428900 0.253528 0.144227 0.001728 0.156243 0.000028
0.015189 0.428334 0.253797 0.144506 0.001720 0.156423 0.000031
0.015003 0.425648 0.254383 0.144727 0.001732 0.158477 0.000030
0.014815 0.424275 0.254558 0.144957 0.001757 0.159610 0.000029
0.014254 0.421567 0.255493 0.145522 0.001743 0.161390 0.000030
0.014563 0.420844 0.255482 0.145352 0.001768 0.161956 0.000035
0.014565 0.420265 0.255545 0.145394 0.001773 0.162429 0.000028
0.014260 0.419317 0.255799 0.145925 0.001777 0.162890 0.000033
0.013899 0.415962 0.256854 0.146102 0.001787 0.165367 0.000030
0.013948 0.414498 0.257030 0.146429 0.001813 0.166248 0.000035
0.013933 0.413447 0.257217 0.146408 0.001826 0.167138 0.000031
0.013549 0.410310 0.258068 0.147235 0.001866 0.168942 0.000030
0.013754 0.409480 0.257836 0.147173 0.001868 0.169856 0.000032
0.013470 0.408107 0.258228 0.147114 0.001907 0.171140 0.000034
0.013510 0.406949 0.258284 0.147460 0.001866 0.171898 0.000032
0.013484 0.404639 0.259166 0.147699 0.001918 0.173064 0.000031
0.013544 0.404549 0.258573 0.147491 0.001914 0.173894 0.000034
0.013025 0.401849 0.259869 0.148082 0.001950 0.175190 0.000035
0.013128 0.401258 0.259758 0.148171 0.001963 0.175685 0.000037
0.013028 0.399406 0.260172 0.148341 0.001962 0.177057 0.000034
0.013138 0.395812 0.261021 0.148808 0.001988 0.179198 0.000034
0.013180 0.397132 0.260161 0.148363 0.001974 0.179152 0.000039
0.012990 0.394898 0.260999 0.148970 0.001954 0.180149 0.000039
0.012950 0.393462 0.260920 0.148862 0.001989 0.181781 0.000036
0.012771 0.391179 0.261778 0.149224 0.002041 0.182969 0.000037
0.012883 0.390452 0.261454 0.149387 0.002050 0.183733 0.000041
0.012864 0.388688 0.261770 0.149436 0.002061 0.185140 0.000041
0.012757 0.386336 0.262502 0.149776 0.002069 0.186524 0.000036
0.013055 0.386001 0.262171 0.149469 0.002041 0.187218 0.000045
0.012770 0.385163 0.262371 0.149775 0.002085 0.187797 0.000039
0.012692 0.382496 0.262791 0.150205 0.002083 0.189697 0.000037
0.012821 0.382196 0.262890 0.149943 0.002089 0.190025 0.000036
0.012885 0.381198 0.262677 0.150168 0.002100 0.190931 0.000041
0.012977 0.380573 0.262736 0.149833 0.002119 0.191719 0.000042
0.012693 0.377994 0.263230 0.150425 0.002165 0.193452 0.000041
0.012639 0.376557 0.263519 0.150587 0.002116 0.194538 0.000044
0.012706 0.374973 0.263775 0.150382 0.002169 0.195954 0.000041
0.012690 0.372906 0.264089 0.150757 0.002176 0.197336 0.000046
0.012625 0.370721 0.264898 0.150851 0.002205 0.198654 0.000047
0.012602 0.370527 0.264559 0.150738 0.002202 0.199330 0.000041
0.012750 0.368745 0.264691 0.150915 0.002203 0.200652 0.000045
0.012633 0.367965 0.264481 0.150942 0.002203 0.201736 0.000040
0.012594 0.367428 0.264726 0.150848 0.002216 0.202143 0.000044
0.012701 0.365185 0.264986 0.151348 0.002269 0.203468 0.000044
0.012569 0.363398 0.265090 0.151413 0.002251 0.205235 0.000044
0.012644 0.361979 0.265269 0.151369 0.002265 0.206427 0.000046
0.012692 0.360957 0.265302 0.151640 0.002284 0.207078 0.000048
0.012727 0.359624 0.265511 0.151736 0.002288 0.208070 0.000043
0.012502 0.357961 0.266144 0.151784 0.002295 0.209266 0.000048
0.012751 0.357055 0.265825 0.151558 0.002266 0.210494 0.000050
0.012658 0.356055 0.266252 0.151626 0.002297 0.211066 0.000047
0.012603 0.354603 0.266407 0.151784 0.002318 0.212237 0.000047
0.012592 0.354941 0.266222 0.151533 0.002298 0.212367 0.000047
0.012572 0.352352 0.266224 0.151963 0.002346 0.214495 0.000048
0.012613 0.351542 0.266762 0.151786 0.002351 0.214898 0.000049
0.012650 0.348763 0.266757 0.152020 0.002361 0.217401 0.000047
0.012667 0.348506 0.266719 0.151930 0.002343 0.217787 0.000047
0.012755 0.347028 0.266556 0.152106 0.002413 0.219096 0.000046
0.012570 0.344202 0.267478 0.152348 0.002409 0.220941 0.000052
0.012786 0.343811 0.267293 0.152234 0.002396 0.221432 0.000048
0.012564 0.342820 0.267659 0.152809 0.002405 0.221698 0.000044
0.012800 0.343367 0.266717 0.152063 0.002414 0.222590 0.000050
0.012747 0.341950 0.267162 0.152368 0.002444 0.223279 0.000050
0.012611 0.340682 0.267188 0.152485 0.002441 0.224545 0.000048
0.012653 0.339185 0.267289 0.152418 0.002453 0.225951 0.000050
0.012609 0.337606 0.267649 0.152383 0.002463 0.227241 0.000049
0.012632 0.337351 0.267417 0.152428 0.002508 0.227613 0.000050
0.012594 0.334829 0.267582 0.152630 0.002530 0.229779 0.000055
0.012740 0.333588 0.267681 0.152517 0.002520 0.230897 0.000057
0.012705 0.333622 0.267529 0.152580 0.002529 0.230978 0.000058
0.012798 0.331021 0.267802 0.152642 0.002565 0.233113 0.000058
0.012541 0.330937 0.267697 0.152365 0.002533 0.233867 0.000060
0.012725 0.329024 0.268053 0.152746 0.002528 0.234865 0.000058
0.012570 0.327892 0.268378 0.152718 0.002541 0.235844 0.000056
0.012764 0.326269 0.268283 0.152641 0.002551 0.237434 0.000058
0.012686 0.325686 0.268283 0.152804 0.002576 0.237908 0.000059
0.012793 0.323979 0.268379 0.152912 0.002609 0.239269 0.000059
0.012906 0.323733 0.267914 0.152704 0.002587 0.240099 0.000058
0.012634 0.321743 0.268492 0.152802 0.002666 0.241603 0.000060
0.012918 0.320375 0.268473 0.152625 0.002650 0.242904 0.000056
0.012723 0.319393 0.268424 0.152931 0.002639 0.243833 0.000057
0.012739 0.318781 0.268190 0.152844 0.002631 0.244752 0.000064
0.012823 0.316851 0.268280 0.153019 0.002652 0.246316 0.000059
0.012849 0.316614 0.268605 0.152738 0.002661 0.246477 0.000056
0.012752 0.313717 0.268993 0.153058 0.002690 0.248728 0.000061
0.012814 0.315097 0.268371 0.152915 0.002655 0.248086 0.000061
0.012802 0.312951 0.268821 0.153127 0.002697 0.249539 0.000063
0.012837 0.312504 0.268729 0.152974 0.002669 0.250222 0.000065
0.012869 0.310888 0.268531 0.152986 0.002708 0.251954 0.000063
0.012992 0.307552 0.268670 0.153053 0.002753 0.254913 0.000067
0.013006 0.307417 0.268596 0.152991 0.002724 0.255207 0.000059
0.012990 0.307103 0.268393 0.153505 0.002746 0.255201 0.000063
0.012979 0.307023 0.268440 0.152569 0.002767 0.256159 0.000063
0.012752 0.305170 0.268697 0.152994 0.002751 0.257576 0.000059
0.012765 0.305437 0.268410 0.153215 0.002771 0.257334 0.000068
0.012933 0.303760 0.268587 0.152781 0.002773 0.259095 0.000071
0.012899 0.301817 0.268380 0.153243 0.002819 0.260771 0.000072
0.012914 0.299894 0.268395 0.153298 0.002863 0.262566 0.000070
0.012964 0.299786 0.268631 0.152835 0.002814 0.262906 0.000065
0.012868 0.297769 0.268386 0.153157 0.002838 0.264914 0.000067
0.013024 0.297492 0.268417 0.152768 0.002852 0.265377 0.000070
0.012977 0.298088 0.268183 0.152922 0.002831 0.264936 0.000062
0.013110 0.296266 0.268198 0.153045 0.002873 0.266444 0.000063
0.013140 0.295473 0.267878 0.153062 0.002860 0.267522 0.000066
0.013120 0.294300 0.268009 0.153050 0.002855 0.268596 0.000070
0.012993 0.292301 0.268453 0.152984 0.002879 0.270324 0.000065
0.013053 0.292624 0.267493 0.152850 0.002871 0.271033 0.000075
0.013267 0.290107 0.268164 0.152983 0.002913 0.272485 0.000080
0.013189 0.289899 0.268002 0.152705 0.002934 0.273197 0.000075
0.013361 0.287857 0.267839 0.152867 0.002921 0.275086 0.000069
0.013131 0.287274 0.267958 0.152919 0.002952 0.275700 0.000066
0.013094 0.287276 0.268140 0.152650 0.002911 0.275856 0.000073
0.013372 0.286003 0.267989 0.152604 0.002929 0.277041 0.000062
0.013222 0.284925 0.267996 0.152582 0.002932 0.278271 0.000071
0.013395 0.283626 0.267641 0.152871 0.002983 0.279416 0.000068
0.013231 0.282318 0.268302 0.152726 0.002974 0.280375 0.000074
0.013197 0.281794 0.267528 0.152577 0.003002 0.281827 0.000075
0.013410 0.280143 0.267238 0.152704 0.003073 0.283357 0.000075
0.013519 0.279159 0.267432 0.152612 0.003042 0.284160 0.000075
0.013572 0.278083 0.267314 0.152725 0.003031 0.285201 0.000073
0.013341 0.277338 0.267572 0.152800 0.003033 0.285834 0.000083
0.013249 0.276024 0.267744 0.152663 0.003036 0.287209 0.000076
0.013452 0.275506 0.267677 0.152464 0.003043 0.287775 0.000083
0.013522 0.274690 0.267032 0.152491 0.003077 0.289109 0.000079
0.013412 0.273639 0.267409 0.152397 0.003093 0.289975 0.000075
0.013580 0.272380 0.267349 0.152254 0.003105 0.291251 0.000080
0.013493 0.271600 0.267034 0.152272 0.003098 0.292425 0.000079
0.013882 0.270095 0.266459 0.152188 0.003121 0.294175 0.000080
0.013780 0.270128 0.266725 0.152482 0.003112 0.293700 0.000074
0.013526 0.269539 0.266709 0.152038 0.003149 0.294959 0.000079
0.014072 0.268699 0.266316 0.152258 0.003166 0.295415 0.000075
0.013668 0.267195 0.266766 0.152101 0.003157 0.297037 0.000076
0.013679 0.265988 0.266857 0.151969 0.003149 0.298276 0.000082
0.013577 0.265148 0.266389 0.151905 0.003186 0.299711 0.000084
0.013675 0.264862 0.266177 0.151959 0.003190 0.300054 0.000084
0.013706 0.264569 0.266430 0.151533 0.003217 0.300465 0.000081
0.013696 0.262392 0.266340 0.151953 0.003195 0.302337 0.000087
0.013720 0.262278 0.265914 0.151703 0.003237 0.303066 0.000083
0.013755 0.261037 0.265454 0.151646 0.003257 0.304768 0.000083
0.013804 0.260845 0.265736 0.151502 0.003269 0.304751 0.000093
0.013878 0.259390 0.265734 0.151529 0.003265 0.306116 0.000088
0.013830 0.258174 0.265524 0.151379 0.003311 0.307692 0.000089
0.013751 0.258082 0.265764 0.151422 0.003274 0.307622 0.000085
0.013822 0.256470 0.265595 0.151121 0.003334 0.309581 0.000078
0.013866 0.255971 0.265464 0.151230 0.003303 0.310081 0.000085
0.013988 0.254639 0.265310 0.151379 0.003357 0.311234 0.000094
0.013825 0.253196 0.265068 0.151280 0.003340 0.313202 0.000090
0.014077 0.253845 0.265238 0.150871 0.003330 0.312555 0.000083
0.014023 0.252098 0.265007 0.150994 0.003397 0.314395 0.000086
0.013947 0.251268 0.264659 0.151244 0.003359 0.315444 0.000079
0.014048 0.251128 0.264917 0.150446 0.003358 0.316026 0.000076
0.014110 0.249686 0.264281 0.151085 0.003382 0.317373 0.000083
0.014140 0.248286 0.264517 0.150764 0.003358 0.318852 0.000083
0.014100 0.247307 0.264105 0.150649 0.003392 0.320356 0.000090
0.014124 0.246648 0.264041 0.150565 0.003393 0.321151 0.000078
0.014010 0.245806 0.263901 0.150789 0.003455 0.321943 0.000096
0.014097 0.246677 0.263775 0.150449 0.003401 0.321510 0.000091
0.013993 0.246203 0.263448 0.150368 0.003401 0.322495 0.000093
0.014110 0.244045 0.263499 0.150664 0.003426 0.324166 0.000091
0.014184 0.243559 0.263437 0.149818 0.003472 0.325441 0.000089
0.014319 0.242193 0.263330 0.150061 0.003474 0.326535 0.000087
0.014289 0.240668 0.263132 0.150370 0.003477 0.327967 0.000097
0.014224 0.240102 0.262865 0.150157 0.003498 0.329061 0.000093
0.014297 0.240558 0.262623 0.149661 0.003489 0.329274 0.000099
0.014384 0.238292 0.262706 0.149754 0.003491 0.331276 0.000098
0.014269 0.238185 0.262386 0.149663 0.003500 0.331901 0.000096
0.014145 0.237561 0.262352 0.149290 0.003523 0.333035 0.000094
0.014304 0.236557 0.262403 0.149367 0.003515 0.333756 0.000096
0.014413 0.235934 0.261759 0.149527 0.003528 0.334736 0.000102
0.014388 0.235157 0.262363 0.149471 0.003566 0.334964 0.000091
0.014316 0.233973 0.261633 0.149214 0.003595 0.337172 0.000096
0.014493 0.233162 0.261368 0.148810 0.003607 0.338467 0.000094
0.014563 0.231457 0.261522 0.148802 0.003586 0.339973 0.000096
0.014663 0.232598 0.260956 0.149214 0.003603 0.338870 0.000095
0.015009 0.231531 0.260987 0.148657 0.003654 0.340063 0.000099
0.014672 0.230225 0.260692 0.148686 0.003579 0.342052 0.000094
0.014625 0.230497 0.260564 0.148882 0.003605 0.341726 0.000100
0.014767 0.228095 0.260325 0.148368 0.003608 0.344729 0.000107
0.014674 0.228936 0.260343 0.148430 0.003640 0.343876 0.000100
0.014686 0.227338 0.259828 0.148610 0.003608 0.345829 0.000101
0.014636 0.226893 0.260102 0.148059 0.003666 0.346546 0.000099
0.014744 0.226460 0.259568 0.148363 0.003639 0.347125 0.000101
0.014740 0.225395 0.259779 0.148048 0.003679 0.348249 0.000109
0.014735 0.223641 0.259184 0.148096 0.003614 0.350624 0.000106
0.015041 0.223115 0.259207 0.147822 0.003658 0.351052 0.000104
0.014840 0.223818 0.259086 0.147886 0.003641 0.350623 0.000106
0.014854 0.221943 0.259092 0.147465 0.003752 0.352783 0.000111
0.014825 0.220694 0.258718 0.147615 0.003674 0.354362 0.000112
0.015133 0.220726 0.258114 0.147522 0.003731 0.354662 0.000112
0.015138 0.220084 0.258615 0.147375 0.003736 0.354933 0.000118
0.015060 0.219891 0.258296 0.147275 0.003706 0.355660 0.000113
0.015227 0.218968 0.257751 0.147188 0.003743 0.357016 0.000107
0.015175 0.218189 0.257702 0.146854 0.003737 0.358235 0.000108
0.015111 0.217742 0.257750 0.147111 0.003792 0.358372 0.000121
0.014955 0.217199 0.257606 0.146644 0.003745 0.359736 0.000116
0.015311 0.216017 0.257463 0.146801 0.003735 0.360553 0.000121
0.015187 0.215545 0.257305 0.146568 0.003775 0.361512 0.000108
0.015296 0.215580 0.256614 0.146945 0.003751 0.361700 0.000113
0.015178 0.214501 0.256603 0.146441 0.003805 0.363362 0.000109
0.015324 0.213330 0.256301 0.146348 0.003809 0.364777 0.000111
0.015415 0.212322 0.256121 0.146564 0.003842 0.365622 0.000114
0.015576 0.212069 0.256233 0.146035 0.003824 0.366153 0.000110
0.015448 0.211694 0.255986 0.146193 0.003824 0.366734 0.000121
0.015753 0.210121 0.255544 0.146004 0.003841 0.368612 0.000123
0.015454 0.210483 0.255747 0.145857 0.003894 0.368448 0.000116
0.015405 0.209055 0.255102 0.145799 0.003856 0.370667 0.000116
0.015403 0.208715 0.255035 0.145883 0.003847 0.370994 0.000124
0.015679 0.208216 0.254587 0.145396 0.003875 0.372128 0.000120
0.015663 0.207381 0.254461 0.145143 0.003905 0.373328 0.000120
0.015639 0.206274 0.253869 0.144979 0.003923 0.375192 0.000124
0.015515 0.206145 0.254156 0.145088 0.003946 0.375029 0.000121
0.015515 0.205519 0.253621 0.144940 0.003928 0.376361 0.000116
0.015591 0.204585 0.253624 0.144918 0.003969 0.377200 0.000114
0.015810 0.203267 0.253342 0.144348 0.003967 0.379148 0.000119
0.015658 0.203275 0.253362 0.144353 0.003961 0.379271 0.000121
0.015815 0.202770 0.252798 0.144291 0.003987 0.380215 0.000122
0.015847 0.202716 0.252718 0.144369 0.003929 0.380302 0.000119
0.015692 0.201017 0.252720 0.144245 0.003930 0.382269 0.000128
0.015953 0.200917 0.252564 0.143848 0.003968 0.382619 0.000131
0.016138 0.199610 0.252146 0.143625 0.003974 0.384380 0.000127
0.015818 0.199724 0.251838 0.143607 0.004023 0.384867 0.000122
0.016046 0.199472 0.251919 0.143390 0.003985 0.385071 0.000116
0.016112 0.198434 0.251588 0.143134 0.004012 0.386578 0.000140
0.016068 0.198094 0.251543 0.143310 0.004037 0.386816 0.000132
0.016078 0.197962 0.251194 0.143219 0.004006 0.387408 0.000134
0.016325 0.196871 0.250989 0.143061 0.004072 0.388543 0.000141
0.016025 0.195302 0.250509 0.142845 0.004012 0.391169 0.000140
0.016155 0.195518 0.250608 0.142885 0.004025 0.390673 0.000136
0.016021 0.194566 0.250245 0.142736 0.004093 0.392197 0.000143
0.016355 0.194893 0.249806 0.142624 0.004069 0.392122 0.000131
0.016137 0.194531 0.249691 0.142554 0.004086 0.392867 0.000134
0.016158 0.192933 0.249483 0.142125 0.004105 0.395052 0.000143
0.016347 0.193074 0.249047 0.142357 0.004053 0.394980 0.000142
0.016393 0.192593 0.249178 0.142419 0.004055 0.395231 0.000132
0.016286 0.190918 0.248907 0.141729 0.004167 0.397864 0.000129
0.016260 0.190837 0.248473 0.141810 0.004115 0.398362 0.000143
0.016249 0.190369 0.248087 0.141873 0.004113 0.399174 0.000135
0.016332 0.189359 0.248126 0.141523 0.004090 0.400433 0.000137
0.016396 0.188781 0.247801 0.140979 0.004179 0.401721 0.000141
0.016437 0.188882 0.247469 0.141406 0.004181 0.401489 0.000135
0.016760 0.187912 0.247009 0.141131 0.004167 0.402882 0.000139
0.016676 0.187561 0.246960 0.140934 0.004129 0.403593 0.000146
0.016716 0.186454 0.246840 0.140721 0.004185 0.404930 0.000154
0.016603 0.186897 0.246146 0.140887 0.004187 0.405135 0.000144
0.016574 0.184892 0.246539 0.140589 0.004232 0.407025 0.000150
0.016679 0.183770 0.245965 0.140164 0.004258 0.409010 0.000153
0.016909 0.184129 0.245492 0.140386 0.004252 0.408683 0.000149
0.016729 0.183683 0.245352 0.140181 0.004254 0.409653 0.000148
0.016794 0.184187 0.245364 0.139690 0.004251 0.409569 0.000146
0.016768 0.183231 0.245334 0.140267 0.004205 0.410042 0.000153
0.016981 0.182627 0.244479 0.139636 0.004245 0.411870 0.000162
0.016826 0.181878 0.244488 0.139344 0.004255 0.413054 0.000154
0.017042 0.182122 0.244353 0.139599 0.004206 0.412533 0.000146
0.016880 0.180635 0.244073 0.139162 0.004256 0.414838 0.000156
0.017154 0.180414 0.243541 0.139091 0.004274 0.415365 0.000160
0.016988 0.180770 0.243462 0.139236 0.004265 0.415111 0.000169
0.016956 0.179329 0.243645 0.138934 0.004280 0.416699 0.000157
0.017031 0.178229 0.242722 0.138869 0.004300 0.418696 0.000153
0.017081 0.178652 0.243174 0.138444 0.004328 0.418161 0.000161
0.016993 0.177426 0.242639 0.138446 0.004303 0.420035 0.000157
0.017197 0.177341 0.242307 0.138067 0.004276 0.420656 0.000156
0.017325 0.176558 0.242019 0.137834 0.004292 0.421800 0.000172
0.017388 0.175890 0.241663 0.138031 0.004309 0.422548 0.000171
0.017403 0.175267 0.241567 0.137503 0.004328 0.423767 0.000165
0.017594 0.174709 0.240957 0.137782 0.004349 0.424441 0.000169
0.017316 0.174915 0.241670 0.137407 0.004368 0.424156 0.000167
0.017483 0.174362 0.240533 0.137281 0.004394 0.425772 0.000175
0.017496 0.173735 0.240546 0.137179 0.004421 0.426455 0.000168
0.017438 0.173183 0.240300 0.137117 0.004309 0.427485 0.000168
0.017520 0.173192 0.240060 0.136885 0.004373 0.427792 0.000179
0.017663 0.171553 0.239650 0.136712 0.004373 0.429879 0.000170
0.017450 0.171859 0.239848 0.136589 0.004393 0.429690 0.000172
0.017858 0.170782 0.239311 0.136845 0.004397 0.430629 0.000178
0.017611 0.171710 0.239226 0.136544 0.004330 0.430413 0.000167
0.017541 0.169940 0.238990 0.136513 0.004381 0.432464 0.000171
0.017906 0.169383 0.238766 0.135997 0.004419 0.433349 0.000180
0.017856 0.168489 0.237952 0.135670 0.004419 0.435431 0.000183
0.017888 0.168671 0.238094 0.135523 0.004377 0.435271 0.000176
0.017720 0.168480 0.237865 0.135708 0.004390 0.435646 0.000191
0.017943 0.167922 0.237602 0.135445 0.004394 0.436517 0.000178
0.018056 0.167591 0.237400 0.135560 0.004416 0.436792 0.000184
0.018004 0.166830 0.236916 0.135078 0.004433 0.438558 0.000181
0.018070 0.166341 0.236676 0.135148 0.004384 0.439202 0.000179
0.018280 0.165072 0.236277 0.134846 0.004487 0.440860 0.000178
0.018312 0.165005 0.235670 0.134535 0.004492 0.441808 0.000179
0.018249 0.165520 0.235848 0.134702 0.004440 0.441062 0.000179
0.018258 0.164417 0.234964 0.134354 0.004477 0.443345 0.000184
0.018298 0.163823 0.234882 0.134161 0.004455 0.444208 0.000173
0.018422 0.162959 0.234818 0.133940 0.004481 0.445191 0.000190
0.018418 0.163109 0.234488 0.134018 0.004441 0.445338 0.000189
0.018570 0.162921 0.234829 0.133888 0.004430 0.445168 0.000193
0.018284 0.162096 0.234142 0.134107 0.004503 0.446676 0.000192
0.018308 0.161798 0.233737 0.133567 0.004443 0.447965 0.000183
0.018621 0.161306 0.233652 0.133295 0.004454 0.448476 0.000196
0.018602 0.161271 0.233692 0.132921 0.004496 0.448828 0.000190
0.018764 0.160326 0.232735 0.132850 0.004452 0.450686 0.000186
0.018770 0.160469 0.232718 0.132845 0.004436 0.450572 0.000190
0.018721 0.159842 0.232669 0.132601 0.004475 0.451495 0.000197
0.018608 0.159344 0.232741 0.132596 0.004435 0.452077 0.000201
0.018853 0.159438 0.232058 0.132446 0.004500 0.452517 0.000189
0.018788 0.158893 0.232056 0.132283 0.004483 0.453297 0.000201
0.018830 0.157845 0.231437 0.132101 0.004505 0.455086 0.000194
0.018967 0.157584 0.230945 0.131961 0.004496 0.455853 0.000194
0.019214 0.156728 0.230846 0.131769 0.004520 0.456724 0.000200
0.019018 0.156652 0.230478 0.131612 0.004468 0.457582 0.000190
0.019106 0.156358 0.230453 0.131436 0.004495 0.457953 0.000200
0.019069 0.155582 0.229998 0.131581 0.004485 0.459070 0.000216
0.019188 0.155067 0.229519 0.131051 0.004514 0.460466 0.000194
0.019353 0.154701 0.229814 0.130764 0.004535 0.460641 0.000191
0.019476 0.154185 0.229843 0.130944 0.004519 0.460837 0.000195
0.019321 0.153437 0.228833 0.130908 0.004542 0.462761 0.000198
0.019320 0.153834 0.228518 0.130547 0.004594 0.462984 0.000203
0.019107 0.153165 0.228773 0.130386 0.004587 0.463776 0.000206
0.019258 0.152872 0.228578 0.130177 0.004582 0.464355 0.000179
0.019443 0.152549 0.228339 0.129903 0.004540 0.465023 0.000203
0.019256 0.151737 0.228083 0.129819 0.004574 0.466319 0.000211
0.019710 0.151184 0.227305 0.129599 0.004622 0.467372 0.000209
0.019612 0.151454 0.227170 0.129574 0.004529 0.467459 0.000204
0.019617 0.151052 0.226652 0.129453 0.004624 0.468394 0.000209
0.019753 0.150046 0.226705 0.129228 0.004625 0.469432 0.000211
0.019806 0.150121 0.226513 0.128918 0.004589 0.469834 0.000218
0.019685 0.149794 0.226326 0.129098 0.004592 0.470295 0.000210
0.019940 0.149279 0.225921 0.128822 0.004596 0.471226 0.000216
0.020072 0.148386 0.225336 0.128522 0.004640 0.472839 0.000206
0.019980 0.148542 0.225684 0.128659 0.004560 0.472364 0.000211
0.019842 0.147964 0.225110 0.128734 0.004656 0.473482 0.000211
0.019773 0.147697 0.224674 0.128544 0.004608 0.474506 0.000197
0.019939 0.147201 0.224852 0.127963 0.004587 0.475242 0.000217
0.019920 0.147324 0.224536 0.127858 0.004646 0.475498 0.000218
0.020208 0.146961 0.223936 0.127563 0.004692 0.476410 0.000230
0.020100 0.146307 0.223799 0.127605 0.004592 0.477383 0.000214
0.020126 0.145767 0.223248 0.127214 0.004641 0.478782 0.000223
0.020027 0.145625 0.223182 0.127290 0.004652 0.478988 0.000235
0.020033 0.144833 0.222597 0.126956 0.004609 0.480754 0.000219
0.020228 0.145269 0.222785 0.126949 0.004666 0.479890 0.000214
0.020382 0.144294 0.222070 0.126520 0.004671 0.481839 0.000223
0.020511 0.144033 0.222477 0.126131 0.004657 0.481974 0.000218
0.020737 0.143314 0.221946 0.126309 0.004665 0.482804 0.000224
0.020718 0.142939 0.221308 0.126067 0.004700 0.484048 0.000220
0.020385 0.143592 0.221661 0.126436 0.004642 0.483053 0.000231
0.020604 0.142448 0.220788 0.126081 0.004727 0.485123 0.000229
0.020494 0.142184 0.220925 0.125666 0.004707 0.485793 0.000232
0.020563 0.142029 0.220761 0.125642 0.004672 0.486101 0.000233
0.021106 0.141291 0.219679 0.125051 0.004695 0.487933 0.000244
0.020868 0.140868 0.220085 0.125001 0.004759 0.488190 0.000230
0.020948 0.140217 0.219521 0.124961 0.004684 0.489444 0.000225
0.020752 0.140233 0.219422 0.125189 0.004660 0.489491 0.000253
0.020933 0.140244 0.219110 0.124708 0.004730 0.490033 0.000242
