0.999115 0.000855 0.000021 0.000009 0.000000 0.000000 0.000000
0.998679 0.001274 0.000029 0.000005 0.000002 0.000010 0.000000
0.998234 0.001709 0.000037 0.000008 0.000000 0.000011 0.000001
0.997781 0.002153 0.000042 0.000010 0.000000 0.000012 0.000001
0.997307 0.002608 0.000059 0.000014 0.000000 0.000012 0.000001
0.996823 0.003085 0.000061 0.000018 0.000000 0.000012 0.000001
0.996368 0.003529 0.000066 0.000024 0.000000 0.000011 0.000001
0.995724 0.004165 0.000070 0.000029 0.000000 0.000010 0.000001
0.995085 0.004789 0.000079 0.000036 0.000000 0.000010 0.000001
0.994154 0.005715 0.000086 0.000035 0.000000 0.000009 0.000001
0.993304 0.006545 0.000096 0.000046 0.000000 0.000009 0.000001
0.992057 0.007783 0.000102 0.000050 0.000000 0.000008 0.000001
0.990394 0.009419 0.000111 0.000068 0.000000 0.000007 0.000001
0.988351 0.011440 0.000128 0.000073 0.000000 0.000008 0.000000
0.986151 0.013599 0.000142 0.000101 0.000000 0.000007 0.000000
0.984120 0.015579 0.000171 0.000122 0.000000 0.000009 0.000000
0.981410 0.018255 0.000191 0.000138 0.000000 0.000006 0.000000
0.977668 0.021939 0.000214 0.000172 0.000000 0.000006 0.000000
0.973326 0.026209 0.000249 0.000208 0.000000 0.000008 0.000000
0.967593 0.031801 0.000320 0.000278 0.000000 0.000007 0.000000
0.962929 0.036320 0.000426 0.000317 0.000000 0.000008 0.000000
0.957299 0.041765 0.000532 0.000393 0.000000 0.000010 0.000000
0.950525 0.048324 0.000695 0.000438 0.000000 0.000019 0.000000
0.942827 0.055834 0.000825 0.000494 0.000000 0.000020 0.000000
0.933747 0.064712 0.000931 0.000588 0.000000 0.000022 0.000000
0.923806 0.074421 0.001084 0.000663 0.000000 0.000026 0.000000
0.912281 0.085671 0.001257 0.000759 0.000000 0.000032 0.000000
0.902917 0.094748 0.001431 0.000868 0.000000 0.000037 0.000000
0.891623 0.105700 0.001621 0.001010 0.000000 0.000045 0.000000
0.879209 0.117731 0.001851 0.001157 0.000000 0.000051 0.000000
0.864027 0.132449 0.002138 0.001326 0.000000 0.000059 0.000000
0.851683 0.144411 0.002383 0.001463 0.000000 0.000061 0.000000
0.838935 0.156757 0.002615 0.001613 0.000000 0.000079 0.000000
0.821729 0.173355 0.002989 0.001826 0.000000 0.000101 0.000000
0.807839 0.186671 0.003333 0.002045 0.000000 0.000111 0.000000
0.793791 0.200172 0.003735 0.002187 0.000000 0.000115 0.000000
0.777150 0.216155 0.004135 0.002429 0.000000 0.000131 0.000000
0.760868 0.231816 0.004540 0.002627 0.000000 0.000149 0.000000
0.746871 0.245174 0.004925 0.002863 0.000000 0.000167 0.000000
0.732168 0.259243 0.005311 0.003083 0.000000 0.000195 0.000000
0.716516 0.274060 0.005838 0.003375 0.000000 0.000212 0.000000
0.700611 0.289152 0.006341 0.003672 0.000000 0.000224 0.000000
0.685897 0.303091 0.006838 0.003930 0.000000 0.000244 0.000000
0.670771 0.317341 0.007395 0.004217 0.000000 0.000276 0.000000
0.657068 0.330258 0.007875 0.004501 0.000000 0.000298 0.000000
0.642251 0.344117 0.008442 0.004851 0.000000 0.000339 0.000000
0.627827 0.357559 0.009082 0.005159 0.000000 0.000374 0.000000
0.613813 0.370616 0.009676 0.005497 0.000000 0.000398 0.000000
0.597968 0.385368 0.010323 0.005903 0.000000 0.000438 0.000000
0.587142 0.395281 0.010867 0.006239 0.000000 0.000470 0.000000
0.574142 0.407187 0.011548 0.006622 0.000002 0.000499 0.000000
0.557957 0.422266 0.012203 0.007034 0.000003 0.000537 0.000000
0.546752 0.432371 0.012899 0.007394 0.000004 0.000579 0.000000
0.536058 0.441956 0.013564 0.007797 0.000004 0.000621 0.000000
0.521083 0.455380 0.014489 0.008364 0.000004 0.000680 0.000000
0.512664 0.462878 0.015033 0.008699 0.000005 0.000721 0.000000
0.499787 0.474361 0.015889 0.009183 0.000004 0.000776 0.000000
0.489318 0.483696 0.016557 0.009606 0.000005 0.000818 0.000000
0.478183 0.493485 0.017383 0.010058 0.000007 0.000883 0.000000
0.467665 0.502673 0.018231 0.010481 0.000008 0.000943 0.000000
0.460275 0.509047 0.018814 0.010855 0.000010 0.000999 0.000000
0.449842 0.518167 0.019643 0.011272 0.000011 0.001065 0.000000
0.438292 0.528128 0.020622 0.011826 0.000012 0.001120 0.000000
0.425655 0.539107 0.021665 0.012382 0.000013 0.001178 0.000000
0.420515 0.543042 0.022351 0.012841 0.000013 0.001238 0.000000
0.410281 0.551607 0.023329 0.013426 0.000015 0.001341 0.000000
0.401219 0.559128 0.024298 0.013899 0.000017 0.001439 0.000000
0.395871 0.563306 0.025054 0.014250 0.000018 0.001500 0.000000
0.387839 0.569766 0.025953 0.014835 0.000020 0.001587 0.000000
0.374511 0.580914 0.027249 0.015575 0.000023 0.001729 0.000000
0.370319 0.583782 0.028003 0.016078 0.000021 0.001796 0.000000
0.361854 0.590379 0.029124 0.016718 0.000021 0.001904 0.000000
0.354286 0.596126 0.030144 0.017391 0.000022 0.002030 0.000000
0.349952 0.599414 0.030802 0.017694 0.000024 0.002114 0.000000
0.341671 0.605524 0.032143 0.018384 0.000023 0.002255 0.000000
0.338320 0.607743 0.032735 0.018832 0.000025 0.002345 0.000000
0.327962 0.615604 0.034195 0.019736 0.000026 0.002478 0.000000
0.320290 0.621221 0.035368 0.020470 0.000025 0.002626 0.000000
0.314308 0.625676 0.036268 0.020963 0.000029 0.002756 0.000000
0.305165 0.632712 0.037511 0.021672 0.000031 0.002909 0.000000
0.303286 0.632871 0.038554 0.022205 0.000032 0.003052 0.000000
0.293719 0.639936 0.040014 0.023032 0.000036 0.003263 0.000000
0.294412 0.638901 0.040219 0.023144 0.000036 0.003288 0.000000
0.290864 0.640141 0.041566 0.023887 0.000039 0.003503 0.000000
0.280270 0.648365 0.042916 0.024734 0.000041 0.003674 0.000000
0.274730 0.651896 0.044054 0.025427 0.000046 0.003847 0.000000
0.267475 0.656615 0.045582 0.026216 0.000046 0.004065 0.000000
0.265048 0.657477 0.046389 0.026788 0.000052 0.004246 0.000000
0.258176 0.661892 0.047889 0.027540 0.000050 0.004452 0.000000
0.253918 0.664107 0.049101 0.028213 0.000055 0.004606 0.000000
0.251399 0.665084 0.049932 0.028761 0.000053 0.004770 0.000000
0.243086 0.670662 0.051530 0.029661 0.000058 0.005003 0.000000
0.238540 0.672680 0.052993 0.030513 0.000059 0.005214 0.000000
0.231848 0.676569 0.054642 0.031417 0.000065 0.005458 0.000000
0.223495 0.682085 0.056271 0.032353 0.000069 0.005727 0.000000
0.224639 0.679634 0.056987 0.032752 0.000073 0.005916 0.000000
0.218888 0.682740 0.058485 0.033602 0.000076 0.006210 0.000000
0.217725 0.681855 0.059677 0.034273 0.000079 0.006390 0.000000
0.216716 0.681223 0.060566 0.034766 0.000079 0.006650 0.000000
0.214824 0.681757 0.061261 0.035237 0.000083 0.006836 0.000001
0.206907 0.685831 0.063541 0.036453 0.000084 0.007183 0.000001
0.202694 0.687752 0.064769 0.037218 0.000083 0.007483 0.000001
0.204148 0.684878 0.065463 0.037705 0.000088 0.007717 0.000001
0.197513 0.688669 0.067181 0.038531 0.000096 0.008011 0.000001
0.191484 0.691709 0.068788 0.039586 0.000100 0.008334 0.000000
0.188204 0.692330 0.070318 0.040358 0.000105 0.008685 0.000001
0.185197 0.693017 0.071608 0.041165 0.000104 0.008907 0.000001
0.179212 0.695772 0.073321 0.042265 0.000108 0.009320 0.000001
0.176467 0.695237 0.075174 0.043255 0.000120 0.009746 0.000001
0.174713 0.695490 0.076048 0.043666 0.000119 0.009962 0.000001
0.175523 0.692655 0.077109 0.044289 0.000129 0.010294 0.000001
0.168542 0.695676 0.079230 0.045660 0.000133 0.010758 0.000001
0.165734 0.696669 0.080332 0.046146 0.000138 0.010980 0.000001
0.168014 0.692465 0.081343 0.046765 0.000138 0.011275 0.000000
0.166039 0.692510 0.082336 0.047390 0.000137 0.011587 0.000001
0.162715 0.692661 0.084119 0.048319 0.000149 0.012037 0.000001
0.163649 0.689307 0.085521 0.048940 0.000154 0.012428 0.000001
0.161075 0.691167 0.085834 0.049269 0.000144 0.012510 0.000001
0.155358 0.693068 0.087854 0.050467 0.000160 0.013093 0.000000
0.148385 0.695498 0.090407 0.051904 0.000170 0.013636 0.000001
0.152224 0.690992 0.090657 0.052012 0.000174 0.013939 0.000001
0.151165 0.690176 0.091641 0.052651 0.000171 0.014195 0.000001
0.148361 0.691328 0.092622 0.053022 0.000168 0.014498 0.000000
0.143658 0.691780 0.094765 0.054438 0.000182 0.015176 0.000001
0.138546 0.693984 0.096226 0.055430 0.000182 0.015632 0.000001
0.135074 0.694952 0.097540 0.056211 0.000188 0.016035 0.000001
0.131987 0.694226 0.099700 0.057285 0.000200 0.016601 0.000001
0.125617 0.697142 0.101609 0.058340 0.000204 0.017088 0.000001
0.123344 0.697541 0.102577 0.058894 0.000206 0.017437 0.000001
0.116356 0.699417 0.105256 0.060436 0.000213 0.018321 0.000001
0.114048 0.698500 0.106982 0.061457 0.000219 0.018793 0.000001
0.108359 0.701650 0.108279 0.062257 0.000243 0.019210 0.000001
0.104569 0.701468 0.110572 0.063296 0.000231 0.019863 0.000001
0.105820 0.698419 0.111455 0.063893 0.000239 0.020173 0.000001
0.100788 0.699392 0.113491 0.065170 0.000249 0.020909 0.000001
0.100086 0.698699 0.114138 0.065626 0.000243 0.021207 0.000001
0.096460 0.698097 0.116429 0.066889 0.000251 0.021874 0.000001
0.092413 0.698338 0.118358 0.068008 0.000258 0.022624 0.000001
0.095523 0.693763 0.118976 0.068378 0.000268 0.023092 0.000001
0.087643 0.696283 0.121898 0.070073 0.000276 0.023826 0.000001
0.089026 0.693465 0.122459 0.070449 0.000282 0.024318 0.000001
0.086069 0.692150 0.124789 0.071597 0.000291 0.025104 0.000001
0.079356 0.694802 0.126835 0.072844 0.000305 0.025857 0.000001
0.078972 0.693043 0.127936 0.073565 0.000304 0.026180 0.000001
0.072544 0.693808 0.130938 0.075155 0.000318 0.027236 0.000000
0.075484 0.692216 0.130010 0.074647 0.000313 0.027330 0.000001
0.070597 0.690816 0.133380 0.076517 0.000316 0.028373 0.000001
0.066951 0.690933 0.135004 0.077660 0.000338 0.029113 0.000001
0.065859 0.688697 0.136702 0.078610 0.000346 0.029783 0.000001
0.064257 0.688588 0.137622 0.078998 0.000355 0.030178 0.000001
0.061410 0.687343 0.139735 0.080153 0.000377 0.030980 0.000002
0.060921 0.686225 0.140219 0.080769 0.000365 0.031500 0.000001
0.056734 0.686132 0.142418 0.082009 0.000374 0.032330 0.000003
0.056113 0.683494 0.144141 0.082795 0.000384 0.033072 0.000002
0.056058 0.682289 0.144651 0.083200 0.000394 0.033406 0.000002
0.049964 0.681274 0.148204 0.085261 0.000396 0.034898 0.000003
0.047966 0.680749 0.149466 0.085971 0.000422 0.035424 0.000003
0.046158 0.678308 0.151591 0.087312 0.000423 0.036207 0.000002
0.044587 0.675488 0.153604 0.088503 0.000457 0.037359 0.000002
0.044004 0.675115 0.154005 0.088750 0.000458 0.037665 0.000003
0.045802 0.670967 0.155126 0.089248 0.000457 0.038398 0.000003
0.047617 0.666514 0.156342 0.089845 0.000474 0.039203 0.000003
0.046155 0.665320 0.157693 0.090597 0.000469 0.039762 0.000003
0.043646 0.665609 0.158640 0.091175 0.000480 0.040448 0.000003
0.045443 0.660527 0.160031 0.092223 0.000499 0.041274 0.000003
0.044884 0.658114 0.161544 0.092961 0.000502 0.041993 0.000003
0.044640 0.655953 0.162483 0.093564 0.000520 0.042838 0.000003
0.046334 0.653965 0.162457 0.093609 0.000528 0.043102 0.000004
0.041491 0.653718 0.164959 0.095040 0.000528 0.044260 0.000005
0.043674 0.650018 0.165711 0.095153 0.000529 0.044912 0.000004
0.044398 0.645114 0.167505 0.096510 0.000538 0.045928 0.000006
0.040845 0.647217 0.168403 0.096694 0.000561 0.046274 0.000006
0.039927 0.646293 0.169124 0.097212 0.000565 0.046875 0.000004
0.038783 0.643068 0.171160 0.098398 0.000577 0.048010 0.000005
0.036279 0.641682 0.172954 0.099554 0.000581 0.048945 0.000006
0.036779 0.639420 0.173869 0.099825 0.000592 0.049509 0.000007
0.038671 0.638056 0.173499 0.099647 0.000589 0.049533 0.000006
0.036172 0.636983 0.175159 0.100436 0.000585 0.050659 0.000005
0.032439 0.633124 0.178549 0.102617 0.000614 0.052651 0.000006
0.031540 0.633256 0.178787 0.102888 0.000628 0.052896 0.000005
0.031318 0.630697 0.179855 0.103621 0.000642 0.053862 0.000006
0.029920 0.629159 0.181349 0.104362 0.000648 0.054557 0.000005
0.030461 0.627367 0.181863 0.104497 0.000674 0.055131 0.000006
0.029890 0.626523 0.182544 0.104759 0.000674 0.055603 0.000006
0.027296 0.622157 0.185766 0.106559 0.000701 0.057515 0.000006
0.027329 0.620571 0.186350 0.106812 0.000720 0.058211 0.000008
0.027708 0.619082 0.186745 0.107134 0.000695 0.058629 0.000008
0.026408 0.617041 0.188212 0.108039 0.000705 0.059588 0.000006
0.026732 0.613485 0.189598 0.108739 0.000725 0.060713 0.000008
0.025495 0.612459 0.190462 0.109383 0.000723 0.061473 0.000005
0.025134 0.610937 0.191173 0.109947 0.000727 0.062076 0.000006
0.024534 0.608957 0.192197 0.110606 0.000733 0.062968 0.000006
0.023328 0.606376 0.194151 0.111393 0.000748 0.063994 0.000008
0.023765 0.603707 0.194691 0.111829 0.000766 0.065235 0.000007
0.022335 0.602699 0.195899 0.112542 0.000771 0.065744 0.000008
0.022640 0.599043 0.197206 0.113284 0.000773 0.067046 0.000008
0.021962 0.598269 0.198024 0.113649 0.000782 0.067303 0.000010
0.021663 0.595827 0.199170 0.114220 0.000818 0.068296 0.000007
0.024645 0.591458 0.199389 0.114565 0.000808 0.069127 0.000009
0.029655 0.585811 0.199414 0.114504 0.000799 0.069809 0.000009
0.027038 0.586835 0.200032 0.115031 0.000814 0.070243 0.000008
0.024976 0.584822 0.201639 0.115982 0.000833 0.071739 0.000008
0.028336 0.578270 0.202911 0.116656 0.000854 0.072963 0.000010
0.030464 0.577985 0.202040 0.116028 0.000845 0.072631 0.000009
0.028412 0.576559 0.203577 0.116657 0.000851 0.073935 0.000010
0.030379 0.575748 0.202689 0.116634 0.000856 0.073690 0.000006
0.029876 0.571371 0.204747 0.117565 0.000868 0.075563 0.000010
0.028417 0.570916 0.205738 0.117732 0.000890 0.076296 0.000010
0.028683 0.569240 0.205769 0.118387 0.000878 0.077033 0.000011
0.031617 0.565664 0.205939 0.118185 0.000898 0.077685 0.000012
0.029841 0.564409 0.207387 0.118862 0.000920 0.078570 0.000011
0.027917 0.563419 0.208702 0.119452 0.000926 0.079574 0.000011
0.028629 0.561024 0.209069 0.119792 0.000936 0.080539 0.000010
0.027632 0.561110 0.209139 0.120086 0.000939 0.081083 0.000011
0.026232 0.559201 0.210517 0.120949 0.000956 0.082137 0.000009
0.028908 0.556033 0.210627 0.120730 0.000969 0.082719 0.000014
0.025840 0.554299 0.212661 0.121877 0.000989 0.084323 0.000010
0.024313 0.554021 0.213281 0.122324 0.000993 0.085057 0.000010
0.023946 0.552361 0.213909 0.122908 0.001001 0.085864 0.000010
0.023317 0.550257 0.215280 0.123294 0.001016 0.086824 0.000012
0.028424 0.545876 0.214556 0.122919 0.001012 0.087203 0.000010
0.031023 0.543031 0.214187 0.122941 0.001003 0.087802 0.000012
0.029379 0.540420 0.216170 0.123834 0.001037 0.089146 0.000015
0.031146 0.538373 0.215808 0.123747 0.001048 0.089868 0.000011
0.032052 0.535146 0.217002 0.124064 0.001056 0.090670 0.000011
0.032898 0.533553 0.216728 0.124099 0.001082 0.091628 0.000012
0.033344 0.532172 0.216859 0.124161 0.001088 0.092365 0.000011
0.029597 0.529684 0.219522 0.125630 0.001135 0.094423 0.000009
0.030324 0.528886 0.219191 0.125614 0.001127 0.094846 0.000012
0.029481 0.527661 0.220101 0.126134 0.001126 0.095484 0.000012
0.029013 0.525461 0.221178 0.126430 0.001119 0.096788 0.000011
0.030499 0.524511 0.220648 0.126106 0.001148 0.097077 0.000011
0.026564 0.523226 0.222932 0.127626 0.001131 0.098510 0.000011
0.026625 0.521141 0.223587 0.127875 0.001156 0.099603 0.000013
0.026493 0.519736 0.224240 0.128036 0.001188 0.100296 0.000012
0.023757 0.519549 0.225362 0.128673 0.001212 0.101433 0.000013
0.023167 0.516268 0.226632 0.129553 0.001198 0.103168 0.000013
0.022501 0.516902 0.226507 0.129661 0.001201 0.103216 0.000011
0.022611 0.514153 0.227438 0.130113 0.001226 0.104444 0.000015
0.021449 0.511932 0.228611 0.130604 0.001239 0.106153 0.000013
0.022715 0.511698 0.228013 0.130232 0.001251 0.106077 0.000015
0.020218 0.508012 0.230461 0.131630 0.001289 0.108376 0.000014
0.021748 0.508075 0.229327 0.131183 0.001264 0.108389 0.000014
0.020307 0.506025 0.230595 0.131964 0.001275 0.109819 0.000015
0.019319 0.505431 0.231453 0.132371 0.001284 0.110130 0.000012
0.017980 0.503982 0.232480 0.132995 0.001338 0.111211 0.000013
0.018885 0.502462 0.232294 0.132969 0.001330 0.112048 0.000013
0.017689 0.498993 0.234006 0.133862 0.001340 0.114099 0.000011
0.017065 0.496866 0.234874 0.134471 0.001328 0.115382 0.000014
0.016893 0.496150 0.235276 0.134452 0.001335 0.115878 0.000016
0.016671 0.493312 0.236105 0.135118 0.001379 0.117401 0.000013
0.016582 0.491589 0.236797 0.135449 0.001390 0.118173 0.000018
0.016089 0.488508 0.238252 0.135992 0.001360 0.119782 0.000016
0.015927 0.488413 0.237896 0.136055 0.001400 0.120294 0.000016
0.015361 0.485325 0.239415 0.136713 0.001408 0.121759 0.000019
0.015767 0.482938 0.239856 0.137010 0.001408 0.123004 0.000017
0.015587 0.483195 0.239760 0.136932 0.001412 0.123100 0.000014
0.015435 0.481428 0.240335 0.137156 0.001435 0.124188 0.000023
0.014938 0.479243 0.241252 0.137612 0.001438 0.125497 0.000020
0.014905 0.476686 0.242010 0.138247 0.001437 0.126699 0.000018
0.014640 0.474973 0.242527 0.138533 0.001472 0.127837 0.000020
0.014519 0.473137 0.243177 0.138765 0.001479 0.128899 0.000024
0.014773 0.471693 0.243026 0.139022 0.001487 0.129975 0.000024
0.014205 0.470066 0.244206 0.139185 0.001485 0.130825 0.000028
0.014810 0.469530 0.243787 0.139186 0.001482 0.131183 0.000023
0.014468 0.466800 0.244428 0.139888 0.001486 0.132905 0.000025
0.014210 0.464911 0.245277 0.140162 0.001513 0.133900 0.000027
0.014211 0.463375 0.245444 0.140389 0.001552 0.135003 0.000027
0.014097 0.461608 0.246113 0.140429 0.001560 0.136168 0.000025
0.013811 0.460158 0.246438 0.140926 0.001576 0.137066 0.000025
0.013682 0.456844 0.247567 0.141290 0.001601 0.138988 0.000028
0.013877 0.455712 0.247989 0.141315 0.001597 0.139482 0.000028
0.013960 0.454751 0.248038 0.141319 0.001593 0.140311 0.000026
0.013716 0.452641 0.248306 0.141912 0.001596 0.141797 0.000031
0.013470 0.451287 0.248765 0.142351 0.001630 0.142469 0.000028
0.013640 0.449917 0.248803 0.142155 0.001641 0.143814 0.000029
0.013628 0.448179 0.249481 0.142520 0.001636 0.144526 0.000031
0.013516 0.446724 0.249610 0.142742 0.001667 0.145709 0.000033
0.013021 0.442855 0.251152 0.143247 0.001696 0.147997 0.000032
0.013309 0.443118 0.250869 0.143290 0.001677 0.147709 0.000030
0.013324 0.441996 0.251129 0.143286 0.001709 0.148528 0.000028
0.013152 0.438993 0.251919 0.143802 0.001706 0.150398 0.000029
0.013195 0.437306 0.252141 0.144098 0.001740 0.151491 0.000030
0.013206 0.436621 0.252473 0.144087 0.001725 0.151859 0.000029
0.013266 0.434566 0.252834 0.143940 0.001747 0.153615 0.000032
0.013206 0.433232 0.253289 0.144396 0.001759 0.154089 0.000029
0.012968 0.432041 0.253627 0.144500 0.001741 0.155094 0.000028
0.013154 0.431144 0.253590 0.144351 0.001770 0.155960 0.000031
0.012971 0.427840 0.254478 0.145135 0.001810 0.157735 0.000031
0.013100 0.428668 0.254088 0.144976 0.001803 0.157331 0.000035
0.013048 0.426567 0.254478 0.145146 0.001789 0.158941 0.000031
0.013014 0.424436 0.255113 0.145499 0.001816 0.160085 0.000037
0.012914 0.422809 0.255655 0.145479 0.001824 0.161285 0.000034
0.012794 0.418831 0.256461 0.146317 0.001844 0.163722 0.000032
0.012802 0.420443 0.255929 0.145819 0.001816 0.163157 0.000035
0.012701 0.416861 0.256943 0.146607 0.001907 0.164950 0.000030
0.012794 0.417055 0.256367 0.146271 0.001888 0.165591 0.000034
0.012542 0.414145 0.257330 0.146744 0.001936 0.167269 0.000035
0.012602 0.413122 0.257117 0.146968 0.001935 0.168222 0.000035
0.012492 0.408679 0.258784 0.147676 0.001929 0.170402 0.000037
0.012590 0.409661 0.258325 0.147350 0.001948 0.170088 0.000038
0.012542 0.408749 0.258522 0.147452 0.001937 0.170763 0.000035
0.012538 0.406483 0.258867 0.147663 0.001985 0.172426 0.000039
0.012578 0.404512 0.259089 0.147848 0.001983 0.173957 0.000033
0.012630 0.403491 0.259306 0.147909 0.001976 0.174649 0.000038
0.012584 0.402648 0.259544 0.148039 0.001995 0.175146 0.000044
0.012450 0.400678 0.260022 0.148180 0.002008 0.176626 0.000036
0.012507 0.400084 0.259716 0.148158 0.002001 0.177499 0.000036
0.012467 0.396706 0.260518 0.148735 0.002027 0.179504 0.000043
0.012525 0.396145 0.260682 0.148731 0.002028 0.179847 0.000041
0.012506 0.394839 0.260585 0.148897 0.002038 0.181091 0.000045
0.012400 0.392520 0.261271 0.149280 0.002062 0.182428 0.000040
0.012469 0.392011 0.261507 0.148936 0.002071 0.182966 0.000040
0.012619 0.389419 0.261767 0.148936 0.002130 0.185085 0.000045
0.012485 0.388784 0.261778 0.149354 0.002094 0.185460 0.000047
0.012502 0.387745 0.261947 0.149506 0.002115 0.186141 0.000043
0.012381 0.387170 0.261958 0.149325 0.002105 0.187016 0.000045
0.012476 0.385235 0.262402 0.149560 0.002142 0.188141 0.000044
0.012451 0.384386 0.262340 0.149812 0.002128 0.188842 0.000040
0.012354 0.381273 0.263004 0.150041 0.002190 0.191099 0.000038
0.012279 0.380011 0.263212 0.150235 0.002171 0.192044 0.000048
0.012390 0.379253 0.263365 0.149984 0.002184 0.192777 0.000046
0.012434 0.377087 0.263617 0.150379 0.002169 0.194269 0.000045
0.012414 0.376048 0.263564 0.150590 0.002238 0.195100 0.000046
0.012344 0.375547 0.263584 0.150456 0.002224 0.195800 0.000045
0.012337 0.372844 0.264501 0.150670 0.002264 0.197337 0.000047
0.012358 0.372766 0.264021 0.150616 0.002242 0.197953 0.000045
0.012376 0.370526 0.264774 0.150861 0.002269 0.199143 0.000050
0.012409 0.369283 0.264355 0.150982 0.002296 0.200628 0.000047
0.012211 0.368177 0.264912 0.151192 0.002286 0.201174 0.000047
0.012266 0.366757 0.265206 0.150969 0.002318 0.202434 0.000049
0.012170 0.365936 0.264963 0.151284 0.002313 0.203284 0.000051
0.012249 0.362926 0.265533 0.151295 0.002297 0.205652 0.000048
0.012255 0.361216 0.265906 0.151389 0.002332 0.206852 0.000050
0.012352 0.361318 0.265524 0.151633 0.002383 0.206743 0.000047
0.012372 0.360759 0.265405 0.151388 0.002333 0.207694 0.000049
0.012320 0.360070 0.265485 0.151337 0.002351 0.208382 0.000054
0.012281 0.357339 0.265882 0.151826 0.002380 0.210238 0.000053
0.012279 0.355864 0.266059 0.151888 0.002391 0.211466 0.000052
0.012280 0.355622 0.266091 0.151579 0.002435 0.211942 0.000051
0.012334 0.354379 0.265957 0.151331 0.002423 0.213531 0.000046
0.012271 0.352453 0.266390 0.151799 0.002454 0.214581 0.000052
0.012406 0.350879 0.266599 0.151927 0.002455 0.215683 0.000050
0.012331 0.349909 0.266686 0.151919 0.002456 0.216646 0.000053
0.012371 0.348884 0.266937 0.151806 0.002458 0.217492 0.000052
0.012226 0.347348 0.266999 0.151899 0.002478 0.218995 0.000055
0.012355 0.345929 0.267271 0.151941 0.002487 0.219965 0.000052
0.012499 0.344763 0.267085 0.152136 0.002481 0.220977 0.000059
0.012357 0.344698 0.267117 0.152108 0.002530 0.221137 0.000052
0.012396 0.343150 0.266950 0.152291 0.002520 0.222643 0.000051
0.012562 0.341655 0.266928 0.152247 0.002523 0.224031 0.000053
0.012425 0.340399 0.267392 0.151916 0.002562 0.225255 0.000052
0.012447 0.338208 0.267308 0.152370 0.002573 0.227033 0.000061
0.012388 0.337328 0.267592 0.152507 0.002565 0.227560 0.000060
0.012669 0.335482 0.267536 0.152590 0.002583 0.229081 0.000059
0.012527 0.335602 0.267304 0.152496 0.002567 0.229444 0.000059
0.012434 0.334540 0.267571 0.152412 0.002635 0.230343 0.000065
0.012407 0.333727 0.267662 0.152658 0.002640 0.230846 0.000060
0.012380 0.331910 0.267511 0.153010 0.002588 0.232543 0.000059
0.012545 0.330126 0.267728 0.152556 0.002656 0.234330 0.000059
0.012571 0.329470 0.267815 0.152704 0.002616 0.234766 0.000056
0.012482 0.328393 0.268128 0.152801 0.002645 0.235490 0.000061
0.012454 0.326536 0.268108 0.152911 0.002673 0.237258 0.000060
0.012486 0.326624 0.268062 0.152611 0.002690 0.237466 0.000062
0.012547 0.324470 0.268353 0.152825 0.002720 0.239021 0.000064
0.012433 0.324158 0.268298 0.152670 0.002688 0.239689 0.000064
0.012696 0.322527 0.268081 0.152985 0.002744 0.240900 0.000067
0.012319 0.321435 0.268383 0.152836 0.002721 0.242240 0.000065
0.012466 0.319444 0.268396 0.152821 0.002767 0.244044 0.000063
0.012534 0.318739 0.268157 0.153028 0.002792 0.244687 0.000064
0.012521 0.317715 0.268263 0.152938 0.002771 0.245727 0.000065
0.012548 0.317044 0.268585 0.152482 0.002800 0.246465 0.000076
0.012764 0.315893 0.268536 0.152617 0.002815 0.247310 0.000066
0.012577 0.315006 0.268291 0.152703 0.002815 0.248539 0.000068
0.012747 0.313101 0.268188 0.152679 0.002838 0.250375 0.000073
0.012713 0.312785 0.268246 0.153014 0.002800 0.250374 0.000067
0.012726 0.311375 0.268061 0.152627 0.002837 0.252310 0.000063
0.012741 0.310395 0.268293 0.152770 0.002888 0.252846 0.000068
0.012536 0.309293 0.268503 0.152551 0.002882 0.254170 0.000066
0.012455 0.307082 0.268758 0.152680 0.002858 0.256091 0.000077
0.012656 0.306639 0.268738 0.152719 0.002865 0.256310 0.000073
0.012679 0.305350 0.268587 0.152753 0.002921 0.257641 0.000068
0.012602 0.304060 0.268746 0.152633 0.002958 0.258926 0.000076
0.012744 0.303529 0.268336 0.152739 0.002890 0.259686 0.000075
0.012586 0.303161 0.268585 0.152730 0.002941 0.259922 0.000076
0.012685 0.300743 0.268652 0.152814 0.002948 0.262085 0.000073
0.012708 0.300038 0.268305 0.152972 0.002967 0.262942 0.000068
0.012670 0.300264 0.268734 0.152266 0.003037 0.262948 0.000081
0.012869 0.298003 0.268024 0.153054 0.002946 0.265031 0.000072
0.012943 0.297050 0.268727 0.152419 0.002986 0.265802 0.000072
0.012726 0.296293 0.268660 0.152494 0.002978 0.266778 0.000071
0.012888 0.294327 0.268535 0.152555 0.003013 0.268606 0.000076
0.012865 0.294255 0.268432 0.152871 0.003001 0.268504 0.000073
0.012849 0.293039 0.268280 0.152732 0.002991 0.270033 0.000076
0.012900 0.291503 0.268445 0.152494 0.003043 0.271535 0.000079
0.012886 0.291317 0.268366 0.152516 0.003049 0.271791 0.000076
0.012924 0.290756 0.267878 0.152481 0.003025 0.272860 0.000078
0.012853 0.289204 0.267826 0.152685 0.003061 0.274292 0.000078
0.012795 0.289492 0.267945 0.152764 0.003051 0.273867 0.000086
0.013087 0.288589 0.267868 0.152737 0.003009 0.274623 0.000086
0.012955 0.285617 0.267621 0.152294 0.003071 0.278356 0.000086
0.013066 0.284934 0.267903 0.152442 0.003081 0.278489 0.000085
0.013097 0.283560 0.267992 0.152421 0.003068 0.279781 0.000082
0.013009 0.282304 0.267829 0.152213 0.003117 0.281445 0.000083
0.013081 0.282298 0.267828 0.152289 0.003144 0.281277 0.000082
0.013258 0.280905 0.267603 0.152064 0.003122 0.282969 0.000079
0.013072 0.280153 0.267455 0.152324 0.003090 0.283827 0.000079
0.013025 0.279226 0.267332 0.152126 0.003117 0.285091 0.000084
0.013103 0.278736 0.267202 0.151886 0.003135 0.285857 0.000081
0.013186 0.277108 0.267061 0.152128 0.003152 0.287279 0.000086
0.013208 0.276487 0.266909 0.152113 0.003181 0.288019 0.000082
0.013251 0.275297 0.267147 0.151987 0.003168 0.289067 0.000082
0.013254 0.274989 0.266837 0.151675 0.003188 0.289975 0.000082
0.013335 0.272639 0.267193 0.151911 0.003166 0.291672 0.000085
0.013143 0.272669 0.267203 0.151580 0.003204 0.292112 0.000089
0.013340 0.271554 0.266910 0.151861 0.003200 0.293048 0.000087
0.013332 0.271100 0.266738 0.151456 0.003227 0.294068 0.000079
0.013275 0.270269 0.266173 0.151505 0.003259 0.295426 0.000092
0.013385 0.268016 0.266295 0.151609 0.003262 0.297343 0.000090
0.013219 0.267944 0.266251 0.151488 0.003262 0.297746 0.000090
0.013520 0.266636 0.266439 0.151409 0.003257 0.298649 0.000090
0.013551 0.265577 0.266068 0.151771 0.003213 0.299735 0.000084
0.013247 0.266001 0.266081 0.151217 0.003261 0.300106 0.000087
0.013576 0.263904 0.266522 0.151130 0.003243 0.301536 0.000090
0.013468 0.263622 0.265883 0.151309 0.003285 0.302340 0.000093
0.013491 0.262603 0.265912 0.151177 0.003301 0.303426 0.000090
0.013360 0.261462 0.265500 0.151481 0.003230 0.304879 0.000088
0.013501 0.260522 0.266031 0.151044 0.003318 0.305492 0.000093
0.013807 0.259506 0.265407 0.151080 0.003285 0.306824 0.000092
0.013520 0.259538 0.265383 0.150922 0.003304 0.307241 0.000092
0.013598 0.258531 0.265356 0.150763 0.003335 0.308321 0.000096
0.013654 0.256995 0.265069 0.150743 0.003386 0.310053 0.000100
0.013629 0.255978 0.265474 0.150729 0.003361 0.310732 0.000097
0.013851 0.255995 0.264537 0.150604 0.003391 0.311524 0.000098
0.013815 0.254169 0.264693 0.150544 0.003372 0.313314 0.000093
0.013721 0.255137 0.264630 0.150510 0.003394 0.312518 0.000090
0.013741 0.252711 0.264673 0.150487 0.003357 0.314931 0.000100
0.013724 0.252214 0.264440 0.150095 0.003420 0.316006 0.000102
0.013713 0.250718 0.264434 0.150453 0.003392 0.317189 0.000101
0.013975 0.250086 0.264173 0.150257 0.003402 0.317997 0.000109
0.013976 0.249407 0.264164 0.150007 0.003432 0.318912 0.000101
0.013891 0.247872 0.264120 0.149996 0.003452 0.320559 0.000109
0.013780 0.248109 0.263754 0.149875 0.003493 0.320884 0.000106
0.013827 0.246412 0.263659 0.150129 0.003465 0.322400 0.000107
0.013931 0.246431 0.263721 0.149976 0.003448 0.322392 0.000101
0.013937 0.245746 0.263788 0.149831 0.003512 0.323082 0.000104
0.013911 0.243955 0.263390 0.149900 0.003529 0.325218 0.000096
0.013722 0.244309 0.263159 0.149537 0.003508 0.325659 0.000105
0.013885 0.243018 0.263255 0.149747 0.003497 0.326500 0.000098
0.014033 0.241779 0.263234 0.149249 0.003565 0.328037 0.000104
0.013983 0.241828 0.263001 0.149419 0.003477 0.328190 0.000102
0.013964 0.240968 0.262753 0.149073 0.003523 0.329617 0.000102
0.014180 0.239094 0.262638 0.149157 0.003543 0.331289 0.000099
0.014016 0.239533 0.262221 0.149047 0.003620 0.331463 0.000100
0.014319 0.237345 0.262256 0.148780 0.003535 0.333660 0.000105
0.014069 0.237504 0.261964 0.148861 0.003597 0.333901 0.000104
0.014060 0.237473 0.261977 0.148904 0.003630 0.333852 0.000103
0.014221 0.236679 0.261728 0.148686 0.003573 0.335006 0.000106
0.014168 0.235577 0.261905 0.148570 0.003629 0.336042 0.000108
0.014227 0.235421 0.261503 0.148307 0.003665 0.336768 0.000108
0.014260 0.234096 0.261269 0.148119 0.003663 0.338495 0.000098
0.014290 0.233692 0.261011 0.148372 0.003658 0.338872 0.000104
0.014189 0.232096 0.261202 0.148342 0.003704 0.340358 0.000109
0.014315 0.231604 0.260983 0.148463 0.003688 0.340834 0.000114
0.014397 0.230945 0.260868 0.147810 0.003678 0.342185 0.000117
0.014301 0.230666 0.261049 0.147791 0.003662 0.342420 0.000111
0.014445 0.229498 0.260324 0.147852 0.003651 0.344127 0.000103
0.014561 0.228758 0.260331 0.147502 0.003725 0.345016 0.000107
0.014556 0.227612 0.260219 0.147754 0.003689 0.346063 0.000106
0.014433 0.226862 0.259731 0.147545 0.003725 0.347593 0.000110
0.014364 0.226582 0.259944 0.147587 0.003764 0.347654 0.000106
0.014605 0.225610 0.259367 0.147495 0.003728 0.349081 0.000115
0.014536 0.225122 0.259656 0.147346 0.003735 0.349494 0.000111
0.014663 0.223925 0.259439 0.147380 0.003729 0.350751 0.000114
0.014466 0.223107 0.258875 0.147148 0.003800 0.352494 0.000110
0.014601 0.221400 0.258881 0.147145 0.003787 0.354080 0.000106
0.014494 0.221802 0.259329 0.146804 0.003790 0.353666 0.000114
0.014580 0.220985 0.258863 0.146928 0.003770 0.354750 0.000124
0.014771 0.219750 0.258144 0.146812 0.003809 0.356608 0.000108
0.014607 0.220166 0.258518 0.146754 0.003841 0.355992 0.000122
0.014931 0.218815 0.258002 0.146583 0.003767 0.357787 0.000116
0.014971 0.218216 0.257686 0.146670 0.003833 0.358504 0.000120
0.015021 0.217696 0.258014 0.146019 0.003810 0.359314 0.000126
0.014908 0.216627 0.257633 0.146019 0.003807 0.360889 0.000118
0.014765 0.216104 0.257241 0.146126 0.003868 0.361782 0.000113
0.015027 0.214868 0.257048 0.145849 0.003791 0.363304 0.000112
0.014997 0.214276 0.256823 0.145544 0.003842 0.364395 0.000123
0.014880 0.212873 0.256334 0.145703 0.003868 0.366214 0.000128
0.014946 0.213414 0.256583 0.145521 0.003849 0.365560 0.000128
0.015068 0.212587 0.256280 0.145380 0.003909 0.366646 0.000131
0.015172 0.211654 0.256065 0.145481 0.003882 0.367612 0.000134
0.015189 0.210777 0.255985 0.144783 0.003916 0.369222 0.000128
0.015007 0.211172 0.255580 0.145246 0.003879 0.368990 0.000126
0.015158 0.208777 0.255186 0.144795 0.003970 0.371979 0.000136
0.015302 0.209023 0.254946 0.144942 0.003956 0.371704 0.000128
0.015368 0.207755 0.254915 0.144571 0.003917 0.373340 0.000134
0.015155 0.208727 0.255011 0.144417 0.003920 0.372645 0.000126
0.015192 0.207364 0.254297 0.144221 0.003918 0.374877 0.000131
0.015290 0.206819 0.254155 0.144193 0.003926 0.375487 0.000130
0.015540 0.206565 0.254078 0.144189 0.003898 0.375598 0.000133
0.015409 0.204803 0.253714 0.144047 0.003951 0.377943 0.000134
0.015596 0.204551 0.253633 0.143697 0.004036 0.378346 0.000141
0.015358 0.204558 0.253593 0.143708 0.003965 0.378695 0.000123
0.015216 0.202985 0.253255 0.143349 0.003978 0.381089 0.000128
0.015326 0.203325 0.253267 0.143495 0.003964 0.380491 0.000132
0.015534 0.202112 0.252931 0.143074 0.004003 0.382221 0.000125
0.015723 0.201265 0.252874 0.143010 0.004008 0.382983 0.000138
0.015765 0.200905 0.252584 0.143119 0.003969 0.383530 0.000128
0.015609 0.199974 0.252389 0.143189 0.004052 0.384658 0.000130
0.015787 0.198618 0.252185 0.142858 0.004005 0.386412 0.000134
0.015636 0.198841 0.252160 0.142986 0.004041 0.386201 0.000136
0.015651 0.198350 0.251902 0.142543 0.004009 0.387415 0.000129
0.015757 0.197249 0.251013 0.142358 0.004079 0.389397 0.000146
0.015879 0.197266 0.251119 0.142356 0.004035 0.389208 0.000137
0.015796 0.196105 0.250716 0.142385 0.004035 0.390826 0.000137
0.015738 0.196346 0.250832 0.142030 0.004059 0.390849 0.000147
0.015789 0.194967 0.250358 0.141949 0.004057 0.392737 0.000143
0.016021 0.194867 0.250107 0.141574 0.004070 0.393221 0.000140
0.016015 0.194163 0.249841 0.141446 0.004140 0.394253 0.000142
0.016144 0.193861 0.249532 0.141426 0.004073 0.394819 0.000145
0.015973 0.193359 0.249794 0.141472 0.004108 0.395161 0.000133
0.016199 0.191887 0.249265 0.140939 0.004103 0.397463 0.000144
0.016405 0.191380 0.248862 0.140816 0.004091 0.398300 0.000147
0.015915 0.191664 0.248780 0.140874 0.004106 0.398521 0.000141
0.016152 0.190231 0.248285 0.141019 0.004111 0.400056 0.000146
0.016384 0.189637 0.248027 0.140513 0.004168 0.401135 0.000136
0.016360 0.190011 0.248034 0.140413 0.004175 0.400869 0.000138
0.016561 0.188778 0.247555 0.140260 0.004133 0.402566 0.000149
0.016657 0.187562 0.247167 0.139936 0.004174 0.404357 0.000146
0.016502 0.187824 0.247176 0.139843 0.004126 0.404379 0.000150
0.016328 0.186924 0.247150 0.139905 0.004203 0.405343 0.000148
0.016402 0.187193 0.246878 0.139796 0.004181 0.405410 0.000140
0.016557 0.186507 0.246434 0.139667 0.004180 0.406502 0.000152
0.016418 0.186718 0.246434 0.139764 0.004117 0.406397 0.000152
0.016298 0.185528 0.246145 0.139245 0.004181 0.408447 0.000156
0.016525 0.184761 0.245879 0.139072 0.004240 0.409371 0.000152
0.016543 0.183458 0.245669 0.139243 0.004171 0.410758 0.000158
0.016475 0.183058 0.245235 0.138972 0.004192 0.411916 0.000152
0.016814 0.182496 0.245165 0.138837 0.004230 0.412302 0.000156
0.016827 0.183165 0.244865 0.138654 0.004213 0.412117 0.000160
0.017131 0.182370 0.244588 0.138561 0.004193 0.413006 0.000150
0.017010 0.181378 0.244077 0.138612 0.004204 0.414563 0.000155
0.016769 0.180908 0.243926 0.138017 0.004213 0.416010 0.000157
0.016858 0.179922 0.243565 0.138075 0.004174 0.417256 0.000150
0.016745 0.180388 0.243998 0.138031 0.004245 0.416436 0.000157
0.017042 0.179294 0.243072 0.137913 0.004225 0.418296 0.000159
0.016858 0.179369 0.243093 0.137674 0.004242 0.418603 0.000161
0.017042 0.178010 0.242635 0.137328 0.004237 0.420584 0.000164
0.017238 0.177865 0.242235 0.137367 0.004297 0.420842 0.000155
0.016951 0.177208 0.242067 0.137786 0.004276 0.421559 0.000153
0.016797 0.176765 0.242062 0.137210 0.004274 0.422725 0.000165
0.017000 0.176073 0.241578 0.136966 0.004241 0.423985 0.000157
0.017037 0.175458 0.241455 0.137340 0.004263 0.424286 0.000161
0.017291 0.174877 0.240958 0.136836 0.004320 0.425554 0.000164
0.017494 0.174791 0.240909 0.136693 0.004250 0.425698 0.000165
0.017360 0.174255 0.240353 0.136742 0.004325 0.426804 0.000160
0.017401 0.172783 0.240309 0.136303 0.004287 0.428755 0.000163
0.017300 0.173633 0.240352 0.136471 0.004321 0.427750 0.000174
0.017184 0.172848 0.239753 0.136335 0.004304 0.429416 0.000159
0.017489 0.172000 0.239472 0.136304 0.004297 0.430272 0.000166
0.017766 0.171609 0.239574 0.135926 0.004355 0.430607 0.000162
0.017640 0.171552 0.239015 0.136193 0.004335 0.431089 0.000176
0.017531 0.170791 0.238493 0.135892 0.004363 0.432778 0.000153
0.017748 0.170227 0.238262 0.135663 0.004373 0.433569 0.000158
0.017603 0.169554 0.237916 0.135152 0.004437 0.435171 0.000168
0.017699 0.168808 0.238079 0.135271 0.004459 0.435500 0.000185
0.017940 0.168357 0.237521 0.134828 0.004388 0.436796 0.000169
0.017575 0.168136 0.237481 0.134706 0.004355 0.437583 0.000163
0.017554 0.168279 0.237213 0.134949 0.004346 0.437490 0.000169
0.018041 0.167192 0.236647 0.134677 0.004426 0.438847 0.000171
0.017916 0.166878 0.236628 0.134405 0.004352 0.439644 0.000176
0.017927 0.166614 0.236256 0.134450 0.004368 0.440201 0.000185
0.017972 0.165997 0.236047 0.134394 0.004428 0.440995 0.000167
0.018065 0.165773 0.235464 0.133901 0.004442 0.442177 0.000176
0.018036 0.165342 0.235691 0.134097 0.004413 0.442236 0.000184
0.018130 0.165126 0.235234 0.133471 0.004388 0.443473 0.000179
0.018036 0.164621 0.235187 0.133503 0.004431 0.444042 0.000181
0.018294 0.163422 0.234277 0.133733 0.004440 0.445658 0.000177
0.018157 0.163252 0.234760 0.133457 0.004433 0.445756 0.000185
0.018270 0.162900 0.234267 0.133240 0.004451 0.446686 0.000187
0.018648 0.161662 0.233613 0.132341 0.004477 0.449073 0.000185
0.018417 0.161600 0.233787 0.132987 0.004484 0.448550 0.000174
0.018194 0.161643 0.233642 0.132848 0.004477 0.449020 0.000176
0.018626 0.160516 0.232718 0.132618 0.004505 0.450835 0.000182
0.018421 0.160700 0.233017 0.132358 0.004460 0.450860 0.000183
0.018512 0.159829 0.232433 0.132183 0.004519 0.452340 0.000184
0.018487 0.159226 0.232185 0.132293 0.004468 0.453154 0.000186
0.018724 0.158951 0.231522 0.131890 0.004550 0.454183 0.000180
0.018903 0.158893 0.231951 0.131655 0.004508 0.453898 0.000192
0.018530 0.158489 0.231708 0.131891 0.004495 0.454691 0.000197
0.018691 0.158062 0.231628 0.131462 0.004550 0.455428 0.000179
0.018661 0.157064 0.230875 0.131277 0.004546 0.457383 0.000193
0.018769 0.157271 0.230592 0.131301 0.004444 0.457433 0.000191
0.019008 0.156307 0.230134 0.131016 0.004511 0.458834 0.000191
0.018674 0.156579 0.230463 0.130888 0.004578 0.458627 0.000192
0.018946 0.155987 0.229874 0.130604 0.004566 0.459848 0.000176
0.019242 0.156349 0.229638 0.130624 0.004600 0.459352 0.000195
0.018988 0.154627 0.229240 0.130267 0.004532 0.462160 0.000186
0.019130 0.154514 0.228777 0.130392 0.004607 0.462384 0.000196
0.019267 0.154637 0.228645 0.130057 0.004557 0.462648 0.000188
0.019220 0.153428 0.228409 0.129650 0.004555 0.464543 0.000195
0.018893 0.153994 0.228407 0.130091 0.004618 0.463805 0.000193
0.019500 0.152939 0.227723 0.129673 0.004570 0.465413 0.000182
0.019161 0.152439 0.227246 0.129664 0.004620 0.466677 0.000193
0.019062 0.152438 0.227498 0.129395 0.004603 0.466794 0.000209
0.019274 0.151430 0.227254 0.129120 0.004558 0.468172 0.000192
0.019137 0.151987 0.226610 0.128961 0.004649 0.468464 0.000193
0.019303 0.150629 0.226578 0.128734 0.004659 0.469897 0.000200
0.019421 0.150775 0.226350 0.128579 0.004563 0.470105 0.000208
0.019591 0.150349 0.226017 0.128463 0.004628 0.470759 0.000193
0.019693 0.150075 0.225770 0.128376 0.004622 0.471267 0.000197
0.019536 0.149616 0.225406 0.128190 0.004660 0.472396 0.000196
0.019615 0.149154 0.225109 0.128257 0.004601 0.473069 0.000195
0.019631 0.149149 0.224590 0.128213 0.004584 0.473627 0.000206
0.019429 0.148753 0.224680 0.127928 0.004579 0.474422 0.000208
0.019422 0.148700 0.224387 0.127792 0.004590 0.474904 0.000205
0.019838 0.146966 0.223459 0.127352 0.004604 0.477589 0.000192
0.019817 0.147124 0.224070 0.126992 0.004637 0.477161 0.000198
0.019689 0.146646 0.223682 0.126950 0.004647 0.478180 0.000206
0.019895 0.146215 0.222850 0.126728 0.004677 0.479429 0.000206
0.019851 0.146842 0.223535 0.126933 0.004637 0.478015 0.000187
0.019659 0.145591 0.222890 0.126628 0.004626 0.480405 0.000201
0.019945 0.146101 0.222453 0.126628 0.004698 0.479964 0.000211
0.019846 0.144949 0.222265 0.126250 0.004693 0.481794 0.000203
0.019959 0.144696 0.221749 0.126330 0.004692 0.482361 0.000212
0.020194 0.144303 0.221608 0.125973 0.004684 0.483023 0.000215
0.019932 0.144173 0.221549 0.125774 0.004716 0.483648 0.000207
0.020042 0.144452 0.221389 0.125953 0.004688 0.483284 0.000192
0.020010 0.143261 0.220794 0.125569 0.004682 0.485476 0.000207
0.020394 0.142498 0.220642 0.125308 0.004754 0.486199 0.000206
0.020389 0.142600 0.220561 0.125251 0.004648 0.486347 0.000205
0.020136 0.142425 0.220189 0.125199 0.004717 0.487128 0.000206
0.020349 0.141792 0.219564 0.125135 0.004637 0.488301 0.000222
0.020532 0.141374 0.219367 0.124961 0.004739 0.488817 0.000210
