0.999105 0.000872 0.000011 0.000012 0.000000 0.000000 0.000000
0.998669 0.001292 0.000018 0.000006 0.000000 0.000015 0.000000
0.998210 0.001737 0.000026 0.000013 0.000000 0.000015 0.000000
0.997774 0.002160 0.000033 0.000016 0.000000 0.000017 0.000000
0.997323 0.002599 0.000040 0.000021 0.000000 0.000017 0.000000
0.996744 0.003175 0.000045 0.000020 0.000000 0.000016 0.000000
0.996280 0.003629 0.000053 0.000022 0.000000 0.000016 0.000000
0.995570 0.004328 0.000057 0.000031 0.000000 0.000015 0.000000
0.994863 0.005022 0.000065 0.000036 0.000000 0.000014 0.000000
0.993838 0.006028 0.000086 0.000035 0.000000 0.000013 0.000000
0.992606 0.007248 0.000088 0.000046 0.000000 0.000012 0.000000
0.991400 0.008425 0.000104 0.000059 0.000000 0.000011 0.000000
0.989587 0.010205 0.000128 0.000070 0.000000 0.000011 0.000000
0.987456 0.012330 0.000126 0.000079 0.000000 0.000009 0.000000
0.984484 0.015242 0.000161 0.000105 0.000000 0.000008 0.000000
0.982274 0.017423 0.000206 0.000091 0.000000 0.000008 0.000000
0.978008 0.021611 0.000252 0.000122 0.000000 0.000007 0.000000
0.974830 0.024682 0.000317 0.000163 0.000000 0.000007 0.000000
0.968707 0.030685 0.000379 0.000223 0.000000 0.000006 0.000000
0.963561 0.035693 0.000469 0.000267 0.000000 0.000010 0.000000
0.956438 0.042694 0.000544 0.000315 0.000000 0.000010 0.000000
0.949230 0.049758 0.000652 0.000349 0.000000 0.000011 0.000000
0.940052 0.058750 0.000752 0.000435 0.000000 0.000012 0.000000
0.931821 0.066803 0.000869 0.000493 0.000000 0.000014 0.000000
0.922147 0.076275 0.000990 0.000566 0.000000 0.000021 0.000000
0.911015 0.087113 0.001156 0.000678 0.000000 0.000039 0.000000
0.900621 0.097195 0.001350 0.000794 0.000000 0.000040 0.000000
0.887554 0.109877 0.001607 0.000916 0.000000 0.000046 0.000000
0.873141 0.123872 0.001871 0.001056 0.000000 0.000059 0.000000
0.861364 0.135330 0.002060 0.001178 0.000000 0.000068 0.000000
0.847141 0.149099 0.002393 0.001296 0.000000 0.000071 0.000000
0.832463 0.163351 0.002650 0.001460 0.000000 0.000076 0.000000
0.817001 0.178271 0.003001 0.001647 0.000000 0.000080 0.000000
0.803060 0.191669 0.003371 0.001810 0.000000 0.000090 0.000000
0.785887 0.208190 0.003777 0.002048 0.000000 0.000097 0.000000
0.771085 0.222353 0.004149 0.002301 0.000000 0.000113 0.000000
0.754385 0.238288 0.004634 0.002566 0.000001 0.000127 0.000000
0.738903 0.253013 0.005096 0.002836 0.000002 0.000151 0.000000
0.722230 0.268854 0.005613 0.003135 0.000003 0.000165 0.000000
0.706166 0.284162 0.006059 0.003420 0.000004 0.000190 0.000000
0.693242 0.296413 0.006467 0.003657 0.000004 0.000217 0.000000
0.679038 0.309811 0.006979 0.003940 0.000005 0.000227 0.000000
0.660479 0.327385 0.007579 0.004293 0.000004 0.000259 0.000000
0.647214 0.339841 0.008082 0.004578 0.000004 0.000282 0.000000
0.634330 0.351874 0.008577 0.004914 0.000004 0.000300 0.000000
0.618081 0.367103 0.009223 0.005251 0.000005 0.000336 0.000000
0.606000 0.378369 0.009734 0.005550 0.000004 0.000343 0.000000
0.595690 0.387823 0.010261 0.005857 0.000004 0.000364 0.000000
0.578437 0.403719 0.011099 0.006322 0.000006 0.000416 0.000000
0.568462 0.412777 0.011657 0.006649 0.000006 0.000448 0.000000
0.555285 0.424774 0.012389 0.007051 0.000007 0.000493 0.000000
0.543811 0.435168 0.013043 0.007430 0.000008 0.000540 0.000000
0.531596 0.446282 0.013703 0.007843 0.000009 0.000568 0.000000
0.518305 0.458325 0.014461 0.008303 0.000009 0.000597 0.000000
0.506889 0.468440 0.015313 0.008715 0.000011 0.000633 0.000000
0.496513 0.477743 0.016031 0.009044 0.000010 0.000658 0.000000
0.487167 0.485821 0.016804 0.009488 0.000010 0.000711 0.000000
0.474227 0.497366 0.017662 0.009964 0.000012 0.000769 0.000000
0.470831 0.499997 0.018080 0.010270 0.000013 0.000809 0.000000
0.456799 0.512334 0.019149 0.010824 0.000012 0.000881 0.000000
0.449108 0.518773 0.019926 0.011238 0.000013 0.000943 0.000000
0.439735 0.526659 0.020807 0.011775 0.000013 0.001010 0.000000
0.431360 0.533730 0.021595 0.012221 0.000014 0.001080 0.000000
0.423168 0.540575 0.022403 0.012694 0.000013 0.001147 0.000000
0.413634 0.548607 0.023322 0.013208 0.000015 0.001214 0.000000
0.404295 0.556328 0.024263 0.013801 0.000014 0.001299 0.000000
0.392590 0.566077 0.025498 0.014440 0.000014 0.001380 0.000000
0.386314 0.571045 0.026258 0.014913 0.000016 0.001455 0.000000
0.381562 0.574495 0.027033 0.015353 0.000016 0.001541 0.000000
0.368690 0.585128 0.028380 0.016128 0.000016 0.001658 0.000000
0.363728 0.588875 0.029065 0.016580 0.000017 0.001735 0.000000
0.353029 0.597685 0.030217 0.017205 0.000017 0.001847 0.000000
0.347475 0.601729 0.031098 0.017746 0.000018 0.001934 0.000000
0.334364 0.612262 0.032549 0.018676 0.000021 0.002128 0.000000
0.327416 0.617566 0.033486 0.019268 0.000021 0.002242 0.000000
0.321161 0.622371 0.034381 0.019735 0.000022 0.002331 0.000000
0.308932 0.632102 0.035875 0.020594 0.000021 0.002477 0.000000
0.299416 0.638914 0.037516 0.021482 0.000025 0.002648 0.000000
0.292004 0.644351 0.038706 0.022123 0.000027 0.002790 0.000000
0.285143 0.648879 0.040014 0.022945 0.000030 0.002989 0.000000
0.276966 0.655002 0.041248 0.023581 0.000032 0.003171 0.000000
0.268456 0.661026 0.042753 0.024383 0.000034 0.003348 0.000000
0.263776 0.664087 0.043742 0.024862 0.000042 0.003492 0.000000
0.257150 0.667820 0.045400 0.025857 0.000045 0.003728 0.000000
0.250844 0.672294 0.046438 0.026504 0.000046 0.003875 0.000000
0.245713 0.675460 0.047600 0.027110 0.000046 0.004071 0.000000
0.236993 0.681207 0.049320 0.028151 0.000047 0.004282 0.000000
0.233912 0.681886 0.050697 0.028915 0.000055 0.004535 0.000000
0.227117 0.685715 0.052442 0.029871 0.000059 0.004797 0.000000
0.216795 0.693114 0.054162 0.030796 0.000065 0.005067 0.000000
0.215721 0.692487 0.055085 0.031362 0.000067 0.005278 0.000000
0.209102 0.696690 0.056548 0.032085 0.000068 0.005507 0.000000
0.204691 0.698677 0.057954 0.032848 0.000069 0.005761 0.000000
0.196831 0.703192 0.059850 0.034023 0.000070 0.006035 0.000000
0.189103 0.707624 0.061818 0.035004 0.000077 0.006375 0.000000
0.185245 0.708642 0.063406 0.035949 0.000088 0.006670 0.000000
0.180665 0.710375 0.064953 0.036902 0.000097 0.007008 0.000000
0.179822 0.709814 0.065714 0.037378 0.000091 0.007181 0.000000
0.172970 0.713472 0.067465 0.038467 0.000099 0.007527 0.000000
0.164210 0.718407 0.069672 0.039709 0.000098 0.007903 0.000000
0.161056 0.719101 0.071093 0.040434 0.000104 0.008212 0.000000
0.159398 0.718432 0.072371 0.041197 0.000110 0.008492 0.000000
0.149961 0.723317 0.074985 0.042587 0.000116 0.009034 0.000000
0.147919 0.722410 0.076621 0.043523 0.000111 0.009415 0.000000
0.146487 0.722703 0.077229 0.043890 0.000117 0.009575 0.000000
0.141042 0.723927 0.079470 0.045317 0.000120 0.010124 0.000000
0.137659 0.724421 0.081161 0.046194 0.000125 0.010441 0.000000
0.134804 0.724715 0.082576 0.046961 0.000128 0.010816 0.000000
0.130423 0.726728 0.083842 0.047766 0.000132 0.011109 0.000000
0.126242 0.726987 0.086115 0.048894 0.000140 0.011622 0.000000
0.121370 0.728466 0.087969 0.050040 0.000140 0.012014 0.000000
0.118004 0.728702 0.089543 0.051099 0.000151 0.012500 0.000000
0.115031 0.728518 0.091364 0.051990 0.000153 0.012944 0.000000
0.112953 0.729038 0.092129 0.052555 0.000159 0.013166 0.000000
0.108937 0.728628 0.094582 0.053984 0.000157 0.013713 0.000000
0.105215 0.729957 0.095951 0.054690 0.000171 0.014015 0.000000
0.101156 0.728583 0.098799 0.056378 0.000184 0.014900 0.000000
0.096173 0.730461 0.100607 0.057260 0.000185 0.015314 0.000000
0.098751 0.725373 0.101924 0.057992 0.000201 0.015760 0.000000
0.097571 0.725671 0.102327 0.058259 0.000188 0.015983 0.000001
0.093430 0.724723 0.105157 0.059800 0.000202 0.016688 0.000001
0.093303 0.722133 0.106554 0.060574 0.000211 0.017225 0.000001
0.091189 0.722243 0.107577 0.061196 0.000211 0.017583 0.000001
0.089888 0.719629 0.109592 0.062502 0.000215 0.018174 0.000001
0.089006 0.717910 0.110860 0.063297 0.000226 0.018698 0.000001
0.091021 0.714392 0.111737 0.063539 0.000232 0.019078 0.000001
0.084758 0.715361 0.114507 0.065229 0.000231 0.019914 0.000001
0.091839 0.709040 0.113963 0.065048 0.000227 0.019883 0.000001
0.091459 0.706134 0.115713 0.065912 0.000236 0.020546 0.000001
0.088477 0.704969 0.117860 0.067217 0.000246 0.021229 0.000002
0.087301 0.703347 0.119315 0.067968 0.000258 0.021809 0.000001
0.085251 0.703875 0.120123 0.068387 0.000256 0.022107 0.000002
0.085428 0.700281 0.122018 0.069342 0.000269 0.022661 0.000001
0.090601 0.694671 0.122215 0.069397 0.000269 0.022846 0.000001
0.084790 0.696108 0.124533 0.070643 0.000279 0.023645 0.000001
0.084352 0.694104 0.125724 0.071387 0.000291 0.024140 0.000003
0.086530 0.690109 0.126616 0.071844 0.000280 0.024618 0.000002
0.080083 0.692616 0.128558 0.073110 0.000297 0.025334 0.000002
0.083982 0.686452 0.129766 0.073464 0.000322 0.026011 0.000002
0.078789 0.688604 0.131341 0.074360 0.000325 0.026578 0.000002
0.076688 0.688409 0.132418 0.075086 0.000323 0.027072 0.000004
0.075434 0.687285 0.133555 0.075902 0.000330 0.027491 0.000003
0.072677 0.685957 0.135740 0.076963 0.000340 0.028320 0.000003
0.071533 0.685108 0.136685 0.077512 0.000357 0.028803 0.000002
0.067551 0.684393 0.139180 0.078792 0.000365 0.029716 0.000003
0.064193 0.685395 0.140245 0.079547 0.000360 0.030257 0.000002
0.062564 0.684156 0.141648 0.080391 0.000376 0.030863 0.000002
0.061747 0.682965 0.142645 0.080798 0.000380 0.031464 0.000002
0.059798 0.682447 0.143804 0.081622 0.000387 0.031941 0.000002
0.060904 0.679837 0.144589 0.081915 0.000382 0.032371 0.000002
0.054364 0.680256 0.147524 0.083881 0.000402 0.033572 0.000002
0.052152 0.678865 0.149412 0.084761 0.000409 0.034398 0.000003
0.052921 0.675408 0.150665 0.085604 0.000423 0.034977 0.000003
0.050347 0.673671 0.152945 0.086692 0.000429 0.035913 0.000003
0.049243 0.672433 0.153901 0.087300 0.000441 0.036679 0.000002
0.048227 0.670646 0.155357 0.088044 0.000449 0.037274 0.000002
0.050165 0.667083 0.155957 0.088384 0.000480 0.037928 0.000003
0.048724 0.665619 0.157255 0.089391 0.000457 0.038552 0.000003
0.048858 0.661265 0.159321 0.090391 0.000485 0.039677 0.000002
0.045525 0.663029 0.160110 0.090863 0.000488 0.039981 0.000003
0.048250 0.657169 0.161404 0.091691 0.000510 0.040973 0.000003
0.044915 0.658981 0.162124 0.092182 0.000510 0.041284 0.000004
0.043479 0.657180 0.163805 0.092886 0.000524 0.042122 0.000003
0.045317 0.651676 0.165492 0.093734 0.000540 0.043238 0.000003
0.044931 0.649005 0.166868 0.094676 0.000556 0.043963 0.000002
0.043653 0.649569 0.167092 0.094669 0.000545 0.044469 0.000002
0.041913 0.648097 0.168583 0.095566 0.000575 0.045263 0.000003
0.041015 0.645241 0.170265 0.096615 0.000580 0.046280 0.000003
0.043565 0.641185 0.170748 0.096994 0.000592 0.046913 0.000002
0.043452 0.638407 0.172101 0.097522 0.000604 0.047911 0.000003
0.046207 0.635541 0.172113 0.097462 0.000601 0.048074 0.000003
0.042200 0.636281 0.173629 0.098436 0.000599 0.048853 0.000003
0.043565 0.632108 0.174905 0.099129 0.000610 0.049681 0.000002
0.043793 0.629272 0.175880 0.099808 0.000616 0.050629 0.000002
0.041949 0.627461 0.177749 0.100634 0.000652 0.051554 0.000002
0.039766 0.627822 0.178295 0.101292 0.000648 0.052174 0.000003
0.041383 0.623863 0.179311 0.101814 0.000666 0.052960 0.000003
0.040874 0.622473 0.180147 0.102179 0.000679 0.053645 0.000003
0.040628 0.620451 0.180980 0.102900 0.000678 0.054360 0.000003
0.041667 0.618175 0.181617 0.102986 0.000682 0.054869 0.000004
0.041495 0.616511 0.182316 0.103411 0.000695 0.055567 0.000005
0.038148 0.616147 0.184306 0.104313 0.000696 0.056387 0.000005
0.037541 0.612503 0.186096 0.105435 0.000717 0.057704 0.000004
0.035140 0.613311 0.186595 0.105872 0.000711 0.058367 0.000005
0.035757 0.611788 0.186811 0.106086 0.000725 0.058830 0.000004
0.031907 0.608852 0.189827 0.107823 0.000731 0.060857 0.000004
0.033674 0.606120 0.189972 0.108021 0.000760 0.061449 0.000004
0.033080 0.607081 0.189998 0.107845 0.000749 0.061242 0.000004
0.032527 0.603820 0.191506 0.108825 0.000767 0.062552 0.000003
0.030660 0.601985 0.193074 0.109777 0.000773 0.063727 0.000004
0.029555 0.599723 0.194637 0.110620 0.000789 0.064671 0.000004
0.028401 0.597550 0.196190 0.111240 0.000800 0.065817 0.000004
0.028458 0.597742 0.195836 0.111351 0.000786 0.065822 0.000006
0.029057 0.594078 0.197017 0.111745 0.000819 0.067277 0.000007
0.026801 0.593523 0.198149 0.112676 0.000805 0.068039 0.000007
0.026154 0.591320 0.199585 0.113111 0.000809 0.069015 0.000006
0.024704 0.589053 0.200903 0.114261 0.000839 0.070232 0.000008
0.024121 0.586376 0.202489 0.114903 0.000835 0.071270 0.000006
0.025068 0.585824 0.202145 0.114773 0.000839 0.071341 0.000010
0.025060 0.583100 0.203022 0.115481 0.000851 0.072478 0.000008
0.022690 0.580242 0.205575 0.116628 0.000875 0.073983 0.000007
0.022750 0.578721 0.206016 0.116785 0.000884 0.074838 0.000007
0.022253 0.576597 0.206907 0.117505 0.000887 0.075843 0.000008
0.022450 0.575185 0.207270 0.117958 0.000892 0.076237 0.000009
0.022079 0.573098 0.208330 0.118303 0.000910 0.077274 0.000007
0.021570 0.569900 0.210040 0.119080 0.000925 0.078477 0.000009
0.021362 0.568369 0.210475 0.119701 0.000916 0.079168 0.000009
0.020542 0.565514 0.211932 0.120432 0.000955 0.080617 0.000007
0.020281 0.563395 0.212910 0.120986 0.000976 0.081446 0.000006
0.020645 0.563188 0.212781 0.120775 0.000939 0.081665 0.000007
0.020436 0.559449 0.214285 0.121659 0.000974 0.083188 0.000008
0.020553 0.558265 0.214688 0.121832 0.000980 0.083675 0.000007
0.019960 0.557279 0.215263 0.122412 0.000976 0.084103 0.000008
0.019852 0.554408 0.216368 0.122890 0.000994 0.085478 0.000009
0.019829 0.552958 0.216575 0.123354 0.001026 0.086247 0.000012
0.019184 0.548821 0.218799 0.124102 0.001028 0.088055 0.000011
0.019430 0.547506 0.218779 0.124460 0.001058 0.088757 0.000010
0.019062 0.545505 0.219763 0.124896 0.001042 0.089723 0.000009
0.018685 0.542941 0.220994 0.125481 0.001045 0.090845 0.000009
0.018734 0.541257 0.221659 0.125835 0.001087 0.091418 0.000010
0.018889 0.539104 0.221944 0.126222 0.001078 0.092754 0.000009
0.018468 0.537620 0.222745 0.126886 0.001099 0.093171 0.000011
0.018621 0.537477 0.222338 0.126891 0.001089 0.093573 0.000011
0.018033 0.533108 0.224460 0.127640 0.001113 0.095635 0.000011
0.017964 0.532084 0.224839 0.127887 0.001137 0.096077 0.000011
0.018021 0.529147 0.225717 0.128377 0.001147 0.097582 0.000010
0.017847 0.526391 0.226932 0.129053 0.001146 0.098621 0.000011
0.018053 0.526435 0.226513 0.129012 0.001162 0.098815 0.000010
0.017806 0.523783 0.227464 0.129617 0.001175 0.100144 0.000011
0.017631 0.522136 0.228488 0.129677 0.001184 0.100872 0.000011
0.017463 0.520107 0.229118 0.130084 0.001199 0.102019 0.000009
0.017397 0.517696 0.229956 0.130473 0.001215 0.103252 0.000012
0.017145 0.515688 0.230544 0.131246 0.001235 0.104131 0.000011
0.017284 0.513668 0.231183 0.131255 0.001213 0.105386 0.000012
0.017225 0.513016 0.231357 0.131357 0.001247 0.105788 0.000011
0.017291 0.510086 0.232204 0.132009 0.001256 0.107143 0.000010
0.016870 0.508458 0.232960 0.132290 0.001232 0.108180 0.000011
0.016931 0.506847 0.233584 0.132603 0.001265 0.108758 0.000012
0.016965 0.504490 0.234204 0.132831 0.001297 0.110202 0.000010
0.016804 0.502940 0.234771 0.133485 0.001285 0.110706 0.000009
0.016733 0.500326 0.235541 0.133643 0.001359 0.112389 0.000010
0.016638 0.499772 0.235600 0.133900 0.001331 0.112749 0.000008
0.016519 0.497052 0.236659 0.134403 0.001342 0.114015 0.000010
0.016505 0.496058 0.236754 0.134609 0.001373 0.114691 0.000010
0.016385 0.493905 0.237379 0.135107 0.001369 0.115843 0.000013
0.016420 0.492175 0.237884 0.135295 0.001387 0.116829 0.000010
0.016274 0.490332 0.238723 0.135448 0.001410 0.117802 0.000011
0.016234 0.487458 0.239570 0.135948 0.001413 0.119364 0.000014
0.016331 0.487264 0.239508 0.135878 0.001451 0.119553 0.000014
0.016083 0.484937 0.240239 0.136507 0.001424 0.120796 0.000014
0.016172 0.482267 0.241213 0.136781 0.001444 0.122109 0.000014
0.015876 0.479712 0.242036 0.137155 0.001458 0.123747 0.000016
0.016046 0.479741 0.241619 0.137240 0.001436 0.123905 0.000013
0.015990 0.476388 0.242644 0.137818 0.001459 0.125684 0.000016
0.015863 0.476140 0.242661 0.137764 0.001493 0.126064 0.000015
0.015742 0.473156 0.243817 0.138220 0.001531 0.127520 0.000015
0.015679 0.471934 0.244132 0.138451 0.001483 0.128308 0.000013
0.015749 0.470105 0.244538 0.138839 0.001520 0.129233 0.000017
0.017357 0.467135 0.244824 0.138748 0.001514 0.130408 0.000014
0.022149 0.463616 0.243749 0.138416 0.001518 0.130535 0.000017
0.034196 0.457522 0.240545 0.136465 0.001523 0.129732 0.000016
0.038485 0.454061 0.239732 0.136329 0.001511 0.129861 0.000020
0.037074 0.453029 0.240680 0.136480 0.001531 0.131190 0.000018
0.042550 0.450491 0.238899 0.135694 0.001519 0.130831 0.000016
0.040405 0.449916 0.239907 0.136056 0.001562 0.132136 0.000018
0.041590 0.448278 0.239564 0.136089 0.001541 0.132919 0.000019
0.037241 0.449499 0.240972 0.136755 0.001543 0.133969 0.000020
0.044667 0.446427 0.238421 0.135628 0.001553 0.133285 0.000019
0.040288 0.444947 0.240569 0.136613 0.001598 0.135965 0.000020
0.037388 0.446409 0.241280 0.137010 0.001601 0.136290 0.000021
0.038982 0.444452 0.241023 0.137000 0.001616 0.136904 0.000023
0.031641 0.444932 0.243822 0.138302 0.001637 0.139646 0.000019
0.036554 0.443120 0.242028 0.137474 0.001596 0.139203 0.000024
0.035034 0.442604 0.242485 0.137758 0.001655 0.140443 0.000021
0.035092 0.442561 0.242178 0.137541 0.001672 0.140936 0.000020
0.033846 0.441857 0.242910 0.137775 0.001684 0.141906 0.000022
0.031552 0.440304 0.244300 0.138454 0.001707 0.143665 0.000018
0.028568 0.439848 0.245549 0.139161 0.001727 0.145125 0.000021
0.026657 0.439161 0.246355 0.139802 0.001718 0.146287 0.000020
0.024417 0.437888 0.247702 0.140273 0.001753 0.147947 0.000018
0.025225 0.437257 0.247303 0.140266 0.001743 0.148184 0.000021
0.022825 0.434730 0.248977 0.141220 0.001749 0.150477 0.000021
0.022848 0.433062 0.249142 0.141473 0.001792 0.151663 0.000020
0.021890 0.431986 0.249571 0.141825 0.001792 0.152917 0.000020
0.019583 0.430139 0.251381 0.142872 0.001805 0.154202 0.000017
0.020098 0.429133 0.251236 0.142648 0.001832 0.155031 0.000022
0.028386 0.425132 0.248807 0.141433 0.001809 0.154412 0.000021
0.033082 0.420888 0.248134 0.141032 0.001842 0.154998 0.000023
0.030089 0.423006 0.248713 0.141093 0.001795 0.155281 0.000022
0.035551 0.419552 0.247149 0.140293 0.001809 0.155625 0.000021
0.033324 0.418389 0.248262 0.140982 0.001825 0.157193 0.000024
0.030455 0.416806 0.249723 0.142070 0.001853 0.159073 0.000020
0.031584 0.415860 0.249488 0.141538 0.001845 0.159664 0.000021
0.031576 0.415046 0.249520 0.141468 0.001880 0.160485 0.000025
0.031245 0.415696 0.249019 0.141300 0.001869 0.160846 0.000026
0.028322 0.413763 0.250828 0.142389 0.001879 0.162797 0.000023
0.027364 0.412252 0.251398 0.142727 0.001881 0.164354 0.000024
0.026190 0.410623 0.252370 0.142995 0.001923 0.165874 0.000024
0.024643 0.409085 0.253493 0.143415 0.001929 0.167410 0.000025
0.027304 0.410152 0.251348 0.142469 0.001933 0.166767 0.000027
0.022693 0.406922 0.254315 0.144219 0.001977 0.169851 0.000023
0.022287 0.405224 0.254802 0.144772 0.001971 0.170919 0.000025
0.023238 0.405854 0.253834 0.144044 0.001969 0.171036 0.000025
0.021601 0.403317 0.255339 0.144748 0.001960 0.173010 0.000024
0.022333 0.402797 0.254559 0.144655 0.001986 0.173642 0.000028
0.020217 0.400862 0.256085 0.145507 0.002013 0.175292 0.000026
0.019458 0.400205 0.256583 0.145517 0.001992 0.176219 0.000026
0.019384 0.397507 0.256817 0.146088 0.002037 0.178141 0.000027
0.019727 0.398354 0.256167 0.145625 0.002040 0.178062 0.000024
0.018839 0.396036 0.257525 0.145765 0.002074 0.179737 0.000023
0.017488 0.395009 0.257868 0.146362 0.002068 0.181176 0.000028
0.018553 0.393650 0.257791 0.146417 0.002068 0.181490 0.000031
0.017429 0.392023 0.258231 0.146950 0.002050 0.183293 0.000024
0.017590 0.389387 0.258956 0.147080 0.002104 0.184855 0.000027
0.017027 0.388768 0.259068 0.147340 0.002124 0.185643 0.000030
0.016834 0.387832 0.259475 0.147448 0.002161 0.186223 0.000027
0.016117 0.385322 0.260252 0.147922 0.002133 0.188226 0.000028
0.016516 0.384537 0.260010 0.147779 0.002132 0.188998 0.000028
0.015670 0.381808 0.260957 0.148338 0.002147 0.191048 0.000031
0.016109 0.380228 0.260810 0.148423 0.002175 0.192223 0.000032
0.015514 0.378204 0.261754 0.148458 0.002178 0.193862 0.000029
0.015635 0.377890 0.261283 0.148770 0.002172 0.194214 0.000036
0.015333 0.376739 0.262133 0.148853 0.002209 0.194700 0.000033
0.015586 0.374710 0.262026 0.148800 0.002232 0.196615 0.000031
0.024438 0.370631 0.259700 0.147720 0.002232 0.195247 0.000032
0.028582 0.368525 0.258401 0.147137 0.002193 0.195131 0.000031
0.025984 0.366306 0.259837 0.147733 0.002251 0.197855 0.000036
0.027179 0.366367 0.259268 0.147220 0.002238 0.197698 0.000030
0.027921 0.365205 0.258476 0.147298 0.002223 0.198847 0.000030
0.026570 0.364892 0.258995 0.147592 0.002215 0.199706 0.000030
0.028598 0.364614 0.258151 0.147009 0.002232 0.199361 0.000035
0.029095 0.363233 0.257776 0.146921 0.002280 0.200657 0.000037
0.026014 0.362055 0.259214 0.147577 0.002285 0.202823 0.000032
0.028716 0.361733 0.257915 0.146809 0.002265 0.202530 0.000031
0.025477 0.359174 0.259985 0.147898 0.002325 0.205109 0.000032
0.025615 0.359207 0.259492 0.147445 0.002343 0.205863 0.000035
0.025894 0.358576 0.259183 0.147487 0.002348 0.206477 0.000035
0.022177 0.358023 0.260632 0.148266 0.002340 0.208533 0.000029
0.023200 0.356124 0.260557 0.148087 0.002359 0.209638 0.000035
0.023815 0.356598 0.259664 0.147961 0.002349 0.209578 0.000035
0.022361 0.357003 0.259767 0.147978 0.002388 0.210469 0.000035
0.020485 0.354559 0.260975 0.149031 0.002398 0.212518 0.000035
0.020138 0.352595 0.261614 0.148830 0.002389 0.214395 0.000038
0.019109 0.351480 0.262046 0.149431 0.002437 0.215459 0.000038
0.019208 0.350575 0.262090 0.149508 0.002422 0.216161 0.000036
0.018002 0.346395 0.263696 0.150418 0.002465 0.218987 0.000037
0.017862 0.347673 0.263181 0.149768 0.002433 0.219047 0.000035
0.017791 0.347004 0.263136 0.149750 0.002463 0.219817 0.000039
0.016989 0.345215 0.263871 0.150060 0.002473 0.221353 0.000038
0.017344 0.344140 0.263509 0.150158 0.002448 0.222364 0.000037
0.017022 0.344422 0.263608 0.150123 0.002460 0.222324 0.000041
0.016647 0.341710 0.264024 0.150153 0.002530 0.224897 0.000039
0.017105 0.341036 0.264024 0.150223 0.002527 0.225047 0.000037
0.016786 0.340912 0.263498 0.150045 0.002532 0.226189 0.000037
0.015704 0.336599 0.265306 0.150851 0.002566 0.228934 0.000041
0.015721 0.335558 0.265392 0.151024 0.002570 0.229696 0.000039
0.015672 0.335612 0.265035 0.150761 0.002605 0.230277 0.000038
0.015814 0.334150 0.264994 0.151115 0.002565 0.231325 0.000038
0.015073 0.332493 0.265719 0.151248 0.002579 0.232845 0.000043
0.015504 0.331608 0.265449 0.151257 0.002593 0.233550 0.000039
0.015291 0.330042 0.265555 0.151376 0.002598 0.235098 0.000039
0.015386 0.329057 0.265433 0.151176 0.002613 0.236296 0.000041
0.014450 0.326554 0.266921 0.151801 0.002631 0.237601 0.000041
0.015304 0.328432 0.265557 0.151043 0.002651 0.236972 0.000040
0.014830 0.326257 0.266198 0.151369 0.002635 0.238664 0.000046
0.015360 0.327353 0.265037 0.151187 0.002628 0.238390 0.000044
0.015084 0.324205 0.265562 0.151372 0.002684 0.241046 0.000047
0.014599 0.320712 0.266602 0.152022 0.002694 0.243328 0.000043
0.015090 0.322893 0.265752 0.151438 0.002668 0.242113 0.000045
0.014364 0.318389 0.267186 0.152174 0.002699 0.245136 0.000051
0.014897 0.318043 0.266573 0.151682 0.002686 0.246074 0.000046
0.014743 0.315933 0.266958 0.152063 0.002726 0.247535 0.000042
0.014668 0.315868 0.266534 0.151655 0.002678 0.248546 0.000051
0.014684 0.313459 0.267125 0.152009 0.002721 0.249955 0.000047
0.014430 0.312861 0.267195 0.152044 0.002752 0.250672 0.000047
0.014589 0.314146 0.266807 0.151703 0.002759 0.249948 0.000047
0.014597 0.311635 0.266671 0.151963 0.002802 0.252287 0.000044
0.014431 0.308642 0.267273 0.152088 0.002802 0.254716 0.000049
0.014697 0.311064 0.266377 0.151489 0.002811 0.253514 0.000048
0.014317 0.307983 0.267047 0.151965 0.002834 0.255803 0.000052
0.014188 0.305146 0.267402 0.152303 0.002859 0.258050 0.000052
0.014465 0.307179 0.266832 0.151756 0.002847 0.256875 0.000047
0.014555 0.303672 0.267317 0.152268 0.002855 0.259285 0.000048
0.014538 0.302371 0.267307 0.152098 0.002858 0.260777 0.000051
0.014481 0.304153 0.266925 0.151932 0.002824 0.259636 0.000050
0.014399 0.300359 0.267324 0.152131 0.002899 0.262841 0.000047
0.014338 0.300283 0.267007 0.152086 0.002927 0.263309 0.000050
0.014539 0.298637 0.267288 0.151976 0.002870 0.264639 0.000050
0.014613 0.298162 0.267138 0.152188 0.002908 0.264940 0.000050
0.014580 0.296615 0.266856 0.152094 0.002954 0.266855 0.000047
0.014398 0.295362 0.267490 0.152138 0.002940 0.267623 0.000050
0.014130 0.294326 0.267467 0.152485 0.002917 0.268623 0.000052
0.014261 0.293376 0.267178 0.152093 0.002933 0.270108 0.000052
0.014296 0.292690 0.267028 0.152102 0.003005 0.270826 0.000054
0.014680 0.291536 0.266735 0.152033 0.002969 0.271991 0.000056
0.014641 0.290635 0.267006 0.151849 0.002944 0.272869 0.000056
0.014323 0.288535 0.266951 0.152459 0.002985 0.274700 0.000049
0.014401 0.287824 0.266993 0.152107 0.003022 0.275599 0.000055
0.014573 0.286948 0.267119 0.152060 0.003039 0.276208 0.000053
0.014683 0.286652 0.266780 0.151772 0.003024 0.277032 0.000057
0.014554 0.283703 0.267156 0.151828 0.003062 0.279639 0.000058
0.014473 0.286500 0.266251 0.151999 0.002996 0.277724 0.000058
0.014559 0.282463 0.266991 0.151991 0.003060 0.280878 0.000057
0.014658 0.281433 0.266686 0.151929 0.003056 0.282183 0.000055
0.014625 0.280583 0.266222 0.152221 0.003046 0.283247 0.000056
0.014474 0.279872 0.266623 0.151915 0.003058 0.284000 0.000058
0.014765 0.280374 0.266057 0.151746 0.003071 0.283931 0.000055
0.014423 0.277589 0.266974 0.151905 0.003107 0.285946 0.000055
0.014746 0.277408 0.266080 0.151553 0.003129 0.287030 0.000055
0.014786 0.276485 0.265913 0.151556 0.003096 0.288109 0.000055
0.014628 0.274908 0.266212 0.151866 0.003093 0.289239 0.000053
0.014736 0.274463 0.266239 0.151590 0.003134 0.289779 0.000060
0.014497 0.273217 0.266002 0.151526 0.003180 0.291517 0.000061
0.014555 0.273320 0.265800 0.151497 0.003196 0.291573 0.000058
0.014583 0.271611 0.265808 0.151456 0.003179 0.293297 0.000064
0.014768 0.271711 0.265235 0.151067 0.003184 0.293972 0.000063
0.014916 0.272543 0.265129 0.151133 0.003179 0.293041 0.000058
0.014652 0.270330 0.265103 0.151342 0.003162 0.295346 0.000066
0.014594 0.267105 0.265812 0.151508 0.003244 0.297671 0.000064
0.014795 0.266612 0.266048 0.151525 0.003207 0.297755 0.000059
0.014877 0.269034 0.264695 0.150923 0.003194 0.297205 0.000071
0.014688 0.264369 0.265093 0.151345 0.003210 0.301226 0.000069
0.014734 0.264051 0.265442 0.151255 0.003210 0.301251 0.000057
0.014684 0.264257 0.264917 0.151105 0.003240 0.301731 0.000067
0.014792 0.263328 0.264731 0.151038 0.003222 0.302823 0.000065
0.014846 0.260538 0.264816 0.151192 0.003320 0.305222 0.000066
0.015051 0.258908 0.265123 0.151452 0.003293 0.306106 0.000068
0.014907 0.260744 0.264798 0.150871 0.003238 0.305374 0.000068
0.014949 0.260551 0.264153 0.150799 0.003276 0.306201 0.000069
0.015021 0.257755 0.264268 0.150746 0.003302 0.308838 0.000070
0.015254 0.258854 0.263755 0.150557 0.003270 0.308240 0.000070
0.015004 0.255557 0.264196 0.150728 0.003354 0.311085 0.000075
0.015086 0.256501 0.263995 0.150180 0.003332 0.310842 0.000065
0.014916 0.254278 0.263830 0.150628 0.003353 0.312923 0.000072
0.015256 0.253823 0.263597 0.150620 0.003327 0.313313 0.000064
0.015075 0.253768 0.263467 0.150336 0.003367 0.313914 0.000072
0.015118 0.251790 0.263885 0.150157 0.003351 0.315627 0.000071
0.015207 0.252696 0.263327 0.150003 0.003376 0.315319 0.000073
0.014824 0.250179 0.263309 0.150527 0.003404 0.317689 0.000068
0.015190 0.249499 0.263223 0.149996 0.003401 0.318613 0.000079
0.014990 0.247857 0.263083 0.150230 0.003375 0.320379 0.000085
0.015092 0.246752 0.262999 0.150045 0.003453 0.321578 0.000081
0.015189 0.246865 0.262658 0.149713 0.003428 0.322068 0.000079
0.015151 0.246738 0.262462 0.149580 0.003471 0.322519 0.000079
0.015438 0.245405 0.262566 0.149401 0.003459 0.323652 0.000078
0.015304 0.245385 0.262217 0.149621 0.003409 0.323983 0.000080
0.015258 0.243834 0.262263 0.149476 0.003487 0.325591 0.000090
0.015444 0.243202 0.261843 0.149303 0.003464 0.326663 0.000081
0.015442 0.243029 0.262168 0.149370 0.003491 0.326411 0.000089
0.015220 0.240692 0.261408 0.149642 0.003503 0.329440 0.000095
0.015436 0.240251 0.261684 0.149447 0.003489 0.329608 0.000084
0.015464 0.239892 0.261416 0.149253 0.003468 0.330422 0.000085
0.015642 0.238570 0.261465 0.148902 0.003474 0.331858 0.000089
0.015555 0.237979 0.261372 0.148931 0.003531 0.332550 0.000081
0.015560 0.236902 0.260801 0.148425 0.003556 0.334669 0.000085
0.015481 0.237036 0.260576 0.148560 0.003527 0.334734 0.000085
0.015532 0.235832 0.260779 0.148728 0.003546 0.335489 0.000094
0.015802 0.234552 0.260744 0.148579 0.003519 0.336710 0.000095
0.015530 0.233194 0.260561 0.148264 0.003573 0.338779 0.000098
0.015472 0.233004 0.260616 0.148241 0.003533 0.339043 0.000091
0.015595 0.231507 0.260092 0.148579 0.003584 0.340549 0.000094
0.015623 0.230700 0.260279 0.148340 0.003645 0.341318 0.000095
0.015863 0.231360 0.259969 0.148046 0.003601 0.341069 0.000093
0.015731 0.230380 0.259560 0.147773 0.003604 0.342856 0.000096
0.015737 0.229166 0.259610 0.147892 0.003618 0.343880 0.000097
0.015911 0.229955 0.259611 0.147464 0.003617 0.343353 0.000090
0.015746 0.228599 0.259049 0.147569 0.003638 0.345298 0.000101
0.016025 0.228336 0.259083 0.147615 0.003588 0.345259 0.000094
0.015839 0.225890 0.258859 0.147231 0.003657 0.348428 0.000096
0.015718 0.227344 0.258925 0.147307 0.003579 0.347030 0.000098
0.015636 0.226917 0.258880 0.147092 0.003625 0.347753 0.000098
0.016060 0.224378 0.258388 0.147122 0.003692 0.350261 0.000099
0.015911 0.224303 0.258106 0.146925 0.003664 0.350997 0.000095
0.015942 0.222128 0.257792 0.147018 0.003683 0.353341 0.000096
0.015971 0.222241 0.257873 0.146724 0.003641 0.353449 0.000101
0.016277 0.221963 0.257563 0.146535 0.003704 0.353861 0.000096
0.016053 0.221064 0.257326 0.146588 0.003727 0.355135 0.000107
0.016090 0.219222 0.257145 0.146286 0.003681 0.357478 0.000098
0.016378 0.218692 0.256783 0.146134 0.003738 0.358171 0.000104
0.016279 0.218423 0.256422 0.146284 0.003752 0.358740 0.000100
0.016393 0.218049 0.256695 0.146071 0.003742 0.358952 0.000099
0.016435 0.218014 0.256369 0.146023 0.003739 0.359321 0.000098
0.016348 0.216631 0.255920 0.146230 0.003746 0.361023 0.000102
0.016076 0.216787 0.256124 0.145564 0.003744 0.361608 0.000097
0.016136 0.215378 0.255853 0.145517 0.003802 0.363204 0.000111
0.016337 0.214881 0.255574 0.145253 0.003755 0.364097 0.000102
0.016112 0.213392 0.255478 0.145724 0.003799 0.365391 0.000105
0.016348 0.212590 0.255003 0.145524 0.003813 0.366618 0.000103
0.016730 0.211509 0.254971 0.145414 0.003774 0.367486 0.000115
0.016191 0.211546 0.254891 0.145048 0.003823 0.368390 0.000112
0.016471 0.211106 0.254504 0.144834 0.003829 0.369147 0.000108
0.016346 0.210510 0.254022 0.145119 0.003820 0.370075 0.000107
0.016486 0.211421 0.253840 0.144548 0.003796 0.369793 0.000115
0.016454 0.209360 0.253647 0.144627 0.003818 0.371979 0.000115
0.016680 0.208000 0.253201 0.144358 0.003814 0.373830 0.000116
0.016762 0.206797 0.253410 0.144177 0.003805 0.374937 0.000111
0.016578 0.206330 0.253178 0.143990 0.003817 0.375991 0.000116
0.016585 0.206915 0.253072 0.144222 0.003817 0.375276 0.000113
0.016622 0.205371 0.253046 0.144003 0.003881 0.376966 0.000110
0.016711 0.203688 0.252071 0.143955 0.003896 0.379561 0.000118
0.016835 0.205026 0.252228 0.143978 0.003816 0.377993 0.000123
0.016655 0.203888 0.251995 0.143607 0.003899 0.379839 0.000118
0.017011 0.202537 0.251897 0.143327 0.003883 0.381228 0.000117
0.016836 0.202212 0.252061 0.143308 0.003873 0.381586 0.000124
0.016948 0.201972 0.251311 0.142921 0.003884 0.382839 0.000125
0.017070 0.201579 0.251350 0.142988 0.003887 0.383005 0.000122
0.017194 0.200867 0.251097 0.143015 0.003883 0.383827 0.000117
0.017337 0.199866 0.251130 0.142686 0.003920 0.384933 0.000127
0.017247 0.200035 0.250941 0.142789 0.003934 0.384930 0.000124
0.017265 0.199064 0.250126 0.142491 0.003937 0.386999 0.000119
0.017138 0.197231 0.250424 0.142447 0.003953 0.388686 0.000121
0.017401 0.197924 0.250107 0.142431 0.003918 0.388107 0.000113
0.017316 0.197024 0.249667 0.142121 0.003927 0.389822 0.000123
0.017321 0.196475 0.249700 0.141754 0.004017 0.390607 0.000127
0.017484 0.194931 0.248922 0.141966 0.003972 0.392601 0.000124
0.017666 0.195095 0.248578 0.141446 0.004005 0.393082 0.000128
0.017555 0.194725 0.249022 0.141420 0.003965 0.393186 0.000127
0.017463 0.194592 0.248566 0.141346 0.003982 0.393926 0.000125
0.017397 0.192416 0.248342 0.141075 0.004019 0.396622 0.000129
0.017591 0.191818 0.248248 0.141237 0.004016 0.396954 0.000135
0.017512 0.192564 0.248085 0.141242 0.004000 0.396465 0.000132
0.017661 0.190777 0.247559 0.140761 0.004004 0.399113 0.000125
0.017432 0.191192 0.247348 0.140889 0.004084 0.398922 0.000133
0.017926 0.189742 0.247279 0.140584 0.004014 0.400329 0.000126
0.018056 0.190475 0.246847 0.140433 0.004018 0.400042 0.000128
0.017569 0.189101 0.246732 0.140578 0.004038 0.401853 0.000129
0.017906 0.189122 0.246441 0.140243 0.004028 0.402125 0.000133
0.017730 0.188377 0.246423 0.140016 0.004056 0.403264 0.000135
0.017991 0.187135 0.245787 0.139963 0.004073 0.404921 0.000130
0.018271 0.186375 0.245739 0.139905 0.004041 0.405533 0.000137
0.018353 0.186527 0.245500 0.139588 0.004037 0.405866 0.000128
0.018029 0.185651 0.245404 0.139593 0.004057 0.407129 0.000138
0.018165 0.187032 0.245210 0.139272 0.004079 0.406108 0.000134
0.017774 0.184617 0.245221 0.139375 0.004077 0.408811 0.000124
0.018076 0.184609 0.244807 0.138903 0.004082 0.409388 0.000135
0.017798 0.183395 0.244251 0.138843 0.004144 0.411427 0.000141
0.018233 0.184028 0.244447 0.139068 0.004091 0.409997 0.000137
0.018416 0.182413 0.244124 0.139047 0.004077 0.411778 0.000145
0.018432 0.182651 0.243862 0.138126 0.004135 0.412635 0.000158
0.018257 0.180803 0.243439 0.138507 0.004133 0.414717 0.000145
0.018415 0.180826 0.243597 0.138371 0.004123 0.414524 0.000143
0.018362 0.180748 0.243183 0.138254 0.004140 0.415177 0.000136
0.018562 0.180073 0.243088 0.138147 0.004144 0.415845 0.000140
0.018727 0.178884 0.242899 0.137968 0.004127 0.417253 0.000142
0.018530 0.178774 0.242950 0.137819 0.004141 0.417646 0.000140
0.018510 0.178311 0.242464 0.137519 0.004185 0.418863 0.000148
0.018584 0.177650 0.241702 0.137395 0.004180 0.420344 0.000146
0.018639 0.177439 0.241841 0.136974 0.004192 0.420766 0.000150
0.018688 0.177511 0.241326 0.137105 0.004198 0.421028 0.000145
0.018524 0.176657 0.241382 0.137255 0.004222 0.421812 0.000148
0.018639 0.175339 0.240968 0.136752 0.004222 0.423929 0.000152
0.018574 0.175527 0.240652 0.137057 0.004181 0.423856 0.000153
0.018830 0.174514 0.240259 0.136482 0.004232 0.425526 0.000156
0.018581 0.174127 0.240230 0.136520 0.004203 0.426192 0.000147
0.018908 0.172823 0.239904 0.136335 0.004249 0.427635 0.000145
0.018919 0.173592 0.239713 0.136121 0.004289 0.427209 0.000157
0.019027 0.173448 0.239727 0.136026 0.004232 0.427377 0.000162
0.019243 0.172902 0.239347 0.135793 0.004264 0.428305 0.000146
0.018962 0.171903 0.238751 0.135544 0.004260 0.430422 0.000158
0.019109 0.170991 0.238734 0.135201 0.004324 0.431486 0.000156
0.018951 0.171525 0.238585 0.135122 0.004291 0.431371 0.000156
0.019005 0.170345 0.238049 0.135066 0.004326 0.433055 0.000153
0.019159 0.170722 0.237850 0.134926 0.004347 0.432840 0.000157
0.019051 0.169130 0.237533 0.134867 0.004351 0.434907 0.000161
0.019506 0.169238 0.237770 0.134571 0.004313 0.434443 0.000159
0.019316 0.167674 0.237222 0.134334 0.004260 0.437034 0.000159
0.019336 0.167998 0.237108 0.134397 0.004339 0.436655 0.000166
0.019386 0.168036 0.236970 0.134240 0.004313 0.436903 0.000153
0.019516 0.168033 0.236518 0.134001 0.004369 0.437402 0.000160
0.019304 0.166655 0.236136 0.133926 0.004357 0.439463 0.000159
0.019567 0.165766 0.235630 0.133856 0.004323 0.440694 0.000165
0.019481 0.166306 0.235647 0.133610 0.004360 0.440425 0.000171
0.019772 0.164587 0.235201 0.133429 0.004336 0.442506 0.000169
0.019623 0.163888 0.234719 0.133267 0.004390 0.443938 0.000176
0.019716 0.163457 0.234459 0.132765 0.004392 0.445046 0.000164
0.019500 0.163671 0.234891 0.133213 0.004333 0.444223 0.000169
0.019631 0.163606 0.234226 0.132902 0.004332 0.445143 0.000159
0.019896 0.162826 0.233937 0.132959 0.004305 0.445896 0.000180
0.019948 0.161798 0.233641 0.132493 0.004391 0.447558 0.000170
0.019797 0.161963 0.233793 0.132611 0.004339 0.447328 0.000169
0.019943 0.162018 0.233133 0.132424 0.004363 0.447941 0.000177
0.019955 0.160970 0.232931 0.132073 0.004370 0.449521 0.000180
0.020341 0.161493 0.232763 0.132155 0.004390 0.448679 0.000180
0.020122 0.161007 0.232354 0.132300 0.004411 0.449621 0.000184
0.020292 0.159596 0.232120 0.131792 0.004407 0.451603 0.000191
0.020270 0.159069 0.231613 0.131838 0.004453 0.452575 0.000182
0.020377 0.159432 0.231712 0.131615 0.004407 0.452264 0.000193
0.020251 0.158554 0.231090 0.131411 0.004429 0.454088 0.000177
0.020472 0.157639 0.231311 0.131029 0.004395 0.454969 0.000186
0.020406 0.157203 0.230980 0.131094 0.004423 0.455709 0.000185
0.020346 0.157431 0.231231 0.130989 0.004405 0.455414 0.000184
0.020363 0.155774 0.230374 0.130606 0.004406 0.458287 0.000189
0.020234 0.156469 0.230495 0.130689 0.004441 0.457486 0.000186
0.020254 0.155727 0.229781 0.130517 0.004484 0.459058 0.000178
0.020736 0.156534 0.229680 0.130455 0.004426 0.457981 0.000187
0.020503 0.154135 0.229330 0.130270 0.004485 0.461097 0.000181
0.020602 0.154362 0.228871 0.130044 0.004424 0.461517 0.000179
0.020779 0.154419 0.229024 0.129781 0.004472 0.461340 0.000186
0.020725 0.153063 0.228353 0.129707 0.004476 0.463486 0.000190
0.020534 0.153127 0.228145 0.129778 0.004477 0.463747 0.000191
0.020820 0.152802 0.227760 0.129419 0.004511 0.464494 0.000194
0.020671 0.152775 0.227745 0.129170 0.004513 0.464931 0.000195
0.021006 0.152237 0.227126 0.129015 0.004505 0.465924 0.000187
0.021153 0.152282 0.226884 0.129029 0.004442 0.466011 0.000199
0.021068 0.151333 0.226714 0.128768 0.004518 0.467401 0.000198
0.020688 0.150986 0.226725 0.128907 0.004467 0.468035 0.000192
0.021125 0.150884 0.226383 0.128339 0.004488 0.468572 0.000210
0.021006 0.150510 0.226148 0.128546 0.004470 0.469118 0.000203
0.020919 0.150646 0.225549 0.128912 0.004481 0.469291 0.000202
0.021486 0.149561 0.225173 0.128061 0.004486 0.471028 0.000205
0.021167 0.149594 0.225058 0.128001 0.004557 0.471425 0.000197
0.021440 0.148928 0.224854 0.127659 0.004515 0.472406 0.000199
0.021321 0.148347 0.223659 0.127782 0.004557 0.474137 0.000197
0.021293 0.147847 0.224295 0.127586 0.004599 0.474185 0.000195
0.021439 0.147750 0.224248 0.127262 0.004519 0.474583 0.000199
0.021672 0.148023 0.223904 0.127149 0.004505 0.474539 0.000207
0.021373 0.147290 0.223959 0.126793 0.004529 0.475863 0.000192
0.021415 0.146220 0.223466 0.126832 0.004521 0.477344 0.000201
0.021803 0.145803 0.222811 0.126525 0.004589 0.478256 0.000213
0.021632 0.146229 0.222887 0.126292 0.004566 0.478186 0.000207
0.021672 0.145580 0.222390 0.126277 0.004587 0.479290 0.000203
0.022049 0.145456 0.222307 0.125904 0.004619 0.479460 0.000205
0.022074 0.144376 0.221658 0.126117 0.004573 0.480984 0.000218
0.021776 0.144639 0.221378 0.125632 0.004627 0.481749 0.000199
0.022038 0.143501 0.221317 0.125646 0.004591 0.482695 0.000211
0.021678 0.143877 0.221053 0.125625 0.004614 0.482942 0.000212
0.022070 0.143218 0.220815 0.125330 0.004599 0.483771 0.000197
0.021786 0.143152 0.220609 0.125514 0.004652 0.484080 0.000207
0.022117 0.142446 0.220146 0.124829 0.004662 0.485597 0.000204
0.022212 0.142206 0.219887 0.124954 0.004630 0.485908 0.000203
0.022259 0.142656 0.220155 0.124825 0.004696 0.485205 0.000203
0.022164 0.141711 0.219871 0.124349 0.004608 0.487089 0.000208
0.022102 0.141661 0.219517 0.124352 0.004656 0.487502 0.000210
0.022633 0.141459 0.218973 0.124450 0.004632 0.487637 0.000215
