0.999108 0.000871 0.000012 0.000009 0.000000 0.000000 0.000000
0.998675 0.001294 0.000019 0.000004 0.000000 0.000009 0.000000
0.998244 0.001712 0.000027 0.000008 0.000000 0.000010 0.000000
0.997790 0.002156 0.000034 0.000010 0.000000 0.000010 0.000000
0.997318 0.002620 0.000040 0.000013 0.000000 0.000010 0.000000
0.996858 0.003067 0.000044 0.000021 0.000000 0.000009 0.000000
0.996328 0.003589 0.000053 0.000021 0.000000 0.000009 0.000000
0.995752 0.004159 0.000058 0.000021 0.000000 0.000010 0.000000
0.995000 0.004907 0.000061 0.000021 0.000000 0.000009 0.000000
0.994033 0.005864 0.000065 0.000030 0.000000 0.000008 0.000000
0.993034 0.006848 0.000079 0.000032 0.000000 0.000008 0.000000
0.991691 0.008163 0.000097 0.000042 0.000000 0.000007 0.000000
0.989805 0.010023 0.000109 0.000056 0.000000 0.000007 0.000000
0.987876 0.011905 0.000133 0.000080 0.000000 0.000006 0.000000
0.985418 0.014366 0.000143 0.000067 0.000000 0.000006 0.000000
0.982404 0.017333 0.000172 0.000086 0.000000 0.000005 0.000000
0.978341 0.021316 0.000224 0.000115 0.000000 0.000004 0.000000
0.974831 0.024784 0.000267 0.000114 0.000000 0.000004 0.000000
0.969808 0.029683 0.000344 0.000161 0.000000 0.000005 0.000000
0.963712 0.035660 0.000401 0.000220 0.000000 0.000007 0.000000
0.957719 0.041564 0.000453 0.000255 0.000000 0.000009 0.000000
0.950026 0.049032 0.000575 0.000360 0.000000 0.000007 0.000000
0.941855 0.057006 0.000712 0.000420 0.000000 0.000007 0.000000
0.932592 0.066033 0.000854 0.000510 0.000000 0.000011 0.000000
0.924057 0.074370 0.000954 0.000603 0.000000 0.000016 0.000000
0.912242 0.085872 0.001168 0.000693 0.000000 0.000025 0.000000
0.899917 0.097892 0.001365 0.000794 0.000000 0.000033 0.000000
0.887755 0.109712 0.001586 0.000911 0.000000 0.000037 0.000000
0.875031 0.122134 0.001747 0.001044 0.000000 0.000044 0.000000
0.862558 0.134206 0.001988 0.001190 0.000000 0.000058 0.000000
0.848377 0.147907 0.002272 0.001380 0.000000 0.000065 0.000000
0.833743 0.162041 0.002585 0.001549 0.000000 0.000082 0.000000
0.818934 0.176341 0.002910 0.001732 0.000000 0.000083 0.000000
0.803376 0.191293 0.003260 0.001977 0.000000 0.000093 0.000000
0.788080 0.206036 0.003572 0.002194 0.000000 0.000118 0.000000
0.773251 0.220198 0.003972 0.002448 0.000000 0.000131 0.000000
0.758422 0.234437 0.004315 0.002687 0.000001 0.000138 0.000000
0.745086 0.247188 0.004687 0.002884 0.000001 0.000154 0.000000
0.728898 0.262621 0.005164 0.003146 0.000001 0.000171 0.000000
0.712195 0.278512 0.005691 0.003414 0.000001 0.000187 0.000000
0.698642 0.291321 0.006177 0.003653 0.000002 0.000205 0.000000
0.684011 0.305205 0.006645 0.003914 0.000003 0.000222 0.000000
0.668699 0.319709 0.007158 0.004192 0.000003 0.000238 0.000000
0.652439 0.335077 0.007717 0.004504 0.000004 0.000258 0.000000
0.639394 0.347313 0.008227 0.004785 0.000005 0.000275 0.000000
0.624988 0.360759 0.008797 0.005155 0.000006 0.000295 0.000000
0.609450 0.375258 0.009415 0.005546 0.000008 0.000323 0.000000
0.595062 0.388599 0.010059 0.005928 0.000008 0.000344 0.000000
0.580132 0.402462 0.010762 0.006253 0.000008 0.000383 0.000000
0.564761 0.416630 0.011503 0.006670 0.000010 0.000425 0.000000
0.553300 0.427155 0.012072 0.007000 0.000011 0.000462 0.000000
0.542743 0.436720 0.012653 0.007370 0.000011 0.000503 0.000000
0.524632 0.453383 0.013552 0.007876 0.000011 0.000545 0.000000
0.512288 0.464418 0.014366 0.008323 0.000010 0.000595 0.000000
0.499522 0.475946 0.015162 0.008716 0.000012 0.000642 0.000000
0.486346 0.487656 0.016084 0.009212 0.000011 0.000691 0.000000
0.474022 0.498604 0.016935 0.009680 0.000012 0.000748 0.000000
0.462748 0.508490 0.017789 0.010155 0.000011 0.000807 0.000000
0.451457 0.518513 0.018536 0.010620 0.000012 0.000862 0.000000
0.438453 0.529639 0.019694 0.011260 0.000014 0.000940 0.000000
0.429037 0.537669 0.020519 0.011750 0.000014 0.001011 0.000000
0.416951 0.548144 0.021559 0.012248 0.000013 0.001085 0.000000
0.407170 0.556337 0.022531 0.012778 0.000017 0.001166 0.000000
0.397142 0.564749 0.023509 0.013338 0.000019 0.001243 0.000000
0.387064 0.573203 0.024489 0.013893 0.000019 0.001332 0.000000
0.376054 0.582354 0.025623 0.014525 0.000020 0.001424 0.000000
0.368278 0.588726 0.026437 0.015034 0.000018 0.001508 0.000000
0.357123 0.597953 0.027642 0.015635 0.000021 0.001626 0.000000
0.350326 0.603297 0.028541 0.016102 0.000022 0.001712 0.000000
0.341774 0.609787 0.029691 0.016891 0.000021 0.001836 0.000000
0.331373 0.618019 0.031022 0.017595 0.000023 0.001968 0.000000
0.323241 0.624254 0.032124 0.018281 0.000025 0.002075 0.000000
0.318333 0.627424 0.033202 0.018836 0.000026 0.002180 0.000000
0.309265 0.634008 0.034695 0.019647 0.000030 0.002355 0.000000
0.305121 0.636577 0.035633 0.020199 0.000028 0.002443 0.000000
0.297360 0.642304 0.036820 0.020880 0.000031 0.002605 0.000000
0.290941 0.646709 0.037997 0.021566 0.000032 0.002754 0.000000
0.281292 0.653689 0.039554 0.022482 0.000032 0.002951 0.000000
0.280647 0.652744 0.040443 0.023032 0.000035 0.003100 0.000000
0.276655 0.655165 0.041382 0.023525 0.000036 0.003237 0.000000
0.265143 0.663896 0.043030 0.024453 0.000037 0.003440 0.000000
0.259168 0.667441 0.044417 0.025291 0.000043 0.003639 0.000000
0.253709 0.670995 0.045570 0.025886 0.000042 0.003798 0.000000
0.249271 0.673432 0.046678 0.026616 0.000046 0.003957 0.000000
0.242162 0.678086 0.048161 0.027389 0.000045 0.004157 0.000000
0.236269 0.681491 0.049555 0.028285 0.000050 0.004350 0.000000
0.231119 0.684126 0.051087 0.029067 0.000051 0.004550 0.000000
0.224919 0.688028 0.052327 0.029879 0.000050 0.004795 0.000000
0.219950 0.689929 0.053989 0.030977 0.000055 0.005099 0.000001
0.218488 0.690054 0.054831 0.031312 0.000055 0.005260 0.000001
0.207704 0.696704 0.057193 0.032714 0.000056 0.005629 0.000001
0.206383 0.696608 0.057945 0.033192 0.000066 0.005805 0.000001
0.202846 0.697622 0.059421 0.034012 0.000069 0.006031 0.000000
0.197640 0.700515 0.060756 0.034723 0.000076 0.006289 0.000001
0.189825 0.704841 0.062821 0.035803 0.000075 0.006634 0.000001
0.182850 0.708843 0.064430 0.036894 0.000082 0.006902 0.000001
0.184313 0.705407 0.065484 0.037526 0.000085 0.007185 0.000001
0.178186 0.708149 0.067564 0.038496 0.000089 0.007516 0.000001
0.178297 0.706872 0.068151 0.038937 0.000095 0.007648 0.000001
0.171661 0.710082 0.070117 0.040029 0.000097 0.008013 0.000001
0.166767 0.711705 0.071887 0.041073 0.000109 0.008459 0.000001
0.165699 0.710197 0.073380 0.041843 0.000105 0.008775 0.000000
0.160397 0.712535 0.075032 0.042894 0.000107 0.009034 0.000001
0.162780 0.709097 0.075529 0.043179 0.000114 0.009300 0.000001
0.162353 0.707432 0.076730 0.043733 0.000112 0.009639 0.000000
0.155221 0.711312 0.078446 0.044886 0.000125 0.010009 0.000001
0.158461 0.706998 0.078944 0.045249 0.000119 0.010227 0.000002
0.154620 0.707425 0.080939 0.046229 0.000127 0.010658 0.000001
0.150116 0.708318 0.082967 0.047320 0.000136 0.011141 0.000002
0.154844 0.703042 0.083313 0.047317 0.000144 0.011338 0.000002
0.155140 0.699702 0.084875 0.048447 0.000156 0.011679 0.000001
0.152077 0.700619 0.086122 0.048997 0.000157 0.012028 0.000001
0.149407 0.700179 0.087744 0.050059 0.000157 0.012451 0.000002
0.151007 0.697794 0.088167 0.050185 0.000165 0.012680 0.000002
0.150281 0.695441 0.089851 0.051132 0.000173 0.013121 0.000001
0.147732 0.695506 0.091141 0.051929 0.000172 0.013517 0.000002
0.149426 0.691728 0.092327 0.052408 0.000176 0.013934 0.000001
0.147352 0.691839 0.093348 0.053026 0.000178 0.014256 0.000001
0.144804 0.691672 0.094765 0.053888 0.000180 0.014691 0.000001
0.146672 0.688353 0.095398 0.054429 0.000191 0.014955 0.000002
0.144368 0.688060 0.096833 0.055095 0.000193 0.015450 0.000002
0.144699 0.686481 0.097404 0.055514 0.000194 0.015707 0.000002
0.139844 0.688089 0.099123 0.056557 0.000204 0.016180 0.000003
0.136369 0.687487 0.101362 0.057732 0.000212 0.016836 0.000002
0.130404 0.690790 0.102759 0.058588 0.000218 0.017240 0.000002
0.131341 0.688412 0.103402 0.059153 0.000220 0.017470 0.000002
0.128983 0.687926 0.105033 0.059790 0.000231 0.018034 0.000002
0.123924 0.689742 0.106741 0.060852 0.000237 0.018502 0.000003
0.120809 0.690758 0.107798 0.061444 0.000237 0.018953 0.000002
0.120136 0.689387 0.108808 0.062041 0.000248 0.019378 0.000003
0.115426 0.690175 0.110957 0.063263 0.000251 0.019926 0.000002
0.116846 0.686773 0.111852 0.063891 0.000251 0.020383 0.000003
0.106942 0.691036 0.114804 0.065627 0.000260 0.021330 0.000002
0.104887 0.691591 0.115757 0.065983 0.000269 0.021509 0.000003
0.104975 0.690967 0.115921 0.066060 0.000273 0.021800 0.000003
0.103021 0.688773 0.118170 0.067254 0.000276 0.022504 0.000002
0.099382 0.687986 0.120500 0.068573 0.000292 0.023264 0.000003
0.103904 0.682831 0.120775 0.068581 0.000289 0.023617 0.000002
0.098923 0.684061 0.122841 0.069693 0.000308 0.024173 0.000002
0.091940 0.685919 0.125405 0.071269 0.000315 0.025148 0.000003
0.092607 0.682046 0.127003 0.072189 0.000317 0.025836 0.000002
0.095216 0.678426 0.127398 0.072457 0.000322 0.026178 0.000003
0.100902 0.673594 0.126847 0.072049 0.000317 0.026289 0.000002
0.099138 0.671128 0.129050 0.073302 0.000322 0.027057 0.000002
0.105799 0.665701 0.128182 0.072873 0.000332 0.027110 0.000003
0.098529 0.667369 0.131082 0.074471 0.000343 0.028203 0.000003
0.098984 0.664747 0.132112 0.075019 0.000352 0.028784 0.000002
0.096594 0.664411 0.133464 0.075762 0.000359 0.029405 0.000003
0.098022 0.661909 0.133908 0.075898 0.000366 0.029896 0.000002
0.089514 0.663795 0.137371 0.077941 0.000381 0.030997 0.000002
0.091674 0.661679 0.137143 0.077934 0.000374 0.031194 0.000003
0.087040 0.662610 0.138920 0.079064 0.000397 0.031966 0.000004
0.088038 0.659667 0.139783 0.079544 0.000387 0.032576 0.000005
0.080982 0.662056 0.142149 0.080942 0.000396 0.033471 0.000004
0.078854 0.661441 0.143344 0.081827 0.000404 0.034125 0.000004
0.076018 0.660713 0.145212 0.082768 0.000419 0.034864 0.000005
0.071431 0.662117 0.146774 0.083538 0.000425 0.035710 0.000005
0.071370 0.659991 0.147621 0.084337 0.000420 0.036256 0.000005
0.067305 0.662079 0.148725 0.084796 0.000441 0.036647 0.000005
0.063256 0.660791 0.151408 0.086340 0.000446 0.037753 0.000005
0.059094 0.661581 0.153120 0.087241 0.000457 0.038504 0.000004
0.058740 0.659675 0.154170 0.087789 0.000462 0.039158 0.000006
0.054459 0.659146 0.156534 0.089061 0.000480 0.040314 0.000006
0.051554 0.658330 0.158246 0.090167 0.000495 0.041203 0.000006
0.050549 0.659527 0.158115 0.090173 0.000483 0.041149 0.000005
0.047373 0.656361 0.161206 0.091883 0.000512 0.042659 0.000006
0.045056 0.655767 0.162702 0.092744 0.000504 0.043221 0.000006
0.042214 0.653587 0.164990 0.094112 0.000522 0.044569 0.000005
0.040537 0.653068 0.166041 0.094655 0.000527 0.045165 0.000007
0.038753 0.652113 0.167361 0.095482 0.000539 0.045747 0.000006
0.039147 0.650456 0.167834 0.095677 0.000544 0.046333 0.000008
0.034936 0.646447 0.171805 0.098015 0.000559 0.048234 0.000005
0.034281 0.645576 0.172532 0.098212 0.000565 0.048826 0.000006
0.034478 0.643788 0.172960 0.098916 0.000574 0.049277 0.000007
0.038362 0.637696 0.173861 0.099257 0.000600 0.050219 0.000006
0.039488 0.635340 0.174385 0.099314 0.000603 0.050864 0.000006
0.035351 0.634341 0.177024 0.100907 0.000622 0.051750 0.000006
0.037434 0.631448 0.177109 0.101018 0.000626 0.052357 0.000008
0.038935 0.627748 0.178203 0.101426 0.000634 0.053047 0.000008
0.034874 0.626990 0.180354 0.102807 0.000658 0.054308 0.000008
0.038207 0.622889 0.180640 0.102836 0.000648 0.054772 0.000008
0.039022 0.621156 0.180764 0.103175 0.000642 0.055232 0.000009
0.036012 0.620835 0.182589 0.103727 0.000654 0.056175 0.000007
0.035007 0.620156 0.183226 0.104139 0.000682 0.056783 0.000007
0.035810 0.617360 0.183898 0.104843 0.000681 0.057400 0.000008
0.037021 0.612572 0.185557 0.105566 0.000695 0.058583 0.000007
0.034972 0.611118 0.187136 0.106280 0.000720 0.059767 0.000006
0.032532 0.610911 0.188353 0.107035 0.000720 0.060439 0.000009
0.032931 0.609515 0.188499 0.107304 0.000737 0.061006 0.000010
0.034151 0.605927 0.189474 0.107811 0.000750 0.061879 0.000007
0.030483 0.605919 0.191203 0.108828 0.000748 0.062813 0.000006
0.029973 0.602887 0.192738 0.109605 0.000780 0.064009 0.000007
0.026246 0.602034 0.194879 0.110748 0.000791 0.065293 0.000008
0.028189 0.598458 0.195567 0.110974 0.000810 0.065996 0.000007
0.028463 0.597948 0.195455 0.111101 0.000781 0.066246 0.000006
0.026602 0.595123 0.197316 0.112278 0.000812 0.067862 0.000007
0.025842 0.592591 0.198853 0.112918 0.000822 0.068967 0.000008
0.024552 0.590997 0.200196 0.113644 0.000847 0.069757 0.000007
0.025404 0.591248 0.199297 0.113276 0.000846 0.069921 0.000008
0.023496 0.590409 0.200655 0.114062 0.000852 0.070519 0.000007
0.024027 0.585661 0.202431 0.114929 0.000858 0.072086 0.000006
0.021840 0.584124 0.204048 0.115827 0.000882 0.073273 0.000006
0.020886 0.581375 0.205526 0.117050 0.000898 0.074259 0.000006
0.021470 0.580544 0.205868 0.116457 0.000880 0.074772 0.000008
0.020791 0.577096 0.207353 0.117641 0.000917 0.076194 0.000008
0.020681 0.577904 0.206821 0.117542 0.000897 0.076147 0.000008
0.020904 0.576980 0.207037 0.117587 0.000931 0.076554 0.000007
0.019244 0.572921 0.209364 0.118922 0.000914 0.078629 0.000007
0.019104 0.569580 0.210693 0.119923 0.000957 0.079735 0.000009
0.019287 0.567579 0.211293 0.120178 0.000959 0.080695 0.000009
0.019016 0.565740 0.212165 0.120464 0.000961 0.081646 0.000008
0.018161 0.562640 0.213774 0.121505 0.000969 0.082942 0.000009
0.017892 0.560723 0.214694 0.121936 0.000990 0.083753 0.000011
0.018039 0.560631 0.214550 0.121950 0.000982 0.083840 0.000009
0.017878 0.556269 0.216209 0.122776 0.001020 0.085836 0.000011
0.017549 0.554020 0.217195 0.123684 0.001050 0.086492 0.000010
0.026298 0.548699 0.215290 0.122492 0.001004 0.086205 0.000011
0.025191 0.546263 0.216563 0.123165 0.001032 0.087776 0.000010
0.026715 0.544058 0.216656 0.123263 0.001016 0.088285 0.000008
0.027037 0.541772 0.217127 0.123706 0.001021 0.089327 0.000009
0.028550 0.539854 0.217335 0.123785 0.001045 0.089423 0.000007
0.026110 0.539512 0.218074 0.124611 0.001052 0.090629 0.000011
0.032009 0.534229 0.217632 0.124067 0.001062 0.090992 0.000010
0.027355 0.533081 0.220118 0.125252 0.001116 0.093067 0.000010
0.028508 0.532763 0.219265 0.124939 0.001094 0.093422 0.000010
0.026573 0.532294 0.220359 0.125531 0.001103 0.094129 0.000012
0.030581 0.528737 0.219604 0.125298 0.001092 0.094676 0.000012
0.032069 0.524604 0.220384 0.125805 0.001134 0.095994 0.000010
0.035409 0.522889 0.219550 0.125067 0.001103 0.095970 0.000012
0.035606 0.520376 0.220158 0.125681 0.001132 0.097033 0.000012
0.034784 0.519128 0.220803 0.126110 0.001137 0.098029 0.000010
0.033702 0.519167 0.220941 0.126550 0.001134 0.098493 0.000014
0.034018 0.516159 0.222010 0.126777 0.001147 0.099876 0.000013
0.032977 0.516716 0.222099 0.126819 0.001158 0.100218 0.000013
0.035341 0.512791 0.222380 0.126788 0.001177 0.101509 0.000014
0.033544 0.511916 0.223149 0.127689 0.001187 0.102502 0.000015
0.034481 0.510550 0.223280 0.127381 0.001164 0.103129 0.000015
0.031085 0.509349 0.225071 0.128615 0.001198 0.104668 0.000015
0.031043 0.508617 0.225231 0.128618 0.001197 0.105277 0.000018
0.028326 0.507340 0.227033 0.129248 0.001241 0.106795 0.000017
0.026640 0.506708 0.227585 0.129974 0.001237 0.107842 0.000014
0.028369 0.506163 0.227083 0.129457 0.001239 0.107669 0.000019
0.023186 0.504756 0.229349 0.131263 0.001275 0.110154 0.000017
0.024058 0.501146 0.230554 0.131403 0.001267 0.111556 0.000016
0.023449 0.500292 0.230732 0.131815 0.001280 0.112415 0.000017
0.023243 0.498171 0.231504 0.132177 0.001280 0.113607 0.000018
0.022711 0.498930 0.231090 0.132174 0.001275 0.113802 0.000019
0.019846 0.495883 0.233763 0.133410 0.001326 0.115757 0.000015
0.020240 0.494685 0.233894 0.133588 0.001335 0.116236 0.000021
0.018268 0.492361 0.235905 0.134321 0.001347 0.117776 0.000022
0.018213 0.490950 0.236016 0.134750 0.001344 0.118708 0.000018
0.019269 0.491801 0.234921 0.134028 0.001344 0.118615 0.000021
0.017302 0.489405 0.236442 0.135161 0.001400 0.120271 0.000019
0.017340 0.485537 0.237585 0.135929 0.001385 0.122202 0.000022
0.016575 0.484980 0.238276 0.135949 0.001407 0.122790 0.000022
0.015904 0.483312 0.238713 0.136422 0.001422 0.124207 0.000020
0.015736 0.481626 0.239294 0.136704 0.001432 0.125188 0.000020
0.015452 0.477134 0.240827 0.137571 0.001446 0.127547 0.000023
0.015344 0.478387 0.240595 0.137031 0.001493 0.127127 0.000023
0.015485 0.476902 0.240860 0.137499 0.001484 0.127747 0.000022
0.014881 0.473922 0.241939 0.138072 0.001523 0.129636 0.000027
0.014404 0.472544 0.242489 0.138456 0.001478 0.130606 0.000023
0.013983 0.470194 0.243678 0.138852 0.001499 0.131769 0.000025
0.014164 0.469905 0.243307 0.138779 0.001504 0.132319 0.000022
0.013957 0.466591 0.244213 0.139519 0.001521 0.134173 0.000026
0.013583 0.465690 0.244694 0.139825 0.001534 0.134650 0.000025
0.013561 0.463232 0.245434 0.140214 0.001554 0.135978 0.000027
0.013194 0.460050 0.246727 0.140646 0.001577 0.137781 0.000025
0.013224 0.458926 0.246961 0.140784 0.001559 0.138516 0.000030
0.013359 0.458546 0.246916 0.140632 0.001586 0.138931 0.000031
0.013082 0.456158 0.247784 0.141094 0.001594 0.140258 0.000029
0.013048 0.455670 0.247943 0.141027 0.001604 0.140682 0.000026
0.012778 0.453115 0.248769 0.141809 0.001623 0.141879 0.000027
0.013051 0.452171 0.248620 0.141638 0.001633 0.142858 0.000029
0.012459 0.448250 0.250388 0.142546 0.001647 0.144681 0.000029
0.012982 0.447967 0.249598 0.142363 0.001671 0.145395 0.000025
0.012577 0.445052 0.250731 0.142919 0.001658 0.147034 0.000028
0.012536 0.444016 0.250786 0.142990 0.001676 0.147966 0.000030
0.012372 0.442385 0.251239 0.143445 0.001686 0.148842 0.000031
0.012444 0.441107 0.251417 0.143204 0.001667 0.150130 0.000030
0.012543 0.441123 0.251075 0.143251 0.001673 0.150307 0.000029
0.012282 0.438908 0.251999 0.143696 0.001722 0.151364 0.000029
0.012364 0.434094 0.253234 0.144157 0.001728 0.154392 0.000031
0.012504 0.437874 0.251958 0.143312 0.001732 0.152591 0.000028
0.012266 0.433233 0.253220 0.144529 0.001712 0.155008 0.000033
0.012063 0.430636 0.254239 0.144850 0.001762 0.156421 0.000029
0.011897 0.429060 0.254523 0.144930 0.001804 0.157755 0.000032
0.012155 0.428576 0.254209 0.144814 0.001783 0.158430 0.000034
0.011807 0.425910 0.255352 0.145283 0.001780 0.159837 0.000031
0.011766 0.424725 0.255593 0.145566 0.001782 0.160539 0.000029
0.011873 0.423695 0.255401 0.145564 0.001819 0.161616 0.000032
0.011798 0.421182 0.256586 0.145631 0.001836 0.162936 0.000032
0.011662 0.418652 0.256874 0.146194 0.001847 0.164740 0.000031
0.011733 0.419873 0.256362 0.145961 0.001865 0.164175 0.000032
0.011791 0.419155 0.256414 0.146039 0.001856 0.164710 0.000035
0.011883 0.415562 0.257234 0.146646 0.001882 0.166759 0.000034
0.011550 0.414564 0.257655 0.146711 0.001879 0.167608 0.000034
0.011709 0.412099 0.258113 0.147052 0.001893 0.169101 0.000033
0.011559 0.410893 0.258273 0.147265 0.001912 0.170064 0.000033
0.011461 0.407643 0.259241 0.147800 0.001929 0.171893 0.000034
0.011657 0.406624 0.258913 0.147717 0.001939 0.173117 0.000034
0.011693 0.407395 0.258509 0.147555 0.001933 0.172880 0.000035
0.011483 0.405647 0.259288 0.147549 0.001945 0.174051 0.000036
0.011515 0.403473 0.259633 0.147927 0.001968 0.175453 0.000032
0.011475 0.401435 0.260108 0.148347 0.001967 0.176626 0.000043
0.011369 0.400425 0.260292 0.148385 0.002001 0.177493 0.000035
0.011579 0.398938 0.260334 0.148458 0.001978 0.178683 0.000030
0.011446 0.398829 0.260188 0.148301 0.001985 0.179217 0.000035
0.011400 0.397195 0.260721 0.148570 0.002023 0.180058 0.000034
0.011416 0.394514 0.261302 0.148947 0.002044 0.181742 0.000035
0.011430 0.394552 0.261029 0.148880 0.002060 0.182013 0.000035
0.011504 0.392290 0.261479 0.149230 0.002053 0.183410 0.000034
0.011366 0.391117 0.261923 0.149197 0.002085 0.184276 0.000038
0.011336 0.387888 0.262275 0.150041 0.002103 0.186318 0.000040
0.011272 0.387637 0.262278 0.149868 0.002114 0.186796 0.000035
0.011393 0.386303 0.262244 0.149861 0.002117 0.188039 0.000042
0.011348 0.384488 0.262393 0.149938 0.002115 0.189680 0.000038
0.011257 0.382586 0.262799 0.150274 0.002129 0.190915 0.000041
0.011315 0.381818 0.262871 0.150096 0.002134 0.191727 0.000040
0.011298 0.380980 0.263119 0.150225 0.002123 0.192219 0.000037
0.011349 0.380726 0.262781 0.150337 0.002139 0.192631 0.000037
0.011304 0.378530 0.263390 0.150495 0.002176 0.194065 0.000039
0.011102 0.375408 0.264024 0.150948 0.002169 0.196311 0.000039
0.011224 0.375727 0.263762 0.150826 0.002204 0.196215 0.000042
0.011175 0.374197 0.263998 0.150914 0.002216 0.197462 0.000037
0.011119 0.372598 0.264216 0.151085 0.002228 0.198717 0.000037
0.011229 0.370670 0.264385 0.151343 0.002245 0.200092 0.000036
0.011260 0.369116 0.264650 0.151359 0.002242 0.201330 0.000043
0.011274 0.368354 0.264545 0.151554 0.002248 0.201986 0.000039
0.011082 0.365006 0.265201 0.151884 0.002302 0.204485 0.000039
0.011188 0.365081 0.265201 0.151801 0.002291 0.204395 0.000043
0.011216 0.366703 0.264353 0.151518 0.002269 0.203902 0.000039
0.011152 0.363073 0.265402 0.151894 0.002313 0.206127 0.000040
0.011224 0.361083 0.265370 0.152000 0.002361 0.207919 0.000043
0.011244 0.360027 0.265533 0.151906 0.002352 0.208892 0.000046
0.011137 0.362550 0.264539 0.151845 0.002325 0.207564 0.000040
0.011197 0.357522 0.265980 0.152158 0.002388 0.210712 0.000044
0.011133 0.356353 0.265989 0.152467 0.002367 0.211647 0.000045
0.011051 0.355059 0.265966 0.152206 0.002390 0.213287 0.000041
0.011202 0.354307 0.266449 0.152135 0.002400 0.213466 0.000041
0.011104 0.352969 0.266371 0.152609 0.002393 0.214508 0.000045
0.011014 0.351730 0.266333 0.152632 0.002420 0.215825 0.000046
0.011084 0.350368 0.266641 0.152576 0.002463 0.216821 0.000048
0.011190 0.348721 0.266651 0.152749 0.002442 0.218197 0.000049
0.011071 0.348479 0.266542 0.152835 0.002450 0.218572 0.000052
0.011245 0.345406 0.266997 0.152929 0.002466 0.220906 0.000051
0.011103 0.343155 0.267411 0.153408 0.002498 0.222374 0.000050
0.011230 0.343720 0.267152 0.152788 0.002456 0.222605 0.000048
0.011179 0.343113 0.267069 0.152793 0.002507 0.223294 0.000044
0.011192 0.342400 0.267142 0.153007 0.002492 0.223720 0.000047
0.011112 0.341325 0.267127 0.152842 0.002505 0.225038 0.000051
0.011223 0.338139 0.267510 0.153277 0.002549 0.227247 0.000056
0.011301 0.339587 0.266931 0.153012 0.002547 0.226570 0.000054
0.011327 0.336683 0.267182 0.153175 0.002534 0.229050 0.000050
0.011209 0.336342 0.267607 0.153329 0.002520 0.228942 0.000051
0.011207 0.333254 0.267760 0.153385 0.002547 0.231795 0.000052
0.011283 0.331926 0.267641 0.153418 0.002597 0.233081 0.000053
0.011242 0.330335 0.267919 0.153832 0.002585 0.234025 0.000061
0.011195 0.330593 0.268003 0.153217 0.002592 0.234341 0.000058
0.011276 0.330340 0.267896 0.153502 0.002617 0.234308 0.000061
0.011387 0.329310 0.267710 0.153290 0.002610 0.235644 0.000050
0.011116 0.327055 0.268348 0.153354 0.002642 0.237426 0.000059
0.011341 0.326449 0.268050 0.153261 0.002664 0.238174 0.000062
0.011209 0.324868 0.267837 0.153440 0.002677 0.239905 0.000063
0.011316 0.323404 0.268083 0.153572 0.002671 0.240903 0.000052
0.011268 0.323698 0.267930 0.153496 0.002625 0.240920 0.000062
0.011249 0.321027 0.268340 0.153669 0.002717 0.242935 0.000063
0.011315 0.320931 0.268155 0.153819 0.002682 0.243037 0.000060
0.011246 0.318427 0.268513 0.153897 0.002718 0.245141 0.000058
0.011306 0.317060 0.268665 0.153382 0.002703 0.246823 0.000061
0.011387 0.317077 0.268180 0.153429 0.002763 0.247097 0.000067
0.011327 0.316351 0.268426 0.153442 0.002695 0.247697 0.000062
0.011254 0.315978 0.268224 0.153343 0.002746 0.248385 0.000071
0.011362 0.313700 0.268439 0.153655 0.002756 0.250027 0.000061
0.011360 0.310803 0.268727 0.153915 0.002761 0.252369 0.000064
0.011312 0.311544 0.268718 0.153508 0.002780 0.252071 0.000066
0.011416 0.308926 0.268788 0.153841 0.002810 0.254152 0.000067
0.011409 0.308604 0.268608 0.153590 0.002825 0.254896 0.000068
0.011344 0.308070 0.268463 0.153495 0.002827 0.255737 0.000065
0.011325 0.306378 0.268953 0.153681 0.002842 0.256754 0.000066
0.011336 0.305738 0.268648 0.153855 0.002863 0.257496 0.000065
0.011366 0.304509 0.268544 0.153403 0.002849 0.259261 0.000069
0.011275 0.303097 0.268655 0.153670 0.002900 0.260329 0.000073
0.011467 0.301328 0.268619 0.153479 0.002919 0.262113 0.000076
0.011428 0.301823 0.268585 0.153500 0.002901 0.261694 0.000070
0.011330 0.299874 0.268663 0.153912 0.002907 0.263243 0.000071
0.011465 0.299687 0.268302 0.153642 0.002903 0.263929 0.000072
0.011348 0.298608 0.268560 0.153547 0.002912 0.264953 0.000071
0.011526 0.296969 0.268407 0.153504 0.002939 0.266586 0.000069
0.011456 0.295103 0.268670 0.153492 0.003001 0.268208 0.000070
0.011475 0.294878 0.268344 0.153693 0.002957 0.268578 0.000074
0.011405 0.293808 0.268286 0.153398 0.002962 0.270063 0.000078
0.011493 0.293181 0.268283 0.153461 0.002993 0.270511 0.000078
0.011567 0.291957 0.268214 0.153295 0.002995 0.271896 0.000076
0.011490 0.290960 0.267530 0.153876 0.002997 0.273070 0.000078
0.011535 0.290692 0.267802 0.153541 0.002976 0.273381 0.000073
0.011494 0.289040 0.268351 0.153229 0.003040 0.274772 0.000075
0.011574 0.286928 0.268508 0.153311 0.003053 0.276546 0.000080
0.011624 0.286988 0.267634 0.153569 0.003003 0.277108 0.000075
0.011609 0.286615 0.267701 0.153325 0.003073 0.277604 0.000074
0.011466 0.284569 0.267459 0.153560 0.003078 0.279788 0.000080
0.011676 0.284092 0.267378 0.153317 0.003072 0.280389 0.000076
0.011581 0.284223 0.267366 0.153215 0.003066 0.280469 0.000080
0.011684 0.280776 0.267780 0.153160 0.003083 0.283441 0.000076
0.011638 0.281179 0.267429 0.153121 0.003071 0.283477 0.000085
0.011651 0.280725 0.267404 0.153116 0.003085 0.283940 0.000078
0.011719 0.279296 0.267516 0.153024 0.003122 0.285242 0.000081
0.011667 0.278810 0.267090 0.152961 0.003138 0.286256 0.000078
0.011627 0.276728 0.267343 0.152941 0.003175 0.288110 0.000076
0.011773 0.276296 0.267197 0.153129 0.003167 0.288360 0.000077
0.011759 0.275455 0.267358 0.152816 0.003147 0.289387 0.000077
0.011726 0.273870 0.266992 0.153092 0.003171 0.291065 0.000085
0.011633 0.273139 0.266858 0.152717 0.003201 0.292371 0.000080
0.011767 0.272441 0.266964 0.152614 0.003195 0.292937 0.000082
0.011681 0.272135 0.266795 0.152291 0.003191 0.293825 0.000081
0.011745 0.269588 0.266765 0.152453 0.003204 0.296161 0.000082
0.011797 0.270158 0.266797 0.152460 0.003228 0.295479 0.000081
0.011705 0.270235 0.266190 0.152304 0.003262 0.296216 0.000089
0.011860 0.268861 0.266225 0.152454 0.003229 0.297286 0.000084
0.011842 0.266541 0.266425 0.152281 0.003258 0.299572 0.000081
0.011885 0.267234 0.266069 0.152344 0.003221 0.299159 0.000089
0.011813 0.264553 0.266189 0.152261 0.003253 0.301842 0.000089
0.011878 0.263973 0.266264 0.152206 0.003270 0.302323 0.000087
0.012040 0.263256 0.265862 0.152339 0.003257 0.303160 0.000085
0.011853 0.261534 0.265944 0.151985 0.003276 0.305322 0.000086
0.011961 0.260972 0.265977 0.152187 0.003261 0.305554 0.000088
0.012154 0.259464 0.265660 0.152044 0.003293 0.307293 0.000093
0.011982 0.259031 0.265679 0.152000 0.003310 0.307905 0.000093
0.012119 0.257962 0.265443 0.151806 0.003338 0.309242 0.000090
0.012045 0.256741 0.265215 0.152043 0.003326 0.310539 0.000092
0.011985 0.257199 0.265594 0.151602 0.003305 0.310220 0.000095
0.012030 0.255781 0.265235 0.151607 0.003386 0.311866 0.000094
0.012170 0.255555 0.265189 0.151718 0.003351 0.311924 0.000093
0.012237 0.253579 0.264713 0.151952 0.003342 0.314081 0.000096
0.012288 0.253071 0.264684 0.151500 0.003396 0.314962 0.000099
0.012175 0.252476 0.264143 0.151756 0.003379 0.315971 0.000099
0.012387 0.250850 0.264695 0.151421 0.003402 0.317146 0.000099
0.012309 0.250410 0.264445 0.151229 0.003405 0.318098 0.000104
0.012277 0.250043 0.264046 0.151303 0.003388 0.318840 0.000103
0.012364 0.249173 0.263991 0.151205 0.003397 0.319764 0.000107
0.012354 0.247940 0.264066 0.151212 0.003410 0.320918 0.000101
0.012497 0.247155 0.263698 0.151004 0.003368 0.322179 0.000098
0.012495 0.247121 0.263503 0.150980 0.003398 0.322391 0.000112
0.012509 0.245968 0.263715 0.150995 0.003408 0.323305 0.000099
0.012565 0.245294 0.263287 0.150793 0.003459 0.324501 0.000099
0.012528 0.242302 0.263164 0.150672 0.003489 0.327739 0.000106
0.012529 0.242973 0.262842 0.150806 0.003491 0.327257 0.000103
0.012421 0.242493 0.262960 0.150744 0.003444 0.327837 0.000100
0.012496 0.241713 0.262487 0.150481 0.003460 0.329259 0.000105
0.012535 0.240863 0.262705 0.150234 0.003456 0.330101 0.000107
0.012651 0.239941 0.262529 0.150306 0.003549 0.330915 0.000109
0.012659 0.239094 0.261896 0.150275 0.003507 0.332467 0.000102
0.012588 0.237796 0.262042 0.150395 0.003472 0.333606 0.000100
0.012826 0.237776 0.262008 0.150137 0.003482 0.333664 0.000106
0.012722 0.236824 0.261447 0.149941 0.003514 0.335445 0.000107
0.012754 0.235820 0.261339 0.150106 0.003511 0.336368 0.000102
0.012576 0.235525 0.261543 0.149877 0.003579 0.336789 0.000110
0.012894 0.234933 0.261481 0.149692 0.003604 0.337284 0.000112
0.012619 0.234212 0.261516 0.149897 0.003547 0.338099 0.000110
0.012879 0.232463 0.260895 0.149497 0.003546 0.340608 0.000112
0.012754 0.232660 0.260878 0.149469 0.003547 0.340579 0.000113
0.012895 0.231559 0.260483 0.149254 0.003564 0.342129 0.000116
0.012867 0.231247 0.260366 0.149405 0.003551 0.342450 0.000114
0.013015 0.230756 0.259998 0.149015 0.003618 0.343487 0.000112
0.013103 0.228922 0.259969 0.149138 0.003620 0.345135 0.000114
0.013180 0.228237 0.259733 0.148921 0.003657 0.346157 0.000114
0.013058 0.227887 0.259427 0.148888 0.003636 0.346986 0.000119
0.013091 0.226803 0.259309 0.148857 0.003636 0.348190 0.000115
0.013129 0.225642 0.259164 0.149033 0.003668 0.349239 0.000124
0.013081 0.225868 0.258964 0.148766 0.003670 0.349523 0.000127
0.013332 0.224757 0.259012 0.148578 0.003640 0.350564 0.000117
0.013304 0.224641 0.258909 0.148420 0.003690 0.350918 0.000117
0.013273 0.223583 0.258673 0.148506 0.003696 0.352143 0.000126
0.013465 0.222632 0.258220 0.148308 0.003678 0.353574 0.000123
0.013346 0.221914 0.258082 0.148129 0.003680 0.354724 0.000125
0.013400 0.221488 0.258005 0.148160 0.003654 0.355176 0.000117
0.013285 0.220655 0.257764 0.148024 0.003710 0.356447 0.000116
0.013331 0.220388 0.257651 0.148104 0.003658 0.356746 0.000121
0.013374 0.219365 0.257546 0.147666 0.003691 0.358236 0.000122
0.013458 0.218360 0.257078 0.147321 0.003730 0.359933 0.000120
0.013582 0.217121 0.256965 0.147278 0.003711 0.361228 0.000114
0.013559 0.217882 0.257145 0.147324 0.003736 0.360229 0.000125
0.013511 0.216380 0.256599 0.147173 0.003732 0.362480 0.000124
0.013451 0.215605 0.256746 0.147257 0.003767 0.363053 0.000121
0.013505 0.215277 0.256346 0.147154 0.003734 0.363861 0.000123
0.013474 0.214650 0.255453 0.146970 0.003751 0.365576 0.000126
0.013685 0.212760 0.255816 0.146872 0.003822 0.366925 0.000120
0.013856 0.212929 0.255787 0.147004 0.003768 0.366529 0.000127
0.013620 0.211811 0.255078 0.146793 0.003756 0.368808 0.000134
0.013708 0.211537 0.255180 0.146654 0.003826 0.368967 0.000129
0.013724 0.210290 0.255147 0.146377 0.003797 0.370538 0.000127
0.013674 0.210475 0.254789 0.146556 0.003773 0.370602 0.000132
0.013728 0.210320 0.254456 0.146297 0.003776 0.371291 0.000131
0.013951 0.207904 0.254350 0.145908 0.003837 0.373919 0.000130
0.014000 0.206987 0.254044 0.146119 0.003836 0.374881 0.000134
0.013871 0.207578 0.254069 0.146246 0.003811 0.374290 0.000135
0.014153 0.206804 0.253577 0.145710 0.003792 0.375819 0.000145
0.014049 0.206860 0.253743 0.145730 0.003800 0.375678 0.000141
0.014176 0.205336 0.253116 0.145476 0.003842 0.377914 0.000140
0.014062 0.204380 0.252932 0.145434 0.003785 0.379271 0.000137
0.014168 0.204523 0.252802 0.145451 0.003833 0.379090 0.000133
0.014025 0.203877 0.252559 0.145521 0.003869 0.380012 0.000137
0.014014 0.203383 0.252552 0.145124 0.003871 0.380922 0.000134
0.014337 0.201747 0.252478 0.144958 0.003893 0.382443 0.000144
0.014147 0.201995 0.252258 0.144696 0.003860 0.382902 0.000142
0.014364 0.200302 0.251561 0.144598 0.003935 0.385095 0.000145
0.014175 0.200651 0.251597 0.144489 0.003848 0.385096 0.000144
0.014350 0.200403 0.251469 0.144510 0.003915 0.385211 0.000142
0.014321 0.198539 0.251588 0.144097 0.003917 0.387391 0.000147
0.014430 0.198945 0.250774 0.143919 0.003885 0.387900 0.000146
0.014483 0.197203 0.250717 0.144015 0.003951 0.389491 0.000141
0.014432 0.196759 0.250676 0.143853 0.003928 0.390214 0.000139
0.014496 0.197020 0.250446 0.143369 0.003930 0.390596 0.000143
0.014513 0.195142 0.250262 0.143336 0.003956 0.392638 0.000153
0.014593 0.196011 0.250220 0.143450 0.003940 0.391638 0.000148
0.014496 0.195768 0.249685 0.143434 0.003970 0.392504 0.000142
0.014492 0.194708 0.249597 0.143226 0.003961 0.393871 0.000145
0.014697 0.193111 0.249562 0.142877 0.003964 0.395646 0.000144
0.014714 0.193387 0.249021 0.142841 0.003958 0.395931 0.000147
0.014592 0.192766 0.248907 0.142500 0.003931 0.397152 0.000152
0.014648 0.191942 0.248945 0.142535 0.003988 0.397798 0.000145
0.014873 0.191798 0.248532 0.142589 0.003997 0.398060 0.000151
0.014796 0.191113 0.248138 0.142302 0.004029 0.399469 0.000153
0.014718 0.190203 0.247971 0.142068 0.004038 0.400850 0.000152
0.014914 0.189306 0.247788 0.142209 0.003995 0.401641 0.000147
0.014914 0.188766 0.247484 0.141774 0.004042 0.402864 0.000155
0.014876 0.188074 0.247420 0.141370 0.004041 0.404063 0.000155
0.015106 0.188073 0.247246 0.141512 0.004056 0.403843 0.000164
0.014814 0.187459 0.247152 0.141363 0.004086 0.404981 0.000145
0.015113 0.186884 0.246708 0.141298 0.004073 0.405782 0.000143
0.015072 0.186559 0.246208 0.141221 0.004067 0.406715 0.000158
0.015032 0.185668 0.246292 0.140850 0.004068 0.407944 0.000146
0.015154 0.185076 0.245590 0.140779 0.004078 0.409172 0.000152
0.015149 0.184010 0.245710 0.140437 0.004094 0.410445 0.000155
0.015207 0.184385 0.245694 0.140483 0.004033 0.410038 0.000161
0.015258 0.183121 0.245019 0.140422 0.004061 0.411965 0.000154
0.015305 0.183132 0.244807 0.140184 0.004109 0.412303 0.000159
0.015343 0.182146 0.244870 0.139853 0.004076 0.413540 0.000172
0.015100 0.182187 0.244387 0.139822 0.004148 0.414195 0.000161
0.015167 0.181589 0.244656 0.139935 0.004129 0.414362 0.000161
0.015337 0.180953 0.244175 0.139587 0.004134 0.415648 0.000165
0.015343 0.180410 0.243360 0.139498 0.004140 0.417091 0.000158
0.015324 0.179620 0.243582 0.139483 0.004167 0.417654 0.000169
0.015592 0.179634 0.243021 0.139105 0.004140 0.418353 0.000156
0.015510 0.178189 0.242950 0.139248 0.004197 0.419729 0.000178
0.015581 0.178043 0.242836 0.138917 0.004167 0.420288 0.000169
0.015555 0.178138 0.242601 0.138899 0.004146 0.420501 0.000161
0.015637 0.177258 0.242569 0.138665 0.004151 0.421557 0.000164
0.015638 0.176992 0.242020 0.138353 0.004148 0.422681 0.000169
0.015670 0.176632 0.242176 0.138165 0.004162 0.423031 0.000164
0.015838 0.174860 0.241453 0.138028 0.004193 0.425457 0.000171
0.015828 0.175056 0.241280 0.137914 0.004142 0.425622 0.000158
0.015731 0.174481 0.241017 0.137703 0.004189 0.426720 0.000160
0.015733 0.174101 0.240681 0.137463 0.004222 0.427630 0.000169
0.015791 0.173688 0.240641 0.137589 0.004153 0.427972 0.000166
0.015719 0.173620 0.240312 0.137670 0.004150 0.428357 0.000172
0.015994 0.172889 0.239547 0.137179 0.004212 0.430014 0.000164
0.015867 0.172598 0.239889 0.137148 0.004200 0.430124 0.000175
0.015989 0.171961 0.239443 0.136978 0.004207 0.431247 0.000175
0.015945 0.171157 0.239290 0.136543 0.004235 0.432659 0.000172
0.016172 0.170606 0.238886 0.136597 0.004167 0.433407 0.000166
0.016155 0.170099 0.238354 0.136729 0.004228 0.434266 0.000168
0.016163 0.169530 0.237793 0.136257 0.004224 0.435870 0.000164
0.016194 0.168838 0.238061 0.136415 0.004213 0.436094 0.000184
0.016178 0.169483 0.237710 0.136110 0.004266 0.436081 0.000171
0.016387 0.167778 0.237259 0.135902 0.004305 0.438190 0.000180
0.016271 0.168174 0.237224 0.135690 0.004250 0.438223 0.000169
0.016267 0.166613 0.236431 0.135677 0.004248 0.440584 0.000179
0.016219 0.167247 0.237215 0.135460 0.004243 0.439448 0.000168
0.016380 0.166957 0.236216 0.135546 0.004272 0.440454 0.000175
0.016433 0.166192 0.235866 0.135051 0.004301 0.441987 0.000169
0.016687 0.165015 0.235629 0.135211 0.004294 0.442980 0.000184
0.016531 0.164695 0.235395 0.134986 0.004295 0.443911 0.000186
0.016391 0.164454 0.235162 0.134748 0.004261 0.444807 0.000176
0.016803 0.163680 0.234816 0.134547 0.004246 0.445716 0.000193
0.016656 0.164132 0.235192 0.134601 0.004230 0.445006 0.000182
0.016751 0.163581 0.234609 0.134306 0.004300 0.446270 0.000183
0.016844 0.162703 0.234066 0.134063 0.004297 0.447847 0.000181
0.016727 0.162453 0.233854 0.133887 0.004281 0.448615 0.000184
0.017082 0.162152 0.233763 0.133921 0.004301 0.448599 0.000183
0.016844 0.161125 0.233410 0.133533 0.004338 0.450568 0.000181
0.016785 0.161275 0.233254 0.133737 0.004263 0.450493 0.000192
0.016879 0.161006 0.232628 0.133211 0.004327 0.451761 0.000187
0.017011 0.159980 0.232557 0.133162 0.004353 0.452753 0.000185
0.016923 0.159901 0.232096 0.133187 0.004348 0.453368 0.000176
0.017055 0.159661 0.231962 0.133009 0.004366 0.453765 0.000182
0.016966 0.159478 0.232175 0.132839 0.004347 0.454011 0.000185
0.017084 0.159016 0.231456 0.132459 0.004283 0.455523 0.000179
0.017218 0.157852 0.231461 0.131914 0.004377 0.456979 0.000199
0.017324 0.157525 0.230898 0.132354 0.004338 0.457367 0.000194
0.017034 0.157106 0.230680 0.132206 0.004375 0.458402 0.000196
0.017237 0.156966 0.230724 0.132088 0.004400 0.458402 0.000185
0.017307 0.156390 0.230278 0.131882 0.004373 0.459581 0.000189
0.017273 0.155729 0.229840 0.131900 0.004390 0.460680 0.000187
0.017397 0.155488 0.229564 0.131401 0.004419 0.461528 0.000204
0.017489 0.154825 0.229105 0.131377 0.004417 0.462602 0.000185
0.017417 0.154717 0.229080 0.131088 0.004397 0.463108 0.000192
0.017417 0.153973 0.228857 0.131339 0.004365 0.463860 0.000188
0.017517 0.153540 0.228668 0.130688 0.004406 0.464997 0.000184
0.017504 0.153683 0.228567 0.130719 0.004414 0.464914 0.000199
0.017483 0.153078 0.228099 0.130636 0.004450 0.466058 0.000196
0.017662 0.152593 0.227565 0.130617 0.004399 0.466972 0.000193
0.017671 0.152576 0.227465 0.130310 0.004427 0.467352 0.000200
0.017639 0.151739 0.226675 0.129987 0.004405 0.469354 0.000200
0.017743 0.151472 0.226825 0.129648 0.004442 0.469671 0.000199
0.017826 0.151350 0.226412 0.129635 0.004416 0.470165 0.000195
0.017748 0.150994 0.226543 0.129671 0.004417 0.470424 0.000202
0.017868 0.150493 0.226024 0.129560 0.004404 0.471460 0.000192
0.017932 0.149515 0.225155 0.129179 0.004450 0.473566 0.000203
0.018008 0.149899 0.225712 0.129043 0.004421 0.472714 0.000204
0.017871 0.149465 0.225453 0.129114 0.004412 0.473503 0.000182
0.018020 0.149143 0.224721 0.128588 0.004478 0.474847 0.000203
0.018044 0.148659 0.224284 0.128796 0.004507 0.475519 0.000192
0.018051 0.148415 0.224735 0.128531 0.004475 0.475596 0.000197
0.018012 0.147740 0.223756 0.128117 0.004509 0.477670 0.000196
0.018231 0.147850 0.223725 0.128029 0.004489 0.477474 0.000202
0.018273 0.147138 0.223736 0.128041 0.004507 0.478098 0.000208
0.018381 0.146826 0.222977 0.127584 0.004430 0.479607 0.000194
0.018408 0.146633 0.222895 0.127860 0.004475 0.479518 0.000212
0.018448 0.146321 0.222430 0.127255 0.004500 0.480831 0.000215
0.018444 0.146033 0.222459 0.126763 0.004482 0.481608 0.000210
0.018588 0.145202 0.221507 0.127038 0.004530 0.482936 0.000198
0.018424 0.145054 0.221714 0.127095 0.004521 0.482996 0.000195
0.018658 0.144747 0.220867 0.126364 0.004590 0.484572 0.000201
0.018659 0.144664 0.221290 0.126755 0.004582 0.483852 0.000197
0.018924 0.143845 0.220855 0.126867 0.004550 0.484749 0.000209
0.018618 0.143529 0.220775 0.126219 0.004571 0.486089 0.000199
0.018680 0.143561 0.220433 0.126057 0.004580 0.486486 0.000202
0.018576 0.143281 0.220005 0.125819 0.004541 0.487575 0.000202
0.018774 0.142384 0.219780 0.125665 0.004557 0.488630 0.000211
0.018712 0.142603 0.219922 0.125555 0.004588 0.488407 0.000213
0.018860 0.142605 0.219478 0.125274 0.004599 0.488978 0.000206
0.018828 0.141315 0.218383 0.125364 0.004591 0.491303 0.000216
0.018977 0.141427 0.218759 0.125263 0.004626 0.490736 0.000212
