0.999098 0.000886 0.000005 0.000011 0.000000 0.000000 0.000000
0.998665 0.001306 0.000013 0.000005 0.000000 0.000011 0.000000
0.998200 0.001756 0.000022 0.000011 0.000000 0.000010 0.000000
0.997676 0.002271 0.000028 0.000014 0.000000 0.000011 0.000000
0.997080 0.002852 0.000041 0.000017 0.000000 0.000011 0.000000
0.996515 0.003406 0.000045 0.000023 0.000000 0.000011 0.000000
0.995783 0.004131 0.000048 0.000026 0.000000 0.000013 0.000000
0.995166 0.004730 0.000062 0.000028 0.000000 0.000015 0.000000
0.993986 0.005905 0.000070 0.000027 0.000000 0.000012 0.000000
0.992534 0.007349 0.000075 0.000033 0.000000 0.000009 0.000000
0.990096 0.009725 0.000109 0.000060 0.000000 0.000011 0.000000
0.987823 0.011991 0.000125 0.000052 0.000000 0.000009 0.000000
0.986778 0.013008 0.000150 0.000054 0.000000 0.000010 0.000000
0.983889 0.015849 0.000186 0.000067 0.000000 0.000008 0.000000
0.980668 0.019003 0.000223 0.000099 0.000000 0.000006 0.000000
0.977463 0.022158 0.000249 0.000124 0.000000 0.000006 0.000000
0.972941 0.026583 0.000332 0.000139 0.000000 0.000005 0.000000
0.969060 0.030378 0.000403 0.000154 0.000000 0.000004 0.000000
0.962913 0.036385 0.000486 0.000213 0.000000 0.000004 0.000000
0.956181 0.042976 0.000577 0.000261 0.000000 0.000006 0.000000
0.949411 0.049564 0.000676 0.000340 0.000000 0.000010 0.000000
0.941390 0.057378 0.000820 0.000398 0.000000 0.000012 0.000000
0.933933 0.064668 0.000928 0.000458 0.000001 0.000013 0.000000
0.925755 0.072621 0.001073 0.000529 0.000004 0.000019 0.000000
0.917336 0.080788 0.001245 0.000594 0.000004 0.000033 0.000000
0.905479 0.092389 0.001378 0.000712 0.000004 0.000037 0.000000
0.894671 0.102910 0.001542 0.000832 0.000004 0.000041 0.000000
0.881607 0.115594 0.001807 0.000939 0.000003 0.000049 0.000000
0.868638 0.128196 0.002020 0.001090 0.000004 0.000052 0.000000
0.853958 0.142435 0.002294 0.001254 0.000003 0.000056 0.000000
0.841240 0.154754 0.002545 0.001399 0.000003 0.000059 0.000000
0.825321 0.170127 0.002898 0.001590 0.000003 0.000061 0.000000
0.809677 0.185229 0.003210 0.001808 0.000002 0.000073 0.000000
0.795195 0.199161 0.003540 0.002024 0.000003 0.000077 0.000000
0.780290 0.213527 0.003864 0.002225 0.000002 0.000092 0.000000
0.764310 0.228908 0.004226 0.002447 0.000002 0.000107 0.000000
0.748550 0.243986 0.004631 0.002711 0.000002 0.000120 0.000000
0.733638 0.258251 0.005020 0.002961 0.000001 0.000130 0.000000
0.717621 0.273491 0.005510 0.003235 0.000001 0.000141 0.000000
0.700629 0.289603 0.006049 0.003559 0.000002 0.000158 0.000000
0.684804 0.304663 0.006487 0.003870 0.000001 0.000176 0.000000
0.671444 0.317336 0.006896 0.004111 0.000002 0.000211 0.000000
0.655443 0.332409 0.007467 0.004443 0.000002 0.000237 0.000000
0.642099 0.344941 0.007976 0.004725 0.000003 0.000256 0.000000
0.626909 0.359234 0.008514 0.005049 0.000002 0.000292 0.000000
0.611380 0.373779 0.009161 0.005359 0.000002 0.000319 0.000000
0.597581 0.386579 0.009778 0.005711 0.000002 0.000347 0.000000
0.582879 0.400240 0.010439 0.006045 0.000004 0.000392 0.000000
0.570596 0.411511 0.011067 0.006399 0.000004 0.000422 0.000000
0.556901 0.423972 0.011839 0.006819 0.000005 0.000464 0.000000
0.543019 0.436609 0.012632 0.007224 0.000006 0.000509 0.000000
0.529161 0.449245 0.013332 0.007700 0.000006 0.000556 0.000000
0.519698 0.457619 0.014006 0.008075 0.000007 0.000594 0.000000
0.506802 0.469245 0.014773 0.008544 0.000010 0.000626 0.000000
0.496402 0.478467 0.015513 0.008924 0.000010 0.000684 0.000000
0.484291 0.489172 0.016371 0.009408 0.000011 0.000746 0.000000
0.469413 0.502508 0.017372 0.009899 0.000010 0.000796 0.000000
0.463051 0.507880 0.017955 0.010250 0.000012 0.000853 0.000000
0.456421 0.513500 0.018545 0.010628 0.000013 0.000893 0.000000
0.440492 0.527622 0.019691 0.011212 0.000014 0.000969 0.000000
0.430169 0.536454 0.020618 0.011730 0.000012 0.001016 0.000000
0.421232 0.544039 0.021471 0.012149 0.000013 0.001096 0.000000
0.409478 0.553827 0.022662 0.012833 0.000015 0.001185 0.000000
0.400476 0.561477 0.023471 0.013318 0.000015 0.001242 0.000000
0.390287 0.569874 0.024573 0.013935 0.000018 0.001313 0.000000
0.384279 0.574486 0.025410 0.014414 0.000018 0.001393 0.000000
0.373153 0.583935 0.026426 0.014978 0.000019 0.001489 0.000000
0.363881 0.591203 0.027659 0.015644 0.000021 0.001593 0.000000
0.356486 0.597072 0.028599 0.016134 0.000021 0.001688 0.000000
0.349416 0.602355 0.029687 0.016718 0.000023 0.001801 0.000000
0.339937 0.609746 0.030949 0.017442 0.000023 0.001903 0.000000
0.333488 0.614432 0.031995 0.018054 0.000025 0.002007 0.000000
0.325528 0.620454 0.033200 0.018673 0.000025 0.002120 0.000000
0.315735 0.627927 0.034515 0.019528 0.000025 0.002270 0.000000
0.306614 0.635288 0.035561 0.020134 0.000027 0.002375 0.000000
0.297911 0.641356 0.037077 0.021078 0.000028 0.002550 0.000000
0.292324 0.645489 0.037944 0.021540 0.000031 0.002670 0.000000
0.282432 0.652395 0.039682 0.022588 0.000038 0.002866 0.000000
0.278096 0.655765 0.040239 0.022921 0.000036 0.002943 0.000000
0.272286 0.659398 0.041503 0.023655 0.000035 0.003122 0.000000
0.259874 0.668413 0.043554 0.024738 0.000042 0.003378 0.000000
0.256343 0.670378 0.044376 0.025340 0.000040 0.003523 0.000000
0.247855 0.676167 0.046000 0.026185 0.000042 0.003751 0.000000
0.238005 0.683121 0.047780 0.027119 0.000046 0.003929 0.000000
0.237241 0.682691 0.048455 0.027510 0.000047 0.004056 0.000000
0.229343 0.687447 0.050266 0.028590 0.000052 0.004301 0.000000
0.224026 0.690724 0.051464 0.029251 0.000054 0.004481 0.000000
0.214669 0.696820 0.053407 0.030293 0.000056 0.004756 0.000000
0.212540 0.696742 0.054682 0.031005 0.000058 0.004973 0.000000
0.207286 0.699538 0.056118 0.031759 0.000067 0.005232 0.000000
0.199112 0.704501 0.058008 0.032749 0.000068 0.005564 0.000000
0.196969 0.705298 0.058738 0.033195 0.000067 0.005733 0.000000
0.186733 0.710989 0.061354 0.034688 0.000072 0.006165 0.000000
0.182766 0.712330 0.062845 0.035521 0.000074 0.006463 0.000000
0.181650 0.711626 0.063891 0.036108 0.000077 0.006647 0.000000
0.177810 0.712690 0.065534 0.036922 0.000091 0.006954 0.000000
0.167043 0.719853 0.067618 0.038100 0.000088 0.007298 0.000000
0.162447 0.721321 0.069462 0.039081 0.000094 0.007594 0.000000
0.161725 0.719695 0.070793 0.039796 0.000097 0.007895 0.000000
0.154379 0.723306 0.072790 0.041131 0.000101 0.008292 0.000000
0.156733 0.719863 0.073501 0.041327 0.000113 0.008463 0.000000
0.150598 0.721937 0.075689 0.042692 0.000112 0.008973 0.000000
0.160677 0.712088 0.075409 0.042567 0.000110 0.009149 0.000000
0.152244 0.715989 0.078008 0.044090 0.000118 0.009552 0.000000
0.151404 0.714665 0.079278 0.044626 0.000122 0.009906 0.000000
0.143910 0.718518 0.081238 0.045938 0.000127 0.010269 0.000000
0.150786 0.710027 0.082022 0.046353 0.000128 0.010683 0.000000
0.145739 0.712357 0.083610 0.047160 0.000133 0.011001 0.000000
0.149357 0.707701 0.084128 0.047481 0.000136 0.011196 0.000000
0.145097 0.708389 0.085957 0.048636 0.000142 0.011779 0.000000
0.148154 0.704162 0.086606 0.049016 0.000148 0.011914 0.000000
0.147869 0.702166 0.087648 0.049834 0.000167 0.012316 0.000000
0.144724 0.702862 0.089054 0.050505 0.000157 0.012699 0.000000
0.137504 0.705994 0.091096 0.051926 0.000167 0.013313 0.000000
0.136609 0.704677 0.092508 0.052414 0.000162 0.013631 0.000000
0.138435 0.701185 0.093307 0.052888 0.000169 0.014016 0.000000
0.135713 0.701389 0.094565 0.053790 0.000187 0.014356 0.000000
0.132785 0.700905 0.096549 0.054738 0.000186 0.014837 0.000000
0.129804 0.700900 0.098019 0.055667 0.000189 0.015422 0.000000
0.137021 0.695132 0.097103 0.055187 0.000186 0.015371 0.000000
0.130212 0.698181 0.099158 0.056309 0.000190 0.015950 0.000000
0.122932 0.701890 0.101117 0.057405 0.000207 0.016450 0.000000
0.124522 0.698577 0.101854 0.057904 0.000203 0.016939 0.000000
0.117774 0.701228 0.104176 0.059121 0.000218 0.017483 0.000000
0.110113 0.704004 0.106771 0.060723 0.000229 0.018160 0.000000
0.109907 0.702196 0.107807 0.061367 0.000242 0.018481 0.000000
0.102625 0.704841 0.110219 0.062798 0.000254 0.019263 0.000000
0.103335 0.702786 0.110945 0.063109 0.000244 0.019581 0.000000
0.096865 0.703896 0.113813 0.064796 0.000255 0.020375 0.000000
0.099911 0.701296 0.113431 0.064692 0.000263 0.020408 0.000000
0.092653 0.702733 0.116618 0.066381 0.000274 0.021341 0.000000
0.093769 0.699931 0.117455 0.066878 0.000270 0.021697 0.000000
0.091659 0.698518 0.119190 0.067869 0.000277 0.022486 0.000000
0.090117 0.696647 0.121054 0.068815 0.000295 0.023072 0.000000
0.085339 0.699567 0.121991 0.069429 0.000287 0.023387 0.000001
0.086277 0.695544 0.123723 0.070043 0.000296 0.024117 0.000001
0.084419 0.694713 0.124822 0.071105 0.000297 0.024642 0.000001
0.080608 0.694883 0.126747 0.072116 0.000309 0.025337 0.000001
0.077732 0.695896 0.127522 0.072789 0.000306 0.025755 0.000001
0.077338 0.691682 0.129888 0.074013 0.000330 0.026749 0.000001
0.071741 0.694215 0.131622 0.074955 0.000319 0.027147 0.000001
0.072529 0.691973 0.132389 0.075195 0.000335 0.027579 0.000000
0.069497 0.691123 0.133971 0.076615 0.000328 0.028465 0.000001
0.066475 0.689570 0.136466 0.077858 0.000356 0.029275 0.000001
0.066805 0.688147 0.137039 0.078086 0.000352 0.029571 0.000000
0.065393 0.684994 0.139467 0.079339 0.000369 0.030437 0.000001
0.066395 0.683426 0.139523 0.079409 0.000373 0.030873 0.000001
0.063252 0.681925 0.141720 0.080822 0.000379 0.031901 0.000002
0.060920 0.681441 0.143169 0.081651 0.000389 0.032428 0.000001
0.062300 0.678196 0.144075 0.082046 0.000392 0.032989 0.000002
0.058645 0.677344 0.146231 0.083319 0.000424 0.034035 0.000002
0.057705 0.675985 0.147432 0.084070 0.000420 0.034386 0.000002
0.056904 0.673317 0.148998 0.085035 0.000437 0.035306 0.000002
0.055677 0.672440 0.150073 0.085612 0.000438 0.035758 0.000001
0.056794 0.671162 0.149924 0.085628 0.000440 0.036049 0.000002
0.049807 0.670722 0.153848 0.087737 0.000466 0.037418 0.000001
0.051554 0.668757 0.153748 0.087703 0.000469 0.037767 0.000001
0.049833 0.667540 0.155134 0.088536 0.000472 0.038483 0.000002
0.047915 0.665711 0.156902 0.089650 0.000487 0.039332 0.000002
0.044196 0.664701 0.159368 0.090871 0.000508 0.040354 0.000002
0.042574 0.662209 0.161361 0.091950 0.000516 0.041387 0.000003
0.040779 0.661463 0.162596 0.092673 0.000534 0.041951 0.000005
0.040071 0.660116 0.163579 0.093089 0.000523 0.042619 0.000002
0.038327 0.658057 0.165361 0.094117 0.000545 0.043589 0.000003
0.044982 0.652570 0.164507 0.093875 0.000534 0.043528 0.000003
0.042643 0.650950 0.166341 0.095009 0.000546 0.044506 0.000004
0.043289 0.646266 0.168184 0.095923 0.000559 0.045775 0.000004
0.040233 0.647353 0.169138 0.096445 0.000560 0.046267 0.000004
0.047357 0.639831 0.169112 0.096515 0.000573 0.046606 0.000005
0.047378 0.638052 0.169684 0.096870 0.000583 0.047430 0.000004
0.052638 0.633205 0.169355 0.096665 0.000578 0.047556 0.000004
0.047755 0.632589 0.172144 0.098097 0.000607 0.048803 0.000005
0.050573 0.630367 0.171422 0.097995 0.000599 0.049041 0.000004
0.048533 0.628663 0.173152 0.098933 0.000611 0.050104 0.000004
0.050436 0.624623 0.174084 0.099384 0.000619 0.050850 0.000004
0.050819 0.623469 0.174399 0.099369 0.000620 0.051318 0.000005
0.045726 0.622253 0.177365 0.101159 0.000657 0.052835 0.000005
0.045292 0.621214 0.178088 0.101371 0.000651 0.053380 0.000004
0.042512 0.620516 0.179713 0.102389 0.000651 0.054216 0.000003
0.048349 0.616229 0.178562 0.101788 0.000656 0.054411 0.000004
0.043713 0.616625 0.180712 0.102908 0.000661 0.055376 0.000004
0.040950 0.613876 0.183101 0.104375 0.000696 0.056999 0.000003
0.040217 0.613838 0.183298 0.104519 0.000684 0.057440 0.000004
0.038342 0.612617 0.184750 0.105235 0.000692 0.058360 0.000004
0.034761 0.611587 0.186905 0.106521 0.000694 0.059526 0.000006
0.036744 0.610041 0.186536 0.106307 0.000720 0.059646 0.000006
0.034539 0.608950 0.187885 0.107061 0.000731 0.060830 0.000004
0.033838 0.606260 0.189264 0.107945 0.000759 0.061930 0.000005
0.033731 0.605348 0.189838 0.107872 0.000756 0.062451 0.000004
0.030407 0.602805 0.192721 0.109435 0.000753 0.063873 0.000006
0.029698 0.601556 0.193273 0.109969 0.000777 0.064724 0.000004
0.029933 0.600005 0.193875 0.110119 0.000792 0.065271 0.000005
0.027150 0.599608 0.195159 0.110963 0.000785 0.066331 0.000004
0.027635 0.596477 0.196097 0.111730 0.000792 0.067265 0.000004
0.025717 0.595418 0.197585 0.112315 0.000814 0.068147 0.000004
0.024697 0.592084 0.199625 0.113108 0.000838 0.069644 0.000004
0.024313 0.590521 0.200264 0.113716 0.000819 0.070364 0.000005
0.024188 0.588643 0.200883 0.114191 0.000840 0.071250 0.000004
0.023614 0.586905 0.201838 0.114744 0.000869 0.072026 0.000004
0.023948 0.584735 0.202486 0.115026 0.000861 0.072940 0.000003
0.023037 0.582432 0.203774 0.115993 0.000871 0.073888 0.000005
0.022748 0.581654 0.203981 0.116305 0.000869 0.074436 0.000005
0.021854 0.578599 0.205780 0.117110 0.000892 0.075760 0.000005
0.022529 0.576829 0.206123 0.117272 0.000904 0.076338 0.000006
0.027894 0.569555 0.206808 0.117606 0.000902 0.077228 0.000007
0.028207 0.568194 0.207103 0.117528 0.000918 0.078043 0.000007
0.027004 0.567084 0.207911 0.118243 0.000920 0.078832 0.000006
0.028368 0.562801 0.209030 0.118776 0.000940 0.080079 0.000007
0.032116 0.560458 0.208184 0.118229 0.000954 0.080053 0.000005
0.028759 0.560863 0.209542 0.118823 0.000953 0.081055 0.000006
0.031078 0.557126 0.209937 0.119060 0.000965 0.081828 0.000006
0.031374 0.555044 0.210464 0.119437 0.000961 0.082713 0.000007
0.032138 0.550357 0.212136 0.120129 0.000987 0.084245 0.000008
0.030081 0.551593 0.212277 0.120397 0.000987 0.084659 0.000006
0.027092 0.550898 0.213556 0.121661 0.000993 0.085793 0.000007
0.032538 0.547788 0.212502 0.120314 0.001005 0.085846 0.000007
0.029236 0.545307 0.214787 0.121904 0.001004 0.087753 0.000008
0.026554 0.544740 0.216258 0.122413 0.001051 0.088978 0.000006
0.025965 0.542882 0.217145 0.122949 0.001068 0.089983 0.000008
0.026665 0.542157 0.216823 0.122981 0.001054 0.090313 0.000007
0.028385 0.541404 0.216414 0.122670 0.001051 0.090069 0.000007
0.025660 0.539693 0.218026 0.123516 0.001071 0.092027 0.000007
0.022962 0.537168 0.220327 0.124984 0.001083 0.093469 0.000006
0.023351 0.535123 0.220651 0.125172 0.001075 0.094618 0.000009
0.023286 0.533011 0.221488 0.125512 0.001094 0.095601 0.000008
0.022947 0.532549 0.221747 0.125579 0.001113 0.096058 0.000007
0.021512 0.530442 0.223111 0.126310 0.001127 0.097492 0.000006
0.020255 0.527177 0.224904 0.127355 0.001144 0.099158 0.000007
0.020614 0.527936 0.224214 0.127062 0.001152 0.099016 0.000006
0.020042 0.524507 0.225551 0.127855 0.001167 0.100870 0.000008
0.019966 0.524400 0.225687 0.127876 0.001172 0.100890 0.000009
0.018984 0.523236 0.226136 0.128387 0.001163 0.102089 0.000007
0.018247 0.519750 0.227981 0.129332 0.001167 0.103518 0.000007
0.018577 0.517625 0.228357 0.129578 0.001173 0.104682 0.000008
0.018790 0.517007 0.228281 0.129614 0.001197 0.105104 0.000007
0.017795 0.514338 0.229613 0.130303 0.001232 0.106713 0.000006
0.018227 0.511943 0.230492 0.130515 0.001218 0.107598 0.000006
0.017072 0.510125 0.231358 0.131280 0.001242 0.108915 0.000008
0.017344 0.508424 0.231797 0.131230 0.001249 0.109947 0.000010
0.016454 0.505148 0.233338 0.132120 0.001282 0.111648 0.000009
0.016533 0.505820 0.232880 0.131860 0.001282 0.111617 0.000008
0.016783 0.502684 0.233762 0.132582 0.001304 0.112877 0.000009
0.016351 0.501281 0.234379 0.132812 0.001294 0.113874 0.000008
0.015667 0.498884 0.235505 0.133665 0.001335 0.114936 0.000008
0.015815 0.495725 0.236356 0.134047 0.001349 0.116696 0.000011
0.015864 0.494912 0.236575 0.134066 0.001363 0.117210 0.000010
0.015869 0.493827 0.236830 0.134433 0.001354 0.117678 0.000010
0.015419 0.490729 0.238035 0.135016 0.001374 0.119417 0.000011
0.015456 0.491268 0.237629 0.134798 0.001372 0.119465 0.000012
0.015433 0.488333 0.238407 0.135590 0.001379 0.120848 0.000011
0.015119 0.485355 0.239798 0.135801 0.001405 0.122508 0.000016
0.014781 0.482886 0.240638 0.136577 0.001408 0.123696 0.000013
0.015339 0.484167 0.239468 0.136101 0.001412 0.123497 0.000016
0.014869 0.480455 0.241274 0.136595 0.001448 0.125343 0.000017
0.014756 0.478847 0.241647 0.137056 0.001426 0.126254 0.000014
0.014678 0.478126 0.242013 0.137066 0.001464 0.126638 0.000015
0.014783 0.475853 0.242434 0.137303 0.001448 0.128163 0.000016
0.014916 0.474162 0.242641 0.137683 0.001453 0.129129 0.000016
0.014507 0.472070 0.243566 0.137921 0.001489 0.130427 0.000020
0.014453 0.468911 0.244503 0.138678 0.001489 0.131949 0.000018
0.014227 0.467890 0.244955 0.138860 0.001495 0.132554 0.000019
0.014488 0.467535 0.244653 0.138659 0.001530 0.133118 0.000018
0.014521 0.465607 0.245158 0.138859 0.001540 0.134300 0.000015
0.014298 0.463793 0.246095 0.139341 0.001544 0.134910 0.000019
0.014282 0.460536 0.246970 0.139818 0.001535 0.136841 0.000018
0.014237 0.460499 0.246503 0.140012 0.001538 0.137191 0.000019
0.013983 0.457715 0.247543 0.140344 0.001572 0.138825 0.000018
0.014059 0.456710 0.247749 0.140091 0.001608 0.139759 0.000024
0.013989 0.454588 0.248598 0.140544 0.001601 0.140662 0.000018
0.014022 0.453418 0.248734 0.140731 0.001593 0.141481 0.000020
0.014001 0.451954 0.248624 0.141115 0.001615 0.142670 0.000021
0.013797 0.449026 0.249843 0.141459 0.001640 0.144214 0.000021
0.013831 0.448446 0.250126 0.141566 0.001624 0.144386 0.000021
0.013874 0.447214 0.249893 0.141786 0.001609 0.145608 0.000017
0.013705 0.444856 0.250830 0.142309 0.001662 0.146621 0.000017
0.013658 0.443576 0.250830 0.142590 0.001654 0.147670 0.000021
0.013640 0.441547 0.251485 0.142735 0.001676 0.148897 0.000020
0.013723 0.440052 0.251797 0.142780 0.001691 0.149935 0.000021
0.013554 0.438229 0.252060 0.143233 0.001696 0.151206 0.000022
0.013639 0.437237 0.252669 0.143158 0.001718 0.151556 0.000022
0.013464 0.434292 0.253342 0.143857 0.001700 0.153324 0.000020
0.013348 0.432950 0.253789 0.143736 0.001742 0.154414 0.000022
0.013690 0.431282 0.253724 0.144124 0.001759 0.155401 0.000021
0.013469 0.431282 0.253881 0.143869 0.001765 0.155714 0.000019
0.013376 0.428597 0.254577 0.144430 0.001759 0.157243 0.000019
0.013538 0.427005 0.254606 0.144577 0.001791 0.158457 0.000026
0.013305 0.425932 0.254964 0.144964 0.001775 0.159038 0.000022
0.013169 0.424236 0.255307 0.145043 0.001768 0.160453 0.000024
0.013236 0.421466 0.256266 0.145207 0.001810 0.161994 0.000022
0.013302 0.420052 0.256387 0.145205 0.001820 0.163212 0.000022
0.013251 0.417965 0.257070 0.145598 0.001860 0.164234 0.000021
0.013287 0.418017 0.256803 0.145694 0.001819 0.164352 0.000028
0.013013 0.415469 0.257275 0.146042 0.001856 0.166324 0.000022
0.013252 0.414067 0.257484 0.146308 0.001858 0.167003 0.000028
0.013098 0.412055 0.258186 0.146462 0.001871 0.168301 0.000028
0.013116 0.411052 0.258139 0.146454 0.001871 0.169342 0.000025
0.013330 0.410418 0.258128 0.146531 0.001904 0.169664 0.000024
0.013048 0.408508 0.258660 0.146710 0.001907 0.171146 0.000021
0.013104 0.407309 0.258684 0.147062 0.001906 0.171911 0.000025
0.013061 0.405087 0.259294 0.147376 0.001916 0.173237 0.000029
0.013190 0.403657 0.259159 0.147525 0.001919 0.174524 0.000026
0.013023 0.402844 0.259897 0.147325 0.001950 0.174933 0.000029
0.013096 0.400692 0.260280 0.147513 0.001942 0.176448 0.000030
0.012884 0.399479 0.260434 0.147741 0.001978 0.177449 0.000035
0.013122 0.397753 0.260954 0.148030 0.001966 0.178143 0.000031
0.012979 0.395604 0.261500 0.148000 0.001993 0.179891 0.000033
0.012849 0.395021 0.261464 0.147850 0.001997 0.180787 0.000031
0.013024 0.395002 0.260963 0.147925 0.001950 0.181103 0.000033
0.012947 0.392083 0.261794 0.148155 0.001989 0.183007 0.000024
0.012956 0.391437 0.261803 0.148529 0.002006 0.183232 0.000036
0.013082 0.388831 0.262340 0.148704 0.002003 0.185008 0.000032
0.012953 0.387052 0.262596 0.148979 0.002026 0.186363 0.000031
0.012902 0.385536 0.262760 0.148981 0.002059 0.187728 0.000033
0.012998 0.385548 0.262509 0.149005 0.002043 0.187860 0.000037
0.012939 0.384116 0.262714 0.149218 0.002045 0.188928 0.000040
0.012702 0.380915 0.263391 0.149559 0.002060 0.191338 0.000034
0.013038 0.381503 0.263400 0.149305 0.002084 0.190636 0.000035
0.012742 0.379550 0.264021 0.149396 0.002113 0.192141 0.000037
0.013033 0.377638 0.264030 0.149980 0.002099 0.193178 0.000041
0.012855 0.376720 0.264210 0.149690 0.002102 0.194386 0.000037
0.012824 0.375619 0.264198 0.149851 0.002099 0.195372 0.000037
0.013097 0.374967 0.263991 0.150070 0.002166 0.195670 0.000039
0.013019 0.373345 0.264175 0.150307 0.002150 0.196963 0.000040
0.013016 0.371502 0.264450 0.150178 0.002148 0.198665 0.000040
0.013072 0.371020 0.264391 0.150046 0.002179 0.199250 0.000041
0.012793 0.368288 0.264776 0.150662 0.002191 0.201245 0.000045
0.012816 0.366694 0.265471 0.150734 0.002182 0.202065 0.000039
0.013007 0.367145 0.264972 0.150443 0.002191 0.202200 0.000042
0.013010 0.365843 0.264941 0.150359 0.002207 0.203594 0.000046
0.013000 0.365040 0.265074 0.150400 0.002216 0.204228 0.000043
0.012891 0.362983 0.265274 0.150848 0.002239 0.205721 0.000044
0.012928 0.361234 0.266020 0.150932 0.002248 0.206596 0.000043
0.013053 0.359836 0.265753 0.150711 0.002237 0.208368 0.000042
0.012897 0.358077 0.266343 0.151015 0.002270 0.209353 0.000045
0.013038 0.356647 0.265931 0.151343 0.002278 0.210720 0.000044
0.012997 0.354732 0.266638 0.151489 0.002290 0.211813 0.000041
0.012944 0.354821 0.266544 0.151186 0.002336 0.212126 0.000045
0.012976 0.353349 0.266527 0.151340 0.002297 0.213464 0.000048
0.012918 0.352429 0.266739 0.151351 0.002345 0.214168 0.000050
0.012774 0.350047 0.267163 0.151429 0.002324 0.216218 0.000045
0.012801 0.348741 0.267099 0.151680 0.002345 0.217289 0.000045
0.012816 0.347334 0.267043 0.151916 0.002344 0.218498 0.000049
0.013009 0.346385 0.267324 0.151736 0.002366 0.219137 0.000044
0.012905 0.345029 0.267236 0.151766 0.002365 0.220651 0.000047
0.012895 0.345131 0.267298 0.151845 0.002418 0.220366 0.000047
0.012991 0.342962 0.267539 0.152379 0.002383 0.221702 0.000044
0.012978 0.342676 0.267371 0.151767 0.002405 0.222759 0.000045
0.013251 0.340550 0.267573 0.152087 0.002407 0.224093 0.000040
0.012948 0.338415 0.268150 0.152198 0.002438 0.225806 0.000044
0.013093 0.338351 0.267929 0.152125 0.002447 0.226011 0.000043
0.013009 0.336552 0.268092 0.152245 0.002457 0.227594 0.000051
0.013100 0.336212 0.268127 0.152023 0.002467 0.228025 0.000047
0.012931 0.333602 0.268267 0.152376 0.002453 0.230319 0.000053
0.013123 0.332432 0.268366 0.152602 0.002465 0.230963 0.000049
0.025925 0.329817 0.264241 0.150034 0.002480 0.227455 0.000048
0.025402 0.328774 0.264473 0.149991 0.002445 0.228865 0.000050
0.025585 0.328951 0.263638 0.149848 0.002458 0.229472 0.000048
0.024573 0.328027 0.264364 0.149936 0.002453 0.230596 0.000052
0.028160 0.326838 0.262913 0.149116 0.002478 0.230444 0.000051
0.027396 0.324738 0.263598 0.149440 0.002492 0.232289 0.000048
0.026944 0.323678 0.263243 0.149387 0.002537 0.234157 0.000054
0.027266 0.322604 0.263116 0.149441 0.002510 0.235012 0.000051
0.030875 0.323841 0.261164 0.148450 0.002535 0.233082 0.000052
0.025162 0.322696 0.263347 0.149579 0.002525 0.236640 0.000051
0.025375 0.323427 0.262754 0.149286 0.002508 0.236593 0.000058
0.023438 0.321017 0.263964 0.149936 0.002561 0.239030 0.000053
0.024610 0.320089 0.263375 0.149716 0.002542 0.239615 0.000053
0.032415 0.317647 0.260673 0.148046 0.002594 0.238573 0.000053
0.034820 0.317095 0.259777 0.147710 0.002536 0.238008 0.000054
0.037327 0.317348 0.258691 0.146760 0.002546 0.237273 0.000055
0.031363 0.315862 0.260652 0.148244 0.002560 0.241266 0.000053
0.036082 0.316433 0.258496 0.146812 0.002533 0.239591 0.000053
0.035374 0.316109 0.258534 0.146940 0.002604 0.240384 0.000054
0.029284 0.315333 0.260809 0.148308 0.002600 0.243607 0.000058
0.029888 0.313252 0.260385 0.148122 0.002620 0.245678 0.000055
0.029889 0.314210 0.259944 0.147863 0.002614 0.245426 0.000054
0.027381 0.312240 0.261155 0.148342 0.002618 0.248202 0.000062
0.025654 0.312467 0.261619 0.148734 0.002674 0.248793 0.000060
0.027635 0.314160 0.260250 0.147543 0.002632 0.247721 0.000060
0.024721 0.311584 0.261387 0.148783 0.002685 0.250778 0.000062
0.022422 0.309370 0.262704 0.149168 0.002680 0.253596 0.000059
0.023766 0.308711 0.262171 0.149021 0.002676 0.253594 0.000061
0.024201 0.309994 0.261283 0.148388 0.002675 0.253400 0.000059
0.024159 0.310526 0.260597 0.147905 0.002677 0.254072 0.000063
0.022484 0.309475 0.261231 0.148570 0.002702 0.255473 0.000065
0.019840 0.306444 0.262911 0.149274 0.002709 0.258751 0.000072
0.020053 0.305871 0.262996 0.149096 0.002751 0.259172 0.000062
0.018108 0.302563 0.264160 0.149891 0.002762 0.262459 0.000057
0.018170 0.302194 0.264275 0.149849 0.002761 0.262686 0.000065
0.018340 0.302587 0.263413 0.149586 0.002789 0.263215 0.000071
0.016791 0.299584 0.265168 0.150256 0.002804 0.265332 0.000065
0.016870 0.299069 0.264640 0.150233 0.002796 0.266329 0.000063
0.016663 0.296448 0.265030 0.150432 0.002842 0.268520 0.000064
0.017073 0.298452 0.263906 0.149954 0.002782 0.267766 0.000067
0.015901 0.294622 0.264869 0.150585 0.002835 0.271125 0.000063
0.016401 0.296307 0.264234 0.149963 0.002828 0.270200 0.000067
0.015746 0.294101 0.264726 0.150639 0.002891 0.271831 0.000066
0.015492 0.291931 0.265159 0.150584 0.002883 0.273880 0.000071
0.015757 0.293807 0.264228 0.149927 0.002884 0.273326 0.000070
0.015122 0.290992 0.265223 0.150392 0.002859 0.275346 0.000066
0.015055 0.289152 0.264989 0.150749 0.002886 0.277094 0.000075
0.015375 0.288973 0.264578 0.150371 0.002901 0.277729 0.000073
0.014734 0.287208 0.265220 0.150736 0.002911 0.279116 0.000075
0.014436 0.286007 0.265775 0.150750 0.002900 0.280056 0.000075
0.015041 0.284870 0.265094 0.150703 0.002942 0.281278 0.000073
0.014544 0.285253 0.265003 0.150662 0.002933 0.281532 0.000074
0.014291 0.282793 0.265524 0.150732 0.002939 0.283643 0.000077
0.014391 0.281640 0.265554 0.150696 0.002967 0.284680 0.000074
0.014184 0.279803 0.265842 0.150753 0.002967 0.286370 0.000082
0.013946 0.277918 0.266000 0.150801 0.003006 0.288250 0.000079
0.014073 0.278721 0.265442 0.150375 0.003046 0.288270 0.000074
0.013851 0.275486 0.266151 0.151040 0.003041 0.290351 0.000081
0.014495 0.276373 0.265139 0.150343 0.003020 0.290551 0.000079
0.014100 0.275607 0.265168 0.150789 0.003016 0.291242 0.000078
0.014130 0.273473 0.265818 0.150770 0.003087 0.292641 0.000082
0.014416 0.273805 0.264874 0.150281 0.003074 0.293472 0.000076
0.014053 0.272678 0.265132 0.150174 0.003107 0.294774 0.000082
0.014047 0.272178 0.264966 0.150325 0.003077 0.295320 0.000088
0.013922 0.270637 0.265208 0.150331 0.003095 0.296719 0.000088
0.013858 0.267379 0.265811 0.150479 0.003143 0.299245 0.000085
0.014098 0.268102 0.265394 0.150278 0.003157 0.298889 0.000083
0.013792 0.266211 0.265609 0.150362 0.003120 0.300825 0.000081
0.013804 0.264865 0.265374 0.150753 0.003139 0.301978 0.000087
0.014053 0.266872 0.264664 0.149951 0.003136 0.301246 0.000079
0.013867 0.265510 0.264678 0.149942 0.003147 0.302780 0.000076
0.013882 0.262380 0.265281 0.150065 0.003181 0.305123 0.000088
0.013803 0.262906 0.264948 0.149987 0.003174 0.305095 0.000086
0.013817 0.260846 0.264858 0.150131 0.003191 0.307075 0.000082
0.013968 0.260893 0.264645 0.149813 0.003200 0.307391 0.000090
0.013793 0.259491 0.264629 0.149881 0.003199 0.308927 0.000080
0.014195 0.260295 0.263767 0.149493 0.003196 0.308967 0.000087
0.013813 0.257658 0.264478 0.149518 0.003209 0.311244 0.000079
0.014100 0.259794 0.263972 0.149469 0.003208 0.309371 0.000086
0.014143 0.257331 0.264087 0.149588 0.003229 0.311533 0.000089
0.014018 0.254416 0.264355 0.149552 0.003267 0.314306 0.000087
0.013884 0.254534 0.264179 0.149445 0.003238 0.314628 0.000092
0.013826 0.254604 0.263870 0.149158 0.003253 0.315202 0.000087
0.013998 0.251965 0.263420 0.149476 0.003307 0.317746 0.000088
0.014024 0.252770 0.263493 0.149143 0.003277 0.317203 0.000090
0.013932 0.251907 0.263662 0.149043 0.003312 0.318054 0.000089
0.014059 0.249885 0.263224 0.149027 0.003315 0.320392 0.000097
0.014190 0.251233 0.263102 0.148601 0.003290 0.319489 0.000096
0.014016 0.247910 0.262757 0.149194 0.003362 0.322665 0.000095
0.014002 0.245360 0.263292 0.149272 0.003326 0.324661 0.000088
0.013982 0.246077 0.262943 0.149061 0.003376 0.324469 0.000092
0.014055 0.246310 0.262554 0.148466 0.003365 0.325155 0.000096
0.014286 0.247307 0.262329 0.148115 0.003365 0.324507 0.000091
0.024156 0.243176 0.259160 0.146758 0.003335 0.323318 0.000097
0.029195 0.241271 0.257714 0.145667 0.003330 0.322725 0.000099
0.031624 0.242762 0.256040 0.145028 0.003331 0.321122 0.000092
0.029163 0.243562 0.256811 0.144896 0.003262 0.322208 0.000099
0.031440 0.243033 0.255889 0.144490 0.003324 0.321724 0.000100
0.030844 0.242672 0.255367 0.144336 0.003337 0.323349 0.000093
0.029647 0.242283 0.255395 0.144554 0.003314 0.324714 0.000093
0.029547 0.242593 0.254673 0.144379 0.003306 0.325400 0.000102
0.029152 0.243568 0.254494 0.144099 0.003335 0.325255 0.000097
0.026249 0.242792 0.255380 0.144528 0.003360 0.327587 0.000104
0.026555 0.241178 0.254840 0.144354 0.003344 0.329628 0.000100
0.024095 0.242466 0.255335 0.144507 0.003410 0.330092 0.000095
0.023388 0.240227 0.255408 0.144926 0.003422 0.332527 0.000103
0.021758 0.240549 0.255905 0.144971 0.003395 0.333323 0.000098
0.022788 0.239559 0.255465 0.144461 0.003386 0.334240 0.000101
0.021355 0.238969 0.255585 0.144673 0.003410 0.335907 0.000101
0.021456 0.238656 0.254905 0.144815 0.003394 0.336674 0.000100
0.020387 0.239364 0.255371 0.144629 0.003428 0.336712 0.000109
0.018556 0.234919 0.256645 0.145382 0.003453 0.340948 0.000098
0.017571 0.234211 0.257092 0.145426 0.003459 0.342140 0.000101
0.019550 0.235485 0.255778 0.144511 0.003516 0.341057 0.000103
0.018040 0.233406 0.256068 0.145263 0.003518 0.343601 0.000103
0.018211 0.236079 0.255275 0.144916 0.003496 0.341909 0.000113
0.017740 0.231877 0.256019 0.145127 0.003490 0.345639 0.000108
0.016652 0.230227 0.256447 0.145265 0.003518 0.347783 0.000108
0.017344 0.230121 0.255239 0.145235 0.003497 0.348462 0.000104
0.017004 0.229365 0.255675 0.145133 0.003561 0.349150 0.000111
0.016251 0.227033 0.256396 0.145311 0.003536 0.351372 0.000101
0.015859 0.225052 0.256142 0.145714 0.003595 0.353533 0.000105
0.016664 0.227176 0.255534 0.144787 0.003574 0.352170 0.000096
0.016164 0.227059 0.255123 0.144885 0.003498 0.353161 0.000109
0.015973 0.224205 0.255875 0.145005 0.003599 0.355236 0.000106
0.015829 0.223676 0.255464 0.144888 0.003630 0.356400 0.000112
0.016218 0.225064 0.254657 0.144374 0.003578 0.356002 0.000108
0.015883 0.222172 0.255362 0.144610 0.003618 0.358251 0.000104
0.016235 0.222552 0.254705 0.144494 0.003624 0.358280 0.000110
0.015371 0.221632 0.254769 0.144645 0.003633 0.359848 0.000102
0.015632 0.221352 0.254901 0.144223 0.003605 0.360176 0.000110
0.015229 0.218695 0.255195 0.144694 0.003661 0.362411 0.000115
0.015658 0.219022 0.254463 0.144320 0.003671 0.362757 0.000109
0.015341 0.217002 0.254716 0.144305 0.003650 0.364879 0.000107
0.015380 0.218031 0.254177 0.143955 0.003662 0.364684 0.000110
0.015588 0.215551 0.254038 0.144103 0.003751 0.366859 0.000109
0.015711 0.217590 0.253296 0.143642 0.003712 0.365928 0.000121
0.015501 0.216416 0.253335 0.144009 0.003713 0.366918 0.000108
0.015500 0.214788 0.253368 0.143866 0.003733 0.368637 0.000108
0.015167 0.210922 0.253961 0.143939 0.003741 0.372162 0.000108
0.015427 0.211857 0.253246 0.143741 0.003717 0.371911 0.000102
0.015329 0.211029 0.253481 0.143656 0.003723 0.372666 0.000116
0.015430 0.210660 0.252940 0.143559 0.003752 0.373554 0.000104
0.015495 0.211682 0.252516 0.143109 0.003722 0.373355 0.000121
0.015408 0.210995 0.252775 0.143288 0.003790 0.373625 0.000118
0.015631 0.209941 0.252392 0.142858 0.003774 0.375289 0.000115
0.015425 0.207377 0.252342 0.143056 0.003791 0.377889 0.000119
0.015321 0.209275 0.252380 0.143105 0.003801 0.375996 0.000122
0.015594 0.207351 0.251557 0.142652 0.003768 0.378955 0.000123
0.015653 0.205614 0.251779 0.142573 0.003833 0.380427 0.000121
0.015385 0.204514 0.251747 0.142541 0.003813 0.381886 0.000114
0.015636 0.206302 0.250785 0.142077 0.003787 0.381289 0.000124
0.015808 0.204973 0.250623 0.141792 0.003836 0.382844 0.000123
0.015499 0.204415 0.250777 0.141996 0.003825 0.383367 0.000121
0.015477 0.202387 0.251086 0.141946 0.003842 0.385136 0.000125
0.015854 0.201539 0.250512 0.141771 0.003857 0.386342 0.000124
0.015809 0.203063 0.250331 0.141813 0.003834 0.385020 0.000130
0.015534 0.201572 0.250268 0.141392 0.003860 0.387247 0.000128
0.015507 0.200747 0.249733 0.141943 0.003889 0.388055 0.000126
0.015880 0.200622 0.249236 0.141343 0.003920 0.388868 0.000131
0.015797 0.199742 0.249327 0.141202 0.003895 0.389904 0.000134
0.015507 0.197900 0.249521 0.141441 0.003882 0.391619 0.000130
0.015758 0.199546 0.248938 0.141013 0.003896 0.390729 0.000121
0.016018 0.198130 0.248678 0.140898 0.003872 0.392273 0.000132
0.015742 0.196530 0.248483 0.140995 0.003905 0.394208 0.000137
0.015656 0.196624 0.248377 0.140364 0.003892 0.394958 0.000129
0.016135 0.196193 0.247654 0.140358 0.003908 0.395618 0.000134
0.016047 0.193476 0.248143 0.140525 0.003979 0.397701 0.000130
0.015831 0.196029 0.247278 0.140060 0.003956 0.396717 0.000129
0.015875 0.194322 0.247444 0.140228 0.003949 0.398053 0.000129
0.015973 0.194040 0.247846 0.139844 0.003980 0.398187 0.000131
0.016071 0.193455 0.246716 0.139547 0.003946 0.400130 0.000135
0.016090 0.191181 0.247033 0.139611 0.003920 0.402027 0.000137
0.016052 0.191335 0.247009 0.139545 0.003953 0.401976 0.000130
0.015981 0.191206 0.246395 0.139699 0.003984 0.402604 0.000132
0.016099 0.189737 0.246484 0.139562 0.003968 0.404012 0.000138
0.016125 0.191189 0.245616 0.139014 0.003986 0.403928 0.000143
0.016147 0.190524 0.245965 0.139412 0.004025 0.403796 0.000131
0.016393 0.189344 0.245287 0.138987 0.003998 0.405851 0.000139
0.016378 0.188383 0.244958 0.138804 0.004060 0.407271 0.000146
0.016212 0.188319 0.245211 0.138257 0.004045 0.407809 0.000146
0.016445 0.186211 0.245155 0.138576 0.004036 0.409433 0.000143
0.016437 0.187496 0.244550 0.138209 0.004048 0.409132 0.000128
0.016401 0.184787 0.244590 0.138233 0.004025 0.411827 0.000138
0.016552 0.184552 0.244391 0.138207 0.004036 0.412127 0.000135
0.016459 0.185065 0.244113 0.137833 0.004085 0.412296 0.000149
0.016618 0.184164 0.243299 0.137756 0.004099 0.413917 0.000147
0.016814 0.183422 0.243464 0.137671 0.004085 0.414399 0.000146
0.016717 0.182994 0.243072 0.137485 0.004137 0.415444 0.000151
0.016585 0.183384 0.243682 0.137329 0.004116 0.414759 0.000145
0.016673 0.180498 0.242422 0.137394 0.004087 0.418782 0.000145
0.016720 0.181910 0.242519 0.137083 0.004082 0.417535 0.000151
0.016563 0.181839 0.242322 0.136716 0.004066 0.418336 0.000158
0.016716 0.180559 0.242547 0.137031 0.004158 0.418832 0.000157
0.016841 0.179912 0.241604 0.136932 0.004110 0.420441 0.000159
0.016871 0.179230 0.241740 0.136437 0.004127 0.421445 0.000151
0.016839 0.179261 0.241414 0.136502 0.004126 0.421712 0.000146
0.016669 0.177572 0.241291 0.136336 0.004171 0.423805 0.000156
0.016859 0.177430 0.240779 0.136042 0.004198 0.424536 0.000156
0.016888 0.177638 0.240598 0.136325 0.004156 0.424239 0.000157
0.016885 0.178022 0.240036 0.135660 0.004207 0.425032 0.000158
0.016914 0.175825 0.239628 0.135652 0.004153 0.427671 0.000158
0.016980 0.175383 0.239839 0.135471 0.004162 0.428008 0.000157
0.016801 0.174956 0.239666 0.135376 0.004182 0.428869 0.000150
0.017000 0.173702 0.239787 0.135404 0.004224 0.429738 0.000144
0.017228 0.173528 0.238681 0.135387 0.004128 0.430895 0.000152
0.017096 0.172087 0.238535 0.134987 0.004212 0.432920 0.000163
0.017117 0.171767 0.238712 0.134764 0.004279 0.433198 0.000163
0.017231 0.171821 0.238354 0.134522 0.004216 0.433706 0.000150
0.017031 0.171809 0.238081 0.134752 0.004213 0.433948 0.000166
0.017205 0.172185 0.237872 0.134629 0.004237 0.433710 0.000162
0.017186 0.170098 0.237150 0.134343 0.004256 0.436795 0.000171
0.017398 0.170472 0.237316 0.133921 0.004220 0.436507 0.000166
0.017517 0.171244 0.236903 0.133896 0.004268 0.436008 0.000164
0.017422 0.169380 0.236568 0.134018 0.004268 0.438185 0.000159
0.017379 0.168564 0.236500 0.133853 0.004266 0.439266 0.000171
0.017614 0.168968 0.236294 0.133397 0.004271 0.439281 0.000175
0.017629 0.167508 0.235625 0.133392 0.004297 0.441383 0.000166
0.017496 0.167046 0.235561 0.133540 0.004267 0.441925 0.000165
0.017478 0.165288 0.235349 0.133033 0.004320 0.444358 0.000174
0.017528 0.165208 0.235079 0.133053 0.004362 0.444591 0.000179
0.017660 0.164822 0.234832 0.132855 0.004342 0.445321 0.000168
0.017805 0.165262 0.234413 0.132518 0.004336 0.445495 0.000171
0.017784 0.164574 0.234192 0.133027 0.004354 0.445907 0.000162
0.017953 0.166376 0.233703 0.132461 0.004344 0.444992 0.000172
0.017790 0.164369 0.233560 0.132506 0.004300 0.447301 0.000173
0.017941 0.163405 0.233508 0.132346 0.004320 0.448310 0.000169
0.017841 0.164064 0.233349 0.132082 0.004315 0.448176 0.000174
0.018093 0.164058 0.232733 0.132197 0.004367 0.448378 0.000174
0.017721 0.163868 0.232876 0.131981 0.004359 0.449026 0.000168
0.018058 0.161239 0.232032 0.131299 0.004354 0.452853 0.000166
0.018092 0.160345 0.232402 0.131641 0.004329 0.453021 0.000170
0.017993 0.161837 0.231685 0.131417 0.004335 0.452560 0.000173
0.017908 0.159744 0.231788 0.131247 0.004390 0.454749 0.000174
0.018173 0.158459 0.231435 0.131062 0.004420 0.456273 0.000179
0.018025 0.161653 0.230960 0.131047 0.004421 0.453720 0.000175
0.018242 0.159601 0.230610 0.130604 0.004393 0.456366 0.000184
0.018140 0.159523 0.230248 0.130600 0.004457 0.456869 0.000163
0.018134 0.159380 0.230176 0.130414 0.004434 0.457283 0.000181
0.018417 0.158185 0.230329 0.130129 0.004404 0.458352 0.000184
0.018164 0.158587 0.229650 0.130111 0.004436 0.458881 0.000172
0.018319 0.156237 0.229679 0.129878 0.004429 0.461284 0.000175
0.018243 0.156372 0.229020 0.129825 0.004438 0.461928 0.000175
0.018168 0.156779 0.229089 0.129718 0.004439 0.461633 0.000174
0.018378 0.156028 0.228746 0.129778 0.004463 0.462419 0.000188
0.018622 0.156497 0.228630 0.129330 0.004455 0.462276 0.000190
0.018683 0.154720 0.228200 0.129247 0.004498 0.464468 0.000183
0.018672 0.154582 0.228024 0.128785 0.004454 0.465307 0.000176
0.018756 0.154352 0.227572 0.128874 0.004489 0.465779 0.000178
0.018646 0.153855 0.227545 0.128587 0.004470 0.466720 0.000176
0.018812 0.155282 0.227010 0.128351 0.004427 0.465935 0.000183
0.018936 0.153668 0.226510 0.128202 0.004449 0.468058 0.000178
0.018712 0.153122 0.226637 0.128377 0.004483 0.468485 0.000184
0.018755 0.152312 0.226505 0.128147 0.004469 0.469634 0.000178
0.018703 0.151566 0.226375 0.127863 0.004540 0.470774 0.000179
0.018650 0.152734 0.225680 0.128231 0.004472 0.470049 0.000185
0.018834 0.150718 0.225443 0.127877 0.004496 0.472451 0.000181
0.018866 0.151675 0.225272 0.127806 0.004457 0.471741 0.000182
0.019094 0.151155 0.224770 0.127328 0.004468 0.473009 0.000176
0.019318 0.149474 0.224070 0.127478 0.004497 0.474961 0.000201
0.019317 0.148788 0.224397 0.127024 0.004498 0.475782 0.000194
0.019240 0.149168 0.223892 0.126722 0.004506 0.476282 0.000189
0.019283 0.148341 0.223551 0.126521 0.004531 0.477589 0.000185
0.019345 0.147838 0.223275 0.126744 0.004549 0.478054 0.000195
0.019416 0.148180 0.223159 0.126785 0.004529 0.477736 0.000195
0.019457 0.146400 0.222855 0.126176 0.004556 0.480367 0.000188
0.019649 0.147624 0.222483 0.126267 0.004540 0.479257 0.000180
0.019488 0.147087 0.222414 0.126455 0.004529 0.479842 0.000186
0.019454 0.145737 0.222227 0.126092 0.004491 0.481797 0.000202
0.019709 0.146711 0.221928 0.126006 0.004608 0.480835 0.000202
0.019411 0.148044 0.221906 0.126141 0.004542 0.479762 0.000193
0.019532 0.145262 0.221690 0.125510 0.004537 0.483258 0.000210
0.019557 0.146105 0.221356 0.125743 0.004534 0.482508 0.000198
0.019903 0.143339 0.220823 0.125271 0.004553 0.485908 0.000203
0.019846 0.143734 0.220744 0.124878 0.004584 0.486021 0.000193
0.019888 0.144454 0.220453 0.125101 0.004556 0.485343 0.000205
0.019885 0.142767 0.220063 0.124621 0.004594 0.487874 0.000196
0.019873 0.143392 0.219630 0.124606 0.004553 0.487746 0.000200
0.019831 0.142897 0.219588 0.124292 0.004589 0.488602 0.000201
0.019839 0.142372 0.219573 0.124495 0.004579 0.488946 0.000197
