0.999113 0.000866 0.000012 0.000009 0.000000 0.000000 0.000000
0.998680 0.001285 0.000020 0.000004 0.000000 0.000011 0.000000
0.998250 0.001703 0.000027 0.000009 0.000000 0.000011 0.000000
0.997803 0.002140 0.000031 0.000016 0.000000 0.000011 0.000000
0.997295 0.002643 0.000032 0.000020 0.000000 0.000010 0.000000
0.996789 0.003135 0.000040 0.000025 0.000000 0.000010 0.000000
0.996158 0.003762 0.000043 0.000027 0.000000 0.000010 0.000000
0.995500 0.004405 0.000055 0.000030 0.000000 0.000009 0.000000
0.995016 0.004872 0.000064 0.000036 0.000000 0.000012 0.000000
0.993884 0.005991 0.000075 0.000036 0.000000 0.000015 0.000000
0.992634 0.007218 0.000086 0.000052 0.000000 0.000010 0.000000
0.991257 0.008560 0.000109 0.000063 0.000000 0.000011 0.000000
0.989818 0.009989 0.000110 0.000073 0.000000 0.000011 0.000000
0.987102 0.012656 0.000155 0.000076 0.000000 0.000011 0.000000
0.984853 0.014870 0.000183 0.000085 0.000000 0.000010 0.000000
0.981818 0.017854 0.000220 0.000097 0.000000 0.000011 0.000000
0.977939 0.021639 0.000290 0.000125 0.000000 0.000008 0.000000
0.974344 0.025136 0.000354 0.000157 0.000000 0.000009 0.000000
0.970044 0.029324 0.000413 0.000208 0.000000 0.000010 0.000000
0.964355 0.034864 0.000510 0.000258 0.000000 0.000013 0.000000
0.957165 0.041935 0.000559 0.000325 0.000000 0.000015 0.000000
0.950425 0.048529 0.000668 0.000359 0.000000 0.000018 0.000000
0.942297 0.056467 0.000786 0.000431 0.000000 0.000018 0.000000
0.934719 0.063867 0.000887 0.000507 0.000000 0.000020 0.000000
0.925566 0.072798 0.001045 0.000572 0.000000 0.000018 0.000000
0.915785 0.082334 0.001204 0.000656 0.000000 0.000022 0.000000
0.905082 0.092790 0.001359 0.000741 0.000000 0.000029 0.000000
0.893312 0.104255 0.001562 0.000838 0.000000 0.000032 0.000000
0.878511 0.118666 0.001829 0.000955 0.000001 0.000039 0.000000
0.868571 0.128353 0.001979 0.001046 0.000001 0.000049 0.000000
0.852762 0.143689 0.002268 0.001223 0.000001 0.000058 0.000000
0.839136 0.156883 0.002522 0.001389 0.000001 0.000068 0.000000
0.822901 0.172603 0.002846 0.001563 0.000001 0.000086 0.000000
0.808043 0.186931 0.003183 0.001749 0.000001 0.000093 0.000000
0.791196 0.203170 0.003558 0.001972 0.000001 0.000103 0.000000
0.775300 0.218510 0.003937 0.002143 0.000001 0.000109 0.000000
0.760254 0.232976 0.004277 0.002364 0.000001 0.000128 0.000000
0.742495 0.249996 0.004737 0.002634 0.000001 0.000137 0.000000
0.723679 0.267948 0.005267 0.002961 0.000001 0.000143 0.000000
0.708119 0.282797 0.005717 0.003212 0.000001 0.000154 0.000000
0.692160 0.297979 0.006245 0.003442 0.000001 0.000173 0.000000
0.676040 0.313317 0.006727 0.003721 0.000003 0.000193 0.000000
0.659045 0.329422 0.007253 0.004055 0.000003 0.000222 0.000000
0.642481 0.345086 0.007806 0.004374 0.000003 0.000250 0.000000
0.626265 0.360374 0.008391 0.004691 0.000004 0.000274 0.000000
0.608772 0.376652 0.009126 0.005134 0.000004 0.000311 0.000000
0.594936 0.389613 0.009653 0.005454 0.000004 0.000338 0.000000
0.581941 0.401599 0.010302 0.005788 0.000004 0.000367 0.000000
0.565991 0.416431 0.010970 0.006202 0.000005 0.000401 0.000000
0.549662 0.431495 0.011737 0.006661 0.000005 0.000440 0.000000
0.535806 0.444196 0.012452 0.007046 0.000005 0.000495 0.000000
0.523512 0.455313 0.013183 0.007458 0.000004 0.000530 0.000000
0.509675 0.467845 0.014019 0.007871 0.000005 0.000584 0.000000
0.495794 0.480364 0.014842 0.008363 0.000005 0.000632 0.000000
0.484088 0.490767 0.015615 0.008813 0.000006 0.000711 0.000000
0.472697 0.500782 0.016498 0.009256 0.000006 0.000762 0.000000
0.460381 0.511613 0.017417 0.009777 0.000008 0.000804 0.000000
0.451566 0.519098 0.018211 0.010253 0.000008 0.000864 0.000000
0.442268 0.527112 0.019023 0.010681 0.000010 0.000907 0.000000
0.431584 0.536223 0.019989 0.011210 0.000011 0.000983 0.000000
0.421860 0.544460 0.020860 0.011749 0.000011 0.001059 0.000000
0.411259 0.553340 0.021888 0.012355 0.000011 0.001146 0.000000
0.402397 0.560829 0.022700 0.012853 0.000012 0.001209 0.000000
0.394150 0.567451 0.023672 0.013434 0.000013 0.001280 0.000000
0.382741 0.576899 0.024906 0.014068 0.000014 0.001373 0.000000
0.375683 0.582404 0.025855 0.014596 0.000017 0.001446 0.000000
0.367340 0.589061 0.026870 0.015189 0.000019 0.001521 0.000000
0.360888 0.594019 0.027750 0.015707 0.000021 0.001615 0.000000
0.351034 0.602040 0.028855 0.016324 0.000021 0.001726 0.000001
0.344500 0.607086 0.029712 0.016848 0.000021 0.001832 0.000001
0.337481 0.612152 0.030892 0.017499 0.000023 0.001953 0.000000
0.329275 0.618252 0.032124 0.018251 0.000025 0.002073 0.000000
0.319530 0.626125 0.033318 0.018814 0.000025 0.002188 0.000000
0.309465 0.633978 0.034671 0.019528 0.000027 0.002332 0.000001
0.301262 0.639997 0.035920 0.020311 0.000026 0.002483 0.000000
0.295374 0.644058 0.036984 0.020939 0.000029 0.002616 0.000001
0.290700 0.646816 0.038100 0.021595 0.000031 0.002758 0.000001
0.284958 0.650805 0.039192 0.022121 0.000031 0.002893 0.000001
0.275348 0.657630 0.040815 0.023064 0.000030 0.003112 0.000001
0.272347 0.659355 0.041588 0.023460 0.000035 0.003215 0.000000
0.265535 0.663770 0.042996 0.024279 0.000042 0.003378 0.000000
0.261901 0.665139 0.044269 0.025069 0.000041 0.003580 0.000001
0.258943 0.666337 0.045391 0.025557 0.000043 0.003727 0.000001
0.254018 0.669214 0.046492 0.026336 0.000048 0.003892 0.000001
0.252644 0.668306 0.047850 0.027033 0.000054 0.004112 0.000000
0.249192 0.670056 0.048820 0.027611 0.000052 0.004269 0.000001
0.247390 0.669754 0.050009 0.028314 0.000056 0.004476 0.000001
0.239970 0.674338 0.051636 0.029254 0.000059 0.004742 0.000001
0.240316 0.672669 0.052444 0.029615 0.000061 0.004895 0.000001
0.231390 0.678374 0.054243 0.030729 0.000067 0.005196 0.000001
0.233130 0.675845 0.054639 0.030967 0.000066 0.005352 0.000000
0.227830 0.678489 0.056205 0.031822 0.000071 0.005584 0.000001
0.223874 0.679391 0.057866 0.032879 0.000071 0.005916 0.000001
0.223208 0.679737 0.058036 0.032934 0.000075 0.006008 0.000002
0.221108 0.679070 0.059648 0.033782 0.000075 0.006314 0.000001
0.214544 0.683151 0.060988 0.034674 0.000079 0.006562 0.000002
0.207955 0.686357 0.062892 0.035739 0.000089 0.006965 0.000002
0.203598 0.689005 0.063880 0.036292 0.000087 0.007137 0.000001
0.202047 0.688830 0.064866 0.036806 0.000095 0.007354 0.000002
0.200897 0.688158 0.065915 0.037358 0.000098 0.007573 0.000002
0.191500 0.693885 0.067934 0.038647 0.000098 0.007935 0.000001
0.192864 0.690565 0.069050 0.039279 0.000107 0.008133 0.000001
0.188985 0.692089 0.070280 0.040081 0.000114 0.008450 0.000001
0.181443 0.696921 0.071941 0.040776 0.000112 0.008806 0.000001
0.177090 0.698467 0.073459 0.041716 0.000117 0.009149 0.000002
0.170618 0.701449 0.075354 0.042811 0.000120 0.009647 0.000001
0.168200 0.701091 0.076898 0.043686 0.000128 0.009995 0.000001
0.161805 0.704752 0.078359 0.044627 0.000133 0.010321 0.000001
0.156636 0.706588 0.080203 0.045673 0.000138 0.010761 0.000001
0.148694 0.710125 0.082668 0.047091 0.000134 0.011286 0.000001
0.149916 0.707051 0.083747 0.047572 0.000143 0.011570 0.000002
0.142865 0.711074 0.085359 0.048585 0.000148 0.011967 0.000001
0.138669 0.713036 0.086652 0.049254 0.000146 0.012241 0.000002
0.132926 0.714895 0.088745 0.050467 0.000157 0.012808 0.000002
0.131759 0.713795 0.089836 0.051265 0.000159 0.013184 0.000002
0.126278 0.715387 0.091924 0.052549 0.000166 0.013694 0.000001
0.120295 0.716477 0.094799 0.053822 0.000183 0.014422 0.000002
0.115275 0.718264 0.096448 0.055034 0.000184 0.014794 0.000001
0.113857 0.718214 0.097349 0.055344 0.000196 0.015038 0.000002
0.108650 0.718648 0.099891 0.056851 0.000198 0.015760 0.000002
0.109111 0.716681 0.100648 0.057287 0.000206 0.016066 0.000001
0.109254 0.714273 0.101975 0.057905 0.000202 0.016390 0.000001
0.104907 0.715005 0.103880 0.058966 0.000210 0.017031 0.000001
0.101021 0.715984 0.105489 0.059850 0.000209 0.017446 0.000001
0.099417 0.713420 0.107696 0.061096 0.000219 0.018151 0.000001
0.098312 0.712234 0.108965 0.061773 0.000230 0.018485 0.000002
0.094741 0.712828 0.110527 0.062601 0.000231 0.019071 0.000002
0.090797 0.711366 0.113340 0.064260 0.000243 0.019992 0.000002
0.091531 0.709390 0.113899 0.064661 0.000251 0.020266 0.000002
0.087330 0.709861 0.115863 0.065828 0.000256 0.020860 0.000002
0.094187 0.703339 0.115416 0.065697 0.000257 0.021103 0.000001
0.090337 0.703888 0.117304 0.066631 0.000270 0.021569 0.000002
0.092210 0.699657 0.118500 0.067320 0.000278 0.022034 0.000001
0.090730 0.697007 0.120561 0.068511 0.000290 0.022899 0.000002
0.085716 0.698593 0.122545 0.069427 0.000289 0.023429 0.000001
0.082895 0.697834 0.124204 0.070625 0.000299 0.024142 0.000002
0.083155 0.695989 0.124922 0.071056 0.000304 0.024573 0.000001
0.081990 0.693789 0.126810 0.071927 0.000311 0.025171 0.000002
0.077548 0.694666 0.128512 0.073028 0.000312 0.025932 0.000002
0.078470 0.692341 0.129227 0.073387 0.000324 0.026248 0.000002
0.073491 0.693073 0.131490 0.074573 0.000320 0.027051 0.000002
0.074268 0.689840 0.132570 0.075259 0.000337 0.027724 0.000002
0.072784 0.690208 0.133106 0.075661 0.000337 0.027902 0.000001
0.069438 0.688740 0.135650 0.076947 0.000351 0.028872 0.000002
0.064539 0.688797 0.138149 0.078366 0.000366 0.029781 0.000002
0.061929 0.688069 0.139754 0.079424 0.000374 0.030449 0.000001
0.061464 0.687509 0.140268 0.079711 0.000366 0.030680 0.000002
0.056742 0.687070 0.143068 0.081016 0.000385 0.031717 0.000002
0.058664 0.684463 0.142993 0.081248 0.000379 0.032251 0.000002
0.054836 0.684376 0.145131 0.082239 0.000399 0.033018 0.000002
0.052558 0.682368 0.147217 0.083508 0.000420 0.033927 0.000002
0.051285 0.681765 0.148081 0.084048 0.000414 0.034405 0.000002
0.047906 0.681607 0.149748 0.085148 0.000436 0.035154 0.000002
0.046666 0.680180 0.150961 0.085864 0.000444 0.035883 0.000001
0.042665 0.678733 0.153863 0.087428 0.000439 0.036870 0.000002
0.042790 0.677070 0.154585 0.087650 0.000458 0.037446 0.000002
0.039827 0.675519 0.156830 0.088882 0.000468 0.038472 0.000001
0.039552 0.673171 0.157814 0.089769 0.000481 0.039210 0.000002
0.037808 0.670267 0.160262 0.090934 0.000483 0.040244 0.000002
0.038864 0.670314 0.159564 0.090648 0.000476 0.040133 0.000001
0.036035 0.667194 0.162450 0.092272 0.000502 0.041545 0.000002
0.034143 0.665704 0.164242 0.093094 0.000520 0.042294 0.000002
0.033289 0.662980 0.165831 0.094117 0.000517 0.043263 0.000002
0.033213 0.661751 0.166266 0.094542 0.000546 0.043680 0.000001
0.032853 0.661006 0.166712 0.094867 0.000538 0.044023 0.000002
0.035096 0.654681 0.168691 0.095746 0.000557 0.045229 0.000001
0.036814 0.652958 0.168275 0.095758 0.000560 0.045634 0.000002
0.037779 0.647299 0.170667 0.096885 0.000581 0.046787 0.000002
0.037528 0.644750 0.171623 0.097799 0.000576 0.047722 0.000001
0.037634 0.641771 0.173125 0.098439 0.000596 0.048433 0.000002
0.037077 0.640498 0.173891 0.098926 0.000597 0.049010 0.000001
0.040752 0.636728 0.173479 0.098917 0.000598 0.049523 0.000003
0.041467 0.635068 0.174060 0.099070 0.000583 0.049751 0.000001
0.037184 0.634634 0.176146 0.100325 0.000608 0.051101 0.000002
0.038884 0.630427 0.177055 0.101041 0.000628 0.051962 0.000003
0.035741 0.629303 0.179232 0.101891 0.000665 0.053165 0.000002
0.036982 0.628174 0.179235 0.101837 0.000642 0.053128 0.000001
0.034256 0.626965 0.180870 0.102871 0.000668 0.054366 0.000004
0.034930 0.624191 0.181772 0.103406 0.000694 0.055005 0.000003
0.032723 0.624389 0.182592 0.104039 0.000682 0.055573 0.000002
0.031988 0.622359 0.183845 0.104641 0.000686 0.056478 0.000002
0.032373 0.620091 0.184667 0.104985 0.000703 0.057177 0.000003
0.032785 0.617303 0.185699 0.105546 0.000705 0.057958 0.000002
0.029201 0.616411 0.187740 0.106683 0.000714 0.059248 0.000003
0.029214 0.613614 0.188751 0.107402 0.000726 0.060289 0.000003
0.028220 0.612410 0.189852 0.107929 0.000743 0.060843 0.000003
0.026848 0.610673 0.190959 0.108940 0.000741 0.061835 0.000004
0.025143 0.609056 0.192508 0.109767 0.000773 0.062750 0.000003
0.025788 0.607411 0.192908 0.109726 0.000766 0.063398 0.000004
0.026294 0.604865 0.193642 0.110281 0.000761 0.064153 0.000004
0.024496 0.601792 0.195687 0.111515 0.000790 0.065716 0.000004
0.023858 0.602502 0.195695 0.111458 0.000789 0.065694 0.000004
0.024196 0.600593 0.196199 0.111783 0.000816 0.066408 0.000006
0.023543 0.598290 0.197410 0.112462 0.000801 0.067488 0.000007
0.022468 0.595087 0.199245 0.113548 0.000823 0.068822 0.000007
0.022208 0.592510 0.200544 0.114077 0.000826 0.069830 0.000005
0.021677 0.590693 0.201529 0.114581 0.000834 0.070679 0.000007
0.021538 0.590008 0.201763 0.114776 0.000869 0.071040 0.000007
0.020811 0.586094 0.203821 0.115781 0.000876 0.072609 0.000007
0.020786 0.584358 0.204421 0.116045 0.000862 0.073520 0.000007
0.021156 0.581818 0.205265 0.116413 0.000893 0.074446 0.000009
0.028198 0.575334 0.204470 0.116285 0.000886 0.074816 0.000009
0.028441 0.573480 0.205213 0.116441 0.000904 0.075511 0.000010
0.026760 0.573621 0.205530 0.116817 0.000908 0.076355 0.000009
0.030547 0.567892 0.206416 0.117187 0.000916 0.077034 0.000008
0.032002 0.565854 0.206629 0.117037 0.000918 0.077550 0.000009
0.031465 0.563097 0.207589 0.118010 0.000930 0.078901 0.000008
0.033656 0.559728 0.207868 0.118230 0.000938 0.079570 0.000010
0.029800 0.558871 0.209974 0.119101 0.000954 0.081293 0.000008
0.031244 0.558893 0.208998 0.118832 0.000972 0.081052 0.000009
0.031899 0.554991 0.210454 0.119467 0.000959 0.082221 0.000008
0.041052 0.551544 0.207346 0.117939 0.000940 0.081168 0.000011
0.035344 0.550079 0.210429 0.119731 0.000970 0.083437 0.000010
0.037915 0.546827 0.210227 0.119806 0.000987 0.084230 0.000009
0.037788 0.546460 0.210478 0.119604 0.000992 0.084669 0.000010
0.037200 0.545113 0.211179 0.119987 0.000989 0.085519 0.000013
0.036654 0.542568 0.212422 0.120494 0.001001 0.086852 0.000009
0.036689 0.541198 0.212628 0.120985 0.001033 0.087457 0.000010
0.036175 0.538695 0.214042 0.121431 0.001013 0.088634 0.000010
0.037871 0.536996 0.213663 0.121482 0.001021 0.088954 0.000013
0.040110 0.533815 0.213669 0.121449 0.001043 0.089903 0.000011
0.043119 0.531917 0.213100 0.120887 0.001029 0.089938 0.000009
0.042071 0.530203 0.213932 0.121742 0.001049 0.090993 0.000010
0.037290 0.529766 0.216171 0.123106 0.001057 0.092598 0.000012
0.042589 0.526035 0.214788 0.122696 0.001049 0.092831 0.000012
0.041206 0.524459 0.216020 0.123011 0.001078 0.094215 0.000011
0.039385 0.524829 0.216987 0.123061 0.001079 0.094646 0.000014
0.038647 0.522900 0.217607 0.123895 0.001090 0.095849 0.000012
0.037902 0.521728 0.218428 0.124106 0.001099 0.096724 0.000013
0.037339 0.520875 0.218627 0.124472 0.001096 0.097575 0.000015
0.037235 0.520681 0.218588 0.124521 0.001113 0.097849 0.000013
0.036097 0.518972 0.219740 0.125150 0.001098 0.098928 0.000014
0.032403 0.518761 0.221296 0.125928 0.001163 0.100437 0.000012
0.032026 0.517749 0.221647 0.126317 0.001161 0.101086 0.000014
0.026206 0.516294 0.225030 0.128113 0.001162 0.103182 0.000013
0.028117 0.514692 0.224160 0.128144 0.001179 0.103694 0.000014
0.025425 0.513517 0.225914 0.128784 0.001178 0.105165 0.000017
0.025932 0.511461 0.226483 0.128970 0.001185 0.105954 0.000015
0.025998 0.510243 0.226847 0.128944 0.001226 0.106725 0.000017
0.023924 0.508016 0.228286 0.130057 0.001228 0.108471 0.000018
0.025202 0.508060 0.227384 0.129560 0.001261 0.108519 0.000015
0.021742 0.504876 0.230274 0.130958 0.001243 0.110887 0.000020
0.021156 0.503753 0.230964 0.131264 0.001263 0.111585 0.000016
0.020650 0.503507 0.231225 0.131288 0.001275 0.112039 0.000018
0.019222 0.498703 0.233258 0.132975 0.001293 0.114534 0.000014
0.018156 0.495908 0.234779 0.133968 0.001319 0.115854 0.000016
0.018740 0.496951 0.234057 0.133130 0.001278 0.115828 0.000016
0.019453 0.496257 0.233658 0.132901 0.001338 0.116375 0.000019
0.017547 0.492441 0.235912 0.134214 0.001329 0.118540 0.000017
0.017709 0.490806 0.236420 0.134351 0.001347 0.119351 0.000016
0.017473 0.489844 0.236748 0.134785 0.001342 0.119791 0.000017
0.017268 0.487127 0.237453 0.135162 0.001364 0.121607 0.000020
0.016778 0.486075 0.237974 0.135517 0.001356 0.122278 0.000020
0.016350 0.484366 0.238706 0.135937 0.001381 0.123241 0.000019
0.016474 0.483467 0.238796 0.135922 0.001426 0.123896 0.000020
0.016158 0.481512 0.239566 0.136270 0.001410 0.125065 0.000018
0.015798 0.479466 0.240308 0.136681 0.001423 0.126302 0.000022
0.015315 0.476690 0.241328 0.137424 0.001437 0.127788 0.000018
0.015305 0.473696 0.242450 0.137810 0.001445 0.129279 0.000016
0.015123 0.473125 0.242487 0.138055 0.001459 0.129732 0.000018
0.014928 0.470816 0.243292 0.138475 0.001450 0.131019 0.000020
0.015101 0.469970 0.243443 0.138561 0.001484 0.131420 0.000021
0.014656 0.468252 0.243941 0.138892 0.001472 0.132766 0.000020
0.014646 0.465175 0.244993 0.139409 0.001499 0.134259 0.000019
0.014643 0.463958 0.245257 0.139643 0.001507 0.134977 0.000016
0.014436 0.461448 0.246074 0.139956 0.001557 0.136506 0.000023
0.014319 0.459962 0.246098 0.140607 0.001516 0.137478 0.000020
0.014055 0.458231 0.247138 0.140702 0.001537 0.138318 0.000020
0.013759 0.456395 0.247645 0.141086 0.001551 0.139545 0.000020
0.013644 0.453830 0.248506 0.141566 0.001561 0.140872 0.000021
0.013875 0.452747 0.248449 0.141563 0.001614 0.141728 0.000024
0.013704 0.450841 0.249001 0.141855 0.001624 0.142958 0.000018
0.013770 0.449485 0.249429 0.142116 0.001641 0.143540 0.000020
0.013462 0.447229 0.250077 0.142348 0.001617 0.145245 0.000022
0.013489 0.445799 0.250337 0.142600 0.001636 0.146112 0.000027
0.013802 0.446346 0.249691 0.142535 0.001644 0.145958 0.000024
0.013579 0.444084 0.250548 0.142586 0.001651 0.147529 0.000023
0.013511 0.440897 0.251408 0.143129 0.001676 0.149359 0.000020
0.013346 0.439295 0.252098 0.143363 0.001701 0.150171 0.000026
0.013225 0.438686 0.251788 0.143618 0.001702 0.150956 0.000024
0.013239 0.435219 0.253191 0.143857 0.001704 0.152767 0.000022
0.013522 0.435829 0.252368 0.143835 0.001729 0.152690 0.000027
0.013539 0.434260 0.252585 0.143884 0.001730 0.153981 0.000022
0.013382 0.432623 0.253323 0.144242 0.001734 0.154675 0.000022
0.013197 0.431094 0.253634 0.144677 0.001756 0.155620 0.000022
0.013112 0.428409 0.254275 0.144909 0.001750 0.157522 0.000023
0.013230 0.428101 0.254094 0.144873 0.001761 0.157915 0.000026
0.013060 0.425098 0.254737 0.145294 0.001760 0.160023 0.000027
0.013044 0.423006 0.255626 0.145578 0.001807 0.160913 0.000026
0.012948 0.422340 0.255598 0.145539 0.001823 0.161726 0.000024
0.012958 0.421012 0.255853 0.146063 0.001825 0.162264 0.000026
0.012645 0.418382 0.256733 0.146147 0.001835 0.164234 0.000025
0.012849 0.416851 0.256654 0.146560 0.001821 0.165240 0.000027
0.012781 0.415580 0.257308 0.146663 0.001824 0.165817 0.000027
0.012757 0.413669 0.257905 0.146626 0.001846 0.167170 0.000026
0.012841 0.411322 0.258004 0.146926 0.001883 0.168989 0.000033
0.012803 0.411725 0.257762 0.147135 0.001834 0.168712 0.000030
0.012704 0.409474 0.258138 0.147258 0.001871 0.170528 0.000028
0.012665 0.408907 0.258060 0.147401 0.001876 0.171066 0.000025
0.012648 0.405434 0.259712 0.147712 0.001940 0.172527 0.000027
0.012551 0.404256 0.259552 0.147970 0.001904 0.173742 0.000027
0.012700 0.404176 0.259028 0.147963 0.001906 0.174200 0.000028
0.012513 0.401666 0.259899 0.147847 0.001933 0.176119 0.000025
0.012556 0.401194 0.259445 0.148063 0.001944 0.176766 0.000032
0.012712 0.398003 0.260485 0.148404 0.001992 0.178375 0.000030
0.012570 0.396104 0.260975 0.148743 0.001963 0.179612 0.000033
0.012590 0.396779 0.260552 0.148215 0.002028 0.179806 0.000030
0.012478 0.395406 0.260706 0.148784 0.001990 0.180607 0.000028
0.012676 0.393721 0.261011 0.148966 0.002013 0.181583 0.000029
0.012640 0.393514 0.260700 0.148622 0.002017 0.182480 0.000028
0.012392 0.390343 0.261474 0.149342 0.002057 0.184360 0.000032
0.012411 0.389517 0.261765 0.149345 0.002053 0.184884 0.000025
0.012530 0.388740 0.261931 0.149114 0.002056 0.185599 0.000031
0.012558 0.387066 0.261953 0.149318 0.002046 0.187026 0.000034
0.012467 0.385080 0.262548 0.149672 0.002087 0.188115 0.000031
0.012606 0.384050 0.262233 0.149761 0.002120 0.189200 0.000031
0.012550 0.381075 0.263027 0.150082 0.002118 0.191116 0.000032
0.012348 0.379531 0.263372 0.150238 0.002126 0.192348 0.000037
0.012429 0.379464 0.263226 0.150108 0.002134 0.192602 0.000036
0.012468 0.378702 0.263473 0.150222 0.002124 0.192982 0.000030
0.012589 0.377838 0.263515 0.150088 0.002147 0.193789 0.000035
0.012463 0.374244 0.264293 0.150477 0.002178 0.196312 0.000032
0.012498 0.373001 0.264617 0.150428 0.002199 0.197221 0.000035
0.012352 0.372058 0.264463 0.150711 0.002157 0.198226 0.000033
0.012482 0.372227 0.264083 0.150474 0.002219 0.198485 0.000031
0.012531 0.368919 0.265033 0.150721 0.002202 0.200555 0.000038
0.012365 0.368496 0.264815 0.150898 0.002243 0.201145 0.000038
0.012323 0.368097 0.265001 0.150980 0.002236 0.201325 0.000037
0.012599 0.365740 0.264952 0.150926 0.002219 0.203531 0.000034
0.012432 0.363844 0.265576 0.151198 0.002262 0.204652 0.000036
0.012433 0.363223 0.265290 0.151321 0.002291 0.205409 0.000033
0.012575 0.361541 0.265588 0.151485 0.002285 0.206497 0.000029
0.012308 0.359497 0.266084 0.151462 0.002304 0.208315 0.000031
0.012445 0.358548 0.266244 0.151588 0.002292 0.208846 0.000036
0.012383 0.357841 0.266213 0.151547 0.002326 0.209653 0.000036
0.012309 0.356553 0.266338 0.151285 0.002305 0.211173 0.000036
0.027670 0.351401 0.261512 0.149226 0.002273 0.207885 0.000032
0.027335 0.351533 0.261455 0.148935 0.002262 0.208444 0.000035
0.027018 0.350902 0.261274 0.148836 0.002344 0.209594 0.000032
0.029873 0.349694 0.260397 0.148394 0.002287 0.209317 0.000037
0.027077 0.348299 0.262019 0.148747 0.002312 0.211505 0.000040
0.027182 0.347138 0.261449 0.148775 0.002344 0.213075 0.000036
0.024227 0.347164 0.262475 0.149152 0.002331 0.214618 0.000034
0.026680 0.346772 0.261567 0.148557 0.002335 0.214055 0.000033
0.024604 0.345617 0.261992 0.148988 0.002342 0.216420 0.000036
0.025307 0.345612 0.261686 0.148666 0.002402 0.216290 0.000037
0.023820 0.344591 0.262082 0.149095 0.002387 0.217987 0.000037
0.021275 0.344846 0.262930 0.149418 0.002395 0.219097 0.000038
0.021799 0.345048 0.262471 0.149179 0.002394 0.219066 0.000043
0.019785 0.342235 0.263533 0.150124 0.002420 0.221864 0.000039
0.019748 0.341343 0.263534 0.149859 0.002504 0.222973 0.000038
0.020207 0.339944 0.263124 0.149831 0.002452 0.224402 0.000040
0.019373 0.337938 0.263921 0.150056 0.002455 0.226219 0.000039
0.020229 0.339678 0.262850 0.149425 0.002487 0.225293 0.000039
0.018040 0.338689 0.263999 0.150039 0.002522 0.226674 0.000038
0.017787 0.338114 0.263957 0.149900 0.002503 0.227700 0.000038
0.016637 0.334811 0.265360 0.150557 0.002528 0.230067 0.000041
0.016848 0.334643 0.264616 0.150344 0.002549 0.230958 0.000043
0.015921 0.333278 0.265574 0.150791 0.002545 0.231849 0.000042
0.016047 0.331245 0.265427 0.150754 0.002580 0.233904 0.000043
0.015133 0.329795 0.266269 0.151388 0.002577 0.234793 0.000044
0.015444 0.330031 0.265587 0.150757 0.002560 0.235578 0.000043
0.015230 0.328718 0.265581 0.151096 0.002595 0.236737 0.000042
0.014613 0.326832 0.266581 0.151084 0.002581 0.238265 0.000044
0.014361 0.325192 0.266456 0.151606 0.002664 0.239675 0.000045
0.014519 0.324001 0.266390 0.151271 0.002636 0.241140 0.000042
0.013372 0.321155 0.267736 0.152096 0.002654 0.242946 0.000040
0.013627 0.320973 0.267180 0.152163 0.002637 0.243379 0.000039
0.014561 0.320747 0.266071 0.151542 0.002663 0.244375 0.000041
0.013629 0.320512 0.266928 0.151572 0.002721 0.244596 0.000042
0.013547 0.319262 0.267060 0.151907 0.002666 0.245514 0.000044
0.013014 0.316044 0.267746 0.152088 0.002679 0.248382 0.000047
0.013592 0.315660 0.267037 0.151645 0.002718 0.249300 0.000048
0.013074 0.314376 0.267709 0.151886 0.002744 0.250170 0.000041
0.013024 0.313149 0.267383 0.152251 0.002746 0.251402 0.000046
0.013089 0.313322 0.267241 0.152355 0.002760 0.251186 0.000046
0.012803 0.309127 0.268004 0.152546 0.002758 0.254719 0.000043
0.012844 0.308997 0.267651 0.152491 0.002800 0.255170 0.000045
0.013040 0.309429 0.267228 0.152180 0.002787 0.255287 0.000049
0.012711 0.306196 0.268143 0.152720 0.002794 0.257387 0.000048
0.013439 0.308090 0.266957 0.151996 0.002800 0.256669 0.000048
0.012950 0.304464 0.267896 0.152482 0.002808 0.259349 0.000050
0.013224 0.304986 0.267229 0.152223 0.002844 0.259441 0.000052
0.012780 0.302767 0.267812 0.152718 0.002806 0.261069 0.000049
0.012886 0.301398 0.267841 0.152322 0.002839 0.262668 0.000047
0.012895 0.300783 0.267824 0.152359 0.002831 0.263255 0.000052
0.012938 0.300687 0.267820 0.152368 0.002841 0.263297 0.000048
0.012952 0.298699 0.268045 0.152590 0.002859 0.264804 0.000050
0.012920 0.297775 0.267688 0.152338 0.002869 0.266360 0.000048
0.012915 0.297023 0.267588 0.152650 0.002841 0.266932 0.000052
0.013006 0.295452 0.267576 0.152425 0.002879 0.268606 0.000056
0.012928 0.294102 0.267777 0.152430 0.002896 0.269811 0.000057
0.012984 0.291987 0.268033 0.152640 0.002919 0.271389 0.000049
0.012733 0.291685 0.267791 0.152546 0.002955 0.272238 0.000052
0.012966 0.292984 0.267335 0.152234 0.002909 0.271518 0.000055
0.012728 0.290544 0.267838 0.152397 0.002942 0.273496 0.000055
0.012939 0.287512 0.267713 0.152012 0.002958 0.276808 0.000058
0.013004 0.287515 0.267529 0.152234 0.003008 0.276657 0.000053
0.012994 0.287096 0.267626 0.152108 0.002956 0.277163 0.000058
0.013032 0.286260 0.267314 0.152123 0.003027 0.278186 0.000057
0.012979 0.283941 0.267545 0.152063 0.002987 0.280433 0.000053
0.013142 0.284980 0.267166 0.151696 0.002995 0.279957 0.000065
0.012972 0.282733 0.267339 0.152007 0.003034 0.281858 0.000058
0.012848 0.281323 0.267347 0.152281 0.003034 0.283111 0.000056
0.013189 0.281178 0.267017 0.152116 0.003063 0.283384 0.000053
0.013251 0.279350 0.267419 0.151915 0.003079 0.284929 0.000056
0.012937 0.279193 0.266963 0.152112 0.003048 0.285684 0.000063
0.013281 0.278756 0.266816 0.151706 0.003079 0.286309 0.000053
0.013113 0.277209 0.266991 0.152012 0.003119 0.287496 0.000060
0.013162 0.277013 0.266710 0.151760 0.003109 0.288186 0.000061
0.012894 0.274758 0.267075 0.151676 0.003085 0.290448 0.000064
0.013231 0.275130 0.266627 0.151508 0.003108 0.290333 0.000064
0.013088 0.272979 0.266752 0.151652 0.003125 0.292338 0.000065
0.013129 0.273014 0.266575 0.151425 0.003098 0.292699 0.000060
0.013339 0.270885 0.266516 0.151262 0.003168 0.294774 0.000056
0.013069 0.270279 0.266787 0.151363 0.003123 0.295315 0.000064
0.013322 0.270740 0.266163 0.151347 0.003135 0.295237 0.000057
0.013089 0.267986 0.266891 0.151683 0.003156 0.297137 0.000058
0.013157 0.267534 0.266248 0.151327 0.003184 0.298485 0.000065
0.013249 0.266993 0.266054 0.150953 0.003169 0.299517 0.000064
0.013110 0.266857 0.266004 0.151259 0.003188 0.299516 0.000065
0.013264 0.265298 0.266288 0.151330 0.003214 0.300545 0.000061
0.013420 0.265033 0.265870 0.151128 0.003200 0.301286 0.000063
0.013205 0.263999 0.266039 0.151311 0.003179 0.302212 0.000056
0.013372 0.261104 0.265972 0.151303 0.003217 0.304967 0.000064
0.013271 0.262334 0.265639 0.150978 0.003265 0.304443 0.000071
0.013212 0.260835 0.265695 0.150878 0.003241 0.306078 0.000061
0.013435 0.258475 0.265801 0.150896 0.003263 0.308067 0.000064
0.013464 0.258123 0.265300 0.150892 0.003289 0.308864 0.000067
0.013309 0.258682 0.265162 0.150552 0.003282 0.308956 0.000057
0.013325 0.255820 0.265178 0.150672 0.003284 0.311660 0.000062
0.013263 0.255186 0.265564 0.150362 0.003260 0.312301 0.000064
0.013366 0.255455 0.265161 0.150710 0.003327 0.311917 0.000064
0.013531 0.253944 0.264714 0.150448 0.003382 0.313919 0.000063
0.013525 0.253934 0.264949 0.150226 0.003328 0.313976 0.000062
0.013433 0.251658 0.265033 0.150225 0.003314 0.316272 0.000064
0.030949 0.249743 0.258892 0.147048 0.003301 0.309994 0.000073
0.032052 0.250894 0.257763 0.146385 0.003282 0.309552 0.000072
0.031224 0.250311 0.257381 0.146224 0.003307 0.311489 0.000064
0.029313 0.250680 0.257984 0.146567 0.003316 0.312072 0.000067
0.028603 0.251081 0.257951 0.146507 0.003339 0.312449 0.000070
0.027586 0.249920 0.258402 0.146644 0.003327 0.314053 0.000068
0.030359 0.250164 0.256706 0.145994 0.003318 0.313395 0.000064
0.027510 0.250168 0.257366 0.146379 0.003327 0.315185 0.000065
0.024986 0.249072 0.257966 0.146872 0.003372 0.317662 0.000069
0.025309 0.248037 0.257637 0.146453 0.003374 0.319125 0.000065
0.025685 0.250399 0.256517 0.146233 0.003327 0.317772 0.000067
0.022011 0.246451 0.258679 0.147036 0.003407 0.322345 0.000071
0.020828 0.246575 0.258668 0.146977 0.003414 0.323469 0.000068
0.021946 0.247634 0.257174 0.146638 0.003372 0.323170 0.000067
0.020210 0.245328 0.258537 0.146933 0.003438 0.325478 0.000077
0.020785 0.244507 0.257852 0.146322 0.003431 0.327028 0.000074
0.020578 0.245929 0.257536 0.145928 0.003387 0.326577 0.000065
0.018584 0.243183 0.258385 0.146692 0.003438 0.329641 0.000077
0.017704 0.241991 0.259035 0.147010 0.003439 0.330740 0.000082
0.018858 0.243051 0.257958 0.146545 0.003493 0.330020 0.000074
0.019255 0.242775 0.257042 0.145948 0.003457 0.331454 0.000067
0.018593 0.243574 0.257336 0.145887 0.003457 0.331078 0.000076
0.017269 0.239278 0.258162 0.146618 0.003510 0.335088 0.000076
0.016690 0.238566 0.258390 0.146558 0.003517 0.336200 0.000079
0.016229 0.237768 0.258525 0.147165 0.003528 0.336712 0.000074
0.016782 0.237136 0.257975 0.146888 0.003542 0.337598 0.000079
0.016010 0.236083 0.258420 0.146445 0.003530 0.339434 0.000078
0.015893 0.235597 0.258312 0.146634 0.003564 0.339923 0.000076
0.015925 0.234218 0.257769 0.146332 0.003573 0.342103 0.000080
0.015523 0.233892 0.258132 0.146324 0.003614 0.342433 0.000081
0.015296 0.231909 0.258476 0.146445 0.003576 0.344222 0.000076
0.015049 0.231319 0.257964 0.146804 0.003614 0.345173 0.000077
0.015548 0.231124 0.257418 0.146371 0.003604 0.345851 0.000083
0.015406 0.230945 0.257678 0.146331 0.003665 0.345895 0.000080
0.015513 0.229073 0.257356 0.146305 0.003625 0.348049 0.000080
0.015195 0.226155 0.257806 0.146384 0.003662 0.350710 0.000089
0.015350 0.227717 0.257438 0.146090 0.003596 0.349728 0.000082
0.015415 0.228369 0.256956 0.145914 0.003687 0.349576 0.000083
0.015466 0.226997 0.256556 0.145626 0.003680 0.351583 0.000093
0.015451 0.227759 0.256265 0.145527 0.003657 0.351257 0.000084
0.014984 0.224375 0.256892 0.145748 0.003689 0.354226 0.000087
0.015007 0.223617 0.257230 0.145935 0.003705 0.354426 0.000082
0.015272 0.223745 0.255740 0.145601 0.003705 0.355843 0.000094
0.014760 0.221758 0.256909 0.145596 0.003721 0.357170 0.000086
0.014771 0.220552 0.256697 0.145568 0.003732 0.358589 0.000091
0.015075 0.221923 0.255887 0.145340 0.003755 0.357934 0.000086
0.015524 0.222527 0.255116 0.144845 0.003802 0.358098 0.000087
0.014914 0.218203 0.255653 0.145011 0.003822 0.362304 0.000093
0.014926 0.218466 0.255494 0.145469 0.003834 0.361725 0.000086
0.015099 0.217310 0.255467 0.145004 0.003792 0.363233 0.000094
0.015258 0.216455 0.255400 0.144655 0.003827 0.364315 0.000090
0.014764 0.216513 0.255071 0.145022 0.003838 0.364703 0.000090
0.014909 0.214769 0.254850 0.144898 0.003810 0.366676 0.000088
0.015152 0.214553 0.254652 0.144484 0.003824 0.367245 0.000089
0.015002 0.212612 0.254754 0.144729 0.003864 0.368946 0.000094
0.015029 0.214001 0.253996 0.144430 0.003891 0.368567 0.000087
0.015033 0.214926 0.253633 0.143995 0.003819 0.368510 0.000084
0.014792 0.211989 0.254032 0.144148 0.003848 0.371100 0.000092
0.015002 0.211838 0.253651 0.143917 0.003847 0.371655 0.000090
0.015105 0.210028 0.254061 0.144261 0.003861 0.372590 0.000094
0.014853 0.209138 0.253568 0.144197 0.003952 0.374192 0.000100
0.015112 0.209454 0.253189 0.143955 0.003902 0.374289 0.000100
0.015236 0.209609 0.252995 0.143665 0.003919 0.374480 0.000097
0.015131 0.206954 0.252881 0.143652 0.003921 0.377368 0.000094
0.015032 0.207637 0.252502 0.143600 0.003933 0.377202 0.000093
0.015145 0.205000 0.252598 0.143425 0.003970 0.379763 0.000099
0.015125 0.205454 0.252756 0.143300 0.003929 0.379346 0.000090
0.015121 0.204681 0.252535 0.143385 0.003908 0.380275 0.000096
0.015430 0.205612 0.251757 0.143049 0.003928 0.380126 0.000099
0.015357 0.204069 0.251873 0.142944 0.003930 0.381737 0.000091
0.015334 0.202920 0.251683 0.142863 0.003937 0.383175 0.000087
0.015344 0.203169 0.251343 0.142645 0.003915 0.383489 0.000095
0.015259 0.202884 0.251353 0.142892 0.004028 0.383485 0.000100
0.015253 0.200624 0.251142 0.142209 0.003998 0.386675 0.000099
0.015516 0.201660 0.250199 0.142340 0.003996 0.386194 0.000095
0.015520 0.200659 0.250420 0.142373 0.004035 0.386890 0.000104
0.015402 0.199922 0.250202 0.142398 0.003969 0.388014 0.000094
0.015422 0.198014 0.250124 0.141766 0.004042 0.390524 0.000108
0.015361 0.197325 0.250349 0.142304 0.004013 0.390548 0.000099
0.015458 0.197812 0.249616 0.141662 0.004006 0.391339 0.000106
0.015579 0.195511 0.249467 0.141981 0.004042 0.393311 0.000108
0.015394 0.196135 0.249493 0.141779 0.004053 0.393033 0.000112
0.015556 0.194522 0.249311 0.141723 0.004056 0.394729 0.000102
0.015662 0.194769 0.248992 0.141354 0.004005 0.395122 0.000096
0.015669 0.194315 0.248726 0.141121 0.004067 0.395990 0.000112
0.015760 0.194403 0.248077 0.140863 0.004084 0.396710 0.000102
0.015681 0.194532 0.247770 0.140301 0.004100 0.397510 0.000105
0.015457 0.191504 0.248804 0.140977 0.004159 0.398993 0.000107
0.015947 0.192576 0.247396 0.140125 0.004143 0.399710 0.000104
0.015760 0.193138 0.247568 0.140127 0.004127 0.399173 0.000107
0.016041 0.190985 0.247290 0.140156 0.004066 0.401355 0.000107
0.015823 0.190142 0.247125 0.140261 0.004052 0.402489 0.000109
0.015831 0.189174 0.246850 0.139984 0.004163 0.403885 0.000112
0.015930 0.189292 0.246943 0.139507 0.004106 0.404116 0.000105
0.015903 0.189743 0.246034 0.139326 0.004148 0.404724 0.000121
0.015924 0.188875 0.245693 0.139670 0.004136 0.405578 0.000123
0.016087 0.187451 0.246037 0.139495 0.004142 0.406667 0.000121
0.016357 0.187426 0.245555 0.139134 0.004091 0.407325 0.000112
0.015999 0.185834 0.245397 0.139007 0.004202 0.409446 0.000114
0.016070 0.187607 0.245364 0.138882 0.004128 0.407835 0.000114
0.016078 0.185425 0.245014 0.139097 0.004139 0.410131 0.000114
0.016299 0.184470 0.244877 0.139003 0.004202 0.411041 0.000109
0.016228 0.183628 0.244485 0.138710 0.004143 0.412690 0.000117
0.016195 0.184381 0.244444 0.138620 0.004224 0.412014 0.000121
0.016272 0.183371 0.244111 0.138307 0.004212 0.413610 0.000117
0.016426 0.181591 0.243874 0.138420 0.004212 0.415353 0.000124
0.016408 0.182778 0.243299 0.138392 0.004221 0.414774 0.000128
0.016637 0.182522 0.243148 0.137985 0.004219 0.415372 0.000117
0.016343 0.181757 0.243275 0.137765 0.004225 0.416511 0.000124
0.016532 0.180033 0.242496 0.137592 0.004252 0.418965 0.000130
0.016750 0.179116 0.242475 0.137094 0.004220 0.420217 0.000129
0.016590 0.179688 0.242201 0.137315 0.004230 0.419852 0.000124
0.016347 0.178730 0.242004 0.137305 0.004204 0.421286 0.000124
0.016668 0.177744 0.241798 0.137039 0.004291 0.422332 0.000128
0.016724 0.177472 0.241383 0.137011 0.004314 0.422969 0.000126
0.016799 0.177329 0.240723 0.136822 0.004343 0.423855 0.000130
0.016829 0.175327 0.240953 0.136652 0.004282 0.425825 0.000132
0.016776 0.176590 0.241110 0.136711 0.004322 0.424360 0.000133
0.017013 0.175933 0.240204 0.136505 0.004273 0.425947 0.000125
0.016692 0.174690 0.240204 0.136166 0.004253 0.427858 0.000137
0.016927 0.175697 0.240017 0.136093 0.004358 0.426775 0.000133
0.017008 0.174746 0.240087 0.135876 0.004326 0.427817 0.000140
0.017145 0.173354 0.239169 0.135555 0.004332 0.430300 0.000144
0.017014 0.174108 0.239214 0.135563 0.004380 0.429580 0.000141
0.017057 0.173023 0.239038 0.135541 0.004395 0.430812 0.000136
0.017015 0.172392 0.238907 0.135662 0.004318 0.431571 0.000135
0.016939 0.171024 0.238526 0.135317 0.004370 0.433679 0.000144
0.016761 0.171539 0.238394 0.135215 0.004352 0.433590 0.000149
0.017264 0.170810 0.237571 0.134850 0.004381 0.434993 0.000132
0.017300 0.170188 0.237617 0.134970 0.004393 0.435392 0.000141
0.017292 0.170222 0.237329 0.134934 0.004392 0.435692 0.000139
0.017202 0.169375 0.237226 0.134692 0.004337 0.437035 0.000132
0.017443 0.168080 0.236931 0.134448 0.004403 0.438551 0.000144
0.017098 0.168714 0.236495 0.134221 0.004430 0.438905 0.000137
0.017419 0.168534 0.236476 0.134092 0.004376 0.438957 0.000146
0.017578 0.168097 0.236397 0.134209 0.004403 0.439171 0.000144
0.017507 0.167974 0.235711 0.133948 0.004431 0.440289 0.000140
0.017494 0.166096 0.235295 0.133583 0.004437 0.442949 0.000146
0.017752 0.167126 0.235224 0.133455 0.004373 0.441927 0.000144
0.017452 0.165887 0.235084 0.133374 0.004448 0.443591 0.000165
0.017423 0.165449 0.235371 0.133544 0.004405 0.443664 0.000145
0.017685 0.164811 0.234188 0.132789 0.004447 0.445931 0.000149
0.017603 0.164331 0.234121 0.133023 0.004425 0.446345 0.000151
0.017858 0.162116 0.234124 0.132665 0.004452 0.448628 0.000156
0.017912 0.163923 0.233669 0.132541 0.004462 0.447340 0.000153
0.017744 0.161838 0.233656 0.132505 0.004457 0.449651 0.000149
0.017997 0.162343 0.232980 0.132328 0.004474 0.449712 0.000166
0.017550 0.161709 0.233275 0.132343 0.004519 0.450442 0.000161
0.018039 0.161516 0.232676 0.131960 0.004503 0.451142 0.000164
0.018053 0.160486 0.232106 0.131927 0.004564 0.452701 0.000163
0.018165 0.160331 0.232090 0.131890 0.004461 0.452905 0.000158
0.017972 0.160014 0.232240 0.131753 0.004514 0.453343 0.000164
0.017844 0.159396 0.231386 0.131490 0.004529 0.455190 0.000166
0.018021 0.159772 0.231618 0.131529 0.004498 0.454396 0.000167
0.018080 0.158878 0.231399 0.131299 0.004443 0.455742 0.000158
0.018179 0.158292 0.230558 0.131014 0.004535 0.457253 0.000168
0.018120 0.158319 0.230583 0.130624 0.004539 0.457649 0.000166
0.018224 0.157572 0.230664 0.130835 0.004533 0.458007 0.000163
0.018242 0.156293 0.230042 0.130463 0.004543 0.460235 0.000182
0.018221 0.157724 0.229835 0.130402 0.004518 0.459114 0.000186
0.018206 0.155985 0.229807 0.130415 0.004581 0.460828 0.000180
0.018044 0.156195 0.229784 0.130426 0.004556 0.460823 0.000172
0.018463 0.155671 0.228906 0.129913 0.004576 0.462290 0.000180
0.018518 0.155962 0.228814 0.129980 0.004614 0.461938 0.000175
0.018565 0.154043 0.228514 0.129986 0.004580 0.464131 0.000181
0.018324 0.154285 0.228211 0.129768 0.004539 0.464702 0.000171
0.018615 0.154616 0.228110 0.129624 0.004584 0.464277 0.000173
0.018689 0.152955 0.227524 0.128922 0.004611 0.467116 0.000184
0.018642 0.153490 0.227691 0.129330 0.004590 0.466084 0.000173
0.018500 0.152353 0.227171 0.128962 0.004605 0.468239 0.000171
0.018662 0.152338 0.226945 0.128795 0.004620 0.468468 0.000172
0.018621 0.152606 0.226597 0.128764 0.004585 0.468658 0.000169
0.018442 0.151115 0.226341 0.128426 0.004634 0.470866 0.000176
0.018791 0.152268 0.226581 0.128353 0.004611 0.469222 0.000173
0.018900 0.151341 0.226152 0.128102 0.004615 0.470700 0.000191
0.018935 0.150609 0.225254 0.128145 0.004629 0.472245 0.000183
0.018790 0.150822 0.225645 0.128001 0.004639 0.471925 0.000179
0.018891 0.149278 0.224733 0.127566 0.004650 0.474695 0.000187
0.018818 0.148488 0.224794 0.127554 0.004668 0.475488 0.000190
0.019012 0.148334 0.224605 0.127539 0.004659 0.475675 0.000177
0.018808 0.147828 0.224439 0.127144 0.004687 0.476903 0.000191
0.019109 0.148080 0.224255 0.127248 0.004639 0.476480 0.000189
0.019206 0.147010 0.223917 0.127091 0.004662 0.477916 0.000198
0.019234 0.147359 0.223431 0.127107 0.004720 0.477959 0.000190
0.019172 0.147351 0.223299 0.126710 0.004657 0.478619 0.000193
0.019220 0.146624 0.222916 0.126719 0.004677 0.479657 0.000188
0.019207 0.146388 0.222519 0.126491 0.004692 0.480518 0.000184
0.019207 0.146190 0.222473 0.126215 0.004669 0.481067 0.000181
0.019279 0.145979 0.222373 0.126111 0.004702 0.481358 0.000198
0.019560 0.144931 0.221854 0.126018 0.004702 0.482736 0.000198
0.019372 0.144489 0.221492 0.125590 0.004739 0.484129 0.000190
0.019402 0.144089 0.221559 0.125449 0.004687 0.484615 0.000199
0.019369 0.143452 0.221043 0.125330 0.004732 0.485882 0.000192
0.019623 0.144434 0.220409 0.125330 0.004685 0.485322 0.000197
0.019499 0.143239 0.220254 0.125283 0.004771 0.486746 0.000208
0.019733 0.141988 0.220424 0.125251 0.004728 0.487690 0.000186
0.019599 0.142485 0.219684 0.125027 0.004778 0.488210 0.000216
0.019736 0.142298 0.220151 0.124663 0.004725 0.488236 0.000190
