0.999101 0.000882 0.000010 0.000007 0.000000 0.000000 0.000000
0.998657 0.001315 0.000017 0.000004 0.000000 0.000007 0.000000
0.998218 0.001743 0.000027 0.000005 0.000000 0.000007 0.000000
0.997722 0.002230 0.000031 0.000010 0.000000 0.000007 0.000000
0.997224 0.002721 0.000033 0.000015 0.000000 0.000007 0.000000
0.996709 0.003226 0.000040 0.000018 0.000000 0.000007 0.000000
0.996167 0.003761 0.000048 0.000018 0.000000 0.000006 0.000000
0.995451 0.004463 0.000055 0.000025 0.000000 0.000006 0.000000
0.994741 0.005164 0.000060 0.000028 0.000000 0.000007 0.000000
0.993792 0.006104 0.000063 0.000033 0.000000 0.000008 0.000000
0.992622 0.007244 0.000074 0.000052 0.000000 0.000009 0.000000
0.991001 0.008807 0.000102 0.000081 0.000000 0.000009 0.000000
0.989379 0.010384 0.000133 0.000097 0.000000 0.000007 0.000000
0.986958 0.012745 0.000171 0.000117 0.000000 0.000009 0.000000
0.984290 0.015363 0.000217 0.000117 0.000000 0.000013 0.000000
0.981341 0.018253 0.000245 0.000149 0.000000 0.000012 0.000000
0.976660 0.022866 0.000284 0.000171 0.000000 0.000018 0.000000
0.972838 0.026639 0.000306 0.000194 0.000000 0.000022 0.000000
0.967746 0.031611 0.000387 0.000235 0.000000 0.000022 0.000000
0.962413 0.036864 0.000439 0.000265 0.000000 0.000020 0.000000
0.954639 0.044494 0.000521 0.000318 0.000000 0.000029 0.000000
0.947282 0.051722 0.000601 0.000365 0.000000 0.000030 0.000000
0.939497 0.059324 0.000709 0.000441 0.000000 0.000029 0.000000
0.930147 0.068427 0.000873 0.000522 0.000000 0.000031 0.000000
0.918240 0.080001 0.001078 0.000648 0.000000 0.000034 0.000000
0.907457 0.090525 0.001262 0.000722 0.000000 0.000034 0.000000
0.895914 0.101739 0.001491 0.000813 0.000000 0.000043 0.000000
0.883297 0.113973 0.001730 0.000955 0.000000 0.000046 0.000000
0.870370 0.126563 0.001957 0.001062 0.000000 0.000048 0.000000
0.855315 0.141184 0.002237 0.001205 0.000000 0.000060 0.000000
0.842832 0.153226 0.002500 0.001364 0.000000 0.000078 0.000000
0.826451 0.169101 0.002820 0.001537 0.000000 0.000091 0.000000
0.811073 0.183960 0.003142 0.001721 0.000000 0.000104 0.000000
0.797385 0.197122 0.003472 0.001915 0.000000 0.000106 0.000000
0.780837 0.213031 0.003842 0.002159 0.000000 0.000131 0.000000
0.764586 0.228645 0.004222 0.002398 0.000000 0.000148 0.000000
0.750090 0.242544 0.004603 0.002607 0.000000 0.000156 0.000000
0.733701 0.258164 0.005075 0.002881 0.000000 0.000179 0.000000
0.719130 0.272025 0.005534 0.003125 0.000000 0.000186 0.000000
0.703483 0.286920 0.006027 0.003366 0.000001 0.000203 0.000000
0.689064 0.300707 0.006390 0.003618 0.000003 0.000218 0.000000
0.674010 0.315005 0.006851 0.003879 0.000003 0.000251 0.000000
0.658988 0.329216 0.007329 0.004193 0.000004 0.000271 0.000000
0.642475 0.344644 0.008019 0.004558 0.000003 0.000301 0.000000
0.633256 0.353211 0.008426 0.004781 0.000004 0.000322 0.000000
0.616398 0.368891 0.009147 0.005198 0.000004 0.000361 0.000000
0.603435 0.380957 0.009711 0.005492 0.000006 0.000399 0.000000
0.588639 0.394731 0.010369 0.005825 0.000005 0.000431 0.000000
0.575293 0.407130 0.010907 0.006200 0.000006 0.000463 0.000000
0.560966 0.420369 0.011595 0.006557 0.000007 0.000506 0.000000
0.550263 0.430085 0.012248 0.006875 0.000006 0.000523 0.000000
0.537795 0.441477 0.012868 0.007293 0.000005 0.000561 0.000000
0.522219 0.455684 0.013703 0.007766 0.000005 0.000622 0.000000
0.511050 0.465767 0.014381 0.008122 0.000005 0.000675 0.000000
0.501099 0.474562 0.015073 0.008554 0.000005 0.000707 0.000000
0.487655 0.486724 0.015840 0.009014 0.000006 0.000761 0.000000
0.476749 0.496358 0.016630 0.009443 0.000006 0.000813 0.000000
0.464900 0.506805 0.017461 0.009949 0.000007 0.000877 0.000000
0.453312 0.516929 0.018406 0.010411 0.000010 0.000933 0.000000
0.441611 0.527216 0.019290 0.010888 0.000010 0.000986 0.000000
0.433172 0.534240 0.020174 0.011342 0.000011 0.001061 0.000000
0.421014 0.544701 0.021236 0.011906 0.000012 0.001130 0.000000
0.409769 0.554482 0.022132 0.012398 0.000013 0.001207 0.000000
0.399034 0.563526 0.023143 0.012964 0.000013 0.001320 0.000000
0.388576 0.572323 0.024138 0.013545 0.000015 0.001402 0.000000
0.377166 0.581930 0.025275 0.014122 0.000015 0.001492 0.000000
0.367268 0.589957 0.026382 0.014792 0.000016 0.001584 0.000000
0.358830 0.596550 0.027480 0.015441 0.000017 0.001682 0.000000
0.352206 0.601755 0.028313 0.015923 0.000019 0.001783 0.000000
0.341859 0.610156 0.029475 0.016595 0.000019 0.001896 0.000000
0.334825 0.615307 0.030577 0.017234 0.000020 0.002037 0.000000
0.323745 0.624076 0.031985 0.018016 0.000020 0.002158 0.000000
0.319888 0.626527 0.032827 0.018472 0.000021 0.002264 0.000000
0.314233 0.630246 0.033958 0.019163 0.000023 0.002376 0.000000
0.305824 0.636445 0.035291 0.019875 0.000025 0.002541 0.000000
0.298412 0.641698 0.036581 0.020610 0.000027 0.002671 0.000000
0.292652 0.645548 0.037726 0.021249 0.000027 0.002796 0.000000
0.290362 0.645814 0.038907 0.021930 0.000029 0.002958 0.000000
0.283252 0.650890 0.040102 0.022614 0.000029 0.003113 0.000000
0.280287 0.652059 0.041162 0.023212 0.000031 0.003249 0.000000
0.275215 0.654948 0.042519 0.023896 0.000032 0.003390 0.000000
0.269822 0.658111 0.043827 0.024637 0.000039 0.003564 0.000000
0.262190 0.663621 0.045103 0.025321 0.000039 0.003725 0.000000
0.258996 0.664998 0.046106 0.025959 0.000045 0.003896 0.000000
0.256043 0.666236 0.047085 0.026522 0.000042 0.004072 0.000000
0.246623 0.672489 0.049029 0.027467 0.000046 0.004346 0.000000
0.241790 0.674979 0.050285 0.028335 0.000051 0.004560 0.000000
0.238401 0.676998 0.051101 0.028760 0.000050 0.004690 0.000000
0.229454 0.682424 0.053122 0.029940 0.000051 0.005010 0.000000
0.225631 0.684070 0.054430 0.030622 0.000051 0.005197 0.000000
0.216666 0.690245 0.056037 0.031540 0.000052 0.005461 0.000000
0.213545 0.691577 0.056959 0.032222 0.000051 0.005646 0.000000
0.208315 0.694456 0.058310 0.033000 0.000060 0.005858 0.000000
0.202664 0.697078 0.060011 0.034023 0.000060 0.006163 0.000000
0.198045 0.699171 0.061533 0.034761 0.000062 0.006429 0.000000
0.190461 0.703766 0.063223 0.035767 0.000068 0.006715 0.000000
0.185104 0.707120 0.064330 0.036461 0.000068 0.006917 0.000001
0.177287 0.711115 0.066472 0.037704 0.000071 0.007350 0.000001
0.173123 0.712146 0.068278 0.038715 0.000078 0.007660 0.000001
0.169909 0.712949 0.069658 0.039441 0.000080 0.007961 0.000001
0.164783 0.714729 0.071513 0.040566 0.000081 0.008327 0.000001
0.162961 0.714314 0.072736 0.041303 0.000090 0.008593 0.000001
0.156009 0.716242 0.075494 0.042982 0.000089 0.009182 0.000001
0.154351 0.716999 0.075918 0.043326 0.000093 0.009310 0.000002
0.152384 0.715916 0.077631 0.044270 0.000097 0.009702 0.000001
0.146561 0.719192 0.079126 0.045060 0.000100 0.009960 0.000002
0.138170 0.722921 0.081732 0.046520 0.000109 0.010547 0.000001
0.136598 0.722704 0.082665 0.047148 0.000114 0.010769 0.000001
0.132506 0.722945 0.084851 0.048308 0.000122 0.011266 0.000002
0.128940 0.723972 0.086329 0.049020 0.000131 0.011607 0.000001
0.125795 0.725048 0.087449 0.049647 0.000132 0.011927 0.000001
0.123165 0.724304 0.089264 0.050667 0.000134 0.012465 0.000002
0.118115 0.725651 0.091305 0.051789 0.000137 0.013001 0.000001
0.118740 0.723271 0.092288 0.052288 0.000142 0.013269 0.000002
0.116210 0.723113 0.093793 0.053087 0.000145 0.013649 0.000002
0.116989 0.720023 0.095053 0.053640 0.000152 0.014141 0.000001
0.113473 0.719410 0.097229 0.055052 0.000162 0.014673 0.000001
0.109359 0.721145 0.098548 0.055779 0.000163 0.015005 0.000002
0.105922 0.720662 0.100748 0.056947 0.000173 0.015547 0.000002
0.105096 0.718129 0.102441 0.057943 0.000178 0.016212 0.000002
0.099809 0.720418 0.103996 0.058951 0.000172 0.016652 0.000002
0.101129 0.717805 0.104625 0.059348 0.000181 0.016911 0.000001
0.096271 0.718633 0.106761 0.060608 0.000190 0.017535 0.000001
0.096101 0.715384 0.108662 0.061557 0.000204 0.018090 0.000002
0.095984 0.714072 0.109248 0.061977 0.000206 0.018512 0.000001
0.096007 0.709736 0.111518 0.063222 0.000220 0.019295 0.000001
0.096272 0.708258 0.112096 0.063585 0.000221 0.019567 0.000002
0.096015 0.707549 0.112608 0.063887 0.000224 0.019715 0.000001
0.092081 0.707652 0.114769 0.064943 0.000233 0.020320 0.000002
0.085996 0.707734 0.117816 0.066875 0.000237 0.021341 0.000001
0.094058 0.701001 0.116978 0.066403 0.000241 0.021317 0.000001
0.094227 0.699132 0.117764 0.066874 0.000249 0.021751 0.000002
0.092351 0.697218 0.119775 0.068044 0.000265 0.022346 0.000002
0.088076 0.698043 0.121593 0.069047 0.000270 0.022969 0.000002
0.088248 0.695067 0.122901 0.069890 0.000275 0.023616 0.000002
0.086192 0.693623 0.124954 0.070730 0.000286 0.024214 0.000001
0.092151 0.687138 0.124894 0.070994 0.000282 0.024540 0.000001
0.096620 0.681479 0.125549 0.071128 0.000286 0.024936 0.000001
0.089449 0.684679 0.127586 0.072365 0.000295 0.025625 0.000002
0.087066 0.683672 0.129358 0.073325 0.000302 0.026277 0.000001
0.084275 0.683672 0.130844 0.074037 0.000307 0.026863 0.000002
0.081820 0.683472 0.132080 0.074864 0.000325 0.027438 0.000001
0.083102 0.681146 0.132552 0.075136 0.000326 0.027736 0.000002
0.081662 0.680102 0.133735 0.075795 0.000329 0.028375 0.000002
0.079420 0.680195 0.134826 0.076322 0.000346 0.028890 0.000002
0.076119 0.678346 0.137369 0.077849 0.000354 0.029961 0.000001
0.071392 0.679729 0.139188 0.078841 0.000370 0.030478 0.000001
0.072464 0.676411 0.140154 0.079393 0.000375 0.031202 0.000001
0.068559 0.676711 0.142103 0.080314 0.000380 0.031932 0.000001
0.070274 0.673429 0.142824 0.080744 0.000371 0.032356 0.000002
0.068756 0.672793 0.143869 0.081300 0.000397 0.032883 0.000002
0.062614 0.674480 0.145803 0.082740 0.000412 0.033949 0.000001
0.063299 0.671576 0.147089 0.083143 0.000415 0.034476 0.000002
0.060526 0.671307 0.148566 0.084029 0.000422 0.035149 0.000001
0.058204 0.668236 0.150993 0.085760 0.000437 0.036369 0.000001
0.056257 0.668139 0.152220 0.086105 0.000444 0.036835 0.000001
0.058174 0.665611 0.152250 0.086307 0.000440 0.037215 0.000002
0.054600 0.666456 0.153797 0.086836 0.000450 0.037860 0.000001
0.052867 0.665727 0.154948 0.087559 0.000460 0.038438 0.000001
0.051657 0.661789 0.157378 0.089004 0.000472 0.039698 0.000002
0.049868 0.661642 0.158122 0.089738 0.000481 0.040149 0.000001
0.047073 0.659876 0.160497 0.090953 0.000495 0.041103 0.000003
0.044317 0.659749 0.161938 0.091585 0.000493 0.041916 0.000002
0.044763 0.657525 0.162782 0.092038 0.000516 0.042374 0.000002
0.042045 0.656342 0.164539 0.093063 0.000530 0.043479 0.000002
0.042633 0.653179 0.165771 0.093739 0.000546 0.044130 0.000002
0.038177 0.652241 0.168555 0.095395 0.000537 0.045091 0.000003
0.036222 0.652052 0.169233 0.096012 0.000557 0.045922 0.000003
0.035529 0.649453 0.170946 0.096800 0.000567 0.046703 0.000003
0.035027 0.647747 0.171698 0.097268 0.000576 0.047682 0.000003
0.033631 0.646302 0.173167 0.098054 0.000574 0.048268 0.000003
0.031850 0.644215 0.175112 0.099017 0.000595 0.049208 0.000003
0.031746 0.642474 0.175708 0.099543 0.000600 0.049926 0.000003
0.030521 0.640169 0.177327 0.100421 0.000611 0.050949 0.000002
0.028392 0.638085 0.179386 0.101570 0.000628 0.051938 0.000002
0.028221 0.634665 0.180994 0.102333 0.000638 0.053145 0.000004
0.027878 0.633292 0.181513 0.102931 0.000645 0.053738 0.000003
0.027465 0.631631 0.182576 0.103357 0.000652 0.054317 0.000003
0.025654 0.630018 0.184281 0.104223 0.000654 0.055166 0.000003
0.025073 0.626839 0.185832 0.105095 0.000667 0.056489 0.000005
0.025792 0.625338 0.185910 0.105289 0.000658 0.057008 0.000004
0.023986 0.623128 0.187691 0.106467 0.000679 0.058046 0.000004
0.024235 0.620771 0.188545 0.106752 0.000700 0.058992 0.000004
0.023340 0.618710 0.189805 0.107604 0.000696 0.059840 0.000005
0.023216 0.618229 0.189978 0.107784 0.000702 0.060086 0.000004
0.022614 0.614440 0.191942 0.108776 0.000735 0.061489 0.000004
0.022596 0.613225 0.192475 0.108991 0.000723 0.061986 0.000005
0.021451 0.609149 0.194922 0.110281 0.000761 0.063432 0.000005
0.021300 0.608045 0.195117 0.110695 0.000753 0.064084 0.000007
0.021303 0.606950 0.195623 0.110931 0.000757 0.064432 0.000005
0.021399 0.606134 0.195818 0.110964 0.000757 0.064920 0.000008
0.020630 0.602333 0.197754 0.112099 0.000769 0.066407 0.000008
0.020004 0.598882 0.199534 0.113076 0.000796 0.067702 0.000006
0.020355 0.597415 0.199767 0.113397 0.000808 0.068253 0.000005
0.019989 0.596487 0.200317 0.113683 0.000801 0.068717 0.000006
0.019320 0.592059 0.202333 0.114815 0.000817 0.070649 0.000006
0.019185 0.590471 0.203321 0.115248 0.000838 0.070929 0.000009
0.018981 0.588722 0.203690 0.115748 0.000825 0.072024 0.000009
0.018625 0.586351 0.204777 0.116492 0.000852 0.072894 0.000010
0.018510 0.584572 0.205623 0.116645 0.000867 0.073777 0.000006
0.018347 0.582672 0.206284 0.117322 0.000874 0.074493 0.000008
0.018080 0.580635 0.207101 0.117678 0.000871 0.075626 0.000008
0.017559 0.577559 0.208721 0.118709 0.000889 0.076555 0.000009
0.017222 0.574847 0.209863 0.119308 0.000908 0.077842 0.000010
0.017585 0.574250 0.209964 0.119279 0.000912 0.078001 0.000009
0.017321 0.571879 0.210989 0.119891 0.000917 0.078995 0.000008
0.017009 0.569078 0.212014 0.120547 0.000941 0.080402 0.000009
0.017047 0.568823 0.211999 0.120853 0.000942 0.080328 0.000009
0.016806 0.564908 0.213458 0.121571 0.000958 0.082291 0.000008
0.016546 0.563578 0.214050 0.122163 0.000959 0.082697 0.000008
0.016612 0.562727 0.214362 0.122148 0.000973 0.083171 0.000009
0.016393 0.559887 0.215571 0.122892 0.000989 0.084260 0.000008
0.016301 0.557072 0.216302 0.123557 0.000999 0.085761 0.000008
0.016454 0.556151 0.216856 0.123296 0.000999 0.086236 0.000009
0.015912 0.552971 0.218238 0.124243 0.001019 0.087609 0.000008
0.015952 0.552261 0.218526 0.124464 0.001029 0.087758 0.000009
0.015830 0.549775 0.219306 0.124968 0.001045 0.089069 0.000007
0.015688 0.547726 0.220087 0.125406 0.001057 0.090029 0.000007
0.015569 0.545458 0.220912 0.125814 0.001074 0.091165 0.000008
0.015520 0.542849 0.221768 0.126451 0.001083 0.092321 0.000008
0.015375 0.542128 0.222211 0.126455 0.001089 0.092734 0.000007
0.015124 0.537888 0.223893 0.127380 0.001117 0.094588 0.000010
0.015149 0.537684 0.223999 0.127360 0.001139 0.094660 0.000009
0.014980 0.534171 0.225265 0.128149 0.001123 0.096305 0.000007
0.014938 0.533909 0.225289 0.128252 0.001135 0.096469 0.000008
0.014757 0.530459 0.226479 0.129020 0.001150 0.098127 0.000009
0.014614 0.527959 0.227285 0.129671 0.001178 0.099283 0.000009
0.014537 0.527341 0.227722 0.129582 0.001171 0.099638 0.000010
0.014508 0.526149 0.228006 0.130016 0.001183 0.100129 0.000009
0.014310 0.522839 0.229228 0.130456 0.001228 0.101929 0.000010
0.014393 0.522663 0.229084 0.130543 0.001223 0.102084 0.000010
0.014037 0.518619 0.230796 0.131310 0.001231 0.103996 0.000012
0.014179 0.517999 0.230592 0.131497 0.001228 0.104495 0.000011
0.014101 0.516476 0.231241 0.131765 0.001216 0.105189 0.000012
0.013930 0.514235 0.232175 0.132290 0.001236 0.106120 0.000014
0.013838 0.511519 0.233121 0.132454 0.001274 0.107780 0.000015
0.013775 0.510463 0.233449 0.132821 0.001252 0.108224 0.000016
0.013620 0.507343 0.234380 0.133608 0.001281 0.109754 0.000014
0.013627 0.507094 0.234388 0.133495 0.001299 0.110084 0.000011
0.013465 0.503765 0.235697 0.134113 0.001285 0.111660 0.000014
0.013434 0.502803 0.235983 0.133986 0.001311 0.112471 0.000012
0.013480 0.501213 0.236329 0.134416 0.001323 0.113226 0.000014
0.013450 0.500023 0.236635 0.134639 0.001336 0.113904 0.000012
0.013436 0.499474 0.236894 0.134536 0.001343 0.114301 0.000015
0.013176 0.495041 0.238150 0.135605 0.001382 0.116632 0.000014
0.013295 0.493993 0.238502 0.135290 0.001415 0.117491 0.000014
0.013070 0.489991 0.240002 0.136317 0.001447 0.119159 0.000015
0.013012 0.490157 0.239820 0.136430 0.001432 0.119136 0.000013
0.012890 0.487051 0.240672 0.136885 0.001440 0.121047 0.000015
0.013020 0.486592 0.240819 0.136670 0.001444 0.121437 0.000016
0.012850 0.483087 0.242158 0.137382 0.001495 0.123013 0.000015
0.012723 0.481945 0.242448 0.137719 0.001480 0.123671 0.000015
0.012814 0.480917 0.242586 0.137755 0.001484 0.124429 0.000016
0.012691 0.477480 0.243774 0.138273 0.001523 0.126244 0.000016
0.012684 0.477863 0.243244 0.138393 0.001519 0.126280 0.000016
0.012781 0.475420 0.244150 0.138750 0.001515 0.127364 0.000019
0.012664 0.475293 0.243972 0.138822 0.001516 0.127716 0.000017
0.012540 0.471009 0.245305 0.139430 0.001570 0.130130 0.000015
0.012558 0.469262 0.246107 0.139429 0.001580 0.131049 0.000015
0.012534 0.467689 0.246353 0.139890 0.001593 0.131925 0.000017
0.012377 0.466144 0.246657 0.140037 0.001624 0.133143 0.000018
0.012288 0.463490 0.247477 0.140580 0.001618 0.134529 0.000018
0.012427 0.463561 0.247297 0.140527 0.001615 0.134551 0.000022
0.012330 0.461072 0.248450 0.140845 0.001606 0.135677 0.000021
0.012311 0.459428 0.248632 0.141155 0.001645 0.136806 0.000022
0.013346 0.458617 0.248485 0.140779 0.001610 0.137144 0.000020
0.020038 0.453691 0.246943 0.140166 0.001622 0.137519 0.000022
0.021878 0.450177 0.247408 0.140170 0.001649 0.138696 0.000023
0.025635 0.449411 0.245576 0.139616 0.001617 0.138127 0.000018
0.025110 0.446654 0.246808 0.139865 0.001650 0.139893 0.000019
0.038587 0.440485 0.242878 0.137974 0.001634 0.138425 0.000017
0.037590 0.440411 0.243201 0.138005 0.001641 0.139136 0.000016
0.034682 0.440265 0.244307 0.138695 0.001662 0.140369 0.000020
0.036571 0.439232 0.243500 0.138512 0.001631 0.140534 0.000021
0.037933 0.436638 0.243375 0.138515 0.001671 0.141850 0.000018
0.035875 0.436187 0.244123 0.138961 0.001695 0.143141 0.000018
0.036394 0.434776 0.244335 0.138801 0.001708 0.143964 0.000022
0.035165 0.436009 0.244055 0.138866 0.001689 0.144194 0.000021
0.037521 0.433027 0.243851 0.138573 0.001727 0.145281 0.000019
0.033041 0.433876 0.245400 0.139293 0.001743 0.146627 0.000019
0.031494 0.432580 0.245911 0.139824 0.001771 0.148399 0.000021
0.035566 0.432719 0.243768 0.138840 0.001765 0.147321 0.000022
0.029587 0.431737 0.246633 0.140094 0.001794 0.150133 0.000022
0.028117 0.432061 0.246693 0.140362 0.001806 0.150934 0.000026
0.025961 0.430841 0.248146 0.140715 0.001818 0.152495 0.000023
0.025346 0.429460 0.248555 0.140972 0.001842 0.153802 0.000023
0.024057 0.428656 0.248938 0.141685 0.001836 0.154803 0.000023
0.020773 0.426841 0.251048 0.142685 0.001886 0.156744 0.000022
0.021403 0.425824 0.250891 0.142517 0.001860 0.157479 0.000026
0.019856 0.424823 0.251769 0.142856 0.001898 0.158776 0.000022
0.018596 0.421962 0.252814 0.143690 0.001902 0.161010 0.000025
0.019240 0.422246 0.252100 0.143317 0.001935 0.161133 0.000030
0.018638 0.420966 0.252837 0.143621 0.001888 0.162025 0.000025
0.017939 0.420249 0.252914 0.143841 0.001931 0.163100 0.000026
0.016332 0.416062 0.254933 0.144890 0.001948 0.165811 0.000025
0.016607 0.416666 0.254539 0.144367 0.001939 0.165853 0.000028
0.015896 0.414581 0.254832 0.145026 0.001975 0.167662 0.000028
0.015460 0.413477 0.255501 0.145070 0.002002 0.168462 0.000028
0.014387 0.411340 0.256772 0.145794 0.002006 0.169674 0.000028
0.014375 0.409290 0.257091 0.145794 0.002033 0.171389 0.000029
0.014652 0.408812 0.256638 0.145750 0.001999 0.172119 0.000030
0.013333 0.404737 0.258575 0.146893 0.002052 0.174382 0.000028
0.013562 0.405382 0.258269 0.146604 0.002047 0.174104 0.000031
0.013822 0.404767 0.257635 0.146463 0.002071 0.175211 0.000031
0.013084 0.401743 0.259376 0.146929 0.002068 0.176770 0.000031
0.013676 0.401762 0.258231 0.146679 0.002074 0.177550 0.000028
0.013124 0.400300 0.258986 0.147054 0.002114 0.178392 0.000030
0.012425 0.397167 0.259795 0.147795 0.002095 0.180689 0.000034
0.012274 0.394977 0.260762 0.148071 0.002137 0.181751 0.000028
0.012358 0.394657 0.260463 0.148247 0.002137 0.182106 0.000032
0.012294 0.393326 0.260717 0.147946 0.002139 0.183546 0.000033
0.012179 0.392140 0.260975 0.148249 0.002166 0.184256 0.000034
0.011643 0.390062 0.261908 0.148675 0.002187 0.185489 0.000036
0.011827 0.387738 0.262196 0.148666 0.002179 0.187360 0.000034
0.012136 0.387740 0.261576 0.148554 0.002192 0.187768 0.000033
0.011534 0.384297 0.262499 0.149318 0.002196 0.190123 0.000033
0.011722 0.385016 0.262490 0.148839 0.002206 0.189693 0.000034
0.011836 0.383841 0.262370 0.148925 0.002208 0.190783 0.000037
0.011641 0.381360 0.263155 0.149060 0.002255 0.192496 0.000034
0.011362 0.379231 0.263784 0.149463 0.002270 0.193856 0.000034
0.011713 0.379232 0.262863 0.149299 0.002246 0.194609 0.000039
0.011423 0.376775 0.263490 0.149743 0.002250 0.196281 0.000038
0.011273 0.374195 0.264540 0.149981 0.002259 0.197712 0.000040
0.011457 0.373595 0.264129 0.149973 0.002298 0.198509 0.000039
0.011378 0.373305 0.264122 0.149769 0.002300 0.199083 0.000042
0.011509 0.371818 0.264103 0.150060 0.002278 0.200195 0.000036
0.011202 0.369360 0.265267 0.150242 0.002306 0.201584 0.000039
0.011285 0.368699 0.264891 0.150111 0.002326 0.202645 0.000043
0.011263 0.366852 0.265255 0.150473 0.002354 0.203765 0.000038
0.011161 0.365351 0.265304 0.150766 0.002326 0.205048 0.000044
0.011092 0.363831 0.265984 0.150609 0.002353 0.206092 0.000040
0.011141 0.363012 0.265737 0.150517 0.002370 0.207180 0.000042
0.011191 0.361131 0.265737 0.150995 0.002380 0.208521 0.000046
0.011011 0.360502 0.266125 0.151069 0.002404 0.208849 0.000040
0.010906 0.357319 0.266733 0.151335 0.002437 0.211229 0.000043
0.011105 0.358501 0.266167 0.150952 0.002384 0.210850 0.000040
0.011163 0.356170 0.266305 0.151131 0.002408 0.212779 0.000043
0.010971 0.354801 0.266806 0.151307 0.002439 0.213635 0.000041
0.010975 0.352419 0.267161 0.151767 0.002454 0.215174 0.000050
0.011112 0.352393 0.266862 0.151652 0.002481 0.215459 0.000042
0.011070 0.351158 0.267002 0.151456 0.002436 0.216832 0.000047
0.011045 0.349116 0.267349 0.151813 0.002491 0.218140 0.000047
0.011109 0.348849 0.267248 0.151390 0.002443 0.218917 0.000044
0.011099 0.348061 0.267369 0.151647 0.002477 0.219298 0.000048
0.011133 0.346873 0.267327 0.151598 0.002475 0.220544 0.000049
0.010891 0.345389 0.267637 0.151949 0.002509 0.221578 0.000048
0.010908 0.344157 0.267885 0.151786 0.002532 0.222679 0.000052
0.010941 0.341467 0.268137 0.151996 0.002512 0.224899 0.000049
0.010847 0.341333 0.268097 0.152146 0.002544 0.224987 0.000046
0.010938 0.339455 0.268293 0.152159 0.002515 0.226591 0.000049
0.010931 0.337866 0.268654 0.152103 0.002551 0.227846 0.000049
0.010999 0.336954 0.267962 0.152145 0.002581 0.229309 0.000049
0.011003 0.336493 0.268166 0.152174 0.002565 0.229548 0.000052
0.011187 0.335957 0.268212 0.151990 0.002601 0.229999 0.000053
0.010931 0.333494 0.268289 0.152458 0.002591 0.232185 0.000052
0.011004 0.332328 0.268606 0.152208 0.002597 0.233202 0.000054
0.011013 0.331448 0.268709 0.152383 0.002602 0.233790 0.000055
0.010920 0.330640 0.268755 0.152339 0.002601 0.234690 0.000055
0.011016 0.328664 0.269000 0.152485 0.002649 0.236133 0.000053
0.011083 0.327988 0.268678 0.152526 0.002622 0.237052 0.000051
0.011012 0.327018 0.268869 0.152631 0.002636 0.237782 0.000053
0.011062 0.327089 0.268491 0.152512 0.002631 0.238161 0.000054
0.010949 0.323415 0.269458 0.152833 0.002694 0.240597 0.000054
0.010978 0.323587 0.269210 0.152530 0.002661 0.240983 0.000052
0.017530 0.319999 0.266933 0.151564 0.002639 0.241277 0.000058
0.025773 0.319201 0.264001 0.149925 0.002620 0.238422 0.000058
0.022090 0.319613 0.264950 0.150270 0.002701 0.240318 0.000059
0.025214 0.318023 0.263757 0.149853 0.002708 0.240392 0.000053
0.024819 0.317883 0.263906 0.149668 0.002688 0.240981 0.000056
0.026917 0.315155 0.263423 0.149310 0.002715 0.242426 0.000054
0.026759 0.314453 0.263046 0.149382 0.002715 0.243595 0.000050
0.022422 0.315423 0.264593 0.149939 0.002749 0.244820 0.000054
0.022248 0.314383 0.264460 0.149991 0.002760 0.246107 0.000052
0.023534 0.312606 0.264239 0.149698 0.002783 0.247086 0.000053
0.021536 0.312261 0.264534 0.149968 0.002779 0.248867 0.000054
0.023620 0.311809 0.263563 0.149282 0.002793 0.248878 0.000055
0.021049 0.312620 0.263913 0.149699 0.002790 0.249878 0.000051
0.020330 0.310194 0.264610 0.150131 0.002836 0.251838 0.000060
0.018983 0.309231 0.264799 0.150539 0.002838 0.253552 0.000059
0.018006 0.310482 0.264734 0.150444 0.002815 0.253451 0.000067
0.017207 0.308914 0.265442 0.150631 0.002873 0.254877 0.000058
0.018166 0.308284 0.264665 0.150171 0.002874 0.255779 0.000062
0.016636 0.306106 0.265829 0.150710 0.002860 0.257803 0.000056
0.015003 0.304994 0.266531 0.151252 0.002918 0.259239 0.000062
0.016641 0.305744 0.265122 0.150464 0.002914 0.259053 0.000061
0.016581 0.305231 0.264886 0.150703 0.002860 0.259679 0.000059
0.015270 0.302348 0.265762 0.150854 0.002926 0.262777 0.000062
0.014758 0.301121 0.266080 0.151183 0.002924 0.263869 0.000066
0.014646 0.300479 0.266309 0.150957 0.002883 0.264663 0.000063
0.014174 0.301018 0.266061 0.150584 0.002942 0.265158 0.000063
0.013746 0.298841 0.266520 0.151297 0.002991 0.266536 0.000069
0.014001 0.297903 0.266032 0.151142 0.002956 0.267903 0.000063
0.012878 0.296442 0.266820 0.151406 0.002997 0.269397 0.000062
0.013276 0.295827 0.266381 0.151354 0.003046 0.270047 0.000069
0.013192 0.294890 0.266560 0.151038 0.003043 0.271213 0.000063
0.013117 0.292844 0.266630 0.151300 0.003040 0.273004 0.000065
0.012408 0.292420 0.267041 0.151503 0.003056 0.273508 0.000064
0.011759 0.288228 0.267921 0.152036 0.003105 0.276884 0.000067
0.012164 0.288600 0.267409 0.151457 0.003108 0.277194 0.000068
0.012313 0.289573 0.266653 0.151215 0.003090 0.277094 0.000063
0.012400 0.287462 0.266573 0.151632 0.003117 0.278751 0.000065
0.011793 0.285740 0.267569 0.151722 0.003140 0.279969 0.000067
0.012358 0.285790 0.266803 0.151296 0.003142 0.280543 0.000066
0.011337 0.282358 0.268052 0.151702 0.003165 0.283312 0.000075
0.012662 0.285843 0.266011 0.151147 0.003112 0.281152 0.000073
0.011960 0.281541 0.267091 0.151541 0.003177 0.284619 0.000072
0.011734 0.280999 0.267336 0.151726 0.003134 0.284999 0.000072
0.012049 0.280659 0.266584 0.151615 0.003198 0.285819 0.000075
0.012216 0.280385 0.266302 0.150910 0.003232 0.286880 0.000075
0.011681 0.277119 0.266902 0.151672 0.003179 0.289368 0.000078
0.011860 0.276437 0.266736 0.151511 0.003198 0.290177 0.000080
0.011844 0.275069 0.266790 0.151453 0.003195 0.291577 0.000072
0.012078 0.277678 0.265542 0.150956 0.003235 0.290441 0.000070
0.011782 0.273955 0.266288 0.151504 0.003247 0.293150 0.000073
0.011732 0.273697 0.266162 0.151222 0.003256 0.293857 0.000074
0.011655 0.273070 0.266772 0.151239 0.003241 0.293941 0.000081
0.011837 0.271193 0.266032 0.151287 0.003250 0.296322 0.000079
0.011744 0.271028 0.266393 0.151225 0.003268 0.296260 0.000080
0.011837 0.270976 0.266089 0.151027 0.003283 0.296707 0.000081
0.011475 0.267823 0.266572 0.151423 0.003281 0.299344 0.000082
0.011525 0.267186 0.266736 0.151179 0.003271 0.300018 0.000085
0.011546 0.265057 0.266491 0.151662 0.003324 0.301832 0.000088
0.011673 0.264678 0.266601 0.151190 0.003328 0.302447 0.000084
0.011708 0.264964 0.265903 0.150971 0.003318 0.303052 0.000084
0.011748 0.263271 0.266059 0.150973 0.003327 0.304539 0.000083
0.011706 0.262815 0.265950 0.150882 0.003296 0.305271 0.000081
0.011591 0.261319 0.265910 0.150975 0.003362 0.306751 0.000093
0.011737 0.261462 0.265821 0.150604 0.003365 0.306923 0.000088
0.012025 0.260779 0.265453 0.150543 0.003371 0.307749 0.000079
0.011794 0.259193 0.265693 0.150609 0.003365 0.309272 0.000075
0.011994 0.259044 0.264902 0.150537 0.003368 0.310071 0.000084
0.011851 0.257731 0.264868 0.150672 0.003406 0.311382 0.000089
0.011720 0.255369 0.265637 0.150541 0.003372 0.313272 0.000089
0.011755 0.255254 0.265499 0.150258 0.003389 0.313761 0.000083
0.011709 0.253426 0.265492 0.150345 0.003429 0.315513 0.000086
0.011850 0.254643 0.265181 0.150276 0.003430 0.314529 0.000090
0.011691 0.252827 0.264966 0.150393 0.003457 0.316578 0.000088
0.011790 0.252430 0.264545 0.150163 0.003432 0.317547 0.000094
0.011730 0.251133 0.264205 0.150320 0.003457 0.319063 0.000094
0.011820 0.251236 0.264202 0.149926 0.003417 0.319310 0.000088
0.011796 0.249980 0.264199 0.149951 0.003446 0.320533 0.000094
0.011855 0.247559 0.264227 0.149690 0.003517 0.323060 0.000093
0.011965 0.248105 0.264079 0.149542 0.003513 0.322699 0.000096
0.011810 0.246079 0.264102 0.149613 0.003536 0.324769 0.000090
0.011910 0.247599 0.263736 0.149328 0.003491 0.323845 0.000091
0.011855 0.245145 0.264125 0.149735 0.003549 0.325503 0.000087
0.012006 0.244351 0.263368 0.149324 0.003540 0.327318 0.000094
0.012093 0.243124 0.263161 0.149577 0.003562 0.328384 0.000099
0.012073 0.242290 0.263246 0.149032 0.003539 0.329731 0.000090
0.012077 0.240673 0.262981 0.149594 0.003533 0.331045 0.000098
0.012112 0.239984 0.263375 0.149358 0.003542 0.331536 0.000092
0.012095 0.240363 0.263102 0.149109 0.003586 0.331650 0.000095
0.012164 0.240742 0.262237 0.148881 0.003581 0.332300 0.000094
0.012073 0.238723 0.262498 0.149052 0.003591 0.333965 0.000099
0.012088 0.238211 0.262423 0.148870 0.003651 0.334659 0.000098
0.012274 0.236869 0.262335 0.148726 0.003616 0.336084 0.000095
0.012080 0.235268 0.262263 0.148686 0.003646 0.337954 0.000103
0.012087 0.235549 0.261822 0.148930 0.003614 0.337894 0.000104
0.012173 0.235298 0.261545 0.148662 0.003666 0.338556 0.000099
0.012334 0.232772 0.261081 0.148648 0.003636 0.341429 0.000100
0.012354 0.233868 0.261271 0.148388 0.003633 0.340389 0.000097
0.012270 0.231804 0.260956 0.148617 0.003708 0.342543 0.000102
0.012409 0.232417 0.260562 0.147949 0.003696 0.342866 0.000101
0.012281 0.231640 0.260781 0.148278 0.003649 0.343271 0.000101
0.012314 0.229968 0.260096 0.148439 0.003668 0.345410 0.000105
0.012430 0.230859 0.260175 0.147691 0.003685 0.345062 0.000098
0.012364 0.228207 0.260242 0.147557 0.003687 0.347832 0.000111
0.012486 0.227466 0.260294 0.147510 0.003647 0.348502 0.000095
0.012466 0.228185 0.260048 0.147183 0.003731 0.348292 0.000096
0.012542 0.227195 0.259248 0.147343 0.003701 0.349863 0.000107
0.012555 0.226953 0.259708 0.147148 0.003693 0.349841 0.000103
0.012415 0.224083 0.259367 0.147069 0.003778 0.353182 0.000107
0.012644 0.225230 0.259261 0.147038 0.003718 0.352011 0.000098
0.012649 0.222875 0.259032 0.146885 0.003784 0.354671 0.000104
0.012530 0.222728 0.258822 0.146866 0.003738 0.355215 0.000101
0.012558 0.221203 0.258551 0.146871 0.003822 0.356885 0.000109
0.012552 0.222049 0.258857 0.146320 0.003745 0.356366 0.000111
0.012534 0.220950 0.258303 0.146443 0.003750 0.357906 0.000113
0.012594 0.219553 0.258272 0.146410 0.003777 0.359279 0.000116
0.012655 0.219725 0.257991 0.146131 0.003788 0.359601 0.000109
0.012636 0.218101 0.257898 0.146269 0.003807 0.361177 0.000112
0.012722 0.218075 0.257759 0.146041 0.003836 0.361452 0.000114
0.012757 0.217904 0.257947 0.145695 0.003829 0.361754 0.000115
0.012710 0.216279 0.257388 0.145996 0.003807 0.363707 0.000114
0.012933 0.215848 0.257171 0.145728 0.003798 0.364397 0.000124
0.012854 0.213996 0.257028 0.145795 0.003873 0.366341 0.000113
0.012766 0.215876 0.256855 0.145571 0.003881 0.364935 0.000116
0.012926 0.214192 0.256578 0.145394 0.003849 0.366945 0.000117
0.012967 0.212927 0.256364 0.145405 0.003887 0.368336 0.000113
0.012922 0.213342 0.256087 0.144674 0.003856 0.368997 0.000121
0.013131 0.212644 0.255985 0.144721 0.003859 0.369531 0.000129
0.013031 0.211662 0.255243 0.145100 0.003882 0.370954 0.000128
0.013124 0.211851 0.255516 0.144892 0.003877 0.370612 0.000128
0.013060 0.209742 0.255068 0.144721 0.003884 0.373404 0.000121
0.012967 0.209773 0.255003 0.144585 0.003889 0.373655 0.000128
0.013192 0.208372 0.254702 0.144260 0.003927 0.375427 0.000120
0.013140 0.208010 0.254386 0.144099 0.003928 0.376309 0.000127
0.013224 0.207031 0.254509 0.144527 0.003924 0.376663 0.000122
0.013230 0.206585 0.254118 0.144245 0.003967 0.377731 0.000124
0.013369 0.206387 0.253606 0.143926 0.003925 0.378649 0.000138
0.013248 0.205486 0.253679 0.143643 0.003964 0.379852 0.000128
0.013234 0.204763 0.253824 0.143797 0.003962 0.380287 0.000132
0.013264 0.203291 0.253234 0.143544 0.003957 0.382572 0.000138
0.013337 0.202376 0.253142 0.143749 0.003991 0.383276 0.000129
0.013466 0.202918 0.252777 0.143599 0.003975 0.383130 0.000134
0.013409 0.202348 0.252827 0.143422 0.003970 0.383881 0.000143
0.013470 0.201885 0.252259 0.143390 0.003997 0.384871 0.000130
0.013559 0.200822 0.252427 0.143475 0.004005 0.385577 0.000135
0.013471 0.200224 0.251994 0.142957 0.004047 0.387182 0.000126
0.013538 0.198766 0.251996 0.142798 0.004040 0.388741 0.000121
0.013518 0.197530 0.251425 0.142771 0.004043 0.390581 0.000130
0.013556 0.198204 0.251173 0.142602 0.004025 0.390300 0.000141
0.013651 0.197196 0.251053 0.142427 0.004104 0.391430 0.000139
0.013783 0.197383 0.250770 0.142481 0.004024 0.391432 0.000127
0.013735 0.196836 0.250903 0.142242 0.004074 0.392078 0.000133
0.013856 0.195936 0.250308 0.141996 0.004093 0.393677 0.000134
0.013867 0.195415 0.249983 0.142043 0.004097 0.394459 0.000136
0.013655 0.195158 0.249964 0.141808 0.004063 0.395218 0.000134
0.013695 0.193740 0.249863 0.141906 0.004062 0.396601 0.000133
0.013815 0.192810 0.249874 0.141726 0.004089 0.397552 0.000134
0.013912 0.193788 0.249518 0.141596 0.004063 0.396992 0.000132
0.013920 0.191316 0.248970 0.141437 0.004104 0.400104 0.000149
0.013894 0.192307 0.248898 0.141617 0.004129 0.399011 0.000144
0.014086 0.190464 0.248671 0.141072 0.004137 0.401431 0.000139
0.013921 0.190227 0.248389 0.141092 0.004150 0.402075 0.000146
0.014040 0.189480 0.248254 0.141081 0.004129 0.402873 0.000144
0.014008 0.189686 0.248209 0.140793 0.004170 0.402992 0.000142
0.014094 0.189140 0.247843 0.140793 0.004163 0.403829 0.000137
0.014315 0.187893 0.247100 0.140559 0.004156 0.405839 0.000138
0.014179 0.187526 0.247312 0.140392 0.004166 0.406284 0.000140
0.014243 0.186861 0.246679 0.140134 0.004151 0.407789 0.000143
0.014148 0.187169 0.246795 0.139995 0.004161 0.407589 0.000142
0.014348 0.185173 0.246300 0.139971 0.004226 0.409841 0.000142
0.014283 0.184508 0.246633 0.139752 0.004208 0.410480 0.000137
0.014436 0.184902 0.245742 0.139552 0.004180 0.411041 0.000147
0.014513 0.184596 0.245747 0.139400 0.004219 0.411377 0.000147
0.014550 0.183499 0.245439 0.139546 0.004234 0.412581 0.000152
0.014506 0.183440 0.245388 0.139529 0.004201 0.412789 0.000148
0.014617 0.183368 0.245176 0.138994 0.004226 0.413461 0.000158
0.014525 0.181452 0.245125 0.138933 0.004253 0.415565 0.000147
0.014493 0.181527 0.244204 0.138821 0.004253 0.416547 0.000156
0.014542 0.181593 0.244162 0.138922 0.004216 0.416422 0.000144
0.014640 0.180172 0.244069 0.138670 0.004221 0.418073 0.000156
0.014635 0.179453 0.244087 0.138679 0.004263 0.418725 0.000158
0.014891 0.179426 0.243587 0.138312 0.004281 0.419358 0.000145
0.014723 0.178969 0.243096 0.138262 0.004257 0.420538 0.000154
0.014622 0.178525 0.243341 0.138078 0.004320 0.420953 0.000161
0.014872 0.177245 0.242651 0.138076 0.004283 0.422730 0.000142
0.014751 0.177770 0.242319 0.137873 0.004261 0.422877 0.000150
0.014748 0.176599 0.242389 0.137798 0.004280 0.424032 0.000155
0.014742 0.177110 0.241897 0.137643 0.004205 0.424253 0.000150
0.014922 0.175634 0.241337 0.137516 0.004282 0.426148 0.000161
0.015069 0.175208 0.241602 0.137121 0.004284 0.426558 0.000158
0.014756 0.175387 0.241719 0.137166 0.004346 0.426465 0.000161
0.014962 0.174051 0.241105 0.137071 0.004315 0.428341 0.000155
0.014917 0.173973 0.240947 0.137212 0.004281 0.428528 0.000142
0.014859 0.172978 0.240534 0.137049 0.004401 0.430015 0.000163
0.014927 0.172705 0.240411 0.136575 0.004284 0.430942 0.000156
0.014973 0.172656 0.239834 0.136761 0.004340 0.431279 0.000158
0.015218 0.170758 0.239426 0.136327 0.004378 0.433738 0.000156
0.015098 0.171705 0.239621 0.136198 0.004344 0.432870 0.000165
0.015004 0.171991 0.239685 0.136366 0.004321 0.432468 0.000164
0.015136 0.169665 0.239098 0.136093 0.004363 0.435476 0.000168
0.015262 0.169465 0.238810 0.136061 0.004371 0.435870 0.000160
0.015340 0.168758 0.238739 0.135813 0.004437 0.436755 0.000158
0.015355 0.168477 0.238537 0.135553 0.004434 0.437480 0.000165
0.015432 0.168209 0.237862 0.135637 0.004372 0.438323 0.000164
0.015438 0.167587 0.238039 0.135564 0.004362 0.438847 0.000163
0.015513 0.167089 0.237476 0.135259 0.004443 0.440057 0.000163
0.015444 0.167377 0.237520 0.135318 0.004367 0.439798 0.000176
0.015642 0.166336 0.236803 0.135215 0.004419 0.441420 0.000166
0.015604 0.166120 0.236690 0.134978 0.004405 0.442031 0.000171
0.015639 0.165106 0.236383 0.134554 0.004422 0.443724 0.000173
0.015740 0.166921 0.236700 0.134648 0.004384 0.441441 0.000165
0.015658 0.164261 0.236075 0.134466 0.004434 0.444938 0.000167
0.015777 0.164578 0.235779 0.134200 0.004415 0.445080 0.000170
0.015850 0.163620 0.236053 0.133975 0.004435 0.445898 0.000170
0.015682 0.163451 0.235741 0.133843 0.004474 0.446634 0.000175
0.015868 0.162799 0.235242 0.133690 0.004424 0.447801 0.000176
0.015863 0.162559 0.234893 0.133568 0.004441 0.448512 0.000164
0.016053 0.162160 0.234232 0.133263 0.004475 0.449653 0.000165
0.015712 0.161891 0.234241 0.132973 0.004519 0.450490 0.000175
0.016087 0.160498 0.233704 0.133046 0.004479 0.451999 0.000187
0.016003 0.160593 0.233554 0.133071 0.004466 0.452137 0.000176
0.016002 0.160618 0.233909 0.132961 0.004477 0.451855 0.000178
0.016112 0.159403 0.233499 0.132894 0.004481 0.453432 0.000178
0.016242 0.158147 0.232650 0.132488 0.004504 0.455786 0.000184
0.016101 0.159729 0.232673 0.132625 0.004487 0.454192 0.000192
0.016267 0.158410 0.232610 0.132241 0.004498 0.455789 0.000185
0.016227 0.157507 0.232238 0.131890 0.004538 0.457430 0.000170
0.016259 0.157298 0.231982 0.131897 0.004477 0.457906 0.000181
0.016292 0.156701 0.232180 0.131598 0.004471 0.458576 0.000181
0.016304 0.155983 0.231112 0.131629 0.004516 0.460273 0.000184
0.016371 0.155810 0.231369 0.131369 0.004523 0.460372 0.000185
0.016409 0.156597 0.231174 0.131123 0.004511 0.460000 0.000185
0.016479 0.154512 0.230464 0.131351 0.004522 0.462497 0.000175
0.016562 0.154287 0.230154 0.131171 0.004551 0.463090 0.000186
0.016413 0.154800 0.230203 0.131007 0.004507 0.462887 0.000183
0.016621 0.153710 0.229640 0.130708 0.004556 0.464568 0.000197
0.016713 0.152935 0.229697 0.130605 0.004583 0.465276 0.000191
0.016731 0.152699 0.228924 0.130279 0.004574 0.466602 0.000191
0.016718 0.152856 0.229260 0.130413 0.004540 0.466020 0.000194
0.016768 0.152799 0.228695 0.130364 0.004602 0.466572 0.000201
0.016862 0.152273 0.228509 0.130173 0.004569 0.467426 0.000189
0.016871 0.151448 0.228434 0.129706 0.004603 0.468743 0.000195
0.016832 0.150068 0.227469 0.129542 0.004599 0.471312 0.000178
0.016845 0.150522 0.227530 0.129438 0.004629 0.470833 0.000202
0.016859 0.150323 0.227484 0.129445 0.004642 0.471053 0.000195
0.017021 0.149810 0.227106 0.129288 0.004608 0.471970 0.000197
0.017151 0.149968 0.226903 0.129060 0.004622 0.472100 0.000197
0.017221 0.149055 0.226645 0.128841 0.004606 0.473435 0.000198
0.017244 0.148217 0.226429 0.128904 0.004606 0.474403 0.000198
0.017144 0.149231 0.225921 0.128682 0.004629 0.474192 0.000202
0.017219 0.148406 0.225821 0.128555 0.004613 0.475176 0.000209
0.017385 0.147595 0.225266 0.128111 0.004628 0.476812 0.000203
0.017412 0.146683 0.225091 0.128050 0.004615 0.477939 0.000209
0.017556 0.146656 0.224655 0.128117 0.004636 0.478172 0.000208
0.017437 0.146005 0.224528 0.127604 0.004665 0.479562 0.000200
0.017436 0.146463 0.224451 0.127885 0.004656 0.478903 0.000206
0.017567 0.145487 0.224072 0.127684 0.004660 0.480332 0.000198
0.017557 0.144883 0.223747 0.127537 0.004693 0.481374 0.000210
0.017617 0.144447 0.223233 0.127454 0.004680 0.482362 0.000208
0.017655 0.144379 0.223319 0.127246 0.004631 0.482566 0.000203
0.017641 0.143822 0.222850 0.126876 0.004699 0.483902 0.000212
0.017696 0.144246 0.222841 0.126800 0.004683 0.483529 0.000204
0.017761 0.143454 0.222398 0.126701 0.004659 0.484826 0.000202
0.017708 0.142733 0.222028 0.126695 0.004741 0.485880 0.000216
0.017660 0.142792 0.221676 0.126429 0.004648 0.486588 0.000207
0.017758 0.142506 0.221388 0.126276 0.004700 0.487161 0.000211
0.017913 0.142296 0.221146 0.125853 0.004726 0.487853 0.000213
0.017874 0.141713 0.220683 0.125969 0.004711 0.488846 0.000205
0.017956 0.141570 0.220757 0.125746 0.004677 0.489073 0.000220
0.017967 0.140831 0.220585 0.125322 0.004726 0.490360 0.000210
0.018321 0.140902 0.220436 0.125530 0.004699 0.489903 0.000209
