0.999110 0.000861 0.000018 0.000010 0.000000 0.000000 0.000000
0.998680 0.001280 0.000021 0.000004 0.000003 0.000012 0.000000
0.998240 0.001707 0.000029 0.000008 0.000000 0.000016 0.000000
0.997798 0.002132 0.000039 0.000015 0.000000 0.000016 0.000000
0.997291 0.002636 0.000045 0.000014 0.000000 0.000015 0.000000
0.996819 0.003098 0.000050 0.000019 0.000000 0.000014 0.000000
0.996208 0.003701 0.000056 0.000022 0.000000 0.000013 0.000000
0.995417 0.004481 0.000061 0.000028 0.000000 0.000013 0.000000
0.994651 0.005239 0.000067 0.000029 0.000000 0.000013 0.000000
0.993371 0.006499 0.000082 0.000035 0.000000 0.000013 0.000000
0.992354 0.007486 0.000101 0.000047 0.000000 0.000012 0.000000
0.990783 0.009026 0.000121 0.000059 0.000000 0.000011 0.000000
0.989442 0.010354 0.000129 0.000065 0.000000 0.000010 0.000000
0.986982 0.012756 0.000166 0.000087 0.000000 0.000010 0.000000
0.984612 0.015085 0.000202 0.000093 0.000000 0.000009 0.000000
0.981040 0.018601 0.000242 0.000110 0.000000 0.000008 0.000000
0.978012 0.021560 0.000307 0.000115 0.000000 0.000006 0.000000
0.973049 0.026405 0.000384 0.000153 0.000000 0.000008 0.000000
0.969379 0.029964 0.000427 0.000220 0.000000 0.000010 0.000000
0.963522 0.035659 0.000536 0.000273 0.000000 0.000010 0.000000
0.958203 0.040838 0.000617 0.000332 0.000000 0.000010 0.000000
0.951711 0.047186 0.000740 0.000354 0.000000 0.000010 0.000000
0.943278 0.055372 0.000879 0.000455 0.000000 0.000015 0.000000
0.935288 0.063159 0.001006 0.000533 0.000000 0.000014 0.000000
0.925518 0.072690 0.001154 0.000615 0.000000 0.000023 0.000000
0.916181 0.081798 0.001326 0.000668 0.000000 0.000027 0.000000
0.904860 0.092820 0.001505 0.000782 0.000000 0.000032 0.000000
0.894692 0.102725 0.001675 0.000869 0.000000 0.000039 0.000000
0.883377 0.113670 0.001903 0.001005 0.000000 0.000045 0.000000
0.870007 0.126584 0.002187 0.001169 0.000000 0.000054 0.000000
0.856268 0.139905 0.002444 0.001322 0.000000 0.000061 0.000000
0.843905 0.151865 0.002686 0.001480 0.000000 0.000064 0.000000
0.827749 0.167500 0.003031 0.001650 0.000000 0.000069 0.000000
0.815347 0.179522 0.003281 0.001777 0.000000 0.000074 0.000000
0.800912 0.193455 0.003576 0.001979 0.000000 0.000079 0.000000
0.785095 0.208677 0.003930 0.002200 0.000000 0.000098 0.000000
0.767823 0.225224 0.004374 0.002468 0.000000 0.000111 0.000000
0.751672 0.240658 0.004801 0.002741 0.000000 0.000128 0.000000
0.736793 0.254832 0.005260 0.002957 0.000000 0.000158 0.000000
0.719366 0.271462 0.005744 0.003256 0.000000 0.000172 0.000000
0.704564 0.285549 0.006160 0.003532 0.000000 0.000194 0.000000
0.687791 0.301504 0.006661 0.003823 0.000000 0.000221 0.000000
0.671010 0.317393 0.007184 0.004170 0.000000 0.000243 0.000000
0.653729 0.333680 0.007800 0.004515 0.000000 0.000276 0.000000
0.639436 0.347078 0.008329 0.004854 0.000000 0.000303 0.000000
0.624649 0.361007 0.008887 0.005122 0.000000 0.000335 0.000000
0.607234 0.377334 0.009572 0.005507 0.000000 0.000352 0.000000
0.596957 0.386740 0.010098 0.005834 0.000000 0.000370 0.000000
0.580296 0.402222 0.010846 0.006230 0.000000 0.000406 0.000000
0.569673 0.411946 0.011402 0.006542 0.000000 0.000436 0.000000
0.552275 0.427924 0.012251 0.007074 0.000000 0.000477 0.000000
0.543229 0.436026 0.012856 0.007371 0.000000 0.000519 0.000000
0.532450 0.445813 0.013455 0.007718 0.000000 0.000564 0.000000
0.517234 0.459629 0.014284 0.008241 0.000000 0.000612 0.000000
0.508327 0.467465 0.014986 0.008570 0.000001 0.000651 0.000000
0.493056 0.481217 0.015904 0.009099 0.000001 0.000724 0.000000
0.485691 0.487500 0.016565 0.009474 0.000001 0.000769 0.000000
0.473120 0.498586 0.017465 0.009999 0.000002 0.000828 0.000000
0.465354 0.505119 0.018228 0.010402 0.000002 0.000894 0.000000
0.457270 0.511976 0.018977 0.010824 0.000004 0.000951 0.000000
0.447690 0.520386 0.019639 0.011267 0.000004 0.001014 0.000000
0.439909 0.526926 0.020445 0.011639 0.000007 0.001074 0.000000
0.430725 0.534621 0.021287 0.012201 0.000007 0.001158 0.000000
0.418652 0.544992 0.022315 0.012809 0.000008 0.001224 0.000000
0.409736 0.552275 0.023287 0.013372 0.000010 0.001320 0.000000
0.399679 0.560976 0.024152 0.013798 0.000009 0.001386 0.000000
0.391752 0.567209 0.025105 0.014426 0.000010 0.001498 0.000000
0.384947 0.572710 0.025868 0.014881 0.000011 0.001582 0.000000
0.374725 0.581006 0.027067 0.015490 0.000014 0.001698 0.000000
0.370399 0.584332 0.027679 0.015810 0.000014 0.001766 0.000000
0.358914 0.593706 0.028927 0.016535 0.000015 0.001902 0.000000
0.351372 0.599499 0.029959 0.017141 0.000017 0.002013 0.000000
0.341879 0.606994 0.031204 0.017791 0.000015 0.002118 0.000000
0.335269 0.612298 0.031949 0.018261 0.000017 0.002205 0.000000
0.328486 0.616983 0.033171 0.019014 0.000022 0.002324 0.000000
0.320871 0.622686 0.034373 0.019595 0.000022 0.002452 0.000000
0.316872 0.625302 0.035169 0.020092 0.000022 0.002543 0.000000
0.304261 0.635117 0.036839 0.021034 0.000022 0.002727 0.000000
0.303251 0.634906 0.037538 0.021465 0.000024 0.002816 0.000000
0.298032 0.638441 0.038473 0.022063 0.000025 0.002967 0.000000
0.285686 0.647707 0.040287 0.023069 0.000032 0.003220 0.000000
0.283497 0.647990 0.041425 0.023679 0.000033 0.003376 0.000000
0.283272 0.647363 0.041890 0.023957 0.000035 0.003483 0.000000
0.278631 0.650007 0.043043 0.024624 0.000041 0.003655 0.000000
0.274246 0.652526 0.044142 0.025224 0.000037 0.003824 0.000000
0.265358 0.659206 0.045477 0.025953 0.000041 0.003965 0.000000
0.259132 0.662606 0.047131 0.026834 0.000044 0.004252 0.000000
0.251559 0.668007 0.048413 0.027583 0.000041 0.004397 0.000000
0.249970 0.668139 0.049197 0.028081 0.000044 0.004570 0.000000
0.240943 0.674333 0.050816 0.029090 0.000046 0.004770 0.000000
0.240783 0.673160 0.051654 0.029462 0.000049 0.004893 0.000000
0.233295 0.677470 0.053381 0.030581 0.000050 0.005224 0.000000
0.230425 0.678416 0.054479 0.031212 0.000059 0.005409 0.000000
0.221475 0.684056 0.056367 0.032342 0.000063 0.005697 0.000000
0.215356 0.687513 0.057941 0.033122 0.000067 0.006000 0.000000
0.212053 0.688552 0.059189 0.033937 0.000075 0.006194 0.000000
0.205962 0.692236 0.060605 0.034709 0.000073 0.006416 0.000000
0.200260 0.694800 0.062436 0.035676 0.000083 0.006746 0.000000
0.200005 0.693401 0.063347 0.036210 0.000083 0.006954 0.000000
0.196778 0.693671 0.065032 0.037150 0.000090 0.007279 0.000000
0.196386 0.693082 0.065529 0.037511 0.000086 0.007407 0.000000
0.190244 0.695786 0.067405 0.038656 0.000091 0.007818 0.000000
0.190438 0.693547 0.068556 0.039316 0.000094 0.008049 0.000000
0.181734 0.698482 0.070822 0.040395 0.000097 0.008469 0.000000
0.186811 0.693202 0.070886 0.040474 0.000104 0.008523 0.000000
0.180367 0.696081 0.072833 0.041637 0.000112 0.008968 0.000000
0.176620 0.697017 0.074400 0.042495 0.000112 0.009356 0.000000
0.170633 0.699890 0.076152 0.043508 0.000119 0.009698 0.000001
0.170173 0.697362 0.077879 0.044360 0.000109 0.010116 0.000001
0.170027 0.696044 0.078622 0.044790 0.000121 0.010395 0.000001
0.163576 0.699303 0.080456 0.045804 0.000129 0.010731 0.000001
0.159100 0.700883 0.082067 0.046670 0.000128 0.011151 0.000001
0.154227 0.702304 0.083945 0.047767 0.000136 0.011619 0.000002
0.150789 0.702622 0.085661 0.048763 0.000138 0.012026 0.000001
0.148736 0.702728 0.086612 0.049483 0.000144 0.012297 0.000001
0.144966 0.703381 0.088297 0.050394 0.000139 0.012822 0.000001
0.143604 0.703388 0.089164 0.050698 0.000153 0.012993 0.000001
0.143682 0.701084 0.090214 0.051440 0.000144 0.013435 0.000001
0.137909 0.703905 0.091844 0.052394 0.000155 0.013791 0.000002
0.136604 0.701784 0.093571 0.053415 0.000168 0.014456 0.000001
0.137178 0.699966 0.094272 0.053756 0.000161 0.014667 0.000001
0.130261 0.701830 0.097169 0.055302 0.000176 0.015261 0.000000
0.132830 0.697895 0.097582 0.055960 0.000168 0.015564 0.000001
0.131060 0.696642 0.099247 0.056812 0.000182 0.016056 0.000001
0.125886 0.698523 0.101252 0.057669 0.000190 0.016478 0.000001
0.123610 0.698949 0.102061 0.058280 0.000198 0.016901 0.000001
0.118213 0.698863 0.104948 0.060051 0.000201 0.017723 0.000001
0.121352 0.695308 0.105155 0.060022 0.000199 0.017963 0.000001
0.119509 0.695230 0.106350 0.060391 0.000192 0.018326 0.000001
0.114442 0.696526 0.108163 0.061784 0.000213 0.018870 0.000002
0.116424 0.692631 0.109112 0.062251 0.000216 0.019366 0.000001
0.112089 0.693646 0.110814 0.063246 0.000224 0.019981 0.000001
0.112989 0.690530 0.111921 0.063859 0.000220 0.020478 0.000002
0.110203 0.690652 0.113313 0.064738 0.000224 0.020868 0.000001
0.105274 0.691506 0.115550 0.065875 0.000243 0.021550 0.000002
0.107073 0.686981 0.116841 0.066667 0.000244 0.022191 0.000002
0.103060 0.688181 0.118318 0.067472 0.000255 0.022713 0.000002
0.099882 0.688986 0.119561 0.068179 0.000244 0.023146 0.000002
0.094133 0.688987 0.122580 0.069908 0.000271 0.024119 0.000002
0.097258 0.685708 0.122473 0.069871 0.000278 0.024410 0.000002
0.094600 0.685573 0.124003 0.070623 0.000270 0.024930 0.000002
0.088495 0.688620 0.125480 0.071578 0.000285 0.025540 0.000002
0.087721 0.684788 0.127834 0.072956 0.000292 0.026406 0.000003
0.087882 0.682514 0.128705 0.073593 0.000299 0.027005 0.000002
0.087986 0.681547 0.129215 0.073597 0.000297 0.027357 0.000002
0.085557 0.679292 0.131601 0.075060 0.000307 0.028180 0.000003
0.084137 0.679244 0.132244 0.075491 0.000300 0.028583 0.000001
0.082005 0.676912 0.134396 0.076885 0.000322 0.029478 0.000003
0.084844 0.673982 0.134246 0.076865 0.000336 0.029724 0.000003
0.077358 0.675366 0.137278 0.078729 0.000347 0.030921 0.000002
0.081086 0.672298 0.137188 0.078278 0.000351 0.030797 0.000002
0.076721 0.671738 0.139625 0.079686 0.000352 0.031874 0.000003
0.074132 0.670635 0.141328 0.080794 0.000359 0.032749 0.000003
0.072404 0.671017 0.142025 0.081114 0.000367 0.033070 0.000003
0.070864 0.668524 0.143917 0.082334 0.000371 0.033986 0.000003
0.068678 0.667663 0.145390 0.083167 0.000380 0.034718 0.000003
0.065771 0.668804 0.146276 0.083581 0.000401 0.035162 0.000004
0.065399 0.666033 0.147794 0.084476 0.000414 0.035880 0.000004
0.060496 0.667393 0.149625 0.085493 0.000415 0.036573 0.000005
0.063410 0.664104 0.149548 0.085487 0.000421 0.037026 0.000004
0.058789 0.663993 0.151851 0.086921 0.000452 0.037991 0.000004
0.055012 0.663840 0.154044 0.087966 0.000439 0.038696 0.000004
0.051854 0.662239 0.156387 0.089234 0.000462 0.039820 0.000003
0.048047 0.661663 0.158520 0.090545 0.000473 0.040749 0.000003
0.047755 0.659885 0.159230 0.091377 0.000473 0.041277 0.000003
0.048103 0.657185 0.160410 0.091593 0.000467 0.042239 0.000004
0.042910 0.658528 0.162358 0.092725 0.000487 0.042987 0.000005
0.046719 0.652235 0.163444 0.093343 0.000481 0.043774 0.000004
0.045089 0.650405 0.165015 0.094376 0.000502 0.044609 0.000004
0.047307 0.646629 0.165775 0.094596 0.000511 0.045177 0.000005
0.046159 0.645944 0.166392 0.095239 0.000530 0.045731 0.000004
0.043166 0.644715 0.168409 0.096234 0.000538 0.046935 0.000004
0.045053 0.642256 0.168498 0.096538 0.000550 0.047100 0.000004
0.044873 0.636925 0.170961 0.098114 0.000547 0.048576 0.000005
0.045340 0.635662 0.171413 0.097969 0.000562 0.049049 0.000004
0.043541 0.634970 0.172617 0.098550 0.000575 0.049743 0.000005
0.043325 0.632786 0.173655 0.099270 0.000573 0.050388 0.000004
0.039671 0.631408 0.175861 0.100739 0.000606 0.051709 0.000006
0.040037 0.629289 0.176394 0.101097 0.000596 0.052582 0.000004
0.039688 0.627821 0.177271 0.101621 0.000614 0.052980 0.000006
0.038389 0.626863 0.178356 0.102059 0.000612 0.053717 0.000004
0.037011 0.623274 0.180508 0.103349 0.000642 0.055212 0.000003
0.034088 0.622461 0.182229 0.104161 0.000649 0.056407 0.000005
0.035986 0.620099 0.182181 0.104415 0.000661 0.056654 0.000004
0.034807 0.618927 0.183299 0.104753 0.000662 0.057547 0.000005
0.034129 0.617759 0.184048 0.105448 0.000679 0.057932 0.000005
0.032750 0.615577 0.185772 0.106396 0.000680 0.058820 0.000005
0.031530 0.613872 0.187025 0.106809 0.000710 0.060048 0.000005
0.031411 0.613277 0.187280 0.107065 0.000701 0.060261 0.000005
0.028845 0.611308 0.189317 0.108229 0.000699 0.061597 0.000005
0.028310 0.608579 0.190686 0.109076 0.000731 0.062612 0.000005
0.029089 0.606966 0.190880 0.109050 0.000749 0.063262 0.000003
0.027763 0.604272 0.192517 0.110252 0.000779 0.064413 0.000004
0.026712 0.601578 0.194225 0.111160 0.000767 0.065553 0.000004
0.026126 0.600304 0.194807 0.111585 0.000785 0.066388 0.000004
0.026082 0.598919 0.195539 0.111854 0.000803 0.066798 0.000005
0.025542 0.597414 0.196198 0.112321 0.000802 0.067717 0.000006
0.024212 0.594737 0.198141 0.113087 0.000799 0.069019 0.000005
0.024671 0.591744 0.199046 0.113699 0.000824 0.070012 0.000003
0.023676 0.590466 0.199918 0.114354 0.000839 0.070741 0.000006
0.023804 0.588649 0.200428 0.114841 0.000828 0.071445 0.000005
0.022870 0.586090 0.202311 0.115335 0.000842 0.072546 0.000006
0.022733 0.583865 0.203131 0.115997 0.000859 0.073407 0.000008
0.022955 0.582179 0.203743 0.116318 0.000881 0.073914 0.000009
0.021473 0.579018 0.205603 0.117322 0.000877 0.075699 0.000008
0.022614 0.577040 0.205626 0.117637 0.000901 0.076174 0.000008
0.022525 0.578131 0.205087 0.117415 0.000906 0.075927 0.000008
0.021591 0.573911 0.207155 0.118641 0.000916 0.077779 0.000007
0.021086 0.571807 0.208254 0.119186 0.000941 0.078720 0.000007
0.021012 0.569757 0.209435 0.119556 0.000919 0.079314 0.000006
0.020523 0.566299 0.210601 0.120535 0.000949 0.081084 0.000008
0.020891 0.566357 0.210400 0.120377 0.000949 0.081016 0.000010
0.020205 0.563608 0.211733 0.121151 0.000960 0.082334 0.000009
0.024046 0.559376 0.211671 0.121028 0.000975 0.082894 0.000009
0.029341 0.555923 0.210391 0.120405 0.000949 0.082981 0.000010
0.028635 0.552309 0.212330 0.121431 0.000977 0.084307 0.000011
0.025450 0.550211 0.214425 0.122734 0.000996 0.086173 0.000012
0.030151 0.548942 0.212552 0.121714 0.001010 0.085619 0.000012
0.027942 0.546254 0.214432 0.122831 0.001015 0.087515 0.000011
0.033549 0.542941 0.213330 0.121991 0.001014 0.087167 0.000009
0.029733 0.541888 0.215537 0.123065 0.001013 0.088755 0.000009
0.031629 0.539137 0.215553 0.123049 0.001048 0.089575 0.000009
0.028940 0.538554 0.216792 0.124140 0.001067 0.090497 0.000010
0.032082 0.536356 0.216105 0.123364 0.001053 0.091028 0.000011
0.029218 0.534811 0.218002 0.124441 0.001076 0.092442 0.000012
0.026399 0.533825 0.219555 0.125351 0.001093 0.093763 0.000015
0.030725 0.528808 0.219556 0.125375 0.001068 0.094455 0.000013
0.037751 0.526381 0.217058 0.123963 0.001089 0.093745 0.000014
0.035295 0.525256 0.218331 0.124879 0.001101 0.095122 0.000016
0.036702 0.523838 0.218123 0.124793 0.001093 0.095438 0.000013
0.034049 0.522977 0.219491 0.125538 0.001107 0.096824 0.000012
0.033816 0.520988 0.219926 0.126038 0.001124 0.098093 0.000016
0.034931 0.518675 0.220434 0.126038 0.001111 0.098801 0.000011
0.032281 0.518031 0.221593 0.126922 0.001124 0.100033 0.000016
0.034386 0.514235 0.221994 0.126954 0.001183 0.101232 0.000015
0.036920 0.515509 0.220495 0.125695 0.001152 0.100217 0.000013
0.035866 0.512099 0.221792 0.126872 0.001168 0.102188 0.000015
0.030524 0.512006 0.224372 0.128236 0.001210 0.103638 0.000014
0.032140 0.509606 0.224214 0.128252 0.001199 0.104574 0.000015
0.031456 0.508787 0.224616 0.128505 0.001203 0.105416 0.000017
0.030050 0.507010 0.225797 0.129369 0.001211 0.106546 0.000017
0.027212 0.503498 0.228498 0.130596 0.001255 0.108924 0.000016
0.027819 0.505266 0.227383 0.129840 0.001245 0.108432 0.000016
0.025668 0.503655 0.228600 0.130768 0.001246 0.110045 0.000017
0.026592 0.503544 0.227944 0.130385 0.001264 0.110253 0.000016
0.025102 0.500051 0.229973 0.131484 0.001300 0.112073 0.000017
0.027593 0.498558 0.229200 0.130980 0.001302 0.112345 0.000021
0.022949 0.497391 0.231720 0.132301 0.001333 0.114291 0.000015
0.022739 0.494708 0.232839 0.132955 0.001344 0.115399 0.000017
0.022331 0.494593 0.232878 0.132689 0.001362 0.116131 0.000016
0.021887 0.492541 0.233650 0.133438 0.001351 0.117116 0.000016
0.020130 0.490240 0.235357 0.133908 0.001386 0.118965 0.000014
0.021245 0.489398 0.234522 0.134099 0.001378 0.119340 0.000018
0.020567 0.487773 0.235643 0.134218 0.001400 0.120379 0.000019
0.018839 0.485864 0.236943 0.135055 0.001404 0.121875 0.000020
0.019487 0.484586 0.236967 0.135298 0.001426 0.122217 0.000019
0.018592 0.482380 0.238052 0.135715 0.001435 0.123803 0.000023
0.018398 0.480350 0.238627 0.136315 0.001441 0.124845 0.000022
0.018037 0.477602 0.239639 0.136644 0.001485 0.126569 0.000024
0.018507 0.478858 0.238802 0.136296 0.001465 0.126051 0.000021
0.018654 0.476221 0.239409 0.136534 0.001484 0.127676 0.000022
0.017416 0.473875 0.240912 0.137401 0.001502 0.128872 0.000022
0.017229 0.471894 0.241665 0.137819 0.001498 0.129877 0.000018
0.016473 0.469471 0.242719 0.138633 0.001527 0.131157 0.000020
0.017084 0.467961 0.242724 0.138280 0.001535 0.132396 0.000021
0.016318 0.466548 0.243709 0.138825 0.001556 0.133020 0.000023
0.016626 0.464390 0.244001 0.139077 0.001542 0.134341 0.000023
0.016195 0.463136 0.244237 0.139428 0.001566 0.135416 0.000023
0.015985 0.461550 0.244753 0.139614 0.001614 0.136461 0.000023
0.016065 0.459265 0.245412 0.139969 0.001570 0.137700 0.000018
0.016041 0.456973 0.246043 0.140373 0.001584 0.138965 0.000022
0.016339 0.455677 0.246282 0.140399 0.001592 0.139683 0.000028
0.015353 0.452237 0.247656 0.141198 0.001613 0.141922 0.000022
0.015648 0.452505 0.247263 0.140875 0.001649 0.142033 0.000027
0.015625 0.451553 0.247771 0.140960 0.001652 0.142415 0.000023
0.015589 0.449368 0.247691 0.141691 0.001681 0.143952 0.000028
0.015639 0.447897 0.248060 0.141555 0.001668 0.145157 0.000023
0.015737 0.446951 0.248202 0.141548 0.001664 0.145872 0.000026
0.015469 0.443871 0.249361 0.142161 0.001686 0.147427 0.000025
0.015463 0.440971 0.250080 0.142357 0.001713 0.149389 0.000027
0.015603 0.443077 0.248949 0.142102 0.001730 0.148515 0.000024
0.015316 0.439647 0.250105 0.142631 0.001720 0.150558 0.000024
0.015216 0.438227 0.250582 0.143174 0.001763 0.151009 0.000029
0.015278 0.436321 0.250667 0.143290 0.001769 0.152646 0.000029
0.015538 0.435241 0.251218 0.143075 0.001746 0.153151 0.000031
0.015256 0.434097 0.251533 0.143403 0.001792 0.153887 0.000033
0.014722 0.429132 0.253161 0.144510 0.001791 0.156654 0.000030
0.014844 0.428577 0.253420 0.144353 0.001790 0.156986 0.000030
0.014845 0.427670 0.253339 0.144445 0.001817 0.157854 0.000031
0.014912 0.427627 0.252938 0.144357 0.001778 0.158359 0.000029
0.014779 0.424281 0.253944 0.144699 0.001826 0.160441 0.000030
0.014858 0.424394 0.253898 0.144580 0.001825 0.160413 0.000032
0.014679 0.421218 0.254642 0.145160 0.001850 0.162418 0.000034
0.014571 0.419377 0.254943 0.145676 0.001845 0.163555 0.000034
0.014753 0.419542 0.254451 0.145198 0.001873 0.164147 0.000036
0.014661 0.416109 0.255763 0.145816 0.001892 0.165727 0.000032
0.014609 0.414466 0.255985 0.145851 0.001887 0.167163 0.000038
0.014505 0.413232 0.256501 0.146119 0.001902 0.167707 0.000034
0.014677 0.411878 0.256545 0.146234 0.001887 0.168745 0.000034
0.014527 0.411884 0.256610 0.146236 0.001902 0.168806 0.000034
0.014645 0.409915 0.256801 0.146269 0.001929 0.170408 0.000033
0.014599 0.407736 0.257722 0.146591 0.001932 0.171380 0.000041
0.014531 0.405573 0.258012 0.146853 0.001940 0.173055 0.000036
0.014313 0.405153 0.257600 0.147128 0.001946 0.173825 0.000035
0.014495 0.405111 0.257696 0.146804 0.001994 0.173865 0.000034
0.014419 0.402546 0.258170 0.147207 0.001992 0.175627 0.000038
0.014307 0.400110 0.258666 0.147642 0.001989 0.177249 0.000036
0.014235 0.396721 0.259484 0.148228 0.002005 0.179292 0.000036
0.014445 0.398647 0.258874 0.147463 0.001992 0.178544 0.000035
0.014367 0.395651 0.259473 0.147871 0.002050 0.180550 0.000038
0.014326 0.394308 0.259806 0.148174 0.002041 0.181305 0.000039
0.014452 0.393647 0.259697 0.148306 0.002023 0.181833 0.000042
0.014314 0.390510 0.260522 0.148750 0.002076 0.183789 0.000039
0.014251 0.390680 0.260581 0.148380 0.002086 0.183985 0.000037
0.014449 0.389745 0.260764 0.148158 0.002109 0.184736 0.000038
0.014424 0.387722 0.260927 0.148490 0.002099 0.186297 0.000041
0.014093 0.386080 0.261315 0.148879 0.002100 0.187490 0.000042
0.014242 0.385285 0.261224 0.148822 0.002146 0.188244 0.000038
0.014206 0.382286 0.261691 0.149104 0.002102 0.190575 0.000036
0.014186 0.382316 0.261610 0.149260 0.002110 0.190477 0.000040
0.014209 0.379991 0.262349 0.149381 0.002182 0.191844 0.000045
0.014292 0.378718 0.262144 0.149572 0.002189 0.193045 0.000041
0.013993 0.377053 0.262672 0.149758 0.002208 0.194274 0.000042
0.013973 0.376511 0.262361 0.149793 0.002218 0.195102 0.000042
0.014035 0.373794 0.263215 0.149886 0.002205 0.196830 0.000035
0.014040 0.373572 0.262902 0.150322 0.002198 0.196924 0.000042
0.014268 0.372363 0.263014 0.149966 0.002207 0.198134 0.000048
0.013998 0.370511 0.263169 0.150301 0.002227 0.199753 0.000043
0.014025 0.370239 0.263321 0.150040 0.002257 0.200073 0.000043
0.014349 0.366786 0.263818 0.150258 0.002284 0.202463 0.000042
0.014142 0.366433 0.264107 0.150313 0.002273 0.202684 0.000047
0.014158 0.364994 0.264059 0.150629 0.002314 0.203800 0.000046
0.014196 0.363651 0.263916 0.150759 0.002247 0.205187 0.000044
0.014324 0.363741 0.263828 0.150519 0.002303 0.205242 0.000044
0.014087 0.359918 0.265043 0.150933 0.002346 0.207625 0.000049
0.019699 0.358628 0.263089 0.149780 0.002312 0.206445 0.000047
0.029046 0.354525 0.259826 0.148477 0.002280 0.205798 0.000046
0.025712 0.355210 0.261069 0.148759 0.002341 0.206862 0.000048
0.024152 0.354599 0.261421 0.149084 0.002323 0.208376 0.000045
0.026069 0.352151 0.260820 0.148840 0.002337 0.209735 0.000049
0.026872 0.350591 0.261156 0.148868 0.002344 0.210124 0.000044
0.027116 0.350869 0.260442 0.148473 0.002335 0.210717 0.000048
0.028337 0.350954 0.260084 0.147963 0.002377 0.210235 0.000049
0.025500 0.348380 0.261343 0.149013 0.002381 0.213339 0.000044
0.027215 0.349276 0.260188 0.148467 0.002381 0.212426 0.000047
0.027372 0.349209 0.259916 0.148152 0.002378 0.212922 0.000050
0.025199 0.348125 0.260674 0.148756 0.002378 0.214824 0.000044
0.026058 0.346888 0.260208 0.148545 0.002421 0.215831 0.000048
0.024001 0.347002 0.260684 0.149005 0.002423 0.216836 0.000048
0.022998 0.344082 0.261882 0.149127 0.002486 0.219379 0.000047
0.024414 0.343696 0.260601 0.148868 0.002467 0.219911 0.000043
0.023555 0.344355 0.260883 0.148898 0.002472 0.219789 0.000048
0.021041 0.342930 0.262261 0.149318 0.002489 0.221909 0.000051
0.020457 0.341598 0.262479 0.149802 0.002491 0.223127 0.000046
0.034964 0.337441 0.258099 0.147048 0.002420 0.219978 0.000051
0.030077 0.337447 0.259704 0.147990 0.002458 0.222272 0.000051
0.035033 0.334504 0.258192 0.147171 0.002476 0.222578 0.000046
0.030988 0.335725 0.259038 0.147700 0.002458 0.224042 0.000049
0.028384 0.334442 0.260379 0.148403 0.002511 0.225832 0.000050
0.032358 0.332658 0.258533 0.147735 0.002530 0.226141 0.000045
0.033991 0.333179 0.257678 0.146570 0.002525 0.226009 0.000049
0.028828 0.331809 0.260008 0.148178 0.002534 0.228592 0.000051
0.031787 0.333349 0.257692 0.146945 0.002546 0.227630 0.000051
0.030559 0.331890 0.258541 0.147186 0.002550 0.229222 0.000053
0.029068 0.330883 0.259063 0.147514 0.002577 0.230842 0.000053
0.026956 0.328473 0.260252 0.148191 0.002595 0.233476 0.000057
0.027957 0.329823 0.258796 0.147772 0.002599 0.233002 0.000050
0.025262 0.328051 0.260462 0.148118 0.002629 0.235421 0.000056
0.023331 0.326835 0.261306 0.149043 0.002652 0.236781 0.000053
0.022170 0.326162 0.261969 0.149091 0.002664 0.237888 0.000056
0.024188 0.326517 0.260344 0.148350 0.002631 0.237915 0.000056
0.020621 0.324092 0.262244 0.149402 0.002654 0.240936 0.000051
0.022265 0.323128 0.261104 0.149137 0.002651 0.241660 0.000054
0.019458 0.321984 0.262654 0.149668 0.002711 0.243468 0.000056
0.019525 0.321141 0.262426 0.149647 0.002687 0.244518 0.000055
0.019849 0.321550 0.262104 0.149259 0.002699 0.244479 0.000061
0.017921 0.317389 0.263363 0.150524 0.002752 0.247993 0.000059
0.017307 0.315208 0.263941 0.150569 0.002753 0.250165 0.000056
0.017991 0.318158 0.263025 0.149824 0.002727 0.248216 0.000060
0.018543 0.315848 0.263216 0.149673 0.002753 0.249903 0.000064
0.017205 0.313420 0.263729 0.150421 0.002730 0.252441 0.000054
0.017022 0.312362 0.263942 0.150267 0.002762 0.253582 0.000063
0.016397 0.312174 0.264331 0.150585 0.002749 0.253704 0.000061
0.016777 0.310204 0.264419 0.150383 0.002772 0.255380 0.000066
0.016141 0.307981 0.264799 0.150996 0.002796 0.257221 0.000066
0.016244 0.307575 0.264510 0.150935 0.002811 0.257864 0.000062
0.016334 0.307094 0.264297 0.150696 0.002812 0.258702 0.000063
0.016031 0.305997 0.264816 0.151023 0.002816 0.259246 0.000070
0.015659 0.305209 0.265037 0.150875 0.002833 0.260324 0.000063
0.015279 0.304624 0.264953 0.151131 0.002815 0.261133 0.000064
0.015381 0.299975 0.265408 0.151330 0.002893 0.264947 0.000067
0.015046 0.299873 0.265394 0.151237 0.002861 0.265522 0.000068
0.015061 0.298510 0.265791 0.151109 0.002903 0.266555 0.000071
0.015257 0.298476 0.265274 0.151383 0.002864 0.266674 0.000073
0.015093 0.296539 0.265416 0.151243 0.002895 0.268743 0.000071
0.015135 0.296440 0.265494 0.151547 0.002869 0.268447 0.000067
0.015267 0.296307 0.265185 0.151132 0.002868 0.269166 0.000075
0.014721 0.291814 0.265978 0.151699 0.002937 0.272773 0.000078
0.015157 0.292730 0.265425 0.151068 0.002925 0.272621 0.000075
0.014749 0.290826 0.265512 0.151792 0.002977 0.274076 0.000068
0.014952 0.289951 0.265381 0.151365 0.002954 0.275322 0.000075
0.015087 0.288681 0.265452 0.151259 0.002973 0.276470 0.000078
0.015042 0.290403 0.264942 0.150991 0.002977 0.275574 0.000072
0.015419 0.288644 0.264680 0.151281 0.002969 0.276934 0.000075
0.014958 0.287408 0.265296 0.151202 0.002946 0.278115 0.000075
0.015343 0.286280 0.264634 0.151008 0.003014 0.279642 0.000078
0.015025 0.285530 0.265020 0.151044 0.003005 0.280301 0.000075
0.014927 0.282925 0.265425 0.151065 0.003027 0.282555 0.000077
0.015103 0.282958 0.265028 0.151074 0.003003 0.282762 0.000072
0.014735 0.281295 0.265228 0.151390 0.003039 0.284234 0.000078
0.015065 0.280570 0.264803 0.151125 0.003056 0.285302 0.000080
0.015108 0.278963 0.264985 0.151103 0.003017 0.286746 0.000077
0.015306 0.279586 0.264405 0.150184 0.003045 0.287397 0.000077
0.015000 0.277920 0.264690 0.150974 0.003059 0.288277 0.000080
0.014970 0.277823 0.264704 0.150749 0.003095 0.288574 0.000086
0.014928 0.274874 0.265331 0.150797 0.003083 0.290906 0.000081
0.014982 0.274257 0.264977 0.150923 0.003070 0.291708 0.000083
0.015217 0.274950 0.264407 0.150466 0.003142 0.291732 0.000085
0.015055 0.272298 0.264751 0.150796 0.003099 0.293920 0.000083
0.014980 0.272105 0.264772 0.150802 0.003151 0.294106 0.000084
0.015122 0.271387 0.264463 0.150643 0.003146 0.295148 0.000090
0.015035 0.269689 0.264686 0.150842 0.003154 0.296511 0.000083
0.015088 0.269631 0.264552 0.150823 0.003136 0.296689 0.000081
0.014956 0.266446 0.264261 0.150674 0.003180 0.300395 0.000089
0.015134 0.267262 0.264079 0.150481 0.003194 0.299759 0.000091
0.015209 0.267612 0.263782 0.150257 0.003110 0.299945 0.000085
0.015189 0.264429 0.264485 0.150397 0.003175 0.302234 0.000091
0.015134 0.263356 0.264440 0.150404 0.003212 0.303370 0.000084
0.015164 0.263215 0.263726 0.150266 0.003219 0.304321 0.000088
0.014942 0.261608 0.264350 0.150082 0.003242 0.305687 0.000087
0.015186 0.258912 0.264485 0.150455 0.003279 0.307594 0.000089
0.015325 0.260510 0.263887 0.149991 0.003255 0.306946 0.000087
0.015253 0.259648 0.263745 0.150276 0.003270 0.307720 0.000088
0.015233 0.258999 0.263719 0.149937 0.003315 0.308711 0.000085
0.015288 0.257226 0.263583 0.150094 0.003333 0.310396 0.000079
0.015352 0.257622 0.263166 0.149727 0.003265 0.310784 0.000084
0.015462 0.255363 0.263065 0.149949 0.003313 0.312768 0.000079
0.015467 0.254074 0.263454 0.149811 0.003367 0.313748 0.000079
0.015454 0.254012 0.262609 0.149784 0.003350 0.314708 0.000082
0.015649 0.252888 0.262946 0.149550 0.003351 0.315533 0.000083
0.015322 0.253507 0.262799 0.149703 0.003314 0.315265 0.000090
0.015413 0.251784 0.262509 0.149231 0.003367 0.317608 0.000090
0.015292 0.251225 0.262671 0.149494 0.003322 0.317903 0.000093
0.015494 0.250026 0.262241 0.149218 0.003384 0.319548 0.000089
0.015426 0.248466 0.262433 0.149453 0.003407 0.320725 0.000090
0.015314 0.249705 0.262172 0.149079 0.003385 0.320256 0.000089
0.015503 0.247922 0.262068 0.149250 0.003381 0.321780 0.000097
0.015443 0.246136 0.262125 0.149291 0.003376 0.323533 0.000097
0.015451 0.245484 0.261650 0.148998 0.003413 0.324910 0.000093
0.015465 0.244317 0.261568 0.148851 0.003379 0.326324 0.000096
0.015426 0.243742 0.261709 0.149004 0.003416 0.326611 0.000092
0.015585 0.243238 0.261070 0.148858 0.003468 0.327683 0.000098
0.015550 0.241615 0.261270 0.148511 0.003413 0.329542 0.000099
0.015494 0.241696 0.261198 0.148923 0.003453 0.329135 0.000102
0.015564 0.241362 0.260720 0.148716 0.003483 0.330057 0.000098
0.015622 0.239889 0.260620 0.148349 0.003492 0.331913 0.000114
0.015617 0.238606 0.260512 0.148684 0.003481 0.332992 0.000108
0.015771 0.238511 0.260430 0.148313 0.003478 0.333385 0.000111
0.015543 0.237464 0.260461 0.148010 0.003468 0.334952 0.000103
0.015702 0.236968 0.260262 0.148189 0.003466 0.335305 0.000107
0.015691 0.236651 0.260195 0.147800 0.003461 0.336097 0.000106
0.015929 0.234562 0.259714 0.147762 0.003532 0.338397 0.000103
0.015810 0.234177 0.259965 0.147781 0.003501 0.338651 0.000116
0.015618 0.234022 0.259377 0.147723 0.003525 0.339624 0.000111
0.015692 0.231520 0.259710 0.147616 0.003524 0.341836 0.000103
0.015989 0.231682 0.259412 0.147383 0.003514 0.341904 0.000116
0.015617 0.231801 0.258874 0.147461 0.003536 0.342600 0.000110
0.015990 0.231512 0.259066 0.147225 0.003505 0.342595 0.000106
0.016075 0.229081 0.258729 0.147494 0.003599 0.344915 0.000107
0.016145 0.227866 0.258649 0.147382 0.003597 0.346248 0.000113
0.015899 0.227665 0.258509 0.147307 0.003641 0.346866 0.000112
0.016043 0.226030 0.258736 0.147027 0.003618 0.348435 0.000110
0.016031 0.225929 0.257930 0.147022 0.003627 0.349347 0.000114
0.016047 0.225565 0.258050 0.146802 0.003613 0.349808 0.000115
0.015833 0.226781 0.258136 0.146495 0.003623 0.349024 0.000107
0.015929 0.225191 0.257941 0.146643 0.003610 0.350572 0.000114
0.016014 0.225294 0.257159 0.146680 0.003635 0.351105 0.000112
0.016230 0.223000 0.257527 0.146644 0.003682 0.352806 0.000111
0.016265 0.223271 0.256901 0.146325 0.003649 0.353482 0.000107
0.016414 0.220163 0.257122 0.146112 0.003657 0.356415 0.000117
0.016367 0.220511 0.256835 0.145966 0.003695 0.356510 0.000116
0.016391 0.220844 0.256689 0.145754 0.003681 0.356527 0.000115
0.016460 0.219266 0.256709 0.145570 0.003782 0.358097 0.000116
0.016201 0.219682 0.256469 0.145615 0.003686 0.358230 0.000116
0.016352 0.219762 0.256309 0.145562 0.003685 0.358215 0.000115
0.016154 0.217550 0.256194 0.145448 0.003714 0.360830 0.000110
0.016320 0.218221 0.255459 0.145309 0.003743 0.360830 0.000118
0.016297 0.216563 0.255448 0.145020 0.003759 0.362792 0.000121
0.016418 0.215065 0.255379 0.145296 0.003746 0.363983 0.000112
0.016575 0.213940 0.255103 0.144884 0.003769 0.365613 0.000116
0.016447 0.214219 0.254917 0.145020 0.003785 0.365492 0.000120
0.016523 0.212442 0.255002 0.144904 0.003822 0.367186 0.000121
0.016710 0.213814 0.254504 0.144758 0.003761 0.366337 0.000116
0.016663 0.210776 0.254408 0.144495 0.003859 0.369679 0.000121
0.016818 0.212410 0.253761 0.144461 0.003799 0.368637 0.000114
0.016775 0.211060 0.253650 0.144213 0.003823 0.370361 0.000118
0.016838 0.209276 0.253676 0.144129 0.003838 0.372125 0.000118
0.016603 0.208861 0.253676 0.143979 0.003876 0.372884 0.000121
0.016719 0.207720 0.253581 0.144115 0.003850 0.373890 0.000124
0.016982 0.206405 0.253083 0.144143 0.003879 0.375391 0.000118
0.016717 0.207231 0.253092 0.143795 0.003843 0.375203 0.000118
0.016807 0.206994 0.252471 0.143863 0.003849 0.375892 0.000124
0.016913 0.208698 0.252421 0.143227 0.003885 0.374734 0.000123
0.016719 0.205182 0.252845 0.143180 0.003933 0.378019 0.000122
0.017068 0.203843 0.252034 0.143638 0.003929 0.379367 0.000121
0.017229 0.204257 0.251898 0.143042 0.003892 0.379563 0.000120
0.016962 0.204563 0.251796 0.143158 0.003918 0.379480 0.000123
0.017189 0.201952 0.251273 0.142932 0.003945 0.382583 0.000126
0.017129 0.202483 0.251587 0.142959 0.003903 0.381819 0.000119
0.016993 0.201529 0.251174 0.142610 0.003933 0.383634 0.000128
0.017464 0.200835 0.250265 0.142410 0.003963 0.384930 0.000133
0.017412 0.200075 0.250393 0.142191 0.003999 0.385804 0.000126
0.017204 0.199429 0.249637 0.141977 0.003982 0.387636 0.000135
0.017248 0.200456 0.249960 0.142269 0.003944 0.385999 0.000123
0.017408 0.198919 0.249597 0.142217 0.003974 0.387753 0.000132
0.017305 0.197319 0.249675 0.141931 0.003978 0.389653 0.000137
0.017346 0.197416 0.249267 0.141792 0.003924 0.390125 0.000130
0.017356 0.196605 0.249060 0.141378 0.004002 0.391466 0.000133
0.017392 0.196457 0.249097 0.141527 0.004031 0.391361 0.000135
0.017571 0.195705 0.248448 0.141774 0.003987 0.392385 0.000130
0.017577 0.194840 0.248510 0.141380 0.003993 0.393558 0.000141
0.017659 0.195259 0.247993 0.141213 0.003979 0.393762 0.000136
0.017589 0.193677 0.247886 0.141237 0.004053 0.395426 0.000131
0.017446 0.192910 0.248065 0.140912 0.004029 0.396500 0.000138
0.017667 0.192757 0.247736 0.140754 0.004044 0.396901 0.000141
0.018112 0.190516 0.247300 0.140509 0.004064 0.399366 0.000133
0.017591 0.191148 0.247340 0.140418 0.004057 0.399309 0.000136
0.017954 0.189647 0.246979 0.140263 0.004118 0.400904 0.000135
0.017806 0.190163 0.246847 0.140386 0.004070 0.400596 0.000132
0.017977 0.187824 0.246318 0.140153 0.004105 0.403477 0.000146
0.017910 0.188368 0.246440 0.140050 0.004126 0.402967 0.000140
0.018098 0.188079 0.246134 0.139484 0.004127 0.403940 0.000138
0.017806 0.187177 0.246033 0.139762 0.004125 0.404949 0.000148
0.018011 0.187095 0.245980 0.139701 0.004119 0.404959 0.000136
0.017974 0.186109 0.244972 0.139475 0.004148 0.407181 0.000142
0.018026 0.185500 0.245329 0.139223 0.004101 0.407678 0.000142
0.018375 0.185849 0.244593 0.138912 0.004176 0.407952 0.000143
0.018364 0.183978 0.244538 0.138800 0.004125 0.410059 0.000137
0.018040 0.184733 0.244109 0.138731 0.004192 0.410052 0.000143
0.018302 0.183436 0.244342 0.138730 0.004183 0.410858 0.000149
0.018336 0.183404 0.243973 0.138530 0.004154 0.411453 0.000151
0.018278 0.183045 0.244050 0.138259 0.004192 0.412029 0.000147
0.018338 0.182410 0.243489 0.138258 0.004135 0.413219 0.000151
0.018411 0.181251 0.243174 0.138166 0.004220 0.414625 0.000153
0.018579 0.180872 0.242790 0.138218 0.004161 0.415230 0.000150
0.018606 0.181484 0.242676 0.137957 0.004211 0.414916 0.000151
0.018583 0.179706 0.242302 0.137737 0.004214 0.417301 0.000158
0.018799 0.179485 0.242251 0.137161 0.004207 0.417942 0.000153
0.018584 0.178338 0.241805 0.137546 0.004207 0.419370 0.000150
0.018627 0.177658 0.241433 0.137350 0.004178 0.420600 0.000154
0.018410 0.177846 0.241631 0.137064 0.004252 0.420645 0.000152
0.018701 0.177325 0.241502 0.136876 0.004278 0.421166 0.000153
0.018844 0.177334 0.241343 0.136675 0.004277 0.421376 0.000151
0.018603 0.175106 0.240906 0.136639 0.004288 0.424301 0.000157
0.018743 0.176061 0.240195 0.136445 0.004254 0.424155 0.000148
0.018893 0.175075 0.240078 0.136037 0.004319 0.425429 0.000167
0.019016 0.174539 0.240045 0.136508 0.004256 0.425477 0.000158
0.018987 0.174464 0.239700 0.136186 0.004260 0.426247 0.000156
0.018906 0.174745 0.239624 0.136096 0.004279 0.426195 0.000155
0.018903 0.173736 0.239054 0.135705 0.004282 0.428165 0.000155
0.018776 0.173844 0.238896 0.135833 0.004279 0.428209 0.000162
0.019354 0.172479 0.238661 0.135492 0.004287 0.429566 0.000161
0.019253 0.171533 0.238636 0.135645 0.004338 0.430432 0.000162
0.018979 0.170187 0.238335 0.135217 0.004393 0.432725 0.000163
0.019453 0.171020 0.237676 0.135218 0.004428 0.432027 0.000178
0.019296 0.170073 0.237781 0.135122 0.004336 0.433224 0.000169
0.019121 0.170057 0.237355 0.134727 0.004360 0.434222 0.000158
0.019459 0.169130 0.237293 0.134403 0.004381 0.435169 0.000164
0.019276 0.168825 0.236620 0.134675 0.004390 0.436051 0.000162
0.019210 0.168904 0.236873 0.134576 0.004339 0.435937 0.000162
0.019347 0.169223 0.237078 0.134208 0.004322 0.435655 0.000168
0.019435 0.167664 0.236196 0.134010 0.004374 0.438152 0.000168
0.019350 0.167461 0.236206 0.134301 0.004373 0.438134 0.000176
0.019507 0.166647 0.235902 0.133672 0.004361 0.439751 0.000159
0.019537 0.166243 0.235454 0.133494 0.004408 0.440692 0.000172
0.019835 0.165209 0.235249 0.133567 0.004380 0.441592 0.000168
0.019727 0.165322 0.234894 0.133136 0.004368 0.442385 0.000169
0.019762 0.164913 0.234800 0.133006 0.004457 0.442888 0.000175
0.019438 0.164612 0.234521 0.132916 0.004435 0.443904 0.000173
0.019651 0.163803 0.234877 0.133032 0.004416 0.444046 0.000176
0.019880 0.162979 0.233964 0.132727 0.004428 0.445856 0.000167
0.019664 0.162627 0.233895 0.132774 0.004458 0.446408 0.000175
0.020251 0.162376 0.232915 0.132466 0.004393 0.447430 0.000170
0.020128 0.161780 0.233192 0.132240 0.004402 0.448087 0.000171
0.019770 0.160812 0.232550 0.131977 0.004412 0.450303 0.000176
0.020215 0.162625 0.232656 0.131810 0.004423 0.448094 0.000178
0.020010 0.160976 0.232084 0.132236 0.004456 0.450064 0.000175
0.020025 0.160843 0.232091 0.131723 0.004446 0.450694 0.000177
0.020277 0.159832 0.231572 0.131480 0.004458 0.452208 0.000173
0.020326 0.159585 0.231626 0.131512 0.004470 0.452311 0.000170
0.020260 0.158851 0.231319 0.131470 0.004496 0.453431 0.000173
0.020051 0.158926 0.230587 0.131498 0.004462 0.454295 0.000181
0.019907 0.158740 0.230734 0.131030 0.004547 0.454867 0.000175
0.020240 0.158053 0.230259 0.130730 0.004490 0.456050 0.000179
0.020377 0.157275 0.230353 0.130689 0.004557 0.456573 0.000176
0.020213 0.157616 0.229826 0.130654 0.004460 0.457054 0.000177
0.020022 0.156814 0.229584 0.130296 0.004498 0.458611 0.000175
0.020156 0.156575 0.229268 0.130251 0.004546 0.459024 0.000179
0.020598 0.155126 0.229159 0.130034 0.004513 0.460387 0.000183
0.020764 0.155015 0.228611 0.130177 0.004548 0.460710 0.000176
0.020629 0.154874 0.228468 0.129562 0.004525 0.461759 0.000182
0.020771 0.154500 0.228141 0.129547 0.004509 0.462357 0.000175
0.020657 0.154069 0.228241 0.129737 0.004532 0.462587 0.000177
0.020724 0.154495 0.228044 0.129400 0.004541 0.462612 0.000184
0.020619 0.152791 0.227554 0.129239 0.004579 0.465039 0.000179
0.020675 0.152351 0.227603 0.129141 0.004586 0.465476 0.000168
0.020514 0.152087 0.226797 0.128953 0.004604 0.466855 0.000190
0.020736 0.151493 0.226556 0.128655 0.004602 0.467782 0.000177
0.020562 0.151234 0.226005 0.128571 0.004602 0.468841 0.000184
0.020784 0.151952 0.226104 0.128215 0.004551 0.468218 0.000176
0.020790 0.151591 0.226312 0.128233 0.004589 0.468306 0.000179
0.020851 0.149044 0.225128 0.127849 0.004627 0.472311 0.000191
0.020963 0.149529 0.225197 0.127867 0.004618 0.471643 0.000183
0.021024 0.149735 0.225157 0.127799 0.004632 0.471471 0.000182
0.020937 0.148939 0.224518 0.127637 0.004600 0.473191 0.000178
0.021134 0.149625 0.224702 0.127575 0.004583 0.472197 0.000184
0.021041 0.148768 0.224509 0.127319 0.004635 0.473540 0.000188
0.021146 0.147841 0.223680 0.127271 0.004620 0.475242 0.000200
0.021262 0.147760 0.223575 0.126630 0.004682 0.475901 0.000190
0.021280 0.147863 0.223632 0.127168 0.004664 0.475202 0.000192
0.021415 0.147687 0.223266 0.126563 0.004653 0.476213 0.000204
0.021076 0.147056 0.222786 0.126392 0.004632 0.477863 0.000196
0.021252 0.146662 0.222594 0.126252 0.004635 0.478413 0.000192
0.021650 0.146466 0.222633 0.125857 0.004687 0.478514 0.000194
0.021208 0.145405 0.222132 0.125985 0.004688 0.480382 0.000200
0.021550 0.145344 0.221737 0.125630 0.004648 0.480893 0.000199
0.021186 0.145021 0.221910 0.125734 0.004690 0.481257 0.000201
0.021844 0.144065 0.221181 0.125906 0.004683 0.482121 0.000200
0.021646 0.144423 0.220887 0.125499 0.004625 0.482719 0.000201
0.021537 0.142858 0.220713 0.125019 0.004668 0.485012 0.000193
0.021535 0.143570 0.220810 0.125129 0.004658 0.484103 0.000194
0.021895 0.142920 0.219895 0.125084 0.004678 0.485328 0.000201
0.021749 0.142162 0.219885 0.124681 0.004725 0.486601 0.000196
0.021992 0.141800 0.219662 0.124739 0.004656 0.486952 0.000201
