0.999119 0.000847 0.000019 0.000015 0.000000 0.000000 0.000000
0.998688 0.001264 0.000028 0.000003 0.000001 0.000015 0.000000
0.998252 0.001686 0.000034 0.000010 0.000000 0.000017 0.000000
0.997781 0.002152 0.000038 0.000011 0.000000 0.000018 0.000000
0.997293 0.002631 0.000045 0.000013 0.000000 0.000018 0.000000
0.996834 0.003084 0.000046 0.000016 0.000000 0.000020 0.000000
0.996188 0.003726 0.000048 0.000020 0.000000 0.000019 0.000000
0.995610 0.004290 0.000059 0.000020 0.000000 0.000020 0.000000
0.994898 0.004985 0.000071 0.000027 0.000000 0.000019 0.000000
0.993541 0.006336 0.000076 0.000030 0.000000 0.000017 0.000000
0.992245 0.007605 0.000094 0.000041 0.000000 0.000016 0.000000
0.991124 0.008719 0.000098 0.000045 0.000000 0.000014 0.000000
0.989104 0.010688 0.000129 0.000066 0.000000 0.000013 0.000000
0.987166 0.012602 0.000154 0.000067 0.000000 0.000011 0.000000
0.984278 0.015465 0.000165 0.000081 0.000000 0.000010 0.000000
0.980706 0.018945 0.000225 0.000115 0.000000 0.000008 0.000000
0.976565 0.023019 0.000264 0.000144 0.000000 0.000008 0.000000
0.973084 0.026387 0.000357 0.000163 0.000000 0.000009 0.000000
0.966853 0.032560 0.000388 0.000191 0.000000 0.000008 0.000000
0.961299 0.037999 0.000475 0.000219 0.000000 0.000009 0.000000
0.954431 0.044731 0.000571 0.000255 0.000000 0.000012 0.000000
0.946534 0.052469 0.000690 0.000294 0.000000 0.000012 0.000000
0.938674 0.060117 0.000816 0.000374 0.000000 0.000019 0.000000
0.928501 0.070046 0.000999 0.000436 0.000000 0.000018 0.000000
0.918727 0.079516 0.001180 0.000558 0.000000 0.000020 0.000000
0.907670 0.090290 0.001374 0.000640 0.000001 0.000025 0.000000
0.896130 0.101505 0.001570 0.000761 0.000003 0.000031 0.000000
0.884632 0.112707 0.001742 0.000879 0.000002 0.000038 0.000000
0.871239 0.125696 0.002006 0.001017 0.000003 0.000039 0.000000
0.857070 0.139453 0.002259 0.001169 0.000003 0.000047 0.000000
0.843397 0.152716 0.002497 0.001335 0.000003 0.000052 0.000000
0.830663 0.165031 0.002744 0.001501 0.000002 0.000059 0.000000
0.814966 0.180157 0.003081 0.001723 0.000002 0.000072 0.000000
0.800179 0.194432 0.003410 0.001890 0.000002 0.000087 0.000000
0.786023 0.208057 0.003740 0.002086 0.000002 0.000092 0.000000
0.771266 0.222193 0.004095 0.002341 0.000002 0.000103 0.000000
0.754575 0.238242 0.004504 0.002563 0.000002 0.000114 0.000000
0.739467 0.252663 0.004904 0.002819 0.000002 0.000145 0.000000
0.723994 0.267421 0.005349 0.003078 0.000004 0.000154 0.000000
0.709591 0.281114 0.005799 0.003322 0.000004 0.000170 0.000000
0.696546 0.293430 0.006240 0.003592 0.000004 0.000188 0.000000
0.681529 0.307713 0.006669 0.003888 0.000005 0.000196 0.000000
0.664449 0.323794 0.007316 0.004210 0.000005 0.000226 0.000000
0.652850 0.334673 0.007770 0.004453 0.000006 0.000248 0.000000
0.639891 0.346776 0.008306 0.004751 0.000006 0.000270 0.000000
0.625628 0.360110 0.008881 0.005078 0.000005 0.000297 0.000000
0.612634 0.372194 0.009442 0.005406 0.000006 0.000318 0.000000
0.599646 0.384160 0.010064 0.005775 0.000009 0.000345 0.000000
0.587068 0.395749 0.010674 0.006109 0.000008 0.000391 0.000000
0.576502 0.405426 0.011202 0.006438 0.000009 0.000424 0.000000
0.566521 0.414561 0.011697 0.006756 0.000010 0.000455 0.000000
0.553136 0.426713 0.012462 0.007176 0.000011 0.000502 0.000000
0.542683 0.436240 0.013026 0.007510 0.000011 0.000531 0.000000
0.531238 0.446559 0.013718 0.007903 0.000012 0.000570 0.000000
0.518597 0.457911 0.014492 0.008368 0.000012 0.000621 0.000000
0.513250 0.462532 0.014899 0.008653 0.000011 0.000654 0.000000
0.503135 0.471644 0.015511 0.008994 0.000012 0.000704 0.000000
0.493337 0.480168 0.016284 0.009434 0.000012 0.000765 0.000000
0.485451 0.487121 0.016858 0.009771 0.000012 0.000786 0.000000
0.474041 0.496957 0.017757 0.010384 0.000012 0.000848 0.000000
0.464161 0.505492 0.018597 0.010828 0.000013 0.000909 0.000000
0.455268 0.513052 0.019443 0.011259 0.000013 0.000967 0.000000
0.448232 0.518822 0.020240 0.011641 0.000016 0.001049 0.000000
0.438599 0.527093 0.021068 0.012124 0.000017 0.001099 0.000000
0.428508 0.535601 0.022025 0.012657 0.000017 0.001192 0.000000
0.422502 0.540427 0.022743 0.013072 0.000018 0.001237 0.000000
0.411417 0.549660 0.023865 0.013702 0.000020 0.001335 0.000000
0.403590 0.556153 0.024711 0.014122 0.000021 0.001403 0.000000
0.392302 0.565819 0.025726 0.014642 0.000024 0.001487 0.000000
0.384078 0.572568 0.026585 0.015150 0.000022 0.001598 0.000000
0.377555 0.577782 0.027361 0.015595 0.000024 0.001684 0.000000
0.368670 0.584979 0.028397 0.016142 0.000025 0.001788 0.000000
0.357501 0.594102 0.029700 0.016764 0.000023 0.001910 0.000000
0.347350 0.602393 0.030784 0.017419 0.000023 0.002032 0.000000
0.338862 0.609186 0.031787 0.017980 0.000027 0.002158 0.000000
0.327686 0.618143 0.033148 0.018705 0.000029 0.002289 0.000000
0.320838 0.623333 0.034100 0.019280 0.000030 0.002419 0.000000
0.309999 0.631899 0.035458 0.020031 0.000036 0.002578 0.000000
0.300470 0.639236 0.036714 0.020805 0.000038 0.002737 0.000000
0.287696 0.649154 0.038421 0.021769 0.000039 0.002921 0.000000
0.278751 0.655777 0.039800 0.022564 0.000040 0.003069 0.000000
0.271937 0.660770 0.040889 0.023158 0.000041 0.003205 0.000000
0.261056 0.668789 0.042529 0.024126 0.000044 0.003456 0.000000
0.251604 0.675465 0.044187 0.025054 0.000049 0.003641 0.000000
0.243024 0.681493 0.045697 0.025866 0.000052 0.003868 0.000000
0.234919 0.687035 0.047166 0.026745 0.000057 0.004078 0.000000
0.227018 0.692205 0.048766 0.027646 0.000062 0.004303 0.000000
0.218086 0.698249 0.050441 0.028621 0.000060 0.004545 0.000000
0.209243 0.703905 0.052235 0.029737 0.000065 0.004815 0.000000
0.204709 0.705778 0.053716 0.030648 0.000066 0.005083 0.000000
0.197680 0.709916 0.055479 0.031540 0.000067 0.005318 0.000000
0.195304 0.710163 0.056718 0.032187 0.000071 0.005556 0.000000
0.191329 0.711676 0.058131 0.032997 0.000075 0.005792 0.000000
0.184466 0.714998 0.060208 0.034095 0.000074 0.006158 0.000000
0.180309 0.716437 0.061828 0.034961 0.000079 0.006386 0.000000
0.174837 0.719075 0.063342 0.035941 0.000087 0.006718 0.000000
0.171512 0.720001 0.064778 0.036694 0.000087 0.006927 0.000000
0.166925 0.720807 0.066960 0.037947 0.000084 0.007277 0.000000
0.166566 0.720231 0.067475 0.038224 0.000088 0.007417 0.000000
0.158771 0.723045 0.070303 0.039824 0.000093 0.007964 0.000000
0.159095 0.720984 0.071258 0.040371 0.000098 0.008193 0.000000
0.156676 0.721529 0.072395 0.040911 0.000100 0.008389 0.000000
0.156627 0.718845 0.073911 0.041766 0.000103 0.008747 0.000000
0.148560 0.722322 0.076461 0.043237 0.000111 0.009309 0.000000
0.147603 0.721965 0.077241 0.043601 0.000112 0.009478 0.000000
0.146508 0.721067 0.078398 0.044191 0.000118 0.009717 0.000000
0.143430 0.720682 0.080253 0.045314 0.000124 0.010196 0.000000
0.141257 0.720178 0.081732 0.046157 0.000128 0.010548 0.000000
0.138276 0.719901 0.083525 0.047177 0.000128 0.010992 0.000000
0.138406 0.717360 0.084839 0.047913 0.000135 0.011348 0.000000
0.133738 0.718881 0.086485 0.048953 0.000134 0.011808 0.000000
0.133833 0.718177 0.086769 0.049151 0.000138 0.011933 0.000000
0.129380 0.718438 0.089081 0.050385 0.000138 0.012578 0.000000
0.124846 0.719841 0.090734 0.051527 0.000141 0.012911 0.000000
0.131665 0.712480 0.090983 0.051569 0.000154 0.013150 0.000000
0.125136 0.714883 0.093327 0.052834 0.000158 0.013662 0.000000
0.125350 0.712712 0.094311 0.053449 0.000160 0.014018 0.000000
0.122749 0.712114 0.095990 0.054410 0.000170 0.014567 0.000000
0.120913 0.713151 0.096444 0.054586 0.000171 0.014734 0.000000
0.120268 0.709520 0.098724 0.055918 0.000171 0.015398 0.000000
0.118852 0.707513 0.100372 0.057056 0.000174 0.016034 0.000000
0.109888 0.712419 0.102783 0.058131 0.000185 0.016594 0.000000
0.111816 0.709072 0.103370 0.058613 0.000187 0.016943 0.000000
0.112445 0.707102 0.104023 0.059039 0.000188 0.017204 0.000000
0.111891 0.704850 0.105330 0.059972 0.000199 0.017757 0.000000
0.109543 0.703714 0.107345 0.060917 0.000203 0.018278 0.000000
0.109204 0.703116 0.107925 0.061122 0.000203 0.018430 0.000000
0.105273 0.702124 0.110304 0.062711 0.000216 0.019372 0.000000
0.112600 0.695974 0.109672 0.062195 0.000224 0.019334 0.000000
0.104050 0.699388 0.112542 0.063811 0.000228 0.019981 0.000000
0.103552 0.697253 0.113852 0.064575 0.000237 0.020530 0.000000
0.103088 0.696403 0.114495 0.064862 0.000231 0.020921 0.000000
0.097024 0.696847 0.117203 0.066714 0.000248 0.021964 0.000000
0.095484 0.695895 0.118647 0.067401 0.000251 0.022323 0.000000
0.100986 0.690134 0.118489 0.067527 0.000249 0.022615 0.000001
0.101010 0.689642 0.118781 0.067630 0.000249 0.022687 0.000001
0.096660 0.688075 0.121973 0.069263 0.000270 0.023758 0.000001
0.092345 0.690001 0.123146 0.070043 0.000273 0.024191 0.000001
0.094074 0.686934 0.123584 0.070488 0.000278 0.024641 0.000001
0.088443 0.687810 0.126085 0.071871 0.000288 0.025501 0.000001
0.086646 0.686599 0.127700 0.072673 0.000295 0.026087 0.000002
0.084169 0.685806 0.129292 0.073656 0.000309 0.026766 0.000001
0.079875 0.686979 0.130769 0.074638 0.000308 0.027429 0.000001
0.081590 0.683683 0.131422 0.075118 0.000317 0.027868 0.000001
0.073090 0.685685 0.134870 0.077106 0.000323 0.028925 0.000002
0.072839 0.684138 0.135788 0.077469 0.000342 0.029423 0.000001
0.074769 0.682745 0.135476 0.077172 0.000325 0.029511 0.000002
0.064923 0.683680 0.140015 0.079993 0.000347 0.031041 0.000002
0.064984 0.683467 0.139981 0.079999 0.000354 0.031214 0.000002
0.064394 0.679759 0.142230 0.081072 0.000362 0.032182 0.000001
0.059600 0.681012 0.144073 0.082165 0.000369 0.032779 0.000002
0.058367 0.680330 0.144750 0.082871 0.000377 0.033304 0.000002
0.053374 0.679616 0.148031 0.084275 0.000390 0.034312 0.000002
0.055067 0.676421 0.148457 0.084713 0.000406 0.034934 0.000002
0.058456 0.672567 0.148429 0.084890 0.000407 0.035250 0.000002
0.058112 0.670202 0.149789 0.085647 0.000415 0.035834 0.000001
0.059802 0.666068 0.151127 0.086049 0.000419 0.036534 0.000002
0.058342 0.665527 0.151842 0.086801 0.000419 0.037068 0.000002
0.064631 0.658166 0.152210 0.086917 0.000435 0.037640 0.000001
0.058177 0.658899 0.155158 0.088609 0.000453 0.038704 0.000001
0.056475 0.657548 0.156583 0.089530 0.000469 0.039394 0.000002
0.059727 0.653437 0.156894 0.089604 0.000475 0.039861 0.000002
0.062728 0.650261 0.156640 0.089648 0.000476 0.040244 0.000003
0.057690 0.651229 0.158876 0.090740 0.000484 0.040978 0.000002
0.057669 0.649859 0.159315 0.091170 0.000474 0.041511 0.000002
0.054869 0.648479 0.161275 0.092203 0.000508 0.042663 0.000002
0.057420 0.643019 0.162430 0.093006 0.000505 0.043618 0.000002
0.052995 0.645471 0.163308 0.093645 0.000508 0.044071 0.000002
0.050735 0.642717 0.165824 0.094945 0.000517 0.045262 0.000001
0.049714 0.642179 0.166564 0.095355 0.000531 0.045654 0.000003
0.048670 0.640074 0.167919 0.096076 0.000542 0.046716 0.000003
0.045672 0.639531 0.169637 0.097089 0.000546 0.047524 0.000001
0.044939 0.637812 0.170837 0.097725 0.000570 0.048116 0.000002
0.050911 0.632014 0.170390 0.097608 0.000578 0.048497 0.000001
0.056631 0.627021 0.169839 0.097228 0.000567 0.048712 0.000001
0.054277 0.624840 0.171928 0.098372 0.000589 0.049992 0.000002
0.059074 0.620667 0.171633 0.097892 0.000576 0.050156 0.000002
0.053707 0.620405 0.174124 0.099528 0.000590 0.051645 0.000001
0.053340 0.619035 0.174942 0.099979 0.000610 0.052091 0.000002
0.056105 0.614663 0.175585 0.100114 0.000629 0.052903 0.000001
0.052575 0.615118 0.176715 0.101184 0.000645 0.053761 0.000002
0.053034 0.612138 0.178011 0.101597 0.000644 0.054574 0.000001
0.056014 0.608815 0.178166 0.101430 0.000654 0.054919 0.000002
0.051521 0.608842 0.180209 0.102950 0.000668 0.055808 0.000002
0.049095 0.608845 0.180958 0.103401 0.000681 0.057019 0.000002
0.053345 0.604770 0.180736 0.103306 0.000672 0.057170 0.000001
0.045524 0.606473 0.183607 0.104933 0.000683 0.058777 0.000002
0.046113 0.604490 0.184065 0.105109 0.000687 0.059534 0.000002
0.045064 0.603146 0.185216 0.105671 0.000687 0.060215 0.000002
0.043403 0.601159 0.186601 0.106599 0.000714 0.061523 0.000001
0.041335 0.600845 0.187690 0.107191 0.000713 0.062223 0.000002
0.041124 0.600188 0.187945 0.107397 0.000744 0.062599 0.000003
0.036940 0.598808 0.190692 0.108761 0.000767 0.064030 0.000002
0.035619 0.595727 0.192576 0.109786 0.000774 0.065515 0.000003
0.033991 0.595609 0.193257 0.110349 0.000777 0.066013 0.000004
0.034794 0.594935 0.192978 0.110075 0.000777 0.066437 0.000004
0.037908 0.589854 0.193974 0.110400 0.000794 0.067065 0.000006
0.036985 0.586490 0.195666 0.111601 0.000794 0.068458 0.000006
0.040596 0.582600 0.195385 0.111617 0.000818 0.068979 0.000005
0.038132 0.583044 0.196408 0.112009 0.000797 0.069605 0.000005
0.040493 0.581357 0.195563 0.111999 0.000826 0.069755 0.000007
0.036985 0.576285 0.199497 0.114111 0.000847 0.072269 0.000007
0.041043 0.576255 0.197589 0.112896 0.000837 0.071375 0.000006
0.038547 0.575349 0.198860 0.113647 0.000850 0.072740 0.000006
0.037870 0.572843 0.200296 0.114371 0.000861 0.073752 0.000006
0.036681 0.569546 0.202370 0.115393 0.000885 0.075117 0.000007
0.034991 0.570270 0.202470 0.115693 0.000877 0.075693 0.000006
0.036444 0.567949 0.202836 0.115477 0.000910 0.076377 0.000008
0.037983 0.565071 0.203092 0.115758 0.000915 0.077174 0.000007
0.031057 0.566069 0.205685 0.117492 0.000938 0.078749 0.000009
0.031884 0.563338 0.206762 0.117580 0.000932 0.079495 0.000009
0.032425 0.560870 0.207006 0.118292 0.000974 0.080424 0.000010
0.028865 0.561132 0.208566 0.119116 0.000975 0.081339 0.000008
0.029087 0.558237 0.209409 0.119546 0.000985 0.082728 0.000009
0.026476 0.556682 0.211360 0.120608 0.000985 0.083881 0.000009
0.032932 0.551880 0.210164 0.119931 0.000984 0.084100 0.000009
0.034036 0.549741 0.210670 0.119953 0.000981 0.084610 0.000009
0.037517 0.545734 0.210645 0.120103 0.000980 0.085011 0.000010
0.035794 0.543355 0.212151 0.121010 0.000990 0.086691 0.000009
0.038020 0.541719 0.211771 0.120540 0.001005 0.086935 0.000010
0.037415 0.538927 0.213149 0.121358 0.001003 0.088137 0.000011
0.042799 0.536372 0.211397 0.120430 0.001032 0.087960 0.000010
0.041826 0.532343 0.213628 0.121478 0.001054 0.089660 0.000011
0.040719 0.532324 0.213820 0.121738 0.001053 0.090335 0.000012
0.040030 0.530533 0.214807 0.122306 0.001060 0.091254 0.000010
0.045850 0.525627 0.213826 0.121949 0.001065 0.091667 0.000015
0.043285 0.526300 0.214754 0.122273 0.001094 0.092281 0.000014
0.043074 0.524584 0.215399 0.122579 0.001098 0.093255 0.000012
0.041090 0.523515 0.216455 0.123351 0.001127 0.094449 0.000012
0.047722 0.520770 0.214466 0.122038 0.001132 0.093860 0.000012
0.051735 0.514848 0.214822 0.122230 0.001140 0.095211 0.000013
0.046663 0.515259 0.217038 0.123361 0.001131 0.096535 0.000013
0.050570 0.515392 0.214673 0.122287 0.001140 0.095925 0.000013
0.049409 0.513398 0.215915 0.123075 0.001140 0.097049 0.000013
0.049620 0.510702 0.216487 0.123419 0.001188 0.098571 0.000015
0.043884 0.511104 0.218962 0.124757 0.001188 0.100091 0.000013
0.042351 0.510532 0.219778 0.125278 0.001196 0.100850 0.000014
0.044845 0.508397 0.219367 0.124901 0.001201 0.101278 0.000013
0.041376 0.508516 0.220519 0.125774 0.001218 0.102581 0.000016
0.038969 0.508382 0.221846 0.126157 0.001236 0.103397 0.000014
0.041439 0.506112 0.221398 0.125781 0.001237 0.104020 0.000013
0.038758 0.505510 0.222618 0.126677 0.001229 0.105192 0.000015
0.034394 0.505220 0.224434 0.127777 0.001262 0.106896 0.000015
0.033054 0.502335 0.226432 0.128396 0.001282 0.108486 0.000015
0.036131 0.501957 0.224810 0.127833 0.001263 0.107991 0.000015
0.042948 0.497049 0.223545 0.127208 0.001266 0.107971 0.000014
0.039519 0.494733 0.225816 0.128332 0.001292 0.110294 0.000014
0.034512 0.494382 0.227946 0.129894 0.001320 0.111934 0.000013
0.039322 0.492716 0.226072 0.128713 0.001339 0.111824 0.000015
0.037083 0.489178 0.228216 0.130087 0.001345 0.114077 0.000014
0.038450 0.488835 0.227731 0.129536 0.001332 0.114102 0.000014
0.036656 0.487286 0.229033 0.130363 0.001332 0.115315 0.000015
0.036604 0.487132 0.228789 0.130162 0.001350 0.115947 0.000017
0.037074 0.486219 0.228662 0.130277 0.001367 0.116387 0.000014
0.033200 0.482042 0.231806 0.132053 0.001408 0.119479 0.000011
0.033354 0.481803 0.231699 0.132140 0.001384 0.119606 0.000013
0.033777 0.481572 0.231526 0.131712 0.001402 0.119997 0.000014
0.031529 0.481261 0.232154 0.132280 0.001408 0.121351 0.000016
0.027840 0.477744 0.235342 0.133826 0.001444 0.123785 0.000018
0.027205 0.476260 0.235974 0.134027 0.001479 0.125039 0.000016
0.028455 0.475451 0.235357 0.133954 0.001447 0.125319 0.000017
0.025987 0.474307 0.236697 0.134711 0.001475 0.126808 0.000015
0.025157 0.474303 0.236811 0.134820 0.001510 0.127384 0.000015
0.026985 0.473730 0.235974 0.134133 0.001467 0.127693 0.000017
0.022921 0.470828 0.238833 0.136001 0.001507 0.129897 0.000012
0.023347 0.470812 0.238360 0.135471 0.001533 0.130463 0.000014
0.024233 0.467611 0.238820 0.135926 0.001551 0.131844 0.000015
0.023592 0.467161 0.239153 0.136152 0.001546 0.132381 0.000015
0.020060 0.465309 0.241365 0.137385 0.001534 0.134333 0.000014
0.020437 0.462756 0.241909 0.137715 0.001582 0.135587 0.000013
0.019583 0.460956 0.242882 0.138352 0.001558 0.136652 0.000016
0.020052 0.459612 0.242823 0.138197 0.001585 0.137714 0.000017
0.018698 0.456642 0.244292 0.139181 0.001611 0.139562 0.000016
0.019137 0.456832 0.244022 0.138756 0.001608 0.139628 0.000017
0.018767 0.454577 0.244770 0.139549 0.001603 0.140717 0.000016
0.018655 0.453217 0.245102 0.139625 0.001633 0.141750 0.000018
0.017755 0.450092 0.246484 0.140499 0.001683 0.143468 0.000019
0.017042 0.447194 0.247686 0.141224 0.001663 0.145171 0.000020
0.017381 0.445781 0.247963 0.141011 0.001702 0.146144 0.000018
0.017297 0.444797 0.247960 0.141256 0.001699 0.146971 0.000020
0.016792 0.444034 0.248119 0.141659 0.001708 0.147670 0.000019
0.017310 0.441525 0.248426 0.141658 0.001710 0.149351 0.000020
0.017020 0.442084 0.248672 0.141499 0.001726 0.148976 0.000024
0.017010 0.441568 0.248286 0.141635 0.001697 0.149775 0.000030
0.016282 0.437551 0.249685 0.142431 0.001744 0.152282 0.000024
0.016389 0.434866 0.250566 0.142721 0.001764 0.153668 0.000024
0.015695 0.433079 0.251144 0.143701 0.001769 0.154588 0.000023
0.015688 0.431939 0.251424 0.143470 0.001771 0.155684 0.000025
0.016055 0.431344 0.251326 0.143258 0.001797 0.156195 0.000025
0.015551 0.428300 0.252588 0.143815 0.001797 0.157925 0.000025
0.015454 0.426285 0.252864 0.144278 0.001827 0.159266 0.000026
0.015376 0.424692 0.253418 0.144433 0.001837 0.160217 0.000027
0.015293 0.423233 0.253894 0.144246 0.001825 0.161479 0.000030
0.015331 0.422415 0.253745 0.144593 0.001845 0.162043 0.000027
0.015370 0.422135 0.253833 0.144365 0.001865 0.162405 0.000026
0.015074 0.418185 0.254921 0.144973 0.001886 0.164929 0.000031
0.014852 0.416573 0.255310 0.145565 0.001877 0.165793 0.000029
0.015196 0.415877 0.255085 0.145268 0.001942 0.166606 0.000026
0.015169 0.414376 0.255515 0.145223 0.001917 0.167776 0.000025
0.015323 0.414801 0.254696 0.145442 0.001919 0.167791 0.000028
0.014662 0.410254 0.256683 0.146237 0.001919 0.170216 0.000029
0.014950 0.408869 0.256744 0.146299 0.001939 0.171170 0.000029
0.015110 0.407785 0.256742 0.146222 0.001966 0.172147 0.000027
0.014959 0.408031 0.256770 0.146014 0.001961 0.172237 0.000028
0.015013 0.405851 0.256914 0.146425 0.002000 0.173771 0.000027
0.014704 0.403553 0.257927 0.146738 0.002015 0.175034 0.000028
0.014997 0.402909 0.257526 0.146918 0.002034 0.175583 0.000033
0.014607 0.400963 0.258546 0.146910 0.002043 0.176901 0.000030
0.014594 0.398850 0.258930 0.146917 0.002041 0.178637 0.000032
0.014565 0.398448 0.258750 0.147028 0.002047 0.179129 0.000033
0.014583 0.395005 0.259684 0.147566 0.002080 0.181046 0.000036
0.014777 0.395832 0.259011 0.147044 0.002078 0.181224 0.000036
0.014155 0.391242 0.260712 0.147993 0.002063 0.183798 0.000037
0.014608 0.391337 0.260222 0.147801 0.002064 0.183936 0.000032
0.014611 0.391652 0.259681 0.147970 0.002080 0.183969 0.000038
0.014567 0.388430 0.260493 0.148312 0.002114 0.186045 0.000040
0.014321 0.386698 0.260856 0.148568 0.002137 0.187385 0.000035
0.014375 0.386036 0.260749 0.148327 0.002154 0.188321 0.000038
0.014274 0.384021 0.261481 0.148708 0.002129 0.189348 0.000040
0.014602 0.382014 0.261624 0.148922 0.002155 0.190642 0.000041
0.014301 0.381170 0.261873 0.149009 0.002154 0.191454 0.000040
0.014355 0.379605 0.262085 0.148814 0.002193 0.192909 0.000038
0.014384 0.379087 0.261972 0.149051 0.002202 0.193266 0.000038
0.014276 0.376490 0.262330 0.149246 0.002222 0.195400 0.000036
0.014323 0.375730 0.262782 0.149380 0.002202 0.195541 0.000042
0.014439 0.375501 0.262340 0.149047 0.002224 0.196407 0.000041
0.014445 0.373500 0.262669 0.149398 0.002250 0.197694 0.000043
0.014505 0.372626 0.263086 0.149263 0.002248 0.198229 0.000043
0.014195 0.370242 0.263278 0.149623 0.002290 0.200334 0.000038
0.014226 0.370428 0.263041 0.149532 0.002261 0.200474 0.000038
0.014174 0.366351 0.264076 0.150103 0.002291 0.202967 0.000038
0.014130 0.365805 0.263997 0.150035 0.002277 0.203717 0.000040
0.014232 0.366029 0.263664 0.149901 0.002314 0.203813 0.000046
0.014327 0.363666 0.264177 0.150184 0.002320 0.205278 0.000047
0.014425 0.363352 0.264219 0.149851 0.002310 0.205802 0.000041
0.014002 0.359038 0.265172 0.150753 0.002372 0.208620 0.000044
0.014282 0.360774 0.264373 0.150222 0.002335 0.207971 0.000042
0.014125 0.357028 0.265242 0.150625 0.002348 0.210593 0.000039
0.014264 0.357070 0.264879 0.150215 0.002383 0.211139 0.000049
0.014182 0.355613 0.265472 0.150626 0.002398 0.211665 0.000044
0.014307 0.353965 0.265253 0.150664 0.002404 0.213364 0.000044
0.014324 0.353560 0.265146 0.150658 0.002425 0.213841 0.000045
0.014161 0.352224 0.265567 0.150801 0.002403 0.214799 0.000045
0.014087 0.351012 0.265602 0.150899 0.002391 0.215963 0.000045
0.014091 0.347589 0.266181 0.150970 0.002456 0.218668 0.000045
0.014391 0.348770 0.265502 0.150939 0.002438 0.217917 0.000043
0.014099 0.346940 0.265709 0.150840 0.002468 0.219904 0.000041
0.014202 0.345067 0.266201 0.151423 0.002472 0.220587 0.000048
0.014320 0.346857 0.265421 0.150774 0.002468 0.220105 0.000055
0.014264 0.342603 0.266116 0.151362 0.002501 0.223112 0.000042
0.014286 0.342303 0.266014 0.151132 0.002521 0.223694 0.000049
0.014018 0.340919 0.266624 0.151205 0.002475 0.224708 0.000050
0.014165 0.339455 0.266268 0.151425 0.002534 0.226114 0.000040
0.014076 0.339762 0.266229 0.151326 0.002536 0.226024 0.000047
0.014323 0.336318 0.266633 0.151428 0.002551 0.228701 0.000045
0.014529 0.337541 0.266142 0.151350 0.002585 0.227810 0.000043
0.014383 0.334611 0.266598 0.151365 0.002604 0.230391 0.000048
0.014418 0.335136 0.266605 0.151366 0.002572 0.229858 0.000045
0.014405 0.332768 0.266640 0.151383 0.002596 0.232158 0.000050
0.014289 0.332230 0.267000 0.151342 0.002569 0.232520 0.000050
0.014221 0.329244 0.267334 0.151739 0.002600 0.234815 0.000047
0.014301 0.327557 0.267385 0.151573 0.002668 0.236461 0.000055
0.014293 0.327668 0.267026 0.151739 0.002639 0.236589 0.000045
0.014410 0.325234 0.267221 0.151811 0.002691 0.238583 0.000050
0.014313 0.324488 0.267190 0.151754 0.002669 0.239535 0.000052
0.014412 0.324531 0.266513 0.151911 0.002662 0.239917 0.000054
0.014315 0.322077 0.267395 0.151967 0.002716 0.241478 0.000051
0.014361 0.322908 0.267044 0.151308 0.002699 0.241632 0.000049
0.014482 0.320171 0.267230 0.151873 0.002736 0.243452 0.000056
0.014622 0.320742 0.267295 0.151576 0.002713 0.243001 0.000050
0.014575 0.319252 0.267069 0.151708 0.002737 0.244604 0.000055
0.014396 0.318055 0.267356 0.151740 0.002741 0.245661 0.000051
0.014379 0.316791 0.267230 0.151661 0.002759 0.247125 0.000055
0.014630 0.315343 0.267444 0.151804 0.002795 0.247924 0.000060
0.014620 0.312801 0.267879 0.151754 0.002792 0.250097 0.000057
0.014650 0.312764 0.267809 0.151913 0.002777 0.250033 0.000054
0.014659 0.311254 0.267565 0.151661 0.002789 0.252013 0.000059
0.014422 0.309478 0.267516 0.151958 0.002770 0.253797 0.000060
0.014535 0.308733 0.267777 0.151734 0.002825 0.254342 0.000054
0.014750 0.307572 0.267799 0.151781 0.002804 0.255244 0.000051
0.014705 0.306230 0.267656 0.151848 0.002857 0.256648 0.000056
0.014760 0.306169 0.267923 0.151680 0.002818 0.256588 0.000060
0.014669 0.304384 0.267926 0.151905 0.002860 0.258199 0.000058
0.014549 0.304169 0.268034 0.151812 0.002872 0.258506 0.000058
0.014716 0.302531 0.267649 0.152023 0.002852 0.260169 0.000060
0.014472 0.301661 0.267851 0.151765 0.002930 0.261264 0.000057
0.014721 0.300693 0.267752 0.151714 0.002909 0.262153 0.000058
0.014724 0.300119 0.267731 0.151585 0.002904 0.262879 0.000058
0.015045 0.297843 0.267598 0.152012 0.002891 0.264548 0.000063
0.014747 0.298569 0.267413 0.151848 0.002896 0.264461 0.000066
0.014752 0.296967 0.267263 0.151546 0.002922 0.266486 0.000064
0.014705 0.295494 0.267739 0.151795 0.002910 0.267293 0.000064
0.014598 0.293467 0.267693 0.152022 0.002958 0.269204 0.000059
0.014708 0.292704 0.267985 0.151585 0.002930 0.270027 0.000061
0.014800 0.293433 0.267468 0.151770 0.002912 0.269560 0.000059
0.014860 0.290245 0.267718 0.151707 0.003025 0.272384 0.000060
0.014872 0.289645 0.267848 0.151782 0.002991 0.272798 0.000065
0.014969 0.289502 0.267686 0.151438 0.002947 0.273389 0.000070
0.015180 0.288669 0.267251 0.151592 0.002999 0.274244 0.000064
0.014739 0.286823 0.267614 0.151841 0.002998 0.275922 0.000062
0.014738 0.284184 0.267727 0.152010 0.003002 0.278274 0.000066
0.015128 0.285033 0.267389 0.151828 0.003007 0.277549 0.000066
0.014849 0.284632 0.267202 0.151908 0.002988 0.278352 0.000070
0.014983 0.282773 0.266912 0.151814 0.003091 0.280357 0.000069
0.015053 0.281163 0.267364 0.151468 0.003066 0.281816 0.000070
0.014890 0.281665 0.267168 0.151457 0.003027 0.281720 0.000073
0.014988 0.279222 0.266758 0.151637 0.003075 0.284255 0.000066
0.015057 0.279590 0.266910 0.151367 0.003068 0.283936 0.000072
0.015253 0.277791 0.267048 0.151346 0.003114 0.285374 0.000075
0.014868 0.277853 0.266947 0.151156 0.003129 0.285976 0.000072
0.014825 0.277280 0.266807 0.151352 0.003089 0.286575 0.000072
0.015157 0.275850 0.266740 0.151318 0.003072 0.287787 0.000075
0.015275 0.275690 0.266691 0.150976 0.003159 0.288139 0.000069
0.015138 0.272886 0.266879 0.151058 0.003142 0.290823 0.000075
0.015127 0.271728 0.266831 0.150926 0.003146 0.292176 0.000067
0.015369 0.271257 0.266772 0.150870 0.003125 0.292538 0.000069
0.015132 0.270050 0.266323 0.151163 0.003160 0.294093 0.000078
0.015279 0.270525 0.266369 0.151061 0.003216 0.293472 0.000078
0.015272 0.268827 0.266081 0.151079 0.003170 0.295495 0.000077
0.015541 0.266462 0.265843 0.151019 0.003180 0.297875 0.000079
0.015370 0.268069 0.265745 0.150826 0.003174 0.296738 0.000078
0.015179 0.264766 0.266114 0.150951 0.003220 0.299686 0.000085
0.015269 0.264988 0.266108 0.150598 0.003226 0.299730 0.000081
0.015563 0.263897 0.265740 0.150739 0.003203 0.300781 0.000077
0.015429 0.262943 0.265125 0.150683 0.003272 0.302469 0.000078
0.015349 0.262715 0.265415 0.150441 0.003228 0.302781 0.000070
0.015270 0.261871 0.265138 0.150376 0.003271 0.303998 0.000075
0.015349 0.259890 0.265048 0.150792 0.003283 0.305560 0.000078
0.015440 0.259133 0.265569 0.150190 0.003274 0.306316 0.000078
0.015544 0.257470 0.264900 0.150409 0.003292 0.308306 0.000079
0.015628 0.258155 0.264610 0.150328 0.003286 0.307909 0.000084
0.015452 0.257324 0.264745 0.150282 0.003335 0.308786 0.000075
0.015760 0.256160 0.264611 0.150132 0.003330 0.309926 0.000080
0.015637 0.254355 0.264207 0.150290 0.003358 0.312068 0.000085
0.015494 0.255033 0.264441 0.149944 0.003287 0.311714 0.000086
0.015613 0.253682 0.263897 0.149965 0.003364 0.313401 0.000078
0.015625 0.252273 0.264288 0.149637 0.003350 0.314738 0.000089
0.015819 0.252125 0.264045 0.149576 0.003357 0.314989 0.000089
0.015625 0.250902 0.263830 0.149800 0.003340 0.316418 0.000084
0.015876 0.251111 0.263552 0.149759 0.003346 0.316272 0.000084
0.025320 0.248662 0.260285 0.147704 0.003337 0.314604 0.000088
0.030869 0.247200 0.258077 0.146541 0.003376 0.313853 0.000085
0.033623 0.248575 0.257116 0.145692 0.003312 0.311597 0.000085
0.029940 0.247975 0.257738 0.146131 0.003373 0.314757 0.000086
0.033796 0.247106 0.256545 0.145068 0.003343 0.314062 0.000080
0.033425 0.247414 0.255822 0.145202 0.003379 0.314677 0.000081
0.033152 0.247234 0.255644 0.144866 0.003364 0.315653 0.000087
0.031965 0.247715 0.255957 0.144781 0.003349 0.316141 0.000092
0.028387 0.246517 0.256836 0.145493 0.003366 0.319313 0.000088
0.028689 0.246990 0.256039 0.144927 0.003455 0.319815 0.000086
0.026747 0.246039 0.256834 0.145595 0.003404 0.321291 0.000090
0.027635 0.246016 0.255794 0.145080 0.003460 0.321923 0.000093
0.025293 0.245879 0.256575 0.145621 0.003443 0.323093 0.000095
0.023706 0.243671 0.257061 0.145767 0.003427 0.326274 0.000094
0.023466 0.243136 0.256775 0.146260 0.003438 0.326832 0.000094
0.024027 0.243441 0.256358 0.145347 0.003470 0.327267 0.000090
0.022609 0.243342 0.256604 0.145681 0.003489 0.328186 0.000090
0.022466 0.243027 0.256672 0.145810 0.003469 0.328469 0.000088
0.020723 0.241190 0.257473 0.146140 0.003516 0.330864 0.000094
0.019474 0.238729 0.258026 0.146454 0.003445 0.333782 0.000091
0.020706 0.238946 0.256607 0.145696 0.003502 0.334443 0.000101
0.020017 0.237426 0.257445 0.146276 0.003523 0.335217 0.000097
0.020155 0.239323 0.256858 0.145470 0.003513 0.334587 0.000095
0.020604 0.239049 0.256173 0.145456 0.003504 0.335111 0.000102
0.018634 0.235716 0.257341 0.146521 0.003555 0.338142 0.000091
0.018839 0.235148 0.257454 0.146019 0.003588 0.338854 0.000098
0.019168 0.234770 0.256599 0.145965 0.003567 0.339834 0.000097
0.018916 0.233636 0.256802 0.146051 0.003606 0.340894 0.000094
0.018395 0.232935 0.257046 0.146166 0.003573 0.341784 0.000100
0.018518 0.231902 0.256846 0.145834 0.003574 0.343223 0.000105
0.018531 0.233196 0.256392 0.145619 0.003639 0.342527 0.000096
0.017842 0.229970 0.257439 0.146117 0.003613 0.344921 0.000098
0.017835 0.228859 0.257089 0.145943 0.003651 0.346529 0.000093
0.018389 0.230261 0.256052 0.145513 0.003653 0.346023 0.000108
0.017665 0.227295 0.256126 0.145927 0.003604 0.349274 0.000109
0.018499 0.228973 0.255465 0.144903 0.003683 0.348377 0.000100
0.017786 0.225362 0.255994 0.145685 0.003654 0.351414 0.000106
0.017075 0.221770 0.256821 0.145836 0.003659 0.354731 0.000108
0.017281 0.224176 0.256302 0.145485 0.003667 0.352980 0.000108
0.017529 0.223242 0.256000 0.145414 0.003676 0.354039 0.000100
0.017213 0.221381 0.256077 0.145711 0.003808 0.355699 0.000113
0.017601 0.222918 0.255447 0.144956 0.003668 0.355301 0.000109
0.017623 0.220858 0.255355 0.145191 0.003756 0.357108 0.000109
0.017655 0.221273 0.255513 0.145050 0.003742 0.356651 0.000115
0.017469 0.219889 0.254581 0.145004 0.003731 0.359215 0.000111
0.017065 0.217370 0.255590 0.145014 0.003754 0.361094 0.000113
0.017049 0.216392 0.255073 0.144884 0.003743 0.362743 0.000118
0.017466 0.216339 0.254751 0.144661 0.003725 0.362950 0.000108
0.017531 0.216004 0.254833 0.144633 0.003767 0.363116 0.000115
0.017538 0.215927 0.254179 0.144090 0.003781 0.364370 0.000115
0.017159 0.213589 0.254341 0.144512 0.003796 0.366488 0.000114
0.017592 0.213697 0.254019 0.143918 0.003792 0.366855 0.000126
0.017248 0.212288 0.253737 0.144138 0.003875 0.368599 0.000116
0.017730 0.212562 0.253226 0.143875 0.003740 0.368757 0.000112
0.017489 0.212281 0.253063 0.143920 0.003879 0.369252 0.000117
0.017275 0.210628 0.252771 0.143805 0.003915 0.371489 0.000117
0.017576 0.210447 0.252783 0.143762 0.003847 0.371467 0.000118
0.017594 0.211430 0.252608 0.143467 0.003845 0.370936 0.000119
0.017714 0.209077 0.252103 0.143129 0.003854 0.374010 0.000114
0.017411 0.207485 0.252730 0.143701 0.003894 0.374657 0.000122
0.017518 0.207708 0.252058 0.143358 0.003939 0.375298 0.000119
0.017644 0.206989 0.251334 0.143456 0.003845 0.376607 0.000124
0.017532 0.206733 0.251757 0.142871 0.003898 0.377078 0.000130
0.017331 0.205947 0.251404 0.142954 0.003885 0.378350 0.000129
0.017539 0.205264 0.251269 0.142757 0.003906 0.379136 0.000128
0.017695 0.203980 0.250999 0.142349 0.003918 0.380934 0.000124
0.017829 0.203098 0.250651 0.142696 0.003896 0.381704 0.000126
0.017543 0.203773 0.250561 0.142722 0.003879 0.381397 0.000125
0.017904 0.204750 0.250036 0.142462 0.003911 0.380808 0.000128
0.018039 0.201031 0.250315 0.142412 0.003990 0.384082 0.000130
0.017793 0.201015 0.249735 0.142208 0.004039 0.385080 0.000130
0.017943 0.200419 0.249410 0.142004 0.004001 0.386095 0.000128
0.017888 0.200341 0.249351 0.141923 0.004018 0.386348 0.000132
0.017800 0.200390 0.249115 0.141716 0.003951 0.386911 0.000117
0.017910 0.199109 0.249657 0.141541 0.004002 0.387648 0.000134
0.017732 0.197558 0.248939 0.141584 0.004041 0.390018 0.000127
0.018242 0.199603 0.247940 0.141198 0.003967 0.388913 0.000138
0.017945 0.195241 0.249091 0.141459 0.004063 0.392059 0.000142
0.017672 0.195423 0.248096 0.141231 0.004121 0.393321 0.000136
0.017941 0.195788 0.247940 0.141138 0.004047 0.393009 0.000137
0.018085 0.194307 0.247920 0.140801 0.004008 0.394737 0.000142
0.018244 0.194644 0.247512 0.140577 0.004089 0.394798 0.000138
0.018143 0.195710 0.247670 0.140658 0.004091 0.393600 0.000128
0.018069 0.194877 0.246426 0.140387 0.004029 0.396070 0.000143
0.018217 0.192581 0.247121 0.140252 0.004064 0.397620 0.000145
0.018365 0.191909 0.246614 0.140306 0.004077 0.398596 0.000132
0.018218 0.190654 0.246438 0.140138 0.004112 0.400292 0.000148
0.018219 0.191064 0.246625 0.140147 0.004130 0.399668 0.000147
0.018154 0.190697 0.246249 0.139979 0.004079 0.400695 0.000147
0.018321 0.190709 0.246123 0.139617 0.004029 0.401055 0.000146
0.018295 0.188446 0.245332 0.139408 0.004130 0.404242 0.000147
0.018725 0.189651 0.244968 0.139585 0.004058 0.402874 0.000138
0.018514 0.188279 0.245073 0.139700 0.004122 0.404168 0.000143
0.018227 0.188709 0.244825 0.139467 0.004171 0.404449 0.000152
0.018491 0.187395 0.244587 0.139145 0.004123 0.406104 0.000156
0.018516 0.186330 0.244439 0.139059 0.004117 0.407380 0.000158
0.018310 0.187024 0.243799 0.138987 0.004079 0.407659 0.000142
0.018885 0.185178 0.243701 0.138589 0.004109 0.409381 0.000157
0.018211 0.184550 0.243754 0.138870 0.004112 0.410355 0.000149
0.018332 0.184537 0.243558 0.138328 0.004155 0.410933 0.000156
0.018466 0.184291 0.243175 0.138028 0.004100 0.411774 0.000165
0.018674 0.183135 0.242911 0.138118 0.004145 0.412859 0.000157
0.018783 0.182649 0.242889 0.138026 0.004079 0.413424 0.000150
0.018657 0.182620 0.242669 0.137876 0.004089 0.413925 0.000164
0.018854 0.181028 0.242307 0.137791 0.004157 0.415712 0.000151
0.018734 0.183050 0.242253 0.137766 0.004120 0.413921 0.000155
0.018868 0.181290 0.241943 0.137427 0.004111 0.416201 0.000160
0.018533 0.179191 0.241494 0.137308 0.004163 0.419146 0.000165
0.018732 0.179335 0.241530 0.137215 0.004151 0.418872 0.000165
0.018749 0.178386 0.241475 0.137137 0.004181 0.419900 0.000172
0.018744 0.177177 0.241456 0.136974 0.004192 0.421296 0.000161
0.019014 0.176985 0.240330 0.136548 0.004217 0.422745 0.000163
0.018998 0.175210 0.240566 0.136633 0.004215 0.424217 0.000161
0.018970 0.175727 0.240333 0.136474 0.004187 0.424152 0.000156
0.019402 0.175848 0.239755 0.136085 0.004209 0.424530 0.000171
0.019033 0.176800 0.240107 0.136366 0.004163 0.423368 0.000164
0.019217 0.174493 0.239983 0.136250 0.004263 0.425637 0.000158
0.019371 0.175123 0.239252 0.136015 0.004221 0.425854 0.000164
0.019269 0.173771 0.238838 0.135883 0.004255 0.427822 0.000162
0.019553 0.173407 0.238596 0.135652 0.004256 0.428374 0.000162
0.019284 0.171893 0.238719 0.135604 0.004281 0.430051 0.000168
0.019496 0.172513 0.237872 0.135032 0.004226 0.430696 0.000164
0.019402 0.172299 0.238183 0.135255 0.004241 0.430448 0.000173
0.019392 0.171976 0.238113 0.134943 0.004281 0.431132 0.000163
0.019517 0.169873 0.237564 0.134885 0.004343 0.433651 0.000168
0.019878 0.169482 0.237011 0.134617 0.004288 0.434562 0.000162
0.019641 0.170069 0.237418 0.134676 0.004283 0.433755 0.000159
0.019586 0.168846 0.236754 0.134212 0.004317 0.436121 0.000164
0.019949 0.167343 0.236295 0.134522 0.004303 0.437413 0.000174
0.019754 0.169747 0.235969 0.133759 0.004300 0.436299 0.000171
0.020118 0.168035 0.235880 0.134136 0.004271 0.437392 0.000168
0.019511 0.167925 0.235570 0.133620 0.004317 0.438878 0.000179
0.020241 0.167333 0.235406 0.133612 0.004306 0.438922 0.000180
0.019651 0.167953 0.235086 0.133543 0.004303 0.439290 0.000175
0.019846 0.166206 0.235053 0.133347 0.004330 0.441043 0.000176
0.020284 0.167387 0.234872 0.133485 0.004307 0.439493 0.000172
0.020047 0.165150 0.234335 0.133384 0.004337 0.442568 0.000178
0.020158 0.163778 0.234553 0.133022 0.004363 0.443958 0.000168
0.019940 0.164446 0.234369 0.133169 0.004326 0.443579 0.000171
0.020169 0.162890 0.233594 0.132920 0.004362 0.445877 0.000188
0.020284 0.163299 0.233282 0.132554 0.004377 0.446030 0.000174
0.020270 0.163364 0.233213 0.132615 0.004380 0.445985 0.000173
0.020549 0.163264 0.232807 0.132435 0.004341 0.446428 0.000176
0.020376 0.163491 0.232724 0.132499 0.004358 0.446360 0.000191
0.020683 0.162600 0.232581 0.132124 0.004304 0.447530 0.000178
0.020546 0.162011 0.232218 0.131775 0.004384 0.448882 0.000184
0.020893 0.160967 0.231655 0.131902 0.004418 0.449985 0.000180
0.020601 0.159809 0.231598 0.131704 0.004372 0.451736 0.000180
0.020704 0.159161 0.231309 0.131194 0.004401 0.453046 0.000185
0.020702 0.158869 0.231254 0.130940 0.004452 0.453612 0.000170
0.020734 0.159097 0.230972 0.130922 0.004451 0.453650 0.000174
0.020676 0.160523 0.230876 0.130821 0.004419 0.452497 0.000187
0.020796 0.158533 0.230100 0.130512 0.004420 0.455446 0.000195
0.020951 0.157707 0.230302 0.130546 0.004389 0.455909 0.000197
0.020771 0.157980 0.229900 0.130803 0.004419 0.455936 0.000192
0.020850 0.157288 0.229839 0.130553 0.004397 0.456870 0.000202
0.020870 0.157010 0.229343 0.130265 0.004404 0.457912 0.000196
0.020843 0.155584 0.228875 0.130356 0.004422 0.459725 0.000194
0.021080 0.155807 0.228526 0.129769 0.004419 0.460208 0.000191
0.021032 0.154665 0.228037 0.129805 0.004448 0.461817 0.000196
0.020936 0.154224 0.228218 0.129865 0.004455 0.462105 0.000196
0.021079 0.154765 0.227625 0.129430 0.004451 0.462460 0.000189
0.021060 0.154195 0.227697 0.129874 0.004457 0.462511 0.000207
0.021199 0.153579 0.227284 0.129432 0.004523 0.463784 0.000199
0.021059 0.153356 0.227210 0.129056 0.004478 0.464637 0.000204
0.021429 0.152480 0.226948 0.129208 0.004522 0.465214 0.000200
0.021156 0.151937 0.226761 0.128898 0.004485 0.466548 0.000217
0.021453 0.151932 0.226172 0.128816 0.004449 0.466974 0.000206
0.021038 0.151719 0.226308 0.128759 0.004517 0.467447 0.000212
0.021719 0.150085 0.225757 0.128333 0.004500 0.469403 0.000203
0.021199 0.150717 0.225359 0.128386 0.004431 0.469716 0.000193
0.021525 0.149837 0.225117 0.127906 0.004501 0.470904 0.000211
0.021425 0.149810 0.225136 0.127944 0.004572 0.470886 0.000227
0.021345 0.148687 0.224514 0.127761 0.004614 0.472858 0.000221
0.021777 0.148494 0.224321 0.127264 0.004496 0.473433 0.000215
0.021691 0.148813 0.224236 0.127507 0.004463 0.473085 0.000207
0.021699 0.149782 0.224066 0.126782 0.004510 0.472942 0.000220
0.021831 0.149088 0.223701 0.127112 0.004551 0.473487 0.000231
0.021897 0.147366 0.223419 0.126587 0.004526 0.475988 0.000217
0.021831 0.147168 0.223009 0.126566 0.004556 0.476651 0.000218
0.022036 0.146164 0.222488 0.126879 0.004529 0.477690 0.000214
0.021970 0.146813 0.222726 0.126506 0.004542 0.477229 0.000214
0.021889 0.145730 0.221963 0.126175 0.004612 0.479405 0.000225
0.022036 0.144986 0.221832 0.126407 0.004587 0.479928 0.000226
0.022300 0.145352 0.221078 0.125944 0.004539 0.480558 0.000229
0.022472 0.144730 0.221278 0.125840 0.004570 0.480900 0.000210
0.022284 0.144527 0.221127 0.125829 0.004569 0.481447 0.000218
0.022210 0.144268 0.220793 0.125861 0.004580 0.482067 0.000222
0.022301 0.143677 0.220597 0.125349 0.004588 0.483275 0.000214
0.022696 0.143248 0.220046 0.125426 0.004614 0.483739 0.000230
0.022497 0.143798 0.219775 0.125350 0.004605 0.483744 0.000230
0.022681 0.142118 0.219405 0.125120 0.004575 0.485877 0.000223
0.022426 0.142893 0.219112 0.124986 0.004645 0.485715 0.000222
0.022352 0.142859 0.219280 0.124997 0.004614 0.485665 0.000233
