0.999102 0.000874 0.000019 0.000005 0.000000 0.000000 0.000000
0.998660 0.001294 0.000030 0.000011 0.000000 0.000006 0.000000
0.998190 0.001752 0.000036 0.000015 0.000000 0.000007 0.000000
0.997632 0.002296 0.000047 0.000017 0.000000 0.000008 0.000000
0.997168 0.002754 0.000050 0.000016 0.000001 0.000011 0.000000
0.996525 0.003390 0.000056 0.000017 0.000000 0.000012 0.000000
0.995862 0.004031 0.000075 0.000022 0.000000 0.000011 0.000000
0.995072 0.004800 0.000090 0.000026 0.000000 0.000012 0.000000
0.994465 0.005405 0.000090 0.000029 0.000000 0.000012 0.000000
0.993198 0.006640 0.000113 0.000039 0.000000 0.000010 0.000000
0.991394 0.008402 0.000141 0.000052 0.000000 0.000010 0.000000
0.989353 0.010412 0.000172 0.000055 0.000000 0.000009 0.000000
0.987386 0.012351 0.000178 0.000075 0.000000 0.000009 0.000000
0.984594 0.015125 0.000196 0.000075 0.000000 0.000010 0.000000
0.982011 0.017638 0.000251 0.000089 0.000000 0.000011 0.000000
0.978408 0.021175 0.000295 0.000112 0.000000 0.000010 0.000000
0.974446 0.025016 0.000387 0.000142 0.000000 0.000009 0.000000
0.969096 0.030281 0.000401 0.000211 0.000000 0.000011 0.000000
0.964398 0.034880 0.000442 0.000258 0.000000 0.000021 0.000000
0.957208 0.041907 0.000522 0.000340 0.000000 0.000023 0.000000
0.950440 0.048543 0.000611 0.000383 0.000000 0.000023 0.000000
0.942187 0.056573 0.000737 0.000470 0.000000 0.000033 0.000000
0.934312 0.064264 0.000841 0.000549 0.000000 0.000034 0.000000
0.926916 0.071432 0.000983 0.000636 0.000000 0.000033 0.000000
0.917890 0.080232 0.001143 0.000705 0.000000 0.000029 0.000000
0.906307 0.091505 0.001319 0.000835 0.000000 0.000035 0.000000
0.895727 0.101829 0.001472 0.000940 0.000000 0.000033 0.000000
0.882306 0.114840 0.001734 0.001087 0.000000 0.000033 0.000000
0.870810 0.126016 0.001941 0.001200 0.000000 0.000033 0.000000
0.858655 0.137779 0.002203 0.001327 0.000000 0.000037 0.000000
0.845547 0.150501 0.002432 0.001479 0.000000 0.000042 0.000000
0.831040 0.164603 0.002683 0.001615 0.000000 0.000059 0.000000
0.817452 0.177691 0.003000 0.001786 0.000000 0.000071 0.000000
0.802941 0.191735 0.003283 0.001954 0.000000 0.000086 0.000000
0.787934 0.206177 0.003614 0.002181 0.000000 0.000095 0.000000
0.773537 0.220054 0.003945 0.002366 0.000000 0.000098 0.000000
0.756009 0.236917 0.004378 0.002584 0.000001 0.000111 0.000000
0.741092 0.251251 0.004742 0.002789 0.000004 0.000122 0.000000
0.728399 0.263405 0.005084 0.002982 0.000004 0.000125 0.000000
0.711931 0.279077 0.005567 0.003278 0.000003 0.000144 0.000000
0.695627 0.294567 0.006091 0.003546 0.000003 0.000166 0.000000
0.680948 0.308559 0.006523 0.003780 0.000003 0.000187 0.000000
0.666794 0.321922 0.007014 0.004055 0.000002 0.000212 0.000000
0.651371 0.336471 0.007522 0.004398 0.000002 0.000237 0.000000
0.637281 0.349713 0.008064 0.004688 0.000004 0.000249 0.000000
0.621284 0.364692 0.008694 0.005053 0.000005 0.000272 0.000000
0.611471 0.373715 0.009199 0.005312 0.000005 0.000298 0.000000
0.595785 0.388340 0.009835 0.005702 0.000006 0.000332 0.000000
0.580295 0.402718 0.010539 0.006078 0.000006 0.000364 0.000000
0.564868 0.416913 0.011339 0.006466 0.000006 0.000407 0.000000
0.551543 0.429163 0.012006 0.006839 0.000006 0.000443 0.000000
0.540394 0.439307 0.012637 0.007181 0.000006 0.000476 0.000000
0.526905 0.451609 0.013352 0.007611 0.000007 0.000515 0.000000
0.515443 0.461872 0.014113 0.008008 0.000008 0.000555 0.000000
0.501942 0.473992 0.014957 0.008503 0.000008 0.000598 0.000000
0.490575 0.484125 0.015743 0.008891 0.000008 0.000657 0.000000
0.480983 0.492666 0.016380 0.009259 0.000009 0.000703 0.000000
0.466244 0.505743 0.017405 0.009833 0.000011 0.000765 0.000000
0.457683 0.513183 0.018112 0.010210 0.000010 0.000801 0.000000
0.443198 0.525940 0.019179 0.010807 0.000011 0.000866 0.000000
0.434817 0.533015 0.019985 0.011263 0.000010 0.000911 0.000000
0.424022 0.542313 0.020916 0.011763 0.000011 0.000975 0.000000
0.412489 0.552271 0.021885 0.012284 0.000010 0.001059 0.000000
0.401189 0.561918 0.022859 0.012870 0.000011 0.001152 0.000000
0.395483 0.566368 0.023678 0.013242 0.000012 0.001216 0.000000
0.385120 0.575004 0.024698 0.013853 0.000013 0.001312 0.000000
0.375224 0.583035 0.025822 0.014511 0.000013 0.001395 0.000000
0.367823 0.588750 0.026883 0.015041 0.000015 0.001486 0.000000
0.359129 0.595682 0.027962 0.015601 0.000017 0.001609 0.000000
0.351352 0.601798 0.028930 0.016188 0.000020 0.001713 0.000000
0.347657 0.604348 0.029545 0.016652 0.000020 0.001778 0.000000
0.335505 0.614110 0.030950 0.017518 0.000021 0.001895 0.000000
0.324181 0.622954 0.032416 0.018393 0.000022 0.002035 0.000000
0.322673 0.623432 0.033039 0.018698 0.000026 0.002133 0.000000
0.312690 0.631330 0.034285 0.019388 0.000026 0.002281 0.000000
0.309800 0.632516 0.035266 0.020008 0.000027 0.002384 0.000000
0.299580 0.640354 0.036658 0.020841 0.000029 0.002537 0.000000
0.293456 0.644603 0.037762 0.021456 0.000032 0.002691 0.000000
0.285796 0.650061 0.039028 0.022246 0.000035 0.002834 0.000000
0.280652 0.653327 0.040213 0.022786 0.000037 0.002984 0.000000
0.275784 0.655912 0.041532 0.023552 0.000037 0.003184 0.000000
0.271320 0.658596 0.042541 0.024168 0.000037 0.003338 0.000000
0.265812 0.662048 0.043778 0.024845 0.000043 0.003474 0.000000
0.259073 0.666585 0.045002 0.025629 0.000047 0.003665 0.000000
0.250525 0.672555 0.046481 0.026514 0.000050 0.003876 0.000000
0.246516 0.674286 0.047868 0.027188 0.000055 0.004087 0.000000
0.238985 0.679317 0.049285 0.028030 0.000055 0.004329 0.000000
0.236991 0.679669 0.050276 0.028501 0.000056 0.004507 0.000000
0.228475 0.684660 0.052298 0.029729 0.000059 0.004779 0.000000
0.229587 0.682618 0.052858 0.029961 0.000064 0.004912 0.000000
0.221269 0.687518 0.054842 0.031096 0.000065 0.005209 0.000000
0.220027 0.687042 0.055882 0.031624 0.000073 0.005352 0.000000
0.215340 0.690070 0.056801 0.032185 0.000068 0.005535 0.000000
0.208666 0.693496 0.058664 0.033249 0.000074 0.005850 0.000000
0.207927 0.692720 0.059544 0.033725 0.000077 0.006007 0.000000
0.203173 0.693792 0.061615 0.034967 0.000083 0.006371 0.000000
0.207380 0.689314 0.061814 0.034972 0.000089 0.006431 0.000000
0.204154 0.689463 0.063444 0.036021 0.000092 0.006826 0.000000
0.198231 0.692342 0.065301 0.036873 0.000099 0.007153 0.000000
0.203374 0.687075 0.065263 0.036969 0.000099 0.007220 0.000000
0.193212 0.692444 0.068022 0.038486 0.000113 0.007723 0.000000
0.192237 0.692216 0.068632 0.038865 0.000112 0.007938 0.000000
0.187044 0.694163 0.070353 0.040039 0.000117 0.008285 0.000000
0.186782 0.692760 0.071378 0.040450 0.000117 0.008514 0.000000
0.180561 0.695426 0.073317 0.041633 0.000119 0.008945 0.000000
0.177695 0.696322 0.074437 0.042229 0.000115 0.009202 0.000000
0.175736 0.696308 0.075580 0.042841 0.000130 0.009405 0.000000
0.168596 0.699950 0.077515 0.043976 0.000131 0.009830 0.000001
0.161386 0.703986 0.079289 0.045014 0.000133 0.010192 0.000001
0.153388 0.708496 0.081221 0.046118 0.000138 0.010639 0.000001
0.153934 0.706348 0.082030 0.046647 0.000137 0.010903 0.000001
0.143321 0.711978 0.084869 0.048216 0.000148 0.011466 0.000001
0.142637 0.711156 0.085647 0.048693 0.000146 0.011720 0.000001
0.137188 0.713133 0.087579 0.049743 0.000152 0.012205 0.000001
0.135972 0.712305 0.088620 0.050451 0.000152 0.012500 0.000001
0.131134 0.712878 0.090984 0.051760 0.000159 0.013084 0.000001
0.130435 0.710343 0.092723 0.052785 0.000163 0.013550 0.000001
0.127642 0.710615 0.094103 0.053486 0.000168 0.013985 0.000001
0.124308 0.710937 0.095761 0.054349 0.000179 0.014465 0.000001
0.124193 0.708758 0.096895 0.055137 0.000177 0.014839 0.000001
0.127265 0.705530 0.096893 0.055104 0.000185 0.015023 0.000001
0.124137 0.704643 0.099061 0.056384 0.000186 0.015588 0.000001
0.121206 0.702875 0.101652 0.057738 0.000198 0.016330 0.000001
0.127000 0.697579 0.101372 0.057471 0.000202 0.016375 0.000001
0.122913 0.698215 0.103177 0.058586 0.000206 0.016902 0.000001
0.125785 0.693382 0.104098 0.059093 0.000210 0.017431 0.000001
0.120998 0.695109 0.105700 0.060082 0.000213 0.017897 0.000001
0.116928 0.695884 0.107452 0.061045 0.000226 0.018465 0.000001
0.117202 0.694340 0.108070 0.061432 0.000228 0.018727 0.000001
0.110536 0.695965 0.110747 0.063012 0.000238 0.019501 0.000001
0.108244 0.697027 0.111468 0.063249 0.000248 0.019763 0.000001
0.104980 0.696616 0.113311 0.064411 0.000256 0.020425 0.000001
0.104388 0.693157 0.115272 0.065673 0.000259 0.021250 0.000001
0.106683 0.689765 0.115890 0.065931 0.000273 0.021457 0.000000
0.097265 0.694805 0.118242 0.067117 0.000281 0.022288 0.000000
0.097442 0.693114 0.118976 0.067554 0.000293 0.022620 0.000001
0.098165 0.689525 0.120271 0.068551 0.000290 0.023198 0.000001
0.093300 0.692123 0.121498 0.069201 0.000291 0.023587 0.000001
0.096203 0.688473 0.121671 0.069349 0.000281 0.024022 0.000001
0.096305 0.685572 0.123102 0.070105 0.000296 0.024620 0.000001
0.082486 0.692032 0.127223 0.072321 0.000308 0.025630 0.000000
0.082368 0.688365 0.129113 0.073441 0.000325 0.026387 0.000001
0.079375 0.688780 0.130348 0.074183 0.000320 0.026994 0.000001
0.076182 0.689582 0.131527 0.074952 0.000327 0.027429 0.000001
0.075228 0.687396 0.133170 0.075729 0.000351 0.028124 0.000001
0.071553 0.687522 0.135036 0.076735 0.000346 0.028807 0.000001
0.068513 0.687214 0.136833 0.077684 0.000358 0.029396 0.000001
0.067060 0.685302 0.138710 0.078441 0.000371 0.030114 0.000002
0.067732 0.684286 0.138690 0.078425 0.000372 0.030494 0.000002
0.058842 0.685907 0.142478 0.080735 0.000367 0.031670 0.000001
0.064832 0.679175 0.142569 0.080871 0.000394 0.032158 0.000001
0.062086 0.678900 0.143965 0.081905 0.000388 0.032753 0.000002
0.060020 0.676386 0.146434 0.082949 0.000413 0.033797 0.000001
0.059089 0.675434 0.147225 0.083584 0.000415 0.034251 0.000002
0.056983 0.675234 0.148433 0.084130 0.000419 0.034798 0.000002
0.055190 0.672141 0.150717 0.085606 0.000434 0.035910 0.000002
0.053480 0.670435 0.152456 0.086650 0.000437 0.036541 0.000001
0.051437 0.670039 0.153728 0.087098 0.000440 0.037256 0.000001
0.050360 0.667809 0.155324 0.088022 0.000452 0.038032 0.000002
0.052680 0.664278 0.155600 0.088406 0.000469 0.038566 0.000002
0.050687 0.663071 0.157469 0.089208 0.000475 0.039089 0.000001
0.054087 0.657519 0.158275 0.089654 0.000473 0.039990 0.000002
0.054153 0.656509 0.158602 0.089946 0.000482 0.040306 0.000003
0.054284 0.653932 0.159655 0.090635 0.000492 0.041000 0.000002
0.059620 0.647325 0.160333 0.090683 0.000512 0.041524 0.000003
0.067415 0.641163 0.158990 0.090229 0.000504 0.041696 0.000002
0.063435 0.641011 0.161127 0.091350 0.000501 0.042573 0.000003
0.062456 0.638635 0.162740 0.092229 0.000513 0.043425 0.000002
0.063949 0.637807 0.162213 0.091967 0.000514 0.043548 0.000002
0.068556 0.630278 0.163550 0.092594 0.000528 0.044491 0.000003
0.065298 0.632263 0.163845 0.092917 0.000548 0.045127 0.000003
0.067084 0.628376 0.164956 0.093338 0.000558 0.045685 0.000003
0.060565 0.629445 0.167612 0.094872 0.000575 0.046930 0.000002
0.063427 0.626764 0.167233 0.094830 0.000596 0.047149 0.000002
0.058093 0.626087 0.170074 0.096521 0.000588 0.048633 0.000003
0.055473 0.625101 0.171692 0.097530 0.000619 0.049581 0.000003
0.058678 0.624289 0.170333 0.096673 0.000616 0.049407 0.000004
0.053585 0.622482 0.173646 0.098590 0.000626 0.051069 0.000003
0.051696 0.621603 0.174770 0.099253 0.000645 0.052029 0.000005
0.051999 0.621098 0.174676 0.099266 0.000641 0.052317 0.000003
0.054191 0.617077 0.175648 0.099473 0.000638 0.052969 0.000005
0.052314 0.617136 0.176390 0.099943 0.000665 0.053549 0.000003
0.051569 0.615364 0.177511 0.100581 0.000681 0.054291 0.000003
0.049197 0.614452 0.178800 0.101544 0.000679 0.055323 0.000005
0.046720 0.611163 0.181536 0.103027 0.000702 0.056847 0.000004
0.051278 0.608961 0.180156 0.102287 0.000682 0.056632 0.000004
0.043798 0.610661 0.182907 0.103996 0.000715 0.057918 0.000005
0.042858 0.607442 0.184575 0.105146 0.000734 0.059240 0.000006
0.044427 0.605734 0.184526 0.104857 0.000722 0.059728 0.000006
0.041705 0.604516 0.186434 0.105745 0.000760 0.060833 0.000007
0.040136 0.602019 0.188095 0.107118 0.000762 0.061864 0.000006
0.039289 0.602215 0.188351 0.107107 0.000750 0.062282 0.000006
0.037858 0.599599 0.190088 0.107988 0.000785 0.063676 0.000005
0.035911 0.598450 0.191496 0.108767 0.000759 0.064611 0.000007
0.036845 0.595138 0.192514 0.109133 0.000781 0.065583 0.000006
0.035208 0.594113 0.193424 0.110049 0.000791 0.066410 0.000005
0.032981 0.595017 0.193877 0.110324 0.000808 0.066987 0.000007
0.031184 0.591165 0.196463 0.111895 0.000835 0.068451 0.000007
0.031000 0.588398 0.197618 0.112406 0.000828 0.069745 0.000006
0.030238 0.589333 0.197553 0.112284 0.000837 0.069748 0.000007
0.030019 0.589617 0.197182 0.112259 0.000839 0.070077 0.000006
0.028991 0.586430 0.199418 0.113048 0.000863 0.071244 0.000006
0.027287 0.584131 0.201019 0.113956 0.000858 0.072739 0.000009
0.026872 0.581768 0.201993 0.114952 0.000869 0.073538 0.000009
0.033813 0.575150 0.201444 0.114615 0.000871 0.074098 0.000009
0.031867 0.574295 0.202707 0.115238 0.000885 0.075001 0.000007
0.032850 0.570383 0.203756 0.115865 0.000910 0.076226 0.000011
0.033074 0.568555 0.204355 0.116349 0.000898 0.076761 0.000008
0.036866 0.564482 0.204414 0.116080 0.000920 0.077227 0.000010
0.042351 0.559856 0.203394 0.115629 0.000910 0.077849 0.000011
0.042269 0.557955 0.204259 0.116170 0.000919 0.078420 0.000009
0.042814 0.556009 0.204615 0.116532 0.000928 0.079090 0.000012
0.042262 0.553815 0.205704 0.117015 0.000951 0.080243 0.000011
0.043055 0.553419 0.205364 0.116643 0.000947 0.080562 0.000010
0.038711 0.551234 0.208141 0.118546 0.000976 0.082382 0.000010
0.038120 0.549279 0.209105 0.119087 0.000979 0.083417 0.000012
0.038415 0.549592 0.208679 0.118677 0.000982 0.083641 0.000013
0.041760 0.547054 0.207895 0.118345 0.000980 0.083953 0.000013
0.038906 0.546272 0.209553 0.119300 0.000983 0.084971 0.000014
0.034802 0.545079 0.211871 0.120681 0.000995 0.086560 0.000013
0.035142 0.542736 0.212515 0.120911 0.001020 0.087663 0.000014
0.034379 0.542601 0.212917 0.121024 0.001014 0.088049 0.000015
0.033487 0.540239 0.213954 0.121794 0.001034 0.089481 0.000011
0.032309 0.539590 0.214808 0.122049 0.001053 0.090176 0.000014
0.030420 0.538376 0.215900 0.122830 0.001058 0.091401 0.000015
0.029467 0.538498 0.216205 0.122907 0.001068 0.091840 0.000014
0.027701 0.535786 0.218058 0.123729 0.001096 0.093617 0.000014
0.027228 0.534968 0.218656 0.124061 0.001098 0.093974 0.000015
0.027691 0.534363 0.218419 0.124005 0.001103 0.094407 0.000012
0.024624 0.530914 0.220743 0.125838 0.001113 0.096755 0.000013
0.024076 0.528131 0.222204 0.126460 0.001136 0.097979 0.000013
0.026304 0.528285 0.220953 0.125524 0.001147 0.097776 0.000012
0.023105 0.526539 0.222940 0.126955 0.001167 0.099282 0.000011
0.024309 0.527016 0.222092 0.126235 0.001170 0.099161 0.000017
0.020475 0.523561 0.225312 0.127913 0.001160 0.101567 0.000012
0.020602 0.520868 0.226297 0.128423 0.001191 0.102605 0.000014
0.019312 0.518662 0.227758 0.129284 0.001183 0.103785 0.000015
0.019484 0.516934 0.227902 0.129307 0.001218 0.105142 0.000013
0.018877 0.515530 0.228599 0.129927 0.001230 0.105822 0.000014
0.018205 0.513869 0.229618 0.130256 0.001228 0.106809 0.000015
0.017246 0.510802 0.230962 0.131116 0.001224 0.108635 0.000015
0.017202 0.508848 0.231825 0.131319 0.001273 0.109520 0.000013
0.016986 0.507813 0.231908 0.131955 0.001262 0.110065 0.000013
0.016709 0.506325 0.232792 0.132101 0.001317 0.110741 0.000015
0.016332 0.503481 0.233648 0.132776 0.001283 0.112467 0.000013
0.016880 0.503174 0.233185 0.132361 0.001340 0.113045 0.000015
0.015938 0.501884 0.234016 0.132890 0.001340 0.113917 0.000014
0.015782 0.497822 0.235536 0.133850 0.001361 0.115635 0.000015
0.015849 0.496793 0.235898 0.133847 0.001369 0.116228 0.000016
0.015834 0.495374 0.235997 0.134093 0.001362 0.117325 0.000015
0.015495 0.492706 0.237274 0.134719 0.001373 0.118419 0.000014
0.015121 0.491944 0.237423 0.134922 0.001410 0.119166 0.000014
0.014735 0.488477 0.238877 0.135737 0.001401 0.120755 0.000018
0.015111 0.489127 0.238259 0.135151 0.001419 0.120915 0.000018
0.014685 0.486000 0.239117 0.136222 0.001427 0.122534 0.000015
0.014590 0.484632 0.239825 0.136466 0.001414 0.123055 0.000017
0.014246 0.481365 0.241135 0.136867 0.001464 0.124905 0.000018
0.014288 0.479074 0.241780 0.137485 0.001457 0.125898 0.000019
0.014470 0.478591 0.241508 0.137278 0.001505 0.126628 0.000020
0.014418 0.477014 0.241764 0.137838 0.001500 0.127448 0.000018
0.014051 0.475120 0.242435 0.138040 0.001482 0.128853 0.000018
0.013865 0.473017 0.243423 0.138446 0.001545 0.129687 0.000018
0.013963 0.470951 0.244071 0.138646 0.001537 0.130811 0.000021
0.014119 0.471561 0.243433 0.138630 0.001548 0.130687 0.000021
0.013767 0.466981 0.245165 0.139469 0.001560 0.133040 0.000018
0.013702 0.466787 0.245198 0.139326 0.001529 0.133441 0.000017
0.013756 0.464899 0.245738 0.139701 0.001532 0.134358 0.000017
0.013509 0.462537 0.246679 0.140106 0.001556 0.135591 0.000021
0.013313 0.459308 0.247442 0.140814 0.001624 0.137478 0.000021
0.013478 0.458619 0.247174 0.140557 0.001611 0.138540 0.000021
0.013333 0.456455 0.248248 0.140822 0.001610 0.139509 0.000022
0.013106 0.453936 0.248965 0.141784 0.001628 0.140560 0.000021
0.013245 0.453726 0.249025 0.141372 0.001640 0.140972 0.000020
0.013222 0.451836 0.249429 0.141778 0.001648 0.142066 0.000022
0.015710 0.448436 0.249583 0.141631 0.001667 0.142948 0.000024
0.022881 0.445603 0.247316 0.140510 0.001673 0.141995 0.000022
0.027803 0.442595 0.246101 0.139917 0.001642 0.141919 0.000023
0.025208 0.440934 0.247315 0.140852 0.001663 0.144005 0.000023
0.030350 0.437768 0.245975 0.139797 0.001670 0.144415 0.000025
0.028682 0.437380 0.246987 0.140007 0.001704 0.145216 0.000024
0.027364 0.438224 0.246962 0.140160 0.001696 0.145567 0.000027
0.027869 0.435828 0.246915 0.140350 0.001700 0.147311 0.000028
0.023965 0.436272 0.248458 0.141014 0.001737 0.148530 0.000024
0.024700 0.432933 0.249045 0.141455 0.001762 0.150077 0.000028
0.023413 0.432701 0.249354 0.141473 0.001797 0.151237 0.000026
0.024108 0.430822 0.249789 0.141355 0.001734 0.152167 0.000025
0.023663 0.430952 0.249886 0.141462 0.001787 0.152225 0.000025
0.022942 0.427717 0.250682 0.142098 0.001818 0.154719 0.000024
0.020469 0.427863 0.251328 0.142739 0.001813 0.155761 0.000027
0.020419 0.428504 0.251145 0.142482 0.001822 0.155596 0.000031
0.021654 0.427114 0.250925 0.142296 0.001830 0.156156 0.000025
0.019129 0.424332 0.252667 0.143390 0.001869 0.158579 0.000032
0.019803 0.423348 0.252034 0.143405 0.001818 0.159566 0.000027
0.016640 0.421748 0.254147 0.144347 0.001885 0.161201 0.000032
0.016989 0.420290 0.254211 0.144492 0.001869 0.162121 0.000029
0.016561 0.420091 0.254144 0.144531 0.001883 0.162757 0.000032
0.016151 0.418081 0.255140 0.144635 0.001882 0.164076 0.000033
0.015826 0.416835 0.255191 0.144943 0.001936 0.165236 0.000033
0.014925 0.416478 0.255743 0.145043 0.001933 0.165848 0.000030
0.015032 0.414716 0.256118 0.145189 0.001932 0.166982 0.000030
0.014858 0.412806 0.256442 0.145648 0.001943 0.168271 0.000032
0.014794 0.411075 0.256679 0.145908 0.001949 0.169561 0.000033
0.013686 0.409057 0.257731 0.146457 0.001960 0.171075 0.000034
0.013178 0.405406 0.258943 0.146939 0.002030 0.173468 0.000036
0.013368 0.405106 0.258370 0.146988 0.001991 0.174141 0.000037
0.013352 0.404863 0.258964 0.146760 0.002001 0.174026 0.000033
0.013876 0.402726 0.258895 0.146882 0.002017 0.175568 0.000037
0.013281 0.402636 0.259308 0.146833 0.002007 0.175899 0.000036
0.013508 0.400420 0.259505 0.147187 0.002069 0.177277 0.000035
0.013271 0.398014 0.260038 0.147704 0.002036 0.178902 0.000035
0.013161 0.397810 0.260057 0.147395 0.002046 0.179490 0.000041
0.012735 0.395824 0.260637 0.147914 0.002061 0.180793 0.000036
0.012732 0.393603 0.260912 0.148195 0.002067 0.182455 0.000036
0.012722 0.390788 0.261516 0.148576 0.002111 0.184246 0.000041
0.012909 0.391484 0.261029 0.147941 0.002102 0.184491 0.000043
0.012254 0.389720 0.261875 0.148886 0.002147 0.185080 0.000038
0.012735 0.388949 0.261446 0.148578 0.002139 0.186113 0.000040
0.012681 0.386122 0.261676 0.148966 0.002177 0.188333 0.000044
0.012105 0.384803 0.262618 0.149187 0.002145 0.189102 0.000040
0.012415 0.382613 0.262888 0.149355 0.002140 0.190543 0.000045
0.012503 0.383327 0.262317 0.149140 0.002173 0.190498 0.000042
0.012450 0.380813 0.262797 0.149481 0.002205 0.192213 0.000042
0.012257 0.378457 0.263463 0.149798 0.002203 0.193778 0.000044
0.012100 0.376351 0.264019 0.150271 0.002181 0.195033 0.000044
0.012067 0.376055 0.263590 0.150192 0.002232 0.195820 0.000044
0.012324 0.375644 0.263488 0.150042 0.002207 0.196252 0.000043
0.012224 0.375276 0.263189 0.150052 0.002224 0.196989 0.000046
0.011944 0.371488 0.264442 0.150725 0.002235 0.199127 0.000040
0.012070 0.369007 0.265042 0.150618 0.002265 0.200953 0.000045
0.012074 0.369218 0.264379 0.150487 0.002273 0.201526 0.000043
0.023327 0.365213 0.261294 0.148385 0.002250 0.199486 0.000046
0.026839 0.363464 0.259951 0.147796 0.002275 0.199631 0.000043
0.028746 0.362603 0.259301 0.147622 0.002231 0.199452 0.000044
0.028121 0.358755 0.260328 0.148187 0.002255 0.202309 0.000046
0.025454 0.360910 0.260528 0.148526 0.002326 0.202210 0.000046
0.025874 0.360580 0.259834 0.148334 0.002290 0.203042 0.000046
0.026033 0.359187 0.259862 0.148193 0.002277 0.204403 0.000044
0.025316 0.358432 0.260139 0.148291 0.002312 0.205462 0.000049
0.023016 0.358062 0.261008 0.148647 0.002318 0.206894 0.000054
0.022352 0.357344 0.260963 0.149041 0.002332 0.207916 0.000051
0.023326 0.355864 0.260582 0.148530 0.002366 0.209285 0.000047
0.021350 0.355374 0.261502 0.149092 0.002326 0.210304 0.000052
0.022207 0.354501 0.261250 0.148847 0.002373 0.210775 0.000046
0.019795 0.352806 0.262563 0.149693 0.002385 0.212712 0.000046
0.018085 0.351848 0.263075 0.150164 0.002437 0.214339 0.000052
0.020352 0.352144 0.261769 0.149358 0.002396 0.213928 0.000053
0.019012 0.350420 0.262506 0.149761 0.002374 0.215879 0.000049
0.018708 0.348868 0.262753 0.150030 0.002430 0.217162 0.000050
0.018530 0.349435 0.262396 0.149613 0.002412 0.217560 0.000055
0.017406 0.347571 0.263183 0.150052 0.002424 0.219312 0.000051
0.017113 0.348186 0.263257 0.150018 0.002460 0.218914 0.000053
0.016130 0.344600 0.264096 0.150625 0.002450 0.222037 0.000062
0.015820 0.343472 0.264447 0.150608 0.002429 0.223169 0.000056
0.015071 0.343332 0.264601 0.150765 0.002445 0.223731 0.000056
0.019962 0.340785 0.262828 0.149838 0.002453 0.224088 0.000047
0.025015 0.337535 0.262094 0.149331 0.002435 0.223532 0.000058
0.028870 0.338354 0.259359 0.148129 0.002453 0.222790 0.000045
0.030872 0.335267 0.259466 0.148249 0.002442 0.223648 0.000057
0.024799 0.335335 0.261471 0.149136 0.002506 0.226697 0.000055
0.031776 0.335210 0.258552 0.147315 0.002494 0.224600 0.000054
0.028196 0.332563 0.260630 0.148972 0.002494 0.227093 0.000052
0.027031 0.332218 0.260750 0.148865 0.002488 0.228594 0.000055
0.025309 0.331876 0.260912 0.149247 0.002511 0.230082 0.000062
0.024030 0.332070 0.260908 0.149256 0.002547 0.231132 0.000057
0.023074 0.330060 0.261901 0.149376 0.002535 0.233000 0.000053
0.022346 0.330686 0.261961 0.149132 0.002569 0.233252 0.000054
0.022904 0.327118 0.262248 0.149552 0.002604 0.235518 0.000057
0.019404 0.328163 0.263054 0.149945 0.002601 0.236779 0.000055
0.020874 0.326789 0.262543 0.149659 0.002591 0.237488 0.000057
0.020920 0.326352 0.262177 0.149224 0.002651 0.238621 0.000056
0.020846 0.327080 0.262025 0.149490 0.002602 0.237902 0.000055
0.020090 0.326374 0.262070 0.149586 0.002606 0.239217 0.000056
0.018350 0.322949 0.263466 0.150116 0.002635 0.242426 0.000058
0.018225 0.323571 0.262661 0.150165 0.002678 0.242645 0.000054
0.016697 0.319207 0.264433 0.150649 0.002740 0.246216 0.000057
0.015769 0.319177 0.264462 0.150689 0.002664 0.247179 0.000060
0.016623 0.319346 0.263724 0.150707 0.002721 0.246816 0.000063
0.015753 0.318751 0.264236 0.150920 0.002667 0.247614 0.000059
0.014764 0.315771 0.264854 0.151358 0.002703 0.250488 0.000062
0.014836 0.314331 0.265199 0.151279 0.002719 0.251577 0.000059
0.014250 0.312522 0.265273 0.151808 0.002726 0.253355 0.000067
0.014650 0.313119 0.264859 0.151072 0.002734 0.253507 0.000061
0.014031 0.310463 0.265647 0.151528 0.002765 0.255499 0.000067
0.014521 0.309551 0.265159 0.151418 0.002738 0.256547 0.000067
0.014008 0.309113 0.265571 0.151213 0.002750 0.257278 0.000068
0.013770 0.310288 0.264864 0.151165 0.002754 0.257095 0.000065
0.013698 0.307916 0.265302 0.151282 0.002810 0.258925 0.000067
0.013569 0.306430 0.265812 0.151626 0.002781 0.259715 0.000069
0.013195 0.304101 0.266115 0.151817 0.002827 0.261874 0.000071
0.013640 0.305292 0.265214 0.151515 0.002799 0.261472 0.000068
0.012859 0.301929 0.266451 0.151952 0.002837 0.263900 0.000072
0.012857 0.301803 0.266397 0.151812 0.002865 0.264197 0.000069
0.013122 0.299898 0.266170 0.151952 0.002853 0.265930 0.000074
0.012910 0.299648 0.266136 0.151727 0.002857 0.266653 0.000070
0.012908 0.298935 0.265739 0.151874 0.002894 0.267582 0.000068
0.012729 0.296016 0.266478 0.152020 0.002856 0.269828 0.000073
0.012353 0.294804 0.266706 0.152165 0.002914 0.270994 0.000064
0.012479 0.294923 0.266214 0.151915 0.002968 0.271434 0.000068
0.012579 0.292999 0.266515 0.152117 0.002896 0.272823 0.000071
0.012596 0.291553 0.266271 0.152197 0.002924 0.274389 0.000071
0.012288 0.290599 0.266886 0.152226 0.002936 0.274992 0.000073
0.012682 0.290591 0.266043 0.151712 0.002919 0.275981 0.000072
0.012637 0.289000 0.265845 0.151917 0.002948 0.277576 0.000076
0.012667 0.288850 0.265897 0.151630 0.002999 0.277880 0.000079
0.012357 0.287331 0.266431 0.151938 0.002977 0.278890 0.000075
0.012481 0.285492 0.265944 0.151784 0.003004 0.281214 0.000082
0.021542 0.281107 0.263948 0.150659 0.002999 0.279666 0.000080
0.031555 0.282078 0.260246 0.148104 0.002936 0.275004 0.000078
0.024846 0.282384 0.262022 0.149392 0.003005 0.278277 0.000075
0.031843 0.282586 0.258973 0.147842 0.002935 0.275742 0.000079
0.026823 0.281618 0.260915 0.148968 0.002982 0.278614 0.000079
0.027743 0.281163 0.260190 0.148393 0.002990 0.279438 0.000083
0.027592 0.279693 0.260573 0.148710 0.002984 0.280371 0.000077
0.029130 0.278890 0.259266 0.148059 0.002998 0.281572 0.000086
0.025222 0.280670 0.259925 0.148558 0.003010 0.282526 0.000089
0.027391 0.280652 0.258844 0.147792 0.003002 0.282237 0.000083
0.023701 0.280334 0.260269 0.148590 0.002999 0.284028 0.000078
0.022876 0.279069 0.260427 0.148670 0.003069 0.285802 0.000087
0.021506 0.277857 0.260446 0.149116 0.003022 0.287971 0.000081
0.020202 0.274853 0.261467 0.149417 0.003062 0.290915 0.000085
0.021542 0.276677 0.261035 0.148693 0.003042 0.288929 0.000083
0.018064 0.273886 0.261898 0.149778 0.003098 0.293201 0.000075
0.016516 0.273528 0.262964 0.150002 0.003080 0.293825 0.000085
0.018264 0.275113 0.261239 0.149040 0.003105 0.293158 0.000081
0.019053 0.273434 0.260854 0.148517 0.003116 0.294942 0.000083
0.016288 0.273174 0.261751 0.149980 0.003088 0.295635 0.000084
0.016777 0.271959 0.261771 0.149334 0.003123 0.296949 0.000087
0.017626 0.272015 0.260755 0.148922 0.003132 0.297459 0.000091
0.015719 0.268352 0.262070 0.149751 0.003146 0.300870 0.000092
0.016121 0.268965 0.261452 0.149112 0.003214 0.301040 0.000096
0.015715 0.268813 0.261190 0.149325 0.003195 0.301677 0.000083
0.014505 0.265584 0.262961 0.149829 0.003206 0.303822 0.000093
0.014264 0.265709 0.262376 0.149710 0.003209 0.304638 0.000094
0.014837 0.264610 0.261929 0.149400 0.003205 0.305923 0.000095
0.013788 0.260729 0.263108 0.150091 0.003221 0.308964 0.000098
0.013588 0.260676 0.262801 0.149966 0.003257 0.309609 0.000102
0.014612 0.263399 0.261332 0.149298 0.003218 0.308047 0.000094
0.013860 0.260914 0.261881 0.149453 0.003238 0.310555 0.000100
0.013810 0.258358 0.262314 0.149476 0.003284 0.312656 0.000101
0.013735 0.256355 0.262005 0.149699 0.003276 0.314831 0.000100
0.013160 0.254995 0.262938 0.149706 0.003300 0.315799 0.000102
0.013837 0.256129 0.261557 0.149456 0.003338 0.315580 0.000103
0.013609 0.254775 0.261953 0.149318 0.003360 0.316878 0.000108
0.013549 0.254872 0.261720 0.149490 0.003370 0.316902 0.000098
0.013301 0.252856 0.262037 0.149493 0.003318 0.318899 0.000096
0.013608 0.251863 0.261617 0.149424 0.003354 0.320035 0.000098
0.013240 0.250693 0.261870 0.149557 0.003345 0.321190 0.000106
0.013257 0.250420 0.261671 0.149395 0.003335 0.321819 0.000103
0.013352 0.249954 0.261556 0.148950 0.003391 0.322697 0.000099
0.013282 0.250092 0.261222 0.149187 0.003344 0.322766 0.000106
0.013309 0.247914 0.260924 0.149150 0.003424 0.325176 0.000104
0.013310 0.248717 0.261193 0.148969 0.003397 0.324320 0.000093
0.013097 0.245141 0.261224 0.149224 0.003464 0.327750 0.000100
0.013100 0.245134 0.261580 0.149022 0.003464 0.327600 0.000099
0.013381 0.245017 0.260454 0.148611 0.003441 0.328992 0.000104
0.013167 0.243337 0.261004 0.148859 0.003455 0.330074 0.000104
0.013201 0.244215 0.260415 0.148485 0.003402 0.330181 0.000100
0.013344 0.243240 0.260349 0.148930 0.003419 0.330616 0.000102
0.013203 0.241668 0.260303 0.148493 0.003464 0.332772 0.000098
0.012856 0.237943 0.260826 0.149083 0.003511 0.335676 0.000105
0.013125 0.240023 0.260477 0.148483 0.003488 0.334301 0.000103
0.013137 0.238082 0.260104 0.148008 0.003513 0.337044 0.000113
0.013142 0.236398 0.260095 0.148534 0.003520 0.338204 0.000107
0.013064 0.237110 0.259995 0.148220 0.003518 0.337989 0.000105
0.013426 0.237331 0.258663 0.148082 0.003562 0.338832 0.000104
0.013113 0.234357 0.259807 0.148312 0.003553 0.340753 0.000105
0.012978 0.232429 0.260165 0.148335 0.003570 0.342419 0.000105
0.013090 0.234229 0.258853 0.147910 0.003555 0.342257 0.000107
0.013325 0.233104 0.258856 0.147914 0.003584 0.343105 0.000112
0.013206 0.232310 0.258851 0.147660 0.003552 0.344313 0.000109
0.013169 0.231451 0.258759 0.147819 0.003595 0.345097 0.000110
0.013174 0.230109 0.258809 0.147535 0.003549 0.346710 0.000114
0.013259 0.230211 0.258107 0.147605 0.003562 0.347143 0.000113
0.013433 0.229811 0.257834 0.147235 0.003594 0.347983 0.000110
0.013319 0.230588 0.257779 0.147158 0.003566 0.347475 0.000115
0.013316 0.227539 0.257474 0.147140 0.003628 0.350792 0.000113
0.013259 0.227444 0.257501 0.147132 0.003645 0.350901 0.000118
0.013181 0.224732 0.257534 0.147091 0.003679 0.353657 0.000127
0.013332 0.224405 0.257526 0.147299 0.003691 0.353632 0.000115
0.013242 0.224988 0.257096 0.147100 0.003596 0.353861 0.000117
0.013540 0.223892 0.256814 0.146758 0.003698 0.355172 0.000126
0.013431 0.223064 0.256686 0.146916 0.003685 0.356098 0.000120
0.013299 0.221198 0.256849 0.146644 0.003654 0.358225 0.000130
0.013259 0.221322 0.256680 0.146926 0.003682 0.358013 0.000118
0.013419 0.221119 0.256367 0.146053 0.003683 0.359243 0.000116
0.013497 0.220674 0.256187 0.146291 0.003736 0.359489 0.000125
0.013455 0.219042 0.256339 0.146029 0.003760 0.361250 0.000124
0.013518 0.218806 0.255637 0.146064 0.003728 0.362127 0.000120
0.013626 0.215937 0.255867 0.145957 0.003769 0.364718 0.000126
0.013563 0.216707 0.255509 0.146053 0.003786 0.364256 0.000126
0.013667 0.216928 0.255213 0.145994 0.003780 0.364301 0.000117
0.013595 0.214781 0.255009 0.145789 0.003803 0.366894 0.000129
0.013564 0.215213 0.254645 0.145844 0.003775 0.366832 0.000127
0.013715 0.215266 0.254464 0.145256 0.003775 0.367398 0.000126
0.013854 0.214365 0.254081 0.145415 0.003865 0.368294 0.000127
0.013798 0.214790 0.253941 0.145130 0.003781 0.368440 0.000120
0.013649 0.212945 0.254330 0.144928 0.003785 0.370230 0.000132
0.013883 0.212791 0.253632 0.144756 0.003819 0.370992 0.000127
0.013538 0.211345 0.254014 0.144707 0.003871 0.372395 0.000131
0.013805 0.211147 0.253501 0.144809 0.003809 0.372802 0.000127
0.013741 0.211209 0.253693 0.144477 0.003785 0.372966 0.000129
0.013898 0.209134 0.253167 0.144646 0.003831 0.375188 0.000137
0.013933 0.209509 0.252612 0.144266 0.003869 0.375687 0.000126
0.014000 0.208727 0.252617 0.144147 0.003855 0.376534 0.000120
0.014132 0.208076 0.251961 0.144168 0.003794 0.377742 0.000126
0.014011 0.207623 0.252033 0.144093 0.003897 0.378221 0.000122
0.013976 0.205707 0.252009 0.144079 0.003889 0.380205 0.000134
0.013974 0.207278 0.251811 0.144157 0.003835 0.378813 0.000131
0.014085 0.204248 0.252014 0.143831 0.003919 0.381778 0.000125
0.014104 0.204475 0.251366 0.143531 0.003902 0.382489 0.000133
0.014270 0.203255 0.251004 0.143301 0.003923 0.384115 0.000132
0.014174 0.202509 0.250399 0.143642 0.003951 0.385196 0.000129
0.014266 0.200823 0.251091 0.143245 0.003972 0.386468 0.000135
0.014280 0.201333 0.250159 0.143241 0.003935 0.386917 0.000135
0.014218 0.202431 0.250409 0.143138 0.003924 0.385744 0.000137
0.014475 0.200174 0.249639 0.142912 0.003987 0.388678 0.000135
0.014238 0.199285 0.249953 0.142748 0.004009 0.389628 0.000139
0.014238 0.198361 0.249638 0.142837 0.004000 0.390791 0.000136
0.014428 0.198299 0.249656 0.142381 0.003981 0.391107 0.000148
0.014683 0.197898 0.249113 0.142602 0.003921 0.391638 0.000145
0.014257 0.196655 0.249007 0.142594 0.003961 0.393382 0.000142
0.014403 0.196842 0.248798 0.142555 0.004012 0.393257 0.000134
0.014388 0.196084 0.248378 0.141913 0.004090 0.395005 0.000142
0.014458 0.196724 0.248266 0.141776 0.004035 0.394603 0.000137
0.014683 0.194468 0.247876 0.141702 0.004055 0.397079 0.000137
0.014534 0.193902 0.247667 0.141656 0.004021 0.398077 0.000144
0.014441 0.193614 0.247270 0.141408 0.004019 0.399100 0.000147
0.014654 0.193413 0.247431 0.141500 0.004025 0.398831 0.000146
0.014659 0.191847 0.246784 0.141204 0.004018 0.401335 0.000153
0.014701 0.191583 0.246827 0.141074 0.003985 0.401678 0.000152
0.014654 0.192218 0.246838 0.141182 0.004037 0.400917 0.000154
0.014770 0.191694 0.246194 0.140691 0.004086 0.402417 0.000148
0.014763 0.190011 0.246152 0.140514 0.004075 0.404344 0.000142
0.014879 0.191658 0.246401 0.140665 0.004061 0.402186 0.000150
0.014844 0.187708 0.245475 0.140480 0.004109 0.407223 0.000160
0.014772 0.188617 0.245759 0.140205 0.004066 0.406421 0.000160
0.014987 0.187344 0.245020 0.140212 0.004065 0.408219 0.000152
0.014938 0.186008 0.245574 0.140012 0.004080 0.409228 0.000161
0.014843 0.188429 0.244810 0.139842 0.004082 0.407845 0.000148
0.015132 0.185568 0.244208 0.139528 0.004121 0.411282 0.000162
0.015202 0.185567 0.244301 0.139842 0.004139 0.410787 0.000163
0.015335 0.184440 0.243802 0.139604 0.004117 0.412543 0.000160
0.015175 0.185457 0.244300 0.139294 0.004105 0.411515 0.000154
0.015117 0.183926 0.243889 0.139045 0.004123 0.413734 0.000166
0.015073 0.183299 0.243917 0.139096 0.004128 0.414319 0.000168
0.015388 0.182471 0.243042 0.138746 0.004113 0.416081 0.000158
0.015242 0.181913 0.242716 0.138630 0.004146 0.417200 0.000153
0.015344 0.181689 0.242867 0.138591 0.004154 0.417192 0.000163
0.015556 0.180601 0.242596 0.138571 0.004189 0.418321 0.000166
0.015390 0.179828 0.242695 0.138507 0.004160 0.419256 0.000164
0.015669 0.179335 0.242007 0.138214 0.004144 0.420464 0.000167
0.015496 0.180037 0.241559 0.138028 0.004109 0.420606 0.000165
0.015510 0.179642 0.241410 0.137695 0.004166 0.421407 0.000170
0.015518 0.178235 0.241039 0.138051 0.004224 0.422754 0.000181
0.015754 0.178537 0.241047 0.137622 0.004167 0.422704 0.000169
0.015556 0.177176 0.240543 0.137678 0.004191 0.424677 0.000179
0.015581 0.177696 0.240740 0.137559 0.004150 0.424113 0.000162
0.015640 0.176684 0.240218 0.137449 0.004137 0.425702 0.000170
0.015667 0.175424 0.239728 0.137412 0.004229 0.427357 0.000183
0.015846 0.176328 0.239471 0.137230 0.004188 0.426766 0.000170
0.015768 0.175060 0.239561 0.136947 0.004144 0.428342 0.000178
0.015653 0.173523 0.239390 0.136834 0.004163 0.430255 0.000182
0.015604 0.174470 0.239022 0.136547 0.004230 0.429947 0.000181
0.015829 0.172046 0.238415 0.136652 0.004187 0.432698 0.000174
0.015842 0.172403 0.238413 0.136518 0.004188 0.432445 0.000190
0.015992 0.172344 0.237978 0.136201 0.004253 0.433059 0.000174
0.016034 0.172298 0.237670 0.136298 0.004174 0.433346 0.000180
0.015913 0.171513 0.237428 0.135717 0.004191 0.435059 0.000180
0.016090 0.171219 0.236895 0.135599 0.004186 0.435840 0.000172
0.015973 0.170473 0.236959 0.135782 0.004263 0.436370 0.000179
0.016042 0.169789 0.236404 0.135532 0.004225 0.437831 0.000177
0.016097 0.169825 0.236353 0.135491 0.004219 0.437830 0.000185
0.016201 0.168099 0.236382 0.135082 0.004272 0.439784 0.000180
0.016145 0.167335 0.235843 0.135159 0.004278 0.441064 0.000177
0.016324 0.167397 0.235923 0.134762 0.004286 0.441123 0.000186
0.016408 0.168964 0.235957 0.134614 0.004259 0.439617 0.000181
0.016282 0.166687 0.234931 0.134477 0.004287 0.443149 0.000187
0.016207 0.166788 0.235195 0.134225 0.004254 0.443159 0.000173
0.016401 0.166427 0.234433 0.134204 0.004289 0.444065 0.000181
0.016317 0.166186 0.234508 0.134167 0.004341 0.444292 0.000189
0.016571 0.164790 0.234227 0.133757 0.004322 0.446160 0.000174
0.016493 0.164963 0.234031 0.133695 0.004267 0.446370 0.000181
0.016437 0.163858 0.233716 0.133710 0.004309 0.447795 0.000175
0.016363 0.164682 0.233493 0.133573 0.004300 0.447402 0.000187
0.016408 0.163997 0.233079 0.133456 0.004311 0.448556 0.000193
0.016407 0.163402 0.233157 0.133478 0.004339 0.449030 0.000187
0.016594 0.162557 0.232792 0.133085 0.004380 0.450406 0.000187
0.016605 0.161876 0.232715 0.132898 0.004395 0.451335 0.000177
0.016843 0.160896 0.231669 0.132798 0.004372 0.453230 0.000192
0.016778 0.161315 0.232083 0.132850 0.004370 0.452418 0.000185
0.016895 0.159907 0.231912 0.132586 0.004355 0.454153 0.000193
0.016992 0.160379 0.231479 0.132277 0.004423 0.454253 0.000198
0.016916 0.160419 0.231549 0.132107 0.004373 0.454438 0.000199
0.017116 0.160007 0.231278 0.131577 0.004405 0.455422 0.000195
0.017063 0.158839 0.230549 0.131890 0.004316 0.457154 0.000188
0.017121 0.158711 0.230348 0.131610 0.004373 0.457645 0.000192
0.017115 0.158502 0.229842 0.131526 0.004432 0.458389 0.000194
0.017105 0.158013 0.230218 0.131134 0.004350 0.458973 0.000207
0.017429 0.156077 0.229027 0.131073 0.004399 0.461781 0.000213
0.017372 0.156350 0.229233 0.131041 0.004434 0.461376 0.000195
0.017240 0.155750 0.228622 0.130850 0.004391 0.462942 0.000204
0.017270 0.156860 0.229111 0.130871 0.004414 0.461286 0.000187
0.017413 0.155261 0.228406 0.130810 0.004397 0.463510 0.000203
0.017418 0.154906 0.228645 0.130188 0.004419 0.464219 0.000204
0.017350 0.155446 0.228000 0.130224 0.004375 0.464411 0.000193
0.017442 0.154491 0.228170 0.129994 0.004437 0.465261 0.000206
0.017553 0.153873 0.228126 0.129744 0.004413 0.466098 0.000193
0.017433 0.153918 0.227828 0.130076 0.004394 0.466148 0.000204
0.017643 0.151240 0.226467 0.129596 0.004534 0.470319 0.000202
0.017574 0.152978 0.226609 0.129677 0.004453 0.468507 0.000201
0.017719 0.152248 0.226590 0.129572 0.004455 0.469223 0.000194
0.017986 0.151201 0.226232 0.129117 0.004482 0.470783 0.000199
0.017751 0.152093 0.226119 0.129595 0.004460 0.469785 0.000197
0.017768 0.150447 0.225658 0.128815 0.004485 0.472625 0.000203
0.017866 0.150746 0.225396 0.128931 0.004508 0.472345 0.000209
0.017962 0.149564 0.224897 0.128424 0.004502 0.474437 0.000214
0.017897 0.150396 0.225272 0.128854 0.004492 0.472871 0.000217
0.017887 0.149567 0.224699 0.128335 0.004513 0.474792 0.000208
0.017936 0.148171 0.225037 0.128205 0.004573 0.475871 0.000207
0.018042 0.148036 0.224507 0.128113 0.004516 0.476584 0.000203
0.017932 0.147721 0.224388 0.127619 0.004584 0.477542 0.000214
0.018101 0.147716 0.223803 0.127563 0.004570 0.478026 0.000222
0.018218 0.147306 0.223460 0.127830 0.004520 0.478454 0.000211
0.018302 0.146407 0.223131 0.127234 0.004524 0.480188 0.000214
0.018407 0.146727 0.222958 0.127063 0.004565 0.480070 0.000210
0.018355 0.145252 0.222755 0.126943 0.004588 0.481893 0.000214
0.018585 0.146217 0.222341 0.127343 0.004493 0.480806 0.000214
0.018430 0.145075 0.222296 0.126572 0.004592 0.482818 0.000218
0.018308 0.145813 0.221805 0.126842 0.004567 0.482463 0.000202
0.018466 0.144480 0.221569 0.126375 0.004598 0.484295 0.000217
0.018634 0.143906 0.220915 0.126041 0.004569 0.485708 0.000227
0.018524 0.143726 0.220805 0.126209 0.004638 0.485874 0.000223
0.018637 0.142849 0.220277 0.125965 0.004584 0.487472 0.000214
0.018866 0.142319 0.220562 0.125490 0.004619 0.487917 0.000227
