0.999115 0.000859 0.000013 0.000013 0.000000 0.000000 0.000000
0.998676 0.001284 0.000019 0.000007 0.000001 0.000013 0.000000
0.998235 0.001712 0.000028 0.000008 0.000000 0.000017 0.000000
0.997781 0.002159 0.000033 0.000011 0.000000 0.000017 0.000000
0.997341 0.002589 0.000040 0.000013 0.000000 0.000017 0.000000
0.996825 0.003089 0.000048 0.000020 0.000000 0.000018 0.000000
0.996243 0.003653 0.000067 0.000020 0.000000 0.000017 0.000000
0.995584 0.004308 0.000067 0.000024 0.000000 0.000017 0.000000
0.994713 0.005162 0.000083 0.000025 0.000000 0.000017 0.000000
0.993869 0.005988 0.000101 0.000026 0.000000 0.000016 0.000000
0.992594 0.007252 0.000108 0.000032 0.000000 0.000015 0.000000
0.991492 0.008299 0.000150 0.000043 0.000000 0.000015 0.000000
0.990070 0.009738 0.000137 0.000039 0.000000 0.000016 0.000000
0.987735 0.012006 0.000183 0.000061 0.000000 0.000015 0.000000
0.985983 0.013737 0.000194 0.000072 0.000000 0.000015 0.000000
0.982365 0.017278 0.000247 0.000099 0.000000 0.000011 0.000000
0.978603 0.021010 0.000272 0.000100 0.000000 0.000015 0.000000
0.974457 0.025044 0.000324 0.000148 0.000000 0.000027 0.000000
0.969931 0.029420 0.000430 0.000194 0.000000 0.000025 0.000000
0.965298 0.033940 0.000495 0.000235 0.000000 0.000032 0.000000
0.958734 0.040356 0.000581 0.000299 0.000000 0.000030 0.000000
0.952202 0.046695 0.000723 0.000348 0.000000 0.000032 0.000000
0.944986 0.053771 0.000805 0.000404 0.000000 0.000035 0.000000
0.936706 0.061838 0.000969 0.000450 0.000000 0.000037 0.000000
0.927952 0.070370 0.001096 0.000538 0.000000 0.000045 0.000000
0.920042 0.078135 0.001195 0.000582 0.000000 0.000046 0.000000
0.909534 0.088338 0.001405 0.000673 0.000000 0.000050 0.000000
0.899705 0.097950 0.001546 0.000744 0.000000 0.000054 0.000000
0.886405 0.110823 0.001820 0.000892 0.000000 0.000060 0.000000
0.873392 0.123375 0.002130 0.001036 0.000000 0.000067 0.000000
0.860547 0.135840 0.002348 0.001199 0.000000 0.000066 0.000000
0.846548 0.149484 0.002563 0.001330 0.000000 0.000076 0.000000
0.833370 0.162190 0.002826 0.001523 0.000000 0.000092 0.000000
0.818825 0.176300 0.003067 0.001706 0.000000 0.000102 0.000000
0.803969 0.190713 0.003359 0.001844 0.000000 0.000114 0.000000
0.786174 0.207921 0.003723 0.002054 0.000000 0.000128 0.000000
0.771491 0.221954 0.004077 0.002334 0.000000 0.000143 0.000000
0.757602 0.235164 0.004508 0.002569 0.000000 0.000157 0.000000
0.740362 0.251668 0.004969 0.002834 0.000000 0.000168 0.000000
0.724602 0.266725 0.005429 0.003061 0.000000 0.000183 0.000000
0.708124 0.282473 0.005891 0.003306 0.000000 0.000206 0.000000
0.694018 0.295842 0.006337 0.003571 0.000000 0.000232 0.000000
0.678169 0.310836 0.006856 0.003887 0.000000 0.000251 0.000000
0.664832 0.323441 0.007270 0.004194 0.000000 0.000263 0.000000
0.648131 0.339174 0.007860 0.004544 0.000000 0.000291 0.000000
0.633344 0.353124 0.008383 0.004826 0.000002 0.000320 0.000000
0.615865 0.369482 0.009063 0.005247 0.000001 0.000341 0.000000
0.603664 0.380820 0.009611 0.005542 0.000002 0.000362 0.000000
0.590237 0.393247 0.010232 0.005907 0.000001 0.000375 0.000000
0.576872 0.405662 0.010810 0.006241 0.000001 0.000414 0.000000
0.562166 0.419139 0.011559 0.006672 0.000001 0.000462 0.000000
0.549485 0.430673 0.012282 0.007060 0.000001 0.000499 0.000000
0.536850 0.442174 0.012946 0.007501 0.000002 0.000527 0.000000
0.524028 0.453712 0.013746 0.007938 0.000003 0.000574 0.000000
0.511446 0.465066 0.014496 0.008359 0.000003 0.000630 0.000000
0.502693 0.472682 0.015163 0.008785 0.000005 0.000673 0.000000
0.491089 0.483092 0.015934 0.009160 0.000006 0.000720 0.000000
0.483933 0.489179 0.016562 0.009547 0.000007 0.000771 0.000000
0.471617 0.500233 0.017324 0.010007 0.000010 0.000810 0.000000
0.457752 0.512352 0.018365 0.010627 0.000009 0.000895 0.000000
0.448993 0.519677 0.019216 0.011139 0.000010 0.000965 0.000000
0.444258 0.523540 0.019745 0.011429 0.000010 0.001018 0.000000
0.435291 0.531189 0.020571 0.011860 0.000010 0.001080 0.000000
0.425672 0.539372 0.021436 0.012361 0.000010 0.001148 0.000000
0.413797 0.549353 0.022609 0.012992 0.000012 0.001237 0.000000
0.406841 0.554850 0.023509 0.013479 0.000011 0.001309 0.000000
0.395962 0.564023 0.024520 0.014067 0.000012 0.001415 0.000000
0.390429 0.568298 0.025347 0.014434 0.000015 0.001477 0.000000
0.379413 0.577582 0.026413 0.015015 0.000016 0.001560 0.000000
0.371652 0.583819 0.027295 0.015558 0.000018 0.001658 0.000000
0.365398 0.588575 0.028175 0.016073 0.000021 0.001759 0.000000
0.355017 0.596922 0.029428 0.016746 0.000020 0.001867 0.000000
0.345000 0.605024 0.030570 0.017397 0.000024 0.001986 0.000000
0.336396 0.611718 0.031638 0.018100 0.000024 0.002123 0.000000
0.333340 0.613521 0.032395 0.018523 0.000027 0.002195 0.000000
0.322227 0.622324 0.033755 0.019300 0.000028 0.002366 0.000000
0.310287 0.631422 0.035480 0.020247 0.000029 0.002536 0.000000
0.305427 0.634968 0.036232 0.020685 0.000033 0.002655 0.000000
0.298167 0.640329 0.037380 0.021337 0.000040 0.002747 0.000000
0.293018 0.643023 0.038754 0.022215 0.000045 0.002945 0.000000
0.287777 0.646380 0.039827 0.022863 0.000046 0.003108 0.000000
0.279567 0.652101 0.041378 0.023626 0.000047 0.003280 0.000000
0.275192 0.654607 0.042487 0.024222 0.000052 0.003440 0.000000
0.271553 0.656709 0.043373 0.024745 0.000052 0.003569 0.000000
0.267128 0.658861 0.044686 0.025545 0.000053 0.003727 0.000000
0.258259 0.664892 0.046390 0.026429 0.000058 0.003972 0.000000
0.253355 0.667469 0.047761 0.027182 0.000058 0.004174 0.000000
0.250878 0.668434 0.048607 0.027693 0.000060 0.004328 0.000000
0.247970 0.669428 0.049700 0.028327 0.000064 0.004511 0.000000
0.239675 0.674640 0.051478 0.029370 0.000065 0.004772 0.000000
0.241868 0.671647 0.051885 0.029674 0.000067 0.004859 0.000000
0.237493 0.674064 0.053050 0.030221 0.000072 0.005101 0.000000
0.225804 0.682142 0.055101 0.031424 0.000080 0.005450 0.000000
0.225455 0.680515 0.056264 0.032045 0.000078 0.005642 0.000000
0.216351 0.686187 0.058128 0.033271 0.000080 0.005984 0.000000
0.215459 0.685388 0.059151 0.033739 0.000086 0.006176 0.000000
0.212401 0.686545 0.060220 0.034382 0.000088 0.006364 0.000000
0.202073 0.692864 0.062592 0.035559 0.000093 0.006819 0.000000
0.202854 0.690940 0.063123 0.035995 0.000099 0.006988 0.000000
0.194660 0.696216 0.064886 0.036906 0.000103 0.007228 0.000000
0.196797 0.693196 0.065267 0.037207 0.000100 0.007434 0.000000
0.187117 0.698954 0.067534 0.038472 0.000105 0.007818 0.000000
0.181355 0.701156 0.069576 0.039555 0.000109 0.008250 0.000000
0.173230 0.706442 0.071108 0.040580 0.000110 0.008529 0.000000
0.171220 0.706136 0.072345 0.041394 0.000119 0.008786 0.000000
0.169247 0.705350 0.074044 0.042121 0.000122 0.009116 0.000000
0.162077 0.709166 0.075876 0.043216 0.000131 0.009535 0.000000
0.160168 0.708462 0.077323 0.044013 0.000128 0.009905 0.000000
0.150691 0.713806 0.079671 0.045400 0.000133 0.010299 0.000000
0.143824 0.717574 0.081429 0.046360 0.000139 0.010675 0.000000
0.145536 0.714992 0.081917 0.046504 0.000143 0.010908 0.000000
0.135293 0.720163 0.084658 0.048240 0.000152 0.011493 0.000000
0.133686 0.719493 0.085964 0.048841 0.000157 0.011861 0.000000
0.126596 0.721927 0.088694 0.050317 0.000161 0.012304 0.000000
0.125250 0.721420 0.089617 0.050913 0.000172 0.012628 0.000000
0.121805 0.721837 0.091286 0.051843 0.000174 0.013054 0.000000
0.118468 0.720793 0.093661 0.053231 0.000179 0.013669 0.000000
0.111026 0.724402 0.095664 0.054550 0.000182 0.014175 0.000000
0.113299 0.720643 0.096540 0.054851 0.000191 0.014476 0.000000
0.104498 0.724205 0.099416 0.056585 0.000200 0.015095 0.000000
0.106287 0.720621 0.100300 0.057141 0.000199 0.015453 0.000000
0.103647 0.719711 0.102204 0.058278 0.000218 0.015943 0.000000
0.104250 0.715843 0.104024 0.059219 0.000224 0.016441 0.000000
0.111372 0.708672 0.103908 0.059131 0.000222 0.016695 0.000000
0.107585 0.708972 0.105835 0.060150 0.000233 0.017224 0.000000
0.110997 0.705520 0.105811 0.060202 0.000234 0.017236 0.000000
0.105932 0.704789 0.108838 0.061957 0.000245 0.018239 0.000000
0.108692 0.701626 0.108876 0.062094 0.000247 0.018465 0.000000
0.113359 0.695848 0.109561 0.062225 0.000261 0.018746 0.000000
0.105198 0.697071 0.113209 0.064434 0.000276 0.019811 0.000000
0.105587 0.695361 0.113910 0.064680 0.000280 0.020182 0.000000
0.100877 0.695972 0.116092 0.065856 0.000277 0.020926 0.000000
0.106153 0.690786 0.116006 0.065739 0.000277 0.021040 0.000000
0.104704 0.690115 0.117125 0.066360 0.000289 0.021406 0.000000
0.101320 0.690352 0.118675 0.067266 0.000294 0.022092 0.000000
0.102342 0.687466 0.119461 0.067868 0.000302 0.022561 0.000000
0.094678 0.690388 0.121996 0.069321 0.000303 0.023314 0.000000
0.096011 0.688259 0.122266 0.069589 0.000308 0.023568 0.000000
0.094539 0.686735 0.123862 0.070382 0.000317 0.024165 0.000000
0.088929 0.688663 0.125758 0.071539 0.000324 0.024787 0.000000
0.086746 0.687409 0.127435 0.072510 0.000337 0.025563 0.000000
0.079774 0.690433 0.129550 0.073715 0.000336 0.026192 0.000000
0.081286 0.687757 0.130021 0.073971 0.000345 0.026620 0.000000
0.074712 0.688676 0.132767 0.075882 0.000356 0.027607 0.000000
0.072980 0.688200 0.133945 0.076415 0.000358 0.028102 0.000000
0.068802 0.687844 0.136277 0.077747 0.000365 0.028966 0.000000
0.065741 0.687480 0.137912 0.078711 0.000376 0.029780 0.000000
0.063862 0.687959 0.138658 0.079085 0.000374 0.030062 0.000000
0.060963 0.686833 0.140628 0.080277 0.000386 0.030913 0.000000
0.058724 0.685354 0.142518 0.081178 0.000409 0.031816 0.000000
0.054137 0.685213 0.145045 0.082610 0.000399 0.032595 0.000000
0.052647 0.682738 0.146831 0.083770 0.000413 0.033601 0.000000
0.052526 0.682281 0.146887 0.083970 0.000423 0.033914 0.000000
0.049612 0.680098 0.149665 0.085126 0.000428 0.035070 0.000000
0.053660 0.676189 0.149394 0.085031 0.000437 0.035288 0.000000
0.050777 0.673208 0.152385 0.086712 0.000449 0.036468 0.000000
0.051899 0.670364 0.153279 0.087062 0.000458 0.036937 0.000000
0.052722 0.668222 0.153616 0.087577 0.000477 0.037385 0.000000
0.052483 0.667352 0.154190 0.087682 0.000461 0.037833 0.000000
0.050887 0.665044 0.156074 0.088850 0.000477 0.038668 0.000000
0.047417 0.663373 0.158394 0.090262 0.000493 0.040060 0.000000
0.053690 0.658455 0.157624 0.089818 0.000485 0.039926 0.000001
0.058902 0.653689 0.157318 0.089556 0.000509 0.040025 0.000001
0.054020 0.653677 0.159784 0.090866 0.000526 0.041126 0.000001
0.052596 0.651219 0.161425 0.092028 0.000546 0.042185 0.000001
0.055857 0.647190 0.161804 0.092006 0.000552 0.042590 0.000001
0.054887 0.645356 0.163161 0.092833 0.000555 0.043209 0.000001
0.060292 0.640217 0.162571 0.092671 0.000563 0.043686 0.000001
0.061179 0.635211 0.164649 0.093667 0.000580 0.044714 0.000001
0.066379 0.629489 0.164488 0.093687 0.000560 0.045397 0.000001
0.066251 0.630031 0.164395 0.093412 0.000557 0.045354 0.000001
0.072262 0.622756 0.164703 0.093741 0.000562 0.045977 0.000001
0.072376 0.621826 0.165191 0.093633 0.000578 0.046395 0.000001
0.075216 0.617424 0.165491 0.094135 0.000580 0.047153 0.000001
0.070458 0.618165 0.167451 0.095179 0.000600 0.048147 0.000001
0.070699 0.615848 0.168217 0.095787 0.000589 0.048860 0.000000
0.072672 0.614030 0.167970 0.095670 0.000607 0.049050 0.000001
0.072799 0.611722 0.168813 0.096117 0.000616 0.049931 0.000001
0.072374 0.609982 0.169936 0.096605 0.000614 0.050489 0.000000
0.065664 0.612565 0.171982 0.097592 0.000627 0.051570 0.000000
0.068376 0.607941 0.172659 0.098115 0.000639 0.052269 0.000001
0.065530 0.608848 0.173319 0.098668 0.000636 0.052998 0.000000
0.061738 0.609670 0.174711 0.099530 0.000652 0.053698 0.000001
0.060449 0.610195 0.175217 0.099558 0.000658 0.053923 0.000001
0.057073 0.609035 0.177047 0.100764 0.000688 0.055391 0.000001
0.049322 0.608335 0.181301 0.103097 0.000712 0.057231 0.000002
0.047143 0.609200 0.181821 0.103357 0.000701 0.057777 0.000001
0.050823 0.607481 0.180832 0.102593 0.000697 0.057573 0.000001
0.046725 0.607016 0.182797 0.103953 0.000718 0.058790 0.000001
0.044892 0.605885 0.184249 0.104528 0.000715 0.059730 0.000001
0.046278 0.602817 0.184601 0.104958 0.000733 0.060612 0.000002
0.045746 0.600499 0.185975 0.105749 0.000739 0.061291 0.000001
0.044054 0.599767 0.187207 0.106287 0.000749 0.061935 0.000001
0.044814 0.594673 0.189216 0.107334 0.000756 0.063207 0.000001
0.042752 0.594695 0.189939 0.107826 0.000768 0.064019 0.000001
0.044533 0.591897 0.189976 0.108050 0.000771 0.064772 0.000002
0.042387 0.590675 0.191630 0.108866 0.000788 0.065652 0.000002
0.039240 0.589361 0.193699 0.110001 0.000800 0.066897 0.000002
0.043684 0.585133 0.193158 0.109714 0.000802 0.067508 0.000003
0.038740 0.584792 0.196017 0.110889 0.000812 0.068749 0.000002
0.045298 0.578966 0.195220 0.110467 0.000833 0.069214 0.000002
0.049216 0.575058 0.194784 0.110484 0.000846 0.069610 0.000002
0.047809 0.575377 0.195156 0.110823 0.000835 0.069998 0.000003
0.047419 0.574172 0.195878 0.110986 0.000859 0.070683 0.000002
0.047123 0.570556 0.197642 0.112021 0.000852 0.071804 0.000002
0.049472 0.567871 0.197209 0.111856 0.000854 0.072738 0.000002
0.046858 0.567364 0.198475 0.112955 0.000853 0.073494 0.000001
0.046705 0.567794 0.198255 0.112660 0.000887 0.073695 0.000003
0.039551 0.566291 0.202634 0.114735 0.000903 0.075883 0.000003
0.043366 0.564065 0.201658 0.114052 0.000909 0.075947 0.000002
0.041669 0.563277 0.202598 0.114628 0.000921 0.076905 0.000003
0.035147 0.563111 0.205519 0.116420 0.000942 0.078857 0.000003
0.034913 0.561405 0.206413 0.116984 0.000930 0.079353 0.000002
0.036189 0.561476 0.205743 0.116526 0.000956 0.079109 0.000002
0.032163 0.558394 0.208317 0.118185 0.000973 0.081965 0.000003
0.033817 0.554802 0.208983 0.118744 0.000983 0.082667 0.000003
0.031038 0.556000 0.209641 0.118995 0.000960 0.083363 0.000003
0.029649 0.553625 0.211438 0.119665 0.001001 0.084619 0.000003
0.030617 0.551308 0.211618 0.120172 0.001015 0.085267 0.000003
0.030203 0.550176 0.211874 0.120515 0.001024 0.086206 0.000002
0.028288 0.548862 0.213499 0.121010 0.001040 0.087298 0.000002
0.026558 0.546464 0.215329 0.121942 0.001054 0.088651 0.000002
0.025491 0.543317 0.216801 0.122884 0.001061 0.090443 0.000003
0.023910 0.543496 0.217605 0.123055 0.001064 0.090868 0.000003
0.024366 0.541758 0.217879 0.123233 0.001095 0.091667 0.000002
0.024233 0.541254 0.217823 0.123319 0.001095 0.092274 0.000003
0.029915 0.534678 0.217882 0.123385 0.001108 0.093028 0.000003
0.030069 0.531286 0.218956 0.124183 0.001109 0.094393 0.000003
0.029815 0.531074 0.219255 0.124148 0.001111 0.094593 0.000002
0.030613 0.529105 0.219361 0.124201 0.001111 0.095605 0.000004
0.039411 0.521126 0.218530 0.123819 0.001124 0.095986 0.000004
0.038055 0.518936 0.219804 0.124702 0.001157 0.097343 0.000004
0.041924 0.518353 0.218176 0.123564 0.001147 0.096832 0.000005
0.044763 0.512861 0.218672 0.124302 0.001160 0.098235 0.000006
0.041567 0.512795 0.220383 0.124626 0.001171 0.099455 0.000003
0.045818 0.511324 0.218364 0.124088 0.001183 0.099219 0.000004
0.041302 0.510261 0.220914 0.125308 0.001200 0.101011 0.000005
0.044531 0.508647 0.220074 0.124723 0.001225 0.100796 0.000005
0.042876 0.508337 0.220655 0.125125 0.001199 0.101803 0.000005
0.039991 0.507445 0.222021 0.125987 0.001222 0.103328 0.000006
0.037232 0.507723 0.222918 0.126525 0.001222 0.104375 0.000004
0.036752 0.506207 0.223592 0.126749 0.001225 0.105471 0.000004
0.038050 0.503741 0.223795 0.127006 0.001216 0.106187 0.000005
0.035227 0.502795 0.225209 0.127673 0.001262 0.107828 0.000005
0.032919 0.501922 0.226455 0.128383 0.001276 0.109040 0.000005
0.033510 0.503331 0.225548 0.127906 0.001254 0.108443 0.000007
0.032390 0.501844 0.226595 0.128182 0.001271 0.109710 0.000007
0.031142 0.497608 0.228221 0.129440 0.001288 0.112294 0.000006
0.029159 0.498755 0.228749 0.129376 0.001283 0.112672 0.000006
0.026994 0.495518 0.230680 0.130752 0.001338 0.114710 0.000009
0.025027 0.494665 0.231803 0.131257 0.001307 0.115931 0.000009
0.025314 0.491413 0.232789 0.131856 0.001337 0.117283 0.000008
0.023927 0.492000 0.233166 0.131875 0.001359 0.117663 0.000010
0.023709 0.491228 0.233251 0.132064 0.001358 0.118379 0.000010
0.022831 0.489996 0.234012 0.132558 0.001370 0.119227 0.000007
0.020339 0.484806 0.236806 0.134448 0.001416 0.122177 0.000008
0.021585 0.485743 0.235821 0.133760 0.001391 0.121691 0.000009
0.020712 0.484087 0.236926 0.134066 0.001421 0.122779 0.000009
0.020670 0.481801 0.237661 0.134457 0.001408 0.123994 0.000009
0.019491 0.478250 0.239278 0.135365 0.001458 0.126150 0.000007
0.019757 0.477981 0.239003 0.135383 0.001464 0.126400 0.000011
0.019106 0.477282 0.239370 0.135507 0.001461 0.127262 0.000012
0.018428 0.474082 0.240965 0.136205 0.001497 0.128813 0.000010
0.024528 0.471847 0.238629 0.135066 0.001478 0.128440 0.000011
0.026348 0.466569 0.239853 0.135678 0.001475 0.130067 0.000009
0.030762 0.463535 0.238676 0.135290 0.001493 0.130233 0.000010
0.030628 0.463227 0.238738 0.135283 0.001510 0.130603 0.000012
0.029640 0.458254 0.240977 0.136265 0.001539 0.133315 0.000010
0.028174 0.459440 0.240543 0.136331 0.001542 0.133958 0.000011
0.030009 0.458450 0.240238 0.135858 0.001515 0.133920 0.000010
0.027590 0.458728 0.240716 0.136505 0.001550 0.134901 0.000011
0.030223 0.454739 0.240839 0.136499 0.001552 0.136138 0.000011
0.026511 0.455639 0.241895 0.137382 0.001564 0.136996 0.000014
0.029918 0.451009 0.242044 0.137047 0.001583 0.138389 0.000011
0.026194 0.449646 0.243719 0.138204 0.001598 0.140626 0.000014
0.027608 0.449243 0.243110 0.137838 0.001613 0.140575 0.000012
0.025481 0.448648 0.244144 0.138115 0.001617 0.141981 0.000013
0.024038 0.450445 0.243677 0.138359 0.001638 0.141828 0.000015
0.024098 0.446749 0.244650 0.138962 0.001666 0.143861 0.000013
0.022792 0.445596 0.245561 0.139016 0.001665 0.145356 0.000015
0.023067 0.445558 0.245247 0.139187 0.001659 0.145267 0.000016
0.023103 0.444379 0.245663 0.139121 0.001672 0.146047 0.000016
0.020417 0.440931 0.247753 0.140473 0.001714 0.148693 0.000019
0.020495 0.439817 0.247673 0.140530 0.001725 0.149741 0.000019
0.020731 0.439431 0.247779 0.140527 0.001738 0.149775 0.000019
0.018661 0.436541 0.249888 0.141428 0.001763 0.151701 0.000018
0.018687 0.436691 0.249465 0.141079 0.001750 0.152310 0.000019
0.019243 0.434299 0.249864 0.141380 0.001770 0.153426 0.000019
0.017605 0.433095 0.250723 0.142016 0.001784 0.154758 0.000019
0.016911 0.432971 0.250616 0.142093 0.001755 0.155635 0.000019
0.016569 0.428452 0.252193 0.142912 0.001806 0.158050 0.000018
0.017388 0.428775 0.251785 0.142606 0.001802 0.157625 0.000019
0.016513 0.426483 0.252942 0.143002 0.001822 0.159220 0.000019
0.016202 0.423221 0.253934 0.143579 0.001852 0.161190 0.000022
0.015819 0.423439 0.253719 0.143486 0.001850 0.161670 0.000016
0.016247 0.421978 0.253684 0.143607 0.001877 0.162583 0.000024
0.016065 0.420529 0.253856 0.143598 0.001859 0.164069 0.000024
0.015333 0.416693 0.255404 0.144254 0.001875 0.166421 0.000021
0.015287 0.416972 0.255207 0.144308 0.001877 0.166330 0.000018
0.015334 0.414015 0.255847 0.144708 0.001901 0.168175 0.000020
0.015470 0.415603 0.255288 0.144422 0.001895 0.167303 0.000019
0.015303 0.411807 0.256098 0.144973 0.001943 0.169855 0.000022
0.014606 0.407540 0.257679 0.145868 0.001960 0.172326 0.000022
0.015091 0.409530 0.256555 0.145248 0.001934 0.171617 0.000025
0.015285 0.409001 0.256407 0.145358 0.001929 0.171998 0.000022
0.014693 0.406290 0.257649 0.145843 0.001987 0.173518 0.000020
0.014755 0.403749 0.258041 0.146311 0.001991 0.175131 0.000021
0.014948 0.401479 0.258524 0.146331 0.002040 0.176655 0.000024
0.014624 0.399999 0.258896 0.146535 0.002018 0.177903 0.000025
0.014136 0.398699 0.259532 0.146847 0.002024 0.178737 0.000026
0.014614 0.397805 0.259001 0.146594 0.002042 0.179917 0.000026
0.014455 0.396075 0.259550 0.146880 0.002067 0.180942 0.000030
0.014271 0.393420 0.259914 0.147390 0.002083 0.182896 0.000027
0.014325 0.393851 0.259873 0.147334 0.002076 0.182511 0.000030
0.014159 0.390072 0.260833 0.147648 0.002087 0.185172 0.000028
0.014072 0.390178 0.260490 0.147274 0.002097 0.185861 0.000028
0.014023 0.389653 0.260616 0.147418 0.002084 0.186175 0.000031
0.014258 0.388605 0.260611 0.147342 0.002115 0.187036 0.000033
0.014227 0.385006 0.261397 0.147880 0.002130 0.189332 0.000029
0.013913 0.384374 0.261541 0.147846 0.002110 0.190183 0.000032
0.014081 0.383983 0.261426 0.148012 0.002161 0.190304 0.000034
0.013892 0.381238 0.261892 0.148325 0.002174 0.192445 0.000033
0.013813 0.379131 0.262512 0.148619 0.002183 0.193710 0.000033
0.013778 0.376934 0.262873 0.148719 0.002209 0.195453 0.000033
0.013848 0.377223 0.262476 0.148686 0.002194 0.195536 0.000037
0.014205 0.376519 0.262406 0.148255 0.002195 0.196383 0.000036
0.014096 0.374811 0.262820 0.148493 0.002183 0.197563 0.000034
0.013839 0.372710 0.263028 0.148733 0.002230 0.199426 0.000034
0.014149 0.372165 0.263221 0.148722 0.002227 0.199487 0.000030
0.014274 0.373044 0.262228 0.148492 0.002251 0.199683 0.000028
0.013993 0.369465 0.263494 0.149038 0.002236 0.201742 0.000031
0.014053 0.367852 0.263517 0.149287 0.002256 0.203003 0.000032
0.014064 0.366057 0.263963 0.149183 0.002240 0.204458 0.000034
0.014066 0.365847 0.263846 0.148880 0.002271 0.205059 0.000031
0.013886 0.361986 0.264936 0.149665 0.002259 0.207230 0.000037
0.014021 0.363013 0.264788 0.149256 0.002285 0.206600 0.000038
0.013839 0.363034 0.264072 0.149296 0.002301 0.207424 0.000033
0.013818 0.360595 0.264604 0.149738 0.002308 0.208901 0.000037
0.014007 0.357536 0.264985 0.150102 0.002324 0.211014 0.000033
0.021174 0.355296 0.262546 0.148590 0.002317 0.210042 0.000034
0.026747 0.352023 0.261069 0.147929 0.002305 0.209886 0.000042
0.028156 0.351639 0.260478 0.147695 0.002294 0.209700 0.000038
0.025173 0.350265 0.261452 0.148385 0.002319 0.212375 0.000031
0.026314 0.351560 0.260894 0.147473 0.002332 0.211391 0.000037
0.027732 0.348546 0.260293 0.147725 0.002342 0.213326 0.000036
0.028792 0.347337 0.260492 0.147410 0.002333 0.213601 0.000035
0.029448 0.346644 0.259900 0.147208 0.002347 0.214419 0.000033
0.024522 0.346400 0.261698 0.148515 0.002349 0.216481 0.000035
0.025230 0.345565 0.261198 0.148129 0.002345 0.217498 0.000035
0.027611 0.345245 0.260361 0.147608 0.002369 0.216768 0.000037
0.022685 0.344981 0.262217 0.148580 0.002394 0.219108 0.000035
0.023934 0.342119 0.262006 0.148587 0.002399 0.220918 0.000038
0.023067 0.342027 0.262500 0.148545 0.002449 0.221373 0.000040
0.022111 0.341870 0.262663 0.148661 0.002391 0.222267 0.000037
0.024537 0.341490 0.261192 0.147993 0.002406 0.222344 0.000038
0.021846 0.339258 0.262404 0.148536 0.002434 0.225487 0.000034
0.020612 0.338582 0.263227 0.149023 0.002476 0.226043 0.000037
0.020406 0.337784 0.263214 0.148973 0.002467 0.227120 0.000038
0.020128 0.337446 0.262895 0.148876 0.002496 0.228121 0.000039
0.020824 0.338101 0.261945 0.148463 0.002465 0.228164 0.000039
0.018808 0.336605 0.263152 0.148980 0.002484 0.229933 0.000037
0.017935 0.334381 0.264153 0.149407 0.002494 0.231586 0.000044
0.017155 0.331586 0.264754 0.149813 0.002567 0.234087 0.000038
0.017753 0.334040 0.263609 0.149173 0.002570 0.232818 0.000038
0.017605 0.330363 0.264266 0.149632 0.002599 0.235496 0.000038
0.016247 0.328691 0.265193 0.150070 0.002594 0.237167 0.000038
0.017650 0.331217 0.263687 0.149227 0.002577 0.235601 0.000041
0.016451 0.328259 0.264992 0.150221 0.002553 0.237481 0.000043
0.016499 0.323770 0.265541 0.150274 0.002625 0.241249 0.000042
0.016238 0.325336 0.264934 0.150205 0.002624 0.240621 0.000043
0.015689 0.323378 0.265553 0.150479 0.002601 0.242257 0.000044
0.015660 0.321993 0.265120 0.150550 0.002617 0.244012 0.000048
0.014827 0.322062 0.265830 0.150877 0.002629 0.243728 0.000047
0.014926 0.318402 0.266402 0.151051 0.002617 0.246552 0.000051
0.015424 0.316935 0.265998 0.150916 0.002681 0.248000 0.000046
0.014923 0.317605 0.265988 0.150946 0.002634 0.247854 0.000050
0.015060 0.317110 0.265789 0.150556 0.002699 0.248738 0.000048
0.014915 0.314198 0.266581 0.151206 0.002715 0.250341 0.000044
0.014933 0.313447 0.266322 0.150991 0.002678 0.251577 0.000051
0.014761 0.313568 0.266537 0.150379 0.002778 0.251933 0.000044
0.014736 0.311071 0.266411 0.151283 0.002739 0.253708 0.000053
0.014489 0.308834 0.266642 0.151121 0.002767 0.256099 0.000049
0.014674 0.311023 0.266383 0.150963 0.002758 0.254152 0.000047
0.014280 0.306774 0.266782 0.151417 0.002812 0.257881 0.000054
0.014841 0.306965 0.266128 0.151253 0.002788 0.257975 0.000051
0.014522 0.304118 0.267158 0.151241 0.002810 0.260101 0.000051
0.014362 0.304732 0.266761 0.151056 0.002788 0.260253 0.000048
0.014558 0.304591 0.266112 0.151006 0.002816 0.260865 0.000050
0.014639 0.303494 0.266350 0.151284 0.002819 0.261363 0.000051
0.014281 0.301677 0.266530 0.151129 0.002830 0.263503 0.000050
0.014669 0.302317 0.266484 0.150931 0.002856 0.262692 0.000052
0.014484 0.299079 0.266586 0.151060 0.002845 0.265898 0.000048
0.014513 0.298028 0.266904 0.150961 0.002841 0.266702 0.000052
0.014211 0.297137 0.266705 0.151360 0.002882 0.267653 0.000052
0.014556 0.296867 0.265949 0.151113 0.002922 0.268539 0.000053
0.014753 0.295873 0.266067 0.150805 0.002923 0.269530 0.000049
0.014350 0.293918 0.266797 0.150874 0.002889 0.271120 0.000052
0.014454 0.292547 0.266777 0.150956 0.002906 0.272306 0.000053
0.014543 0.293260 0.266184 0.150970 0.002941 0.272049 0.000053
0.014350 0.290856 0.266585 0.151131 0.002981 0.274039 0.000059
0.014287 0.290433 0.266314 0.151284 0.002939 0.274683 0.000060
0.014348 0.287447 0.266953 0.150884 0.002975 0.277336 0.000057
0.014226 0.285886 0.266968 0.151460 0.002997 0.278409 0.000054
0.014312 0.286708 0.266532 0.150955 0.003003 0.278433 0.000057
0.014452 0.285667 0.266352 0.151320 0.002960 0.279191 0.000057
0.014433 0.285696 0.265836 0.150819 0.003037 0.280117 0.000060
0.014662 0.284684 0.265525 0.150783 0.003037 0.281253 0.000055
0.014479 0.282234 0.266065 0.150720 0.003027 0.283419 0.000056
0.014494 0.281549 0.266199 0.150609 0.003068 0.284021 0.000060
0.014265 0.281195 0.265582 0.150666 0.003089 0.285142 0.000060
0.014274 0.278871 0.266227 0.150630 0.003030 0.286915 0.000053
0.014634 0.278128 0.265731 0.151043 0.003085 0.287315 0.000064
0.014306 0.276173 0.266246 0.150798 0.003086 0.289334 0.000058
0.014543 0.275624 0.265738 0.150599 0.003135 0.290303 0.000058
0.014599 0.275442 0.265886 0.150516 0.003089 0.290408 0.000060
0.014425 0.276318 0.264813 0.150244 0.003111 0.291031 0.000059
0.014644 0.275005 0.264966 0.150412 0.003093 0.291820 0.000060
0.014515 0.272835 0.265042 0.150410 0.003112 0.294026 0.000061
0.014596 0.271946 0.265342 0.150329 0.003112 0.294611 0.000064
0.014623 0.271422 0.264688 0.150191 0.003143 0.295873 0.000059
0.014401 0.270283 0.265000 0.150403 0.003150 0.296701 0.000061
0.014625 0.270107 0.264935 0.150138 0.003144 0.296989 0.000062
0.014680 0.267960 0.264928 0.150141 0.003201 0.299031 0.000060
0.014623 0.267447 0.264638 0.150293 0.003214 0.299724 0.000061
0.014737 0.265582 0.264827 0.150400 0.003225 0.301165 0.000063
0.014701 0.266964 0.264406 0.149903 0.003225 0.300737 0.000064
0.026604 0.264374 0.260322 0.147841 0.003141 0.297657 0.000062
0.029875 0.263590 0.259025 0.147209 0.003161 0.297078 0.000061
0.030822 0.262336 0.258683 0.146868 0.003166 0.298066 0.000060
0.035791 0.264279 0.256864 0.145414 0.003133 0.294457 0.000062
0.030303 0.262207 0.258091 0.146452 0.003164 0.299725 0.000059
0.029185 0.261138 0.258460 0.146448 0.003136 0.301565 0.000070
0.027520 0.260391 0.258627 0.146724 0.003232 0.303442 0.000063
0.026540 0.260980 0.258903 0.146422 0.003164 0.303926 0.000065
0.027812 0.259579 0.257897 0.146309 0.003230 0.305105 0.000067
0.028458 0.260750 0.257148 0.145883 0.003217 0.304475 0.000068
0.025972 0.258846 0.258081 0.146593 0.003242 0.307200 0.000067
0.026236 0.258662 0.257754 0.145898 0.003228 0.308158 0.000064
0.025896 0.259919 0.257282 0.145999 0.003212 0.307626 0.000066
0.022175 0.257630 0.258934 0.146887 0.003235 0.311070 0.000069
0.023720 0.259035 0.257586 0.146343 0.003264 0.309989 0.000063
0.023442 0.258266 0.257867 0.146084 0.003247 0.311026 0.000067
0.021920 0.257502 0.258072 0.146349 0.003252 0.312842 0.000065
0.020738 0.255504 0.258587 0.146872 0.003286 0.314938 0.000076
0.022305 0.255775 0.257611 0.145839 0.003313 0.315088 0.000070
0.020279 0.252892 0.258707 0.146680 0.003341 0.318027 0.000074
0.019866 0.253596 0.258106 0.146183 0.003318 0.318851 0.000081
0.019132 0.252697 0.258856 0.146748 0.003291 0.319198 0.000078
0.018923 0.251516 0.258697 0.146552 0.003346 0.320886 0.000080
0.018743 0.251256 0.258333 0.146551 0.003350 0.321693 0.000075
0.019358 0.252157 0.257784 0.146326 0.003342 0.320960 0.000072
0.017538 0.247873 0.259235 0.146754 0.003394 0.325127 0.000080
0.017653 0.249060 0.258401 0.146649 0.003363 0.324792 0.000082
0.017533 0.246403 0.258617 0.146575 0.003403 0.327396 0.000073
0.017490 0.245864 0.258671 0.146733 0.003427 0.327741 0.000074
0.017082 0.242921 0.259608 0.146605 0.003425 0.330282 0.000077
0.016954 0.243173 0.259392 0.146825 0.003437 0.330139 0.000080
0.017546 0.245047 0.257868 0.145985 0.003406 0.330076 0.000071
0.016959 0.243745 0.258586 0.146345 0.003439 0.330849 0.000076
0.016242 0.239776 0.259302 0.146677 0.003475 0.334451 0.000078
0.016769 0.240447 0.258586 0.146463 0.003489 0.334177 0.000071
0.016524 0.238745 0.258610 0.146613 0.003480 0.335948 0.000081
0.016431 0.238974 0.257920 0.146119 0.003495 0.336981 0.000080
0.016804 0.240059 0.257447 0.145644 0.003486 0.336483 0.000077
0.016005 0.237340 0.258621 0.146397 0.003515 0.338045 0.000078
0.016456 0.236615 0.257969 0.146083 0.003489 0.339315 0.000073
0.015964 0.234016 0.258023 0.146255 0.003498 0.342165 0.000078
0.016112 0.233400 0.258224 0.146129 0.003561 0.342497 0.000077
0.016482 0.233429 0.257432 0.146156 0.003523 0.342897 0.000081
0.016296 0.232702 0.257802 0.146027 0.003516 0.343574 0.000083
0.016301 0.232844 0.257007 0.145549 0.003539 0.344678 0.000081
0.016179 0.231675 0.257576 0.145905 0.003569 0.345016 0.000080
0.016148 0.229982 0.257253 0.145817 0.003619 0.347092 0.000088
0.016447 0.230456 0.256855 0.145370 0.003584 0.347208 0.000081
0.016382 0.228583 0.256859 0.145369 0.003573 0.349148 0.000085
0.016059 0.228577 0.257093 0.145850 0.003575 0.348763 0.000083
0.015906 0.227993 0.256958 0.145239 0.003593 0.350226 0.000085
0.016177 0.225774 0.256854 0.145425 0.003583 0.352101 0.000086
0.016250 0.226064 0.256290 0.145424 0.003606 0.352278 0.000088
0.016082 0.224405 0.256011 0.144997 0.003605 0.354812 0.000087
0.016463 0.225652 0.255571 0.144719 0.003556 0.353948 0.000091
0.015891 0.224244 0.256046 0.144855 0.003632 0.355247 0.000085
0.016114 0.224424 0.255714 0.144801 0.003623 0.355245 0.000079
0.016346 0.223255 0.255477 0.144401 0.003655 0.356781 0.000084
0.016129 0.221095 0.255031 0.144755 0.003640 0.359263 0.000086
0.016261 0.220522 0.255266 0.144605 0.003652 0.359604 0.000089
0.016316 0.220076 0.254963 0.144620 0.003661 0.360273 0.000092
0.016572 0.220349 0.253783 0.143860 0.003688 0.361662 0.000086
0.016241 0.218421 0.254324 0.144200 0.003708 0.363019 0.000087
0.016585 0.218299 0.254523 0.143990 0.003753 0.362765 0.000085
0.016208 0.215793 0.254759 0.144105 0.003633 0.365404 0.000098
0.016271 0.215137 0.254055 0.144075 0.003684 0.366685 0.000093
0.016286 0.216006 0.253978 0.144133 0.003653 0.365856 0.000088
0.016325 0.215867 0.253765 0.143655 0.003674 0.366619 0.000095
0.016643 0.215013 0.252939 0.143058 0.003677 0.368586 0.000084
0.016463 0.211324 0.253760 0.143528 0.003700 0.371140 0.000085
0.016410 0.214150 0.253461 0.143263 0.003722 0.368907 0.000087
0.016296 0.212604 0.253514 0.143471 0.003682 0.370343 0.000091
0.016667 0.211064 0.252339 0.143124 0.003683 0.373027 0.000097
0.016639 0.209604 0.252925 0.143011 0.003727 0.374004 0.000091
0.016821 0.209952 0.252125 0.142977 0.003781 0.374254 0.000090
0.016469 0.208563 0.252626 0.142902 0.003750 0.375594 0.000097
0.016700 0.208735 0.252231 0.142412 0.003725 0.376103 0.000095
0.016861 0.208487 0.251427 0.142411 0.003748 0.376972 0.000094
0.016865 0.207550 0.251865 0.142400 0.003746 0.377479 0.000096
0.016714 0.204694 0.251775 0.142062 0.003750 0.380907 0.000099
0.016509 0.205545 0.251189 0.141953 0.003805 0.380902 0.000098
0.016805 0.204914 0.251198 0.142188 0.003772 0.381031 0.000093
0.016967 0.204244 0.250967 0.142007 0.003791 0.381926 0.000098
0.016837 0.202749 0.250839 0.141937 0.003820 0.383721 0.000097
0.017056 0.204769 0.250612 0.141634 0.003772 0.382060 0.000097
0.016924 0.202591 0.250268 0.141934 0.003808 0.384377 0.000098
0.016860 0.202545 0.250055 0.141836 0.003786 0.384813 0.000105
0.016855 0.199792 0.250150 0.141618 0.003865 0.387625 0.000094
0.017135 0.200767 0.249902 0.141622 0.003831 0.386646 0.000097
0.017056 0.200844 0.249588 0.141520 0.003844 0.387051 0.000097
0.017149 0.197871 0.249777 0.141475 0.003852 0.389782 0.000095
0.017124 0.197607 0.249183 0.141619 0.003893 0.390476 0.000099
0.017351 0.199661 0.248728 0.140895 0.003843 0.389425 0.000097
0.017287 0.199184 0.248845 0.141248 0.003827 0.389510 0.000100
0.017375 0.198379 0.248277 0.140796 0.003843 0.391234 0.000095
0.017142 0.197875 0.248431 0.140696 0.003870 0.391887 0.000099
0.017410 0.195079 0.247780 0.140226 0.003926 0.395472 0.000108
0.017287 0.195154 0.248090 0.139982 0.003909 0.395465 0.000112
0.017377 0.195147 0.247124 0.140114 0.003923 0.396211 0.000105
0.017329 0.193805 0.247336 0.139992 0.003917 0.397512 0.000109
0.017481 0.192731 0.247047 0.139980 0.003942 0.398712 0.000107
0.017450 0.194522 0.246405 0.139838 0.003894 0.397785 0.000105
0.017540 0.191769 0.246558 0.139782 0.003940 0.400299 0.000112
0.017238 0.190887 0.247013 0.139844 0.003979 0.400936 0.000103
0.017809 0.191236 0.246117 0.138912 0.003970 0.401845 0.000110
0.017679 0.190100 0.246046 0.139334 0.003965 0.402775 0.000102
0.017666 0.189474 0.245617 0.138888 0.003977 0.404268 0.000110
0.017701 0.189334 0.245133 0.138866 0.004019 0.404840 0.000107
0.017744 0.188126 0.244907 0.138798 0.003980 0.406337 0.000109
0.017559 0.187378 0.244874 0.138953 0.003999 0.407126 0.000112
0.017906 0.187725 0.244846 0.138655 0.003997 0.406765 0.000107
0.017526 0.186542 0.244981 0.138708 0.004035 0.408097 0.000111
0.017801 0.185811 0.244308 0.138833 0.004062 0.409077 0.000107
0.017958 0.186231 0.243638 0.138158 0.004030 0.409876 0.000109
0.017672 0.184568 0.244185 0.138005 0.004110 0.411342 0.000119
0.017816 0.185511 0.243785 0.137913 0.004056 0.410795 0.000124
0.017770 0.184965 0.243510 0.137882 0.004074 0.411677 0.000122
0.018057 0.182896 0.243151 0.137862 0.004053 0.413860 0.000121
0.018128 0.182808 0.243364 0.137470 0.004103 0.414012 0.000116
0.018179 0.182461 0.243174 0.137623 0.004071 0.414377 0.000116
0.018075 0.182412 0.242410 0.137207 0.004140 0.415632 0.000125
0.017863 0.181620 0.242077 0.137183 0.004114 0.417026 0.000116
0.018051 0.180522 0.242352 0.137467 0.004125 0.417365 0.000119
0.018371 0.180574 0.241641 0.136978 0.004113 0.418205 0.000117
0.018419 0.179610 0.241426 0.136776 0.004188 0.419462 0.000118
0.018483 0.180195 0.241222 0.136179 0.004161 0.419642 0.000119
0.018501 0.178426 0.241239 0.136687 0.004153 0.420873 0.000120
0.018326 0.177876 0.240726 0.136564 0.004147 0.422230 0.000131
0.018499 0.176932 0.240180 0.136091 0.004140 0.424038 0.000120
0.018399 0.177977 0.240655 0.135966 0.004182 0.422707 0.000113
0.018337 0.176688 0.240331 0.136182 0.004140 0.424195 0.000126
0.018309 0.176137 0.240155 0.135612 0.004223 0.425430 0.000133
0.018584 0.175722 0.239870 0.135655 0.004168 0.425878 0.000124
0.018462 0.174494 0.239390 0.135662 0.004190 0.427684 0.000118
0.018556 0.176783 0.239776 0.135706 0.004162 0.424896 0.000121
0.018746 0.174439 0.239179 0.135273 0.004176 0.428073 0.000114
0.018726 0.174520 0.238949 0.135216 0.004212 0.428257 0.000120
0.018642 0.173134 0.238449 0.135093 0.004209 0.430338 0.000135
0.018842 0.173037 0.238381 0.135031 0.004191 0.430393 0.000125
0.018917 0.172086 0.237647 0.134622 0.004239 0.432357 0.000133
0.018598 0.172271 0.238171 0.134459 0.004195 0.432179 0.000128
0.018627 0.172322 0.237456 0.134398 0.004224 0.432843 0.000131
0.019108 0.170670 0.236811 0.134309 0.004251 0.434716 0.000135
0.019048 0.171827 0.236927 0.134284 0.004216 0.433569 0.000130
0.019067 0.169117 0.236794 0.133885 0.004252 0.436755 0.000129
0.019032 0.170206 0.236661 0.134028 0.004267 0.435668 0.000138
0.018751 0.167816 0.236453 0.134131 0.004306 0.438409 0.000134
0.018828 0.169256 0.236393 0.133741 0.004253 0.437404 0.000124
0.019015 0.168959 0.235893 0.133417 0.004288 0.438297 0.000132
0.019172 0.168371 0.235672 0.133215 0.004274 0.439153 0.000143
0.018867 0.167115 0.235834 0.133246 0.004302 0.440497 0.000138
0.018962 0.167722 0.235426 0.133478 0.004303 0.439974 0.000136
0.019211 0.165368 0.235355 0.133082 0.004371 0.442470 0.000144
0.019284 0.165798 0.234406 0.132852 0.004347 0.443177 0.000136
0.019123 0.164708 0.234187 0.132450 0.004325 0.445063 0.000144
0.019273 0.164603 0.234040 0.132739 0.004388 0.444818 0.000139
0.019229 0.162738 0.233505 0.132587 0.004372 0.447433 0.000136
0.019199 0.164012 0.234416 0.132483 0.004306 0.445447 0.000137
0.019359 0.162309 0.233680 0.131968 0.004325 0.448221 0.000138
0.019593 0.163523 0.232941 0.132251 0.004353 0.447198 0.000141
0.019605 0.163495 0.232872 0.131958 0.004317 0.447620 0.000133
0.019570 0.161771 0.232345 0.132022 0.004338 0.449815 0.000139
0.019394 0.163024 0.232718 0.131761 0.004318 0.448637 0.000148
0.019635 0.161092 0.232425 0.131098 0.004383 0.451223 0.000144
0.019631 0.160326 0.232264 0.131213 0.004377 0.452047 0.000142
0.019745 0.159292 0.232019 0.130926 0.004400 0.453479 0.000138
0.019640 0.159275 0.231024 0.130993 0.004300 0.454628 0.000141
0.020022 0.159269 0.231184 0.130707 0.004415 0.454255 0.000147
0.019809 0.158516 0.230963 0.130498 0.004345 0.455724 0.000145
0.019588 0.158686 0.230716 0.130306 0.004410 0.456139 0.000155
0.019760 0.157921 0.230259 0.130125 0.004373 0.457413 0.000148
0.019902 0.157287 0.229987 0.129992 0.004410 0.458266 0.000156
0.020241 0.156253 0.229479 0.130032 0.004409 0.459439 0.000148
0.020168 0.157540 0.229756 0.129822 0.004409 0.458152 0.000154
0.020130 0.155008 0.229335 0.129603 0.004405 0.461377 0.000143
0.020146 0.155680 0.229309 0.129705 0.004454 0.460549 0.000157
0.020304 0.155004 0.229404 0.129470 0.004444 0.461227 0.000147
0.020153 0.154686 0.228270 0.129580 0.004405 0.462747 0.000159
0.020397 0.153764 0.228470 0.129219 0.004378 0.463601 0.000171
0.020368 0.154630 0.227915 0.129012 0.004416 0.463516 0.000143
0.020385 0.152956 0.227758 0.128977 0.004474 0.465290 0.000160
0.020415 0.153303 0.228031 0.128951 0.004442 0.464697 0.000161
0.020453 0.152759 0.226725 0.128443 0.004461 0.467001 0.000159
0.020417 0.151781 0.226850 0.128558 0.004474 0.467759 0.000160
0.020571 0.152232 0.226720 0.128436 0.004440 0.467446 0.000155
0.020503 0.151567 0.226069 0.128367 0.004508 0.468822 0.000164
0.020695 0.150550 0.226205 0.127883 0.004525 0.469988 0.000154
0.020304 0.151770 0.225928 0.128246 0.004522 0.469081 0.000148
0.020660 0.151080 0.225696 0.127823 0.004475 0.470104 0.000162
0.020869 0.149411 0.225021 0.127315 0.004532 0.472686 0.000167
0.020719 0.149410 0.225450 0.127723 0.004560 0.471980 0.000158
0.020667 0.150775 0.225309 0.127276 0.004454 0.471356 0.000163
0.020851 0.148965 0.224610 0.126910 0.004506 0.473987 0.000172
0.020987 0.147372 0.223790 0.126625 0.004566 0.476489 0.000171
0.020943 0.149025 0.224162 0.126864 0.004523 0.474315 0.000168
0.020868 0.147779 0.223845 0.126603 0.004573 0.476163 0.000168
0.021099 0.146847 0.223778 0.126239 0.004524 0.477348 0.000166
0.020719 0.145952 0.223122 0.126368 0.004535 0.479126 0.000178
0.021134 0.146591 0.222720 0.126490 0.004583 0.478311 0.000171
0.021162 0.146168 0.222254 0.125846 0.004578 0.479820 0.000172
0.021486 0.145375 0.222156 0.125818 0.004600 0.480395 0.000170
0.021480 0.144078 0.221450 0.125358 0.004526 0.482939 0.000169
0.021316 0.144610 0.221525 0.125412 0.004603 0.482369 0.000166
0.021821 0.145658 0.221648 0.125485 0.004607 0.480605 0.000175
0.021404 0.144632 0.221367 0.125196 0.004529 0.482696 0.000176
0.021001 0.142890 0.220674 0.124738 0.004585 0.485932 0.000180
0.021465 0.143191 0.220678 0.124753 0.004626 0.485108 0.000179
0.021613 0.142952 0.220517 0.124845 0.004604 0.485289 0.000179
