0.999111 0.000867 0.000011 0.000011 0.000000 0.000000 0.000000
0.998684 0.001280 0.000019 0.000004 0.000001 0.000012 0.000000
0.998253 0.001698 0.000031 0.000005 0.000000 0.000013 0.000000
0.997796 0.002147 0.000035 0.000009 0.000000 0.000013 0.000000
0.997307 0.002633 0.000037 0.000011 0.000000 0.000012 0.000000
0.996803 0.003132 0.000041 0.000013 0.000000 0.000012 0.000000
0.996216 0.003706 0.000050 0.000017 0.000000 0.000012 0.000000
0.995672 0.004240 0.000058 0.000019 0.000000 0.000011 0.000000
0.994847 0.005053 0.000067 0.000023 0.000000 0.000011 0.000000
0.993782 0.006101 0.000079 0.000029 0.000000 0.000009 0.000000
0.992795 0.007072 0.000093 0.000032 0.000000 0.000009 0.000000
0.991337 0.008518 0.000098 0.000038 0.000000 0.000008 0.000000
0.989576 0.010240 0.000121 0.000054 0.000000 0.000009 0.000000
0.987334 0.012454 0.000138 0.000063 0.000000 0.000011 0.000000
0.985071 0.014675 0.000175 0.000066 0.000000 0.000013 0.000000
0.981298 0.018363 0.000235 0.000090 0.000000 0.000015 0.000000
0.978312 0.021290 0.000264 0.000111 0.000000 0.000023 0.000000
0.973747 0.025777 0.000323 0.000136 0.000000 0.000017 0.000000
0.968755 0.030643 0.000405 0.000179 0.000000 0.000017 0.000000
0.963088 0.036190 0.000479 0.000225 0.000000 0.000018 0.000000
0.957865 0.041276 0.000553 0.000288 0.000000 0.000019 0.000000
0.948809 0.050108 0.000685 0.000369 0.000001 0.000028 0.000000
0.941678 0.057088 0.000789 0.000417 0.000003 0.000025 0.000000
0.933192 0.065372 0.000913 0.000493 0.000003 0.000027 0.000000
0.923122 0.075209 0.001043 0.000587 0.000003 0.000036 0.000000
0.913297 0.084732 0.001229 0.000704 0.000002 0.000038 0.000000
0.902604 0.095107 0.001423 0.000824 0.000003 0.000039 0.000000
0.889194 0.108113 0.001639 0.001006 0.000003 0.000045 0.000000
0.876279 0.120640 0.001858 0.001172 0.000003 0.000048 0.000000
0.863563 0.132981 0.002070 0.001329 0.000003 0.000054 0.000000
0.852636 0.143556 0.002301 0.001440 0.000002 0.000064 0.000000
0.838356 0.157351 0.002634 0.001585 0.000003 0.000071 0.000000
0.822822 0.172305 0.003016 0.001771 0.000003 0.000083 0.000000
0.809040 0.185551 0.003377 0.001931 0.000002 0.000098 0.000000
0.793796 0.200154 0.003764 0.002168 0.000002 0.000116 0.000000
0.778714 0.214700 0.004093 0.002357 0.000002 0.000134 0.000000
0.764476 0.228459 0.004419 0.002499 0.000002 0.000144 0.000000
0.747587 0.244618 0.004858 0.002767 0.000002 0.000168 0.000000
0.732594 0.258894 0.005287 0.003025 0.000002 0.000198 0.000000
0.717561 0.273255 0.005710 0.003259 0.000002 0.000213 0.000000
0.701903 0.288072 0.006269 0.003523 0.000001 0.000232 0.000000
0.688777 0.300473 0.006753 0.003746 0.000002 0.000250 0.000000
0.672187 0.316142 0.007313 0.004079 0.000004 0.000274 0.000000
0.658032 0.329469 0.007834 0.004362 0.000006 0.000297 0.000000
0.645247 0.341429 0.008356 0.004656 0.000005 0.000306 0.000000
0.628293 0.357429 0.008960 0.004974 0.000006 0.000337 0.000000
0.614677 0.370071 0.009560 0.005317 0.000007 0.000367 0.000000
0.601506 0.382239 0.010213 0.005625 0.000008 0.000409 0.000000
0.585810 0.396725 0.010991 0.006025 0.000010 0.000438 0.000000
0.575616 0.406047 0.011557 0.006308 0.000011 0.000461 0.000000
0.561139 0.419411 0.012231 0.006699 0.000011 0.000509 0.000000
0.549406 0.430032 0.012923 0.007095 0.000012 0.000533 0.000000
0.537190 0.441183 0.013589 0.007458 0.000011 0.000569 0.000000
0.523397 0.453736 0.014333 0.007905 0.000012 0.000616 0.000000
0.511607 0.464321 0.015064 0.008349 0.000011 0.000648 0.000000
0.497609 0.476921 0.015878 0.008860 0.000012 0.000719 0.000000
0.487866 0.485556 0.016559 0.009253 0.000015 0.000752 0.000000
0.478467 0.493759 0.017248 0.009705 0.000019 0.000802 0.000000
0.465385 0.505138 0.018239 0.010341 0.000019 0.000877 0.000000
0.456423 0.512928 0.018953 0.010737 0.000021 0.000938 0.000000
0.449010 0.519170 0.019650 0.011160 0.000023 0.000988 0.000000
0.433034 0.533179 0.020835 0.011851 0.000023 0.001079 0.000000
0.426163 0.538789 0.021600 0.012280 0.000023 0.001146 0.000000
0.415597 0.547826 0.022498 0.012820 0.000023 0.001236 0.000000
0.406423 0.555385 0.023505 0.013368 0.000023 0.001295 0.000000
0.401626 0.559084 0.024174 0.013727 0.000024 0.001364 0.000000
0.393479 0.565841 0.024977 0.014244 0.000022 0.001437 0.000000
0.381599 0.575811 0.026108 0.014912 0.000026 0.001544 0.000000
0.374585 0.581211 0.027077 0.015466 0.000026 0.001635 0.000000
0.366789 0.587507 0.027953 0.015986 0.000029 0.001736 0.000000
0.357778 0.594788 0.029048 0.016543 0.000028 0.001815 0.000000
0.350392 0.600754 0.029894 0.017009 0.000029 0.001922 0.000000
0.342227 0.606895 0.031049 0.017765 0.000031 0.002032 0.000000
0.334541 0.612686 0.032167 0.018441 0.000030 0.002134 0.000000
0.325574 0.619634 0.033392 0.019055 0.000035 0.002311 0.000000
0.320695 0.623108 0.034230 0.019539 0.000037 0.002391 0.000000
0.310124 0.631295 0.035670 0.020357 0.000036 0.002519 0.000000
0.301568 0.637771 0.036959 0.021004 0.000036 0.002663 0.000000
0.294105 0.643159 0.038269 0.021605 0.000039 0.002824 0.000000
0.287188 0.647816 0.039622 0.022335 0.000043 0.002996 0.000000
0.279590 0.653267 0.040876 0.023081 0.000041 0.003144 0.000000
0.271423 0.659347 0.042183 0.023731 0.000046 0.003270 0.000000
0.265872 0.662886 0.043375 0.024403 0.000047 0.003417 0.000000
0.257290 0.668760 0.044862 0.025405 0.000045 0.003639 0.000000
0.249996 0.673451 0.046405 0.026285 0.000051 0.003813 0.000000
0.240890 0.679331 0.048242 0.027389 0.000051 0.004097 0.000000
0.235310 0.682616 0.049663 0.028124 0.000050 0.004237 0.000000
0.232905 0.683836 0.050302 0.028538 0.000055 0.004363 0.000000
0.227604 0.686277 0.052082 0.029370 0.000057 0.004610 0.000000
0.222961 0.689204 0.053046 0.029966 0.000056 0.004767 0.000000
0.216469 0.692398 0.054967 0.031040 0.000062 0.005064 0.000000
0.212368 0.694147 0.056372 0.031796 0.000063 0.005254 0.000000
0.206797 0.696802 0.057965 0.032837 0.000065 0.005534 0.000000
0.204619 0.696647 0.059299 0.033600 0.000066 0.005769 0.000000
0.204851 0.695013 0.060119 0.034020 0.000073 0.005924 0.000000
0.199670 0.697089 0.061905 0.034969 0.000073 0.006294 0.000000
0.190584 0.702281 0.064156 0.036261 0.000078 0.006640 0.000000
0.188970 0.702408 0.065053 0.036640 0.000081 0.006849 0.000000
0.184311 0.704496 0.066446 0.037482 0.000082 0.007184 0.000000
0.181242 0.704843 0.068033 0.038365 0.000093 0.007425 0.000000
0.175571 0.707869 0.069495 0.039216 0.000097 0.007753 0.000000
0.174689 0.706343 0.070861 0.039992 0.000102 0.008013 0.000000
0.174030 0.704735 0.072089 0.040730 0.000106 0.008310 0.000000
0.174346 0.701483 0.073687 0.041630 0.000110 0.008743 0.000000
0.162369 0.709421 0.076062 0.042909 0.000118 0.009121 0.000000
0.161604 0.707955 0.077272 0.043665 0.000119 0.009385 0.000000
0.159875 0.707013 0.078744 0.044443 0.000127 0.009798 0.000000
0.163035 0.703009 0.079155 0.044696 0.000126 0.009978 0.000000
0.161654 0.702184 0.080371 0.045358 0.000123 0.010310 0.000000
0.157666 0.703458 0.081837 0.046224 0.000132 0.010683 0.000000
0.161015 0.698717 0.082503 0.046658 0.000136 0.010971 0.000000
0.156983 0.698764 0.084660 0.047946 0.000148 0.011499 0.000000
0.152979 0.700510 0.085857 0.048662 0.000152 0.011840 0.000000
0.155947 0.695933 0.086821 0.048989 0.000153 0.012158 0.000000
0.157346 0.692663 0.087791 0.049558 0.000152 0.012489 0.000000
0.153850 0.693322 0.089349 0.050410 0.000155 0.012914 0.000000
0.147618 0.695872 0.091386 0.051583 0.000159 0.013382 0.000000
0.144561 0.694823 0.093612 0.052818 0.000170 0.014016 0.000000
0.154316 0.687047 0.092397 0.052162 0.000165 0.013914 0.000000
0.143439 0.693110 0.094957 0.053750 0.000177 0.014567 0.000000
0.139945 0.693514 0.096627 0.054760 0.000181 0.014974 0.000000
0.138135 0.694772 0.096818 0.054848 0.000189 0.015239 0.000000
0.125671 0.700088 0.100841 0.056977 0.000200 0.016224 0.000000
0.122604 0.701227 0.101810 0.057616 0.000192 0.016550 0.000000
0.124608 0.699195 0.101811 0.057645 0.000193 0.016548 0.000000
0.116164 0.701653 0.105086 0.059409 0.000200 0.017489 0.000000
0.117771 0.699363 0.105382 0.059586 0.000205 0.017693 0.000000
0.114098 0.698084 0.107860 0.061231 0.000215 0.018511 0.000000
0.114167 0.697373 0.108260 0.061281 0.000216 0.018701 0.000000
0.109143 0.698457 0.110330 0.062511 0.000222 0.019337 0.000001
0.105737 0.698758 0.111959 0.063427 0.000230 0.019889 0.000001
0.102336 0.696973 0.114666 0.065007 0.000254 0.020762 0.000001
0.104115 0.695068 0.114770 0.064873 0.000237 0.020936 0.000001
0.095269 0.698725 0.117506 0.066524 0.000241 0.021733 0.000001
0.097243 0.696423 0.117504 0.066623 0.000258 0.021948 0.000001
0.091644 0.697564 0.119947 0.067848 0.000261 0.022736 0.000001
0.091510 0.695106 0.121323 0.068532 0.000261 0.023267 0.000001
0.081578 0.698816 0.124507 0.070504 0.000281 0.024313 0.000001
0.077915 0.697929 0.126977 0.071760 0.000289 0.025129 0.000001
0.082487 0.694647 0.126252 0.071161 0.000291 0.025160 0.000001
0.074787 0.696525 0.129344 0.072946 0.000315 0.026082 0.000001
0.073619 0.695101 0.130528 0.073845 0.000318 0.026588 0.000001
0.073051 0.693987 0.131342 0.074327 0.000321 0.026972 0.000001
0.072869 0.690128 0.133428 0.075278 0.000324 0.027973 0.000000
0.071543 0.690327 0.134086 0.075672 0.000337 0.028033 0.000001
0.063976 0.689236 0.138602 0.078086 0.000343 0.029756 0.000000
0.065674 0.687120 0.138565 0.078358 0.000355 0.029927 0.000001
0.066442 0.684066 0.139774 0.078789 0.000369 0.030560 0.000001
0.061769 0.686134 0.140983 0.079460 0.000385 0.031269 0.000000
0.060159 0.684241 0.142639 0.080549 0.000380 0.032030 0.000001
0.060563 0.681521 0.144117 0.081030 0.000388 0.032381 0.000001
0.056510 0.681227 0.146182 0.082357 0.000399 0.033324 0.000000
0.055068 0.677286 0.148879 0.083794 0.000407 0.034564 0.000002
0.058350 0.675280 0.147952 0.083536 0.000392 0.034488 0.000002
0.053303 0.675145 0.150557 0.084905 0.000418 0.035670 0.000002
0.054041 0.671679 0.152017 0.085430 0.000422 0.036408 0.000002
0.051191 0.672170 0.153031 0.086281 0.000426 0.036899 0.000003
0.048818 0.670174 0.155106 0.087499 0.000426 0.037975 0.000001
0.052412 0.664603 0.156070 0.087872 0.000449 0.038592 0.000001
0.051765 0.662997 0.157180 0.088493 0.000440 0.039123 0.000002
0.051498 0.660330 0.158578 0.089173 0.000465 0.039954 0.000002
0.051264 0.659375 0.158893 0.089643 0.000477 0.040345 0.000002
0.048862 0.657840 0.160941 0.090591 0.000495 0.041269 0.000002
0.056764 0.649962 0.160745 0.090428 0.000474 0.041624 0.000002
0.065484 0.642033 0.159907 0.090210 0.000482 0.041882 0.000002
0.067619 0.637282 0.161068 0.090790 0.000508 0.042731 0.000002
0.063220 0.639504 0.162170 0.091441 0.000500 0.043163 0.000002
0.069910 0.632804 0.161925 0.091355 0.000507 0.043497 0.000003
0.069415 0.629118 0.163852 0.092567 0.000536 0.044511 0.000002
0.077602 0.623016 0.162610 0.091642 0.000516 0.044611 0.000003
0.070285 0.625320 0.165024 0.092998 0.000536 0.045835 0.000002
0.073805 0.621705 0.165122 0.092724 0.000549 0.046092 0.000003
0.069581 0.622257 0.166667 0.093955 0.000553 0.046985 0.000002
0.077713 0.617635 0.164724 0.092723 0.000549 0.046653 0.000003
0.072679 0.617637 0.167083 0.094141 0.000546 0.047909 0.000003
0.072759 0.616459 0.167491 0.094351 0.000574 0.048364 0.000002
0.070181 0.615116 0.169382 0.095432 0.000585 0.049301 0.000003
0.064912 0.615850 0.171450 0.096653 0.000604 0.050527 0.000002
0.066802 0.613046 0.171495 0.097003 0.000603 0.051050 0.000003
0.068227 0.613558 0.170466 0.096294 0.000589 0.050862 0.000003
0.066336 0.611100 0.172478 0.097421 0.000618 0.052045 0.000003
0.060393 0.611627 0.175175 0.098764 0.000622 0.053415 0.000003
0.059853 0.611288 0.175468 0.098969 0.000630 0.053788 0.000004
0.054160 0.609525 0.179029 0.100948 0.000667 0.055668 0.000003
0.055349 0.608213 0.179040 0.100802 0.000660 0.055934 0.000003
0.051597 0.608048 0.180748 0.101992 0.000670 0.056942 0.000003
0.050967 0.608426 0.180549 0.102300 0.000658 0.057097 0.000004
0.049834 0.607795 0.181322 0.102471 0.000675 0.057899 0.000004
0.042617 0.605438 0.186052 0.105254 0.000702 0.059934 0.000004
0.043002 0.604700 0.185997 0.105098 0.000716 0.060483 0.000003
0.040836 0.603728 0.187558 0.105907 0.000698 0.061270 0.000003
0.040631 0.603247 0.187676 0.106065 0.000717 0.061662 0.000003
0.038763 0.600808 0.189747 0.107064 0.000726 0.062888 0.000004
0.036360 0.598850 0.191442 0.108390 0.000752 0.064203 0.000003
0.034942 0.596834 0.193012 0.109254 0.000778 0.065175 0.000004
0.034217 0.594998 0.194158 0.109859 0.000777 0.065986 0.000003
0.032063 0.593542 0.195665 0.110768 0.000786 0.067172 0.000004
0.032466 0.593719 0.195208 0.110303 0.000799 0.067501 0.000003
0.030156 0.590173 0.197957 0.111822 0.000822 0.069066 0.000004
0.029608 0.590000 0.197919 0.112046 0.000813 0.069612 0.000002
0.028313 0.586196 0.200326 0.113147 0.000856 0.071158 0.000004
0.026547 0.584360 0.201741 0.114433 0.000836 0.072080 0.000004
0.027904 0.585247 0.200544 0.113414 0.000825 0.072062 0.000004
0.025102 0.579834 0.204072 0.115432 0.000886 0.074670 0.000003
0.024991 0.580306 0.203928 0.115418 0.000891 0.074462 0.000004
0.025137 0.575957 0.205428 0.116449 0.000886 0.076139 0.000004
0.023587 0.575087 0.206614 0.116904 0.000901 0.076903 0.000004
0.024060 0.572237 0.207652 0.117429 0.000918 0.077696 0.000007
0.022988 0.570617 0.208574 0.118098 0.000921 0.078798 0.000005
0.022117 0.570064 0.209333 0.118530 0.000933 0.079018 0.000005
0.022656 0.568219 0.209505 0.118883 0.000918 0.079812 0.000006
0.021636 0.564571 0.211599 0.119889 0.000939 0.081360 0.000006
0.021464 0.561825 0.212420 0.120519 0.000961 0.082805 0.000007
0.021295 0.559212 0.213700 0.120970 0.000977 0.083839 0.000008
0.021146 0.558654 0.214048 0.121011 0.000990 0.084145 0.000006
0.020667 0.557214 0.214658 0.121533 0.000983 0.084937 0.000008
0.020212 0.554643 0.215581 0.122259 0.000997 0.086303 0.000006
0.019878 0.551749 0.216907 0.122910 0.000994 0.087555 0.000006
0.019755 0.550088 0.217655 0.123110 0.000992 0.088393 0.000007
0.019825 0.548292 0.218114 0.123545 0.001013 0.089204 0.000007
0.019251 0.545270 0.219682 0.124251 0.001049 0.090489 0.000008
0.019067 0.544126 0.220135 0.124533 0.001073 0.091059 0.000007
0.022289 0.539766 0.220230 0.124552 0.001068 0.092087 0.000009
0.025548 0.536107 0.220190 0.124531 0.001073 0.092545 0.000006
0.025933 0.533730 0.220684 0.125030 0.001086 0.093528 0.000009
0.035656 0.526764 0.219484 0.123564 0.001055 0.093469 0.000008
0.036319 0.526900 0.218724 0.123573 0.001066 0.093408 0.000010
0.040607 0.520643 0.218960 0.123836 0.001071 0.094872 0.000010
0.040970 0.518957 0.219401 0.124001 0.001106 0.095556 0.000010
0.038419 0.520888 0.219437 0.124173 0.001101 0.095971 0.000011
0.040615 0.517479 0.219672 0.124261 0.001113 0.096848 0.000012
0.041511 0.516278 0.219651 0.124257 0.001089 0.097203 0.000012
0.042135 0.513528 0.220057 0.124632 0.001131 0.098506 0.000011
0.042076 0.511132 0.220957 0.125165 0.001134 0.099525 0.000012
0.043157 0.510582 0.220606 0.124734 0.001144 0.099762 0.000015
0.037060 0.511009 0.223105 0.125948 0.001161 0.101704 0.000014
0.041821 0.509791 0.221176 0.124963 0.001131 0.101105 0.000013
0.033074 0.508583 0.225328 0.127330 0.001162 0.104506 0.000016
0.035120 0.508341 0.223906 0.127137 0.001175 0.104307 0.000013
0.033643 0.507738 0.224922 0.127434 0.001184 0.105064 0.000016
0.030910 0.507776 0.226540 0.127619 0.001192 0.105949 0.000014
0.031809 0.504463 0.226718 0.128122 0.001210 0.107665 0.000013
0.030543 0.503426 0.227753 0.128453 0.001226 0.108586 0.000014
0.029589 0.504002 0.227560 0.128412 0.001255 0.109166 0.000017
0.027616 0.501849 0.229408 0.129372 0.001236 0.110502 0.000016
0.025936 0.502187 0.229929 0.129707 0.001245 0.110982 0.000015
0.025014 0.499511 0.231070 0.130450 0.001289 0.112649 0.000016
0.023149 0.496870 0.232923 0.131335 0.001298 0.114406 0.000018
0.022171 0.495263 0.233778 0.131757 0.001317 0.115699 0.000015
0.022194 0.492715 0.234493 0.132343 0.001331 0.116907 0.000016
0.021247 0.491969 0.235151 0.132472 0.001332 0.117813 0.000015
0.020375 0.488922 0.236588 0.133400 0.001368 0.119328 0.000018
0.020380 0.488455 0.236395 0.133522 0.001386 0.119847 0.000016
0.020067 0.487699 0.236455 0.133676 0.001363 0.120725 0.000016
0.018620 0.485043 0.238048 0.134601 0.001377 0.122294 0.000016
0.019030 0.485126 0.237475 0.134476 0.001348 0.122529 0.000018
0.018692 0.481489 0.238914 0.135158 0.001388 0.124339 0.000019
0.018770 0.480428 0.238927 0.135232 0.001419 0.125209 0.000015
0.017842 0.479033 0.239790 0.135890 0.001418 0.126013 0.000015
0.017578 0.475434 0.241181 0.136223 0.001417 0.128150 0.000016
0.016769 0.474543 0.241925 0.136596 0.001450 0.128698 0.000019
0.017164 0.473234 0.241679 0.137114 0.001477 0.129315 0.000017
0.016464 0.470430 0.243385 0.137670 0.001470 0.130564 0.000017
0.015940 0.468169 0.244091 0.137964 0.001488 0.132331 0.000017
0.016714 0.468393 0.243191 0.137819 0.001496 0.132369 0.000017
0.015882 0.466125 0.244497 0.138515 0.001506 0.133457 0.000019
0.015975 0.464318 0.244566 0.138806 0.001508 0.134806 0.000019
0.015854 0.462743 0.245275 0.138850 0.001535 0.135723 0.000021
0.015669 0.462094 0.245420 0.139092 0.001545 0.136163 0.000016
0.015182 0.457154 0.247081 0.140221 0.001571 0.138774 0.000017
0.015199 0.455741 0.247609 0.140130 0.001582 0.139722 0.000016
0.015255 0.453101 0.248230 0.140501 0.001607 0.141285 0.000022
0.014973 0.452335 0.248925 0.140512 0.001608 0.141626 0.000021
0.015325 0.452061 0.248123 0.140643 0.001623 0.142208 0.000017
0.015209 0.449216 0.249181 0.141002 0.001648 0.143724 0.000019
0.015236 0.448749 0.248623 0.141445 0.001640 0.144289 0.000018
0.014983 0.446569 0.250078 0.141520 0.001668 0.145162 0.000020
0.014925 0.445323 0.250280 0.141703 0.001642 0.146108 0.000020
0.014972 0.443267 0.250605 0.141897 0.001677 0.147562 0.000021
0.014510 0.441402 0.251422 0.142363 0.001706 0.148572 0.000025
0.014519 0.438517 0.252243 0.142959 0.001750 0.149991 0.000021
0.014646 0.439129 0.251838 0.142483 0.001679 0.150201 0.000023
0.014424 0.435322 0.253036 0.143074 0.001718 0.152401 0.000025
0.014451 0.434608 0.252915 0.143440 0.001727 0.152835 0.000024
0.014292 0.431988 0.253981 0.143719 0.001758 0.154240 0.000023
0.014394 0.432053 0.253656 0.143451 0.001767 0.154656 0.000023
0.014448 0.429956 0.254100 0.143659 0.001783 0.156034 0.000021
0.014133 0.427099 0.254622 0.144493 0.001785 0.157846 0.000022
0.014184 0.426083 0.254901 0.144437 0.001824 0.158546 0.000025
0.014339 0.425233 0.254903 0.144495 0.001819 0.159188 0.000023
0.014237 0.423989 0.254794 0.144782 0.001803 0.160372 0.000022
0.014083 0.421630 0.255220 0.145060 0.001832 0.162151 0.000025
0.014257 0.423243 0.254980 0.144497 0.001840 0.161157 0.000025
0.014130 0.419141 0.256443 0.145158 0.001853 0.163250 0.000025
0.014218 0.417401 0.256651 0.145417 0.001881 0.164409 0.000024
0.014061 0.415639 0.257289 0.145606 0.001862 0.165518 0.000025
0.014081 0.413650 0.257607 0.145865 0.001875 0.166894 0.000028
0.014040 0.414684 0.257268 0.145571 0.001872 0.166537 0.000028
0.013861 0.411952 0.257798 0.146173 0.001904 0.168286 0.000025
0.013890 0.408790 0.258565 0.146347 0.001918 0.170463 0.000026
0.013672 0.408546 0.258461 0.146425 0.001928 0.170943 0.000025
0.013794 0.406240 0.259039 0.146675 0.001973 0.172249 0.000030
0.020412 0.403005 0.256936 0.145865 0.001931 0.171825 0.000027
0.025106 0.400947 0.255926 0.144630 0.001956 0.171410 0.000026
0.026746 0.398146 0.255703 0.144779 0.001945 0.172651 0.000030
0.028084 0.396371 0.255265 0.144795 0.001954 0.173501 0.000031
0.029752 0.394081 0.255379 0.144535 0.001957 0.174265 0.000031
0.028079 0.397355 0.254621 0.144184 0.001944 0.173785 0.000032
0.026161 0.396284 0.255708 0.144740 0.001988 0.175088 0.000030
0.027500 0.391092 0.256417 0.145182 0.001980 0.177799 0.000030
0.026740 0.391272 0.256677 0.145230 0.002014 0.178034 0.000033
0.025632 0.391967 0.256245 0.145278 0.002000 0.178840 0.000038
0.026500 0.391032 0.256061 0.145303 0.001997 0.179072 0.000035
0.024260 0.390100 0.256928 0.145580 0.002007 0.181092 0.000032
0.022669 0.388205 0.258034 0.146119 0.002050 0.182892 0.000031
0.024886 0.386421 0.257537 0.145915 0.002052 0.183155 0.000035
0.021147 0.385777 0.259057 0.146692 0.002065 0.185227 0.000035
0.022778 0.385412 0.258200 0.146385 0.002063 0.185125 0.000036
0.021676 0.385521 0.258176 0.146385 0.002066 0.186140 0.000037
0.020216 0.382744 0.259393 0.147304 0.002100 0.188207 0.000035
0.018954 0.381202 0.260025 0.147612 0.002072 0.190095 0.000040
0.019295 0.381010 0.259646 0.147538 0.002121 0.190357 0.000034
0.019058 0.381587 0.259945 0.147373 0.002098 0.189900 0.000039
0.017801 0.376759 0.261240 0.148373 0.002141 0.193648 0.000038
0.019057 0.376645 0.260464 0.147674 0.002140 0.193983 0.000037
0.017772 0.376907 0.261302 0.147828 0.002148 0.194007 0.000036
0.016713 0.372407 0.262390 0.148901 0.002220 0.197329 0.000040
0.016146 0.370841 0.262713 0.149365 0.002230 0.198664 0.000040
0.016957 0.372037 0.261971 0.148807 0.002223 0.197967 0.000038
0.015847 0.370257 0.262958 0.149030 0.002227 0.199642 0.000039
0.016487 0.369051 0.262802 0.148828 0.002208 0.200582 0.000043
0.015809 0.367778 0.262875 0.149285 0.002205 0.202008 0.000040
0.015371 0.367403 0.263286 0.149108 0.002219 0.202569 0.000044
0.014630 0.363634 0.264353 0.149995 0.002283 0.205063 0.000042
0.015178 0.362100 0.264228 0.149841 0.002269 0.206346 0.000037
0.014451 0.361175 0.264563 0.149673 0.002274 0.207822 0.000043
0.014308 0.359838 0.264911 0.150250 0.002317 0.208333 0.000044
0.014474 0.358801 0.264844 0.150076 0.002295 0.209467 0.000042
0.014401 0.359140 0.264675 0.150161 0.002315 0.209264 0.000044
0.014543 0.356682 0.265013 0.150128 0.002311 0.211284 0.000039
0.014334 0.354541 0.265136 0.150204 0.002329 0.213416 0.000042
0.014108 0.351738 0.265980 0.151073 0.002348 0.214714 0.000039
0.013739 0.349748 0.266914 0.151055 0.002359 0.216142 0.000043
0.014593 0.353646 0.264874 0.150092 0.002368 0.214384 0.000042
0.013851 0.349018 0.266377 0.150761 0.002397 0.217552 0.000044
0.013902 0.348070 0.266390 0.150853 0.002389 0.218351 0.000046
0.013981 0.346467 0.266112 0.151145 0.002425 0.219826 0.000044
0.013995 0.346196 0.266392 0.150861 0.002410 0.220106 0.000039
0.013804 0.343547 0.266615 0.151454 0.002455 0.222080 0.000045
0.013834 0.344153 0.266549 0.151107 0.002445 0.221867 0.000045
0.014271 0.340945 0.267106 0.150984 0.002495 0.224161 0.000039
0.013848 0.340621 0.266934 0.151405 0.002512 0.224633 0.000047
0.013963 0.342184 0.266356 0.150830 0.002471 0.224153 0.000042
0.013744 0.338370 0.267053 0.151516 0.002489 0.226786 0.000043
0.014085 0.338560 0.266939 0.150927 0.002502 0.226940 0.000047
0.013703 0.336005 0.267447 0.151628 0.002486 0.228682 0.000048
0.025731 0.333115 0.263168 0.148943 0.002501 0.226496 0.000046
0.024916 0.331148 0.263616 0.149481 0.002516 0.228281 0.000041
0.025104 0.328662 0.264212 0.149596 0.002505 0.229878 0.000042
0.025279 0.330244 0.263406 0.149400 0.002508 0.229118 0.000045
0.027010 0.328527 0.262541 0.149142 0.002494 0.230241 0.000044
0.029206 0.328104 0.261576 0.148575 0.002517 0.229976 0.000046
0.028773 0.326775 0.261962 0.148353 0.002561 0.231529 0.000048
0.026559 0.325965 0.262648 0.149012 0.002538 0.233233 0.000045
0.031214 0.326078 0.260504 0.147782 0.002542 0.231835 0.000046
0.028121 0.325094 0.261548 0.148794 0.002544 0.233852 0.000047
0.025391 0.324994 0.262165 0.149031 0.002566 0.235803 0.000049
0.024416 0.322931 0.262979 0.149343 0.002553 0.237733 0.000045
0.021659 0.322324 0.264217 0.149691 0.002597 0.239462 0.000050
0.023104 0.322875 0.262934 0.149224 0.002581 0.239231 0.000052
0.021028 0.321151 0.264114 0.149819 0.002601 0.241237 0.000051
0.022423 0.319938 0.263451 0.149315 0.002618 0.242199 0.000055
0.021081 0.320054 0.263655 0.149842 0.002620 0.242690 0.000057
0.021899 0.318380 0.263434 0.149302 0.002622 0.244306 0.000057
0.020037 0.318836 0.263973 0.149679 0.002637 0.244789 0.000050
0.017829 0.315151 0.265420 0.150576 0.002713 0.248256 0.000054
0.018471 0.315962 0.264663 0.149934 0.002664 0.248253 0.000053
0.018331 0.314248 0.265132 0.150199 0.002704 0.249331 0.000054
0.017780 0.315571 0.264860 0.150157 0.002678 0.248900 0.000055
0.017428 0.314085 0.264928 0.150299 0.002675 0.250531 0.000055
0.017354 0.312397 0.264515 0.150217 0.002746 0.252719 0.000051
0.015670 0.307553 0.266322 0.151211 0.002767 0.256418 0.000059
0.016066 0.306621 0.266214 0.151279 0.002779 0.256983 0.000058
0.015288 0.306397 0.266491 0.151228 0.002763 0.257775 0.000059
0.017171 0.309358 0.264529 0.150471 0.002722 0.255691 0.000057
0.016252 0.306721 0.265508 0.150525 0.002804 0.258132 0.000058
0.016287 0.306149 0.265123 0.150571 0.002798 0.259008 0.000063
0.015652 0.302852 0.266222 0.151199 0.002803 0.261209 0.000062
0.014994 0.301880 0.266408 0.151326 0.002830 0.262505 0.000058
0.015252 0.299974 0.266570 0.150915 0.002817 0.264419 0.000053
0.014710 0.299163 0.266728 0.151522 0.002818 0.265001 0.000057
0.015051 0.300436 0.266162 0.151103 0.002827 0.264363 0.000059
0.014588 0.297696 0.266546 0.151076 0.002861 0.267175 0.000058
0.014695 0.295984 0.266573 0.151129 0.002899 0.268656 0.000065
0.014912 0.296443 0.265924 0.151046 0.002855 0.268759 0.000062
0.014424 0.293635 0.266597 0.151386 0.002894 0.271007 0.000058
0.014598 0.293703 0.266572 0.150922 0.002910 0.271235 0.000060
0.014594 0.291707 0.266731 0.151025 0.002956 0.272927 0.000059
0.014305 0.290379 0.267001 0.151402 0.002969 0.273885 0.000060
0.014560 0.291101 0.266450 0.150994 0.002960 0.273874 0.000061
0.014223 0.289700 0.266339 0.151239 0.002974 0.275462 0.000062
0.014464 0.289145 0.266286 0.151137 0.002990 0.275921 0.000057
0.014787 0.287843 0.266529 0.150856 0.002979 0.276945 0.000062
0.014457 0.284650 0.267108 0.151304 0.003022 0.279397 0.000062
0.029865 0.282251 0.261393 0.148256 0.002986 0.275188 0.000061
0.025064 0.282642 0.262864 0.149613 0.002996 0.276764 0.000056
0.033013 0.280767 0.260086 0.147862 0.002979 0.275228 0.000065
0.028118 0.281042 0.261385 0.148385 0.003023 0.277990 0.000056
0.032068 0.280502 0.260087 0.147207 0.003006 0.277071 0.000059
0.029641 0.280304 0.260778 0.147582 0.003048 0.278583 0.000064
0.029471 0.280052 0.260684 0.147432 0.003062 0.279234 0.000065
0.027968 0.279136 0.260739 0.147629 0.003044 0.281417 0.000068
0.024956 0.279221 0.261640 0.148020 0.003063 0.283036 0.000065
0.027266 0.279322 0.260127 0.147470 0.003055 0.282702 0.000058
0.023883 0.277593 0.261559 0.148293 0.003133 0.285473 0.000066
0.025958 0.278615 0.260262 0.147483 0.003101 0.284516 0.000066
0.024322 0.278301 0.260666 0.147861 0.003066 0.285713 0.000071
0.021813 0.274236 0.262393 0.148501 0.003144 0.289845 0.000068
0.022914 0.277495 0.260609 0.147595 0.003088 0.288234 0.000065
0.020995 0.274586 0.261558 0.148215 0.003099 0.291478 0.000069
0.019212 0.272206 0.262724 0.148707 0.003215 0.293872 0.000066
0.018494 0.272674 0.262923 0.148615 0.003132 0.294095 0.000066
0.018992 0.271444 0.262628 0.148463 0.003151 0.295254 0.000067
0.018306 0.270836 0.262761 0.148616 0.003160 0.296253 0.000068
0.017979 0.268864 0.262876 0.148630 0.003170 0.298413 0.000069
0.017536 0.268715 0.262587 0.148658 0.003187 0.299242 0.000075
0.018142 0.268408 0.262389 0.148539 0.003230 0.299222 0.000069
0.018251 0.267288 0.262155 0.148092 0.003194 0.300947 0.000072
0.017263 0.267232 0.262328 0.148198 0.003258 0.301651 0.000070
0.016587 0.264756 0.263030 0.148732 0.003219 0.303602 0.000074
0.016428 0.264545 0.262836 0.148339 0.003258 0.304520 0.000075
0.016245 0.263541 0.262894 0.148585 0.003246 0.305418 0.000070
0.016063 0.263361 0.262544 0.148414 0.003241 0.306303 0.000075
0.015753 0.261054 0.263137 0.148553 0.003281 0.308150 0.000072
0.016283 0.261084 0.262498 0.148323 0.003305 0.308429 0.000078
0.016175 0.261084 0.262234 0.148080 0.003284 0.309074 0.000070
0.016056 0.259994 0.262435 0.147985 0.003280 0.310171 0.000079
0.015707 0.257306 0.262310 0.148308 0.003360 0.312934 0.000073
0.015604 0.256875 0.262272 0.148261 0.003323 0.313589 0.000077
0.015606 0.255586 0.262163 0.148849 0.003384 0.314331 0.000082
0.015537 0.255314 0.261968 0.148402 0.003352 0.315354 0.000073
0.015367 0.254742 0.262376 0.148160 0.003334 0.315948 0.000072
0.015303 0.253196 0.262295 0.148018 0.003416 0.317693 0.000078
0.015140 0.250903 0.262450 0.148772 0.003318 0.319340 0.000076
0.014786 0.251364 0.262378 0.148808 0.003402 0.319181 0.000080
0.015207 0.249908 0.261754 0.148309 0.003383 0.321365 0.000073
0.015062 0.247139 0.262498 0.148283 0.003391 0.323549 0.000079
0.015491 0.249669 0.261448 0.148029 0.003384 0.321904 0.000075
0.014907 0.248251 0.261946 0.147871 0.003405 0.323531 0.000088
0.014760 0.243909 0.262018 0.148633 0.003418 0.327179 0.000083
0.014965 0.245124 0.261874 0.148268 0.003462 0.326230 0.000078
0.014872 0.244755 0.261638 0.148020 0.003478 0.327151 0.000086
0.015237 0.243860 0.261053 0.147375 0.003493 0.328902 0.000081
0.015557 0.245303 0.260485 0.147440 0.003438 0.327696 0.000082
0.015000 0.240093 0.261560 0.147813 0.003482 0.331968 0.000084
0.015195 0.242923 0.260663 0.147340 0.003461 0.330336 0.000083
0.015024 0.240199 0.260922 0.147808 0.003497 0.332462 0.000088
0.014972 0.239772 0.260817 0.147781 0.003486 0.333089 0.000083
0.015184 0.239164 0.260054 0.147220 0.003500 0.334794 0.000085
0.015092 0.236885 0.260507 0.147217 0.003523 0.336678 0.000099
0.015072 0.237476 0.260228 0.147053 0.003528 0.336556 0.000087
0.014993 0.234531 0.260713 0.147338 0.003570 0.338758 0.000097
0.015039 0.238049 0.259867 0.147040 0.003522 0.336395 0.000089
0.015062 0.236011 0.260197 0.147104 0.003527 0.338010 0.000090
0.015102 0.236277 0.259613 0.146768 0.003510 0.338638 0.000092
0.014878 0.235275 0.259613 0.146619 0.003508 0.340022 0.000085
0.015171 0.232609 0.259504 0.146637 0.003589 0.342397 0.000093
0.015067 0.230355 0.259481 0.146756 0.003607 0.344644 0.000089
0.014942 0.229543 0.259786 0.146421 0.003632 0.345582 0.000094
0.015223 0.229111 0.259225 0.146387 0.003625 0.346334 0.000095
0.014978 0.229488 0.258770 0.146508 0.003649 0.346516 0.000092
0.015083 0.228736 0.258850 0.146181 0.003639 0.347417 0.000094
0.015125 0.226603 0.258656 0.146118 0.003656 0.349747 0.000095
0.015175 0.226577 0.258360 0.146242 0.003657 0.349895 0.000094
0.015157 0.225626 0.258241 0.146112 0.003631 0.351134 0.000099
0.015459 0.226754 0.257567 0.145546 0.003644 0.350927 0.000104
0.015155 0.224386 0.258013 0.145697 0.003695 0.352961 0.000093
0.015263 0.223113 0.257936 0.145708 0.003670 0.354200 0.000111
0.015220 0.223158 0.257330 0.145563 0.003636 0.354988 0.000105
0.015349 0.223295 0.257192 0.145472 0.003657 0.354929 0.000106
0.015295 0.221613 0.256909 0.145378 0.003722 0.356985 0.000098
0.015449 0.222124 0.256552 0.145212 0.003692 0.356877 0.000095
0.015441 0.218918 0.256646 0.145216 0.003686 0.359992 0.000103
0.015538 0.218813 0.256682 0.145380 0.003769 0.359716 0.000102
0.015369 0.217718 0.256657 0.145467 0.003764 0.360922 0.000104
0.015355 0.217831 0.256586 0.144830 0.003792 0.361512 0.000094
0.015613 0.216619 0.255849 0.144794 0.003743 0.363275 0.000106
0.015581 0.217052 0.255911 0.144692 0.003741 0.362926 0.000098
0.015590 0.215263 0.255828 0.144446 0.003784 0.364986 0.000105
0.015632 0.215402 0.255558 0.144618 0.003798 0.364892 0.000101
0.015507 0.213607 0.255116 0.144272 0.003807 0.367587 0.000103
0.015601 0.214617 0.254995 0.144047 0.003781 0.366855 0.000104
0.015630 0.212897 0.254680 0.144306 0.003802 0.368575 0.000110
0.015860 0.212658 0.254251 0.144003 0.003772 0.369345 0.000110
0.015887 0.211050 0.254117 0.143975 0.003756 0.371114 0.000102
0.015759 0.210625 0.253925 0.143638 0.003804 0.372140 0.000108
0.015659 0.211235 0.253583 0.143402 0.003759 0.372256 0.000107
0.015758 0.209520 0.253522 0.143452 0.003828 0.373820 0.000100
0.015894 0.210158 0.252945 0.143336 0.003841 0.373715 0.000111
0.015798 0.209124 0.253204 0.143192 0.003798 0.374773 0.000111
0.015846 0.208489 0.252913 0.143218 0.003837 0.375577 0.000120
0.015882 0.207949 0.252944 0.142843 0.003821 0.376453 0.000109
0.015804 0.205930 0.253079 0.143149 0.003830 0.378091 0.000115
0.015964 0.207266 0.252231 0.142743 0.003849 0.377832 0.000114
0.015914 0.205204 0.252206 0.142716 0.003903 0.379946 0.000111
0.015906 0.203944 0.252167 0.142746 0.003863 0.381260 0.000114
0.015902 0.203543 0.251954 0.142716 0.003880 0.381896 0.000110
0.015966 0.203224 0.251661 0.142376 0.003896 0.382771 0.000106
0.016135 0.203087 0.251753 0.142241 0.003934 0.382743 0.000107
0.016111 0.203896 0.251288 0.142120 0.003901 0.382576 0.000109
0.016173 0.200662 0.251014 0.141953 0.003927 0.386155 0.000117
0.016354 0.199651 0.250796 0.141836 0.003875 0.387377 0.000111
0.016389 0.200176 0.250673 0.141855 0.003900 0.386902 0.000105
0.016374 0.201546 0.249927 0.141694 0.003883 0.386463 0.000112
0.016258 0.199780 0.250165 0.141584 0.003952 0.388152 0.000109
0.016415 0.198322 0.250113 0.141574 0.003960 0.389508 0.000107
0.016299 0.198326 0.249951 0.141363 0.003933 0.390007 0.000122
0.016503 0.198675 0.249670 0.140951 0.003972 0.390106 0.000123
0.016679 0.196254 0.249495 0.141108 0.003964 0.392381 0.000118
0.016580 0.195862 0.248767 0.141084 0.004000 0.393591 0.000116
0.016584 0.196321 0.248876 0.140818 0.003992 0.393293 0.000116
0.016758 0.195126 0.248648 0.140514 0.003994 0.394845 0.000115
0.016724 0.194071 0.248392 0.140538 0.003953 0.396211 0.000110
0.016452 0.192620 0.248323 0.140385 0.003962 0.398141 0.000117
0.016731 0.191465 0.247737 0.140415 0.004041 0.399485 0.000126
0.016841 0.193412 0.247565 0.139835 0.004007 0.398225 0.000114
0.016764 0.194135 0.247690 0.140199 0.004042 0.397054 0.000116
0.016614 0.192404 0.246853 0.140043 0.003980 0.399985 0.000121
0.016614 0.191323 0.247127 0.140121 0.003961 0.400726 0.000127
0.016843 0.189049 0.247066 0.140036 0.004043 0.402846 0.000117
0.016675 0.191416 0.246296 0.139721 0.004021 0.401752 0.000119
0.016894 0.191529 0.246279 0.139400 0.004022 0.401759 0.000117
0.017129 0.189159 0.245862 0.139302 0.004058 0.404364 0.000125
0.017155 0.188752 0.245566 0.139132 0.004043 0.405237 0.000115
0.017211 0.188092 0.245191 0.138754 0.004059 0.406568 0.000125
0.016981 0.185590 0.245269 0.138913 0.004086 0.409047 0.000116
0.016999 0.187013 0.245024 0.139105 0.004063 0.407674 0.000123
0.017132 0.186607 0.244874 0.138652 0.004091 0.408529 0.000115
0.017102 0.186318 0.244406 0.138807 0.004081 0.409162 0.000123
0.017236 0.184699 0.244220 0.138379 0.004150 0.411191 0.000125
0.017112 0.183500 0.244371 0.138014 0.004109 0.412768 0.000127
0.017288 0.184148 0.243886 0.138160 0.004106 0.412282 0.000130
0.017161 0.182537 0.243700 0.138164 0.004152 0.414158 0.000127
0.017399 0.182434 0.243494 0.137595 0.004158 0.414793 0.000126
0.017540 0.182019 0.243177 0.137877 0.004130 0.415124 0.000134
0.017396 0.180866 0.243106 0.137288 0.004130 0.417085 0.000129
0.017377 0.179909 0.242650 0.137239 0.004167 0.418538 0.000121
0.017364 0.180059 0.242888 0.137134 0.004165 0.418262 0.000128
0.017394 0.181170 0.241895 0.137172 0.004170 0.418077 0.000122
0.017460 0.180197 0.241944 0.137203 0.004165 0.418906 0.000126
0.017240 0.179198 0.241590 0.137022 0.004198 0.420615 0.000136
0.017596 0.176616 0.241445 0.136680 0.004173 0.423349 0.000141
0.017575 0.178589 0.241382 0.136726 0.004174 0.421411 0.000143
0.017720 0.177525 0.241012 0.136564 0.004146 0.422898 0.000134
0.017579 0.176545 0.240507 0.136539 0.004248 0.424446 0.000136
0.017399 0.176681 0.240338 0.136192 0.004202 0.425049 0.000139
0.017744 0.176429 0.240196 0.136019 0.004232 0.425237 0.000143
0.017861 0.174728 0.239723 0.135888 0.004266 0.427398 0.000136
0.017997 0.174667 0.239159 0.135588 0.004272 0.428175 0.000142
0.017760 0.175211 0.239245 0.135590 0.004188 0.427872 0.000136
0.017909 0.173274 0.238949 0.135529 0.004224 0.429972 0.000143
0.018090 0.173000 0.238753 0.135460 0.004186 0.430362 0.000149
0.018163 0.172399 0.238561 0.135253 0.004240 0.431236 0.000148
0.018095 0.171815 0.238370 0.135120 0.004221 0.432241 0.000139
0.018027 0.171895 0.237618 0.134647 0.004205 0.433465 0.000142
0.018003 0.170641 0.238455 0.134686 0.004250 0.433820 0.000146
0.018354 0.169320 0.237634 0.134325 0.004312 0.435918 0.000137
0.018182 0.169958 0.237702 0.134733 0.004264 0.435027 0.000134
0.018167 0.170306 0.237340 0.134357 0.004247 0.435436 0.000147
0.018404 0.169440 0.237157 0.134321 0.004268 0.436265 0.000146
0.018088 0.170374 0.236815 0.134396 0.004236 0.435955 0.000136
0.018320 0.168105 0.236128 0.133992 0.004294 0.439027 0.000133
0.018398 0.169000 0.235894 0.133991 0.004295 0.438281 0.000141
0.018406 0.166408 0.235744 0.133747 0.004314 0.441231 0.000151
0.018491 0.166678 0.236041 0.133775 0.004333 0.440535 0.000146
0.018438 0.166914 0.235530 0.133766 0.004305 0.440910 0.000138
0.018718 0.166247 0.234920 0.133302 0.004297 0.442367 0.000149
0.018399 0.165642 0.234845 0.133222 0.004338 0.443414 0.000141
0.018819 0.164319 0.234259 0.132971 0.004363 0.445132 0.000137
0.018550 0.164774 0.234241 0.133132 0.004326 0.444830 0.000147
0.018675 0.164336 0.234068 0.132920 0.004293 0.445549 0.000158
0.018885 0.162628 0.233884 0.132558 0.004315 0.447571 0.000160
0.018887 0.162435 0.233305 0.132460 0.004342 0.448416 0.000156
0.018926 0.162983 0.233336 0.132593 0.004357 0.447656 0.000149
0.019211 0.162553 0.233132 0.132036 0.004310 0.448601 0.000157
0.019046 0.163918 0.233304 0.132054 0.004278 0.447238 0.000160
0.018903 0.161309 0.232727 0.131883 0.004302 0.450712 0.000164
0.019111 0.161042 0.232221 0.131823 0.004372 0.451261 0.000170
0.018897 0.160560 0.232027 0.131664 0.004358 0.452321 0.000172
0.019340 0.158700 0.231270 0.131372 0.004420 0.454730 0.000168
0.019060 0.159028 0.231484 0.131321 0.004386 0.454558 0.000163
0.019492 0.158768 0.231049 0.131196 0.004322 0.455013 0.000160
0.019181 0.158479 0.231007 0.131077 0.004423 0.455669 0.000165
0.019322 0.158213 0.230259 0.130662 0.004397 0.456978 0.000169
0.019419 0.157955 0.230012 0.130986 0.004448 0.457018 0.000162
0.019170 0.156676 0.229866 0.130837 0.004452 0.458841 0.000158
0.019212 0.156414 0.229649 0.130615 0.004401 0.459541 0.000168
0.019298 0.155513 0.228905 0.130276 0.004455 0.461383 0.000170
0.019474 0.156964 0.229213 0.130331 0.004387 0.459452 0.000178
0.019712 0.156784 0.228598 0.129819 0.004368 0.460560 0.000159
0.019718 0.155129 0.228777 0.129782 0.004424 0.462004 0.000166
0.019793 0.154888 0.228367 0.129844 0.004408 0.462524 0.000177
0.019717 0.154821 0.228049 0.129426 0.004436 0.463385 0.000166
0.019709 0.153374 0.227948 0.129351 0.004390 0.465046 0.000182
0.019874 0.153385 0.227653 0.129394 0.004425 0.465102 0.000167
0.019850 0.152441 0.227084 0.129055 0.004410 0.466984 0.000176
0.019895 0.153289 0.227236 0.129036 0.004461 0.465923 0.000160
0.019866 0.152186 0.226270 0.128996 0.004346 0.468166 0.000170
0.019564 0.152318 0.226277 0.128799 0.004497 0.468377 0.000169
0.019949 0.151777 0.226072 0.128419 0.004442 0.469170 0.000171
0.020231 0.151645 0.225930 0.128529 0.004498 0.468991 0.000175
0.019886 0.150677 0.225528 0.128425 0.004504 0.470809 0.000171
0.020077 0.150830 0.225449 0.128229 0.004531 0.470717 0.000168
0.020414 0.149635 0.224866 0.127818 0.004521 0.472576 0.000170
0.020446 0.149046 0.224934 0.127819 0.004478 0.473103 0.000173
0.020161 0.149078 0.224648 0.127801 0.004528 0.473621 0.000162
0.020153 0.148630 0.224220 0.127433 0.004539 0.474849 0.000177
0.020296 0.148263 0.223745 0.127132 0.004565 0.475831 0.000168
0.020068 0.147588 0.223316 0.126877 0.004536 0.477447 0.000168
0.020510 0.147283 0.223138 0.126877 0.004524 0.477497 0.000171
0.020392 0.146673 0.223123 0.126845 0.004501 0.478292 0.000174
0.020191 0.146710 0.222622 0.126482 0.004571 0.479254 0.000171
0.020683 0.146911 0.223040 0.126512 0.004599 0.478087 0.000168
0.020984 0.145737 0.222260 0.126171 0.004552 0.480126 0.000170
0.020619 0.145583 0.222143 0.126064 0.004494 0.480922 0.000176
0.020666 0.145614 0.221605 0.126121 0.004581 0.481241 0.000172
0.020638 0.144846 0.221462 0.126130 0.004499 0.482241 0.000183
0.020662 0.144865 0.221237 0.125725 0.004515 0.482814 0.000182
0.020826 0.144191 0.221529 0.125421 0.004582 0.483278 0.000172
0.021007 0.144316 0.220662 0.125066 0.004573 0.484186 0.000190
0.020862 0.143031 0.220527 0.124922 0.004584 0.485886 0.000187
0.021073 0.143168 0.220023 0.124800 0.004580 0.486178 0.000178
0.020959 0.142767 0.220337 0.124892 0.004572 0.486292 0.000182
0.020814 0.143750 0.219892 0.124890 0.004528 0.485944 0.000182
