0.999100 0.000877 0.000015 0.000008 0.000000 0.000000 0.000000
0.998658 0.001305 0.000025 0.000004 0.000000 0.000008 0.000000
0.998201 0.001751 0.000029 0.000011 0.000000 0.000008 0.000000
0.997673 0.002270 0.000033 0.000015 0.000000 0.000008 0.000000
0.997175 0.002753 0.000040 0.000023 0.000000 0.000009 0.000000
0.996670 0.003248 0.000045 0.000027 0.000000 0.000010 0.000000
0.996089 0.003809 0.000061 0.000031 0.000000 0.000010 0.000000
0.995285 0.004609 0.000060 0.000037 0.000000 0.000009 0.000000
0.994340 0.005541 0.000071 0.000038 0.000000 0.000010 0.000000
0.993352 0.006515 0.000077 0.000048 0.000000 0.000009 0.000000
0.991548 0.008289 0.000102 0.000052 0.000000 0.000009 0.000000
0.990546 0.009264 0.000112 0.000068 0.000000 0.000011 0.000000
0.988328 0.011464 0.000119 0.000078 0.000000 0.000011 0.000000
0.985805 0.013941 0.000146 0.000098 0.000000 0.000010 0.000000
0.981662 0.018017 0.000205 0.000105 0.000000 0.000011 0.000000
0.979554 0.020083 0.000217 0.000137 0.000000 0.000008 0.000000
0.975819 0.023713 0.000282 0.000173 0.000000 0.000013 0.000000
0.970513 0.028895 0.000357 0.000226 0.000000 0.000010 0.000000
0.965888 0.033395 0.000452 0.000254 0.000000 0.000011 0.000000
0.958583 0.040555 0.000553 0.000299 0.000000 0.000011 0.000000
0.953481 0.045567 0.000605 0.000334 0.000000 0.000014 0.000000
0.945054 0.053791 0.000743 0.000398 0.000000 0.000013 0.000000
0.937066 0.061575 0.000853 0.000486 0.000000 0.000020 0.000000
0.926737 0.071661 0.001009 0.000570 0.000000 0.000023 0.000000
0.916672 0.081466 0.001151 0.000689 0.000000 0.000022 0.000000
0.907299 0.090587 0.001316 0.000779 0.000000 0.000019 0.000000
0.894512 0.103106 0.001501 0.000857 0.000000 0.000024 0.000000
0.883190 0.114097 0.001727 0.000961 0.000000 0.000025 0.000000
0.870918 0.126044 0.001922 0.001084 0.000000 0.000032 0.000000
0.857411 0.139126 0.002171 0.001258 0.000000 0.000035 0.000000
0.842507 0.153558 0.002471 0.001420 0.000000 0.000044 0.000000
0.827795 0.167734 0.002781 0.001630 0.000000 0.000061 0.000000
0.813705 0.181251 0.003135 0.001833 0.000000 0.000076 0.000000
0.800152 0.194299 0.003443 0.002021 0.000000 0.000086 0.000000
0.784179 0.209651 0.003836 0.002236 0.000000 0.000097 0.000000
0.766972 0.226103 0.004269 0.002541 0.000000 0.000115 0.000000
0.752690 0.239698 0.004681 0.002799 0.000000 0.000132 0.000000
0.739139 0.252622 0.005094 0.002992 0.000000 0.000153 0.000000
0.724924 0.266077 0.005586 0.003238 0.000000 0.000174 0.000000
0.709691 0.280502 0.006067 0.003543 0.000000 0.000197 0.000000
0.695699 0.293772 0.006505 0.003797 0.000000 0.000228 0.000000
0.682651 0.306048 0.006997 0.004052 0.000000 0.000252 0.000000
0.668224 0.319584 0.007542 0.004370 0.000001 0.000279 0.000000
0.651674 0.335186 0.008139 0.004701 0.000001 0.000299 0.000000
0.640423 0.345675 0.008600 0.004975 0.000002 0.000324 0.000000
0.624320 0.360807 0.009210 0.005309 0.000003 0.000352 0.000000
0.608219 0.375834 0.009902 0.005652 0.000005 0.000388 0.000000
0.594630 0.388553 0.010442 0.005959 0.000005 0.000410 0.000000
0.583673 0.398565 0.011021 0.006295 0.000006 0.000441 0.000000
0.568809 0.412334 0.011709 0.006663 0.000007 0.000478 0.000000
0.554905 0.425195 0.012365 0.007012 0.000007 0.000516 0.000000
0.543675 0.435388 0.012994 0.007388 0.000007 0.000547 0.000000
0.527816 0.449919 0.013798 0.007874 0.000008 0.000584 0.000000
0.515317 0.461268 0.014475 0.008290 0.000009 0.000643 0.000000
0.501810 0.473438 0.015346 0.008731 0.000009 0.000666 0.000000
0.489770 0.484226 0.016083 0.009183 0.000008 0.000731 0.000000
0.478165 0.494497 0.016862 0.009678 0.000009 0.000789 0.000000
0.467706 0.503495 0.017726 0.010199 0.000010 0.000864 0.000000
0.456595 0.513432 0.018456 0.010606 0.000011 0.000900 0.000000
0.446369 0.522379 0.019230 0.011040 0.000011 0.000971 0.000000
0.434317 0.532729 0.020311 0.011590 0.000013 0.001041 0.000000
0.423971 0.541521 0.021246 0.012145 0.000015 0.001103 0.000000
0.412011 0.551731 0.022336 0.012724 0.000015 0.001183 0.000000
0.401688 0.560575 0.023235 0.013224 0.000018 0.001260 0.000000
0.391431 0.569105 0.024316 0.013800 0.000018 0.001329 0.000000
0.382529 0.576070 0.025495 0.014445 0.000019 0.001441 0.000000
0.374801 0.582706 0.026161 0.014824 0.000020 0.001488 0.000000
0.365021 0.590266 0.027520 0.015562 0.000021 0.001610 0.000000
0.355611 0.597935 0.028601 0.016118 0.000023 0.001712 0.000000
0.349093 0.602730 0.029653 0.016698 0.000022 0.001804 0.000000
0.340016 0.609824 0.030816 0.017359 0.000023 0.001963 0.000000
0.332137 0.615819 0.031937 0.018008 0.000026 0.002073 0.000000
0.323947 0.622254 0.032977 0.018602 0.000031 0.002189 0.000000
0.318654 0.625677 0.034083 0.019239 0.000031 0.002315 0.000000
0.311285 0.631141 0.035169 0.019923 0.000033 0.002449 0.000000
0.304572 0.636113 0.036228 0.020465 0.000037 0.002585 0.000000
0.296358 0.642348 0.037309 0.021236 0.000036 0.002714 0.000000
0.288992 0.647110 0.038921 0.022068 0.000040 0.002869 0.000000
0.281132 0.652969 0.040135 0.022676 0.000040 0.003049 0.000000
0.275997 0.655890 0.041393 0.023460 0.000043 0.003217 0.000000
0.266812 0.662593 0.042932 0.024225 0.000048 0.003390 0.000000
0.265208 0.662257 0.044010 0.024977 0.000044 0.003504 0.000000
0.257883 0.667003 0.045524 0.025846 0.000047 0.003697 0.000000
0.251939 0.671153 0.046623 0.026363 0.000048 0.003874 0.000000
0.247772 0.672629 0.048205 0.027189 0.000052 0.004153 0.000000
0.242202 0.676434 0.049270 0.027721 0.000054 0.004319 0.000000
0.243606 0.673376 0.050181 0.028299 0.000060 0.004478 0.000000
0.235205 0.679338 0.051656 0.029027 0.000061 0.004712 0.000000
0.230124 0.682060 0.052926 0.029887 0.000062 0.004941 0.000000
0.226351 0.683436 0.054336 0.030653 0.000064 0.005159 0.000000
0.221867 0.685527 0.055728 0.031436 0.000065 0.005377 0.000000
0.216061 0.687923 0.057636 0.032597 0.000073 0.005709 0.000000
0.211301 0.691006 0.058630 0.033117 0.000070 0.005876 0.000000
0.211102 0.689432 0.059570 0.033702 0.000069 0.006124 0.000000
0.204291 0.693251 0.061378 0.034598 0.000069 0.006414 0.000000
0.197477 0.697131 0.063000 0.035573 0.000078 0.006740 0.000000
0.196157 0.695744 0.064588 0.036407 0.000077 0.007027 0.000000
0.193925 0.696521 0.065420 0.036876 0.000086 0.007172 0.000000
0.185609 0.701059 0.067546 0.038034 0.000085 0.007667 0.000000
0.180200 0.704859 0.068496 0.038560 0.000088 0.007798 0.000000
0.170429 0.710317 0.070916 0.040037 0.000089 0.008212 0.000000
0.173849 0.706561 0.071012 0.040126 0.000095 0.008356 0.000000
0.173536 0.703630 0.072743 0.041214 0.000095 0.008781 0.000000
0.166967 0.707636 0.074192 0.042026 0.000098 0.009081 0.000000
0.165165 0.706129 0.076054 0.043109 0.000103 0.009440 0.000000
0.159554 0.709084 0.077551 0.043944 0.000103 0.009763 0.000001
0.158701 0.706720 0.079224 0.045086 0.000108 0.010160 0.000001
0.154542 0.707700 0.081013 0.046071 0.000119 0.010555 0.000001
0.157181 0.704489 0.081202 0.046330 0.000122 0.010675 0.000001
0.151583 0.706130 0.083423 0.047532 0.000132 0.011200 0.000001
0.152411 0.703619 0.084213 0.048081 0.000129 0.011545 0.000001
0.146963 0.705171 0.086376 0.049323 0.000141 0.012026 0.000000
0.151437 0.700716 0.086309 0.049296 0.000133 0.012108 0.000001
0.148015 0.700344 0.088431 0.050382 0.000139 0.012688 0.000001
0.149311 0.697248 0.089363 0.050993 0.000137 0.012947 0.000001
0.146868 0.697473 0.090601 0.051650 0.000143 0.013264 0.000001
0.143769 0.698662 0.091722 0.052109 0.000146 0.013592 0.000001
0.149932 0.690381 0.092678 0.052791 0.000156 0.014062 0.000001
0.144337 0.692201 0.094804 0.053958 0.000162 0.014537 0.000001
0.146836 0.689080 0.095014 0.054170 0.000161 0.014739 0.000001
0.144755 0.687567 0.097063 0.055125 0.000168 0.015323 0.000001
0.139985 0.689525 0.098564 0.056029 0.000181 0.015715 0.000000
0.136187 0.690766 0.100046 0.056713 0.000179 0.016107 0.000001
0.133892 0.690964 0.101150 0.057334 0.000182 0.016477 0.000000
0.131770 0.689674 0.102783 0.058418 0.000183 0.017171 0.000001
0.134342 0.685045 0.103852 0.059003 0.000188 0.017570 0.000001
0.135937 0.681939 0.104644 0.059414 0.000192 0.017874 0.000001
0.139300 0.677800 0.104902 0.059582 0.000210 0.018204 0.000001
0.136060 0.678983 0.105939 0.060301 0.000198 0.018519 0.000001
0.131493 0.679322 0.108206 0.061547 0.000205 0.019226 0.000002
0.129770 0.678466 0.109540 0.062265 0.000223 0.019736 0.000001
0.124165 0.682302 0.110622 0.062727 0.000223 0.019959 0.000002
0.118323 0.682738 0.113354 0.064321 0.000236 0.021026 0.000001
0.117199 0.682222 0.114201 0.064784 0.000244 0.021348 0.000002
0.113703 0.682007 0.116095 0.065988 0.000252 0.021954 0.000001
0.109023 0.684693 0.117145 0.066602 0.000238 0.022299 0.000001
0.107473 0.682675 0.118867 0.067683 0.000254 0.023046 0.000001
0.099873 0.686645 0.120803 0.068682 0.000261 0.023733 0.000002
0.100787 0.684511 0.121479 0.068929 0.000269 0.024024 0.000002
0.095037 0.685835 0.123812 0.070224 0.000263 0.024828 0.000002
0.091104 0.686667 0.125439 0.071084 0.000278 0.025426 0.000002
0.085126 0.688237 0.127624 0.072500 0.000284 0.026227 0.000002
0.080600 0.689090 0.129604 0.073562 0.000281 0.026860 0.000002
0.077331 0.688041 0.131751 0.074867 0.000290 0.027717 0.000003
0.075012 0.688832 0.132491 0.075300 0.000299 0.028064 0.000002
0.068403 0.689436 0.135551 0.077063 0.000305 0.029239 0.000002
0.066203 0.688798 0.136968 0.077967 0.000306 0.029755 0.000002
0.061147 0.689447 0.139391 0.079190 0.000319 0.030504 0.000002
0.060071 0.687652 0.140582 0.080046 0.000323 0.031324 0.000002
0.057618 0.686558 0.142406 0.081054 0.000344 0.032019 0.000003
0.053297 0.686551 0.144792 0.082214 0.000339 0.032804 0.000003
0.054146 0.685130 0.144813 0.082473 0.000357 0.033078 0.000003
0.049581 0.684570 0.147491 0.083858 0.000374 0.034123 0.000003
0.046813 0.682278 0.149943 0.085250 0.000375 0.035337 0.000004
0.045313 0.681454 0.151104 0.085870 0.000384 0.035869 0.000004
0.042773 0.679290 0.153414 0.087310 0.000389 0.036821 0.000004
0.042179 0.677254 0.154739 0.088033 0.000411 0.037380 0.000004
0.041574 0.675976 0.155678 0.088409 0.000407 0.037950 0.000005
0.039581 0.674312 0.157303 0.089437 0.000427 0.038936 0.000003
0.037507 0.671280 0.159971 0.090736 0.000448 0.040052 0.000006
0.037572 0.670120 0.160275 0.091039 0.000440 0.040549 0.000004
0.035587 0.668648 0.162015 0.091984 0.000453 0.041308 0.000005
0.034662 0.666635 0.163267 0.092833 0.000441 0.042158 0.000005
0.033296 0.664756 0.164610 0.093907 0.000452 0.042973 0.000005
0.033158 0.664300 0.164920 0.093875 0.000458 0.043283 0.000006
0.031520 0.658867 0.168414 0.095744 0.000494 0.044957 0.000005
0.030968 0.656952 0.169652 0.096300 0.000498 0.045624 0.000006
0.029950 0.655294 0.170794 0.097243 0.000486 0.046226 0.000007
0.029748 0.653769 0.171550 0.097548 0.000514 0.046865 0.000006
0.029443 0.652039 0.172442 0.098033 0.000506 0.047531 0.000006
0.028045 0.647700 0.175064 0.099609 0.000532 0.049044 0.000006
0.027874 0.646403 0.175823 0.099983 0.000543 0.049368 0.000006
0.027478 0.644295 0.177030 0.100562 0.000553 0.050075 0.000007
0.027263 0.643248 0.177682 0.100831 0.000546 0.050426 0.000005
0.026990 0.641355 0.178515 0.101305 0.000555 0.051274 0.000006
0.025848 0.637813 0.180514 0.102601 0.000579 0.052639 0.000006
0.025179 0.635105 0.182254 0.103425 0.000587 0.053443 0.000007
0.025040 0.632421 0.183276 0.104130 0.000592 0.054533 0.000007
0.024214 0.630255 0.184986 0.104697 0.000597 0.055244 0.000006
0.023935 0.628100 0.185872 0.105392 0.000605 0.056087 0.000010
0.023621 0.626525 0.186435 0.106042 0.000646 0.056719 0.000011
0.023283 0.624995 0.187428 0.106260 0.000624 0.057401 0.000009
0.022776 0.620929 0.189380 0.107518 0.000656 0.058733 0.000008
0.022570 0.619717 0.190045 0.107609 0.000645 0.059405 0.000010
0.022591 0.617503 0.190659 0.108445 0.000650 0.060142 0.000009
0.022087 0.615700 0.191840 0.108791 0.000676 0.060898 0.000008
0.021795 0.612354 0.193289 0.109683 0.000682 0.062188 0.000010
0.021401 0.610886 0.194270 0.110165 0.000681 0.062587 0.000009
0.021204 0.609269 0.194725 0.110698 0.000686 0.063410 0.000009
0.021109 0.606577 0.195849 0.111341 0.000712 0.064400 0.000011
0.020630 0.605082 0.196643 0.111960 0.000718 0.064955 0.000011
0.020536 0.603248 0.197509 0.112297 0.000723 0.065676 0.000011
0.019712 0.598307 0.200198 0.113402 0.000724 0.067646 0.000012
0.019820 0.596992 0.200794 0.113706 0.000744 0.067933 0.000011
0.019815 0.596979 0.200494 0.113685 0.000763 0.068253 0.000010
0.019516 0.592903 0.202194 0.114923 0.000774 0.069682 0.000009
0.019268 0.591666 0.202683 0.115134 0.000794 0.070443 0.000011
0.019303 0.589667 0.203457 0.115383 0.000784 0.071393 0.000012
0.019006 0.586718 0.204691 0.116346 0.000815 0.072415 0.000009
0.018845 0.584930 0.205632 0.116705 0.000833 0.073048 0.000008
0.018551 0.582443 0.206565 0.117314 0.000804 0.074314 0.000009
0.018528 0.581198 0.206970 0.117601 0.000822 0.074869 0.000011
0.018380 0.578757 0.208063 0.118103 0.000851 0.075836 0.000011
0.018344 0.577000 0.208784 0.118567 0.000855 0.076440 0.000010
0.017945 0.573802 0.210232 0.119423 0.000875 0.077712 0.000012
0.017928 0.572500 0.210610 0.119658 0.000894 0.078398 0.000012
0.017612 0.570362 0.211647 0.120066 0.000903 0.079399 0.000012
0.017465 0.568559 0.212443 0.120552 0.000899 0.080070 0.000012
0.017379 0.565985 0.213506 0.121045 0.000894 0.081181 0.000010
0.017007 0.562616 0.214741 0.121888 0.000936 0.082802 0.000010
0.017021 0.561859 0.214793 0.122169 0.000945 0.083202 0.000012
0.016785 0.559017 0.216028 0.122842 0.000966 0.084351 0.000010
0.016872 0.559087 0.216033 0.122516 0.000957 0.084523 0.000013
0.016643 0.555973 0.217508 0.123124 0.000976 0.085764 0.000012
0.016608 0.553938 0.218068 0.123795 0.000996 0.086586 0.000010
0.016389 0.550680 0.219390 0.124296 0.001008 0.088222 0.000014
0.016285 0.548966 0.220012 0.124714 0.001011 0.089002 0.000011
0.016216 0.548098 0.220338 0.124919 0.001004 0.089417 0.000010
0.016097 0.546437 0.220656 0.125323 0.001020 0.090453 0.000014
0.015915 0.543547 0.222062 0.125861 0.001030 0.091572 0.000013
0.015893 0.542128 0.222457 0.126240 0.001022 0.092249 0.000011
0.015790 0.539473 0.223411 0.126890 0.001045 0.093379 0.000013
0.015623 0.536991 0.224394 0.127227 0.001088 0.094666 0.000011
0.016557 0.536018 0.224229 0.127334 0.001055 0.094796 0.000011
0.022264 0.530448 0.223277 0.127148 0.001087 0.095761 0.000015
0.023307 0.526788 0.224689 0.127380 0.001081 0.096742 0.000013
0.025721 0.524627 0.224118 0.127365 0.001069 0.097089 0.000011
0.023571 0.525227 0.224929 0.127549 0.001086 0.097626 0.000012
0.027748 0.520116 0.224812 0.127365 0.001117 0.098830 0.000012
0.027622 0.519617 0.224701 0.127612 0.001119 0.099319 0.000012
0.027010 0.517088 0.225852 0.128264 0.001109 0.100664 0.000013
0.026354 0.515462 0.226621 0.128796 0.001131 0.101622 0.000014
0.026560 0.515640 0.226426 0.128562 0.001132 0.101667 0.000013
0.025987 0.512900 0.227447 0.129265 0.001170 0.103219 0.000012
0.026658 0.511811 0.227471 0.129011 0.001163 0.103871 0.000015
0.027188 0.509171 0.228187 0.129495 0.001178 0.104767 0.000014
0.025241 0.508901 0.228791 0.129897 0.001190 0.105967 0.000013
0.024970 0.507204 0.229316 0.130368 0.001205 0.106921 0.000016
0.022115 0.506351 0.230671 0.131291 0.001199 0.108361 0.000013
0.025014 0.504837 0.230073 0.130743 0.001192 0.108126 0.000015
0.032658 0.497984 0.229039 0.130048 0.001237 0.109018 0.000016
0.030212 0.497495 0.230164 0.130713 0.001224 0.110179 0.000013
0.032961 0.495730 0.229809 0.130152 0.001219 0.110117 0.000011
0.030700 0.493736 0.231007 0.131234 0.001237 0.112075 0.000010
0.030878 0.492331 0.231399 0.131240 0.001261 0.112879 0.000012
0.032515 0.491978 0.230535 0.131061 0.001264 0.112635 0.000012
0.029171 0.490054 0.232470 0.132247 0.001276 0.114769 0.000014
0.032290 0.486991 0.232329 0.131886 0.001275 0.115216 0.000014
0.028234 0.486166 0.234244 0.133014 0.001292 0.117036 0.000014
0.028811 0.485713 0.233841 0.132709 0.001298 0.117612 0.000015
0.026723 0.486380 0.234449 0.133147 0.001309 0.117981 0.000013
0.025411 0.483593 0.235893 0.133824 0.001311 0.119954 0.000013
0.025788 0.483042 0.235569 0.133931 0.001338 0.120319 0.000012
0.022771 0.481002 0.237694 0.134792 0.001334 0.122393 0.000014
0.024487 0.479380 0.237125 0.134837 0.001338 0.122822 0.000011
0.022751 0.479890 0.237699 0.135006 0.001356 0.123284 0.000013
0.019985 0.476583 0.239987 0.136207 0.001422 0.125801 0.000013
0.021499 0.477361 0.238957 0.135411 0.001344 0.125416 0.000012
0.019863 0.474745 0.240058 0.136506 0.001395 0.127418 0.000015
0.018084 0.473408 0.241495 0.137090 0.001394 0.128513 0.000016
0.017221 0.471984 0.242363 0.137610 0.001399 0.129408 0.000015
0.017683 0.470502 0.242411 0.137465 0.001414 0.130511 0.000015
0.016312 0.468421 0.243604 0.138320 0.001429 0.131898 0.000015
0.017386 0.466901 0.243568 0.138009 0.001439 0.132684 0.000014
0.015755 0.464026 0.245054 0.139241 0.001435 0.134474 0.000015
0.016305 0.461952 0.244709 0.139460 0.001470 0.136085 0.000018
0.015751 0.461505 0.245789 0.139433 0.001476 0.136029 0.000016
0.015814 0.460851 0.245614 0.139507 0.001479 0.136717 0.000018
0.015172 0.458380 0.246347 0.140137 0.001511 0.138434 0.000019
0.014403 0.456033 0.247796 0.140497 0.001542 0.139712 0.000017
0.014361 0.454885 0.247669 0.140943 0.001544 0.140578 0.000019
0.013981 0.452442 0.248838 0.141511 0.001538 0.141672 0.000018
0.014147 0.451836 0.248807 0.141363 0.001550 0.142280 0.000018
0.013756 0.448339 0.249805 0.141975 0.001583 0.144527 0.000016
0.013467 0.447315 0.250069 0.142256 0.001568 0.145308 0.000018
0.014310 0.448091 0.249471 0.141408 0.001573 0.145132 0.000016
0.013362 0.443907 0.250964 0.142758 0.001576 0.147416 0.000017
0.013946 0.443614 0.250540 0.142372 0.001646 0.147864 0.000019
0.013091 0.440728 0.251963 0.143157 0.001632 0.149414 0.000016
0.013237 0.439710 0.251558 0.143394 0.001642 0.150442 0.000018
0.013027 0.437593 0.252695 0.143515 0.001646 0.151503 0.000021
0.012775 0.435118 0.253329 0.143975 0.001681 0.153105 0.000017
0.012632 0.433726 0.253893 0.144178 0.001678 0.153875 0.000019
0.012603 0.432257 0.254179 0.144263 0.001713 0.154966 0.000020
0.012461 0.430318 0.254620 0.144603 0.001697 0.156282 0.000019
0.012619 0.428561 0.255128 0.144702 0.001704 0.157268 0.000019
0.012240 0.426636 0.255142 0.145316 0.001744 0.158900 0.000023
0.012587 0.427469 0.255083 0.144712 0.001717 0.158408 0.000023
0.012276 0.423641 0.256108 0.145369 0.001761 0.160821 0.000024
0.012158 0.424106 0.256007 0.145565 0.001767 0.160375 0.000023
0.012182 0.421594 0.256350 0.145659 0.001771 0.162420 0.000024
0.012424 0.420789 0.256086 0.145519 0.001788 0.163371 0.000023
0.012237 0.420440 0.256375 0.145514 0.001771 0.163640 0.000023
0.012289 0.417194 0.256872 0.146049 0.001796 0.165777 0.000022
0.011866 0.416275 0.257507 0.146152 0.001802 0.166373 0.000025
0.012092 0.414298 0.257748 0.146360 0.001835 0.167645 0.000022
0.011763 0.411441 0.258728 0.147005 0.001852 0.169186 0.000025
0.011879 0.412080 0.258178 0.146646 0.001860 0.169337 0.000020
0.011856 0.409774 0.258757 0.146983 0.001888 0.170718 0.000025
0.011981 0.407635 0.258934 0.147202 0.001868 0.172357 0.000023
0.011795 0.405441 0.260024 0.147587 0.001907 0.173220 0.000026
0.011644 0.404686 0.259861 0.147656 0.001891 0.174240 0.000023
0.011784 0.403126 0.259909 0.147614 0.001930 0.175614 0.000024
0.011920 0.401877 0.260132 0.147753 0.001898 0.176396 0.000024
0.011966 0.401118 0.260224 0.147562 0.001936 0.177167 0.000026
0.011603 0.397987 0.261244 0.148443 0.001954 0.178742 0.000026
0.011658 0.398265 0.260839 0.148303 0.001972 0.178938 0.000026
0.011699 0.395832 0.261347 0.148587 0.001943 0.180568 0.000024
0.011641 0.394963 0.261599 0.148595 0.002001 0.181179 0.000023
0.011579 0.392750 0.262062 0.148436 0.001985 0.183165 0.000023
0.011426 0.390642 0.262581 0.149057 0.002007 0.184262 0.000025
0.011457 0.389293 0.262516 0.149008 0.002047 0.185652 0.000027
0.011731 0.388953 0.262315 0.149262 0.002042 0.185673 0.000023
0.011473 0.387474 0.263042 0.149212 0.002038 0.186734 0.000027
0.011563 0.385648 0.262977 0.149483 0.002053 0.188246 0.000029
0.011669 0.385556 0.262770 0.149228 0.002050 0.188700 0.000027
0.011271 0.382029 0.264172 0.149793 0.002106 0.190599 0.000030
0.011582 0.381627 0.263668 0.149519 0.002081 0.191494 0.000028
0.011425 0.380744 0.263627 0.149870 0.002113 0.192187 0.000034
0.011602 0.379070 0.264003 0.149730 0.002109 0.193454 0.000032
0.011560 0.377585 0.264106 0.150072 0.002116 0.194528 0.000032
0.011363 0.376576 0.264285 0.150210 0.002122 0.195410 0.000035
0.011505 0.374375 0.264754 0.150324 0.002126 0.196879 0.000038
0.011381 0.371416 0.265237 0.150739 0.002192 0.198995 0.000039
0.011400 0.371735 0.265235 0.150470 0.002141 0.198980 0.000038
0.011434 0.371132 0.264844 0.150324 0.002199 0.200028 0.000038
0.011290 0.369308 0.265425 0.150742 0.002161 0.201033 0.000042
0.011230 0.366265 0.265967 0.150991 0.002165 0.203342 0.000039
0.011358 0.364660 0.266096 0.150830 0.002214 0.204807 0.000035
0.011375 0.365986 0.265786 0.150619 0.002193 0.204004 0.000037
0.011398 0.365751 0.265532 0.150723 0.002200 0.204352 0.000044
0.011331 0.361939 0.266129 0.151171 0.002225 0.207162 0.000042
0.011545 0.362755 0.265638 0.150843 0.002207 0.206973 0.000039
0.011366 0.360009 0.266009 0.151334 0.002208 0.209031 0.000043
0.011534 0.357219 0.266711 0.151108 0.002281 0.211098 0.000048
0.011266 0.356193 0.266975 0.151724 0.002292 0.211504 0.000045
0.011499 0.358163 0.265867 0.151047 0.002262 0.211118 0.000044
0.011401 0.354755 0.266464 0.151606 0.002274 0.213450 0.000050
0.011396 0.353868 0.266942 0.151356 0.002303 0.214079 0.000055
0.011336 0.351650 0.267358 0.151626 0.002319 0.215664 0.000047
0.011261 0.350891 0.267309 0.151750 0.002295 0.216442 0.000051
0.011344 0.349339 0.267271 0.151812 0.002336 0.217850 0.000048
0.011381 0.348142 0.267323 0.152098 0.002353 0.218652 0.000051
0.011389 0.346533 0.267396 0.151670 0.002330 0.220632 0.000049
0.011307 0.345587 0.267651 0.152096 0.002343 0.220965 0.000051
0.011352 0.344809 0.267653 0.152082 0.002374 0.221682 0.000048
0.011447 0.343102 0.267906 0.152139 0.002374 0.222980 0.000052
0.011360 0.342472 0.267744 0.152043 0.002407 0.223924 0.000050
0.011355 0.341261 0.267880 0.152315 0.002406 0.224737 0.000047
0.011249 0.339494 0.268064 0.151918 0.002442 0.226782 0.000052
0.011383 0.338589 0.268575 0.152044 0.002421 0.226938 0.000048
0.011314 0.337673 0.268337 0.152252 0.002410 0.227956 0.000059
0.011408 0.336651 0.268307 0.152202 0.002465 0.228913 0.000054
0.011139 0.334100 0.268439 0.152773 0.002473 0.231021 0.000054
0.011368 0.334477 0.268168 0.152336 0.002440 0.231156 0.000054
0.011273 0.331819 0.268429 0.152441 0.002514 0.233467 0.000057
0.011297 0.331184 0.268420 0.152656 0.002498 0.233893 0.000052
0.011253 0.329713 0.268644 0.152830 0.002482 0.235023 0.000055
0.011265 0.328655 0.269053 0.152727 0.002531 0.235717 0.000053
0.011438 0.328492 0.268832 0.152477 0.002539 0.236171 0.000051
0.011426 0.326589 0.268784 0.152634 0.002556 0.237959 0.000053
0.011323 0.325478 0.268831 0.152914 0.002551 0.238848 0.000056
0.011380 0.323695 0.269105 0.152796 0.002572 0.240396 0.000056
0.011499 0.323514 0.268735 0.152519 0.002576 0.241102 0.000055
0.011364 0.322271 0.268751 0.152948 0.002547 0.242059 0.000061
0.011471 0.320034 0.269253 0.152819 0.002567 0.243801 0.000055
0.011483 0.319252 0.269233 0.152741 0.002596 0.244637 0.000058
0.011500 0.318906 0.268855 0.152771 0.002613 0.245301 0.000054
0.011372 0.317809 0.269167 0.152857 0.002630 0.246104 0.000060
0.011540 0.316530 0.268797 0.152827 0.002658 0.247594 0.000055
0.011519 0.314896 0.269475 0.152977 0.002612 0.248467 0.000054
0.011415 0.314565 0.269207 0.152939 0.002631 0.249182 0.000060
0.011615 0.312956 0.269049 0.152851 0.002655 0.250817 0.000057
0.011421 0.310897 0.269315 0.153052 0.002707 0.252552 0.000057
0.011613 0.309661 0.269400 0.152999 0.002676 0.253593 0.000057
0.011563 0.309721 0.269304 0.152980 0.002697 0.253676 0.000059
0.011543 0.308068 0.269366 0.153020 0.002675 0.255270 0.000059
0.011569 0.307406 0.269338 0.152960 0.002714 0.255956 0.000056
0.011632 0.306067 0.268994 0.153052 0.002688 0.257505 0.000062
0.011541 0.305016 0.269142 0.152962 0.002743 0.258535 0.000060
0.011656 0.304820 0.269108 0.152924 0.002728 0.258703 0.000061
0.011630 0.302649 0.269194 0.153170 0.002761 0.260533 0.000063
0.011658 0.301269 0.269646 0.153021 0.002729 0.261617 0.000061
0.011591 0.300533 0.269408 0.152880 0.002769 0.262752 0.000065
0.011634 0.299229 0.269472 0.152854 0.002800 0.263950 0.000061
0.011636 0.298548 0.269139 0.152723 0.002788 0.265106 0.000059
0.011690 0.298185 0.269010 0.152853 0.002807 0.265393 0.000061
0.011778 0.296252 0.268874 0.152850 0.002869 0.267310 0.000066
0.011582 0.296264 0.268833 0.153053 0.002838 0.267362 0.000068
0.011841 0.294881 0.268727 0.152781 0.002854 0.268850 0.000065
0.011656 0.293779 0.269041 0.152802 0.002840 0.269814 0.000068
0.011745 0.292502 0.268978 0.152742 0.002861 0.271105 0.000067
0.011761 0.293052 0.268495 0.152576 0.002858 0.271189 0.000069
0.011809 0.290086 0.268825 0.152890 0.002856 0.273471 0.000063
0.011829 0.289896 0.268526 0.152629 0.002919 0.274132 0.000069
0.011855 0.288206 0.268868 0.152807 0.002893 0.275303 0.000068
0.011880 0.287344 0.268299 0.152948 0.002909 0.276554 0.000066
0.011725 0.286111 0.268510 0.152935 0.002934 0.277715 0.000071
0.011798 0.286497 0.268356 0.152844 0.002932 0.277506 0.000068
0.011818 0.284488 0.268704 0.152634 0.002952 0.279334 0.000071
0.011945 0.283385 0.268545 0.152698 0.002980 0.280378 0.000069
0.011783 0.282538 0.268283 0.152682 0.002983 0.281664 0.000066
0.011883 0.281484 0.268262 0.152614 0.002987 0.282705 0.000065
0.011961 0.281078 0.268196 0.152666 0.002973 0.283051 0.000074
0.012025 0.279059 0.268181 0.152384 0.002985 0.285291 0.000075
0.011977 0.278159 0.268312 0.152403 0.002964 0.286115 0.000070
0.011943 0.276904 0.268085 0.152553 0.003049 0.287395 0.000071
0.011993 0.276659 0.268032 0.152079 0.003030 0.288136 0.000070
0.012066 0.275741 0.267839 0.152246 0.003044 0.288993 0.000071
0.012165 0.275386 0.267576 0.152221 0.003027 0.289549 0.000076
0.012155 0.274256 0.267652 0.152216 0.003061 0.290591 0.000069
0.012194 0.271905 0.267576 0.152200 0.003045 0.293010 0.000071
0.012078 0.272580 0.267329 0.152298 0.003028 0.292608 0.000080
0.012165 0.271060 0.267363 0.152161 0.003085 0.294088 0.000077
0.012128 0.271447 0.266846 0.152160 0.003069 0.294280 0.000071
0.012282 0.269518 0.266722 0.152024 0.003097 0.296280 0.000077
0.012091 0.268337 0.267071 0.152251 0.003114 0.297058 0.000079
0.012279 0.267621 0.266525 0.151947 0.003118 0.298437 0.000074
0.012238 0.265092 0.266841 0.152118 0.003110 0.300526 0.000075
0.012272 0.265431 0.266290 0.151986 0.003150 0.300796 0.000075
0.012331 0.263929 0.266356 0.152004 0.003152 0.302153 0.000074
0.012260 0.264338 0.266180 0.151841 0.003192 0.302106 0.000083
0.012332 0.261963 0.266320 0.151709 0.003173 0.304422 0.000081
0.012419 0.262331 0.266033 0.151709 0.003164 0.304265 0.000079
0.012223 0.260561 0.266418 0.151393 0.003188 0.306130 0.000086
0.012246 0.260784 0.265999 0.151548 0.003225 0.306114 0.000084
0.012359 0.259719 0.265638 0.151209 0.003220 0.307775 0.000080
0.012323 0.259380 0.265454 0.151388 0.003217 0.308162 0.000076
0.012529 0.257583 0.265502 0.151407 0.003205 0.309692 0.000083
0.012388 0.256511 0.265351 0.151424 0.003245 0.310996 0.000085
0.012235 0.256500 0.265254 0.151291 0.003235 0.311406 0.000078
0.012473 0.254837 0.265320 0.151198 0.003241 0.312852 0.000079
0.012436 0.255444 0.265142 0.151050 0.003306 0.312540 0.000082
0.012537 0.253123 0.264826 0.150960 0.003252 0.315214 0.000089
0.012375 0.252800 0.264688 0.151041 0.003289 0.315717 0.000089
0.012586 0.251289 0.264444 0.150718 0.003328 0.317541 0.000094
0.012569 0.250992 0.264726 0.150781 0.003275 0.317564 0.000094
0.012459 0.250081 0.264303 0.150529 0.003336 0.319209 0.000083
0.012511 0.249587 0.264246 0.150738 0.003327 0.319497 0.000095
0.012584 0.247947 0.264407 0.150693 0.003330 0.320942 0.000097
0.012539 0.247131 0.264357 0.150418 0.003356 0.322106 0.000093
0.012663 0.245646 0.263836 0.150692 0.003322 0.323749 0.000093
0.012678 0.244802 0.263744 0.150284 0.003343 0.325056 0.000094
0.012531 0.244844 0.263264 0.150603 0.003331 0.325330 0.000097
0.012653 0.244427 0.263238 0.150059 0.003361 0.326170 0.000092
0.012490 0.244390 0.263494 0.150101 0.003415 0.326015 0.000096
0.012755 0.242511 0.262905 0.149836 0.003356 0.328549 0.000088
0.012789 0.242392 0.263028 0.149868 0.003369 0.328457 0.000097
0.012900 0.240557 0.262543 0.149864 0.003384 0.330658 0.000094
0.012981 0.240125 0.262665 0.149835 0.003363 0.330941 0.000090
0.012745 0.238904 0.262632 0.149815 0.003442 0.332371 0.000091
0.012835 0.237629 0.262475 0.149890 0.003411 0.333662 0.000097
0.012830 0.237559 0.262238 0.149390 0.003350 0.334530 0.000103
0.012963 0.235902 0.261613 0.149398 0.003426 0.336602 0.000095
0.012755 0.236028 0.261652 0.149586 0.003394 0.336483 0.000102
0.013039 0.235358 0.261664 0.149090 0.003435 0.337308 0.000105
0.013075 0.233497 0.261352 0.149061 0.003510 0.339400 0.000106
0.013186 0.233831 0.261526 0.149185 0.003475 0.338698 0.000100
0.012951 0.232827 0.261780 0.148740 0.003463 0.340136 0.000102
0.013057 0.232226 0.260909 0.148697 0.003478 0.341527 0.000107
0.013025 0.231805 0.261001 0.148835 0.003466 0.341769 0.000100
0.013027 0.231048 0.260910 0.148348 0.003509 0.343058 0.000100
0.013298 0.229707 0.260462 0.148284 0.003531 0.344616 0.000103
0.013091 0.229681 0.260624 0.148453 0.003566 0.344480 0.000104
0.013215 0.228932 0.260596 0.148236 0.003568 0.345352 0.000101
0.013186 0.227915 0.260262 0.148397 0.003583 0.346557 0.000100
0.013209 0.227763 0.260102 0.148212 0.003464 0.347141 0.000110
0.013219 0.226276 0.259809 0.147967 0.003576 0.349042 0.000112
0.013221 0.225208 0.259705 0.147906 0.003555 0.350301 0.000104
0.013214 0.225502 0.259463 0.147860 0.003559 0.350290 0.000112
0.013243 0.224971 0.259277 0.147575 0.003549 0.351275 0.000110
0.013339 0.223212 0.258958 0.147716 0.003625 0.353045 0.000105
0.013204 0.223131 0.258702 0.147523 0.003579 0.353757 0.000104
0.013379 0.223046 0.258981 0.147239 0.003596 0.353647 0.000112
0.013398 0.220725 0.258689 0.147186 0.003632 0.356255 0.000115
0.013309 0.221252 0.258468 0.147175 0.003647 0.356045 0.000105
0.013479 0.220230 0.258057 0.147184 0.003594 0.357349 0.000107
0.013482 0.218719 0.258029 0.146687 0.003640 0.359338 0.000106
0.013560 0.218298 0.257398 0.146791 0.003649 0.360193 0.000111
0.013578 0.218421 0.258012 0.146628 0.003674 0.359580 0.000109
0.013589 0.216869 0.257792 0.146564 0.003705 0.361365 0.000115
0.013602 0.216475 0.257306 0.146420 0.003737 0.362357 0.000103
0.013692 0.215728 0.256909 0.145997 0.003662 0.363901 0.000110
0.013654 0.215537 0.257010 0.146342 0.003723 0.363626 0.000107
0.013755 0.213539 0.256747 0.145838 0.003742 0.366263 0.000115
0.013855 0.213678 0.256432 0.145657 0.003752 0.366519 0.000107
0.013819 0.213255 0.256365 0.145888 0.003762 0.366799 0.000111
0.013759 0.212488 0.255824 0.145536 0.003712 0.368575 0.000107
0.013855 0.212208 0.255499 0.145513 0.003758 0.369062 0.000104
0.013904 0.210874 0.255597 0.145696 0.003758 0.370051 0.000119
0.013894 0.210208 0.255226 0.145458 0.003766 0.371335 0.000114
0.013941 0.209634 0.255148 0.145259 0.003757 0.372144 0.000116
0.014026 0.208616 0.254993 0.144947 0.003796 0.373511 0.000111
0.014022 0.207597 0.254548 0.145193 0.003839 0.374686 0.000115
0.013987 0.208076 0.254440 0.145019 0.003791 0.374568 0.000119
0.013898 0.206579 0.254093 0.144814 0.003820 0.376679 0.000117
0.014085 0.205432 0.253761 0.144768 0.003828 0.378003 0.000124
0.013968 0.205116 0.253589 0.144249 0.003841 0.379113 0.000124
0.014243 0.204868 0.253759 0.144690 0.003802 0.378518 0.000121
0.014141 0.204377 0.253440 0.143956 0.003801 0.380160 0.000125
0.014191 0.203615 0.252935 0.143776 0.003830 0.381525 0.000128
0.014317 0.202714 0.253405 0.143878 0.003830 0.381737 0.000119
0.014482 0.202305 0.252380 0.143903 0.003801 0.383005 0.000123
0.014255 0.201761 0.252201 0.144131 0.003883 0.383650 0.000119
0.014375 0.201339 0.252169 0.143518 0.003909 0.384574 0.000116
0.014351 0.200361 0.251700 0.143364 0.003938 0.386165 0.000122
0.014465 0.200071 0.252141 0.143309 0.003831 0.386058 0.000125
0.014456 0.198938 0.251568 0.143268 0.003866 0.387780 0.000124
0.014484 0.199305 0.251166 0.143112 0.003940 0.387867 0.000126
0.014516 0.198430 0.251293 0.142844 0.003898 0.388897 0.000123
0.014709 0.197758 0.250428 0.142981 0.003900 0.390099 0.000124
0.014609 0.197050 0.250509 0.142650 0.003947 0.391105 0.000129
0.014536 0.197056 0.250177 0.142584 0.003868 0.391651 0.000129
0.014563 0.196158 0.250197 0.142612 0.003940 0.392407 0.000122
0.014664 0.194975 0.249981 0.142457 0.003967 0.393822 0.000135
0.014777 0.194420 0.249396 0.142294 0.003924 0.395054 0.000135
0.014684 0.193609 0.249736 0.141951 0.003968 0.395926 0.000127
0.014784 0.194320 0.248859 0.142106 0.003935 0.395866 0.000130
0.014662 0.193032 0.249244 0.141763 0.003974 0.397198 0.000127
0.014776 0.192210 0.248921 0.141784 0.003991 0.398181 0.000136
0.014705 0.191881 0.249001 0.141804 0.003978 0.398504 0.000127
0.014768 0.191138 0.248093 0.141637 0.003999 0.400221 0.000144
0.014956 0.190434 0.247941 0.141472 0.004053 0.401013 0.000133
0.014882 0.189426 0.247830 0.141124 0.004060 0.402541 0.000138
0.014820 0.189673 0.247404 0.141273 0.004046 0.402643 0.000142
0.015000 0.188871 0.247376 0.141047 0.004046 0.403524 0.000136
0.014961 0.188079 0.247288 0.140940 0.004017 0.404570 0.000145
0.015181 0.187752 0.247190 0.140566 0.004023 0.405151 0.000136
0.014916 0.186993 0.246581 0.140660 0.004056 0.406660 0.000134
0.015029 0.186042 0.246324 0.140339 0.004088 0.408043 0.000134
0.015140 0.185312 0.246346 0.140165 0.004102 0.408800 0.000136
0.015163 0.185904 0.245954 0.140089 0.004092 0.408658 0.000141
0.015069 0.184673 0.245814 0.139792 0.004082 0.410433 0.000137
0.015151 0.184822 0.246046 0.139844 0.004072 0.409926 0.000141
0.015352 0.183099 0.245064 0.139547 0.004112 0.412677 0.000149
0.015019 0.183145 0.245130 0.139582 0.004094 0.412888 0.000142
0.015173 0.182712 0.244883 0.139436 0.004172 0.413478 0.000145
0.015192 0.182521 0.244417 0.139146 0.004163 0.414414 0.000146
0.015427 0.181740 0.244035 0.139123 0.004122 0.415411 0.000142
0.015252 0.181911 0.244217 0.138863 0.004116 0.415501 0.000141
0.015410 0.180512 0.243619 0.138631 0.004152 0.417522 0.000153
0.015465 0.180634 0.243742 0.138575 0.004073 0.417370 0.000141
0.015529 0.179072 0.242831 0.138408 0.004182 0.419835 0.000144
0.015574 0.178672 0.243120 0.138325 0.004211 0.419956 0.000143
0.015678 0.179034 0.243141 0.138345 0.004179 0.419474 0.000148
0.015556 0.178780 0.242781 0.138514 0.004224 0.419993 0.000152
0.015605 0.177328 0.241993 0.138135 0.004117 0.422668 0.000154
0.015651 0.176516 0.241776 0.137771 0.004233 0.423898 0.000154
0.015691 0.176860 0.241876 0.137918 0.004223 0.423281 0.000151
0.015577 0.176221 0.241552 0.137604 0.004259 0.424639 0.000147
0.015784 0.176087 0.241455 0.137068 0.004224 0.425234 0.000149
0.015833 0.175261 0.241063 0.137455 0.004275 0.425955 0.000157
0.015953 0.174823 0.240970 0.137281 0.004230 0.426597 0.000147
0.016011 0.174331 0.240921 0.137030 0.004308 0.427252 0.000148
0.015910 0.173654 0.240778 0.136980 0.004281 0.428251 0.000147
0.015920 0.172895 0.240173 0.136745 0.004262 0.429852 0.000152
0.016072 0.172940 0.239584 0.136711 0.004221 0.430318 0.000154
0.016121 0.172025 0.239585 0.136502 0.004298 0.431313 0.000157
0.016089 0.171520 0.238839 0.136188 0.004277 0.432920 0.000168
0.016140 0.170598 0.238939 0.135960 0.004299 0.433910 0.000154
0.016321 0.170225 0.238639 0.136142 0.004349 0.434166 0.000157
0.016092 0.170258 0.238911 0.136128 0.004328 0.434115 0.000168
0.016259 0.169901 0.238539 0.135564 0.004330 0.435253 0.000155
0.016270 0.168791 0.238320 0.135315 0.004321 0.436812 0.000171
0.016291 0.168549 0.237539 0.135600 0.004307 0.437546 0.000169
0.016328 0.168178 0.237062 0.135195 0.004292 0.438789 0.000157
0.016291 0.167840 0.237176 0.135473 0.004357 0.438702 0.000161
0.016380 0.166916 0.237043 0.134653 0.004383 0.440456 0.000170
0.016584 0.166749 0.236735 0.134828 0.004374 0.440557 0.000173
0.016530 0.166088 0.236337 0.134720 0.004346 0.441816 0.000163
0.016472 0.165441 0.236335 0.134506 0.004382 0.442695 0.000170
0.016493 0.165413 0.235984 0.134148 0.004383 0.443412 0.000167
0.016427 0.165029 0.235889 0.134520 0.004356 0.443619 0.000161
0.016484 0.164424 0.235639 0.133967 0.004415 0.444913 0.000158
0.016618 0.163998 0.235400 0.133930 0.004435 0.445455 0.000164
0.016769 0.162884 0.234774 0.134056 0.004486 0.446853 0.000179
0.016722 0.162843 0.234246 0.133405 0.004496 0.448121 0.000167
0.016776 0.163548 0.234526 0.133742 0.004397 0.446845 0.000167
0.016941 0.161312 0.233800 0.133543 0.004398 0.449841 0.000165
0.016835 0.161803 0.233829 0.133377 0.004432 0.449554 0.000170
0.016605 0.161278 0.233302 0.133132 0.004438 0.451074 0.000172
0.016886 0.160425 0.232866 0.132698 0.004470 0.452480 0.000175
0.016919 0.160818 0.233306 0.132958 0.004448 0.451385 0.000166
0.017112 0.159660 0.232220 0.132789 0.004477 0.453565 0.000175
0.017180 0.159520 0.232403 0.132323 0.004498 0.453903 0.000174
0.017317 0.159259 0.232438 0.132304 0.004476 0.454029 0.000177
0.017138 0.158212 0.232388 0.132314 0.004473 0.455301 0.000175
0.017299 0.158276 0.231261 0.132203 0.004452 0.456343 0.000165
0.017262 0.157951 0.231679 0.131740 0.004501 0.456688 0.000179
0.017455 0.156868 0.231421 0.131654 0.004472 0.457946 0.000184
0.017406 0.157017 0.230861 0.131636 0.004508 0.458393 0.000178
0.017350 0.156704 0.230523 0.131337 0.004491 0.459414 0.000180
0.017404 0.155877 0.230388 0.131500 0.004563 0.460086 0.000181
0.017631 0.155496 0.229907 0.130975 0.004515 0.461281 0.000194
0.017728 0.154798 0.229442 0.130879 0.004496 0.462478 0.000179
0.017485 0.155206 0.229576 0.131113 0.004510 0.461922 0.000188
0.017639 0.155196 0.229592 0.130855 0.004498 0.462044 0.000176
0.017550 0.154302 0.228868 0.130514 0.004548 0.464027 0.000191
0.017677 0.153158 0.228544 0.130491 0.004525 0.465412 0.000193
0.017825 0.153024 0.228193 0.130102 0.004531 0.466142 0.000183
0.017786 0.153166 0.228839 0.129957 0.004539 0.465523 0.000190
0.017847 0.151899 0.227866 0.129853 0.004586 0.467754 0.000194
0.017873 0.152070 0.227299 0.129222 0.004535 0.468801 0.000200
0.017919 0.152054 0.227389 0.129562 0.004619 0.468279 0.000178
0.017945 0.150732 0.227553 0.129535 0.004552 0.469490 0.000194
0.017740 0.151054 0.227114 0.128939 0.004553 0.470408 0.000192
0.017752 0.150615 0.226661 0.129096 0.004617 0.471080 0.000179
0.018142 0.150015 0.226482 0.128987 0.004565 0.471621 0.000188
0.018029 0.149458 0.226463 0.128606 0.004636 0.472627 0.000181
0.018241 0.149271 0.226259 0.128732 0.004553 0.472761 0.000182
0.018074 0.148450 0.225528 0.128450 0.004603 0.474716 0.000177
0.018128 0.148667 0.225629 0.128642 0.004535 0.474212 0.000187
0.018167 0.148255 0.225223 0.127974 0.004595 0.475606 0.000181
0.018190 0.147280 0.224563 0.128080 0.004652 0.477046 0.000188
0.018290 0.146788 0.224512 0.127687 0.004665 0.477863 0.000195
0.018287 0.147001 0.224438 0.127530 0.004659 0.477906 0.000179
0.018315 0.146520 0.224085 0.127530 0.004669 0.478687 0.000194
0.018521 0.145718 0.223322 0.127198 0.004658 0.480393 0.000189
0.018477 0.145663 0.223752 0.127379 0.004571 0.479974 0.000184
0.018628 0.144944 0.222708 0.126998 0.004683 0.481848 0.000191
0.018530 0.144853 0.222875 0.126784 0.004638 0.482129 0.000191
0.018589 0.145014 0.222660 0.126773 0.004629 0.482143 0.000193
0.018553 0.143972 0.222224 0.126505 0.004687 0.483863 0.000195
0.018663 0.143982 0.222027 0.126222 0.004639 0.484282 0.000186
0.018743 0.143870 0.222011 0.126549 0.004692 0.483938 0.000197
0.018780 0.143575 0.221371 0.126302 0.004688 0.485094 0.000190
0.018789 0.142644 0.221211 0.125915 0.004691 0.486557 0.000193
0.018868 0.142391 0.221218 0.125922 0.004723 0.486681 0.000197
0.018842 0.142643 0.221197 0.125967 0.004727 0.486429 0.000195
0.018767 0.142070 0.220390 0.125701 0.004692 0.488182 0.000198
0.019089 0.141080 0.220068 0.125376 0.004712 0.489471 0.000204
0.018837 0.141306 0.220261 0.125344 0.004726 0.489328 0.000197
0.018952 0.140734 0.219672 0.124845 0.004727 0.490861 0.000209
0.019080 0.140763 0.219530 0.124671 0.004770 0.490991 0.000195
