0.999118 0.000850 0.000021 0.000011 0.000000 0.000000 0.000000
0.998667 0.001290 0.000027 0.000003 0.000000 0.000012 0.000000
0.998222 0.001726 0.000034 0.000006 0.000000 0.000012 0.000000
0.997754 0.002184 0.000041 0.000008 0.000000 0.000012 0.000000
0.997258 0.002677 0.000045 0.000009 0.000000 0.000012 0.000000
0.996708 0.003220 0.000050 0.000010 0.000000 0.000012 0.000000
0.996085 0.003832 0.000061 0.000011 0.000000 0.000011 0.000000
0.995440 0.004468 0.000065 0.000015 0.000000 0.000011 0.000000
0.994501 0.005389 0.000080 0.000019 0.000000 0.000011 0.000000
0.993381 0.006487 0.000103 0.000020 0.000000 0.000010 0.000000
0.992215 0.007643 0.000114 0.000019 0.000000 0.000009 0.000000
0.990272 0.009536 0.000142 0.000042 0.000000 0.000008 0.000000
0.989068 0.010754 0.000131 0.000040 0.000000 0.000007 0.000000
0.986227 0.013529 0.000159 0.000078 0.000000 0.000006 0.000000
0.983296 0.016400 0.000193 0.000105 0.000000 0.000006 0.000000
0.981184 0.018481 0.000208 0.000123 0.000000 0.000005 0.000000
0.975874 0.023681 0.000290 0.000150 0.000000 0.000004 0.000000
0.971660 0.027830 0.000345 0.000162 0.000000 0.000004 0.000000
0.967472 0.031894 0.000433 0.000197 0.000000 0.000004 0.000000
0.961103 0.038132 0.000507 0.000249 0.000000 0.000009 0.000000
0.954216 0.044877 0.000609 0.000280 0.000000 0.000018 0.000000
0.947196 0.051739 0.000696 0.000350 0.000000 0.000018 0.000000
0.939257 0.059463 0.000841 0.000412 0.000000 0.000028 0.000000
0.928961 0.069459 0.001012 0.000533 0.000000 0.000035 0.000000
0.919134 0.078991 0.001184 0.000649 0.000000 0.000042 0.000000
0.909185 0.088709 0.001352 0.000718 0.000000 0.000036 0.000000
0.896859 0.100706 0.001561 0.000827 0.000000 0.000047 0.000000
0.886655 0.110638 0.001739 0.000915 0.000000 0.000053 0.000000
0.873032 0.123915 0.001936 0.001056 0.000000 0.000060 0.000000
0.860876 0.135692 0.002203 0.001166 0.000000 0.000062 0.000000
0.846328 0.149735 0.002501 0.001365 0.000003 0.000068 0.000000
0.831672 0.163900 0.002791 0.001563 0.000003 0.000072 0.000000
0.817911 0.177168 0.003094 0.001738 0.000005 0.000084 0.000000
0.802724 0.191873 0.003408 0.001902 0.000004 0.000088 0.000000
0.787050 0.206922 0.003767 0.002150 0.000004 0.000107 0.000000
0.770625 0.222710 0.004179 0.002361 0.000004 0.000121 0.000000
0.753381 0.239278 0.004582 0.002615 0.000005 0.000140 0.000000
0.739273 0.252785 0.004938 0.002841 0.000005 0.000159 0.000000
0.722367 0.269013 0.005348 0.003087 0.000005 0.000180 0.000000
0.705309 0.285227 0.005839 0.003414 0.000005 0.000207 0.000000
0.690418 0.299413 0.006300 0.003657 0.000004 0.000209 0.000000
0.672041 0.316884 0.006875 0.003965 0.000005 0.000230 0.000000
0.656253 0.331808 0.007414 0.004273 0.000005 0.000247 0.000000
0.641162 0.346059 0.007955 0.004547 0.000005 0.000273 0.000000
0.624660 0.361577 0.008555 0.004903 0.000004 0.000301 0.000000
0.610367 0.374903 0.009151 0.005262 0.000004 0.000313 0.000000
0.593997 0.390187 0.009855 0.005614 0.000004 0.000343 0.000000
0.578837 0.404347 0.010473 0.005970 0.000006 0.000367 0.000000
0.562760 0.419243 0.011203 0.006376 0.000007 0.000412 0.000000
0.547690 0.433010 0.012006 0.006840 0.000008 0.000447 0.000000
0.536539 0.443206 0.012594 0.007178 0.000008 0.000474 0.000000
0.523640 0.454943 0.013289 0.007609 0.000007 0.000512 0.000000
0.506968 0.469993 0.014317 0.008155 0.000007 0.000561 0.000000
0.493565 0.482071 0.015082 0.008662 0.000008 0.000613 0.000000
0.482574 0.491817 0.015858 0.009069 0.000007 0.000675 0.000000
0.467958 0.504794 0.016916 0.009599 0.000008 0.000724 0.000000
0.458178 0.513263 0.017740 0.010038 0.000009 0.000772 0.000000
0.446744 0.523343 0.018589 0.010493 0.000011 0.000820 0.000000
0.434062 0.534236 0.019707 0.011094 0.000013 0.000888 0.000000
0.427617 0.539533 0.020359 0.011524 0.000015 0.000952 0.000000
0.417705 0.548044 0.021194 0.012025 0.000013 0.001019 0.000000
0.406235 0.557725 0.022277 0.012630 0.000014 0.001117 0.000000
0.395745 0.566559 0.023325 0.013156 0.000017 0.001197 0.000000
0.388464 0.572266 0.024282 0.013696 0.000019 0.001272 0.000000
0.383619 0.575991 0.024872 0.014158 0.000020 0.001340 0.000000
0.373893 0.583868 0.026042 0.014739 0.000021 0.001437 0.000000
0.365584 0.590619 0.026947 0.015304 0.000025 0.001522 0.000000
0.355181 0.599044 0.028211 0.015925 0.000025 0.001614 0.000000
0.352256 0.600799 0.028908 0.016342 0.000025 0.001670 0.000001
0.342149 0.608712 0.030176 0.017128 0.000028 0.001806 0.000001
0.335974 0.613095 0.031223 0.017761 0.000030 0.001917 0.000001
0.333671 0.614006 0.032048 0.018238 0.000033 0.002005 0.000001
0.328124 0.618086 0.032892 0.018788 0.000032 0.002078 0.000001
0.320129 0.624006 0.034123 0.019470 0.000034 0.002237 0.000000
0.314467 0.627740 0.035238 0.020145 0.000033 0.002376 0.000001
0.307329 0.633118 0.036327 0.020677 0.000038 0.002511 0.000000
0.298182 0.639772 0.037740 0.021548 0.000039 0.002720 0.000001
0.294974 0.641518 0.038621 0.022005 0.000040 0.002842 0.000000
0.289611 0.645227 0.039572 0.022565 0.000043 0.002982 0.000001
0.284622 0.647964 0.040928 0.023310 0.000043 0.003133 0.000001
0.275697 0.654463 0.042330 0.024143 0.000048 0.003319 0.000000
0.270480 0.657669 0.043519 0.024777 0.000049 0.003506 0.000001
0.263478 0.662277 0.044960 0.025540 0.000050 0.003694 0.000001
0.257850 0.665869 0.046127 0.026214 0.000048 0.003892 0.000001
0.249234 0.671876 0.047621 0.027072 0.000053 0.004143 0.000001
0.245655 0.673671 0.048690 0.027601 0.000057 0.004325 0.000001
0.237147 0.679235 0.050422 0.028591 0.000057 0.004546 0.000001
0.232018 0.682648 0.051353 0.029201 0.000057 0.004723 0.000001
0.224318 0.686575 0.053573 0.030403 0.000062 0.005068 0.000001
0.218396 0.690474 0.054645 0.031173 0.000063 0.005249 0.000000
0.216933 0.690514 0.055518 0.031534 0.000063 0.005436 0.000001
0.213365 0.691967 0.056807 0.032175 0.000068 0.005617 0.000001
0.200693 0.700160 0.059374 0.033710 0.000074 0.005988 0.000000
0.200832 0.698245 0.060391 0.034253 0.000078 0.006201 0.000001
0.195802 0.700292 0.062097 0.035195 0.000080 0.006533 0.000001
0.189811 0.703765 0.063455 0.036001 0.000084 0.006883 0.000001
0.181916 0.708098 0.065574 0.037157 0.000085 0.007170 0.000000
0.181762 0.706849 0.066353 0.037530 0.000087 0.007419 0.000001
0.175970 0.709617 0.068031 0.038614 0.000091 0.007676 0.000001
0.169256 0.712715 0.070149 0.039704 0.000108 0.008068 0.000001
0.165885 0.713344 0.071772 0.040552 0.000106 0.008341 0.000001
0.163403 0.712982 0.073339 0.041425 0.000116 0.008735 0.000001
0.157075 0.716563 0.074887 0.042315 0.000112 0.009047 0.000001
0.154278 0.715814 0.076832 0.043439 0.000121 0.009515 0.000001
0.151586 0.716167 0.078069 0.044217 0.000126 0.009835 0.000001
0.147047 0.717562 0.079967 0.045084 0.000132 0.010207 0.000002
0.146201 0.716154 0.081059 0.045846 0.000136 0.010601 0.000002
0.141913 0.718103 0.082455 0.046497 0.000140 0.010891 0.000001
0.138982 0.717790 0.084251 0.047484 0.000137 0.011354 0.000001
0.135252 0.717808 0.086306 0.048658 0.000145 0.011829 0.000001
0.136254 0.715855 0.086903 0.048908 0.000143 0.011935 0.000002
0.136564 0.713448 0.087905 0.049567 0.000146 0.012369 0.000001
0.126343 0.719054 0.090513 0.051089 0.000153 0.012847 0.000002
0.125274 0.716761 0.092284 0.052115 0.000161 0.013403 0.000002
0.129251 0.712538 0.092301 0.052138 0.000161 0.013611 0.000001
0.124777 0.712334 0.094955 0.053604 0.000167 0.014161 0.000001
0.121146 0.712646 0.096720 0.054621 0.000180 0.014686 0.000001
0.119249 0.712369 0.097744 0.055378 0.000187 0.015071 0.000002
0.115784 0.712695 0.099393 0.056425 0.000188 0.015513 0.000002
0.111955 0.714573 0.100599 0.056865 0.000197 0.015810 0.000001
0.110611 0.712696 0.102341 0.057769 0.000200 0.016381 0.000002
0.106516 0.713913 0.103879 0.058643 0.000204 0.016841 0.000003
0.102281 0.714668 0.105586 0.059887 0.000214 0.017361 0.000002
0.099425 0.712883 0.108169 0.061226 0.000221 0.018074 0.000002
0.098811 0.712755 0.108458 0.061420 0.000230 0.018324 0.000002
0.093060 0.714604 0.110617 0.062618 0.000237 0.018862 0.000003
0.084990 0.715685 0.114410 0.064778 0.000236 0.019900 0.000002
0.083349 0.715535 0.115440 0.065208 0.000248 0.020218 0.000002
0.084978 0.711969 0.116439 0.065739 0.000248 0.020624 0.000003
0.082787 0.712885 0.117076 0.066087 0.000249 0.020913 0.000003
0.081207 0.709657 0.119536 0.067596 0.000258 0.021742 0.000003
0.081792 0.706741 0.120843 0.068243 0.000266 0.022114 0.000002
0.083080 0.702472 0.122252 0.069109 0.000277 0.022807 0.000003
0.084764 0.698985 0.123153 0.069612 0.000270 0.023213 0.000003
0.080537 0.699809 0.124931 0.070655 0.000278 0.023789 0.000002
0.078170 0.698861 0.126549 0.071666 0.000307 0.024445 0.000002
0.081033 0.694343 0.127189 0.072160 0.000308 0.024963 0.000004
0.087866 0.687328 0.127275 0.072019 0.000309 0.025200 0.000003
0.087217 0.684341 0.129064 0.073101 0.000309 0.025967 0.000002
0.088930 0.681270 0.129684 0.073409 0.000322 0.026382 0.000002
0.089932 0.677452 0.131223 0.074071 0.000336 0.026985 0.000002
0.086574 0.678306 0.132487 0.074762 0.000346 0.027522 0.000003
0.088494 0.676886 0.131996 0.074620 0.000343 0.027657 0.000004
0.090998 0.671565 0.133365 0.075425 0.000365 0.028279 0.000004
0.085031 0.672708 0.135911 0.076793 0.000376 0.029178 0.000004
0.089864 0.667740 0.135697 0.076651 0.000381 0.029663 0.000003
0.083120 0.671214 0.137422 0.077589 0.000379 0.030272 0.000004
0.078294 0.670387 0.140202 0.079472 0.000393 0.031248 0.000004
0.076221 0.670994 0.141168 0.079547 0.000401 0.031667 0.000003
0.077618 0.667356 0.142057 0.080292 0.000402 0.032271 0.000003
0.073426 0.669082 0.143281 0.080899 0.000411 0.032897 0.000003
0.069244 0.668049 0.145974 0.082474 0.000424 0.033833 0.000003
0.067444 0.667790 0.147017 0.082816 0.000417 0.034513 0.000004
0.063791 0.668939 0.148251 0.083549 0.000430 0.035038 0.000003
0.061180 0.669007 0.149262 0.084424 0.000436 0.035688 0.000003
0.059118 0.667124 0.151073 0.085561 0.000444 0.036677 0.000003
0.056411 0.666907 0.152681 0.086307 0.000446 0.037243 0.000005
0.051852 0.666583 0.155205 0.087576 0.000455 0.038324 0.000005
0.048562 0.665785 0.157121 0.088790 0.000486 0.039254 0.000003
0.048624 0.663319 0.158009 0.089521 0.000481 0.040041 0.000005
0.045621 0.662659 0.159997 0.090429 0.000474 0.040815 0.000005
0.044419 0.662239 0.160784 0.090746 0.000497 0.041311 0.000005
0.042847 0.660107 0.162395 0.091997 0.000496 0.042155 0.000003
0.040852 0.657281 0.164650 0.093269 0.000509 0.043434 0.000005
0.040047 0.657081 0.165010 0.093497 0.000506 0.043854 0.000004
0.038038 0.655767 0.166788 0.094336 0.000533 0.044534 0.000005
0.036923 0.654149 0.167951 0.095049 0.000539 0.045383 0.000006
0.035000 0.650781 0.170476 0.096459 0.000550 0.046728 0.000006
0.037755 0.647333 0.170808 0.096560 0.000547 0.046990 0.000006
0.038918 0.643829 0.171578 0.097259 0.000557 0.047853 0.000006
0.042866 0.638348 0.172309 0.097375 0.000581 0.048516 0.000004
0.046067 0.633880 0.172960 0.097549 0.000570 0.048970 0.000004
0.047003 0.632596 0.172933 0.097605 0.000571 0.049287 0.000005
0.045394 0.629904 0.174994 0.098831 0.000591 0.050282 0.000005
0.047914 0.626172 0.175284 0.099066 0.000597 0.050962 0.000005
0.048877 0.622589 0.176252 0.099863 0.000599 0.051815 0.000005
0.047302 0.619782 0.178224 0.100969 0.000615 0.053104 0.000005
0.051252 0.618287 0.176764 0.100057 0.000605 0.053028 0.000007
0.050211 0.616208 0.178055 0.101043 0.000634 0.053842 0.000006
0.047074 0.616133 0.179526 0.101953 0.000634 0.054673 0.000007
0.047132 0.612822 0.180924 0.102720 0.000643 0.055752 0.000006
0.046832 0.610744 0.181998 0.103188 0.000651 0.056582 0.000007
0.046116 0.611023 0.182021 0.103345 0.000645 0.056843 0.000007
0.044420 0.610596 0.182941 0.103739 0.000643 0.057656 0.000006
0.042111 0.609591 0.184515 0.104523 0.000661 0.058593 0.000005
0.040483 0.607468 0.186172 0.105550 0.000662 0.059659 0.000007
0.041751 0.605136 0.186308 0.105683 0.000687 0.060428 0.000006
0.036401 0.606622 0.188393 0.106665 0.000675 0.061237 0.000007
0.035355 0.604225 0.189659 0.107737 0.000688 0.062330 0.000006
0.033429 0.602779 0.191208 0.108560 0.000702 0.063314 0.000007
0.031232 0.600858 0.192847 0.109498 0.000737 0.064820 0.000008
0.032300 0.598998 0.193149 0.109635 0.000723 0.065188 0.000007
0.029924 0.597382 0.195157 0.110547 0.000730 0.066252 0.000007
0.037250 0.593262 0.193039 0.109781 0.000735 0.065925 0.000008
0.036314 0.589931 0.194937 0.110779 0.000747 0.067285 0.000008
0.035512 0.586726 0.196590 0.111678 0.000771 0.068717 0.000007
0.036012 0.583727 0.197792 0.112129 0.000768 0.069565 0.000007
0.036668 0.582993 0.197819 0.111943 0.000766 0.069803 0.000008
0.038121 0.578588 0.198673 0.112771 0.000793 0.071048 0.000006
0.037009 0.577567 0.199447 0.113352 0.000789 0.071828 0.000007
0.037678 0.575397 0.200123 0.113486 0.000817 0.072492 0.000007
0.036424 0.575852 0.200353 0.113665 0.000797 0.072903 0.000006
0.034230 0.574541 0.202013 0.114576 0.000815 0.073818 0.000006
0.035607 0.570384 0.202894 0.115052 0.000812 0.075243 0.000008
0.032455 0.571358 0.203872 0.115787 0.000831 0.075690 0.000007
0.031114 0.568005 0.205796 0.116806 0.000850 0.077420 0.000009
0.030843 0.568551 0.205171 0.116805 0.000864 0.077758 0.000008
0.030875 0.564721 0.207209 0.117527 0.000874 0.078788 0.000007
0.028466 0.564603 0.207874 0.118149 0.000896 0.080003 0.000009
0.029674 0.562458 0.208134 0.118135 0.000892 0.080698 0.000009
0.029009 0.561682 0.208528 0.118454 0.000927 0.081391 0.000008
0.026206 0.559368 0.210960 0.119671 0.000930 0.082857 0.000008
0.024618 0.558084 0.212045 0.120452 0.000929 0.083864 0.000009
0.024490 0.555617 0.213248 0.121012 0.000986 0.084637 0.000010
0.022856 0.553777 0.214264 0.121984 0.000957 0.086152 0.000009
0.024548 0.553526 0.213360 0.121480 0.000970 0.086105 0.000011
0.021435 0.550163 0.216549 0.122891 0.000984 0.087964 0.000014
0.021921 0.548560 0.216637 0.123229 0.001000 0.088641 0.000013
0.028046 0.543857 0.215653 0.122527 0.000995 0.088909 0.000013
0.029120 0.539690 0.216810 0.122926 0.001022 0.090417 0.000015
0.029065 0.540818 0.216064 0.122892 0.001023 0.090124 0.000014
0.027670 0.536238 0.218698 0.124165 0.001041 0.092174 0.000013
0.032680 0.533428 0.217401 0.123365 0.001033 0.092079 0.000014
0.029971 0.531962 0.218939 0.124540 0.001062 0.093515 0.000011
0.032396 0.531570 0.217756 0.123622 0.001073 0.093570 0.000012
0.030273 0.528317 0.219769 0.124869 0.001088 0.095668 0.000015
0.030538 0.526798 0.220375 0.125252 0.001086 0.095937 0.000014
0.031605 0.525902 0.220136 0.124837 0.001103 0.096404 0.000012
0.029609 0.525441 0.220629 0.125651 0.001101 0.097554 0.000014
0.031222 0.520687 0.221995 0.126011 0.001117 0.098957 0.000011
0.027596 0.522073 0.222801 0.126776 0.001115 0.099623 0.000016
0.030120 0.521036 0.222007 0.126108 0.001143 0.099572 0.000014
0.025283 0.518159 0.225165 0.128041 0.001159 0.102176 0.000017
0.023957 0.516346 0.226371 0.128684 0.001176 0.103450 0.000016
0.024728 0.515479 0.226077 0.128623 0.001176 0.103902 0.000015
0.024182 0.515461 0.226400 0.128427 0.001188 0.104325 0.000017
0.023730 0.512452 0.227492 0.129104 0.001180 0.106027 0.000016
0.023114 0.511277 0.228246 0.129453 0.001212 0.106683 0.000016
0.023456 0.509389 0.228465 0.129771 0.001227 0.107676 0.000016
0.021117 0.507812 0.230119 0.130693 0.001256 0.108986 0.000018
0.020305 0.506157 0.230991 0.131109 0.001270 0.110149 0.000019
0.020473 0.505390 0.231066 0.131146 0.001287 0.110619 0.000019
0.018182 0.501783 0.233698 0.132304 0.001297 0.112715 0.000021
0.018827 0.501236 0.233107 0.132310 0.001308 0.113190 0.000020
0.018679 0.498649 0.234163 0.132672 0.001304 0.114512 0.000023
0.018084 0.497118 0.234600 0.133148 0.001356 0.115677 0.000017
0.022850 0.493012 0.234005 0.132828 0.001348 0.115937 0.000020
0.027924 0.489888 0.232840 0.132161 0.001322 0.115844 0.000021
0.025063 0.488656 0.234319 0.133151 0.001346 0.117447 0.000019
0.030331 0.484233 0.233836 0.132445 0.001354 0.117783 0.000017
0.029395 0.481895 0.234990 0.133083 0.001379 0.119239 0.000020
0.030463 0.483435 0.233651 0.132417 0.001332 0.118681 0.000020
0.030248 0.478918 0.235371 0.133429 0.001393 0.120619 0.000023
0.037422 0.474330 0.233799 0.132180 0.001399 0.120847 0.000023
0.035852 0.474299 0.234055 0.132865 0.001400 0.121506 0.000022
0.041269 0.472861 0.232218 0.131519 0.001362 0.120749 0.000023
0.037031 0.470658 0.234744 0.133043 0.001404 0.123097 0.000023
0.036378 0.468415 0.235705 0.133549 0.001427 0.124503 0.000022
0.036416 0.467886 0.235567 0.133413 0.001425 0.125269 0.000022
0.039798 0.467510 0.233962 0.132690 0.001424 0.124596 0.000020
0.036777 0.464859 0.236008 0.133833 0.001453 0.127048 0.000023
0.040561 0.464355 0.234294 0.132734 0.001453 0.126581 0.000023
0.031795 0.464763 0.237652 0.134894 0.001476 0.129403 0.000019
0.033781 0.462146 0.237738 0.134748 0.001508 0.130058 0.000022
0.031522 0.463188 0.238311 0.134867 0.001503 0.130590 0.000018
0.032460 0.462545 0.237837 0.134683 0.001496 0.130954 0.000025
0.027898 0.460364 0.240873 0.136178 0.001503 0.133159 0.000025
0.028817 0.459104 0.240509 0.135861 0.001532 0.134154 0.000023
0.025033 0.457886 0.242404 0.137059 0.001552 0.136043 0.000023
0.027171 0.457714 0.241014 0.136530 0.001552 0.135995 0.000023
0.026400 0.457644 0.241379 0.136498 0.001536 0.136517 0.000026
0.023502 0.455475 0.243258 0.137787 0.001570 0.138381 0.000027
0.024411 0.453247 0.243497 0.137622 0.001577 0.139618 0.000028
0.021438 0.451871 0.245161 0.138721 0.001595 0.141188 0.000026
0.022611 0.450547 0.244469 0.138697 0.001598 0.142050 0.000027
0.019506 0.447362 0.247119 0.139753 0.001657 0.144576 0.000027
0.020357 0.446817 0.246385 0.139609 0.001634 0.145172 0.000027
0.018831 0.444421 0.248145 0.140743 0.001661 0.146174 0.000025
0.018401 0.444912 0.247755 0.140541 0.001652 0.146712 0.000027
0.017789 0.441888 0.249198 0.140974 0.001677 0.148451 0.000023
0.017346 0.440402 0.249552 0.141235 0.001688 0.149753 0.000024
0.017546 0.439152 0.249537 0.141411 0.001712 0.150611 0.000031
0.017497 0.437845 0.249860 0.141404 0.001732 0.151637 0.000025
0.016944 0.436067 0.250731 0.141866 0.001740 0.152623 0.000028
0.016680 0.433751 0.251513 0.142083 0.001762 0.154184 0.000027
0.015856 0.433390 0.251559 0.142696 0.001784 0.154692 0.000024
0.015623 0.432061 0.252095 0.142612 0.001761 0.155823 0.000026
0.016110 0.429807 0.252204 0.142933 0.001793 0.157124 0.000028
0.016057 0.428342 0.252744 0.142863 0.001808 0.158159 0.000029
0.014771 0.425644 0.254294 0.143782 0.001804 0.159676 0.000029
0.015420 0.424227 0.254185 0.143747 0.001821 0.160573 0.000027
0.015279 0.423617 0.254065 0.143896 0.001835 0.161279 0.000029
0.014691 0.421325 0.254974 0.144181 0.001861 0.162940 0.000029
0.014841 0.420211 0.254965 0.144334 0.001878 0.163741 0.000029
0.014339 0.419027 0.255400 0.144488 0.001882 0.164832 0.000033
0.014505 0.418391 0.255197 0.144495 0.001893 0.165495 0.000024
0.014223 0.414893 0.256327 0.145072 0.001902 0.167552 0.000030
0.014218 0.413760 0.256591 0.145153 0.001902 0.168342 0.000034
0.014385 0.412039 0.257000 0.145355 0.001933 0.169257 0.000031
0.013953 0.409890 0.257250 0.145629 0.001938 0.171310 0.000030
0.013614 0.409504 0.257575 0.145752 0.001947 0.171578 0.000030
0.013734 0.407559 0.258586 0.145728 0.001956 0.172408 0.000030
0.013565 0.404823 0.258963 0.146468 0.001950 0.174203 0.000029
0.013770 0.405371 0.258300 0.146135 0.001979 0.174414 0.000031
0.013503 0.403816 0.258777 0.146451 0.001951 0.175472 0.000031
0.013432 0.401507 0.259342 0.146645 0.001985 0.177058 0.000030
0.013531 0.400226 0.259364 0.146748 0.002031 0.178067 0.000032
0.013078 0.397440 0.260390 0.147303 0.002047 0.179714 0.000028
0.013152 0.396575 0.260572 0.147191 0.002046 0.180433 0.000031
0.013381 0.396538 0.259906 0.146879 0.002054 0.181215 0.000027
0.013154 0.393043 0.260916 0.147674 0.002061 0.183122 0.000029
0.013040 0.390829 0.261794 0.148162 0.002079 0.184067 0.000028
0.013043 0.389107 0.261997 0.148269 0.002082 0.185473 0.000029
0.013119 0.388903 0.261946 0.148015 0.002101 0.185883 0.000033
0.012994 0.387467 0.262034 0.148522 0.002082 0.186864 0.000037
0.012952 0.385817 0.262652 0.148625 0.002122 0.187798 0.000034
0.012888 0.383645 0.262748 0.148778 0.002137 0.189775 0.000030
0.013124 0.384287 0.262377 0.148574 0.002149 0.189456 0.000032
0.013133 0.382109 0.262919 0.148619 0.002179 0.191009 0.000031
0.013074 0.380197 0.263173 0.149196 0.002146 0.192183 0.000032
0.013109 0.378723 0.263352 0.148989 0.002201 0.193596 0.000030
0.013134 0.378583 0.263311 0.148638 0.002225 0.194075 0.000034
0.012980 0.377776 0.263419 0.148910 0.002218 0.194662 0.000035
0.012934 0.374923 0.264002 0.149182 0.002216 0.196711 0.000031
0.012756 0.372238 0.264926 0.149733 0.002246 0.198065 0.000035
0.012999 0.372083 0.264298 0.149561 0.002269 0.198753 0.000038
0.013039 0.371713 0.264409 0.149370 0.002253 0.199181 0.000034
0.012650 0.369565 0.264874 0.149725 0.002233 0.200915 0.000038
0.012846 0.367176 0.265411 0.150217 0.002295 0.202017 0.000038
0.012863 0.367265 0.265005 0.150135 0.002268 0.202429 0.000036
0.012834 0.364506 0.265405 0.150243 0.002308 0.204663 0.000041
0.012924 0.364476 0.265331 0.150121 0.002310 0.204797 0.000041
0.012885 0.361594 0.265673 0.150248 0.002302 0.207260 0.000038
0.012889 0.361356 0.265807 0.150395 0.002332 0.207181 0.000039
0.012814 0.359585 0.265713 0.150701 0.002335 0.208812 0.000040
0.012925 0.359454 0.265717 0.150439 0.002372 0.209055 0.000039
0.012686 0.357035 0.266283 0.150702 0.002364 0.210888 0.000042
0.012817 0.356194 0.266112 0.150944 0.002402 0.211485 0.000046
0.012799 0.354660 0.266513 0.150774 0.002386 0.212825 0.000044
0.012701 0.352797 0.266727 0.151127 0.002390 0.214217 0.000040
0.012797 0.353034 0.265957 0.151156 0.002414 0.214601 0.000041
0.012783 0.352139 0.266286 0.150928 0.002404 0.215416 0.000043
0.012634 0.348896 0.267117 0.151228 0.002468 0.217614 0.000042
0.012613 0.348292 0.266947 0.151316 0.002437 0.218353 0.000041
0.012966 0.347403 0.266414 0.151228 0.002437 0.219507 0.000044
0.012734 0.346388 0.266871 0.151148 0.002403 0.220408 0.000048
0.012709 0.344053 0.267201 0.151537 0.002474 0.221979 0.000047
0.012839 0.343793 0.267274 0.151256 0.002512 0.222280 0.000046
0.012957 0.342346 0.267335 0.151402 0.002486 0.223426 0.000047
0.012714 0.340880 0.267447 0.151661 0.002519 0.224737 0.000042
0.012645 0.339758 0.267580 0.151590 0.002489 0.225889 0.000048
0.012687 0.338097 0.267869 0.152004 0.002557 0.226740 0.000046
0.012683 0.336986 0.267972 0.151683 0.002556 0.228069 0.000051
0.012825 0.336620 0.267926 0.151611 0.002542 0.228428 0.000048
0.012759 0.333877 0.267949 0.151911 0.002565 0.230889 0.000048
0.012811 0.332967 0.268421 0.151726 0.002580 0.231444 0.000051
0.012836 0.332266 0.267988 0.151781 0.002592 0.232485 0.000052
0.012768 0.330966 0.268309 0.152057 0.002585 0.233268 0.000048
0.012686 0.329298 0.268523 0.152085 0.002615 0.234739 0.000055
0.012791 0.331516 0.268003 0.151648 0.002564 0.233427 0.000051
0.012863 0.326080 0.268991 0.152008 0.002647 0.237360 0.000052
0.012848 0.327486 0.268297 0.152047 0.002656 0.236612 0.000054
0.012845 0.326115 0.268848 0.151878 0.002683 0.237579 0.000052
0.012881 0.322549 0.268736 0.152446 0.002696 0.240637 0.000056
0.012995 0.324014 0.268210 0.151872 0.002673 0.240186 0.000050
0.012915 0.321905 0.268529 0.152608 0.002682 0.241309 0.000052
0.012969 0.320439 0.268564 0.152303 0.002730 0.242945 0.000051
0.012991 0.319177 0.268953 0.152392 0.002828 0.243609 0.000050
0.012997 0.318802 0.268407 0.152153 0.002754 0.244832 0.000055
0.012893 0.316841 0.269057 0.152172 0.002729 0.246255 0.000055
0.012745 0.315438 0.268986 0.152322 0.002752 0.247701 0.000056
0.012990 0.314922 0.269025 0.152440 0.002788 0.247779 0.000056
0.012859 0.314191 0.268838 0.152143 0.002813 0.249102 0.000054
0.013101 0.312491 0.268681 0.152120 0.002837 0.250713 0.000057
0.012982 0.311749 0.269051 0.152003 0.002841 0.251317 0.000057
0.012755 0.311233 0.269015 0.152324 0.002799 0.251814 0.000061
0.012818 0.308495 0.269386 0.152294 0.002831 0.254114 0.000062
0.012770 0.309201 0.268924 0.152100 0.002796 0.254147 0.000062
0.013102 0.306441 0.269065 0.152015 0.002819 0.256499 0.000060
0.013002 0.305938 0.269069 0.151944 0.002847 0.257140 0.000060
0.012973 0.304952 0.268933 0.152095 0.002924 0.258064 0.000060
0.013119 0.304659 0.269018 0.151986 0.002874 0.258283 0.000061
0.012934 0.302917 0.269021 0.151957 0.002906 0.260204 0.000061
0.012919 0.301728 0.269227 0.151997 0.002848 0.261224 0.000058
0.013029 0.300292 0.268709 0.152046 0.002914 0.262953 0.000058
0.013013 0.300780 0.268844 0.151514 0.002961 0.262826 0.000062
0.013089 0.298606 0.268712 0.152075 0.002949 0.264504 0.000064
0.013222 0.297211 0.268983 0.151861 0.002968 0.265690 0.000066
0.012955 0.296780 0.268953 0.151926 0.002976 0.266350 0.000060
0.013185 0.294153 0.269445 0.152020 0.002969 0.268155 0.000073
0.013106 0.294358 0.268693 0.151744 0.003009 0.269023 0.000067
0.013231 0.293669 0.268737 0.151837 0.002999 0.269460 0.000067
0.013196 0.292354 0.268666 0.151766 0.003004 0.270949 0.000065
0.013192 0.291251 0.268443 0.152019 0.003030 0.271997 0.000067
0.013155 0.290782 0.268408 0.151761 0.002994 0.272828 0.000072
0.013421 0.289707 0.268602 0.151815 0.003031 0.273357 0.000068
0.013158 0.287991 0.268894 0.151656 0.003039 0.275197 0.000065
0.013232 0.286830 0.268597 0.151717 0.003062 0.276495 0.000067
0.013322 0.285831 0.268311 0.151910 0.003080 0.277484 0.000063
0.013254 0.287084 0.267964 0.151753 0.003078 0.276796 0.000070
0.013328 0.284749 0.268453 0.151669 0.003040 0.278694 0.000067
0.013175 0.283775 0.268341 0.151755 0.003075 0.279809 0.000069
0.013383 0.282371 0.268437 0.151748 0.003081 0.280906 0.000074
0.013269 0.280640 0.268430 0.151728 0.003116 0.282741 0.000076
0.013621 0.280810 0.267951 0.151382 0.003132 0.283030 0.000073
0.013390 0.279855 0.267667 0.151429 0.003175 0.284405 0.000080
0.013474 0.278780 0.267733 0.151393 0.003114 0.285427 0.000079
0.013499 0.277273 0.268100 0.151440 0.003142 0.286467 0.000079
0.013497 0.277340 0.267826 0.151331 0.003137 0.286786 0.000084
0.013496 0.275259 0.267887 0.151314 0.003127 0.288842 0.000075
0.013537 0.276089 0.267646 0.151027 0.003134 0.288489 0.000078
0.013498 0.274027 0.267860 0.151100 0.003164 0.290271 0.000080
0.013526 0.271868 0.267626 0.151139 0.003162 0.292599 0.000081
0.013620 0.271970 0.267504 0.151180 0.003191 0.292455 0.000080
0.013476 0.270133 0.267659 0.151020 0.003195 0.294436 0.000079
0.013690 0.268705 0.267518 0.150951 0.003215 0.295837 0.000084
0.013492 0.268005 0.267526 0.151057 0.003241 0.296598 0.000081
0.013411 0.267167 0.267207 0.151254 0.003228 0.297647 0.000086
0.013545 0.266188 0.267087 0.150928 0.003206 0.298964 0.000084
0.013571 0.266124 0.266996 0.150951 0.003250 0.299029 0.000079
0.013640 0.266077 0.266761 0.150668 0.003212 0.299563 0.000079
0.013661 0.264614 0.266453 0.150763 0.003287 0.301134 0.000088
0.013675 0.263728 0.266787 0.150665 0.003296 0.301765 0.000084
0.013644 0.262746 0.266464 0.150471 0.003226 0.303368 0.000082
0.013622 0.262578 0.266223 0.150451 0.003277 0.303767 0.000082
0.013791 0.260494 0.266648 0.150325 0.003261 0.305403 0.000079
0.013710 0.259284 0.266362 0.150101 0.003305 0.307157 0.000082
0.014021 0.258011 0.265967 0.150192 0.003269 0.308451 0.000089
0.013842 0.258984 0.266056 0.150151 0.003266 0.307617 0.000084
0.013721 0.256416 0.265782 0.150381 0.003350 0.310261 0.000089
0.013860 0.256372 0.265679 0.150185 0.003344 0.310472 0.000087
0.014015 0.254506 0.265940 0.150298 0.003348 0.311802 0.000091
0.013845 0.253974 0.265719 0.149918 0.003337 0.313117 0.000091
0.013999 0.253833 0.265227 0.149950 0.003319 0.313587 0.000086
0.013932 0.251660 0.265154 0.149981 0.003422 0.315762 0.000088
0.013969 0.252707 0.265031 0.149659 0.003395 0.315150 0.000090
0.014044 0.250439 0.265205 0.149750 0.003411 0.317063 0.000088
0.014019 0.249977 0.264667 0.149620 0.003404 0.318220 0.000093
0.014144 0.249632 0.265049 0.149428 0.003360 0.318294 0.000094
0.013986 0.248248 0.264885 0.149369 0.003435 0.319983 0.000094
0.014290 0.247372 0.264358 0.149505 0.003407 0.320970 0.000097
0.013817 0.246688 0.264358 0.149436 0.003437 0.322173 0.000091
0.014393 0.246282 0.264492 0.149163 0.003454 0.322118 0.000098
0.014334 0.244766 0.264080 0.149331 0.003429 0.323963 0.000097
0.014197 0.243765 0.263892 0.149107 0.003456 0.325493 0.000089
0.014305 0.242289 0.263799 0.149082 0.003451 0.326971 0.000102
0.014225 0.242527 0.263788 0.148742 0.003510 0.327108 0.000101
0.014443 0.240999 0.263823 0.148709 0.003529 0.328398 0.000099
0.014434 0.240037 0.263544 0.148908 0.003487 0.329488 0.000102
0.014284 0.241267 0.263709 0.148510 0.003541 0.328591 0.000099
0.014399 0.240045 0.263058 0.148613 0.003524 0.330254 0.000107
0.014512 0.240012 0.263007 0.148393 0.003528 0.330443 0.000103
0.014337 0.236649 0.262855 0.148541 0.003601 0.333920 0.000098
0.014395 0.237077 0.262835 0.148146 0.003570 0.333870 0.000107
0.014392 0.236301 0.262610 0.148152 0.003599 0.334840 0.000106
0.014509 0.235945 0.262563 0.148305 0.003581 0.334992 0.000104
0.014607 0.233964 0.262101 0.148030 0.003654 0.337532 0.000111
0.014395 0.234798 0.262045 0.148002 0.003596 0.337051 0.000114
0.014751 0.233783 0.261926 0.147510 0.003672 0.338249 0.000108
0.014515 0.233641 0.261520 0.147813 0.003656 0.338752 0.000103
0.014264 0.232850 0.261447 0.147653 0.003644 0.340034 0.000109
0.014739 0.230681 0.261542 0.147455 0.003719 0.341750 0.000114
0.014485 0.230537 0.261352 0.147597 0.003613 0.342306 0.000110
0.014572 0.229619 0.261249 0.147214 0.003668 0.343568 0.000109
0.014774 0.227198 0.260967 0.147251 0.003674 0.346031 0.000105
0.014577 0.228565 0.260958 0.146968 0.003692 0.345127 0.000114
0.014664 0.226977 0.260191 0.146983 0.003708 0.347371 0.000106
0.014885 0.226277 0.260058 0.147031 0.003692 0.347951 0.000106
0.014666 0.225677 0.260038 0.146995 0.003728 0.348777 0.000119
0.014697 0.224826 0.260184 0.146560 0.003709 0.349901 0.000122
0.014813 0.225031 0.259874 0.146646 0.003693 0.349826 0.000117
0.014739 0.224527 0.259650 0.146613 0.003709 0.350650 0.000111
0.014769 0.223581 0.259526 0.146552 0.003764 0.351694 0.000114
0.014966 0.222634 0.259633 0.146455 0.003705 0.352487 0.000119
0.014822 0.221592 0.259073 0.146217 0.003738 0.354444 0.000115
0.015004 0.220272 0.259020 0.146304 0.003779 0.355505 0.000116
0.014973 0.219802 0.258691 0.145920 0.003808 0.356687 0.000118
0.015192 0.218625 0.258420 0.145849 0.003794 0.357994 0.000126
0.015155 0.218250 0.258384 0.145692 0.003803 0.358597 0.000117
0.014899 0.217637 0.257779 0.145710 0.003821 0.360027 0.000127
0.015150 0.217375 0.257877 0.145515 0.003773 0.360192 0.000118
0.015169 0.215700 0.257503 0.145583 0.003794 0.362125 0.000126
0.015389 0.214939 0.257651 0.144826 0.003832 0.363241 0.000122
0.015041 0.215386 0.257428 0.145530 0.003816 0.362680 0.000119
0.015313 0.214387 0.257027 0.144936 0.003882 0.364334 0.000120
0.015156 0.213927 0.256909 0.145115 0.003850 0.364920 0.000125
0.015326 0.213429 0.256858 0.144730 0.003884 0.365647 0.000126
0.015242 0.212774 0.256402 0.144903 0.003889 0.366666 0.000125
0.015341 0.212115 0.256058 0.144630 0.003944 0.367788 0.000122
0.015557 0.210832 0.256105 0.144228 0.003890 0.369268 0.000120
0.015407 0.211065 0.255779 0.144391 0.003914 0.369316 0.000128
0.015485 0.209726 0.255751 0.144161 0.003905 0.370850 0.000122
0.015461 0.208360 0.255383 0.143959 0.003935 0.372768 0.000133
0.015503 0.209076 0.255182 0.144038 0.003911 0.372161 0.000129
0.015328 0.206866 0.255123 0.143699 0.003946 0.374915 0.000123
0.015608 0.207648 0.255167 0.143509 0.003902 0.374033 0.000133
0.015719 0.205695 0.254028 0.143187 0.003989 0.377251 0.000132
0.015658 0.206818 0.254463 0.143144 0.003972 0.375820 0.000126
0.015802 0.205522 0.254166 0.143107 0.003986 0.377291 0.000125
0.015603 0.205315 0.253895 0.143062 0.003925 0.378071 0.000129
0.015688 0.203885 0.253469 0.142918 0.004000 0.379914 0.000127
0.015781 0.203293 0.253687 0.143015 0.004028 0.380065 0.000131
0.015514 0.202937 0.253392 0.142850 0.004002 0.381180 0.000125
0.015947 0.201668 0.253027 0.142382 0.004021 0.382822 0.000133
0.015935 0.202097 0.252904 0.142297 0.003960 0.382670 0.000137
0.015742 0.201831 0.252880 0.142124 0.004017 0.383272 0.000135
0.015944 0.200623 0.252365 0.142171 0.004024 0.384745 0.000129
0.016047 0.199193 0.251900 0.141842 0.004045 0.386841 0.000132
0.015944 0.199362 0.251689 0.141774 0.004028 0.387071 0.000131
0.016272 0.198651 0.251352 0.141649 0.004037 0.387897 0.000142
0.015978 0.197741 0.251257 0.141505 0.004083 0.389303 0.000132
0.016054 0.197063 0.251369 0.141223 0.004074 0.390076 0.000140
0.016309 0.196466 0.250683 0.141238 0.004097 0.391071 0.000135
0.016253 0.196810 0.250679 0.141389 0.004058 0.390669 0.000142
0.015972 0.196640 0.250573 0.141297 0.004056 0.391322 0.000139
0.016353 0.193903 0.250539 0.140677 0.004123 0.394253 0.000151
0.016294 0.195046 0.250292 0.141035 0.004063 0.393130 0.000139
0.016305 0.193398 0.250263 0.140517 0.004104 0.395271 0.000142
0.016306 0.193473 0.249856 0.140529 0.004123 0.395584 0.000130
0.016252 0.192174 0.249518 0.140459 0.004111 0.397338 0.000147
0.016278 0.191899 0.249610 0.140294 0.004080 0.397700 0.000138
0.016336 0.191994 0.248980 0.140250 0.004117 0.398190 0.000133
0.016415 0.190061 0.248533 0.140084 0.004148 0.400621 0.000138
0.016260 0.189712 0.248341 0.139699 0.004152 0.401686 0.000150
0.016411 0.189598 0.248403 0.139556 0.004180 0.401706 0.000147
0.016669 0.188452 0.248442 0.139429 0.004206 0.402656 0.000147
0.016554 0.188299 0.247847 0.139322 0.004168 0.403654 0.000156
0.016565 0.187711 0.247880 0.139556 0.004169 0.403973 0.000146
0.016818 0.186278 0.247214 0.139007 0.004190 0.406349 0.000144
0.016689 0.185959 0.246972 0.139021 0.004181 0.407028 0.000150
0.016964 0.185822 0.246855 0.138689 0.004223 0.407301 0.000146
0.016774 0.186069 0.246722 0.138761 0.004220 0.407308 0.000147
0.017040 0.185874 0.246646 0.138736 0.004170 0.407385 0.000148
0.016905 0.184792 0.246332 0.138333 0.004228 0.409265 0.000145
0.016872 0.184264 0.246091 0.138506 0.004268 0.409859 0.000140
0.016796 0.184250 0.246080 0.137918 0.004265 0.410532 0.000160
0.016725 0.183484 0.245843 0.138351 0.004213 0.411236 0.000149
0.017006 0.181924 0.245439 0.137771 0.004242 0.413467 0.000152
0.016878 0.181303 0.244953 0.137547 0.004289 0.414877 0.000154
0.017051 0.181099 0.244749 0.137574 0.004213 0.415158 0.000156
0.017179 0.181024 0.244790 0.137524 0.004294 0.415040 0.000148
0.017001 0.180227 0.244375 0.137178 0.004235 0.416827 0.000157
0.017303 0.179303 0.244349 0.136802 0.004217 0.417872 0.000153
0.017079 0.178752 0.243958 0.136886 0.004254 0.418916 0.000155
0.017292 0.179231 0.243958 0.136892 0.004212 0.418262 0.000153
0.017070 0.178872 0.243705 0.136934 0.004305 0.418964 0.000151
0.017313 0.176769 0.242855 0.136512 0.004252 0.422140 0.000159
0.017411 0.176947 0.242819 0.136262 0.004318 0.422083 0.000158
0.017485 0.176461 0.242720 0.136329 0.004288 0.422562 0.000155
0.017639 0.176049 0.242252 0.135973 0.004368 0.423564 0.000155
0.017455 0.175497 0.242543 0.135818 0.004296 0.424234 0.000157
0.017915 0.174989 0.241724 0.135707 0.004316 0.425186 0.000163
0.017594 0.175141 0.242087 0.135408 0.004309 0.425298 0.000163
0.017475 0.174181 0.241528 0.135385 0.004353 0.426922 0.000155
0.017492 0.173981 0.241078 0.135391 0.004358 0.427542 0.000158
0.017765 0.172743 0.240695 0.135229 0.004354 0.429066 0.000149
0.018018 0.171910 0.240474 0.135100 0.004297 0.430044 0.000156
0.017548 0.172447 0.240651 0.134864 0.004379 0.429958 0.000154
0.017842 0.171786 0.239934 0.135046 0.004349 0.430874 0.000168
0.018007 0.170451 0.240302 0.134396 0.004334 0.432347 0.000162
0.018021 0.170247 0.239435 0.134196 0.004351 0.433581 0.000169
0.017891 0.170158 0.239342 0.134271 0.004360 0.433814 0.000164
0.018194 0.169208 0.238858 0.134240 0.004377 0.434962 0.000161
0.017919 0.169136 0.238902 0.134035 0.004320 0.435530 0.000158
0.018104 0.169027 0.238227 0.134125 0.004402 0.435954 0.000162
0.018200 0.168287 0.238696 0.133566 0.004396 0.436683 0.000173
0.018259 0.168045 0.238336 0.133603 0.004354 0.437243 0.000159
0.018352 0.166847 0.237827 0.133482 0.004381 0.438946 0.000166
0.018296 0.167166 0.237410 0.133307 0.004407 0.439242 0.000171
0.018407 0.166677 0.237142 0.133197 0.004394 0.440016 0.000167
0.018353 0.166100 0.237158 0.132828 0.004481 0.440921 0.000159
0.018396 0.165430 0.236267 0.133004 0.004430 0.442295 0.000178
0.018334 0.165250 0.236417 0.132689 0.004387 0.442744 0.000180
0.018190 0.164840 0.236151 0.132668 0.004435 0.443548 0.000169
0.018292 0.164018 0.236011 0.132445 0.004440 0.444625 0.000169
0.018422 0.163231 0.235416 0.132314 0.004418 0.446027 0.000172
0.018406 0.164007 0.235818 0.132447 0.004448 0.444702 0.000173
0.018540 0.163271 0.235013 0.132423 0.004436 0.446149 0.000168
0.018555 0.161744 0.234580 0.132155 0.004514 0.448284 0.000168
0.018697 0.161864 0.234483 0.131681 0.004470 0.448638 0.000167
0.018745 0.161459 0.234281 0.131559 0.004479 0.449296 0.000181
0.018480 0.161595 0.234194 0.131619 0.004557 0.449383 0.000173
0.018349 0.161305 0.233988 0.131346 0.004483 0.450350 0.000179
0.018963 0.160387 0.233146 0.131236 0.004519 0.451578 0.000172
0.018976 0.159913 0.233356 0.131063 0.004555 0.451962 0.000176
0.018934 0.159140 0.233048 0.130928 0.004441 0.453334 0.000175
0.019081 0.159165 0.232724 0.130669 0.004519 0.453672 0.000170
0.018548 0.158529 0.232499 0.130411 0.004597 0.455240 0.000175
0.018864 0.158142 0.231922 0.130527 0.004546 0.455817 0.000182
0.018858 0.158535 0.232081 0.130493 0.004524 0.455334 0.000175
0.018939 0.157419 0.231518 0.129718 0.004561 0.457665 0.000179
0.018813 0.156361 0.231075 0.129813 0.004588 0.459162 0.000186
0.018623 0.156593 0.231345 0.129925 0.004552 0.458781 0.000180
0.018970 0.156711 0.230778 0.129648 0.004577 0.459143 0.000173
0.019270 0.155797 0.230446 0.129331 0.004546 0.460432 0.000179
0.019182 0.155249 0.230265 0.129134 0.004592 0.461391 0.000188
0.019076 0.154866 0.229717 0.129024 0.004624 0.462503 0.000191
0.019380 0.154859 0.229916 0.129166 0.004581 0.461897 0.000201
0.019270 0.153294 0.229146 0.128716 0.004581 0.464811 0.000183
0.019210 0.153546 0.228953 0.128439 0.004594 0.465069 0.000189
0.019342 0.153150 0.228779 0.128638 0.004634 0.465284 0.000173
0.019339 0.152846 0.229101 0.128526 0.004602 0.465404 0.000183
0.019594 0.151951 0.228378 0.128408 0.004630 0.466844 0.000194
0.019408 0.151913 0.227924 0.127908 0.004600 0.468054 0.000192
0.019457 0.151323 0.227539 0.127931 0.004621 0.468940 0.000191
0.019600 0.151236 0.227387 0.127862 0.004599 0.469125 0.000191
0.019580 0.151072 0.227774 0.127558 0.004666 0.469162 0.000188
0.019397 0.149909 0.227040 0.127420 0.004633 0.471416 0.000186
0.019650 0.150039 0.226595 0.127657 0.004645 0.471229 0.000186
0.019767 0.149635 0.226151 0.127256 0.004583 0.472421 0.000186
0.019783 0.149473 0.226125 0.127013 0.004601 0.472816 0.000189
0.019737 0.148719 0.225974 0.126897 0.004629 0.473853 0.000192
0.019886 0.148292 0.225326 0.127027 0.004640 0.474639 0.000189
0.019820 0.148204 0.225314 0.126523 0.004598 0.475341 0.000201
0.020048 0.147669 0.224753 0.126403 0.004638 0.476292 0.000196
0.020039 0.147404 0.224490 0.126396 0.004690 0.476796 0.000186
0.019960 0.146543 0.224485 0.126318 0.004635 0.477859 0.000201
0.019968 0.146136 0.224056 0.126160 0.004661 0.478824 0.000195
0.020108 0.145415 0.223626 0.125982 0.004702 0.479978 0.000189
0.020105 0.146400 0.223659 0.125936 0.004676 0.479027 0.000196
0.020210 0.145492 0.223281 0.125958 0.004741 0.480115 0.000204
0.020222 0.144907 0.222822 0.125535 0.004640 0.481666 0.000208
0.020203 0.144665 0.222961 0.125513 0.004711 0.481742 0.000206
0.020308 0.144223 0.222202 0.125235 0.004698 0.483122 0.000211
0.020151 0.144177 0.222111 0.125162 0.004692 0.483504 0.000204
0.020353 0.143958 0.222220 0.125130 0.004734 0.483404 0.000200
0.020510 0.142952 0.221699 0.124294 0.004681 0.485657 0.000207
0.020659 0.142968 0.221434 0.124255 0.004730 0.485744 0.000210
0.020257 0.142652 0.221270 0.124433 0.004682 0.486506 0.000200
0.020506 0.142185 0.220491 0.123849 0.004786 0.487982 0.000201
0.020334 0.141853 0.220652 0.123935 0.004729 0.488289 0.000208
0.020685 0.141985 0.220334 0.123855 0.004720 0.488226 0.000195
0.020765 0.141085 0.219789 0.123770 0.004784 0.489593 0.000214
0.020654 0.140766 0.219919 0.123366 0.004720 0.490363 0.000213
