0.999108 0.000862 0.000019 0.000010 0.000000 0.000000 0.000000
0.998662 0.001291 0.000027 0.000008 0.000000 0.000011 0.000000
0.998219 0.001724 0.000033 0.000010 0.000000 0.000012 0.000000
0.997682 0.002241 0.000049 0.000014 0.000000 0.000013 0.000000
0.997262 0.002653 0.000054 0.000018 0.000000 0.000013 0.000000
0.996731 0.003174 0.000061 0.000020 0.000000 0.000013 0.000000
0.996090 0.003801 0.000074 0.000022 0.000000 0.000014 0.000000
0.995233 0.004637 0.000083 0.000033 0.000000 0.000013 0.000000
0.994144 0.005715 0.000090 0.000037 0.000000 0.000013 0.000000
0.992967 0.006865 0.000113 0.000041 0.000000 0.000014 0.000000
0.991682 0.008131 0.000125 0.000050 0.000000 0.000012 0.000000
0.988556 0.011196 0.000157 0.000081 0.000000 0.000010 0.000000
0.986582 0.013137 0.000192 0.000079 0.000000 0.000010 0.000000
0.983824 0.015809 0.000256 0.000098 0.000000 0.000013 0.000000
0.981316 0.018317 0.000243 0.000110 0.000000 0.000014 0.000000
0.978388 0.021184 0.000286 0.000127 0.000000 0.000015 0.000000
0.972776 0.026704 0.000365 0.000143 0.000000 0.000012 0.000000
0.968208 0.031149 0.000424 0.000202 0.000000 0.000016 0.000000
0.963762 0.035504 0.000486 0.000234 0.000000 0.000014 0.000000
0.957842 0.041278 0.000564 0.000299 0.000000 0.000017 0.000000
0.950678 0.048292 0.000658 0.000351 0.000000 0.000020 0.000000
0.942070 0.056720 0.000779 0.000410 0.000000 0.000021 0.000000
0.933481 0.065108 0.000914 0.000474 0.000000 0.000022 0.000000
0.924366 0.074026 0.001032 0.000551 0.000000 0.000025 0.000000
0.915106 0.083036 0.001182 0.000647 0.000000 0.000029 0.000000
0.903705 0.094181 0.001356 0.000729 0.000000 0.000029 0.000000
0.892430 0.105124 0.001552 0.000860 0.000000 0.000033 0.000000
0.881690 0.115503 0.001787 0.000982 0.000000 0.000039 0.000000
0.866897 0.129856 0.002061 0.001144 0.000000 0.000041 0.000000
0.854335 0.142052 0.002313 0.001253 0.000000 0.000046 0.000000
0.842254 0.153727 0.002571 0.001399 0.000000 0.000049 0.000000
0.826814 0.168632 0.002880 0.001624 0.000000 0.000051 0.000000
0.812850 0.182107 0.003199 0.001786 0.000000 0.000058 0.000000
0.801795 0.192682 0.003484 0.001969 0.000000 0.000069 0.000000
0.786179 0.207719 0.003854 0.002167 0.000000 0.000082 0.000000
0.771605 0.221687 0.004217 0.002392 0.000000 0.000099 0.000000
0.760089 0.232725 0.004490 0.002591 0.000000 0.000105 0.000000
0.743028 0.249044 0.004945 0.002859 0.000000 0.000124 0.000000
0.728891 0.262496 0.005394 0.003070 0.000000 0.000149 0.000000
0.712649 0.277991 0.005869 0.003328 0.000000 0.000162 0.000000
0.697035 0.292840 0.006324 0.003623 0.000000 0.000179 0.000000
0.685804 0.303414 0.006711 0.003883 0.000000 0.000188 0.000000
0.670314 0.318077 0.007229 0.004170 0.000000 0.000209 0.000000
0.654909 0.332607 0.007774 0.004474 0.000000 0.000237 0.000000
0.637989 0.348540 0.008360 0.004841 0.000000 0.000270 0.000000
0.627052 0.358735 0.008837 0.005075 0.000000 0.000301 0.000000
0.611497 0.373263 0.009444 0.005462 0.000000 0.000333 0.000000
0.594448 0.389166 0.010166 0.005855 0.000000 0.000365 0.000000
0.580925 0.401563 0.010886 0.006234 0.000000 0.000392 0.000000
0.566421 0.414941 0.011546 0.006673 0.000001 0.000419 0.000000
0.552685 0.427549 0.012259 0.007043 0.000002 0.000462 0.000000
0.542297 0.437004 0.012818 0.007368 0.000002 0.000511 0.000000
0.527877 0.450141 0.013653 0.007774 0.000002 0.000554 0.000000
0.514117 0.462583 0.014446 0.008252 0.000002 0.000600 0.000000
0.502009 0.473290 0.015304 0.008753 0.000003 0.000641 0.000000
0.488185 0.485817 0.016068 0.009233 0.000006 0.000690 0.000000
0.477296 0.495372 0.016896 0.009678 0.000007 0.000752 0.000000
0.466972 0.504320 0.017746 0.010147 0.000008 0.000807 0.000000
0.455734 0.514222 0.018543 0.010652 0.000011 0.000839 0.000000
0.446208 0.522425 0.019332 0.011128 0.000010 0.000897 0.000000
0.431257 0.535488 0.020530 0.011736 0.000010 0.000979 0.000000
0.421848 0.543497 0.021349 0.012232 0.000012 0.001063 0.000000
0.411318 0.552436 0.022292 0.012810 0.000012 0.001133 0.000000
0.399966 0.561899 0.023436 0.013466 0.000012 0.001221 0.000000
0.390662 0.569826 0.024277 0.013931 0.000011 0.001293 0.000000
0.383625 0.575337 0.025229 0.014416 0.000013 0.001380 0.000000
0.375131 0.582335 0.026132 0.014938 0.000014 0.001450 0.000000
0.367391 0.588242 0.027246 0.015543 0.000015 0.001563 0.000000
0.354102 0.599202 0.028614 0.016364 0.000016 0.001702 0.000000
0.350115 0.602132 0.029276 0.016696 0.000018 0.001763 0.000000
0.342578 0.607672 0.030480 0.017362 0.000018 0.001891 0.000000
0.336826 0.611423 0.031696 0.018029 0.000019 0.002006 0.000000
0.332323 0.614528 0.032444 0.018561 0.000021 0.002124 0.000000
0.321998 0.622329 0.033967 0.019413 0.000024 0.002270 0.000000
0.321932 0.621396 0.034554 0.019719 0.000025 0.002374 0.000000
0.317813 0.624239 0.035310 0.020131 0.000028 0.002479 0.000000
0.312321 0.627460 0.036605 0.020944 0.000030 0.002642 0.000000
0.304018 0.633631 0.037856 0.021665 0.000033 0.002797 0.000000
0.303042 0.633375 0.038557 0.022070 0.000035 0.002921 0.000000
0.294365 0.639574 0.040018 0.022905 0.000035 0.003103 0.000000
0.287149 0.645061 0.041004 0.023539 0.000041 0.003206 0.000000
0.284785 0.645408 0.042238 0.024137 0.000041 0.003390 0.000000
0.279259 0.649297 0.043168 0.024715 0.000044 0.003517 0.000000
0.272453 0.653959 0.044451 0.025439 0.000044 0.003653 0.000000
0.267885 0.656292 0.045699 0.026205 0.000045 0.003874 0.000000
0.261410 0.660630 0.047011 0.026862 0.000047 0.004039 0.000000
0.252946 0.666175 0.048794 0.027734 0.000048 0.004304 0.000000
0.246925 0.669891 0.050071 0.028557 0.000054 0.004502 0.000000
0.244136 0.671353 0.050764 0.029018 0.000054 0.004675 0.000000
0.234635 0.677944 0.052546 0.029931 0.000056 0.004888 0.000000
0.230006 0.680681 0.053555 0.030588 0.000062 0.005107 0.000000
0.219063 0.687496 0.056007 0.031921 0.000066 0.005447 0.000001
0.220490 0.685385 0.056427 0.032082 0.000071 0.005544 0.000001
0.213024 0.690114 0.057971 0.033009 0.000073 0.005809 0.000000
0.202845 0.696453 0.060160 0.034272 0.000078 0.006191 0.000001
0.197990 0.698919 0.061515 0.035062 0.000081 0.006432 0.000001
0.198010 0.697685 0.062057 0.035523 0.000088 0.006637 0.000000
0.196738 0.697188 0.063094 0.036102 0.000083 0.006794 0.000001
0.186524 0.702266 0.066046 0.037705 0.000090 0.007369 0.000000
0.181794 0.704598 0.067307 0.038530 0.000093 0.007676 0.000001
0.179984 0.704179 0.068680 0.039179 0.000092 0.007884 0.000001
0.175701 0.705951 0.069975 0.040056 0.000098 0.008218 0.000001
0.169877 0.708095 0.072044 0.041206 0.000099 0.008678 0.000001
0.169670 0.707061 0.072701 0.041610 0.000102 0.008855 0.000000
0.163212 0.709958 0.074720 0.042756 0.000106 0.009247 0.000001
0.166022 0.705515 0.075683 0.043222 0.000109 0.009449 0.000001
0.164490 0.705603 0.076371 0.043769 0.000108 0.009658 0.000001
0.161690 0.705457 0.077945 0.044696 0.000113 0.010098 0.000001
0.162954 0.701354 0.079455 0.045578 0.000121 0.010537 0.000001
0.162110 0.699912 0.080757 0.046225 0.000125 0.010870 0.000001
0.162548 0.698009 0.081594 0.046689 0.000128 0.011031 0.000001
0.158020 0.699789 0.083081 0.047527 0.000126 0.011457 0.000000
0.154158 0.699173 0.085578 0.048921 0.000133 0.012036 0.000001
0.156279 0.696931 0.085613 0.048873 0.000134 0.012170 0.000001
0.153872 0.696480 0.087155 0.049769 0.000147 0.012577 0.000001
0.153022 0.694461 0.088717 0.050596 0.000154 0.013048 0.000001
0.149112 0.696350 0.089793 0.051240 0.000155 0.013349 0.000001
0.146510 0.695648 0.091492 0.052354 0.000164 0.013831 0.000001
0.136870 0.699571 0.094634 0.054074 0.000168 0.014682 0.000001
0.134226 0.700725 0.095391 0.054576 0.000179 0.014902 0.000001
0.140321 0.695774 0.094653 0.054179 0.000187 0.014885 0.000001
0.136080 0.695874 0.096877 0.055386 0.000188 0.015594 0.000001
0.135128 0.695142 0.097669 0.055922 0.000202 0.015937 0.000001
0.133576 0.693150 0.099796 0.056946 0.000208 0.016325 0.000000
0.131269 0.693623 0.100695 0.057444 0.000214 0.016754 0.000001
0.131274 0.690884 0.101881 0.058362 0.000217 0.017381 0.000001
0.129112 0.690836 0.103139 0.058899 0.000213 0.017801 0.000001
0.126577 0.691401 0.104179 0.059460 0.000228 0.018154 0.000001
0.122728 0.691277 0.106402 0.060615 0.000235 0.018742 0.000001
0.120884 0.690169 0.107822 0.061552 0.000246 0.019325 0.000001
0.118780 0.690671 0.108600 0.062069 0.000247 0.019631 0.000001
0.120235 0.686075 0.110137 0.063027 0.000247 0.020278 0.000000
0.117439 0.686988 0.111063 0.063597 0.000247 0.020665 0.000001
0.110556 0.688597 0.113911 0.065214 0.000270 0.021453 0.000000
0.109634 0.688405 0.114502 0.065409 0.000265 0.021784 0.000001
0.106170 0.689891 0.115439 0.066064 0.000268 0.022167 0.000001
0.095727 0.692694 0.119645 0.068370 0.000278 0.023285 0.000001
0.095508 0.690793 0.120719 0.068871 0.000286 0.023822 0.000001
0.093239 0.690482 0.121930 0.069699 0.000289 0.024361 0.000001
0.093218 0.689690 0.122357 0.069839 0.000292 0.024603 0.000001
0.087415 0.690320 0.125049 0.071357 0.000317 0.025542 0.000000
0.080701 0.691991 0.127701 0.072939 0.000312 0.026355 0.000000
0.079065 0.691712 0.128572 0.073415 0.000330 0.026905 0.000001
0.075888 0.691078 0.130523 0.074547 0.000341 0.027622 0.000001
0.072884 0.690553 0.132373 0.075472 0.000344 0.028374 0.000000
0.069390 0.690815 0.133955 0.076446 0.000343 0.029050 0.000001
0.065820 0.690439 0.135860 0.077677 0.000356 0.029848 0.000000
0.069371 0.684183 0.137444 0.078247 0.000360 0.030394 0.000001
0.073376 0.680454 0.137093 0.078096 0.000364 0.030617 0.000000
0.069648 0.680557 0.138986 0.079182 0.000387 0.031239 0.000001
0.066693 0.678510 0.141349 0.080769 0.000397 0.032280 0.000001
0.064115 0.678534 0.142663 0.081377 0.000396 0.032914 0.000001
0.067961 0.673788 0.143136 0.081483 0.000398 0.033235 0.000000
0.064631 0.671517 0.145822 0.083116 0.000428 0.034485 0.000000
0.061910 0.670831 0.147660 0.084068 0.000435 0.035094 0.000001
0.063502 0.668724 0.147811 0.084171 0.000442 0.035349 0.000001
0.061518 0.665794 0.150239 0.085524 0.000457 0.036468 0.000001
0.063110 0.664148 0.150179 0.085399 0.000452 0.036712 0.000001
0.061805 0.664104 0.150528 0.085878 0.000455 0.037229 0.000001
0.058552 0.662110 0.153269 0.087433 0.000484 0.038150 0.000001
0.055502 0.661752 0.154903 0.088314 0.000485 0.039042 0.000001
0.049899 0.661957 0.157656 0.089829 0.000491 0.040167 0.000001
0.058809 0.655340 0.156253 0.089017 0.000498 0.040082 0.000001
0.054410 0.655007 0.158674 0.090228 0.000500 0.041181 0.000001
0.057275 0.651173 0.158990 0.090376 0.000514 0.041671 0.000001
0.050951 0.653000 0.161255 0.091766 0.000537 0.042491 0.000000
0.053923 0.650146 0.160882 0.091884 0.000525 0.042640 0.000001
0.051121 0.649478 0.162428 0.092816 0.000534 0.043622 0.000001
0.051438 0.645210 0.164286 0.093717 0.000562 0.044786 0.000001
0.050957 0.644208 0.164985 0.094070 0.000552 0.045229 0.000000
0.046998 0.643811 0.167250 0.095132 0.000581 0.046225 0.000001
0.046386 0.641428 0.168449 0.096053 0.000596 0.047087 0.000001
0.047349 0.638992 0.168890 0.096527 0.000595 0.047646 0.000001
0.041608 0.637738 0.172234 0.098344 0.000619 0.049457 0.000001
0.042163 0.636881 0.172422 0.098292 0.000616 0.049625 0.000001
0.039380 0.635853 0.174354 0.099283 0.000640 0.050489 0.000001
0.038531 0.635193 0.174626 0.099797 0.000637 0.051214 0.000001
0.041679 0.631244 0.174821 0.099821 0.000639 0.051793 0.000002
0.035471 0.631956 0.177665 0.101187 0.000661 0.053059 0.000001
0.036603 0.629600 0.178079 0.101586 0.000667 0.053464 0.000001
0.033940 0.626959 0.180739 0.102765 0.000691 0.054907 0.000001
0.033254 0.626294 0.181194 0.103241 0.000688 0.055328 0.000002
0.030486 0.623695 0.183701 0.104480 0.000701 0.056935 0.000002
0.031685 0.622812 0.183393 0.104506 0.000699 0.056904 0.000002
0.030084 0.620008 0.185319 0.105607 0.000707 0.058273 0.000002
0.029353 0.618352 0.186412 0.106041 0.000741 0.059100 0.000002
0.029000 0.616828 0.187259 0.106407 0.000733 0.059772 0.000002
0.027146 0.614845 0.188869 0.107648 0.000733 0.060756 0.000001
0.026437 0.613283 0.189715 0.108189 0.000748 0.061626 0.000003
0.024919 0.609777 0.192121 0.109368 0.000758 0.063056 0.000002
0.024371 0.609185 0.192591 0.109659 0.000780 0.063414 0.000001
0.024174 0.606518 0.193685 0.110315 0.000794 0.064512 0.000002
0.023758 0.603988 0.194900 0.110930 0.000819 0.065602 0.000002
0.023322 0.601125 0.196259 0.111810 0.000811 0.066671 0.000002
0.022945 0.600761 0.196667 0.111835 0.000807 0.066982 0.000002
0.022252 0.597379 0.198290 0.112823 0.000836 0.068418 0.000002
0.022521 0.595839 0.198512 0.113304 0.000836 0.068983 0.000004
0.021726 0.592152 0.200353 0.114417 0.000852 0.070498 0.000003
0.021600 0.591249 0.200995 0.114406 0.000845 0.070901 0.000003
0.020804 0.588580 0.202466 0.115172 0.000889 0.072085 0.000004
0.020518 0.586284 0.203218 0.115834 0.000870 0.073271 0.000006
0.020545 0.584831 0.204112 0.115926 0.000884 0.073696 0.000006
0.020037 0.583672 0.204538 0.116497 0.000891 0.074361 0.000005
0.020024 0.581283 0.205342 0.117110 0.000898 0.075337 0.000005
0.019684 0.578497 0.206622 0.117759 0.000895 0.076537 0.000006
0.019534 0.576858 0.207450 0.118105 0.000920 0.077126 0.000006
0.019360 0.574714 0.208195 0.118495 0.000923 0.078307 0.000006
0.019038 0.573746 0.208512 0.118865 0.000940 0.078892 0.000007
0.018792 0.569753 0.210260 0.119814 0.000969 0.080404 0.000007
0.018881 0.569735 0.210237 0.119741 0.000964 0.080434 0.000006
0.018418 0.566682 0.211699 0.120390 0.000981 0.081823 0.000007
0.018385 0.565373 0.211924 0.120966 0.000956 0.082390 0.000006
0.018096 0.561974 0.213476 0.121618 0.000955 0.083874 0.000007
0.017852 0.559163 0.214703 0.122230 0.000991 0.085055 0.000006
0.017383 0.557060 0.215976 0.122677 0.001001 0.085898 0.000005
0.017614 0.555658 0.216048 0.122990 0.001003 0.086677 0.000010
0.017422 0.553621 0.216877 0.123493 0.001010 0.087572 0.000007
0.017297 0.551605 0.217421 0.123858 0.001022 0.088791 0.000006
0.017100 0.549792 0.218190 0.124425 0.001019 0.089467 0.000007
0.016857 0.547191 0.219451 0.124894 0.001050 0.090551 0.000006
0.016628 0.544627 0.220586 0.125281 0.001070 0.091800 0.000008
0.016660 0.542870 0.220939 0.125736 0.001078 0.092711 0.000007
0.016528 0.541453 0.221487 0.126217 0.001069 0.093238 0.000007
0.016567 0.540470 0.221825 0.126254 0.001089 0.093786 0.000008
0.016615 0.538180 0.222431 0.126790 0.001074 0.094901 0.000009
0.016334 0.536891 0.222799 0.127173 0.001088 0.095705 0.000010
0.016155 0.534132 0.224186 0.127767 0.001098 0.096653 0.000008
0.015979 0.532128 0.224839 0.128083 0.001102 0.097859 0.000010
0.016267 0.531298 0.224962 0.128297 0.001115 0.098048 0.000012
0.015874 0.527812 0.226187 0.128981 0.001126 0.100008 0.000012
0.015688 0.526287 0.226990 0.129261 0.001117 0.100646 0.000012
0.015570 0.524207 0.227936 0.129626 0.001139 0.101509 0.000012
0.015386 0.521658 0.228852 0.130244 0.001161 0.102689 0.000010
0.015381 0.521171 0.228668 0.130332 0.001155 0.103281 0.000012
0.015629 0.519741 0.229229 0.130282 0.001157 0.103952 0.000010
0.015204 0.515301 0.231019 0.131207 0.001192 0.106066 0.000011
0.015255 0.515375 0.230533 0.131356 0.001215 0.106255 0.000012
0.015070 0.512728 0.231784 0.131644 0.001204 0.107560 0.000011
0.014948 0.509520 0.232896 0.132495 0.001213 0.108916 0.000012
0.014798 0.508169 0.233380 0.132689 0.001254 0.109700 0.000012
0.014879 0.507300 0.233487 0.132733 0.001240 0.110350 0.000012
0.014922 0.506421 0.233771 0.132849 0.001259 0.110766 0.000011
0.014817 0.502404 0.235120 0.133713 0.001276 0.112660 0.000011
0.014582 0.500299 0.235934 0.134091 0.001272 0.113811 0.000011
0.014738 0.500226 0.235890 0.134025 0.001297 0.113815 0.000010
0.014337 0.496661 0.237070 0.134944 0.001301 0.115674 0.000013
0.014428 0.495639 0.237396 0.134743 0.001307 0.116475 0.000012
0.014349 0.493466 0.238049 0.135385 0.001331 0.117409 0.000011
0.014137 0.492558 0.238316 0.135568 0.001348 0.118060 0.000013
0.014230 0.490543 0.238741 0.136138 0.001351 0.118985 0.000013
0.014110 0.488811 0.239460 0.136161 0.001382 0.120065 0.000012
0.014049 0.484642 0.240466 0.137105 0.001417 0.122308 0.000012
0.014081 0.483954 0.240826 0.136693 0.001422 0.123014 0.000010
0.014079 0.482910 0.241066 0.137044 0.001401 0.123488 0.000012
0.014109 0.481095 0.241416 0.137455 0.001441 0.124470 0.000014
0.013897 0.480125 0.241930 0.137347 0.001440 0.125250 0.000012
0.013922 0.478549 0.242447 0.137750 0.001433 0.125885 0.000014
0.013836 0.475843 0.243002 0.138426 0.001448 0.127431 0.000015
0.013721 0.474140 0.243665 0.138579 0.001477 0.128406 0.000012
0.014593 0.472245 0.243933 0.138565 0.001484 0.129167 0.000012
0.023405 0.466490 0.242026 0.137616 0.001474 0.128975 0.000014
0.021311 0.465243 0.243433 0.138149 0.001508 0.130343 0.000013
0.026184 0.463727 0.240947 0.137404 0.001490 0.130231 0.000017
0.023899 0.461230 0.242708 0.138464 0.001500 0.132185 0.000015
0.022653 0.460737 0.243451 0.138468 0.001552 0.133126 0.000013
0.024794 0.458061 0.243264 0.138439 0.001524 0.133908 0.000011
0.022286 0.458254 0.244022 0.139127 0.001531 0.134766 0.000014
0.025675 0.455060 0.243727 0.138597 0.001539 0.135388 0.000014
0.026553 0.454804 0.243260 0.138340 0.001563 0.135462 0.000018
0.029120 0.453358 0.242251 0.138046 0.001547 0.135660 0.000017
0.024208 0.450633 0.245255 0.139550 0.001559 0.138781 0.000015
0.026618 0.450623 0.243693 0.138903 0.001591 0.138558 0.000015
0.021435 0.448755 0.246686 0.140211 0.001624 0.141273 0.000017
0.026860 0.448469 0.244111 0.138978 0.001593 0.139972 0.000016
0.021499 0.448084 0.246583 0.140511 0.001596 0.141711 0.000016
0.020602 0.444794 0.247664 0.141099 0.001639 0.144182 0.000019
0.019127 0.444209 0.248364 0.141688 0.001629 0.144968 0.000015
0.019628 0.443667 0.247992 0.141535 0.001659 0.145504 0.000015
0.018510 0.439491 0.249793 0.142392 0.001686 0.148113 0.000017
0.018704 0.439784 0.249267 0.142125 0.001670 0.148433 0.000017
0.018470 0.437927 0.249915 0.142437 0.001708 0.149526 0.000018
0.017873 0.437371 0.250079 0.142538 0.001696 0.150426 0.000017
0.018073 0.437872 0.249709 0.142442 0.001671 0.150215 0.000018
0.016156 0.434101 0.251614 0.143528 0.001725 0.152857 0.000018
0.016797 0.433101 0.251452 0.143129 0.001731 0.153775 0.000016
0.016493 0.432279 0.251813 0.143414 0.001747 0.154238 0.000016
0.016047 0.430888 0.252243 0.143608 0.001747 0.155448 0.000018
0.015672 0.429294 0.252793 0.144090 0.001748 0.156382 0.000020
0.015800 0.427352 0.252753 0.144370 0.001782 0.157924 0.000019
0.015114 0.426673 0.253432 0.144636 0.001787 0.158339 0.000018
0.014610 0.423831 0.254464 0.144907 0.001824 0.160346 0.000018
0.013720 0.421438 0.255263 0.145526 0.001817 0.162215 0.000021
0.014773 0.421172 0.254852 0.145320 0.001819 0.162046 0.000018
0.014621 0.419938 0.254983 0.145517 0.001860 0.163059 0.000023
0.014039 0.417010 0.256031 0.145856 0.001839 0.165203 0.000022
0.013839 0.415382 0.256340 0.145945 0.001889 0.166582 0.000022
0.013337 0.413953 0.256888 0.146595 0.001910 0.167293 0.000022
0.013956 0.414071 0.256578 0.146225 0.001897 0.167252 0.000021
0.013518 0.412407 0.256956 0.146424 0.001904 0.168772 0.000019
0.013279 0.410994 0.257535 0.146660 0.001909 0.169597 0.000024
0.013060 0.408581 0.257887 0.147441 0.001919 0.171089 0.000023
0.013700 0.407314 0.257590 0.146994 0.001909 0.172467 0.000027
0.013342 0.405863 0.258411 0.147108 0.001947 0.173303 0.000026
0.013553 0.404611 0.258347 0.147182 0.001973 0.174310 0.000024
0.013026 0.402320 0.259073 0.147633 0.001969 0.175957 0.000022
0.012968 0.402256 0.259331 0.147795 0.001971 0.175656 0.000023
0.012791 0.398092 0.259989 0.148178 0.002018 0.178908 0.000025
0.012792 0.398139 0.260007 0.148301 0.001988 0.178747 0.000025
0.012751 0.396068 0.260595 0.148187 0.002017 0.180357 0.000025
0.012952 0.394571 0.260689 0.148417 0.002020 0.181327 0.000025
0.012888 0.393433 0.260857 0.148657 0.002073 0.182063 0.000029
0.012609 0.392761 0.261139 0.148823 0.002062 0.182584 0.000024
0.012597 0.390860 0.261270 0.148847 0.002083 0.184319 0.000024
0.012770 0.389104 0.261411 0.148897 0.002108 0.185686 0.000024
0.012685 0.386481 0.262085 0.149414 0.002087 0.187226 0.000024
0.012649 0.386331 0.262013 0.149285 0.002077 0.187620 0.000025
0.012389 0.384480 0.262300 0.149680 0.002149 0.188977 0.000025
0.012594 0.383041 0.262389 0.149667 0.002089 0.190193 0.000026
0.012564 0.382864 0.262220 0.149671 0.002069 0.190591 0.000021
0.012315 0.380757 0.262974 0.150069 0.002097 0.191758 0.000029
0.012405 0.378121 0.263625 0.150163 0.002154 0.193505 0.000027
0.012628 0.378056 0.262773 0.149997 0.002156 0.194359 0.000031
0.012331 0.375815 0.263580 0.150614 0.002173 0.195459 0.000028
0.012454 0.375023 0.263349 0.150430 0.002160 0.196554 0.000029
0.012664 0.374718 0.263187 0.150166 0.002163 0.197074 0.000027
0.012407 0.371864 0.263805 0.150630 0.002222 0.199039 0.000033
0.012293 0.370124 0.264310 0.150816 0.002232 0.200195 0.000030
0.012599 0.369282 0.263809 0.151125 0.002223 0.200930 0.000032
0.012329 0.367766 0.264542 0.150645 0.002253 0.202432 0.000033
0.012329 0.366604 0.264849 0.150868 0.002255 0.203064 0.000031
0.012497 0.364946 0.264786 0.150971 0.002276 0.204491 0.000034
0.012251 0.364639 0.265273 0.150946 0.002250 0.204610 0.000031
0.012285 0.362610 0.265078 0.151181 0.002305 0.206507 0.000034
0.012300 0.361422 0.265567 0.151427 0.002306 0.206942 0.000036
0.012305 0.361246 0.265271 0.151100 0.002285 0.207760 0.000032
0.012426 0.360492 0.265374 0.151401 0.002301 0.207973 0.000034
0.012398 0.356437 0.266166 0.151764 0.002314 0.210885 0.000035
0.012339 0.357379 0.265868 0.151362 0.002330 0.210687 0.000035
0.012325 0.354972 0.266152 0.151808 0.002354 0.212353 0.000035
0.012047 0.353855 0.266384 0.151844 0.002387 0.213449 0.000034
0.012234 0.352594 0.266453 0.151952 0.002343 0.214388 0.000036
0.012384 0.351581 0.266300 0.151582 0.002359 0.215758 0.000036
0.012248 0.350211 0.266515 0.151718 0.002413 0.216856 0.000040
0.012297 0.347973 0.266811 0.151990 0.002441 0.218451 0.000037
0.012281 0.347215 0.266915 0.151996 0.002412 0.219141 0.000039
0.012305 0.345689 0.266837 0.152000 0.002417 0.220713 0.000039
0.012450 0.345376 0.267077 0.152085 0.002420 0.220549 0.000044
0.012325 0.343428 0.267489 0.152132 0.002448 0.222138 0.000040
0.012467 0.341635 0.267110 0.152222 0.002423 0.224102 0.000041
0.012362 0.341173 0.267288 0.152584 0.002479 0.224074 0.000040
0.012352 0.340702 0.267527 0.152023 0.002468 0.224890 0.000038
0.012227 0.339170 0.267789 0.152493 0.002512 0.225766 0.000044
0.012182 0.337874 0.267696 0.152396 0.002493 0.227315 0.000045
0.012249 0.335186 0.268292 0.152566 0.002513 0.229152 0.000042
0.012249 0.334546 0.268305 0.152664 0.002526 0.229667 0.000042
0.012292 0.333537 0.267861 0.152760 0.002544 0.230961 0.000046
0.012494 0.332198 0.268009 0.152577 0.002545 0.232131 0.000046
0.012308 0.331248 0.268225 0.152501 0.002599 0.233075 0.000044
0.012239 0.331398 0.268150 0.152453 0.002557 0.233158 0.000044
0.012424 0.329148 0.268171 0.152587 0.002577 0.235044 0.000048
0.012341 0.328268 0.267888 0.152770 0.002574 0.236113 0.000046
0.012394 0.327347 0.268159 0.152887 0.002591 0.236577 0.000045
0.012446 0.326313 0.267796 0.152637 0.002630 0.238126 0.000052
0.012425 0.325170 0.268825 0.152723 0.002631 0.238181 0.000045
0.012296 0.323083 0.268562 0.152767 0.002646 0.240599 0.000047
0.012275 0.321736 0.268593 0.153168 0.002662 0.241519 0.000048
0.012225 0.320570 0.268864 0.153116 0.002676 0.242504 0.000046
0.012253 0.320786 0.268411 0.153204 0.002651 0.242637 0.000059
0.012356 0.318000 0.268851 0.153043 0.002696 0.245008 0.000045
0.012283 0.315708 0.269033 0.153036 0.002694 0.247201 0.000046
0.012370 0.316345 0.268761 0.152935 0.002703 0.246841 0.000045
0.012220 0.315864 0.268772 0.152913 0.002714 0.247470 0.000047
0.012594 0.315356 0.268764 0.152978 0.002714 0.247542 0.000051
0.012487 0.313385 0.268684 0.153073 0.002725 0.249596 0.000051
0.012405 0.313230 0.268685 0.153001 0.002747 0.249877 0.000055
0.012367 0.311426 0.268979 0.152941 0.002748 0.251486 0.000053
0.012299 0.310083 0.268880 0.153181 0.002779 0.252728 0.000051
0.012472 0.309511 0.268591 0.152963 0.002741 0.253673 0.000050
0.012416 0.306679 0.268937 0.153034 0.002836 0.256045 0.000054
0.012463 0.307356 0.268673 0.153019 0.002787 0.255645 0.000057
0.012484 0.306052 0.268737 0.153042 0.002817 0.256815 0.000055
0.012411 0.303061 0.268979 0.152944 0.002851 0.259702 0.000053
0.012549 0.304323 0.268373 0.152989 0.002829 0.258877 0.000060
0.012610 0.303015 0.268699 0.152858 0.002833 0.259925 0.000060
0.012497 0.300715 0.269119 0.153072 0.002847 0.261691 0.000058
0.012511 0.301026 0.268903 0.152827 0.002861 0.261816 0.000056
0.012638 0.298566 0.268662 0.153005 0.002897 0.264174 0.000058
0.012480 0.297136 0.269000 0.153422 0.002879 0.265027 0.000057
0.012641 0.295890 0.268720 0.152848 0.002887 0.266956 0.000058
0.012557 0.295238 0.268759 0.153053 0.002895 0.267446 0.000053
0.012464 0.294911 0.268545 0.153037 0.002890 0.268090 0.000062
0.012609 0.293940 0.268144 0.153020 0.002919 0.269307 0.000061
0.012644 0.292767 0.268436 0.153055 0.002920 0.270116 0.000062
0.012765 0.292460 0.268156 0.152600 0.002936 0.271024 0.000059
0.012622 0.291038 0.268226 0.153202 0.002957 0.271897 0.000058
0.012559 0.289444 0.268441 0.152873 0.002981 0.273640 0.000061
0.012787 0.288743 0.268222 0.152866 0.003001 0.274330 0.000052
0.012813 0.286756 0.268554 0.153054 0.002973 0.275785 0.000066
0.012737 0.286558 0.267966 0.153014 0.002974 0.276687 0.000063
0.012602 0.286832 0.268303 0.152691 0.002998 0.276514 0.000060
0.012771 0.283889 0.268042 0.152866 0.002990 0.279378 0.000063
0.012847 0.283591 0.267725 0.153014 0.003025 0.279735 0.000062
0.012710 0.282496 0.267647 0.152794 0.003033 0.281259 0.000061
0.012770 0.281383 0.267847 0.152950 0.003099 0.281886 0.000065
0.012765 0.280662 0.267662 0.152666 0.003049 0.283127 0.000070
0.012728 0.279937 0.267616 0.152880 0.003056 0.283722 0.000061
0.012749 0.278729 0.267719 0.152583 0.003113 0.285043 0.000064
0.012854 0.276618 0.268062 0.152557 0.003087 0.286744 0.000077
0.012954 0.276375 0.267705 0.152388 0.003097 0.287416 0.000066
0.012867 0.276545 0.267399 0.152256 0.003081 0.287782 0.000069
0.012989 0.275061 0.267198 0.152357 0.003112 0.289209 0.000074
0.012983 0.274541 0.267240 0.152244 0.003133 0.289786 0.000073
0.012957 0.272575 0.267086 0.152411 0.003128 0.291767 0.000076
0.013018 0.271084 0.266896 0.152830 0.003131 0.292972 0.000069
0.013157 0.270222 0.266847 0.152353 0.003143 0.294201 0.000077
0.012885 0.271820 0.266735 0.151876 0.003178 0.293434 0.000072
0.013037 0.269194 0.266648 0.152080 0.003193 0.295767 0.000081
0.013005 0.269182 0.266702 0.151836 0.003170 0.296031 0.000073
0.012968 0.267542 0.266670 0.151807 0.003199 0.297731 0.000083
0.013215 0.266776 0.266688 0.152031 0.003182 0.298040 0.000069
0.013160 0.265833 0.266375 0.151996 0.003213 0.299345 0.000078
0.013206 0.264498 0.266435 0.152065 0.003221 0.300501 0.000073
0.012986 0.263279 0.266175 0.151639 0.003257 0.302588 0.000075
0.013393 0.263851 0.265850 0.151632 0.003233 0.301965 0.000075
0.013320 0.261325 0.265864 0.151677 0.003271 0.304462 0.000080
0.013190 0.261001 0.265944 0.151481 0.003251 0.305053 0.000080
0.013090 0.260336 0.265700 0.151681 0.003258 0.305864 0.000072
0.013376 0.260180 0.265507 0.151594 0.003271 0.305997 0.000075
0.013412 0.258574 0.265282 0.151497 0.003298 0.307859 0.000078
0.013424 0.257624 0.265268 0.151489 0.003327 0.308792 0.000076
0.013341 0.256273 0.265505 0.151105 0.003325 0.310364 0.000087
0.013388 0.255358 0.265192 0.151304 0.003307 0.311373 0.000079
0.013284 0.254536 0.265335 0.151447 0.003342 0.311977 0.000078
0.013439 0.254087 0.264808 0.151734 0.003348 0.312508 0.000076
0.013432 0.252478 0.264956 0.151130 0.003334 0.314589 0.000081
0.013613 0.252102 0.265090 0.151172 0.003338 0.314608 0.000077
0.013578 0.251581 0.264650 0.150868 0.003354 0.315891 0.000079
0.013621 0.251090 0.264702 0.150662 0.003375 0.316467 0.000083
0.013571 0.250278 0.264059 0.150939 0.003372 0.317689 0.000091
0.013404 0.248582 0.264260 0.150783 0.003418 0.319469 0.000084
0.013423 0.247755 0.264105 0.150774 0.003418 0.320444 0.000081
0.013420 0.246268 0.264066 0.150463 0.003401 0.322304 0.000078
0.013538 0.246084 0.263991 0.150584 0.003478 0.322240 0.000085
0.013570 0.243952 0.263247 0.150560 0.003451 0.325135 0.000086
0.013541 0.244616 0.263666 0.150477 0.003443 0.324172 0.000086
0.013562 0.243210 0.263132 0.150194 0.003434 0.326384 0.000084
0.013762 0.243621 0.263277 0.150174 0.003492 0.325591 0.000082
0.013766 0.241735 0.263035 0.150379 0.003497 0.327496 0.000092
0.013770 0.240364 0.262586 0.149856 0.003526 0.329813 0.000085
0.013538 0.240463 0.262721 0.149869 0.003487 0.329836 0.000085
0.013635 0.239472 0.262683 0.149991 0.003516 0.330616 0.000087
0.013630 0.238164 0.262410 0.149807 0.003568 0.332323 0.000097
0.013625 0.238711 0.262333 0.149815 0.003490 0.331942 0.000084
0.014006 0.236648 0.261959 0.149649 0.003579 0.334066 0.000093
0.013902 0.237287 0.262442 0.149178 0.003575 0.333530 0.000086
0.013953 0.236565 0.261902 0.149416 0.003552 0.334517 0.000094
0.013839 0.234633 0.261858 0.149145 0.003606 0.336820 0.000098
0.013862 0.234672 0.261633 0.149086 0.003596 0.337062 0.000090
0.013804 0.233864 0.261185 0.149304 0.003639 0.338106 0.000097
0.013999 0.232433 0.261279 0.148982 0.003616 0.339595 0.000095
0.013962 0.232573 0.260934 0.149080 0.003629 0.339725 0.000097
0.014097 0.230563 0.261051 0.148432 0.003631 0.342130 0.000095
0.014031 0.230701 0.260873 0.148843 0.003610 0.341840 0.000102
0.014174 0.229226 0.260495 0.148875 0.003626 0.343509 0.000094
0.014062 0.228657 0.260591 0.148360 0.003651 0.344570 0.000109
0.014274 0.228556 0.259977 0.148172 0.003704 0.345219 0.000099
0.014152 0.227191 0.259885 0.148209 0.003673 0.346794 0.000097
0.014263 0.226934 0.259861 0.147930 0.003702 0.347211 0.000099
0.014346 0.225946 0.259356 0.148185 0.003676 0.348387 0.000103
0.014326 0.225221 0.259710 0.147744 0.003736 0.349168 0.000094
0.014483 0.224732 0.259078 0.148009 0.003700 0.349898 0.000101
0.014085 0.224135 0.259166 0.147849 0.003714 0.350950 0.000100
0.014256 0.223205 0.258842 0.147723 0.003726 0.352142 0.000107
0.014425 0.223314 0.258801 0.147671 0.003736 0.351952 0.000101
0.014443 0.221255 0.258766 0.147367 0.003764 0.354294 0.000110
0.014432 0.220963 0.258151 0.147599 0.003699 0.355049 0.000106
0.014482 0.220953 0.258070 0.147189 0.003754 0.355446 0.000106
0.014292 0.219714 0.257713 0.147231 0.003784 0.357156 0.000111
0.014688 0.218350 0.257880 0.147396 0.003747 0.357826 0.000113
0.014424 0.218074 0.257953 0.146772 0.003726 0.358928 0.000121
0.014576 0.216805 0.257430 0.146929 0.003776 0.360374 0.000110
0.014654 0.216527 0.257149 0.146719 0.003787 0.361057 0.000107
0.014623 0.216349 0.256832 0.146845 0.003774 0.361463 0.000115
0.014630 0.215295 0.257305 0.146837 0.003790 0.362032 0.000111
0.014712 0.214737 0.256696 0.146118 0.003799 0.363828 0.000111
0.014540 0.213588 0.256232 0.146105 0.003880 0.365537 0.000118
0.014845 0.212955 0.256098 0.145995 0.003856 0.366134 0.000118
0.014605 0.212033 0.256148 0.146159 0.003836 0.367109 0.000110
0.014781 0.211550 0.255828 0.146187 0.003855 0.367691 0.000108
0.014716 0.211479 0.255611 0.145966 0.003832 0.368282 0.000113
0.014911 0.210427 0.255176 0.145529 0.003850 0.370007 0.000101
0.014959 0.208959 0.255061 0.145898 0.003818 0.371201 0.000106
0.014933 0.209603 0.254515 0.145668 0.003843 0.371327 0.000112
0.014867 0.208234 0.254722 0.145279 0.003846 0.372939 0.000113
0.015147 0.207477 0.254475 0.145304 0.003881 0.373596 0.000120
0.015046 0.206669 0.254337 0.144969 0.003950 0.374916 0.000114
0.015260 0.206744 0.254128 0.144905 0.003922 0.374921 0.000120
0.015173 0.204738 0.253712 0.144742 0.003831 0.377690 0.000114
0.015089 0.205434 0.254002 0.144637 0.003838 0.376875 0.000125
0.015165 0.204119 0.253544 0.144620 0.003939 0.378488 0.000124
0.015243 0.203700 0.252975 0.144661 0.003894 0.379410 0.000118
0.015023 0.203400 0.252914 0.144152 0.003924 0.380465 0.000122
0.015263 0.202133 0.252437 0.144401 0.003963 0.381682 0.000121
0.015181 0.201297 0.252296 0.144241 0.003952 0.382909 0.000124
0.015110 0.202332 0.252516 0.144373 0.003909 0.381636 0.000124
0.015315 0.201109 0.252376 0.143952 0.003931 0.383197 0.000119
0.015422 0.199489 0.251847 0.143909 0.003988 0.385225 0.000120
0.015507 0.199397 0.251655 0.144007 0.003970 0.385346 0.000119
0.015294 0.198584 0.251694 0.144086 0.004012 0.386208 0.000122
0.015270 0.198219 0.251582 0.143724 0.003972 0.387113 0.000120
0.015330 0.197478 0.251359 0.143754 0.004024 0.387931 0.000124
0.015380 0.196281 0.250960 0.143295 0.004016 0.389937 0.000131
0.015456 0.195702 0.250487 0.143277 0.003987 0.390964 0.000128
0.015492 0.195617 0.250367 0.143034 0.004044 0.391318 0.000127
0.015757 0.195809 0.250156 0.142959 0.004057 0.391130 0.000132
0.015560 0.194695 0.249888 0.142910 0.004032 0.392786 0.000129
0.015697 0.194467 0.249982 0.142639 0.004029 0.393053 0.000133
0.015943 0.193173 0.249660 0.142550 0.004062 0.394487 0.000126
0.015740 0.193167 0.249809 0.142087 0.004073 0.394996 0.000128
0.015685 0.192418 0.249143 0.142473 0.004004 0.396149 0.000127
0.015858 0.191255 0.248964 0.141997 0.004115 0.397675 0.000135
0.015788 0.191626 0.248615 0.142080 0.004068 0.397687 0.000136
0.015772 0.190588 0.248342 0.141905 0.004097 0.399161 0.000135
0.015844 0.189928 0.247975 0.141673 0.004132 0.400314 0.000135
0.015755 0.189464 0.248078 0.141632 0.004071 0.400875 0.000125
0.015943 0.189525 0.247767 0.141500 0.004127 0.400998 0.000140
0.016025 0.188445 0.247444 0.141318 0.004123 0.402507 0.000139
0.015917 0.187153 0.247503 0.141182 0.004154 0.403950 0.000140
0.016103 0.187505 0.247009 0.141110 0.004133 0.404008 0.000132
0.016144 0.186527 0.246437 0.141144 0.004120 0.405484 0.000144
0.016090 0.185792 0.246435 0.140900 0.004103 0.406538 0.000142
0.015918 0.185734 0.246148 0.140804 0.004159 0.407102 0.000136
0.016283 0.184451 0.245722 0.140385 0.004160 0.408872 0.000127
0.016229 0.183998 0.245807 0.140325 0.004237 0.409256 0.000148
0.016397 0.183541 0.245532 0.140365 0.004204 0.409816 0.000145
0.016411 0.183171 0.244871 0.140612 0.004244 0.410551 0.000142
0.016526 0.182630 0.244752 0.139970 0.004253 0.411728 0.000140
0.016509 0.181469 0.244632 0.139842 0.004214 0.413188 0.000146
0.016615 0.181690 0.244412 0.139476 0.004248 0.413422 0.000136
0.016815 0.180807 0.243971 0.139507 0.004249 0.414500 0.000150
0.016388 0.180348 0.244211 0.139391 0.004315 0.415197 0.000149
0.016773 0.180235 0.243640 0.139097 0.004299 0.415814 0.000142
0.016575 0.179773 0.243684 0.139210 0.004316 0.416295 0.000147
0.016617 0.178661 0.243653 0.138893 0.004266 0.417763 0.000147
0.016778 0.178805 0.242824 0.139051 0.004295 0.418106 0.000141
0.016762 0.177814 0.242727 0.138802 0.004295 0.419453 0.000146
0.016793 0.177285 0.242224 0.138493 0.004323 0.420730 0.000153
0.016742 0.176708 0.242243 0.138683 0.004320 0.421162 0.000142
0.016557 0.176162 0.242103 0.138649 0.004342 0.422036 0.000151
0.016827 0.175407 0.241721 0.138104 0.004331 0.423450 0.000161
0.016820 0.175502 0.241522 0.138286 0.004291 0.423421 0.000159
0.017006 0.174690 0.240785 0.138067 0.004347 0.424959 0.000147
0.016799 0.175100 0.240860 0.137606 0.004348 0.425142 0.000144
0.017114 0.173767 0.240361 0.137438 0.004409 0.426766 0.000143
0.017085 0.172616 0.240218 0.137388 0.004318 0.428214 0.000161
0.016937 0.173160 0.240313 0.137457 0.004330 0.427643 0.000161
0.016985 0.172160 0.240009 0.137266 0.004398 0.429030 0.000151
0.017188 0.171383 0.239008 0.137000 0.004379 0.430898 0.000144
0.016992 0.171578 0.239099 0.136793 0.004364 0.431027 0.000147
0.017149 0.171434 0.239669 0.136810 0.004371 0.430410 0.000156
0.017371 0.169857 0.238999 0.136514 0.004379 0.432719 0.000159
0.017291 0.169996 0.238387 0.136372 0.004402 0.433395 0.000157
0.017203 0.169176 0.238049 0.136204 0.004361 0.434847 0.000161
0.017184 0.168827 0.237998 0.135769 0.004428 0.435640 0.000155
0.017367 0.168407 0.237914 0.136066 0.004375 0.435712 0.000159
0.017211 0.168135 0.237266 0.135741 0.004428 0.437053 0.000166
0.017362 0.167376 0.237003 0.135606 0.004381 0.438114 0.000158
0.017435 0.167373 0.237162 0.135358 0.004489 0.438020 0.000163
0.017411 0.167220 0.236664 0.135538 0.004464 0.438542 0.000161
0.017745 0.165771 0.235991 0.135103 0.004383 0.440842 0.000164
0.017299 0.166119 0.236278 0.135129 0.004410 0.440603 0.000164
0.017331 0.165274 0.235611 0.134859 0.004481 0.442276 0.000168
0.017602 0.164448 0.235206 0.134717 0.004481 0.443380 0.000166
0.017686 0.164296 0.234834 0.134727 0.004469 0.443816 0.000172
0.017469 0.163831 0.234704 0.134582 0.004516 0.444732 0.000165
0.017763 0.163706 0.234760 0.134324 0.004488 0.444781 0.000177
0.017890 0.162651 0.234529 0.134253 0.004540 0.445969 0.000168
0.017937 0.162369 0.234157 0.133738 0.004506 0.447132 0.000160
0.018072 0.161712 0.233184 0.133690 0.004492 0.448675 0.000176
0.018253 0.162106 0.233270 0.133735 0.004502 0.447975 0.000160
0.018032 0.161492 0.233186 0.133562 0.004499 0.449061 0.000169
0.018087 0.160915 0.232671 0.133133 0.004513 0.450506 0.000175
0.018064 0.159936 0.233208 0.133159 0.004458 0.451011 0.000163
0.018284 0.160348 0.232508 0.132936 0.004537 0.451223 0.000164
0.017860 0.159772 0.231942 0.132869 0.004543 0.452855 0.000159
0.018172 0.159540 0.231764 0.133035 0.004543 0.452783 0.000164
0.018306 0.158775 0.231347 0.132696 0.004615 0.454083 0.000178
0.018148 0.158370 0.231423 0.132536 0.004607 0.454744 0.000172
0.018197 0.157815 0.231094 0.132571 0.004576 0.455574 0.000172
0.018630 0.157712 0.230697 0.132404 0.004499 0.455892 0.000166
0.018417 0.157125 0.230323 0.132095 0.004546 0.457321 0.000174
0.018571 0.156719 0.230446 0.131780 0.004549 0.457775 0.000160
0.018257 0.156469 0.230175 0.131910 0.004569 0.458454 0.000168
0.018589 0.155806 0.229852 0.131575 0.004605 0.459402 0.000171
0.018580 0.155317 0.229613 0.131499 0.004552 0.460266 0.000172
0.018466 0.154642 0.228988 0.131219 0.004586 0.461919 0.000180
0.018431 0.154486 0.228691 0.130929 0.004565 0.462720 0.000179
0.018567 0.154228 0.228808 0.130720 0.004594 0.462915 0.000169
0.018912 0.153557 0.228290 0.130714 0.004631 0.463728 0.000168
0.018837 0.152888 0.228343 0.130507 0.004635 0.464605 0.000186
0.018692 0.153372 0.227676 0.130671 0.004584 0.464829 0.000177
0.018862 0.152204 0.227635 0.130562 0.004618 0.465939 0.000180
0.018769 0.152273 0.227005 0.130195 0.004644 0.466929 0.000185
0.018708 0.151501 0.226705 0.130034 0.004633 0.468250 0.000170
0.018832 0.151278 0.227315 0.129850 0.004616 0.467931 0.000178
0.018675 0.150601 0.226630 0.129812 0.004618 0.469488 0.000177
0.019100 0.150577 0.226213 0.129822 0.004657 0.469446 0.000186
0.018962 0.149867 0.225495 0.129347 0.004709 0.471441 0.000179
0.019044 0.149759 0.225830 0.129043 0.004691 0.471441 0.000192
0.019180 0.149004 0.225785 0.129050 0.004671 0.472122 0.000188
0.019288 0.148688 0.225172 0.128819 0.004672 0.473155 0.000205
0.019043 0.148279 0.225174 0.128549 0.004684 0.474089 0.000181
0.019085 0.148508 0.224665 0.128591 0.004700 0.474259 0.000191
0.019354 0.147410 0.224489 0.128435 0.004675 0.475446 0.000191
0.019076 0.147794 0.224569 0.128472 0.004656 0.475242 0.000192
0.019074 0.147084 0.223767 0.128066 0.004686 0.477118 0.000204
0.019602 0.146257 0.223045 0.128097 0.004658 0.478148 0.000193
0.019502 0.146247 0.223264 0.127811 0.004742 0.478256 0.000178
0.019498 0.145408 0.222818 0.127249 0.004694 0.480131 0.000201
0.019516 0.145698 0.222613 0.127703 0.004686 0.479584 0.000200
0.019536 0.144726 0.222646 0.127360 0.004694 0.480838 0.000201
0.019431 0.144584 0.222110 0.127313 0.004703 0.481662 0.000198
0.019696 0.144612 0.221647 0.126976 0.004675 0.482202 0.000192
0.019488 0.144401 0.222195 0.126786 0.004692 0.482234 0.000205
0.019914 0.143426 0.221140 0.126326 0.004679 0.484314 0.000201
0.019621 0.143173 0.221389 0.126661 0.004731 0.484226 0.000199
0.019973 0.142634 0.220667 0.126176 0.004762 0.485593 0.000195
0.020012 0.142857 0.219931 0.126224 0.004702 0.486070 0.000204
0.019983 0.142424 0.220168 0.126150 0.004804 0.486272 0.000199
0.019804 0.141659 0.219855 0.125986 0.004752 0.487747 0.000196
0.019931 0.141278 0.219214 0.125625 0.004739 0.489012 0.000201
0.020104 0.141192 0.219663 0.125584 0.004754 0.488496 0.000206
0.020105 0.140903 0.219421 0.125442 0.004756 0.489182 0.000192
0.020187 0.140019 0.218647 0.125356 0.004735 0.490845 0.000211
