0.999113 0.000860 0.000018 0.000009 0.000000 0.000000 0.000000
0.998664 0.001289 0.000030 0.000006 0.000000 0.000011 0.000000
0.998245 0.001695 0.000040 0.000009 0.000000 0.000011 0.000000
0.997759 0.002170 0.000052 0.000008 0.000000 0.000011 0.000000
0.997280 0.002634 0.000064 0.000010 0.000000 0.000011 0.000000
0.996757 0.003145 0.000070 0.000017 0.000000 0.000011 0.000000
0.996114 0.003781 0.000075 0.000019 0.000000 0.000011 0.000000
0.995423 0.004459 0.000085 0.000023 0.000000 0.000011 0.000000
0.994718 0.005152 0.000087 0.000032 0.000000 0.000011 0.000000
0.993777 0.006084 0.000091 0.000037 0.000000 0.000011 0.000000
0.992669 0.007173 0.000097 0.000050 0.000000 0.000011 0.000000
0.991347 0.008473 0.000111 0.000058 0.000000 0.000011 0.000000
0.989547 0.010234 0.000132 0.000075 0.000000 0.000011 0.000000
0.987304 0.012457 0.000146 0.000084 0.000000 0.000008 0.000000
0.985120 0.014595 0.000170 0.000107 0.000000 0.000008 0.000000
0.981605 0.018031 0.000190 0.000165 0.000000 0.000008 0.000000
0.977746 0.021793 0.000248 0.000206 0.000000 0.000007 0.000000
0.973893 0.025556 0.000321 0.000223 0.000000 0.000006 0.000000
0.969987 0.029375 0.000386 0.000246 0.000000 0.000006 0.000000
0.964824 0.034462 0.000439 0.000269 0.000000 0.000005 0.000000
0.958597 0.040555 0.000514 0.000330 0.000000 0.000004 0.000000
0.952378 0.046611 0.000635 0.000371 0.000000 0.000004 0.000000
0.942913 0.055813 0.000735 0.000529 0.000000 0.000009 0.000000
0.936341 0.062231 0.000846 0.000570 0.000000 0.000012 0.000000
0.928216 0.070151 0.000974 0.000646 0.000000 0.000014 0.000000
0.918639 0.079472 0.001127 0.000740 0.000000 0.000023 0.000000
0.904815 0.092985 0.001314 0.000856 0.000000 0.000030 0.000000
0.895680 0.101887 0.001450 0.000953 0.000000 0.000030 0.000000
0.882629 0.114522 0.001741 0.001082 0.000000 0.000026 0.000000
0.869696 0.127046 0.001992 0.001227 0.000000 0.000039 0.000000
0.856305 0.140001 0.002274 0.001381 0.000000 0.000040 0.000000
0.841952 0.153913 0.002548 0.001544 0.000000 0.000043 0.000000
0.824157 0.171181 0.002888 0.001719 0.000000 0.000056 0.000000
0.808767 0.186031 0.003241 0.001894 0.000000 0.000066 0.000000
0.792012 0.202235 0.003593 0.002072 0.000000 0.000088 0.000000
0.778245 0.215484 0.003913 0.002260 0.000000 0.000098 0.000000
0.761892 0.231216 0.004298 0.002481 0.000000 0.000112 0.000000
0.743936 0.248485 0.004710 0.002738 0.000000 0.000130 0.000000
0.727538 0.264149 0.005169 0.002999 0.000000 0.000144 0.000000
0.711073 0.279843 0.005631 0.003296 0.000000 0.000156 0.000000
0.695345 0.294810 0.006092 0.003579 0.000000 0.000174 0.000000
0.679737 0.309644 0.006575 0.003857 0.000000 0.000187 0.000000
0.662616 0.325850 0.007079 0.004242 0.000000 0.000214 0.000000
0.648243 0.339407 0.007603 0.004508 0.000000 0.000239 0.000000
0.631010 0.355625 0.008219 0.004880 0.000000 0.000265 0.000000
0.614511 0.371086 0.008896 0.005219 0.000001 0.000287 0.000000
0.604150 0.380692 0.009377 0.005469 0.000002 0.000310 0.000000
0.586604 0.397015 0.010148 0.005892 0.000002 0.000338 0.000000
0.572648 0.409888 0.010838 0.006258 0.000003 0.000366 0.000000
0.560157 0.421363 0.011459 0.006614 0.000003 0.000405 0.000000
0.543889 0.436399 0.012204 0.007067 0.000004 0.000438 0.000000
0.531413 0.447634 0.012957 0.007505 0.000005 0.000487 0.000000
0.519852 0.458097 0.013646 0.007882 0.000005 0.000516 0.000000
0.504508 0.472033 0.014518 0.008369 0.000006 0.000566 0.000000
0.491356 0.483869 0.015334 0.008804 0.000008 0.000629 0.000000
0.478191 0.495667 0.016177 0.009280 0.000008 0.000677 0.000000
0.468738 0.503921 0.016917 0.009680 0.000009 0.000736 0.000000
0.455617 0.515422 0.017933 0.010199 0.000010 0.000818 0.000000
0.446429 0.523282 0.018755 0.010655 0.000010 0.000868 0.000000
0.435555 0.532619 0.019696 0.011176 0.000012 0.000942 0.000000
0.424817 0.541936 0.020565 0.011683 0.000011 0.000987 0.000000
0.415383 0.549883 0.021473 0.012196 0.000012 0.001054 0.000000
0.403187 0.560227 0.022567 0.012840 0.000013 0.001166 0.000000
0.396533 0.565321 0.023504 0.013377 0.000014 0.001252 0.000000
0.389913 0.570633 0.024303 0.013818 0.000017 0.001316 0.000000
0.378172 0.580356 0.025457 0.014582 0.000017 0.001416 0.000000
0.374025 0.583193 0.026255 0.015011 0.000019 0.001497 0.000000
0.367485 0.588080 0.027207 0.015585 0.000019 0.001623 0.000000
0.358287 0.595442 0.028370 0.016150 0.000023 0.001728 0.000000
0.352077 0.600153 0.029272 0.016659 0.000023 0.001817 0.000000
0.346090 0.604434 0.030259 0.017266 0.000023 0.001929 0.000000
0.341429 0.607559 0.031133 0.017823 0.000022 0.002034 0.000000
0.333906 0.612965 0.032481 0.018450 0.000027 0.002171 0.000000
0.325678 0.619545 0.033404 0.019047 0.000027 0.002300 0.000000
0.322696 0.620593 0.034544 0.019717 0.000027 0.002423 0.000000
0.318466 0.623413 0.035399 0.020170 0.000026 0.002525 0.000000
0.309152 0.630502 0.036757 0.020884 0.000029 0.002675 0.000000
0.304244 0.633641 0.037758 0.021513 0.000031 0.002813 0.000000
0.296446 0.639153 0.039142 0.022249 0.000033 0.002978 0.000000
0.290692 0.643365 0.040000 0.022807 0.000036 0.003100 0.000000
0.286081 0.645852 0.041303 0.023479 0.000038 0.003247 0.000000
0.282465 0.647965 0.042062 0.024071 0.000038 0.003399 0.000000
0.275434 0.652698 0.043377 0.024835 0.000042 0.003615 0.000000
0.268862 0.656992 0.044696 0.025598 0.000044 0.003808 0.000000
0.266858 0.657726 0.045573 0.025874 0.000043 0.003926 0.000000
0.261193 0.661280 0.046747 0.026624 0.000042 0.004115 0.000000
0.255073 0.665797 0.047631 0.027153 0.000043 0.004302 0.000000
0.245701 0.671735 0.049732 0.028219 0.000046 0.004567 0.000000
0.237043 0.677748 0.051268 0.029111 0.000049 0.004782 0.000000
0.233611 0.679261 0.052399 0.029676 0.000053 0.005000 0.000000
0.223432 0.686028 0.054420 0.030760 0.000056 0.005304 0.000000
0.214879 0.691076 0.056357 0.031974 0.000062 0.005652 0.000000
0.213616 0.691598 0.056838 0.032135 0.000069 0.005743 0.000000
0.210599 0.692369 0.058014 0.032924 0.000070 0.006024 0.000000
0.199751 0.699906 0.059951 0.034007 0.000071 0.006315 0.000000
0.197574 0.699222 0.061539 0.034970 0.000076 0.006619 0.000000
0.186210 0.706051 0.064160 0.036466 0.000080 0.007033 0.000000
0.183759 0.707133 0.064878 0.036923 0.000087 0.007219 0.000000
0.177326 0.709976 0.066888 0.038115 0.000094 0.007601 0.000000
0.175857 0.709034 0.068186 0.038956 0.000095 0.007871 0.000000
0.170579 0.711725 0.069660 0.039761 0.000097 0.008178 0.000000
0.169921 0.710586 0.070640 0.040294 0.000104 0.008455 0.000000
0.163020 0.713402 0.073002 0.041567 0.000105 0.008905 0.000000
0.158479 0.713854 0.075266 0.042995 0.000110 0.009297 0.000000
0.158116 0.712482 0.076246 0.043457 0.000111 0.009589 0.000000
0.156106 0.712496 0.077311 0.044098 0.000120 0.009869 0.000000
0.154203 0.711553 0.078874 0.044994 0.000123 0.010253 0.000000
0.152656 0.710925 0.080133 0.045596 0.000128 0.010562 0.000000
0.153971 0.706955 0.081434 0.046540 0.000135 0.010965 0.000000
0.152354 0.706558 0.082594 0.047086 0.000138 0.011271 0.000000
0.146817 0.709202 0.084284 0.047934 0.000151 0.011612 0.000000
0.146623 0.706196 0.085981 0.048924 0.000157 0.012117 0.000001
0.142284 0.707073 0.087914 0.049954 0.000158 0.012617 0.000000
0.142453 0.706074 0.088249 0.050313 0.000160 0.012751 0.000001
0.136725 0.708143 0.090294 0.051408 0.000157 0.013272 0.000001
0.135144 0.707784 0.091510 0.051871 0.000164 0.013527 0.000000
0.138369 0.703544 0.091815 0.052324 0.000170 0.013777 0.000000
0.134407 0.703724 0.093861 0.053413 0.000175 0.014419 0.000001
0.127626 0.706127 0.096254 0.054760 0.000178 0.015054 0.000001
0.118467 0.711705 0.098251 0.055903 0.000192 0.015480 0.000001
0.122703 0.706248 0.098833 0.056151 0.000190 0.015874 0.000001
0.112584 0.710631 0.101989 0.057943 0.000203 0.016649 0.000001
0.112793 0.708808 0.102753 0.058453 0.000205 0.016989 0.000001
0.111790 0.708258 0.103692 0.058831 0.000208 0.017220 0.000001
0.104311 0.711750 0.105791 0.059988 0.000223 0.017936 0.000001
0.102757 0.709582 0.107662 0.061249 0.000232 0.018517 0.000001
0.094249 0.713576 0.110236 0.062599 0.000229 0.019110 0.000001
0.093158 0.712334 0.111366 0.063359 0.000240 0.019541 0.000002
0.096506 0.708167 0.111824 0.063372 0.000251 0.019878 0.000002
0.089327 0.709025 0.115175 0.065298 0.000251 0.020922 0.000002
0.088710 0.708709 0.115577 0.065661 0.000267 0.021074 0.000002
0.083618 0.709560 0.117776 0.067029 0.000275 0.021740 0.000002
0.082443 0.707442 0.119380 0.067983 0.000286 0.022463 0.000001
0.081962 0.705822 0.120517 0.068524 0.000289 0.022885 0.000002
0.075985 0.706631 0.123363 0.070015 0.000294 0.023710 0.000001
0.076793 0.703316 0.124448 0.070883 0.000299 0.024260 0.000001
0.073134 0.703078 0.126682 0.071879 0.000309 0.024916 0.000002
0.073869 0.700209 0.127660 0.072623 0.000306 0.025331 0.000002
0.072291 0.697757 0.129535 0.073791 0.000326 0.026299 0.000002
0.074663 0.694987 0.129706 0.073774 0.000320 0.026548 0.000002
0.070562 0.695260 0.131853 0.074776 0.000328 0.027220 0.000001
0.073189 0.691000 0.132593 0.075297 0.000330 0.027590 0.000001
0.069102 0.690149 0.134874 0.076917 0.000340 0.028617 0.000001
0.066434 0.689985 0.136489 0.077436 0.000344 0.029309 0.000002
0.067101 0.688395 0.136902 0.077820 0.000340 0.029440 0.000002
0.060216 0.688835 0.140545 0.079610 0.000358 0.030433 0.000003
0.063548 0.684475 0.140737 0.079836 0.000357 0.031044 0.000003
0.066339 0.680714 0.140957 0.080175 0.000369 0.031444 0.000003
0.063020 0.680676 0.142652 0.081107 0.000377 0.032165 0.000003
0.063226 0.677419 0.144218 0.081979 0.000377 0.032779 0.000002
0.059742 0.677884 0.145760 0.082754 0.000390 0.033468 0.000002
0.060915 0.673648 0.147094 0.083643 0.000406 0.034293 0.000002
0.065836 0.667907 0.147552 0.083632 0.000394 0.034677 0.000003
0.064038 0.666730 0.148882 0.084552 0.000419 0.035376 0.000002
0.066723 0.662613 0.149330 0.084930 0.000426 0.035975 0.000002
0.068457 0.658833 0.150246 0.085502 0.000425 0.036533 0.000003
0.066932 0.657643 0.151677 0.086141 0.000459 0.037147 0.000002
0.069731 0.653319 0.152103 0.086726 0.000454 0.037663 0.000003
0.069089 0.652733 0.152655 0.086958 0.000456 0.038107 0.000002
0.065419 0.651242 0.155216 0.088320 0.000453 0.039349 0.000002
0.064178 0.650611 0.156060 0.088823 0.000481 0.039844 0.000002
0.066855 0.646428 0.156732 0.089160 0.000458 0.040365 0.000003
0.067441 0.643074 0.157963 0.089814 0.000487 0.041219 0.000003
0.066642 0.642618 0.158386 0.090144 0.000489 0.041719 0.000002
0.067332 0.641740 0.158504 0.090092 0.000491 0.041838 0.000003
0.066772 0.639022 0.159788 0.091035 0.000503 0.042877 0.000004
0.063485 0.638579 0.161719 0.092014 0.000506 0.043694 0.000003
0.064555 0.636099 0.162073 0.092476 0.000508 0.044285 0.000004
0.059637 0.636764 0.164133 0.093660 0.000519 0.045283 0.000004
0.060068 0.635433 0.164754 0.093558 0.000550 0.045635 0.000002
0.057970 0.635979 0.165230 0.094050 0.000540 0.046228 0.000003
0.055342 0.634643 0.167239 0.094988 0.000546 0.047240 0.000003
0.049875 0.633926 0.170209 0.096744 0.000572 0.048672 0.000003
0.048599 0.633202 0.171035 0.097271 0.000576 0.049315 0.000002
0.045517 0.632075 0.173120 0.098363 0.000576 0.050344 0.000004
0.043957 0.630885 0.174490 0.099032 0.000587 0.051046 0.000003
0.041162 0.630069 0.175924 0.100115 0.000593 0.052134 0.000004
0.040601 0.627757 0.177226 0.100768 0.000612 0.053032 0.000004
0.039779 0.627100 0.177688 0.101086 0.000625 0.053717 0.000005
0.036168 0.625783 0.180282 0.102319 0.000634 0.054809 0.000005
0.034697 0.625185 0.181291 0.102738 0.000638 0.055447 0.000004
0.040681 0.619444 0.180663 0.102709 0.000633 0.055867 0.000003
0.039077 0.617329 0.182479 0.103591 0.000649 0.056871 0.000006
0.036892 0.614883 0.184738 0.104716 0.000652 0.058113 0.000006
0.038779 0.612122 0.184635 0.104954 0.000663 0.058840 0.000007
0.042404 0.607593 0.184991 0.105189 0.000663 0.059155 0.000005
0.041036 0.609902 0.184284 0.104800 0.000664 0.059306 0.000008
0.036888 0.607389 0.187346 0.106626 0.000695 0.061050 0.000007
0.038677 0.603725 0.187939 0.106918 0.000698 0.062038 0.000006
0.036935 0.601811 0.189648 0.107849 0.000714 0.063038 0.000006
0.036781 0.599176 0.190804 0.108512 0.000712 0.064008 0.000007
0.035127 0.599514 0.191251 0.108856 0.000721 0.064522 0.000009
0.031416 0.599054 0.193283 0.109880 0.000751 0.065607 0.000008
0.035648 0.595019 0.192868 0.109672 0.000736 0.066051 0.000005
0.034064 0.594308 0.193942 0.110294 0.000758 0.066626 0.000007
0.031589 0.592847 0.195784 0.111030 0.000748 0.067993 0.000009
0.030697 0.591026 0.196948 0.111899 0.000764 0.068660 0.000007
0.030295 0.587807 0.198392 0.112684 0.000787 0.070026 0.000008
0.028581 0.588664 0.198535 0.112795 0.000806 0.070611 0.000007
0.028204 0.586970 0.199365 0.113323 0.000811 0.071319 0.000007
0.027410 0.583723 0.201067 0.114372 0.000838 0.072581 0.000009
0.026517 0.581429 0.202457 0.114895 0.000848 0.073849 0.000006
0.024869 0.580291 0.203600 0.115578 0.000820 0.074834 0.000008
0.022509 0.576863 0.205769 0.117267 0.000888 0.076693 0.000011
0.023384 0.577455 0.205301 0.116589 0.000863 0.076398 0.000010
0.023088 0.574197 0.206611 0.117466 0.000890 0.077739 0.000009
0.022278 0.572091 0.207829 0.118039 0.000918 0.078838 0.000008
0.021236 0.571028 0.208760 0.118655 0.000904 0.079408 0.000009
0.021559 0.568742 0.209344 0.119062 0.000919 0.080365 0.000008
0.020570 0.566787 0.210486 0.119613 0.000939 0.081596 0.000008
0.020730 0.564641 0.211085 0.120211 0.000934 0.082390 0.000009
0.019875 0.563164 0.212111 0.120668 0.000953 0.083222 0.000009
0.020172 0.559285 0.213307 0.121465 0.000971 0.084791 0.000010
0.019181 0.558199 0.214277 0.121863 0.000965 0.085504 0.000011
0.018883 0.556385 0.215115 0.122411 0.000998 0.086197 0.000011
0.018459 0.553599 0.216463 0.123036 0.001032 0.087400 0.000011
0.018666 0.553064 0.216260 0.123168 0.001010 0.087821 0.000012
0.018411 0.549985 0.217511 0.123987 0.001033 0.089063 0.000010
0.018291 0.548673 0.218128 0.123974 0.001024 0.089900 0.000011
0.017782 0.546010 0.219491 0.124635 0.001046 0.091025 0.000011
0.017895 0.544671 0.219546 0.124971 0.001055 0.091850 0.000011
0.017695 0.543060 0.220063 0.125364 0.001061 0.092744 0.000013
0.016958 0.539051 0.222039 0.126316 0.001073 0.094552 0.000011
0.017140 0.537797 0.222385 0.126356 0.001108 0.095204 0.000011
0.016789 0.536544 0.223406 0.126668 0.001088 0.095493 0.000013
0.016614 0.534348 0.224137 0.127146 0.001113 0.096630 0.000012
0.016455 0.532663 0.224518 0.127712 0.001136 0.097507 0.000010
0.021701 0.527232 0.224076 0.127240 0.001138 0.098601 0.000012
0.025551 0.523116 0.223904 0.127246 0.001159 0.099012 0.000011
0.023626 0.522919 0.224810 0.127675 0.001137 0.099819 0.000014
0.027480 0.520054 0.223882 0.127542 0.001130 0.099901 0.000012
0.029162 0.517058 0.224154 0.127414 0.001152 0.101048 0.000013
0.028226 0.515401 0.225221 0.127883 0.001154 0.102104 0.000012
0.029174 0.512921 0.225310 0.128153 0.001160 0.103268 0.000013
0.026018 0.511787 0.227349 0.129026 0.001160 0.104645 0.000015
0.030510 0.509585 0.225853 0.128248 0.001182 0.104608 0.000013
0.024954 0.510482 0.227764 0.129378 0.001209 0.106201 0.000013
0.026966 0.506233 0.228599 0.129935 0.001217 0.107038 0.000012
0.027523 0.505549 0.228077 0.129988 0.001214 0.107636 0.000012
0.026637 0.505200 0.228623 0.130010 0.001239 0.108281 0.000011
0.023567 0.503653 0.230390 0.131079 0.001245 0.110055 0.000012
0.024889 0.502701 0.230135 0.130596 0.001267 0.110401 0.000011
0.024517 0.500348 0.230663 0.131196 0.001272 0.111989 0.000014
0.023610 0.498560 0.231987 0.131692 0.001271 0.112864 0.000015
0.021029 0.496097 0.233690 0.133010 0.001305 0.114855 0.000014
0.021636 0.495371 0.233403 0.132723 0.001318 0.115535 0.000014
0.021381 0.495122 0.233832 0.132738 0.001305 0.115607 0.000014
0.020166 0.492213 0.235040 0.133721 0.001325 0.117522 0.000012
0.018377 0.491362 0.236182 0.134163 0.001350 0.118551 0.000015
0.018180 0.489645 0.236657 0.134609 0.001348 0.119547 0.000014
0.018370 0.487870 0.237142 0.134558 0.001372 0.120673 0.000015
0.019169 0.486473 0.236975 0.134590 0.001403 0.121375 0.000015
0.018379 0.485235 0.237554 0.135145 0.001363 0.122310 0.000014
0.017440 0.482591 0.238924 0.135882 0.001398 0.123750 0.000015
0.017377 0.482986 0.238633 0.135625 0.001409 0.123956 0.000014
0.017659 0.481680 0.238879 0.135639 0.001405 0.124719 0.000018
0.015199 0.477993 0.241343 0.137213 0.001446 0.126788 0.000018
0.015476 0.477100 0.240913 0.137269 0.001454 0.127773 0.000016
0.018175 0.473377 0.240944 0.137270 0.001467 0.128750 0.000015
0.023723 0.469642 0.239959 0.136714 0.001463 0.128479 0.000021
0.024870 0.466409 0.240594 0.136772 0.001488 0.129848 0.000019
0.026723 0.464036 0.240313 0.136976 0.001491 0.130445 0.000017
0.024927 0.463808 0.240903 0.137236 0.001498 0.131611 0.000018
0.028467 0.461551 0.239901 0.136777 0.001485 0.131801 0.000018
0.027504 0.459540 0.240834 0.137375 0.001515 0.133213 0.000018
0.026557 0.458621 0.241481 0.137594 0.001539 0.134190 0.000018
0.028135 0.456165 0.241578 0.137441 0.001539 0.135123 0.000020
0.025570 0.457245 0.242115 0.137801 0.001525 0.135727 0.000017
0.027701 0.455868 0.241235 0.137325 0.001525 0.136326 0.000020
0.026356 0.454927 0.241833 0.137800 0.001550 0.137513 0.000021
0.022198 0.454277 0.243822 0.138786 0.001566 0.139334 0.000016
0.024654 0.451222 0.243558 0.138684 0.001601 0.140264 0.000018
0.023543 0.451067 0.243683 0.138951 0.001586 0.141148 0.000022
0.022145 0.449660 0.244938 0.139495 0.001601 0.142145 0.000016
0.022678 0.449117 0.244407 0.139275 0.001603 0.142902 0.000017
0.021837 0.445729 0.245529 0.140391 0.001659 0.144834 0.000020
0.021442 0.445844 0.245916 0.140151 0.001633 0.144994 0.000021
0.018681 0.444406 0.247149 0.140940 0.001652 0.147151 0.000021
0.018251 0.442165 0.248075 0.141554 0.001684 0.148250 0.000020
0.018833 0.441705 0.247675 0.141107 0.001692 0.148971 0.000018
0.017225 0.439715 0.249383 0.141689 0.001704 0.150262 0.000021
0.017234 0.438459 0.249461 0.141890 0.001701 0.151236 0.000019
0.016085 0.436793 0.250092 0.142534 0.001702 0.152774 0.000020
0.015196 0.435046 0.251200 0.142842 0.001752 0.153943 0.000021
0.015061 0.434016 0.251316 0.142973 0.001727 0.154889 0.000018
0.015134 0.433429 0.251358 0.143071 0.001756 0.155229 0.000023
0.015478 0.431386 0.251307 0.143411 0.001765 0.156635 0.000019
0.014959 0.428752 0.252396 0.143582 0.001769 0.158522 0.000021
0.014573 0.427914 0.252705 0.143794 0.001766 0.159227 0.000020
0.014701 0.426670 0.252704 0.144015 0.001772 0.160119 0.000019
0.014035 0.424419 0.253632 0.144672 0.001788 0.161432 0.000021
0.013687 0.421243 0.254947 0.145038 0.001781 0.163284 0.000020
0.014157 0.422158 0.254083 0.144614 0.001789 0.163178 0.000020
0.013777 0.420650 0.255164 0.144831 0.001809 0.163749 0.000020
0.013782 0.417456 0.255551 0.145053 0.001847 0.166290 0.000021
0.013109 0.415636 0.256110 0.145788 0.001851 0.167484 0.000020
0.013318 0.415186 0.255941 0.145671 0.001844 0.168020 0.000021
0.012809 0.411824 0.257229 0.146478 0.001855 0.169781 0.000024
0.012914 0.411468 0.257234 0.146277 0.001863 0.170224 0.000019
0.012937 0.410299 0.257128 0.146412 0.001896 0.171301 0.000027
0.013107 0.409360 0.257374 0.146156 0.001886 0.172092 0.000025
0.012963 0.407704 0.257641 0.146536 0.001886 0.173249 0.000021
0.012757 0.405561 0.258330 0.146882 0.001933 0.174514 0.000024
0.012814 0.403959 0.258623 0.146840 0.001901 0.175842 0.000022
0.012550 0.402562 0.258767 0.147181 0.001961 0.176959 0.000020
0.012550 0.399612 0.259544 0.147602 0.001942 0.178728 0.000022
0.012353 0.398279 0.260195 0.147532 0.001967 0.179648 0.000026
0.012262 0.396280 0.260571 0.147938 0.001950 0.180972 0.000026
0.012625 0.397788 0.259492 0.147666 0.001982 0.180422 0.000025
0.012309 0.394025 0.260735 0.148186 0.001996 0.182727 0.000022
0.012322 0.393855 0.260895 0.148064 0.002015 0.182825 0.000023
0.012225 0.390962 0.261393 0.148532 0.002021 0.184843 0.000023
0.012323 0.391963 0.260742 0.148195 0.002009 0.184748 0.000021
0.012116 0.389592 0.261275 0.148761 0.002033 0.186198 0.000024
0.012121 0.385815 0.262396 0.148860 0.002099 0.188684 0.000024
0.012187 0.386649 0.261706 0.148900 0.002053 0.188481 0.000024
0.012029 0.383580 0.262361 0.148973 0.002104 0.190929 0.000025
0.012068 0.382293 0.262603 0.149279 0.002085 0.191646 0.000026
0.012090 0.381660 0.262683 0.149141 0.002108 0.192295 0.000024
0.012039 0.380561 0.262623 0.149332 0.002118 0.193302 0.000025
0.012069 0.380680 0.262889 0.149061 0.002143 0.193126 0.000032
0.011952 0.377159 0.263629 0.149583 0.002157 0.195493 0.000027
0.012023 0.374554 0.263662 0.150075 0.002169 0.197488 0.000028
0.011958 0.375558 0.263368 0.149814 0.002122 0.197153 0.000026
0.011973 0.373882 0.263320 0.149780 0.002169 0.198849 0.000028
0.011771 0.370167 0.264602 0.150546 0.002183 0.200701 0.000030
0.011913 0.371439 0.263966 0.150314 0.002148 0.200187 0.000033
0.011928 0.369826 0.264353 0.150209 0.002203 0.201455 0.000027
0.012042 0.369320 0.263923 0.150252 0.002200 0.202231 0.000032
0.011863 0.365091 0.265028 0.150838 0.002223 0.204926 0.000031
0.011981 0.365693 0.264678 0.150565 0.002210 0.204839 0.000033
0.011978 0.365206 0.264677 0.150364 0.002258 0.205483 0.000034
0.011763 0.362269 0.265613 0.151035 0.002257 0.207036 0.000028
0.011752 0.360582 0.265784 0.151055 0.002250 0.208542 0.000035
0.011806 0.359095 0.266253 0.151090 0.002242 0.209480 0.000035
0.012022 0.358100 0.265505 0.150939 0.002268 0.211131 0.000035
0.012030 0.357622 0.265811 0.151096 0.002271 0.211132 0.000038
0.011973 0.355621 0.266048 0.151330 0.002309 0.212680 0.000038
0.011762 0.355483 0.265937 0.151183 0.002340 0.213259 0.000037
0.011738 0.354982 0.265900 0.151133 0.002322 0.213889 0.000036
0.011948 0.353431 0.265803 0.151174 0.002306 0.215296 0.000042
0.011799 0.349112 0.266903 0.151731 0.002339 0.218076 0.000040
0.011843 0.349965 0.266438 0.151627 0.002306 0.217785 0.000036
0.011741 0.348937 0.266509 0.151476 0.002353 0.218952 0.000032
0.011738 0.346528 0.267178 0.151511 0.002364 0.220642 0.000039
0.011763 0.344900 0.267036 0.151935 0.002340 0.221985 0.000042
0.011747 0.344290 0.267151 0.151885 0.002345 0.222543 0.000039
0.011915 0.343652 0.266929 0.151766 0.002367 0.223330 0.000042
0.011991 0.343434 0.266794 0.151810 0.002356 0.223579 0.000037
0.011931 0.341570 0.266965 0.151805 0.002394 0.225289 0.000046
0.011896 0.341954 0.266753 0.151588 0.002406 0.225360 0.000043
0.011960 0.339272 0.267031 0.151907 0.002440 0.227353 0.000037
0.011753 0.337345 0.267302 0.151988 0.002435 0.229134 0.000041
0.011793 0.335991 0.267759 0.151831 0.002433 0.230153 0.000041
0.011881 0.336509 0.267398 0.151744 0.002433 0.229993 0.000042
0.011761 0.333798 0.267853 0.152036 0.002499 0.232015 0.000038
0.011843 0.334066 0.267693 0.151642 0.002478 0.232240 0.000037
0.011845 0.330996 0.268387 0.152105 0.002519 0.234108 0.000039
0.011811 0.331636 0.267078 0.152064 0.002519 0.234847 0.000045
0.011788 0.328879 0.268104 0.152191 0.002502 0.236499 0.000038
0.011770 0.329158 0.268148 0.151871 0.002514 0.236495 0.000043
0.011807 0.327427 0.268208 0.152381 0.002496 0.237641 0.000041
0.011811 0.325385 0.268324 0.152184 0.002551 0.239698 0.000046
0.011854 0.325641 0.267913 0.151980 0.002567 0.240007 0.000039
0.011848 0.324360 0.268149 0.152067 0.002573 0.240962 0.000041
0.011924 0.321969 0.267977 0.152185 0.002548 0.243350 0.000046
0.011942 0.321318 0.268121 0.152112 0.002570 0.243892 0.000045
0.011944 0.320775 0.268521 0.151904 0.002548 0.244258 0.000050
0.011809 0.319252 0.268365 0.152127 0.002585 0.245816 0.000046
0.011812 0.317675 0.268384 0.152241 0.002601 0.247241 0.000047
0.011956 0.316449 0.268397 0.152021 0.002574 0.248556 0.000047
0.011903 0.315669 0.268606 0.152616 0.002673 0.248488 0.000044
0.011970 0.314023 0.268311 0.152505 0.002638 0.250508 0.000045
0.012085 0.313767 0.268189 0.152543 0.002632 0.250733 0.000050
0.012156 0.312283 0.267961 0.152203 0.002706 0.252643 0.000048
0.011986 0.310033 0.268780 0.152461 0.002683 0.254004 0.000053
0.012183 0.310684 0.267932 0.152319 0.002677 0.254150 0.000055
0.012007 0.308366 0.268602 0.152242 0.002707 0.256024 0.000053
0.012119 0.308911 0.268247 0.152334 0.002722 0.255618 0.000050
0.012123 0.306670 0.268401 0.152204 0.002712 0.257835 0.000055
0.012076 0.305115 0.268656 0.152182 0.002738 0.259178 0.000054
0.012213 0.304096 0.268502 0.152079 0.002756 0.260302 0.000053
0.012211 0.303236 0.268665 0.152290 0.002773 0.260773 0.000052
0.012064 0.302031 0.268680 0.152120 0.002784 0.262270 0.000052
0.012316 0.302382 0.268095 0.151960 0.002769 0.262427 0.000051
0.012205 0.299082 0.268669 0.152360 0.002797 0.264834 0.000054
0.012346 0.298991 0.268392 0.152188 0.002794 0.265242 0.000047
0.012400 0.298258 0.268294 0.151950 0.002788 0.266265 0.000045
0.012255 0.296137 0.268933 0.152337 0.002846 0.267444 0.000047
0.012256 0.297373 0.268075 0.152049 0.002819 0.267377 0.000050
0.012547 0.295604 0.267928 0.151981 0.002792 0.269092 0.000055
0.012119 0.293853 0.268321 0.151837 0.002857 0.270962 0.000051
0.012416 0.291754 0.268196 0.152240 0.002858 0.272483 0.000052
0.012505 0.292781 0.268087 0.151825 0.002827 0.271924 0.000050
0.012248 0.291449 0.268096 0.152180 0.002860 0.273109 0.000059
0.012349 0.289329 0.268500 0.152087 0.002903 0.274776 0.000056
0.012532 0.288159 0.268406 0.151992 0.002900 0.275956 0.000055
0.012353 0.288052 0.267810 0.152129 0.002883 0.276715 0.000058
0.012316 0.286094 0.268003 0.151924 0.002939 0.278668 0.000056
0.012476 0.286465 0.267766 0.151847 0.002929 0.278458 0.000058
0.012358 0.284263 0.268015 0.152000 0.002965 0.280343 0.000057
0.012387 0.283836 0.267956 0.151925 0.002956 0.280877 0.000064
0.012550 0.282855 0.267554 0.151990 0.002989 0.282000 0.000061
0.012377 0.281654 0.267597 0.151710 0.002975 0.283628 0.000059
0.012423 0.281131 0.267797 0.151611 0.003004 0.283972 0.000062
0.012735 0.280077 0.267081 0.151817 0.003008 0.285223 0.000060
0.012492 0.278041 0.267643 0.151497 0.003000 0.287267 0.000059
0.012599 0.276835 0.267761 0.151802 0.003020 0.287922 0.000060
0.012581 0.277300 0.267488 0.151721 0.002981 0.287862 0.000067
0.012748 0.275435 0.267205 0.151702 0.003007 0.289844 0.000060
0.012602 0.275088 0.267295 0.151868 0.003013 0.290070 0.000065
0.012743 0.273266 0.267398 0.151757 0.003056 0.291716 0.000065
0.012626 0.272475 0.267400 0.151603 0.003040 0.292792 0.000064
0.012821 0.271944 0.266995 0.151747 0.003084 0.293349 0.000061
0.012761 0.271556 0.267003 0.151565 0.003103 0.293946 0.000065
0.012594 0.272416 0.266657 0.151443 0.003057 0.293765 0.000068
0.012740 0.270306 0.266648 0.151348 0.003054 0.295834 0.000071
0.012786 0.269657 0.266207 0.151438 0.003085 0.296759 0.000069
0.012907 0.266707 0.266447 0.151104 0.003117 0.299647 0.000071
0.012799 0.267647 0.266419 0.151525 0.003137 0.298402 0.000072
0.012659 0.265364 0.266580 0.151179 0.003181 0.300971 0.000064
0.013087 0.265852 0.266150 0.151069 0.003169 0.300603 0.000069
0.012817 0.264565 0.265720 0.151446 0.003148 0.302239 0.000065
0.012726 0.263136 0.266233 0.151469 0.003171 0.303194 0.000071
0.012883 0.262864 0.265287 0.151098 0.003190 0.304608 0.000072
0.012866 0.261124 0.265498 0.150969 0.003184 0.306283 0.000076
0.013009 0.260684 0.265735 0.150707 0.003205 0.306585 0.000076
0.013049 0.258825 0.266090 0.150589 0.003194 0.308173 0.000079
0.012952 0.259594 0.265024 0.151110 0.003181 0.308067 0.000072
0.012810 0.258685 0.265257 0.150571 0.003198 0.309405 0.000075
0.012891 0.255793 0.265205 0.150412 0.003213 0.312411 0.000075
0.013021 0.255700 0.264754 0.150509 0.003261 0.312681 0.000073
0.013050 0.255847 0.264634 0.150456 0.003257 0.312685 0.000072
0.013084 0.255012 0.265023 0.150225 0.003270 0.313312 0.000075
0.013146 0.252742 0.264664 0.150461 0.003279 0.315624 0.000084
0.013026 0.252954 0.264492 0.150219 0.003322 0.315910 0.000077
0.013169 0.252291 0.264575 0.150025 0.003275 0.316582 0.000083
0.013109 0.251585 0.264107 0.149902 0.003302 0.317915 0.000081
0.013119 0.250113 0.264127 0.150023 0.003356 0.319185 0.000078
0.013273 0.249989 0.263738 0.150204 0.003301 0.319419 0.000076
0.013164 0.248754 0.264209 0.149687 0.003328 0.320777 0.000081
0.013273 0.246614 0.263846 0.149952 0.003360 0.322872 0.000083
0.013219 0.247455 0.263590 0.149671 0.003352 0.322635 0.000079
0.013346 0.245937 0.263158 0.149757 0.003364 0.324354 0.000085
0.013297 0.244557 0.263181 0.149629 0.003356 0.325891 0.000088
0.013324 0.244318 0.262819 0.149649 0.003387 0.326420 0.000085
0.013307 0.244100 0.263241 0.149216 0.003398 0.326651 0.000086
0.013389 0.242906 0.262699 0.149175 0.003397 0.328354 0.000080
0.013085 0.242045 0.262535 0.149283 0.003418 0.329546 0.000088
0.013524 0.241829 0.262638 0.148984 0.003443 0.329494 0.000089
0.013278 0.239928 0.262305 0.148921 0.003416 0.332071 0.000081
0.013627 0.240110 0.262240 0.148835 0.003417 0.331685 0.000085
0.013428 0.239131 0.261800 0.148814 0.003484 0.333252 0.000090
0.013542 0.237696 0.261741 0.148814 0.003410 0.334704 0.000092
0.013616 0.238259 0.261785 0.148570 0.003479 0.334203 0.000088
0.013530 0.236530 0.261774 0.148738 0.003496 0.335836 0.000095
0.013729 0.236153 0.261586 0.148366 0.003468 0.336609 0.000089
0.013597 0.235472 0.261552 0.148377 0.003499 0.337415 0.000088
0.013734 0.234582 0.261209 0.148315 0.003495 0.338571 0.000093
0.013564 0.233917 0.260685 0.148072 0.003533 0.340131 0.000099
0.013803 0.232357 0.260530 0.147938 0.003505 0.341771 0.000095
0.013782 0.231604 0.260829 0.148263 0.003514 0.341916 0.000092
0.013780 0.230907 0.260460 0.147935 0.003567 0.343260 0.000092
0.013842 0.230240 0.260013 0.147883 0.003581 0.344347 0.000093
0.013737 0.229410 0.260126 0.147581 0.003616 0.345430 0.000100
0.013852 0.229405 0.259783 0.147724 0.003545 0.345599 0.000092
0.013739 0.229364 0.259887 0.147586 0.003568 0.345757 0.000099
0.013911 0.227559 0.259911 0.147474 0.003614 0.347436 0.000096
0.013971 0.225817 0.259531 0.147342 0.003582 0.349664 0.000093
0.013780 0.225960 0.259471 0.147313 0.003603 0.349783 0.000089
0.014034 0.225579 0.259019 0.146968 0.003599 0.350707 0.000094
0.013855 0.224800 0.258956 0.146839 0.003617 0.351842 0.000091
0.013971 0.223282 0.258911 0.146844 0.003613 0.353289 0.000091
0.013915 0.222872 0.258441 0.146539 0.003622 0.354523 0.000089
0.013983 0.222115 0.258224 0.146166 0.003656 0.355752 0.000104
0.014099 0.222337 0.257734 0.146429 0.003599 0.355703 0.000098
0.013991 0.221140 0.257958 0.146276 0.003631 0.356901 0.000102
0.014255 0.219966 0.257474 0.146388 0.003679 0.358145 0.000094
0.014112 0.219111 0.257237 0.146417 0.003681 0.359346 0.000095
0.014310 0.218902 0.257631 0.145960 0.003680 0.359414 0.000103
0.014268 0.219331 0.256838 0.145973 0.003693 0.359792 0.000105
0.014324 0.217398 0.256824 0.145434 0.003659 0.362255 0.000105
0.014432 0.216889 0.256588 0.145737 0.003745 0.362500 0.000109
0.014256 0.215910 0.256780 0.145201 0.003734 0.364015 0.000103
0.014261 0.214819 0.255975 0.145546 0.003806 0.365487 0.000105
0.014258 0.214584 0.256103 0.145276 0.003756 0.365918 0.000105
0.014230 0.214823 0.255735 0.145227 0.003737 0.366150 0.000099
0.014416 0.212603 0.255227 0.145052 0.003782 0.368816 0.000106
0.014581 0.211951 0.255278 0.144950 0.003796 0.369333 0.000111
0.014422 0.211778 0.255279 0.144836 0.003779 0.369797 0.000109
0.014507 0.211612 0.254837 0.144695 0.003774 0.370468 0.000106
0.014353 0.211552 0.254518 0.144672 0.003785 0.371019 0.000103
0.014649 0.210266 0.254644 0.144491 0.003767 0.372079 0.000102
0.014633 0.210479 0.254413 0.144050 0.003712 0.372611 0.000101
0.014671 0.208769 0.254359 0.144213 0.003816 0.374073 0.000101
0.014627 0.207032 0.253647 0.144013 0.003859 0.376714 0.000107
0.014464 0.207809 0.253708 0.144285 0.003820 0.375801 0.000113
0.014577 0.206169 0.253355 0.143380 0.003936 0.378473 0.000110
0.014659 0.206058 0.253450 0.143777 0.003912 0.378037 0.000107
0.014784 0.206768 0.253158 0.143785 0.003866 0.377532 0.000107
0.014741 0.203831 0.253125 0.143540 0.003903 0.380757 0.000104
0.014874 0.204450 0.252850 0.143181 0.003892 0.380643 0.000110
0.014837 0.202610 0.252582 0.143209 0.003904 0.382739 0.000119
0.014968 0.202807 0.252029 0.143226 0.003910 0.382948 0.000113
0.014908 0.201726 0.252070 0.142937 0.003937 0.384311 0.000112
0.014978 0.201431 0.251757 0.142892 0.003923 0.384913 0.000106
0.015254 0.200038 0.251290 0.142590 0.003910 0.386804 0.000113
0.014812 0.200459 0.251252 0.142933 0.003892 0.386545 0.000107
0.015178 0.199179 0.251008 0.142443 0.003918 0.388163 0.000111
0.015170 0.199136 0.250803 0.142320 0.003976 0.388473 0.000123
0.015228 0.197603 0.250738 0.142221 0.003930 0.390169 0.000112
0.015241 0.197900 0.250365 0.142102 0.003945 0.390332 0.000115
0.015201 0.196853 0.250160 0.141721 0.003989 0.391952 0.000125
0.015262 0.196368 0.249610 0.141538 0.004035 0.393081 0.000106
0.015183 0.196168 0.249693 0.142018 0.004015 0.392812 0.000110
0.015320 0.195215 0.249192 0.141529 0.004008 0.394619 0.000116
0.015266 0.195058 0.249901 0.141545 0.004006 0.394104 0.000120
0.015350 0.193952 0.249286 0.141416 0.003968 0.395913 0.000114
0.015617 0.192907 0.248700 0.141100 0.004010 0.397545 0.000120
0.015365 0.193032 0.248525 0.141124 0.004035 0.397798 0.000120
0.015377 0.191762 0.248418 0.140870 0.004043 0.399411 0.000120
0.015826 0.191684 0.248138 0.140846 0.004049 0.399336 0.000121
0.015847 0.191440 0.247999 0.140958 0.004062 0.399566 0.000127
0.015687 0.190948 0.247973 0.140518 0.003998 0.400759 0.000118
0.015757 0.189853 0.247755 0.140209 0.004026 0.402279 0.000121
0.015658 0.189343 0.247631 0.140221 0.004035 0.402986 0.000125
0.015633 0.189443 0.247435 0.140115 0.004023 0.403238 0.000115
0.015666 0.188669 0.246783 0.140127 0.004058 0.404563 0.000133
0.015900 0.186899 0.246569 0.139905 0.004011 0.406589 0.000128
0.015771 0.187298 0.246553 0.139635 0.004056 0.406562 0.000124
0.015793 0.186100 0.246139 0.139566 0.004079 0.408191 0.000132
0.016048 0.186243 0.245887 0.139393 0.004053 0.408244 0.000133
0.016095 0.185578 0.245680 0.139480 0.004122 0.408916 0.000128
0.015955 0.185227 0.245392 0.139255 0.004117 0.409912 0.000142
0.015735 0.184797 0.245585 0.139203 0.004136 0.410413 0.000132
0.016115 0.184462 0.245113 0.138965 0.004108 0.411105 0.000132
0.015959 0.183212 0.244792 0.139119 0.004139 0.412651 0.000128
0.016069 0.182903 0.244750 0.138813 0.004161 0.413168 0.000135
0.016238 0.181866 0.244499 0.138325 0.004118 0.414820 0.000134
0.016269 0.182052 0.244311 0.138513 0.004137 0.414588 0.000129
0.016280 0.181822 0.244329 0.138403 0.004158 0.414879 0.000129
0.016374 0.180592 0.243616 0.138062 0.004222 0.416995 0.000139
0.016431 0.180930 0.243290 0.137889 0.004126 0.417194 0.000140
0.016439 0.178860 0.243161 0.137768 0.004168 0.419465 0.000138
0.016362 0.179154 0.243171 0.137974 0.004186 0.419013 0.000140
0.016478 0.178571 0.242678 0.137396 0.004203 0.420546 0.000129
0.016580 0.177910 0.242618 0.137124 0.004273 0.421370 0.000125
0.016445 0.178130 0.242690 0.137318 0.004265 0.421013 0.000138
0.016537 0.177215 0.241845 0.136961 0.004256 0.423052 0.000134
0.016587 0.176428 0.241757 0.136930 0.004244 0.423909 0.000145
0.016459 0.176270 0.241682 0.136696 0.004283 0.424474 0.000137
0.016773 0.175500 0.241245 0.136812 0.004306 0.425213 0.000151
0.016765 0.174863 0.240744 0.136689 0.004299 0.426498 0.000143
0.016842 0.175074 0.240923 0.136638 0.004221 0.426157 0.000144
0.016653 0.173576 0.240518 0.136496 0.004288 0.428329 0.000140
0.016743 0.172774 0.240210 0.135998 0.004294 0.429841 0.000140
0.016740 0.172810 0.239898 0.136147 0.004300 0.429958 0.000147
0.016950 0.172440 0.239496 0.135844 0.004366 0.430760 0.000144
0.016804 0.172105 0.239808 0.136061 0.004270 0.430813 0.000139
0.016853 0.171674 0.238969 0.135612 0.004315 0.432438 0.000138
0.016938 0.170440 0.238615 0.135586 0.004317 0.433955 0.000149
0.016768 0.170783 0.238520 0.135523 0.004294 0.433971 0.000140
0.016816 0.169687 0.238396 0.135062 0.004317 0.435575 0.000148
0.017007 0.169281 0.237862 0.134576 0.004371 0.436761 0.000142
0.017100 0.169224 0.237762 0.135005 0.004337 0.436418 0.000154
0.016977 0.168806 0.237697 0.134743 0.004334 0.437292 0.000151
0.017265 0.168117 0.237015 0.134550 0.004398 0.438512 0.000144
0.017129 0.167105 0.236954 0.134322 0.004347 0.439998 0.000144
0.016919 0.167375 0.236795 0.134284 0.004399 0.440082 0.000146
0.017080 0.166626 0.236216 0.134026 0.004397 0.441501 0.000154
0.017180 0.166376 0.235745 0.133873 0.004395 0.442285 0.000146
0.017075 0.165580 0.235929 0.133535 0.004412 0.443317 0.000154
0.017119 0.165567 0.235094 0.133619 0.004443 0.444016 0.000142
0.017182 0.165193 0.235266 0.133439 0.004382 0.444390 0.000149
0.017290 0.163895 0.234960 0.132983 0.004496 0.446219 0.000157
0.017361 0.163748 0.234535 0.133007 0.004461 0.446736 0.000152
0.017210 0.163578 0.234325 0.133140 0.004474 0.447117 0.000156
0.017437 0.163059 0.234198 0.132608 0.004464 0.448076 0.000157
0.017497 0.162099 0.233908 0.132476 0.004509 0.449357 0.000154
0.017542 0.161789 0.233660 0.132281 0.004433 0.450137 0.000157
0.017358 0.162256 0.233637 0.132211 0.004492 0.449886 0.000160
0.017583 0.161273 0.232981 0.132211 0.004456 0.451339 0.000157
0.017686 0.160761 0.232762 0.131933 0.004510 0.452197 0.000151
0.017638 0.160773 0.232508 0.131995 0.004484 0.452449 0.000154
0.017723 0.160308 0.232651 0.131595 0.004457 0.453111 0.000156
0.017702 0.159836 0.232388 0.131609 0.004490 0.453818 0.000156
0.017827 0.159460 0.232183 0.131616 0.004501 0.454248 0.000165
0.017639 0.158791 0.231873 0.131336 0.004491 0.455713 0.000156
0.017866 0.158315 0.231180 0.131143 0.004525 0.456814 0.000156
0.017973 0.157554 0.230739 0.130658 0.004511 0.458411 0.000152
0.018011 0.157337 0.230752 0.130478 0.004517 0.458752 0.000153
0.018033 0.156980 0.230322 0.130626 0.004549 0.459336 0.000153
0.018027 0.156790 0.229944 0.130455 0.004530 0.460101 0.000153
0.018041 0.155571 0.229517 0.130313 0.004500 0.461890 0.000168
0.018031 0.155934 0.229561 0.130150 0.004514 0.461650 0.000160
0.018309 0.155661 0.228838 0.130206 0.004532 0.462290 0.000163
0.018266 0.155098 0.229181 0.129601 0.004517 0.463168 0.000169
0.018081 0.154539 0.228774 0.129613 0.004543 0.464278 0.000171
0.017993 0.154424 0.228762 0.129560 0.004478 0.464617 0.000166
0.018369 0.153654 0.228221 0.129314 0.004609 0.465667 0.000166
0.018217 0.153932 0.228525 0.129355 0.004571 0.465234 0.000165
0.018403 0.152698 0.227935 0.129187 0.004578 0.467028 0.000171
0.018355 0.152311 0.227120 0.128644 0.004612 0.468788 0.000168
0.018326 0.151811 0.227401 0.128943 0.004527 0.468830 0.000162
0.018620 0.151784 0.226923 0.128636 0.004595 0.469278 0.000165
0.018335 0.151323 0.226711 0.128798 0.004577 0.470086 0.000170
0.018631 0.150586 0.226483 0.128593 0.004573 0.470961 0.000173
0.018432 0.151145 0.226792 0.128368 0.004586 0.470512 0.000165
0.018424 0.149810 0.226026 0.127746 0.004610 0.473210 0.000174
0.018782 0.149807 0.225584 0.127500 0.004642 0.473521 0.000164
0.018638 0.149078 0.225473 0.127920 0.004627 0.474087 0.000178
0.018765 0.148659 0.225148 0.127364 0.004622 0.475274 0.000168
0.018895 0.148670 0.225181 0.127144 0.004620 0.475320 0.000170
0.019101 0.147804 0.224265 0.126818 0.004628 0.477216 0.000167
0.018866 0.147988 0.224600 0.127080 0.004668 0.476620 0.000178
0.019132 0.147520 0.224073 0.126631 0.004623 0.477846 0.000175
0.019005 0.147736 0.224099 0.126941 0.004640 0.477409 0.000171
0.019044 0.146476 0.223388 0.126256 0.004684 0.479979 0.000172
0.019269 0.146425 0.223368 0.126326 0.004621 0.479815 0.000176
0.019084 0.145379 0.223106 0.125932 0.004675 0.481648 0.000175
0.019226 0.145357 0.222418 0.125775 0.004735 0.482304 0.000185
0.019325 0.145387 0.222404 0.125754 0.004731 0.482229 0.000171
0.019223 0.144999 0.222387 0.125660 0.004657 0.482892 0.000182
0.019419 0.144446 0.221954 0.125652 0.004641 0.483695 0.000191
0.019293 0.144809 0.221868 0.125462 0.004720 0.483673 0.000175
0.019445 0.143946 0.221224 0.125231 0.004710 0.485261 0.000183
0.019534 0.143264 0.220807 0.124975 0.004762 0.486465 0.000192
0.019304 0.143139 0.220756 0.125108 0.004682 0.486828 0.000182
0.019429 0.142288 0.219995 0.124509 0.004693 0.488887 0.000198
0.019614 0.142600 0.220521 0.124547 0.004700 0.487822 0.000195
0.019548 0.141917 0.219651 0.124529 0.004742 0.489435 0.000178
0.019351 0.141805 0.219410 0.124370 0.004674 0.490197 0.000193
0.019621 0.141281 0.219320 0.123959 0.004748 0.490867 0.000205
0.019453 0.141160 0.219471 0.124125 0.004733 0.490860 0.000198
