0.999092 0.000892 0.000013 0.000003 0.000000 0.000000 0.000000
0.998646 0.001326 0.000017 0.000005 0.000001 0.000005 0.000000
0.998205 0.001752 0.000026 0.000011 0.000000 0.000006 0.000000
0.997725 0.002215 0.000034 0.000020 0.000000 0.000006 0.000000
0.997196 0.002729 0.000048 0.000021 0.000000 0.000006 0.000000
0.996684 0.003237 0.000052 0.000021 0.000000 0.000006 0.000000
0.996011 0.003909 0.000053 0.000022 0.000000 0.000005 0.000000
0.995245 0.004662 0.000058 0.000026 0.000000 0.000008 0.000000
0.994420 0.005479 0.000061 0.000030 0.000000 0.000010 0.000000
0.993492 0.006396 0.000074 0.000030 0.000000 0.000008 0.000000
0.991983 0.007876 0.000105 0.000029 0.000000 0.000007 0.000000
0.990307 0.009534 0.000118 0.000034 0.000000 0.000008 0.000000
0.987991 0.011822 0.000138 0.000041 0.000000 0.000009 0.000000
0.985859 0.013877 0.000180 0.000071 0.000000 0.000012 0.000000
0.982320 0.017354 0.000229 0.000087 0.000000 0.000009 0.000000
0.979604 0.020019 0.000256 0.000114 0.000000 0.000006 0.000000
0.975692 0.023873 0.000298 0.000127 0.000000 0.000011 0.000000
0.970363 0.029077 0.000352 0.000199 0.000000 0.000008 0.000000
0.965731 0.033579 0.000414 0.000265 0.000000 0.000010 0.000000
0.959389 0.039815 0.000478 0.000307 0.000000 0.000010 0.000000
0.954221 0.044874 0.000553 0.000341 0.000000 0.000011 0.000000
0.945503 0.053389 0.000681 0.000410 0.000000 0.000016 0.000000
0.938284 0.060408 0.000818 0.000473 0.000000 0.000018 0.000000
0.929902 0.068613 0.000920 0.000547 0.000000 0.000018 0.000000
0.918411 0.079854 0.001083 0.000632 0.000000 0.000019 0.000000
0.908190 0.089717 0.001312 0.000754 0.000000 0.000027 0.000000
0.899670 0.097988 0.001446 0.000860 0.000000 0.000036 0.000000
0.887269 0.110027 0.001668 0.000998 0.000000 0.000038 0.000000
0.875483 0.121401 0.001949 0.001125 0.000001 0.000042 0.000000
0.862817 0.133704 0.002185 0.001242 0.000001 0.000052 0.000000
0.850099 0.146060 0.002417 0.001369 0.000000 0.000054 0.000000
0.838329 0.157379 0.002702 0.001534 0.000001 0.000055 0.000000
0.823240 0.171946 0.003020 0.001732 0.000001 0.000061 0.000000
0.809218 0.185494 0.003315 0.001905 0.000001 0.000068 0.000000
0.794119 0.199989 0.003676 0.002138 0.000000 0.000078 0.000000
0.783188 0.210495 0.003943 0.002290 0.000001 0.000083 0.000000
0.768553 0.224516 0.004318 0.002519 0.000001 0.000093 0.000000
0.753161 0.239174 0.004775 0.002792 0.000001 0.000098 0.000000
0.741385 0.250343 0.005156 0.003007 0.000001 0.000108 0.000000
0.726885 0.264148 0.005625 0.003216 0.000001 0.000125 0.000000
0.709641 0.280509 0.006170 0.003524 0.000001 0.000156 0.000000
0.698792 0.290845 0.006539 0.003647 0.000001 0.000176 0.000000
0.683901 0.304885 0.007037 0.003974 0.000003 0.000200 0.000000
0.669336 0.318603 0.007562 0.004274 0.000006 0.000220 0.000000
0.656913 0.330210 0.008087 0.004542 0.000007 0.000241 0.000000
0.645091 0.341273 0.008545 0.004812 0.000007 0.000272 0.000000
0.632292 0.353148 0.009145 0.005110 0.000007 0.000299 0.000000
0.618730 0.365789 0.009752 0.005400 0.000006 0.000322 0.000000
0.604986 0.378614 0.010311 0.005725 0.000007 0.000358 0.000000
0.592842 0.389720 0.010933 0.006102 0.000008 0.000394 0.000000
0.581581 0.400053 0.011515 0.006426 0.000007 0.000419 0.000000
0.568510 0.411922 0.012241 0.006865 0.000008 0.000454 0.000000
0.555927 0.423383 0.012944 0.007257 0.000008 0.000482 0.000000
0.545519 0.432809 0.013527 0.007619 0.000008 0.000519 0.000000
0.534200 0.442988 0.014235 0.008000 0.000007 0.000569 0.000000
0.519787 0.456107 0.015022 0.008458 0.000008 0.000618 0.000000
0.509606 0.465217 0.015719 0.008786 0.000008 0.000664 0.000000
0.500323 0.473523 0.016325 0.009123 0.000010 0.000696 0.000000
0.486236 0.486113 0.017235 0.009635 0.000012 0.000769 0.000000
0.475865 0.495307 0.017941 0.010029 0.000012 0.000847 0.000000
0.463513 0.506337 0.018754 0.010476 0.000011 0.000908 0.000000
0.454156 0.514374 0.019571 0.010899 0.000013 0.000987 0.000000
0.442747 0.524305 0.020525 0.011355 0.000013 0.001055 0.000000
0.430262 0.535098 0.021549 0.011955 0.000013 0.001124 0.000000
0.418924 0.544890 0.022444 0.012504 0.000015 0.001223 0.000000
0.408531 0.553624 0.023405 0.013105 0.000015 0.001321 0.000000
0.400975 0.560038 0.024081 0.013507 0.000018 0.001382 0.000000
0.387683 0.571007 0.025471 0.014316 0.000019 0.001504 0.000000
0.380432 0.576948 0.026209 0.014803 0.000018 0.001590 0.000000
0.372930 0.582829 0.027207 0.015329 0.000019 0.001686 0.000000
0.362894 0.590939 0.028370 0.015973 0.000019 0.001804 0.000000
0.352297 0.599471 0.029644 0.016645 0.000021 0.001922 0.000000
0.346730 0.603603 0.030479 0.017145 0.000022 0.002021 0.000000
0.341027 0.608035 0.031207 0.017601 0.000022 0.002108 0.000000
0.333823 0.613595 0.032210 0.018154 0.000021 0.002197 0.000000
0.324780 0.620194 0.033644 0.018995 0.000024 0.002364 0.000000
0.312708 0.629930 0.035076 0.019769 0.000025 0.002492 0.000000
0.305500 0.635010 0.036346 0.020469 0.000028 0.002648 0.000000
0.300262 0.638195 0.037596 0.021137 0.000030 0.002779 0.000000
0.296280 0.640589 0.038529 0.021696 0.000032 0.002874 0.000000
0.286000 0.648560 0.039857 0.022489 0.000033 0.003061 0.000000
0.283673 0.649536 0.040656 0.022906 0.000032 0.003196 0.000000
0.278918 0.652072 0.041960 0.023635 0.000035 0.003380 0.000000
0.267208 0.660526 0.043851 0.024745 0.000036 0.003633 0.000000
0.264084 0.662772 0.044368 0.025013 0.000040 0.003724 0.000000
0.253075 0.670070 0.046598 0.026227 0.000045 0.003985 0.000000
0.253342 0.668661 0.047290 0.026563 0.000043 0.004100 0.000000
0.245019 0.674544 0.048676 0.027382 0.000050 0.004329 0.000000
0.235722 0.680918 0.050412 0.028309 0.000053 0.004585 0.000000
0.232446 0.682543 0.051346 0.028870 0.000050 0.004746 0.000000
0.221952 0.689505 0.053376 0.030086 0.000057 0.005024 0.000000
0.218225 0.690754 0.054793 0.030888 0.000061 0.005279 0.000000
0.215044 0.692408 0.055658 0.031386 0.000066 0.005437 0.000000
0.205404 0.698225 0.057837 0.032661 0.000068 0.005804 0.000000
0.197794 0.702730 0.059474 0.033836 0.000073 0.006092 0.000001
0.195601 0.702985 0.060700 0.034396 0.000076 0.006242 0.000001
0.192412 0.704002 0.061823 0.035132 0.000081 0.006549 0.000001
0.184835 0.708723 0.063518 0.036046 0.000079 0.006798 0.000001
0.179540 0.709866 0.065885 0.037375 0.000081 0.007251 0.000001
0.177310 0.710184 0.066912 0.037996 0.000089 0.007509 0.000000
0.172187 0.712842 0.068326 0.038777 0.000094 0.007773 0.000000
0.165255 0.716101 0.070414 0.039941 0.000093 0.008195 0.000001
0.166063 0.712617 0.071852 0.040831 0.000102 0.008534 0.000001
0.164664 0.712043 0.073066 0.041406 0.000105 0.008714 0.000001
0.157567 0.715902 0.074842 0.042455 0.000114 0.009120 0.000001
0.158905 0.713038 0.075637 0.042985 0.000115 0.009321 0.000000
0.151067 0.716146 0.078314 0.044405 0.000127 0.009941 0.000001
0.149083 0.716094 0.079418 0.045029 0.000127 0.010247 0.000001
0.147075 0.715096 0.081149 0.045982 0.000128 0.010569 0.000002
0.145716 0.714870 0.081957 0.046471 0.000136 0.010849 0.000001
0.148512 0.711294 0.082365 0.046615 0.000132 0.011083 0.000001
0.142401 0.713164 0.084701 0.047927 0.000134 0.011671 0.000001
0.134983 0.717206 0.086672 0.048973 0.000144 0.012022 0.000000
0.131533 0.717249 0.088514 0.050059 0.000153 0.012491 0.000001
0.130037 0.716489 0.089783 0.050672 0.000156 0.012861 0.000001
0.133927 0.712181 0.089963 0.050697 0.000161 0.013071 0.000001
0.128716 0.713494 0.091962 0.052045 0.000167 0.013615 0.000001
0.123914 0.714496 0.094034 0.053286 0.000173 0.014096 0.000001
0.124536 0.711081 0.095628 0.054000 0.000178 0.014577 0.000001
0.121047 0.712179 0.096775 0.054841 0.000189 0.014969 0.000001
0.114311 0.714898 0.098952 0.056085 0.000196 0.015557 0.000001
0.114284 0.712754 0.100199 0.056679 0.000196 0.015887 0.000001
0.107479 0.715383 0.102357 0.058003 0.000200 0.016577 0.000000
0.106720 0.714334 0.103431 0.058480 0.000204 0.016830 0.000001
0.103444 0.713957 0.105343 0.059684 0.000207 0.017364 0.000001
0.100430 0.713617 0.107012 0.060752 0.000214 0.017974 0.000001
0.096435 0.714526 0.108674 0.061554 0.000225 0.018586 0.000001
0.096687 0.711993 0.109883 0.062327 0.000224 0.018885 0.000001
0.092427 0.713700 0.111339 0.062972 0.000229 0.019333 0.000001
0.087606 0.714551 0.113446 0.064157 0.000242 0.019996 0.000002
0.083594 0.714340 0.115733 0.065441 0.000246 0.020643 0.000002
0.079634 0.714984 0.117507 0.066439 0.000262 0.021172 0.000002
0.080983 0.711088 0.118891 0.067087 0.000267 0.021683 0.000002
0.074008 0.713016 0.121485 0.068657 0.000276 0.022555 0.000002
0.072089 0.711821 0.123044 0.069620 0.000277 0.023146 0.000003
0.070036 0.712333 0.123857 0.070086 0.000275 0.023411 0.000002
0.066126 0.711543 0.126412 0.071427 0.000294 0.024194 0.000004
0.064261 0.710631 0.127861 0.072123 0.000302 0.024819 0.000002
0.062381 0.709429 0.129527 0.073054 0.000301 0.025305 0.000002
0.060431 0.709113 0.130639 0.073653 0.000306 0.025855 0.000003
0.056724 0.707779 0.133232 0.075176 0.000323 0.026764 0.000002
0.055345 0.706660 0.134540 0.075885 0.000326 0.027241 0.000002
0.056762 0.702057 0.135978 0.076779 0.000333 0.028089 0.000002
0.052745 0.702138 0.138064 0.077950 0.000344 0.028756 0.000003
0.052439 0.699612 0.139410 0.078626 0.000344 0.029564 0.000003
0.052158 0.697744 0.140536 0.079198 0.000342 0.030019 0.000003
0.051582 0.694818 0.142349 0.080165 0.000366 0.030717 0.000003
0.051276 0.694118 0.142798 0.080418 0.000361 0.031027 0.000004
0.049090 0.691259 0.145172 0.082087 0.000378 0.032010 0.000004
0.047965 0.688328 0.147262 0.083174 0.000395 0.032873 0.000004
0.049044 0.685577 0.147942 0.083595 0.000400 0.033439 0.000004
0.047983 0.683810 0.149407 0.084247 0.000407 0.034141 0.000005
0.046388 0.681730 0.151312 0.085340 0.000421 0.034803 0.000004
0.045344 0.680895 0.151997 0.085884 0.000444 0.035431 0.000005
0.046637 0.677865 0.152886 0.086289 0.000440 0.035878 0.000005
0.044409 0.676232 0.154766 0.087261 0.000451 0.036876 0.000004
0.043866 0.674885 0.155745 0.087787 0.000442 0.037271 0.000004
0.042012 0.672882 0.157517 0.088823 0.000471 0.038291 0.000004
0.040051 0.672012 0.158905 0.089726 0.000460 0.038842 0.000005
0.038406 0.671216 0.160101 0.090266 0.000471 0.039537 0.000003
0.038143 0.668514 0.161361 0.091300 0.000494 0.040184 0.000004
0.037493 0.666405 0.162771 0.091713 0.000501 0.041113 0.000004
0.035043 0.663829 0.165173 0.093253 0.000522 0.042175 0.000005
0.034399 0.661777 0.166399 0.093919 0.000507 0.042996 0.000004
0.033266 0.660847 0.167252 0.094559 0.000526 0.043545 0.000005
0.032126 0.659745 0.168343 0.094991 0.000538 0.044253 0.000004
0.030657 0.657571 0.169995 0.096170 0.000549 0.045051 0.000006
0.031600 0.654431 0.170987 0.096619 0.000561 0.045796 0.000005
0.029682 0.653336 0.172625 0.097328 0.000556 0.046469 0.000006
0.030269 0.650559 0.173365 0.097922 0.000567 0.047313 0.000005
0.029296 0.649992 0.174042 0.098406 0.000579 0.047678 0.000006
0.033085 0.645484 0.174105 0.098449 0.000584 0.048287 0.000006
0.034188 0.640458 0.176035 0.099492 0.000602 0.049219 0.000007
0.033777 0.638330 0.177094 0.100049 0.000597 0.050146 0.000007
0.035763 0.635826 0.177199 0.100205 0.000614 0.050387 0.000006
0.039079 0.629446 0.178505 0.100785 0.000609 0.051569 0.000006
0.034438 0.630329 0.180256 0.101783 0.000632 0.052557 0.000007
0.035554 0.627055 0.181190 0.102312 0.000630 0.053253 0.000007
0.034464 0.625929 0.182044 0.102956 0.000659 0.053943 0.000005
0.032618 0.624922 0.183616 0.103383 0.000645 0.054810 0.000007
0.034225 0.620900 0.184269 0.104119 0.000661 0.055819 0.000008
0.032365 0.620013 0.185388 0.104883 0.000681 0.056663 0.000006
0.034865 0.618700 0.184397 0.104583 0.000693 0.056754 0.000007
0.030981 0.617113 0.187362 0.105840 0.000719 0.057978 0.000008
0.033037 0.614079 0.187252 0.106118 0.000714 0.058794 0.000006
0.029181 0.614075 0.189324 0.107005 0.000733 0.059676 0.000006
0.030508 0.610207 0.190263 0.107523 0.000750 0.060742 0.000007
0.027055 0.609426 0.192177 0.108700 0.000744 0.061890 0.000008
0.028118 0.607133 0.192590 0.108957 0.000766 0.062429 0.000006
0.030057 0.605143 0.192456 0.108718 0.000781 0.062838 0.000006
0.027444 0.603410 0.194299 0.110011 0.000787 0.064043 0.000006
0.027681 0.601208 0.195132 0.110352 0.000799 0.064821 0.000008
0.025474 0.600611 0.196580 0.110967 0.000795 0.065565 0.000007
0.024886 0.599161 0.197414 0.111327 0.000809 0.066395 0.000006
0.024015 0.597953 0.198085 0.111920 0.000803 0.067217 0.000008
0.023565 0.595230 0.199504 0.112737 0.000817 0.068139 0.000008
0.023787 0.592921 0.200165 0.113138 0.000823 0.069158 0.000008
0.021829 0.591624 0.201701 0.113854 0.000865 0.070120 0.000007
0.021601 0.588127 0.203161 0.114850 0.000873 0.071382 0.000006
0.021622 0.587311 0.203439 0.114861 0.000878 0.071880 0.000009
0.021505 0.584965 0.204414 0.115412 0.000892 0.072799 0.000011
0.021767 0.584469 0.204453 0.115467 0.000890 0.072946 0.000008
0.019796 0.580658 0.207107 0.116645 0.000909 0.074877 0.000008
0.019839 0.577670 0.208050 0.117468 0.000916 0.076050 0.000008
0.019461 0.578313 0.208092 0.117391 0.000931 0.075806 0.000006
0.023227 0.573302 0.208098 0.117514 0.000943 0.076909 0.000007
0.025066 0.570202 0.208450 0.117881 0.000941 0.077452 0.000009
0.024019 0.568246 0.209659 0.118389 0.000948 0.078729 0.000010
0.024208 0.566660 0.210284 0.118692 0.000946 0.079199 0.000011
0.027206 0.561453 0.210622 0.119196 0.000973 0.080541 0.000010
0.027461 0.559556 0.211249 0.119551 0.000990 0.081181 0.000013
0.024877 0.559411 0.212491 0.119994 0.000998 0.082219 0.000011
0.029289 0.554652 0.212567 0.119820 0.000996 0.082661 0.000014
0.029342 0.553456 0.212567 0.120198 0.001016 0.083407 0.000015
0.027884 0.552717 0.213325 0.120496 0.001035 0.084529 0.000014
0.027100 0.551018 0.214243 0.121185 0.001052 0.085389 0.000013
0.025944 0.547627 0.216057 0.122197 0.001050 0.087111 0.000015
0.029358 0.545004 0.215401 0.121548 0.001066 0.087610 0.000013
0.027295 0.543271 0.217298 0.122497 0.001068 0.088557 0.000013
0.025825 0.542657 0.217835 0.123031 0.001094 0.089543 0.000015
0.024126 0.541795 0.218867 0.123645 0.001089 0.090462 0.000015
0.025217 0.539482 0.219181 0.123732 0.001076 0.091300 0.000012
0.031076 0.536643 0.217607 0.122778 0.001079 0.090805 0.000012
0.034009 0.532653 0.217900 0.122914 0.001092 0.091419 0.000013
0.031522 0.530967 0.219441 0.123899 0.001124 0.093031 0.000016
0.032228 0.528866 0.219993 0.124118 0.001127 0.093654 0.000013
0.032408 0.527543 0.220144 0.124252 0.001110 0.094532 0.000011
0.034558 0.524822 0.220084 0.124149 0.001118 0.095257 0.000012
0.032674 0.524822 0.220577 0.124708 0.001133 0.096072 0.000014
0.032426 0.522101 0.222040 0.125048 0.001160 0.097211 0.000013
0.028113 0.522382 0.223818 0.126100 0.001161 0.098412 0.000013
0.027496 0.520747 0.224208 0.126617 0.001168 0.099750 0.000012
0.031782 0.517676 0.223410 0.126067 0.001159 0.099895 0.000012
0.029955 0.515993 0.224544 0.126754 0.001193 0.101546 0.000015
0.028361 0.515691 0.225289 0.127354 0.001181 0.102110 0.000014
0.028148 0.513824 0.225887 0.127682 0.001213 0.103233 0.000012
0.026903 0.513374 0.226153 0.128217 0.001226 0.104113 0.000014
0.026200 0.511680 0.227388 0.128429 0.001219 0.105071 0.000014
0.023504 0.511441 0.228430 0.129203 0.001227 0.106181 0.000013
0.022855 0.510708 0.228693 0.129634 0.001236 0.106859 0.000016
0.022085 0.506987 0.230651 0.130288 0.001269 0.108707 0.000014
0.021790 0.505824 0.230840 0.130703 0.001242 0.109587 0.000014
0.021091 0.504360 0.231519 0.131150 0.001275 0.110592 0.000014
0.021197 0.503689 0.231510 0.130897 0.001268 0.111425 0.000013
0.019706 0.501125 0.233043 0.131855 0.001313 0.112946 0.000012
0.023871 0.497051 0.232551 0.131558 0.001298 0.113657 0.000014
0.026437 0.494297 0.232468 0.131209 0.001295 0.114279 0.000014
0.026181 0.493172 0.232588 0.131581 0.001322 0.115142 0.000014
0.030408 0.490130 0.231833 0.131175 0.001320 0.115117 0.000017
0.025960 0.489705 0.233878 0.132157 0.001351 0.116931 0.000017
0.027106 0.488373 0.233697 0.132348 0.001339 0.117116 0.000021
0.029079 0.484878 0.233903 0.132166 0.001338 0.118618 0.000018
0.028674 0.484120 0.234152 0.132313 0.001329 0.119395 0.000017
0.025796 0.481787 0.236193 0.133484 0.001350 0.121375 0.000016
0.024566 0.482423 0.236064 0.133725 0.001378 0.121827 0.000018
0.024355 0.478787 0.237771 0.134369 0.001376 0.123322 0.000020
0.023710 0.477573 0.238449 0.134737 0.001401 0.124109 0.000019
0.027904 0.475893 0.236798 0.133850 0.001409 0.124125 0.000022
0.025412 0.475908 0.237419 0.134254 0.001430 0.125556 0.000021
0.024553 0.474710 0.238348 0.134617 0.001424 0.126329 0.000019
0.022259 0.473918 0.239471 0.135194 0.001427 0.127713 0.000017
0.023086 0.471297 0.239597 0.135470 0.001428 0.129098 0.000023
0.018877 0.469391 0.242200 0.136900 0.001488 0.131123 0.000021
0.019976 0.468606 0.241686 0.136691 0.001484 0.131534 0.000023
0.020710 0.466752 0.241766 0.136727 0.001493 0.132533 0.000019
0.017316 0.466543 0.243750 0.137606 0.001494 0.133271 0.000020
0.018085 0.463342 0.243926 0.138023 0.001539 0.135063 0.000022
0.017760 0.460616 0.245165 0.138226 0.001534 0.136677 0.000023
0.017474 0.461966 0.244751 0.137949 0.001530 0.136308 0.000022
0.016351 0.458208 0.246273 0.139144 0.001594 0.138409 0.000022
0.016488 0.458230 0.245830 0.138802 0.001580 0.139047 0.000023
0.015339 0.456438 0.247021 0.139416 0.001575 0.140190 0.000021
0.015410 0.454975 0.247140 0.139665 0.001574 0.141215 0.000021
0.014876 0.451698 0.248445 0.140398 0.001615 0.142945 0.000023
0.014412 0.450303 0.249115 0.140593 0.001594 0.143962 0.000022
0.014489 0.449436 0.248940 0.140717 0.001623 0.144769 0.000026
0.013450 0.446056 0.250353 0.141769 0.001657 0.146691 0.000025
0.013705 0.446212 0.249989 0.141545 0.001635 0.146888 0.000026
0.013609 0.443563 0.250996 0.141729 0.001634 0.148445 0.000023
0.013395 0.443024 0.250845 0.141850 0.001646 0.149216 0.000026
0.013123 0.439901 0.251983 0.142502 0.001689 0.150777 0.000024
0.013070 0.439413 0.252180 0.142464 0.001684 0.151165 0.000025
0.012773 0.436541 0.252609 0.142862 0.001699 0.153486 0.000030
0.013471 0.436669 0.252196 0.142828 0.001685 0.153125 0.000025
0.012899 0.434759 0.252956 0.143267 0.001708 0.154384 0.000027
0.012459 0.432865 0.254027 0.143378 0.001721 0.155528 0.000022
0.012382 0.430825 0.254018 0.143767 0.001715 0.157266 0.000027
0.012036 0.427624 0.255276 0.144422 0.001774 0.158843 0.000025
0.012390 0.428284 0.254800 0.144165 0.001764 0.158572 0.000026
0.012274 0.425928 0.255120 0.144628 0.001750 0.160274 0.000026
0.012005 0.425044 0.255517 0.144682 0.001763 0.160958 0.000032
0.011860 0.422491 0.256309 0.144987 0.001793 0.162531 0.000029
0.011884 0.421426 0.256578 0.144919 0.001767 0.163400 0.000026
0.012168 0.420355 0.256392 0.145139 0.001803 0.164116 0.000028
0.011643 0.416795 0.257722 0.145804 0.001841 0.166164 0.000031
0.011641 0.416446 0.257661 0.145751 0.001797 0.166671 0.000031
0.012029 0.416602 0.257457 0.145245 0.001809 0.166830 0.000030
0.011346 0.412463 0.258832 0.146215 0.001821 0.169293 0.000030
0.011586 0.411959 0.258521 0.146047 0.001862 0.169994 0.000030
0.011575 0.409024 0.258991 0.146362 0.001895 0.172125 0.000029
0.011439 0.407665 0.259502 0.146631 0.001902 0.172832 0.000030
0.011555 0.406743 0.259705 0.146752 0.001942 0.173272 0.000031
0.011434 0.405200 0.259934 0.146723 0.001909 0.174764 0.000035
0.011666 0.404541 0.259750 0.146612 0.001953 0.175445 0.000033
0.011243 0.401616 0.260639 0.147383 0.001959 0.177129 0.000031
0.011373 0.400272 0.260876 0.147255 0.002002 0.178189 0.000034
0.011446 0.399376 0.260899 0.147463 0.001990 0.178796 0.000029
0.011468 0.399613 0.260506 0.147292 0.001979 0.179111 0.000031
0.011227 0.395905 0.261614 0.147986 0.002003 0.181237 0.000029
0.011428 0.395867 0.261407 0.147812 0.002011 0.181444 0.000031
0.011367 0.393930 0.261844 0.148020 0.002039 0.182763 0.000039
0.011353 0.392434 0.262004 0.148334 0.002034 0.183809 0.000032
0.011193 0.390075 0.262713 0.148386 0.002051 0.185547 0.000035
0.011255 0.388813 0.262545 0.148291 0.002016 0.187046 0.000034
0.016776 0.386146 0.260988 0.147757 0.002075 0.186228 0.000030
0.024738 0.383292 0.258694 0.146309 0.002019 0.184920 0.000028
0.022614 0.381494 0.259609 0.147136 0.002040 0.187072 0.000034
0.028189 0.380794 0.257537 0.145558 0.002050 0.185841 0.000032
0.026403 0.379100 0.258425 0.145936 0.002060 0.188043 0.000032
0.027727 0.378464 0.257674 0.145940 0.002040 0.188119 0.000036
0.024484 0.377437 0.259057 0.146409 0.002066 0.190512 0.000035
0.025229 0.377507 0.258468 0.146228 0.002109 0.190423 0.000037
0.022932 0.377144 0.259321 0.146655 0.002078 0.191835 0.000035
0.023661 0.376108 0.259018 0.146548 0.002086 0.192543 0.000035
0.022544 0.375297 0.259058 0.146786 0.002117 0.194163 0.000034
0.022323 0.373500 0.259735 0.147036 0.002121 0.195252 0.000034
0.019286 0.373339 0.260813 0.147558 0.002130 0.196839 0.000035
0.019660 0.371037 0.261273 0.147565 0.002172 0.198259 0.000035
0.019658 0.370093 0.261043 0.147778 0.002178 0.199211 0.000038
0.019686 0.371518 0.260450 0.147282 0.002141 0.198888 0.000036
0.018649 0.370406 0.260953 0.147664 0.002168 0.200126 0.000033
0.016154 0.367413 0.262515 0.148754 0.002183 0.202944 0.000038
0.016818 0.367131 0.262178 0.148220 0.002226 0.203387 0.000040
0.016794 0.366471 0.262173 0.148180 0.002228 0.204116 0.000038
0.015106 0.362856 0.263800 0.149031 0.002230 0.206937 0.000040
0.016430 0.364249 0.262684 0.148346 0.002232 0.206017 0.000041
0.020291 0.360538 0.261967 0.148085 0.002249 0.206832 0.000038
0.024512 0.357753 0.261024 0.147684 0.002275 0.206717 0.000035
0.023137 0.356003 0.262031 0.147935 0.002254 0.208600 0.000040
0.024958 0.356199 0.260730 0.147353 0.002265 0.208452 0.000042
0.030796 0.352913 0.259112 0.146353 0.002250 0.208537 0.000040
0.027749 0.352625 0.259973 0.147136 0.002281 0.210196 0.000041
0.028040 0.353233 0.259707 0.146421 0.002242 0.210318 0.000038
0.025375 0.351531 0.260669 0.147550 0.002312 0.212523 0.000041
0.024349 0.349199 0.261855 0.147789 0.002308 0.214460 0.000040
0.025944 0.349654 0.260553 0.147208 0.002294 0.214307 0.000041
0.024190 0.347845 0.261515 0.147887 0.002361 0.216166 0.000036
0.022738 0.347058 0.262249 0.148368 0.002366 0.217182 0.000040
0.022205 0.345845 0.262530 0.148173 0.002352 0.218856 0.000038
0.024461 0.346485 0.261070 0.147362 0.002370 0.218215 0.000037
0.022257 0.346878 0.261502 0.147524 0.002396 0.219402 0.000040
0.021851 0.344854 0.261489 0.148180 0.002402 0.221185 0.000039
0.019125 0.342668 0.263276 0.149291 0.002424 0.223174 0.000042
0.017366 0.341171 0.264183 0.149495 0.002430 0.225313 0.000041
0.018373 0.342800 0.262967 0.148645 0.002420 0.224751 0.000044
0.017502 0.341615 0.263406 0.148939 0.002448 0.226048 0.000041
0.015913 0.338268 0.264824 0.149895 0.002493 0.228565 0.000042
0.016583 0.338779 0.264210 0.149639 0.002442 0.228305 0.000043
0.015012 0.337299 0.265175 0.149647 0.002502 0.230322 0.000043
0.014926 0.335561 0.265322 0.150089 0.002476 0.231591 0.000035
0.015505 0.335599 0.264370 0.149615 0.002520 0.232348 0.000044
0.014622 0.334221 0.264598 0.149931 0.002497 0.234088 0.000043
0.013340 0.331861 0.266167 0.150492 0.002497 0.235602 0.000041
0.012884 0.330369 0.266506 0.150801 0.002558 0.236842 0.000041
0.013613 0.330601 0.265796 0.150322 0.002574 0.237049 0.000044
0.013665 0.328326 0.265904 0.150855 0.002572 0.238637 0.000041
0.013316 0.328697 0.265708 0.150698 0.002596 0.238941 0.000044
0.012941 0.326153 0.265940 0.151006 0.002607 0.241308 0.000045
0.013269 0.326697 0.265767 0.150326 0.002615 0.241278 0.000048
0.012749 0.324095 0.266280 0.151036 0.002633 0.243161 0.000045
0.012411 0.322228 0.266848 0.151026 0.002600 0.244836 0.000050
0.012793 0.323135 0.265608 0.150808 0.002637 0.244978 0.000041
0.012154 0.320529 0.267273 0.151126 0.002650 0.246223 0.000045
0.012019 0.319231 0.266843 0.150987 0.002629 0.248246 0.000045
0.011674 0.316737 0.267697 0.151293 0.002607 0.249943 0.000048
0.011643 0.315853 0.267698 0.151426 0.002697 0.250633 0.000048
0.011531 0.313332 0.268155 0.151510 0.002698 0.252729 0.000046
0.011401 0.312660 0.268207 0.151493 0.002672 0.253522 0.000044
0.011854 0.313359 0.267333 0.151367 0.002728 0.253311 0.000047
0.011767 0.310139 0.267511 0.151457 0.002722 0.256350 0.000054
0.011457 0.310047 0.267986 0.151444 0.002729 0.256291 0.000047
0.011188 0.307682 0.268382 0.151819 0.002752 0.258132 0.000045
0.011627 0.308100 0.267766 0.151486 0.002756 0.258215 0.000049
0.011530 0.307534 0.267777 0.151400 0.002719 0.258993 0.000047
0.011489 0.306618 0.267832 0.151561 0.002738 0.259712 0.000050
0.011512 0.304605 0.268038 0.151410 0.002787 0.261598 0.000049
0.011289 0.303339 0.268246 0.151431 0.002809 0.262837 0.000049
0.011390 0.303389 0.267787 0.151297 0.002794 0.263292 0.000049
0.011211 0.301162 0.268276 0.151513 0.002790 0.264995 0.000051
0.011582 0.302026 0.267460 0.151276 0.002825 0.264783 0.000047
0.011376 0.299109 0.267975 0.151534 0.002841 0.267121 0.000044
0.011307 0.298987 0.267840 0.151567 0.002859 0.267385 0.000056
0.011296 0.297802 0.267718 0.151479 0.002861 0.268790 0.000054
0.011526 0.297779 0.267225 0.151182 0.002888 0.269350 0.000050
0.011060 0.294431 0.268333 0.151839 0.002866 0.271414 0.000056
0.010962 0.292761 0.268609 0.151756 0.002893 0.272965 0.000053
0.011269 0.294273 0.267269 0.151421 0.002873 0.272848 0.000047
0.011177 0.293133 0.267831 0.151540 0.002857 0.273407 0.000054
0.011245 0.291494 0.267795 0.151507 0.002879 0.275026 0.000055
0.010944 0.289684 0.268355 0.151670 0.002908 0.276382 0.000055
0.011108 0.289327 0.267983 0.151772 0.002885 0.276871 0.000055
0.011069 0.287078 0.268319 0.151664 0.002921 0.278898 0.000049
0.011157 0.287285 0.267652 0.151586 0.002867 0.279401 0.000053
0.010963 0.284301 0.268112 0.151772 0.002935 0.281865 0.000053
0.011179 0.286376 0.267788 0.151023 0.002946 0.280629 0.000061
0.011070 0.283941 0.267920 0.151590 0.002951 0.282469 0.000058
0.011089 0.283082 0.267325 0.151643 0.002992 0.283813 0.000056
0.011033 0.282093 0.267875 0.151503 0.002983 0.284451 0.000062
0.011144 0.280860 0.267646 0.151500 0.003009 0.285783 0.000059
0.011040 0.278068 0.268119 0.151624 0.003010 0.288083 0.000055
0.011128 0.277614 0.267674 0.151727 0.002991 0.288803 0.000062
0.011197 0.278696 0.266915 0.151313 0.003050 0.288772 0.000057
0.011316 0.277719 0.267196 0.151009 0.003027 0.289675 0.000057
0.011163 0.275142 0.267422 0.151492 0.003010 0.291713 0.000057
0.011137 0.274998 0.266781 0.151251 0.003086 0.292688 0.000059
0.011114 0.273336 0.267545 0.151188 0.003087 0.293669 0.000061
0.011212 0.272406 0.266994 0.151483 0.003064 0.294788 0.000052
0.011177 0.272157 0.266823 0.151258 0.003096 0.295430 0.000059
0.011252 0.271113 0.267214 0.151343 0.003050 0.295973 0.000056
0.011321 0.269962 0.266657 0.151093 0.003123 0.297784 0.000060
0.011229 0.267965 0.267192 0.151242 0.003110 0.299207 0.000055
0.011267 0.267566 0.266606 0.151236 0.003127 0.300142 0.000056
0.011265 0.267583 0.266363 0.150810 0.003132 0.300787 0.000059
0.011159 0.264785 0.266405 0.151104 0.003192 0.303295 0.000061
0.011267 0.265425 0.266411 0.150670 0.003169 0.302995 0.000063
0.011242 0.264025 0.266371 0.150897 0.003194 0.304210 0.000061
0.011295 0.264526 0.266237 0.150532 0.003179 0.304167 0.000064
0.011205 0.264062 0.265801 0.150612 0.003157 0.305102 0.000059
0.011397 0.261941 0.265956 0.150302 0.003197 0.307142 0.000065
0.011350 0.260415 0.266237 0.150551 0.003218 0.308163 0.000067
0.011231 0.261270 0.265370 0.150293 0.003199 0.308571 0.000066
0.011345 0.258847 0.265640 0.150499 0.003221 0.310383 0.000065
0.011388 0.257915 0.265822 0.150244 0.003190 0.311382 0.000060
0.011346 0.257998 0.265183 0.149889 0.003219 0.312306 0.000060
0.011401 0.255211 0.265296 0.150493 0.003231 0.314295 0.000072
0.011527 0.255794 0.264992 0.149780 0.003244 0.314601 0.000062
0.011339 0.255488 0.264584 0.149972 0.003284 0.315268 0.000064
0.011355 0.254345 0.264928 0.150109 0.003292 0.315901 0.000069
0.011541 0.251469 0.265120 0.150039 0.003337 0.318419 0.000075
0.011544 0.253629 0.264947 0.149660 0.003257 0.316900 0.000063
0.011419 0.252020 0.264439 0.149652 0.003313 0.319095 0.000062
0.011433 0.251901 0.264350 0.149692 0.003312 0.319249 0.000064
0.011503 0.248713 0.264294 0.149591 0.003351 0.322480 0.000067
0.011515 0.248304 0.264021 0.149684 0.003361 0.323050 0.000064
0.011544 0.247685 0.264166 0.149611 0.003346 0.323583 0.000065
0.011658 0.247390 0.263553 0.149062 0.003373 0.324901 0.000063
0.011565 0.246476 0.263481 0.149596 0.003313 0.325511 0.000057
0.011602 0.246091 0.263400 0.149276 0.003406 0.326159 0.000066
0.011535 0.245679 0.263247 0.149149 0.003316 0.327009 0.000065
0.011619 0.243895 0.262916 0.149590 0.003368 0.328545 0.000068
0.011609 0.243013 0.263165 0.149035 0.003366 0.329746 0.000065
0.011720 0.241279 0.263073 0.149245 0.003413 0.331204 0.000066
0.011766 0.241836 0.262472 0.148886 0.003432 0.331544 0.000064
0.011626 0.240738 0.262962 0.148947 0.003437 0.332226 0.000065
0.011753 0.239961 0.262505 0.149090 0.003409 0.333213 0.000069
0.011771 0.239396 0.262179 0.149079 0.003397 0.334109 0.000069
0.011823 0.237534 0.262427 0.148966 0.003443 0.335738 0.000070
0.011791 0.236910 0.262375 0.148988 0.003418 0.336445 0.000073
0.011847 0.237779 0.261964 0.148319 0.003463 0.336553 0.000075
0.011852 0.234362 0.261641 0.148601 0.003508 0.339965 0.000070
0.011951 0.234141 0.261799 0.148374 0.003460 0.340194 0.000080
0.011877 0.235222 0.261020 0.148429 0.003494 0.339882 0.000075
0.011866 0.233253 0.261561 0.148163 0.003511 0.341576 0.000069
0.011956 0.232920 0.261223 0.148211 0.003471 0.342146 0.000072
0.012049 0.230593 0.261382 0.148237 0.003495 0.344175 0.000070
0.012001 0.229730 0.260662 0.148035 0.003600 0.345902 0.000069
0.012020 0.231235 0.260914 0.147815 0.003522 0.344419 0.000075
0.012079 0.229552 0.260710 0.147897 0.003542 0.346140 0.000079
0.012116 0.228364 0.260351 0.147714 0.003564 0.347813 0.000078
0.012077 0.228046 0.260571 0.147386 0.003597 0.348242 0.000081
0.012109 0.225676 0.260482 0.147135 0.003581 0.350939 0.000077
0.012188 0.226205 0.259835 0.147368 0.003606 0.350718 0.000080
0.012170 0.226876 0.259863 0.147193 0.003598 0.350218 0.000083
0.012232 0.224787 0.259859 0.146898 0.003612 0.352539 0.000072
0.012292 0.223158 0.259977 0.147100 0.003616 0.353777 0.000080
0.012322 0.223693 0.259211 0.146774 0.003647 0.354277 0.000076
0.012430 0.221498 0.259331 0.146889 0.003602 0.356167 0.000082
0.012319 0.221747 0.258784 0.146885 0.003686 0.356499 0.000080
0.012352 0.221572 0.259009 0.146600 0.003613 0.356767 0.000086
0.012351 0.221662 0.258558 0.146330 0.003606 0.357406 0.000086
0.012254 0.220786 0.258430 0.146179 0.003658 0.358610 0.000082
0.012396 0.220835 0.258142 0.145942 0.003656 0.358947 0.000082
0.012500 0.218056 0.258074 0.146396 0.003666 0.361218 0.000091
0.012436 0.216620 0.257714 0.146076 0.003714 0.363352 0.000087
0.012355 0.216257 0.257401 0.145962 0.003755 0.364186 0.000084
0.012398 0.216461 0.257471 0.145695 0.003717 0.364169 0.000090
0.012579 0.216354 0.257055 0.145712 0.003800 0.364418 0.000082
0.012479 0.214928 0.257244 0.145448 0.003686 0.366136 0.000079
0.012480 0.213050 0.256691 0.145217 0.003730 0.368746 0.000085
0.012638 0.213562 0.256429 0.145113 0.003739 0.368433 0.000085
0.012604 0.212601 0.256476 0.145127 0.003726 0.369384 0.000082
0.012535 0.213260 0.256310 0.144862 0.003767 0.369179 0.000088
0.012671 0.211611 0.255848 0.144906 0.003737 0.371141 0.000085
0.012615 0.210231 0.255828 0.144733 0.003764 0.372741 0.000087
0.012740 0.210806 0.255637 0.144705 0.003733 0.372289 0.000091
0.012634 0.210638 0.255122 0.144617 0.003780 0.373114 0.000095
0.012796 0.208466 0.254972 0.144520 0.003788 0.375368 0.000091
0.012809 0.207676 0.255043 0.144339 0.003780 0.376265 0.000088
0.012719 0.207792 0.254828 0.144238 0.003777 0.376552 0.000094
0.012778 0.206780 0.254513 0.144093 0.003797 0.377947 0.000092
0.013102 0.207119 0.254284 0.143777 0.003846 0.377774 0.000098
0.012902 0.204684 0.254491 0.143594 0.003845 0.380387 0.000096
0.013017 0.204871 0.253625 0.143726 0.003848 0.380816 0.000097
0.012919 0.204940 0.253641 0.143558 0.003824 0.381021 0.000097
0.013044 0.203693 0.253513 0.143175 0.003826 0.382653 0.000096
0.012990 0.203413 0.253248 0.143324 0.003893 0.383028 0.000103
0.013111 0.201830 0.252650 0.142648 0.003930 0.385728 0.000103
0.013013 0.201430 0.252463 0.143056 0.003870 0.386066 0.000102
0.013089 0.202579 0.252676 0.142967 0.003918 0.384674 0.000097
0.013163 0.201246 0.252048 0.142666 0.003886 0.386896 0.000094
0.013126 0.199626 0.251758 0.143036 0.003924 0.388433 0.000098
0.013138 0.199378 0.251631 0.142520 0.003966 0.389265 0.000102
0.013219 0.199565 0.251357 0.142276 0.003955 0.389528 0.000100
0.013221 0.198982 0.251561 0.142380 0.003933 0.389816 0.000108
0.013205 0.197018 0.250965 0.142229 0.003941 0.392548 0.000094
0.013360 0.196719 0.250738 0.141742 0.003949 0.393388 0.000105
0.013449 0.197066 0.250391 0.141745 0.003975 0.393278 0.000096
0.013314 0.196614 0.250565 0.141435 0.003961 0.394007 0.000105
0.013482 0.194723 0.250153 0.141546 0.004000 0.395989 0.000106
0.013401 0.194973 0.249991 0.141115 0.003961 0.396457 0.000101
0.013517 0.194610 0.249552 0.141032 0.004019 0.397164 0.000105
0.013334 0.192679 0.249151 0.141298 0.003986 0.399449 0.000103
0.013622 0.192820 0.249100 0.140979 0.004011 0.399363 0.000104
0.013538 0.191647 0.248988 0.141100 0.004033 0.400584 0.000110
0.013713 0.192022 0.249036 0.140683 0.003996 0.400450 0.000100
0.013720 0.191554 0.248753 0.140597 0.004070 0.401194 0.000111
0.013695 0.189540 0.247949 0.140419 0.004048 0.404236 0.000113
0.013606 0.189973 0.247851 0.140351 0.004025 0.404083 0.000111
0.013747 0.189698 0.248487 0.140077 0.004083 0.403796 0.000112
0.013830 0.188865 0.247546 0.140111 0.004005 0.405536 0.000106
0.013831 0.188205 0.247406 0.139817 0.004052 0.406573 0.000116
0.013768 0.187801 0.247427 0.139926 0.004059 0.406903 0.000116
0.013844 0.187957 0.247110 0.139546 0.004053 0.407386 0.000106
0.013933 0.186339 0.247110 0.139750 0.004088 0.408676 0.000105
0.013954 0.185443 0.246357 0.139262 0.004064 0.410811 0.000109
0.013937 0.186132 0.245885 0.139279 0.004077 0.410578 0.000111
0.014123 0.184719 0.245910 0.139260 0.004120 0.411756 0.000112
0.014090 0.184184 0.245774 0.139130 0.004090 0.412617 0.000114
0.014100 0.182705 0.245656 0.138897 0.004120 0.414412 0.000109
0.014143 0.183229 0.245478 0.138668 0.004118 0.414250 0.000115
0.014234 0.183454 0.245050 0.138192 0.004146 0.414807 0.000117
0.014055 0.182239 0.245072 0.138144 0.004126 0.416244 0.000120
0.014072 0.181929 0.245178 0.138206 0.004120 0.416370 0.000126
0.014188 0.180318 0.244189 0.137895 0.004136 0.419152 0.000122
0.014303 0.180905 0.243653 0.137866 0.004163 0.418991 0.000119
0.014125 0.180663 0.243612 0.137745 0.004179 0.419562 0.000114
0.014273 0.179705 0.243585 0.137593 0.004187 0.420538 0.000120
0.014295 0.179595 0.243640 0.137343 0.004143 0.420859 0.000125
0.014374 0.178401 0.242968 0.137298 0.004187 0.422643 0.000129
0.014378 0.178027 0.242789 0.137186 0.004102 0.423388 0.000131
0.014412 0.177990 0.242630 0.136951 0.004228 0.423652 0.000136
0.014441 0.176035 0.242408 0.136860 0.004283 0.425853 0.000119
0.014522 0.176355 0.241979 0.136797 0.004222 0.426005 0.000120
0.014525 0.176824 0.241988 0.136664 0.004188 0.425679 0.000131
0.014522 0.175336 0.241232 0.136399 0.004237 0.428140 0.000133
0.014561 0.175491 0.241130 0.136466 0.004218 0.428010 0.000122
0.014617 0.175223 0.241404 0.136259 0.004246 0.428132 0.000118
0.014849 0.173629 0.241127 0.136062 0.004194 0.430018 0.000122
0.014916 0.172518 0.240626 0.136001 0.004228 0.431581 0.000129
0.014767 0.173273 0.240243 0.135983 0.004294 0.431312 0.000128
0.014928 0.172250 0.239910 0.135336 0.004242 0.433211 0.000123
0.014818 0.172213 0.240214 0.135393 0.004246 0.432978 0.000138
0.014825 0.171405 0.240499 0.135089 0.004271 0.433789 0.000123
0.014946 0.171004 0.239427 0.135208 0.004236 0.435054 0.000126
0.015017 0.170284 0.239777 0.135136 0.004311 0.435346 0.000129
0.014839 0.170457 0.239255 0.135320 0.004258 0.435742 0.000128
0.015053 0.169284 0.238832 0.134646 0.004310 0.437751 0.000124
0.014951 0.169480 0.238719 0.134693 0.004319 0.437706 0.000133
0.015067 0.168152 0.238233 0.134377 0.004320 0.439706 0.000145
0.015090 0.168085 0.237913 0.134137 0.004347 0.440295 0.000133
0.015165 0.167638 0.237500 0.134259 0.004302 0.440996 0.000140
0.015121 0.167288 0.236935 0.134030 0.004363 0.442120 0.000144
0.015143 0.166398 0.237255 0.133871 0.004345 0.442846 0.000142
0.015173 0.166577 0.237118 0.134146 0.004308 0.442537 0.000142
0.015405 0.165287 0.236389 0.133676 0.004325 0.444784 0.000135
0.015285 0.165651 0.236559 0.133254 0.004388 0.444722 0.000141
0.015393 0.164453 0.236055 0.133151 0.004336 0.446468 0.000144
0.015397 0.164242 0.236160 0.132944 0.004450 0.446664 0.000143
0.015519 0.163184 0.235386 0.133113 0.004431 0.448209 0.000157
0.015206 0.164939 0.235713 0.132803 0.004362 0.446843 0.000134
0.015457 0.162625 0.234927 0.132513 0.004388 0.449943 0.000147
0.015526 0.162740 0.234610 0.132594 0.004444 0.449934 0.000153
0.015557 0.162079 0.234553 0.132461 0.004391 0.450813 0.000146
0.015558 0.161190 0.234108 0.132480 0.004450 0.452061 0.000152
0.015587 0.162367 0.234139 0.132247 0.004446 0.451062 0.000152
0.015657 0.160560 0.233491 0.131579 0.004465 0.454090 0.000157
0.015710 0.160741 0.233553 0.131784 0.004474 0.453580 0.000157
0.015548 0.160612 0.232930 0.131949 0.004447 0.454355 0.000160
0.015768 0.159717 0.232915 0.131790 0.004477 0.455177 0.000155
0.015839 0.158648 0.232232 0.131378 0.004443 0.457300 0.000160
0.015884 0.159293 0.232340 0.131419 0.004461 0.456455 0.000148
0.015742 0.158392 0.232138 0.131236 0.004456 0.457870 0.000167
0.016007 0.157780 0.231736 0.130994 0.004463 0.458866 0.000154
0.015883 0.157142 0.231397 0.130937 0.004505 0.459978 0.000158
0.015979 0.157216 0.231421 0.130535 0.004517 0.460169 0.000163
0.015956 0.157102 0.231332 0.130648 0.004475 0.460324 0.000163
0.016036 0.157420 0.230768 0.130335 0.004468 0.460802 0.000172
0.016073 0.155512 0.230245 0.130344 0.004527 0.463141 0.000158
0.016164 0.156363 0.229872 0.130374 0.004539 0.462522 0.000167
0.016084 0.155012 0.229604 0.129802 0.004570 0.464779 0.000148
0.016196 0.154570 0.229900 0.129685 0.004559 0.464932 0.000159
0.016196 0.154546 0.229121 0.129367 0.004521 0.466080 0.000168
0.016369 0.153906 0.229031 0.129706 0.004540 0.466279 0.000169
0.016130 0.153079 0.228532 0.129229 0.004535 0.468316 0.000179
0.016320 0.153011 0.228518 0.129345 0.004533 0.468089 0.000183
0.016501 0.152681 0.228000 0.129083 0.004538 0.469016 0.000181
0.016340 0.152341 0.228266 0.128718 0.004560 0.469608 0.000168
0.016517 0.152348 0.227544 0.128782 0.004594 0.470040 0.000175
0.016458 0.151183 0.227196 0.128517 0.004600 0.471868 0.000177
0.016507 0.150687 0.226929 0.128343 0.004620 0.472733 0.000181
0.016541 0.151004 0.226777 0.128606 0.004515 0.472377 0.000180
0.016589 0.150627 0.226215 0.128176 0.004615 0.473603 0.000177
0.016647 0.150318 0.226189 0.128089 0.004621 0.473958 0.000178
0.016771 0.149225 0.225971 0.127631 0.004571 0.475669 0.000163
0.016600 0.149593 0.225469 0.127804 0.004591 0.475772 0.000171
0.016831 0.148426 0.225148 0.127481 0.004554 0.477381 0.000178
0.016735 0.148202 0.225055 0.127603 0.004608 0.477605 0.000191
0.016737 0.147558 0.224682 0.127372 0.004602 0.478873 0.000176
0.016834 0.147934 0.224655 0.127251 0.004609 0.478536 0.000181
0.016896 0.147521 0.224306 0.127123 0.004612 0.479362 0.000180
0.016883 0.147041 0.224177 0.126824 0.004571 0.480317 0.000187
0.016939 0.146385 0.223960 0.126706 0.004573 0.481255 0.000182
0.017052 0.146075 0.223055 0.126322 0.004614 0.482698 0.000185
0.017051 0.146089 0.223377 0.126249 0.004600 0.482456 0.000178
0.017349 0.144806 0.222459 0.125879 0.004588 0.484731 0.000188
0.017168 0.145722 0.222715 0.125969 0.004551 0.483686 0.000189
0.017163 0.143927 0.222142 0.125756 0.004695 0.486126 0.000191
0.017141 0.144833 0.222382 0.125828 0.004607 0.485023 0.000186
0.017293 0.143992 0.221461 0.125594 0.004622 0.486833 0.000207
0.017390 0.142953 0.221164 0.125282 0.004619 0.488403 0.000189
0.017560 0.142346 0.220773 0.125032 0.004686 0.489408 0.000195
0.017499 0.143010 0.220780 0.125376 0.004619 0.488524 0.000191
0.017585 0.141598 0.219989 0.124801 0.004675 0.491153 0.000199
0.017431 0.142262 0.220317 0.124859 0.004606 0.490323 0.000201
