0.999119 0.000852 0.000022 0.000007 0.000000 0.000000 0.000000
0.998673 0.001287 0.000030 0.000003 0.000000 0.000008 0.000000
0.998197 0.001754 0.000035 0.000006 0.000000 0.000008 0.000000
0.997700 0.002244 0.000040 0.000008 0.000000 0.000008 0.000000
0.997237 0.002700 0.000040 0.000014 0.000000 0.000008 0.000000
0.996694 0.003228 0.000049 0.000021 0.000000 0.000008 0.000000
0.995980 0.003937 0.000050 0.000025 0.000000 0.000008 0.000000
0.995303 0.004601 0.000061 0.000026 0.000000 0.000008 0.000000
0.994294 0.005594 0.000073 0.000032 0.000000 0.000008 0.000000
0.993279 0.006583 0.000082 0.000049 0.000000 0.000007 0.000000
0.992121 0.007722 0.000095 0.000055 0.000000 0.000007 0.000000
0.990283 0.009542 0.000109 0.000059 0.000000 0.000007 0.000000
0.988257 0.011520 0.000127 0.000090 0.000000 0.000006 0.000000
0.985670 0.014060 0.000154 0.000111 0.000000 0.000005 0.000000
0.983100 0.016594 0.000177 0.000124 0.000000 0.000005 0.000000
0.978648 0.020970 0.000227 0.000150 0.000000 0.000004 0.000000
0.974452 0.025139 0.000234 0.000171 0.000000 0.000004 0.000000
0.969582 0.029933 0.000269 0.000213 0.000000 0.000003 0.000000
0.963789 0.035633 0.000326 0.000250 0.000000 0.000003 0.000000
0.958133 0.041173 0.000412 0.000279 0.000000 0.000003 0.000000
0.951957 0.047221 0.000494 0.000323 0.000000 0.000004 0.000000
0.943205 0.055732 0.000657 0.000399 0.000000 0.000007 0.000000
0.933099 0.065598 0.000828 0.000462 0.000000 0.000013 0.000000
0.924749 0.073747 0.000952 0.000533 0.000000 0.000020 0.000000
0.916449 0.081796 0.001099 0.000635 0.000000 0.000021 0.000000
0.905203 0.092707 0.001276 0.000783 0.000000 0.000031 0.000000
0.894533 0.103090 0.001447 0.000888 0.000000 0.000041 0.000000
0.882821 0.114421 0.001706 0.001003 0.000000 0.000049 0.000000
0.870168 0.126742 0.001911 0.001123 0.000000 0.000056 0.000000
0.856969 0.139470 0.002231 0.001271 0.000000 0.000059 0.000000
0.841312 0.154607 0.002560 0.001447 0.000000 0.000074 0.000000
0.828368 0.167082 0.002862 0.001596 0.000000 0.000092 0.000000
0.814695 0.180310 0.003144 0.001748 0.000000 0.000104 0.000000
0.798436 0.195933 0.003545 0.001975 0.000000 0.000112 0.000000
0.782434 0.211320 0.003948 0.002173 0.000000 0.000125 0.000000
0.767516 0.225702 0.004273 0.002358 0.000000 0.000150 0.000000
0.752709 0.239922 0.004647 0.002554 0.000000 0.000167 0.000000
0.735417 0.256454 0.005104 0.002846 0.000000 0.000179 0.000000
0.720071 0.271159 0.005508 0.003063 0.000001 0.000197 0.000000
0.704120 0.286390 0.005962 0.003307 0.000001 0.000220 0.000000
0.689421 0.300368 0.006408 0.003562 0.000001 0.000239 0.000000
0.670835 0.318016 0.007003 0.003872 0.000001 0.000272 0.000000
0.657180 0.330909 0.007454 0.004159 0.000001 0.000297 0.000000
0.641065 0.346148 0.008022 0.004453 0.000002 0.000311 0.000000
0.622972 0.363106 0.008718 0.004869 0.000003 0.000332 0.000000
0.608619 0.376535 0.009288 0.005199 0.000003 0.000355 0.000000
0.592122 0.392007 0.009918 0.005555 0.000005 0.000392 0.000000
0.576921 0.406145 0.010544 0.005959 0.000006 0.000425 0.000000
0.561842 0.420098 0.011243 0.006352 0.000006 0.000459 0.000000
0.544219 0.436387 0.012072 0.006805 0.000007 0.000510 0.000000
0.530281 0.449036 0.012870 0.007256 0.000007 0.000550 0.000000
0.516393 0.461777 0.013599 0.007646 0.000007 0.000578 0.000000
0.499653 0.476981 0.014544 0.008191 0.000008 0.000623 0.000000
0.488727 0.486869 0.015151 0.008577 0.000008 0.000667 0.000000
0.471880 0.501996 0.016223 0.009161 0.000008 0.000732 0.000000
0.458348 0.514080 0.017083 0.009680 0.000010 0.000799 0.000000
0.445432 0.525389 0.018074 0.010248 0.000011 0.000845 0.000000
0.433137 0.536242 0.018955 0.010736 0.000012 0.000917 0.000000
0.420012 0.547589 0.020009 0.011385 0.000013 0.000991 0.000000
0.411693 0.554581 0.020805 0.011848 0.000015 0.001058 0.000000
0.400172 0.564381 0.021864 0.012440 0.000015 0.001128 0.000000
0.391404 0.571544 0.022825 0.013012 0.000016 0.001200 0.000000
0.384246 0.577147 0.023766 0.013537 0.000016 0.001288 0.000000
0.374526 0.584963 0.024887 0.014223 0.000016 0.001385 0.000000
0.369042 0.588871 0.025799 0.014807 0.000016 0.001465 0.000000
0.361249 0.594805 0.026906 0.015463 0.000020 0.001556 0.000000
0.353067 0.601105 0.028053 0.016065 0.000019 0.001690 0.000000
0.352364 0.600924 0.028556 0.016395 0.000021 0.001741 0.000000
0.344189 0.606956 0.029793 0.017181 0.000023 0.001858 0.000000
0.340568 0.609007 0.030734 0.017682 0.000026 0.001982 0.000000
0.336626 0.611692 0.031508 0.018092 0.000027 0.002055 0.000000
0.331809 0.614663 0.032653 0.018672 0.000032 0.002171 0.000000
0.327017 0.617639 0.033745 0.019287 0.000031 0.002282 0.000000
0.319302 0.623220 0.035010 0.019984 0.000036 0.002448 0.000000
0.313516 0.627058 0.036207 0.020615 0.000036 0.002569 0.000000
0.312711 0.626982 0.036693 0.020920 0.000039 0.002653 0.000000
0.308666 0.628845 0.038002 0.021662 0.000038 0.002787 0.000000
0.303316 0.632653 0.038875 0.022172 0.000039 0.002945 0.000000
0.293915 0.639587 0.040367 0.022968 0.000045 0.003119 0.000000
0.288721 0.643099 0.041397 0.023487 0.000044 0.003252 0.000000
0.282751 0.647028 0.042557 0.024218 0.000044 0.003401 0.000000
0.279204 0.648983 0.043465 0.024738 0.000043 0.003567 0.000000
0.276949 0.650211 0.044011 0.025092 0.000045 0.003693 0.000000
0.264868 0.659062 0.045912 0.026172 0.000048 0.003939 0.000000
0.257818 0.663572 0.047455 0.026969 0.000051 0.004135 0.000000
0.252629 0.666981 0.048495 0.027546 0.000050 0.004299 0.000000
0.247599 0.669766 0.049720 0.028328 0.000059 0.004527 0.000000
0.241521 0.673279 0.051247 0.029178 0.000058 0.004716 0.000000
0.238278 0.674990 0.052202 0.029639 0.000065 0.004826 0.000000
0.233213 0.677278 0.053788 0.030525 0.000068 0.005129 0.000000
0.229445 0.679304 0.054795 0.031082 0.000064 0.005310 0.000000
0.223516 0.682176 0.056541 0.032081 0.000069 0.005617 0.000000
0.217984 0.684353 0.058497 0.033168 0.000073 0.005926 0.000000
0.217501 0.683485 0.059353 0.033473 0.000074 0.006114 0.000000
0.212969 0.685374 0.060699 0.034493 0.000077 0.006388 0.000000
0.216000 0.681604 0.061087 0.034699 0.000080 0.006531 0.000000
0.212070 0.682643 0.062691 0.035709 0.000078 0.006810 0.000000
0.210092 0.682107 0.064130 0.036487 0.000087 0.007097 0.000000
0.208439 0.682331 0.064793 0.037014 0.000092 0.007331 0.000000
0.204849 0.682933 0.066521 0.037946 0.000097 0.007654 0.000000
0.199305 0.686230 0.067709 0.038803 0.000099 0.007853 0.000000
0.203576 0.681130 0.068140 0.038981 0.000110 0.008063 0.000000
0.193866 0.687179 0.070256 0.040151 0.000106 0.008441 0.000000
0.194076 0.685090 0.071289 0.040782 0.000110 0.008652 0.000000
0.191345 0.685456 0.072575 0.041512 0.000121 0.008991 0.000000
0.190172 0.685574 0.073061 0.041914 0.000125 0.009154 0.000000
0.178425 0.692377 0.075961 0.043426 0.000137 0.009674 0.000000
0.175708 0.693023 0.077123 0.044064 0.000137 0.009945 0.000000
0.170299 0.695445 0.078814 0.044978 0.000145 0.010320 0.000000
0.162903 0.698880 0.080988 0.046233 0.000152 0.010844 0.000000
0.158883 0.700178 0.082508 0.047097 0.000155 0.011178 0.000000
0.155633 0.701264 0.083709 0.047775 0.000154 0.011466 0.000000
0.151382 0.701894 0.085628 0.048882 0.000155 0.012059 0.000001
0.147085 0.702378 0.087769 0.050070 0.000167 0.012531 0.000000
0.144475 0.703597 0.088472 0.050490 0.000168 0.012798 0.000001
0.144508 0.701446 0.089700 0.051027 0.000174 0.013145 0.000001
0.142139 0.701433 0.090977 0.051751 0.000175 0.013525 0.000001
0.134968 0.702689 0.094160 0.053666 0.000185 0.014331 0.000001
0.135695 0.700659 0.094754 0.054063 0.000194 0.014635 0.000001
0.138813 0.697281 0.094880 0.054004 0.000206 0.014815 0.000001
0.130803 0.699581 0.097956 0.055828 0.000206 0.015626 0.000001
0.136390 0.693890 0.097883 0.055853 0.000209 0.015775 0.000001
0.134817 0.692374 0.099546 0.056798 0.000209 0.016255 0.000001
0.128652 0.694409 0.101857 0.057992 0.000214 0.016874 0.000001
0.132181 0.689772 0.102296 0.058360 0.000225 0.017166 0.000001
0.129751 0.689381 0.103955 0.059048 0.000229 0.017635 0.000001
0.123569 0.693623 0.104894 0.059754 0.000235 0.017923 0.000001
0.118280 0.695593 0.106705 0.060840 0.000237 0.018343 0.000001
0.114136 0.694011 0.109768 0.062505 0.000253 0.019327 0.000001
0.115305 0.691887 0.110050 0.062822 0.000256 0.019678 0.000001
0.112266 0.691875 0.111823 0.063597 0.000266 0.020171 0.000002
0.111565 0.690526 0.112841 0.064228 0.000251 0.020587 0.000001
0.106841 0.691680 0.114830 0.065216 0.000271 0.021160 0.000001
0.107172 0.688164 0.116233 0.066262 0.000274 0.021894 0.000001
0.105990 0.686927 0.117569 0.066908 0.000284 0.022321 0.000002
0.104469 0.686414 0.118469 0.067640 0.000292 0.022714 0.000002
0.104444 0.682273 0.120736 0.068710 0.000289 0.023546 0.000001
0.098248 0.684824 0.122640 0.069805 0.000299 0.024182 0.000002
0.100882 0.682167 0.122444 0.069860 0.000298 0.024347 0.000002
0.096352 0.681922 0.125004 0.071145 0.000322 0.025254 0.000001
0.095735 0.679400 0.126442 0.072083 0.000329 0.026009 0.000001
0.093760 0.679057 0.127714 0.072771 0.000322 0.026374 0.000002
0.090942 0.678789 0.129232 0.073712 0.000347 0.026977 0.000001
0.088712 0.678190 0.130627 0.074497 0.000350 0.027622 0.000002
0.087623 0.677599 0.131408 0.074975 0.000365 0.028029 0.000002
0.087515 0.675832 0.132339 0.075471 0.000369 0.028471 0.000001
0.082793 0.676749 0.134227 0.076606 0.000375 0.029247 0.000002
0.079788 0.675544 0.136515 0.077657 0.000388 0.030106 0.000002
0.077399 0.674154 0.138417 0.078742 0.000393 0.030894 0.000002
0.086805 0.666418 0.137143 0.078189 0.000399 0.031044 0.000002
0.084738 0.665640 0.138742 0.078811 0.000405 0.031659 0.000003
0.080363 0.666062 0.140711 0.080011 0.000418 0.032432 0.000003
0.081597 0.664275 0.140845 0.080114 0.000413 0.032754 0.000002
0.076851 0.663434 0.143681 0.081818 0.000431 0.033783 0.000003
0.074220 0.663448 0.144874 0.082619 0.000436 0.034401 0.000002
0.071517 0.662546 0.146737 0.083413 0.000444 0.035340 0.000003
0.074513 0.659102 0.146907 0.083442 0.000439 0.035595 0.000003
0.068837 0.660370 0.149081 0.084775 0.000452 0.036483 0.000002
0.066344 0.659735 0.150640 0.085488 0.000478 0.037312 0.000003
0.064712 0.659676 0.151528 0.085885 0.000472 0.037724 0.000002
0.060831 0.658272 0.154163 0.087236 0.000487 0.039009 0.000003
0.064113 0.653318 0.154738 0.087834 0.000502 0.039494 0.000002
0.059991 0.653566 0.156549 0.088849 0.000504 0.040538 0.000003
0.059285 0.650407 0.158378 0.090028 0.000521 0.041378 0.000002
0.057911 0.650218 0.159346 0.090183 0.000529 0.041811 0.000002
0.060301 0.646220 0.159804 0.090685 0.000530 0.042456 0.000004
0.056729 0.645704 0.161827 0.091820 0.000541 0.043376 0.000004
0.056677 0.644791 0.162136 0.091929 0.000561 0.043903 0.000003
0.053375 0.644212 0.164056 0.093026 0.000553 0.044773 0.000005
0.051205 0.642548 0.165943 0.093930 0.000579 0.045790 0.000004
0.049538 0.642647 0.166489 0.094549 0.000593 0.046179 0.000004
0.045864 0.641234 0.168912 0.095900 0.000586 0.047500 0.000004
0.047597 0.638275 0.169423 0.096117 0.000597 0.047986 0.000005
0.043029 0.638393 0.171457 0.097441 0.000610 0.049065 0.000004
0.042057 0.635079 0.173382 0.098550 0.000634 0.050293 0.000005
0.040698 0.633368 0.174862 0.099245 0.000637 0.051184 0.000006
0.038862 0.631745 0.176482 0.100141 0.000663 0.052103 0.000004
0.037360 0.632069 0.177118 0.100380 0.000667 0.052399 0.000006
0.038855 0.627070 0.178638 0.101253 0.000674 0.053506 0.000005
0.042509 0.623566 0.178447 0.100856 0.000673 0.053944 0.000005
0.038847 0.624677 0.179440 0.101698 0.000679 0.054654 0.000005
0.040529 0.619713 0.181049 0.102452 0.000704 0.055547 0.000005
0.039541 0.617419 0.182297 0.103388 0.000690 0.056658 0.000006
0.041577 0.612948 0.183275 0.103935 0.000705 0.057553 0.000006
0.038366 0.614107 0.184223 0.104591 0.000725 0.057981 0.000006
0.039828 0.611561 0.184743 0.104675 0.000736 0.058451 0.000006
0.037787 0.610213 0.186110 0.105547 0.000748 0.059589 0.000007
0.041338 0.604527 0.186986 0.105986 0.000755 0.060402 0.000006
0.038634 0.605079 0.187860 0.106598 0.000765 0.061056 0.000007
0.035765 0.603482 0.189890 0.107716 0.000779 0.062363 0.000006
0.035825 0.601601 0.190929 0.107970 0.000773 0.062894 0.000008
0.034131 0.601235 0.191252 0.108584 0.000799 0.063992 0.000008
0.033852 0.597040 0.193320 0.109728 0.000806 0.065246 0.000008
0.032458 0.595630 0.194753 0.110282 0.000809 0.066060 0.000008
0.033325 0.595561 0.194255 0.109740 0.000811 0.066299 0.000009
0.028926 0.592862 0.197454 0.111768 0.000848 0.068133 0.000009
0.030625 0.590719 0.197278 0.111901 0.000841 0.068628 0.000008
0.035965 0.585237 0.197173 0.111707 0.000860 0.069052 0.000007
0.036063 0.582442 0.198523 0.112038 0.000851 0.070074 0.000008
0.035665 0.580586 0.199143 0.112617 0.000889 0.071090 0.000010
0.034628 0.580586 0.199740 0.112800 0.000863 0.071374 0.000008
0.034625 0.576326 0.201425 0.113938 0.000891 0.072787 0.000007
0.034439 0.577025 0.200720 0.113878 0.000895 0.073035 0.000008
0.035067 0.572226 0.202679 0.114624 0.000913 0.074481 0.000009
0.034631 0.569883 0.203658 0.115219 0.000934 0.075665 0.000009
0.034125 0.569267 0.204231 0.115447 0.000921 0.075999 0.000010
0.035420 0.567684 0.203824 0.115485 0.000918 0.076660 0.000010
0.034321 0.564775 0.205531 0.116706 0.000951 0.077707 0.000011
0.030095 0.565723 0.207125 0.117351 0.000967 0.078728 0.000011
0.031725 0.561682 0.207825 0.117806 0.000977 0.079977 0.000008
0.029732 0.561892 0.208527 0.118298 0.000983 0.080560 0.000009
0.027623 0.560652 0.209716 0.119075 0.001000 0.081926 0.000008
0.028421 0.558762 0.210425 0.119049 0.001014 0.082320 0.000009
0.027713 0.557843 0.210700 0.119461 0.001014 0.083262 0.000008
0.027292 0.556778 0.211265 0.119795 0.001029 0.083833 0.000008
0.023888 0.553452 0.214316 0.121306 0.001045 0.085982 0.000012
0.023484 0.552814 0.214267 0.121562 0.001046 0.086816 0.000011
0.023759 0.551690 0.214770 0.121756 0.001072 0.086943 0.000011
0.022977 0.549843 0.215728 0.122282 0.001066 0.088094 0.000010
0.021957 0.547902 0.216918 0.122685 0.001075 0.089453 0.000010
0.021052 0.546577 0.217886 0.123231 0.001087 0.090156 0.000011
0.020926 0.543876 0.218933 0.123842 0.001080 0.091331 0.000012
0.019988 0.541465 0.220000 0.124550 0.001136 0.092852 0.000010
0.020323 0.539590 0.220652 0.124636 0.001140 0.093649 0.000010
0.019041 0.536706 0.222341 0.125790 0.001152 0.094960 0.000010
0.018708 0.534122 0.223373 0.126141 0.001193 0.096454 0.000011
0.019175 0.534296 0.223077 0.125995 0.001158 0.096288 0.000012
0.018552 0.532618 0.224068 0.126245 0.001199 0.097304 0.000014
0.017284 0.528724 0.225983 0.127649 0.001203 0.099145 0.000012
0.017256 0.527126 0.226622 0.127626 0.001253 0.100105 0.000013
0.017502 0.525864 0.226828 0.127932 0.001261 0.100598 0.000014
0.016581 0.522726 0.228236 0.128998 0.001255 0.102192 0.000012
0.017166 0.522620 0.227979 0.128716 0.001250 0.102255 0.000015
0.016544 0.520462 0.228897 0.129246 0.001279 0.103560 0.000011
0.016713 0.517957 0.229656 0.129703 0.001320 0.104637 0.000014
0.016739 0.516019 0.230085 0.130213 0.001305 0.105626 0.000013
0.016352 0.514520 0.230919 0.130240 0.001301 0.106650 0.000018
0.015997 0.512849 0.231350 0.130690 0.001316 0.107783 0.000015
0.015965 0.511150 0.232042 0.130907 0.001330 0.108591 0.000014
0.015918 0.509497 0.232577 0.131318 0.001334 0.109340 0.000017
0.015707 0.507935 0.233211 0.131785 0.001352 0.109998 0.000013
0.015244 0.504338 0.234930 0.132109 0.001379 0.111985 0.000015
0.015489 0.504089 0.234403 0.132402 0.001392 0.112210 0.000015
0.015295 0.501856 0.235258 0.132731 0.001369 0.113476 0.000016
0.015047 0.500070 0.235947 0.133061 0.001399 0.114461 0.000014
0.014794 0.497388 0.236970 0.133517 0.001404 0.115913 0.000014
0.014949 0.497170 0.236614 0.133635 0.001418 0.116199 0.000014
0.014735 0.493916 0.238198 0.133842 0.001435 0.117857 0.000018
0.014770 0.492303 0.238378 0.134465 0.001432 0.118636 0.000016
0.014420 0.491687 0.238797 0.134551 0.001426 0.119101 0.000018
0.014310 0.487816 0.240212 0.135138 0.001463 0.121044 0.000017
0.022057 0.482548 0.238413 0.134347 0.001470 0.121149 0.000017
0.022566 0.481330 0.238327 0.134657 0.001487 0.121615 0.000017
0.025727 0.479599 0.237486 0.133869 0.001470 0.121831 0.000018
0.025348 0.478555 0.238198 0.134153 0.001485 0.122240 0.000021
0.027287 0.476129 0.237943 0.134086 0.001474 0.123061 0.000020
0.025160 0.473653 0.239555 0.135236 0.001496 0.124878 0.000022
0.027791 0.470744 0.239200 0.134842 0.001542 0.125857 0.000024
0.027726 0.468874 0.239590 0.135231 0.001521 0.127039 0.000020
0.029672 0.467396 0.239043 0.134903 0.001531 0.127431 0.000024
0.022638 0.468119 0.242109 0.136205 0.001573 0.129333 0.000023
0.026365 0.465653 0.240977 0.135770 0.001538 0.129676 0.000021
0.023786 0.465611 0.241919 0.136212 0.001573 0.130876 0.000023
0.023143 0.464473 0.242178 0.136705 0.001578 0.131901 0.000022
0.021332 0.462483 0.244007 0.137198 0.001594 0.133361 0.000025
0.023270 0.460799 0.242998 0.137052 0.001612 0.134248 0.000021
0.019978 0.460289 0.244899 0.137938 0.001595 0.135276 0.000025
0.021258 0.458965 0.244586 0.137729 0.001608 0.135828 0.000027
0.020746 0.457684 0.244937 0.138070 0.001617 0.136921 0.000024
0.019381 0.456335 0.245692 0.138784 0.001657 0.138123 0.000028
0.021665 0.453618 0.245356 0.138264 0.001667 0.139405 0.000024
0.028758 0.448383 0.244218 0.137645 0.001639 0.139330 0.000026
0.027987 0.448386 0.244183 0.138013 0.001666 0.139736 0.000029
0.026869 0.446246 0.245317 0.138245 0.001668 0.141624 0.000031
0.027770 0.445102 0.245077 0.138245 0.001666 0.142111 0.000029
0.029097 0.443510 0.244791 0.138056 0.001702 0.142816 0.000029
0.028032 0.442573 0.245804 0.138477 0.001676 0.143408 0.000031
0.027810 0.440936 0.245898 0.138512 0.001709 0.145110 0.000026
0.029003 0.438999 0.246244 0.138327 0.001709 0.145689 0.000029
0.029071 0.439138 0.245566 0.138567 0.001732 0.145896 0.000030
0.027147 0.437689 0.246815 0.138988 0.001739 0.147595 0.000027
0.028411 0.437157 0.246141 0.138596 0.001750 0.147916 0.000029
0.024244 0.436486 0.247995 0.139698 0.001763 0.149787 0.000027
0.024029 0.433986 0.248405 0.140328 0.001768 0.151456 0.000028
0.023633 0.433765 0.248841 0.140413 0.001779 0.151538 0.000030
0.023754 0.432731 0.248633 0.140303 0.001785 0.152764 0.000029
0.021902 0.432205 0.249569 0.140680 0.001802 0.153813 0.000029
0.020760 0.429786 0.250515 0.141521 0.001820 0.155564 0.000034
0.020090 0.428518 0.251098 0.141688 0.001833 0.156743 0.000031
0.018666 0.428024 0.251641 0.142327 0.001878 0.157435 0.000029
0.017270 0.423800 0.253618 0.143398 0.001872 0.160009 0.000033
0.018401 0.423533 0.252616 0.142894 0.001881 0.160645 0.000029
0.018480 0.423637 0.252443 0.142609 0.001899 0.160902 0.000031
0.015831 0.421745 0.254507 0.143610 0.001922 0.162353 0.000032
0.016521 0.420697 0.253864 0.143554 0.001894 0.163441 0.000030
0.015763 0.419179 0.254592 0.143863 0.001931 0.164638 0.000034
0.014856 0.417396 0.255270 0.144651 0.001942 0.165852 0.000033
0.015713 0.415608 0.255393 0.144339 0.001945 0.166971 0.000030
0.015391 0.414501 0.255777 0.144355 0.001956 0.167990 0.000029
0.013972 0.411526 0.257215 0.145428 0.001996 0.169831 0.000032
0.013928 0.411051 0.257226 0.145540 0.001971 0.170250 0.000034
0.013550 0.408591 0.257976 0.145892 0.002022 0.171934 0.000036
0.013855 0.407793 0.257539 0.145842 0.002005 0.172933 0.000032
0.013665 0.405544 0.258192 0.145927 0.002003 0.174635 0.000032
0.013534 0.404929 0.258455 0.146044 0.002004 0.175000 0.000035
0.013402 0.403641 0.258540 0.146475 0.002031 0.175881 0.000029
0.013154 0.400785 0.259101 0.146856 0.002063 0.178002 0.000040
0.012770 0.397690 0.260226 0.147408 0.002063 0.179808 0.000035
0.012604 0.396629 0.260632 0.147264 0.002065 0.180769 0.000037
0.012674 0.397143 0.260151 0.147199 0.002100 0.180701 0.000032
0.012558 0.394954 0.260470 0.147521 0.002058 0.182403 0.000036
0.012574 0.392986 0.261246 0.147997 0.002082 0.183077 0.000040
0.020190 0.389190 0.258856 0.146639 0.002095 0.182993 0.000037
0.022992 0.386500 0.258687 0.146414 0.002062 0.183306 0.000039
0.026975 0.384307 0.257089 0.145588 0.002093 0.183908 0.000040
0.027195 0.382388 0.257722 0.145634 0.002117 0.184909 0.000036
0.025411 0.384961 0.257557 0.145777 0.002113 0.184141 0.000040
0.024865 0.380935 0.258352 0.146155 0.002106 0.187552 0.000035
0.027470 0.381101 0.257106 0.145326 0.002118 0.186841 0.000039
0.025149 0.380027 0.257956 0.145789 0.002134 0.188907 0.000037
0.026788 0.377728 0.258052 0.145791 0.002139 0.189461 0.000040
0.024016 0.379528 0.258172 0.145961 0.002139 0.190149 0.000035
0.023480 0.378500 0.258572 0.146328 0.002147 0.190935 0.000039
0.021531 0.376604 0.259342 0.146593 0.002178 0.193713 0.000040
0.022034 0.376558 0.259140 0.146661 0.002204 0.193370 0.000033
0.020374 0.373921 0.260446 0.146995 0.002183 0.196042 0.000038
0.020681 0.373439 0.259976 0.147016 0.002203 0.196644 0.000042
0.019375 0.372668 0.260847 0.147306 0.002223 0.197544 0.000036
0.017709 0.372392 0.261252 0.147908 0.002233 0.198466 0.000039
0.017202 0.370076 0.261582 0.148084 0.002251 0.200764 0.000041
0.017590 0.369435 0.261572 0.147967 0.002256 0.201138 0.000042
0.016977 0.369345 0.261631 0.147902 0.002266 0.201836 0.000043
0.016857 0.368953 0.261139 0.148080 0.002256 0.202674 0.000042
0.016332 0.366440 0.262190 0.148054 0.002290 0.204654 0.000040
0.015129 0.364836 0.262930 0.148879 0.002282 0.205898 0.000046
0.014521 0.362356 0.263705 0.149104 0.002324 0.207951 0.000038
0.014230 0.361178 0.264181 0.149365 0.002348 0.208654 0.000044
0.015510 0.362142 0.262922 0.148622 0.002305 0.208454 0.000045
0.014806 0.360741 0.263408 0.149043 0.002314 0.209647 0.000042
0.013834 0.357577 0.264890 0.149531 0.002366 0.211758 0.000045
0.012959 0.355436 0.265643 0.150207 0.002361 0.213352 0.000040
0.013458 0.355764 0.265141 0.149736 0.002345 0.213511 0.000045
0.013016 0.353655 0.265377 0.149978 0.002401 0.215532 0.000041
0.012885 0.350467 0.266208 0.150365 0.002435 0.217600 0.000041
0.013258 0.352285 0.265042 0.149875 0.002388 0.217104 0.000048
0.012987 0.351074 0.265691 0.149881 0.002441 0.217882 0.000044
0.012705 0.348908 0.265814 0.150257 0.002448 0.219820 0.000047
0.012407 0.347514 0.266367 0.150601 0.002429 0.220637 0.000044
0.012483 0.346278 0.266431 0.150684 0.002433 0.221641 0.000050
0.012546 0.345919 0.266180 0.150490 0.002459 0.222364 0.000041
0.012527 0.345391 0.265717 0.150523 0.002440 0.223356 0.000046
0.012657 0.343640 0.265974 0.150600 0.002502 0.224583 0.000045
0.012506 0.341780 0.266217 0.150556 0.002500 0.226399 0.000042
0.011634 0.337962 0.267578 0.151478 0.002523 0.228774 0.000049
0.011943 0.338162 0.267102 0.151110 0.002522 0.229114 0.000046
0.012021 0.337175 0.267328 0.150959 0.002537 0.229938 0.000042
0.012107 0.336166 0.266995 0.150917 0.002574 0.231195 0.000046
0.012095 0.334968 0.267406 0.151320 0.002539 0.231624 0.000047
0.012054 0.334621 0.267255 0.151295 0.002568 0.232159 0.000047
0.011923 0.331437 0.267807 0.151506 0.002538 0.234738 0.000051
0.011939 0.331305 0.267683 0.151478 0.002575 0.234973 0.000048
0.011604 0.329078 0.267996 0.152102 0.002581 0.236589 0.000050
0.011726 0.329177 0.268212 0.151594 0.002600 0.236640 0.000050
0.011777 0.326169 0.268301 0.151604 0.002617 0.239479 0.000054
0.011879 0.327133 0.267606 0.151311 0.002653 0.239361 0.000055
0.011657 0.325597 0.267903 0.151632 0.002620 0.240535 0.000057
0.011944 0.326940 0.267289 0.151183 0.002632 0.239965 0.000048
0.011786 0.322402 0.268390 0.151934 0.002661 0.242773 0.000054
0.015638 0.320917 0.266838 0.151228 0.002680 0.242651 0.000047
0.030009 0.315875 0.262824 0.148338 0.002597 0.240307 0.000050
0.023822 0.317447 0.264138 0.149545 0.002654 0.242342 0.000053
0.028468 0.315642 0.262432 0.148595 0.002614 0.242200 0.000050
0.024958 0.315683 0.263554 0.149183 0.002639 0.243931 0.000052
0.029058 0.316889 0.261403 0.147802 0.002672 0.242128 0.000048
0.026364 0.313233 0.262691 0.148935 0.002670 0.246053 0.000054
0.026374 0.315038 0.262066 0.148486 0.002688 0.245297 0.000050
0.024709 0.311459 0.263475 0.149168 0.002697 0.248439 0.000052
0.023950 0.313832 0.262544 0.148838 0.002731 0.248051 0.000054
0.025277 0.312462 0.261731 0.148506 0.002742 0.249227 0.000054
0.022545 0.311830 0.263026 0.149193 0.002747 0.250607 0.000052
0.022782 0.311347 0.262449 0.148922 0.002774 0.251674 0.000052
0.018675 0.310494 0.264195 0.149737 0.002732 0.254113 0.000055
0.019013 0.308161 0.264204 0.150016 0.002755 0.255797 0.000055
0.019678 0.308278 0.263706 0.149638 0.002779 0.255864 0.000057
0.018626 0.308924 0.264024 0.149402 0.002777 0.256189 0.000058
0.019159 0.306181 0.263877 0.149598 0.002785 0.258347 0.000054
0.018795 0.306977 0.263501 0.149264 0.002770 0.258634 0.000059
0.016944 0.307051 0.264611 0.149818 0.002789 0.258732 0.000054
0.016981 0.304467 0.264435 0.149842 0.002828 0.261390 0.000057
0.016492 0.304870 0.264210 0.149705 0.002816 0.261846 0.000061
0.015190 0.302455 0.265288 0.149910 0.002849 0.264246 0.000062
0.016053 0.302807 0.264520 0.149776 0.002872 0.263907 0.000065
0.013604 0.299313 0.266498 0.151068 0.002894 0.266568 0.000054
0.014394 0.297707 0.265871 0.150782 0.002864 0.268324 0.000059
0.013893 0.297993 0.266047 0.150767 0.002879 0.268362 0.000060
0.013918 0.296106 0.265926 0.150664 0.002895 0.270431 0.000060
0.013390 0.294659 0.266219 0.150797 0.002952 0.271919 0.000063
0.013740 0.293932 0.265965 0.150488 0.002929 0.272883 0.000062
0.013311 0.293082 0.266488 0.150847 0.002963 0.273243 0.000066
0.012777 0.291922 0.266409 0.151056 0.002998 0.274771 0.000066
0.013215 0.290423 0.265836 0.150764 0.002960 0.276737 0.000064
0.012838 0.288712 0.266540 0.150594 0.002963 0.278283 0.000070
0.012753 0.289245 0.266029 0.150678 0.002959 0.278267 0.000067
0.012547 0.286640 0.266408 0.151358 0.003006 0.279964 0.000076
0.012455 0.284294 0.266871 0.151413 0.002995 0.281898 0.000074
0.012420 0.285416 0.266544 0.151050 0.003007 0.281494 0.000069
0.013106 0.286540 0.265322 0.150658 0.003007 0.281300 0.000068
0.012450 0.282471 0.266331 0.151001 0.003039 0.284635 0.000072
0.012058 0.279899 0.266665 0.151655 0.003059 0.286603 0.000062
0.012168 0.278974 0.267019 0.151406 0.003034 0.287333 0.000067
0.012395 0.279065 0.266120 0.151044 0.003099 0.288213 0.000064
0.012487 0.278465 0.265914 0.151272 0.003118 0.288675 0.000069
0.012378 0.277568 0.266120 0.151060 0.003064 0.289740 0.000069
0.012598 0.276692 0.265191 0.151038 0.003069 0.291341 0.000072
0.012269 0.277377 0.265820 0.150848 0.003111 0.290509 0.000066
0.012323 0.275716 0.265607 0.150989 0.003129 0.292166 0.000071
0.012260 0.274688 0.265806 0.150763 0.003153 0.293260 0.000070
0.012329 0.273951 0.265558 0.150880 0.003147 0.294061 0.000075
0.012156 0.271150 0.266004 0.150659 0.003175 0.296778 0.000078
0.012420 0.272181 0.265386 0.150493 0.003168 0.296278 0.000073
0.012366 0.268976 0.265441 0.150918 0.003208 0.299014 0.000076
0.012450 0.269269 0.264988 0.150580 0.003144 0.299490 0.000079
0.012245 0.267466 0.265577 0.150705 0.003210 0.300718 0.000080
0.012331 0.267359 0.265348 0.150602 0.003219 0.301066 0.000075
0.012343 0.267797 0.265113 0.150104 0.003213 0.301354 0.000077
0.012222 0.265002 0.265368 0.150532 0.003245 0.303554 0.000078
0.012335 0.265790 0.264472 0.150124 0.003259 0.303942 0.000078
0.012215 0.263800 0.264785 0.150420 0.003289 0.305418 0.000073
0.012271 0.263784 0.264504 0.150160 0.003290 0.305915 0.000078
0.012514 0.263786 0.264319 0.149942 0.003286 0.306080 0.000074
0.012314 0.260924 0.264084 0.150185 0.003268 0.309150 0.000074
0.012181 0.259935 0.264056 0.150289 0.003305 0.310159 0.000075
0.012415 0.260014 0.263695 0.149861 0.003304 0.310633 0.000078
0.012281 0.258320 0.264253 0.150217 0.003291 0.311564 0.000074
0.012202 0.255246 0.264433 0.150477 0.003309 0.314255 0.000077
0.012308 0.257539 0.264027 0.149879 0.003347 0.312823 0.000078
0.012239 0.256083 0.264042 0.149992 0.003337 0.314227 0.000080
0.012427 0.255405 0.263423 0.149592 0.003327 0.315743 0.000083
0.012374 0.253816 0.263430 0.149799 0.003362 0.317137 0.000081
0.012412 0.253643 0.263666 0.149723 0.003359 0.317114 0.000084
0.012376 0.252133 0.263420 0.149694 0.003354 0.318941 0.000081
0.012545 0.251024 0.263417 0.149570 0.003366 0.319993 0.000084
0.012189 0.250586 0.263356 0.149784 0.003399 0.320603 0.000084
0.012375 0.249589 0.262863 0.149752 0.003384 0.321951 0.000086
0.012318 0.249244 0.262114 0.149077 0.003413 0.323754 0.000081
0.012333 0.247111 0.262857 0.149234 0.003380 0.324998 0.000088
0.012265 0.245755 0.262912 0.149231 0.003469 0.326279 0.000090
0.012282 0.245541 0.262423 0.149338 0.003424 0.326902 0.000089
0.012311 0.245795 0.262015 0.149306 0.003467 0.327026 0.000080
0.012523 0.243814 0.262367 0.149400 0.003470 0.328330 0.000096
0.012300 0.242511 0.262238 0.149270 0.003483 0.330109 0.000090
0.012404 0.242053 0.261856 0.149037 0.003445 0.331117 0.000089
0.012517 0.242868 0.261974 0.148783 0.003475 0.330297 0.000086
0.012547 0.240659 0.262106 0.148992 0.003526 0.332079 0.000091
0.012482 0.239617 0.261461 0.148904 0.003546 0.333900 0.000091
0.012567 0.240167 0.261345 0.148808 0.003528 0.333494 0.000091
0.012680 0.237929 0.261633 0.148582 0.003522 0.335560 0.000095
0.012372 0.238314 0.261356 0.148672 0.003565 0.335636 0.000085
0.012615 0.238248 0.261121 0.148489 0.003521 0.335914 0.000093
0.012665 0.236599 0.260783 0.148593 0.003502 0.337770 0.000088
0.012602 0.233984 0.261081 0.148292 0.003577 0.340377 0.000086
0.012693 0.234463 0.260361 0.148246 0.003567 0.340570 0.000099
0.012873 0.233149 0.259823 0.148288 0.003583 0.342191 0.000093
0.012864 0.232221 0.260257 0.147937 0.003631 0.343001 0.000090
0.012840 0.231026 0.260043 0.148089 0.003593 0.344315 0.000095
0.012855 0.233196 0.259398 0.147667 0.003577 0.343205 0.000102
0.013030 0.230164 0.259760 0.147726 0.003644 0.345580 0.000095
0.012967 0.230342 0.259433 0.147650 0.003608 0.345907 0.000094
0.012980 0.228880 0.259119 0.147606 0.003662 0.347656 0.000096
0.012912 0.228421 0.258951 0.147239 0.003688 0.348689 0.000100
0.012949 0.229070 0.258930 0.147497 0.003644 0.347812 0.000098
0.012844 0.227033 0.259181 0.147408 0.003705 0.349737 0.000092
0.012961 0.226066 0.258674 0.147546 0.003633 0.351021 0.000098
0.012906 0.226721 0.258609 0.147321 0.003732 0.350616 0.000096
0.013270 0.224979 0.257718 0.146942 0.003664 0.353329 0.000099
0.013102 0.223471 0.258085 0.146867 0.003716 0.354656 0.000103
0.013273 0.222698 0.257922 0.146851 0.003751 0.355398 0.000105
0.013097 0.222289 0.257228 0.146816 0.003774 0.356694 0.000102
0.013173 0.222437 0.257687 0.146915 0.003710 0.355974 0.000105
0.013203 0.221692 0.257249 0.146448 0.003765 0.357539 0.000104
0.013095 0.219298 0.257332 0.146440 0.003782 0.359948 0.000104
0.013318 0.220802 0.257141 0.146324 0.003755 0.358544 0.000116
0.013192 0.220425 0.256751 0.146318 0.003805 0.359403 0.000105
0.013329 0.218381 0.256462 0.146141 0.003818 0.361770 0.000099
0.013291 0.218343 0.256529 0.146129 0.003821 0.361778 0.000109
0.013263 0.217387 0.256600 0.146052 0.003793 0.362803 0.000103
0.013405 0.216862 0.256320 0.145768 0.003799 0.363739 0.000107
0.013419 0.215272 0.255244 0.145871 0.003856 0.366231 0.000107
0.013377 0.214875 0.255297 0.145747 0.003790 0.366806 0.000107
0.013469 0.212748 0.255565 0.145421 0.003846 0.368834 0.000116
0.013511 0.213991 0.254730 0.145759 0.003850 0.368050 0.000110
0.013474 0.212988 0.255189 0.145375 0.003814 0.369046 0.000114
0.013392 0.213396 0.254687 0.145175 0.003843 0.369400 0.000106
0.013640 0.210105 0.254704 0.145335 0.003873 0.372216 0.000127
0.013499 0.211076 0.254320 0.145118 0.003881 0.371989 0.000118
0.013562 0.209472 0.254070 0.144816 0.003850 0.374117 0.000113
0.013487 0.208057 0.253852 0.144749 0.003901 0.375832 0.000122
0.013566 0.208726 0.253777 0.144691 0.003870 0.375255 0.000115
0.013601 0.206901 0.253606 0.144487 0.003922 0.377367 0.000116
0.013694 0.207406 0.253440 0.144189 0.003873 0.377278 0.000121
0.013845 0.206643 0.253217 0.144491 0.003917 0.377770 0.000116
0.013706 0.206831 0.253065 0.144125 0.003929 0.378226 0.000118
0.013747 0.204925 0.252567 0.144420 0.003949 0.380266 0.000126
0.013692 0.204300 0.252428 0.144035 0.003935 0.381490 0.000121
0.013908 0.203029 0.252006 0.143641 0.003983 0.383311 0.000122
0.013988 0.203630 0.252170 0.143566 0.003961 0.382564 0.000121
0.014006 0.202958 0.252140 0.143630 0.003934 0.383211 0.000122
0.013921 0.201854 0.251806 0.143399 0.003932 0.384962 0.000126
0.014262 0.201654 0.251301 0.143462 0.004021 0.385169 0.000132
0.013991 0.202584 0.251637 0.143485 0.003913 0.384278 0.000113
0.013904 0.199580 0.250885 0.143126 0.003990 0.388395 0.000120
0.014184 0.199761 0.250769 0.142618 0.003992 0.388555 0.000120
0.014044 0.199590 0.250897 0.143043 0.004005 0.388293 0.000128
0.014206 0.198723 0.250349 0.142743 0.004033 0.389832 0.000114
0.014140 0.198697 0.250330 0.142678 0.004008 0.390020 0.000127
0.014258 0.197544 0.250104 0.142632 0.004083 0.391250 0.000128
0.014173 0.197723 0.249221 0.142428 0.004052 0.392272 0.000132
0.014365 0.197209 0.249315 0.142268 0.004047 0.392671 0.000125
0.014290 0.197035 0.249282 0.142198 0.004085 0.392981 0.000130
0.014290 0.195734 0.248906 0.142034 0.004087 0.394817 0.000132
0.014366 0.193805 0.248887 0.142072 0.004083 0.396658 0.000130
0.014266 0.193410 0.248836 0.141718 0.004102 0.397540 0.000127
0.014474 0.193770 0.248649 0.141792 0.004104 0.397086 0.000126
0.014446 0.193290 0.247947 0.141609 0.004099 0.398482 0.000126
0.014377 0.192974 0.247975 0.141418 0.004100 0.399030 0.000126
0.014386 0.191545 0.247717 0.141230 0.004118 0.400868 0.000136
0.014468 0.191205 0.247788 0.140776 0.004146 0.401478 0.000138
0.014608 0.190727 0.247569 0.141266 0.004093 0.401610 0.000126
0.014550 0.189639 0.246723 0.140929 0.004125 0.403900 0.000134
0.014557 0.188336 0.247065 0.140486 0.004135 0.405282 0.000138
0.014730 0.189619 0.247315 0.140755 0.004143 0.403302 0.000137
0.014633 0.187391 0.246173 0.140382 0.004122 0.407150 0.000149
0.014676 0.187856 0.246141 0.140157 0.004193 0.406835 0.000142
0.014689 0.186654 0.246081 0.140254 0.004150 0.408032 0.000139
0.014631 0.187000 0.246115 0.140013 0.004192 0.407906 0.000143
0.014818 0.185247 0.245498 0.140030 0.004174 0.410095 0.000138
0.014707 0.186343 0.244866 0.139728 0.004168 0.410039 0.000150
0.014817 0.184261 0.245238 0.139907 0.004209 0.411422 0.000146
0.014843 0.183308 0.244923 0.139418 0.004192 0.413175 0.000141
0.014851 0.184821 0.244754 0.139259 0.004179 0.411991 0.000146
0.015076 0.182360 0.244333 0.139264 0.004228 0.414595 0.000145
0.014770 0.182548 0.243646 0.139020 0.004225 0.415651 0.000141
0.014785 0.182056 0.243784 0.139037 0.004220 0.415975 0.000143
0.015035 0.181040 0.243386 0.138343 0.004251 0.417793 0.000152
0.015023 0.180528 0.243611 0.138635 0.004237 0.417818 0.000149
0.015082 0.180323 0.243358 0.138481 0.004264 0.418341 0.000150
0.015108 0.180264 0.243106 0.138773 0.004254 0.418347 0.000147
0.015032 0.179342 0.242681 0.138484 0.004256 0.420058 0.000147
0.015115 0.179117 0.242556 0.137910 0.004301 0.420850 0.000150
0.015112 0.178415 0.242259 0.137989 0.004292 0.421790 0.000143
0.015326 0.177102 0.241545 0.137737 0.004309 0.423838 0.000143
0.015320 0.177430 0.241404 0.137548 0.004309 0.423839 0.000150
0.015385 0.176151 0.241154 0.137541 0.004307 0.425307 0.000153
0.015422 0.176695 0.241376 0.137454 0.004271 0.424631 0.000151
0.015581 0.174872 0.240528 0.137031 0.004388 0.427443 0.000157
0.015329 0.175620 0.240679 0.137270 0.004304 0.426645 0.000153
0.015428 0.175724 0.240719 0.136850 0.004352 0.426777 0.000151
0.015555 0.173924 0.240065 0.136578 0.004333 0.429394 0.000152
0.015464 0.173215 0.240119 0.136706 0.004302 0.430040 0.000153
0.015318 0.173842 0.239634 0.136570 0.004343 0.430144 0.000150
0.015740 0.174066 0.239319 0.136201 0.004333 0.430185 0.000155
0.015656 0.172075 0.239122 0.136385 0.004401 0.432212 0.000149
0.015671 0.172829 0.239362 0.135772 0.004352 0.431862 0.000153
0.015733 0.172207 0.238859 0.135860 0.004376 0.432800 0.000164
0.015660 0.171197 0.238440 0.135900 0.004393 0.434254 0.000156
0.015790 0.170385 0.238007 0.135412 0.004377 0.435863 0.000165
0.015672 0.169847 0.237759 0.135507 0.004332 0.436721 0.000161
0.015766 0.169057 0.237208 0.135405 0.004435 0.437963 0.000166
0.015765 0.168664 0.237325 0.134988 0.004402 0.438691 0.000166
0.015912 0.167437 0.237075 0.135018 0.004408 0.439997 0.000154
0.016097 0.168487 0.237047 0.134865 0.004402 0.438929 0.000173
0.015917 0.167744 0.236544 0.134644 0.004411 0.440583 0.000156
0.015914 0.167073 0.236354 0.134674 0.004414 0.441403 0.000168
0.016104 0.166419 0.235790 0.134309 0.004443 0.442770 0.000166
0.016112 0.165827 0.235814 0.134377 0.004440 0.443277 0.000153
0.016255 0.165165 0.235058 0.134459 0.004435 0.444468 0.000160
0.016148 0.166040 0.235457 0.133940 0.004436 0.443826 0.000154
0.016362 0.163461 0.234852 0.133633 0.004489 0.447034 0.000168
0.016135 0.164258 0.234846 0.133820 0.004450 0.446315 0.000175
0.016357 0.163694 0.234257 0.133567 0.004488 0.447466 0.000171
0.016323 0.162807 0.233955 0.133580 0.004505 0.448662 0.000168
0.016368 0.163101 0.233424 0.133653 0.004492 0.448784 0.000178
0.016490 0.162733 0.233484 0.133570 0.004466 0.449085 0.000171
0.016348 0.162515 0.233734 0.133301 0.004439 0.449507 0.000157
0.016491 0.161459 0.232768 0.132650 0.004512 0.451947 0.000172
0.016543 0.160251 0.232343 0.132354 0.004543 0.453806 0.000160
0.016632 0.160914 0.232399 0.132455 0.004553 0.452881 0.000167
0.016762 0.160331 0.232214 0.132468 0.004565 0.453495 0.000167
0.016472 0.159752 0.231995 0.132330 0.004561 0.454710 0.000181
0.016621 0.159224 0.231870 0.132033 0.004542 0.455533 0.000177
0.016740 0.159280 0.231473 0.132149 0.004469 0.455718 0.000171
0.016740 0.158164 0.230911 0.131792 0.004554 0.457668 0.000171
0.016680 0.156733 0.230338 0.131436 0.004564 0.460075 0.000174
0.016735 0.157370 0.230403 0.131149 0.004586 0.459576 0.000180
0.016759 0.157771 0.230383 0.131504 0.004581 0.458824 0.000180
0.016803 0.156569 0.229934 0.131019 0.004603 0.460889 0.000183
0.016825 0.157044 0.230118 0.131053 0.004599 0.460180 0.000181
0.017020 0.155660 0.229663 0.130611 0.004581 0.462283 0.000183
0.017082 0.156197 0.229709 0.130430 0.004606 0.461791 0.000185
0.017065 0.154706 0.228401 0.130101 0.004639 0.464911 0.000176
0.017039 0.154537 0.228767 0.130205 0.004588 0.464688 0.000176
0.016922 0.154756 0.228760 0.130423 0.004602 0.464349 0.000188
0.017021 0.153972 0.228257 0.130152 0.004577 0.465833 0.000188
0.017095 0.153453 0.228009 0.129568 0.004586 0.467100 0.000188
0.017213 0.153452 0.227683 0.129569 0.004642 0.467258 0.000183
0.017363 0.153080 0.227775 0.129405 0.004588 0.467602 0.000186
0.017194 0.152579 0.227242 0.129172 0.004635 0.468997 0.000181
0.017319 0.152188 0.227172 0.129244 0.004575 0.469313 0.000190
0.017473 0.151505 0.226721 0.128894 0.004660 0.470573 0.000173
0.017540 0.150755 0.226241 0.128507 0.004628 0.472139 0.000190
0.017531 0.150095 0.225940 0.128629 0.004698 0.472918 0.000189
0.017567 0.150629 0.225709 0.128619 0.004655 0.472639 0.000182
0.017768 0.149840 0.225517 0.128544 0.004722 0.473418 0.000191
0.017524 0.149421 0.225123 0.128189 0.004668 0.474874 0.000201
0.017529 0.149078 0.224932 0.127951 0.004669 0.475648 0.000193
0.017502 0.148723 0.225221 0.127925 0.004646 0.475787 0.000196
0.017593 0.148812 0.225264 0.128032 0.004656 0.475448 0.000194
0.017729 0.148244 0.224284 0.127683 0.004673 0.477207 0.000180
0.017743 0.147395 0.223951 0.127392 0.004699 0.478629 0.000192
0.017909 0.147848 0.223964 0.127638 0.004639 0.477808 0.000194
0.017816 0.147814 0.223733 0.127137 0.004682 0.478618 0.000201
0.017869 0.146486 0.223795 0.127159 0.004712 0.479781 0.000199
0.017856 0.146110 0.223095 0.126831 0.004712 0.481206 0.000190
0.017739 0.146579 0.223085 0.126971 0.004699 0.480742 0.000186
0.017871 0.145980 0.222828 0.126611 0.004718 0.481796 0.000196
0.017981 0.145143 0.221859 0.126609 0.004705 0.483508 0.000196
0.018159 0.143981 0.221273 0.126117 0.004732 0.485546 0.000191
0.018203 0.144064 0.221672 0.126535 0.004752 0.484565 0.000210
0.018003 0.143797 0.221603 0.126270 0.004700 0.485440 0.000186
0.018375 0.143827 0.221252 0.125694 0.004712 0.485946 0.000194
0.018325 0.143157 0.220494 0.125816 0.004724 0.487286 0.000197
0.018127 0.143283 0.220712 0.125755 0.004792 0.487132 0.000198
0.018586 0.142068 0.219982 0.125511 0.004770 0.488879 0.000205
0.018455 0.142096 0.219719 0.125388 0.004795 0.489349 0.000199
