0.999116 0.000858 0.000019 0.000007 0.000000 0.000000 0.000000
0.998678 0.001282 0.000026 0.000005 0.000001 0.000008 0.000000
0.998241 0.001708 0.000035 0.000007 0.000000 0.000009 0.000000
0.997771 0.002167 0.000041 0.000012 0.000000 0.000009 0.000000
0.997295 0.002635 0.000046 0.000014 0.000000 0.000009 0.000000
0.996728 0.003193 0.000050 0.000020 0.000000 0.000009 0.000000
0.996243 0.003664 0.000062 0.000022 0.000000 0.000009 0.000000
0.995565 0.004327 0.000066 0.000032 0.000001 0.000009 0.000000
0.994799 0.005082 0.000076 0.000033 0.000001 0.000010 0.000000
0.993626 0.006241 0.000080 0.000043 0.000001 0.000009 0.000000
0.991981 0.007875 0.000091 0.000044 0.000001 0.000008 0.000000
0.990052 0.009738 0.000139 0.000061 0.000001 0.000009 0.000000
0.988642 0.011125 0.000155 0.000057 0.000001 0.000021 0.000000
0.985795 0.013901 0.000212 0.000076 0.000000 0.000016 0.000000
0.983629 0.016018 0.000249 0.000087 0.000000 0.000016 0.000000
0.980084 0.019482 0.000295 0.000120 0.000000 0.000020 0.000000
0.976446 0.023028 0.000352 0.000151 0.000000 0.000023 0.000000
0.972165 0.027171 0.000442 0.000201 0.000000 0.000020 0.000000
0.966813 0.032416 0.000494 0.000255 0.000000 0.000022 0.000000
0.962439 0.036698 0.000539 0.000305 0.000000 0.000018 0.000000
0.955829 0.043144 0.000638 0.000370 0.000000 0.000018 0.000000
0.948849 0.049963 0.000740 0.000430 0.000000 0.000018 0.000000
0.940734 0.057848 0.000866 0.000526 0.000000 0.000026 0.000000
0.933922 0.064505 0.000960 0.000581 0.000000 0.000032 0.000000
0.923756 0.074462 0.001082 0.000670 0.000000 0.000030 0.000000
0.914916 0.083067 0.001232 0.000744 0.000000 0.000042 0.000000
0.903844 0.093869 0.001416 0.000823 0.000000 0.000049 0.000000
0.888970 0.108356 0.001657 0.000955 0.000000 0.000062 0.000000
0.877613 0.119431 0.001828 0.001058 0.000000 0.000069 0.000000
0.865815 0.130870 0.002069 0.001168 0.000000 0.000078 0.000000
0.853554 0.142715 0.002348 0.001297 0.000000 0.000086 0.000000
0.839057 0.156766 0.002647 0.001438 0.000000 0.000092 0.000000
0.824404 0.170936 0.002936 0.001622 0.000000 0.000102 0.000000
0.807421 0.187402 0.003288 0.001777 0.000000 0.000112 0.000000
0.791555 0.202756 0.003564 0.001999 0.000000 0.000126 0.000000
0.778212 0.215638 0.003810 0.002195 0.000000 0.000144 0.000000
0.759894 0.233300 0.004228 0.002424 0.000000 0.000154 0.000000
0.742255 0.250202 0.004693 0.002678 0.000000 0.000172 0.000000
0.725924 0.265865 0.005086 0.002938 0.000000 0.000186 0.000000
0.707997 0.282973 0.005609 0.003214 0.000000 0.000207 0.000000
0.692380 0.297866 0.006073 0.003468 0.000001 0.000212 0.000000
0.672547 0.316650 0.006745 0.003817 0.000002 0.000240 0.000000
0.658791 0.329648 0.007230 0.004066 0.000003 0.000262 0.000000
0.641240 0.346185 0.007823 0.004462 0.000003 0.000288 0.000000
0.624868 0.361555 0.008423 0.004838 0.000004 0.000311 0.000000
0.609217 0.376110 0.009104 0.005223 0.000004 0.000343 0.000000
0.593439 0.390759 0.009818 0.005622 0.000005 0.000357 0.000000
0.578842 0.404233 0.010505 0.006019 0.000007 0.000394 0.000000
0.563758 0.418138 0.011228 0.006440 0.000008 0.000428 0.000000
0.551182 0.429704 0.011823 0.006816 0.000008 0.000467 0.000000
0.536676 0.442851 0.012674 0.007280 0.000008 0.000512 0.000000
0.525591 0.452849 0.013354 0.007644 0.000008 0.000554 0.000000
0.510255 0.466707 0.014217 0.008199 0.000010 0.000611 0.000000
0.502004 0.474016 0.014788 0.008525 0.000010 0.000657 0.000000
0.492865 0.481830 0.015594 0.008994 0.000008 0.000709 0.000000
0.477112 0.495957 0.016614 0.009543 0.000010 0.000764 0.000000
0.471223 0.500894 0.017225 0.009828 0.000012 0.000818 0.000000
0.461182 0.509424 0.018108 0.010388 0.000011 0.000888 0.000000
0.450621 0.518473 0.019026 0.010904 0.000010 0.000965 0.000000
0.439691 0.527846 0.020000 0.011415 0.000010 0.001038 0.000000
0.428763 0.537318 0.020843 0.011957 0.000011 0.001108 0.000000
0.423603 0.541400 0.021493 0.012336 0.000011 0.001158 0.000000
0.413769 0.549601 0.022481 0.012891 0.000012 0.001246 0.000000
0.403842 0.558074 0.023366 0.013382 0.000012 0.001325 0.000000
0.393656 0.566363 0.024510 0.014030 0.000013 0.001427 0.000000
0.388824 0.570173 0.025114 0.014405 0.000012 0.001472 0.000000
0.375866 0.581289 0.026174 0.015082 0.000014 0.001574 0.000000
0.372266 0.583686 0.026930 0.015460 0.000015 0.001644 0.000000
0.361605 0.592295 0.028134 0.016175 0.000015 0.001777 0.000000
0.348665 0.602876 0.029591 0.016941 0.000017 0.001910 0.000000
0.343423 0.606538 0.030449 0.017563 0.000021 0.002006 0.000000
0.336098 0.612099 0.031526 0.018144 0.000021 0.002113 0.000000
0.325792 0.620122 0.032911 0.018905 0.000023 0.002246 0.000000
0.322423 0.622195 0.033650 0.019354 0.000028 0.002350 0.000000
0.319886 0.623351 0.034449 0.019822 0.000030 0.002462 0.000000
0.310386 0.630441 0.035898 0.020645 0.000032 0.002598 0.000000
0.301932 0.636876 0.037027 0.021369 0.000033 0.002762 0.000000
0.298527 0.638253 0.038259 0.022015 0.000032 0.002914 0.000000
0.291734 0.642752 0.039628 0.022762 0.000037 0.003087 0.000000
0.288634 0.644838 0.040221 0.023125 0.000036 0.003146 0.000000
0.280988 0.650288 0.041513 0.023844 0.000038 0.003328 0.000000
0.275324 0.653616 0.042889 0.024646 0.000040 0.003485 0.000000
0.268910 0.657487 0.044342 0.025532 0.000042 0.003687 0.000000
0.265017 0.659787 0.045332 0.025981 0.000045 0.003838 0.000000
0.263863 0.659297 0.046246 0.026530 0.000043 0.004021 0.000000
0.256608 0.663896 0.047872 0.027352 0.000047 0.004224 0.000000
0.258775 0.660657 0.048462 0.027724 0.000049 0.004334 0.000000
0.248385 0.667503 0.050528 0.028899 0.000050 0.004634 0.000000
0.245751 0.668151 0.051721 0.029472 0.000054 0.004851 0.000000
0.243738 0.668650 0.052530 0.029988 0.000058 0.005035 0.000000
0.242124 0.668533 0.053420 0.030661 0.000057 0.005207 0.000000
0.234358 0.673516 0.055059 0.031546 0.000061 0.005460 0.000000
0.232009 0.673669 0.056244 0.032298 0.000063 0.005716 0.000000
0.224544 0.678103 0.058104 0.033172 0.000068 0.006009 0.000000
0.228614 0.673359 0.058420 0.033423 0.000066 0.006117 0.000000
0.217207 0.680970 0.060614 0.034661 0.000067 0.006482 0.000000
0.216280 0.680391 0.061558 0.035023 0.000072 0.006676 0.000000
0.211697 0.681982 0.063123 0.036139 0.000076 0.006983 0.000000
0.209226 0.682695 0.064179 0.036623 0.000075 0.007201 0.000000
0.208271 0.681601 0.065352 0.037226 0.000081 0.007470 0.000000
0.201495 0.685391 0.067096 0.038149 0.000083 0.007785 0.000000
0.202611 0.682796 0.067877 0.038545 0.000084 0.008087 0.000000
0.207755 0.677511 0.067860 0.038585 0.000085 0.008203 0.000000
0.200071 0.681927 0.069709 0.039662 0.000091 0.008540 0.000000
0.195097 0.683794 0.071516 0.040555 0.000097 0.008942 0.000000
0.188707 0.686813 0.073313 0.041758 0.000101 0.009308 0.000000
0.190051 0.684988 0.073683 0.041812 0.000105 0.009362 0.000000
0.185373 0.686115 0.075541 0.043031 0.000105 0.009835 0.000000
0.182456 0.686910 0.076691 0.043663 0.000110 0.010171 0.000000
0.180963 0.685027 0.078540 0.044766 0.000116 0.010588 0.000000
0.175412 0.687920 0.079969 0.045596 0.000118 0.010986 0.000000
0.175612 0.686127 0.080832 0.046061 0.000117 0.011251 0.000000
0.170269 0.688584 0.082350 0.047102 0.000123 0.011571 0.000000
0.172346 0.685098 0.083204 0.047373 0.000136 0.011842 0.000000
0.168784 0.687245 0.084002 0.047732 0.000140 0.012097 0.000000
0.162143 0.688712 0.086738 0.049471 0.000150 0.012785 0.000000
0.158986 0.690694 0.087374 0.049772 0.000144 0.013029 0.000000
0.156534 0.690016 0.089035 0.050758 0.000144 0.013512 0.000000
0.153543 0.690634 0.090373 0.051548 0.000153 0.013749 0.000000
0.151592 0.689753 0.092013 0.052308 0.000159 0.014174 0.000001
0.150169 0.689563 0.092840 0.052810 0.000165 0.014452 0.000001
0.141743 0.693042 0.095580 0.054346 0.000180 0.015109 0.000001
0.141266 0.691763 0.096355 0.054860 0.000183 0.015573 0.000001
0.140842 0.689692 0.097690 0.055665 0.000178 0.015933 0.000001
0.132257 0.694341 0.099922 0.056774 0.000191 0.016516 0.000001
0.130078 0.694345 0.101188 0.057283 0.000205 0.016900 0.000000
0.129317 0.692787 0.102302 0.057961 0.000203 0.017429 0.000001
0.116713 0.698879 0.105736 0.060108 0.000217 0.018347 0.000000
0.117609 0.695724 0.106963 0.060724 0.000224 0.018755 0.000001
0.120252 0.692567 0.107138 0.060866 0.000228 0.018949 0.000000
0.112657 0.695215 0.109820 0.062356 0.000228 0.019723 0.000001
0.110559 0.695298 0.110839 0.062972 0.000240 0.020092 0.000000
0.106276 0.695841 0.112805 0.064094 0.000255 0.020728 0.000000
0.105339 0.693996 0.114136 0.064947 0.000255 0.021326 0.000001
0.099179 0.695760 0.116487 0.066296 0.000265 0.022011 0.000001
0.095699 0.695159 0.118753 0.067396 0.000269 0.022723 0.000001
0.096584 0.692882 0.119514 0.067704 0.000269 0.023046 0.000001
0.091744 0.695591 0.120473 0.068449 0.000279 0.023462 0.000001
0.089635 0.693047 0.123025 0.069753 0.000280 0.024259 0.000000
0.087822 0.693265 0.123761 0.070163 0.000293 0.024696 0.000001
0.083092 0.693735 0.125770 0.071549 0.000309 0.025545 0.000001
0.078276 0.693047 0.128602 0.073223 0.000322 0.026529 0.000001
0.079675 0.691592 0.128623 0.073116 0.000324 0.026670 0.000001
0.072586 0.693364 0.131528 0.074588 0.000327 0.027605 0.000001
0.071094 0.693079 0.132261 0.075192 0.000334 0.028039 0.000001
0.069020 0.691961 0.133910 0.076007 0.000340 0.028762 0.000002
0.066359 0.691034 0.135706 0.077178 0.000353 0.029368 0.000002
0.063756 0.689661 0.137772 0.078356 0.000351 0.030102 0.000002
0.061624 0.689237 0.138849 0.079115 0.000373 0.030799 0.000002
0.057752 0.689342 0.140773 0.080248 0.000380 0.031504 0.000002
0.052842 0.688583 0.143811 0.081825 0.000395 0.032542 0.000001
0.052731 0.687393 0.144432 0.082168 0.000394 0.032879 0.000001
0.050831 0.684680 0.146663 0.083499 0.000420 0.033906 0.000002
0.046543 0.683572 0.149543 0.084992 0.000435 0.034913 0.000002
0.046320 0.681876 0.150422 0.085385 0.000446 0.035548 0.000002
0.044120 0.680035 0.152396 0.086633 0.000455 0.036359 0.000002
0.041138 0.679219 0.154230 0.087714 0.000466 0.037232 0.000002
0.041809 0.676845 0.154632 0.088266 0.000466 0.037980 0.000003
0.039546 0.675522 0.156598 0.089254 0.000481 0.038596 0.000002
0.037630 0.673850 0.158352 0.090208 0.000481 0.039477 0.000002
0.037244 0.671866 0.159534 0.090763 0.000481 0.040108 0.000003
0.037407 0.670859 0.159526 0.091294 0.000489 0.040422 0.000003
0.034359 0.668093 0.162682 0.092730 0.000504 0.041629 0.000002
0.034003 0.665296 0.164046 0.093437 0.000517 0.042699 0.000002
0.032384 0.664419 0.165237 0.094170 0.000524 0.043264 0.000002
0.031944 0.661506 0.166787 0.095297 0.000527 0.043937 0.000003
0.032481 0.661147 0.166417 0.095127 0.000528 0.044297 0.000003
0.030558 0.657775 0.169320 0.096469 0.000550 0.045325 0.000002
0.030288 0.655570 0.170221 0.097290 0.000563 0.046065 0.000003
0.038640 0.646931 0.170088 0.097015 0.000553 0.046770 0.000004
0.041881 0.642060 0.170702 0.097609 0.000569 0.047175 0.000004
0.042978 0.638694 0.171466 0.098022 0.000586 0.048250 0.000003
0.045919 0.634028 0.172139 0.098494 0.000571 0.048845 0.000004
0.048565 0.630875 0.172394 0.098467 0.000582 0.049113 0.000004
0.045850 0.632231 0.172895 0.098912 0.000595 0.049514 0.000003
0.047742 0.626561 0.174716 0.099708 0.000592 0.050677 0.000005
0.048004 0.625070 0.174944 0.100109 0.000614 0.051257 0.000002
0.047175 0.623303 0.176266 0.100591 0.000624 0.052038 0.000003
0.045104 0.622067 0.177779 0.101602 0.000640 0.052804 0.000004
0.045523 0.620202 0.178276 0.101902 0.000634 0.053460 0.000003
0.044491 0.618384 0.179547 0.102556 0.000650 0.054370 0.000003
0.041537 0.619371 0.180259 0.103157 0.000670 0.055004 0.000002
0.041275 0.616724 0.181586 0.103821 0.000682 0.055908 0.000003
0.039599 0.615953 0.182845 0.104257 0.000686 0.056657 0.000003
0.037377 0.614244 0.184600 0.105138 0.000685 0.057953 0.000003
0.038937 0.612199 0.184591 0.105266 0.000704 0.058300 0.000003
0.035895 0.612388 0.185745 0.106021 0.000716 0.059232 0.000003
0.034855 0.610199 0.187254 0.106747 0.000717 0.060225 0.000003
0.033950 0.608227 0.188472 0.107571 0.000716 0.061061 0.000003
0.032135 0.606261 0.189950 0.108472 0.000749 0.062430 0.000003
0.030401 0.607235 0.190260 0.108962 0.000750 0.062390 0.000004
0.029060 0.604812 0.192230 0.109644 0.000751 0.063499 0.000003
0.027742 0.602555 0.193657 0.110416 0.000775 0.064850 0.000004
0.027692 0.599866 0.194848 0.111122 0.000769 0.065697 0.000006
0.024881 0.597151 0.197138 0.112530 0.000785 0.067512 0.000004
0.025756 0.597640 0.196528 0.112204 0.000787 0.067079 0.000006
0.023139 0.593845 0.199708 0.113548 0.000810 0.068946 0.000004
0.023679 0.592988 0.199284 0.113819 0.000809 0.069417 0.000005
0.023243 0.591703 0.199916 0.114245 0.000849 0.070040 0.000005
0.022248 0.589939 0.201074 0.114795 0.000851 0.071088 0.000004
0.021316 0.585760 0.203272 0.116235 0.000853 0.072559 0.000005
0.021579 0.585651 0.203435 0.115837 0.000872 0.072622 0.000003
0.021144 0.582673 0.204659 0.116719 0.000892 0.073909 0.000004
0.020320 0.580738 0.205616 0.117393 0.000880 0.075048 0.000005
0.020346 0.577824 0.206770 0.118177 0.000897 0.075983 0.000004
0.019130 0.576513 0.207674 0.118853 0.000917 0.076907 0.000005
0.019062 0.574840 0.208496 0.119111 0.000924 0.077563 0.000004
0.018555 0.571272 0.210175 0.119989 0.000918 0.079087 0.000005
0.018445 0.569755 0.210482 0.120444 0.000927 0.079944 0.000004
0.018350 0.568539 0.211087 0.120719 0.000959 0.080342 0.000004
0.018156 0.566116 0.212061 0.121101 0.000977 0.081585 0.000004
0.018159 0.564830 0.212354 0.121366 0.000977 0.082311 0.000004
0.017469 0.560699 0.214322 0.122545 0.000980 0.083981 0.000004
0.017687 0.560851 0.214220 0.122271 0.000990 0.083975 0.000005
0.017364 0.558228 0.215027 0.123275 0.000992 0.085109 0.000005
0.016980 0.555668 0.216311 0.123661 0.001006 0.086366 0.000007
0.016673 0.553757 0.217246 0.124170 0.001007 0.087140 0.000007
0.016629 0.552536 0.217746 0.124470 0.001010 0.087601 0.000008
0.016390 0.548628 0.219413 0.125197 0.001024 0.089341 0.000007
0.016429 0.547851 0.219587 0.125117 0.001053 0.089955 0.000009
0.016060 0.544390 0.220901 0.126041 0.001065 0.091534 0.000009
0.016131 0.543075 0.221130 0.126454 0.001058 0.092146 0.000007
0.015753 0.540488 0.222277 0.127021 0.001073 0.093378 0.000009
0.015465 0.537732 0.223388 0.127724 0.001084 0.094600 0.000006
0.015409 0.537255 0.223505 0.127623 0.001103 0.095098 0.000007
0.015502 0.535094 0.224380 0.128039 0.001126 0.095851 0.000008
0.015461 0.533168 0.224957 0.128398 0.001118 0.096890 0.000008
0.015459 0.532123 0.225114 0.128640 0.001149 0.097504 0.000010
0.014910 0.528466 0.226663 0.129651 0.001148 0.099151 0.000011
0.015068 0.526901 0.227023 0.129800 0.001183 0.100017 0.000008
0.014815 0.524727 0.227988 0.130169 0.001168 0.101125 0.000009
0.014882 0.522802 0.228828 0.130260 0.001169 0.102047 0.000012
0.014863 0.521994 0.228850 0.130607 0.001186 0.102490 0.000009
0.014552 0.519161 0.229871 0.131352 0.001202 0.103851 0.000012
0.014792 0.517979 0.230121 0.131285 0.001182 0.104631 0.000010
0.014444 0.515540 0.231178 0.131964 0.001239 0.105623 0.000012
0.014246 0.512874 0.232263 0.132182 0.001237 0.107189 0.000010
0.014300 0.510895 0.232948 0.132743 0.001241 0.107863 0.000010
0.014248 0.510355 0.233046 0.132617 0.001245 0.108478 0.000012
0.014259 0.508637 0.233148 0.133016 0.001278 0.109652 0.000011
0.013940 0.506414 0.234360 0.133491 0.001299 0.110485 0.000011
0.013958 0.503383 0.235186 0.133956 0.001318 0.112188 0.000011
0.013970 0.502412 0.235561 0.134210 0.001300 0.112536 0.000011
0.013854 0.501007 0.235811 0.134404 0.001318 0.113594 0.000013
0.021590 0.494810 0.234814 0.133704 0.001317 0.113753 0.000012
0.023407 0.492351 0.234738 0.133653 0.001360 0.114473 0.000018
0.023803 0.489823 0.235454 0.134022 0.001374 0.115507 0.000018
0.025524 0.488728 0.234768 0.133834 0.001364 0.115765 0.000017
0.021644 0.489392 0.236183 0.134729 0.001356 0.116682 0.000015
0.024781 0.484717 0.236425 0.134404 0.001386 0.118269 0.000018
0.023174 0.485032 0.236799 0.134958 0.001389 0.118634 0.000015
0.020914 0.485271 0.237756 0.135133 0.001391 0.119520 0.000016
0.027463 0.480156 0.236219 0.134589 0.001398 0.120159 0.000016
0.027243 0.479391 0.236441 0.134642 0.001417 0.120846 0.000019
0.026388 0.476872 0.237759 0.134869 0.001423 0.122673 0.000016
0.024648 0.475383 0.238703 0.135846 0.001460 0.123940 0.000019
0.022935 0.476027 0.239362 0.136166 0.001467 0.124027 0.000016
0.024646 0.473587 0.239202 0.135836 0.001433 0.125277 0.000019
0.023010 0.472409 0.239864 0.136468 0.001441 0.126790 0.000017
0.020421 0.470893 0.241594 0.137322 0.001469 0.128282 0.000019
0.019604 0.470263 0.241901 0.137584 0.001483 0.129146 0.000019
0.020425 0.468972 0.241743 0.137508 0.001478 0.129855 0.000020
0.019117 0.468049 0.242583 0.138059 0.001500 0.130675 0.000018
0.017942 0.466277 0.243460 0.138614 0.001528 0.132160 0.000019
0.018269 0.464089 0.244038 0.138692 0.001524 0.133371 0.000017
0.017058 0.462717 0.244996 0.139208 0.001557 0.134447 0.000017
0.017929 0.461008 0.244807 0.139355 0.001530 0.135353 0.000019
0.016953 0.459004 0.245796 0.139587 0.001547 0.137090 0.000023
0.015681 0.457374 0.246639 0.140560 0.001577 0.138148 0.000022
0.015823 0.457531 0.246455 0.140246 0.001572 0.138351 0.000021
0.015682 0.455378 0.247021 0.140439 0.001585 0.139872 0.000023
0.015272 0.453937 0.247691 0.140836 0.001607 0.140632 0.000024
0.015032 0.452591 0.248131 0.140889 0.001636 0.141693 0.000027
0.014557 0.450874 0.248669 0.141505 0.001626 0.142747 0.000022
0.014429 0.448449 0.249067 0.142100 0.001671 0.144261 0.000023
0.013755 0.445126 0.250502 0.142502 0.001661 0.146430 0.000025
0.014020 0.445289 0.250242 0.142416 0.001671 0.146336 0.000026
0.014581 0.444910 0.249898 0.142052 0.001686 0.146845 0.000027
0.013435 0.443022 0.250953 0.142879 0.001685 0.147999 0.000028
0.012971 0.440498 0.252053 0.143095 0.001708 0.149647 0.000028
0.012873 0.439573 0.252065 0.143489 0.001743 0.150225 0.000031
0.013578 0.438053 0.252105 0.143120 0.001711 0.151408 0.000026
0.013175 0.435610 0.252966 0.143615 0.001752 0.152852 0.000030
0.012780 0.435241 0.253235 0.143848 0.001779 0.153089 0.000029
0.012352 0.431319 0.254217 0.144867 0.001767 0.155449 0.000028
0.013054 0.431407 0.254045 0.144211 0.001786 0.155469 0.000028
0.012655 0.429650 0.254451 0.144621 0.001775 0.156820 0.000028
0.012993 0.428130 0.254608 0.144636 0.001797 0.157806 0.000031
0.012292 0.424862 0.255950 0.145393 0.001834 0.159637 0.000033
0.012300 0.425148 0.255668 0.145416 0.001816 0.159618 0.000033
0.012107 0.422650 0.256263 0.145995 0.001836 0.161115 0.000033
0.011914 0.421219 0.256747 0.146032 0.001845 0.162208 0.000035
0.012173 0.417714 0.257157 0.146622 0.001853 0.164452 0.000028
0.012398 0.419547 0.256585 0.146062 0.001872 0.163502 0.000034
0.012093 0.417910 0.257146 0.146407 0.001875 0.164535 0.000033
0.011740 0.414900 0.257874 0.146952 0.001884 0.166615 0.000033
0.012128 0.413786 0.257849 0.146773 0.001878 0.167549 0.000036
0.012263 0.412818 0.257711 0.147100 0.001900 0.168176 0.000031
0.011786 0.409434 0.259122 0.147491 0.001908 0.170224 0.000034
0.011873 0.409412 0.258838 0.147466 0.001915 0.170461 0.000034
0.011734 0.407627 0.259316 0.147667 0.001933 0.171686 0.000037
0.011827 0.406511 0.259337 0.147470 0.001939 0.172879 0.000037
0.011582 0.403897 0.259907 0.148070 0.001952 0.174555 0.000036
0.011636 0.401754 0.260245 0.148495 0.001965 0.175868 0.000038
0.011635 0.400973 0.260330 0.148270 0.001983 0.176773 0.000036
0.011616 0.399418 0.260687 0.148677 0.002003 0.177563 0.000036
0.011446 0.397186 0.261184 0.148806 0.002008 0.179336 0.000033
0.011784 0.397994 0.260793 0.148282 0.002006 0.179101 0.000040
0.011528 0.395277 0.261862 0.148781 0.002051 0.180463 0.000038
0.011477 0.394981 0.261406 0.148849 0.002057 0.181190 0.000041
0.011496 0.393060 0.261608 0.149150 0.002034 0.182609 0.000043
0.011444 0.391263 0.262161 0.149159 0.002036 0.183897 0.000040
0.011548 0.389898 0.262339 0.149212 0.002028 0.184934 0.000041
0.011359 0.386117 0.263330 0.149921 0.002105 0.187124 0.000045
0.011358 0.387073 0.263087 0.149578 0.002101 0.186761 0.000042
0.011340 0.386606 0.262589 0.149748 0.002094 0.187579 0.000043
0.011219 0.383555 0.263549 0.149778 0.002112 0.189746 0.000041
0.011456 0.383046 0.263275 0.150232 0.002104 0.189848 0.000040
0.011341 0.381089 0.263880 0.149980 0.002136 0.191537 0.000037
0.011285 0.378727 0.264374 0.150577 0.002132 0.192864 0.000041
0.011389 0.378140 0.263904 0.150467 0.002116 0.193942 0.000042
0.011233 0.376790 0.264578 0.150542 0.002152 0.194663 0.000042
0.011386 0.374274 0.264691 0.150833 0.002220 0.196556 0.000041
0.011269 0.374132 0.264666 0.150706 0.002160 0.197025 0.000043
0.011283 0.372122 0.265088 0.150664 0.002188 0.198614 0.000041
0.011316 0.370830 0.265178 0.150570 0.002200 0.199861 0.000044
0.011244 0.369689 0.265019 0.151222 0.002243 0.200539 0.000044
0.011311 0.368127 0.265547 0.150939 0.002209 0.201823 0.000044
0.011256 0.367926 0.265575 0.151152 0.002223 0.201824 0.000045
0.011181 0.366675 0.265915 0.151087 0.002249 0.202848 0.000045
0.011254 0.363964 0.266414 0.151389 0.002249 0.204685 0.000045
0.011216 0.364244 0.266116 0.151065 0.002242 0.205076 0.000040
0.011262 0.362126 0.265939 0.151512 0.002261 0.206854 0.000046
0.011301 0.361958 0.266200 0.151171 0.002289 0.207037 0.000044
0.011318 0.359647 0.266270 0.151595 0.002272 0.208853 0.000045
0.011414 0.357966 0.266759 0.151753 0.002311 0.209751 0.000047
0.011349 0.356479 0.266806 0.151670 0.002287 0.211361 0.000048
0.011176 0.355955 0.266978 0.151764 0.002304 0.211775 0.000049
0.011340 0.354636 0.266885 0.151954 0.002337 0.212807 0.000041
0.011408 0.354180 0.267033 0.151814 0.002351 0.213171 0.000044
0.011248 0.351597 0.267542 0.151794 0.002331 0.215442 0.000046
0.011203 0.349656 0.267636 0.152025 0.002404 0.217031 0.000046
0.011492 0.350194 0.267513 0.151694 0.002332 0.216727 0.000048
0.011358 0.346354 0.267833 0.152223 0.002385 0.219799 0.000049
0.011251 0.346475 0.267847 0.152290 0.002384 0.219707 0.000046
0.011334 0.345974 0.267981 0.152259 0.002405 0.219998 0.000050
0.011274 0.343935 0.268543 0.152151 0.002390 0.221657 0.000050
0.011346 0.341328 0.268310 0.152494 0.002409 0.224064 0.000050
0.011216 0.339978 0.268593 0.152474 0.002430 0.225258 0.000051
0.011270 0.340678 0.268581 0.152419 0.002444 0.224559 0.000049
0.011315 0.338408 0.268594 0.152834 0.002438 0.226362 0.000049
0.011319 0.337601 0.268999 0.152828 0.002484 0.226720 0.000049
0.011220 0.336304 0.268712 0.152629 0.002482 0.228606 0.000047
0.011338 0.335405 0.268693 0.152616 0.002453 0.229448 0.000048
0.011286 0.335717 0.268712 0.152631 0.002508 0.229095 0.000050
0.011347 0.333074 0.268761 0.152781 0.002508 0.231478 0.000051
0.011301 0.333693 0.268631 0.152500 0.002498 0.231327 0.000050
0.011272 0.330941 0.269093 0.152780 0.002531 0.233328 0.000054
0.011362 0.329970 0.268971 0.152717 0.002508 0.234421 0.000051
0.011223 0.327746 0.269357 0.152937 0.002519 0.236171 0.000047
0.011290 0.326858 0.269178 0.152782 0.002545 0.237295 0.000053
0.011294 0.325638 0.269208 0.152956 0.002593 0.238256 0.000054
0.011405 0.324207 0.269658 0.152573 0.002585 0.239521 0.000051
0.011391 0.323069 0.269579 0.152842 0.002587 0.240478 0.000054
0.011444 0.322621 0.269317 0.153014 0.002579 0.240971 0.000054
0.011394 0.321863 0.269497 0.152856 0.002627 0.241711 0.000053
0.011277 0.320252 0.269522 0.153032 0.002617 0.243244 0.000056
0.011339 0.318704 0.269561 0.153083 0.002594 0.244666 0.000053
0.011376 0.318703 0.269391 0.152926 0.002660 0.244886 0.000057
0.011488 0.316119 0.269535 0.152921 0.002635 0.247248 0.000053
0.011493 0.315485 0.269494 0.152937 0.002668 0.247868 0.000055
0.011349 0.315742 0.269345 0.152922 0.002679 0.247905 0.000059
0.011465 0.313441 0.269371 0.152964 0.002702 0.249995 0.000061
0.011345 0.312492 0.269810 0.152813 0.002676 0.250800 0.000064
0.011574 0.311481 0.269366 0.152903 0.002712 0.251903 0.000062
0.011562 0.310414 0.269705 0.152693 0.002718 0.252849 0.000058
0.011379 0.309574 0.269570 0.153235 0.002718 0.253466 0.000058
0.011593 0.307953 0.269253 0.153199 0.002726 0.255210 0.000066
0.011491 0.306861 0.269641 0.152784 0.002740 0.256420 0.000064
0.011501 0.305362 0.269689 0.153005 0.002746 0.257634 0.000063
0.011527 0.305244 0.269623 0.153240 0.002725 0.257583 0.000059
0.011526 0.303392 0.269883 0.152992 0.002776 0.259369 0.000061
0.011485 0.303265 0.269287 0.153090 0.002800 0.260009 0.000065
0.011556 0.301514 0.269758 0.153386 0.002764 0.260960 0.000061
0.011583 0.301443 0.269343 0.152853 0.002816 0.261904 0.000059
0.011668 0.299130 0.269405 0.152994 0.002802 0.263945 0.000057
0.011568 0.298148 0.269547 0.153104 0.002840 0.264727 0.000065
0.011601 0.297818 0.269324 0.152846 0.002879 0.265473 0.000059
0.011671 0.296854 0.269642 0.152987 0.002887 0.265898 0.000061
0.011591 0.295028 0.269488 0.153098 0.002907 0.267829 0.000059
0.011624 0.294200 0.269372 0.153031 0.002922 0.268788 0.000063
0.011717 0.293036 0.269447 0.153024 0.002891 0.269826 0.000060
0.011635 0.292735 0.269490 0.152849 0.002924 0.270308 0.000060
0.011646 0.290818 0.269432 0.153139 0.002927 0.271972 0.000067
0.011770 0.290448 0.269302 0.153269 0.002911 0.272240 0.000059
0.011609 0.288393 0.269120 0.153091 0.002923 0.274800 0.000064
0.011770 0.288205 0.268970 0.152957 0.002918 0.275112 0.000069
0.011778 0.288293 0.269081 0.152859 0.002949 0.274974 0.000065
0.011604 0.285974 0.268860 0.152665 0.002940 0.277888 0.000069
0.011792 0.285127 0.268996 0.152811 0.002964 0.278241 0.000069
0.011910 0.283336 0.269030 0.152964 0.002956 0.279734 0.000069
0.011596 0.282957 0.269025 0.152666 0.003005 0.280684 0.000067
0.011877 0.281532 0.268924 0.152955 0.003022 0.281623 0.000066
0.011790 0.281470 0.268843 0.152613 0.003004 0.282210 0.000070
0.011798 0.280091 0.268597 0.152691 0.003018 0.283743 0.000062
0.011944 0.280551 0.268721 0.152269 0.003042 0.283402 0.000071
0.011790 0.278051 0.268318 0.152612 0.003057 0.286101 0.000071
0.011939 0.276963 0.268671 0.152539 0.003091 0.286732 0.000066
0.012021 0.275556 0.268308 0.152404 0.003103 0.288541 0.000067
0.011997 0.275333 0.267880 0.152599 0.003084 0.289037 0.000070
0.011812 0.274442 0.268129 0.152353 0.003109 0.290076 0.000078
0.011806 0.274601 0.268194 0.152209 0.003060 0.290061 0.000069
0.011806 0.272747 0.268125 0.152142 0.003102 0.292007 0.000073
0.011877 0.271390 0.268078 0.152276 0.003090 0.293221 0.000069
0.012007 0.271138 0.267989 0.152493 0.003073 0.293231 0.000068
0.012010 0.269856 0.267876 0.152253 0.003101 0.294839 0.000066
0.011896 0.269037 0.267609 0.152081 0.003111 0.296193 0.000074
0.012020 0.268069 0.267655 0.152215 0.003164 0.296806 0.000071
0.012043 0.266955 0.267972 0.152028 0.003122 0.297811 0.000069
0.012183 0.265664 0.267732 0.151716 0.003155 0.299477 0.000073
0.011998 0.265107 0.267638 0.151864 0.003162 0.300157 0.000073
0.012065 0.263201 0.267250 0.151871 0.003148 0.302390 0.000076
0.012261 0.263721 0.267053 0.151926 0.003189 0.301777 0.000073
0.012052 0.262021 0.267336 0.152005 0.003137 0.303371 0.000077
0.012066 0.261473 0.267389 0.151799 0.003200 0.303995 0.000078
0.012224 0.260284 0.267051 0.151680 0.003176 0.305509 0.000077
0.012137 0.259303 0.267191 0.151627 0.003215 0.306445 0.000081
0.012230 0.258672 0.266533 0.151366 0.003253 0.307864 0.000082
0.012361 0.257851 0.266540 0.151237 0.003218 0.308713 0.000080
0.012403 0.257111 0.266145 0.151769 0.003191 0.309299 0.000081
0.012372 0.255754 0.266066 0.151911 0.003215 0.310599 0.000084
0.012255 0.255386 0.266110 0.151451 0.003244 0.311478 0.000077
0.012365 0.253954 0.266277 0.150992 0.003252 0.313077 0.000083
0.012207 0.253090 0.265978 0.151121 0.003252 0.314270 0.000083
0.012341 0.252694 0.265954 0.150623 0.003288 0.315019 0.000081
0.012413 0.251682 0.265588 0.150930 0.003298 0.316008 0.000080
0.012488 0.250778 0.265967 0.150662 0.003311 0.316712 0.000081
0.012393 0.249962 0.265018 0.151165 0.003347 0.318034 0.000081
0.012460 0.249297 0.265540 0.150576 0.003265 0.318781 0.000081
0.012415 0.248299 0.265198 0.150770 0.003352 0.319880 0.000087
0.012465 0.247324 0.265126 0.150407 0.003340 0.321253 0.000085
0.012613 0.246505 0.265358 0.150353 0.003305 0.321783 0.000082
0.012526 0.245931 0.265050 0.150408 0.003328 0.322662 0.000095
0.012511 0.244807 0.265088 0.150237 0.003362 0.323909 0.000086
0.012864 0.243946 0.264662 0.150356 0.003370 0.324713 0.000089
0.012578 0.242888 0.264523 0.150105 0.003388 0.326434 0.000084
0.012738 0.242806 0.264496 0.150168 0.003381 0.326324 0.000087
0.012773 0.241233 0.263878 0.149890 0.003384 0.328758 0.000083
0.012692 0.240640 0.263969 0.149964 0.003415 0.329236 0.000084
0.012838 0.239503 0.263866 0.149921 0.003407 0.330371 0.000095
0.012703 0.239058 0.263824 0.150022 0.003411 0.330892 0.000090
0.012716 0.238632 0.263621 0.149622 0.003439 0.331877 0.000093
0.012993 0.237719 0.263442 0.149577 0.003481 0.332695 0.000093
0.012632 0.237250 0.263263 0.149566 0.003447 0.333750 0.000093
0.012900 0.235910 0.263061 0.149314 0.003463 0.335257 0.000095
0.012838 0.235199 0.262956 0.149377 0.003413 0.336129 0.000088
0.012966 0.234315 0.262551 0.149390 0.003527 0.337150 0.000101
0.013117 0.234145 0.262692 0.148634 0.003485 0.337830 0.000097
0.012933 0.233464 0.262366 0.149201 0.003445 0.338493 0.000099
0.013052 0.232260 0.261932 0.148828 0.003542 0.340291 0.000094
0.012997 0.230511 0.261927 0.148872 0.003553 0.342051 0.000090
0.013025 0.231028 0.261991 0.148675 0.003506 0.341670 0.000103
0.013173 0.230014 0.261423 0.148889 0.003544 0.342853 0.000103
0.013076 0.229096 0.261505 0.148393 0.003583 0.344239 0.000107
0.012945 0.228535 0.261257 0.148238 0.003552 0.345366 0.000108
0.013159 0.227278 0.261264 0.147909 0.003559 0.346737 0.000094
0.013134 0.227583 0.261167 0.147976 0.003532 0.346501 0.000107
0.013115 0.226299 0.261061 0.148056 0.003651 0.347719 0.000099
0.013326 0.225616 0.260601 0.147967 0.003612 0.348777 0.000101
0.013295 0.225273 0.260413 0.148273 0.003629 0.349012 0.000105
0.013261 0.223957 0.260152 0.147822 0.003616 0.351083 0.000109
0.013113 0.223598 0.260316 0.147850 0.003642 0.351379 0.000102
0.013348 0.221483 0.259646 0.147332 0.003685 0.354394 0.000113
0.013445 0.221409 0.259724 0.147210 0.003651 0.354456 0.000106
0.013368 0.220820 0.259645 0.147464 0.003627 0.354967 0.000109
0.013347 0.221323 0.259125 0.147161 0.003653 0.355283 0.000109
0.013358 0.220016 0.258989 0.147314 0.003690 0.356530 0.000102
0.013458 0.219063 0.259414 0.147069 0.003674 0.357216 0.000106
0.013376 0.218519 0.259112 0.146706 0.003655 0.358516 0.000117
0.013433 0.217234 0.258855 0.146633 0.003657 0.360078 0.000110
0.013604 0.217333 0.258169 0.146903 0.003681 0.360195 0.000115
0.013521 0.217189 0.258147 0.146682 0.003688 0.360661 0.000113
0.013749 0.215483 0.258024 0.146599 0.003695 0.362336 0.000115
0.013658 0.214300 0.258112 0.145933 0.003702 0.364184 0.000110
0.013586 0.214624 0.257639 0.145972 0.003693 0.364361 0.000123
0.013615 0.213775 0.257103 0.146081 0.003719 0.365595 0.000112
0.013986 0.213057 0.256967 0.145930 0.003684 0.366266 0.000109
0.013703 0.211436 0.257125 0.145532 0.003762 0.368325 0.000117
0.013890 0.210747 0.256337 0.145587 0.003780 0.369536 0.000124
0.013803 0.211376 0.256826 0.145477 0.003736 0.368664 0.000117
0.013694 0.209656 0.255952 0.145804 0.003772 0.371015 0.000107
0.013864 0.210213 0.256355 0.145178 0.003821 0.370452 0.000117
0.013996 0.208389 0.256245 0.145281 0.003825 0.372154 0.000110
0.013878 0.206850 0.255458 0.145149 0.003744 0.374803 0.000116
0.014061 0.207621 0.255790 0.145064 0.003797 0.373558 0.000109
0.014046 0.206892 0.255344 0.144854 0.003824 0.374933 0.000107
0.014088 0.206597 0.254967 0.144709 0.003792 0.375731 0.000116
0.014060 0.204460 0.255265 0.144424 0.003784 0.377888 0.000118
0.014213 0.204805 0.254764 0.144630 0.003780 0.377696 0.000112
0.014064 0.204032 0.254668 0.144173 0.003822 0.379115 0.000126
0.014321 0.203247 0.254429 0.143943 0.003841 0.380098 0.000120
0.013978 0.203253 0.254586 0.144016 0.003855 0.380195 0.000118
0.014181 0.201435 0.253614 0.144137 0.003864 0.382649 0.000121
0.014026 0.202145 0.253931 0.144216 0.003794 0.381764 0.000124
0.014338 0.201259 0.253562 0.143616 0.003822 0.383280 0.000123
0.014200 0.200655 0.253125 0.143657 0.003875 0.384369 0.000118
0.014261 0.200141 0.252871 0.143615 0.003878 0.385109 0.000126
0.014196 0.198663 0.252754 0.143312 0.003925 0.387026 0.000125
0.014298 0.197825 0.252902 0.143061 0.003886 0.387899 0.000128
0.014451 0.198051 0.252428 0.143277 0.003905 0.387762 0.000125
0.014475 0.197457 0.252036 0.142797 0.003879 0.389233 0.000123
0.014416 0.196467 0.252004 0.142341 0.003903 0.390732 0.000137
0.014528 0.196166 0.251784 0.142677 0.003880 0.390832 0.000134
0.014448 0.195377 0.251432 0.142456 0.003914 0.392243 0.000129
0.014692 0.195159 0.251071 0.142148 0.003972 0.392833 0.000125
0.014526 0.193896 0.250999 0.142271 0.003942 0.394245 0.000121
0.014673 0.193943 0.250395 0.142252 0.003957 0.394644 0.000136
0.014567 0.193721 0.250747 0.142074 0.004005 0.394755 0.000132
0.014767 0.192131 0.250074 0.142201 0.003996 0.396708 0.000124
0.014599 0.192004 0.249774 0.141820 0.003997 0.397677 0.000130
0.014710 0.191786 0.249415 0.141958 0.003975 0.398024 0.000133
0.014851 0.190811 0.249129 0.141872 0.003966 0.399239 0.000131
0.014805 0.190415 0.249283 0.141405 0.003985 0.399980 0.000128
0.014871 0.189898 0.249472 0.141275 0.004049 0.400303 0.000132
0.014870 0.188971 0.248533 0.140996 0.004009 0.402480 0.000141
0.014970 0.188829 0.248341 0.140810 0.004026 0.402895 0.000129
0.014820 0.188426 0.248764 0.140869 0.004043 0.402945 0.000133
0.015020 0.187422 0.248030 0.140820 0.004092 0.404478 0.000137
0.015036 0.187125 0.247589 0.140997 0.004055 0.405062 0.000136
0.015094 0.186346 0.247435 0.140517 0.004094 0.406375 0.000139
0.015083 0.186106 0.247464 0.140251 0.004087 0.406869 0.000141
0.015012 0.185220 0.247007 0.140143 0.004092 0.408369 0.000158
0.015126 0.185388 0.246955 0.139726 0.004094 0.408570 0.000140
0.015097 0.184214 0.246336 0.139795 0.004084 0.410328 0.000145
0.015135 0.184072 0.245901 0.139749 0.004105 0.410895 0.000143
0.015142 0.183481 0.245750 0.139420 0.004085 0.411970 0.000152
0.015203 0.182715 0.245625 0.139501 0.004138 0.412673 0.000144
0.015278 0.182524 0.245501 0.139449 0.004068 0.413034 0.000145
0.015304 0.181421 0.245165 0.139080 0.004123 0.414764 0.000142
0.015231 0.181294 0.244821 0.139217 0.004166 0.415121 0.000149
0.015449 0.181540 0.244635 0.139014 0.004101 0.415117 0.000145
0.015532 0.179565 0.244461 0.138632 0.004183 0.417486 0.000142
0.015400 0.179644 0.243920 0.138435 0.004132 0.418320 0.000149
0.015372 0.179675 0.244178 0.138352 0.004104 0.418173 0.000146
0.015624 0.178619 0.243478 0.138318 0.004101 0.419708 0.000152
0.015579 0.177610 0.243184 0.138180 0.004123 0.421167 0.000157
0.015516 0.177408 0.243169 0.138137 0.004186 0.421432 0.000153
0.015567 0.177169 0.243180 0.137693 0.004149 0.422094 0.000148
0.015544 0.176551 0.242725 0.137333 0.004184 0.423498 0.000165
0.015722 0.176272 0.242452 0.137754 0.004195 0.423455 0.000150
0.015895 0.175735 0.242174 0.137618 0.004188 0.424238 0.000151
0.015681 0.175210 0.241990 0.137547 0.004208 0.425213 0.000151
0.015723 0.174755 0.241861 0.137244 0.004164 0.426107 0.000145
0.015720 0.173902 0.241172 0.137043 0.004215 0.427800 0.000149
0.015779 0.173393 0.240811 0.137052 0.004219 0.428587 0.000158
0.015920 0.172519 0.240781 0.136647 0.004236 0.429736 0.000162
0.015950 0.172603 0.240474 0.136317 0.004212 0.430283 0.000162
0.015813 0.172081 0.240339 0.136870 0.004287 0.430453 0.000158
0.016023 0.170650 0.239634 0.136500 0.004235 0.432809 0.000150
0.016013 0.170467 0.239313 0.136181 0.004243 0.433622 0.000161
0.016121 0.170480 0.239141 0.135895 0.004299 0.433898 0.000167
0.016096 0.170265 0.239193 0.135928 0.004247 0.434109 0.000163
0.016445 0.169248 0.238549 0.135476 0.004292 0.435826 0.000164
0.016148 0.169526 0.238653 0.135675 0.004294 0.435540 0.000165
0.016256 0.168397 0.237888 0.135417 0.004302 0.437575 0.000165
0.016328 0.168591 0.238233 0.135268 0.004253 0.437161 0.000166
0.016415 0.167783 0.238106 0.135079 0.004322 0.438121 0.000174
0.016494 0.167224 0.237400 0.135040 0.004275 0.439399 0.000168
0.016554 0.166640 0.237001 0.135077 0.004268 0.440295 0.000165
0.016510 0.166110 0.236770 0.134586 0.004269 0.441582 0.000173
0.016374 0.166278 0.236829 0.134620 0.004285 0.441455 0.000159
0.016470 0.165887 0.236587 0.134497 0.004281 0.442107 0.000171
0.016601 0.165216 0.236282 0.134146 0.004269 0.443317 0.000168
0.016594 0.164515 0.236233 0.133840 0.004319 0.444340 0.000159
0.016860 0.164485 0.235793 0.134118 0.004356 0.444215 0.000173
0.016675 0.163602 0.235400 0.133544 0.004279 0.446317 0.000182
0.016644 0.163750 0.235501 0.133682 0.004318 0.445919 0.000185
0.016632 0.162831 0.234623 0.133324 0.004324 0.448077 0.000190
0.016674 0.162090 0.234300 0.133428 0.004414 0.448918 0.000176
0.016721 0.161830 0.234255 0.132997 0.004369 0.449648 0.000180
0.016776 0.161742 0.234364 0.133133 0.004366 0.449445 0.000174
0.016643 0.160579 0.234050 0.132844 0.004367 0.451347 0.000170
0.016940 0.160349 0.233767 0.132525 0.004418 0.451820 0.000182
0.016946 0.159790 0.233262 0.132462 0.004338 0.453025 0.000177
0.017162 0.159221 0.233141 0.132055 0.004402 0.453828 0.000191
0.016738 0.159417 0.233450 0.132206 0.004355 0.453646 0.000188
0.017136 0.158753 0.232466 0.131770 0.004397 0.455301 0.000176
0.017095 0.158479 0.232274 0.131880 0.004430 0.455671 0.000173
0.017237 0.157472 0.231790 0.131501 0.004407 0.457397 0.000196
0.017200 0.157444 0.231693 0.131444 0.004364 0.457659 0.000197
0.017036 0.157581 0.231393 0.131445 0.004417 0.457949 0.000178
0.017024 0.157231 0.231425 0.131185 0.004387 0.458565 0.000183
0.017060 0.155936 0.231206 0.131262 0.004375 0.459981 0.000180
0.017128 0.156128 0.230505 0.130825 0.004435 0.460790 0.000188
0.017164 0.155189 0.230448 0.130798 0.004405 0.461806 0.000190
0.017245 0.155191 0.230063 0.130680 0.004454 0.462162 0.000204
0.017408 0.154241 0.229803 0.130293 0.004452 0.463613 0.000191
0.017379 0.153984 0.229014 0.130142 0.004441 0.464847 0.000192
0.017559 0.154256 0.229169 0.130621 0.004435 0.463769 0.000191
0.017578 0.152450 0.228865 0.130151 0.004407 0.466351 0.000197
0.017508 0.153315 0.228792 0.129843 0.004422 0.465929 0.000191
0.017658 0.152431 0.228525 0.129735 0.004447 0.467022 0.000183
0.017664 0.152206 0.227842 0.129714 0.004488 0.467879 0.000206
0.017724 0.151812 0.227956 0.129358 0.004488 0.468466 0.000196
0.017714 0.151370 0.227429 0.129251 0.004506 0.469538 0.000192
0.017430 0.150742 0.227195 0.129365 0.004460 0.470619 0.000189
0.017866 0.150297 0.227308 0.129055 0.004515 0.470770 0.000189
0.017783 0.150504 0.226574 0.128826 0.004460 0.471653 0.000199
0.018011 0.149505 0.226223 0.128505 0.004535 0.473024 0.000198
0.017829 0.149345 0.226127 0.128317 0.004504 0.473686 0.000193
0.018072 0.148768 0.225786 0.128308 0.004506 0.474364 0.000196
0.017955 0.148682 0.225566 0.128453 0.004568 0.474578 0.000199
0.018232 0.148109 0.224963 0.128188 0.004619 0.475691 0.000199
0.018112 0.147516 0.225112 0.128072 0.004538 0.476456 0.000194
0.018222 0.147170 0.225028 0.127592 0.004585 0.477196 0.000207
0.017986 0.146873 0.224633 0.127741 0.004566 0.477994 0.000207
0.018354 0.147396 0.224439 0.127457 0.004541 0.477609 0.000204
0.018205 0.146363 0.223709 0.127585 0.004529 0.479413 0.000195
0.018411 0.146081 0.223847 0.127244 0.004590 0.479625 0.000202
0.018443 0.145736 0.223555 0.126843 0.004569 0.480657 0.000196
0.018613 0.145251 0.223179 0.127019 0.004566 0.481158 0.000213
0.018446 0.144872 0.222874 0.126675 0.004632 0.482307 0.000194
0.018505 0.145007 0.222711 0.126743 0.004576 0.482257 0.000200
0.018503 0.144206 0.222320 0.126317 0.004599 0.483856 0.000200
0.018718 0.143976 0.221410 0.126181 0.004545 0.484967 0.000204
0.018669 0.143578 0.221667 0.126008 0.004609 0.485253 0.000215
0.018697 0.143383 0.221158 0.125782 0.004571 0.486207 0.000202
0.018605 0.142761 0.221038 0.125692 0.004599 0.487100 0.000205
0.018682 0.142758 0.220873 0.126122 0.004637 0.486720 0.000208
0.018788 0.142631 0.220642 0.125623 0.004559 0.487547 0.000211
0.018915 0.142024 0.219928 0.125582 0.004581 0.488773 0.000198
0.018858 0.140757 0.219693 0.124804 0.004563 0.491117 0.000210
0.018612 0.142184 0.220074 0.125155 0.004610 0.489157 0.000209
0.018950 0.140720 0.219130 0.124867 0.004561 0.491569 0.000203
