0.999116 0.000853 0.000020 0.000011 0.000000 0.000000 0.000000
0.998680 0.001279 0.000026 0.000004 0.000001 0.000011 0.000000
0.998252 0.001690 0.000035 0.000011 0.000000 0.000012 0.000000
0.997789 0.002138 0.000047 0.000013 0.000000 0.000013 0.000000
0.997268 0.002653 0.000049 0.000017 0.000000 0.000014 0.000000
0.996775 0.003136 0.000050 0.000024 0.000000 0.000014 0.000000
0.996165 0.003742 0.000052 0.000027 0.000000 0.000014 0.000000
0.995471 0.004436 0.000053 0.000027 0.000000 0.000013 0.000000
0.994684 0.005187 0.000077 0.000039 0.000000 0.000013 0.000000
0.993600 0.006247 0.000096 0.000044 0.000000 0.000013 0.000000
0.992139 0.007686 0.000113 0.000050 0.000000 0.000011 0.000000
0.990070 0.009728 0.000139 0.000052 0.000000 0.000010 0.000000
0.988641 0.011134 0.000136 0.000079 0.000000 0.000010 0.000000
0.986198 0.013532 0.000180 0.000081 0.000000 0.000009 0.000000
0.983459 0.016225 0.000209 0.000100 0.000000 0.000008 0.000000
0.978747 0.020847 0.000281 0.000118 0.000000 0.000007 0.000000
0.976398 0.023172 0.000292 0.000132 0.000000 0.000006 0.000000
0.970645 0.028837 0.000353 0.000160 0.000000 0.000005 0.000000
0.965720 0.033645 0.000438 0.000193 0.000000 0.000005 0.000000
0.961695 0.037566 0.000497 0.000233 0.000000 0.000009 0.000000
0.954301 0.044790 0.000619 0.000272 0.000000 0.000017 0.000000
0.947244 0.051688 0.000712 0.000341 0.000000 0.000016 0.000000
0.938131 0.060600 0.000813 0.000435 0.000000 0.000021 0.000000
0.931145 0.067351 0.000974 0.000508 0.000000 0.000022 0.000000
0.921909 0.076338 0.001123 0.000610 0.000000 0.000021 0.000000
0.913334 0.084608 0.001321 0.000710 0.000000 0.000027 0.000000
0.904257 0.093477 0.001450 0.000781 0.000000 0.000035 0.000000
0.896639 0.100899 0.001574 0.000846 0.000000 0.000042 0.000000
0.882212 0.114918 0.001842 0.000974 0.000000 0.000054 0.000000
0.872690 0.124151 0.002002 0.001094 0.000000 0.000063 0.000000
0.860430 0.135994 0.002269 0.001241 0.000000 0.000067 0.000000
0.847491 0.148534 0.002549 0.001350 0.000000 0.000075 0.000000
0.835828 0.159792 0.002804 0.001497 0.000001 0.000078 0.000000
0.824552 0.170677 0.003032 0.001651 0.000002 0.000086 0.000000
0.808640 0.186093 0.003365 0.001803 0.000002 0.000096 0.000000
0.796803 0.197489 0.003591 0.002009 0.000002 0.000105 0.000000
0.779103 0.214533 0.003991 0.002251 0.000002 0.000121 0.000000
0.766513 0.226546 0.004333 0.002470 0.000003 0.000136 0.000000
0.753343 0.239131 0.004692 0.002686 0.000003 0.000145 0.000000
0.736426 0.255247 0.005166 0.002993 0.000005 0.000163 0.000000
0.720959 0.269995 0.005611 0.003248 0.000007 0.000180 0.000000
0.705050 0.285235 0.006035 0.003474 0.000009 0.000197 0.000000
0.691028 0.298533 0.006524 0.003696 0.000008 0.000211 0.000000
0.678306 0.310484 0.007009 0.003961 0.000008 0.000232 0.000000
0.661266 0.326553 0.007596 0.004324 0.000007 0.000253 0.000000
0.645429 0.341426 0.008195 0.004671 0.000007 0.000272 0.000000
0.632362 0.353580 0.008762 0.004981 0.000007 0.000308 0.000000
0.618479 0.366498 0.009373 0.005305 0.000007 0.000339 0.000000
0.603822 0.380134 0.009995 0.005672 0.000006 0.000371 0.000000
0.592093 0.391047 0.010527 0.005942 0.000006 0.000385 0.000000
0.577610 0.404325 0.011281 0.006363 0.000007 0.000414 0.000000
0.560762 0.419883 0.012084 0.006801 0.000006 0.000464 0.000000
0.550581 0.429125 0.012676 0.007102 0.000006 0.000509 0.000000
0.534517 0.443923 0.013446 0.007531 0.000010 0.000573 0.000000
0.522183 0.455005 0.014196 0.007994 0.000013 0.000609 0.000000
0.510772 0.465253 0.014898 0.008416 0.000011 0.000650 0.000000
0.496985 0.477555 0.015768 0.008974 0.000012 0.000705 0.000000
0.486337 0.486886 0.016551 0.009455 0.000011 0.000760 0.000000
0.478059 0.494119 0.017197 0.009805 0.000013 0.000808 0.000000
0.462869 0.507663 0.018210 0.010365 0.000013 0.000880 0.000000
0.450067 0.518852 0.019195 0.010930 0.000014 0.000942 0.000000
0.439959 0.527753 0.019936 0.011344 0.000013 0.000995 0.000000
0.429861 0.536364 0.020831 0.011873 0.000015 0.001057 0.000000
0.417202 0.547122 0.021983 0.012536 0.000015 0.001142 0.000000
0.409194 0.553712 0.022870 0.012987 0.000015 0.001222 0.000000
0.399323 0.562205 0.023723 0.013434 0.000016 0.001300 0.000000
0.390380 0.569531 0.024782 0.013919 0.000019 0.001369 0.000000
0.376822 0.580925 0.026095 0.014658 0.000021 0.001478 0.000000
0.370334 0.586033 0.026957 0.015089 0.000022 0.001565 0.000000
0.358917 0.595476 0.028113 0.015788 0.000026 0.001680 0.000000
0.351429 0.601072 0.029207 0.016486 0.000028 0.001779 0.000000
0.343539 0.607354 0.030153 0.017043 0.000028 0.001882 0.000000
0.333393 0.615526 0.031363 0.017685 0.000031 0.002002 0.000000
0.328212 0.618912 0.032406 0.018321 0.000034 0.002114 0.000000
0.320366 0.624931 0.033468 0.018970 0.000038 0.002227 0.000000
0.311198 0.632047 0.034736 0.019616 0.000036 0.002367 0.000000
0.304727 0.636690 0.035789 0.020276 0.000039 0.002479 0.000000
0.300437 0.639100 0.036814 0.020993 0.000039 0.002617 0.000000
0.290085 0.647128 0.038202 0.021768 0.000041 0.002776 0.000000
0.280879 0.653750 0.039763 0.022602 0.000044 0.002963 0.000000
0.273724 0.658821 0.041031 0.023253 0.000047 0.003123 0.000000
0.269387 0.661126 0.042192 0.023975 0.000050 0.003270 0.000000
0.263881 0.664586 0.043407 0.024661 0.000057 0.003409 0.000000
0.263811 0.663409 0.044108 0.025054 0.000054 0.003564 0.000000
0.254294 0.669912 0.045918 0.026049 0.000057 0.003770 0.000000
0.252246 0.669918 0.047013 0.026792 0.000059 0.003971 0.000000
0.249690 0.671065 0.047782 0.027291 0.000059 0.004112 0.000000
0.241931 0.675874 0.049597 0.028179 0.000062 0.004358 0.000000
0.239711 0.675807 0.050845 0.029011 0.000064 0.004562 0.000000
0.232691 0.679970 0.052533 0.029939 0.000067 0.004800 0.000000
0.228022 0.682499 0.053813 0.030622 0.000060 0.004984 0.000000
0.230123 0.679120 0.054531 0.031019 0.000060 0.005147 0.000000
0.225034 0.681306 0.056180 0.031976 0.000063 0.005441 0.000000
0.215092 0.688336 0.057898 0.032904 0.000070 0.005700 0.000000
0.214045 0.687760 0.058944 0.033303 0.000073 0.005875 0.000000
0.216744 0.683984 0.059421 0.033738 0.000077 0.006036 0.000000
0.210982 0.687192 0.061014 0.034457 0.000079 0.006277 0.000000
0.200071 0.693868 0.063507 0.035807 0.000083 0.006663 0.000000
0.195883 0.695969 0.064606 0.036576 0.000088 0.006877 0.000000
0.194667 0.695864 0.065313 0.036990 0.000095 0.007071 0.000000
0.188865 0.698598 0.067076 0.037937 0.000096 0.007428 0.000000
0.180989 0.703146 0.068987 0.039063 0.000100 0.007715 0.000000
0.173224 0.707526 0.070852 0.040183 0.000105 0.008111 0.000000
0.173204 0.705694 0.071984 0.040692 0.000108 0.008318 0.000000
0.168484 0.707933 0.073451 0.041392 0.000105 0.008635 0.000000
0.162627 0.710186 0.075343 0.042649 0.000115 0.009080 0.000000
0.158776 0.711490 0.076821 0.043467 0.000123 0.009322 0.000000
0.155025 0.712592 0.078239 0.044294 0.000122 0.009728 0.000000
0.147698 0.716530 0.080197 0.045322 0.000132 0.010120 0.000000
0.141580 0.718313 0.082609 0.046692 0.000138 0.010668 0.000000
0.137127 0.719287 0.084606 0.047781 0.000140 0.011059 0.000000
0.137971 0.717330 0.085046 0.048204 0.000141 0.011309 0.000000
0.135754 0.716726 0.086578 0.049021 0.000145 0.011777 0.000000
0.131815 0.718393 0.087722 0.049861 0.000148 0.012060 0.000000
0.130466 0.716962 0.089308 0.050654 0.000155 0.012455 0.000000
0.123420 0.719980 0.091507 0.051959 0.000165 0.012969 0.000000
0.118190 0.721583 0.093460 0.053130 0.000172 0.013465 0.000000
0.113690 0.722070 0.095614 0.054494 0.000184 0.013948 0.000000
0.110290 0.723443 0.096678 0.055117 0.000183 0.014290 0.000000
0.106265 0.723468 0.098937 0.056311 0.000188 0.014831 0.000000
0.103761 0.722778 0.100676 0.057280 0.000193 0.015312 0.000000
0.097499 0.725280 0.102765 0.058361 0.000197 0.015898 0.000000
0.093974 0.725092 0.104755 0.059596 0.000208 0.016374 0.000000
0.090946 0.724863 0.106396 0.060595 0.000220 0.016980 0.000000
0.088913 0.724848 0.107571 0.061056 0.000216 0.017396 0.000000
0.086019 0.722795 0.110275 0.062440 0.000228 0.018242 0.000000
0.084255 0.722318 0.111416 0.063205 0.000234 0.018572 0.000000
0.084238 0.719995 0.112503 0.063973 0.000239 0.019053 0.000000
0.080876 0.720676 0.113969 0.064697 0.000238 0.019544 0.000000
0.078560 0.718469 0.116362 0.066099 0.000253 0.020258 0.000000
0.079510 0.714982 0.117831 0.066658 0.000249 0.020771 0.000000
0.081858 0.711998 0.118061 0.066821 0.000256 0.021005 0.000001
0.079634 0.708450 0.121072 0.068590 0.000264 0.021989 0.000001
0.077159 0.708833 0.122054 0.069323 0.000287 0.022343 0.000001
0.080692 0.704108 0.122566 0.069609 0.000278 0.022746 0.000001
0.080986 0.700067 0.124434 0.070735 0.000293 0.023482 0.000001
0.080771 0.698964 0.125121 0.071059 0.000290 0.023794 0.000001
0.080368 0.697485 0.126167 0.071431 0.000308 0.024240 0.000000
0.080354 0.694039 0.127724 0.072650 0.000307 0.024925 0.000001
0.075038 0.693695 0.130896 0.074204 0.000328 0.025839 0.000000
0.076037 0.692405 0.130921 0.074241 0.000325 0.026069 0.000001
0.078294 0.687752 0.131995 0.074894 0.000337 0.026727 0.000001
0.079760 0.685491 0.132428 0.074938 0.000332 0.027050 0.000001
0.076230 0.685326 0.134359 0.075977 0.000361 0.027747 0.000001
0.076112 0.682935 0.135469 0.076782 0.000367 0.028334 0.000001
0.073179 0.682250 0.137196 0.077971 0.000366 0.029037 0.000002
0.072000 0.681427 0.138268 0.078344 0.000373 0.029587 0.000001
0.065386 0.683509 0.140812 0.079679 0.000390 0.030222 0.000001
0.066075 0.679947 0.142120 0.080336 0.000398 0.031123 0.000001
0.065313 0.678804 0.142904 0.080958 0.000398 0.031622 0.000001
0.062528 0.678780 0.144338 0.081716 0.000405 0.032232 0.000001
0.058580 0.679075 0.146094 0.082828 0.000414 0.033008 0.000001
0.054244 0.678335 0.148882 0.084138 0.000420 0.033980 0.000001
0.055251 0.677016 0.148921 0.084089 0.000427 0.034295 0.000001
0.051492 0.677224 0.150665 0.085252 0.000445 0.034921 0.000001
0.050922 0.674227 0.152491 0.086148 0.000444 0.035768 0.000001
0.048994 0.673715 0.153491 0.086741 0.000472 0.036586 0.000001
0.045603 0.672169 0.155964 0.088282 0.000472 0.037510 0.000001
0.042599 0.670229 0.158399 0.089660 0.000492 0.038620 0.000001
0.042347 0.669131 0.159062 0.090037 0.000489 0.038934 0.000001
0.041675 0.666729 0.160393 0.090809 0.000507 0.039886 0.000001
0.039425 0.665616 0.162142 0.091659 0.000500 0.040658 0.000001
0.039530 0.663622 0.162715 0.092205 0.000525 0.041403 0.000001
0.037090 0.662401 0.164612 0.093172 0.000541 0.042184 0.000001
0.036232 0.660552 0.165620 0.094001 0.000552 0.043042 0.000001
0.034983 0.658798 0.167085 0.094792 0.000553 0.043787 0.000001
0.033248 0.655920 0.169342 0.096072 0.000569 0.044849 0.000000
0.033601 0.655004 0.169492 0.096014 0.000571 0.045317 0.000001
0.033371 0.653623 0.170027 0.096595 0.000587 0.045796 0.000001
0.031333 0.650025 0.172928 0.098044 0.000604 0.047064 0.000001
0.030952 0.648946 0.173504 0.098360 0.000598 0.047639 0.000001
0.030570 0.646578 0.174885 0.098933 0.000601 0.048432 0.000001
0.029388 0.643784 0.176550 0.100191 0.000615 0.049471 0.000001
0.028969 0.642753 0.177292 0.100494 0.000620 0.049872 0.000001
0.028684 0.641026 0.177980 0.101110 0.000625 0.050575 0.000001
0.027461 0.636613 0.180575 0.102540 0.000645 0.052164 0.000001
0.027571 0.635945 0.180482 0.102889 0.000620 0.052492 0.000001
0.026581 0.633392 0.182352 0.103586 0.000669 0.053419 0.000001
0.025917 0.630988 0.183597 0.104307 0.000657 0.054533 0.000001
0.026306 0.629094 0.184195 0.104755 0.000666 0.054984 0.000000
0.025442 0.625540 0.186144 0.105821 0.000686 0.056366 0.000001
0.025179 0.624293 0.186814 0.106324 0.000696 0.056693 0.000002
0.024992 0.621934 0.188102 0.106832 0.000686 0.057451 0.000003
0.024578 0.619663 0.189012 0.107383 0.000704 0.058659 0.000002
0.024140 0.617557 0.190112 0.108128 0.000701 0.059360 0.000001
0.025606 0.615025 0.190556 0.108264 0.000717 0.059830 0.000002
0.031959 0.608244 0.190604 0.108044 0.000723 0.060424 0.000002
0.033247 0.607405 0.190023 0.107921 0.000734 0.060666 0.000003
0.030720 0.604891 0.192120 0.109436 0.000748 0.062080 0.000003
0.029258 0.604398 0.193440 0.109448 0.000770 0.062685 0.000001
0.028975 0.600460 0.194973 0.110719 0.000778 0.064093 0.000001
0.036883 0.593084 0.194352 0.110381 0.000797 0.064499 0.000004
0.044404 0.587927 0.192928 0.109753 0.000776 0.064207 0.000004
0.042834 0.587903 0.193654 0.109838 0.000808 0.064958 0.000005
0.046645 0.583640 0.193700 0.109894 0.000773 0.065341 0.000007
0.054363 0.576319 0.193085 0.109527 0.000800 0.065900 0.000007
0.056030 0.571973 0.193997 0.110143 0.000814 0.067036 0.000006
0.059768 0.569454 0.193315 0.109303 0.000817 0.067338 0.000004
0.064191 0.566731 0.192102 0.109117 0.000801 0.067051 0.000007
0.063420 0.564909 0.193126 0.109582 0.000816 0.068139 0.000007
0.063445 0.563440 0.193629 0.109957 0.000819 0.068700 0.000010
0.060181 0.564632 0.194440 0.110407 0.000837 0.069495 0.000009
0.065127 0.561814 0.193112 0.109652 0.000833 0.069455 0.000006
0.058630 0.561401 0.196349 0.111284 0.000850 0.071479 0.000008
0.060719 0.559720 0.195799 0.110940 0.000853 0.071959 0.000009
0.053946 0.561259 0.198279 0.112288 0.000852 0.073370 0.000006
0.054176 0.562114 0.197599 0.112061 0.000875 0.073166 0.000009
0.048940 0.560513 0.200596 0.113708 0.000906 0.075330 0.000006
0.051372 0.559997 0.199403 0.112974 0.000922 0.075323 0.000008
0.045230 0.560234 0.202209 0.114555 0.000921 0.076840 0.000010
0.042806 0.558677 0.203904 0.115507 0.000931 0.078167 0.000008
0.043057 0.558507 0.203458 0.115341 0.000921 0.078705 0.000010
0.040933 0.557159 0.205174 0.116119 0.000939 0.079665 0.000011
0.036913 0.555121 0.207536 0.118096 0.000967 0.081357 0.000010
0.037541 0.555687 0.206781 0.117460 0.000976 0.081548 0.000008
0.033876 0.554230 0.209062 0.118772 0.001018 0.083034 0.000008
0.033778 0.551945 0.209985 0.119319 0.001010 0.083954 0.000010
0.032349 0.549661 0.211161 0.120138 0.001008 0.085675 0.000008
0.029236 0.549129 0.213174 0.120813 0.001042 0.086599 0.000008
0.027798 0.547367 0.214256 0.121634 0.001050 0.087885 0.000009
0.029232 0.546913 0.213523 0.121253 0.001058 0.088009 0.000011
0.026879 0.544886 0.215393 0.122430 0.001077 0.089324 0.000010
0.026844 0.544544 0.215619 0.122289 0.001073 0.089621 0.000009
0.029254 0.538636 0.216740 0.122833 0.001093 0.091434 0.000011
0.033188 0.534849 0.216334 0.122809 0.001110 0.091700 0.000010
0.032446 0.534977 0.216616 0.122925 0.001122 0.091904 0.000010
0.034846 0.531172 0.216835 0.123052 0.001117 0.092967 0.000010
0.032780 0.529388 0.218142 0.123953 0.001140 0.094587 0.000010
0.033880 0.527162 0.218539 0.124140 0.001139 0.095129 0.000010
0.032435 0.526664 0.219410 0.124431 0.001164 0.095885 0.000010
0.033269 0.523966 0.220117 0.124894 0.001157 0.096586 0.000011
0.029450 0.522421 0.222178 0.126119 0.001196 0.098628 0.000010
0.028865 0.521745 0.222515 0.126315 0.001185 0.099364 0.000011
0.032625 0.519099 0.221813 0.125783 0.001211 0.099458 0.000012
0.031229 0.517760 0.222796 0.126065 0.001196 0.100943 0.000012
0.029287 0.515732 0.224341 0.127278 0.001200 0.102148 0.000013
0.029869 0.516602 0.223589 0.126871 0.001206 0.101853 0.000010
0.028373 0.514161 0.225167 0.127718 0.001239 0.103329 0.000013
0.027040 0.511794 0.226415 0.128566 0.001250 0.104924 0.000012
0.024203 0.509484 0.228596 0.129983 0.001278 0.106443 0.000014
0.024442 0.507949 0.228715 0.130092 0.001295 0.107494 0.000012
0.023797 0.506445 0.229724 0.130116 0.001290 0.108616 0.000012
0.023894 0.507244 0.229448 0.129877 0.001309 0.108216 0.000013
0.022846 0.504136 0.230617 0.130657 0.001331 0.110400 0.000013
0.023223 0.502888 0.230924 0.130962 0.001348 0.110641 0.000013
0.020783 0.502410 0.231843 0.131545 0.001324 0.112081 0.000015
0.020244 0.498867 0.233290 0.132287 0.001358 0.113942 0.000013
0.019280 0.495442 0.234993 0.133475 0.001383 0.115412 0.000014
0.019522 0.494780 0.234870 0.133534 0.001370 0.115910 0.000012
0.018751 0.492628 0.236225 0.133810 0.001404 0.117171 0.000012
0.019049 0.489884 0.236745 0.134463 0.001382 0.118464 0.000013
0.018124 0.490251 0.237021 0.134253 0.001398 0.118940 0.000013
0.017596 0.489398 0.237485 0.134584 0.001393 0.119531 0.000013
0.018049 0.485086 0.238620 0.135278 0.001425 0.121527 0.000014
0.016614 0.483461 0.239981 0.135718 0.001456 0.122759 0.000012
0.016662 0.481874 0.240399 0.136190 0.001455 0.123407 0.000014
0.017220 0.481052 0.239943 0.136148 0.001467 0.124154 0.000016
0.016153 0.478359 0.241703 0.136992 0.001486 0.125295 0.000014
0.016190 0.476000 0.242472 0.137305 0.001480 0.126539 0.000015
0.016586 0.476266 0.241664 0.136896 0.001510 0.127062 0.000016
0.016279 0.475722 0.241998 0.137079 0.001490 0.127418 0.000013
0.015429 0.470859 0.244179 0.138258 0.001498 0.129760 0.000015
0.015705 0.470096 0.243901 0.138189 0.001515 0.130577 0.000016
0.015633 0.470157 0.243795 0.138049 0.001551 0.130799 0.000017
0.015196 0.467576 0.244555 0.138728 0.001542 0.132387 0.000017
0.015081 0.465172 0.245738 0.138948 0.001565 0.133477 0.000019
0.014836 0.462122 0.246495 0.139765 0.001576 0.135190 0.000016
0.014712 0.460399 0.247019 0.139927 0.001598 0.136327 0.000019
0.014608 0.459044 0.247071 0.140150 0.001612 0.137500 0.000015
0.014818 0.458939 0.246951 0.139981 0.001595 0.137702 0.000015
0.014292 0.455050 0.248579 0.140821 0.001618 0.139622 0.000018
0.014585 0.453890 0.248709 0.140739 0.001620 0.140441 0.000016
0.014365 0.452524 0.249364 0.141035 0.001660 0.141031 0.000020
0.014252 0.451226 0.249437 0.141231 0.001658 0.142176 0.000019
0.014145 0.447345 0.250915 0.141944 0.001677 0.143956 0.000019
0.014038 0.446328 0.250906 0.142041 0.001682 0.144985 0.000020
0.014222 0.446120 0.250403 0.142105 0.001681 0.145449 0.000019
0.013900 0.441803 0.251998 0.142696 0.001702 0.147880 0.000021
0.014269 0.441786 0.251538 0.142540 0.001709 0.148136 0.000022
0.013873 0.441098 0.251811 0.142691 0.001724 0.148785 0.000019
0.014102 0.438888 0.252125 0.142873 0.001733 0.150262 0.000017
0.014101 0.438741 0.252287 0.142651 0.001732 0.150467 0.000021
0.013986 0.435632 0.252807 0.143512 0.001784 0.152258 0.000020
0.013794 0.434979 0.253234 0.143553 0.001773 0.152645 0.000022
0.013816 0.432221 0.253856 0.143974 0.001803 0.154306 0.000023
0.013878 0.430337 0.254293 0.144180 0.001820 0.155470 0.000022
0.013566 0.428718 0.254747 0.144513 0.001801 0.156631 0.000024
0.013831 0.427920 0.254708 0.144685 0.001840 0.156994 0.000022
0.013736 0.425279 0.255386 0.144896 0.001815 0.158866 0.000022
0.013526 0.423861 0.255841 0.145184 0.001867 0.159700 0.000021
0.013570 0.422630 0.256170 0.145235 0.001845 0.160526 0.000025
0.013638 0.420117 0.256681 0.145434 0.001892 0.162214 0.000024
0.013482 0.419698 0.256595 0.145486 0.001910 0.162807 0.000023
0.013508 0.418855 0.257072 0.145455 0.001886 0.163202 0.000022
0.013462 0.417209 0.257406 0.145570 0.001924 0.164407 0.000022
0.013346 0.414768 0.257947 0.146150 0.001960 0.165804 0.000025
0.013336 0.414279 0.258031 0.145941 0.001963 0.166423 0.000028
0.013359 0.413554 0.257811 0.146169 0.001938 0.167141 0.000029
0.013254 0.408606 0.259269 0.146740 0.001964 0.170139 0.000026
0.013449 0.408998 0.258770 0.146552 0.001979 0.170230 0.000023
0.013248 0.406547 0.259728 0.147032 0.002004 0.171417 0.000023
0.013173 0.406635 0.259627 0.146739 0.002000 0.171802 0.000025
0.013342 0.405566 0.259214 0.146917 0.001987 0.172947 0.000029
0.013411 0.401969 0.260101 0.147155 0.002032 0.175306 0.000026
0.013321 0.401023 0.260415 0.147219 0.002070 0.175926 0.000026
0.013217 0.399611 0.260817 0.147543 0.002073 0.176711 0.000028
0.013088 0.398026 0.261088 0.147642 0.002052 0.178076 0.000027
0.013084 0.395655 0.261735 0.147879 0.002078 0.179542 0.000028
0.013068 0.396136 0.261104 0.148096 0.002076 0.179494 0.000026
0.013080 0.394175 0.261811 0.148027 0.002102 0.180774 0.000030
0.013068 0.393858 0.261909 0.147747 0.002113 0.181275 0.000029
0.013078 0.391950 0.262105 0.148248 0.002108 0.182476 0.000034
0.012777 0.388571 0.263003 0.148455 0.002132 0.185029 0.000032
0.012967 0.388306 0.262698 0.148299 0.002117 0.185580 0.000034
0.013058 0.386771 0.262910 0.148462 0.002164 0.186602 0.000032
0.012856 0.385493 0.262896 0.148683 0.002139 0.187903 0.000031
0.013035 0.383632 0.263572 0.149087 0.002143 0.188501 0.000030
0.015578 0.381784 0.262859 0.148641 0.002167 0.188938 0.000032
0.024115 0.377704 0.260160 0.147176 0.002160 0.188656 0.000030
0.026785 0.375939 0.259708 0.146625 0.002188 0.188724 0.000031
0.027741 0.374777 0.259223 0.146444 0.002156 0.189623 0.000035
0.024724 0.375113 0.260298 0.147206 0.002147 0.190480 0.000032
0.027644 0.372317 0.259566 0.146750 0.002175 0.191514 0.000034
0.027915 0.369960 0.259812 0.147001 0.002206 0.193075 0.000031
0.023217 0.371777 0.260889 0.147511 0.002225 0.194353 0.000030
0.024289 0.371589 0.260555 0.147091 0.002226 0.194220 0.000030
0.024797 0.370917 0.260019 0.147020 0.002244 0.194971 0.000032
0.024726 0.368548 0.260697 0.147307 0.002230 0.196461 0.000031
0.022488 0.368865 0.261235 0.147526 0.002246 0.197605 0.000034
0.022912 0.366808 0.261414 0.147592 0.002234 0.199007 0.000033
0.025251 0.366329 0.260367 0.146844 0.002288 0.198891 0.000030
0.023562 0.365515 0.260548 0.147500 0.002273 0.200567 0.000034
0.020834 0.365058 0.261493 0.148183 0.002269 0.202126 0.000038
0.021536 0.363949 0.261116 0.147995 0.002307 0.203061 0.000035
0.019046 0.362728 0.262920 0.148206 0.002345 0.204725 0.000031
0.018634 0.360843 0.263134 0.148539 0.002372 0.206442 0.000036
0.018491 0.361018 0.262876 0.148420 0.002367 0.206791 0.000037
0.016444 0.356457 0.264801 0.149435 0.002409 0.210420 0.000034
0.015984 0.355564 0.264752 0.149826 0.002432 0.211405 0.000038
0.017204 0.354938 0.264453 0.149505 0.002441 0.211421 0.000037
0.017016 0.355592 0.264459 0.149147 0.002373 0.211377 0.000036
0.016471 0.354289 0.264474 0.149387 0.002441 0.212900 0.000038
0.017074 0.354352 0.263928 0.149255 0.002447 0.212910 0.000034
0.015261 0.350604 0.265649 0.149852 0.002476 0.216125 0.000032
0.014893 0.348597 0.265994 0.150013 0.002460 0.218009 0.000034
0.015125 0.347627 0.265693 0.150311 0.002495 0.218711 0.000038
0.014770 0.347582 0.266097 0.150375 0.002495 0.218645 0.000035
0.015054 0.346195 0.266062 0.150179 0.002502 0.219973 0.000035
0.014402 0.345604 0.265985 0.150313 0.002501 0.221160 0.000035
0.014601 0.342481 0.266327 0.150712 0.002558 0.223284 0.000038
0.014638 0.343489 0.266193 0.150493 0.002541 0.222610 0.000037
0.014260 0.340526 0.266691 0.150780 0.002519 0.225181 0.000043
0.013949 0.340058 0.266841 0.150820 0.002538 0.225755 0.000039
0.014232 0.339197 0.266857 0.150637 0.002564 0.226472 0.000042
0.013902 0.336882 0.267403 0.150764 0.002565 0.228441 0.000043
0.014329 0.338186 0.266299 0.150509 0.002581 0.228058 0.000039
0.013896 0.336417 0.267018 0.150917 0.002562 0.229148 0.000042
0.013729 0.333730 0.267500 0.151184 0.002577 0.231242 0.000037
0.013794 0.332977 0.267591 0.150960 0.002599 0.232036 0.000043
0.014018 0.332633 0.266865 0.151131 0.002592 0.232720 0.000042
0.013393 0.330531 0.267554 0.151732 0.002630 0.234120 0.000040
0.013524 0.329330 0.267688 0.151443 0.002617 0.235356 0.000042
0.013386 0.326388 0.268016 0.151997 0.002681 0.237486 0.000047
0.013400 0.327383 0.267861 0.151538 0.002619 0.237154 0.000044
0.013740 0.326502 0.267373 0.151358 0.002664 0.238319 0.000043
0.013368 0.323312 0.268002 0.151819 0.002661 0.240790 0.000048
0.013660 0.321551 0.268052 0.152042 0.002684 0.241963 0.000048
0.013442 0.321840 0.268132 0.151780 0.002692 0.242076 0.000038
0.013260 0.320172 0.268598 0.151900 0.002693 0.243331 0.000045
0.013387 0.320599 0.267870 0.151219 0.002733 0.244148 0.000044
0.013171 0.317093 0.268483 0.152419 0.002696 0.246088 0.000051
0.013264 0.316570 0.268604 0.152150 0.002727 0.246638 0.000047
0.013318 0.317394 0.268146 0.151877 0.002727 0.246491 0.000047
0.013278 0.314370 0.268901 0.152115 0.002782 0.248505 0.000049
0.013028 0.313238 0.269134 0.152384 0.002765 0.249406 0.000045
0.013266 0.311871 0.268491 0.152299 0.002790 0.251236 0.000048
0.013260 0.312468 0.268216 0.152287 0.002776 0.250947 0.000046
0.013377 0.310424 0.268517 0.151973 0.002765 0.252897 0.000048
0.013206 0.308057 0.269065 0.152685 0.002759 0.254181 0.000047
0.013206 0.307103 0.269090 0.152669 0.002782 0.255104 0.000046
0.013247 0.306338 0.268710 0.152326 0.002843 0.256486 0.000048
0.013321 0.304659 0.268591 0.152581 0.002817 0.257981 0.000050
0.013058 0.305156 0.268525 0.152196 0.002800 0.258219 0.000046
0.013193 0.304451 0.268198 0.152350 0.002824 0.258936 0.000048
0.013335 0.301939 0.268338 0.152373 0.002864 0.261101 0.000049
0.013204 0.300315 0.269076 0.152621 0.002865 0.261870 0.000049
0.013185 0.300932 0.268789 0.152473 0.002884 0.261687 0.000050
0.012926 0.298800 0.268556 0.152617 0.002863 0.264190 0.000048
0.013219 0.296947 0.268544 0.152567 0.002924 0.265745 0.000054
0.013182 0.296232 0.268575 0.152163 0.002885 0.266913 0.000050
0.013322 0.297773 0.267991 0.152011 0.002888 0.265966 0.000050
0.013481 0.294233 0.268287 0.152343 0.002934 0.268675 0.000048
0.013275 0.294607 0.268140 0.151889 0.002935 0.269101 0.000053
0.013460 0.293176 0.268057 0.152038 0.002957 0.270260 0.000053
0.013356 0.293428 0.268388 0.151915 0.002923 0.269943 0.000047
0.013367 0.290380 0.268354 0.152109 0.002965 0.272773 0.000052
0.013363 0.289483 0.268485 0.152121 0.002947 0.273551 0.000049
0.013305 0.289232 0.268399 0.151962 0.002942 0.274107 0.000052
0.013383 0.288553 0.268009 0.152082 0.002989 0.274931 0.000053
0.013179 0.285644 0.268779 0.152213 0.002965 0.277163 0.000056
0.013430 0.285908 0.268238 0.151839 0.002978 0.277551 0.000056
0.013576 0.283496 0.268424 0.152262 0.003018 0.279167 0.000056
0.013453 0.283652 0.267759 0.151986 0.002988 0.280112 0.000051
0.013408 0.284287 0.268051 0.151869 0.002974 0.279363 0.000049
0.013537 0.283535 0.267759 0.151899 0.003031 0.280183 0.000055
0.013404 0.280485 0.267703 0.151908 0.003037 0.283412 0.000051
0.013510 0.280608 0.267846 0.151813 0.003036 0.283130 0.000057
0.013558 0.279603 0.267715 0.151588 0.003018 0.284458 0.000060
0.013431 0.278033 0.268071 0.151790 0.003073 0.285544 0.000058
0.013612 0.276231 0.267531 0.151826 0.003084 0.287657 0.000059
0.013392 0.275449 0.267603 0.151572 0.003107 0.288818 0.000059
0.013761 0.275826 0.267289 0.151477 0.003069 0.288518 0.000060
0.013548 0.276022 0.266919 0.151405 0.003102 0.288947 0.000057
0.013696 0.273165 0.267029 0.151273 0.003084 0.291697 0.000055
0.013590 0.272959 0.266934 0.151347 0.003112 0.292001 0.000058
0.013583 0.270548 0.267361 0.151217 0.003191 0.294045 0.000056
0.013729 0.269827 0.266676 0.151313 0.003110 0.295281 0.000063
0.013846 0.268701 0.266728 0.151506 0.003163 0.295999 0.000057
0.013885 0.269004 0.266073 0.151190 0.003159 0.296633 0.000056
0.013877 0.269050 0.266240 0.151113 0.003138 0.296524 0.000057
0.013781 0.266344 0.266395 0.151413 0.003173 0.298833 0.000060
0.013670 0.265172 0.266301 0.151252 0.003171 0.300374 0.000060
0.013825 0.266623 0.265605 0.151057 0.003170 0.299659 0.000061
0.013928 0.264760 0.265876 0.150797 0.003214 0.301364 0.000061
0.013998 0.263541 0.265503 0.150585 0.003204 0.303114 0.000054
0.013903 0.263608 0.265656 0.150654 0.003154 0.302966 0.000059
0.013691 0.261604 0.265696 0.150725 0.003195 0.305026 0.000062
0.013821 0.261278 0.265725 0.150723 0.003246 0.305144 0.000062
0.013868 0.259880 0.265505 0.150737 0.003241 0.306704 0.000064
0.013952 0.258878 0.265520 0.150592 0.003249 0.307743 0.000067
0.013858 0.259863 0.265382 0.150610 0.003218 0.307005 0.000064
0.013978 0.258081 0.264978 0.150575 0.003271 0.309052 0.000065
0.013894 0.256186 0.265178 0.150411 0.003288 0.310977 0.000066
0.014175 0.256518 0.265064 0.149971 0.003238 0.310962 0.000072
0.013910 0.253790 0.265352 0.150244 0.003266 0.313372 0.000065
0.014143 0.252797 0.264935 0.150386 0.003303 0.314366 0.000070
0.014305 0.252909 0.264648 0.150174 0.003280 0.314610 0.000073
0.014076 0.251190 0.264195 0.149740 0.003292 0.317428 0.000080
0.014089 0.250885 0.264792 0.149910 0.003229 0.317025 0.000071
0.013917 0.250322 0.264617 0.149704 0.003295 0.318071 0.000073
0.014090 0.249935 0.264043 0.149685 0.003297 0.318875 0.000075
0.014204 0.249475 0.264053 0.149317 0.003313 0.319566 0.000073
0.014259 0.247936 0.263933 0.149597 0.003320 0.320883 0.000072
0.014144 0.246276 0.263622 0.149627 0.003375 0.322889 0.000068
0.014166 0.247158 0.263084 0.149467 0.003348 0.322702 0.000075
0.014203 0.245877 0.263496 0.149310 0.003373 0.323673 0.000069
0.014131 0.244497 0.263483 0.149237 0.003378 0.325199 0.000075
0.014193 0.244376 0.263270 0.149190 0.003343 0.325551 0.000077
0.014341 0.243749 0.262813 0.149128 0.003358 0.326539 0.000072
0.014273 0.243078 0.263005 0.148895 0.003399 0.327274 0.000076
0.014337 0.241270 0.262683 0.148846 0.003398 0.329395 0.000072
0.014249 0.240268 0.262308 0.148712 0.003410 0.330978 0.000074
0.014529 0.240368 0.261997 0.148728 0.003425 0.330872 0.000081
0.014334 0.238977 0.261907 0.148783 0.003450 0.332465 0.000084
0.014414 0.238409 0.261984 0.148607 0.003451 0.333059 0.000076
0.014435 0.236634 0.261865 0.148772 0.003509 0.334711 0.000075
0.014453 0.238068 0.261581 0.148731 0.003468 0.333621 0.000079
0.014538 0.236032 0.261425 0.148574 0.003479 0.335870 0.000082
0.014481 0.233861 0.261403 0.148220 0.003526 0.338427 0.000082
0.014656 0.232787 0.261467 0.148129 0.003500 0.339386 0.000075
0.014816 0.233155 0.260865 0.148153 0.003531 0.339403 0.000077
0.014930 0.232899 0.261173 0.148047 0.003516 0.339359 0.000076
0.014638 0.232525 0.261141 0.147963 0.003514 0.340137 0.000081
0.014578 0.230930 0.260879 0.148057 0.003530 0.341941 0.000084
0.014791 0.230010 0.260905 0.147760 0.003562 0.342888 0.000084
0.014711 0.230127 0.260918 0.147589 0.003547 0.343026 0.000081
0.014829 0.228018 0.260222 0.147449 0.003576 0.345828 0.000078
0.014681 0.229158 0.260343 0.147371 0.003559 0.344808 0.000081
0.014797 0.228035 0.260172 0.147352 0.003593 0.345975 0.000075
0.014645 0.226932 0.260178 0.147138 0.003577 0.347446 0.000084
0.014893 0.226210 0.259731 0.146890 0.003601 0.348597 0.000078
0.014653 0.225306 0.259481 0.147124 0.003630 0.349723 0.000082
0.014781 0.224194 0.259731 0.146786 0.003679 0.350745 0.000084
0.015055 0.225523 0.259238 0.146675 0.003603 0.349827 0.000079
0.014907 0.223044 0.259124 0.146750 0.003660 0.352432 0.000083
0.015044 0.222749 0.258872 0.146540 0.003647 0.353067 0.000082
0.014916 0.222044 0.258587 0.146449 0.003686 0.354231 0.000088
0.014981 0.220967 0.258399 0.145995 0.003697 0.355880 0.000081
0.015143 0.219343 0.258260 0.146415 0.003699 0.357053 0.000087
0.015107 0.219760 0.258380 0.146242 0.003660 0.356770 0.000081
0.015267 0.217792 0.258344 0.146215 0.003710 0.358585 0.000087
0.015211 0.218349 0.258227 0.146283 0.003677 0.358170 0.000083
0.015306 0.216354 0.257580 0.145911 0.003684 0.361075 0.000090
0.015465 0.217665 0.257358 0.145822 0.003647 0.359962 0.000082
0.015216 0.215985 0.257400 0.145443 0.003717 0.362152 0.000088
0.015216 0.214032 0.257147 0.145444 0.003760 0.364323 0.000078
0.015075 0.215399 0.256999 0.145604 0.003716 0.363124 0.000082
0.015365 0.213974 0.256571 0.145082 0.003748 0.365171 0.000088
0.015167 0.213771 0.256387 0.145009 0.003773 0.365800 0.000092
0.015163 0.213081 0.255971 0.145179 0.003797 0.366723 0.000087
0.015393 0.212761 0.256068 0.145205 0.003748 0.366748 0.000078
0.015337 0.210320 0.255755 0.144990 0.003765 0.369740 0.000093
0.015317 0.211785 0.255427 0.144915 0.003721 0.368738 0.000096
0.015532 0.209822 0.255101 0.144821 0.003791 0.370843 0.000090
0.015738 0.209026 0.255009 0.144467 0.003782 0.371885 0.000094
0.015538 0.208996 0.254819 0.144699 0.003824 0.372038 0.000087
0.015685 0.207597 0.254409 0.144373 0.003839 0.374012 0.000085
0.015313 0.206732 0.254564 0.144397 0.003810 0.375094 0.000090
0.015554 0.207045 0.254169 0.144176 0.003838 0.375128 0.000090
0.015621 0.205983 0.254019 0.144183 0.003784 0.376312 0.000098
0.015576 0.205639 0.253523 0.143769 0.003861 0.377532 0.000100
0.015800 0.204616 0.253237 0.143582 0.003856 0.378811 0.000097
0.015664 0.204866 0.253515 0.143706 0.003847 0.378308 0.000094
0.015718 0.204093 0.253258 0.143360 0.003802 0.379671 0.000099
0.015912 0.202956 0.252510 0.143387 0.003853 0.381282 0.000100
0.015940 0.203096 0.252629 0.143175 0.003845 0.381214 0.000100
0.015694 0.201598 0.252603 0.143287 0.003915 0.382812 0.000091
0.015911 0.200595 0.252022 0.143126 0.003928 0.384307 0.000110
0.016188 0.200063 0.251723 0.143024 0.003924 0.384964 0.000114
0.016063 0.200936 0.252319 0.142822 0.003879 0.383878 0.000103
0.015884 0.199158 0.251938 0.142840 0.003935 0.386147 0.000098
0.015917 0.198738 0.251457 0.142646 0.003931 0.387204 0.000107
0.016049 0.197977 0.251201 0.142618 0.003968 0.388083 0.000104
0.016181 0.197143 0.250961 0.142340 0.003977 0.389295 0.000102
0.016113 0.197090 0.250625 0.142117 0.003902 0.390054 0.000099
0.016146 0.195149 0.250699 0.142204 0.003949 0.391758 0.000096
0.016247 0.195248 0.250244 0.141888 0.003936 0.392332 0.000105
0.016343 0.194954 0.250022 0.141655 0.003986 0.392939 0.000100
0.016144 0.194007 0.250008 0.141659 0.003976 0.394105 0.000101
0.016296 0.193309 0.249621 0.141522 0.003937 0.395215 0.000101
0.016515 0.193090 0.249452 0.141624 0.003980 0.395232 0.000107
0.016219 0.192627 0.249434 0.141487 0.003975 0.396145 0.000113
0.016462 0.192202 0.248802 0.141042 0.004008 0.397376 0.000108
0.016335 0.190771 0.249079 0.140976 0.004004 0.398736 0.000100
0.016375 0.190884 0.248192 0.140879 0.004018 0.399545 0.000107
0.016706 0.190168 0.248335 0.140524 0.004039 0.400120 0.000108
0.016568 0.188889 0.248226 0.140500 0.004020 0.401689 0.000108
0.016464 0.188650 0.247364 0.140887 0.004060 0.402463 0.000112
0.016659 0.187890 0.247692 0.140573 0.004048 0.403024 0.000115
0.016785 0.188737 0.247563 0.140380 0.004046 0.402378 0.000111
0.016866 0.186779 0.246959 0.139829 0.004057 0.405406 0.000105
0.016517 0.186999 0.247255 0.140248 0.004053 0.404823 0.000105
0.016878 0.185936 0.246663 0.139673 0.004075 0.406655 0.000120
0.016991 0.185486 0.246645 0.139812 0.004081 0.406867 0.000118
0.016988 0.184522 0.246332 0.139237 0.004028 0.408777 0.000117
0.016754 0.184722 0.246029 0.139320 0.004084 0.408978 0.000113
0.016852 0.183575 0.245551 0.139173 0.004143 0.410592 0.000114
0.017027 0.183576 0.245163 0.139297 0.004109 0.410706 0.000122
0.017034 0.182896 0.245568 0.138862 0.004102 0.411411 0.000126
0.016867 0.182333 0.244815 0.139076 0.004101 0.412703 0.000105
0.016963 0.182576 0.244738 0.138839 0.004079 0.412688 0.000116
0.017171 0.180664 0.244152 0.138449 0.004129 0.415321 0.000115
0.017201 0.180503 0.244445 0.138657 0.004105 0.414965 0.000124
0.017269 0.180281 0.243976 0.138514 0.004127 0.415719 0.000114
0.017315 0.179739 0.243230 0.137782 0.004143 0.417671 0.000121
0.017100 0.178986 0.243338 0.137986 0.004184 0.418287 0.000118
0.017211 0.177427 0.242971 0.137678 0.004174 0.420420 0.000121
0.017212 0.178556 0.243075 0.137469 0.004150 0.419416 0.000122
0.017480 0.177542 0.242472 0.137638 0.004146 0.420594 0.000128
0.017621 0.176404 0.242333 0.137424 0.004260 0.421838 0.000121
0.017482 0.176792 0.242310 0.137491 0.004171 0.421626 0.000128
0.017681 0.175582 0.241399 0.137386 0.004197 0.423631 0.000125
0.017517 0.175566 0.241293 0.137036 0.004192 0.424278 0.000118
0.017440 0.174922 0.241331 0.136909 0.004218 0.425043 0.000136
0.017699 0.175726 0.241262 0.136661 0.004146 0.424367 0.000139
0.017419 0.174088 0.240691 0.136861 0.004245 0.426561 0.000135
0.017889 0.174090 0.240604 0.136284 0.004193 0.426809 0.000131
0.017430 0.174051 0.240155 0.136739 0.004192 0.427299 0.000134
0.017538 0.172857 0.239760 0.136035 0.004208 0.429477 0.000125
0.017771 0.171873 0.239693 0.135896 0.004244 0.430381 0.000141
0.017809 0.171261 0.239156 0.135825 0.004196 0.431608 0.000145
0.017943 0.170748 0.239283 0.135695 0.004259 0.431947 0.000126
0.018033 0.170681 0.238826 0.135579 0.004263 0.432486 0.000132
0.017909 0.170462 0.238382 0.135611 0.004252 0.433244 0.000141
0.017822 0.169711 0.238252 0.135158 0.004302 0.434616 0.000138
0.017972 0.168772 0.237512 0.135167 0.004294 0.436146 0.000137
0.018204 0.169047 0.237661 0.135163 0.004270 0.435518 0.000137
0.017793 0.168984 0.237354 0.135010 0.004317 0.436404 0.000138
0.018225 0.168509 0.237039 0.134941 0.004281 0.436869 0.000135
0.017828 0.168086 0.236932 0.134612 0.004347 0.438053 0.000143
0.018126 0.166880 0.236515 0.134584 0.004253 0.439493 0.000149
0.018092 0.166569 0.236592 0.134406 0.004278 0.439917 0.000145
0.018147 0.167163 0.236363 0.134445 0.004313 0.439436 0.000133
0.018180 0.165762 0.235836 0.134019 0.004314 0.441746 0.000143
0.018133 0.165068 0.236003 0.133976 0.004316 0.442362 0.000141
0.018337 0.165006 0.235431 0.133987 0.004346 0.442758 0.000134
0.018381 0.164007 0.235094 0.133505 0.004350 0.444519 0.000145
0.018368 0.164161 0.235131 0.133595 0.004347 0.444255 0.000144
0.018348 0.163123 0.234574 0.133341 0.004376 0.446098 0.000140
0.018319 0.163076 0.234578 0.133423 0.004341 0.446126 0.000137
0.018617 0.162618 0.233917 0.133181 0.004383 0.447140 0.000143
0.018424 0.161117 0.233618 0.132890 0.004352 0.449452 0.000147
0.018604 0.160470 0.233518 0.132911 0.004380 0.449965 0.000153
0.018662 0.159997 0.233065 0.132363 0.004418 0.451351 0.000144
0.018861 0.161011 0.233294 0.132527 0.004352 0.449806 0.000149
0.019002 0.159637 0.232497 0.132363 0.004381 0.451973 0.000148
0.018843 0.158969 0.232380 0.132189 0.004396 0.453068 0.000156
0.018953 0.159140 0.232106 0.132042 0.004434 0.453166 0.000159
0.018995 0.158861 0.232256 0.132084 0.004414 0.453244 0.000146
0.018949 0.158339 0.231502 0.131778 0.004406 0.454870 0.000155
0.018841 0.158242 0.231574 0.131544 0.004463 0.455181 0.000154
0.018874 0.157537 0.231633 0.131208 0.004449 0.456148 0.000151
0.019155 0.156981 0.230531 0.131235 0.004462 0.457477 0.000159
0.019049 0.156964 0.230705 0.131242 0.004410 0.457477 0.000155
0.019406 0.155573 0.229951 0.130558 0.004488 0.459871 0.000154
0.019451 0.156264 0.230085 0.130844 0.004453 0.458748 0.000154
0.019048 0.155371 0.229928 0.130701 0.004451 0.460333 0.000168
0.019238 0.155439 0.229592 0.130408 0.004444 0.460716 0.000161
0.019429 0.154096 0.229150 0.130271 0.004464 0.462431 0.000159
0.019237 0.154196 0.229283 0.129894 0.004468 0.462761 0.000161
0.019399 0.154004 0.228769 0.130048 0.004506 0.463110 0.000164
0.019419 0.153393 0.228387 0.129750 0.004480 0.464416 0.000155
0.019560 0.153198 0.228067 0.129736 0.004486 0.464785 0.000168
0.019665 0.152755 0.227888 0.129420 0.004520 0.465597 0.000154
0.019610 0.152547 0.227660 0.129238 0.004513 0.466274 0.000158
0.019517 0.152089 0.227749 0.129068 0.004457 0.466960 0.000159
0.019562 0.151472 0.227186 0.129342 0.004511 0.467761 0.000167
0.019694 0.151320 0.226932 0.128926 0.004480 0.468472 0.000176
0.019690 0.150815 0.226653 0.128470 0.004563 0.469662 0.000146
0.019741 0.150604 0.226900 0.128411 0.004515 0.469651 0.000179
0.019994 0.149288 0.225726 0.128098 0.004574 0.472165 0.000155
0.020077 0.149252 0.225866 0.128143 0.004504 0.471995 0.000163
0.020188 0.148783 0.225754 0.128049 0.004539 0.472520 0.000167
0.020124 0.148511 0.225145 0.127923 0.004554 0.473569 0.000174
0.020140 0.148157 0.224843 0.127706 0.004592 0.474395 0.000167
0.019939 0.148093 0.224904 0.127595 0.004609 0.474686 0.000173
0.020290 0.147236 0.224220 0.127075 0.004582 0.476430 0.000167
0.020187 0.147326 0.224559 0.127310 0.004606 0.475849 0.000162
0.020207 0.147194 0.223989 0.127364 0.004592 0.476481 0.000173
0.020308 0.146301 0.224047 0.126989 0.004592 0.477594 0.000170
0.020389 0.145353 0.223143 0.126288 0.004568 0.480085 0.000175
0.020272 0.145816 0.223421 0.126791 0.004641 0.478881 0.000178
0.020600 0.145580 0.222984 0.126750 0.004614 0.479293 0.000179
0.020486 0.145294 0.222793 0.126175 0.004625 0.480455 0.000171
0.020307 0.144143 0.222548 0.126062 0.004627 0.482146 0.000167
0.020649 0.143878 0.222375 0.125868 0.004630 0.482428 0.000172
0.020511 0.144350 0.222025 0.126017 0.004625 0.482305 0.000166
0.020579 0.143324 0.221388 0.125959 0.004565 0.484001 0.000184
0.020670 0.143217 0.221397 0.125583 0.004623 0.484333 0.000178
0.020719 0.143143 0.220722 0.125576 0.004608 0.485047 0.000185
0.020747 0.141650 0.220561 0.125289 0.004629 0.486940 0.000183
0.020587 0.142750 0.220818 0.125135 0.004617 0.485918 0.000175
0.020905 0.141819 0.220084 0.124823 0.004647 0.487546 0.000175
0.020777 0.141128 0.220113 0.124999 0.004594 0.488204 0.000186
