0.999114 0.000852 0.000025 0.000010 0.000000 0.000000 0.000000
0.998674 0.001282 0.000030 0.000003 0.000000 0.000011 0.000000
0.998224 0.001716 0.000038 0.000011 0.000000 0.000012 0.000000
0.997757 0.002164 0.000047 0.000018 0.000000 0.000014 0.000000
0.997295 0.002611 0.000056 0.000024 0.000000 0.000014 0.000000
0.996814 0.003084 0.000062 0.000026 0.000000 0.000014 0.000000
0.996208 0.003683 0.000067 0.000030 0.000000 0.000013 0.000000
0.995671 0.004212 0.000072 0.000031 0.000000 0.000014 0.000000
0.994856 0.005004 0.000093 0.000033 0.000000 0.000014 0.000000
0.993830 0.006016 0.000104 0.000038 0.000000 0.000013 0.000000
0.992783 0.007051 0.000112 0.000042 0.000000 0.000013 0.000000
0.991113 0.008683 0.000135 0.000058 0.000000 0.000012 0.000000
0.989421 0.010349 0.000152 0.000067 0.000000 0.000010 0.000000
0.987122 0.012572 0.000197 0.000099 0.000000 0.000010 0.000000
0.985162 0.014530 0.000204 0.000096 0.000000 0.000009 0.000000
0.981779 0.017862 0.000243 0.000108 0.000000 0.000007 0.000000
0.977677 0.021790 0.000350 0.000177 0.000000 0.000006 0.000000
0.972939 0.026449 0.000394 0.000212 0.000000 0.000006 0.000000
0.968539 0.030743 0.000476 0.000237 0.000000 0.000005 0.000000
0.962403 0.036776 0.000541 0.000276 0.000000 0.000004 0.000000
0.955788 0.043231 0.000643 0.000327 0.000000 0.000011 0.000000
0.947589 0.051193 0.000792 0.000410 0.000000 0.000015 0.000000
0.940410 0.058202 0.000915 0.000456 0.000000 0.000017 0.000000
0.930747 0.067644 0.001031 0.000556 0.000000 0.000022 0.000000
0.919442 0.078663 0.001224 0.000645 0.000000 0.000027 0.000000
0.907755 0.090022 0.001414 0.000774 0.000000 0.000035 0.000000
0.894635 0.102825 0.001606 0.000888 0.000000 0.000045 0.000000
0.883198 0.114035 0.001781 0.000927 0.000000 0.000059 0.000000
0.868954 0.127948 0.001964 0.001070 0.000000 0.000064 0.000000
0.853651 0.142855 0.002205 0.001223 0.000000 0.000066 0.000000
0.839432 0.156564 0.002533 0.001391 0.000000 0.000080 0.000000
0.824015 0.171456 0.002864 0.001583 0.000000 0.000083 0.000000
0.807873 0.187074 0.003209 0.001759 0.000000 0.000086 0.000000
0.790941 0.203418 0.003577 0.001957 0.000000 0.000106 0.000000
0.774785 0.218922 0.003995 0.002180 0.000000 0.000118 0.000000
0.757717 0.235337 0.004405 0.002412 0.000000 0.000128 0.000000
0.742976 0.249424 0.004839 0.002627 0.000000 0.000134 0.000000
0.724789 0.266848 0.005331 0.002882 0.000001 0.000149 0.000000
0.708491 0.282367 0.005819 0.003154 0.000002 0.000169 0.000000
0.695955 0.294242 0.006219 0.003396 0.000002 0.000186 0.000000
0.679986 0.309328 0.006765 0.003714 0.000001 0.000206 0.000000
0.667028 0.321571 0.007193 0.003992 0.000001 0.000214 0.000000
0.651797 0.335820 0.007803 0.004342 0.000001 0.000236 0.000000
0.634907 0.351652 0.008467 0.004707 0.000001 0.000266 0.000000
0.625594 0.360227 0.008849 0.005038 0.000001 0.000290 0.000000
0.611057 0.373701 0.009498 0.005427 0.000001 0.000316 0.000000
0.598754 0.385085 0.009996 0.005816 0.000001 0.000348 0.000000
0.586429 0.396478 0.010560 0.006153 0.000001 0.000379 0.000000
0.577003 0.405112 0.011035 0.006429 0.000002 0.000419 0.000000
0.563017 0.417925 0.011736 0.006855 0.000002 0.000465 0.000000
0.551844 0.428050 0.012412 0.007186 0.000003 0.000505 0.000000
0.542513 0.436402 0.013028 0.007523 0.000004 0.000530 0.000000
0.527325 0.450278 0.013789 0.008025 0.000004 0.000577 0.000000
0.518980 0.457713 0.014344 0.008339 0.000005 0.000618 0.000000
0.510075 0.465645 0.014982 0.008641 0.000006 0.000650 0.000000
0.497163 0.477158 0.015825 0.009159 0.000007 0.000689 0.000000
0.487161 0.485956 0.016561 0.009573 0.000007 0.000742 0.000000
0.475714 0.496087 0.017358 0.010037 0.000010 0.000794 0.000000
0.466530 0.504108 0.018075 0.010429 0.000012 0.000847 0.000000
0.455911 0.513293 0.018982 0.010904 0.000012 0.000899 0.000000
0.445193 0.522769 0.019758 0.011321 0.000013 0.000945 0.000000
0.433993 0.532183 0.020878 0.011882 0.000015 0.001049 0.000000
0.421799 0.542740 0.021903 0.012417 0.000018 0.001122 0.000000
0.413392 0.549712 0.022740 0.012937 0.000018 0.001201 0.000000
0.403881 0.557910 0.023534 0.013380 0.000017 0.001279 0.000000
0.394488 0.565840 0.024421 0.013878 0.000019 0.001355 0.000000
0.386894 0.571718 0.025478 0.014438 0.000019 0.001453 0.000000
0.373995 0.582732 0.026639 0.015061 0.000019 0.001554 0.000000
0.365571 0.589273 0.027756 0.015691 0.000022 0.001687 0.000000
0.353984 0.598882 0.028935 0.016404 0.000020 0.001774 0.000000
0.347526 0.604176 0.029632 0.016782 0.000021 0.001862 0.000000
0.341055 0.609067 0.030585 0.017332 0.000022 0.001939 0.000000
0.329714 0.618091 0.031925 0.018123 0.000024 0.002123 0.000000
0.319340 0.626254 0.033221 0.018910 0.000029 0.002246 0.000000
0.314248 0.629527 0.034272 0.019532 0.000027 0.002394 0.000000
0.307578 0.634408 0.035361 0.020076 0.000030 0.002548 0.000000
0.299134 0.640654 0.036630 0.020877 0.000032 0.002673 0.000000
0.290170 0.646897 0.038276 0.021779 0.000036 0.002842 0.000000
0.283156 0.652235 0.039325 0.022263 0.000038 0.002983 0.000000
0.278888 0.654618 0.040402 0.022949 0.000039 0.003104 0.000000
0.274149 0.656869 0.041848 0.023794 0.000046 0.003295 0.000000
0.266872 0.661912 0.043189 0.024476 0.000049 0.003501 0.000000
0.263239 0.663679 0.044222 0.025146 0.000048 0.003666 0.000000
0.262796 0.662723 0.045046 0.025558 0.000050 0.003827 0.000000
0.255699 0.666930 0.046698 0.026543 0.000054 0.004075 0.000000
0.253140 0.667814 0.047636 0.027147 0.000058 0.004204 0.000000
0.241698 0.676386 0.049333 0.028087 0.000064 0.004432 0.000000
0.243660 0.673567 0.049784 0.028355 0.000067 0.004566 0.000000
0.236764 0.677334 0.051581 0.029439 0.000069 0.004814 0.000000
0.235830 0.676634 0.052521 0.029963 0.000071 0.004981 0.000000
0.231598 0.678409 0.053996 0.030693 0.000073 0.005232 0.000000
0.225672 0.681787 0.055408 0.031599 0.000067 0.005467 0.000000
0.229122 0.677562 0.055855 0.031836 0.000073 0.005552 0.000000
0.221060 0.682425 0.057676 0.032886 0.000071 0.005882 0.000000
0.215994 0.685507 0.058879 0.033466 0.000074 0.006080 0.000000
0.212524 0.686240 0.060386 0.034373 0.000081 0.006396 0.000000
0.202515 0.692078 0.062771 0.035768 0.000080 0.006786 0.000000
0.204557 0.689199 0.063146 0.036036 0.000081 0.006980 0.000000
0.205215 0.687110 0.064040 0.036414 0.000082 0.007139 0.000000
0.196260 0.692222 0.066149 0.037725 0.000084 0.007559 0.000000
0.193029 0.692519 0.067850 0.038633 0.000089 0.007881 0.000000
0.195715 0.689004 0.068267 0.038851 0.000095 0.008069 0.000000
0.192609 0.689299 0.069850 0.039785 0.000101 0.008357 0.000000
0.184833 0.694349 0.071404 0.040607 0.000102 0.008705 0.000000
0.183286 0.694809 0.071817 0.041148 0.000103 0.008838 0.000000
0.178443 0.695446 0.074211 0.042438 0.000109 0.009353 0.000000
0.172818 0.698472 0.075776 0.043204 0.000112 0.009617 0.000000
0.163390 0.703542 0.078170 0.044661 0.000112 0.010125 0.000000
0.163777 0.701990 0.078770 0.045053 0.000112 0.010298 0.000000
0.156522 0.705319 0.081032 0.046174 0.000125 0.010828 0.000000
0.157788 0.702691 0.081741 0.046597 0.000128 0.011055 0.000000
0.146951 0.709155 0.084333 0.047908 0.000133 0.011519 0.000000
0.146549 0.707924 0.085098 0.048478 0.000137 0.011813 0.000000
0.137244 0.710724 0.088689 0.050601 0.000151 0.012591 0.000000
0.137386 0.710721 0.088750 0.050353 0.000146 0.012644 0.000000
0.131355 0.711859 0.091282 0.051905 0.000162 0.013438 0.000000
0.129343 0.712283 0.092202 0.052433 0.000158 0.013582 0.000000
0.128888 0.709233 0.093895 0.053580 0.000159 0.014245 0.000000
0.126239 0.708711 0.095641 0.054528 0.000169 0.014711 0.000000
0.118315 0.712455 0.098064 0.055794 0.000172 0.015200 0.000000
0.122885 0.708604 0.097498 0.055539 0.000176 0.015297 0.000000
0.122230 0.704476 0.100046 0.057070 0.000191 0.015987 0.000000
0.122857 0.702286 0.100920 0.057460 0.000193 0.016283 0.000000
0.117848 0.703957 0.102544 0.058586 0.000212 0.016853 0.000000
0.117918 0.702937 0.103115 0.058868 0.000207 0.016957 0.000000
0.111364 0.703948 0.106004 0.060590 0.000217 0.017877 0.000000
0.110395 0.702171 0.107489 0.061299 0.000228 0.018418 0.000000
0.107771 0.701549 0.109383 0.062210 0.000240 0.018846 0.000000
0.105245 0.700449 0.111233 0.063369 0.000249 0.019454 0.000000
0.113270 0.692572 0.110910 0.063333 0.000253 0.019661 0.000000
0.107793 0.695564 0.112399 0.063914 0.000253 0.020077 0.000000
0.104594 0.694731 0.114460 0.065175 0.000266 0.020773 0.000000
0.103656 0.693262 0.115528 0.065994 0.000267 0.021293 0.000000
0.107892 0.688102 0.115843 0.066272 0.000267 0.021624 0.000000
0.101042 0.690758 0.118304 0.067420 0.000272 0.022204 0.000000
0.104730 0.686541 0.118330 0.067503 0.000282 0.022615 0.000000
0.106875 0.680812 0.120129 0.068584 0.000296 0.023304 0.000000
0.105862 0.679971 0.120926 0.069321 0.000299 0.023621 0.000000
0.112331 0.673246 0.120813 0.069348 0.000306 0.023956 0.000000
0.116387 0.669240 0.120727 0.069177 0.000289 0.024179 0.000001
0.114313 0.666861 0.123002 0.070526 0.000314 0.024983 0.000000
0.112282 0.668175 0.123338 0.070780 0.000315 0.025109 0.000001
0.106936 0.669651 0.125467 0.071710 0.000320 0.025915 0.000002
0.103056 0.669245 0.127458 0.073127 0.000334 0.026778 0.000002
0.103694 0.668357 0.127561 0.073103 0.000333 0.026951 0.000001
0.106314 0.663219 0.128722 0.073917 0.000334 0.027493 0.000002
0.100836 0.664450 0.130977 0.075080 0.000351 0.028304 0.000002
0.104430 0.662292 0.130032 0.074523 0.000353 0.028369 0.000001
0.097656 0.663834 0.132632 0.076154 0.000366 0.029356 0.000001
0.094228 0.664364 0.134014 0.077005 0.000376 0.030012 0.000002
0.090471 0.665041 0.135726 0.077725 0.000377 0.030658 0.000002
0.086970 0.665798 0.136923 0.078639 0.000370 0.031298 0.000002
0.084292 0.663551 0.139528 0.079984 0.000383 0.032260 0.000002
0.085607 0.661672 0.139572 0.080025 0.000402 0.032720 0.000002
0.084274 0.660787 0.140632 0.080762 0.000394 0.033151 0.000001
0.077477 0.662126 0.143280 0.082454 0.000412 0.034251 0.000001
0.073224 0.663347 0.144920 0.083305 0.000427 0.034774 0.000003
0.069456 0.661364 0.147819 0.084852 0.000438 0.036069 0.000002
0.067785 0.661013 0.148756 0.085414 0.000438 0.036591 0.000003
0.067351 0.659715 0.149749 0.085733 0.000439 0.037011 0.000001
0.062598 0.659191 0.152178 0.087175 0.000478 0.038377 0.000003
0.062198 0.657611 0.153140 0.087891 0.000477 0.038679 0.000003
0.058633 0.658951 0.154267 0.088401 0.000488 0.039257 0.000002
0.057933 0.656078 0.155953 0.089438 0.000493 0.040103 0.000003
0.055104 0.655252 0.157654 0.090474 0.000494 0.041019 0.000002
0.052469 0.653504 0.159828 0.091592 0.000509 0.042095 0.000002
0.049256 0.653922 0.161356 0.092333 0.000513 0.042617 0.000003
0.048983 0.651014 0.162729 0.093139 0.000532 0.043602 0.000002
0.053311 0.646683 0.162357 0.093170 0.000540 0.043937 0.000002
0.052856 0.643237 0.164463 0.094053 0.000519 0.044870 0.000002
0.047872 0.643720 0.166709 0.095209 0.000553 0.045933 0.000003
0.047224 0.642541 0.167486 0.095862 0.000555 0.046331 0.000003
0.045485 0.638884 0.169914 0.097215 0.000556 0.047944 0.000002
0.046823 0.636586 0.169956 0.097740 0.000563 0.048329 0.000003
0.047094 0.634298 0.171056 0.098075 0.000568 0.048905 0.000002
0.048249 0.632639 0.170910 0.098052 0.000573 0.049576 0.000002
0.045033 0.630912 0.173448 0.099333 0.000584 0.050688 0.000002
0.043062 0.631066 0.174111 0.099985 0.000583 0.051189 0.000003
0.042550 0.627232 0.176140 0.101061 0.000600 0.052416 0.000003
0.043038 0.625862 0.176328 0.101322 0.000615 0.052832 0.000003
0.041186 0.626017 0.177073 0.101784 0.000619 0.053320 0.000002
0.037402 0.622282 0.180632 0.103756 0.000632 0.055293 0.000002
0.039353 0.620326 0.180508 0.103591 0.000632 0.055588 0.000002
0.036630 0.618885 0.182457 0.104748 0.000660 0.056616 0.000003
0.035840 0.618245 0.182907 0.105079 0.000669 0.057257 0.000002
0.033088 0.616010 0.185257 0.106393 0.000670 0.058581 0.000002
0.031726 0.614853 0.186164 0.107143 0.000682 0.059430 0.000002
0.033381 0.613426 0.186041 0.106960 0.000694 0.059494 0.000002
0.031014 0.612292 0.187701 0.107747 0.000701 0.060544 0.000002
0.030860 0.609837 0.188611 0.108528 0.000723 0.061441 0.000002
0.029503 0.607317 0.190190 0.109663 0.000739 0.062585 0.000003
0.028164 0.606342 0.191599 0.109824 0.000751 0.063317 0.000003
0.027573 0.604186 0.192573 0.110703 0.000756 0.064206 0.000003
0.028337 0.599247 0.194228 0.111756 0.000771 0.065659 0.000003
0.030434 0.595164 0.195094 0.112014 0.000777 0.066515 0.000003
0.033079 0.592942 0.194553 0.111861 0.000806 0.066755 0.000003
0.029745 0.591523 0.196865 0.113243 0.000809 0.067813 0.000003
0.029103 0.591531 0.197251 0.113017 0.000772 0.068321 0.000005
0.034042 0.585173 0.197595 0.113122 0.000814 0.069252 0.000003
0.031281 0.583428 0.199489 0.114453 0.000816 0.070531 0.000002
0.033983 0.580180 0.199453 0.114414 0.000843 0.071124 0.000003
0.033601 0.580189 0.199597 0.114367 0.000837 0.071406 0.000003
0.031542 0.578060 0.201287 0.115613 0.000846 0.072648 0.000004
0.032541 0.575723 0.201716 0.115586 0.000850 0.073578 0.000007
0.032768 0.573886 0.202103 0.116158 0.000849 0.074231 0.000005
0.034765 0.571120 0.202397 0.116076 0.000876 0.074762 0.000005
0.031258 0.569892 0.204634 0.117104 0.000888 0.076218 0.000006
0.029238 0.567900 0.206381 0.118317 0.000897 0.077263 0.000005
0.030088 0.566319 0.206493 0.118330 0.000905 0.077859 0.000006
0.029079 0.566474 0.207024 0.118259 0.000907 0.078251 0.000006
0.029260 0.564457 0.207288 0.118761 0.000904 0.079324 0.000006
0.028652 0.562582 0.208297 0.119378 0.000908 0.080177 0.000005
0.026981 0.561542 0.209256 0.119952 0.000948 0.081315 0.000006
0.025748 0.560584 0.210147 0.120410 0.000949 0.082157 0.000005
0.024467 0.558064 0.211713 0.121388 0.000955 0.083407 0.000008
0.023616 0.555488 0.213233 0.122040 0.000949 0.084664 0.000009
0.031149 0.549544 0.212283 0.121390 0.000974 0.084651 0.000010
0.030593 0.548399 0.212968 0.121453 0.000977 0.085602 0.000008
0.027536 0.547707 0.214502 0.122649 0.000988 0.086611 0.000007
0.031194 0.541613 0.215116 0.122916 0.000999 0.088154 0.000008
0.031158 0.542186 0.214868 0.122776 0.000991 0.088014 0.000008
0.031255 0.539657 0.215486 0.123182 0.001044 0.089368 0.000007
0.032285 0.537019 0.215861 0.123472 0.001036 0.090319 0.000008
0.031569 0.536680 0.216518 0.123482 0.001038 0.090706 0.000007
0.030490 0.534897 0.217317 0.124215 0.001052 0.092022 0.000007
0.028709 0.532137 0.219176 0.125263 0.001064 0.093641 0.000010
0.029547 0.532458 0.218490 0.124830 0.001041 0.093622 0.000011
0.027619 0.531649 0.219617 0.125528 0.001091 0.094486 0.000011
0.032324 0.526777 0.219389 0.125196 0.001083 0.095222 0.000009
0.028051 0.527617 0.220693 0.126084 0.001094 0.096451 0.000010
0.027495 0.525861 0.221618 0.126298 0.001120 0.097598 0.000010
0.025664 0.524538 0.222621 0.127264 0.001123 0.098779 0.000011
0.026175 0.521765 0.223223 0.127721 0.001164 0.099942 0.000010
0.022386 0.522112 0.224739 0.128575 0.001168 0.101010 0.000009
0.022917 0.519660 0.225322 0.128735 0.001154 0.102203 0.000008
0.023511 0.517498 0.225767 0.128904 0.001188 0.103123 0.000011
0.020271 0.516889 0.227583 0.130068 0.001192 0.103988 0.000010
0.021165 0.515181 0.227473 0.130093 0.001227 0.104850 0.000010
0.021634 0.514192 0.227465 0.130028 0.001212 0.105459 0.000010
0.020015 0.510999 0.229161 0.131133 0.001276 0.107404 0.000013
0.019940 0.510173 0.229676 0.130958 0.001223 0.108020 0.000010
0.019375 0.509075 0.230010 0.131442 0.001237 0.108851 0.000011
0.019248 0.507483 0.230577 0.131729 0.001248 0.109704 0.000011
0.017908 0.504442 0.232427 0.132573 0.001296 0.111345 0.000008
0.017660 0.502558 0.233143 0.133043 0.001299 0.112288 0.000008
0.017202 0.501617 0.233390 0.133312 0.001310 0.113159 0.000011
0.017067 0.499194 0.234333 0.133745 0.001300 0.114350 0.000012
0.015798 0.494230 0.236530 0.135087 0.001335 0.117009 0.000012
0.016761 0.496317 0.235282 0.134269 0.001322 0.116037 0.000012
0.016197 0.492509 0.236580 0.135354 0.001363 0.117987 0.000010
0.015845 0.490181 0.237699 0.135681 0.001366 0.119216 0.000012
0.015875 0.488270 0.238302 0.136080 0.001379 0.120080 0.000014
0.015974 0.487143 0.238218 0.136016 0.001382 0.121253 0.000016
0.015704 0.487331 0.238178 0.136081 0.001410 0.121281 0.000015
0.015901 0.484462 0.238912 0.136477 0.001410 0.122822 0.000017
0.015224 0.481881 0.240150 0.137183 0.001413 0.124134 0.000014
0.015125 0.479717 0.240782 0.137537 0.001470 0.125353 0.000015
0.015073 0.477915 0.241169 0.138080 0.001448 0.126299 0.000016
0.014760 0.476843 0.242083 0.138213 0.001436 0.126650 0.000015
0.014858 0.475700 0.241979 0.138319 0.001464 0.127662 0.000018
0.024115 0.469177 0.240047 0.137113 0.001461 0.128070 0.000017
0.025328 0.467020 0.240125 0.137333 0.001455 0.128723 0.000016
0.024229 0.466001 0.240885 0.137681 0.001489 0.129700 0.000015
0.027225 0.463564 0.240220 0.137379 0.001491 0.130108 0.000015
0.026853 0.460652 0.241334 0.137927 0.001491 0.131729 0.000013
0.028804 0.460065 0.240682 0.137296 0.001510 0.131630 0.000014
0.026342 0.461044 0.241099 0.137776 0.001531 0.132193 0.000015
0.029044 0.458280 0.240775 0.137398 0.001555 0.132932 0.000016
0.026787 0.456372 0.242274 0.138149 0.001558 0.134844 0.000016
0.027889 0.455799 0.241935 0.137898 0.001544 0.134919 0.000016
0.026853 0.453369 0.242771 0.138556 0.001590 0.136845 0.000017
0.023242 0.450854 0.245326 0.139762 0.001595 0.139203 0.000018
0.026198 0.451900 0.243332 0.138678 0.001614 0.138261 0.000017
0.023399 0.450576 0.244747 0.139701 0.001635 0.139924 0.000019
0.023900 0.450006 0.244338 0.139382 0.001640 0.140715 0.000018
0.024110 0.449033 0.244495 0.139381 0.001674 0.141287 0.000020
0.022310 0.446377 0.246156 0.140121 0.001666 0.143350 0.000020
0.021686 0.446599 0.246119 0.140142 0.001674 0.143761 0.000020
0.018456 0.442780 0.248544 0.141559 0.001709 0.146933 0.000018
0.019260 0.443480 0.247540 0.141287 0.001692 0.146722 0.000019
0.018807 0.443080 0.247644 0.141406 0.001687 0.147357 0.000018
0.018259 0.439685 0.248963 0.141840 0.001712 0.149525 0.000017
0.017021 0.438303 0.249739 0.142921 0.001745 0.150251 0.000020
0.015992 0.437420 0.250648 0.142932 0.001745 0.151244 0.000019
0.016160 0.434868 0.251271 0.143311 0.001755 0.152617 0.000018
0.015535 0.431983 0.252167 0.143871 0.001770 0.154655 0.000020
0.015983 0.433330 0.251157 0.143329 0.001771 0.154414 0.000016
0.015458 0.431065 0.251914 0.143792 0.001797 0.155956 0.000019
0.015751 0.429540 0.252320 0.143698 0.001822 0.156851 0.000019
0.015034 0.427035 0.253232 0.144382 0.001821 0.158475 0.000020
0.014871 0.427502 0.253304 0.144658 0.001860 0.157785 0.000021
0.014377 0.422913 0.254653 0.145354 0.001842 0.160838 0.000022
0.014844 0.423688 0.253845 0.144692 0.001854 0.161059 0.000018
0.014512 0.420502 0.254794 0.145055 0.001883 0.163235 0.000020
0.014193 0.419670 0.255241 0.145304 0.001889 0.163678 0.000024
0.014130 0.418342 0.255730 0.145698 0.001902 0.164176 0.000022
0.013846 0.416304 0.256143 0.145994 0.001903 0.165786 0.000025
0.013959 0.413553 0.256655 0.146280 0.001933 0.167596 0.000025
0.013568 0.413842 0.256839 0.146234 0.001943 0.167549 0.000025
0.013499 0.411027 0.257553 0.146441 0.001958 0.169498 0.000024
0.013766 0.410700 0.257285 0.146538 0.001963 0.169724 0.000025
0.013828 0.410514 0.256807 0.146250 0.001976 0.170603 0.000022
0.013343 0.407563 0.258214 0.146678 0.001993 0.172187 0.000023
0.013350 0.405415 0.258478 0.146960 0.001984 0.173790 0.000023
0.013379 0.404691 0.258372 0.147152 0.002018 0.174365 0.000022
0.012828 0.400514 0.259934 0.148095 0.002030 0.176568 0.000031
0.013159 0.402190 0.259039 0.147731 0.002000 0.175853 0.000028
0.012973 0.398838 0.259793 0.148042 0.002033 0.178296 0.000025
0.013196 0.397323 0.259699 0.147934 0.002060 0.179763 0.000024
0.013054 0.396375 0.260170 0.147908 0.002071 0.180398 0.000023
0.013054 0.395830 0.259838 0.148174 0.002080 0.180996 0.000028
0.012996 0.393478 0.260662 0.148419 0.002105 0.182311 0.000029
0.013007 0.392346 0.260716 0.148391 0.002127 0.183384 0.000028
0.012804 0.390459 0.261293 0.148908 0.002110 0.184395 0.000031
0.012958 0.387461 0.261687 0.149163 0.002176 0.186526 0.000029
0.012845 0.387437 0.261850 0.149218 0.002138 0.186482 0.000030
0.013010 0.387050 0.262059 0.149100 0.002147 0.186603 0.000031
0.012815 0.384762 0.262063 0.149518 0.002142 0.188667 0.000033
0.012790 0.383384 0.262468 0.149526 0.002194 0.189609 0.000030
0.012681 0.382007 0.262880 0.149709 0.002159 0.190534 0.000029
0.012872 0.381409 0.262712 0.149761 0.002163 0.191053 0.000031
0.012635 0.379413 0.263517 0.149962 0.002173 0.192267 0.000034
0.012611 0.377850 0.263869 0.149930 0.002193 0.193514 0.000032
0.012581 0.376086 0.263591 0.150036 0.002240 0.195436 0.000031
0.012655 0.374959 0.263919 0.150324 0.002226 0.195887 0.000031
0.012695 0.372864 0.264614 0.150317 0.002249 0.197230 0.000032
0.012596 0.371645 0.264438 0.150326 0.002254 0.198714 0.000027
0.012723 0.372190 0.264018 0.150530 0.002271 0.198236 0.000033
0.012559 0.369753 0.264626 0.150499 0.002282 0.200248 0.000034
0.012704 0.368581 0.265016 0.150410 0.002273 0.200984 0.000033
0.012713 0.367514 0.264440 0.150491 0.002306 0.202501 0.000033
0.012497 0.366140 0.264868 0.150914 0.002311 0.203231 0.000038
0.012785 0.364335 0.265332 0.150821 0.002305 0.204386 0.000036
0.012469 0.362548 0.265429 0.151209 0.002337 0.205976 0.000032
0.012716 0.360663 0.265614 0.150869 0.002338 0.207768 0.000032
0.012531 0.360098 0.265787 0.151200 0.002361 0.207988 0.000034
0.012658 0.360157 0.265328 0.151333 0.002330 0.208160 0.000035
0.012488 0.358821 0.265798 0.151225 0.002352 0.209282 0.000032
0.012651 0.356810 0.266040 0.151313 0.002389 0.210765 0.000033
0.012526 0.354465 0.266422 0.151218 0.002359 0.212974 0.000035
0.012442 0.352261 0.266779 0.151860 0.002404 0.214218 0.000036
0.012784 0.353242 0.266103 0.151721 0.002422 0.213696 0.000033
0.012597 0.351416 0.266700 0.151677 0.002398 0.215177 0.000036
0.012585 0.350961 0.266745 0.151872 0.002425 0.215379 0.000033
0.012494 0.347563 0.267358 0.151944 0.002407 0.218198 0.000036
0.012673 0.347567 0.266956 0.152044 0.002426 0.218297 0.000038
0.012816 0.346551 0.266683 0.151621 0.002450 0.219844 0.000035
0.012573 0.346172 0.266907 0.151924 0.002472 0.219914 0.000038
0.012846 0.343535 0.267296 0.151792 0.002476 0.222021 0.000034
0.012851 0.344339 0.267070 0.151699 0.002445 0.221562 0.000035
0.012683 0.340547 0.267523 0.152399 0.002501 0.224308 0.000039
0.012710 0.340018 0.267676 0.152312 0.002478 0.224772 0.000034
0.012637 0.338938 0.267698 0.152478 0.002496 0.225717 0.000037
0.012499 0.336848 0.268215 0.152575 0.002512 0.227310 0.000041
0.012696 0.335612 0.268066 0.152589 0.002490 0.228509 0.000038
0.012719 0.335172 0.267788 0.152515 0.002501 0.229266 0.000039
0.012902 0.333471 0.267580 0.152750 0.002529 0.230726 0.000042
0.012695 0.332833 0.267881 0.152574 0.002530 0.231449 0.000038
0.012654 0.332074 0.267868 0.152605 0.002574 0.232188 0.000038
0.012622 0.330405 0.267935 0.152838 0.002564 0.233596 0.000040
0.012799 0.329908 0.268135 0.152836 0.002590 0.233693 0.000039
0.012683 0.327068 0.268380 0.152903 0.002581 0.236343 0.000042
0.012687 0.326799 0.268318 0.152735 0.002568 0.236854 0.000039
0.012737 0.326083 0.268332 0.152685 0.002610 0.237513 0.000041
0.012949 0.325924 0.267624 0.152635 0.002609 0.238215 0.000045
0.012668 0.323368 0.268100 0.153085 0.002637 0.240096 0.000046
0.012677 0.322351 0.268591 0.152738 0.002582 0.241017 0.000046
0.012939 0.321361 0.268370 0.152505 0.002632 0.242151 0.000041
0.012671 0.320359 0.268297 0.152923 0.002673 0.243034 0.000044
0.012725 0.317591 0.268382 0.153138 0.002702 0.245417 0.000046
0.012703 0.319369 0.267904 0.152662 0.002660 0.244659 0.000043
0.012629 0.316278 0.268608 0.153133 0.002724 0.246582 0.000046
0.012750 0.316754 0.268031 0.152993 0.002714 0.246715 0.000042
0.012795 0.313706 0.268675 0.152848 0.002730 0.249201 0.000045
0.012838 0.311692 0.268725 0.153110 0.002732 0.250857 0.000046
0.012847 0.311213 0.268544 0.152846 0.002743 0.251755 0.000052
0.012762 0.311691 0.268449 0.152918 0.002734 0.251392 0.000054
0.012762 0.310556 0.268664 0.152930 0.002744 0.252289 0.000055
0.012813 0.308927 0.268407 0.153019 0.002787 0.253997 0.000050
0.012707 0.307414 0.268557 0.152884 0.002751 0.255634 0.000052
0.012723 0.305823 0.268537 0.153046 0.002807 0.257013 0.000051
0.012752 0.306149 0.268402 0.153014 0.002782 0.256847 0.000054
0.024205 0.302285 0.265104 0.150722 0.002800 0.254834 0.000049
0.028522 0.301771 0.262869 0.149809 0.002763 0.254212 0.000055
0.027889 0.299852 0.263661 0.150031 0.002779 0.255738 0.000049
0.029382 0.300995 0.262633 0.149631 0.002760 0.254547 0.000052
0.030289 0.299465 0.261959 0.149085 0.002803 0.256345 0.000055
0.027881 0.299322 0.262710 0.149745 0.002817 0.257468 0.000056
0.028404 0.299967 0.262090 0.149336 0.002818 0.257324 0.000060
0.027932 0.298380 0.261942 0.149516 0.002826 0.259353 0.000052
0.025631 0.298624 0.262659 0.149654 0.002854 0.260527 0.000052
0.023743 0.298371 0.263232 0.149815 0.002820 0.261962 0.000057
0.021786 0.297048 0.263777 0.150322 0.002896 0.264118 0.000053
0.023531 0.298131 0.262877 0.149496 0.002870 0.263040 0.000054
0.024523 0.295932 0.262314 0.149324 0.002892 0.264964 0.000051
0.020372 0.294652 0.264025 0.150392 0.002881 0.267625 0.000053
0.020650 0.294282 0.263735 0.150057 0.002894 0.268333 0.000049
0.021948 0.295427 0.262593 0.149655 0.002849 0.267469 0.000059
0.019366 0.292508 0.263787 0.150501 0.002903 0.270882 0.000053
0.019703 0.293279 0.263703 0.150148 0.002936 0.270170 0.000062
0.017369 0.290190 0.264674 0.151139 0.002934 0.273636 0.000058
0.018611 0.290346 0.263912 0.150406 0.002933 0.273731 0.000059
0.017370 0.288338 0.264675 0.150694 0.002957 0.275900 0.000066
0.016719 0.288535 0.264943 0.150789 0.002958 0.275996 0.000060
0.016368 0.286400 0.265333 0.150926 0.002975 0.277933 0.000065
0.016283 0.285463 0.265102 0.150928 0.003019 0.279144 0.000061
0.016163 0.284385 0.265364 0.150936 0.003023 0.280060 0.000070
0.014983 0.283365 0.265870 0.151450 0.003019 0.281244 0.000069
0.015219 0.281730 0.265761 0.151244 0.003028 0.282950 0.000069
0.015364 0.281411 0.265223 0.151057 0.002988 0.283890 0.000066
0.015144 0.279528 0.265590 0.151218 0.003062 0.285392 0.000066
0.014783 0.279717 0.265524 0.151177 0.003023 0.285710 0.000065
0.015413 0.279592 0.264817 0.150504 0.003071 0.286538 0.000065
0.015178 0.277788 0.265226 0.150823 0.003074 0.287838 0.000073
0.014719 0.277064 0.265208 0.150900 0.003074 0.288969 0.000065
0.014145 0.275017 0.266233 0.151070 0.003148 0.290318 0.000069
0.014197 0.272926 0.265885 0.151427 0.003092 0.292404 0.000068
0.014327 0.272296 0.265706 0.151043 0.003125 0.293434 0.000069
0.014272 0.271944 0.265666 0.150985 0.003137 0.293930 0.000066
0.014347 0.272962 0.265023 0.150516 0.003129 0.293953 0.000070
0.014321 0.272061 0.264771 0.150757 0.003149 0.294869 0.000074
0.014152 0.269255 0.265425 0.150954 0.003125 0.297023 0.000065
0.014470 0.270226 0.264923 0.150616 0.003147 0.296549 0.000070
0.014241 0.268065 0.264862 0.150722 0.003180 0.298861 0.000068
0.013658 0.264662 0.265808 0.151398 0.003210 0.301187 0.000076
0.013567 0.264976 0.265549 0.151056 0.003237 0.301542 0.000073
0.014217 0.264875 0.264665 0.150566 0.003242 0.302356 0.000078
0.014060 0.264110 0.264938 0.150696 0.003218 0.302911 0.000067
0.014012 0.263016 0.264620 0.150245 0.003255 0.304778 0.000075
0.013690 0.260977 0.265401 0.150503 0.003214 0.306140 0.000076
0.013984 0.260348 0.265073 0.150417 0.003244 0.306863 0.000072
0.013841 0.258551 0.265105 0.150680 0.003260 0.308493 0.000070
0.014021 0.258688 0.264806 0.150368 0.003272 0.308768 0.000075
0.013905 0.257427 0.264567 0.150406 0.003275 0.310341 0.000079
0.013848 0.258158 0.264384 0.150141 0.003300 0.310096 0.000073
0.013666 0.256392 0.264723 0.150423 0.003290 0.311430 0.000076
0.013646 0.253320 0.264725 0.150449 0.003330 0.314457 0.000074
0.014051 0.253639 0.264243 0.150303 0.003307 0.314375 0.000081
0.013838 0.253081 0.264116 0.150383 0.003314 0.315187 0.000082
0.013749 0.251251 0.263544 0.150331 0.003388 0.317659 0.000078
0.013812 0.250979 0.264051 0.149992 0.003341 0.317744 0.000082
0.013731 0.251201 0.263739 0.149948 0.003353 0.317948 0.000079
0.013914 0.251089 0.263469 0.150151 0.003330 0.317971 0.000076
0.013779 0.249368 0.263607 0.150168 0.003340 0.319655 0.000083
0.014186 0.248084 0.263106 0.149670 0.003413 0.321468 0.000073
0.013997 0.247015 0.263498 0.149751 0.003351 0.322309 0.000079
0.014080 0.245038 0.263223 0.149831 0.003439 0.324304 0.000084
0.014180 0.245018 0.262971 0.149569 0.003376 0.324804 0.000082
0.013967 0.244457 0.263221 0.149688 0.003408 0.325179 0.000080
0.014385 0.244039 0.262025 0.149021 0.003429 0.327019 0.000082
0.014098 0.243948 0.262750 0.148849 0.003418 0.326861 0.000077
0.014299 0.242554 0.262267 0.148992 0.003410 0.328399 0.000079
0.014109 0.241409 0.262309 0.148917 0.003483 0.329695 0.000078
0.014026 0.239782 0.262441 0.149218 0.003432 0.331029 0.000073
0.014123 0.240720 0.261827 0.148604 0.003508 0.331134 0.000084
0.014275 0.238742 0.261862 0.148197 0.003488 0.333347 0.000089
0.014262 0.239222 0.261497 0.148130 0.003462 0.333345 0.000082
0.014377 0.238188 0.261341 0.148324 0.003478 0.334198 0.000095
0.014099 0.237028 0.261303 0.148464 0.003498 0.335510 0.000096
0.014009 0.236372 0.261257 0.148199 0.003546 0.336531 0.000086
0.014173 0.233923 0.260951 0.148445 0.003546 0.338871 0.000092
0.014320 0.234943 0.260899 0.147587 0.003497 0.338673 0.000080
0.014267 0.232849 0.260486 0.148207 0.003505 0.340584 0.000101
0.014322 0.233528 0.260435 0.147874 0.003586 0.340162 0.000092
0.014374 0.232014 0.260313 0.148158 0.003538 0.341505 0.000098
0.014319 0.231642 0.260022 0.147609 0.003553 0.342761 0.000094
0.014214 0.231514 0.259721 0.147353 0.003564 0.343546 0.000088
0.014491 0.229793 0.260013 0.147924 0.003553 0.344138 0.000089
0.014400 0.229328 0.259368 0.147667 0.003577 0.345575 0.000085
0.014285 0.228543 0.259382 0.147613 0.003621 0.346462 0.000094
0.014677 0.227374 0.259098 0.147270 0.003632 0.347861 0.000088
0.014557 0.227321 0.258949 0.147018 0.003651 0.348410 0.000094
0.014495 0.226399 0.258694 0.147147 0.003672 0.349501 0.000091
0.014512 0.223823 0.259260 0.147129 0.003657 0.351529 0.000090
0.014730 0.224895 0.258413 0.146891 0.003657 0.351318 0.000097
0.014588 0.223007 0.258433 0.147083 0.003659 0.353141 0.000089
0.014790 0.223660 0.257942 0.146615 0.003632 0.353269 0.000092
0.014535 0.222400 0.257989 0.146563 0.003722 0.354695 0.000097
0.014730 0.220791 0.258143 0.146593 0.003701 0.355941 0.000101
0.014652 0.220951 0.257959 0.146160 0.003751 0.356439 0.000088
0.014846 0.220625 0.257592 0.146140 0.003776 0.356921 0.000099
0.014560 0.219892 0.257448 0.146188 0.003708 0.358111 0.000093
0.014953 0.219358 0.257198 0.145932 0.003718 0.358748 0.000093
0.014637 0.218405 0.256945 0.145986 0.003754 0.360181 0.000093
0.014663 0.216807 0.256386 0.145681 0.003778 0.362584 0.000102
0.014897 0.218141 0.256482 0.145885 0.003748 0.360753 0.000095
0.014767 0.216353 0.256438 0.145676 0.003772 0.362895 0.000098
0.014976 0.216177 0.255908 0.145596 0.003740 0.363511 0.000093
0.014905 0.214504 0.256359 0.145739 0.003756 0.364634 0.000102
0.015090 0.214094 0.256123 0.145383 0.003788 0.365423 0.000099
0.014835 0.213372 0.255688 0.145288 0.003794 0.366926 0.000097
0.015133 0.213340 0.255387 0.144988 0.003779 0.367274 0.000099
0.014895 0.212342 0.255177 0.145073 0.003821 0.368594 0.000098
0.015083 0.211394 0.254697 0.144932 0.003801 0.369995 0.000099
0.014979 0.210010 0.254173 0.144833 0.003866 0.372033 0.000106
0.015075 0.209705 0.254458 0.144440 0.003832 0.372383 0.000108
0.015154 0.209029 0.254438 0.144228 0.003847 0.373199 0.000104
0.015179 0.208668 0.254259 0.144358 0.003849 0.373569 0.000118
0.015067 0.208571 0.253845 0.144356 0.003852 0.374202 0.000107
0.015266 0.207604 0.253523 0.144192 0.003868 0.375435 0.000112
0.015213 0.205743 0.253271 0.143707 0.003897 0.378059 0.000111
0.015334 0.206378 0.252792 0.144012 0.003889 0.377491 0.000104
0.015219 0.205666 0.252973 0.143641 0.003892 0.378504 0.000106
0.015352 0.204706 0.252490 0.143608 0.003937 0.379805 0.000103
0.015468 0.205398 0.252362 0.143614 0.003925 0.379125 0.000108
0.015673 0.204280 0.252445 0.143458 0.003881 0.380157 0.000106
0.015535 0.201642 0.252113 0.143409 0.003918 0.383274 0.000109
0.015512 0.203554 0.252079 0.143408 0.003968 0.381366 0.000114
0.015474 0.200792 0.251664 0.143086 0.003982 0.384888 0.000114
0.015567 0.201031 0.251135 0.142893 0.004016 0.385243 0.000115
0.015495 0.200341 0.251198 0.143095 0.003975 0.385784 0.000112
0.015722 0.199725 0.250971 0.142725 0.003982 0.386757 0.000118
0.015701 0.199451 0.250652 0.142734 0.004004 0.387347 0.000112
0.015523 0.199101 0.250460 0.142665 0.004006 0.388127 0.000117
0.015819 0.196450 0.249972 0.142442 0.003998 0.391202 0.000117
0.015749 0.197354 0.250396 0.142497 0.003995 0.389894 0.000115
0.015862 0.196933 0.249665 0.142108 0.004048 0.391269 0.000116
0.015603 0.195726 0.249766 0.142275 0.004045 0.392453 0.000132
0.015839 0.195738 0.249540 0.141867 0.004059 0.392828 0.000129
0.015677 0.194463 0.249554 0.142108 0.004070 0.394005 0.000124
0.015848 0.194714 0.248914 0.141581 0.004039 0.394787 0.000117
0.015825 0.192653 0.248537 0.141480 0.004058 0.397327 0.000121
0.015903 0.192811 0.248677 0.141412 0.004059 0.397017 0.000122
0.016123 0.191820 0.248073 0.141306 0.004082 0.398468 0.000128
0.016149 0.190732 0.247674 0.141412 0.004131 0.399769 0.000133
0.016130 0.191460 0.247325 0.141377 0.004084 0.399495 0.000129
0.016007 0.190262 0.247345 0.140974 0.004075 0.401206 0.000130
0.016345 0.190673 0.247255 0.140853 0.004132 0.400613 0.000129
0.016223 0.189919 0.246979 0.141125 0.004076 0.401551 0.000127
0.016262 0.189245 0.246606 0.140749 0.004065 0.402943 0.000130
0.016456 0.188108 0.246500 0.140786 0.004116 0.403905 0.000129
0.016184 0.188231 0.246382 0.140286 0.004170 0.404623 0.000125
0.016107 0.187082 0.246353 0.140344 0.004200 0.405783 0.000131
0.016495 0.185662 0.245743 0.140162 0.004144 0.407664 0.000130
0.016665 0.185289 0.245743 0.140087 0.004188 0.407899 0.000129
0.016573 0.184917 0.245378 0.139725 0.004174 0.409112 0.000121
0.016591 0.185050 0.245322 0.139839 0.004128 0.408936 0.000133
0.016524 0.184373 0.245046 0.139272 0.004211 0.410436 0.000137
0.016395 0.183451 0.244548 0.139354 0.004221 0.411894 0.000137
0.016754 0.183544 0.244728 0.139139 0.004155 0.411545 0.000135
0.016581 0.183552 0.244294 0.139167 0.004199 0.412071 0.000138
0.016544 0.182222 0.244144 0.138777 0.004163 0.414015 0.000135
0.016599 0.181759 0.243614 0.139046 0.004189 0.414660 0.000134
0.016533 0.181248 0.243500 0.138899 0.004233 0.415447 0.000140
0.016675 0.180549 0.243343 0.138471 0.004154 0.416669 0.000140
0.017042 0.179448 0.242799 0.138477 0.004263 0.417830 0.000141
0.016892 0.178540 0.242686 0.138351 0.004225 0.419159 0.000147
0.016724 0.178471 0.242127 0.137984 0.004233 0.420316 0.000144
0.016828 0.178818 0.242499 0.138031 0.004261 0.419422 0.000139
0.016983 0.177772 0.241992 0.137669 0.004178 0.421260 0.000147
0.016892 0.177486 0.241459 0.137702 0.004240 0.422072 0.000149
0.016854 0.177397 0.241443 0.137849 0.004216 0.422085 0.000157
0.016842 0.176226 0.241602 0.137398 0.004287 0.423498 0.000146
0.016782 0.175634 0.240831 0.137595 0.004243 0.424764 0.000152
0.016986 0.174098 0.240355 0.137290 0.004261 0.426870 0.000140
0.017045 0.174560 0.239925 0.137025 0.004295 0.427002 0.000148
0.017140 0.174738 0.240313 0.136862 0.004258 0.426544 0.000146
0.017155 0.174568 0.239603 0.136594 0.004264 0.427657 0.000160
0.017388 0.173528 0.239751 0.136566 0.004244 0.428363 0.000160
0.017221 0.173434 0.239431 0.136244 0.004248 0.429261 0.000161
0.017241 0.171259 0.238763 0.135945 0.004261 0.432375 0.000156
0.017291 0.172500 0.238790 0.136186 0.004265 0.430805 0.000162
0.017188 0.171932 0.238238 0.136245 0.004252 0.431984 0.000162
0.017204 0.170884 0.238327 0.135929 0.004252 0.433243 0.000161
0.017360 0.170527 0.237874 0.135568 0.004274 0.434224 0.000172
0.017109 0.170240 0.237919 0.135620 0.004338 0.434622 0.000152
0.017459 0.169431 0.237586 0.135400 0.004340 0.435623 0.000161
0.017423 0.170161 0.237587 0.135342 0.004349 0.434974 0.000164
0.017557 0.169299 0.236984 0.135231 0.004324 0.436436 0.000169
0.017576 0.169565 0.236518 0.135005 0.004290 0.436873 0.000174
0.017616 0.167744 0.236615 0.134422 0.004332 0.439100 0.000171
0.017688 0.166586 0.235941 0.134564 0.004360 0.440684 0.000177
0.017581 0.165970 0.236394 0.134299 0.004336 0.441252 0.000169
0.017846 0.166942 0.235530 0.134450 0.004374 0.440684 0.000175
0.017829 0.165557 0.235501 0.134473 0.004367 0.442097 0.000176
0.017643 0.164198 0.235091 0.133939 0.004327 0.444628 0.000175
0.017811 0.164731 0.234635 0.134179 0.004368 0.444111 0.000165
0.017863 0.164098 0.234379 0.133858 0.004404 0.445220 0.000178
0.018031 0.163615 0.234569 0.133595 0.004352 0.445666 0.000173
0.018172 0.163576 0.234052 0.133381 0.004378 0.446267 0.000174
0.018093 0.162901 0.233915 0.133444 0.004369 0.447101 0.000178
0.017855 0.162275 0.233733 0.133317 0.004359 0.448290 0.000172
0.018291 0.163302 0.233570 0.133265 0.004383 0.447005 0.000183
0.018154 0.161324 0.232977 0.133472 0.004360 0.449536 0.000177
0.018019 0.161620 0.233182 0.133108 0.004390 0.449494 0.000187
0.018238 0.161600 0.232985 0.132912 0.004383 0.449702 0.000179
0.018074 0.160443 0.232838 0.132537 0.004376 0.451558 0.000174
0.018104 0.160231 0.231906 0.132386 0.004434 0.452758 0.000182
0.018190 0.159478 0.231699 0.132431 0.004399 0.453628 0.000174
0.018431 0.158832 0.231810 0.131922 0.004423 0.454407 0.000175
0.018329 0.158425 0.231214 0.131847 0.004380 0.455623 0.000182
0.018310 0.157832 0.230982 0.131749 0.004411 0.456536 0.000180
0.018543 0.157634 0.230762 0.132001 0.004422 0.456461 0.000177
0.018544 0.156778 0.230378 0.131377 0.004377 0.458358 0.000187
0.018628 0.156273 0.230280 0.131146 0.004440 0.459047 0.000186
0.018770 0.156515 0.229927 0.131045 0.004448 0.459114 0.000181
0.018627 0.155643 0.229765 0.131039 0.004388 0.460354 0.000183
0.018604 0.155174 0.229419 0.131004 0.004471 0.461143 0.000185
0.018598 0.156007 0.229247 0.130867 0.004428 0.460669 0.000185
0.018785 0.154417 0.228771 0.130434 0.004448 0.462957 0.000189
0.018811 0.154184 0.228561 0.130544 0.004448 0.463264 0.000188
0.018743 0.153091 0.228186 0.130186 0.004479 0.465132 0.000184
0.018880 0.153664 0.228390 0.130395 0.004426 0.464058 0.000187
0.018704 0.153014 0.228063 0.130248 0.004439 0.465351 0.000182
0.018988 0.152362 0.227674 0.129849 0.004482 0.466453 0.000192
0.018960 0.152068 0.227145 0.129738 0.004495 0.467400 0.000195
0.019151 0.151290 0.226621 0.129509 0.004439 0.468800 0.000189
0.019003 0.151408 0.227098 0.129153 0.004500 0.468639 0.000199
0.019118 0.151017 0.226571 0.129202 0.004515 0.469382 0.000195
0.019033 0.150493 0.226440 0.129309 0.004433 0.470101 0.000191
0.019205 0.150566 0.226040 0.128858 0.004444 0.470698 0.000189
0.019160 0.149862 0.225818 0.128906 0.004496 0.471569 0.000190
0.019433 0.149672 0.225541 0.128944 0.004516 0.471696 0.000199
0.019224 0.148676 0.225148 0.128037 0.004473 0.474248 0.000194
0.019255 0.148760 0.225134 0.128505 0.004447 0.473699 0.000200
0.019349 0.147753 0.224588 0.127991 0.004578 0.475557 0.000183
0.019283 0.148857 0.224917 0.128342 0.004494 0.473914 0.000194
0.019533 0.147815 0.224105 0.127608 0.004495 0.476243 0.000201
0.019467 0.146953 0.223851 0.127962 0.004547 0.477021 0.000199
0.019497 0.147470 0.223330 0.127726 0.004554 0.477219 0.000204
0.019648 0.146537 0.223624 0.127488 0.004485 0.478024 0.000192
0.019802 0.146771 0.223127 0.127407 0.004509 0.478188 0.000195
0.019840 0.145145 0.222788 0.127300 0.004559 0.480171 0.000196
0.019734 0.145281 0.222891 0.127028 0.004604 0.480259 0.000202
0.019667 0.145806 0.222484 0.126828 0.004537 0.480477 0.000201
0.019850 0.143757 0.221991 0.126342 0.004553 0.483306 0.000201
0.019913 0.143263 0.221315 0.126128 0.004563 0.484626 0.000192
0.019801 0.142720 0.221393 0.125944 0.004572 0.485379 0.000191
0.020017 0.144078 0.220986 0.126220 0.004564 0.483934 0.000201
0.019962 0.143077 0.220650 0.126118 0.004545 0.485449 0.000198
0.020064 0.142877 0.220168 0.125643 0.004606 0.486440 0.000202
0.020059 0.143337 0.220414 0.125544 0.004592 0.485846 0.000208
0.019896 0.142986 0.220448 0.125622 0.004608 0.486234 0.000207
0.020402 0.141638 0.219131 0.125040 0.004583 0.489006 0.000201
