0.999112 0.000867 0.000009 0.000012 0.000000 0.000000 0.000000
0.998676 0.001287 0.000018 0.000008 0.000000 0.000011 0.000000
0.998241 0.001707 0.000027 0.000013 0.000000 0.000012 0.000000
0.997784 0.002148 0.000035 0.000020 0.000000 0.000012 0.000000
0.997327 0.002602 0.000037 0.000023 0.000000 0.000011 0.000000
0.996796 0.003127 0.000045 0.000021 0.000000 0.000011 0.000000
0.996331 0.003579 0.000055 0.000021 0.000000 0.000013 0.000000
0.995730 0.004171 0.000060 0.000026 0.000000 0.000013 0.000000
0.995068 0.004830 0.000065 0.000024 0.000000 0.000012 0.000000
0.994210 0.005658 0.000084 0.000032 0.000000 0.000016 0.000000
0.993147 0.006721 0.000087 0.000034 0.000000 0.000012 0.000000
0.991721 0.008123 0.000103 0.000041 0.000000 0.000013 0.000000
0.990203 0.009597 0.000136 0.000052 0.000000 0.000012 0.000000
0.987694 0.012074 0.000145 0.000077 0.000000 0.000010 0.000000
0.985390 0.014322 0.000183 0.000095 0.000000 0.000010 0.000000
0.982856 0.016773 0.000223 0.000136 0.000000 0.000012 0.000000
0.978518 0.021060 0.000264 0.000145 0.000000 0.000013 0.000000
0.975531 0.023999 0.000318 0.000139 0.000000 0.000012 0.000000
0.970536 0.028880 0.000399 0.000173 0.000000 0.000012 0.000000
0.965121 0.034181 0.000464 0.000223 0.000000 0.000011 0.000000
0.959490 0.039654 0.000558 0.000283 0.000000 0.000014 0.000000
0.952194 0.046808 0.000633 0.000349 0.000000 0.000016 0.000000
0.943509 0.055282 0.000772 0.000418 0.000000 0.000019 0.000000
0.934677 0.063887 0.000891 0.000526 0.000000 0.000019 0.000000
0.926094 0.072222 0.001034 0.000630 0.000000 0.000020 0.000000
0.914943 0.083054 0.001231 0.000744 0.000000 0.000027 0.000000
0.905108 0.092602 0.001398 0.000854 0.000000 0.000038 0.000000
0.892224 0.105134 0.001607 0.000977 0.000000 0.000058 0.000000
0.880810 0.116221 0.001804 0.001095 0.000000 0.000070 0.000000
0.867147 0.129559 0.001994 0.001217 0.000000 0.000083 0.000000
0.850655 0.145518 0.002329 0.001404 0.000000 0.000094 0.000000
0.838195 0.157587 0.002600 0.001519 0.000000 0.000099 0.000000
0.824003 0.171307 0.002925 0.001656 0.000000 0.000109 0.000000
0.809999 0.184785 0.003237 0.001861 0.000000 0.000118 0.000000
0.794119 0.200104 0.003608 0.002045 0.000000 0.000123 0.000000
0.777561 0.216036 0.004010 0.002259 0.000000 0.000134 0.000000
0.763002 0.230025 0.004375 0.002449 0.000000 0.000148 0.000000
0.744714 0.247512 0.004880 0.002731 0.000000 0.000163 0.000000
0.729669 0.261896 0.005302 0.002961 0.000001 0.000171 0.000000
0.715689 0.275168 0.005749 0.003218 0.000001 0.000175 0.000000
0.701752 0.288386 0.006212 0.003461 0.000001 0.000189 0.000000
0.684381 0.304824 0.006796 0.003790 0.000001 0.000208 0.000000
0.670040 0.318379 0.007293 0.004060 0.000002 0.000225 0.000000
0.656386 0.331174 0.007817 0.004371 0.000003 0.000249 0.000000
0.641265 0.345361 0.008367 0.004733 0.000002 0.000272 0.000000
0.625660 0.360015 0.008985 0.005034 0.000003 0.000303 0.000000
0.611432 0.373254 0.009587 0.005401 0.000004 0.000324 0.000000
0.598988 0.384769 0.010152 0.005735 0.000003 0.000353 0.000000
0.584002 0.398641 0.010831 0.006137 0.000003 0.000386 0.000000
0.572292 0.409435 0.011330 0.006522 0.000004 0.000418 0.000000
0.557685 0.422810 0.012078 0.006976 0.000005 0.000447 0.000000
0.545198 0.434225 0.012758 0.007326 0.000006 0.000487 0.000000
0.535305 0.443113 0.013366 0.007683 0.000008 0.000525 0.000000
0.520792 0.456239 0.014221 0.008163 0.000009 0.000576 0.000000
0.513187 0.463032 0.014677 0.008488 0.000009 0.000607 0.000000
0.496209 0.478243 0.015734 0.009137 0.000010 0.000667 0.000000
0.487872 0.485510 0.016400 0.009487 0.000009 0.000723 0.000000
0.476548 0.495422 0.017266 0.009968 0.000011 0.000786 0.000000
0.467904 0.502969 0.017985 0.010294 0.000011 0.000838 0.000000
0.458099 0.511520 0.018714 0.010757 0.000011 0.000899 0.000000
0.446229 0.521718 0.019735 0.011327 0.000012 0.000980 0.000000
0.439122 0.527826 0.020378 0.011622 0.000012 0.001040 0.000000
0.427346 0.537853 0.021449 0.012213 0.000015 0.001124 0.000000
0.419345 0.544399 0.022327 0.012714 0.000016 0.001199 0.000000
0.412297 0.550226 0.023065 0.013115 0.000018 0.001280 0.000000
0.406220 0.555326 0.023642 0.013447 0.000018 0.001347 0.000000
0.394392 0.565218 0.024814 0.014112 0.000019 0.001444 0.000000
0.386351 0.571508 0.025909 0.014680 0.000022 0.001530 0.000000
0.377590 0.578588 0.026953 0.015217 0.000023 0.001629 0.000000
0.371277 0.583429 0.027797 0.015741 0.000024 0.001732 0.000000
0.362168 0.590728 0.028924 0.016347 0.000025 0.001808 0.000000
0.351853 0.598888 0.030213 0.017105 0.000026 0.001915 0.000000
0.349790 0.599973 0.030797 0.017418 0.000027 0.001995 0.000000
0.338346 0.609137 0.032108 0.018246 0.000028 0.002135 0.000000
0.329364 0.616291 0.033139 0.018919 0.000035 0.002250 0.000000
0.322230 0.621673 0.034212 0.019474 0.000036 0.002375 0.000000
0.313288 0.628230 0.035611 0.020326 0.000034 0.002511 0.000000
0.302145 0.637126 0.036930 0.021105 0.000036 0.002657 0.000000
0.294197 0.643008 0.038179 0.021760 0.000039 0.002817 0.000000
0.283214 0.651407 0.039682 0.022671 0.000042 0.002984 0.000000
0.275266 0.657217 0.040871 0.023458 0.000044 0.003144 0.000000
0.266592 0.663739 0.042205 0.024122 0.000046 0.003296 0.000000
0.260907 0.667361 0.043446 0.024799 0.000051 0.003438 0.000000
0.250061 0.675376 0.045088 0.025737 0.000050 0.003688 0.000000
0.238483 0.683604 0.047064 0.026823 0.000057 0.003969 0.000000
0.231308 0.688436 0.048460 0.027578 0.000053 0.004164 0.000000
0.223494 0.693457 0.050103 0.028487 0.000059 0.004400 0.000000
0.214309 0.699471 0.051976 0.029502 0.000061 0.004682 0.000000
0.209854 0.701703 0.053232 0.030240 0.000066 0.004906 0.000000
0.204934 0.704141 0.054765 0.030973 0.000069 0.005117 0.000000
0.198005 0.708352 0.056217 0.031980 0.000072 0.005375 0.000000
0.192231 0.711863 0.057549 0.032681 0.000078 0.005597 0.000000
0.187702 0.712913 0.059468 0.033885 0.000085 0.005947 0.000000
0.185287 0.712946 0.060862 0.034581 0.000091 0.006233 0.000000
0.185576 0.710928 0.061885 0.035131 0.000091 0.006388 0.000000
0.178679 0.713871 0.064146 0.036396 0.000095 0.006813 0.000000
0.177249 0.713266 0.065265 0.037098 0.000099 0.007023 0.000000
0.174337 0.712849 0.067151 0.038183 0.000105 0.007375 0.000000
0.175358 0.710227 0.068001 0.038730 0.000105 0.007578 0.000000
0.174275 0.708480 0.069702 0.039520 0.000107 0.007916 0.000000
0.172920 0.707530 0.070964 0.040232 0.000109 0.008244 0.000000
0.173717 0.705776 0.071593 0.040462 0.000111 0.008341 0.000000
0.173271 0.703194 0.073269 0.041433 0.000113 0.008720 0.000000
0.175637 0.699604 0.073764 0.041917 0.000121 0.008958 0.000000
0.173885 0.698531 0.075333 0.042775 0.000125 0.009352 0.000000
0.172682 0.696926 0.077054 0.043515 0.000133 0.009689 0.000000
0.167452 0.699066 0.078766 0.044540 0.000136 0.010040 0.000000
0.174179 0.692843 0.078376 0.044365 0.000136 0.010101 0.000000
0.167191 0.695576 0.080810 0.045683 0.000140 0.010601 0.000000
0.165640 0.695741 0.081447 0.046232 0.000153 0.010787 0.000000
0.164025 0.694738 0.082895 0.047002 0.000144 0.011197 0.000000
0.164747 0.693116 0.083288 0.047330 0.000153 0.011365 0.000000
0.162480 0.692867 0.084612 0.048110 0.000152 0.011780 0.000000
0.154357 0.696611 0.087073 0.049451 0.000163 0.012346 0.000000
0.151697 0.697443 0.088079 0.050056 0.000168 0.012558 0.000000
0.154314 0.694021 0.088352 0.050230 0.000173 0.012910 0.000000
0.151225 0.695384 0.089436 0.050661 0.000171 0.013123 0.000000
0.140150 0.700194 0.092877 0.052647 0.000193 0.013939 0.000000
0.136995 0.701528 0.093880 0.053123 0.000200 0.014273 0.000000
0.129866 0.704956 0.095952 0.054202 0.000198 0.014827 0.000000
0.121532 0.708722 0.098442 0.055630 0.000203 0.015471 0.000000
0.120820 0.708377 0.099046 0.055820 0.000202 0.015735 0.000000
0.115744 0.709467 0.101224 0.057014 0.000216 0.016335 0.000000
0.108442 0.712168 0.103622 0.058622 0.000212 0.016933 0.000000
0.104982 0.711465 0.105951 0.059833 0.000226 0.017544 0.000000
0.102230 0.712454 0.107012 0.060279 0.000218 0.017806 0.000000
0.096769 0.714139 0.108895 0.061503 0.000233 0.018460 0.000000
0.097076 0.712756 0.109558 0.061714 0.000225 0.018670 0.000000
0.092923 0.710929 0.112702 0.063600 0.000235 0.019610 0.000000
0.093709 0.709228 0.113017 0.063867 0.000244 0.019934 0.000000
0.089215 0.709470 0.115266 0.065225 0.000256 0.020569 0.000000
0.089079 0.708459 0.116146 0.065340 0.000256 0.020720 0.000000
0.082641 0.708674 0.119258 0.067426 0.000278 0.021723 0.000000
0.079297 0.708620 0.121223 0.068253 0.000283 0.022323 0.000000
0.077644 0.707163 0.122875 0.069180 0.000287 0.022852 0.000000
0.080064 0.701605 0.124323 0.070101 0.000299 0.023607 0.000000
0.073471 0.704691 0.126245 0.071196 0.000304 0.024093 0.000000
0.076038 0.699838 0.127382 0.071829 0.000303 0.024609 0.000000
0.074799 0.699044 0.128422 0.072430 0.000321 0.024984 0.000000
0.077458 0.694539 0.129131 0.072936 0.000321 0.025616 0.000000
0.070126 0.696032 0.132186 0.074728 0.000331 0.026596 0.000000
0.072114 0.693808 0.132241 0.074626 0.000339 0.026872 0.000000
0.066749 0.693662 0.135172 0.076233 0.000352 0.027831 0.000000
0.071972 0.688700 0.134915 0.076058 0.000355 0.028001 0.000000
0.076223 0.682017 0.135991 0.076744 0.000353 0.028672 0.000001
0.074921 0.679860 0.137681 0.077778 0.000361 0.029398 0.000001
0.074662 0.677823 0.138870 0.078307 0.000378 0.029959 0.000000
0.071746 0.678068 0.140251 0.079084 0.000381 0.030470 0.000001
0.072547 0.675803 0.140769 0.079600 0.000380 0.030900 0.000001
0.069920 0.675065 0.142591 0.080507 0.000385 0.031531 0.000001
0.072362 0.670261 0.143681 0.080972 0.000390 0.032331 0.000002
0.074401 0.666188 0.144505 0.081475 0.000400 0.033029 0.000002
0.071456 0.666588 0.145737 0.082300 0.000404 0.033512 0.000003
0.069943 0.665175 0.147166 0.082998 0.000413 0.034302 0.000003
0.067907 0.663875 0.148842 0.084000 0.000410 0.034965 0.000003
0.069771 0.661051 0.149101 0.084216 0.000425 0.035433 0.000002
0.070035 0.657500 0.150861 0.085055 0.000443 0.036102 0.000004
0.070224 0.657236 0.150729 0.085031 0.000452 0.036326 0.000003
0.073330 0.653067 0.150978 0.085445 0.000463 0.036713 0.000003
0.071467 0.650398 0.153376 0.086520 0.000449 0.037787 0.000003
0.064616 0.651639 0.156240 0.088221 0.000473 0.038808 0.000002
0.067567 0.648587 0.155999 0.088144 0.000477 0.039223 0.000002
0.064619 0.649526 0.157086 0.088705 0.000480 0.039582 0.000003
0.074923 0.640661 0.156077 0.088092 0.000486 0.039757 0.000004
0.075381 0.639292 0.156413 0.088232 0.000491 0.040186 0.000004
0.070898 0.638095 0.159047 0.089995 0.000509 0.041452 0.000004
0.068761 0.634927 0.161672 0.091405 0.000530 0.042702 0.000003
0.069573 0.635548 0.160860 0.090902 0.000526 0.042589 0.000002
0.066397 0.635325 0.162537 0.091811 0.000506 0.043421 0.000003
0.067716 0.631462 0.163671 0.092350 0.000546 0.044250 0.000004
0.065454 0.632456 0.164402 0.092548 0.000546 0.044590 0.000003
0.061922 0.631117 0.166434 0.093930 0.000560 0.046034 0.000003
0.063362 0.627996 0.167097 0.094302 0.000564 0.046675 0.000004
0.058747 0.629467 0.168831 0.095179 0.000573 0.047199 0.000003
0.056117 0.629130 0.170226 0.095808 0.000605 0.048110 0.000004
0.051771 0.628793 0.172336 0.097125 0.000620 0.049351 0.000004
0.047917 0.627353 0.174739 0.098669 0.000619 0.050698 0.000005
0.050471 0.625533 0.174163 0.098377 0.000613 0.050839 0.000003
0.048686 0.625663 0.175035 0.098674 0.000630 0.051308 0.000005
0.046195 0.623678 0.176889 0.099791 0.000640 0.052803 0.000004
0.041961 0.622610 0.179659 0.101293 0.000653 0.053818 0.000005
0.041104 0.622414 0.179946 0.101481 0.000652 0.054399 0.000005
0.037796 0.621319 0.182079 0.102707 0.000664 0.055430 0.000006
0.036275 0.619139 0.183781 0.103632 0.000698 0.056471 0.000005
0.035543 0.618709 0.184308 0.103820 0.000698 0.056915 0.000006
0.035851 0.616256 0.184837 0.104627 0.000702 0.057721 0.000005
0.033542 0.613594 0.187251 0.105643 0.000725 0.059239 0.000006
0.031507 0.612138 0.188857 0.106613 0.000735 0.060145 0.000006
0.030606 0.611045 0.189558 0.107186 0.000754 0.060844 0.000006
0.029546 0.609892 0.190519 0.107698 0.000767 0.061572 0.000007
0.028190 0.607262 0.192475 0.108526 0.000763 0.062778 0.000006
0.026587 0.604291 0.194418 0.109867 0.000782 0.064048 0.000006
0.026857 0.603167 0.194590 0.110066 0.000776 0.064539 0.000005
0.026608 0.601622 0.195282 0.110370 0.000783 0.065328 0.000006
0.024840 0.597469 0.198057 0.111724 0.000817 0.067087 0.000006
0.025176 0.597449 0.197494 0.111920 0.000820 0.067133 0.000008
0.025351 0.595590 0.198301 0.112080 0.000808 0.067864 0.000007
0.024625 0.594169 0.199109 0.112614 0.000820 0.068656 0.000007
0.025272 0.591773 0.199612 0.113205 0.000833 0.069297 0.000007
0.031415 0.583478 0.200444 0.113453 0.000849 0.070350 0.000011
0.027667 0.582901 0.202397 0.114570 0.000859 0.071598 0.000008
0.031531 0.579942 0.201602 0.114114 0.000867 0.071937 0.000007
0.028618 0.578131 0.203679 0.115363 0.000873 0.073327 0.000009
0.030742 0.574599 0.204051 0.115649 0.000893 0.074057 0.000010
0.033399 0.571402 0.204139 0.115591 0.000901 0.074556 0.000011
0.032417 0.569869 0.205014 0.116143 0.000898 0.075647 0.000012
0.031476 0.567593 0.206218 0.116995 0.000909 0.076801 0.000008
0.032644 0.565353 0.206746 0.116918 0.000942 0.077385 0.000012
0.030246 0.563849 0.208363 0.117865 0.000950 0.078714 0.000012
0.031081 0.563380 0.207980 0.117636 0.000967 0.078943 0.000013
0.030402 0.561101 0.209246 0.118315 0.000965 0.079961 0.000011
0.030197 0.558804 0.210110 0.118748 0.000987 0.081141 0.000013
0.029043 0.557754 0.210960 0.119268 0.000987 0.081977 0.000011
0.027048 0.556225 0.212322 0.120161 0.001003 0.083228 0.000012
0.026491 0.553762 0.213560 0.120786 0.001016 0.084373 0.000011
0.027111 0.552617 0.213479 0.120982 0.001013 0.084788 0.000010
0.026669 0.552028 0.213834 0.121113 0.001021 0.085322 0.000013
0.026566 0.550700 0.214415 0.121249 0.001023 0.086035 0.000012
0.025057 0.547421 0.216063 0.122525 0.001059 0.087864 0.000012
0.022371 0.545092 0.218466 0.123404 0.001061 0.089594 0.000012
0.024658 0.543366 0.217799 0.123304 0.001056 0.089804 0.000014
0.022892 0.542533 0.218863 0.123756 0.001072 0.090872 0.000013
0.021092 0.541293 0.220374 0.124621 0.001073 0.091537 0.000011
0.024628 0.538874 0.219668 0.124094 0.001098 0.091627 0.000012
0.031209 0.530854 0.219557 0.124108 0.001103 0.093158 0.000012
0.029766 0.530968 0.220148 0.124472 0.001110 0.093524 0.000012
0.032187 0.528012 0.220171 0.124342 0.001115 0.094158 0.000015
0.027869 0.528798 0.221799 0.125047 0.001117 0.095355 0.000014
0.029185 0.527084 0.221632 0.125197 0.001119 0.095765 0.000018
0.030363 0.522972 0.222230 0.125769 0.001153 0.097499 0.000015
0.029791 0.520230 0.223756 0.126232 0.001149 0.098827 0.000015
0.031710 0.519669 0.223091 0.125770 0.001164 0.098581 0.000015
0.029927 0.517614 0.224469 0.126568 0.001164 0.100244 0.000014
0.030352 0.515462 0.224631 0.126971 0.001186 0.101383 0.000015
0.028908 0.514226 0.225556 0.127716 0.001192 0.102387 0.000015
0.027899 0.513122 0.226565 0.127638 0.001228 0.103533 0.000016
0.027324 0.512328 0.227171 0.127798 0.001213 0.104148 0.000018
0.027218 0.513142 0.226560 0.127636 0.001219 0.104208 0.000017
0.026726 0.508803 0.228477 0.128846 0.001222 0.105909 0.000017
0.023773 0.509709 0.229443 0.129121 0.001245 0.106693 0.000016
0.024080 0.507349 0.229915 0.129662 0.001253 0.107722 0.000019
0.023670 0.506116 0.230352 0.129864 0.001260 0.108721 0.000016
0.023536 0.504167 0.230869 0.130151 0.001268 0.109990 0.000020
0.022792 0.502087 0.231900 0.130707 0.001293 0.111203 0.000019
0.020737 0.500351 0.233391 0.131459 0.001309 0.112736 0.000016
0.021374 0.499315 0.233254 0.131466 0.001311 0.113262 0.000018
0.020334 0.498526 0.233863 0.131986 0.001299 0.113972 0.000020
0.018573 0.495589 0.235876 0.132592 0.001342 0.116007 0.000021
0.019521 0.492746 0.236077 0.133216 0.001347 0.117072 0.000021
0.018920 0.492449 0.236478 0.133142 0.001367 0.117624 0.000021
0.018292 0.490806 0.237040 0.133606 0.001396 0.118839 0.000021
0.017370 0.488929 0.238303 0.134174 0.001391 0.119808 0.000025
0.017616 0.488036 0.238283 0.134325 0.001404 0.120314 0.000021
0.016502 0.483786 0.240248 0.135431 0.001431 0.122578 0.000023
0.016932 0.484838 0.239279 0.135005 0.001430 0.122492 0.000024
0.016675 0.481229 0.240648 0.135747 0.001408 0.124269 0.000023
0.016612 0.478065 0.241452 0.136313 0.001438 0.126096 0.000024
0.016576 0.479596 0.241039 0.135644 0.001457 0.125660 0.000028
0.015838 0.476743 0.242531 0.136380 0.001452 0.127028 0.000028
0.015496 0.473727 0.243333 0.137454 0.001488 0.128476 0.000025
0.015659 0.471899 0.243926 0.137552 0.001485 0.129450 0.000028
0.015244 0.469988 0.244565 0.137720 0.001514 0.130943 0.000026
0.014728 0.466556 0.245594 0.138795 0.001495 0.132805 0.000027
0.015166 0.467041 0.245057 0.138564 0.001513 0.132635 0.000024
0.014826 0.464277 0.246176 0.138943 0.001537 0.134215 0.000026
0.014793 0.463645 0.246476 0.138856 0.001537 0.134664 0.000029
0.015037 0.463091 0.246262 0.138841 0.001550 0.135192 0.000026
0.014741 0.459762 0.247041 0.139714 0.001568 0.137151 0.000024
0.014494 0.457474 0.248199 0.139990 0.001605 0.138210 0.000029
0.014308 0.455799 0.248591 0.140405 0.001579 0.139290 0.000027
0.014370 0.454799 0.248581 0.140353 0.001608 0.140260 0.000029
0.014260 0.453564 0.249077 0.140605 0.001641 0.140825 0.000028
0.014456 0.451575 0.249440 0.140608 0.001635 0.142258 0.000028
0.013986 0.448330 0.250420 0.141635 0.001658 0.143939 0.000032
0.014173 0.446903 0.250646 0.141795 0.001652 0.144806 0.000025
0.014005 0.445860 0.251108 0.141714 0.001657 0.145629 0.000026
0.014021 0.445250 0.251199 0.141670 0.001687 0.146143 0.000030
0.014152 0.443211 0.251531 0.141940 0.001673 0.147461 0.000032
0.013876 0.439098 0.252830 0.142942 0.001717 0.149506 0.000030
0.013754 0.438906 0.253159 0.142787 0.001726 0.149636 0.000032
0.013881 0.438654 0.252443 0.142936 0.001694 0.150359 0.000032
0.013831 0.436013 0.253290 0.143067 0.001723 0.152044 0.000031
0.013889 0.434025 0.253984 0.143317 0.001736 0.153022 0.000027
0.013525 0.432791 0.254297 0.143780 0.001734 0.153843 0.000030
0.013604 0.431456 0.254387 0.143869 0.001757 0.154897 0.000029
0.013498 0.430152 0.254828 0.144021 0.001782 0.155690 0.000029
0.013618 0.428313 0.255565 0.144044 0.001805 0.156622 0.000034
0.013406 0.425794 0.256099 0.144625 0.001785 0.158265 0.000026
0.013518 0.425552 0.255833 0.144336 0.001806 0.158924 0.000031
0.013598 0.424529 0.255885 0.144816 0.001787 0.159358 0.000027
0.013360 0.421656 0.256812 0.145063 0.001797 0.161282 0.000032
0.013504 0.420640 0.256973 0.144895 0.001831 0.162126 0.000031
0.013381 0.418176 0.257529 0.145373 0.001836 0.163670 0.000035
0.013388 0.417374 0.257553 0.145588 0.001852 0.164213 0.000031
0.013259 0.414937 0.258045 0.145795 0.001867 0.166067 0.000030
0.013302 0.413466 0.258346 0.146044 0.001876 0.166935 0.000030
0.013279 0.413600 0.258082 0.145783 0.001901 0.167325 0.000031
0.013249 0.412125 0.258647 0.146079 0.001859 0.168008 0.000033
0.013064 0.408927 0.259509 0.146493 0.001867 0.170109 0.000032
0.013145 0.407083 0.259535 0.147084 0.001926 0.171196 0.000031
0.013250 0.406243 0.259714 0.146659 0.001909 0.172194 0.000031
0.013249 0.405336 0.259527 0.146739 0.001934 0.173181 0.000035
0.013286 0.404608 0.259976 0.146832 0.001927 0.173338 0.000032
0.013214 0.400485 0.261151 0.147591 0.001975 0.175552 0.000033
0.013134 0.401004 0.260675 0.147499 0.001971 0.175687 0.000030
0.013107 0.400711 0.260637 0.147579 0.001951 0.175978 0.000036
0.013111 0.397607 0.261221 0.147655 0.001929 0.178442 0.000034
0.013050 0.396666 0.261839 0.147796 0.001959 0.178653 0.000037
0.013190 0.393829 0.261860 0.148260 0.002018 0.180810 0.000033
0.013035 0.393236 0.262214 0.148115 0.002011 0.181355 0.000034
0.013090 0.390063 0.262848 0.148654 0.002080 0.183233 0.000031
0.013006 0.390624 0.262494 0.148439 0.002017 0.183383 0.000036
0.013090 0.389873 0.262580 0.148098 0.002062 0.184258 0.000039
0.012944 0.387175 0.263227 0.148693 0.002059 0.185864 0.000038
0.012958 0.385103 0.263584 0.148776 0.002063 0.187477 0.000040
0.013056 0.384822 0.263571 0.148805 0.002055 0.187650 0.000040
0.012988 0.383717 0.263646 0.148968 0.002062 0.188583 0.000035
0.013064 0.381793 0.264033 0.149114 0.002074 0.189885 0.000038
0.012982 0.379787 0.264255 0.149433 0.002119 0.191383 0.000040
0.012971 0.378974 0.264131 0.149239 0.002099 0.192554 0.000032
0.012993 0.376393 0.264969 0.149750 0.002140 0.193717 0.000038
0.013162 0.377043 0.264756 0.149400 0.002087 0.193518 0.000035
0.012851 0.374585 0.264767 0.149831 0.002180 0.195748 0.000038
0.012825 0.372301 0.265274 0.150070 0.002211 0.197286 0.000034
0.012905 0.373324 0.265120 0.149635 0.002188 0.196788 0.000039
0.012814 0.371614 0.265086 0.150043 0.002151 0.198253 0.000039
0.012960 0.370234 0.265639 0.150012 0.002166 0.198949 0.000040
0.012887 0.367304 0.266148 0.150159 0.002207 0.201254 0.000041
0.012938 0.366457 0.266173 0.150048 0.002205 0.202138 0.000040
0.012929 0.364718 0.266061 0.150452 0.002239 0.203561 0.000040
0.012988 0.364183 0.266219 0.150396 0.002231 0.203943 0.000040
0.012819 0.363609 0.266457 0.150341 0.002217 0.204518 0.000039
0.012938 0.361742 0.266496 0.150578 0.002239 0.205972 0.000035
0.012936 0.359412 0.266819 0.150636 0.002265 0.207890 0.000041
0.018310 0.357822 0.264779 0.149660 0.002258 0.207135 0.000036
0.025437 0.353704 0.263053 0.148539 0.002232 0.206992 0.000043
0.024191 0.354562 0.263008 0.148918 0.002271 0.207010 0.000039
0.027502 0.351484 0.262131 0.148238 0.002286 0.208318 0.000040
0.027194 0.351017 0.262243 0.148145 0.002282 0.209082 0.000038
0.027354 0.350297 0.262077 0.148390 0.002323 0.209517 0.000042
0.023992 0.350187 0.263336 0.148788 0.002327 0.211328 0.000043
0.025392 0.347595 0.262927 0.148675 0.002344 0.213026 0.000040
0.026715 0.348280 0.262243 0.148141 0.002340 0.212239 0.000042
0.024546 0.348252 0.262616 0.148505 0.002316 0.213720 0.000046
0.023885 0.345967 0.262887 0.148830 0.002363 0.216026 0.000042
0.024704 0.347364 0.262520 0.148358 0.002340 0.214667 0.000048
0.025149 0.344445 0.262388 0.148241 0.002357 0.217378 0.000043
0.023954 0.344318 0.262643 0.148654 0.002367 0.218023 0.000042
0.022673 0.344107 0.263031 0.149212 0.002386 0.218549 0.000042
0.021088 0.341968 0.263901 0.149329 0.002424 0.221246 0.000044
0.020599 0.341614 0.263658 0.149161 0.002411 0.222508 0.000048
0.020990 0.341510 0.263420 0.149097 0.002419 0.222521 0.000043
0.019683 0.340594 0.263988 0.149464 0.002437 0.223787 0.000048
0.019723 0.339780 0.263567 0.149357 0.002449 0.225083 0.000042
0.019303 0.338335 0.264329 0.149668 0.002446 0.225874 0.000046
0.017994 0.336924 0.264798 0.149841 0.002510 0.227886 0.000047
0.017087 0.335514 0.265726 0.150235 0.002472 0.228918 0.000049
0.020940 0.333185 0.264225 0.149650 0.002526 0.229422 0.000051
0.031699 0.329878 0.260622 0.147661 0.002477 0.227618 0.000044
0.029022 0.330606 0.261370 0.147936 0.002489 0.228533 0.000045
0.026836 0.330948 0.261823 0.148435 0.002530 0.229377 0.000052
0.031101 0.329258 0.259940 0.147168 0.002504 0.229983 0.000046
0.029034 0.326556 0.261130 0.148262 0.002548 0.232425 0.000045
0.031117 0.326694 0.260536 0.147278 0.002515 0.231815 0.000046
0.026524 0.325858 0.262105 0.148266 0.002571 0.234632 0.000043
0.026793 0.325219 0.261760 0.148234 0.002582 0.235363 0.000049
0.027681 0.325269 0.261353 0.147960 0.002540 0.235146 0.000051
0.024135 0.323295 0.262821 0.149152 0.002614 0.237930 0.000053
0.024821 0.323897 0.261850 0.148295 0.002641 0.238446 0.000050
0.026876 0.323044 0.261147 0.147767 0.002604 0.238513 0.000049
0.023919 0.322862 0.262218 0.148432 0.002630 0.239889 0.000050
0.023116 0.319594 0.263037 0.148889 0.002588 0.242722 0.000054
0.020337 0.318097 0.264604 0.149491 0.002648 0.244773 0.000050
0.021692 0.320165 0.262347 0.148514 0.002629 0.244607 0.000047
0.020762 0.317396 0.263463 0.149632 0.002686 0.246011 0.000050
0.019171 0.315539 0.264740 0.149795 0.002678 0.248026 0.000052
0.019376 0.317283 0.263739 0.149295 0.002693 0.247559 0.000054
0.018999 0.315261 0.263917 0.149459 0.002757 0.249551 0.000056
0.018784 0.315268 0.263905 0.149548 0.002708 0.249732 0.000054
0.017825 0.314381 0.264101 0.149708 0.002751 0.251187 0.000046
0.018616 0.313813 0.263557 0.149364 0.002737 0.251861 0.000053
0.016452 0.309440 0.265888 0.150324 0.002744 0.255094 0.000058
0.016952 0.309669 0.264741 0.150103 0.002763 0.255712 0.000060
0.016766 0.308621 0.265222 0.150193 0.002806 0.256337 0.000055
0.016821 0.309601 0.264272 0.149639 0.002782 0.256833 0.000053
0.014741 0.305134 0.266178 0.150897 0.002781 0.260211 0.000057
0.015767 0.305331 0.265424 0.150312 0.002801 0.260305 0.000060
0.016171 0.306548 0.264689 0.149901 0.002787 0.259849 0.000054
0.014815 0.302799 0.266093 0.150706 0.002802 0.262726 0.000058
0.015030 0.301140 0.265504 0.150464 0.002836 0.264969 0.000056
0.014372 0.299248 0.266682 0.150986 0.002834 0.265815 0.000062
0.014124 0.296875 0.267482 0.151050 0.002854 0.267551 0.000064
0.014870 0.298812 0.265861 0.150667 0.002853 0.266881 0.000056
0.014574 0.297377 0.266096 0.150785 0.002886 0.268224 0.000058
0.013990 0.294041 0.266950 0.150841 0.002911 0.271208 0.000059
0.014169 0.293799 0.266396 0.150772 0.002915 0.271886 0.000064
0.013892 0.293478 0.266587 0.151124 0.002913 0.271943 0.000063
0.014336 0.293007 0.266382 0.150637 0.002923 0.272651 0.000066
0.014309 0.291197 0.266171 0.150750 0.002941 0.274563 0.000069
0.014087 0.291686 0.266048 0.150777 0.002924 0.274411 0.000067
0.013842 0.289659 0.266493 0.150779 0.002921 0.276235 0.000072
0.013750 0.288005 0.266493 0.151199 0.002987 0.277505 0.000061
0.014130 0.288615 0.265894 0.150445 0.002951 0.277898 0.000067
0.013620 0.284969 0.266886 0.151076 0.002939 0.280442 0.000068
0.013645 0.285122 0.266336 0.151022 0.003003 0.280799 0.000074
0.013727 0.282331 0.266570 0.151417 0.003010 0.282878 0.000067
0.013947 0.283125 0.265630 0.151142 0.003059 0.283027 0.000070
0.013836 0.282016 0.266141 0.150701 0.003015 0.284220 0.000071
0.013468 0.279571 0.266751 0.151114 0.003019 0.286001 0.000077
0.013600 0.280077 0.266327 0.151236 0.003028 0.285663 0.000068
0.013838 0.279240 0.265565 0.150708 0.003033 0.287541 0.000075
0.013745 0.278834 0.266288 0.150921 0.003039 0.287094 0.000080
0.013603 0.277676 0.265646 0.150539 0.003143 0.289316 0.000077
0.013619 0.275005 0.266615 0.151055 0.003095 0.290534 0.000077
0.013604 0.274063 0.266301 0.151020 0.003111 0.291825 0.000076
0.013649 0.274544 0.265677 0.150765 0.003085 0.292207 0.000073
0.013255 0.271291 0.266639 0.150883 0.003109 0.294743 0.000080
0.013821 0.274267 0.265764 0.150128 0.003130 0.292813 0.000077
0.013403 0.270232 0.266297 0.150683 0.003138 0.296163 0.000082
0.013668 0.268965 0.266023 0.150344 0.003167 0.297756 0.000077
0.013548 0.269361 0.266031 0.150300 0.003133 0.297545 0.000082
0.013451 0.268620 0.265763 0.150215 0.003199 0.298673 0.000080
0.013944 0.267933 0.264783 0.149973 0.003182 0.300102 0.000083
0.013731 0.267616 0.265277 0.150155 0.003197 0.299941 0.000084
0.013674 0.265752 0.265192 0.150041 0.003221 0.302046 0.000074
0.013796 0.265343 0.265381 0.150059 0.003234 0.302111 0.000076
0.013870 0.264586 0.264770 0.149840 0.003224 0.303634 0.000076
0.013565 0.261111 0.265316 0.150092 0.003260 0.306580 0.000077
0.013583 0.261183 0.265309 0.150304 0.003232 0.306310 0.000080
0.013602 0.258428 0.265194 0.150358 0.003285 0.309050 0.000082
0.013808 0.259663 0.265012 0.149837 0.003230 0.308371 0.000078
0.013743 0.259824 0.264673 0.149734 0.003287 0.308653 0.000085
0.013914 0.258048 0.264557 0.149669 0.003226 0.310506 0.000079
0.013907 0.256849 0.264268 0.149771 0.003292 0.311829 0.000084
0.013934 0.257035 0.264227 0.149446 0.003265 0.312004 0.000089
0.013899 0.256439 0.264106 0.149582 0.003308 0.312587 0.000079
0.013761 0.254156 0.264534 0.149496 0.003296 0.314673 0.000084
0.013746 0.253872 0.264387 0.149401 0.003338 0.315173 0.000083
0.013842 0.252312 0.263803 0.149175 0.003355 0.317428 0.000084
0.013846 0.252736 0.263511 0.149242 0.003352 0.317220 0.000093
0.013827 0.249706 0.263897 0.149202 0.003393 0.319896 0.000079
0.014041 0.250571 0.263205 0.149236 0.003363 0.319494 0.000089
0.013801 0.249180 0.263514 0.149138 0.003375 0.320904 0.000088
0.013729 0.249730 0.263393 0.149242 0.003384 0.320435 0.000087
0.013818 0.247087 0.263136 0.148921 0.003410 0.323534 0.000094
0.013950 0.246958 0.263146 0.148753 0.003407 0.323693 0.000092
0.013993 0.245341 0.262583 0.148614 0.003424 0.325959 0.000086
0.013872 0.244454 0.262981 0.148744 0.003408 0.326451 0.000091
0.014054 0.244221 0.262712 0.148609 0.003394 0.326918 0.000091
0.014052 0.243399 0.262366 0.148619 0.003446 0.328030 0.000088
0.013914 0.241295 0.262670 0.148646 0.003481 0.329906 0.000087
0.014214 0.242096 0.262020 0.148366 0.003485 0.329721 0.000098
0.014149 0.240020 0.262196 0.148548 0.003470 0.331520 0.000096
0.014189 0.240587 0.261829 0.148408 0.003438 0.331462 0.000087
0.014128 0.239024 0.261621 0.147942 0.003468 0.333723 0.000093
0.014103 0.238218 0.262021 0.148207 0.003513 0.333844 0.000094
0.014349 0.238035 0.261440 0.148060 0.003499 0.334528 0.000089
0.014024 0.236535 0.261506 0.148050 0.003503 0.336290 0.000091
0.014018 0.237018 0.261115 0.148048 0.003535 0.336169 0.000097
0.014131 0.233384 0.261767 0.147955 0.003542 0.339122 0.000099
0.014432 0.234674 0.260722 0.147618 0.003520 0.338944 0.000090
0.014250 0.233082 0.261183 0.147557 0.003530 0.340295 0.000103
0.014497 0.233105 0.260525 0.147315 0.003555 0.340906 0.000097
0.014304 0.232441 0.260819 0.147455 0.003580 0.341300 0.000101
0.014377 0.231465 0.260652 0.147224 0.003523 0.342664 0.000096
0.014269 0.232731 0.260231 0.146641 0.003535 0.342498 0.000096
0.014361 0.230155 0.259904 0.146969 0.003549 0.344949 0.000112
0.014222 0.229414 0.259605 0.147160 0.003580 0.345919 0.000101
0.014599 0.228203 0.259344 0.147217 0.003614 0.346916 0.000107
0.014584 0.227156 0.259506 0.147085 0.003570 0.347990 0.000109
0.014480 0.226060 0.259226 0.146880 0.003631 0.349609 0.000114
0.014382 0.226020 0.259548 0.146787 0.003633 0.349527 0.000101
0.014404 0.225488 0.258820 0.146346 0.003581 0.351254 0.000107
0.014508 0.223705 0.258794 0.146751 0.003642 0.352495 0.000106
0.014594 0.223376 0.258120 0.146304 0.003578 0.353921 0.000107
0.014533 0.224069 0.258581 0.146584 0.003663 0.352459 0.000111
0.014595 0.222162 0.258080 0.146342 0.003662 0.355058 0.000102
0.014596 0.221204 0.257764 0.145726 0.003671 0.356922 0.000117
0.014533 0.220898 0.257897 0.146106 0.003652 0.356811 0.000103
0.014803 0.219655 0.257487 0.145985 0.003680 0.358275 0.000115
0.014722 0.218876 0.257706 0.145692 0.003648 0.359240 0.000116
0.014811 0.218062 0.257679 0.145614 0.003713 0.360012 0.000109
0.014821 0.217834 0.257257 0.145623 0.003628 0.360723 0.000115
0.014946 0.218139 0.256693 0.145385 0.003719 0.361007 0.000112
0.015131 0.217318 0.256297 0.145099 0.003738 0.362307 0.000110
0.014825 0.217468 0.256354 0.145221 0.003669 0.362351 0.000112
0.014929 0.217200 0.255946 0.145253 0.003681 0.362878 0.000113
0.014898 0.215972 0.255906 0.144807 0.003689 0.364615 0.000112
0.015117 0.215090 0.255652 0.144736 0.003755 0.365524 0.000126
0.015072 0.212977 0.255624 0.144724 0.003725 0.367766 0.000111
0.015004 0.213844 0.255403 0.144852 0.003715 0.367066 0.000117
0.015018 0.211882 0.255272 0.144679 0.003785 0.369241 0.000123
0.014989 0.211615 0.255017 0.144520 0.003785 0.369957 0.000117
0.015044 0.211061 0.254581 0.144516 0.003775 0.370904 0.000118
0.015160 0.210862 0.254011 0.144132 0.003761 0.371949 0.000124
0.015128 0.210123 0.253937 0.144390 0.003747 0.372552 0.000124
0.015146 0.208710 0.253602 0.144217 0.003788 0.374411 0.000126
0.015183 0.207951 0.253786 0.144016 0.003776 0.375159 0.000129
0.015229 0.207313 0.253601 0.143529 0.003776 0.376431 0.000122
0.015008 0.206765 0.253753 0.144044 0.003780 0.376524 0.000125
0.015413 0.206918 0.253554 0.143468 0.003782 0.376745 0.000120
0.015173 0.205439 0.253485 0.143533 0.003814 0.378434 0.000121
0.015300 0.205443 0.253097 0.143089 0.003800 0.379148 0.000122
0.015413 0.205112 0.252954 0.143138 0.003770 0.379487 0.000126
0.015530 0.203561 0.252441 0.143356 0.003805 0.381182 0.000125
0.015535 0.202727 0.252456 0.142927 0.003887 0.382345 0.000123
0.015410 0.200465 0.252666 0.142879 0.003916 0.384545 0.000118
0.015526 0.201789 0.252324 0.142673 0.003870 0.383688 0.000130
0.015302 0.201302 0.251978 0.142763 0.003823 0.384705 0.000127
0.015365 0.202711 0.251766 0.142472 0.003820 0.383741 0.000125
0.015693 0.199138 0.251485 0.142593 0.003910 0.387058 0.000123
0.015681 0.198864 0.251246 0.142465 0.003893 0.387718 0.000134
0.015697 0.198651 0.250887 0.142241 0.003905 0.388488 0.000130
0.015533 0.196669 0.250882 0.142187 0.003892 0.390709 0.000129
0.015571 0.195880 0.250583 0.142117 0.003913 0.391799 0.000138
0.015864 0.195850 0.250351 0.141598 0.003936 0.392282 0.000119
0.015935 0.196606 0.250367 0.141889 0.003891 0.391172 0.000140
0.015880 0.195402 0.249708 0.141568 0.003872 0.393435 0.000134
0.015954 0.193794 0.249846 0.141427 0.003939 0.394909 0.000130
0.016029 0.194602 0.249301 0.141473 0.003949 0.394524 0.000124
0.015945 0.193853 0.249380 0.141328 0.003946 0.395411 0.000136
0.015796 0.191741 0.248698 0.141004 0.003985 0.398640 0.000136
0.015891 0.191999 0.248942 0.141142 0.003933 0.397970 0.000123
0.015869 0.191839 0.248828 0.141001 0.003939 0.398393 0.000131
0.015867 0.190877 0.248353 0.140932 0.003897 0.399940 0.000135
0.015980 0.190806 0.248023 0.140529 0.003999 0.400531 0.000132
0.016105 0.189826 0.247932 0.140164 0.003996 0.401857 0.000120
0.016184 0.189484 0.247715 0.139894 0.003971 0.402621 0.000132
0.016124 0.188756 0.247726 0.139840 0.003996 0.403417 0.000141
0.016287 0.187454 0.246889 0.140038 0.004003 0.405188 0.000140
0.016267 0.188392 0.247081 0.139759 0.003986 0.404381 0.000133
0.016275 0.188053 0.247007 0.139959 0.003977 0.404601 0.000128
0.016215 0.186144 0.246497 0.139497 0.004042 0.407472 0.000134
0.016383 0.184944 0.246024 0.139579 0.004014 0.408912 0.000143
0.016300 0.185465 0.245948 0.139530 0.004046 0.408577 0.000134
0.016450 0.185528 0.245644 0.139158 0.003986 0.409091 0.000144
0.016463 0.184584 0.245062 0.139183 0.004034 0.410523 0.000150
0.016470 0.183928 0.245409 0.138868 0.004029 0.411153 0.000143
0.016432 0.183488 0.245389 0.138752 0.004055 0.411742 0.000142
0.016462 0.181521 0.244972 0.138401 0.004062 0.414443 0.000139
0.016650 0.182582 0.244768 0.138366 0.004058 0.413434 0.000142
0.016528 0.181493 0.244130 0.138245 0.004079 0.415390 0.000135
0.016673 0.181507 0.244361 0.138070 0.004040 0.415202 0.000148
0.016917 0.180000 0.243817 0.138269 0.004044 0.416809 0.000144
0.016812 0.180439 0.243861 0.137911 0.004053 0.416775 0.000149
0.016850 0.179192 0.243284 0.137873 0.004029 0.418633 0.000138
0.016910 0.179719 0.243450 0.137521 0.004020 0.418237 0.000144
0.016901 0.178095 0.242821 0.137589 0.004081 0.420374 0.000140
0.017063 0.177946 0.242423 0.137432 0.004076 0.420914 0.000146
0.017328 0.177773 0.242477 0.136970 0.004072 0.421225 0.000154
0.017272 0.175710 0.242269 0.137167 0.004089 0.423342 0.000151
0.016744 0.175354 0.242082 0.137062 0.004103 0.424508 0.000148
0.016816 0.175189 0.241661 0.136856 0.004106 0.425226 0.000147
0.017059 0.175423 0.241302 0.136616 0.004166 0.425283 0.000152
0.016829 0.174755 0.241278 0.136746 0.004134 0.426101 0.000158
0.017169 0.173435 0.241166 0.136327 0.004127 0.427623 0.000152
0.017143 0.175557 0.241091 0.136377 0.004132 0.425552 0.000149
0.017407 0.173623 0.240616 0.136050 0.004147 0.427996 0.000162
0.017216 0.172204 0.240039 0.136051 0.004118 0.430216 0.000155
0.017357 0.172321 0.239631 0.135581 0.004109 0.430837 0.000164
0.017272 0.171404 0.239789 0.135769 0.004144 0.431462 0.000161
0.017446 0.170774 0.239026 0.135267 0.004140 0.433193 0.000154
0.017594 0.171309 0.238819 0.134910 0.004190 0.433012 0.000164
0.017394 0.170165 0.238595 0.135226 0.004184 0.434277 0.000158
0.017596 0.170635 0.238458 0.134861 0.004168 0.434122 0.000158
0.017373 0.169562 0.237779 0.134719 0.004204 0.436204 0.000160
0.017556 0.168671 0.237707 0.134578 0.004227 0.437108 0.000153
0.017639 0.169154 0.237811 0.134750 0.004132 0.436360 0.000154
0.017501 0.168327 0.237735 0.134414 0.004205 0.437660 0.000159
0.017580 0.168813 0.237202 0.134291 0.004175 0.437778 0.000161
0.017622 0.167391 0.236872 0.133754 0.004205 0.440000 0.000157
0.017948 0.167388 0.236735 0.133818 0.004272 0.439677 0.000162
0.017813 0.166240 0.236558 0.133838 0.004227 0.441168 0.000156
0.017830 0.166002 0.236412 0.133899 0.004170 0.441527 0.000160
0.017624 0.165065 0.236342 0.133471 0.004268 0.443063 0.000167
0.017857 0.164800 0.235510 0.133107 0.004195 0.444367 0.000163
0.017974 0.164126 0.235634 0.132992 0.004314 0.444802 0.000157
0.017999 0.164517 0.235491 0.132960 0.004236 0.444633 0.000164
0.018067 0.163436 0.234995 0.133229 0.004176 0.445920 0.000177
0.017988 0.163133 0.234649 0.132592 0.004206 0.447266 0.000167
0.018133 0.163340 0.234177 0.132749 0.004262 0.447177 0.000162
0.018118 0.161420 0.233912 0.132238 0.004281 0.449866 0.000164
0.018421 0.161756 0.233889 0.132150 0.004252 0.449365 0.000167
0.018081 0.161808 0.233526 0.132428 0.004272 0.449718 0.000166
0.018272 0.160766 0.233426 0.132060 0.004242 0.451064 0.000172
0.018277 0.160117 0.233347 0.131800 0.004284 0.451994 0.000182
0.018208 0.158943 0.232757 0.131814 0.004302 0.453799 0.000179
0.018327 0.159744 0.232285 0.131329 0.004270 0.453870 0.000175
0.018334 0.158901 0.232011 0.131603 0.004289 0.454686 0.000177
0.018544 0.158290 0.232117 0.131285 0.004344 0.455243 0.000177
0.018393 0.158675 0.231597 0.131010 0.004307 0.455841 0.000177
0.018632 0.156543 0.231031 0.130802 0.004299 0.458515 0.000178
0.018617 0.157401 0.231184 0.130895 0.004297 0.457425 0.000180
0.018751 0.156766 0.230834 0.130913 0.004347 0.458211 0.000178
0.018671 0.156340 0.230425 0.130460 0.004364 0.459557 0.000183
0.018899 0.155332 0.230100 0.130435 0.004333 0.460726 0.000175
0.018594 0.155463 0.229972 0.130373 0.004323 0.461097 0.000178
0.018892 0.154736 0.229808 0.130123 0.004349 0.461916 0.000176
0.018927 0.154937 0.229520 0.130331 0.004374 0.461741 0.000171
0.018688 0.154577 0.229293 0.129722 0.004335 0.463201 0.000185
0.019025 0.153372 0.228815 0.129525 0.004354 0.464733 0.000176
0.019020 0.153567 0.228729 0.129402 0.004342 0.464749 0.000190
0.019094 0.152955 0.227827 0.129505 0.004362 0.466072 0.000184
0.018977 0.152299 0.228122 0.128903 0.004411 0.467089 0.000198
0.019032 0.151634 0.227934 0.128848 0.004385 0.467974 0.000193
0.019313 0.150963 0.227658 0.129100 0.004424 0.468355 0.000187
0.019238 0.150775 0.227454 0.128782 0.004472 0.469090 0.000188
0.019296 0.150690 0.226974 0.128789 0.004394 0.469671 0.000186
0.019092 0.150050 0.226809 0.128152 0.004362 0.471357 0.000179
0.019226 0.150379 0.226550 0.128862 0.004439 0.470368 0.000176
0.019421 0.149259 0.226003 0.128251 0.004373 0.472518 0.000174
0.019342 0.148531 0.225821 0.128298 0.004416 0.473422 0.000169
0.019680 0.148930 0.225669 0.127737 0.004458 0.473348 0.000179
0.019621 0.148352 0.225529 0.128042 0.004422 0.473855 0.000180
0.019560 0.147769 0.224842 0.127593 0.004444 0.475607 0.000185
0.019835 0.147017 0.224639 0.127361 0.004433 0.476533 0.000182
0.019776 0.147067 0.224505 0.127268 0.004415 0.476794 0.000176
0.020078 0.146065 0.223873 0.126757 0.004394 0.478641 0.000192
0.019664 0.145745 0.223433 0.126898 0.004461 0.479625 0.000174
0.019566 0.147165 0.223652 0.126910 0.004487 0.478032 0.000188
0.019914 0.146737 0.223168 0.126864 0.004452 0.478681 0.000184
0.019757 0.145726 0.223386 0.126693 0.004464 0.479787 0.000188
0.019717 0.145208 0.222785 0.126630 0.004467 0.481007 0.000186
0.019661 0.145441 0.222880 0.126414 0.004423 0.481004 0.000178
0.020042 0.144979 0.222569 0.126161 0.004446 0.481612 0.000191
0.020094 0.144738 0.221671 0.125898 0.004534 0.482875 0.000190
0.019926 0.143951 0.221723 0.125601 0.004513 0.484097 0.000189
0.019906 0.143818 0.221632 0.125846 0.004518 0.484091 0.000188
0.019839 0.142951 0.221159 0.125525 0.004522 0.485800 0.000205
0.020204 0.142857 0.220768 0.125003 0.004502 0.486469 0.000197
0.020301 0.142891 0.221015 0.125231 0.004526 0.485854 0.000182
0.020591 0.142665 0.220571 0.124981 0.004565 0.486432 0.000195
0.020556 0.141223 0.219810 0.124676 0.004504 0.489034 0.000197
0.020430 0.141251 0.219522 0.124633 0.004516 0.489446 0.000202
