0.999119 0.000850 0.000018 0.000013 0.000000 0.000000 0.000000
0.998682 0.001269 0.000029 0.000006 0.000000 0.000014 0.000000
0.998246 0.001693 0.000034 0.000014 0.000000 0.000014 0.000000
0.997786 0.002149 0.000036 0.000015 0.000000 0.000015 0.000000
0.997337 0.002588 0.000042 0.000018 0.000000 0.000015 0.000000
0.996806 0.003111 0.000046 0.000023 0.000000 0.000014 0.000000
0.996289 0.003623 0.000051 0.000023 0.000000 0.000014 0.000000
0.995657 0.004233 0.000067 0.000029 0.000000 0.000015 0.000000
0.994896 0.004968 0.000088 0.000034 0.000000 0.000014 0.000000
0.994044 0.005808 0.000098 0.000036 0.000000 0.000013 0.000000
0.992746 0.007084 0.000099 0.000052 0.000000 0.000018 0.000000
0.991579 0.008229 0.000118 0.000060 0.000000 0.000015 0.000000
0.989427 0.010357 0.000132 0.000069 0.000000 0.000014 0.000000
0.987163 0.012585 0.000148 0.000090 0.000000 0.000015 0.000000
0.985161 0.014573 0.000160 0.000095 0.000000 0.000012 0.000000
0.981071 0.018615 0.000193 0.000106 0.000000 0.000014 0.000000
0.978254 0.021353 0.000250 0.000130 0.000000 0.000013 0.000000
0.973633 0.025887 0.000310 0.000160 0.000000 0.000011 0.000000
0.968643 0.030782 0.000383 0.000182 0.000000 0.000010 0.000000
0.962764 0.036522 0.000484 0.000216 0.000000 0.000014 0.000000
0.955477 0.043647 0.000565 0.000297 0.000000 0.000014 0.000000
0.948523 0.050423 0.000675 0.000364 0.000000 0.000015 0.000000
0.939595 0.059149 0.000822 0.000420 0.000000 0.000014 0.000000
0.931304 0.067214 0.000964 0.000500 0.000000 0.000019 0.000000
0.922495 0.075824 0.001069 0.000590 0.000000 0.000023 0.000000
0.910780 0.087250 0.001236 0.000700 0.000000 0.000033 0.000000
0.899652 0.098144 0.001411 0.000758 0.000000 0.000034 0.000000
0.887821 0.109647 0.001614 0.000874 0.000000 0.000044 0.000000
0.872078 0.124970 0.001886 0.001013 0.000000 0.000053 0.000000
0.859397 0.137283 0.002139 0.001124 0.000000 0.000058 0.000000
0.846831 0.149517 0.002354 0.001237 0.000001 0.000060 0.000000
0.832171 0.163671 0.002651 0.001427 0.000003 0.000078 0.000000
0.817375 0.177993 0.002979 0.001568 0.000002 0.000082 0.000000
0.802631 0.192200 0.003340 0.001738 0.000002 0.000089 0.000000
0.785978 0.208242 0.003717 0.001953 0.000004 0.000105 0.000000
0.771399 0.222266 0.004043 0.002171 0.000004 0.000117 0.000000
0.755153 0.237790 0.004510 0.002405 0.000004 0.000139 0.000000
0.740716 0.251569 0.004894 0.002670 0.000003 0.000148 0.000000
0.725820 0.265804 0.005309 0.002904 0.000004 0.000160 0.000000
0.710087 0.280783 0.005768 0.003182 0.000003 0.000178 0.000000
0.696263 0.293949 0.006175 0.003419 0.000004 0.000190 0.000000
0.679315 0.310035 0.006715 0.003726 0.000005 0.000204 0.000000
0.665019 0.323651 0.007120 0.003984 0.000005 0.000220 0.000000
0.649516 0.338210 0.007676 0.004355 0.000005 0.000238 0.000000
0.633750 0.353077 0.008253 0.004645 0.000006 0.000269 0.000000
0.617287 0.368546 0.008895 0.004968 0.000006 0.000298 0.000000
0.602519 0.382254 0.009554 0.005336 0.000006 0.000331 0.000000
0.587712 0.396031 0.010189 0.005701 0.000006 0.000361 0.000000
0.575008 0.407718 0.010825 0.006049 0.000006 0.000393 0.000000
0.563680 0.418109 0.011432 0.006346 0.000006 0.000426 0.000000
0.547691 0.432772 0.012201 0.006863 0.000007 0.000465 0.000000
0.535070 0.444306 0.012860 0.007241 0.000007 0.000517 0.000000
0.524412 0.453922 0.013505 0.007600 0.000006 0.000555 0.000000
0.514060 0.463166 0.014182 0.007993 0.000006 0.000593 0.000000
0.499373 0.476346 0.015101 0.008528 0.000005 0.000646 0.000000
0.490211 0.484310 0.015834 0.008948 0.000006 0.000691 0.000000
0.478176 0.494973 0.016675 0.009440 0.000006 0.000730 0.000000
0.465890 0.505831 0.017476 0.009988 0.000006 0.000810 0.000000
0.456529 0.513955 0.018247 0.010410 0.000006 0.000853 0.000000
0.448243 0.520938 0.019036 0.010874 0.000006 0.000902 0.000000
0.438544 0.529299 0.019860 0.011340 0.000007 0.000949 0.000000
0.430250 0.536147 0.020775 0.011816 0.000008 0.001003 0.000000
0.419140 0.545720 0.021683 0.012355 0.000008 0.001094 0.000000
0.408954 0.554224 0.022727 0.012918 0.000009 0.001168 0.000000
0.399462 0.562192 0.023644 0.013430 0.000011 0.001261 0.000000
0.386797 0.572811 0.024833 0.014177 0.000014 0.001368 0.000000
0.384460 0.574282 0.025380 0.014465 0.000014 0.001399 0.000000
0.374639 0.582647 0.026209 0.014994 0.000016 0.001495 0.000000
0.363507 0.591808 0.027352 0.015688 0.000017 0.001627 0.000000
0.354631 0.598854 0.028465 0.016308 0.000018 0.001724 0.000000
0.342487 0.608857 0.029746 0.017061 0.000019 0.001831 0.000000
0.338099 0.612033 0.030417 0.017509 0.000021 0.001922 0.000000
0.328335 0.619682 0.031718 0.018170 0.000023 0.002071 0.000000
0.316835 0.628451 0.033367 0.019106 0.000024 0.002217 0.000000
0.315210 0.629172 0.033965 0.019347 0.000027 0.002279 0.000000
0.305714 0.636123 0.035453 0.020245 0.000029 0.002436 0.000000
0.301300 0.639327 0.036201 0.020626 0.000031 0.002516 0.000000
0.295391 0.642823 0.037633 0.021430 0.000034 0.002690 0.000000
0.290772 0.645528 0.038788 0.022048 0.000035 0.002829 0.000000
0.280585 0.652606 0.040658 0.023068 0.000038 0.003045 0.000000
0.275368 0.656311 0.041533 0.023557 0.000041 0.003189 0.000000
0.273611 0.656598 0.042343 0.024060 0.000039 0.003349 0.000000
0.270963 0.657243 0.043487 0.024754 0.000046 0.003507 0.000000
0.262343 0.663811 0.044625 0.025534 0.000046 0.003641 0.000000
0.258256 0.665648 0.046017 0.026179 0.000048 0.003852 0.000000
0.252824 0.668790 0.047288 0.026982 0.000050 0.004065 0.000000
0.247572 0.671628 0.048601 0.027876 0.000055 0.004269 0.000000
0.242013 0.674798 0.050056 0.028625 0.000054 0.004454 0.000000
0.235483 0.678677 0.051600 0.029476 0.000059 0.004705 0.000000
0.234106 0.678647 0.052351 0.029987 0.000058 0.004851 0.000000
0.227232 0.682777 0.053951 0.030890 0.000060 0.005090 0.000000
0.220853 0.686744 0.055360 0.031643 0.000063 0.005338 0.000000
0.219831 0.686198 0.056163 0.032237 0.000063 0.005508 0.000000
0.211027 0.691389 0.058352 0.033315 0.000064 0.005853 0.000000
0.201344 0.697224 0.060652 0.034462 0.000072 0.006247 0.000000
0.200949 0.695960 0.061553 0.035076 0.000071 0.006391 0.000000
0.193862 0.700331 0.063091 0.035949 0.000077 0.006690 0.000000
0.188861 0.702995 0.064388 0.036663 0.000075 0.007018 0.000000
0.188053 0.702570 0.065066 0.037120 0.000075 0.007115 0.000000
0.180133 0.706858 0.067116 0.038285 0.000081 0.007527 0.000000
0.175878 0.707762 0.069070 0.039285 0.000089 0.007917 0.000000
0.165926 0.712845 0.071834 0.040878 0.000098 0.008419 0.000000
0.170688 0.708722 0.071454 0.040608 0.000097 0.008431 0.000000
0.166864 0.708662 0.073587 0.041856 0.000105 0.008925 0.000000
0.164798 0.708249 0.075022 0.042626 0.000105 0.009199 0.000000
0.165330 0.705687 0.076044 0.043309 0.000107 0.009524 0.000000
0.165038 0.703641 0.077400 0.043984 0.000105 0.009831 0.000000
0.167558 0.698715 0.078825 0.044652 0.000111 0.010140 0.000000
0.164481 0.699240 0.080136 0.045540 0.000113 0.010488 0.000000
0.162269 0.699444 0.081192 0.046176 0.000121 0.010797 0.000000
0.166003 0.694479 0.081753 0.046580 0.000127 0.011058 0.000000
0.165465 0.692486 0.083178 0.047313 0.000123 0.011436 0.000000
0.169475 0.687542 0.083549 0.047544 0.000122 0.011769 0.000000
0.167229 0.687724 0.084772 0.048090 0.000126 0.012059 0.000000
0.158185 0.692753 0.086904 0.049460 0.000137 0.012561 0.000000
0.163369 0.686508 0.087383 0.049711 0.000142 0.012887 0.000000
0.154322 0.692206 0.089220 0.050794 0.000146 0.013312 0.000000
0.151081 0.693108 0.090495 0.051449 0.000152 0.013715 0.000000
0.147560 0.693790 0.091905 0.052407 0.000159 0.014180 0.000000
0.140420 0.697428 0.093940 0.053381 0.000176 0.014654 0.000000
0.138925 0.696392 0.095316 0.054086 0.000171 0.015110 0.000000
0.130642 0.699941 0.097950 0.055531 0.000179 0.015757 0.000000
0.124322 0.703369 0.099600 0.056341 0.000187 0.016181 0.000000
0.118285 0.705732 0.101587 0.057436 0.000191 0.016768 0.000000
0.114660 0.706662 0.102874 0.058386 0.000193 0.017225 0.000000
0.108671 0.709024 0.104940 0.059477 0.000191 0.017698 0.000000
0.104201 0.710243 0.106661 0.060549 0.000198 0.018148 0.000000
0.098703 0.711939 0.108805 0.061558 0.000204 0.018791 0.000000
0.092477 0.713238 0.111348 0.063167 0.000215 0.019553 0.000001
0.091307 0.712702 0.112251 0.063662 0.000225 0.019852 0.000001
0.085059 0.714174 0.114842 0.065092 0.000236 0.020597 0.000001
0.080581 0.714732 0.116851 0.066351 0.000242 0.021241 0.000001
0.078466 0.714195 0.118271 0.067075 0.000248 0.021744 0.000002
0.070448 0.715442 0.121818 0.069256 0.000267 0.022767 0.000001
0.070017 0.714036 0.122808 0.069626 0.000269 0.023243 0.000001
0.067411 0.714244 0.124190 0.070312 0.000253 0.023588 0.000001
0.064894 0.713317 0.125887 0.071436 0.000274 0.024191 0.000001
0.061936 0.712470 0.127955 0.072473 0.000280 0.024885 0.000001
0.059804 0.711729 0.129307 0.073430 0.000279 0.025451 0.000000
0.058324 0.710240 0.130928 0.074177 0.000297 0.026033 0.000001
0.061207 0.704192 0.132574 0.074905 0.000313 0.026808 0.000001
0.057909 0.703511 0.134389 0.076332 0.000318 0.027541 0.000001
0.058240 0.700291 0.135695 0.077318 0.000331 0.028125 0.000000
0.060162 0.696575 0.136549 0.077703 0.000339 0.028671 0.000000
0.057490 0.695056 0.138759 0.078828 0.000339 0.029527 0.000001
0.060353 0.689882 0.139792 0.079611 0.000356 0.030006 0.000001
0.057400 0.689497 0.141501 0.080552 0.000359 0.030690 0.000001
0.061137 0.685863 0.141426 0.080251 0.000356 0.030966 0.000001
0.059407 0.683105 0.143446 0.081751 0.000368 0.031922 0.000001
0.064691 0.676844 0.144006 0.081737 0.000383 0.032337 0.000001
0.064358 0.675089 0.144907 0.082424 0.000372 0.032850 0.000001
0.065452 0.672017 0.145892 0.082860 0.000368 0.033410 0.000001
0.065380 0.669511 0.147015 0.083470 0.000390 0.034232 0.000001
0.064161 0.667379 0.148708 0.084414 0.000391 0.034946 0.000001
0.065160 0.665479 0.149194 0.084435 0.000404 0.035327 0.000001
0.060182 0.665476 0.151523 0.085910 0.000414 0.036494 0.000001
0.060809 0.663375 0.152072 0.086408 0.000426 0.036907 0.000001
0.060161 0.660698 0.153691 0.087219 0.000429 0.037801 0.000001
0.060889 0.659540 0.153756 0.087286 0.000426 0.038101 0.000001
0.058286 0.657178 0.156334 0.088600 0.000440 0.039161 0.000001
0.056947 0.657781 0.156623 0.088678 0.000448 0.039522 0.000001
0.058771 0.654340 0.157292 0.089031 0.000469 0.040097 0.000001
0.058517 0.650897 0.158736 0.090162 0.000463 0.041224 0.000001
0.055983 0.652109 0.159522 0.090373 0.000490 0.041522 0.000000
0.058935 0.647895 0.160222 0.090694 0.000467 0.041787 0.000000
0.063107 0.641117 0.161163 0.091376 0.000494 0.042743 0.000000
0.060730 0.640521 0.162571 0.091944 0.000507 0.043726 0.000001
0.063886 0.637284 0.162351 0.092041 0.000516 0.043922 0.000001
0.061294 0.635434 0.164798 0.092965 0.000503 0.045005 0.000000
0.054749 0.636802 0.167132 0.094543 0.000532 0.046240 0.000001
0.055392 0.634036 0.168190 0.094969 0.000550 0.046862 0.000000
0.055429 0.632240 0.168940 0.095482 0.000528 0.047380 0.000001
0.056862 0.628347 0.170020 0.095969 0.000557 0.048243 0.000001
0.056185 0.629944 0.169342 0.095701 0.000573 0.048254 0.000001
0.054422 0.628029 0.171100 0.096603 0.000572 0.049272 0.000001
0.050630 0.627004 0.173525 0.097906 0.000604 0.050330 0.000001
0.050632 0.626269 0.173605 0.098080 0.000604 0.050808 0.000001
0.047783 0.626363 0.174974 0.098745 0.000598 0.051537 0.000001
0.047892 0.624174 0.175458 0.099462 0.000619 0.052395 0.000001
0.041697 0.624484 0.178566 0.100840 0.000626 0.053787 0.000001
0.041356 0.621101 0.180377 0.101769 0.000645 0.054751 0.000000
0.037815 0.620907 0.182055 0.102915 0.000640 0.055666 0.000002
0.039214 0.618947 0.182026 0.102884 0.000666 0.056261 0.000002
0.039168 0.618591 0.182278 0.102966 0.000664 0.056330 0.000003
0.035337 0.615381 0.185512 0.104889 0.000676 0.058203 0.000002
0.034966 0.614642 0.185895 0.105046 0.000682 0.058767 0.000002
0.034008 0.613030 0.186833 0.105699 0.000684 0.059745 0.000001
0.031738 0.610517 0.189015 0.107004 0.000716 0.061009 0.000002
0.038487 0.603257 0.189076 0.106901 0.000718 0.061558 0.000002
0.041032 0.602536 0.188051 0.106464 0.000720 0.061194 0.000003
0.035853 0.602234 0.190494 0.107811 0.000724 0.062883 0.000002
0.037623 0.598022 0.191386 0.108286 0.000730 0.063949 0.000003
0.035116 0.597072 0.192726 0.109278 0.000772 0.065032 0.000004
0.036336 0.594379 0.193310 0.109626 0.000762 0.065584 0.000003
0.037534 0.592594 0.193658 0.109425 0.000758 0.066028 0.000003
0.035912 0.591252 0.194919 0.110154 0.000771 0.066990 0.000002
0.036365 0.587621 0.196239 0.110994 0.000797 0.067981 0.000002
0.035913 0.586504 0.196653 0.111412 0.000788 0.068727 0.000003
0.034789 0.582291 0.199250 0.112588 0.000810 0.070268 0.000004
0.034788 0.581761 0.199186 0.112813 0.000825 0.070623 0.000005
0.034494 0.581488 0.199384 0.112655 0.000811 0.071164 0.000004
0.030815 0.579049 0.202082 0.114225 0.000840 0.072985 0.000004
0.031647 0.578227 0.201796 0.114265 0.000848 0.073213 0.000004
0.030065 0.577068 0.203120 0.114682 0.000870 0.074190 0.000005
0.027956 0.575972 0.204485 0.115566 0.000875 0.075142 0.000005
0.027166 0.570976 0.206914 0.116902 0.000907 0.077128 0.000007
0.029108 0.571561 0.205692 0.116224 0.000901 0.076508 0.000006
0.026672 0.570032 0.207227 0.117072 0.000909 0.078081 0.000006
0.026208 0.567572 0.208332 0.117840 0.000928 0.079111 0.000008
0.024577 0.566593 0.209412 0.118525 0.000918 0.079968 0.000008
0.024546 0.563390 0.210654 0.119154 0.000928 0.081321 0.000008
0.023781 0.561530 0.211515 0.119876 0.000939 0.082350 0.000009
0.023368 0.560685 0.212011 0.120079 0.000955 0.082896 0.000008
0.023281 0.558264 0.213140 0.120483 0.000969 0.083855 0.000007
0.022067 0.557018 0.213977 0.121019 0.000984 0.084928 0.000007
0.020986 0.554526 0.215667 0.121790 0.001001 0.086023 0.000007
0.020918 0.553140 0.215943 0.122065 0.001020 0.086905 0.000008
0.020616 0.551350 0.216846 0.122787 0.001006 0.087385 0.000009
0.020220 0.547208 0.218443 0.123539 0.001043 0.089540 0.000007
0.019948 0.547653 0.218375 0.123476 0.001043 0.089496 0.000009
0.019437 0.543183 0.220335 0.124544 0.001086 0.091406 0.000009
0.019666 0.542190 0.220354 0.124649 0.001091 0.092042 0.000009
0.019329 0.540926 0.221055 0.124827 0.001095 0.092760 0.000008
0.019103 0.538511 0.221967 0.125366 0.001123 0.093921 0.000008
0.018625 0.536091 0.223143 0.125877 0.001107 0.095147 0.000010
0.019248 0.536188 0.222734 0.125726 0.001111 0.094983 0.000009
0.018074 0.532655 0.224574 0.126755 0.001122 0.096811 0.000009
0.018124 0.532028 0.224706 0.126882 0.001125 0.097126 0.000009
0.018219 0.529282 0.225586 0.127367 0.001139 0.098398 0.000009
0.017878 0.526076 0.226987 0.128094 0.001158 0.099797 0.000009
0.017369 0.523911 0.227863 0.128794 0.001187 0.100868 0.000008
0.017854 0.523489 0.227525 0.128570 0.001193 0.101358 0.000010
0.017319 0.521471 0.228552 0.129161 0.001183 0.102303 0.000011
0.016957 0.519436 0.229354 0.129815 0.001205 0.103222 0.000012
0.016726 0.516939 0.230507 0.130270 0.001238 0.104310 0.000009
0.016963 0.514762 0.231108 0.130170 0.001222 0.105764 0.000009
0.017083 0.514695 0.230910 0.130190 0.001223 0.105887 0.000012
0.021909 0.510697 0.230097 0.129995 0.001225 0.106065 0.000012
0.026601 0.505525 0.229903 0.129752 0.001237 0.106971 0.000012
0.029023 0.503067 0.229292 0.129933 0.001241 0.107432 0.000011
0.028564 0.501202 0.230368 0.130252 0.001251 0.108353 0.000010
0.028748 0.501238 0.229918 0.130166 0.001236 0.108686 0.000009
0.028227 0.496982 0.231921 0.130943 0.001264 0.110650 0.000013
0.030980 0.494864 0.230931 0.130720 0.001283 0.111212 0.000011
0.031148 0.491432 0.232254 0.131220 0.001309 0.112624 0.000013
0.028889 0.493095 0.232255 0.131556 0.001294 0.112899 0.000013
0.029925 0.490197 0.232607 0.131941 0.001291 0.114026 0.000013
0.029794 0.490232 0.232495 0.131825 0.001295 0.114347 0.000012
0.025545 0.489711 0.234285 0.133046 0.001298 0.116101 0.000014
0.023994 0.487248 0.236412 0.133517 0.001330 0.117483 0.000017
0.024819 0.484446 0.236892 0.133680 0.001366 0.118783 0.000015
0.022366 0.485403 0.237262 0.134015 0.001359 0.119580 0.000016
0.022466 0.485025 0.237176 0.134159 0.001348 0.119809 0.000016
0.021850 0.482654 0.238231 0.134963 0.001363 0.120921 0.000018
0.021160 0.480969 0.238519 0.135283 0.001377 0.122676 0.000017
0.021447 0.478952 0.239245 0.135315 0.001423 0.123599 0.000020
0.020627 0.477202 0.239765 0.135854 0.001432 0.125104 0.000017
0.020233 0.477357 0.240153 0.135784 0.001444 0.125013 0.000016
0.019402 0.473625 0.241546 0.136630 0.001435 0.127343 0.000019
0.018497 0.473557 0.241787 0.136856 0.001467 0.127818 0.000018
0.018077 0.470718 0.242677 0.137456 0.001472 0.129582 0.000018
0.018479 0.471205 0.242461 0.137203 0.001460 0.129171 0.000020
0.016995 0.468309 0.244019 0.137803 0.001479 0.131375 0.000020
0.017917 0.465673 0.244181 0.138203 0.001506 0.132500 0.000019
0.017134 0.464395 0.244874 0.138616 0.001488 0.133473 0.000020
0.017918 0.463865 0.244499 0.138544 0.001495 0.133659 0.000020
0.016919 0.461374 0.245673 0.139247 0.001509 0.135259 0.000019
0.016141 0.458736 0.247087 0.139738 0.001523 0.136757 0.000017
0.016356 0.458705 0.246919 0.139714 0.001548 0.136740 0.000020
0.016991 0.455943 0.247259 0.139787 0.001581 0.138419 0.000020
0.025411 0.451516 0.245137 0.138600 0.001551 0.137765 0.000021
0.030617 0.447378 0.243983 0.138201 0.001531 0.138271 0.000019
0.030666 0.444880 0.244619 0.138271 0.001564 0.139979 0.000021
0.029430 0.443716 0.245494 0.138877 0.001579 0.140882 0.000021
0.032925 0.441543 0.244568 0.138390 0.001572 0.140980 0.000021
0.029026 0.441326 0.245962 0.139442 0.001591 0.142631 0.000021
0.030104 0.440833 0.245516 0.138571 0.001634 0.143321 0.000020
0.026057 0.440122 0.247419 0.139763 0.001633 0.144986 0.000020
0.027330 0.438748 0.247015 0.139667 0.001640 0.145578 0.000022
0.025098 0.438013 0.247961 0.140160 0.001679 0.147066 0.000023
0.026623 0.436132 0.247595 0.140005 0.001630 0.147995 0.000019
0.026513 0.437813 0.246853 0.139551 0.001684 0.147565 0.000022
0.024709 0.434379 0.248996 0.140448 0.001676 0.149769 0.000023
0.022692 0.432780 0.250271 0.141153 0.001704 0.151377 0.000024
0.022172 0.433180 0.249939 0.141044 0.001722 0.151917 0.000027
0.023097 0.432743 0.249264 0.140670 0.001704 0.152500 0.000021
0.021656 0.430577 0.250521 0.141583 0.001710 0.153926 0.000026
0.023418 0.429394 0.250076 0.140898 0.001715 0.154473 0.000028
0.019594 0.427710 0.252252 0.142324 0.001749 0.156347 0.000023
0.018983 0.426016 0.252738 0.142611 0.001767 0.157860 0.000024
0.018259 0.425631 0.252971 0.142764 0.001741 0.158610 0.000024
0.018419 0.424660 0.252942 0.142694 0.001785 0.159476 0.000023
0.018043 0.422441 0.253710 0.143021 0.001779 0.160987 0.000020
0.016329 0.419937 0.255230 0.144180 0.001826 0.162475 0.000024
0.017433 0.420001 0.254113 0.143580 0.001813 0.163034 0.000026
0.016250 0.417069 0.255820 0.144170 0.001850 0.164819 0.000022
0.016471 0.416445 0.255542 0.144273 0.001843 0.165406 0.000022
0.015480 0.412156 0.257195 0.145349 0.001881 0.167915 0.000024
0.015414 0.411705 0.257481 0.145081 0.001857 0.168442 0.000022
0.015151 0.409073 0.258172 0.145489 0.001884 0.170207 0.000024
0.015415 0.409171 0.257843 0.145381 0.001885 0.170280 0.000024
0.015737 0.408885 0.257317 0.145225 0.001904 0.170904 0.000027
0.015253 0.406567 0.258044 0.145693 0.001931 0.172489 0.000023
0.015634 0.406357 0.258185 0.145546 0.001916 0.172339 0.000024
0.014844 0.403146 0.259153 0.146231 0.001952 0.174648 0.000025
0.014595 0.400325 0.260079 0.146780 0.001940 0.176253 0.000028
0.014589 0.400024 0.260198 0.146498 0.001956 0.176710 0.000025
0.014425 0.399228 0.259687 0.146672 0.001986 0.177975 0.000027
0.014364 0.396772 0.260381 0.146865 0.001994 0.179598 0.000025
0.014303 0.396294 0.260762 0.146675 0.001989 0.179950 0.000027
0.014492 0.395799 0.260457 0.146567 0.001970 0.180683 0.000032
0.014379 0.392879 0.260844 0.147252 0.002040 0.182580 0.000027
0.013895 0.390988 0.261707 0.147588 0.002033 0.183763 0.000026
0.013876 0.388797 0.262041 0.147745 0.002058 0.185452 0.000031
0.014105 0.389002 0.261735 0.147551 0.002041 0.185537 0.000028
0.013918 0.386602 0.262213 0.147860 0.002065 0.187311 0.000030
0.013906 0.386941 0.262109 0.147736 0.002041 0.187239 0.000028
0.013409 0.382728 0.262879 0.148740 0.002117 0.190098 0.000029
0.013711 0.382774 0.262822 0.148419 0.002073 0.190172 0.000029
0.014210 0.382015 0.262298 0.148077 0.002107 0.191264 0.000029
0.014058 0.378296 0.263565 0.148765 0.002130 0.193160 0.000026
0.013695 0.376672 0.263700 0.149074 0.002143 0.194687 0.000029
0.013704 0.375533 0.263788 0.149220 0.002139 0.195590 0.000026
0.013687 0.375159 0.263773 0.149208 0.002154 0.195983 0.000035
0.013805 0.374678 0.263824 0.149194 0.002157 0.196312 0.000030
0.013600 0.371948 0.264198 0.149510 0.002196 0.198516 0.000033
0.013456 0.369941 0.264641 0.149697 0.002183 0.200052 0.000030
0.013602 0.369964 0.264703 0.149854 0.002213 0.199635 0.000028
0.013729 0.368431 0.264631 0.149682 0.002239 0.201256 0.000032
0.013631 0.366701 0.265077 0.149949 0.002242 0.202367 0.000033
0.013441 0.366815 0.264818 0.149788 0.002216 0.202893 0.000029
0.013798 0.365392 0.264712 0.149923 0.002248 0.203898 0.000029
0.013557 0.363392 0.265518 0.150099 0.002285 0.205119 0.000030
0.013574 0.362411 0.265181 0.150114 0.002278 0.206411 0.000030
0.013385 0.359774 0.265816 0.150647 0.002266 0.208076 0.000035
0.013718 0.358473 0.266058 0.150308 0.002289 0.209120 0.000034
0.013539 0.357368 0.266071 0.150530 0.002297 0.210163 0.000031
0.013542 0.356669 0.265872 0.150512 0.002292 0.211079 0.000034
0.013596 0.354426 0.266398 0.150855 0.002297 0.212396 0.000032
0.013631 0.353710 0.266217 0.150608 0.002323 0.213479 0.000032
0.013564 0.353200 0.266628 0.150761 0.002334 0.213478 0.000035
0.013631 0.351093 0.266515 0.150735 0.002317 0.215678 0.000032
0.013514 0.348699 0.267121 0.151050 0.002317 0.217269 0.000030
0.013529 0.348584 0.266950 0.151238 0.002352 0.217311 0.000036
0.014981 0.347372 0.266684 0.150668 0.002380 0.217882 0.000032
0.022827 0.343206 0.264128 0.149578 0.002346 0.217877 0.000038
0.025186 0.342580 0.263239 0.149037 0.002374 0.217549 0.000035
0.029576 0.341194 0.261890 0.148180 0.002308 0.216815 0.000037
0.027165 0.339674 0.262580 0.149004 0.002397 0.219142 0.000038
0.027143 0.340085 0.262443 0.148436 0.002367 0.219490 0.000036
0.029749 0.338903 0.261344 0.147947 0.002361 0.219662 0.000033
0.027071 0.338293 0.262263 0.148362 0.002397 0.221577 0.000036
0.026968 0.337956 0.262268 0.148462 0.002376 0.221932 0.000038
0.025240 0.336536 0.262883 0.148925 0.002420 0.223962 0.000034
0.024596 0.335316 0.263334 0.148926 0.002438 0.225355 0.000035
0.023497 0.334680 0.263482 0.149115 0.002381 0.226812 0.000034
0.023025 0.334645 0.263355 0.148855 0.002440 0.227646 0.000032
0.024334 0.333361 0.262450 0.148777 0.002476 0.228566 0.000036
0.020074 0.334535 0.264314 0.149853 0.002454 0.228733 0.000037
0.022176 0.332589 0.263313 0.149449 0.002472 0.229965 0.000037
0.022004 0.331579 0.263365 0.149275 0.002459 0.231282 0.000037
0.021580 0.332409 0.263126 0.149097 0.002479 0.231268 0.000041
0.021375 0.329736 0.263518 0.149196 0.002518 0.233616 0.000041
0.020262 0.330514 0.263670 0.149460 0.002530 0.233526 0.000039
0.018600 0.329405 0.264351 0.149714 0.002511 0.235382 0.000037
0.017799 0.326247 0.265201 0.150353 0.002525 0.237834 0.000042
0.016588 0.324495 0.266100 0.150739 0.002583 0.239460 0.000035
0.017962 0.324916 0.265019 0.150100 0.002592 0.239370 0.000040
0.016638 0.323620 0.265605 0.150606 0.002622 0.240865 0.000043
0.016016 0.322940 0.265795 0.150678 0.002636 0.241899 0.000037
0.015893 0.319817 0.266518 0.151008 0.002641 0.244075 0.000048
0.015870 0.320337 0.265542 0.150851 0.002634 0.244722 0.000044
0.015664 0.319255 0.266138 0.151102 0.002642 0.245156 0.000043
0.015736 0.316329 0.266584 0.151248 0.002660 0.247400 0.000044
0.015772 0.317122 0.265757 0.150879 0.002674 0.247749 0.000048
0.014735 0.313669 0.267124 0.151703 0.002673 0.250051 0.000045
0.015584 0.313578 0.266045 0.151109 0.002701 0.250936 0.000046
0.014736 0.312847 0.266718 0.151164 0.002664 0.251823 0.000047
0.015001 0.311160 0.266279 0.151184 0.002725 0.253611 0.000041
0.014285 0.309775 0.266895 0.151414 0.002762 0.254821 0.000047
0.014905 0.309573 0.266778 0.151278 0.002740 0.254681 0.000044
0.013968 0.306353 0.267676 0.151837 0.002761 0.257361 0.000044
0.014437 0.306248 0.267099 0.151758 0.002775 0.257635 0.000049
0.014641 0.306504 0.266476 0.151338 0.002787 0.258208 0.000046
0.014589 0.304083 0.267015 0.151205 0.002815 0.260247 0.000047
0.014537 0.302281 0.267308 0.151793 0.002826 0.261205 0.000050
0.013900 0.300913 0.267462 0.151861 0.002850 0.262970 0.000046
0.014016 0.299650 0.267961 0.152023 0.002816 0.263487 0.000047
0.014152 0.299232 0.267588 0.151939 0.002829 0.264219 0.000041
0.014207 0.299913 0.266872 0.151648 0.002794 0.264523 0.000042
0.014251 0.298058 0.266770 0.151485 0.002829 0.266560 0.000046
0.014232 0.296296 0.267254 0.152095 0.002858 0.267216 0.000049
0.014459 0.295542 0.267398 0.151674 0.002877 0.267999 0.000051
0.014192 0.294890 0.266985 0.151439 0.002866 0.269576 0.000051
0.014161 0.293640 0.266877 0.151544 0.002869 0.270865 0.000043
0.014467 0.292940 0.266689 0.151369 0.002900 0.271587 0.000047
0.014072 0.291088 0.267469 0.151635 0.002934 0.272759 0.000043
0.014273 0.291258 0.267085 0.151394 0.002943 0.272997 0.000049
0.013897 0.286810 0.267873 0.152031 0.002958 0.276377 0.000054
0.014214 0.286202 0.267917 0.151891 0.002958 0.276764 0.000054
0.013940 0.285789 0.267528 0.151958 0.002992 0.277750 0.000044
0.014327 0.286980 0.266870 0.151434 0.002949 0.277390 0.000049
0.014250 0.284666 0.267296 0.151434 0.002959 0.279341 0.000054
0.014007 0.283973 0.267245 0.151518 0.003004 0.280203 0.000050
0.014156 0.281291 0.267256 0.151766 0.003038 0.282440 0.000053
0.013917 0.281620 0.267429 0.151500 0.003006 0.282474 0.000053
0.014162 0.281002 0.267007 0.151485 0.003029 0.283260 0.000056
0.014174 0.279434 0.267296 0.151470 0.003006 0.284564 0.000055
0.014377 0.279797 0.266659 0.151403 0.003036 0.284667 0.000062
0.014233 0.278218 0.266694 0.151127 0.003091 0.286580 0.000057
0.014111 0.275718 0.266840 0.151257 0.003080 0.288938 0.000056
0.014150 0.276430 0.266550 0.151569 0.003055 0.288191 0.000056
0.014294 0.274543 0.266791 0.151347 0.003046 0.289923 0.000056
0.014355 0.273253 0.266946 0.151159 0.003100 0.291135 0.000052
0.014206 0.272560 0.266396 0.151314 0.003080 0.292387 0.000056
0.014477 0.270787 0.266510 0.151209 0.003103 0.293860 0.000055
0.014368 0.273449 0.265998 0.150646 0.003080 0.292406 0.000054
0.014459 0.269800 0.266515 0.151106 0.003108 0.294953 0.000058
0.014558 0.270649 0.265540 0.150704 0.003073 0.295416 0.000059
0.014502 0.268711 0.265918 0.150859 0.003117 0.296835 0.000059
0.014371 0.267840 0.266260 0.150609 0.003125 0.297738 0.000057
0.014489 0.266945 0.266146 0.150616 0.003123 0.298616 0.000064
0.014453 0.265257 0.265842 0.150962 0.003157 0.300261 0.000068
0.014227 0.264350 0.266117 0.151055 0.003198 0.300989 0.000065
0.014624 0.265133 0.265687 0.150327 0.003165 0.301002 0.000062
0.014397 0.263818 0.265360 0.150470 0.003188 0.302705 0.000062
0.014490 0.260901 0.265758 0.150482 0.003258 0.305050 0.000060
0.014629 0.261232 0.265468 0.150444 0.003169 0.304997 0.000062
0.014514 0.259247 0.265157 0.150506 0.003217 0.307296 0.000063
0.014606 0.258001 0.265125 0.150290 0.003205 0.308714 0.000059
0.014569 0.258956 0.264886 0.150073 0.003280 0.308178 0.000059
0.014302 0.258096 0.264971 0.150400 0.003269 0.308902 0.000059
0.014628 0.255007 0.265111 0.150246 0.003308 0.311635 0.000065
0.014526 0.255898 0.264779 0.149875 0.003264 0.311600 0.000057
0.014509 0.254647 0.264246 0.150012 0.003258 0.313262 0.000066
0.014596 0.253389 0.264256 0.149799 0.003340 0.314560 0.000061
0.014621 0.252371 0.264210 0.149878 0.003344 0.315512 0.000064
0.014529 0.252410 0.263981 0.149627 0.003311 0.316072 0.000070
0.014901 0.252377 0.264032 0.149291 0.003323 0.316011 0.000064
0.015018 0.249625 0.264050 0.149460 0.003331 0.318449 0.000068
0.014825 0.248758 0.263878 0.149462 0.003393 0.319621 0.000064
0.014584 0.249252 0.263570 0.149664 0.003368 0.319494 0.000066
0.014642 0.247844 0.263499 0.149734 0.003338 0.320879 0.000065
0.014688 0.248259 0.263528 0.149187 0.003384 0.320885 0.000068
0.014912 0.247306 0.263008 0.149315 0.003390 0.322004 0.000066
0.014440 0.246365 0.263201 0.149252 0.003429 0.323248 0.000065
0.014965 0.244845 0.262923 0.149279 0.003382 0.324540 0.000065
0.014890 0.242878 0.262970 0.149058 0.003415 0.326721 0.000068
0.014949 0.243265 0.262599 0.148890 0.003404 0.326824 0.000070
0.014849 0.243899 0.262438 0.148707 0.003419 0.326613 0.000074
0.014788 0.241489 0.262319 0.148711 0.003436 0.329190 0.000068
0.015075 0.240986 0.262282 0.148573 0.003434 0.329580 0.000070
0.015038 0.239912 0.262593 0.149024 0.003434 0.329931 0.000068
0.014795 0.238721 0.261847 0.148924 0.003456 0.332186 0.000072
0.015093 0.238443 0.262073 0.148594 0.003488 0.332232 0.000077
0.015108 0.237565 0.261834 0.148127 0.003487 0.333805 0.000074
0.015224 0.236148 0.261818 0.148237 0.003442 0.335058 0.000072
0.015150 0.236786 0.261815 0.148109 0.003438 0.334626 0.000076
0.015074 0.235289 0.261213 0.148296 0.003500 0.336557 0.000071
0.015273 0.233105 0.261364 0.147953 0.003510 0.338719 0.000076
0.015060 0.233808 0.261103 0.148171 0.003529 0.338255 0.000074
0.015242 0.232680 0.260831 0.147857 0.003494 0.339822 0.000075
0.015353 0.231879 0.260357 0.147728 0.003567 0.341040 0.000076
0.015272 0.231094 0.260347 0.147653 0.003556 0.341995 0.000083
0.015302 0.229686 0.260564 0.147645 0.003593 0.343136 0.000075
0.015206 0.230765 0.260475 0.147496 0.003551 0.342431 0.000077
0.015103 0.228578 0.260428 0.147365 0.003570 0.344884 0.000072
0.015216 0.228695 0.259826 0.147293 0.003535 0.345351 0.000084
0.015488 0.228038 0.259606 0.147002 0.003568 0.346217 0.000081
0.015413 0.227072 0.259818 0.146977 0.003602 0.347043 0.000075
0.015787 0.226640 0.259483 0.146880 0.003592 0.347533 0.000084
0.015512 0.225592 0.259249 0.146879 0.003582 0.349100 0.000087
0.015473 0.223927 0.258741 0.146921 0.003648 0.351200 0.000090
0.015583 0.223900 0.258763 0.146503 0.003623 0.351543 0.000085
0.015482 0.223641 0.259017 0.146828 0.003634 0.351312 0.000086
0.015749 0.221192 0.258377 0.146715 0.003630 0.354246 0.000091
0.015822 0.221052 0.258342 0.146340 0.003643 0.354719 0.000082
0.015701 0.220304 0.257953 0.146419 0.003602 0.355934 0.000088
0.015638 0.219754 0.258103 0.146120 0.003611 0.356687 0.000086
0.015946 0.220448 0.257609 0.145912 0.003644 0.356353 0.000088
0.015885 0.220631 0.257663 0.146157 0.003634 0.355942 0.000089
0.015728 0.216871 0.257464 0.146162 0.003699 0.359994 0.000084
0.015939 0.217282 0.257090 0.145565 0.003669 0.360366 0.000089
0.015955 0.215796 0.257496 0.145767 0.003667 0.361234 0.000086
0.016174 0.214818 0.256661 0.145623 0.003719 0.362915 0.000090
0.016140 0.215997 0.256519 0.145301 0.003726 0.362221 0.000097
0.015889 0.213514 0.256312 0.145238 0.003683 0.365269 0.000095
0.015772 0.214133 0.256091 0.145482 0.003702 0.364723 0.000097
0.016079 0.213201 0.256249 0.144960 0.003724 0.365692 0.000094
0.015951 0.213740 0.255780 0.145184 0.003748 0.365497 0.000100
0.016166 0.212439 0.255710 0.144989 0.003750 0.366851 0.000094
0.016023 0.210046 0.255375 0.144840 0.003714 0.369904 0.000098
0.016146 0.210845 0.254763 0.144571 0.003768 0.369809 0.000098
0.016067 0.209736 0.254428 0.144632 0.003749 0.371290 0.000098
0.016171 0.209115 0.254431 0.144228 0.003762 0.372193 0.000100
0.016126 0.208945 0.254493 0.144526 0.003783 0.372034 0.000093
0.016363 0.207954 0.254201 0.144196 0.003798 0.373393 0.000094
0.016136 0.208622 0.254246 0.143881 0.003770 0.373253 0.000092
0.015971 0.206461 0.254226 0.143970 0.003787 0.375490 0.000095
0.016252 0.205472 0.253560 0.144086 0.003777 0.376753 0.000100
0.016418 0.206255 0.253000 0.143790 0.003770 0.376666 0.000101
0.016060 0.205566 0.253233 0.143547 0.003791 0.377689 0.000114
0.016399 0.204408 0.253294 0.143456 0.003841 0.378503 0.000100
0.016508 0.204090 0.252731 0.143553 0.003824 0.379190 0.000104
0.016142 0.203468 0.252852 0.143320 0.003758 0.380360 0.000099
0.016463 0.202896 0.252288 0.143371 0.003867 0.381012 0.000104
0.016833 0.200227 0.252139 0.142911 0.003882 0.383899 0.000108
0.016568 0.201182 0.251646 0.143194 0.003869 0.383433 0.000108
0.016847 0.200315 0.251781 0.142912 0.003846 0.384187 0.000113
0.016478 0.200529 0.251531 0.142525 0.003872 0.384953 0.000113
0.016983 0.198741 0.250803 0.142521 0.003923 0.386921 0.000107
0.017007 0.198929 0.251034 0.142433 0.003849 0.386644 0.000105
0.016499 0.197038 0.250439 0.142469 0.003923 0.389520 0.000111
0.016749 0.196163 0.250663 0.142056 0.003906 0.390349 0.000114
0.017041 0.196069 0.250219 0.141825 0.003881 0.390855 0.000110
0.016825 0.197040 0.250614 0.142286 0.003882 0.389246 0.000108
0.016788 0.195600 0.249698 0.141673 0.003935 0.392193 0.000113
0.017096 0.195308 0.249550 0.141559 0.003954 0.392417 0.000115
0.016984 0.193453 0.249507 0.141568 0.003959 0.394421 0.000109
0.017191 0.193501 0.249153 0.141413 0.003930 0.394692 0.000120
0.016981 0.193382 0.249197 0.141266 0.003922 0.395130 0.000122
0.017146 0.191428 0.248616 0.141062 0.003944 0.397687 0.000117
0.017124 0.191505 0.248552 0.141115 0.003961 0.397627 0.000116
0.017234 0.190914 0.248343 0.140895 0.003995 0.398491 0.000128
0.016961 0.191062 0.247987 0.140568 0.003921 0.399383 0.000118
0.017171 0.190588 0.247694 0.140300 0.003938 0.400191 0.000118
0.017141 0.189297 0.247776 0.140412 0.003968 0.401290 0.000116
0.017212 0.190217 0.247717 0.140444 0.003980 0.400314 0.000116
0.017210 0.187663 0.247218 0.140222 0.003987 0.403578 0.000122
0.017295 0.187867 0.246270 0.139928 0.004006 0.404517 0.000117
0.017502 0.185779 0.246314 0.140032 0.004005 0.406259 0.000109
0.017289 0.186888 0.246089 0.139967 0.003972 0.405673 0.000121
0.017484 0.186025 0.245979 0.139799 0.004027 0.406565 0.000121
0.017518 0.184773 0.246044 0.139189 0.004034 0.408321 0.000120
0.017742 0.185499 0.245972 0.139482 0.004001 0.407184 0.000120
0.017520 0.185007 0.245668 0.139370 0.004014 0.408302 0.000119
0.017581 0.183651 0.245331 0.138908 0.003977 0.410426 0.000126
0.017655 0.183528 0.245207 0.139064 0.004021 0.410405 0.000120
0.017646 0.183579 0.244677 0.139109 0.004010 0.410845 0.000133
0.017707 0.182032 0.244381 0.138543 0.004063 0.413152 0.000122
0.017823 0.181199 0.243842 0.138540 0.004039 0.414432 0.000125
0.017607 0.181082 0.243793 0.138500 0.004082 0.414812 0.000125
0.017796 0.179858 0.243614 0.138287 0.004129 0.416185 0.000130
0.017768 0.180139 0.243618 0.138421 0.004090 0.415841 0.000123
0.017920 0.179288 0.242895 0.138211 0.004105 0.417455 0.000126
0.017924 0.179170 0.242486 0.138169 0.004111 0.418021 0.000119
0.017919 0.178362 0.242726 0.137868 0.004118 0.418872 0.000134
0.017933 0.178275 0.242414 0.137866 0.004124 0.419262 0.000126
0.018303 0.177054 0.241942 0.137180 0.004134 0.421263 0.000123
0.017904 0.177097 0.242137 0.137345 0.004115 0.421270 0.000132
0.018028 0.176247 0.241532 0.137214 0.004170 0.422678 0.000130
0.017996 0.175967 0.241557 0.137041 0.004156 0.423152 0.000131
0.018138 0.176113 0.240943 0.137220 0.004113 0.423346 0.000127
0.018285 0.174072 0.240466 0.136944 0.004161 0.425941 0.000132
0.018229 0.174449 0.240651 0.136582 0.004178 0.425780 0.000132
0.018557 0.174263 0.240245 0.136727 0.004106 0.425962 0.000141
0.018316 0.174010 0.240279 0.136632 0.004193 0.426449 0.000122
0.018199 0.172635 0.239821 0.136325 0.004216 0.428664 0.000140
0.018378 0.172395 0.239583 0.136218 0.004206 0.429092 0.000127
0.018511 0.171430 0.239328 0.135969 0.004200 0.430435 0.000126
0.018425 0.172357 0.239190 0.135934 0.004194 0.429763 0.000137
0.018450 0.171180 0.238942 0.135657 0.004221 0.431422 0.000127
0.018662 0.169915 0.238142 0.135346 0.004245 0.433547 0.000142
0.018614 0.170100 0.238328 0.135434 0.004247 0.433145 0.000132
0.018654 0.169124 0.237821 0.134982 0.004263 0.435024 0.000132
0.018926 0.168587 0.237742 0.134994 0.004287 0.435329 0.000134
0.018899 0.168876 0.237123 0.134833 0.004255 0.435878 0.000135
0.018924 0.168424 0.237497 0.134432 0.004273 0.436314 0.000136
0.018719 0.167635 0.236697 0.134466 0.004328 0.438022 0.000133
0.018947 0.167732 0.236839 0.134248 0.004267 0.437819 0.000149
0.019154 0.166576 0.236268 0.134119 0.004312 0.439439 0.000133
0.018864 0.167748 0.235764 0.134321 0.004327 0.438838 0.000138
0.019174 0.165905 0.235445 0.134037 0.004311 0.440981 0.000147
0.019278 0.164826 0.235268 0.133589 0.004327 0.442575 0.000137
0.018964 0.165036 0.235290 0.133778 0.004371 0.442425 0.000136
0.018848 0.164749 0.234994 0.133659 0.004330 0.443279 0.000141
0.019072 0.164034 0.234538 0.133337 0.004295 0.444576 0.000149
0.019338 0.163266 0.234361 0.133233 0.004374 0.445281 0.000147
0.019415 0.163374 0.234357 0.133186 0.004334 0.445192 0.000141
0.019289 0.162378 0.233921 0.132661 0.004368 0.447235 0.000149
0.019266 0.162813 0.233769 0.132920 0.004382 0.446717 0.000132
0.019534 0.161435 0.233515 0.132478 0.004375 0.448521 0.000142
0.019619 0.160989 0.233115 0.132447 0.004417 0.449268 0.000145
0.019425 0.161689 0.233400 0.132437 0.004413 0.448485 0.000151
0.019923 0.160165 0.232423 0.131987 0.004392 0.450970 0.000139
0.019162 0.160524 0.232780 0.131851 0.004378 0.451154 0.000152
0.019502 0.159466 0.232529 0.131668 0.004348 0.452338 0.000149
0.019385 0.158618 0.232195 0.131685 0.004410 0.453553 0.000154
0.019438 0.158981 0.232067 0.131479 0.004374 0.453513 0.000148
0.019665 0.157725 0.231222 0.131251 0.004424 0.455566 0.000147
0.019870 0.157951 0.230989 0.131402 0.004437 0.455204 0.000148
0.019707 0.157492 0.231234 0.131325 0.004373 0.455715 0.000154
0.019701 0.156355 0.230773 0.130935 0.004410 0.457676 0.000151
0.019891 0.157072 0.230710 0.130634 0.004437 0.457103 0.000154
0.019740 0.156338 0.230103 0.130576 0.004422 0.458664 0.000157
0.019751 0.156261 0.230211 0.130621 0.004402 0.458602 0.000152
0.020121 0.154747 0.229574 0.130099 0.004428 0.460878 0.000152
0.019953 0.155369 0.229305 0.130125 0.004474 0.460621 0.000154
0.019853 0.154708 0.229217 0.129914 0.004435 0.461709 0.000164
0.020169 0.154647 0.229081 0.130087 0.004445 0.461425 0.000146
0.020187 0.153708 0.228291 0.129963 0.004465 0.463221 0.000165
0.020235 0.151712 0.227569 0.129013 0.004457 0.466857 0.000157
0.020069 0.153369 0.227919 0.129520 0.004446 0.464507 0.000169
0.020234 0.152819 0.227633 0.129381 0.004484 0.465293 0.000156
0.020301 0.152055 0.227553 0.128952 0.004488 0.466483 0.000167
0.020445 0.151805 0.227239 0.128736 0.004481 0.467126 0.000168
0.020296 0.151002 0.226543 0.128861 0.004488 0.468648 0.000163
0.020900 0.150450 0.225969 0.128490 0.004478 0.469545 0.000168
0.020413 0.151386 0.226578 0.128655 0.004444 0.468358 0.000166
0.020448 0.150808 0.226057 0.128728 0.004478 0.469319 0.000161
0.020676 0.149461 0.225102 0.127791 0.004513 0.472290 0.000167
0.020530 0.148845 0.225079 0.127907 0.004489 0.472980 0.000171
0.020684 0.148924 0.225010 0.127674 0.004520 0.473018 0.000170
0.020813 0.148573 0.224937 0.127585 0.004537 0.473385 0.000170
0.020646 0.148562 0.224688 0.127597 0.004464 0.473878 0.000164
0.020699 0.147388 0.224162 0.127709 0.004558 0.475331 0.000152
0.020751 0.146821 0.224053 0.127446 0.004533 0.476236 0.000158
0.020732 0.147586 0.223942 0.127115 0.004497 0.475966 0.000162
0.020700 0.146399 0.223324 0.127130 0.004531 0.477746 0.000171
0.020889 0.145964 0.223347 0.126923 0.004590 0.478119 0.000169
0.021248 0.145886 0.223013 0.126644 0.004615 0.478416 0.000177
0.021217 0.145462 0.222464 0.126348 0.004593 0.479740 0.000176
0.021218 0.145577 0.222996 0.126698 0.004625 0.478710 0.000176
0.021246 0.145130 0.222462 0.126436 0.004614 0.479943 0.000169
0.021335 0.144444 0.221891 0.126192 0.004563 0.481400 0.000174
0.021180 0.143482 0.221409 0.125934 0.004605 0.483217 0.000173
0.021169 0.144114 0.221629 0.125950 0.004607 0.482361 0.000170
0.021295 0.143523 0.221225 0.125596 0.004573 0.483610 0.000179
0.021186 0.143082 0.221061 0.125530 0.004648 0.484302 0.000191
0.021246 0.142866 0.220505 0.125225 0.004616 0.485368 0.000174
0.021258 0.142892 0.220361 0.125169 0.004593 0.485540 0.000186
0.021312 0.141599 0.220087 0.124556 0.004655 0.487610 0.000182
0.021498 0.141268 0.219313 0.124513 0.004638 0.488587 0.000183
0.021358 0.141926 0.219770 0.124854 0.004659 0.487255 0.000178
