0.999122 0.000848 0.000019 0.000011 0.000000 0.000000 0.000000
0.998679 0.001280 0.000026 0.000003 0.000001 0.000010 0.000000
0.998257 0.001682 0.000042 0.000008 0.000000 0.000012 0.000000
0.997799 0.002131 0.000046 0.000013 0.000000 0.000011 0.000000
0.997255 0.002669 0.000050 0.000015 0.000000 0.000011 0.000000
0.996720 0.003191 0.000056 0.000021 0.000000 0.000012 0.000000
0.996095 0.003805 0.000064 0.000024 0.000000 0.000011 0.000000
0.995492 0.004398 0.000067 0.000032 0.000000 0.000011 0.000000
0.994383 0.005507 0.000071 0.000030 0.000000 0.000010 0.000000
0.993148 0.006723 0.000078 0.000042 0.000000 0.000009 0.000000
0.991746 0.008099 0.000100 0.000047 0.000000 0.000009 0.000000
0.989976 0.009862 0.000099 0.000056 0.000000 0.000008 0.000000
0.988123 0.011676 0.000114 0.000079 0.000000 0.000007 0.000000
0.985237 0.014531 0.000120 0.000106 0.000000 0.000006 0.000000
0.981459 0.018230 0.000146 0.000160 0.000000 0.000005 0.000000
0.978252 0.021373 0.000182 0.000188 0.000000 0.000005 0.000000
0.972975 0.026573 0.000248 0.000201 0.000000 0.000004 0.000000
0.968275 0.031164 0.000305 0.000249 0.000000 0.000007 0.000000
0.962735 0.036597 0.000367 0.000284 0.000000 0.000016 0.000000
0.956771 0.042413 0.000483 0.000318 0.000000 0.000016 0.000000
0.949542 0.049442 0.000621 0.000378 0.000000 0.000018 0.000000
0.941828 0.056940 0.000768 0.000447 0.000000 0.000017 0.000000
0.932394 0.066147 0.000901 0.000543 0.000000 0.000016 0.000000
0.924518 0.073804 0.001028 0.000632 0.000000 0.000018 0.000000
0.915056 0.083065 0.001121 0.000729 0.000000 0.000029 0.000000
0.903886 0.093923 0.001310 0.000844 0.000000 0.000038 0.000000
0.890441 0.106972 0.001570 0.000972 0.000000 0.000044 0.000000
0.878695 0.118303 0.001828 0.001124 0.000000 0.000051 0.000000
0.865315 0.131215 0.002116 0.001297 0.000000 0.000057 0.000000
0.852422 0.143703 0.002397 0.001422 0.000000 0.000057 0.000000
0.837709 0.157947 0.002694 0.001585 0.000001 0.000064 0.000000
0.824049 0.171164 0.002955 0.001757 0.000002 0.000072 0.000000
0.810817 0.183918 0.003281 0.001899 0.000003 0.000083 0.000000
0.794672 0.199506 0.003642 0.002086 0.000005 0.000089 0.000000
0.780157 0.213468 0.003986 0.002283 0.000005 0.000102 0.000000
0.766005 0.227074 0.004308 0.002497 0.000004 0.000113 0.000000
0.750282 0.242161 0.004715 0.002706 0.000004 0.000132 0.000000
0.735354 0.256490 0.005094 0.002916 0.000004 0.000144 0.000000
0.721504 0.269676 0.005536 0.003120 0.000004 0.000160 0.000000
0.706204 0.284260 0.005993 0.003358 0.000004 0.000180 0.000000
0.690597 0.299064 0.006463 0.003681 0.000003 0.000192 0.000000
0.675746 0.313098 0.006966 0.003971 0.000004 0.000215 0.000000
0.664102 0.323990 0.007442 0.004232 0.000005 0.000229 0.000000
0.650037 0.337269 0.007940 0.004503 0.000005 0.000246 0.000000
0.634155 0.352158 0.008581 0.004829 0.000005 0.000272 0.000000
0.619195 0.366102 0.009203 0.005194 0.000007 0.000299 0.000000
0.609025 0.375528 0.009656 0.005448 0.000009 0.000334 0.000000
0.596003 0.387596 0.010231 0.005794 0.000009 0.000367 0.000000
0.581757 0.400707 0.010917 0.006201 0.000011 0.000407 0.000000
0.570163 0.411384 0.011485 0.006519 0.000010 0.000439 0.000000
0.558529 0.422127 0.012054 0.006816 0.000011 0.000463 0.000000
0.543017 0.436325 0.012864 0.007273 0.000011 0.000510 0.000000
0.533527 0.444895 0.013443 0.007595 0.000010 0.000531 0.000000
0.520642 0.456537 0.014213 0.008019 0.000013 0.000576 0.000000
0.511943 0.464236 0.014842 0.008359 0.000012 0.000608 0.000000
0.499864 0.474991 0.015630 0.008852 0.000012 0.000651 0.000000
0.488869 0.484769 0.016370 0.009268 0.000012 0.000713 0.000000
0.479908 0.492649 0.017022 0.009644 0.000012 0.000764 0.000000
0.471818 0.499583 0.017730 0.010030 0.000013 0.000826 0.000000
0.461370 0.508698 0.018524 0.010514 0.000013 0.000882 0.000000
0.448406 0.520083 0.019509 0.011034 0.000014 0.000954 0.000000
0.437354 0.529755 0.020384 0.011473 0.000015 0.001019 0.000000
0.427492 0.538115 0.021298 0.011989 0.000013 0.001093 0.000000
0.418245 0.545979 0.022132 0.012455 0.000013 0.001176 0.000000
0.410777 0.552213 0.022812 0.012928 0.000014 0.001255 0.000000
0.401448 0.559690 0.023928 0.013572 0.000015 0.001348 0.000000
0.392106 0.567522 0.024825 0.014110 0.000019 0.001417 0.000000
0.383660 0.574484 0.025715 0.014636 0.000021 0.001485 0.000000
0.371869 0.584286 0.026955 0.015282 0.000023 0.001584 0.000000
0.368806 0.586134 0.027653 0.015707 0.000024 0.001677 0.000000
0.360912 0.592393 0.028627 0.016271 0.000022 0.001775 0.000000
0.353993 0.597615 0.029670 0.016821 0.000026 0.001875 0.000000
0.347202 0.602480 0.030847 0.017434 0.000026 0.002012 0.000000
0.337878 0.609856 0.032044 0.018059 0.000029 0.002134 0.000000
0.333110 0.613160 0.032909 0.018568 0.000029 0.002224 0.000000
0.322423 0.621550 0.034331 0.019318 0.000027 0.002350 0.000000
0.319234 0.623375 0.035116 0.019792 0.000029 0.002455 0.000000
0.312240 0.628539 0.036181 0.020435 0.000029 0.002578 0.000000
0.309471 0.629603 0.037136 0.021005 0.000032 0.002753 0.000000
0.303816 0.633363 0.038262 0.021625 0.000036 0.002897 0.000000
0.293472 0.641114 0.039849 0.022442 0.000040 0.003084 0.000000
0.291167 0.641499 0.040885 0.023150 0.000042 0.003258 0.000000
0.286232 0.644909 0.041719 0.023683 0.000041 0.003415 0.000000
0.279441 0.649343 0.043108 0.024458 0.000044 0.003605 0.000000
0.277546 0.649558 0.043970 0.025106 0.000045 0.003775 0.000000
0.271647 0.653513 0.045191 0.025701 0.000046 0.003901 0.000000
0.267899 0.655704 0.046133 0.026174 0.000046 0.004044 0.000000
0.265003 0.656742 0.047231 0.026733 0.000053 0.004239 0.000000
0.258069 0.660953 0.048727 0.027693 0.000055 0.004503 0.000000
0.256820 0.660821 0.049556 0.028077 0.000057 0.004669 0.000000
0.247557 0.667425 0.051077 0.028996 0.000062 0.004883 0.000000
0.241181 0.670869 0.052752 0.029986 0.000065 0.005148 0.000000
0.236563 0.674020 0.053585 0.030419 0.000065 0.005348 0.000000
0.232058 0.675919 0.055115 0.031238 0.000070 0.005600 0.000000
0.230846 0.675784 0.055783 0.031734 0.000071 0.005781 0.000000
0.217330 0.684649 0.058499 0.033248 0.000077 0.006197 0.000000
0.216605 0.683971 0.059217 0.033778 0.000077 0.006353 0.000000
0.211360 0.686479 0.060744 0.034639 0.000088 0.006690 0.000000
0.206590 0.689030 0.062049 0.035331 0.000089 0.006910 0.000000
0.202380 0.691162 0.063273 0.035949 0.000101 0.007134 0.000000
0.193830 0.696386 0.065167 0.037122 0.000101 0.007394 0.000000
0.187464 0.698608 0.067521 0.038437 0.000107 0.007864 0.000000
0.184979 0.699276 0.068442 0.039108 0.000114 0.008082 0.000000
0.180635 0.700381 0.070243 0.040165 0.000116 0.008458 0.000000
0.178038 0.701891 0.070876 0.040376 0.000118 0.008701 0.000000
0.177024 0.700443 0.072277 0.041213 0.000119 0.008924 0.000000
0.170801 0.701728 0.075116 0.042696 0.000129 0.009530 0.000000
0.170656 0.700705 0.075732 0.043121 0.000133 0.009653 0.000000
0.167022 0.702177 0.076779 0.043904 0.000131 0.009987 0.000000
0.167850 0.699097 0.078074 0.044467 0.000131 0.010380 0.000000
0.161872 0.701615 0.079940 0.045681 0.000139 0.010753 0.000000
0.158295 0.701638 0.081949 0.046736 0.000144 0.011237 0.000000
0.150604 0.706546 0.083633 0.047572 0.000147 0.011498 0.000000
0.150603 0.704645 0.084506 0.048230 0.000147 0.011869 0.000000
0.146694 0.705103 0.086263 0.049441 0.000155 0.012345 0.000000
0.141294 0.707161 0.088123 0.050422 0.000161 0.012839 0.000000
0.143791 0.702693 0.089171 0.050949 0.000168 0.013228 0.000000
0.141937 0.702898 0.089994 0.051520 0.000166 0.013485 0.000000
0.133555 0.706831 0.092570 0.052884 0.000171 0.013989 0.000000
0.135162 0.702864 0.093760 0.053604 0.000181 0.014429 0.000000
0.132375 0.703714 0.094665 0.054295 0.000184 0.014768 0.000000
0.127459 0.704994 0.096714 0.055342 0.000194 0.015297 0.000000
0.123737 0.704776 0.098852 0.056604 0.000205 0.015825 0.000000
0.120667 0.706203 0.099757 0.057116 0.000208 0.016048 0.000000
0.121102 0.703846 0.100709 0.057592 0.000214 0.016536 0.000000
0.112192 0.707092 0.103784 0.059381 0.000223 0.017328 0.000001
0.110663 0.705752 0.105326 0.060198 0.000222 0.017839 0.000001
0.107999 0.705894 0.106639 0.061046 0.000229 0.018193 0.000000
0.109488 0.703181 0.107189 0.061375 0.000234 0.018532 0.000001
0.101141 0.704451 0.111027 0.063545 0.000257 0.019577 0.000001
0.096551 0.706913 0.112193 0.064150 0.000245 0.019947 0.000001
0.096366 0.705577 0.112816 0.064715 0.000255 0.020269 0.000001
0.097092 0.702283 0.114149 0.065342 0.000260 0.020873 0.000001
0.089985 0.704628 0.116674 0.066951 0.000261 0.021500 0.000002
0.084978 0.704349 0.119505 0.068481 0.000268 0.022418 0.000001
0.086809 0.703091 0.119006 0.068338 0.000283 0.022474 0.000001
0.082189 0.703259 0.121447 0.069658 0.000270 0.023175 0.000002
0.079372 0.702387 0.123374 0.070704 0.000287 0.023874 0.000002
0.083032 0.696406 0.124511 0.071360 0.000286 0.024403 0.000004
0.083572 0.693703 0.125543 0.072005 0.000283 0.024890 0.000003
0.082086 0.691168 0.127668 0.073118 0.000296 0.025662 0.000002
0.084613 0.688993 0.127374 0.072936 0.000309 0.025772 0.000003
0.082825 0.687751 0.128811 0.073902 0.000309 0.026401 0.000002
0.078832 0.686676 0.131383 0.075419 0.000322 0.027364 0.000004
0.081549 0.683822 0.131268 0.075460 0.000333 0.027564 0.000003
0.075971 0.682443 0.134869 0.077471 0.000346 0.028898 0.000003
0.076789 0.680431 0.135383 0.077741 0.000356 0.029297 0.000002
0.073877 0.680135 0.137055 0.078567 0.000361 0.030001 0.000003
0.086037 0.670407 0.135609 0.077670 0.000373 0.029901 0.000003
0.086218 0.667015 0.137212 0.078417 0.000389 0.030747 0.000003
0.086733 0.666238 0.137140 0.078605 0.000379 0.030902 0.000003
0.087345 0.663299 0.138220 0.079316 0.000388 0.031428 0.000003
0.079381 0.664849 0.141515 0.081039 0.000414 0.032800 0.000002
0.088541 0.658859 0.139626 0.080091 0.000416 0.032464 0.000003
0.093878 0.652158 0.140125 0.080377 0.000422 0.033038 0.000003
0.091222 0.650390 0.142268 0.081657 0.000437 0.034023 0.000003
0.089195 0.651260 0.143107 0.081733 0.000431 0.034272 0.000002
0.090236 0.647928 0.144088 0.082275 0.000445 0.035024 0.000002
0.086554 0.648664 0.145294 0.083252 0.000442 0.035792 0.000003
0.090578 0.645027 0.145150 0.082995 0.000454 0.035792 0.000003
0.087698 0.643702 0.147052 0.084356 0.000449 0.036740 0.000003
0.085800 0.644051 0.147891 0.084656 0.000446 0.037153 0.000003
0.088629 0.640982 0.147789 0.084543 0.000457 0.037598 0.000002
0.078381 0.642934 0.152115 0.086976 0.000474 0.039116 0.000003
0.077364 0.642193 0.152860 0.087315 0.000478 0.039788 0.000003
0.077312 0.641403 0.153022 0.087767 0.000476 0.040016 0.000004
0.071115 0.642288 0.155588 0.089331 0.000499 0.041175 0.000004
0.069752 0.641584 0.156562 0.089761 0.000508 0.041831 0.000003
0.070348 0.639480 0.157108 0.090102 0.000516 0.042443 0.000003
0.072055 0.636694 0.157549 0.090338 0.000512 0.042848 0.000004
0.067179 0.635717 0.160522 0.091946 0.000543 0.044089 0.000004
0.063551 0.637133 0.161442 0.092444 0.000543 0.044883 0.000003
0.061390 0.637185 0.162493 0.092925 0.000560 0.045443 0.000003
0.060227 0.632587 0.165013 0.094579 0.000574 0.047018 0.000003
0.058518 0.633412 0.165600 0.094647 0.000589 0.047231 0.000003
0.058091 0.629689 0.167346 0.095913 0.000599 0.048359 0.000004
0.053909 0.630409 0.168865 0.096878 0.000604 0.049333 0.000003
0.050816 0.630687 0.170298 0.097361 0.000619 0.050215 0.000004
0.048937 0.629329 0.171758 0.098370 0.000620 0.050983 0.000003
0.055744 0.623362 0.170821 0.098053 0.000639 0.051377 0.000004
0.052749 0.620878 0.173642 0.099318 0.000654 0.052753 0.000005
0.052507 0.620922 0.173835 0.099318 0.000654 0.052760 0.000004
0.052835 0.619663 0.173874 0.099627 0.000648 0.053347 0.000005
0.049460 0.618434 0.176241 0.100752 0.000668 0.054441 0.000004
0.048803 0.615041 0.177792 0.102028 0.000688 0.055643 0.000005
0.048438 0.614812 0.177962 0.102146 0.000681 0.055956 0.000005
0.047807 0.613337 0.178804 0.102598 0.000687 0.056760 0.000006
0.048558 0.610107 0.179809 0.103158 0.000678 0.057683 0.000006
0.051561 0.603958 0.181191 0.103928 0.000705 0.058652 0.000005
0.052048 0.604586 0.180597 0.103644 0.000707 0.058414 0.000004
0.054474 0.600938 0.181016 0.103667 0.000728 0.059172 0.000005
0.049325 0.600429 0.183815 0.105093 0.000736 0.060598 0.000003
0.048492 0.597952 0.185209 0.106033 0.000736 0.061573 0.000005
0.048488 0.596122 0.185764 0.106347 0.000756 0.062518 0.000006
0.048434 0.593733 0.186785 0.107193 0.000759 0.063090 0.000007
0.046657 0.592286 0.188156 0.107967 0.000764 0.064165 0.000005
0.044765 0.591644 0.189270 0.108472 0.000788 0.065056 0.000006
0.045080 0.590123 0.189632 0.108601 0.000799 0.065759 0.000006
0.041866 0.589132 0.191574 0.109945 0.000799 0.066678 0.000006
0.042911 0.585784 0.192230 0.110455 0.000809 0.067805 0.000007
0.039609 0.586667 0.193585 0.111017 0.000830 0.068287 0.000005
0.038722 0.584508 0.194752 0.111564 0.000842 0.069606 0.000006
0.035661 0.584636 0.196417 0.112051 0.000854 0.070377 0.000004
0.035188 0.582118 0.197364 0.112927 0.000860 0.071536 0.000007
0.033008 0.580228 0.199109 0.114023 0.000864 0.072761 0.000007
0.030602 0.580536 0.199953 0.114587 0.000885 0.073428 0.000008
0.030088 0.579025 0.200604 0.114977 0.000898 0.074400 0.000008
0.031091 0.576667 0.201367 0.115091 0.000885 0.074890 0.000008
0.027942 0.574854 0.203454 0.116369 0.000912 0.076462 0.000008
0.027723 0.574133 0.203562 0.116725 0.000937 0.076912 0.000008
0.028549 0.573748 0.203266 0.116610 0.000900 0.076918 0.000009
0.024579 0.569620 0.206899 0.118706 0.000950 0.079239 0.000008
0.024468 0.570520 0.206802 0.118167 0.000933 0.079102 0.000008
0.023361 0.566763 0.208403 0.119567 0.000959 0.080939 0.000008
0.023168 0.563569 0.209815 0.120079 0.000968 0.082392 0.000010
0.021716 0.561573 0.210943 0.121042 0.000981 0.083738 0.000008
0.020508 0.559028 0.212613 0.122098 0.001019 0.084725 0.000009
0.020774 0.557649 0.212894 0.121967 0.001008 0.085697 0.000010
0.019991 0.555076 0.214159 0.123051 0.001003 0.086712 0.000009
0.020423 0.554012 0.214280 0.122916 0.001031 0.087327 0.000010
0.019507 0.552503 0.215523 0.123210 0.001024 0.088223 0.000010
0.019348 0.550887 0.215882 0.123607 0.001039 0.089227 0.000011
0.018140 0.547482 0.217838 0.124733 0.001078 0.090718 0.000011
0.018478 0.546106 0.218186 0.125035 0.001057 0.091125 0.000012
0.018054 0.542837 0.219728 0.125684 0.001068 0.092618 0.000012
0.018535 0.543146 0.218929 0.125603 0.001104 0.092671 0.000012
0.018207 0.541949 0.219723 0.125788 0.001080 0.093241 0.000012
0.017132 0.536984 0.222187 0.127239 0.001131 0.095319 0.000009
0.017345 0.536259 0.222033 0.127164 0.001134 0.096052 0.000012
0.017110 0.533893 0.223119 0.127679 0.001133 0.097054 0.000011
0.016820 0.530924 0.224248 0.128320 0.001153 0.098526 0.000010
0.016786 0.531352 0.223687 0.128260 0.001155 0.098749 0.000012
0.016580 0.528065 0.225140 0.128807 0.001173 0.100220 0.000015
0.016472 0.527248 0.225362 0.129091 0.001198 0.100619 0.000010
0.015985 0.522208 0.227321 0.130393 0.001214 0.102867 0.000012
0.016254 0.524302 0.226389 0.129643 0.001192 0.102209 0.000011
0.015757 0.519456 0.228424 0.130620 0.001217 0.104517 0.000010
0.015499 0.517391 0.229286 0.131223 0.001224 0.105364 0.000013
0.015854 0.516360 0.229066 0.131253 0.001219 0.106235 0.000013
0.015577 0.515352 0.229769 0.131418 0.001256 0.106615 0.000013
0.015368 0.512564 0.230539 0.132222 0.001237 0.108057 0.000014
0.015035 0.509630 0.232119 0.132664 0.001284 0.109255 0.000012
0.014993 0.508091 0.232316 0.132694 0.001280 0.110613 0.000013
0.015027 0.506722 0.232632 0.132930 0.001288 0.111388 0.000013
0.014983 0.505796 0.232896 0.133271 0.001293 0.111748 0.000012
0.014686 0.501974 0.234404 0.133930 0.001298 0.113693 0.000016
0.014695 0.501332 0.234482 0.134028 0.001325 0.114125 0.000013
0.014558 0.499141 0.235422 0.134255 0.001336 0.115270 0.000018
0.014429 0.497456 0.235931 0.134505 0.001364 0.116298 0.000018
0.014055 0.493077 0.237489 0.135552 0.001344 0.118466 0.000016
0.014196 0.492445 0.237525 0.135464 0.001367 0.118986 0.000017
0.014284 0.492005 0.237513 0.135555 0.001375 0.119249 0.000019
0.014282 0.490096 0.237887 0.136192 0.001387 0.120136 0.000020
0.014110 0.488937 0.238429 0.136048 0.001395 0.121061 0.000020
0.013884 0.486530 0.239601 0.136554 0.001391 0.122022 0.000018
0.014059 0.485814 0.239212 0.136669 0.001398 0.122834 0.000014
0.013866 0.483119 0.240356 0.137007 0.001443 0.124193 0.000016
0.013817 0.481800 0.240604 0.137115 0.001420 0.125225 0.000020
0.013553 0.479237 0.241454 0.137861 0.001456 0.126421 0.000019
0.013583 0.477618 0.242021 0.137817 0.001448 0.127491 0.000021
0.013449 0.473919 0.243133 0.138763 0.001494 0.129221 0.000021
0.013517 0.473220 0.242824 0.138932 0.001496 0.129992 0.000021
0.013526 0.472796 0.242848 0.139019 0.001479 0.130314 0.000018
0.013450 0.469298 0.244184 0.139459 0.001491 0.132099 0.000019
0.013470 0.468602 0.244135 0.139522 0.001540 0.132710 0.000020
0.013349 0.465925 0.245277 0.139904 0.001518 0.134006 0.000021
0.013348 0.465195 0.245443 0.139970 0.001539 0.134485 0.000020
0.013117 0.463072 0.246016 0.140363 0.001549 0.135861 0.000022
0.013149 0.462272 0.245880 0.140643 0.001563 0.136475 0.000018
0.012945 0.459162 0.246950 0.141006 0.001584 0.138333 0.000020
0.013029 0.457612 0.247409 0.141266 0.001583 0.139077 0.000025
0.012915 0.456426 0.248177 0.141210 0.001603 0.139647 0.000022
0.012855 0.453486 0.248658 0.142154 0.001615 0.141211 0.000022
0.013028 0.453266 0.248379 0.141691 0.001614 0.142000 0.000021
0.012914 0.451157 0.249178 0.142038 0.001631 0.143060 0.000022
0.012894 0.449607 0.249362 0.142113 0.001611 0.144392 0.000020
0.012990 0.448851 0.249476 0.142534 0.001632 0.144497 0.000021
0.012915 0.447312 0.250089 0.142539 0.001671 0.145451 0.000023
0.012698 0.444279 0.250772 0.143074 0.001678 0.147475 0.000024
0.012702 0.444309 0.250723 0.142941 0.001708 0.147596 0.000020
0.012668 0.441038 0.251758 0.143481 0.001695 0.149339 0.000021
0.012559 0.438193 0.252519 0.144103 0.001730 0.150873 0.000023
0.012691 0.438474 0.251763 0.144013 0.001727 0.151310 0.000022
0.012598 0.436201 0.252575 0.144163 0.001740 0.152701 0.000020
0.012656 0.433764 0.253200 0.144378 0.001757 0.154221 0.000025
0.012544 0.432212 0.253856 0.144748 0.001742 0.154878 0.000020
0.012580 0.431862 0.253970 0.144589 0.001749 0.155226 0.000024
0.012397 0.430252 0.253935 0.144952 0.001774 0.156666 0.000024
0.012483 0.427988 0.254512 0.145259 0.001785 0.157953 0.000021
0.012482 0.428350 0.254326 0.145332 0.001764 0.157723 0.000023
0.012413 0.425742 0.254930 0.145377 0.001795 0.159723 0.000020
0.012554 0.423322 0.255377 0.145800 0.001820 0.161107 0.000020
0.012319 0.422116 0.256043 0.145880 0.001800 0.161818 0.000024
0.012527 0.421831 0.255768 0.145776 0.001796 0.162281 0.000020
0.012269 0.419677 0.256108 0.146058 0.001852 0.164013 0.000023
0.012343 0.416849 0.256864 0.146545 0.001880 0.165494 0.000024
0.012257 0.416422 0.256618 0.146699 0.001862 0.166120 0.000023
0.012241 0.414298 0.257498 0.146569 0.001885 0.167485 0.000024
0.012292 0.413554 0.257640 0.146718 0.001889 0.167885 0.000023
0.012208 0.411092 0.258046 0.147234 0.001902 0.169490 0.000026
0.012239 0.410409 0.258115 0.147089 0.001913 0.170210 0.000025
0.012108 0.409224 0.258474 0.147189 0.001909 0.171069 0.000027
0.012261 0.405595 0.259277 0.147593 0.001964 0.173286 0.000024
0.012184 0.405232 0.259501 0.147672 0.001961 0.173423 0.000028
0.012224 0.404269 0.259361 0.147665 0.001966 0.174485 0.000029
0.011958 0.402090 0.259939 0.147845 0.002006 0.176138 0.000024
0.012041 0.400726 0.260163 0.148337 0.002017 0.176690 0.000026
0.011941 0.400991 0.259993 0.147926 0.002005 0.177121 0.000024
0.011956 0.396854 0.260763 0.148433 0.002063 0.179900 0.000030
0.011892 0.397493 0.260209 0.148237 0.002020 0.180125 0.000023
0.012053 0.395205 0.261181 0.148542 0.002057 0.180937 0.000025
0.012068 0.394813 0.260977 0.148507 0.002095 0.181512 0.000028
0.011984 0.391842 0.261286 0.148780 0.002078 0.184002 0.000027
0.012040 0.390902 0.261726 0.148983 0.002098 0.184221 0.000031
0.012132 0.390144 0.261811 0.148974 0.002099 0.184810 0.000029
0.011892 0.388763 0.261901 0.149386 0.002108 0.185924 0.000025
0.011893 0.386511 0.262468 0.149303 0.002144 0.187653 0.000027
0.012029 0.385174 0.262427 0.149466 0.002115 0.188759 0.000031
0.011842 0.383396 0.262926 0.149636 0.002199 0.189974 0.000028
0.012093 0.381698 0.262997 0.149828 0.002159 0.191192 0.000033
0.011952 0.380771 0.263414 0.149603 0.002152 0.192077 0.000031
0.011863 0.379310 0.263299 0.149953 0.002185 0.193360 0.000030
0.011945 0.377577 0.263695 0.149895 0.002218 0.194640 0.000031
0.011828 0.375437 0.263987 0.150469 0.002193 0.196057 0.000028
0.011870 0.374482 0.264043 0.150126 0.002245 0.197203 0.000031
0.011967 0.374307 0.263578 0.150364 0.002210 0.197544 0.000029
0.011930 0.373891 0.263788 0.150485 0.002249 0.197626 0.000030
0.011782 0.371589 0.264090 0.150451 0.002299 0.199753 0.000034
0.011752 0.369568 0.264530 0.150726 0.002284 0.201105 0.000035
0.011944 0.367416 0.264976 0.150755 0.002301 0.202572 0.000035
0.011782 0.366068 0.264972 0.151000 0.002283 0.203858 0.000037
0.011796 0.365870 0.264879 0.151111 0.002322 0.203986 0.000036
0.011825 0.364122 0.265375 0.150924 0.002355 0.205363 0.000036
0.011908 0.364568 0.264994 0.151088 0.002373 0.205034 0.000036
0.011933 0.362351 0.265317 0.151178 0.002364 0.206816 0.000040
0.011940 0.360413 0.265613 0.151283 0.002337 0.208380 0.000034
0.012042 0.359446 0.265226 0.151618 0.002378 0.209255 0.000036
0.011747 0.357200 0.266218 0.151728 0.002382 0.210682 0.000042
0.011836 0.356355 0.266042 0.151397 0.002371 0.211958 0.000040
0.011933 0.355018 0.266194 0.151691 0.002394 0.212725 0.000043
0.011907 0.353511 0.266169 0.151959 0.002395 0.214018 0.000043
0.011962 0.353083 0.266242 0.151774 0.002409 0.214479 0.000050
0.011955 0.351606 0.266326 0.151867 0.002443 0.215758 0.000044
0.012051 0.349396 0.266910 0.151958 0.002450 0.217187 0.000047
0.011929 0.349632 0.266582 0.152094 0.002475 0.217241 0.000048
0.011963 0.347737 0.266947 0.152108 0.002491 0.218705 0.000048
0.011707 0.346895 0.267238 0.152009 0.002470 0.219629 0.000050
0.011966 0.345327 0.267123 0.152224 0.002475 0.220842 0.000043
0.011892 0.342703 0.267478 0.152056 0.002529 0.223294 0.000048
0.011978 0.343523 0.267304 0.152012 0.002513 0.222620 0.000049
0.011902 0.341401 0.267555 0.152269 0.002548 0.224277 0.000049
0.011960 0.339634 0.267951 0.152353 0.002556 0.225495 0.000050
0.011950 0.338491 0.267838 0.152260 0.002552 0.226859 0.000050
0.012154 0.339104 0.267633 0.152108 0.002540 0.226412 0.000049
0.012014 0.336918 0.267985 0.152120 0.002558 0.228346 0.000059
0.011973 0.335233 0.268073 0.152391 0.002595 0.229676 0.000059
0.011940 0.333841 0.268035 0.152352 0.002627 0.231153 0.000052
0.012021 0.332731 0.267733 0.152629 0.002598 0.232231 0.000058
0.012074 0.332470 0.268111 0.152309 0.002633 0.232346 0.000057
0.012019 0.331226 0.268527 0.152406 0.002630 0.233138 0.000053
0.012042 0.329936 0.268324 0.152222 0.002630 0.234787 0.000059
0.012020 0.326663 0.268664 0.152715 0.002684 0.237198 0.000057
0.012163 0.327057 0.268487 0.152625 0.002653 0.236961 0.000054
0.012068 0.325791 0.268540 0.152565 0.002712 0.238270 0.000054
0.012045 0.325357 0.268367 0.152424 0.002660 0.239094 0.000053
0.012123 0.323938 0.268406 0.152653 0.002661 0.240162 0.000055
0.012006 0.322452 0.268551 0.152825 0.002676 0.241432 0.000056
0.012113 0.321369 0.268399 0.152800 0.002694 0.242570 0.000056
0.012202 0.320066 0.268945 0.152770 0.002712 0.243242 0.000063
0.012040 0.319835 0.268520 0.152774 0.002716 0.244060 0.000056
0.012064 0.317426 0.268891 0.152966 0.002758 0.245839 0.000056
0.012122 0.316997 0.268924 0.152854 0.002738 0.246309 0.000056
0.012046 0.314913 0.269371 0.152763 0.002758 0.248098 0.000053
0.012217 0.313470 0.268819 0.152781 0.002774 0.249885 0.000054
0.012022 0.313073 0.269256 0.152577 0.002788 0.250222 0.000061
0.012037 0.313420 0.268909 0.152720 0.002767 0.250092 0.000054
0.012103 0.310588 0.268837 0.152863 0.002812 0.252738 0.000059
0.012110 0.310226 0.268662 0.152949 0.002791 0.253203 0.000059
0.012240 0.308486 0.269158 0.152952 0.002782 0.254321 0.000060
0.012195 0.307635 0.269159 0.152605 0.002821 0.255526 0.000059
0.012120 0.306392 0.269104 0.152752 0.002847 0.256726 0.000059
0.012177 0.306418 0.269240 0.152713 0.002838 0.256555 0.000059
0.012272 0.304618 0.268889 0.152660 0.002864 0.258631 0.000066
0.012107 0.303149 0.269270 0.152677 0.002828 0.259905 0.000065
0.012322 0.302717 0.269382 0.152525 0.002854 0.260138 0.000061
0.012347 0.300638 0.269216 0.152571 0.002937 0.262227 0.000064
0.012332 0.300167 0.268927 0.152929 0.002896 0.262689 0.000060
0.012322 0.299432 0.269145 0.152621 0.002914 0.263504 0.000062
0.012396 0.297779 0.269037 0.152718 0.002959 0.265046 0.000064
0.012550 0.297756 0.269430 0.152779 0.002907 0.264519 0.000059
0.012289 0.296107 0.269160 0.152243 0.002918 0.267222 0.000062
0.012287 0.294906 0.269240 0.152685 0.002938 0.267884 0.000060
0.012341 0.294447 0.268789 0.152864 0.002926 0.268570 0.000064
0.012489 0.293189 0.269193 0.152254 0.002960 0.269848 0.000066
0.012529 0.292411 0.269005 0.152446 0.002958 0.270587 0.000063
0.012331 0.290087 0.269154 0.152500 0.002994 0.272868 0.000066
0.012388 0.289338 0.268805 0.152481 0.002958 0.273966 0.000064
0.012729 0.289078 0.268919 0.152045 0.003002 0.274164 0.000064
0.012531 0.287629 0.268788 0.152298 0.002984 0.275702 0.000069
0.012524 0.286109 0.268580 0.152357 0.003014 0.277349 0.000067
0.012714 0.285216 0.268540 0.152336 0.003031 0.278093 0.000070
0.012576 0.284364 0.268963 0.152353 0.003027 0.278650 0.000068
0.012566 0.284154 0.269042 0.152181 0.003052 0.278941 0.000064
0.012602 0.283793 0.268469 0.152146 0.003068 0.279857 0.000065
0.012647 0.281798 0.268432 0.152006 0.003058 0.281997 0.000062
0.012789 0.279913 0.268633 0.151811 0.003088 0.283701 0.000065
0.012683 0.279471 0.268330 0.151825 0.003088 0.284536 0.000068
0.012707 0.278792 0.268388 0.152005 0.003083 0.284958 0.000069
0.012691 0.276240 0.268567 0.151927 0.003127 0.287384 0.000064
0.012647 0.277627 0.267920 0.151784 0.003150 0.286803 0.000071
0.012579 0.276281 0.268072 0.151910 0.003155 0.287933 0.000071
0.012672 0.274095 0.267922 0.151840 0.003159 0.290241 0.000070
0.012802 0.274818 0.267920 0.151649 0.003120 0.289617 0.000074
0.012838 0.273846 0.268026 0.151507 0.003193 0.290516 0.000074
0.012933 0.271129 0.267650 0.151436 0.003202 0.293572 0.000078
0.012939 0.271997 0.267298 0.151709 0.003184 0.292798 0.000075
0.012928 0.270574 0.267336 0.151629 0.003194 0.294265 0.000073
0.012829 0.269623 0.267613 0.151306 0.003260 0.295295 0.000073
0.012875 0.268597 0.267447 0.151230 0.003194 0.296580 0.000077
0.012825 0.266978 0.267301 0.151418 0.003251 0.298155 0.000073
0.012925 0.266384 0.266563 0.151486 0.003253 0.299319 0.000071
0.012836 0.265850 0.267130 0.151127 0.003245 0.299739 0.000073
0.012901 0.264287 0.266931 0.151172 0.003280 0.301349 0.000080
0.013012 0.263816 0.267091 0.151187 0.003307 0.301511 0.000076
0.012814 0.262790 0.266362 0.150996 0.003287 0.303672 0.000079
0.012942 0.262325 0.266659 0.150910 0.003275 0.303807 0.000082
0.013012 0.261346 0.266671 0.150969 0.003234 0.304688 0.000079
0.012990 0.260159 0.266475 0.150588 0.003282 0.306428 0.000078
0.013147 0.259273 0.266496 0.150667 0.003329 0.307006 0.000084
0.012937 0.256861 0.266016 0.150854 0.003361 0.309882 0.000089
0.012986 0.257283 0.266121 0.150625 0.003364 0.309532 0.000088
0.013042 0.256875 0.265629 0.150835 0.003359 0.310179 0.000081
0.013208 0.256179 0.265973 0.150492 0.003393 0.310668 0.000087
0.013157 0.254975 0.265641 0.150201 0.003401 0.312538 0.000087
0.013235 0.253744 0.265464 0.150391 0.003361 0.313719 0.000085
0.013136 0.253699 0.265363 0.150518 0.003388 0.313813 0.000084
0.013080 0.252343 0.265165 0.150338 0.003396 0.315591 0.000087
0.013233 0.251523 0.265263 0.150252 0.003383 0.316257 0.000089
0.013306 0.250475 0.265225 0.150278 0.003441 0.317188 0.000086
0.013232 0.249732 0.265019 0.150359 0.003473 0.318101 0.000085
0.013248 0.248091 0.265152 0.150017 0.003455 0.319944 0.000093
0.013375 0.247948 0.265318 0.149712 0.003454 0.320108 0.000085
0.013284 0.247371 0.264926 0.149591 0.003460 0.321275 0.000094
0.013331 0.246693 0.264765 0.149747 0.003480 0.321891 0.000093
0.013465 0.244521 0.264147 0.149779 0.003473 0.324531 0.000085
0.013227 0.244957 0.264542 0.149812 0.003460 0.323915 0.000088
0.013413 0.243133 0.264138 0.149630 0.003497 0.326096 0.000094
0.013407 0.243445 0.264285 0.149388 0.003527 0.325862 0.000087
0.013397 0.242074 0.263755 0.149409 0.003528 0.327749 0.000089
0.013628 0.241635 0.263605 0.149060 0.003513 0.328464 0.000094
0.013291 0.240494 0.263725 0.149158 0.003568 0.329672 0.000092
0.013472 0.239384 0.263300 0.149252 0.003531 0.330963 0.000097
0.013576 0.238393 0.263385 0.148977 0.003602 0.331966 0.000100
0.013813 0.238254 0.262839 0.149130 0.003527 0.332338 0.000100
0.013554 0.238240 0.262919 0.148795 0.003510 0.332892 0.000090
0.013667 0.236910 0.262722 0.148985 0.003581 0.334032 0.000103
0.013788 0.235795 0.262521 0.148555 0.003564 0.335679 0.000099
0.013724 0.234104 0.262590 0.148420 0.003583 0.337484 0.000096
0.013612 0.235183 0.262132 0.148517 0.003607 0.336855 0.000094
0.013813 0.234290 0.262169 0.148355 0.003577 0.337696 0.000099
0.013666 0.232269 0.261951 0.148465 0.003636 0.339909 0.000102
0.013728 0.232337 0.261688 0.148229 0.003604 0.340315 0.000100
0.013864 0.231531 0.261741 0.148294 0.003615 0.340861 0.000095
0.013685 0.229732 0.261514 0.148080 0.003658 0.343229 0.000101
0.013905 0.230616 0.261085 0.148294 0.003612 0.342394 0.000094
0.013977 0.228254 0.261307 0.148056 0.003665 0.344641 0.000100
0.014004 0.227599 0.261217 0.147602 0.003652 0.345827 0.000099
0.013967 0.227674 0.260734 0.147815 0.003675 0.346031 0.000103
0.014135 0.227267 0.260515 0.147554 0.003695 0.346731 0.000103
0.013932 0.225908 0.260175 0.147511 0.003698 0.348675 0.000101
0.014281 0.224763 0.260172 0.147582 0.003701 0.349399 0.000101
0.014041 0.224376 0.260235 0.147467 0.003717 0.350064 0.000100
0.014271 0.222806 0.259953 0.146972 0.003725 0.352168 0.000105
0.014271 0.223144 0.259655 0.146832 0.003786 0.352206 0.000106
0.014290 0.222362 0.259183 0.147232 0.003703 0.353123 0.000107
0.014275 0.222393 0.259307 0.147067 0.003682 0.353171 0.000105
0.014482 0.220762 0.258827 0.146744 0.003684 0.355398 0.000101
0.014410 0.219532 0.258283 0.146505 0.003733 0.357430 0.000107
0.014635 0.219735 0.258691 0.146740 0.003752 0.356343 0.000105
0.014401 0.217928 0.258154 0.146354 0.003767 0.359287 0.000109
0.014455 0.218052 0.258322 0.146351 0.003761 0.358951 0.000108
0.014550 0.217237 0.257841 0.145924 0.003762 0.360580 0.000105
0.014517 0.216660 0.257803 0.146280 0.003784 0.360841 0.000116
0.014690 0.217073 0.257924 0.145950 0.003773 0.360482 0.000109
0.014637 0.215918 0.257582 0.145844 0.003816 0.362090 0.000114
0.014612 0.215472 0.257424 0.145655 0.003802 0.362920 0.000116
0.014767 0.214417 0.256697 0.145413 0.003814 0.364776 0.000116
0.014722 0.212860 0.256750 0.145699 0.003841 0.366016 0.000112
0.014666 0.213124 0.256551 0.145533 0.003812 0.366204 0.000111
0.014856 0.211796 0.256196 0.145082 0.003817 0.368151 0.000102
0.014741 0.212066 0.256135 0.145375 0.003852 0.367709 0.000122
0.014712 0.210504 0.256400 0.144886 0.003861 0.369522 0.000116
0.014715 0.210081 0.256005 0.144959 0.003862 0.370256 0.000120
0.015040 0.209679 0.255409 0.145003 0.003899 0.370860 0.000111
0.014986 0.208274 0.255235 0.144659 0.003865 0.372877 0.000104
0.014918 0.208018 0.255348 0.144672 0.003881 0.373049 0.000114
0.014766 0.207856 0.255253 0.144559 0.003923 0.373536 0.000106
0.014887 0.206454 0.254414 0.144312 0.003985 0.375837 0.000111
0.014771 0.206656 0.254647 0.144532 0.003917 0.375362 0.000115
0.015000 0.205838 0.254377 0.143890 0.003892 0.376887 0.000116
0.015057 0.204351 0.254413 0.144266 0.003892 0.377905 0.000116
0.014959 0.204847 0.253951 0.144111 0.003898 0.378122 0.000111
0.015047 0.203488 0.253572 0.144090 0.003993 0.379689 0.000121
0.015059 0.203615 0.253713 0.144037 0.003944 0.379516 0.000115
0.015079 0.201912 0.252765 0.143646 0.003988 0.382492 0.000118
0.015178 0.202208 0.253151 0.143314 0.003947 0.382082 0.000121
0.015233 0.201032 0.252682 0.143621 0.003951 0.383362 0.000119
0.015243 0.200213 0.253026 0.143244 0.003991 0.384175 0.000108
0.015211 0.199438 0.252214 0.143106 0.004002 0.385911 0.000118
0.015154 0.198862 0.252044 0.143051 0.003999 0.386763 0.000127
0.015323 0.198769 0.251660 0.142930 0.004004 0.387193 0.000122
0.015197 0.198245 0.251586 0.142720 0.004067 0.388066 0.000119
0.015411 0.196652 0.250999 0.142475 0.004037 0.390307 0.000119
0.015408 0.196441 0.251597 0.142532 0.004078 0.389829 0.000115
0.015306 0.195796 0.251123 0.142540 0.004050 0.391066 0.000119
0.015429 0.195721 0.250597 0.141911 0.004067 0.392151 0.000124
0.015337 0.194387 0.250310 0.142134 0.004055 0.393652 0.000125
0.015547 0.193478 0.249801 0.141765 0.004077 0.395205 0.000128
0.015516 0.193797 0.250426 0.141651 0.004058 0.394432 0.000120
0.015526 0.193608 0.250365 0.141738 0.004072 0.394562 0.000129
0.015511 0.192618 0.249744 0.141673 0.004084 0.396249 0.000121
0.015700 0.191910 0.249481 0.141567 0.004062 0.397150 0.000130
0.015876 0.191604 0.249362 0.141264 0.004167 0.397604 0.000124
0.015740 0.190864 0.248913 0.141335 0.004074 0.398926 0.000148
0.015722 0.190514 0.248887 0.141169 0.004139 0.399432 0.000137
0.015906 0.189223 0.248824 0.141035 0.004131 0.400747 0.000134
0.015848 0.188962 0.248184 0.140872 0.004125 0.401873 0.000136
0.015902 0.188177 0.248188 0.140317 0.004124 0.403159 0.000133
0.015806 0.187915 0.247852 0.140641 0.004124 0.403523 0.000140
0.015738 0.187069 0.247573 0.140438 0.004133 0.404914 0.000134
0.015963 0.186835 0.246842 0.140499 0.004164 0.405564 0.000133
0.016077 0.186586 0.247431 0.140330 0.004152 0.405284 0.000140
0.016207 0.184838 0.246399 0.139790 0.004186 0.408447 0.000134
0.015893 0.184999 0.246306 0.140033 0.004204 0.408429 0.000136
0.016109 0.185046 0.246494 0.139870 0.004153 0.408186 0.000142
0.016175 0.184205 0.246246 0.139128 0.004196 0.409911 0.000138
0.016161 0.182827 0.245776 0.139437 0.004212 0.411443 0.000143
0.016247 0.182926 0.245450 0.138927 0.004220 0.412082 0.000148
0.016372 0.182882 0.245546 0.139067 0.004224 0.411772 0.000138
0.016406 0.182403 0.244993 0.139052 0.004216 0.412778 0.000152
0.016503 0.181456 0.244871 0.138772 0.004207 0.414040 0.000151
0.016369 0.180737 0.244765 0.138965 0.004197 0.414819 0.000147
0.016223 0.180282 0.244507 0.138571 0.004225 0.416051 0.000141
0.016515 0.180226 0.244330 0.138590 0.004225 0.415954 0.000159
0.016482 0.179038 0.243572 0.137996 0.004321 0.418444 0.000147
0.016417 0.178735 0.243469 0.138053 0.004271 0.418912 0.000143
0.016278 0.178846 0.243758 0.138115 0.004210 0.418638 0.000155
0.016479 0.178353 0.243119 0.137725 0.004237 0.419928 0.000159
0.016527 0.177061 0.242420 0.137702 0.004265 0.421869 0.000156
0.016571 0.176955 0.242543 0.137667 0.004250 0.421859 0.000155
0.016602 0.176059 0.242220 0.137486 0.004332 0.423149 0.000151
0.016557 0.175783 0.242171 0.137116 0.004296 0.423914 0.000163
0.016584 0.175693 0.242063 0.137302 0.004359 0.423858 0.000141
0.016629 0.174990 0.241574 0.136863 0.004262 0.425525 0.000157
0.016491 0.174424 0.241247 0.137023 0.004304 0.426346 0.000166
0.016937 0.173376 0.240753 0.136577 0.004310 0.427889 0.000158
0.016762 0.173600 0.240826 0.136410 0.004286 0.427961 0.000156
0.016839 0.172574 0.240404 0.136326 0.004375 0.429314 0.000167
0.016916 0.172031 0.240265 0.136032 0.004302 0.430290 0.000164
0.016849 0.171945 0.240044 0.136002 0.004340 0.430658 0.000162
0.016937 0.170687 0.239443 0.136062 0.004401 0.432295 0.000176
0.017130 0.170904 0.239240 0.135729 0.004357 0.432476 0.000163
0.017139 0.170428 0.239496 0.135312 0.004366 0.433098 0.000160
0.017223 0.169859 0.238985 0.135422 0.004406 0.433935 0.000171
0.017130 0.169209 0.239224 0.135259 0.004421 0.434591 0.000165
0.017183 0.168528 0.238342 0.135304 0.004328 0.436130 0.000184
0.017217 0.168556 0.238114 0.135006 0.004407 0.436530 0.000170
0.017323 0.168227 0.237863 0.134987 0.004378 0.437051 0.000171
0.017206 0.167275 0.237581 0.135014 0.004470 0.438284 0.000169
0.017215 0.166290 0.237267 0.134572 0.004490 0.439990 0.000176
0.017350 0.166059 0.236988 0.134250 0.004436 0.440741 0.000175
0.017407 0.165881 0.236702 0.134199 0.004386 0.441250 0.000176
0.017340 0.165401 0.236074 0.134112 0.004402 0.442499 0.000171
0.017481 0.165437 0.236043 0.134065 0.004456 0.442344 0.000174
0.017373 0.164336 0.235690 0.133688 0.004402 0.444332 0.000180
0.017359 0.164457 0.235508 0.133947 0.004429 0.444124 0.000177
0.017520 0.164033 0.235284 0.133559 0.004469 0.444968 0.000168
0.017397 0.163589 0.235342 0.133344 0.004392 0.445773 0.000163
0.017802 0.163090 0.235087 0.133036 0.004465 0.446349 0.000171
0.017727 0.162319 0.234492 0.133013 0.004421 0.447853 0.000175
0.017658 0.162113 0.234396 0.132699 0.004480 0.448480 0.000174
0.017661 0.162189 0.234141 0.133137 0.004414 0.448281 0.000176
0.017873 0.161652 0.234213 0.132652 0.004519 0.448922 0.000169
0.017628 0.160313 0.233845 0.132488 0.004445 0.451103 0.000179
0.017629 0.160422 0.233629 0.132190 0.004499 0.451464 0.000167
0.017773 0.159999 0.232856 0.131934 0.004510 0.452750 0.000179
0.017939 0.159676 0.232523 0.131871 0.004526 0.453290 0.000175
0.017953 0.159652 0.232797 0.131924 0.004528 0.452971 0.000175
0.017810 0.158783 0.232064 0.131522 0.004520 0.455125 0.000175
0.018078 0.158347 0.232196 0.131237 0.004473 0.455486 0.000183
0.018108 0.157979 0.231704 0.131341 0.004549 0.456137 0.000182
0.018101 0.157350 0.231556 0.131048 0.004580 0.457191 0.000174
0.018166 0.157628 0.231479 0.130971 0.004477 0.457101 0.000178
0.018255 0.155944 0.230596 0.130812 0.004591 0.459627 0.000177
0.018244 0.155534 0.230339 0.130555 0.004604 0.460543 0.000179
0.018222 0.155201 0.230111 0.130246 0.004631 0.461423 0.000167
0.018357 0.154585 0.229835 0.130495 0.004591 0.461964 0.000173
0.018522 0.154325 0.229815 0.130406 0.004589 0.462157 0.000187
0.018330 0.154293 0.229323 0.130117 0.004554 0.463206 0.000178
0.018272 0.154154 0.229522 0.129825 0.004618 0.463431 0.000179
0.018559 0.153132 0.229097 0.129771 0.004594 0.464663 0.000186
0.018499 0.152853 0.228528 0.129653 0.004622 0.465660 0.000184
0.018605 0.152716 0.228523 0.129405 0.004615 0.465954 0.000183
0.018844 0.152256 0.227560 0.129297 0.004599 0.467254 0.000189
0.018569 0.152099 0.227858 0.129142 0.004611 0.467545 0.000177
0.018777 0.151569 0.228003 0.128807 0.004654 0.467997 0.000192
0.018759 0.151421 0.227721 0.128547 0.004574 0.468793 0.000185
0.018864 0.150504 0.226855 0.128815 0.004674 0.470095 0.000194
0.018818 0.150216 0.226763 0.128555 0.004593 0.470863 0.000192
0.018691 0.149454 0.226587 0.128368 0.004647 0.472057 0.000197
0.019029 0.149437 0.226592 0.128142 0.004588 0.472014 0.000198
0.019128 0.148483 0.225528 0.127999 0.004665 0.474007 0.000191
0.019260 0.148194 0.225593 0.127654 0.004700 0.474411 0.000188
0.019132 0.148404 0.225439 0.127558 0.004665 0.474610 0.000192
0.019234 0.147728 0.225029 0.127523 0.004643 0.475644 0.000200
0.019191 0.148020 0.224889 0.127345 0.004641 0.475705 0.000208
0.019266 0.147311 0.224351 0.127382 0.004655 0.476826 0.000209
0.019214 0.146749 0.224096 0.126987 0.004654 0.478102 0.000197
0.019308 0.146104 0.224111 0.126779 0.004683 0.478816 0.000199
0.019228 0.145476 0.223843 0.126801 0.004668 0.479779 0.000205
0.019499 0.145378 0.223321 0.126497 0.004737 0.480372 0.000197
0.019577 0.145391 0.223355 0.126132 0.004689 0.480653 0.000203
0.019249 0.145184 0.223074 0.126248 0.004687 0.481354 0.000203
0.019569 0.144727 0.222750 0.126125 0.004702 0.481943 0.000184
0.019549 0.144343 0.222342 0.125816 0.004767 0.482986 0.000196
0.019536 0.143906 0.222093 0.125731 0.004747 0.483786 0.000201
0.019441 0.144001 0.222263 0.125868 0.004707 0.483521 0.000198
0.019709 0.143227 0.221513 0.125556 0.004738 0.485055 0.000203
0.019744 0.143112 0.221584 0.125606 0.004757 0.484978 0.000219
0.019696 0.142521 0.220635 0.125388 0.004704 0.486848 0.000208
0.019668 0.142080 0.220538 0.124929 0.004750 0.487826 0.000208
0.020118 0.141998 0.220740 0.124925 0.004723 0.487294 0.000203
0.019704 0.141240 0.220302 0.124900 0.004716 0.488921 0.000217
0.019791 0.140977 0.220036 0.124662 0.004787 0.489542 0.000206
