0.999108 0.000866 0.000018 0.000007 0.000000 0.000000 0.000000
0.998681 0.001280 0.000022 0.000007 0.000000 0.000010 0.000000
0.998241 0.001711 0.000028 0.000009 0.000000 0.000011 0.000000
0.997786 0.002155 0.000036 0.000012 0.000000 0.000010 0.000000
0.997354 0.002575 0.000044 0.000015 0.000000 0.000011 0.000000
0.996910 0.003008 0.000049 0.000020 0.000000 0.000012 0.000000
0.996412 0.003495 0.000054 0.000027 0.000000 0.000012 0.000000
0.995933 0.003967 0.000061 0.000028 0.000000 0.000012 0.000000
0.995308 0.004587 0.000062 0.000032 0.000000 0.000011 0.000000
0.994552 0.005336 0.000065 0.000036 0.000000 0.000011 0.000000
0.993651 0.006238 0.000062 0.000039 0.000000 0.000010 0.000000
0.992549 0.007332 0.000070 0.000040 0.000000 0.000009 0.000000
0.991151 0.008703 0.000091 0.000046 0.000000 0.000008 0.000000
0.988949 0.010870 0.000121 0.000054 0.000000 0.000007 0.000000
0.987012 0.012772 0.000145 0.000065 0.000000 0.000006 0.000000
0.984342 0.015380 0.000199 0.000073 0.000000 0.000006 0.000000
0.981910 0.017780 0.000214 0.000087 0.000000 0.000008 0.000000
0.978242 0.021369 0.000253 0.000127 0.000000 0.000009 0.000000
0.973839 0.025715 0.000297 0.000142 0.000000 0.000007 0.000000
0.969779 0.029711 0.000337 0.000166 0.000000 0.000006 0.000000
0.964473 0.034892 0.000397 0.000230 0.000000 0.000007 0.000000
0.958018 0.041231 0.000466 0.000274 0.000000 0.000010 0.000000
0.949997 0.049111 0.000579 0.000300 0.000000 0.000013 0.000000
0.943016 0.055897 0.000712 0.000355 0.000000 0.000021 0.000000
0.933634 0.065002 0.000854 0.000470 0.000000 0.000041 0.000000
0.923536 0.074841 0.001024 0.000552 0.000000 0.000047 0.000000
0.913973 0.084164 0.001156 0.000656 0.000000 0.000050 0.000000
0.900956 0.096851 0.001360 0.000772 0.000000 0.000062 0.000000
0.890737 0.106777 0.001545 0.000873 0.000000 0.000068 0.000000
0.877462 0.119658 0.001789 0.001015 0.000000 0.000075 0.000000
0.863782 0.132895 0.002070 0.001178 0.000000 0.000076 0.000000
0.849318 0.146886 0.002363 0.001349 0.000000 0.000083 0.000000
0.835156 0.160539 0.002695 0.001515 0.000000 0.000095 0.000000
0.819366 0.175910 0.002943 0.001678 0.000000 0.000103 0.000000
0.803646 0.191031 0.003325 0.001879 0.000000 0.000118 0.000000
0.785716 0.208299 0.003735 0.002118 0.000000 0.000133 0.000000
0.770705 0.222644 0.004141 0.002357 0.000000 0.000154 0.000000
0.753319 0.239306 0.004596 0.002604 0.000000 0.000175 0.000000
0.738457 0.253568 0.004980 0.002805 0.000002 0.000187 0.000000
0.721396 0.269912 0.005431 0.003058 0.000003 0.000199 0.000000
0.703287 0.287157 0.005964 0.003365 0.000003 0.000224 0.000000
0.688376 0.301238 0.006506 0.003626 0.000005 0.000249 0.000000
0.671624 0.317107 0.007047 0.003946 0.000004 0.000272 0.000000
0.656030 0.331762 0.007648 0.004268 0.000004 0.000289 0.000000
0.641152 0.345753 0.008176 0.004595 0.000004 0.000321 0.000000
0.627753 0.358219 0.008772 0.004902 0.000003 0.000351 0.000000
0.611635 0.373304 0.009380 0.005285 0.000004 0.000391 0.000000
0.599690 0.384343 0.009930 0.005597 0.000006 0.000433 0.000000
0.585816 0.397122 0.010636 0.005960 0.000006 0.000460 0.000000
0.574386 0.407522 0.011295 0.006298 0.000005 0.000494 0.000000
0.561558 0.419369 0.011888 0.006643 0.000005 0.000536 0.000000
0.549733 0.430203 0.012485 0.007015 0.000005 0.000559 0.000000
0.537124 0.441566 0.013263 0.007442 0.000004 0.000602 0.000000
0.522491 0.454805 0.014106 0.007935 0.000004 0.000660 0.000000
0.511782 0.464322 0.014862 0.008321 0.000004 0.000709 0.000000
0.499743 0.475281 0.015490 0.008723 0.000005 0.000759 0.000000
0.490206 0.483646 0.016186 0.009144 0.000007 0.000811 0.000000
0.480838 0.491888 0.016839 0.009575 0.000009 0.000852 0.000000
0.466353 0.504501 0.018023 0.010189 0.000010 0.000924 0.000000
0.456800 0.512922 0.018738 0.010570 0.000010 0.000961 0.000000
0.446570 0.521768 0.019631 0.011006 0.000010 0.001015 0.000000
0.438918 0.528194 0.020381 0.011419 0.000014 0.001075 0.000000
0.425673 0.539692 0.021415 0.012048 0.000016 0.001155 0.000000
0.416962 0.546862 0.022361 0.012556 0.000016 0.001243 0.000000
0.408293 0.554037 0.023293 0.013034 0.000015 0.001328 0.000000
0.401436 0.559724 0.024012 0.013422 0.000015 0.001389 0.000000
0.387593 0.571283 0.025388 0.014215 0.000018 0.001503 0.000000
0.379630 0.577864 0.026213 0.014700 0.000019 0.001575 0.000000
0.373480 0.582436 0.027147 0.015249 0.000019 0.001669 0.000000
0.361411 0.592318 0.028496 0.015980 0.000022 0.001773 0.000000
0.355804 0.596654 0.029238 0.016440 0.000025 0.001839 0.000000
0.347872 0.602888 0.030265 0.017005 0.000028 0.001942 0.000000
0.341444 0.607395 0.031414 0.017666 0.000028 0.002053 0.000000
0.330492 0.616061 0.032844 0.018379 0.000028 0.002196 0.000000
0.323383 0.621518 0.033731 0.019004 0.000033 0.002330 0.000000
0.320485 0.623095 0.034621 0.019345 0.000036 0.002418 0.000000
0.311965 0.629240 0.036012 0.020183 0.000039 0.002562 0.000000
0.304862 0.634455 0.037126 0.020845 0.000038 0.002675 0.000000
0.300166 0.637463 0.038125 0.021407 0.000039 0.002800 0.000000
0.292087 0.643338 0.039340 0.022207 0.000041 0.002986 0.000000
0.286068 0.646898 0.040788 0.022996 0.000043 0.003208 0.000000
0.278011 0.653036 0.041988 0.023596 0.000044 0.003326 0.000000
0.274467 0.654706 0.043081 0.024231 0.000043 0.003473 0.000000
0.266477 0.660222 0.044460 0.025114 0.000048 0.003679 0.000000
0.265272 0.659841 0.045333 0.025670 0.000052 0.003831 0.000000
0.258791 0.663697 0.046955 0.026494 0.000052 0.004012 0.000000
0.255951 0.664937 0.047807 0.027067 0.000057 0.004182 0.000000
0.250466 0.667767 0.049366 0.027933 0.000057 0.004411 0.000000
0.242861 0.673158 0.050675 0.028670 0.000058 0.004577 0.000000
0.244003 0.671436 0.050969 0.028843 0.000060 0.004689 0.000000
0.235176 0.676677 0.053140 0.029989 0.000056 0.004963 0.000000
0.226456 0.681713 0.055256 0.031173 0.000063 0.005339 0.000000
0.222208 0.684188 0.056244 0.031792 0.000061 0.005507 0.000000
0.219084 0.685073 0.057445 0.032557 0.000069 0.005772 0.000000
0.213830 0.687365 0.059204 0.033450 0.000069 0.006082 0.000000
0.210329 0.689001 0.060250 0.034068 0.000075 0.006277 0.000000
0.211342 0.686437 0.061066 0.034611 0.000073 0.006471 0.000000
0.207446 0.688445 0.062087 0.035210 0.000074 0.006738 0.000000
0.200991 0.691645 0.063857 0.036387 0.000079 0.007041 0.000000
0.196536 0.693367 0.065478 0.037176 0.000092 0.007351 0.000000
0.191330 0.695818 0.067014 0.038072 0.000087 0.007680 0.000000
0.184493 0.700160 0.068529 0.038887 0.000092 0.007839 0.000000
0.185870 0.696702 0.069616 0.039530 0.000099 0.008183 0.000000
0.182798 0.696893 0.071218 0.040472 0.000099 0.008521 0.000000
0.177826 0.699656 0.072497 0.041121 0.000102 0.008798 0.000000
0.173234 0.701250 0.074204 0.042027 0.000111 0.009173 0.000000
0.169781 0.702113 0.075579 0.042938 0.000111 0.009478 0.000000
0.163365 0.705806 0.077161 0.043751 0.000118 0.009800 0.000000
0.157386 0.708550 0.079035 0.044717 0.000117 0.010195 0.000000
0.151012 0.710801 0.081309 0.046097 0.000122 0.010660 0.000000
0.153532 0.706894 0.081947 0.046499 0.000125 0.011004 0.000000
0.147025 0.710842 0.083422 0.047284 0.000132 0.011295 0.000000
0.140501 0.714025 0.085312 0.048326 0.000132 0.011705 0.000000
0.134567 0.715177 0.087925 0.049846 0.000139 0.012346 0.000000
0.136297 0.712244 0.088521 0.050212 0.000145 0.012581 0.000000
0.129402 0.716116 0.090170 0.051168 0.000151 0.012994 0.000000
0.126683 0.714833 0.092301 0.052457 0.000163 0.013563 0.000000
0.124666 0.713897 0.094070 0.053185 0.000157 0.014025 0.000000
0.120571 0.715208 0.095630 0.054040 0.000167 0.014384 0.000000
0.121796 0.710599 0.097404 0.055122 0.000169 0.014911 0.000000
0.119495 0.710404 0.098740 0.055910 0.000183 0.015268 0.000000
0.117268 0.709970 0.100191 0.056606 0.000183 0.015781 0.000000
0.117137 0.706756 0.101989 0.057602 0.000188 0.016328 0.000000
0.123102 0.701065 0.101727 0.057456 0.000192 0.016458 0.000000
0.119522 0.700418 0.103818 0.058998 0.000196 0.017049 0.000000
0.121748 0.697402 0.104260 0.059042 0.000194 0.017354 0.000000
0.117590 0.697955 0.106276 0.060093 0.000211 0.017875 0.000000
0.120213 0.694744 0.106505 0.060265 0.000206 0.018066 0.000000
0.116268 0.693250 0.109280 0.062031 0.000216 0.018956 0.000000
0.117253 0.691891 0.109390 0.062021 0.000224 0.019220 0.000000
0.113303 0.690220 0.112459 0.063620 0.000232 0.020166 0.000000
0.118038 0.687649 0.111357 0.062802 0.000240 0.019915 0.000000
0.117426 0.685036 0.112756 0.063984 0.000237 0.020562 0.000000
0.114947 0.685879 0.113850 0.064236 0.000251 0.020837 0.000000
0.114508 0.685497 0.114072 0.064518 0.000256 0.021150 0.000000
0.106468 0.686079 0.118015 0.066792 0.000282 0.022364 0.000000
0.102993 0.686204 0.119759 0.067767 0.000282 0.022994 0.000000
0.097939 0.687405 0.121782 0.068848 0.000295 0.023731 0.000000
0.093923 0.689984 0.122574 0.069304 0.000297 0.023918 0.000000
0.092014 0.687922 0.124509 0.070466 0.000297 0.024793 0.000000
0.086742 0.689246 0.126540 0.071743 0.000317 0.025412 0.000000
0.087730 0.686953 0.127277 0.071848 0.000308 0.025883 0.000000
0.080563 0.690344 0.129341 0.073047 0.000318 0.026386 0.000001
0.078061 0.690144 0.130689 0.073799 0.000327 0.026979 0.000001
0.076176 0.686228 0.133470 0.075565 0.000337 0.028223 0.000001
0.072717 0.687695 0.134660 0.075981 0.000348 0.028598 0.000001
0.073064 0.686749 0.134775 0.076200 0.000337 0.028875 0.000001
0.069377 0.685996 0.137136 0.077491 0.000364 0.029634 0.000001
0.065829 0.685157 0.139205 0.078838 0.000362 0.030609 0.000001
0.065116 0.683658 0.140285 0.079401 0.000368 0.031171 0.000001
0.064191 0.681196 0.141929 0.080343 0.000371 0.031968 0.000001
0.065017 0.678808 0.142682 0.080671 0.000377 0.032444 0.000001
0.063295 0.679045 0.143409 0.081201 0.000387 0.032662 0.000001
0.061992 0.675566 0.145876 0.082435 0.000408 0.033721 0.000002
0.063718 0.670788 0.147205 0.083302 0.000417 0.034567 0.000002
0.062792 0.670329 0.147872 0.083647 0.000408 0.034950 0.000002
0.061711 0.668864 0.149134 0.084336 0.000423 0.035530 0.000002
0.056961 0.668248 0.151804 0.085790 0.000444 0.036750 0.000003
0.059226 0.665810 0.151924 0.085762 0.000438 0.036838 0.000002
0.059952 0.660082 0.154024 0.087279 0.000448 0.038211 0.000003
0.059524 0.658787 0.154833 0.087634 0.000459 0.038760 0.000003
0.061407 0.654927 0.155583 0.088300 0.000462 0.039318 0.000002
0.060741 0.653493 0.156441 0.088991 0.000472 0.039860 0.000003
0.056184 0.653738 0.158610 0.090160 0.000489 0.040815 0.000004
0.056348 0.651896 0.159323 0.090577 0.000482 0.041372 0.000003
0.057723 0.649179 0.159685 0.090784 0.000492 0.042133 0.000003
0.056903 0.645553 0.161827 0.092080 0.000510 0.043124 0.000004
0.057018 0.644598 0.162158 0.092285 0.000526 0.043412 0.000004
0.055518 0.644839 0.162738 0.092495 0.000524 0.043882 0.000004
0.050466 0.643115 0.166082 0.094359 0.000548 0.045427 0.000003
0.050585 0.642006 0.166457 0.094544 0.000556 0.045848 0.000004
0.049014 0.639028 0.168415 0.095939 0.000563 0.047036 0.000005
0.049513 0.637564 0.168806 0.096089 0.000572 0.047450 0.000006
0.050517 0.634715 0.169655 0.096534 0.000570 0.048005 0.000003
0.053527 0.630516 0.170111 0.096574 0.000583 0.048684 0.000005
0.051985 0.629818 0.171138 0.097274 0.000584 0.049196 0.000005
0.050562 0.628169 0.172331 0.098140 0.000600 0.050193 0.000005
0.053648 0.622377 0.173627 0.098527 0.000622 0.051193 0.000006
0.049436 0.625364 0.174316 0.098767 0.000607 0.051506 0.000006
0.044751 0.624733 0.176704 0.100424 0.000632 0.052750 0.000005
0.042915 0.622157 0.178706 0.101669 0.000645 0.053904 0.000005
0.045752 0.620599 0.178011 0.101050 0.000648 0.053936 0.000004
0.044110 0.619024 0.179612 0.101697 0.000652 0.054901 0.000004
0.042585 0.616385 0.181409 0.102883 0.000668 0.056064 0.000005
0.042182 0.614835 0.182229 0.103275 0.000676 0.056798 0.000005
0.041749 0.615380 0.181998 0.103327 0.000694 0.056848 0.000003
0.038644 0.614144 0.184033 0.104391 0.000689 0.058094 0.000004
0.037934 0.610838 0.185764 0.105368 0.000711 0.059380 0.000005
0.033968 0.611861 0.187075 0.106266 0.000731 0.060093 0.000005
0.034137 0.607703 0.188871 0.107086 0.000742 0.061455 0.000006
0.032564 0.606430 0.189989 0.107764 0.000746 0.062501 0.000006
0.030995 0.606420 0.190767 0.108358 0.000758 0.062697 0.000006
0.030731 0.602549 0.192559 0.109138 0.000768 0.064250 0.000005
0.031019 0.600736 0.192925 0.109590 0.000778 0.064947 0.000005
0.034958 0.596433 0.192901 0.109325 0.000777 0.065600 0.000006
0.033420 0.594163 0.194546 0.110445 0.000805 0.066614 0.000006
0.035333 0.589993 0.195651 0.110696 0.000803 0.067519 0.000004
0.034857 0.589230 0.196142 0.110879 0.000807 0.068080 0.000005
0.035838 0.586544 0.196541 0.111476 0.000817 0.068777 0.000006
0.035078 0.586067 0.196993 0.111748 0.000831 0.069275 0.000008
0.033962 0.583503 0.198700 0.112563 0.000853 0.070412 0.000006
0.034412 0.581310 0.199224 0.113024 0.000857 0.071167 0.000006
0.032113 0.577729 0.201769 0.114429 0.000886 0.073071 0.000005
0.032709 0.578516 0.201071 0.114004 0.000880 0.072814 0.000006
0.033237 0.576713 0.201300 0.114213 0.000879 0.073652 0.000007
0.033093 0.572274 0.203236 0.115115 0.000917 0.075359 0.000006
0.028708 0.573100 0.204943 0.116090 0.000913 0.076240 0.000006
0.030418 0.571205 0.204978 0.116051 0.000920 0.076421 0.000007
0.037387 0.565804 0.203661 0.115322 0.000905 0.076914 0.000007
0.035106 0.564004 0.205476 0.116453 0.000935 0.078019 0.000007
0.036128 0.561716 0.205951 0.116484 0.000944 0.078770 0.000007
0.035107 0.560529 0.206857 0.116905 0.000960 0.079637 0.000006
0.039010 0.556076 0.206734 0.116894 0.000955 0.080324 0.000008
0.034938 0.555951 0.208390 0.118090 0.000965 0.081659 0.000008
0.035162 0.554502 0.208757 0.118066 0.000971 0.082533 0.000010
0.035809 0.551743 0.209497 0.118587 0.000997 0.083359 0.000008
0.031879 0.551082 0.211706 0.119593 0.001014 0.084717 0.000010
0.038164 0.549010 0.209384 0.118271 0.001002 0.084161 0.000008
0.032808 0.547781 0.212293 0.120086 0.001006 0.086018 0.000008
0.031467 0.546735 0.213231 0.120335 0.001047 0.087176 0.000008
0.033185 0.544505 0.213097 0.120424 0.001037 0.087743 0.000009
0.031017 0.542753 0.214485 0.121630 0.001036 0.089068 0.000010
0.029329 0.542848 0.215487 0.121807 0.001056 0.089464 0.000009
0.027431 0.539756 0.217503 0.123031 0.001064 0.091205 0.000011
0.026009 0.540477 0.217676 0.123018 0.001115 0.091693 0.000012
0.026907 0.538713 0.217871 0.123057 0.001094 0.092349 0.000009
0.025781 0.537316 0.218613 0.123520 0.001127 0.093631 0.000012
0.024522 0.535008 0.220200 0.124399 0.001129 0.094729 0.000013
0.024476 0.532416 0.221311 0.124806 0.001137 0.095842 0.000012
0.022828 0.532841 0.221563 0.125264 0.001128 0.096365 0.000010
0.021929 0.529394 0.223132 0.126453 0.001148 0.097930 0.000014
0.021119 0.528079 0.224044 0.126663 0.001185 0.098898 0.000012
0.026541 0.521484 0.224159 0.126700 0.001184 0.099917 0.000014
0.028930 0.518187 0.224533 0.126764 0.001197 0.100376 0.000013
0.030304 0.517653 0.223513 0.126581 0.001208 0.100730 0.000010
0.030624 0.514891 0.224355 0.127180 0.001191 0.101745 0.000014
0.030846 0.513760 0.224558 0.127137 0.001213 0.102472 0.000014
0.029651 0.512077 0.225483 0.127810 0.001244 0.103723 0.000012
0.030768 0.508991 0.226269 0.127814 0.001242 0.104906 0.000011
0.030067 0.509129 0.226426 0.127835 0.001228 0.105301 0.000013
0.027471 0.506254 0.228509 0.129201 0.001276 0.107271 0.000017
0.029977 0.506868 0.226817 0.128364 0.001260 0.106697 0.000016
0.028746 0.505055 0.227840 0.128810 0.001271 0.108267 0.000012
0.026247 0.503800 0.229487 0.129679 0.001261 0.109514 0.000012
0.027489 0.500125 0.230015 0.130086 0.001312 0.110962 0.000011
0.024389 0.499968 0.231426 0.130900 0.001324 0.111978 0.000016
0.024678 0.500271 0.230977 0.130401 0.001311 0.112351 0.000012
0.023666 0.497865 0.232197 0.131466 0.001320 0.113471 0.000015
0.023605 0.495810 0.233062 0.131587 0.001345 0.114576 0.000015
0.023399 0.496758 0.232160 0.131485 0.001339 0.114845 0.000015
0.020802 0.493077 0.234848 0.132796 0.001383 0.117078 0.000015
0.019575 0.490637 0.236213 0.133364 0.001380 0.118815 0.000016
0.020620 0.489230 0.235746 0.133575 0.001360 0.119454 0.000015
0.019053 0.486929 0.236991 0.134481 0.001432 0.121097 0.000018
0.019270 0.485700 0.237338 0.134362 0.001369 0.121946 0.000015
0.018011 0.485377 0.237935 0.134856 0.001428 0.122379 0.000014
0.018137 0.483649 0.238347 0.135133 0.001421 0.123297 0.000017
0.016774 0.480152 0.240166 0.135966 0.001448 0.125477 0.000017
0.017322 0.480776 0.239446 0.135602 0.001412 0.125425 0.000017
0.017353 0.478515 0.240143 0.135842 0.001489 0.126640 0.000019
0.016155 0.475572 0.241510 0.136865 0.001501 0.128378 0.000019
0.016841 0.476163 0.240811 0.136452 0.001485 0.128233 0.000015
0.015396 0.472560 0.242766 0.137419 0.001511 0.130327 0.000020
0.015501 0.471167 0.242963 0.137935 0.001499 0.130913 0.000021
0.015519 0.470290 0.243349 0.137768 0.001542 0.131511 0.000021
0.014702 0.467431 0.244430 0.138568 0.001547 0.133304 0.000017
0.015139 0.464526 0.245098 0.139004 0.001566 0.134648 0.000018
0.014840 0.464105 0.245347 0.138977 0.001560 0.135149 0.000022
0.014486 0.460758 0.246399 0.139480 0.001607 0.137250 0.000021
0.014526 0.461101 0.246295 0.139241 0.001556 0.137259 0.000022
0.014035 0.458654 0.247192 0.139763 0.001624 0.138714 0.000018
0.014018 0.456919 0.247555 0.140252 0.001621 0.139614 0.000020
0.013998 0.456341 0.247413 0.140246 0.001604 0.140376 0.000022
0.013976 0.452948 0.248518 0.140820 0.001594 0.142126 0.000019
0.013751 0.451468 0.248954 0.141168 0.001662 0.142979 0.000020
0.013750 0.449441 0.249510 0.141349 0.001691 0.144237 0.000022
0.013741 0.449217 0.249491 0.141316 0.001674 0.144538 0.000023
0.013452 0.446412 0.249999 0.141906 0.001670 0.146543 0.000019
0.013426 0.445081 0.250729 0.142237 0.001679 0.146829 0.000019
0.013407 0.443414 0.251072 0.142209 0.001673 0.148203 0.000021
0.013079 0.439716 0.252021 0.143092 0.001722 0.150348 0.000021
0.013253 0.439756 0.251833 0.142853 0.001733 0.150553 0.000019
0.012993 0.438087 0.252155 0.143097 0.001754 0.151891 0.000023
0.013402 0.437876 0.252014 0.142923 0.001739 0.152023 0.000023
0.013036 0.433723 0.253597 0.143824 0.001747 0.154050 0.000023
0.012915 0.433218 0.253786 0.143780 0.001766 0.154513 0.000022
0.013008 0.432013 0.253748 0.143770 0.001788 0.155653 0.000020
0.012742 0.430841 0.254023 0.143786 0.001815 0.156775 0.000019
0.012965 0.430118 0.253845 0.143992 0.001809 0.157248 0.000022
0.012716 0.427289 0.254564 0.144604 0.001842 0.158963 0.000022
0.012595 0.424775 0.255596 0.144910 0.001844 0.160256 0.000024
0.012659 0.425064 0.255513 0.144644 0.001841 0.160256 0.000023
0.012532 0.420556 0.256467 0.145580 0.001873 0.162967 0.000025
0.012547 0.419625 0.256432 0.145466 0.001865 0.164039 0.000025
0.012484 0.419844 0.256447 0.145615 0.001884 0.163703 0.000024
0.012504 0.417107 0.257134 0.145557 0.001909 0.165765 0.000024
0.012547 0.414790 0.257532 0.145982 0.001928 0.167195 0.000026
0.012484 0.415048 0.257451 0.145699 0.001934 0.167357 0.000026
0.012473 0.412243 0.257925 0.146025 0.001946 0.169362 0.000027
0.012471 0.411269 0.258492 0.146204 0.001962 0.169576 0.000025
0.012419 0.410290 0.258284 0.146183 0.001958 0.170841 0.000025
0.012398 0.409919 0.258176 0.146402 0.001964 0.171116 0.000025
0.012352 0.407630 0.259001 0.146531 0.001988 0.172476 0.000022
0.012366 0.404882 0.259978 0.146665 0.001995 0.174091 0.000025
0.012280 0.403365 0.259873 0.146920 0.002009 0.175526 0.000027
0.012248 0.401438 0.259969 0.147069 0.002062 0.177191 0.000023
0.012254 0.400718 0.260539 0.147232 0.001997 0.177233 0.000027
0.012300 0.399187 0.260647 0.147461 0.002034 0.178345 0.000025
0.012133 0.398425 0.260798 0.147356 0.002058 0.179203 0.000027
0.012166 0.395856 0.261249 0.147824 0.002081 0.180797 0.000027
0.012156 0.394329 0.261539 0.147953 0.002107 0.181889 0.000026
0.012082 0.392815 0.261917 0.148246 0.002060 0.182854 0.000025
0.012100 0.391003 0.262128 0.148546 0.002134 0.184060 0.000029
0.011997 0.389621 0.262306 0.148700 0.002134 0.185211 0.000030
0.012437 0.389961 0.261940 0.148072 0.002097 0.185460 0.000033
0.012091 0.389029 0.262425 0.148397 0.002106 0.185923 0.000028
0.012106 0.388064 0.262464 0.148164 0.002132 0.187037 0.000034
0.012232 0.385375 0.262701 0.148731 0.002151 0.188784 0.000026
0.012088 0.383315 0.263033 0.149089 0.002183 0.190268 0.000025
0.011877 0.381379 0.263644 0.148995 0.002179 0.191894 0.000032
0.011997 0.380439 0.263684 0.149166 0.002189 0.192495 0.000030
0.011978 0.379244 0.263718 0.149456 0.002183 0.193397 0.000024
0.012119 0.378560 0.263643 0.149133 0.002217 0.194298 0.000031
0.012058 0.377043 0.264028 0.149692 0.002184 0.194967 0.000028
0.011916 0.374751 0.264409 0.149675 0.002226 0.196988 0.000036
0.012089 0.373679 0.264427 0.149860 0.002256 0.197657 0.000031
0.011867 0.373623 0.264450 0.149585 0.002244 0.198197 0.000035
0.011929 0.371213 0.264619 0.149854 0.002286 0.200068 0.000031
0.012010 0.369927 0.264721 0.149859 0.002253 0.201197 0.000032
0.011990 0.369630 0.264657 0.149859 0.002256 0.201578 0.000029
0.012043 0.367339 0.265029 0.149952 0.002308 0.203301 0.000028
0.011862 0.365511 0.265447 0.150182 0.002299 0.204667 0.000031
0.011880 0.366346 0.265103 0.150177 0.002291 0.204170 0.000034
0.011942 0.363834 0.265298 0.150373 0.002326 0.206194 0.000032
0.011861 0.361139 0.266007 0.150684 0.002334 0.207944 0.000031
0.012004 0.359977 0.265870 0.150807 0.002338 0.208973 0.000033
0.011961 0.359066 0.266157 0.150815 0.002314 0.209651 0.000036
0.011838 0.358306 0.266324 0.150679 0.002375 0.210447 0.000031
0.011814 0.357053 0.265959 0.150965 0.002389 0.211788 0.000033
0.011925 0.354725 0.266596 0.151104 0.002373 0.213245 0.000033
0.011807 0.353656 0.266539 0.151267 0.002404 0.214297 0.000030
0.012057 0.354215 0.266300 0.150639 0.002405 0.214348 0.000036
0.011770 0.351170 0.266513 0.151536 0.002431 0.216547 0.000033
0.011978 0.352754 0.266273 0.151037 0.002404 0.215523 0.000031
0.011972 0.348762 0.267158 0.151364 0.002446 0.218264 0.000033
0.011946 0.346921 0.266926 0.151371 0.002439 0.220366 0.000031
0.011970 0.346924 0.267419 0.151322 0.002438 0.219892 0.000034
0.012019 0.344758 0.267259 0.151642 0.002476 0.221813 0.000032
0.011929 0.343405 0.267321 0.151562 0.002484 0.223264 0.000036
0.011997 0.342916 0.267068 0.151614 0.002496 0.223871 0.000038
0.011927 0.341689 0.267131 0.151534 0.002534 0.225149 0.000037
0.011997 0.341099 0.267302 0.151678 0.002466 0.225423 0.000034
0.011896 0.340015 0.266938 0.151761 0.002519 0.226833 0.000038
0.011837 0.337394 0.267358 0.151914 0.002513 0.228945 0.000038
0.012005 0.336631 0.267709 0.151980 0.002574 0.229066 0.000035
0.011937 0.334553 0.268005 0.151988 0.002565 0.230914 0.000037
0.012139 0.332602 0.268020 0.152387 0.002546 0.232267 0.000040
0.011956 0.332425 0.267974 0.151722 0.002527 0.233354 0.000042
0.011980 0.330870 0.268081 0.152288 0.002585 0.234156 0.000040
0.012018 0.330212 0.268114 0.152087 0.002583 0.234948 0.000038
0.011935 0.330054 0.267976 0.152120 0.002609 0.235255 0.000051
0.011938 0.329488 0.267896 0.152158 0.002608 0.235868 0.000043
0.011981 0.326853 0.268351 0.152158 0.002614 0.238003 0.000040
0.012115 0.326215 0.267684 0.152188 0.002679 0.239078 0.000040
0.011947 0.324650 0.268216 0.152183 0.002647 0.240313 0.000043
0.012005 0.323442 0.268266 0.152136 0.002672 0.241434 0.000046
0.012047 0.322302 0.267989 0.152532 0.002715 0.242372 0.000042
0.012065 0.321259 0.268410 0.152259 0.002684 0.243280 0.000042
0.012039 0.321334 0.268271 0.152251 0.002678 0.243379 0.000048
0.012008 0.317635 0.268675 0.152547 0.002732 0.246361 0.000043
0.012057 0.318093 0.268929 0.152516 0.002734 0.245628 0.000042
0.011953 0.316628 0.268445 0.152296 0.002733 0.247893 0.000052
0.011882 0.315460 0.268695 0.152661 0.002740 0.248513 0.000048
0.012284 0.315798 0.268297 0.152321 0.002733 0.248524 0.000043
0.012133 0.313698 0.268336 0.152718 0.002802 0.250259 0.000054
0.012226 0.311548 0.268268 0.152786 0.002775 0.252350 0.000048
0.012161 0.310188 0.268517 0.152678 0.002796 0.253604 0.000056
0.012182 0.308386 0.268727 0.152781 0.002789 0.255082 0.000054
0.012028 0.308601 0.268725 0.152524 0.002800 0.255270 0.000052
0.012063 0.307592 0.268558 0.152266 0.002797 0.256672 0.000053
0.012153 0.306868 0.268614 0.152543 0.002832 0.256935 0.000054
0.012184 0.306838 0.268274 0.152519 0.002808 0.257326 0.000051
0.012147 0.303867 0.268604 0.152621 0.002827 0.259884 0.000050
0.012305 0.303627 0.268349 0.152445 0.002879 0.260342 0.000052
0.012253 0.302154 0.268586 0.152296 0.002889 0.261768 0.000052
0.012289 0.300604 0.268874 0.152531 0.002833 0.262823 0.000046
0.012331 0.300709 0.268785 0.152280 0.002841 0.262999 0.000055
0.012379 0.298872 0.268674 0.152250 0.002882 0.264893 0.000050
0.012278 0.297958 0.268571 0.152457 0.002892 0.265793 0.000051
0.012379 0.296755 0.268543 0.152254 0.002947 0.267068 0.000054
0.012325 0.295194 0.268458 0.152285 0.002944 0.268739 0.000054
0.012345 0.294510 0.268339 0.152220 0.002913 0.269621 0.000052
0.012392 0.293317 0.268449 0.152423 0.002946 0.270420 0.000052
0.012287 0.292652 0.268251 0.152642 0.002968 0.271148 0.000052
0.012409 0.291902 0.268380 0.152141 0.002980 0.272137 0.000050
0.012332 0.291996 0.267962 0.152202 0.003012 0.272434 0.000062
0.012501 0.289756 0.268073 0.152053 0.002958 0.274608 0.000051
0.012429 0.287917 0.268379 0.152340 0.003034 0.275845 0.000057
0.012327 0.288276 0.268166 0.152093 0.003014 0.276068 0.000057
0.012313 0.286128 0.268428 0.151959 0.003026 0.278091 0.000056
0.012417 0.284635 0.268408 0.152151 0.003089 0.279249 0.000052
0.012568 0.283494 0.268386 0.152034 0.003065 0.280395 0.000058
0.012683 0.283441 0.267833 0.152092 0.003090 0.280804 0.000057
0.012590 0.282338 0.267946 0.152066 0.003061 0.281949 0.000050
0.012629 0.281939 0.267577 0.151892 0.003086 0.282816 0.000060
0.012546 0.280904 0.267675 0.151805 0.003072 0.283943 0.000055
0.012571 0.279649 0.267746 0.151884 0.003118 0.284972 0.000060
0.012676 0.278561 0.267573 0.151636 0.003143 0.286353 0.000058
0.012786 0.278221 0.267352 0.152033 0.003156 0.286394 0.000057
0.012575 0.276866 0.267401 0.151702 0.003133 0.288264 0.000059
0.012795 0.276679 0.267368 0.151313 0.003122 0.288660 0.000063
0.012658 0.275808 0.267426 0.151524 0.003098 0.289426 0.000060
0.012732 0.274544 0.267158 0.151280 0.003125 0.291102 0.000059
0.012628 0.272385 0.267104 0.151435 0.003178 0.293212 0.000058
0.012648 0.271777 0.266977 0.151126 0.003223 0.294186 0.000062
0.012783 0.271572 0.267049 0.151308 0.003211 0.294014 0.000063
0.012814 0.270425 0.266778 0.151248 0.003200 0.295470 0.000064
0.012843 0.269634 0.266874 0.151004 0.003169 0.296418 0.000058
0.012863 0.269406 0.266737 0.150973 0.003188 0.296774 0.000058
0.012937 0.267750 0.266516 0.151001 0.003226 0.298502 0.000068
0.012870 0.266963 0.267254 0.151010 0.003231 0.298609 0.000063
0.012772 0.265165 0.266795 0.151213 0.003242 0.300746 0.000068
0.012785 0.265941 0.266537 0.151006 0.003209 0.300456 0.000065
0.012984 0.263366 0.266280 0.150841 0.003262 0.303205 0.000061
0.012816 0.264173 0.266502 0.150774 0.003268 0.302397 0.000071
0.012972 0.261993 0.265866 0.150956 0.003258 0.304894 0.000060
0.012803 0.261498 0.265894 0.151018 0.003304 0.305411 0.000071
0.013078 0.260090 0.266451 0.150460 0.003293 0.306557 0.000071
0.012911 0.259244 0.266204 0.150530 0.003307 0.307742 0.000062
0.013210 0.258713 0.266038 0.150736 0.003311 0.307925 0.000067
0.012950 0.257334 0.265835 0.150508 0.003317 0.309982 0.000074
0.012971 0.255994 0.265788 0.150388 0.003356 0.311433 0.000069
0.013035 0.255883 0.265565 0.150480 0.003354 0.311613 0.000070
0.013033 0.255088 0.265453 0.150460 0.003326 0.312573 0.000067
0.013190 0.254450 0.265132 0.150106 0.003385 0.313673 0.000064
0.013057 0.254673 0.265236 0.150211 0.003361 0.313397 0.000065
0.013162 0.252007 0.264834 0.150393 0.003383 0.316153 0.000068
0.013369 0.251386 0.265041 0.149935 0.003391 0.316809 0.000069
0.013215 0.251105 0.264410 0.150326 0.003383 0.317491 0.000069
0.013366 0.250182 0.264675 0.150274 0.003381 0.318051 0.000071
0.013309 0.249370 0.264472 0.149787 0.003460 0.319527 0.000074
0.013277 0.249345 0.264381 0.149803 0.003428 0.319692 0.000074
0.013106 0.247551 0.264529 0.149787 0.003432 0.321519 0.000077
0.013394 0.247540 0.264102 0.149593 0.003465 0.321835 0.000072
0.013401 0.245310 0.263815 0.149442 0.003458 0.324503 0.000072
0.013592 0.244535 0.263929 0.149234 0.003483 0.325147 0.000079
0.013279 0.244315 0.263690 0.149441 0.003483 0.325709 0.000083
0.013577 0.243013 0.263547 0.149249 0.003480 0.327057 0.000078
0.013526 0.242455 0.263451 0.148813 0.003433 0.328244 0.000077
0.013412 0.241977 0.263284 0.149030 0.003461 0.328756 0.000079
0.013438 0.241042 0.262813 0.149125 0.003531 0.329967 0.000084
0.013503 0.240207 0.262842 0.148908 0.003451 0.331012 0.000077
0.013594 0.238797 0.262917 0.148888 0.003515 0.332208 0.000080
0.013580 0.238064 0.262377 0.148584 0.003559 0.333753 0.000084
0.013516 0.237238 0.262875 0.148845 0.003481 0.333960 0.000084
0.013641 0.237343 0.262230 0.148769 0.003518 0.334416 0.000083
0.013650 0.235505 0.261994 0.148430 0.003587 0.336747 0.000087
0.013764 0.234545 0.262035 0.148245 0.003560 0.337764 0.000088
0.013835 0.234681 0.261947 0.148322 0.003614 0.337512 0.000089
0.013659 0.234469 0.261726 0.148185 0.003521 0.338353 0.000087
0.013676 0.232280 0.261410 0.148201 0.003586 0.340760 0.000087
0.013876 0.231867 0.261277 0.147761 0.003547 0.341588 0.000084
0.013785 0.231281 0.260840 0.147676 0.003601 0.342735 0.000083
0.013894 0.229758 0.261009 0.147846 0.003598 0.343814 0.000082
0.013960 0.229216 0.260433 0.147931 0.003690 0.344679 0.000091
0.013847 0.229652 0.260789 0.147671 0.003648 0.344305 0.000089
0.013936 0.229204 0.260070 0.147467 0.003656 0.345579 0.000088
0.013976 0.228065 0.259990 0.147292 0.003711 0.346872 0.000094
0.013994 0.227345 0.259657 0.147275 0.003704 0.347928 0.000097
0.013927 0.227171 0.260165 0.147381 0.003677 0.347588 0.000091
0.014106 0.225768 0.259258 0.147056 0.003661 0.350052 0.000100
0.014214 0.224323 0.259210 0.146993 0.003664 0.351496 0.000100
0.014137 0.223503 0.258789 0.147315 0.003682 0.352484 0.000091
0.014061 0.223955 0.259023 0.147197 0.003699 0.351967 0.000099
0.014204 0.222289 0.259010 0.146843 0.003681 0.353873 0.000099
0.014158 0.222446 0.258721 0.147176 0.003659 0.353745 0.000095
0.014278 0.220779 0.258434 0.146663 0.003724 0.356030 0.000092
0.014177 0.220547 0.257879 0.146767 0.003727 0.356802 0.000100
0.014162 0.219153 0.258100 0.146187 0.003733 0.358570 0.000096
0.014323 0.219566 0.257895 0.146110 0.003750 0.358251 0.000106
0.014344 0.218899 0.257885 0.146396 0.003766 0.358609 0.000101
0.014287 0.217503 0.257308 0.146206 0.003771 0.360828 0.000098
0.014237 0.216712 0.256966 0.146048 0.003793 0.362147 0.000097
0.014267 0.215753 0.256936 0.145915 0.003788 0.363250 0.000091
0.014480 0.214837 0.256324 0.146179 0.003827 0.364255 0.000099
0.014467 0.214564 0.256609 0.145584 0.003822 0.364854 0.000099
0.014269 0.213337 0.256787 0.145329 0.003844 0.366333 0.000101
0.014585 0.212885 0.256370 0.145319 0.003843 0.366894 0.000103
0.014351 0.212660 0.256207 0.145175 0.003862 0.367640 0.000105
0.014445 0.212224 0.256042 0.145461 0.003840 0.367882 0.000106
0.014538 0.211141 0.255752 0.145299 0.003837 0.369324 0.000109
0.014538 0.210506 0.255583 0.144884 0.003893 0.370487 0.000109
0.014584 0.209589 0.255315 0.144846 0.003838 0.371724 0.000104
0.014796 0.208334 0.254705 0.144669 0.003930 0.373452 0.000115
0.014619 0.208714 0.254594 0.144470 0.003919 0.373584 0.000100
0.014772 0.208639 0.254609 0.144351 0.003905 0.373622 0.000102
0.014754 0.205956 0.254466 0.144369 0.003904 0.376437 0.000114
0.014928 0.207172 0.254787 0.144119 0.003876 0.375008 0.000110
0.014860 0.206298 0.254270 0.144142 0.003887 0.376436 0.000108
0.014884 0.205419 0.253786 0.143958 0.003908 0.377938 0.000108
0.014941 0.205323 0.253556 0.143869 0.003947 0.378251 0.000113
0.014872 0.204018 0.253098 0.143809 0.003954 0.380141 0.000109
0.014940 0.203977 0.253299 0.143596 0.003910 0.380170 0.000108
0.014850 0.203227 0.253265 0.143683 0.003942 0.380914 0.000119
0.015073 0.202139 0.253161 0.143369 0.003953 0.382193 0.000111
0.014992 0.201499 0.252771 0.143147 0.003978 0.383498 0.000115
0.015141 0.201211 0.252412 0.143138 0.003978 0.384008 0.000112
0.015075 0.200313 0.252104 0.143248 0.003968 0.385179 0.000113
0.015067 0.199819 0.252184 0.143145 0.003981 0.385678 0.000126
0.015111 0.199364 0.251265 0.143004 0.003972 0.387167 0.000118
0.015150 0.198677 0.251698 0.142611 0.003984 0.387759 0.000121
0.015237 0.197502 0.251319 0.142432 0.003973 0.389416 0.000121
0.015152 0.197455 0.251357 0.142402 0.004044 0.389468 0.000122
0.015092 0.197283 0.250860 0.142270 0.004000 0.390375 0.000121
0.015056 0.196357 0.250611 0.142268 0.003982 0.391613 0.000112
0.015173 0.195920 0.250370 0.142184 0.004010 0.392224 0.000119
0.015258 0.194838 0.250422 0.142006 0.004046 0.393311 0.000118
0.015391 0.194034 0.250061 0.141916 0.004019 0.394474 0.000104
0.015422 0.193848 0.250120 0.141605 0.004004 0.394874 0.000128
0.015300 0.192476 0.249393 0.141619 0.004052 0.397042 0.000118
0.015330 0.192603 0.249760 0.141751 0.004048 0.396389 0.000119
0.015487 0.191451 0.249393 0.141114 0.004069 0.398369 0.000117
0.015494 0.190724 0.248887 0.140965 0.004128 0.399680 0.000123
0.015485 0.190726 0.249040 0.140809 0.004109 0.399710 0.000120
0.015667 0.190303 0.248827 0.140691 0.004045 0.400337 0.000129
0.015712 0.188462 0.247992 0.140568 0.004093 0.403045 0.000129
0.015659 0.188967 0.248117 0.140720 0.004059 0.402344 0.000133
0.015681 0.188171 0.247642 0.140213 0.004080 0.404079 0.000134
0.015475 0.188156 0.247619 0.140318 0.004107 0.404190 0.000134
0.015743 0.187466 0.247456 0.139903 0.004145 0.405162 0.000124
0.015683 0.187123 0.246883 0.139871 0.004074 0.406229 0.000136
0.015559 0.187027 0.246865 0.139969 0.004148 0.406304 0.000128
0.015917 0.186236 0.246459 0.139812 0.004145 0.407301 0.000129
0.015751 0.184282 0.246191 0.139473 0.004136 0.410041 0.000125
0.015781 0.184417 0.246050 0.139099 0.004142 0.410378 0.000134
0.015879 0.183786 0.246061 0.138951 0.004134 0.411050 0.000139
0.015786 0.183408 0.245389 0.139084 0.004156 0.412052 0.000125
0.015901 0.181975 0.244887 0.138981 0.004175 0.413941 0.000139
0.016071 0.181903 0.244606 0.138509 0.004221 0.414550 0.000141
0.015976 0.181890 0.245161 0.138398 0.004172 0.414269 0.000135
0.016124 0.181304 0.244373 0.138788 0.004157 0.415116 0.000139
0.015881 0.181413 0.244219 0.138395 0.004163 0.415799 0.000130
0.015903 0.180610 0.244495 0.138454 0.004162 0.416240 0.000136
0.016113 0.180119 0.243895 0.137888 0.004206 0.417643 0.000136
0.016158 0.179192 0.243564 0.137791 0.004206 0.418957 0.000133
0.016287 0.178439 0.243626 0.137430 0.004245 0.419840 0.000133
0.016384 0.177815 0.242595 0.137509 0.004179 0.421383 0.000135
0.016388 0.177165 0.242900 0.137313 0.004190 0.421902 0.000142
0.016488 0.177609 0.242854 0.137355 0.004290 0.421262 0.000141
0.016350 0.177029 0.242384 0.137287 0.004221 0.422589 0.000141
0.016505 0.175873 0.241893 0.137308 0.004279 0.424004 0.000138
0.016585 0.175481 0.241572 0.136960 0.004251 0.425014 0.000137
0.016708 0.175421 0.241049 0.136894 0.004295 0.425491 0.000141
0.016764 0.174695 0.241129 0.136329 0.004250 0.426703 0.000131
0.016697 0.174065 0.240884 0.136214 0.004255 0.427746 0.000139
0.016749 0.173739 0.240654 0.136441 0.004258 0.428020 0.000140
0.016827 0.173176 0.240944 0.136018 0.004238 0.428653 0.000144
0.016861 0.172922 0.240236 0.136182 0.004223 0.429436 0.000141
0.016812 0.172033 0.239683 0.135961 0.004268 0.431090 0.000153
0.016978 0.171392 0.239666 0.135680 0.004296 0.431835 0.000152
0.017007 0.171199 0.239743 0.135700 0.004304 0.431898 0.000150
0.016675 0.171243 0.239243 0.135556 0.004287 0.432848 0.000146
0.017093 0.170145 0.239118 0.135343 0.004310 0.433852 0.000140
0.016994 0.169351 0.238937 0.135277 0.004342 0.434944 0.000156
0.017189 0.169463 0.238786 0.135189 0.004337 0.434893 0.000144
0.017144 0.168635 0.238030 0.135153 0.004350 0.436535 0.000153
0.017177 0.167734 0.237645 0.134777 0.004379 0.438136 0.000152
0.017301 0.167682 0.237261 0.134784 0.004364 0.438462 0.000145
0.017395 0.167249 0.237151 0.134294 0.004356 0.439410 0.000145
0.017275 0.166894 0.236651 0.134585 0.004367 0.440084 0.000145
0.017224 0.165785 0.237072 0.134256 0.004406 0.441102 0.000155
0.017288 0.165746 0.236896 0.134063 0.004407 0.441451 0.000149
0.017429 0.165231 0.236096 0.133910 0.004358 0.442819 0.000157
0.017293 0.164911 0.235690 0.133945 0.004392 0.443614 0.000156
0.017694 0.164778 0.235606 0.133655 0.004396 0.443708 0.000164
0.017521 0.163810 0.235360 0.133433 0.004398 0.445311 0.000167
0.017391 0.163273 0.235270 0.133346 0.004423 0.446119 0.000176
0.017249 0.163094 0.234839 0.133385 0.004374 0.446896 0.000163
0.017368 0.163139 0.234836 0.133238 0.004317 0.446937 0.000166
0.017748 0.163186 0.234562 0.132855 0.004379 0.447104 0.000165
0.017579 0.162281 0.234255 0.132636 0.004352 0.448722 0.000175
0.017543 0.161416 0.233700 0.132518 0.004471 0.450186 0.000167
0.017649 0.161992 0.233746 0.132341 0.004435 0.449676 0.000161
0.017675 0.160577 0.233132 0.132432 0.004437 0.451582 0.000164
0.017697 0.160252 0.232740 0.132361 0.004430 0.452366 0.000154
0.017745 0.159943 0.232602 0.132003 0.004456 0.453093 0.000159
0.017868 0.158957 0.232340 0.131796 0.004444 0.454424 0.000172
0.017861 0.159288 0.232241 0.131661 0.004420 0.454360 0.000169
0.018120 0.158508 0.232139 0.131787 0.004452 0.454830 0.000163
0.017881 0.158043 0.231854 0.131460 0.004394 0.456213 0.000154
0.017941 0.157684 0.231376 0.131344 0.004484 0.457009 0.000162
0.017957 0.157332 0.231243 0.131396 0.004422 0.457488 0.000163
0.018017 0.156787 0.231004 0.131081 0.004495 0.458453 0.000164
0.017988 0.155938 0.230458 0.130873 0.004526 0.460041 0.000176
0.018020 0.155643 0.230795 0.130801 0.004496 0.460077 0.000167
0.018296 0.155649 0.229891 0.130360 0.004509 0.461126 0.000170
0.018273 0.154972 0.229923 0.130536 0.004518 0.461591 0.000187
0.018313 0.154969 0.229617 0.130558 0.004525 0.461826 0.000191
0.018218 0.154641 0.229222 0.129809 0.004479 0.463458 0.000174
0.018155 0.153848 0.229223 0.129685 0.004485 0.464430 0.000174
0.018093 0.153389 0.228751 0.129865 0.004523 0.465204 0.000175
0.018245 0.152691 0.228527 0.129474 0.004561 0.466327 0.000175
0.018450 0.152816 0.227916 0.129459 0.004554 0.466632 0.000172
0.018233 0.151948 0.228269 0.129205 0.004454 0.467719 0.000172
0.018366 0.151844 0.227987 0.129324 0.004525 0.467776 0.000178
0.018456 0.151881 0.227404 0.129128 0.004569 0.468389 0.000174
0.018542 0.150970 0.227494 0.129089 0.004548 0.469168 0.000189
0.018540 0.151085 0.227319 0.128905 0.004555 0.469415 0.000180
0.018583 0.150609 0.226745 0.128672 0.004562 0.470645 0.000184
0.018666 0.149875 0.225898 0.128390 0.004515 0.472454 0.000202
0.018608 0.149151 0.226121 0.128034 0.004557 0.473344 0.000185
0.018569 0.149298 0.225746 0.128153 0.004569 0.473475 0.000191
0.018532 0.148892 0.225491 0.128000 0.004570 0.474315 0.000199
0.018672 0.148090 0.225173 0.127931 0.004561 0.475383 0.000191
0.018715 0.148605 0.225148 0.127886 0.004603 0.474854 0.000189
0.018747 0.147711 0.224380 0.127235 0.004607 0.477129 0.000191
0.018860 0.147332 0.224459 0.127469 0.004641 0.477039 0.000200
0.018791 0.146878 0.224001 0.127203 0.004676 0.478246 0.000206
0.018671 0.146736 0.223859 0.127188 0.004629 0.478727 0.000189
0.018801 0.145821 0.223477 0.126589 0.004568 0.480545 0.000199
0.018987 0.145885 0.223322 0.126905 0.004587 0.480124 0.000190
0.018940 0.145228 0.223329 0.126676 0.004642 0.480987 0.000199
0.019048 0.144975 0.222999 0.126477 0.004654 0.481657 0.000191
0.019340 0.144656 0.222473 0.126297 0.004626 0.482409 0.000199
0.018942 0.144304 0.222532 0.126118 0.004691 0.483227 0.000185
0.019122 0.144096 0.222297 0.125746 0.004594 0.483944 0.000200
0.019072 0.143807 0.221803 0.125588 0.004624 0.484911 0.000196
0.019269 0.143772 0.221471 0.125803 0.004630 0.484849 0.000207
0.019407 0.142474 0.220997 0.125407 0.004686 0.486822 0.000206
0.019501 0.142331 0.221083 0.125313 0.004615 0.486949 0.000209
0.019460 0.142122 0.220174 0.125339 0.004647 0.488055 0.000203
0.019567 0.141516 0.219808 0.125166 0.004618 0.489134 0.000192
0.019586 0.141276 0.219994 0.124669 0.004690 0.489589 0.000196
0.019558 0.140585 0.219522 0.124828 0.004661 0.490637 0.000208
