0.999104 0.000868 0.000022 0.000007 0.000000 0.000000 0.000000
0.998661 0.001295 0.000029 0.000004 0.000000 0.000010 0.000000
0.998197 0.001753 0.000034 0.000006 0.000000 0.000010 0.000000
0.997716 0.002222 0.000037 0.000014 0.000000 0.000010 0.000000
0.997227 0.002701 0.000045 0.000017 0.000000 0.000010 0.000000
0.996742 0.003169 0.000052 0.000026 0.000000 0.000010 0.000000
0.996098 0.003802 0.000059 0.000031 0.000000 0.000010 0.000000
0.995529 0.004358 0.000073 0.000031 0.000000 0.000010 0.000000
0.994644 0.005226 0.000074 0.000047 0.000000 0.000009 0.000000
0.993549 0.006321 0.000075 0.000047 0.000000 0.000008 0.000000
0.992578 0.007268 0.000090 0.000055 0.000000 0.000008 0.000000
0.991150 0.008658 0.000119 0.000065 0.000000 0.000008 0.000000
0.989370 0.010415 0.000127 0.000079 0.000000 0.000009 0.000000
0.987403 0.012350 0.000147 0.000093 0.000000 0.000008 0.000000
0.984899 0.014818 0.000175 0.000101 0.000000 0.000007 0.000000
0.981430 0.018203 0.000227 0.000127 0.000000 0.000012 0.000000
0.977309 0.022234 0.000290 0.000148 0.000000 0.000018 0.000000
0.974509 0.024973 0.000304 0.000197 0.000000 0.000017 0.000000
0.968015 0.031341 0.000391 0.000231 0.000000 0.000022 0.000000
0.962500 0.036722 0.000490 0.000264 0.000000 0.000023 0.000000
0.956704 0.042393 0.000555 0.000320 0.000000 0.000027 0.000000
0.950395 0.048584 0.000640 0.000362 0.000000 0.000019 0.000000
0.942517 0.056267 0.000767 0.000421 0.000000 0.000028 0.000000
0.933759 0.064812 0.000901 0.000497 0.000000 0.000031 0.000000
0.925944 0.072421 0.001004 0.000598 0.000000 0.000034 0.000000
0.915825 0.082256 0.001205 0.000677 0.000000 0.000038 0.000000
0.904912 0.092807 0.001454 0.000786 0.000000 0.000041 0.000000
0.893567 0.103757 0.001716 0.000909 0.000000 0.000051 0.000000
0.878963 0.117921 0.002013 0.001046 0.000000 0.000057 0.000000
0.865903 0.130557 0.002299 0.001178 0.000000 0.000063 0.000000
0.854595 0.141478 0.002556 0.001303 0.000000 0.000068 0.000000
0.840224 0.155387 0.002863 0.001458 0.000000 0.000068 0.000000
0.823911 0.171132 0.003241 0.001636 0.000000 0.000080 0.000000
0.808622 0.185877 0.003595 0.001815 0.000000 0.000091 0.000000
0.793672 0.200289 0.003893 0.002025 0.000000 0.000121 0.000000
0.779166 0.214221 0.004226 0.002247 0.000000 0.000140 0.000000
0.764648 0.228077 0.004647 0.002468 0.000000 0.000160 0.000000
0.749033 0.243072 0.005050 0.002669 0.000000 0.000176 0.000000
0.732566 0.258777 0.005524 0.002950 0.000000 0.000184 0.000000
0.719178 0.271523 0.005916 0.003183 0.000000 0.000201 0.000000
0.700802 0.289004 0.006456 0.003514 0.000000 0.000224 0.000000
0.686037 0.302979 0.006899 0.003838 0.000000 0.000247 0.000000
0.671993 0.316162 0.007434 0.004141 0.000002 0.000269 0.000000
0.660355 0.327048 0.007893 0.004411 0.000002 0.000291 0.000000
0.643192 0.343213 0.008538 0.004734 0.000002 0.000321 0.000000
0.628560 0.356949 0.009092 0.005051 0.000005 0.000344 0.000000
0.617860 0.366888 0.009536 0.005344 0.000006 0.000366 0.000000
0.603391 0.380342 0.010176 0.005686 0.000008 0.000397 0.000000
0.588014 0.394615 0.010857 0.006075 0.000008 0.000431 0.000000
0.573337 0.408116 0.011554 0.006507 0.000007 0.000478 0.000000
0.561806 0.418745 0.012090 0.006835 0.000008 0.000516 0.000000
0.549380 0.430118 0.012785 0.007158 0.000009 0.000549 0.000000
0.538148 0.440297 0.013380 0.007582 0.000009 0.000584 0.000000
0.526464 0.450697 0.014142 0.008065 0.000008 0.000624 0.000000
0.512787 0.463134 0.014906 0.008506 0.000009 0.000659 0.000000
0.504801 0.470013 0.015606 0.008870 0.000011 0.000699 0.000000
0.492310 0.481182 0.016411 0.009326 0.000013 0.000758 0.000000
0.479402 0.492482 0.017409 0.009859 0.000013 0.000836 0.000000
0.472749 0.498323 0.017848 0.010195 0.000014 0.000872 0.000000
0.461767 0.507832 0.018775 0.010664 0.000016 0.000946 0.000000
0.450721 0.517555 0.019577 0.011104 0.000018 0.001024 0.000000
0.440943 0.525766 0.020538 0.011628 0.000019 0.001104 0.000000
0.433391 0.532075 0.021277 0.012079 0.000021 0.001158 0.000000
0.429622 0.534907 0.021794 0.012456 0.000020 0.001200 0.000000
0.417303 0.545399 0.022909 0.013059 0.000022 0.001308 0.000000
0.411200 0.550137 0.023718 0.013527 0.000025 0.001393 0.000000
0.402272 0.557334 0.024768 0.014075 0.000025 0.001527 0.000000
0.397006 0.561356 0.025523 0.014505 0.000025 0.001587 0.000000
0.389304 0.567488 0.026489 0.015018 0.000026 0.001675 0.000000
0.384188 0.571261 0.027355 0.015419 0.000023 0.001754 0.000000
0.378802 0.575645 0.027897 0.015811 0.000024 0.001821 0.000000
0.367872 0.584381 0.029246 0.016501 0.000026 0.001973 0.000000
0.366757 0.584648 0.029711 0.016831 0.000028 0.002024 0.000000
0.360082 0.589566 0.030773 0.017404 0.000029 0.002146 0.000000
0.346506 0.600565 0.032339 0.018261 0.000030 0.002300 0.000000
0.343102 0.602449 0.033242 0.018775 0.000029 0.002403 0.000000
0.335983 0.608175 0.034110 0.019230 0.000029 0.002473 0.000000
0.336155 0.607247 0.034530 0.019503 0.000032 0.002533 0.000000
0.322835 0.617792 0.036161 0.020488 0.000032 0.002692 0.000000
0.320049 0.619326 0.036933 0.020832 0.000035 0.002825 0.000000
0.315377 0.622475 0.037787 0.021357 0.000036 0.002968 0.000000
0.306142 0.629161 0.039271 0.022243 0.000037 0.003146 0.000000
0.302013 0.631898 0.040140 0.022651 0.000038 0.003260 0.000000
0.291351 0.640231 0.041522 0.023391 0.000039 0.003465 0.000000
0.282765 0.646073 0.043117 0.024314 0.000040 0.003691 0.000000
0.279567 0.647776 0.044062 0.024764 0.000040 0.003791 0.000000
0.275292 0.650142 0.045133 0.025397 0.000044 0.003993 0.000000
0.267745 0.655775 0.046288 0.026032 0.000045 0.004116 0.000000
0.259656 0.661064 0.047939 0.026888 0.000045 0.004407 0.000000
0.255428 0.663512 0.049031 0.027442 0.000048 0.004538 0.000000
0.248464 0.667996 0.050494 0.028247 0.000050 0.004750 0.000000
0.246857 0.668102 0.051344 0.028759 0.000051 0.004888 0.000000
0.239173 0.672717 0.053076 0.029819 0.000058 0.005157 0.000000
0.230390 0.678506 0.054858 0.030765 0.000055 0.005425 0.000000
0.221244 0.684531 0.056639 0.031829 0.000060 0.005697 0.000000
0.215810 0.687219 0.058250 0.032669 0.000065 0.005987 0.000000
0.209440 0.691423 0.059433 0.033453 0.000064 0.006185 0.000000
0.208080 0.690806 0.060581 0.034074 0.000064 0.006395 0.000000
0.195175 0.699091 0.063316 0.035527 0.000072 0.006819 0.000000
0.193595 0.699008 0.064231 0.036081 0.000076 0.007010 0.000000
0.186594 0.702713 0.065996 0.037270 0.000080 0.007347 0.000000
0.185142 0.702184 0.067094 0.037892 0.000079 0.007609 0.000000
0.177741 0.706016 0.069055 0.039105 0.000087 0.007996 0.000000
0.173560 0.709087 0.069737 0.039373 0.000087 0.008155 0.000000
0.170129 0.708530 0.072013 0.040609 0.000093 0.008626 0.000000
0.164431 0.711191 0.073717 0.041616 0.000096 0.008949 0.000000
0.161379 0.711573 0.075198 0.042484 0.000104 0.009263 0.000000
0.151597 0.715652 0.078437 0.044285 0.000111 0.009917 0.000000
0.154827 0.712135 0.078576 0.044352 0.000112 0.009998 0.000000
0.153586 0.711945 0.079247 0.044862 0.000118 0.010242 0.000000
0.143282 0.716261 0.082815 0.046741 0.000120 0.010781 0.000000
0.141056 0.716230 0.084033 0.047416 0.000123 0.011143 0.000000
0.144470 0.711752 0.084518 0.047743 0.000123 0.011394 0.000000
0.134522 0.717494 0.086930 0.049089 0.000130 0.011834 0.000000
0.131538 0.717944 0.088394 0.049801 0.000135 0.012187 0.000000
0.129308 0.716623 0.090365 0.050818 0.000140 0.012746 0.000000
0.127601 0.715839 0.091730 0.051581 0.000148 0.013101 0.000000
0.120036 0.719653 0.093751 0.052851 0.000160 0.013550 0.000000
0.121397 0.715990 0.095018 0.053460 0.000152 0.013983 0.000000
0.117045 0.716413 0.097136 0.054626 0.000160 0.014620 0.000000
0.115803 0.716411 0.097694 0.055148 0.000166 0.014778 0.000000
0.114017 0.715670 0.099092 0.055868 0.000175 0.015178 0.000000
0.112783 0.713597 0.100770 0.056967 0.000185 0.015698 0.000000
0.109749 0.713297 0.102628 0.057920 0.000181 0.016225 0.000000
0.108113 0.711612 0.104443 0.058842 0.000189 0.016800 0.000000
0.110837 0.708085 0.104663 0.059192 0.000191 0.017031 0.000000
0.102222 0.711542 0.107388 0.060849 0.000209 0.017790 0.000000
0.102030 0.709593 0.108702 0.061373 0.000215 0.018086 0.000000
0.095207 0.711930 0.110944 0.062895 0.000219 0.018804 0.000000
0.096680 0.709128 0.111507 0.063333 0.000223 0.019129 0.000000
0.094180 0.706490 0.114209 0.064862 0.000232 0.020027 0.000000
0.101086 0.699725 0.114067 0.064703 0.000234 0.020184 0.000000
0.099602 0.697665 0.115899 0.065844 0.000249 0.020741 0.000000
0.103115 0.693530 0.116043 0.065974 0.000249 0.021089 0.000000
0.094875 0.694993 0.119752 0.067979 0.000262 0.022138 0.000000
0.102491 0.688646 0.118770 0.067616 0.000261 0.022215 0.000000
0.102417 0.687724 0.119254 0.067801 0.000272 0.022532 0.000000
0.107233 0.681868 0.119749 0.067947 0.000269 0.022934 0.000000
0.105152 0.680378 0.121642 0.069054 0.000275 0.023499 0.000000
0.098608 0.683367 0.123460 0.070138 0.000288 0.024138 0.000000
0.103422 0.677876 0.123761 0.070191 0.000286 0.024464 0.000000
0.102586 0.676734 0.124623 0.070788 0.000297 0.024971 0.000001
0.095442 0.678491 0.127424 0.072433 0.000308 0.025901 0.000001
0.099791 0.674803 0.127010 0.072058 0.000307 0.026031 0.000001
0.097095 0.672966 0.129268 0.073359 0.000315 0.026996 0.000001
0.091394 0.674877 0.131196 0.074486 0.000332 0.027715 0.000001
0.090426 0.673772 0.132121 0.075179 0.000339 0.028162 0.000001
0.090036 0.673365 0.132518 0.075187 0.000332 0.028561 0.000001
0.085712 0.674114 0.134271 0.076248 0.000342 0.029313 0.000001
0.083145 0.672873 0.136260 0.077273 0.000357 0.030091 0.000001
0.081419 0.671777 0.137617 0.078079 0.000363 0.030744 0.000001
0.077671 0.672180 0.139174 0.079247 0.000368 0.031360 0.000001
0.073436 0.671924 0.141459 0.080531 0.000379 0.032271 0.000001
0.070981 0.671799 0.142783 0.081113 0.000383 0.032939 0.000001
0.066766 0.672306 0.144637 0.082258 0.000395 0.033637 0.000001
0.062936 0.673026 0.146189 0.083108 0.000409 0.034332 0.000001
0.060730 0.672705 0.147509 0.083789 0.000404 0.034863 0.000001
0.058555 0.670502 0.149584 0.085057 0.000421 0.035881 0.000001
0.057116 0.669759 0.150615 0.085514 0.000429 0.036566 0.000002
0.053547 0.668636 0.152944 0.086771 0.000431 0.037671 0.000001
0.051578 0.668629 0.153775 0.087462 0.000448 0.038108 0.000001
0.049095 0.666634 0.156066 0.088626 0.000459 0.039118 0.000001
0.048987 0.665543 0.156577 0.088837 0.000466 0.039588 0.000001
0.043729 0.664972 0.159573 0.090559 0.000477 0.040691 0.000000
0.043492 0.662916 0.160569 0.091058 0.000483 0.041481 0.000000
0.040343 0.661853 0.162648 0.092281 0.000507 0.042368 0.000001
0.040529 0.659928 0.163264 0.092834 0.000507 0.042938 0.000001
0.038893 0.658139 0.165107 0.093562 0.000518 0.043781 0.000001
0.035648 0.655243 0.167854 0.095516 0.000551 0.045185 0.000002
0.034918 0.655398 0.168152 0.095521 0.000534 0.045476 0.000002
0.035142 0.652983 0.169111 0.096036 0.000546 0.046180 0.000002
0.033488 0.650776 0.170938 0.096996 0.000548 0.047252 0.000002
0.032020 0.648544 0.172818 0.098005 0.000572 0.048037 0.000003
0.030868 0.646481 0.174446 0.098656 0.000578 0.048969 0.000003
0.031126 0.644906 0.174617 0.099278 0.000575 0.049496 0.000002
0.030013 0.642251 0.176564 0.100154 0.000598 0.050417 0.000004
0.028620 0.639720 0.178395 0.101160 0.000620 0.051482 0.000003
0.029228 0.638278 0.178569 0.101254 0.000605 0.052062 0.000003
0.027747 0.636465 0.180184 0.102406 0.000629 0.052566 0.000002
0.027170 0.633944 0.181558 0.102967 0.000628 0.053730 0.000003
0.025833 0.631956 0.183231 0.104015 0.000642 0.054320 0.000003
0.025390 0.628186 0.184991 0.104886 0.000653 0.055892 0.000002
0.025619 0.626701 0.185531 0.104994 0.000678 0.056476 0.000002
0.025027 0.623881 0.186894 0.106137 0.000677 0.057382 0.000002
0.024123 0.622473 0.188047 0.106542 0.000697 0.058116 0.000002
0.024249 0.620279 0.188722 0.106977 0.000729 0.059042 0.000002
0.024157 0.618437 0.189471 0.107408 0.000712 0.059812 0.000003
0.023082 0.614832 0.191692 0.108653 0.000735 0.061003 0.000004
0.023256 0.612935 0.192484 0.109044 0.000735 0.061543 0.000003
0.025477 0.611066 0.191982 0.109035 0.000737 0.061699 0.000003
0.029972 0.606638 0.191741 0.108615 0.000754 0.062278 0.000003
0.032394 0.602127 0.192680 0.109086 0.000748 0.062962 0.000004
0.030569 0.597562 0.195231 0.110757 0.000790 0.065089 0.000003
0.031722 0.597628 0.194727 0.110430 0.000758 0.064732 0.000003
0.031759 0.594008 0.196341 0.111179 0.000773 0.065937 0.000004
0.032061 0.591958 0.196850 0.111392 0.000797 0.066939 0.000003
0.032556 0.590188 0.197304 0.111737 0.000802 0.067410 0.000003
0.034432 0.587895 0.197273 0.111705 0.000798 0.067893 0.000005
0.029974 0.588413 0.199274 0.112552 0.000829 0.068952 0.000005
0.028948 0.586558 0.200243 0.113559 0.000839 0.069850 0.000005
0.031392 0.582400 0.200786 0.113784 0.000850 0.070782 0.000005
0.031173 0.580232 0.201776 0.114326 0.000836 0.071652 0.000005
0.028964 0.579281 0.202936 0.115175 0.000853 0.072786 0.000005
0.030529 0.577662 0.202934 0.114864 0.000882 0.073124 0.000005
0.029438 0.576308 0.203870 0.115307 0.000879 0.074194 0.000005
0.027740 0.575572 0.204720 0.116055 0.000889 0.075018 0.000006
0.025846 0.573442 0.206367 0.117029 0.000896 0.076415 0.000006
0.025221 0.572232 0.207182 0.117301 0.000938 0.077119 0.000006
0.024523 0.570407 0.208092 0.118020 0.000951 0.078002 0.000005
0.024714 0.567393 0.209198 0.118568 0.000960 0.079162 0.000005
0.023432 0.566786 0.210005 0.118902 0.000951 0.079919 0.000004
0.022762 0.563965 0.211399 0.119400 0.000978 0.081491 0.000005
0.022203 0.563572 0.211553 0.119980 0.000984 0.081701 0.000005
0.021341 0.561034 0.212873 0.120837 0.000983 0.082926 0.000006
0.021442 0.558502 0.214000 0.121149 0.000987 0.083914 0.000006
0.020540 0.556932 0.214860 0.121690 0.000993 0.084981 0.000005
0.019843 0.554748 0.216276 0.122254 0.001016 0.085857 0.000006
0.019681 0.553350 0.216611 0.122560 0.001019 0.086773 0.000006
0.019617 0.551602 0.217149 0.122837 0.001057 0.087731 0.000006
0.018951 0.548265 0.218878 0.123774 0.001057 0.089068 0.000005
0.019325 0.547207 0.218726 0.124002 0.001076 0.089659 0.000007
0.018167 0.545644 0.220132 0.124368 0.001080 0.090604 0.000005
0.017604 0.541672 0.221691 0.125636 0.001098 0.092291 0.000008
0.018281 0.542502 0.220878 0.125152 0.001099 0.092083 0.000005
0.017412 0.538450 0.222890 0.126321 0.001102 0.093818 0.000007
0.017036 0.536414 0.223720 0.126735 0.001108 0.094981 0.000006
0.017786 0.537011 0.223061 0.126328 0.001111 0.094699 0.000006
0.017240 0.534622 0.224098 0.126792 0.001130 0.096112 0.000006
0.016764 0.531227 0.225265 0.127877 0.001125 0.097735 0.000007
0.016719 0.529082 0.226153 0.128231 0.001150 0.098657 0.000008
0.016627 0.528495 0.226260 0.128375 0.001149 0.099086 0.000006
0.016082 0.525902 0.227513 0.128861 0.001164 0.100471 0.000007
0.016145 0.524267 0.228240 0.129185 0.001197 0.100961 0.000005
0.015965 0.522458 0.228586 0.129504 0.001143 0.102337 0.000007
0.015678 0.519971 0.229721 0.130105 0.001207 0.103312 0.000006
0.015463 0.517656 0.230501 0.130577 0.001213 0.104583 0.000007
0.015404 0.515232 0.231585 0.130964 0.001193 0.105611 0.000011
0.015333 0.513829 0.231791 0.131375 0.001213 0.106453 0.000006
0.015434 0.512596 0.232091 0.131555 0.001238 0.107077 0.000009
0.015022 0.508525 0.233842 0.132363 0.001251 0.108991 0.000007
0.014963 0.508289 0.233531 0.132543 0.001263 0.109404 0.000007
0.014689 0.504139 0.235076 0.133533 0.001281 0.111274 0.000007
0.015005 0.504502 0.234660 0.133044 0.001285 0.111495 0.000008
0.014886 0.502243 0.235563 0.133482 0.001290 0.112528 0.000008
0.014521 0.499939 0.236432 0.134005 0.001318 0.113774 0.000010
0.014629 0.499399 0.236442 0.134050 0.001318 0.114153 0.000008
0.014427 0.498100 0.237016 0.134227 0.001323 0.114897 0.000010
0.014370 0.495501 0.237749 0.134844 0.001340 0.116186 0.000010
0.014376 0.493253 0.238240 0.135352 0.001353 0.117417 0.000009
0.014438 0.491214 0.239084 0.135380 0.001384 0.118492 0.000009
0.014395 0.489781 0.239336 0.135684 0.001389 0.119404 0.000012
0.014268 0.488366 0.239946 0.135793 0.001359 0.120259 0.000010
0.014103 0.485785 0.240543 0.136398 0.001404 0.121755 0.000012
0.014024 0.484857 0.241082 0.136464 0.001390 0.122173 0.000011
0.013942 0.482159 0.241756 0.137116 0.001402 0.123612 0.000013
0.013988 0.480459 0.242112 0.137314 0.001417 0.124697 0.000014
0.013839 0.478069 0.243096 0.137719 0.001453 0.125808 0.000016
0.013692 0.478187 0.242999 0.137601 0.001427 0.126077 0.000017
0.013825 0.475883 0.243463 0.137998 0.001458 0.127357 0.000017
0.013697 0.473690 0.244284 0.138257 0.001462 0.128596 0.000015
0.013597 0.472224 0.244867 0.138616 0.001458 0.129222 0.000015
0.013383 0.469184 0.245559 0.139229 0.001495 0.131131 0.000019
0.013679 0.468786 0.245580 0.139184 0.001518 0.131235 0.000019
0.013523 0.467124 0.245998 0.139372 0.001512 0.132453 0.000019
0.013572 0.465834 0.246260 0.139558 0.001512 0.133248 0.000016
0.013465 0.462891 0.247575 0.139894 0.001525 0.134630 0.000021
0.013342 0.461093 0.247769 0.140097 0.001562 0.136119 0.000018
0.013257 0.459463 0.247801 0.140785 0.001554 0.137120 0.000020
0.013419 0.458211 0.248286 0.140700 0.001547 0.137815 0.000022
0.013158 0.456386 0.249117 0.140910 0.001600 0.138806 0.000023
0.013248 0.453771 0.249596 0.141522 0.001552 0.140288 0.000023
0.013123 0.452488 0.249894 0.141706 0.001579 0.141189 0.000021
0.013242 0.450759 0.250522 0.141814 0.001638 0.141998 0.000026
0.013155 0.448966 0.251161 0.142046 0.001590 0.143055 0.000026
0.012992 0.447669 0.251600 0.142096 0.001598 0.144021 0.000025
0.013111 0.445688 0.251949 0.142421 0.001646 0.145160 0.000024
0.013046 0.445724 0.251861 0.142483 0.001644 0.145216 0.000026
0.013070 0.442701 0.252496 0.142845 0.001644 0.147219 0.000025
0.013076 0.441494 0.252740 0.142939 0.001643 0.148085 0.000023
0.012896 0.438411 0.253671 0.143484 0.001686 0.149826 0.000026
0.012921 0.438544 0.253408 0.143547 0.001657 0.149900 0.000024
0.012765 0.436642 0.253853 0.143715 0.001678 0.151322 0.000026
0.012866 0.435402 0.254312 0.143817 0.001732 0.151847 0.000025
0.012785 0.433557 0.254838 0.144287 0.001714 0.152799 0.000021
0.012807 0.432388 0.254771 0.144450 0.001759 0.153805 0.000021
0.012720 0.430504 0.255564 0.144497 0.001748 0.154946 0.000021
0.012774 0.428597 0.255350 0.144794 0.001751 0.156713 0.000021
0.012752 0.427306 0.255802 0.145105 0.001754 0.157256 0.000023
0.012629 0.426004 0.256283 0.144900 0.001813 0.158343 0.000028
0.012682 0.424457 0.256264 0.145198 0.001792 0.159584 0.000023
0.012523 0.422846 0.256682 0.145438 0.001825 0.160662 0.000024
0.012690 0.420539 0.257300 0.145636 0.001836 0.161973 0.000025
0.012627 0.419968 0.257346 0.145748 0.001837 0.162451 0.000023
0.012584 0.418650 0.257510 0.145840 0.001850 0.163540 0.000026
0.012579 0.415862 0.258222 0.146324 0.001885 0.165100 0.000028
0.012534 0.414751 0.258431 0.146251 0.001888 0.166120 0.000025
0.012524 0.412584 0.259004 0.146542 0.001892 0.167426 0.000027
0.012498 0.411509 0.259150 0.146667 0.001917 0.168229 0.000030
0.012419 0.409972 0.259435 0.146985 0.001949 0.169215 0.000024
0.012487 0.408577 0.259766 0.146884 0.001938 0.170321 0.000026
0.012484 0.408647 0.259328 0.146989 0.001960 0.170564 0.000029
0.019112 0.403508 0.258125 0.146245 0.001990 0.170994 0.000027
0.025408 0.400298 0.256310 0.145315 0.001969 0.170674 0.000027
0.024019 0.399899 0.256714 0.145596 0.001929 0.171814 0.000030
0.025792 0.397974 0.256366 0.145285 0.002000 0.172555 0.000028
0.025591 0.396238 0.256981 0.145529 0.001998 0.173633 0.000031
0.023666 0.395649 0.257720 0.145821 0.001961 0.175157 0.000027
0.025356 0.394263 0.257329 0.145616 0.001979 0.175431 0.000026
0.025421 0.393273 0.257463 0.145576 0.002005 0.176237 0.000025
0.026440 0.391591 0.256957 0.145504 0.002027 0.177455 0.000026
0.021625 0.391336 0.258822 0.146573 0.002035 0.179580 0.000029
0.022676 0.391197 0.258345 0.146092 0.002046 0.179614 0.000029
0.023480 0.390705 0.257979 0.146037 0.002077 0.179696 0.000026
0.022190 0.388767 0.258461 0.146463 0.002058 0.182036 0.000026
0.020872 0.388498 0.259273 0.146526 0.002067 0.182734 0.000030
0.021539 0.387063 0.259286 0.146530 0.002086 0.183469 0.000026
0.019882 0.385836 0.259871 0.147214 0.002100 0.185070 0.000027
0.019096 0.383258 0.260663 0.147343 0.002123 0.187488 0.000029
0.019068 0.383390 0.260114 0.147623 0.002133 0.187643 0.000029
0.018973 0.381484 0.260626 0.147551 0.002184 0.189154 0.000028
0.018851 0.381177 0.260393 0.147519 0.002120 0.189910 0.000031
0.019349 0.381467 0.260416 0.147110 0.002164 0.189464 0.000031
0.019060 0.379052 0.260403 0.147692 0.002125 0.191635 0.000033
0.015884 0.377754 0.262365 0.148349 0.002160 0.193462 0.000027
0.016372 0.376726 0.262111 0.148444 0.002199 0.194117 0.000032
0.016441 0.375071 0.262375 0.148482 0.002177 0.195418 0.000037
0.016187 0.375543 0.262095 0.148493 0.002199 0.195448 0.000035
0.014641 0.371476 0.263816 0.149089 0.002245 0.198700 0.000032
0.014554 0.370507 0.263628 0.149602 0.002243 0.199429 0.000036
0.014171 0.369273 0.264202 0.149529 0.002240 0.200552 0.000033
0.014697 0.369227 0.263629 0.149515 0.002234 0.200661 0.000037
0.014390 0.367438 0.264034 0.149297 0.002246 0.202556 0.000040
0.014222 0.366473 0.263959 0.149780 0.002286 0.203246 0.000035
0.013973 0.364631 0.264547 0.150016 0.002246 0.204550 0.000037
0.013414 0.363387 0.265181 0.150016 0.002268 0.205697 0.000037
0.013356 0.361216 0.265106 0.150581 0.002292 0.207412 0.000038
0.012790 0.359411 0.266168 0.150696 0.002326 0.208574 0.000035
0.012950 0.359043 0.265924 0.150489 0.002289 0.209264 0.000039
0.013280 0.358451 0.265487 0.150257 0.002318 0.210172 0.000035
0.012625 0.355229 0.266697 0.151032 0.002331 0.212049 0.000038
0.012929 0.355689 0.266202 0.150425 0.002336 0.212382 0.000037
0.012899 0.351507 0.266846 0.150938 0.002392 0.215378 0.000040
0.012994 0.353385 0.266289 0.150609 0.002364 0.214321 0.000038
0.012419 0.350794 0.266935 0.151132 0.002375 0.216307 0.000037
0.012913 0.350575 0.266185 0.150691 0.002390 0.217205 0.000041
0.012807 0.349870 0.266467 0.150741 0.002382 0.217695 0.000038
0.013375 0.350753 0.265732 0.150332 0.002418 0.217346 0.000045
0.012766 0.346454 0.266863 0.151124 0.002446 0.220309 0.000039
0.012463 0.344201 0.267753 0.151553 0.002448 0.221538 0.000043
0.012720 0.343574 0.267330 0.151251 0.002439 0.222648 0.000037
0.012637 0.341876 0.267635 0.151485 0.002478 0.223855 0.000034
0.012665 0.341005 0.267617 0.151417 0.002456 0.224802 0.000038
0.012505 0.339505 0.268226 0.151593 0.002491 0.225640 0.000040
0.012209 0.337159 0.268593 0.152061 0.002491 0.227446 0.000041
0.012548 0.337963 0.267890 0.151859 0.002484 0.227216 0.000042
0.012591 0.335974 0.268638 0.151554 0.002518 0.228686 0.000039
0.012333 0.334581 0.268079 0.151900 0.002563 0.230505 0.000040
0.012453 0.333874 0.268302 0.151797 0.002592 0.230942 0.000040
0.012093 0.331613 0.268998 0.152419 0.002512 0.232325 0.000039
0.012132 0.330166 0.269012 0.152246 0.002574 0.233825 0.000045
0.012255 0.330756 0.268192 0.152204 0.002577 0.233971 0.000046
0.012498 0.329495 0.268401 0.152168 0.002538 0.234856 0.000044
0.012053 0.325943 0.269303 0.152636 0.002613 0.237406 0.000046
0.012297 0.326275 0.268977 0.151993 0.002634 0.237783 0.000041
0.012391 0.326092 0.268748 0.151983 0.002618 0.238127 0.000041
0.012271 0.322833 0.269373 0.152696 0.002621 0.240163 0.000043
0.012478 0.323264 0.268958 0.152242 0.002617 0.240395 0.000046
0.012355 0.320669 0.269285 0.152367 0.002619 0.242662 0.000043
0.012338 0.320058 0.269238 0.152119 0.002684 0.243515 0.000048
0.012416 0.318786 0.269290 0.152457 0.002691 0.244319 0.000041
0.012179 0.317741 0.269533 0.152645 0.002679 0.245176 0.000046
0.012268 0.315926 0.269540 0.152455 0.002719 0.247050 0.000043
0.012240 0.315123 0.269460 0.152561 0.002734 0.247836 0.000047
0.012256 0.315181 0.269364 0.152512 0.002673 0.247966 0.000048
0.012398 0.313280 0.269265 0.152416 0.002773 0.249821 0.000047
0.012325 0.311988 0.269023 0.152304 0.002748 0.251568 0.000044
0.012312 0.312275 0.268689 0.152400 0.002739 0.251541 0.000045
0.012408 0.311080 0.269077 0.152231 0.002742 0.252418 0.000044
0.012309 0.309200 0.269248 0.152612 0.002771 0.253813 0.000048
0.012456 0.308793 0.269128 0.152409 0.002751 0.254419 0.000045
0.012464 0.305946 0.269316 0.152242 0.002820 0.257166 0.000046
0.012262 0.304950 0.269671 0.152393 0.002834 0.257845 0.000046
0.012378 0.303853 0.269611 0.152409 0.002803 0.258900 0.000046
0.012385 0.302675 0.269299 0.152429 0.002842 0.260319 0.000049
0.012490 0.302630 0.269256 0.152251 0.002854 0.260472 0.000047
0.012453 0.300640 0.269121 0.152398 0.002827 0.262509 0.000050
0.012391 0.301048 0.268869 0.152058 0.002871 0.262719 0.000044
0.012611 0.298858 0.269197 0.152022 0.002846 0.264418 0.000047
0.012486 0.297243 0.269477 0.152085 0.002874 0.265786 0.000049
0.012473 0.296799 0.269177 0.151849 0.002903 0.266744 0.000055
0.012578 0.295639 0.269042 0.152134 0.002927 0.267633 0.000047
0.012399 0.294313 0.269344 0.152222 0.002882 0.268786 0.000055
0.012591 0.293356 0.269005 0.152192 0.002876 0.269928 0.000052
0.012454 0.292177 0.269231 0.152057 0.002924 0.271109 0.000048
0.012654 0.292547 0.268860 0.152095 0.002885 0.270911 0.000048
0.012444 0.290652 0.269008 0.151973 0.002936 0.272935 0.000052
0.012601 0.289454 0.268946 0.151929 0.002940 0.274078 0.000051
0.012708 0.289259 0.268910 0.152116 0.002906 0.274051 0.000049
0.012521 0.287512 0.268935 0.152069 0.002936 0.275974 0.000051
0.012609 0.286851 0.268684 0.152117 0.002943 0.276742 0.000053
0.012574 0.286133 0.268469 0.152210 0.002945 0.277612 0.000057
0.012664 0.284250 0.268930 0.152102 0.002990 0.279009 0.000056
0.012677 0.283108 0.268977 0.151995 0.002962 0.280223 0.000057
0.012680 0.282298 0.268943 0.151741 0.002963 0.281316 0.000058
0.012811 0.282546 0.268350 0.151867 0.002995 0.281373 0.000058
0.012832 0.280176 0.268473 0.151892 0.003043 0.283524 0.000060
0.012741 0.278828 0.268834 0.151629 0.003052 0.284852 0.000064
0.012757 0.279869 0.268150 0.152003 0.003039 0.284116 0.000066
0.012852 0.277143 0.268650 0.151552 0.003098 0.286642 0.000062
0.012749 0.277319 0.268218 0.151656 0.003053 0.286948 0.000057
0.012876 0.275214 0.267663 0.151850 0.003030 0.289304 0.000063
0.012586 0.274720 0.268225 0.151729 0.003106 0.289568 0.000066
0.012739 0.274848 0.267724 0.151357 0.003070 0.290195 0.000067
0.012885 0.273787 0.267698 0.151202 0.003081 0.291286 0.000062
0.012864 0.272892 0.267597 0.151373 0.003081 0.292127 0.000065
0.012851 0.270164 0.267559 0.151335 0.003126 0.294900 0.000066
0.012875 0.270656 0.267393 0.151251 0.003093 0.294665 0.000066
0.012975 0.269016 0.266886 0.151495 0.003162 0.296408 0.000059
0.012932 0.267623 0.267130 0.150934 0.003168 0.298143 0.000071
0.013018 0.267149 0.267058 0.151117 0.003207 0.298389 0.000064
0.013030 0.266914 0.266426 0.151006 0.003154 0.299407 0.000064
0.012854 0.266350 0.266546 0.150937 0.003165 0.300078 0.000071
0.021524 0.264842 0.264005 0.149433 0.003142 0.296985 0.000068
0.026167 0.263043 0.262117 0.148347 0.003105 0.297158 0.000063
0.026856 0.263588 0.261693 0.148080 0.003111 0.296606 0.000067
0.032405 0.261895 0.259143 0.146788 0.003109 0.296594 0.000066
0.030573 0.262037 0.259316 0.147063 0.003136 0.297808 0.000066
0.028530 0.261504 0.260044 0.147119 0.003158 0.299578 0.000067
0.025500 0.260913 0.260939 0.147555 0.003208 0.301818 0.000068
0.024492 0.260593 0.261030 0.147834 0.003143 0.302833 0.000074
0.025558 0.260408 0.260597 0.147582 0.003185 0.302596 0.000073
0.025284 0.260212 0.259743 0.147275 0.003224 0.304186 0.000077
0.025256 0.259490 0.259878 0.147163 0.003180 0.304956 0.000077
0.023212 0.258946 0.260477 0.147584 0.003204 0.306503 0.000072
0.024778 0.260121 0.259122 0.146980 0.003191 0.305740 0.000069
0.023600 0.259213 0.259510 0.147171 0.003262 0.307170 0.000074
0.020586 0.257206 0.260604 0.147920 0.003241 0.310366 0.000077
0.021356 0.257600 0.259538 0.147468 0.003260 0.310705 0.000074
0.021077 0.258130 0.259663 0.147281 0.003268 0.310500 0.000080
0.020207 0.257109 0.260146 0.147388 0.003256 0.311814 0.000081
0.018722 0.255311 0.260593 0.147597 0.003307 0.314398 0.000073
0.019673 0.255502 0.259986 0.147386 0.003293 0.314083 0.000076
0.019572 0.253805 0.259685 0.147258 0.003304 0.316297 0.000078
0.018385 0.253574 0.260022 0.147507 0.003293 0.317139 0.000081
0.017266 0.251851 0.260643 0.147643 0.003291 0.319220 0.000085
0.017184 0.251117 0.260411 0.147649 0.003328 0.320227 0.000085
0.016712 0.249780 0.260739 0.147610 0.003357 0.321724 0.000079
0.017248 0.250390 0.260012 0.147323 0.003353 0.321593 0.000080
0.016674 0.249636 0.259846 0.147664 0.003357 0.322744 0.000079
0.015759 0.246324 0.260685 0.147720 0.003422 0.326011 0.000079
0.015966 0.246734 0.260311 0.147856 0.003400 0.325652 0.000081
0.016358 0.247075 0.260073 0.147139 0.003419 0.325852 0.000085
0.015066 0.244083 0.261243 0.147880 0.003420 0.328223 0.000086
0.015676 0.244267 0.259957 0.147640 0.003442 0.328932 0.000086
0.015691 0.244934 0.259783 0.147324 0.003426 0.328759 0.000083
0.014965 0.241824 0.260331 0.147853 0.003419 0.331521 0.000087
0.014728 0.239964 0.260659 0.147791 0.003456 0.333315 0.000088
0.015037 0.240541 0.259689 0.147476 0.003466 0.333706 0.000086
0.014773 0.239369 0.260114 0.147384 0.003494 0.334785 0.000082
0.014938 0.239423 0.259781 0.147115 0.003476 0.335174 0.000094
0.015187 0.239943 0.259280 0.146900 0.003437 0.335159 0.000093
0.014737 0.236576 0.259495 0.147197 0.003492 0.338413 0.000090
0.014602 0.236952 0.259886 0.147150 0.003513 0.337804 0.000093
0.014363 0.234071 0.260326 0.147812 0.003545 0.339790 0.000092
0.014742 0.234680 0.259464 0.146808 0.003529 0.340685 0.000092
0.014465 0.232310 0.259371 0.147169 0.003612 0.342980 0.000093
0.014893 0.233570 0.258572 0.146643 0.003523 0.342704 0.000095
0.014204 0.230974 0.259391 0.147183 0.003546 0.344609 0.000094
0.014494 0.230330 0.258694 0.146702 0.003562 0.346120 0.000097
0.014573 0.230954 0.258689 0.146599 0.003613 0.345470 0.000102
0.014488 0.229630 0.258607 0.146452 0.003602 0.347123 0.000098
0.014534 0.228258 0.258357 0.146665 0.003591 0.348503 0.000090
0.014406 0.227872 0.258392 0.146217 0.003595 0.349422 0.000095
0.014232 0.228182 0.258307 0.146561 0.003564 0.349064 0.000090
0.014403 0.225372 0.258128 0.146443 0.003661 0.351896 0.000096
0.014724 0.226820 0.257202 0.145981 0.003560 0.351621 0.000093
0.014353 0.223370 0.258111 0.146532 0.003655 0.353877 0.000102
0.014446 0.225180 0.257628 0.145976 0.003596 0.353077 0.000097
0.014573 0.223871 0.257352 0.146012 0.003688 0.354407 0.000098
0.014472 0.223439 0.257231 0.145709 0.003670 0.355387 0.000091
0.014479 0.221571 0.257059 0.145587 0.003706 0.357497 0.000100
0.014705 0.222441 0.256338 0.145465 0.003645 0.357305 0.000102
0.014556 0.220661 0.256401 0.145781 0.003685 0.358813 0.000102
0.014358 0.219631 0.256303 0.145390 0.003681 0.360537 0.000100
0.014302 0.218459 0.256283 0.145300 0.003720 0.361838 0.000098
0.014416 0.217391 0.256463 0.145593 0.003691 0.362348 0.000097
0.014488 0.216367 0.256083 0.145356 0.003668 0.363937 0.000100
0.014647 0.218096 0.255407 0.145029 0.003708 0.363020 0.000094
0.014488 0.215578 0.255849 0.144938 0.003781 0.365263 0.000102
0.014474 0.215375 0.255672 0.144828 0.003708 0.365836 0.000106
0.014772 0.215457 0.255392 0.144832 0.003720 0.365725 0.000102
0.014445 0.214585 0.255350 0.144790 0.003770 0.366958 0.000102
0.014565 0.213659 0.254945 0.144988 0.003744 0.368002 0.000096
0.014476 0.212386 0.254613 0.144514 0.003761 0.370144 0.000106
0.014597 0.211133 0.254223 0.144200 0.003817 0.371923 0.000107
0.014722 0.212160 0.254183 0.144054 0.003821 0.370960 0.000101
0.014658 0.209861 0.254046 0.144062 0.003848 0.373414 0.000111
0.014662 0.209877 0.254305 0.144034 0.003777 0.373238 0.000108
0.014781 0.207707 0.253898 0.143735 0.003808 0.375960 0.000112
0.015064 0.209346 0.253309 0.143415 0.003788 0.374969 0.000110
0.014659 0.206983 0.253655 0.143809 0.003789 0.376999 0.000106
0.014757 0.207641 0.253677 0.143843 0.003809 0.376167 0.000107
0.014778 0.205722 0.252908 0.143475 0.003833 0.379178 0.000105
0.014707 0.206684 0.252708 0.143044 0.003761 0.378985 0.000112
0.014815 0.205002 0.252641 0.143165 0.003836 0.380435 0.000107
0.014923 0.205624 0.252155 0.142649 0.003855 0.380681 0.000114
0.014948 0.203187 0.252471 0.143126 0.003798 0.382361 0.000109
0.014714 0.201826 0.252238 0.143116 0.003832 0.384152 0.000123
0.015077 0.203304 0.251233 0.142499 0.003869 0.383903 0.000115
0.014916 0.200438 0.251874 0.142857 0.003863 0.385925 0.000126
0.014878 0.201178 0.251820 0.142839 0.003840 0.385326 0.000118
0.015042 0.201064 0.251043 0.142220 0.003827 0.386687 0.000117
0.015081 0.199415 0.250712 0.142391 0.003898 0.388387 0.000116
0.015216 0.199737 0.250717 0.142003 0.003878 0.388329 0.000121
0.015017 0.199341 0.250179 0.142179 0.003921 0.389247 0.000115
0.015086 0.198001 0.249975 0.141660 0.003814 0.391351 0.000112
0.015277 0.197288 0.249725 0.141731 0.003930 0.391924 0.000125
0.015233 0.197097 0.249729 0.141806 0.003880 0.392133 0.000122
0.015385 0.195881 0.249065 0.141910 0.003946 0.393693 0.000121
0.015540 0.196068 0.249159 0.141625 0.003905 0.393582 0.000120
0.015239 0.196211 0.248945 0.141345 0.003889 0.394246 0.000126
0.015299 0.193649 0.248864 0.141525 0.003922 0.396615 0.000127
0.015212 0.192709 0.248981 0.141325 0.003930 0.397722 0.000121
0.015249 0.192197 0.248497 0.141077 0.003911 0.398940 0.000128
0.015300 0.191867 0.248316 0.140867 0.003932 0.399589 0.000128
0.015428 0.192870 0.247916 0.140881 0.003900 0.398879 0.000127
0.015455 0.191422 0.247638 0.140811 0.003969 0.400573 0.000132
0.015371 0.190093 0.247854 0.140850 0.003913 0.401789 0.000130
0.015609 0.191238 0.247332 0.140066 0.003917 0.401708 0.000129
0.015730 0.190456 0.246539 0.140067 0.004015 0.403065 0.000129
0.015713 0.187715 0.247014 0.140599 0.003989 0.404840 0.000130
0.015457 0.188859 0.246645 0.139945 0.003961 0.405019 0.000115
0.015723 0.187849 0.246260 0.139733 0.003970 0.406331 0.000133
0.015708 0.187628 0.246385 0.139485 0.003945 0.406715 0.000134
0.015552 0.187792 0.245770 0.139698 0.004005 0.407051 0.000133
0.015919 0.186752 0.245867 0.139452 0.003965 0.407913 0.000132
0.015698 0.185707 0.245575 0.139513 0.003989 0.409390 0.000129
0.015982 0.185225 0.245042 0.139390 0.004060 0.410177 0.000125
0.015917 0.185099 0.245349 0.138759 0.003980 0.410768 0.000128
0.015838 0.184219 0.244238 0.138852 0.004026 0.412690 0.000137
0.015953 0.184079 0.244471 0.138758 0.004048 0.412554 0.000136
0.015903 0.183002 0.244421 0.138815 0.003988 0.413746 0.000125
0.015958 0.183017 0.244098 0.138394 0.004028 0.414368 0.000137
0.015979 0.182815 0.243777 0.138268 0.004070 0.414953 0.000138
0.016003 0.181639 0.243458 0.138410 0.004022 0.416333 0.000135
0.016070 0.180714 0.243557 0.138138 0.004061 0.417324 0.000136
0.016007 0.179744 0.242957 0.138002 0.004061 0.419101 0.000128
0.016099 0.180112 0.242829 0.137761 0.004040 0.419021 0.000138
0.016137 0.180734 0.242294 0.137396 0.004075 0.419222 0.000141
0.016301 0.179275 0.242259 0.137279 0.004110 0.420642 0.000134
0.016171 0.179769 0.241968 0.137618 0.004107 0.420226 0.000140
0.016034 0.177850 0.241668 0.137138 0.004111 0.423062 0.000136
0.016104 0.178183 0.241510 0.137023 0.004155 0.422877 0.000149
0.016248 0.176391 0.241400 0.136707 0.004132 0.424980 0.000141
0.016129 0.177964 0.241081 0.136507 0.004156 0.424028 0.000135
0.016415 0.175558 0.240865 0.136469 0.004157 0.426393 0.000144
0.016444 0.175695 0.240882 0.136265 0.004121 0.426455 0.000136
0.016335 0.175152 0.239857 0.136051 0.004173 0.428289 0.000143
0.016617 0.173851 0.239792 0.135908 0.004180 0.429509 0.000144
0.016487 0.174991 0.239020 0.136018 0.004164 0.429179 0.000142
0.016602 0.173376 0.239118 0.135825 0.004160 0.430782 0.000138
0.016461 0.174187 0.239129 0.135298 0.004208 0.430570 0.000148
0.016434 0.172466 0.239010 0.135541 0.004221 0.432186 0.000142
0.016843 0.171628 0.238373 0.135090 0.004165 0.433759 0.000142
0.016669 0.170418 0.238436 0.135100 0.004208 0.435021 0.000148
0.016770 0.171340 0.238256 0.134899 0.004169 0.434430 0.000135
0.016807 0.170078 0.237705 0.134410 0.004224 0.436630 0.000147
0.016821 0.170839 0.237291 0.134861 0.004207 0.435836 0.000145
0.016961 0.168860 0.237212 0.134568 0.004198 0.438047 0.000154
0.016832 0.169478 0.237327 0.134631 0.004166 0.437415 0.000152
0.017127 0.167866 0.237010 0.134289 0.004223 0.439330 0.000156
0.016875 0.168240 0.236752 0.134099 0.004286 0.439602 0.000146
0.017094 0.167554 0.236482 0.133767 0.004232 0.440726 0.000145
0.017266 0.167847 0.236050 0.133552 0.004254 0.440884 0.000148
0.017244 0.166443 0.235644 0.134075 0.004265 0.442185 0.000146
0.017343 0.166508 0.235570 0.133622 0.004304 0.442498 0.000155
0.017460 0.165363 0.235316 0.133215 0.004309 0.444182 0.000155
0.017378 0.165236 0.235393 0.133252 0.004315 0.444275 0.000150
0.017494 0.165154 0.234522 0.133106 0.004284 0.445275 0.000164
0.017354 0.164545 0.234352 0.132978 0.004272 0.446343 0.000157
0.017485 0.163541 0.233935 0.132880 0.004229 0.447772 0.000158
0.017591 0.164137 0.234076 0.133066 0.004293 0.446678 0.000159
0.017523 0.163473 0.233709 0.132610 0.004308 0.448219 0.000158
0.017594 0.161357 0.233055 0.132349 0.004283 0.451204 0.000159
0.017639 0.160681 0.233545 0.132238 0.004320 0.451409 0.000167
0.017868 0.161761 0.232677 0.132254 0.004310 0.450961 0.000170
0.017799 0.161627 0.232886 0.132044 0.004326 0.451162 0.000156
0.017518 0.161245 0.232429 0.132024 0.004323 0.452302 0.000160
0.017570 0.159909 0.232428 0.131755 0.004345 0.453824 0.000170
0.017739 0.159438 0.231861 0.131528 0.004306 0.454973 0.000155
0.017772 0.159303 0.231929 0.131349 0.004383 0.455102 0.000161
0.017767 0.159475 0.231388 0.131115 0.004317 0.455775 0.000162
0.017888 0.158201 0.231290 0.130911 0.004351 0.457195 0.000163
0.017886 0.158378 0.231057 0.130601 0.004337 0.457580 0.000161
0.017935 0.157809 0.230137 0.130687 0.004338 0.458926 0.000168
0.017752 0.156584 0.230561 0.130603 0.004291 0.460044 0.000167
0.018016 0.156172 0.229721 0.130140 0.004364 0.461415 0.000172
0.018048 0.156551 0.229734 0.130170 0.004285 0.461050 0.000162
0.018041 0.155702 0.229425 0.130008 0.004396 0.462261 0.000167
0.018179 0.155574 0.229072 0.129989 0.004288 0.462728 0.000170
0.017922 0.155332 0.228983 0.129760 0.004342 0.463496 0.000164
0.018138 0.155181 0.228666 0.129674 0.004375 0.463803 0.000164
0.018165 0.154715 0.228355 0.129660 0.004403 0.464530 0.000172
0.018141 0.153516 0.227969 0.129435 0.004421 0.466347 0.000172
0.018348 0.154228 0.228116 0.129258 0.004393 0.465492 0.000165
0.018268 0.153787 0.227857 0.129188 0.004426 0.466299 0.000176
0.018223 0.153222 0.227898 0.128951 0.004391 0.467140 0.000175
0.018326 0.151985 0.226874 0.128659 0.004404 0.469584 0.000168
0.018429 0.152967 0.226682 0.128724 0.004458 0.468569 0.000171
0.018410 0.151443 0.226627 0.128420 0.004434 0.470497 0.000169
0.018528 0.151707 0.225746 0.128231 0.004437 0.471188 0.000163
0.018588 0.151208 0.226046 0.128149 0.004405 0.471443 0.000161
0.018466 0.150678 0.225867 0.127894 0.004480 0.472454 0.000161
0.018542 0.150901 0.225435 0.128152 0.004466 0.472332 0.000172
0.018521 0.148910 0.225301 0.127867 0.004526 0.474697 0.000178
0.018633 0.148763 0.225211 0.127789 0.004448 0.474988 0.000168
0.018873 0.148526 0.224388 0.127464 0.004547 0.476023 0.000179
0.018628 0.148558 0.224404 0.127275 0.004463 0.476498 0.000175
0.019191 0.147648 0.223822 0.126902 0.004484 0.477779 0.000175
0.019127 0.147417 0.223449 0.126820 0.004518 0.478496 0.000172
0.018877 0.147611 0.223884 0.126655 0.004561 0.478229 0.000183
0.018906 0.147730 0.223102 0.126473 0.004532 0.479075 0.000183
0.019098 0.146145 0.222655 0.126081 0.004538 0.481303 0.000180
0.019129 0.146831 0.223040 0.126467 0.004506 0.479850 0.000178
0.018890 0.145382 0.222100 0.126372 0.004568 0.482513 0.000174
0.019192 0.144996 0.222127 0.125765 0.004512 0.483240 0.000167
0.019208 0.145207 0.221959 0.125863 0.004550 0.483032 0.000181
0.019287 0.144972 0.221425 0.125600 0.004556 0.483973 0.000188
0.019359 0.144551 0.221214 0.125583 0.004517 0.484591 0.000184
0.019136 0.144394 0.221562 0.125320 0.004516 0.484872 0.000200
0.019271 0.143589 0.220743 0.125261 0.004562 0.486382 0.000191
0.019585 0.144215 0.220203 0.125156 0.004578 0.486078 0.000184
0.019658 0.143146 0.220298 0.125072 0.004558 0.487087 0.000181
0.019729 0.142411 0.219643 0.124505 0.004566 0.488964 0.000182
