0.999112 0.000859 0.000021 0.000009 0.000000 0.000000 0.000000
0.998689 0.001265 0.000027 0.000004 0.000001 0.000013 0.000000
0.998244 0.001705 0.000029 0.000006 0.000000 0.000015 0.000000
0.997781 0.002157 0.000038 0.000009 0.000000 0.000016 0.000000
0.997301 0.002630 0.000042 0.000011 0.000000 0.000016 0.000000
0.996755 0.003170 0.000046 0.000014 0.000000 0.000016 0.000000
0.996226 0.003687 0.000054 0.000017 0.000000 0.000017 0.000000
0.995315 0.004592 0.000054 0.000024 0.000000 0.000016 0.000000
0.994635 0.005262 0.000057 0.000031 0.000000 0.000015 0.000000
0.993750 0.006141 0.000064 0.000032 0.000000 0.000014 0.000000
0.992201 0.007646 0.000091 0.000049 0.000000 0.000013 0.000000
0.991035 0.008790 0.000107 0.000056 0.000000 0.000012 0.000000
0.988911 0.010884 0.000113 0.000082 0.000000 0.000010 0.000000
0.986490 0.013264 0.000140 0.000097 0.000000 0.000009 0.000000
0.983842 0.015901 0.000150 0.000096 0.000003 0.000008 0.000000
0.980531 0.019145 0.000190 0.000124 0.000002 0.000008 0.000000
0.976167 0.023418 0.000248 0.000157 0.000004 0.000006 0.000000
0.971375 0.028088 0.000320 0.000208 0.000003 0.000005 0.000000
0.966547 0.032806 0.000391 0.000247 0.000004 0.000006 0.000000
0.960136 0.039053 0.000516 0.000285 0.000003 0.000006 0.000000
0.952790 0.046203 0.000626 0.000368 0.000005 0.000008 0.000000
0.946966 0.051915 0.000682 0.000423 0.000003 0.000011 0.000000
0.937942 0.060730 0.000818 0.000491 0.000004 0.000015 0.000000
0.930301 0.068166 0.000946 0.000561 0.000004 0.000023 0.000000
0.918465 0.079732 0.001112 0.000657 0.000007 0.000027 0.000000
0.907904 0.090091 0.001244 0.000726 0.000007 0.000028 0.000000
0.898569 0.099167 0.001416 0.000813 0.000006 0.000029 0.000000
0.886411 0.110975 0.001616 0.000959 0.000007 0.000032 0.000000
0.872429 0.124591 0.001858 0.001080 0.000006 0.000035 0.000000
0.860471 0.136159 0.002073 0.001249 0.000006 0.000042 0.000000
0.848035 0.148220 0.002298 0.001399 0.000006 0.000041 0.000000
0.832414 0.163419 0.002573 0.001543 0.000007 0.000044 0.000000
0.817366 0.177951 0.002876 0.001746 0.000005 0.000056 0.000000
0.804508 0.190397 0.003123 0.001902 0.000005 0.000066 0.000000
0.787798 0.206470 0.003515 0.002126 0.000004 0.000087 0.000000
0.773225 0.220500 0.003832 0.002343 0.000004 0.000096 0.000000
0.757427 0.235718 0.004182 0.002558 0.000003 0.000111 0.000000
0.742619 0.249876 0.004548 0.002819 0.000003 0.000135 0.000000
0.726989 0.264728 0.005033 0.003096 0.000003 0.000151 0.000000
0.709774 0.281123 0.005509 0.003417 0.000003 0.000173 0.000000
0.694397 0.295826 0.005961 0.003614 0.000003 0.000200 0.000000
0.678622 0.310776 0.006478 0.003889 0.000004 0.000231 0.000000
0.662785 0.325750 0.006992 0.004202 0.000004 0.000266 0.000000
0.646978 0.340684 0.007547 0.004491 0.000005 0.000294 0.000000
0.633450 0.353326 0.008070 0.004817 0.000006 0.000331 0.000000
0.619467 0.366362 0.008643 0.005171 0.000005 0.000351 0.000000
0.603100 0.381652 0.009294 0.005560 0.000006 0.000388 0.000000
0.590243 0.393559 0.009940 0.005832 0.000005 0.000422 0.000000
0.575303 0.407496 0.010622 0.006119 0.000006 0.000453 0.000000
0.560814 0.420870 0.011311 0.006509 0.000007 0.000489 0.000000
0.547411 0.433178 0.011967 0.006918 0.000006 0.000520 0.000000
0.533378 0.446001 0.012750 0.007302 0.000007 0.000562 0.000000
0.518826 0.459380 0.013460 0.007712 0.000006 0.000617 0.000000
0.503990 0.472730 0.014311 0.008273 0.000006 0.000690 0.000000
0.493758 0.481786 0.015059 0.008685 0.000007 0.000705 0.000000
0.479823 0.494120 0.016034 0.009255 0.000006 0.000762 0.000000
0.470562 0.502123 0.016776 0.009724 0.000008 0.000806 0.000000
0.458116 0.513159 0.017641 0.010208 0.000009 0.000867 0.000000
0.449530 0.520538 0.018394 0.010619 0.000009 0.000910 0.000000
0.435662 0.532715 0.019416 0.011220 0.000012 0.000975 0.000000
0.424428 0.542336 0.020424 0.011740 0.000016 0.001055 0.000000
0.417778 0.547792 0.021205 0.012113 0.000015 0.001097 0.000000
0.407072 0.556904 0.022186 0.012646 0.000017 0.001176 0.000000
0.396294 0.565756 0.023340 0.013309 0.000021 0.001280 0.000000
0.388358 0.572321 0.024132 0.013820 0.000021 0.001347 0.000000
0.380788 0.578251 0.025100 0.014404 0.000023 0.001436 0.000000
0.375316 0.582426 0.025885 0.014828 0.000024 0.001521 0.000000
0.368260 0.587859 0.026873 0.015368 0.000025 0.001615 0.000000
0.356006 0.597941 0.028209 0.016088 0.000026 0.001731 0.000000
0.352253 0.600393 0.028993 0.016516 0.000026 0.001817 0.000000
0.343701 0.606967 0.030236 0.017143 0.000026 0.001927 0.000000
0.337315 0.611596 0.031301 0.017708 0.000029 0.002051 0.000000
0.326212 0.620391 0.032696 0.018493 0.000030 0.002178 0.000000
0.321405 0.623797 0.033507 0.018997 0.000030 0.002264 0.000000
0.316416 0.627207 0.034372 0.019580 0.000031 0.002394 0.000000
0.303082 0.637854 0.035983 0.020479 0.000035 0.002567 0.000000
0.294866 0.644233 0.037018 0.021115 0.000035 0.002734 0.000000
0.294444 0.643341 0.037836 0.021462 0.000034 0.002883 0.000000
0.284337 0.650799 0.039430 0.022344 0.000039 0.003051 0.000000
0.273837 0.658736 0.040914 0.023192 0.000039 0.003282 0.000000
0.266624 0.663570 0.042258 0.024043 0.000042 0.003463 0.000000
0.261939 0.666581 0.043316 0.024554 0.000039 0.003572 0.000000
0.250622 0.674704 0.045164 0.025636 0.000043 0.003832 0.000000
0.246346 0.677262 0.046135 0.026250 0.000045 0.003962 0.000000
0.240854 0.680414 0.047470 0.027056 0.000047 0.004158 0.000000
0.236229 0.682376 0.049015 0.027963 0.000052 0.004365 0.000000
0.231436 0.685178 0.050148 0.028571 0.000051 0.004615 0.000000
0.225324 0.688794 0.051634 0.029410 0.000052 0.004787 0.000000
0.219391 0.691906 0.053172 0.030369 0.000060 0.005101 0.000000
0.218801 0.690389 0.054396 0.031017 0.000059 0.005337 0.000000
0.211941 0.695205 0.055626 0.031625 0.000063 0.005540 0.000000
0.213107 0.691334 0.057158 0.032524 0.000064 0.005813 0.000000
0.201091 0.699814 0.059251 0.033624 0.000069 0.006152 0.000000
0.202807 0.696209 0.060285 0.034294 0.000068 0.006337 0.000000
0.201219 0.695341 0.061676 0.035042 0.000078 0.006644 0.000000
0.201008 0.694378 0.062343 0.035419 0.000075 0.006778 0.000000
0.201157 0.691994 0.063554 0.036148 0.000076 0.007071 0.000000
0.201422 0.690678 0.064102 0.036498 0.000078 0.007221 0.000000
0.198120 0.690647 0.066078 0.037462 0.000082 0.007611 0.000000
0.202730 0.685764 0.066146 0.037600 0.000083 0.007677 0.000000
0.197426 0.686304 0.068896 0.039062 0.000090 0.008223 0.000000
0.198641 0.684511 0.069139 0.039255 0.000097 0.008357 0.000000
0.196016 0.684888 0.070469 0.039874 0.000100 0.008654 0.000000
0.192648 0.685693 0.071815 0.040766 0.000105 0.008973 0.000000
0.194294 0.683060 0.072361 0.040966 0.000099 0.009219 0.000000
0.193246 0.682161 0.073491 0.041560 0.000113 0.009430 0.000000
0.184924 0.687165 0.075400 0.042579 0.000114 0.009818 0.000000
0.190434 0.682305 0.074858 0.042423 0.000118 0.009863 0.000000
0.184009 0.683931 0.077477 0.043984 0.000120 0.010479 0.000000
0.182030 0.684624 0.078189 0.044322 0.000127 0.010707 0.000000
0.173154 0.689953 0.080204 0.045403 0.000134 0.011152 0.000000
0.169956 0.690159 0.081792 0.046458 0.000133 0.011503 0.000000
0.164103 0.693190 0.083364 0.047308 0.000136 0.011900 0.000000
0.163979 0.692251 0.083888 0.047685 0.000139 0.012059 0.000000
0.155764 0.696134 0.086395 0.048964 0.000147 0.012597 0.000000
0.153129 0.696420 0.087598 0.049732 0.000150 0.012971 0.000000
0.149121 0.697670 0.089136 0.050589 0.000148 0.013335 0.000000
0.145596 0.697414 0.091228 0.051758 0.000158 0.013845 0.000000
0.147027 0.695361 0.091433 0.051939 0.000159 0.014080 0.000000
0.149191 0.690961 0.092562 0.052610 0.000171 0.014505 0.000000
0.141002 0.694253 0.095269 0.054172 0.000177 0.015128 0.000000
0.142051 0.693017 0.095400 0.054171 0.000177 0.015184 0.000000
0.143085 0.688110 0.097402 0.055329 0.000188 0.015886 0.000000
0.138813 0.689858 0.098726 0.056147 0.000193 0.016263 0.000001
0.141967 0.685317 0.099442 0.056422 0.000195 0.016657 0.000000
0.132187 0.689234 0.102690 0.058209 0.000209 0.017470 0.000001
0.138433 0.683402 0.102342 0.058059 0.000209 0.017554 0.000001
0.136479 0.682534 0.103871 0.058902 0.000212 0.018002 0.000001
0.132278 0.683671 0.105414 0.059826 0.000222 0.018588 0.000001
0.135379 0.679265 0.105965 0.060190 0.000224 0.018977 0.000000
0.126977 0.683343 0.108508 0.061369 0.000242 0.019559 0.000001
0.129989 0.680142 0.108648 0.061316 0.000240 0.019665 0.000001
0.125502 0.680290 0.110693 0.062830 0.000242 0.020442 0.000001
0.127255 0.678776 0.110561 0.062673 0.000242 0.020493 0.000001
0.121902 0.680638 0.112427 0.063646 0.000254 0.021132 0.000001
0.116590 0.681223 0.114817 0.065087 0.000279 0.022002 0.000001
0.113727 0.681396 0.116409 0.065793 0.000268 0.022407 0.000001
0.112824 0.680758 0.117027 0.066310 0.000273 0.022808 0.000000
0.105635 0.683672 0.119227 0.067596 0.000280 0.023589 0.000001
0.101716 0.685006 0.120648 0.068246 0.000292 0.024091 0.000001
0.095608 0.684889 0.123631 0.070326 0.000300 0.025245 0.000000
0.094041 0.684091 0.125074 0.070751 0.000314 0.025728 0.000001
0.094506 0.682010 0.125813 0.071290 0.000331 0.026050 0.000001
0.092628 0.681867 0.126641 0.071869 0.000330 0.026664 0.000001
0.087214 0.682421 0.129218 0.073240 0.000334 0.027571 0.000001
0.084097 0.683015 0.130443 0.074027 0.000332 0.028085 0.000001
0.082504 0.681083 0.132106 0.075190 0.000343 0.028774 0.000002
0.076828 0.682822 0.134323 0.076143 0.000361 0.029522 0.000001
0.075550 0.682103 0.135334 0.076704 0.000374 0.029934 0.000001
0.073562 0.678490 0.138019 0.078426 0.000372 0.031129 0.000002
0.069599 0.678637 0.140012 0.079435 0.000391 0.031925 0.000001
0.066095 0.679259 0.141382 0.080333 0.000393 0.032535 0.000003
0.062844 0.678407 0.143543 0.081385 0.000393 0.033424 0.000002
0.060918 0.677632 0.144863 0.082125 0.000400 0.034061 0.000002
0.058992 0.675933 0.146458 0.083116 0.000422 0.035076 0.000003
0.055805 0.675955 0.148127 0.084086 0.000445 0.035580 0.000002
0.052826 0.675475 0.150004 0.085036 0.000426 0.036229 0.000003
0.049171 0.673488 0.152802 0.086617 0.000450 0.037468 0.000003
0.049557 0.673634 0.152283 0.086543 0.000453 0.037529 0.000003
0.046949 0.671062 0.154923 0.087852 0.000473 0.038735 0.000005
0.044182 0.669161 0.157230 0.089285 0.000474 0.039663 0.000004
0.042952 0.665915 0.159267 0.090574 0.000484 0.040803 0.000004
0.043274 0.665009 0.159477 0.090649 0.000488 0.041101 0.000003
0.039911 0.664964 0.161096 0.091515 0.000509 0.042003 0.000003
0.038997 0.663313 0.162305 0.092252 0.000522 0.042607 0.000003
0.038686 0.662698 0.162783 0.092406 0.000518 0.042904 0.000004
0.035469 0.658156 0.166520 0.094428 0.000542 0.044881 0.000004
0.035295 0.657456 0.166572 0.094886 0.000556 0.045231 0.000003
0.033514 0.653700 0.169550 0.096261 0.000549 0.046421 0.000004
0.033803 0.653286 0.169401 0.096250 0.000559 0.046695 0.000005
0.032902 0.651404 0.170688 0.097043 0.000577 0.047382 0.000004
0.031131 0.647682 0.173130 0.098493 0.000596 0.048964 0.000004
0.030424 0.645693 0.174513 0.099126 0.000599 0.049639 0.000005
0.029762 0.642888 0.175855 0.100158 0.000606 0.050723 0.000007
0.029761 0.642609 0.176224 0.100074 0.000605 0.050719 0.000008
0.029151 0.639253 0.177875 0.101137 0.000633 0.051945 0.000006
0.028543 0.638422 0.178517 0.101451 0.000642 0.052418 0.000006
0.028101 0.635105 0.180067 0.102544 0.000666 0.053512 0.000005
0.027204 0.631971 0.181950 0.103466 0.000664 0.054738 0.000007
0.026703 0.630714 0.182631 0.103963 0.000674 0.055310 0.000006
0.026605 0.628901 0.183496 0.104384 0.000664 0.055942 0.000007
0.025497 0.625039 0.185681 0.105694 0.000685 0.057399 0.000006
0.025134 0.622325 0.186968 0.106509 0.000698 0.058360 0.000006
0.025026 0.621983 0.187272 0.106437 0.000701 0.058573 0.000008
0.025027 0.620803 0.187698 0.106700 0.000711 0.059052 0.000009
0.023916 0.617014 0.189861 0.107981 0.000744 0.060477 0.000008
0.023770 0.613036 0.191552 0.109143 0.000755 0.061735 0.000010
0.023823 0.612560 0.191476 0.109141 0.000763 0.062229 0.000008
0.023601 0.610578 0.192498 0.109696 0.000750 0.062868 0.000009
0.023347 0.608872 0.193430 0.110053 0.000776 0.063511 0.000010
0.022893 0.606624 0.194241 0.110876 0.000774 0.064582 0.000009
0.022747 0.604535 0.195603 0.111175 0.000791 0.065136 0.000013
0.026976 0.598009 0.195986 0.111830 0.000816 0.066372 0.000010
0.028301 0.594876 0.196935 0.112000 0.000802 0.067076 0.000009
0.031691 0.592582 0.196134 0.111717 0.000828 0.067038 0.000010
0.029500 0.591162 0.197757 0.112556 0.000835 0.068181 0.000010
0.031347 0.587296 0.198408 0.112957 0.000833 0.069150 0.000009
0.032500 0.584913 0.199052 0.113287 0.000836 0.069403 0.000009
0.033483 0.582592 0.199313 0.113480 0.000864 0.070257 0.000010
0.032956 0.579181 0.200509 0.114383 0.000870 0.072090 0.000011
0.032415 0.580054 0.200376 0.114368 0.000861 0.071916 0.000010
0.033347 0.575933 0.201636 0.115223 0.000887 0.072963 0.000011
0.030842 0.575670 0.202984 0.115681 0.000892 0.073921 0.000010
0.031067 0.572271 0.203981 0.116602 0.000899 0.075172 0.000009
0.032007 0.572030 0.203603 0.116020 0.000887 0.075441 0.000011
0.028245 0.571367 0.205329 0.117555 0.000900 0.076593 0.000011
0.027621 0.569142 0.206988 0.117838 0.000916 0.077483 0.000011
0.030195 0.566640 0.206434 0.117743 0.000908 0.078069 0.000012
0.025452 0.566191 0.208801 0.118984 0.000939 0.079621 0.000013
0.024883 0.564540 0.209517 0.119710 0.000925 0.080414 0.000011
0.025609 0.562158 0.210064 0.119914 0.000947 0.081297 0.000012
0.024260 0.558759 0.211951 0.121095 0.000972 0.082952 0.000011
0.024742 0.557060 0.212613 0.121197 0.000962 0.083415 0.000011
0.023395 0.556607 0.213214 0.121610 0.000967 0.084193 0.000013
0.023295 0.554883 0.213613 0.122040 0.000971 0.085185 0.000011
0.024263 0.554119 0.213325 0.121780 0.000986 0.085517 0.000010
0.021796 0.552086 0.215351 0.122902 0.001003 0.086852 0.000010
0.020959 0.548799 0.216904 0.123898 0.001039 0.088392 0.000010
0.020920 0.547270 0.217831 0.124086 0.001040 0.088842 0.000011
0.020356 0.545855 0.218484 0.124466 0.001031 0.089796 0.000011
0.020297 0.542902 0.219518 0.125206 0.001047 0.091016 0.000013
0.019525 0.541972 0.219856 0.125713 0.001064 0.091858 0.000012
0.024636 0.537263 0.219572 0.125315 0.001079 0.092123 0.000012
0.027923 0.534031 0.219023 0.124946 0.001074 0.092992 0.000012
0.026297 0.532995 0.220416 0.125632 0.001085 0.093564 0.000011
0.027671 0.528499 0.221416 0.126232 0.001107 0.095060 0.000014
0.030054 0.525241 0.221689 0.126124 0.001095 0.095781 0.000016
0.030702 0.525195 0.220973 0.126120 0.001102 0.095894 0.000014
0.030367 0.523286 0.221953 0.126461 0.001125 0.096795 0.000014
0.029460 0.521432 0.222910 0.126944 0.001134 0.098109 0.000012
0.030616 0.519086 0.223063 0.127171 0.001132 0.098918 0.000014
0.030136 0.518666 0.223320 0.127304 0.001129 0.099432 0.000011
0.029064 0.515991 0.224629 0.127920 0.001162 0.101222 0.000012
0.028969 0.513152 0.225790 0.128606 0.001155 0.102315 0.000013
0.028896 0.514462 0.224948 0.128102 0.001192 0.102387 0.000013
0.029316 0.513335 0.224876 0.128339 0.001171 0.102952 0.000011
0.024235 0.512363 0.227453 0.129733 0.001198 0.105005 0.000013
0.023286 0.509513 0.228716 0.130437 0.001194 0.106838 0.000015
0.024527 0.508179 0.228684 0.130275 0.001220 0.107102 0.000013
0.023784 0.506482 0.229451 0.130776 0.001228 0.108264 0.000015
0.023325 0.505354 0.229921 0.131003 0.001228 0.109154 0.000015
0.022893 0.504103 0.230284 0.131385 0.001256 0.110062 0.000016
0.023161 0.503334 0.230410 0.131393 0.001245 0.110443 0.000013
0.021563 0.501913 0.231784 0.131939 0.001224 0.111561 0.000015
0.019995 0.499027 0.233182 0.133058 0.001285 0.113440 0.000013
0.020001 0.499197 0.232969 0.132926 0.001285 0.113608 0.000014
0.018240 0.495337 0.235063 0.134060 0.001329 0.115955 0.000017
0.018019 0.494084 0.235660 0.134235 0.001350 0.116636 0.000015
0.018830 0.492504 0.235693 0.134214 0.001316 0.117428 0.000016
0.017871 0.489495 0.237021 0.135071 0.001373 0.119154 0.000015
0.017603 0.488757 0.237492 0.134831 0.001360 0.119938 0.000018
0.016945 0.486108 0.238479 0.135785 0.001364 0.121301 0.000019
0.017748 0.486851 0.237659 0.135374 0.001356 0.120997 0.000015
0.016670 0.482755 0.239569 0.136411 0.001394 0.123182 0.000018
0.017022 0.481639 0.239788 0.136442 0.001396 0.123695 0.000017
0.016902 0.480725 0.239948 0.136779 0.001417 0.124214 0.000016
0.016704 0.477403 0.240893 0.137282 0.001417 0.126286 0.000015
0.016378 0.475788 0.241543 0.137600 0.001447 0.127224 0.000019
0.016316 0.475958 0.241745 0.137614 0.001460 0.126892 0.000015
0.016093 0.472434 0.242567 0.138404 0.001452 0.129033 0.000017
0.015655 0.470356 0.243539 0.138611 0.001466 0.130355 0.000018
0.015659 0.470375 0.243474 0.138595 0.001480 0.130402 0.000016
0.015344 0.467684 0.244178 0.139129 0.001497 0.132151 0.000017
0.015770 0.467640 0.244107 0.138768 0.001500 0.132199 0.000017
0.015627 0.463315 0.245438 0.139397 0.001550 0.134653 0.000020
0.015231 0.461696 0.245925 0.140026 0.001549 0.135558 0.000015
0.015491 0.459248 0.246377 0.140443 0.001572 0.136848 0.000021
0.015031 0.458814 0.246899 0.140461 0.001560 0.137217 0.000018
0.014905 0.456178 0.247480 0.140936 0.001588 0.138895 0.000019
0.014704 0.455483 0.247947 0.140941 0.001571 0.139336 0.000018
0.014608 0.452181 0.248906 0.141613 0.001614 0.141061 0.000017
0.014836 0.451368 0.248769 0.141524 0.001611 0.141870 0.000022
0.014642 0.450408 0.248916 0.141635 0.001638 0.142742 0.000019
0.014582 0.449196 0.249324 0.141973 0.001645 0.143257 0.000023
0.014668 0.448093 0.249550 0.142036 0.001641 0.143988 0.000024
0.014497 0.444210 0.250644 0.142619 0.001654 0.146355 0.000020
0.014358 0.442257 0.251184 0.142882 0.001669 0.147629 0.000021
0.014563 0.440158 0.251972 0.143162 0.001651 0.148474 0.000020
0.014458 0.439098 0.252168 0.143297 0.001706 0.149251 0.000020
0.014271 0.438128 0.252218 0.143598 0.001690 0.150076 0.000020
0.014159 0.434955 0.253075 0.143868 0.001741 0.152180 0.000022
0.014334 0.433570 0.253185 0.144149 0.001716 0.153021 0.000024
0.014440 0.434454 0.252980 0.143618 0.001690 0.152796 0.000022
0.014318 0.430536 0.253885 0.144578 0.001725 0.154937 0.000022
0.014117 0.429522 0.254293 0.144772 0.001739 0.155536 0.000021
0.014060 0.427517 0.254675 0.144980 0.001748 0.156995 0.000024
0.014329 0.427603 0.254426 0.144523 0.001759 0.157341 0.000019
0.014293 0.425718 0.254791 0.144871 0.001803 0.158503 0.000022
0.014053 0.424847 0.254934 0.145086 0.001790 0.159266 0.000023
0.014025 0.424231 0.255001 0.145147 0.001790 0.159784 0.000022
0.014032 0.421672 0.255764 0.145463 0.001814 0.161235 0.000020
0.013908 0.418796 0.256221 0.146000 0.001824 0.163232 0.000020
0.013733 0.417121 0.256860 0.146373 0.001819 0.164072 0.000023
0.013931 0.415930 0.256675 0.146427 0.001852 0.165159 0.000026
0.013884 0.413410 0.257237 0.146805 0.001859 0.166778 0.000026
0.013913 0.413022 0.257637 0.146614 0.001885 0.166902 0.000026
0.013756 0.411984 0.257393 0.146891 0.001869 0.168082 0.000025
0.013977 0.408998 0.257984 0.147229 0.001896 0.169889 0.000026
0.013935 0.409142 0.258079 0.147072 0.001893 0.169856 0.000024
0.013869 0.405430 0.258833 0.147836 0.001913 0.172093 0.000027
0.013887 0.405712 0.259015 0.147354 0.001900 0.172106 0.000027
0.014107 0.403598 0.258984 0.147602 0.001938 0.173745 0.000025
0.013858 0.402268 0.259653 0.147940 0.001972 0.174284 0.000026
0.013700 0.400677 0.259758 0.148190 0.001974 0.175679 0.000022
0.013704 0.398884 0.260026 0.148224 0.001974 0.177163 0.000024
0.013881 0.397370 0.260464 0.148372 0.002006 0.177882 0.000024
0.013709 0.395675 0.260801 0.148416 0.002021 0.179353 0.000024
0.013693 0.395042 0.260936 0.148863 0.002038 0.179399 0.000030
0.013865 0.395111 0.260567 0.148444 0.002039 0.179947 0.000026
0.013703 0.391858 0.261366 0.148740 0.002022 0.182285 0.000025
0.013656 0.389067 0.262017 0.149468 0.002082 0.183680 0.000030
0.013733 0.389158 0.261683 0.149226 0.002070 0.184102 0.000027
0.013810 0.387745 0.261964 0.149258 0.002095 0.185103 0.000025
0.013614 0.387223 0.262190 0.148915 0.002106 0.185925 0.000027
0.013601 0.385210 0.263029 0.149327 0.002104 0.186701 0.000027
0.013699 0.383243 0.262912 0.149543 0.002120 0.188456 0.000028
0.013695 0.382051 0.263014 0.149692 0.002131 0.189388 0.000028
0.013503 0.380568 0.263439 0.149676 0.002137 0.190647 0.000029
0.013627 0.376751 0.263809 0.150270 0.002162 0.193349 0.000032
0.013920 0.378550 0.263448 0.149986 0.002118 0.191949 0.000030
0.013639 0.376212 0.264100 0.149960 0.002163 0.193889 0.000038
0.013805 0.375711 0.264037 0.150285 0.002171 0.193961 0.000030
0.013650 0.374266 0.264345 0.150350 0.002179 0.195179 0.000030
0.013636 0.372183 0.264489 0.150572 0.002220 0.196868 0.000032
0.013781 0.371600 0.264398 0.150475 0.002215 0.197499 0.000031
0.013596 0.369362 0.264881 0.150725 0.002208 0.199197 0.000030
0.013709 0.368429 0.264871 0.150870 0.002214 0.199877 0.000029
0.013740 0.366143 0.265063 0.150970 0.002221 0.201829 0.000034
0.013767 0.366559 0.265039 0.150650 0.002229 0.201725 0.000032
0.013506 0.363785 0.265798 0.151079 0.002253 0.203545 0.000033
0.013753 0.363083 0.265570 0.151192 0.002269 0.204101 0.000033
0.013688 0.361328 0.265675 0.151231 0.002265 0.205783 0.000030
0.013686 0.359796 0.266296 0.151021 0.002300 0.206867 0.000034
0.013671 0.358229 0.266262 0.151014 0.002306 0.208484 0.000034
0.013624 0.358159 0.266082 0.151339 0.002321 0.208441 0.000034
0.013780 0.356222 0.266246 0.151349 0.002329 0.210036 0.000038
0.013610 0.354965 0.266521 0.151600 0.002330 0.210939 0.000036
0.013600 0.353771 0.266638 0.151348 0.002384 0.212226 0.000034
0.013712 0.351975 0.267076 0.151530 0.002346 0.213323 0.000038
0.013577 0.350646 0.267076 0.151616 0.002350 0.214698 0.000036
0.013533 0.350158 0.266890 0.151849 0.002360 0.215171 0.000040
0.013649 0.348226 0.267035 0.152039 0.002385 0.216631 0.000035
0.013830 0.347039 0.267018 0.151645 0.002384 0.218045 0.000039
0.013763 0.347140 0.267115 0.151582 0.002402 0.217963 0.000036
0.013694 0.345189 0.267476 0.151808 0.002422 0.219370 0.000041
0.013687 0.343027 0.267827 0.152131 0.002409 0.220878 0.000041
0.013754 0.341984 0.267216 0.152297 0.002471 0.222239 0.000038
0.013721 0.340503 0.267480 0.152232 0.002490 0.223535 0.000040
0.013805 0.339891 0.267717 0.152195 0.002439 0.223916 0.000037
0.015682 0.338504 0.266932 0.151957 0.002460 0.224425 0.000041
0.026971 0.335470 0.263273 0.149744 0.002445 0.222061 0.000036
0.028843 0.332319 0.262847 0.149644 0.002471 0.223838 0.000038
0.028587 0.332372 0.262692 0.149624 0.002477 0.224205 0.000042
0.034326 0.332443 0.260357 0.148423 0.002455 0.221952 0.000044
0.027331 0.332066 0.262972 0.149705 0.002462 0.225425 0.000040
0.028213 0.330787 0.262717 0.149436 0.002488 0.226313 0.000045
0.026756 0.331096 0.263220 0.149393 0.002492 0.227007 0.000035
0.025496 0.328868 0.263463 0.149738 0.002515 0.229877 0.000042
0.027617 0.328493 0.262571 0.149319 0.002523 0.229438 0.000040
0.025876 0.329414 0.262627 0.149549 0.002509 0.229981 0.000043
0.025671 0.328252 0.262612 0.149563 0.002496 0.231361 0.000045
0.025138 0.327354 0.262821 0.149373 0.002517 0.232756 0.000041
0.023145 0.325752 0.263866 0.150054 0.002570 0.234572 0.000042
0.020626 0.325294 0.264494 0.150571 0.002541 0.236433 0.000041
0.021974 0.323456 0.264425 0.149957 0.002604 0.237537 0.000047
0.023922 0.325127 0.262330 0.149153 0.002580 0.236847 0.000041
0.020833 0.322844 0.264346 0.150191 0.002604 0.239133 0.000049
0.020994 0.323203 0.264062 0.149980 0.002563 0.239154 0.000044
0.019313 0.321079 0.264814 0.150441 0.002642 0.241664 0.000046
0.020385 0.320541 0.263921 0.150187 0.002660 0.242263 0.000044
0.018284 0.319159 0.265213 0.150639 0.002661 0.244001 0.000043
0.018486 0.318804 0.265204 0.150407 0.002646 0.244408 0.000045
0.018332 0.318438 0.264808 0.150454 0.002704 0.245216 0.000047
0.017374 0.314957 0.265746 0.150961 0.002699 0.248210 0.000051
0.017861 0.316459 0.265223 0.150501 0.002706 0.247203 0.000047
0.017183 0.313129 0.265927 0.150983 0.002732 0.249996 0.000049
0.016089 0.311304 0.266640 0.151447 0.002725 0.251745 0.000051
0.017104 0.313220 0.265514 0.150465 0.002730 0.250918 0.000048
0.015418 0.308097 0.267378 0.151784 0.002768 0.254505 0.000050
0.016067 0.308841 0.266086 0.151384 0.002795 0.254778 0.000048
0.015639 0.308615 0.266636 0.151426 0.002766 0.254870 0.000048
0.015336 0.305704 0.266744 0.151931 0.002840 0.257394 0.000052
0.014475 0.303524 0.267877 0.152095 0.002805 0.259172 0.000053
0.015428 0.304808 0.266898 0.151435 0.002760 0.258620 0.000051
0.015450 0.302610 0.266781 0.151744 0.002819 0.260544 0.000051
0.015238 0.301765 0.267245 0.151593 0.002824 0.261287 0.000049
0.014931 0.300047 0.267595 0.151897 0.002817 0.262661 0.000052
0.014547 0.299041 0.267722 0.152072 0.002824 0.263739 0.000054
0.015134 0.298796 0.267115 0.151594 0.002862 0.264447 0.000053
0.014906 0.296960 0.267146 0.151643 0.002882 0.266406 0.000057
0.015239 0.296282 0.266739 0.151560 0.002879 0.267248 0.000053
0.014858 0.296406 0.267028 0.151549 0.002891 0.267210 0.000059
0.014667 0.293692 0.267250 0.151956 0.002876 0.269504 0.000056
0.014683 0.292451 0.267353 0.151946 0.002954 0.270556 0.000057
0.014872 0.292877 0.267040 0.151635 0.002918 0.270599 0.000059
0.014757 0.290503 0.266718 0.151737 0.002914 0.273317 0.000054
0.014679 0.289600 0.267211 0.151971 0.002951 0.273527 0.000060
0.014899 0.288351 0.266910 0.151399 0.002966 0.275414 0.000060
0.014695 0.288873 0.267001 0.151640 0.002931 0.274804 0.000056
0.014559 0.287122 0.267169 0.151888 0.002945 0.276261 0.000056
0.014752 0.284231 0.267164 0.152196 0.003002 0.278599 0.000057
0.014692 0.286756 0.266228 0.151545 0.002980 0.277746 0.000054
0.014899 0.283954 0.266346 0.151623 0.003009 0.280113 0.000056
0.014504 0.281870 0.266811 0.151665 0.003044 0.282050 0.000057
0.014594 0.282344 0.266386 0.151564 0.003017 0.282035 0.000061
0.014552 0.280180 0.266629 0.151889 0.003054 0.283637 0.000058
0.014436 0.278524 0.266921 0.152034 0.003070 0.284951 0.000063
0.014621 0.279110 0.266387 0.151440 0.003076 0.285305 0.000061
0.014638 0.277886 0.266385 0.151582 0.003052 0.286397 0.000061
0.014307 0.276276 0.266910 0.151550 0.003081 0.287816 0.000060
0.014578 0.275286 0.266926 0.151462 0.003091 0.288591 0.000066
0.014758 0.274518 0.266269 0.151641 0.003083 0.289663 0.000068
0.014641 0.272776 0.266334 0.151527 0.003116 0.291544 0.000062
0.014731 0.272712 0.266129 0.151503 0.003133 0.291727 0.000064
0.014740 0.271857 0.265966 0.151271 0.003155 0.292947 0.000065
0.014983 0.270812 0.265813 0.151308 0.003162 0.293857 0.000065
0.015063 0.269987 0.265366 0.150920 0.003160 0.295441 0.000064
0.014764 0.268026 0.265990 0.151491 0.003151 0.296515 0.000062
0.014698 0.268133 0.265651 0.151248 0.003160 0.297045 0.000064
0.014671 0.266393 0.265691 0.151229 0.003191 0.298754 0.000070
0.014662 0.265482 0.265324 0.151202 0.003214 0.300052 0.000064
0.014649 0.264813 0.265780 0.151086 0.003199 0.300405 0.000068
0.014789 0.264978 0.265248 0.150958 0.003236 0.300723 0.000068
0.014764 0.262788 0.265496 0.151034 0.003234 0.302619 0.000065
0.014535 0.262063 0.265635 0.150997 0.003240 0.303461 0.000068
0.014729 0.262966 0.264818 0.150574 0.003207 0.303634 0.000073
0.014634 0.259995 0.265174 0.151020 0.003285 0.305817 0.000075
0.014622 0.259286 0.265158 0.150560 0.003289 0.307015 0.000070
0.014892 0.258562 0.265078 0.150509 0.003255 0.307637 0.000067
0.014855 0.258944 0.264805 0.150561 0.003344 0.307417 0.000074
0.015078 0.259206 0.264603 0.149966 0.003277 0.307801 0.000069
0.015148 0.256892 0.264173 0.150365 0.003363 0.309982 0.000077
0.014898 0.255120 0.264168 0.150486 0.003356 0.311902 0.000069
0.014738 0.254847 0.264065 0.150473 0.003357 0.312452 0.000069
0.014975 0.253077 0.264200 0.150585 0.003334 0.313754 0.000074
0.015176 0.252211 0.264196 0.150244 0.003350 0.314753 0.000069
0.015026 0.251495 0.263803 0.150209 0.003383 0.316005 0.000078
0.015115 0.250718 0.263752 0.149919 0.003361 0.317063 0.000073
0.014919 0.250240 0.263859 0.150234 0.003405 0.317267 0.000075
0.015024 0.248813 0.263360 0.149776 0.003413 0.319541 0.000073
0.015067 0.247492 0.263460 0.149745 0.003426 0.320738 0.000072
0.014998 0.248344 0.263363 0.149638 0.003449 0.320128 0.000080
0.015149 0.246350 0.263001 0.149664 0.003479 0.322276 0.000080
0.015233 0.245840 0.263048 0.149680 0.003452 0.322663 0.000083
0.015285 0.245766 0.263082 0.149537 0.003469 0.322790 0.000071
0.015276 0.244157 0.262838 0.149585 0.003467 0.324597 0.000081
0.015271 0.244085 0.262852 0.149296 0.003495 0.324925 0.000076
0.015427 0.241536 0.262613 0.149368 0.003504 0.327471 0.000081
0.015246 0.240970 0.262447 0.149329 0.003508 0.328417 0.000084
0.015297 0.241192 0.262179 0.149277 0.003498 0.328483 0.000073
0.015542 0.239668 0.261796 0.148979 0.003558 0.330380 0.000077
0.015355 0.239787 0.261418 0.148920 0.003567 0.330874 0.000079
0.015265 0.237931 0.261850 0.149218 0.003545 0.332105 0.000086
0.015217 0.236481 0.261766 0.149058 0.003573 0.333821 0.000085
0.015432 0.237762 0.261224 0.148493 0.003546 0.333455 0.000088
0.015434 0.236182 0.261085 0.148554 0.003570 0.335087 0.000086
0.015560 0.234592 0.261214 0.148550 0.003587 0.336407 0.000090
0.015458 0.233626 0.261237 0.148662 0.003600 0.337333 0.000083
0.015853 0.234036 0.260866 0.148216 0.003608 0.337330 0.000091
0.015683 0.231888 0.260552 0.148213 0.003591 0.339988 0.000084
0.015640 0.232692 0.260383 0.148073 0.003624 0.339499 0.000090
0.015628 0.230893 0.260547 0.147947 0.003602 0.341294 0.000089
0.015852 0.229864 0.259957 0.147790 0.003613 0.342827 0.000097
0.015695 0.229623 0.259832 0.147912 0.003661 0.343181 0.000096
0.015757 0.228352 0.259612 0.147439 0.003633 0.345122 0.000086
0.015347 0.228649 0.260131 0.147524 0.003659 0.344595 0.000095
0.015586 0.228265 0.259595 0.147449 0.003713 0.345300 0.000092
0.015836 0.226828 0.259178 0.147115 0.003677 0.347276 0.000091
0.015924 0.227013 0.258748 0.147303 0.003717 0.347203 0.000093
0.016066 0.226350 0.258615 0.146994 0.003732 0.348151 0.000092
0.015912 0.226149 0.258784 0.146982 0.003703 0.348366 0.000104
0.015902 0.224049 0.258438 0.146901 0.003706 0.350909 0.000095
0.015979 0.223046 0.257995 0.146953 0.003735 0.352198 0.000094
0.016013 0.223090 0.257969 0.146652 0.003708 0.352479 0.000089
0.016155 0.222953 0.257771 0.146503 0.003704 0.352815 0.000098
0.016014 0.219873 0.258031 0.146738 0.003742 0.355498 0.000104
0.016256 0.220291 0.257831 0.146243 0.003764 0.355517 0.000099
0.016123 0.219265 0.257127 0.146303 0.003755 0.357333 0.000094
0.016160 0.219710 0.257340 0.146241 0.003773 0.356676 0.000101
0.016559 0.218659 0.256981 0.145908 0.003780 0.358014 0.000100
0.016123 0.217493 0.256734 0.145836 0.003764 0.359954 0.000095
0.016258 0.216297 0.256603 0.145887 0.003802 0.361060 0.000092
0.016469 0.216983 0.256316 0.145542 0.003799 0.360796 0.000095
0.016348 0.217608 0.256396 0.145499 0.003811 0.360246 0.000092
0.016492 0.214497 0.255682 0.145562 0.003855 0.363814 0.000098
0.016375 0.213866 0.255684 0.145513 0.003835 0.364624 0.000103
0.016666 0.213095 0.255433 0.145147 0.003823 0.365727 0.000109
0.016623 0.213665 0.255326 0.145012 0.003817 0.365457 0.000100
0.016295 0.212208 0.255213 0.145033 0.003821 0.367313 0.000117
0.016744 0.211990 0.254669 0.145165 0.003855 0.367484 0.000093
0.016488 0.209885 0.254493 0.144831 0.003865 0.370329 0.000109
0.016287 0.210168 0.254701 0.144928 0.003863 0.369942 0.000110
0.016537 0.210169 0.253984 0.144559 0.003856 0.370793 0.000103
0.016486 0.208546 0.253983 0.144436 0.003845 0.372589 0.000115
0.016499 0.207956 0.253940 0.144554 0.003877 0.373070 0.000105
0.016620 0.206944 0.253608 0.144020 0.003883 0.374824 0.000101
0.016728 0.207168 0.253292 0.144057 0.003876 0.374767 0.000114
0.016700 0.205513 0.253231 0.143840 0.003913 0.376693 0.000110
0.016891 0.205831 0.253370 0.143435 0.003887 0.376483 0.000103
0.016833 0.205661 0.252685 0.143468 0.003940 0.377308 0.000105
0.017222 0.204996 0.252445 0.143660 0.003905 0.377665 0.000108
0.016837 0.204343 0.252456 0.143393 0.003917 0.378943 0.000110
0.016843 0.204156 0.251998 0.143518 0.003914 0.379460 0.000110
0.017174 0.202990 0.251720 0.143006 0.003952 0.381048 0.000109
0.016945 0.201730 0.251413 0.143237 0.003970 0.382595 0.000110
0.017070 0.201325 0.251503 0.143122 0.003934 0.382931 0.000116
0.017108 0.200398 0.251005 0.142829 0.003969 0.384574 0.000117
0.016987 0.201270 0.251219 0.142782 0.003916 0.383705 0.000120
0.017224 0.199172 0.251031 0.142766 0.003972 0.385712 0.000122
0.017148 0.198453 0.250714 0.142557 0.003993 0.387020 0.000115
0.017226 0.198107 0.250451 0.142371 0.004050 0.387677 0.000117
0.017272 0.197151 0.250121 0.142082 0.004033 0.389211 0.000129
0.017226 0.196097 0.249797 0.142038 0.004027 0.390689 0.000126
0.017547 0.197079 0.249690 0.141816 0.004006 0.389737 0.000124
0.017374 0.195144 0.249369 0.141886 0.004051 0.392054 0.000122
0.017379 0.195482 0.249200 0.141532 0.004104 0.392175 0.000128
0.017599 0.193549 0.249142 0.141677 0.004058 0.393853 0.000122
0.017750 0.193411 0.249022 0.141470 0.004074 0.394146 0.000129
0.017787 0.193451 0.248877 0.141415 0.004056 0.394294 0.000120
0.017565 0.192362 0.248303 0.141199 0.004079 0.396362 0.000129
0.017725 0.192481 0.248023 0.141033 0.004086 0.396521 0.000132
0.017579 0.191664 0.248008 0.141103 0.004132 0.397380 0.000134
0.017688 0.190700 0.247617 0.140838 0.004118 0.398909 0.000132
0.017888 0.189725 0.247881 0.140605 0.004128 0.399649 0.000124
0.017504 0.189308 0.247268 0.140657 0.004123 0.401015 0.000124
0.017672 0.188857 0.247019 0.140276 0.004128 0.401916 0.000132
0.017976 0.187991 0.246792 0.140132 0.004130 0.402848 0.000131
0.018287 0.187574 0.246820 0.139973 0.004129 0.403089 0.000127
0.017829 0.186644 0.246187 0.139980 0.004160 0.405068 0.000133
0.017897 0.187183 0.246213 0.139985 0.004090 0.404497 0.000136
0.017907 0.186826 0.246129 0.139398 0.004135 0.405466 0.000139
0.017765 0.185306 0.245596 0.139580 0.004161 0.407451 0.000141
0.017975 0.185802 0.245828 0.139069 0.004159 0.407022 0.000145
0.018072 0.184046 0.245026 0.139398 0.004181 0.409132 0.000144
0.018281 0.183698 0.244950 0.138997 0.004164 0.409769 0.000142
0.018510 0.183233 0.244743 0.138970 0.004206 0.410199 0.000139
0.018322 0.182572 0.244329 0.138732 0.004175 0.411717 0.000152
0.018006 0.182667 0.244712 0.138694 0.004230 0.411559 0.000132
0.018388 0.183176 0.243986 0.138769 0.004254 0.411288 0.000138
0.018656 0.181111 0.243600 0.138532 0.004218 0.413737 0.000147
0.018569 0.180576 0.243420 0.138410 0.004216 0.414670 0.000140
0.018341 0.180873 0.243550 0.137978 0.004225 0.414888 0.000145
0.018472 0.180796 0.243037 0.138031 0.004208 0.415318 0.000138
0.018457 0.179270 0.242888 0.137823 0.004248 0.417174 0.000140
0.018532 0.178978 0.243044 0.137623 0.004186 0.417501 0.000136
0.018540 0.178931 0.242507 0.137535 0.004213 0.418130 0.000144
0.018564 0.178057 0.242010 0.137174 0.004253 0.419795 0.000148
0.018704 0.177501 0.241445 0.137111 0.004222 0.420862 0.000155
0.018519 0.177785 0.241951 0.137245 0.004219 0.420132 0.000150
0.018669 0.175477 0.241103 0.136794 0.004247 0.423557 0.000154
0.018758 0.176836 0.241026 0.136893 0.004242 0.422092 0.000153
0.018638 0.175031 0.240709 0.136645 0.004273 0.424548 0.000156
0.018834 0.173392 0.240337 0.136359 0.004276 0.426636 0.000166
0.018751 0.174598 0.240711 0.136799 0.004253 0.424734 0.000154
0.018837 0.173769 0.240019 0.136306 0.004314 0.426610 0.000146
0.018738 0.172778 0.239538 0.136089 0.004268 0.428433 0.000156
0.019140 0.172319 0.239267 0.135980 0.004286 0.428846 0.000163
0.018886 0.172330 0.239027 0.136078 0.004292 0.429235 0.000151
0.018704 0.172008 0.238896 0.135733 0.004336 0.430165 0.000158
0.018758 0.170860 0.238506 0.135429 0.004316 0.431969 0.000162
0.019136 0.170607 0.238213 0.135243 0.004326 0.432311 0.000164
0.019199 0.170088 0.237819 0.135219 0.004291 0.433236 0.000148
0.019037 0.170131 0.237924 0.135308 0.004316 0.433133 0.000152
0.019093 0.169066 0.237431 0.134871 0.004361 0.435025 0.000152
0.019103 0.168861 0.237154 0.134822 0.004284 0.435618 0.000157
0.019376 0.168619 0.237367 0.134620 0.004310 0.435548 0.000159
0.019494 0.168242 0.236928 0.134385 0.004363 0.436428 0.000160
0.019484 0.167379 0.236752 0.134337 0.004336 0.437549 0.000162
0.019672 0.166637 0.236291 0.133971 0.004355 0.438905 0.000169
0.019199 0.166999 0.236294 0.134083 0.004320 0.438952 0.000154
0.019329 0.166084 0.235841 0.133550 0.004354 0.440686 0.000156
0.019668 0.165658 0.235345 0.133828 0.004388 0.440957 0.000156
0.019887 0.164114 0.234963 0.133414 0.004359 0.443099 0.000165
0.019393 0.164098 0.234687 0.133092 0.004373 0.444188 0.000169
0.019484 0.163381 0.235003 0.133277 0.004383 0.444316 0.000156
0.019945 0.163238 0.234539 0.133145 0.004399 0.444565 0.000169
0.019736 0.163183 0.234468 0.133005 0.004363 0.445093 0.000152
0.019453 0.162499 0.234035 0.132921 0.004439 0.446479 0.000173
0.019990 0.162330 0.233805 0.132522 0.004421 0.446762 0.000170
0.019859 0.162451 0.233739 0.132457 0.004394 0.446932 0.000168
0.019873 0.161139 0.233399 0.132059 0.004410 0.448950 0.000171
0.019766 0.161267 0.233226 0.132253 0.004423 0.448888 0.000178
0.020008 0.160910 0.232384 0.132338 0.004401 0.449792 0.000169
0.020119 0.159854 0.232357 0.132068 0.004425 0.450993 0.000183
0.020271 0.159238 0.231887 0.131556 0.004445 0.452431 0.000173
0.019760 0.158691 0.232020 0.131712 0.004417 0.453219 0.000181
0.019947 0.159459 0.231688 0.131377 0.004459 0.452891 0.000179
0.020344 0.158214 0.231752 0.131107 0.004512 0.453891 0.000181
0.019954 0.157314 0.231093 0.130803 0.004443 0.456219 0.000175
0.020110 0.157832 0.231265 0.130663 0.004493 0.455461 0.000176
0.020671 0.156228 0.230446 0.130386 0.004422 0.457676 0.000171
0.020449 0.156721 0.230315 0.130465 0.004474 0.457403 0.000173
0.020349 0.156118 0.229594 0.130498 0.004458 0.458808 0.000175
0.020572 0.155391 0.229469 0.129892 0.004439 0.460060 0.000177
0.020378 0.154974 0.229562 0.130081 0.004476 0.460346 0.000183
0.020631 0.155473 0.229246 0.130170 0.004495 0.459803 0.000183
0.020357 0.154797 0.228972 0.129589 0.004515 0.461588 0.000181
0.020930 0.153601 0.228275 0.129567 0.004501 0.462949 0.000178
0.020680 0.153417 0.227904 0.129639 0.004474 0.463699 0.000187
0.020506 0.152994 0.227829 0.129355 0.004474 0.464657 0.000186
0.020822 0.153133 0.227769 0.129315 0.004537 0.464235 0.000189
0.020776 0.152662 0.227542 0.129023 0.004505 0.465294 0.000198
0.020768 0.152581 0.226958 0.129018 0.004444 0.466036 0.000196
0.020580 0.152026 0.227348 0.128781 0.004510 0.466565 0.000191
0.020716 0.151708 0.226751 0.128950 0.004521 0.467154 0.000199
0.021200 0.150826 0.226134 0.128422 0.004532 0.468682 0.000205
0.021010 0.150637 0.226273 0.128237 0.004543 0.469107 0.000192
0.021117 0.149514 0.226039 0.127987 0.004557 0.470588 0.000199
0.021242 0.149894 0.225836 0.127583 0.004524 0.470735 0.000187
0.021403 0.149407 0.225607 0.127694 0.004528 0.471158 0.000204
0.021124 0.147833 0.224818 0.127565 0.004548 0.473907 0.000205
0.021277 0.148131 0.225003 0.127546 0.004605 0.473221 0.000217
0.021181 0.147742 0.224617 0.127588 0.004562 0.474107 0.000203
0.021180 0.147410 0.224789 0.127438 0.004574 0.474416 0.000193
0.021290 0.147561 0.224118 0.126985 0.004598 0.475248 0.000200
0.021596 0.146482 0.223941 0.126405 0.004631 0.476745 0.000201
0.021182 0.147271 0.223982 0.126692 0.004535 0.476147 0.000191
0.021429 0.146378 0.223477 0.126403 0.004603 0.477515 0.000194
0.021472 0.146100 0.223333 0.126403 0.004573 0.477917 0.000202
0.021949 0.145763 0.223042 0.126142 0.004604 0.478285 0.000215
0.021936 0.145155 0.222596 0.126224 0.004582 0.479315 0.000193
0.021700 0.144551 0.222301 0.126087 0.004609 0.480545 0.000206
0.021848 0.143725 0.222334 0.125688 0.004592 0.481620 0.000193
0.021661 0.143633 0.221844 0.125554 0.004644 0.482465 0.000199
0.021685 0.143743 0.221475 0.125852 0.004589 0.482461 0.000196
0.021926 0.143617 0.221276 0.125488 0.004596 0.482896 0.000201
0.021635 0.142739 0.220820 0.125380 0.004673 0.484559 0.000194
0.021734 0.142660 0.221149 0.125292 0.004678 0.484289 0.000198
0.021863 0.142619 0.220381 0.124971 0.004571 0.485396 0.000201
0.021899 0.142050 0.220433 0.124822 0.004622 0.485965 0.000210
0.022310 0.141407 0.220022 0.124499 0.004618 0.486942 0.000201
0.022004 0.140099 0.219435 0.124426 0.004677 0.489152 0.000208
0.022173 0.140643 0.219503 0.124171 0.004696 0.488600 0.000215
0.022040 0.140120 0.219460 0.124047 0.004632 0.489491 0.000210
