0.999108 0.000863 0.000024 0.000004 0.000000 0.000000 0.000000
0.998651 0.001304 0.000029 0.000009 0.000001 0.000006 0.000000
0.998192 0.001752 0.000036 0.000011 0.000000 0.000008 0.000001
0.997736 0.002195 0.000041 0.000019 0.000000 0.000008 0.000001
0.997298 0.002623 0.000047 0.000025 0.000000 0.000007 0.000001
0.996782 0.003121 0.000063 0.000027 0.000000 0.000007 0.000001
0.996239 0.003650 0.000070 0.000034 0.000000 0.000007 0.000001
0.995558 0.004314 0.000080 0.000041 0.000000 0.000006 0.000001
0.994899 0.004963 0.000089 0.000042 0.000000 0.000006 0.000001
0.994151 0.005702 0.000087 0.000054 0.000000 0.000006 0.000001
0.992942 0.006895 0.000106 0.000051 0.000000 0.000006 0.000001
0.991698 0.008111 0.000122 0.000063 0.000000 0.000005 0.000001
0.989651 0.010123 0.000153 0.000067 0.000000 0.000005 0.000001
0.987527 0.012207 0.000182 0.000079 0.000000 0.000004 0.000000
0.984934 0.014784 0.000188 0.000089 0.000000 0.000005 0.000000
0.981695 0.017944 0.000251 0.000103 0.000000 0.000006 0.000000
0.978615 0.020940 0.000295 0.000143 0.000000 0.000007 0.000000
0.974040 0.025433 0.000330 0.000187 0.000000 0.000009 0.000000
0.969651 0.029722 0.000388 0.000225 0.000000 0.000014 0.000000
0.965101 0.034191 0.000439 0.000253 0.000000 0.000017 0.000000
0.958070 0.041120 0.000502 0.000289 0.000000 0.000020 0.000000
0.952024 0.047021 0.000584 0.000355 0.000000 0.000016 0.000000
0.943037 0.055825 0.000713 0.000403 0.000000 0.000022 0.000000
0.937259 0.061438 0.000812 0.000460 0.000000 0.000031 0.000000
0.927350 0.071084 0.000980 0.000553 0.000000 0.000033 0.000000
0.917044 0.081089 0.001190 0.000645 0.000000 0.000032 0.000000
0.905043 0.092737 0.001417 0.000770 0.000000 0.000033 0.000000
0.896646 0.100935 0.001551 0.000831 0.000000 0.000038 0.000000
0.882206 0.114970 0.001786 0.000993 0.000001 0.000044 0.000000
0.869016 0.127678 0.002070 0.001186 0.000001 0.000050 0.000000
0.857903 0.138462 0.002271 0.001313 0.000001 0.000050 0.000000
0.843173 0.152685 0.002590 0.001493 0.000001 0.000057 0.000000
0.829993 0.165416 0.002869 0.001655 0.000001 0.000067 0.000000
0.816587 0.178301 0.003206 0.001830 0.000002 0.000074 0.000000
0.802450 0.191927 0.003527 0.002012 0.000001 0.000082 0.000000
0.786936 0.206771 0.003939 0.002254 0.000001 0.000099 0.000000
0.771371 0.221733 0.004312 0.002465 0.000001 0.000118 0.000000
0.757471 0.235022 0.004660 0.002711 0.000001 0.000134 0.000000
0.741538 0.250231 0.005117 0.002966 0.000001 0.000146 0.000000
0.728529 0.262563 0.005550 0.003182 0.000002 0.000173 0.000000
0.710684 0.279466 0.006115 0.003535 0.000002 0.000198 0.000000
0.698342 0.291132 0.006516 0.003788 0.000001 0.000221 0.000000
0.683073 0.305458 0.007110 0.004118 0.000001 0.000241 0.000000
0.669107 0.318615 0.007618 0.004397 0.000002 0.000262 0.000000
0.655025 0.331764 0.008171 0.004744 0.000002 0.000293 0.000000
0.641428 0.344442 0.008719 0.005095 0.000002 0.000313 0.000000
0.627910 0.357102 0.009269 0.005387 0.000002 0.000330 0.000000
0.615582 0.368581 0.009781 0.005693 0.000005 0.000358 0.000000
0.602438 0.380739 0.010371 0.006053 0.000006 0.000393 0.000000
0.590302 0.391991 0.010948 0.006331 0.000006 0.000422 0.000000
0.577474 0.403807 0.011570 0.006672 0.000005 0.000471 0.000000
0.562171 0.417871 0.012320 0.007119 0.000005 0.000515 0.000000
0.552409 0.426764 0.012863 0.007419 0.000005 0.000541 0.000000
0.541845 0.436356 0.013493 0.007728 0.000005 0.000572 0.000000
0.529331 0.447685 0.014219 0.008144 0.000005 0.000616 0.000000
0.515833 0.459830 0.015057 0.008583 0.000005 0.000691 0.000000
0.504954 0.469575 0.015754 0.008968 0.000005 0.000744 0.000000
0.494762 0.478567 0.016504 0.009367 0.000007 0.000793 0.000000
0.481430 0.490353 0.017462 0.009901 0.000006 0.000848 0.000000
0.473911 0.496842 0.018087 0.010271 0.000007 0.000882 0.000000
0.463571 0.505871 0.018920 0.010681 0.000007 0.000949 0.000000
0.453602 0.514452 0.019727 0.011192 0.000008 0.001020 0.000000
0.446848 0.520143 0.020391 0.011548 0.000009 0.001061 0.000000
0.432372 0.532790 0.021494 0.012189 0.000009 0.001145 0.000000
0.424465 0.539296 0.022324 0.012674 0.000011 0.001230 0.000000
0.418125 0.544563 0.022932 0.013078 0.000011 0.001291 0.000000
0.405264 0.555438 0.024120 0.013763 0.000013 0.001401 0.000000
0.394760 0.564216 0.025190 0.014341 0.000014 0.001479 0.000000
0.389503 0.568213 0.025971 0.014725 0.000014 0.001573 0.000000
0.376304 0.579299 0.027249 0.015476 0.000015 0.001657 0.000000
0.371904 0.582626 0.027854 0.015858 0.000017 0.001742 0.000000
0.364358 0.588309 0.028984 0.016467 0.000019 0.001865 0.000000
0.356207 0.594620 0.030039 0.017144 0.000022 0.001968 0.000000
0.346212 0.602441 0.031430 0.017815 0.000025 0.002078 0.000000
0.342316 0.605203 0.032136 0.018173 0.000026 0.002147 0.000000
0.330812 0.614323 0.033518 0.019020 0.000026 0.002301 0.000000
0.325808 0.617996 0.034356 0.019433 0.000026 0.002381 0.000000
0.321683 0.620386 0.035384 0.020055 0.000031 0.002462 0.000000
0.313832 0.625916 0.036809 0.020785 0.000033 0.002625 0.000000
0.308305 0.629989 0.037662 0.021293 0.000035 0.002716 0.000000
0.298018 0.637847 0.039032 0.022156 0.000036 0.002910 0.000000
0.289956 0.643336 0.040555 0.023008 0.000040 0.003105 0.000000
0.286378 0.645371 0.041447 0.023524 0.000042 0.003238 0.000000
0.279725 0.649880 0.042678 0.024259 0.000048 0.003410 0.000000
0.276664 0.651928 0.043211 0.024635 0.000048 0.003514 0.000000
0.268071 0.657511 0.044982 0.025604 0.000050 0.003783 0.000000
0.263916 0.659945 0.045989 0.026129 0.000052 0.003969 0.000000
0.258477 0.663506 0.047169 0.026658 0.000049 0.004141 0.000000
0.250195 0.668972 0.048801 0.027607 0.000054 0.004370 0.000000
0.241118 0.675256 0.050414 0.028567 0.000060 0.004585 0.000000
0.236029 0.677812 0.051836 0.029438 0.000063 0.004822 0.000000
0.232054 0.679832 0.053048 0.030034 0.000067 0.004964 0.000000
0.226063 0.682921 0.054616 0.031078 0.000073 0.005249 0.000000
0.222962 0.684239 0.055614 0.031665 0.000076 0.005444 0.000000
0.215089 0.689356 0.057182 0.032615 0.000083 0.005676 0.000000
0.208245 0.692594 0.059256 0.033784 0.000086 0.006034 0.000000
0.204522 0.693943 0.060546 0.034606 0.000087 0.006297 0.000000
0.203458 0.693323 0.061483 0.035163 0.000091 0.006483 0.000000
0.203142 0.691442 0.062726 0.035838 0.000096 0.006755 0.000000
0.202452 0.690581 0.063548 0.036345 0.000098 0.006976 0.000000
0.196340 0.693666 0.065298 0.037297 0.000101 0.007298 0.000000
0.194262 0.692877 0.066863 0.038230 0.000106 0.007662 0.000000
0.194961 0.690571 0.067817 0.038684 0.000108 0.007859 0.000000
0.188999 0.693959 0.069276 0.039478 0.000111 0.008177 0.000000
0.187495 0.692488 0.070830 0.040529 0.000121 0.008537 0.000000
0.182978 0.694285 0.072367 0.041351 0.000121 0.008898 0.000000
0.183655 0.691680 0.073498 0.041899 0.000121 0.009147 0.000000
0.189083 0.685479 0.073906 0.042093 0.000127 0.009313 0.000000
0.186008 0.686186 0.075225 0.042841 0.000132 0.009607 0.000000
0.181721 0.687251 0.077060 0.043820 0.000139 0.010009 0.000000
0.175724 0.690245 0.078667 0.044823 0.000136 0.010405 0.000000
0.179247 0.686166 0.078914 0.044949 0.000141 0.010584 0.000000
0.176464 0.686198 0.080416 0.045856 0.000147 0.010919 0.000000
0.170143 0.688682 0.082581 0.046976 0.000157 0.011461 0.000000
0.165906 0.690033 0.084236 0.047793 0.000155 0.011877 0.000000
0.163928 0.690487 0.084995 0.048344 0.000163 0.012083 0.000000
0.160077 0.690905 0.086855 0.049411 0.000173 0.012578 0.000000
0.154754 0.694475 0.087959 0.049846 0.000165 0.012800 0.000000
0.153663 0.693021 0.089248 0.050694 0.000172 0.013201 0.000000
0.144623 0.697400 0.091739 0.052199 0.000186 0.013854 0.000000
0.136649 0.702129 0.093574 0.053159 0.000176 0.014312 0.000000
0.138485 0.699548 0.094034 0.053289 0.000185 0.014459 0.000000
0.133231 0.700145 0.096325 0.054899 0.000197 0.015202 0.000000
0.137137 0.695704 0.096678 0.054876 0.000202 0.015404 0.000000
0.137138 0.693662 0.097661 0.055543 0.000208 0.015789 0.000000
0.132814 0.695029 0.099214 0.056444 0.000216 0.016283 0.000000
0.125998 0.697658 0.101565 0.057680 0.000227 0.016871 0.000000
0.125488 0.694948 0.103298 0.058637 0.000222 0.017406 0.000000
0.122142 0.696405 0.104166 0.059334 0.000228 0.017724 0.000000
0.120148 0.694728 0.106015 0.060415 0.000242 0.018452 0.000000
0.122920 0.691073 0.106472 0.060674 0.000239 0.018623 0.000000
0.118518 0.692494 0.108098 0.061473 0.000242 0.019175 0.000000
0.116196 0.691466 0.109853 0.062458 0.000254 0.019773 0.000000
0.116342 0.689093 0.111021 0.063087 0.000260 0.020197 0.000000
0.110791 0.689949 0.113360 0.064667 0.000260 0.020974 0.000000
0.111465 0.687744 0.114282 0.064880 0.000272 0.021357 0.000000
0.108064 0.687791 0.116107 0.065860 0.000265 0.021912 0.000000
0.104343 0.687403 0.118165 0.067111 0.000285 0.022693 0.000000
0.100608 0.688797 0.119278 0.067825 0.000279 0.023213 0.000000
0.097954 0.689134 0.120536 0.068509 0.000291 0.023575 0.000001
0.098487 0.686612 0.121613 0.068948 0.000296 0.024042 0.000001
0.094511 0.687146 0.123209 0.069991 0.000298 0.024843 0.000001
0.090488 0.686922 0.125503 0.071227 0.000307 0.025550 0.000002
0.086265 0.688123 0.127112 0.072149 0.000318 0.026032 0.000002
0.082362 0.686793 0.129781 0.073592 0.000336 0.027133 0.000002
0.080107 0.688906 0.129868 0.073657 0.000334 0.027128 0.000001
0.080116 0.685227 0.131693 0.074639 0.000349 0.027975 0.000002
0.078326 0.684565 0.132818 0.075451 0.000362 0.028474 0.000003
0.078087 0.681959 0.134316 0.076095 0.000354 0.029188 0.000002
0.073925 0.680220 0.137230 0.077870 0.000381 0.030372 0.000002
0.071264 0.681919 0.137711 0.078161 0.000378 0.030566 0.000002
0.070850 0.679199 0.139339 0.078957 0.000394 0.031258 0.000002
0.073862 0.675156 0.139817 0.079059 0.000388 0.031715 0.000002
0.069820 0.673540 0.142475 0.080870 0.000412 0.032882 0.000002
0.068495 0.672497 0.143733 0.081435 0.000416 0.033422 0.000002
0.068465 0.670446 0.144652 0.082163 0.000430 0.033842 0.000003
0.066879 0.668336 0.146403 0.083126 0.000440 0.034813 0.000003
0.062804 0.667914 0.148739 0.084444 0.000451 0.035645 0.000003
0.067590 0.662796 0.148682 0.084428 0.000452 0.036050 0.000002
0.071843 0.658498 0.148697 0.084227 0.000474 0.036257 0.000003
0.067851 0.660121 0.149660 0.085062 0.000475 0.036828 0.000003
0.063602 0.659968 0.151831 0.086221 0.000478 0.037897 0.000002
0.067391 0.654678 0.152444 0.086493 0.000479 0.038512 0.000003
0.067209 0.652182 0.153792 0.087164 0.000491 0.039159 0.000002
0.065295 0.650082 0.155636 0.088343 0.000506 0.040135 0.000003
0.070541 0.646557 0.154559 0.087718 0.000507 0.040116 0.000002
0.067383 0.645265 0.156969 0.088811 0.000528 0.041042 0.000003
0.061226 0.645974 0.159394 0.090491 0.000542 0.042370 0.000002
0.066006 0.640939 0.159391 0.090307 0.000535 0.042820 0.000002
0.069225 0.639078 0.158565 0.089853 0.000538 0.042738 0.000002
0.066687 0.636923 0.160742 0.091435 0.000547 0.043664 0.000003
0.070295 0.631141 0.161644 0.091701 0.000547 0.044669 0.000003
0.066621 0.631199 0.163306 0.092854 0.000561 0.045456 0.000003
0.066098 0.628623 0.164867 0.093456 0.000575 0.046378 0.000003
0.060046 0.631071 0.166612 0.094440 0.000581 0.047247 0.000003
0.059498 0.629504 0.167604 0.094922 0.000601 0.047870 0.000002
0.059178 0.627037 0.168526 0.095703 0.000606 0.048948 0.000002
0.058714 0.626570 0.169085 0.095733 0.000610 0.049286 0.000002
0.058460 0.625396 0.169655 0.096224 0.000611 0.049651 0.000003
0.056747 0.626513 0.169808 0.096545 0.000614 0.049769 0.000004
0.053850 0.623797 0.172308 0.097871 0.000624 0.051547 0.000003
0.052451 0.623816 0.172829 0.098184 0.000639 0.052079 0.000002
0.047322 0.622014 0.176190 0.100149 0.000657 0.053664 0.000004
0.048002 0.622012 0.175695 0.099839 0.000660 0.053788 0.000003
0.043507 0.620194 0.178653 0.101631 0.000678 0.055334 0.000003
0.040501 0.618531 0.180859 0.102768 0.000698 0.056640 0.000003
0.039718 0.619241 0.180825 0.102823 0.000692 0.056695 0.000006
0.040729 0.616592 0.181339 0.103130 0.000710 0.057497 0.000003
0.037625 0.615144 0.183563 0.104294 0.000700 0.058670 0.000004
0.036508 0.612991 0.184805 0.105123 0.000741 0.059828 0.000003
0.032115 0.610711 0.187895 0.106973 0.000741 0.061563 0.000003
0.033335 0.611998 0.186488 0.106196 0.000740 0.061239 0.000004
0.029867 0.608739 0.189833 0.107972 0.000748 0.062837 0.000004
0.029844 0.606507 0.190600 0.108412 0.000769 0.063863 0.000005
0.028438 0.603697 0.192826 0.109315 0.000802 0.064918 0.000004
0.038225 0.598534 0.190116 0.108041 0.000786 0.064293 0.000005
0.035909 0.596263 0.192071 0.109357 0.000795 0.065600 0.000004
0.032773 0.595588 0.193718 0.110309 0.000786 0.066822 0.000004
0.040830 0.589902 0.192422 0.109366 0.000800 0.066676 0.000004
0.041448 0.585176 0.194363 0.110318 0.000806 0.067884 0.000005
0.037073 0.585633 0.195962 0.111285 0.000834 0.069210 0.000004
0.038917 0.583287 0.196004 0.111274 0.000817 0.069697 0.000005
0.052410 0.576058 0.192532 0.109443 0.000825 0.068729 0.000003
0.049514 0.573584 0.195069 0.110773 0.000834 0.070221 0.000005
0.051093 0.571140 0.195349 0.110759 0.000827 0.070826 0.000007
0.049177 0.567853 0.197488 0.112092 0.000848 0.072537 0.000006
0.051626 0.567782 0.196206 0.111238 0.000837 0.072304 0.000006
0.051171 0.564578 0.197753 0.112096 0.000874 0.073519 0.000008
0.049488 0.562430 0.199228 0.113077 0.000862 0.074906 0.000009
0.051412 0.561813 0.198500 0.112380 0.000865 0.075022 0.000009
0.052458 0.560751 0.198282 0.112294 0.000870 0.075336 0.000008
0.046648 0.561407 0.200619 0.113607 0.000900 0.076810 0.000008
0.047776 0.557022 0.201973 0.114269 0.000901 0.078051 0.000008
0.053240 0.551775 0.201464 0.113932 0.000918 0.078664 0.000007
0.053786 0.552321 0.200819 0.113581 0.000899 0.078585 0.000008
0.048807 0.554807 0.202099 0.114270 0.000909 0.079102 0.000006
0.050058 0.551527 0.202673 0.114610 0.000938 0.080187 0.000008
0.047798 0.550987 0.203859 0.115322 0.000937 0.081088 0.000009
0.048446 0.549119 0.204101 0.115544 0.000939 0.081842 0.000009
0.045072 0.547824 0.206003 0.116576 0.000979 0.083539 0.000007
0.041719 0.546743 0.208034 0.117774 0.000972 0.084747 0.000011
0.043708 0.545447 0.207391 0.117564 0.000983 0.084896 0.000011
0.042319 0.545407 0.207821 0.117817 0.000988 0.085639 0.000010
0.042955 0.539240 0.210317 0.118872 0.001024 0.087580 0.000011
0.045520 0.538341 0.209067 0.118360 0.001019 0.087683 0.000009
0.042760 0.537204 0.210725 0.119200 0.001052 0.089046 0.000012
0.045553 0.535197 0.210137 0.118788 0.001042 0.089272 0.000012
0.042398 0.536374 0.210898 0.119414 0.001054 0.089852 0.000011
0.040254 0.532954 0.213196 0.120718 0.001061 0.091807 0.000010
0.039824 0.533635 0.212834 0.120637 0.001069 0.091989 0.000013
0.043168 0.530104 0.212838 0.120500 0.001071 0.092308 0.000011
0.043950 0.527660 0.213130 0.120528 0.001097 0.093625 0.000010
0.042244 0.528121 0.213515 0.121025 0.001079 0.094002 0.000013
0.035179 0.527412 0.216810 0.122966 0.001130 0.096489 0.000013
0.036579 0.524362 0.217335 0.123251 0.001131 0.097328 0.000013
0.031933 0.524757 0.219164 0.124341 0.001151 0.098642 0.000013
0.033831 0.522901 0.218702 0.124088 0.001145 0.099320 0.000013
0.030477 0.521674 0.220903 0.125199 0.001159 0.100576 0.000013
0.029058 0.520591 0.221534 0.125632 0.001178 0.101992 0.000014
0.027443 0.516998 0.223955 0.126913 0.001193 0.103485 0.000013
0.027371 0.517936 0.223042 0.126532 0.001199 0.103905 0.000014
0.025984 0.517392 0.224039 0.126797 0.001206 0.104568 0.000014
0.026303 0.514081 0.225154 0.127392 0.001218 0.105840 0.000012
0.023641 0.511015 0.227151 0.128699 0.001245 0.108233 0.000016
0.023602 0.511640 0.226919 0.128593 0.001225 0.108006 0.000014
0.022660 0.509504 0.227830 0.129301 0.001240 0.109452 0.000014
0.021669 0.508571 0.228677 0.129549 0.001247 0.110273 0.000014
0.020090 0.505631 0.230110 0.130607 0.001288 0.112259 0.000015
0.020030 0.502700 0.231500 0.130855 0.001305 0.113598 0.000013
0.020578 0.502775 0.230665 0.130930 0.001297 0.113741 0.000013
0.018112 0.500841 0.232875 0.131826 0.001335 0.114996 0.000014
0.019059 0.499508 0.232426 0.131662 0.001341 0.115990 0.000015
0.018190 0.497850 0.233513 0.132354 0.001327 0.116749 0.000016
0.017490 0.495626 0.234543 0.132959 0.001358 0.118007 0.000017
0.017130 0.493123 0.235468 0.133533 0.001382 0.119345 0.000018
0.017249 0.491927 0.235468 0.133672 0.001348 0.120319 0.000017
0.016864 0.489067 0.236569 0.134158 0.001406 0.121919 0.000018
0.016521 0.489163 0.236640 0.134188 0.001375 0.122096 0.000017
0.015708 0.485690 0.238282 0.135121 0.001418 0.123762 0.000019
0.015414 0.483719 0.239043 0.135346 0.001428 0.125033 0.000017
0.015464 0.481000 0.239696 0.136038 0.001432 0.126352 0.000016
0.015365 0.482314 0.239337 0.135704 0.001433 0.125831 0.000015
0.014830 0.479078 0.240582 0.136430 0.001463 0.127599 0.000018
0.014933 0.477123 0.240948 0.136850 0.001465 0.128659 0.000022
0.014880 0.476936 0.240539 0.136866 0.001457 0.129306 0.000017
0.014443 0.472811 0.242316 0.137672 0.001488 0.131247 0.000023
0.014137 0.472474 0.242327 0.137666 0.001493 0.131884 0.000019
0.014380 0.470681 0.242524 0.137907 0.001512 0.132978 0.000019
0.013948 0.469485 0.243282 0.138148 0.001505 0.133608 0.000024
0.013952 0.467984 0.243473 0.138265 0.001517 0.134786 0.000023
0.013752 0.464323 0.244979 0.139187 0.001522 0.136215 0.000022
0.013753 0.463258 0.245058 0.138976 0.001539 0.137396 0.000020
0.013568 0.461519 0.245617 0.139735 0.001542 0.137995 0.000024
0.013611 0.460416 0.245644 0.139715 0.001554 0.139039 0.000021
0.013265 0.456136 0.247252 0.140511 0.001587 0.141225 0.000024
0.013444 0.457726 0.246667 0.140140 0.001583 0.140416 0.000024
0.013167 0.453725 0.247725 0.140904 0.001609 0.142844 0.000026
0.012936 0.451007 0.248721 0.141310 0.001600 0.144404 0.000021
0.013335 0.451959 0.247903 0.140957 0.001621 0.144199 0.000026
0.012885 0.448077 0.249319 0.141856 0.001620 0.146215 0.000028
0.012827 0.447588 0.249581 0.142156 0.001622 0.146199 0.000026
0.012767 0.446094 0.249665 0.141969 0.001644 0.147840 0.000020
0.012645 0.443594 0.250484 0.142295 0.001628 0.149331 0.000023
0.012347 0.441422 0.251408 0.142901 0.001689 0.150209 0.000025
0.012350 0.440269 0.251247 0.143132 0.001703 0.151278 0.000022
0.012269 0.437613 0.252138 0.143375 0.001683 0.152896 0.000027
0.012427 0.438503 0.251443 0.143052 0.001702 0.152847 0.000025
0.012471 0.435759 0.252080 0.143260 0.001710 0.154695 0.000025
0.012051 0.432601 0.253228 0.144223 0.001703 0.156168 0.000026
0.012325 0.433256 0.252827 0.143683 0.001724 0.156159 0.000026
0.012382 0.432775 0.252732 0.143707 0.001763 0.156615 0.000026
0.012147 0.428022 0.254239 0.144831 0.001722 0.159013 0.000026
0.012163 0.427940 0.253981 0.144341 0.001765 0.159784 0.000027
0.012198 0.425980 0.254551 0.144650 0.001788 0.160807 0.000025
0.011994 0.425030 0.254777 0.144839 0.001770 0.161567 0.000024
0.011985 0.422862 0.255081 0.145203 0.001815 0.163031 0.000023
0.012028 0.423658 0.254983 0.144884 0.001808 0.162614 0.000026
0.011775 0.417808 0.256371 0.146080 0.001860 0.166079 0.000028
0.011613 0.416359 0.256697 0.146387 0.001849 0.167067 0.000029
0.011916 0.417087 0.256350 0.145764 0.001876 0.166981 0.000027
0.011816 0.417196 0.256400 0.145760 0.001829 0.166973 0.000026
0.012562 0.411576 0.257441 0.146336 0.001884 0.170176 0.000025
0.024994 0.409081 0.252889 0.143997 0.001846 0.167163 0.000029
0.024746 0.408534 0.253006 0.144013 0.001866 0.167813 0.000024
0.020355 0.405730 0.255697 0.145125 0.001902 0.171165 0.000027
0.026051 0.403364 0.253845 0.144029 0.001883 0.170802 0.000026
0.025721 0.404572 0.253138 0.143724 0.001904 0.170912 0.000028
0.027259 0.402686 0.252876 0.143759 0.001889 0.171504 0.000026
0.027088 0.400353 0.253180 0.144143 0.001890 0.173318 0.000027
0.027148 0.398354 0.253854 0.144224 0.001945 0.174442 0.000031
0.025614 0.397155 0.254251 0.144842 0.001983 0.176127 0.000029
0.023959 0.398395 0.254498 0.144787 0.001941 0.176388 0.000030
0.022110 0.396551 0.255657 0.145434 0.001991 0.178224 0.000034
0.020589 0.397191 0.255775 0.145636 0.002004 0.178777 0.000029
0.022602 0.396427 0.255154 0.144977 0.001978 0.178838 0.000025
0.020742 0.394123 0.256053 0.145540 0.002046 0.181468 0.000028
0.019375 0.393145 0.256792 0.146115 0.002046 0.182496 0.000031
0.018691 0.392389 0.257435 0.146244 0.002022 0.183188 0.000030
0.018422 0.391828 0.256850 0.146584 0.002064 0.184220 0.000031
0.016672 0.391243 0.258027 0.147121 0.002040 0.184868 0.000031
0.017800 0.390360 0.257487 0.146623 0.002056 0.185646 0.000027
0.016501 0.386946 0.258705 0.147153 0.002103 0.188560 0.000033
0.016109 0.385325 0.259184 0.147471 0.002111 0.189767 0.000034
0.015205 0.385786 0.259354 0.147413 0.002109 0.190098 0.000035
0.014932 0.384844 0.259624 0.147570 0.002121 0.190873 0.000036
0.014092 0.382119 0.260513 0.148162 0.002113 0.192968 0.000033
0.014581 0.379570 0.260818 0.148144 0.002117 0.194731 0.000038
0.014555 0.380873 0.260320 0.147786 0.002132 0.194299 0.000035
0.014063 0.377845 0.261034 0.148548 0.002156 0.196317 0.000036
0.013070 0.376128 0.261911 0.149038 0.002195 0.197613 0.000045
0.013569 0.376200 0.261268 0.148685 0.002199 0.198042 0.000037
0.013543 0.374723 0.261531 0.148731 0.002225 0.199210 0.000036
0.013225 0.373494 0.261851 0.148953 0.002213 0.200224 0.000040
0.012367 0.371524 0.262626 0.149624 0.002225 0.201597 0.000038
0.012200 0.369713 0.262764 0.149826 0.002215 0.203246 0.000036
0.012858 0.368966 0.262865 0.149485 0.002227 0.203559 0.000040
0.012171 0.366378 0.263529 0.149920 0.002293 0.205668 0.000041
0.012448 0.365743 0.263287 0.149600 0.002280 0.206599 0.000042
0.011986 0.363873 0.263936 0.150004 0.002275 0.207887 0.000040
0.011996 0.362940 0.263916 0.150234 0.002300 0.208573 0.000042
0.011626 0.359173 0.265146 0.150956 0.002368 0.210690 0.000042
0.011700 0.359890 0.264662 0.150628 0.002326 0.210752 0.000042
0.011481 0.357707 0.264886 0.150846 0.002359 0.212677 0.000045
0.011550 0.357502 0.264713 0.150806 0.002364 0.213021 0.000045
0.011833 0.356345 0.264657 0.150538 0.002344 0.214245 0.000038
0.011483 0.353306 0.265363 0.150996 0.002377 0.216432 0.000042
0.011579 0.353532 0.265186 0.150808 0.002439 0.216407 0.000049
0.011776 0.353956 0.264512 0.150532 0.002423 0.216761 0.000040
0.011668 0.350950 0.264790 0.151188 0.002441 0.218913 0.000050
0.011496 0.348981 0.265983 0.150954 0.002410 0.220130 0.000046
0.011554 0.349316 0.265548 0.151041 0.002409 0.220085 0.000046
0.011353 0.345890 0.266001 0.151776 0.002460 0.222473 0.000048
0.011546 0.346392 0.265688 0.151490 0.002413 0.222426 0.000044
0.011216 0.345453 0.266146 0.151527 0.002446 0.223175 0.000037
0.011242 0.343428 0.266023 0.151386 0.002496 0.225378 0.000048
0.011490 0.342806 0.266015 0.151270 0.002459 0.225911 0.000049
0.011198 0.342057 0.266452 0.151454 0.002495 0.226296 0.000048
0.011266 0.341331 0.266075 0.151639 0.002495 0.227143 0.000051
0.011381 0.340209 0.265701 0.151473 0.002504 0.228687 0.000044
0.011142 0.337186 0.266465 0.151713 0.002503 0.230943 0.000048
0.011234 0.336631 0.266315 0.151683 0.002537 0.231550 0.000050
0.011255 0.335376 0.266740 0.151557 0.002509 0.232516 0.000048
0.011158 0.332437 0.266758 0.152255 0.002517 0.234827 0.000048
0.011195 0.332839 0.266615 0.151819 0.002533 0.234953 0.000046
0.011147 0.329373 0.267146 0.152348 0.002565 0.237368 0.000052
0.011080 0.329795 0.267167 0.152371 0.002551 0.236990 0.000045
0.011256 0.328923 0.266657 0.152280 0.002557 0.238276 0.000051
0.011011 0.327749 0.266966 0.152294 0.002584 0.239346 0.000050
0.011053 0.325968 0.266994 0.152664 0.002591 0.240675 0.000055
0.010981 0.324098 0.267309 0.152618 0.002565 0.242379 0.000051
0.010970 0.323703 0.267160 0.152374 0.002620 0.243128 0.000046
0.011122 0.324661 0.266885 0.152317 0.002609 0.242361 0.000046
0.011097 0.321538 0.267106 0.152327 0.002634 0.245244 0.000054
0.011143 0.320992 0.267336 0.152525 0.002613 0.245338 0.000052
0.011046 0.319516 0.267622 0.152362 0.002637 0.246769 0.000048
0.010965 0.318802 0.267116 0.152612 0.002632 0.247824 0.000050
0.011069 0.317535 0.267562 0.152494 0.002674 0.248618 0.000047
0.011034 0.316528 0.267399 0.152533 0.002665 0.249792 0.000049
0.011089 0.316445 0.267296 0.152393 0.002667 0.250064 0.000046
0.011173 0.315201 0.267281 0.152469 0.002667 0.251159 0.000050
0.011221 0.313133 0.267239 0.152792 0.002705 0.252852 0.000059
0.011057 0.311216 0.267509 0.153102 0.002701 0.254361 0.000054
0.010995 0.310532 0.267777 0.152769 0.002728 0.255145 0.000053
0.011034 0.311015 0.267490 0.152559 0.002700 0.255148 0.000054
0.011004 0.306923 0.267833 0.152891 0.002738 0.258559 0.000052
0.011059 0.307242 0.267547 0.152702 0.002729 0.258669 0.000053
0.011186 0.305017 0.268105 0.152956 0.002779 0.259901 0.000056
0.011180 0.303650 0.267829 0.152862 0.002758 0.261663 0.000057
0.011177 0.302073 0.268081 0.152994 0.002796 0.262823 0.000056
0.011256 0.302155 0.267942 0.152797 0.002760 0.263030 0.000060
0.011104 0.302062 0.267535 0.152723 0.002768 0.263753 0.000055
0.011172 0.301462 0.267293 0.152773 0.002798 0.264438 0.000064
0.011107 0.298983 0.267799 0.152815 0.002804 0.266434 0.000058
0.011217 0.298022 0.267692 0.152856 0.002836 0.267318 0.000059
0.011223 0.297554 0.267566 0.152703 0.002825 0.268074 0.000055
0.011167 0.297425 0.267407 0.152677 0.002856 0.268412 0.000056
0.011114 0.294756 0.267757 0.152906 0.002845 0.270565 0.000056
0.011333 0.296013 0.267055 0.152537 0.002827 0.270182 0.000054
0.011231 0.295353 0.266987 0.152630 0.002856 0.270886 0.000057
0.011385 0.293788 0.266799 0.152400 0.002844 0.272718 0.000065
0.011214 0.291132 0.267586 0.152606 0.002863 0.274541 0.000060
0.011321 0.290878 0.267032 0.152594 0.002888 0.275229 0.000059
0.011244 0.289066 0.267420 0.152586 0.002894 0.276727 0.000064
0.011257 0.288524 0.266964 0.152597 0.002902 0.277698 0.000059
0.011396 0.287481 0.267306 0.152515 0.002899 0.278341 0.000061
0.011315 0.286343 0.267497 0.152245 0.002911 0.279625 0.000065
0.011344 0.285132 0.266875 0.152477 0.002927 0.281177 0.000068
0.011438 0.283454 0.267484 0.152634 0.002924 0.282000 0.000065
0.011419 0.282822 0.267042 0.152114 0.002900 0.283638 0.000064
0.011397 0.281018 0.267173 0.152520 0.002951 0.284877 0.000064
0.011587 0.282767 0.266628 0.152250 0.002941 0.283765 0.000063
0.011549 0.282086 0.266600 0.152034 0.002941 0.284723 0.000067
0.011530 0.279505 0.266540 0.152180 0.002988 0.287184 0.000074
0.011558 0.277593 0.266684 0.152561 0.003014 0.288521 0.000069
0.011582 0.277667 0.266718 0.151765 0.002968 0.289233 0.000068
0.011469 0.276333 0.266613 0.152089 0.002957 0.290472 0.000068
0.011649 0.275496 0.266486 0.152116 0.002988 0.291197 0.000068
0.011651 0.274535 0.266135 0.151995 0.003011 0.292604 0.000069
0.011729 0.273936 0.266411 0.152064 0.003021 0.292768 0.000071
0.011468 0.273405 0.266081 0.151814 0.003053 0.294109 0.000070
0.011698 0.273684 0.265723 0.151830 0.003057 0.293936 0.000072
0.011709 0.270409 0.265806 0.151877 0.003083 0.297041 0.000075
0.011569 0.271205 0.266122 0.151921 0.003065 0.296046 0.000072
0.011605 0.268625 0.265925 0.151834 0.003048 0.298888 0.000074
0.011808 0.268659 0.265581 0.151584 0.003060 0.299235 0.000072
0.011704 0.267490 0.265482 0.151708 0.003118 0.300424 0.000074
0.011762 0.266537 0.265216 0.151695 0.003113 0.301600 0.000077
0.011720 0.264627 0.265685 0.151688 0.003125 0.303079 0.000075
0.011767 0.264855 0.264993 0.151405 0.003129 0.303772 0.000079
0.011565 0.263406 0.265181 0.151569 0.003137 0.305062 0.000079
0.011836 0.263177 0.265164 0.151534 0.003136 0.305075 0.000079
0.011835 0.260510 0.265358 0.151166 0.003143 0.307908 0.000081
0.011781 0.259477 0.265125 0.151492 0.003219 0.308823 0.000082
0.011814 0.258191 0.264994 0.151326 0.003195 0.310400 0.000079
0.012019 0.257835 0.264320 0.151548 0.003185 0.311013 0.000079
0.011854 0.257744 0.264499 0.151578 0.003201 0.311043 0.000081
0.011887 0.256677 0.264480 0.151412 0.003216 0.312245 0.000082
0.011957 0.257519 0.264507 0.151167 0.003254 0.311521 0.000076
0.011900 0.254949 0.264545 0.151139 0.003236 0.314150 0.000081
0.012060 0.255216 0.263958 0.150784 0.003238 0.314664 0.000079
0.012023 0.254798 0.263706 0.150938 0.003235 0.315226 0.000074
0.012053 0.253641 0.263712 0.150753 0.003279 0.316478 0.000084
0.012047 0.253325 0.263802 0.150794 0.003260 0.316687 0.000085
0.012025 0.251159 0.263301 0.150480 0.003260 0.319686 0.000089
0.011999 0.250256 0.263624 0.150531 0.003318 0.320183 0.000089
0.012132 0.249575 0.263181 0.150550 0.003288 0.321190 0.000085
0.012092 0.249074 0.263210 0.150532 0.003319 0.321686 0.000087
0.012081 0.247060 0.263108 0.150579 0.003318 0.323768 0.000087
0.012146 0.246529 0.262764 0.150244 0.003324 0.324904 0.000089
0.012186 0.245711 0.262304 0.150249 0.003345 0.326118 0.000086
0.012256 0.245802 0.262592 0.149806 0.003294 0.326158 0.000092
0.012219 0.244451 0.262400 0.149916 0.003391 0.327537 0.000086
0.012219 0.243698 0.262531 0.149773 0.003406 0.328286 0.000088
0.012276 0.243853 0.262086 0.149840 0.003382 0.328477 0.000086
0.012220 0.242768 0.262088 0.149782 0.003360 0.329702 0.000081
0.012262 0.240754 0.262010 0.149696 0.003389 0.331796 0.000094
0.012274 0.239793 0.261803 0.149540 0.003410 0.333093 0.000087
0.012406 0.240712 0.261591 0.149208 0.003366 0.332635 0.000083
0.012281 0.239457 0.261449 0.149538 0.003465 0.333717 0.000093
0.012591 0.238271 0.261498 0.149197 0.003462 0.334892 0.000089
0.012595 0.238687 0.261476 0.148893 0.003423 0.334837 0.000088
0.012439 0.236531 0.261049 0.149029 0.003465 0.337399 0.000089
0.012494 0.236707 0.260861 0.148812 0.003430 0.337601 0.000095
0.012634 0.236445 0.260551 0.148582 0.003418 0.338279 0.000091
0.012506 0.234537 0.260533 0.148646 0.003484 0.340200 0.000094
0.012359 0.233710 0.260509 0.148887 0.003501 0.340944 0.000090
0.012590 0.232286 0.260267 0.148509 0.003507 0.342748 0.000092
0.012469 0.232306 0.260062 0.148471 0.003511 0.343088 0.000094
0.012657 0.232046 0.260065 0.148173 0.003523 0.343450 0.000086
0.012518 0.231245 0.260167 0.148177 0.003480 0.344323 0.000090
0.012622 0.230021 0.259595 0.148091 0.003572 0.346005 0.000093
0.012562 0.228974 0.259204 0.147904 0.003536 0.347728 0.000093
0.012647 0.229330 0.259474 0.147858 0.003571 0.347015 0.000104
0.012844 0.227550 0.259056 0.147781 0.003542 0.349128 0.000098
0.012873 0.226488 0.258917 0.147604 0.003589 0.350427 0.000101
0.012955 0.226657 0.258818 0.147562 0.003564 0.350349 0.000095
0.012713 0.226085 0.258383 0.147349 0.003640 0.351735 0.000094
0.012818 0.225181 0.258683 0.146975 0.003638 0.352608 0.000099
0.012916 0.224644 0.257972 0.147032 0.003611 0.353721 0.000104
0.012990 0.223994 0.258159 0.146931 0.003586 0.354245 0.000095
0.012957 0.222064 0.257923 0.147019 0.003657 0.356289 0.000091
0.012889 0.221914 0.257502 0.146895 0.003669 0.357031 0.000100
0.012952 0.222100 0.257716 0.146580 0.003679 0.356869 0.000105
0.012906 0.220698 0.257472 0.146787 0.003626 0.358410 0.000101
0.013040 0.220549 0.257459 0.146761 0.003685 0.358409 0.000098
0.012950 0.219511 0.257244 0.146519 0.003696 0.359982 0.000097
0.013149 0.218699 0.256893 0.146263 0.003720 0.361169 0.000106
0.013069 0.218062 0.256672 0.146237 0.003685 0.362172 0.000103
0.013126 0.218955 0.256821 0.146258 0.003702 0.361044 0.000094
0.013095 0.215918 0.256488 0.146221 0.003752 0.364419 0.000107
0.013188 0.215631 0.256099 0.145987 0.003755 0.365242 0.000098
0.013164 0.215396 0.256149 0.145763 0.003739 0.365685 0.000105
0.013224 0.214080 0.255492 0.145648 0.003760 0.367693 0.000102
0.013229 0.213558 0.255371 0.145479 0.003742 0.368520 0.000101
0.013198 0.212742 0.255379 0.145722 0.003696 0.369163 0.000101
0.013260 0.212732 0.255313 0.145544 0.003738 0.369308 0.000106
0.013143 0.211259 0.255232 0.145068 0.003788 0.371410 0.000101
0.013293 0.210482 0.254847 0.144972 0.003794 0.372505 0.000108
0.013396 0.210734 0.254875 0.144882 0.003774 0.372240 0.000099
0.013340 0.209352 0.254094 0.145083 0.003794 0.374229 0.000108
0.013299 0.208933 0.254099 0.144877 0.003780 0.374906 0.000105
0.013333 0.208726 0.254027 0.144803 0.003829 0.375181 0.000101
0.013460 0.207903 0.253790 0.144191 0.003862 0.376695 0.000099
0.013486 0.206210 0.253216 0.144352 0.003850 0.378775 0.000112
0.013489 0.206334 0.253104 0.144667 0.003834 0.378470 0.000103
0.013424 0.207249 0.252927 0.144379 0.003841 0.378079 0.000102
0.013617 0.205933 0.253070 0.143829 0.003876 0.379566 0.000109
0.013634 0.203740 0.252761 0.143744 0.003860 0.382156 0.000105
0.013540 0.203360 0.252425 0.143619 0.003909 0.383038 0.000109
0.013638 0.202268 0.251861 0.143687 0.003887 0.384554 0.000106
0.013681 0.202497 0.252201 0.143316 0.003951 0.384241 0.000112
0.013750 0.201820 0.251805 0.143615 0.003923 0.384982 0.000104
0.013711 0.201063 0.251821 0.143121 0.003900 0.386279 0.000104
0.013795 0.201150 0.251390 0.143058 0.003921 0.386570 0.000116
0.013913 0.200340 0.251326 0.142816 0.003956 0.387533 0.000116
0.013888 0.199914 0.250931 0.143003 0.003901 0.388250 0.000113
0.014004 0.198445 0.250529 0.142841 0.003969 0.390101 0.000111
0.014067 0.197320 0.250155 0.142907 0.003964 0.391464 0.000124
0.013917 0.198215 0.250392 0.142620 0.003951 0.390789 0.000115
0.013955 0.196742 0.250010 0.142205 0.003972 0.392999 0.000118
0.013989 0.196227 0.250138 0.142340 0.003969 0.393216 0.000121
0.013925 0.194883 0.249567 0.142025 0.003951 0.395532 0.000117
0.014120 0.195833 0.249229 0.141953 0.003992 0.394757 0.000116
0.014205 0.195623 0.249318 0.141713 0.004025 0.394986 0.000129
0.014130 0.194426 0.248944 0.141497 0.004018 0.396865 0.000120
0.014029 0.193494 0.248459 0.141767 0.003975 0.398159 0.000118
0.014111 0.193139 0.248668 0.141269 0.004005 0.398686 0.000121
0.014230 0.193055 0.248067 0.141292 0.004017 0.399222 0.000116
0.014263 0.191012 0.248020 0.140853 0.004030 0.401694 0.000128
0.014367 0.191298 0.248264 0.140925 0.003992 0.401032 0.000122
0.014341 0.189778 0.247726 0.140560 0.004011 0.403458 0.000126
0.014524 0.189755 0.247323 0.140454 0.003974 0.403846 0.000124
0.014452 0.189364 0.247340 0.140493 0.004032 0.404190 0.000129
0.014464 0.188804 0.247049 0.140686 0.004031 0.404836 0.000131
0.014527 0.188506 0.246955 0.140346 0.004053 0.405490 0.000123
0.014538 0.188158 0.246653 0.139910 0.004027 0.406585 0.000129
0.014453 0.187457 0.246706 0.139864 0.004058 0.407334 0.000128
0.014645 0.186738 0.246244 0.139702 0.004054 0.408493 0.000124
0.014636 0.186389 0.246033 0.139597 0.004106 0.409113 0.000127
0.014633 0.184543 0.245458 0.139518 0.004048 0.411669 0.000131
0.014840 0.184740 0.245394 0.139630 0.004096 0.411171 0.000129
0.014604 0.183621 0.245013 0.139440 0.004144 0.413042 0.000137
0.014629 0.183941 0.245110 0.139154 0.004136 0.412906 0.000124
0.014839 0.184132 0.244878 0.139013 0.004127 0.412883 0.000127
0.014653 0.181867 0.244366 0.138872 0.004126 0.415983 0.000134
0.014852 0.182879 0.244083 0.139012 0.004170 0.414873 0.000131
0.014791 0.181287 0.243749 0.138489 0.004180 0.417376 0.000129
0.014964 0.181639 0.244007 0.138545 0.004216 0.416504 0.000125
0.014896 0.180422 0.243427 0.138159 0.004203 0.418763 0.000130
0.014891 0.179589 0.242961 0.137998 0.004147 0.420278 0.000136
0.014739 0.180135 0.243309 0.138002 0.004185 0.419498 0.000132
0.014894 0.178139 0.242682 0.137563 0.004190 0.422404 0.000128
0.014967 0.178289 0.242178 0.137501 0.004208 0.422730 0.000127
0.015096 0.177559 0.242094 0.137169 0.004211 0.423740 0.000131
0.015048 0.177462 0.241930 0.137482 0.004245 0.423690 0.000144
0.015077 0.177094 0.241722 0.137184 0.004184 0.424600 0.000138
0.015268 0.176427 0.241449 0.136969 0.004247 0.425498 0.000142
0.015281 0.176762 0.241350 0.136904 0.004202 0.425352 0.000149
0.015259 0.175634 0.241106 0.136807 0.004257 0.426792 0.000145
0.015298 0.175027 0.240452 0.136561 0.004274 0.428246 0.000141
0.015223 0.173255 0.240159 0.136560 0.004281 0.430372 0.000149
0.015400 0.173012 0.240044 0.136072 0.004249 0.431082 0.000140
0.015399 0.173498 0.239940 0.136139 0.004330 0.430550 0.000144
0.015518 0.173348 0.239599 0.135991 0.004308 0.431096 0.000140
0.015319 0.172059 0.239252 0.135411 0.004292 0.433519 0.000148
0.015511 0.171320 0.238864 0.135280 0.004294 0.434578 0.000153
0.015793 0.171589 0.238753 0.135405 0.004296 0.434019 0.000146
0.015551 0.171544 0.238931 0.135251 0.004284 0.434285 0.000154
0.015593 0.170801 0.238249 0.135220 0.004280 0.435700 0.000156
0.015534 0.170128 0.238028 0.135248 0.004304 0.436604 0.000155
0.015779 0.169035 0.237846 0.134751 0.004365 0.438068 0.000154
0.015792 0.169409 0.237534 0.134765 0.004354 0.437997 0.000148
0.015881 0.168793 0.237679 0.134578 0.004402 0.438503 0.000164
0.015835 0.167877 0.237069 0.134260 0.004366 0.440437 0.000155
0.015801 0.166775 0.236730 0.134320 0.004427 0.441802 0.000146
0.016012 0.166779 0.236561 0.134122 0.004371 0.441989 0.000166
0.015933 0.166927 0.236672 0.134075 0.004403 0.441833 0.000156
0.016074 0.165300 0.235720 0.133840 0.004375 0.444527 0.000164
0.015943 0.165805 0.235852 0.133948 0.004378 0.443907 0.000167
0.015980 0.166042 0.235706 0.133756 0.004406 0.443955 0.000156
0.015972 0.164419 0.234982 0.133589 0.004406 0.446477 0.000156
0.015968 0.164451 0.235042 0.133392 0.004426 0.446570 0.000151
0.016230 0.163973 0.234533 0.133516 0.004437 0.447150 0.000161
0.016179 0.163291 0.234186 0.133103 0.004415 0.448679 0.000148
0.016230 0.162689 0.234744 0.132914 0.004424 0.448843 0.000156
0.016346 0.162318 0.234152 0.132721 0.004441 0.449864 0.000157
0.016354 0.162415 0.234077 0.132811 0.004451 0.449734 0.000159
0.016287 0.162188 0.233075 0.132318 0.004421 0.451553 0.000157
0.016512 0.161029 0.232827 0.132497 0.004472 0.452510 0.000153
0.016415 0.162271 0.233581 0.132278 0.004461 0.450836 0.000157
0.016639 0.160216 0.232825 0.131844 0.004427 0.453892 0.000157
0.016604 0.160462 0.232402 0.131799 0.004439 0.454144 0.000150
0.016544 0.159602 0.231899 0.131623 0.004524 0.455648 0.000159
0.016642 0.159577 0.232090 0.131637 0.004473 0.455423 0.000157
0.016615 0.159302 0.232018 0.131531 0.004511 0.455861 0.000161
0.016766 0.158042 0.231295 0.130995 0.004549 0.458184 0.000170
0.016619 0.158765 0.231423 0.131363 0.004512 0.457151 0.000167
0.016834 0.156433 0.230301 0.130997 0.004488 0.460768 0.000178
0.016902 0.156613 0.230823 0.130673 0.004501 0.460325 0.000163
0.016763 0.156595 0.230406 0.130703 0.004522 0.460836 0.000174
0.016739 0.156391 0.230386 0.130699 0.004532 0.461089 0.000165
0.016991 0.155580 0.229858 0.130361 0.004510 0.462530 0.000170
0.016977 0.155396 0.229287 0.130187 0.004559 0.463425 0.000169
0.016910 0.154856 0.229451 0.130018 0.004537 0.464066 0.000162
0.016914 0.154195 0.228885 0.129874 0.004513 0.465451 0.000167
0.016981 0.153649 0.228213 0.129786 0.004612 0.466593 0.000166
0.017218 0.153490 0.228066 0.129489 0.004523 0.467038 0.000176
0.016896 0.153407 0.228320 0.129717 0.004524 0.466960 0.000176
0.016956 0.152947 0.227510 0.129248 0.004601 0.468562 0.000176
0.017087 0.152819 0.227942 0.129358 0.004591 0.468032 0.000172
0.017116 0.151403 0.227212 0.128570 0.004568 0.470954 0.000178
0.017174 0.151163 0.226868 0.128937 0.004610 0.471075 0.000174
0.017151 0.151417 0.226398 0.128448 0.004599 0.471817 0.000169
0.017221 0.150742 0.226305 0.128585 0.004613 0.472364 0.000171
0.017182 0.151197 0.226652 0.128427 0.004565 0.471803 0.000173
0.017146 0.150793 0.225945 0.128549 0.004645 0.472744 0.000178
0.017392 0.150288 0.226347 0.128000 0.004625 0.473168 0.000180
0.017457 0.149555 0.225326 0.127891 0.004585 0.475003 0.000184
0.017408 0.148722 0.225199 0.127970 0.004660 0.475861 0.000180
0.017580 0.148241 0.225089 0.127449 0.004596 0.476863 0.000182
0.017614 0.148235 0.224834 0.127261 0.004647 0.477231 0.000178
0.017460 0.148143 0.224785 0.127381 0.004548 0.477491 0.000191
0.017672 0.147244 0.224122 0.127337 0.004595 0.478843 0.000187
0.017540 0.146602 0.223992 0.126949 0.004614 0.480126 0.000178
0.017871 0.146646 0.223522 0.126769 0.004649 0.480353 0.000190
0.017890 0.145817 0.223395 0.126460 0.004670 0.481581 0.000187
0.017857 0.146050 0.223139 0.126566 0.004619 0.481586 0.000183
0.017957 0.145370 0.222788 0.126300 0.004721 0.482678 0.000187
0.017661 0.144797 0.222422 0.126635 0.004673 0.483630 0.000181
0.017822 0.145045 0.222699 0.125984 0.004641 0.483621 0.000187
0.017999 0.144301 0.221977 0.125720 0.004690 0.485120 0.000193
0.018061 0.144160 0.222045 0.125571 0.004640 0.485338 0.000185
0.018063 0.143084 0.221331 0.125380 0.004690 0.487270 0.000182
0.018205 0.143376 0.221372 0.125291 0.004590 0.486978 0.000189
