0.999103 0.000876 0.000014 0.000007 0.000000 0.000000 0.000000
0.998643 0.001321 0.000020 0.000008 0.000000 0.000008 0.000000
0.998200 0.001749 0.000028 0.000013 0.000000 0.000010 0.000000
0.997742 0.002198 0.000036 0.000014 0.000000 0.000011 0.000000
0.997214 0.002719 0.000044 0.000014 0.000000 0.000009 0.000000
0.996674 0.003247 0.000048 0.000022 0.000000 0.000010 0.000000
0.996069 0.003844 0.000052 0.000025 0.000000 0.000010 0.000000
0.995396 0.004501 0.000058 0.000036 0.000000 0.000010 0.000000
0.994435 0.005444 0.000067 0.000044 0.000000 0.000009 0.000000
0.993535 0.006332 0.000068 0.000056 0.000000 0.000009 0.000000
0.992176 0.007661 0.000085 0.000070 0.000000 0.000008 0.000000
0.990347 0.009455 0.000115 0.000075 0.000000 0.000007 0.000000
0.989008 0.010767 0.000139 0.000079 0.000000 0.000007 0.000000
0.986078 0.013623 0.000184 0.000109 0.000000 0.000006 0.000000
0.983331 0.016302 0.000212 0.000149 0.000000 0.000005 0.000000
0.979962 0.019623 0.000249 0.000162 0.000000 0.000005 0.000000
0.975917 0.023633 0.000279 0.000166 0.000000 0.000004 0.000000
0.971105 0.028365 0.000332 0.000195 0.000000 0.000004 0.000000
0.966465 0.032923 0.000387 0.000213 0.000000 0.000012 0.000000
0.960541 0.038696 0.000488 0.000258 0.000000 0.000017 0.000000
0.954029 0.045110 0.000559 0.000287 0.000000 0.000016 0.000000
0.947632 0.051338 0.000668 0.000344 0.000000 0.000018 0.000000
0.939917 0.058894 0.000775 0.000400 0.000000 0.000014 0.000000
0.931175 0.067351 0.000944 0.000511 0.000000 0.000018 0.000000
0.920756 0.077456 0.001160 0.000600 0.000000 0.000028 0.000000
0.909817 0.088063 0.001363 0.000724 0.000000 0.000034 0.000000
0.900507 0.097052 0.001565 0.000838 0.000000 0.000038 0.000000
0.888594 0.108624 0.001746 0.000993 0.000000 0.000043 0.000000
0.875844 0.120955 0.002002 0.001149 0.000000 0.000050 0.000000
0.864331 0.132162 0.002209 0.001245 0.000000 0.000053 0.000000
0.851165 0.144946 0.002446 0.001382 0.000000 0.000061 0.000000
0.837240 0.158405 0.002735 0.001553 0.000000 0.000067 0.000000
0.820468 0.174623 0.003076 0.001754 0.000000 0.000079 0.000000
0.807917 0.186671 0.003384 0.001942 0.000000 0.000085 0.000000
0.795508 0.198604 0.003638 0.002154 0.000000 0.000095 0.000000
0.778928 0.214576 0.004011 0.002368 0.000000 0.000117 0.000000
0.763394 0.229527 0.004377 0.002563 0.000000 0.000139 0.000000
0.746244 0.245902 0.004893 0.002802 0.000000 0.000160 0.000000
0.729272 0.262211 0.005313 0.003025 0.000000 0.000179 0.000000
0.715281 0.275450 0.005795 0.003289 0.000000 0.000185 0.000000
0.697944 0.291922 0.006355 0.003580 0.000000 0.000199 0.000000
0.684297 0.304952 0.006716 0.003821 0.000000 0.000215 0.000000
0.667708 0.320622 0.007270 0.004162 0.000000 0.000238 0.000000
0.652274 0.335106 0.007855 0.004504 0.000000 0.000262 0.000000
0.637859 0.348662 0.008413 0.004779 0.000000 0.000286 0.000000
0.622995 0.362571 0.008980 0.005138 0.000000 0.000315 0.000000
0.609991 0.374681 0.009529 0.005456 0.000001 0.000343 0.000000
0.594424 0.389212 0.010162 0.005825 0.000001 0.000376 0.000000
0.580695 0.401917 0.010784 0.006196 0.000001 0.000408 0.000000
0.566514 0.414984 0.011469 0.006577 0.000002 0.000454 0.000000
0.551863 0.428519 0.012166 0.006956 0.000003 0.000493 0.000000
0.539353 0.439995 0.012788 0.007337 0.000004 0.000522 0.000000
0.528631 0.449660 0.013425 0.007733 0.000005 0.000545 0.000000
0.513548 0.463327 0.014321 0.008209 0.000006 0.000589 0.000000
0.502299 0.473265 0.015162 0.008627 0.000005 0.000641 0.000000
0.491742 0.482703 0.015880 0.008984 0.000004 0.000686 0.000000
0.479581 0.493472 0.016746 0.009444 0.000005 0.000752 0.000000
0.470025 0.501642 0.017618 0.009902 0.000005 0.000809 0.000000
0.460292 0.510092 0.018408 0.010342 0.000005 0.000862 0.000000
0.444214 0.524214 0.019621 0.011000 0.000006 0.000945 0.000000
0.437369 0.529968 0.020314 0.011365 0.000007 0.000978 0.000000
0.425479 0.540356 0.021198 0.011892 0.000008 0.001068 0.000000
0.416399 0.548027 0.022080 0.012356 0.000008 0.001130 0.000000
0.406131 0.556746 0.023023 0.012894 0.000009 0.001198 0.000000
0.395493 0.565554 0.024213 0.013436 0.000010 0.001294 0.000000
0.385050 0.574399 0.025184 0.013996 0.000011 0.001360 0.000000
0.377294 0.580751 0.026025 0.014476 0.000010 0.001445 0.000000
0.363871 0.591697 0.027519 0.015324 0.000012 0.001577 0.000000
0.357550 0.596564 0.028463 0.015758 0.000011 0.001653 0.000000
0.352315 0.600394 0.029251 0.016281 0.000012 0.001748 0.000000
0.342302 0.608377 0.030471 0.016947 0.000013 0.001889 0.000000
0.334897 0.613949 0.031586 0.017547 0.000013 0.002008 0.000000
0.325897 0.620658 0.032960 0.018316 0.000016 0.002153 0.000000
0.320415 0.624608 0.033824 0.018878 0.000017 0.002258 0.000000
0.313791 0.629377 0.035013 0.019406 0.000019 0.002395 0.000000
0.306150 0.634954 0.036228 0.020131 0.000019 0.002518 0.000000
0.302202 0.637360 0.037156 0.020649 0.000020 0.002613 0.000000
0.296290 0.641274 0.038271 0.021386 0.000022 0.002758 0.000000
0.291556 0.644100 0.039383 0.022002 0.000025 0.002935 0.000000
0.288408 0.645575 0.040376 0.022562 0.000027 0.003053 0.000000
0.282420 0.649249 0.041744 0.023326 0.000028 0.003233 0.000000
0.278156 0.651519 0.042929 0.023970 0.000031 0.003395 0.000000
0.271896 0.655393 0.044268 0.024777 0.000035 0.003631 0.000000
0.266597 0.658886 0.045326 0.025354 0.000037 0.003799 0.000000
0.270568 0.654274 0.045718 0.025509 0.000037 0.003895 0.000000
0.262127 0.659730 0.047512 0.026505 0.000040 0.004085 0.000000
0.255936 0.663746 0.048758 0.027254 0.000042 0.004264 0.000000
0.250623 0.666827 0.049981 0.028037 0.000042 0.004489 0.000000
0.251500 0.664737 0.050809 0.028282 0.000044 0.004629 0.000000
0.241491 0.671215 0.052757 0.029547 0.000047 0.004943 0.000000
0.238342 0.672722 0.053662 0.030132 0.000049 0.005093 0.000000
0.233268 0.675568 0.055018 0.030795 0.000050 0.005302 0.000000
0.225822 0.680118 0.056689 0.031760 0.000054 0.005556 0.000000
0.224736 0.679656 0.057577 0.032217 0.000058 0.005756 0.000000
0.213009 0.687725 0.059705 0.033423 0.000059 0.006078 0.000000
0.208727 0.689354 0.061159 0.034345 0.000061 0.006353 0.000000
0.203775 0.692191 0.062411 0.035008 0.000063 0.006552 0.000000
0.198669 0.694661 0.063922 0.035829 0.000069 0.006850 0.000000
0.195343 0.694996 0.065570 0.036841 0.000069 0.007181 0.000000
0.193602 0.695511 0.066209 0.037261 0.000069 0.007347 0.000000
0.193806 0.693310 0.067282 0.037941 0.000073 0.007588 0.000000
0.182212 0.701027 0.069598 0.039104 0.000080 0.007978 0.000000
0.180365 0.699518 0.071368 0.040232 0.000079 0.008438 0.000000
0.179411 0.699665 0.071779 0.040468 0.000085 0.008593 0.000000
0.175742 0.700578 0.073360 0.041339 0.000090 0.008891 0.000000
0.174121 0.699791 0.074715 0.042098 0.000102 0.009173 0.000000
0.172678 0.698414 0.076317 0.042929 0.000104 0.009557 0.000000
0.171103 0.698109 0.077361 0.043516 0.000104 0.009807 0.000000
0.165187 0.700519 0.079330 0.044597 0.000109 0.010258 0.000000
0.166506 0.697396 0.080277 0.045152 0.000117 0.010552 0.000000
0.156642 0.702383 0.082917 0.046768 0.000127 0.011163 0.000000
0.158342 0.700256 0.083137 0.046823 0.000127 0.011316 0.000000
0.153388 0.701691 0.085103 0.047912 0.000132 0.011772 0.000000
0.148356 0.703742 0.086728 0.048865 0.000136 0.012174 0.000000
0.147427 0.702284 0.087974 0.049684 0.000133 0.012498 0.000000
0.143777 0.702053 0.090016 0.050942 0.000144 0.013067 0.000000
0.140277 0.703742 0.091084 0.051413 0.000143 0.013341 0.000000
0.136547 0.703666 0.092987 0.052723 0.000152 0.013926 0.000000
0.134129 0.703091 0.094724 0.053543 0.000166 0.014347 0.000000
0.127291 0.706279 0.096656 0.054768 0.000168 0.014838 0.000000
0.129418 0.703653 0.096892 0.054756 0.000170 0.015111 0.000000
0.127052 0.703016 0.098502 0.055662 0.000175 0.015593 0.000000
0.121336 0.705341 0.100416 0.056676 0.000182 0.016048 0.000000
0.115472 0.707116 0.102589 0.057957 0.000185 0.016680 0.000000
0.111646 0.706228 0.105181 0.059377 0.000196 0.017373 0.000000
0.105799 0.709637 0.106524 0.060012 0.000185 0.017843 0.000000
0.103739 0.708032 0.108332 0.061281 0.000211 0.018404 0.000000
0.106501 0.705651 0.108106 0.061057 0.000208 0.018476 0.000001
0.100221 0.706124 0.111256 0.062838 0.000214 0.019345 0.000001
0.098345 0.705119 0.112809 0.063627 0.000228 0.019872 0.000001
0.102286 0.699838 0.113361 0.064045 0.000235 0.020235 0.000001
0.103448 0.696516 0.114547 0.064635 0.000231 0.020623 0.000001
0.104217 0.693399 0.115762 0.065137 0.000240 0.021244 0.000001
0.109323 0.688606 0.115424 0.065055 0.000243 0.021349 0.000001
0.109563 0.684924 0.116996 0.066176 0.000258 0.022081 0.000001
0.112666 0.680332 0.117809 0.066488 0.000257 0.022446 0.000001
0.109750 0.679682 0.119529 0.067641 0.000265 0.023133 0.000001
0.107088 0.678511 0.121627 0.068728 0.000270 0.023774 0.000002
0.115007 0.671296 0.121071 0.068337 0.000275 0.024012 0.000002
0.114896 0.669716 0.122025 0.068727 0.000278 0.024357 0.000001
0.112373 0.670516 0.122670 0.069336 0.000282 0.024820 0.000003
0.111352 0.667452 0.124841 0.070533 0.000295 0.025526 0.000002
0.110482 0.667128 0.125233 0.070920 0.000304 0.025929 0.000003
0.111459 0.664309 0.126104 0.071334 0.000318 0.026474 0.000002
0.104708 0.667844 0.127770 0.072331 0.000318 0.027027 0.000002
0.107490 0.663366 0.128556 0.072699 0.000322 0.027565 0.000002
0.104147 0.666069 0.128898 0.072930 0.000315 0.027640 0.000002
0.100307 0.663902 0.131900 0.074625 0.000333 0.028929 0.000003
0.096778 0.664690 0.133310 0.075458 0.000333 0.029428 0.000003
0.095056 0.664419 0.134286 0.075858 0.000348 0.030031 0.000003
0.089212 0.664704 0.137125 0.077525 0.000368 0.031064 0.000004
0.088234 0.664425 0.137648 0.077854 0.000368 0.031468 0.000003
0.086179 0.664040 0.138877 0.078489 0.000367 0.032044 0.000004
0.081302 0.665591 0.140728 0.079408 0.000377 0.032592 0.000003
0.077056 0.665729 0.142662 0.080555 0.000402 0.033593 0.000004
0.075941 0.663814 0.144248 0.081406 0.000401 0.034185 0.000004
0.071980 0.665411 0.145443 0.081999 0.000409 0.034755 0.000003
0.066777 0.666573 0.147532 0.083161 0.000421 0.035532 0.000004
0.067913 0.661910 0.149279 0.084056 0.000425 0.036414 0.000004
0.070459 0.658697 0.149283 0.084264 0.000424 0.036870 0.000005
0.067999 0.656167 0.151955 0.085576 0.000454 0.037844 0.000005
0.059926 0.658291 0.154849 0.087363 0.000454 0.039112 0.000005
0.063487 0.654802 0.154615 0.087236 0.000458 0.039397 0.000004
0.063170 0.654109 0.155042 0.087506 0.000467 0.039701 0.000005
0.055351 0.654405 0.158823 0.089577 0.000493 0.041346 0.000005
0.058714 0.650774 0.158844 0.089584 0.000491 0.041588 0.000005
0.056621 0.648283 0.161066 0.090862 0.000515 0.042648 0.000006
0.058012 0.648249 0.160271 0.090232 0.000503 0.042730 0.000004
0.054153 0.646258 0.163264 0.091920 0.000512 0.043887 0.000005
0.048442 0.648185 0.165098 0.092908 0.000529 0.044831 0.000007
0.053226 0.642525 0.165362 0.092963 0.000525 0.045393 0.000006
0.057646 0.636700 0.165876 0.093290 0.000539 0.045945 0.000004
0.058096 0.634117 0.166730 0.094016 0.000542 0.046495 0.000005
0.058322 0.631592 0.167632 0.094540 0.000546 0.047365 0.000004
0.062817 0.624195 0.168671 0.095227 0.000562 0.048522 0.000006
0.068154 0.620669 0.167940 0.094481 0.000551 0.048200 0.000005
0.065026 0.619628 0.169556 0.095739 0.000555 0.049491 0.000005
0.068847 0.618081 0.168230 0.094938 0.000564 0.049334 0.000006
0.062323 0.618669 0.171090 0.096691 0.000579 0.050642 0.000007
0.065318 0.613401 0.172024 0.097267 0.000579 0.051405 0.000005
0.069268 0.609770 0.171796 0.097015 0.000605 0.051542 0.000004
0.071366 0.606156 0.172203 0.097475 0.000596 0.052199 0.000006
0.068555 0.606791 0.173308 0.097823 0.000618 0.052899 0.000005
0.067456 0.605494 0.174351 0.098400 0.000619 0.053677 0.000004
0.068613 0.603736 0.174195 0.098608 0.000638 0.054203 0.000005
0.064002 0.602026 0.177362 0.100174 0.000661 0.055768 0.000006
0.066247 0.600838 0.176491 0.099721 0.000667 0.056030 0.000005
0.064106 0.601213 0.177435 0.100168 0.000669 0.056404 0.000004
0.059010 0.601784 0.179467 0.101297 0.000684 0.057753 0.000005
0.059745 0.598002 0.180697 0.102008 0.000713 0.058829 0.000006
0.052731 0.600700 0.182739 0.103452 0.000699 0.059674 0.000005
0.056151 0.597957 0.182307 0.102640 0.000715 0.060226 0.000005
0.050308 0.598652 0.184727 0.104249 0.000730 0.061330 0.000005
0.049287 0.597238 0.185697 0.104591 0.000763 0.062420 0.000005
0.046274 0.596996 0.187040 0.105578 0.000789 0.063317 0.000005
0.043487 0.595616 0.188857 0.106564 0.000790 0.064680 0.000004
0.041208 0.592959 0.191047 0.107762 0.000816 0.066201 0.000007
0.038281 0.593456 0.192201 0.108424 0.000802 0.066830 0.000006
0.038804 0.593494 0.191505 0.108507 0.000807 0.066875 0.000008
0.034790 0.591081 0.194758 0.109955 0.000837 0.068573 0.000006
0.038125 0.588057 0.194175 0.109754 0.000841 0.069043 0.000006
0.040113 0.585080 0.194502 0.109916 0.000849 0.069534 0.000006
0.039525 0.582932 0.195800 0.110560 0.000862 0.070313 0.000007
0.038192 0.581586 0.196980 0.111171 0.000866 0.071198 0.000008
0.038882 0.578208 0.197717 0.111873 0.000881 0.072432 0.000007
0.038929 0.576246 0.198472 0.112273 0.000889 0.073183 0.000007
0.037596 0.575183 0.199521 0.112765 0.000900 0.074029 0.000006
0.034932 0.571522 0.202099 0.114570 0.000914 0.075958 0.000005
0.036386 0.570077 0.202168 0.114172 0.000915 0.076276 0.000007
0.034979 0.568974 0.203031 0.114701 0.000926 0.077382 0.000007
0.035807 0.567931 0.202986 0.114680 0.000910 0.077681 0.000006
0.032913 0.565395 0.205585 0.116023 0.000936 0.079140 0.000007
0.034907 0.564313 0.204747 0.115871 0.000942 0.079214 0.000007
0.032319 0.562252 0.206806 0.116915 0.000954 0.080748 0.000006
0.029908 0.560331 0.208863 0.117635 0.000972 0.082283 0.000007
0.027953 0.557227 0.210890 0.118792 0.000997 0.084134 0.000007
0.028297 0.556924 0.210575 0.118916 0.000997 0.084285 0.000006
0.027726 0.554216 0.211857 0.119603 0.001019 0.085571 0.000007
0.027660 0.555189 0.211462 0.119356 0.001012 0.085312 0.000008
0.024928 0.552442 0.213598 0.120848 0.001017 0.087160 0.000007
0.026793 0.551661 0.212797 0.120487 0.001051 0.087203 0.000008
0.024843 0.549536 0.214455 0.121404 0.001044 0.088712 0.000006
0.031921 0.542010 0.214213 0.121587 0.001058 0.089204 0.000007
0.031341 0.539612 0.215540 0.121902 0.001056 0.090541 0.000007
0.032189 0.536465 0.216121 0.122487 0.001070 0.091661 0.000007
0.032481 0.536218 0.216025 0.122381 0.001106 0.091780 0.000009
0.029662 0.536250 0.217354 0.122776 0.001098 0.092852 0.000007
0.031336 0.533047 0.217627 0.123218 0.001107 0.093655 0.000010
0.028639 0.530267 0.220086 0.124499 0.001139 0.095361 0.000009
0.030798 0.530245 0.218762 0.123888 0.001137 0.095163 0.000008
0.032608 0.526936 0.219037 0.124075 0.001127 0.096210 0.000007
0.032981 0.526774 0.218681 0.123973 0.001145 0.096439 0.000008
0.027345 0.522190 0.223209 0.126280 0.001186 0.099780 0.000010
0.030031 0.521421 0.221841 0.125844 0.001165 0.099687 0.000009
0.027057 0.522622 0.222658 0.126181 0.001171 0.100303 0.000008
0.027851 0.520915 0.223074 0.125920 0.001199 0.101034 0.000008
0.028122 0.518380 0.223542 0.126488 0.001218 0.102240 0.000010
0.023730 0.517232 0.225924 0.127829 0.001239 0.104034 0.000011
0.025147 0.515715 0.225528 0.127676 0.001253 0.104672 0.000010
0.024293 0.516151 0.225793 0.127764 0.001235 0.104754 0.000010
0.022389 0.511692 0.228142 0.129239 0.001261 0.107266 0.000012
0.024926 0.513569 0.226091 0.127969 0.001262 0.106173 0.000010
0.021457 0.509785 0.228775 0.129791 0.001300 0.108881 0.000011
0.020471 0.509038 0.229560 0.129875 0.001328 0.109716 0.000011
0.020528 0.505440 0.230826 0.130813 0.001319 0.111063 0.000011
0.020130 0.505509 0.230845 0.130724 0.001310 0.111471 0.000011
0.018918 0.505019 0.231170 0.131116 0.001337 0.112426 0.000013
0.018833 0.501426 0.232678 0.131650 0.001351 0.114052 0.000010
0.018528 0.499653 0.233176 0.132120 0.001363 0.115150 0.000010
0.016809 0.499449 0.234191 0.132663 0.001358 0.115519 0.000012
0.017728 0.496092 0.234577 0.133042 0.001381 0.117168 0.000012
0.016652 0.495274 0.235514 0.133286 0.001398 0.117865 0.000012
0.016771 0.492016 0.236600 0.133870 0.001423 0.119307 0.000013
0.016179 0.490869 0.237023 0.134330 0.001417 0.120170 0.000013
0.016073 0.487296 0.238107 0.134982 0.001451 0.122077 0.000014
0.016131 0.486983 0.238015 0.134923 0.001452 0.122483 0.000013
0.015925 0.487112 0.237854 0.134893 0.001438 0.122765 0.000013
0.015014 0.483289 0.239527 0.135689 0.001450 0.125019 0.000012
0.014537 0.481247 0.240485 0.135932 0.001521 0.126261 0.000016
0.014933 0.480453 0.240071 0.136404 0.001491 0.126636 0.000013
0.014408 0.478178 0.241412 0.136673 0.001528 0.127787 0.000012
0.013939 0.474837 0.242507 0.137639 0.001527 0.129538 0.000013
0.014466 0.473890 0.242418 0.137389 0.001531 0.130291 0.000015
0.013990 0.470724 0.243751 0.137988 0.001521 0.132012 0.000013
0.014318 0.472238 0.242694 0.137491 0.001516 0.131728 0.000014
0.014074 0.470388 0.243751 0.137690 0.001534 0.132552 0.000011
0.013861 0.468202 0.244493 0.138226 0.001574 0.133628 0.000015
0.013722 0.465534 0.245174 0.138878 0.001575 0.135100 0.000017
0.013438 0.462003 0.246426 0.139452 0.001585 0.137076 0.000018
0.013628 0.462792 0.245988 0.139309 0.001615 0.136652 0.000016
0.013087 0.458945 0.247476 0.140129 0.001604 0.138740 0.000019
0.013409 0.458279 0.247140 0.140073 0.001619 0.139462 0.000018
0.013204 0.456242 0.248153 0.140306 0.001617 0.140459 0.000020
0.013255 0.455150 0.247936 0.140380 0.001629 0.141628 0.000020
0.013136 0.454708 0.247978 0.140788 0.001641 0.141729 0.000019
0.013173 0.453157 0.248558 0.140740 0.001630 0.142724 0.000018
0.013032 0.450851 0.249154 0.141065 0.001653 0.144224 0.000021
0.012808 0.446960 0.250449 0.141791 0.001663 0.146309 0.000020
0.012746 0.445834 0.250797 0.141901 0.001724 0.146977 0.000021
0.013049 0.445257 0.250735 0.141749 0.001697 0.147489 0.000024
0.012881 0.444208 0.250779 0.142011 0.001705 0.148394 0.000023
0.012759 0.441323 0.251767 0.142626 0.001721 0.149779 0.000024
0.012609 0.439281 0.252503 0.142590 0.001738 0.151255 0.000023
0.012688 0.438535 0.252274 0.142887 0.001738 0.151857 0.000021
0.012662 0.436664 0.252696 0.143202 0.001747 0.153010 0.000019
0.012548 0.434606 0.253268 0.143626 0.001785 0.154143 0.000023
0.012487 0.432095 0.254041 0.143918 0.001775 0.155657 0.000027
0.012436 0.432091 0.253848 0.143908 0.001774 0.155918 0.000025
0.012374 0.431034 0.254063 0.143845 0.001787 0.156872 0.000026
0.012344 0.427424 0.254929 0.144371 0.001828 0.159076 0.000029
0.012346 0.427490 0.255050 0.144502 0.001813 0.158776 0.000023
0.012357 0.424912 0.255562 0.144579 0.001842 0.160725 0.000023
0.012218 0.422619 0.255850 0.145249 0.001833 0.162201 0.000030
0.021322 0.420642 0.253019 0.143473 0.001821 0.159695 0.000027
0.022366 0.418447 0.252993 0.143495 0.001835 0.160838 0.000026
0.024431 0.416694 0.252498 0.142860 0.001842 0.161649 0.000026
0.024409 0.414176 0.253079 0.143508 0.001841 0.162962 0.000025
0.022427 0.413002 0.254186 0.143822 0.001843 0.164691 0.000029
0.024157 0.411327 0.253680 0.143633 0.001875 0.165301 0.000027
0.024920 0.410796 0.253311 0.143196 0.001877 0.165871 0.000029
0.024430 0.410522 0.253292 0.143315 0.001901 0.166510 0.000029
0.026558 0.408816 0.252724 0.143152 0.001897 0.166826 0.000026
0.022386 0.406217 0.255327 0.144477 0.001909 0.169653 0.000030
0.023981 0.406651 0.253995 0.143944 0.001888 0.169514 0.000027
0.023540 0.405384 0.254613 0.144067 0.001930 0.170437 0.000028
0.021257 0.406114 0.254994 0.144462 0.001951 0.171191 0.000030
0.023874 0.403917 0.254394 0.144026 0.001947 0.171815 0.000027
0.021438 0.402718 0.255642 0.144728 0.001973 0.173474 0.000028
0.019544 0.401995 0.255999 0.144947 0.001961 0.175522 0.000031
0.020746 0.401411 0.255847 0.144653 0.001959 0.175356 0.000028
0.018037 0.400073 0.257095 0.145367 0.002003 0.177397 0.000029
0.018838 0.396524 0.257244 0.145699 0.002010 0.179652 0.000032
0.017107 0.397190 0.257758 0.145912 0.002039 0.179963 0.000031
0.017386 0.394824 0.258532 0.145999 0.001978 0.181251 0.000031
0.015576 0.393106 0.259293 0.146888 0.002039 0.183064 0.000034
0.016466 0.391726 0.259078 0.146678 0.002054 0.183972 0.000026
0.015090 0.391343 0.259823 0.146825 0.002083 0.184806 0.000031
0.014709 0.388703 0.260529 0.147317 0.002074 0.186636 0.000032
0.014227 0.388346 0.260815 0.147251 0.002088 0.187238 0.000035
0.013464 0.386722 0.261373 0.147674 0.002075 0.188661 0.000031
0.012782 0.384583 0.262165 0.148310 0.002091 0.190037 0.000032
0.014231 0.385118 0.261110 0.147411 0.002112 0.189985 0.000033
0.012932 0.383213 0.261722 0.148350 0.002120 0.191632 0.000030
0.013640 0.381921 0.261578 0.148023 0.002117 0.192685 0.000036
0.013272 0.379927 0.262313 0.148196 0.002133 0.194125 0.000035
0.012888 0.378145 0.262628 0.148582 0.002186 0.195535 0.000035
0.013218 0.378216 0.262127 0.148499 0.002172 0.195734 0.000034
0.012706 0.375550 0.263216 0.148860 0.002223 0.197412 0.000033
0.013159 0.376003 0.262273 0.148594 0.002209 0.197732 0.000031
0.012193 0.370787 0.264156 0.149407 0.002236 0.201185 0.000036
0.012126 0.369848 0.264303 0.149481 0.002262 0.201948 0.000032
0.012994 0.372489 0.262593 0.148602 0.002241 0.201049 0.000033
0.012382 0.370167 0.263465 0.148798 0.002272 0.202883 0.000033
0.012220 0.368005 0.264127 0.149220 0.002246 0.204145 0.000037
0.012445 0.366358 0.264002 0.149276 0.002278 0.205601 0.000040
0.012142 0.365745 0.264243 0.149637 0.002267 0.205926 0.000039
0.012441 0.363440 0.264207 0.149647 0.002271 0.207957 0.000037
0.012022 0.364345 0.264193 0.149597 0.002330 0.207478 0.000034
0.012141 0.361251 0.264790 0.149436 0.002331 0.210013 0.000038
0.011870 0.358848 0.265394 0.150247 0.002376 0.211231 0.000034
0.011933 0.360041 0.264890 0.150043 0.002355 0.210703 0.000035
0.011662 0.356147 0.266102 0.150492 0.002371 0.213190 0.000036
0.011706 0.356038 0.265564 0.150416 0.002348 0.213891 0.000036
0.011425 0.353852 0.266394 0.150422 0.002390 0.215475 0.000042
0.011890 0.353608 0.266189 0.150171 0.002410 0.215690 0.000042
0.011508 0.352101 0.266455 0.150379 0.002415 0.217098 0.000043
0.011545 0.348728 0.266884 0.150931 0.002460 0.219409 0.000043
0.011732 0.347850 0.266676 0.150797 0.002477 0.220424 0.000044
0.011601 0.348917 0.266376 0.150542 0.002453 0.220068 0.000043
0.011903 0.347563 0.266095 0.150601 0.002470 0.221325 0.000044
0.011673 0.344839 0.266904 0.151057 0.002494 0.222995 0.000037
0.011651 0.344292 0.266808 0.151295 0.002481 0.223429 0.000045
0.011565 0.340743 0.267516 0.151354 0.002507 0.226266 0.000050
0.011728 0.341608 0.267321 0.150940 0.002511 0.225850 0.000042
0.011491 0.339292 0.267883 0.151431 0.002528 0.227331 0.000043
0.011677 0.338995 0.267222 0.151272 0.002545 0.228241 0.000047
0.023305 0.334925 0.263736 0.149219 0.002509 0.226259 0.000046
0.023454 0.332718 0.264069 0.149416 0.002538 0.227759 0.000047
0.027585 0.332827 0.262251 0.148246 0.002545 0.226498 0.000048
0.023773 0.331578 0.264127 0.149145 0.002543 0.228787 0.000047
0.021639 0.331113 0.264223 0.149775 0.002538 0.230665 0.000048
0.025359 0.330094 0.262588 0.148769 0.002535 0.230609 0.000047
0.030686 0.330726 0.260151 0.147389 0.002510 0.228487 0.000052
0.023373 0.328835 0.263487 0.149156 0.002563 0.232536 0.000050
0.025509 0.330113 0.261719 0.148229 0.002564 0.231817 0.000050
0.023838 0.328469 0.262631 0.148646 0.002597 0.233775 0.000045
0.025009 0.327406 0.262034 0.148276 0.002584 0.234640 0.000052
0.023156 0.326688 0.262605 0.148596 0.002652 0.236253 0.000050
0.022616 0.326758 0.262385 0.148633 0.002634 0.236918 0.000056
0.020952 0.324325 0.263269 0.149098 0.002633 0.239672 0.000050
0.020457 0.324810 0.263063 0.149307 0.002634 0.239677 0.000052
0.017622 0.321508 0.264977 0.150217 0.002660 0.242965 0.000050
0.020410 0.324970 0.262728 0.149030 0.002634 0.240178 0.000049
0.016960 0.320892 0.264897 0.150222 0.002659 0.244317 0.000052
0.018738 0.323549 0.262911 0.149250 0.002668 0.242832 0.000053
0.015398 0.319484 0.265303 0.150662 0.002730 0.246370 0.000052
0.015545 0.316766 0.265956 0.150419 0.002746 0.248512 0.000057
0.015701 0.319221 0.265263 0.150236 0.002701 0.246824 0.000054
0.014319 0.316047 0.266139 0.150569 0.002753 0.250118 0.000056
0.014473 0.316030 0.265642 0.150744 0.002760 0.250292 0.000059
0.014341 0.314299 0.265758 0.150959 0.002777 0.251813 0.000053
0.015059 0.315434 0.264893 0.150038 0.002744 0.251775 0.000058
0.014003 0.311967 0.266146 0.150727 0.002793 0.254307 0.000057
0.013467 0.310949 0.266505 0.150966 0.002794 0.255265 0.000056
0.013014 0.307849 0.267521 0.150885 0.002794 0.257877 0.000060
0.013633 0.308727 0.265905 0.150701 0.002783 0.258192 0.000058
0.012778 0.307147 0.267261 0.151424 0.002836 0.258502 0.000053
0.013026 0.307829 0.266358 0.150562 0.002854 0.259310 0.000061
0.013192 0.308190 0.266075 0.150504 0.002802 0.259178 0.000060
0.012697 0.304487 0.266572 0.151019 0.002842 0.262319 0.000063
0.012485 0.301325 0.267346 0.151621 0.002858 0.264298 0.000067
0.012414 0.303251 0.266624 0.151003 0.002867 0.263775 0.000065
0.012395 0.300681 0.267316 0.151040 0.002872 0.265630 0.000066
0.012310 0.299580 0.267200 0.151088 0.002885 0.266874 0.000063
0.012223 0.297127 0.267343 0.151653 0.002903 0.268687 0.000063
0.012246 0.295693 0.267585 0.151436 0.002931 0.270038 0.000070
0.012035 0.295629 0.267573 0.151492 0.002926 0.270278 0.000067
0.011882 0.293684 0.267969 0.151577 0.002966 0.271851 0.000070
0.012190 0.295286 0.267344 0.150992 0.002944 0.271172 0.000072
0.011987 0.292358 0.267530 0.151380 0.003007 0.273666 0.000073
0.012134 0.291845 0.267343 0.151316 0.002981 0.274313 0.000069
0.013176 0.290556 0.267109 0.151104 0.003002 0.274984 0.000068
0.024047 0.286801 0.263718 0.149118 0.002982 0.273261 0.000074
0.029003 0.287678 0.261577 0.148129 0.002898 0.270646 0.000069
0.030079 0.287658 0.260377 0.147375 0.002915 0.271531 0.000065
0.027191 0.285698 0.261981 0.147963 0.002975 0.274123 0.000070
0.024924 0.285805 0.261885 0.148216 0.002958 0.276141 0.000069
0.028164 0.287379 0.260514 0.147362 0.002992 0.273522 0.000067
0.025098 0.285017 0.261774 0.147998 0.003006 0.277032 0.000073
0.027067 0.284987 0.260863 0.147633 0.002960 0.276423 0.000067
0.022307 0.284195 0.262364 0.148433 0.003034 0.279596 0.000071
0.029157 0.284535 0.259240 0.146542 0.003026 0.277432 0.000069
0.022384 0.282806 0.261696 0.148007 0.003080 0.281960 0.000068
0.021748 0.282547 0.261849 0.148091 0.003070 0.282627 0.000068
0.024168 0.282897 0.260413 0.147238 0.003050 0.282165 0.000070
0.021844 0.282823 0.261282 0.147538 0.003087 0.283357 0.000068
0.021134 0.282910 0.261029 0.147833 0.003061 0.283965 0.000067
0.019079 0.281848 0.261620 0.148069 0.003081 0.286234 0.000069
0.018116 0.278555 0.262702 0.148760 0.003146 0.288647 0.000074
0.016449 0.278151 0.263402 0.148874 0.003134 0.289912 0.000078
0.017551 0.278053 0.261999 0.148434 0.003150 0.290740 0.000072
0.016138 0.275575 0.263165 0.149141 0.003147 0.292758 0.000076
0.016555 0.274575 0.262586 0.148773 0.003183 0.294242 0.000085
0.016584 0.274813 0.262496 0.148449 0.003201 0.294381 0.000077
0.015825 0.272525 0.262900 0.148577 0.003191 0.296903 0.000078
0.015623 0.273037 0.262627 0.148658 0.003186 0.296798 0.000071
0.015830 0.272594 0.262308 0.148423 0.003226 0.297539 0.000079
0.014001 0.270922 0.263599 0.149275 0.003205 0.298916 0.000081
0.014126 0.268449 0.263162 0.149132 0.003233 0.301811 0.000087
0.015601 0.269825 0.262026 0.148230 0.003217 0.301019 0.000081
0.014175 0.265963 0.263101 0.148915 0.003278 0.304480 0.000089
0.013710 0.264569 0.263935 0.149219 0.003301 0.305184 0.000082
0.013642 0.266011 0.263526 0.148887 0.003265 0.304585 0.000085
0.013598 0.263777 0.263167 0.149051 0.003292 0.307033 0.000082
0.014273 0.264316 0.262627 0.148430 0.003273 0.306997 0.000083
0.013572 0.261367 0.262732 0.148830 0.003311 0.310101 0.000087
0.013380 0.260939 0.263261 0.148801 0.003325 0.310214 0.000081
0.013271 0.260093 0.262979 0.148689 0.003339 0.311548 0.000081
0.013019 0.258497 0.263426 0.148759 0.003339 0.312875 0.000084
0.013182 0.259074 0.262884 0.148458 0.003380 0.312940 0.000082
0.013052 0.260750 0.262689 0.148343 0.003356 0.311724 0.000085
0.012926 0.255717 0.263320 0.148475 0.003393 0.316082 0.000086
0.012892 0.255011 0.262927 0.148835 0.003400 0.316853 0.000082
0.012680 0.252009 0.263294 0.148822 0.003401 0.319702 0.000091
0.013237 0.255166 0.261985 0.148253 0.003387 0.317886 0.000086
0.012924 0.254222 0.262289 0.148521 0.003465 0.318494 0.000084
0.012795 0.252078 0.262543 0.148267 0.003397 0.320836 0.000084
0.013108 0.253654 0.261981 0.147720 0.003417 0.320038 0.000082
0.012652 0.248635 0.262428 0.148153 0.003423 0.324623 0.000086
0.013070 0.249321 0.261751 0.147874 0.003448 0.324443 0.000092
0.012802 0.247427 0.262232 0.148390 0.003465 0.325591 0.000093
0.012680 0.247840 0.262442 0.148075 0.003498 0.325379 0.000085
0.012828 0.247272 0.261913 0.147951 0.003465 0.326487 0.000084
0.012731 0.245867 0.262055 0.148080 0.003525 0.327658 0.000084
0.012946 0.245339 0.261490 0.147702 0.003512 0.328922 0.000089
0.012823 0.243703 0.261366 0.148077 0.003503 0.330435 0.000093
0.013225 0.245936 0.260430 0.147233 0.003447 0.329643 0.000087
0.012722 0.242388 0.260940 0.147628 0.003487 0.332750 0.000085
0.012661 0.241114 0.261432 0.147745 0.003542 0.333421 0.000086
0.012896 0.240958 0.260929 0.147481 0.003499 0.334150 0.000086
0.012701 0.239640 0.260884 0.147508 0.003516 0.335661 0.000089
0.012820 0.239885 0.260441 0.147368 0.003529 0.335868 0.000089
0.012754 0.238175 0.260624 0.147436 0.003557 0.337371 0.000084
0.012855 0.236980 0.260580 0.147177 0.003586 0.338725 0.000097
0.012718 0.237231 0.260394 0.147434 0.003566 0.338568 0.000089
0.012884 0.237382 0.260228 0.146772 0.003540 0.339098 0.000095
0.012851 0.235804 0.260189 0.147273 0.003635 0.340156 0.000093
0.012823 0.232973 0.260151 0.147125 0.003598 0.343233 0.000096
0.012837 0.234947 0.259446 0.146871 0.003596 0.342217 0.000087
0.012636 0.231747 0.260150 0.146956 0.003619 0.344799 0.000093
0.012775 0.231726 0.259545 0.146761 0.003617 0.345482 0.000094
0.012819 0.232382 0.259128 0.146265 0.003589 0.345721 0.000096
0.012912 0.229261 0.259286 0.146544 0.003633 0.348271 0.000093
0.013018 0.229801 0.258643 0.146172 0.003610 0.348665 0.000090
0.012861 0.228493 0.258539 0.146429 0.003694 0.349884 0.000100
0.013080 0.227471 0.258163 0.145828 0.003712 0.351654 0.000092
0.012983 0.227153 0.258640 0.146112 0.003678 0.351337 0.000096
0.012791 0.224048 0.258796 0.146065 0.003691 0.354506 0.000102
0.013075 0.227989 0.258154 0.145682 0.003684 0.351325 0.000091
0.013072 0.226303 0.257606 0.145624 0.003663 0.353634 0.000098
0.012984 0.223404 0.258109 0.145517 0.003731 0.356151 0.000103
0.012964 0.222842 0.257779 0.145761 0.003686 0.356863 0.000104
0.013002 0.223853 0.257543 0.145487 0.003713 0.356315 0.000086
0.013192 0.223104 0.257151 0.145531 0.003717 0.357198 0.000107
0.013281 0.220539 0.257111 0.145226 0.003719 0.360025 0.000099
0.013038 0.221023 0.257026 0.145168 0.003764 0.359875 0.000106
0.013175 0.220461 0.256697 0.145112 0.003789 0.360668 0.000098
0.013150 0.219131 0.256646 0.145078 0.003786 0.362107 0.000102
0.013099 0.219465 0.256700 0.144861 0.003797 0.361977 0.000102
0.013055 0.218453 0.255889 0.144734 0.003778 0.363995 0.000098
0.013283 0.218187 0.256032 0.144699 0.003805 0.363892 0.000102
0.013286 0.218064 0.256197 0.144702 0.003769 0.363876 0.000107
0.013210 0.216074 0.255820 0.144273 0.003813 0.366709 0.000101
0.013347 0.214390 0.255953 0.144415 0.003794 0.367995 0.000107
0.013268 0.213657 0.255432 0.144383 0.003848 0.369302 0.000110
0.013358 0.212579 0.255102 0.144054 0.003860 0.370943 0.000104
0.013464 0.211164 0.254944 0.144039 0.003851 0.372428 0.000110
0.013381 0.210737 0.254606 0.144214 0.003823 0.373136 0.000103
0.013467 0.211642 0.254911 0.143833 0.003853 0.372185 0.000110
0.013411 0.210532 0.254666 0.143441 0.003857 0.373980 0.000112
0.013651 0.210256 0.253866 0.143484 0.003856 0.374779 0.000108
0.013678 0.210255 0.253597 0.143587 0.003872 0.374899 0.000111
0.013574 0.209861 0.253800 0.143272 0.003911 0.375482 0.000100
0.013530 0.208631 0.253764 0.143209 0.003904 0.376849 0.000112
0.013568 0.206644 0.253033 0.143250 0.003969 0.379427 0.000109
0.013745 0.207608 0.252980 0.143060 0.003942 0.378546 0.000119
0.013610 0.205543 0.253252 0.142869 0.003993 0.380623 0.000110
0.013678 0.205634 0.252673 0.142536 0.003911 0.381452 0.000116
0.013622 0.204885 0.252308 0.142708 0.003959 0.382403 0.000116
0.013689 0.204019 0.252512 0.142433 0.003933 0.383298 0.000116
0.013798 0.204767 0.252103 0.142334 0.003935 0.382948 0.000114
0.013706 0.203072 0.252265 0.142309 0.003917 0.384616 0.000115
0.013752 0.200521 0.251741 0.142227 0.004002 0.387637 0.000119
0.013763 0.202477 0.251131 0.142146 0.003913 0.386454 0.000116
0.013962 0.202016 0.251331 0.142028 0.003983 0.386555 0.000127
0.014015 0.200682 0.250933 0.141872 0.004030 0.388343 0.000125
0.014007 0.198397 0.251085 0.141884 0.003978 0.390531 0.000118
0.013986 0.198617 0.251074 0.141389 0.004028 0.390787 0.000119
0.014170 0.198323 0.250274 0.141529 0.003995 0.391585 0.000125
0.014138 0.197314 0.250127 0.141454 0.004044 0.392802 0.000121
0.014176 0.197899 0.249857 0.141467 0.004015 0.392467 0.000119
0.014346 0.197907 0.249186 0.141243 0.003978 0.393212 0.000128
0.014132 0.196436 0.249525 0.141297 0.004072 0.394423 0.000116
0.014195 0.195506 0.249592 0.140859 0.003985 0.395736 0.000127
0.014286 0.195433 0.248953 0.140814 0.004003 0.396390 0.000122
0.014178 0.194575 0.249107 0.140821 0.004062 0.397133 0.000123
0.014221 0.195045 0.248788 0.140432 0.004096 0.397294 0.000125
0.014223 0.193889 0.248180 0.140478 0.004052 0.399055 0.000122
0.014287 0.192859 0.248227 0.140344 0.004062 0.400098 0.000122
0.014218 0.191684 0.247849 0.140259 0.004067 0.401793 0.000130
0.014179 0.190279 0.248022 0.139862 0.004055 0.403466 0.000137
0.014452 0.190579 0.247337 0.139917 0.004113 0.403477 0.000125
0.014257 0.190008 0.247120 0.139753 0.004134 0.404600 0.000128
0.014390 0.188863 0.246661 0.139914 0.004121 0.405923 0.000129
0.014419 0.189314 0.246995 0.139573 0.004119 0.405448 0.000133
0.014500 0.188260 0.246002 0.139237 0.004194 0.407679 0.000128
0.014453 0.189908 0.246620 0.139433 0.004113 0.405337 0.000136
0.014571 0.187684 0.245600 0.139305 0.004169 0.408540 0.000131
0.014612 0.188451 0.245454 0.139143 0.004162 0.408042 0.000136
0.014589 0.186196 0.245654 0.139121 0.004156 0.410152 0.000132
0.014644 0.185834 0.244986 0.138710 0.004184 0.411504 0.000138
0.014595 0.186286 0.244891 0.138713 0.004242 0.411134 0.000137
0.014615 0.184343 0.244622 0.139055 0.004127 0.413094 0.000143
0.014697 0.184311 0.244722 0.138349 0.004214 0.413576 0.000129
0.014782 0.183564 0.244249 0.138172 0.004235 0.414864 0.000133
0.014758 0.182768 0.244086 0.138224 0.004215 0.415807 0.000142
0.014739 0.182105 0.243624 0.137955 0.004242 0.417193 0.000141
0.014917 0.181604 0.243511 0.137832 0.004258 0.417729 0.000150
0.014868 0.181236 0.243214 0.137794 0.004237 0.418502 0.000149
0.014909 0.181196 0.243092 0.137233 0.004233 0.419199 0.000138
0.014937 0.181821 0.243203 0.137490 0.004227 0.418179 0.000143
0.015006 0.178820 0.242405 0.137095 0.004310 0.422233 0.000131
0.015094 0.180312 0.242553 0.137175 0.004238 0.420482 0.000146
0.015087 0.178283 0.242417 0.136867 0.004293 0.422918 0.000135
0.015015 0.177082 0.241829 0.136928 0.004321 0.424688 0.000137
0.015108 0.177358 0.241750 0.136650 0.004300 0.424690 0.000144
0.015186 0.177935 0.241456 0.136673 0.004265 0.424341 0.000145
0.015067 0.176094 0.241148 0.136527 0.004370 0.426646 0.000148
0.015328 0.175227 0.241155 0.136161 0.004316 0.427664 0.000149
0.015229 0.175465 0.241030 0.136471 0.004386 0.427268 0.000152
0.015311 0.174045 0.240798 0.136128 0.004321 0.429248 0.000150
0.015238 0.174016 0.240365 0.135842 0.004343 0.430048 0.000148
0.015398 0.175033 0.239880 0.135920 0.004397 0.429225 0.000145
0.015184 0.173297 0.239724 0.135759 0.004390 0.431501 0.000145
0.015626 0.172986 0.239427 0.135425 0.004325 0.432066 0.000145
0.015536 0.173674 0.238958 0.135495 0.004333 0.431850 0.000154
0.015467 0.172602 0.239001 0.135247 0.004414 0.433125 0.000143
0.015602 0.171856 0.238947 0.135484 0.004366 0.433596 0.000150
0.015776 0.169430 0.238711 0.134803 0.004358 0.436764 0.000157
0.015591 0.170653 0.238610 0.134826 0.004349 0.435815 0.000156
0.015723 0.169764 0.237945 0.134806 0.004388 0.437216 0.000158
0.015638 0.170612 0.237869 0.134822 0.004358 0.436535 0.000166
0.015904 0.168109 0.237500 0.134567 0.004500 0.439261 0.000160
0.015771 0.169705 0.238085 0.134426 0.004349 0.437514 0.000151
0.015833 0.167438 0.237109 0.134155 0.004432 0.440874 0.000159
0.015880 0.167644 0.236682 0.134113 0.004419 0.441098 0.000164
0.015854 0.167926 0.237041 0.133939 0.004428 0.440646 0.000165
0.015821 0.167481 0.236447 0.133658 0.004372 0.442059 0.000162
0.015933 0.165621 0.235823 0.133924 0.004439 0.444097 0.000161
0.016009 0.166666 0.236035 0.133392 0.004431 0.443301 0.000166
0.015965 0.164887 0.235539 0.133472 0.004439 0.445527 0.000171
0.016089 0.165923 0.235655 0.133259 0.004405 0.444500 0.000170
0.015958 0.165430 0.235139 0.133223 0.004451 0.445635 0.000165
0.016126 0.164099 0.234990 0.133028 0.004453 0.447147 0.000156
0.016100 0.162830 0.234667 0.132975 0.004432 0.448832 0.000164
0.016256 0.161702 0.234323 0.132569 0.004530 0.450446 0.000174
0.016151 0.163096 0.233901 0.132484 0.004506 0.449697 0.000165
0.016294 0.161598 0.233952 0.132135 0.004495 0.451360 0.000166
0.016374 0.161084 0.233112 0.132204 0.004530 0.452535 0.000161
0.016519 0.161243 0.233167 0.131722 0.004483 0.452703 0.000163
0.016490 0.161237 0.232963 0.132247 0.004524 0.452367 0.000172
0.016312 0.160409 0.233093 0.131784 0.004489 0.453737 0.000176
0.016532 0.159916 0.232591 0.131720 0.004544 0.454513 0.000184
0.016359 0.158386 0.232164 0.131366 0.004519 0.457027 0.000179
0.016478 0.157919 0.231947 0.130921 0.004582 0.457975 0.000178
0.016661 0.158899 0.231814 0.131150 0.004524 0.456773 0.000178
0.016694 0.158588 0.231296 0.130859 0.004514 0.457875 0.000173
0.016723 0.157321 0.231241 0.130717 0.004547 0.459277 0.000174
0.016855 0.156973 0.230990 0.130560 0.004555 0.459893 0.000174
0.016928 0.156452 0.230128 0.130679 0.004556 0.461078 0.000180
0.016840 0.156554 0.230255 0.130293 0.004515 0.461375 0.000168
0.016967 0.154129 0.229697 0.129830 0.004586 0.464608 0.000183
0.016836 0.155878 0.229850 0.129829 0.004545 0.462879 0.000183
0.016920 0.155623 0.229556 0.129589 0.004556 0.463561 0.000194
0.017239 0.154271 0.229537 0.129384 0.004571 0.464815 0.000183
0.017051 0.153403 0.229098 0.129301 0.004638 0.466337 0.000171
0.017214 0.153738 0.228692 0.129491 0.004551 0.466134 0.000180
0.017088 0.153809 0.228784 0.129103 0.004541 0.466498 0.000176
0.017256 0.152328 0.227910 0.129146 0.004612 0.468567 0.000182
0.017433 0.152484 0.227640 0.128847 0.004607 0.468806 0.000183
0.017305 0.151357 0.227101 0.128783 0.004620 0.470655 0.000179
0.017265 0.151614 0.227737 0.128385 0.004626 0.470187 0.000186
0.017112 0.151318 0.227636 0.128402 0.004621 0.470728 0.000184
0.017313 0.151228 0.226690 0.128354 0.004607 0.471619 0.000188
0.017301 0.150593 0.226498 0.128047 0.004639 0.472738 0.000185
0.017405 0.149620 0.226091 0.127986 0.004597 0.474106 0.000195
0.017492 0.149354 0.225784 0.127709 0.004589 0.474871 0.000203
0.017755 0.149453 0.225951 0.127524 0.004654 0.474476 0.000188
0.017710 0.148202 0.224740 0.127475 0.004663 0.477018 0.000193
0.017601 0.148655 0.225483 0.127324 0.004660 0.476086 0.000191
0.017670 0.148837 0.225382 0.127459 0.004609 0.475851 0.000192
0.017844 0.146644 0.224537 0.126779 0.004633 0.479362 0.000200
0.017819 0.148042 0.224415 0.126891 0.004665 0.477971 0.000195
0.017888 0.147474 0.224210 0.126873 0.004680 0.478680 0.000195
0.017878 0.147015 0.224007 0.126709 0.004645 0.479560 0.000186
0.018086 0.147572 0.223910 0.126614 0.004745 0.478884 0.000188
0.017943 0.146243 0.223256 0.126434 0.004694 0.481237 0.000193
0.017829 0.145798 0.222843 0.126079 0.004739 0.482518 0.000192
0.018038 0.144787 0.222674 0.126115 0.004677 0.483518 0.000192
0.018309 0.144752 0.222150 0.125836 0.004661 0.484087 0.000204
0.018260 0.143764 0.222300 0.125525 0.004724 0.485230 0.000197
0.018216 0.143567 0.221476 0.125388 0.004682 0.486468 0.000202
0.018195 0.144382 0.222077 0.125175 0.004647 0.485333 0.000190
0.018274 0.142756 0.220787 0.125077 0.004720 0.488176 0.000209
