0.999103 0.000883 0.000008 0.000005 0.000000 0.000000 0.000000
0.998644 0.001330 0.000015 0.000006 0.000001 0.000005 0.000000
0.998163 0.001798 0.000023 0.000010 0.000000 0.000006 0.000000
0.997696 0.002254 0.000030 0.000014 0.000000 0.000006 0.000000
0.997182 0.002762 0.000034 0.000017 0.000000 0.000006 0.000000
0.996633 0.003299 0.000044 0.000018 0.000000 0.000006 0.000000
0.995919 0.004005 0.000054 0.000017 0.000000 0.000006 0.000000
0.995270 0.004649 0.000059 0.000017 0.000000 0.000005 0.000000
0.994322 0.005584 0.000070 0.000019 0.000000 0.000005 0.000000
0.993149 0.006736 0.000091 0.000020 0.000000 0.000005 0.000000
0.991662 0.008201 0.000112 0.000021 0.000000 0.000004 0.000000
0.990308 0.009529 0.000119 0.000040 0.000000 0.000004 0.000000
0.988267 0.011549 0.000129 0.000052 0.000000 0.000004 0.000000
0.985615 0.014142 0.000170 0.000069 0.000000 0.000003 0.000000
0.982603 0.017123 0.000190 0.000081 0.000000 0.000003 0.000000
0.978484 0.021177 0.000232 0.000106 0.000000 0.000003 0.000000
0.974336 0.025223 0.000284 0.000155 0.000000 0.000002 0.000000
0.969678 0.029798 0.000355 0.000167 0.000000 0.000002 0.000000
0.963284 0.036008 0.000478 0.000228 0.000000 0.000002 0.000000
0.957046 0.042130 0.000575 0.000246 0.000000 0.000003 0.000000
0.951268 0.047702 0.000715 0.000309 0.000000 0.000006 0.000000
0.943967 0.054826 0.000795 0.000398 0.000000 0.000014 0.000000
0.935093 0.063453 0.000943 0.000490 0.000000 0.000020 0.000000
0.927097 0.071222 0.001076 0.000579 0.000000 0.000026 0.000000
0.915632 0.082391 0.001269 0.000678 0.000000 0.000030 0.000000
0.904029 0.093669 0.001476 0.000785 0.000000 0.000042 0.000000
0.893986 0.103425 0.001639 0.000895 0.000000 0.000055 0.000000
0.884246 0.112831 0.001814 0.001053 0.000000 0.000057 0.000000
0.870531 0.126089 0.002132 0.001181 0.000000 0.000067 0.000000
0.857899 0.138272 0.002456 0.001305 0.000000 0.000068 0.000000
0.847521 0.148261 0.002689 0.001457 0.000001 0.000072 0.000000
0.833961 0.161373 0.002946 0.001634 0.000001 0.000085 0.000000
0.820428 0.174467 0.003236 0.001769 0.000001 0.000100 0.000000
0.805163 0.189209 0.003557 0.001964 0.000001 0.000106 0.000000
0.790975 0.202839 0.003890 0.002163 0.000002 0.000131 0.000000
0.778608 0.214739 0.004166 0.002338 0.000004 0.000144 0.000000
0.764754 0.227982 0.004527 0.002577 0.000005 0.000155 0.000000
0.749806 0.242233 0.004964 0.002816 0.000005 0.000175 0.000000
0.736815 0.254656 0.005345 0.002987 0.000005 0.000192 0.000000
0.721655 0.269100 0.005785 0.003253 0.000004 0.000203 0.000000
0.707853 0.282138 0.006274 0.003516 0.000005 0.000214 0.000000
0.693044 0.296162 0.006734 0.003812 0.000005 0.000243 0.000000
0.681144 0.307319 0.007198 0.004063 0.000004 0.000273 0.000000
0.666678 0.320927 0.007744 0.004357 0.000004 0.000290 0.000000
0.653871 0.332932 0.008233 0.004646 0.000005 0.000313 0.000000
0.642480 0.343624 0.008674 0.004888 0.000004 0.000330 0.000000
0.627743 0.357416 0.009255 0.005229 0.000004 0.000353 0.000000
0.617791 0.366651 0.009701 0.005482 0.000005 0.000369 0.000000
0.600713 0.382588 0.010375 0.005912 0.000007 0.000405 0.000000
0.585318 0.396777 0.011141 0.006307 0.000007 0.000451 0.000000
0.575724 0.405586 0.011610 0.006605 0.000008 0.000467 0.000000
0.559936 0.420076 0.012393 0.007086 0.000008 0.000501 0.000000
0.549558 0.429480 0.012974 0.007443 0.000008 0.000537 0.000000
0.539752 0.438358 0.013548 0.007754 0.000009 0.000579 0.000000
0.526760 0.450022 0.014311 0.008257 0.000009 0.000642 0.000000
0.513117 0.462239 0.015194 0.008733 0.000011 0.000707 0.000000
0.498806 0.474962 0.016198 0.009258 0.000009 0.000766 0.000000
0.493386 0.479606 0.016674 0.009530 0.000010 0.000793 0.000000
0.479806 0.491642 0.017630 0.010065 0.000009 0.000848 0.000000
0.469351 0.500718 0.018474 0.010544 0.000010 0.000903 0.000000
0.460220 0.508508 0.019314 0.010986 0.000009 0.000963 0.000000
0.452569 0.515045 0.019984 0.011373 0.000010 0.001019 0.000000
0.442221 0.524098 0.020746 0.011852 0.000012 0.001072 0.000000
0.432531 0.532068 0.021828 0.012416 0.000011 0.001145 0.000000
0.424230 0.538919 0.022746 0.012894 0.000014 0.001196 0.000000
0.417891 0.544043 0.023451 0.013338 0.000013 0.001264 0.000000
0.409830 0.550712 0.024279 0.013811 0.000015 0.001354 0.000000
0.400810 0.558096 0.025194 0.014443 0.000014 0.001444 0.000000
0.390322 0.566917 0.026237 0.014994 0.000015 0.001515 0.000000
0.385478 0.570581 0.026911 0.015408 0.000019 0.001603 0.000000
0.378322 0.576229 0.027814 0.015927 0.000019 0.001690 0.000000
0.372855 0.580456 0.028558 0.016349 0.000019 0.001764 0.000000
0.362563 0.588727 0.029764 0.017023 0.000021 0.001901 0.000000
0.352083 0.597109 0.031003 0.017748 0.000023 0.002035 0.000000
0.345234 0.602474 0.031923 0.018208 0.000025 0.002136 0.000000
0.339837 0.606467 0.032711 0.018751 0.000024 0.002210 0.000000
0.329162 0.615130 0.033943 0.019380 0.000027 0.002358 0.000000
0.317842 0.623817 0.035511 0.020261 0.000029 0.002541 0.000000
0.312652 0.627439 0.036466 0.020779 0.000030 0.002635 0.000000
0.307019 0.631549 0.037351 0.021299 0.000031 0.002751 0.000000
0.301040 0.635331 0.038648 0.022025 0.000031 0.002926 0.000000
0.287762 0.645937 0.040232 0.022889 0.000033 0.003147 0.000000
0.283944 0.647568 0.041520 0.023596 0.000037 0.003335 0.000000
0.277643 0.652090 0.042580 0.024212 0.000036 0.003439 0.000000
0.274153 0.654187 0.043387 0.024651 0.000037 0.003583 0.000000
0.269397 0.656612 0.044794 0.025409 0.000040 0.003748 0.000000
0.262470 0.661120 0.046177 0.026228 0.000044 0.003960 0.000000
0.253849 0.666967 0.047770 0.027187 0.000044 0.004183 0.000000
0.253224 0.666204 0.048569 0.027619 0.000049 0.004334 0.000000
0.244121 0.672027 0.050431 0.028745 0.000056 0.004620 0.000000
0.236872 0.676935 0.051748 0.029579 0.000060 0.004806 0.000000
0.236710 0.675829 0.052439 0.029984 0.000059 0.004978 0.000000
0.230796 0.678916 0.054102 0.030868 0.000062 0.005256 0.000000
0.229218 0.678238 0.055403 0.031577 0.000064 0.005500 0.000000
0.218678 0.685559 0.057290 0.032637 0.000071 0.005766 0.000000
0.216647 0.685852 0.058236 0.033255 0.000070 0.005940 0.000000
0.214121 0.686210 0.059536 0.033864 0.000071 0.006197 0.000000
0.209700 0.688426 0.060742 0.034588 0.000073 0.006471 0.000000
0.200839 0.693482 0.062777 0.035963 0.000076 0.006863 0.000000
0.198601 0.693818 0.063843 0.036590 0.000079 0.007070 0.000000
0.192615 0.696429 0.065794 0.037660 0.000081 0.007420 0.000000
0.188642 0.698657 0.066860 0.038129 0.000082 0.007630 0.000000
0.182978 0.700799 0.068758 0.039359 0.000090 0.008015 0.000000
0.176253 0.704370 0.070660 0.040232 0.000095 0.008391 0.000000
0.172854 0.705338 0.071990 0.041051 0.000102 0.008666 0.000000
0.168789 0.706343 0.073710 0.042036 0.000101 0.009021 0.000000
0.164282 0.708721 0.074987 0.042615 0.000100 0.009294 0.000000
0.156302 0.713087 0.077054 0.043824 0.000109 0.009624 0.000000
0.150522 0.715580 0.078826 0.044846 0.000111 0.010115 0.000000
0.146677 0.715895 0.080629 0.046141 0.000119 0.010539 0.000000
0.141279 0.718255 0.082432 0.046996 0.000123 0.010915 0.000000
0.135937 0.720033 0.084338 0.048199 0.000133 0.011361 0.000000
0.131339 0.721450 0.086227 0.049093 0.000132 0.011759 0.000000
0.124583 0.725495 0.087612 0.050097 0.000133 0.012081 0.000000
0.126581 0.722387 0.088215 0.050289 0.000138 0.012389 0.000000
0.116385 0.727268 0.091143 0.052046 0.000138 0.013019 0.000000
0.117071 0.723206 0.092928 0.053098 0.000140 0.013557 0.000000
0.117046 0.721940 0.093513 0.053527 0.000154 0.013820 0.000000
0.112353 0.721298 0.096451 0.055174 0.000166 0.014558 0.000000
0.112494 0.719821 0.097180 0.055534 0.000164 0.014807 0.000000
0.106206 0.721145 0.099826 0.057036 0.000174 0.015613 0.000000
0.107444 0.719379 0.100253 0.057045 0.000177 0.015701 0.000000
0.105251 0.718624 0.101748 0.058014 0.000178 0.016185 0.000000
0.104641 0.715111 0.103868 0.059303 0.000187 0.016890 0.000000
0.105972 0.711610 0.105068 0.059896 0.000190 0.017265 0.000000
0.102486 0.712311 0.106626 0.060728 0.000192 0.017657 0.000000
0.101136 0.710384 0.108476 0.061596 0.000197 0.018211 0.000000
0.106872 0.703493 0.108982 0.061880 0.000209 0.018564 0.000000
0.108997 0.700296 0.109365 0.062248 0.000212 0.018882 0.000000
0.108278 0.697929 0.110897 0.063198 0.000215 0.019484 0.000000
0.106227 0.698186 0.111880 0.063624 0.000210 0.019873 0.000000
0.101024 0.699000 0.114239 0.064982 0.000228 0.020527 0.000000
0.102867 0.695712 0.114861 0.065449 0.000230 0.020881 0.000000
0.099798 0.696703 0.116110 0.065856 0.000235 0.021298 0.000000
0.096660 0.696361 0.117931 0.066811 0.000253 0.021984 0.000000
0.093437 0.695162 0.120285 0.068129 0.000272 0.022715 0.000000
0.091054 0.694970 0.121560 0.068976 0.000265 0.023175 0.000000
0.085457 0.695866 0.123905 0.070422 0.000273 0.024078 0.000000
0.082337 0.697789 0.124756 0.070686 0.000275 0.024157 0.000001
0.084120 0.694079 0.125511 0.071245 0.000289 0.024755 0.000001
0.082880 0.691922 0.127232 0.072230 0.000291 0.025443 0.000001
0.082419 0.691373 0.127788 0.072462 0.000306 0.025652 0.000001
0.077865 0.690985 0.130152 0.074013 0.000313 0.026671 0.000000
0.077326 0.688899 0.131498 0.074703 0.000311 0.027262 0.000001
0.070125 0.690221 0.134653 0.076511 0.000327 0.028162 0.000001
0.071546 0.686372 0.135746 0.077070 0.000339 0.028927 0.000001
0.070866 0.686778 0.135805 0.077181 0.000332 0.029037 0.000001
0.067151 0.686438 0.137634 0.078490 0.000344 0.029943 0.000000
0.064708 0.685850 0.139396 0.079173 0.000348 0.030525 0.000001
0.059167 0.685755 0.142124 0.080908 0.000363 0.031681 0.000001
0.058533 0.685317 0.142594 0.081145 0.000363 0.032048 0.000001
0.055069 0.684401 0.145011 0.082245 0.000382 0.032891 0.000001
0.055907 0.681993 0.145763 0.082481 0.000369 0.033486 0.000001
0.053168 0.680705 0.147577 0.083813 0.000391 0.034345 0.000001
0.051496 0.679025 0.149134 0.084883 0.000387 0.035073 0.000001
0.049103 0.679200 0.150187 0.085477 0.000394 0.035638 0.000000
0.044132 0.676854 0.154056 0.087409 0.000425 0.037123 0.000001
0.047158 0.674612 0.153224 0.087278 0.000421 0.037306 0.000001
0.043559 0.674385 0.155202 0.088319 0.000437 0.038097 0.000001
0.044400 0.670312 0.156773 0.089161 0.000438 0.038916 0.000001
0.045426 0.667021 0.157861 0.089717 0.000439 0.039535 0.000001
0.053157 0.660220 0.157115 0.089215 0.000443 0.039849 0.000001
0.053556 0.658048 0.157904 0.089774 0.000457 0.040260 0.000002
0.054013 0.654957 0.159113 0.090469 0.000450 0.040997 0.000001
0.048134 0.656903 0.161124 0.091418 0.000468 0.041951 0.000001
0.051995 0.650164 0.162161 0.092316 0.000481 0.042881 0.000002
0.051574 0.648909 0.162933 0.092749 0.000491 0.043343 0.000002
0.049405 0.647651 0.164529 0.093722 0.000483 0.044210 0.000002
0.048196 0.646454 0.165609 0.094377 0.000507 0.044855 0.000001
0.049071 0.641725 0.167284 0.095337 0.000518 0.046064 0.000001
0.050819 0.640454 0.166939 0.095079 0.000509 0.046198 0.000002
0.052050 0.636536 0.168054 0.095806 0.000520 0.047033 0.000002
0.046311 0.639369 0.169765 0.096478 0.000527 0.047549 0.000001
0.045511 0.638010 0.170561 0.097069 0.000541 0.048306 0.000003
0.045691 0.634930 0.171801 0.097670 0.000544 0.049361 0.000004
0.043449 0.634313 0.173149 0.098414 0.000542 0.050131 0.000002
0.039829 0.633745 0.175256 0.099569 0.000563 0.051035 0.000003
0.044390 0.629408 0.174594 0.099485 0.000578 0.051542 0.000004
0.040473 0.629868 0.176140 0.100460 0.000580 0.052475 0.000004
0.036179 0.629143 0.178856 0.101807 0.000577 0.053435 0.000003
0.034881 0.626959 0.180421 0.102625 0.000605 0.054506 0.000003
0.033430 0.625208 0.181980 0.103477 0.000604 0.055297 0.000003
0.040545 0.618850 0.181222 0.103059 0.000603 0.055718 0.000004
0.038440 0.619691 0.181677 0.103451 0.000615 0.056123 0.000004
0.038627 0.615353 0.183400 0.104626 0.000625 0.057364 0.000004
0.040100 0.614511 0.183123 0.104185 0.000641 0.057436 0.000003
0.040147 0.610341 0.184920 0.105094 0.000650 0.058844 0.000004
0.038292 0.608650 0.186272 0.106245 0.000678 0.059861 0.000003
0.039314 0.607825 0.186161 0.106018 0.000663 0.060015 0.000003
0.039554 0.605008 0.187113 0.106728 0.000661 0.060933 0.000003
0.038197 0.602539 0.188957 0.107412 0.000679 0.062213 0.000003
0.036083 0.602009 0.190210 0.108103 0.000701 0.062890 0.000004
0.034401 0.600225 0.191439 0.109227 0.000696 0.064008 0.000004
0.032041 0.597922 0.193628 0.110346 0.000707 0.065354 0.000004
0.032521 0.598223 0.193132 0.109817 0.000703 0.065601 0.000004
0.031503 0.595435 0.194695 0.110930 0.000722 0.066710 0.000004
0.035564 0.591765 0.194345 0.110653 0.000731 0.066939 0.000004
0.034623 0.589543 0.195609 0.111513 0.000741 0.067966 0.000005
0.033379 0.587901 0.197039 0.112136 0.000737 0.068804 0.000004
0.032320 0.587335 0.197549 0.112350 0.000739 0.069702 0.000005
0.035332 0.583280 0.197919 0.112523 0.000763 0.070179 0.000003
0.035127 0.580475 0.198962 0.113330 0.000785 0.071317 0.000005
0.032316 0.578993 0.200939 0.114284 0.000787 0.072679 0.000003
0.033478 0.575263 0.201821 0.114754 0.000813 0.073866 0.000005
0.034353 0.574196 0.201874 0.114794 0.000810 0.073967 0.000006
0.032602 0.574150 0.202539 0.115036 0.000807 0.074861 0.000004
0.033753 0.571004 0.203116 0.115554 0.000842 0.075727 0.000005
0.032611 0.569804 0.204166 0.116016 0.000829 0.076569 0.000005
0.033368 0.567644 0.204543 0.116351 0.000880 0.077209 0.000005
0.029130 0.565796 0.207318 0.117875 0.000856 0.079022 0.000004
0.029772 0.564565 0.207172 0.117818 0.000874 0.079796 0.000004
0.028992 0.563728 0.207965 0.118165 0.000873 0.080274 0.000003
0.027884 0.562391 0.208868 0.118790 0.000889 0.081176 0.000003
0.026894 0.559951 0.210267 0.119553 0.000910 0.082420 0.000006
0.027761 0.558832 0.210328 0.119323 0.000908 0.082843 0.000005
0.031014 0.554331 0.210536 0.119568 0.000903 0.083642 0.000006
0.031865 0.550954 0.211454 0.120142 0.000920 0.084662 0.000003
0.031080 0.551300 0.211673 0.119990 0.000913 0.085041 0.000004
0.031030 0.546454 0.213459 0.121519 0.000944 0.086589 0.000005
0.032521 0.545465 0.212968 0.121148 0.000948 0.086942 0.000007
0.028874 0.545352 0.214573 0.122061 0.000965 0.088167 0.000008
0.030824 0.542012 0.214780 0.122271 0.000982 0.089125 0.000007
0.030019 0.539762 0.216198 0.122766 0.000962 0.090287 0.000007
0.030601 0.538857 0.216338 0.122677 0.001004 0.090516 0.000007
0.029783 0.536803 0.217154 0.123356 0.001015 0.091881 0.000008
0.027678 0.536363 0.217976 0.123853 0.001038 0.093082 0.000012
0.027296 0.535177 0.218483 0.124259 0.001023 0.093754 0.000008
0.027082 0.531902 0.219901 0.125066 0.001036 0.095002 0.000011
0.030870 0.529886 0.218805 0.124220 0.001078 0.095129 0.000011
0.026507 0.528745 0.221398 0.125532 0.001076 0.096731 0.000010
0.025297 0.527867 0.221959 0.126053 0.001079 0.097737 0.000007
0.024430 0.525505 0.223148 0.126651 0.001116 0.099140 0.000009
0.023989 0.524596 0.223782 0.126793 0.001118 0.099711 0.000011
0.022180 0.522738 0.225030 0.127529 0.001142 0.101368 0.000012
0.021708 0.521183 0.225874 0.127923 0.001162 0.102139 0.000011
0.022251 0.519850 0.225748 0.128089 0.001137 0.102912 0.000012
0.018737 0.518869 0.227822 0.129083 0.001167 0.104311 0.000011
0.019855 0.517941 0.227289 0.128984 0.001176 0.104747 0.000008
0.020515 0.517781 0.226787 0.128849 0.001151 0.104906 0.000011
0.018184 0.512506 0.229738 0.130631 0.001206 0.107721 0.000013
0.018472 0.512325 0.229760 0.130380 0.001218 0.107833 0.000012
0.018174 0.511711 0.230007 0.130678 0.001216 0.108203 0.000011
0.017365 0.508906 0.231226 0.131441 0.001209 0.109840 0.000013
0.016421 0.505656 0.232819 0.132266 0.001266 0.111559 0.000013
0.016085 0.505706 0.233071 0.132077 0.001236 0.111812 0.000012
0.016662 0.503773 0.233069 0.132344 0.001265 0.112874 0.000014
0.015798 0.501336 0.234378 0.133242 0.001248 0.113985 0.000013
0.014755 0.498141 0.236073 0.133882 0.001290 0.115845 0.000013
0.014855 0.495606 0.236635 0.134365 0.001317 0.117207 0.000015
0.014773 0.494752 0.236916 0.134530 0.001323 0.117693 0.000013
0.014523 0.494213 0.237070 0.134714 0.001340 0.118127 0.000011
0.013982 0.489409 0.238977 0.135755 0.001361 0.120503 0.000014
0.013960 0.489650 0.238782 0.135819 0.001350 0.120425 0.000015
0.014292 0.488463 0.238912 0.135430 0.001373 0.121517 0.000014
0.014079 0.485856 0.239914 0.135978 0.001377 0.122781 0.000014
0.013586 0.485355 0.240180 0.136327 0.001380 0.123160 0.000011
0.013679 0.482442 0.240895 0.136785 0.001418 0.124766 0.000017
0.013151 0.479845 0.242109 0.137639 0.001387 0.125854 0.000014
0.013192 0.477479 0.242914 0.137913 0.001414 0.127074 0.000014
0.013315 0.477663 0.242468 0.137549 0.001397 0.127594 0.000015
0.013008 0.474282 0.243622 0.138272 0.001430 0.129370 0.000015
0.012930 0.473802 0.243760 0.138558 0.001453 0.129485 0.000012
0.012728 0.471221 0.244752 0.139085 0.001443 0.130759 0.000012
0.012914 0.469921 0.244814 0.139160 0.001453 0.131722 0.000016
0.012664 0.468482 0.245157 0.139211 0.001470 0.133000 0.000017
0.012732 0.467137 0.245653 0.139356 0.001446 0.133659 0.000016
0.012501 0.465226 0.246219 0.139739 0.001458 0.134840 0.000017
0.012229 0.462941 0.246992 0.140269 0.001503 0.136050 0.000015
0.012246 0.460830 0.247631 0.140534 0.001489 0.137253 0.000016
0.012125 0.458575 0.248148 0.141144 0.001528 0.138463 0.000017
0.012124 0.457478 0.248367 0.141102 0.001547 0.139366 0.000017
0.012201 0.456526 0.248282 0.141357 0.001566 0.140054 0.000015
0.012050 0.454057 0.249058 0.141865 0.001549 0.141403 0.000019
0.011977 0.452879 0.249669 0.141826 0.001609 0.142022 0.000017
0.011702 0.448732 0.250847 0.142569 0.001590 0.144543 0.000017
0.011773 0.448795 0.250625 0.142624 0.001593 0.144571 0.000019
0.011814 0.446534 0.251153 0.142856 0.001650 0.145973 0.000019
0.011790 0.446127 0.251678 0.142695 0.001614 0.146077 0.000018
0.011690 0.445083 0.251473 0.143044 0.001628 0.147063 0.000020
0.011793 0.443081 0.252036 0.143414 0.001626 0.148028 0.000023
0.011742 0.439758 0.253047 0.143705 0.001646 0.150081 0.000022
0.011653 0.439024 0.253339 0.143607 0.001666 0.150691 0.000020
0.011624 0.437194 0.253577 0.144043 0.001662 0.151878 0.000022
0.011540 0.436060 0.253803 0.144098 0.001691 0.152789 0.000019
0.011608 0.435379 0.254002 0.144022 0.001698 0.153268 0.000024
0.011499 0.432675 0.254957 0.144366 0.001699 0.154782 0.000022
0.011589 0.432356 0.254748 0.144315 0.001710 0.155257 0.000025
0.011470 0.430714 0.254840 0.144658 0.001717 0.156577 0.000025
0.011373 0.428924 0.255490 0.144913 0.001726 0.157551 0.000024
0.011362 0.426772 0.255954 0.145485 0.001746 0.158659 0.000021
0.011295 0.425427 0.256332 0.145393 0.001736 0.159795 0.000022
0.011326 0.423764 0.256696 0.145401 0.001782 0.161006 0.000025
0.011266 0.421113 0.257366 0.145945 0.001782 0.162501 0.000027
0.011243 0.419492 0.257418 0.146266 0.001797 0.163755 0.000028
0.011257 0.418581 0.257759 0.146424 0.001776 0.164182 0.000021
0.011057 0.417583 0.257907 0.146697 0.001796 0.164936 0.000024
0.011076 0.414732 0.258282 0.146968 0.001835 0.167081 0.000027
0.011117 0.413262 0.259133 0.147066 0.001819 0.167579 0.000025
0.011134 0.412055 0.258991 0.147313 0.001815 0.168666 0.000026
0.011074 0.410075 0.259171 0.147468 0.001862 0.170326 0.000026
0.011069 0.409766 0.259520 0.147349 0.001866 0.170405 0.000025
0.011078 0.407051 0.259735 0.147780 0.001899 0.172429 0.000028
0.010979 0.406467 0.259834 0.147866 0.001873 0.172951 0.000030
0.010989 0.405640 0.260070 0.147733 0.001887 0.173656 0.000025
0.010898 0.403231 0.260729 0.148254 0.001872 0.174986 0.000030
0.011064 0.402244 0.260549 0.148126 0.001888 0.176101 0.000029
0.011001 0.400522 0.261140 0.148096 0.001927 0.177280 0.000033
0.010764 0.397861 0.261609 0.148948 0.001918 0.178872 0.000029
0.010782 0.396453 0.261519 0.149059 0.001942 0.180212 0.000032
0.010866 0.396561 0.261682 0.148867 0.001909 0.180081 0.000035
0.010849 0.394158 0.262296 0.148936 0.001979 0.181749 0.000033
0.010806 0.391809 0.262517 0.149404 0.001963 0.183466 0.000034
0.010843 0.391623 0.262360 0.149172 0.001983 0.183986 0.000034
0.010819 0.389836 0.262941 0.149428 0.001979 0.184965 0.000032
0.010902 0.389506 0.262799 0.149351 0.001988 0.185421 0.000033
0.010730 0.387217 0.263263 0.149744 0.001987 0.187029 0.000030
0.010824 0.386859 0.263518 0.149555 0.002007 0.187207 0.000030
0.010905 0.384493 0.263322 0.149812 0.002033 0.189398 0.000037
0.010849 0.383668 0.263374 0.150094 0.002039 0.189940 0.000036
0.010840 0.382311 0.263898 0.149827 0.002046 0.191042 0.000036
0.010865 0.379993 0.264605 0.150357 0.002059 0.192087 0.000033
0.010868 0.378860 0.264202 0.150593 0.002086 0.193355 0.000036
0.010755 0.376716 0.264974 0.150573 0.002103 0.194845 0.000034
0.010836 0.377074 0.264452 0.150524 0.002082 0.195001 0.000032
0.010808 0.374632 0.264420 0.150894 0.002087 0.197121 0.000039
0.010738 0.373526 0.265256 0.150701 0.002119 0.197625 0.000034
0.010771 0.372778 0.264893 0.150759 0.002117 0.198642 0.000040
0.010649 0.370183 0.265452 0.150824 0.002138 0.200717 0.000037
0.010654 0.369050 0.265580 0.151322 0.002185 0.201174 0.000036
0.010757 0.368912 0.265345 0.151010 0.002185 0.201751 0.000039
0.010688 0.367811 0.265097 0.151185 0.002177 0.203003 0.000039
0.010839 0.366555 0.265413 0.151156 0.002158 0.203838 0.000040
0.010688 0.363150 0.266434 0.151593 0.002195 0.205902 0.000038
0.010699 0.363229 0.265984 0.151528 0.002214 0.206305 0.000041
0.010674 0.361268 0.266433 0.151584 0.002225 0.207779 0.000037
0.010708 0.360743 0.266246 0.151722 0.002219 0.208325 0.000035
0.010571 0.358858 0.266913 0.151799 0.002257 0.209560 0.000042
0.010741 0.358329 0.266457 0.151574 0.002225 0.210633 0.000040
0.010660 0.356836 0.266996 0.151831 0.002261 0.211379 0.000037
0.010725 0.355147 0.267047 0.151896 0.002284 0.212862 0.000038
0.010738 0.353441 0.267151 0.151897 0.002318 0.214417 0.000038
0.010628 0.352367 0.267131 0.152064 0.002290 0.215485 0.000035
0.010597 0.349860 0.267727 0.152346 0.002335 0.217096 0.000039
0.010690 0.349619 0.267633 0.152326 0.002339 0.217356 0.000039
0.010669 0.348498 0.267440 0.152442 0.002368 0.218548 0.000034
0.010639 0.348093 0.267653 0.152348 0.002351 0.218879 0.000037
0.010611 0.345492 0.268558 0.152561 0.002364 0.220375 0.000039
0.010694 0.345016 0.268148 0.152595 0.002407 0.221099 0.000039
0.010643 0.344111 0.268226 0.152658 0.002399 0.221926 0.000038
0.010615 0.341490 0.268584 0.153040 0.002389 0.223845 0.000036
0.010688 0.341174 0.268301 0.152814 0.002423 0.224560 0.000039
0.010737 0.340863 0.268340 0.152625 0.002395 0.224999 0.000041
0.010697 0.337824 0.268533 0.153143 0.002465 0.227294 0.000044
0.010619 0.337342 0.268923 0.152791 0.002432 0.227853 0.000041
0.010737 0.335474 0.268806 0.153144 0.002508 0.229287 0.000043
0.010648 0.333889 0.269106 0.152839 0.002497 0.230976 0.000045
0.010683 0.333312 0.269110 0.152853 0.002476 0.231526 0.000041
0.010650 0.332824 0.269165 0.152785 0.002500 0.232036 0.000040
0.010668 0.330610 0.269376 0.152941 0.002507 0.233855 0.000044
0.010670 0.329040 0.269479 0.152993 0.002530 0.235240 0.000048
0.010656 0.327994 0.269801 0.152936 0.002522 0.236047 0.000045
0.010748 0.326925 0.269790 0.153364 0.002549 0.236580 0.000044
0.010790 0.325502 0.269804 0.152738 0.002542 0.238578 0.000046
0.010681 0.324406 0.269639 0.153337 0.002547 0.239345 0.000045
0.010627 0.325115 0.269588 0.153114 0.002580 0.238932 0.000044
0.010605 0.323308 0.269436 0.153009 0.002587 0.241005 0.000049
0.010683 0.322426 0.269578 0.153000 0.002589 0.241676 0.000047
0.010674 0.319152 0.270183 0.152971 0.002617 0.244355 0.000047
0.010706 0.319056 0.269703 0.153001 0.002628 0.244857 0.000049
0.013783 0.317005 0.269369 0.152176 0.002625 0.245001 0.000041
0.024150 0.314694 0.265772 0.150220 0.002579 0.242539 0.000047
0.022135 0.314896 0.265904 0.150786 0.002591 0.243636 0.000052
0.021284 0.313693 0.266126 0.151072 0.002620 0.245160 0.000046
0.023656 0.311796 0.265179 0.150564 0.002665 0.246092 0.000048
0.025589 0.311306 0.264186 0.150013 0.002654 0.246201 0.000050
0.025656 0.311462 0.264250 0.149800 0.002639 0.246143 0.000050
0.023360 0.309844 0.265108 0.150286 0.002670 0.248679 0.000052
0.021665 0.310970 0.265154 0.150680 0.002691 0.248786 0.000052
0.022647 0.309453 0.264715 0.150410 0.002678 0.250042 0.000054
0.022119 0.308997 0.264746 0.150191 0.002693 0.251205 0.000049
0.020376 0.307522 0.265484 0.150296 0.002762 0.253513 0.000046
0.022239 0.308011 0.264326 0.149961 0.002745 0.252667 0.000051
0.020208 0.307882 0.264982 0.150006 0.002723 0.254147 0.000052
0.021692 0.307847 0.264136 0.149798 0.002756 0.253721 0.000049
0.018289 0.306273 0.265523 0.150696 0.002780 0.256396 0.000043
0.017424 0.303880 0.266084 0.151040 0.002788 0.258732 0.000053
0.018302 0.303503 0.265410 0.150666 0.002785 0.259287 0.000048
0.017304 0.303942 0.265507 0.150933 0.002803 0.259453 0.000058
0.017115 0.302325 0.265764 0.150772 0.002839 0.261137 0.000050
0.015453 0.300399 0.266811 0.151347 0.002837 0.263099 0.000054
0.016420 0.301487 0.265385 0.150601 0.002842 0.263214 0.000052
0.016488 0.299586 0.265900 0.150440 0.002840 0.264696 0.000051
0.014423 0.297174 0.266886 0.151537 0.002870 0.267060 0.000050
0.015800 0.299205 0.265385 0.150691 0.002862 0.266005 0.000052
0.013963 0.295860 0.266787 0.151467 0.002841 0.269024 0.000057
0.014006 0.295314 0.266665 0.151198 0.002900 0.269865 0.000053
0.014108 0.294337 0.266730 0.151013 0.002942 0.270814 0.000057
0.013888 0.293952 0.266283 0.151079 0.002924 0.271819 0.000056
0.012207 0.289410 0.267671 0.152281 0.002926 0.275454 0.000051
0.013235 0.291793 0.266452 0.151437 0.002887 0.274141 0.000054
0.013448 0.290861 0.266223 0.150971 0.002923 0.275522 0.000051
0.012468 0.287937 0.267268 0.151567 0.002981 0.277717 0.000062
0.013002 0.288836 0.266048 0.151149 0.002941 0.277967 0.000057
0.012132 0.286538 0.267463 0.151765 0.002945 0.279104 0.000054
0.011674 0.284312 0.267754 0.151956 0.002982 0.281265 0.000058
0.012479 0.283884 0.267250 0.151695 0.002984 0.281650 0.000057
0.012067 0.282213 0.267636 0.151525 0.003063 0.283435 0.000061
0.012301 0.282309 0.266714 0.151453 0.003032 0.284129 0.000061
0.011765 0.280297 0.267898 0.151899 0.003051 0.285031 0.000060
0.012239 0.280320 0.266892 0.151258 0.003089 0.286148 0.000056
0.011380 0.276872 0.268029 0.151879 0.003087 0.288697 0.000055
0.012276 0.279583 0.266640 0.151105 0.003020 0.287316 0.000059
0.011882 0.277959 0.267396 0.151647 0.003042 0.288015 0.000059
0.011979 0.276489 0.266738 0.151248 0.003052 0.290440 0.000054
0.012009 0.275759 0.266431 0.151263 0.003129 0.291349 0.000060
0.011901 0.274803 0.266871 0.151035 0.003094 0.292231 0.000064
0.011797 0.274427 0.266490 0.151139 0.003091 0.292993 0.000063
0.011587 0.271150 0.266870 0.151808 0.003159 0.295358 0.000068
0.011838 0.271307 0.266759 0.151127 0.003120 0.295789 0.000060
0.011688 0.270918 0.266389 0.151427 0.003146 0.296375 0.000057
0.011921 0.269819 0.266266 0.151151 0.003163 0.297619 0.000061
0.011843 0.267587 0.266614 0.151155 0.003139 0.299598 0.000063
0.011629 0.266672 0.266688 0.151332 0.003189 0.300425 0.000064
0.011557 0.265867 0.266441 0.151574 0.003189 0.301307 0.000065
0.011811 0.266329 0.265436 0.150833 0.003190 0.302340 0.000061
0.011611 0.264693 0.266692 0.151095 0.003209 0.302631 0.000068
0.011624 0.265128 0.266167 0.150858 0.003208 0.302952 0.000063
0.011644 0.262877 0.266120 0.151228 0.003190 0.304878 0.000063
0.011676 0.260181 0.266332 0.151219 0.003235 0.307293 0.000063
0.011671 0.260694 0.265876 0.150955 0.003221 0.307517 0.000066
0.011567 0.258405 0.266100 0.150990 0.003271 0.309593 0.000074
0.011723 0.259753 0.265542 0.150909 0.003241 0.308762 0.000071
0.011703 0.256274 0.265897 0.150863 0.003270 0.311930 0.000064
0.011886 0.258095 0.265247 0.150466 0.003285 0.310950 0.000072
0.011906 0.255737 0.265198 0.150762 0.003330 0.312995 0.000072
0.011762 0.255602 0.265602 0.150446 0.003305 0.313216 0.000068
0.011830 0.254318 0.265025 0.150283 0.003288 0.315184 0.000071
0.011993 0.254397 0.264492 0.150170 0.003303 0.315576 0.000068
0.011889 0.252906 0.265007 0.150228 0.003358 0.316540 0.000072
0.011810 0.252777 0.264674 0.149875 0.003366 0.317427 0.000071
0.012005 0.251151 0.264533 0.149962 0.003348 0.318929 0.000071
0.011866 0.250750 0.264118 0.150454 0.003327 0.319411 0.000073
0.011824 0.249051 0.264400 0.150308 0.003315 0.321022 0.000080
0.011860 0.247908 0.264082 0.150223 0.003397 0.322455 0.000075
0.011919 0.248244 0.264049 0.149958 0.003353 0.322401 0.000076
0.012002 0.246104 0.264044 0.149905 0.003400 0.324462 0.000081
0.011938 0.245685 0.263914 0.149702 0.003365 0.325320 0.000075
0.011882 0.245841 0.263443 0.149654 0.003397 0.325705 0.000078
0.011924 0.244250 0.263364 0.149712 0.003474 0.327194 0.000082
0.011909 0.243941 0.263517 0.149511 0.003441 0.327606 0.000075
0.011854 0.241966 0.263606 0.149386 0.003449 0.329662 0.000077
0.011889 0.240997 0.263802 0.149517 0.003488 0.330229 0.000078
0.011920 0.239870 0.263146 0.149203 0.003472 0.332311 0.000078
0.012064 0.240892 0.262726 0.148917 0.003447 0.331872 0.000081
0.012000 0.238835 0.262754 0.149342 0.003474 0.333516 0.000079
0.012145 0.239348 0.262267 0.148972 0.003448 0.333749 0.000070
0.012066 0.237769 0.262716 0.148647 0.003486 0.335237 0.000081
0.012136 0.237053 0.262258 0.149043 0.003485 0.335937 0.000089
0.012103 0.236536 0.262144 0.148360 0.003484 0.337300 0.000073
0.012111 0.236165 0.261963 0.148433 0.003467 0.337781 0.000079
0.012241 0.234394 0.261373 0.148668 0.003527 0.339709 0.000088
0.012146 0.235281 0.261569 0.148134 0.003520 0.339271 0.000079
0.012052 0.232894 0.261741 0.148241 0.003528 0.341457 0.000086
0.012205 0.232318 0.261541 0.148137 0.003577 0.342142 0.000078
0.012106 0.231437 0.260932 0.148327 0.003583 0.343532 0.000083
0.012282 0.230870 0.261071 0.148222 0.003627 0.343837 0.000091
0.012177 0.230583 0.261202 0.147996 0.003590 0.344368 0.000086
0.012220 0.230243 0.260589 0.147915 0.003575 0.345364 0.000094
0.012337 0.228878 0.260311 0.147533 0.003607 0.347251 0.000083
0.012321 0.227101 0.260115 0.147661 0.003613 0.349098 0.000092
0.012385 0.227503 0.260135 0.147546 0.003600 0.348733 0.000099
0.012400 0.227375 0.259799 0.147404 0.003662 0.349270 0.000089
0.012264 0.225732 0.259610 0.147525 0.003641 0.351133 0.000095
0.012378 0.224443 0.259572 0.147457 0.003697 0.352359 0.000094
0.012323 0.223623 0.259621 0.147384 0.003639 0.353309 0.000102
0.012279 0.223333 0.259372 0.147207 0.003696 0.354009 0.000104
0.012510 0.222716 0.259302 0.147336 0.003679 0.354361 0.000097
0.012541 0.223445 0.258725 0.146885 0.003645 0.354667 0.000093
0.012526 0.221554 0.258642 0.146856 0.003697 0.356632 0.000092
0.012616 0.220628 0.258401 0.146702 0.003695 0.357863 0.000094
0.012601 0.219343 0.258240 0.146331 0.003724 0.359662 0.000099
0.012498 0.218949 0.257934 0.146617 0.003655 0.360247 0.000100
0.012458 0.218189 0.258203 0.146329 0.003692 0.361025 0.000104
0.012631 0.217040 0.257845 0.146414 0.003721 0.362252 0.000096
0.012607 0.216842 0.257588 0.146080 0.003725 0.363055 0.000103
0.012662 0.216849 0.257211 0.146379 0.003701 0.363101 0.000098
0.012643 0.215965 0.257554 0.145850 0.003764 0.364129 0.000094
0.012705 0.215382 0.256685 0.145624 0.003791 0.365711 0.000102
0.012627 0.214873 0.256877 0.145694 0.003764 0.366065 0.000099
0.012772 0.213213 0.256896 0.145503 0.003732 0.367785 0.000100
0.012769 0.213104 0.256231 0.145263 0.003807 0.368725 0.000101
0.012735 0.212198 0.256359 0.145229 0.003739 0.369649 0.000091
0.012753 0.211203 0.256134 0.145131 0.003829 0.370849 0.000101
0.012818 0.210588 0.256128 0.144934 0.003806 0.371624 0.000103
0.012894 0.209788 0.255665 0.145131 0.003850 0.372562 0.000110
0.012883 0.209357 0.254366 0.145024 0.003859 0.374406 0.000105
0.012779 0.208738 0.254862 0.144996 0.003901 0.374619 0.000105
0.012933 0.209348 0.254776 0.144445 0.003847 0.374549 0.000102
0.013052 0.208828 0.254718 0.144201 0.003872 0.375218 0.000111
0.013029 0.207425 0.253712 0.144185 0.003902 0.377638 0.000107
0.013170 0.206797 0.254198 0.143883 0.003862 0.377985 0.000106
0.013045 0.206365 0.253532 0.144026 0.003941 0.378984 0.000108
0.013018 0.204553 0.253527 0.144033 0.003895 0.380863 0.000111
0.013084 0.205114 0.253589 0.144069 0.003922 0.380122 0.000100
0.013112 0.204066 0.253344 0.143651 0.003939 0.381779 0.000109
0.013285 0.204184 0.252638 0.143607 0.003974 0.382208 0.000103
0.013232 0.202476 0.252502 0.143355 0.003962 0.384373 0.000100
0.013240 0.201594 0.252140 0.143125 0.003963 0.385835 0.000104
0.013213 0.201919 0.252107 0.143336 0.003971 0.385345 0.000109
0.013289 0.200886 0.251915 0.143472 0.003972 0.386352 0.000114
0.013284 0.198833 0.251984 0.142956 0.003986 0.388844 0.000113
0.013303 0.198985 0.251609 0.143009 0.004023 0.388968 0.000104
0.013410 0.199367 0.250890 0.142887 0.003941 0.389392 0.000112
0.013365 0.198605 0.251093 0.142719 0.004018 0.390094 0.000106
0.013344 0.198359 0.250780 0.142687 0.003985 0.390745 0.000100
0.013452 0.197571 0.250221 0.142174 0.004007 0.392467 0.000108
0.013455 0.196435 0.250203 0.142385 0.004051 0.393362 0.000108
0.013412 0.195361 0.250355 0.142459 0.004082 0.394224 0.000107
0.013506 0.195098 0.250192 0.142502 0.004038 0.394555 0.000108
0.013462 0.194884 0.250102 0.141992 0.004023 0.395426 0.000112
0.013731 0.194187 0.249086 0.141756 0.004097 0.397025 0.000119
0.013561 0.194630 0.249227 0.141928 0.004043 0.396505 0.000107
0.013716 0.193593 0.249123 0.141534 0.004051 0.397876 0.000108
0.013776 0.192393 0.248611 0.141439 0.004100 0.399562 0.000118
0.013760 0.191701 0.248295 0.141164 0.004099 0.400862 0.000119
0.013884 0.191437 0.248751 0.140918 0.004075 0.400824 0.000112
0.013799 0.189918 0.248117 0.141291 0.004086 0.402671 0.000117
0.013794 0.189669 0.248015 0.141011 0.004145 0.403252 0.000115
0.014010 0.190087 0.247703 0.140626 0.004130 0.403318 0.000125
0.013831 0.188671 0.247649 0.140865 0.004161 0.404698 0.000125
0.013983 0.187878 0.247404 0.140503 0.004134 0.405972 0.000125
0.013979 0.188277 0.247496 0.140711 0.004091 0.405327 0.000119
0.013695 0.187845 0.247049 0.140177 0.004150 0.406964 0.000119
0.014061 0.186792 0.246613 0.140280 0.004151 0.407984 0.000120
0.013955 0.186402 0.246826 0.140065 0.004140 0.408485 0.000128
0.014162 0.184482 0.245988 0.139789 0.004108 0.411343 0.000127
0.014166 0.184037 0.245669 0.139753 0.004131 0.412126 0.000118
0.014257 0.185041 0.245573 0.139799 0.004160 0.411042 0.000127
0.014256 0.183509 0.245042 0.139536 0.004199 0.413339 0.000120
0.014142 0.183132 0.245514 0.139663 0.004181 0.413247 0.000121
0.014207 0.182946 0.244948 0.139563 0.004151 0.414058 0.000126
0.014262 0.181821 0.245136 0.139158 0.004164 0.415323 0.000136
0.014227 0.181307 0.244659 0.138788 0.004172 0.416717 0.000128
0.014166 0.181012 0.244699 0.138736 0.004200 0.417058 0.000129
0.014387 0.180143 0.244143 0.138981 0.004225 0.417990 0.000131
0.014448 0.180091 0.243775 0.138392 0.004215 0.418952 0.000127
0.014226 0.180048 0.244038 0.138677 0.004243 0.418644 0.000123
0.014250 0.179791 0.243495 0.138397 0.004180 0.419761 0.000126
0.014410 0.178583 0.243239 0.138421 0.004207 0.421010 0.000129
0.014468 0.178508 0.243053 0.138267 0.004213 0.421364 0.000128
0.014504 0.177380 0.242446 0.138055 0.004253 0.423220 0.000142
0.014404 0.177209 0.242529 0.137479 0.004263 0.423974 0.000143
0.014583 0.176111 0.241987 0.137134 0.004208 0.425837 0.000140
0.014659 0.175142 0.241612 0.137422 0.004328 0.426703 0.000133
0.014686 0.175624 0.241524 0.137359 0.004315 0.426359 0.000133
0.014623 0.174695 0.241387 0.137133 0.004258 0.427772 0.000131
0.014582 0.174134 0.241377 0.137033 0.004335 0.428401 0.000138
0.014685 0.174105 0.241002 0.136846 0.004283 0.428945 0.000134
0.014702 0.173634 0.241097 0.136494 0.004263 0.429672 0.000137
0.014695 0.172718 0.240795 0.136539 0.004320 0.430789 0.000144
0.014960 0.172218 0.240464 0.136164 0.004302 0.431759 0.000133
0.014950 0.171546 0.240199 0.136206 0.004306 0.432647 0.000145
0.015044 0.170424 0.239867 0.136054 0.004302 0.434172 0.000137
0.014924 0.170962 0.239659 0.135876 0.004307 0.434142 0.000130
0.014880 0.169958 0.239649 0.135921 0.004305 0.435146 0.000142
0.015036 0.169537 0.239326 0.135797 0.004333 0.435827 0.000144
0.015017 0.169346 0.239024 0.135404 0.004379 0.436687 0.000143
0.015082 0.169322 0.238661 0.135136 0.004300 0.437357 0.000143
0.015092 0.168933 0.239006 0.135261 0.004337 0.437228 0.000143
0.015228 0.167964 0.237913 0.134978 0.004387 0.439390 0.000140
0.015298 0.167171 0.237963 0.135012 0.004363 0.440041 0.000151
0.015290 0.166452 0.237624 0.134808 0.004376 0.441299 0.000150
0.015266 0.165930 0.237327 0.134614 0.004438 0.442279 0.000147
0.015423 0.165981 0.236890 0.134577 0.004382 0.442597 0.000150
0.015261 0.166188 0.237041 0.134515 0.004368 0.442480 0.000146
0.015285 0.165359 0.236567 0.133985 0.004405 0.444244 0.000155
0.015331 0.165413 0.237121 0.134228 0.004339 0.443412 0.000156
0.015358 0.164098 0.236576 0.133841 0.004440 0.445533 0.000154
0.015456 0.163889 0.235986 0.133810 0.004410 0.446303 0.000145
0.015410 0.163635 0.235745 0.133777 0.004382 0.446900 0.000150
0.015400 0.163822 0.235436 0.133392 0.004413 0.447379 0.000157
0.015403 0.162410 0.234770 0.133292 0.004463 0.449507 0.000155
0.015581 0.162624 0.234735 0.133027 0.004402 0.449467 0.000164
0.015416 0.161669 0.234602 0.132822 0.004432 0.450899 0.000158
0.015641 0.161006 0.234029 0.132817 0.004413 0.451929 0.000164
0.015712 0.160627 0.234120 0.132567 0.004504 0.452302 0.000168
0.015629 0.159915 0.233964 0.132626 0.004483 0.453224 0.000159
0.015702 0.159995 0.233579 0.132273 0.004497 0.453788 0.000165
0.015800 0.159709 0.232941 0.132423 0.004460 0.454514 0.000151
0.015879 0.159547 0.233101 0.131913 0.004471 0.454930 0.000159
0.015954 0.158709 0.232415 0.132132 0.004525 0.456098 0.000166
0.015933 0.158634 0.232427 0.131880 0.004540 0.456426 0.000160
0.015968 0.157563 0.232140 0.131799 0.004495 0.457873 0.000162
0.016014 0.156566 0.231549 0.131743 0.004506 0.459460 0.000162
0.015978 0.157228 0.231398 0.131361 0.004531 0.459327 0.000176
0.016221 0.156024 0.230983 0.131319 0.004518 0.460759 0.000175
0.016050 0.155585 0.230703 0.131214 0.004531 0.461746 0.000171
0.016150 0.155699 0.230876 0.130957 0.004498 0.461651 0.000169
0.016271 0.155002 0.230514 0.130749 0.004505 0.462792 0.000167
0.016333 0.154642 0.230210 0.130687 0.004570 0.463389 0.000168
0.016331 0.154959 0.229829 0.130187 0.004540 0.463984 0.000170
0.016274 0.154154 0.229431 0.130273 0.004493 0.465201 0.000175
0.016275 0.153158 0.229712 0.130083 0.004505 0.466093 0.000174
0.016390 0.152882 0.228947 0.130101 0.004573 0.466940 0.000168
0.016519 0.152584 0.228622 0.129775 0.004512 0.467811 0.000177
0.016376 0.152405 0.228530 0.129501 0.004615 0.468396 0.000178
0.016564 0.151573 0.227862 0.129403 0.004565 0.469846 0.000186
0.016563 0.151797 0.228144 0.129436 0.004576 0.469308 0.000176
0.016770 0.151065 0.227584 0.129168 0.004559 0.470674 0.000180
0.016747 0.151083 0.227318 0.128857 0.004585 0.471223 0.000186
0.016700 0.150831 0.227470 0.128668 0.004586 0.471561 0.000184
0.016746 0.149844 0.226869 0.128748 0.004598 0.473013 0.000182
0.016786 0.149076 0.226496 0.128696 0.004643 0.474121 0.000183
0.016779 0.149801 0.226511 0.128241 0.004545 0.473937 0.000187
0.016917 0.148720 0.225956 0.128290 0.004615 0.475313 0.000189
0.016814 0.148089 0.225814 0.128217 0.004625 0.476257 0.000184
0.017023 0.147401 0.225277 0.127853 0.004630 0.477628 0.000188
0.017113 0.147317 0.225005 0.127717 0.004673 0.477987 0.000188
0.017004 0.147436 0.224841 0.127821 0.004587 0.478118 0.000192
0.016970 0.147413 0.224587 0.127540 0.004666 0.478640 0.000185
0.017038 0.146325 0.223966 0.127108 0.004642 0.480739 0.000183
0.017086 0.145477 0.223894 0.127301 0.004642 0.481412 0.000188
0.017174 0.145704 0.223822 0.126815 0.004654 0.481634 0.000197
0.017267 0.145280 0.223561 0.127137 0.004659 0.481913 0.000184
0.016994 0.145070 0.223276 0.126652 0.004654 0.483162 0.000192
0.017311 0.144455 0.222818 0.126512 0.004693 0.484034 0.000176
0.017225 0.144108 0.222727 0.126376 0.004668 0.484707 0.000189
0.017224 0.143375 0.221911 0.126376 0.004698 0.486224 0.000192
0.017340 0.143085 0.221546 0.126177 0.004763 0.486908 0.000181
0.017263 0.143026 0.222019 0.125774 0.004651 0.487080 0.000187
0.017516 0.143115 0.221566 0.125420 0.004737 0.487449 0.000197
0.017542 0.142920 0.221536 0.125651 0.004689 0.487468 0.000195
0.017640 0.141688 0.221080 0.125682 0.004727 0.488981 0.000201
0.017688 0.141789 0.220553 0.125354 0.004761 0.489659 0.000195
