0.999111 0.000862 0.000018 0.000009 0.000000 0.000000 0.000000
0.998669 0.001293 0.000025 0.000004 0.000000 0.000010 0.000000
0.998214 0.001737 0.000031 0.000008 0.000000 0.000010 0.000000
0.997719 0.002223 0.000037 0.000011 0.000000 0.000010 0.000000
0.997292 0.002631 0.000046 0.000021 0.000000 0.000010 0.000000
0.996786 0.003128 0.000051 0.000025 0.000000 0.000010 0.000000
0.996240 0.003659 0.000063 0.000028 0.000000 0.000010 0.000000
0.995654 0.004235 0.000067 0.000035 0.000000 0.000010 0.000000
0.994973 0.004904 0.000073 0.000041 0.000000 0.000010 0.000000
0.994082 0.005768 0.000089 0.000050 0.000000 0.000011 0.000000
0.992960 0.006859 0.000113 0.000054 0.000000 0.000014 0.000000
0.991616 0.008171 0.000135 0.000066 0.000000 0.000013 0.000000
0.989646 0.010111 0.000160 0.000071 0.000000 0.000011 0.000000
0.987659 0.012052 0.000197 0.000079 0.000000 0.000013 0.000000
0.984792 0.014890 0.000218 0.000090 0.000000 0.000010 0.000000
0.982027 0.017617 0.000255 0.000089 0.000000 0.000011 0.000000
0.978966 0.020617 0.000283 0.000119 0.000000 0.000015 0.000000
0.974633 0.024890 0.000335 0.000130 0.000000 0.000012 0.000000
0.970276 0.029149 0.000413 0.000149 0.000000 0.000013 0.000000
0.965346 0.033993 0.000447 0.000199 0.000000 0.000015 0.000000
0.959401 0.039782 0.000556 0.000246 0.000000 0.000015 0.000000
0.953088 0.045945 0.000649 0.000299 0.000000 0.000019 0.000000
0.946729 0.052148 0.000724 0.000383 0.000000 0.000016 0.000000
0.938318 0.060358 0.000850 0.000457 0.000000 0.000017 0.000000
0.928419 0.070010 0.001031 0.000520 0.000000 0.000020 0.000000
0.917764 0.080379 0.001183 0.000647 0.000000 0.000026 0.000000
0.907348 0.090475 0.001377 0.000764 0.000000 0.000035 0.000000
0.897183 0.100318 0.001588 0.000862 0.000000 0.000049 0.000000
0.884822 0.112268 0.001848 0.001008 0.000000 0.000054 0.000000
0.872958 0.123843 0.002028 0.001113 0.000000 0.000059 0.000000
0.860481 0.135902 0.002267 0.001291 0.000000 0.000059 0.000000
0.846454 0.149442 0.002602 0.001434 0.000000 0.000067 0.000000
0.833226 0.162187 0.002920 0.001591 0.000000 0.000075 0.000000
0.817805 0.177028 0.003309 0.001774 0.000000 0.000085 0.000000
0.805439 0.188945 0.003550 0.001951 0.000000 0.000115 0.000000
0.791651 0.202160 0.003875 0.002188 0.000000 0.000126 0.000000
0.778369 0.214948 0.004190 0.002353 0.000000 0.000141 0.000000
0.761964 0.230659 0.004619 0.002608 0.000000 0.000151 0.000000
0.746368 0.245518 0.005053 0.002905 0.000000 0.000156 0.000000
0.732737 0.258521 0.005421 0.003138 0.000000 0.000183 0.000000
0.718359 0.272227 0.005826 0.003389 0.000000 0.000198 0.000000
0.703325 0.286454 0.006330 0.003678 0.000000 0.000214 0.000000
0.692062 0.297097 0.006739 0.003877 0.000000 0.000225 0.000000
0.676358 0.311976 0.007211 0.004211 0.000000 0.000244 0.000000
0.661673 0.325853 0.007715 0.004487 0.000000 0.000273 0.000000
0.648380 0.338323 0.008219 0.004789 0.000001 0.000288 0.000000
0.634362 0.351449 0.008777 0.005092 0.000001 0.000319 0.000000
0.620568 0.364347 0.009315 0.005417 0.000001 0.000352 0.000000
0.606116 0.377738 0.009985 0.005785 0.000003 0.000374 0.000000
0.593337 0.389504 0.010628 0.006138 0.000003 0.000390 0.000000
0.584255 0.397816 0.011077 0.006443 0.000004 0.000406 0.000000
0.570246 0.410742 0.011756 0.006796 0.000004 0.000455 0.000000
0.560069 0.419966 0.012345 0.007122 0.000005 0.000493 0.000000
0.547078 0.431829 0.013043 0.007512 0.000006 0.000531 0.000000
0.534926 0.442831 0.013766 0.007887 0.000007 0.000582 0.000000
0.522562 0.453999 0.014509 0.008296 0.000009 0.000624 0.000000
0.510799 0.464534 0.015269 0.008715 0.000009 0.000674 0.000000
0.501558 0.472715 0.015899 0.009099 0.000012 0.000717 0.000000
0.487771 0.485006 0.016814 0.009619 0.000011 0.000780 0.000000
0.482109 0.489847 0.017333 0.009883 0.000011 0.000817 0.000000
0.470336 0.500238 0.018135 0.010404 0.000012 0.000876 0.000000
0.461613 0.507605 0.018951 0.010889 0.000013 0.000929 0.000000
0.452309 0.515408 0.019869 0.011411 0.000012 0.000990 0.000000
0.440590 0.525642 0.020765 0.011932 0.000014 0.001057 0.000000
0.435945 0.529100 0.021460 0.012361 0.000016 0.001118 0.000000
0.424659 0.538674 0.022558 0.012883 0.000020 0.001205 0.000000
0.417927 0.544293 0.023182 0.013318 0.000019 0.001261 0.000000
0.410078 0.550625 0.024120 0.013824 0.000022 0.001330 0.000000
0.400848 0.558247 0.025086 0.014384 0.000021 0.001414 0.000000
0.393717 0.563676 0.026113 0.014963 0.000022 0.001509 0.000000
0.389495 0.566953 0.026632 0.015336 0.000023 0.001562 0.000000
0.383129 0.571695 0.027579 0.015925 0.000026 0.001646 0.000000
0.375648 0.577492 0.028572 0.016513 0.000027 0.001747 0.000000
0.370412 0.581677 0.029276 0.016809 0.000029 0.001797 0.000000
0.365459 0.584787 0.030313 0.017480 0.000031 0.001930 0.000000
0.359766 0.589055 0.031100 0.018037 0.000033 0.002007 0.000000
0.354342 0.593281 0.031874 0.018397 0.000033 0.002074 0.000000
0.346276 0.599337 0.033045 0.019103 0.000032 0.002207 0.000000
0.338138 0.605757 0.034070 0.019666 0.000033 0.002335 0.000000
0.335424 0.607223 0.034811 0.020060 0.000037 0.002444 0.000000
0.325539 0.615054 0.036049 0.020722 0.000038 0.002597 0.000000
0.317447 0.621109 0.037245 0.021410 0.000037 0.002751 0.000000
0.311726 0.625355 0.038172 0.021845 0.000041 0.002861 0.000000
0.306166 0.628848 0.039366 0.022560 0.000040 0.003021 0.000000
0.296537 0.636210 0.040674 0.023347 0.000045 0.003186 0.000000
0.290066 0.640655 0.041805 0.024046 0.000049 0.003378 0.000000
0.281538 0.647367 0.042898 0.024645 0.000047 0.003505 0.000000
0.275694 0.651003 0.044159 0.025398 0.000051 0.003695 0.000000
0.265043 0.658446 0.046022 0.026465 0.000051 0.003973 0.000000
0.258452 0.663098 0.047206 0.027057 0.000054 0.004132 0.000000
0.254467 0.664808 0.048534 0.027804 0.000057 0.004330 0.000000
0.247461 0.669076 0.050097 0.028688 0.000066 0.004612 0.000000
0.241416 0.673380 0.051130 0.029219 0.000066 0.004789 0.000001
0.233398 0.677826 0.053177 0.030403 0.000067 0.005127 0.000001
0.229821 0.679910 0.054079 0.030846 0.000072 0.005273 0.000000
0.226964 0.680185 0.055592 0.031654 0.000077 0.005528 0.000001
0.224597 0.680778 0.056556 0.032221 0.000077 0.005770 0.000001
0.219114 0.683933 0.057915 0.032992 0.000074 0.005971 0.000000
0.213327 0.686739 0.059699 0.033897 0.000078 0.006259 0.000000
0.205433 0.691390 0.061633 0.034885 0.000089 0.006569 0.000001
0.201411 0.692785 0.063045 0.035831 0.000089 0.006838 0.000001
0.199301 0.693163 0.064026 0.036311 0.000093 0.007106 0.000000
0.197431 0.693209 0.064963 0.037017 0.000092 0.007287 0.000001
0.188687 0.697559 0.067516 0.038398 0.000100 0.007740 0.000001
0.185372 0.699358 0.068290 0.038961 0.000097 0.007922 0.000001
0.182317 0.699824 0.069792 0.039733 0.000103 0.008230 0.000001
0.173070 0.705689 0.071784 0.040819 0.000110 0.008527 0.000001
0.170493 0.705874 0.073141 0.041488 0.000114 0.008888 0.000001
0.161039 0.710655 0.075810 0.042999 0.000117 0.009380 0.000001
0.155283 0.713055 0.077691 0.044021 0.000125 0.009824 0.000001
0.149635 0.715658 0.079311 0.045006 0.000129 0.010259 0.000001
0.142986 0.719076 0.081129 0.046171 0.000136 0.010501 0.000001
0.138581 0.720749 0.082651 0.047032 0.000138 0.010848 0.000001
0.135201 0.721481 0.084199 0.047790 0.000139 0.011188 0.000001
0.126966 0.725846 0.086297 0.049084 0.000143 0.011663 0.000001
0.124098 0.726300 0.087726 0.049678 0.000154 0.012044 0.000001
0.116374 0.728461 0.090809 0.051501 0.000159 0.012695 0.000002
0.116697 0.727193 0.091276 0.051755 0.000157 0.012920 0.000002
0.109493 0.729371 0.094040 0.053351 0.000174 0.013569 0.000002
0.104021 0.731077 0.096102 0.054531 0.000186 0.014080 0.000003
0.100604 0.730649 0.098145 0.055761 0.000189 0.014651 0.000002
0.102817 0.726892 0.098914 0.056202 0.000199 0.014974 0.000002
0.099223 0.727421 0.100619 0.057189 0.000195 0.015349 0.000003
0.094789 0.728549 0.102246 0.058296 0.000198 0.015919 0.000003
0.099769 0.722442 0.102739 0.058566 0.000205 0.016277 0.000002
0.094300 0.722597 0.105648 0.060222 0.000207 0.017024 0.000003
0.091993 0.720945 0.107819 0.061384 0.000215 0.017643 0.000002
0.094181 0.716631 0.108836 0.062011 0.000228 0.018112 0.000002
0.100038 0.709387 0.109407 0.062478 0.000227 0.018459 0.000003
0.091949 0.713449 0.111678 0.063632 0.000243 0.019046 0.000003
0.096046 0.708153 0.112223 0.063877 0.000240 0.019459 0.000002
0.093632 0.706750 0.114101 0.065019 0.000256 0.020241 0.000002
0.093516 0.704008 0.115765 0.065815 0.000260 0.020633 0.000002
0.091274 0.704304 0.116707 0.066412 0.000269 0.021032 0.000002
0.089784 0.702633 0.118270 0.067399 0.000278 0.021633 0.000003
0.091056 0.698948 0.119319 0.068214 0.000273 0.022189 0.000002
0.084910 0.701901 0.121062 0.069046 0.000289 0.022790 0.000002
0.086811 0.698508 0.121740 0.069453 0.000291 0.023194 0.000003
0.082220 0.700061 0.123349 0.070360 0.000302 0.023707 0.000002
0.081139 0.698208 0.124806 0.071092 0.000305 0.024448 0.000003
0.077307 0.697834 0.127044 0.072399 0.000305 0.025109 0.000002
0.076332 0.696590 0.128228 0.072919 0.000313 0.025616 0.000003
0.073914 0.695386 0.129957 0.074210 0.000313 0.026217 0.000003
0.073641 0.693571 0.130891 0.074682 0.000327 0.026885 0.000003
0.069215 0.695554 0.132223 0.075497 0.000320 0.027187 0.000004
0.061329 0.696933 0.135586 0.077396 0.000339 0.028414 0.000003
0.060703 0.695996 0.136334 0.077892 0.000338 0.028732 0.000004
0.056236 0.695546 0.138746 0.079335 0.000365 0.029769 0.000003
0.056885 0.693562 0.139353 0.079523 0.000370 0.030303 0.000005
0.052522 0.693097 0.141741 0.081098 0.000376 0.031162 0.000004
0.050516 0.690416 0.144157 0.082326 0.000394 0.032187 0.000004
0.049380 0.690696 0.144465 0.082630 0.000387 0.032436 0.000006
0.048745 0.689273 0.145313 0.083261 0.000389 0.033016 0.000004
0.046426 0.687046 0.147775 0.084462 0.000392 0.033894 0.000005
0.044480 0.686056 0.149167 0.085208 0.000395 0.034691 0.000005
0.041158 0.684453 0.151626 0.086652 0.000410 0.035695 0.000007
0.040626 0.681423 0.153355 0.087591 0.000407 0.036591 0.000008
0.038878 0.680805 0.154432 0.088367 0.000424 0.037088 0.000006
0.038249 0.678784 0.155770 0.088984 0.000420 0.037785 0.000007
0.037257 0.678372 0.156250 0.089408 0.000435 0.038272 0.000006
0.036907 0.675665 0.157921 0.090062 0.000440 0.038998 0.000007
0.036014 0.674723 0.158741 0.090593 0.000456 0.039468 0.000006
0.034748 0.672161 0.160394 0.091757 0.000468 0.040465 0.000006
0.033361 0.668541 0.162996 0.092976 0.000469 0.041651 0.000006
0.032985 0.667642 0.163557 0.093186 0.000471 0.042153 0.000006
0.031156 0.663965 0.166218 0.094839 0.000477 0.043340 0.000005
0.031080 0.662289 0.166924 0.095259 0.000487 0.043954 0.000007
0.029857 0.659940 0.168703 0.096029 0.000513 0.044952 0.000007
0.029989 0.657955 0.169334 0.096648 0.000509 0.045559 0.000006
0.028779 0.655726 0.170874 0.097653 0.000525 0.046436 0.000006
0.028764 0.654304 0.171460 0.098065 0.000514 0.046886 0.000007
0.028263 0.651426 0.172919 0.098981 0.000543 0.047862 0.000005
0.028156 0.650560 0.173486 0.099152 0.000555 0.048083 0.000007
0.026559 0.646001 0.176306 0.100892 0.000564 0.049670 0.000008
0.026508 0.644509 0.176847 0.101303 0.000582 0.050241 0.000009
0.025885 0.642679 0.177895 0.101987 0.000597 0.050948 0.000009
0.030637 0.637533 0.177943 0.102004 0.000581 0.051294 0.000007
0.030392 0.635241 0.179174 0.102428 0.000590 0.052168 0.000007
0.033637 0.631867 0.179032 0.102419 0.000585 0.052453 0.000007
0.028546 0.631084 0.181916 0.104056 0.000599 0.053792 0.000007
0.032371 0.626505 0.181865 0.104248 0.000615 0.054387 0.000009
0.032132 0.623953 0.183046 0.104947 0.000627 0.055288 0.000006
0.034035 0.621262 0.183583 0.104705 0.000628 0.055780 0.000006
0.040192 0.615151 0.183124 0.104716 0.000635 0.056173 0.000008
0.038834 0.613055 0.184528 0.105671 0.000656 0.057251 0.000006
0.038204 0.611134 0.185921 0.106215 0.000672 0.057848 0.000007
0.040112 0.607891 0.186242 0.106555 0.000670 0.058523 0.000007
0.042007 0.605727 0.186197 0.106329 0.000698 0.059034 0.000007
0.044334 0.603342 0.186141 0.106247 0.000666 0.059261 0.000009
0.043071 0.602572 0.186842 0.106697 0.000698 0.060112 0.000008
0.040145 0.600875 0.189026 0.107866 0.000702 0.061380 0.000007
0.040661 0.599256 0.189170 0.108179 0.000719 0.062008 0.000007
0.041265 0.596040 0.190414 0.108733 0.000728 0.062812 0.000007
0.040462 0.595663 0.190567 0.109120 0.000723 0.063456 0.000008
0.033947 0.598154 0.192991 0.109977 0.000731 0.064194 0.000006
0.038814 0.593198 0.192469 0.109803 0.000737 0.064973 0.000007
0.035500 0.593181 0.193962 0.110808 0.000749 0.065794 0.000008
0.035221 0.590620 0.195044 0.111308 0.000757 0.067045 0.000006
0.033756 0.588311 0.196805 0.112166 0.000799 0.068157 0.000006
0.034594 0.587217 0.196695 0.111978 0.000796 0.068713 0.000007
0.029221 0.586974 0.199238 0.113532 0.000809 0.070221 0.000006
0.028884 0.586078 0.199504 0.114166 0.000812 0.070550 0.000007
0.026806 0.584346 0.201266 0.114998 0.000832 0.071745 0.000007
0.028161 0.581586 0.201472 0.115082 0.000853 0.072837 0.000009
0.026467 0.581099 0.202474 0.115586 0.000836 0.073533 0.000006
0.026581 0.581108 0.202310 0.115799 0.000839 0.073356 0.000007
0.025652 0.576568 0.204499 0.116862 0.000861 0.075551 0.000007
0.024348 0.575919 0.205475 0.117265 0.000876 0.076109 0.000008
0.023158 0.573381 0.206732 0.118432 0.000881 0.077407 0.000010
0.022258 0.571101 0.208154 0.118960 0.000907 0.078613 0.000007
0.021582 0.569739 0.209094 0.119452 0.000911 0.079216 0.000006
0.020812 0.567786 0.209879 0.120079 0.000925 0.080510 0.000008
0.021184 0.564438 0.210916 0.120606 0.000946 0.081902 0.000008
0.019913 0.564665 0.211519 0.120954 0.000951 0.081988 0.000010
0.020365 0.562067 0.212019 0.121268 0.000949 0.083325 0.000007
0.019081 0.559583 0.213750 0.122232 0.000983 0.084362 0.000008
0.018779 0.557887 0.214307 0.122627 0.000972 0.085421 0.000008
0.018467 0.555943 0.215364 0.123109 0.000993 0.086118 0.000006
0.018327 0.553672 0.216094 0.123784 0.000995 0.087119 0.000009
0.017823 0.549907 0.217699 0.124541 0.001031 0.088990 0.000008
0.017003 0.548268 0.218901 0.125070 0.001020 0.089730 0.000008
0.017001 0.547556 0.219022 0.125158 0.001026 0.090230 0.000008
0.018200 0.547908 0.218041 0.124737 0.001006 0.090099 0.000010
0.017074 0.543908 0.220183 0.125944 0.001044 0.091836 0.000010
0.016557 0.541832 0.221063 0.126560 0.001061 0.092915 0.000011
0.016346 0.538732 0.222263 0.127285 0.001054 0.094309 0.000011
0.016675 0.538389 0.222253 0.127042 0.001047 0.094582 0.000012
0.016226 0.535781 0.223311 0.127788 0.001083 0.095801 0.000011
0.016113 0.533969 0.223863 0.128188 0.001088 0.096766 0.000013
0.016192 0.531633 0.224765 0.128479 0.001108 0.097809 0.000013
0.015798 0.528775 0.225649 0.129441 0.001132 0.099192 0.000013
0.016007 0.528775 0.225537 0.129082 0.001130 0.099454 0.000015
0.015814 0.526359 0.226570 0.129727 0.001160 0.100356 0.000015
0.015390 0.523575 0.227397 0.130448 0.001141 0.102033 0.000015
0.015530 0.522442 0.228014 0.130303 0.001161 0.102535 0.000014
0.015298 0.520705 0.228738 0.130800 0.001181 0.103264 0.000014
0.015084 0.517793 0.229808 0.131152 0.001194 0.104957 0.000014
0.014825 0.515766 0.230305 0.131738 0.001199 0.106150 0.000016
0.014902 0.515034 0.230759 0.131821 0.001232 0.106235 0.000016
0.014781 0.512195 0.231602 0.132304 0.001219 0.107885 0.000014
0.015103 0.511478 0.231643 0.132455 0.001237 0.108069 0.000015
0.014679 0.509093 0.232565 0.132843 0.001252 0.109551 0.000017
0.014692 0.507067 0.233020 0.133283 0.001276 0.110647 0.000014
0.014387 0.504991 0.233712 0.133943 0.001260 0.111691 0.000016
0.014585 0.503123 0.234476 0.134007 0.001279 0.112510 0.000020
0.014117 0.500063 0.235761 0.134469 0.001295 0.114279 0.000016
0.014215 0.499705 0.235708 0.134430 0.001309 0.114615 0.000019
0.014070 0.497433 0.236509 0.134957 0.001304 0.115710 0.000017
0.014036 0.495494 0.236828 0.135327 0.001334 0.116960 0.000020
0.013875 0.492458 0.238029 0.135838 0.001338 0.118444 0.000018
0.013860 0.491183 0.238363 0.136072 0.001352 0.119152 0.000018
0.013733 0.490804 0.238668 0.135950 0.001359 0.119467 0.000019
0.013618 0.488753 0.239319 0.136409 0.001364 0.120517 0.000020
0.013356 0.486028 0.239979 0.136884 0.001384 0.122348 0.000021
0.013575 0.484806 0.240068 0.137395 0.001373 0.122761 0.000022
0.013556 0.483297 0.240770 0.137374 0.001395 0.123585 0.000023
0.013547 0.481032 0.241431 0.137521 0.001422 0.125025 0.000023
0.013330 0.480093 0.241700 0.137761 0.001439 0.125657 0.000019
0.013345 0.477366 0.242428 0.138305 0.001414 0.127120 0.000022
0.013282 0.476452 0.242895 0.138436 0.001416 0.127494 0.000024
0.013110 0.473250 0.243798 0.138770 0.001441 0.129608 0.000023
0.013355 0.471919 0.244021 0.138832 0.001475 0.130377 0.000022
0.013175 0.469593 0.244627 0.139348 0.001489 0.131745 0.000022
0.012921 0.468684 0.245224 0.139650 0.001452 0.132045 0.000024
0.012885 0.467307 0.245108 0.139779 0.001502 0.133395 0.000024
0.012937 0.466863 0.245486 0.139865 0.001502 0.133322 0.000026
0.013072 0.464375 0.245948 0.140107 0.001503 0.134972 0.000022
0.012831 0.461234 0.246897 0.140816 0.001536 0.136661 0.000024
0.012853 0.459424 0.247494 0.141049 0.001556 0.137600 0.000024
0.012907 0.458932 0.247564 0.140835 0.001527 0.138212 0.000022
0.012713 0.458038 0.247763 0.141134 0.001542 0.138786 0.000024
0.012665 0.454357 0.248824 0.141810 0.001590 0.140728 0.000026
0.012832 0.453458 0.249014 0.141962 0.001574 0.141136 0.000024
0.012679 0.451025 0.249925 0.142390 0.001586 0.142370 0.000025
0.012757 0.449501 0.250142 0.142387 0.001588 0.143595 0.000030
0.012610 0.447333 0.250681 0.142597 0.001630 0.145124 0.000025
0.012460 0.446013 0.250985 0.142974 0.001627 0.145919 0.000023
0.012589 0.445396 0.250865 0.143003 0.001607 0.146513 0.000027
0.012511 0.444194 0.251018 0.143176 0.001662 0.147413 0.000027
0.012483 0.441939 0.251665 0.143696 0.001657 0.148530 0.000031
0.012424 0.439132 0.252354 0.143947 0.001690 0.150423 0.000031
0.012467 0.437866 0.252684 0.144101 0.001664 0.151186 0.000031
0.012389 0.436783 0.252846 0.144171 0.001669 0.152116 0.000026
0.012418 0.433608 0.253784 0.144663 0.001705 0.153793 0.000030
0.012402 0.433373 0.253795 0.144863 0.001714 0.153817 0.000037
0.012349 0.431213 0.254395 0.144831 0.001745 0.155435 0.000033
0.012401 0.430828 0.254321 0.144901 0.001737 0.155778 0.000034
0.012348 0.428408 0.255163 0.145109 0.001738 0.157204 0.000029
0.012282 0.426753 0.255125 0.145542 0.001751 0.158515 0.000032
0.012355 0.424859 0.255894 0.145877 0.001742 0.159239 0.000033
0.012342 0.424368 0.255621 0.145738 0.001766 0.160132 0.000033
0.012320 0.422687 0.256134 0.146102 0.001739 0.160985 0.000034
0.012138 0.420597 0.256568 0.146183 0.001784 0.162698 0.000032
0.012168 0.419353 0.257006 0.146474 0.001802 0.163166 0.000032
0.012180 0.418514 0.257195 0.146324 0.001794 0.163960 0.000033
0.012234 0.416871 0.257222 0.146753 0.001811 0.165079 0.000031
0.012142 0.415821 0.257567 0.146634 0.001793 0.166013 0.000029
0.012286 0.412306 0.258331 0.147039 0.001835 0.168171 0.000033
0.012167 0.410686 0.259155 0.147159 0.001871 0.168927 0.000036
0.012200 0.410374 0.258916 0.147253 0.001848 0.169372 0.000037
0.012210 0.408122 0.259475 0.147481 0.001870 0.170805 0.000037
0.012202 0.406477 0.259594 0.147658 0.001885 0.172152 0.000032
0.012196 0.405984 0.259464 0.147829 0.001890 0.172604 0.000035
0.011943 0.404033 0.260027 0.148046 0.001911 0.174007 0.000034
0.012005 0.402720 0.260303 0.148279 0.001926 0.174728 0.000039
0.011991 0.400160 0.260697 0.148770 0.001933 0.176415 0.000035
0.012036 0.398933 0.261047 0.148755 0.001933 0.177256 0.000040
0.011877 0.397600 0.261061 0.148957 0.001937 0.178531 0.000037
0.012022 0.396392 0.261507 0.148851 0.001960 0.179228 0.000040
0.012037 0.395390 0.261939 0.148961 0.001927 0.179705 0.000039
0.012008 0.393509 0.262042 0.149205 0.001983 0.181217 0.000036
0.012015 0.392437 0.262238 0.149267 0.002004 0.182002 0.000037
0.011989 0.392554 0.261964 0.149257 0.001989 0.182212 0.000035
0.012042 0.390118 0.262327 0.149427 0.002022 0.184022 0.000041
0.011951 0.387849 0.262695 0.149558 0.002006 0.185905 0.000036
0.011980 0.387399 0.262779 0.149718 0.002005 0.186083 0.000037
0.012025 0.385579 0.263520 0.149530 0.002043 0.187265 0.000039
0.011802 0.383873 0.263471 0.150223 0.002018 0.188571 0.000041
0.011769 0.382241 0.263620 0.150152 0.002084 0.190096 0.000039
0.011928 0.381174 0.263788 0.150268 0.002056 0.190750 0.000036
0.011887 0.379775 0.264091 0.150295 0.002054 0.191859 0.000039
0.011926 0.377959 0.263962 0.150589 0.002102 0.193424 0.000038
0.011922 0.376223 0.264372 0.150651 0.002102 0.194692 0.000037
0.011849 0.375150 0.264574 0.151057 0.002067 0.195262 0.000041
0.011822 0.374793 0.264414 0.151057 0.002074 0.195808 0.000032
0.011900 0.372620 0.264696 0.151119 0.002080 0.197549 0.000037
0.011831 0.371541 0.265094 0.151160 0.002093 0.198241 0.000040
0.011837 0.369266 0.265163 0.151396 0.002125 0.200171 0.000041
0.011893 0.368651 0.265293 0.151513 0.002163 0.200448 0.000040
0.011808 0.366628 0.265685 0.151507 0.002176 0.202157 0.000039
0.011829 0.365745 0.265841 0.151676 0.002145 0.202722 0.000042
0.011824 0.364849 0.265503 0.151584 0.002178 0.204021 0.000041
0.011868 0.362263 0.266130 0.151826 0.002208 0.205665 0.000039
0.011870 0.362936 0.265969 0.151495 0.002173 0.205515 0.000042
0.012060 0.360083 0.266165 0.151951 0.002212 0.207490 0.000039
0.011854 0.359300 0.266281 0.151964 0.002207 0.208356 0.000038
0.011859 0.357352 0.266591 0.152100 0.002220 0.209837 0.000041
0.011977 0.357342 0.266390 0.151934 0.002280 0.210035 0.000041
0.011797 0.355605 0.266603 0.152192 0.002286 0.211474 0.000044
0.011932 0.354200 0.266600 0.152066 0.002269 0.212891 0.000042
0.011733 0.352757 0.266889 0.152260 0.002265 0.214049 0.000046
0.011834 0.351445 0.267084 0.152231 0.002311 0.215053 0.000042
0.011940 0.352718 0.266205 0.152090 0.002274 0.214726 0.000046
0.011741 0.349659 0.267067 0.152393 0.002278 0.216816 0.000047
0.011851 0.347488 0.267382 0.152623 0.002371 0.218240 0.000044
0.011909 0.346913 0.267151 0.152736 0.002325 0.218922 0.000044
0.011812 0.345263 0.267641 0.152545 0.002328 0.220366 0.000045
0.011891 0.343929 0.267379 0.152628 0.002347 0.221779 0.000046
0.011962 0.342805 0.267643 0.152734 0.002355 0.222448 0.000054
0.011833 0.341921 0.267751 0.152573 0.002334 0.223534 0.000053
0.011873 0.341138 0.267480 0.152536 0.002386 0.224537 0.000050
0.012000 0.338178 0.267830 0.153156 0.002408 0.226375 0.000053
0.011937 0.337971 0.268051 0.152886 0.002401 0.226703 0.000051
0.012041 0.337082 0.267806 0.152795 0.002392 0.227830 0.000052
0.011926 0.336256 0.267434 0.153058 0.002424 0.228847 0.000054
0.011812 0.333764 0.268306 0.152946 0.002442 0.230675 0.000055
0.011855 0.333174 0.268229 0.152904 0.002434 0.231353 0.000051
0.011884 0.332805 0.268197 0.153030 0.002499 0.231533 0.000052
0.011815 0.331593 0.268034 0.152913 0.002480 0.233111 0.000053
0.011821 0.329349 0.268246 0.153216 0.002481 0.234830 0.000057
0.012015 0.329061 0.268459 0.152871 0.002516 0.235025 0.000052
0.011941 0.326682 0.268488 0.153062 0.002514 0.237256 0.000057
0.012064 0.326080 0.268632 0.153207 0.002552 0.237411 0.000054
0.011988 0.323717 0.268722 0.153324 0.002529 0.239664 0.000057
0.011966 0.324201 0.268342 0.153129 0.002524 0.239782 0.000055
0.011785 0.322945 0.268668 0.153235 0.002580 0.240732 0.000055
0.011863 0.320176 0.268957 0.153451 0.002588 0.242913 0.000051
0.011876 0.320543 0.268955 0.153031 0.002579 0.242959 0.000057
0.011885 0.317795 0.268605 0.153300 0.002607 0.245754 0.000055
0.011955 0.318153 0.268865 0.153042 0.002568 0.245361 0.000056
0.012056 0.317132 0.268961 0.153042 0.002614 0.246140 0.000056
0.011999 0.316594 0.268622 0.153023 0.002594 0.247116 0.000052
0.012168 0.314339 0.268719 0.153010 0.002624 0.249085 0.000055
0.012152 0.312966 0.268632 0.152920 0.002664 0.250602 0.000064
0.011952 0.312307 0.269012 0.153149 0.002658 0.250862 0.000060
0.012048 0.311436 0.268820 0.153153 0.002687 0.251801 0.000056
0.012103 0.309642 0.269068 0.152762 0.002661 0.253708 0.000056
0.012021 0.309695 0.268964 0.153074 0.002669 0.253513 0.000064
0.012194 0.308823 0.268665 0.153155 0.002686 0.254408 0.000068
0.012011 0.307333 0.269320 0.152980 0.002708 0.255590 0.000059
0.012331 0.306635 0.268713 0.152992 0.002753 0.256517 0.000059
0.012295 0.304835 0.269077 0.153079 0.002742 0.257912 0.000060
0.012184 0.304323 0.269134 0.153260 0.002730 0.258302 0.000068
0.012176 0.303502 0.268779 0.153290 0.002751 0.259433 0.000069
0.012290 0.301390 0.268621 0.153249 0.002747 0.261631 0.000072
0.012116 0.299717 0.268895 0.153337 0.002773 0.263093 0.000069
0.012362 0.299291 0.269013 0.152906 0.002772 0.263583 0.000072
0.012246 0.298418 0.268662 0.153143 0.002766 0.264695 0.000070
0.012311 0.298182 0.268725 0.152889 0.002772 0.265049 0.000072
0.012303 0.295504 0.268893 0.153055 0.002810 0.267364 0.000071
0.012242 0.295270 0.268619 0.153037 0.002852 0.267917 0.000063
0.012334 0.294680 0.268596 0.152939 0.002837 0.268552 0.000062
0.012244 0.293580 0.268731 0.152735 0.002863 0.269778 0.000069
0.012198 0.292027 0.268850 0.152817 0.002881 0.271159 0.000067
0.012370 0.290226 0.268787 0.152930 0.002851 0.272765 0.000070
0.012477 0.290307 0.268605 0.152774 0.002859 0.272907 0.000070
0.012480 0.288608 0.268465 0.152722 0.002872 0.274779 0.000074
0.012342 0.287950 0.268385 0.153084 0.002885 0.275284 0.000069
0.012299 0.286535 0.268416 0.152857 0.002900 0.276922 0.000072
0.012489 0.286445 0.268383 0.152557 0.002900 0.277154 0.000072
0.012420 0.284841 0.268675 0.152772 0.002949 0.278271 0.000073
0.012413 0.283603 0.267915 0.152791 0.002910 0.280295 0.000073
0.012437 0.282590 0.268375 0.152620 0.002958 0.280950 0.000069
0.012565 0.281709 0.267940 0.152583 0.002976 0.282157 0.000071
0.012395 0.281066 0.268113 0.152701 0.002951 0.282696 0.000077
0.012576 0.280477 0.268006 0.152476 0.002967 0.283425 0.000073
0.012432 0.278483 0.268016 0.152538 0.002990 0.285466 0.000074
0.012429 0.277767 0.267709 0.152618 0.002992 0.286408 0.000078
0.012560 0.276561 0.267902 0.152413 0.003008 0.287482 0.000073
0.012555 0.276399 0.268075 0.152283 0.003021 0.287596 0.000071
0.012657 0.274234 0.267887 0.152627 0.003033 0.289480 0.000082
0.012680 0.273730 0.267445 0.152416 0.003032 0.290624 0.000073
0.012789 0.273511 0.267685 0.152058 0.003037 0.290849 0.000072
0.012670 0.272108 0.267549 0.152022 0.003061 0.292510 0.000080
0.012579 0.271667 0.267344 0.152274 0.003102 0.292961 0.000074
0.012832 0.271233 0.267025 0.152195 0.003073 0.293560 0.000082
0.012530 0.269235 0.267129 0.152119 0.003058 0.295852 0.000077
0.012662 0.269037 0.266656 0.152046 0.003129 0.296391 0.000079
0.012697 0.267742 0.266841 0.151960 0.003103 0.297577 0.000079
0.012787 0.267856 0.266462 0.151841 0.003134 0.297844 0.000076
0.012750 0.265968 0.266623 0.151806 0.003105 0.299674 0.000074
0.012875 0.264746 0.266399 0.152033 0.003154 0.300710 0.000083
0.012764 0.263747 0.266376 0.151938 0.003152 0.301943 0.000080
0.012841 0.263561 0.266123 0.151725 0.003131 0.302532 0.000085
0.012889 0.262301 0.266166 0.151624 0.003184 0.303754 0.000082
0.012929 0.261692 0.266152 0.151504 0.003255 0.304390 0.000078
0.012884 0.260341 0.266134 0.151636 0.003205 0.305718 0.000082
0.012803 0.259976 0.266370 0.151220 0.003231 0.306325 0.000075
0.012958 0.259131 0.265777 0.151374 0.003208 0.307471 0.000081
0.013052 0.257355 0.265985 0.151147 0.003247 0.309140 0.000074
0.012910 0.256857 0.265724 0.151354 0.003242 0.309841 0.000073
0.025312 0.255046 0.261185 0.148564 0.003209 0.306602 0.000081
0.026555 0.255026 0.260740 0.148448 0.003252 0.305900 0.000079
0.029215 0.254338 0.259592 0.147370 0.003169 0.306235 0.000080
0.029101 0.253682 0.259154 0.147324 0.003184 0.307466 0.000089
0.030034 0.253380 0.258309 0.147023 0.003166 0.308011 0.000077
0.029235 0.252859 0.258475 0.147167 0.003255 0.308930 0.000080
0.030779 0.254045 0.257132 0.146304 0.003228 0.308430 0.000082
0.032504 0.255400 0.255839 0.145521 0.003181 0.307475 0.000080
0.026026 0.254330 0.258426 0.147025 0.003283 0.310826 0.000084
0.026072 0.253226 0.258136 0.146983 0.003238 0.312261 0.000085
0.024293 0.253194 0.258702 0.146960 0.003283 0.313484 0.000083
0.021900 0.251154 0.259556 0.147572 0.003303 0.316433 0.000082
0.021509 0.251180 0.259406 0.147339 0.003329 0.317153 0.000084
0.023021 0.252224 0.258231 0.146960 0.003273 0.316207 0.000083
0.020296 0.250438 0.259418 0.147513 0.003318 0.318931 0.000087
0.021043 0.250584 0.258799 0.147054 0.003334 0.319097 0.000089
0.019205 0.248710 0.259337 0.147522 0.003317 0.321826 0.000083
0.020108 0.249192 0.258753 0.147009 0.003319 0.321529 0.000090
0.018255 0.246902 0.259321 0.147585 0.003342 0.324497 0.000099
0.017712 0.245823 0.259845 0.147905 0.003375 0.325248 0.000092
0.017367 0.245292 0.259282 0.147872 0.003398 0.326696 0.000094
0.018180 0.247519 0.258827 0.147082 0.003378 0.324919 0.000095
0.017288 0.245380 0.258904 0.147016 0.003403 0.327913 0.000097
0.016266 0.243079 0.259871 0.147444 0.003427 0.329823 0.000089
0.016205 0.242012 0.259609 0.147320 0.003399 0.331364 0.000092
0.016087 0.241725 0.259383 0.147231 0.003412 0.332064 0.000098
0.015786 0.240280 0.259012 0.147372 0.003435 0.334015 0.000100
0.014983 0.238774 0.259644 0.147806 0.003412 0.335279 0.000101
0.015095 0.237985 0.259995 0.147752 0.003478 0.335592 0.000103
0.015200 0.237204 0.259428 0.147756 0.003469 0.336843 0.000100
0.014708 0.235858 0.259528 0.147283 0.003516 0.339011 0.000095
0.014833 0.236207 0.259571 0.147500 0.003439 0.338355 0.000094
0.014634 0.234180 0.259754 0.147579 0.003561 0.340198 0.000094
0.014638 0.233192 0.259333 0.147314 0.003529 0.341891 0.000103
0.014881 0.233052 0.259226 0.147218 0.003533 0.341982 0.000107
0.014357 0.230332 0.259382 0.147437 0.003607 0.344792 0.000093
0.014729 0.231981 0.258222 0.146870 0.003503 0.344600 0.000095
0.014582 0.231353 0.258724 0.147060 0.003560 0.344626 0.000095
0.014380 0.228858 0.258999 0.146829 0.003529 0.347310 0.000096
0.014283 0.227255 0.258753 0.147068 0.003559 0.348983 0.000100
0.014545 0.229052 0.258215 0.146782 0.003549 0.347754 0.000102
0.014320 0.227594 0.258011 0.146570 0.003540 0.349866 0.000100
0.014527 0.227496 0.257741 0.146583 0.003542 0.350014 0.000097
0.014366 0.225302 0.257979 0.146394 0.003559 0.352294 0.000107
0.014263 0.224322 0.258113 0.146608 0.003622 0.352964 0.000107
0.014427 0.225247 0.257466 0.146264 0.003591 0.352902 0.000103
0.014435 0.225343 0.257053 0.145683 0.003622 0.353763 0.000101
0.014353 0.222609 0.257530 0.145981 0.003618 0.355806 0.000104
0.014127 0.222258 0.257401 0.145973 0.003656 0.356489 0.000097
0.014366 0.222707 0.256550 0.145504 0.003670 0.357100 0.000104
0.014119 0.219338 0.257179 0.146071 0.003634 0.359548 0.000110
0.014202 0.218152 0.257274 0.145907 0.003685 0.360679 0.000101
0.014261 0.218863 0.256497 0.146005 0.003683 0.360586 0.000105
0.014007 0.217070 0.256757 0.145687 0.003717 0.362655 0.000107
0.014161 0.217534 0.256487 0.145371 0.003734 0.362604 0.000108
0.014305 0.216233 0.256060 0.145433 0.003693 0.364166 0.000110
0.014382 0.214564 0.255985 0.145480 0.003787 0.365692 0.000110
0.014507 0.214771 0.255643 0.145248 0.003756 0.365961 0.000115
0.014399 0.213512 0.255534 0.145618 0.003711 0.367117 0.000109
0.014391 0.213272 0.255374 0.145200 0.003736 0.367915 0.000111
0.014560 0.213634 0.254792 0.144706 0.003768 0.368439 0.000100
0.014394 0.212320 0.254565 0.144645 0.003761 0.370203 0.000112
0.014669 0.210071 0.254485 0.144883 0.003813 0.371970 0.000109
0.014471 0.211746 0.254544 0.144314 0.003824 0.370989 0.000113
0.014421 0.209355 0.254466 0.144326 0.003758 0.373559 0.000115
0.014539 0.210768 0.253562 0.144159 0.003843 0.373015 0.000115
0.014667 0.209718 0.253701 0.143595 0.003815 0.374393 0.000111
0.014627 0.209804 0.253586 0.143833 0.003806 0.374221 0.000122
0.014690 0.207865 0.253523 0.143874 0.003820 0.376102 0.000126
0.014744 0.207857 0.253122 0.143498 0.003842 0.376818 0.000118
0.014708 0.206150 0.253118 0.143558 0.003854 0.378493 0.000119
0.014558 0.206307 0.252891 0.143663 0.003878 0.378586 0.000117
0.014657 0.204143 0.252916 0.143298 0.003881 0.380986 0.000119
0.014674 0.204664 0.252355 0.143085 0.003842 0.381261 0.000119
0.014654 0.202713 0.252067 0.143313 0.003891 0.383238 0.000123
0.014810 0.202562 0.251568 0.142939 0.003893 0.384110 0.000119
0.014834 0.201576 0.251672 0.142671 0.003840 0.385291 0.000116
0.014904 0.202718 0.251247 0.142417 0.003899 0.384680 0.000135
0.014805 0.201975 0.250752 0.142397 0.003945 0.386009 0.000116
0.014925 0.198754 0.251196 0.142613 0.003930 0.388464 0.000119
0.014766 0.198798 0.251358 0.142455 0.003950 0.388540 0.000133
0.015054 0.197491 0.250903 0.142133 0.003934 0.390353 0.000131
0.014937 0.198625 0.250583 0.141992 0.003934 0.389798 0.000131
0.014969 0.197452 0.249739 0.141953 0.003971 0.391789 0.000127
0.015116 0.198252 0.250391 0.141658 0.003949 0.390512 0.000122
0.014969 0.197178 0.249632 0.141415 0.003990 0.392695 0.000121
0.015093 0.194639 0.249888 0.141781 0.004036 0.394433 0.000130
0.015119 0.196300 0.249346 0.141648 0.004013 0.393441 0.000132
0.015120 0.195104 0.249499 0.141363 0.004035 0.394752 0.000128
0.015035 0.193235 0.249127 0.141347 0.004045 0.397081 0.000129
0.015455 0.193037 0.248475 0.140833 0.003998 0.398084 0.000118
0.015331 0.191373 0.248807 0.141026 0.004011 0.399324 0.000128
0.015333 0.192067 0.248715 0.140800 0.004081 0.398884 0.000120
0.015484 0.191810 0.248111 0.140705 0.004033 0.399728 0.000129
0.015487 0.190995 0.247813 0.141000 0.004040 0.400539 0.000126
0.015372 0.190347 0.247883 0.140329 0.004024 0.401922 0.000124
0.015339 0.190809 0.247379 0.140388 0.003977 0.401983 0.000125
0.015538 0.189659 0.247441 0.140232 0.004086 0.402915 0.000130
0.015493 0.188845 0.246829 0.140286 0.004047 0.404371 0.000129
0.015412 0.188060 0.246950 0.140131 0.004051 0.405262 0.000133
0.015330 0.187770 0.246342 0.139848 0.004101 0.406478 0.000133
0.015505 0.187173 0.246382 0.139599 0.004093 0.407113 0.000135
0.015484 0.187405 0.246087 0.139531 0.004080 0.407285 0.000127
0.015583 0.185308 0.245712 0.139764 0.004074 0.409428 0.000131
0.015487 0.186047 0.245936 0.139536 0.004164 0.408692 0.000138
0.015608 0.184696 0.245320 0.139502 0.004134 0.410601 0.000139
0.015728 0.184200 0.245239 0.139287 0.004100 0.411311 0.000134
0.015729 0.183600 0.245213 0.139171 0.004093 0.412058 0.000137
0.015909 0.184563 0.244392 0.138963 0.004086 0.411951 0.000137
0.015834 0.182078 0.244305 0.138747 0.004115 0.414782 0.000139
0.015994 0.182153 0.244097 0.138528 0.004204 0.414875 0.000150
0.015859 0.182662 0.244160 0.138510 0.004099 0.414569 0.000141
0.015919 0.180798 0.243728 0.138639 0.004150 0.416621 0.000144
0.015942 0.179705 0.243808 0.138392 0.004188 0.417822 0.000143
0.016113 0.180860 0.243278 0.137905 0.004148 0.417556 0.000140
0.015859 0.180510 0.243168 0.138083 0.004184 0.418057 0.000139
0.015862 0.179893 0.242637 0.137777 0.004162 0.419520 0.000148
0.016070 0.177630 0.242626 0.137534 0.004212 0.421784 0.000143
0.016171 0.177502 0.242457 0.136945 0.004155 0.422629 0.000141
0.016142 0.176867 0.242505 0.137216 0.004213 0.422910 0.000146
0.016175 0.176105 0.242071 0.137139 0.004268 0.424094 0.000148
0.016314 0.176754 0.241262 0.137125 0.004176 0.424216 0.000152
0.016108 0.175394 0.241465 0.137089 0.004156 0.425635 0.000153
0.016322 0.175352 0.241334 0.136633 0.004198 0.426011 0.000151
0.016305 0.176280 0.240743 0.136509 0.004191 0.425823 0.000148
0.016319 0.173799 0.240411 0.136557 0.004242 0.428515 0.000157
0.016394 0.174235 0.240180 0.136360 0.004279 0.428404 0.000148
0.016466 0.172620 0.240414 0.136225 0.004241 0.429877 0.000156
0.016327 0.173151 0.239967 0.136222 0.004260 0.429917 0.000156
0.016505 0.172629 0.239876 0.135722 0.004273 0.430839 0.000157
0.016493 0.172180 0.239621 0.135785 0.004272 0.431497 0.000152
0.016376 0.170778 0.239645 0.135589 0.004207 0.433249 0.000158
0.016593 0.171181 0.238658 0.135132 0.004260 0.434028 0.000148
0.016694 0.170780 0.238450 0.135023 0.004243 0.434663 0.000147
0.016895 0.169641 0.238116 0.135184 0.004253 0.435756 0.000155
0.016618 0.168572 0.238493 0.135030 0.004257 0.436877 0.000153
0.016846 0.169158 0.237711 0.134718 0.004243 0.437174 0.000150
0.016881 0.168286 0.237680 0.134987 0.004255 0.437755 0.000155
0.016728 0.168410 0.237633 0.134369 0.004289 0.438425 0.000147
0.016649 0.167726 0.236872 0.134335 0.004316 0.439949 0.000153
0.016765 0.167512 0.236797 0.134304 0.004320 0.440138 0.000164
0.016913 0.166456 0.236683 0.134383 0.004293 0.441118 0.000154
0.017077 0.165906 0.236468 0.133744 0.004333 0.442305 0.000167
0.016764 0.165728 0.235945 0.133637 0.004342 0.443425 0.000159
0.016862 0.165132 0.236015 0.134024 0.004315 0.443487 0.000164
0.017002 0.164724 0.235519 0.133805 0.004337 0.444447 0.000165
0.017094 0.164064 0.235291 0.133595 0.004330 0.445461 0.000166
0.017193 0.164274 0.235020 0.133155 0.004337 0.445849 0.000173
0.017068 0.163890 0.234871 0.132783 0.004278 0.446946 0.000163
0.017341 0.162900 0.234600 0.132729 0.004279 0.447987 0.000163
0.017457 0.161729 0.234175 0.132788 0.004326 0.449363 0.000162
0.017210 0.161234 0.234172 0.132655 0.004387 0.450171 0.000171
0.017273 0.161455 0.234242 0.132780 0.004352 0.449724 0.000173
0.017439 0.161497 0.233370 0.132615 0.004313 0.450594 0.000173
0.017312 0.161758 0.233232 0.132578 0.004403 0.450544 0.000174
0.017364 0.160358 0.232843 0.132343 0.004380 0.452537 0.000174
0.017380 0.160193 0.232718 0.131958 0.004368 0.453208 0.000175
0.017541 0.159458 0.232501 0.131768 0.004408 0.454153 0.000171
0.017562 0.158579 0.232405 0.131666 0.004457 0.455159 0.000173
0.017670 0.158578 0.231726 0.131218 0.004349 0.456283 0.000175
0.017630 0.157697 0.231714 0.131393 0.004377 0.457021 0.000169
0.017416 0.158036 0.231760 0.131308 0.004391 0.456908 0.000181
0.017883 0.158609 0.230948 0.131148 0.004391 0.456855 0.000166
0.017812 0.157151 0.230742 0.131115 0.004402 0.458612 0.000165
0.017766 0.155913 0.230744 0.130521 0.004432 0.460452 0.000171
0.017743 0.155457 0.230482 0.130573 0.004402 0.461174 0.000170
0.017897 0.155822 0.229971 0.130394 0.004429 0.461316 0.000170
0.017937 0.154746 0.229988 0.130534 0.004409 0.462194 0.000192
0.017961 0.154873 0.229479 0.130109 0.004390 0.463009 0.000178
0.018226 0.153622 0.229278 0.129836 0.004448 0.464401 0.000190
0.018025 0.153437 0.228807 0.129957 0.004495 0.465084 0.000194
0.018099 0.153243 0.228843 0.129734 0.004444 0.465449 0.000188
0.018030 0.152203 0.228627 0.129581 0.004465 0.466902 0.000191
0.018570 0.151275 0.228148 0.129270 0.004451 0.468107 0.000180
0.018337 0.153059 0.227622 0.129097 0.004468 0.467240 0.000177
0.018420 0.151513 0.227418 0.128777 0.004433 0.469264 0.000175
0.018417 0.151046 0.227657 0.128779 0.004534 0.469386 0.000181
0.018427 0.150497 0.227160 0.128888 0.004490 0.470352 0.000185
0.018547 0.150404 0.226872 0.128573 0.004470 0.470939 0.000197
0.018552 0.149355 0.226387 0.128591 0.004519 0.472397 0.000198
0.018486 0.150013 0.226104 0.128530 0.004508 0.472171 0.000188
0.018780 0.148819 0.225663 0.128217 0.004505 0.473829 0.000187
0.018712 0.148856 0.225826 0.128084 0.004448 0.473882 0.000192
0.018614 0.148717 0.225191 0.127850 0.004497 0.474946 0.000186
0.018770 0.147697 0.224879 0.127665 0.004539 0.476262 0.000188
0.018831 0.147483 0.224467 0.127605 0.004500 0.476930 0.000184
0.018839 0.147832 0.224652 0.127567 0.004507 0.476416 0.000187
0.018772 0.147155 0.224227 0.127156 0.004551 0.477946 0.000193
0.018659 0.145955 0.224600 0.127074 0.004544 0.478977 0.000192
0.018758 0.146294 0.224117 0.127048 0.004565 0.479017 0.000201
0.019022 0.145949 0.224129 0.126896 0.004527 0.479290 0.000187
0.019150 0.145242 0.223335 0.126836 0.004515 0.480737 0.000184
0.018963 0.144277 0.223111 0.126409 0.004547 0.482503 0.000190
0.018947 0.145584 0.222960 0.126355 0.004536 0.481425 0.000192
0.018911 0.144297 0.222509 0.126263 0.004573 0.483247 0.000200
0.019029 0.144221 0.222255 0.126083 0.004552 0.483656 0.000204
0.019177 0.143979 0.221723 0.125978 0.004546 0.484408 0.000190
0.019184 0.144262 0.221836 0.125567 0.004579 0.484378 0.000195
0.019096 0.142732 0.221483 0.125536 0.004546 0.486402 0.000206
0.019185 0.143614 0.221116 0.125450 0.004556 0.485869 0.000211
0.019191 0.142310 0.220518 0.125762 0.004503 0.487511 0.000205
0.019375 0.141819 0.220166 0.125416 0.004530 0.488492 0.000201
0.019343 0.142555 0.219916 0.125193 0.004586 0.488196 0.000212
