0.999109 0.000867 0.000014 0.000010 0.000000 0.000000 0.000000
0.998677 0.001283 0.000021 0.000006 0.000000 0.000012 0.000000
0.998230 0.001718 0.000030 0.000011 0.000000 0.000011 0.000000
0.997761 0.002178 0.000033 0.000017 0.000000 0.000011 0.000000
0.997304 0.002620 0.000042 0.000022 0.000000 0.000012 0.000000
0.996743 0.003175 0.000044 0.000026 0.000000 0.000012 0.000000
0.996088 0.003827 0.000050 0.000024 0.000000 0.000012 0.000000
0.995398 0.004512 0.000052 0.000027 0.000000 0.000012 0.000000
0.994540 0.005362 0.000060 0.000027 0.000000 0.000011 0.000000
0.993423 0.006450 0.000076 0.000041 0.000000 0.000010 0.000000
0.991845 0.008021 0.000081 0.000044 0.000000 0.000009 0.000000
0.990203 0.009619 0.000119 0.000051 0.000000 0.000008 0.000000
0.988185 0.011595 0.000149 0.000064 0.000000 0.000007 0.000000
0.985503 0.014258 0.000154 0.000076 0.000000 0.000009 0.000000
0.982561 0.017148 0.000177 0.000104 0.000000 0.000010 0.000000
0.978252 0.021397 0.000223 0.000120 0.000000 0.000007 0.000000
0.975098 0.024482 0.000255 0.000157 0.000000 0.000008 0.000000
0.970248 0.029229 0.000336 0.000181 0.000000 0.000005 0.000000
0.964380 0.034942 0.000426 0.000245 0.000000 0.000007 0.000000
0.958849 0.040347 0.000504 0.000290 0.000000 0.000010 0.000000
0.950886 0.048149 0.000628 0.000327 0.000000 0.000010 0.000000
0.943753 0.055114 0.000741 0.000382 0.000000 0.000010 0.000000
0.936502 0.062227 0.000826 0.000429 0.000000 0.000015 0.000000
0.925547 0.072858 0.001023 0.000557 0.000000 0.000015 0.000000
0.915036 0.083114 0.001178 0.000653 0.000000 0.000018 0.000000
0.904417 0.093493 0.001333 0.000731 0.000000 0.000026 0.000000
0.891695 0.105860 0.001557 0.000856 0.000000 0.000032 0.000000
0.880541 0.116625 0.001802 0.000989 0.000000 0.000043 0.000000
0.866699 0.130070 0.002059 0.001119 0.000000 0.000054 0.000000
0.854108 0.142287 0.002282 0.001258 0.000000 0.000064 0.000000
0.839384 0.156559 0.002547 0.001439 0.000000 0.000071 0.000000
0.826229 0.169232 0.002861 0.001598 0.000000 0.000081 0.000000
0.811261 0.183747 0.003143 0.001753 0.000000 0.000097 0.000000
0.794489 0.199870 0.003556 0.001972 0.000000 0.000113 0.000000
0.779804 0.214024 0.003902 0.002152 0.000000 0.000117 0.000000
0.764439 0.228746 0.004318 0.002362 0.000000 0.000135 0.000000
0.747441 0.244946 0.004848 0.002615 0.000000 0.000150 0.000000
0.731415 0.260242 0.005303 0.002882 0.000000 0.000158 0.000000
0.716351 0.274567 0.005756 0.003152 0.000000 0.000174 0.000000
0.699997 0.290101 0.006243 0.003468 0.000000 0.000191 0.000000
0.683499 0.305738 0.006726 0.003824 0.000000 0.000213 0.000000
0.669673 0.318930 0.007071 0.004100 0.000000 0.000226 0.000000
0.652006 0.335673 0.007631 0.004447 0.000001 0.000241 0.000000
0.636596 0.350094 0.008272 0.004769 0.000002 0.000267 0.000000
0.622939 0.362848 0.008866 0.005054 0.000003 0.000290 0.000000
0.606979 0.377704 0.009556 0.005430 0.000006 0.000324 0.000000
0.590883 0.392689 0.010262 0.005807 0.000006 0.000353 0.000000
0.575973 0.406427 0.010968 0.006239 0.000006 0.000388 0.000000
0.562049 0.419350 0.011580 0.006592 0.000008 0.000422 0.000000
0.547919 0.432268 0.012317 0.007018 0.000009 0.000469 0.000000
0.533792 0.445099 0.013105 0.007476 0.000009 0.000519 0.000000
0.520457 0.457201 0.013883 0.007891 0.000008 0.000558 0.000000
0.508553 0.467890 0.014631 0.008321 0.000010 0.000596 0.000000
0.498000 0.477197 0.015426 0.008706 0.000010 0.000660 0.000000
0.483068 0.490583 0.016388 0.009230 0.000012 0.000719 0.000000
0.473343 0.499165 0.017108 0.009606 0.000013 0.000766 0.000000
0.464482 0.506884 0.017802 0.009999 0.000014 0.000819 0.000000
0.452715 0.517142 0.018694 0.010549 0.000014 0.000886 0.000000
0.446476 0.522247 0.019390 0.010919 0.000014 0.000954 0.000000
0.428542 0.538261 0.020563 0.011592 0.000017 0.001025 0.000000
0.422056 0.543521 0.021283 0.012029 0.000016 0.001095 0.000000
0.413847 0.550228 0.022256 0.012489 0.000016 0.001164 0.000000
0.406004 0.556447 0.023179 0.013119 0.000017 0.001232 0.000000
0.397756 0.563201 0.024100 0.013621 0.000017 0.001305 0.000000
0.390402 0.569011 0.025019 0.014153 0.000019 0.001396 0.000000
0.382816 0.575184 0.025887 0.014627 0.000019 0.001467 0.000000
0.376232 0.580297 0.026748 0.015165 0.000020 0.001538 0.000000
0.366998 0.587798 0.027828 0.015711 0.000022 0.001645 0.000000
0.358514 0.594333 0.028962 0.016389 0.000027 0.001775 0.000000
0.354726 0.596933 0.029661 0.016805 0.000028 0.001846 0.000000
0.346270 0.603170 0.030944 0.017576 0.000030 0.002011 0.000000
0.341753 0.606557 0.031697 0.017865 0.000033 0.002096 0.000000
0.334216 0.612165 0.032863 0.018519 0.000034 0.002202 0.000000
0.324116 0.619715 0.034349 0.019410 0.000037 0.002374 0.000000
0.318493 0.623500 0.035436 0.020029 0.000035 0.002506 0.000000
0.317102 0.624047 0.035850 0.020361 0.000036 0.002603 0.000000
0.317715 0.622303 0.036511 0.020725 0.000038 0.002708 0.000000
0.309261 0.628616 0.037853 0.021397 0.000040 0.002833 0.000000
0.307393 0.629024 0.038680 0.021886 0.000042 0.002976 0.000000
0.300594 0.633588 0.040022 0.022654 0.000045 0.003097 0.000000
0.293387 0.638516 0.041335 0.023421 0.000049 0.003293 0.000000
0.288649 0.641257 0.042472 0.024136 0.000046 0.003440 0.000000
0.284457 0.643784 0.043476 0.024629 0.000048 0.003605 0.000000
0.278551 0.647866 0.044533 0.025262 0.000055 0.003733 0.000000
0.279696 0.645536 0.045230 0.025581 0.000058 0.003900 0.000000
0.270627 0.651804 0.046802 0.026613 0.000059 0.004095 0.000000
0.266688 0.653832 0.047927 0.027221 0.000059 0.004273 0.000000
0.260658 0.657279 0.049389 0.028073 0.000059 0.004543 0.000000
0.258709 0.658448 0.049867 0.028305 0.000060 0.004611 0.000000
0.249377 0.664914 0.051614 0.029117 0.000065 0.004912 0.000000
0.245552 0.666229 0.053070 0.029974 0.000071 0.005104 0.000000
0.237915 0.671621 0.054409 0.030606 0.000082 0.005367 0.000000
0.235054 0.673002 0.055239 0.031083 0.000078 0.005544 0.000000
0.224169 0.680415 0.057223 0.032256 0.000083 0.005855 0.000000
0.217616 0.684271 0.058800 0.033094 0.000086 0.006133 0.000000
0.210739 0.687959 0.060629 0.034124 0.000085 0.006464 0.000000
0.203178 0.692762 0.062165 0.035096 0.000089 0.006710 0.000000
0.197284 0.696274 0.063488 0.035866 0.000095 0.006993 0.000000
0.192416 0.698462 0.064948 0.036786 0.000099 0.007289 0.000000
0.185603 0.702656 0.066516 0.037577 0.000097 0.007551 0.000000
0.176673 0.707107 0.068938 0.039094 0.000103 0.008085 0.000000
0.173859 0.707964 0.070193 0.039572 0.000105 0.008307 0.000000
0.167512 0.711412 0.071813 0.040516 0.000106 0.008641 0.000000
0.160471 0.714965 0.073772 0.041570 0.000117 0.009105 0.000000
0.150030 0.720701 0.076385 0.043151 0.000122 0.009612 0.000000
0.152144 0.716883 0.077350 0.043594 0.000126 0.009903 0.000000
0.145919 0.719489 0.079404 0.044726 0.000134 0.010329 0.000000
0.142561 0.720085 0.080879 0.045624 0.000134 0.010717 0.000000
0.139634 0.720683 0.082255 0.046348 0.000145 0.010936 0.000000
0.136862 0.720777 0.083590 0.047283 0.000150 0.011338 0.000000
0.129116 0.723261 0.086596 0.048841 0.000142 0.012044 0.000001
0.126641 0.724310 0.087370 0.049319 0.000154 0.012206 0.000001
0.123249 0.724156 0.089277 0.050463 0.000161 0.012694 0.000001
0.118803 0.724263 0.091707 0.051785 0.000170 0.013272 0.000001
0.118153 0.723324 0.092486 0.052278 0.000175 0.013582 0.000001
0.111163 0.726792 0.094421 0.053473 0.000182 0.013967 0.000001
0.108708 0.724595 0.096983 0.054820 0.000188 0.014705 0.000001
0.107543 0.723410 0.098137 0.055618 0.000199 0.015092 0.000001
0.104186 0.724168 0.099577 0.056418 0.000204 0.015447 0.000000
0.099910 0.724550 0.101807 0.057562 0.000211 0.015960 0.000001
0.097881 0.724254 0.103085 0.058205 0.000215 0.016359 0.000001
0.095791 0.723192 0.104765 0.059229 0.000218 0.016805 0.000001
0.092544 0.723061 0.106534 0.060206 0.000223 0.017432 0.000001
0.089298 0.722229 0.108744 0.061482 0.000226 0.018020 0.000001
0.087572 0.721129 0.110211 0.062254 0.000236 0.018597 0.000001
0.084466 0.721655 0.111544 0.063246 0.000241 0.018847 0.000001
0.083328 0.720022 0.112953 0.063960 0.000243 0.019494 0.000001
0.074622 0.722087 0.116641 0.066036 0.000253 0.020360 0.000001
0.077852 0.719450 0.116199 0.065839 0.000255 0.020405 0.000001
0.079040 0.714691 0.117977 0.066873 0.000257 0.021160 0.000001
0.077157 0.714386 0.119114 0.067480 0.000271 0.021591 0.000000
0.076435 0.711451 0.120991 0.068665 0.000271 0.022187 0.000001
0.072144 0.711095 0.123457 0.069908 0.000282 0.023114 0.000000
0.073467 0.709437 0.123590 0.069991 0.000285 0.023230 0.000001
0.071879 0.705820 0.126224 0.071640 0.000302 0.024134 0.000001
0.079360 0.698297 0.126139 0.071499 0.000297 0.024407 0.000001
0.070418 0.701002 0.129440 0.073380 0.000310 0.025449 0.000001
0.078807 0.692057 0.129527 0.073606 0.000317 0.025686 0.000001
0.082536 0.688698 0.129308 0.073302 0.000314 0.025842 0.000001
0.083606 0.684980 0.130469 0.074034 0.000311 0.026600 0.000000
0.083341 0.683044 0.131720 0.074618 0.000326 0.026951 0.000001
0.082671 0.682020 0.132428 0.075115 0.000330 0.027435 0.000001
0.077309 0.681194 0.135769 0.076867 0.000340 0.028521 0.000001
0.086324 0.674437 0.134308 0.076160 0.000341 0.028430 0.000001
0.080282 0.675621 0.136823 0.077396 0.000349 0.029528 0.000001
0.078450 0.675375 0.137992 0.077990 0.000356 0.029836 0.000001
0.077373 0.674096 0.139237 0.078483 0.000365 0.030444 0.000001
0.077830 0.670051 0.140863 0.079546 0.000363 0.031347 0.000002
0.075317 0.670487 0.141896 0.080167 0.000379 0.031753 0.000002
0.077578 0.668132 0.141797 0.080172 0.000381 0.031938 0.000001
0.073379 0.667534 0.143976 0.081565 0.000406 0.033139 0.000002
0.073745 0.665161 0.144958 0.082072 0.000410 0.033653 0.000001
0.072111 0.665373 0.145484 0.082477 0.000396 0.034158 0.000001
0.070158 0.664820 0.146784 0.083086 0.000410 0.034739 0.000003
0.067125 0.664444 0.148515 0.083903 0.000426 0.035587 0.000002
0.063106 0.663954 0.150794 0.085091 0.000437 0.036615 0.000003
0.060338 0.663756 0.152115 0.086089 0.000435 0.037264 0.000003
0.056452 0.662751 0.154669 0.087258 0.000458 0.038409 0.000003
0.056420 0.660325 0.155741 0.088042 0.000477 0.038991 0.000003
0.055110 0.660172 0.156470 0.088328 0.000460 0.039459 0.000003
0.053603 0.659095 0.157565 0.089071 0.000485 0.040178 0.000003
0.052302 0.657794 0.158879 0.089680 0.000497 0.040843 0.000004
0.047805 0.658264 0.160781 0.091018 0.000497 0.041630 0.000004
0.048531 0.656865 0.161067 0.090945 0.000512 0.042077 0.000003
0.044356 0.655044 0.163922 0.092763 0.000511 0.043400 0.000004
0.041404 0.654223 0.165940 0.093528 0.000521 0.044381 0.000003
0.040413 0.653711 0.166721 0.093914 0.000545 0.044692 0.000003
0.037548 0.651279 0.169217 0.095514 0.000552 0.045886 0.000003
0.039291 0.648819 0.168925 0.095873 0.000561 0.046528 0.000003
0.035310 0.647641 0.171786 0.096928 0.000574 0.047755 0.000005
0.033485 0.645312 0.173652 0.098122 0.000580 0.048843 0.000005
0.032671 0.643434 0.174850 0.098877 0.000591 0.049571 0.000006
0.032259 0.640827 0.176436 0.099444 0.000597 0.050431 0.000005
0.034773 0.636654 0.176866 0.100064 0.000600 0.051037 0.000006
0.036990 0.632493 0.177600 0.100412 0.000604 0.051896 0.000005
0.037117 0.630027 0.178709 0.101031 0.000626 0.052483 0.000007
0.038071 0.626972 0.179427 0.101650 0.000632 0.053240 0.000009
0.036239 0.626589 0.180356 0.102237 0.000633 0.053941 0.000005
0.038080 0.624247 0.180633 0.102048 0.000638 0.054346 0.000008
0.038883 0.620974 0.181462 0.102852 0.000666 0.055153 0.000009
0.036824 0.618008 0.183715 0.104335 0.000668 0.056442 0.000008
0.040087 0.615578 0.183388 0.103742 0.000678 0.056519 0.000008
0.036155 0.614318 0.185838 0.105193 0.000679 0.057808 0.000008
0.035162 0.613224 0.186558 0.105705 0.000717 0.058626 0.000008
0.034186 0.613163 0.186938 0.106115 0.000706 0.058883 0.000008
0.032523 0.609647 0.189147 0.107398 0.000704 0.060572 0.000009
0.034790 0.608297 0.188687 0.107055 0.000731 0.060432 0.000008
0.031076 0.604690 0.192048 0.108907 0.000755 0.062515 0.000009
0.030814 0.603488 0.192401 0.109327 0.000738 0.063221 0.000011
0.031311 0.603189 0.192119 0.109178 0.000764 0.063431 0.000009
0.029126 0.600838 0.194164 0.110229 0.000778 0.064854 0.000010
0.027075 0.599093 0.195990 0.111236 0.000786 0.065810 0.000010
0.027050 0.596287 0.197233 0.111810 0.000788 0.066823 0.000010
0.029223 0.595720 0.196193 0.111253 0.000786 0.066816 0.000009
0.025314 0.592545 0.199388 0.112983 0.000818 0.068943 0.000009
0.026280 0.591844 0.199044 0.113006 0.000806 0.069011 0.000009
0.024656 0.590091 0.200585 0.113767 0.000833 0.070058 0.000010
0.025466 0.588049 0.200921 0.113870 0.000831 0.070853 0.000009
0.023461 0.585177 0.203055 0.115091 0.000865 0.072339 0.000011
0.023155 0.583355 0.203848 0.115663 0.000861 0.073110 0.000009
0.022698 0.582451 0.204168 0.115841 0.000860 0.073973 0.000010
0.022472 0.581233 0.204901 0.116267 0.000852 0.074263 0.000011
0.022128 0.579616 0.205521 0.116817 0.000894 0.075012 0.000012
0.021531 0.576978 0.206795 0.117594 0.000885 0.076204 0.000013
0.020529 0.573756 0.208761 0.118249 0.000914 0.077779 0.000012
0.020702 0.572463 0.208931 0.118610 0.000905 0.078379 0.000009
0.020036 0.570014 0.210189 0.119349 0.000940 0.079462 0.000011
0.019758 0.567958 0.211291 0.119639 0.000949 0.080392 0.000013
0.019316 0.564928 0.212478 0.120628 0.000964 0.081673 0.000012
0.022721 0.562761 0.211686 0.120045 0.000952 0.081824 0.000010
0.025079 0.557670 0.212713 0.120527 0.000952 0.083047 0.000012
0.030251 0.555357 0.211242 0.119667 0.000968 0.082502 0.000012
0.030761 0.550842 0.212559 0.120690 0.000966 0.084172 0.000009
0.028125 0.550021 0.213856 0.121391 0.000977 0.085615 0.000014
0.030068 0.549110 0.213233 0.121059 0.000994 0.085525 0.000011
0.027591 0.547462 0.215150 0.121996 0.001015 0.086776 0.000011
0.030559 0.544246 0.214996 0.121989 0.001007 0.087193 0.000011
0.031175 0.542874 0.215041 0.121794 0.001031 0.088071 0.000013
0.031981 0.540584 0.215302 0.122250 0.001049 0.088822 0.000012
0.028139 0.540769 0.217033 0.123150 0.001040 0.089857 0.000011
0.029028 0.536534 0.218152 0.123697 0.001095 0.091480 0.000013
0.026624 0.538083 0.218541 0.124044 0.001075 0.091622 0.000012
0.025924 0.534405 0.220121 0.124816 0.001111 0.093609 0.000014
0.031040 0.532990 0.218267 0.123609 0.001112 0.092968 0.000014
0.024499 0.532945 0.221008 0.125492 0.001103 0.094939 0.000014
0.025877 0.531218 0.221097 0.125176 0.001122 0.095497 0.000013
0.025536 0.529715 0.221627 0.125701 0.001122 0.096282 0.000015
0.024458 0.528941 0.222274 0.125974 0.001137 0.097197 0.000018
0.022397 0.526333 0.224250 0.126954 0.001136 0.098914 0.000016
0.021058 0.524872 0.225097 0.127602 0.001179 0.100177 0.000015
0.020584 0.521692 0.226347 0.128425 0.001206 0.101729 0.000018
0.019847 0.521418 0.226788 0.128540 0.001200 0.102191 0.000016
0.019366 0.518990 0.227952 0.129101 0.001219 0.103359 0.000014
0.019072 0.517614 0.228450 0.129288 0.001196 0.104363 0.000017
0.018722 0.515361 0.229205 0.129937 0.001208 0.105550 0.000016
0.018912 0.513855 0.229560 0.130200 0.001225 0.106232 0.000015
0.018482 0.511379 0.230433 0.130584 0.001247 0.107859 0.000016
0.017706 0.510761 0.230806 0.130961 0.001273 0.108475 0.000020
0.018018 0.508966 0.231301 0.131185 0.001253 0.109257 0.000019
0.017126 0.507433 0.232187 0.131683 0.001276 0.110274 0.000021
0.017266 0.505919 0.232674 0.131853 0.001295 0.110973 0.000020
0.016723 0.503261 0.233673 0.132433 0.001296 0.112596 0.000019
0.016728 0.502780 0.233612 0.132734 0.001264 0.112863 0.000019
0.016000 0.499106 0.235270 0.133393 0.001329 0.114881 0.000020
0.015831 0.497748 0.235891 0.133919 0.001329 0.115263 0.000018
0.015800 0.495189 0.236540 0.134248 0.001336 0.116868 0.000020
0.015838 0.494748 0.236732 0.134265 0.001357 0.117046 0.000016
0.015376 0.492059 0.238006 0.134759 0.001356 0.118425 0.000019
0.015433 0.489665 0.238445 0.135088 0.001386 0.119961 0.000021
0.015231 0.489011 0.238720 0.135308 0.001389 0.120323 0.000018
0.015312 0.487290 0.238935 0.135465 0.001434 0.121543 0.000021
0.014793 0.484589 0.240247 0.136399 0.001403 0.122550 0.000020
0.014538 0.482189 0.241123 0.136651 0.001433 0.124045 0.000021
0.014544 0.480585 0.241318 0.137028 0.001409 0.125097 0.000018
0.014580 0.479878 0.241508 0.136990 0.001443 0.125583 0.000019
0.014225 0.477084 0.242584 0.137664 0.001428 0.126992 0.000022
0.014926 0.477451 0.241965 0.137219 0.001466 0.126951 0.000022
0.014492 0.474704 0.242746 0.137849 0.001470 0.128721 0.000018
0.014094 0.471425 0.244286 0.138533 0.001487 0.130156 0.000018
0.014380 0.470444 0.244007 0.138858 0.001485 0.130803 0.000022
0.014277 0.468281 0.244719 0.139322 0.001546 0.131832 0.000023
0.013963 0.465623 0.245659 0.139570 0.001532 0.133636 0.000017
0.014284 0.466427 0.245202 0.139174 0.001554 0.133339 0.000020
0.014060 0.464109 0.245911 0.139710 0.001564 0.134624 0.000022
0.013916 0.462184 0.246572 0.139943 0.001575 0.135792 0.000019
0.013917 0.461139 0.246410 0.140350 0.001585 0.136579 0.000020
0.013548 0.457318 0.247931 0.140977 0.001578 0.138629 0.000018
0.013848 0.457435 0.247612 0.140825 0.001606 0.138655 0.000020
0.013762 0.453532 0.248816 0.141409 0.001623 0.140836 0.000022
0.013605 0.454253 0.248550 0.141198 0.001622 0.140749 0.000022
0.013583 0.449547 0.250026 0.142027 0.001671 0.143123 0.000023
0.013701 0.450828 0.249203 0.141575 0.001638 0.143033 0.000022
0.013624 0.448144 0.250117 0.142069 0.001643 0.144381 0.000022
0.013485 0.445766 0.250679 0.142339 0.001639 0.146066 0.000026
0.013418 0.443758 0.251366 0.142641 0.001683 0.147111 0.000023
0.013488 0.443403 0.251263 0.142945 0.001652 0.147226 0.000022
0.013244 0.440970 0.252440 0.143123 0.001707 0.148489 0.000026
0.013347 0.438890 0.252580 0.143504 0.001706 0.149949 0.000023
0.013201 0.437753 0.253081 0.143292 0.001712 0.150936 0.000024
0.013058 0.435033 0.253579 0.143959 0.001724 0.152625 0.000024
0.013223 0.434172 0.253639 0.144191 0.001724 0.153027 0.000023
0.013446 0.434699 0.253233 0.143606 0.001739 0.153247 0.000029
0.013284 0.432740 0.253753 0.144289 0.001740 0.154169 0.000024
0.013128 0.431266 0.254437 0.144200 0.001761 0.155183 0.000026
0.013143 0.427793 0.255160 0.144700 0.001810 0.157367 0.000027
0.013067 0.426200 0.255539 0.144941 0.001797 0.158431 0.000025
0.012997 0.425482 0.255444 0.145151 0.001808 0.159090 0.000028
0.013124 0.424940 0.255724 0.145007 0.001809 0.159371 0.000025
0.013014 0.422631 0.255974 0.145439 0.001825 0.161093 0.000024
0.012919 0.419524 0.257114 0.145762 0.001845 0.162808 0.000028
0.012884 0.419106 0.256634 0.146061 0.001872 0.163415 0.000027
0.012948 0.418253 0.257152 0.145941 0.001842 0.163839 0.000026
0.012815 0.414058 0.257870 0.146705 0.001885 0.166635 0.000032
0.012850 0.412483 0.258400 0.146746 0.001878 0.167616 0.000028
0.012908 0.412222 0.258217 0.146727 0.001848 0.168053 0.000026
0.012814 0.411760 0.258324 0.146851 0.001877 0.168346 0.000027
0.013051 0.410179 0.258003 0.147104 0.001893 0.169739 0.000030
0.012962 0.408933 0.258795 0.146780 0.001917 0.170583 0.000029
0.012766 0.406349 0.259127 0.147494 0.001918 0.172317 0.000029
0.012888 0.405455 0.259674 0.147122 0.001953 0.172879 0.000030
0.012919 0.404732 0.259347 0.147543 0.001939 0.173492 0.000028
0.012997 0.403183 0.259656 0.147534 0.001973 0.174623 0.000035
0.012869 0.401514 0.259890 0.147742 0.001992 0.175959 0.000035
0.012862 0.398948 0.260842 0.147916 0.001984 0.177415 0.000033
0.012860 0.397114 0.261147 0.148224 0.002021 0.178601 0.000033
0.012640 0.396871 0.261024 0.148133 0.002007 0.179292 0.000033
0.012940 0.395707 0.261131 0.148120 0.002014 0.180058 0.000030
0.012727 0.392998 0.261841 0.148512 0.002023 0.181865 0.000033
0.012710 0.393749 0.261533 0.148232 0.002016 0.181725 0.000035
0.012889 0.391064 0.261972 0.148759 0.002022 0.183263 0.000031
0.012991 0.390909 0.261482 0.148777 0.002032 0.183780 0.000030
0.012716 0.388625 0.262394 0.149039 0.002055 0.185138 0.000032
0.012861 0.387480 0.262430 0.148722 0.002086 0.186387 0.000034
0.012807 0.385929 0.262382 0.149270 0.002079 0.187499 0.000034
0.012685 0.383249 0.263030 0.149690 0.002086 0.189227 0.000033
0.012702 0.383528 0.263292 0.149218 0.002091 0.189135 0.000034
0.012625 0.381567 0.263317 0.149455 0.002104 0.190899 0.000035
0.012636 0.379368 0.263850 0.150001 0.002097 0.192019 0.000030
0.014501 0.376243 0.263271 0.149800 0.002132 0.194015 0.000037
0.020947 0.374958 0.261239 0.148490 0.002106 0.192226 0.000034
0.027727 0.371967 0.259436 0.147103 0.002110 0.191621 0.000036
0.026118 0.371228 0.259964 0.147680 0.002129 0.192845 0.000036
0.029448 0.369621 0.259309 0.146901 0.002115 0.192574 0.000032
0.028146 0.368878 0.259797 0.147166 0.002121 0.193858 0.000033
0.026950 0.367870 0.260318 0.147280 0.002123 0.195420 0.000039
0.027780 0.368372 0.259338 0.147146 0.002170 0.195160 0.000035
0.024115 0.366428 0.261124 0.148175 0.002162 0.197961 0.000036
0.026129 0.366720 0.259950 0.147555 0.002151 0.197461 0.000035
0.026919 0.364107 0.259991 0.147484 0.002197 0.199268 0.000035
0.036329 0.361412 0.256907 0.145669 0.002164 0.197481 0.000038
0.039685 0.359451 0.255663 0.145119 0.002175 0.197876 0.000032
0.038059 0.360197 0.255938 0.145206 0.002180 0.198387 0.000032
0.035884 0.359553 0.256458 0.145372 0.002196 0.200501 0.000037
0.034538 0.358935 0.256882 0.145969 0.002176 0.201461 0.000037
0.036230 0.359408 0.255683 0.145205 0.002204 0.201230 0.000039
0.031931 0.358061 0.257870 0.146215 0.002217 0.203674 0.000033
0.031648 0.357640 0.257641 0.146126 0.002215 0.204691 0.000038
0.030754 0.357957 0.257409 0.146175 0.002241 0.205423 0.000041
0.030579 0.357907 0.257493 0.146037 0.002212 0.205735 0.000036
0.027439 0.356265 0.259107 0.147211 0.002236 0.207708 0.000034
0.028885 0.357884 0.257383 0.146147 0.002259 0.207403 0.000039
0.026059 0.355508 0.259168 0.146945 0.002293 0.209989 0.000039
0.024324 0.352274 0.260702 0.147693 0.002310 0.212660 0.000038
0.021586 0.352245 0.261702 0.148293 0.002356 0.213777 0.000040
0.021402 0.350769 0.261805 0.148493 0.002320 0.215170 0.000040
0.023245 0.351256 0.260499 0.147599 0.002334 0.215027 0.000040
0.021388 0.350020 0.261234 0.148351 0.002352 0.216614 0.000043
0.020155 0.348965 0.262159 0.148408 0.002392 0.217881 0.000041
0.020039 0.347733 0.262242 0.148494 0.002386 0.219061 0.000044
0.020026 0.347990 0.262025 0.148153 0.002379 0.219387 0.000040
0.019061 0.346192 0.262140 0.148747 0.002425 0.221388 0.000046
0.016907 0.342296 0.264704 0.149820 0.002410 0.223823 0.000041
0.017578 0.343196 0.263450 0.149635 0.002432 0.223669 0.000041
0.017437 0.341715 0.263552 0.149276 0.002416 0.225565 0.000039
0.016083 0.339353 0.264827 0.150469 0.002473 0.226756 0.000040
0.017552 0.342192 0.262823 0.148837 0.002420 0.226133 0.000042
0.015715 0.336701 0.265454 0.150072 0.002456 0.229563 0.000040
0.015365 0.336489 0.265328 0.150609 0.002453 0.229715 0.000041
0.015722 0.334816 0.265104 0.150212 0.002513 0.231591 0.000043
0.014148 0.331451 0.266681 0.151150 0.002489 0.234037 0.000044
0.014102 0.330368 0.266715 0.151035 0.002516 0.235217 0.000048
0.014619 0.330333 0.266191 0.150772 0.002499 0.235540 0.000045
0.014763 0.330166 0.265755 0.150711 0.002521 0.236032 0.000052
0.013958 0.327954 0.266975 0.151048 0.002534 0.237486 0.000045
0.014043 0.326726 0.266747 0.151214 0.002524 0.238699 0.000047
0.013756 0.324070 0.267108 0.151521 0.002554 0.240943 0.000048
0.014022 0.324735 0.266686 0.151094 0.002570 0.240840 0.000053
0.013412 0.322451 0.267845 0.151584 0.002567 0.242098 0.000044
0.013432 0.320208 0.267313 0.151554 0.002611 0.244825 0.000058
0.013365 0.320148 0.267883 0.151591 0.002614 0.244352 0.000047
0.013394 0.318245 0.267832 0.151563 0.002629 0.246286 0.000052
0.013208 0.317356 0.267886 0.152035 0.002653 0.246814 0.000049
0.013393 0.316049 0.267848 0.151727 0.002645 0.248287 0.000051
0.013293 0.313858 0.267655 0.152101 0.002671 0.250373 0.000050
0.013490 0.314698 0.267481 0.151499 0.002690 0.250090 0.000052
0.013253 0.312992 0.268034 0.151787 0.002690 0.251193 0.000051
0.013507 0.313520 0.267662 0.151237 0.002682 0.251342 0.000049
0.012935 0.309579 0.268185 0.152095 0.002742 0.254411 0.000054
0.013005 0.308930 0.268263 0.151716 0.002747 0.255290 0.000049
0.013034 0.307858 0.268039 0.152151 0.002757 0.256109 0.000052
0.012997 0.307163 0.267937 0.151715 0.002750 0.257391 0.000047
0.012878 0.303905 0.268996 0.152351 0.002770 0.259049 0.000052
0.013361 0.305503 0.268039 0.151469 0.002769 0.258807 0.000051
0.013071 0.303611 0.268406 0.151950 0.002761 0.260149 0.000052
0.013187 0.303656 0.267760 0.151990 0.002775 0.260576 0.000056
0.012933 0.302626 0.267678 0.151822 0.002786 0.262102 0.000053
0.012868 0.298567 0.268972 0.152423 0.002814 0.264302 0.000054
0.012827 0.300959 0.268008 0.151705 0.002790 0.263650 0.000062
0.013025 0.300424 0.267864 0.151419 0.002834 0.264377 0.000057
0.012736 0.295431 0.268714 0.152503 0.002811 0.267748 0.000056
0.013009 0.295804 0.268369 0.151949 0.002826 0.267982 0.000061
0.013034 0.295274 0.267868 0.151677 0.002860 0.269228 0.000058
0.013137 0.295091 0.267585 0.151586 0.002884 0.269652 0.000065
0.012985 0.293383 0.267815 0.151761 0.002893 0.271099 0.000064
0.012873 0.290920 0.267841 0.152122 0.002933 0.273249 0.000062
0.013094 0.293432 0.267556 0.151431 0.002883 0.271546 0.000059
0.012991 0.290748 0.267686 0.151686 0.002873 0.273953 0.000063
0.012622 0.288961 0.267965 0.151614 0.002932 0.275837 0.000070
0.012981 0.289307 0.267637 0.151406 0.002902 0.275700 0.000067
0.012928 0.286011 0.267499 0.152075 0.002933 0.278489 0.000066
0.012942 0.285994 0.267872 0.151619 0.002948 0.278554 0.000072
0.012878 0.284839 0.267488 0.151861 0.002953 0.279907 0.000073
0.012995 0.283973 0.267550 0.151960 0.002967 0.280487 0.000068
0.012784 0.283991 0.267546 0.151657 0.003001 0.280945 0.000076
0.012853 0.279999 0.267809 0.151686 0.002987 0.284597 0.000069
0.013002 0.280457 0.267310 0.151574 0.002987 0.284601 0.000070
0.012981 0.280626 0.266708 0.151602 0.003002 0.285005 0.000075
0.013048 0.280277 0.267063 0.151501 0.002978 0.285065 0.000070
0.013120 0.277818 0.267114 0.151263 0.003062 0.287548 0.000074
0.012965 0.276798 0.266829 0.151495 0.003057 0.288787 0.000069
0.013027 0.276876 0.266565 0.151445 0.003044 0.288974 0.000069
0.012999 0.274147 0.266895 0.151610 0.003070 0.291202 0.000076
0.013125 0.277396 0.266340 0.151122 0.003063 0.288872 0.000082
0.013057 0.273191 0.266765 0.151198 0.003131 0.292578 0.000079
0.013222 0.273365 0.266308 0.151186 0.003076 0.292761 0.000080
0.013200 0.270156 0.266590 0.151664 0.003110 0.295204 0.000075
0.013267 0.271497 0.266097 0.151096 0.003093 0.294866 0.000085
0.013231 0.269921 0.266574 0.151039 0.003073 0.296084 0.000079
0.013251 0.268476 0.266582 0.151287 0.003083 0.297237 0.000084
0.013155 0.267548 0.266277 0.151065 0.003098 0.298770 0.000087
0.013380 0.267908 0.265735 0.150942 0.003134 0.298819 0.000083
0.013220 0.265584 0.266009 0.151099 0.003141 0.300866 0.000081
0.013446 0.265202 0.266042 0.150726 0.003144 0.301362 0.000079
0.013377 0.264573 0.265718 0.150808 0.003191 0.302255 0.000079
0.013214 0.261742 0.266209 0.150967 0.003212 0.304568 0.000087
0.013392 0.262064 0.266035 0.150587 0.003174 0.304668 0.000081
0.013266 0.261306 0.265986 0.150368 0.003228 0.305766 0.000081
0.013394 0.260767 0.265357 0.150450 0.003183 0.306774 0.000075
0.013509 0.260789 0.265170 0.150563 0.003228 0.306659 0.000083
0.013360 0.257959 0.265514 0.150437 0.003235 0.309418 0.000078
0.013432 0.258296 0.265432 0.150071 0.003163 0.309530 0.000077
0.013474 0.256869 0.265464 0.150080 0.003190 0.310845 0.000078
0.013599 0.255723 0.265350 0.149994 0.003202 0.312048 0.000083
0.013509 0.257610 0.264313 0.149859 0.003232 0.311390 0.000087
0.013576 0.254306 0.264693 0.150024 0.003299 0.314013 0.000089
0.013573 0.253232 0.264717 0.150065 0.003284 0.315046 0.000083
0.013634 0.253269 0.264422 0.149815 0.003270 0.315508 0.000082
0.013384 0.251464 0.264381 0.149791 0.003326 0.317570 0.000084
0.013782 0.251351 0.264099 0.149459 0.003292 0.317925 0.000092
0.013588 0.250150 0.264056 0.149601 0.003334 0.319178 0.000092
0.013762 0.249338 0.263752 0.149491 0.003273 0.320302 0.000084
0.013653 0.248540 0.264123 0.149721 0.003289 0.320584 0.000090
0.013543 0.247977 0.263437 0.149394 0.003313 0.322244 0.000092
0.013610 0.246394 0.263800 0.149213 0.003322 0.323567 0.000093
0.013850 0.246333 0.263442 0.149343 0.003335 0.323605 0.000092
0.013690 0.244145 0.263536 0.149287 0.003373 0.325879 0.000089
0.013912 0.244502 0.263027 0.149240 0.003359 0.325872 0.000087
0.013781 0.243904 0.262549 0.148890 0.003372 0.327413 0.000091
0.013865 0.243204 0.262273 0.148952 0.003386 0.328227 0.000092
0.014140 0.241107 0.262783 0.148788 0.003398 0.329690 0.000093
0.013881 0.241145 0.262593 0.148747 0.003393 0.330148 0.000094
0.013961 0.240036 0.262352 0.148801 0.003392 0.331365 0.000093
0.014093 0.239273 0.262299 0.148450 0.003439 0.332348 0.000098
0.014088 0.238251 0.262177 0.148719 0.003449 0.333219 0.000097
0.014134 0.236987 0.262065 0.147965 0.003408 0.335344 0.000098
0.014054 0.236376 0.261899 0.148588 0.003412 0.335576 0.000095
0.014031 0.236522 0.262034 0.147908 0.003465 0.335941 0.000098
0.014137 0.234630 0.261568 0.148032 0.003461 0.338077 0.000095
0.014241 0.233517 0.261278 0.148100 0.003453 0.339310 0.000103
0.014133 0.233503 0.260945 0.147967 0.003483 0.339861 0.000108
0.014178 0.232716 0.261272 0.147658 0.003487 0.340582 0.000107
0.014125 0.233066 0.260563 0.147804 0.003448 0.340891 0.000103
0.014221 0.231823 0.260147 0.147650 0.003509 0.342547 0.000104
0.014231 0.231884 0.260039 0.147395 0.003515 0.342819 0.000117
0.014271 0.229441 0.260216 0.147289 0.003560 0.345127 0.000097
0.014261 0.228055 0.260661 0.147441 0.003514 0.345962 0.000105
0.014235 0.228163 0.260197 0.147411 0.003519 0.346370 0.000106
0.014441 0.228167 0.259709 0.146625 0.003530 0.347421 0.000107
0.014436 0.226306 0.259535 0.146953 0.003546 0.349121 0.000104
0.014370 0.227041 0.259484 0.146625 0.003520 0.348855 0.000105
0.014366 0.225971 0.259384 0.146750 0.003529 0.349898 0.000102
0.014558 0.225068 0.258731 0.146700 0.003546 0.351289 0.000108
0.014500 0.225255 0.258751 0.146387 0.003593 0.351409 0.000105
0.014389 0.223307 0.258580 0.146522 0.003617 0.353468 0.000117
0.014352 0.222429 0.258430 0.146506 0.003614 0.354563 0.000106
0.014594 0.221607 0.258345 0.146593 0.003613 0.355140 0.000107
0.014436 0.221613 0.258152 0.146470 0.003598 0.355624 0.000107
0.014605 0.219855 0.258279 0.146299 0.003586 0.357271 0.000106
0.014594 0.219926 0.257612 0.145968 0.003629 0.358157 0.000114
0.014437 0.218437 0.257591 0.146083 0.003678 0.359675 0.000098
0.014822 0.218411 0.256946 0.145992 0.003630 0.360087 0.000111
0.014604 0.217998 0.257281 0.145490 0.003618 0.360905 0.000104
0.014754 0.216884 0.256805 0.145902 0.003690 0.361853 0.000113
0.014668 0.216207 0.256997 0.145694 0.003697 0.362627 0.000111
0.014841 0.216049 0.256753 0.145592 0.003665 0.362998 0.000102
0.014883 0.215006 0.256530 0.145450 0.003728 0.364297 0.000105
0.015003 0.214223 0.256251 0.145335 0.003635 0.365447 0.000106
0.014821 0.215246 0.255800 0.145102 0.003666 0.365260 0.000105
0.014783 0.212412 0.255909 0.145093 0.003679 0.368011 0.000113
0.014983 0.212779 0.255741 0.144943 0.003692 0.367743 0.000119
0.014899 0.212089 0.255329 0.144894 0.003749 0.368937 0.000105
0.014886 0.209848 0.255306 0.145018 0.003750 0.371079 0.000113
0.015025 0.211279 0.255194 0.144716 0.003718 0.369968 0.000101
0.015047 0.208351 0.254867 0.144823 0.003777 0.373018 0.000118
0.015074 0.208040 0.254919 0.144581 0.003775 0.373492 0.000119
0.015192 0.206919 0.254726 0.144414 0.003773 0.374867 0.000108
0.015061 0.208307 0.254186 0.144059 0.003785 0.374493 0.000110
0.015185 0.207252 0.254309 0.144258 0.003715 0.375166 0.000115
0.015150 0.205525 0.253691 0.144236 0.003773 0.377512 0.000112
0.015398 0.206156 0.253288 0.143664 0.003814 0.377565 0.000116
0.015296 0.204604 0.253693 0.143818 0.003768 0.378696 0.000125
0.015285 0.204180 0.253275 0.143810 0.003829 0.379495 0.000125
0.015366 0.204546 0.252801 0.143742 0.003835 0.379583 0.000128
0.015433 0.202764 0.252931 0.143476 0.003792 0.381485 0.000119
0.015536 0.202085 0.252623 0.143394 0.003821 0.382412 0.000129
0.015426 0.201688 0.252465 0.143173 0.003854 0.383276 0.000118
0.015445 0.200497 0.252076 0.143252 0.003870 0.384737 0.000123
0.015454 0.201288 0.252099 0.142734 0.003826 0.384477 0.000122
0.015603 0.200025 0.251770 0.142961 0.003898 0.385620 0.000123
0.015645 0.198025 0.251663 0.142643 0.003919 0.387978 0.000127
0.015683 0.198860 0.251218 0.142536 0.003846 0.387721 0.000137
0.015698 0.198984 0.251248 0.142378 0.003876 0.387695 0.000122
0.015663 0.196664 0.250976 0.142277 0.003894 0.390384 0.000142
0.015690 0.196753 0.250736 0.142377 0.003921 0.390396 0.000127
0.015652 0.196645 0.250512 0.141934 0.003883 0.391248 0.000126
0.015793 0.195420 0.250201 0.141824 0.003922 0.392718 0.000123
0.015817 0.195993 0.249886 0.141708 0.003951 0.392510 0.000135
0.015619 0.194052 0.249636 0.141675 0.003890 0.395000 0.000127
0.015835 0.193469 0.249374 0.141488 0.003950 0.395746 0.000138
0.015871 0.194236 0.249104 0.141133 0.003927 0.395598 0.000131
0.015913 0.193566 0.248771 0.141128 0.003949 0.396548 0.000126
0.016009 0.192066 0.248557 0.141220 0.003955 0.398061 0.000132
0.016150 0.191181 0.248400 0.140996 0.003998 0.399135 0.000141
0.015915 0.190809 0.248420 0.141029 0.003989 0.399701 0.000137
0.016230 0.190474 0.248211 0.140646 0.003995 0.400311 0.000133
0.015987 0.190090 0.247856 0.140814 0.003981 0.401140 0.000132
0.016139 0.188601 0.247844 0.140309 0.003964 0.403006 0.000137
0.016194 0.189028 0.247408 0.140425 0.003972 0.402833 0.000139
0.016166 0.188314 0.247332 0.140406 0.003973 0.403671 0.000139
0.016292 0.187285 0.246784 0.140341 0.004048 0.405106 0.000144
0.016317 0.187489 0.247054 0.140284 0.004017 0.404708 0.000132
0.016307 0.187270 0.246418 0.139868 0.003963 0.406038 0.000136
0.016452 0.185206 0.246107 0.139673 0.003990 0.408445 0.000126
0.016476 0.185365 0.246242 0.139402 0.004009 0.408360 0.000146
0.016132 0.185273 0.246320 0.139428 0.004097 0.408612 0.000138
0.016364 0.183844 0.245420 0.139634 0.004109 0.410494 0.000135
0.016548 0.183482 0.245548 0.139337 0.004069 0.410878 0.000137
0.016388 0.184303 0.245088 0.139268 0.004045 0.410763 0.000145
0.016333 0.183028 0.245030 0.139377 0.004097 0.412004 0.000131
0.016571 0.181349 0.244871 0.138980 0.004139 0.413946 0.000144
0.016705 0.181368 0.244372 0.138793 0.004102 0.414519 0.000140
0.016835 0.180994 0.243884 0.138796 0.004097 0.415248 0.000146
0.016806 0.180229 0.244036 0.138294 0.004109 0.416383 0.000144
0.016524 0.180926 0.243794 0.138707 0.004068 0.415844 0.000138
0.016708 0.178361 0.243170 0.138070 0.004122 0.419420 0.000148
0.016655 0.178554 0.243197 0.138201 0.004149 0.419105 0.000140
0.016851 0.178307 0.243222 0.138194 0.004179 0.419100 0.000148
0.016823 0.177632 0.242606 0.137842 0.004152 0.420789 0.000158
0.016739 0.177716 0.242416 0.137793 0.004143 0.421050 0.000144
0.016877 0.176406 0.242068 0.137765 0.004167 0.422573 0.000144
0.016744 0.177870 0.242063 0.137716 0.004143 0.421324 0.000140
0.016861 0.176242 0.241935 0.137240 0.004171 0.423399 0.000152
0.016977 0.176022 0.241113 0.137084 0.004160 0.424491 0.000153
0.017001 0.174832 0.240961 0.137156 0.004174 0.425727 0.000149
0.016997 0.174244 0.241098 0.136729 0.004252 0.426537 0.000143
0.016991 0.173678 0.240942 0.136586 0.004237 0.427420 0.000147
0.016962 0.172710 0.240302 0.136732 0.004250 0.428884 0.000160
0.017012 0.172251 0.240124 0.136284 0.004259 0.429918 0.000152
0.017115 0.171423 0.239581 0.136100 0.004244 0.431379 0.000158
0.017037 0.171260 0.239809 0.136090 0.004190 0.431461 0.000153
0.017308 0.171773 0.239262 0.135820 0.004245 0.431439 0.000153
0.017548 0.170004 0.238849 0.135785 0.004229 0.433434 0.000152
0.017396 0.170965 0.238889 0.135481 0.004262 0.432861 0.000147
0.017146 0.169472 0.238567 0.135461 0.004251 0.434940 0.000163
0.017603 0.169550 0.238363 0.135355 0.004280 0.434683 0.000166
0.017460 0.168811 0.238001 0.135399 0.004218 0.435946 0.000163
0.017676 0.167708 0.237552 0.134856 0.004275 0.437772 0.000161
0.017522 0.168037 0.237688 0.134964 0.004253 0.437374 0.000163
0.017620 0.167762 0.237368 0.135160 0.004196 0.437733 0.000160
0.017554 0.166524 0.237396 0.134827 0.004243 0.439297 0.000158
0.017679 0.166023 0.236482 0.134378 0.004307 0.440955 0.000175
0.017783 0.165522 0.236545 0.134230 0.004304 0.441452 0.000165
0.017868 0.165329 0.236680 0.134365 0.004329 0.441259 0.000170
0.017834 0.164294 0.236212 0.134325 0.004310 0.442866 0.000159
0.017968 0.163594 0.235591 0.133771 0.004308 0.444605 0.000164
0.017926 0.162991 0.235072 0.133738 0.004350 0.445754 0.000168
0.017991 0.163143 0.235294 0.133595 0.004325 0.445486 0.000166
0.018200 0.162587 0.235030 0.133247 0.004350 0.446426 0.000161
0.017930 0.162704 0.235082 0.133301 0.004307 0.446519 0.000157
0.017985 0.162169 0.234656 0.132937 0.004342 0.447744 0.000168
0.017943 0.162393 0.234653 0.133312 0.004309 0.447225 0.000164
0.018198 0.161587 0.234150 0.133034 0.004313 0.448547 0.000173
0.018483 0.160341 0.233220 0.133080 0.004360 0.450355 0.000162
0.018039 0.160752 0.233694 0.132978 0.004374 0.450001 0.000161
0.018411 0.160773 0.233447 0.132466 0.004354 0.450380 0.000169
0.018291 0.159876 0.233268 0.132568 0.004334 0.451492 0.000171
0.018400 0.159241 0.232326 0.132360 0.004402 0.453087 0.000185
0.018386 0.158564 0.231997 0.132155 0.004360 0.454365 0.000172
0.018247 0.158901 0.232130 0.132090 0.004407 0.454057 0.000168
0.018349 0.157805 0.231378 0.131558 0.004361 0.456377 0.000173
0.018343 0.157293 0.231683 0.131651 0.004416 0.456441 0.000172
0.018430 0.157242 0.231202 0.131366 0.004428 0.457143 0.000189
0.018317 0.156754 0.231172 0.131573 0.004381 0.457621 0.000181
0.018590 0.156126 0.231084 0.131042 0.004428 0.458562 0.000169
0.018705 0.154858 0.230328 0.130602 0.004424 0.460908 0.000174
0.018578 0.154922 0.230173 0.130792 0.004466 0.460896 0.000175
0.018682 0.155294 0.230600 0.131195 0.004413 0.459643 0.000173
0.018907 0.154574 0.230027 0.130564 0.004441 0.461309 0.000179
0.018645 0.154360 0.229503 0.130187 0.004481 0.462633 0.000190
0.018933 0.152915 0.229067 0.130225 0.004456 0.464228 0.000177
0.018816 0.153228 0.228766 0.130091 0.004479 0.464436 0.000185
0.018837 0.152778 0.228663 0.129690 0.004401 0.465450 0.000182
0.018935 0.151790 0.228892 0.129630 0.004442 0.466132 0.000179
0.019108 0.152215 0.228456 0.129963 0.004441 0.465647 0.000171
0.018956 0.151687 0.228139 0.129607 0.004463 0.466971 0.000177
0.019041 0.150394 0.227671 0.129490 0.004473 0.468745 0.000185
0.019239 0.150681 0.227150 0.129552 0.004454 0.468743 0.000181
0.019282 0.150409 0.227174 0.128913 0.004465 0.469575 0.000183
0.019292 0.150334 0.227045 0.129117 0.004444 0.469588 0.000181
0.019284 0.149958 0.226667 0.128999 0.004437 0.470468 0.000187
0.019461 0.149887 0.226485 0.128538 0.004458 0.470987 0.000183
0.019432 0.148919 0.226175 0.128203 0.004464 0.472621 0.000187
0.019542 0.148008 0.225587 0.127870 0.004500 0.474313 0.000181
0.019446 0.147889 0.225718 0.127989 0.004487 0.474294 0.000177
0.019349 0.147965 0.225107 0.127825 0.004498 0.475060 0.000196
0.019322 0.147477 0.225270 0.128032 0.004518 0.475191 0.000192
0.019567 0.146986 0.224975 0.127300 0.004501 0.476485 0.000186
0.019639 0.146989 0.224612 0.127677 0.004498 0.476396 0.000190
0.019492 0.146078 0.223970 0.127360 0.004541 0.478377 0.000182
0.019388 0.145789 0.224285 0.127087 0.004510 0.478743 0.000197
0.019537 0.144854 0.223372 0.126943 0.004512 0.480597 0.000186
0.019706 0.144721 0.223210 0.126670 0.004544 0.480970 0.000179
0.019984 0.144236 0.223158 0.126552 0.004510 0.481370 0.000189
0.019618 0.145018 0.222822 0.126386 0.004630 0.481342 0.000185
0.019868 0.143894 0.222126 0.126262 0.004582 0.483074 0.000194
0.019696 0.144178 0.222810 0.126018 0.004541 0.482548 0.000208
0.019861 0.143753 0.221922 0.125773 0.004582 0.483914 0.000195
0.020007 0.143467 0.222261 0.126056 0.004579 0.483429 0.000201
0.019779 0.142500 0.221498 0.125762 0.004597 0.485670 0.000193
0.020027 0.142559 0.220853 0.125466 0.004553 0.486337 0.000204
0.020191 0.142260 0.220934 0.125533 0.004594 0.486279 0.000209
0.020089 0.141014 0.220023 0.125090 0.004616 0.488965 0.000203
0.020179 0.141039 0.220433 0.125006 0.004568 0.488575 0.000200
0.020235 0.140588 0.219769 0.125051 0.004591 0.489566 0.000199
