0.999115 0.000854 0.000018 0.000014 0.000000 0.000000 0.000000
0.998693 0.001258 0.000028 0.000004 0.000001 0.000016 0.000000
0.998261 0.001677 0.000039 0.000006 0.000000 0.000017 0.000000
0.997796 0.002136 0.000043 0.000007 0.000000 0.000018 0.000000
0.997345 0.002580 0.000050 0.000008 0.000000 0.000018 0.000000
0.996837 0.003085 0.000051 0.000010 0.000000 0.000017 0.000000
0.996420 0.003486 0.000060 0.000016 0.000000 0.000018 0.000000
0.995709 0.004196 0.000056 0.000022 0.000000 0.000016 0.000000
0.995071 0.004822 0.000064 0.000028 0.000000 0.000015 0.000000
0.994347 0.005535 0.000066 0.000036 0.000000 0.000016 0.000000
0.993294 0.006579 0.000077 0.000036 0.000000 0.000014 0.000000
0.991795 0.008051 0.000087 0.000054 0.000000 0.000013 0.000000
0.990130 0.009703 0.000102 0.000053 0.000000 0.000011 0.000000
0.988312 0.011492 0.000113 0.000072 0.000000 0.000011 0.000000
0.985090 0.014657 0.000171 0.000073 0.000000 0.000009 0.000000
0.982188 0.017464 0.000227 0.000110 0.000000 0.000013 0.000000
0.977979 0.021635 0.000234 0.000136 0.000000 0.000017 0.000000
0.973957 0.025570 0.000299 0.000157 0.000000 0.000017 0.000000
0.968701 0.030682 0.000387 0.000213 0.000000 0.000016 0.000000
0.962881 0.036362 0.000480 0.000262 0.000000 0.000015 0.000000
0.956996 0.042093 0.000580 0.000315 0.000000 0.000017 0.000000
0.950148 0.048763 0.000708 0.000364 0.000000 0.000016 0.000000
0.941761 0.056983 0.000813 0.000426 0.000000 0.000018 0.000000
0.933136 0.065462 0.000906 0.000478 0.000000 0.000017 0.000000
0.922956 0.075367 0.001066 0.000591 0.000000 0.000021 0.000000
0.912236 0.085843 0.001197 0.000699 0.000000 0.000024 0.000000
0.900636 0.097136 0.001367 0.000835 0.000000 0.000026 0.000000
0.888818 0.108603 0.001593 0.000948 0.000000 0.000038 0.000000
0.876031 0.121038 0.001797 0.001089 0.000000 0.000045 0.000000
0.863219 0.133458 0.002054 0.001221 0.000000 0.000048 0.000000
0.846923 0.149240 0.002395 0.001384 0.000000 0.000058 0.000000
0.832280 0.163395 0.002715 0.001547 0.000000 0.000064 0.000000
0.817112 0.178073 0.003027 0.001710 0.000000 0.000077 0.000000
0.802512 0.192160 0.003340 0.001905 0.000000 0.000084 0.000000
0.786831 0.207257 0.003700 0.002112 0.000001 0.000099 0.000000
0.769188 0.224221 0.004135 0.002332 0.000003 0.000122 0.000000
0.752415 0.240453 0.004486 0.002508 0.000004 0.000134 0.000000
0.737267 0.254921 0.004917 0.002736 0.000003 0.000156 0.000000
0.718111 0.273157 0.005502 0.003053 0.000003 0.000173 0.000000
0.701925 0.288498 0.006042 0.003348 0.000003 0.000184 0.000000
0.685848 0.303847 0.006492 0.003610 0.000005 0.000199 0.000000
0.668332 0.320486 0.007061 0.003893 0.000004 0.000223 0.000000
0.651908 0.336009 0.007624 0.004222 0.000004 0.000232 0.000000
0.638283 0.348747 0.008144 0.004567 0.000004 0.000255 0.000000
0.620580 0.365356 0.008822 0.004959 0.000004 0.000280 0.000000
0.605783 0.379166 0.009412 0.005334 0.000003 0.000302 0.000000
0.589675 0.394113 0.010167 0.005697 0.000004 0.000344 0.000000
0.575215 0.407536 0.010812 0.006046 0.000003 0.000388 0.000000
0.562517 0.419184 0.011485 0.006377 0.000003 0.000433 0.000000
0.550884 0.429740 0.012142 0.006752 0.000006 0.000477 0.000000
0.535943 0.443380 0.012956 0.007203 0.000006 0.000512 0.000000
0.525499 0.452822 0.013531 0.007603 0.000005 0.000540 0.000000
0.514003 0.463009 0.014355 0.008039 0.000006 0.000587 0.000000
0.503389 0.472443 0.015086 0.008451 0.000005 0.000626 0.000000
0.487612 0.486553 0.016101 0.009048 0.000005 0.000680 0.000000
0.475963 0.496850 0.016915 0.009524 0.000005 0.000743 0.000000
0.466633 0.504899 0.017703 0.009976 0.000006 0.000782 0.000000
0.456518 0.513746 0.018480 0.010426 0.000008 0.000822 0.000000
0.447500 0.521533 0.019229 0.010852 0.000008 0.000879 0.000000
0.435196 0.532080 0.020321 0.011425 0.000010 0.000969 0.000000
0.428216 0.537828 0.020971 0.011922 0.000010 0.001053 0.000000
0.418302 0.546400 0.021799 0.012366 0.000010 0.001123 0.000000
0.405968 0.556866 0.022937 0.013001 0.000012 0.001215 0.000000
0.398389 0.562963 0.023843 0.013502 0.000013 0.001291 0.000000
0.388120 0.571559 0.024909 0.014018 0.000015 0.001379 0.000000
0.378564 0.579414 0.025904 0.014638 0.000018 0.001461 0.000000
0.371567 0.585030 0.026748 0.015095 0.000019 0.001542 0.000000
0.361294 0.593507 0.027813 0.015717 0.000020 0.001650 0.000000
0.353335 0.599714 0.028816 0.016350 0.000018 0.001768 0.000000
0.350035 0.602017 0.029427 0.016670 0.000020 0.001832 0.000000
0.342054 0.607706 0.030781 0.017464 0.000022 0.001973 0.000000
0.335446 0.612569 0.031867 0.018005 0.000023 0.002090 0.000000
0.325755 0.620146 0.033105 0.018755 0.000026 0.002214 0.000000
0.317575 0.626132 0.034463 0.019452 0.000025 0.002354 0.000000
0.311138 0.630702 0.035516 0.020127 0.000029 0.002488 0.000000
0.313483 0.627577 0.035992 0.020360 0.000032 0.002556 0.000000
0.305854 0.633159 0.037260 0.020994 0.000033 0.002699 0.000000
0.302764 0.634402 0.038361 0.021568 0.000036 0.002869 0.000000
0.294265 0.640412 0.039885 0.022402 0.000038 0.002997 0.000000
0.286724 0.645866 0.041019 0.023178 0.000039 0.003175 0.000000
0.287611 0.643674 0.041832 0.023547 0.000042 0.003294 0.000000
0.281958 0.647607 0.042841 0.024112 0.000039 0.003443 0.000000
0.272593 0.653949 0.044527 0.025206 0.000044 0.003681 0.000000
0.266705 0.657980 0.045594 0.025835 0.000047 0.003840 0.000000
0.261587 0.661002 0.046790 0.026508 0.000050 0.004063 0.000000
0.257239 0.663940 0.047585 0.026983 0.000052 0.004202 0.000000
0.249269 0.669097 0.049266 0.027846 0.000057 0.004465 0.000000
0.243899 0.672805 0.050273 0.028378 0.000054 0.004592 0.000000
0.235221 0.678573 0.051936 0.029347 0.000055 0.004867 0.000000
0.224811 0.685423 0.053964 0.030542 0.000062 0.005198 0.000000
0.218518 0.689520 0.055290 0.031169 0.000067 0.005436 0.000000
0.215555 0.691059 0.056042 0.031671 0.000067 0.005605 0.000000
0.206985 0.695997 0.058159 0.032851 0.000073 0.005934 0.000000
0.202432 0.697530 0.059992 0.033731 0.000075 0.006239 0.000000
0.199464 0.698808 0.061002 0.034222 0.000081 0.006423 0.000000
0.195633 0.699777 0.062498 0.035233 0.000083 0.006777 0.000000
0.185901 0.706598 0.064177 0.036208 0.000091 0.007026 0.000000
0.183703 0.705737 0.065944 0.037182 0.000096 0.007337 0.000000
0.175903 0.709656 0.068282 0.038364 0.000098 0.007699 0.000000
0.177213 0.706847 0.069113 0.038815 0.000100 0.007912 0.000000
0.172375 0.709291 0.070447 0.039577 0.000098 0.008213 0.000000
0.165716 0.711766 0.072714 0.041094 0.000103 0.008607 0.000000
0.171405 0.705352 0.073048 0.041249 0.000110 0.008835 0.000000
0.164913 0.708434 0.075049 0.042252 0.000116 0.009234 0.000001
0.158950 0.711348 0.076611 0.043314 0.000121 0.009656 0.000001
0.161176 0.707724 0.077364 0.043744 0.000121 0.009869 0.000001
0.160567 0.705761 0.078790 0.044546 0.000133 0.010202 0.000002
0.158602 0.705719 0.079950 0.045019 0.000135 0.010574 0.000001
0.156337 0.704404 0.081824 0.046286 0.000144 0.011004 0.000001
0.163894 0.696267 0.082123 0.046398 0.000140 0.011177 0.000001
0.152620 0.703198 0.084423 0.047883 0.000152 0.011722 0.000001
0.156259 0.698302 0.085313 0.048061 0.000157 0.011907 0.000001
0.158565 0.695473 0.085474 0.048242 0.000160 0.012084 0.000002
0.151037 0.697341 0.088470 0.050108 0.000169 0.012873 0.000001
0.152014 0.695219 0.089126 0.050455 0.000164 0.013022 0.000001
0.157155 0.689348 0.089347 0.050668 0.000170 0.013311 0.000001
0.144389 0.697566 0.091895 0.052084 0.000183 0.013881 0.000001
0.149700 0.690328 0.092910 0.052606 0.000188 0.014267 0.000002
0.149092 0.689633 0.093529 0.052997 0.000196 0.014552 0.000001
0.142333 0.692462 0.095730 0.054172 0.000201 0.015100 0.000001
0.140001 0.691900 0.097307 0.054999 0.000207 0.015584 0.000001
0.140976 0.690630 0.097272 0.055147 0.000215 0.015758 0.000001
0.125313 0.698846 0.101454 0.057479 0.000226 0.016680 0.000001
0.127283 0.695593 0.102166 0.057750 0.000226 0.016979 0.000002
0.128400 0.692854 0.102785 0.058351 0.000232 0.017376 0.000002
0.119687 0.697573 0.104878 0.059586 0.000243 0.018030 0.000002
0.118013 0.697070 0.106041 0.060252 0.000253 0.018370 0.000001
0.120153 0.693158 0.106884 0.060707 0.000252 0.018844 0.000001
0.116069 0.694259 0.108709 0.061495 0.000262 0.019206 0.000001
0.111226 0.694037 0.111270 0.063082 0.000269 0.020115 0.000002
0.107236 0.695697 0.112411 0.063834 0.000271 0.020549 0.000002
0.100249 0.698461 0.114703 0.065033 0.000286 0.021265 0.000002
0.100754 0.694598 0.116381 0.066101 0.000286 0.021877 0.000003
0.098592 0.694676 0.117537 0.066639 0.000292 0.022263 0.000001
0.098378 0.692697 0.118513 0.067289 0.000292 0.022830 0.000002
0.096083 0.692778 0.119794 0.067865 0.000304 0.023173 0.000003
0.091306 0.691630 0.122818 0.069627 0.000315 0.024302 0.000002
0.092822 0.689801 0.122895 0.069731 0.000310 0.024439 0.000001
0.092326 0.689088 0.123526 0.070066 0.000313 0.024679 0.000003
0.086023 0.689593 0.126612 0.071705 0.000323 0.025742 0.000002
0.084708 0.687765 0.128296 0.072502 0.000338 0.026388 0.000003
0.078270 0.689787 0.130591 0.073942 0.000343 0.027063 0.000003
0.079679 0.687923 0.130675 0.073968 0.000343 0.027409 0.000003
0.075427 0.688231 0.132726 0.075174 0.000366 0.028075 0.000002
0.069860 0.689174 0.135192 0.076483 0.000375 0.028913 0.000004
0.070283 0.685845 0.136739 0.077096 0.000373 0.029662 0.000002
0.065604 0.685666 0.139215 0.078552 0.000389 0.030572 0.000002
0.062897 0.685572 0.140522 0.079378 0.000391 0.031236 0.000003
0.061364 0.683565 0.142282 0.080419 0.000416 0.031952 0.000003
0.057735 0.684210 0.143727 0.081370 0.000405 0.032550 0.000003
0.056648 0.681919 0.145427 0.082310 0.000405 0.033288 0.000003
0.056250 0.680858 0.146204 0.082536 0.000413 0.033736 0.000003
0.052396 0.681159 0.147902 0.083670 0.000423 0.034450 0.000002
0.048376 0.679145 0.151086 0.085249 0.000440 0.035701 0.000002
0.047269 0.679045 0.151551 0.085622 0.000435 0.036074 0.000003
0.044790 0.675794 0.154360 0.087260 0.000454 0.037341 0.000002
0.044269 0.675684 0.154751 0.087260 0.000468 0.037565 0.000003
0.041410 0.673103 0.157232 0.089062 0.000463 0.038728 0.000003
0.039702 0.672014 0.158736 0.089724 0.000478 0.039344 0.000003
0.038991 0.669642 0.160399 0.090316 0.000479 0.040172 0.000002
0.039469 0.668566 0.160440 0.090458 0.000497 0.040566 0.000004
0.040779 0.664133 0.161657 0.091378 0.000522 0.041529 0.000003
0.044048 0.658591 0.162644 0.092005 0.000524 0.042184 0.000003
0.041415 0.656361 0.165299 0.093236 0.000538 0.043149 0.000003
0.046098 0.651007 0.165341 0.093516 0.000525 0.043511 0.000002
0.048750 0.646891 0.165734 0.093822 0.000555 0.044245 0.000003
0.047652 0.645098 0.167192 0.094571 0.000550 0.044933 0.000004
0.048299 0.642363 0.167989 0.095173 0.000569 0.045604 0.000002
0.051771 0.638205 0.168329 0.095132 0.000571 0.045989 0.000003
0.051379 0.636526 0.169306 0.095597 0.000574 0.046615 0.000003
0.053985 0.634060 0.169052 0.095498 0.000577 0.046826 0.000002
0.051717 0.631048 0.171454 0.096920 0.000597 0.048261 0.000003
0.049720 0.630376 0.172903 0.097446 0.000617 0.048936 0.000003
0.050057 0.630702 0.172147 0.097438 0.000604 0.049049 0.000003
0.050690 0.625673 0.174340 0.098316 0.000626 0.050353 0.000002
0.049059 0.624272 0.175802 0.099122 0.000646 0.051095 0.000004
0.044294 0.625196 0.177438 0.100151 0.000658 0.052262 0.000002
0.046604 0.622283 0.177590 0.100167 0.000650 0.052704 0.000002
0.043903 0.622172 0.178734 0.101116 0.000672 0.053401 0.000002
0.042496 0.622437 0.179194 0.101303 0.000684 0.053884 0.000002
0.039524 0.619159 0.182384 0.102949 0.000679 0.055302 0.000002
0.037104 0.619813 0.182899 0.103479 0.000691 0.056013 0.000002
0.035583 0.616953 0.185148 0.104467 0.000720 0.057126 0.000003
0.033208 0.616432 0.186366 0.105329 0.000715 0.057946 0.000004
0.034421 0.612848 0.187308 0.105783 0.000731 0.058908 0.000002
0.032044 0.610482 0.189478 0.107140 0.000737 0.060117 0.000002
0.032782 0.611633 0.188439 0.106595 0.000717 0.059831 0.000003
0.032739 0.609618 0.189055 0.107070 0.000729 0.060785 0.000005
0.030346 0.607738 0.191022 0.108123 0.000757 0.062009 0.000004
0.030222 0.605504 0.192138 0.108579 0.000782 0.062770 0.000004
0.027764 0.602717 0.194566 0.109950 0.000786 0.064213 0.000004
0.027605 0.600120 0.195379 0.110780 0.000796 0.065314 0.000005
0.026565 0.598434 0.196748 0.111382 0.000793 0.066071 0.000006
0.027107 0.597894 0.196505 0.111308 0.000797 0.066383 0.000005
0.025500 0.595523 0.198233 0.112318 0.000807 0.067615 0.000005
0.027692 0.591761 0.198913 0.112459 0.000840 0.068331 0.000005
0.032758 0.585501 0.199032 0.112899 0.000812 0.068994 0.000006
0.030958 0.583659 0.200748 0.113676 0.000845 0.070108 0.000006
0.035157 0.580583 0.199953 0.113092 0.000846 0.070364 0.000006
0.032928 0.580074 0.201046 0.114007 0.000859 0.071080 0.000005
0.035118 0.577058 0.201337 0.114037 0.000861 0.071582 0.000006
0.032951 0.574120 0.203408 0.115149 0.000888 0.073477 0.000006
0.035824 0.571461 0.202998 0.114790 0.000899 0.074023 0.000005
0.033841 0.570100 0.204499 0.115674 0.000911 0.074970 0.000005
0.033344 0.567181 0.205898 0.116554 0.000904 0.076113 0.000006
0.033516 0.566344 0.205887 0.116577 0.000928 0.076743 0.000005
0.032108 0.565907 0.206637 0.117038 0.000937 0.077368 0.000005
0.028755 0.564072 0.209149 0.118144 0.000938 0.078937 0.000006
0.031385 0.561192 0.209008 0.117963 0.000942 0.079505 0.000005
0.030428 0.562045 0.208962 0.117874 0.000953 0.079733 0.000004
0.031520 0.557744 0.210133 0.118671 0.000958 0.080968 0.000006
0.028902 0.559427 0.210517 0.119010 0.000979 0.081157 0.000009
0.027179 0.557353 0.212098 0.119853 0.000957 0.082551 0.000009
0.026863 0.554216 0.213338 0.120435 0.000996 0.084146 0.000007
0.026166 0.553106 0.214046 0.120957 0.001018 0.084700 0.000008
0.026111 0.550596 0.215017 0.121423 0.001004 0.085840 0.000009
0.024753 0.548257 0.216765 0.122181 0.001030 0.087003 0.000010
0.023572 0.548409 0.217109 0.122369 0.001020 0.087510 0.000011
0.022926 0.544667 0.218659 0.123418 0.001027 0.089293 0.000010
0.021956 0.543907 0.219239 0.123751 0.001039 0.090100 0.000009
0.022090 0.542550 0.219755 0.123845 0.001073 0.090676 0.000012
0.020824 0.538622 0.221721 0.125056 0.001081 0.092687 0.000009
0.021424 0.538464 0.221330 0.125006 0.001070 0.092694 0.000012
0.021542 0.536111 0.222150 0.125487 0.001097 0.093602 0.000011
0.019861 0.533713 0.223817 0.126311 0.001112 0.095176 0.000011
0.019524 0.531714 0.224662 0.126922 0.001119 0.096050 0.000009
0.019285 0.529238 0.225503 0.127439 0.001127 0.097394 0.000015
0.019531 0.528811 0.225405 0.127423 0.001123 0.097695 0.000012
0.021992 0.524400 0.225926 0.127649 0.001154 0.098868 0.000012
0.028039 0.521361 0.224312 0.126767 0.001151 0.098355 0.000014
0.028043 0.519889 0.224554 0.127062 0.001133 0.099308 0.000010
0.027187 0.516901 0.226106 0.127739 0.001171 0.100886 0.000011
0.030171 0.514742 0.225447 0.127446 0.001171 0.101011 0.000012
0.035006 0.510132 0.224893 0.127150 0.001176 0.101630 0.000014
0.030536 0.509860 0.226752 0.128253 0.001173 0.103413 0.000013
0.030258 0.508675 0.227276 0.128630 0.001188 0.103961 0.000012
0.029599 0.507223 0.228178 0.128740 0.001227 0.105018 0.000014
0.031709 0.504942 0.227746 0.128909 0.001223 0.105456 0.000015
0.029116 0.504318 0.228949 0.129522 0.001236 0.106847 0.000011
0.028790 0.502289 0.229462 0.129951 0.001223 0.108273 0.000012
0.029009 0.501093 0.229808 0.129944 0.001256 0.108877 0.000013
0.027866 0.499976 0.230798 0.130381 0.001287 0.109680 0.000012
0.025660 0.499251 0.231700 0.131133 0.001287 0.110952 0.000018
0.026460 0.496073 0.232455 0.131247 0.001297 0.112455 0.000014
0.026368 0.495887 0.232141 0.131551 0.001321 0.112716 0.000016
0.023187 0.494603 0.234246 0.132460 0.001315 0.114176 0.000013
0.023898 0.494509 0.233582 0.132047 0.001304 0.114645 0.000015
0.022875 0.491137 0.235276 0.132801 0.001347 0.116551 0.000013
0.022951 0.491693 0.234719 0.132758 0.001353 0.116512 0.000013
0.021694 0.489227 0.236177 0.133445 0.001363 0.118082 0.000012
0.021162 0.486598 0.237186 0.133889 0.001381 0.119772 0.000011
0.021114 0.486387 0.236949 0.134142 0.001408 0.119990 0.000011
0.019676 0.483240 0.238672 0.135151 0.001409 0.121836 0.000015
0.019771 0.482943 0.238856 0.134924 0.001421 0.122073 0.000012
0.019056 0.479876 0.239705 0.135888 0.001433 0.124030 0.000012
0.018974 0.479555 0.239819 0.135791 0.001427 0.124420 0.000014
0.018454 0.477677 0.240732 0.136298 0.001426 0.125400 0.000014
0.017739 0.475072 0.242107 0.136818 0.001451 0.126797 0.000016
0.017793 0.474349 0.241919 0.136757 0.001460 0.127706 0.000016
0.017313 0.473298 0.242444 0.137041 0.001467 0.128421 0.000016
0.017369 0.469781 0.243226 0.137780 0.001489 0.130337 0.000017
0.016829 0.467784 0.244358 0.138125 0.001508 0.131382 0.000013
0.016566 0.465846 0.244600 0.138762 0.001512 0.132697 0.000017
0.017212 0.465069 0.244703 0.138493 0.001511 0.132995 0.000016
0.016486 0.464868 0.244991 0.138752 0.001498 0.133388 0.000017
0.016254 0.461985 0.245720 0.139342 0.001535 0.135147 0.000016
0.016660 0.459422 0.246231 0.139484 0.001540 0.136647 0.000015
0.016240 0.458889 0.246611 0.139611 0.001539 0.137094 0.000017
0.015855 0.456548 0.247741 0.140185 0.001558 0.138099 0.000014
0.016094 0.455412 0.247476 0.140170 0.001576 0.139253 0.000018
0.015872 0.452884 0.248297 0.140834 0.001594 0.140499 0.000020
0.015753 0.450547 0.248967 0.140915 0.001605 0.142193 0.000020
0.015727 0.451212 0.248359 0.140821 0.001613 0.142250 0.000018
0.015527 0.447666 0.249678 0.141484 0.001638 0.143987 0.000020
0.015325 0.446389 0.249964 0.141707 0.001612 0.144983 0.000020
0.015529 0.444852 0.250566 0.141866 0.001650 0.145517 0.000020
0.015167 0.441903 0.251607 0.142261 0.001653 0.147391 0.000019
0.015132 0.440539 0.251732 0.142585 0.001674 0.148317 0.000021
0.015317 0.439094 0.251862 0.142514 0.001708 0.149482 0.000023
0.015461 0.438568 0.252038 0.142709 0.001708 0.149492 0.000025
0.015711 0.437574 0.251755 0.142733 0.001716 0.150486 0.000024
0.015255 0.434966 0.252794 0.143403 0.001727 0.151831 0.000026
0.015292 0.434507 0.252598 0.143202 0.001767 0.152609 0.000024
0.015018 0.432091 0.253790 0.143410 0.001731 0.153938 0.000023
0.015427 0.429281 0.254180 0.143954 0.001780 0.155354 0.000025
0.015132 0.429811 0.253933 0.143770 0.001772 0.155559 0.000022
0.015008 0.426096 0.254923 0.144288 0.001790 0.157868 0.000026
0.015094 0.425578 0.254957 0.144381 0.001800 0.158165 0.000025
0.015187 0.425161 0.255009 0.144163 0.001824 0.158633 0.000025
0.015014 0.421431 0.256093 0.144972 0.001838 0.160628 0.000024
0.015106 0.421283 0.255920 0.144953 0.001824 0.160887 0.000027
0.014609 0.418435 0.256798 0.145400 0.001844 0.162890 0.000024
0.014726 0.417939 0.256881 0.145278 0.001850 0.163300 0.000027
0.014896 0.416061 0.256694 0.145492 0.001880 0.164946 0.000031
0.014667 0.414489 0.257551 0.145484 0.001896 0.165886 0.000027
0.014805 0.413751 0.257353 0.145803 0.001875 0.166386 0.000027
0.014740 0.411578 0.257455 0.145951 0.001911 0.168340 0.000025
0.014552 0.409459 0.258146 0.146275 0.001921 0.169616 0.000031
0.014636 0.407848 0.258300 0.146615 0.001900 0.170673 0.000028
0.014865 0.408212 0.258278 0.146322 0.001910 0.170383 0.000030
0.014233 0.404639 0.259154 0.147205 0.001922 0.172818 0.000028
0.014584 0.405915 0.258660 0.146548 0.001939 0.172328 0.000026
0.014724 0.402860 0.259085 0.146822 0.001989 0.174488 0.000032
0.014596 0.401502 0.259411 0.147021 0.001988 0.175453 0.000030
0.014574 0.399151 0.259774 0.147423 0.001993 0.177059 0.000025
0.014447 0.397925 0.260036 0.147660 0.002010 0.177891 0.000033
0.014457 0.396207 0.260554 0.147950 0.002036 0.178765 0.000031
0.014609 0.395013 0.260531 0.147798 0.002033 0.179981 0.000035
0.014282 0.393826 0.261049 0.147853 0.002036 0.180921 0.000034
0.014387 0.391136 0.261296 0.148158 0.002049 0.182947 0.000027
0.014460 0.390671 0.261396 0.148164 0.002050 0.183226 0.000033
0.014706 0.389148 0.261574 0.148423 0.002059 0.184058 0.000032
0.014303 0.389489 0.261117 0.148337 0.002058 0.184657 0.000040
0.014248 0.388983 0.261430 0.148256 0.002092 0.184961 0.000031
0.014551 0.384966 0.261774 0.148821 0.002106 0.187748 0.000035
0.014438 0.384369 0.261978 0.148866 0.002133 0.188180 0.000036
0.014283 0.381695 0.263064 0.148863 0.002137 0.189917 0.000040
0.014370 0.380233 0.263134 0.148963 0.002133 0.191128 0.000038
0.014550 0.379227 0.263147 0.149091 0.002166 0.191785 0.000035
0.014504 0.378066 0.263259 0.149378 0.002154 0.192601 0.000037
0.014402 0.376125 0.263547 0.149661 0.002188 0.194036 0.000041
0.014314 0.375088 0.263487 0.149544 0.002199 0.195329 0.000039
0.014317 0.373716 0.263919 0.149697 0.002210 0.196103 0.000038
0.014560 0.372580 0.263733 0.149371 0.002192 0.197522 0.000042
0.014460 0.371981 0.263844 0.149810 0.002212 0.197650 0.000043
0.014411 0.370057 0.264399 0.149873 0.002198 0.199021 0.000042
0.014497 0.367697 0.264649 0.149976 0.002232 0.200908 0.000041
0.014317 0.367484 0.264670 0.150179 0.002225 0.201083 0.000042
0.014445 0.365550 0.264745 0.150160 0.002239 0.202811 0.000049
0.014253 0.365144 0.264729 0.149974 0.002246 0.203610 0.000044
0.014656 0.363714 0.265068 0.150109 0.002275 0.204129 0.000050
0.014491 0.362998 0.265194 0.150075 0.002248 0.204950 0.000044
0.014618 0.358710 0.265974 0.150534 0.002293 0.207824 0.000048
0.014363 0.358350 0.265781 0.150421 0.002312 0.208721 0.000051
0.014382 0.358311 0.265756 0.150549 0.002289 0.208661 0.000052
0.014104 0.357525 0.265933 0.150523 0.002295 0.209578 0.000041
0.014373 0.354541 0.266254 0.150731 0.002325 0.211731 0.000046
0.018684 0.352835 0.264669 0.149965 0.002326 0.211475 0.000046
0.031046 0.348809 0.261068 0.147840 0.002273 0.208917 0.000046
0.029790 0.347696 0.261151 0.148098 0.002326 0.210890 0.000048
0.029137 0.347943 0.261294 0.147980 0.002316 0.211282 0.000049
0.029657 0.346311 0.261186 0.148006 0.002342 0.212445 0.000053
0.029858 0.345253 0.261197 0.147857 0.002352 0.213438 0.000044
0.028001 0.345640 0.261747 0.148194 0.002307 0.214064 0.000047
0.028120 0.344505 0.261429 0.148052 0.002352 0.215493 0.000049
0.027073 0.344635 0.261603 0.148078 0.002380 0.216181 0.000050
0.027192 0.342956 0.261618 0.148036 0.002375 0.217779 0.000045
0.025426 0.342874 0.262240 0.148450 0.002358 0.218605 0.000046
0.024866 0.342328 0.262282 0.148308 0.002420 0.219749 0.000047
0.024892 0.341541 0.262304 0.148424 0.002365 0.220425 0.000048
0.024081 0.341016 0.262227 0.148384 0.002428 0.221815 0.000048
0.021577 0.340073 0.263344 0.149110 0.002440 0.223410 0.000047
0.022021 0.339603 0.263310 0.148632 0.002474 0.223905 0.000054
0.022999 0.337277 0.262951 0.148521 0.002492 0.225711 0.000049
0.021420 0.336815 0.263541 0.148967 0.002515 0.226690 0.000053
0.020590 0.336750 0.263639 0.149289 0.002499 0.227179 0.000054
0.020360 0.335931 0.263538 0.148982 0.002532 0.228604 0.000053
0.019743 0.335064 0.264029 0.149310 0.002503 0.229298 0.000054
0.018775 0.332766 0.264618 0.149566 0.002514 0.231711 0.000051
0.018500 0.332789 0.264427 0.149749 0.002537 0.231939 0.000059
0.018063 0.330285 0.265296 0.150112 0.002536 0.233655 0.000053
0.017761 0.329680 0.265093 0.150021 0.002612 0.234776 0.000055
0.016928 0.326532 0.266128 0.150388 0.002589 0.237381 0.000054
0.018486 0.327224 0.264435 0.149596 0.002633 0.237566 0.000060
0.016754 0.324803 0.266341 0.150521 0.002653 0.238871 0.000057
0.016580 0.323809 0.266631 0.150645 0.002629 0.239650 0.000055
0.017369 0.325459 0.265111 0.149843 0.002631 0.239528 0.000059
0.014999 0.320179 0.267222 0.151586 0.002677 0.243279 0.000057
0.015632 0.318735 0.266936 0.151152 0.002702 0.244784 0.000059
0.015948 0.318676 0.266530 0.151055 0.002671 0.245057 0.000063
0.016353 0.319256 0.265838 0.150606 0.002696 0.245192 0.000059
0.015526 0.316977 0.266770 0.150743 0.002746 0.247182 0.000057
0.015454 0.316425 0.267097 0.150723 0.002739 0.247507 0.000055
0.015105 0.313044 0.267511 0.151567 0.002752 0.249961 0.000061
0.015436 0.313757 0.266895 0.151319 0.002716 0.249820 0.000057
0.015262 0.311269 0.267263 0.151448 0.002769 0.251927 0.000063
0.015278 0.309967 0.267338 0.151279 0.002742 0.253334 0.000062
0.014835 0.308558 0.267460 0.151520 0.002783 0.254783 0.000060
0.015221 0.309056 0.267123 0.151463 0.002792 0.254283 0.000062
0.015322 0.306509 0.267305 0.151626 0.002818 0.256360 0.000060
0.015492 0.306246 0.266809 0.151215 0.002809 0.257365 0.000064
0.015100 0.304773 0.267120 0.151558 0.002853 0.258532 0.000064
0.015355 0.304609 0.267124 0.151117 0.002813 0.258926 0.000056
0.015088 0.302274 0.267520 0.151516 0.002764 0.260779 0.000059
0.015303 0.301833 0.267064 0.151380 0.002835 0.261515 0.000070
0.014771 0.300226 0.267932 0.151372 0.002860 0.262774 0.000066
0.015195 0.299864 0.267893 0.151114 0.002838 0.263038 0.000058
0.015142 0.298085 0.267318 0.151675 0.002825 0.264884 0.000070
0.015378 0.296815 0.267258 0.151227 0.002849 0.266406 0.000067
0.014936 0.297103 0.267232 0.151579 0.002852 0.266235 0.000063
0.014937 0.294122 0.267811 0.150975 0.002926 0.269157 0.000071
0.015213 0.295009 0.267311 0.150920 0.002885 0.268595 0.000066
0.015018 0.294454 0.266778 0.151214 0.002932 0.269531 0.000073
0.015322 0.291410 0.267412 0.151108 0.002903 0.271779 0.000066
0.015322 0.290045 0.267585 0.151350 0.002969 0.272661 0.000068
0.015198 0.289147 0.267710 0.151060 0.002984 0.273827 0.000073
0.015249 0.290392 0.267096 0.150867 0.002953 0.273371 0.000072
0.014839 0.286764 0.268051 0.151249 0.002963 0.276059 0.000075
0.015061 0.287328 0.267603 0.150965 0.003000 0.275968 0.000075
0.015441 0.285693 0.267226 0.151132 0.002981 0.277460 0.000067
0.015172 0.284736 0.267182 0.151046 0.003016 0.278769 0.000079
0.015246 0.284352 0.266696 0.150875 0.002994 0.279764 0.000073
0.015429 0.283066 0.267032 0.150645 0.003053 0.280702 0.000073
0.015428 0.283104 0.266665 0.150564 0.003030 0.281128 0.000080
0.015171 0.280924 0.266833 0.150742 0.003018 0.283230 0.000081
0.014968 0.279328 0.266854 0.150961 0.003033 0.284780 0.000076
0.015102 0.278735 0.267332 0.150834 0.003074 0.284849 0.000074
0.015143 0.278653 0.266742 0.150916 0.003034 0.285432 0.000079
0.014868 0.276298 0.267287 0.150584 0.003070 0.287812 0.000081
0.015470 0.277628 0.266260 0.150281 0.003028 0.287254 0.000079
0.015332 0.274857 0.266600 0.150665 0.003052 0.289414 0.000081
0.015437 0.275603 0.266204 0.150450 0.003096 0.289126 0.000084
0.015410 0.272303 0.266516 0.150604 0.003076 0.292005 0.000086
0.015454 0.272419 0.266060 0.150375 0.003095 0.292513 0.000084
0.015182 0.271117 0.266244 0.150182 0.003084 0.294098 0.000093
0.015655 0.271842 0.266026 0.150028 0.003100 0.293265 0.000084
0.015476 0.271344 0.266153 0.150046 0.003123 0.293775 0.000082
0.015425 0.269285 0.265848 0.150233 0.003082 0.296045 0.000082
0.015322 0.268866 0.265845 0.149861 0.003130 0.296893 0.000085
0.015284 0.266827 0.266021 0.150048 0.003171 0.298562 0.000087
0.015359 0.265805 0.265533 0.149956 0.003139 0.300120 0.000089
0.015360 0.265048 0.266018 0.149646 0.003181 0.300657 0.000090
0.015583 0.264981 0.265016 0.149712 0.003180 0.301446 0.000082
0.015408 0.264360 0.265223 0.149993 0.003174 0.301760 0.000082
0.015527 0.263238 0.265134 0.149695 0.003219 0.303093 0.000093
0.015591 0.260763 0.265431 0.149898 0.003185 0.305043 0.000090
0.015450 0.260781 0.264819 0.149865 0.003202 0.305799 0.000083
0.015632 0.259683 0.264712 0.149671 0.003181 0.307033 0.000088
0.015522 0.259096 0.264250 0.149945 0.003207 0.307889 0.000092
0.015510 0.258986 0.264544 0.149560 0.003217 0.308084 0.000099
0.015668 0.255970 0.264791 0.149840 0.003266 0.310368 0.000096
0.015726 0.257719 0.264226 0.149145 0.003255 0.309832 0.000097
0.015371 0.253899 0.264474 0.149779 0.003284 0.313099 0.000094
0.015765 0.253813 0.264314 0.149333 0.003251 0.313429 0.000095
0.015720 0.254312 0.264096 0.149270 0.003294 0.313215 0.000092
0.015416 0.250522 0.264022 0.149477 0.003312 0.317153 0.000098
0.015540 0.252249 0.263230 0.149326 0.003306 0.316257 0.000092
0.015622 0.251669 0.263240 0.149360 0.003306 0.316704 0.000098
0.015698 0.250227 0.263237 0.148958 0.003310 0.318472 0.000098
0.015955 0.249576 0.263188 0.149083 0.003341 0.318756 0.000100
0.015821 0.249201 0.262995 0.148896 0.003359 0.319631 0.000098
0.015711 0.247324 0.263234 0.149095 0.003310 0.321225 0.000101
0.015814 0.247592 0.262672 0.148828 0.003364 0.321631 0.000100
0.016004 0.246191 0.262669 0.148839 0.003372 0.322822 0.000102
0.015744 0.244712 0.262726 0.148683 0.003392 0.324637 0.000105
0.015816 0.245022 0.262420 0.148696 0.003398 0.324552 0.000096
0.015869 0.243835 0.262416 0.148733 0.003399 0.325653 0.000095
0.015848 0.242780 0.261979 0.148296 0.003448 0.327557 0.000091
0.015965 0.242125 0.262111 0.148358 0.003377 0.327957 0.000106
0.015990 0.240727 0.261837 0.148023 0.003442 0.329881 0.000099
0.016264 0.240713 0.261627 0.148205 0.003431 0.329654 0.000106
0.016031 0.241013 0.261315 0.148205 0.003422 0.329914 0.000102
0.016177 0.237729 0.261786 0.148077 0.003463 0.332665 0.000103
0.016063 0.237210 0.261363 0.147912 0.003494 0.333850 0.000108
0.016531 0.237222 0.261023 0.147968 0.003471 0.333684 0.000099
0.016052 0.236009 0.261019 0.147665 0.003529 0.335622 0.000103
0.016153 0.235660 0.260852 0.147552 0.003484 0.336202 0.000098
0.016275 0.233684 0.261121 0.147874 0.003485 0.337457 0.000103
0.016223 0.233885 0.260362 0.147674 0.003508 0.338240 0.000109
0.016099 0.233099 0.260301 0.147555 0.003554 0.339285 0.000107
0.016485 0.233020 0.259818 0.147345 0.003528 0.339702 0.000102
0.016272 0.230792 0.260316 0.147596 0.003580 0.341335 0.000109
0.016246 0.231938 0.259641 0.147240 0.003568 0.341256 0.000111
0.016616 0.230666 0.260046 0.146973 0.003575 0.342011 0.000112
0.016485 0.229425 0.259326 0.147181 0.003626 0.343843 0.000114
0.016436 0.228688 0.259155 0.147173 0.003619 0.344822 0.000108
0.016379 0.228031 0.259254 0.146904 0.003617 0.345706 0.000109
0.016659 0.227416 0.258714 0.146744 0.003600 0.346753 0.000114
0.016977 0.226736 0.258483 0.146907 0.003617 0.347171 0.000109
0.016812 0.226643 0.258493 0.146773 0.003609 0.347550 0.000120
0.016578 0.225540 0.258194 0.146351 0.003652 0.349561 0.000123
0.016681 0.224155 0.258222 0.145934 0.003672 0.351219 0.000116
0.016810 0.222888 0.258400 0.146372 0.003657 0.351754 0.000120
0.016557 0.221946 0.258226 0.146135 0.003701 0.353321 0.000114
0.016783 0.221637 0.257473 0.146067 0.003702 0.354231 0.000107
0.016845 0.221160 0.257192 0.146145 0.003709 0.354830 0.000119
0.016865 0.220333 0.257295 0.145891 0.003723 0.355783 0.000109
0.016967 0.220602 0.257106 0.145632 0.003670 0.355906 0.000117
0.017064 0.218838 0.256481 0.145759 0.003717 0.358020 0.000122
0.017099 0.218603 0.256851 0.145827 0.003746 0.357760 0.000114
0.016906 0.218669 0.256313 0.145281 0.003707 0.359005 0.000120
0.016744 0.216916 0.256056 0.145429 0.003809 0.360920 0.000125
0.017110 0.216365 0.256115 0.145394 0.003737 0.361153 0.000127
0.017342 0.215383 0.255934 0.145028 0.003736 0.362449 0.000127
0.017273 0.214517 0.255548 0.145207 0.003778 0.363553 0.000124
0.017196 0.215371 0.255628 0.145133 0.003756 0.362790 0.000127
0.017147 0.213521 0.255359 0.144863 0.003776 0.365205 0.000128
0.017469 0.211123 0.255310 0.144978 0.003845 0.367147 0.000127
0.016999 0.212649 0.254992 0.145274 0.003801 0.366155 0.000130
0.017283 0.212915 0.254621 0.144709 0.003770 0.366568 0.000134
0.017138 0.211117 0.254418 0.144780 0.003827 0.368589 0.000132
0.017563 0.209554 0.254367 0.144401 0.003800 0.370187 0.000128
0.017307 0.209724 0.254064 0.144353 0.003828 0.370590 0.000134
0.017328 0.208892 0.253944 0.144147 0.003819 0.371727 0.000143
0.017307 0.208324 0.253607 0.144059 0.003821 0.372754 0.000129
0.017399 0.207665 0.253488 0.144137 0.003884 0.373291 0.000136
0.017614 0.207607 0.253078 0.143631 0.003878 0.374054 0.000137
0.017653 0.206658 0.252647 0.143853 0.003889 0.375165 0.000136
0.017879 0.206438 0.252694 0.143331 0.003842 0.375672 0.000143
0.017478 0.205104 0.252627 0.143383 0.003925 0.377338 0.000146
0.017723 0.205460 0.251859 0.143162 0.003931 0.377724 0.000140
0.017464 0.203625 0.252560 0.143523 0.003908 0.378786 0.000135
0.017956 0.202691 0.251592 0.143068 0.003941 0.380614 0.000137
0.017786 0.202349 0.251693 0.142980 0.003932 0.381115 0.000145
0.017886 0.202357 0.252037 0.142844 0.003952 0.380785 0.000139
0.017851 0.201926 0.251318 0.143056 0.003948 0.381759 0.000142
0.017642 0.200885 0.251221 0.142692 0.003948 0.383462 0.000149
0.018158 0.200160 0.250779 0.142272 0.003938 0.384543 0.000150
0.017810 0.199021 0.250651 0.142528 0.003936 0.385898 0.000156
0.017761 0.199178 0.250797 0.142113 0.003965 0.386050 0.000137
0.017969 0.198441 0.250188 0.141875 0.003966 0.387416 0.000146
0.018199 0.196716 0.249882 0.141839 0.004000 0.389215 0.000150
0.017825 0.197551 0.250158 0.142205 0.004020 0.388093 0.000147
0.018202 0.196178 0.249918 0.141695 0.003975 0.389883 0.000149
0.018216 0.194517 0.249248 0.141547 0.004052 0.392263 0.000157
0.018293 0.194914 0.248978 0.141693 0.003974 0.391999 0.000149
0.018091 0.194639 0.248797 0.141553 0.004020 0.392742 0.000158
0.018235 0.192898 0.248410 0.141312 0.004048 0.394934 0.000163
0.018137 0.193557 0.248902 0.141225 0.004023 0.394007 0.000150
0.018386 0.193697 0.248499 0.140818 0.004082 0.394353 0.000165
0.018256 0.192145 0.248111 0.140611 0.004052 0.396664 0.000160
0.018350 0.192154 0.247860 0.140655 0.004071 0.396743 0.000167
0.018665 0.190953 0.247971 0.140303 0.004070 0.397874 0.000164
0.018586 0.189762 0.247413 0.140324 0.004131 0.399623 0.000162
0.018658 0.189359 0.246850 0.140141 0.004145 0.400683 0.000164
0.018793 0.188587 0.246866 0.140320 0.004117 0.401154 0.000163
0.018462 0.187648 0.246627 0.140044 0.004093 0.402957 0.000170
0.018447 0.188655 0.246684 0.139877 0.004111 0.402066 0.000161
0.018861 0.187959 0.245816 0.139788 0.004072 0.403338 0.000166
0.018482 0.187001 0.245482 0.139448 0.004111 0.405301 0.000174
0.018592 0.185667 0.245864 0.139349 0.004178 0.406194 0.000156
0.018764 0.185281 0.245022 0.139249 0.004181 0.407332 0.000171
0.018862 0.185291 0.245297 0.139130 0.004189 0.407074 0.000159
0.018949 0.184545 0.245118 0.138970 0.004174 0.408071 0.000172
0.019160 0.184021 0.244672 0.138685 0.004156 0.409146 0.000160
0.018707 0.183891 0.244287 0.138986 0.004177 0.409779 0.000173
0.018808 0.182673 0.244352 0.138255 0.004196 0.411546 0.000169
0.018754 0.182716 0.244081 0.138398 0.004168 0.411714 0.000169
0.019200 0.181204 0.243871 0.138231 0.004177 0.413152 0.000165
0.019062 0.182131 0.244007 0.138065 0.004209 0.412351 0.000175
0.019228 0.180935 0.243478 0.137923 0.004176 0.414093 0.000166
0.018964 0.179637 0.243112 0.137945 0.004246 0.415919 0.000177
0.019045 0.180264 0.242695 0.137511 0.004197 0.416112 0.000177
0.019387 0.179658 0.242633 0.137786 0.004229 0.416130 0.000177
0.019592 0.177869 0.242526 0.136968 0.004227 0.418637 0.000182
0.019489 0.178290 0.241906 0.137031 0.004236 0.418876 0.000172
0.019612 0.178486 0.241812 0.137013 0.004215 0.418686 0.000176
0.019458 0.176730 0.241669 0.137208 0.004272 0.420484 0.000179
0.019372 0.176172 0.241263 0.136861 0.004307 0.421845 0.000179
0.019756 0.175898 0.241045 0.136711 0.004301 0.422120 0.000170
0.019596 0.176089 0.240917 0.136433 0.004263 0.422520 0.000182
0.019590 0.175464 0.240593 0.136697 0.004296 0.423184 0.000176
0.019889 0.173920 0.240330 0.135951 0.004335 0.425402 0.000174
0.019973 0.174088 0.240272 0.136236 0.004283 0.424972 0.000176
0.019636 0.173587 0.239598 0.135855 0.004310 0.426824 0.000189
0.019847 0.172999 0.239226 0.135806 0.004276 0.427666 0.000180
0.019676 0.173039 0.239381 0.135768 0.004266 0.427678 0.000191
0.019419 0.171724 0.239210 0.135661 0.004325 0.429488 0.000174
0.020002 0.172025 0.239181 0.135352 0.004257 0.429009 0.000175
0.019945 0.170478 0.238283 0.135218 0.004301 0.431581 0.000195
0.019882 0.171429 0.238120 0.135003 0.004402 0.430981 0.000183
0.019783 0.170139 0.238243 0.134861 0.004391 0.432405 0.000178
0.020158 0.169348 0.237477 0.134576 0.004435 0.433816 0.000190
0.019823 0.169635 0.237676 0.134846 0.004345 0.433490 0.000186
0.019860 0.169228 0.237244 0.134583 0.004368 0.434545 0.000172
0.020606 0.168105 0.236757 0.133958 0.004411 0.435989 0.000175
0.020306 0.167803 0.236454 0.134304 0.004379 0.436570 0.000185
0.020381 0.167269 0.236243 0.133962 0.004358 0.437597 0.000189
0.020236 0.166588 0.235865 0.134014 0.004454 0.438643 0.000198
0.020255 0.166679 0.235861 0.133802 0.004383 0.438836 0.000184
0.020727 0.164886 0.235257 0.133453 0.004438 0.441041 0.000198
0.020379 0.165333 0.235625 0.133370 0.004375 0.440729 0.000190
0.020668 0.165014 0.234982 0.133523 0.004410 0.441216 0.000187
0.020791 0.164260 0.234500 0.133105 0.004494 0.442657 0.000194
0.020669 0.164044 0.234328 0.132837 0.004451 0.443470 0.000201
0.020431 0.163404 0.234774 0.133016 0.004438 0.443740 0.000196
0.020551 0.163704 0.233918 0.132803 0.004434 0.444388 0.000203
0.020569 0.162929 0.233979 0.132354 0.004436 0.445545 0.000189
0.020438 0.162676 0.233445 0.132453 0.004431 0.446367 0.000191
0.020744 0.161544 0.233382 0.132010 0.004504 0.447607 0.000209
0.020814 0.160987 0.232824 0.132281 0.004460 0.448427 0.000208
0.021053 0.161190 0.232632 0.131943 0.004478 0.448506 0.000199
0.020887 0.160168 0.231621 0.131869 0.004455 0.450796 0.000204
0.020922 0.159933 0.232145 0.131451 0.004541 0.450814 0.000195
0.020863 0.159545 0.231955 0.131368 0.004491 0.451581 0.000197
0.020867 0.159415 0.231818 0.131271 0.004520 0.451907 0.000201
0.021143 0.158620 0.231663 0.131024 0.004508 0.452835 0.000207
0.021180 0.158324 0.230854 0.130899 0.004559 0.453990 0.000194
0.021263 0.157970 0.230505 0.130900 0.004505 0.454655 0.000201
0.020869 0.157786 0.230962 0.131031 0.004531 0.454622 0.000200
0.020856 0.157728 0.230573 0.130994 0.004528 0.455126 0.000194
0.021099 0.156535 0.229852 0.130367 0.004583 0.457355 0.000208
0.021335 0.156517 0.230030 0.130270 0.004594 0.457055 0.000199
0.020988 0.155840 0.229528 0.130216 0.004524 0.458705 0.000200
0.020997 0.154695 0.228977 0.130116 0.004621 0.460394 0.000201
0.021305 0.154679 0.228636 0.129861 0.004588 0.460734 0.000197
0.021403 0.153463 0.228185 0.129577 0.004610 0.462559 0.000203
0.021448 0.153500 0.228308 0.129375 0.004597 0.462567 0.000204
0.021780 0.153099 0.228216 0.129493 0.004634 0.462576 0.000203
0.021556 0.152695 0.227688 0.129108 0.004633 0.464122 0.000197
0.021342 0.153089 0.227975 0.128949 0.004638 0.463798 0.000209
0.021691 0.151953 0.226526 0.129276 0.004602 0.465735 0.000218
0.021631 0.151579 0.226789 0.128767 0.004647 0.466369 0.000218
0.021559 0.151202 0.226690 0.128815 0.004597 0.466933 0.000204
0.021973 0.150457 0.226210 0.128447 0.004627 0.468062 0.000224
0.021908 0.150928 0.226215 0.128374 0.004607 0.467764 0.000204
0.021841 0.150067 0.225983 0.128094 0.004606 0.469210 0.000199
0.021955 0.150635 0.225919 0.128596 0.004600 0.468087 0.000208
0.022291 0.149691 0.225373 0.127767 0.004682 0.469976 0.000221
0.021839 0.148460 0.225019 0.127581 0.004656 0.472232 0.000212
0.021864 0.149628 0.225175 0.128018 0.004588 0.470520 0.000205
0.021963 0.148408 0.224614 0.127445 0.004615 0.472739 0.000216
0.021938 0.147424 0.224019 0.127260 0.004686 0.474454 0.000219
0.022234 0.147395 0.224001 0.127086 0.004637 0.474435 0.000212
0.021928 0.147715 0.223625 0.127259 0.004659 0.474599 0.000216
0.022212 0.147006 0.223757 0.127208 0.004653 0.474965 0.000199
0.022455 0.145990 0.222809 0.126888 0.004700 0.476944 0.000213
0.022185 0.145599 0.222594 0.126456 0.004688 0.478255 0.000224
0.022513 0.145625 0.222378 0.126298 0.004648 0.478316 0.000222
0.022139 0.145213 0.222125 0.126088 0.004673 0.479548 0.000213
0.022510 0.144997 0.222188 0.126007 0.004676 0.479392 0.000229
0.022504 0.144588 0.221966 0.125732 0.004694 0.480296 0.000220
0.022593 0.144030 0.221435 0.125861 0.004714 0.481152 0.000216
0.022585 0.144187 0.221004 0.125882 0.004726 0.481404 0.000212
0.022698 0.143471 0.220332 0.125453 0.004749 0.483073 0.000225
0.022872 0.142820 0.220263 0.125093 0.004700 0.484033 0.000219
0.023051 0.143437 0.220693 0.125263 0.004710 0.482615 0.000231
0.022968 0.143073 0.219993 0.125058 0.004678 0.484008 0.000223
0.022760 0.142126 0.219927 0.124695 0.004785 0.485491 0.000216
0.022890 0.141576 0.219382 0.124600 0.004751 0.486572 0.000229
0.022931 0.141371 0.219290 0.124229 0.004754 0.487197 0.000228
0.023005 0.141080 0.218868 0.124395 0.004722 0.487699 0.000232
0.022947 0.140122 0.218357 0.124302 0.004776 0.489273 0.000222
0.023231 0.140040 0.217626 0.123637 0.004706 0.490521 0.000239
