0.999110 0.000865 0.000018 0.000008 0.000000 0.000000 0.000000
0.998661 0.001307 0.000017 0.000003 0.000000 0.000012 0.000000
0.998229 0.001725 0.000022 0.000011 0.000000 0.000013 0.000000
0.997791 0.002153 0.000029 0.000013 0.000000 0.000013 0.000000
0.997313 0.002616 0.000037 0.000021 0.000000 0.000013 0.000000
0.996801 0.003114 0.000050 0.000022 0.000000 0.000013 0.000000
0.996196 0.003709 0.000056 0.000025 0.000000 0.000013 0.000000
0.995642 0.004250 0.000065 0.000031 0.000000 0.000013 0.000000
0.994854 0.005027 0.000074 0.000033 0.000000 0.000012 0.000000
0.993952 0.005905 0.000092 0.000040 0.000000 0.000011 0.000000
0.992716 0.007121 0.000110 0.000043 0.000000 0.000010 0.000000
0.991045 0.008767 0.000129 0.000049 0.000000 0.000009 0.000000
0.989520 0.010271 0.000145 0.000055 0.000000 0.000009 0.000000
0.987472 0.012294 0.000151 0.000076 0.000000 0.000007 0.000000
0.983988 0.015690 0.000214 0.000101 0.000000 0.000006 0.000000
0.981304 0.018341 0.000232 0.000117 0.000000 0.000005 0.000000
0.977228 0.022324 0.000304 0.000139 0.000000 0.000005 0.000000
0.972064 0.027427 0.000337 0.000168 0.000000 0.000004 0.000000
0.966760 0.032644 0.000385 0.000208 0.000000 0.000003 0.000000
0.960595 0.038676 0.000476 0.000248 0.000000 0.000005 0.000000
0.954048 0.045092 0.000550 0.000303 0.000000 0.000007 0.000000
0.947739 0.051223 0.000644 0.000386 0.000000 0.000008 0.000000
0.939110 0.059629 0.000774 0.000479 0.000000 0.000008 0.000000
0.929960 0.068500 0.000967 0.000566 0.000000 0.000007 0.000000
0.920630 0.077581 0.001135 0.000645 0.000002 0.000006 0.000000
0.910267 0.087704 0.001290 0.000725 0.000004 0.000010 0.000000
0.897832 0.099831 0.001461 0.000850 0.000003 0.000022 0.000000
0.887169 0.110159 0.001668 0.000963 0.000003 0.000038 0.000000
0.872297 0.124623 0.001940 0.001087 0.000003 0.000050 0.000000
0.860727 0.135829 0.002157 0.001231 0.000003 0.000054 0.000000
0.845569 0.150532 0.002447 0.001386 0.000003 0.000063 0.000000
0.831624 0.164033 0.002720 0.001553 0.000003 0.000068 0.000000
0.817873 0.177347 0.002995 0.001705 0.000003 0.000077 0.000000
0.803275 0.191366 0.003341 0.001931 0.000002 0.000085 0.000000
0.788242 0.205836 0.003691 0.002133 0.000002 0.000097 0.000000
0.770521 0.222847 0.004143 0.002380 0.000002 0.000107 0.000000
0.756749 0.236017 0.004533 0.002582 0.000002 0.000117 0.000000
0.741410 0.250717 0.004926 0.002812 0.000002 0.000133 0.000000
0.725638 0.265812 0.005329 0.003074 0.000002 0.000145 0.000000
0.710796 0.279945 0.005760 0.003331 0.000001 0.000166 0.000000
0.696762 0.293305 0.006180 0.003575 0.000001 0.000176 0.000000
0.679197 0.310046 0.006683 0.003880 0.000002 0.000192 0.000000
0.663941 0.324397 0.007244 0.004191 0.000002 0.000226 0.000000
0.646427 0.340935 0.007830 0.004550 0.000002 0.000255 0.000000
0.630589 0.355790 0.008467 0.004874 0.000002 0.000278 0.000000
0.618382 0.367105 0.008990 0.005219 0.000002 0.000302 0.000000
0.602390 0.382032 0.009646 0.005597 0.000002 0.000334 0.000000
0.587106 0.396231 0.010316 0.005972 0.000002 0.000374 0.000000
0.573008 0.409228 0.011020 0.006336 0.000002 0.000406 0.000000
0.554983 0.425929 0.011829 0.006811 0.000003 0.000446 0.000000
0.544736 0.435268 0.012398 0.007121 0.000003 0.000474 0.000000
0.528260 0.450372 0.013244 0.007597 0.000004 0.000523 0.000000
0.514909 0.462465 0.014011 0.008042 0.000005 0.000568 0.000000
0.505031 0.471273 0.014685 0.008386 0.000005 0.000620 0.000000
0.489610 0.485165 0.015631 0.008915 0.000006 0.000673 0.000000
0.477940 0.495407 0.016448 0.009469 0.000007 0.000728 0.000000
0.469038 0.503286 0.017089 0.009808 0.000008 0.000772 0.000000
0.454169 0.516500 0.018107 0.010372 0.000008 0.000845 0.000000
0.443365 0.525810 0.019019 0.010876 0.000009 0.000921 0.000000
0.433357 0.534426 0.019864 0.011377 0.000010 0.000967 0.000000
0.424107 0.542282 0.020725 0.011828 0.000010 0.001048 0.000000
0.411846 0.552938 0.021648 0.012432 0.000011 0.001125 0.000000
0.400800 0.562262 0.022698 0.013010 0.000012 0.001217 0.000000
0.389368 0.571827 0.023837 0.013644 0.000012 0.001312 0.000000
0.378536 0.580754 0.025011 0.014283 0.000014 0.001402 0.000000
0.368063 0.589662 0.025965 0.014796 0.000014 0.001499 0.000000
0.360032 0.595888 0.027048 0.015428 0.000016 0.001587 0.000000
0.347767 0.605990 0.028337 0.016202 0.000017 0.001687 0.000000
0.342125 0.610051 0.029295 0.016725 0.000019 0.001785 0.000000
0.337595 0.613526 0.029873 0.017126 0.000020 0.001861 0.000000
0.325608 0.622939 0.031394 0.018020 0.000023 0.002015 0.000000
0.317300 0.629132 0.032623 0.018766 0.000023 0.002156 0.000000
0.307522 0.636668 0.034028 0.019483 0.000025 0.002274 0.000000
0.301430 0.640854 0.035143 0.020114 0.000030 0.002430 0.000000
0.294658 0.645767 0.036263 0.020737 0.000030 0.002545 0.000000
0.287088 0.650722 0.037792 0.021628 0.000030 0.002741 0.000000
0.280280 0.655408 0.039021 0.022371 0.000032 0.002888 0.000000
0.277759 0.656499 0.039898 0.022825 0.000032 0.002987 0.000000
0.271932 0.659531 0.041541 0.023754 0.000032 0.003209 0.000000
0.265840 0.663470 0.042787 0.024489 0.000031 0.003382 0.000000
0.265813 0.662406 0.043415 0.024841 0.000037 0.003488 0.000000
0.259773 0.665972 0.044926 0.025610 0.000038 0.003681 0.000000
0.258137 0.665927 0.045907 0.026164 0.000038 0.003827 0.000000
0.257219 0.665376 0.046745 0.026673 0.000043 0.003943 0.000000
0.251994 0.668513 0.048036 0.027282 0.000043 0.004134 0.000000
0.246002 0.671834 0.049552 0.028146 0.000042 0.004424 0.000000
0.238461 0.676999 0.051034 0.028868 0.000041 0.004596 0.000000
0.233815 0.679355 0.052347 0.029673 0.000046 0.004763 0.000000
0.229989 0.681249 0.053483 0.030205 0.000051 0.005024 0.000000
0.229655 0.679351 0.054705 0.030938 0.000052 0.005298 0.000000
0.219253 0.685975 0.056899 0.032213 0.000054 0.005605 0.000000
0.222976 0.681447 0.057298 0.032484 0.000058 0.005737 0.000000
0.217877 0.684475 0.058491 0.033140 0.000060 0.005957 0.000000
0.213190 0.686400 0.060046 0.034025 0.000059 0.006279 0.000000
0.213667 0.684581 0.060809 0.034486 0.000068 0.006389 0.000000
0.212675 0.683289 0.062166 0.035151 0.000069 0.006651 0.000000
0.210441 0.684376 0.062799 0.035491 0.000071 0.006822 0.000000
0.204250 0.686945 0.064815 0.036658 0.000077 0.007255 0.000000
0.197976 0.690271 0.066498 0.037600 0.000081 0.007574 0.000000
0.193737 0.692524 0.067691 0.038232 0.000086 0.007730 0.000000
0.198585 0.686780 0.068117 0.038532 0.000085 0.007901 0.000000
0.191732 0.690494 0.069881 0.039504 0.000087 0.008302 0.000000
0.191753 0.689703 0.070314 0.039732 0.000087 0.008411 0.000000
0.181448 0.695518 0.072768 0.041277 0.000087 0.008901 0.000000
0.174539 0.698612 0.074880 0.042508 0.000092 0.009370 0.000000
0.173288 0.698292 0.075737 0.042978 0.000103 0.009602 0.000000
0.172172 0.697708 0.076638 0.043573 0.000100 0.009808 0.000000
0.166450 0.699054 0.079176 0.044824 0.000113 0.010383 0.000000
0.164821 0.698736 0.080214 0.045504 0.000107 0.010618 0.000000
0.169325 0.692879 0.080856 0.045873 0.000113 0.010953 0.000000
0.166037 0.693442 0.082321 0.046776 0.000118 0.011306 0.000000
0.166099 0.691743 0.083200 0.047262 0.000127 0.011567 0.000000
0.159347 0.694144 0.085649 0.048516 0.000132 0.012213 0.000000
0.157315 0.694296 0.086613 0.049157 0.000134 0.012484 0.000000
0.157292 0.692094 0.087751 0.049847 0.000136 0.012879 0.000001
0.156649 0.691313 0.088469 0.050271 0.000146 0.013151 0.000001
0.146711 0.695939 0.091482 0.051878 0.000154 0.013835 0.000001
0.145789 0.694430 0.092758 0.052658 0.000154 0.014210 0.000001
0.151082 0.690478 0.091901 0.052219 0.000162 0.014157 0.000001
0.146293 0.691501 0.093929 0.053446 0.000157 0.014674 0.000001
0.139680 0.693731 0.096245 0.054816 0.000173 0.015354 0.000001
0.140901 0.690795 0.097192 0.055294 0.000173 0.015645 0.000000
0.141284 0.688734 0.098027 0.055803 0.000175 0.015976 0.000001
0.143028 0.686506 0.098167 0.055932 0.000188 0.016179 0.000000
0.141686 0.685323 0.099525 0.056659 0.000184 0.016622 0.000000
0.133027 0.688782 0.102336 0.058263 0.000196 0.017395 0.000001
0.135478 0.685839 0.102489 0.058390 0.000197 0.017607 0.000001
0.123323 0.691613 0.105977 0.060360 0.000210 0.018516 0.000001
0.122621 0.690268 0.106969 0.061004 0.000210 0.018928 0.000001
0.122012 0.688219 0.108446 0.061690 0.000213 0.019418 0.000000
0.121315 0.686504 0.109556 0.062450 0.000220 0.019954 0.000001
0.118600 0.686319 0.111265 0.063150 0.000233 0.020432 0.000001
0.121360 0.683686 0.110849 0.063249 0.000229 0.020627 0.000001
0.116502 0.683667 0.113410 0.064838 0.000238 0.021345 0.000001
0.114070 0.683402 0.115047 0.065330 0.000250 0.021900 0.000002
0.107150 0.684698 0.117833 0.067132 0.000264 0.022922 0.000001
0.105170 0.685450 0.118566 0.067438 0.000263 0.023110 0.000002
0.108272 0.680690 0.119340 0.067840 0.000260 0.023597 0.000001
0.101115 0.684860 0.120722 0.069014 0.000272 0.024015 0.000002
0.098087 0.684266 0.122566 0.070000 0.000282 0.024797 0.000002
0.094791 0.684216 0.124436 0.070973 0.000294 0.025287 0.000003
0.095221 0.680426 0.126068 0.071837 0.000302 0.026145 0.000001
0.088876 0.683030 0.127924 0.073026 0.000312 0.026831 0.000002
0.089906 0.681004 0.128598 0.073189 0.000299 0.027001 0.000002
0.086248 0.680445 0.130640 0.074429 0.000328 0.027908 0.000002
0.086613 0.677534 0.131739 0.075110 0.000330 0.028672 0.000002
0.086703 0.674896 0.132969 0.076033 0.000322 0.029075 0.000003
0.089747 0.671691 0.133127 0.075781 0.000334 0.029317 0.000003
0.081851 0.673192 0.136388 0.077605 0.000359 0.030602 0.000004
0.078648 0.674387 0.137127 0.078443 0.000350 0.031042 0.000003
0.081306 0.670239 0.137924 0.078692 0.000358 0.031477 0.000004
0.078727 0.668368 0.140207 0.080009 0.000377 0.032309 0.000003
0.076759 0.666734 0.142099 0.080867 0.000381 0.033157 0.000003
0.077351 0.664755 0.142529 0.081468 0.000377 0.033516 0.000005
0.074300 0.664220 0.144437 0.082305 0.000393 0.034341 0.000004
0.076844 0.661407 0.144453 0.082372 0.000389 0.034530 0.000005
0.071451 0.660964 0.147430 0.083968 0.000408 0.035774 0.000005
0.071156 0.662143 0.146773 0.083630 0.000414 0.035880 0.000004
0.065338 0.661426 0.150106 0.085630 0.000428 0.037067 0.000004
0.062894 0.661052 0.151414 0.086320 0.000418 0.037898 0.000004
0.062823 0.658194 0.152827 0.087087 0.000434 0.038630 0.000006
0.059384 0.658191 0.154320 0.088196 0.000447 0.039459 0.000004
0.056006 0.658482 0.155934 0.089025 0.000460 0.040089 0.000005
0.056188 0.656189 0.156794 0.089643 0.000454 0.040727 0.000005
0.053281 0.655255 0.158664 0.090596 0.000463 0.041736 0.000004
0.049870 0.653728 0.161109 0.091924 0.000470 0.042895 0.000004
0.049116 0.652937 0.161752 0.092363 0.000489 0.043338 0.000004
0.047745 0.650978 0.163299 0.093161 0.000489 0.044323 0.000005
0.044680 0.651612 0.164595 0.093682 0.000493 0.044933 0.000006
0.043836 0.649140 0.166067 0.094579 0.000504 0.045867 0.000007
0.039465 0.648703 0.168349 0.095902 0.000536 0.047040 0.000006
0.038746 0.646929 0.169418 0.096699 0.000543 0.047659 0.000006
0.037776 0.644607 0.170912 0.097368 0.000552 0.048780 0.000005
0.035058 0.643154 0.172890 0.098570 0.000559 0.049763 0.000006
0.035132 0.642406 0.173114 0.098791 0.000561 0.049987 0.000008
0.034075 0.639440 0.175018 0.099642 0.000571 0.051246 0.000008
0.032851 0.637908 0.176365 0.100334 0.000582 0.051953 0.000007
0.030246 0.634748 0.178820 0.102089 0.000606 0.053481 0.000009
0.030920 0.633197 0.179075 0.102233 0.000628 0.053940 0.000008
0.029985 0.632114 0.180041 0.102816 0.000614 0.054422 0.000007
0.028642 0.629809 0.181822 0.103592 0.000631 0.055496 0.000008
0.028366 0.627296 0.182797 0.104398 0.000637 0.056498 0.000008
0.027465 0.625793 0.184238 0.104889 0.000645 0.056963 0.000007
0.026246 0.623344 0.185588 0.105972 0.000635 0.058204 0.000009
0.025476 0.619271 0.187826 0.107112 0.000661 0.059644 0.000009
0.025686 0.619188 0.187548 0.106972 0.000667 0.059929 0.000011
0.024244 0.615941 0.189562 0.108372 0.000680 0.061194 0.000007
0.024572 0.615181 0.189620 0.108449 0.000676 0.061494 0.000008
0.024083 0.610643 0.191862 0.109576 0.000689 0.063139 0.000009
0.023714 0.610501 0.192020 0.109685 0.000707 0.063364 0.000009
0.023154 0.606916 0.193862 0.110625 0.000718 0.064718 0.000008
0.022762 0.605106 0.194534 0.111285 0.000728 0.065577 0.000010
0.022529 0.602867 0.195635 0.111741 0.000739 0.066478 0.000010
0.021775 0.600332 0.197003 0.112593 0.000758 0.067529 0.000010
0.021981 0.598636 0.197715 0.112838 0.000779 0.068041 0.000011
0.021175 0.595661 0.199411 0.113648 0.000781 0.069316 0.000009
0.021122 0.595323 0.199522 0.113727 0.000779 0.069518 0.000009
0.020602 0.591543 0.201270 0.114649 0.000833 0.071093 0.000010
0.020636 0.590467 0.201503 0.115112 0.000838 0.071434 0.000011
0.020231 0.588250 0.202650 0.115545 0.000859 0.072454 0.000011
0.020232 0.585657 0.203684 0.116125 0.000854 0.073438 0.000010
0.019792 0.583152 0.205001 0.116737 0.000852 0.074454 0.000012
0.019303 0.580852 0.205995 0.117613 0.000883 0.075342 0.000011
0.019582 0.579767 0.206272 0.117598 0.000893 0.075880 0.000008
0.018901 0.576034 0.208186 0.118524 0.000897 0.077446 0.000012
0.019188 0.574999 0.208277 0.118643 0.000910 0.077975 0.000008
0.019006 0.572545 0.209032 0.119445 0.000932 0.079029 0.000010
0.018739 0.570945 0.210117 0.119732 0.000925 0.079534 0.000008
0.018289 0.567654 0.211288 0.120602 0.000928 0.081229 0.000011
0.018446 0.567793 0.211323 0.120376 0.000939 0.081112 0.000011
0.018413 0.565579 0.211960 0.120919 0.000953 0.082163 0.000013
0.018060 0.561692 0.213813 0.121856 0.000964 0.083602 0.000013
0.017674 0.559404 0.214908 0.122561 0.000961 0.084481 0.000011
0.017680 0.559154 0.215171 0.122269 0.000942 0.084769 0.000014
0.017528 0.556712 0.215919 0.122850 0.000984 0.085994 0.000013
0.017303 0.553651 0.217273 0.123497 0.000996 0.087265 0.000015
0.017507 0.552266 0.217342 0.123880 0.001019 0.087971 0.000015
0.017120 0.550349 0.218227 0.124394 0.001037 0.088861 0.000012
0.017140 0.547093 0.219572 0.124899 0.001040 0.090242 0.000016
0.016857 0.546338 0.220194 0.124977 0.001014 0.090605 0.000015
0.017012 0.546368 0.219727 0.124821 0.001028 0.091029 0.000014
0.016684 0.542736 0.221236 0.125824 0.001068 0.092442 0.000011
0.016673 0.540029 0.222215 0.126309 0.001057 0.093702 0.000016
0.016715 0.539031 0.222370 0.126545 0.001059 0.094267 0.000014
0.016257 0.535239 0.224118 0.127458 0.001072 0.095843 0.000013
0.016261 0.534580 0.224178 0.127732 0.001098 0.096133 0.000017
0.016144 0.531674 0.225557 0.128123 0.001114 0.097372 0.000015
0.016219 0.530314 0.225984 0.128215 0.001133 0.098119 0.000015
0.015962 0.527730 0.226743 0.128820 0.001127 0.099599 0.000020
0.016000 0.525667 0.227451 0.129278 0.001129 0.100460 0.000014
0.015842 0.523972 0.228012 0.129461 0.001134 0.101561 0.000017
0.015730 0.521501 0.228654 0.130205 0.001158 0.102737 0.000015
0.015846 0.522244 0.228381 0.129741 0.001131 0.102638 0.000019
0.015650 0.518717 0.229812 0.130326 0.001169 0.104312 0.000015
0.015353 0.516478 0.230438 0.130949 0.001188 0.105580 0.000015
0.015440 0.513429 0.231751 0.131283 0.001162 0.106914 0.000021
0.015259 0.513313 0.231662 0.131277 0.001183 0.107287 0.000019
0.015312 0.511820 0.231971 0.131727 0.001216 0.107938 0.000015
0.015070 0.509759 0.232765 0.132136 0.001239 0.109013 0.000018
0.015291 0.506522 0.233940 0.132529 0.001223 0.110477 0.000017
0.015160 0.506162 0.233801 0.132567 0.001242 0.111052 0.000015
0.015019 0.502656 0.234918 0.133429 0.001264 0.112697 0.000017
0.015024 0.502535 0.235222 0.133055 0.001280 0.112867 0.000017
0.014764 0.498107 0.236412 0.134207 0.001256 0.115235 0.000018
0.014735 0.498919 0.236556 0.133792 0.001282 0.114699 0.000017
0.014760 0.496323 0.237345 0.134081 0.001314 0.116159 0.000017
0.014701 0.493953 0.238076 0.134538 0.001287 0.117424 0.000021
0.014792 0.494674 0.237605 0.134337 0.001301 0.117273 0.000017
0.014663 0.491434 0.238685 0.135152 0.001342 0.118708 0.000017
0.014347 0.487721 0.240195 0.135550 0.001341 0.120828 0.000018
0.014418 0.486563 0.239947 0.136095 0.001361 0.121598 0.000017
0.014359 0.484661 0.240896 0.136115 0.001382 0.122567 0.000020
0.014425 0.483107 0.241312 0.136475 0.001342 0.123323 0.000016
0.014293 0.481787 0.241448 0.136766 0.001346 0.124342 0.000019
0.014270 0.481207 0.241610 0.136703 0.001387 0.124804 0.000019
0.014243 0.478864 0.242285 0.137179 0.001418 0.125992 0.000019
0.014171 0.478677 0.242368 0.137286 0.001407 0.126072 0.000018
0.014012 0.474162 0.243553 0.138191 0.001419 0.128643 0.000020
0.013945 0.472999 0.244026 0.138319 0.001438 0.129252 0.000021
0.014008 0.471020 0.244493 0.138502 0.001435 0.130520 0.000021
0.014093 0.469745 0.244732 0.138703 0.001480 0.131226 0.000019
0.013907 0.468624 0.245373 0.138855 0.001453 0.131768 0.000020
0.013871 0.465211 0.246106 0.139557 0.001468 0.133769 0.000019
0.013903 0.464708 0.246384 0.139269 0.001494 0.134223 0.000020
0.013763 0.462864 0.246698 0.139664 0.001496 0.135495 0.000020
0.013844 0.460424 0.247343 0.140283 0.001503 0.136581 0.000022
0.013837 0.458807 0.247941 0.140169 0.001547 0.137674 0.000025
0.013630 0.456634 0.248441 0.140630 0.001545 0.139100 0.000021
0.013832 0.455104 0.248792 0.140695 0.001522 0.140034 0.000022
0.013609 0.453398 0.249299 0.141012 0.001576 0.141083 0.000022
0.013654 0.453249 0.249457 0.140855 0.001541 0.141218 0.000025
0.013578 0.450205 0.250201 0.141432 0.001556 0.143006 0.000022
0.013425 0.448441 0.250351 0.141729 0.001568 0.144466 0.000022
0.013410 0.446162 0.250844 0.142210 0.001587 0.145760 0.000026
0.013664 0.446631 0.251008 0.141914 0.001577 0.145186 0.000020
0.013626 0.445135 0.251230 0.142155 0.001603 0.146226 0.000025
0.013505 0.442977 0.251546 0.142677 0.001634 0.147640 0.000021
0.013308 0.440919 0.252435 0.142669 0.001649 0.148998 0.000022
0.013495 0.439565 0.252688 0.142891 0.001658 0.149679 0.000023
0.013209 0.438782 0.252778 0.142887 0.001652 0.150669 0.000023
0.013210 0.436126 0.253244 0.143514 0.001650 0.152234 0.000022
0.013268 0.433291 0.254238 0.143949 0.001662 0.153568 0.000024
0.013142 0.432431 0.254297 0.143760 0.001702 0.154645 0.000023
0.013316 0.429519 0.254995 0.144212 0.001704 0.156233 0.000021
0.013308 0.429026 0.254974 0.144206 0.001712 0.156754 0.000020
0.013149 0.427870 0.255098 0.144388 0.001745 0.157727 0.000024
0.013323 0.425722 0.255682 0.144806 0.001723 0.158722 0.000022
0.013214 0.424243 0.256273 0.144835 0.001748 0.159662 0.000024
0.013237 0.423207 0.256150 0.144985 0.001720 0.160679 0.000023
0.013054 0.422368 0.256515 0.145000 0.001736 0.161304 0.000023
0.013230 0.420945 0.256465 0.145154 0.001789 0.162392 0.000025
0.013109 0.419022 0.256828 0.145528 0.001799 0.163691 0.000024
0.012947 0.417272 0.257270 0.145645 0.001834 0.165009 0.000023
0.013054 0.414884 0.257650 0.146012 0.001826 0.166548 0.000024
0.013073 0.413951 0.258089 0.145914 0.001845 0.167107 0.000022
0.013222 0.412885 0.258041 0.146013 0.001859 0.167954 0.000025
0.013232 0.411435 0.258542 0.146142 0.001814 0.168806 0.000029
0.012871 0.409322 0.259084 0.146627 0.001853 0.170222 0.000022
0.012808 0.408596 0.259221 0.146308 0.001875 0.171169 0.000021
0.013472 0.405412 0.259414 0.146865 0.001871 0.172938 0.000027
0.028199 0.399702 0.254744 0.144585 0.001826 0.170921 0.000024
0.026637 0.399903 0.255143 0.144801 0.001847 0.171648 0.000022
0.028767 0.397345 0.255189 0.144429 0.001867 0.172378 0.000024
0.031096 0.394201 0.254491 0.144077 0.001910 0.174198 0.000027
0.029197 0.396957 0.254530 0.144283 0.001861 0.173150 0.000022
0.028539 0.395509 0.254883 0.144311 0.001902 0.174832 0.000024
0.026577 0.394455 0.255701 0.144925 0.001917 0.176400 0.000025
0.025972 0.391509 0.256492 0.145190 0.001979 0.178829 0.000029
0.025848 0.393132 0.256085 0.144886 0.001961 0.178062 0.000025
0.025593 0.392552 0.256197 0.144805 0.001959 0.178872 0.000023
0.023503 0.389596 0.257598 0.145951 0.002000 0.181324 0.000027
0.023210 0.390345 0.257282 0.145651 0.002013 0.181473 0.000026
0.021327 0.388670 0.258193 0.146194 0.002018 0.183573 0.000025
0.023002 0.388961 0.257064 0.145632 0.001991 0.183327 0.000022
0.021788 0.388048 0.257791 0.146083 0.002015 0.184253 0.000023
0.019771 0.386117 0.258908 0.146789 0.002035 0.186354 0.000025
0.018264 0.383993 0.260070 0.147298 0.002064 0.188284 0.000027
0.018802 0.384580 0.259246 0.146976 0.002028 0.188342 0.000026
0.017750 0.381439 0.260375 0.147620 0.002076 0.190714 0.000027
0.017696 0.382520 0.259989 0.147315 0.002056 0.190396 0.000028
0.018617 0.381369 0.259459 0.147222 0.002087 0.191213 0.000032
0.015624 0.377490 0.261775 0.148635 0.002095 0.194348 0.000033
0.015526 0.376285 0.261711 0.148579 0.002124 0.195746 0.000029
0.016553 0.375863 0.261101 0.148258 0.002135 0.196059 0.000031
0.015556 0.375502 0.261902 0.148420 0.002139 0.196453 0.000029
0.015918 0.373284 0.262345 0.148455 0.002178 0.197792 0.000029
0.015530 0.372567 0.262048 0.148495 0.002184 0.199147 0.000030
0.014732 0.370582 0.263127 0.149087 0.002174 0.200267 0.000030
0.013996 0.367857 0.264059 0.149426 0.002198 0.202431 0.000035
0.014680 0.367123 0.263696 0.149255 0.002200 0.203020 0.000026
0.013706 0.364970 0.264550 0.149862 0.002232 0.204648 0.000032
0.013452 0.363276 0.264685 0.150137 0.002244 0.206172 0.000034
0.013636 0.363312 0.264537 0.149803 0.002247 0.206429 0.000037
0.013898 0.362677 0.263967 0.149948 0.002252 0.207221 0.000037
0.013704 0.360995 0.264453 0.150147 0.002262 0.208403 0.000036
0.013656 0.358715 0.264996 0.150372 0.002297 0.209930 0.000034
0.013176 0.357567 0.265635 0.150270 0.002269 0.211045 0.000038
0.013536 0.355660 0.265755 0.150471 0.002258 0.212280 0.000039
0.013863 0.357130 0.264385 0.150065 0.002274 0.212249 0.000034
0.013179 0.353160 0.265703 0.150779 0.002371 0.214773 0.000034
0.013127 0.351085 0.266175 0.150846 0.002344 0.216382 0.000042
0.013439 0.352031 0.265807 0.150643 0.002309 0.215730 0.000039
0.013415 0.349995 0.266038 0.150882 0.002361 0.217270 0.000041
0.013181 0.348298 0.266132 0.150985 0.002360 0.219009 0.000036
0.013145 0.348038 0.266041 0.150825 0.002376 0.219537 0.000038
0.013182 0.346948 0.266074 0.150853 0.002392 0.220512 0.000038
0.013474 0.345249 0.266193 0.150888 0.002433 0.221723 0.000040
0.013159 0.344202 0.266745 0.150941 0.002383 0.222524 0.000045
0.012871 0.341195 0.266966 0.151783 0.002456 0.224689 0.000040
0.013274 0.342182 0.266341 0.151104 0.002418 0.224639 0.000042
0.013202 0.339608 0.266759 0.151488 0.002464 0.226440 0.000039
0.013310 0.339401 0.266260 0.151311 0.002444 0.227234 0.000040
0.013015 0.338037 0.266975 0.151646 0.002469 0.227819 0.000040
0.012857 0.336460 0.267275 0.151593 0.002445 0.229332 0.000039
0.013263 0.335716 0.266802 0.151466 0.002526 0.230187 0.000040
0.013154 0.334531 0.266962 0.151538 0.002509 0.231258 0.000047
0.012954 0.332822 0.267460 0.151904 0.002479 0.232340 0.000041
0.013004 0.332139 0.267130 0.151803 0.002536 0.233346 0.000042
0.013253 0.330732 0.267568 0.151762 0.002519 0.234121 0.000045
0.013101 0.328153 0.267452 0.152081 0.002553 0.236619 0.000041
0.012926 0.328318 0.267615 0.152122 0.002561 0.236420 0.000039
0.012942 0.327044 0.267659 0.152045 0.002582 0.237686 0.000042
0.013053 0.324369 0.268136 0.152021 0.002640 0.239733 0.000048
0.012765 0.323601 0.268200 0.152031 0.002637 0.240722 0.000044
0.012745 0.322426 0.268296 0.152152 0.002616 0.241724 0.000040
0.013162 0.322532 0.267768 0.151832 0.002608 0.242051 0.000046
0.012830 0.320840 0.268214 0.152323 0.002618 0.243131 0.000044
0.012935 0.318379 0.268262 0.151990 0.002665 0.245728 0.000040
0.012962 0.318663 0.268193 0.152276 0.002680 0.245183 0.000043
0.013063 0.317793 0.268042 0.152143 0.002633 0.246281 0.000046
0.013276 0.315661 0.268316 0.152084 0.002710 0.247907 0.000045
0.013000 0.315011 0.268368 0.152338 0.002709 0.248528 0.000046
0.012988 0.312631 0.268560 0.152434 0.002735 0.250603 0.000049
0.012879 0.313763 0.267754 0.152212 0.002762 0.250578 0.000052
0.013156 0.310718 0.268184 0.152605 0.002739 0.252553 0.000045
0.013059 0.310055 0.268310 0.152471 0.002761 0.253301 0.000043
0.013003 0.309114 0.268200 0.152569 0.002784 0.254279 0.000050
0.013001 0.307682 0.268358 0.152571 0.002777 0.255562 0.000050
0.013118 0.307588 0.268287 0.151953 0.002789 0.256218 0.000048
0.013140 0.307087 0.268054 0.151954 0.002776 0.256935 0.000054
0.013022 0.305402 0.268438 0.152287 0.002817 0.257981 0.000052
0.013210 0.303815 0.268436 0.152419 0.002826 0.259239 0.000054
0.013243 0.302778 0.268493 0.152207 0.002839 0.260392 0.000048
0.013243 0.301100 0.268543 0.151954 0.002834 0.262277 0.000050
0.013106 0.300389 0.268523 0.152157 0.002837 0.262942 0.000046
0.013268 0.299831 0.268416 0.152233 0.002867 0.263331 0.000052
0.013340 0.297662 0.268750 0.152158 0.002876 0.265158 0.000056
0.013050 0.298243 0.268239 0.152286 0.002864 0.265267 0.000051
0.013314 0.296192 0.268892 0.152156 0.002860 0.266535 0.000052
0.013334 0.295330 0.268488 0.152243 0.002913 0.267645 0.000047
0.013241 0.294373 0.268800 0.151988 0.002926 0.268620 0.000052
0.013349 0.292961 0.268621 0.151873 0.002937 0.270208 0.000051
0.013102 0.292447 0.268329 0.152116 0.002940 0.271011 0.000055
0.013308 0.290921 0.268299 0.152004 0.002971 0.272444 0.000053
0.013401 0.289288 0.268107 0.151937 0.002987 0.274228 0.000052
0.013434 0.289910 0.267729 0.151694 0.002984 0.274202 0.000046
0.013276 0.288893 0.267991 0.151965 0.002932 0.274893 0.000050
0.013490 0.287069 0.268216 0.152093 0.003032 0.276047 0.000053
0.013213 0.286061 0.268130 0.151959 0.003038 0.277542 0.000057
0.013494 0.285562 0.268226 0.152031 0.002975 0.277654 0.000057
0.013504 0.284171 0.268041 0.151727 0.003018 0.279487 0.000053
0.013442 0.283441 0.267807 0.151633 0.003024 0.280595 0.000057
0.013652 0.282312 0.267874 0.151422 0.003058 0.281623 0.000060
0.013452 0.281632 0.267905 0.151644 0.003056 0.282255 0.000055
0.013519 0.280261 0.267858 0.151624 0.003061 0.283620 0.000057
0.013604 0.278891 0.267607 0.151742 0.003053 0.285048 0.000055
0.013504 0.278032 0.267778 0.151699 0.003073 0.285859 0.000055
0.013540 0.278656 0.267409 0.151451 0.003070 0.285816 0.000058
0.013492 0.276737 0.267448 0.151414 0.003128 0.287722 0.000060
0.013666 0.275959 0.267154 0.151503 0.003107 0.288549 0.000062
0.013557 0.274588 0.267633 0.151393 0.003141 0.289623 0.000065
0.013713 0.274842 0.266824 0.151261 0.003086 0.290217 0.000056
0.013632 0.272129 0.267106 0.151326 0.003155 0.292595 0.000058
0.013704 0.271692 0.266903 0.151302 0.003167 0.293172 0.000060
0.013658 0.271040 0.266623 0.151344 0.003159 0.294112 0.000063
0.013677 0.269572 0.266741 0.151477 0.003143 0.295326 0.000064
0.013576 0.268754 0.267126 0.151000 0.003208 0.296279 0.000057
0.013624 0.268527 0.266927 0.151220 0.003177 0.296465 0.000061
0.013778 0.266583 0.266765 0.151115 0.003183 0.298513 0.000062
0.013788 0.266023 0.266237 0.151185 0.003243 0.299451 0.000072
0.013774 0.265327 0.266271 0.150831 0.003229 0.300499 0.000069
0.013678 0.264667 0.266176 0.150793 0.003260 0.301359 0.000068
0.013868 0.262944 0.266321 0.150813 0.003258 0.302728 0.000068
0.013885 0.262400 0.265767 0.150589 0.003237 0.304061 0.000062
0.013827 0.261677 0.265906 0.150772 0.003243 0.304505 0.000070
0.013882 0.261669 0.265717 0.150626 0.003239 0.304805 0.000064
0.013917 0.260581 0.265508 0.150445 0.003311 0.306174 0.000065
0.013957 0.260172 0.265612 0.150513 0.003272 0.306409 0.000064
0.013958 0.258575 0.265305 0.150592 0.003274 0.308227 0.000070
0.014063 0.256831 0.265353 0.150496 0.003264 0.309928 0.000064
0.014086 0.255750 0.265691 0.150222 0.003340 0.310843 0.000068
0.014076 0.255091 0.265301 0.150233 0.003348 0.311885 0.000065
0.013981 0.254705 0.265339 0.149925 0.003368 0.312606 0.000074
0.014115 0.253598 0.264830 0.150117 0.003344 0.313927 0.000069
0.014061 0.253551 0.265028 0.149581 0.003343 0.314364 0.000073
0.014159 0.251867 0.265173 0.150059 0.003352 0.315323 0.000067
0.014055 0.252249 0.264235 0.149742 0.003344 0.316303 0.000071
0.014228 0.250858 0.264753 0.149488 0.003389 0.317213 0.000071
0.014164 0.249883 0.264116 0.149746 0.003390 0.318623 0.000077
0.014142 0.248548 0.264093 0.149612 0.003424 0.320107 0.000073
0.014369 0.248228 0.263960 0.149513 0.003427 0.320426 0.000076
0.014272 0.246592 0.264159 0.149465 0.003433 0.322007 0.000071
0.014414 0.246460 0.264072 0.149477 0.003454 0.322048 0.000074
0.014487 0.245944 0.263540 0.149288 0.003412 0.323259 0.000071
0.014398 0.245151 0.263695 0.149285 0.003453 0.323954 0.000064
0.014419 0.243302 0.263407 0.149440 0.003495 0.325864 0.000073
0.014328 0.242843 0.263502 0.149334 0.003501 0.326422 0.000071
0.014242 0.242358 0.262968 0.149346 0.003480 0.327527 0.000079
0.014619 0.241504 0.262754 0.148961 0.003505 0.328581 0.000077
0.014599 0.240724 0.263138 0.149252 0.003493 0.328717 0.000078
0.014657 0.240581 0.262839 0.148776 0.003479 0.329590 0.000078
0.014375 0.239330 0.262739 0.148848 0.003551 0.331073 0.000084
0.014376 0.238450 0.262475 0.148981 0.003501 0.332131 0.000086
0.014566 0.237572 0.261902 0.148735 0.003523 0.333621 0.000081
0.014211 0.236458 0.262244 0.148770 0.003574 0.334663 0.000080
0.014659 0.235384 0.261628 0.148430 0.003588 0.336230 0.000080
0.014744 0.234139 0.261736 0.148332 0.003577 0.337385 0.000087
0.014608 0.234440 0.261513 0.148140 0.003564 0.337653 0.000082
0.014472 0.234658 0.260988 0.148258 0.003535 0.338003 0.000087
0.014602 0.233477 0.261116 0.147747 0.003545 0.339429 0.000084
0.014668 0.233125 0.261089 0.147968 0.003564 0.339502 0.000084
0.014789 0.232108 0.260351 0.147705 0.003592 0.341374 0.000082
0.014835 0.230897 0.260881 0.147733 0.003594 0.341978 0.000083
0.014512 0.229989 0.260615 0.147776 0.003664 0.343351 0.000092
0.014735 0.228035 0.260419 0.147557 0.003619 0.345556 0.000079
0.014686 0.228180 0.260368 0.147766 0.003613 0.345312 0.000076
0.014761 0.228244 0.259961 0.147472 0.003606 0.345867 0.000089
0.015024 0.226874 0.259559 0.147569 0.003630 0.347258 0.000087
0.014884 0.226540 0.259411 0.147359 0.003627 0.348091 0.000087
0.014861 0.224926 0.259111 0.147411 0.003692 0.349905 0.000094
0.015033 0.224295 0.259106 0.147107 0.003632 0.350749 0.000079
0.015012 0.223717 0.259154 0.146939 0.003687 0.351402 0.000089
0.015204 0.223296 0.258917 0.146682 0.003660 0.352144 0.000097
0.015077 0.221953 0.258663 0.146677 0.003651 0.353883 0.000095
0.015271 0.221382 0.258676 0.146373 0.003739 0.354468 0.000090
0.015117 0.221815 0.258020 0.146452 0.003653 0.354855 0.000089
0.015224 0.220828 0.258031 0.146454 0.003685 0.355686 0.000092
0.015215 0.219456 0.257896 0.146245 0.003689 0.357404 0.000094
0.015249 0.219749 0.257841 0.146319 0.003694 0.357053 0.000094
0.015361 0.217813 0.257525 0.146205 0.003711 0.359286 0.000100
0.015359 0.216770 0.257142 0.146268 0.003732 0.360634 0.000095
0.015290 0.216964 0.257339 0.146230 0.003772 0.360308 0.000096
0.015606 0.215776 0.257009 0.145559 0.003693 0.362263 0.000094
0.015563 0.214802 0.256605 0.145473 0.003716 0.363743 0.000097
0.015295 0.214659 0.256923 0.145588 0.003729 0.363708 0.000097
0.015293 0.214218 0.256293 0.145315 0.003756 0.365032 0.000092
0.015541 0.212694 0.256142 0.144996 0.003734 0.366796 0.000097
0.015439 0.212191 0.255661 0.145342 0.003822 0.367441 0.000103
0.015733 0.211945 0.255844 0.144927 0.003747 0.367704 0.000101
0.015635 0.211426 0.255421 0.145234 0.003788 0.368394 0.000101
0.015581 0.210834 0.255517 0.144918 0.003786 0.369256 0.000107
0.015511 0.209754 0.254950 0.144641 0.003800 0.371240 0.000104
0.015477 0.209714 0.254965 0.144494 0.003785 0.371470 0.000095
0.016360 0.208847 0.254447 0.144261 0.003770 0.372213 0.000100
0.032310 0.207474 0.249027 0.141549 0.003703 0.365841 0.000095
0.034809 0.207741 0.248043 0.140337 0.003710 0.365264 0.000097
0.034480 0.208066 0.247505 0.140463 0.003722 0.365659 0.000106
0.028812 0.207537 0.248936 0.141298 0.003761 0.369552 0.000105
0.036146 0.210326 0.245740 0.139396 0.003727 0.364563 0.000102
0.030785 0.208650 0.247624 0.140156 0.003734 0.368947 0.000104
0.031310 0.209231 0.246705 0.140189 0.003754 0.368709 0.000101
0.028338 0.208630 0.247557 0.140765 0.003793 0.370816 0.000101
0.029346 0.207913 0.246821 0.139713 0.003802 0.372294 0.000111
0.027647 0.209089 0.247246 0.139779 0.003776 0.372365 0.000097
0.029421 0.209733 0.245212 0.138959 0.003767 0.372804 0.000105
0.024787 0.207900 0.247263 0.140626 0.003786 0.375534 0.000104
0.023679 0.207177 0.247467 0.140829 0.003870 0.376877 0.000100
0.026149 0.209299 0.245948 0.139343 0.003822 0.375335 0.000105
0.024724 0.208041 0.246079 0.139430 0.003865 0.377762 0.000100
0.020395 0.204410 0.248349 0.140935 0.003888 0.381921 0.000102
0.021013 0.204466 0.247595 0.140489 0.003875 0.382449 0.000113
0.020584 0.203374 0.247657 0.140673 0.003835 0.383771 0.000107
0.021792 0.205209 0.246473 0.140110 0.003862 0.382440 0.000113
0.020211 0.204267 0.246985 0.140597 0.003920 0.383907 0.000113
0.019785 0.202249 0.247031 0.140300 0.003952 0.386567 0.000116
0.019581 0.201453 0.247703 0.139940 0.003985 0.387229 0.000109
0.019527 0.200745 0.246826 0.139936 0.003985 0.388865 0.000117
0.018648 0.199709 0.247645 0.140275 0.003997 0.389612 0.000113
0.019293 0.199736 0.246169 0.140087 0.003930 0.390672 0.000114
0.018844 0.199081 0.246919 0.139835 0.003984 0.391220 0.000118
0.018782 0.197751 0.246522 0.139651 0.004027 0.393145 0.000121
0.018078 0.196841 0.246660 0.140074 0.004049 0.394177 0.000121
0.018593 0.198345 0.245594 0.139466 0.003996 0.393887 0.000119
0.018087 0.195137 0.246334 0.139668 0.004045 0.396619 0.000110
0.017644 0.193286 0.246013 0.140058 0.004025 0.398851 0.000123
0.017402 0.193195 0.246281 0.139889 0.004059 0.399048 0.000126
0.018010 0.195919 0.245454 0.139330 0.004019 0.397148 0.000120
0.017973 0.193554 0.244914 0.139125 0.004052 0.400253 0.000129
0.017602 0.192623 0.245384 0.139410 0.004068 0.400784 0.000130
0.017718 0.193224 0.244460 0.139216 0.004086 0.401173 0.000122
0.017188 0.190430 0.245493 0.139441 0.004054 0.403273 0.000121
0.017582 0.190113 0.244938 0.139213 0.004066 0.403969 0.000118
0.017818 0.192130 0.243960 0.138263 0.004019 0.403695 0.000116
0.017526 0.190252 0.243884 0.138589 0.004060 0.405564 0.000125
0.017256 0.187353 0.244946 0.138614 0.004083 0.407623 0.000125
0.016977 0.186873 0.244167 0.138721 0.004108 0.409034 0.000120
0.017321 0.187435 0.243808 0.138674 0.004081 0.408557 0.000123
0.017133 0.186424 0.244132 0.138423 0.004137 0.409631 0.000120
0.017414 0.186370 0.243422 0.138012 0.004129 0.410525 0.000128
0.017306 0.185533 0.243071 0.137920 0.004121 0.411919 0.000130
0.017460 0.183613 0.242908 0.137820 0.004160 0.413914 0.000125
0.017371 0.185475 0.242463 0.137568 0.004155 0.412838 0.000130
0.017406 0.183601 0.242317 0.137506 0.004163 0.414873 0.000135
0.017273 0.183418 0.242191 0.137310 0.004171 0.415513 0.000124
0.017252 0.181280 0.242524 0.137695 0.004197 0.416921 0.000130
0.017252 0.181304 0.241726 0.137299 0.004172 0.418122 0.000125
0.017287 0.181129 0.241869 0.137008 0.004210 0.418366 0.000131
0.017115 0.180306 0.241459 0.137404 0.004125 0.419458 0.000133
0.017717 0.180083 0.240526 0.136811 0.004206 0.420533 0.000123
0.017486 0.180934 0.241008 0.136549 0.004213 0.419677 0.000133
0.017388 0.178442 0.240912 0.136817 0.004261 0.422058 0.000122
0.017390 0.177543 0.240444 0.136679 0.004254 0.423566 0.000125
0.017789 0.178489 0.240033 0.136274 0.004223 0.423066 0.000126
0.017779 0.176226 0.240371 0.136403 0.004292 0.424799 0.000130
0.017538 0.177518 0.239842 0.135905 0.004290 0.424779 0.000128
0.017539 0.176001 0.239331 0.135908 0.004230 0.426861 0.000130
0.017539 0.173510 0.239617 0.136381 0.004286 0.428533 0.000135
0.017881 0.174424 0.239391 0.135726 0.004296 0.428153 0.000129
0.017882 0.174362 0.239063 0.135468 0.004304 0.428793 0.000129
0.017793 0.173298 0.238867 0.135716 0.004280 0.429913 0.000134
0.017678 0.172816 0.238511 0.135070 0.004266 0.431523 0.000136
0.017748 0.172774 0.238707 0.135211 0.004296 0.431123 0.000141
0.017811 0.173598 0.238267 0.134796 0.004302 0.431094 0.000133
0.017784 0.172255 0.237821 0.134796 0.004294 0.432911 0.000139
0.017855 0.171048 0.237209 0.134515 0.004316 0.434917 0.000141
0.018094 0.170548 0.237603 0.134601 0.004261 0.434762 0.000132
0.017718 0.169712 0.237092 0.134650 0.004360 0.436329 0.000139
0.018207 0.169633 0.236738 0.134436 0.004310 0.436532 0.000145
0.018419 0.168606 0.236191 0.134060 0.004297 0.438280 0.000146
0.018078 0.169205 0.236279 0.134038 0.004382 0.437878 0.000142
0.018292 0.168939 0.235784 0.133646 0.004347 0.438847 0.000144
0.018321 0.168478 0.235646 0.133680 0.004320 0.439411 0.000144
0.018228 0.166902 0.235643 0.133661 0.004407 0.441012 0.000147
0.018276 0.167471 0.235306 0.133279 0.004339 0.441191 0.000137
0.018280 0.165252 0.235251 0.133520 0.004388 0.443164 0.000145
0.018595 0.166430 0.234688 0.132914 0.004395 0.442838 0.000140
0.018567 0.166211 0.234366 0.132751 0.004397 0.443563 0.000145
0.018420 0.165171 0.234670 0.132544 0.004380 0.444660 0.000154
0.018336 0.164650 0.234117 0.132707 0.004387 0.445651 0.000152
0.018493 0.164715 0.233692 0.132635 0.004380 0.445930 0.000154
0.018574 0.166122 0.233252 0.132395 0.004374 0.445139 0.000144
0.018592 0.162940 0.233149 0.132128 0.004428 0.448610 0.000153
0.018646 0.162678 0.233515 0.132326 0.004433 0.448260 0.000142
0.018513 0.160753 0.232988 0.132451 0.004439 0.450704 0.000151
0.018685 0.160905 0.232352 0.132040 0.004392 0.451469 0.000155
0.018681 0.162884 0.232347 0.131707 0.004420 0.449807 0.000154
0.018893 0.161263 0.232152 0.131424 0.004461 0.451654 0.000153
0.018923 0.159473 0.232164 0.131602 0.004493 0.453192 0.000152
0.019026 0.159533 0.231326 0.131395 0.004489 0.454072 0.000159
0.018873 0.159356 0.231570 0.131319 0.004524 0.454215 0.000144
0.018749 0.158373 0.231585 0.130977 0.004476 0.455689 0.000151
0.018731 0.158534 0.230625 0.130885 0.004450 0.456621 0.000154
0.018771 0.157400 0.230222 0.130882 0.004486 0.458086 0.000153
0.018770 0.157002 0.230855 0.130790 0.004550 0.457874 0.000159
0.018847 0.156375 0.229575 0.130481 0.004517 0.460049 0.000157
0.019152 0.157730 0.229502 0.130466 0.004547 0.458463 0.000139
0.019173 0.155694 0.229597 0.129848 0.004468 0.461058 0.000162
0.019105 0.154536 0.229215 0.129967 0.004527 0.462489 0.000161
0.019037 0.155190 0.229177 0.130181 0.004495 0.461763 0.000157
0.019237 0.155500 0.228822 0.129901 0.004517 0.461862 0.000162
0.019059 0.153835 0.228451 0.129708 0.004527 0.464248 0.000173
0.019134 0.155179 0.228027 0.129513 0.004560 0.463434 0.000153
0.019140 0.153659 0.228213 0.129343 0.004579 0.464898 0.000169
0.019453 0.152201 0.227323 0.129134 0.004567 0.467155 0.000166
0.019189 0.153619 0.227564 0.128920 0.004553 0.466005 0.000151
0.019451 0.152923 0.227360 0.129001 0.004631 0.466465 0.000169
0.019407 0.151782 0.227305 0.128701 0.004522 0.468128 0.000155
0.019266 0.151593 0.226440 0.128558 0.004646 0.469325 0.000171
0.019603 0.151843 0.226266 0.128525 0.004529 0.469063 0.000171
0.019336 0.151352 0.225937 0.128047 0.004666 0.470489 0.000174
0.019563 0.150853 0.225635 0.127955 0.004586 0.471238 0.000170
0.019737 0.151160 0.225815 0.128123 0.004569 0.470432 0.000164
0.019605 0.150740 0.225311 0.127880 0.004593 0.471703 0.000168
0.019824 0.149722 0.224820 0.127733 0.004650 0.473085 0.000167
0.019562 0.148012 0.224503 0.127681 0.004632 0.475445 0.000165
0.019839 0.149030 0.224189 0.127164 0.004638 0.474975 0.000165
0.019670 0.147931 0.223968 0.127110 0.004662 0.476488 0.000171
0.020037 0.148660 0.223322 0.127052 0.004621 0.476136 0.000173
0.020137 0.146952 0.223419 0.126667 0.004658 0.477990 0.000177
0.019942 0.147941 0.223105 0.126875 0.004707 0.477249 0.000179
0.020066 0.147152 0.223018 0.126459 0.004658 0.478467 0.000180
0.020005 0.147363 0.222286 0.126384 0.004664 0.479120 0.000177
0.020308 0.146161 0.222130 0.126251 0.004659 0.480320 0.000171
0.020181 0.145271 0.222299 0.126088 0.004673 0.481311 0.000177
0.020172 0.146216 0.222192 0.125869 0.004730 0.480643 0.000177
0.020445 0.145199 0.221437 0.125745 0.004710 0.482286 0.000178
0.020726 0.144389 0.221346 0.125690 0.004712 0.482956 0.000180
0.020667 0.145264 0.220899 0.125846 0.004689 0.482465 0.000169
0.020242 0.143479 0.220906 0.125836 0.004694 0.484660 0.000184
0.020361 0.144015 0.220493 0.125333 0.004663 0.484962 0.000172
0.020564 0.142887 0.220682 0.125008 0.004720 0.485961 0.000179
0.020453 0.143255 0.220007 0.124965 0.004757 0.486389 0.000174
0.020694 0.141935 0.219748 0.124439 0.004767 0.488241 0.000177
0.020262 0.141759 0.219387 0.124626 0.004755 0.489024 0.000187
