0.999114 0.000860 0.000019 0.000007 0.000000 0.000000 0.000000
0.998669 0.001294 0.000026 0.000004 0.000000 0.000007 0.000000
0.998209 0.001743 0.000035 0.000006 0.000000 0.000007 0.000000
0.997774 0.002165 0.000043 0.000010 0.000000 0.000009 0.000000
0.997287 0.002642 0.000045 0.000017 0.000000 0.000010 0.000000
0.996619 0.003295 0.000057 0.000020 0.000000 0.000009 0.000000
0.996180 0.003724 0.000064 0.000022 0.000000 0.000010 0.000000
0.995565 0.004336 0.000065 0.000024 0.000000 0.000010 0.000000
0.994852 0.005044 0.000070 0.000024 0.000000 0.000009 0.000000
0.993817 0.006052 0.000077 0.000045 0.000000 0.000009 0.000000
0.992918 0.006939 0.000080 0.000053 0.000000 0.000009 0.000000
0.991276 0.008560 0.000105 0.000051 0.000000 0.000008 0.000000
0.989870 0.009934 0.000129 0.000059 0.000000 0.000007 0.000000
0.987744 0.012043 0.000133 0.000075 0.000000 0.000007 0.000000
0.985625 0.014110 0.000162 0.000098 0.000000 0.000006 0.000000
0.983427 0.016258 0.000195 0.000115 0.000000 0.000006 0.000000
0.979444 0.020140 0.000250 0.000162 0.000000 0.000005 0.000000
0.975696 0.023812 0.000285 0.000201 0.000000 0.000005 0.000000
0.972217 0.027176 0.000341 0.000262 0.000000 0.000004 0.000000
0.966624 0.032677 0.000404 0.000291 0.000000 0.000005 0.000000
0.962071 0.037102 0.000480 0.000341 0.000000 0.000005 0.000000
0.955456 0.043555 0.000597 0.000384 0.000000 0.000008 0.000000
0.948690 0.050125 0.000704 0.000473 0.000000 0.000007 0.000000
0.941454 0.057223 0.000813 0.000503 0.000000 0.000007 0.000000
0.932750 0.065758 0.000948 0.000537 0.000000 0.000006 0.000000
0.924982 0.073336 0.001093 0.000579 0.000000 0.000011 0.000000
0.915669 0.082434 0.001241 0.000641 0.000000 0.000014 0.000000
0.903349 0.094372 0.001482 0.000776 0.000000 0.000022 0.000000
0.891365 0.106007 0.001704 0.000898 0.000000 0.000027 0.000000
0.879990 0.117100 0.001888 0.000994 0.000000 0.000029 0.000000
0.865550 0.131108 0.002132 0.001175 0.000000 0.000035 0.000000
0.852068 0.144149 0.002426 0.001312 0.000000 0.000044 0.000000
0.839405 0.156370 0.002715 0.001462 0.000002 0.000047 0.000000
0.823850 0.171421 0.003046 0.001629 0.000002 0.000051 0.000000
0.807206 0.187425 0.003444 0.001861 0.000002 0.000061 0.000000
0.792015 0.202027 0.003793 0.002090 0.000003 0.000072 0.000000
0.774843 0.218526 0.004229 0.002316 0.000003 0.000083 0.000000
0.759577 0.233157 0.004632 0.002530 0.000003 0.000101 0.000000
0.742718 0.249312 0.005081 0.002768 0.000002 0.000118 0.000000
0.726317 0.264985 0.005517 0.003043 0.000003 0.000135 0.000000
0.711176 0.279402 0.005961 0.003297 0.000003 0.000162 0.000000
0.695107 0.294534 0.006541 0.003633 0.000003 0.000182 0.000000
0.679285 0.309564 0.006998 0.003937 0.000003 0.000212 0.000000
0.665004 0.323080 0.007464 0.004217 0.000003 0.000232 0.000000
0.648981 0.338163 0.008051 0.004549 0.000003 0.000253 0.000000
0.633571 0.352678 0.008590 0.004875 0.000004 0.000282 0.000000
0.618159 0.367083 0.009187 0.005251 0.000004 0.000316 0.000000
0.607650 0.376646 0.009755 0.005602 0.000003 0.000344 0.000000
0.592106 0.390984 0.010477 0.006037 0.000004 0.000392 0.000000
0.579840 0.402256 0.011102 0.006384 0.000004 0.000414 0.000000
0.566209 0.414834 0.011751 0.006734 0.000004 0.000467 0.000000
0.555792 0.424388 0.012261 0.007066 0.000004 0.000489 0.000000
0.541577 0.437306 0.013083 0.007502 0.000005 0.000527 0.000000
0.530361 0.447347 0.013806 0.007906 0.000008 0.000573 0.000000
0.522065 0.454635 0.014469 0.008225 0.000008 0.000598 0.000000
0.508507 0.466890 0.015251 0.008686 0.000008 0.000658 0.000000
0.504256 0.470202 0.015856 0.008984 0.000010 0.000691 0.000000
0.490687 0.482341 0.016729 0.009475 0.000012 0.000755 0.000000
0.478389 0.493422 0.017516 0.009859 0.000015 0.000800 0.000000
0.468958 0.501450 0.018404 0.010310 0.000015 0.000863 0.000000
0.459096 0.509887 0.019324 0.010754 0.000016 0.000923 0.000000
0.452232 0.515916 0.019830 0.011018 0.000014 0.000990 0.000000
0.439547 0.526877 0.020883 0.011620 0.000018 0.001056 0.000000
0.432269 0.533011 0.021575 0.012021 0.000018 0.001105 0.000000
0.421360 0.542483 0.022451 0.012492 0.000018 0.001196 0.000000
0.410588 0.551451 0.023564 0.013095 0.000019 0.001283 0.000000
0.402134 0.558483 0.024408 0.013610 0.000019 0.001345 0.000000
0.390649 0.568238 0.025482 0.014179 0.000021 0.001431 0.000000
0.382195 0.575189 0.026401 0.014668 0.000021 0.001526 0.000000
0.372943 0.582703 0.027404 0.015277 0.000022 0.001650 0.000000
0.359510 0.594160 0.028533 0.016017 0.000022 0.001757 0.000000
0.354359 0.597882 0.029439 0.016424 0.000023 0.001873 0.000000
0.347362 0.603463 0.030213 0.016961 0.000026 0.001975 0.000000
0.335423 0.613082 0.031631 0.017724 0.000028 0.002112 0.000000
0.329057 0.617719 0.032653 0.018349 0.000028 0.002195 0.000000
0.317315 0.626916 0.034188 0.019193 0.000031 0.002357 0.000000
0.311129 0.631363 0.035161 0.019817 0.000035 0.002495 0.000000
0.304328 0.636001 0.036489 0.020486 0.000037 0.002659 0.000000
0.300042 0.638685 0.037414 0.021044 0.000037 0.002778 0.000000
0.293344 0.643719 0.038461 0.021540 0.000041 0.002896 0.000000
0.282028 0.651667 0.040439 0.022700 0.000043 0.003124 0.000000
0.278857 0.653274 0.041338 0.023209 0.000044 0.003279 0.000000
0.275545 0.654815 0.042333 0.023831 0.000048 0.003428 0.000000
0.267774 0.660086 0.043747 0.024696 0.000048 0.003650 0.000000
0.260719 0.664963 0.045044 0.025398 0.000052 0.003823 0.000000
0.257104 0.666541 0.046187 0.026102 0.000056 0.004010 0.000000
0.252305 0.669435 0.047403 0.026666 0.000057 0.004134 0.000000
0.252402 0.667460 0.048432 0.027308 0.000062 0.004336 0.000000
0.250046 0.667754 0.049642 0.027942 0.000062 0.004553 0.000000
0.241935 0.673241 0.051156 0.028789 0.000068 0.004811 0.000000
0.234182 0.678096 0.052844 0.029747 0.000069 0.005062 0.000000
0.234861 0.675966 0.053652 0.030214 0.000070 0.005237 0.000000
0.227203 0.680941 0.055277 0.031049 0.000067 0.005463 0.000000
0.226478 0.679852 0.056289 0.031620 0.000072 0.005689 0.000000
0.224807 0.680000 0.057058 0.032213 0.000078 0.005843 0.000000
0.218830 0.683165 0.058635 0.033171 0.000080 0.006119 0.000000
0.215210 0.683793 0.060394 0.034142 0.000086 0.006375 0.000000
0.205975 0.689657 0.062310 0.035223 0.000087 0.006748 0.000000
0.205855 0.688464 0.063047 0.035642 0.000090 0.006903 0.000000
0.205530 0.687336 0.063829 0.036080 0.000094 0.007131 0.000000
0.200046 0.689497 0.065726 0.037139 0.000100 0.007492 0.000000
0.200736 0.687989 0.066125 0.037366 0.000097 0.007687 0.000000
0.195499 0.689830 0.067985 0.038532 0.000098 0.008056 0.000000
0.191014 0.692043 0.069338 0.039212 0.000108 0.008285 0.000000
0.184013 0.696013 0.071024 0.040163 0.000112 0.008675 0.000000
0.185264 0.693579 0.071567 0.040615 0.000114 0.008861 0.000000
0.179732 0.695339 0.073771 0.041764 0.000112 0.009282 0.000001
0.173080 0.698997 0.075364 0.042816 0.000121 0.009622 0.000001
0.170531 0.699172 0.076583 0.043537 0.000122 0.010053 0.000001
0.165516 0.701161 0.078356 0.044386 0.000126 0.010453 0.000001
0.165760 0.699098 0.079237 0.045029 0.000128 0.010747 0.000001
0.162304 0.699936 0.080740 0.045857 0.000130 0.011032 0.000001
0.157450 0.702158 0.082271 0.046647 0.000132 0.011341 0.000001
0.152460 0.703517 0.084278 0.047763 0.000133 0.011847 0.000001
0.150879 0.702676 0.085620 0.048453 0.000142 0.012229 0.000001
0.144962 0.705596 0.087104 0.049578 0.000145 0.012614 0.000001
0.145121 0.704049 0.087885 0.049946 0.000150 0.012849 0.000001
0.136829 0.707848 0.090309 0.051426 0.000156 0.013432 0.000001
0.133514 0.708164 0.091929 0.052304 0.000158 0.013930 0.000001
0.129581 0.708376 0.094008 0.053430 0.000163 0.014440 0.000002
0.129271 0.706970 0.094843 0.053986 0.000164 0.014764 0.000001
0.119858 0.711947 0.097310 0.055430 0.000178 0.015276 0.000002
0.121661 0.709759 0.097492 0.055431 0.000188 0.015469 0.000001
0.117023 0.709920 0.099830 0.056833 0.000196 0.016196 0.000001
0.120008 0.704764 0.101012 0.057471 0.000197 0.016545 0.000002
0.112898 0.707522 0.103371 0.058847 0.000201 0.017160 0.000001
0.113294 0.705385 0.104387 0.059259 0.000202 0.017470 0.000003
0.107391 0.707308 0.106685 0.060429 0.000217 0.017968 0.000003
0.102354 0.708078 0.108871 0.061696 0.000223 0.018775 0.000003
0.099383 0.708978 0.109956 0.062374 0.000236 0.019071 0.000002
0.104430 0.702834 0.110437 0.062661 0.000236 0.019400 0.000003
0.103030 0.700881 0.112168 0.063718 0.000242 0.019958 0.000002
0.097108 0.701080 0.115102 0.065461 0.000258 0.020989 0.000002
0.096591 0.700099 0.115919 0.065772 0.000259 0.021357 0.000003
0.092104 0.702646 0.116912 0.066375 0.000271 0.021689 0.000003
0.088397 0.700726 0.119957 0.067990 0.000283 0.022644 0.000002
0.090691 0.698909 0.119642 0.067662 0.000284 0.022810 0.000002
0.089914 0.696511 0.121174 0.068708 0.000286 0.023405 0.000002
0.085490 0.695594 0.124149 0.070240 0.000300 0.024224 0.000002
0.083200 0.694690 0.125788 0.071197 0.000315 0.024808 0.000002
0.083674 0.694145 0.125499 0.071325 0.000317 0.025037 0.000003
0.079857 0.694282 0.127746 0.072319 0.000309 0.025485 0.000001
0.081009 0.689927 0.129065 0.073259 0.000328 0.026409 0.000003
0.080618 0.687644 0.130632 0.073862 0.000326 0.026916 0.000002
0.076954 0.687078 0.132653 0.075150 0.000335 0.027828 0.000002
0.077580 0.684822 0.133429 0.075554 0.000344 0.028268 0.000003
0.072961 0.686172 0.135168 0.076567 0.000348 0.028782 0.000003
0.073601 0.683246 0.136252 0.077175 0.000344 0.029380 0.000003
0.069980 0.681597 0.138990 0.078701 0.000354 0.030374 0.000003
0.070575 0.680270 0.139295 0.078823 0.000355 0.030679 0.000002
0.067886 0.678921 0.141471 0.079978 0.000361 0.031381 0.000002
0.069787 0.675286 0.142157 0.080369 0.000371 0.032028 0.000002
0.066207 0.677129 0.142872 0.080889 0.000369 0.032530 0.000003
0.063083 0.675558 0.145418 0.082063 0.000393 0.033481 0.000003
0.057574 0.676862 0.147563 0.083352 0.000407 0.034238 0.000003
0.058023 0.674406 0.148379 0.083855 0.000403 0.034930 0.000004
0.056551 0.671560 0.150415 0.085100 0.000431 0.035940 0.000003
0.053079 0.671010 0.152454 0.086292 0.000430 0.036733 0.000002
0.052380 0.670976 0.152749 0.086441 0.000422 0.037029 0.000003
0.051519 0.670100 0.153541 0.086915 0.000435 0.037486 0.000004
0.046293 0.668127 0.157345 0.088888 0.000465 0.038879 0.000004
0.048116 0.664806 0.157934 0.089311 0.000472 0.039357 0.000003
0.050963 0.660729 0.158134 0.089598 0.000489 0.040084 0.000003
0.050021 0.658927 0.159447 0.090301 0.000494 0.040806 0.000005
0.052405 0.656952 0.159327 0.089973 0.000498 0.040841 0.000004
0.056702 0.650114 0.160360 0.090692 0.000497 0.041630 0.000005
0.059548 0.645491 0.161073 0.091062 0.000500 0.042319 0.000006
0.059590 0.643749 0.161825 0.091556 0.000518 0.042758 0.000005
0.060309 0.641150 0.162822 0.091993 0.000537 0.043184 0.000004
0.063139 0.637103 0.163139 0.092287 0.000527 0.043800 0.000004
0.063305 0.634954 0.164105 0.092708 0.000531 0.044393 0.000004
0.062326 0.632962 0.165315 0.093672 0.000543 0.045176 0.000006
0.061336 0.629909 0.167059 0.094619 0.000559 0.046512 0.000005
0.061341 0.629098 0.167231 0.094677 0.000554 0.047092 0.000005
0.051227 0.632490 0.170790 0.096534 0.000579 0.048376 0.000004
0.061646 0.625282 0.168672 0.095427 0.000574 0.048394 0.000005
0.057677 0.624778 0.170785 0.096710 0.000599 0.049446 0.000005
0.064768 0.617995 0.170176 0.096656 0.000604 0.049797 0.000005
0.061946 0.619506 0.170841 0.096760 0.000603 0.050338 0.000006
0.058434 0.618506 0.173109 0.097776 0.000615 0.051553 0.000006
0.053215 0.619632 0.175106 0.098990 0.000637 0.052411 0.000008
0.053670 0.615389 0.176432 0.100137 0.000638 0.053728 0.000006
0.049787 0.617197 0.177663 0.100475 0.000662 0.054208 0.000008
0.055270 0.612575 0.176975 0.100155 0.000654 0.054364 0.000009
0.050336 0.614182 0.178715 0.101040 0.000670 0.055051 0.000008
0.048565 0.612255 0.180240 0.102004 0.000672 0.056254 0.000009
0.044044 0.612197 0.182265 0.103328 0.000691 0.057468 0.000008
0.048249 0.608717 0.181672 0.103083 0.000703 0.057571 0.000006
0.043705 0.608266 0.183904 0.104353 0.000703 0.059061 0.000008
0.039587 0.608463 0.185773 0.105552 0.000723 0.059895 0.000007
0.041176 0.609126 0.184752 0.104720 0.000685 0.059535 0.000006
0.037822 0.604428 0.188396 0.106784 0.000751 0.061811 0.000007
0.036593 0.604788 0.188898 0.106826 0.000735 0.062152 0.000008
0.036164 0.603362 0.189700 0.107281 0.000752 0.062734 0.000008
0.034527 0.600803 0.191321 0.108361 0.000748 0.064233 0.000007
0.032438 0.598822 0.193057 0.109395 0.000767 0.065513 0.000008
0.031940 0.598185 0.193612 0.109544 0.000770 0.065941 0.000008
0.028909 0.596557 0.195670 0.110808 0.000805 0.067244 0.000007
0.027259 0.593880 0.197752 0.111879 0.000834 0.068389 0.000007
0.028141 0.593385 0.197194 0.111600 0.000824 0.068847 0.000008
0.026143 0.590573 0.199214 0.113039 0.000828 0.070196 0.000008
0.024662 0.590127 0.200100 0.113607 0.000834 0.070661 0.000008
0.024525 0.588843 0.200501 0.113844 0.000839 0.071439 0.000009
0.023608 0.584974 0.202667 0.114792 0.000875 0.073077 0.000008
0.022777 0.584222 0.203148 0.115376 0.000869 0.073600 0.000008
0.022255 0.582460 0.204201 0.115720 0.000884 0.074470 0.000009
0.021963 0.578429 0.205780 0.116703 0.000918 0.076200 0.000007
0.022273 0.579356 0.205084 0.116294 0.000924 0.076061 0.000009
0.021251 0.575872 0.207126 0.117336 0.000934 0.077473 0.000008
0.020305 0.574144 0.208397 0.118060 0.000942 0.078143 0.000008
0.020316 0.570727 0.209720 0.118608 0.000966 0.079654 0.000009
0.019634 0.568760 0.210590 0.119405 0.000966 0.080635 0.000010
0.019397 0.566604 0.211400 0.119971 0.000974 0.081643 0.000011
0.019419 0.565806 0.211786 0.120135 0.000976 0.081870 0.000008
0.018684 0.562067 0.213452 0.120996 0.001027 0.083763 0.000010
0.017905 0.559632 0.214834 0.121643 0.001025 0.084951 0.000011
0.018083 0.558005 0.215269 0.121963 0.001012 0.085656 0.000011
0.018273 0.558593 0.214656 0.121878 0.001022 0.085566 0.000012
0.017482 0.554702 0.216722 0.122710 0.001044 0.087328 0.000012
0.023859 0.548896 0.215969 0.122445 0.001050 0.087768 0.000013
0.029333 0.543445 0.215539 0.122410 0.001076 0.088187 0.000011
0.029109 0.542254 0.215970 0.122526 0.001103 0.089027 0.000012
0.026420 0.540968 0.217718 0.123429 0.001098 0.090355 0.000012
0.028942 0.537185 0.218011 0.123458 0.001123 0.091266 0.000015
0.023514 0.538062 0.219854 0.124762 0.001134 0.092661 0.000012
0.029547 0.534604 0.218489 0.123826 0.001115 0.092407 0.000013
0.027107 0.533888 0.219618 0.124775 0.001128 0.093472 0.000011
0.026514 0.530945 0.221035 0.125439 0.001127 0.094927 0.000013
0.028178 0.529918 0.220490 0.125143 0.001152 0.095108 0.000013
0.027766 0.527800 0.221320 0.125473 0.001167 0.096459 0.000015
0.025321 0.528487 0.222017 0.126209 0.001166 0.096789 0.000012
0.022124 0.526496 0.224198 0.127138 0.001202 0.098828 0.000014
0.024042 0.524286 0.223982 0.127035 0.001185 0.099457 0.000013
0.025049 0.524140 0.223192 0.126820 0.001199 0.099586 0.000013
0.021798 0.520176 0.226462 0.128400 0.001255 0.101896 0.000014
0.023351 0.519911 0.225383 0.127961 0.001221 0.102157 0.000016
0.020735 0.517465 0.227453 0.129056 0.001258 0.104017 0.000015
0.020521 0.517882 0.227281 0.128892 0.001228 0.104182 0.000015
0.021969 0.515329 0.227272 0.129112 0.001256 0.105046 0.000017
0.018956 0.514876 0.229078 0.129706 0.001285 0.106083 0.000016
0.018457 0.512323 0.230055 0.130267 0.001272 0.107611 0.000015
0.018397 0.509857 0.230695 0.130866 0.001309 0.108862 0.000015
0.017303 0.507671 0.232077 0.131560 0.001316 0.110056 0.000017
0.017493 0.508334 0.231467 0.131186 0.001319 0.110186 0.000015
0.016522 0.504892 0.233151 0.132006 0.001348 0.112063 0.000017
0.018025 0.504476 0.232089 0.131700 0.001344 0.112350 0.000016
0.015524 0.499423 0.235395 0.133369 0.001387 0.114886 0.000016
0.016203 0.499771 0.234762 0.132942 0.001358 0.114947 0.000017
0.015227 0.497700 0.235787 0.133804 0.001413 0.116053 0.000016
0.015767 0.496161 0.235975 0.133805 0.001398 0.116879 0.000016
0.015226 0.493998 0.236974 0.134241 0.001437 0.118110 0.000015
0.014936 0.492357 0.237568 0.134511 0.001444 0.119168 0.000015
0.014918 0.491223 0.238033 0.134654 0.001436 0.119721 0.000016
0.013918 0.487338 0.239706 0.135677 0.001473 0.121875 0.000014
0.014781 0.488050 0.238742 0.135319 0.001457 0.121632 0.000019
0.014337 0.486644 0.239240 0.135543 0.001468 0.122748 0.000019
0.013988 0.484149 0.240453 0.136070 0.001486 0.123836 0.000018
0.014275 0.483070 0.240182 0.136254 0.001474 0.124727 0.000018
0.013536 0.479158 0.241954 0.137067 0.001491 0.126773 0.000021
0.013271 0.476381 0.243149 0.137695 0.001496 0.127989 0.000018
0.013652 0.477510 0.242283 0.137260 0.001511 0.127768 0.000017
0.013116 0.474376 0.243457 0.138042 0.001531 0.129459 0.000019
0.012918 0.473169 0.243927 0.138274 0.001528 0.130168 0.000016
0.013135 0.471188 0.244106 0.138334 0.001555 0.131665 0.000016
0.012866 0.467977 0.245235 0.139182 0.001599 0.133119 0.000020
0.012884 0.467025 0.245291 0.139239 0.001575 0.133969 0.000017
0.012849 0.465657 0.245981 0.139500 0.001601 0.134392 0.000019
0.012575 0.463615 0.246496 0.139834 0.001616 0.135845 0.000019
0.012564 0.462197 0.246807 0.140007 0.001623 0.136786 0.000017
0.012738 0.460894 0.247008 0.140039 0.001622 0.137682 0.000017
0.012492 0.457928 0.247920 0.140650 0.001658 0.139330 0.000022
0.012572 0.457178 0.247866 0.140742 0.001637 0.139986 0.000020
0.012410 0.454989 0.248622 0.140998 0.001672 0.141288 0.000021
0.012306 0.453440 0.249323 0.141373 0.001663 0.141874 0.000021
0.012300 0.452213 0.249442 0.141505 0.001697 0.142822 0.000020
0.012082 0.449826 0.250458 0.141720 0.001693 0.144197 0.000024
0.012070 0.447907 0.250741 0.142188 0.001703 0.145371 0.000022
0.012024 0.446931 0.250804 0.142384 0.001703 0.146133 0.000021
0.012116 0.444949 0.251323 0.142552 0.001727 0.147312 0.000021
0.011971 0.443412 0.251657 0.142743 0.001735 0.148460 0.000021
0.011813 0.441861 0.252215 0.142911 0.001727 0.149449 0.000024
0.011820 0.440073 0.252448 0.143588 0.001760 0.150290 0.000021
0.011931 0.439093 0.252686 0.143465 0.001792 0.151011 0.000022
0.012005 0.438843 0.252426 0.143410 0.001762 0.151534 0.000020
0.011512 0.436611 0.253633 0.143797 0.001773 0.152653 0.000021
0.011690 0.434407 0.253765 0.144110 0.001787 0.154222 0.000020
0.011597 0.432832 0.254449 0.144127 0.001801 0.155174 0.000021
0.011490 0.430469 0.255023 0.144599 0.001835 0.156564 0.000021
0.011599 0.428342 0.255151 0.144825 0.001844 0.158214 0.000025
0.011744 0.428037 0.255199 0.144813 0.001830 0.158353 0.000023
0.011585 0.426812 0.255572 0.144981 0.001825 0.159201 0.000024
0.011438 0.425079 0.255901 0.145290 0.001840 0.160428 0.000023
0.011490 0.424092 0.256071 0.145375 0.001861 0.161088 0.000023
0.011433 0.421655 0.256689 0.145500 0.001891 0.162809 0.000023
0.011274 0.419688 0.257006 0.146214 0.001873 0.163922 0.000024
0.011398 0.418962 0.257232 0.145874 0.001864 0.164643 0.000027
0.011285 0.416585 0.257732 0.146461 0.001866 0.166045 0.000026
0.011332 0.415658 0.257776 0.146479 0.001906 0.166824 0.000026
0.011210 0.414759 0.258247 0.146313 0.001924 0.167519 0.000029
0.011257 0.412478 0.258470 0.146791 0.001896 0.169084 0.000025
0.011191 0.410328 0.259208 0.146997 0.001894 0.170355 0.000027
0.011100 0.410102 0.259086 0.146955 0.001917 0.170811 0.000029
0.011063 0.406725 0.259682 0.147602 0.001949 0.172952 0.000028
0.011164 0.405321 0.260015 0.147410 0.001937 0.174128 0.000026
0.011185 0.404311 0.260063 0.147702 0.001965 0.174749 0.000026
0.011169 0.402700 0.260114 0.147815 0.001962 0.176212 0.000028
0.011195 0.401675 0.260336 0.147892 0.001984 0.176891 0.000026
0.011079 0.399197 0.261020 0.148407 0.002007 0.178266 0.000024
0.011167 0.400054 0.260679 0.148221 0.001999 0.177853 0.000027
0.011177 0.398295 0.260842 0.148297 0.001990 0.179372 0.000027
0.010942 0.395068 0.261775 0.148678 0.002057 0.181453 0.000026
0.011278 0.394476 0.261518 0.148710 0.002046 0.181948 0.000025
0.011016 0.393258 0.261913 0.148646 0.002060 0.183079 0.000029
0.010968 0.391566 0.261987 0.149163 0.002066 0.184222 0.000027
0.010937 0.389376 0.262609 0.149030 0.002111 0.185906 0.000033
0.010929 0.388658 0.262675 0.149244 0.002084 0.186381 0.000029
0.011004 0.388258 0.262238 0.149725 0.002103 0.186642 0.000030
0.010982 0.385922 0.262839 0.149635 0.002097 0.188496 0.000028
0.011003 0.383568 0.263187 0.150036 0.002100 0.190076 0.000029
0.011118 0.384110 0.262840 0.149553 0.002118 0.190229 0.000032
0.011061 0.382407 0.263265 0.149988 0.002107 0.191139 0.000032
0.010928 0.378722 0.264166 0.150274 0.002166 0.193713 0.000032
0.010994 0.379309 0.263773 0.149969 0.002166 0.193757 0.000033
0.010886 0.377142 0.264317 0.150527 0.002151 0.194945 0.000032
0.010843 0.375132 0.264815 0.150589 0.002166 0.196423 0.000032
0.010936 0.374214 0.264551 0.150614 0.002159 0.197490 0.000036
0.010901 0.373479 0.264483 0.150820 0.002192 0.198091 0.000035
0.011046 0.372089 0.264793 0.150740 0.002214 0.199084 0.000034
0.011012 0.370453 0.265069 0.150689 0.002201 0.200541 0.000035
0.010956 0.369344 0.265198 0.151072 0.002206 0.201190 0.000034
0.010833 0.367133 0.265616 0.151054 0.002258 0.203076 0.000030
0.010963 0.367182 0.265515 0.151055 0.002271 0.202979 0.000034
0.010805 0.364497 0.265931 0.151524 0.002276 0.204933 0.000034
0.010976 0.364352 0.265867 0.151292 0.002281 0.205199 0.000034
0.010881 0.361952 0.266062 0.151562 0.002279 0.207230 0.000033
0.010882 0.360894 0.266311 0.151488 0.002301 0.208085 0.000039
0.010874 0.359450 0.266055 0.151760 0.002319 0.209508 0.000035
0.010883 0.358162 0.266732 0.151569 0.002334 0.210284 0.000036
0.010778 0.355333 0.266843 0.152180 0.002332 0.212499 0.000035
0.011100 0.356505 0.266135 0.151799 0.002343 0.212083 0.000035
0.010920 0.355437 0.266644 0.151877 0.002288 0.212797 0.000037
0.010905 0.354396 0.266592 0.151952 0.002355 0.213765 0.000034
0.010825 0.352684 0.266711 0.152025 0.002374 0.215349 0.000033
0.010792 0.351038 0.267049 0.152344 0.002409 0.216330 0.000037
0.010759 0.350404 0.267063 0.152315 0.002381 0.217044 0.000034
0.010769 0.349227 0.267007 0.152322 0.002384 0.218256 0.000034
0.010808 0.346510 0.267491 0.152430 0.002429 0.220297 0.000035
0.010896 0.345801 0.267726 0.152256 0.002468 0.220822 0.000030
0.020715 0.343370 0.264287 0.150448 0.002384 0.218758 0.000038
0.024507 0.339914 0.263172 0.149912 0.002413 0.220048 0.000035
0.020475 0.340349 0.264603 0.150678 0.002423 0.221437 0.000035
0.028420 0.336912 0.262172 0.149245 0.002371 0.220842 0.000037
0.029557 0.337845 0.261081 0.148806 0.002429 0.220247 0.000036
0.026458 0.336958 0.262425 0.149476 0.002405 0.222244 0.000034
0.025379 0.337051 0.262585 0.149202 0.002442 0.223302 0.000038
0.024740 0.335760 0.262430 0.149830 0.002450 0.224757 0.000032
0.023994 0.335963 0.262344 0.149949 0.002512 0.225199 0.000038
0.025199 0.334450 0.262161 0.149450 0.002492 0.226211 0.000036
0.024397 0.334611 0.262226 0.149173 0.002477 0.227073 0.000042
0.020336 0.332775 0.263967 0.149968 0.002499 0.230414 0.000041
0.018720 0.332693 0.264300 0.150675 0.002524 0.231048 0.000039
0.019907 0.332701 0.263517 0.150181 0.002503 0.231150 0.000040
0.018221 0.330718 0.264584 0.150730 0.002545 0.233164 0.000038
0.019793 0.329877 0.263726 0.149822 0.002528 0.234214 0.000040
0.016568 0.329202 0.265005 0.150846 0.002540 0.235798 0.000041
0.016438 0.327765 0.265218 0.150850 0.002577 0.237108 0.000044
0.016949 0.327532 0.264782 0.150922 0.002569 0.237205 0.000041
0.015414 0.325148 0.265698 0.151146 0.002604 0.239944 0.000046
0.016271 0.326285 0.264870 0.150674 0.002602 0.239256 0.000042
0.016220 0.325392 0.264612 0.150807 0.002576 0.240350 0.000044
0.013778 0.321505 0.266668 0.151635 0.002630 0.243738 0.000046
0.014549 0.322610 0.265719 0.151264 0.002669 0.243146 0.000043
0.015011 0.321585 0.264963 0.151291 0.002621 0.244485 0.000044
0.013851 0.319749 0.266057 0.151654 0.002644 0.245999 0.000046
0.012718 0.316178 0.267003 0.152236 0.002713 0.249109 0.000043
0.012438 0.316583 0.267226 0.152140 0.002669 0.248897 0.000048
0.012307 0.314082 0.267019 0.152624 0.002700 0.251219 0.000048
0.013010 0.314693 0.266681 0.152238 0.002662 0.250666 0.000051
0.013548 0.314012 0.266268 0.151642 0.002720 0.251762 0.000049
0.013460 0.314217 0.265852 0.151402 0.002720 0.252304 0.000045
0.012799 0.312269 0.266605 0.151997 0.002736 0.253551 0.000041
0.012223 0.309044 0.266997 0.152342 0.002754 0.256590 0.000050
0.012820 0.310038 0.266567 0.152118 0.002758 0.255652 0.000047
0.012241 0.308461 0.267087 0.152061 0.002792 0.257311 0.000047
0.011945 0.307380 0.267193 0.152383 0.002760 0.258288 0.000051
0.012223 0.306023 0.266854 0.152109 0.002796 0.259945 0.000049
0.011849 0.304260 0.267329 0.152375 0.002796 0.261338 0.000052
0.011551 0.302023 0.268317 0.152529 0.002786 0.262741 0.000053
0.011608 0.302546 0.267704 0.152542 0.002799 0.262750 0.000052
0.011543 0.300381 0.267835 0.152640 0.002831 0.264718 0.000052
0.011542 0.299404 0.267764 0.152554 0.002852 0.265830 0.000054
0.011621 0.297514 0.267969 0.152706 0.002880 0.267254 0.000056
0.011624 0.296652 0.267987 0.152700 0.002829 0.268155 0.000054
0.011831 0.295703 0.267505 0.152564 0.002884 0.269454 0.000060
0.011541 0.294970 0.268042 0.152498 0.002891 0.270002 0.000057
0.011774 0.295099 0.267409 0.152417 0.002883 0.270360 0.000058
0.011709 0.293347 0.267575 0.152710 0.002898 0.271704 0.000059
0.011462 0.291517 0.267585 0.152687 0.002908 0.273784 0.000057
0.011413 0.290495 0.267962 0.152687 0.002895 0.274488 0.000060
0.011610 0.289738 0.267634 0.152272 0.002917 0.275770 0.000058
0.011707 0.289343 0.267234 0.152196 0.002949 0.276511 0.000060
0.011700 0.288059 0.267471 0.152119 0.002950 0.277638 0.000063
0.011541 0.286326 0.267887 0.152503 0.002969 0.278711 0.000064
0.011459 0.285647 0.267829 0.152146 0.002919 0.279939 0.000060
0.011477 0.284815 0.267682 0.152251 0.002996 0.280714 0.000064
0.011565 0.284186 0.267144 0.152318 0.002976 0.281751 0.000060
0.011503 0.283175 0.267286 0.152331 0.003014 0.282626 0.000064
0.011458 0.282041 0.267412 0.152004 0.003010 0.284010 0.000065
0.011580 0.279833 0.267593 0.152419 0.003063 0.285441 0.000070
0.011459 0.277984 0.267712 0.152461 0.003041 0.287276 0.000068
0.011404 0.278353 0.267461 0.152569 0.003046 0.287099 0.000069
0.011480 0.277481 0.267328 0.152328 0.003049 0.288272 0.000063
0.011408 0.274925 0.267232 0.152327 0.003097 0.290944 0.000067
0.011395 0.275982 0.267159 0.152077 0.003042 0.290274 0.000071
0.011445 0.273670 0.267115 0.152348 0.003113 0.292236 0.000073
0.011427 0.274268 0.267250 0.151594 0.003113 0.292286 0.000062
0.011674 0.273341 0.266596 0.152091 0.003111 0.293116 0.000072
0.011638 0.271260 0.266802 0.152015 0.003128 0.295084 0.000073
0.011493 0.270131 0.266900 0.152108 0.003089 0.296210 0.000070
0.011565 0.269773 0.267201 0.151869 0.003133 0.296385 0.000074
0.011517 0.267745 0.266912 0.152177 0.003141 0.298434 0.000075
0.011711 0.268363 0.266759 0.151495 0.003102 0.298495 0.000075
0.011737 0.267433 0.266030 0.151592 0.003173 0.299954 0.000081
0.011758 0.265009 0.266397 0.151591 0.003175 0.301989 0.000082
0.011717 0.266721 0.265768 0.151407 0.003120 0.301194 0.000074
0.011669 0.263987 0.266541 0.151514 0.003198 0.303013 0.000077
0.011742 0.262745 0.266265 0.151659 0.003199 0.304316 0.000074
0.011729 0.261029 0.265883 0.151466 0.003197 0.306623 0.000073
0.011589 0.261833 0.266004 0.151335 0.003221 0.305935 0.000082
0.011631 0.260553 0.265928 0.151228 0.003198 0.307374 0.000088
0.011670 0.260047 0.266042 0.151428 0.003182 0.307555 0.000076
0.011846 0.258531 0.265533 0.151115 0.003203 0.309695 0.000076
0.011774 0.257315 0.266199 0.151266 0.003251 0.310120 0.000076
0.011856 0.256169 0.265147 0.151002 0.003242 0.312506 0.000078
0.011713 0.256149 0.265503 0.150763 0.003330 0.312458 0.000084
0.011762 0.254914 0.265295 0.151154 0.003280 0.313513 0.000082
0.011944 0.254140 0.264816 0.150890 0.003262 0.314872 0.000076
0.011883 0.253191 0.265048 0.151124 0.003261 0.315416 0.000077
0.011877 0.252311 0.265016 0.150759 0.003263 0.316691 0.000083
0.011713 0.251038 0.264921 0.150805 0.003305 0.318134 0.000084
0.011873 0.250922 0.264573 0.150521 0.003338 0.318697 0.000078
0.011875 0.250393 0.264514 0.150567 0.003317 0.319252 0.000083
0.011921 0.249538 0.264110 0.150539 0.003333 0.320478 0.000081
0.011988 0.248763 0.264157 0.150268 0.003367 0.321370 0.000088
0.011999 0.246884 0.264084 0.150211 0.003382 0.323355 0.000085
0.011947 0.246895 0.264531 0.150199 0.003343 0.323002 0.000082
0.011887 0.244753 0.263938 0.150068 0.003425 0.325841 0.000087
0.011857 0.243655 0.264172 0.150340 0.003421 0.326469 0.000086
0.011943 0.243950 0.263727 0.150154 0.003386 0.326756 0.000084
0.012072 0.243210 0.263622 0.150161 0.003401 0.327452 0.000081
0.012021 0.242032 0.263507 0.150213 0.003376 0.328766 0.000084
0.011958 0.241988 0.263162 0.150036 0.003378 0.329393 0.000085
0.012038 0.241055 0.263158 0.150013 0.003375 0.330269 0.000091
0.012060 0.239179 0.263046 0.149704 0.003383 0.332544 0.000085
0.012090 0.237944 0.262810 0.149901 0.003461 0.333707 0.000086
0.012246 0.239502 0.262848 0.149106 0.003468 0.332738 0.000090
0.012196 0.238740 0.262258 0.148905 0.003463 0.334343 0.000096
0.012072 0.236863 0.262675 0.149223 0.003472 0.335609 0.000085
0.012064 0.236642 0.262164 0.149317 0.003443 0.336276 0.000094
0.012386 0.236071 0.261964 0.149003 0.003525 0.336966 0.000086
0.012216 0.234021 0.262289 0.148963 0.003501 0.338915 0.000095
0.012410 0.232067 0.262008 0.149133 0.003567 0.340728 0.000088
0.012233 0.232032 0.261758 0.148643 0.003521 0.341727 0.000087
0.012377 0.231718 0.261808 0.148829 0.003525 0.341658 0.000086
0.012350 0.231676 0.261493 0.148927 0.003529 0.341937 0.000089
0.012392 0.230553 0.261430 0.148433 0.003492 0.343601 0.000098
0.012482 0.230293 0.260874 0.148459 0.003578 0.344222 0.000093
0.012475 0.228392 0.261416 0.148548 0.003518 0.345560 0.000089
0.012367 0.228853 0.261306 0.148233 0.003520 0.345629 0.000093
0.012517 0.227047 0.260777 0.148239 0.003574 0.347758 0.000088
0.012393 0.226552 0.260403 0.148477 0.003570 0.348506 0.000099
0.012471 0.225811 0.260657 0.147812 0.003599 0.349555 0.000094
0.012552 0.224755 0.260086 0.147909 0.003589 0.351015 0.000092
0.012784 0.224683 0.259812 0.147950 0.003561 0.351122 0.000088
0.012566 0.224861 0.259953 0.147495 0.003568 0.351464 0.000093
0.012590 0.223766 0.259506 0.147597 0.003618 0.352828 0.000095
0.012707 0.222260 0.258883 0.147509 0.003663 0.354889 0.000090
0.012631 0.221345 0.259136 0.147384 0.003621 0.355785 0.000097
0.012620 0.221905 0.259186 0.147223 0.003636 0.355339 0.000091
0.012619 0.220853 0.258637 0.147188 0.003685 0.356929 0.000090
0.012825 0.218763 0.258402 0.147115 0.003679 0.359122 0.000094
0.012586 0.218522 0.258769 0.146934 0.003684 0.359412 0.000093
0.012854 0.219535 0.258039 0.146810 0.003690 0.358974 0.000098
0.012877 0.217659 0.258076 0.146843 0.003683 0.360767 0.000095
0.012922 0.217024 0.257930 0.146738 0.003656 0.361636 0.000094
0.012826 0.216334 0.257798 0.146570 0.003718 0.362659 0.000095
0.012895 0.216354 0.257132 0.146239 0.003733 0.363546 0.000102
0.013020 0.214476 0.257238 0.146135 0.003709 0.365321 0.000102
0.012989 0.214185 0.256982 0.146257 0.003683 0.365804 0.000099
0.013003 0.212818 0.256967 0.146051 0.003765 0.367299 0.000098
0.013074 0.213729 0.256356 0.145887 0.003737 0.367115 0.000102
0.013198 0.211727 0.256444 0.145876 0.003709 0.368939 0.000108
0.013110 0.211784 0.256151 0.145946 0.003703 0.369205 0.000102
0.013091 0.210587 0.256273 0.145396 0.003798 0.370748 0.000107
0.013144 0.210253 0.255847 0.145113 0.003785 0.371750 0.000108
0.013150 0.208950 0.255764 0.145269 0.003766 0.372992 0.000110
0.013175 0.208194 0.255698 0.144652 0.003803 0.374376 0.000101
0.013259 0.208496 0.255131 0.144909 0.003821 0.374278 0.000105
0.013333 0.207734 0.255142 0.145008 0.003776 0.374901 0.000107
0.013220 0.207544 0.255108 0.145010 0.003831 0.375181 0.000106
0.013282 0.206066 0.255332 0.144481 0.003834 0.376900 0.000105
0.013465 0.204411 0.254774 0.144763 0.003852 0.378627 0.000109
0.013333 0.203853 0.254696 0.144708 0.003839 0.379465 0.000106
0.013406 0.203109 0.254113 0.144311 0.003828 0.381124 0.000109
0.013336 0.203994 0.254492 0.143903 0.003852 0.380307 0.000115
0.013419 0.202753 0.253836 0.144028 0.003872 0.381980 0.000112
0.013526 0.201797 0.253544 0.144316 0.003825 0.382882 0.000111
0.013478 0.200919 0.253176 0.143946 0.003854 0.384517 0.000109
0.013645 0.200860 0.252997 0.143714 0.003886 0.384784 0.000114
0.013620 0.200327 0.252954 0.143421 0.003935 0.385636 0.000107
0.013675 0.199029 0.253002 0.143505 0.003863 0.386821 0.000106
0.013774 0.199367 0.252453 0.143472 0.003850 0.386972 0.000113
0.013678 0.198241 0.252014 0.143229 0.003894 0.388837 0.000107
0.013793 0.196787 0.251607 0.143265 0.003899 0.390545 0.000104
0.013806 0.197118 0.251906 0.142888 0.003896 0.390279 0.000106
0.013834 0.196176 0.251810 0.142718 0.003884 0.391463 0.000115
0.013844 0.195450 0.251290 0.142953 0.003916 0.392430 0.000117
0.013899 0.194720 0.250878 0.142549 0.003957 0.393889 0.000108
0.013928 0.194893 0.250803 0.142629 0.003926 0.393700 0.000120
0.013972 0.194075 0.250422 0.142020 0.003964 0.395425 0.000121
0.014006 0.193368 0.250259 0.142189 0.003969 0.396088 0.000121
0.013977 0.192428 0.250210 0.142212 0.003967 0.397086 0.000121
0.014042 0.191684 0.250005 0.141706 0.003960 0.398476 0.000127
0.014107 0.191215 0.250248 0.141514 0.003960 0.398836 0.000120
0.014079 0.190733 0.249780 0.141836 0.004014 0.399433 0.000126
0.014000 0.190757 0.249491 0.141713 0.003963 0.399956 0.000120
0.014154 0.189223 0.249179 0.141668 0.003958 0.401693 0.000126
0.014053 0.188541 0.248825 0.141303 0.004009 0.403139 0.000130
0.014228 0.188414 0.248228 0.141253 0.004028 0.403724 0.000125
0.014512 0.187419 0.248186 0.141105 0.004039 0.404613 0.000126
0.014323 0.187534 0.247790 0.141114 0.004029 0.405089 0.000121
0.014284 0.186742 0.247675 0.140734 0.004024 0.406413 0.000129
0.014193 0.186436 0.247401 0.140495 0.003999 0.407353 0.000122
0.014375 0.186502 0.247710 0.140598 0.004040 0.406647 0.000129
0.014454 0.184890 0.247290 0.140552 0.004055 0.408630 0.000129
0.014461 0.184914 0.247011 0.140613 0.004049 0.408824 0.000129
0.014697 0.183309 0.246575 0.139806 0.004048 0.411435 0.000130
0.014529 0.183590 0.245882 0.140149 0.004088 0.411633 0.000129
0.014627 0.182893 0.245942 0.140106 0.004080 0.412227 0.000125
0.014430 0.182092 0.245785 0.139908 0.004090 0.413565 0.000129
0.014388 0.181664 0.245992 0.139908 0.004100 0.413818 0.000130
0.014610 0.180248 0.245302 0.139377 0.004102 0.416220 0.000140
0.014636 0.181592 0.245095 0.139587 0.004038 0.414933 0.000119
0.014445 0.180391 0.245009 0.139211 0.004052 0.416763 0.000129
0.014567 0.179811 0.244650 0.139020 0.004105 0.417716 0.000131
0.014688 0.179618 0.244120 0.138941 0.004114 0.418387 0.000131
0.014728 0.178781 0.244303 0.138833 0.004042 0.419185 0.000127
0.014649 0.178596 0.243643 0.138782 0.004095 0.420105 0.000130
0.014727 0.178521 0.243731 0.138525 0.004136 0.420232 0.000128
0.014929 0.176908 0.243284 0.138476 0.004092 0.422185 0.000127
0.014828 0.177113 0.243006 0.138430 0.004145 0.422349 0.000129
0.014863 0.176404 0.242727 0.138010 0.004088 0.423780 0.000127
0.014902 0.176158 0.242827 0.137959 0.004168 0.423861 0.000125
0.014863 0.176690 0.242451 0.137961 0.004127 0.423777 0.000132
0.014880 0.174975 0.242237 0.137855 0.004144 0.425780 0.000129
0.014884 0.173969 0.241711 0.137423 0.004163 0.427722 0.000127
0.014935 0.172853 0.241527 0.137166 0.004207 0.429175 0.000137
0.014966 0.172951 0.240955 0.137024 0.004218 0.429757 0.000130
0.015182 0.173245 0.240784 0.137171 0.004126 0.429360 0.000131
0.015070 0.172893 0.240937 0.136960 0.004159 0.429842 0.000139
0.014981 0.171900 0.240735 0.136964 0.004166 0.431114 0.000141
0.015058 0.171340 0.239773 0.136596 0.004191 0.432904 0.000137
0.015161 0.170968 0.240260 0.136767 0.004209 0.432496 0.000139
0.015316 0.170761 0.239741 0.136634 0.004210 0.433196 0.000142
0.015254 0.169695 0.239625 0.136214 0.004207 0.434860 0.000145
0.015324 0.168652 0.238921 0.135888 0.004243 0.436827 0.000144
0.015440 0.169267 0.238924 0.135684 0.004210 0.436336 0.000139
0.015443 0.168669 0.238823 0.135795 0.004250 0.436879 0.000141
0.015585 0.168043 0.238130 0.135308 0.004241 0.438557 0.000136
0.015550 0.167728 0.238290 0.135545 0.004233 0.438517 0.000137
0.015539 0.166892 0.237834 0.135660 0.004228 0.439705 0.000141
0.015540 0.166307 0.237229 0.135412 0.004258 0.441117 0.000138
0.015460 0.166446 0.237224 0.135193 0.004230 0.441304 0.000143
0.015724 0.165303 0.236923 0.134808 0.004268 0.442831 0.000143
0.015719 0.164696 0.236559 0.134774 0.004278 0.443828 0.000146
0.015737 0.164070 0.235915 0.134704 0.004281 0.445156 0.000138
0.015847 0.164344 0.236346 0.134371 0.004292 0.444643 0.000156
0.015812 0.163064 0.235874 0.134456 0.004366 0.446286 0.000142
0.015712 0.163794 0.235960 0.134160 0.004321 0.445902 0.000150
0.016003 0.163119 0.235270 0.134212 0.004313 0.446935 0.000147
0.015906 0.162229 0.235178 0.133964 0.004321 0.448259 0.000142
0.015697 0.162415 0.235219 0.133867 0.004338 0.448319 0.000144
0.016028 0.161572 0.234662 0.133809 0.004376 0.449401 0.000152
0.015995 0.160908 0.234107 0.133431 0.004334 0.451085 0.000140
0.016091 0.160291 0.233840 0.133570 0.004396 0.451659 0.000154
0.016059 0.160331 0.234153 0.133252 0.004341 0.451706 0.000158
0.016314 0.159426 0.233450 0.133005 0.004365 0.453280 0.000159
0.016203 0.160230 0.233571 0.133309 0.004320 0.452213 0.000154
0.016378 0.158356 0.232704 0.132786 0.004405 0.455220 0.000151
0.016432 0.158022 0.232786 0.132622 0.004358 0.455619 0.000160
0.016213 0.158122 0.232604 0.132804 0.004372 0.455726 0.000158
0.016247 0.157672 0.232434 0.132136 0.004371 0.456975 0.000166
0.016468 0.156544 0.232037 0.131929 0.004410 0.458452 0.000160
0.016433 0.156450 0.231742 0.131888 0.004357 0.458971 0.000160
0.016391 0.155732 0.231677 0.131916 0.004394 0.459728 0.000161
0.016375 0.155825 0.231220 0.131545 0.004385 0.460483 0.000167
0.016428 0.154727 0.230911 0.131441 0.004432 0.461904 0.000157
0.016422 0.154275 0.230509 0.131117 0.004418 0.463092 0.000167
0.016472 0.154369 0.230044 0.131390 0.004405 0.463163 0.000157
0.016487 0.153436 0.229520 0.130887 0.004447 0.465058 0.000166
0.016666 0.152423 0.229279 0.130519 0.004482 0.466458 0.000173
0.016676 0.153269 0.229423 0.130527 0.004374 0.465559 0.000173
0.016652 0.152973 0.229628 0.130431 0.004420 0.465730 0.000166
0.016632 0.152267 0.228999 0.130271 0.004473 0.467181 0.000176
0.016961 0.151746 0.228596 0.130330 0.004460 0.467741 0.000165
0.016833 0.151008 0.228017 0.130207 0.004469 0.469294 0.000170
0.016906 0.151226 0.228190 0.129642 0.004386 0.469476 0.000174
0.016837 0.151183 0.228244 0.130029 0.004462 0.469074 0.000171
0.016931 0.150846 0.227751 0.129625 0.004480 0.470196 0.000171
0.017050 0.150108 0.227743 0.129415 0.004487 0.471023 0.000173
0.016999 0.149836 0.227399 0.129100 0.004447 0.472041 0.000178
0.017019 0.149168 0.227186 0.128717 0.004510 0.473236 0.000163
0.017125 0.149742 0.227297 0.129118 0.004428 0.472107 0.000184
0.017324 0.147875 0.225864 0.128336 0.004524 0.475913 0.000165
0.017208 0.148099 0.226023 0.128321 0.004556 0.475612 0.000181
0.017274 0.147700 0.226100 0.128341 0.004553 0.475856 0.000176
0.017191 0.147596 0.225861 0.128608 0.004491 0.476078 0.000176
0.017311 0.146880 0.225315 0.127844 0.004568 0.477903 0.000179
0.017255 0.146513 0.225291 0.127920 0.004552 0.478288 0.000181
0.017418 0.146416 0.224526 0.127801 0.004537 0.479131 0.000171
0.017321 0.146213 0.224642 0.127583 0.004557 0.479500 0.000183
0.017303 0.145869 0.224383 0.127550 0.004516 0.480189 0.000188
0.017510 0.144991 0.224188 0.127491 0.004532 0.481106 0.000182
0.017431 0.144793 0.223707 0.127472 0.004503 0.481907 0.000189
0.017406 0.144392 0.223366 0.126910 0.004555 0.483184 0.000187
0.017546 0.143817 0.223098 0.126901 0.004518 0.483945 0.000176
0.017560 0.143958 0.222835 0.126787 0.004544 0.484138 0.000178
0.017645 0.143527 0.222927 0.126687 0.004604 0.484426 0.000183
0.017720 0.143155 0.222483 0.126462 0.004593 0.485398 0.000189
0.017633 0.143072 0.222652 0.126452 0.004501 0.485497 0.000193
0.017943 0.142501 0.221669 0.125806 0.004538 0.487360 0.000184
0.017829 0.141688 0.221464 0.125957 0.004630 0.488254 0.000179
0.017948 0.141781 0.221191 0.125747 0.004620 0.488533 0.000180
0.018088 0.140815 0.220752 0.125344 0.004557 0.490261 0.000182
