0.999097 0.000884 0.000011 0.000008 0.000000 0.000000 0.000000
0.998665 0.001295 0.000023 0.000009 0.000001 0.000007 0.000000
0.998160 0.001792 0.000026 0.000013 0.000000 0.000009 0.000000
0.997741 0.002194 0.000037 0.000018 0.000000 0.000010 0.000000
0.997209 0.002716 0.000045 0.000020 0.000000 0.000009 0.000000
0.996683 0.003234 0.000051 0.000023 0.000000 0.000009 0.000000
0.996010 0.003885 0.000067 0.000029 0.000000 0.000009 0.000000
0.995232 0.004665 0.000066 0.000029 0.000000 0.000008 0.000000
0.994251 0.005615 0.000076 0.000050 0.000000 0.000008 0.000000
0.993203 0.006649 0.000082 0.000059 0.000000 0.000008 0.000000
0.991721 0.008069 0.000127 0.000076 0.000000 0.000007 0.000000
0.989870 0.009891 0.000145 0.000087 0.000000 0.000006 0.000000
0.987390 0.012334 0.000163 0.000107 0.000000 0.000006 0.000000
0.984960 0.014735 0.000189 0.000110 0.000000 0.000006 0.000000
0.981033 0.018532 0.000269 0.000159 0.000000 0.000007 0.000000
0.978193 0.021322 0.000289 0.000188 0.000000 0.000008 0.000000
0.974091 0.025287 0.000360 0.000255 0.000000 0.000007 0.000000
0.969626 0.029663 0.000417 0.000284 0.000000 0.000010 0.000000
0.962507 0.036635 0.000510 0.000328 0.000000 0.000020 0.000000
0.956604 0.042417 0.000573 0.000378 0.000000 0.000027 0.000000
0.950298 0.048607 0.000644 0.000422 0.000000 0.000029 0.000000
0.941751 0.056937 0.000783 0.000500 0.000000 0.000029 0.000000
0.933505 0.065016 0.000869 0.000575 0.000000 0.000036 0.000000
0.925391 0.072916 0.001004 0.000651 0.000000 0.000039 0.000000
0.912901 0.085072 0.001209 0.000776 0.000000 0.000041 0.000000
0.903015 0.094673 0.001386 0.000879 0.000000 0.000048 0.000000
0.893306 0.104129 0.001547 0.000964 0.000000 0.000054 0.000000
0.882032 0.115065 0.001754 0.001095 0.000000 0.000053 0.000000
0.868250 0.128465 0.001990 0.001236 0.000000 0.000058 0.000000
0.855560 0.140770 0.002242 0.001368 0.000000 0.000060 0.000000
0.843400 0.152599 0.002441 0.001494 0.000000 0.000066 0.000000
0.827936 0.167568 0.002758 0.001662 0.000000 0.000075 0.000000
0.814433 0.180608 0.003061 0.001813 0.000000 0.000085 0.000000
0.798206 0.196258 0.003427 0.002016 0.000000 0.000093 0.000000
0.784697 0.209249 0.003738 0.002209 0.000000 0.000106 0.000000
0.768082 0.225196 0.004138 0.002458 0.000000 0.000126 0.000000
0.751793 0.240843 0.004546 0.002687 0.000000 0.000131 0.000000
0.736829 0.255188 0.004892 0.002947 0.000000 0.000144 0.000000
0.719721 0.271533 0.005375 0.003214 0.000000 0.000156 0.000000
0.703781 0.286613 0.005879 0.003543 0.000001 0.000183 0.000000
0.687813 0.301793 0.006360 0.003840 0.000002 0.000191 0.000000
0.673414 0.315386 0.006826 0.004154 0.000004 0.000216 0.000000
0.655144 0.332751 0.007353 0.004500 0.000006 0.000247 0.000000
0.639212 0.347782 0.007912 0.004818 0.000007 0.000269 0.000000
0.625076 0.361108 0.008455 0.005059 0.000009 0.000293 0.000000
0.609177 0.375935 0.009157 0.005406 0.000008 0.000319 0.000000
0.597112 0.387180 0.009664 0.005691 0.000009 0.000345 0.000000
0.581733 0.401489 0.010324 0.006069 0.000009 0.000376 0.000000
0.565021 0.417011 0.011089 0.006463 0.000009 0.000407 0.000000
0.554855 0.426238 0.011681 0.006786 0.000009 0.000432 0.000000
0.542164 0.437763 0.012372 0.007220 0.000010 0.000471 0.000000
0.527327 0.451318 0.013148 0.007668 0.000010 0.000529 0.000000
0.517235 0.460302 0.013836 0.008057 0.000010 0.000560 0.000000
0.506935 0.469559 0.014464 0.008434 0.000011 0.000598 0.000000
0.495315 0.479857 0.015291 0.008886 0.000010 0.000641 0.000000
0.482437 0.491377 0.016136 0.009340 0.000011 0.000699 0.000000
0.474750 0.498029 0.016765 0.009702 0.000011 0.000743 0.000000
0.462719 0.508480 0.017688 0.010282 0.000012 0.000819 0.000000
0.456082 0.514253 0.018209 0.010582 0.000012 0.000862 0.000000
0.442985 0.525668 0.019204 0.011173 0.000012 0.000957 0.000000
0.430855 0.536239 0.020134 0.011744 0.000015 0.001013 0.000000
0.422425 0.543404 0.020928 0.012146 0.000017 0.001081 0.000000
0.412146 0.552053 0.021906 0.012718 0.000019 0.001158 0.000000
0.401129 0.561409 0.022913 0.013290 0.000020 0.001238 0.000000
0.388602 0.572010 0.024044 0.013976 0.000020 0.001348 0.000000
0.381617 0.577639 0.024891 0.014406 0.000023 0.001425 0.000000
0.370987 0.586735 0.025856 0.014907 0.000024 0.001490 0.000000
0.357445 0.597989 0.027230 0.015701 0.000027 0.001607 0.000000
0.345682 0.607436 0.028630 0.016474 0.000028 0.001750 0.000000
0.338292 0.613428 0.029462 0.016960 0.000031 0.001827 0.000000
0.330069 0.619689 0.030574 0.017663 0.000032 0.001971 0.000000
0.318812 0.628499 0.032082 0.018468 0.000033 0.002106 0.000000
0.312313 0.633443 0.033080 0.018916 0.000037 0.002212 0.000000
0.306645 0.637151 0.034318 0.019482 0.000039 0.002365 0.000000
0.299073 0.642913 0.035389 0.020109 0.000038 0.002478 0.000000
0.291151 0.648178 0.036999 0.020967 0.000040 0.002664 0.000000
0.289343 0.648490 0.037872 0.021464 0.000041 0.002790 0.000000
0.283653 0.652028 0.039147 0.022190 0.000049 0.002933 0.000000
0.280896 0.653068 0.040145 0.022770 0.000045 0.003077 0.000000
0.274064 0.657445 0.041564 0.023642 0.000048 0.003236 0.000000
0.270503 0.658987 0.042798 0.024234 0.000049 0.003429 0.000000
0.269021 0.658847 0.043807 0.024686 0.000050 0.003588 0.000000
0.265506 0.660488 0.044946 0.025278 0.000051 0.003731 0.000000
0.262169 0.661877 0.046063 0.025912 0.000053 0.003926 0.000000
0.256438 0.664759 0.047715 0.026842 0.000061 0.004185 0.000000
0.248757 0.670560 0.048860 0.027440 0.000061 0.004321 0.000000
0.249833 0.668188 0.049598 0.027870 0.000059 0.004451 0.000000
0.240709 0.674183 0.051401 0.028904 0.000062 0.004740 0.000000
0.236683 0.676344 0.052458 0.029541 0.000063 0.004911 0.000000
0.231581 0.679349 0.053682 0.030206 0.000066 0.005115 0.000000
0.226561 0.681454 0.055313 0.031142 0.000074 0.005456 0.000000
0.215643 0.689264 0.057020 0.032264 0.000076 0.005733 0.000000
0.211001 0.691638 0.058380 0.032981 0.000082 0.005918 0.000000
0.203369 0.696123 0.060162 0.034058 0.000083 0.006206 0.000000
0.196769 0.699815 0.061821 0.034976 0.000082 0.006536 0.000001
0.191416 0.703031 0.063026 0.035680 0.000090 0.006758 0.000001
0.189288 0.703004 0.064138 0.036434 0.000090 0.007045 0.000001
0.179677 0.709010 0.066352 0.037489 0.000095 0.007375 0.000001
0.176591 0.710228 0.067347 0.038151 0.000097 0.007586 0.000001
0.169837 0.713602 0.069146 0.039374 0.000105 0.007935 0.000001
0.165562 0.714700 0.071010 0.040335 0.000112 0.008279 0.000001
0.157917 0.717494 0.073726 0.041976 0.000118 0.008768 0.000000
0.157866 0.716445 0.074355 0.042246 0.000121 0.008966 0.000001
0.151194 0.719497 0.076425 0.043440 0.000122 0.009321 0.000001
0.155006 0.713783 0.077416 0.044021 0.000131 0.009642 0.000000
0.153299 0.713631 0.078442 0.044624 0.000129 0.009875 0.000001
0.152651 0.710959 0.080286 0.045647 0.000144 0.010312 0.000001
0.150065 0.710779 0.081811 0.046497 0.000148 0.010699 0.000000
0.148394 0.710487 0.082947 0.047009 0.000152 0.011010 0.000001
0.146303 0.709713 0.084634 0.047847 0.000154 0.011348 0.000001
0.144415 0.708904 0.086021 0.048759 0.000163 0.011737 0.000001
0.141255 0.709672 0.087442 0.049436 0.000165 0.012029 0.000001
0.137866 0.708745 0.089811 0.050766 0.000174 0.012638 0.000001
0.134287 0.709548 0.091317 0.051621 0.000175 0.013051 0.000001
0.134059 0.708813 0.091794 0.051842 0.000178 0.013313 0.000000
0.131896 0.707464 0.093557 0.053006 0.000184 0.013893 0.000001
0.129508 0.707084 0.095170 0.053807 0.000192 0.014238 0.000001
0.128312 0.707295 0.095597 0.054161 0.000195 0.014438 0.000001
0.125342 0.707197 0.097204 0.055144 0.000201 0.014911 0.000001
0.118457 0.709543 0.099651 0.056581 0.000203 0.015564 0.000000
0.120327 0.706073 0.100603 0.056895 0.000218 0.015884 0.000001
0.119251 0.705813 0.101195 0.057398 0.000211 0.016132 0.000001
0.113586 0.705991 0.104188 0.059080 0.000223 0.016931 0.000001
0.108706 0.707958 0.105669 0.059982 0.000227 0.017458 0.000001
0.104205 0.709454 0.107186 0.060942 0.000238 0.017975 0.000001
0.100320 0.709561 0.109377 0.062073 0.000244 0.018425 0.000001
0.097310 0.709735 0.110793 0.062933 0.000240 0.018989 0.000001
0.094196 0.709672 0.112385 0.063943 0.000250 0.019553 0.000001
0.093129 0.708243 0.113608 0.064659 0.000259 0.020101 0.000001
0.086440 0.709755 0.116464 0.066241 0.000275 0.020824 0.000001
0.084504 0.708744 0.118117 0.066968 0.000281 0.021384 0.000001
0.081510 0.707943 0.120021 0.068219 0.000280 0.022026 0.000001
0.081542 0.705573 0.121034 0.068836 0.000282 0.022733 0.000001
0.075953 0.707970 0.122814 0.069777 0.000293 0.023192 0.000001
0.074741 0.706535 0.124222 0.070521 0.000301 0.023679 0.000001
0.075104 0.704267 0.125023 0.071177 0.000305 0.024123 0.000001
0.075048 0.701940 0.126201 0.071734 0.000314 0.024762 0.000001
0.072389 0.699098 0.129219 0.073221 0.000332 0.025740 0.000001
0.076600 0.694689 0.129067 0.073200 0.000339 0.026104 0.000001
0.073673 0.694349 0.130650 0.074351 0.000342 0.026635 0.000001
0.072436 0.692930 0.131983 0.075045 0.000359 0.027245 0.000002
0.072224 0.689179 0.134008 0.076168 0.000362 0.028058 0.000001
0.075838 0.684562 0.134411 0.076382 0.000361 0.028444 0.000003
0.071150 0.687108 0.135539 0.076992 0.000362 0.028848 0.000002
0.069499 0.683997 0.137930 0.078391 0.000391 0.029792 0.000001
0.068902 0.682486 0.138900 0.078965 0.000388 0.030357 0.000002
0.069395 0.679551 0.140144 0.079525 0.000402 0.030981 0.000001
0.071657 0.677062 0.140118 0.079526 0.000403 0.031232 0.000001
0.070616 0.674576 0.141812 0.080407 0.000408 0.032179 0.000002
0.065729 0.676116 0.143588 0.081328 0.000413 0.032825 0.000002
0.062925 0.675465 0.145318 0.082370 0.000427 0.033494 0.000001
0.063458 0.672545 0.146451 0.082882 0.000438 0.034225 0.000001
0.058325 0.672145 0.149190 0.084534 0.000443 0.035361 0.000001
0.056887 0.672496 0.149835 0.084702 0.000461 0.035617 0.000001
0.054034 0.671032 0.151804 0.086015 0.000467 0.036646 0.000002
0.050207 0.671443 0.153682 0.086828 0.000471 0.037368 0.000002
0.048104 0.670499 0.155167 0.087796 0.000482 0.037950 0.000002
0.048931 0.667800 0.155734 0.088248 0.000495 0.038791 0.000002
0.042267 0.667500 0.159333 0.090243 0.000516 0.040140 0.000001
0.043800 0.667476 0.158522 0.089648 0.000505 0.040047 0.000002
0.042791 0.665662 0.159781 0.090532 0.000507 0.040726 0.000002
0.039619 0.663716 0.162292 0.091932 0.000541 0.041898 0.000002
0.038307 0.662822 0.163268 0.092581 0.000548 0.042473 0.000001
0.037107 0.661144 0.164672 0.093312 0.000550 0.043213 0.000002
0.034425 0.658403 0.167030 0.094956 0.000554 0.044632 0.000002
0.035192 0.657560 0.167139 0.094715 0.000556 0.044836 0.000002
0.033937 0.654263 0.169218 0.096019 0.000581 0.045980 0.000001
0.032130 0.651252 0.171707 0.097292 0.000580 0.047036 0.000002
0.031278 0.650747 0.172212 0.097635 0.000602 0.047525 0.000002
0.029887 0.649147 0.173415 0.098581 0.000598 0.048369 0.000002
0.030390 0.647759 0.173954 0.098634 0.000594 0.048666 0.000002
0.028658 0.644724 0.176261 0.099831 0.000627 0.049897 0.000002
0.026851 0.642042 0.178306 0.101055 0.000651 0.051093 0.000002
0.027066 0.640371 0.178852 0.101487 0.000650 0.051572 0.000002
0.026571 0.638160 0.179875 0.102142 0.000661 0.052589 0.000001
0.026260 0.635564 0.181089 0.103024 0.000674 0.053387 0.000002
0.029563 0.631234 0.181702 0.102896 0.000691 0.053912 0.000003
0.035987 0.624436 0.181412 0.103005 0.000672 0.054485 0.000003
0.030369 0.623764 0.184446 0.104820 0.000708 0.055891 0.000003
0.031509 0.622817 0.184353 0.104593 0.000711 0.056014 0.000002
0.033615 0.618426 0.185239 0.105144 0.000710 0.056863 0.000002
0.033882 0.614541 0.186664 0.106033 0.000721 0.058158 0.000003
0.033964 0.613959 0.186929 0.106096 0.000726 0.058324 0.000003
0.033003 0.612952 0.187704 0.106582 0.000733 0.059022 0.000003
0.037187 0.608004 0.187728 0.106675 0.000725 0.059680 0.000002
0.034378 0.607107 0.189386 0.107544 0.000768 0.060815 0.000001
0.034873 0.604511 0.190208 0.108095 0.000772 0.061539 0.000002
0.028959 0.605703 0.192379 0.109422 0.000796 0.062738 0.000003
0.031956 0.603359 0.191787 0.109093 0.000790 0.063011 0.000003
0.031756 0.601505 0.192741 0.109507 0.000801 0.063686 0.000004
0.029897 0.599159 0.194559 0.110565 0.000792 0.065022 0.000004
0.027094 0.597044 0.196495 0.111909 0.000810 0.066644 0.000004
0.028918 0.594593 0.196741 0.111815 0.000817 0.067114 0.000002
0.026428 0.594246 0.198122 0.112682 0.000825 0.067694 0.000004
0.026368 0.592347 0.198794 0.113022 0.000841 0.068625 0.000004
0.024967 0.590797 0.200049 0.113745 0.000837 0.069600 0.000005
0.023910 0.589755 0.200722 0.114356 0.000861 0.070389 0.000005
0.024211 0.586700 0.202014 0.114708 0.000876 0.071487 0.000004
0.021469 0.585510 0.203597 0.116055 0.000872 0.072491 0.000007
0.022831 0.583549 0.203573 0.116047 0.000890 0.073105 0.000005
0.021422 0.580837 0.205719 0.116783 0.000915 0.074317 0.000007
0.022250 0.581584 0.204723 0.116375 0.000890 0.074172 0.000006
0.020980 0.577370 0.207118 0.117622 0.000924 0.075978 0.000008
0.020504 0.575819 0.207860 0.118282 0.000923 0.076605 0.000007
0.020336 0.574138 0.208309 0.118626 0.000936 0.077648 0.000007
0.019893 0.572442 0.209041 0.119133 0.000932 0.078553 0.000006
0.019196 0.570854 0.209907 0.119604 0.000943 0.079488 0.000006
0.019214 0.568389 0.210773 0.120223 0.000961 0.080431 0.000008
0.018776 0.565720 0.212425 0.120641 0.000947 0.081480 0.000011
0.018522 0.564829 0.212313 0.121198 0.000971 0.082160 0.000007
0.018319 0.562267 0.213637 0.121516 0.000961 0.083290 0.000010
0.018194 0.560031 0.214399 0.122258 0.000952 0.084156 0.000009
0.017591 0.557916 0.215701 0.122443 0.001013 0.085328 0.000007
0.017602 0.556298 0.215963 0.123012 0.001021 0.086095 0.000009
0.017547 0.554767 0.216550 0.123161 0.001007 0.086960 0.000007
0.016912 0.552353 0.217612 0.124194 0.001051 0.087868 0.000011
0.016968 0.549877 0.218821 0.124190 0.001038 0.089099 0.000008
0.016757 0.547498 0.219834 0.124762 0.001040 0.090100 0.000009
0.016514 0.545707 0.220188 0.125274 0.001067 0.091242 0.000008
0.016249 0.543445 0.221317 0.125802 0.001090 0.092088 0.000009
0.016134 0.540705 0.222189 0.126496 0.001099 0.093366 0.000011
0.016148 0.539596 0.222581 0.126461 0.001103 0.094102 0.000010
0.015948 0.537105 0.223558 0.127040 0.001107 0.095235 0.000007
0.015871 0.536158 0.223748 0.127474 0.001101 0.095636 0.000012
0.015846 0.534097 0.224505 0.127660 0.001101 0.096782 0.000009
0.015486 0.530678 0.225995 0.128482 0.001146 0.098204 0.000010
0.015727 0.530705 0.225394 0.128582 0.001146 0.098434 0.000012
0.018660 0.524623 0.226726 0.128899 0.001174 0.099908 0.000010
0.022942 0.521764 0.225702 0.128418 0.001149 0.100016 0.000008
0.026765 0.518161 0.225300 0.128210 0.001166 0.100389 0.000010
0.025420 0.518202 0.225653 0.128476 0.001175 0.101063 0.000011
0.027010 0.513575 0.226541 0.129070 0.001191 0.102603 0.000011
0.027464 0.513706 0.226041 0.128816 0.001184 0.102779 0.000010
0.029038 0.509517 0.227286 0.129005 0.001227 0.103919 0.000010
0.026756 0.509186 0.228151 0.129819 0.001221 0.104857 0.000009
0.029043 0.508078 0.227294 0.129204 0.001240 0.105129 0.000011
0.028671 0.504716 0.228786 0.129842 0.001239 0.106737 0.000008
0.028103 0.505255 0.228468 0.129889 0.001247 0.107028 0.000010
0.037028 0.500618 0.226072 0.128693 0.001232 0.106345 0.000012
0.030529 0.499960 0.229176 0.130458 0.001278 0.108588 0.000011
0.036832 0.494628 0.228358 0.129639 0.001291 0.109240 0.000011
0.033579 0.497318 0.228155 0.130011 0.001275 0.109650 0.000011
0.034483 0.491985 0.229743 0.130870 0.001305 0.111601 0.000011
0.035996 0.492002 0.228952 0.130191 0.001304 0.111543 0.000012
0.032802 0.490552 0.230600 0.131421 0.001328 0.113285 0.000011
0.032334 0.489774 0.230861 0.131478 0.001357 0.114184 0.000012
0.033144 0.490314 0.230268 0.130972 0.001354 0.113938 0.000010
0.031432 0.488330 0.231580 0.131696 0.001371 0.115578 0.000012
0.028361 0.487239 0.233133 0.132703 0.001383 0.117170 0.000011
0.027352 0.486636 0.233555 0.132872 0.001389 0.118184 0.000011
0.026449 0.484368 0.234419 0.133564 0.001439 0.119754 0.000007
0.025109 0.484878 0.235007 0.133838 0.001406 0.119750 0.000012
0.025743 0.481198 0.235861 0.134185 0.001419 0.121584 0.000010
0.023416 0.482975 0.235998 0.134338 0.001433 0.121828 0.000012
0.025287 0.478668 0.236814 0.134697 0.001430 0.123091 0.000013
0.031661 0.474420 0.235297 0.133902 0.001433 0.123272 0.000014
0.030613 0.473095 0.236237 0.134406 0.001474 0.124163 0.000012
0.035036 0.470406 0.234979 0.133422 0.001459 0.124684 0.000013
0.032094 0.468971 0.236328 0.134642 0.001484 0.126471 0.000011
0.032366 0.467418 0.237112 0.134533 0.001493 0.127068 0.000009
0.031459 0.467965 0.236619 0.134754 0.001510 0.127681 0.000012
0.032427 0.466107 0.236718 0.134770 0.001501 0.128463 0.000014
0.029116 0.464984 0.238470 0.135576 0.001511 0.130330 0.000013
0.029986 0.462579 0.238783 0.135709 0.001548 0.131383 0.000012
0.030758 0.461787 0.238461 0.135557 0.001551 0.131873 0.000013
0.030042 0.458145 0.240228 0.136479 0.001569 0.133523 0.000013
0.035194 0.455827 0.238343 0.135554 0.001559 0.133507 0.000014
0.035827 0.455352 0.238126 0.135392 0.001582 0.133702 0.000018
0.035045 0.452865 0.239090 0.135984 0.001581 0.135418 0.000016
0.037567 0.451708 0.238639 0.135427 0.001564 0.135079 0.000017
0.038502 0.450143 0.238545 0.135300 0.001580 0.135915 0.000014
0.037516 0.449251 0.238760 0.135698 0.001590 0.137168 0.000017
0.032530 0.449615 0.240530 0.136622 0.001641 0.139042 0.000020
0.032339 0.445737 0.242234 0.137352 0.001656 0.140668 0.000015
0.028144 0.446805 0.243226 0.138174 0.001639 0.141996 0.000017
0.032165 0.445977 0.241526 0.137050 0.001670 0.141598 0.000014
0.030429 0.446138 0.241616 0.137521 0.001643 0.142638 0.000015
0.027831 0.444454 0.243594 0.138307 0.001685 0.144115 0.000015
0.024626 0.441580 0.246036 0.139725 0.001718 0.146297 0.000018
0.024218 0.440336 0.246205 0.139817 0.001717 0.147687 0.000020
0.022737 0.439656 0.246805 0.140355 0.001705 0.148725 0.000018
0.021159 0.439522 0.247451 0.140453 0.001730 0.149671 0.000015
0.021034 0.439132 0.247320 0.140327 0.001757 0.150412 0.000018
0.021580 0.436792 0.247448 0.140917 0.001747 0.151494 0.000021
0.020886 0.437004 0.247433 0.140941 0.001754 0.151967 0.000015
0.018814 0.433437 0.249689 0.141949 0.001769 0.154324 0.000019
0.019228 0.433350 0.249310 0.141941 0.001782 0.154371 0.000018
0.017593 0.431766 0.250358 0.142313 0.001783 0.156170 0.000016
0.016768 0.429622 0.251242 0.142952 0.001826 0.157571 0.000019
0.017503 0.427802 0.251271 0.142843 0.001818 0.158747 0.000017
0.017672 0.426556 0.251414 0.142908 0.001839 0.159592 0.000019
0.016685 0.423819 0.252707 0.143511 0.001873 0.161383 0.000023
0.015544 0.420905 0.253794 0.144446 0.001883 0.163410 0.000019
0.014625 0.420917 0.254385 0.144563 0.001862 0.163627 0.000020
0.015009 0.420156 0.254077 0.144487 0.001870 0.164384 0.000018
0.014551 0.418511 0.254784 0.144487 0.001878 0.165771 0.000019
0.014691 0.417709 0.254709 0.144660 0.001888 0.166324 0.000019
0.014038 0.413958 0.256095 0.145164 0.001919 0.168806 0.000019
0.014110 0.413594 0.255681 0.145455 0.001916 0.169225 0.000019
0.013381 0.410714 0.256820 0.146005 0.001936 0.171120 0.000023
0.013331 0.410195 0.257225 0.145917 0.001944 0.171369 0.000019
0.012904 0.407254 0.257947 0.146370 0.001972 0.173532 0.000021
0.012852 0.406391 0.257870 0.146581 0.001955 0.174330 0.000021
0.013173 0.405820 0.257730 0.146505 0.001977 0.174773 0.000021
0.012982 0.403710 0.258281 0.146933 0.001975 0.176100 0.000018
0.012727 0.402280 0.258545 0.147036 0.001994 0.177395 0.000023
0.012766 0.401129 0.258782 0.147211 0.002016 0.178072 0.000025
0.012652 0.399261 0.258984 0.147198 0.002084 0.179795 0.000026
0.012782 0.397402 0.259154 0.147487 0.002076 0.181074 0.000025
0.012446 0.396176 0.259945 0.147474 0.002076 0.181858 0.000025
0.011997 0.394229 0.260857 0.148010 0.002092 0.182786 0.000029
0.012076 0.392534 0.260867 0.148291 0.002092 0.184115 0.000025
0.019083 0.389837 0.258369 0.146829 0.002069 0.183788 0.000025
0.023107 0.385720 0.258084 0.146600 0.002120 0.184344 0.000025
0.027532 0.383911 0.256811 0.145958 0.002106 0.183658 0.000024
0.026908 0.385782 0.255698 0.145362 0.002114 0.184109 0.000026
0.026156 0.382410 0.256999 0.146106 0.002136 0.186166 0.000028
0.025277 0.381259 0.257349 0.146241 0.002171 0.187679 0.000025
0.023881 0.380528 0.258033 0.146740 0.002152 0.188643 0.000023
0.024717 0.379998 0.257755 0.146179 0.002154 0.189168 0.000029
0.024900 0.377505 0.257837 0.146957 0.002163 0.190614 0.000024
0.021966 0.377634 0.258967 0.147460 0.002152 0.191800 0.000021
0.023633 0.378531 0.257543 0.146526 0.002188 0.191551 0.000028
0.022014 0.376162 0.258678 0.147509 0.002215 0.193397 0.000024
0.021005 0.375292 0.259023 0.147654 0.002224 0.194773 0.000027
0.021769 0.374953 0.259072 0.147132 0.002215 0.194832 0.000027
0.021209 0.372821 0.259556 0.147475 0.002214 0.196696 0.000029
0.020500 0.373795 0.258948 0.147291 0.002225 0.197212 0.000029
0.018211 0.369358 0.261241 0.148647 0.002255 0.200258 0.000030
0.019475 0.369695 0.260432 0.148254 0.002276 0.199837 0.000031
0.017852 0.368451 0.260707 0.148376 0.002307 0.202281 0.000027
0.015824 0.368249 0.262104 0.148765 0.002302 0.202727 0.000029
0.015824 0.366854 0.261809 0.149146 0.002328 0.204010 0.000029
0.016303 0.363550 0.262438 0.149207 0.002335 0.206139 0.000028
0.016025 0.364905 0.261947 0.148918 0.002340 0.205832 0.000032
0.015296 0.362678 0.262661 0.149538 0.002361 0.207436 0.000030
0.014126 0.361099 0.263043 0.149934 0.002412 0.209357 0.000029
0.014196 0.361317 0.263012 0.149941 0.002370 0.209133 0.000032
0.014342 0.358074 0.263389 0.150098 0.002425 0.211638 0.000034
0.013561 0.356574 0.264218 0.150358 0.002436 0.212820 0.000033
0.013223 0.354260 0.264494 0.150635 0.002421 0.214933 0.000034
0.013531 0.354780 0.264325 0.150202 0.002439 0.214691 0.000033
0.013071 0.355140 0.264171 0.150324 0.002392 0.214867 0.000036
0.013152 0.351785 0.264822 0.150540 0.002460 0.217207 0.000033
0.013055 0.351373 0.264941 0.150526 0.002500 0.217569 0.000037
0.012183 0.348713 0.265757 0.150969 0.002496 0.219849 0.000033
0.012790 0.347995 0.265489 0.150922 0.002470 0.220299 0.000035
0.012117 0.344501 0.266398 0.151559 0.002515 0.222873 0.000036
0.011814 0.344632 0.266276 0.151564 0.002522 0.223158 0.000034
0.012331 0.343637 0.265886 0.151511 0.002522 0.224074 0.000040
0.012634 0.343130 0.265559 0.151226 0.002538 0.224877 0.000036
0.011916 0.342145 0.266092 0.151498 0.002549 0.225764 0.000034
0.012353 0.341694 0.265817 0.151121 0.002542 0.226438 0.000035
0.012508 0.342239 0.265389 0.150890 0.002553 0.226383 0.000038
0.011943 0.337076 0.266958 0.151597 0.002603 0.229782 0.000040
0.011898 0.336694 0.266952 0.151581 0.002586 0.230254 0.000035
0.011657 0.335342 0.266666 0.151637 0.002632 0.232030 0.000035
0.011979 0.335820 0.266845 0.151462 0.002598 0.231255 0.000041
0.011962 0.333662 0.266672 0.151697 0.002594 0.233380 0.000033
0.011806 0.333079 0.267087 0.151574 0.002591 0.233823 0.000040
0.011566 0.331316 0.267239 0.152047 0.002661 0.235128 0.000041
0.011261 0.328177 0.267816 0.152360 0.002661 0.237686 0.000039
0.011466 0.327979 0.267305 0.152044 0.002671 0.238493 0.000041
0.011365 0.326802 0.267914 0.152148 0.002668 0.239062 0.000041
0.011592 0.326349 0.267405 0.151963 0.002718 0.239931 0.000043
0.011622 0.322704 0.268108 0.152184 0.002725 0.242616 0.000041
0.011519 0.322528 0.268251 0.152399 0.002666 0.242600 0.000037
0.011583 0.321334 0.267758 0.152188 0.002710 0.244385 0.000042
0.011263 0.320026 0.268274 0.152543 0.002724 0.245128 0.000041
0.011439 0.319531 0.267968 0.152482 0.002724 0.245811 0.000044
0.011277 0.315508 0.269241 0.152953 0.002779 0.248191 0.000050
0.011380 0.318757 0.267823 0.152224 0.002745 0.247026 0.000045
0.011361 0.315017 0.268646 0.152727 0.002782 0.249420 0.000045
0.011090 0.313622 0.269059 0.152764 0.002807 0.250612 0.000046
0.011500 0.314607 0.268076 0.152214 0.002785 0.250775 0.000044
0.011280 0.312781 0.268119 0.152679 0.002788 0.252309 0.000044
0.011373 0.311703 0.268118 0.152830 0.002828 0.253104 0.000045
0.011142 0.308581 0.269011 0.152907 0.002844 0.255466 0.000048
0.011555 0.310265 0.267985 0.152237 0.002808 0.255098 0.000052
0.011230 0.308986 0.268197 0.152623 0.002824 0.256093 0.000047
0.011348 0.306197 0.268686 0.152791 0.002851 0.258079 0.000047
0.011362 0.306969 0.268156 0.152470 0.002852 0.258140 0.000050
0.011174 0.304000 0.268561 0.152963 0.002834 0.260417 0.000051
0.011289 0.303703 0.268884 0.152527 0.002873 0.260670 0.000053
0.011359 0.303253 0.268426 0.152259 0.002879 0.261774 0.000050
0.011356 0.301422 0.268313 0.152346 0.002903 0.263605 0.000053
0.011384 0.300269 0.268882 0.152605 0.002885 0.263921 0.000053
0.011227 0.300380 0.268224 0.152571 0.002888 0.264654 0.000057
0.011458 0.298764 0.268210 0.152435 0.002903 0.266175 0.000055
0.011396 0.298129 0.268340 0.152446 0.002896 0.266739 0.000053
0.011230 0.295524 0.268446 0.152966 0.002949 0.268827 0.000058
0.011475 0.294531 0.268185 0.152549 0.002951 0.270252 0.000055
0.011422 0.295036 0.268202 0.152238 0.002922 0.270124 0.000056
0.011505 0.294035 0.268040 0.151943 0.002973 0.271449 0.000055
0.011373 0.291762 0.268222 0.152199 0.002977 0.273408 0.000059
0.011347 0.290149 0.268698 0.152341 0.002980 0.274433 0.000052
0.011576 0.290966 0.268068 0.151757 0.002983 0.274591 0.000060
0.011551 0.290325 0.267907 0.151967 0.003000 0.275196 0.000054
0.011387 0.286838 0.268554 0.152228 0.003027 0.277904 0.000063
0.011355 0.287468 0.268369 0.152267 0.003008 0.277477 0.000056
0.011628 0.287103 0.267558 0.151727 0.003021 0.278901 0.000063
0.011486 0.286323 0.267676 0.151932 0.003022 0.279503 0.000058
0.011403 0.283671 0.268127 0.152245 0.003030 0.281466 0.000058
0.011557 0.284518 0.267606 0.151999 0.003015 0.281244 0.000060
0.011502 0.282963 0.267750 0.151896 0.003034 0.282797 0.000058
0.011494 0.281752 0.267646 0.151928 0.003122 0.284008 0.000051
0.011521 0.279657 0.267903 0.152038 0.003066 0.285761 0.000054
0.011604 0.279351 0.267933 0.151864 0.003079 0.286110 0.000059
0.011592 0.277839 0.267756 0.152031 0.003066 0.287651 0.000065
0.011566 0.277833 0.267126 0.152094 0.003146 0.288179 0.000056
0.011596 0.278253 0.267197 0.151766 0.003164 0.287962 0.000062
0.011601 0.274614 0.267797 0.151913 0.003185 0.290824 0.000067
0.011667 0.275669 0.267066 0.151744 0.003112 0.290672 0.000069
0.011609 0.273009 0.267402 0.151591 0.003178 0.293147 0.000065
0.011741 0.272150 0.267269 0.151633 0.003145 0.294001 0.000061
0.011685 0.272479 0.266918 0.151699 0.003165 0.293992 0.000062
0.011719 0.271191 0.266954 0.151922 0.003198 0.294955 0.000061
0.011612 0.269141 0.267362 0.151475 0.003237 0.297110 0.000063
0.011800 0.267605 0.267108 0.151765 0.003214 0.298447 0.000060
0.011748 0.268974 0.266694 0.151651 0.003208 0.297661 0.000064
0.011657 0.267861 0.266396 0.151458 0.003235 0.299329 0.000064
0.011831 0.266406 0.266631 0.151239 0.003210 0.300622 0.000062
0.011776 0.266052 0.266537 0.151335 0.003267 0.300968 0.000064
0.011898 0.264431 0.266230 0.151053 0.003306 0.303014 0.000068
0.011759 0.263663 0.266305 0.150877 0.003268 0.304058 0.000071
0.011785 0.262060 0.266276 0.150838 0.003269 0.305702 0.000071
0.011923 0.260735 0.266009 0.150672 0.003319 0.307274 0.000068
0.011887 0.260100 0.266345 0.151165 0.003246 0.307188 0.000069
0.011822 0.259651 0.265714 0.150765 0.003310 0.308667 0.000071
0.012051 0.257868 0.265759 0.150862 0.003314 0.310076 0.000069
0.011997 0.258532 0.265386 0.150582 0.003368 0.310067 0.000068
0.011907 0.256952 0.266081 0.150442 0.003363 0.311184 0.000070
0.011986 0.256705 0.265593 0.150411 0.003370 0.311862 0.000073
0.012052 0.255534 0.265282 0.150440 0.003388 0.313236 0.000068
0.012009 0.254329 0.265400 0.150486 0.003386 0.314322 0.000068
0.012054 0.252406 0.265708 0.150355 0.003390 0.316009 0.000078
0.012000 0.252960 0.265213 0.150292 0.003403 0.316063 0.000069
0.012087 0.252097 0.264834 0.150316 0.003410 0.317190 0.000066
0.012037 0.251249 0.264574 0.150200 0.003415 0.318457 0.000067
0.012141 0.250143 0.264645 0.150309 0.003456 0.319237 0.000070
0.012302 0.248536 0.264750 0.150189 0.003421 0.320725 0.000078
0.012114 0.248715 0.264248 0.150297 0.003449 0.321106 0.000072
0.012033 0.247684 0.264279 0.150025 0.003490 0.322419 0.000070
0.012250 0.246434 0.263948 0.150016 0.003514 0.323770 0.000069
0.012094 0.246692 0.263998 0.149878 0.003505 0.323765 0.000068
0.012250 0.244011 0.263772 0.149629 0.003499 0.326761 0.000078
0.012186 0.244745 0.263793 0.149918 0.003498 0.325778 0.000082
0.012366 0.243911 0.262821 0.150048 0.003536 0.327247 0.000071
0.012285 0.242911 0.263041 0.149506 0.003499 0.328684 0.000075
0.012305 0.242040 0.263345 0.149355 0.003574 0.329308 0.000074
0.012285 0.241517 0.262962 0.149474 0.003544 0.330142 0.000075
0.012196 0.239910 0.262765 0.149070 0.003522 0.332458 0.000079
0.012325 0.239997 0.262425 0.149276 0.003529 0.332376 0.000071
0.012367 0.238893 0.262471 0.149252 0.003587 0.333358 0.000072
0.012547 0.236837 0.261967 0.148980 0.003604 0.335988 0.000078
0.012429 0.237184 0.261959 0.149041 0.003621 0.335688 0.000079
0.012548 0.237615 0.261936 0.148756 0.003592 0.335480 0.000072
0.012466 0.234893 0.261767 0.148910 0.003613 0.338276 0.000076
0.012475 0.235290 0.261565 0.148700 0.003646 0.338244 0.000080
0.012559 0.233388 0.261193 0.148876 0.003600 0.340312 0.000072
0.012509 0.233138 0.261619 0.148473 0.003634 0.340549 0.000076
0.012672 0.232641 0.260999 0.148302 0.003657 0.341650 0.000078
0.012627 0.233033 0.261064 0.148436 0.003651 0.341112 0.000077
0.012711 0.231631 0.261115 0.148286 0.003621 0.342556 0.000081
0.012867 0.230032 0.260572 0.148044 0.003679 0.344731 0.000075
0.012652 0.228476 0.260200 0.147944 0.003698 0.346950 0.000080
0.012680 0.229665 0.260163 0.148072 0.003678 0.345658 0.000083
0.012606 0.227940 0.260071 0.148042 0.003663 0.347595 0.000083
0.012738 0.226681 0.259936 0.147724 0.003679 0.349162 0.000080
0.012860 0.227028 0.259628 0.147642 0.003719 0.349040 0.000082
0.012743 0.227817 0.259411 0.147399 0.003723 0.348816 0.000092
0.012776 0.224250 0.259344 0.147411 0.003736 0.352394 0.000089
0.012775 0.223132 0.259114 0.147604 0.003734 0.353557 0.000084
0.012963 0.223702 0.258936 0.147296 0.003730 0.353286 0.000088
0.012925 0.222612 0.258523 0.147034 0.003731 0.355092 0.000082
0.013044 0.222752 0.258273 0.147107 0.003733 0.355003 0.000087
0.012989 0.221605 0.258316 0.147328 0.003802 0.355860 0.000100
0.013057 0.221410 0.258186 0.146763 0.003747 0.356746 0.000090
0.013029 0.219565 0.257928 0.146615 0.003774 0.358996 0.000093
0.013105 0.219172 0.257866 0.146637 0.003749 0.359378 0.000093
0.013033 0.219300 0.257815 0.146360 0.003784 0.359616 0.000092
0.013063 0.218094 0.257455 0.146650 0.003782 0.360863 0.000094
0.013118 0.216841 0.257169 0.146233 0.003843 0.362704 0.000093
0.013082 0.216588 0.256685 0.146267 0.003785 0.363504 0.000090
0.013168 0.215107 0.256550 0.146272 0.003817 0.364989 0.000096
0.013210 0.215199 0.256575 0.146109 0.003799 0.365015 0.000092
0.013083 0.214537 0.256145 0.145985 0.003885 0.366269 0.000096
0.013242 0.213740 0.255942 0.145659 0.003884 0.367435 0.000097
0.013260 0.213138 0.255977 0.145844 0.003825 0.367861 0.000094
0.013348 0.212522 0.255606 0.145317 0.003879 0.369232 0.000097
0.013235 0.210305 0.255518 0.145490 0.003890 0.371470 0.000093
0.013406 0.209717 0.255190 0.145398 0.003896 0.372284 0.000109
0.013444 0.210538 0.254963 0.145230 0.003878 0.371844 0.000103
0.013285 0.210400 0.255140 0.145198 0.003876 0.372008 0.000093
0.013293 0.209096 0.254763 0.145152 0.003841 0.373756 0.000099
0.013463 0.208369 0.254486 0.145260 0.003875 0.374443 0.000103
0.013514 0.206872 0.254214 0.144609 0.003943 0.376748 0.000099
0.013644 0.207006 0.253889 0.144830 0.003901 0.376626 0.000103
0.013642 0.206344 0.253775 0.144578 0.003895 0.377663 0.000102
0.013436 0.205386 0.254047 0.144557 0.003923 0.378544 0.000108
0.013505 0.204505 0.253179 0.144371 0.003939 0.380399 0.000103
0.013694 0.204674 0.252906 0.144392 0.003974 0.380248 0.000111
0.013736 0.203098 0.252502 0.144044 0.003950 0.382572 0.000099
0.013643 0.202602 0.252540 0.144097 0.003975 0.383038 0.000105
0.013606 0.201669 0.252262 0.143770 0.003987 0.384609 0.000097
0.013699 0.202000 0.252198 0.144000 0.003965 0.384022 0.000116
0.013725 0.202234 0.251979 0.143539 0.003938 0.384481 0.000104
0.013815 0.200142 0.251621 0.143601 0.004032 0.386679 0.000111
0.013914 0.200439 0.251652 0.143552 0.003981 0.386360 0.000102
0.013891 0.199450 0.251311 0.143077 0.004008 0.388160 0.000103
0.014008 0.198727 0.250875 0.143243 0.004018 0.389017 0.000112
0.014039 0.198534 0.251043 0.142693 0.003993 0.389591 0.000107
0.013944 0.197817 0.250413 0.142771 0.004010 0.390935 0.000109
0.014037 0.196349 0.250153 0.142784 0.004027 0.392540 0.000110
0.014085 0.195421 0.249790 0.142872 0.004097 0.393613 0.000123
0.014206 0.194911 0.249607 0.142762 0.003995 0.394416 0.000104
0.014213 0.195422 0.249533 0.142477 0.004047 0.394203 0.000104
0.014152 0.194006 0.249385 0.142209 0.004088 0.396049 0.000112
0.014106 0.193734 0.248934 0.142206 0.004038 0.396870 0.000112
0.014237 0.193254 0.248645 0.141980 0.004109 0.397656 0.000119
0.014390 0.192879 0.248570 0.141845 0.004051 0.398150 0.000114
0.014313 0.191995 0.248169 0.141886 0.004099 0.399432 0.000106
0.014351 0.191856 0.248181 0.141800 0.004122 0.399577 0.000113
0.014390 0.190343 0.247929 0.141450 0.004136 0.401633 0.000118
0.014447 0.191078 0.247924 0.141411 0.004063 0.400953 0.000124
0.014411 0.189537 0.247689 0.141475 0.004146 0.402624 0.000119
0.014365 0.189042 0.247060 0.141153 0.004143 0.404126 0.000111
0.014467 0.189474 0.247235 0.141321 0.004172 0.403210 0.000120
0.014622 0.188712 0.246742 0.140942 0.004130 0.404745 0.000108
0.014519 0.188022 0.246376 0.140727 0.004116 0.406125 0.000116
0.014434 0.187268 0.246261 0.140629 0.004175 0.407109 0.000125
0.014603 0.186391 0.245853 0.140656 0.004175 0.408199 0.000123
0.014433 0.186679 0.246088 0.140480 0.004167 0.408030 0.000123
0.014559 0.185943 0.245864 0.140295 0.004119 0.409095 0.000125
0.014620 0.184221 0.245459 0.139865 0.004171 0.411541 0.000122
0.014701 0.184315 0.244928 0.140248 0.004167 0.411524 0.000117
0.014742 0.183570 0.244772 0.139991 0.004221 0.412584 0.000121
0.014814 0.182682 0.244969 0.139485 0.004240 0.413683 0.000128
0.014776 0.181907 0.244106 0.139436 0.004294 0.415358 0.000123
0.015048 0.182238 0.244858 0.139211 0.004208 0.414309 0.000129
0.015004 0.181359 0.244393 0.138887 0.004213 0.416024 0.000121
0.014890 0.181052 0.243856 0.139168 0.004243 0.416672 0.000119
0.014971 0.181434 0.243685 0.138961 0.004273 0.416553 0.000123
0.015245 0.179165 0.242999 0.138908 0.004280 0.419276 0.000127
0.015042 0.179899 0.243110 0.138744 0.004244 0.418840 0.000121
0.015291 0.178608 0.242850 0.138372 0.004268 0.420481 0.000130
0.014966 0.178697 0.242826 0.138404 0.004254 0.420727 0.000126
0.015327 0.177133 0.242363 0.138025 0.004319 0.422706 0.000127
0.015228 0.177847 0.242439 0.137835 0.004300 0.422212 0.000139
0.015305 0.175918 0.241933 0.137863 0.004273 0.424573 0.000135
0.015073 0.177136 0.242540 0.137683 0.004293 0.423144 0.000132
0.015219 0.175867 0.241701 0.137806 0.004308 0.424962 0.000135
0.015278 0.174501 0.241259 0.137324 0.004377 0.427131 0.000129
0.015341 0.173638 0.241281 0.137757 0.004329 0.427515 0.000138
0.015397 0.175011 0.241047 0.137416 0.004332 0.426665 0.000132
0.015458 0.174233 0.240869 0.137019 0.004286 0.428011 0.000126
0.015341 0.173216 0.240225 0.137160 0.004332 0.429586 0.000140
0.015326 0.172427 0.240184 0.136880 0.004326 0.430720 0.000137
0.015544 0.171794 0.239459 0.136615 0.004393 0.432057 0.000138
0.015565 0.171256 0.238973 0.136486 0.004362 0.433213 0.000144
0.015543 0.170358 0.239287 0.136401 0.004406 0.433874 0.000132
0.015431 0.171113 0.238944 0.136425 0.004314 0.433642 0.000131
0.015596 0.170306 0.238850 0.136052 0.004372 0.434688 0.000136
0.015653 0.169618 0.238361 0.135979 0.004345 0.435903 0.000142
0.015381 0.168734 0.238267 0.135802 0.004387 0.437286 0.000143
0.015651 0.168674 0.237618 0.135713 0.004420 0.437790 0.000134
0.015686 0.168169 0.237649 0.135732 0.004418 0.438211 0.000135
0.015630 0.168140 0.237010 0.135391 0.004432 0.439264 0.000133
0.015871 0.167153 0.237174 0.135125 0.004441 0.440095 0.000141
0.015966 0.166221 0.236894 0.135067 0.004435 0.441283 0.000133
0.015781 0.166515 0.236716 0.134741 0.004411 0.441691 0.000145
0.016073 0.165347 0.236294 0.134778 0.004463 0.442909 0.000135
0.015977 0.165242 0.235844 0.134296 0.004498 0.444005 0.000138
0.016144 0.165213 0.236209 0.134647 0.004427 0.443219 0.000141
0.015862 0.165230 0.235688 0.134509 0.004483 0.444088 0.000141
0.016056 0.163736 0.235262 0.134256 0.004526 0.446022 0.000142
0.016143 0.163685 0.235453 0.133890 0.004422 0.446259 0.000148
0.016089 0.162426 0.235019 0.133800 0.004441 0.448089 0.000137
0.016298 0.162957 0.234839 0.133297 0.004458 0.448009 0.000141
0.016122 0.163086 0.234653 0.133834 0.004468 0.447699 0.000139
0.016039 0.162548 0.234460 0.133512 0.004469 0.448827 0.000144
0.016304 0.160612 0.233826 0.133191 0.004442 0.451482 0.000142
0.016422 0.160297 0.233667 0.132963 0.004439 0.452066 0.000146
0.016379 0.160346 0.233298 0.132861 0.004478 0.452494 0.000145
0.016364 0.159546 0.233622 0.132725 0.004461 0.453136 0.000145
0.016508 0.158809 0.232757 0.132472 0.004521 0.454778 0.000156
0.016442 0.158189 0.232196 0.132456 0.004516 0.456048 0.000153
0.016675 0.158729 0.232118 0.132396 0.004530 0.455396 0.000156
0.016626 0.157304 0.231646 0.132085 0.004537 0.457655 0.000147
0.016557 0.157589 0.231838 0.131786 0.004553 0.457525 0.000152
0.016561 0.157888 0.231309 0.131967 0.004560 0.457559 0.000156
0.016719 0.156442 0.230963 0.131924 0.004539 0.459259 0.000154
0.016834 0.155420 0.230323 0.131247 0.004577 0.461449 0.000150
0.016866 0.155763 0.230437 0.131610 0.004548 0.460627 0.000150
0.017027 0.155684 0.230251 0.130959 0.004508 0.461417 0.000154
0.016823 0.155007 0.230110 0.131130 0.004555 0.462216 0.000158
0.016876 0.154648 0.229647 0.130929 0.004546 0.463205 0.000150
0.017028 0.154367 0.229495 0.130983 0.004545 0.463426 0.000155
0.017083 0.153523 0.229043 0.130484 0.004546 0.465156 0.000166
0.017094 0.153104 0.228816 0.130864 0.004592 0.465378 0.000151
0.017052 0.153360 0.228450 0.130567 0.004562 0.465850 0.000160
0.017114 0.154015 0.228646 0.130515 0.004574 0.464982 0.000155
0.017340 0.152302 0.227641 0.130201 0.004553 0.467798 0.000165
0.017116 0.151464 0.227169 0.129788 0.004654 0.469648 0.000161
0.017165 0.152024 0.227751 0.129909 0.004530 0.468451 0.000171
0.017284 0.150972 0.227281 0.129232 0.004554 0.470518 0.000159
0.017487 0.150721 0.226895 0.129379 0.004643 0.470719 0.000157
0.017221 0.150227 0.226342 0.129379 0.004565 0.472103 0.000163
0.017187 0.150134 0.226051 0.128795 0.004622 0.473057 0.000154
0.017608 0.148878 0.225572 0.128661 0.004632 0.474491 0.000159
0.017600 0.149634 0.225502 0.128752 0.004610 0.473737 0.000165
0.017503 0.148564 0.225585 0.128591 0.004621 0.474976 0.000160
0.017458 0.149091 0.225439 0.128745 0.004681 0.474443 0.000144
0.017442 0.148295 0.224946 0.128389 0.004633 0.476124 0.000172
0.017571 0.147609 0.224611 0.128473 0.004597 0.476973 0.000165
0.017570 0.146872 0.224128 0.128159 0.004742 0.478365 0.000164
0.017586 0.146549 0.223554 0.128015 0.004727 0.479396 0.000173
0.017491 0.146727 0.223587 0.128100 0.004674 0.479247 0.000176
0.017786 0.146256 0.223423 0.127809 0.004681 0.479866 0.000179
0.017966 0.145111 0.222603 0.127191 0.004701 0.482264 0.000164
0.018037 0.146114 0.222858 0.127342 0.004679 0.480791 0.000180
0.017930 0.144948 0.222692 0.126988 0.004787 0.482491 0.000164
0.017948 0.144504 0.222415 0.126898 0.004640 0.483423 0.000172
0.017912 0.144789 0.222135 0.126967 0.004689 0.483326 0.000182
0.018030 0.143779 0.221885 0.126742 0.004689 0.484707 0.000168
0.018182 0.144212 0.221983 0.126556 0.004681 0.484219 0.000166
0.018235 0.142824 0.221516 0.125920 0.004735 0.486598 0.000173
0.018044 0.142469 0.221181 0.125839 0.004729 0.487567 0.000172
0.018219 0.143421 0.221556 0.126235 0.004667 0.485731 0.000171
0.018290 0.142924 0.220968 0.126259 0.004703 0.486672 0.000184
0.018177 0.141283 0.220325 0.125652 0.004711 0.489672 0.000180
0.018245 0.142092 0.220725 0.125601 0.004676 0.488493 0.000168
0.018362 0.141389 0.220161 0.125481 0.004702 0.489719 0.000184
0.018557 0.140529 0.219159 0.125128 0.004713 0.491738 0.000176
