0.999116 0.000861 0.000012 0.000011 0.000000 0.000000 0.000000
0.998671 0.001293 0.000022 0.000002 0.000000 0.000012 0.000000
0.998219 0.001734 0.000029 0.000006 0.000000 0.000012 0.000000
0.997791 0.002148 0.000041 0.000008 0.000000 0.000013 0.000000
0.997345 0.002583 0.000046 0.000013 0.000000 0.000012 0.000000
0.996871 0.003040 0.000060 0.000016 0.000000 0.000014 0.000000
0.996312 0.003592 0.000064 0.000018 0.000000 0.000013 0.000000
0.995666 0.004229 0.000068 0.000024 0.000000 0.000013 0.000000
0.995049 0.004833 0.000075 0.000030 0.000000 0.000013 0.000000
0.994004 0.005870 0.000086 0.000028 0.000000 0.000011 0.000000
0.992763 0.007073 0.000126 0.000028 0.000000 0.000011 0.000000
0.991601 0.008240 0.000110 0.000040 0.000000 0.000010 0.000000
0.989662 0.010146 0.000140 0.000043 0.000000 0.000009 0.000000
0.987808 0.011961 0.000162 0.000062 0.000000 0.000008 0.000000
0.984993 0.014741 0.000184 0.000076 0.000000 0.000007 0.000000
0.981615 0.018062 0.000217 0.000099 0.000000 0.000007 0.000000
0.977764 0.021799 0.000304 0.000122 0.000000 0.000011 0.000000
0.974734 0.024801 0.000317 0.000138 0.000000 0.000009 0.000000
0.969335 0.030096 0.000377 0.000182 0.000000 0.000010 0.000000
0.963779 0.035518 0.000464 0.000231 0.000000 0.000007 0.000000
0.958429 0.040707 0.000557 0.000298 0.000000 0.000009 0.000000
0.951770 0.047242 0.000614 0.000364 0.000000 0.000010 0.000000
0.944659 0.054192 0.000730 0.000401 0.000000 0.000018 0.000000
0.935593 0.062999 0.000884 0.000500 0.000000 0.000024 0.000000
0.925910 0.072418 0.001048 0.000590 0.000000 0.000033 0.000000
0.916586 0.081503 0.001203 0.000663 0.000000 0.000046 0.000000
0.905747 0.092038 0.001391 0.000779 0.000000 0.000045 0.000000
0.894054 0.103382 0.001590 0.000929 0.000001 0.000044 0.000000
0.881981 0.115073 0.001820 0.001062 0.000004 0.000060 0.000000
0.869354 0.127344 0.002039 0.001190 0.000003 0.000070 0.000000
0.856753 0.139527 0.002311 0.001327 0.000004 0.000079 0.000000
0.841345 0.154461 0.002642 0.001466 0.000003 0.000083 0.000000
0.825833 0.169465 0.002949 0.001664 0.000003 0.000085 0.000000
0.811979 0.182884 0.003220 0.001825 0.000005 0.000087 0.000000
0.797923 0.196485 0.003508 0.001979 0.000004 0.000101 0.000000
0.780897 0.212891 0.003897 0.002189 0.000005 0.000121 0.000000
0.765004 0.228100 0.004371 0.002386 0.000004 0.000133 0.000000
0.747619 0.244763 0.004842 0.002613 0.000006 0.000159 0.000000
0.733227 0.258474 0.005271 0.002854 0.000005 0.000168 0.000000
0.717316 0.273663 0.005703 0.003129 0.000006 0.000184 0.000000
0.701678 0.288481 0.006216 0.003414 0.000006 0.000205 0.000000
0.685390 0.303970 0.006720 0.003699 0.000005 0.000216 0.000000
0.671007 0.317563 0.007174 0.004025 0.000005 0.000226 0.000000
0.654716 0.332908 0.007750 0.004375 0.000005 0.000247 0.000000
0.640141 0.346598 0.008294 0.004681 0.000004 0.000282 0.000000
0.623482 0.362223 0.008934 0.005046 0.000005 0.000310 0.000000
0.612061 0.372834 0.009424 0.005337 0.000005 0.000339 0.000000
0.598270 0.385633 0.010030 0.005693 0.000005 0.000368 0.000000
0.586227 0.396778 0.010576 0.006013 0.000005 0.000401 0.000000
0.571861 0.410024 0.011274 0.006406 0.000005 0.000431 0.000000
0.557099 0.423653 0.011950 0.006816 0.000005 0.000477 0.000000
0.547906 0.431879 0.012520 0.007168 0.000005 0.000523 0.000000
0.535556 0.443061 0.013225 0.007595 0.000004 0.000558 0.000000
0.525653 0.451891 0.013881 0.007967 0.000004 0.000604 0.000000
0.511628 0.464661 0.014630 0.008433 0.000005 0.000641 0.000000
0.499460 0.475450 0.015460 0.008917 0.000007 0.000705 0.000000
0.488426 0.485409 0.016134 0.009268 0.000007 0.000755 0.000000
0.477651 0.494791 0.017023 0.009707 0.000007 0.000821 0.000000
0.471088 0.500365 0.017647 0.010032 0.000009 0.000859 0.000000
0.454630 0.515108 0.018669 0.010648 0.000008 0.000936 0.000000
0.446566 0.522061 0.019299 0.011075 0.000011 0.000989 0.000000
0.434262 0.532848 0.020271 0.011547 0.000014 0.001057 0.000000
0.422619 0.542919 0.021244 0.012092 0.000014 0.001111 0.000000
0.412131 0.551830 0.022198 0.012634 0.000014 0.001193 0.000000
0.403019 0.559372 0.023148 0.013168 0.000013 0.001279 0.000000
0.392579 0.568092 0.024155 0.013808 0.000015 0.001351 0.000000
0.385318 0.573920 0.025040 0.014289 0.000015 0.001419 0.000000
0.375874 0.581444 0.026149 0.015006 0.000016 0.001511 0.000000
0.364180 0.591300 0.027261 0.015632 0.000016 0.001613 0.000000
0.353997 0.599383 0.028512 0.016381 0.000019 0.001708 0.000000
0.349674 0.602233 0.029430 0.016847 0.000019 0.001798 0.000000
0.339843 0.610111 0.030542 0.017559 0.000022 0.001922 0.000000
0.332717 0.615555 0.031541 0.018144 0.000024 0.002018 0.000000
0.324411 0.621772 0.032796 0.018841 0.000025 0.002155 0.000000
0.315596 0.628478 0.033973 0.019637 0.000029 0.002288 0.000000
0.315010 0.627636 0.034824 0.020078 0.000029 0.002422 0.000000
0.302761 0.637488 0.036266 0.020874 0.000030 0.002581 0.000000
0.297737 0.640718 0.037347 0.021442 0.000029 0.002727 0.000000
0.290036 0.646090 0.038737 0.022213 0.000031 0.002894 0.000000
0.286711 0.647945 0.039538 0.022750 0.000032 0.003024 0.000000
0.278788 0.653209 0.041125 0.023643 0.000035 0.003199 0.000000
0.276239 0.654021 0.042095 0.024249 0.000039 0.003357 0.000000
0.269473 0.658864 0.043267 0.024864 0.000041 0.003490 0.000000
0.265507 0.660589 0.044614 0.025537 0.000044 0.003710 0.000000
0.256821 0.666483 0.046231 0.026507 0.000048 0.003909 0.000000
0.251325 0.669722 0.047535 0.027264 0.000050 0.004105 0.000000
0.250903 0.668759 0.048292 0.027725 0.000051 0.004271 0.000000
0.245244 0.671421 0.050058 0.028667 0.000054 0.004553 0.000001
0.247093 0.668837 0.050443 0.028906 0.000057 0.004663 0.000001
0.239448 0.673654 0.052120 0.029821 0.000059 0.004898 0.000000
0.235415 0.675534 0.053389 0.030529 0.000062 0.005071 0.000001
0.226786 0.680732 0.055351 0.031669 0.000067 0.005394 0.000001
0.226822 0.679454 0.056135 0.032023 0.000074 0.005491 0.000001
0.220454 0.682403 0.058104 0.033125 0.000072 0.005842 0.000001
0.217194 0.683920 0.059038 0.033755 0.000077 0.006016 0.000001
0.214722 0.684998 0.059781 0.034184 0.000078 0.006237 0.000000
0.203606 0.692057 0.062150 0.035446 0.000087 0.006653 0.000001
0.198800 0.694849 0.063386 0.036086 0.000091 0.006788 0.000000
0.198486 0.692699 0.064733 0.036860 0.000088 0.007134 0.000000
0.195722 0.693606 0.065736 0.037522 0.000089 0.007324 0.000001
0.185377 0.699713 0.068121 0.038889 0.000095 0.007805 0.000001
0.181617 0.701110 0.069484 0.039628 0.000098 0.008063 0.000000
0.175899 0.704399 0.070773 0.040468 0.000104 0.008356 0.000001
0.171847 0.705453 0.072471 0.041418 0.000109 0.008701 0.000001
0.169039 0.706943 0.073197 0.041778 0.000108 0.008935 0.000001
0.160979 0.709811 0.076194 0.043427 0.000115 0.009474 0.000001
0.165377 0.704941 0.076376 0.043497 0.000118 0.009690 0.000001
0.161175 0.706306 0.077908 0.044459 0.000120 0.010031 0.000001
0.154183 0.708909 0.080366 0.045864 0.000131 0.010547 0.000001
0.155525 0.705902 0.081147 0.046408 0.000134 0.010882 0.000001
0.153119 0.705583 0.082666 0.047256 0.000143 0.011233 0.000001
0.151906 0.704355 0.084101 0.047939 0.000136 0.011562 0.000001
0.146482 0.706414 0.086004 0.048967 0.000150 0.011983 0.000001
0.146491 0.703829 0.087282 0.049841 0.000153 0.012404 0.000001
0.143728 0.705085 0.088032 0.050353 0.000158 0.012643 0.000001
0.143754 0.703293 0.089065 0.050707 0.000164 0.013018 0.000001
0.137968 0.706333 0.090572 0.051574 0.000169 0.013383 0.000001
0.137042 0.704020 0.092257 0.052577 0.000175 0.013930 0.000000
0.130762 0.705718 0.094727 0.054117 0.000176 0.014500 0.000000
0.133257 0.702972 0.094778 0.054163 0.000184 0.014646 0.000001
0.128315 0.703511 0.097316 0.055376 0.000189 0.015292 0.000001
0.123806 0.704864 0.098830 0.056455 0.000200 0.015844 0.000001
0.120142 0.706390 0.100032 0.057072 0.000201 0.016161 0.000001
0.115815 0.707164 0.101843 0.058255 0.000212 0.016711 0.000001
0.108873 0.709935 0.104014 0.059638 0.000219 0.017320 0.000001
0.107525 0.708517 0.105634 0.060239 0.000219 0.017865 0.000001
0.105554 0.708277 0.106740 0.060922 0.000228 0.018278 0.000001
0.097623 0.710918 0.109703 0.062581 0.000233 0.018941 0.000001
0.094763 0.710784 0.111349 0.063305 0.000230 0.019567 0.000001
0.089125 0.711584 0.113898 0.064906 0.000236 0.020250 0.000001
0.091404 0.708617 0.114201 0.065058 0.000249 0.020469 0.000001
0.090040 0.705904 0.116339 0.066251 0.000259 0.021206 0.000001
0.089846 0.703883 0.117500 0.066907 0.000262 0.021602 0.000001
0.092712 0.699714 0.118029 0.067303 0.000257 0.021985 0.000001
0.084601 0.702339 0.120967 0.068909 0.000273 0.022909 0.000001
0.082714 0.702355 0.121928 0.069563 0.000281 0.023158 0.000001
0.081129 0.699471 0.124085 0.070960 0.000292 0.024062 0.000001
0.078092 0.699776 0.125599 0.071715 0.000314 0.024503 0.000001
0.078549 0.697264 0.126596 0.072124 0.000313 0.025153 0.000001
0.076227 0.696577 0.128099 0.073101 0.000319 0.025677 0.000001
0.076416 0.694796 0.128797 0.073555 0.000326 0.026108 0.000002
0.072221 0.693708 0.131557 0.075029 0.000331 0.027152 0.000001
0.069576 0.693234 0.133325 0.075764 0.000343 0.027755 0.000001
0.068710 0.691973 0.134302 0.076462 0.000353 0.028198 0.000001
0.068771 0.690577 0.134924 0.076704 0.000347 0.028675 0.000001
0.063537 0.689653 0.138062 0.078610 0.000369 0.029767 0.000001
0.067146 0.685835 0.138124 0.078524 0.000375 0.029994 0.000002
0.062718 0.685610 0.140419 0.079839 0.000376 0.031035 0.000003
0.062075 0.683438 0.141706 0.080659 0.000399 0.031722 0.000001
0.058849 0.685091 0.142653 0.081098 0.000394 0.031914 0.000002
0.057788 0.681892 0.144600 0.082281 0.000399 0.033039 0.000001
0.057598 0.681025 0.145118 0.082575 0.000396 0.033286 0.000002
0.059335 0.674863 0.147424 0.083697 0.000396 0.034284 0.000001
0.053627 0.676925 0.149277 0.084667 0.000425 0.035078 0.000002
0.052126 0.674697 0.151178 0.085591 0.000428 0.035977 0.000002
0.051482 0.672879 0.152156 0.086360 0.000438 0.036682 0.000002
0.050626 0.671302 0.153173 0.087014 0.000451 0.037431 0.000003
0.050226 0.670570 0.153710 0.087301 0.000457 0.037732 0.000003
0.048129 0.668410 0.155744 0.088431 0.000479 0.038802 0.000004
0.047305 0.666267 0.157233 0.089152 0.000475 0.039565 0.000003
0.043630 0.666324 0.159031 0.090028 0.000494 0.040490 0.000004
0.041901 0.665367 0.160168 0.090784 0.000507 0.041269 0.000004
0.041495 0.663565 0.161201 0.091588 0.000496 0.041651 0.000004
0.040893 0.660977 0.162596 0.092535 0.000517 0.042478 0.000003
0.038913 0.661541 0.163237 0.092753 0.000526 0.043028 0.000003
0.038058 0.658634 0.164872 0.093991 0.000530 0.043912 0.000003
0.037119 0.656069 0.166490 0.094742 0.000531 0.045044 0.000004
0.035743 0.654171 0.168186 0.095530 0.000551 0.045817 0.000003
0.034920 0.653614 0.168752 0.095833 0.000572 0.046306 0.000003
0.032753 0.650630 0.171267 0.097273 0.000574 0.047499 0.000004
0.032914 0.650011 0.171397 0.097417 0.000589 0.047668 0.000003
0.031086 0.647063 0.173636 0.098716 0.000596 0.048898 0.000004
0.030434 0.644788 0.175144 0.099368 0.000616 0.049646 0.000003
0.029997 0.643643 0.175830 0.099709 0.000622 0.050194 0.000004
0.028505 0.639340 0.178446 0.101457 0.000659 0.051589 0.000004
0.028743 0.638424 0.178694 0.101350 0.000646 0.052140 0.000003
0.027312 0.635507 0.180843 0.102576 0.000651 0.053108 0.000003
0.027624 0.634488 0.180847 0.102744 0.000666 0.053626 0.000004
0.026521 0.632505 0.182572 0.103458 0.000675 0.054264 0.000006
0.025973 0.630197 0.183506 0.104325 0.000680 0.055312 0.000006
0.025345 0.626138 0.185840 0.105342 0.000697 0.056633 0.000005
0.024536 0.624517 0.186755 0.105944 0.000711 0.057532 0.000004
0.025110 0.623272 0.186780 0.106033 0.000726 0.058076 0.000003
0.024518 0.620352 0.188566 0.106852 0.000729 0.058979 0.000004
0.024234 0.620427 0.188657 0.106816 0.000715 0.059148 0.000003
0.023745 0.615830 0.190934 0.107931 0.000743 0.060812 0.000005
0.023505 0.613034 0.192040 0.108880 0.000754 0.061780 0.000005
0.023346 0.613167 0.191902 0.108819 0.000751 0.062010 0.000005
0.022458 0.610086 0.193798 0.109806 0.000755 0.063091 0.000006
0.022534 0.607752 0.194557 0.110425 0.000758 0.063968 0.000006
0.022041 0.604973 0.196227 0.111032 0.000775 0.064946 0.000006
0.026525 0.601419 0.195518 0.110758 0.000770 0.065005 0.000005
0.030590 0.595178 0.196258 0.111051 0.000800 0.066116 0.000007
0.027684 0.596920 0.196818 0.111266 0.000791 0.066515 0.000007
0.026619 0.595430 0.197697 0.112202 0.000801 0.067241 0.000010
0.029876 0.591197 0.198056 0.112141 0.000818 0.067904 0.000008
0.030857 0.586421 0.199566 0.113009 0.000843 0.069297 0.000008
0.037154 0.580463 0.199246 0.112679 0.000828 0.069622 0.000008
0.039203 0.577457 0.199463 0.112777 0.000845 0.070248 0.000007
0.038738 0.575547 0.200372 0.113302 0.000848 0.071183 0.000009
0.037862 0.576357 0.200493 0.113089 0.000850 0.071342 0.000007
0.040997 0.571867 0.200631 0.113438 0.000879 0.072180 0.000009
0.039678 0.570729 0.201629 0.114002 0.000866 0.073087 0.000009
0.042048 0.568069 0.201611 0.113894 0.000894 0.073476 0.000008
0.041296 0.566702 0.202379 0.114493 0.000907 0.074216 0.000007
0.038582 0.565681 0.203753 0.115127 0.000895 0.075952 0.000010
0.040213 0.563808 0.203636 0.115371 0.000892 0.076072 0.000009
0.038080 0.563346 0.204761 0.115900 0.000905 0.077000 0.000008
0.037832 0.561446 0.205733 0.116295 0.000924 0.077761 0.000009
0.037207 0.560357 0.206154 0.116521 0.000934 0.078816 0.000012
0.037106 0.557214 0.207704 0.117001 0.000938 0.080026 0.000012
0.036044 0.556915 0.208027 0.117502 0.000963 0.080539 0.000009
0.034618 0.556142 0.208770 0.117828 0.000964 0.081666 0.000012
0.030775 0.555763 0.210486 0.119183 0.000960 0.082823 0.000010
0.032274 0.554286 0.210327 0.118687 0.000989 0.083426 0.000011
0.029508 0.553939 0.211630 0.119732 0.000977 0.084202 0.000012
0.027929 0.551016 0.213434 0.120681 0.001021 0.085906 0.000013
0.024488 0.550645 0.215099 0.121688 0.001004 0.087065 0.000011
0.025873 0.547985 0.215353 0.121894 0.001034 0.087848 0.000013
0.024082 0.546056 0.216957 0.122619 0.001055 0.089218 0.000014
0.024228 0.544128 0.217287 0.123127 0.001066 0.090148 0.000015
0.022469 0.541638 0.219251 0.123974 0.001085 0.091568 0.000015
0.023166 0.540265 0.219292 0.124044 0.001067 0.092155 0.000011
0.024678 0.538005 0.219308 0.124098 0.001065 0.092830 0.000017
0.030024 0.533013 0.218864 0.124111 0.001065 0.092908 0.000014
0.029814 0.530613 0.219946 0.124348 0.001113 0.094152 0.000015
0.031082 0.528724 0.219926 0.124437 0.001095 0.094719 0.000018
0.033472 0.524820 0.220241 0.124920 0.001094 0.095439 0.000015
0.031364 0.524280 0.221266 0.125340 0.001116 0.096618 0.000016
0.034621 0.522073 0.220698 0.125025 0.001146 0.096421 0.000016
0.028732 0.522612 0.223224 0.126188 0.001150 0.098079 0.000015
0.031792 0.518657 0.223184 0.126170 0.001175 0.099004 0.000017
0.027161 0.518392 0.225036 0.127567 0.001159 0.100667 0.000017
0.030101 0.517052 0.223998 0.127026 0.001157 0.100651 0.000015
0.030684 0.515659 0.224240 0.126804 0.001192 0.101403 0.000018
0.028488 0.514497 0.225856 0.127431 0.001198 0.102513 0.000017
0.026642 0.514095 0.226514 0.127806 0.001232 0.103694 0.000017
0.026043 0.511669 0.227714 0.128621 0.001245 0.104690 0.000018
0.026330 0.509382 0.228237 0.128960 0.001245 0.105830 0.000015
0.025431 0.508981 0.228340 0.129276 0.001260 0.106694 0.000019
0.022801 0.506168 0.230731 0.130344 0.001299 0.108639 0.000018
0.022864 0.504250 0.231076 0.130955 0.001286 0.109552 0.000018
0.023259 0.504516 0.230859 0.130370 0.001296 0.109681 0.000019
0.022175 0.503376 0.231703 0.130855 0.001296 0.110574 0.000021
0.021416 0.500017 0.233239 0.131705 0.001321 0.112279 0.000023
0.018480 0.498811 0.234875 0.132592 0.001320 0.113900 0.000022
0.019716 0.496470 0.234802 0.132899 0.001364 0.114729 0.000020
0.020763 0.496216 0.234015 0.132546 0.001348 0.115088 0.000023
0.020185 0.493815 0.235215 0.133143 0.001359 0.116259 0.000024
0.018361 0.490400 0.237253 0.134230 0.001377 0.118355 0.000024
0.018713 0.490287 0.236483 0.134348 0.001398 0.118750 0.000021
0.019130 0.488601 0.237078 0.134003 0.001401 0.119764 0.000022
0.017463 0.485559 0.239010 0.135263 0.001428 0.121258 0.000020
0.016488 0.483009 0.240269 0.135727 0.001438 0.123042 0.000027
0.016464 0.482285 0.240398 0.136030 0.001436 0.123362 0.000026
0.016128 0.480210 0.241057 0.136358 0.001440 0.124779 0.000028
0.016727 0.480077 0.240563 0.136301 0.001461 0.124845 0.000025
0.016251 0.477755 0.241939 0.136571 0.001460 0.125996 0.000027
0.015909 0.475744 0.242187 0.137127 0.001493 0.127513 0.000027
0.016765 0.474731 0.242097 0.136940 0.001462 0.127976 0.000028
0.016051 0.473004 0.242933 0.137446 0.001477 0.129064 0.000025
0.015280 0.469175 0.244773 0.138098 0.001523 0.131125 0.000027
0.015574 0.469091 0.244293 0.138247 0.001498 0.131271 0.000027
0.015111 0.466398 0.245172 0.138786 0.001501 0.133003 0.000027
0.014932 0.465419 0.245585 0.138973 0.001546 0.133515 0.000030
0.015485 0.465035 0.245168 0.138750 0.001550 0.133989 0.000023
0.015002 0.462398 0.246189 0.139406 0.001570 0.135403 0.000030
0.014480 0.458142 0.247829 0.140228 0.001611 0.137683 0.000027
0.014546 0.458351 0.247666 0.140077 0.001586 0.137748 0.000025
0.014521 0.456342 0.248212 0.140287 0.001581 0.139027 0.000030
0.014443 0.454097 0.249126 0.140718 0.001606 0.139982 0.000028
0.014514 0.452744 0.249060 0.140985 0.001613 0.141055 0.000029
0.013977 0.451892 0.249432 0.141507 0.001654 0.141508 0.000030
0.013942 0.449324 0.250059 0.141618 0.001675 0.143355 0.000027
0.014129 0.448321 0.250456 0.141548 0.001651 0.143867 0.000030
0.013856 0.445357 0.251087 0.142121 0.001698 0.145851 0.000030
0.014011 0.444541 0.251272 0.142218 0.001675 0.146251 0.000032
0.013791 0.442240 0.251750 0.142801 0.001709 0.147681 0.000029
0.014063 0.443852 0.250905 0.142230 0.001710 0.147212 0.000029
0.013779 0.440076 0.252106 0.142777 0.001731 0.149500 0.000030
0.013731 0.438280 0.252764 0.143066 0.001753 0.150376 0.000030
0.013592 0.436834 0.252906 0.143258 0.001740 0.151643 0.000028
0.013822 0.435582 0.253300 0.143036 0.001756 0.152473 0.000031
0.013408 0.432640 0.253971 0.143891 0.001774 0.154286 0.000030
0.013639 0.432559 0.253481 0.143856 0.001769 0.154667 0.000028
0.013856 0.430342 0.254235 0.143995 0.001801 0.155740 0.000030
0.013516 0.429786 0.254554 0.144137 0.001781 0.156198 0.000027
0.013337 0.426085 0.255607 0.144781 0.001783 0.158379 0.000028
0.013387 0.426774 0.254988 0.144526 0.001785 0.158508 0.000033
0.013230 0.423840 0.255955 0.144949 0.001824 0.160174 0.000028
0.013246 0.421236 0.256773 0.145116 0.001841 0.161755 0.000033
0.013197 0.420503 0.256640 0.145480 0.001856 0.162289 0.000033
0.013501 0.421020 0.255805 0.145006 0.001860 0.162773 0.000036
0.012965 0.416230 0.257407 0.145908 0.001859 0.165599 0.000032
0.013103 0.416506 0.257053 0.145734 0.001851 0.165720 0.000034
0.013008 0.415711 0.257491 0.146013 0.001876 0.165868 0.000033
0.013536 0.414220 0.257163 0.145911 0.001894 0.167240 0.000037
0.013205 0.411907 0.258428 0.146135 0.001891 0.168403 0.000031
0.013267 0.409812 0.258291 0.146487 0.001910 0.170196 0.000036
0.013037 0.408178 0.258809 0.146643 0.001945 0.171356 0.000033
0.013170 0.408177 0.258947 0.146331 0.001916 0.171426 0.000033
0.013005 0.405996 0.259179 0.146787 0.001946 0.173050 0.000037
0.012897 0.403358 0.259856 0.147367 0.001941 0.174545 0.000035
0.013123 0.402643 0.259806 0.147112 0.001934 0.175343 0.000040
0.013144 0.400654 0.260172 0.147227 0.001977 0.176794 0.000033
0.012935 0.399315 0.260542 0.147455 0.001996 0.177723 0.000034
0.012958 0.397085 0.261136 0.147737 0.001992 0.179057 0.000035
0.013115 0.395045 0.261568 0.148180 0.002003 0.180050 0.000039
0.013033 0.394490 0.261160 0.148060 0.002003 0.181218 0.000036
0.012874 0.394350 0.261174 0.148037 0.002003 0.181528 0.000034
0.012787 0.392807 0.261797 0.148123 0.002054 0.182395 0.000038
0.012761 0.390594 0.262418 0.148483 0.002052 0.183655 0.000035
0.012851 0.387198 0.262602 0.148930 0.002060 0.186318 0.000041
0.012940 0.386371 0.262972 0.148905 0.002092 0.186687 0.000033
0.012974 0.385968 0.262579 0.148612 0.002090 0.187737 0.000040
0.012798 0.385474 0.262729 0.148631 0.002112 0.188217 0.000038
0.012898 0.383091 0.263213 0.149087 0.002109 0.189564 0.000039
0.012944 0.381514 0.263461 0.149170 0.002120 0.190757 0.000035
0.012765 0.379861 0.264065 0.149303 0.002162 0.191808 0.000036
0.012827 0.380680 0.263244 0.149226 0.002131 0.191856 0.000036
0.012924 0.377733 0.264042 0.149580 0.002136 0.193542 0.000043
0.012924 0.376594 0.263884 0.149888 0.002154 0.194513 0.000043
0.012840 0.375298 0.263935 0.149710 0.002165 0.196008 0.000044
0.012921 0.374494 0.264273 0.149670 0.002158 0.196440 0.000043
0.012823 0.372776 0.264464 0.150066 0.002191 0.197638 0.000043
0.012700 0.371176 0.264739 0.149918 0.002219 0.199200 0.000048
0.012651 0.368268 0.265252 0.150263 0.002270 0.201250 0.000046
0.012701 0.367608 0.265383 0.150239 0.002257 0.201764 0.000048
0.012815 0.365135 0.265827 0.150566 0.002253 0.203360 0.000045
0.012746 0.365750 0.265492 0.150472 0.002238 0.203256 0.000046
0.012699 0.363212 0.265725 0.150729 0.002269 0.205327 0.000039
0.012740 0.362975 0.265626 0.150373 0.002239 0.206004 0.000044
0.012956 0.362004 0.265851 0.150623 0.002294 0.206230 0.000043
0.012876 0.361098 0.265840 0.150524 0.002273 0.207342 0.000048
0.012781 0.360769 0.265624 0.150711 0.002271 0.207797 0.000047
0.012912 0.358078 0.265942 0.151025 0.002325 0.209675 0.000042
0.012597 0.356078 0.266434 0.151222 0.002358 0.211267 0.000044
0.012737 0.356256 0.266305 0.150749 0.002302 0.211608 0.000043
0.012739 0.354767 0.266432 0.151083 0.002367 0.212569 0.000043
0.012647 0.351847 0.267074 0.151306 0.002356 0.214722 0.000047
0.012772 0.350876 0.266915 0.151603 0.002344 0.215443 0.000047
0.012859 0.349661 0.266830 0.151324 0.002384 0.216898 0.000044
0.012790 0.348195 0.267270 0.151173 0.002361 0.218166 0.000044
0.012654 0.347158 0.267551 0.151532 0.002417 0.218639 0.000048
0.012735 0.346216 0.267207 0.151727 0.002401 0.219668 0.000046
0.012550 0.343896 0.267745 0.151788 0.002414 0.221555 0.000051
0.012812 0.345222 0.267412 0.151324 0.002388 0.220794 0.000048
0.012838 0.342692 0.267733 0.151739 0.002442 0.222505 0.000050
0.012709 0.340627 0.268206 0.151888 0.002452 0.224066 0.000051
0.012721 0.339799 0.267847 0.151973 0.002460 0.225153 0.000048
0.012862 0.339340 0.267647 0.151604 0.002474 0.226023 0.000052
0.012669 0.337325 0.268146 0.151979 0.002487 0.227346 0.000049
0.012748 0.336704 0.268460 0.151943 0.002506 0.227588 0.000051
0.012812 0.334384 0.268508 0.152055 0.002513 0.229675 0.000054
0.013114 0.334053 0.268050 0.151989 0.002498 0.230245 0.000051
0.012748 0.332846 0.268540 0.152135 0.002549 0.231129 0.000053
0.012835 0.331968 0.268289 0.151917 0.002523 0.232420 0.000048
0.012880 0.331389 0.268071 0.152060 0.002538 0.233012 0.000051
0.012839 0.329334 0.268971 0.152049 0.002556 0.234198 0.000054
0.012867 0.327819 0.268387 0.152190 0.002563 0.236118 0.000056
0.012985 0.326309 0.268758 0.152216 0.002555 0.237123 0.000055
0.012740 0.326266 0.268427 0.152234 0.002557 0.237722 0.000054
0.012838 0.325338 0.268415 0.152489 0.002576 0.238288 0.000056
0.013023 0.323860 0.268536 0.152476 0.002574 0.239473 0.000059
0.013083 0.322020 0.269054 0.152178 0.002621 0.240988 0.000056
0.012952 0.320359 0.268911 0.152498 0.002639 0.242588 0.000055
0.013052 0.319163 0.268986 0.152336 0.002639 0.243770 0.000055
0.013001 0.319056 0.269079 0.152437 0.002641 0.243731 0.000055
0.013072 0.318347 0.269033 0.152461 0.002652 0.244379 0.000057
0.013189 0.316995 0.268731 0.152621 0.002644 0.245761 0.000059
0.013097 0.315001 0.268785 0.152583 0.002712 0.247761 0.000060
0.013123 0.312781 0.269045 0.152626 0.002699 0.249668 0.000058
0.013080 0.312986 0.268753 0.152681 0.002711 0.249735 0.000055
0.013144 0.312313 0.269058 0.152416 0.002697 0.250314 0.000057
0.013128 0.311162 0.268842 0.152401 0.002693 0.251718 0.000057
0.013171 0.310268 0.268815 0.152656 0.002714 0.252320 0.000056
0.013089 0.308979 0.268741 0.152677 0.002761 0.253698 0.000055
0.013166 0.307416 0.268945 0.152477 0.002779 0.255150 0.000065
0.013112 0.305987 0.269470 0.152543 0.002776 0.256048 0.000065
0.013287 0.305308 0.268842 0.152534 0.002782 0.257185 0.000062
0.013047 0.305329 0.268751 0.152522 0.002806 0.257479 0.000065
0.013232 0.302961 0.268723 0.152636 0.002857 0.259528 0.000063
0.013452 0.301297 0.268989 0.152568 0.002839 0.260790 0.000066
0.013229 0.300940 0.268996 0.152663 0.002822 0.261282 0.000067
0.013263 0.300835 0.268889 0.152437 0.002819 0.261688 0.000069
0.013430 0.299627 0.269070 0.152239 0.002857 0.262710 0.000068
0.013391 0.298107 0.268605 0.152388 0.002866 0.264576 0.000066
0.013309 0.297333 0.268619 0.152211 0.002864 0.265603 0.000061
0.013356 0.296233 0.269062 0.152246 0.002863 0.266169 0.000071
0.013245 0.295349 0.268887 0.152379 0.002939 0.267133 0.000068
0.017025 0.294200 0.267817 0.151713 0.002884 0.266290 0.000070
0.025966 0.290906 0.264536 0.150038 0.002885 0.265600 0.000069
0.029779 0.289342 0.263311 0.149025 0.002879 0.265596 0.000068
0.030507 0.289345 0.262836 0.148941 0.002883 0.265415 0.000073
0.029328 0.289013 0.263245 0.149123 0.002858 0.266368 0.000065
0.026085 0.288425 0.264046 0.149441 0.002905 0.269028 0.000070
0.029890 0.287915 0.262285 0.148563 0.002877 0.268398 0.000073
0.025859 0.287876 0.263579 0.149374 0.002916 0.270329 0.000067
0.028155 0.287619 0.262260 0.148813 0.002907 0.270173 0.000072
0.025281 0.285479 0.263422 0.148975 0.002962 0.273807 0.000073
0.030128 0.287523 0.260609 0.147659 0.002922 0.271088 0.000071
0.024000 0.286463 0.263304 0.148923 0.002937 0.274302 0.000071
0.023327 0.286321 0.263754 0.149143 0.002941 0.274437 0.000079
0.026371 0.285902 0.261421 0.147953 0.002983 0.275295 0.000077
0.023957 0.285161 0.262257 0.148690 0.002961 0.276904 0.000069
0.022723 0.285179 0.262754 0.148807 0.002959 0.277499 0.000080
0.020356 0.283262 0.263803 0.149356 0.003020 0.280129 0.000074
0.019955 0.281968 0.263458 0.149592 0.003032 0.281914 0.000080
0.018575 0.280342 0.264386 0.149852 0.003020 0.283743 0.000081
0.019077 0.281637 0.263864 0.149268 0.002995 0.283085 0.000073
0.017570 0.279316 0.264570 0.150027 0.003050 0.285388 0.000079
0.017656 0.279064 0.264308 0.149737 0.003011 0.286151 0.000073
0.018853 0.278818 0.263367 0.149221 0.003034 0.286634 0.000073
0.017471 0.276958 0.264245 0.149735 0.003102 0.288413 0.000076
0.016835 0.276036 0.263993 0.149983 0.003080 0.289995 0.000077
0.017044 0.276544 0.263319 0.149694 0.003046 0.290281 0.000072
0.016062 0.274176 0.264332 0.150075 0.003112 0.292167 0.000077
0.015534 0.270843 0.264681 0.150404 0.003108 0.295350 0.000081
0.017817 0.275462 0.262406 0.148918 0.003071 0.292249 0.000076
0.015381 0.270244 0.264521 0.150388 0.003147 0.296232 0.000086
0.015204 0.268615 0.264634 0.150213 0.003112 0.298139 0.000082
0.015516 0.268848 0.264341 0.150046 0.003136 0.298037 0.000076
0.015157 0.268497 0.264518 0.150139 0.003115 0.298498 0.000075
0.015837 0.268486 0.263501 0.149697 0.003157 0.299242 0.000080
0.014971 0.265824 0.264206 0.150131 0.003106 0.301682 0.000081
0.015404 0.265533 0.264035 0.149869 0.003189 0.301889 0.000082
0.015234 0.264361 0.263909 0.149913 0.003203 0.303298 0.000082
0.014715 0.262249 0.264152 0.150100 0.003216 0.305478 0.000090
0.014728 0.261322 0.264447 0.149792 0.003252 0.306373 0.000084
0.015019 0.261444 0.263626 0.149383 0.003201 0.307243 0.000084
0.014202 0.258646 0.264685 0.150101 0.003216 0.309069 0.000082
0.014880 0.259109 0.263505 0.149503 0.003265 0.309654 0.000086
0.014464 0.257451 0.264255 0.149745 0.003287 0.310712 0.000086
0.014992 0.259230 0.263063 0.149165 0.003297 0.310169 0.000084
0.014739 0.257177 0.263384 0.149523 0.003286 0.311800 0.000091
0.014492 0.254901 0.263663 0.149577 0.003291 0.313993 0.000084
0.014735 0.255229 0.262840 0.149218 0.003336 0.314552 0.000090
0.014464 0.251641 0.263789 0.149690 0.003342 0.316988 0.000086
0.014809 0.254567 0.262638 0.149071 0.003270 0.315558 0.000087
0.014658 0.251814 0.263019 0.149169 0.003316 0.317925 0.000099
0.014282 0.250668 0.263321 0.149525 0.003340 0.318777 0.000087
0.014306 0.249745 0.263463 0.149268 0.003369 0.319759 0.000091
0.014705 0.249731 0.262335 0.149110 0.003368 0.320658 0.000093
0.014682 0.249651 0.262232 0.148683 0.003361 0.321303 0.000087
0.014226 0.246653 0.263100 0.149062 0.003410 0.323458 0.000090
0.014490 0.247052 0.261872 0.148423 0.003391 0.324682 0.000091
0.014831 0.245963 0.262015 0.148475 0.003383 0.325240 0.000094
0.014472 0.244485 0.262251 0.148498 0.003427 0.326773 0.000094
0.014580 0.244409 0.262627 0.148511 0.003391 0.326387 0.000094
0.014472 0.243745 0.262126 0.148574 0.003420 0.327570 0.000094
0.014721 0.243091 0.261667 0.148279 0.003426 0.328724 0.000091
0.014394 0.240956 0.262124 0.148727 0.003421 0.330284 0.000094
0.014293 0.240625 0.261525 0.148300 0.003470 0.331689 0.000098
0.014521 0.240535 0.261212 0.147876 0.003477 0.332283 0.000097
0.014449 0.237667 0.261464 0.148356 0.003437 0.334524 0.000102
0.014762 0.239094 0.260455 0.148009 0.003485 0.334098 0.000097
0.014693 0.236437 0.260861 0.148051 0.003511 0.336344 0.000103
0.014484 0.235027 0.261014 0.148062 0.003511 0.337802 0.000100
0.014641 0.236558 0.260656 0.147519 0.003497 0.337027 0.000102
0.014752 0.234878 0.260500 0.147813 0.003523 0.338432 0.000103
0.014765 0.234262 0.260261 0.147507 0.003517 0.339585 0.000104
0.014745 0.233348 0.259939 0.147235 0.003530 0.341095 0.000109
0.014827 0.231730 0.260353 0.147454 0.003546 0.341984 0.000106
0.014743 0.232381 0.260054 0.147341 0.003557 0.341810 0.000114
0.014868 0.232517 0.259736 0.147218 0.003568 0.341987 0.000106
0.014878 0.231817 0.259084 0.146997 0.003578 0.343538 0.000107
0.014811 0.229984 0.258999 0.146789 0.003594 0.345714 0.000110
0.014856 0.228224 0.259212 0.146966 0.003621 0.347010 0.000111
0.014959 0.228182 0.258847 0.146596 0.003602 0.347701 0.000111
0.014791 0.228202 0.259126 0.146674 0.003588 0.347516 0.000104
0.014843 0.226912 0.258644 0.146791 0.003607 0.349085 0.000118
0.015015 0.225968 0.258652 0.146491 0.003649 0.350113 0.000112
0.014914 0.225426 0.258319 0.146625 0.003622 0.350982 0.000112
0.014811 0.225474 0.258056 0.146320 0.003595 0.351628 0.000116
0.014961 0.224182 0.257735 0.146305 0.003618 0.353088 0.000110
0.014990 0.223472 0.257847 0.146089 0.003631 0.353858 0.000114
0.015281 0.222124 0.257167 0.145963 0.003633 0.355715 0.000117
0.015234 0.221239 0.257330 0.145969 0.003693 0.356416 0.000120
0.015151 0.221491 0.257078 0.145674 0.003706 0.356772 0.000128
0.015201 0.219188 0.257171 0.145867 0.003667 0.358786 0.000119
0.015176 0.218936 0.256776 0.145698 0.003666 0.359623 0.000124
0.015303 0.217990 0.256548 0.145751 0.003713 0.360570 0.000124
0.015083 0.218305 0.256476 0.145332 0.003700 0.360981 0.000123
0.015292 0.217445 0.256524 0.145287 0.003712 0.361626 0.000113
0.015323 0.217236 0.255852 0.145383 0.003710 0.362376 0.000120
0.015085 0.215780 0.255814 0.145271 0.003768 0.364160 0.000123
0.015337 0.213460 0.256364 0.144902 0.003747 0.366070 0.000120
0.015355 0.214746 0.255509 0.144735 0.003778 0.365756 0.000122
0.015331 0.213594 0.255451 0.144655 0.003744 0.367104 0.000122
0.015596 0.212964 0.255056 0.144676 0.003789 0.367797 0.000123
0.015554 0.211477 0.254636 0.144616 0.003800 0.369787 0.000130
0.015545 0.211308 0.254672 0.144708 0.003755 0.369876 0.000136
0.015482 0.210716 0.254205 0.144415 0.003796 0.371258 0.000127
0.015420 0.210016 0.254430 0.144343 0.003775 0.371884 0.000134
0.015687 0.210527 0.253929 0.144227 0.003778 0.371717 0.000135
0.015485 0.208499 0.254048 0.144062 0.003775 0.374003 0.000128
0.015615 0.209007 0.253577 0.143718 0.003808 0.374146 0.000130
0.015454 0.208015 0.253602 0.143668 0.003800 0.375322 0.000139
0.015783 0.206494 0.253250 0.143452 0.003842 0.377043 0.000136
0.015641 0.206359 0.253218 0.143673 0.003806 0.377165 0.000139
0.015650 0.205310 0.252782 0.143854 0.003834 0.378436 0.000133
0.015791 0.205048 0.252626 0.143398 0.003816 0.379185 0.000137
0.015608 0.205346 0.252175 0.143133 0.003811 0.379791 0.000135
0.015617 0.203580 0.252333 0.143333 0.003820 0.381188 0.000128
0.015900 0.202580 0.252268 0.142735 0.003854 0.382522 0.000141
0.015792 0.202180 0.252085 0.143055 0.003814 0.382940 0.000135
0.015763 0.201918 0.251601 0.142973 0.003882 0.383726 0.000138
0.015741 0.201261 0.251183 0.142806 0.003858 0.385013 0.000138
0.016025 0.200760 0.251028 0.142371 0.003932 0.385740 0.000144
0.015989 0.200345 0.250661 0.142332 0.003894 0.386641 0.000139
0.016202 0.199011 0.250673 0.142204 0.003926 0.387833 0.000152
0.015966 0.197891 0.250431 0.142056 0.003924 0.389588 0.000142
0.015961 0.197452 0.250454 0.142250 0.003953 0.389773 0.000156
0.016316 0.198616 0.249865 0.142138 0.003911 0.389011 0.000143
0.016269 0.197182 0.250032 0.142017 0.003885 0.390465 0.000151
0.016337 0.196016 0.249427 0.141745 0.003921 0.392409 0.000145
0.016481 0.195226 0.249166 0.141954 0.003936 0.393096 0.000142
0.016400 0.195535 0.249019 0.141534 0.003937 0.393428 0.000147
0.016263 0.194289 0.248861 0.141360 0.003971 0.395111 0.000145
0.016404 0.194542 0.248966 0.141232 0.003955 0.394749 0.000151
0.016564 0.193608 0.248508 0.141179 0.003986 0.396019 0.000137
0.016611 0.192150 0.247818 0.140904 0.003953 0.398417 0.000147
0.016528 0.191552 0.247686 0.141121 0.003934 0.399020 0.000159
0.016640 0.190938 0.248135 0.140953 0.003949 0.399246 0.000140
0.016556 0.190593 0.247387 0.140498 0.003982 0.400833 0.000151
0.016716 0.190731 0.247546 0.140628 0.003957 0.400272 0.000151
0.016656 0.189355 0.247062 0.140495 0.003976 0.402297 0.000159
0.016679 0.190136 0.246580 0.140145 0.004011 0.402298 0.000151
0.016945 0.188411 0.246529 0.140159 0.004020 0.403788 0.000148
0.016905 0.188739 0.246325 0.140139 0.003956 0.403786 0.000150
0.016863 0.187535 0.245946 0.139770 0.004012 0.405715 0.000160
0.016800 0.188474 0.245247 0.139818 0.004000 0.405509 0.000151
0.016726 0.187002 0.245797 0.139646 0.004007 0.406668 0.000154
0.016877 0.186983 0.245890 0.139850 0.003983 0.406255 0.000163
0.016930 0.186674 0.245170 0.139029 0.004068 0.407974 0.000155
0.016935 0.183764 0.245024 0.139364 0.004082 0.410668 0.000162
0.016777 0.184300 0.244783 0.138890 0.004096 0.410997 0.000157
0.016857 0.183873 0.244440 0.138760 0.004068 0.411844 0.000158
0.017056 0.184439 0.244251 0.138856 0.004036 0.411203 0.000158
0.017223 0.182604 0.244057 0.138577 0.004064 0.413320 0.000155
0.017058 0.182357 0.243891 0.138776 0.004025 0.413732 0.000161
0.017163 0.181385 0.243632 0.138433 0.004072 0.415144 0.000171
0.017239 0.181302 0.243392 0.137931 0.004102 0.415878 0.000156
0.017366 0.180401 0.243264 0.137816 0.004075 0.416918 0.000161
0.017174 0.180106 0.242970 0.137903 0.004080 0.417615 0.000151
0.017005 0.179488 0.242549 0.137981 0.004124 0.418688 0.000166
0.017322 0.179689 0.242247 0.137590 0.004116 0.418880 0.000156
0.017696 0.178160 0.241533 0.137456 0.004140 0.420867 0.000148
0.017543 0.177830 0.241365 0.137476 0.004104 0.421517 0.000165
0.017413 0.177093 0.241468 0.137228 0.004134 0.422495 0.000167
0.017476 0.177796 0.241136 0.137190 0.004119 0.422116 0.000167
0.017435 0.175433 0.240654 0.136652 0.004151 0.425509 0.000167
0.017562 0.175632 0.240789 0.136716 0.004162 0.424973 0.000166
0.017648 0.174557 0.240402 0.136455 0.004162 0.426613 0.000164
0.017559 0.174324 0.240333 0.136504 0.004155 0.426950 0.000175
0.017809 0.173789 0.239708 0.136308 0.004187 0.428031 0.000168
0.017707 0.174159 0.239606 0.136178 0.004151 0.428035 0.000164
0.017712 0.173027 0.239650 0.135955 0.004170 0.429313 0.000173
0.017776 0.173394 0.239490 0.135844 0.004180 0.429157 0.000160
0.017805 0.172451 0.239057 0.135690 0.004183 0.430652 0.000162
0.017920 0.171731 0.238425 0.135229 0.004232 0.432293 0.000170
0.017819 0.171669 0.238390 0.135654 0.004174 0.432127 0.000167
0.018044 0.170756 0.238403 0.135363 0.004226 0.433048 0.000160
0.017768 0.170845 0.237429 0.135214 0.004187 0.434384 0.000173
0.017842 0.170530 0.237534 0.134935 0.004194 0.434795 0.000169
0.017786 0.170676 0.237814 0.134882 0.004246 0.434427 0.000169
0.018195 0.169219 0.237163 0.134453 0.004250 0.436542 0.000178
0.018012 0.169019 0.236860 0.134590 0.004194 0.437148 0.000177
0.018139 0.168340 0.236829 0.134594 0.004208 0.437711 0.000179
0.018069 0.167646 0.236115 0.134137 0.004218 0.439634 0.000181
0.018221 0.167479 0.235737 0.134041 0.004185 0.440161 0.000176
0.018331 0.168092 0.235551 0.133780 0.004237 0.439830 0.000178
0.018194 0.165926 0.235089 0.133980 0.004259 0.442370 0.000184
0.018166 0.166410 0.234878 0.134051 0.004219 0.442101 0.000176
0.017960 0.165375 0.234698 0.133278 0.004294 0.444217 0.000179
0.018389 0.164937 0.234226 0.133390 0.004273 0.444601 0.000185
0.018387 0.164980 0.234630 0.133039 0.004289 0.444499 0.000176
0.018273 0.163356 0.233962 0.132877 0.004315 0.447037 0.000180
0.018894 0.162943 0.233241 0.133011 0.004264 0.447464 0.000183
0.018543 0.162070 0.233440 0.132514 0.004378 0.448881 0.000173
0.018687 0.163184 0.232963 0.132718 0.004300 0.447971 0.000177
0.018466 0.162340 0.233147 0.132170 0.004312 0.449376 0.000190
0.018586 0.161952 0.232957 0.132257 0.004319 0.449746 0.000184
0.018645 0.161037 0.232411 0.132011 0.004311 0.451400 0.000186
0.018716 0.161576 0.232250 0.132198 0.004304 0.450776 0.000180
0.018865 0.160723 0.231704 0.131928 0.004349 0.452244 0.000188
0.018681 0.159856 0.231425 0.131699 0.004361 0.453790 0.000188
0.018740 0.158624 0.231271 0.131610 0.004370 0.455215 0.000170
0.018720 0.159327 0.230863 0.131331 0.004323 0.455253 0.000183
0.018650 0.158737 0.231037 0.131461 0.004373 0.455554 0.000188
0.018830 0.159077 0.230497 0.130967 0.004389 0.456061 0.000178
0.019001 0.158194 0.230142 0.130968 0.004312 0.457202 0.000180
0.019034 0.157976 0.230316 0.130493 0.004339 0.457661 0.000181
0.019390 0.155748 0.229457 0.130619 0.004398 0.460197 0.000190
0.018807 0.156932 0.229458 0.130456 0.004351 0.459821 0.000174
0.019054 0.156149 0.229365 0.130205 0.004344 0.460696 0.000187
0.019320 0.155406 0.228841 0.130624 0.004374 0.461245 0.000190
0.019100 0.155841 0.228641 0.130013 0.004420 0.461795 0.000190
0.019352 0.155196 0.228610 0.129803 0.004358 0.462498 0.000183
0.019282 0.153927 0.228057 0.129739 0.004388 0.464414 0.000194
0.019339 0.153595 0.227519 0.129502 0.004406 0.465454 0.000186
0.019495 0.153495 0.227782 0.129516 0.004374 0.465148 0.000192
0.019703 0.152807 0.226744 0.129539 0.004413 0.466604 0.000190
0.019678 0.152648 0.226606 0.129339 0.004328 0.467206 0.000196
0.019464 0.153056 0.227046 0.128796 0.004376 0.467068 0.000195
0.019632 0.151515 0.226091 0.128884 0.004431 0.469249 0.000198
0.019502 0.151630 0.226309 0.128372 0.004422 0.469564 0.000202
0.019618 0.150841 0.226090 0.128562 0.004461 0.470218 0.000209
0.019571 0.150570 0.225677 0.128349 0.004379 0.471248 0.000205
0.019925 0.150828 0.225340 0.128280 0.004410 0.471029 0.000188
0.019394 0.150479 0.225403 0.128090 0.004439 0.471996 0.000199
0.019606 0.149487 0.224551 0.127820 0.004474 0.473854 0.000208
0.019721 0.149584 0.224760 0.127970 0.004404 0.473355 0.000206
0.019728 0.149105 0.224186 0.127566 0.004453 0.474757 0.000206
0.019734 0.148001 0.224170 0.127280 0.004457 0.476157 0.000200
0.019992 0.149002 0.223969 0.127044 0.004430 0.475355 0.000207
0.020069 0.146738 0.223534 0.127287 0.004475 0.477688 0.000209
0.019946 0.147243 0.223575 0.127149 0.004494 0.477383 0.000210
0.020132 0.146268 0.222425 0.126621 0.004487 0.479864 0.000202
0.020282 0.147021 0.222599 0.126671 0.004495 0.478726 0.000206
0.020179 0.146530 0.222378 0.126900 0.004486 0.479322 0.000205
0.020253 0.145584 0.221790 0.126352 0.004520 0.481291 0.000211
0.020192 0.145606 0.222083 0.126233 0.004478 0.481198 0.000210
0.020211 0.144428 0.221366 0.125704 0.004476 0.483614 0.000200
0.020080 0.144812 0.221477 0.125983 0.004479 0.482963 0.000206
0.020252 0.144004 0.221124 0.125519 0.004482 0.484407 0.000212
0.020387 0.143878 0.220832 0.125464 0.004523 0.484705 0.000212
0.020410 0.143830 0.220804 0.125152 0.004493 0.485096 0.000215
0.020476 0.143223 0.220223 0.125152 0.004579 0.486138 0.000209
0.020672 0.142900 0.219200 0.125081 0.004486 0.487457 0.000204
0.020853 0.142998 0.219543 0.124969 0.004552 0.486875 0.000210
0.020651 0.142715 0.219191 0.124772 0.004551 0.487908 0.000212
0.020408 0.142760 0.219519 0.124551 0.004556 0.487983 0.000222
0.020919 0.141881 0.218899 0.124478 0.004558 0.489047 0.000217
