0.999107 0.000865 0.000020 0.000008 0.000000 0.000000 0.000000
0.998677 0.001278 0.000028 0.000006 0.000001 0.000010 0.000000
0.998231 0.001713 0.000033 0.000012 0.000000 0.000011 0.000000
0.997789 0.002148 0.000034 0.000017 0.000000 0.000013 0.000000
0.997345 0.002577 0.000042 0.000023 0.000000 0.000013 0.000000
0.996786 0.003135 0.000040 0.000025 0.000000 0.000013 0.000000
0.996274 0.003635 0.000048 0.000029 0.000000 0.000013 0.000000
0.995563 0.004334 0.000057 0.000034 0.000000 0.000012 0.000000
0.994844 0.005042 0.000069 0.000033 0.000000 0.000012 0.000000
0.993914 0.005956 0.000078 0.000041 0.000000 0.000011 0.000000
0.992634 0.007216 0.000087 0.000052 0.000000 0.000010 0.000000
0.991255 0.008579 0.000102 0.000054 0.000000 0.000009 0.000000
0.989468 0.010329 0.000114 0.000077 0.000000 0.000013 0.000000
0.987156 0.012635 0.000116 0.000075 0.000000 0.000018 0.000000
0.983716 0.016009 0.000161 0.000093 0.000000 0.000020 0.000000
0.980754 0.018896 0.000206 0.000125 0.000000 0.000019 0.000000
0.976089 0.023440 0.000288 0.000168 0.000000 0.000016 0.000000
0.972273 0.027203 0.000329 0.000175 0.000000 0.000021 0.000000
0.967402 0.031932 0.000462 0.000182 0.000000 0.000022 0.000000
0.961365 0.037823 0.000564 0.000230 0.000000 0.000017 0.000000
0.954987 0.044083 0.000624 0.000286 0.000000 0.000020 0.000000
0.947443 0.051456 0.000716 0.000363 0.000000 0.000022 0.000000
0.938141 0.060552 0.000860 0.000423 0.000000 0.000023 0.000000
0.928456 0.070015 0.001005 0.000489 0.000000 0.000034 0.000000
0.918442 0.079768 0.001161 0.000587 0.000000 0.000042 0.000000
0.908846 0.089091 0.001279 0.000737 0.000000 0.000047 0.000000
0.895823 0.101768 0.001516 0.000839 0.000000 0.000054 0.000000
0.883505 0.113711 0.001749 0.000983 0.000000 0.000052 0.000000
0.870232 0.126594 0.001993 0.001124 0.000000 0.000057 0.000000
0.857459 0.138939 0.002245 0.001290 0.000000 0.000067 0.000000
0.843186 0.152760 0.002504 0.001480 0.000000 0.000070 0.000000
0.829061 0.166347 0.002836 0.001676 0.000000 0.000081 0.000000
0.813251 0.181622 0.003161 0.001878 0.000000 0.000089 0.000000
0.800136 0.194265 0.003475 0.002028 0.000000 0.000096 0.000000
0.783563 0.210153 0.003900 0.002273 0.000000 0.000112 0.000000
0.768479 0.224506 0.004378 0.002510 0.000002 0.000125 0.000000
0.751050 0.241145 0.004840 0.002831 0.000002 0.000131 0.000000
0.738367 0.253222 0.005230 0.003038 0.000001 0.000142 0.000000
0.724779 0.266127 0.005621 0.003317 0.000002 0.000154 0.000000
0.706462 0.283609 0.006118 0.003631 0.000003 0.000177 0.000000
0.692968 0.296367 0.006595 0.003865 0.000003 0.000202 0.000000
0.679645 0.308935 0.007070 0.004112 0.000004 0.000234 0.000000
0.666356 0.321486 0.007520 0.004375 0.000004 0.000259 0.000000
0.651880 0.335133 0.008075 0.004630 0.000005 0.000276 0.000000
0.637653 0.348413 0.008637 0.004976 0.000006 0.000315 0.000000
0.619346 0.365539 0.009388 0.005367 0.000005 0.000356 0.000000
0.606984 0.377153 0.009816 0.005663 0.000006 0.000379 0.000000
0.592545 0.390642 0.010385 0.006021 0.000006 0.000401 0.000000
0.578187 0.403910 0.011018 0.006442 0.000006 0.000437 0.000000
0.562323 0.418585 0.011702 0.006891 0.000005 0.000493 0.000000
0.548722 0.431086 0.012384 0.007274 0.000005 0.000529 0.000000
0.535207 0.443342 0.013133 0.007740 0.000005 0.000573 0.000000
0.522663 0.454713 0.013868 0.008139 0.000005 0.000612 0.000000
0.511483 0.464856 0.014522 0.008484 0.000005 0.000649 0.000000
0.498425 0.476583 0.015307 0.008980 0.000005 0.000700 0.000000
0.483403 0.490040 0.016273 0.009508 0.000008 0.000768 0.000000
0.472566 0.499589 0.017070 0.009954 0.000009 0.000813 0.000000
0.462687 0.508197 0.017816 0.010400 0.000011 0.000889 0.000000
0.454874 0.514926 0.018458 0.010804 0.000009 0.000928 0.000000
0.446274 0.522120 0.019299 0.011308 0.000011 0.000988 0.000000
0.434300 0.532502 0.020256 0.011866 0.000011 0.001065 0.000000
0.424594 0.540870 0.021080 0.012309 0.000011 0.001135 0.000000
0.416427 0.547421 0.022061 0.012880 0.000014 0.001197 0.000000
0.410244 0.552668 0.022646 0.013193 0.000017 0.001232 0.000000
0.400258 0.560819 0.023731 0.013843 0.000019 0.001329 0.000000
0.394981 0.564846 0.024517 0.014231 0.000018 0.001406 0.000000
0.389443 0.569098 0.025287 0.014682 0.000022 0.001468 0.000000
0.383108 0.574033 0.026150 0.015143 0.000023 0.001543 0.000000
0.370384 0.584546 0.027478 0.015894 0.000025 0.001674 0.000000
0.368130 0.585768 0.028085 0.016238 0.000027 0.001752 0.000000
0.358988 0.593014 0.029250 0.016847 0.000033 0.001869 0.000000
0.363009 0.588526 0.029504 0.017011 0.000032 0.001919 0.000000
0.351320 0.598000 0.030828 0.017765 0.000032 0.002056 0.000000
0.338897 0.607857 0.032372 0.018619 0.000034 0.002221 0.000000
0.341678 0.604641 0.032624 0.018753 0.000036 0.002268 0.000000
0.334046 0.610488 0.033654 0.019370 0.000038 0.002404 0.000000
0.326066 0.616343 0.034944 0.020043 0.000040 0.002563 0.000000
0.320450 0.620499 0.035808 0.020505 0.000038 0.002701 0.000000
0.315201 0.623661 0.037040 0.021225 0.000040 0.002833 0.000000
0.303681 0.633126 0.038221 0.021977 0.000041 0.002955 0.000000
0.300592 0.634759 0.039050 0.022461 0.000040 0.003099 0.000000
0.292005 0.640481 0.040756 0.023382 0.000046 0.003330 0.000000
0.283316 0.647173 0.041964 0.024076 0.000045 0.003426 0.000000
0.273123 0.654489 0.043649 0.025016 0.000047 0.003675 0.000000
0.266595 0.659327 0.044626 0.025605 0.000049 0.003799 0.000000
0.260620 0.662892 0.046071 0.026326 0.000051 0.004040 0.000000
0.251859 0.668911 0.047657 0.027232 0.000053 0.004287 0.000000
0.247371 0.671192 0.048982 0.027963 0.000060 0.004433 0.000000
0.245673 0.671481 0.049768 0.028428 0.000056 0.004593 0.000000
0.236004 0.677810 0.051732 0.029539 0.000063 0.004852 0.000000
0.230131 0.681331 0.053060 0.030348 0.000068 0.005062 0.000000
0.224719 0.684516 0.054321 0.031080 0.000074 0.005291 0.000000
0.218810 0.688227 0.055643 0.031756 0.000072 0.005493 0.000000
0.213226 0.691098 0.057157 0.032630 0.000076 0.005813 0.000000
0.206096 0.694547 0.059301 0.033845 0.000078 0.006134 0.000000
0.200867 0.697817 0.060330 0.034529 0.000085 0.006371 0.000000
0.197200 0.699329 0.061586 0.035186 0.000084 0.006614 0.000000
0.192812 0.700095 0.063718 0.036288 0.000090 0.006998 0.000000
0.189916 0.701468 0.064602 0.036779 0.000091 0.007145 0.000000
0.185576 0.701939 0.066764 0.038011 0.000095 0.007616 0.000000
0.179590 0.705828 0.068008 0.038642 0.000094 0.007837 0.000000
0.179674 0.702661 0.069600 0.039725 0.000101 0.008239 0.000000
0.178072 0.702967 0.070298 0.040140 0.000104 0.008419 0.000000
0.171982 0.705189 0.072436 0.041446 0.000105 0.008843 0.000000
0.169097 0.705356 0.073914 0.042341 0.000115 0.009177 0.000000
0.164155 0.707579 0.075505 0.043128 0.000113 0.009521 0.000000
0.162494 0.706867 0.076843 0.043846 0.000121 0.009830 0.000000
0.162040 0.705329 0.077979 0.044440 0.000125 0.010087 0.000000
0.161311 0.704222 0.078843 0.045070 0.000133 0.010421 0.000000
0.152495 0.707999 0.081719 0.046674 0.000139 0.010974 0.000000
0.148945 0.708928 0.083228 0.047429 0.000147 0.011323 0.000000
0.151317 0.704736 0.084112 0.047939 0.000148 0.011748 0.000000
0.146415 0.707122 0.085502 0.048751 0.000148 0.012062 0.000000
0.145932 0.704798 0.087039 0.049589 0.000160 0.012481 0.000000
0.138992 0.708764 0.088856 0.050369 0.000165 0.012852 0.000001
0.138051 0.707578 0.089958 0.051064 0.000174 0.013174 0.000001
0.140941 0.704614 0.089848 0.051112 0.000177 0.013307 0.000001
0.132181 0.707766 0.092980 0.052902 0.000189 0.013982 0.000001
0.126097 0.709129 0.095609 0.054268 0.000193 0.014704 0.000001
0.127047 0.707074 0.096263 0.054486 0.000202 0.014927 0.000001
0.123427 0.707950 0.097712 0.055327 0.000196 0.015388 0.000001
0.122427 0.705041 0.099767 0.056500 0.000204 0.016060 0.000000
0.123965 0.702331 0.100295 0.056968 0.000210 0.016230 0.000001
0.120699 0.701774 0.102297 0.058156 0.000218 0.016855 0.000001
0.124788 0.697193 0.102552 0.058197 0.000221 0.017048 0.000001
0.116876 0.700372 0.105144 0.059611 0.000227 0.017769 0.000001
0.119119 0.696207 0.106033 0.060142 0.000235 0.018264 0.000001
0.122050 0.692489 0.106362 0.060548 0.000227 0.018322 0.000001
0.117150 0.693962 0.108218 0.061537 0.000240 0.018891 0.000001
0.124141 0.687635 0.107626 0.061285 0.000247 0.019065 0.000001
0.114349 0.691307 0.110865 0.063222 0.000266 0.019990 0.000001
0.111746 0.691165 0.112486 0.063891 0.000265 0.020446 0.000001
0.110704 0.690327 0.113464 0.064443 0.000257 0.020806 0.000001
0.105557 0.690804 0.115952 0.065726 0.000273 0.021687 0.000001
0.113851 0.684118 0.115024 0.065095 0.000272 0.021639 0.000001
0.113371 0.682817 0.115763 0.065768 0.000289 0.021993 0.000001
0.110610 0.681706 0.117935 0.066743 0.000280 0.022726 0.000001
0.110402 0.679695 0.118899 0.067331 0.000283 0.023389 0.000001
0.103142 0.683501 0.120749 0.068481 0.000300 0.023825 0.000002
0.107058 0.679179 0.120778 0.068484 0.000305 0.024193 0.000002
0.098935 0.680517 0.124474 0.070411 0.000313 0.025350 0.000002
0.100638 0.678213 0.124647 0.070544 0.000317 0.025640 0.000002
0.097424 0.679104 0.125799 0.071281 0.000326 0.026064 0.000002
0.098782 0.675801 0.126639 0.071823 0.000329 0.026623 0.000002
0.094447 0.675731 0.128890 0.073263 0.000333 0.027335 0.000002
0.091207 0.675123 0.130833 0.074267 0.000347 0.028222 0.000002
0.090593 0.673743 0.131856 0.074823 0.000346 0.028637 0.000003
0.083672 0.675944 0.134146 0.076269 0.000354 0.029612 0.000002
0.080161 0.676526 0.135570 0.077210 0.000368 0.030163 0.000002
0.080720 0.675531 0.135805 0.077099 0.000362 0.030481 0.000002
0.077294 0.673339 0.138692 0.078581 0.000381 0.031710 0.000003
0.074510 0.673544 0.139817 0.079506 0.000392 0.032228 0.000003
0.069233 0.675591 0.141576 0.080400 0.000388 0.032810 0.000002
0.066729 0.675704 0.142737 0.081016 0.000400 0.033411 0.000003
0.063010 0.674228 0.145186 0.082676 0.000428 0.034469 0.000004
0.064209 0.671077 0.146087 0.083183 0.000413 0.035028 0.000003
0.061042 0.670463 0.148224 0.084109 0.000441 0.035718 0.000003
0.060774 0.668028 0.149495 0.084843 0.000449 0.036408 0.000003
0.058154 0.666473 0.151460 0.086145 0.000460 0.037304 0.000003
0.062572 0.663370 0.150493 0.085663 0.000465 0.037433 0.000003
0.054234 0.666304 0.153253 0.087326 0.000448 0.038431 0.000004
0.056712 0.659449 0.155446 0.088410 0.000481 0.039500 0.000003
0.051987 0.660067 0.157560 0.089656 0.000485 0.040241 0.000003
0.054651 0.656214 0.157834 0.089993 0.000494 0.040809 0.000004
0.051131 0.656194 0.159503 0.090926 0.000486 0.041758 0.000003
0.049564 0.654592 0.161162 0.091734 0.000499 0.042445 0.000004
0.044476 0.653668 0.164105 0.093330 0.000513 0.043906 0.000003
0.047091 0.652277 0.163343 0.093025 0.000501 0.043759 0.000003
0.045058 0.651862 0.164380 0.093578 0.000527 0.044591 0.000003
0.044469 0.648607 0.166339 0.094612 0.000533 0.045438 0.000003
0.043547 0.645866 0.167753 0.095745 0.000543 0.046543 0.000004
0.040918 0.646040 0.168996 0.096303 0.000554 0.047185 0.000004
0.038699 0.644394 0.171096 0.097305 0.000546 0.047958 0.000003
0.038313 0.641879 0.172038 0.098052 0.000573 0.049142 0.000004
0.036575 0.640093 0.173851 0.098929 0.000577 0.049972 0.000004
0.039516 0.636601 0.174080 0.098844 0.000579 0.050376 0.000004
0.040688 0.632630 0.175479 0.099594 0.000598 0.051007 0.000003
0.041767 0.629702 0.176073 0.099908 0.000612 0.051936 0.000003
0.038312 0.629841 0.177384 0.100917 0.000611 0.052931 0.000004
0.039915 0.626212 0.178476 0.101274 0.000620 0.053499 0.000005
0.039698 0.623717 0.179629 0.102234 0.000643 0.054076 0.000003
0.039422 0.620535 0.181056 0.102900 0.000634 0.055452 0.000002
0.039944 0.617996 0.182132 0.103301 0.000660 0.055964 0.000003
0.038522 0.617945 0.182525 0.103826 0.000647 0.056532 0.000003
0.036698 0.615882 0.184358 0.104771 0.000663 0.057625 0.000004
0.037230 0.615151 0.184253 0.104869 0.000655 0.057836 0.000005
0.037623 0.611888 0.185250 0.105554 0.000683 0.058997 0.000005
0.038549 0.609698 0.185938 0.105634 0.000685 0.059489 0.000005
0.036083 0.607824 0.187872 0.106884 0.000695 0.060636 0.000005
0.034631 0.608049 0.188451 0.107117 0.000702 0.061043 0.000007
0.032099 0.607948 0.189680 0.107736 0.000712 0.061817 0.000008
0.033385 0.603741 0.190623 0.108564 0.000731 0.062950 0.000007
0.030497 0.602345 0.192537 0.109654 0.000737 0.064224 0.000006
0.030978 0.599941 0.193324 0.110045 0.000752 0.064953 0.000008
0.029433 0.599080 0.194277 0.110694 0.000771 0.065737 0.000007
0.028863 0.596907 0.195638 0.111155 0.000771 0.066659 0.000007
0.027238 0.593663 0.197579 0.112433 0.000794 0.068286 0.000007
0.035098 0.589700 0.195446 0.111183 0.000787 0.067781 0.000005
0.035143 0.587912 0.196259 0.111464 0.000781 0.068434 0.000007
0.034680 0.584516 0.197695 0.112461 0.000814 0.069827 0.000007
0.031561 0.582833 0.199890 0.113636 0.000856 0.071217 0.000007
0.034330 0.579239 0.199898 0.113631 0.000845 0.072051 0.000006
0.035036 0.579704 0.199459 0.113199 0.000846 0.071747 0.000008
0.034827 0.575653 0.200999 0.114310 0.000848 0.073356 0.000007
0.033264 0.574382 0.202384 0.114887 0.000861 0.074215 0.000008
0.039840 0.569388 0.200904 0.114551 0.000881 0.074428 0.000009
0.042425 0.564826 0.201655 0.114822 0.000875 0.075390 0.000007
0.041388 0.564892 0.202009 0.114986 0.000882 0.075837 0.000007
0.039859 0.564571 0.202945 0.115281 0.000892 0.076445 0.000008
0.042320 0.559293 0.203810 0.115861 0.000906 0.077801 0.000008
0.039344 0.558721 0.205419 0.116551 0.000902 0.079051 0.000011
0.040837 0.557655 0.204866 0.116533 0.000909 0.079191 0.000009
0.037373 0.557830 0.206512 0.117234 0.000926 0.080117 0.000009
0.038512 0.554638 0.207047 0.117618 0.000924 0.081252 0.000009
0.037725 0.553832 0.207545 0.117898 0.000931 0.082060 0.000009
0.036771 0.552624 0.208382 0.118322 0.000930 0.082966 0.000006
0.035398 0.551496 0.209418 0.118860 0.000944 0.083875 0.000010
0.031472 0.549679 0.211712 0.120457 0.000982 0.085689 0.000009
0.033152 0.548989 0.211316 0.119959 0.000988 0.085588 0.000010
0.031602 0.547472 0.212364 0.120592 0.001005 0.086955 0.000010
0.029544 0.544470 0.214546 0.121781 0.001023 0.088624 0.000012
0.027675 0.545633 0.214924 0.121954 0.001034 0.088769 0.000010
0.028381 0.542205 0.215942 0.122302 0.001034 0.090121 0.000014
0.034772 0.534805 0.215930 0.122353 0.001046 0.091083 0.000010
0.035918 0.535513 0.214832 0.121599 0.001052 0.091073 0.000013
0.031854 0.535261 0.216883 0.122788 0.001100 0.092104 0.000010
0.032831 0.532387 0.217451 0.123047 0.001070 0.093202 0.000013
0.035428 0.529623 0.217175 0.122991 0.001095 0.093675 0.000012
0.033139 0.528387 0.218549 0.123777 0.001115 0.095022 0.000011
0.035295 0.526728 0.218072 0.123408 0.001101 0.095383 0.000013
0.033199 0.526025 0.219307 0.124165 0.001112 0.096180 0.000013
0.032425 0.523804 0.220107 0.124705 0.001131 0.097812 0.000015
0.031103 0.522758 0.220979 0.125357 0.001134 0.098654 0.000014
0.030232 0.519904 0.222325 0.126037 0.001162 0.100326 0.000014
0.030286 0.517561 0.222885 0.126377 0.001174 0.101703 0.000013
0.030273 0.517205 0.222960 0.126688 0.001179 0.101677 0.000018
0.027892 0.515890 0.224295 0.127495 0.001187 0.103225 0.000016
0.025803 0.515612 0.225273 0.127884 0.001217 0.104196 0.000014
0.027187 0.514705 0.225012 0.127409 0.001216 0.104457 0.000015
0.023919 0.513681 0.226696 0.128419 0.001232 0.106036 0.000017
0.025386 0.510813 0.226857 0.128660 0.001220 0.107049 0.000015
0.022234 0.509289 0.228870 0.129982 0.001255 0.108354 0.000016
0.021520 0.508226 0.229692 0.130117 0.001259 0.109169 0.000018
0.022224 0.504717 0.230301 0.130569 0.001274 0.110895 0.000020
0.020633 0.504266 0.231252 0.131098 0.001312 0.111419 0.000020
0.020340 0.502291 0.231818 0.131580 0.001301 0.112650 0.000019
0.018891 0.501709 0.232624 0.131918 0.001307 0.113537 0.000015
0.019904 0.501239 0.232142 0.131653 0.001333 0.113712 0.000017
0.017853 0.497065 0.234575 0.133174 0.001342 0.115972 0.000019
0.018053 0.496507 0.234353 0.132865 0.001341 0.116862 0.000018
0.018181 0.493905 0.235186 0.133327 0.001345 0.118037 0.000019
0.017098 0.492199 0.236278 0.133893 0.001387 0.119128 0.000019
0.016755 0.489700 0.237030 0.134555 0.001389 0.120551 0.000018
0.016768 0.487829 0.237407 0.134779 0.001392 0.121805 0.000020
0.015998 0.486563 0.238181 0.135262 0.001429 0.122548 0.000019
0.016357 0.484926 0.238681 0.135333 0.001415 0.123264 0.000024
0.015841 0.483606 0.239322 0.135688 0.001443 0.124084 0.000017
0.015656 0.480851 0.239964 0.136247 0.001447 0.125816 0.000020
0.015153 0.479525 0.240546 0.136563 0.001460 0.126732 0.000021
0.015382 0.477998 0.241093 0.136377 0.001465 0.127662 0.000023
0.015242 0.477687 0.240923 0.136750 0.001481 0.127896 0.000021
0.015019 0.475018 0.241867 0.137106 0.001500 0.129470 0.000020
0.015076 0.472028 0.242676 0.137523 0.001490 0.131186 0.000021
0.014961 0.470152 0.243451 0.137803 0.001513 0.132100 0.000021
0.014560 0.468932 0.243589 0.138267 0.001505 0.133125 0.000022
0.014795 0.469145 0.243523 0.137748 0.001536 0.133231 0.000023
0.014242 0.465751 0.244609 0.138801 0.001543 0.135031 0.000024
0.014043 0.463283 0.245381 0.139343 0.001571 0.136354 0.000024
0.013859 0.460850 0.246578 0.139505 0.001561 0.137623 0.000024
0.013948 0.460435 0.246271 0.139637 0.001576 0.138106 0.000025
0.014125 0.458647 0.246638 0.139784 0.001588 0.139194 0.000024
0.014072 0.456480 0.247080 0.140104 0.001590 0.140653 0.000021
0.013918 0.456452 0.247257 0.140093 0.001613 0.140644 0.000022
0.013734 0.453788 0.248009 0.140583 0.001619 0.142244 0.000024
0.013394 0.451028 0.249091 0.141193 0.001612 0.143656 0.000025
0.013617 0.449194 0.249520 0.141280 0.001673 0.144688 0.000028
0.013107 0.446345 0.250554 0.141871 0.001674 0.146425 0.000024
0.013300 0.447683 0.249418 0.141685 0.001670 0.146217 0.000028
0.013129 0.444560 0.250896 0.142100 0.001715 0.147570 0.000031
0.013408 0.443394 0.250665 0.142344 0.001701 0.148458 0.000031
0.013481 0.442375 0.250899 0.142266 0.001680 0.149275 0.000026
0.013256 0.438418 0.251984 0.143025 0.001713 0.151573 0.000031
0.013223 0.438415 0.251752 0.143034 0.001730 0.151817 0.000030
0.013210 0.437988 0.252068 0.142734 0.001733 0.152239 0.000028
0.012980 0.435128 0.252791 0.143351 0.001751 0.153968 0.000031
0.012989 0.433306 0.252944 0.143807 0.001765 0.155158 0.000031
0.013031 0.432529 0.253393 0.143380 0.001800 0.155836 0.000031
0.012908 0.431416 0.253346 0.143848 0.001791 0.156662 0.000028
0.012878 0.427977 0.254621 0.144173 0.001832 0.158488 0.000031
0.012805 0.427676 0.254431 0.144319 0.001800 0.158940 0.000028
0.012936 0.426343 0.254621 0.144282 0.001825 0.159965 0.000028
0.012622 0.422948 0.255576 0.145115 0.001849 0.161858 0.000032
0.012652 0.421541 0.255907 0.145262 0.001837 0.162770 0.000032
0.012567 0.419758 0.256140 0.145320 0.001861 0.164325 0.000028
0.012558 0.418489 0.256558 0.145451 0.001864 0.165048 0.000032
0.012646 0.418523 0.256010 0.145464 0.001890 0.165434 0.000033
0.012688 0.415934 0.257227 0.145628 0.001862 0.166626 0.000034
0.012473 0.413358 0.257783 0.146094 0.001905 0.168352 0.000034
0.012747 0.415447 0.256707 0.145741 0.001896 0.167427 0.000034
0.012602 0.411415 0.257893 0.146360 0.001922 0.169773 0.000035
0.012609 0.408796 0.258371 0.146461 0.001931 0.171800 0.000032
0.012529 0.408263 0.258396 0.146442 0.001960 0.172378 0.000033
0.012735 0.406572 0.258569 0.146749 0.001963 0.173377 0.000034
0.012391 0.404793 0.258902 0.147121 0.002001 0.174755 0.000037
0.012655 0.402691 0.259481 0.147128 0.001966 0.176040 0.000039
0.012529 0.402792 0.259155 0.147124 0.002006 0.176357 0.000038
0.012490 0.401820 0.259505 0.147137 0.001981 0.177030 0.000037
0.012407 0.398248 0.260084 0.147793 0.002029 0.179403 0.000036
0.012417 0.398678 0.259964 0.147581 0.002012 0.179311 0.000037
0.012355 0.395385 0.260768 0.148186 0.002050 0.181219 0.000036
0.012421 0.394776 0.260764 0.148019 0.002026 0.181958 0.000036
0.022867 0.391322 0.257302 0.146330 0.002004 0.180139 0.000036
0.022084 0.390407 0.257708 0.146349 0.002031 0.181385 0.000036
0.026355 0.386006 0.257360 0.145922 0.002003 0.182316 0.000038
0.027199 0.386932 0.256223 0.145649 0.002035 0.181926 0.000037
0.026504 0.385758 0.256575 0.145840 0.002037 0.183249 0.000038
0.022742 0.384479 0.258132 0.146788 0.002098 0.185728 0.000034
0.027300 0.383642 0.256637 0.145824 0.002035 0.184523 0.000040
0.025345 0.381955 0.257687 0.146252 0.002080 0.186641 0.000040
0.026396 0.381004 0.256978 0.146071 0.002086 0.187428 0.000037
0.024173 0.380798 0.257771 0.146595 0.002098 0.188520 0.000045
0.023780 0.379693 0.257973 0.146513 0.002089 0.189910 0.000043
0.022252 0.379920 0.257959 0.147045 0.002095 0.190694 0.000036
0.022289 0.376425 0.259043 0.147026 0.002160 0.193019 0.000037
0.020297 0.377118 0.259454 0.147485 0.002109 0.193499 0.000038
0.019887 0.375074 0.260097 0.147691 0.002135 0.195074 0.000042
0.020585 0.374682 0.259748 0.147441 0.002150 0.195353 0.000041
0.018375 0.372734 0.260997 0.148229 0.002169 0.197459 0.000038
0.018166 0.372078 0.260951 0.148344 0.002165 0.198253 0.000043
0.017795 0.371382 0.260780 0.148315 0.002186 0.199495 0.000045
0.017640 0.371452 0.261042 0.148289 0.002192 0.199344 0.000043
0.017265 0.369106 0.261513 0.148682 0.002209 0.201182 0.000042
0.016328 0.366931 0.262225 0.148845 0.002232 0.203395 0.000043
0.016194 0.366781 0.262060 0.148925 0.002250 0.203751 0.000039
0.014869 0.366087 0.262791 0.149318 0.002287 0.204606 0.000042
0.014456 0.363401 0.263327 0.150156 0.002269 0.206344 0.000046
0.015562 0.364028 0.262596 0.149254 0.002271 0.206242 0.000048
0.015382 0.362310 0.263099 0.149155 0.002279 0.207728 0.000048
0.015008 0.360205 0.263443 0.149738 0.002285 0.209276 0.000044
0.014066 0.356759 0.264788 0.150380 0.002311 0.211650 0.000046
0.013785 0.357470 0.264313 0.150201 0.002294 0.211893 0.000045
0.013901 0.356609 0.264202 0.150017 0.002353 0.212866 0.000053
0.013765 0.354793 0.264931 0.150207 0.002389 0.213864 0.000052
0.013507 0.353076 0.264855 0.150589 0.002359 0.215565 0.000049
0.013598 0.352452 0.265099 0.150337 0.002399 0.216065 0.000050
0.013534 0.350432 0.265119 0.150848 0.002390 0.217623 0.000054
0.012940 0.347881 0.266057 0.151109 0.002388 0.219576 0.000050
0.013289 0.348533 0.265756 0.150786 0.002427 0.219161 0.000047
0.012705 0.346637 0.265813 0.151401 0.002407 0.220986 0.000052
0.013054 0.346434 0.265876 0.150933 0.002431 0.221223 0.000049
0.013044 0.345606 0.266056 0.151183 0.002445 0.221618 0.000049
0.013247 0.344304 0.265672 0.150821 0.002451 0.223452 0.000053
0.013241 0.344060 0.265614 0.150855 0.002479 0.223701 0.000050
0.012584 0.340226 0.266633 0.151396 0.002486 0.226617 0.000057
0.012542 0.338184 0.267110 0.151616 0.002506 0.227984 0.000058
0.012757 0.337148 0.266945 0.151666 0.002516 0.228911 0.000057
0.012979 0.338462 0.266381 0.151285 0.002528 0.228316 0.000049
0.012680 0.334768 0.267029 0.151504 0.002555 0.231408 0.000055
0.012595 0.335297 0.266932 0.151481 0.002519 0.231125 0.000052
0.012497 0.332506 0.267492 0.152031 0.002554 0.232868 0.000053
0.012562 0.332265 0.267009 0.151781 0.002552 0.233781 0.000049
0.012286 0.329749 0.267367 0.152091 0.002581 0.235871 0.000055
0.012423 0.329390 0.267556 0.151854 0.002592 0.236127 0.000059
0.012381 0.328083 0.267931 0.151864 0.002596 0.237094 0.000051
0.012212 0.325152 0.268120 0.152207 0.002632 0.239617 0.000059
0.012397 0.325224 0.267936 0.151854 0.002638 0.239897 0.000053
0.012569 0.324520 0.267270 0.151836 0.002625 0.241123 0.000056
0.012543 0.323551 0.267609 0.152072 0.002670 0.241494 0.000059
0.012253 0.321387 0.268228 0.152420 0.002706 0.242954 0.000052
0.012316 0.319567 0.268173 0.152545 0.002645 0.244697 0.000058
0.012168 0.319810 0.268531 0.152347 0.002656 0.244433 0.000056
0.012238 0.317555 0.268576 0.152256 0.002710 0.246609 0.000057
0.012590 0.319048 0.267677 0.152098 0.002676 0.245852 0.000060
0.012470 0.316176 0.267513 0.152545 0.002679 0.248561 0.000056
0.012513 0.315331 0.268292 0.152254 0.002727 0.248821 0.000061
0.012475 0.315995 0.268103 0.152211 0.002693 0.248466 0.000057
0.012181 0.313581 0.268247 0.152285 0.002724 0.250926 0.000056
0.012457 0.311638 0.267999 0.152532 0.002701 0.252614 0.000058
0.012329 0.310833 0.268637 0.152230 0.002731 0.253182 0.000058
0.012396 0.310005 0.268335 0.152343 0.002715 0.254144 0.000061
0.012323 0.308557 0.268687 0.152214 0.002742 0.255420 0.000058
0.012430 0.307656 0.268178 0.152278 0.002780 0.256621 0.000057
0.012421 0.307308 0.268165 0.152334 0.002776 0.256941 0.000056
0.012215 0.304955 0.268310 0.152505 0.002806 0.259157 0.000052
0.012478 0.303245 0.268250 0.152484 0.002834 0.260651 0.000058
0.012370 0.303877 0.268254 0.152577 0.002808 0.260053 0.000060
0.012467 0.301464 0.268419 0.152384 0.002826 0.262380 0.000060
0.012457 0.301090 0.268237 0.152373 0.002905 0.262877 0.000060
0.012514 0.300895 0.268058 0.151853 0.002875 0.263748 0.000057
0.012446 0.298796 0.268387 0.152085 0.002895 0.265334 0.000057
0.012585 0.299137 0.268054 0.152098 0.002869 0.265202 0.000054
0.012490 0.295765 0.268378 0.152545 0.002870 0.267892 0.000061
0.012546 0.295933 0.268237 0.152118 0.002891 0.268206 0.000069
0.012388 0.293122 0.268648 0.152382 0.002911 0.270490 0.000060
0.012263 0.293253 0.268295 0.152477 0.002992 0.270661 0.000059
0.012477 0.294268 0.268030 0.151926 0.002914 0.270323 0.000062
0.012454 0.291490 0.268328 0.152192 0.002964 0.272516 0.000055
0.012495 0.290711 0.267843 0.152357 0.002957 0.273572 0.000066
0.012551 0.289885 0.268246 0.152088 0.002948 0.274217 0.000066
0.012456 0.287181 0.268515 0.152315 0.002993 0.276475 0.000065
0.012556 0.286455 0.268305 0.152233 0.003030 0.277355 0.000066
0.012674 0.287769 0.267744 0.152011 0.002974 0.276763 0.000065
0.012609 0.286014 0.268010 0.152028 0.003040 0.278237 0.000062
0.012431 0.283348 0.268065 0.152142 0.003029 0.280911 0.000073
0.012472 0.283199 0.267899 0.152035 0.003040 0.281283 0.000073
0.012741 0.284062 0.267607 0.151652 0.003017 0.280859 0.000062
0.012663 0.281708 0.267753 0.151957 0.003054 0.282787 0.000078
0.012612 0.279456 0.267540 0.151755 0.003044 0.285523 0.000071
0.012570 0.278947 0.267749 0.151925 0.003051 0.285687 0.000070
0.012743 0.278004 0.267818 0.151722 0.003068 0.286573 0.000073
0.012825 0.278179 0.267600 0.151719 0.003110 0.286497 0.000069
0.012890 0.277602 0.267106 0.151759 0.003068 0.287504 0.000072
0.012732 0.275999 0.266885 0.151933 0.003116 0.289264 0.000071
0.012961 0.275054 0.267341 0.151428 0.003114 0.290027 0.000074
0.012630 0.272774 0.267389 0.151871 0.003104 0.292153 0.000079
0.013003 0.273760 0.266599 0.151822 0.003087 0.291653 0.000076
0.012990 0.272734 0.266569 0.151532 0.003113 0.292994 0.000068
0.012823 0.271478 0.266960 0.151274 0.003153 0.294229 0.000082
0.012953 0.270626 0.266540 0.151490 0.003153 0.295163 0.000076
0.013026 0.268647 0.267063 0.151482 0.003167 0.296533 0.000081
0.013027 0.268630 0.266723 0.151215 0.003156 0.297169 0.000080
0.012821 0.267589 0.266634 0.151365 0.003163 0.298354 0.000074
0.012961 0.267982 0.266242 0.151079 0.003167 0.298491 0.000078
0.012868 0.265687 0.266464 0.151253 0.003195 0.300451 0.000082
0.013059 0.265533 0.265961 0.151156 0.003204 0.301008 0.000080
0.012899 0.264784 0.266404 0.150936 0.003185 0.301714 0.000078
0.012945 0.261682 0.266267 0.151197 0.003173 0.304654 0.000082
0.013073 0.262501 0.265972 0.151083 0.003210 0.304087 0.000073
0.012974 0.260511 0.266168 0.150961 0.003227 0.306077 0.000083
0.013030 0.260700 0.265511 0.150613 0.003219 0.306842 0.000086
0.012971 0.259537 0.265852 0.150905 0.003235 0.307420 0.000081
0.013073 0.258260 0.265744 0.150635 0.003211 0.309001 0.000076
0.013199 0.257874 0.265533 0.150123 0.003222 0.309969 0.000079
0.013243 0.256035 0.265023 0.150664 0.003224 0.311724 0.000087
0.012951 0.255693 0.265268 0.150320 0.003238 0.312443 0.000087
0.013307 0.256286 0.264626 0.150352 0.003225 0.312126 0.000078
0.013208 0.253064 0.264603 0.150520 0.003312 0.315207 0.000086
0.013143 0.253467 0.264674 0.150159 0.003268 0.315208 0.000082
0.013177 0.253403 0.264758 0.150349 0.003273 0.314955 0.000084
0.013278 0.250831 0.264266 0.150400 0.003330 0.317810 0.000083
0.013285 0.249976 0.264267 0.150219 0.003371 0.318801 0.000081
0.013334 0.250516 0.264184 0.149841 0.003337 0.318707 0.000080
0.013433 0.249624 0.264021 0.149701 0.003305 0.319827 0.000089
0.013316 0.247846 0.263957 0.149966 0.003358 0.321468 0.000090
0.013364 0.246298 0.263871 0.150067 0.003367 0.322949 0.000085
0.013479 0.247297 0.263503 0.149848 0.003358 0.322425 0.000089
0.013389 0.244886 0.263955 0.149469 0.003378 0.324835 0.000087
0.013510 0.245098 0.263395 0.149759 0.003386 0.324754 0.000097
0.013419 0.244706 0.263140 0.149621 0.003368 0.325665 0.000082
0.013515 0.242900 0.263315 0.149416 0.003380 0.327381 0.000092
0.013403 0.242285 0.262796 0.149650 0.003390 0.328386 0.000090
0.013496 0.241175 0.262856 0.149206 0.003397 0.329784 0.000086
0.013380 0.241280 0.262782 0.149161 0.003417 0.329888 0.000093
0.013464 0.240785 0.262640 0.149148 0.003427 0.330442 0.000095
0.013441 0.238885 0.262456 0.148988 0.003477 0.332652 0.000100
0.013659 0.238376 0.262401 0.149045 0.003499 0.332923 0.000098
0.013561 0.237781 0.262738 0.148914 0.003441 0.333478 0.000087
0.013711 0.237239 0.262286 0.148780 0.003453 0.334441 0.000091
0.013818 0.235793 0.261854 0.148448 0.003501 0.336494 0.000092
0.013735 0.236177 0.261606 0.148755 0.003460 0.336182 0.000085
0.013873 0.233489 0.261669 0.148528 0.003533 0.338810 0.000098
0.013535 0.233794 0.261326 0.148843 0.003489 0.338918 0.000094
0.013815 0.233021 0.261237 0.148294 0.003500 0.340036 0.000096
0.013790 0.233821 0.261097 0.148097 0.003482 0.339621 0.000093
0.013752 0.231847 0.261262 0.147976 0.003510 0.341566 0.000086
0.013888 0.231444 0.260679 0.147991 0.003531 0.342369 0.000097
0.013793 0.230827 0.260655 0.147841 0.003570 0.343218 0.000096
0.013856 0.228632 0.260163 0.147655 0.003561 0.346038 0.000095
0.013960 0.228204 0.260315 0.147529 0.003538 0.346357 0.000095
0.013746 0.228841 0.259865 0.147650 0.003519 0.346277 0.000103
0.014108 0.227192 0.259785 0.147425 0.003586 0.347803 0.000100
0.014022 0.227514 0.259833 0.147156 0.003600 0.347781 0.000095
0.013920 0.225459 0.259655 0.147108 0.003590 0.350172 0.000096
0.013866 0.224954 0.259295 0.147201 0.003573 0.351013 0.000097
0.014030 0.224965 0.259269 0.147070 0.003615 0.350946 0.000105
0.014081 0.223216 0.259147 0.146830 0.003582 0.353042 0.000102
0.014129 0.222885 0.258686 0.146851 0.003617 0.353734 0.000098
0.014195 0.221998 0.258647 0.146677 0.003618 0.354759 0.000106
0.014270 0.221520 0.258270 0.146917 0.003672 0.355240 0.000110
0.014263 0.221224 0.257889 0.146467 0.003639 0.356420 0.000098
0.014108 0.218990 0.257999 0.146328 0.003669 0.358797 0.000108
0.014183 0.220031 0.258025 0.146407 0.003697 0.357550 0.000106
0.014215 0.217876 0.257513 0.146661 0.003703 0.359923 0.000109
0.014378 0.217655 0.257501 0.145956 0.003734 0.360672 0.000103
0.014317 0.217334 0.257464 0.145734 0.003720 0.361315 0.000116
0.014189 0.216989 0.256950 0.146015 0.003691 0.362049 0.000116
0.014391 0.215015 0.256783 0.145660 0.003752 0.364286 0.000112
0.014376 0.215096 0.257183 0.145468 0.003699 0.364067 0.000110
0.014504 0.214888 0.256698 0.145229 0.003777 0.364788 0.000116
0.014386 0.212686 0.256483 0.145074 0.003766 0.367491 0.000113
0.014384 0.213026 0.256172 0.145030 0.003701 0.367572 0.000115
0.014654 0.212978 0.256279 0.144824 0.003782 0.367367 0.000116
0.014603 0.211570 0.256046 0.144647 0.003779 0.369243 0.000112
0.014646 0.210287 0.255849 0.144643 0.003787 0.370668 0.000120
0.014566 0.209961 0.255451 0.144691 0.003738 0.371473 0.000121
0.014584 0.210051 0.255420 0.144445 0.003869 0.371523 0.000107
0.014749 0.208970 0.255100 0.144618 0.003780 0.372671 0.000112
0.014500 0.208222 0.254965 0.144344 0.003846 0.373998 0.000125
0.014541 0.207057 0.255051 0.144367 0.003832 0.375037 0.000114
0.014634 0.206255 0.254272 0.144397 0.003850 0.376483 0.000110
0.014963 0.206187 0.254064 0.144140 0.003859 0.376682 0.000105
0.014562 0.205661 0.254142 0.144104 0.003866 0.377546 0.000119
0.014770 0.205195 0.253602 0.143776 0.003850 0.378691 0.000117
0.015108 0.203594 0.253887 0.143572 0.003872 0.379861 0.000106
0.015098 0.205233 0.253593 0.143487 0.003836 0.378635 0.000119
0.014814 0.203005 0.252913 0.143612 0.003927 0.381607 0.000122
0.015064 0.202458 0.252618 0.143306 0.003904 0.382534 0.000117
0.015064 0.201079 0.252581 0.143356 0.003960 0.383841 0.000120
0.015058 0.201002 0.253045 0.143062 0.003862 0.383853 0.000119
0.015221 0.201557 0.252358 0.142706 0.003894 0.384146 0.000117
0.015374 0.200549 0.252340 0.142814 0.003935 0.384870 0.000117
0.015172 0.198931 0.251945 0.142614 0.003911 0.387294 0.000132
0.015235 0.199123 0.251972 0.142416 0.003937 0.387197 0.000120
0.015123 0.198727 0.251626 0.142456 0.003935 0.388009 0.000124
0.015180 0.196901 0.251369 0.142266 0.003960 0.390204 0.000121
0.015287 0.197159 0.250886 0.141952 0.003996 0.390590 0.000130
0.015583 0.196272 0.250617 0.142086 0.004002 0.391317 0.000123
0.015482 0.195681 0.250543 0.141754 0.003971 0.392451 0.000117
0.015388 0.195288 0.250528 0.141324 0.003993 0.393365 0.000113
0.015477 0.194717 0.249996 0.141561 0.004003 0.394129 0.000117
0.015659 0.194467 0.249841 0.141294 0.004013 0.394601 0.000124
0.015499 0.193393 0.249644 0.141592 0.003998 0.395738 0.000136
0.015631 0.192173 0.249260 0.141247 0.004018 0.397545 0.000126
0.015538 0.191807 0.249153 0.141030 0.004034 0.398307 0.000131
0.015518 0.191933 0.249110 0.140693 0.004003 0.398614 0.000129
0.015579 0.191142 0.248802 0.140832 0.004027 0.399483 0.000134
0.015558 0.192023 0.248855 0.140899 0.004051 0.398478 0.000137
0.015794 0.189756 0.247928 0.140564 0.004013 0.401821 0.000125
0.015489 0.189769 0.248310 0.140433 0.004007 0.401855 0.000136
0.015730 0.188790 0.247733 0.140156 0.004107 0.403358 0.000127
0.015900 0.188675 0.247542 0.140215 0.004057 0.403485 0.000126
0.015931 0.187370 0.247228 0.139751 0.004100 0.405487 0.000134
0.015788 0.187778 0.247135 0.140016 0.004102 0.405041 0.000140
0.015914 0.186855 0.246763 0.139618 0.004114 0.406610 0.000127
0.015948 0.186772 0.246805 0.139788 0.004117 0.406432 0.000137
0.016024 0.185405 0.246573 0.139584 0.004072 0.408200 0.000142
0.016030 0.184997 0.245749 0.139051 0.004092 0.409942 0.000139
0.016178 0.183792 0.245876 0.139066 0.004131 0.410813 0.000144
0.016057 0.183889 0.245566 0.139002 0.004158 0.411196 0.000132
0.016278 0.184091 0.245229 0.138909 0.004083 0.411274 0.000136
0.015968 0.182764 0.245342 0.138647 0.004125 0.413021 0.000132
0.015937 0.182858 0.245158 0.138469 0.004150 0.413296 0.000133
0.016185 0.181867 0.244791 0.138398 0.004160 0.414458 0.000140
0.016183 0.180583 0.243944 0.138262 0.004145 0.416741 0.000141
0.016371 0.180223 0.244460 0.137923 0.004155 0.416733 0.000136
0.016060 0.181211 0.244031 0.137943 0.004177 0.416432 0.000145
0.016281 0.179947 0.243676 0.138055 0.004131 0.417769 0.000140
0.016670 0.178991 0.243100 0.137734 0.004210 0.419146 0.000149
0.016515 0.178215 0.243107 0.137333 0.004155 0.420530 0.000145
0.016292 0.178446 0.242692 0.137150 0.004226 0.421054 0.000141
0.016544 0.177375 0.242412 0.137014 0.004234 0.422264 0.000157
0.016684 0.177410 0.242098 0.137351 0.004214 0.422103 0.000140
0.016519 0.176493 0.241947 0.136980 0.004199 0.423723 0.000140
0.016562 0.176505 0.241847 0.136913 0.004252 0.423782 0.000138
0.016549 0.175794 0.241230 0.136530 0.004207 0.425552 0.000138
0.016798 0.175575 0.241175 0.136726 0.004268 0.425310 0.000148
0.016755 0.174080 0.240961 0.136398 0.004235 0.427423 0.000149
0.016824 0.174425 0.240582 0.136289 0.004267 0.427458 0.000155
0.016694 0.174142 0.240248 0.136076 0.004260 0.428426 0.000155
0.016803 0.173543 0.240156 0.136064 0.004280 0.429005 0.000149
0.016736 0.172976 0.239464 0.135936 0.004307 0.430437 0.000145
0.016864 0.171900 0.239464 0.135741 0.004262 0.431615 0.000154
0.016701 0.171797 0.239722 0.135569 0.004277 0.431777 0.000157
0.016777 0.172070 0.239729 0.135518 0.004343 0.431404 0.000158
0.016735 0.171367 0.239177 0.135325 0.004301 0.432943 0.000152
0.016935 0.170400 0.238504 0.134608 0.004303 0.435099 0.000152
0.017042 0.170512 0.238260 0.134896 0.004348 0.434785 0.000157
0.017178 0.169245 0.237961 0.134736 0.004346 0.436384 0.000149
0.017151 0.168846 0.237721 0.134708 0.004333 0.437089 0.000152
0.017210 0.168437 0.237295 0.134554 0.004404 0.437947 0.000153
0.017148 0.167791 0.236999 0.134349 0.004352 0.439198 0.000163
0.017061 0.167311 0.237232 0.134399 0.004412 0.439418 0.000168
0.017345 0.166387 0.236547 0.134005 0.004363 0.441180 0.000173
0.017334 0.166754 0.236552 0.133745 0.004371 0.441072 0.000172
0.017273 0.165931 0.236087 0.134016 0.004397 0.442119 0.000176
0.017433 0.165082 0.235622 0.133413 0.004342 0.443941 0.000167
0.017113 0.165366 0.235857 0.133354 0.004411 0.443720 0.000179
0.017395 0.165404 0.235615 0.133539 0.004378 0.443503 0.000165
0.017395 0.164445 0.235250 0.132973 0.004341 0.445418 0.000179
0.017402 0.164030 0.234762 0.133035 0.004398 0.446195 0.000178
0.017649 0.164273 0.234728 0.132982 0.004390 0.445814 0.000164
0.017558 0.164236 0.234671 0.132697 0.004434 0.446224 0.000179
0.017319 0.162165 0.234174 0.132398 0.004372 0.449401 0.000171
0.017634 0.162505 0.234685 0.132473 0.004411 0.448125 0.000168
0.017802 0.161575 0.233803 0.132351 0.004345 0.449939 0.000184
0.017740 0.160688 0.233167 0.131833 0.004414 0.451981 0.000177
0.017930 0.160789 0.233244 0.131680 0.004460 0.451717 0.000178
0.017885 0.160787 0.233266 0.131848 0.004486 0.451544 0.000184
0.017957 0.159192 0.232258 0.131213 0.004463 0.454738 0.000179
0.018183 0.159479 0.232272 0.131283 0.004434 0.454167 0.000181
0.017901 0.158994 0.231884 0.130863 0.004481 0.455697 0.000180
0.018014 0.158602 0.231912 0.131049 0.004435 0.455799 0.000190
0.018194 0.157862 0.231628 0.130898 0.004487 0.456748 0.000183
0.018218 0.157918 0.231520 0.130533 0.004410 0.457223 0.000177
0.018209 0.157456 0.230743 0.130544 0.004476 0.458383 0.000189
0.018097 0.156187 0.230717 0.130440 0.004443 0.459932 0.000183
0.018460 0.156367 0.230296 0.130130 0.004442 0.460125 0.000181
0.018402 0.156986 0.230616 0.130101 0.004441 0.459272 0.000180
0.018270 0.155269 0.230288 0.130208 0.004467 0.461300 0.000198
0.018327 0.155503 0.230012 0.129977 0.004504 0.461501 0.000176
0.018768 0.154384 0.229059 0.129839 0.004534 0.463228 0.000188
0.018419 0.154461 0.229117 0.129391 0.004530 0.463904 0.000177
0.018325 0.154232 0.228894 0.129784 0.004525 0.464054 0.000186
0.018442 0.153027 0.228616 0.129239 0.004508 0.465982 0.000186
0.018535 0.153570 0.228388 0.129043 0.004492 0.465777 0.000195
0.018341 0.152489 0.228238 0.129049 0.004536 0.467154 0.000191
0.018544 0.152470 0.227719 0.128828 0.004508 0.467739 0.000193
0.018616 0.152190 0.227412 0.128818 0.004505 0.468279 0.000179
0.018398 0.151918 0.227049 0.129017 0.004528 0.468899 0.000190
0.018670 0.150933 0.226582 0.128605 0.004518 0.470492 0.000201
0.018654 0.150635 0.226409 0.128562 0.004540 0.471005 0.000195
0.018858 0.150178 0.226480 0.128227 0.004557 0.471507 0.000193
0.018666 0.150500 0.226308 0.128181 0.004510 0.471634 0.000200
0.018775 0.149519 0.225905 0.127955 0.004554 0.473092 0.000200
0.019102 0.149176 0.225491 0.127670 0.004544 0.473824 0.000193
0.019112 0.148263 0.225040 0.127742 0.004558 0.475101 0.000184
0.018968 0.148533 0.225256 0.127438 0.004563 0.475064 0.000178
0.019138 0.147615 0.224484 0.127064 0.004524 0.476980 0.000195
0.019148 0.147842 0.224725 0.127108 0.004579 0.476413 0.000186
0.019329 0.146915 0.224447 0.126733 0.004560 0.477814 0.000203
0.019212 0.146741 0.224410 0.126627 0.004649 0.478165 0.000196
0.019135 0.146018 0.223849 0.126610 0.004575 0.479606 0.000207
0.019060 0.146140 0.223691 0.126433 0.004543 0.479940 0.000193
0.019375 0.145298 0.222811 0.126569 0.004661 0.481084 0.000202
0.019392 0.144692 0.222993 0.126116 0.004648 0.481959 0.000199
0.019593 0.144288 0.222482 0.126031 0.004604 0.482795 0.000207
0.019650 0.144790 0.222743 0.125819 0.004623 0.482175 0.000200
0.019477 0.144103 0.222166 0.125703 0.004633 0.483718 0.000199
0.019498 0.143726 0.221721 0.125632 0.004612 0.484611 0.000200
0.019523 0.143692 0.221434 0.125550 0.004640 0.484949 0.000212
0.019656 0.142615 0.221418 0.125367 0.004630 0.486111 0.000202
0.019581 0.142750 0.220810 0.124932 0.004598 0.487141 0.000188
0.019764 0.142438 0.220464 0.125180 0.004598 0.487355 0.000200
0.019698 0.141452 0.220694 0.124748 0.004637 0.488574 0.000196
