0.999114 0.000857 0.000018 0.000011 0.000000 0.000000 0.000000
0.998667 0.001296 0.000023 0.000001 0.000002 0.000011 0.000000
0.998215 0.001733 0.000030 0.000009 0.000000 0.000013 0.000000
0.997728 0.002208 0.000036 0.000012 0.000000 0.000016 0.000000
0.997268 0.002662 0.000042 0.000013 0.000000 0.000014 0.000000
0.996615 0.003300 0.000054 0.000017 0.000001 0.000014 0.000000
0.996113 0.003794 0.000057 0.000021 0.000000 0.000015 0.000000
0.995364 0.004518 0.000079 0.000024 0.000000 0.000015 0.000000
0.994671 0.005201 0.000087 0.000027 0.000000 0.000014 0.000000
0.993706 0.006151 0.000097 0.000033 0.000000 0.000013 0.000000
0.992458 0.007382 0.000101 0.000047 0.000000 0.000012 0.000000
0.990890 0.008936 0.000117 0.000046 0.000000 0.000011 0.000000
0.989238 0.010541 0.000143 0.000068 0.000000 0.000010 0.000000
0.986196 0.013543 0.000166 0.000087 0.000000 0.000008 0.000000
0.984068 0.015619 0.000195 0.000110 0.000000 0.000008 0.000000
0.980224 0.019399 0.000235 0.000135 0.000000 0.000007 0.000000
0.976848 0.022666 0.000310 0.000171 0.000000 0.000006 0.000000
0.973226 0.026234 0.000339 0.000196 0.000000 0.000006 0.000000
0.967585 0.031744 0.000432 0.000230 0.000000 0.000009 0.000000
0.962737 0.036465 0.000517 0.000271 0.000000 0.000009 0.000000
0.956142 0.042943 0.000599 0.000306 0.000000 0.000011 0.000000
0.947763 0.051154 0.000713 0.000354 0.000000 0.000016 0.000000
0.940953 0.057822 0.000830 0.000372 0.000000 0.000023 0.000000
0.932053 0.066575 0.000914 0.000434 0.000000 0.000024 0.000000
0.923313 0.075076 0.001048 0.000536 0.000000 0.000027 0.000000
0.912408 0.085687 0.001231 0.000642 0.000000 0.000032 0.000000
0.901387 0.096399 0.001396 0.000785 0.000000 0.000033 0.000000
0.890411 0.107047 0.001609 0.000898 0.000000 0.000036 0.000000
0.876768 0.120272 0.001890 0.001027 0.000000 0.000043 0.000000
0.864137 0.132516 0.002136 0.001158 0.000000 0.000053 0.000000
0.852221 0.144011 0.002406 0.001303 0.000000 0.000059 0.000000
0.839136 0.156642 0.002668 0.001475 0.000000 0.000079 0.000000
0.824728 0.170616 0.002960 0.001607 0.000000 0.000090 0.000000
0.808676 0.186102 0.003301 0.001811 0.000000 0.000110 0.000000
0.793568 0.200631 0.003612 0.002073 0.000000 0.000116 0.000000
0.778230 0.215332 0.003987 0.002316 0.000000 0.000135 0.000000
0.764329 0.228640 0.004316 0.002559 0.000003 0.000152 0.000000
0.746964 0.245249 0.004779 0.002832 0.000004 0.000171 0.000000
0.733093 0.258536 0.005164 0.003014 0.000004 0.000190 0.000000
0.715932 0.274873 0.005667 0.003316 0.000003 0.000208 0.000000
0.700541 0.289444 0.006155 0.003638 0.000003 0.000218 0.000000
0.688211 0.301115 0.006551 0.003890 0.000003 0.000231 0.000000
0.671428 0.316894 0.007193 0.004235 0.000003 0.000246 0.000000
0.657072 0.330384 0.007729 0.004537 0.000004 0.000273 0.000000
0.642485 0.343981 0.008399 0.004846 0.000003 0.000285 0.000000
0.631754 0.353950 0.008851 0.005133 0.000003 0.000309 0.000000
0.617865 0.366979 0.009398 0.005414 0.000003 0.000341 0.000000
0.603774 0.380069 0.009993 0.005795 0.000003 0.000367 0.000000
0.590273 0.392617 0.010591 0.006123 0.000003 0.000393 0.000000
0.579552 0.402395 0.011161 0.006467 0.000003 0.000421 0.000000
0.567283 0.413692 0.011760 0.006811 0.000004 0.000450 0.000000
0.554475 0.425334 0.012431 0.007258 0.000004 0.000498 0.000000
0.539122 0.439371 0.013259 0.007691 0.000007 0.000551 0.000000
0.527207 0.450190 0.013940 0.008057 0.000007 0.000599 0.000000
0.514302 0.461940 0.014627 0.008478 0.000009 0.000644 0.000000
0.503507 0.471586 0.015354 0.008860 0.000011 0.000683 0.000000
0.488562 0.484909 0.016372 0.009400 0.000010 0.000747 0.000000
0.480548 0.491956 0.016985 0.009700 0.000010 0.000802 0.000000
0.466762 0.504237 0.017882 0.010241 0.000012 0.000866 0.000000
0.458762 0.511131 0.018609 0.010580 0.000011 0.000907 0.000000
0.447085 0.521509 0.019362 0.011051 0.000012 0.000981 0.000000
0.436638 0.530470 0.020246 0.011571 0.000012 0.001063 0.000000
0.424548 0.541058 0.021166 0.012079 0.000014 0.001135 0.000000
0.414226 0.549759 0.022078 0.012700 0.000015 0.001221 0.000000
0.403951 0.558342 0.023088 0.013291 0.000018 0.001309 0.000000
0.393208 0.567547 0.024040 0.013794 0.000019 0.001393 0.000000
0.382610 0.576249 0.025159 0.014475 0.000019 0.001488 0.000000
0.375951 0.581520 0.026001 0.014942 0.000020 0.001566 0.000000
0.364155 0.591161 0.027281 0.015715 0.000020 0.001668 0.000000
0.357602 0.595988 0.028346 0.016293 0.000023 0.001749 0.000000
0.351244 0.600810 0.029277 0.016798 0.000027 0.001845 0.000000
0.343440 0.606850 0.030292 0.017450 0.000030 0.001938 0.000000
0.338054 0.610560 0.031359 0.017938 0.000033 0.002056 0.000000
0.334652 0.612417 0.032259 0.018475 0.000036 0.002160 0.000000
0.326366 0.618707 0.033506 0.019084 0.000036 0.002300 0.000000
0.321573 0.621581 0.034631 0.019752 0.000038 0.002425 0.000000
0.314744 0.626745 0.035634 0.020318 0.000035 0.002523 0.000000
0.308416 0.631027 0.036907 0.020943 0.000037 0.002670 0.000000
0.303680 0.633792 0.038052 0.021587 0.000040 0.002849 0.000000
0.300419 0.635537 0.038909 0.022088 0.000042 0.003005 0.000000
0.290736 0.642612 0.040426 0.022973 0.000044 0.003209 0.000000
0.289299 0.642645 0.041235 0.023446 0.000041 0.003334 0.000000
0.282231 0.647486 0.042577 0.024155 0.000045 0.003506 0.000000
0.276968 0.650745 0.043721 0.024847 0.000044 0.003676 0.000000
0.273299 0.652976 0.044477 0.025392 0.000047 0.003809 0.000000
0.268849 0.655146 0.045801 0.026164 0.000048 0.003991 0.000000
0.265689 0.656312 0.046893 0.026867 0.000051 0.004189 0.000000
0.259762 0.660131 0.048115 0.027601 0.000053 0.004338 0.000000
0.259408 0.659050 0.048910 0.028091 0.000057 0.004484 0.000000
0.252277 0.663240 0.050669 0.029022 0.000057 0.004734 0.000000
0.245702 0.667227 0.052157 0.029898 0.000058 0.004958 0.000000
0.242533 0.669681 0.052567 0.030105 0.000059 0.005056 0.000000
0.243657 0.666065 0.054007 0.030929 0.000059 0.005282 0.000000
0.236444 0.671010 0.055248 0.031686 0.000064 0.005548 0.000000
0.230308 0.674122 0.057041 0.032654 0.000068 0.005806 0.000000
0.228115 0.674227 0.058188 0.033331 0.000067 0.006072 0.000000
0.223420 0.676859 0.059367 0.033983 0.000072 0.006299 0.000000
0.223786 0.674537 0.060427 0.034644 0.000076 0.006530 0.000000
0.215670 0.680051 0.061952 0.035438 0.000077 0.006812 0.000000
0.211970 0.681538 0.063273 0.036062 0.000084 0.007074 0.000000
0.216017 0.675844 0.064111 0.036605 0.000089 0.007334 0.000000
0.210542 0.679131 0.065388 0.037262 0.000087 0.007590 0.000000
0.210082 0.678709 0.065903 0.037531 0.000086 0.007689 0.000000
0.201126 0.683313 0.068386 0.038903 0.000097 0.008175 0.000000
0.196473 0.684339 0.070413 0.040051 0.000103 0.008621 0.000000
0.198594 0.682364 0.070274 0.040019 0.000095 0.008653 0.000000
0.198718 0.680811 0.071019 0.040446 0.000104 0.008902 0.000000
0.188329 0.687183 0.073222 0.041818 0.000116 0.009333 0.000000
0.182029 0.689220 0.075600 0.043162 0.000118 0.009871 0.000000
0.179159 0.689740 0.076961 0.043901 0.000119 0.010120 0.000000
0.181708 0.687956 0.076518 0.043535 0.000126 0.010157 0.000000
0.171094 0.693784 0.079203 0.045091 0.000132 0.010695 0.000000
0.165195 0.696095 0.081147 0.046244 0.000140 0.011180 0.000000
0.162599 0.696116 0.082496 0.047052 0.000135 0.011602 0.000000
0.155486 0.700671 0.083944 0.047825 0.000147 0.011928 0.000000
0.157481 0.696863 0.085014 0.048276 0.000146 0.012221 0.000000
0.153927 0.698751 0.085864 0.048839 0.000152 0.012468 0.000000
0.148348 0.700701 0.087746 0.050068 0.000157 0.012979 0.000000
0.144182 0.701259 0.089736 0.051105 0.000167 0.013550 0.000000
0.129891 0.709580 0.093144 0.053066 0.000178 0.014141 0.000000
0.133845 0.704556 0.093690 0.053242 0.000175 0.014491 0.000000
0.124916 0.708579 0.096452 0.054794 0.000188 0.015072 0.000000
0.124485 0.706970 0.097499 0.055433 0.000188 0.015425 0.000000
0.119567 0.708663 0.099200 0.056350 0.000199 0.016021 0.000000
0.118062 0.706819 0.100854 0.057514 0.000202 0.016550 0.000000
0.110770 0.708845 0.103794 0.059053 0.000217 0.017320 0.000000
0.108943 0.710271 0.104016 0.059186 0.000214 0.017371 0.000000
0.103857 0.711739 0.105909 0.060391 0.000227 0.017876 0.000000
0.106640 0.707253 0.106612 0.060831 0.000224 0.018440 0.000000
0.100424 0.707947 0.109684 0.062543 0.000234 0.019169 0.000000
0.096141 0.708390 0.111779 0.063624 0.000247 0.019819 0.000000
0.092995 0.708799 0.113141 0.064467 0.000261 0.020338 0.000000
0.090496 0.708892 0.114555 0.065091 0.000249 0.020717 0.000000
0.084922 0.710181 0.116630 0.066508 0.000274 0.021484 0.000000
0.085615 0.708119 0.117361 0.066771 0.000266 0.021869 0.000000
0.076492 0.710752 0.120881 0.068677 0.000270 0.022928 0.000000
0.076551 0.707122 0.122820 0.069751 0.000288 0.023469 0.000000
0.078397 0.704147 0.123192 0.070091 0.000295 0.023879 0.000000
0.072460 0.704662 0.126105 0.071710 0.000304 0.024760 0.000000
0.075379 0.701369 0.126070 0.071792 0.000304 0.025085 0.000000
0.074683 0.699029 0.127703 0.072558 0.000320 0.025706 0.000000
0.076774 0.693845 0.129191 0.073430 0.000331 0.026429 0.000000
0.074228 0.691562 0.131633 0.075006 0.000332 0.027239 0.000000
0.076017 0.689166 0.132002 0.075022 0.000327 0.027464 0.000000
0.076352 0.685759 0.133446 0.075900 0.000335 0.028207 0.000000
0.076757 0.684062 0.134084 0.076101 0.000347 0.028648 0.000000
0.072997 0.684144 0.135948 0.077324 0.000350 0.029237 0.000000
0.079020 0.678482 0.135667 0.076940 0.000352 0.029539 0.000000
0.083221 0.671765 0.136784 0.077793 0.000359 0.030077 0.000000
0.085728 0.667739 0.137330 0.078160 0.000369 0.030674 0.000000
0.081466 0.668567 0.139135 0.079167 0.000385 0.031281 0.000000
0.085239 0.663618 0.139562 0.079433 0.000385 0.031763 0.000000
0.081844 0.663634 0.141278 0.080379 0.000382 0.032483 0.000000
0.074169 0.665372 0.144349 0.082010 0.000404 0.033695 0.000001
0.081058 0.660206 0.143324 0.081528 0.000408 0.033475 0.000001
0.077504 0.660719 0.144590 0.082426 0.000400 0.034360 0.000001
0.074493 0.660891 0.146269 0.082975 0.000415 0.034957 0.000000
0.069841 0.661086 0.148278 0.084370 0.000451 0.035973 0.000001
0.076155 0.656653 0.147158 0.083766 0.000436 0.035832 0.000001
0.069353 0.656881 0.150483 0.085599 0.000461 0.037222 0.000001
0.068806 0.656089 0.151044 0.086018 0.000459 0.037583 0.000001
0.069193 0.653612 0.152121 0.086444 0.000460 0.038169 0.000001
0.062864 0.655444 0.154359 0.087708 0.000471 0.039153 0.000001
0.062735 0.652914 0.155586 0.088510 0.000478 0.039776 0.000001
0.059153 0.654486 0.156660 0.088896 0.000487 0.040317 0.000001
0.062483 0.650400 0.156819 0.089114 0.000489 0.040695 0.000001
0.060957 0.645430 0.159983 0.090848 0.000496 0.042285 0.000001
0.060046 0.644854 0.160447 0.091333 0.000518 0.042802 0.000000
0.056955 0.644064 0.162383 0.092370 0.000521 0.043706 0.000001
0.056649 0.643240 0.162887 0.092606 0.000540 0.044077 0.000001
0.056550 0.641226 0.163838 0.093187 0.000529 0.044669 0.000000
0.054751 0.637387 0.166591 0.094755 0.000544 0.045972 0.000001
0.064891 0.632738 0.163637 0.092945 0.000555 0.045232 0.000001
0.061039 0.631347 0.166322 0.094414 0.000566 0.046311 0.000001
0.065696 0.624920 0.166811 0.094764 0.000558 0.047251 0.000001
0.066969 0.622920 0.167011 0.094888 0.000572 0.047639 0.000001
0.063922 0.621817 0.169023 0.095974 0.000584 0.048679 0.000001
0.064244 0.619497 0.169697 0.096465 0.000592 0.049504 0.000001
0.061991 0.620114 0.170460 0.096891 0.000612 0.049931 0.000001
0.060493 0.618867 0.171719 0.097516 0.000601 0.050801 0.000003
0.059421 0.616885 0.172958 0.098350 0.000629 0.051755 0.000003
0.059562 0.615864 0.173305 0.098367 0.000619 0.052281 0.000002
0.056455 0.613697 0.175774 0.099997 0.000637 0.053436 0.000004
0.053993 0.613619 0.176941 0.100660 0.000647 0.054136 0.000004
0.054738 0.612121 0.177199 0.100588 0.000647 0.054705 0.000003
0.053027 0.611020 0.178327 0.101220 0.000678 0.055724 0.000004
0.049408 0.609262 0.180974 0.102701 0.000688 0.056964 0.000003
0.052093 0.605167 0.181552 0.102948 0.000703 0.057532 0.000004
0.051201 0.605107 0.181819 0.103091 0.000699 0.058080 0.000003
0.050588 0.602823 0.182968 0.103870 0.000718 0.059030 0.000002
0.054161 0.600412 0.182299 0.103359 0.000717 0.059048 0.000003
0.050544 0.598834 0.184586 0.104843 0.000730 0.060458 0.000004
0.050155 0.598175 0.185088 0.104938 0.000720 0.060920 0.000004
0.049097 0.599188 0.184992 0.105129 0.000735 0.060855 0.000004
0.049136 0.594171 0.187254 0.106020 0.000739 0.062676 0.000004
0.046385 0.593010 0.188977 0.107085 0.000748 0.063792 0.000004
0.045003 0.591065 0.190445 0.108028 0.000759 0.064697 0.000004
0.043850 0.591036 0.190749 0.108175 0.000773 0.065412 0.000004
0.042354 0.588912 0.192267 0.109107 0.000799 0.066555 0.000006
0.038305 0.589415 0.193937 0.109895 0.000787 0.067657 0.000005
0.038300 0.587477 0.194706 0.110566 0.000813 0.068133 0.000006
0.038081 0.586438 0.195223 0.110654 0.000809 0.068789 0.000006
0.035620 0.583568 0.197402 0.112062 0.000840 0.070504 0.000005
0.034166 0.583365 0.198099 0.112411 0.000834 0.071119 0.000007
0.031821 0.580819 0.200235 0.113705 0.000848 0.072565 0.000008
0.033282 0.580003 0.199796 0.113228 0.000860 0.072823 0.000008
0.030649 0.579066 0.201479 0.114230 0.000858 0.073712 0.000006
0.030166 0.576800 0.202446 0.115018 0.000858 0.074704 0.000006
0.027366 0.574787 0.204497 0.116238 0.000887 0.076217 0.000008
0.027244 0.571620 0.205763 0.116973 0.000884 0.077507 0.000009
0.026276 0.570007 0.206769 0.117535 0.000907 0.078499 0.000007
0.025239 0.569461 0.207504 0.117941 0.000921 0.078925 0.000009
0.025571 0.567238 0.208421 0.118066 0.000915 0.079781 0.000008
0.024297 0.564474 0.209801 0.119123 0.000925 0.081372 0.000008
0.023441 0.563863 0.210456 0.119577 0.000930 0.081724 0.000009
0.022730 0.561684 0.211416 0.120331 0.000951 0.082880 0.000009
0.022515 0.559284 0.212361 0.120785 0.000940 0.084109 0.000006
0.021796 0.557093 0.213928 0.121500 0.000947 0.084729 0.000007
0.021847 0.555450 0.214271 0.121725 0.000983 0.085715 0.000008
0.021201 0.553808 0.215155 0.122272 0.001007 0.086547 0.000009
0.020559 0.551752 0.216300 0.122681 0.000998 0.087703 0.000008
0.019986 0.549335 0.217295 0.123645 0.001011 0.088721 0.000007
0.020098 0.546965 0.218143 0.123820 0.001039 0.089926 0.000009
0.019252 0.544967 0.219365 0.124344 0.001043 0.091022 0.000008
0.018699 0.542265 0.220441 0.125150 0.001048 0.092391 0.000007
0.019081 0.541225 0.220621 0.125038 0.001050 0.092977 0.000008
0.018972 0.539712 0.221176 0.125469 0.001081 0.093582 0.000008
0.018489 0.537155 0.222164 0.126110 0.001090 0.094983 0.000008
0.018472 0.536305 0.222408 0.126311 0.001105 0.095392 0.000007
0.017921 0.533400 0.223711 0.126926 0.001112 0.096926 0.000005
0.017645 0.530814 0.224842 0.127589 0.001140 0.097961 0.000009
0.018002 0.530459 0.224632 0.127276 0.001119 0.098503 0.000009
0.017469 0.527212 0.225973 0.128264 0.001138 0.099933 0.000010
0.017350 0.525583 0.226738 0.128649 0.001139 0.100531 0.000011
0.017561 0.525435 0.226504 0.128400 0.001139 0.100951 0.000009
0.017255 0.522382 0.227644 0.129214 0.001153 0.102342 0.000010
0.016762 0.519780 0.228821 0.129916 0.001201 0.103511 0.000009
0.016473 0.516803 0.229999 0.130460 0.001198 0.105056 0.000010
0.016599 0.516466 0.229858 0.130427 0.001184 0.105454 0.000012
0.016488 0.513519 0.230897 0.130991 0.001202 0.106893 0.000011
0.016346 0.512588 0.231048 0.131108 0.001224 0.107675 0.000010
0.015924 0.508254 0.232849 0.132093 0.001235 0.109634 0.000010
0.016223 0.508992 0.232157 0.131822 0.001238 0.109558 0.000011
0.015991 0.506002 0.233265 0.132511 0.001248 0.110974 0.000009
0.015897 0.504654 0.233828 0.132602 0.001278 0.111733 0.000008
0.015657 0.502051 0.234616 0.133439 0.001280 0.112947 0.000010
0.015671 0.500637 0.234924 0.133517 0.001264 0.113978 0.000009
0.015509 0.498544 0.235886 0.133904 0.001268 0.114876 0.000012
0.015379 0.497195 0.236427 0.134080 0.001284 0.115622 0.000012
0.015423 0.495256 0.236556 0.134662 0.001323 0.116766 0.000013
0.015312 0.493507 0.237420 0.134780 0.001345 0.117622 0.000013
0.015070 0.492166 0.237972 0.135026 0.001359 0.118395 0.000012
0.014850 0.487939 0.239239 0.135907 0.001377 0.120676 0.000012
0.015160 0.487920 0.238899 0.135743 0.001368 0.120898 0.000012
0.014883 0.484253 0.240578 0.136325 0.001371 0.122579 0.000012
0.014823 0.484599 0.239981 0.136477 0.001387 0.122717 0.000014
0.014511 0.482009 0.241036 0.136873 0.001425 0.124130 0.000015
0.014617 0.480313 0.241387 0.136959 0.001399 0.125311 0.000014
0.014633 0.477071 0.242767 0.137483 0.001437 0.126597 0.000014
0.014836 0.478377 0.242007 0.137178 0.001415 0.126174 0.000014
0.014531 0.475966 0.242825 0.137748 0.001439 0.127478 0.000012
0.014273 0.471648 0.244406 0.138497 0.001483 0.129680 0.000014
0.014405 0.470933 0.244125 0.138531 0.001462 0.130526 0.000017
0.014340 0.469462 0.244735 0.138680 0.001467 0.131300 0.000016
0.014214 0.466701 0.245455 0.139198 0.001503 0.132915 0.000014
0.014386 0.467456 0.245104 0.138973 0.001516 0.132551 0.000015
0.014179 0.464636 0.245930 0.139573 0.001519 0.134149 0.000013
0.014220 0.463957 0.246357 0.139441 0.001504 0.134506 0.000015
0.014141 0.460293 0.247077 0.140224 0.001544 0.136706 0.000014
0.014049 0.458422 0.247555 0.140546 0.001549 0.137864 0.000016
0.013974 0.457679 0.247804 0.140669 0.001566 0.138293 0.000015
0.013905 0.455622 0.248319 0.141061 0.001581 0.139496 0.000015
0.014123 0.455694 0.248021 0.140824 0.001547 0.139774 0.000018
0.014009 0.454542 0.248431 0.141016 0.001576 0.140407 0.000018
0.013579 0.449184 0.250338 0.142005 0.001614 0.143260 0.000020
0.013910 0.448737 0.250212 0.141818 0.001580 0.143727 0.000017
0.013823 0.447116 0.250584 0.142131 0.001585 0.144742 0.000019
0.013663 0.445551 0.250694 0.142577 0.001636 0.145861 0.000018
0.013697 0.443408 0.251449 0.142856 0.001617 0.146951 0.000021
0.013647 0.441618 0.251945 0.143039 0.001636 0.148098 0.000017
0.013605 0.439828 0.252370 0.143295 0.001666 0.149217 0.000018
0.013651 0.439345 0.252391 0.143276 0.001637 0.149678 0.000022
0.013564 0.436989 0.252802 0.143530 0.001658 0.151436 0.000021
0.013552 0.434845 0.253248 0.144017 0.001700 0.152616 0.000023
0.013496 0.434942 0.253032 0.144043 0.001711 0.152753 0.000022
0.013562 0.433002 0.253556 0.144096 0.001695 0.154066 0.000023
0.013416 0.429217 0.254755 0.144834 0.001727 0.156027 0.000025
0.013525 0.430310 0.254137 0.144377 0.001734 0.155893 0.000026
0.013486 0.429708 0.254191 0.144644 0.001741 0.156207 0.000023
0.013394 0.425370 0.255242 0.145126 0.001759 0.159082 0.000027
0.013435 0.424189 0.255821 0.145417 0.001759 0.159353 0.000026
0.013265 0.422007 0.256251 0.145746 0.001785 0.160917 0.000028
0.013203 0.420657 0.256567 0.145954 0.001786 0.161806 0.000027
0.013406 0.419656 0.256465 0.145757 0.001788 0.162897 0.000031
0.013375 0.418732 0.256536 0.146095 0.001828 0.163410 0.000024
0.013270 0.416843 0.257371 0.146091 0.001811 0.164583 0.000031
0.013244 0.415403 0.257390 0.146394 0.001826 0.165719 0.000026
0.013373 0.414377 0.257532 0.146464 0.001816 0.166410 0.000027
0.013298 0.411998 0.258041 0.146774 0.001863 0.167996 0.000028
0.013216 0.408983 0.258681 0.147291 0.001867 0.169934 0.000028
0.013463 0.410760 0.257938 0.146942 0.001868 0.169002 0.000028
0.013189 0.408712 0.258611 0.147066 0.001857 0.170539 0.000026
0.013232 0.406227 0.258990 0.147447 0.001895 0.172181 0.000029
0.013129 0.405537 0.259153 0.147544 0.001880 0.172728 0.000030
0.013196 0.403052 0.259800 0.147835 0.001893 0.174194 0.000030
0.013301 0.401739 0.260329 0.147702 0.001878 0.175026 0.000026
0.013231 0.400066 0.260491 0.147867 0.001907 0.176411 0.000027
0.013213 0.398484 0.260758 0.148150 0.001947 0.177419 0.000029
0.013145 0.398860 0.260483 0.148112 0.001950 0.177423 0.000028
0.013162 0.394856 0.261678 0.148419 0.001981 0.179876 0.000028
0.017836 0.393711 0.259579 0.147625 0.001945 0.179274 0.000030
0.023536 0.388730 0.258987 0.146944 0.001939 0.179834 0.000030
0.024013 0.388886 0.258340 0.146733 0.001949 0.180050 0.000029
0.025298 0.385795 0.258147 0.147108 0.001990 0.181631 0.000029
0.025861 0.385857 0.258092 0.146472 0.001949 0.181739 0.000030
0.027059 0.384002 0.257931 0.146372 0.001970 0.182639 0.000027
0.021840 0.383787 0.259398 0.147752 0.002029 0.185165 0.000029
0.027822 0.381672 0.257663 0.146524 0.001995 0.184295 0.000029
0.025568 0.381566 0.258391 0.146851 0.001994 0.185600 0.000030
0.026059 0.380927 0.258286 0.146668 0.002029 0.186004 0.000027
0.026476 0.379888 0.257828 0.146498 0.002017 0.187266 0.000026
0.023740 0.379273 0.259006 0.147176 0.002039 0.188737 0.000029
0.022415 0.377621 0.259274 0.147643 0.002100 0.190914 0.000032
0.022675 0.376179 0.259666 0.147491 0.002104 0.191851 0.000033
0.021443 0.375835 0.260339 0.147671 0.002097 0.192583 0.000032
0.019684 0.374873 0.261223 0.148268 0.002098 0.193824 0.000030
0.021644 0.373242 0.260175 0.147883 0.002113 0.194911 0.000032
0.019682 0.372340 0.260893 0.148565 0.002086 0.196403 0.000031
0.018794 0.370830 0.261576 0.148572 0.002151 0.198044 0.000033
0.017588 0.369028 0.262722 0.149042 0.002144 0.199445 0.000031
0.018882 0.370012 0.261291 0.148413 0.002183 0.199188 0.000031
0.018202 0.369549 0.261727 0.148638 0.002145 0.199709 0.000030
0.017249 0.366404 0.262742 0.149188 0.002192 0.202194 0.000032
0.017391 0.365071 0.262549 0.149295 0.002187 0.203475 0.000032
0.015878 0.363967 0.263821 0.149752 0.002210 0.204337 0.000036
0.016268 0.362817 0.263526 0.149723 0.002245 0.205390 0.000031
0.015883 0.363086 0.263365 0.149936 0.002196 0.205501 0.000033
0.016743 0.361472 0.263073 0.149312 0.002239 0.207127 0.000035
0.016226 0.358852 0.263576 0.149760 0.002243 0.209307 0.000036
0.015564 0.357606 0.264330 0.150171 0.002245 0.210049 0.000036
0.014627 0.355292 0.265206 0.150842 0.002273 0.211721 0.000040
0.015121 0.354139 0.264618 0.150648 0.002269 0.213167 0.000038
0.014635 0.353472 0.265107 0.150690 0.002263 0.213798 0.000034
0.014824 0.352595 0.265187 0.150621 0.002310 0.214426 0.000037
0.014449 0.351207 0.265645 0.151109 0.002353 0.215198 0.000039
0.014317 0.349564 0.265662 0.151036 0.002332 0.217053 0.000036
0.014236 0.348083 0.266063 0.150900 0.002356 0.218324 0.000038
0.014001 0.346972 0.265915 0.151221 0.002338 0.219515 0.000038
0.013675 0.344891 0.266534 0.151688 0.002372 0.220796 0.000044
0.013909 0.345344 0.266080 0.151293 0.002371 0.220966 0.000038
0.013879 0.342598 0.266624 0.151439 0.002393 0.223026 0.000042
0.014244 0.342328 0.265897 0.151348 0.002427 0.223715 0.000041
0.013849 0.341802 0.266371 0.151030 0.002391 0.224515 0.000041
0.013480 0.340115 0.266793 0.151803 0.002443 0.225327 0.000039
0.013263 0.337644 0.267594 0.151845 0.002416 0.227197 0.000042
0.013807 0.338713 0.266393 0.151351 0.002442 0.227252 0.000041
0.013715 0.336190 0.267129 0.151703 0.002463 0.228763 0.000038
0.013465 0.334505 0.267409 0.151834 0.002452 0.230288 0.000048
0.013415 0.333403 0.267381 0.152100 0.002485 0.231173 0.000043
0.013384 0.332062 0.267306 0.152000 0.002486 0.232725 0.000037
0.013425 0.331743 0.267067 0.151904 0.002475 0.233343 0.000043
0.013034 0.328094 0.268218 0.152465 0.002497 0.235647 0.000045
0.013336 0.328179 0.267999 0.152297 0.002529 0.235619 0.000041
0.013350 0.327106 0.268228 0.152112 0.002530 0.236628 0.000045
0.013199 0.325995 0.267867 0.152416 0.002562 0.237922 0.000039
0.013467 0.324783 0.268316 0.151971 0.002553 0.238868 0.000041
0.013253 0.323681 0.268189 0.152244 0.002596 0.239996 0.000040
0.013592 0.324031 0.267453 0.152018 0.002577 0.240285 0.000045
0.013401 0.321703 0.268146 0.152432 0.002607 0.241668 0.000044
0.013217 0.319393 0.268488 0.152577 0.002565 0.243714 0.000046
0.013230 0.317266 0.268882 0.152836 0.002596 0.245149 0.000042
0.013165 0.317055 0.268474 0.152517 0.002641 0.246103 0.000045
0.013291 0.316080 0.268269 0.152327 0.002625 0.247363 0.000044
0.013455 0.314903 0.268485 0.152589 0.002639 0.247879 0.000049
0.013463 0.314598 0.268251 0.152598 0.002660 0.248383 0.000047
0.013218 0.313860 0.268075 0.152568 0.002698 0.249531 0.000051
0.013451 0.311675 0.268492 0.152555 0.002731 0.251050 0.000047
0.013371 0.311330 0.268249 0.152576 0.002675 0.251751 0.000047
0.013252 0.308895 0.268779 0.152609 0.002715 0.253701 0.000050
0.013480 0.306496 0.269011 0.152640 0.002795 0.255527 0.000051
0.013745 0.308297 0.268228 0.152153 0.002737 0.254788 0.000053
0.013524 0.307316 0.268287 0.152542 0.002753 0.255532 0.000047
0.013392 0.304730 0.268372 0.152514 0.002793 0.258151 0.000049
0.013449 0.304533 0.268410 0.152423 0.002806 0.258324 0.000055
0.013350 0.305201 0.268398 0.152228 0.002780 0.257990 0.000052
0.013522 0.303775 0.268105 0.152418 0.002792 0.259327 0.000061
0.013214 0.301617 0.268711 0.152699 0.002774 0.260932 0.000053
0.013306 0.300024 0.268856 0.152539 0.002787 0.262437 0.000050
0.013391 0.300922 0.267772 0.152161 0.002817 0.262881 0.000056
0.013515 0.297870 0.268424 0.152076 0.002845 0.265213 0.000058
0.013388 0.296424 0.268441 0.152472 0.002823 0.266397 0.000055
0.013410 0.295396 0.268947 0.152537 0.002854 0.266804 0.000052
0.013443 0.296235 0.268303 0.152369 0.002820 0.266779 0.000051
0.013429 0.293362 0.268533 0.152724 0.002881 0.269017 0.000054
0.013558 0.291675 0.268724 0.152467 0.002865 0.270657 0.000055
0.013455 0.292211 0.267695 0.152572 0.002948 0.271062 0.000056
0.013551 0.291866 0.268356 0.152321 0.002865 0.270986 0.000056
0.013443 0.290383 0.268199 0.152498 0.002887 0.272528 0.000062
0.013492 0.289756 0.268243 0.152183 0.002919 0.273350 0.000057
0.013498 0.286869 0.268542 0.152524 0.002932 0.275582 0.000053
0.013604 0.285575 0.268261 0.152618 0.002903 0.276978 0.000062
0.013468 0.284886 0.268521 0.152398 0.002940 0.277717 0.000070
0.013630 0.286304 0.267899 0.152155 0.002897 0.277045 0.000070
0.013548 0.283278 0.268412 0.152559 0.002960 0.279179 0.000063
0.013549 0.281235 0.268634 0.152531 0.002962 0.281024 0.000065
0.013575 0.283254 0.267657 0.152099 0.002979 0.280370 0.000066
0.013660 0.280637 0.267945 0.152127 0.002967 0.282594 0.000071
0.013931 0.279940 0.267807 0.151684 0.003022 0.283551 0.000066
0.013502 0.276821 0.268122 0.151996 0.003053 0.286442 0.000064
0.013563 0.277905 0.268176 0.152076 0.003028 0.285185 0.000066
0.013674 0.276962 0.267706 0.151924 0.003049 0.286621 0.000063
0.013623 0.275845 0.267804 0.151968 0.003023 0.287669 0.000067
0.013961 0.275014 0.267419 0.151862 0.003071 0.288597 0.000077
0.013864 0.274196 0.267649 0.151642 0.003027 0.289558 0.000065
0.013701 0.271978 0.267312 0.151871 0.003097 0.291974 0.000067
0.013820 0.272343 0.266808 0.151648 0.003130 0.292182 0.000068
0.013722 0.270864 0.266978 0.151667 0.003113 0.293590 0.000066
0.013892 0.269346 0.267358 0.151805 0.003095 0.294434 0.000069
0.013932 0.269895 0.266489 0.151407 0.003080 0.295126 0.000071
0.013932 0.267726 0.267028 0.151676 0.003145 0.296423 0.000071
0.014069 0.266602 0.266678 0.151677 0.003109 0.297792 0.000072
0.013865 0.266086 0.266777 0.151543 0.003193 0.298469 0.000067
0.014103 0.267077 0.266338 0.151081 0.003169 0.298156 0.000076
0.013987 0.265110 0.266523 0.151365 0.003176 0.299766 0.000072
0.014193 0.263336 0.266500 0.151431 0.003170 0.301295 0.000076
0.013678 0.263603 0.266181 0.151342 0.003176 0.301943 0.000076
0.013789 0.263035 0.265867 0.151195 0.003191 0.302847 0.000075
0.014090 0.261144 0.266190 0.151005 0.003162 0.304342 0.000066
0.014006 0.260041 0.265906 0.151082 0.003195 0.305688 0.000084
0.013858 0.259197 0.265846 0.151265 0.003174 0.306576 0.000084
0.014106 0.259586 0.265512 0.150801 0.003213 0.306708 0.000073
0.014206 0.256927 0.265452 0.150924 0.003266 0.309144 0.000082
0.014158 0.256484 0.265614 0.150759 0.003256 0.309655 0.000074
0.013919 0.256120 0.265207 0.150764 0.003277 0.310634 0.000080
0.014313 0.253792 0.265335 0.150705 0.003278 0.312505 0.000074
0.014004 0.253169 0.265112 0.150616 0.003317 0.313702 0.000080
0.014374 0.254059 0.264946 0.150597 0.003294 0.312653 0.000077
0.014247 0.252663 0.264581 0.150408 0.003257 0.314765 0.000077
0.014274 0.252000 0.264262 0.150479 0.003287 0.315617 0.000080
0.014309 0.250758 0.264636 0.150199 0.003300 0.316717 0.000082
0.014397 0.250176 0.264621 0.150351 0.003289 0.317082 0.000084
0.014130 0.248589 0.264321 0.150292 0.003353 0.319229 0.000086
0.014403 0.248011 0.264000 0.150097 0.003332 0.320072 0.000085
0.014657 0.247911 0.263665 0.150158 0.003370 0.320156 0.000084
0.014614 0.246830 0.263485 0.150227 0.003371 0.321394 0.000079
0.014460 0.244613 0.263408 0.150085 0.003383 0.323969 0.000082
0.014376 0.246650 0.263660 0.149826 0.003353 0.322054 0.000081
0.014614 0.242969 0.263416 0.150070 0.003370 0.325480 0.000081
0.014287 0.243483 0.263441 0.150052 0.003361 0.325293 0.000083
0.014495 0.243000 0.262966 0.149400 0.003386 0.326671 0.000083
0.014571 0.242086 0.262722 0.149685 0.003450 0.327398 0.000088
0.014387 0.241252 0.263022 0.149494 0.003471 0.328298 0.000077
0.014515 0.239880 0.262317 0.149719 0.003416 0.330066 0.000087
0.014667 0.239826 0.262230 0.149341 0.003452 0.330400 0.000085
0.014577 0.239649 0.262277 0.149253 0.003436 0.330723 0.000084
0.014396 0.236761 0.261564 0.149126 0.003510 0.334560 0.000083
0.014671 0.239111 0.262068 0.148905 0.003488 0.331672 0.000084
0.014605 0.235926 0.261923 0.148851 0.003527 0.335082 0.000085
0.014661 0.234930 0.261711 0.148755 0.003549 0.336305 0.000089
0.014748 0.234407 0.261641 0.148877 0.003489 0.336748 0.000089
0.014719 0.234094 0.261464 0.148576 0.003521 0.337541 0.000085
0.014986 0.233493 0.260941 0.148386 0.003537 0.338568 0.000089
0.014712 0.232267 0.261208 0.148463 0.003475 0.339791 0.000083
0.014739 0.232865 0.260929 0.148277 0.003548 0.339555 0.000088
0.014586 0.231656 0.260914 0.148132 0.003539 0.341091 0.000083
0.014681 0.229930 0.260316 0.148154 0.003589 0.343246 0.000084
0.014765 0.229634 0.260240 0.147823 0.003575 0.343871 0.000092
0.014962 0.227688 0.260220 0.147870 0.003598 0.345574 0.000088
0.014851 0.228021 0.259853 0.147857 0.003583 0.345742 0.000093
0.015059 0.226815 0.259751 0.147665 0.003646 0.346970 0.000095
0.014645 0.226964 0.259778 0.147500 0.003599 0.347414 0.000100
0.015193 0.226380 0.259140 0.147426 0.003584 0.348182 0.000093
0.015313 0.224410 0.259356 0.147023 0.003634 0.350169 0.000094
0.015042 0.224817 0.258981 0.146990 0.003639 0.350435 0.000095
0.015175 0.223804 0.258847 0.147184 0.003613 0.351277 0.000101
0.015148 0.223379 0.258462 0.147052 0.003626 0.352238 0.000094
0.015199 0.222684 0.258292 0.146807 0.003667 0.353249 0.000101
0.015129 0.222904 0.258181 0.146835 0.003656 0.353195 0.000101
0.015314 0.220496 0.257480 0.146768 0.003744 0.356096 0.000103
0.015503 0.219609 0.257842 0.146551 0.003683 0.356708 0.000104
0.015233 0.219140 0.257620 0.146121 0.003676 0.358108 0.000102
0.015353 0.219065 0.257351 0.146372 0.003734 0.358019 0.000107
0.015411 0.216819 0.257446 0.146279 0.003711 0.360235 0.000099
0.015331 0.216829 0.257180 0.146339 0.003719 0.360500 0.000102
0.015436 0.216116 0.256877 0.146044 0.003722 0.361703 0.000103
0.015680 0.215784 0.256576 0.145762 0.003751 0.362351 0.000097
0.015512 0.214099 0.256661 0.145089 0.003801 0.364740 0.000097
0.015589 0.213639 0.256078 0.145579 0.003764 0.365247 0.000103
0.015594 0.213940 0.256197 0.145356 0.003743 0.365058 0.000111
0.015659 0.212419 0.255641 0.145469 0.003761 0.366947 0.000105
0.015634 0.213214 0.255768 0.145218 0.003789 0.366278 0.000099
0.015643 0.212653 0.255662 0.145174 0.003776 0.366987 0.000105
0.015604 0.210660 0.255691 0.144910 0.003796 0.369237 0.000103
0.015571 0.209877 0.255040 0.145184 0.003817 0.370398 0.000113
0.015707 0.208657 0.254827 0.144449 0.003827 0.372428 0.000106
0.015684 0.209427 0.254539 0.144637 0.003827 0.371787 0.000099
0.015623 0.207907 0.254439 0.144503 0.003836 0.373580 0.000111
0.016029 0.206901 0.254361 0.144233 0.003858 0.374508 0.000110
0.015782 0.206701 0.254314 0.144110 0.003863 0.375122 0.000109
0.015801 0.205752 0.253952 0.144041 0.003857 0.376485 0.000111
0.015894 0.206023 0.253998 0.144151 0.003815 0.376009 0.000110
0.015994 0.204814 0.253338 0.143832 0.003824 0.378094 0.000103
0.016068 0.204735 0.253387 0.143807 0.003848 0.378046 0.000109
0.016064 0.203927 0.252917 0.143605 0.003838 0.379531 0.000118
0.016239 0.203677 0.252929 0.143668 0.003838 0.379541 0.000108
0.015983 0.201942 0.252951 0.143468 0.003910 0.381625 0.000122
0.015988 0.201925 0.252488 0.143373 0.003905 0.382205 0.000116
0.016320 0.200905 0.251895 0.143075 0.003871 0.383812 0.000122
0.016116 0.200915 0.252175 0.143172 0.003889 0.383606 0.000126
0.016259 0.199937 0.251358 0.142829 0.003902 0.385597 0.000118
0.016380 0.198991 0.251288 0.142642 0.003951 0.386625 0.000123
0.016380 0.198863 0.251389 0.142759 0.003962 0.386528 0.000120
0.016341 0.198377 0.251220 0.142344 0.003919 0.387684 0.000114
0.016286 0.197224 0.250891 0.142368 0.003977 0.389133 0.000121
0.016456 0.197690 0.250632 0.141970 0.003965 0.389172 0.000115
0.016493 0.197032 0.250350 0.142097 0.003944 0.389962 0.000122
0.016349 0.195551 0.250043 0.141928 0.004009 0.391995 0.000125
0.016387 0.195188 0.249638 0.141581 0.003998 0.393083 0.000125
0.016502 0.194511 0.249425 0.141422 0.003979 0.394042 0.000118
0.016581 0.193744 0.249089 0.141691 0.004030 0.394741 0.000125
0.016541 0.193625 0.249278 0.141321 0.004018 0.395097 0.000120
0.016618 0.192210 0.248891 0.141107 0.004005 0.397052 0.000118
0.016435 0.193328 0.248597 0.141116 0.004011 0.396387 0.000127
0.016428 0.191628 0.248189 0.141199 0.004023 0.398408 0.000126
0.016683 0.190506 0.248294 0.140975 0.004057 0.399364 0.000121
0.016838 0.191002 0.247999 0.140814 0.004039 0.399176 0.000133
0.016516 0.190631 0.247997 0.140676 0.004041 0.399999 0.000139
0.016890 0.189471 0.247734 0.140885 0.004038 0.400845 0.000137
0.016728 0.189993 0.247733 0.140480 0.004049 0.400898 0.000120
0.016854 0.188578 0.246904 0.140260 0.004067 0.403207 0.000129
0.016881 0.188841 0.247298 0.140255 0.004087 0.402509 0.000130
0.016862 0.187159 0.246489 0.139981 0.004123 0.405259 0.000126
0.016860 0.187246 0.246247 0.139922 0.004083 0.405518 0.000125
0.016864 0.186751 0.246165 0.139950 0.004146 0.405991 0.000134
0.016943 0.185529 0.245694 0.139363 0.004116 0.408228 0.000127
0.016929 0.184912 0.245627 0.139592 0.004103 0.408704 0.000134
0.017133 0.184875 0.245207 0.139481 0.004093 0.409077 0.000136
0.017325 0.183486 0.245013 0.139046 0.004132 0.410863 0.000136
0.017186 0.182590 0.244954 0.139004 0.004070 0.412065 0.000131
0.017235 0.182370 0.244674 0.138952 0.004146 0.412491 0.000132
0.017260 0.181364 0.244192 0.138597 0.004139 0.414308 0.000139
0.017345 0.181243 0.244359 0.138653 0.004103 0.414158 0.000139
0.017500 0.180658 0.243542 0.138451 0.004162 0.415562 0.000125
0.017151 0.181102 0.243895 0.138408 0.004170 0.415142 0.000134
0.017245 0.180550 0.243353 0.138369 0.004185 0.416173 0.000124
0.017474 0.178928 0.243458 0.137924 0.004195 0.417885 0.000136
0.017495 0.178168 0.243148 0.137665 0.004179 0.419206 0.000138
0.017534 0.179055 0.242519 0.137753 0.004176 0.418830 0.000134
0.017541 0.177586 0.242494 0.137471 0.004183 0.420597 0.000127
0.017788 0.177507 0.242257 0.137746 0.004190 0.420383 0.000130
0.017787 0.176712 0.241889 0.137126 0.004213 0.422140 0.000133
0.017565 0.176904 0.241683 0.137465 0.004195 0.422058 0.000130
0.017532 0.176272 0.241651 0.137182 0.004238 0.422989 0.000136
0.017445 0.175726 0.241344 0.137072 0.004235 0.424033 0.000145
0.017738 0.175092 0.240866 0.136709 0.004265 0.425195 0.000135
0.017728 0.174125 0.240617 0.136693 0.004256 0.426440 0.000140
0.017871 0.173689 0.240241 0.136574 0.004277 0.427213 0.000135
0.017669 0.173587 0.240451 0.136451 0.004259 0.427431 0.000151
0.017623 0.172693 0.240162 0.136345 0.004281 0.428761 0.000135
0.017945 0.172891 0.239660 0.136068 0.004256 0.429036 0.000144
0.017853 0.171975 0.239464 0.136395 0.004293 0.429881 0.000138
0.018113 0.171028 0.238728 0.135940 0.004296 0.431749 0.000146
0.018106 0.171287 0.238542 0.135794 0.004290 0.431834 0.000148
0.017931 0.170364 0.238888 0.135852 0.004299 0.432523 0.000142
0.018046 0.169469 0.238174 0.135214 0.004365 0.434597 0.000135
0.018080 0.170329 0.237678 0.135365 0.004346 0.434062 0.000141
0.018167 0.168580 0.237773 0.135040 0.004342 0.435946 0.000153
0.018421 0.168500 0.237101 0.135095 0.004338 0.436394 0.000152
0.018341 0.168399 0.236807 0.134788 0.004351 0.437162 0.000153
0.018025 0.167972 0.236941 0.134565 0.004361 0.437989 0.000148
0.018191 0.167801 0.236431 0.134617 0.004358 0.438463 0.000140
0.018424 0.166677 0.236244 0.134307 0.004375 0.439829 0.000144
0.018585 0.166208 0.235573 0.134517 0.004390 0.440597 0.000130
0.018308 0.165930 0.236085 0.134173 0.004349 0.441006 0.000149
0.018646 0.165737 0.235582 0.134255 0.004417 0.441222 0.000140
0.018677 0.165008 0.234925 0.133742 0.004393 0.443100 0.000155
0.018416 0.163425 0.234992 0.133583 0.004416 0.445024 0.000144
0.018579 0.163585 0.234778 0.133351 0.004407 0.445149 0.000151
0.018681 0.163324 0.234360 0.133235 0.004381 0.445870 0.000150
0.018652 0.163111 0.233994 0.133366 0.004399 0.446327 0.000151
0.018817 0.161726 0.233619 0.132851 0.004425 0.448412 0.000150
0.018934 0.162213 0.233699 0.133085 0.004446 0.447474 0.000150
0.018735 0.162109 0.233643 0.132773 0.004472 0.448119 0.000151
0.018728 0.161962 0.233705 0.132773 0.004480 0.448201 0.000152
0.018741 0.160759 0.233032 0.132710 0.004470 0.450126 0.000163
0.018851 0.160462 0.232864 0.132245 0.004513 0.450907 0.000157
0.019034 0.159731 0.232508 0.131964 0.004480 0.452124 0.000159
0.019041 0.159678 0.232611 0.131987 0.004473 0.452057 0.000153
0.018909 0.159153 0.231873 0.131900 0.004553 0.453457 0.000155
0.019379 0.159099 0.231593 0.131751 0.004544 0.453470 0.000164
0.019105 0.158492 0.231455 0.131865 0.004475 0.454449 0.000160
0.019146 0.158216 0.231385 0.131589 0.004508 0.454985 0.000170
0.019228 0.157810 0.230594 0.131226 0.004533 0.456440 0.000169
0.019122 0.156304 0.230415 0.130951 0.004543 0.458486 0.000180
0.019505 0.156842 0.230392 0.131098 0.004507 0.457497 0.000159
0.019445 0.156297 0.229904 0.130394 0.004494 0.459298 0.000168
0.019574 0.156439 0.229883 0.130366 0.004525 0.459048 0.000166
0.019600 0.155441 0.229709 0.130521 0.004517 0.460049 0.000163
0.019454 0.155789 0.229678 0.130260 0.004523 0.460137 0.000159
0.019757 0.154810 0.229251 0.129846 0.004503 0.461675 0.000158
0.019525 0.154461 0.228812 0.129841 0.004519 0.462672 0.000171
0.019754 0.154214 0.228627 0.129856 0.004584 0.462786 0.000179
0.019864 0.153501 0.228367 0.129656 0.004553 0.463873 0.000186
0.019822 0.154094 0.228069 0.129623 0.004549 0.463677 0.000166
0.019842 0.152286 0.228065 0.129418 0.004595 0.465628 0.000167
0.019632 0.152292 0.227808 0.129310 0.004540 0.466240 0.000178
0.019897 0.151747 0.227148 0.128925 0.004601 0.467507 0.000175
0.019792 0.151823 0.227187 0.129039 0.004611 0.467362 0.000185
0.019762 0.151145 0.227089 0.128775 0.004542 0.468519 0.000168
0.019956 0.150695 0.226451 0.128491 0.004629 0.469601 0.000178
0.020069 0.150134 0.226304 0.128456 0.004566 0.470296 0.000176
0.020095 0.150127 0.225806 0.128312 0.004579 0.470895 0.000186
0.020153 0.148957 0.225387 0.128111 0.004580 0.472621 0.000190
0.019945 0.148818 0.225336 0.128089 0.004622 0.473001 0.000189
0.020158 0.148880 0.225111 0.127715 0.004579 0.473369 0.000189
0.020531 0.148177 0.224491 0.127655 0.004585 0.474374 0.000187
0.020110 0.147605 0.224277 0.127424 0.004618 0.475777 0.000190
0.020224 0.147875 0.224589 0.127463 0.004656 0.474998 0.000194
0.020462 0.146929 0.224074 0.127221 0.004636 0.476486 0.000192
0.020257 0.146952 0.223992 0.127063 0.004630 0.476913 0.000193
0.020397 0.146145 0.223336 0.126728 0.004656 0.478553 0.000185
0.020335 0.146256 0.223382 0.126742 0.004619 0.478475 0.000192
0.020372 0.145634 0.223253 0.126705 0.004632 0.479225 0.000178
0.020539 0.145076 0.222656 0.126353 0.004666 0.480511 0.000199
0.020561 0.145088 0.222101 0.126172 0.004654 0.481233 0.000191
0.021021 0.144329 0.221793 0.126159 0.004691 0.481808 0.000200
0.020859 0.144054 0.221897 0.126193 0.004725 0.482078 0.000194
0.020842 0.144208 0.221425 0.125739 0.004621 0.482968 0.000199
0.020916 0.143191 0.221066 0.125246 0.004700 0.484688 0.000193
0.020805 0.142878 0.220456 0.125444 0.004746 0.485471 0.000200
0.020982 0.143105 0.220467 0.125141 0.004760 0.485341 0.000203
0.021261 0.142591 0.220609 0.125184 0.004626 0.485537 0.000192
0.021285 0.142326 0.219982 0.125011 0.004702 0.486497 0.000197
0.020922 0.141684 0.220032 0.124820 0.004659 0.487683 0.000201
