0.999110 0.000861 0.000018 0.000011 0.000000 0.000000 0.000000
0.998682 0.001271 0.000027 0.000009 0.000000 0.000012 0.000000
0.998232 0.001717 0.000029 0.000010 0.000000 0.000013 0.000000
0.997785 0.002153 0.000037 0.000012 0.000000 0.000013 0.000000
0.997322 0.002607 0.000041 0.000016 0.000000 0.000014 0.000000
0.996806 0.003113 0.000045 0.000023 0.000000 0.000014 0.000000
0.996310 0.003593 0.000057 0.000027 0.000000 0.000013 0.000000
0.995705 0.004196 0.000056 0.000030 0.000000 0.000013 0.000000
0.994957 0.004919 0.000075 0.000036 0.000000 0.000012 0.000000
0.994219 0.005628 0.000091 0.000051 0.000000 0.000012 0.000000
0.993069 0.006772 0.000092 0.000056 0.000000 0.000010 0.000000
0.992206 0.007591 0.000133 0.000059 0.000000 0.000010 0.000000
0.990257 0.009511 0.000154 0.000070 0.000000 0.000009 0.000000
0.988570 0.011160 0.000171 0.000088 0.000000 0.000009 0.000000
0.986251 0.013451 0.000184 0.000103 0.000000 0.000011 0.000000
0.983081 0.016530 0.000241 0.000139 0.000000 0.000009 0.000000
0.980105 0.019478 0.000254 0.000155 0.000000 0.000009 0.000000
0.975803 0.023708 0.000297 0.000186 0.000000 0.000007 0.000000
0.971711 0.027745 0.000333 0.000204 0.000000 0.000007 0.000000
0.966248 0.033050 0.000448 0.000243 0.000000 0.000010 0.000000
0.960893 0.038268 0.000531 0.000291 0.000000 0.000017 0.000000
0.953155 0.045822 0.000641 0.000359 0.000000 0.000023 0.000000
0.946256 0.052502 0.000777 0.000444 0.000000 0.000022 0.000000
0.938250 0.060311 0.000904 0.000509 0.000000 0.000027 0.000000
0.929577 0.068826 0.001020 0.000548 0.000000 0.000029 0.000000
0.919444 0.078720 0.001155 0.000646 0.000000 0.000035 0.000000
0.908785 0.089134 0.001291 0.000755 0.000000 0.000036 0.000000
0.897518 0.100169 0.001415 0.000862 0.000000 0.000036 0.000000
0.887007 0.110329 0.001634 0.000987 0.000000 0.000044 0.000000
0.873202 0.123727 0.001850 0.001158 0.000000 0.000063 0.000000
0.860235 0.136319 0.002064 0.001312 0.000000 0.000070 0.000000
0.846800 0.149255 0.002363 0.001497 0.000000 0.000085 0.000000
0.833671 0.161957 0.002617 0.001660 0.000000 0.000096 0.000000
0.817137 0.177945 0.002935 0.001868 0.000000 0.000115 0.000000
0.801905 0.192579 0.003274 0.002116 0.000000 0.000126 0.000000
0.788287 0.205623 0.003634 0.002313 0.000000 0.000143 0.000000
0.772621 0.220673 0.004022 0.002529 0.000000 0.000156 0.000000
0.756924 0.235684 0.004467 0.002752 0.000000 0.000172 0.000000
0.742066 0.249871 0.004881 0.002989 0.000000 0.000193 0.000000
0.727318 0.263973 0.005278 0.003222 0.000001 0.000208 0.000000
0.713710 0.276865 0.005742 0.003457 0.000001 0.000224 0.000000
0.697727 0.291963 0.006277 0.003789 0.000001 0.000243 0.000000
0.683223 0.305674 0.006754 0.004091 0.000001 0.000256 0.000000
0.667594 0.320428 0.007278 0.004413 0.000001 0.000286 0.000000
0.654049 0.333119 0.007830 0.004699 0.000002 0.000302 0.000000
0.639821 0.346413 0.008441 0.004992 0.000003 0.000329 0.000000
0.626094 0.359262 0.008969 0.005326 0.000004 0.000344 0.000000
0.608503 0.375750 0.009656 0.005707 0.000006 0.000377 0.000000
0.595821 0.387502 0.010232 0.006042 0.000006 0.000398 0.000000
0.583057 0.399266 0.010864 0.006392 0.000006 0.000416 0.000000
0.569194 0.412105 0.011497 0.006746 0.000008 0.000450 0.000000
0.557187 0.423019 0.012207 0.007091 0.000007 0.000489 0.000000
0.543815 0.435265 0.012900 0.007479 0.000010 0.000531 0.000000
0.534280 0.443825 0.013469 0.007843 0.000011 0.000572 0.000000
0.520636 0.456261 0.014191 0.008279 0.000011 0.000622 0.000000
0.505336 0.470059 0.015098 0.008828 0.000010 0.000669 0.000000
0.496629 0.477655 0.015799 0.009202 0.000011 0.000705 0.000000
0.485738 0.487369 0.016532 0.009610 0.000010 0.000740 0.000000
0.475655 0.496121 0.017354 0.010079 0.000010 0.000780 0.000000
0.464274 0.506025 0.018259 0.010601 0.000012 0.000829 0.000000
0.455261 0.513800 0.018984 0.011062 0.000013 0.000881 0.000000
0.445708 0.521921 0.019850 0.011537 0.000013 0.000971 0.000000
0.439060 0.527585 0.020505 0.011824 0.000013 0.001014 0.000000
0.429907 0.535262 0.021363 0.012335 0.000013 0.001120 0.000000
0.420632 0.543110 0.022246 0.012812 0.000016 0.001185 0.000000
0.410594 0.551660 0.023174 0.013300 0.000017 0.001254 0.000000
0.404631 0.556175 0.024049 0.013795 0.000016 0.001333 0.000000
0.397208 0.562010 0.025025 0.014317 0.000018 0.001422 0.000000
0.392666 0.565442 0.025677 0.014704 0.000019 0.001490 0.000000
0.385612 0.570783 0.026686 0.015283 0.000021 0.001615 0.000000
0.377246 0.577446 0.027710 0.015863 0.000024 0.001711 0.000000
0.368991 0.584114 0.028683 0.016378 0.000026 0.001808 0.000000
0.363946 0.587674 0.029583 0.016864 0.000027 0.001906 0.000000
0.359193 0.591017 0.030376 0.017390 0.000026 0.001998 0.000000
0.359093 0.590252 0.030947 0.017630 0.000029 0.002048 0.000000
0.348140 0.598874 0.032292 0.018433 0.000032 0.002229 0.000000
0.342537 0.602801 0.033275 0.019005 0.000032 0.002349 0.000000
0.336592 0.607197 0.034193 0.019526 0.000032 0.002460 0.000000
0.331019 0.611148 0.035179 0.020030 0.000036 0.002587 0.000000
0.323033 0.617232 0.036284 0.020700 0.000037 0.002715 0.000000
0.318329 0.620307 0.037270 0.021237 0.000035 0.002821 0.000000
0.308513 0.627856 0.038565 0.022024 0.000037 0.003004 0.000000
0.300386 0.633340 0.040097 0.022907 0.000043 0.003227 0.000000
0.300128 0.632509 0.040718 0.023265 0.000045 0.003335 0.000000
0.290380 0.639709 0.042218 0.024151 0.000044 0.003499 0.000000
0.285082 0.643295 0.043195 0.024739 0.000045 0.003645 0.000000
0.283024 0.644134 0.043864 0.025147 0.000045 0.003785 0.000000
0.273235 0.651731 0.045179 0.025871 0.000049 0.003935 0.000000
0.269619 0.653397 0.046353 0.026470 0.000049 0.004111 0.000000
0.258971 0.660837 0.048183 0.027576 0.000051 0.004382 0.000000
0.250828 0.666482 0.049527 0.028517 0.000060 0.004587 0.000000
0.246277 0.669098 0.050757 0.029036 0.000061 0.004772 0.000000
0.241486 0.671693 0.051979 0.029834 0.000065 0.004943 0.000000
0.235443 0.674399 0.054019 0.030800 0.000068 0.005270 0.000000
0.236347 0.672353 0.054577 0.031187 0.000071 0.005466 0.000000
0.224498 0.680488 0.056806 0.032324 0.000073 0.005811 0.000000
0.220124 0.683209 0.057596 0.032983 0.000076 0.006011 0.000000
0.217583 0.683867 0.058724 0.033600 0.000086 0.006141 0.000000
0.211867 0.686024 0.060843 0.034655 0.000090 0.006520 0.000000
0.211558 0.684957 0.061622 0.035094 0.000088 0.006680 0.000000
0.201832 0.691001 0.063726 0.036324 0.000089 0.007027 0.000000
0.200297 0.690261 0.064987 0.037052 0.000096 0.007308 0.000000
0.193755 0.694697 0.066296 0.037612 0.000098 0.007543 0.000000
0.193717 0.692888 0.067237 0.038306 0.000104 0.007747 0.000000
0.183947 0.698223 0.069806 0.039731 0.000107 0.008185 0.000000
0.176884 0.702538 0.071329 0.040629 0.000113 0.008508 0.000000
0.173488 0.703454 0.072714 0.041416 0.000111 0.008817 0.000000
0.169722 0.704687 0.074106 0.042256 0.000114 0.009115 0.000000
0.163375 0.707884 0.075918 0.043156 0.000116 0.009549 0.000000
0.159262 0.709381 0.077512 0.043919 0.000121 0.009803 0.000000
0.163560 0.703661 0.078166 0.044347 0.000132 0.010133 0.000001
0.150612 0.711236 0.081196 0.046069 0.000132 0.010755 0.000000
0.148676 0.711368 0.082260 0.046604 0.000139 0.010953 0.000001
0.144753 0.712251 0.083901 0.047496 0.000148 0.011450 0.000001
0.138072 0.714975 0.086192 0.048759 0.000150 0.011851 0.000001
0.135434 0.715555 0.087224 0.049482 0.000165 0.012139 0.000001
0.132749 0.715495 0.088744 0.050272 0.000157 0.012582 0.000001
0.131745 0.713751 0.090236 0.051062 0.000167 0.013039 0.000001
0.130154 0.712267 0.091984 0.051954 0.000179 0.013463 0.000001
0.121680 0.716032 0.094538 0.053450 0.000179 0.014120 0.000001
0.114814 0.718250 0.097178 0.054824 0.000188 0.014745 0.000002
0.123568 0.710854 0.096082 0.054499 0.000184 0.014810 0.000002
0.121345 0.707950 0.098984 0.055940 0.000194 0.015585 0.000002
0.119877 0.707469 0.099977 0.056589 0.000196 0.015890 0.000002
0.125068 0.702161 0.099960 0.056664 0.000193 0.015952 0.000002
0.120607 0.702716 0.102081 0.057790 0.000203 0.016601 0.000002
0.116820 0.702429 0.104386 0.059019 0.000209 0.017136 0.000001
0.116529 0.700771 0.105285 0.059586 0.000218 0.017608 0.000002
0.116022 0.698930 0.106525 0.060255 0.000216 0.018050 0.000001
0.114091 0.697866 0.107967 0.061273 0.000225 0.018576 0.000002
0.111625 0.697722 0.109318 0.062181 0.000234 0.018920 0.000001
0.105346 0.699031 0.111992 0.063612 0.000241 0.019775 0.000002
0.110331 0.693370 0.112225 0.063836 0.000248 0.019989 0.000001
0.101979 0.696893 0.114815 0.065272 0.000263 0.020776 0.000002
0.103661 0.693600 0.115400 0.065836 0.000265 0.021236 0.000002
0.098902 0.695946 0.116814 0.066512 0.000290 0.021535 0.000002
0.094289 0.697024 0.118702 0.067439 0.000285 0.022260 0.000002
0.092433 0.697394 0.119508 0.067788 0.000295 0.022580 0.000002
0.085525 0.698479 0.122439 0.069668 0.000303 0.023586 0.000002
0.086724 0.696654 0.122610 0.069857 0.000312 0.023841 0.000002
0.077690 0.697864 0.126889 0.072144 0.000325 0.025086 0.000002
0.076790 0.699110 0.126608 0.071967 0.000314 0.025209 0.000002
0.072673 0.698781 0.128828 0.073467 0.000335 0.025914 0.000002
0.070453 0.697783 0.130451 0.074379 0.000332 0.026599 0.000003
0.066620 0.698026 0.132232 0.075359 0.000355 0.027406 0.000002
0.062396 0.698342 0.134323 0.076539 0.000351 0.028047 0.000002
0.061811 0.696995 0.135099 0.077106 0.000361 0.028625 0.000002
0.058614 0.695838 0.137384 0.078391 0.000374 0.029398 0.000002
0.056252 0.694751 0.139141 0.079283 0.000371 0.030200 0.000002
0.052040 0.693479 0.141922 0.080844 0.000408 0.031306 0.000002
0.051011 0.692233 0.143037 0.081679 0.000401 0.031636 0.000001
0.048564 0.689377 0.145573 0.083207 0.000419 0.032859 0.000002
0.047472 0.689160 0.146361 0.083533 0.000417 0.033055 0.000003
0.045989 0.687514 0.147701 0.084433 0.000411 0.033949 0.000002
0.044277 0.685173 0.149735 0.085565 0.000433 0.034815 0.000002
0.043170 0.684167 0.150643 0.086171 0.000437 0.035410 0.000001
0.041771 0.682064 0.152387 0.087153 0.000446 0.036176 0.000002
0.039298 0.679443 0.154941 0.088632 0.000449 0.037234 0.000002
0.040666 0.677567 0.155068 0.088686 0.000453 0.037557 0.000002
0.041653 0.673226 0.156822 0.089311 0.000473 0.038513 0.000002
0.043679 0.670940 0.156829 0.089413 0.000462 0.038674 0.000002
0.042788 0.668187 0.158479 0.090442 0.000475 0.039627 0.000002
0.043062 0.666820 0.158988 0.090655 0.000501 0.039971 0.000002
0.042446 0.662568 0.161371 0.091900 0.000485 0.041228 0.000002
0.040619 0.661389 0.162704 0.092815 0.000526 0.041946 0.000002
0.042048 0.658234 0.163315 0.093276 0.000512 0.042614 0.000001
0.041801 0.656061 0.164427 0.093967 0.000526 0.043217 0.000002
0.046538 0.650563 0.164955 0.093903 0.000540 0.043501 0.000002
0.049178 0.645876 0.165697 0.094377 0.000541 0.044330 0.000002
0.046743 0.645523 0.166911 0.095265 0.000564 0.044990 0.000003
0.043658 0.646412 0.167769 0.095952 0.000541 0.045665 0.000003
0.049038 0.637931 0.169030 0.096704 0.000580 0.046713 0.000004
0.045933 0.638537 0.170179 0.097278 0.000572 0.047496 0.000004
0.045785 0.636676 0.171337 0.097641 0.000579 0.047979 0.000004
0.045012 0.634648 0.172432 0.098297 0.000596 0.049010 0.000005
0.046806 0.632894 0.172394 0.098373 0.000597 0.048932 0.000003
0.050769 0.626585 0.173195 0.098812 0.000603 0.050031 0.000004
0.050651 0.624237 0.174512 0.099279 0.000607 0.050709 0.000005
0.052567 0.622129 0.174237 0.099438 0.000613 0.051012 0.000005
0.051894 0.621549 0.174822 0.099648 0.000626 0.051457 0.000004
0.050928 0.616930 0.177204 0.100988 0.000668 0.053278 0.000004
0.051240 0.616646 0.177270 0.100857 0.000635 0.053348 0.000005
0.049225 0.616395 0.178108 0.101484 0.000666 0.054119 0.000005
0.046176 0.613850 0.180883 0.103059 0.000654 0.055375 0.000003
0.046276 0.612255 0.181471 0.103387 0.000661 0.055945 0.000005
0.045973 0.611592 0.181827 0.103493 0.000668 0.056444 0.000004
0.044080 0.612263 0.182244 0.103953 0.000674 0.056781 0.000005
0.041105 0.609706 0.184831 0.105271 0.000704 0.058376 0.000006
0.040204 0.609375 0.185200 0.105632 0.000693 0.058889 0.000007
0.047796 0.601197 0.185252 0.105455 0.000712 0.059581 0.000006
0.051580 0.596783 0.185299 0.105409 0.000719 0.060206 0.000005
0.054557 0.593085 0.185471 0.105567 0.000736 0.060579 0.000005
0.050512 0.594256 0.186929 0.106211 0.000729 0.061358 0.000005
0.053108 0.591689 0.186814 0.106058 0.000739 0.061585 0.000006
0.053148 0.588882 0.187967 0.106689 0.000740 0.062569 0.000006
0.056677 0.584910 0.187514 0.106826 0.000757 0.063310 0.000007
0.053594 0.585127 0.189018 0.107375 0.000773 0.064106 0.000007
0.052306 0.581615 0.191131 0.108575 0.000777 0.065589 0.000007
0.049775 0.583666 0.191039 0.108902 0.000785 0.065826 0.000007
0.055114 0.579782 0.190129 0.108141 0.000785 0.066041 0.000007
0.052655 0.578602 0.191853 0.108976 0.000789 0.067119 0.000007
0.053875 0.576077 0.192270 0.109182 0.000814 0.067775 0.000007
0.051875 0.575747 0.193153 0.109849 0.000808 0.068559 0.000009
0.051750 0.572716 0.194561 0.110672 0.000841 0.069452 0.000008
0.046422 0.572634 0.196921 0.112020 0.000831 0.071163 0.000009
0.052452 0.570067 0.194930 0.110980 0.000851 0.070711 0.000008
0.044202 0.570455 0.198582 0.112976 0.000890 0.072887 0.000008
0.047717 0.568836 0.197589 0.112334 0.000877 0.072638 0.000008
0.047144 0.566948 0.198468 0.112839 0.000899 0.073695 0.000008
0.041549 0.565962 0.201407 0.114533 0.000921 0.075619 0.000008
0.045364 0.564630 0.200042 0.113706 0.000914 0.075335 0.000009
0.036660 0.563729 0.204530 0.116121 0.000957 0.077994 0.000008
0.037839 0.562581 0.204526 0.115910 0.000944 0.078192 0.000008
0.037359 0.562642 0.204384 0.115982 0.000957 0.078670 0.000007
0.034373 0.560914 0.206289 0.117381 0.000972 0.080063 0.000008
0.032822 0.558049 0.208059 0.118403 0.000998 0.081660 0.000009
0.033023 0.559137 0.207390 0.117894 0.001000 0.081548 0.000008
0.034580 0.555913 0.207688 0.118383 0.001013 0.082416 0.000006
0.027650 0.555101 0.211654 0.120314 0.001043 0.084229 0.000008
0.030001 0.552689 0.211149 0.119984 0.001032 0.085137 0.000008
0.027587 0.552267 0.212334 0.120681 0.001042 0.086080 0.000009
0.027323 0.549974 0.213476 0.121265 0.001080 0.086873 0.000008
0.025891 0.548512 0.214305 0.122092 0.001051 0.088139 0.000010
0.024405 0.544564 0.216806 0.123152 0.001094 0.089970 0.000008
0.025271 0.544795 0.215923 0.122869 0.001106 0.090024 0.000012
0.023231 0.541975 0.218191 0.123867 0.001125 0.091598 0.000013
0.022478 0.539224 0.219351 0.124635 0.001099 0.093199 0.000013
0.023006 0.539420 0.218580 0.124533 0.001140 0.093306 0.000015
0.022298 0.536746 0.220353 0.124948 0.001151 0.094490 0.000014
0.020492 0.534375 0.221949 0.126121 0.001156 0.095894 0.000013
0.022098 0.533653 0.221196 0.125622 0.001173 0.096248 0.000010
0.019258 0.530383 0.224080 0.126964 0.001209 0.098095 0.000011
0.019668 0.528815 0.224310 0.127382 0.001177 0.098635 0.000014
0.018999 0.527418 0.224907 0.127814 0.001215 0.099636 0.000011
0.019192 0.526195 0.225222 0.128025 0.001219 0.100135 0.000013
0.018097 0.522933 0.226915 0.129063 0.001212 0.101764 0.000016
0.017467 0.520212 0.228048 0.129762 0.001244 0.103254 0.000013
0.018078 0.520438 0.227766 0.129193 0.001235 0.103278 0.000012
0.017879 0.518297 0.228497 0.129635 0.001251 0.104428 0.000012
0.017277 0.516429 0.229355 0.130306 0.001242 0.105379 0.000012
0.017629 0.515282 0.229226 0.130421 0.001283 0.106142 0.000016
0.016871 0.511160 0.231182 0.131455 0.001270 0.108050 0.000012
0.016696 0.510230 0.231170 0.131705 0.001300 0.108885 0.000014
0.016315 0.508144 0.232252 0.132209 0.001308 0.109756 0.000015
0.016309 0.505462 0.232978 0.132639 0.001319 0.111278 0.000015
0.016359 0.504468 0.233188 0.132761 0.001334 0.111876 0.000013
0.016372 0.503992 0.233267 0.132650 0.001355 0.112349 0.000016
0.016094 0.500748 0.234449 0.133465 0.001362 0.113867 0.000014
0.015918 0.499321 0.234984 0.133820 0.001356 0.114584 0.000016
0.015666 0.494905 0.236550 0.134534 0.001391 0.116937 0.000017
0.015628 0.494687 0.236514 0.134568 0.001408 0.117181 0.000015
0.015390 0.492850 0.237256 0.134928 0.001400 0.118163 0.000013
0.015516 0.491994 0.237541 0.134945 0.001441 0.118546 0.000018
0.015120 0.487994 0.238769 0.135942 0.001459 0.120702 0.000015
0.015122 0.486835 0.239213 0.135821 0.001443 0.121554 0.000012
0.015094 0.487879 0.238667 0.135650 0.001450 0.121244 0.000016
0.014448 0.481396 0.241228 0.137275 0.001477 0.124159 0.000016
0.015158 0.482633 0.240322 0.136561 0.001477 0.123834 0.000015
0.014575 0.479304 0.241772 0.137350 0.001470 0.125510 0.000020
0.014687 0.479415 0.241566 0.137172 0.001484 0.125659 0.000018
0.014665 0.477499 0.241739 0.137683 0.001519 0.126877 0.000017
0.014639 0.475046 0.242588 0.138183 0.001511 0.128015 0.000017
0.014547 0.474299 0.242678 0.138066 0.001537 0.128852 0.000021
0.014375 0.471867 0.243763 0.138491 0.001533 0.129954 0.000017
0.014482 0.471145 0.243950 0.138299 0.001541 0.130565 0.000018
0.014061 0.466977 0.245449 0.139311 0.001563 0.132620 0.000019
0.013923 0.464111 0.246066 0.140216 0.001586 0.134078 0.000020
0.014080 0.464359 0.246084 0.139878 0.001563 0.134020 0.000017
0.013963 0.460868 0.247264 0.140342 0.001597 0.135946 0.000020
0.014016 0.459646 0.247415 0.140473 0.001623 0.136806 0.000021
0.013744 0.456979 0.248116 0.140974 0.001628 0.138541 0.000017
0.013805 0.457722 0.247542 0.140740 0.001659 0.138513 0.000018
0.013875 0.456418 0.248139 0.140685 0.001638 0.139228 0.000017
0.013932 0.454624 0.248378 0.141138 0.001626 0.140282 0.000020
0.013817 0.452200 0.249211 0.141280 0.001645 0.141825 0.000021
0.013564 0.450089 0.249927 0.141854 0.001702 0.142846 0.000019
0.013610 0.448333 0.250363 0.142137 0.001665 0.143871 0.000021
0.013432 0.446929 0.250548 0.142318 0.001717 0.145035 0.000022
0.013487 0.446003 0.250832 0.142267 0.001723 0.145668 0.000021
0.013539 0.444209 0.251070 0.142389 0.001702 0.147070 0.000019
0.013392 0.442293 0.251586 0.142898 0.001729 0.148082 0.000020
0.013364 0.441064 0.251663 0.143098 0.001778 0.149017 0.000017
0.013316 0.438488 0.252539 0.143463 0.001766 0.150406 0.000022
0.013253 0.437464 0.252413 0.143583 0.001808 0.151459 0.000021
0.013417 0.436153 0.252772 0.143644 0.001798 0.152193 0.000023
0.013138 0.434021 0.253506 0.143927 0.001818 0.153567 0.000022
0.013186 0.433361 0.253722 0.144074 0.001800 0.153836 0.000021
0.013259 0.432677 0.253720 0.143969 0.001819 0.154531 0.000024
0.013254 0.430107 0.254205 0.144619 0.001844 0.155940 0.000032
0.013250 0.427846 0.254932 0.144833 0.001856 0.157257 0.000027
0.013039 0.426071 0.255272 0.145197 0.001863 0.158531 0.000028
0.013007 0.425782 0.255119 0.145173 0.001855 0.159037 0.000028
0.012914 0.423014 0.256048 0.145368 0.001886 0.160742 0.000028
0.012909 0.420782 0.256369 0.145687 0.001897 0.162326 0.000030
0.013122 0.420514 0.256171 0.145738 0.001887 0.162538 0.000029
0.013186 0.419962 0.256289 0.145512 0.001890 0.163131 0.000029
0.012846 0.417728 0.257017 0.146197 0.001927 0.164256 0.000029
0.012780 0.415096 0.257616 0.146453 0.001909 0.166116 0.000029
0.012797 0.412643 0.258356 0.146476 0.001937 0.167763 0.000028
0.012812 0.412287 0.258662 0.146495 0.001936 0.167775 0.000033
0.012686 0.409940 0.259140 0.146865 0.001985 0.169353 0.000030
0.012647 0.409528 0.258760 0.146794 0.001989 0.170251 0.000031
0.012856 0.408138 0.258946 0.147122 0.001980 0.170930 0.000029
0.012704 0.405614 0.259498 0.147636 0.001994 0.172521 0.000033
0.012750 0.405187 0.259437 0.147571 0.001986 0.173031 0.000038
0.012808 0.402188 0.260509 0.147815 0.001999 0.174653 0.000029
0.012813 0.401502 0.260293 0.148053 0.002032 0.175276 0.000031
0.012766 0.400057 0.260421 0.148019 0.002055 0.176649 0.000034
0.012597 0.399013 0.260500 0.148092 0.002037 0.177732 0.000029
0.012654 0.395724 0.261250 0.148434 0.002064 0.179837 0.000036
0.012741 0.396520 0.260719 0.148131 0.002075 0.179781 0.000032
0.012740 0.395801 0.261164 0.148158 0.002085 0.180020 0.000032
0.012690 0.392217 0.262043 0.148627 0.002127 0.182263 0.000033
0.012700 0.392048 0.261949 0.148586 0.002115 0.182572 0.000031
0.012741 0.391341 0.261901 0.148561 0.002112 0.183311 0.000034
0.012830 0.388657 0.262336 0.149042 0.002124 0.184980 0.000031
0.012747 0.387258 0.262585 0.148965 0.002120 0.186285 0.000039
0.012684 0.386387 0.262838 0.148798 0.002130 0.187127 0.000036
0.012595 0.384161 0.263246 0.149124 0.002175 0.188667 0.000033
0.012554 0.383241 0.263495 0.149286 0.002188 0.189201 0.000034
0.012711 0.380158 0.263775 0.149604 0.002205 0.191505 0.000042
0.012589 0.378473 0.264312 0.149892 0.002208 0.192488 0.000038
0.012482 0.379298 0.264255 0.149514 0.002227 0.192188 0.000037
0.012693 0.378074 0.263708 0.149625 0.002219 0.193639 0.000042
0.012724 0.374732 0.265059 0.149871 0.002223 0.195351 0.000040
0.012684 0.376143 0.264271 0.149556 0.002243 0.195063 0.000041
0.012608 0.373485 0.264461 0.150013 0.002284 0.197106 0.000044
0.012564 0.371109 0.265256 0.150224 0.002260 0.198552 0.000035
0.012470 0.369266 0.265568 0.150397 0.002298 0.199957 0.000043
0.012526 0.368153 0.265488 0.150466 0.002312 0.201009 0.000044
0.012485 0.367093 0.266078 0.150572 0.002338 0.201397 0.000038
0.012612 0.365394 0.266085 0.150598 0.002310 0.202964 0.000038
0.012686 0.365314 0.265999 0.150516 0.002308 0.203138 0.000039
0.012548 0.363462 0.266253 0.150624 0.002322 0.204750 0.000041
0.012486 0.361875 0.266322 0.151063 0.002354 0.205861 0.000039
0.012608 0.360570 0.266362 0.151035 0.002353 0.207024 0.000048
0.020328 0.358683 0.263764 0.149331 0.002336 0.205511 0.000047
0.027587 0.354249 0.262076 0.148272 0.002350 0.205419 0.000048
0.023822 0.354651 0.262745 0.149275 0.002354 0.207108 0.000045
0.027884 0.352894 0.261333 0.148299 0.002369 0.207172 0.000049
0.023055 0.353530 0.263256 0.148970 0.002381 0.208765 0.000044
0.023669 0.351654 0.263164 0.149128 0.002392 0.209949 0.000043
0.027114 0.349592 0.261627 0.148490 0.002409 0.210722 0.000046
0.028411 0.350409 0.261319 0.147932 0.002379 0.209504 0.000045
0.025045 0.347536 0.262627 0.149036 0.002400 0.213311 0.000045
0.026478 0.347905 0.261801 0.148373 0.002416 0.212985 0.000042
0.026215 0.348467 0.261507 0.148260 0.002389 0.213116 0.000046
0.023322 0.348033 0.262687 0.148853 0.002426 0.214635 0.000044
0.024335 0.348140 0.261865 0.148343 0.002445 0.214826 0.000046
0.022088 0.346148 0.262961 0.149026 0.002424 0.217303 0.000050
0.021758 0.345066 0.262908 0.148834 0.002434 0.218951 0.000050
0.019976 0.345573 0.263411 0.149030 0.002496 0.219466 0.000048
0.018533 0.343424 0.264169 0.149562 0.002548 0.221714 0.000052
0.020103 0.342879 0.263154 0.149121 0.002509 0.222189 0.000045
0.018165 0.341386 0.264039 0.149746 0.002526 0.224090 0.000049
0.019206 0.342581 0.263471 0.149052 0.002526 0.223114 0.000049
0.015958 0.337706 0.265817 0.150388 0.002565 0.227517 0.000048
0.016719 0.337901 0.264988 0.150314 0.002553 0.227473 0.000051
0.016500 0.336999 0.265221 0.150138 0.002562 0.228531 0.000049
0.015461 0.335731 0.265826 0.150502 0.002577 0.229850 0.000052
0.015213 0.333798 0.266076 0.150786 0.002632 0.231444 0.000050
0.015249 0.332375 0.266088 0.150669 0.002643 0.232922 0.000054
0.016290 0.334453 0.264978 0.149883 0.002629 0.231712 0.000055
0.014943 0.330595 0.266217 0.150664 0.002617 0.234912 0.000052
0.014470 0.329581 0.266600 0.150797 0.002645 0.235855 0.000052
0.014026 0.328466 0.267011 0.150982 0.002629 0.236836 0.000049
0.014450 0.328057 0.266558 0.150905 0.002667 0.237311 0.000053
0.013958 0.325518 0.266832 0.150951 0.002658 0.240027 0.000056
0.013860 0.325260 0.267137 0.151100 0.002667 0.239923 0.000052
0.013790 0.323900 0.267100 0.151378 0.002699 0.241078 0.000056
0.013936 0.323517 0.267066 0.151183 0.002666 0.241571 0.000060
0.013393 0.320966 0.267468 0.151498 0.002680 0.243939 0.000056
0.013484 0.319215 0.267703 0.151444 0.002755 0.245351 0.000049
0.013295 0.317142 0.267999 0.151725 0.002748 0.247034 0.000058
0.013320 0.318448 0.267865 0.151424 0.002726 0.246161 0.000056
0.013211 0.316437 0.267889 0.151580 0.002751 0.248082 0.000050
0.013214 0.313172 0.268448 0.151583 0.002789 0.250732 0.000061
0.013334 0.312740 0.267892 0.151779 0.002827 0.251370 0.000059
0.013233 0.313165 0.267882 0.151590 0.002783 0.251284 0.000063
0.013399 0.311497 0.268047 0.151423 0.002818 0.252758 0.000058
0.013252 0.310868 0.268084 0.151453 0.002797 0.253484 0.000061
0.013035 0.310317 0.268279 0.151699 0.002830 0.253782 0.000058
0.013244 0.308064 0.268324 0.151646 0.002782 0.255886 0.000055
0.012972 0.307401 0.268267 0.151786 0.002856 0.256660 0.000059
0.013107 0.306021 0.267979 0.151802 0.002888 0.258138 0.000065
0.013333 0.306866 0.267339 0.151199 0.002859 0.258346 0.000057
0.013129 0.304814 0.268096 0.151305 0.002869 0.259722 0.000064
0.013174 0.301634 0.268043 0.152046 0.002885 0.262159 0.000059
0.013311 0.302570 0.268081 0.151845 0.002886 0.261248 0.000059
0.013209 0.302766 0.267427 0.151392 0.002877 0.262268 0.000062
0.013153 0.299029 0.268129 0.151795 0.002922 0.264914 0.000057
0.013097 0.299409 0.268193 0.151552 0.002900 0.264788 0.000061
0.013150 0.296120 0.268303 0.151913 0.002904 0.267546 0.000064
0.013131 0.296292 0.268146 0.151672 0.002946 0.267749 0.000066
0.013144 0.294888 0.268162 0.151538 0.002922 0.269281 0.000064
0.013116 0.292913 0.268119 0.151970 0.002925 0.270890 0.000066
0.013302 0.293921 0.267916 0.151286 0.002932 0.270579 0.000063
0.013123 0.293508 0.267626 0.151293 0.002962 0.271423 0.000066
0.013328 0.292096 0.267804 0.151345 0.002950 0.272407 0.000070
0.013094 0.290280 0.267848 0.151550 0.002978 0.274184 0.000066
0.013191 0.289947 0.267473 0.151548 0.003003 0.274777 0.000062
0.013258 0.288106 0.267623 0.151763 0.002999 0.276181 0.000070
0.013171 0.286602 0.267726 0.151722 0.002982 0.277733 0.000064
0.013288 0.286185 0.267631 0.151617 0.003033 0.278178 0.000069
0.013094 0.284199 0.267612 0.151559 0.003019 0.280445 0.000071
0.013167 0.283945 0.267763 0.151661 0.003065 0.280332 0.000065
0.013074 0.282519 0.267671 0.151550 0.003067 0.282046 0.000072
0.013243 0.282182 0.267452 0.151588 0.003080 0.282384 0.000069
0.013329 0.282075 0.267232 0.151236 0.003085 0.282970 0.000073
0.013149 0.280965 0.267299 0.151368 0.003060 0.284088 0.000071
0.013302 0.278071 0.267221 0.151541 0.003054 0.286740 0.000071
0.013321 0.276448 0.267865 0.151644 0.003120 0.287535 0.000066
0.013027 0.276676 0.267453 0.151376 0.003142 0.288258 0.000068
0.013492 0.275828 0.267082 0.151597 0.003115 0.288812 0.000073
0.013344 0.276174 0.267102 0.151178 0.003150 0.288985 0.000068
0.013215 0.274266 0.267340 0.151181 0.003151 0.290765 0.000082
0.013381 0.272769 0.266658 0.151349 0.003175 0.292595 0.000073
0.013344 0.273190 0.266583 0.150830 0.003137 0.292842 0.000074
0.013331 0.272465 0.266710 0.151036 0.003187 0.293198 0.000073
0.013223 0.269675 0.266765 0.151141 0.003233 0.295892 0.000071
0.013476 0.271411 0.266132 0.150757 0.003169 0.294979 0.000076
0.013283 0.269606 0.266621 0.150752 0.003178 0.296482 0.000076
0.013267 0.267663 0.266432 0.150699 0.003231 0.298635 0.000073
0.013183 0.267223 0.266224 0.150919 0.003225 0.299158 0.000068
0.013569 0.265487 0.266530 0.150482 0.003208 0.300650 0.000073
0.013407 0.264624 0.265996 0.150447 0.003249 0.302200 0.000077
0.013422 0.264904 0.265536 0.150482 0.003227 0.302349 0.000081
0.013437 0.263388 0.266024 0.150474 0.003210 0.303391 0.000075
0.013338 0.262142 0.265311 0.150486 0.003281 0.305359 0.000083
0.013409 0.261325 0.265657 0.150503 0.003308 0.305715 0.000083
0.013593 0.260315 0.265356 0.150013 0.003291 0.307356 0.000076
0.013432 0.258898 0.265236 0.150271 0.003354 0.308731 0.000078
0.013489 0.258747 0.265518 0.150251 0.003324 0.308589 0.000082
0.013497 0.259071 0.265265 0.149939 0.003319 0.308831 0.000079
0.013594 0.257138 0.264630 0.150011 0.003358 0.311189 0.000079
0.013313 0.256370 0.264886 0.150135 0.003360 0.311855 0.000080
0.013502 0.255857 0.264719 0.149759 0.003354 0.312727 0.000082
0.013658 0.255690 0.264710 0.149739 0.003331 0.312792 0.000081
0.013689 0.254536 0.264442 0.149999 0.003330 0.313916 0.000088
0.013640 0.252481 0.264494 0.149817 0.003383 0.316101 0.000085
0.013695 0.251015 0.264179 0.149738 0.003346 0.317942 0.000086
0.013705 0.251178 0.263822 0.149477 0.003444 0.318283 0.000090
0.013688 0.249558 0.264191 0.149699 0.003400 0.319382 0.000082
0.013401 0.248612 0.264034 0.149246 0.003430 0.321189 0.000088
0.013614 0.247868 0.264171 0.149412 0.003446 0.321404 0.000085
0.013711 0.247710 0.263526 0.149397 0.003394 0.322174 0.000088
0.013874 0.248014 0.263267 0.149138 0.003409 0.322213 0.000085
0.013684 0.246249 0.263765 0.148952 0.003443 0.323818 0.000090
0.013660 0.244475 0.263460 0.148896 0.003471 0.325950 0.000089
0.013827 0.245725 0.263046 0.148887 0.003460 0.324962 0.000092
0.013751 0.242221 0.263377 0.149137 0.003466 0.327948 0.000099
0.014007 0.242917 0.262646 0.148500 0.003497 0.328343 0.000091
0.013873 0.242686 0.262283 0.148735 0.003468 0.328867 0.000087
0.013997 0.241124 0.262456 0.148557 0.003529 0.330241 0.000097
0.013943 0.237983 0.262471 0.148577 0.003629 0.333303 0.000095
0.013978 0.240336 0.262482 0.148428 0.003537 0.331142 0.000097
0.013990 0.237934 0.262530 0.148440 0.003571 0.333430 0.000104
0.014004 0.238405 0.261780 0.148183 0.003552 0.333982 0.000094
0.014037 0.237627 0.262012 0.148277 0.003555 0.334396 0.000095
0.014000 0.235617 0.261616 0.148408 0.003587 0.336679 0.000093
0.014166 0.236298 0.261122 0.147839 0.003561 0.336917 0.000098
0.014093 0.234310 0.261251 0.148068 0.003561 0.338620 0.000098
0.014017 0.234269 0.260592 0.147820 0.003603 0.339602 0.000096
0.014328 0.233677 0.260571 0.147588 0.003580 0.340157 0.000099
0.014301 0.232356 0.260668 0.147381 0.003632 0.341571 0.000091
0.014434 0.231356 0.260784 0.147583 0.003587 0.342159 0.000097
0.014217 0.230436 0.260300 0.147772 0.003675 0.343501 0.000100
0.014209 0.228953 0.260088 0.147498 0.003689 0.345459 0.000103
0.014386 0.228368 0.259935 0.147225 0.003636 0.346349 0.000100
0.014288 0.230153 0.259402 0.147398 0.003682 0.344978 0.000099
0.014277 0.229418 0.259366 0.146958 0.003671 0.346199 0.000112
0.014487 0.227498 0.259322 0.147422 0.003638 0.347537 0.000096
0.014429 0.226923 0.259347 0.146971 0.003639 0.348590 0.000101
0.014620 0.225926 0.259305 0.146953 0.003681 0.349415 0.000099
0.014634 0.224504 0.258689 0.146687 0.003682 0.351701 0.000104
0.014463 0.224039 0.258916 0.146601 0.003696 0.352186 0.000099
0.014666 0.223033 0.258376 0.146792 0.003699 0.353330 0.000105
0.014662 0.222137 0.258329 0.146757 0.003671 0.354335 0.000110
0.014547 0.220948 0.258454 0.146570 0.003681 0.355699 0.000101
0.014675 0.221895 0.258311 0.146279 0.003690 0.355043 0.000106
0.014917 0.219974 0.257746 0.145912 0.003725 0.357624 0.000102
0.014640 0.220205 0.257902 0.146112 0.003751 0.357272 0.000117
0.014725 0.220209 0.257777 0.146065 0.003715 0.357403 0.000108
0.014858 0.217678 0.257551 0.146171 0.003735 0.359899 0.000107
0.014700 0.218414 0.257231 0.145802 0.003758 0.359979 0.000115
0.014768 0.217025 0.256976 0.145715 0.003766 0.361640 0.000111
0.015096 0.215970 0.256554 0.145715 0.003735 0.362819 0.000110
0.015032 0.215140 0.256602 0.145424 0.003781 0.363902 0.000119
0.014927 0.216231 0.256319 0.145134 0.003735 0.363538 0.000116
0.015109 0.213577 0.256028 0.145222 0.003817 0.366128 0.000119
0.015132 0.213287 0.256133 0.145379 0.003808 0.366146 0.000114
0.015096 0.213136 0.255909 0.145096 0.003779 0.366869 0.000116
0.014835 0.211637 0.255476 0.145274 0.003843 0.368820 0.000115
0.015034 0.211508 0.255682 0.144538 0.003823 0.369300 0.000115
0.015216 0.211808 0.255462 0.144574 0.003822 0.369004 0.000115
0.014940 0.210261 0.254751 0.145003 0.003815 0.371111 0.000118
0.015045 0.208918 0.254733 0.144418 0.003886 0.372881 0.000121
0.015316 0.208897 0.254489 0.144420 0.003858 0.372906 0.000115
0.015443 0.209001 0.254233 0.144345 0.003809 0.373043 0.000127
0.015243 0.208530 0.254131 0.143876 0.003869 0.374235 0.000117
0.015258 0.206710 0.254028 0.144196 0.003899 0.375788 0.000121
0.015427 0.206999 0.253854 0.143924 0.003847 0.375825 0.000124
0.015275 0.205878 0.253598 0.143724 0.003895 0.377500 0.000130
0.015318 0.204254 0.252992 0.143763 0.003928 0.379619 0.000127
0.015358 0.203915 0.253272 0.143385 0.003924 0.380024 0.000122
0.015292 0.203702 0.252914 0.143338 0.003927 0.380699 0.000127
0.015512 0.203294 0.252194 0.143452 0.003934 0.381495 0.000119
0.015627 0.203605 0.252434 0.142933 0.003931 0.381342 0.000128
0.015345 0.201271 0.252400 0.143075 0.003955 0.383828 0.000125
0.015372 0.201716 0.251859 0.143011 0.003900 0.384021 0.000120
0.015750 0.200571 0.251570 0.142871 0.003938 0.385168 0.000132
0.015597 0.200013 0.251161 0.142713 0.004011 0.386376 0.000128
0.015326 0.199088 0.251050 0.142654 0.003970 0.387784 0.000127
0.015803 0.198613 0.250432 0.142287 0.003963 0.388776 0.000126
0.015942 0.197558 0.250299 0.142060 0.004002 0.390008 0.000131
0.015815 0.197719 0.250520 0.142317 0.003956 0.389540 0.000133
0.015753 0.197046 0.250304 0.142154 0.003919 0.390697 0.000127
0.015860 0.196300 0.249782 0.141663 0.003981 0.392278 0.000135
0.015950 0.195632 0.249714 0.141748 0.004010 0.392811 0.000134
0.016005 0.195480 0.249662 0.141499 0.003981 0.393235 0.000138
0.016055 0.194582 0.249179 0.141722 0.004012 0.394320 0.000130
0.015950 0.195270 0.249133 0.141430 0.003985 0.394093 0.000140
0.015964 0.193524 0.249177 0.141450 0.004011 0.395735 0.000140
0.015965 0.193866 0.248450 0.141413 0.004044 0.396120 0.000142
0.016108 0.191421 0.248202 0.141112 0.004031 0.398995 0.000130
0.016159 0.192165 0.248126 0.140678 0.004035 0.398706 0.000132
0.016167 0.191396 0.247664 0.141291 0.004079 0.399255 0.000149
0.016055 0.191050 0.247548 0.141070 0.004034 0.400103 0.000140
0.016215 0.189693 0.246855 0.140635 0.004052 0.402416 0.000133
0.016284 0.189808 0.247253 0.140556 0.004056 0.401900 0.000143
0.016266 0.189944 0.246936 0.140361 0.004047 0.402302 0.000144
0.016376 0.188107 0.246829 0.140116 0.004102 0.404321 0.000149
0.016615 0.187652 0.246420 0.139955 0.004047 0.405173 0.000139
0.016474 0.187362 0.246165 0.139756 0.004079 0.406005 0.000159
0.016653 0.186364 0.245968 0.139327 0.004122 0.407426 0.000139
0.016259 0.186319 0.246328 0.139625 0.004096 0.407228 0.000146
0.016727 0.185772 0.245728 0.139619 0.004102 0.407905 0.000147
0.016682 0.184289 0.245245 0.139414 0.004118 0.410113 0.000139
0.016432 0.184301 0.245182 0.139296 0.004132 0.410510 0.000146
0.016559 0.184737 0.244935 0.139401 0.004142 0.410082 0.000143
0.016701 0.183679 0.244679 0.138993 0.004169 0.411633 0.000145
0.016651 0.183095 0.244650 0.138818 0.004105 0.412527 0.000154
0.016558 0.182914 0.244294 0.138794 0.004183 0.413103 0.000154
0.016692 0.182031 0.244015 0.138499 0.004141 0.414467 0.000154
0.016769 0.180424 0.243462 0.138459 0.004155 0.416582 0.000149
0.016447 0.180409 0.243728 0.138407 0.004149 0.416709 0.000151
0.016874 0.181132 0.243410 0.138159 0.004184 0.416091 0.000150
0.016975 0.179629 0.243073 0.138138 0.004148 0.417880 0.000157
0.016786 0.178475 0.242611 0.138108 0.004176 0.419698 0.000145
0.016999 0.178502 0.242215 0.138064 0.004196 0.419872 0.000151
0.017163 0.177992 0.242539 0.137697 0.004240 0.420213 0.000155
0.017058 0.177177 0.241633 0.137583 0.004178 0.422219 0.000152
0.016866 0.176525 0.242033 0.137440 0.004210 0.422773 0.000154
0.017007 0.176541 0.241655 0.137282 0.004229 0.423139 0.000148
0.017302 0.175802 0.241152 0.137156 0.004248 0.424187 0.000153
0.017215 0.176354 0.241356 0.136890 0.004229 0.423802 0.000154
0.017037 0.175159 0.240726 0.136749 0.004287 0.425884 0.000157
0.017144 0.174756 0.240555 0.136585 0.004286 0.426520 0.000154
0.017105 0.173421 0.240523 0.136563 0.004293 0.427940 0.000156
0.017092 0.173515 0.240084 0.136618 0.004263 0.428278 0.000150
0.017087 0.173277 0.239756 0.136598 0.004322 0.428797 0.000163
0.017371 0.172683 0.239606 0.136165 0.004290 0.429723 0.000162
0.017315 0.172043 0.239318 0.136210 0.004271 0.430678 0.000166
0.017286 0.171675 0.239107 0.135832 0.004310 0.431639 0.000152
0.017385 0.171140 0.238841 0.135738 0.004281 0.432453 0.000161
0.017398 0.171032 0.238903 0.135658 0.004313 0.432538 0.000157
0.017315 0.170133 0.238411 0.135081 0.004315 0.434583 0.000164
0.017797 0.169079 0.237933 0.135223 0.004314 0.435478 0.000177
0.017491 0.169043 0.237636 0.135171 0.004348 0.436148 0.000163
0.017651 0.168074 0.237494 0.134942 0.004263 0.437400 0.000175
0.017623 0.168038 0.237618 0.134670 0.004305 0.437585 0.000161
0.017650 0.167817 0.237274 0.134840 0.004305 0.437946 0.000169
0.017896 0.167116 0.236936 0.134619 0.004320 0.438942 0.000171
0.017837 0.166883 0.236300 0.134470 0.004337 0.439995 0.000177
0.017970 0.165985 0.235925 0.134277 0.004394 0.441279 0.000170
0.017929 0.165813 0.236254 0.133896 0.004348 0.441590 0.000169
0.017878 0.164962 0.236078 0.134015 0.004356 0.442543 0.000168
0.017867 0.165552 0.235884 0.133637 0.004396 0.442484 0.000180
0.017837 0.164420 0.235285 0.133681 0.004417 0.444189 0.000170
0.017933 0.163536 0.234818 0.133090 0.004427 0.446024 0.000173
0.017982 0.163558 0.234906 0.133161 0.004404 0.445812 0.000178
0.018048 0.162936 0.234679 0.133013 0.004420 0.446731 0.000172
0.017882 0.162924 0.234518 0.133077 0.004389 0.447028 0.000183
0.018074 0.162219 0.234124 0.132641 0.004423 0.448340 0.000179
0.018044 0.161581 0.233479 0.132537 0.004387 0.449795 0.000177
0.018054 0.162087 0.233827 0.132481 0.004350 0.449026 0.000174
0.018292 0.160657 0.233229 0.132504 0.004385 0.450759 0.000175
0.018059 0.160196 0.233387 0.132011 0.004464 0.451704 0.000178
0.018043 0.160099 0.232766 0.131752 0.004430 0.452731 0.000179
0.018300 0.159199 0.232062 0.131435 0.004447 0.454366 0.000192
0.018544 0.158568 0.231744 0.131438 0.004490 0.455046 0.000170
0.018396 0.157892 0.231993 0.131374 0.004475 0.455691 0.000179
0.018490 0.157615 0.231545 0.131328 0.004437 0.456411 0.000175
0.018471 0.157767 0.231887 0.131283 0.004438 0.455982 0.000172
0.018531 0.157419 0.231288 0.130855 0.004500 0.457223 0.000184
0.018527 0.156569 0.230809 0.130940 0.004509 0.458467 0.000180
0.018677 0.156314 0.230584 0.130790 0.004495 0.458958 0.000181
0.018625 0.156236 0.230311 0.130405 0.004499 0.459748 0.000175
0.018632 0.154977 0.229526 0.130147 0.004554 0.461978 0.000185
0.018875 0.154796 0.229605 0.129941 0.004514 0.462095 0.000174
0.018833 0.154806 0.229629 0.130428 0.004490 0.461635 0.000180
0.018863 0.153877 0.229274 0.129742 0.004505 0.463547 0.000192
0.018867 0.153776 0.228951 0.129985 0.004550 0.463688 0.000184
0.018906 0.153058 0.228539 0.129341 0.004519 0.465456 0.000180
0.018789 0.153303 0.228536 0.129632 0.004550 0.465006 0.000185
0.019038 0.153176 0.228239 0.129258 0.004503 0.465585 0.000201
0.018926 0.152666 0.228126 0.129182 0.004546 0.466361 0.000193
0.018983 0.152289 0.227937 0.129206 0.004472 0.466915 0.000198
0.019008 0.151385 0.227132 0.128705 0.004576 0.469002 0.000192
0.019112 0.150945 0.227070 0.128647 0.004580 0.469452 0.000195
0.019087 0.150267 0.226972 0.128469 0.004536 0.470479 0.000190
0.019322 0.149975 0.226517 0.128311 0.004531 0.471151 0.000193
0.019201 0.149416 0.225850 0.128242 0.004588 0.472507 0.000197
0.019157 0.149813 0.226112 0.128085 0.004575 0.472069 0.000190
0.019516 0.148858 0.225484 0.128088 0.004618 0.473240 0.000195
0.019347 0.148354 0.225246 0.127434 0.004646 0.474777 0.000197
0.019547 0.148670 0.225344 0.127585 0.004542 0.474111 0.000201
0.019583 0.147501 0.224414 0.127348 0.004611 0.476350 0.000193
0.019801 0.147128 0.224651 0.127025 0.004588 0.476617 0.000189
0.019738 0.147961 0.223881 0.127191 0.004623 0.476402 0.000205
0.019552 0.146880 0.224172 0.126798 0.004615 0.477784 0.000200
0.019730 0.145697 0.223378 0.126820 0.004623 0.479548 0.000204
0.019669 0.146303 0.223434 0.126936 0.004657 0.478804 0.000197
0.019655 0.145804 0.223363 0.126725 0.004653 0.479606 0.000194
0.019638 0.145645 0.223268 0.126412 0.004643 0.480196 0.000197
0.019706 0.144954 0.222851 0.125985 0.004657 0.481636 0.000209
0.019796 0.144408 0.222506 0.126217 0.004639 0.482236 0.000197
0.019831 0.143953 0.222323 0.125938 0.004635 0.483122 0.000198
0.020090 0.143505 0.221400 0.125833 0.004644 0.484330 0.000197
0.020207 0.143935 0.221888 0.125451 0.004672 0.483647 0.000201
0.020160 0.142842 0.221139 0.125187 0.004673 0.485781 0.000218
0.019998 0.142414 0.221162 0.125017 0.004675 0.486520 0.000214
0.020061 0.142493 0.220800 0.125139 0.004699 0.486602 0.000205
0.020162 0.141611 0.220686 0.124726 0.004725 0.487880 0.000210
