0.999101 0.000881 0.000011 0.000008 0.000000 0.000000 0.000000
0.998665 0.001304 0.000019 0.000004 0.000001 0.000009 0.000000
0.998225 0.001733 0.000025 0.000007 0.000000 0.000010 0.000000
0.997787 0.002159 0.000033 0.000011 0.000000 0.000010 0.000000
0.997345 0.002595 0.000037 0.000012 0.000000 0.000010 0.000000
0.996875 0.003054 0.000046 0.000015 0.000000 0.000010 0.000000
0.996356 0.003562 0.000055 0.000018 0.000000 0.000010 0.000000
0.995666 0.004237 0.000065 0.000022 0.000000 0.000010 0.000000
0.995118 0.004770 0.000072 0.000029 0.000000 0.000011 0.000000
0.994183 0.005682 0.000092 0.000033 0.000000 0.000010 0.000000
0.993319 0.006503 0.000117 0.000051 0.000000 0.000010 0.000000
0.992132 0.007637 0.000154 0.000068 0.000000 0.000009 0.000000
0.990579 0.009156 0.000161 0.000094 0.000000 0.000010 0.000000
0.988902 0.010817 0.000175 0.000097 0.000000 0.000010 0.000000
0.987253 0.012446 0.000191 0.000102 0.000000 0.000008 0.000000
0.984195 0.015413 0.000237 0.000147 0.000000 0.000007 0.000000
0.981580 0.018001 0.000254 0.000158 0.000000 0.000006 0.000000
0.977714 0.021823 0.000294 0.000163 0.000000 0.000006 0.000000
0.973800 0.025659 0.000347 0.000188 0.000000 0.000005 0.000000
0.969097 0.030262 0.000396 0.000233 0.000000 0.000011 0.000000
0.963516 0.035720 0.000474 0.000277 0.000000 0.000013 0.000000
0.956478 0.042608 0.000558 0.000341 0.000000 0.000015 0.000000
0.949963 0.049043 0.000620 0.000357 0.000000 0.000017 0.000000
0.942497 0.056258 0.000767 0.000458 0.000000 0.000020 0.000000
0.934439 0.064154 0.000876 0.000508 0.000000 0.000022 0.000000
0.925923 0.072412 0.001045 0.000595 0.000000 0.000026 0.000000
0.916363 0.081756 0.001194 0.000662 0.000000 0.000025 0.000000
0.903757 0.094008 0.001407 0.000799 0.000000 0.000028 0.000000
0.891881 0.105546 0.001590 0.000946 0.000000 0.000038 0.000000
0.881326 0.115795 0.001770 0.001064 0.000000 0.000046 0.000000
0.867413 0.129315 0.001989 0.001234 0.000000 0.000049 0.000000
0.853593 0.142707 0.002271 0.001367 0.000000 0.000062 0.000000
0.837893 0.157866 0.002636 0.001535 0.000000 0.000071 0.000000
0.822741 0.172581 0.002912 0.001688 0.000000 0.000079 0.000000
0.809038 0.185735 0.003253 0.001882 0.000000 0.000092 0.000000
0.791307 0.202796 0.003671 0.002121 0.000000 0.000105 0.000000
0.776454 0.217136 0.003996 0.002308 0.000000 0.000106 0.000000
0.760029 0.232935 0.004389 0.002525 0.000000 0.000121 0.000000
0.745671 0.246638 0.004795 0.002762 0.000000 0.000134 0.000000
0.726501 0.264975 0.005319 0.003057 0.000000 0.000147 0.000000
0.711455 0.279240 0.005814 0.003329 0.000000 0.000162 0.000000
0.695514 0.294434 0.006330 0.003542 0.000001 0.000178 0.000000
0.680547 0.308534 0.006872 0.003841 0.000001 0.000205 0.000000
0.663422 0.324693 0.007473 0.004178 0.000001 0.000233 0.000000
0.648417 0.338941 0.007931 0.004453 0.000001 0.000255 0.000000
0.632497 0.353878 0.008557 0.004789 0.000003 0.000276 0.000000
0.619111 0.366351 0.009147 0.005088 0.000003 0.000302 0.000000
0.604413 0.380090 0.009731 0.005426 0.000003 0.000338 0.000000
0.590850 0.392675 0.010336 0.005771 0.000004 0.000364 0.000000
0.575959 0.406436 0.011013 0.006190 0.000004 0.000397 0.000000
0.561894 0.419413 0.011651 0.006598 0.000004 0.000439 0.000000
0.550221 0.430040 0.012285 0.006979 0.000004 0.000471 0.000000
0.535755 0.443296 0.013060 0.007367 0.000004 0.000518 0.000000
0.522258 0.455594 0.013795 0.007782 0.000005 0.000567 0.000000
0.509633 0.467042 0.014513 0.008200 0.000005 0.000607 0.000000
0.497005 0.478452 0.015239 0.008644 0.000006 0.000653 0.000000
0.479946 0.493741 0.016349 0.009234 0.000008 0.000723 0.000000
0.469564 0.502922 0.017080 0.009649 0.000009 0.000776 0.000000
0.454619 0.516134 0.018132 0.010262 0.000010 0.000842 0.000000
0.441838 0.527304 0.019104 0.010847 0.000010 0.000897 0.000000
0.431622 0.536315 0.019807 0.011305 0.000012 0.000939 0.000000
0.418396 0.547570 0.020960 0.012029 0.000014 0.001031 0.000000
0.410211 0.554599 0.021634 0.012455 0.000015 0.001086 0.000000
0.397540 0.565255 0.022854 0.013150 0.000019 0.001182 0.000000
0.387898 0.573296 0.023837 0.013697 0.000020 0.001252 0.000000
0.376932 0.582382 0.024951 0.014344 0.000021 0.001371 0.000000
0.366924 0.590616 0.025983 0.014990 0.000022 0.001465 0.000000
0.361254 0.594890 0.026823 0.015451 0.000023 0.001559 0.000000
0.350322 0.603697 0.028108 0.016167 0.000026 0.001680 0.000000
0.345554 0.606892 0.029079 0.016677 0.000026 0.001772 0.000000
0.337227 0.613366 0.030179 0.017312 0.000027 0.001888 0.000000
0.327475 0.620925 0.031500 0.018039 0.000029 0.002031 0.000000
0.320076 0.626402 0.032610 0.018728 0.000029 0.002155 0.000000
0.311901 0.632463 0.033902 0.019428 0.000031 0.002275 0.000000
0.311672 0.631479 0.034572 0.019835 0.000032 0.002410 0.000000
0.302858 0.638022 0.035959 0.020583 0.000036 0.002542 0.000000
0.297685 0.641247 0.037068 0.021256 0.000037 0.002707 0.000000
0.294511 0.642837 0.038015 0.021775 0.000040 0.002822 0.000000
0.293668 0.642500 0.038733 0.022131 0.000041 0.002926 0.000000
0.289671 0.644742 0.039788 0.022710 0.000040 0.003050 0.000000
0.281710 0.650445 0.041126 0.023480 0.000043 0.003196 0.000000
0.277923 0.652255 0.042241 0.024149 0.000043 0.003389 0.000000
0.271649 0.656474 0.043434 0.024818 0.000050 0.003575 0.000000
0.261264 0.663631 0.045295 0.025953 0.000050 0.003806 0.000000
0.259476 0.664110 0.046165 0.026269 0.000052 0.003928 0.000000
0.254323 0.666959 0.047538 0.027013 0.000051 0.004116 0.000000
0.250268 0.669111 0.048634 0.027590 0.000055 0.004342 0.000000
0.243630 0.672956 0.050229 0.028557 0.000059 0.004570 0.000000
0.238309 0.676365 0.051332 0.029177 0.000060 0.004757 0.000000
0.232249 0.680175 0.052527 0.030005 0.000060 0.004984 0.000000
0.228129 0.681960 0.053903 0.030725 0.000064 0.005220 0.000000
0.223477 0.684037 0.055466 0.031490 0.000065 0.005466 0.000000
0.218597 0.687247 0.056380 0.032095 0.000067 0.005614 0.000000
0.206360 0.695723 0.058556 0.033318 0.000069 0.005974 0.000000
0.206432 0.693872 0.059583 0.033857 0.000072 0.006183 0.000000
0.201882 0.695886 0.061014 0.034659 0.000075 0.006484 0.000000
0.196459 0.698674 0.062553 0.035464 0.000081 0.006769 0.000000
0.194146 0.698823 0.063777 0.036181 0.000084 0.006988 0.000000
0.184901 0.703783 0.066235 0.037568 0.000084 0.007429 0.000000
0.183900 0.702593 0.067344 0.038382 0.000093 0.007689 0.000000
0.183334 0.701559 0.068261 0.038850 0.000094 0.007902 0.000000
0.183119 0.700314 0.069024 0.039369 0.000095 0.008078 0.000000
0.181509 0.699144 0.070569 0.040253 0.000097 0.008428 0.000000
0.174014 0.702719 0.072843 0.041449 0.000096 0.008878 0.000000
0.174504 0.700989 0.073435 0.041917 0.000110 0.009046 0.000000
0.170461 0.702582 0.074769 0.042690 0.000118 0.009380 0.000000
0.165144 0.703893 0.076987 0.043969 0.000120 0.009887 0.000000
0.162720 0.704178 0.078198 0.044628 0.000121 0.010154 0.000000
0.162597 0.703034 0.078898 0.044967 0.000129 0.010374 0.000000
0.161015 0.701914 0.080408 0.045815 0.000132 0.010715 0.000000
0.155705 0.703396 0.082581 0.046919 0.000137 0.011262 0.000000
0.151071 0.705701 0.083852 0.047719 0.000135 0.011521 0.000000
0.149571 0.705152 0.084875 0.048332 0.000144 0.011927 0.000000
0.140246 0.709593 0.087549 0.049929 0.000148 0.012534 0.000000
0.132737 0.713119 0.089859 0.051130 0.000162 0.012993 0.000000
0.134994 0.709913 0.090342 0.051303 0.000161 0.013288 0.000000
0.129618 0.711512 0.092345 0.052561 0.000176 0.013787 0.000000
0.127312 0.711786 0.093369 0.053208 0.000172 0.014153 0.000000
0.119622 0.714755 0.096017 0.054685 0.000189 0.014731 0.000001
0.120812 0.712107 0.096738 0.055079 0.000190 0.015073 0.000001
0.115379 0.713720 0.098773 0.056334 0.000191 0.015602 0.000000
0.115613 0.711086 0.100053 0.056914 0.000202 0.016131 0.000001
0.110490 0.714275 0.101093 0.057678 0.000207 0.016256 0.000001
0.106058 0.713447 0.103852 0.059214 0.000215 0.017213 0.000001
0.102463 0.714615 0.105207 0.059926 0.000217 0.017571 0.000001
0.095797 0.717403 0.107288 0.061140 0.000229 0.018143 0.000001
0.094724 0.715096 0.109107 0.062069 0.000243 0.018761 0.000001
0.090418 0.715033 0.111315 0.063483 0.000247 0.019503 0.000000
0.086531 0.715946 0.112922 0.064392 0.000250 0.019959 0.000001
0.086727 0.713304 0.114102 0.065229 0.000257 0.020382 0.000001
0.082395 0.714672 0.115796 0.066022 0.000264 0.020850 0.000001
0.079594 0.713283 0.117945 0.067310 0.000259 0.021607 0.000001
0.075738 0.713790 0.119661 0.068358 0.000278 0.022174 0.000001
0.075041 0.711578 0.121164 0.069145 0.000271 0.022799 0.000001
0.074756 0.711244 0.121313 0.069462 0.000282 0.022943 0.000001
0.067421 0.711248 0.125181 0.071662 0.000299 0.024189 0.000001
0.067219 0.711030 0.125416 0.071683 0.000300 0.024352 0.000000
0.061879 0.710359 0.128737 0.073416 0.000313 0.025296 0.000001
0.060769 0.709244 0.129884 0.073907 0.000325 0.025869 0.000001
0.057263 0.707451 0.132462 0.075713 0.000324 0.026787 0.000001
0.056596 0.706513 0.133334 0.076064 0.000329 0.027162 0.000001
0.057762 0.703237 0.134301 0.076730 0.000350 0.027619 0.000001
0.055598 0.700958 0.136711 0.077841 0.000348 0.028544 0.000001
0.056884 0.696843 0.138176 0.078636 0.000362 0.029097 0.000001
0.055277 0.697771 0.138202 0.078960 0.000349 0.029438 0.000001
0.054513 0.694470 0.140334 0.080140 0.000353 0.030189 0.000001
0.051858 0.692820 0.142590 0.081328 0.000368 0.031035 0.000000
0.053042 0.690949 0.142769 0.081487 0.000375 0.031376 0.000001
0.053998 0.686717 0.144613 0.082146 0.000381 0.032144 0.000001
0.050121 0.687636 0.146016 0.083176 0.000381 0.032670 0.000001
0.049016 0.684421 0.148044 0.084390 0.000396 0.033733 0.000000
0.045107 0.683984 0.150314 0.085599 0.000416 0.034579 0.000002
0.048030 0.680679 0.150560 0.085488 0.000416 0.034825 0.000002
0.046530 0.678262 0.152387 0.086629 0.000421 0.035769 0.000002
0.043889 0.678297 0.153719 0.087260 0.000433 0.036400 0.000001
0.043377 0.675070 0.155503 0.088374 0.000444 0.037231 0.000002
0.040706 0.675662 0.156566 0.088879 0.000448 0.037737 0.000001
0.042469 0.671976 0.157358 0.089383 0.000467 0.038346 0.000002
0.037901 0.672110 0.159488 0.090662 0.000481 0.039357 0.000002
0.037042 0.668518 0.161534 0.091981 0.000497 0.040426 0.000002
0.037133 0.667630 0.162042 0.091933 0.000494 0.040767 0.000001
0.032870 0.666401 0.164915 0.093363 0.000501 0.041948 0.000001
0.034590 0.662544 0.165663 0.093921 0.000517 0.042764 0.000001
0.035162 0.661933 0.165559 0.093991 0.000509 0.042845 0.000001
0.033692 0.661174 0.166744 0.094509 0.000528 0.043352 0.000001
0.032390 0.658348 0.168389 0.095660 0.000524 0.044686 0.000002
0.031561 0.657459 0.169318 0.095980 0.000546 0.045134 0.000002
0.030399 0.655447 0.170939 0.096813 0.000553 0.045847 0.000002
0.029879 0.652778 0.172530 0.097476 0.000563 0.046774 0.000001
0.028445 0.649241 0.174780 0.098830 0.000583 0.048118 0.000002
0.029096 0.647567 0.174873 0.099132 0.000594 0.048736 0.000002
0.028457 0.645606 0.176222 0.099745 0.000582 0.049388 0.000001
0.027424 0.643905 0.177528 0.100310 0.000607 0.050223 0.000002
0.026906 0.641103 0.178994 0.101357 0.000621 0.051017 0.000001
0.026517 0.639502 0.179754 0.101838 0.000629 0.051758 0.000002
0.026071 0.636295 0.181505 0.102748 0.000642 0.052738 0.000002
0.025133 0.634465 0.182731 0.103579 0.000641 0.053449 0.000002
0.024339 0.631570 0.184491 0.104356 0.000646 0.054598 0.000001
0.025471 0.628821 0.185177 0.104704 0.000671 0.055153 0.000002
0.031444 0.624873 0.183953 0.104144 0.000663 0.054919 0.000003
0.029176 0.621115 0.186497 0.105760 0.000691 0.056758 0.000002
0.027747 0.621242 0.187134 0.105868 0.000677 0.057329 0.000003
0.032052 0.616543 0.187308 0.105808 0.000676 0.057610 0.000003
0.031578 0.614039 0.188314 0.106536 0.000673 0.058857 0.000004
0.031056 0.613710 0.188950 0.106635 0.000680 0.058966 0.000003
0.031858 0.609502 0.190153 0.107627 0.000712 0.060145 0.000004
0.034119 0.605926 0.190574 0.107900 0.000723 0.060755 0.000003
0.031848 0.605394 0.191758 0.108528 0.000727 0.061742 0.000002
0.029987 0.604126 0.193173 0.109444 0.000720 0.062547 0.000004
0.031068 0.601464 0.193799 0.109434 0.000735 0.063496 0.000003
0.033330 0.597091 0.194670 0.109999 0.000736 0.064170 0.000004
0.031371 0.595910 0.195715 0.110898 0.000749 0.065356 0.000002
0.036959 0.591695 0.194830 0.110553 0.000755 0.065203 0.000004
0.039728 0.589227 0.194496 0.110306 0.000760 0.065478 0.000004
0.036823 0.589400 0.195789 0.110793 0.000787 0.066403 0.000004
0.038953 0.585109 0.196502 0.111315 0.000784 0.067332 0.000004
0.039942 0.582587 0.197074 0.111390 0.000814 0.068188 0.000004
0.033882 0.583316 0.199600 0.112870 0.000814 0.069513 0.000006
0.033823 0.581377 0.200292 0.113217 0.000836 0.070449 0.000006
0.038777 0.576992 0.199941 0.112831 0.000818 0.070636 0.000004
0.033629 0.578182 0.201773 0.113833 0.000830 0.071748 0.000006
0.035628 0.575423 0.201836 0.114028 0.000869 0.072210 0.000007
0.033980 0.574976 0.202504 0.114504 0.000874 0.073158 0.000004
0.034008 0.571002 0.204076 0.115491 0.000882 0.074535 0.000006
0.032189 0.571025 0.204762 0.115924 0.000893 0.075200 0.000006
0.030660 0.570446 0.205710 0.116238 0.000879 0.076062 0.000005
0.030710 0.568157 0.206503 0.116845 0.000890 0.076889 0.000005
0.025690 0.567204 0.209301 0.118269 0.000914 0.078616 0.000007
0.028940 0.563817 0.208963 0.118105 0.000940 0.079228 0.000007
0.026441 0.563505 0.210283 0.118829 0.000948 0.079987 0.000007
0.025237 0.562418 0.211013 0.119377 0.000955 0.080991 0.000008
0.025197 0.560752 0.211542 0.119610 0.000991 0.081900 0.000008
0.023515 0.558895 0.213018 0.120508 0.000997 0.083060 0.000006
0.023144 0.556566 0.214233 0.121034 0.000988 0.084029 0.000007
0.022444 0.554627 0.215170 0.121504 0.001003 0.085242 0.000009
0.021844 0.554417 0.215317 0.121738 0.001003 0.085673 0.000007
0.023878 0.549941 0.216400 0.122115 0.001029 0.086629 0.000008
0.028273 0.545472 0.215935 0.122130 0.001028 0.087155 0.000007
0.031212 0.542798 0.215587 0.121964 0.001030 0.087403 0.000006
0.027504 0.542424 0.217568 0.122642 0.001033 0.088820 0.000009
0.028156 0.538367 0.218569 0.123494 0.001066 0.090341 0.000007
0.031415 0.536694 0.217875 0.122925 0.001050 0.090035 0.000006
0.029840 0.535170 0.218896 0.123560 0.001072 0.091454 0.000008
0.030602 0.532388 0.219409 0.123863 0.001080 0.092648 0.000010
0.028522 0.533484 0.219789 0.124226 0.001092 0.092878 0.000008
0.029346 0.529923 0.220911 0.124587 0.001105 0.094117 0.000010
0.030542 0.527559 0.221092 0.124730 0.001127 0.094940 0.000010
0.029989 0.526397 0.221490 0.125070 0.001121 0.095922 0.000011
0.026386 0.525271 0.223372 0.126291 0.001158 0.097510 0.000011
0.025633 0.526142 0.223446 0.126158 0.001125 0.097487 0.000009
0.025318 0.523255 0.224436 0.126682 0.001172 0.099130 0.000007
0.025023 0.520749 0.225486 0.127462 0.001177 0.100095 0.000008
0.023324 0.520707 0.226169 0.127705 0.001179 0.100904 0.000012
0.024827 0.517679 0.226257 0.128053 0.001197 0.101976 0.000011
0.023882 0.516872 0.227038 0.128018 0.001223 0.102955 0.000011
0.022457 0.514341 0.228687 0.128883 0.001224 0.104395 0.000013
0.021405 0.514620 0.228553 0.129304 0.001216 0.104890 0.000011
0.021371 0.513134 0.228894 0.129398 0.001277 0.105912 0.000013
0.019809 0.510992 0.230488 0.130235 0.001255 0.107209 0.000011
0.017373 0.510547 0.231976 0.130915 0.001251 0.107926 0.000011
0.018097 0.506689 0.232670 0.131500 0.001285 0.109746 0.000013
0.017164 0.505214 0.233458 0.132091 0.001306 0.110755 0.000012
0.017311 0.503940 0.233614 0.132206 0.001299 0.111618 0.000012
0.017474 0.501416 0.234601 0.132535 0.001341 0.112622 0.000011
0.017343 0.500843 0.234423 0.132688 0.001321 0.113371 0.000012
0.016769 0.499335 0.235294 0.133237 0.001332 0.114022 0.000010
0.015735 0.495106 0.237277 0.134310 0.001350 0.116212 0.000011
0.015825 0.495092 0.236989 0.134103 0.001343 0.116637 0.000012
0.014961 0.492722 0.238357 0.134848 0.001346 0.117752 0.000015
0.014920 0.489763 0.239246 0.135317 0.001376 0.119366 0.000012
0.014983 0.487958 0.239693 0.135421 0.001420 0.120510 0.000013
0.014514 0.486308 0.240140 0.136052 0.001439 0.121531 0.000017
0.014653 0.484067 0.240641 0.136362 0.001436 0.122825 0.000014
0.014510 0.482709 0.241278 0.136500 0.001473 0.123515 0.000014
0.014161 0.480842 0.241892 0.137082 0.001460 0.124549 0.000014
0.014024 0.479620 0.242262 0.137335 0.001471 0.125273 0.000017
0.014104 0.477652 0.242814 0.137511 0.001467 0.126437 0.000016
0.014179 0.476895 0.242563 0.137521 0.001471 0.127354 0.000018
0.013835 0.473902 0.244031 0.137967 0.001498 0.128751 0.000016
0.014105 0.473872 0.243601 0.137891 0.001475 0.129040 0.000016
0.013458 0.470702 0.245167 0.138715 0.001510 0.130428 0.000019
0.013868 0.470135 0.244821 0.138409 0.001538 0.131213 0.000016
0.013371 0.465647 0.246166 0.139580 0.001546 0.133673 0.000016
0.013266 0.465673 0.246245 0.139568 0.001579 0.133651 0.000018
0.012882 0.463414 0.247250 0.139711 0.001557 0.135168 0.000018
0.013528 0.463372 0.246739 0.139485 0.001557 0.135304 0.000015
0.013188 0.460529 0.247533 0.140431 0.001569 0.136737 0.000014
0.012824 0.457320 0.248831 0.140820 0.001601 0.138584 0.000019
0.012909 0.457339 0.248580 0.140828 0.001584 0.138742 0.000017
0.013080 0.456185 0.248393 0.141028 0.001576 0.139721 0.000017
0.012606 0.452351 0.250146 0.141829 0.001623 0.141428 0.000017
0.012561 0.451076 0.250072 0.142129 0.001611 0.142531 0.000020
0.012919 0.449432 0.250353 0.141971 0.001644 0.143662 0.000019
0.012624 0.447897 0.250801 0.142320 0.001656 0.144683 0.000020
0.012858 0.447467 0.250767 0.142241 0.001635 0.145011 0.000022
0.012565 0.444991 0.251612 0.142827 0.001674 0.146310 0.000020
0.012709 0.444774 0.250919 0.142827 0.001702 0.147050 0.000020
0.012609 0.443047 0.251911 0.142886 0.001670 0.147855 0.000022
0.012351 0.439572 0.252983 0.143582 0.001720 0.149771 0.000021
0.012488 0.438974 0.252963 0.143576 0.001726 0.150250 0.000023
0.012529 0.437980 0.253363 0.143457 0.001725 0.150923 0.000023
0.012456 0.434995 0.254000 0.143997 0.001753 0.152778 0.000020
0.012251 0.433020 0.254368 0.144502 0.001729 0.154111 0.000021
0.012281 0.432498 0.254442 0.144262 0.001761 0.154735 0.000022
0.012316 0.430464 0.254878 0.144711 0.001766 0.155845 0.000021
0.012096 0.427118 0.256007 0.145126 0.001814 0.157815 0.000024
0.012273 0.427387 0.255201 0.145115 0.001802 0.158198 0.000023
0.012059 0.425126 0.256511 0.145487 0.001816 0.158977 0.000023
0.012075 0.423385 0.256506 0.145382 0.001815 0.160815 0.000022
0.012163 0.423301 0.256465 0.145291 0.001853 0.160905 0.000022
0.011936 0.420322 0.257057 0.146009 0.001824 0.162827 0.000025
0.012063 0.417791 0.257965 0.146100 0.001863 0.164191 0.000026
0.011956 0.418427 0.257532 0.145984 0.001865 0.164208 0.000028
0.012040 0.417069 0.257750 0.146332 0.001888 0.164893 0.000027
0.011902 0.413893 0.258485 0.146760 0.001919 0.167015 0.000026
0.011982 0.414361 0.258207 0.146474 0.001889 0.167061 0.000025
0.011893 0.410930 0.259451 0.146844 0.001953 0.168905 0.000025
0.011795 0.409639 0.259605 0.146975 0.001949 0.170013 0.000024
0.012017 0.410848 0.258756 0.146731 0.001949 0.169675 0.000025
0.011848 0.406428 0.259746 0.147643 0.001962 0.172346 0.000027
0.011975 0.406653 0.259497 0.147124 0.001942 0.172781 0.000028
0.011912 0.405111 0.260073 0.147590 0.001982 0.173304 0.000028
0.011678 0.401686 0.260906 0.147874 0.001999 0.175829 0.000028
0.011748 0.401845 0.260582 0.147872 0.001989 0.175933 0.000031
0.011702 0.399739 0.261253 0.148209 0.002001 0.177066 0.000030
0.011905 0.397931 0.261365 0.148519 0.002008 0.178243 0.000029
0.011679 0.397555 0.261235 0.148510 0.002017 0.178977 0.000027
0.011748 0.395722 0.261835 0.148671 0.002039 0.179959 0.000028
0.011766 0.394350 0.262122 0.148759 0.002042 0.180923 0.000036
0.011827 0.393019 0.262117 0.148814 0.002052 0.182137 0.000033
0.011540 0.390209 0.263204 0.149120 0.002092 0.183803 0.000032
0.011553 0.390123 0.262837 0.148960 0.002103 0.184392 0.000032
0.011714 0.387530 0.263369 0.149507 0.002108 0.185741 0.000031
0.011679 0.386524 0.263363 0.149380 0.002127 0.186895 0.000032
0.011665 0.385987 0.263467 0.149551 0.002140 0.187158 0.000033
0.011562 0.383849 0.263949 0.149442 0.002133 0.189028 0.000037
0.011682 0.382903 0.263695 0.149511 0.002162 0.190013 0.000034
0.011593 0.379708 0.264420 0.149976 0.002192 0.192073 0.000037
0.011540 0.379657 0.264365 0.149925 0.002208 0.192273 0.000032
0.011629 0.377546 0.264611 0.150102 0.002229 0.193846 0.000038
0.011456 0.376919 0.264723 0.150057 0.002184 0.194621 0.000041
0.011543 0.376096 0.264672 0.149972 0.002204 0.195473 0.000039
0.011594 0.375378 0.264689 0.150034 0.002218 0.196046 0.000039
0.011538 0.372280 0.265412 0.150337 0.002235 0.198159 0.000038
0.011564 0.371403 0.265158 0.150428 0.002237 0.199177 0.000034
0.011527 0.369626 0.265307 0.150658 0.002261 0.200583 0.000039
0.011539 0.368037 0.265427 0.150857 0.002290 0.201814 0.000037
0.011504 0.366807 0.265666 0.151100 0.002293 0.202587 0.000043
0.011533 0.367188 0.265523 0.150806 0.002305 0.202608 0.000036
0.011775 0.364369 0.266020 0.150937 0.002320 0.204539 0.000040
0.011550 0.363772 0.266088 0.150883 0.002358 0.205311 0.000039
0.011475 0.362522 0.265985 0.151279 0.002337 0.206362 0.000039
0.011428 0.360790 0.266652 0.151308 0.002326 0.207456 0.000041
0.011467 0.359386 0.266651 0.151230 0.002369 0.208856 0.000041
0.011555 0.358007 0.266492 0.151412 0.002339 0.210158 0.000039
0.011469 0.355827 0.267174 0.151526 0.002370 0.211593 0.000041
0.011540 0.356430 0.266554 0.151447 0.002362 0.211625 0.000042
0.011526 0.354143 0.267454 0.151558 0.002390 0.212888 0.000043
0.011551 0.354100 0.267139 0.151361 0.002379 0.213432 0.000038
0.011538 0.352368 0.267068 0.151604 0.002390 0.214989 0.000043
0.011619 0.350798 0.267236 0.151806 0.002384 0.216115 0.000043
0.011645 0.349922 0.266893 0.151826 0.002415 0.217257 0.000042
0.011405 0.347570 0.267762 0.151881 0.002422 0.218911 0.000049
0.011530 0.346921 0.267779 0.151918 0.002460 0.219345 0.000046
0.011497 0.345438 0.268174 0.151858 0.002463 0.220523 0.000047
0.011526 0.344016 0.267821 0.152162 0.002499 0.221933 0.000044
0.011628 0.342848 0.267732 0.152284 0.002466 0.222998 0.000044
0.011492 0.342093 0.268192 0.152037 0.002483 0.223656 0.000047
0.011444 0.341270 0.267882 0.152316 0.002512 0.224528 0.000047
0.011595 0.338435 0.268301 0.152356 0.002497 0.226771 0.000045
0.011484 0.338034 0.268395 0.152422 0.002545 0.227078 0.000043
0.011597 0.336853 0.268273 0.152460 0.002515 0.228257 0.000045
0.011832 0.335613 0.268542 0.152167 0.002525 0.229279 0.000041
0.011684 0.333972 0.268569 0.152383 0.002558 0.230790 0.000045
0.011650 0.333775 0.268352 0.152512 0.002592 0.231074 0.000046
0.011454 0.332311 0.268377 0.152617 0.002599 0.232595 0.000047
0.011500 0.330603 0.268778 0.152520 0.002609 0.233942 0.000049
0.011619 0.330169 0.268527 0.152648 0.002620 0.234368 0.000049
0.011757 0.328251 0.268431 0.152360 0.002630 0.236529 0.000042
0.011591 0.326803 0.268918 0.152455 0.002633 0.237554 0.000045
0.011435 0.326323 0.269015 0.152689 0.002639 0.237852 0.000047
0.011594 0.324582 0.268540 0.152775 0.002661 0.239803 0.000045
0.011668 0.322231 0.269276 0.152746 0.002638 0.241399 0.000042
0.011593 0.323267 0.268565 0.152602 0.002666 0.241258 0.000050
0.011656 0.321410 0.268911 0.152696 0.002679 0.242593 0.000056
0.011570 0.320515 0.268884 0.152916 0.002686 0.243376 0.000054
0.011468 0.318702 0.269442 0.152777 0.002694 0.244864 0.000052
0.011489 0.318326 0.268905 0.152630 0.002709 0.245895 0.000046
0.011580 0.316699 0.269164 0.152548 0.002675 0.247278 0.000057
0.011677 0.315293 0.268995 0.152637 0.002744 0.248603 0.000051
0.011837 0.314925 0.268751 0.152848 0.002755 0.248832 0.000053
0.011734 0.314221 0.268665 0.152665 0.002705 0.249959 0.000051
0.011669 0.312500 0.268863 0.152681 0.002758 0.251471 0.000058
0.011678 0.310917 0.269045 0.152587 0.002774 0.252948 0.000051
0.011642 0.310362 0.268987 0.152741 0.002756 0.253451 0.000060
0.011743 0.309835 0.268670 0.152782 0.002811 0.254105 0.000055
0.011824 0.308329 0.268795 0.152484 0.002777 0.255741 0.000051
0.011658 0.306844 0.269172 0.152426 0.002797 0.257049 0.000054
0.011656 0.306650 0.269251 0.152430 0.002826 0.257135 0.000052
0.011769 0.305008 0.269105 0.152544 0.002821 0.258694 0.000059
0.011649 0.303709 0.269265 0.152415 0.002868 0.260044 0.000050
0.011813 0.303208 0.269153 0.152375 0.002869 0.260527 0.000056
0.011681 0.301869 0.269348 0.152445 0.002883 0.261715 0.000060
0.011744 0.299721 0.269401 0.152783 0.002876 0.263421 0.000054
0.011978 0.299844 0.268826 0.152533 0.002913 0.263850 0.000057
0.012015 0.298682 0.268906 0.152683 0.002959 0.264700 0.000056
0.011910 0.297541 0.269088 0.152634 0.002937 0.265832 0.000057
0.011863 0.296293 0.269038 0.152364 0.002953 0.267430 0.000059
0.011994 0.295288 0.268953 0.152502 0.002954 0.268246 0.000062
0.011977 0.295569 0.268774 0.152390 0.002944 0.268278 0.000067
0.011871 0.292853 0.268886 0.152877 0.002988 0.270471 0.000056
0.012100 0.291889 0.268669 0.152466 0.003015 0.271796 0.000065
0.012077 0.290149 0.268790 0.152334 0.002979 0.273611 0.000059
0.012144 0.290591 0.268615 0.152567 0.002957 0.273068 0.000059
0.011834 0.289566 0.268745 0.152614 0.002978 0.274204 0.000060
0.011909 0.287695 0.268837 0.152116 0.003020 0.276365 0.000059
0.011881 0.287523 0.268556 0.152059 0.003042 0.276879 0.000060
0.011945 0.286280 0.268747 0.152153 0.003024 0.277779 0.000072
0.012152 0.285473 0.268498 0.151965 0.003092 0.278754 0.000064
0.012095 0.283930 0.268459 0.152231 0.003046 0.280177 0.000061
0.012103 0.282809 0.268454 0.151930 0.003133 0.281509 0.000061
0.012027 0.282630 0.268387 0.151739 0.003085 0.282068 0.000064
0.012087 0.280351 0.268283 0.152193 0.003100 0.283920 0.000065
0.012206 0.279871 0.268144 0.151928 0.003086 0.284705 0.000059
0.012323 0.278914 0.268189 0.152042 0.003095 0.285369 0.000067
0.012292 0.278532 0.267984 0.152068 0.003096 0.285967 0.000060
0.012228 0.277696 0.267953 0.151856 0.003130 0.287077 0.000061
0.012432 0.277472 0.267716 0.151748 0.003148 0.287418 0.000066
0.012329 0.274908 0.267684 0.151664 0.003113 0.290242 0.000060
0.012273 0.275496 0.267507 0.151724 0.003172 0.289766 0.000062
0.012179 0.274445 0.267874 0.151597 0.003123 0.290721 0.000062
0.012549 0.272228 0.267871 0.151535 0.003125 0.292623 0.000070
0.012478 0.271660 0.267396 0.151463 0.003164 0.293774 0.000064
0.012429 0.270964 0.267359 0.151331 0.003177 0.294669 0.000072
0.012448 0.269709 0.267524 0.151535 0.003207 0.295507 0.000069
0.012484 0.269130 0.267655 0.151340 0.003199 0.296112 0.000079
0.012436 0.267783 0.267209 0.151392 0.003221 0.297888 0.000071
0.012507 0.267410 0.267275 0.151174 0.003197 0.298363 0.000074
0.012514 0.266552 0.266824 0.151266 0.003283 0.299488 0.000074
0.012558 0.264590 0.267059 0.151162 0.003253 0.301311 0.000067
0.012700 0.264762 0.266903 0.151378 0.003284 0.300906 0.000069
0.012532 0.264829 0.266588 0.151416 0.003303 0.301256 0.000076
0.012621 0.262859 0.267154 0.151393 0.003311 0.302584 0.000077
0.012581 0.261821 0.266480 0.150789 0.003297 0.304950 0.000081
0.012689 0.260703 0.266635 0.151116 0.003256 0.305526 0.000076
0.012548 0.259745 0.266159 0.151195 0.003321 0.306955 0.000078
0.012553 0.259094 0.266200 0.150866 0.003321 0.307888 0.000078
0.012470 0.258295 0.266238 0.150766 0.003321 0.308832 0.000077
0.012744 0.257232 0.265819 0.150815 0.003272 0.310033 0.000085
0.012635 0.255405 0.266020 0.150648 0.003334 0.311878 0.000080
0.012580 0.255412 0.266480 0.150501 0.003335 0.311622 0.000070
0.012816 0.253823 0.266031 0.150101 0.003348 0.313797 0.000083
0.012621 0.253553 0.265894 0.150490 0.003320 0.314046 0.000076
0.012817 0.252939 0.265465 0.150363 0.003377 0.314957 0.000082
0.012763 0.252090 0.265469 0.150333 0.003382 0.315885 0.000077
0.012855 0.251381 0.265364 0.150333 0.003389 0.316596 0.000082
0.012890 0.250069 0.265113 0.150144 0.003413 0.318293 0.000079
0.012799 0.249558 0.264793 0.149779 0.003396 0.319593 0.000081
0.012920 0.249093 0.265060 0.150146 0.003448 0.319253 0.000081
0.012858 0.248067 0.264995 0.149966 0.003406 0.320624 0.000085
0.012868 0.246599 0.264880 0.149509 0.003464 0.322600 0.000080
0.012868 0.246373 0.264695 0.149449 0.003455 0.323080 0.000080
0.012979 0.245678 0.264452 0.149354 0.003467 0.323981 0.000088
0.012911 0.243858 0.264190 0.149509 0.003489 0.325951 0.000092
0.012999 0.244066 0.264502 0.149572 0.003446 0.325330 0.000085
0.013060 0.243298 0.263970 0.149537 0.003475 0.326574 0.000085
0.013056 0.242349 0.264013 0.149402 0.003457 0.327639 0.000084
0.012948 0.240644 0.263919 0.149405 0.003469 0.329531 0.000084
0.013059 0.240285 0.263778 0.149624 0.003545 0.329626 0.000084
0.013229 0.239934 0.263151 0.149102 0.003491 0.331003 0.000090
0.013141 0.238439 0.263293 0.149176 0.003558 0.332306 0.000087
0.013185 0.237425 0.262761 0.148745 0.003528 0.334259 0.000098
0.013266 0.237300 0.262777 0.148860 0.003574 0.334128 0.000096
0.013280 0.235980 0.262853 0.148545 0.003504 0.335745 0.000094
0.013152 0.235104 0.262428 0.148652 0.003564 0.337011 0.000088
0.013351 0.235208 0.262536 0.148605 0.003560 0.336648 0.000092
0.013566 0.233614 0.261883 0.148445 0.003602 0.338790 0.000100
0.013459 0.233381 0.262031 0.148387 0.003594 0.339060 0.000088
0.013179 0.232974 0.261858 0.148125 0.003580 0.340191 0.000092
0.013285 0.231731 0.261689 0.148149 0.003530 0.341528 0.000088
0.013419 0.230932 0.261399 0.148086 0.003615 0.342454 0.000095
0.013290 0.230259 0.261188 0.148186 0.003615 0.343368 0.000093
0.013415 0.230145 0.260768 0.147999 0.003610 0.343973 0.000090
0.013479 0.229140 0.260831 0.147751 0.003651 0.345053 0.000095
0.013674 0.227709 0.260467 0.147601 0.003711 0.346739 0.000099
0.013426 0.227166 0.260242 0.147933 0.003663 0.347480 0.000091
0.013451 0.225645 0.260467 0.147818 0.003668 0.348855 0.000096
0.013557 0.226156 0.260355 0.147180 0.003689 0.348973 0.000090
0.013577 0.224348 0.260482 0.147238 0.003685 0.350576 0.000095
0.013609 0.223886 0.260098 0.147186 0.003650 0.351474 0.000096
0.013760 0.223818 0.259906 0.147087 0.003671 0.351663 0.000095
0.013828 0.222961 0.259491 0.146777 0.003666 0.353173 0.000104
0.013589 0.222803 0.259128 0.146636 0.003671 0.354075 0.000098
0.013829 0.220805 0.259182 0.146809 0.003718 0.355555 0.000102
0.013794 0.221107 0.259220 0.146830 0.003663 0.355288 0.000098
0.013662 0.219567 0.258461 0.146485 0.003708 0.358014 0.000104
0.013847 0.219244 0.258424 0.146279 0.003728 0.358379 0.000099
0.013685 0.218597 0.258614 0.146193 0.003741 0.359071 0.000098
0.013852 0.217752 0.257977 0.146281 0.003737 0.360298 0.000102
0.013871 0.217672 0.257846 0.146127 0.003789 0.360591 0.000104
0.013960 0.216444 0.257477 0.145854 0.003725 0.362439 0.000101
0.014108 0.216052 0.257957 0.145988 0.003759 0.362033 0.000103
0.014149 0.214714 0.257063 0.145760 0.003747 0.364465 0.000102
0.014067 0.214152 0.257010 0.145609 0.003757 0.365292 0.000113
0.014268 0.214009 0.257114 0.145500 0.003771 0.365238 0.000100
0.014161 0.212522 0.256751 0.145304 0.003791 0.367365 0.000107
0.014269 0.212534 0.256707 0.145284 0.003771 0.367328 0.000107
0.014230 0.211928 0.256326 0.145148 0.003890 0.368370 0.000108
0.014109 0.210805 0.256357 0.145006 0.003819 0.369791 0.000114
0.014286 0.209837 0.256080 0.145060 0.003857 0.370768 0.000112
0.014342 0.209623 0.255584 0.145060 0.003830 0.371457 0.000104
0.014242 0.208761 0.255793 0.144669 0.003818 0.372610 0.000107
0.014333 0.208064 0.255338 0.144387 0.003848 0.373917 0.000112
0.014473 0.207444 0.254983 0.144564 0.003781 0.374646 0.000109
0.014399 0.205991 0.254850 0.143981 0.003863 0.376802 0.000114
0.014212 0.206907 0.255190 0.144307 0.003808 0.375462 0.000113
0.014368 0.205530 0.254510 0.144247 0.003871 0.377363 0.000111
0.014329 0.204552 0.254260 0.143983 0.003906 0.378855 0.000115
0.014269 0.204646 0.254365 0.143903 0.003845 0.378857 0.000116
0.014524 0.203793 0.254158 0.143828 0.003913 0.379671 0.000113
0.014671 0.202699 0.253418 0.143722 0.003901 0.381475 0.000115
0.014495 0.202659 0.253645 0.143354 0.003901 0.381824 0.000123
0.014660 0.201251 0.253196 0.143317 0.003949 0.383504 0.000124
0.014628 0.201088 0.253346 0.143024 0.003904 0.383895 0.000114
0.014654 0.201316 0.252922 0.143251 0.003972 0.383765 0.000120
0.014543 0.199882 0.252516 0.143141 0.003922 0.385871 0.000124
0.014828 0.199295 0.252009 0.142748 0.003969 0.387019 0.000131
0.014739 0.197826 0.252389 0.142883 0.003928 0.388100 0.000135
0.014878 0.197139 0.251489 0.142673 0.004044 0.389648 0.000130
0.015010 0.197527 0.251725 0.142575 0.003980 0.389054 0.000129
0.014997 0.196285 0.251602 0.142566 0.003993 0.390418 0.000139
0.014898 0.196082 0.251424 0.142376 0.003947 0.391149 0.000125
0.015027 0.196091 0.250909 0.142388 0.004002 0.391458 0.000126
0.014959 0.194699 0.250509 0.142127 0.004042 0.393539 0.000126
0.015120 0.193870 0.250456 0.141804 0.004054 0.394562 0.000135
0.015155 0.193197 0.250277 0.141498 0.004064 0.395677 0.000132
0.015127 0.192859 0.249942 0.142046 0.004051 0.395848 0.000125
0.015103 0.192662 0.250062 0.141377 0.003993 0.396670 0.000133
0.015152 0.192089 0.249918 0.141242 0.004018 0.397446 0.000134
0.015183 0.191547 0.249419 0.141112 0.004017 0.398588 0.000134
0.015254 0.190576 0.249375 0.141238 0.004037 0.399390 0.000130
0.015351 0.190339 0.249300 0.141103 0.004060 0.399706 0.000141
0.015451 0.190283 0.248771 0.141160 0.004088 0.400113 0.000134
0.015479 0.188910 0.248608 0.140392 0.004067 0.402393 0.000151
0.015584 0.188608 0.248291 0.140630 0.004037 0.402702 0.000148
0.015434 0.188233 0.248177 0.140352 0.004097 0.403577 0.000130
0.015423 0.187516 0.247856 0.140200 0.004055 0.404814 0.000136
0.015627 0.187168 0.247383 0.140187 0.004116 0.405383 0.000135
0.015617 0.186677 0.247522 0.139708 0.004111 0.406227 0.000138
0.015619 0.185379 0.247064 0.139791 0.004113 0.407894 0.000139
0.015571 0.185594 0.246877 0.139871 0.004131 0.407817 0.000138
0.015430 0.184376 0.246717 0.139352 0.004139 0.409851 0.000136
0.015586 0.184841 0.246682 0.139385 0.004145 0.409222 0.000139
0.015637 0.184126 0.246048 0.139331 0.004181 0.410525 0.000152
0.015763 0.183873 0.246077 0.139078 0.004185 0.410880 0.000145
0.015842 0.182339 0.245402 0.139041 0.004160 0.413065 0.000152
0.015808 0.181873 0.245646 0.138746 0.004155 0.413618 0.000153
0.015820 0.181815 0.245182 0.138833 0.004153 0.414054 0.000142
0.016008 0.180895 0.245044 0.138361 0.004122 0.415428 0.000141
0.015818 0.181066 0.244926 0.138366 0.004214 0.415470 0.000140
0.015977 0.180231 0.244796 0.138449 0.004202 0.416194 0.000152
0.016128 0.178840 0.243808 0.138017 0.004264 0.418792 0.000151
0.016134 0.178366 0.244129 0.137727 0.004244 0.419247 0.000153
0.016084 0.178075 0.243570 0.137856 0.004237 0.420031 0.000147
0.016016 0.178425 0.243987 0.137502 0.004189 0.419731 0.000150
0.016211 0.177487 0.243178 0.137704 0.004211 0.421061 0.000147
0.016262 0.176578 0.242903 0.137366 0.004246 0.422500 0.000146
0.016076 0.176979 0.242925 0.137252 0.004216 0.422399 0.000153
0.016007 0.175998 0.242645 0.137121 0.004274 0.423804 0.000151
0.016244 0.174983 0.242198 0.136935 0.004249 0.425239 0.000152
0.016265 0.174695 0.242012 0.136696 0.004262 0.425913 0.000157
0.016421 0.173802 0.241819 0.136868 0.004243 0.426694 0.000152
0.016349 0.174049 0.241329 0.136490 0.004280 0.427348 0.000155
0.016291 0.173209 0.241361 0.136522 0.004272 0.428184 0.000161
0.016503 0.172458 0.241015 0.136233 0.004326 0.429311 0.000155
0.016342 0.171683 0.240401 0.136328 0.004332 0.430753 0.000161
0.016540 0.172107 0.240431 0.135956 0.004339 0.430466 0.000161
0.016589 0.171058 0.239698 0.136051 0.004277 0.432165 0.000162
0.016639 0.170830 0.239814 0.135661 0.004263 0.432642 0.000151
0.016480 0.170740 0.239607 0.135573 0.004291 0.433158 0.000152
0.016839 0.169898 0.239551 0.135642 0.004331 0.433584 0.000155
0.016583 0.169246 0.239346 0.135211 0.004332 0.435120 0.000162
0.016798 0.168574 0.238882 0.135145 0.004345 0.436098 0.000157
0.016867 0.168304 0.238601 0.135226 0.004406 0.436426 0.000169
0.016766 0.168004 0.238126 0.134852 0.004337 0.437759 0.000157
0.016902 0.167793 0.238500 0.134877 0.004319 0.437462 0.000146
0.016781 0.167535 0.237870 0.135050 0.004379 0.438226 0.000160
0.016747 0.166657 0.237317 0.134420 0.004403 0.440292 0.000164
0.016820 0.166243 0.237260 0.134282 0.004386 0.440843 0.000166
0.016804 0.165426 0.237146 0.134150 0.004386 0.441922 0.000166
0.016855 0.165294 0.236355 0.134025 0.004408 0.442898 0.000164
0.017069 0.164841 0.236461 0.133727 0.004431 0.443304 0.000167
0.017123 0.164461 0.236063 0.133684 0.004326 0.444185 0.000159
0.017192 0.163657 0.235604 0.133502 0.004412 0.445466 0.000168
0.017261 0.162786 0.235311 0.133192 0.004396 0.446878 0.000176
0.017253 0.163011 0.235239 0.133247 0.004498 0.446584 0.000167
0.017168 0.163095 0.235311 0.133240 0.004411 0.446597 0.000179
0.017247 0.162453 0.234761 0.132992 0.004402 0.447985 0.000161
0.017304 0.161687 0.234182 0.132785 0.004451 0.449430 0.000161
0.017296 0.160964 0.234282 0.132540 0.004459 0.450294 0.000165
0.017634 0.161007 0.234175 0.132318 0.004416 0.450276 0.000174
0.017399 0.160694 0.233968 0.132200 0.004493 0.451069 0.000176
0.017541 0.160121 0.233558 0.132400 0.004468 0.451737 0.000175
0.017489 0.159472 0.232779 0.131981 0.004455 0.453627 0.000196
0.017414 0.159026 0.232944 0.131824 0.004485 0.454132 0.000176
0.017571 0.158200 0.232694 0.131656 0.004486 0.455215 0.000178
0.017792 0.158439 0.232799 0.131606 0.004498 0.454687 0.000178
0.017663 0.158099 0.232444 0.131294 0.004439 0.455889 0.000172
0.017932 0.157375 0.231808 0.131161 0.004498 0.457043 0.000182
0.017774 0.157063 0.231730 0.130929 0.004459 0.457856 0.000188
0.017862 0.156670 0.231530 0.131288 0.004546 0.457919 0.000185
0.017880 0.155857 0.230976 0.130812 0.004524 0.459771 0.000180
0.018033 0.155700 0.230842 0.130928 0.004500 0.459811 0.000186
0.018002 0.155596 0.230401 0.130818 0.004490 0.460490 0.000203
0.017826 0.155602 0.230804 0.130430 0.004482 0.460666 0.000189
0.018005 0.154424 0.230236 0.130313 0.004555 0.462284 0.000183
0.018102 0.153980 0.229727 0.129924 0.004503 0.463576 0.000187
0.018273 0.153408 0.229325 0.130113 0.004563 0.464132 0.000186
0.018491 0.152774 0.229123 0.129693 0.004565 0.465165 0.000188
0.018173 0.152764 0.228923 0.129650 0.004608 0.465685 0.000197
0.018109 0.152644 0.228829 0.129566 0.004580 0.466077 0.000195
0.018367 0.151883 0.228818 0.129365 0.004617 0.466762 0.000187
0.018455 0.151141 0.228073 0.128996 0.004621 0.468520 0.000194
0.018406 0.151415 0.228111 0.128831 0.004630 0.468416 0.000190
0.018614 0.150613 0.228082 0.128734 0.004611 0.469157 0.000189
0.018394 0.150697 0.227464 0.129028 0.004525 0.469702 0.000191
0.018644 0.149953 0.227242 0.128322 0.004587 0.471057 0.000194
0.018590 0.149570 0.226981 0.128212 0.004595 0.471860 0.000191
0.018581 0.149028 0.226524 0.128358 0.004541 0.472772 0.000196
0.018587 0.148961 0.226422 0.127898 0.004612 0.473326 0.000192
0.018885 0.148644 0.225890 0.127927 0.004630 0.473822 0.000202
0.018840 0.148240 0.225880 0.127783 0.004614 0.474438 0.000205
0.018816 0.148294 0.225287 0.127458 0.004579 0.475361 0.000205
0.018867 0.147920 0.225102 0.127332 0.004668 0.475916 0.000195
0.018830 0.147498 0.224998 0.127292 0.004627 0.476552 0.000203
0.019216 0.147062 0.224338 0.126953 0.004627 0.477599 0.000205
0.018850 0.146476 0.224759 0.126711 0.004634 0.478373 0.000197
0.018891 0.145946 0.223966 0.126734 0.004675 0.479586 0.000202
0.018820 0.145727 0.223767 0.126880 0.004650 0.479949 0.000206
0.019269 0.145112 0.223158 0.126360 0.004608 0.481299 0.000193
0.019307 0.144932 0.223515 0.126246 0.004672 0.481121 0.000209
0.019358 0.145030 0.222976 0.126432 0.004639 0.481347 0.000216
0.019432 0.143978 0.222478 0.126006 0.004698 0.483206 0.000203
0.019393 0.143862 0.222467 0.125982 0.004680 0.483411 0.000205
0.019115 0.143505 0.222022 0.125489 0.004662 0.484994 0.000214
0.019374 0.143575 0.221955 0.125308 0.004685 0.484894 0.000209
0.019306 0.142878 0.221661 0.125152 0.004669 0.486119 0.000214
0.019317 0.142559 0.221493 0.125183 0.004709 0.486528 0.000211
0.019227 0.142072 0.221131 0.124807 0.004625 0.487934 0.000203
0.019345 0.141955 0.220572 0.124830 0.004734 0.488356 0.000207
0.019589 0.141249 0.220326 0.124705 0.004677 0.489247 0.000208
0.019428 0.140876 0.220033 0.124467 0.004750 0.490237 0.000208
0.019727 0.140284 0.219407 0.124129 0.004678 0.491559 0.000215
0.019408 0.139893 0.219463 0.124294 0.004720 0.491997 0.000224
