0.999112 0.000862 0.000017 0.000010 0.000000 0.000000 0.000000
0.998665 0.001296 0.000024 0.000005 0.000000 0.000010 0.000000
0.998212 0.001742 0.000028 0.000008 0.000000 0.000010 0.000000
0.997728 0.002213 0.000039 0.000010 0.000000 0.000009 0.000000
0.997242 0.002687 0.000049 0.000012 0.000000 0.000009 0.000000
0.996760 0.003161 0.000050 0.000018 0.000000 0.000010 0.000000
0.996184 0.003725 0.000060 0.000021 0.000000 0.000010 0.000000
0.995457 0.004440 0.000066 0.000027 0.000000 0.000009 0.000000
0.994655 0.005236 0.000072 0.000028 0.000000 0.000009 0.000000
0.993616 0.006252 0.000089 0.000034 0.000000 0.000009 0.000000
0.992843 0.006996 0.000109 0.000042 0.000000 0.000009 0.000000
0.991370 0.008447 0.000109 0.000067 0.000000 0.000007 0.000000
0.989591 0.010191 0.000137 0.000074 0.000000 0.000007 0.000000
0.986829 0.012934 0.000141 0.000090 0.000000 0.000006 0.000000
0.983425 0.016254 0.000178 0.000138 0.000000 0.000005 0.000000
0.980975 0.018631 0.000222 0.000164 0.000000 0.000009 0.000000
0.977658 0.021897 0.000251 0.000182 0.000000 0.000013 0.000000
0.972931 0.026511 0.000321 0.000224 0.000000 0.000014 0.000000
0.967551 0.031789 0.000388 0.000259 0.000000 0.000012 0.000000
0.961886 0.037327 0.000477 0.000297 0.000000 0.000013 0.000000
0.955967 0.043095 0.000572 0.000353 0.000000 0.000013 0.000000
0.947389 0.051439 0.000711 0.000446 0.000000 0.000014 0.000000
0.939843 0.058814 0.000816 0.000512 0.000000 0.000015 0.000000
0.929345 0.069101 0.000956 0.000581 0.000000 0.000017 0.000000
0.920997 0.077279 0.001057 0.000650 0.000000 0.000017 0.000000
0.911171 0.086863 0.001185 0.000757 0.000000 0.000024 0.000000
0.898247 0.099482 0.001355 0.000879 0.000000 0.000037 0.000000
0.886292 0.111148 0.001537 0.000979 0.000000 0.000044 0.000000
0.874107 0.122993 0.001775 0.001084 0.000000 0.000041 0.000000
0.860503 0.136149 0.002066 0.001230 0.000000 0.000051 0.000000
0.847531 0.148712 0.002322 0.001379 0.000000 0.000057 0.000000
0.831396 0.164388 0.002588 0.001564 0.000000 0.000064 0.000000
0.817373 0.177963 0.002889 0.001705 0.000000 0.000071 0.000000
0.801189 0.193544 0.003244 0.001944 0.000000 0.000080 0.000000
0.785587 0.208524 0.003622 0.002170 0.000000 0.000097 0.000000
0.768728 0.224691 0.004061 0.002415 0.000000 0.000106 0.000000
0.754468 0.238330 0.004464 0.002629 0.000000 0.000109 0.000000
0.738048 0.254016 0.004960 0.002856 0.000000 0.000121 0.000000
0.722014 0.269321 0.005407 0.003117 0.000000 0.000142 0.000000
0.706502 0.284054 0.005908 0.003373 0.000001 0.000161 0.000000
0.691547 0.298260 0.006407 0.003611 0.000001 0.000175 0.000000
0.672973 0.315891 0.007006 0.003928 0.000001 0.000200 0.000000
0.658732 0.329356 0.007508 0.004177 0.000002 0.000226 0.000000
0.642662 0.344465 0.008076 0.004546 0.000003 0.000249 0.000000
0.627007 0.359158 0.008684 0.004876 0.000002 0.000273 0.000000
0.611089 0.374151 0.009222 0.005234 0.000003 0.000301 0.000000
0.594656 0.389474 0.009885 0.005652 0.000003 0.000330 0.000000
0.579214 0.403767 0.010587 0.006060 0.000003 0.000369 0.000000
0.562938 0.418911 0.011308 0.006449 0.000003 0.000390 0.000000
0.548224 0.432320 0.012160 0.006863 0.000005 0.000427 0.000000
0.534891 0.444570 0.012842 0.007220 0.000007 0.000470 0.000000
0.518956 0.459171 0.013691 0.007674 0.000008 0.000500 0.000000
0.505985 0.470790 0.014527 0.008144 0.000008 0.000545 0.000000
0.492906 0.482548 0.015347 0.008588 0.000008 0.000603 0.000000
0.478420 0.495425 0.016300 0.009185 0.000010 0.000660 0.000000
0.465143 0.507196 0.017250 0.009699 0.000009 0.000703 0.000000
0.457102 0.514166 0.017907 0.010064 0.000009 0.000751 0.000000
0.443380 0.526100 0.018983 0.010701 0.000010 0.000827 0.000000
0.430968 0.537009 0.019898 0.011218 0.000011 0.000897 0.000000
0.419839 0.546473 0.020940 0.011774 0.000011 0.000963 0.000000
0.411921 0.553004 0.021828 0.012202 0.000012 0.001032 0.000000
0.399019 0.563912 0.023002 0.012922 0.000013 0.001131 0.000000
0.391814 0.569926 0.023701 0.013342 0.000014 0.001204 0.000000
0.384360 0.575730 0.024736 0.013876 0.000016 0.001283 0.000000
0.376441 0.582046 0.025698 0.014437 0.000017 0.001360 0.000000
0.370565 0.586443 0.026601 0.014917 0.000020 0.001455 0.000000
0.359396 0.595557 0.027812 0.015655 0.000023 0.001557 0.000000
0.357769 0.596223 0.028332 0.015991 0.000028 0.001657 0.000000
0.346904 0.604941 0.029677 0.016658 0.000028 0.001792 0.000000
0.340938 0.609053 0.030806 0.017273 0.000031 0.001898 0.000000
0.330778 0.617087 0.032069 0.018021 0.000031 0.002014 0.000000
0.330063 0.616589 0.032806 0.018407 0.000032 0.002103 0.000000
0.325532 0.619690 0.033642 0.018903 0.000033 0.002199 0.000000
0.320419 0.623183 0.034635 0.019429 0.000034 0.002300 0.000000
0.312175 0.629089 0.036041 0.020183 0.000037 0.002474 0.000000
0.307780 0.631705 0.037125 0.020745 0.000040 0.002605 0.000000
0.302635 0.635255 0.038095 0.021279 0.000041 0.002694 0.000000
0.297779 0.638135 0.039234 0.021954 0.000041 0.002857 0.000000
0.295442 0.638753 0.040248 0.022513 0.000044 0.003000 0.000000
0.286374 0.645379 0.041687 0.023343 0.000049 0.003168 0.000000
0.282768 0.647482 0.042544 0.023850 0.000047 0.003309 0.000000
0.277599 0.650623 0.043651 0.024582 0.000048 0.003496 0.000001
0.272027 0.654355 0.044736 0.025167 0.000047 0.003667 0.000000
0.266311 0.658257 0.045770 0.025791 0.000052 0.003817 0.000001
0.262899 0.660114 0.046669 0.026261 0.000057 0.004000 0.000000
0.253746 0.666572 0.048269 0.027106 0.000063 0.004242 0.000001
0.247857 0.670015 0.049738 0.027893 0.000065 0.004431 0.000001
0.239998 0.675030 0.051321 0.028901 0.000071 0.004679 0.000001
0.235327 0.677748 0.052427 0.029553 0.000075 0.004868 0.000001
0.227720 0.681975 0.054436 0.030683 0.000078 0.005106 0.000001
0.223872 0.684288 0.055288 0.031190 0.000076 0.005286 0.000001
0.218250 0.687125 0.056869 0.032118 0.000079 0.005558 0.000001
0.211407 0.691279 0.058400 0.033003 0.000088 0.005822 0.000001
0.208190 0.692276 0.059671 0.033692 0.000083 0.006088 0.000001
0.198598 0.698363 0.061742 0.034781 0.000088 0.006427 0.000001
0.195763 0.699341 0.062760 0.035417 0.000091 0.006627 0.000001
0.186834 0.704213 0.065078 0.036745 0.000092 0.007037 0.000001
0.185047 0.704951 0.065723 0.036978 0.000093 0.007207 0.000000
0.179757 0.706760 0.067619 0.038171 0.000100 0.007593 0.000001
0.181538 0.703070 0.068672 0.038767 0.000100 0.007853 0.000001
0.174699 0.706328 0.070805 0.039815 0.000114 0.008238 0.000001
0.170560 0.709064 0.071592 0.040275 0.000108 0.008401 0.000001
0.168006 0.707477 0.073935 0.041554 0.000115 0.008912 0.000000
0.165782 0.708067 0.074732 0.042182 0.000116 0.009120 0.000001
0.159595 0.710411 0.076955 0.043336 0.000118 0.009585 0.000001
0.161144 0.706928 0.077977 0.043899 0.000122 0.009928 0.000001
0.163710 0.702633 0.078819 0.044489 0.000124 0.010223 0.000001
0.157665 0.706108 0.080250 0.045294 0.000134 0.010548 0.000000
0.152208 0.707809 0.082377 0.046479 0.000141 0.010986 0.000001
0.151876 0.705415 0.083817 0.047331 0.000147 0.011414 0.000000
0.153971 0.702446 0.084227 0.047583 0.000149 0.011623 0.000001
0.144563 0.707198 0.086814 0.049085 0.000162 0.012177 0.000001
0.137924 0.710690 0.088653 0.050003 0.000170 0.012560 0.000001
0.137832 0.708683 0.089678 0.050697 0.000163 0.012945 0.000001
0.131957 0.709861 0.092223 0.052208 0.000180 0.013570 0.000001
0.130391 0.709690 0.093085 0.052764 0.000182 0.013887 0.000001
0.124767 0.711066 0.095505 0.054044 0.000189 0.014428 0.000001
0.122084 0.712176 0.096342 0.054459 0.000190 0.014749 0.000001
0.119277 0.711534 0.098228 0.055495 0.000202 0.015263 0.000001
0.115361 0.712617 0.099597 0.056461 0.000205 0.015759 0.000001
0.110520 0.713487 0.101737 0.057660 0.000223 0.016373 0.000001
0.109892 0.712281 0.102527 0.058375 0.000227 0.016698 0.000000
0.099985 0.715645 0.106202 0.060266 0.000226 0.017676 0.000001
0.098386 0.715609 0.107172 0.060749 0.000235 0.017849 0.000001
0.095320 0.714603 0.109369 0.061915 0.000244 0.018548 0.000001
0.092844 0.715533 0.110148 0.062326 0.000244 0.018904 0.000001
0.086510 0.717906 0.112194 0.063653 0.000260 0.019477 0.000001
0.084396 0.717623 0.113318 0.064444 0.000260 0.019959 0.000001
0.082359 0.716848 0.114910 0.065145 0.000271 0.020466 0.000001
0.078313 0.716768 0.117119 0.066409 0.000271 0.021120 0.000001
0.073006 0.717000 0.119654 0.068096 0.000286 0.021957 0.000001
0.075972 0.713103 0.120172 0.068183 0.000293 0.022275 0.000001
0.072233 0.711802 0.122924 0.069774 0.000297 0.022968 0.000001
0.072648 0.710203 0.123426 0.070046 0.000300 0.023376 0.000001
0.071038 0.708565 0.125043 0.071045 0.000314 0.023995 0.000001
0.075631 0.701523 0.126330 0.071551 0.000322 0.024644 0.000001
0.076419 0.698142 0.127582 0.072529 0.000334 0.024994 0.000001
0.069972 0.700782 0.129636 0.073651 0.000330 0.025629 0.000000
0.072625 0.695911 0.130815 0.074274 0.000327 0.026047 0.000001
0.078226 0.689027 0.131160 0.074449 0.000333 0.026804 0.000001
0.077280 0.686769 0.132739 0.075429 0.000354 0.027427 0.000001
0.079073 0.683332 0.133593 0.075843 0.000358 0.027802 0.000001
0.076035 0.682185 0.135595 0.077185 0.000362 0.028637 0.000001
0.078213 0.679949 0.135505 0.077137 0.000365 0.028830 0.000001
0.078030 0.677766 0.136719 0.077627 0.000375 0.029481 0.000002
0.077493 0.674836 0.138471 0.078593 0.000385 0.030220 0.000002
0.074030 0.675080 0.140072 0.079544 0.000383 0.030888 0.000003
0.074841 0.673158 0.140458 0.079912 0.000400 0.031229 0.000002
0.073896 0.670328 0.142456 0.080800 0.000410 0.032107 0.000003
0.070064 0.671469 0.143688 0.081645 0.000396 0.032733 0.000003
0.079302 0.664551 0.142282 0.080821 0.000401 0.032640 0.000001
0.071339 0.666684 0.145381 0.082471 0.000416 0.033707 0.000002
0.072722 0.664913 0.145461 0.082652 0.000416 0.033833 0.000002
0.074745 0.660006 0.146749 0.083297 0.000415 0.034787 0.000002
0.069281 0.660798 0.149106 0.084724 0.000446 0.035643 0.000002
0.073278 0.656415 0.149170 0.084656 0.000446 0.036033 0.000002
0.071487 0.655673 0.150383 0.085456 0.000456 0.036543 0.000002
0.065586 0.654885 0.153630 0.087328 0.000456 0.038112 0.000003
0.066400 0.653795 0.153634 0.087290 0.000457 0.038422 0.000002
0.063751 0.653703 0.154988 0.088118 0.000481 0.038955 0.000003
0.071368 0.646947 0.154316 0.087801 0.000480 0.039085 0.000003
0.067553 0.647726 0.155813 0.088461 0.000489 0.039955 0.000003
0.066111 0.644973 0.157697 0.089712 0.000484 0.041019 0.000004
0.064654 0.643678 0.158922 0.090420 0.000497 0.041825 0.000004
0.066784 0.640207 0.159550 0.090739 0.000503 0.042213 0.000003
0.065103 0.640701 0.160193 0.090914 0.000502 0.042583 0.000004
0.061575 0.639823 0.162290 0.092148 0.000522 0.043638 0.000004
0.060303 0.638368 0.163489 0.092769 0.000528 0.044538 0.000005
0.063473 0.634841 0.163334 0.092974 0.000535 0.044840 0.000004
0.063812 0.633102 0.163899 0.093311 0.000539 0.045333 0.000004
0.057215 0.632178 0.167659 0.095342 0.000549 0.047051 0.000006
0.061227 0.629859 0.166514 0.094956 0.000552 0.046889 0.000003
0.060903 0.627592 0.167787 0.095367 0.000565 0.047782 0.000003
0.056854 0.626359 0.170217 0.097012 0.000573 0.048981 0.000004
0.054671 0.625966 0.171237 0.097573 0.000572 0.049979 0.000003
0.054648 0.626403 0.170965 0.097378 0.000574 0.050029 0.000003
0.053074 0.623366 0.173132 0.098574 0.000591 0.051259 0.000005
0.049995 0.623106 0.174713 0.099462 0.000593 0.052125 0.000005
0.045259 0.622724 0.177234 0.100909 0.000608 0.053261 0.000005
0.046871 0.620778 0.177111 0.100876 0.000622 0.053738 0.000004
0.046111 0.619528 0.178025 0.101362 0.000649 0.054320 0.000004
0.039762 0.619999 0.180932 0.102758 0.000665 0.055879 0.000004
0.038710 0.617175 0.182595 0.103759 0.000675 0.057082 0.000004
0.038303 0.615305 0.183596 0.104329 0.000675 0.057789 0.000004
0.039579 0.614945 0.182905 0.104039 0.000685 0.057845 0.000003
0.035031 0.613079 0.185897 0.105932 0.000721 0.059338 0.000003
0.035977 0.612313 0.185862 0.105636 0.000701 0.059507 0.000004
0.032961 0.609618 0.188562 0.106935 0.000723 0.061195 0.000005
0.030305 0.607206 0.190986 0.108269 0.000742 0.062487 0.000005
0.029783 0.605134 0.191954 0.109022 0.000749 0.063352 0.000005
0.029513 0.605504 0.191447 0.109195 0.000741 0.063595 0.000004
0.029104 0.603487 0.192452 0.109681 0.000782 0.064489 0.000005
0.026783 0.599994 0.195228 0.111361 0.000762 0.065866 0.000005
0.025900 0.599871 0.195655 0.111500 0.000796 0.066274 0.000005
0.028411 0.595956 0.196189 0.111624 0.000799 0.067017 0.000005
0.032771 0.591401 0.195909 0.111538 0.000816 0.067560 0.000004
0.032982 0.588321 0.197028 0.112254 0.000826 0.068585 0.000004
0.033159 0.585891 0.198006 0.112825 0.000838 0.069276 0.000005
0.032228 0.582321 0.199957 0.113919 0.000847 0.070723 0.000004
0.035117 0.581344 0.198729 0.113340 0.000860 0.070606 0.000005
0.033238 0.579383 0.200423 0.114211 0.000849 0.071892 0.000004
0.032032 0.577124 0.201852 0.115155 0.000871 0.072960 0.000005
0.033779 0.573676 0.202406 0.115187 0.000885 0.074064 0.000003
0.032946 0.572429 0.203410 0.115832 0.000886 0.074491 0.000006
0.031084 0.571092 0.204540 0.116581 0.000886 0.075810 0.000006
0.031983 0.567683 0.205621 0.117057 0.000908 0.076742 0.000006
0.031909 0.568599 0.204968 0.116666 0.000910 0.076942 0.000005
0.028595 0.567936 0.206708 0.117659 0.000918 0.078178 0.000006
0.027226 0.564758 0.208641 0.118826 0.000960 0.079585 0.000004
0.025537 0.564460 0.209394 0.119343 0.000960 0.080301 0.000005
0.026326 0.561733 0.210035 0.119619 0.000944 0.081336 0.000007
0.026731 0.560314 0.210233 0.119958 0.000960 0.081797 0.000007
0.024026 0.559897 0.211495 0.120715 0.000968 0.082893 0.000007
0.024055 0.555698 0.213160 0.121498 0.000991 0.084589 0.000008
0.024047 0.554817 0.213479 0.121606 0.000995 0.085049 0.000006
0.021857 0.553033 0.215144 0.122526 0.000989 0.086444 0.000007
0.022841 0.551941 0.215147 0.122334 0.001001 0.086728 0.000008
0.020808 0.549488 0.216754 0.123294 0.001028 0.088623 0.000005
0.020887 0.547480 0.217644 0.123776 0.001030 0.089177 0.000007
0.019694 0.545744 0.218543 0.124658 0.001043 0.090311 0.000007
0.019627 0.543124 0.219573 0.124977 0.001056 0.091639 0.000005
0.018669 0.542141 0.220133 0.125619 0.001065 0.092364 0.000009
0.018479 0.540255 0.220898 0.125939 0.001083 0.093342 0.000004
0.018637 0.537677 0.221844 0.126325 0.001102 0.094410 0.000005
0.017926 0.537345 0.222148 0.126553 0.001095 0.094927 0.000006
0.018210 0.535414 0.222695 0.126853 0.001111 0.095711 0.000005
0.017135 0.531168 0.224859 0.127794 0.001122 0.097915 0.000007
0.016972 0.530830 0.224965 0.127872 0.001143 0.098212 0.000006
0.017240 0.528400 0.225588 0.128344 0.001156 0.099267 0.000006
0.016607 0.528271 0.225932 0.128598 0.001157 0.099430 0.000006
0.016751 0.526254 0.226419 0.129064 0.001157 0.100345 0.000009
0.016098 0.522224 0.228117 0.130036 0.001213 0.102306 0.000006
0.015836 0.521416 0.228334 0.130232 0.001195 0.102979 0.000007
0.015693 0.518982 0.229379 0.130779 0.001184 0.103976 0.000007
0.015413 0.515321 0.230807 0.131478 0.001213 0.105762 0.000006
0.016145 0.515468 0.230132 0.131321 0.001222 0.105705 0.000007
0.015541 0.514260 0.230836 0.131571 0.001229 0.106556 0.000007
0.015264 0.512332 0.231624 0.132058 0.001219 0.107497 0.000005
0.015039 0.508607 0.232753 0.132758 0.001262 0.109574 0.000007
0.015003 0.506697 0.233446 0.133142 0.001264 0.110440 0.000008
0.014558 0.504023 0.234771 0.133631 0.001333 0.111676 0.000008
0.014563 0.504313 0.234239 0.133681 0.001293 0.111903 0.000008
0.014539 0.499980 0.235867 0.134502 0.001297 0.113806 0.000010
0.014462 0.499697 0.235690 0.134541 0.001291 0.114312 0.000006
0.014455 0.498020 0.236141 0.134706 0.001324 0.115347 0.000009
0.014203 0.495350 0.237327 0.135255 0.001351 0.116505 0.000009
0.014299 0.495523 0.237167 0.135037 0.001318 0.116646 0.000009
0.014158 0.493467 0.237859 0.135506 0.001341 0.117661 0.000009
0.014071 0.491651 0.238470 0.135738 0.001356 0.118706 0.000008
0.013728 0.489262 0.239491 0.136391 0.001368 0.119750 0.000010
0.013797 0.486831 0.239984 0.136766 0.001368 0.121244 0.000010
0.013625 0.485160 0.240792 0.136902 0.001393 0.122118 0.000008
0.013604 0.482536 0.241502 0.137487 0.001430 0.123429 0.000011
0.013316 0.481018 0.241671 0.137881 0.001451 0.124653 0.000011
0.013439 0.479550 0.242378 0.137656 0.001444 0.125523 0.000010
0.013528 0.477952 0.242470 0.138163 0.001472 0.126403 0.000011
0.013379 0.476160 0.243055 0.138570 0.001455 0.127372 0.000010
0.013424 0.474244 0.243829 0.138578 0.001466 0.128449 0.000010
0.013272 0.472120 0.244504 0.138976 0.001474 0.129645 0.000009
0.013419 0.470683 0.244736 0.139233 0.001473 0.130444 0.000012
0.013293 0.469921 0.244774 0.139217 0.001500 0.131283 0.000012
0.013128 0.466123 0.246070 0.139972 0.001565 0.133131 0.000012
0.013243 0.465366 0.246154 0.140037 0.001534 0.133653 0.000012
0.012967 0.463623 0.246866 0.140298 0.001539 0.134693 0.000014
0.012953 0.461826 0.247294 0.140489 0.001563 0.135861 0.000013
0.013006 0.460700 0.247461 0.140751 0.001559 0.136510 0.000013
0.012803 0.458979 0.247930 0.140913 0.001593 0.137769 0.000013
0.012759 0.456192 0.248842 0.141491 0.001620 0.139084 0.000013
0.012885 0.455310 0.248819 0.141368 0.001633 0.139973 0.000013
0.012580 0.450646 0.250570 0.142171 0.001670 0.142352 0.000012
0.012758 0.453167 0.249437 0.141848 0.001638 0.141139 0.000013
0.012633 0.449020 0.250475 0.142419 0.001644 0.143795 0.000014
0.012589 0.448799 0.250411 0.142532 0.001662 0.143993 0.000013
0.012697 0.447549 0.250448 0.142843 0.001661 0.144790 0.000012
0.012529 0.445194 0.251319 0.142865 0.001702 0.146380 0.000010
0.012560 0.444319 0.251403 0.143197 0.001701 0.146807 0.000014
0.012388 0.440560 0.252708 0.143652 0.001739 0.148940 0.000012
0.012387 0.440136 0.252651 0.143585 0.001726 0.149499 0.000016
0.012429 0.438001 0.253167 0.143840 0.001748 0.150801 0.000016
0.012424 0.437759 0.252998 0.143934 0.001737 0.151131 0.000016
0.012293 0.435612 0.253728 0.144478 0.001749 0.152126 0.000014
0.012389 0.433878 0.253822 0.144430 0.001789 0.153680 0.000014
0.012390 0.433259 0.253837 0.144626 0.001762 0.154110 0.000016
0.012255 0.429591 0.254679 0.145330 0.001777 0.156353 0.000017
0.012397 0.428117 0.255357 0.145426 0.001817 0.156868 0.000019
0.012359 0.427053 0.255353 0.145370 0.001819 0.158026 0.000019
0.012233 0.425882 0.255825 0.145464 0.001840 0.158737 0.000019
0.012183 0.422944 0.256617 0.145828 0.001838 0.160574 0.000015
0.012191 0.422708 0.256349 0.146053 0.001831 0.160851 0.000017
0.012038 0.420305 0.257203 0.146287 0.001846 0.162305 0.000017
0.012132 0.417727 0.257509 0.146544 0.001867 0.164201 0.000020
0.012167 0.419077 0.256491 0.146462 0.001856 0.163930 0.000017
0.012038 0.414538 0.258178 0.147065 0.001888 0.166275 0.000018
0.012167 0.415811 0.257690 0.146700 0.001856 0.165757 0.000018
0.011996 0.413826 0.258282 0.146958 0.001907 0.167014 0.000017
0.012029 0.411287 0.258968 0.147080 0.001903 0.168716 0.000017
0.012049 0.412130 0.258246 0.146911 0.001882 0.168762 0.000020
0.011978 0.407417 0.259439 0.147988 0.001913 0.171245 0.000020
0.012203 0.408769 0.258865 0.147244 0.001893 0.171008 0.000019
0.011878 0.406038 0.259541 0.147598 0.001922 0.173001 0.000022
0.011941 0.406258 0.259037 0.147723 0.001900 0.173120 0.000022
0.011904 0.403926 0.259444 0.147899 0.001967 0.174842 0.000019
0.011930 0.401850 0.260430 0.148034 0.001954 0.175779 0.000023
0.011947 0.399747 0.260402 0.148656 0.001963 0.177264 0.000022
0.011912 0.398906 0.260584 0.148527 0.001984 0.178064 0.000023
0.015698 0.396910 0.259628 0.147812 0.002008 0.177924 0.000021
0.022483 0.392502 0.257974 0.146833 0.001985 0.178201 0.000021
0.024049 0.389738 0.257899 0.146944 0.002012 0.179335 0.000022
0.025207 0.389760 0.257015 0.146671 0.002001 0.179324 0.000022
0.026468 0.388181 0.256797 0.146238 0.002029 0.180264 0.000023
0.027100 0.387246 0.256722 0.146196 0.002011 0.180700 0.000025
0.022931 0.386743 0.258342 0.147058 0.002058 0.182840 0.000029
0.029508 0.385246 0.256053 0.145482 0.002070 0.181615 0.000027
0.022201 0.385788 0.258789 0.146777 0.002048 0.184370 0.000027
0.026179 0.382976 0.257319 0.146370 0.002056 0.185070 0.000030
0.022468 0.384039 0.258405 0.146902 0.002106 0.186053 0.000028
0.022316 0.383365 0.258424 0.146989 0.002085 0.186794 0.000027
0.021602 0.380527 0.259048 0.147450 0.002132 0.189210 0.000032
0.020719 0.379343 0.259779 0.147585 0.002150 0.190394 0.000031
0.019675 0.378586 0.260193 0.147882 0.002131 0.191505 0.000028
0.020089 0.379358 0.259703 0.147671 0.002124 0.191028 0.000027
0.018650 0.377268 0.260653 0.147817 0.002155 0.193428 0.000029
0.017216 0.374995 0.261360 0.148547 0.002184 0.195667 0.000030
0.016617 0.374141 0.261640 0.148990 0.002187 0.196394 0.000031
0.017463 0.375796 0.260694 0.148182 0.002184 0.195651 0.000030
0.016420 0.372187 0.262112 0.148894 0.002228 0.198125 0.000035
0.016890 0.373047 0.261429 0.148585 0.002230 0.197790 0.000030
0.015232 0.369349 0.262843 0.149567 0.002251 0.200727 0.000031
0.015682 0.369773 0.262358 0.149386 0.002239 0.200529 0.000033
0.014362 0.366684 0.263751 0.150163 0.002241 0.202766 0.000032
0.014439 0.365702 0.263744 0.149962 0.002240 0.203876 0.000037
0.015086 0.365365 0.262963 0.149710 0.002307 0.204535 0.000032
0.015089 0.363824 0.263147 0.149732 0.002306 0.205867 0.000034
0.014351 0.363026 0.263727 0.150072 0.002294 0.206493 0.000038
0.013548 0.360727 0.264476 0.150266 0.002344 0.208603 0.000035
0.013451 0.359823 0.264742 0.150483 0.002331 0.209139 0.000032
0.013568 0.358499 0.264889 0.150239 0.002363 0.210406 0.000037
0.013157 0.356755 0.265389 0.150591 0.002363 0.211710 0.000035
0.012903 0.354892 0.265703 0.151027 0.002388 0.213054 0.000033
0.013093 0.354013 0.265697 0.150984 0.002360 0.213818 0.000034
0.012814 0.354877 0.265302 0.150807 0.002360 0.213806 0.000034
0.012574 0.351344 0.265814 0.151186 0.002408 0.216641 0.000033
0.012621 0.349911 0.266247 0.151204 0.002407 0.217578 0.000033
0.012336 0.348989 0.266045 0.151436 0.002422 0.218736 0.000036
0.012552 0.348987 0.265949 0.151527 0.002435 0.218515 0.000035
0.012537 0.347011 0.266368 0.151370 0.002442 0.220237 0.000035
0.012507 0.344990 0.266334 0.151478 0.002470 0.222185 0.000036
0.012372 0.344672 0.266362 0.151301 0.002459 0.222801 0.000033
0.011912 0.341863 0.267184 0.152052 0.002475 0.224475 0.000040
0.011772 0.339970 0.267340 0.152224 0.002491 0.226165 0.000038
0.012145 0.340969 0.266702 0.151725 0.002473 0.225943 0.000043
0.012053 0.339219 0.267080 0.151992 0.002494 0.227128 0.000035
0.012074 0.338290 0.267133 0.151903 0.002535 0.228031 0.000035
0.012108 0.336045 0.267665 0.151941 0.002502 0.229702 0.000037
0.011848 0.336011 0.267147 0.152149 0.002501 0.230307 0.000037
0.011896 0.334388 0.267732 0.152137 0.002529 0.231280 0.000039
0.011857 0.332153 0.268076 0.152371 0.002545 0.232959 0.000039
0.011673 0.331892 0.267971 0.152289 0.002568 0.233567 0.000039
0.011857 0.329886 0.268202 0.152087 0.002576 0.235352 0.000041
0.011894 0.328794 0.268443 0.152294 0.002586 0.235949 0.000039
0.011816 0.327484 0.268599 0.152386 0.002593 0.237081 0.000040
0.011708 0.327291 0.268482 0.152267 0.002606 0.237606 0.000040
0.011828 0.326384 0.268171 0.152317 0.002602 0.238656 0.000042
0.011767 0.323974 0.268343 0.152493 0.002622 0.240755 0.000046
0.011671 0.321824 0.268949 0.152512 0.002646 0.242352 0.000045
0.011668 0.321151 0.269219 0.152567 0.002670 0.242685 0.000040
0.011745 0.320917 0.268699 0.152695 0.002658 0.243246 0.000039
0.011876 0.318744 0.268687 0.152719 0.002685 0.245243 0.000047
0.011832 0.317819 0.268365 0.152768 0.002687 0.246485 0.000045
0.011963 0.316795 0.268547 0.152703 0.002737 0.247205 0.000049
0.011930 0.316845 0.268542 0.152479 0.002669 0.247494 0.000042
0.011737 0.314132 0.268773 0.152852 0.002742 0.249722 0.000041
0.011894 0.312918 0.268830 0.153068 0.002727 0.250517 0.000046
0.011909 0.311826 0.268724 0.152986 0.002754 0.251758 0.000043
0.011789 0.311238 0.269125 0.152951 0.002747 0.252102 0.000048
0.011700 0.310564 0.269012 0.152954 0.002750 0.252974 0.000046
0.011942 0.310642 0.268365 0.152602 0.002741 0.253660 0.000047
0.011841 0.307464 0.268737 0.153045 0.002781 0.256082 0.000050
0.011744 0.306379 0.269175 0.152952 0.002776 0.256922 0.000052
0.011843 0.305151 0.269122 0.152970 0.002842 0.258021 0.000050
0.011812 0.305001 0.269162 0.152827 0.002820 0.258325 0.000053
0.011898 0.304585 0.268692 0.152630 0.002801 0.259338 0.000055
0.012006 0.304645 0.268726 0.152586 0.002816 0.259169 0.000052
0.011856 0.302068 0.268465 0.152811 0.002830 0.261917 0.000054
0.012072 0.301822 0.268619 0.152290 0.002835 0.262308 0.000053
0.011874 0.300485 0.268512 0.152844 0.002912 0.263321 0.000052
0.011944 0.297768 0.268869 0.153062 0.002879 0.265419 0.000059
0.011875 0.296691 0.268914 0.152927 0.002901 0.266634 0.000059
0.011766 0.297345 0.268336 0.153176 0.002849 0.266474 0.000053
0.011993 0.294775 0.268723 0.152778 0.002906 0.268769 0.000056
0.011779 0.293695 0.268672 0.153039 0.002894 0.269864 0.000058
0.012058 0.293690 0.268313 0.152829 0.002941 0.270115 0.000054
0.012003 0.292617 0.268589 0.152741 0.002884 0.271105 0.000060
0.012061 0.291135 0.268350 0.152772 0.002960 0.272660 0.000061
0.011920 0.289127 0.268727 0.152757 0.003003 0.274407 0.000059
0.011987 0.288051 0.268822 0.152682 0.002929 0.275468 0.000061
0.011883 0.287006 0.268871 0.152837 0.002966 0.276379 0.000058
0.011979 0.287109 0.268532 0.152865 0.002998 0.276455 0.000063
0.012185 0.287157 0.268374 0.152507 0.002945 0.276766 0.000067
0.012107 0.283881 0.268951 0.152503 0.003040 0.279451 0.000065
0.012056 0.283420 0.268057 0.152920 0.003029 0.280459 0.000059
0.012076 0.283931 0.268359 0.152363 0.003004 0.280200 0.000067
0.012130 0.282111 0.267795 0.152480 0.003053 0.282367 0.000062
0.012190 0.280750 0.267968 0.152279 0.003052 0.283701 0.000060
0.012123 0.278748 0.268552 0.152532 0.003097 0.284883 0.000066
0.012189 0.278747 0.268137 0.152690 0.003081 0.285095 0.000061
0.012263 0.277294 0.268114 0.152371 0.003105 0.286789 0.000064
0.012162 0.276382 0.267903 0.152356 0.003183 0.287947 0.000066
0.012211 0.276426 0.267885 0.152361 0.003090 0.287964 0.000063
0.012187 0.275509 0.268196 0.152151 0.003102 0.288792 0.000063
0.012330 0.272641 0.267869 0.152390 0.003144 0.291564 0.000062
0.012171 0.273388 0.267773 0.152093 0.003139 0.291374 0.000063
0.012233 0.272049 0.267356 0.151865 0.003149 0.293278 0.000070
0.012270 0.270026 0.267133 0.152180 0.003192 0.295133 0.000066
0.012204 0.270967 0.267251 0.152193 0.003206 0.294118 0.000061
0.012304 0.269158 0.267411 0.152204 0.003141 0.295712 0.000069
0.012414 0.268191 0.267160 0.151910 0.003185 0.297070 0.000070
0.012370 0.267004 0.266924 0.152026 0.003261 0.298348 0.000067
0.012198 0.266096 0.267353 0.152134 0.003167 0.298986 0.000066
0.012403 0.265565 0.266986 0.151639 0.003228 0.300109 0.000070
0.012452 0.264239 0.266814 0.151596 0.003220 0.301613 0.000067
0.012400 0.264925 0.266478 0.151669 0.003208 0.301245 0.000074
0.012348 0.264128 0.266189 0.151600 0.003223 0.302440 0.000071
0.012458 0.261222 0.266324 0.151603 0.003256 0.305061 0.000076
0.012411 0.261375 0.266320 0.151278 0.003243 0.305296 0.000075
0.012541 0.260594 0.266337 0.151441 0.003245 0.305769 0.000073
0.012504 0.260390 0.265564 0.151378 0.003241 0.306838 0.000085
0.012546 0.258873 0.265862 0.150970 0.003287 0.308392 0.000071
0.012398 0.257140 0.265904 0.151446 0.003278 0.309758 0.000076
0.012573 0.256241 0.265973 0.150899 0.003288 0.310942 0.000084
0.012653 0.256243 0.265490 0.150874 0.003298 0.311360 0.000082
0.012552 0.254130 0.265488 0.150755 0.003357 0.313639 0.000078
0.012567 0.254395 0.265106 0.150835 0.003308 0.313710 0.000078
0.012757 0.253467 0.265274 0.150702 0.003310 0.314414 0.000077
0.012722 0.252333 0.264908 0.150596 0.003379 0.315984 0.000079
0.012785 0.252093 0.265107 0.150503 0.003311 0.316122 0.000079
0.012674 0.250984 0.264536 0.150895 0.003384 0.317453 0.000074
0.012797 0.249254 0.264550 0.150349 0.003422 0.319553 0.000075
0.012707 0.248630 0.264856 0.150097 0.003393 0.320233 0.000084
0.012650 0.248407 0.264589 0.149838 0.003405 0.321031 0.000080
0.012775 0.247694 0.264593 0.149962 0.003439 0.321454 0.000083
0.012900 0.246827 0.264315 0.150015 0.003404 0.322453 0.000086
0.012976 0.246001 0.263928 0.149869 0.003450 0.323694 0.000082
0.012800 0.245258 0.263709 0.150001 0.003421 0.324735 0.000077
0.012848 0.243330 0.263823 0.149946 0.003420 0.326540 0.000095
0.012953 0.243313 0.263622 0.149695 0.003530 0.326808 0.000078
0.013022 0.243804 0.263193 0.149653 0.003519 0.326729 0.000080
0.013053 0.242061 0.263520 0.149321 0.003489 0.328472 0.000085
0.013065 0.240082 0.263306 0.149220 0.003514 0.330724 0.000089
0.012808 0.240033 0.263073 0.149422 0.003494 0.331077 0.000092
0.013181 0.240148 0.262828 0.149360 0.003493 0.330902 0.000088
0.013152 0.239161 0.262686 0.149115 0.003542 0.332251 0.000092
0.013115 0.238270 0.262840 0.149205 0.003560 0.332916 0.000095
0.013034 0.238005 0.262420 0.148851 0.003560 0.334037 0.000093
0.013212 0.236352 0.262212 0.149069 0.003534 0.335524 0.000096
0.013253 0.234808 0.262126 0.149245 0.003568 0.336904 0.000096
0.013270 0.234646 0.261621 0.149025 0.003585 0.337750 0.000103
0.013353 0.234218 0.261441 0.148697 0.003546 0.338651 0.000093
0.013243 0.232922 0.261682 0.148744 0.003602 0.339705 0.000101
0.013373 0.232320 0.261321 0.148317 0.003613 0.340956 0.000100
0.013307 0.231048 0.261288 0.148039 0.003645 0.342577 0.000096
0.013301 0.230675 0.260890 0.148510 0.003633 0.342893 0.000097
0.013433 0.229866 0.260909 0.148283 0.003637 0.343779 0.000094
0.013399 0.229156 0.260549 0.148204 0.003642 0.344959 0.000091
0.013373 0.228180 0.260628 0.148489 0.003675 0.345555 0.000100
0.013504 0.228270 0.260349 0.147889 0.003616 0.346266 0.000105
0.013467 0.226452 0.260469 0.147653 0.003697 0.348169 0.000095
0.013566 0.228012 0.259927 0.147896 0.003679 0.346822 0.000097
0.013534 0.226660 0.259553 0.147471 0.003710 0.348978 0.000094
0.013442 0.224829 0.259512 0.147691 0.003674 0.350747 0.000105
0.013544 0.224289 0.259018 0.147349 0.003673 0.352026 0.000100
0.013903 0.223069 0.259162 0.147356 0.003726 0.352682 0.000102
0.013458 0.222317 0.259245 0.147224 0.003718 0.353929 0.000108
0.013540 0.222880 0.258899 0.147181 0.003661 0.353728 0.000111
0.013749 0.221727 0.258741 0.146970 0.003745 0.354960 0.000108
0.013809 0.221548 0.258409 0.146761 0.003701 0.355661 0.000111
0.013747 0.219440 0.257889 0.147024 0.003764 0.358025 0.000110
0.013777 0.219396 0.258036 0.146764 0.003716 0.358204 0.000107
0.013676 0.218922 0.257849 0.146410 0.003752 0.359280 0.000111
0.013741 0.217070 0.257640 0.146563 0.003777 0.361105 0.000104
0.013897 0.216511 0.257493 0.146517 0.003758 0.361724 0.000100
0.013780 0.215967 0.257677 0.146224 0.003738 0.362502 0.000112
0.013820 0.214525 0.256944 0.146028 0.003827 0.364743 0.000113
0.014015 0.214703 0.257018 0.145946 0.003759 0.364447 0.000113
0.014072 0.214142 0.256560 0.146134 0.003804 0.365175 0.000112
0.013939 0.213590 0.256783 0.145640 0.003782 0.366153 0.000113
0.014054 0.212307 0.256196 0.145735 0.003820 0.367775 0.000113
0.014159 0.211835 0.256187 0.145247 0.003816 0.368637 0.000119
0.013980 0.212241 0.255805 0.145513 0.003814 0.368532 0.000115
0.014295 0.210015 0.255934 0.145443 0.003863 0.370331 0.000119
0.014207 0.210629 0.255519 0.145274 0.003857 0.370404 0.000110
0.014292 0.209359 0.255241 0.145014 0.003827 0.372142 0.000126
0.014125 0.208011 0.255046 0.145181 0.003907 0.373605 0.000125
0.014340 0.208040 0.255318 0.145054 0.003892 0.373246 0.000110
0.014335 0.206946 0.254574 0.144875 0.003886 0.375269 0.000115
0.014210 0.207654 0.254535 0.144754 0.003863 0.374860 0.000123
0.014411 0.204969 0.254553 0.144584 0.003910 0.377458 0.000115
0.014517 0.205316 0.254018 0.144335 0.003934 0.377761 0.000119
0.014327 0.204996 0.253932 0.144143 0.003926 0.378551 0.000125
0.014580 0.204005 0.253376 0.144469 0.003948 0.379509 0.000113
0.014514 0.203010 0.253397 0.144341 0.003996 0.380629 0.000113
0.014457 0.202434 0.253171 0.144093 0.003964 0.381762 0.000118
0.014632 0.203146 0.252595 0.143948 0.003928 0.381630 0.000121
0.014638 0.200638 0.252867 0.143847 0.003988 0.383899 0.000123
0.014628 0.200764 0.252804 0.143585 0.003971 0.384134 0.000115
0.014405 0.200419 0.252491 0.143275 0.003967 0.385321 0.000122
0.014636 0.199794 0.251975 0.143701 0.003933 0.385837 0.000124
0.014517 0.198639 0.251598 0.143552 0.003994 0.387579 0.000120
0.014735 0.199041 0.251599 0.143309 0.003998 0.387198 0.000120
0.014667 0.197692 0.251193 0.143236 0.003999 0.389087 0.000124
0.014571 0.197378 0.251186 0.143123 0.004029 0.389585 0.000129
0.014868 0.196490 0.251137 0.142892 0.004063 0.390436 0.000114
0.014783 0.196204 0.250836 0.142936 0.004039 0.391074 0.000127
0.014715 0.195905 0.250790 0.142527 0.004047 0.391877 0.000140
0.014913 0.194356 0.250383 0.142319 0.004089 0.393801 0.000139
0.014948 0.193813 0.250161 0.142265 0.004023 0.394658 0.000133
0.015083 0.192961 0.249602 0.142503 0.004069 0.395650 0.000133
0.015015 0.192310 0.249469 0.142187 0.004119 0.396760 0.000141
0.015059 0.192833 0.249435 0.142054 0.004124 0.396363 0.000132
0.015078 0.191435 0.249404 0.142122 0.004104 0.397726 0.000131
0.014924 0.191100 0.248776 0.141683 0.004100 0.399278 0.000139
0.015050 0.190575 0.248585 0.141756 0.004118 0.399782 0.000134
0.014980 0.189563 0.248600 0.141885 0.004114 0.400718 0.000140
0.015235 0.188989 0.247758 0.141402 0.004151 0.402323 0.000142
0.015278 0.189174 0.247935 0.141178 0.004109 0.402189 0.000138
0.015097 0.189328 0.247207 0.141316 0.004091 0.402818 0.000142
0.015151 0.187893 0.247167 0.141055 0.004154 0.404450 0.000131
0.015201 0.187403 0.246940 0.140991 0.004171 0.405149 0.000145
0.015312 0.186867 0.246859 0.140871 0.004142 0.405810 0.000139
0.015293 0.185873 0.246671 0.140856 0.004179 0.406997 0.000132
0.015371 0.185324 0.246789 0.140315 0.004160 0.407895 0.000146
0.015237 0.184997 0.246081 0.140265 0.004183 0.409099 0.000138
0.015437 0.183738 0.245566 0.139903 0.004220 0.410991 0.000145
0.015471 0.184069 0.245492 0.139903 0.004244 0.410677 0.000145
0.015639 0.183797 0.245442 0.140041 0.004267 0.410666 0.000148
0.015317 0.183151 0.245658 0.139913 0.004231 0.411582 0.000146
0.015615 0.181563 0.244970 0.139463 0.004239 0.414004 0.000146
0.015616 0.181887 0.244119 0.139558 0.004263 0.414417 0.000140
0.015751 0.181480 0.244745 0.138882 0.004203 0.414793 0.000145
0.015640 0.180667 0.244623 0.139196 0.004225 0.415509 0.000140
0.015642 0.180118 0.243896 0.139136 0.004256 0.416809 0.000141
0.015947 0.179574 0.243708 0.138711 0.004265 0.417646 0.000148
0.015851 0.179313 0.243011 0.138855 0.004227 0.418588 0.000155
0.015984 0.179172 0.243376 0.138666 0.004274 0.418378 0.000150
0.015949 0.177557 0.243099 0.138594 0.004266 0.420385 0.000150
0.016033 0.176967 0.242596 0.138279 0.004285 0.421693 0.000147
0.016103 0.178295 0.242337 0.138302 0.004264 0.420548 0.000151
0.016008 0.176447 0.242358 0.138425 0.004253 0.422367 0.000142
0.016068 0.176116 0.241928 0.138115 0.004271 0.423340 0.000162
0.015850 0.174912 0.241739 0.137702 0.004354 0.425289 0.000155
0.015841 0.175557 0.241669 0.137650 0.004297 0.424828 0.000158
0.016002 0.174633 0.241321 0.137419 0.004271 0.426200 0.000154
0.016116 0.174152 0.241126 0.137403 0.004364 0.426678 0.000160
0.016091 0.173684 0.240497 0.137400 0.004288 0.427871 0.000169
0.016132 0.173489 0.240658 0.137272 0.004357 0.427947 0.000144
0.016406 0.172685 0.239993 0.136841 0.004366 0.429554 0.000154
0.016312 0.171962 0.239497 0.136831 0.004333 0.430903 0.000162
0.016244 0.171502 0.239594 0.136699 0.004351 0.431451 0.000159
0.016201 0.171441 0.239730 0.136779 0.004393 0.431305 0.000150
0.016269 0.170422 0.239221 0.136451 0.004394 0.433092 0.000151
0.016216 0.170054 0.238975 0.136405 0.004392 0.433801 0.000158
0.016591 0.169258 0.238543 0.136039 0.004408 0.434987 0.000173
0.016510 0.168860 0.238271 0.135869 0.004433 0.435884 0.000173
0.016609 0.168365 0.238141 0.135848 0.004404 0.436471 0.000163
0.016496 0.167965 0.237954 0.135562 0.004445 0.437416 0.000163
0.016692 0.167272 0.237685 0.135890 0.004400 0.437895 0.000167
0.016703 0.167315 0.237353 0.135010 0.004360 0.439098 0.000162
0.016555 0.166785 0.237394 0.135487 0.004401 0.439222 0.000157
0.016683 0.166224 0.237111 0.135474 0.004428 0.439919 0.000161
0.016652 0.166035 0.236878 0.134959 0.004440 0.440872 0.000164
0.016735 0.165128 0.236378 0.135088 0.004453 0.442059 0.000160
0.016866 0.164131 0.235998 0.134727 0.004452 0.443657 0.000168
0.016926 0.163721 0.235193 0.134623 0.004456 0.444910 0.000171
0.016766 0.163920 0.235557 0.134594 0.004445 0.444548 0.000170
0.016829 0.163291 0.234971 0.134153 0.004388 0.446193 0.000174
0.017163 0.161888 0.234770 0.134272 0.004467 0.447268 0.000172
0.017035 0.162665 0.235214 0.133999 0.004411 0.446501 0.000174
0.017139 0.161903 0.234568 0.133385 0.004454 0.448376 0.000176
0.016875 0.161476 0.234200 0.133488 0.004464 0.449321 0.000177
0.017101 0.160595 0.234427 0.133352 0.004494 0.449864 0.000167
0.017192 0.160173 0.233599 0.133625 0.004483 0.450762 0.000167
0.017188 0.161317 0.233521 0.133491 0.004495 0.449817 0.000172
0.017293 0.160132 0.233232 0.133005 0.004536 0.451634 0.000169
0.017208 0.159557 0.232993 0.133151 0.004471 0.452448 0.000172
0.017294 0.158931 0.233011 0.132626 0.004484 0.453483 0.000171
0.017397 0.157809 0.232076 0.132907 0.004509 0.455128 0.000174
0.017505 0.157851 0.231760 0.132475 0.004526 0.455713 0.000170
0.017629 0.157632 0.231523 0.132057 0.004546 0.456428 0.000184
0.017613 0.157007 0.231492 0.132424 0.004544 0.456748 0.000172
0.017605 0.155970 0.231532 0.131620 0.004535 0.458563 0.000175
0.017486 0.157437 0.231474 0.132134 0.004511 0.456778 0.000179
0.017564 0.156163 0.230916 0.131608 0.004523 0.459046 0.000180
0.017873 0.155471 0.230530 0.131726 0.004573 0.459649 0.000177
0.017612 0.155381 0.230311 0.131377 0.004539 0.460606 0.000175
0.017645 0.154694 0.230191 0.131293 0.004566 0.461432 0.000179
0.017896 0.154112 0.229926 0.130884 0.004578 0.462423 0.000182
0.017698 0.154112 0.229557 0.130767 0.004600 0.463067 0.000199
0.017823 0.153158 0.229153 0.130741 0.004564 0.464382 0.000179
0.017648 0.153493 0.228996 0.130867 0.004608 0.464197 0.000191
0.017649 0.152484 0.228286 0.130243 0.004584 0.466563 0.000192
0.017835 0.152483 0.228697 0.130128 0.004595 0.466060 0.000201
0.018096 0.151774 0.228346 0.130018 0.004636 0.466949 0.000181
0.018167 0.151655 0.227724 0.129906 0.004630 0.467729 0.000187
0.018265 0.151107 0.227294 0.129809 0.004594 0.468731 0.000199
0.018287 0.151005 0.227626 0.129662 0.004600 0.468624 0.000197
0.018112 0.150412 0.227057 0.129290 0.004561 0.470373 0.000195
0.018184 0.149942 0.226845 0.129194 0.004584 0.471055 0.000196
0.018236 0.149401 0.226465 0.129083 0.004653 0.471969 0.000193
0.018221 0.149018 0.226177 0.128520 0.004607 0.473250 0.000207
0.018587 0.149073 0.225844 0.128849 0.004590 0.472875 0.000182
0.018248 0.148873 0.225925 0.128421 0.004615 0.473725 0.000193
0.018499 0.147520 0.224968 0.128229 0.004697 0.475892 0.000196
0.018391 0.146702 0.225089 0.128136 0.004651 0.476832 0.000199
0.018312 0.147719 0.225029 0.127930 0.004666 0.476154 0.000190
0.018386 0.146938 0.224622 0.127824 0.004691 0.477327 0.000212
0.018503 0.146284 0.224327 0.128061 0.004692 0.477941 0.000193
0.018543 0.146069 0.224253 0.127682 0.004702 0.478563 0.000188
0.018584 0.145494 0.223332 0.127518 0.004719 0.480161 0.000191
0.018629 0.145748 0.223677 0.127542 0.004727 0.479477 0.000200
0.018837 0.145146 0.223254 0.127065 0.004751 0.480753 0.000194
0.018706 0.144589 0.222737 0.126844 0.004690 0.482238 0.000197
0.018731 0.144231 0.222524 0.126595 0.004726 0.482994 0.000200
0.019030 0.143336 0.222136 0.126364 0.004697 0.484233 0.000205
0.018936 0.143798 0.221877 0.126391 0.004844 0.483954 0.000200
0.019109 0.143001 0.221402 0.126330 0.004808 0.485152 0.000198
0.018953 0.142604 0.221235 0.126012 0.004800 0.486201 0.000195
0.018762 0.142311 0.220998 0.126158 0.004785 0.486785 0.000201
0.019160 0.141814 0.220477 0.126040 0.004837 0.487478 0.000194
0.019268 0.141601 0.220366 0.125598 0.004802 0.488153 0.000212
0.019231 0.141337 0.220495 0.125398 0.004827 0.488507 0.000205
0.019077 0.141043 0.219928 0.125458 0.004817 0.489479 0.000197
0.019340 0.141037 0.219518 0.125330 0.004837 0.489731 0.000207
0.019463 0.140219 0.219485 0.124997 0.004827 0.490795 0.000214
0.019279 0.139841 0.219182 0.124685 0.004793 0.492010 0.000210
