0.999117 0.000852 0.000023 0.000008 0.000000 0.000000 0.000000
0.998691 0.001259 0.000030 0.000009 0.000000 0.000012 0.000000
0.998255 0.001683 0.000038 0.000012 0.000000 0.000012 0.000000
0.997806 0.002124 0.000042 0.000015 0.000000 0.000012 0.000000
0.997330 0.002589 0.000050 0.000019 0.000000 0.000013 0.000000
0.996853 0.003055 0.000058 0.000021 0.000000 0.000013 0.000000
0.996278 0.003615 0.000068 0.000026 0.000000 0.000012 0.000000
0.995670 0.004217 0.000072 0.000027 0.000000 0.000014 0.000000
0.995084 0.004794 0.000080 0.000029 0.000000 0.000013 0.000000
0.994152 0.005715 0.000089 0.000032 0.000000 0.000012 0.000000
0.993001 0.006839 0.000104 0.000043 0.000000 0.000012 0.000000
0.991739 0.008081 0.000123 0.000046 0.000000 0.000012 0.000000
0.990150 0.009658 0.000123 0.000058 0.000000 0.000011 0.000000
0.988113 0.011661 0.000141 0.000077 0.000000 0.000009 0.000000
0.986134 0.013594 0.000168 0.000094 0.000000 0.000010 0.000000
0.983120 0.016578 0.000187 0.000106 0.000000 0.000011 0.000000
0.979876 0.019748 0.000237 0.000129 0.000000 0.000010 0.000000
0.975052 0.024492 0.000285 0.000153 0.000000 0.000018 0.000000
0.970838 0.028628 0.000350 0.000171 0.000000 0.000014 0.000000
0.965007 0.034343 0.000420 0.000215 0.000000 0.000014 0.000000
0.959120 0.040092 0.000501 0.000270 0.000000 0.000017 0.000000
0.951429 0.047618 0.000607 0.000331 0.000000 0.000015 0.000000
0.943921 0.054932 0.000748 0.000378 0.000000 0.000021 0.000000
0.935110 0.063489 0.000900 0.000480 0.000000 0.000020 0.000000
0.925320 0.073038 0.001043 0.000575 0.000002 0.000023 0.000000
0.913630 0.084459 0.001211 0.000672 0.000003 0.000024 0.000000
0.900156 0.097575 0.001441 0.000797 0.000006 0.000025 0.000000
0.888151 0.109242 0.001665 0.000908 0.000005 0.000029 0.000000
0.873880 0.123070 0.001954 0.001055 0.000004 0.000036 0.000000
0.860323 0.136211 0.002220 0.001199 0.000006 0.000041 0.000000
0.845171 0.150933 0.002504 0.001338 0.000005 0.000050 0.000000
0.830381 0.165235 0.002818 0.001504 0.000005 0.000058 0.000000
0.815076 0.180001 0.003192 0.001657 0.000007 0.000068 0.000000
0.799628 0.194927 0.003518 0.001843 0.000006 0.000077 0.000000
0.781966 0.211973 0.003923 0.002043 0.000006 0.000089 0.000000
0.763106 0.230075 0.004386 0.002324 0.000006 0.000102 0.000000
0.748375 0.244228 0.004731 0.002543 0.000006 0.000117 0.000000
0.731216 0.260633 0.005178 0.002829 0.000005 0.000140 0.000000
0.717663 0.273417 0.005655 0.003091 0.000005 0.000169 0.000000
0.700410 0.289896 0.006106 0.003392 0.000004 0.000192 0.000000
0.683500 0.305906 0.006670 0.003714 0.000004 0.000207 0.000000
0.667932 0.320574 0.007198 0.004062 0.000004 0.000230 0.000000
0.651543 0.336070 0.007744 0.004385 0.000004 0.000254 0.000000
0.636428 0.350288 0.008370 0.004635 0.000004 0.000275 0.000000
0.620113 0.365585 0.009024 0.004976 0.000003 0.000298 0.000000
0.606620 0.378129 0.009633 0.005281 0.000003 0.000334 0.000000
0.592576 0.391251 0.010254 0.005557 0.000003 0.000359 0.000000
0.577822 0.405002 0.010877 0.005906 0.000003 0.000390 0.000000
0.563506 0.418122 0.011615 0.006318 0.000006 0.000433 0.000000
0.550465 0.430047 0.012317 0.006698 0.000005 0.000468 0.000000
0.540115 0.439271 0.012980 0.007113 0.000005 0.000516 0.000000
0.525185 0.452925 0.013821 0.007510 0.000006 0.000553 0.000000
0.515103 0.461891 0.014509 0.007900 0.000006 0.000591 0.000000
0.501073 0.474486 0.015397 0.008398 0.000008 0.000638 0.000000
0.489538 0.484673 0.016208 0.008862 0.000010 0.000710 0.000000
0.479157 0.493724 0.016997 0.009336 0.000010 0.000776 0.000000
0.465875 0.505592 0.017824 0.009856 0.000010 0.000843 0.000000
0.456153 0.513935 0.018629 0.010376 0.000010 0.000897 0.000000
0.446419 0.522310 0.019448 0.010848 0.000010 0.000965 0.000000
0.434760 0.532468 0.020376 0.011372 0.000012 0.001013 0.000000
0.424858 0.540778 0.021299 0.011959 0.000013 0.001092 0.000000
0.412885 0.550976 0.022368 0.012560 0.000014 0.001196 0.000000
0.404265 0.558390 0.023088 0.012991 0.000015 0.001252 0.000000
0.396565 0.564574 0.023984 0.013522 0.000013 0.001341 0.000000
0.386978 0.572584 0.024886 0.014109 0.000015 0.001428 0.000000
0.379949 0.578171 0.025775 0.014576 0.000015 0.001514 0.000000
0.369906 0.586214 0.027005 0.015252 0.000018 0.001605 0.000000
0.362745 0.591956 0.027857 0.015737 0.000018 0.001687 0.000000
0.356292 0.596834 0.028836 0.016257 0.000019 0.001763 0.000000
0.346915 0.604369 0.029937 0.016906 0.000020 0.001853 0.000000
0.341199 0.608454 0.030907 0.017444 0.000022 0.001974 0.000000
0.331193 0.616182 0.032226 0.018262 0.000024 0.002113 0.000000
0.329102 0.617162 0.032878 0.018638 0.000028 0.002192 0.000000
0.322133 0.622261 0.033980 0.019306 0.000029 0.002292 0.000000
0.314305 0.627799 0.035343 0.020066 0.000032 0.002455 0.000000
0.305540 0.634523 0.036521 0.020770 0.000034 0.002612 0.000000
0.302506 0.635987 0.037447 0.021299 0.000038 0.002725 0.000000
0.291934 0.643917 0.038989 0.022202 0.000041 0.002917 0.000000
0.291958 0.642941 0.039491 0.022565 0.000044 0.003000 0.000000
0.282742 0.649695 0.041001 0.023339 0.000045 0.003178 0.000000
0.276370 0.654079 0.042168 0.023983 0.000046 0.003353 0.000000
0.271702 0.656907 0.043210 0.024617 0.000048 0.003516 0.000000
0.264735 0.661534 0.044570 0.025402 0.000050 0.003709 0.000000
0.257545 0.666269 0.046019 0.026185 0.000055 0.003927 0.000000
0.254227 0.667953 0.046864 0.026815 0.000059 0.004081 0.000000
0.250219 0.670232 0.047938 0.027325 0.000057 0.004229 0.000000
0.239129 0.677706 0.050087 0.028474 0.000064 0.004540 0.000000
0.233220 0.681024 0.051527 0.029401 0.000063 0.004765 0.000000
0.231702 0.681154 0.052306 0.029797 0.000066 0.004975 0.000000
0.226156 0.683749 0.053964 0.030817 0.000071 0.005243 0.000000
0.215885 0.691151 0.055645 0.031742 0.000077 0.005500 0.000000
0.210097 0.693845 0.057411 0.032749 0.000079 0.005819 0.000000
0.208545 0.693303 0.058660 0.033420 0.000081 0.005992 0.000000
0.204540 0.694901 0.059948 0.034274 0.000080 0.006258 0.000000
0.204387 0.693314 0.061038 0.034734 0.000084 0.006443 0.000000
0.197625 0.697250 0.062555 0.035736 0.000085 0.006750 0.000000
0.195695 0.696690 0.064022 0.036456 0.000090 0.007048 0.000000
0.195672 0.694950 0.064864 0.037089 0.000089 0.007337 0.000000
0.190919 0.697411 0.066306 0.037701 0.000092 0.007570 0.000000
0.188688 0.696939 0.067827 0.038536 0.000090 0.007919 0.000000
0.182354 0.700324 0.069524 0.039537 0.000100 0.008160 0.000000
0.181561 0.699150 0.070635 0.040060 0.000111 0.008484 0.000000
0.178834 0.699124 0.072136 0.041024 0.000107 0.008775 0.000000
0.176863 0.698519 0.073642 0.041722 0.000120 0.009135 0.000000
0.169363 0.702489 0.075550 0.042971 0.000125 0.009502 0.000000
0.170433 0.698934 0.076983 0.043616 0.000127 0.009907 0.000000
0.165573 0.701729 0.078096 0.044333 0.000131 0.010139 0.000000
0.164669 0.700662 0.079056 0.045016 0.000138 0.010459 0.000000
0.152460 0.708294 0.081784 0.046348 0.000144 0.010971 0.000000
0.160145 0.700820 0.081518 0.046366 0.000140 0.011010 0.000000
0.154910 0.701493 0.084006 0.047785 0.000155 0.011650 0.000000
0.145021 0.707217 0.086341 0.049112 0.000156 0.012152 0.000000
0.149053 0.703217 0.086279 0.049080 0.000165 0.012206 0.000000
0.141523 0.706692 0.088409 0.050476 0.000171 0.012730 0.000000
0.137328 0.706818 0.090770 0.051610 0.000175 0.013299 0.000000
0.133597 0.708812 0.091653 0.052152 0.000179 0.013607 0.000000
0.130297 0.708534 0.093700 0.053182 0.000183 0.014103 0.000001
0.128944 0.708371 0.094433 0.053686 0.000180 0.014386 0.000000
0.120599 0.711716 0.097165 0.055318 0.000186 0.015016 0.000001
0.119541 0.710388 0.098359 0.056039 0.000192 0.015481 0.000001
0.117428 0.709244 0.100295 0.056883 0.000194 0.015956 0.000001
0.114881 0.708703 0.101741 0.058017 0.000208 0.016449 0.000001
0.112756 0.708204 0.103189 0.058701 0.000210 0.016939 0.000001
0.108840 0.709133 0.104761 0.059767 0.000205 0.017292 0.000001
0.107798 0.707519 0.106255 0.060442 0.000212 0.017773 0.000002
0.103311 0.708028 0.108324 0.061561 0.000228 0.018547 0.000002
0.097829 0.709269 0.110515 0.063131 0.000234 0.019022 0.000001
0.101346 0.705110 0.110741 0.063209 0.000229 0.019363 0.000001
0.096298 0.706070 0.112938 0.064414 0.000243 0.020037 0.000001
0.090946 0.706268 0.115747 0.065911 0.000245 0.020883 0.000001
0.090913 0.706383 0.115664 0.065832 0.000240 0.020967 0.000001
0.087497 0.704350 0.118418 0.067535 0.000261 0.021938 0.000001
0.084093 0.705368 0.119598 0.068262 0.000263 0.022415 0.000001
0.087559 0.700419 0.120229 0.068698 0.000270 0.022823 0.000001
0.082528 0.701016 0.122674 0.069957 0.000283 0.023542 0.000001
0.081549 0.697185 0.125028 0.071465 0.000296 0.024476 0.000000
0.082895 0.694676 0.125684 0.071633 0.000289 0.024822 0.000000
0.084474 0.692504 0.125872 0.071757 0.000298 0.025094 0.000001
0.082997 0.691930 0.126885 0.072236 0.000301 0.025651 0.000000
0.083276 0.689042 0.128195 0.073081 0.000311 0.026095 0.000001
0.089663 0.681535 0.128531 0.073312 0.000319 0.026639 0.000001
0.088650 0.680398 0.129616 0.073940 0.000320 0.027075 0.000001
0.087488 0.678200 0.131265 0.074870 0.000343 0.027834 0.000001
0.084159 0.678611 0.132639 0.075839 0.000341 0.028411 0.000001
0.086726 0.673384 0.133990 0.076422 0.000354 0.029122 0.000001
0.086501 0.672649 0.134534 0.076685 0.000353 0.029276 0.000001
0.083706 0.671544 0.136381 0.077840 0.000358 0.030171 0.000000
0.082856 0.669736 0.137654 0.078672 0.000358 0.030723 0.000001
0.082146 0.668506 0.138587 0.078921 0.000375 0.031463 0.000002
0.076159 0.670073 0.140894 0.080321 0.000375 0.032174 0.000003
0.079925 0.667222 0.140240 0.079973 0.000377 0.032261 0.000002
0.074396 0.667020 0.143149 0.081727 0.000384 0.033321 0.000003
0.072695 0.665999 0.144540 0.082356 0.000396 0.034010 0.000002
0.064695 0.668723 0.147274 0.083864 0.000402 0.035039 0.000002
0.068973 0.665120 0.146546 0.083632 0.000415 0.035310 0.000003
0.063997 0.664030 0.149679 0.085396 0.000429 0.036466 0.000003
0.063430 0.663174 0.150165 0.085866 0.000440 0.036923 0.000001
0.063837 0.660796 0.151174 0.086325 0.000442 0.037424 0.000002
0.063484 0.658512 0.152284 0.086979 0.000456 0.038282 0.000002
0.059658 0.657985 0.154518 0.088206 0.000466 0.039164 0.000003
0.056568 0.659264 0.155502 0.088702 0.000460 0.039499 0.000005
0.055875 0.655612 0.157448 0.089774 0.000490 0.040797 0.000004
0.057014 0.652790 0.158125 0.090185 0.000488 0.041395 0.000004
0.053818 0.652496 0.159973 0.091105 0.000495 0.042107 0.000006
0.052880 0.651431 0.160860 0.091562 0.000505 0.042756 0.000005
0.048569 0.651665 0.162651 0.092896 0.000521 0.043694 0.000004
0.049167 0.646545 0.164973 0.093997 0.000530 0.044782 0.000006
0.050243 0.643434 0.165779 0.094514 0.000557 0.045468 0.000005
0.050599 0.639971 0.167155 0.095238 0.000563 0.046467 0.000007
0.048092 0.641608 0.167581 0.095548 0.000554 0.046612 0.000006
0.054290 0.635570 0.167284 0.095399 0.000565 0.046887 0.000005
0.046705 0.637279 0.170109 0.097064 0.000583 0.048255 0.000005
0.056198 0.629194 0.169298 0.096442 0.000573 0.048290 0.000005
0.058822 0.624932 0.169715 0.096801 0.000578 0.049147 0.000006
0.052559 0.625653 0.172444 0.098367 0.000596 0.050376 0.000005
0.052628 0.622936 0.173629 0.098947 0.000608 0.051247 0.000006
0.050863 0.620743 0.175568 0.099915 0.000614 0.052292 0.000006
0.053098 0.620228 0.174487 0.099401 0.000620 0.052159 0.000006
0.053040 0.618643 0.175122 0.099716 0.000638 0.052835 0.000006
0.057402 0.613084 0.175533 0.100050 0.000622 0.053303 0.000006
0.050922 0.614035 0.178353 0.101473 0.000625 0.054587 0.000005
0.060189 0.607823 0.176447 0.100410 0.000651 0.054475 0.000007
0.053041 0.608398 0.179535 0.102330 0.000676 0.056014 0.000006
0.056588 0.605301 0.179048 0.102027 0.000663 0.056367 0.000006
0.049530 0.605930 0.181954 0.103858 0.000688 0.058034 0.000006
0.054391 0.602449 0.181107 0.103309 0.000695 0.058044 0.000005
0.048297 0.604086 0.183472 0.104434 0.000690 0.059015 0.000006
0.052082 0.599449 0.183498 0.104544 0.000719 0.059702 0.000006
0.048951 0.600686 0.184261 0.105087 0.000708 0.060302 0.000005
0.042108 0.599485 0.188537 0.107063 0.000733 0.062066 0.000007
0.043776 0.599009 0.187706 0.106443 0.000742 0.062319 0.000006
0.040815 0.598324 0.189153 0.107528 0.000749 0.063426 0.000004
0.043027 0.596418 0.188837 0.107353 0.000752 0.063606 0.000007
0.038122 0.596341 0.191407 0.108450 0.000758 0.064916 0.000006
0.037265 0.592167 0.193511 0.109885 0.000788 0.066376 0.000007
0.034606 0.592946 0.194196 0.110340 0.000794 0.067110 0.000008
0.033794 0.590730 0.195491 0.110885 0.000792 0.068302 0.000006
0.030187 0.588428 0.198077 0.112526 0.000823 0.069953 0.000007
0.031499 0.586460 0.198331 0.112552 0.000824 0.070327 0.000007
0.031776 0.588020 0.197284 0.111896 0.000842 0.070174 0.000007
0.029316 0.585322 0.199647 0.113388 0.000842 0.071479 0.000006
0.026376 0.584154 0.201244 0.114463 0.000850 0.072903 0.000009
0.026955 0.582838 0.201714 0.114467 0.000876 0.073143 0.000007
0.026530 0.580592 0.202501 0.115154 0.000883 0.074334 0.000006
0.024346 0.576372 0.205439 0.116531 0.000902 0.076403 0.000007
0.024257 0.575169 0.205724 0.116889 0.000919 0.077035 0.000008
0.023221 0.572900 0.207164 0.117655 0.000917 0.078135 0.000008
0.022739 0.571361 0.207752 0.118339 0.000931 0.078872 0.000007
0.022685 0.570683 0.208087 0.118324 0.000963 0.079250 0.000008
0.021581 0.568647 0.209377 0.119064 0.000952 0.080373 0.000007
0.021134 0.566564 0.210259 0.119628 0.000951 0.081457 0.000007
0.020758 0.563389 0.211673 0.120505 0.000995 0.082671 0.000008
0.019996 0.560211 0.213369 0.121366 0.001007 0.084044 0.000008
0.020034 0.559569 0.213626 0.121471 0.001021 0.084268 0.000010
0.020613 0.558866 0.213405 0.121315 0.000996 0.084794 0.000012
0.018715 0.554333 0.216115 0.123029 0.001030 0.086766 0.000011
0.019561 0.554477 0.215337 0.122464 0.001047 0.087101 0.000012
0.018626 0.551285 0.217148 0.123517 0.001033 0.088380 0.000011
0.018717 0.548786 0.218093 0.123954 0.001037 0.089402 0.000012
0.017958 0.545902 0.219444 0.124790 0.001059 0.090835 0.000012
0.018166 0.545324 0.219124 0.124892 0.001065 0.091418 0.000011
0.017614 0.541877 0.221105 0.125466 0.001071 0.092853 0.000014
0.017189 0.540539 0.221792 0.125990 0.001095 0.093380 0.000016
0.017298 0.539814 0.221925 0.126086 0.001086 0.093777 0.000014
0.017157 0.538050 0.222171 0.126492 0.001100 0.095016 0.000014
0.016908 0.535466 0.223404 0.126877 0.001137 0.096193 0.000015
0.016802 0.533932 0.224028 0.127082 0.001141 0.096999 0.000015
0.016658 0.530262 0.224998 0.128099 0.001156 0.098812 0.000015
0.016475 0.529410 0.225640 0.128102 0.001163 0.099195 0.000016
0.016247 0.527780 0.226112 0.128575 0.001190 0.100081 0.000015
0.016174 0.525858 0.227066 0.128783 0.001164 0.100939 0.000016
0.016341 0.524783 0.227042 0.129077 0.001166 0.101573 0.000017
0.015543 0.520172 0.229049 0.130467 0.001225 0.103530 0.000015
0.015871 0.520179 0.228678 0.130029 0.001209 0.104020 0.000014
0.015522 0.516620 0.229915 0.131105 0.001236 0.105584 0.000017
0.015576 0.515933 0.229978 0.131065 0.001236 0.106195 0.000018
0.015395 0.514300 0.230617 0.131243 0.001254 0.107177 0.000014
0.015419 0.512386 0.231136 0.131823 0.001268 0.107953 0.000016
0.015346 0.509075 0.232266 0.132446 0.001271 0.109577 0.000018
0.015164 0.506825 0.233235 0.132917 0.001286 0.110556 0.000018
0.015024 0.505686 0.233511 0.133061 0.001300 0.111401 0.000018
0.014897 0.503806 0.234306 0.133506 0.001321 0.112147 0.000017
0.014760 0.502017 0.234735 0.133806 0.001310 0.113355 0.000017
0.014779 0.499984 0.235774 0.134078 0.001344 0.114025 0.000016
0.014704 0.499164 0.235640 0.134122 0.001326 0.115025 0.000018
0.014356 0.495535 0.237175 0.135030 0.001331 0.116554 0.000020
0.014600 0.496572 0.236480 0.134671 0.001358 0.116301 0.000018
0.014699 0.494340 0.237289 0.134971 0.001379 0.117303 0.000018
0.014196 0.489900 0.238731 0.136105 0.001392 0.119661 0.000016
0.014354 0.488134 0.239032 0.136487 0.001415 0.120560 0.000017
0.014350 0.488050 0.239020 0.136336 0.001411 0.120816 0.000017
0.014209 0.485663 0.239532 0.136773 0.001397 0.122408 0.000017
0.014171 0.483522 0.240657 0.136717 0.001428 0.123484 0.000020
0.013832 0.480427 0.241582 0.137409 0.001448 0.125284 0.000018
0.014191 0.483095 0.240473 0.136798 0.001452 0.123972 0.000019
0.013651 0.477291 0.242757 0.137985 0.001465 0.126830 0.000021
0.013984 0.478552 0.241820 0.137454 0.001516 0.126655 0.000019
0.013824 0.475792 0.242566 0.138141 0.001507 0.128150 0.000020
0.013763 0.473871 0.243395 0.138506 0.001505 0.128941 0.000018
0.013627 0.470670 0.244597 0.138899 0.001522 0.130665 0.000022
0.013855 0.470920 0.244300 0.138762 0.001503 0.130642 0.000018
0.013542 0.468254 0.245143 0.139286 0.001544 0.132210 0.000021
0.013431 0.465427 0.245929 0.139887 0.001564 0.133740 0.000021
0.013493 0.465880 0.245804 0.139614 0.001598 0.133589 0.000021
0.013493 0.463685 0.245894 0.139925 0.001570 0.135407 0.000026
0.013367 0.460283 0.247390 0.140575 0.001606 0.136755 0.000024
0.013391 0.459135 0.247478 0.140801 0.001606 0.137563 0.000026
0.013394 0.458280 0.247467 0.141087 0.001611 0.138136 0.000026
0.013313 0.455916 0.248171 0.141362 0.001630 0.139586 0.000022
0.013226 0.454606 0.248357 0.141447 0.001623 0.140718 0.000023
0.013121 0.452758 0.249146 0.141805 0.001663 0.141482 0.000025
0.013053 0.449986 0.250125 0.141980 0.001659 0.143168 0.000029
0.013145 0.448479 0.250012 0.142560 0.001687 0.144090 0.000027
0.013092 0.447767 0.250258 0.142406 0.001658 0.144792 0.000027
0.013105 0.445421 0.251041 0.142511 0.001685 0.146209 0.000028
0.013019 0.443277 0.251481 0.142940 0.001684 0.147568 0.000029
0.012978 0.443206 0.251367 0.143135 0.001701 0.147580 0.000033
0.013025 0.441577 0.251467 0.143338 0.001726 0.148840 0.000027
0.012942 0.440594 0.252111 0.143222 0.001726 0.149372 0.000034
0.012944 0.438383 0.252625 0.143529 0.001703 0.150788 0.000029
0.012954 0.437026 0.252865 0.143828 0.001723 0.151579 0.000026
0.012811 0.434326 0.253899 0.144280 0.001730 0.152929 0.000026
0.012959 0.433876 0.253296 0.144097 0.001779 0.153966 0.000027
0.012851 0.432070 0.254039 0.144448 0.001756 0.154801 0.000035
0.012757 0.430313 0.254679 0.144711 0.001770 0.155736 0.000035
0.012705 0.427773 0.255062 0.145192 0.001812 0.157419 0.000036
0.012766 0.427413 0.254952 0.145035 0.001816 0.157984 0.000034
0.012721 0.425125 0.255732 0.145175 0.001801 0.159415 0.000031
0.012740 0.423046 0.255935 0.145484 0.001832 0.160926 0.000036
0.012655 0.422004 0.256055 0.145724 0.001842 0.161690 0.000031
0.012710 0.421179 0.256272 0.145764 0.001840 0.162200 0.000036
0.012776 0.420300 0.256500 0.145902 0.001862 0.162625 0.000036
0.012610 0.417347 0.257081 0.146336 0.001858 0.164731 0.000036
0.012518 0.415902 0.257168 0.146643 0.001841 0.165891 0.000037
0.012558 0.414427 0.257840 0.146482 0.001881 0.166776 0.000037
0.012668 0.413735 0.257716 0.146629 0.001866 0.167345 0.000040
0.012623 0.410929 0.258416 0.146973 0.001916 0.169110 0.000033
0.012569 0.409618 0.258596 0.147240 0.001941 0.169998 0.000039
0.012407 0.408025 0.258855 0.147444 0.001951 0.171285 0.000034
0.012452 0.407077 0.258669 0.147438 0.001948 0.172380 0.000036
0.012419 0.405407 0.259266 0.147480 0.001977 0.173414 0.000037
0.012411 0.403262 0.259687 0.147880 0.001945 0.174776 0.000039
0.012575 0.401737 0.259988 0.148101 0.001972 0.175588 0.000040
0.012493 0.400566 0.259907 0.148133 0.001995 0.176870 0.000037
0.012376 0.398824 0.260313 0.148623 0.001989 0.177837 0.000038
0.012529 0.398847 0.260444 0.148253 0.002007 0.177879 0.000041
0.012434 0.396727 0.260736 0.148596 0.001988 0.179482 0.000037
0.012505 0.395102 0.260820 0.148773 0.002036 0.180724 0.000040
0.012443 0.392562 0.261489 0.148780 0.002049 0.182636 0.000042
0.012352 0.391312 0.261508 0.149250 0.002064 0.183476 0.000037
0.012428 0.391056 0.261551 0.148798 0.002065 0.184062 0.000040
0.012296 0.389661 0.261632 0.149040 0.002032 0.185301 0.000037
0.012209 0.389673 0.261634 0.149184 0.002064 0.185200 0.000036
0.012431 0.386067 0.262299 0.149371 0.002054 0.187736 0.000040
0.012398 0.385190 0.262374 0.149532 0.002071 0.188395 0.000041
0.012386 0.383197 0.262774 0.149482 0.002123 0.189991 0.000047
0.012454 0.383084 0.262693 0.149679 0.002105 0.189945 0.000040
0.012376 0.380598 0.263036 0.149734 0.002140 0.192079 0.000038
0.012190 0.379344 0.263450 0.150004 0.002135 0.192831 0.000045
0.012368 0.378716 0.263157 0.149912 0.002165 0.193642 0.000040
0.012370 0.376045 0.264017 0.150007 0.002179 0.195342 0.000041
0.012360 0.375353 0.263959 0.150279 0.002179 0.195824 0.000045
0.012242 0.373248 0.263929 0.150413 0.002188 0.197935 0.000044
0.012280 0.371755 0.264111 0.150656 0.002229 0.198921 0.000046
0.012289 0.370284 0.264443 0.150747 0.002222 0.199972 0.000043
0.012243 0.369711 0.264478 0.150752 0.002224 0.200543 0.000049
0.012314 0.368509 0.264839 0.150948 0.002229 0.201113 0.000047
0.012221 0.365524 0.265481 0.150976 0.002272 0.203481 0.000045
0.012418 0.366185 0.264612 0.150885 0.002320 0.203535 0.000044
0.012307 0.363583 0.265589 0.151123 0.002264 0.205085 0.000050
0.012272 0.362620 0.265710 0.150982 0.002327 0.206041 0.000048
0.012267 0.361253 0.265510 0.151342 0.002313 0.207264 0.000051
0.012233 0.360298 0.265855 0.151154 0.002315 0.208097 0.000048
0.012384 0.359644 0.265920 0.151274 0.002290 0.208438 0.000049
0.012294 0.358220 0.265979 0.151361 0.002318 0.209775 0.000053
0.012471 0.357022 0.265955 0.151305 0.002334 0.210867 0.000047
0.012241 0.355330 0.266267 0.151659 0.002413 0.212038 0.000053
0.012302 0.353982 0.266557 0.151989 0.002369 0.212752 0.000049
0.012359 0.352695 0.266660 0.151663 0.002373 0.214196 0.000055
0.012364 0.350264 0.267063 0.152029 0.002420 0.215811 0.000048
0.020167 0.347822 0.264484 0.150661 0.002375 0.214443 0.000049
0.022891 0.347347 0.263318 0.149710 0.002393 0.214291 0.000050
0.027446 0.343477 0.262247 0.149297 0.002386 0.215086 0.000060
0.029647 0.344254 0.260853 0.148754 0.002400 0.214041 0.000051
0.023975 0.343431 0.263433 0.149608 0.002414 0.217081 0.000057
0.028576 0.342995 0.261062 0.148658 0.002396 0.216261 0.000052
0.029072 0.341836 0.260892 0.148557 0.002423 0.217167 0.000052
0.024714 0.341210 0.262376 0.149581 0.002453 0.219606 0.000060
0.025692 0.340969 0.261931 0.149001 0.002446 0.219900 0.000060
0.022728 0.340264 0.262982 0.149701 0.002478 0.221792 0.000055
0.023272 0.339625 0.262490 0.149642 0.002460 0.222454 0.000055
0.022857 0.338563 0.262810 0.149851 0.002443 0.223413 0.000062
0.023336 0.338097 0.262535 0.149256 0.002493 0.224222 0.000061
0.018856 0.337191 0.264435 0.150360 0.002505 0.226593 0.000061
0.020918 0.336339 0.263312 0.149990 0.002507 0.226881 0.000053
0.020882 0.334600 0.263098 0.149980 0.002508 0.228876 0.000056
0.020234 0.335818 0.263104 0.149886 0.002502 0.228396 0.000061
0.020557 0.335676 0.262682 0.149682 0.002556 0.228793 0.000054
0.018268 0.332842 0.264116 0.150340 0.002557 0.231812 0.000064
0.017394 0.330977 0.264436 0.150921 0.002596 0.233619 0.000057
0.016813 0.329419 0.264869 0.150834 0.002581 0.235429 0.000056
0.015140 0.327970 0.266215 0.151719 0.002608 0.236290 0.000059
0.016775 0.328813 0.264561 0.150821 0.002599 0.236371 0.000060
0.015883 0.326650 0.265568 0.151133 0.002647 0.238059 0.000060
0.014954 0.325145 0.266051 0.151585 0.002667 0.239534 0.000064
0.015013 0.323483 0.266295 0.151656 0.002626 0.240862 0.000066
0.014506 0.322460 0.266551 0.151719 0.002663 0.242036 0.000065
0.014857 0.321296 0.266281 0.151676 0.002665 0.243157 0.000069
0.014408 0.319746 0.266760 0.151612 0.002671 0.244740 0.000064
0.014641 0.319024 0.266641 0.151535 0.002732 0.245363 0.000064
0.014394 0.317825 0.266366 0.151925 0.002690 0.246734 0.000066
0.014079 0.316689 0.266642 0.151965 0.002719 0.247845 0.000060
0.014045 0.315747 0.266782 0.151654 0.002720 0.248990 0.000061
0.013977 0.314577 0.266908 0.152088 0.002751 0.249638 0.000063
0.013819 0.314038 0.266972 0.151991 0.002739 0.250375 0.000065
0.013559 0.311536 0.267148 0.151993 0.002740 0.252961 0.000063
0.013579 0.309606 0.267444 0.152221 0.002825 0.254256 0.000070
0.013483 0.310307 0.267115 0.152447 0.002796 0.253790 0.000063
0.013782 0.310257 0.266745 0.151803 0.002771 0.254581 0.000061
0.013437 0.309324 0.267200 0.151830 0.002798 0.255342 0.000069
0.013331 0.307130 0.267366 0.152141 0.002820 0.257151 0.000062
0.013163 0.304097 0.267975 0.152642 0.002817 0.259241 0.000066
0.013168 0.302650 0.267569 0.152510 0.002850 0.261190 0.000064
0.012943 0.301828 0.267785 0.152570 0.002835 0.261978 0.000061
0.013302 0.301135 0.267815 0.152051 0.002883 0.262752 0.000062
0.013220 0.300040 0.267414 0.152089 0.002837 0.264330 0.000069
0.013263 0.298716 0.267533 0.152494 0.002868 0.265056 0.000070
0.013097 0.299563 0.267644 0.152265 0.002842 0.264521 0.000069
0.013325 0.297459 0.267257 0.151873 0.002890 0.267121 0.000075
0.013114 0.295799 0.267499 0.152370 0.002909 0.268234 0.000075
0.012976 0.295553 0.267600 0.152332 0.002927 0.268543 0.000068
0.012921 0.294828 0.267977 0.152223 0.002951 0.269024 0.000075
0.012822 0.293261 0.268054 0.152259 0.002946 0.270586 0.000072
0.012734 0.292180 0.268118 0.152680 0.002945 0.271269 0.000074
0.012920 0.291043 0.268015 0.152248 0.002969 0.272732 0.000072
0.012976 0.289604 0.267656 0.152281 0.002972 0.274433 0.000078
0.012792 0.288784 0.267670 0.152432 0.003039 0.275207 0.000075
0.012909 0.288658 0.267287 0.152354 0.003016 0.275697 0.000079
0.012712 0.288096 0.267746 0.152242 0.002982 0.276153 0.000070
0.012918 0.285970 0.267592 0.151900 0.002993 0.278553 0.000073
0.013025 0.284146 0.267415 0.152161 0.003064 0.280116 0.000073
0.013091 0.283841 0.267498 0.152468 0.003010 0.280016 0.000078
0.012868 0.283261 0.267442 0.151947 0.003014 0.281384 0.000084
0.013106 0.282168 0.267124 0.151989 0.003044 0.282490 0.000080
0.013189 0.281284 0.266869 0.151978 0.003030 0.283572 0.000078
0.013108 0.279777 0.267054 0.152058 0.003065 0.284861 0.000077
0.013042 0.279246 0.266904 0.151842 0.003112 0.285779 0.000075
0.013071 0.277999 0.266908 0.152094 0.003107 0.286745 0.000075
0.013169 0.277981 0.266499 0.151761 0.003163 0.287348 0.000080
0.013076 0.278194 0.266358 0.151504 0.003123 0.287675 0.000070
0.013159 0.274776 0.266672 0.151901 0.003131 0.290280 0.000082
0.013383 0.275291 0.266200 0.151418 0.003138 0.290487 0.000082
0.012965 0.272999 0.266871 0.151515 0.003151 0.292416 0.000083
0.013156 0.272702 0.266932 0.151617 0.003129 0.292381 0.000083
0.013419 0.272348 0.266263 0.151374 0.003136 0.293378 0.000082
0.013201 0.269500 0.266747 0.151534 0.003190 0.295741 0.000087
0.013091 0.268327 0.266762 0.151598 0.003223 0.296917 0.000082
0.013138 0.268571 0.266378 0.151431 0.003201 0.297193 0.000088
0.013241 0.268433 0.265986 0.151294 0.003217 0.297749 0.000081
0.013165 0.266449 0.266351 0.151451 0.003241 0.299259 0.000084
0.013353 0.265306 0.266135 0.151486 0.003268 0.300368 0.000084
0.013236 0.265003 0.266381 0.151431 0.003276 0.300585 0.000088
0.013383 0.263935 0.265521 0.151039 0.003223 0.302812 0.000087
0.013297 0.263468 0.265604 0.151292 0.003268 0.302989 0.000083
0.013451 0.262837 0.265383 0.151095 0.003250 0.303901 0.000083
0.013426 0.261132 0.265755 0.151289 0.003273 0.305041 0.000085
0.013391 0.260317 0.265198 0.151162 0.003288 0.306565 0.000079
0.013237 0.260084 0.265242 0.150979 0.003311 0.307060 0.000086
0.013338 0.259461 0.265386 0.151101 0.003329 0.307296 0.000089
0.013668 0.257145 0.264924 0.150712 0.003353 0.310112 0.000086
0.013338 0.256560 0.265194 0.150590 0.003328 0.310888 0.000102
0.013626 0.255508 0.264708 0.150562 0.003364 0.312142 0.000089
0.013460 0.254472 0.264980 0.150653 0.003411 0.312944 0.000080
0.013436 0.253515 0.265041 0.150685 0.003375 0.313862 0.000087
0.013546 0.253224 0.264944 0.150680 0.003355 0.314165 0.000085
0.013516 0.253592 0.264532 0.150411 0.003360 0.314503 0.000086
0.013695 0.251249 0.264022 0.150400 0.003415 0.317129 0.000090
0.013701 0.251603 0.263949 0.150449 0.003445 0.316762 0.000092
0.013618 0.249823 0.264052 0.150558 0.003458 0.318403 0.000087
0.013583 0.249915 0.263582 0.150302 0.003441 0.319085 0.000091
0.013501 0.246934 0.263900 0.150420 0.003477 0.321675 0.000092
0.013620 0.247896 0.263677 0.150443 0.003446 0.320821 0.000097
0.013704 0.247515 0.263007 0.149942 0.003434 0.322298 0.000099
0.013726 0.245688 0.263131 0.150133 0.003418 0.323814 0.000090
0.013556 0.245529 0.262757 0.150046 0.003470 0.324545 0.000097
0.013818 0.243120 0.262835 0.149900 0.003474 0.326766 0.000087
0.013741 0.241308 0.262744 0.150063 0.003494 0.328550 0.000101
0.013888 0.242525 0.262796 0.149482 0.003504 0.327709 0.000097
0.013721 0.242064 0.262474 0.149515 0.003462 0.328667 0.000097
0.013794 0.240284 0.262382 0.149896 0.003464 0.330078 0.000101
0.013894 0.240097 0.262339 0.149456 0.003505 0.330604 0.000105
0.013970 0.238324 0.261761 0.149692 0.003518 0.332644 0.000092
0.013896 0.236946 0.262066 0.149465 0.003553 0.333977 0.000095
0.013874 0.237399 0.261494 0.149200 0.003558 0.334370 0.000105
0.013986 0.237503 0.261347 0.149363 0.003568 0.334133 0.000099
0.014066 0.236012 0.261030 0.149186 0.003558 0.336044 0.000104
0.014176 0.235283 0.261011 0.148692 0.003565 0.337179 0.000094
0.014296 0.234492 0.260953 0.148913 0.003589 0.337659 0.000098
0.014075 0.233482 0.260795 0.148663 0.003600 0.339284 0.000101
0.014365 0.232695 0.260751 0.148469 0.003593 0.340023 0.000103
0.014093 0.231614 0.260378 0.148987 0.003679 0.341149 0.000101
0.014081 0.231298 0.260351 0.148251 0.003614 0.342301 0.000103
0.013950 0.230327 0.260385 0.148236 0.003639 0.343366 0.000096
0.014126 0.229247 0.259866 0.148344 0.003639 0.344681 0.000098
0.014224 0.229444 0.259602 0.148197 0.003572 0.344861 0.000100
0.014274 0.227753 0.259748 0.148132 0.003648 0.346351 0.000093
0.014225 0.228034 0.259722 0.148046 0.003635 0.346238 0.000099
0.014430 0.227042 0.259499 0.148053 0.003646 0.347217 0.000113
0.014517 0.226295 0.259296 0.148218 0.003659 0.347916 0.000100
0.014271 0.225765 0.259232 0.148129 0.003669 0.348833 0.000100
0.014318 0.224184 0.259109 0.147906 0.003667 0.350716 0.000100
0.014479 0.224214 0.258700 0.147496 0.003675 0.351337 0.000099
0.014405 0.223731 0.258645 0.147081 0.003738 0.352305 0.000095
0.014563 0.223589 0.258261 0.147221 0.003698 0.352566 0.000102
0.014534 0.221336 0.258259 0.147411 0.003729 0.354631 0.000099
0.014665 0.220693 0.258343 0.147216 0.003686 0.355299 0.000097
0.014737 0.219651 0.257838 0.147181 0.003750 0.356739 0.000106
0.014561 0.218919 0.257664 0.147233 0.003770 0.357754 0.000099
0.014546 0.218888 0.257819 0.146658 0.003717 0.358269 0.000103
0.014581 0.218824 0.257824 0.146538 0.003712 0.358413 0.000107
0.014956 0.217292 0.256667 0.146701 0.003732 0.360545 0.000108
0.014703 0.216636 0.257108 0.146466 0.003750 0.361223 0.000114
0.014652 0.216439 0.257033 0.146367 0.003745 0.361658 0.000105
0.014716 0.215839 0.256863 0.146329 0.003809 0.362339 0.000106
0.014681 0.214181 0.256405 0.146198 0.003798 0.364636 0.000101
0.014943 0.214348 0.255967 0.145787 0.003802 0.365044 0.000110
0.014879 0.213847 0.256125 0.145837 0.003794 0.365417 0.000101
0.014913 0.212172 0.255563 0.145817 0.003858 0.367570 0.000108
0.014838 0.212320 0.255674 0.145674 0.003797 0.367582 0.000115
0.014990 0.211762 0.255419 0.145318 0.003822 0.368587 0.000104
0.015229 0.211358 0.254965 0.145458 0.003821 0.369063 0.000106
0.015133 0.209624 0.254725 0.145023 0.003845 0.371534 0.000116
0.015309 0.208764 0.254715 0.145260 0.003838 0.372007 0.000107
0.015170 0.209928 0.254384 0.145050 0.003864 0.371495 0.000109
0.015042 0.208127 0.253995 0.145348 0.003939 0.373433 0.000115
0.015112 0.206234 0.254028 0.144963 0.003901 0.375646 0.000116
0.015101 0.207464 0.254153 0.144647 0.003872 0.374653 0.000110
0.015212 0.206311 0.253888 0.144756 0.003910 0.375814 0.000109
0.015363 0.204990 0.253564 0.144118 0.003926 0.377917 0.000123
0.015320 0.204025 0.253095 0.144461 0.003949 0.379028 0.000122
0.015399 0.203485 0.252860 0.144240 0.003926 0.379973 0.000117
0.015280 0.204293 0.252618 0.144364 0.003885 0.379453 0.000107
0.015269 0.203331 0.252482 0.144258 0.003945 0.380602 0.000114
0.015423 0.201516 0.252442 0.143834 0.003981 0.382687 0.000117
0.015342 0.201761 0.251513 0.143919 0.003912 0.383439 0.000114
0.015750 0.201305 0.251743 0.143577 0.003973 0.383540 0.000112
0.015590 0.199846 0.251551 0.143344 0.003980 0.385575 0.000114
0.015547 0.199341 0.251288 0.143342 0.003964 0.386404 0.000114
0.015470 0.200034 0.251072 0.143370 0.003935 0.385993 0.000126
0.015931 0.198502 0.250757 0.143014 0.003997 0.387684 0.000115
0.015690 0.198787 0.250356 0.142717 0.003972 0.388354 0.000124
0.015798 0.197058 0.250626 0.142597 0.004017 0.389793 0.000109
0.015734 0.196579 0.250181 0.142755 0.003979 0.390655 0.000118
0.015738 0.196924 0.249724 0.142710 0.003962 0.390815 0.000127
0.015636 0.195500 0.250035 0.142603 0.004026 0.392076 0.000125
0.015639 0.195722 0.249805 0.141973 0.004027 0.392714 0.000120
0.015862 0.194370 0.249509 0.142440 0.004047 0.393641 0.000132
0.015880 0.195006 0.248551 0.142166 0.003995 0.394284 0.000119
0.016048 0.193558 0.248768 0.142231 0.004001 0.395278 0.000115
0.016031 0.191928 0.248537 0.141688 0.004065 0.397629 0.000121
0.016014 0.192544 0.248684 0.141839 0.004041 0.396744 0.000133
0.016174 0.190811 0.248035 0.141619 0.004042 0.399205 0.000115
0.016142 0.190889 0.247985 0.141448 0.004046 0.399367 0.000123
0.016170 0.190187 0.247786 0.141474 0.004089 0.400164 0.000130
0.016177 0.189932 0.247702 0.141397 0.004097 0.400573 0.000121
0.016128 0.188498 0.247161 0.141281 0.004063 0.402743 0.000125
0.016431 0.187319 0.247116 0.140970 0.004132 0.403898 0.000135
0.016349 0.188327 0.246724 0.140812 0.004137 0.403524 0.000127
0.016527 0.187379 0.246450 0.141164 0.004147 0.404208 0.000125
0.016157 0.187783 0.246505 0.140829 0.004097 0.404494 0.000136
0.016256 0.186536 0.246124 0.140323 0.004197 0.406437 0.000126
0.016206 0.185782 0.245758 0.140505 0.004186 0.407438 0.000126
0.016241 0.185122 0.245600 0.139910 0.004170 0.408833 0.000125
0.016374 0.185176 0.245475 0.139860 0.004085 0.408896 0.000134
0.016473 0.183781 0.244855 0.139832 0.004163 0.410763 0.000133
0.016633 0.182970 0.244947 0.139893 0.004156 0.411266 0.000135
0.016596 0.183277 0.245149 0.139622 0.004179 0.411041 0.000134
0.016609 0.182339 0.244283 0.139470 0.004214 0.412947 0.000139
0.016682 0.181849 0.244227 0.139520 0.004227 0.413365 0.000129
0.016483 0.181782 0.243756 0.139319 0.004194 0.414326 0.000139
0.016583 0.180998 0.243904 0.138768 0.004168 0.415454 0.000126
0.016594 0.180274 0.243331 0.138763 0.004157 0.416750 0.000130
0.016825 0.180046 0.243369 0.138869 0.004209 0.416550 0.000132
0.016893 0.178763 0.242813 0.138679 0.004255 0.418462 0.000136
0.016790 0.178476 0.242469 0.138350 0.004210 0.419555 0.000150
0.016838 0.178362 0.242176 0.138653 0.004223 0.419616 0.000132
0.016900 0.177246 0.241788 0.137857 0.004293 0.421768 0.000147
0.016871 0.177111 0.242179 0.138069 0.004222 0.421419 0.000128
0.016985 0.176255 0.241728 0.137431 0.004237 0.423223 0.000142
0.016995 0.175330 0.241160 0.137345 0.004290 0.424732 0.000148
0.016927 0.175470 0.241407 0.137707 0.004247 0.424101 0.000140
0.017098 0.174350 0.240997 0.137125 0.004273 0.426002 0.000155
0.016946 0.174850 0.240625 0.137123 0.004278 0.426027 0.000151
0.017182 0.174156 0.240170 0.137067 0.004327 0.426951 0.000147
0.017010 0.173535 0.240357 0.137009 0.004286 0.427660 0.000143
0.017164 0.172686 0.239786 0.136972 0.004331 0.428913 0.000148
0.017372 0.172493 0.239404 0.136785 0.004318 0.429483 0.000146
0.017200 0.171893 0.239380 0.136500 0.004356 0.430525 0.000146
0.017043 0.171575 0.239338 0.136339 0.004371 0.431183 0.000152
0.017147 0.170691 0.239021 0.136155 0.004354 0.432491 0.000142
0.017540 0.170789 0.239053 0.135774 0.004320 0.432380 0.000143
0.017662 0.169631 0.238261 0.136085 0.004324 0.433878 0.000159
0.017452 0.169687 0.238188 0.135660 0.004358 0.434505 0.000150
0.017701 0.169186 0.238120 0.135917 0.004280 0.434652 0.000144
0.017649 0.168458 0.237590 0.135784 0.004400 0.435964 0.000154
0.017583 0.167622 0.237148 0.135436 0.004384 0.437672 0.000155
0.017548 0.167702 0.237380 0.135199 0.004394 0.437628 0.000149
0.017509 0.166915 0.237053 0.134495 0.004370 0.439503 0.000155
0.017884 0.165957 0.236610 0.134569 0.004385 0.440450 0.000145
0.017829 0.166199 0.236538 0.134828 0.004425 0.440032 0.000149
0.017979 0.166176 0.236503 0.134777 0.004416 0.439998 0.000150
0.017975 0.165152 0.235909 0.134317 0.004480 0.442016 0.000152
0.017747 0.164692 0.235371 0.134409 0.004455 0.443170 0.000157
0.018011 0.164336 0.235407 0.134331 0.004460 0.443298 0.000156
0.017987 0.162794 0.235165 0.134046 0.004451 0.445401 0.000157
0.018205 0.163448 0.234843 0.133833 0.004460 0.445047 0.000162
0.017768 0.162725 0.234670 0.133826 0.004456 0.446398 0.000156
0.018167 0.162249 0.234798 0.133543 0.004501 0.446582 0.000160
0.017989 0.162211 0.234856 0.133386 0.004417 0.446972 0.000169
0.017971 0.162111 0.234073 0.133383 0.004520 0.447785 0.000157
0.018139 0.162134 0.234106 0.133224 0.004490 0.447753 0.000155
0.017989 0.161024 0.233661 0.132777 0.004491 0.449902 0.000156
0.018255 0.160171 0.233079 0.132591 0.004488 0.451248 0.000169
0.018348 0.159378 0.232799 0.132414 0.004521 0.452391 0.000149
0.018356 0.159863 0.232606 0.132364 0.004477 0.452174 0.000160
0.018381 0.159313 0.232253 0.132527 0.004549 0.452812 0.000165
0.018472 0.158799 0.232102 0.132000 0.004542 0.453917 0.000168
0.018518 0.157938 0.231721 0.131797 0.004489 0.455363 0.000174
0.018164 0.157709 0.231379 0.131558 0.004535 0.456490 0.000165
0.018149 0.157093 0.230857 0.131685 0.004497 0.457544 0.000175
0.018319 0.157496 0.230910 0.131308 0.004519 0.457282 0.000165
0.018236 0.157324 0.231442 0.131383 0.004526 0.456909 0.000180
0.018586 0.156061 0.230629 0.130851 0.004572 0.459122 0.000179
0.018403 0.155326 0.230514 0.130802 0.004539 0.460242 0.000174
0.018669 0.155451 0.229697 0.130775 0.004583 0.460655 0.000170
0.018787 0.154040 0.228874 0.130474 0.004551 0.463094 0.000180
0.018533 0.154201 0.229347 0.130286 0.004567 0.462883 0.000182
0.018995 0.153921 0.228668 0.129891 0.004637 0.463711 0.000179
0.018924 0.152939 0.228529 0.129955 0.004554 0.464918 0.000181
0.018919 0.153777 0.228544 0.130041 0.004590 0.463954 0.000175
0.018789 0.153344 0.228530 0.129772 0.004546 0.464836 0.000183
0.018791 0.152575 0.228488 0.129546 0.004569 0.465853 0.000179
0.018718 0.151742 0.228033 0.129459 0.004644 0.467217 0.000188
0.019015 0.151423 0.227651 0.129640 0.004673 0.467414 0.000182
0.019150 0.151103 0.227243 0.129312 0.004663 0.468347 0.000183
0.018862 0.150612 0.226920 0.128886 0.004606 0.469934 0.000180
0.019035 0.149939 0.226245 0.129066 0.004617 0.470916 0.000182
0.019076 0.149549 0.226255 0.128695 0.004630 0.471610 0.000185
0.019107 0.149704 0.226299 0.128778 0.004661 0.471271 0.000179
0.019266 0.149467 0.226031 0.128369 0.004660 0.472021 0.000187
0.019366 0.148976 0.225546 0.128464 0.004633 0.472831 0.000185
0.019436 0.148276 0.225052 0.127915 0.004689 0.474434 0.000198
0.019356 0.147800 0.224679 0.127941 0.004722 0.475302 0.000201
0.019350 0.146944 0.224574 0.127468 0.004680 0.476787 0.000196
0.019554 0.147956 0.224499 0.127797 0.004653 0.475347 0.000194
0.019524 0.146905 0.224315 0.127304 0.004703 0.477056 0.000194
0.019822 0.146627 0.223585 0.127305 0.004676 0.477801 0.000183
0.019598 0.145936 0.223044 0.127291 0.004684 0.479245 0.000202
0.019818 0.145265 0.223042 0.126641 0.004720 0.480318 0.000195
0.019760 0.145567 0.222530 0.126718 0.004732 0.480490 0.000203
0.019796 0.145095 0.222457 0.126705 0.004725 0.481025 0.000198
0.019863 0.145241 0.222471 0.126543 0.004706 0.480973 0.000204
0.019880 0.144657 0.222010 0.126573 0.004765 0.481912 0.000203
0.019714 0.143675 0.221507 0.125858 0.004722 0.484321 0.000203
0.019667 0.143626 0.221469 0.125816 0.004699 0.484518 0.000206
0.019751 0.143930 0.221838 0.125904 0.004697 0.483675 0.000205
0.019839 0.142666 0.221036 0.125309 0.004745 0.486205 0.000200
0.019695 0.142715 0.221362 0.125393 0.004720 0.485915 0.000200
0.020207 0.142783 0.220504 0.125335 0.004690 0.486270 0.000211
0.020438 0.141895 0.219862 0.125160 0.004754 0.487683 0.000206
0.020172 0.141762 0.219670 0.125151 0.004789 0.488250 0.000205
0.020183 0.141035 0.219771 0.124795 0.004693 0.489309 0.000213
0.020195 0.141463 0.219108 0.124643 0.004708 0.489672 0.000211
0.020424 0.140172 0.219038 0.124573 0.004721 0.490866 0.000207
