0.999109 0.000865 0.000020 0.000006 0.000000 0.000000 0.000000
0.998684 0.001267 0.000034 0.000007 0.000000 0.000008 0.000000
0.998240 0.001698 0.000041 0.000012 0.000000 0.000009 0.000000
0.997797 0.002136 0.000044 0.000013 0.000000 0.000010 0.000000
0.997314 0.002616 0.000044 0.000016 0.000000 0.000010 0.000000
0.996847 0.003068 0.000054 0.000022 0.000000 0.000010 0.000000
0.996280 0.003625 0.000058 0.000028 0.000000 0.000009 0.000000
0.995715 0.004172 0.000071 0.000033 0.000000 0.000009 0.000000
0.995097 0.004771 0.000084 0.000038 0.000000 0.000009 0.000000
0.994215 0.005646 0.000090 0.000041 0.000000 0.000009 0.000000
0.993089 0.006752 0.000102 0.000049 0.000000 0.000009 0.000000
0.991871 0.007953 0.000108 0.000058 0.000000 0.000009 0.000000
0.990451 0.009322 0.000156 0.000063 0.000000 0.000007 0.000000
0.988294 0.011450 0.000175 0.000075 0.000000 0.000007 0.000000
0.985962 0.013738 0.000205 0.000088 0.000000 0.000008 0.000000
0.982859 0.016773 0.000258 0.000105 0.000000 0.000006 0.000000
0.980279 0.019308 0.000288 0.000119 0.000000 0.000006 0.000000
0.976083 0.023425 0.000341 0.000145 0.000000 0.000005 0.000000
0.972769 0.026673 0.000377 0.000177 0.000000 0.000004 0.000000
0.966765 0.032536 0.000461 0.000234 0.000000 0.000004 0.000000
0.962419 0.036830 0.000491 0.000256 0.000000 0.000005 0.000000
0.955079 0.043935 0.000680 0.000298 0.000000 0.000007 0.000000
0.949808 0.049074 0.000760 0.000353 0.000000 0.000007 0.000000
0.940039 0.058619 0.000918 0.000414 0.000000 0.000009 0.000000
0.932858 0.065670 0.001011 0.000445 0.000000 0.000017 0.000000
0.923014 0.075236 0.001220 0.000502 0.000000 0.000028 0.000000
0.913348 0.084626 0.001389 0.000601 0.000000 0.000036 0.000000
0.900902 0.096728 0.001611 0.000724 0.000000 0.000035 0.000000
0.889815 0.107552 0.001782 0.000814 0.000001 0.000036 0.000000
0.877053 0.119936 0.002014 0.000953 0.000003 0.000041 0.000000
0.862906 0.133719 0.002252 0.001077 0.000003 0.000044 0.000000
0.850333 0.145902 0.002497 0.001218 0.000002 0.000047 0.000000
0.837449 0.158337 0.002782 0.001376 0.000002 0.000054 0.000000
0.822779 0.172477 0.003094 0.001580 0.000004 0.000065 0.000000
0.806596 0.188032 0.003448 0.001845 0.000004 0.000076 0.000000
0.793368 0.200694 0.003830 0.002014 0.000005 0.000090 0.000000
0.779701 0.213817 0.004182 0.002195 0.000005 0.000100 0.000000
0.763747 0.229043 0.004636 0.002456 0.000005 0.000113 0.000000
0.746781 0.245308 0.005082 0.002693 0.000006 0.000129 0.000000
0.729804 0.261534 0.005592 0.002918 0.000006 0.000145 0.000000
0.715865 0.274767 0.006013 0.003189 0.000007 0.000160 0.000000
0.700073 0.289719 0.006534 0.003486 0.000006 0.000181 0.000000
0.685015 0.303972 0.007046 0.003759 0.000006 0.000203 0.000000
0.669324 0.318808 0.007584 0.004046 0.000006 0.000232 0.000000
0.654553 0.332596 0.008180 0.004410 0.000006 0.000256 0.000000
0.639543 0.346717 0.008742 0.004717 0.000006 0.000276 0.000000
0.625941 0.359465 0.009213 0.005071 0.000006 0.000304 0.000000
0.612193 0.372161 0.009833 0.005471 0.000005 0.000336 0.000000
0.597478 0.385753 0.010518 0.005862 0.000005 0.000383 0.000000
0.585540 0.396871 0.010981 0.006189 0.000006 0.000413 0.000000
0.572128 0.409283 0.011587 0.006552 0.000009 0.000442 0.000000
0.560053 0.420294 0.012247 0.006930 0.000009 0.000467 0.000000
0.547052 0.432078 0.012994 0.007355 0.000010 0.000511 0.000000
0.534043 0.443830 0.013764 0.007781 0.000010 0.000572 0.000000
0.524720 0.452169 0.014392 0.008097 0.000012 0.000610 0.000000
0.512658 0.462928 0.015208 0.008549 0.000012 0.000644 0.000000
0.499608 0.474667 0.016009 0.009009 0.000012 0.000695 0.000000
0.489775 0.483263 0.016783 0.009409 0.000013 0.000757 0.000000
0.477391 0.494251 0.017619 0.009917 0.000013 0.000808 0.000000
0.466263 0.503950 0.018516 0.010373 0.000013 0.000886 0.000000
0.458899 0.510268 0.019117 0.010776 0.000014 0.000927 0.000000
0.450713 0.517274 0.019810 0.011191 0.000015 0.000997 0.000000
0.440124 0.526287 0.020805 0.011714 0.000014 0.001056 0.000000
0.426694 0.538087 0.021784 0.012263 0.000016 0.001155 0.000000
0.419243 0.544065 0.022667 0.012768 0.000017 0.001240 0.000000
0.411966 0.549933 0.023535 0.013227 0.000019 0.001320 0.000000
0.406343 0.554395 0.024231 0.013617 0.000019 0.001395 0.000000
0.393792 0.564901 0.025445 0.014320 0.000020 0.001522 0.000000
0.389048 0.568255 0.026256 0.014811 0.000019 0.001612 0.000000
0.378445 0.576948 0.027421 0.015448 0.000019 0.001719 0.000000
0.374816 0.579286 0.028174 0.015910 0.000021 0.001793 0.000000
0.371172 0.581644 0.028938 0.016365 0.000020 0.001860 0.000000
0.361927 0.588913 0.030109 0.017041 0.000021 0.001988 0.000000
0.359187 0.590506 0.030822 0.017392 0.000021 0.002071 0.000000
0.355208 0.592943 0.031741 0.017891 0.000021 0.002196 0.000000
0.350782 0.596015 0.032573 0.018327 0.000022 0.002282 0.000000
0.349170 0.596826 0.033065 0.018581 0.000023 0.002335 0.000000
0.345026 0.599057 0.034173 0.019262 0.000024 0.002458 0.000000
0.340363 0.602136 0.035134 0.019755 0.000027 0.002585 0.000000
0.331642 0.608661 0.036377 0.020558 0.000030 0.002732 0.000000
0.330333 0.608834 0.037022 0.020924 0.000034 0.002852 0.000000
0.322751 0.614302 0.038336 0.021579 0.000037 0.002996 0.000000
0.324775 0.611597 0.038641 0.021857 0.000036 0.003094 0.000000
0.317271 0.616790 0.040027 0.022599 0.000038 0.003275 0.000000
0.317242 0.616164 0.040404 0.022788 0.000040 0.003362 0.000000
0.309609 0.621574 0.041700 0.023543 0.000042 0.003532 0.000000
0.311019 0.619451 0.042043 0.023827 0.000043 0.003617 0.000000
0.306963 0.621671 0.043160 0.024361 0.000045 0.003801 0.000000
0.301011 0.625704 0.044278 0.025009 0.000045 0.003953 0.000000
0.296398 0.628553 0.045264 0.025626 0.000048 0.004111 0.000000
0.287875 0.634616 0.046715 0.026381 0.000054 0.004359 0.000000
0.283181 0.637648 0.047703 0.026880 0.000055 0.004533 0.000000
0.280283 0.639111 0.048494 0.027385 0.000058 0.004669 0.000000
0.273322 0.643345 0.050036 0.028318 0.000056 0.004922 0.000000
0.265690 0.648626 0.051360 0.029065 0.000057 0.005203 0.000000
0.266804 0.646349 0.051992 0.029425 0.000061 0.005370 0.000000
0.265088 0.647173 0.052469 0.029714 0.000063 0.005493 0.000000
0.255316 0.653215 0.054674 0.030930 0.000068 0.005798 0.000000
0.252297 0.655035 0.055392 0.031233 0.000072 0.005971 0.000000
0.246813 0.657995 0.056750 0.032135 0.000071 0.006235 0.000000
0.246706 0.657135 0.057235 0.032436 0.000073 0.006414 0.000000
0.239571 0.661116 0.059009 0.033563 0.000079 0.006661 0.000000
0.233899 0.665001 0.060033 0.034107 0.000081 0.006880 0.000000
0.227021 0.668053 0.062166 0.035347 0.000081 0.007331 0.000000
0.218619 0.673361 0.063953 0.036369 0.000093 0.007606 0.000000
0.216415 0.673198 0.065268 0.037093 0.000094 0.007931 0.000000
0.214721 0.673706 0.066118 0.037336 0.000093 0.008025 0.000000
0.202308 0.681957 0.068399 0.038706 0.000094 0.008536 0.000000
0.195979 0.684714 0.070399 0.039937 0.000100 0.008871 0.000000
0.195806 0.684584 0.070539 0.039988 0.000099 0.008984 0.000000
0.184326 0.691083 0.073343 0.041613 0.000105 0.009531 0.000000
0.181665 0.691730 0.074444 0.042220 0.000113 0.009828 0.000000
0.181944 0.688899 0.075849 0.043031 0.000116 0.010160 0.000000
0.175215 0.692939 0.077428 0.043824 0.000119 0.010476 0.000000
0.171413 0.694519 0.078647 0.044525 0.000128 0.010768 0.000000
0.161894 0.698651 0.081767 0.046181 0.000124 0.011383 0.000000
0.156781 0.700826 0.083401 0.047014 0.000137 0.011841 0.000000
0.159444 0.697470 0.083555 0.047359 0.000144 0.012028 0.000000
0.151913 0.700140 0.086281 0.048855 0.000151 0.012660 0.000000
0.145905 0.702876 0.088103 0.049859 0.000154 0.013103 0.000000
0.142918 0.703346 0.089307 0.050781 0.000163 0.013485 0.000000
0.139171 0.703695 0.091213 0.051650 0.000172 0.014100 0.000000
0.139214 0.702019 0.092079 0.052208 0.000171 0.014309 0.000000
0.139785 0.700914 0.092292 0.052338 0.000179 0.014491 0.000000
0.131805 0.703070 0.095519 0.054130 0.000186 0.015289 0.000000
0.127775 0.704124 0.097054 0.055053 0.000182 0.015811 0.000000
0.121118 0.707235 0.098961 0.056220 0.000196 0.016270 0.000000
0.120068 0.707072 0.099561 0.056559 0.000191 0.016549 0.000001
0.112866 0.708124 0.102962 0.058431 0.000202 0.017413 0.000001
0.110311 0.707431 0.104537 0.059458 0.000208 0.018054 0.000001
0.105455 0.708773 0.106499 0.060401 0.000215 0.018656 0.000002
0.107081 0.706335 0.106939 0.060660 0.000215 0.018769 0.000001
0.101057 0.707314 0.109709 0.062121 0.000223 0.019574 0.000002
0.099409 0.706215 0.111099 0.062889 0.000226 0.020160 0.000002
0.096913 0.704280 0.113472 0.064197 0.000237 0.020899 0.000002
0.096243 0.703602 0.114100 0.064655 0.000234 0.021165 0.000002
0.095367 0.701032 0.115887 0.065662 0.000242 0.021809 0.000002
0.093953 0.699335 0.117348 0.066695 0.000244 0.022424 0.000002
0.096928 0.695436 0.117932 0.066737 0.000250 0.022716 0.000002
0.091477 0.695327 0.120852 0.068396 0.000266 0.023681 0.000001
0.094430 0.691758 0.121075 0.068532 0.000271 0.023933 0.000002
0.090426 0.692377 0.122767 0.069648 0.000287 0.024493 0.000003
0.091969 0.688742 0.123678 0.070157 0.000284 0.025168 0.000002
0.083130 0.693613 0.125951 0.071315 0.000288 0.025700 0.000003
0.089037 0.688106 0.125634 0.071047 0.000285 0.025888 0.000002
0.081483 0.688186 0.129482 0.073292 0.000308 0.027246 0.000003
0.084966 0.682835 0.130344 0.073762 0.000308 0.027781 0.000003
0.084976 0.681865 0.130675 0.073975 0.000309 0.028197 0.000002
0.085992 0.678979 0.131626 0.074505 0.000317 0.028578 0.000003
0.085122 0.678050 0.132487 0.075051 0.000308 0.028979 0.000003
0.078536 0.678832 0.135359 0.076644 0.000322 0.030303 0.000003
0.080396 0.676118 0.135882 0.076823 0.000327 0.030449 0.000004
0.071864 0.678538 0.138901 0.078636 0.000343 0.031714 0.000004
0.072391 0.677777 0.139110 0.078503 0.000357 0.031858 0.000004
0.073985 0.673887 0.140042 0.079146 0.000352 0.032583 0.000005
0.069014 0.674530 0.142377 0.080367 0.000363 0.033345 0.000004
0.065396 0.674819 0.143811 0.081574 0.000366 0.034027 0.000006
0.064462 0.673017 0.145101 0.082217 0.000387 0.034810 0.000005
0.060869 0.672965 0.147134 0.083032 0.000393 0.035603 0.000004
0.060429 0.672085 0.147698 0.083432 0.000389 0.035964 0.000004
0.053732 0.670509 0.151807 0.085937 0.000411 0.037599 0.000005
0.052911 0.669566 0.152795 0.086228 0.000423 0.038072 0.000004
0.051301 0.668312 0.154033 0.087189 0.000428 0.038732 0.000005
0.050171 0.667593 0.154862 0.087588 0.000427 0.039354 0.000005
0.048937 0.666985 0.155730 0.088160 0.000431 0.039754 0.000003
0.046612 0.663810 0.158609 0.089494 0.000469 0.041003 0.000004
0.044062 0.663045 0.160164 0.090321 0.000477 0.041927 0.000005
0.043302 0.663801 0.160113 0.090510 0.000479 0.041789 0.000005
0.038958 0.661411 0.163461 0.092461 0.000486 0.043219 0.000005
0.045359 0.655654 0.162975 0.091984 0.000502 0.043523 0.000004
0.045145 0.652258 0.164673 0.092904 0.000508 0.044507 0.000005
0.044096 0.649611 0.166412 0.094009 0.000508 0.045358 0.000006
0.042610 0.648958 0.167347 0.094544 0.000521 0.046014 0.000006
0.041016 0.646397 0.169183 0.095691 0.000524 0.047184 0.000005
0.040622 0.645463 0.169668 0.095939 0.000551 0.047750 0.000006
0.041918 0.642499 0.170401 0.096324 0.000549 0.048302 0.000008
0.039935 0.639749 0.172696 0.097593 0.000572 0.049448 0.000006
0.038967 0.638369 0.173814 0.098069 0.000576 0.050197 0.000007
0.036828 0.635441 0.176138 0.099409 0.000606 0.051572 0.000006
0.039292 0.633079 0.175817 0.099419 0.000591 0.051798 0.000005
0.035013 0.634761 0.177290 0.100025 0.000592 0.052315 0.000004
0.037750 0.629515 0.178115 0.100667 0.000612 0.053336 0.000005
0.037806 0.627403 0.179080 0.101158 0.000606 0.053941 0.000007
0.033827 0.626344 0.181267 0.102756 0.000615 0.055183 0.000007
0.035873 0.623134 0.181689 0.102819 0.000636 0.055841 0.000008
0.033267 0.624236 0.182313 0.103162 0.000635 0.056382 0.000005
0.034124 0.620397 0.183492 0.103896 0.000646 0.057439 0.000006
0.031874 0.621413 0.184171 0.104099 0.000648 0.057791 0.000005
0.030214 0.619227 0.185935 0.105190 0.000661 0.058768 0.000006
0.031904 0.617497 0.185882 0.105107 0.000660 0.058944 0.000006
0.027655 0.613156 0.189809 0.107388 0.000675 0.061312 0.000006
0.027332 0.613160 0.189894 0.107474 0.000679 0.061456 0.000005
0.026790 0.610346 0.191176 0.108298 0.000694 0.062692 0.000005
0.026926 0.609030 0.191629 0.108567 0.000715 0.063127 0.000006
0.025456 0.605940 0.193659 0.109604 0.000724 0.064611 0.000006
0.030962 0.601029 0.193255 0.109203 0.000730 0.064816 0.000005
0.031373 0.598671 0.194070 0.109760 0.000728 0.065395 0.000004
0.031248 0.596173 0.195018 0.110450 0.000749 0.066355 0.000007
0.030983 0.593997 0.195902 0.110969 0.000766 0.067378 0.000005
0.032016 0.588450 0.197656 0.112002 0.000789 0.069083 0.000005
0.031957 0.588536 0.197576 0.111823 0.000795 0.069306 0.000008
0.034527 0.585540 0.197583 0.111930 0.000780 0.069633 0.000006
0.032198 0.583708 0.199519 0.112941 0.000782 0.070847 0.000006
0.030529 0.581441 0.201162 0.114038 0.000815 0.072010 0.000006
0.031898 0.582497 0.199886 0.113171 0.000809 0.071734 0.000004
0.030850 0.579213 0.201591 0.113990 0.000821 0.073529 0.000006
0.029699 0.577711 0.202977 0.114835 0.000818 0.073953 0.000006
0.032199 0.574709 0.202703 0.114845 0.000821 0.074715 0.000008
0.029134 0.573868 0.204362 0.115850 0.000864 0.075913 0.000009
0.027674 0.574111 0.204899 0.116108 0.000835 0.076367 0.000006
0.027227 0.571079 0.206467 0.116686 0.000867 0.077667 0.000008
0.026484 0.567879 0.207862 0.117739 0.000881 0.079146 0.000009
0.024569 0.568565 0.208502 0.117916 0.000895 0.079545 0.000008
0.023360 0.566368 0.209885 0.118728 0.000925 0.080723 0.000010
0.024530 0.564317 0.209925 0.118844 0.000921 0.081455 0.000009
0.023169 0.563167 0.211234 0.119431 0.000929 0.082064 0.000006
0.023784 0.560547 0.211574 0.119728 0.000955 0.083407 0.000006
0.022036 0.559284 0.213053 0.120341 0.000965 0.084314 0.000008
0.025289 0.555981 0.212617 0.120358 0.000950 0.084795 0.000009
0.027575 0.553357 0.212748 0.120342 0.000955 0.085013 0.000010
0.029060 0.549861 0.213084 0.120628 0.000971 0.086388 0.000008
0.028661 0.547279 0.214691 0.121100 0.000978 0.087282 0.000009
0.027652 0.545561 0.215205 0.122104 0.001008 0.088463 0.000008
0.031346 0.541479 0.215033 0.121845 0.001027 0.089261 0.000009
0.031746 0.541249 0.214973 0.121679 0.001035 0.089310 0.000009
0.028958 0.538521 0.217276 0.122886 0.001033 0.091317 0.000009
0.028752 0.536221 0.218274 0.123356 0.001051 0.092339 0.000008
0.030746 0.536458 0.216932 0.122967 0.001047 0.091841 0.000009
0.029451 0.532945 0.218989 0.123876 0.001089 0.093640 0.000009
0.026771 0.532381 0.220441 0.124679 0.001089 0.094629 0.000010
0.029996 0.529712 0.219822 0.124259 0.001089 0.095111 0.000011
0.026754 0.530259 0.220650 0.124860 0.001097 0.096368 0.000011
0.028787 0.528292 0.220348 0.124795 0.001100 0.096669 0.000010
0.023951 0.525379 0.223292 0.126966 0.001144 0.099258 0.000010
0.022393 0.526843 0.223758 0.126755 0.001134 0.099106 0.000011
0.024496 0.524272 0.223557 0.126552 0.001125 0.099987 0.000012
0.022880 0.521011 0.225623 0.127673 0.001159 0.101644 0.000011
0.021760 0.521353 0.225452 0.127961 0.001165 0.102298 0.000011
0.022064 0.519074 0.226333 0.128056 0.001185 0.103276 0.000012
0.022133 0.518633 0.226363 0.128092 0.001191 0.103574 0.000014
0.020939 0.516860 0.227682 0.128762 0.001214 0.104531 0.000012
0.018968 0.514355 0.228912 0.129946 0.001237 0.106570 0.000011
0.019477 0.513082 0.229269 0.129748 0.001227 0.107185 0.000012
0.017150 0.510547 0.231020 0.130976 0.001250 0.109047 0.000011
0.017435 0.508344 0.231456 0.131282 0.001261 0.110211 0.000011
0.017637 0.506924 0.231993 0.131336 0.001252 0.110845 0.000013
0.016996 0.505448 0.232528 0.131998 0.001253 0.111765 0.000012
0.016916 0.504477 0.233073 0.132169 0.001296 0.112054 0.000015
0.015878 0.500644 0.234742 0.133053 0.001307 0.114362 0.000015
0.016509 0.500822 0.234206 0.132865 0.001303 0.114283 0.000013
0.016006 0.497654 0.235355 0.133498 0.001326 0.116149 0.000012
0.015342 0.495022 0.236708 0.134003 0.001337 0.117574 0.000014
0.015039 0.493117 0.237289 0.134641 0.001337 0.118565 0.000013
0.015484 0.493896 0.236829 0.134056 0.001359 0.118363 0.000013
0.014687 0.489719 0.238287 0.135166 0.001381 0.120747 0.000013
0.014549 0.487563 0.239182 0.135607 0.001378 0.121711 0.000011
0.014771 0.485907 0.239260 0.135870 0.001390 0.122788 0.000015
0.014294 0.483875 0.240148 0.136152 0.001399 0.124119 0.000014
0.014397 0.484140 0.239943 0.136187 0.001406 0.123913 0.000013
0.013842 0.479638 0.241643 0.137116 0.001443 0.126306 0.000013
0.014242 0.479445 0.241224 0.137232 0.001422 0.126421 0.000014
0.013794 0.477423 0.242020 0.137373 0.001450 0.127928 0.000011
0.013736 0.475050 0.242891 0.137788 0.001462 0.129058 0.000015
0.013953 0.474603 0.242640 0.137685 0.001465 0.129641 0.000013
0.013590 0.473561 0.243561 0.137717 0.001484 0.130076 0.000012
0.013464 0.471039 0.244178 0.138250 0.001491 0.131564 0.000014
0.013354 0.468698 0.244758 0.138535 0.001485 0.133157 0.000013
0.013367 0.467628 0.245001 0.138741 0.001497 0.133751 0.000016
0.013141 0.464790 0.245673 0.139574 0.001519 0.135292 0.000012
0.013281 0.464451 0.246150 0.139197 0.001529 0.135378 0.000014
0.013192 0.462566 0.246543 0.139692 0.001535 0.136458 0.000015
0.012900 0.458449 0.247746 0.140432 0.001548 0.138914 0.000011
0.013014 0.459171 0.247474 0.140464 0.001566 0.138298 0.000014
0.012790 0.457056 0.248102 0.140638 0.001555 0.139843 0.000016
0.012598 0.453473 0.249192 0.141261 0.001623 0.141839 0.000015
0.012808 0.453688 0.248972 0.141002 0.001602 0.141912 0.000016
0.012554 0.451187 0.249644 0.141516 0.001596 0.143486 0.000016
0.012482 0.448005 0.250663 0.141660 0.001640 0.145534 0.000016
0.012598 0.447662 0.250834 0.141976 0.001622 0.145292 0.000016
0.012356 0.446190 0.250824 0.142544 0.001630 0.146439 0.000017
0.012516 0.443690 0.251554 0.142527 0.001681 0.148017 0.000015
0.012647 0.443229 0.251499 0.142559 0.001641 0.148407 0.000018
0.012545 0.441976 0.251829 0.142784 0.001693 0.149158 0.000015
0.012311 0.438631 0.253188 0.143247 0.001692 0.150916 0.000014
0.012256 0.438073 0.252958 0.143184 0.001688 0.151824 0.000017
0.012386 0.437892 0.252822 0.143005 0.001703 0.152175 0.000017
0.012405 0.435940 0.253127 0.143420 0.001711 0.153378 0.000019
0.012217 0.432460 0.254144 0.144072 0.001763 0.155328 0.000016
0.012169 0.430010 0.254913 0.144253 0.001765 0.156873 0.000018
0.012158 0.429466 0.255022 0.144348 0.001775 0.157213 0.000019
0.012094 0.428407 0.255046 0.144604 0.001748 0.158085 0.000017
0.012054 0.426433 0.255440 0.144855 0.001765 0.159433 0.000020
0.011943 0.425337 0.256061 0.144694 0.001794 0.160153 0.000019
0.011950 0.422746 0.256673 0.145197 0.001835 0.161577 0.000022
0.011844 0.420637 0.257374 0.145378 0.001841 0.162907 0.000020
0.011845 0.419310 0.257305 0.145563 0.001843 0.164111 0.000022
0.011895 0.419037 0.257405 0.145441 0.001842 0.164363 0.000018
0.011960 0.418804 0.257248 0.145345 0.001884 0.164742 0.000016
0.011943 0.415216 0.258070 0.145893 0.001874 0.166984 0.000021
0.011826 0.414233 0.258248 0.146188 0.001867 0.167616 0.000021
0.012036 0.413770 0.258425 0.146006 0.001873 0.167865 0.000025
0.011668 0.410819 0.259028 0.146529 0.001877 0.170057 0.000023
0.011949 0.410932 0.259080 0.146209 0.001902 0.169904 0.000024
0.011716 0.408993 0.259128 0.146569 0.001892 0.171682 0.000022
0.011632 0.406585 0.259757 0.147059 0.001948 0.172996 0.000023
0.011660 0.405360 0.260277 0.147033 0.001918 0.173728 0.000024
0.011749 0.403718 0.260326 0.147134 0.001922 0.175125 0.000026
0.011753 0.400876 0.260702 0.147517 0.001980 0.177143 0.000029
0.011666 0.400367 0.260855 0.147417 0.001964 0.177708 0.000024
0.011618 0.399929 0.260926 0.147637 0.001973 0.177892 0.000026
0.011720 0.398929 0.261041 0.147488 0.001998 0.178800 0.000024
0.011740 0.396291 0.261765 0.148026 0.001998 0.180158 0.000022
0.011720 0.394868 0.261837 0.148142 0.002030 0.181376 0.000027
0.011529 0.394026 0.262016 0.147956 0.002013 0.182428 0.000031
0.011568 0.391497 0.262303 0.148640 0.002016 0.183948 0.000027
0.011846 0.391593 0.262339 0.148127 0.002026 0.184042 0.000027
0.011584 0.389531 0.262754 0.148554 0.002000 0.185547 0.000029
0.011436 0.387570 0.263427 0.148665 0.002065 0.186810 0.000026
0.011453 0.384357 0.263912 0.148862 0.002082 0.189310 0.000024
0.011501 0.385350 0.263240 0.148736 0.002092 0.189054 0.000028
0.011637 0.384262 0.263369 0.148663 0.002080 0.189961 0.000027
0.011525 0.381554 0.264064 0.149032 0.002088 0.191705 0.000032
0.011566 0.379723 0.264741 0.149478 0.002081 0.192383 0.000029
0.011615 0.379282 0.264239 0.149697 0.002094 0.193045 0.000027
0.011730 0.377470 0.264497 0.149565 0.002141 0.194569 0.000028
0.011454 0.376695 0.264800 0.149452 0.002100 0.195464 0.000035
0.011571 0.375445 0.265010 0.149481 0.002128 0.196330 0.000035
0.011648 0.372570 0.265215 0.149889 0.002127 0.198518 0.000034
0.011460 0.370855 0.265589 0.149917 0.002178 0.199964 0.000036
0.011542 0.371952 0.265110 0.149869 0.002144 0.199355 0.000029
0.011404 0.369214 0.265809 0.150373 0.002187 0.200977 0.000037
0.011599 0.367647 0.265772 0.150177 0.002176 0.202596 0.000034
0.011636 0.367065 0.265945 0.150175 0.002208 0.202939 0.000032
0.011419 0.364651 0.266182 0.150516 0.002201 0.204995 0.000036
0.011523 0.363998 0.266500 0.150389 0.002256 0.205299 0.000036
0.011462 0.363125 0.266096 0.150633 0.002220 0.206430 0.000033
0.011539 0.361349 0.266639 0.150825 0.002244 0.207365 0.000039
0.011653 0.360686 0.266702 0.150780 0.002254 0.207887 0.000038
0.011550 0.358362 0.267104 0.150716 0.002315 0.209916 0.000036
0.011690 0.357604 0.266688 0.150995 0.002275 0.210703 0.000044
0.011549 0.356878 0.267108 0.150789 0.002276 0.211361 0.000040
0.011389 0.355332 0.267374 0.151137 0.002319 0.212410 0.000040
0.011591 0.353125 0.267662 0.151182 0.002312 0.214090 0.000037
0.011576 0.352089 0.267453 0.151256 0.002302 0.215281 0.000042
0.011518 0.352443 0.267787 0.151180 0.002308 0.214721 0.000044
0.011526 0.349141 0.267676 0.151795 0.002326 0.217494 0.000042
0.011443 0.349631 0.267765 0.151539 0.002340 0.217236 0.000046
0.011507 0.348832 0.267914 0.151291 0.002383 0.218031 0.000044
0.011537 0.346485 0.267951 0.151579 0.002331 0.220068 0.000049
0.011646 0.345181 0.268354 0.151757 0.002375 0.220646 0.000042
0.011675 0.344967 0.267812 0.151668 0.002369 0.221461 0.000047
0.011499 0.342718 0.268346 0.151986 0.002375 0.223034 0.000042
0.011545 0.341130 0.268339 0.151934 0.002421 0.224589 0.000042
0.011514 0.339762 0.268326 0.151693 0.002405 0.226252 0.000048
0.017547 0.337556 0.266791 0.150766 0.002452 0.224847 0.000041
0.027829 0.335117 0.262918 0.148742 0.002378 0.222975 0.000040
0.023377 0.334951 0.264292 0.149833 0.002382 0.225126 0.000040
0.025840 0.333910 0.263701 0.149156 0.002414 0.224934 0.000045
0.022046 0.332281 0.264986 0.149956 0.002420 0.228265 0.000046
0.023112 0.333134 0.264437 0.149457 0.002376 0.227446 0.000038
0.027154 0.331691 0.262699 0.148520 0.002402 0.227485 0.000048
0.026890 0.331582 0.262578 0.148363 0.002416 0.228128 0.000044
0.023429 0.330258 0.263821 0.149161 0.002441 0.230847 0.000042
0.025512 0.329260 0.262913 0.148573 0.002453 0.231238 0.000051
0.026373 0.328583 0.262365 0.148461 0.002456 0.231720 0.000043
0.022121 0.328297 0.263683 0.149232 0.002471 0.234153 0.000044
0.023311 0.327564 0.262893 0.148871 0.002454 0.234860 0.000046
0.021536 0.326601 0.263793 0.149413 0.002487 0.236120 0.000052
0.020773 0.326798 0.263602 0.149358 0.002565 0.236853 0.000051
0.019585 0.324400 0.264205 0.149660 0.002504 0.239600 0.000046
0.023372 0.322712 0.263561 0.149104 0.002536 0.238664 0.000051
0.032355 0.322194 0.259909 0.147008 0.002497 0.235982 0.000055
0.027803 0.321305 0.260963 0.148081 0.002525 0.239276 0.000047
0.028411 0.320611 0.260763 0.147664 0.002496 0.240005 0.000050
0.029290 0.318985 0.260766 0.147989 0.002554 0.240360 0.000055
0.029874 0.319914 0.259794 0.147464 0.002551 0.240351 0.000051
0.029981 0.317268 0.260538 0.147608 0.002539 0.242015 0.000051
0.026564 0.316936 0.261738 0.148163 0.002615 0.243927 0.000057
0.025872 0.314953 0.262169 0.148415 0.002596 0.245940 0.000055
0.028019 0.316293 0.260425 0.147471 0.002623 0.245115 0.000053
0.025286 0.316988 0.260650 0.148085 0.002606 0.246328 0.000057
0.023076 0.313726 0.262684 0.148996 0.002617 0.248843 0.000058
0.025633 0.313571 0.261081 0.147946 0.002625 0.249089 0.000055
0.024142 0.313093 0.261760 0.148313 0.002667 0.249969 0.000057
0.021674 0.312218 0.262673 0.148635 0.002642 0.252101 0.000056
0.021101 0.312358 0.262591 0.148735 0.002672 0.252481 0.000062
0.019865 0.310811 0.262884 0.149324 0.002707 0.254349 0.000059
0.020634 0.310447 0.262580 0.148574 0.002679 0.255030 0.000055
0.018547 0.308463 0.263798 0.149500 0.002705 0.256929 0.000058
0.018721 0.308275 0.263355 0.149340 0.002688 0.257554 0.000067
0.016361 0.305817 0.264823 0.149987 0.002721 0.260229 0.000062
0.017725 0.306281 0.263811 0.149284 0.002708 0.260123 0.000067
0.017182 0.304573 0.264159 0.149547 0.002737 0.261742 0.000060
0.016690 0.302170 0.264299 0.150220 0.002770 0.263779 0.000071
0.015631 0.300148 0.264841 0.150464 0.002767 0.266092 0.000057
0.015212 0.299647 0.265273 0.150455 0.002813 0.266537 0.000063
0.015274 0.299968 0.264425 0.150490 0.002816 0.266965 0.000063
0.014732 0.298109 0.265244 0.150472 0.002796 0.268578 0.000069
0.014724 0.297756 0.265511 0.150381 0.002804 0.268761 0.000063
0.013851 0.295817 0.265927 0.150934 0.002851 0.270551 0.000068
0.013518 0.293967 0.266550 0.151174 0.002886 0.271836 0.000068
0.014017 0.293936 0.265354 0.150637 0.002874 0.273115 0.000066
0.013969 0.293692 0.265182 0.150417 0.002869 0.273806 0.000066
0.013363 0.290744 0.266506 0.150708 0.002886 0.275720 0.000073
0.012960 0.288898 0.266382 0.151243 0.002910 0.277538 0.000070
0.013172 0.289385 0.266132 0.150707 0.002916 0.277615 0.000073
0.013256 0.288852 0.265678 0.150830 0.002913 0.278400 0.000071
0.013043 0.286719 0.266711 0.150695 0.002923 0.279836 0.000073
0.012719 0.285334 0.266279 0.151184 0.002962 0.281444 0.000077
0.012851 0.285757 0.266169 0.150870 0.002915 0.281360 0.000077
0.012414 0.282221 0.266849 0.151239 0.002903 0.284297 0.000077
0.012798 0.283731 0.266412 0.150813 0.002951 0.283219 0.000076
0.012791 0.281410 0.266229 0.150708 0.002989 0.285796 0.000077
0.012698 0.282075 0.266297 0.150693 0.002983 0.285187 0.000068
0.012563 0.279937 0.266165 0.150801 0.003008 0.287445 0.000081
0.012632 0.278902 0.265907 0.150730 0.002992 0.288758 0.000079
0.012713 0.278199 0.265678 0.150665 0.002996 0.289672 0.000076
0.012320 0.275645 0.266313 0.150910 0.003055 0.291673 0.000084
0.012429 0.276883 0.265917 0.150569 0.003008 0.291116 0.000078
0.012463 0.274467 0.265885 0.150702 0.003034 0.293364 0.000085
0.012430 0.274861 0.265720 0.150891 0.003028 0.292989 0.000080
0.012609 0.273478 0.265478 0.150363 0.003084 0.294899 0.000089
0.012088 0.269732 0.266489 0.151052 0.003078 0.297475 0.000085
0.012179 0.271089 0.265777 0.151049 0.003054 0.296769 0.000083
0.012362 0.270169 0.265673 0.150429 0.003074 0.298213 0.000079
0.012442 0.268713 0.265352 0.150551 0.003065 0.299791 0.000086
0.012525 0.268308 0.264983 0.150370 0.003103 0.300627 0.000083
0.012418 0.266615 0.265717 0.150431 0.003105 0.301629 0.000084
0.012085 0.263666 0.266280 0.150784 0.003134 0.303969 0.000083
0.012319 0.263894 0.265378 0.150902 0.003159 0.304258 0.000089
0.012203 0.262200 0.265828 0.150451 0.003133 0.306099 0.000086
0.012188 0.261350 0.265999 0.150744 0.003165 0.306470 0.000084
0.012347 0.260352 0.265381 0.150234 0.003206 0.308386 0.000094
0.012396 0.259955 0.265252 0.150610 0.003197 0.308498 0.000092
0.012405 0.259187 0.265310 0.150036 0.003162 0.309813 0.000086
0.012443 0.260615 0.265306 0.149815 0.003157 0.308575 0.000089
0.012475 0.259155 0.264492 0.149728 0.003205 0.310856 0.000090
0.012511 0.260001 0.264161 0.149812 0.003227 0.310202 0.000085
0.012369 0.256756 0.264753 0.149918 0.003222 0.312895 0.000086
0.012400 0.256740 0.264662 0.149668 0.003215 0.313228 0.000087
0.012350 0.254785 0.264541 0.149759 0.003274 0.315205 0.000086
0.012419 0.255388 0.264031 0.149414 0.003284 0.315382 0.000083
0.012286 0.253448 0.264627 0.150021 0.003252 0.316281 0.000084
0.012254 0.251996 0.264264 0.149634 0.003302 0.318467 0.000083
0.012288 0.251612 0.264206 0.149611 0.003260 0.318937 0.000086
0.012533 0.250594 0.263895 0.149718 0.003339 0.319833 0.000089
0.012385 0.249353 0.263690 0.149694 0.003281 0.321505 0.000091
0.012505 0.248706 0.263700 0.149800 0.003288 0.321912 0.000089
0.012562 0.247636 0.263778 0.149389 0.003380 0.323165 0.000090
0.012274 0.247411 0.263548 0.149285 0.003327 0.324069 0.000086
0.012624 0.245603 0.262945 0.149143 0.003338 0.326253 0.000093
0.012463 0.244876 0.263381 0.149178 0.003371 0.326637 0.000095
0.012654 0.244480 0.262882 0.149120 0.003352 0.327422 0.000090
0.012761 0.244433 0.262740 0.148788 0.003348 0.327835 0.000094
0.012383 0.242373 0.262527 0.148864 0.003380 0.330383 0.000090
0.012566 0.242912 0.262278 0.149039 0.003384 0.329723 0.000097
0.012720 0.241343 0.262635 0.148862 0.003351 0.330997 0.000092
0.012506 0.240887 0.262557 0.148555 0.003377 0.332024 0.000093
0.012724 0.239837 0.261844 0.148540 0.003375 0.333590 0.000090
0.012554 0.239343 0.261699 0.148802 0.003432 0.334081 0.000090
0.012734 0.237381 0.262065 0.148513 0.003414 0.335801 0.000092
0.012562 0.239236 0.261543 0.148141 0.003425 0.334998 0.000094
0.012701 0.237488 0.261294 0.148209 0.003421 0.336792 0.000095
0.012623 0.235126 0.261503 0.148104 0.003430 0.339115 0.000098
0.012619 0.233868 0.261098 0.148537 0.003468 0.340311 0.000099
0.012809 0.233924 0.261231 0.147920 0.003478 0.340542 0.000097
0.012860 0.232199 0.261264 0.147940 0.003483 0.342151 0.000103
0.012970 0.233099 0.260447 0.147717 0.003422 0.342252 0.000093
0.012739 0.232568 0.260621 0.147923 0.003548 0.342502 0.000098
0.012804 0.231782 0.260003 0.147578 0.003551 0.344187 0.000095
0.012916 0.228654 0.260235 0.147864 0.003514 0.346714 0.000104
0.013023 0.230434 0.259664 0.147540 0.003524 0.345715 0.000101
0.013062 0.228795 0.259966 0.147670 0.003537 0.346869 0.000101
0.012907 0.228092 0.259399 0.147295 0.003538 0.348672 0.000098
0.012931 0.228123 0.259507 0.147164 0.003569 0.348603 0.000103
0.012967 0.225192 0.259383 0.147361 0.003556 0.351427 0.000115
0.013131 0.228071 0.258925 0.146997 0.003584 0.349185 0.000106
0.013022 0.225387 0.258887 0.146982 0.003537 0.352078 0.000107
0.013142 0.225545 0.258528 0.146828 0.003562 0.352284 0.000112
0.013228 0.225042 0.258476 0.146575 0.003599 0.352975 0.000105
0.013070 0.223368 0.258402 0.146665 0.003571 0.354824 0.000099
0.013100 0.222139 0.258022 0.146582 0.003573 0.356482 0.000103
0.013145 0.221334 0.258416 0.146533 0.003573 0.356891 0.000107
0.013123 0.218925 0.258062 0.146608 0.003638 0.359536 0.000109
0.013290 0.219674 0.258115 0.146601 0.003610 0.358609 0.000101
0.013230 0.220663 0.257487 0.146071 0.003643 0.358804 0.000101
0.013335 0.219045 0.257198 0.145920 0.003615 0.360779 0.000108
0.013412 0.218717 0.257526 0.145739 0.003653 0.360841 0.000112
0.013289 0.218678 0.257346 0.145931 0.003630 0.361022 0.000104
0.013324 0.217030 0.256944 0.145833 0.003583 0.363186 0.000102
0.013195 0.216361 0.256531 0.145700 0.003719 0.364393 0.000102
0.013381 0.213640 0.256784 0.145529 0.003683 0.366875 0.000107
0.013459 0.214304 0.256483 0.145510 0.003709 0.366420 0.000116
0.013378 0.212817 0.256174 0.145483 0.003703 0.368335 0.000110
0.013515 0.211629 0.255888 0.145343 0.003745 0.369771 0.000108
0.013508 0.213083 0.255711 0.144858 0.003667 0.369060 0.000113
0.013617 0.210850 0.255128 0.145070 0.003711 0.371508 0.000115
0.013499 0.211938 0.255306 0.144629 0.003746 0.370768 0.000115
0.013582 0.212143 0.254628 0.144774 0.003730 0.371033 0.000111
0.013737 0.210847 0.254670 0.144250 0.003785 0.372600 0.000111
0.013621 0.209522 0.254525 0.144588 0.003742 0.373885 0.000116
0.013717 0.208552 0.254222 0.144052 0.003740 0.375602 0.000116
0.013580 0.207265 0.254311 0.144456 0.003800 0.376469 0.000119
0.013654 0.207202 0.253859 0.144259 0.003795 0.377116 0.000115
0.013585 0.208158 0.253793 0.144143 0.003787 0.376424 0.000110
0.013708 0.206328 0.253564 0.143915 0.003843 0.378530 0.000112
0.013857 0.204560 0.253402 0.143383 0.003811 0.380886 0.000101
0.013803 0.205169 0.253107 0.143436 0.003870 0.380501 0.000114
0.013687 0.204309 0.252929 0.143608 0.003869 0.381479 0.000119
0.013857 0.203661 0.253207 0.143304 0.003912 0.381941 0.000118
0.013778 0.203537 0.252789 0.143401 0.003868 0.382509 0.000117
0.013869 0.201526 0.252327 0.142987 0.003898 0.385270 0.000123
0.014113 0.200943 0.252262 0.142876 0.003877 0.385812 0.000118
0.014038 0.201191 0.251544 0.142969 0.003862 0.386274 0.000122
0.013899 0.199274 0.251920 0.142702 0.003931 0.388152 0.000123
0.013923 0.200912 0.251580 0.142530 0.003900 0.387032 0.000124
0.013844 0.199705 0.251632 0.142865 0.003886 0.387954 0.000115
0.013979 0.198924 0.251522 0.142490 0.003907 0.389061 0.000116
0.014152 0.196698 0.251077 0.142206 0.003937 0.391804 0.000128
0.014131 0.196200 0.250790 0.142110 0.003957 0.392680 0.000132
0.014165 0.195055 0.250591 0.142143 0.003973 0.393947 0.000126
0.014391 0.195629 0.249974 0.141795 0.003958 0.394128 0.000125
0.014308 0.194942 0.249961 0.141852 0.003961 0.394848 0.000128
0.014250 0.195153 0.249816 0.141770 0.003931 0.394946 0.000134
0.014396 0.194734 0.249896 0.141382 0.003961 0.395504 0.000127
0.014356 0.194247 0.249142 0.141211 0.003956 0.396965 0.000124
0.014329 0.192735 0.249519 0.141282 0.003953 0.398055 0.000126
0.014620 0.190563 0.249182 0.140943 0.004008 0.400551 0.000132
0.014475 0.191890 0.249108 0.140805 0.003960 0.399627 0.000136
0.014482 0.191519 0.248527 0.140979 0.003957 0.400406 0.000131
0.014602 0.189182 0.247974 0.140606 0.003989 0.403513 0.000133
0.014603 0.189362 0.248143 0.140351 0.004015 0.403394 0.000133
0.014546 0.189469 0.247621 0.140436 0.004000 0.403793 0.000135
0.014619 0.188970 0.247062 0.140314 0.004015 0.404883 0.000138
0.014720 0.188018 0.247196 0.140354 0.004058 0.405516 0.000138
0.014660 0.187088 0.246717 0.139748 0.004053 0.407596 0.000138
0.014709 0.187079 0.246762 0.139734 0.004070 0.407504 0.000142
0.014818 0.186084 0.246594 0.139922 0.004096 0.408347 0.000139
0.014616 0.187657 0.246191 0.140014 0.004063 0.407315 0.000144
0.014890 0.186523 0.245887 0.139785 0.004045 0.408725 0.000145
0.014789 0.185635 0.245660 0.139458 0.004071 0.410243 0.000143
0.014862 0.184715 0.245575 0.139218 0.004064 0.411416 0.000150
0.014922 0.183850 0.245329 0.139088 0.004098 0.412566 0.000147
0.015044 0.183068 0.245204 0.139023 0.004059 0.413458 0.000145
0.014907 0.182939 0.244706 0.138796 0.004109 0.414403 0.000139
0.014803 0.182133 0.244932 0.138569 0.004119 0.415293 0.000151
0.015011 0.181834 0.244292 0.138567 0.004136 0.416017 0.000144
0.014968 0.182447 0.244610 0.138500 0.004104 0.415217 0.000153
0.015068 0.181054 0.243992 0.138425 0.004154 0.417160 0.000148
0.014984 0.179825 0.243441 0.138105 0.004096 0.419409 0.000139
0.015133 0.178659 0.243683 0.137460 0.004113 0.420800 0.000152
0.015348 0.178285 0.243059 0.137791 0.004146 0.421219 0.000152
0.015176 0.179708 0.243281 0.137872 0.004112 0.419694 0.000156
0.015298 0.177731 0.242708 0.137302 0.004181 0.422620 0.000160
0.015224 0.177428 0.242717 0.137311 0.004216 0.422950 0.000154
0.015231 0.177230 0.242444 0.136964 0.004187 0.423795 0.000149
0.015355 0.176416 0.241831 0.137057 0.004205 0.424986 0.000148
0.015380 0.176448 0.241564 0.137215 0.004187 0.425058 0.000147
0.015496 0.175675 0.241097 0.136891 0.004196 0.426491 0.000154
0.015335 0.176099 0.241676 0.136546 0.004176 0.426006 0.000162
0.015456 0.174866 0.241279 0.136933 0.004189 0.427126 0.000152
0.015430 0.174062 0.240705 0.136379 0.004188 0.429083 0.000152
0.015596 0.173354 0.240272 0.136221 0.004212 0.430189 0.000156
0.015603 0.172170 0.240122 0.136133 0.004247 0.431577 0.000148
0.015635 0.172054 0.240005 0.135914 0.004197 0.432031 0.000164
0.015739 0.171847 0.239577 0.135620 0.004281 0.432773 0.000163
0.015816 0.171542 0.239296 0.135493 0.004221 0.433473 0.000158
0.015733 0.171516 0.239387 0.135667 0.004254 0.433281 0.000162
0.015898 0.170645 0.238504 0.135352 0.004226 0.435213 0.000162
0.015808 0.170032 0.238219 0.135020 0.004212 0.436557 0.000152
0.015873 0.170184 0.238041 0.135226 0.004243 0.436277 0.000157
0.015973 0.168569 0.237978 0.134847 0.004275 0.438194 0.000163
0.016007 0.168752 0.237706 0.134883 0.004304 0.438180 0.000167
0.015921 0.168333 0.237663 0.134495 0.004285 0.439147 0.000156
0.015963 0.167318 0.237131 0.134621 0.004352 0.440452 0.000163
0.016112 0.166875 0.236738 0.133861 0.004291 0.441949 0.000174
0.016134 0.166972 0.236853 0.133968 0.004338 0.441567 0.000167
0.016154 0.166798 0.236263 0.133954 0.004323 0.442340 0.000169
0.016220 0.165532 0.235665 0.133408 0.004295 0.444698 0.000181
0.016282 0.164744 0.235646 0.133747 0.004307 0.445108 0.000166
0.016198 0.164998 0.235591 0.133732 0.004336 0.444974 0.000170
0.016398 0.165595 0.235467 0.133413 0.004311 0.444641 0.000175
0.016384 0.163937 0.235076 0.133086 0.004388 0.446955 0.000175
0.016585 0.164575 0.235065 0.132867 0.004366 0.446379 0.000164
0.016437 0.162995 0.234618 0.132809 0.004369 0.448604 0.000169
0.016309 0.162995 0.234405 0.132343 0.004359 0.449417 0.000171
0.016415 0.162536 0.233867 0.132991 0.004359 0.449661 0.000172
0.016451 0.161568 0.233730 0.132569 0.004404 0.451112 0.000166
0.016574 0.161891 0.233292 0.132365 0.004388 0.451319 0.000170
0.016432 0.162089 0.233551 0.132480 0.004360 0.450911 0.000178
0.016594 0.160539 0.232971 0.131998 0.004436 0.453280 0.000182
0.016528 0.159362 0.233317 0.132014 0.004450 0.454152 0.000177
0.016615 0.159714 0.232158 0.131736 0.004366 0.455225 0.000186
0.016595 0.158675 0.232320 0.132073 0.004382 0.455776 0.000179
0.016687 0.158149 0.231651 0.131461 0.004422 0.457455 0.000175
0.016592 0.158681 0.231693 0.131336 0.004453 0.457058 0.000188
0.016991 0.157191 0.231437 0.131327 0.004433 0.458443 0.000179
0.016850 0.156844 0.231310 0.130756 0.004446 0.459610 0.000184
0.016992 0.156795 0.231270 0.131016 0.004504 0.459241 0.000182
0.016983 0.156066 0.230329 0.130608 0.004466 0.461370 0.000178
0.017014 0.155079 0.230291 0.130560 0.004457 0.462408 0.000193
0.016927 0.155944 0.230285 0.130427 0.004457 0.461791 0.000169
0.017064 0.155511 0.230392 0.129817 0.004418 0.462613 0.000187
0.017405 0.154130 0.229397 0.129803 0.004452 0.464636 0.000178
0.017075 0.154940 0.229611 0.129827 0.004433 0.463926 0.000189
0.017234 0.153347 0.228830 0.129530 0.004515 0.466358 0.000187
0.017074 0.153771 0.228912 0.129419 0.004474 0.466153 0.000195
0.017375 0.152342 0.228378 0.129000 0.004444 0.468274 0.000187
0.017412 0.152654 0.228461 0.129015 0.004469 0.467804 0.000185
0.017500 0.152312 0.227159 0.129211 0.004469 0.469159 0.000190
0.017278 0.152645 0.227477 0.128695 0.004478 0.469224 0.000203
0.017336 0.151840 0.227795 0.128775 0.004493 0.469575 0.000186
0.017248 0.150767 0.227363 0.128589 0.004486 0.471364 0.000184
0.017541 0.150645 0.226968 0.128374 0.004515 0.471774 0.000183
0.017642 0.150479 0.226729 0.128381 0.004476 0.472106 0.000188
0.017383 0.149342 0.226517 0.127917 0.004512 0.474140 0.000188
0.017601 0.149503 0.225671 0.127706 0.004527 0.474811 0.000182
0.017531 0.148489 0.226036 0.127632 0.004569 0.475555 0.000188
0.017795 0.147609 0.225231 0.127355 0.004578 0.477238 0.000195
0.017726 0.147704 0.225167 0.126982 0.004565 0.477656 0.000200
0.017822 0.148425 0.225172 0.127399 0.004541 0.476452 0.000189
0.017889 0.147618 0.224429 0.126838 0.004594 0.478436 0.000195
0.017770 0.146713 0.224270 0.126660 0.004480 0.479919 0.000188
0.017950 0.147419 0.224601 0.126981 0.004549 0.478302 0.000197
0.017901 0.146898 0.223779 0.126468 0.004591 0.480171 0.000191
0.017963 0.146153 0.223669 0.126448 0.004578 0.480992 0.000197
0.018059 0.145182 0.222967 0.126710 0.004607 0.482289 0.000186
0.018067 0.144575 0.222903 0.126340 0.004617 0.483294 0.000204
0.018030 0.144875 0.222652 0.126205 0.004603 0.483441 0.000194
0.018146 0.144487 0.222522 0.126489 0.004532 0.483634 0.000191
0.018151 0.144133 0.221965 0.125754 0.004596 0.485198 0.000203
0.018232 0.143072 0.222089 0.125491 0.004559 0.486365 0.000193
0.018306 0.144349 0.221776 0.125247 0.004560 0.485563 0.000199
0.018206 0.143008 0.221157 0.125539 0.004537 0.487362 0.000190
