0.999107 0.000872 0.000011 0.000010 0.000000 0.000000 0.000000
0.998665 0.001301 0.000019 0.000005 0.000000 0.000010 0.000000
0.998221 0.001735 0.000027 0.000007 0.000000 0.000010 0.000000
0.997759 0.002188 0.000032 0.000011 0.000000 0.000010 0.000000
0.997261 0.002669 0.000042 0.000016 0.000000 0.000011 0.000000
0.996832 0.003083 0.000048 0.000026 0.000000 0.000011 0.000000
0.996227 0.003677 0.000057 0.000028 0.000000 0.000011 0.000000
0.995521 0.004374 0.000064 0.000030 0.000000 0.000010 0.000000
0.994676 0.005215 0.000070 0.000029 0.000000 0.000010 0.000000
0.993657 0.006226 0.000074 0.000033 0.000000 0.000010 0.000000
0.992639 0.007223 0.000085 0.000044 0.000000 0.000009 0.000000
0.991438 0.008385 0.000114 0.000052 0.000000 0.000010 0.000000
0.989625 0.010168 0.000141 0.000056 0.000000 0.000010 0.000000
0.987827 0.011893 0.000186 0.000086 0.000000 0.000008 0.000000
0.985089 0.014562 0.000241 0.000100 0.000000 0.000008 0.000000
0.982280 0.017344 0.000256 0.000113 0.000000 0.000007 0.000000
0.978037 0.021502 0.000310 0.000143 0.000000 0.000008 0.000000
0.973569 0.025857 0.000377 0.000191 0.000000 0.000006 0.000000
0.968902 0.030431 0.000452 0.000209 0.000000 0.000006 0.000000
0.963517 0.035704 0.000523 0.000251 0.000000 0.000005 0.000000
0.957201 0.041911 0.000600 0.000283 0.000000 0.000005 0.000000
0.951741 0.047230 0.000691 0.000330 0.000000 0.000009 0.000000
0.942993 0.055764 0.000825 0.000399 0.000000 0.000019 0.000000
0.934466 0.064073 0.000949 0.000488 0.000000 0.000025 0.000000
0.925964 0.072378 0.001059 0.000564 0.000000 0.000034 0.000000
0.916846 0.081294 0.001199 0.000620 0.000000 0.000041 0.000000
0.905240 0.092560 0.001401 0.000755 0.000000 0.000043 0.000000
0.894596 0.102917 0.001577 0.000865 0.000001 0.000043 0.000000
0.882297 0.114859 0.001799 0.000998 0.000004 0.000044 0.000000
0.870857 0.125944 0.002022 0.001127 0.000003 0.000047 0.000000
0.857006 0.139355 0.002298 0.001286 0.000003 0.000053 0.000000
0.843666 0.152244 0.002580 0.001447 0.000002 0.000060 0.000000
0.829308 0.166057 0.002907 0.001651 0.000003 0.000073 0.000000
0.816450 0.178414 0.003206 0.001848 0.000004 0.000078 0.000000
0.802593 0.191724 0.003536 0.002054 0.000003 0.000090 0.000000
0.788794 0.204964 0.003886 0.002251 0.000004 0.000101 0.000000
0.772858 0.220234 0.004301 0.002489 0.000003 0.000115 0.000000
0.757792 0.234661 0.004693 0.002721 0.000004 0.000129 0.000000
0.741754 0.249887 0.005212 0.003000 0.000005 0.000142 0.000000
0.728805 0.262250 0.005580 0.003200 0.000006 0.000160 0.000000
0.713271 0.277088 0.006011 0.003443 0.000006 0.000181 0.000000
0.698886 0.290824 0.006412 0.003672 0.000005 0.000201 0.000000
0.683096 0.305754 0.006940 0.003985 0.000004 0.000221 0.000000
0.669947 0.318161 0.007408 0.004237 0.000004 0.000243 0.000000
0.651811 0.335249 0.008081 0.004581 0.000005 0.000273 0.000000
0.637057 0.349156 0.008592 0.004895 0.000005 0.000295 0.000000
0.620989 0.364096 0.009273 0.005318 0.000005 0.000318 0.000000
0.606294 0.377662 0.009958 0.005713 0.000007 0.000365 0.000000
0.593273 0.389745 0.010569 0.006009 0.000007 0.000397 0.000000
0.578475 0.403462 0.011237 0.006383 0.000007 0.000437 0.000000
0.565049 0.415926 0.011802 0.006740 0.000008 0.000476 0.000000
0.550864 0.428889 0.012552 0.007179 0.000008 0.000508 0.000000
0.535724 0.442758 0.013292 0.007661 0.000008 0.000557 0.000000
0.523658 0.453691 0.013957 0.008090 0.000008 0.000595 0.000000
0.511295 0.464892 0.014671 0.008500 0.000008 0.000634 0.000000
0.497372 0.477371 0.015570 0.008992 0.000007 0.000688 0.000000
0.480520 0.492616 0.016546 0.009578 0.000009 0.000731 0.000000
0.467467 0.504186 0.017463 0.010074 0.000009 0.000801 0.000000
0.459676 0.510811 0.018191 0.010464 0.000010 0.000848 0.000000
0.446067 0.522819 0.019216 0.010977 0.000011 0.000910 0.000000
0.434668 0.532666 0.020172 0.011491 0.000011 0.000992 0.000000
0.423834 0.542030 0.021048 0.012019 0.000011 0.001058 0.000000
0.412607 0.551611 0.022056 0.012580 0.000011 0.001135 0.000000
0.401523 0.560982 0.023099 0.013152 0.000012 0.001230 0.000000
0.391594 0.569214 0.024122 0.013763 0.000013 0.001293 0.000000
0.380509 0.578415 0.025272 0.014411 0.000016 0.001377 0.000000
0.370119 0.586957 0.026404 0.015026 0.000016 0.001477 0.000000
0.365152 0.590358 0.027399 0.015519 0.000016 0.001555 0.000000
0.355581 0.598228 0.028404 0.016106 0.000019 0.001662 0.000000
0.346096 0.605738 0.029596 0.016772 0.000019 0.001780 0.000000
0.342702 0.607918 0.030302 0.017170 0.000020 0.001887 0.000000
0.333336 0.615236 0.031525 0.017882 0.000022 0.002000 0.000000
0.327226 0.619442 0.032735 0.018463 0.000023 0.002112 0.000000
0.320056 0.624771 0.033811 0.019110 0.000026 0.002227 0.000000
0.312719 0.629970 0.035114 0.019805 0.000026 0.002366 0.000000
0.307685 0.633208 0.036216 0.020395 0.000029 0.002467 0.000000
0.304343 0.635255 0.036924 0.020867 0.000033 0.002579 0.000000
0.297729 0.639742 0.038130 0.021602 0.000037 0.002760 0.000000
0.291490 0.643905 0.039368 0.022273 0.000042 0.002923 0.000000
0.282411 0.650590 0.040734 0.023128 0.000039 0.003098 0.000000
0.280844 0.650669 0.041604 0.023580 0.000041 0.003262 0.000000
0.273178 0.656378 0.042773 0.024248 0.000042 0.003381 0.000000
0.269315 0.658186 0.044045 0.024844 0.000044 0.003566 0.000000
0.257834 0.666974 0.045681 0.025741 0.000049 0.003722 0.000000
0.254194 0.668195 0.047077 0.026569 0.000051 0.003914 0.000000
0.249341 0.671258 0.048097 0.027151 0.000053 0.004100 0.000000
0.242523 0.675701 0.049485 0.027943 0.000058 0.004289 0.000000
0.233501 0.681583 0.051245 0.029041 0.000063 0.004568 0.000000
0.231477 0.681958 0.052255 0.029534 0.000065 0.004711 0.000000
0.223950 0.686914 0.053717 0.030405 0.000066 0.004948 0.000000
0.222107 0.686324 0.055170 0.031130 0.000071 0.005197 0.000000
0.220359 0.686494 0.056073 0.031656 0.000073 0.005345 0.000000
0.210283 0.692588 0.058336 0.032989 0.000077 0.005728 0.000000
0.208261 0.692582 0.059482 0.033604 0.000081 0.005989 0.000000
0.201701 0.696080 0.061206 0.034642 0.000084 0.006287 0.000000
0.199519 0.696330 0.062281 0.035272 0.000095 0.006502 0.000000
0.199206 0.695073 0.063123 0.035831 0.000094 0.006674 0.000000
0.190052 0.701028 0.065033 0.036806 0.000096 0.006984 0.000000
0.186945 0.701980 0.066230 0.037514 0.000099 0.007232 0.000000
0.184147 0.701981 0.067750 0.038450 0.000104 0.007568 0.000000
0.178973 0.704549 0.069254 0.039259 0.000102 0.007863 0.000000
0.172386 0.707669 0.071149 0.040413 0.000107 0.008276 0.000000
0.173433 0.705201 0.071868 0.040862 0.000116 0.008520 0.000001
0.167052 0.708105 0.073976 0.041850 0.000118 0.008897 0.000001
0.162660 0.709470 0.075611 0.042845 0.000123 0.009292 0.000000
0.162714 0.707887 0.076463 0.043318 0.000122 0.009496 0.000001
0.157554 0.709027 0.078639 0.044586 0.000124 0.010070 0.000001
0.155954 0.709107 0.079512 0.045039 0.000129 0.010259 0.000001
0.155134 0.707653 0.080687 0.045855 0.000137 0.010535 0.000000
0.150907 0.708076 0.082871 0.046964 0.000142 0.011040 0.000001
0.143562 0.712199 0.084794 0.047859 0.000146 0.011438 0.000001
0.141131 0.711861 0.086249 0.048759 0.000153 0.011846 0.000001
0.138096 0.712660 0.087399 0.049522 0.000158 0.012164 0.000002
0.133271 0.713605 0.089536 0.050672 0.000168 0.012746 0.000001
0.128481 0.715361 0.091054 0.051772 0.000172 0.013159 0.000001
0.131437 0.711070 0.091842 0.052068 0.000179 0.013402 0.000002
0.130197 0.709308 0.093541 0.052793 0.000178 0.013982 0.000001
0.121889 0.713875 0.095529 0.054106 0.000181 0.014418 0.000002
0.120995 0.712419 0.096804 0.054760 0.000182 0.014838 0.000002
0.118052 0.713196 0.097969 0.055413 0.000193 0.015176 0.000001
0.114694 0.711923 0.100364 0.056934 0.000200 0.015884 0.000002
0.115138 0.710509 0.100791 0.057228 0.000210 0.016122 0.000002
0.106790 0.713147 0.104003 0.058823 0.000221 0.017014 0.000001
0.106443 0.712038 0.104600 0.059389 0.000219 0.017308 0.000002
0.099620 0.714357 0.107081 0.060705 0.000226 0.018010 0.000002
0.102718 0.710528 0.107328 0.060960 0.000234 0.018231 0.000001
0.096181 0.711077 0.110712 0.062698 0.000249 0.019082 0.000001
0.095480 0.709414 0.111892 0.063385 0.000253 0.019575 0.000002
0.092946 0.709249 0.113300 0.064221 0.000254 0.020027 0.000002
0.087331 0.711382 0.115165 0.065273 0.000259 0.020588 0.000002
0.087450 0.708033 0.116711 0.066316 0.000263 0.021227 0.000001
0.084387 0.708488 0.118064 0.067135 0.000276 0.021647 0.000002
0.088230 0.703833 0.118393 0.067306 0.000270 0.021966 0.000001
0.087857 0.701301 0.119908 0.068067 0.000281 0.022584 0.000002
0.088550 0.697492 0.121459 0.069147 0.000292 0.023056 0.000003
0.085571 0.697403 0.123133 0.070019 0.000295 0.023576 0.000003
0.082785 0.697081 0.124745 0.070801 0.000298 0.024287 0.000002
0.081091 0.694548 0.126888 0.072084 0.000299 0.025087 0.000003
0.078263 0.695240 0.127837 0.072829 0.000321 0.025508 0.000002
0.076110 0.694184 0.129542 0.073658 0.000322 0.026181 0.000003
0.078274 0.689990 0.130517 0.074168 0.000324 0.026724 0.000002
0.075240 0.689201 0.132428 0.075282 0.000333 0.027514 0.000002
0.075349 0.687696 0.133101 0.075608 0.000336 0.027908 0.000003
0.071998 0.688378 0.134370 0.076328 0.000353 0.028571 0.000002
0.065300 0.689575 0.137268 0.077969 0.000353 0.029533 0.000002
0.066679 0.685891 0.138410 0.078588 0.000365 0.030063 0.000003
0.065677 0.682960 0.140249 0.079832 0.000367 0.030912 0.000004
0.062767 0.683680 0.141447 0.080337 0.000371 0.031395 0.000004
0.059596 0.684593 0.142453 0.081100 0.000382 0.031872 0.000005
0.058315 0.682734 0.144144 0.081701 0.000395 0.032708 0.000003
0.056139 0.681343 0.145958 0.082869 0.000395 0.033293 0.000003
0.052603 0.679467 0.148518 0.084388 0.000405 0.034615 0.000003
0.049849 0.680327 0.149507 0.084937 0.000413 0.034963 0.000004
0.050558 0.678875 0.149720 0.085086 0.000418 0.035338 0.000004
0.047588 0.677378 0.151929 0.086357 0.000427 0.036319 0.000004
0.044747 0.675475 0.154387 0.087656 0.000440 0.037292 0.000003
0.043107 0.673743 0.155830 0.088662 0.000440 0.038214 0.000004
0.042819 0.671865 0.156884 0.089221 0.000441 0.038766 0.000003
0.040670 0.670860 0.158137 0.090270 0.000458 0.039602 0.000003
0.038870 0.669916 0.159784 0.090675 0.000465 0.040287 0.000003
0.038334 0.668704 0.160197 0.091513 0.000478 0.040771 0.000004
0.037272 0.666277 0.162023 0.092235 0.000488 0.041701 0.000004
0.038133 0.664647 0.162374 0.092344 0.000488 0.042009 0.000005
0.034232 0.661135 0.165726 0.094681 0.000513 0.043707 0.000005
0.033657 0.659993 0.166719 0.094918 0.000516 0.044191 0.000005
0.032303 0.658707 0.167736 0.095932 0.000516 0.044799 0.000006
0.030889 0.655362 0.170224 0.096947 0.000527 0.046047 0.000005
0.030910 0.654307 0.170336 0.097427 0.000543 0.046472 0.000006
0.030929 0.652336 0.171319 0.097682 0.000568 0.047160 0.000005
0.029238 0.649480 0.173396 0.099109 0.000559 0.048213 0.000005
0.029057 0.647928 0.174292 0.099215 0.000560 0.048942 0.000006
0.028405 0.645126 0.175876 0.100171 0.000563 0.049855 0.000004
0.027797 0.643305 0.176789 0.100945 0.000580 0.050579 0.000005
0.027842 0.641965 0.177309 0.101209 0.000591 0.051080 0.000005
0.026955 0.639391 0.178984 0.102106 0.000615 0.051943 0.000007
0.025877 0.635902 0.181071 0.103152 0.000628 0.053365 0.000005
0.025615 0.634206 0.181623 0.103829 0.000642 0.054078 0.000007
0.025668 0.632848 0.182165 0.104142 0.000640 0.054530 0.000007
0.025306 0.629776 0.183826 0.104924 0.000662 0.055498 0.000007
0.024657 0.627884 0.185130 0.105396 0.000663 0.056264 0.000006
0.024442 0.625877 0.185873 0.106086 0.000676 0.057040 0.000006
0.023815 0.623521 0.187246 0.106725 0.000688 0.058001 0.000005
0.023742 0.620566 0.188606 0.107430 0.000690 0.058960 0.000007
0.023322 0.618955 0.189541 0.107706 0.000693 0.059778 0.000006
0.022905 0.615954 0.190959 0.108737 0.000688 0.060750 0.000008
0.022818 0.613932 0.191512 0.109408 0.000715 0.061609 0.000006
0.022596 0.612824 0.192400 0.109434 0.000732 0.062010 0.000005
0.022391 0.609903 0.193379 0.110332 0.000749 0.063238 0.000007
0.021931 0.607406 0.194933 0.111099 0.000749 0.063875 0.000007
0.021825 0.605620 0.195656 0.111508 0.000747 0.064637 0.000008
0.021301 0.601918 0.197587 0.112373 0.000778 0.066035 0.000008
0.021250 0.601818 0.197399 0.112548 0.000780 0.066199 0.000007
0.020860 0.600010 0.198398 0.113045 0.000786 0.066892 0.000008
0.020772 0.597025 0.199515 0.113730 0.000814 0.068137 0.000007
0.020543 0.595397 0.200289 0.114199 0.000810 0.068753 0.000008
0.020038 0.591407 0.202232 0.115186 0.000843 0.070284 0.000010
0.020098 0.591179 0.202178 0.115262 0.000844 0.070431 0.000008
0.019964 0.588552 0.203209 0.115739 0.000855 0.071674 0.000008
0.019823 0.587213 0.203718 0.116209 0.000884 0.072144 0.000010
0.019578 0.583983 0.205232 0.116928 0.000902 0.073368 0.000010
0.019392 0.582040 0.206200 0.117264 0.000884 0.074212 0.000009
0.019160 0.578315 0.207511 0.118231 0.000916 0.075858 0.000010
0.018855 0.576076 0.208292 0.118946 0.000928 0.076892 0.000011
0.022792 0.573485 0.207788 0.118462 0.000906 0.076558 0.000009
0.026036 0.569447 0.207719 0.118465 0.000913 0.077413 0.000008
0.028928 0.566870 0.207334 0.118283 0.000918 0.077658 0.000009
0.027956 0.564390 0.208890 0.118969 0.000953 0.078834 0.000009
0.029410 0.561925 0.208840 0.119312 0.000941 0.079562 0.000010
0.034545 0.557448 0.208343 0.118826 0.000938 0.079893 0.000008
0.038044 0.553176 0.208444 0.119164 0.000938 0.080223 0.000010
0.037667 0.551918 0.209127 0.119273 0.000949 0.081057 0.000009
0.037891 0.549588 0.209787 0.119632 0.000973 0.082123 0.000007
0.041526 0.546490 0.209335 0.119252 0.000973 0.082416 0.000009
0.041164 0.544235 0.210390 0.119672 0.000980 0.083551 0.000008
0.037947 0.545112 0.211307 0.120419 0.000995 0.084211 0.000008
0.040042 0.543227 0.211139 0.120132 0.001006 0.084446 0.000009
0.037011 0.543284 0.212100 0.120898 0.001009 0.085688 0.000011
0.042162 0.539242 0.211228 0.120386 0.001005 0.085969 0.000008
0.035808 0.539317 0.214124 0.121820 0.001024 0.087896 0.000011
0.035039 0.538277 0.214605 0.122277 0.001060 0.088731 0.000011
0.035778 0.537624 0.214352 0.122048 0.001076 0.089111 0.000010
0.035281 0.535492 0.215310 0.122637 0.001060 0.090210 0.000011
0.039382 0.532819 0.214702 0.122078 0.001067 0.089942 0.000011
0.038259 0.530668 0.215731 0.122914 0.001068 0.091350 0.000010
0.041544 0.526512 0.215844 0.122780 0.001067 0.092243 0.000010
0.040424 0.527134 0.215982 0.122858 0.001106 0.092487 0.000009
0.036313 0.526805 0.217497 0.124096 0.001125 0.094154 0.000009
0.036115 0.524495 0.218799 0.124425 0.001116 0.095040 0.000010
0.036961 0.522440 0.219232 0.124487 0.001109 0.095760 0.000011
0.035685 0.520214 0.220266 0.125439 0.001127 0.097258 0.000011
0.032414 0.522158 0.220988 0.125497 0.001163 0.097773 0.000008
0.031264 0.518629 0.222758 0.126543 0.001156 0.099641 0.000010
0.032577 0.516916 0.222697 0.126579 0.001183 0.100039 0.000010
0.031299 0.515498 0.223605 0.126925 0.001208 0.101454 0.000011
0.029413 0.515787 0.224253 0.127397 0.001201 0.101939 0.000009
0.028190 0.513061 0.225498 0.128270 0.001215 0.103758 0.000009
0.030183 0.511211 0.225352 0.127937 0.001243 0.104063 0.000011
0.027306 0.510192 0.226865 0.128972 0.001238 0.105417 0.000010
0.025528 0.509000 0.227904 0.129623 0.001249 0.106684 0.000011
0.025626 0.507134 0.228458 0.129892 0.001266 0.107613 0.000011
0.023994 0.506315 0.229608 0.130213 0.001286 0.108575 0.000009
0.023969 0.504356 0.230175 0.130556 0.001263 0.109669 0.000011
0.023129 0.502946 0.230753 0.131160 0.001297 0.110705 0.000011
0.021113 0.501252 0.232143 0.131881 0.001307 0.112291 0.000012
0.020841 0.500949 0.232170 0.132024 0.001321 0.112683 0.000012
0.022141 0.499846 0.231855 0.131782 0.001321 0.113044 0.000012
0.017761 0.495625 0.235512 0.133846 0.001348 0.115894 0.000014
0.018783 0.492999 0.235445 0.134103 0.001371 0.117287 0.000011
0.018439 0.492689 0.235668 0.133976 0.001373 0.117842 0.000013
0.018174 0.490732 0.236438 0.134457 0.001407 0.118778 0.000012
0.017679 0.489201 0.237132 0.134756 0.001404 0.119815 0.000012
0.017686 0.488040 0.237205 0.135033 0.001403 0.120621 0.000012
0.018258 0.487728 0.236802 0.134612 0.001422 0.121167 0.000012
0.016548 0.483759 0.238952 0.135932 0.001439 0.123357 0.000014
0.016462 0.482351 0.239570 0.136197 0.001463 0.123946 0.000012
0.015871 0.480338 0.240411 0.136603 0.001442 0.125319 0.000015
0.015514 0.477773 0.241145 0.137249 0.001469 0.126837 0.000014
0.015891 0.476639 0.241426 0.137367 0.001473 0.127193 0.000011
0.015666 0.475806 0.241914 0.137333 0.001469 0.127798 0.000015
0.015707 0.474157 0.242277 0.137518 0.001508 0.128815 0.000017
0.015389 0.472119 0.243051 0.137829 0.001499 0.130100 0.000013
0.014979 0.469991 0.243802 0.138159 0.001510 0.131543 0.000016
0.014294 0.466730 0.245039 0.139153 0.001559 0.133207 0.000017
0.014346 0.465477 0.245171 0.139189 0.001522 0.134280 0.000014
0.014811 0.464098 0.245422 0.139064 0.001521 0.135066 0.000019
0.013928 0.460971 0.246974 0.140034 0.001529 0.136546 0.000018
0.013928 0.460436 0.247029 0.140087 0.001554 0.136949 0.000017
0.014529 0.459100 0.246699 0.139909 0.001566 0.138182 0.000015
0.014002 0.456342 0.247902 0.140535 0.001578 0.139622 0.000020
0.013979 0.455461 0.247874 0.140644 0.001595 0.140431 0.000017
0.014111 0.455319 0.247549 0.140532 0.001601 0.140869 0.000018
0.014012 0.452833 0.248391 0.141161 0.001621 0.141963 0.000019
0.013426 0.449167 0.249863 0.141807 0.001649 0.144069 0.000020
0.013888 0.449133 0.249608 0.141468 0.001650 0.144232 0.000020
0.013880 0.448945 0.249345 0.141614 0.001631 0.144564 0.000021
0.013648 0.446226 0.250579 0.142018 0.001649 0.145859 0.000020
0.013332 0.444290 0.251192 0.142260 0.001673 0.147232 0.000020
0.013337 0.442117 0.251328 0.142696 0.001706 0.148797 0.000020
0.013541 0.441371 0.251441 0.142587 0.001696 0.149341 0.000023
0.013173 0.438264 0.252552 0.143134 0.001693 0.151159 0.000023
0.013244 0.437860 0.252394 0.143055 0.001716 0.151707 0.000024
0.012962 0.435585 0.253273 0.143721 0.001746 0.152688 0.000025
0.013074 0.433714 0.253411 0.143998 0.001772 0.154011 0.000022
0.013278 0.434303 0.252853 0.143521 0.001740 0.154285 0.000021
0.015581 0.430489 0.253246 0.143587 0.001767 0.155304 0.000026
0.022927 0.425890 0.251451 0.142641 0.001749 0.155319 0.000024
0.022835 0.424316 0.251974 0.142995 0.001804 0.156053 0.000023
0.025353 0.423556 0.250590 0.142481 0.001800 0.156196 0.000025
0.024233 0.421068 0.252013 0.142973 0.001797 0.157891 0.000024
0.025596 0.419536 0.251288 0.142756 0.001823 0.158976 0.000024
0.023722 0.417542 0.252878 0.143514 0.001851 0.160467 0.000026
0.029603 0.417104 0.250033 0.142265 0.001827 0.159140 0.000028
0.024905 0.415047 0.252856 0.143540 0.001839 0.161789 0.000024
0.023107 0.414691 0.253072 0.143873 0.001870 0.163362 0.000024
0.023310 0.414700 0.253021 0.143691 0.001864 0.163390 0.000024
0.024939 0.412680 0.252394 0.143443 0.001889 0.164631 0.000025
0.024655 0.411952 0.253070 0.143446 0.001868 0.164982 0.000027
0.024775 0.410525 0.252974 0.143598 0.001864 0.166239 0.000025
0.021801 0.409071 0.254149 0.144407 0.001899 0.168646 0.000027
0.023469 0.408242 0.253550 0.144355 0.001889 0.168467 0.000028
0.020618 0.408038 0.254809 0.144780 0.001890 0.169838 0.000026
0.020631 0.407135 0.254704 0.144723 0.001891 0.170883 0.000032
0.017588 0.405013 0.256989 0.145786 0.001920 0.172674 0.000030
0.018239 0.404097 0.256478 0.145524 0.001944 0.173690 0.000029
0.017655 0.402773 0.257070 0.145728 0.001945 0.174798 0.000032
0.018222 0.402021 0.256686 0.145614 0.001952 0.175474 0.000031
0.017378 0.400052 0.257431 0.146207 0.001975 0.176925 0.000032
0.016476 0.399523 0.257970 0.146401 0.001972 0.177632 0.000027
0.016148 0.397309 0.258459 0.146849 0.001992 0.179213 0.000029
0.015324 0.396406 0.258793 0.146907 0.002005 0.180532 0.000033
0.014186 0.393337 0.260484 0.147737 0.002038 0.182182 0.000037
0.014658 0.392642 0.259804 0.147707 0.002007 0.183149 0.000032
0.014097 0.392937 0.260254 0.147551 0.002027 0.183106 0.000029
0.014883 0.389805 0.260152 0.147644 0.002042 0.185441 0.000033
0.014117 0.388625 0.260834 0.148087 0.002055 0.186251 0.000031
0.014492 0.389838 0.260221 0.147499 0.002056 0.185863 0.000030
0.013349 0.385579 0.261643 0.148526 0.002090 0.188778 0.000036
0.013543 0.384308 0.262078 0.148281 0.002093 0.189659 0.000038
0.014207 0.384125 0.261138 0.147938 0.002111 0.190449 0.000032
0.013278 0.380818 0.262365 0.148851 0.002105 0.192550 0.000034
0.012827 0.378115 0.263358 0.149359 0.002166 0.194141 0.000035
0.012696 0.376559 0.263653 0.149425 0.002187 0.195447 0.000033
0.012667 0.376523 0.263806 0.149376 0.002125 0.195468 0.000036
0.013098 0.376346 0.263212 0.148909 0.002164 0.196234 0.000037
0.012770 0.374323 0.263600 0.149525 0.002173 0.197569 0.000039
0.012618 0.372756 0.263718 0.149652 0.002218 0.199004 0.000034
0.012690 0.371762 0.263749 0.149512 0.002226 0.200024 0.000037
0.012534 0.371087 0.263986 0.149833 0.002203 0.200323 0.000032
0.012605 0.368791 0.264472 0.149860 0.002193 0.202040 0.000038
0.012430 0.369141 0.264403 0.149674 0.002199 0.202116 0.000037
0.012364 0.365752 0.265294 0.150002 0.002234 0.204317 0.000037
0.012303 0.364155 0.265204 0.150052 0.002278 0.205971 0.000038
0.012566 0.363386 0.264747 0.150203 0.002285 0.206775 0.000039
0.012321 0.362130 0.265485 0.150185 0.002318 0.207519 0.000042
0.012553 0.361659 0.264956 0.150095 0.002265 0.208428 0.000044
0.012247 0.359428 0.265991 0.150466 0.002319 0.209502 0.000046
0.012162 0.359183 0.265751 0.150492 0.002306 0.210069 0.000038
0.012262 0.356279 0.266270 0.150646 0.002339 0.212163 0.000041
0.012255 0.356116 0.265621 0.150751 0.002322 0.212895 0.000040
0.012026 0.354726 0.266156 0.150704 0.002375 0.213974 0.000039
0.012246 0.352454 0.266506 0.150826 0.002391 0.215532 0.000045
0.012145 0.352767 0.266261 0.150918 0.002345 0.215523 0.000042
0.012125 0.351210 0.266422 0.150822 0.002373 0.217008 0.000041
0.012097 0.348531 0.266673 0.151251 0.002436 0.218970 0.000042
0.012255 0.348805 0.266445 0.151069 0.002387 0.218990 0.000048
0.012209 0.347136 0.266588 0.150841 0.002389 0.220791 0.000047
0.011976 0.343898 0.267427 0.151747 0.002439 0.222468 0.000046
0.012061 0.343541 0.267391 0.151562 0.002416 0.222977 0.000052
0.012157 0.343457 0.267040 0.151449 0.002446 0.223405 0.000045
0.012131 0.342257 0.267171 0.151320 0.002434 0.224641 0.000047
0.012112 0.339594 0.267435 0.151694 0.002476 0.226636 0.000053
0.019102 0.336568 0.265323 0.150201 0.002500 0.226262 0.000045
0.029058 0.335399 0.261780 0.148462 0.002447 0.222808 0.000046
0.025379 0.333770 0.263276 0.149193 0.002460 0.225874 0.000048
0.025409 0.334100 0.262802 0.148944 0.002463 0.226234 0.000048
0.022121 0.331726 0.264612 0.150075 0.002430 0.228983 0.000053
0.024587 0.331634 0.263802 0.149182 0.002463 0.228278 0.000054
0.033306 0.329467 0.260212 0.147297 0.002503 0.227162 0.000053
0.023961 0.331908 0.263289 0.148990 0.002475 0.229329 0.000047
0.025838 0.329996 0.262166 0.148548 0.002510 0.230887 0.000055
0.025184 0.329242 0.262182 0.148808 0.002539 0.231993 0.000053
0.025426 0.330820 0.261543 0.148342 0.002509 0.231305 0.000055
0.023285 0.328279 0.262509 0.149069 0.002506 0.234299 0.000053
0.022869 0.326914 0.262764 0.149095 0.002582 0.235724 0.000052
0.021521 0.326497 0.263407 0.149370 0.002583 0.236567 0.000054
0.020444 0.325210 0.263861 0.149451 0.002554 0.238424 0.000056
0.018272 0.325893 0.264436 0.149688 0.002604 0.239045 0.000062
0.020779 0.325484 0.262834 0.149159 0.002602 0.239082 0.000059
0.017612 0.323127 0.264367 0.150290 0.002611 0.241930 0.000063
0.019371 0.322701 0.263757 0.149261 0.002661 0.242199 0.000051
0.016470 0.321346 0.264902 0.150198 0.002650 0.244371 0.000063
0.016187 0.320616 0.265100 0.150389 0.002646 0.245006 0.000056
0.016097 0.319327 0.264790 0.150642 0.002655 0.246432 0.000056
0.015181 0.317944 0.265722 0.150937 0.002695 0.247467 0.000055
0.014810 0.316207 0.266019 0.151197 0.002657 0.249049 0.000061
0.014919 0.315249 0.265421 0.150804 0.002699 0.250847 0.000060
0.015632 0.317399 0.264544 0.150382 0.002673 0.249309 0.000061
0.014409 0.313000 0.265919 0.151246 0.002710 0.252656 0.000061
0.013985 0.314495 0.265675 0.150779 0.002664 0.252343 0.000059
0.013745 0.311749 0.266691 0.151175 0.002715 0.253865 0.000059
0.014042 0.309726 0.266285 0.151051 0.002780 0.256056 0.000061
0.013675 0.308002 0.266393 0.151336 0.002730 0.257804 0.000059
0.013573 0.307389 0.266878 0.150897 0.002799 0.258406 0.000059
0.013577 0.306818 0.266261 0.151011 0.002762 0.259505 0.000068
0.013076 0.304539 0.266829 0.151408 0.002794 0.261288 0.000065
0.013163 0.305050 0.266793 0.150885 0.002798 0.261248 0.000063
0.012924 0.303233 0.266695 0.151382 0.002793 0.262911 0.000063
0.012895 0.301049 0.266832 0.151676 0.002831 0.264656 0.000060
0.012932 0.300374 0.266998 0.151540 0.002852 0.265240 0.000063
0.012500 0.298434 0.267450 0.151735 0.002856 0.266964 0.000061
0.012695 0.298553 0.267173 0.151449 0.002862 0.267207 0.000061
0.012559 0.296646 0.267120 0.151704 0.002859 0.269048 0.000065
0.012565 0.294521 0.267238 0.151773 0.002910 0.270929 0.000063
0.012790 0.295369 0.266791 0.151488 0.002875 0.270617 0.000070
0.012504 0.293983 0.267291 0.151329 0.002929 0.271899 0.000065
0.012436 0.292814 0.267229 0.151611 0.002936 0.272908 0.000066
0.012383 0.291297 0.267105 0.151649 0.002958 0.274541 0.000067
0.012612 0.291025 0.267161 0.151229 0.002924 0.274982 0.000068
0.012717 0.290349 0.266764 0.151435 0.002943 0.275726 0.000067
0.012782 0.291228 0.266141 0.150797 0.002897 0.276088 0.000067
0.012569 0.289282 0.266696 0.151285 0.002941 0.277158 0.000069
0.012590 0.288873 0.266485 0.150616 0.002947 0.278419 0.000070
0.012629 0.286394 0.266598 0.150875 0.002984 0.280448 0.000072
0.012353 0.285176 0.266771 0.151281 0.003050 0.281297 0.000071
0.012369 0.283153 0.266748 0.151378 0.002998 0.283281 0.000072
0.012626 0.283272 0.266488 0.150883 0.003044 0.283618 0.000069
0.012404 0.282179 0.266593 0.151241 0.003065 0.284446 0.000073
0.012657 0.282008 0.266204 0.151172 0.003013 0.284872 0.000073
0.012571 0.280357 0.266289 0.151247 0.003074 0.286389 0.000073
0.012689 0.279739 0.266709 0.150716 0.003092 0.286983 0.000072
0.012487 0.277642 0.266444 0.150966 0.003100 0.289283 0.000078
0.012655 0.276200 0.266503 0.151101 0.003126 0.290347 0.000068
0.012706 0.276238 0.265882 0.151104 0.003078 0.290919 0.000073
0.012653 0.275081 0.266317 0.150826 0.003120 0.291928 0.000075
0.012760 0.274054 0.266162 0.150684 0.003120 0.293145 0.000074
0.012657 0.273588 0.265659 0.150835 0.003161 0.294023 0.000077
0.012481 0.272610 0.265952 0.150839 0.003159 0.294877 0.000083
0.012457 0.271989 0.265830 0.150625 0.003171 0.295848 0.000080
0.012637 0.271154 0.265678 0.150532 0.003179 0.296741 0.000077
0.012623 0.270373 0.265657 0.150886 0.003129 0.297253 0.000078
0.012623 0.267733 0.265947 0.150546 0.003159 0.299911 0.000081
0.012819 0.268828 0.265092 0.150574 0.003138 0.299466 0.000083
0.012673 0.265825 0.265811 0.150391 0.003259 0.301960 0.000081
0.012787 0.266497 0.265228 0.150418 0.003223 0.301767 0.000079
0.012735 0.264250 0.265297 0.150470 0.003235 0.303935 0.000077
0.012590 0.261744 0.265387 0.150662 0.003257 0.306282 0.000078
0.012691 0.263026 0.265098 0.150529 0.003224 0.305354 0.000079
0.012702 0.262260 0.264885 0.150189 0.003271 0.306613 0.000080
0.012533 0.259399 0.265347 0.150530 0.003235 0.308876 0.000080
0.012641 0.258675 0.265276 0.150261 0.003262 0.309797 0.000087
0.012681 0.258225 0.264867 0.150126 0.003282 0.310740 0.000080
0.012840 0.258935 0.264610 0.149991 0.003295 0.310246 0.000083
0.012814 0.256674 0.264685 0.150060 0.003320 0.312363 0.000085
0.012800 0.257897 0.264367 0.149868 0.003283 0.311699 0.000086
0.012912 0.255966 0.264062 0.149818 0.003321 0.313827 0.000093
0.012775 0.255112 0.264163 0.149850 0.003334 0.314674 0.000091
0.012751 0.254625 0.264202 0.149497 0.003343 0.315491 0.000092
0.012834 0.251655 0.264177 0.149631 0.003343 0.318271 0.000090
0.012791 0.253068 0.263703 0.149342 0.003294 0.317716 0.000085
0.012868 0.250749 0.263928 0.149416 0.003396 0.319554 0.000089
0.012895 0.251332 0.263396 0.149414 0.003376 0.319498 0.000088
0.013034 0.249631 0.263587 0.149512 0.003413 0.320732 0.000091
0.012838 0.249809 0.263376 0.149518 0.003350 0.321019 0.000091
0.012955 0.247862 0.263539 0.149394 0.003369 0.322785 0.000095
0.012972 0.247538 0.263287 0.149327 0.003414 0.323365 0.000098
0.012957 0.246007 0.263260 0.149393 0.003378 0.324917 0.000087
0.013062 0.245610 0.262970 0.149102 0.003454 0.325706 0.000096
0.012971 0.243639 0.263024 0.148998 0.003423 0.327845 0.000100
0.012962 0.243189 0.262842 0.148949 0.003441 0.328509 0.000107
0.012913 0.243193 0.262439 0.148686 0.003488 0.329177 0.000104
0.013193 0.240533 0.262532 0.148947 0.003453 0.331237 0.000104
0.013210 0.241468 0.262085 0.148435 0.003488 0.331217 0.000097
0.013186 0.239612 0.262247 0.148416 0.003546 0.332889 0.000104
0.013264 0.239275 0.262248 0.148357 0.003533 0.333223 0.000099
0.013134 0.237890 0.262156 0.148272 0.003499 0.334948 0.000102
0.013274 0.238188 0.261323 0.148167 0.003478 0.335470 0.000100
0.013308 0.237033 0.261595 0.148411 0.003507 0.336033 0.000113
0.013193 0.236082 0.261295 0.148275 0.003539 0.337507 0.000109
0.013516 0.235169 0.261630 0.147688 0.003491 0.338393 0.000114
0.013541 0.235446 0.260816 0.147559 0.003527 0.339004 0.000107
0.013454 0.234858 0.260723 0.147729 0.003520 0.339611 0.000106
0.013318 0.231599 0.260964 0.147796 0.003526 0.342690 0.000107
0.013337 0.232724 0.260426 0.147834 0.003547 0.342021 0.000112
0.013405 0.231006 0.260468 0.147500 0.003577 0.343928 0.000116
0.013354 0.229846 0.260467 0.147615 0.003552 0.345063 0.000104
0.013383 0.231530 0.259809 0.147345 0.003548 0.344272 0.000114
0.013359 0.229788 0.259894 0.147372 0.003614 0.345862 0.000112
0.013371 0.228540 0.259780 0.147847 0.003561 0.346795 0.000106
0.013641 0.226961 0.259526 0.147356 0.003612 0.348792 0.000112
0.013387 0.227746 0.259294 0.147244 0.003657 0.348561 0.000112
0.013613 0.225643 0.259357 0.146798 0.003626 0.350849 0.000114
0.013634 0.226123 0.259088 0.146736 0.003658 0.350641 0.000119
0.013574 0.224957 0.259205 0.146579 0.003641 0.351930 0.000115
0.013892 0.224753 0.258488 0.146259 0.003694 0.352790 0.000122
0.013837 0.224422 0.258498 0.146327 0.003678 0.353122 0.000115
0.013616 0.224258 0.258546 0.146279 0.003684 0.353491 0.000125
0.013857 0.222258 0.258201 0.146188 0.003704 0.355679 0.000113
0.013565 0.222698 0.257736 0.146085 0.003668 0.356123 0.000125
0.013807 0.219297 0.258011 0.146058 0.003766 0.358942 0.000120
0.013755 0.219192 0.257719 0.146017 0.003740 0.359451 0.000126
0.013849 0.219605 0.257284 0.145687 0.003754 0.359709 0.000112
0.013895 0.217263 0.257301 0.146043 0.003738 0.361645 0.000115
0.014059 0.217712 0.257197 0.145393 0.003746 0.361772 0.000123
0.013922 0.219182 0.256724 0.145415 0.003757 0.360885 0.000115
0.013904 0.217365 0.256833 0.145291 0.003770 0.362717 0.000121
0.013876 0.217011 0.257067 0.145011 0.003779 0.363130 0.000125
0.013991 0.214843 0.256275 0.145197 0.003791 0.365787 0.000117
0.014038 0.215476 0.256310 0.145195 0.003745 0.365113 0.000124
0.013992 0.215239 0.255907 0.145279 0.003719 0.365739 0.000124
0.014144 0.213073 0.255667 0.144807 0.003746 0.368442 0.000122
0.014260 0.212345 0.255572 0.144865 0.003780 0.369040 0.000138
0.014171 0.211336 0.255468 0.144788 0.003832 0.370267 0.000137
0.014168 0.210299 0.254942 0.144783 0.003804 0.371875 0.000130
0.014217 0.210706 0.254736 0.144359 0.003823 0.372033 0.000126
0.014478 0.208994 0.254750 0.144480 0.003790 0.373381 0.000127
0.014416 0.209581 0.254628 0.144071 0.003772 0.373392 0.000140
0.014278 0.208645 0.254089 0.144062 0.003834 0.374961 0.000131
0.014481 0.208041 0.254567 0.144004 0.003775 0.374987 0.000144
0.014311 0.207402 0.254340 0.144178 0.003839 0.375796 0.000133
0.014493 0.206178 0.253754 0.143891 0.003889 0.377660 0.000135
0.014550 0.206073 0.253729 0.143707 0.003858 0.377948 0.000136
0.014549 0.204943 0.253268 0.143639 0.003866 0.379589 0.000146
0.014502 0.205592 0.253127 0.143268 0.003918 0.379451 0.000142
0.014421 0.203982 0.253469 0.143312 0.003894 0.380776 0.000146
0.014445 0.203101 0.253247 0.142972 0.003866 0.382225 0.000144
0.014520 0.203524 0.252772 0.142821 0.003860 0.382355 0.000147
0.014773 0.201642 0.252250 0.142989 0.003879 0.384319 0.000148
0.014721 0.201898 0.252374 0.142754 0.003876 0.384231 0.000146
0.014764 0.201323 0.252017 0.142620 0.003900 0.385232 0.000144
0.014743 0.200869 0.251668 0.142550 0.003959 0.386071 0.000139
0.014645 0.199851 0.251730 0.142255 0.003948 0.387429 0.000141
0.014847 0.198330 0.251387 0.142315 0.003961 0.389009 0.000153
0.014758 0.198779 0.250897 0.142096 0.003954 0.389370 0.000147
0.014882 0.198173 0.251149 0.141850 0.003944 0.389860 0.000143
0.014826 0.196927 0.250695 0.141901 0.003960 0.391540 0.000153
0.014724 0.196395 0.250784 0.141790 0.004047 0.392112 0.000148
0.014763 0.195994 0.250475 0.141486 0.003947 0.393183 0.000152
0.014996 0.194566 0.250378 0.141652 0.004007 0.394254 0.000147
0.014884 0.195522 0.249942 0.141340 0.003994 0.394169 0.000149
0.014965 0.194249 0.249876 0.141189 0.004004 0.395569 0.000149
0.014851 0.194467 0.249718 0.141086 0.004023 0.395700 0.000156
0.015164 0.192593 0.249161 0.140990 0.004103 0.397835 0.000154
0.015060 0.192361 0.248587 0.140898 0.004014 0.398922 0.000157
0.015039 0.191744 0.248943 0.141083 0.004026 0.399019 0.000145
0.015218 0.190496 0.248310 0.140453 0.004072 0.401298 0.000152
0.015051 0.190658 0.248503 0.140426 0.004027 0.401188 0.000148
0.015163 0.190395 0.248421 0.140327 0.004123 0.401423 0.000149
0.015343 0.189383 0.247808 0.140180 0.004041 0.403100 0.000146
0.015066 0.187815 0.247394 0.140110 0.004059 0.405399 0.000156
0.015193 0.187806 0.247675 0.140077 0.004056 0.405047 0.000146
0.015257 0.188294 0.247389 0.139879 0.004145 0.404886 0.000150
0.015208 0.187846 0.246915 0.139523 0.004103 0.406249 0.000156
0.015369 0.185599 0.246782 0.139327 0.004085 0.408679 0.000159
0.015467 0.186027 0.246398 0.139505 0.004139 0.408317 0.000146
0.015372 0.185542 0.246331 0.139051 0.004129 0.409422 0.000153
0.015603 0.184712 0.245900 0.138785 0.004131 0.410709 0.000161
0.015630 0.185018 0.245656 0.138819 0.004122 0.410596 0.000160
0.015541 0.184209 0.245586 0.138765 0.004121 0.411614 0.000163
0.015621 0.183644 0.245330 0.138574 0.004138 0.412531 0.000162
0.015474 0.182215 0.244902 0.138873 0.004151 0.414218 0.000166
0.015719 0.182154 0.244515 0.138273 0.004149 0.415023 0.000168
0.015752 0.181672 0.244601 0.138461 0.004207 0.415151 0.000157
0.015920 0.181239 0.244435 0.138102 0.004199 0.415950 0.000155
0.015663 0.180602 0.244366 0.138280 0.004126 0.416808 0.000155
0.015767 0.180415 0.244446 0.138127 0.004122 0.416964 0.000159
0.015767 0.179232 0.243452 0.137761 0.004166 0.419465 0.000157
0.016044 0.178772 0.243881 0.137679 0.004209 0.419250 0.000165
0.015775 0.178448 0.243477 0.137811 0.004189 0.420129 0.000171
0.015830 0.177654 0.242921 0.137249 0.004203 0.421990 0.000153
0.015902 0.176810 0.242265 0.137311 0.004211 0.423327 0.000174
0.016018 0.176130 0.242838 0.137242 0.004197 0.423414 0.000161
0.016208 0.175548 0.242398 0.137245 0.004267 0.424174 0.000160
0.015939 0.176019 0.241824 0.136953 0.004226 0.424870 0.000169
0.016197 0.174417 0.241797 0.136714 0.004203 0.426512 0.000160
0.016239 0.174054 0.241143 0.136751 0.004238 0.427410 0.000165
0.016128 0.174595 0.241135 0.136548 0.004238 0.427179 0.000178
0.016306 0.173978 0.240908 0.136598 0.004254 0.427789 0.000168
0.016142 0.173160 0.240837 0.136285 0.004227 0.429179 0.000170
0.016335 0.172125 0.240651 0.136190 0.004269 0.430263 0.000168
0.016245 0.173269 0.239832 0.136051 0.004237 0.430186 0.000179
0.016351 0.171505 0.240200 0.135780 0.004247 0.431743 0.000174
0.016545 0.170132 0.239616 0.135575 0.004275 0.433683 0.000175
0.016475 0.170844 0.239707 0.135743 0.004272 0.432786 0.000172
0.016491 0.170105 0.239855 0.135298 0.004287 0.433790 0.000174
0.016604 0.169927 0.238722 0.135275 0.004246 0.435056 0.000170
0.016374 0.168622 0.238421 0.134787 0.004289 0.437338 0.000168
0.016567 0.168904 0.238516 0.134797 0.004245 0.436791 0.000180
0.016720 0.167869 0.238510 0.134589 0.004274 0.437858 0.000181
0.016796 0.168926 0.238515 0.134381 0.004276 0.436922 0.000184
0.016604 0.167894 0.237816 0.134431 0.004326 0.438746 0.000184
0.016822 0.166771 0.237390 0.133974 0.004348 0.440514 0.000182
0.016780 0.165803 0.237346 0.134210 0.004336 0.441351 0.000174
0.016840 0.166250 0.237184 0.133652 0.004332 0.441562 0.000180
0.016764 0.165431 0.236762 0.133643 0.004332 0.442875 0.000194
0.017008 0.164635 0.236344 0.133532 0.004322 0.443982 0.000177
0.016830 0.164501 0.236199 0.133413 0.004316 0.444564 0.000176
0.017160 0.163725 0.235717 0.133106 0.004394 0.445711 0.000186
0.016991 0.163657 0.236215 0.133154 0.004346 0.445443 0.000193
0.017101 0.163272 0.235320 0.133079 0.004372 0.446666 0.000190
0.017122 0.163260 0.234700 0.133014 0.004305 0.447418 0.000181
0.017064 0.162481 0.235040 0.132599 0.004376 0.448255 0.000185
0.017020 0.161202 0.234439 0.132106 0.004339 0.450698 0.000195
0.017081 0.160933 0.234350 0.132235 0.004353 0.450859 0.000188
0.017349 0.161048 0.233867 0.132049 0.004378 0.451121 0.000187
0.017191 0.160975 0.233630 0.132417 0.004385 0.451222 0.000181
0.017229 0.160195 0.233300 0.132050 0.004396 0.452636 0.000195
0.017413 0.159661 0.233361 0.131821 0.004456 0.453105 0.000183
0.017404 0.158875 0.233046 0.131949 0.004459 0.454067 0.000200
0.017477 0.158506 0.232475 0.131544 0.004429 0.455371 0.000199
0.017448 0.158417 0.232334 0.131281 0.004449 0.455886 0.000185
0.017524 0.157805 0.231974 0.131340 0.004387 0.456781 0.000188
0.017331 0.156469 0.232114 0.130918 0.004461 0.458509 0.000199
0.017393 0.156544 0.231995 0.130799 0.004439 0.458638 0.000192
0.017795 0.155843 0.231480 0.130819 0.004423 0.459444 0.000195
0.017478 0.156772 0.231200 0.130845 0.004441 0.459068 0.000196
0.017670 0.155606 0.230886 0.130444 0.004456 0.460743 0.000195
0.017731 0.154630 0.230520 0.130485 0.004478 0.461969 0.000186
0.017696 0.154410 0.230397 0.130193 0.004418 0.462684 0.000201
0.017852 0.154290 0.230085 0.130024 0.004520 0.463032 0.000199
0.017942 0.153698 0.229832 0.129640 0.004498 0.464185 0.000205
0.017891 0.153619 0.229706 0.129512 0.004536 0.464546 0.000189
0.017925 0.152811 0.229182 0.129566 0.004439 0.465881 0.000195
0.017753 0.151952 0.228803 0.129326 0.004475 0.467482 0.000208
0.018112 0.151798 0.228711 0.129294 0.004469 0.467406 0.000209
0.018077 0.151423 0.228094 0.128931 0.004494 0.468786 0.000195
0.017790 0.151101 0.227732 0.128846 0.004521 0.469811 0.000198
0.018000 0.150748 0.228105 0.128622 0.004506 0.469805 0.000214
0.018068 0.151318 0.228039 0.128498 0.004519 0.469351 0.000208
0.018450 0.149839 0.227026 0.128334 0.004523 0.471611 0.000217
0.018270 0.149964 0.226964 0.127813 0.004579 0.472202 0.000208
0.018188 0.149749 0.227411 0.128012 0.004554 0.471890 0.000197
0.018223 0.149417 0.226791 0.127815 0.004614 0.472921 0.000220
0.018178 0.149565 0.226626 0.127572 0.004562 0.473288 0.000209
0.018566 0.148879 0.225972 0.127522 0.004559 0.474282 0.000220
0.018698 0.147810 0.226153 0.127324 0.004618 0.475194 0.000204
0.018557 0.147400 0.225889 0.127311 0.004559 0.476074 0.000211
0.018701 0.147210 0.225449 0.127133 0.004537 0.476761 0.000210
0.018603 0.146872 0.225240 0.126534 0.004608 0.477938 0.000205
0.018677 0.147073 0.225029 0.126790 0.004570 0.477639 0.000220
0.018593 0.146672 0.224757 0.126900 0.004621 0.478238 0.000219
0.018786 0.145726 0.223913 0.126808 0.004633 0.479914 0.000220
0.018816 0.144346 0.223970 0.126390 0.004587 0.481683 0.000209
0.018911 0.144669 0.223668 0.126369 0.004626 0.481547 0.000209
0.018803 0.144527 0.223683 0.126372 0.004635 0.481764 0.000215
0.019099 0.143601 0.222892 0.125716 0.004672 0.483814 0.000205
0.019138 0.143417 0.222664 0.125735 0.004643 0.484191 0.000211
0.018968 0.143509 0.222618 0.125710 0.004702 0.484276 0.000216
0.018845 0.142684 0.222131 0.125528 0.004664 0.485933 0.000216
0.019060 0.142485 0.221943 0.125276 0.004615 0.486411 0.000210
0.019082 0.142179 0.221675 0.125484 0.004591 0.486763 0.000226
0.019008 0.141961 0.221367 0.125109 0.004671 0.487663 0.000222
0.019189 0.141510 0.220877 0.124971 0.004651 0.488591 0.000212
0.019089 0.140974 0.220922 0.124845 0.004745 0.489205 0.000219
0.019311 0.140531 0.220694 0.124780 0.004689 0.489775 0.000221
