0.999110 0.000867 0.000014 0.000008 0.000000 0.000000 0.000000
0.998675 0.001288 0.000022 0.000005 0.000000 0.000010 0.000000
0.998242 0.001712 0.000026 0.000009 0.000000 0.000011 0.000000
0.997803 0.002138 0.000037 0.000011 0.000000 0.000011 0.000000
0.997356 0.002576 0.000043 0.000014 0.000000 0.000011 0.000000
0.996901 0.003019 0.000052 0.000018 0.000000 0.000011 0.000000
0.996428 0.003484 0.000052 0.000024 0.000000 0.000011 0.000000
0.995881 0.004020 0.000057 0.000031 0.000000 0.000011 0.000000
0.995262 0.004622 0.000070 0.000035 0.000000 0.000010 0.000000
0.994590 0.005288 0.000074 0.000038 0.000000 0.000011 0.000000
0.993676 0.006181 0.000081 0.000052 0.000000 0.000010 0.000000
0.992570 0.007267 0.000095 0.000059 0.000000 0.000009 0.000000
0.991153 0.008677 0.000097 0.000065 0.000000 0.000008 0.000000
0.989768 0.010033 0.000125 0.000067 0.000000 0.000007 0.000000
0.987815 0.011955 0.000129 0.000094 0.000000 0.000006 0.000000
0.985823 0.013907 0.000161 0.000103 0.000000 0.000006 0.000000
0.982528 0.017171 0.000185 0.000111 0.000000 0.000005 0.000000
0.978920 0.020718 0.000216 0.000142 0.000000 0.000005 0.000000
0.975007 0.024572 0.000263 0.000153 0.000000 0.000004 0.000000
0.970111 0.029390 0.000309 0.000186 0.000000 0.000003 0.000000
0.964953 0.034448 0.000390 0.000206 0.000000 0.000003 0.000000
0.958430 0.040818 0.000470 0.000271 0.000000 0.000011 0.000000
0.950736 0.048383 0.000530 0.000337 0.000000 0.000014 0.000000
0.943052 0.055877 0.000646 0.000403 0.000000 0.000022 0.000000
0.934845 0.063873 0.000788 0.000475 0.000000 0.000019 0.000000
0.925061 0.073415 0.000937 0.000571 0.000000 0.000016 0.000000
0.914348 0.083826 0.001132 0.000675 0.000000 0.000020 0.000000
0.902601 0.095289 0.001306 0.000780 0.000000 0.000024 0.000000
0.889675 0.107906 0.001501 0.000886 0.000000 0.000031 0.000000
0.876183 0.121040 0.001710 0.001027 0.000000 0.000041 0.000000
0.864173 0.132702 0.001934 0.001144 0.000000 0.000047 0.000000
0.849413 0.146880 0.002274 0.001369 0.000000 0.000065 0.000000
0.836787 0.159037 0.002567 0.001537 0.000000 0.000072 0.000000
0.821195 0.174103 0.002874 0.001742 0.000000 0.000086 0.000000
0.805340 0.189379 0.003256 0.001928 0.000000 0.000097 0.000000
0.789996 0.204187 0.003614 0.002089 0.000002 0.000112 0.000000
0.773822 0.219689 0.004021 0.002334 0.000002 0.000131 0.000000
0.757021 0.235687 0.004531 0.002615 0.000002 0.000145 0.000000
0.742892 0.249199 0.004929 0.002807 0.000002 0.000171 0.000000
0.729017 0.262390 0.005344 0.003061 0.000001 0.000187 0.000000
0.713731 0.276956 0.005812 0.003300 0.000002 0.000199 0.000000
0.697835 0.292001 0.006346 0.003598 0.000002 0.000218 0.000000
0.682276 0.306726 0.006861 0.003903 0.000002 0.000232 0.000000
0.667217 0.320953 0.007362 0.004216 0.000001 0.000251 0.000000
0.653390 0.333989 0.007879 0.004478 0.000002 0.000261 0.000000
0.638177 0.348206 0.008509 0.004815 0.000003 0.000289 0.000000
0.623351 0.362048 0.009112 0.005186 0.000003 0.000300 0.000000
0.607143 0.377161 0.009756 0.005608 0.000003 0.000329 0.000000
0.593450 0.389918 0.010358 0.005919 0.000003 0.000351 0.000000
0.582637 0.399909 0.010861 0.006201 0.000003 0.000388 0.000000
0.566610 0.414664 0.011610 0.006675 0.000004 0.000436 0.000000
0.552396 0.427753 0.012318 0.007052 0.000006 0.000474 0.000000
0.536472 0.442388 0.013140 0.007457 0.000006 0.000537 0.000000
0.524195 0.453534 0.013841 0.007841 0.000007 0.000582 0.000000
0.511824 0.464670 0.014636 0.008241 0.000009 0.000620 0.000000
0.498221 0.476940 0.015460 0.008695 0.000008 0.000676 0.000000
0.485383 0.488400 0.016283 0.009199 0.000008 0.000725 0.000000
0.474207 0.498264 0.017098 0.009627 0.000012 0.000791 0.000000
0.462056 0.508780 0.018114 0.010185 0.000011 0.000855 0.000000
0.452390 0.517049 0.018955 0.010678 0.000011 0.000918 0.000000
0.438476 0.529451 0.019850 0.011227 0.000010 0.000985 0.000000
0.425468 0.540689 0.020922 0.011830 0.000010 0.001081 0.000000
0.415540 0.549122 0.021792 0.012370 0.000012 0.001164 0.000000
0.407993 0.555135 0.022794 0.012830 0.000016 0.001232 0.000000
0.396904 0.564557 0.023787 0.013430 0.000018 0.001304 0.000000
0.382907 0.576408 0.025056 0.014202 0.000017 0.001409 0.000000
0.376451 0.581184 0.026069 0.014782 0.000020 0.001494 0.000000
0.371649 0.584921 0.026719 0.015123 0.000020 0.001568 0.000000
0.363677 0.591293 0.027731 0.015632 0.000023 0.001643 0.000000
0.355747 0.597424 0.028874 0.016203 0.000022 0.001729 0.000000
0.348100 0.603138 0.030035 0.016855 0.000021 0.001851 0.000000
0.339296 0.610227 0.031056 0.017454 0.000023 0.001945 0.000000
0.334850 0.613129 0.031996 0.017944 0.000023 0.002058 0.000000
0.326064 0.619666 0.033415 0.018651 0.000026 0.002177 0.000000
0.325204 0.619646 0.033886 0.018957 0.000026 0.002281 0.000000
0.312328 0.629641 0.035636 0.019915 0.000028 0.002453 0.000000
0.311943 0.628715 0.036348 0.020395 0.000026 0.002574 0.000000
0.305708 0.633141 0.037380 0.021038 0.000029 0.002704 0.000000
0.303733 0.633823 0.038125 0.021459 0.000030 0.002830 0.000000
0.294744 0.640060 0.039790 0.022343 0.000033 0.003029 0.000000
0.293517 0.640293 0.040378 0.022698 0.000033 0.003081 0.000000
0.285064 0.646329 0.041814 0.023499 0.000035 0.003259 0.000000
0.284316 0.645645 0.042643 0.023958 0.000037 0.003402 0.000000
0.277724 0.649919 0.044002 0.024698 0.000042 0.003614 0.000000
0.267933 0.657252 0.045436 0.025533 0.000042 0.003803 0.000000
0.267635 0.656549 0.045997 0.025881 0.000043 0.003896 0.000000
0.263749 0.658268 0.047197 0.026662 0.000046 0.004079 0.000000
0.257971 0.661727 0.048498 0.027471 0.000047 0.004285 0.000000
0.250251 0.666994 0.049977 0.028265 0.000049 0.004465 0.000000
0.242866 0.671933 0.051312 0.029129 0.000052 0.004709 0.000000
0.237742 0.675266 0.052409 0.029683 0.000051 0.004848 0.000000
0.229259 0.680635 0.054218 0.030694 0.000056 0.005138 0.000000
0.223152 0.683868 0.055939 0.031580 0.000065 0.005396 0.000000
0.216918 0.688202 0.057019 0.032230 0.000064 0.005567 0.000000
0.208507 0.693635 0.058750 0.033155 0.000073 0.005880 0.000000
0.198213 0.699929 0.061033 0.034490 0.000079 0.006256 0.000000
0.195389 0.700820 0.062199 0.035059 0.000079 0.006455 0.000000
0.184405 0.707842 0.064472 0.036368 0.000079 0.006834 0.000000
0.178429 0.711080 0.065987 0.037301 0.000087 0.007117 0.000000
0.172876 0.714019 0.067334 0.038220 0.000088 0.007463 0.000000
0.163882 0.719721 0.069289 0.039188 0.000094 0.007825 0.000000
0.157727 0.721885 0.071598 0.040494 0.000095 0.008201 0.000000
0.158995 0.718903 0.072496 0.041066 0.000102 0.008437 0.000000
0.153292 0.721798 0.074144 0.041882 0.000107 0.008778 0.000000
0.148373 0.723496 0.075966 0.042916 0.000108 0.009140 0.000000
0.144200 0.724346 0.077882 0.043909 0.000114 0.009550 0.000000
0.136279 0.727822 0.080336 0.045351 0.000116 0.010095 0.000000
0.134059 0.728156 0.081428 0.045976 0.000124 0.010257 0.000000
0.135458 0.724538 0.082683 0.046611 0.000123 0.010587 0.000000
0.131498 0.724735 0.084739 0.047838 0.000133 0.011058 0.000000
0.126726 0.725548 0.086865 0.049130 0.000134 0.011596 0.000000
0.124434 0.725784 0.088022 0.049727 0.000141 0.011892 0.000000
0.121115 0.726052 0.089691 0.050635 0.000143 0.012363 0.000000
0.120028 0.724236 0.091177 0.051625 0.000158 0.012777 0.000000
0.115298 0.724861 0.093521 0.052895 0.000160 0.013265 0.000000
0.112878 0.725033 0.094734 0.053534 0.000162 0.013659 0.000000
0.105047 0.727517 0.097587 0.055304 0.000176 0.014370 0.000000
0.102716 0.727876 0.098814 0.055829 0.000184 0.014580 0.000000
0.106581 0.722438 0.099579 0.056280 0.000180 0.014942 0.000000
0.100777 0.724180 0.101738 0.057557 0.000195 0.015552 0.000000
0.096763 0.724017 0.103983 0.058822 0.000200 0.016214 0.000000
0.096418 0.722941 0.104663 0.059258 0.000199 0.016521 0.000000
0.093861 0.723176 0.105921 0.059984 0.000213 0.016845 0.000000
0.091107 0.722740 0.107447 0.061037 0.000215 0.017455 0.000000
0.087552 0.722489 0.109542 0.062145 0.000225 0.018047 0.000000
0.085367 0.720737 0.111597 0.063422 0.000235 0.018641 0.000000
0.078527 0.723997 0.113563 0.064446 0.000236 0.019231 0.000000
0.080734 0.719160 0.115012 0.065211 0.000229 0.019654 0.000000
0.080207 0.718301 0.115646 0.065659 0.000239 0.019948 0.000000
0.079511 0.715956 0.117158 0.066560 0.000243 0.020573 0.000000
0.077202 0.713549 0.119665 0.067989 0.000256 0.021339 0.000000
0.081625 0.708103 0.119910 0.068347 0.000266 0.021750 0.000000
0.084316 0.704186 0.120462 0.068695 0.000277 0.022063 0.000000
0.082466 0.702798 0.122182 0.069616 0.000274 0.022663 0.000000
0.077918 0.704005 0.124028 0.070448 0.000302 0.023299 0.000000
0.080088 0.699017 0.125291 0.071376 0.000297 0.023931 0.000000
0.078647 0.697351 0.126936 0.072171 0.000311 0.024583 0.000000
0.078244 0.696316 0.127645 0.072634 0.000314 0.024847 0.000000
0.079717 0.693213 0.128512 0.072955 0.000309 0.025294 0.000000
0.077131 0.692875 0.129868 0.073818 0.000323 0.025985 0.000000
0.074644 0.689793 0.132861 0.075364 0.000337 0.027001 0.000000
0.073328 0.690650 0.132876 0.075614 0.000341 0.027192 0.000000
0.071426 0.689031 0.134649 0.076703 0.000358 0.027833 0.000000
0.069960 0.687670 0.136168 0.077407 0.000355 0.028440 0.000000
0.071931 0.685110 0.136108 0.077586 0.000364 0.028901 0.000000
0.068860 0.683270 0.138645 0.078963 0.000367 0.029896 0.000000
0.070806 0.679882 0.139334 0.079322 0.000384 0.030273 0.000000
0.069426 0.678106 0.140903 0.080339 0.000391 0.030835 0.000000
0.064983 0.680248 0.141996 0.081091 0.000404 0.031278 0.000000
0.059743 0.680930 0.144305 0.082367 0.000412 0.032244 0.000000
0.063865 0.675980 0.144733 0.082516 0.000416 0.032490 0.000000
0.058807 0.676861 0.146843 0.083660 0.000435 0.033394 0.000000
0.056997 0.675183 0.148403 0.084780 0.000441 0.034196 0.000000
0.058846 0.672731 0.148695 0.084795 0.000446 0.034487 0.000000
0.054900 0.673303 0.150112 0.085903 0.000454 0.035327 0.000000
0.055630 0.670159 0.151261 0.086458 0.000459 0.036033 0.000000
0.054382 0.668169 0.152705 0.087426 0.000478 0.036840 0.000000
0.052006 0.666819 0.154568 0.088471 0.000478 0.037659 0.000000
0.046997 0.668089 0.156471 0.089620 0.000485 0.038338 0.000000
0.044557 0.665213 0.159138 0.090940 0.000507 0.039644 0.000000
0.044829 0.664552 0.159289 0.091067 0.000502 0.039759 0.000001
0.047593 0.659872 0.159902 0.091547 0.000522 0.040562 0.000002
0.049067 0.656052 0.161061 0.092171 0.000510 0.041138 0.000002
0.044848 0.657018 0.162832 0.093045 0.000511 0.041744 0.000002
0.045272 0.652593 0.164617 0.094049 0.000541 0.042925 0.000002
0.047657 0.649409 0.164797 0.094129 0.000545 0.043460 0.000002
0.044970 0.648995 0.166224 0.094985 0.000547 0.044278 0.000002
0.049819 0.643249 0.166430 0.095197 0.000559 0.044746 0.000001
0.049717 0.640438 0.167822 0.096087 0.000556 0.045378 0.000002
0.050681 0.638173 0.168326 0.096214 0.000555 0.046048 0.000002
0.051116 0.635290 0.169453 0.096778 0.000567 0.046794 0.000002
0.049306 0.635841 0.169892 0.097188 0.000576 0.047195 0.000001
0.050761 0.632220 0.170923 0.097674 0.000592 0.047828 0.000002
0.048137 0.631147 0.172689 0.098637 0.000595 0.048793 0.000002
0.049959 0.628072 0.173089 0.098784 0.000595 0.049499 0.000002
0.047834 0.627823 0.174273 0.099473 0.000615 0.049980 0.000001
0.044832 0.627794 0.175548 0.100276 0.000617 0.050931 0.000002
0.048274 0.622797 0.175749 0.100795 0.000628 0.051753 0.000003
0.044180 0.623912 0.177534 0.101262 0.000636 0.052474 0.000003
0.040953 0.621707 0.180133 0.102776 0.000649 0.053779 0.000003
0.038026 0.621580 0.181629 0.103510 0.000675 0.054576 0.000004
0.039423 0.620018 0.181335 0.103523 0.000663 0.055034 0.000003
0.036709 0.618403 0.183242 0.104775 0.000696 0.056173 0.000002
0.039777 0.614744 0.183487 0.104766 0.000671 0.056553 0.000002
0.037592 0.613954 0.184898 0.105513 0.000707 0.057332 0.000003
0.041923 0.609038 0.184599 0.105596 0.000705 0.058136 0.000003
0.038660 0.607674 0.186968 0.106794 0.000712 0.059187 0.000005
0.036687 0.607273 0.188072 0.107168 0.000733 0.060064 0.000003
0.036273 0.603563 0.189756 0.108224 0.000742 0.061439 0.000004
0.037544 0.600436 0.190541 0.108644 0.000762 0.062069 0.000005
0.035800 0.600527 0.191198 0.109121 0.000756 0.062591 0.000006
0.038017 0.597544 0.191493 0.109219 0.000738 0.062987 0.000003
0.033916 0.597568 0.193265 0.110190 0.000761 0.064297 0.000005
0.036155 0.593252 0.193882 0.110656 0.000776 0.065277 0.000003
0.035171 0.593046 0.194243 0.110877 0.000809 0.065849 0.000005
0.036342 0.589528 0.195157 0.111514 0.000798 0.066656 0.000004
0.032406 0.588906 0.197344 0.112535 0.000818 0.067986 0.000005
0.033264 0.585495 0.198294 0.113155 0.000836 0.068950 0.000005
0.032541 0.586141 0.198160 0.113424 0.000837 0.068891 0.000005
0.030979 0.583419 0.199996 0.114458 0.000854 0.070287 0.000007
0.030727 0.582177 0.200687 0.114461 0.000865 0.071079 0.000005
0.028840 0.581226 0.201776 0.115347 0.000857 0.071948 0.000006
0.027188 0.579631 0.203190 0.116107 0.000884 0.072993 0.000006
0.028316 0.576537 0.203861 0.116473 0.000880 0.073925 0.000007
0.026138 0.575588 0.205204 0.117288 0.000886 0.074890 0.000007
0.025683 0.573252 0.206164 0.118113 0.000902 0.075881 0.000006
0.025089 0.570989 0.207338 0.118621 0.000921 0.077039 0.000004
0.024386 0.571690 0.207248 0.118429 0.000907 0.077333 0.000007
0.023817 0.569449 0.208500 0.118929 0.000926 0.078372 0.000007
0.022840 0.567667 0.209698 0.119666 0.000944 0.079177 0.000008
0.021408 0.564783 0.211453 0.120727 0.000959 0.080661 0.000009
0.021080 0.563621 0.212046 0.121066 0.000969 0.081208 0.000009
0.020171 0.560316 0.213665 0.122053 0.000973 0.082812 0.000010
0.019834 0.558185 0.214676 0.122588 0.000978 0.083730 0.000010
0.020011 0.556458 0.215243 0.122862 0.001016 0.084398 0.000011
0.019718 0.555886 0.215551 0.122850 0.001002 0.084980 0.000013
0.018621 0.551686 0.217584 0.124269 0.001048 0.086780 0.000012
0.018295 0.549492 0.218475 0.124805 0.001040 0.087881 0.000012
0.018006 0.548366 0.219117 0.125138 0.001046 0.088316 0.000011
0.018527 0.546536 0.219253 0.125226 0.001058 0.089386 0.000014
0.017575 0.544968 0.220384 0.125720 0.001060 0.090279 0.000015
0.017762 0.542977 0.221184 0.126091 0.001063 0.090910 0.000014
0.017114 0.539956 0.222698 0.127025 0.001092 0.092104 0.000013
0.016973 0.538556 0.223271 0.126947 0.001110 0.093129 0.000014
0.017044 0.537943 0.223348 0.127205 0.001110 0.093338 0.000011
0.016974 0.535433 0.224222 0.127453 0.001111 0.094794 0.000013
0.016218 0.532225 0.225793 0.128621 0.001088 0.096042 0.000014
0.017263 0.530143 0.226245 0.128461 0.001154 0.096721 0.000013
0.024504 0.524370 0.224887 0.128029 0.001121 0.097076 0.000014
0.025718 0.522632 0.224897 0.128018 0.001136 0.097585 0.000013
0.027824 0.520658 0.224516 0.127907 0.001126 0.097961 0.000009
0.030146 0.517063 0.224715 0.127967 0.001132 0.098961 0.000016
0.027224 0.515440 0.226490 0.129039 0.001162 0.100630 0.000015
0.031071 0.512132 0.226063 0.128593 0.001185 0.100943 0.000011
0.025941 0.512414 0.228077 0.129675 0.001206 0.102670 0.000018
0.030803 0.509821 0.226762 0.129055 0.001181 0.102364 0.000014
0.025697 0.510704 0.228738 0.129992 0.001212 0.103646 0.000011
0.027129 0.507440 0.228856 0.130358 0.001197 0.105005 0.000015
0.027465 0.506672 0.228987 0.130033 0.001201 0.105628 0.000014
0.026788 0.505995 0.229311 0.130540 0.001214 0.106136 0.000015
0.023715 0.505380 0.230808 0.131221 0.001250 0.107613 0.000013
0.023901 0.501719 0.231974 0.131873 0.001282 0.109239 0.000012
0.024153 0.501474 0.231807 0.131917 0.001282 0.109354 0.000012
0.023196 0.500551 0.232108 0.132147 0.001292 0.110692 0.000014
0.021042 0.497708 0.234149 0.133291 0.001319 0.112480 0.000011
0.021524 0.496161 0.234480 0.133331 0.001324 0.113164 0.000015
0.020630 0.494483 0.235099 0.133885 0.001346 0.114544 0.000012
0.019969 0.493297 0.235587 0.134361 0.001344 0.115425 0.000017
0.018231 0.492137 0.237064 0.134590 0.001366 0.116599 0.000013
0.017797 0.490422 0.237710 0.135092 0.001348 0.117616 0.000015
0.017880 0.488324 0.237922 0.135429 0.001377 0.119053 0.000014
0.018926 0.487927 0.237906 0.135117 0.001399 0.118713 0.000012
0.017703 0.486168 0.238594 0.135898 0.001384 0.120239 0.000014
0.017020 0.483842 0.239484 0.136479 0.001434 0.121724 0.000016
0.017271 0.482298 0.239845 0.136593 0.001430 0.122548 0.000016
0.017751 0.481011 0.239814 0.136636 0.001431 0.123341 0.000017
0.014998 0.478156 0.242342 0.137779 0.001449 0.125263 0.000014
0.015046 0.476323 0.242731 0.138066 0.001435 0.126382 0.000018
0.015108 0.473961 0.243160 0.138427 0.001474 0.127852 0.000017
0.014663 0.474107 0.243531 0.138406 0.001484 0.127790 0.000018
0.015420 0.473034 0.243163 0.138300 0.001476 0.128589 0.000018
0.014527 0.470268 0.244420 0.139071 0.001489 0.130207 0.000018
0.014868 0.467689 0.245100 0.139330 0.001532 0.131467 0.000014
0.015061 0.467204 0.244950 0.139161 0.001502 0.132108 0.000014
0.014336 0.464432 0.246013 0.140101 0.001552 0.133552 0.000015
0.014281 0.461736 0.246903 0.140552 0.001566 0.134947 0.000015
0.014042 0.461798 0.246891 0.140314 0.001578 0.135359 0.000018
0.013904 0.459140 0.247754 0.140894 0.001583 0.136707 0.000017
0.013707 0.458237 0.247963 0.140819 0.001626 0.137630 0.000017
0.013913 0.457693 0.247907 0.140929 0.001575 0.137963 0.000019
0.013672 0.453508 0.248958 0.141736 0.001633 0.140476 0.000018
0.013227 0.451949 0.249909 0.142161 0.001629 0.141103 0.000021
0.013348 0.450211 0.249972 0.142505 0.001643 0.142302 0.000019
0.013078 0.449042 0.250660 0.142455 0.001636 0.143110 0.000019
0.013267 0.446836 0.250880 0.143058 0.001671 0.144266 0.000023
0.013126 0.446174 0.250781 0.142995 0.001659 0.145242 0.000022
0.013104 0.443443 0.251675 0.143293 0.001708 0.146755 0.000023
0.012664 0.441384 0.252739 0.143832 0.001726 0.147636 0.000018
0.012996 0.441261 0.252417 0.143592 0.001713 0.148002 0.000018
0.012816 0.438288 0.253342 0.143954 0.001751 0.149830 0.000019
0.012761 0.436114 0.253993 0.144448 0.001749 0.150918 0.000017
0.012544 0.435317 0.253904 0.144744 0.001750 0.151721 0.000019
0.012767 0.433502 0.254275 0.144623 0.001806 0.153004 0.000022
0.012875 0.434121 0.253878 0.144606 0.001771 0.152728 0.000021
0.012586 0.430624 0.254936 0.145540 0.001799 0.154495 0.000020
0.012874 0.430479 0.254861 0.145016 0.001809 0.154942 0.000020
0.012635 0.429411 0.254855 0.145281 0.001802 0.155997 0.000019
0.012380 0.425754 0.256038 0.145729 0.001847 0.158231 0.000021
0.012487 0.424465 0.256421 0.145919 0.001853 0.158835 0.000020
0.012511 0.423220 0.256567 0.145941 0.001857 0.159884 0.000021
0.012513 0.422875 0.256664 0.145942 0.001863 0.160119 0.000023
0.012204 0.419233 0.257298 0.146640 0.001850 0.162751 0.000025
0.012225 0.415618 0.258436 0.147215 0.001892 0.164591 0.000023
0.012200 0.416941 0.257871 0.146919 0.001884 0.164163 0.000023
0.012176 0.415631 0.258232 0.147043 0.001893 0.165003 0.000021
0.012178 0.413990 0.258524 0.146952 0.001897 0.166434 0.000026
0.012078 0.411710 0.259125 0.147283 0.001946 0.167834 0.000023
0.012086 0.410932 0.259162 0.147348 0.001927 0.168518 0.000027
0.012174 0.408901 0.259717 0.147583 0.001953 0.169649 0.000023
0.012061 0.406195 0.260259 0.147891 0.001926 0.171642 0.000025
0.012078 0.407010 0.259720 0.147932 0.001957 0.171275 0.000027
0.012238 0.404768 0.260020 0.148048 0.001988 0.172916 0.000022
0.012011 0.402623 0.260799 0.148215 0.002002 0.174323 0.000026
0.012008 0.401077 0.261267 0.148541 0.001989 0.175093 0.000026
0.011980 0.399238 0.261484 0.148450 0.002056 0.176763 0.000029
0.012115 0.400140 0.260885 0.148577 0.002029 0.176225 0.000028
0.011932 0.397208 0.261747 0.148888 0.002029 0.178164 0.000032
0.011839 0.396009 0.261767 0.149171 0.002037 0.179149 0.000028
0.012059 0.394856 0.261817 0.148966 0.002045 0.180226 0.000031
0.012185 0.393012 0.262054 0.149137 0.002072 0.181512 0.000029
0.011874 0.391764 0.262678 0.149361 0.002067 0.182226 0.000030
0.011899 0.389176 0.263003 0.149689 0.002110 0.184095 0.000029
0.013905 0.388067 0.262620 0.149395 0.002119 0.183863 0.000031
0.021739 0.383406 0.260491 0.148100 0.002103 0.184133 0.000028
0.021226 0.383444 0.260554 0.148336 0.002089 0.184321 0.000029
0.024931 0.380319 0.259601 0.147880 0.002110 0.185127 0.000032
0.025927 0.379432 0.259193 0.147716 0.002120 0.185579 0.000033
0.024959 0.376697 0.260207 0.148142 0.002141 0.187823 0.000030
0.023291 0.376854 0.260734 0.148527 0.002159 0.188403 0.000032
0.025016 0.376644 0.259745 0.147856 0.002154 0.188554 0.000031
0.026221 0.375819 0.259362 0.147458 0.002155 0.188955 0.000031
0.022545 0.375551 0.260474 0.148384 0.002212 0.190803 0.000031
0.025123 0.374015 0.259619 0.147605 0.002179 0.191432 0.000027
0.022541 0.372997 0.260781 0.148457 0.002189 0.193003 0.000032
0.022537 0.371788 0.260867 0.148352 0.002207 0.194215 0.000033
0.020863 0.372010 0.261204 0.148561 0.002207 0.195121 0.000034
0.021425 0.370339 0.261200 0.148572 0.002236 0.196199 0.000029
0.018738 0.369521 0.262463 0.148989 0.002265 0.197990 0.000033
0.020839 0.368774 0.261092 0.148826 0.002277 0.198161 0.000032
0.018416 0.367128 0.262691 0.149327 0.002283 0.200122 0.000034
0.017331 0.365955 0.263174 0.149633 0.002294 0.201576 0.000035
0.016459 0.365346 0.263403 0.149719 0.002295 0.202739 0.000038
0.017536 0.365012 0.262705 0.149336 0.002296 0.203076 0.000039
0.016179 0.362855 0.264157 0.149910 0.002306 0.204556 0.000036
0.016594 0.362934 0.263310 0.149607 0.002341 0.205178 0.000036
0.016083 0.359635 0.264051 0.150346 0.002305 0.207547 0.000033
0.015385 0.360072 0.264510 0.150285 0.002333 0.207381 0.000035
0.013979 0.356944 0.265595 0.150991 0.002376 0.210080 0.000035
0.014388 0.356677 0.264980 0.150821 0.002406 0.210689 0.000037
0.014606 0.356000 0.265186 0.150700 0.002415 0.211051 0.000041
0.015046 0.356100 0.264653 0.150008 0.002425 0.211737 0.000030
0.014375 0.352797 0.265246 0.150992 0.002465 0.214089 0.000037
0.013715 0.351475 0.265753 0.151285 0.002417 0.215312 0.000043
0.013400 0.349904 0.266120 0.151343 0.002464 0.216731 0.000038
0.013612 0.349580 0.265901 0.151274 0.002483 0.217114 0.000036
0.013100 0.348015 0.266751 0.151325 0.002453 0.218319 0.000037
0.013182 0.345668 0.266557 0.151669 0.002465 0.220419 0.000041
0.012749 0.345473 0.267209 0.151672 0.002490 0.220368 0.000039
0.012970 0.344258 0.266651 0.151480 0.002501 0.222100 0.000041
0.012513 0.342450 0.267363 0.152092 0.002527 0.223012 0.000043
0.012546 0.341892 0.266938 0.152016 0.002527 0.224037 0.000043
0.012268 0.339413 0.268096 0.152232 0.002507 0.225442 0.000042
0.012501 0.339276 0.267405 0.151894 0.002542 0.226340 0.000042
0.012491 0.339172 0.267005 0.152200 0.002536 0.226551 0.000044
0.012896 0.337078 0.267290 0.152009 0.002587 0.228095 0.000045
0.012584 0.336724 0.266942 0.151940 0.002592 0.229176 0.000041
0.012075 0.333801 0.268316 0.152419 0.002572 0.230770 0.000048
0.011888 0.331336 0.268875 0.152510 0.002655 0.232691 0.000045
0.012277 0.330242 0.268373 0.152616 0.002634 0.233813 0.000045
0.012159 0.330200 0.268367 0.152734 0.002608 0.233888 0.000044
0.012020 0.328998 0.268145 0.152541 0.002634 0.235617 0.000045
0.012233 0.328313 0.268194 0.152463 0.002662 0.236088 0.000047
0.011833 0.325686 0.268943 0.152668 0.002692 0.238138 0.000040
0.012144 0.325410 0.268400 0.152536 0.002676 0.238786 0.000047
0.011760 0.323070 0.269030 0.153081 0.002697 0.240314 0.000047
0.011790 0.323380 0.268805 0.153084 0.002681 0.240217 0.000043
0.012081 0.322089 0.268447 0.152834 0.002720 0.241780 0.000049
0.011996 0.320430 0.268666 0.152781 0.002714 0.243368 0.000045
0.011905 0.319274 0.268974 0.152868 0.002739 0.244192 0.000049
0.012107 0.319729 0.268691 0.152484 0.002724 0.244215 0.000050
0.012139 0.319609 0.268115 0.152343 0.002730 0.245016 0.000048
0.011997 0.315773 0.268879 0.152773 0.002739 0.247790 0.000049
0.011973 0.313911 0.269208 0.152840 0.002798 0.249218 0.000052
0.011842 0.313082 0.269013 0.152773 0.002780 0.250456 0.000053
0.011878 0.312199 0.269297 0.153128 0.002762 0.250680 0.000057
0.012057 0.312303 0.268854 0.152523 0.002810 0.251399 0.000055
0.011936 0.309928 0.268742 0.153022 0.002809 0.253507 0.000057
0.011986 0.308770 0.269092 0.153043 0.002824 0.254231 0.000055
0.012125 0.308064 0.268652 0.153019 0.002825 0.255256 0.000059
0.011949 0.306516 0.268956 0.152990 0.002849 0.256677 0.000063
0.011918 0.305098 0.269012 0.152905 0.002885 0.258122 0.000060
0.012159 0.305969 0.268608 0.152930 0.002829 0.257445 0.000060
0.011901 0.303824 0.268889 0.152978 0.002895 0.259457 0.000057
0.011932 0.301711 0.269105 0.152865 0.002893 0.261435 0.000060
0.012094 0.302190 0.268677 0.152705 0.002922 0.261355 0.000057
0.012107 0.301022 0.268714 0.152832 0.002904 0.262358 0.000063
0.012029 0.298937 0.269061 0.152987 0.002956 0.263974 0.000057
0.012138 0.298732 0.269147 0.152564 0.002940 0.264420 0.000060
0.012037 0.296850 0.268804 0.152946 0.002991 0.266310 0.000062
0.011983 0.296400 0.268978 0.153075 0.002978 0.266526 0.000060
0.012193 0.295815 0.268495 0.152785 0.003007 0.267650 0.000054
0.012156 0.294543 0.268503 0.152827 0.002898 0.269019 0.000055
0.012156 0.293418 0.268629 0.152794 0.002960 0.269985 0.000058
0.012270 0.293850 0.268031 0.152456 0.002990 0.270341 0.000062
0.012108 0.291730 0.268240 0.152592 0.003001 0.272268 0.000061
0.012096 0.289085 0.268978 0.152991 0.002993 0.273794 0.000062
0.012171 0.289431 0.268400 0.152854 0.003005 0.274078 0.000061
0.012137 0.287841 0.268817 0.152863 0.003008 0.275276 0.000059
0.012202 0.286907 0.268322 0.152995 0.003028 0.276490 0.000054
0.012266 0.286742 0.267982 0.152541 0.003056 0.277350 0.000063
0.012284 0.285517 0.268187 0.152540 0.003064 0.278341 0.000067
0.012160 0.283722 0.268039 0.152648 0.003131 0.280241 0.000059
0.012316 0.283121 0.268087 0.152620 0.003076 0.280716 0.000064
0.012152 0.281179 0.268414 0.153057 0.003105 0.282028 0.000065
0.012150 0.280328 0.268318 0.152903 0.003110 0.283126 0.000065
0.012202 0.280093 0.268067 0.152629 0.003132 0.283816 0.000062
0.012314 0.278889 0.268289 0.152570 0.003171 0.284705 0.000062
0.012141 0.277762 0.267818 0.152761 0.003136 0.286316 0.000065
0.012232 0.277339 0.267735 0.152592 0.003133 0.286905 0.000063
0.012221 0.276291 0.267770 0.152353 0.003144 0.288159 0.000062
0.012406 0.276269 0.267134 0.152252 0.003141 0.288733 0.000065
0.012531 0.275981 0.267144 0.151983 0.003152 0.289149 0.000060
0.012190 0.272822 0.267394 0.152346 0.003178 0.292003 0.000068
0.012222 0.271144 0.267279 0.152378 0.003231 0.293679 0.000066
0.012417 0.270942 0.266962 0.152346 0.003202 0.294062 0.000069
0.012460 0.271521 0.266542 0.152045 0.003194 0.294171 0.000067
0.012438 0.269801 0.266815 0.151930 0.003175 0.295767 0.000072
0.012544 0.268920 0.266647 0.151780 0.003206 0.296836 0.000067
0.012337 0.267837 0.266813 0.151630 0.003247 0.298060 0.000075
0.012482 0.266614 0.266862 0.151910 0.003242 0.298820 0.000070
0.012544 0.266654 0.266198 0.151511 0.003267 0.299759 0.000067
0.012444 0.265252 0.266636 0.151716 0.003254 0.300629 0.000070
0.012524 0.264204 0.266545 0.151483 0.003302 0.301875 0.000066
0.012468 0.263924 0.266679 0.151717 0.003269 0.301874 0.000068
0.012458 0.262077 0.266491 0.151371 0.003325 0.304203 0.000073
0.012613 0.261504 0.266191 0.151617 0.003324 0.304678 0.000073
0.012676 0.259386 0.266334 0.151181 0.003337 0.307013 0.000073
0.012498 0.260340 0.265950 0.151318 0.003337 0.306485 0.000073
0.012575 0.257705 0.266361 0.151665 0.003331 0.308292 0.000071
0.012635 0.258352 0.266038 0.151075 0.003332 0.308493 0.000075
0.012765 0.257288 0.265396 0.151189 0.003356 0.309937 0.000069
0.012615 0.256279 0.265793 0.150996 0.003356 0.310883 0.000078
0.012730 0.255939 0.264900 0.150920 0.003368 0.312071 0.000070
0.012743 0.253078 0.265270 0.151096 0.003389 0.314350 0.000074
0.012670 0.254732 0.265327 0.150962 0.003366 0.312867 0.000077
0.012718 0.253433 0.265135 0.150442 0.003438 0.314761 0.000074
0.012883 0.252183 0.264839 0.150589 0.003416 0.316015 0.000074
0.012868 0.250850 0.264663 0.150333 0.003445 0.317757 0.000083
0.012646 0.250221 0.264796 0.150248 0.003420 0.318596 0.000073
0.012903 0.250574 0.264642 0.149953 0.003446 0.318401 0.000079
0.012810 0.249151 0.264257 0.150031 0.003435 0.320241 0.000075
0.012989 0.247773 0.264161 0.150112 0.003500 0.321389 0.000077
0.013007 0.246162 0.263844 0.150148 0.003481 0.323285 0.000074
0.012991 0.245771 0.263821 0.150121 0.003486 0.323735 0.000075
0.013031 0.245607 0.263641 0.149868 0.003426 0.324347 0.000079
0.012927 0.244769 0.263390 0.149910 0.003483 0.325436 0.000085
0.013044 0.242913 0.263351 0.149911 0.003484 0.327219 0.000077
0.013025 0.244000 0.263336 0.149260 0.003497 0.326802 0.000080
0.013026 0.242182 0.263019 0.149532 0.003476 0.328682 0.000083
0.012937 0.241135 0.263422 0.149404 0.003503 0.329505 0.000093
0.013184 0.238887 0.262541 0.149575 0.003494 0.332236 0.000083
0.013213 0.239660 0.262911 0.149298 0.003496 0.331338 0.000084
0.013276 0.238319 0.262861 0.149191 0.003507 0.332760 0.000085
0.013215 0.238186 0.262501 0.148944 0.003532 0.333536 0.000086
0.013290 0.237904 0.262490 0.148873 0.003517 0.333834 0.000092
0.013337 0.237284 0.262260 0.149137 0.003505 0.334393 0.000084
0.013188 0.235577 0.261849 0.148735 0.003554 0.337007 0.000090
0.013474 0.235494 0.261707 0.148828 0.003576 0.336827 0.000094
0.013070 0.235086 0.261687 0.148921 0.003542 0.337602 0.000092
0.013260 0.233466 0.261315 0.148576 0.003598 0.339691 0.000094
0.013378 0.232541 0.261220 0.148532 0.003599 0.340638 0.000092
0.013292 0.233037 0.261365 0.148383 0.003638 0.340192 0.000094
0.013476 0.230559 0.260917 0.147990 0.003666 0.343294 0.000097
0.013508 0.230691 0.260739 0.148160 0.003599 0.343203 0.000100
0.013353 0.230376 0.261040 0.147983 0.003613 0.343540 0.000096
0.013390 0.228977 0.260482 0.147953 0.003614 0.345486 0.000098
0.013600 0.227839 0.260457 0.147810 0.003645 0.346558 0.000091
0.013421 0.227587 0.259897 0.147833 0.003613 0.347556 0.000093
0.013416 0.226921 0.259849 0.147814 0.003647 0.348254 0.000100
0.013630 0.225513 0.259582 0.147893 0.003612 0.349663 0.000105
0.013510 0.225040 0.259597 0.147638 0.003658 0.350454 0.000103
0.013695 0.224976 0.259323 0.147491 0.003629 0.350787 0.000099
0.013709 0.222489 0.259206 0.147125 0.003722 0.353651 0.000098
0.013848 0.222463 0.258942 0.147262 0.003673 0.353715 0.000097
0.013582 0.221940 0.258957 0.147131 0.003680 0.354609 0.000100
0.013716 0.221899 0.259071 0.146629 0.003712 0.354866 0.000107
0.013915 0.220944 0.258024 0.146659 0.003730 0.356620 0.000108
0.013917 0.220189 0.258109 0.146855 0.003735 0.357090 0.000105
0.013805 0.219850 0.258315 0.146517 0.003762 0.357641 0.000110
0.013944 0.218499 0.257646 0.146622 0.003742 0.359430 0.000116
0.013831 0.218549 0.257530 0.146336 0.003748 0.359900 0.000106
0.014031 0.217496 0.257784 0.146321 0.003725 0.360532 0.000110
0.013975 0.217238 0.257858 0.146136 0.003745 0.360931 0.000116
0.014017 0.215544 0.257237 0.146289 0.003803 0.362996 0.000115
0.014136 0.215186 0.257378 0.145894 0.003762 0.363526 0.000118
0.014147 0.213739 0.256612 0.146067 0.003816 0.365501 0.000119
0.014247 0.213847 0.256314 0.145606 0.003767 0.366112 0.000108
0.014160 0.212499 0.256541 0.145544 0.003796 0.367346 0.000114
0.014200 0.212574 0.255872 0.145881 0.003790 0.367570 0.000114
0.014275 0.211073 0.255690 0.145339 0.003834 0.369669 0.000120
0.014293 0.210416 0.255801 0.145074 0.003793 0.370508 0.000115
0.014308 0.210495 0.255407 0.145257 0.003806 0.370607 0.000120
0.014340 0.209387 0.254754 0.144918 0.003818 0.372653 0.000130
0.014338 0.209125 0.255137 0.144978 0.003802 0.372501 0.000119
0.014455 0.208472 0.254877 0.144830 0.003802 0.373439 0.000126
0.014321 0.207981 0.254694 0.144701 0.003853 0.374324 0.000126
0.014423 0.207734 0.254667 0.144486 0.003862 0.374694 0.000134
0.014476 0.207004 0.254413 0.144360 0.003836 0.375789 0.000122
0.014611 0.205552 0.253940 0.144572 0.003847 0.377353 0.000125
0.014523 0.204554 0.253877 0.144268 0.003874 0.378786 0.000117
0.014488 0.204004 0.253653 0.144327 0.003879 0.379523 0.000127
0.014533 0.202926 0.253530 0.144008 0.003918 0.380957 0.000128
0.014495 0.204025 0.253360 0.144114 0.003866 0.380014 0.000127
0.014641 0.202134 0.253023 0.143872 0.003851 0.382353 0.000126
0.014417 0.201935 0.253144 0.143707 0.003941 0.382729 0.000127
0.014682 0.200867 0.252341 0.143559 0.003956 0.384467 0.000127
0.014615 0.199875 0.251847 0.143429 0.003972 0.386123 0.000138
0.014789 0.200169 0.252163 0.143174 0.003920 0.385652 0.000134
0.014763 0.199120 0.251832 0.143106 0.003896 0.387156 0.000127
0.014698 0.198968 0.251423 0.143153 0.003896 0.387735 0.000127
0.014892 0.197518 0.251698 0.142749 0.003966 0.389043 0.000135
0.014815 0.197651 0.250891 0.142873 0.003989 0.389653 0.000127
0.014743 0.196117 0.250998 0.142541 0.003921 0.391555 0.000125
0.015095 0.195850 0.250594 0.142292 0.003954 0.392085 0.000129
0.015008 0.195530 0.250091 0.142833 0.003990 0.392411 0.000136
0.014918 0.194377 0.250010 0.142688 0.004004 0.393869 0.000134
0.015081 0.194309 0.250214 0.141870 0.004013 0.394387 0.000127
0.014867 0.193889 0.249906 0.142181 0.004040 0.394983 0.000134
0.014957 0.193441 0.249313 0.142021 0.004004 0.396121 0.000142
0.014868 0.192713 0.249348 0.141848 0.004026 0.397064 0.000133
0.014981 0.191050 0.249315 0.141527 0.004064 0.398931 0.000130
0.015265 0.190661 0.249260 0.141496 0.004053 0.399132 0.000133
0.015246 0.190548 0.248759 0.141191 0.004060 0.400051 0.000145
0.015216 0.190296 0.248373 0.140945 0.004078 0.400959 0.000133
0.015208 0.189642 0.248231 0.141165 0.004117 0.401512 0.000125
0.015252 0.188173 0.247777 0.140824 0.004080 0.403753 0.000142
0.015443 0.188824 0.247531 0.140640 0.004105 0.403313 0.000143
0.015375 0.188216 0.247497 0.140426 0.004106 0.404245 0.000135
0.015282 0.187592 0.247179 0.140721 0.004052 0.405024 0.000150
0.015396 0.186728 0.246902 0.140402 0.004134 0.406297 0.000141
0.015499 0.186944 0.246678 0.140425 0.004110 0.406200 0.000143
0.015385 0.186025 0.246460 0.140194 0.004136 0.407664 0.000137
0.015485 0.185755 0.245958 0.139678 0.004122 0.408863 0.000139
0.015616 0.185585 0.246093 0.139507 0.004165 0.408888 0.000147
0.015687 0.184144 0.246192 0.139486 0.004117 0.410230 0.000145
0.015702 0.183488 0.245377 0.139445 0.004161 0.411677 0.000150
0.015750 0.183494 0.245160 0.139096 0.004148 0.412201 0.000149
0.015898 0.183085 0.244951 0.139423 0.004155 0.412349 0.000139
0.015714 0.181886 0.244773 0.139066 0.004189 0.414234 0.000139
0.015782 0.182585 0.244543 0.138855 0.004162 0.413937 0.000136
0.015851 0.181231 0.244295 0.138816 0.004220 0.415431 0.000156
0.015887 0.181084 0.243559 0.138657 0.004189 0.416482 0.000143
0.015936 0.179350 0.243443 0.138597 0.004204 0.418329 0.000142
0.015812 0.179554 0.243279 0.138436 0.004227 0.418554 0.000138
0.015859 0.179139 0.243362 0.138145 0.004197 0.419154 0.000142
0.016045 0.178196 0.243269 0.138146 0.004208 0.419995 0.000141
0.015994 0.177612 0.243327 0.137938 0.004193 0.420795 0.000142
0.016198 0.177472 0.242315 0.137735 0.004207 0.421921 0.000152
0.016093 0.176408 0.241749 0.137321 0.004193 0.424091 0.000145
0.016130 0.175799 0.241823 0.137397 0.004255 0.424454 0.000141
0.016314 0.174871 0.241531 0.137167 0.004221 0.425753 0.000144
0.016044 0.176426 0.241636 0.137094 0.004272 0.424386 0.000142
0.016313 0.174588 0.241128 0.137134 0.004258 0.426430 0.000150
0.016339 0.174663 0.240550 0.137027 0.004194 0.427080 0.000147
0.016284 0.173625 0.240346 0.136453 0.004235 0.428902 0.000156
0.016383 0.173578 0.240127 0.136422 0.004223 0.429114 0.000153
0.016420 0.173120 0.240023 0.136386 0.004232 0.429672 0.000147
0.016534 0.171759 0.239492 0.136108 0.004283 0.431676 0.000148
0.016338 0.172176 0.239798 0.136271 0.004238 0.431030 0.000149
0.016549 0.171677 0.239310 0.135982 0.004223 0.432112 0.000147
0.016645 0.171258 0.238803 0.135884 0.004312 0.432945 0.000153
0.016636 0.170136 0.238650 0.135528 0.004295 0.434606 0.000149
0.016745 0.168871 0.238451 0.135177 0.004285 0.436317 0.000155
0.016602 0.169474 0.238195 0.135176 0.004269 0.436128 0.000155
0.016687 0.169224 0.238005 0.135418 0.004330 0.436179 0.000156
0.016765 0.168228 0.238005 0.135048 0.004315 0.437481 0.000158
0.016868 0.167727 0.237749 0.134789 0.004299 0.438397 0.000170
0.016801 0.167481 0.237290 0.135243 0.004326 0.438701 0.000158
0.016880 0.167174 0.237161 0.135021 0.004315 0.439302 0.000147
0.016819 0.167364 0.237241 0.134623 0.004272 0.439523 0.000157
0.016958 0.166011 0.236413 0.134764 0.004374 0.441320 0.000160
0.016933 0.166547 0.236210 0.134260 0.004372 0.441516 0.000162
0.017032 0.166132 0.236123 0.134263 0.004327 0.441966 0.000157
0.017120 0.164881 0.235816 0.134316 0.004330 0.443376 0.000161
0.017092 0.164607 0.235359 0.133865 0.004398 0.444513 0.000167
0.016935 0.163758 0.235138 0.133895 0.004399 0.445715 0.000161
0.017069 0.163662 0.235299 0.133379 0.004371 0.446055 0.000166
0.017219 0.163225 0.234793 0.133164 0.004356 0.447077 0.000165
0.017124 0.162272 0.234313 0.132980 0.004391 0.448752 0.000169
0.017222 0.162407 0.234239 0.133458 0.004397 0.448117 0.000161
0.017286 0.161446 0.234325 0.132968 0.004376 0.449431 0.000168
0.017323 0.161693 0.233661 0.133250 0.004381 0.449529 0.000164
0.017393 0.160815 0.233384 0.132814 0.004390 0.451043 0.000161
0.017512 0.160713 0.232935 0.132324 0.004438 0.451921 0.000156
0.017409 0.159645 0.232759 0.132454 0.004428 0.453141 0.000164
0.017514 0.159694 0.232985 0.132360 0.004406 0.452884 0.000155
0.017285 0.159512 0.232818 0.132358 0.004400 0.453463 0.000165
0.017323 0.158600 0.232484 0.132199 0.004455 0.454777 0.000162
0.017676 0.157850 0.231632 0.132042 0.004416 0.456209 0.000175
0.017760 0.158151 0.231449 0.131495 0.004388 0.456596 0.000162
0.017659 0.157179 0.231636 0.131462 0.004415 0.457481 0.000168
0.017715 0.156773 0.230990 0.131336 0.004418 0.458601 0.000167
0.017843 0.156046 0.230510 0.130934 0.004469 0.460016 0.000183
0.017764 0.155910 0.230900 0.130969 0.004406 0.459883 0.000168
0.017777 0.156292 0.230305 0.130812 0.004451 0.460201 0.000162
0.017948 0.156251 0.229948 0.130804 0.004441 0.460431 0.000177
0.018019 0.154819 0.229932 0.130423 0.004462 0.462162 0.000183
0.017973 0.154446 0.229433 0.130518 0.004468 0.462984 0.000178
0.017790 0.153571 0.229137 0.130231 0.004466 0.464648 0.000157
0.018040 0.153204 0.229068 0.129848 0.004487 0.465183 0.000170
0.017784 0.153358 0.228499 0.130210 0.004440 0.465527 0.000182
0.018141 0.153098 0.228410 0.129838 0.004565 0.465781 0.000167
0.018154 0.152476 0.227929 0.129744 0.004446 0.467079 0.000172
0.018066 0.152255 0.228151 0.129380 0.004470 0.467496 0.000182
0.018172 0.151506 0.227547 0.129618 0.004590 0.468397 0.000170
0.018355 0.151764 0.227560 0.129254 0.004522 0.468364 0.000181
0.018378 0.151641 0.226869 0.129047 0.004561 0.469329 0.000175
0.018388 0.149717 0.226721 0.128963 0.004547 0.471491 0.000175
0.018312 0.150006 0.226393 0.128725 0.004515 0.471872 0.000177
0.018289 0.149708 0.225952 0.128795 0.004552 0.472528 0.000176
0.018274 0.149153 0.226133 0.128503 0.004538 0.473219 0.000180
0.018612 0.148993 0.225702 0.128395 0.004553 0.473576 0.000169
0.018422 0.149022 0.225483 0.128372 0.004580 0.473945 0.000176
0.018598 0.147753 0.224790 0.128157 0.004600 0.475920 0.000182
0.018614 0.148038 0.225171 0.127893 0.004572 0.475523 0.000189
0.018733 0.146827 0.224387 0.127538 0.004591 0.477739 0.000185
0.018646 0.146726 0.224524 0.127617 0.004658 0.477640 0.000188
0.018596 0.146669 0.224492 0.127521 0.004650 0.477879 0.000193
0.018585 0.146524 0.224026 0.127370 0.004590 0.478714 0.000191
0.018521 0.145608 0.223616 0.127083 0.004570 0.480416 0.000186
0.018976 0.144993 0.223060 0.126901 0.004587 0.481288 0.000194
0.018842 0.145203 0.222878 0.126774 0.004589 0.481525 0.000190
0.018913 0.144434 0.222681 0.126842 0.004629 0.482313 0.000187
0.019055 0.144637 0.222214 0.126626 0.004611 0.482659 0.000198
0.019413 0.143473 0.221862 0.126446 0.004571 0.484044 0.000192
0.019049 0.143946 0.221685 0.126462 0.004580 0.484080 0.000198
0.019376 0.142500 0.221303 0.125854 0.004619 0.486145 0.000203
0.019081 0.142310 0.221417 0.125754 0.004699 0.486545 0.000194
0.019060 0.142247 0.220575 0.125752 0.004623 0.487544 0.000199
0.019235 0.142303 0.220921 0.125306 0.004666 0.487380 0.000191
0.019360 0.141494 0.220390 0.124927 0.004629 0.488999 0.000200
0.019358 0.141475 0.220343 0.124958 0.004625 0.489037 0.000204
0.019542 0.140836 0.219685 0.124932 0.004694 0.490098 0.000214
0.019375 0.140281 0.219669 0.124819 0.004637 0.491018 0.000201
