0.999118 0.000851 0.000025 0.000005 0.000000 0.000000 0.000000
0.998679 0.001281 0.000027 0.000005 0.000000 0.000008 0.000000
0.998238 0.001705 0.000038 0.000011 0.000000 0.000009 0.000000
0.997796 0.002136 0.000042 0.000016 0.000000 0.000010 0.000000
0.997323 0.002600 0.000048 0.000018 0.000000 0.000010 0.000000
0.996788 0.003127 0.000054 0.000020 0.000000 0.000011 0.000000
0.996174 0.003738 0.000055 0.000021 0.000000 0.000011 0.000000
0.995586 0.004309 0.000071 0.000023 0.000000 0.000011 0.000000
0.994816 0.005063 0.000083 0.000028 0.000000 0.000010 0.000000
0.993781 0.006077 0.000097 0.000035 0.000000 0.000009 0.000000
0.992762 0.007080 0.000098 0.000051 0.000000 0.000009 0.000000
0.991199 0.008633 0.000114 0.000046 0.000000 0.000009 0.000000
0.989594 0.010219 0.000119 0.000061 0.000000 0.000007 0.000000
0.987232 0.012527 0.000165 0.000070 0.000000 0.000007 0.000000
0.984293 0.015417 0.000187 0.000096 0.000000 0.000007 0.000000
0.981377 0.018279 0.000215 0.000122 0.000000 0.000006 0.000000
0.976782 0.022785 0.000272 0.000154 0.000000 0.000006 0.000000
0.972607 0.026920 0.000297 0.000172 0.000000 0.000005 0.000000
0.967270 0.032132 0.000383 0.000206 0.000000 0.000009 0.000000
0.961864 0.037412 0.000453 0.000255 0.000000 0.000015 0.000000
0.953949 0.045167 0.000553 0.000314 0.000000 0.000017 0.000000
0.947046 0.051902 0.000650 0.000374 0.000000 0.000028 0.000000
0.937478 0.061291 0.000753 0.000450 0.000000 0.000027 0.000000
0.928115 0.070453 0.000875 0.000524 0.000000 0.000033 0.000000
0.917692 0.080630 0.001018 0.000620 0.000000 0.000040 0.000000
0.907806 0.090236 0.001199 0.000716 0.000000 0.000043 0.000000
0.894778 0.102886 0.001445 0.000843 0.000000 0.000048 0.000000
0.881352 0.115908 0.001718 0.000962 0.000000 0.000060 0.000000
0.866977 0.129885 0.001989 0.001093 0.000000 0.000057 0.000000
0.853159 0.143324 0.002211 0.001247 0.000000 0.000060 0.000000
0.839445 0.156525 0.002517 0.001445 0.000000 0.000068 0.000000
0.823955 0.171561 0.002825 0.001586 0.000000 0.000073 0.000000
0.808622 0.186320 0.003170 0.001806 0.000001 0.000081 0.000000
0.795180 0.199201 0.003521 0.002001 0.000002 0.000096 0.000000
0.776681 0.217000 0.003963 0.002247 0.000002 0.000107 0.000000
0.763770 0.229359 0.004291 0.002462 0.000002 0.000116 0.000000
0.744093 0.248270 0.004792 0.002714 0.000002 0.000128 0.000000
0.728316 0.263351 0.005247 0.002939 0.000003 0.000144 0.000000
0.711006 0.279841 0.005762 0.003223 0.000003 0.000165 0.000000
0.696932 0.293200 0.006226 0.003461 0.000003 0.000178 0.000000
0.681056 0.308186 0.006766 0.003777 0.000003 0.000212 0.000000
0.666736 0.321716 0.007262 0.004051 0.000003 0.000233 0.000000
0.651392 0.336277 0.007748 0.004326 0.000003 0.000254 0.000000
0.634838 0.351778 0.008435 0.004673 0.000003 0.000272 0.000000
0.622942 0.362945 0.008864 0.004942 0.000002 0.000305 0.000000
0.606163 0.378616 0.009567 0.005321 0.000002 0.000331 0.000000
0.593805 0.390090 0.010137 0.005608 0.000002 0.000357 0.000000
0.578691 0.404095 0.010784 0.006037 0.000003 0.000391 0.000000
0.567199 0.414549 0.011437 0.006384 0.000005 0.000425 0.000000
0.554635 0.426099 0.012054 0.006751 0.000004 0.000457 0.000000
0.538399 0.440910 0.012903 0.007271 0.000004 0.000512 0.000000
0.530129 0.448300 0.013425 0.007588 0.000005 0.000553 0.000000
0.518255 0.459053 0.014073 0.008029 0.000005 0.000585 0.000000
0.507018 0.468971 0.014875 0.008487 0.000005 0.000645 0.000000
0.497003 0.477960 0.015481 0.008844 0.000005 0.000706 0.000000
0.486284 0.487428 0.016265 0.009265 0.000005 0.000753 0.000000
0.475351 0.497036 0.017055 0.009742 0.000006 0.000809 0.000000
0.470251 0.501189 0.017653 0.010040 0.000006 0.000860 0.000000
0.456287 0.513575 0.018620 0.010593 0.000007 0.000918 0.000000
0.444989 0.523271 0.019593 0.011143 0.000008 0.000997 0.000000
0.439866 0.527308 0.020323 0.011432 0.000007 0.001065 0.000000
0.431190 0.534703 0.021060 0.011909 0.000008 0.001131 0.000000
0.420911 0.543373 0.022034 0.012468 0.000010 0.001204 0.000000
0.414051 0.548978 0.022799 0.012887 0.000011 0.001274 0.000000
0.408017 0.553790 0.023514 0.013336 0.000009 0.001334 0.000000
0.398310 0.562012 0.024448 0.013823 0.000012 0.001394 0.000000
0.392208 0.566750 0.025274 0.014285 0.000013 0.001470 0.000000
0.387202 0.570312 0.026169 0.014743 0.000013 0.001561 0.000000
0.376825 0.578629 0.027395 0.015453 0.000012 0.001686 0.000000
0.374173 0.580431 0.027920 0.015743 0.000013 0.001720 0.000000
0.365187 0.587657 0.028953 0.016358 0.000016 0.001829 0.000000
0.359052 0.592016 0.030078 0.016888 0.000017 0.001948 0.000000
0.355326 0.594599 0.030777 0.017244 0.000019 0.002035 0.000000
0.344894 0.602634 0.032181 0.018089 0.000019 0.002184 0.000000
0.338257 0.607417 0.033235 0.018750 0.000022 0.002319 0.000000
0.334637 0.609900 0.033969 0.019069 0.000024 0.002402 0.000000
0.335309 0.608342 0.034470 0.019379 0.000024 0.002476 0.000000
0.322758 0.618172 0.036084 0.020311 0.000026 0.002649 0.000000
0.317090 0.622031 0.037111 0.020943 0.000029 0.002797 0.000000
0.311811 0.625713 0.038047 0.021457 0.000030 0.002942 0.000000
0.303180 0.631948 0.039446 0.022280 0.000031 0.003115 0.000000
0.293194 0.639411 0.040943 0.023122 0.000030 0.003299 0.000000
0.291119 0.640657 0.041404 0.023384 0.000033 0.003402 0.000000
0.285451 0.643847 0.042864 0.024172 0.000035 0.003630 0.000000
0.280458 0.647445 0.043691 0.024630 0.000037 0.003740 0.000000
0.276532 0.649564 0.044734 0.025246 0.000037 0.003888 0.000000
0.262474 0.660271 0.046732 0.026355 0.000041 0.004128 0.000000
0.262021 0.659457 0.047433 0.026770 0.000041 0.004278 0.000000
0.253903 0.664404 0.049292 0.027782 0.000042 0.004575 0.000000
0.246740 0.669696 0.050312 0.028510 0.000044 0.004699 0.000000
0.239949 0.673657 0.051909 0.029431 0.000047 0.005007 0.000000
0.235823 0.675198 0.053401 0.030239 0.000052 0.005286 0.000000
0.227229 0.681357 0.054765 0.031073 0.000054 0.005522 0.000000
0.224356 0.682653 0.055724 0.031555 0.000056 0.005657 0.000000
0.215273 0.688037 0.057872 0.032742 0.000060 0.006016 0.000001
0.210930 0.690573 0.058858 0.033388 0.000060 0.006191 0.000001
0.203721 0.694342 0.060782 0.034555 0.000065 0.006534 0.000001
0.199440 0.696170 0.062136 0.035369 0.000067 0.006817 0.000001
0.196550 0.697264 0.063119 0.036011 0.000067 0.006989 0.000000
0.186285 0.703167 0.065643 0.037410 0.000076 0.007418 0.000001
0.184710 0.701885 0.067207 0.038306 0.000079 0.007812 0.000001
0.182380 0.702802 0.068064 0.038694 0.000082 0.007977 0.000000
0.174145 0.706634 0.070512 0.040194 0.000088 0.008426 0.000001
0.172815 0.705772 0.071794 0.040827 0.000092 0.008700 0.000001
0.168534 0.707785 0.073119 0.041473 0.000097 0.008991 0.000001
0.171149 0.703663 0.073851 0.042045 0.000103 0.009188 0.000001
0.167110 0.704009 0.075834 0.043243 0.000102 0.009700 0.000002
0.161831 0.706830 0.077214 0.044058 0.000108 0.009957 0.000002
0.162441 0.704066 0.078456 0.044574 0.000115 0.010347 0.000001
0.157660 0.706039 0.080011 0.045491 0.000116 0.010679 0.000002
0.155988 0.703613 0.082266 0.046797 0.000120 0.011214 0.000003
0.154160 0.702836 0.083725 0.047581 0.000120 0.011575 0.000002
0.151274 0.704234 0.084620 0.047968 0.000131 0.011769 0.000003
0.147077 0.704989 0.086456 0.049033 0.000129 0.012313 0.000003
0.148533 0.701916 0.087291 0.049554 0.000137 0.012567 0.000002
0.143303 0.704087 0.088938 0.050552 0.000135 0.012980 0.000003
0.133798 0.708841 0.091618 0.052007 0.000143 0.013591 0.000002
0.133610 0.706455 0.092972 0.052767 0.000152 0.014041 0.000002
0.131586 0.705367 0.094753 0.053590 0.000163 0.014538 0.000002
0.126165 0.708789 0.095734 0.054363 0.000170 0.014777 0.000002
0.122175 0.709021 0.097793 0.055467 0.000173 0.015369 0.000002
0.120378 0.709577 0.098383 0.055927 0.000182 0.015551 0.000003
0.110115 0.713591 0.101862 0.057758 0.000192 0.016478 0.000003
0.107149 0.713645 0.103288 0.058741 0.000199 0.016975 0.000002
0.100931 0.716278 0.105378 0.059721 0.000203 0.017488 0.000002
0.097576 0.717467 0.106614 0.060387 0.000206 0.017748 0.000003
0.094477 0.716603 0.108692 0.061544 0.000213 0.018468 0.000002
0.087972 0.718625 0.111068 0.062925 0.000227 0.019181 0.000002
0.082767 0.719573 0.113162 0.064407 0.000244 0.019845 0.000002
0.085147 0.716781 0.113429 0.064424 0.000235 0.019981 0.000003
0.079458 0.717736 0.116077 0.065784 0.000252 0.020690 0.000002
0.077923 0.715875 0.117731 0.066851 0.000260 0.021358 0.000002
0.075227 0.715647 0.119358 0.067673 0.000270 0.021823 0.000002
0.073441 0.714119 0.121004 0.068594 0.000282 0.022557 0.000003
0.068859 0.713497 0.123592 0.070251 0.000291 0.023506 0.000003
0.066428 0.712617 0.125360 0.071253 0.000297 0.024042 0.000003
0.066466 0.710976 0.126230 0.071697 0.000286 0.024342 0.000004
0.063220 0.708460 0.129163 0.073424 0.000302 0.025430 0.000002
0.063249 0.707112 0.129861 0.073618 0.000326 0.025831 0.000003
0.061341 0.706678 0.131035 0.074350 0.000320 0.026273 0.000003
0.055032 0.706165 0.134630 0.076274 0.000352 0.027544 0.000002
0.057073 0.703480 0.134794 0.076526 0.000352 0.027772 0.000003
0.058121 0.700142 0.135806 0.077186 0.000353 0.028390 0.000002
0.052883 0.702160 0.137676 0.077893 0.000359 0.029027 0.000002
0.051391 0.699535 0.139874 0.079007 0.000377 0.029814 0.000002
0.049208 0.698336 0.141282 0.080244 0.000372 0.030557 0.000003
0.047277 0.695850 0.143594 0.081539 0.000392 0.031346 0.000002
0.045828 0.694773 0.144837 0.082099 0.000409 0.032052 0.000002
0.044497 0.692723 0.146502 0.083060 0.000410 0.032805 0.000003
0.042635 0.691216 0.148354 0.083895 0.000420 0.033477 0.000002
0.043515 0.688568 0.148974 0.084460 0.000431 0.034050 0.000002
0.040807 0.687138 0.151107 0.085529 0.000447 0.034969 0.000004
0.039336 0.686407 0.152101 0.086302 0.000453 0.035399 0.000002
0.038046 0.683207 0.154277 0.087553 0.000456 0.036458 0.000003
0.037192 0.681602 0.155305 0.088215 0.000464 0.037220 0.000002
0.036338 0.679773 0.156772 0.088846 0.000474 0.037795 0.000003
0.035796 0.678272 0.157499 0.089504 0.000491 0.038434 0.000003
0.034012 0.676981 0.159211 0.090166 0.000498 0.039128 0.000003
0.033517 0.674246 0.160897 0.090890 0.000499 0.039949 0.000003
0.031643 0.672179 0.162488 0.092356 0.000511 0.040821 0.000003
0.030791 0.669542 0.164474 0.092958 0.000523 0.041709 0.000002
0.031412 0.668655 0.164360 0.093034 0.000526 0.042010 0.000003
0.029942 0.665905 0.166382 0.094282 0.000553 0.042932 0.000003
0.029445 0.662602 0.167997 0.095303 0.000552 0.044097 0.000004
0.028781 0.662865 0.168357 0.095317 0.000549 0.044128 0.000003
0.028347 0.659954 0.169951 0.096183 0.000569 0.044992 0.000005
0.027633 0.657689 0.171291 0.096930 0.000581 0.045872 0.000003
0.027064 0.655484 0.172402 0.097731 0.000567 0.046749 0.000003
0.026426 0.652094 0.174372 0.098631 0.000590 0.047882 0.000003
0.025632 0.650382 0.175490 0.099444 0.000608 0.048441 0.000004
0.038052 0.640516 0.173839 0.098532 0.000604 0.048454 0.000004
0.037236 0.638205 0.175259 0.099264 0.000598 0.049435 0.000003
0.040241 0.633703 0.175874 0.099665 0.000600 0.049913 0.000004
0.038063 0.632846 0.177179 0.100286 0.000621 0.051002 0.000003
0.041686 0.627624 0.177797 0.100691 0.000638 0.051561 0.000003
0.042365 0.625868 0.178047 0.100984 0.000643 0.052086 0.000006
0.041535 0.624726 0.179133 0.101202 0.000634 0.052763 0.000006
0.045724 0.619556 0.179313 0.101397 0.000651 0.053352 0.000007
0.041211 0.619721 0.181300 0.102656 0.000660 0.054446 0.000005
0.045798 0.614457 0.180999 0.102777 0.000655 0.055310 0.000005
0.045290 0.612621 0.182342 0.103168 0.000667 0.055906 0.000005
0.040562 0.614464 0.183605 0.104112 0.000684 0.056565 0.000008
0.039983 0.612490 0.184657 0.104833 0.000681 0.057350 0.000007
0.039384 0.611477 0.185526 0.104915 0.000696 0.057995 0.000007
0.039322 0.609997 0.185817 0.105446 0.000698 0.058715 0.000006
0.040133 0.606988 0.186669 0.105841 0.000726 0.059637 0.000007
0.037550 0.606278 0.188263 0.106515 0.000730 0.060657 0.000007
0.034486 0.605147 0.190173 0.107623 0.000758 0.061807 0.000006
0.033743 0.605367 0.190439 0.107705 0.000722 0.062017 0.000007
0.032711 0.604133 0.191302 0.108381 0.000725 0.062742 0.000006
0.030186 0.601235 0.193695 0.109762 0.000775 0.064340 0.000007
0.028928 0.599307 0.194849 0.110556 0.000790 0.065564 0.000007
0.028907 0.600481 0.194095 0.110134 0.000775 0.065600 0.000007
0.026828 0.597081 0.196847 0.111460 0.000785 0.066992 0.000008
0.026197 0.595848 0.197692 0.111882 0.000799 0.067576 0.000006
0.025516 0.593743 0.198604 0.112441 0.000810 0.068880 0.000006
0.023487 0.592147 0.200496 0.113431 0.000813 0.069617 0.000009
0.023337 0.591647 0.200515 0.113647 0.000830 0.070016 0.000007
0.021611 0.587421 0.202886 0.114973 0.000852 0.072249 0.000008
0.021875 0.586621 0.203410 0.114881 0.000859 0.072346 0.000008
0.021170 0.584441 0.204436 0.115568 0.000875 0.073503 0.000007
0.020618 0.581354 0.205973 0.116509 0.000886 0.074650 0.000010
0.019994 0.578948 0.207020 0.117084 0.000898 0.076047 0.000009
0.019777 0.578216 0.207614 0.117176 0.000894 0.076315 0.000008
0.019135 0.575887 0.208649 0.117963 0.000925 0.077431 0.000009
0.019440 0.575279 0.208894 0.117834 0.000907 0.077636 0.000011
0.019217 0.571840 0.209937 0.118831 0.000940 0.079226 0.000010
0.018094 0.568958 0.211952 0.119689 0.000954 0.080344 0.000010
0.018642 0.567544 0.211957 0.119816 0.000966 0.081067 0.000009
0.017825 0.565963 0.213175 0.120500 0.000967 0.081560 0.000010
0.017418 0.563625 0.214122 0.120953 0.000976 0.082896 0.000009
0.017096 0.559777 0.215608 0.121866 0.001012 0.084631 0.000009
0.016993 0.558344 0.216456 0.122019 0.000985 0.085194 0.000009
0.016990 0.557436 0.216454 0.122375 0.001006 0.085727 0.000012
0.016686 0.554982 0.217574 0.122884 0.001029 0.086834 0.000010
0.016341 0.552948 0.218402 0.123484 0.001033 0.087780 0.000011
0.016117 0.552404 0.218492 0.123522 0.001017 0.088437 0.000010
0.015908 0.550242 0.219382 0.124060 0.001032 0.089364 0.000012
0.015659 0.547484 0.220312 0.124717 0.001072 0.090746 0.000011
0.015673 0.544465 0.221421 0.125391 0.001070 0.091966 0.000014
0.015717 0.543537 0.221985 0.125306 0.001086 0.092357 0.000013
0.015257 0.541756 0.222528 0.125900 0.001091 0.093456 0.000012
0.015025 0.538813 0.223777 0.126572 0.001091 0.094709 0.000013
0.014684 0.536424 0.224873 0.127097 0.001105 0.095803 0.000014
0.014832 0.535489 0.225176 0.127077 0.001147 0.096266 0.000013
0.014684 0.533824 0.225732 0.127569 0.001124 0.097053 0.000014
0.014468 0.531761 0.226213 0.128168 0.001119 0.098257 0.000014
0.014205 0.529836 0.227254 0.128473 0.001156 0.099065 0.000012
0.014272 0.527538 0.227741 0.129102 0.001147 0.100186 0.000015
0.014201 0.525825 0.228204 0.129365 0.001183 0.101207 0.000015
0.013921 0.521862 0.229914 0.130032 0.001216 0.103041 0.000014
0.013985 0.521166 0.230072 0.130324 0.001209 0.103230 0.000015
0.013858 0.519704 0.230513 0.130460 0.001236 0.104215 0.000015
0.013844 0.517322 0.231138 0.130957 0.001225 0.105497 0.000017
0.013734 0.516937 0.231318 0.130950 0.001237 0.105811 0.000013
0.013554 0.513884 0.232101 0.131884 0.001276 0.107286 0.000017
0.013608 0.514130 0.232389 0.131391 0.001262 0.107200 0.000019
0.013660 0.512676 0.232408 0.131814 0.001253 0.108174 0.000015
0.013461 0.508743 0.234175 0.132362 0.001291 0.109948 0.000019
0.013314 0.505660 0.235017 0.133160 0.001293 0.111538 0.000019
0.013255 0.504155 0.235513 0.133290 0.001320 0.112450 0.000017
0.013154 0.503273 0.235659 0.133631 0.001345 0.112921 0.000017
0.013042 0.501025 0.236510 0.133825 0.001324 0.114255 0.000018
0.013068 0.499204 0.236760 0.134345 0.001333 0.115272 0.000019
0.012706 0.496723 0.237916 0.134929 0.001338 0.116368 0.000019
0.012815 0.494589 0.238359 0.135342 0.001380 0.117496 0.000018
0.012778 0.492942 0.239019 0.135334 0.001362 0.118546 0.000018
0.012539 0.491312 0.239524 0.135994 0.001357 0.119253 0.000020
0.012789 0.490080 0.239810 0.135999 0.001409 0.119893 0.000019
0.012492 0.486109 0.241110 0.136816 0.001416 0.122042 0.000015
0.012489 0.485669 0.241457 0.136647 0.001427 0.122292 0.000018
0.012498 0.485175 0.241482 0.136820 0.001418 0.122588 0.000018
0.012566 0.483832 0.241807 0.136875 0.001435 0.123465 0.000019
0.012334 0.480995 0.242793 0.137319 0.001460 0.125081 0.000017
0.012319 0.479596 0.242901 0.137884 0.001458 0.125825 0.000017
0.012242 0.477223 0.243685 0.137935 0.001477 0.127419 0.000018
0.012094 0.475209 0.244293 0.138288 0.001485 0.128613 0.000018
0.012239 0.474100 0.244301 0.138502 0.001516 0.129320 0.000022
0.012001 0.471425 0.245474 0.139093 0.001503 0.130485 0.000019
0.012126 0.470491 0.245496 0.139125 0.001528 0.131215 0.000019
0.012058 0.468101 0.246126 0.139365 0.001535 0.132794 0.000021
0.011919 0.466149 0.246724 0.139741 0.001556 0.133892 0.000020
0.011843 0.464556 0.247401 0.139784 0.001546 0.134847 0.000022
0.011846 0.462170 0.247773 0.140583 0.001561 0.136046 0.000022
0.011849 0.461044 0.248214 0.140530 0.001599 0.136744 0.000021
0.011844 0.460250 0.247864 0.140763 0.001609 0.137648 0.000022
0.011696 0.457939 0.248830 0.140974 0.001625 0.138914 0.000021
0.011669 0.455710 0.249421 0.141149 0.001622 0.140407 0.000021
0.011693 0.455002 0.249444 0.141336 0.001623 0.140885 0.000018
0.011605 0.452935 0.250054 0.141924 0.001677 0.141782 0.000024
0.011594 0.450277 0.250873 0.142239 0.001675 0.143319 0.000023
0.011591 0.450267 0.250497 0.142113 0.001675 0.143839 0.000019
0.011599 0.447983 0.251303 0.142450 0.001668 0.144974 0.000023
0.011656 0.447115 0.251518 0.142542 0.001672 0.145475 0.000022
0.011609 0.445039 0.251609 0.142766 0.001691 0.147266 0.000020
0.011424 0.442508 0.252885 0.143174 0.001711 0.148279 0.000020
0.011454 0.441164 0.253024 0.143407 0.001713 0.149219 0.000020
0.011326 0.439702 0.253381 0.143759 0.001737 0.150075 0.000021
0.011383 0.438102 0.253509 0.143856 0.001762 0.151363 0.000024
0.011281 0.435927 0.254023 0.144189 0.001762 0.152794 0.000024
0.011374 0.434924 0.254343 0.144067 0.001749 0.153519 0.000023
0.011326 0.434009 0.254145 0.144458 0.001792 0.154246 0.000024
0.011250 0.432569 0.254756 0.144435 0.001803 0.155163 0.000024
0.011214 0.430091 0.255403 0.144891 0.001827 0.156550 0.000024
0.011280 0.428835 0.255545 0.145220 0.001826 0.157272 0.000022
0.011185 0.427329 0.255816 0.145218 0.001842 0.158583 0.000028
0.011104 0.425897 0.256086 0.145433 0.001830 0.159620 0.000030
0.011095 0.423653 0.257368 0.145437 0.001835 0.160584 0.000029
0.011108 0.422928 0.256717 0.145790 0.001863 0.161564 0.000030
0.011104 0.421011 0.257333 0.145751 0.001837 0.162932 0.000031
0.010991 0.417962 0.258327 0.146397 0.001886 0.164407 0.000031
0.011127 0.417511 0.258246 0.146088 0.001890 0.165106 0.000032
0.010946 0.416466 0.258604 0.146428 0.001883 0.165641 0.000033
0.011035 0.415729 0.258335 0.146623 0.001930 0.166314 0.000034
0.010935 0.413849 0.259065 0.146490 0.001895 0.167736 0.000030
0.011001 0.411280 0.259141 0.147178 0.001920 0.169444 0.000036
0.011022 0.409295 0.259899 0.147015 0.001910 0.170823 0.000035
0.010871 0.408522 0.259719 0.147411 0.001948 0.171497 0.000031
0.010970 0.407365 0.259944 0.147415 0.001957 0.172317 0.000030
0.010853 0.405168 0.260600 0.147772 0.001970 0.173603 0.000033
0.010965 0.404479 0.260106 0.147860 0.001979 0.174579 0.000032
0.010887 0.402699 0.261074 0.147846 0.001955 0.175503 0.000036
0.010864 0.401032 0.261109 0.147982 0.002013 0.176962 0.000038
0.010770 0.398907 0.261724 0.148217 0.002019 0.178324 0.000039
0.010836 0.397927 0.261666 0.148381 0.002055 0.179097 0.000038
0.010854 0.397650 0.261641 0.148239 0.002042 0.179534 0.000039
0.010788 0.394441 0.262401 0.148714 0.002068 0.181553 0.000035
0.010806 0.393646 0.262473 0.148787 0.002069 0.182182 0.000036
0.010784 0.392958 0.262622 0.148709 0.002069 0.182821 0.000037
0.010685 0.390918 0.262835 0.149065 0.002095 0.184366 0.000036
0.010890 0.389950 0.262702 0.148998 0.002110 0.185314 0.000036
0.010758 0.388594 0.263226 0.148936 0.002089 0.186360 0.000037
0.010690 0.386409 0.263493 0.149548 0.002113 0.187710 0.000038
0.010798 0.386758 0.263474 0.148980 0.002140 0.187812 0.000039
0.010826 0.385217 0.263564 0.149290 0.002090 0.188975 0.000037
0.010729 0.383445 0.263463 0.149571 0.002130 0.190624 0.000039
0.010746 0.381069 0.264103 0.149786 0.002140 0.192118 0.000038
0.010719 0.380497 0.264158 0.149950 0.002157 0.192481 0.000038
0.010821 0.379220 0.264149 0.149983 0.002157 0.193632 0.000038
0.010676 0.376583 0.264770 0.150144 0.002155 0.195627 0.000045
0.010727 0.375986 0.264844 0.150352 0.002156 0.195894 0.000042
0.010802 0.373746 0.265096 0.150464 0.002139 0.197714 0.000040
0.010673 0.373195 0.265243 0.150379 0.002165 0.198303 0.000042
0.010728 0.372642 0.265237 0.150469 0.002194 0.198692 0.000039
0.010782 0.369525 0.265656 0.150797 0.002232 0.200967 0.000041
0.010691 0.368963 0.265781 0.150761 0.002242 0.201516 0.000046
0.010644 0.367279 0.265840 0.151099 0.002231 0.202865 0.000043
0.010735 0.366406 0.266083 0.150952 0.002214 0.203567 0.000043
0.010680 0.365783 0.266089 0.150992 0.002242 0.204170 0.000043
0.010705 0.364051 0.266194 0.151133 0.002243 0.205632 0.000042
0.010651 0.361299 0.266838 0.151236 0.002287 0.207642 0.000047
0.010718 0.360467 0.266723 0.151431 0.002292 0.208328 0.000042
0.010660 0.359503 0.267196 0.151621 0.002303 0.208672 0.000044
0.010604 0.356507 0.267072 0.151912 0.002329 0.211532 0.000044
0.010759 0.357787 0.267046 0.151724 0.002338 0.210305 0.000043
0.010761 0.355845 0.267238 0.151699 0.002334 0.212081 0.000042
0.010804 0.354603 0.267370 0.151588 0.002321 0.213270 0.000044
0.010694 0.352223 0.267613 0.152213 0.002355 0.214862 0.000040
0.010842 0.351490 0.267446 0.151899 0.002374 0.215902 0.000046
0.010744 0.350803 0.267469 0.152311 0.002370 0.216257 0.000045
0.010834 0.349224 0.267479 0.152293 0.002383 0.217745 0.000043
0.010740 0.348358 0.267962 0.152104 0.002418 0.218374 0.000044
0.010619 0.346897 0.267793 0.152400 0.002437 0.219812 0.000043
0.010563 0.345969 0.268220 0.152013 0.002431 0.220758 0.000047
0.010735 0.345379 0.268017 0.152375 0.002405 0.221042 0.000047
0.010661 0.342766 0.268365 0.152165 0.002492 0.223507 0.000044
0.010825 0.342302 0.267960 0.152392 0.002477 0.223997 0.000048
0.010732 0.339984 0.268474 0.152795 0.002451 0.225516 0.000048
0.010954 0.339524 0.268418 0.152625 0.002466 0.225966 0.000046
0.010750 0.337978 0.268909 0.152594 0.002489 0.227232 0.000048
0.010751 0.336383 0.268748 0.152700 0.002507 0.228862 0.000049
0.010778 0.337023 0.268025 0.152522 0.002526 0.229082 0.000043
0.010861 0.334095 0.268845 0.153101 0.002544 0.230504 0.000050
0.010722 0.333687 0.268404 0.152990 0.002504 0.231642 0.000050
0.010908 0.332303 0.268877 0.152833 0.002537 0.232492 0.000051
0.010971 0.331599 0.268386 0.152844 0.002572 0.233580 0.000047
0.010904 0.330586 0.268767 0.153033 0.002577 0.234085 0.000049
0.010984 0.328013 0.268934 0.152993 0.002562 0.236461 0.000053
0.011017 0.327301 0.269151 0.152769 0.002603 0.237110 0.000048
0.010962 0.326824 0.269157 0.152782 0.002599 0.237627 0.000049
0.010960 0.326195 0.268785 0.152853 0.002576 0.238578 0.000053
0.010989 0.323841 0.269109 0.153044 0.002619 0.240345 0.000053
0.010934 0.322885 0.269120 0.152982 0.002666 0.241358 0.000056
0.010868 0.321844 0.269132 0.153048 0.002658 0.242396 0.000055
0.010898 0.320737 0.269038 0.153361 0.002651 0.243266 0.000050
0.011020 0.319461 0.269135 0.153094 0.002628 0.244605 0.000056
0.010904 0.317821 0.269386 0.153339 0.002684 0.245813 0.000053
0.011006 0.317488 0.269285 0.153037 0.002636 0.246490 0.000059
0.010984 0.316069 0.269358 0.153158 0.002705 0.247668 0.000058
0.011046 0.315069 0.269235 0.153144 0.002720 0.248728 0.000058
0.011009 0.313172 0.269628 0.153096 0.002756 0.250278 0.000061
0.010909 0.312747 0.269379 0.153165 0.002738 0.251002 0.000061
0.010918 0.311221 0.269576 0.153136 0.002779 0.252311 0.000059
0.010987 0.311414 0.269532 0.153250 0.002775 0.251986 0.000057
0.011111 0.308994 0.269421 0.153259 0.002790 0.254362 0.000062
0.011048 0.308997 0.269410 0.152873 0.002788 0.254832 0.000051
0.011089 0.306476 0.269438 0.153072 0.002812 0.257058 0.000055
0.010996 0.307909 0.269262 0.152956 0.002817 0.256001 0.000058
0.011003 0.305751 0.269267 0.152983 0.002790 0.258146 0.000060
0.011082 0.304392 0.269377 0.152886 0.002852 0.259348 0.000063
0.011131 0.303845 0.268778 0.153119 0.002818 0.260247 0.000061
0.010986 0.302433 0.269045 0.153207 0.002848 0.261426 0.000056
0.011045 0.300049 0.269154 0.153048 0.002841 0.263804 0.000059
0.011129 0.300638 0.269168 0.153129 0.002838 0.263036 0.000062
0.011015 0.299191 0.269310 0.152894 0.002880 0.264649 0.000062
0.011208 0.297643 0.269223 0.153153 0.002883 0.265820 0.000070
0.011100 0.297288 0.269009 0.152811 0.002928 0.266797 0.000067
0.011058 0.296043 0.268865 0.153271 0.002895 0.267805 0.000064
0.011136 0.293958 0.269436 0.153083 0.002947 0.269373 0.000066
0.011141 0.291921 0.269169 0.153204 0.002972 0.271528 0.000064
0.011168 0.292738 0.268860 0.153182 0.002965 0.271027 0.000061
0.011309 0.292015 0.269140 0.152927 0.002944 0.271597 0.000067
0.011187 0.290538 0.269011 0.152805 0.002975 0.273410 0.000075
0.011200 0.289881 0.269062 0.152855 0.002974 0.273959 0.000069
0.011223 0.288229 0.268941 0.152846 0.002992 0.275706 0.000062
0.011213 0.287265 0.268588 0.152900 0.003010 0.276957 0.000068
0.011290 0.286456 0.268917 0.153081 0.003029 0.277160 0.000068
0.011364 0.285767 0.268820 0.152693 0.003018 0.278270 0.000068
0.011175 0.284886 0.268688 0.152875 0.003030 0.279272 0.000073
0.011253 0.283879 0.268567 0.152938 0.003058 0.280236 0.000070
0.011278 0.282920 0.268522 0.152973 0.003064 0.281177 0.000066
0.011304 0.280958 0.268825 0.152744 0.003057 0.283040 0.000072
0.011286 0.280407 0.268648 0.152644 0.003070 0.283869 0.000076
0.011284 0.279780 0.268478 0.152539 0.003065 0.284784 0.000070
0.011421 0.278729 0.268523 0.152590 0.003090 0.285573 0.000075
0.011360 0.279050 0.268524 0.152458 0.003116 0.285416 0.000076
0.011415 0.276035 0.268374 0.152462 0.003094 0.288548 0.000072
0.011459 0.275344 0.268435 0.152241 0.003139 0.289310 0.000072
0.011532 0.274322 0.268149 0.152440 0.003131 0.290357 0.000069
0.011356 0.274402 0.268339 0.152020 0.003123 0.290690 0.000069
0.011364 0.273051 0.268256 0.152448 0.003152 0.291656 0.000074
0.011572 0.271488 0.268005 0.152302 0.003141 0.293418 0.000075
0.011488 0.270814 0.268093 0.152132 0.003105 0.294291 0.000076
0.011447 0.270317 0.267786 0.152327 0.003149 0.294897 0.000077
0.011551 0.268973 0.267390 0.152232 0.003186 0.296593 0.000075
0.011692 0.268175 0.267387 0.152004 0.003175 0.297490 0.000077
0.011489 0.267436 0.267668 0.151861 0.003159 0.298308 0.000079
0.011591 0.266749 0.267387 0.152005 0.003183 0.299002 0.000083
0.011578 0.265720 0.267453 0.151870 0.003255 0.300046 0.000079
0.011797 0.263869 0.267249 0.151837 0.003246 0.301923 0.000079
0.011603 0.264264 0.267149 0.151856 0.003205 0.301840 0.000083
0.011506 0.263247 0.267000 0.151910 0.003244 0.303021 0.000073
0.011709 0.261270 0.266871 0.151726 0.003267 0.305082 0.000075
0.011601 0.260704 0.266652 0.151784 0.003247 0.305932 0.000081
0.011815 0.259944 0.266791 0.152065 0.003297 0.306009 0.000079
0.011850 0.258748 0.266486 0.151878 0.003245 0.307711 0.000083
0.011799 0.257877 0.266838 0.151453 0.003283 0.308670 0.000078
0.011816 0.257490 0.266472 0.151410 0.003306 0.309430 0.000077
0.011845 0.256176 0.266186 0.151685 0.003295 0.310731 0.000082
0.011839 0.255739 0.266708 0.151564 0.003323 0.310752 0.000075
0.012001 0.254567 0.266085 0.151260 0.003260 0.312741 0.000085
0.011950 0.254202 0.266275 0.151048 0.003320 0.313124 0.000082
0.011938 0.253881 0.265919 0.151307 0.003342 0.313538 0.000075
0.011852 0.252142 0.265851 0.151039 0.003358 0.315672 0.000086
0.011958 0.251612 0.265496 0.151108 0.003360 0.316382 0.000085
0.011989 0.250304 0.265450 0.150769 0.003439 0.317964 0.000085
0.012007 0.249351 0.265439 0.150764 0.003390 0.318965 0.000084
0.011955 0.247696 0.265065 0.150810 0.003467 0.320930 0.000078
0.011975 0.248273 0.264984 0.150864 0.003406 0.320410 0.000089
0.011872 0.247403 0.264865 0.150621 0.003383 0.321764 0.000091
0.011995 0.245426 0.264811 0.150677 0.003445 0.323565 0.000081
0.012091 0.244713 0.264721 0.150504 0.003437 0.324447 0.000086
0.012207 0.243981 0.264298 0.150044 0.003425 0.325963 0.000082
0.012045 0.242996 0.264340 0.150445 0.003431 0.326657 0.000087
0.012144 0.243130 0.263973 0.149880 0.003467 0.327323 0.000083
0.012277 0.242840 0.264080 0.150176 0.003475 0.327064 0.000089
0.012084 0.240782 0.264022 0.149956 0.003468 0.329601 0.000086
0.012240 0.240897 0.263726 0.149789 0.003472 0.329785 0.000091
0.012236 0.240074 0.263508 0.149818 0.003484 0.330791 0.000089
0.012452 0.238542 0.263030 0.149827 0.003498 0.332571 0.000081
0.012289 0.237850 0.263188 0.149685 0.003516 0.333382 0.000090
0.012399 0.237600 0.262836 0.149700 0.003526 0.333851 0.000087
0.012500 0.236787 0.262950 0.149462 0.003464 0.334745 0.000091
0.012286 0.236489 0.262922 0.149322 0.003510 0.335379 0.000092
0.012373 0.235114 0.262414 0.149483 0.003532 0.336993 0.000090
0.012294 0.235148 0.262414 0.149272 0.003559 0.337224 0.000089
0.012334 0.234076 0.262423 0.148865 0.003548 0.338664 0.000090
0.012300 0.233489 0.262170 0.149266 0.003547 0.339139 0.000089
0.012581 0.232065 0.261876 0.148687 0.003561 0.341135 0.000096
0.012471 0.231525 0.261828 0.148751 0.003584 0.341748 0.000093
0.012537 0.230931 0.261849 0.148542 0.003579 0.342469 0.000093
0.012509 0.230710 0.261446 0.148613 0.003625 0.343000 0.000096
0.012456 0.229183 0.261305 0.148542 0.003574 0.344844 0.000095
0.012534 0.228556 0.261297 0.148250 0.003668 0.345603 0.000092
0.012669 0.227001 0.261169 0.148128 0.003605 0.347326 0.000102
0.012634 0.226533 0.260706 0.148155 0.003623 0.348250 0.000099
0.012609 0.226235 0.260743 0.148267 0.003628 0.348418 0.000100
0.012655 0.225855 0.260226 0.148016 0.003639 0.349506 0.000103
0.012846 0.224787 0.260089 0.148258 0.003614 0.350312 0.000095
0.012805 0.223713 0.259738 0.147657 0.003655 0.352332 0.000100
0.012738 0.223258 0.259988 0.147628 0.003650 0.352643 0.000095
0.012746 0.222123 0.259276 0.147870 0.003698 0.354184 0.000102
0.012746 0.221254 0.259237 0.147411 0.003707 0.355548 0.000098
0.012746 0.221119 0.259381 0.147344 0.003641 0.355674 0.000096
0.012873 0.220304 0.258938 0.147198 0.003723 0.356863 0.000100
0.012986 0.219640 0.258782 0.147166 0.003731 0.357584 0.000110
0.012984 0.218591 0.258804 0.147283 0.003711 0.358521 0.000106
0.012953 0.218831 0.258542 0.147109 0.003743 0.358708 0.000115
0.012885 0.217314 0.257922 0.146941 0.003784 0.361045 0.000109
0.013073 0.217262 0.257892 0.146716 0.003786 0.361169 0.000102
0.013076 0.216608 0.257856 0.146795 0.003806 0.361752 0.000108
0.013107 0.215568 0.257434 0.146240 0.003790 0.363757 0.000105
0.013063 0.215096 0.257703 0.146457 0.003750 0.363828 0.000103
0.013119 0.213446 0.257108 0.146150 0.003840 0.366227 0.000111
0.013224 0.213839 0.256889 0.146339 0.003780 0.365827 0.000102
0.013301 0.212580 0.256604 0.146188 0.003809 0.367420 0.000098
0.013210 0.212582 0.256798 0.145913 0.003811 0.367595 0.000093
0.013276 0.211061 0.256269 0.145801 0.003839 0.369642 0.000112
0.013336 0.211493 0.256403 0.145725 0.003780 0.369153 0.000111
0.013223 0.210205 0.255982 0.145401 0.003835 0.371244 0.000111
0.013263 0.209553 0.256034 0.145575 0.003828 0.371630 0.000117
0.013286 0.208857 0.255794 0.145346 0.003841 0.372770 0.000105
0.013431 0.207456 0.255627 0.145036 0.003836 0.374502 0.000112
0.013288 0.207691 0.255018 0.145063 0.003866 0.374967 0.000108
0.013456 0.206829 0.254774 0.145090 0.003908 0.375830 0.000113
0.013414 0.206381 0.255044 0.144853 0.003881 0.376313 0.000114
0.013491 0.205087 0.254562 0.144691 0.003890 0.378170 0.000108
0.013359 0.204128 0.254287 0.144538 0.003901 0.379676 0.000110
0.013636 0.203692 0.253816 0.144254 0.003945 0.380539 0.000117
0.013630 0.203338 0.253952 0.144159 0.003959 0.380851 0.000112
0.013641 0.203094 0.253692 0.144246 0.003957 0.381257 0.000113
0.013571 0.202063 0.253837 0.143931 0.003940 0.382539 0.000118
0.013773 0.201579 0.253117 0.143998 0.003943 0.383486 0.000104
0.013847 0.201067 0.253114 0.143401 0.003944 0.384514 0.000113
0.013704 0.200454 0.252711 0.143467 0.003965 0.385586 0.000112
0.013802 0.200346 0.252275 0.143494 0.003937 0.386034 0.000112
0.013835 0.199697 0.252450 0.143149 0.003980 0.386772 0.000118
0.013953 0.198135 0.252205 0.142929 0.003973 0.388694 0.000110
0.013797 0.198118 0.251856 0.143001 0.003994 0.389120 0.000114
0.014005 0.197834 0.251671 0.143318 0.004020 0.389032 0.000119
0.013931 0.196777 0.251175 0.142814 0.003978 0.391211 0.000114
0.013899 0.196583 0.251213 0.143093 0.003970 0.391122 0.000120
0.014050 0.195856 0.251076 0.142842 0.004032 0.392030 0.000113
0.014005 0.195621 0.251072 0.142310 0.004045 0.392831 0.000116
0.014060 0.194077 0.250190 0.142322 0.004071 0.395160 0.000120
0.014137 0.193918 0.250449 0.142020 0.004033 0.395326 0.000117
0.014156 0.193485 0.250131 0.141936 0.004029 0.396153 0.000110
0.014105 0.192422 0.249579 0.141805 0.004004 0.397961 0.000124
0.014158 0.191870 0.249600 0.141801 0.004029 0.398424 0.000118
0.014115 0.191825 0.249388 0.141683 0.004056 0.398811 0.000121
0.014280 0.190806 0.248910 0.141444 0.004086 0.400368 0.000107
0.014277 0.190234 0.248778 0.141473 0.004112 0.401009 0.000118
0.014367 0.189652 0.248594 0.141128 0.004065 0.402069 0.000124
0.014445 0.189478 0.248532 0.141033 0.004091 0.402304 0.000117
0.014497 0.188310 0.248186 0.140939 0.004110 0.403835 0.000124
0.014608 0.187602 0.247848 0.140820 0.004105 0.404899 0.000118
0.014544 0.187915 0.247874 0.140822 0.004107 0.404612 0.000126
0.014638 0.186871 0.247293 0.140566 0.004145 0.406371 0.000115
0.014580 0.186585 0.247217 0.140676 0.004148 0.406677 0.000118
0.014381 0.186293 0.247195 0.140492 0.004140 0.407377 0.000121
0.014555 0.185339 0.247296 0.140083 0.004114 0.408489 0.000125
0.014630 0.184553 0.246663 0.140165 0.004166 0.409697 0.000125
0.014721 0.184077 0.246501 0.140038 0.004152 0.410380 0.000131
0.014767 0.183766 0.246584 0.139846 0.004156 0.410749 0.000131
0.014759 0.183630 0.245869 0.139982 0.004114 0.411523 0.000123
0.014773 0.182984 0.245491 0.139751 0.004105 0.412761 0.000135
0.014709 0.182489 0.245560 0.139611 0.004154 0.413350 0.000127
0.014754 0.181229 0.245077 0.139308 0.004194 0.415308 0.000130
0.014906 0.181452 0.244769 0.139298 0.004184 0.415261 0.000130
0.014721 0.180802 0.244545 0.139103 0.004201 0.416494 0.000133
0.014802 0.179910 0.244732 0.139004 0.004168 0.417253 0.000131
0.015018 0.179454 0.244388 0.138915 0.004157 0.417940 0.000127
0.015113 0.178460 0.243748 0.138493 0.004232 0.419819 0.000134
0.014898 0.178399 0.243576 0.138498 0.004293 0.420194 0.000142
0.015048 0.178031 0.243266 0.138282 0.004251 0.420992 0.000131
0.014987 0.177692 0.243448 0.138177 0.004210 0.421345 0.000142
0.015013 0.176975 0.242976 0.137838 0.004320 0.422737 0.000142
0.015213 0.176374 0.242684 0.137648 0.004225 0.423721 0.000135
0.015110 0.176239 0.242294 0.137879 0.004209 0.424130 0.000139
0.015103 0.175204 0.241977 0.137833 0.004252 0.425497 0.000134
0.015152 0.174512 0.241982 0.137535 0.004321 0.426354 0.000143
0.015311 0.173889 0.241553 0.137567 0.004311 0.427227 0.000142
0.015323 0.173399 0.241613 0.137354 0.004274 0.427892 0.000144
0.015481 0.173246 0.240830 0.137285 0.004317 0.428699 0.000141
0.015258 0.172596 0.240887 0.136930 0.004334 0.429850 0.000144
0.015440 0.171917 0.240557 0.136754 0.004327 0.430853 0.000152
0.015600 0.172183 0.240486 0.136712 0.004351 0.430523 0.000145
0.015334 0.171373 0.240191 0.136643 0.004299 0.432017 0.000144
0.015515 0.170478 0.239733 0.136405 0.004338 0.433379 0.000151
0.015468 0.169992 0.239267 0.136150 0.004349 0.434621 0.000154
0.015652 0.169260 0.239210 0.136063 0.004389 0.435276 0.000149
0.015537 0.169557 0.239111 0.136225 0.004367 0.435060 0.000144
0.015589 0.168626 0.238860 0.135889 0.004415 0.436463 0.000159
0.015707 0.168330 0.238618 0.135781 0.004372 0.437038 0.000155
0.015779 0.167667 0.238093 0.135611 0.004339 0.438367 0.000144
0.015730 0.167539 0.237905 0.135559 0.004339 0.438767 0.000161
0.015821 0.167405 0.238034 0.135323 0.004418 0.438847 0.000152
0.015934 0.166670 0.237280 0.135215 0.004382 0.440364 0.000155
0.016033 0.166224 0.236898 0.134998 0.004413 0.441280 0.000154
0.016093 0.165194 0.236516 0.134887 0.004437 0.442724 0.000150
0.015816 0.165412 0.237091 0.134783 0.004419 0.442327 0.000151
0.016028 0.164430 0.236271 0.134428 0.004437 0.444255 0.000152
0.015933 0.164265 0.235897 0.134580 0.004372 0.444805 0.000149
0.016064 0.163762 0.235644 0.134236 0.004390 0.445743 0.000161
0.016249 0.163117 0.235478 0.134175 0.004406 0.446416 0.000161
0.016099 0.162587 0.235074 0.134117 0.004445 0.447525 0.000153
0.016217 0.162498 0.234580 0.133828 0.004440 0.448283 0.000154
0.016176 0.161825 0.234569 0.133733 0.004472 0.449067 0.000158
0.016247 0.161157 0.234563 0.133299 0.004440 0.450144 0.000149
0.016466 0.161022 0.233824 0.133089 0.004473 0.450973 0.000152
0.016251 0.160574 0.233626 0.133072 0.004479 0.451839 0.000159
0.016345 0.159864 0.233157 0.133208 0.004519 0.452745 0.000162
0.016446 0.160016 0.233190 0.133091 0.004473 0.452630 0.000155
0.016378 0.159792 0.232976 0.132516 0.004495 0.453689 0.000155
0.016457 0.158971 0.232616 0.132786 0.004401 0.454612 0.000157
0.016524 0.158708 0.232565 0.132650 0.004457 0.454940 0.000158
0.016419 0.157879 0.231782 0.132272 0.004497 0.456995 0.000155
0.016741 0.157626 0.231866 0.132184 0.004499 0.456916 0.000169
0.016784 0.157440 0.231701 0.132086 0.004449 0.457389 0.000150
0.016932 0.156323 0.231402 0.131868 0.004522 0.458788 0.000164
0.016849 0.156083 0.230992 0.131748 0.004553 0.459606 0.000169
0.016772 0.155690 0.230830 0.131615 0.004504 0.460424 0.000165
0.016981 0.155262 0.230515 0.131184 0.004466 0.461424 0.000167
0.016903 0.155347 0.230531 0.131072 0.004508 0.461468 0.000171
0.016965 0.154762 0.230009 0.130722 0.004521 0.462849 0.000172
0.017087 0.154707 0.229551 0.130766 0.004516 0.463203 0.000172
0.017024 0.154299 0.229803 0.130643 0.004545 0.463520 0.000165
0.017011 0.153552 0.229453 0.130770 0.004540 0.464490 0.000184
0.017002 0.152822 0.228840 0.130204 0.004514 0.466448 0.000171
0.017086 0.152579 0.228615 0.130148 0.004471 0.466938 0.000162
0.017262 0.152213 0.228606 0.129925 0.004551 0.467272 0.000172
0.017003 0.151897 0.228124 0.130102 0.004532 0.468174 0.000167
0.017186 0.151870 0.227979 0.129840 0.004566 0.468387 0.000171
0.017340 0.151278 0.227356 0.129556 0.004491 0.469810 0.000169
0.017218 0.150435 0.227297 0.129606 0.004579 0.470692 0.000173
0.017149 0.150197 0.227146 0.129465 0.004530 0.471349 0.000164
0.017256 0.149831 0.226828 0.129189 0.004574 0.472147 0.000174
0.017376 0.149269 0.226373 0.128999 0.004579 0.473234 0.000169
0.017522 0.148928 0.226080 0.128850 0.004558 0.473888 0.000175
0.017286 0.148418 0.226000 0.128972 0.004594 0.474563 0.000167
0.017547 0.148469 0.226178 0.128902 0.004623 0.474112 0.000170
0.017485 0.148088 0.225669 0.128467 0.004608 0.475498 0.000185
0.017370 0.147237 0.225503 0.128570 0.004577 0.476554 0.000190
0.017480 0.146777 0.224841 0.128288 0.004578 0.477866 0.000170
0.017459 0.146463 0.224454 0.128033 0.004594 0.478816 0.000180
0.017671 0.145998 0.223665 0.127715 0.004619 0.480146 0.000185
0.017889 0.146302 0.224193 0.127711 0.004641 0.479084 0.000179
0.017667 0.145766 0.223347 0.127420 0.004565 0.481056 0.000179
0.017711 0.145500 0.223966 0.127457 0.004639 0.480547 0.000180
0.017931 0.144490 0.223333 0.127316 0.004646 0.482101 0.000183
0.017931 0.144123 0.223220 0.126937 0.004650 0.482952 0.000187
0.017678 0.144042 0.222876 0.126783 0.004650 0.483786 0.000185
0.017949 0.143803 0.222783 0.126603 0.004653 0.484023 0.000185
0.017849 0.143552 0.222239 0.126712 0.004589 0.484875 0.000183
0.017956 0.143484 0.222111 0.126508 0.004565 0.485191 0.000185
0.018296 0.142379 0.221296 0.126388 0.004681 0.486770 0.000189
0.018132 0.142165 0.221414 0.125962 0.004656 0.487484 0.000188
0.018085 0.142033 0.220835 0.125615 0.004699 0.488557 0.000176
0.018160 0.141732 0.221017 0.125486 0.004658 0.488767 0.000182
0.018279 0.141088 0.220627 0.125483 0.004643 0.489686 0.000193
0.018399 0.141030 0.219753 0.125369 0.004643 0.490612 0.000195
0.018279 0.140529 0.220076 0.125161 0.004715 0.491055 0.000185
0.018295 0.140294 0.219834 0.125087 0.004680 0.491613 0.000197
0.018147 0.139910 0.219684 0.124840 0.004695 0.492538 0.000187
