0.999101 0.000876 0.000018 0.000005 0.000000 0.000000 0.000000
0.998658 0.001302 0.000030 0.000004 0.000001 0.000004 0.000000
0.998222 0.001726 0.000036 0.000011 0.000000 0.000005 0.000000
0.997719 0.002221 0.000040 0.000014 0.000000 0.000006 0.000000
0.997241 0.002685 0.000050 0.000018 0.000000 0.000006 0.000000
0.996780 0.003132 0.000057 0.000024 0.000000 0.000007 0.000000
0.996280 0.003617 0.000063 0.000034 0.000000 0.000007 0.000000
0.995671 0.004225 0.000067 0.000031 0.000000 0.000007 0.000000
0.994868 0.005017 0.000076 0.000033 0.000000 0.000006 0.000000
0.994025 0.005856 0.000081 0.000032 0.000000 0.000006 0.000000
0.993100 0.006776 0.000080 0.000038 0.000000 0.000005 0.000000
0.991690 0.008167 0.000087 0.000051 0.000000 0.000005 0.000000
0.989968 0.009856 0.000120 0.000051 0.000000 0.000004 0.000000
0.988550 0.011258 0.000128 0.000060 0.000000 0.000004 0.000000
0.986166 0.013583 0.000175 0.000073 0.000000 0.000003 0.000000
0.982975 0.016721 0.000218 0.000083 0.000000 0.000003 0.000000
0.979920 0.019724 0.000251 0.000099 0.000000 0.000006 0.000000
0.976278 0.023279 0.000296 0.000136 0.000000 0.000011 0.000000
0.971850 0.027581 0.000378 0.000175 0.000000 0.000015 0.000000
0.965973 0.033299 0.000489 0.000223 0.000000 0.000016 0.000000
0.960717 0.038440 0.000578 0.000249 0.000000 0.000017 0.000000
0.953566 0.045408 0.000685 0.000320 0.000000 0.000021 0.000000
0.946370 0.052434 0.000775 0.000399 0.000000 0.000021 0.000000
0.938349 0.060246 0.000888 0.000491 0.000000 0.000027 0.000000
0.928931 0.069529 0.000977 0.000536 0.000000 0.000027 0.000000
0.917932 0.080249 0.001157 0.000631 0.000000 0.000031 0.000000
0.908346 0.089593 0.001326 0.000698 0.000000 0.000036 0.000000
0.895807 0.101754 0.001560 0.000841 0.000000 0.000038 0.000000
0.884322 0.112896 0.001743 0.000988 0.000000 0.000051 0.000000
0.870527 0.126300 0.001977 0.001136 0.000000 0.000059 0.000000
0.857466 0.138975 0.002226 0.001264 0.000000 0.000068 0.000000
0.842465 0.153462 0.002595 0.001399 0.000000 0.000080 0.000000
0.829434 0.166048 0.002884 0.001552 0.000000 0.000082 0.000000
0.811890 0.182945 0.003258 0.001813 0.000000 0.000093 0.000000
0.796896 0.197367 0.003600 0.002036 0.000000 0.000101 0.000000
0.781846 0.211844 0.003941 0.002252 0.000000 0.000117 0.000000
0.765877 0.227158 0.004316 0.002515 0.000000 0.000135 0.000000
0.751971 0.240444 0.004685 0.002760 0.000000 0.000141 0.000000
0.736403 0.255333 0.005105 0.003004 0.000001 0.000154 0.000000
0.719929 0.270991 0.005638 0.003269 0.000002 0.000171 0.000000
0.704122 0.286064 0.006085 0.003544 0.000002 0.000184 0.000000
0.689411 0.300042 0.006570 0.003771 0.000003 0.000203 0.000000
0.671599 0.316881 0.007179 0.004111 0.000004 0.000227 0.000000
0.659045 0.328718 0.007633 0.004355 0.000004 0.000246 0.000000
0.640245 0.346386 0.008337 0.004745 0.000004 0.000282 0.000000
0.627306 0.358448 0.008901 0.005050 0.000006 0.000288 0.000000
0.610642 0.374050 0.009577 0.005404 0.000007 0.000321 0.000000
0.598350 0.385386 0.010139 0.005768 0.000007 0.000350 0.000000
0.582858 0.399790 0.010814 0.006141 0.000007 0.000390 0.000000
0.566642 0.414736 0.011582 0.006592 0.000007 0.000440 0.000000
0.553271 0.426996 0.012285 0.006968 0.000007 0.000472 0.000000
0.542862 0.436432 0.012917 0.007269 0.000007 0.000513 0.000000
0.527029 0.450897 0.013761 0.007732 0.000007 0.000574 0.000000
0.514751 0.461967 0.014479 0.008178 0.000007 0.000618 0.000000
0.503174 0.472336 0.015275 0.008559 0.000007 0.000649 0.000000
0.487318 0.486638 0.016218 0.009100 0.000007 0.000719 0.000000
0.478201 0.494742 0.016862 0.009420 0.000008 0.000767 0.000000
0.467203 0.504348 0.017723 0.009902 0.000009 0.000815 0.000000
0.453654 0.516059 0.018808 0.010581 0.000011 0.000887 0.000000
0.444823 0.523712 0.019525 0.010998 0.000012 0.000931 0.000000
0.434107 0.532797 0.020528 0.011570 0.000011 0.000986 0.000000
0.425245 0.540244 0.021401 0.012056 0.000012 0.001042 0.000000
0.412953 0.550869 0.022429 0.012626 0.000012 0.001112 0.000000
0.405582 0.556832 0.023272 0.013115 0.000012 0.001187 0.000000
0.398212 0.562670 0.024203 0.013648 0.000014 0.001253 0.000000
0.390258 0.568976 0.025200 0.014205 0.000016 0.001345 0.000000
0.382869 0.575079 0.025968 0.014662 0.000016 0.001407 0.000000
0.371304 0.584554 0.027218 0.015399 0.000017 0.001507 0.000000
0.363209 0.590901 0.028234 0.016013 0.000016 0.001628 0.000000
0.358251 0.594636 0.028994 0.016407 0.000017 0.001695 0.000000
0.351620 0.599480 0.030042 0.017005 0.000016 0.001836 0.000000
0.344679 0.604970 0.031004 0.017412 0.000018 0.001917 0.000000
0.336572 0.611343 0.032023 0.018009 0.000021 0.002032 0.000000
0.326043 0.619432 0.033461 0.018851 0.000021 0.002193 0.000000
0.320894 0.623157 0.034239 0.019379 0.000021 0.002310 0.000000
0.311703 0.630010 0.035667 0.020150 0.000025 0.002446 0.000000
0.306954 0.633198 0.036581 0.020685 0.000026 0.002556 0.000000
0.295095 0.642205 0.038314 0.021614 0.000029 0.002743 0.000000
0.289948 0.645634 0.039298 0.022205 0.000034 0.002881 0.000000
0.283438 0.650118 0.040478 0.022884 0.000032 0.003050 0.000000
0.277421 0.654013 0.041721 0.023568 0.000033 0.003244 0.000000
0.268338 0.660428 0.043296 0.024482 0.000035 0.003421 0.000000
0.265821 0.661449 0.044126 0.024997 0.000039 0.003568 0.000000
0.253684 0.670222 0.046133 0.026092 0.000040 0.003829 0.000000
0.253076 0.669493 0.046896 0.026520 0.000042 0.003972 0.000000
0.249362 0.671152 0.047949 0.027303 0.000044 0.004190 0.000000
0.244939 0.673236 0.049317 0.028061 0.000048 0.004399 0.000000
0.238135 0.677722 0.050639 0.028853 0.000047 0.004603 0.000000
0.238514 0.675814 0.051456 0.029370 0.000049 0.004797 0.000000
0.232858 0.678566 0.053236 0.030210 0.000054 0.005077 0.000000
0.232239 0.677656 0.053983 0.030807 0.000054 0.005260 0.000000
0.228829 0.678885 0.055323 0.031468 0.000061 0.005434 0.000000
0.226590 0.678689 0.056686 0.032261 0.000064 0.005710 0.000000
0.226233 0.677093 0.057779 0.032900 0.000063 0.005931 0.000000
0.223734 0.677510 0.058908 0.033615 0.000069 0.006164 0.000000
0.225145 0.674867 0.059692 0.033968 0.000071 0.006257 0.000000
0.232771 0.666729 0.059951 0.034047 0.000070 0.006432 0.000000
0.227680 0.668743 0.061676 0.035061 0.000075 0.006766 0.000000
0.225079 0.669832 0.062528 0.035504 0.000077 0.006979 0.000000
0.226172 0.666495 0.063816 0.036201 0.000079 0.007237 0.000000
0.226492 0.665590 0.064028 0.036458 0.000083 0.007348 0.000000
0.215381 0.672150 0.066660 0.037904 0.000093 0.007812 0.000000
0.222275 0.665870 0.066248 0.037645 0.000097 0.007866 0.000000
0.217806 0.667873 0.067706 0.038312 0.000101 0.008202 0.000000
0.212831 0.670478 0.068907 0.039213 0.000102 0.008469 0.000000
0.209025 0.672055 0.070281 0.039792 0.000110 0.008737 0.000000
0.205722 0.672346 0.071947 0.040775 0.000109 0.009100 0.000000
0.199079 0.677216 0.072944 0.041283 0.000114 0.009364 0.000000
0.198279 0.675955 0.074155 0.041873 0.000115 0.009623 0.000000
0.192726 0.679042 0.075510 0.042651 0.000122 0.009948 0.000000
0.188250 0.681398 0.076714 0.043238 0.000123 0.010276 0.000000
0.183287 0.683988 0.078079 0.043960 0.000125 0.010561 0.000000
0.175020 0.687791 0.080440 0.045408 0.000132 0.011210 0.000000
0.169885 0.690494 0.081821 0.046230 0.000137 0.011434 0.000000
0.161659 0.694698 0.083956 0.047588 0.000139 0.011960 0.000000
0.156266 0.696922 0.085782 0.048433 0.000146 0.012451 0.000000
0.157876 0.694788 0.085875 0.048691 0.000145 0.012625 0.000000
0.152415 0.696983 0.087723 0.049686 0.000156 0.013037 0.000000
0.146511 0.698890 0.089975 0.050880 0.000160 0.013584 0.000000
0.140657 0.700219 0.092480 0.052239 0.000155 0.014250 0.000000
0.137707 0.700499 0.093869 0.053128 0.000161 0.014637 0.000000
0.132786 0.702503 0.095399 0.054048 0.000171 0.015093 0.000000
0.128265 0.702097 0.098061 0.055609 0.000183 0.015784 0.000000
0.126939 0.701904 0.098896 0.055972 0.000184 0.016105 0.000000
0.123742 0.702749 0.100182 0.056681 0.000196 0.016450 0.000000
0.120603 0.702845 0.101756 0.057626 0.000199 0.016970 0.000000
0.113426 0.706015 0.103882 0.058893 0.000218 0.017566 0.000000
0.113170 0.704433 0.104888 0.059295 0.000215 0.017999 0.000000
0.110270 0.703467 0.106812 0.060588 0.000222 0.018640 0.000000
0.102460 0.707284 0.109024 0.061788 0.000226 0.019218 0.000000
0.099053 0.706699 0.111188 0.062844 0.000243 0.019972 0.000000
0.097342 0.705901 0.112587 0.063530 0.000253 0.020388 0.000000
0.097095 0.704072 0.113536 0.064161 0.000243 0.020893 0.000000
0.094639 0.703025 0.115531 0.065140 0.000265 0.021399 0.000000
0.093919 0.702259 0.116197 0.065576 0.000257 0.021792 0.000000
0.091995 0.700341 0.118296 0.066688 0.000265 0.022414 0.000000
0.089066 0.699480 0.120182 0.067815 0.000289 0.023168 0.000000
0.089952 0.696160 0.121400 0.068486 0.000282 0.023720 0.000000
0.085683 0.696303 0.123370 0.069775 0.000301 0.024570 0.000000
0.083431 0.694503 0.125588 0.070953 0.000304 0.025221 0.000000
0.086747 0.691119 0.125433 0.070891 0.000309 0.025500 0.000000
0.082958 0.691210 0.127468 0.071947 0.000321 0.026096 0.000000
0.083948 0.687770 0.128621 0.072625 0.000323 0.026712 0.000000
0.082361 0.686043 0.130429 0.073529 0.000329 0.027310 0.000000
0.077888 0.687072 0.132307 0.074468 0.000329 0.027935 0.000000
0.078019 0.686184 0.132508 0.074706 0.000335 0.028247 0.000000
0.076303 0.684305 0.134317 0.075822 0.000335 0.028918 0.000000
0.071665 0.684546 0.136322 0.077103 0.000367 0.029998 0.000000
0.072037 0.682200 0.137552 0.077521 0.000364 0.030326 0.000000
0.067765 0.681543 0.139927 0.078939 0.000380 0.031446 0.000000
0.064523 0.682156 0.141365 0.079710 0.000392 0.031854 0.000000
0.060673 0.681693 0.143479 0.080953 0.000395 0.032807 0.000000
0.062277 0.678204 0.144229 0.081580 0.000401 0.033308 0.000000
0.065827 0.673576 0.144598 0.081791 0.000403 0.033806 0.000000
0.063740 0.671713 0.146555 0.082714 0.000404 0.034875 0.000000
0.066251 0.667826 0.147109 0.083175 0.000436 0.035203 0.000000
0.064727 0.667403 0.148202 0.083659 0.000432 0.035577 0.000000
0.066274 0.662412 0.149908 0.084463 0.000437 0.036505 0.000001
0.062876 0.661978 0.151492 0.085678 0.000462 0.037513 0.000001
0.061975 0.662258 0.151898 0.085822 0.000445 0.037600 0.000001
0.064016 0.657284 0.153400 0.086363 0.000460 0.038476 0.000001
0.059243 0.657475 0.155383 0.087814 0.000482 0.039601 0.000002
0.057549 0.656878 0.156602 0.088309 0.000493 0.040168 0.000001
0.054863 0.655385 0.158588 0.089566 0.000508 0.041087 0.000003
0.057754 0.654487 0.157467 0.088982 0.000511 0.040798 0.000001
0.056733 0.651524 0.159438 0.089762 0.000512 0.042028 0.000002
0.050470 0.651673 0.162306 0.091637 0.000528 0.043386 0.000001
0.052211 0.649476 0.162427 0.091661 0.000532 0.043692 0.000001
0.050064 0.649212 0.163447 0.092402 0.000551 0.044322 0.000002
0.045100 0.647516 0.166795 0.094263 0.000575 0.045750 0.000002
0.044729 0.646123 0.167436 0.094817 0.000577 0.046316 0.000002
0.044389 0.645495 0.167657 0.095055 0.000581 0.046821 0.000002
0.040891 0.643474 0.170622 0.096313 0.000598 0.048099 0.000002
0.040699 0.642317 0.171031 0.096700 0.000602 0.048649 0.000002
0.037513 0.642463 0.172398 0.097560 0.000611 0.049455 0.000001
0.037537 0.640159 0.173515 0.097965 0.000628 0.050192 0.000003
0.035433 0.637444 0.175842 0.099202 0.000638 0.051439 0.000001
0.032998 0.635630 0.177952 0.100282 0.000645 0.052492 0.000001
0.031234 0.635742 0.178573 0.100781 0.000669 0.052998 0.000002
0.033298 0.631687 0.179563 0.100953 0.000667 0.053829 0.000003
0.031764 0.631477 0.180101 0.101483 0.000681 0.054492 0.000002
0.029665 0.629759 0.182013 0.102535 0.000688 0.055338 0.000002
0.027821 0.625527 0.184770 0.104202 0.000719 0.056960 0.000001
0.028398 0.626156 0.183976 0.103891 0.000701 0.056875 0.000002
0.026825 0.622971 0.186257 0.105051 0.000711 0.058183 0.000003
0.026710 0.620076 0.187391 0.105708 0.000730 0.059382 0.000004
0.027836 0.618544 0.187553 0.105788 0.000743 0.059532 0.000004
0.032216 0.611791 0.188403 0.106184 0.000748 0.060653 0.000004
0.033726 0.608352 0.189192 0.106709 0.000757 0.061260 0.000004
0.031102 0.606873 0.191059 0.107714 0.000768 0.062479 0.000003
0.030643 0.606884 0.191091 0.107800 0.000760 0.062818 0.000003
0.029767 0.604440 0.192596 0.108550 0.000790 0.063854 0.000003
0.034054 0.601449 0.191831 0.108005 0.000783 0.063874 0.000004
0.035468 0.594759 0.193895 0.109328 0.000807 0.065740 0.000003
0.037490 0.592532 0.193945 0.109358 0.000830 0.065841 0.000004
0.045815 0.584466 0.193330 0.108992 0.000808 0.066584 0.000005
0.048657 0.582981 0.192603 0.108593 0.000836 0.066326 0.000003
0.045647 0.582702 0.193702 0.109660 0.000846 0.067438 0.000004
0.053340 0.575636 0.193330 0.109016 0.000836 0.067839 0.000004
0.055873 0.572074 0.193404 0.109197 0.000838 0.068609 0.000005
0.056463 0.572162 0.193175 0.108811 0.000855 0.068529 0.000004
0.057261 0.569003 0.193911 0.109338 0.000847 0.069636 0.000004
0.058271 0.566740 0.194280 0.109560 0.000862 0.070283 0.000003
0.057055 0.566601 0.194730 0.109980 0.000871 0.070760 0.000004
0.058080 0.562986 0.195851 0.110416 0.000895 0.071768 0.000004
0.057820 0.562381 0.195795 0.110664 0.000891 0.072446 0.000004
0.057111 0.561823 0.196467 0.110612 0.000899 0.073082 0.000005
0.061617 0.558089 0.195784 0.110293 0.000903 0.073310 0.000004
0.062009 0.556289 0.196163 0.110607 0.000911 0.074017 0.000004
0.057543 0.555060 0.198641 0.112041 0.000938 0.075774 0.000003
0.057172 0.555623 0.198177 0.111981 0.000938 0.076107 0.000003
0.054398 0.554603 0.200332 0.112757 0.000938 0.076968 0.000004
0.051512 0.554211 0.201368 0.113500 0.000953 0.078452 0.000005
0.053487 0.553930 0.200435 0.112981 0.000949 0.078214 0.000005
0.051329 0.552549 0.201881 0.113898 0.000988 0.079349 0.000005
0.048050 0.551502 0.203783 0.114956 0.000990 0.080714 0.000006
0.043168 0.553268 0.205266 0.115641 0.001016 0.081639 0.000003
0.043505 0.552513 0.205098 0.115747 0.000991 0.082141 0.000005
0.041141 0.551733 0.206651 0.116273 0.000993 0.083202 0.000007
0.044574 0.548902 0.205772 0.116101 0.001001 0.083646 0.000005
0.037135 0.547932 0.209675 0.118243 0.001051 0.085958 0.000006
0.037914 0.546892 0.209455 0.118200 0.001051 0.086480 0.000008
0.034598 0.546733 0.210825 0.119111 0.001056 0.087670 0.000007
0.031412 0.543025 0.214126 0.120573 0.001088 0.089769 0.000007
0.028831 0.543249 0.214888 0.121296 0.001108 0.090620 0.000008
0.029434 0.540544 0.215842 0.121354 0.001123 0.091695 0.000008
0.039094 0.535493 0.213204 0.120292 0.001102 0.090806 0.000009
0.036788 0.535404 0.214232 0.120719 0.001121 0.091728 0.000008
0.036644 0.528663 0.216761 0.122262 0.001149 0.094513 0.000009
0.036208 0.529377 0.216611 0.122227 0.001170 0.094397 0.000010
0.036108 0.527763 0.217207 0.122519 0.001132 0.095265 0.000007
0.035503 0.527685 0.217562 0.122485 0.001157 0.095601 0.000007
0.033720 0.525077 0.219097 0.123613 0.001193 0.097290 0.000010
0.031339 0.526082 0.219663 0.123737 0.001179 0.097991 0.000008
0.032394 0.523461 0.220090 0.123899 0.001209 0.098940 0.000007
0.032499 0.521155 0.220809 0.124551 0.001227 0.099752 0.000008
0.029891 0.519218 0.222763 0.125373 0.001230 0.101516 0.000008
0.030400 0.518811 0.222326 0.125286 0.001235 0.101935 0.000007
0.028436 0.517494 0.224057 0.126006 0.001244 0.102755 0.000007
0.027419 0.517053 0.224341 0.126316 0.001261 0.103600 0.000010
0.027316 0.515127 0.224855 0.126761 0.001259 0.104669 0.000012
0.022941 0.512691 0.227619 0.128384 0.001305 0.107050 0.000011
0.023138 0.511480 0.228082 0.128320 0.001318 0.107652 0.000011
0.022562 0.510004 0.228570 0.128973 0.001312 0.108569 0.000011
0.022059 0.507857 0.229488 0.129497 0.001357 0.109731 0.000009
0.021847 0.507447 0.229641 0.129484 0.001346 0.110220 0.000014
0.021132 0.506645 0.229837 0.129824 0.001367 0.111183 0.000011
0.019036 0.503626 0.231834 0.131030 0.001367 0.113095 0.000012
0.019062 0.502186 0.232539 0.131151 0.001414 0.113637 0.000011
0.017939 0.498746 0.234301 0.132070 0.001403 0.115531 0.000011
0.018128 0.499437 0.233775 0.131554 0.001397 0.115695 0.000014
0.017023 0.495228 0.235747 0.132664 0.001431 0.117895 0.000013
0.017744 0.494928 0.235178 0.132640 0.001412 0.118084 0.000012
0.015852 0.492093 0.237157 0.133626 0.001464 0.119797 0.000011
0.016429 0.493580 0.235897 0.132999 0.001466 0.119620 0.000010
0.016075 0.488450 0.237608 0.133940 0.001491 0.122425 0.000011
0.014992 0.487245 0.238742 0.134644 0.001478 0.122887 0.000013
0.014910 0.485013 0.239365 0.135147 0.001480 0.124075 0.000011
0.014733 0.482342 0.240096 0.135467 0.001510 0.125841 0.000011
0.013992 0.478562 0.241893 0.136453 0.001530 0.127558 0.000013
0.014393 0.480085 0.240832 0.136088 0.001518 0.127070 0.000014
0.014424 0.479403 0.241202 0.136122 0.001519 0.127318 0.000012
0.014099 0.477848 0.241879 0.136147 0.001539 0.128476 0.000013
0.013469 0.473832 0.243178 0.136945 0.001558 0.131004 0.000013
0.014195 0.474453 0.242504 0.136524 0.001568 0.130744 0.000013
0.013193 0.469035 0.244719 0.138060 0.001581 0.133397 0.000015
0.013414 0.470597 0.243906 0.137503 0.001603 0.132965 0.000012
0.012995 0.466835 0.245157 0.138367 0.001613 0.135020 0.000013
0.012862 0.465096 0.245836 0.138586 0.001608 0.135998 0.000013
0.012826 0.462557 0.246469 0.139086 0.001612 0.137435 0.000015
0.013098 0.463349 0.245809 0.138638 0.001596 0.137496 0.000014
0.012563 0.459931 0.247143 0.139432 0.001624 0.139290 0.000016
0.012714 0.458975 0.247318 0.139480 0.001645 0.139853 0.000015
0.012275 0.455065 0.248729 0.140383 0.001685 0.141849 0.000014
0.012488 0.457255 0.247705 0.139777 0.001638 0.141123 0.000014
0.012361 0.454032 0.248489 0.140473 0.001662 0.142969 0.000015
0.012275 0.451911 0.249267 0.140559 0.001696 0.144279 0.000014
0.012194 0.449060 0.250125 0.140883 0.001673 0.146051 0.000015
0.011905 0.447411 0.250684 0.141414 0.001724 0.146850 0.000012
0.012040 0.446888 0.250573 0.141254 0.001707 0.147526 0.000012
0.011866 0.445195 0.251076 0.141630 0.001741 0.148476 0.000016
0.011618 0.442623 0.252068 0.141872 0.001752 0.150050 0.000016
0.011755 0.440648 0.252257 0.142236 0.001762 0.151327 0.000015
0.011821 0.439122 0.252412 0.142626 0.001753 0.152246 0.000020
0.011598 0.438728 0.252738 0.142493 0.001760 0.152667 0.000017
0.011739 0.436727 0.252771 0.142780 0.001793 0.154172 0.000018
0.011714 0.435106 0.253497 0.142883 0.001835 0.154951 0.000014
0.011504 0.432021 0.254186 0.143368 0.001801 0.157103 0.000018
0.011603 0.430757 0.254371 0.143868 0.001858 0.157526 0.000016
0.011351 0.428383 0.255405 0.144034 0.001878 0.158932 0.000017
0.011345 0.427815 0.255668 0.144015 0.001834 0.159308 0.000014
0.011449 0.426947 0.255507 0.144031 0.001857 0.160194 0.000016
0.011341 0.425920 0.255420 0.144106 0.001864 0.161334 0.000015
0.011199 0.422284 0.256221 0.144892 0.001880 0.163510 0.000015
0.011270 0.421903 0.256387 0.144808 0.001897 0.163715 0.000019
0.011230 0.421754 0.256405 0.144551 0.001896 0.164145 0.000019
0.011176 0.419552 0.256770 0.144819 0.001885 0.165779 0.000019
0.010987 0.416646 0.257505 0.145665 0.001917 0.167260 0.000021
0.011064 0.416287 0.257431 0.145440 0.001894 0.167861 0.000022
0.010946 0.413156 0.258674 0.145845 0.001920 0.169439 0.000021
0.010916 0.412316 0.258325 0.145849 0.001938 0.170637 0.000018
0.010945 0.411382 0.258430 0.146051 0.001944 0.171228 0.000021
0.011003 0.410696 0.258606 0.146129 0.001958 0.171585 0.000024
0.010877 0.408481 0.259037 0.146405 0.001950 0.173226 0.000024
0.010858 0.403768 0.260279 0.147145 0.001988 0.175936 0.000026
0.010782 0.403883 0.260113 0.147015 0.001999 0.176185 0.000024
0.010763 0.402367 0.260596 0.147033 0.001994 0.177220 0.000027
0.010882 0.400830 0.260859 0.147244 0.002012 0.178146 0.000027
0.010748 0.400339 0.260775 0.147097 0.002018 0.178996 0.000026
0.010739 0.399593 0.260820 0.147234 0.002008 0.179583 0.000024
0.010874 0.397174 0.261385 0.147370 0.002054 0.181119 0.000024
0.010747 0.394472 0.262104 0.147709 0.002072 0.182873 0.000024
0.010753 0.393769 0.262393 0.147713 0.002085 0.183259 0.000028
0.010664 0.392532 0.262312 0.148048 0.002098 0.184324 0.000022
0.010726 0.391462 0.262339 0.148119 0.002117 0.185212 0.000024
0.010648 0.389668 0.262611 0.148161 0.002093 0.186792 0.000027
0.010645 0.389073 0.262646 0.148372 0.002104 0.187132 0.000027
0.010578 0.387130 0.263025 0.148525 0.002117 0.188600 0.000025
0.010538 0.386805 0.262843 0.148636 0.002137 0.189012 0.000029
0.010595 0.385101 0.263192 0.148664 0.002119 0.190299 0.000030
0.010490 0.381269 0.264230 0.149099 0.002174 0.192708 0.000031
0.010533 0.382242 0.263712 0.148976 0.002147 0.192361 0.000029
0.010473 0.380432 0.263802 0.149402 0.002177 0.193685 0.000030
0.010382 0.378153 0.264527 0.149184 0.002184 0.195539 0.000030
0.010390 0.377887 0.264362 0.149354 0.002202 0.195775 0.000029
0.010511 0.375048 0.264836 0.149730 0.002219 0.197625 0.000031
0.010474 0.376849 0.264040 0.149063 0.002182 0.197362 0.000029
0.010442 0.374222 0.264753 0.149644 0.002180 0.198727 0.000033
0.010466 0.373131 0.264947 0.149699 0.002251 0.199475 0.000031
0.010439 0.372393 0.264972 0.149549 0.002242 0.200370 0.000034
0.010361 0.369871 0.265339 0.149984 0.002245 0.202167 0.000032
0.010355 0.368475 0.265500 0.150158 0.002241 0.203239 0.000034
0.010362 0.368256 0.265411 0.149869 0.002264 0.203808 0.000030
0.010300 0.365906 0.266006 0.150121 0.002317 0.205317 0.000033
0.010345 0.363301 0.266541 0.150425 0.002288 0.207067 0.000032
0.010304 0.362935 0.266158 0.150580 0.002312 0.207672 0.000039
0.010246 0.361319 0.266743 0.150567 0.002339 0.208749 0.000037
0.010192 0.360046 0.266740 0.150842 0.002343 0.209799 0.000039
0.010314 0.358793 0.266998 0.150874 0.002389 0.210591 0.000041
0.010416 0.358719 0.266543 0.150639 0.002345 0.211301 0.000037
0.010273 0.356493 0.267203 0.150750 0.002391 0.212851 0.000039
0.010393 0.354633 0.267227 0.150871 0.002434 0.214400 0.000041
0.010419 0.354705 0.267278 0.150727 0.002414 0.214417 0.000041
0.010328 0.351808 0.267657 0.151076 0.002410 0.216681 0.000039
0.010331 0.350722 0.267875 0.151091 0.002436 0.217507 0.000038
0.010330 0.348935 0.267574 0.151252 0.002486 0.219384 0.000039
0.010304 0.347700 0.268142 0.151196 0.002452 0.220168 0.000038
0.010167 0.347267 0.267850 0.151431 0.002456 0.220790 0.000039
0.010294 0.345417 0.268107 0.151295 0.002495 0.222353 0.000039
0.010319 0.344743 0.268019 0.151342 0.002514 0.223022 0.000042
0.010279 0.343158 0.268452 0.151380 0.002510 0.224176 0.000046
0.010157 0.341933 0.268578 0.151466 0.002527 0.225294 0.000044
0.010325 0.341702 0.268186 0.151355 0.002502 0.225888 0.000043
0.010237 0.339417 0.268449 0.151663 0.002517 0.227671 0.000047
0.010319 0.337807 0.268800 0.151772 0.002545 0.228715 0.000043
0.010342 0.337839 0.268352 0.151632 0.002576 0.229217 0.000041
0.010365 0.337799 0.268122 0.151760 0.002545 0.229366 0.000043
0.010353 0.335950 0.268533 0.151908 0.002592 0.230619 0.000045
0.010405 0.333416 0.268836 0.151774 0.002588 0.232935 0.000045
0.010306 0.333389 0.268985 0.151855 0.002604 0.232820 0.000040
0.010408 0.330557 0.269180 0.152003 0.002628 0.235178 0.000045
0.010431 0.329131 0.268929 0.152153 0.002627 0.236677 0.000052
0.010254 0.329656 0.269067 0.151844 0.002657 0.236474 0.000049
0.010376 0.328499 0.268913 0.151896 0.002689 0.237580 0.000047
0.010213 0.325394 0.269838 0.152212 0.002674 0.239622 0.000048
0.010300 0.325350 0.269439 0.152093 0.002711 0.240058 0.000049
0.010326 0.323830 0.269654 0.151799 0.002690 0.241648 0.000052
0.010299 0.323542 0.269494 0.152151 0.002709 0.241755 0.000050
0.011151 0.321382 0.269584 0.151894 0.002733 0.243202 0.000054
0.023009 0.318948 0.265450 0.149498 0.002689 0.240359 0.000047
0.021253 0.317990 0.266114 0.149996 0.002692 0.241904 0.000051
0.022946 0.315616 0.265126 0.150118 0.002724 0.243424 0.000045
0.026479 0.315550 0.264154 0.148685 0.002707 0.242376 0.000048
0.028543 0.316237 0.262777 0.148071 0.002695 0.241624 0.000053
0.026375 0.315954 0.263403 0.148538 0.002697 0.242984 0.000049
0.023700 0.314478 0.264344 0.149032 0.002729 0.245672 0.000046
0.024859 0.314251 0.263310 0.148743 0.002751 0.246034 0.000052
0.023580 0.314693 0.263614 0.148930 0.002728 0.246404 0.000052
0.025091 0.314366 0.263022 0.147953 0.002728 0.246785 0.000054
0.021094 0.313550 0.264202 0.149143 0.002765 0.249192 0.000054
0.020524 0.311100 0.264665 0.149120 0.002817 0.251716 0.000059
0.020103 0.311045 0.264768 0.149268 0.002782 0.251978 0.000056
0.019031 0.309560 0.265100 0.149467 0.002817 0.253970 0.000055
0.018624 0.310685 0.264622 0.149233 0.002789 0.253991 0.000056
0.017674 0.307861 0.265159 0.149551 0.002859 0.256846 0.000050
0.017074 0.307071 0.265537 0.149921 0.002880 0.257457 0.000060
0.016507 0.307497 0.265657 0.149749 0.002876 0.257657 0.000058
0.015549 0.306387 0.265827 0.149904 0.002911 0.259369 0.000053
0.016609 0.305617 0.264958 0.149600 0.002906 0.260254 0.000057
0.015716 0.304949 0.265349 0.149510 0.002897 0.261520 0.000058
0.013620 0.302709 0.266753 0.150539 0.002917 0.263401 0.000060
0.014770 0.302988 0.265681 0.149990 0.002931 0.263578 0.000063
0.014641 0.302402 0.265569 0.149604 0.002929 0.264791 0.000062
0.012986 0.300182 0.266830 0.150548 0.002973 0.266415 0.000065
0.012578 0.299180 0.267041 0.150494 0.002999 0.267643 0.000064
0.011532 0.295514 0.268044 0.151280 0.003007 0.270569 0.000054
0.012205 0.295444 0.267624 0.150522 0.002991 0.271156 0.000058
0.013033 0.296547 0.266217 0.150134 0.002979 0.271027 0.000062
0.012662 0.294756 0.266744 0.150529 0.003037 0.272208 0.000065
0.012517 0.294128 0.266531 0.150360 0.003018 0.273388 0.000059
0.012470 0.292737 0.266706 0.150037 0.003030 0.274956 0.000064
0.012321 0.291514 0.266743 0.150257 0.003104 0.275991 0.000071
0.011805 0.290511 0.267219 0.150704 0.003063 0.276640 0.000058
0.011720 0.289272 0.267161 0.150615 0.003103 0.278065 0.000064
0.011572 0.288151 0.267091 0.150848 0.003060 0.279218 0.000060
0.011786 0.288144 0.266961 0.150883 0.003055 0.279104 0.000067
0.011310 0.284972 0.267715 0.151131 0.003125 0.281676 0.000070
0.011182 0.284077 0.267602 0.151132 0.003100 0.282839 0.000068
0.011106 0.282279 0.267632 0.150900 0.003099 0.284915 0.000069
0.011181 0.282039 0.267474 0.151006 0.003119 0.285115 0.000066
0.011143 0.281015 0.267473 0.150794 0.003139 0.286366 0.000069
0.011104 0.279459 0.267282 0.151164 0.003130 0.287790 0.000071
0.011315 0.278778 0.267181 0.150831 0.003171 0.288647 0.000077
0.011065 0.278967 0.267361 0.151198 0.003152 0.288186 0.000071
0.011223 0.276800 0.267355 0.150893 0.003142 0.290516 0.000070
0.011247 0.276661 0.266821 0.150795 0.003201 0.291202 0.000073
0.011154 0.274232 0.267234 0.150642 0.003151 0.293511 0.000076
0.011124 0.274902 0.267471 0.150900 0.003169 0.292365 0.000069
0.011039 0.271662 0.267086 0.150864 0.003220 0.296050 0.000078
0.011309 0.272013 0.266959 0.150738 0.003201 0.295707 0.000075
0.011117 0.271015 0.266733 0.150927 0.003200 0.296931 0.000078
0.011183 0.271825 0.266538 0.150689 0.003202 0.296490 0.000074
0.011069 0.268360 0.266805 0.150895 0.003239 0.299557 0.000075
0.010867 0.266659 0.267296 0.150863 0.003244 0.300994 0.000078
0.011071 0.266944 0.266482 0.150703 0.003251 0.301475 0.000074
0.011296 0.266777 0.266047 0.150679 0.003271 0.301846 0.000084
0.011198 0.265908 0.266464 0.150604 0.003262 0.302485 0.000078
0.011195 0.265763 0.266024 0.150170 0.003286 0.303478 0.000083
0.010953 0.263905 0.266499 0.150493 0.003325 0.304741 0.000085
0.011079 0.263146 0.265895 0.150395 0.003261 0.306143 0.000081
0.010864 0.262407 0.266631 0.149972 0.003309 0.306741 0.000077
0.011050 0.261615 0.266273 0.150510 0.003301 0.307170 0.000081
0.011003 0.259913 0.266013 0.150458 0.003307 0.309225 0.000081
0.011065 0.257951 0.266028 0.150470 0.003302 0.311100 0.000084
0.011012 0.257879 0.265898 0.150065 0.003370 0.311690 0.000085
0.011057 0.257075 0.265820 0.149735 0.003342 0.312891 0.000081
0.011163 0.257636 0.264855 0.149748 0.003351 0.313168 0.000079
0.011166 0.254054 0.265598 0.149731 0.003395 0.315969 0.000087
0.011173 0.255862 0.265037 0.149975 0.003379 0.314487 0.000087
0.011117 0.252515 0.265564 0.149923 0.003409 0.317392 0.000081
0.011195 0.252939 0.265028 0.149517 0.003404 0.317839 0.000079
0.011147 0.250980 0.264960 0.149656 0.003420 0.319753 0.000084
0.011190 0.251933 0.264431 0.149799 0.003438 0.319124 0.000085
0.011233 0.252234 0.264106 0.149327 0.003445 0.319564 0.000091
0.011242 0.249852 0.264440 0.149536 0.003477 0.321363 0.000091
0.011297 0.249326 0.264105 0.149249 0.003425 0.322509 0.000090
0.011384 0.248448 0.264030 0.149135 0.003472 0.323442 0.000090
0.011377 0.248052 0.264132 0.148983 0.003474 0.323889 0.000093
0.011264 0.246641 0.263806 0.149156 0.003426 0.325615 0.000092
0.011306 0.244703 0.263627 0.149322 0.003486 0.327462 0.000095
0.011384 0.244588 0.263857 0.149031 0.003489 0.327555 0.000097
0.011359 0.244039 0.263482 0.148714 0.003485 0.328826 0.000095
0.011335 0.242021 0.263290 0.149066 0.003516 0.330675 0.000097
0.011436 0.242294 0.263155 0.148631 0.003458 0.330933 0.000092
0.011331 0.241387 0.263223 0.148627 0.003522 0.331812 0.000099
0.011354 0.240391 0.262940 0.148336 0.003531 0.333358 0.000091
0.011403 0.239734 0.262896 0.148888 0.003526 0.333461 0.000093
0.011398 0.238497 0.262440 0.148741 0.003514 0.335313 0.000098
0.011449 0.237351 0.262355 0.148420 0.003553 0.336780 0.000092
0.011528 0.235865 0.262492 0.148587 0.003584 0.337841 0.000102
0.011410 0.235448 0.262671 0.148411 0.003579 0.338384 0.000096
0.011563 0.234592 0.262015 0.148061 0.003622 0.340044 0.000102
0.011615 0.234842 0.261627 0.147961 0.003613 0.340250 0.000091
0.011596 0.234505 0.261743 0.148214 0.003568 0.340272 0.000102
0.011710 0.233712 0.261485 0.147739 0.003607 0.341642 0.000105
0.011604 0.232793 0.260965 0.147500 0.003650 0.343382 0.000106
0.011720 0.231517 0.261426 0.147780 0.003644 0.343813 0.000099
0.011611 0.231287 0.261283 0.147563 0.003626 0.344516 0.000114
0.011801 0.230420 0.260591 0.147417 0.003639 0.346031 0.000101
0.011788 0.229231 0.260645 0.147545 0.003667 0.347011 0.000113
0.011810 0.228107 0.260458 0.147184 0.003678 0.348653 0.000110
0.011806 0.228432 0.260387 0.146953 0.003658 0.348655 0.000109
0.011902 0.226264 0.259971 0.147222 0.003656 0.350874 0.000112
0.011718 0.225270 0.260129 0.146941 0.003639 0.352190 0.000114
0.012048 0.226100 0.259492 0.146989 0.003692 0.351567 0.000112
0.011974 0.225360 0.259616 0.146805 0.003718 0.352410 0.000117
0.011880 0.224743 0.259208 0.146782 0.003680 0.353596 0.000112
0.012084 0.224515 0.259511 0.146811 0.003719 0.353244 0.000117
0.012049 0.223515 0.258262 0.146793 0.003734 0.355538 0.000108
0.011987 0.222695 0.258529 0.146316 0.003717 0.356639 0.000116
0.012004 0.221850 0.258778 0.146317 0.003746 0.357190 0.000116
0.012054 0.221623 0.258582 0.146161 0.003756 0.357719 0.000105
0.012136 0.220291 0.258073 0.145941 0.003762 0.359680 0.000117
0.012059 0.219005 0.258246 0.145921 0.003802 0.360853 0.000114
0.012232 0.218580 0.257941 0.146032 0.003729 0.361369 0.000118
0.012185 0.217013 0.257526 0.146032 0.003799 0.363330 0.000116
0.012248 0.217678 0.257800 0.145806 0.003804 0.362554 0.000109
0.012206 0.217102 0.257147 0.145634 0.003769 0.364031 0.000112
0.012235 0.217076 0.256935 0.145374 0.003778 0.364485 0.000116
0.012258 0.215677 0.257049 0.145455 0.003825 0.365622 0.000113
0.012235 0.214433 0.256467 0.145081 0.003802 0.367863 0.000120
0.012415 0.212727 0.256612 0.145217 0.003830 0.369083 0.000117
0.012293 0.212748 0.256258 0.144861 0.003818 0.369902 0.000122
0.012434 0.212882 0.256119 0.144814 0.003850 0.369782 0.000118
0.012448 0.212004 0.255768 0.144507 0.003828 0.371319 0.000127
0.012550 0.210305 0.255724 0.144530 0.003875 0.372895 0.000122
0.012420 0.210529 0.255211 0.144723 0.003824 0.373174 0.000119
0.012430 0.210698 0.255420 0.144389 0.003850 0.373091 0.000122
0.012468 0.208730 0.254547 0.144061 0.003840 0.376227 0.000127
0.012547 0.208953 0.254631 0.144275 0.003848 0.375614 0.000131
0.012555 0.207871 0.254793 0.144105 0.003857 0.376693 0.000126
0.012496 0.206077 0.254315 0.144173 0.003863 0.378947 0.000128
0.012500 0.205959 0.254312 0.143788 0.003920 0.379396 0.000125
0.012518 0.205026 0.254338 0.143657 0.003893 0.380435 0.000132
0.012687 0.205064 0.253622 0.143731 0.003908 0.380864 0.000125
0.012684 0.205374 0.253256 0.143680 0.003901 0.380976 0.000130
0.012611 0.205253 0.253298 0.143618 0.003923 0.381171 0.000126
0.012674 0.203312 0.253571 0.143179 0.003883 0.383241 0.000140
0.012741 0.203847 0.252862 0.143082 0.003905 0.383429 0.000132
0.012796 0.203034 0.252496 0.142851 0.003927 0.384765 0.000130
0.012702 0.201086 0.252284 0.143040 0.003926 0.386829 0.000133
0.012687 0.200948 0.252647 0.142638 0.003915 0.387032 0.000132
0.012687 0.201251 0.252217 0.142882 0.003937 0.386893 0.000132
0.012758 0.199626 0.252055 0.142205 0.003952 0.389263 0.000142
0.012732 0.198568 0.251649 0.142388 0.004041 0.390493 0.000129
0.012838 0.198689 0.251868 0.142231 0.003969 0.390267 0.000137
0.012944 0.197094 0.251278 0.142143 0.003936 0.392471 0.000133
0.012974 0.196581 0.251042 0.141904 0.003996 0.393374 0.000128
0.012957 0.196292 0.250854 0.141822 0.004027 0.393912 0.000135
0.013014 0.196120 0.250713 0.141906 0.004025 0.394082 0.000140
0.012973 0.195764 0.250340 0.141637 0.004014 0.395143 0.000129
0.013029 0.195011 0.250080 0.141342 0.004030 0.396370 0.000138
0.013014 0.194532 0.250216 0.141329 0.004023 0.396749 0.000137
0.013061 0.193416 0.249355 0.141189 0.004022 0.398819 0.000138
0.013051 0.193354 0.249884 0.141277 0.004012 0.398281 0.000141
0.013166 0.191612 0.249372 0.140907 0.004071 0.400739 0.000134
0.013048 0.192578 0.249096 0.141093 0.004067 0.399981 0.000138
0.013289 0.191132 0.248576 0.141003 0.004037 0.401819 0.000143
0.013147 0.189911 0.248633 0.140396 0.004074 0.403695 0.000143
0.013429 0.190072 0.248706 0.140436 0.004110 0.403098 0.000148
0.013352 0.189246 0.248363 0.140153 0.004037 0.404704 0.000145
0.013338 0.189075 0.248159 0.139987 0.004092 0.405203 0.000145
0.013425 0.188669 0.248211 0.139716 0.004089 0.405752 0.000140
0.013452 0.186485 0.247390 0.140118 0.004141 0.408269 0.000144
0.013572 0.186843 0.247327 0.139731 0.004090 0.408298 0.000140
0.013488 0.187295 0.246934 0.139399 0.004074 0.408670 0.000139
0.013461 0.186389 0.246662 0.139824 0.004110 0.409405 0.000150
0.013589 0.186256 0.247122 0.139520 0.004137 0.409233 0.000142
0.013694 0.185024 0.245770 0.139337 0.004122 0.411905 0.000147
0.013754 0.184074 0.245668 0.139337 0.004173 0.412848 0.000146
0.013700 0.184192 0.245729 0.139399 0.004178 0.412658 0.000144
0.013609 0.183177 0.246154 0.139273 0.004199 0.413442 0.000145
0.013660 0.182511 0.245178 0.138792 0.004190 0.415508 0.000162
0.013822 0.182390 0.244951 0.138864 0.004140 0.415690 0.000142
0.013917 0.180586 0.244867 0.138505 0.004144 0.417834 0.000148
0.013847 0.180212 0.244826 0.138493 0.004187 0.418286 0.000148
0.013875 0.180398 0.244696 0.137931 0.004116 0.418828 0.000156
0.013894 0.180021 0.244506 0.138114 0.004200 0.419110 0.000154
0.013844 0.178894 0.244031 0.137856 0.004202 0.421019 0.000154
0.014034 0.178764 0.243457 0.137374 0.004208 0.422009 0.000154
0.013952 0.178717 0.243639 0.137819 0.004202 0.421520 0.000152
0.014111 0.177190 0.243128 0.137530 0.004246 0.423645 0.000151
0.014079 0.176515 0.242938 0.137385 0.004223 0.424703 0.000157
0.014154 0.177283 0.242809 0.137245 0.004239 0.424116 0.000153
0.014281 0.176309 0.242146 0.137070 0.004268 0.425773 0.000152
0.014107 0.175934 0.242517 0.136912 0.004213 0.426159 0.000157
0.014147 0.175731 0.241564 0.136847 0.004245 0.427305 0.000161
0.014185 0.173865 0.241322 0.136805 0.004303 0.429352 0.000168
0.014113 0.174517 0.240994 0.136291 0.004291 0.429625 0.000169
0.014266 0.173286 0.240619 0.136389 0.004280 0.430993 0.000167
0.014112 0.173068 0.240438 0.136190 0.004245 0.431780 0.000167
0.014296 0.172485 0.240490 0.136191 0.004243 0.432130 0.000166
0.014326 0.171603 0.240300 0.136016 0.004266 0.433329 0.000160
0.014425 0.171178 0.239575 0.135878 0.004297 0.434486 0.000161
0.014434 0.170180 0.239476 0.135648 0.004292 0.435807 0.000163
0.014397 0.170496 0.239430 0.135655 0.004262 0.435589 0.000171
0.014590 0.170749 0.239246 0.135146 0.004284 0.435818 0.000167
0.014525 0.169325 0.238497 0.134997 0.004346 0.438143 0.000168
0.014548 0.168669 0.238450 0.135067 0.004376 0.438712 0.000178
0.014546 0.168781 0.238220 0.135042 0.004380 0.438862 0.000168
0.014706 0.168582 0.237980 0.134679 0.004309 0.439583 0.000161
0.014746 0.167664 0.238053 0.134649 0.004293 0.440417 0.000178
0.014794 0.166819 0.237404 0.134515 0.004363 0.441933 0.000172
0.014642 0.167352 0.237624 0.134542 0.004380 0.441294 0.000166
0.014809 0.165437 0.236674 0.134015 0.004394 0.444501 0.000170
0.014782 0.166406 0.237025 0.134034 0.004328 0.443252 0.000172
0.014881 0.166212 0.237150 0.133627 0.004331 0.443632 0.000169
0.014908 0.165573 0.236726 0.133903 0.004356 0.444374 0.000160
0.014808 0.164579 0.236297 0.133353 0.004348 0.446442 0.000173
0.014807 0.163606 0.235846 0.133331 0.004392 0.447842 0.000175
0.014810 0.164410 0.236009 0.133389 0.004406 0.446795 0.000182
0.014994 0.163704 0.235416 0.132842 0.004414 0.448449 0.000180
0.015090 0.163200 0.235003 0.133135 0.004394 0.448998 0.000180
0.015083 0.162830 0.235053 0.132741 0.004435 0.449690 0.000168
0.015113 0.161749 0.234731 0.132976 0.004418 0.450842 0.000171
0.015189 0.160540 0.234222 0.132526 0.004386 0.452955 0.000182
0.015384 0.160483 0.234013 0.132513 0.004400 0.453024 0.000182
0.015318 0.160623 0.234063 0.132130 0.004430 0.453261 0.000176
0.015316 0.160095 0.233176 0.132512 0.004416 0.454300 0.000185
0.015407 0.158872 0.232823 0.131937 0.004389 0.456384 0.000187
0.015442 0.159185 0.232759 0.131653 0.004507 0.456273 0.000181
0.015204 0.158901 0.233171 0.131775 0.004421 0.456340 0.000188
0.015544 0.158548 0.232377 0.131401 0.004469 0.457467 0.000193
0.015480 0.158205 0.232406 0.131394 0.004463 0.457874 0.000178
0.015633 0.157937 0.232084 0.131143 0.004474 0.458532 0.000198
0.015542 0.157483 0.231621 0.131348 0.004492 0.459327 0.000186
0.015635 0.156813 0.231626 0.131018 0.004490 0.460233 0.000185
0.015684 0.155624 0.231025 0.130577 0.004497 0.462408 0.000184
0.015743 0.155844 0.231171 0.130522 0.004520 0.462003 0.000197
0.015759 0.155005 0.230705 0.130529 0.004535 0.463268 0.000198
0.015759 0.153880 0.230071 0.130145 0.004484 0.465458 0.000203
0.015744 0.154637 0.230131 0.130016 0.004502 0.464775 0.000195
0.015965 0.153400 0.229955 0.129925 0.004491 0.466061 0.000203
0.015961 0.153266 0.229390 0.129351 0.004513 0.467323 0.000196
0.015990 0.152910 0.229218 0.129521 0.004522 0.467651 0.000188
0.015956 0.151362 0.229024 0.129316 0.004523 0.469628 0.000191
0.015842 0.152784 0.229234 0.129309 0.004532 0.468113 0.000186
0.016219 0.151662 0.228219 0.128969 0.004519 0.470217 0.000195
0.015910 0.151415 0.228063 0.129104 0.004482 0.470840 0.000186
0.016155 0.151135 0.227624 0.128831 0.004503 0.471553 0.000199
0.016240 0.150657 0.227806 0.128638 0.004540 0.471930 0.000189
0.016311 0.150332 0.227220 0.128342 0.004564 0.473031 0.000200
0.016290 0.149824 0.227249 0.128379 0.004579 0.473467 0.000212
0.016200 0.149575 0.226653 0.128091 0.004565 0.474714 0.000201
0.016349 0.149240 0.226377 0.127670 0.004614 0.475548 0.000202
0.016485 0.148481 0.226233 0.127923 0.004599 0.476075 0.000205
0.016340 0.149328 0.226414 0.128151 0.004559 0.475001 0.000207
0.016558 0.147565 0.225585 0.127262 0.004558 0.478268 0.000205
0.016458 0.147982 0.225076 0.127322 0.004591 0.478357 0.000214
0.016708 0.147397 0.225187 0.127478 0.004627 0.478400 0.000203
0.016719 0.146692 0.224624 0.126909 0.004620 0.480226 0.000208
0.016568 0.146479 0.224871 0.126715 0.004600 0.480546 0.000222
0.016832 0.145648 0.223888 0.126923 0.004614 0.481882 0.000213
0.016651 0.146295 0.224063 0.126794 0.004596 0.481384 0.000217
0.016724 0.145775 0.223505 0.126269 0.004563 0.482944 0.000220
0.016595 0.145155 0.223220 0.126350 0.004618 0.483855 0.000208
0.016811 0.144614 0.223141 0.126046 0.004636 0.484530 0.000222
0.016715 0.144686 0.223518 0.126247 0.004629 0.483982 0.000222
0.016968 0.143752 0.222378 0.126066 0.004630 0.485987 0.000219
0.016959 0.143569 0.222063 0.125807 0.004605 0.486772 0.000224
0.016936 0.144091 0.222358 0.125739 0.004579 0.486079 0.000218
0.017150 0.143095 0.221509 0.125313 0.004640 0.488064 0.000230
0.017043 0.142723 0.221294 0.125595 0.004622 0.488497 0.000225
0.017141 0.142569 0.221349 0.125430 0.004609 0.488675 0.000228
