0.999114 0.000858 0.000018 0.000011 0.000000 0.000000 0.000000
0.998676 0.001286 0.000024 0.000002 0.000001 0.000011 0.000000
0.998218 0.001737 0.000032 0.000003 0.000000 0.000011 0.000000
0.997778 0.002161 0.000042 0.000005 0.000000 0.000013 0.000000
0.997246 0.002683 0.000049 0.000009 0.000000 0.000013 0.000000
0.996622 0.003294 0.000060 0.000012 0.000000 0.000013 0.000000
0.995942 0.003969 0.000063 0.000013 0.000000 0.000013 0.000000
0.995512 0.004391 0.000065 0.000016 0.000000 0.000016 0.000000
0.994761 0.005134 0.000070 0.000023 0.000000 0.000013 0.000000
0.993774 0.006117 0.000070 0.000024 0.000000 0.000014 0.000000
0.992497 0.007385 0.000075 0.000033 0.000000 0.000011 0.000000
0.990706 0.009160 0.000095 0.000028 0.000000 0.000011 0.000000
0.989127 0.010694 0.000135 0.000034 0.000000 0.000009 0.000000
0.986470 0.013331 0.000143 0.000048 0.000000 0.000007 0.000000
0.983393 0.016350 0.000186 0.000063 0.000000 0.000007 0.000000
0.980405 0.019297 0.000222 0.000069 0.000000 0.000007 0.000000
0.975382 0.024218 0.000283 0.000111 0.000000 0.000006 0.000000
0.971332 0.028150 0.000376 0.000137 0.000000 0.000005 0.000000
0.966030 0.033351 0.000444 0.000170 0.000000 0.000004 0.000000
0.959244 0.039954 0.000567 0.000229 0.000000 0.000005 0.000000
0.954062 0.045022 0.000653 0.000256 0.000000 0.000007 0.000000
0.945217 0.053695 0.000771 0.000309 0.000000 0.000008 0.000000
0.935517 0.063148 0.000928 0.000395 0.000000 0.000013 0.000000
0.927439 0.071017 0.001072 0.000460 0.000000 0.000012 0.000000
0.916927 0.081267 0.001228 0.000563 0.000000 0.000015 0.000000
0.905904 0.091959 0.001436 0.000676 0.000000 0.000025 0.000000
0.893123 0.104403 0.001646 0.000797 0.000000 0.000031 0.000000
0.880957 0.116226 0.001847 0.000935 0.000000 0.000035 0.000000
0.867668 0.129139 0.002061 0.001095 0.000000 0.000037 0.000000
0.853746 0.142699 0.002266 0.001246 0.000000 0.000043 0.000000
0.838740 0.157178 0.002579 0.001450 0.000000 0.000052 0.000000
0.825319 0.170227 0.002833 0.001568 0.000003 0.000050 0.000000
0.809165 0.185772 0.003220 0.001774 0.000002 0.000066 0.000000
0.794435 0.199940 0.003570 0.001979 0.000003 0.000074 0.000000
0.779394 0.214367 0.003963 0.002190 0.000002 0.000084 0.000000
0.764600 0.228550 0.004304 0.002445 0.000002 0.000099 0.000000
0.748661 0.243847 0.004706 0.002667 0.000002 0.000118 0.000000
0.731269 0.260511 0.005178 0.002903 0.000003 0.000137 0.000000
0.716298 0.274801 0.005601 0.003138 0.000004 0.000157 0.000000
0.701599 0.288829 0.006018 0.003363 0.000004 0.000186 0.000000
0.683020 0.306516 0.006592 0.003658 0.000005 0.000209 0.000000
0.668241 0.320482 0.007117 0.003927 0.000006 0.000226 0.000000
0.652811 0.334994 0.007705 0.004226 0.000007 0.000257 0.000000
0.643033 0.344139 0.008088 0.004455 0.000007 0.000278 0.000000
0.625607 0.360555 0.008729 0.004793 0.000007 0.000309 0.000000
0.613136 0.372164 0.009259 0.005100 0.000007 0.000334 0.000000
0.599387 0.385052 0.009828 0.005362 0.000008 0.000363 0.000000
0.585801 0.397561 0.010512 0.005718 0.000009 0.000400 0.000000
0.573732 0.408609 0.011148 0.006064 0.000010 0.000436 0.000000
0.560933 0.420384 0.011785 0.006419 0.000009 0.000471 0.000000
0.548745 0.431498 0.012496 0.006754 0.000010 0.000497 0.000000
0.537673 0.441431 0.013196 0.007155 0.000009 0.000537 0.000000
0.524042 0.453795 0.013959 0.007623 0.000009 0.000572 0.000000
0.515183 0.461665 0.014606 0.007948 0.000009 0.000590 0.000000
0.501162 0.474297 0.015407 0.008491 0.000009 0.000634 0.000000
0.488629 0.485471 0.016235 0.008967 0.000011 0.000687 0.000000
0.480239 0.492633 0.016974 0.009413 0.000010 0.000730 0.000000
0.467177 0.504155 0.017883 0.009973 0.000012 0.000801 0.000000
0.458856 0.511316 0.018594 0.010374 0.000012 0.000849 0.000000
0.448446 0.520327 0.019410 0.010892 0.000012 0.000912 0.000000
0.441174 0.526269 0.020202 0.011354 0.000014 0.000987 0.000000
0.431583 0.534533 0.021010 0.011792 0.000013 0.001069 0.000000
0.420481 0.544073 0.021997 0.012299 0.000014 0.001136 0.000000
0.409267 0.553563 0.023020 0.012876 0.000017 0.001256 0.000000
0.400247 0.561021 0.023995 0.013392 0.000017 0.001328 0.000000
0.392067 0.567810 0.024799 0.013930 0.000018 0.001376 0.000000
0.384113 0.574009 0.025830 0.014569 0.000017 0.001462 0.000000
0.375374 0.581343 0.026706 0.015024 0.000019 0.001533 0.000000
0.365515 0.589347 0.027823 0.015653 0.000020 0.001643 0.000000
0.357132 0.595753 0.029027 0.016323 0.000022 0.001742 0.000000
0.349566 0.601845 0.029966 0.016781 0.000020 0.001822 0.000000
0.339696 0.609527 0.031319 0.017493 0.000023 0.001942 0.000000
0.329464 0.617385 0.032756 0.018278 0.000023 0.002093 0.000000
0.321493 0.623648 0.033750 0.018847 0.000022 0.002239 0.000000
0.318245 0.625591 0.034511 0.019298 0.000023 0.002332 0.000000
0.304882 0.636207 0.036130 0.020258 0.000028 0.002495 0.000000
0.301465 0.638147 0.036940 0.020802 0.000029 0.002618 0.000000
0.293563 0.643880 0.038258 0.021541 0.000031 0.002726 0.000000
0.285632 0.649612 0.039521 0.022313 0.000033 0.002887 0.000000
0.279234 0.653886 0.040792 0.023006 0.000034 0.003049 0.000000
0.273163 0.658187 0.041808 0.023643 0.000037 0.003162 0.000000
0.263325 0.664991 0.043618 0.024649 0.000042 0.003373 0.000000
0.254077 0.671836 0.045001 0.025443 0.000043 0.003599 0.000000
0.252385 0.671850 0.045926 0.026041 0.000046 0.003752 0.000000
0.244742 0.676865 0.047559 0.026823 0.000048 0.003963 0.000000
0.241775 0.677609 0.048855 0.027549 0.000051 0.004162 0.000000
0.233889 0.682729 0.050428 0.028488 0.000050 0.004417 0.000000
0.222217 0.690647 0.052748 0.029641 0.000057 0.004690 0.000000
0.222987 0.688852 0.053312 0.029973 0.000057 0.004819 0.000000
0.217912 0.691539 0.054692 0.030766 0.000061 0.005030 0.000000
0.212435 0.693902 0.056568 0.031704 0.000065 0.005327 0.000000
0.207670 0.696193 0.058055 0.032442 0.000064 0.005576 0.000000
0.206254 0.695728 0.059064 0.033130 0.000073 0.005751 0.000000
0.199508 0.699127 0.060956 0.034260 0.000069 0.006079 0.000000
0.204398 0.693860 0.061136 0.034337 0.000077 0.006191 0.000000
0.197134 0.697462 0.063306 0.035464 0.000080 0.006554 0.000000
0.186250 0.704652 0.065383 0.036718 0.000089 0.006908 0.000000
0.183798 0.705254 0.066404 0.037358 0.000085 0.007100 0.000000
0.183289 0.703653 0.067588 0.038013 0.000091 0.007366 0.000000
0.179334 0.705331 0.068925 0.038726 0.000093 0.007591 0.000000
0.176369 0.705472 0.070398 0.039678 0.000102 0.007981 0.000000
0.177085 0.702847 0.071481 0.040300 0.000104 0.008182 0.000000
0.173097 0.703532 0.073275 0.041437 0.000109 0.008549 0.000000
0.173052 0.701402 0.074525 0.042029 0.000109 0.008884 0.000000
0.164545 0.707030 0.076007 0.043089 0.000112 0.009217 0.000000
0.168966 0.700431 0.077243 0.043699 0.000115 0.009547 0.000000
0.164932 0.702608 0.078401 0.044175 0.000115 0.009770 0.000000
0.163122 0.701838 0.079566 0.045137 0.000112 0.010225 0.000000
0.161980 0.701470 0.080445 0.045610 0.000117 0.010377 0.000000
0.159004 0.701440 0.082251 0.046390 0.000128 0.010788 0.000000
0.155332 0.701790 0.083983 0.047562 0.000136 0.011197 0.000000
0.151812 0.702950 0.085217 0.048314 0.000129 0.011577 0.000000
0.150615 0.701441 0.086806 0.049070 0.000139 0.011929 0.000000
0.147455 0.703119 0.087537 0.049528 0.000140 0.012222 0.000000
0.137522 0.706944 0.090859 0.051567 0.000150 0.012958 0.000001
0.135734 0.707242 0.091557 0.052083 0.000148 0.013235 0.000001
0.130658 0.708936 0.093316 0.053194 0.000164 0.013732 0.000001
0.125705 0.710545 0.095231 0.054129 0.000169 0.014221 0.000001
0.129921 0.704979 0.095898 0.054538 0.000161 0.014503 0.000001
0.126520 0.704437 0.098052 0.055646 0.000182 0.015162 0.000001
0.124271 0.706242 0.098196 0.055887 0.000179 0.015225 0.000000
0.118047 0.707734 0.100784 0.057335 0.000189 0.015910 0.000001
0.115138 0.707369 0.102382 0.058415 0.000189 0.016506 0.000001
0.115733 0.704621 0.103638 0.058926 0.000193 0.016888 0.000001
0.114477 0.703210 0.105063 0.059728 0.000196 0.017325 0.000001
0.109041 0.704907 0.107264 0.060731 0.000207 0.017851 0.000001
0.109352 0.703067 0.107705 0.061441 0.000201 0.018234 0.000001
0.108248 0.700376 0.109796 0.062447 0.000212 0.018920 0.000001
0.106274 0.699802 0.111082 0.063243 0.000224 0.019374 0.000001
0.097542 0.702567 0.114366 0.065028 0.000245 0.020252 0.000001
0.102964 0.697503 0.114089 0.064896 0.000243 0.020304 0.000000
0.105384 0.692293 0.115374 0.065759 0.000244 0.020946 0.000001
0.103979 0.690449 0.117067 0.066657 0.000262 0.021585 0.000001
0.108589 0.685555 0.117148 0.066643 0.000261 0.021804 0.000001
0.108762 0.682232 0.118772 0.067444 0.000261 0.022527 0.000002
0.105428 0.684410 0.119181 0.067892 0.000264 0.022822 0.000002
0.107096 0.679928 0.120751 0.068643 0.000268 0.023312 0.000002
0.105579 0.679396 0.121724 0.069196 0.000287 0.023815 0.000003
0.108053 0.676253 0.121848 0.069456 0.000281 0.024105 0.000004
0.100288 0.678573 0.124755 0.071012 0.000288 0.025081 0.000004
0.092517 0.681014 0.127553 0.072616 0.000300 0.025998 0.000003
0.093837 0.678417 0.128271 0.072721 0.000317 0.026434 0.000003
0.092632 0.677725 0.129105 0.073442 0.000305 0.026786 0.000005
0.090544 0.677677 0.130176 0.073931 0.000324 0.027345 0.000004
0.089596 0.676164 0.131199 0.074728 0.000323 0.027987 0.000003
0.079910 0.678841 0.135171 0.076637 0.000338 0.029099 0.000004
0.083665 0.676776 0.134100 0.076166 0.000337 0.028953 0.000003
0.080548 0.674761 0.136535 0.077688 0.000354 0.030112 0.000003
0.079229 0.674211 0.137473 0.078340 0.000361 0.030382 0.000004
0.073619 0.674450 0.140312 0.079915 0.000373 0.031328 0.000004
0.071011 0.673857 0.141971 0.080638 0.000377 0.032144 0.000003
0.069004 0.672194 0.143637 0.081771 0.000393 0.032995 0.000005
0.067580 0.672080 0.144486 0.082023 0.000396 0.033432 0.000004
0.065555 0.671065 0.145863 0.082985 0.000417 0.034112 0.000003
0.062344 0.672266 0.147006 0.083455 0.000415 0.034512 0.000003
0.059492 0.669764 0.149585 0.085063 0.000433 0.035659 0.000004
0.060905 0.666425 0.150370 0.085655 0.000437 0.036205 0.000003
0.054070 0.668980 0.152554 0.086785 0.000453 0.037153 0.000004
0.051973 0.666597 0.154879 0.088034 0.000454 0.038059 0.000003
0.049719 0.664959 0.156803 0.088999 0.000482 0.039034 0.000004
0.049886 0.663916 0.157039 0.089314 0.000495 0.039347 0.000004
0.046769 0.663704 0.158596 0.090182 0.000497 0.040248 0.000004
0.046184 0.660464 0.160572 0.091215 0.000506 0.041052 0.000005
0.042939 0.659273 0.162571 0.092497 0.000517 0.042199 0.000005
0.042536 0.658113 0.163156 0.092971 0.000522 0.042697 0.000005
0.042062 0.655967 0.164422 0.093434 0.000541 0.043569 0.000004
0.037358 0.654160 0.167730 0.095287 0.000544 0.044916 0.000005
0.037120 0.655022 0.167412 0.095085 0.000549 0.044807 0.000005
0.035908 0.652332 0.169369 0.095962 0.000548 0.045874 0.000005
0.036221 0.650978 0.169648 0.096374 0.000569 0.046202 0.000007
0.032840 0.646957 0.173259 0.098374 0.000598 0.047967 0.000005
0.034616 0.645837 0.173020 0.097789 0.000582 0.048151 0.000006
0.030824 0.643199 0.175959 0.099824 0.000610 0.049579 0.000005
0.030612 0.641490 0.176811 0.100300 0.000630 0.050151 0.000006
0.030789 0.640672 0.177067 0.100231 0.000620 0.050611 0.000009
0.029899 0.637492 0.178843 0.101217 0.000630 0.051912 0.000007
0.028048 0.633723 0.181505 0.102926 0.000640 0.053150 0.000009
0.029216 0.634142 0.180437 0.102508 0.000659 0.053031 0.000007
0.027304 0.630735 0.183104 0.103844 0.000652 0.054351 0.000009
0.026917 0.629398 0.183671 0.104429 0.000664 0.054913 0.000009
0.026022 0.625671 0.185962 0.105490 0.000662 0.056182 0.000011
0.025594 0.623437 0.186822 0.106301 0.000704 0.057133 0.000009
0.025746 0.621670 0.187538 0.106611 0.000689 0.057737 0.000009
0.024783 0.620489 0.188727 0.107078 0.000687 0.058228 0.000009
0.024843 0.618924 0.189034 0.107449 0.000708 0.059034 0.000007
0.023454 0.613367 0.192266 0.109180 0.000739 0.060985 0.000010
0.023929 0.613481 0.191793 0.109022 0.000720 0.061045 0.000010
0.023904 0.613241 0.191973 0.108950 0.000729 0.061194 0.000009
0.023567 0.609887 0.193181 0.110073 0.000750 0.062532 0.000010
0.023104 0.608532 0.194115 0.110387 0.000752 0.063101 0.000008
0.022425 0.603903 0.196337 0.111590 0.000764 0.064971 0.000009
0.022118 0.603917 0.196528 0.111728 0.000774 0.064924 0.000009
0.021625 0.599903 0.198756 0.112596 0.000774 0.066338 0.000009
0.021452 0.598265 0.199368 0.112933 0.000777 0.067196 0.000009
0.021269 0.596147 0.200027 0.113675 0.000813 0.068059 0.000010
0.021198 0.594479 0.200919 0.113951 0.000806 0.068639 0.000009
0.020990 0.592491 0.201782 0.114518 0.000813 0.069393 0.000012
0.020639 0.589338 0.203281 0.115430 0.000824 0.070477 0.000010
0.020720 0.588888 0.203246 0.115510 0.000842 0.070784 0.000010
0.019793 0.585083 0.205484 0.116437 0.000851 0.072341 0.000011
0.019688 0.583596 0.205881 0.116896 0.000855 0.073073 0.000011
0.019744 0.580697 0.207081 0.117526 0.000908 0.074032 0.000012
0.019383 0.579048 0.208045 0.117831 0.000868 0.074814 0.000011
0.019347 0.577130 0.208620 0.118454 0.000884 0.075551 0.000013
0.018972 0.574353 0.209960 0.119018 0.000913 0.076773 0.000011
0.019063 0.571896 0.210641 0.119727 0.000895 0.077764 0.000013
0.018700 0.569495 0.211779 0.120199 0.000921 0.078893 0.000014
0.018312 0.566198 0.213332 0.120963 0.000944 0.080237 0.000014
0.018661 0.567104 0.212441 0.120863 0.000939 0.079979 0.000014
0.018109 0.563723 0.214206 0.121567 0.000961 0.081421 0.000013
0.018365 0.563647 0.213867 0.121385 0.000931 0.081793 0.000011
0.018037 0.559382 0.215512 0.122662 0.000977 0.083416 0.000013
0.017711 0.556586 0.216833 0.123248 0.000970 0.084640 0.000012
0.017645 0.556098 0.216888 0.123247 0.001000 0.085108 0.000013
0.017317 0.552894 0.218405 0.123941 0.001008 0.086422 0.000012
0.017399 0.550767 0.219111 0.124363 0.001006 0.087341 0.000013
0.017766 0.549582 0.219062 0.124514 0.001019 0.088043 0.000014
0.017315 0.548127 0.219973 0.124808 0.001040 0.088724 0.000014
0.017262 0.546741 0.220534 0.125267 0.001050 0.089133 0.000014
0.017032 0.545390 0.220922 0.125503 0.001041 0.090096 0.000017
0.016787 0.542115 0.222332 0.126081 0.001054 0.091613 0.000018
0.016660 0.538667 0.223453 0.126708 0.001086 0.093409 0.000017
0.016796 0.538566 0.223376 0.126820 0.001107 0.093319 0.000016
0.016426 0.535320 0.224967 0.127308 0.001077 0.094888 0.000014
0.016506 0.533169 0.225603 0.127911 0.001072 0.095722 0.000016
0.016181 0.531805 0.225980 0.128115 0.001110 0.096793 0.000016
0.024803 0.525832 0.224506 0.127161 0.001102 0.096582 0.000015
0.026270 0.523088 0.225099 0.127331 0.001126 0.097070 0.000016
0.026130 0.521466 0.225320 0.127794 0.001136 0.098141 0.000013
0.030038 0.518141 0.224830 0.127432 0.001126 0.098414 0.000018
0.027333 0.518391 0.225689 0.127958 0.001154 0.099462 0.000014
0.031856 0.514045 0.225168 0.127636 0.001174 0.100106 0.000015
0.026211 0.514873 0.227237 0.128870 0.001161 0.101631 0.000017
0.028538 0.511293 0.227402 0.128603 0.001192 0.102956 0.000016
0.026163 0.511185 0.228246 0.129419 0.001187 0.103782 0.000017
0.028004 0.508921 0.228238 0.129406 0.001207 0.104208 0.000018
0.027215 0.506791 0.229182 0.130019 0.001182 0.105594 0.000017
0.028329 0.505931 0.228841 0.129642 0.001199 0.106042 0.000016
0.024717 0.505297 0.230541 0.130615 0.001218 0.107594 0.000018
0.024664 0.504091 0.230673 0.130892 0.001213 0.108451 0.000017
0.025569 0.502591 0.230804 0.130690 0.001232 0.109095 0.000019
0.023535 0.500551 0.232178 0.131751 0.001238 0.110727 0.000019
0.022203 0.499239 0.233305 0.132243 0.001270 0.111720 0.000019
0.021716 0.498239 0.233701 0.132583 0.001288 0.112456 0.000019
0.022117 0.496658 0.233953 0.132710 0.001285 0.113253 0.000023
0.020700 0.495864 0.234899 0.133197 0.001293 0.114028 0.000020
0.019716 0.492428 0.236493 0.133937 0.001293 0.116114 0.000019
0.018555 0.492205 0.236759 0.134335 0.001314 0.116811 0.000021
0.019377 0.490603 0.236900 0.134149 0.001322 0.117628 0.000021
0.019944 0.489169 0.236917 0.134517 0.001318 0.118115 0.000020
0.019720 0.488349 0.237121 0.134667 0.001339 0.118781 0.000023
0.017898 0.486612 0.238557 0.135224 0.001358 0.120329 0.000022
0.017701 0.483774 0.239397 0.135827 0.001358 0.121919 0.000023
0.018257 0.482811 0.239244 0.135556 0.001390 0.122720 0.000021
0.015904 0.480957 0.241065 0.136782 0.001400 0.123869 0.000023
0.015911 0.477151 0.242418 0.137284 0.001407 0.125805 0.000023
0.015922 0.477927 0.241888 0.137173 0.001442 0.125624 0.000023
0.015678 0.474724 0.242926 0.137650 0.001455 0.127543 0.000025
0.015570 0.473978 0.242868 0.137793 0.001455 0.128309 0.000026
0.015668 0.471834 0.243502 0.138168 0.001465 0.129338 0.000025
0.015485 0.469014 0.244332 0.138631 0.001484 0.131028 0.000028
0.015873 0.469079 0.244020 0.138519 0.001495 0.130990 0.000025
0.015186 0.467050 0.245309 0.138867 0.001471 0.132090 0.000026
0.015110 0.465567 0.245508 0.139117 0.001526 0.133147 0.000025
0.014593 0.460824 0.247081 0.140254 0.001530 0.135692 0.000027
0.014520 0.460763 0.247046 0.140115 0.001527 0.136002 0.000027
0.014802 0.459425 0.247179 0.140208 0.001561 0.136800 0.000026
0.014689 0.458213 0.247368 0.140526 0.001543 0.137633 0.000028
0.014169 0.455303 0.248824 0.140962 0.001557 0.139159 0.000025
0.014680 0.455912 0.248140 0.140638 0.001586 0.139024 0.000022
0.013949 0.452090 0.249439 0.141656 0.001606 0.141233 0.000027
0.014359 0.450943 0.249890 0.141360 0.001592 0.141830 0.000027
0.014028 0.448140 0.250615 0.141908 0.001609 0.143669 0.000030
0.013858 0.447192 0.251142 0.142054 0.001598 0.144126 0.000029
0.013517 0.445020 0.252019 0.142618 0.001609 0.145193 0.000025
0.013699 0.442503 0.252424 0.142882 0.001633 0.146831 0.000029
0.013586 0.441269 0.252527 0.143195 0.001667 0.147725 0.000031
0.013380 0.439288 0.253029 0.143444 0.001681 0.149147 0.000032
0.013824 0.437208 0.253513 0.143590 0.001671 0.150161 0.000032
0.013556 0.437796 0.253148 0.143400 0.001681 0.150388 0.000030
0.013597 0.436691 0.253348 0.143380 0.001698 0.151257 0.000028
0.013735 0.435475 0.253436 0.143781 0.001732 0.151809 0.000033
0.013347 0.433273 0.254474 0.144364 0.001729 0.152784 0.000031
0.013230 0.430247 0.255073 0.144547 0.001717 0.155150 0.000035
0.013531 0.430567 0.254722 0.144583 0.001713 0.154852 0.000032
0.013350 0.426861 0.255943 0.144845 0.001776 0.157186 0.000038
0.013344 0.426031 0.256191 0.145067 0.001765 0.157565 0.000036
0.013204 0.424216 0.256573 0.145391 0.001787 0.158795 0.000034
0.013244 0.423060 0.256693 0.145449 0.001788 0.159730 0.000036
0.013204 0.420870 0.257088 0.145927 0.001820 0.161053 0.000038
0.013083 0.419740 0.257389 0.145874 0.001809 0.162067 0.000038
0.013357 0.418626 0.257525 0.145749 0.001856 0.162849 0.000038
0.013055 0.415526 0.258172 0.146156 0.001855 0.165196 0.000041
0.012990 0.415009 0.258077 0.146551 0.001864 0.165467 0.000042
0.012964 0.413032 0.258856 0.146750 0.001877 0.166484 0.000036
0.013073 0.412069 0.258770 0.146734 0.001873 0.167441 0.000039
0.013153 0.409947 0.259173 0.146908 0.001870 0.168908 0.000041
0.012954 0.408116 0.259537 0.147198 0.001900 0.170253 0.000042
0.012954 0.407463 0.259597 0.147241 0.001886 0.170817 0.000043
0.013007 0.407880 0.259094 0.146956 0.001899 0.171126 0.000038
0.013078 0.404249 0.260091 0.147542 0.001892 0.173103 0.000044
0.013046 0.403539 0.260443 0.147570 0.001939 0.173416 0.000046
0.012857 0.401947 0.260556 0.147781 0.001962 0.174857 0.000040
0.012885 0.400434 0.260780 0.147794 0.001937 0.176125 0.000046
0.013070 0.399550 0.260869 0.148137 0.001978 0.176356 0.000039
0.013029 0.396764 0.261778 0.148138 0.001953 0.178297 0.000041
0.013077 0.397629 0.261406 0.147831 0.001977 0.178040 0.000041
0.012828 0.394392 0.261946 0.148418 0.001980 0.180392 0.000044
0.013070 0.393611 0.262217 0.148169 0.001944 0.180949 0.000041
0.012900 0.390576 0.262760 0.148735 0.001997 0.182993 0.000040
0.012692 0.389335 0.262930 0.149094 0.002023 0.183885 0.000042
0.012890 0.388357 0.262936 0.148953 0.002038 0.184784 0.000042
0.012929 0.387229 0.262940 0.148902 0.002038 0.185917 0.000046
0.012854 0.384901 0.263624 0.149439 0.002080 0.187060 0.000043
0.012652 0.384399 0.263829 0.149160 0.002093 0.187819 0.000047
0.012706 0.383380 0.263709 0.149366 0.002096 0.188702 0.000041
0.012829 0.381443 0.263697 0.149864 0.002116 0.190002 0.000048
0.012737 0.380043 0.264581 0.149787 0.002144 0.190664 0.000044
0.012657 0.379007 0.264325 0.150033 0.002136 0.191797 0.000044
0.012877 0.377257 0.264379 0.149916 0.002135 0.193389 0.000047
0.012652 0.377013 0.264164 0.150044 0.002179 0.193901 0.000048
0.012604 0.372989 0.265425 0.150153 0.002195 0.196582 0.000052
0.012699 0.372583 0.265315 0.150111 0.002163 0.197080 0.000048
0.012721 0.372529 0.265013 0.150070 0.002205 0.197417 0.000046
0.012849 0.371003 0.265353 0.150293 0.002199 0.198257 0.000046
0.012664 0.370291 0.265238 0.150307 0.002210 0.199245 0.000046
0.012679 0.367804 0.265614 0.150855 0.002231 0.200768 0.000048
0.012781 0.366718 0.265631 0.150556 0.002259 0.202003 0.000051
0.012932 0.364424 0.265808 0.150969 0.002278 0.203538 0.000050
0.012680 0.363944 0.266187 0.150943 0.002270 0.203927 0.000049
0.012687 0.362207 0.266097 0.151090 0.002262 0.205609 0.000048
0.012711 0.360000 0.266810 0.151184 0.002286 0.206958 0.000051
0.012738 0.358794 0.266770 0.151211 0.002308 0.208124 0.000056
0.012811 0.358557 0.266564 0.151054 0.002321 0.208643 0.000051
0.012654 0.355683 0.267005 0.151485 0.002351 0.210767 0.000055
0.012926 0.356023 0.266833 0.151377 0.002332 0.210449 0.000060
0.012822 0.353738 0.267075 0.151578 0.002365 0.212370 0.000052
0.012887 0.353761 0.266930 0.151292 0.002319 0.212751 0.000060
0.012675 0.352420 0.267275 0.151411 0.002380 0.213778 0.000062
0.012657 0.351281 0.267336 0.151584 0.002393 0.214693 0.000057
0.012846 0.349700 0.267751 0.151546 0.002366 0.215736 0.000055
0.012847 0.348623 0.267237 0.151613 0.002364 0.217260 0.000056
0.025252 0.344843 0.263123 0.149506 0.002352 0.214871 0.000052
0.027744 0.342555 0.262801 0.149438 0.002373 0.215032 0.000058
0.028110 0.342029 0.262935 0.148985 0.002363 0.215524 0.000054
0.042233 0.337360 0.258086 0.146357 0.002340 0.213564 0.000060
0.046213 0.335529 0.256717 0.145518 0.002348 0.213619 0.000055
0.047169 0.337052 0.255714 0.144817 0.002350 0.212842 0.000056
0.038405 0.338034 0.258648 0.146699 0.002411 0.215745 0.000059
0.042469 0.337551 0.256664 0.145363 0.002372 0.215527 0.000054
0.042077 0.337143 0.256581 0.145297 0.002407 0.216438 0.000057
0.041451 0.337847 0.255879 0.144975 0.002417 0.217371 0.000060
0.034640 0.337475 0.258469 0.146881 0.002402 0.220075 0.000058
0.034470 0.337505 0.258099 0.146632 0.002437 0.220799 0.000058
0.032777 0.337677 0.258876 0.146556 0.002430 0.221624 0.000060
0.029427 0.336650 0.260144 0.147518 0.002427 0.223769 0.000065
0.032487 0.337039 0.258284 0.146587 0.002443 0.223101 0.000059
0.028088 0.335565 0.260007 0.147618 0.002486 0.226174 0.000063
0.024653 0.333618 0.261660 0.148366 0.002492 0.229148 0.000063
0.026569 0.334319 0.260092 0.147709 0.002501 0.228746 0.000062
0.025918 0.334474 0.260140 0.147664 0.002496 0.229250 0.000057
0.025956 0.334260 0.259839 0.147427 0.002520 0.229928 0.000070
0.025514 0.335580 0.259290 0.147161 0.002521 0.229874 0.000060
0.019678 0.328532 0.263402 0.149490 0.002621 0.236211 0.000066
0.021709 0.331019 0.261685 0.148374 0.002594 0.234554 0.000065
0.019907 0.329205 0.262226 0.149320 0.002546 0.236730 0.000066
0.019399 0.328801 0.262703 0.149215 0.002585 0.237234 0.000063
0.017978 0.326222 0.263945 0.149686 0.002600 0.239498 0.000069
0.016918 0.323701 0.264704 0.150094 0.002660 0.241857 0.000065
0.016673 0.321329 0.265233 0.150410 0.002710 0.243583 0.000063
0.016270 0.320566 0.265301 0.150636 0.002658 0.244508 0.000061
0.017489 0.322406 0.264008 0.149365 0.002640 0.244021 0.000071
0.016552 0.320751 0.264903 0.149973 0.002661 0.245096 0.000064
0.016719 0.320701 0.264251 0.149905 0.002699 0.245657 0.000067
0.016208 0.318182 0.264802 0.150201 0.002677 0.247859 0.000071
0.016000 0.317820 0.264531 0.150041 0.002725 0.248811 0.000072
0.015182 0.314739 0.265563 0.150665 0.002739 0.251037 0.000075
0.015304 0.313688 0.265441 0.150654 0.002700 0.252144 0.000069
0.014723 0.311858 0.266017 0.150885 0.002749 0.253695 0.000073
0.015006 0.312409 0.265385 0.150564 0.002745 0.253817 0.000074
0.014525 0.310254 0.265886 0.150957 0.002760 0.255550 0.000069
0.013844 0.307045 0.267186 0.151834 0.002795 0.257224 0.000072
0.014871 0.308937 0.265405 0.150929 0.002790 0.256997 0.000071
0.014190 0.306091 0.266649 0.151340 0.002811 0.258853 0.000065
0.014050 0.304141 0.267135 0.151435 0.002860 0.260299 0.000078
0.013683 0.301615 0.267280 0.151520 0.002855 0.262971 0.000077
0.013825 0.302344 0.267159 0.151270 0.002826 0.262503 0.000073
0.013912 0.300676 0.266719 0.151328 0.002878 0.264413 0.000075
0.013849 0.300591 0.267159 0.151294 0.002861 0.264174 0.000072
0.013978 0.300070 0.266806 0.151246 0.002846 0.264978 0.000076
0.013847 0.298398 0.266562 0.151075 0.002872 0.267175 0.000071
0.013682 0.296354 0.267165 0.151181 0.002924 0.268617 0.000077
0.013522 0.297038 0.266647 0.151378 0.002916 0.268423 0.000076
0.013457 0.294259 0.267293 0.151430 0.002901 0.270588 0.000072
0.013771 0.294641 0.266569 0.150893 0.002950 0.271106 0.000070
0.013361 0.292429 0.267520 0.151267 0.002918 0.272431 0.000074
0.013578 0.292099 0.266826 0.151273 0.002922 0.273222 0.000079
0.013484 0.289519 0.267324 0.151671 0.002956 0.274968 0.000077
0.013180 0.288537 0.267200 0.151517 0.002988 0.276504 0.000074
0.013411 0.287442 0.266915 0.151395 0.003025 0.277732 0.000080
0.013775 0.288486 0.266692 0.150822 0.003024 0.277125 0.000075
0.013425 0.287130 0.266689 0.150900 0.002981 0.278795 0.000079
0.013343 0.286015 0.267016 0.151096 0.003008 0.279446 0.000076
0.013224 0.283212 0.267558 0.151513 0.002988 0.281419 0.000086
0.013546 0.283131 0.266908 0.151223 0.003017 0.282090 0.000085
0.013395 0.280548 0.267170 0.151289 0.003007 0.284513 0.000079
0.013488 0.280718 0.267226 0.151069 0.003031 0.284386 0.000082
0.013325 0.281314 0.266433 0.150743 0.003015 0.285093 0.000077
0.013219 0.277385 0.267541 0.151251 0.003057 0.287468 0.000079
0.013280 0.277167 0.267204 0.151088 0.003055 0.288124 0.000082
0.013408 0.277001 0.266507 0.150657 0.003134 0.289216 0.000075
0.013281 0.275482 0.266558 0.151155 0.003112 0.290329 0.000082
0.013601 0.276039 0.266357 0.150766 0.003085 0.290073 0.000080
0.013585 0.274260 0.266532 0.150923 0.003097 0.291520 0.000084
0.013601 0.273890 0.265961 0.150973 0.003116 0.292379 0.000080
0.013610 0.273563 0.265836 0.150473 0.003116 0.293321 0.000080
0.013598 0.270211 0.266941 0.150613 0.003128 0.295425 0.000083
0.013347 0.271042 0.266026 0.150672 0.003149 0.295683 0.000081
0.013460 0.270999 0.265606 0.150413 0.003182 0.296254 0.000085
0.013381 0.268694 0.266061 0.151035 0.003154 0.297593 0.000081
0.013813 0.267959 0.265877 0.150409 0.003172 0.298683 0.000089
0.013392 0.266335 0.266185 0.150449 0.003164 0.300389 0.000088
0.013588 0.265539 0.266016 0.150478 0.003226 0.301064 0.000089
0.013892 0.265222 0.265210 0.150204 0.003241 0.302151 0.000082
0.013547 0.263501 0.265886 0.150127 0.003238 0.303620 0.000081
0.013742 0.262459 0.265641 0.150168 0.003194 0.304709 0.000088
0.013535 0.261451 0.265656 0.150156 0.003229 0.305882 0.000091
0.013654 0.261139 0.265311 0.149882 0.003295 0.306629 0.000089
0.013525 0.261716 0.265366 0.149795 0.003271 0.306237 0.000090
0.013700 0.258299 0.265076 0.150095 0.003310 0.309430 0.000090
0.013587 0.257724 0.264915 0.150112 0.003306 0.310272 0.000085
0.013864 0.257390 0.265006 0.149973 0.003337 0.310337 0.000092
0.013878 0.256364 0.264656 0.149687 0.003335 0.311983 0.000096
0.013634 0.255689 0.264319 0.149672 0.003323 0.313272 0.000092
0.013697 0.252912 0.265030 0.149671 0.003345 0.315254 0.000091
0.013768 0.253623 0.264440 0.149573 0.003329 0.315173 0.000094
0.013514 0.253018 0.264114 0.149642 0.003337 0.316285 0.000090
0.013899 0.252653 0.264005 0.149586 0.003352 0.316415 0.000090
0.013839 0.250928 0.263717 0.149538 0.003302 0.318577 0.000100
0.013833 0.252289 0.263804 0.149466 0.003358 0.317155 0.000095
0.013733 0.249963 0.263677 0.149076 0.003332 0.320126 0.000092
0.013719 0.249750 0.262992 0.149083 0.003406 0.320941 0.000109
0.013694 0.247927 0.263330 0.149358 0.003368 0.322223 0.000099
0.013854 0.248125 0.262940 0.149134 0.003390 0.322464 0.000092
0.013905 0.246173 0.263418 0.149067 0.003427 0.323911 0.000099
0.013848 0.245772 0.263386 0.148853 0.003415 0.324628 0.000098
0.013898 0.245724 0.262896 0.148699 0.003423 0.325256 0.000104
0.013896 0.244073 0.263158 0.148769 0.003374 0.326631 0.000099
0.013949 0.242876 0.262635 0.148564 0.003442 0.328428 0.000105
0.013954 0.243033 0.262292 0.148665 0.003437 0.328523 0.000096
0.013941 0.240569 0.262541 0.148838 0.003465 0.330547 0.000099
0.014006 0.239126 0.262732 0.148710 0.003464 0.331871 0.000092
0.014003 0.239773 0.261766 0.148278 0.003446 0.332632 0.000101
0.013908 0.239506 0.261732 0.148130 0.003483 0.333141 0.000101
0.014211 0.239565 0.261434 0.148043 0.003475 0.333170 0.000102
0.014106 0.237558 0.261897 0.148445 0.003481 0.334414 0.000098
0.014173 0.237636 0.260886 0.148189 0.003525 0.335486 0.000105
0.014223 0.236845 0.260987 0.147947 0.003495 0.336395 0.000107
0.014015 0.235323 0.261441 0.147786 0.003508 0.337824 0.000102
0.014152 0.233949 0.260953 0.147889 0.003566 0.339392 0.000099
0.014214 0.235000 0.260614 0.147512 0.003521 0.339043 0.000096
0.014167 0.232554 0.260594 0.147689 0.003552 0.341346 0.000097
0.014295 0.232876 0.260443 0.147684 0.003553 0.341056 0.000093
0.014255 0.231469 0.260399 0.147261 0.003552 0.342966 0.000098
0.014302 0.231417 0.259702 0.147204 0.003572 0.343697 0.000106
0.014298 0.232272 0.259886 0.147231 0.003540 0.342669 0.000105
0.014417 0.228543 0.259591 0.147031 0.003642 0.346669 0.000107
0.014369 0.228407 0.259522 0.147000 0.003595 0.347004 0.000102
0.014573 0.228584 0.259198 0.146597 0.003642 0.347305 0.000101
0.014497 0.226525 0.259272 0.146790 0.003648 0.349159 0.000108
0.014463 0.225674 0.259157 0.146498 0.003682 0.350422 0.000104
0.014427 0.225182 0.258798 0.146207 0.003691 0.351592 0.000103
0.014435 0.225439 0.258602 0.146606 0.003649 0.351165 0.000104
0.014363 0.223822 0.258495 0.146074 0.003681 0.353465 0.000100
0.014510 0.223426 0.258573 0.146269 0.003710 0.353404 0.000108
0.014630 0.223079 0.258055 0.146041 0.003675 0.354410 0.000109
0.014760 0.223048 0.257911 0.146000 0.003699 0.354484 0.000098
0.014526 0.221324 0.258036 0.145949 0.003649 0.356413 0.000104
0.014767 0.220210 0.257391 0.145612 0.003722 0.358188 0.000109
0.014779 0.220435 0.257513 0.145481 0.003655 0.358025 0.000111
0.014877 0.220092 0.257149 0.145726 0.003700 0.358349 0.000107
0.014782 0.217664 0.257143 0.145527 0.003714 0.361059 0.000112
0.014894 0.218078 0.256467 0.144961 0.003733 0.361756 0.000111
0.015030 0.217208 0.256520 0.145007 0.003731 0.362392 0.000111
0.014969 0.218158 0.255899 0.144996 0.003692 0.362180 0.000106
0.015058 0.215734 0.256034 0.144949 0.003717 0.364406 0.000101
0.015043 0.215281 0.255836 0.144725 0.003766 0.365237 0.000112
0.014873 0.214648 0.255980 0.144653 0.003739 0.366002 0.000105
0.014876 0.213000 0.255790 0.144529 0.003747 0.367949 0.000110
0.015015 0.214063 0.255254 0.144459 0.003769 0.367324 0.000115
0.015050 0.212880 0.255001 0.144550 0.003747 0.368664 0.000108
0.014816 0.211470 0.254760 0.144141 0.003797 0.370907 0.000110
0.014964 0.211401 0.254721 0.143970 0.003810 0.371020 0.000113
0.015127 0.210373 0.254927 0.143881 0.003810 0.371764 0.000119
0.015125 0.210393 0.254127 0.143589 0.003808 0.372843 0.000117
0.015174 0.209883 0.254072 0.143845 0.003817 0.373096 0.000113
0.015129 0.208100 0.254235 0.143417 0.003840 0.375156 0.000123
0.015101 0.208783 0.253837 0.143225 0.003828 0.375112 0.000114
0.015112 0.207599 0.253437 0.143394 0.003831 0.376507 0.000119
0.015214 0.204845 0.253135 0.143294 0.003851 0.379540 0.000122
0.015369 0.205873 0.253237 0.142930 0.003812 0.378653 0.000126
0.015339 0.206620 0.252768 0.143008 0.003852 0.378300 0.000113
0.015215 0.204255 0.252415 0.142738 0.003856 0.381404 0.000118
0.015241 0.203669 0.252682 0.142612 0.003844 0.381837 0.000116
0.015444 0.203207 0.252638 0.142468 0.003858 0.382267 0.000118
0.015172 0.203334 0.252296 0.142334 0.003885 0.382865 0.000114
0.015652 0.202087 0.251833 0.142157 0.003949 0.384190 0.000131
0.015456 0.201262 0.251478 0.142359 0.003874 0.385452 0.000118
0.015614 0.200838 0.251336 0.142116 0.003946 0.386030 0.000119
0.015498 0.200468 0.251013 0.142015 0.003906 0.386982 0.000119
0.015763 0.200338 0.250969 0.141785 0.003913 0.387110 0.000122
0.015695 0.198521 0.250338 0.141755 0.003949 0.389626 0.000115
0.015676 0.199384 0.250202 0.141490 0.003936 0.389185 0.000126
0.015634 0.197797 0.250247 0.141712 0.003952 0.390530 0.000127
0.015753 0.197956 0.249918 0.141382 0.003951 0.390917 0.000124
0.015809 0.196293 0.249616 0.141005 0.003966 0.393185 0.000126
0.015715 0.195124 0.249649 0.141080 0.004021 0.394281 0.000129
0.016004 0.195685 0.249329 0.140885 0.003953 0.394020 0.000124
0.016000 0.194584 0.249012 0.140997 0.004024 0.395246 0.000136
0.015989 0.193912 0.248981 0.140823 0.004004 0.396169 0.000122
0.016043 0.192556 0.248659 0.140620 0.004043 0.397941 0.000139
0.016046 0.193195 0.248413 0.140302 0.004010 0.397904 0.000129
0.016003 0.192650 0.248476 0.140596 0.004034 0.398108 0.000133
0.016007 0.190919 0.247980 0.140335 0.004004 0.400621 0.000135
0.016176 0.191473 0.247462 0.140232 0.004034 0.400489 0.000135
0.016106 0.189427 0.247914 0.139867 0.004065 0.402494 0.000128
0.016120 0.189461 0.247573 0.139946 0.004097 0.402663 0.000140
0.016110 0.187997 0.247333 0.139544 0.004083 0.404795 0.000137
0.016395 0.188845 0.247190 0.139603 0.004054 0.403766 0.000146
0.016328 0.187594 0.246566 0.139850 0.004027 0.405498 0.000137
0.016087 0.186410 0.246292 0.139490 0.004115 0.407464 0.000141
0.016360 0.186577 0.246205 0.139282 0.004137 0.407288 0.000151
0.016217 0.186769 0.245915 0.139281 0.004044 0.407641 0.000133
0.016413 0.185953 0.245858 0.139338 0.004092 0.408211 0.000136
0.016281 0.185181 0.245272 0.138994 0.004073 0.410057 0.000142
0.016191 0.184855 0.245381 0.138896 0.004130 0.410413 0.000135
0.016435 0.184179 0.244660 0.138571 0.004132 0.411877 0.000145
0.016561 0.183089 0.244899 0.138458 0.004123 0.412730 0.000139
0.016575 0.183074 0.244281 0.138445 0.004137 0.413358 0.000130
0.016626 0.181593 0.244244 0.138195 0.004138 0.415063 0.000141
0.016688 0.181639 0.243540 0.138155 0.004104 0.415727 0.000148
0.016773 0.181963 0.244132 0.138021 0.004150 0.414813 0.000148
0.016766 0.180434 0.243081 0.137926 0.004107 0.417542 0.000143
0.016713 0.180917 0.243244 0.137822 0.004095 0.417075 0.000133
0.017001 0.179134 0.242639 0.137434 0.004232 0.419414 0.000146
0.016778 0.179291 0.242668 0.137593 0.004186 0.419336 0.000148
0.016885 0.178832 0.242606 0.136992 0.004190 0.420347 0.000147
0.016696 0.178358 0.242483 0.137277 0.004187 0.420853 0.000147
0.016626 0.178067 0.242299 0.137059 0.004232 0.421573 0.000143
0.016807 0.177028 0.241669 0.136872 0.004179 0.423299 0.000145
0.016857 0.176345 0.241667 0.136783 0.004192 0.424003 0.000153
0.016928 0.176524 0.241599 0.136477 0.004228 0.424092 0.000152
0.016862 0.176216 0.240928 0.136486 0.004228 0.425125 0.000155
0.017059 0.174197 0.240932 0.136146 0.004214 0.427304 0.000148
0.017243 0.174092 0.240898 0.136097 0.004232 0.427268 0.000171
0.017179 0.173506 0.240469 0.135935 0.004228 0.428517 0.000165
0.017100 0.173907 0.239872 0.136048 0.004280 0.428643 0.000149
0.017218 0.173950 0.239737 0.135803 0.004233 0.428911 0.000148
0.017348 0.172254 0.240098 0.135634 0.004277 0.430224 0.000165
0.017433 0.172105 0.238938 0.135061 0.004272 0.432026 0.000164
0.017365 0.171520 0.239292 0.135624 0.004257 0.431786 0.000157
0.017444 0.170448 0.238496 0.135201 0.004299 0.433957 0.000154
0.017578 0.170340 0.238481 0.134951 0.004349 0.434136 0.000165
0.017625 0.169978 0.238444 0.134886 0.004313 0.434596 0.000157
0.017242 0.170281 0.237800 0.134704 0.004355 0.435458 0.000160
0.017437 0.169194 0.237596 0.134729 0.004368 0.436509 0.000167
0.017462 0.168373 0.237507 0.134357 0.004296 0.437843 0.000162
0.017854 0.168723 0.236931 0.134384 0.004315 0.437626 0.000166
0.017613 0.168461 0.237109 0.133865 0.004350 0.438441 0.000160
0.017736 0.167571 0.236802 0.133995 0.004309 0.439417 0.000170
0.017790 0.166578 0.236350 0.134373 0.004366 0.440385 0.000158
0.017847 0.166326 0.235964 0.133677 0.004329 0.441692 0.000165
0.017907 0.165837 0.235733 0.133792 0.004387 0.442189 0.000154
0.017917 0.165493 0.235940 0.133658 0.004333 0.442498 0.000162
0.017843 0.164378 0.235236 0.133490 0.004413 0.444481 0.000160
0.018025 0.164721 0.234954 0.133544 0.004418 0.444176 0.000162
0.018044 0.163948 0.235001 0.133301 0.004419 0.445124 0.000163
0.018107 0.164204 0.234512 0.133218 0.004407 0.445382 0.000169
0.017966 0.163161 0.234192 0.132668 0.004369 0.447469 0.000175
0.018040 0.162228 0.234212 0.132812 0.004387 0.448159 0.000162
0.018134 0.162453 0.233328 0.132506 0.004369 0.449042 0.000168
0.018180 0.161229 0.233306 0.132136 0.004432 0.450551 0.000166
0.018051 0.161464 0.233159 0.131944 0.004380 0.450833 0.000170
0.018295 0.160809 0.232892 0.131862 0.004403 0.451582 0.000158
0.018207 0.160996 0.232901 0.132025 0.004417 0.451291 0.000163
0.018443 0.161507 0.232203 0.131471 0.004374 0.451830 0.000172
0.018426 0.158785 0.232263 0.131526 0.004434 0.454401 0.000166
0.018309 0.159355 0.231925 0.131368 0.004418 0.454463 0.000163
0.018525 0.158123 0.231376 0.131040 0.004469 0.456286 0.000180
0.018412 0.158358 0.231241 0.131120 0.004437 0.456255 0.000177
0.018386 0.158723 0.230898 0.130821 0.004419 0.456573 0.000181
0.018653 0.157110 0.230785 0.130634 0.004446 0.458191 0.000180
0.018784 0.156668 0.229938 0.130444 0.004426 0.459564 0.000175
0.018836 0.156150 0.230247 0.130227 0.004444 0.459911 0.000184
0.018713 0.155931 0.229920 0.130200 0.004491 0.460573 0.000172
0.018763 0.155303 0.229438 0.129976 0.004513 0.461833 0.000175
0.018815 0.155232 0.229197 0.130010 0.004491 0.462065 0.000190
0.019187 0.154685 0.229106 0.129612 0.004511 0.462723 0.000177
0.018899 0.153867 0.228683 0.129850 0.004445 0.464075 0.000180
0.019022 0.154066 0.228671 0.129533 0.004454 0.464072 0.000182
0.018939 0.154014 0.228253 0.129321 0.004461 0.464841 0.000171
0.019192 0.152842 0.228374 0.128939 0.004490 0.465974 0.000187
0.018986 0.153113 0.228159 0.129275 0.004466 0.465827 0.000175
0.019179 0.152260 0.227387 0.128652 0.004529 0.467817 0.000176
0.019143 0.151186 0.226471 0.128735 0.004549 0.469725 0.000191
0.019093 0.152023 0.226970 0.128576 0.004494 0.468655 0.000189
0.019294 0.151820 0.226733 0.128581 0.004532 0.468861 0.000179
0.019312 0.151479 0.226347 0.128304 0.004511 0.469859 0.000187
0.019518 0.150335 0.225943 0.127846 0.004563 0.471607 0.000190
0.019588 0.150122 0.226032 0.127950 0.004513 0.471601 0.000194
0.019528 0.149994 0.225365 0.127705 0.004529 0.472694 0.000185
0.019491 0.149194 0.225370 0.127238 0.004542 0.473978 0.000187
0.019671 0.148807 0.224958 0.127274 0.004562 0.474536 0.000192
0.019747 0.148565 0.224780 0.127396 0.004577 0.474733 0.000202
0.019837 0.148042 0.224826 0.127047 0.004571 0.475485 0.000192
0.019688 0.147986 0.224502 0.127032 0.004560 0.476031 0.000200
0.019806 0.147840 0.224132 0.126778 0.004582 0.476658 0.000205
0.019812 0.147162 0.223984 0.126839 0.004592 0.477402 0.000208
0.019751 0.147391 0.223846 0.126532 0.004606 0.477675 0.000200
0.019792 0.147090 0.223276 0.126297 0.004614 0.478712 0.000219
0.020021 0.145599 0.223181 0.126354 0.004635 0.480008 0.000201
0.019926 0.145488 0.222553 0.125870 0.004646 0.481309 0.000208
0.019983 0.145340 0.222270 0.125688 0.004661 0.481847 0.000210
0.019835 0.145245 0.222140 0.125688 0.004622 0.482266 0.000205
0.020087 0.145365 0.222267 0.125351 0.004624 0.482090 0.000215
0.020104 0.144623 0.221798 0.125058 0.004620 0.483591 0.000205
0.019862 0.144393 0.221686 0.125407 0.004587 0.483869 0.000197
0.020152 0.144525 0.221247 0.125272 0.004599 0.483995 0.000210
0.020202 0.142933 0.220989 0.124824 0.004662 0.486192 0.000199
0.020003 0.142622 0.220688 0.124485 0.004714 0.487280 0.000210
0.020163 0.142686 0.220191 0.124378 0.004629 0.487744 0.000210
0.020281 0.141911 0.220293 0.124582 0.004681 0.488041 0.000211
0.020360 0.141568 0.219287 0.124217 0.004689 0.489664 0.000215
0.020218 0.142499 0.219978 0.124249 0.004683 0.488150 0.000223
