0.999090 0.000889 0.000011 0.000010 0.000000 0.000000 0.000000
0.998659 0.001314 0.000016 0.000001 0.000001 0.000010 0.000000
0.998208 0.001747 0.000026 0.000008 0.000000 0.000011 0.000000
0.997750 0.002198 0.000032 0.000009 0.000000 0.000011 0.000000
0.997283 0.002655 0.000039 0.000010 0.000000 0.000012 0.000000
0.996803 0.003123 0.000045 0.000016 0.000000 0.000013 0.000000
0.996228 0.003684 0.000054 0.000021 0.000000 0.000013 0.000000
0.995699 0.004201 0.000064 0.000024 0.000000 0.000012 0.000000
0.994922 0.004953 0.000086 0.000027 0.000000 0.000012 0.000000
0.993991 0.005865 0.000102 0.000032 0.000000 0.000011 0.000000
0.993072 0.006775 0.000109 0.000033 0.000000 0.000010 0.000000
0.991622 0.008196 0.000125 0.000049 0.000000 0.000009 0.000000
0.989854 0.009918 0.000155 0.000064 0.000000 0.000008 0.000000
0.987845 0.011887 0.000188 0.000072 0.000000 0.000008 0.000000
0.985612 0.014067 0.000215 0.000097 0.000000 0.000009 0.000000
0.982710 0.016904 0.000254 0.000123 0.000000 0.000010 0.000000
0.980317 0.019262 0.000280 0.000133 0.000000 0.000008 0.000000
0.975938 0.023529 0.000361 0.000165 0.000000 0.000007 0.000000
0.971594 0.027755 0.000441 0.000203 0.000000 0.000006 0.000000
0.967433 0.031810 0.000504 0.000247 0.000000 0.000007 0.000000
0.962125 0.037013 0.000556 0.000296 0.000000 0.000010 0.000000
0.955014 0.043964 0.000652 0.000359 0.000000 0.000011 0.000000
0.949259 0.049578 0.000720 0.000431 0.000000 0.000012 0.000000
0.942631 0.056044 0.000831 0.000481 0.000000 0.000013 0.000000
0.933116 0.065412 0.000945 0.000514 0.000000 0.000013 0.000000
0.925515 0.072796 0.001069 0.000606 0.000000 0.000013 0.000000
0.915749 0.082300 0.001233 0.000692 0.000000 0.000026 0.000000
0.905574 0.092195 0.001411 0.000783 0.000000 0.000037 0.000000
0.894730 0.102656 0.001640 0.000932 0.000000 0.000042 0.000000
0.884139 0.112921 0.001842 0.001050 0.000000 0.000049 0.000000
0.871898 0.124788 0.002068 0.001194 0.000000 0.000051 0.000000
0.858139 0.138166 0.002327 0.001312 0.000000 0.000056 0.000000
0.845290 0.150576 0.002605 0.001471 0.000000 0.000057 0.000000
0.832159 0.163256 0.002913 0.001598 0.000000 0.000074 0.000000
0.820945 0.174034 0.003181 0.001747 0.000000 0.000093 0.000000
0.804648 0.189655 0.003606 0.001983 0.000000 0.000108 0.000000
0.790473 0.203271 0.003918 0.002208 0.000002 0.000128 0.000000
0.776198 0.216930 0.004291 0.002437 0.000002 0.000141 0.000000
0.761493 0.230978 0.004665 0.002708 0.000002 0.000154 0.000000
0.744845 0.246932 0.005088 0.002974 0.000002 0.000160 0.000000
0.730856 0.260235 0.005493 0.003234 0.000002 0.000181 0.000000
0.715183 0.275203 0.005919 0.003488 0.000002 0.000205 0.000000
0.700557 0.289072 0.006419 0.003724 0.000002 0.000225 0.000000
0.685635 0.303210 0.006925 0.003983 0.000003 0.000245 0.000000
0.670906 0.317165 0.007381 0.004290 0.000002 0.000255 0.000000
0.655618 0.331540 0.007938 0.004633 0.000003 0.000268 0.000000
0.641792 0.344557 0.008447 0.004917 0.000004 0.000282 0.000000
0.625548 0.359778 0.009076 0.005292 0.000004 0.000302 0.000000
0.610346 0.373855 0.009778 0.005681 0.000004 0.000337 0.000000
0.597191 0.385970 0.010414 0.006062 0.000004 0.000359 0.000000
0.585402 0.396877 0.010961 0.006360 0.000004 0.000396 0.000000
0.568194 0.412618 0.011839 0.006896 0.000005 0.000449 0.000000
0.558748 0.421180 0.012406 0.007177 0.000005 0.000483 0.000000
0.543923 0.434792 0.013175 0.007576 0.000007 0.000527 0.000000
0.530572 0.446953 0.013919 0.007976 0.000008 0.000571 0.000000
0.517686 0.458578 0.014671 0.008422 0.000008 0.000634 0.000000
0.504698 0.470198 0.015546 0.008861 0.000008 0.000689 0.000000
0.495666 0.478174 0.016175 0.009234 0.000010 0.000741 0.000000
0.486949 0.485891 0.016767 0.009582 0.000009 0.000802 0.000000
0.470843 0.500167 0.017880 0.010222 0.000010 0.000878 0.000000
0.461643 0.507987 0.018735 0.010697 0.000008 0.000930 0.000000
0.452759 0.515756 0.019443 0.011065 0.000010 0.000967 0.000000
0.439490 0.527452 0.020381 0.011610 0.000013 0.001054 0.000000
0.428979 0.536585 0.021201 0.012095 0.000013 0.001127 0.000000
0.420361 0.543723 0.022117 0.012595 0.000013 0.001191 0.000000
0.411347 0.551299 0.023028 0.013057 0.000014 0.001255 0.000000
0.402765 0.558394 0.023947 0.013539 0.000015 0.001340 0.000000
0.392134 0.567202 0.025072 0.014157 0.000016 0.001419 0.000000
0.383012 0.574736 0.025960 0.014746 0.000016 0.001530 0.000000
0.369942 0.585643 0.027258 0.015489 0.000018 0.001650 0.000000
0.363701 0.590505 0.028129 0.015910 0.000021 0.001734 0.000000
0.354575 0.597781 0.029198 0.016564 0.000022 0.001860 0.000000
0.345635 0.605160 0.030209 0.017024 0.000023 0.001949 0.000000
0.337500 0.611370 0.031316 0.017710 0.000025 0.002080 0.000000
0.329264 0.617542 0.032577 0.018364 0.000026 0.002227 0.000000
0.320833 0.624076 0.033700 0.019038 0.000028 0.002324 0.000000
0.314879 0.628200 0.034806 0.019622 0.000031 0.002463 0.000000
0.310346 0.631040 0.035800 0.020192 0.000030 0.002592 0.000000
0.301706 0.637654 0.037060 0.020786 0.000031 0.002763 0.000000
0.293982 0.642712 0.038612 0.021702 0.000034 0.002959 0.000000
0.291798 0.643499 0.039425 0.022165 0.000037 0.003076 0.000000
0.285423 0.647770 0.040681 0.022845 0.000037 0.003245 0.000000
0.277600 0.653068 0.042151 0.023728 0.000040 0.003413 0.000000
0.275983 0.653018 0.043140 0.024274 0.000043 0.003542 0.000000
0.273189 0.654070 0.044128 0.024878 0.000042 0.003694 0.000000
0.272578 0.653568 0.044799 0.025244 0.000042 0.003770 0.000000
0.265943 0.657308 0.046426 0.026249 0.000045 0.004029 0.000000
0.264443 0.657145 0.047418 0.026731 0.000044 0.004219 0.000000
0.258213 0.661595 0.048422 0.027366 0.000046 0.004357 0.000000
0.253486 0.663948 0.049828 0.028104 0.000050 0.004585 0.000000
0.250202 0.665673 0.050669 0.028658 0.000053 0.004746 0.000000
0.242358 0.669955 0.052695 0.029845 0.000058 0.005089 0.000000
0.240214 0.670614 0.053632 0.030221 0.000058 0.005260 0.000000
0.237472 0.671392 0.054722 0.030921 0.000060 0.005434 0.000000
0.231004 0.675574 0.056076 0.031635 0.000066 0.005646 0.000000
0.226442 0.677843 0.057356 0.032463 0.000068 0.005829 0.000000
0.224594 0.678064 0.058210 0.033017 0.000071 0.006044 0.000000
0.220100 0.679914 0.059720 0.033811 0.000074 0.006381 0.000000
0.213351 0.683968 0.061321 0.034620 0.000081 0.006659 0.000000
0.208288 0.686093 0.062927 0.035658 0.000084 0.006950 0.000000
0.202159 0.689752 0.064373 0.036417 0.000084 0.007215 0.000000
0.201589 0.687906 0.065654 0.037194 0.000091 0.007566 0.000000
0.196567 0.690704 0.066964 0.037834 0.000090 0.007841 0.000000
0.193754 0.691361 0.068168 0.038505 0.000098 0.008114 0.000000
0.189843 0.692606 0.069592 0.039424 0.000100 0.008437 0.000000
0.180157 0.698825 0.071667 0.040454 0.000100 0.008798 0.000000
0.180118 0.697362 0.072534 0.040866 0.000102 0.009017 0.000000
0.177156 0.697263 0.074104 0.041956 0.000103 0.009418 0.000000
0.170963 0.700470 0.075809 0.042836 0.000108 0.009814 0.000000
0.166190 0.702444 0.077312 0.043768 0.000116 0.010170 0.000000
0.160030 0.703838 0.080036 0.045197 0.000131 0.010769 0.000000
0.159363 0.704147 0.080253 0.045346 0.000128 0.010763 0.000000
0.158271 0.702825 0.081649 0.045977 0.000122 0.011156 0.000000
0.153637 0.703949 0.083479 0.047188 0.000139 0.011608 0.000000
0.146470 0.707070 0.085651 0.048520 0.000140 0.012149 0.000000
0.136228 0.714321 0.087343 0.049430 0.000137 0.012541 0.000000
0.136800 0.710042 0.089271 0.050646 0.000147 0.013094 0.000000
0.134884 0.711169 0.089689 0.050852 0.000152 0.013253 0.000000
0.129806 0.712580 0.091897 0.051914 0.000157 0.013647 0.000000
0.126947 0.711029 0.094181 0.053334 0.000160 0.014348 0.000000
0.123623 0.711687 0.095480 0.054293 0.000167 0.014751 0.000000
0.119710 0.712351 0.097350 0.055152 0.000170 0.015265 0.000000
0.115810 0.713003 0.099071 0.056229 0.000168 0.015718 0.000000
0.117439 0.709313 0.100087 0.056862 0.000176 0.016122 0.000000
0.113597 0.711104 0.101267 0.057423 0.000176 0.016433 0.000000
0.109280 0.711637 0.103264 0.058548 0.000190 0.017081 0.000000
0.105128 0.711480 0.105607 0.059861 0.000201 0.017723 0.000000
0.107708 0.708935 0.105550 0.059839 0.000199 0.017768 0.000000
0.104451 0.708085 0.107577 0.061238 0.000203 0.018446 0.000000
0.099921 0.708612 0.109694 0.062445 0.000215 0.019114 0.000000
0.098657 0.708375 0.110426 0.062905 0.000217 0.019421 0.000000
0.094878 0.707057 0.113215 0.064380 0.000223 0.020247 0.000000
0.095665 0.703892 0.114428 0.065047 0.000239 0.020728 0.000000
0.091226 0.705194 0.116100 0.065938 0.000246 0.021296 0.000000
0.088401 0.703930 0.118091 0.067260 0.000257 0.022062 0.000000
0.085095 0.704835 0.119444 0.067841 0.000263 0.022521 0.000000
0.084641 0.702365 0.121029 0.068648 0.000273 0.023043 0.000000
0.081883 0.700919 0.123221 0.069846 0.000288 0.023844 0.000000
0.077567 0.701756 0.124962 0.070847 0.000284 0.024584 0.000000
0.076390 0.700039 0.126416 0.071738 0.000288 0.025130 0.000000
0.076858 0.698899 0.126605 0.071931 0.000304 0.025403 0.000000
0.074727 0.697153 0.128693 0.072904 0.000314 0.026208 0.000000
0.071428 0.697618 0.130087 0.073835 0.000307 0.026726 0.000000
0.071512 0.693642 0.132043 0.074983 0.000321 0.027499 0.000000
0.065550 0.695847 0.134039 0.076058 0.000324 0.028181 0.000001
0.063740 0.694368 0.135717 0.076970 0.000336 0.028868 0.000001
0.063243 0.692943 0.136516 0.077641 0.000351 0.029305 0.000001
0.062191 0.691588 0.137852 0.078247 0.000352 0.029770 0.000001
0.058413 0.690217 0.140365 0.079779 0.000363 0.030862 0.000000
0.056974 0.689944 0.141242 0.080122 0.000368 0.031350 0.000001
0.057429 0.686121 0.142789 0.081157 0.000376 0.032127 0.000001
0.057597 0.684424 0.143485 0.081629 0.000366 0.032497 0.000002
0.054189 0.683625 0.145791 0.082656 0.000374 0.033364 0.000001
0.055840 0.680149 0.146492 0.083187 0.000382 0.033949 0.000001
0.052290 0.679738 0.148596 0.084174 0.000385 0.034815 0.000001
0.054016 0.676892 0.148836 0.084773 0.000406 0.035075 0.000001
0.054512 0.672712 0.150740 0.085676 0.000413 0.035946 0.000002
0.051648 0.671920 0.152739 0.086408 0.000428 0.036856 0.000001
0.051118 0.670443 0.153713 0.086992 0.000418 0.037313 0.000002
0.049300 0.667581 0.155710 0.088370 0.000444 0.038592 0.000002
0.050350 0.666535 0.155885 0.088203 0.000441 0.038584 0.000003
0.047635 0.666318 0.157090 0.089187 0.000438 0.039330 0.000002
0.047705 0.664416 0.157977 0.089491 0.000450 0.039959 0.000002
0.044076 0.663025 0.160320 0.090997 0.000466 0.041114 0.000002
0.042696 0.659920 0.162568 0.092290 0.000481 0.042041 0.000003
0.039890 0.659655 0.163871 0.093073 0.000493 0.043015 0.000003
0.038075 0.658202 0.165626 0.093975 0.000508 0.043611 0.000003
0.039695 0.653368 0.166852 0.094804 0.000518 0.044761 0.000003
0.038661 0.651854 0.168035 0.095500 0.000534 0.045414 0.000003
0.038695 0.651929 0.167955 0.095256 0.000522 0.045640 0.000002
0.037056 0.648967 0.170212 0.096457 0.000531 0.046774 0.000003
0.035725 0.647990 0.171178 0.097109 0.000545 0.047450 0.000003
0.034562 0.647532 0.171971 0.097438 0.000551 0.047944 0.000003
0.034628 0.645717 0.172671 0.097942 0.000553 0.048486 0.000003
0.032070 0.642257 0.175322 0.099668 0.000580 0.050100 0.000003
0.030456 0.641248 0.176827 0.100064 0.000593 0.050807 0.000004
0.031972 0.640085 0.176646 0.099856 0.000595 0.050842 0.000004
0.030991 0.636329 0.178685 0.101087 0.000611 0.052295 0.000003
0.029367 0.634935 0.180033 0.102010 0.000613 0.053039 0.000003
0.027911 0.631991 0.182138 0.103182 0.000623 0.054151 0.000003
0.027717 0.630525 0.182822 0.103577 0.000655 0.054700 0.000004
0.028071 0.628895 0.183060 0.103884 0.000647 0.055438 0.000004
0.026894 0.627331 0.184556 0.104506 0.000656 0.056053 0.000004
0.026170 0.624246 0.186055 0.105474 0.000683 0.057368 0.000003
0.031253 0.619285 0.185727 0.105365 0.000689 0.057676 0.000004
0.033260 0.615493 0.186551 0.105720 0.000677 0.058294 0.000004
0.032486 0.614005 0.187433 0.106199 0.000698 0.059173 0.000005
0.030230 0.612071 0.189227 0.107339 0.000705 0.060424 0.000004
0.033233 0.606822 0.190101 0.107779 0.000728 0.061332 0.000005
0.035092 0.605937 0.189549 0.107368 0.000734 0.061314 0.000005
0.032450 0.605095 0.191285 0.107931 0.000732 0.062501 0.000006
0.032631 0.602261 0.192268 0.108886 0.000752 0.063196 0.000007
0.032046 0.598740 0.193890 0.109857 0.000757 0.064703 0.000006
0.036926 0.596695 0.192528 0.109015 0.000773 0.064057 0.000006
0.034849 0.594337 0.194617 0.110065 0.000777 0.065350 0.000006
0.031304 0.593356 0.196514 0.111144 0.000784 0.066892 0.000006
0.031846 0.591960 0.196817 0.111282 0.000776 0.067313 0.000006
0.031059 0.590607 0.197722 0.111828 0.000789 0.067988 0.000006
0.031914 0.588778 0.198077 0.111809 0.000803 0.068612 0.000008
0.031348 0.586407 0.198856 0.112665 0.000810 0.069908 0.000006
0.029809 0.583990 0.200737 0.113438 0.000836 0.071184 0.000007
0.033542 0.580593 0.200454 0.113249 0.000842 0.071314 0.000005
0.032615 0.578819 0.201479 0.113755 0.000842 0.072483 0.000007
0.034893 0.576136 0.201526 0.113786 0.000848 0.072802 0.000008
0.034146 0.572776 0.203068 0.114757 0.000847 0.074400 0.000007
0.032372 0.573390 0.203589 0.115141 0.000880 0.074624 0.000006
0.036719 0.570330 0.202565 0.114631 0.000890 0.074858 0.000007
0.032229 0.568287 0.205634 0.116181 0.000884 0.076777 0.000007
0.035304 0.566195 0.204893 0.115855 0.000889 0.076857 0.000007
0.037057 0.562650 0.205239 0.116305 0.000896 0.077846 0.000007
0.034687 0.562829 0.206251 0.116713 0.000912 0.078602 0.000007
0.033525 0.560307 0.207853 0.117454 0.000920 0.079932 0.000008
0.031855 0.560010 0.208533 0.117908 0.000938 0.080747 0.000008
0.030996 0.557747 0.209778 0.118791 0.000941 0.081738 0.000008
0.029147 0.556694 0.211095 0.119345 0.000966 0.082746 0.000008
0.030571 0.555616 0.210516 0.119103 0.000956 0.083230 0.000009
0.029230 0.552762 0.212159 0.120149 0.000952 0.084739 0.000009
0.028724 0.553618 0.211809 0.120169 0.000952 0.084720 0.000007
0.028257 0.551099 0.212897 0.120543 0.000985 0.086210 0.000009
0.027049 0.549119 0.214422 0.121529 0.000996 0.086876 0.000009
0.026516 0.548523 0.214656 0.121603 0.000998 0.087695 0.000009
0.025629 0.546639 0.215690 0.122190 0.001023 0.088818 0.000011
0.024860 0.544224 0.216990 0.123011 0.001054 0.089852 0.000008
0.022083 0.542736 0.218726 0.123971 0.001045 0.091429 0.000010
0.023176 0.540074 0.219245 0.124108 0.001068 0.092319 0.000010
0.022294 0.539277 0.219814 0.124413 0.001061 0.093132 0.000009
0.022307 0.538126 0.220070 0.124580 0.001054 0.093854 0.000009
0.021647 0.537244 0.220592 0.124934 0.001079 0.094494 0.000010
0.020528 0.533686 0.222100 0.126033 0.001103 0.096541 0.000009
0.019818 0.531453 0.223317 0.126632 0.001089 0.097681 0.000010
0.019412 0.529258 0.224382 0.127135 0.001129 0.098676 0.000007
0.019642 0.529938 0.224065 0.126769 0.001108 0.098468 0.000009
0.019171 0.527131 0.225051 0.127400 0.001128 0.100109 0.000011
0.018559 0.524888 0.226135 0.128154 0.001146 0.101107 0.000010
0.018388 0.522326 0.226868 0.128656 0.001162 0.102587 0.000013
0.017906 0.520535 0.227771 0.129142 0.001148 0.103489 0.000009
0.017608 0.518993 0.228335 0.129571 0.001193 0.104290 0.000012
0.017433 0.517021 0.229121 0.129679 0.001216 0.105518 0.000013
0.016856 0.514329 0.230314 0.130404 0.001239 0.106845 0.000014
0.017322 0.514297 0.230038 0.130178 0.001216 0.106937 0.000013
0.016736 0.511811 0.230923 0.130922 0.001222 0.108375 0.000010
0.016546 0.508618 0.232062 0.131827 0.001247 0.109689 0.000011
0.016717 0.507221 0.232375 0.131993 0.001249 0.110434 0.000011
0.016824 0.506092 0.232496 0.131989 0.001272 0.111317 0.000010
0.016097 0.503912 0.233762 0.132421 0.001274 0.112522 0.000011
0.015904 0.501203 0.234757 0.133135 0.001287 0.113701 0.000013
0.016213 0.500092 0.234740 0.133210 0.001288 0.114446 0.000012
0.016155 0.498379 0.235322 0.133640 0.001318 0.115170 0.000016
0.015926 0.496786 0.235633 0.133843 0.001281 0.116515 0.000017
0.015911 0.495693 0.236235 0.133944 0.001300 0.116903 0.000014
0.015794 0.492655 0.237238 0.134633 0.001353 0.118312 0.000015
0.015355 0.488241 0.238636 0.135668 0.001395 0.120689 0.000016
0.015604 0.489066 0.238229 0.135318 0.001361 0.120406 0.000017
0.016880 0.487981 0.237800 0.135086 0.001359 0.120878 0.000016
0.023748 0.481746 0.237169 0.134492 0.001365 0.121461 0.000019
0.023011 0.479263 0.238646 0.135107 0.001391 0.122562 0.000019
0.025317 0.478724 0.237474 0.134549 0.001390 0.122527 0.000019
0.024826 0.476679 0.238102 0.135160 0.001397 0.123817 0.000019
0.027555 0.472699 0.238111 0.135033 0.001406 0.125180 0.000016
0.025267 0.472898 0.238888 0.135518 0.001412 0.125997 0.000021
0.026922 0.471331 0.238631 0.135405 0.001412 0.126281 0.000018
0.027953 0.466779 0.239357 0.135945 0.001444 0.128502 0.000021
0.026748 0.468519 0.239517 0.135577 0.001431 0.128187 0.000020
0.027924 0.466884 0.239107 0.135668 0.001459 0.128938 0.000019
0.024888 0.465759 0.240802 0.136496 0.001462 0.130575 0.000018
0.025815 0.464170 0.240761 0.136489 0.001495 0.131253 0.000017
0.024372 0.464388 0.240780 0.136673 0.001469 0.132300 0.000019
0.023626 0.461214 0.242381 0.137466 0.001502 0.133793 0.000018
0.021913 0.460560 0.242931 0.138082 0.001525 0.134967 0.000024
0.023956 0.458398 0.242535 0.137659 0.001492 0.135935 0.000024
0.020502 0.457634 0.244146 0.138832 0.001543 0.137320 0.000023
0.021322 0.455976 0.244201 0.138504 0.001584 0.138391 0.000022
0.022000 0.455824 0.243845 0.138263 0.001560 0.138483 0.000025
0.019984 0.454295 0.245115 0.138868 0.001565 0.140148 0.000026
0.021399 0.451718 0.244670 0.139011 0.001574 0.141602 0.000025
0.018780 0.450042 0.246790 0.139791 0.001613 0.142961 0.000023
0.019037 0.449481 0.246590 0.139567 0.001606 0.143695 0.000023
0.018266 0.448568 0.247098 0.139992 0.001626 0.144424 0.000026
0.018611 0.446135 0.247458 0.140206 0.001648 0.145921 0.000021
0.017353 0.444422 0.248577 0.140548 0.001651 0.147428 0.000022
0.016185 0.441876 0.249670 0.141681 0.001686 0.148876 0.000026
0.017143 0.442405 0.248929 0.141045 0.001671 0.148778 0.000027
0.016170 0.440037 0.249734 0.141645 0.001690 0.150696 0.000027
0.016272 0.437894 0.250101 0.141962 0.001732 0.152013 0.000026
0.016326 0.438588 0.249776 0.141842 0.001711 0.151733 0.000024
0.016431 0.436174 0.250574 0.141674 0.001708 0.153410 0.000029
0.015641 0.435185 0.250755 0.142233 0.001754 0.154402 0.000029
0.014711 0.431177 0.252710 0.143088 0.001735 0.156554 0.000025
0.015648 0.431317 0.251827 0.142715 0.001761 0.156706 0.000026
0.015465 0.429604 0.252158 0.142755 0.001739 0.158251 0.000028
0.015310 0.428258 0.252684 0.143161 0.001777 0.158786 0.000025
0.014782 0.426396 0.253186 0.143634 0.001793 0.160183 0.000027
0.014252 0.424295 0.254066 0.144016 0.001839 0.161504 0.000028
0.014483 0.422438 0.254192 0.144145 0.001830 0.162884 0.000028
0.014189 0.421624 0.254757 0.144520 0.001837 0.163045 0.000028
0.014148 0.419786 0.255066 0.144714 0.001829 0.164423 0.000034
0.013888 0.417488 0.255704 0.144906 0.001860 0.166124 0.000029
0.013745 0.415691 0.255969 0.145664 0.001873 0.167029 0.000030
0.013804 0.414626 0.256596 0.145546 0.001876 0.167521 0.000031
0.013935 0.412569 0.256605 0.145598 0.001891 0.169368 0.000033
0.014036 0.412705 0.256429 0.145506 0.001898 0.169391 0.000034
0.013815 0.410667 0.257145 0.145520 0.001931 0.170894 0.000029
0.013683 0.406980 0.257934 0.146305 0.001931 0.173133 0.000034
0.013540 0.406761 0.258015 0.146205 0.001977 0.173469 0.000032
0.013299 0.404074 0.258740 0.146851 0.001983 0.175019 0.000034
0.013467 0.405012 0.258465 0.146230 0.002006 0.174787 0.000033
0.013523 0.404440 0.258140 0.146321 0.001958 0.175588 0.000030
0.013609 0.401871 0.258749 0.146691 0.001992 0.177057 0.000031
0.013229 0.399043 0.259557 0.147325 0.001976 0.178837 0.000034
0.013282 0.398708 0.259778 0.147294 0.001995 0.178906 0.000037
0.013135 0.396067 0.260331 0.147593 0.002006 0.180832 0.000037
0.013150 0.395047 0.260697 0.147428 0.002044 0.181593 0.000041
0.013082 0.393720 0.260588 0.147848 0.002077 0.182650 0.000036
0.012880 0.391627 0.260980 0.147915 0.002059 0.184504 0.000035
0.012922 0.388838 0.261458 0.148399 0.002070 0.186275 0.000038
0.013243 0.389358 0.261287 0.147862 0.002085 0.186128 0.000037
0.012917 0.387688 0.261482 0.148449 0.002109 0.187322 0.000032
0.013001 0.387752 0.261719 0.148233 0.002100 0.187159 0.000035
0.012956 0.385799 0.261979 0.148301 0.002134 0.188793 0.000039
0.012802 0.382518 0.262088 0.149087 0.002168 0.191300 0.000037
0.012976 0.381470 0.262602 0.149118 0.002140 0.191660 0.000033
0.013080 0.380989 0.262749 0.148633 0.002183 0.192326 0.000040
0.012975 0.380258 0.262581 0.148934 0.002160 0.193049 0.000043
0.013020 0.377531 0.263341 0.149193 0.002208 0.194666 0.000041
0.012993 0.376342 0.263535 0.149301 0.002184 0.195599 0.000046
0.012968 0.374730 0.263681 0.149649 0.002186 0.196742 0.000043
0.012891 0.373072 0.263810 0.149683 0.002231 0.198272 0.000040
0.012869 0.372413 0.263898 0.149752 0.002215 0.198811 0.000042
0.012978 0.370579 0.264028 0.149881 0.002253 0.200233 0.000047
0.012903 0.369657 0.264261 0.149720 0.002267 0.201155 0.000037
0.012937 0.367163 0.264974 0.150003 0.002266 0.202615 0.000042
0.012720 0.366251 0.265133 0.150082 0.002268 0.203501 0.000046
0.012876 0.364715 0.265120 0.150016 0.002295 0.204935 0.000043
0.012829 0.364523 0.265018 0.150057 0.002328 0.205205 0.000041
0.012954 0.362995 0.265229 0.150086 0.002302 0.206389 0.000045
0.012798 0.363031 0.264660 0.150079 0.002322 0.207065 0.000045
0.012965 0.358551 0.265630 0.150764 0.002350 0.209697 0.000042
0.012924 0.360208 0.265209 0.150113 0.002320 0.209181 0.000043
0.012845 0.358682 0.265325 0.150406 0.002360 0.210337 0.000045
0.012847 0.356116 0.265720 0.150906 0.002391 0.211976 0.000042
0.012788 0.354865 0.266130 0.150614 0.002390 0.213172 0.000042
0.012803 0.353393 0.265975 0.150759 0.002417 0.214608 0.000044
0.012780 0.352506 0.266215 0.150903 0.002419 0.215130 0.000047
0.012607 0.351208 0.266267 0.151153 0.002429 0.216293 0.000042
0.019796 0.348261 0.264197 0.149834 0.002405 0.215458 0.000048
0.025580 0.346136 0.262223 0.148862 0.002411 0.214745 0.000042
0.024191 0.343765 0.262730 0.149279 0.002427 0.217561 0.000048
0.025402 0.344302 0.262444 0.148898 0.002420 0.216485 0.000048
0.027766 0.342972 0.261591 0.148336 0.002404 0.216881 0.000049
0.030836 0.342189 0.259946 0.147612 0.002438 0.216931 0.000048
0.028389 0.341976 0.260768 0.147966 0.002450 0.218403 0.000048
0.024525 0.340907 0.262475 0.148800 0.002443 0.220803 0.000047
0.025461 0.339666 0.261868 0.148784 0.002465 0.221705 0.000050
0.025149 0.339201 0.261932 0.148839 0.002448 0.222383 0.000049
0.026604 0.339285 0.261257 0.148119 0.002490 0.222197 0.000048
0.025269 0.337795 0.261589 0.148615 0.002488 0.224198 0.000044
0.022255 0.336256 0.263214 0.149099 0.002528 0.226605 0.000044
0.020859 0.336419 0.263435 0.149381 0.002521 0.227337 0.000049
0.022353 0.335611 0.262874 0.148948 0.002520 0.227649 0.000045
0.020150 0.335199 0.263708 0.149377 0.002518 0.228996 0.000053
0.021735 0.333826 0.262735 0.149253 0.002542 0.229861 0.000049
0.018816 0.332348 0.263972 0.149952 0.002575 0.232288 0.000050
0.018088 0.332726 0.264370 0.149947 0.002587 0.232233 0.000049
0.018707 0.330077 0.264361 0.149905 0.002611 0.234289 0.000049
0.017882 0.329345 0.264670 0.150140 0.002620 0.235291 0.000052
0.017995 0.328511 0.264428 0.150019 0.002610 0.236382 0.000055
0.018016 0.327323 0.264404 0.150039 0.002636 0.237529 0.000052
0.016238 0.326727 0.265216 0.150378 0.002625 0.238763 0.000053
0.016509 0.323955 0.265661 0.150443 0.002663 0.240714 0.000056
0.017229 0.325453 0.264508 0.149973 0.002662 0.240123 0.000052
0.015757 0.322405 0.265716 0.150835 0.002699 0.242536 0.000053
0.014298 0.320500 0.266832 0.151157 0.002708 0.244453 0.000052
0.014705 0.319135 0.266662 0.151396 0.002710 0.245335 0.000057
0.014204 0.316682 0.267488 0.151501 0.002737 0.247330 0.000057
0.014853 0.316852 0.266698 0.151210 0.002748 0.247578 0.000061
0.015363 0.318114 0.266119 0.150890 0.002713 0.246748 0.000054
0.014337 0.315269 0.267287 0.151287 0.002738 0.249029 0.000053
0.014983 0.314096 0.266252 0.150915 0.002736 0.250965 0.000053
0.014596 0.313860 0.266619 0.151182 0.002770 0.250920 0.000055
0.014764 0.311598 0.266705 0.151108 0.002782 0.252983 0.000060
0.014416 0.311040 0.266918 0.151124 0.002766 0.253686 0.000051
0.013906 0.309311 0.266906 0.151562 0.002792 0.255470 0.000052
0.014026 0.307588 0.267370 0.151876 0.002782 0.256304 0.000054
0.014099 0.307399 0.266889 0.151480 0.002798 0.257284 0.000051
0.013882 0.305649 0.267550 0.151801 0.002833 0.258231 0.000054
0.013508 0.304070 0.268076 0.151873 0.002833 0.259588 0.000052
0.013740 0.304720 0.267592 0.151571 0.002853 0.259471 0.000054
0.013516 0.301391 0.267780 0.151984 0.002861 0.262417 0.000051
0.013670 0.300456 0.267872 0.151640 0.002895 0.263405 0.000063
0.013574 0.299711 0.267986 0.151743 0.002894 0.264035 0.000056
0.013883 0.299223 0.267660 0.151679 0.002917 0.264581 0.000057
0.013827 0.298287 0.267586 0.151526 0.002913 0.265801 0.000060
0.013407 0.295896 0.268062 0.151979 0.002921 0.267676 0.000059
0.013752 0.296537 0.267649 0.151503 0.002889 0.267610 0.000060
0.013837 0.294706 0.267195 0.151590 0.002947 0.269662 0.000062
0.013626 0.294751 0.267902 0.151449 0.002948 0.269261 0.000063
0.013530 0.291163 0.268359 0.151731 0.002959 0.272193 0.000065
0.013537 0.291079 0.267820 0.151633 0.002962 0.272907 0.000061
0.013701 0.291778 0.267176 0.151494 0.002960 0.272834 0.000058
0.013620 0.290342 0.267330 0.151409 0.002947 0.274294 0.000058
0.013731 0.289481 0.267489 0.151406 0.002991 0.274836 0.000067
0.013554 0.287085 0.267605 0.151738 0.002991 0.276963 0.000063
0.013484 0.285766 0.267828 0.151663 0.003037 0.278159 0.000062
0.013681 0.285695 0.267444 0.151278 0.003015 0.278821 0.000065
0.013588 0.285569 0.267046 0.151286 0.003069 0.279378 0.000065
0.013595 0.284124 0.267149 0.151398 0.003029 0.280639 0.000066
0.013611 0.283944 0.266805 0.150904 0.003037 0.281633 0.000066
0.013503 0.280478 0.267613 0.151608 0.003106 0.283632 0.000059
0.013590 0.279669 0.267056 0.151380 0.003091 0.285150 0.000064
0.013515 0.279212 0.267138 0.151432 0.003105 0.285530 0.000066
0.013573 0.277403 0.267478 0.151547 0.003132 0.286804 0.000063
0.013871 0.277275 0.266768 0.151059 0.003143 0.287818 0.000067
0.013631 0.275356 0.267056 0.151556 0.003136 0.289197 0.000068
0.013610 0.275102 0.266997 0.151369 0.003116 0.289736 0.000069
0.013693 0.275302 0.266451 0.151566 0.003088 0.289839 0.000061
0.013611 0.275559 0.266438 0.150797 0.003120 0.290405 0.000069
0.013875 0.272697 0.266301 0.151289 0.003150 0.292621 0.000067
0.013800 0.271773 0.266007 0.151029 0.003191 0.294131 0.000069
0.013723 0.271768 0.266770 0.151071 0.003149 0.293452 0.000068
0.013500 0.269753 0.266351 0.150936 0.003176 0.296220 0.000066
0.015240 0.268735 0.265566 0.150881 0.003128 0.296376 0.000073
0.024231 0.265364 0.262903 0.149041 0.003133 0.295252 0.000076
0.028442 0.266744 0.260704 0.147954 0.003152 0.292936 0.000069
0.031000 0.265885 0.259754 0.147325 0.003121 0.292844 0.000071
0.029772 0.264499 0.260290 0.147571 0.003135 0.294659 0.000075
0.029904 0.265603 0.259384 0.147257 0.003116 0.294669 0.000066
0.031128 0.265299 0.258985 0.146657 0.003121 0.294742 0.000068
0.029962 0.264841 0.259278 0.146646 0.003185 0.296015 0.000071
0.034446 0.264786 0.256837 0.145469 0.003126 0.295260 0.000075
0.027489 0.265401 0.259111 0.146989 0.003197 0.297739 0.000074
0.025843 0.263818 0.259399 0.147412 0.003216 0.300236 0.000076
0.024322 0.262895 0.259895 0.147363 0.003242 0.302212 0.000071
0.023356 0.263606 0.260064 0.147275 0.003209 0.302413 0.000078
0.023250 0.263568 0.259726 0.147297 0.003254 0.302828 0.000076
0.024408 0.262146 0.259024 0.146861 0.003218 0.304267 0.000075
0.020805 0.260876 0.260344 0.147927 0.003274 0.306695 0.000079
0.020986 0.260091 0.260495 0.147672 0.003278 0.307401 0.000077
0.020659 0.259616 0.260121 0.147752 0.003258 0.308497 0.000096
0.020925 0.260432 0.259371 0.147359 0.003263 0.308563 0.000087
0.018142 0.256876 0.261545 0.148280 0.003258 0.311806 0.000092
0.018487 0.256424 0.260876 0.147974 0.003281 0.312869 0.000088
0.018690 0.256629 0.260297 0.147729 0.003281 0.313290 0.000085
0.020005 0.259099 0.258421 0.146890 0.003261 0.312238 0.000087
0.017193 0.253737 0.260799 0.147971 0.003310 0.316903 0.000088
0.016953 0.252817 0.260602 0.147974 0.003332 0.318232 0.000090
0.017194 0.253912 0.260264 0.147692 0.003358 0.317490 0.000091
0.016955 0.252423 0.260148 0.148165 0.003360 0.318856 0.000093
0.015909 0.248913 0.261039 0.148240 0.003357 0.322449 0.000092
0.015844 0.249860 0.260914 0.148053 0.003377 0.321860 0.000092
0.015933 0.248116 0.260699 0.148030 0.003370 0.323759 0.000093
0.015556 0.247835 0.260846 0.148259 0.003374 0.324035 0.000095
0.015681 0.245740 0.260177 0.147835 0.003401 0.327071 0.000095
0.015382 0.245119 0.260773 0.148068 0.003420 0.327142 0.000096
0.015952 0.244235 0.260155 0.147711 0.003469 0.328384 0.000095
0.014801 0.243588 0.261298 0.148057 0.003397 0.328761 0.000099
0.015179 0.242492 0.260452 0.147920 0.003418 0.330443 0.000096
0.015304 0.243012 0.260232 0.147583 0.003450 0.330322 0.000098
0.015142 0.240800 0.260179 0.147945 0.003486 0.332354 0.000094
0.015051 0.240467 0.260102 0.147607 0.003460 0.333217 0.000095
0.015122 0.240840 0.259580 0.147138 0.003469 0.333746 0.000105
0.014948 0.238660 0.259737 0.147348 0.003518 0.335690 0.000098
0.015134 0.238977 0.259220 0.146839 0.003488 0.336235 0.000107
0.015027 0.238115 0.259426 0.147073 0.003506 0.336746 0.000106
0.014630 0.234751 0.259852 0.147296 0.003523 0.339839 0.000109
0.015225 0.236716 0.258650 0.146632 0.003535 0.339131 0.000111
0.015027 0.235084 0.258706 0.147022 0.003540 0.340507 0.000114
0.014841 0.232586 0.259131 0.147081 0.003615 0.342646 0.000101
0.014832 0.233406 0.258848 0.146879 0.003535 0.342388 0.000112
0.014881 0.232284 0.258870 0.146649 0.003535 0.343683 0.000098
0.014647 0.230942 0.259292 0.146732 0.003584 0.344692 0.000110
0.014837 0.230380 0.258598 0.146688 0.003619 0.345760 0.000118
0.014575 0.229082 0.258587 0.146434 0.003608 0.347596 0.000118
0.014843 0.228661 0.258511 0.146338 0.003653 0.347876 0.000118
0.014793 0.226953 0.258717 0.146269 0.003624 0.349538 0.000106
0.014927 0.227678 0.257866 0.146149 0.003649 0.349622 0.000108
0.014710 0.224265 0.258263 0.146377 0.003622 0.352641 0.000122
0.014707 0.226067 0.257261 0.146434 0.003647 0.351768 0.000116
0.014721 0.224348 0.257653 0.145907 0.003635 0.353617 0.000120
0.014839 0.227174 0.256888 0.145589 0.003616 0.351783 0.000110
0.014709 0.223438 0.256995 0.145956 0.003650 0.355133 0.000119
0.015040 0.221719 0.256604 0.145689 0.003676 0.357154 0.000118
0.014885 0.222703 0.256377 0.145464 0.003703 0.356748 0.000119
0.014792 0.221864 0.256419 0.145661 0.003673 0.357477 0.000115
0.015048 0.220014 0.256281 0.145520 0.003651 0.359361 0.000124
0.015167 0.222167 0.256014 0.144903 0.003682 0.357944 0.000122
0.015185 0.220509 0.256101 0.144723 0.003620 0.359744 0.000118
0.015033 0.219790 0.255494 0.144780 0.003692 0.361097 0.000114
0.015125 0.218601 0.255496 0.144656 0.003669 0.362333 0.000121
0.015185 0.217632 0.255051 0.144774 0.003704 0.363531 0.000123
0.015027 0.216077 0.255768 0.144498 0.003706 0.364797 0.000127
0.015113 0.216698 0.254760 0.144618 0.003714 0.364972 0.000125
0.015123 0.215557 0.254688 0.144758 0.003713 0.366031 0.000130
0.015200 0.213196 0.254888 0.144352 0.003719 0.368516 0.000129
0.015005 0.213701 0.254857 0.144540 0.003758 0.368007 0.000132
0.015241 0.213097 0.254505 0.144277 0.003744 0.369002 0.000134
0.015317 0.212230 0.253957 0.144228 0.003765 0.370363 0.000140
0.015181 0.212757 0.254371 0.144127 0.003791 0.369640 0.000133
0.015282 0.210343 0.253998 0.143940 0.003776 0.372529 0.000133
0.015091 0.210329 0.253849 0.143843 0.003779 0.372977 0.000133
0.015216 0.208234 0.253531 0.143268 0.003781 0.375833 0.000137
0.015297 0.209053 0.253304 0.143503 0.003797 0.374909 0.000136
0.015671 0.207235 0.252967 0.143407 0.003862 0.376727 0.000131
0.015297 0.209284 0.252216 0.143060 0.003826 0.376185 0.000132
0.015565 0.208523 0.252276 0.142985 0.003844 0.376676 0.000132
0.015482 0.205393 0.252503 0.143117 0.003864 0.379503 0.000138
0.015544 0.206274 0.251990 0.142826 0.003850 0.379372 0.000142
0.015577 0.204269 0.251658 0.142741 0.003872 0.381745 0.000137
0.015449 0.203451 0.251996 0.143131 0.003904 0.381937 0.000133
0.015586 0.203260 0.251277 0.142461 0.003891 0.383382 0.000141
0.015491 0.202037 0.251434 0.142529 0.003893 0.384471 0.000145
0.015697 0.201354 0.251163 0.142437 0.003871 0.385343 0.000137
0.015522 0.201406 0.250674 0.142085 0.003888 0.386282 0.000142
0.015841 0.199888 0.250149 0.142278 0.003922 0.387784 0.000139
0.015729 0.199381 0.250250 0.142106 0.003878 0.388511 0.000144
0.015869 0.200231 0.250037 0.141900 0.003871 0.387948 0.000143
0.015722 0.198081 0.250058 0.141684 0.003943 0.390370 0.000141
0.016105 0.198206 0.249506 0.141376 0.003906 0.390768 0.000133
0.015942 0.198413 0.249317 0.141533 0.003946 0.390703 0.000145
0.015893 0.199106 0.248812 0.141249 0.003972 0.390822 0.000147
0.015968 0.197291 0.248642 0.141263 0.003962 0.392736 0.000138
0.016013 0.196759 0.248607 0.141175 0.003947 0.393356 0.000143
0.015932 0.194962 0.248301 0.141276 0.003986 0.395396 0.000147
0.016147 0.196014 0.247933 0.140973 0.003937 0.394849 0.000147
0.016269 0.193884 0.247870 0.140842 0.003955 0.397027 0.000154
0.016025 0.193527 0.247852 0.140882 0.003989 0.397579 0.000146
0.016051 0.193826 0.247529 0.140721 0.003967 0.397758 0.000147
0.016247 0.192158 0.247314 0.140500 0.004046 0.399589 0.000145
0.016163 0.191362 0.246914 0.140272 0.003997 0.401151 0.000140
0.016250 0.191560 0.246898 0.140018 0.004006 0.401116 0.000152
0.016245 0.190634 0.246355 0.139990 0.004025 0.402606 0.000145
0.016276 0.190422 0.246468 0.140042 0.004027 0.402615 0.000150
0.016368 0.189399 0.246285 0.140142 0.004043 0.403622 0.000141
0.016417 0.189450 0.245950 0.139542 0.004054 0.404439 0.000148
0.016645 0.188179 0.245160 0.139294 0.003993 0.406578 0.000151
0.016591 0.188624 0.245220 0.139158 0.004045 0.406221 0.000142
0.016452 0.187480 0.245260 0.138975 0.004080 0.407607 0.000145
0.016576 0.186310 0.245181 0.139280 0.004088 0.408428 0.000136
0.016630 0.185980 0.244912 0.139261 0.004130 0.408944 0.000144
0.016593 0.185896 0.244153 0.138927 0.004084 0.410193 0.000154
0.016651 0.185018 0.243996 0.138836 0.004128 0.411224 0.000147
0.016617 0.183757 0.243962 0.138717 0.004119 0.412685 0.000144
0.016629 0.183635 0.243847 0.138540 0.004137 0.413068 0.000144
0.016720 0.184701 0.243508 0.138439 0.004085 0.412395 0.000153
0.017158 0.183018 0.243271 0.138288 0.004182 0.413939 0.000145
0.016713 0.181709 0.243025 0.138128 0.004161 0.416105 0.000159
0.016685 0.180925 0.243242 0.138119 0.004185 0.416687 0.000157
0.016723 0.181886 0.242717 0.138107 0.004168 0.416257 0.000142
0.017106 0.181087 0.242519 0.137620 0.004136 0.417382 0.000150
0.016990 0.180265 0.242694 0.137845 0.004196 0.417852 0.000158
0.016662 0.179028 0.242233 0.137750 0.004182 0.419982 0.000163
0.017046 0.179808 0.241259 0.137287 0.004165 0.420280 0.000154
0.016770 0.178639 0.241350 0.137195 0.004248 0.421632 0.000165
0.016825 0.178134 0.240963 0.137133 0.004255 0.422533 0.000158
0.017055 0.176651 0.241352 0.136784 0.004313 0.423677 0.000168
0.017193 0.176478 0.240677 0.136811 0.004229 0.424447 0.000165
0.017151 0.175660 0.240413 0.136661 0.004211 0.425747 0.000157
0.017124 0.176500 0.240282 0.136614 0.004272 0.425049 0.000159
0.017333 0.175639 0.239955 0.136308 0.004252 0.426349 0.000164
0.017157 0.175708 0.239369 0.136157 0.004242 0.427212 0.000155
0.017283 0.174445 0.239617 0.136235 0.004213 0.428047 0.000160
0.017476 0.173046 0.239278 0.136155 0.004291 0.429589 0.000164
0.017313 0.173274 0.238804 0.135689 0.004308 0.430452 0.000161
0.017627 0.173283 0.238880 0.135578 0.004278 0.430198 0.000156
0.017476 0.172873 0.238729 0.135651 0.004312 0.430798 0.000161
0.017518 0.172379 0.237903 0.135409 0.004292 0.432341 0.000158
0.017519 0.171979 0.238009 0.134853 0.004301 0.433173 0.000167
0.017243 0.172320 0.237626 0.135152 0.004299 0.433196 0.000164
0.017415 0.170241 0.237432 0.134692 0.004295 0.435755 0.000170
0.017498 0.169570 0.237388 0.134756 0.004361 0.436261 0.000166
0.017591 0.169069 0.236895 0.134533 0.004369 0.437379 0.000164
0.017690 0.168633 0.236403 0.134279 0.004323 0.438504 0.000168
0.017586 0.169574 0.236437 0.134293 0.004300 0.437637 0.000172
0.017815 0.168570 0.236086 0.134066 0.004324 0.438971 0.000168
0.017785 0.167510 0.235721 0.133982 0.004325 0.440515 0.000163
0.017807 0.167807 0.235775 0.133656 0.004324 0.440464 0.000167
0.017927 0.166943 0.235571 0.133713 0.004345 0.441338 0.000163
0.017741 0.166541 0.235022 0.133429 0.004310 0.442786 0.000171
0.017891 0.165334 0.234382 0.133369 0.004313 0.444528 0.000183
0.017891 0.165209 0.234840 0.133334 0.004354 0.444210 0.000163
0.018196 0.164832 0.234152 0.132992 0.004428 0.445232 0.000168
0.017963 0.164488 0.233996 0.133069 0.004321 0.445990 0.000173
0.017821 0.165021 0.233561 0.132831 0.004410 0.446183 0.000174
0.018215 0.163415 0.233541 0.132761 0.004428 0.447474 0.000166
0.018213 0.162542 0.233222 0.132653 0.004422 0.448779 0.000170
0.018197 0.163248 0.233009 0.132551 0.004385 0.448422 0.000187
0.018221 0.162071 0.232419 0.132615 0.004404 0.450099 0.000170
0.018270 0.161683 0.232531 0.132065 0.004412 0.450863 0.000176
0.018283 0.161431 0.232364 0.131990 0.004409 0.451349 0.000174
0.018438 0.160404 0.232063 0.131846 0.004403 0.452659 0.000188
0.018351 0.159686 0.231764 0.131715 0.004386 0.453917 0.000181
0.018675 0.158800 0.231225 0.131466 0.004444 0.455206 0.000184
0.018684 0.159257 0.231198 0.131479 0.004398 0.454798 0.000186
0.018861 0.159249 0.230936 0.131053 0.004411 0.455306 0.000184
0.018445 0.158022 0.230602 0.131174 0.004427 0.457149 0.000181
0.018870 0.158175 0.230419 0.131059 0.004415 0.456881 0.000181
0.018695 0.157812 0.229952 0.130899 0.004461 0.457987 0.000194
0.019007 0.156833 0.229728 0.130343 0.004489 0.459408 0.000191
0.019113 0.156646 0.229731 0.130457 0.004426 0.459439 0.000188
0.018902 0.156719 0.229590 0.130239 0.004478 0.459880 0.000191
0.018691 0.155929 0.229259 0.130468 0.004490 0.460966 0.000197
0.018953 0.155059 0.228552 0.130352 0.004556 0.462341 0.000187
0.018830 0.155449 0.228406 0.130057 0.004500 0.462566 0.000192
0.018907 0.153173 0.227881 0.129547 0.004528 0.465766 0.000198
0.019125 0.152886 0.228006 0.129652 0.004525 0.465611 0.000194
0.019107 0.153983 0.227532 0.129445 0.004520 0.465219 0.000193
0.019282 0.153727 0.227311 0.129423 0.004500 0.465570 0.000186
0.018944 0.153100 0.227731 0.129131 0.004532 0.466373 0.000189
0.019276 0.152717 0.226400 0.129193 0.004495 0.467721 0.000198
0.019249 0.151977 0.226686 0.129063 0.004498 0.468326 0.000200
0.019535 0.151522 0.226127 0.129091 0.004541 0.468987 0.000197
0.019522 0.150867 0.226058 0.129017 0.004531 0.469803 0.000202
0.019180 0.151597 0.225634 0.128440 0.004567 0.470386 0.000197
0.019385 0.151078 0.225590 0.128546 0.004539 0.470665 0.000198
0.019327 0.150411 0.225123 0.128293 0.004557 0.472082 0.000207
0.019436 0.149822 0.224882 0.128133 0.004604 0.472921 0.000202
0.019411 0.149414 0.224477 0.128016 0.004530 0.473949 0.000204
0.019645 0.149102 0.224542 0.127713 0.004535 0.474258 0.000205
0.019608 0.149332 0.223886 0.127887 0.004573 0.474513 0.000202
0.019688 0.148180 0.223530 0.127775 0.004561 0.476062 0.000204
0.019894 0.147188 0.223422 0.127209 0.004489 0.477577 0.000221
0.019617 0.148304 0.223123 0.127393 0.004599 0.476759 0.000205
0.019724 0.147535 0.223017 0.127032 0.004572 0.477905 0.000216
0.019911 0.146725 0.223071 0.126858 0.004507 0.478705 0.000222
0.019883 0.146945 0.222863 0.126889 0.004550 0.478666 0.000203
0.019593 0.146230 0.222351 0.126762 0.004597 0.480255 0.000212
0.019764 0.145753 0.221996 0.126505 0.004512 0.481250 0.000219
0.019955 0.145353 0.222063 0.126442 0.004613 0.481371 0.000203
0.020091 0.144461 0.221417 0.126139 0.004562 0.483116 0.000214
0.019887 0.144820 0.221541 0.125945 0.004628 0.482965 0.000214
0.019842 0.145463 0.221422 0.126141 0.004648 0.482268 0.000216
0.019999 0.144806 0.220920 0.125709 0.004561 0.483788 0.000217
0.020063 0.143810 0.220289 0.125605 0.004583 0.485433 0.000217
0.020050 0.142639 0.220471 0.125145 0.004635 0.486836 0.000223
0.020365 0.141955 0.219704 0.125088 0.004570 0.488096 0.000222
