0.999103 0.000877 0.000012 0.000008 0.000000 0.000000 0.000000
0.998655 0.001315 0.000019 0.000002 0.000000 0.000009 0.000000
0.998212 0.001745 0.000026 0.000009 0.000000 0.000009 0.000000
0.997708 0.002238 0.000029 0.000013 0.000000 0.000011 0.000000
0.997214 0.002720 0.000035 0.000019 0.000000 0.000012 0.000000
0.996595 0.003331 0.000042 0.000020 0.000000 0.000011 0.000000
0.996087 0.003830 0.000049 0.000023 0.000000 0.000012 0.000000
0.995253 0.004654 0.000057 0.000025 0.000000 0.000011 0.000000
0.994422 0.005469 0.000065 0.000033 0.000000 0.000011 0.000000
0.993156 0.006730 0.000069 0.000036 0.000000 0.000010 0.000000
0.991611 0.008235 0.000093 0.000052 0.000000 0.000008 0.000000
0.990605 0.009213 0.000114 0.000059 0.000000 0.000009 0.000000
0.988156 0.011609 0.000143 0.000083 0.000000 0.000010 0.000000
0.985484 0.014252 0.000159 0.000096 0.000000 0.000008 0.000000
0.982227 0.017445 0.000191 0.000129 0.000000 0.000009 0.000000
0.979362 0.020213 0.000262 0.000154 0.000000 0.000009 0.000000
0.975592 0.023901 0.000339 0.000159 0.000000 0.000009 0.000000
0.971012 0.028371 0.000413 0.000195 0.000000 0.000008 0.000000
0.963958 0.035283 0.000517 0.000231 0.000000 0.000011 0.000000
0.957878 0.041188 0.000634 0.000289 0.000000 0.000011 0.000000
0.952434 0.046509 0.000695 0.000348 0.000000 0.000013 0.000000
0.942428 0.056275 0.000871 0.000412 0.000000 0.000014 0.000000
0.935385 0.063102 0.001013 0.000484 0.000000 0.000017 0.000000
0.924356 0.073885 0.001164 0.000572 0.000000 0.000023 0.000000
0.912816 0.085169 0.001307 0.000678 0.000000 0.000030 0.000000
0.902339 0.095381 0.001471 0.000771 0.000000 0.000038 0.000000
0.890284 0.107133 0.001645 0.000889 0.000000 0.000049 0.000000
0.878253 0.118828 0.001851 0.001009 0.000000 0.000058 0.000000
0.862903 0.133744 0.002121 0.001166 0.000000 0.000067 0.000000
0.848720 0.147479 0.002391 0.001330 0.000000 0.000081 0.000000
0.834312 0.161435 0.002678 0.001480 0.000000 0.000096 0.000000
0.819562 0.175712 0.002981 0.001646 0.000000 0.000100 0.000000
0.803750 0.190981 0.003346 0.001820 0.000000 0.000103 0.000000
0.787634 0.206462 0.003690 0.002096 0.000000 0.000118 0.000000
0.771884 0.221525 0.004107 0.002351 0.000000 0.000133 0.000000
0.757100 0.235686 0.004559 0.002514 0.000000 0.000140 0.000000
0.737935 0.254073 0.005035 0.002799 0.000000 0.000157 0.000000
0.722021 0.269277 0.005472 0.003052 0.000001 0.000177 0.000000
0.704761 0.285761 0.005943 0.003329 0.000002 0.000204 0.000000
0.691045 0.298752 0.006395 0.003590 0.000002 0.000217 0.000000
0.674863 0.314172 0.006837 0.003892 0.000001 0.000234 0.000000
0.659746 0.328466 0.007333 0.004195 0.000003 0.000257 0.000000
0.644254 0.343055 0.007906 0.004506 0.000003 0.000276 0.000000
0.628510 0.357847 0.008506 0.004828 0.000003 0.000305 0.000000
0.613210 0.372119 0.009138 0.005193 0.000003 0.000337 0.000000
0.601681 0.382705 0.009717 0.005546 0.000003 0.000347 0.000000
0.586935 0.396328 0.010406 0.005952 0.000004 0.000375 0.000000
0.573481 0.408747 0.011077 0.006291 0.000008 0.000396 0.000000
0.562016 0.419180 0.011708 0.006658 0.000008 0.000429 0.000000
0.551435 0.428780 0.012307 0.007010 0.000011 0.000458 0.000000
0.537410 0.441486 0.013131 0.007457 0.000013 0.000502 0.000000
0.526160 0.451691 0.013813 0.007792 0.000012 0.000532 0.000000
0.515713 0.461025 0.014495 0.008180 0.000013 0.000574 0.000000
0.505190 0.470442 0.015140 0.008583 0.000015 0.000631 0.000000
0.493885 0.480466 0.015973 0.008998 0.000015 0.000662 0.000000
0.483926 0.489168 0.016765 0.009406 0.000016 0.000718 0.000000
0.473657 0.498264 0.017525 0.009772 0.000015 0.000767 0.000000
0.464235 0.506384 0.018311 0.010233 0.000015 0.000823 0.000000
0.453226 0.515856 0.019250 0.010769 0.000016 0.000883 0.000000
0.446131 0.521805 0.019921 0.011202 0.000016 0.000925 0.000000
0.434596 0.531992 0.020747 0.011676 0.000017 0.000972 0.000000
0.427531 0.537935 0.021396 0.012067 0.000016 0.001055 0.000000
0.417127 0.546896 0.022277 0.012562 0.000017 0.001121 0.000000
0.405610 0.556618 0.023364 0.013173 0.000017 0.001217 0.000000
0.398157 0.562898 0.024046 0.013597 0.000016 0.001285 0.000000
0.390495 0.569033 0.024958 0.014128 0.000019 0.001366 0.000000
0.381453 0.576381 0.026003 0.014666 0.000021 0.001477 0.000000
0.374943 0.581452 0.026826 0.015215 0.000022 0.001541 0.000000
0.367449 0.587316 0.027837 0.015750 0.000022 0.001625 0.000000
0.356272 0.596419 0.029055 0.016459 0.000025 0.001771 0.000000
0.351662 0.599797 0.029803 0.016854 0.000025 0.001858 0.000000
0.344812 0.605216 0.030651 0.017354 0.000025 0.001942 0.000000
0.340290 0.607981 0.031659 0.017945 0.000027 0.002099 0.000000
0.330316 0.615856 0.032945 0.018648 0.000029 0.002207 0.000000
0.323289 0.620732 0.034155 0.019406 0.000031 0.002387 0.000000
0.318198 0.624267 0.035062 0.019937 0.000032 0.002504 0.000000
0.316131 0.624858 0.035941 0.020424 0.000036 0.002609 0.000000
0.310310 0.628759 0.037066 0.021095 0.000036 0.002734 0.000000
0.306479 0.630630 0.038236 0.021734 0.000039 0.002882 0.000000
0.295525 0.639179 0.039682 0.022511 0.000041 0.003063 0.000000
0.295644 0.638360 0.040090 0.022755 0.000039 0.003112 0.000000
0.289055 0.642338 0.041563 0.023661 0.000045 0.003338 0.000000
0.278386 0.649934 0.043394 0.024703 0.000049 0.003534 0.000000
0.284924 0.643654 0.043281 0.024547 0.000048 0.003546 0.000000
0.275105 0.651035 0.044630 0.025419 0.000048 0.003762 0.000000
0.267098 0.655967 0.046498 0.026364 0.000053 0.004020 0.000000
0.258963 0.661756 0.047847 0.027160 0.000055 0.004220 0.000000
0.254826 0.664193 0.048880 0.027675 0.000056 0.004369 0.000000
0.246657 0.669317 0.050659 0.028705 0.000059 0.004603 0.000000
0.242527 0.670990 0.052007 0.029528 0.000061 0.004886 0.000000
0.240829 0.671860 0.052487 0.029776 0.000063 0.004984 0.000000
0.235676 0.674676 0.053888 0.030490 0.000063 0.005208 0.000000
0.226915 0.680074 0.055720 0.031654 0.000069 0.005568 0.000000
0.218202 0.685607 0.057505 0.032753 0.000076 0.005857 0.000000
0.215851 0.686664 0.058170 0.033254 0.000081 0.005981 0.000000
0.210442 0.689111 0.059869 0.034187 0.000086 0.006305 0.000000
0.204040 0.692355 0.061641 0.035245 0.000088 0.006631 0.000000
0.198108 0.695173 0.063422 0.036251 0.000094 0.006952 0.000000
0.199689 0.692597 0.063968 0.036551 0.000093 0.007103 0.000000
0.195540 0.693758 0.065695 0.037471 0.000103 0.007433 0.000000
0.191055 0.695550 0.067218 0.038371 0.000105 0.007701 0.000000
0.182783 0.699994 0.069378 0.039564 0.000112 0.008170 0.000000
0.184116 0.697581 0.069958 0.039839 0.000107 0.008398 0.000000
0.185136 0.695505 0.070595 0.040122 0.000109 0.008534 0.000000
0.177427 0.699585 0.072654 0.041315 0.000110 0.008910 0.000000
0.174175 0.700043 0.074177 0.042192 0.000113 0.009301 0.000000
0.171234 0.700547 0.075455 0.043014 0.000116 0.009634 0.000000
0.168650 0.701020 0.076593 0.043692 0.000123 0.009922 0.000000
0.168636 0.698447 0.078061 0.044503 0.000130 0.010223 0.000000
0.165334 0.699719 0.079123 0.045136 0.000127 0.010561 0.000000
0.162518 0.699401 0.080977 0.046013 0.000133 0.010959 0.000000
0.162091 0.696534 0.082793 0.046994 0.000137 0.011450 0.000000
0.159020 0.697002 0.084082 0.047980 0.000141 0.011776 0.000000
0.159016 0.695254 0.085041 0.048520 0.000144 0.012025 0.000000
0.152967 0.697919 0.087014 0.049521 0.000154 0.012424 0.000000
0.156844 0.693278 0.087255 0.049722 0.000156 0.012745 0.000000
0.149052 0.696794 0.089622 0.051062 0.000160 0.013309 0.000000
0.149131 0.694802 0.090694 0.051586 0.000162 0.013625 0.000000
0.148825 0.693529 0.091473 0.052092 0.000158 0.013923 0.000000
0.139749 0.698015 0.094142 0.053398 0.000173 0.014523 0.000000
0.143100 0.693764 0.094479 0.053754 0.000173 0.014730 0.000000
0.136898 0.695972 0.096712 0.054907 0.000181 0.015330 0.000000
0.132358 0.697766 0.098201 0.055780 0.000190 0.015705 0.000000
0.128696 0.698363 0.099869 0.056647 0.000198 0.016227 0.000000
0.123970 0.699207 0.101918 0.057923 0.000203 0.016779 0.000000
0.119282 0.700882 0.103651 0.058704 0.000208 0.017274 0.000000
0.118456 0.699135 0.104961 0.059423 0.000211 0.017814 0.000000
0.113022 0.701012 0.106759 0.060640 0.000214 0.018352 0.000001
0.107296 0.703211 0.108626 0.061741 0.000219 0.018906 0.000001
0.110313 0.699576 0.108965 0.061776 0.000216 0.019154 0.000001
0.110164 0.697896 0.109696 0.062392 0.000222 0.019629 0.000001
0.102532 0.701122 0.112314 0.063632 0.000231 0.020167 0.000001
0.097994 0.700456 0.115150 0.065073 0.000251 0.021076 0.000001
0.103120 0.695641 0.114830 0.064914 0.000243 0.021251 0.000001
0.094025 0.699308 0.117738 0.066587 0.000252 0.022089 0.000001
0.095367 0.695293 0.119123 0.067312 0.000261 0.022643 0.000001
0.096427 0.692147 0.120070 0.068091 0.000265 0.022999 0.000000
0.091441 0.693117 0.122251 0.069251 0.000266 0.023674 0.000001
0.093515 0.690273 0.122553 0.069434 0.000266 0.023958 0.000001
0.087431 0.691084 0.125314 0.070904 0.000291 0.024975 0.000001
0.086639 0.688456 0.127119 0.071963 0.000283 0.025539 0.000001
0.088556 0.684928 0.127548 0.072507 0.000304 0.026158 0.000001
0.087320 0.684674 0.128535 0.072725 0.000311 0.026434 0.000001
0.082247 0.683471 0.131888 0.074510 0.000324 0.027559 0.000001
0.080732 0.684455 0.131957 0.074747 0.000326 0.027782 0.000001
0.075433 0.685061 0.134478 0.076236 0.000338 0.028453 0.000000
0.075472 0.683887 0.134898 0.076432 0.000341 0.028968 0.000001
0.073042 0.681764 0.137193 0.077743 0.000358 0.029899 0.000002
0.065028 0.685134 0.139773 0.079066 0.000356 0.030641 0.000003
0.067376 0.680485 0.140729 0.079675 0.000355 0.031378 0.000003
0.063061 0.682618 0.141858 0.080461 0.000372 0.031627 0.000004
0.061665 0.680696 0.143225 0.081415 0.000385 0.032611 0.000004
0.057809 0.681696 0.144911 0.082117 0.000381 0.033080 0.000005
0.056176 0.678856 0.147143 0.083276 0.000391 0.034154 0.000005
0.051644 0.678703 0.149495 0.084759 0.000411 0.034983 0.000005
0.048240 0.678227 0.151415 0.085830 0.000416 0.035866 0.000005
0.049679 0.677718 0.150831 0.085497 0.000411 0.035860 0.000004
0.046600 0.675007 0.153537 0.087267 0.000414 0.037169 0.000005
0.044989 0.675008 0.154487 0.087473 0.000433 0.037604 0.000006
0.041402 0.672518 0.157534 0.089157 0.000442 0.038940 0.000006
0.040421 0.671370 0.158365 0.090049 0.000456 0.039334 0.000004
0.039467 0.669301 0.159643 0.090839 0.000484 0.040261 0.000005
0.041226 0.666281 0.160287 0.091039 0.000487 0.040674 0.000006
0.040838 0.661368 0.162894 0.092430 0.000489 0.041976 0.000005
0.044260 0.656358 0.163453 0.092835 0.000495 0.042594 0.000005
0.047716 0.652708 0.163418 0.092795 0.000495 0.042863 0.000005
0.053560 0.646778 0.163484 0.092604 0.000505 0.043064 0.000005
0.049140 0.645957 0.165854 0.094213 0.000515 0.044316 0.000005
0.053991 0.642163 0.165233 0.093773 0.000514 0.044321 0.000005
0.047546 0.642204 0.168403 0.095514 0.000539 0.045791 0.000005
0.048523 0.641458 0.168198 0.095297 0.000543 0.045974 0.000006
0.051534 0.634097 0.169947 0.096572 0.000576 0.047268 0.000006
0.052897 0.633754 0.169395 0.096194 0.000557 0.047199 0.000004
0.051223 0.631974 0.171211 0.097029 0.000581 0.047977 0.000005
0.053562 0.629388 0.170965 0.097102 0.000583 0.048396 0.000005
0.048653 0.630359 0.172956 0.098178 0.000586 0.049262 0.000005
0.052412 0.623763 0.174021 0.098808 0.000612 0.050379 0.000006
0.055743 0.619299 0.174270 0.098888 0.000620 0.051175 0.000005
0.051200 0.622082 0.175232 0.099312 0.000609 0.051558 0.000006
0.051014 0.619456 0.176430 0.099990 0.000617 0.052488 0.000005
0.049039 0.618081 0.177723 0.100948 0.000623 0.053580 0.000006
0.049034 0.618395 0.177678 0.100713 0.000649 0.053527 0.000005
0.042712 0.616909 0.181438 0.103022 0.000646 0.055268 0.000005
0.043900 0.613770 0.182125 0.103313 0.000679 0.056208 0.000006
0.043433 0.614756 0.181790 0.103183 0.000671 0.056162 0.000004
0.040298 0.611895 0.184635 0.104672 0.000698 0.057795 0.000008
0.037090 0.612208 0.185775 0.105594 0.000687 0.058643 0.000003
0.036923 0.609041 0.187407 0.106336 0.000700 0.059589 0.000004
0.036401 0.608848 0.187689 0.106263 0.000705 0.060089 0.000005
0.033152 0.606691 0.190266 0.107634 0.000719 0.061532 0.000006
0.034083 0.606195 0.189859 0.107494 0.000709 0.061656 0.000005
0.031900 0.603349 0.192010 0.108742 0.000738 0.063256 0.000005
0.031524 0.604664 0.191531 0.108565 0.000717 0.062994 0.000005
0.029345 0.600309 0.194405 0.110103 0.000757 0.065076 0.000006
0.028507 0.598934 0.195351 0.110703 0.000755 0.065746 0.000004
0.027457 0.597991 0.196379 0.111108 0.000750 0.066311 0.000005
0.028226 0.595124 0.197084 0.111318 0.000773 0.067469 0.000005
0.026416 0.593671 0.198429 0.112335 0.000775 0.068368 0.000005
0.023721 0.591885 0.200511 0.113464 0.000793 0.069621 0.000004
0.024204 0.590348 0.200738 0.113712 0.000789 0.070204 0.000005
0.023750 0.588295 0.201962 0.114094 0.000808 0.071084 0.000007
0.023333 0.586456 0.202345 0.115049 0.000821 0.071990 0.000006
0.021288 0.584201 0.204455 0.115951 0.000857 0.073243 0.000005
0.021426 0.581288 0.205565 0.116466 0.000862 0.074388 0.000005
0.020750 0.579444 0.206548 0.117269 0.000858 0.075125 0.000006
0.021615 0.577963 0.206426 0.117219 0.000897 0.075874 0.000005
0.019428 0.574751 0.208837 0.118643 0.000898 0.077438 0.000005
0.020370 0.573298 0.208997 0.118404 0.000912 0.078012 0.000005
0.019716 0.572528 0.209396 0.118983 0.000914 0.078458 0.000004
0.018830 0.569590 0.211258 0.119661 0.000919 0.079736 0.000006
0.019105 0.568051 0.211414 0.120223 0.000932 0.080269 0.000006
0.018392 0.566503 0.212449 0.120672 0.000956 0.081023 0.000006
0.018178 0.563220 0.213655 0.121342 0.000968 0.082632 0.000006
0.018222 0.560671 0.214685 0.121748 0.000978 0.083692 0.000006
0.017675 0.559890 0.215227 0.122123 0.000965 0.084114 0.000006
0.017652 0.556678 0.216268 0.122826 0.000988 0.085583 0.000005
0.017403 0.555705 0.216588 0.123181 0.000986 0.086131 0.000007
0.017448 0.554026 0.217314 0.123234 0.001020 0.086954 0.000004
0.016908 0.550752 0.218415 0.124370 0.001011 0.088538 0.000006
0.017143 0.551365 0.218207 0.123866 0.001027 0.088385 0.000007
0.016607 0.548786 0.219466 0.124359 0.001031 0.089744 0.000006
0.016896 0.546634 0.219882 0.124992 0.001043 0.090545 0.000009
0.015903 0.542164 0.222310 0.126114 0.001044 0.092456 0.000009
0.016093 0.540843 0.222313 0.126349 0.001055 0.093338 0.000009
0.016170 0.539281 0.222687 0.126800 0.001090 0.093964 0.000008
0.015780 0.537601 0.223575 0.127267 0.001091 0.094674 0.000011
0.015801 0.535587 0.224351 0.127348 0.001093 0.095812 0.000008
0.015104 0.532216 0.225895 0.128388 0.001112 0.097275 0.000010
0.015128 0.529751 0.226666 0.128795 0.001127 0.098523 0.000010
0.015349 0.530115 0.226101 0.128713 0.001139 0.098574 0.000009
0.015040 0.527091 0.227386 0.129478 0.001134 0.099863 0.000009
0.014790 0.525764 0.228051 0.129586 0.001157 0.100645 0.000006
0.014454 0.521098 0.229639 0.130778 0.001164 0.102857 0.000009
0.014626 0.521069 0.229854 0.130458 0.001172 0.102816 0.000005
0.014684 0.519908 0.229620 0.130784 0.001188 0.103807 0.000009
0.014543 0.517245 0.230600 0.131335 0.001222 0.105047 0.000008
0.014058 0.513766 0.232238 0.132194 0.001241 0.106494 0.000009
0.014136 0.513491 0.232167 0.132056 0.001218 0.106924 0.000007
0.014247 0.511947 0.232657 0.132366 0.001237 0.107536 0.000010
0.014064 0.510004 0.233323 0.132603 0.001275 0.108721 0.000008
0.014031 0.506827 0.234349 0.133392 0.001263 0.110129 0.000008
0.013930 0.506820 0.234031 0.133335 0.001259 0.110618 0.000006
0.013818 0.504347 0.234986 0.133739 0.001299 0.111803 0.000008
0.013642 0.501185 0.236287 0.134333 0.001281 0.113263 0.000009
0.013621 0.499016 0.236729 0.134607 0.001324 0.114692 0.000011
0.013580 0.498006 0.237087 0.134690 0.001324 0.115300 0.000013
0.013496 0.496201 0.237578 0.135022 0.001349 0.116345 0.000009
0.013577 0.494562 0.238003 0.135467 0.001374 0.117006 0.000012
0.013439 0.492855 0.238394 0.135927 0.001368 0.118005 0.000010
0.013426 0.492110 0.238749 0.135726 0.001376 0.118600 0.000013
0.013298 0.490360 0.239174 0.136281 0.001400 0.119476 0.000011
0.013306 0.486355 0.240423 0.136948 0.001425 0.121532 0.000012
0.013079 0.484572 0.241176 0.137407 0.001418 0.122337 0.000011
0.013254 0.484187 0.240998 0.137173 0.001433 0.122944 0.000012
0.013131 0.482206 0.241739 0.137425 0.001432 0.124054 0.000013
0.012958 0.481224 0.241942 0.137892 0.001445 0.124526 0.000013
0.012909 0.479518 0.242471 0.137948 0.001443 0.125695 0.000015
0.012953 0.477332 0.243119 0.138045 0.001459 0.127079 0.000012
0.012910 0.475828 0.243147 0.138739 0.001480 0.127885 0.000012
0.012910 0.472832 0.244398 0.139028 0.001483 0.129338 0.000012
0.012896 0.472044 0.244585 0.138920 0.001512 0.130029 0.000013
0.012800 0.470272 0.244849 0.139416 0.001474 0.131175 0.000015
0.012659 0.467461 0.245779 0.140089 0.001529 0.132470 0.000013
0.012607 0.465568 0.246015 0.140497 0.001534 0.133768 0.000011
0.012480 0.463494 0.246867 0.140370 0.001559 0.135217 0.000013
0.012589 0.461960 0.247082 0.140494 0.001579 0.136280 0.000016
0.012625 0.461468 0.247175 0.140661 0.001571 0.136484 0.000016
0.012505 0.459777 0.247684 0.140861 0.001574 0.137583 0.000016
0.012590 0.458516 0.247900 0.140923 0.001582 0.138472 0.000018
0.012708 0.457132 0.248258 0.141198 0.001609 0.139081 0.000014
0.012512 0.454105 0.249057 0.141826 0.001666 0.140816 0.000018
0.012270 0.451609 0.249853 0.142217 0.001621 0.142415 0.000016
0.012290 0.452752 0.249734 0.141973 0.001617 0.141618 0.000016
0.012250 0.449053 0.250661 0.142123 0.001651 0.144246 0.000016
0.012239 0.447335 0.250922 0.142694 0.001680 0.145113 0.000018
0.012256 0.446953 0.250955 0.142861 0.001641 0.145317 0.000017
0.012306 0.444514 0.251389 0.143160 0.001676 0.146940 0.000015
0.012197 0.442194 0.251951 0.143513 0.001709 0.148421 0.000016
0.012095 0.441742 0.252469 0.143210 0.001690 0.148778 0.000017
0.012051 0.438497 0.253243 0.143908 0.001697 0.150589 0.000015
0.012170 0.438271 0.252951 0.143725 0.001712 0.151151 0.000020
0.012080 0.434723 0.254029 0.144272 0.001748 0.153131 0.000018
0.011942 0.434234 0.254018 0.144386 0.001741 0.153664 0.000017
0.011956 0.431745 0.254488 0.144971 0.001753 0.155070 0.000017
0.011973 0.432208 0.254485 0.144588 0.001765 0.154964 0.000017
0.011961 0.432053 0.254037 0.144684 0.001757 0.155487 0.000020
0.012002 0.429768 0.254809 0.144927 0.001785 0.156690 0.000019
0.011929 0.425947 0.255594 0.145371 0.001819 0.159318 0.000022
0.011857 0.426169 0.255660 0.145434 0.001800 0.159061 0.000018
0.011753 0.423463 0.256550 0.145716 0.001822 0.160678 0.000018
0.011870 0.422236 0.256429 0.146098 0.001843 0.161505 0.000020
0.011703 0.420747 0.256721 0.146248 0.001845 0.162715 0.000021
0.011698 0.418814 0.257131 0.146429 0.001815 0.164097 0.000017
0.011843 0.417003 0.257502 0.146706 0.001873 0.165050 0.000023
0.011683 0.417252 0.257306 0.146398 0.001894 0.165448 0.000019
0.011796 0.416190 0.257381 0.146437 0.001867 0.166309 0.000020
0.011892 0.411725 0.258687 0.147121 0.001947 0.168604 0.000024
0.011761 0.412633 0.258205 0.146810 0.001879 0.168689 0.000022
0.011674 0.410248 0.258896 0.147264 0.001896 0.170004 0.000019
0.011706 0.408116 0.259143 0.147436 0.001943 0.171633 0.000022
0.011651 0.406641 0.259630 0.147600 0.001930 0.172524 0.000024
0.011626 0.405449 0.259903 0.147687 0.001949 0.173363 0.000023
0.011571 0.403265 0.260036 0.148289 0.001960 0.174859 0.000019
0.011566 0.400693 0.260874 0.148224 0.002017 0.176605 0.000022
0.011581 0.400931 0.260611 0.148327 0.001965 0.176563 0.000023
0.011604 0.399316 0.261081 0.148438 0.001981 0.177555 0.000024
0.011621 0.398792 0.260923 0.148442 0.001997 0.178202 0.000024
0.011558 0.396856 0.261493 0.148744 0.001979 0.179343 0.000026
0.011562 0.395124 0.261838 0.148755 0.002039 0.180656 0.000027
0.011615 0.393959 0.261896 0.148918 0.002033 0.181556 0.000023
0.011586 0.391512 0.262193 0.149262 0.002035 0.183386 0.000027
0.011564 0.391261 0.262255 0.149276 0.002049 0.183570 0.000026
0.011590 0.389198 0.262805 0.149289 0.002090 0.185000 0.000028
0.011462 0.387891 0.262752 0.149487 0.002063 0.186320 0.000025
0.011539 0.385554 0.263324 0.149688 0.002108 0.187760 0.000028
0.011411 0.383982 0.263544 0.150139 0.002074 0.188820 0.000029
0.011425 0.383420 0.263847 0.150176 0.002113 0.188990 0.000029
0.011540 0.382713 0.263537 0.150035 0.002127 0.190019 0.000030
0.011453 0.381197 0.263956 0.150419 0.002164 0.190782 0.000029
0.011477 0.378408 0.264283 0.150440 0.002155 0.193211 0.000026
0.011508 0.378521 0.263987 0.150399 0.002141 0.193415 0.000030
0.011368 0.376449 0.264772 0.150554 0.002188 0.194635 0.000034
0.011525 0.374191 0.265167 0.150683 0.002173 0.196228 0.000033
0.011567 0.373615 0.265072 0.150658 0.002196 0.196860 0.000031
0.011505 0.372533 0.265258 0.150699 0.002238 0.197737 0.000030
0.011379 0.370809 0.265391 0.150939 0.002186 0.199263 0.000033
0.011355 0.369789 0.265787 0.150947 0.002200 0.199893 0.000029
0.011538 0.368135 0.265825 0.151042 0.002235 0.201187 0.000037
0.011580 0.365783 0.266173 0.151075 0.002243 0.203114 0.000033
0.011519 0.365459 0.266431 0.151059 0.002248 0.203250 0.000034
0.011647 0.365420 0.265604 0.151285 0.002255 0.203755 0.000034
0.011545 0.363519 0.265915 0.151404 0.002280 0.205304 0.000032
0.011449 0.361022 0.266705 0.151716 0.002317 0.206754 0.000036
0.011492 0.360804 0.266555 0.151378 0.002286 0.207450 0.000036
0.011547 0.358193 0.266860 0.151628 0.002300 0.209440 0.000032
0.011416 0.357483 0.266701 0.151840 0.002346 0.210177 0.000036
0.011513 0.356502 0.267138 0.151379 0.002359 0.211068 0.000041
0.011496 0.354100 0.267292 0.151780 0.002350 0.212943 0.000039
0.011595 0.353128 0.267571 0.151834 0.002383 0.213454 0.000034
0.011536 0.353693 0.267020 0.151585 0.002347 0.213782 0.000037
0.011540 0.351776 0.267383 0.151788 0.002376 0.215097 0.000039
0.011439 0.351478 0.267125 0.151928 0.002383 0.215611 0.000037
0.011572 0.348838 0.267538 0.151804 0.002393 0.217811 0.000043
0.011436 0.347784 0.267793 0.152457 0.002433 0.218060 0.000037
0.011430 0.345297 0.268057 0.152366 0.002424 0.220390 0.000036
0.011458 0.345720 0.267739 0.152061 0.002424 0.220561 0.000037
0.011477 0.344132 0.268086 0.152157 0.002446 0.221665 0.000037
0.011391 0.342205 0.268243 0.152296 0.002426 0.223399 0.000038
0.011555 0.341880 0.268101 0.152522 0.002445 0.223457 0.000039
0.011534 0.340123 0.268216 0.152564 0.002471 0.225056 0.000035
0.011547 0.339351 0.268319 0.152540 0.002465 0.225740 0.000038
0.011381 0.337923 0.268318 0.152588 0.002499 0.227254 0.000036
0.011489 0.336199 0.268391 0.152484 0.002534 0.228865 0.000039
0.011490 0.336145 0.268077 0.152412 0.002517 0.229317 0.000042
0.011592 0.333859 0.268325 0.152922 0.002554 0.230708 0.000039
0.011424 0.333503 0.268682 0.152386 0.002553 0.231410 0.000041
0.011422 0.331464 0.268608 0.152651 0.002566 0.233246 0.000041
0.011677 0.330010 0.268522 0.152822 0.002595 0.234334 0.000041
0.011629 0.330704 0.268449 0.152835 0.002586 0.233756 0.000040
0.011541 0.326931 0.268726 0.153199 0.002605 0.236959 0.000038
0.011517 0.326525 0.268547 0.153002 0.002600 0.237764 0.000045
0.011551 0.326537 0.268823 0.152635 0.002567 0.237839 0.000047
0.011545 0.324915 0.268617 0.153095 0.002606 0.239181 0.000041
0.011699 0.324215 0.268645 0.152686 0.002639 0.240076 0.000041
0.011674 0.321999 0.268979 0.152777 0.002666 0.241861 0.000042
0.011537 0.321683 0.269146 0.152732 0.002673 0.242183 0.000047
0.011570 0.320409 0.268681 0.153216 0.002656 0.243421 0.000047
0.011711 0.318258 0.269213 0.152765 0.002747 0.245254 0.000051
0.011753 0.317726 0.269028 0.153040 0.002669 0.245739 0.000044
0.011862 0.316257 0.268790 0.153104 0.002705 0.247233 0.000048
0.011574 0.315340 0.269142 0.153184 0.002704 0.248010 0.000048
0.011761 0.313893 0.269176 0.153086 0.002734 0.249302 0.000047
0.011711 0.314316 0.268852 0.153107 0.002771 0.249192 0.000050
0.011705 0.313389 0.269008 0.152885 0.002731 0.250234 0.000048
0.011915 0.312029 0.269075 0.152933 0.002784 0.251212 0.000052
0.011685 0.308960 0.269471 0.153198 0.002786 0.253849 0.000051
0.011724 0.309128 0.268903 0.153139 0.002781 0.254274 0.000051
0.011778 0.308124 0.268829 0.152909 0.002781 0.255531 0.000046
0.011754 0.306508 0.268995 0.153195 0.002813 0.256681 0.000054
0.011734 0.306017 0.269040 0.152926 0.002781 0.257449 0.000054
0.011758 0.304714 0.268901 0.153150 0.002815 0.258608 0.000055
0.011895 0.303502 0.269139 0.152864 0.002838 0.259707 0.000056
0.011874 0.301963 0.269168 0.152836 0.002884 0.261228 0.000046
0.011922 0.301833 0.268562 0.153105 0.002871 0.261656 0.000051
0.011965 0.300949 0.268873 0.153018 0.002845 0.262295 0.000056
0.011946 0.299229 0.268798 0.153244 0.002905 0.263820 0.000057
0.011995 0.297866 0.268810 0.152764 0.002885 0.265623 0.000057
0.011921 0.297463 0.268535 0.152960 0.002891 0.266172 0.000058
0.012007 0.296749 0.268671 0.153122 0.002863 0.266536 0.000051
0.011981 0.295402 0.268314 0.152899 0.002910 0.268435 0.000059
0.012004 0.293790 0.268746 0.152731 0.002959 0.269717 0.000052
0.012061 0.294537 0.268437 0.152850 0.002887 0.269173 0.000055
0.011918 0.292274 0.268656 0.152807 0.002914 0.271379 0.000051
0.012072 0.291598 0.268582 0.152768 0.002917 0.272013 0.000051
0.011940 0.290813 0.268235 0.153053 0.002986 0.272918 0.000056
0.011991 0.289448 0.268409 0.152886 0.002958 0.274252 0.000056
0.012003 0.288415 0.268415 0.152708 0.003019 0.275385 0.000056
0.012067 0.287212 0.268230 0.152600 0.002975 0.276857 0.000060
0.012200 0.286376 0.268206 0.152413 0.003029 0.277719 0.000057
0.011871 0.285149 0.268455 0.152483 0.003033 0.278954 0.000055
0.012102 0.284595 0.268312 0.152657 0.003042 0.279235 0.000057
0.012012 0.284587 0.267853 0.152449 0.003048 0.279988 0.000064
0.012132 0.282518 0.268123 0.152481 0.003028 0.281656 0.000063
0.012068 0.281998 0.268121 0.152464 0.003030 0.282259 0.000060
0.012182 0.280619 0.267729 0.152498 0.003072 0.283842 0.000058
0.012009 0.279044 0.267548 0.152505 0.003166 0.285673 0.000055
0.012224 0.278968 0.267716 0.152235 0.003077 0.285719 0.000062
0.012052 0.277252 0.267882 0.152386 0.003102 0.287265 0.000060
0.012355 0.276660 0.267358 0.152274 0.003119 0.288171 0.000063
0.012030 0.274910 0.267542 0.152337 0.003177 0.289944 0.000060
0.012262 0.274265 0.267361 0.152230 0.003127 0.290687 0.000067
0.012310 0.273266 0.267328 0.152050 0.003164 0.291818 0.000063
0.012303 0.272521 0.267096 0.151994 0.003164 0.292855 0.000067
0.012225 0.270996 0.267153 0.152060 0.003206 0.294296 0.000064
0.012300 0.271046 0.267274 0.151782 0.003186 0.294353 0.000059
0.012465 0.270574 0.267020 0.151863 0.003251 0.294766 0.000060
0.012439 0.269058 0.267019 0.151915 0.003217 0.296282 0.000071
0.012368 0.267831 0.266930 0.151732 0.003199 0.297869 0.000071
0.012326 0.267631 0.267037 0.151507 0.003197 0.298238 0.000065
0.012543 0.266232 0.266819 0.151494 0.003246 0.299606 0.000060
0.012468 0.265129 0.266749 0.151394 0.003240 0.300948 0.000071
0.012448 0.265513 0.266335 0.151485 0.003238 0.300916 0.000065
0.012475 0.263761 0.266165 0.151480 0.003257 0.302790 0.000071
0.012516 0.262184 0.266095 0.151534 0.003280 0.304325 0.000066
0.012547 0.262045 0.266024 0.151425 0.003268 0.304622 0.000068
0.012641 0.261188 0.266057 0.151217 0.003268 0.305560 0.000069
0.012475 0.260886 0.265653 0.150921 0.003258 0.306729 0.000077
0.012681 0.259586 0.265556 0.150939 0.003319 0.307847 0.000072
0.012692 0.258509 0.265645 0.151038 0.003293 0.308759 0.000064
0.012553 0.258146 0.265654 0.150742 0.003297 0.309541 0.000068
0.012807 0.255500 0.264946 0.150709 0.003321 0.312650 0.000066
0.012695 0.256086 0.265018 0.151013 0.003318 0.311800 0.000070
0.012819 0.255080 0.264930 0.150780 0.003335 0.312990 0.000066
0.012917 0.254604 0.265160 0.150648 0.003357 0.313244 0.000071
0.012796 0.253318 0.264546 0.150787 0.003350 0.315129 0.000074
0.012622 0.252014 0.264971 0.150573 0.003429 0.316312 0.000080
0.012764 0.251465 0.264403 0.150665 0.003377 0.317256 0.000071
0.012816 0.250473 0.264442 0.150354 0.003413 0.318425 0.000078
0.012850 0.250100 0.264053 0.150497 0.003408 0.319020 0.000071
0.012839 0.248238 0.264136 0.150275 0.003416 0.321019 0.000077
0.012828 0.248481 0.263746 0.149962 0.003384 0.321519 0.000079
0.013044 0.246443 0.263799 0.150185 0.003441 0.323009 0.000080
0.012911 0.246868 0.263932 0.150005 0.003383 0.322824 0.000077
0.012893 0.246002 0.263558 0.149922 0.003418 0.324124 0.000082
0.012949 0.244992 0.263645 0.149844 0.003484 0.325009 0.000077
0.013063 0.244839 0.263293 0.149838 0.003445 0.325435 0.000087
0.013116 0.242931 0.263091 0.149789 0.003453 0.327533 0.000088
0.013041 0.242007 0.263303 0.149416 0.003451 0.328708 0.000076
0.013139 0.240597 0.262745 0.149568 0.003502 0.330372 0.000078
0.013195 0.241213 0.262728 0.149550 0.003482 0.329748 0.000083
0.012884 0.240061 0.262457 0.149195 0.003499 0.331819 0.000084
0.013085 0.238662 0.262656 0.148999 0.003507 0.333013 0.000078
0.013190 0.238098 0.262107 0.149274 0.003537 0.333710 0.000083
0.013176 0.237466 0.262091 0.149093 0.003517 0.334575 0.000082
0.013291 0.237162 0.261963 0.149034 0.003543 0.334919 0.000089
0.013208 0.235916 0.261931 0.148839 0.003541 0.336476 0.000089
0.013278 0.235154 0.261612 0.148799 0.003573 0.337498 0.000086
0.013479 0.234053 0.261359 0.148747 0.003586 0.338687 0.000089
0.013311 0.233248 0.261510 0.148714 0.003597 0.339530 0.000089
0.013303 0.233006 0.261680 0.148584 0.003569 0.339768 0.000089
0.013188 0.232073 0.260899 0.148859 0.003587 0.341308 0.000087
0.013321 0.231796 0.260879 0.148520 0.003627 0.341767 0.000089
0.013499 0.230143 0.260493 0.148325 0.003676 0.343773 0.000091
0.013447 0.229898 0.260610 0.148401 0.003604 0.343951 0.000090
0.013525 0.228698 0.260565 0.148365 0.003589 0.345170 0.000089
0.013561 0.228348 0.260465 0.148207 0.003668 0.345667 0.000083
0.013517 0.227773 0.259928 0.147741 0.003687 0.347259 0.000095
0.013481 0.227027 0.259997 0.147996 0.003664 0.347739 0.000095
0.013497 0.226659 0.259904 0.148060 0.003655 0.348138 0.000086
0.013471 0.225374 0.259274 0.147863 0.003696 0.350236 0.000087
0.013475 0.225360 0.259599 0.147838 0.003661 0.349977 0.000089
0.013614 0.224414 0.259303 0.147653 0.003687 0.351232 0.000097
0.013656 0.223352 0.258981 0.147310 0.003709 0.352900 0.000091
0.013503 0.222821 0.258968 0.147531 0.003700 0.353386 0.000091
0.013588 0.222153 0.258868 0.147160 0.003754 0.354387 0.000091
0.013835 0.220689 0.258717 0.147094 0.003770 0.355801 0.000095
0.013619 0.220560 0.258061 0.147327 0.003747 0.356589 0.000097
0.013733 0.219784 0.258259 0.146862 0.003786 0.357476 0.000100
0.013817 0.218772 0.258292 0.146783 0.003777 0.358467 0.000092
0.013861 0.218025 0.257521 0.146802 0.003775 0.359925 0.000091
0.013794 0.218059 0.257278 0.146811 0.003721 0.360236 0.000101
0.013804 0.216632 0.257293 0.146817 0.003767 0.361595 0.000091
0.013861 0.216020 0.256987 0.146500 0.003792 0.362739 0.000100
0.013851 0.216463 0.256972 0.146362 0.003749 0.362500 0.000103
0.013986 0.214441 0.256753 0.146284 0.003751 0.364682 0.000103
0.013898 0.213874 0.256395 0.146296 0.003750 0.365687 0.000101
0.013986 0.213479 0.256378 0.146059 0.003787 0.366209 0.000101
0.013998 0.212729 0.256142 0.145863 0.003839 0.367317 0.000112
0.014030 0.213264 0.255866 0.145836 0.003817 0.367079 0.000108
0.014176 0.211935 0.255805 0.145756 0.003847 0.368373 0.000107
0.014137 0.211716 0.255463 0.145687 0.003843 0.369045 0.000110
0.014113 0.210251 0.255516 0.145430 0.003864 0.370720 0.000105
0.014200 0.209934 0.255747 0.145245 0.003838 0.370934 0.000103
0.014394 0.209273 0.255122 0.145189 0.003808 0.372107 0.000106
0.014352 0.208590 0.254573 0.145112 0.003853 0.373412 0.000108
0.014330 0.207422 0.254559 0.145121 0.003847 0.374616 0.000106
0.014270 0.207279 0.254706 0.145173 0.003879 0.374587 0.000106
0.014370 0.206650 0.254346 0.144762 0.003916 0.375840 0.000116
0.014423 0.204925 0.253653 0.144577 0.003927 0.378384 0.000111
0.014440 0.205050 0.253709 0.144434 0.003903 0.378347 0.000117
0.014441 0.203784 0.253015 0.144188 0.003867 0.380600 0.000106
0.014283 0.204173 0.253290 0.144192 0.003982 0.379962 0.000118
0.014536 0.202530 0.253056 0.144218 0.003927 0.381627 0.000105
0.014562 0.202080 0.252345 0.144290 0.003963 0.382643 0.000117
0.014620 0.202028 0.252451 0.143880 0.003940 0.382975 0.000108
0.014578 0.201074 0.252625 0.143824 0.003942 0.383848 0.000110
0.014674 0.200491 0.252240 0.143311 0.004026 0.385154 0.000104
0.014752 0.199866 0.252108 0.143338 0.003987 0.385845 0.000104
0.014496 0.198669 0.251587 0.143165 0.004014 0.387961 0.000108
0.014651 0.198696 0.251736 0.142990 0.003984 0.387824 0.000120
0.014943 0.197628 0.251039 0.142909 0.003962 0.389406 0.000114
0.014968 0.197699 0.250869 0.143177 0.003978 0.389202 0.000108
0.014765 0.196140 0.250606 0.142971 0.003995 0.391412 0.000112
0.014803 0.196262 0.250653 0.142499 0.004002 0.391680 0.000101
0.015022 0.195665 0.250009 0.142407 0.004008 0.392776 0.000112
0.014893 0.195483 0.250346 0.142496 0.004003 0.392671 0.000108
0.014924 0.193803 0.249434 0.142290 0.004097 0.395338 0.000114
0.015070 0.194077 0.249203 0.142207 0.003998 0.395333 0.000112
0.015032 0.193467 0.249142 0.142207 0.004057 0.395978 0.000117
0.015222 0.192423 0.248959 0.141795 0.004026 0.397461 0.000114
0.015340 0.192270 0.248638 0.141643 0.004046 0.397944 0.000118
0.015127 0.191922 0.248298 0.141740 0.004111 0.398682 0.000121
0.015232 0.191163 0.248305 0.141553 0.004070 0.399551 0.000125
0.015378 0.191026 0.248387 0.141329 0.004067 0.399697 0.000116
0.015396 0.189749 0.247882 0.141384 0.004049 0.401422 0.000119
0.015176 0.189610 0.247985 0.141107 0.004139 0.401868 0.000115
0.015298 0.189044 0.247339 0.140989 0.004149 0.403065 0.000115
0.015567 0.188579 0.246971 0.140891 0.004110 0.403759 0.000123
0.015337 0.187856 0.246627 0.141017 0.004117 0.404933 0.000112
0.015432 0.187148 0.246722 0.140703 0.004146 0.405730 0.000118
0.015451 0.187278 0.246776 0.140709 0.004149 0.405520 0.000117
0.015473 0.186119 0.246169 0.140598 0.004187 0.407343 0.000112
0.015512 0.185310 0.245839 0.140256 0.004206 0.408747 0.000130
0.015644 0.185053 0.245874 0.139918 0.004179 0.409198 0.000135
0.015699 0.184293 0.245312 0.139578 0.004183 0.410814 0.000120
0.015798 0.183775 0.245427 0.139663 0.004165 0.411045 0.000128
0.015807 0.183285 0.245300 0.139423 0.004158 0.411890 0.000137
0.015617 0.182853 0.244409 0.139639 0.004227 0.413124 0.000130
0.015765 0.181992 0.244390 0.139249 0.004200 0.414273 0.000130
0.015977 0.181046 0.243651 0.139036 0.004202 0.415961 0.000128
0.015889 0.180901 0.244123 0.138821 0.004167 0.415960 0.000139
0.015957 0.180702 0.244006 0.138739 0.004210 0.416250 0.000136
0.015949 0.179784 0.243301 0.138504 0.004215 0.418112 0.000136
0.015991 0.179226 0.243230 0.138336 0.004190 0.418901 0.000125
0.015769 0.178718 0.242887 0.138353 0.004266 0.419872 0.000135
0.015854 0.178533 0.242477 0.138192 0.004290 0.420524 0.000130
0.016063 0.177679 0.242055 0.138000 0.004225 0.421838 0.000140
0.016100 0.177654 0.242347 0.137842 0.004237 0.421683 0.000136
0.016116 0.176172 0.242197 0.137387 0.004237 0.423754 0.000136
0.016201 0.176536 0.241991 0.137592 0.004226 0.423320 0.000134
0.016215 0.176454 0.241530 0.137490 0.004255 0.423908 0.000148
0.016287 0.175335 0.240973 0.137345 0.004258 0.425662 0.000140
0.016111 0.174938 0.240812 0.136995 0.004257 0.426749 0.000139
0.016318 0.174129 0.240650 0.136783 0.004254 0.427715 0.000152
0.016157 0.173473 0.240246 0.137067 0.004316 0.428605 0.000137
0.016263 0.173142 0.240129 0.136665 0.004289 0.429375 0.000137
0.016245 0.172521 0.239657 0.136322 0.004310 0.430789 0.000156
0.016511 0.172415 0.239453 0.136457 0.004313 0.430706 0.000146
0.016417 0.172004 0.239584 0.136255 0.004274 0.431325 0.000140
0.016274 0.171758 0.239431 0.136090 0.004290 0.432020 0.000138
0.016494 0.171238 0.239259 0.135955 0.004280 0.432625 0.000150
0.016566 0.170233 0.238416 0.135647 0.004343 0.434651 0.000143
0.016516 0.169426 0.238088 0.135680 0.004350 0.435800 0.000141
0.016457 0.169346 0.237799 0.135464 0.004332 0.436454 0.000148
0.016833 0.168607 0.237479 0.135249 0.004338 0.437342 0.000152
0.016722 0.168426 0.237966 0.135489 0.004307 0.436942 0.000149
0.016905 0.167595 0.237000 0.135061 0.004356 0.438939 0.000145
0.016967 0.167216 0.237102 0.134784 0.004328 0.439458 0.000146
0.016848 0.166838 0.236984 0.134570 0.004388 0.440230 0.000142
0.016786 0.166452 0.236785 0.134608 0.004371 0.440849 0.000150
0.016820 0.166154 0.236281 0.134252 0.004348 0.441993 0.000152
0.016899 0.165380 0.235591 0.134584 0.004400 0.442999 0.000148
0.017026 0.164843 0.235670 0.133811 0.004366 0.444136 0.000148
0.016947 0.164466 0.235482 0.133831 0.004403 0.444732 0.000138
0.017011 0.163911 0.235563 0.133720 0.004431 0.445211 0.000152
0.016943 0.163843 0.235138 0.133798 0.004387 0.445746 0.000144
0.016960 0.163448 0.234726 0.133434 0.004408 0.446872 0.000152
0.017117 0.162725 0.234746 0.133098 0.004478 0.447680 0.000156
0.016992 0.162669 0.234488 0.133267 0.004463 0.447971 0.000150
0.017286 0.162115 0.234180 0.132882 0.004399 0.448985 0.000153
0.017077 0.161322 0.233820 0.132899 0.004448 0.450279 0.000156
0.017220 0.160829 0.233240 0.132785 0.004469 0.451308 0.000150
0.017258 0.160415 0.232845 0.132210 0.004438 0.452680 0.000154
0.017480 0.160416 0.232893 0.132550 0.004434 0.452072 0.000154
0.017356 0.160179 0.232968 0.132118 0.004454 0.452773 0.000153
0.017475 0.159865 0.232624 0.131932 0.004450 0.453497 0.000157
0.017516 0.159463 0.232146 0.132094 0.004534 0.454096 0.000151
0.017236 0.158963 0.232254 0.131692 0.004505 0.455191 0.000158
0.017364 0.158454 0.231793 0.131509 0.004471 0.456245 0.000164
0.017468 0.158250 0.231786 0.131521 0.004475 0.456333 0.000167
0.017283 0.157640 0.231588 0.131096 0.004537 0.457693 0.000162
0.017565 0.156607 0.230758 0.131184 0.004559 0.459158 0.000169
0.017716 0.156780 0.230603 0.131101 0.004503 0.459128 0.000169
0.017667 0.156281 0.230471 0.130926 0.004537 0.459960 0.000157
0.017843 0.154855 0.229814 0.130371 0.004539 0.462416 0.000162
0.017781 0.155373 0.229432 0.130517 0.004528 0.462212 0.000157
0.017919 0.154892 0.229893 0.130183 0.004576 0.462381 0.000156
0.017980 0.154476 0.229532 0.129970 0.004514 0.463366 0.000162
0.017706 0.154186 0.229345 0.130003 0.004532 0.464064 0.000164
0.018133 0.153538 0.228808 0.129940 0.004526 0.464882 0.000173
0.017999 0.153330 0.228687 0.130017 0.004580 0.465216 0.000171
0.017922 0.152552 0.228474 0.129851 0.004518 0.466526 0.000157
0.018358 0.151887 0.227840 0.129545 0.004554 0.467644 0.000172
0.018160 0.152099 0.227282 0.129640 0.004574 0.468084 0.000161
0.018113 0.151865 0.227771 0.129532 0.004522 0.468027 0.000170
0.018178 0.151417 0.227354 0.129082 0.004595 0.469208 0.000166
0.018412 0.151255 0.227213 0.128600 0.004586 0.469757 0.000177
0.018354 0.150373 0.226529 0.128875 0.004611 0.471082 0.000176
0.018483 0.149752 0.226215 0.128840 0.004572 0.471967 0.000171
0.018684 0.149424 0.226238 0.128512 0.004618 0.472357 0.000166
0.018615 0.149186 0.225813 0.128053 0.004591 0.473575 0.000168
0.018438 0.148680 0.225603 0.128087 0.004608 0.474414 0.000170
0.018494 0.148127 0.225270 0.128066 0.004686 0.475186 0.000170
0.018428 0.148064 0.225350 0.127943 0.004590 0.475460 0.000165
0.018815 0.147366 0.224761 0.127771 0.004575 0.476535 0.000177
0.018761 0.147416 0.224497 0.127572 0.004535 0.477040 0.000179
0.018943 0.146879 0.224370 0.127255 0.004540 0.477833 0.000180
0.018769 0.146434 0.223717 0.127188 0.004623 0.479091 0.000178
0.018972 0.145886 0.223312 0.127555 0.004569 0.479527 0.000179
0.018947 0.146310 0.223664 0.127042 0.004614 0.479237 0.000186
0.018874 0.145629 0.223315 0.126644 0.004565 0.480790 0.000183
0.019082 0.145366 0.223078 0.126886 0.004625 0.480780 0.000182
0.018955 0.145229 0.222365 0.126520 0.004653 0.482100 0.000178
0.018967 0.143913 0.222491 0.126425 0.004590 0.483428 0.000186
0.019168 0.143926 0.222360 0.126371 0.004696 0.483289 0.000190
0.019115 0.143319 0.221979 0.126081 0.004677 0.484640 0.000188
0.019070 0.143613 0.221797 0.125935 0.004678 0.484724 0.000182
0.019325 0.142396 0.221065 0.125665 0.004648 0.486712 0.000189
0.019153 0.142840 0.221703 0.125710 0.004651 0.485756 0.000187
0.019179 0.142001 0.220726 0.125397 0.004679 0.487831 0.000186
0.019290 0.142485 0.220628 0.125569 0.004683 0.487149 0.000197
0.019268 0.141518 0.220205 0.125061 0.004743 0.489011 0.000193
0.019571 0.141286 0.220227 0.124935 0.004724 0.489076 0.000182
0.019556 0.140589 0.219769 0.124952 0.004621 0.490320 0.000192
