0.999108 0.000861 0.000022 0.000009 0.000000 0.000000 0.000000
0.998676 0.001278 0.000025 0.000011 0.000000 0.000011 0.000000
0.998236 0.001707 0.000031 0.000015 0.000000 0.000011 0.000000
0.997773 0.002161 0.000039 0.000015 0.000000 0.000012 0.000000
0.997234 0.002687 0.000050 0.000016 0.000000 0.000013 0.000000
0.996747 0.003170 0.000050 0.000020 0.000000 0.000013 0.000000
0.996248 0.003659 0.000053 0.000028 0.000000 0.000012 0.000000
0.995622 0.004281 0.000055 0.000030 0.000000 0.000013 0.000000
0.994774 0.005120 0.000057 0.000037 0.000000 0.000012 0.000000
0.993722 0.006155 0.000069 0.000044 0.000000 0.000011 0.000000
0.992332 0.007537 0.000078 0.000042 0.000000 0.000010 0.000000
0.991114 0.008728 0.000093 0.000055 0.000000 0.000010 0.000000
0.989539 0.010301 0.000098 0.000054 0.000000 0.000009 0.000000
0.986075 0.013706 0.000141 0.000070 0.000000 0.000008 0.000000
0.983846 0.015900 0.000165 0.000082 0.000000 0.000007 0.000000
0.980356 0.019346 0.000186 0.000105 0.000000 0.000007 0.000000
0.976954 0.022678 0.000228 0.000134 0.000000 0.000006 0.000000
0.971776 0.027732 0.000314 0.000169 0.000000 0.000008 0.000000
0.966000 0.033379 0.000364 0.000247 0.000000 0.000010 0.000000
0.960795 0.038450 0.000453 0.000290 0.000000 0.000012 0.000000
0.953814 0.045285 0.000546 0.000340 0.000000 0.000014 0.000000
0.945729 0.053170 0.000684 0.000403 0.000000 0.000015 0.000000
0.937420 0.061268 0.000819 0.000471 0.000000 0.000023 0.000000
0.928303 0.070182 0.000934 0.000553 0.000000 0.000028 0.000000
0.920478 0.077814 0.001038 0.000638 0.000000 0.000032 0.000000
0.908050 0.089949 0.001217 0.000747 0.000000 0.000037 0.000000
0.898041 0.099651 0.001402 0.000869 0.000000 0.000037 0.000000
0.885735 0.111632 0.001608 0.000985 0.000000 0.000039 0.000000
0.873482 0.123561 0.001817 0.001096 0.000000 0.000044 0.000000
0.859013 0.137536 0.002100 0.001288 0.000000 0.000062 0.000000
0.848270 0.148007 0.002306 0.001352 0.000000 0.000065 0.000000
0.832690 0.163025 0.002656 0.001552 0.000000 0.000077 0.000000
0.817851 0.177384 0.002971 0.001712 0.000000 0.000082 0.000000
0.802428 0.192300 0.003273 0.001913 0.000000 0.000086 0.000000
0.788127 0.206056 0.003602 0.002112 0.000000 0.000102 0.000000
0.771281 0.222273 0.004003 0.002328 0.000000 0.000115 0.000000
0.754424 0.238451 0.004434 0.002567 0.000000 0.000124 0.000000
0.737746 0.254440 0.004840 0.002839 0.000000 0.000135 0.000000
0.722776 0.268688 0.005296 0.003094 0.000000 0.000146 0.000000
0.708372 0.282391 0.005717 0.003357 0.000000 0.000162 0.000000
0.690336 0.299556 0.006299 0.003624 0.000000 0.000186 0.000000
0.675063 0.314000 0.006835 0.003891 0.000000 0.000212 0.000000
0.658080 0.330162 0.007351 0.004183 0.000001 0.000223 0.000000
0.641892 0.345412 0.007917 0.004535 0.000001 0.000244 0.000000
0.626369 0.360026 0.008477 0.004854 0.000004 0.000270 0.000000
0.612457 0.373009 0.009043 0.005185 0.000006 0.000299 0.000000
0.594212 0.390068 0.009770 0.005606 0.000009 0.000335 0.000000
0.579841 0.403407 0.010414 0.005947 0.000010 0.000381 0.000000
0.567695 0.414556 0.011035 0.006293 0.000011 0.000409 0.000000
0.551078 0.429932 0.011798 0.006734 0.000010 0.000448 0.000000
0.536691 0.443057 0.012607 0.007129 0.000012 0.000505 0.000000
0.522744 0.455736 0.013375 0.007590 0.000011 0.000543 0.000000
0.509247 0.467903 0.014169 0.008075 0.000012 0.000593 0.000000
0.498217 0.477707 0.014903 0.008525 0.000013 0.000636 0.000000
0.484160 0.490280 0.015792 0.009068 0.000011 0.000689 0.000000
0.474452 0.498779 0.016533 0.009484 0.000011 0.000741 0.000000
0.462675 0.509214 0.017341 0.009963 0.000012 0.000795 0.000000
0.451547 0.519065 0.018128 0.010378 0.000012 0.000871 0.000000
0.441317 0.527850 0.019022 0.010873 0.000012 0.000926 0.000000
0.430077 0.537517 0.020003 0.011405 0.000011 0.000988 0.000000
0.417135 0.548513 0.021219 0.012051 0.000013 0.001068 0.000000
0.408368 0.555846 0.022082 0.012560 0.000014 0.001131 0.000000
0.399733 0.562882 0.023046 0.013101 0.000017 0.001222 0.000000
0.394737 0.566733 0.023774 0.013455 0.000016 0.001286 0.000000
0.385923 0.573692 0.024898 0.014101 0.000016 0.001369 0.000000
0.377326 0.580747 0.025842 0.014619 0.000018 0.001446 0.000000
0.374407 0.582247 0.026702 0.015097 0.000020 0.001527 0.000000
0.365628 0.589589 0.027542 0.015598 0.000020 0.001623 0.000000
0.356624 0.596396 0.028806 0.016401 0.000024 0.001750 0.000000
0.346901 0.604283 0.029881 0.017053 0.000028 0.001854 0.000000
0.344784 0.605041 0.030748 0.017436 0.000026 0.001966 0.000000
0.337121 0.610789 0.031914 0.018078 0.000025 0.002072 0.000000
0.334444 0.612435 0.032520 0.018414 0.000026 0.002161 0.000000
0.326713 0.617816 0.033909 0.019211 0.000029 0.002321 0.000000
0.317078 0.625047 0.035350 0.019992 0.000033 0.002500 0.000000
0.316114 0.625101 0.035842 0.020332 0.000036 0.002574 0.000000
0.308075 0.631287 0.036947 0.020940 0.000033 0.002717 0.000000
0.302021 0.635587 0.037967 0.021560 0.000037 0.002829 0.000000
0.293928 0.641361 0.039352 0.022298 0.000036 0.003024 0.000000
0.285427 0.647628 0.040638 0.023055 0.000039 0.003213 0.000000
0.284536 0.647492 0.041193 0.023404 0.000041 0.003335 0.000000
0.273379 0.655821 0.042932 0.024274 0.000045 0.003548 0.000000
0.263618 0.662906 0.044500 0.025211 0.000048 0.003716 0.000000
0.260001 0.665051 0.045336 0.025699 0.000048 0.003866 0.000000
0.250508 0.671282 0.047280 0.026754 0.000056 0.004120 0.000000
0.247195 0.672804 0.048304 0.027348 0.000061 0.004287 0.000000
0.236040 0.680866 0.050114 0.028361 0.000064 0.004555 0.000000
0.230366 0.684085 0.051589 0.029147 0.000064 0.004749 0.000000
0.224098 0.687617 0.053186 0.030025 0.000068 0.005007 0.000000
0.218700 0.690771 0.054496 0.030751 0.000071 0.005211 0.000000
0.216551 0.690298 0.055952 0.031686 0.000072 0.005441 0.000000
0.215177 0.689936 0.056931 0.032236 0.000076 0.005644 0.000000
0.211437 0.691708 0.057981 0.032979 0.000075 0.005819 0.000001
0.206287 0.693761 0.059824 0.033920 0.000079 0.006128 0.000001
0.199786 0.696618 0.061849 0.035185 0.000083 0.006478 0.000000
0.199925 0.695016 0.062665 0.035625 0.000085 0.006682 0.000001
0.198678 0.694307 0.063714 0.036312 0.000085 0.006903 0.000001
0.194633 0.696495 0.064760 0.036941 0.000080 0.007090 0.000001
0.193865 0.694352 0.066391 0.037883 0.000087 0.007421 0.000001
0.185954 0.699107 0.068152 0.038923 0.000096 0.007767 0.000001
0.183253 0.699388 0.069509 0.039623 0.000100 0.008125 0.000001
0.184357 0.696956 0.070297 0.039979 0.000100 0.008311 0.000001
0.186789 0.692715 0.071214 0.040625 0.000107 0.008550 0.000001
0.192747 0.685084 0.072138 0.041136 0.000104 0.008791 0.000001
0.182147 0.692530 0.073989 0.042071 0.000108 0.009153 0.000001
0.181312 0.691493 0.075066 0.042588 0.000108 0.009432 0.000001
0.176136 0.693608 0.076899 0.043441 0.000118 0.009798 0.000001
0.174548 0.693388 0.077785 0.044027 0.000117 0.010134 0.000001
0.167649 0.695349 0.080692 0.045456 0.000126 0.010728 0.000001
0.170065 0.692443 0.080802 0.045648 0.000131 0.010911 0.000001
0.163825 0.695688 0.082553 0.046528 0.000136 0.011269 0.000001
0.158649 0.696686 0.084811 0.047851 0.000154 0.011848 0.000001
0.152542 0.700353 0.086186 0.048621 0.000149 0.012148 0.000001
0.149780 0.700068 0.087803 0.049581 0.000158 0.012610 0.000001
0.150235 0.698821 0.088181 0.049808 0.000159 0.012795 0.000001
0.142294 0.703406 0.090135 0.050797 0.000171 0.013195 0.000001
0.138379 0.702938 0.092531 0.052143 0.000171 0.013837 0.000001
0.136438 0.703734 0.093039 0.052486 0.000179 0.014123 0.000001
0.130143 0.706151 0.095297 0.053646 0.000176 0.014586 0.000001
0.123974 0.709426 0.096858 0.054494 0.000188 0.015058 0.000001
0.121655 0.708694 0.098425 0.055449 0.000203 0.015575 0.000001
0.115639 0.710976 0.100415 0.056676 0.000195 0.016099 0.000001
0.112058 0.710804 0.102531 0.057650 0.000215 0.016741 0.000001
0.109160 0.710345 0.104261 0.058769 0.000218 0.017246 0.000001
0.105982 0.711282 0.105312 0.059503 0.000215 0.017705 0.000001
0.105000 0.709914 0.106660 0.060182 0.000214 0.018028 0.000001
0.098100 0.710990 0.109654 0.062110 0.000237 0.018908 0.000001
0.099610 0.707625 0.110731 0.062585 0.000228 0.019219 0.000001
0.096256 0.707483 0.112624 0.063598 0.000237 0.019801 0.000001
0.102620 0.701056 0.112526 0.063518 0.000233 0.020046 0.000001
0.099104 0.700737 0.114544 0.064777 0.000239 0.020598 0.000001
0.096920 0.699740 0.116187 0.065713 0.000255 0.021182 0.000001
0.091635 0.700429 0.118593 0.067109 0.000254 0.021979 0.000001
0.095881 0.696461 0.118473 0.066981 0.000251 0.021951 0.000001
0.093476 0.695248 0.120279 0.067945 0.000258 0.022792 0.000002
0.089547 0.694141 0.122880 0.069449 0.000275 0.023705 0.000001
0.088072 0.693962 0.123718 0.070028 0.000269 0.023950 0.000002
0.089732 0.691344 0.123954 0.070329 0.000290 0.024350 0.000002
0.085311 0.692447 0.125801 0.071210 0.000286 0.024943 0.000001
0.080150 0.693269 0.128136 0.072550 0.000297 0.025596 0.000002
0.077818 0.692593 0.129593 0.073392 0.000305 0.026297 0.000002
0.074284 0.692487 0.131357 0.074547 0.000316 0.027008 0.000002
0.073537 0.689918 0.133065 0.075450 0.000324 0.027704 0.000002
0.067565 0.690982 0.135779 0.076732 0.000340 0.028600 0.000002
0.067699 0.689473 0.136247 0.077176 0.000340 0.029062 0.000002
0.062686 0.690377 0.138458 0.078442 0.000346 0.029689 0.000002
0.060411 0.690445 0.139578 0.078964 0.000345 0.030256 0.000002
0.057280 0.688985 0.141889 0.080425 0.000351 0.031066 0.000003
0.053757 0.687335 0.144603 0.081849 0.000353 0.032101 0.000002
0.052421 0.686874 0.145579 0.082167 0.000376 0.032581 0.000002
0.050709 0.685492 0.146975 0.083184 0.000391 0.033248 0.000002
0.049092 0.683905 0.148595 0.083992 0.000378 0.034034 0.000003
0.044936 0.683141 0.151028 0.085554 0.000402 0.034936 0.000003
0.043759 0.680701 0.152753 0.086521 0.000403 0.035861 0.000002
0.043385 0.680200 0.153013 0.086688 0.000416 0.036295 0.000002
0.042279 0.677783 0.154687 0.087757 0.000424 0.037068 0.000003
0.040097 0.675038 0.157012 0.089154 0.000440 0.038256 0.000004
0.038613 0.673190 0.158672 0.089905 0.000445 0.039172 0.000003
0.037100 0.672511 0.159584 0.090762 0.000450 0.039589 0.000003
0.041573 0.668727 0.159166 0.090435 0.000460 0.039636 0.000002
0.042452 0.662970 0.161539 0.091845 0.000451 0.040740 0.000003
0.040039 0.661800 0.163147 0.092885 0.000468 0.041658 0.000003
0.042015 0.658331 0.163925 0.093060 0.000484 0.042181 0.000003
0.042166 0.655956 0.164990 0.093511 0.000467 0.042906 0.000004
0.048833 0.648524 0.164932 0.093847 0.000483 0.043377 0.000003
0.049840 0.647072 0.165264 0.093688 0.000501 0.043633 0.000003
0.048059 0.643491 0.167633 0.095171 0.000516 0.045126 0.000002
0.047292 0.642084 0.168565 0.095829 0.000511 0.045715 0.000003
0.048729 0.640361 0.168448 0.095785 0.000539 0.046135 0.000003
0.049486 0.637445 0.169545 0.096338 0.000526 0.046656 0.000003
0.056542 0.631041 0.169092 0.095870 0.000542 0.046911 0.000002
0.056531 0.629063 0.169800 0.096424 0.000557 0.047621 0.000004
0.058225 0.626807 0.170129 0.096356 0.000552 0.047927 0.000004
0.063962 0.621351 0.169519 0.096226 0.000559 0.048380 0.000003
0.056211 0.621517 0.173251 0.098249 0.000580 0.050188 0.000004
0.058118 0.619577 0.173295 0.098096 0.000585 0.050324 0.000005
0.054665 0.620703 0.174275 0.098676 0.000587 0.051089 0.000005
0.056684 0.616726 0.174924 0.099305 0.000600 0.051755 0.000005
0.056838 0.614333 0.175847 0.099824 0.000599 0.052553 0.000006
0.058353 0.611533 0.176412 0.099963 0.000615 0.053118 0.000006
0.055063 0.610381 0.178394 0.101215 0.000629 0.054311 0.000007
0.052517 0.610832 0.179167 0.101860 0.000639 0.054979 0.000006
0.052757 0.609339 0.179572 0.102065 0.000640 0.055620 0.000006
0.048638 0.609428 0.181724 0.102963 0.000662 0.056580 0.000006
0.049792 0.605560 0.182655 0.103508 0.000662 0.057816 0.000006
0.050224 0.605527 0.182401 0.103306 0.000676 0.057859 0.000007
0.050273 0.602062 0.183874 0.104152 0.000684 0.058950 0.000005
0.048359 0.601584 0.184802 0.104793 0.000698 0.059757 0.000007
0.047953 0.600869 0.185114 0.105158 0.000706 0.060195 0.000006
0.040385 0.601977 0.188311 0.106929 0.000732 0.061660 0.000007
0.043203 0.599311 0.188063 0.106580 0.000734 0.062103 0.000006
0.045713 0.593822 0.189009 0.107428 0.000722 0.063300 0.000005
0.043968 0.592144 0.190622 0.108194 0.000765 0.064302 0.000005
0.047181 0.590893 0.189552 0.107591 0.000737 0.064040 0.000007
0.041830 0.588797 0.192949 0.109611 0.000783 0.066024 0.000006
0.043449 0.586282 0.193049 0.109836 0.000798 0.066580 0.000006
0.039982 0.586510 0.194664 0.110445 0.000799 0.067593 0.000007
0.041808 0.583810 0.194697 0.110511 0.000816 0.068352 0.000007
0.049548 0.578335 0.193344 0.109612 0.000805 0.068349 0.000007
0.045408 0.576545 0.196034 0.111541 0.000828 0.069638 0.000008
0.047076 0.575356 0.196011 0.110923 0.000817 0.069811 0.000006
0.047734 0.571537 0.197080 0.111805 0.000824 0.071011 0.000008
0.050525 0.568854 0.196800 0.111718 0.000859 0.071237 0.000007
0.046476 0.569067 0.198366 0.112725 0.000856 0.072502 0.000008
0.045763 0.569635 0.198314 0.112549 0.000871 0.072862 0.000006
0.040556 0.566508 0.202115 0.114751 0.000890 0.075171 0.000010
0.040939 0.566999 0.201605 0.114349 0.000899 0.075202 0.000007
0.042346 0.564806 0.201584 0.114597 0.000904 0.075755 0.000008
0.038394 0.562923 0.204125 0.115911 0.000937 0.077701 0.000008
0.039439 0.560526 0.204487 0.116304 0.000914 0.078320 0.000009
0.038467 0.560431 0.205062 0.116119 0.000942 0.078971 0.000008
0.037513 0.558245 0.206112 0.117092 0.000959 0.080068 0.000011
0.033415 0.558400 0.208098 0.117827 0.000984 0.081266 0.000009
0.032183 0.557536 0.208815 0.118459 0.000999 0.081998 0.000009
0.030103 0.556288 0.210368 0.119258 0.000997 0.082977 0.000009
0.029394 0.554351 0.211176 0.119878 0.001022 0.084169 0.000010
0.030365 0.553875 0.210792 0.119667 0.001007 0.084286 0.000008
0.026703 0.549939 0.214018 0.121477 0.001028 0.086825 0.000010
0.025484 0.548880 0.214917 0.121975 0.001044 0.087687 0.000013
0.025810 0.545790 0.216005 0.122564 0.001062 0.088757 0.000011
0.023819 0.545299 0.217194 0.123082 0.001067 0.089530 0.000009
0.024797 0.543260 0.217078 0.123255 0.001067 0.090533 0.000011
0.025044 0.542916 0.216921 0.123410 0.001099 0.090599 0.000012
0.028619 0.536610 0.217842 0.123816 0.001080 0.092023 0.000010
0.033017 0.534612 0.216527 0.122952 0.001065 0.091815 0.000012
0.032925 0.532211 0.217456 0.123602 0.001113 0.092685 0.000008
0.032286 0.528744 0.218774 0.124633 0.001114 0.094436 0.000013
0.029608 0.525932 0.221294 0.125807 0.001126 0.096220 0.000011
0.030785 0.525364 0.220590 0.125479 0.001133 0.096637 0.000012
0.031949 0.523819 0.220795 0.125406 0.001131 0.096888 0.000013
0.031432 0.521909 0.221666 0.126004 0.001144 0.097834 0.000011
0.031634 0.520480 0.221790 0.126049 0.001140 0.098894 0.000013
0.030804 0.518933 0.222589 0.126685 0.001157 0.099819 0.000013
0.029045 0.517452 0.223735 0.127211 0.001194 0.101348 0.000015
0.029087 0.516794 0.223952 0.127237 0.001162 0.101754 0.000014
0.025783 0.515275 0.225799 0.128457 0.001200 0.103468 0.000018
0.027576 0.513320 0.225583 0.128333 0.001212 0.103960 0.000015
0.024895 0.512382 0.227118 0.129277 0.001197 0.105118 0.000013
0.022139 0.511802 0.228335 0.130098 0.001215 0.106394 0.000017
0.023606 0.509297 0.228585 0.129905 0.001222 0.107368 0.000017
0.023746 0.507621 0.228651 0.130560 0.001257 0.108147 0.000017
0.022554 0.506094 0.229892 0.130979 0.001216 0.109248 0.000017
0.020410 0.502183 0.232303 0.132312 0.001295 0.111479 0.000017
0.021982 0.502492 0.231052 0.131448 0.001272 0.111736 0.000017
0.020697 0.501444 0.232102 0.132121 0.001286 0.112335 0.000016
0.019816 0.499994 0.232773 0.132574 0.001311 0.113514 0.000018
0.018210 0.497041 0.234622 0.133476 0.001305 0.115327 0.000020
0.019928 0.497097 0.233463 0.133007 0.001318 0.115168 0.000019
0.018184 0.495727 0.234794 0.133580 0.001330 0.116365 0.000021
0.018146 0.492247 0.235838 0.134386 0.001352 0.118010 0.000021
0.017254 0.491422 0.236368 0.134814 0.001377 0.118744 0.000020
0.017551 0.489504 0.236824 0.134749 0.001378 0.119976 0.000018
0.016337 0.488185 0.238084 0.135373 0.001386 0.120613 0.000022
0.016832 0.484738 0.238430 0.135975 0.001439 0.122568 0.000019
0.016613 0.483649 0.238820 0.136125 0.001424 0.123350 0.000019
0.015991 0.482704 0.239536 0.136342 0.001443 0.123965 0.000019
0.015963 0.481295 0.239988 0.136525 0.001438 0.124771 0.000020
0.015948 0.478069 0.240769 0.137277 0.001491 0.126423 0.000022
0.014824 0.475855 0.242132 0.137907 0.001477 0.127782 0.000023
0.015088 0.474937 0.241961 0.138111 0.001469 0.128410 0.000024
0.014581 0.470997 0.243396 0.138859 0.001519 0.130627 0.000022
0.014823 0.472419 0.242982 0.138342 0.001498 0.129912 0.000024
0.014650 0.468841 0.243900 0.139000 0.001526 0.132058 0.000024
0.014423 0.466854 0.244506 0.139533 0.001551 0.133113 0.000020
0.014161 0.464503 0.245356 0.139798 0.001541 0.134615 0.000025
0.014491 0.464552 0.245113 0.139696 0.001590 0.134533 0.000025
0.014610 0.461982 0.245543 0.139960 0.001587 0.136294 0.000024
0.013802 0.457860 0.247490 0.140987 0.001604 0.138232 0.000026
0.014155 0.458216 0.246874 0.140708 0.001639 0.138386 0.000023
0.013980 0.455895 0.247633 0.141240 0.001635 0.139593 0.000023
0.014169 0.455785 0.247375 0.141167 0.001657 0.139825 0.000022
0.013904 0.452745 0.248545 0.141586 0.001659 0.141536 0.000023
0.013758 0.450759 0.249059 0.141925 0.001621 0.142856 0.000024
0.013818 0.450642 0.248831 0.141751 0.001655 0.143280 0.000023
0.013663 0.447820 0.249832 0.142050 0.001678 0.144933 0.000024
0.013500 0.445919 0.249986 0.142971 0.001673 0.145929 0.000022
0.013453 0.445871 0.250123 0.142797 0.001685 0.146046 0.000025
0.013622 0.444940 0.250397 0.142504 0.001707 0.146808 0.000023
0.013369 0.440809 0.251241 0.143383 0.001743 0.149432 0.000023
0.013158 0.440309 0.251482 0.143456 0.001714 0.149856 0.000025
0.013349 0.437684 0.252076 0.143761 0.001761 0.151339 0.000030
0.013265 0.436338 0.252685 0.143810 0.001733 0.152142 0.000027
0.013136 0.434800 0.252713 0.144096 0.001759 0.153470 0.000026
0.013248 0.434301 0.252676 0.144181 0.001768 0.153800 0.000027
0.013236 0.432643 0.253196 0.144418 0.001751 0.154730 0.000027
0.012929 0.429130 0.254208 0.144765 0.001806 0.157137 0.000024
0.013048 0.428351 0.254230 0.144914 0.001820 0.157609 0.000028
0.013138 0.428430 0.254073 0.144790 0.001802 0.157742 0.000024
0.012928 0.424046 0.255249 0.145695 0.001826 0.160225 0.000031
0.012870 0.423220 0.255417 0.145598 0.001871 0.160993 0.000030
0.012834 0.422560 0.255641 0.145683 0.001888 0.161362 0.000031
0.012939 0.420478 0.255774 0.145732 0.001879 0.163170 0.000028
0.012728 0.417533 0.256497 0.146355 0.001893 0.164966 0.000028
0.012894 0.416319 0.256283 0.146918 0.001913 0.165642 0.000031
0.012814 0.417082 0.256370 0.146213 0.001887 0.165603 0.000031
0.012833 0.414428 0.257134 0.146811 0.001925 0.166839 0.000030
0.012946 0.413196 0.257292 0.146687 0.001920 0.167928 0.000032
0.012824 0.411003 0.257811 0.147081 0.001956 0.169298 0.000026
0.012687 0.410308 0.257837 0.146852 0.001939 0.170346 0.000030
0.012569 0.407193 0.258477 0.147443 0.001982 0.172308 0.000027
0.012749 0.406280 0.258349 0.147654 0.001989 0.172947 0.000032
0.012647 0.405032 0.258768 0.147653 0.001976 0.173894 0.000029
0.012728 0.403963 0.259022 0.147650 0.001989 0.174618 0.000030
0.012726 0.403666 0.258710 0.147479 0.002015 0.175374 0.000030
0.012682 0.401580 0.259167 0.147720 0.002013 0.176810 0.000028
0.012694 0.400431 0.259558 0.148174 0.002020 0.177095 0.000029
0.012619 0.398784 0.259790 0.148382 0.002016 0.178375 0.000033
0.012714 0.397815 0.259891 0.148276 0.002035 0.179237 0.000033
0.012648 0.396252 0.260192 0.148386 0.002070 0.180420 0.000032
0.012374 0.394106 0.260837 0.148634 0.002045 0.181975 0.000029
0.012529 0.392969 0.261042 0.148776 0.002082 0.182570 0.000033
0.012429 0.390595 0.261409 0.149051 0.002115 0.184360 0.000040
0.012557 0.390266 0.261311 0.149431 0.002109 0.184288 0.000039
0.012521 0.388792 0.261654 0.149129 0.002128 0.185736 0.000039
0.012491 0.387306 0.261570 0.149288 0.002148 0.187159 0.000037
0.012324 0.385382 0.262089 0.149698 0.002155 0.188316 0.000036
0.012573 0.386197 0.261629 0.149254 0.002147 0.188162 0.000039
0.012456 0.381353 0.262844 0.150247 0.002191 0.190873 0.000036
0.012440 0.381405 0.262694 0.149996 0.002202 0.191224 0.000039
0.012482 0.380583 0.262842 0.149977 0.002167 0.191911 0.000037
0.012437 0.377981 0.263609 0.150352 0.002197 0.193386 0.000038
0.012397 0.376505 0.263403 0.150390 0.002240 0.195023 0.000041
0.012313 0.375333 0.263492 0.150068 0.002252 0.196498 0.000045
0.012457 0.375346 0.263407 0.150188 0.002246 0.196318 0.000039
0.012492 0.372618 0.264000 0.150602 0.002231 0.198021 0.000036
0.012553 0.372928 0.263854 0.150510 0.002258 0.197861 0.000037
0.012277 0.370129 0.264475 0.150877 0.002257 0.199945 0.000040
0.012320 0.368365 0.264772 0.150921 0.002289 0.201289 0.000045
0.012334 0.367494 0.264745 0.150799 0.002287 0.202296 0.000045
0.012372 0.365269 0.265124 0.151225 0.002302 0.203668 0.000040
0.012459 0.364045 0.265471 0.151435 0.002305 0.204250 0.000035
0.012417 0.362671 0.265014 0.151532 0.002319 0.206002 0.000043
0.012441 0.362977 0.265006 0.151191 0.002328 0.206014 0.000042
0.012359 0.359614 0.265693 0.151330 0.002352 0.208615 0.000037
0.012354 0.360141 0.265675 0.151408 0.002353 0.208027 0.000042
0.012355 0.357459 0.265933 0.151488 0.002386 0.210332 0.000046
0.012384 0.356571 0.266013 0.151866 0.002365 0.210755 0.000046
0.012441 0.356733 0.265778 0.151332 0.002393 0.211278 0.000045
0.012310 0.353874 0.266265 0.151798 0.002399 0.213307 0.000047
0.012403 0.352462 0.266615 0.151696 0.002436 0.214339 0.000049
0.012401 0.352373 0.266276 0.151839 0.002413 0.214654 0.000044
0.012404 0.350721 0.266478 0.152105 0.002437 0.215809 0.000046
0.012314 0.349064 0.266647 0.152049 0.002443 0.217432 0.000051
0.012474 0.348003 0.266667 0.151896 0.002447 0.218469 0.000045
0.012451 0.346288 0.267001 0.152128 0.002444 0.219636 0.000051
0.012352 0.344602 0.267024 0.152357 0.002480 0.221134 0.000051
0.012459 0.345862 0.266379 0.152168 0.002505 0.220568 0.000059
0.012385 0.343347 0.266953 0.152199 0.002514 0.222550 0.000052
0.012473 0.341424 0.267044 0.152495 0.002510 0.224005 0.000049
0.012393 0.341210 0.267426 0.152258 0.002507 0.224156 0.000051
0.012275 0.339872 0.267359 0.152519 0.002522 0.225400 0.000053
0.012397 0.338276 0.267593 0.152501 0.002532 0.226654 0.000048
0.012542 0.336775 0.267543 0.152317 0.002569 0.228205 0.000049
0.012433 0.335862 0.267654 0.152351 0.002574 0.229075 0.000051
0.012687 0.335230 0.267487 0.152380 0.002550 0.229611 0.000056
0.012762 0.333304 0.267604 0.152544 0.002582 0.231153 0.000051
0.012621 0.332654 0.267818 0.152455 0.002550 0.231848 0.000055
0.012508 0.330676 0.267782 0.152831 0.002608 0.233546 0.000049
0.012512 0.329281 0.267720 0.152702 0.002611 0.235124 0.000050
0.012538 0.327671 0.268239 0.152587 0.002660 0.236247 0.000058
0.012496 0.328792 0.268090 0.152318 0.002587 0.235666 0.000052
0.012437 0.327108 0.268086 0.152854 0.002665 0.236799 0.000052
0.012533 0.324792 0.268191 0.152710 0.002647 0.239067 0.000061
0.012485 0.323961 0.268588 0.152694 0.002670 0.239545 0.000058
0.012515 0.322696 0.268445 0.153086 0.002695 0.240505 0.000058
0.012593 0.320984 0.268364 0.153064 0.002722 0.242217 0.000056
0.012501 0.321606 0.268118 0.152964 0.002692 0.242064 0.000055
0.012649 0.319529 0.268265 0.153201 0.002715 0.243579 0.000062
0.012524 0.318994 0.268453 0.152769 0.002696 0.244499 0.000065
0.012554 0.317198 0.268369 0.153065 0.002742 0.246007 0.000065
0.012552 0.316396 0.268391 0.152924 0.002771 0.246903 0.000063
0.012649 0.314401 0.268402 0.153020 0.002759 0.248706 0.000064
0.012595 0.314381 0.268606 0.152872 0.002799 0.248683 0.000063
0.012580 0.311969 0.268477 0.152924 0.002733 0.251254 0.000064
0.012551 0.312190 0.268765 0.152958 0.002751 0.250722 0.000063
0.012719 0.311360 0.268362 0.152738 0.002767 0.251993 0.000061
0.012528 0.309337 0.268757 0.153064 0.002820 0.253435 0.000059
0.012673 0.307461 0.268680 0.153147 0.002782 0.255196 0.000062
0.012712 0.307332 0.268697 0.152656 0.002808 0.255731 0.000065
0.012917 0.307167 0.267992 0.153063 0.002792 0.256003 0.000066
0.012666 0.304867 0.268716 0.153014 0.002821 0.257861 0.000056
0.012692 0.303365 0.268512 0.153413 0.002841 0.259113 0.000065
0.012618 0.302924 0.268294 0.153163 0.002839 0.260095 0.000068
0.012753 0.302525 0.268347 0.153195 0.002858 0.260265 0.000058
0.012873 0.300945 0.268473 0.153183 0.002885 0.261577 0.000063
0.012883 0.299796 0.267923 0.153225 0.002878 0.263232 0.000064
0.012750 0.299232 0.268044 0.153295 0.002883 0.263731 0.000065
0.012745 0.297508 0.268193 0.152917 0.002914 0.265657 0.000066
0.012846 0.297402 0.268047 0.153272 0.002884 0.265481 0.000068
0.012712 0.296589 0.267941 0.153204 0.002903 0.266588 0.000064
0.012766 0.295123 0.268028 0.152975 0.002946 0.268096 0.000066
0.012771 0.293437 0.268085 0.153089 0.002953 0.269598 0.000066
0.012883 0.293451 0.267918 0.152849 0.002951 0.269889 0.000058
0.012988 0.290555 0.267976 0.153274 0.002999 0.272145 0.000062
0.013029 0.290731 0.267978 0.152768 0.002971 0.272457 0.000067
0.012682 0.290278 0.268112 0.152830 0.002940 0.273089 0.000069
0.012901 0.288177 0.268335 0.153064 0.002967 0.274489 0.000066
0.012857 0.287212 0.268166 0.152938 0.002966 0.275791 0.000070
0.019766 0.285291 0.265746 0.151202 0.002977 0.274946 0.000072
0.027387 0.284531 0.262969 0.149756 0.002926 0.272366 0.000065
0.027849 0.283729 0.262336 0.149567 0.002922 0.273530 0.000065
0.028370 0.281696 0.262296 0.149817 0.002962 0.274793 0.000066
0.030425 0.281339 0.261642 0.149270 0.002960 0.274297 0.000065
0.027262 0.281953 0.261952 0.149597 0.002970 0.276188 0.000077
0.028875 0.281503 0.260958 0.149276 0.002971 0.276343 0.000075
0.029341 0.281775 0.260484 0.148615 0.002964 0.276746 0.000075
0.024966 0.281307 0.262165 0.149610 0.002977 0.278897 0.000077
0.026959 0.281170 0.260990 0.148715 0.002989 0.279099 0.000077
0.023361 0.279618 0.262529 0.149511 0.003037 0.281870 0.000073
0.025086 0.281548 0.261385 0.149049 0.003017 0.279842 0.000074
0.023834 0.279466 0.261635 0.149002 0.003029 0.282956 0.000078
0.022133 0.278376 0.261931 0.149181 0.003075 0.285232 0.000072
0.021561 0.278726 0.261863 0.149647 0.003073 0.285058 0.000071
0.021148 0.276980 0.261896 0.149436 0.003106 0.287356 0.000079
0.018478 0.276538 0.263290 0.149890 0.003091 0.288636 0.000077
0.018113 0.273917 0.263244 0.150102 0.003093 0.291447 0.000083
0.018187 0.273927 0.262822 0.150094 0.003148 0.291740 0.000082
0.017427 0.272961 0.263384 0.149962 0.003140 0.293046 0.000081
0.017318 0.272110 0.263390 0.150011 0.003144 0.293946 0.000081
0.016913 0.271172 0.263504 0.150201 0.003182 0.294952 0.000077
0.017420 0.271613 0.262644 0.149852 0.003179 0.295212 0.000080
0.017378 0.271603 0.262087 0.149996 0.003185 0.295676 0.000075
0.015790 0.268351 0.263349 0.150289 0.003209 0.298931 0.000080
0.015566 0.268437 0.263683 0.150603 0.003168 0.298465 0.000078
0.015504 0.265773 0.263684 0.150523 0.003261 0.301179 0.000077
0.015160 0.265913 0.263755 0.150432 0.003246 0.301412 0.000081
0.015518 0.264418 0.263195 0.150393 0.003283 0.303109 0.000084
0.014720 0.262965 0.263569 0.150488 0.003222 0.304960 0.000077
0.014685 0.262907 0.263186 0.150406 0.003275 0.305458 0.000083
0.015406 0.263561 0.262266 0.149442 0.003263 0.305976 0.000084
0.014936 0.261936 0.262877 0.149857 0.003275 0.307034 0.000084
0.015083 0.260710 0.262478 0.149793 0.003269 0.308584 0.000082
0.014289 0.258369 0.263273 0.150137 0.003312 0.310535 0.000085
0.014804 0.258658 0.262804 0.150019 0.003347 0.310286 0.000082
0.014409 0.258445 0.262849 0.150053 0.003307 0.310854 0.000084
0.014200 0.256843 0.262979 0.150127 0.003353 0.312408 0.000090
0.013940 0.254274 0.263121 0.150360 0.003325 0.314894 0.000086
0.014254 0.253966 0.262940 0.150174 0.003341 0.315240 0.000084
0.013882 0.252626 0.263251 0.150364 0.003362 0.316431 0.000084
0.014325 0.253310 0.262422 0.149547 0.003351 0.316960 0.000086
0.014046 0.249669 0.263323 0.150077 0.003389 0.319409 0.000087
0.014223 0.250878 0.262531 0.149933 0.003357 0.318983 0.000096
0.013884 0.248065 0.263188 0.149993 0.003409 0.321374 0.000085
0.013910 0.247545 0.263083 0.149920 0.003412 0.322029 0.000103
0.013871 0.247084 0.262415 0.149502 0.003402 0.323628 0.000098
0.014473 0.248051 0.261614 0.149265 0.003395 0.323108 0.000092
0.014191 0.246487 0.261395 0.149430 0.003427 0.324969 0.000101
0.014161 0.246135 0.261597 0.149246 0.003396 0.325379 0.000086
0.014185 0.243709 0.261992 0.149456 0.003422 0.327143 0.000094
0.014303 0.244248 0.261689 0.149097 0.003409 0.327160 0.000094
0.014019 0.241285 0.262292 0.149703 0.003428 0.329170 0.000102
0.014063 0.242067 0.261338 0.149112 0.003469 0.329857 0.000093
0.014115 0.239504 0.261700 0.149408 0.003439 0.331731 0.000103
0.014280 0.240605 0.260363 0.148962 0.003488 0.332201 0.000101
0.014221 0.238670 0.261065 0.148895 0.003497 0.333555 0.000096
0.014123 0.236632 0.260834 0.149289 0.003573 0.335453 0.000096
0.014176 0.238927 0.261207 0.148968 0.003515 0.333113 0.000094
0.014187 0.237242 0.260647 0.148245 0.003508 0.336074 0.000096
0.014161 0.236292 0.260123 0.148413 0.003578 0.337339 0.000095
0.014236 0.233992 0.260755 0.148741 0.003558 0.338629 0.000089
0.014357 0.233721 0.260393 0.148353 0.003584 0.339493 0.000100
0.014160 0.233870 0.260386 0.147960 0.003562 0.339970 0.000092
0.013998 0.231952 0.260318 0.148473 0.003638 0.341523 0.000097
0.014094 0.232123 0.259613 0.148326 0.003596 0.342148 0.000099
0.014241 0.231562 0.259790 0.148123 0.003573 0.342611 0.000100
0.014152 0.229679 0.259605 0.148110 0.003610 0.344745 0.000100
0.014494 0.230259 0.259261 0.147699 0.003625 0.344563 0.000099
0.014094 0.229295 0.259461 0.147912 0.003701 0.345440 0.000097
0.014438 0.229239 0.258971 0.147373 0.003618 0.346258 0.000103
0.014576 0.227441 0.258783 0.147412 0.003669 0.348016 0.000103
0.014366 0.225857 0.258738 0.147509 0.003666 0.349759 0.000104
0.014308 0.226579 0.258673 0.147177 0.003710 0.349443 0.000109
0.014368 0.225121 0.258164 0.147229 0.003744 0.351269 0.000106
0.014409 0.223196 0.258333 0.146884 0.003699 0.353376 0.000103
0.014551 0.224564 0.258052 0.147065 0.003693 0.351971 0.000103
0.014577 0.222403 0.258147 0.147091 0.003720 0.353960 0.000102
0.014388 0.221991 0.257766 0.146682 0.003754 0.355309 0.000110
0.014654 0.220038 0.257484 0.146941 0.003733 0.357052 0.000099
0.014520 0.220237 0.257295 0.146650 0.003712 0.357479 0.000106
0.014413 0.219530 0.256816 0.146434 0.003772 0.358930 0.000105
0.014682 0.219034 0.257086 0.146281 0.003760 0.359044 0.000112
0.014547 0.216786 0.257171 0.146434 0.003749 0.361205 0.000109
0.014509 0.216998 0.256576 0.146380 0.003804 0.361617 0.000117
0.014657 0.216583 0.256706 0.146314 0.003877 0.361744 0.000119
0.014708 0.216970 0.256285 0.146162 0.003787 0.361976 0.000112
0.014476 0.214993 0.256135 0.146117 0.003810 0.364355 0.000114
0.014963 0.215369 0.255667 0.145762 0.003818 0.364316 0.000105
0.014580 0.213721 0.255864 0.145573 0.003805 0.366339 0.000117
0.014695 0.212889 0.255272 0.145552 0.003845 0.367634 0.000114
0.014779 0.212162 0.255207 0.145323 0.003869 0.368547 0.000114
0.014891 0.215216 0.254436 0.145298 0.003838 0.366202 0.000119
0.014969 0.211684 0.254762 0.145334 0.003896 0.369244 0.000112
0.015218 0.211715 0.254107 0.144950 0.003844 0.370061 0.000106
0.015017 0.210700 0.254147 0.145251 0.003872 0.370896 0.000118
0.014904 0.208923 0.254305 0.145149 0.003888 0.372715 0.000116
0.015072 0.208492 0.253772 0.144878 0.003871 0.373802 0.000113
0.015039 0.207564 0.253877 0.144637 0.003918 0.374841 0.000123
0.014998 0.206817 0.253607 0.144570 0.003894 0.375992 0.000122
0.015216 0.205507 0.253303 0.144592 0.003899 0.377356 0.000127
0.015092 0.206777 0.253164 0.144559 0.003859 0.376432 0.000119
0.015212 0.204827 0.252545 0.144102 0.003895 0.379301 0.000117
0.015199 0.205724 0.252847 0.144029 0.003887 0.378199 0.000116
0.015284 0.203974 0.252680 0.143932 0.003849 0.380165 0.000116
0.015219 0.203082 0.252230 0.143968 0.003892 0.381486 0.000122
0.015442 0.203435 0.251611 0.143892 0.003901 0.381597 0.000122
0.015497 0.202193 0.251985 0.143472 0.003950 0.382783 0.000119
0.015401 0.202860 0.251197 0.143656 0.003924 0.382844 0.000118
0.015396 0.199784 0.251295 0.143366 0.003947 0.386092 0.000120
0.015679 0.200915 0.251082 0.142887 0.003973 0.385329 0.000136
0.015273 0.199804 0.251319 0.143081 0.003942 0.386452 0.000128
0.015693 0.197996 0.250215 0.143153 0.003993 0.388823 0.000127
0.015498 0.197704 0.250201 0.142781 0.003990 0.389698 0.000127
0.015474 0.199334 0.250583 0.142530 0.003971 0.387974 0.000134
0.015465 0.197569 0.250112 0.142577 0.004003 0.390145 0.000129
0.015501 0.195837 0.250403 0.142670 0.003987 0.391480 0.000121
0.015675 0.195307 0.249651 0.142536 0.004037 0.392668 0.000126
0.015825 0.194720 0.249182 0.142075 0.003969 0.394100 0.000129
0.015946 0.194616 0.248995 0.141833 0.004004 0.394469 0.000136
0.015756 0.194183 0.248902 0.141742 0.004014 0.395274 0.000129
0.015944 0.193013 0.248579 0.142078 0.004094 0.396157 0.000133
0.015764 0.191102 0.248485 0.141738 0.004144 0.398644 0.000123
0.015782 0.193602 0.248322 0.141673 0.004077 0.396408 0.000134
0.015974 0.192821 0.247936 0.141229 0.004072 0.397831 0.000138
0.015979 0.191849 0.248196 0.141320 0.004080 0.398445 0.000132
0.015987 0.190591 0.247290 0.140975 0.004045 0.400975 0.000138
0.016336 0.191228 0.247334 0.140973 0.004069 0.399926 0.000135
0.015994 0.188155 0.247366 0.140759 0.004067 0.403524 0.000135
0.015935 0.188278 0.246977 0.140888 0.004078 0.403712 0.000132
0.016334 0.188390 0.246823 0.140896 0.004078 0.403344 0.000135
0.016131 0.188470 0.246572 0.140345 0.004076 0.404274 0.000132
0.016256 0.186359 0.246170 0.140507 0.004095 0.406463 0.000149
0.016123 0.185677 0.245805 0.140478 0.004147 0.407625 0.000144
0.016227 0.186087 0.246070 0.140340 0.004093 0.407048 0.000135
0.016180 0.185483 0.245673 0.140172 0.004150 0.408208 0.000135
0.016199 0.185351 0.245239 0.140039 0.004146 0.408893 0.000132
0.016467 0.184822 0.245101 0.139739 0.004157 0.409571 0.000144
0.016270 0.183878 0.245373 0.139689 0.004183 0.410471 0.000137
0.016422 0.182642 0.244816 0.139652 0.004150 0.412186 0.000131
0.016365 0.182561 0.244635 0.139351 0.004169 0.412779 0.000141
0.016616 0.183319 0.243931 0.139342 0.004189 0.412457 0.000145
0.016308 0.182366 0.244227 0.139452 0.004145 0.413360 0.000143
0.016493 0.182013 0.243468 0.139097 0.004177 0.414606 0.000146
0.016717 0.179973 0.243210 0.139039 0.004175 0.416739 0.000147
0.016377 0.180339 0.243185 0.138592 0.004135 0.417212 0.000161
0.016764 0.180122 0.243227 0.138672 0.004166 0.416904 0.000146
0.016626 0.178675 0.242942 0.138419 0.004142 0.419053 0.000142
0.016631 0.178826 0.242311 0.138443 0.004123 0.419531 0.000134
0.016609 0.177737 0.242381 0.138326 0.004214 0.420580 0.000154
0.016655 0.177136 0.241824 0.138102 0.004253 0.421885 0.000145
0.016512 0.177424 0.241641 0.137887 0.004187 0.422203 0.000145
0.016680 0.176155 0.241595 0.138041 0.004243 0.423140 0.000146
0.016724 0.175812 0.241595 0.137689 0.004236 0.423795 0.000148
0.016689 0.175062 0.240813 0.137499 0.004262 0.425519 0.000156
0.017038 0.174663 0.240317 0.137306 0.004223 0.426307 0.000145
0.016852 0.173710 0.240263 0.137223 0.004320 0.427481 0.000151
0.016912 0.174110 0.239778 0.136920 0.004221 0.427902 0.000158
0.017064 0.172793 0.239786 0.136846 0.004260 0.429095 0.000156
0.016915 0.172282 0.239631 0.136808 0.004291 0.429925 0.000148
0.017063 0.171017 0.239048 0.136336 0.004339 0.432042 0.000154
0.017168 0.172438 0.238829 0.136350 0.004285 0.430774 0.000157
0.017244 0.170507 0.238600 0.136290 0.004334 0.432866 0.000159
0.017100 0.172147 0.238599 0.135956 0.004270 0.431773 0.000156
0.017161 0.170348 0.238419 0.136205 0.004314 0.433399 0.000154
0.017244 0.170839 0.238185 0.135919 0.004316 0.433332 0.000164
0.017186 0.169545 0.238248 0.135822 0.004305 0.434733 0.000160
0.017434 0.167997 0.237526 0.135370 0.004342 0.437171 0.000161
0.017521 0.168842 0.236899 0.135620 0.004290 0.436674 0.000153
0.017255 0.168218 0.237087 0.135185 0.004293 0.437800 0.000160
0.017456 0.167296 0.236686 0.135356 0.004331 0.438709 0.000165
0.017571 0.166730 0.236935 0.134839 0.004375 0.439376 0.000174
0.017583 0.166669 0.236214 0.134836 0.004341 0.440193 0.000165
0.017701 0.166377 0.235519 0.134652 0.004381 0.441216 0.000154
0.017614 0.164758 0.235517 0.134567 0.004348 0.443026 0.000171
0.017747 0.164521 0.235057 0.134258 0.004418 0.443829 0.000171
0.017691 0.164768 0.235111 0.134314 0.004381 0.443550 0.000185
0.017770 0.163950 0.234512 0.134036 0.004364 0.445207 0.000162
0.017904 0.164429 0.234366 0.134020 0.004408 0.444703 0.000169
0.017926 0.163423 0.234372 0.133854 0.004383 0.445867 0.000175
0.017973 0.163414 0.234141 0.133619 0.004377 0.446304 0.000171
0.017974 0.162317 0.233674 0.133570 0.004389 0.447918 0.000160
0.018026 0.161599 0.233057 0.133464 0.004406 0.449285 0.000163
0.018075 0.162403 0.233211 0.133418 0.004458 0.448262 0.000172
0.018290 0.161319 0.232900 0.132965 0.004410 0.449946 0.000171
0.018172 0.160524 0.232629 0.132917 0.004445 0.451133 0.000180
0.018318 0.160988 0.232709 0.132986 0.004428 0.450399 0.000172
0.018278 0.159539 0.232132 0.132983 0.004467 0.452417 0.000184
0.018349 0.158530 0.231913 0.132334 0.004398 0.454301 0.000174
0.018371 0.159207 0.231477 0.132172 0.004466 0.454139 0.000167
0.018600 0.157963 0.231021 0.132084 0.004413 0.455753 0.000166
0.018198 0.157676 0.230603 0.132043 0.004419 0.456888 0.000173
0.018634 0.158056 0.230671 0.131968 0.004435 0.456072 0.000164
0.018571 0.158328 0.230703 0.131867 0.004456 0.455898 0.000178
0.018491 0.156976 0.230055 0.131292 0.004456 0.458561 0.000169
0.018392 0.156228 0.229862 0.131304 0.004540 0.459487 0.000187
0.018593 0.156521 0.230281 0.131477 0.004522 0.458433 0.000173
0.019064 0.155096 0.229414 0.131099 0.004486 0.460661 0.000179
0.018713 0.154936 0.229005 0.130868 0.004468 0.461832 0.000177
0.018740 0.154827 0.228813 0.130680 0.004524 0.462239 0.000176
0.018674 0.154050 0.228744 0.130707 0.004478 0.463168 0.000180
0.018689 0.154369 0.228084 0.130525 0.004549 0.463597 0.000187
0.018500 0.154543 0.228204 0.130394 0.004518 0.463647 0.000194
0.018690 0.153611 0.227830 0.130588 0.004567 0.464535 0.000180
0.018887 0.152670 0.227677 0.130268 0.004532 0.465791 0.000174
0.018891 0.151716 0.226687 0.130277 0.004564 0.467674 0.000192
0.018937 0.152590 0.227043 0.129999 0.004519 0.466731 0.000181
0.018863 0.151414 0.226960 0.129985 0.004538 0.468052 0.000188
0.018971 0.150763 0.226589 0.129468 0.004623 0.469394 0.000192
0.019018 0.150131 0.225904 0.129270 0.004564 0.470931 0.000181
0.019251 0.149843 0.225763 0.129020 0.004529 0.471408 0.000186
0.019133 0.149666 0.225403 0.128983 0.004555 0.472073 0.000187
0.019156 0.149622 0.225391 0.128519 0.004580 0.472554 0.000179
0.019338 0.149015 0.224912 0.128387 0.004605 0.473558 0.000184
0.019339 0.148422 0.224570 0.128357 0.004585 0.474539 0.000188
0.019248 0.148554 0.224566 0.128385 0.004600 0.474443 0.000205
0.019269 0.147790 0.224188 0.128057 0.004582 0.475917 0.000197
0.019443 0.147225 0.223940 0.127879 0.004610 0.476702 0.000201
0.019460 0.147694 0.223251 0.127886 0.004600 0.476922 0.000186
0.019694 0.146707 0.223004 0.127563 0.004627 0.478202 0.000203
0.019697 0.147138 0.223043 0.127559 0.004586 0.477776 0.000201
0.019726 0.146040 0.223198 0.127495 0.004696 0.478649 0.000196
0.019876 0.146292 0.222432 0.127132 0.004608 0.479451 0.000209
0.019668 0.145191 0.222422 0.126785 0.004614 0.481121 0.000199
0.019763 0.145448 0.222197 0.126857 0.004660 0.480873 0.000202
0.019614 0.144486 0.221574 0.126582 0.004588 0.482960 0.000196
0.019745 0.144951 0.221211 0.126604 0.004716 0.482581 0.000192
0.019823 0.144095 0.221363 0.126279 0.004665 0.483574 0.000200
0.020047 0.144428 0.221008 0.126145 0.004698 0.483475 0.000199
0.019835 0.143287 0.220666 0.126082 0.004704 0.485215 0.000210
0.020008 0.143329 0.220309 0.125772 0.004678 0.485695 0.000209
0.019723 0.142465 0.220087 0.125891 0.004679 0.486950 0.000205
0.020010 0.143285 0.219838 0.125320 0.004666 0.486674 0.000208
0.020292 0.141697 0.219421 0.125391 0.004706 0.488289 0.000205
0.020132 0.141926 0.219179 0.125378 0.004692 0.488483 0.000210
0.020103 0.141169 0.218762 0.125254 0.004672 0.489836 0.000205
