0.999116 0.000853 0.000021 0.000010 0.000000 0.000000 0.000000
0.998686 0.001269 0.000027 0.000006 0.000000 0.000012 0.000000
0.998229 0.001710 0.000039 0.000010 0.000000 0.000013 0.000000
0.997752 0.002172 0.000048 0.000014 0.000000 0.000014 0.000000
0.997208 0.002707 0.000054 0.000018 0.000000 0.000013 0.000000
0.996638 0.003268 0.000059 0.000022 0.000000 0.000012 0.000000
0.996053 0.003846 0.000068 0.000021 0.000000 0.000012 0.000000
0.995443 0.004443 0.000078 0.000024 0.000000 0.000013 0.000000
0.994543 0.005343 0.000081 0.000022 0.000000 0.000012 0.000000
0.993386 0.006496 0.000083 0.000024 0.000000 0.000011 0.000000
0.992090 0.007769 0.000096 0.000035 0.000000 0.000010 0.000000
0.989810 0.010030 0.000105 0.000045 0.000000 0.000009 0.000000
0.988306 0.011505 0.000132 0.000048 0.000000 0.000009 0.000000
0.986387 0.013386 0.000156 0.000063 0.000000 0.000008 0.000000
0.983378 0.016364 0.000162 0.000089 0.000000 0.000007 0.000000
0.980114 0.019585 0.000185 0.000111 0.000000 0.000006 0.000000
0.976748 0.022867 0.000248 0.000131 0.000000 0.000006 0.000000
0.971581 0.027883 0.000350 0.000182 0.000000 0.000005 0.000000
0.966779 0.032540 0.000456 0.000221 0.000000 0.000004 0.000000
0.961154 0.038044 0.000519 0.000279 0.000000 0.000004 0.000000
0.955243 0.043873 0.000555 0.000325 0.000000 0.000003 0.000000
0.948426 0.050523 0.000681 0.000367 0.000000 0.000003 0.000000
0.939889 0.058864 0.000828 0.000414 0.000000 0.000006 0.000000
0.930356 0.068150 0.000987 0.000499 0.000000 0.000008 0.000000
0.921399 0.076836 0.001149 0.000600 0.000000 0.000016 0.000000
0.911171 0.086831 0.001283 0.000695 0.000000 0.000020 0.000000
0.898868 0.098817 0.001490 0.000803 0.000000 0.000022 0.000000
0.886368 0.110974 0.001691 0.000941 0.000000 0.000026 0.000000
0.874350 0.122669 0.001903 0.001046 0.000000 0.000032 0.000000
0.860616 0.135960 0.002168 0.001223 0.000000 0.000033 0.000000
0.846863 0.149265 0.002457 0.001370 0.000000 0.000044 0.000000
0.832169 0.163514 0.002771 0.001495 0.000000 0.000052 0.000000
0.816636 0.178533 0.003092 0.001685 0.000000 0.000055 0.000000
0.800549 0.194016 0.003444 0.001932 0.000000 0.000059 0.000000
0.785874 0.208179 0.003777 0.002093 0.000000 0.000076 0.000000
0.769502 0.223961 0.004100 0.002348 0.000000 0.000089 0.000000
0.753935 0.238826 0.004555 0.002581 0.000001 0.000103 0.000000
0.739982 0.252177 0.004914 0.002812 0.000003 0.000112 0.000000
0.724540 0.266882 0.005353 0.003088 0.000003 0.000134 0.000000
0.709516 0.281142 0.005852 0.003341 0.000003 0.000145 0.000000
0.691078 0.298713 0.006381 0.003649 0.000003 0.000175 0.000000
0.674176 0.314689 0.006945 0.003994 0.000004 0.000191 0.000000
0.660414 0.327691 0.007385 0.004288 0.000004 0.000219 0.000000
0.644767 0.342473 0.007923 0.004580 0.000004 0.000252 0.000000
0.631021 0.355327 0.008476 0.004894 0.000004 0.000278 0.000000
0.615259 0.370037 0.009141 0.005253 0.000004 0.000306 0.000000
0.602412 0.382026 0.009703 0.005528 0.000004 0.000328 0.000000
0.587352 0.395925 0.010446 0.005912 0.000003 0.000362 0.000000
0.574475 0.407759 0.011097 0.006268 0.000003 0.000397 0.000000
0.562327 0.418799 0.011790 0.006647 0.000003 0.000433 0.000000
0.552405 0.427811 0.012334 0.006977 0.000004 0.000470 0.000000
0.540019 0.439082 0.013035 0.007362 0.000006 0.000495 0.000000
0.527472 0.450529 0.013731 0.007719 0.000005 0.000543 0.000000
0.514449 0.462232 0.014481 0.008240 0.000005 0.000592 0.000000
0.505831 0.469870 0.015100 0.008572 0.000005 0.000622 0.000000
0.496544 0.477931 0.015798 0.009028 0.000005 0.000695 0.000000
0.486456 0.486879 0.016484 0.009439 0.000004 0.000739 0.000000
0.478001 0.494160 0.017139 0.009887 0.000005 0.000807 0.000000
0.466686 0.504024 0.018033 0.010391 0.000007 0.000859 0.000000
0.457397 0.511862 0.018947 0.010840 0.000010 0.000944 0.000000
0.446003 0.521936 0.019808 0.011243 0.000009 0.001001 0.000000
0.445324 0.521929 0.020214 0.011483 0.000009 0.001041 0.000000
0.429458 0.535547 0.021583 0.012254 0.000010 0.001147 0.000000
0.425101 0.538973 0.022151 0.012576 0.000012 0.001187 0.000000
0.420802 0.542113 0.022849 0.012964 0.000015 0.001257 0.000000
0.409967 0.551262 0.023838 0.013574 0.000018 0.001340 0.000000
0.403599 0.556488 0.024513 0.013966 0.000017 0.001416 0.000000
0.397088 0.561517 0.025387 0.014481 0.000020 0.001506 0.000000
0.389527 0.567717 0.026186 0.014943 0.000018 0.001610 0.000000
0.382780 0.573010 0.027069 0.015434 0.000021 0.001686 0.000000
0.375223 0.578709 0.028133 0.016108 0.000024 0.001803 0.000000
0.363380 0.588595 0.029344 0.016750 0.000025 0.001905 0.000000
0.357949 0.592463 0.030289 0.017257 0.000027 0.002014 0.000000
0.351617 0.597100 0.031269 0.017854 0.000027 0.002133 0.000001
0.345293 0.601905 0.032124 0.018409 0.000025 0.002243 0.000001
0.342363 0.603924 0.032674 0.018707 0.000027 0.002304 0.000001
0.330378 0.613208 0.034296 0.019612 0.000029 0.002476 0.000001
0.323029 0.618805 0.035348 0.020205 0.000031 0.002581 0.000000
0.313153 0.626244 0.036763 0.021058 0.000035 0.002747 0.000001
0.309792 0.628580 0.037338 0.021419 0.000032 0.002839 0.000000
0.302359 0.633874 0.038600 0.022134 0.000034 0.002999 0.000000
0.296947 0.637465 0.039655 0.022742 0.000036 0.003154 0.000001
0.287035 0.644607 0.041325 0.023664 0.000038 0.003331 0.000001
0.279427 0.650236 0.042527 0.024261 0.000045 0.003503 0.000000
0.269821 0.656975 0.044144 0.025276 0.000045 0.003738 0.000001
0.264434 0.660505 0.045254 0.025901 0.000049 0.003857 0.000001
0.254464 0.667302 0.047196 0.026921 0.000052 0.004065 0.000001
0.250616 0.669095 0.048336 0.027587 0.000057 0.004308 0.000000
0.248064 0.670341 0.049192 0.027920 0.000058 0.004425 0.000001
0.238629 0.676157 0.051345 0.029101 0.000060 0.004707 0.000001
0.231690 0.680612 0.052690 0.029923 0.000064 0.005019 0.000001
0.228716 0.681716 0.053848 0.030465 0.000070 0.005183 0.000001
0.227161 0.681672 0.054701 0.031050 0.000071 0.005345 0.000001
0.220710 0.685072 0.056473 0.032071 0.000074 0.005599 0.000001
0.216386 0.687073 0.057836 0.032752 0.000077 0.005874 0.000001
0.208299 0.692210 0.059613 0.033649 0.000082 0.006146 0.000001
0.205794 0.692337 0.060868 0.034499 0.000080 0.006421 0.000001
0.198225 0.696837 0.062730 0.035411 0.000089 0.006706 0.000001
0.195206 0.697681 0.063845 0.036213 0.000090 0.006963 0.000001
0.194425 0.696264 0.065172 0.036872 0.000088 0.007177 0.000001
0.188302 0.699303 0.066900 0.037892 0.000099 0.007502 0.000001
0.181311 0.703504 0.068524 0.038735 0.000100 0.007825 0.000001
0.176005 0.705488 0.070437 0.039768 0.000106 0.008195 0.000002
0.172479 0.706139 0.072004 0.040724 0.000105 0.008546 0.000002
0.173104 0.703698 0.073006 0.041270 0.000111 0.008808 0.000002
0.169726 0.704324 0.074503 0.042171 0.000117 0.009156 0.000002
0.171826 0.700863 0.075215 0.042576 0.000124 0.009393 0.000003
0.168134 0.701217 0.076957 0.043757 0.000121 0.009811 0.000002
0.164906 0.702033 0.078365 0.044416 0.000127 0.010151 0.000002
0.158211 0.704929 0.080509 0.045591 0.000132 0.010626 0.000002
0.159902 0.702145 0.081049 0.045982 0.000133 0.010786 0.000002
0.152904 0.705239 0.083224 0.047130 0.000145 0.011356 0.000002
0.149167 0.706430 0.084746 0.047837 0.000147 0.011670 0.000002
0.148809 0.704273 0.086070 0.048715 0.000153 0.011979 0.000002
0.144495 0.706147 0.087248 0.049582 0.000161 0.012365 0.000002
0.140827 0.706087 0.089383 0.050646 0.000166 0.012889 0.000003
0.136816 0.707004 0.091032 0.051663 0.000171 0.013313 0.000002
0.135086 0.706401 0.092295 0.052271 0.000172 0.013771 0.000003
0.134494 0.704865 0.093466 0.052923 0.000172 0.014077 0.000003
0.122781 0.710998 0.096609 0.054589 0.000189 0.014831 0.000003
0.122912 0.709706 0.097175 0.054919 0.000189 0.015096 0.000003
0.119071 0.710540 0.098889 0.055802 0.000196 0.015499 0.000003
0.115306 0.711480 0.100377 0.056679 0.000211 0.015945 0.000003
0.111366 0.711854 0.102205 0.057738 0.000209 0.016625 0.000003
0.104784 0.714029 0.104741 0.059054 0.000220 0.017170 0.000003
0.102506 0.712114 0.106861 0.060296 0.000230 0.017990 0.000003
0.096360 0.715000 0.108723 0.061208 0.000236 0.018470 0.000003
0.094895 0.714010 0.109969 0.062064 0.000239 0.018820 0.000003
0.102771 0.707341 0.109295 0.061568 0.000230 0.018792 0.000003
0.100085 0.704229 0.112214 0.063423 0.000254 0.019791 0.000003
0.099446 0.703746 0.112944 0.063599 0.000255 0.020007 0.000003
0.097147 0.701895 0.115120 0.064858 0.000270 0.020708 0.000003
0.101250 0.695756 0.115957 0.065541 0.000266 0.021227 0.000003
0.095570 0.697818 0.117924 0.066584 0.000272 0.021829 0.000003
0.093161 0.696556 0.119851 0.067688 0.000273 0.022468 0.000004
0.096871 0.693019 0.119770 0.067525 0.000281 0.022531 0.000003
0.098303 0.688787 0.121165 0.068285 0.000293 0.023164 0.000003
0.095497 0.688373 0.122729 0.069285 0.000301 0.023811 0.000003
0.095053 0.686633 0.123797 0.069911 0.000301 0.024301 0.000003
0.091258 0.686005 0.126251 0.071182 0.000325 0.024976 0.000003
0.093189 0.682219 0.127038 0.071722 0.000323 0.025506 0.000004
0.090520 0.682317 0.128273 0.072325 0.000320 0.026241 0.000004
0.090502 0.680916 0.128928 0.072705 0.000333 0.026611 0.000004
0.088838 0.680019 0.130241 0.073438 0.000327 0.027133 0.000004
0.090229 0.676202 0.131284 0.074218 0.000339 0.027723 0.000005
0.085147 0.677066 0.133514 0.075402 0.000349 0.028519 0.000004
0.086229 0.675613 0.133506 0.075518 0.000356 0.028773 0.000004
0.075766 0.679168 0.137256 0.077491 0.000355 0.029961 0.000004
0.074284 0.677526 0.138784 0.078378 0.000363 0.030662 0.000004
0.071562 0.677877 0.139921 0.079058 0.000373 0.031203 0.000005
0.071703 0.676124 0.140699 0.079513 0.000386 0.031571 0.000005
0.067658 0.677471 0.142094 0.080136 0.000385 0.032251 0.000005
0.065972 0.674612 0.144330 0.081327 0.000394 0.033362 0.000004
0.061013 0.675936 0.146077 0.082603 0.000403 0.033964 0.000004
0.058283 0.674952 0.148075 0.083562 0.000422 0.034703 0.000004
0.058005 0.673929 0.148404 0.084043 0.000434 0.035181 0.000004
0.052943 0.673269 0.151387 0.085618 0.000438 0.036340 0.000004
0.051583 0.671586 0.153009 0.086478 0.000436 0.036902 0.000005
0.052323 0.667849 0.154180 0.087305 0.000458 0.037880 0.000006
0.053894 0.665393 0.154569 0.087472 0.000465 0.038203 0.000005
0.053158 0.663279 0.155899 0.088298 0.000483 0.038879 0.000005
0.051185 0.662602 0.157225 0.089035 0.000491 0.039457 0.000005
0.049604 0.661256 0.158653 0.089794 0.000488 0.040199 0.000006
0.048763 0.657105 0.161132 0.090975 0.000494 0.041525 0.000005
0.050197 0.654884 0.161460 0.091141 0.000506 0.041807 0.000004
0.050849 0.652413 0.162035 0.091775 0.000516 0.042405 0.000006
0.046495 0.651058 0.164957 0.093385 0.000540 0.043561 0.000005
0.044766 0.651186 0.165860 0.093643 0.000533 0.044007 0.000006
0.046497 0.648478 0.166051 0.093857 0.000549 0.044563 0.000004
0.042995 0.646412 0.168947 0.095263 0.000554 0.045824 0.000005
0.042533 0.645768 0.168898 0.095755 0.000559 0.046481 0.000006
0.042528 0.643045 0.170345 0.096388 0.000579 0.047109 0.000006
0.039910 0.643273 0.171667 0.096984 0.000570 0.047589 0.000006
0.035755 0.639125 0.175410 0.099368 0.000606 0.049731 0.000005
0.037472 0.638127 0.175090 0.098860 0.000612 0.049831 0.000007
0.036757 0.634987 0.176680 0.099808 0.000613 0.051149 0.000007
0.036338 0.634766 0.177096 0.099764 0.000614 0.051415 0.000007
0.038914 0.630215 0.177729 0.100432 0.000614 0.052091 0.000006
0.039961 0.628006 0.178244 0.100592 0.000623 0.052568 0.000007
0.039050 0.625183 0.180010 0.101425 0.000648 0.053678 0.000006
0.039048 0.622694 0.181006 0.102223 0.000644 0.054379 0.000007
0.037344 0.620961 0.182290 0.103248 0.000655 0.055496 0.000006
0.039795 0.615806 0.183475 0.103798 0.000677 0.056441 0.000007
0.048921 0.612213 0.180554 0.102007 0.000674 0.055623 0.000007
0.043646 0.610099 0.184120 0.103936 0.000679 0.057510 0.000009
0.045997 0.605529 0.184961 0.104429 0.000691 0.058385 0.000008
0.046882 0.605453 0.184195 0.104346 0.000709 0.058407 0.000008
0.047469 0.602398 0.185400 0.104763 0.000717 0.059246 0.000007
0.047617 0.600282 0.186116 0.105251 0.000723 0.060005 0.000007
0.047412 0.599393 0.186588 0.105333 0.000734 0.060532 0.000009
0.046116 0.596431 0.188399 0.106386 0.000747 0.061914 0.000008
0.044779 0.594410 0.189592 0.107395 0.000774 0.063041 0.000009
0.043434 0.594682 0.190218 0.107567 0.000757 0.063337 0.000007
0.041902 0.592775 0.191859 0.108287 0.000775 0.064391 0.000010
0.041795 0.591914 0.191999 0.108571 0.000786 0.064926 0.000008
0.046235 0.586446 0.192471 0.108574 0.000788 0.065475 0.000011
0.045214 0.586166 0.192788 0.108706 0.000790 0.066329 0.000008
0.047484 0.583616 0.192666 0.108857 0.000794 0.066575 0.000008
0.042270 0.583851 0.194966 0.110193 0.000807 0.067903 0.000009
0.040831 0.581369 0.196492 0.111257 0.000806 0.069236 0.000008
0.040931 0.579554 0.197204 0.111355 0.000807 0.070142 0.000006
0.045138 0.575398 0.196880 0.111386 0.000821 0.070369 0.000008
0.042094 0.576270 0.197678 0.111982 0.000823 0.071145 0.000008
0.039780 0.573404 0.199971 0.113148 0.000856 0.072831 0.000011
0.038762 0.572663 0.200852 0.113588 0.000852 0.073273 0.000009
0.037110 0.572180 0.201583 0.113987 0.000863 0.074267 0.000010
0.037721 0.571591 0.201464 0.114002 0.000868 0.074348 0.000007
0.041578 0.565468 0.202030 0.114292 0.000881 0.075741 0.000010
0.041994 0.564815 0.201958 0.114499 0.000876 0.075851 0.000008
0.040670 0.563104 0.203438 0.115009 0.000887 0.076884 0.000009
0.042164 0.560381 0.203598 0.115469 0.000896 0.077482 0.000010
0.036742 0.558074 0.207162 0.117290 0.000916 0.079806 0.000009
0.040774 0.555829 0.206202 0.116455 0.000936 0.079794 0.000010
0.038885 0.553962 0.207536 0.117527 0.000952 0.081128 0.000010
0.042513 0.552073 0.206249 0.117147 0.000940 0.081067 0.000011
0.038108 0.551953 0.208523 0.117990 0.000956 0.082461 0.000010
0.038402 0.549326 0.209086 0.118425 0.000961 0.083789 0.000011
0.036606 0.547528 0.210896 0.119384 0.000995 0.084580 0.000011
0.038565 0.547332 0.209923 0.118609 0.000981 0.084578 0.000012
0.035655 0.546782 0.211195 0.119581 0.001001 0.085774 0.000011
0.033777 0.544787 0.212928 0.120475 0.001014 0.087008 0.000011
0.032151 0.542421 0.214586 0.121404 0.001029 0.088400 0.000010
0.041293 0.535791 0.212667 0.120603 0.001038 0.088594 0.000014
0.048544 0.532178 0.211071 0.119218 0.001020 0.087957 0.000013
0.047719 0.527939 0.213080 0.120332 0.001059 0.089856 0.000014
0.043008 0.529150 0.214317 0.121291 0.001056 0.091170 0.000009
0.048140 0.527333 0.212666 0.120125 0.001060 0.090665 0.000011
0.044973 0.526713 0.213860 0.121351 0.001089 0.092003 0.000010
0.047679 0.523951 0.213828 0.120990 0.001104 0.092436 0.000012
0.051994 0.522225 0.212422 0.120020 0.001078 0.092248 0.000013
0.044543 0.521408 0.215837 0.122218 0.001098 0.094885 0.000012
0.042346 0.520087 0.217302 0.122938 0.001126 0.096187 0.000014
0.045334 0.517475 0.216826 0.122662 0.001101 0.096589 0.000013
0.039849 0.517185 0.219240 0.123940 0.001147 0.098624 0.000014
0.041810 0.517643 0.218079 0.123360 0.001119 0.097974 0.000015
0.036521 0.515999 0.220871 0.124928 0.001190 0.100478 0.000013
0.036507 0.515149 0.221027 0.125198 0.001172 0.100932 0.000015
0.036971 0.514372 0.220918 0.125081 0.001189 0.101454 0.000016
0.033753 0.514905 0.222130 0.125669 0.001200 0.102327 0.000016
0.032791 0.511219 0.223848 0.126645 0.001209 0.104273 0.000016
0.030847 0.509589 0.225453 0.127153 0.001242 0.105702 0.000015
0.028900 0.510183 0.225888 0.127688 0.001242 0.106081 0.000019
0.029757 0.510950 0.224864 0.127176 0.001210 0.106026 0.000018
0.027482 0.507839 0.227074 0.128377 0.001228 0.107982 0.000018
0.027008 0.506332 0.227531 0.128735 0.001258 0.109117 0.000020
0.025823 0.505355 0.228380 0.129310 0.001251 0.109863 0.000018
0.023796 0.503447 0.230330 0.129978 0.001263 0.111167 0.000020
0.021818 0.499519 0.232283 0.131517 0.001306 0.113541 0.000017
0.022122 0.498474 0.232253 0.131301 0.001302 0.114532 0.000016
0.021086 0.497642 0.232885 0.132039 0.001324 0.115008 0.000017
0.020865 0.496835 0.233335 0.131896 0.001338 0.115715 0.000016
0.020783 0.495035 0.233882 0.132234 0.001342 0.116704 0.000020
0.019902 0.493913 0.234508 0.132796 0.001351 0.117509 0.000020
0.019488 0.490638 0.235407 0.133511 0.001397 0.119539 0.000018
0.018386 0.488815 0.236832 0.134141 0.001429 0.120377 0.000020
0.018073 0.487027 0.237364 0.134386 0.001414 0.121713 0.000022
0.017152 0.485037 0.238430 0.135157 0.001412 0.122797 0.000016
0.017111 0.482658 0.238986 0.135394 0.001460 0.124372 0.000019
0.016585 0.480940 0.239652 0.135941 0.001459 0.125408 0.000016
0.016376 0.479014 0.240589 0.136190 0.001472 0.126341 0.000018
0.016827 0.479313 0.239823 0.136059 0.001459 0.126498 0.000020
0.015641 0.475255 0.241624 0.137075 0.001480 0.128906 0.000019
0.015486 0.473994 0.242255 0.137344 0.001502 0.129401 0.000017
0.015539 0.471542 0.242566 0.137907 0.001518 0.130912 0.000017
0.015788 0.472122 0.242236 0.137332 0.001526 0.130973 0.000022
0.015017 0.468264 0.243729 0.138612 0.001533 0.132826 0.000018
0.015012 0.466406 0.244383 0.138803 0.001558 0.133819 0.000019
0.015108 0.465240 0.244583 0.138651 0.001565 0.134834 0.000019
0.015023 0.464296 0.244846 0.138770 0.001570 0.135477 0.000018
0.014565 0.460399 0.246234 0.139589 0.001592 0.137605 0.000018
0.014380 0.458895 0.246640 0.139966 0.001586 0.138515 0.000018
0.014255 0.457767 0.246889 0.140204 0.001585 0.139282 0.000018
0.014302 0.455394 0.247432 0.140499 0.001568 0.140788 0.000017
0.014273 0.453699 0.248057 0.140738 0.001635 0.141579 0.000019
0.013941 0.451249 0.249040 0.141192 0.001601 0.142958 0.000019
0.013924 0.449961 0.249024 0.141462 0.001628 0.143980 0.000021
0.014051 0.448733 0.249485 0.141162 0.001625 0.144923 0.000022
0.014078 0.448275 0.249173 0.141437 0.001626 0.145391 0.000020
0.013708 0.444550 0.250657 0.141973 0.001671 0.147420 0.000021
0.013418 0.441814 0.251615 0.142605 0.001676 0.148851 0.000021
0.013836 0.442340 0.250721 0.142343 0.001687 0.149051 0.000022
0.013484 0.439337 0.251749 0.142791 0.001722 0.150893 0.000024
0.013697 0.439508 0.251687 0.142670 0.001677 0.150742 0.000019
0.013405 0.437609 0.252304 0.142980 0.001736 0.151943 0.000023
0.013428 0.434061 0.253278 0.143656 0.001749 0.153809 0.000019
0.013193 0.432324 0.253621 0.143532 0.001766 0.155536 0.000027
0.013377 0.432991 0.253322 0.143438 0.001746 0.155103 0.000024
0.013175 0.430831 0.253669 0.143867 0.001740 0.156695 0.000023
0.013313 0.428413 0.254303 0.144315 0.001766 0.157866 0.000024
0.012969 0.424560 0.255416 0.145132 0.001788 0.160111 0.000024
0.013247 0.426321 0.254794 0.144548 0.001765 0.159302 0.000023
0.013110 0.423946 0.255355 0.144822 0.001786 0.160957 0.000025
0.013155 0.423896 0.255335 0.145045 0.001803 0.160741 0.000024
0.013114 0.421803 0.255653 0.145306 0.001801 0.162301 0.000023
0.012967 0.419322 0.256631 0.145521 0.001811 0.163723 0.000026
0.012943 0.419965 0.255975 0.145165 0.001817 0.164108 0.000027
0.013065 0.416789 0.256771 0.145547 0.001875 0.165928 0.000026
0.012853 0.414353 0.257589 0.146032 0.001832 0.167312 0.000029
0.012928 0.415048 0.257485 0.145792 0.001876 0.166843 0.000029
0.012788 0.412045 0.258133 0.146325 0.001867 0.168815 0.000026
0.012729 0.409090 0.258775 0.146945 0.001879 0.170555 0.000027
0.012847 0.409634 0.258358 0.146299 0.001920 0.170913 0.000029
0.012776 0.407046 0.259029 0.146828 0.001933 0.172363 0.000025
0.012595 0.403887 0.260236 0.147096 0.001924 0.174232 0.000030
0.012747 0.405093 0.259278 0.146939 0.001968 0.173945 0.000030
0.012575 0.403682 0.259686 0.146965 0.001965 0.175099 0.000029
0.012596 0.400832 0.260209 0.147586 0.001989 0.176761 0.000027
0.012639 0.398737 0.260593 0.147702 0.001985 0.178315 0.000028
0.012568 0.397281 0.260942 0.148106 0.002007 0.179068 0.000028
0.012586 0.396165 0.261126 0.147906 0.002006 0.180180 0.000032
0.012578 0.396427 0.260846 0.147828 0.001989 0.180303 0.000029
0.012536 0.395950 0.260795 0.147988 0.002025 0.180680 0.000027
0.012333 0.391575 0.261940 0.148740 0.002059 0.183326 0.000028
0.012503 0.390297 0.261932 0.148921 0.002046 0.184274 0.000027
0.012671 0.391337 0.261568 0.148224 0.001995 0.184172 0.000033
0.012512 0.388291 0.262189 0.148288 0.002088 0.186604 0.000029
0.012737 0.387187 0.262898 0.148508 0.002120 0.186517 0.000033
0.012379 0.384500 0.262993 0.149050 0.002119 0.188926 0.000033
0.012362 0.383294 0.263487 0.149114 0.002114 0.189595 0.000034
0.012396 0.383997 0.263034 0.148893 0.002102 0.189546 0.000033
0.012242 0.380865 0.263622 0.149187 0.002143 0.191909 0.000031
0.012330 0.379361 0.263887 0.149632 0.002169 0.192587 0.000033
0.012447 0.378372 0.263939 0.149730 0.002171 0.193309 0.000031
0.012429 0.376716 0.264214 0.149650 0.002203 0.194755 0.000033
0.012317 0.375225 0.264365 0.149722 0.002200 0.196140 0.000030
0.012391 0.374451 0.264581 0.150110 0.002204 0.196231 0.000032
0.012394 0.373252 0.264610 0.149864 0.002193 0.197650 0.000038
0.012365 0.371147 0.264910 0.150135 0.002223 0.199182 0.000038
0.012377 0.370088 0.264841 0.150339 0.002220 0.200100 0.000035
0.012332 0.367886 0.265550 0.150445 0.002243 0.201510 0.000035
0.012536 0.367871 0.264971 0.150558 0.002246 0.201784 0.000033
0.012346 0.365228 0.265928 0.150385 0.002264 0.203810 0.000039
0.012446 0.364274 0.265954 0.150876 0.002262 0.204153 0.000034
0.012465 0.363494 0.265700 0.150871 0.002242 0.205187 0.000040
0.012349 0.362464 0.265941 0.150662 0.002282 0.206261 0.000042
0.012425 0.360146 0.266331 0.150884 0.002249 0.207929 0.000037
0.012235 0.356540 0.267068 0.151441 0.002308 0.210366 0.000041
0.012364 0.360138 0.266128 0.150614 0.002271 0.208445 0.000041
0.012255 0.357997 0.266568 0.150800 0.002281 0.210053 0.000046
0.012417 0.356305 0.266441 0.151033 0.002321 0.211440 0.000044
0.012328 0.354428 0.266821 0.151162 0.002318 0.212903 0.000040
0.012395 0.353098 0.266693 0.151434 0.002338 0.214002 0.000040
0.012422 0.352354 0.267279 0.150973 0.002354 0.214575 0.000044
0.012296 0.349987 0.267089 0.151458 0.002367 0.216765 0.000037
0.012286 0.350108 0.267147 0.151112 0.002395 0.216912 0.000040
0.012353 0.349346 0.267550 0.150966 0.002388 0.217357 0.000041
0.012405 0.346356 0.267460 0.151597 0.002440 0.219696 0.000046
0.012290 0.345243 0.267799 0.151556 0.002421 0.220652 0.000039
0.012289 0.342748 0.268184 0.151763 0.002444 0.222527 0.000044
0.012455 0.342614 0.268045 0.151730 0.002447 0.222667 0.000043
0.012296 0.341434 0.267994 0.152264 0.002472 0.223497 0.000042
0.012302 0.341751 0.267787 0.151807 0.002461 0.223848 0.000043
0.012479 0.340398 0.267478 0.151888 0.002466 0.225249 0.000042
0.012405 0.340034 0.267491 0.151893 0.002461 0.225670 0.000045
0.012496 0.336702 0.267977 0.152067 0.002493 0.228221 0.000044
0.012318 0.334057 0.268849 0.152090 0.002517 0.230122 0.000046
0.012245 0.333448 0.268796 0.152292 0.002533 0.230645 0.000040
0.012358 0.332292 0.268701 0.152180 0.002532 0.231892 0.000044
0.012421 0.333001 0.268305 0.152101 0.002511 0.231613 0.000048
0.012294 0.330450 0.268584 0.152159 0.002545 0.233927 0.000041
0.012524 0.330141 0.268540 0.152004 0.002562 0.234187 0.000043
0.012355 0.328376 0.268360 0.152456 0.002591 0.235815 0.000047
0.012540 0.327891 0.268379 0.152187 0.002566 0.236392 0.000045
0.012429 0.325287 0.268848 0.152322 0.002598 0.238472 0.000044
0.012418 0.325686 0.268622 0.152443 0.002614 0.238173 0.000043
0.012471 0.324213 0.268487 0.152441 0.002631 0.239711 0.000045
0.012533 0.321024 0.268783 0.152382 0.002651 0.242589 0.000039
0.012409 0.321288 0.268554 0.152768 0.002656 0.242282 0.000043
0.012355 0.319909 0.268839 0.152463 0.002657 0.243729 0.000048
0.012470 0.318897 0.269178 0.152255 0.002656 0.244499 0.000045
0.012439 0.317783 0.269156 0.152437 0.002657 0.245480 0.000048
0.012192 0.317433 0.268768 0.152399 0.002646 0.246517 0.000045
0.012443 0.315599 0.269084 0.152740 0.002707 0.247375 0.000051
0.012574 0.314784 0.268747 0.152647 0.002726 0.248477 0.000045
0.012439 0.312710 0.269257 0.152717 0.002690 0.250140 0.000048
0.012423 0.312680 0.268775 0.152576 0.002724 0.250773 0.000049
0.012587 0.311857 0.268678 0.152349 0.002742 0.251736 0.000051
0.012538 0.310102 0.269187 0.152431 0.002744 0.252948 0.000050
0.012672 0.309502 0.268934 0.152536 0.002728 0.253581 0.000048
0.012631 0.308855 0.268461 0.152610 0.002798 0.254591 0.000054
0.012500 0.307299 0.269369 0.152531 0.002760 0.255489 0.000053
0.012421 0.305292 0.269355 0.152963 0.002841 0.257082 0.000047
0.012818 0.306091 0.269167 0.152494 0.002792 0.256594 0.000046
0.012424 0.302972 0.269239 0.152710 0.002814 0.259787 0.000054
0.012725 0.303232 0.269062 0.152586 0.002859 0.259487 0.000050
0.012629 0.302161 0.269009 0.152617 0.002812 0.260723 0.000049
0.012719 0.299281 0.268868 0.152661 0.002831 0.263581 0.000059
0.012745 0.299427 0.269213 0.152470 0.002844 0.263247 0.000054
0.012606 0.298615 0.268926 0.152775 0.002892 0.264131 0.000055
0.012579 0.296913 0.268970 0.152957 0.002905 0.265619 0.000057
0.012735 0.294985 0.269335 0.152394 0.002924 0.267567 0.000059
0.012572 0.295893 0.269075 0.152566 0.002902 0.266936 0.000056
0.012663 0.294977 0.269250 0.152261 0.002918 0.267879 0.000052
0.012710 0.291660 0.269052 0.152309 0.002963 0.271249 0.000056
0.012600 0.293782 0.269032 0.152131 0.002923 0.269473 0.000059
0.012778 0.291523 0.269417 0.152390 0.002916 0.270917 0.000058
0.012636 0.289614 0.269012 0.152244 0.002945 0.273497 0.000051
0.012586 0.288830 0.268851 0.152543 0.002972 0.274164 0.000054
0.012692 0.288034 0.268634 0.152546 0.002988 0.275046 0.000060
0.012733 0.288427 0.268933 0.152043 0.002942 0.274866 0.000057
0.012782 0.287248 0.268681 0.152361 0.002945 0.275927 0.000055
0.012835 0.285510 0.268892 0.152240 0.002994 0.277472 0.000057
0.012848 0.282590 0.268952 0.152279 0.002992 0.280276 0.000065
0.012740 0.281647 0.268573 0.152270 0.003043 0.281671 0.000056
0.012775 0.281972 0.268691 0.151973 0.003018 0.281513 0.000058
0.012866 0.281996 0.268755 0.152027 0.003041 0.281260 0.000055
0.012848 0.280687 0.268507 0.151986 0.003046 0.282866 0.000060
0.013061 0.280793 0.268102 0.152146 0.003061 0.282775 0.000063
0.012662 0.276600 0.268394 0.152098 0.003065 0.287116 0.000065
0.013068 0.277285 0.268371 0.152059 0.003100 0.286050 0.000066
0.012991 0.277512 0.267865 0.151689 0.003096 0.286783 0.000064
0.013131 0.276136 0.267772 0.151590 0.003068 0.288239 0.000065
0.012900 0.274781 0.268236 0.151567 0.003120 0.289335 0.000062
0.013072 0.272940 0.267961 0.151534 0.003114 0.291314 0.000065
0.012960 0.272041 0.267966 0.151663 0.003138 0.292167 0.000065
0.012836 0.271825 0.267790 0.151631 0.003174 0.292679 0.000065
0.013029 0.269584 0.267920 0.151687 0.003177 0.294536 0.000066
0.013086 0.270662 0.267246 0.151490 0.003147 0.294309 0.000061
0.013065 0.268135 0.267635 0.151731 0.003188 0.296187 0.000058
0.013085 0.266639 0.267653 0.151642 0.003210 0.297707 0.000063
0.013007 0.266968 0.267523 0.151254 0.003187 0.297994 0.000067
0.013014 0.263997 0.267433 0.151424 0.003228 0.300835 0.000068
0.013265 0.264988 0.267412 0.151099 0.003210 0.299959 0.000065
0.013119 0.265021 0.266654 0.151303 0.003263 0.300572 0.000067
0.013416 0.263257 0.266583 0.151386 0.003259 0.302032 0.000068
0.013344 0.262175 0.266777 0.151261 0.003273 0.303104 0.000067
0.013093 0.261537 0.266898 0.151011 0.003240 0.304152 0.000069
0.013140 0.259624 0.266461 0.151233 0.003293 0.306176 0.000072
0.013383 0.259538 0.266770 0.150982 0.003258 0.305993 0.000075
0.013330 0.258025 0.266488 0.150971 0.003290 0.307822 0.000074
0.013436 0.257144 0.266358 0.150747 0.003291 0.308954 0.000070
0.013405 0.256527 0.266164 0.150886 0.003313 0.309633 0.000073
0.013355 0.256713 0.266008 0.150724 0.003324 0.309803 0.000073
0.013387 0.255849 0.265980 0.150368 0.003312 0.311032 0.000071
0.013327 0.254332 0.265791 0.150384 0.003340 0.312755 0.000071
0.013416 0.255322 0.265451 0.150286 0.003349 0.312101 0.000075
0.013433 0.252838 0.265218 0.150203 0.003330 0.314904 0.000073
0.013515 0.251132 0.265058 0.150333 0.003403 0.316489 0.000071
0.013473 0.251962 0.264843 0.150211 0.003387 0.316043 0.000081
0.013475 0.249171 0.265168 0.149880 0.003370 0.318856 0.000079
0.013545 0.249168 0.265004 0.149890 0.003393 0.318927 0.000074
0.013639 0.248456 0.264643 0.149813 0.003397 0.319977 0.000075
0.013694 0.246908 0.264401 0.149905 0.003411 0.321613 0.000068
0.013642 0.246991 0.264149 0.149660 0.003428 0.322053 0.000077
0.013642 0.245986 0.264199 0.149928 0.003429 0.322737 0.000078
0.013627 0.246167 0.263863 0.149730 0.003426 0.323110 0.000077
0.013720 0.243612 0.264103 0.149717 0.003431 0.325344 0.000073
0.013951 0.242913 0.263996 0.149511 0.003429 0.326121 0.000079
0.013697 0.242114 0.263638 0.149299 0.003457 0.327714 0.000080
0.013846 0.242600 0.263225 0.149382 0.003517 0.327353 0.000076
0.013924 0.240235 0.263108 0.149283 0.003540 0.329829 0.000081
0.014023 0.240446 0.263149 0.149159 0.003488 0.329652 0.000082
0.013955 0.240352 0.263000 0.149054 0.003513 0.330045 0.000082
0.013797 0.238513 0.263234 0.149047 0.003486 0.331840 0.000083
0.013909 0.237951 0.262470 0.148922 0.003549 0.333118 0.000082
0.014065 0.237938 0.262521 0.148581 0.003509 0.333298 0.000087
0.013995 0.237581 0.262405 0.148715 0.003522 0.333702 0.000080
0.014207 0.235092 0.262122 0.148480 0.003550 0.336465 0.000083
0.014154 0.234015 0.261998 0.148410 0.003556 0.337776 0.000091
0.013963 0.234399 0.261641 0.148307 0.003578 0.338025 0.000088
0.014288 0.233767 0.261435 0.148405 0.003562 0.338451 0.000093
0.014131 0.232421 0.261809 0.148212 0.003601 0.339733 0.000092
0.014078 0.230948 0.261653 0.147839 0.003565 0.341826 0.000090
0.014220 0.231391 0.261050 0.147951 0.003618 0.341672 0.000097
0.014471 0.229802 0.260766 0.147939 0.003592 0.343335 0.000096
0.014011 0.229883 0.260804 0.147548 0.003590 0.344070 0.000095
0.014223 0.228752 0.260509 0.147790 0.003648 0.344982 0.000096
0.014255 0.227827 0.260589 0.147782 0.003599 0.345851 0.000096
0.014180 0.227480 0.260139 0.147862 0.003659 0.346586 0.000094
0.014259 0.226185 0.260036 0.147562 0.003681 0.348179 0.000098
0.014311 0.225632 0.260134 0.147437 0.003628 0.348760 0.000099
0.014428 0.224881 0.260015 0.147528 0.003671 0.349382 0.000094
0.014521 0.224890 0.259590 0.147518 0.003729 0.349662 0.000089
0.014474 0.223223 0.259450 0.146994 0.003701 0.352062 0.000096
0.014390 0.223329 0.259481 0.147079 0.003673 0.351943 0.000105
0.014373 0.222711 0.259296 0.146906 0.003677 0.352940 0.000097
0.014594 0.221679 0.259152 0.146740 0.003674 0.354057 0.000104
0.014501 0.220167 0.258677 0.146631 0.003735 0.356187 0.000102
0.014632 0.219535 0.258527 0.146453 0.003739 0.357016 0.000098
0.014422 0.219354 0.258718 0.146517 0.003752 0.357127 0.000109
0.014584 0.218162 0.258198 0.146454 0.003759 0.358746 0.000097
0.014645 0.218112 0.257601 0.146577 0.003783 0.359183 0.000099
0.014960 0.216382 0.257906 0.145949 0.003776 0.360927 0.000100
0.014750 0.216101 0.257337 0.145687 0.003866 0.362150 0.000111
0.014852 0.215974 0.257269 0.145896 0.003849 0.362055 0.000106
0.014791 0.214135 0.257126 0.145796 0.003803 0.364252 0.000098
0.014846 0.214388 0.256797 0.145720 0.003800 0.364352 0.000097
0.014754 0.212725 0.256667 0.145556 0.003810 0.366377 0.000110
0.014968 0.212228 0.256326 0.145646 0.003828 0.366892 0.000112
0.015012 0.211866 0.256487 0.145251 0.003834 0.367445 0.000107
0.015037 0.211270 0.256462 0.145242 0.003870 0.368019 0.000100
0.014885 0.210442 0.255436 0.145298 0.003816 0.370014 0.000108
0.015058 0.209868 0.255786 0.145016 0.003815 0.370347 0.000110
0.015051 0.209388 0.255363 0.144683 0.003869 0.371534 0.000111
0.015131 0.208936 0.255064 0.144729 0.003896 0.372133 0.000111
0.015064 0.207722 0.254975 0.144664 0.003918 0.373550 0.000109
0.015108 0.207213 0.255013 0.144664 0.003885 0.374007 0.000110
0.015073 0.206963 0.254558 0.144287 0.003922 0.375082 0.000115
0.015171 0.206304 0.254159 0.144478 0.003935 0.375842 0.000111
0.015305 0.205705 0.254254 0.144025 0.003931 0.376671 0.000110
0.015214 0.204484 0.253802 0.143786 0.003981 0.378624 0.000109
0.015203 0.205240 0.253763 0.143927 0.003909 0.377838 0.000120
0.015249 0.203611 0.253420 0.143488 0.003941 0.380185 0.000106
0.015395 0.202768 0.253302 0.143552 0.003958 0.380912 0.000113
0.015642 0.202103 0.252785 0.143345 0.003976 0.382042 0.000108
0.015302 0.201809 0.252600 0.143256 0.003944 0.382968 0.000121
0.015597 0.200656 0.252338 0.143082 0.004050 0.384158 0.000119
0.015382 0.200381 0.252348 0.143035 0.003946 0.384788 0.000120
0.015582 0.199106 0.252011 0.142801 0.004000 0.386386 0.000114
0.015646 0.199689 0.251668 0.142957 0.003994 0.385927 0.000119
0.015364 0.198331 0.251279 0.142608 0.004049 0.388244 0.000125
0.015717 0.197385 0.251329 0.142396 0.004063 0.388992 0.000119
0.015858 0.197556 0.251115 0.142448 0.004049 0.388844 0.000130
0.015767 0.196436 0.250889 0.142237 0.004039 0.390514 0.000119
0.015717 0.195525 0.250083 0.142099 0.004041 0.392406 0.000130
0.015898 0.197050 0.250716 0.141944 0.004036 0.390232 0.000125
0.015772 0.195533 0.250438 0.141713 0.004063 0.392359 0.000121
0.015584 0.194632 0.249937 0.141671 0.004062 0.393988 0.000126
0.015853 0.193559 0.249630 0.141747 0.004052 0.395020 0.000139
0.015849 0.193811 0.249680 0.141360 0.004073 0.395100 0.000127
0.015804 0.192287 0.249380 0.141014 0.004054 0.397334 0.000127
0.015927 0.191594 0.248745 0.141253 0.004085 0.398260 0.000136
0.016083 0.191867 0.249038 0.141001 0.004073 0.397810 0.000127
0.015950 0.190510 0.248688 0.140619 0.004134 0.399964 0.000134
0.015882 0.190846 0.248268 0.140473 0.004110 0.400294 0.000125
0.016105 0.190101 0.248217 0.140361 0.004127 0.400957 0.000131
0.016051 0.189846 0.248263 0.140286 0.004106 0.401320 0.000129
0.016176 0.189189 0.247486 0.140268 0.004163 0.402586 0.000134
0.015962 0.187961 0.247052 0.140247 0.004130 0.404505 0.000143
0.016080 0.187922 0.247325 0.140001 0.004125 0.404412 0.000135
0.016331 0.186849 0.246775 0.139592 0.004166 0.406147 0.000139
0.016175 0.186805 0.246680 0.139695 0.004127 0.406387 0.000130
0.016253 0.186192 0.246510 0.139538 0.004158 0.407214 0.000135
0.016321 0.185332 0.245916 0.139244 0.004123 0.408921 0.000144
0.016320 0.184935 0.246045 0.139128 0.004136 0.409294 0.000141
0.016675 0.183953 0.245059 0.139028 0.004217 0.410927 0.000143
0.016570 0.183599 0.245328 0.139084 0.004204 0.411068 0.000147
0.016584 0.183357 0.244840 0.139035 0.004185 0.411858 0.000141
0.016316 0.181777 0.244906 0.138422 0.004196 0.414249 0.000134
0.016557 0.182343 0.244907 0.138414 0.004220 0.413415 0.000144
0.016676 0.180712 0.243905 0.138384 0.004172 0.416001 0.000150
0.016884 0.181088 0.244117 0.138334 0.004228 0.415200 0.000148
0.016559 0.180302 0.244287 0.138236 0.004257 0.416209 0.000151
0.016812 0.180342 0.243663 0.137876 0.004198 0.416968 0.000141
0.016771 0.179432 0.243741 0.137714 0.004274 0.417926 0.000142
0.016714 0.178806 0.243275 0.137915 0.004173 0.418972 0.000145
0.017075 0.178257 0.243040 0.137433 0.004245 0.419799 0.000150
0.016780 0.177937 0.242832 0.137679 0.004254 0.420367 0.000152
0.016845 0.177583 0.242517 0.137400 0.004266 0.421242 0.000146
0.017100 0.176503 0.242268 0.137208 0.004245 0.422519 0.000156
0.017077 0.175679 0.241860 0.136949 0.004278 0.424003 0.000155
0.017059 0.174994 0.241611 0.136876 0.004287 0.425030 0.000143
0.017085 0.175221 0.240992 0.136703 0.004278 0.425571 0.000150
0.016956 0.175675 0.241018 0.136877 0.004251 0.425075 0.000148
0.017204 0.174406 0.240916 0.136362 0.004205 0.426754 0.000153
0.017027 0.173540 0.241000 0.136374 0.004234 0.427671 0.000154
0.016980 0.173306 0.240154 0.136315 0.004276 0.428816 0.000152
0.017261 0.172625 0.240365 0.135781 0.004284 0.429530 0.000153
0.017141 0.172776 0.239768 0.135711 0.004303 0.430163 0.000139
0.017349 0.171856 0.239529 0.135843 0.004309 0.430969 0.000145
0.017336 0.171144 0.239166 0.135309 0.004313 0.432578 0.000154
0.017359 0.170664 0.239018 0.135553 0.004268 0.432982 0.000155
0.017441 0.169959 0.238273 0.135164 0.004266 0.434732 0.000166
0.017637 0.169582 0.238224 0.134873 0.004351 0.435188 0.000144
0.017357 0.168918 0.237634 0.135010 0.004306 0.436618 0.000156
0.017453 0.169560 0.237825 0.134686 0.004293 0.436043 0.000141
0.017306 0.168556 0.237418 0.134548 0.004366 0.437652 0.000153
0.017584 0.168805 0.237205 0.134759 0.004331 0.437168 0.000149
0.017567 0.167459 0.236879 0.134430 0.004322 0.439186 0.000157
0.017573 0.167616 0.236786 0.134378 0.004339 0.439161 0.000148
0.017616 0.166993 0.236084 0.134254 0.004350 0.440542 0.000160
0.017727 0.166527 0.236249 0.134059 0.004379 0.440906 0.000153
0.017963 0.166113 0.235886 0.133977 0.004383 0.441529 0.000150
0.017801 0.165000 0.235183 0.133406 0.004428 0.444022 0.000161
0.017789 0.164869 0.235302 0.133499 0.004348 0.444030 0.000162
0.017815 0.164218 0.234729 0.133143 0.004407 0.445524 0.000165
0.017984 0.163940 0.234796 0.132997 0.004431 0.445697 0.000155
0.018033 0.164141 0.234826 0.133046 0.004373 0.445426 0.000154
0.017953 0.163543 0.234372 0.132924 0.004384 0.446676 0.000148
0.018179 0.162491 0.234139 0.132638 0.004407 0.447991 0.000155
0.018186 0.161706 0.233864 0.132591 0.004451 0.449047 0.000155
0.018324 0.161797 0.233716 0.132431 0.004416 0.449159 0.000157
0.018253 0.161295 0.233520 0.132617 0.004429 0.449726 0.000159
0.018264 0.160610 0.233169 0.132142 0.004410 0.451242 0.000163
0.018180 0.160432 0.233054 0.132129 0.004451 0.451589 0.000165
0.018066 0.160116 0.232591 0.132006 0.004396 0.452662 0.000164
0.018386 0.159352 0.232078 0.132231 0.004385 0.453410 0.000159
0.018432 0.159148 0.231725 0.131179 0.004455 0.454895 0.000165
0.018269 0.158973 0.231672 0.131451 0.004476 0.454996 0.000162
0.018237 0.158368 0.231607 0.131302 0.004509 0.455811 0.000165
0.018542 0.158034 0.231090 0.130998 0.004475 0.456693 0.000169
0.018693 0.157256 0.230850 0.130933 0.004513 0.457585 0.000170
0.018606 0.156906 0.230654 0.130508 0.004501 0.458651 0.000174
0.018694 0.156633 0.230273 0.130488 0.004528 0.459215 0.000168
0.018562 0.156396 0.229737 0.130467 0.004491 0.460175 0.000172
0.018427 0.156238 0.230089 0.130505 0.004473 0.460106 0.000162
0.018609 0.155270 0.229444 0.130020 0.004530 0.461948 0.000179
0.018651 0.154819 0.229577 0.130133 0.004471 0.462178 0.000171
0.018746 0.154728 0.229252 0.129994 0.004463 0.462641 0.000176
0.018485 0.154526 0.228941 0.129950 0.004522 0.463400 0.000175
0.018805 0.153419 0.228442 0.129367 0.004496 0.465305 0.000166
0.018880 0.152804 0.228306 0.129399 0.004493 0.465960 0.000157
0.019026 0.153145 0.228373 0.129409 0.004533 0.465348 0.000166
0.019114 0.152736 0.227829 0.129526 0.004535 0.466095 0.000165
0.018956 0.151989 0.227457 0.128819 0.004526 0.468078 0.000175
0.019153 0.150993 0.227068 0.128703 0.004475 0.469432 0.000176
0.018882 0.151228 0.226931 0.128717 0.004532 0.469546 0.000164
0.018936 0.150509 0.226576 0.128522 0.004573 0.470711 0.000172
0.019281 0.150482 0.226083 0.128560 0.004535 0.470887 0.000172
0.019322 0.150112 0.225964 0.128215 0.004555 0.471655 0.000178
0.019480 0.149158 0.225691 0.128002 0.004517 0.472967 0.000185
0.019434 0.149166 0.225515 0.127526 0.004525 0.473655 0.000179
0.019572 0.148625 0.224942 0.127764 0.004590 0.474318 0.000188
0.019199 0.148711 0.224713 0.127998 0.004555 0.474644 0.000179
0.019707 0.147945 0.225005 0.127304 0.004558 0.475303 0.000178
0.019464 0.148059 0.224655 0.127206 0.004575 0.475869 0.000172
0.019303 0.147372 0.224659 0.127066 0.004537 0.476880 0.000184
0.019637 0.147027 0.224151 0.127003 0.004640 0.477363 0.000179
0.019634 0.146864 0.224022 0.127273 0.004573 0.477465 0.000169
0.019552 0.146801 0.223768 0.126910 0.004564 0.478230 0.000174
0.019731 0.145940 0.223658 0.126686 0.004609 0.479193 0.000182
0.019885 0.145952 0.223271 0.126638 0.004630 0.479444 0.000180
0.019752 0.145563 0.222734 0.126457 0.004647 0.480664 0.000182
0.019888 0.144621 0.222212 0.126169 0.004649 0.482285 0.000177
0.019739 0.144644 0.222053 0.126273 0.004645 0.482457 0.000190
0.020097 0.143814 0.221941 0.125527 0.004712 0.483721 0.000188
0.020061 0.143878 0.221833 0.125464 0.004674 0.483903 0.000186
0.020277 0.142997 0.221711 0.125288 0.004640 0.484903 0.000184
0.020173 0.143089 0.221198 0.125400 0.004599 0.485342 0.000199
0.020347 0.142539 0.220722 0.125077 0.004599 0.486531 0.000186
0.020228 0.142558 0.220736 0.124670 0.004677 0.486944 0.000188
0.020210 0.141423 0.220426 0.124781 0.004657 0.488313 0.000190
0.020024 0.141842 0.220084 0.124820 0.004609 0.488431 0.000189
0.020221 0.141295 0.219601 0.124760 0.004645 0.489281 0.000197
