0.999097 0.000883 0.000011 0.000010 0.000000 0.000000 0.000000
0.998657 0.001313 0.000017 0.000004 0.000000 0.000011 0.000000
0.998172 0.001787 0.000022 0.000008 0.000000 0.000010 0.000000
0.997679 0.002264 0.000031 0.000016 0.000000 0.000010 0.000000
0.997197 0.002738 0.000039 0.000017 0.000000 0.000010 0.000000
0.996650 0.003276 0.000044 0.000018 0.000000 0.000011 0.000000
0.995985 0.003929 0.000057 0.000019 0.000000 0.000010 0.000000
0.995343 0.004559 0.000061 0.000026 0.000000 0.000010 0.000000
0.994372 0.005507 0.000078 0.000032 0.000000 0.000011 0.000000
0.993277 0.006597 0.000080 0.000036 0.000000 0.000010 0.000000
0.992162 0.007698 0.000093 0.000037 0.000000 0.000010 0.000000
0.989921 0.009914 0.000112 0.000044 0.000000 0.000008 0.000000
0.988270 0.011503 0.000153 0.000066 0.000000 0.000007 0.000000
0.985362 0.014328 0.000214 0.000090 0.000000 0.000006 0.000000
0.982778 0.016910 0.000213 0.000094 0.000000 0.000006 0.000000
0.979811 0.019847 0.000227 0.000108 0.000000 0.000006 0.000000
0.975904 0.023661 0.000273 0.000156 0.000000 0.000006 0.000000
0.970753 0.028694 0.000337 0.000208 0.000000 0.000008 0.000000
0.965885 0.033485 0.000366 0.000255 0.000000 0.000009 0.000000
0.960422 0.038825 0.000453 0.000291 0.000000 0.000009 0.000000
0.952382 0.046666 0.000577 0.000366 0.000000 0.000009 0.000000
0.943864 0.055020 0.000679 0.000419 0.000000 0.000018 0.000000
0.936140 0.062537 0.000797 0.000497 0.000000 0.000030 0.000000
0.925693 0.072728 0.000979 0.000560 0.000000 0.000040 0.000000
0.915475 0.082716 0.001142 0.000627 0.000000 0.000040 0.000000
0.905128 0.092821 0.001300 0.000699 0.000000 0.000052 0.000000
0.892813 0.104836 0.001474 0.000820 0.000000 0.000057 0.000000
0.879301 0.117982 0.001695 0.000965 0.000000 0.000057 0.000000
0.866488 0.130335 0.002001 0.001113 0.000000 0.000064 0.000000
0.854395 0.142070 0.002207 0.001258 0.000000 0.000070 0.000000
0.840064 0.155940 0.002496 0.001422 0.000001 0.000078 0.000000
0.826143 0.169403 0.002772 0.001598 0.000001 0.000083 0.000000
0.808545 0.186498 0.003084 0.001776 0.000003 0.000094 0.000000
0.793856 0.200735 0.003360 0.001945 0.000004 0.000101 0.000000
0.780520 0.213493 0.003750 0.002127 0.000004 0.000106 0.000000
0.764217 0.229123 0.004172 0.002374 0.000004 0.000111 0.000000
0.749139 0.243622 0.004555 0.002551 0.000003 0.000129 0.000000
0.730804 0.261086 0.005107 0.002846 0.000003 0.000154 0.000000
0.716749 0.274501 0.005518 0.003065 0.000003 0.000165 0.000000
0.702720 0.287823 0.005948 0.003333 0.000003 0.000173 0.000000
0.687324 0.302391 0.006479 0.003595 0.000004 0.000206 0.000000
0.673876 0.315168 0.006904 0.003822 0.000004 0.000227 0.000000
0.658759 0.329432 0.007429 0.004133 0.000004 0.000244 0.000000
0.639706 0.347446 0.008084 0.004488 0.000004 0.000272 0.000000
0.626948 0.359485 0.008496 0.004766 0.000004 0.000302 0.000000
0.611868 0.373480 0.009116 0.005205 0.000005 0.000327 0.000000
0.597288 0.387064 0.009713 0.005567 0.000005 0.000363 0.000000
0.582139 0.401105 0.010417 0.005940 0.000004 0.000395 0.000000
0.571275 0.411024 0.010978 0.006288 0.000005 0.000429 0.000000
0.553509 0.427418 0.011818 0.006777 0.000006 0.000471 0.000000
0.541248 0.438552 0.012500 0.007178 0.000007 0.000515 0.000000
0.530222 0.448433 0.013214 0.007574 0.000009 0.000549 0.000000
0.519006 0.458533 0.013909 0.007948 0.000010 0.000596 0.000000
0.505472 0.470775 0.014710 0.008390 0.000010 0.000643 0.000000
0.492199 0.482536 0.015607 0.008941 0.000011 0.000706 0.000000
0.482111 0.491590 0.016241 0.009308 0.000010 0.000740 0.000000
0.470837 0.501569 0.017000 0.009785 0.000012 0.000797 0.000000
0.457494 0.513297 0.018010 0.010320 0.000012 0.000867 0.000000
0.446346 0.522977 0.018882 0.010840 0.000015 0.000941 0.000000
0.437854 0.530393 0.019573 0.011169 0.000015 0.000996 0.000000
0.429285 0.537472 0.020481 0.011682 0.000017 0.001063 0.000000
0.417017 0.548183 0.021391 0.012261 0.000017 0.001131 0.000000
0.408532 0.555251 0.022211 0.012770 0.000020 0.001216 0.000000
0.397204 0.564888 0.023253 0.013351 0.000020 0.001283 0.000000
0.388838 0.571859 0.024100 0.013827 0.000021 0.001355 0.000000
0.380885 0.578463 0.024846 0.014333 0.000023 0.001450 0.000000
0.366450 0.590384 0.026393 0.015192 0.000025 0.001556 0.000000
0.357644 0.597464 0.027445 0.015772 0.000026 0.001649 0.000000
0.353165 0.600576 0.028251 0.016237 0.000026 0.001745 0.000000
0.344723 0.607285 0.029241 0.016859 0.000026 0.001867 0.000000
0.334982 0.614715 0.030650 0.017635 0.000028 0.001990 0.000000
0.328150 0.619841 0.031659 0.018214 0.000029 0.002107 0.000000
0.317434 0.628046 0.033196 0.019023 0.000032 0.002270 0.000000
0.313902 0.630397 0.033859 0.019445 0.000033 0.002364 0.000000
0.308632 0.633780 0.034958 0.020094 0.000035 0.002500 0.000000
0.301600 0.638894 0.036123 0.020727 0.000036 0.002620 0.000000
0.296162 0.642138 0.037403 0.021498 0.000037 0.002763 0.000000
0.289056 0.647090 0.038697 0.022202 0.000037 0.002918 0.000000
0.281071 0.652690 0.040146 0.022975 0.000039 0.003079 0.000000
0.276031 0.655837 0.041231 0.023620 0.000038 0.003244 0.000000
0.271421 0.658559 0.042340 0.024234 0.000042 0.003403 0.000000
0.267004 0.661022 0.043496 0.024854 0.000050 0.003574 0.000000
0.258156 0.667046 0.045139 0.025809 0.000052 0.003797 0.000000
0.253441 0.669939 0.046245 0.026378 0.000055 0.003943 0.000000
0.248724 0.672695 0.047480 0.026950 0.000057 0.004094 0.000000
0.239084 0.679593 0.049040 0.027915 0.000061 0.004307 0.000000
0.236048 0.680884 0.050033 0.028485 0.000065 0.004485 0.000000
0.225289 0.688175 0.052092 0.029627 0.000070 0.004747 0.000000
0.218858 0.691963 0.053571 0.030536 0.000070 0.005002 0.000000
0.212211 0.696193 0.055012 0.031280 0.000069 0.005236 0.000000
0.206674 0.698772 0.056742 0.032228 0.000070 0.005514 0.000000
0.195738 0.706086 0.058792 0.033500 0.000077 0.005807 0.000000
0.193530 0.706270 0.059999 0.034115 0.000081 0.006005 0.000000
0.189230 0.708356 0.061231 0.034895 0.000081 0.006207 0.000000
0.182388 0.711781 0.063184 0.036003 0.000085 0.006559 0.000000
0.177461 0.713337 0.065073 0.037115 0.000090 0.006924 0.000000
0.168535 0.718662 0.067172 0.038295 0.000098 0.007238 0.000000
0.169297 0.716695 0.067790 0.038683 0.000101 0.007435 0.000000
0.162253 0.720314 0.069787 0.039772 0.000100 0.007773 0.000000
0.157398 0.721584 0.071829 0.040904 0.000114 0.008171 0.000000
0.149136 0.725377 0.074380 0.042326 0.000116 0.008665 0.000000
0.148689 0.723974 0.075363 0.042925 0.000119 0.008930 0.000000
0.152816 0.719086 0.075706 0.043161 0.000123 0.009108 0.000000
0.146708 0.721505 0.077860 0.044288 0.000127 0.009512 0.000000
0.142879 0.722512 0.079351 0.045241 0.000129 0.009888 0.000000
0.141952 0.720539 0.080982 0.046099 0.000146 0.010283 0.000000
0.138859 0.721018 0.082403 0.046970 0.000147 0.010604 0.000000
0.136138 0.720295 0.084421 0.047944 0.000154 0.011048 0.000000
0.133655 0.720117 0.085834 0.048811 0.000154 0.011429 0.000000
0.130251 0.720873 0.087302 0.049645 0.000164 0.011765 0.000000
0.126917 0.720977 0.089028 0.050678 0.000173 0.012228 0.000000
0.120809 0.723640 0.090935 0.051692 0.000180 0.012743 0.000000
0.118208 0.722950 0.092739 0.052742 0.000177 0.013184 0.000000
0.114214 0.724757 0.094132 0.053334 0.000173 0.013389 0.000000
0.113992 0.722438 0.095250 0.054254 0.000180 0.013885 0.000000
0.110560 0.722996 0.096885 0.055068 0.000193 0.014298 0.000000
0.106825 0.723003 0.098903 0.056160 0.000194 0.014915 0.000000
0.100890 0.724771 0.101145 0.057479 0.000206 0.015508 0.000000
0.099483 0.724008 0.102269 0.058149 0.000224 0.015867 0.000000
0.096911 0.724052 0.103512 0.058899 0.000226 0.016399 0.000000
0.093725 0.724817 0.104948 0.059560 0.000225 0.016726 0.000000
0.089553 0.724576 0.107278 0.060938 0.000233 0.017422 0.000000
0.085789 0.724530 0.109241 0.062176 0.000237 0.018028 0.000000
0.084044 0.723479 0.110784 0.062948 0.000239 0.018506 0.000000
0.083609 0.720633 0.112429 0.063982 0.000250 0.019097 0.000000
0.079013 0.722006 0.114151 0.064970 0.000256 0.019605 0.000000
0.077855 0.720612 0.115522 0.065629 0.000274 0.020108 0.000000
0.079656 0.715032 0.117565 0.066753 0.000269 0.020725 0.000000
0.082752 0.711136 0.117999 0.066760 0.000274 0.021080 0.000000
0.080814 0.710617 0.119264 0.067612 0.000274 0.021419 0.000000
0.078107 0.709404 0.121221 0.068862 0.000288 0.022119 0.000000
0.080512 0.704084 0.122662 0.069708 0.000290 0.022743 0.000000
0.086420 0.697926 0.122776 0.069588 0.000305 0.022985 0.000000
0.086337 0.696584 0.123571 0.070016 0.000310 0.023183 0.000000
0.092172 0.688804 0.124315 0.070663 0.000318 0.023729 0.000000
0.094481 0.685022 0.125064 0.070939 0.000315 0.024180 0.000000
0.089982 0.685354 0.127156 0.072242 0.000322 0.024945 0.000000
0.090603 0.681402 0.128705 0.073153 0.000326 0.025811 0.000000
0.103235 0.672019 0.126906 0.071991 0.000324 0.025524 0.000000
0.095313 0.676543 0.128522 0.073100 0.000338 0.026183 0.000000
0.093994 0.674472 0.130253 0.074049 0.000339 0.026894 0.000000
0.093253 0.673184 0.131131 0.074612 0.000349 0.027470 0.000000
0.088508 0.674355 0.133115 0.075505 0.000364 0.028154 0.000000
0.085579 0.674361 0.134508 0.076519 0.000363 0.028670 0.000000
0.083957 0.673027 0.135930 0.077237 0.000364 0.029485 0.000000
0.088446 0.668206 0.135978 0.077225 0.000359 0.029786 0.000000
0.081164 0.670867 0.138314 0.078522 0.000370 0.030763 0.000000
0.082174 0.667689 0.139282 0.079095 0.000384 0.031376 0.000000
0.075920 0.670381 0.141314 0.080102 0.000383 0.031900 0.000000
0.075453 0.669120 0.141984 0.080620 0.000397 0.032427 0.000000
0.071571 0.669186 0.143909 0.081608 0.000405 0.033321 0.000000
0.071053 0.666950 0.145180 0.082504 0.000416 0.033896 0.000000
0.067886 0.667228 0.146759 0.083123 0.000429 0.034576 0.000000
0.065388 0.666725 0.148060 0.084056 0.000413 0.035357 0.000001
0.064160 0.664227 0.149912 0.085171 0.000440 0.036089 0.000002
0.059124 0.664625 0.152287 0.086435 0.000453 0.037074 0.000002
0.065240 0.659225 0.151579 0.086086 0.000448 0.037421 0.000002
0.058741 0.660865 0.154084 0.087490 0.000462 0.038356 0.000003
0.058816 0.658096 0.155322 0.088260 0.000463 0.039041 0.000001
0.058672 0.655858 0.156298 0.089024 0.000474 0.039671 0.000003
0.062924 0.652838 0.155518 0.088528 0.000480 0.039710 0.000002
0.061625 0.650251 0.157370 0.089648 0.000493 0.040610 0.000003
0.059548 0.648880 0.159034 0.090764 0.000490 0.041282 0.000002
0.061861 0.644658 0.159910 0.091023 0.000490 0.042056 0.000002
0.059595 0.645050 0.160724 0.091538 0.000501 0.042590 0.000002
0.061051 0.640959 0.161951 0.092164 0.000502 0.043371 0.000003
0.057230 0.640829 0.164130 0.093124 0.000526 0.044158 0.000003
0.059225 0.638313 0.163891 0.093359 0.000530 0.044678 0.000003
0.056770 0.636030 0.166131 0.094512 0.000552 0.046003 0.000003
0.053859 0.634988 0.167954 0.095647 0.000556 0.046991 0.000004
0.052764 0.634875 0.168633 0.095883 0.000552 0.047290 0.000004
0.051415 0.633108 0.170035 0.096624 0.000560 0.048254 0.000005
0.050517 0.631422 0.171209 0.097266 0.000572 0.049009 0.000005
0.046703 0.630174 0.173332 0.098798 0.000578 0.050411 0.000005
0.044551 0.630329 0.174396 0.099082 0.000608 0.051029 0.000004
0.042421 0.629530 0.175814 0.099818 0.000619 0.051796 0.000003
0.045653 0.626519 0.175541 0.099688 0.000602 0.051993 0.000005
0.041671 0.626523 0.177461 0.100662 0.000620 0.053058 0.000004
0.040185 0.624594 0.178884 0.101675 0.000627 0.054031 0.000004
0.037322 0.623653 0.180672 0.102667 0.000648 0.055034 0.000004
0.036683 0.622610 0.181607 0.103069 0.000651 0.055376 0.000004
0.033156 0.620755 0.183857 0.104703 0.000663 0.056862 0.000004
0.033190 0.618369 0.184905 0.105107 0.000658 0.057766 0.000004
0.036435 0.614437 0.184725 0.105397 0.000674 0.058329 0.000004
0.039628 0.609423 0.185428 0.105748 0.000684 0.059085 0.000004
0.039589 0.607519 0.186324 0.106367 0.000684 0.059512 0.000005
0.039267 0.607083 0.186509 0.106269 0.000680 0.060189 0.000004
0.035878 0.604543 0.189246 0.107903 0.000700 0.061725 0.000004
0.036442 0.602551 0.189777 0.108163 0.000700 0.062361 0.000005
0.038150 0.598826 0.190490 0.108573 0.000715 0.063241 0.000006
0.037192 0.600788 0.189905 0.108409 0.000713 0.062989 0.000004
0.038495 0.594553 0.192002 0.109414 0.000738 0.064794 0.000004
0.036107 0.592191 0.194223 0.110512 0.000759 0.066204 0.000005
0.035896 0.591742 0.194355 0.110829 0.000758 0.066416 0.000005
0.035127 0.589963 0.195476 0.111330 0.000776 0.067322 0.000006
0.032574 0.590592 0.196269 0.111771 0.000757 0.068030 0.000006
0.033595 0.587419 0.196931 0.112363 0.000778 0.068908 0.000004
0.030565 0.586810 0.198492 0.113272 0.000782 0.070074 0.000005
0.030186 0.584375 0.199916 0.113775 0.000794 0.070949 0.000005
0.029708 0.583719 0.200212 0.114080 0.000804 0.071473 0.000004
0.027720 0.579606 0.202929 0.115422 0.000838 0.073481 0.000005
0.027918 0.580058 0.202392 0.115311 0.000832 0.073481 0.000007
0.025338 0.577961 0.204544 0.116321 0.000856 0.074974 0.000006
0.026971 0.576245 0.204253 0.116348 0.000855 0.075322 0.000005
0.024765 0.574804 0.205922 0.117114 0.000858 0.076529 0.000007
0.024942 0.572918 0.206357 0.117660 0.000866 0.077253 0.000005
0.023168 0.570571 0.208069 0.118643 0.000888 0.078653 0.000008
0.022655 0.567750 0.209497 0.119279 0.000915 0.079898 0.000005
0.023372 0.567284 0.209193 0.119238 0.000909 0.079997 0.000006
0.022363 0.565065 0.210445 0.119941 0.000918 0.081261 0.000007
0.022083 0.563510 0.210946 0.120510 0.000932 0.082011 0.000008
0.019900 0.560024 0.213629 0.121633 0.000957 0.083852 0.000006
0.020482 0.558836 0.213545 0.121594 0.000953 0.084585 0.000006
0.020256 0.558116 0.214044 0.121802 0.000950 0.084825 0.000007
0.019683 0.553828 0.215681 0.122993 0.000984 0.086824 0.000007
0.024115 0.550890 0.214969 0.122447 0.000989 0.086584 0.000005
0.028858 0.546226 0.214799 0.122138 0.000989 0.086984 0.000006
0.033072 0.539373 0.215431 0.122695 0.001031 0.088391 0.000007
0.035347 0.537831 0.214974 0.122387 0.001010 0.088444 0.000007
0.039813 0.534964 0.213773 0.121950 0.001020 0.088474 0.000006
0.040654 0.531428 0.214842 0.122311 0.001027 0.089733 0.000005
0.043690 0.529572 0.213961 0.121800 0.001038 0.089933 0.000006
0.043925 0.528122 0.213993 0.122273 0.001037 0.090645 0.000005
0.042366 0.528169 0.214663 0.122480 0.001047 0.091269 0.000006
0.040030 0.526818 0.215994 0.123515 0.001056 0.092580 0.000006
0.043233 0.524861 0.215202 0.122821 0.001057 0.092818 0.000007
0.040621 0.524423 0.216435 0.123434 0.001088 0.093994 0.000006
0.039376 0.522351 0.217540 0.124204 0.001112 0.095410 0.000007
0.039154 0.521073 0.217912 0.124638 0.001086 0.096129 0.000008
0.034915 0.521134 0.219494 0.125649 0.001119 0.097682 0.000007
0.036666 0.520541 0.219340 0.124834 0.001144 0.097469 0.000005
0.029741 0.518940 0.222459 0.127212 0.001121 0.100521 0.000006
0.029632 0.519509 0.222129 0.127086 0.001161 0.100477 0.000006
0.028174 0.517264 0.223610 0.127958 0.001163 0.101822 0.000008
0.026252 0.514112 0.225637 0.129050 0.001176 0.103765 0.000008
0.026980 0.515778 0.224650 0.128164 0.001179 0.103241 0.000008
0.024577 0.511287 0.227273 0.129717 0.001216 0.105922 0.000008
0.025607 0.512505 0.225942 0.129181 0.001192 0.105563 0.000010
0.024833 0.511789 0.226546 0.129205 0.001191 0.106427 0.000009
0.021780 0.508514 0.229536 0.130837 0.001231 0.108093 0.000009
0.020218 0.505308 0.231243 0.132049 0.001260 0.109915 0.000007
0.020685 0.504620 0.231050 0.131866 0.001273 0.110497 0.000009
0.021422 0.504258 0.230641 0.131605 0.001266 0.110800 0.000008
0.019001 0.500709 0.232859 0.133032 0.001291 0.113101 0.000006
0.019704 0.500193 0.232479 0.132553 0.001279 0.113784 0.000007
0.018528 0.498005 0.233633 0.133540 0.001317 0.114968 0.000009
0.017985 0.496087 0.234741 0.133861 0.001322 0.115995 0.000009
0.017939 0.493627 0.235149 0.134448 0.001339 0.117488 0.000010
0.017253 0.493035 0.236163 0.134628 0.001339 0.117573 0.000010
0.017124 0.490069 0.236861 0.135170 0.001353 0.119413 0.000009
0.016741 0.488247 0.237269 0.135516 0.001365 0.120853 0.000009
0.016356 0.486153 0.238133 0.136119 0.001369 0.121863 0.000007
0.016133 0.484485 0.239113 0.136348 0.001418 0.122495 0.000008
0.016209 0.483573 0.239199 0.136338 0.001396 0.123276 0.000008
0.016002 0.482224 0.239813 0.136694 0.001409 0.123848 0.000010
0.015437 0.479144 0.240838 0.137479 0.001413 0.125676 0.000012
0.015009 0.477170 0.241410 0.137849 0.001453 0.127101 0.000009
0.015144 0.476542 0.241624 0.137664 0.001437 0.127580 0.000009
0.015110 0.473412 0.242482 0.138324 0.001455 0.129206 0.000011
0.014830 0.471853 0.243222 0.138807 0.001463 0.129815 0.000011
0.015053 0.472017 0.242597 0.138501 0.001470 0.130351 0.000011
0.014586 0.469213 0.244045 0.139024 0.001479 0.131644 0.000009
0.015087 0.469281 0.243449 0.138727 0.001482 0.131962 0.000013
0.014479 0.466045 0.244876 0.139408 0.001514 0.133666 0.000012
0.013909 0.462886 0.245814 0.140351 0.001514 0.135512 0.000012
0.014148 0.461428 0.246031 0.140243 0.001534 0.136602 0.000014
0.013922 0.460732 0.246529 0.140388 0.001531 0.136884 0.000014
0.013823 0.457615 0.247066 0.140738 0.001554 0.139191 0.000013
0.013995 0.456969 0.247275 0.140820 0.001561 0.139365 0.000015
0.013955 0.455445 0.247539 0.140972 0.001571 0.140506 0.000011
0.013816 0.454855 0.247345 0.141024 0.001596 0.141352 0.000014
0.013548 0.451133 0.248966 0.141597 0.001597 0.143145 0.000015
0.013634 0.450579 0.248910 0.141663 0.001621 0.143581 0.000012
0.013469 0.447465 0.249867 0.142037 0.001625 0.145524 0.000014
0.013377 0.445983 0.250150 0.142433 0.001669 0.146374 0.000013
0.013329 0.444619 0.250702 0.142553 0.001658 0.147126 0.000013
0.013110 0.442963 0.251114 0.142981 0.001641 0.148174 0.000018
0.013149 0.441759 0.251328 0.142944 0.001696 0.149109 0.000015
0.013169 0.440568 0.251514 0.142937 0.001681 0.150117 0.000014
0.013154 0.438580 0.251793 0.143267 0.001695 0.151498 0.000014
0.013292 0.438060 0.251843 0.143169 0.001720 0.151900 0.000016
0.013059 0.434857 0.252773 0.143896 0.001738 0.153661 0.000016
0.013080 0.433607 0.253320 0.143780 0.001735 0.154463 0.000014
0.013067 0.432381 0.253266 0.143928 0.001712 0.155632 0.000014
0.012939 0.430513 0.253671 0.144267 0.001743 0.156852 0.000016
0.012900 0.428400 0.254289 0.144493 0.001752 0.158151 0.000015
0.012850 0.427640 0.254377 0.144491 0.001759 0.158869 0.000014
0.012659 0.424494 0.255230 0.145277 0.001752 0.160570 0.000018
0.012994 0.425083 0.255132 0.144647 0.001781 0.160350 0.000014
0.012807 0.422439 0.255477 0.145288 0.001777 0.162195 0.000017
0.012848 0.421231 0.255788 0.145438 0.001799 0.162882 0.000013
0.012629 0.419055 0.256265 0.145738 0.001833 0.164462 0.000018
0.012578 0.417330 0.256678 0.145906 0.001847 0.165645 0.000017
0.012743 0.417000 0.256563 0.145712 0.001849 0.166115 0.000018
0.012673 0.415608 0.256998 0.146025 0.001851 0.166829 0.000015
0.012675 0.414113 0.256933 0.146070 0.001853 0.168340 0.000016
0.012579 0.410928 0.257922 0.146498 0.001884 0.170173 0.000016
0.012462 0.409848 0.257977 0.146682 0.001921 0.171095 0.000017
0.012479 0.408865 0.258535 0.146791 0.001924 0.171385 0.000022
0.012311 0.407143 0.258895 0.147122 0.001911 0.172602 0.000018
0.012338 0.405346 0.258916 0.147226 0.001931 0.174226 0.000017
0.012685 0.406209 0.258376 0.146712 0.001955 0.174047 0.000017
0.012445 0.402052 0.259511 0.147477 0.001959 0.176538 0.000017
0.012275 0.400785 0.260002 0.147462 0.001978 0.177478 0.000019
0.012439 0.400781 0.259685 0.147443 0.001970 0.177665 0.000017
0.012402 0.399431 0.259733 0.147615 0.001997 0.178805 0.000018
0.012249 0.397194 0.260356 0.147926 0.002003 0.180255 0.000017
0.012264 0.394677 0.261055 0.148173 0.002032 0.181782 0.000018
0.012202 0.392486 0.261559 0.148449 0.002025 0.183258 0.000021
0.012283 0.392496 0.261249 0.148331 0.002023 0.183599 0.000018
0.012321 0.390530 0.261120 0.148343 0.002081 0.185584 0.000019
0.012423 0.388564 0.261665 0.148943 0.002070 0.186315 0.000021
0.012259 0.387624 0.261703 0.148879 0.002084 0.187430 0.000022
0.012440 0.387469 0.261892 0.148652 0.002093 0.187433 0.000021
0.012206 0.385957 0.262016 0.148789 0.002129 0.188880 0.000022
0.012313 0.385116 0.262137 0.148774 0.002153 0.189486 0.000021
0.012397 0.381655 0.262728 0.149511 0.002158 0.191532 0.000021
0.012192 0.380595 0.263349 0.149137 0.002159 0.192547 0.000021
0.012358 0.380022 0.263030 0.149373 0.002150 0.193049 0.000018
0.012148 0.379061 0.263252 0.149461 0.002164 0.193893 0.000020
0.012309 0.377274 0.263335 0.149488 0.002179 0.195396 0.000019
0.012042 0.376139 0.263563 0.149661 0.002157 0.196415 0.000022
0.012204 0.374191 0.264003 0.149702 0.002195 0.197677 0.000028
0.012145 0.373513 0.264392 0.149622 0.002207 0.198099 0.000023
0.012053 0.371951 0.264204 0.149966 0.002184 0.199619 0.000023
0.012153 0.369493 0.264467 0.150155 0.002259 0.201450 0.000023
0.012201 0.368846 0.264480 0.150089 0.002245 0.202111 0.000028
0.012055 0.367454 0.264712 0.150212 0.002245 0.203295 0.000028
0.012163 0.366550 0.264774 0.150497 0.002282 0.203705 0.000028
0.012261 0.364801 0.264798 0.150540 0.002300 0.205269 0.000031
0.012135 0.363829 0.265169 0.150234 0.002294 0.206310 0.000030
0.012125 0.361916 0.265041 0.150887 0.002323 0.207682 0.000025
0.012172 0.360691 0.265392 0.150878 0.002335 0.208502 0.000030
0.012118 0.359815 0.265314 0.150779 0.002352 0.209596 0.000025
0.011972 0.358604 0.265584 0.150902 0.002351 0.210559 0.000027
0.012120 0.357383 0.265541 0.150923 0.002380 0.211627 0.000025
0.012089 0.355416 0.265825 0.151249 0.002368 0.213023 0.000030
0.012139 0.354682 0.265816 0.151085 0.002404 0.213844 0.000029
0.012044 0.354018 0.265817 0.151131 0.002413 0.214548 0.000029
0.012104 0.352005 0.266313 0.151191 0.002471 0.215883 0.000032
0.012188 0.351036 0.266387 0.151343 0.002412 0.216603 0.000031
0.012172 0.349227 0.266258 0.151386 0.002393 0.218535 0.000029
0.012279 0.348150 0.266838 0.151276 0.002461 0.218965 0.000031
0.012203 0.346416 0.266656 0.151811 0.002448 0.220438 0.000030
0.012113 0.345377 0.267037 0.151612 0.002466 0.221366 0.000029
0.012216 0.344186 0.267214 0.151737 0.002480 0.222135 0.000031
0.012200 0.343573 0.266924 0.151605 0.002520 0.223147 0.000031
0.019612 0.340442 0.264803 0.150205 0.002459 0.222450 0.000030
0.022740 0.338221 0.263881 0.149792 0.002485 0.222848 0.000033
0.026388 0.336284 0.262611 0.149308 0.002488 0.222891 0.000030
0.028603 0.336390 0.261342 0.148378 0.002520 0.222734 0.000032
0.023622 0.335565 0.263812 0.149435 0.002543 0.224993 0.000031
0.028304 0.336270 0.261367 0.148213 0.002495 0.223318 0.000032
0.028264 0.334803 0.261687 0.148157 0.002532 0.224524 0.000033
0.024851 0.333406 0.262601 0.149027 0.002549 0.227531 0.000035
0.024974 0.333816 0.262327 0.148730 0.002540 0.227584 0.000029
0.022722 0.333032 0.262918 0.149460 0.002597 0.229242 0.000030
0.022996 0.330968 0.262863 0.149448 0.002587 0.231109 0.000029
0.021958 0.330835 0.263407 0.149382 0.002599 0.231786 0.000033
0.022636 0.330641 0.262592 0.149140 0.002610 0.232351 0.000030
0.020134 0.329441 0.263445 0.149917 0.002637 0.234396 0.000031
0.019721 0.328338 0.263730 0.150011 0.002635 0.235530 0.000034
0.021361 0.328523 0.262861 0.149252 0.002601 0.235369 0.000032
0.020027 0.326608 0.263615 0.149721 0.002595 0.237401 0.000032
0.020727 0.328486 0.262551 0.148813 0.002635 0.236756 0.000031
0.018793 0.326266 0.263970 0.149507 0.002673 0.238755 0.000036
0.017978 0.323390 0.264108 0.150202 0.002694 0.241586 0.000040
0.016781 0.323208 0.265173 0.150053 0.002715 0.242036 0.000035
0.015349 0.321492 0.266031 0.150775 0.002677 0.243641 0.000035
0.016770 0.321284 0.264866 0.150301 0.002738 0.244006 0.000035
0.015529 0.319296 0.265707 0.150567 0.002718 0.246149 0.000034
0.014697 0.318459 0.265891 0.150899 0.002755 0.247261 0.000038
0.014667 0.316222 0.266114 0.151071 0.002773 0.249112 0.000041
0.014557 0.315721 0.265986 0.150984 0.002771 0.249947 0.000034
0.014567 0.314394 0.266105 0.150881 0.002773 0.251245 0.000036
0.014301 0.313975 0.266164 0.150863 0.002777 0.251886 0.000033
0.014444 0.312116 0.265896 0.151017 0.002811 0.253679 0.000037
0.014208 0.311144 0.265910 0.151389 0.002762 0.254552 0.000035
0.014063 0.309939 0.266297 0.151235 0.002738 0.255689 0.000040
0.013843 0.308987 0.266401 0.151177 0.002832 0.256718 0.000042
0.014021 0.310084 0.265707 0.151002 0.002853 0.256291 0.000042
0.013547 0.306776 0.266628 0.151312 0.002856 0.258841 0.000041
0.013590 0.306027 0.266199 0.151462 0.002842 0.259838 0.000042
0.012666 0.303241 0.267504 0.152008 0.002824 0.261715 0.000041
0.013342 0.304092 0.266586 0.151290 0.002889 0.261757 0.000045
0.013669 0.304743 0.265881 0.150990 0.002863 0.261813 0.000041
0.012988 0.300096 0.266961 0.151680 0.002869 0.265362 0.000042
0.013018 0.300330 0.266484 0.151454 0.002898 0.265775 0.000042
0.012695 0.297690 0.267298 0.151783 0.002947 0.267544 0.000044
0.013033 0.297652 0.267302 0.151682 0.002925 0.267365 0.000042
0.012844 0.295499 0.267361 0.151637 0.002936 0.269681 0.000043
0.012868 0.295116 0.266991 0.151812 0.002921 0.270249 0.000044
0.012889 0.295540 0.266576 0.151704 0.002950 0.270296 0.000046
0.012679 0.294150 0.266905 0.151612 0.002970 0.271645 0.000038
0.012700 0.291885 0.267538 0.151782 0.002983 0.273066 0.000045
0.012986 0.293065 0.266367 0.151379 0.002948 0.273215 0.000040
0.012993 0.290045 0.266855 0.151697 0.003010 0.275360 0.000041
0.012866 0.288397 0.266781 0.151731 0.002991 0.277194 0.000040
0.012828 0.287025 0.266990 0.152099 0.003007 0.278003 0.000048
0.012818 0.286757 0.267271 0.151700 0.002983 0.278426 0.000045
0.012642 0.284812 0.267276 0.152256 0.003003 0.279965 0.000045
0.012708 0.283797 0.266883 0.152058 0.003052 0.281456 0.000045
0.012743 0.283795 0.266981 0.151716 0.002996 0.281721 0.000047
0.012771 0.283335 0.266548 0.151782 0.003070 0.282445 0.000049
0.012699 0.281561 0.266718 0.151470 0.003076 0.284427 0.000050
0.012782 0.279893 0.267040 0.151876 0.003045 0.285315 0.000048
0.012715 0.279056 0.267333 0.151755 0.003046 0.286047 0.000049
0.013023 0.278322 0.266296 0.151524 0.003070 0.287717 0.000048
0.012997 0.278070 0.266447 0.151857 0.003052 0.287528 0.000049
0.012945 0.276422 0.266527 0.151493 0.003114 0.289446 0.000053
0.013046 0.277128 0.266488 0.151160 0.003085 0.289048 0.000044
0.013159 0.275232 0.266093 0.151479 0.003135 0.290856 0.000046
0.012987 0.273133 0.266750 0.151503 0.003133 0.292446 0.000048
0.012883 0.272404 0.266295 0.151470 0.003121 0.293777 0.000050
0.012859 0.273116 0.266473 0.151346 0.003111 0.293042 0.000053
0.012930 0.271630 0.266166 0.151522 0.003134 0.294566 0.000053
0.013341 0.269670 0.265853 0.150887 0.003176 0.297017 0.000056
0.013138 0.269362 0.265848 0.151223 0.003141 0.297239 0.000049
0.013078 0.269489 0.265520 0.151259 0.003180 0.297420 0.000054
0.013043 0.267702 0.265800 0.151246 0.003193 0.298960 0.000056
0.013192 0.265947 0.265861 0.151036 0.003206 0.300701 0.000057
0.013040 0.266737 0.265541 0.150849 0.003197 0.300574 0.000062
0.013060 0.263606 0.265917 0.151098 0.003205 0.303059 0.000055
0.013063 0.263815 0.265691 0.150965 0.003267 0.303148 0.000050
0.013070 0.262795 0.265403 0.150675 0.003200 0.304797 0.000059
0.013110 0.262963 0.265553 0.150698 0.003217 0.304406 0.000053
0.013031 0.261844 0.265259 0.150655 0.003266 0.305887 0.000058
0.013010 0.258592 0.265700 0.150541 0.003310 0.308790 0.000058
0.013060 0.259067 0.265162 0.150494 0.003301 0.308857 0.000059
0.013150 0.257384 0.265344 0.150945 0.003266 0.309854 0.000058
0.013198 0.258093 0.264771 0.150317 0.003309 0.310254 0.000057
0.013150 0.256910 0.264927 0.150516 0.003312 0.311127 0.000058
0.013311 0.255344 0.264827 0.150684 0.003319 0.312459 0.000056
0.013281 0.252444 0.264779 0.150463 0.003357 0.315612 0.000063
0.013023 0.252864 0.264632 0.150471 0.003330 0.315611 0.000069
0.013137 0.253577 0.264293 0.150019 0.003336 0.315571 0.000067
0.013194 0.251673 0.264647 0.150112 0.003380 0.316927 0.000067
0.013213 0.250790 0.264189 0.150091 0.003357 0.318291 0.000068
0.013284 0.250684 0.263797 0.149842 0.003391 0.318936 0.000065
0.013278 0.250042 0.264148 0.149652 0.003399 0.319416 0.000065
0.013412 0.248517 0.263527 0.149707 0.003376 0.321395 0.000067
0.013240 0.247175 0.263791 0.149719 0.003350 0.322657 0.000067
0.013319 0.246295 0.263293 0.149615 0.003427 0.323984 0.000068
0.013142 0.245406 0.263424 0.149439 0.003418 0.325097 0.000074
0.013241 0.244867 0.263344 0.149443 0.003394 0.325643 0.000068
0.013423 0.244429 0.263170 0.149230 0.003441 0.326228 0.000078
0.013473 0.244082 0.263097 0.149167 0.003428 0.326677 0.000075
0.013402 0.242661 0.262965 0.149293 0.003455 0.328150 0.000073
0.013684 0.242792 0.262643 0.149068 0.003412 0.328329 0.000071
0.013356 0.242428 0.262162 0.148853 0.003485 0.329636 0.000080
0.013603 0.239634 0.262678 0.149010 0.003455 0.331547 0.000073
0.013607 0.240969 0.262250 0.148656 0.003520 0.330918 0.000080
0.013583 0.238780 0.262373 0.148632 0.003501 0.333052 0.000078
0.013529 0.237813 0.261962 0.148640 0.003508 0.334474 0.000073
0.013777 0.236526 0.261889 0.148791 0.003506 0.335434 0.000077
0.013829 0.236951 0.261891 0.148198 0.003486 0.335572 0.000074
0.013751 0.234197 0.261739 0.148340 0.003536 0.338353 0.000083
0.013585 0.235450 0.261116 0.148324 0.003552 0.337895 0.000077
0.014032 0.233690 0.261188 0.148144 0.003507 0.339358 0.000082
0.013873 0.232129 0.260966 0.147972 0.003574 0.341408 0.000078
0.013783 0.232870 0.260736 0.147832 0.003528 0.341176 0.000075
0.013981 0.230648 0.260805 0.147700 0.003593 0.343197 0.000076
0.013918 0.230627 0.260748 0.147574 0.003547 0.343505 0.000082
0.013958 0.231445 0.260033 0.147206 0.003560 0.343725 0.000073
0.013809 0.229283 0.260014 0.147526 0.003553 0.345733 0.000082
0.013768 0.229200 0.260256 0.147364 0.003609 0.345720 0.000083
0.013819 0.227823 0.259610 0.147461 0.003629 0.347582 0.000075
0.014044 0.227429 0.259253 0.147108 0.003581 0.348505 0.000081
0.014018 0.226921 0.259416 0.146955 0.003600 0.349011 0.000079
0.014107 0.226029 0.259307 0.146920 0.003642 0.349907 0.000089
0.014156 0.225820 0.258609 0.146803 0.003591 0.350936 0.000085
0.013999 0.225162 0.258759 0.146749 0.003612 0.351633 0.000086
0.013934 0.223341 0.258656 0.146916 0.003683 0.353392 0.000078
0.014178 0.223059 0.258505 0.146823 0.003665 0.353690 0.000080
0.014175 0.222155 0.258604 0.146789 0.003680 0.354513 0.000084
0.014119 0.221389 0.258391 0.146629 0.003654 0.355729 0.000088
0.014181 0.220128 0.258237 0.146853 0.003693 0.356825 0.000085
0.014259 0.220315 0.258087 0.146275 0.003689 0.357299 0.000076
0.014155 0.219905 0.257625 0.145984 0.003696 0.358552 0.000083
0.014387 0.219758 0.256740 0.145841 0.003733 0.359459 0.000083
0.014330 0.218558 0.257012 0.146338 0.003708 0.359972 0.000082
0.014310 0.217252 0.257110 0.145813 0.003735 0.361696 0.000084
0.014296 0.217028 0.256587 0.145694 0.003716 0.362591 0.000087
0.014289 0.215818 0.256762 0.145649 0.003742 0.363656 0.000082
0.014332 0.214052 0.256469 0.145282 0.003718 0.366054 0.000093
0.014546 0.214084 0.255962 0.145220 0.003774 0.366329 0.000085
0.014625 0.213696 0.255819 0.145497 0.003761 0.366515 0.000086
0.014523 0.212985 0.255874 0.145245 0.003809 0.367472 0.000092
0.014736 0.213750 0.255450 0.144948 0.003783 0.367239 0.000094
0.014427 0.211676 0.255374 0.145031 0.003765 0.369630 0.000097
0.014612 0.210793 0.255444 0.144730 0.003788 0.370543 0.000089
0.014578 0.209893 0.255363 0.144353 0.003805 0.371919 0.000089
0.014645 0.210159 0.254681 0.144251 0.003824 0.372348 0.000092
0.014610 0.208142 0.254373 0.144193 0.003814 0.374780 0.000087
0.014757 0.209231 0.254241 0.144068 0.003768 0.373846 0.000089
0.014789 0.208060 0.254216 0.144122 0.003832 0.374886 0.000094
0.014677 0.206650 0.253941 0.144129 0.003827 0.376675 0.000101
0.014733 0.206160 0.253769 0.143624 0.003848 0.377771 0.000094
0.014911 0.206064 0.253643 0.143550 0.003838 0.377902 0.000092
0.014808 0.204186 0.253284 0.143537 0.003828 0.380261 0.000096
0.014753 0.204853 0.253351 0.143344 0.003861 0.379738 0.000101
0.014967 0.203864 0.252903 0.143335 0.003836 0.380992 0.000104
0.014881 0.203396 0.253257 0.143441 0.003818 0.381112 0.000093
0.015063 0.202055 0.252260 0.143108 0.003894 0.383529 0.000091
0.014988 0.203258 0.252443 0.143069 0.003824 0.382319 0.000099
0.014922 0.200801 0.252259 0.142824 0.003876 0.385226 0.000092
0.015039 0.200853 0.251796 0.143210 0.003873 0.385128 0.000102
0.015204 0.201088 0.251706 0.142618 0.003887 0.385395 0.000102
0.015100 0.199537 0.251672 0.142461 0.003889 0.387240 0.000100
0.015005 0.200065 0.251272 0.142451 0.003924 0.387182 0.000100
0.015104 0.197748 0.250743 0.142104 0.003901 0.390299 0.000101
0.015308 0.197850 0.250768 0.142015 0.003911 0.390043 0.000105
0.015360 0.197572 0.250626 0.142153 0.003922 0.390267 0.000099
0.015134 0.196516 0.250184 0.142015 0.003959 0.392093 0.000099
0.015121 0.196082 0.250159 0.141745 0.004000 0.392794 0.000100
0.015457 0.195255 0.249909 0.141677 0.003979 0.393620 0.000102
0.015292 0.195431 0.249655 0.141667 0.003967 0.393883 0.000106
0.015296 0.195126 0.249648 0.141230 0.003967 0.394632 0.000101
0.015398 0.193286 0.249237 0.141595 0.004008 0.396377 0.000100
0.015368 0.192644 0.249333 0.141252 0.004001 0.397305 0.000097
0.015428 0.192371 0.248396 0.140912 0.003990 0.398794 0.000109
0.015275 0.192244 0.249069 0.140930 0.003971 0.398404 0.000106
0.015402 0.190661 0.248137 0.140526 0.004048 0.401120 0.000106
0.015607 0.190491 0.248268 0.140437 0.004015 0.401072 0.000110
0.015646 0.190260 0.247703 0.140486 0.004020 0.401776 0.000108
0.015568 0.190395 0.247847 0.140423 0.003983 0.401680 0.000105
0.015719 0.188804 0.247449 0.140295 0.004023 0.403601 0.000109
0.015567 0.188615 0.247236 0.139983 0.004020 0.404473 0.000105
0.015621 0.187928 0.246669 0.140044 0.004059 0.405569 0.000110
0.015695 0.187231 0.246814 0.139804 0.004062 0.406285 0.000109
0.015948 0.185903 0.246043 0.139684 0.004024 0.408293 0.000104
0.015713 0.186612 0.246201 0.139782 0.004069 0.407513 0.000109
0.015902 0.186256 0.246373 0.139548 0.004081 0.407733 0.000106
0.015958 0.184152 0.245438 0.139190 0.004101 0.411045 0.000116
0.016069 0.184820 0.245626 0.139191 0.004157 0.410025 0.000112
0.015967 0.184041 0.245112 0.139201 0.004112 0.411456 0.000110
0.015937 0.182354 0.244773 0.138822 0.004173 0.413828 0.000113
0.016023 0.183468 0.244933 0.138908 0.004133 0.412418 0.000116
0.016385 0.181977 0.244726 0.138485 0.004113 0.414204 0.000110
0.016128 0.181402 0.244416 0.138512 0.004142 0.415289 0.000113
0.016113 0.181806 0.244049 0.138324 0.004097 0.415494 0.000117
0.016029 0.180044 0.243873 0.137982 0.004140 0.417821 0.000111
0.016347 0.179132 0.243167 0.137792 0.004151 0.419303 0.000108
0.016299 0.179331 0.243843 0.137819 0.004167 0.418429 0.000112
0.016386 0.179171 0.243209 0.137895 0.004147 0.419077 0.000115
0.016230 0.178534 0.242809 0.137676 0.004155 0.420479 0.000118
0.016252 0.178060 0.242909 0.137399 0.004210 0.421055 0.000115
0.016269 0.177397 0.242846 0.137409 0.004192 0.421774 0.000114
0.016436 0.177336 0.242303 0.137277 0.004206 0.422323 0.000120
0.016567 0.175743 0.241954 0.136881 0.004209 0.424536 0.000110
0.016340 0.176310 0.241894 0.137056 0.004170 0.424112 0.000118
0.016681 0.175309 0.241572 0.136800 0.004275 0.425243 0.000120
0.016590 0.175462 0.240927 0.136802 0.004176 0.425925 0.000117
0.016504 0.174715 0.240807 0.136296 0.004220 0.427352 0.000106
0.016694 0.173839 0.240657 0.136568 0.004194 0.427924 0.000123
0.016658 0.173704 0.240585 0.135785 0.004229 0.428922 0.000117
0.016688 0.172718 0.240147 0.136443 0.004255 0.429624 0.000125
0.016755 0.172455 0.239960 0.136043 0.004198 0.430469 0.000120
0.016796 0.172054 0.239910 0.135566 0.004262 0.431287 0.000125
0.016919 0.170974 0.239318 0.135847 0.004239 0.432581 0.000122
0.016977 0.171248 0.239233 0.135500 0.004219 0.432703 0.000121
0.016873 0.169751 0.238598 0.135242 0.004248 0.435157 0.000131
0.016962 0.169603 0.238423 0.135148 0.004271 0.435458 0.000135
0.016894 0.169614 0.238488 0.134872 0.004277 0.435726 0.000128
0.017033 0.167890 0.237282 0.134452 0.004312 0.438901 0.000130
0.017057 0.168708 0.237871 0.134724 0.004273 0.437237 0.000130
0.017297 0.167655 0.237291 0.134295 0.004292 0.439038 0.000132
0.016998 0.167706 0.237745 0.134491 0.004311 0.438623 0.000126
0.017202 0.166793 0.237179 0.134288 0.004331 0.440090 0.000118
0.017198 0.166131 0.236816 0.133964 0.004252 0.441514 0.000126
0.017203 0.166904 0.236362 0.133961 0.004304 0.441134 0.000132
0.017382 0.165723 0.236135 0.134055 0.004291 0.442287 0.000127
0.017250 0.165219 0.236099 0.133429 0.004338 0.443538 0.000127
0.017490 0.164324 0.235481 0.133334 0.004298 0.444948 0.000125
0.017483 0.163792 0.235469 0.133054 0.004367 0.445704 0.000131
0.017718 0.164406 0.235277 0.133024 0.004340 0.445108 0.000126
0.017421 0.163332 0.235236 0.132946 0.004328 0.446600 0.000136
0.017562 0.163038 0.235359 0.132578 0.004328 0.446996 0.000139
0.017686 0.162630 0.234134 0.132557 0.004362 0.448486 0.000144
0.017418 0.162859 0.234274 0.132502 0.004353 0.448457 0.000137
0.017670 0.161994 0.233987 0.132287 0.004381 0.449549 0.000133
0.017635 0.161762 0.234022 0.132417 0.004368 0.449658 0.000137
0.017841 0.160963 0.233572 0.132160 0.004400 0.450924 0.000140
0.017738 0.159598 0.233299 0.131781 0.004419 0.453023 0.000141
0.017650 0.160559 0.233097 0.131790 0.004421 0.452342 0.000141
0.017721 0.159556 0.232480 0.131605 0.004407 0.454088 0.000143
0.017968 0.158925 0.232075 0.131128 0.004426 0.455330 0.000148
0.017995 0.159661 0.231825 0.131310 0.004365 0.454707 0.000137
0.017848 0.158133 0.231831 0.130799 0.004361 0.456882 0.000145
0.017960 0.158606 0.231796 0.130937 0.004391 0.456160 0.000150
0.018021 0.156674 0.231136 0.130651 0.004440 0.458923 0.000155
0.018215 0.155688 0.230854 0.130434 0.004464 0.460200 0.000145
0.017926 0.156654 0.230870 0.130148 0.004416 0.459843 0.000143
0.018151 0.156433 0.230142 0.130178 0.004445 0.460504 0.000146
0.018211 0.155660 0.230509 0.130081 0.004477 0.460917 0.000144
0.018235 0.155160 0.229677 0.129778 0.004454 0.462556 0.000141
0.018262 0.155321 0.229534 0.129671 0.004420 0.462652 0.000141
0.018354 0.154304 0.229275 0.129272 0.004441 0.464212 0.000143
0.018311 0.154058 0.228787 0.129407 0.004462 0.464826 0.000149
0.018485 0.154026 0.228823 0.129469 0.004468 0.464577 0.000151
0.018640 0.152619 0.228207 0.128932 0.004472 0.466975 0.000155
0.018479 0.152779 0.228309 0.129068 0.004425 0.466789 0.000151
0.018339 0.153214 0.228307 0.129166 0.004446 0.466379 0.000148
0.018562 0.151110 0.227542 0.128642 0.004484 0.469503 0.000157
0.018800 0.151958 0.227537 0.128612 0.004480 0.468461 0.000152
0.018533 0.151211 0.227380 0.128324 0.004488 0.469915 0.000149
0.018657 0.150963 0.227545 0.128439 0.004450 0.469790 0.000155
0.018720 0.150553 0.226812 0.128308 0.004455 0.470994 0.000158
0.018803 0.150179 0.226452 0.128023 0.004477 0.471905 0.000161
0.018973 0.149664 0.226440 0.127649 0.004471 0.472664 0.000140
0.018940 0.148872 0.225570 0.127817 0.004549 0.474102 0.000150
0.018946 0.148366 0.225656 0.127183 0.004514 0.475186 0.000150
0.018907 0.149067 0.225603 0.127635 0.004521 0.474100 0.000168
0.019144 0.147402 0.224738 0.127120 0.004543 0.476893 0.000159
0.018930 0.148413 0.224923 0.127553 0.004481 0.475540 0.000161
0.018907 0.147937 0.224607 0.126917 0.004546 0.476931 0.000156
0.018919 0.147627 0.224073 0.126667 0.004543 0.478019 0.000152
0.019314 0.146556 0.223822 0.126702 0.004531 0.478911 0.000164
0.019063 0.146311 0.223543 0.126330 0.004566 0.480017 0.000170
0.019455 0.146206 0.223581 0.126356 0.004529 0.479713 0.000160
0.019380 0.145246 0.223156 0.126145 0.004548 0.481362 0.000162
0.019317 0.145602 0.222671 0.126113 0.004620 0.481524 0.000154
0.019425 0.145356 0.222898 0.125957 0.004592 0.481612 0.000161
0.019387 0.144940 0.222727 0.125592 0.004514 0.482687 0.000152
0.019361 0.144119 0.221876 0.125451 0.004600 0.484426 0.000168
0.019548 0.144075 0.222165 0.125647 0.004534 0.483869 0.000162
0.019668 0.143530 0.221385 0.125480 0.004542 0.485235 0.000160
0.019688 0.143021 0.221285 0.125261 0.004560 0.486030 0.000154
0.019556 0.143764 0.220983 0.125288 0.004542 0.485717 0.000150
0.019807 0.142042 0.220787 0.124809 0.004553 0.487832 0.000168
0.019620 0.141469 0.220534 0.124702 0.004594 0.488914 0.000167
0.019623 0.142456 0.220557 0.124459 0.004587 0.488154 0.000164
0.019939 0.140832 0.219049 0.124470 0.004569 0.490975 0.000168
0.019896 0.140544 0.219410 0.124160 0.004609 0.491220 0.000160
