0.999769 0.000183 0.000036 0.000012 0.000000 0.000000 0.000000
0.999704 0.000217 0.000030 0.000004 0.000000 0.000044 0.000000
0.999591 0.000319 0.000049 0.000011 0.000000 0.000031 0.000000
0.999502 0.000388 0.000060 0.000013 0.000000 0.000036 0.000000
0.999419 0.000448 0.000072 0.000018 0.000000 0.000043 0.000000
0.999333 0.000513 0.000083 0.000025 0.000000 0.000046 0.000000
0.999249 0.000573 0.000098 0.000033 0.000000 0.000048 0.000000
0.999164 0.000636 0.000112 0.000036 0.000000 0.000053 0.000000
0.999078 0.000702 0.000123 0.000040 0.000000 0.000057 0.000000
0.998991 0.000768 0.000137 0.000043 0.000000 0.000061 0.000000
0.998907 0.000832 0.000151 0.000046 0.000000 0.000065 0.000000
0.998819 0.000901 0.000160 0.000050 0.000000 0.000070 0.000000
0.998733 0.000967 0.000171 0.000055 0.000000 0.000075 0.000000
0.998652 0.001024 0.000185 0.000058 0.000000 0.000081 0.000000
0.998567 0.001088 0.000196 0.000063 0.000000 0.000086 0.000000
0.998485 0.001145 0.000213 0.000068 0.000000 0.000088 0.000000
0.998401 0.001207 0.000222 0.000075 0.000000 0.000095 0.000000
0.998317 0.001270 0.000235 0.000080 0.000000 0.000099 0.000000
0.998235 0.001326 0.000251 0.000086 0.000000 0.000103 0.000000
0.998150 0.001388 0.000264 0.000092 0.000000 0.000106 0.000000
0.998069 0.001444 0.000279 0.000097 0.000000 0.000111 0.000000
0.997989 0.001500 0.000294 0.000101 0.000000 0.000117 0.000000
0.997901 0.001567 0.000308 0.000105 0.000000 0.000119 0.000000
0.997817 0.001627 0.000324 0.000109 0.000000 0.000123 0.000000
0.997730 0.001693 0.000335 0.000115 0.000000 0.000127 0.000000
0.997649 0.001750 0.000349 0.000121 0.000000 0.000131 0.000000
0.997568 0.001804 0.000366 0.000128 0.000000 0.000134 0.000000
0.997486 0.001863 0.000381 0.000132 0.000000 0.000138 0.000000
0.997402 0.001924 0.000394 0.000138 0.000000 0.000142 0.000000
0.997314 0.001993 0.000403 0.000143 0.000000 0.000147 0.000000
0.997228 0.002058 0.000415 0.000148 0.000000 0.000151 0.000000
0.997143 0.002123 0.000426 0.000153 0.000000 0.000155 0.000000
0.997058 0.002188 0.000437 0.000158 0.000000 0.000159 0.000000
0.996977 0.002245 0.000451 0.000162 0.000000 0.000165 0.000000
0.996893 0.002306 0.000463 0.000168 0.000000 0.000169 0.000000
0.996809 0.002368 0.000474 0.000174 0.000000 0.000174 0.000000
0.996725 0.002431 0.000484 0.000180 0.000000 0.000180 0.000000
0.996640 0.002494 0.000494 0.000186 0.000000 0.000185 0.000000
0.996555 0.002559 0.000505 0.000190 0.000000 0.000191 0.000000
0.996471 0.002622 0.000515 0.000196 0.000000 0.000196 0.000000
0.996388 0.002680 0.000528 0.000202 0.000000 0.000201 0.000000
0.996304 0.002741 0.000544 0.000206 0.000001 0.000205 0.000000
0.996218 0.002806 0.000555 0.000213 0.000001 0.000208 0.000000
0.996132 0.002870 0.000568 0.000216 0.000001 0.000213 0.000000
0.996048 0.002931 0.000582 0.000223 0.000001 0.000216 0.000000
0.995964 0.002994 0.000597 0.000223 0.000001 0.000221 0.000000
0.995880 0.003056 0.000607 0.000230 0.000001 0.000226 0.000000
0.995794 0.003119 0.000620 0.000236 0.000001 0.000229 0.000000
0.995710 0.003181 0.000635 0.000242 0.000001 0.000232 0.000000
0.995622 0.003249 0.000645 0.000247 0.000001 0.000237 0.000000
0.995535 0.003316 0.000655 0.000253 0.000001 0.000241 0.000000
0.995454 0.003372 0.000668 0.000259 0.000001 0.000246 0.000000
0.995366 0.003440 0.000679 0.000264 0.000001 0.000250 0.000000
0.995280 0.003507 0.000686 0.000269 0.000001 0.000257 0.000000
0.995198 0.003565 0.000700 0.000276 0.000001 0.000261 0.000000
0.995107 0.003640 0.000706 0.000280 0.000001 0.000267 0.000000
0.995025 0.003698 0.000721 0.000284 0.000001 0.000271 0.000000
0.994937 0.003767 0.000732 0.000289 0.000001 0.000275 0.000000
0.994852 0.003832 0.000741 0.000294 0.000001 0.000281 0.000000
0.994772 0.003886 0.000756 0.000300 0.000001 0.000284 0.000000
0.994687 0.003949 0.000771 0.000305 0.000001 0.000287 0.000000
0.994605 0.004007 0.000783 0.000313 0.000001 0.000292 0.000000
0.994517 0.004076 0.000793 0.000317 0.000001 0.000296 0.000000
0.994433 0.004139 0.000805 0.000321 0.000001 0.000301 0.000000
0.994347 0.004205 0.000816 0.000326 0.000001 0.000306 0.000000
0.994261 0.004269 0.000825 0.000334 0.000001 0.000310 0.000000
0.994179 0.004330 0.000837 0.000338 0.000001 0.000316 0.000000
0.994095 0.004393 0.000845 0.000344 0.000001 0.000322 0.000000
0.994010 0.004457 0.000857 0.000348 0.000001 0.000327 0.000000
0.993929 0.004512 0.000870 0.000356 0.000001 0.000332 0.000000
0.993844 0.004577 0.000881 0.000361 0.000001 0.000337 0.000000
0.993761 0.004637 0.000894 0.000366 0.000001 0.000342 0.000000
0.993676 0.004699 0.000906 0.000373 0.000001 0.000345 0.000000
0.993593 0.004761 0.000917 0.000377 0.000001 0.000351 0.000000
0.993510 0.004823 0.000926 0.000385 0.000001 0.000355 0.000000
0.993430 0.004876 0.000941 0.000391 0.000001 0.000361 0.000000
0.993347 0.004936 0.000956 0.000396 0.000001 0.000364 0.000000
0.993265 0.004992 0.000970 0.000403 0.000001 0.000369 0.000000
0.993183 0.005049 0.000988 0.000408 0.000001 0.000372 0.000000
0.993099 0.005110 0.001002 0.000412 0.000001 0.000377 0.000000
0.993008 0.005182 0.001012 0.000417 0.000001 0.000379 0.000000
0.992926 0.005242 0.001024 0.000423 0.000001 0.000385 0.000000
0.992840 0.005306 0.001035 0.000429 0.000001 0.000389 0.000000
0.992756 0.005367 0.001046 0.000436 0.000001 0.000393 0.000000
0.992673 0.005428 0.001059 0.000441 0.000001 0.000398 0.000000
0.992591 0.005487 0.001072 0.000445 0.000001 0.000404 0.000000
0.992511 0.005542 0.001091 0.000448 0.000001 0.000408 0.000000
0.992426 0.005605 0.001102 0.000455 0.000001 0.000412 0.000000
0.992341 0.005669 0.001112 0.000460 0.000001 0.000418 0.000000
0.992254 0.005736 0.001125 0.000463 0.000001 0.000421 0.000000
0.992172 0.005792 0.001142 0.000466 0.000001 0.000426 0.000000
0.992091 0.005848 0.001157 0.000473 0.000001 0.000431 0.000000
0.992001 0.005923 0.001161 0.000477 0.000001 0.000437 0.000000
0.991915 0.005988 0.001176 0.000481 0.000001 0.000439 0.000000
0.991832 0.006045 0.001190 0.000488 0.000001 0.000443 0.000000
0.991747 0.006110 0.001199 0.000494 0.000001 0.000449 0.000000
0.991667 0.006164 0.001216 0.000499 0.000001 0.000453 0.000000
0.991582 0.006228 0.001228 0.000504 0.000001 0.000458 0.000000
0.991493 0.006299 0.001237 0.000508 0.000001 0.000462 0.000000
0.991412 0.006355 0.001253 0.000513 0.000001 0.000466 0.000000
0.991331 0.006414 0.001266 0.000516 0.000002 0.000472 0.000000
0.991243 0.006483 0.001276 0.000521 0.000002 0.000475 0.000000
0.991154 0.006555 0.001284 0.000526 0.000002 0.000480 0.000000
0.991071 0.006615 0.001298 0.000529 0.000002 0.000486 0.000000
0.990981 0.006688 0.001306 0.000533 0.000002 0.000490 0.000000
0.990897 0.006749 0.001318 0.000539 0.000002 0.000494 0.000000
0.990811 0.006817 0.001327 0.000542 0.000002 0.000501 0.000000
0.990727 0.006879 0.001338 0.000551 0.000002 0.000504 0.000000
0.990642 0.006942 0.001349 0.000557 0.000002 0.000508 0.000000
0.990557 0.007006 0.001361 0.000562 0.000002 0.000512 0.000000
0.990472 0.007070 0.001373 0.000566 0.000002 0.000517 0.000000
0.990389 0.007128 0.001387 0.000571 0.000002 0.000522 0.000000
0.990309 0.007182 0.001405 0.000577 0.000002 0.000524 0.000000
0.990227 0.007240 0.001421 0.000583 0.000002 0.000528 0.000000
0.990145 0.007299 0.001435 0.000586 0.000002 0.000534 0.000000
0.990060 0.007362 0.001446 0.000591 0.000002 0.000539 0.000000
0.989974 0.007427 0.001460 0.000595 0.000002 0.000542 0.000000
0.989890 0.007489 0.001472 0.000601 0.000002 0.000546 0.000000
0.989810 0.007545 0.001489 0.000604 0.000002 0.000549 0.000000
0.989727 0.007606 0.001503 0.000609 0.000002 0.000554 0.000000
0.989639 0.007674 0.001514 0.000611 0.000002 0.000560 0.000000
0.989558 0.007735 0.001523 0.000614 0.000002 0.000568 0.000000
0.989476 0.007795 0.001534 0.000620 0.000002 0.000573 0.000000
0.989392 0.007857 0.001547 0.000625 0.000002 0.000577 0.000000
0.989306 0.007920 0.001560 0.000632 0.000002 0.000580 0.000000
0.989223 0.007981 0.001575 0.000636 0.000002 0.000583 0.000000
0.989140 0.008043 0.001589 0.000638 0.000002 0.000588 0.000000
0.989056 0.008105 0.001602 0.000642 0.000002 0.000592 0.000000
0.988976 0.008161 0.001617 0.000647 0.000002 0.000598 0.000000
0.988891 0.008225 0.001629 0.000652 0.000002 0.000603 0.000000
0.988809 0.008282 0.001642 0.000659 0.000002 0.000607 0.000000
0.988723 0.008346 0.001654 0.000663 0.000002 0.000611 0.000000
0.988641 0.008406 0.001668 0.000667 0.000002 0.000616 0.000000
0.988556 0.008467 0.001683 0.000672 0.000002 0.000619 0.000000
0.988469 0.008533 0.001696 0.000678 0.000002 0.000623 0.000000
0.988385 0.008595 0.001708 0.000682 0.000002 0.000628 0.000000
0.988300 0.008657 0.001721 0.000689 0.000002 0.000632 0.000000
0.988219 0.008712 0.001735 0.000697 0.000002 0.000635 0.000000
0.988136 0.008775 0.001745 0.000701 0.000002 0.000642 0.000000
0.988054 0.008836 0.001755 0.000704 0.000002 0.000649 0.000000
0.987971 0.008897 0.001763 0.000711 0.000002 0.000656 0.000000
0.987885 0.008963 0.001773 0.000716 0.000003 0.000660 0.000000
0.987803 0.009020 0.001789 0.000722 0.000003 0.000665 0.000000
0.987722 0.009076 0.001801 0.000731 0.000003 0.000668 0.000000
0.987638 0.009138 0.001815 0.000735 0.000003 0.000672 0.000000
0.987551 0.009204 0.001826 0.000739 0.000003 0.000677 0.000000
0.987466 0.009266 0.001838 0.000745 0.000003 0.000681 0.000000
0.987385 0.009323 0.001853 0.000751 0.000003 0.000686 0.000000
0.987299 0.009388 0.001866 0.000754 0.000003 0.000690 0.000000
0.987215 0.009450 0.001880 0.000759 0.000003 0.000694 0.000000
0.987129 0.009514 0.001892 0.000766 0.000003 0.000697 0.000000
0.987042 0.009580 0.001905 0.000770 0.000003 0.000700 0.000000
0.986954 0.009648 0.001918 0.000774 0.000003 0.000704 0.000000
0.986870 0.009708 0.001932 0.000780 0.000003 0.000708 0.000000
0.986787 0.009767 0.001946 0.000786 0.000003 0.000711 0.000000
0.986704 0.009828 0.001959 0.000789 0.000003 0.000717 0.000000
0.986623 0.009886 0.001971 0.000796 0.000003 0.000722 0.000000
0.986535 0.009953 0.001982 0.000802 0.000003 0.000725 0.000000
0.986448 0.010020 0.001994 0.000806 0.000003 0.000729 0.000000
0.986365 0.010080 0.002004 0.000813 0.000003 0.000734 0.000000
0.986282 0.010144 0.002012 0.000819 0.000003 0.000740 0.000000
0.986200 0.010204 0.002022 0.000824 0.000003 0.000748 0.000000
0.986118 0.010263 0.002032 0.000829 0.000003 0.000755 0.000000
0.986035 0.010325 0.002043 0.000835 0.000003 0.000759 0.000000
0.985951 0.010386 0.002054 0.000842 0.000003 0.000764 0.000000
0.985866 0.010450 0.002068 0.000848 0.000003 0.000767 0.000000
0.985779 0.010516 0.002081 0.000852 0.000003 0.000770 0.000000
0.985692 0.010580 0.002095 0.000858 0.000003 0.000772 0.000000
0.985604 0.010650 0.002106 0.000861 0.000003 0.000776 0.000000
0.985518 0.010716 0.002118 0.000864 0.000003 0.000781 0.000000
0.985435 0.010776 0.002130 0.000870 0.000003 0.000786 0.000000
0.985351 0.010837 0.002144 0.000874 0.000003 0.000791 0.000000
0.985266 0.010901 0.002154 0.000881 0.000003 0.000795 0.000000
0.985180 0.010966 0.002166 0.000886 0.000003 0.000800 0.000000
0.985095 0.011030 0.002177 0.000891 0.000003 0.000805 0.000000
0.985009 0.011094 0.002193 0.000894 0.000003 0.000808 0.000000
0.984923 0.011158 0.002206 0.000899 0.000003 0.000812 0.000000
0.984838 0.011222 0.002217 0.000903 0.000003 0.000817 0.000000
0.984752 0.011287 0.002231 0.000907 0.000003 0.000821 0.000000
0.984665 0.011356 0.002241 0.000910 0.000003 0.000827 0.000000
0.984580 0.011419 0.002253 0.000915 0.000003 0.000831 0.000000
0.984495 0.011482 0.002268 0.000918 0.000003 0.000835 0.000000
0.984410 0.011550 0.002275 0.000921 0.000003 0.000842 0.000000
0.984325 0.011614 0.002286 0.000926 0.000003 0.000847 0.000000
0.984240 0.011676 0.002297 0.000933 0.000003 0.000851 0.000000
0.984157 0.011735 0.002310 0.000939 0.000003 0.000856 0.000000
0.984073 0.011797 0.002325 0.000942 0.000003 0.000860 0.000000
0.983985 0.011867 0.002336 0.000945 0.000003 0.000864 0.000000
0.983902 0.011926 0.002348 0.000951 0.000003 0.000869 0.000000
0.983819 0.011986 0.002360 0.000959 0.000003 0.000873 0.000000
0.983737 0.012046 0.002373 0.000963 0.000003 0.000879 0.000000
0.983652 0.012110 0.002387 0.000965 0.000003 0.000883 0.000000
0.983567 0.012174 0.002396 0.000970 0.000003 0.000889 0.000000
0.983484 0.012233 0.002411 0.000975 0.000003 0.000894 0.000000
0.983402 0.012293 0.002421 0.000983 0.000003 0.000897 0.000000
0.983318 0.012356 0.002433 0.000988 0.000003 0.000903 0.000000
0.983234 0.012417 0.002445 0.000993 0.000003 0.000907 0.000000
0.983149 0.012482 0.002455 0.000998 0.000003 0.000913 0.000000
0.983061 0.012549 0.002465 0.001005 0.000003 0.000916 0.000000
0.982976 0.012614 0.002474 0.001012 0.000003 0.000921 0.000000
0.982891 0.012675 0.002490 0.001016 0.000003 0.000925 0.000000
0.982807 0.012736 0.002504 0.001021 0.000003 0.000929 0.000000
0.982723 0.012796 0.002519 0.001025 0.000003 0.000933 0.000000
0.982638 0.012859 0.002530 0.001031 0.000003 0.000938 0.000000
0.982554 0.012921 0.002542 0.001036 0.000003 0.000943 0.000000
0.982470 0.012983 0.002556 0.001042 0.000003 0.000947 0.000000
0.982384 0.013049 0.002566 0.001045 0.000003 0.000952 0.000000
0.982300 0.013111 0.002579 0.001050 0.000003 0.000957 0.000000
0.982217 0.013171 0.002591 0.001057 0.000003 0.000961 0.000000
0.982135 0.013230 0.002606 0.001062 0.000003 0.000965 0.000000
0.982046 0.013300 0.002616 0.001066 0.000003 0.000969 0.000000
0.981966 0.013355 0.002632 0.001069 0.000003 0.000975 0.000000
0.981886 0.013408 0.002647 0.001077 0.000003 0.000979 0.000000
0.981803 0.013467 0.002658 0.001085 0.000003 0.000984 0.000000
0.981720 0.013529 0.002666 0.001093 0.000003 0.000989 0.000000
0.981637 0.013590 0.002675 0.001100 0.000003 0.000995 0.000000
0.981552 0.013653 0.002688 0.001104 0.000003 0.000999 0.000000
0.981471 0.013709 0.002702 0.001111 0.000003 0.001004 0.000000
0.981387 0.013772 0.002712 0.001116 0.000003 0.001009 0.000000
0.981302 0.013837 0.002723 0.001121 0.000003 0.001013 0.000000
0.981217 0.013901 0.002737 0.001125 0.000003 0.001017 0.000000
0.981134 0.013959 0.002750 0.001133 0.000003 0.001021 0.000000
0.981053 0.014017 0.002762 0.001138 0.000003 0.001026 0.000000
0.980964 0.014089 0.002771 0.001143 0.000003 0.001030 0.000000
0.980879 0.014153 0.002782 0.001148 0.000003 0.001035 0.000000
0.980795 0.014214 0.002793 0.001153 0.000003 0.001041 0.000000
0.980711 0.014278 0.002802 0.001161 0.000003 0.001046 0.000000
0.980628 0.014338 0.002814 0.001163 0.000003 0.001054 0.000000
0.980543 0.014404 0.002828 0.001165 0.000003 0.001057 0.000000
0.980461 0.014463 0.002842 0.001168 0.000003 0.001063 0.000000
0.980379 0.014520 0.002856 0.001173 0.000003 0.001068 0.000000
0.980296 0.014582 0.002871 0.001178 0.000003 0.001071 0.000000
0.980213 0.014643 0.002882 0.001182 0.000003 0.001077 0.000000
0.980129 0.014704 0.002896 0.001187 0.000003 0.001081 0.000000
0.980040 0.014773 0.002908 0.001191 0.000003 0.001085 0.000000
0.979953 0.014839 0.002921 0.001196 0.000003 0.001088 0.000000
0.979871 0.014895 0.002935 0.001203 0.000003 0.001093 0.000000
0.979780 0.014970 0.002946 0.001205 0.000003 0.001096 0.000000
0.979697 0.015029 0.002960 0.001211 0.000003 0.001100 0.000000
0.979613 0.015092 0.002971 0.001217 0.000003 0.001104 0.000000
0.979528 0.015154 0.002985 0.001224 0.000003 0.001106 0.000000
0.979447 0.015211 0.002998 0.001230 0.000003 0.001110 0.000000
0.979360 0.015278 0.003010 0.001234 0.000003 0.001115 0.000000
0.979277 0.015339 0.003020 0.001240 0.000003 0.001121 0.000000
0.979201 0.015389 0.003033 0.001249 0.000003 0.001126 0.000000
0.979122 0.015439 0.003052 0.001253 0.000003 0.001131 0.000000
0.979034 0.015509 0.003062 0.001258 0.000003 0.001134 0.000000
0.978950 0.015570 0.003075 0.001262 0.000003 0.001139 0.000000
0.978871 0.015623 0.003091 0.001268 0.000003 0.001145 0.000000
0.978788 0.015684 0.003101 0.001274 0.000003 0.001150 0.000000
0.978703 0.015747 0.003112 0.001281 0.000003 0.001154 0.000000
0.978617 0.015811 0.003124 0.001286 0.000003 0.001157 0.000000
0.978532 0.015876 0.003136 0.001290 0.000003 0.001163 0.000000
0.978453 0.015928 0.003150 0.001296 0.000003 0.001169 0.000000
0.978366 0.015996 0.003159 0.001302 0.000003 0.001173 0.000000
0.978278 0.016064 0.003169 0.001309 0.000003 0.001177 0.000000
0.978196 0.016125 0.003177 0.001315 0.000003 0.001183 0.000000
0.978108 0.016194 0.003187 0.001320 0.000003 0.001188 0.000000
0.978025 0.016257 0.003196 0.001323 0.000003 0.001196 0.000000
0.977940 0.016319 0.003209 0.001329 0.000003 0.001200 0.000000
0.977856 0.016383 0.003218 0.001333 0.000003 0.001207 0.000000
0.977771 0.016446 0.003231 0.001338 0.000003 0.001211 0.000000
0.977688 0.016506 0.003244 0.001344 0.000003 0.001215 0.000000
0.977605 0.016565 0.003256 0.001351 0.000003 0.001219 0.000000
0.977519 0.016630 0.003267 0.001357 0.000003 0.001223 0.000000
0.977433 0.016698 0.003276 0.001360 0.000003 0.001229 0.000000
0.977348 0.016762 0.003287 0.001367 0.000003 0.001233 0.000000
0.977267 0.016819 0.003303 0.001372 0.000003 0.001236 0.000000
0.977184 0.016880 0.003315 0.001374 0.000003 0.001244 0.000000
0.977098 0.016946 0.003325 0.001379 0.000003 0.001249 0.000000
0.977014 0.017007 0.003340 0.001383 0.000003 0.001253 0.000000
0.976931 0.017067 0.003354 0.001388 0.000003 0.001257 0.000000
0.976850 0.017124 0.003365 0.001393 0.000003 0.001264 0.000000
0.976768 0.017182 0.003381 0.001396 0.000003 0.001270 0.000000
0.976687 0.017236 0.003399 0.001402 0.000003 0.001273 0.000000
0.976606 0.017293 0.003411 0.001408 0.000003 0.001279 0.000000
0.976523 0.017354 0.003422 0.001413 0.000003 0.001285 0.000000
0.976440 0.017415 0.003434 0.001420 0.000003 0.001288 0.000000
0.976357 0.017471 0.003451 0.001427 0.000003 0.001291 0.000000
0.976267 0.017545 0.003458 0.001430 0.000003 0.001296 0.000000
0.976185 0.017604 0.003471 0.001433 0.000003 0.001304 0.000000
0.976104 0.017659 0.003487 0.001440 0.000003 0.001307 0.000000
0.976018 0.017726 0.003499 0.001444 0.000004 0.001310 0.000000
0.975933 0.017791 0.003510 0.001447 0.000004 0.001316 0.000000
0.975843 0.017863 0.003519 0.001452 0.000004 0.001320 0.000000
0.975761 0.017921 0.003533 0.001458 0.000004 0.001324 0.000000
0.975676 0.017982 0.003547 0.001466 0.000004 0.001326 0.000000
0.975592 0.018042 0.003558 0.001474 0.000004 0.001331 0.000000
0.975509 0.018102 0.003568 0.001482 0.000004 0.001335 0.000000
0.975422 0.018171 0.003577 0.001485 0.000004 0.001341 0.000000
0.975340 0.018228 0.003591 0.001493 0.000004 0.001345 0.000000
0.975254 0.018292 0.003604 0.001497 0.000004 0.001348 0.000000
0.975169 0.018355 0.003618 0.001502 0.000004 0.001353 0.000000
0.975087 0.018412 0.003632 0.001510 0.000004 0.001356 0.000000
0.975002 0.018473 0.003646 0.001516 0.000004 0.001359 0.000000
0.974923 0.018526 0.003661 0.001522 0.000004 0.001365 0.000000
0.974833 0.018599 0.003670 0.001524 0.000004 0.001370 0.000000
0.974748 0.018662 0.003683 0.001529 0.000004 0.001374 0.000000
0.974666 0.018720 0.003694 0.001537 0.000004 0.001379 0.000000
0.974581 0.018784 0.003705 0.001542 0.000004 0.001383 0.000000
0.974496 0.018847 0.003720 0.001546 0.000004 0.001387 0.000000
0.974411 0.018913 0.003730 0.001550 0.000004 0.001393 0.000000
0.974328 0.018971 0.003747 0.001555 0.000004 0.001396 0.000000
0.974244 0.019030 0.003763 0.001560 0.000004 0.001399 0.000000
0.974158 0.019094 0.003775 0.001568 0.000004 0.001401 0.000000
0.974080 0.019146 0.003789 0.001575 0.000004 0.001406 0.000000
0.973999 0.019202 0.003800 0.001584 0.000004 0.001411 0.000000
0.973889 0.019283 0.003814 0.001591 0.000004 0.001419 0.000000
0.973716 0.019413 0.003835 0.001605 0.000004 0.001428 0.000000
0.973748 0.019389 0.003833 0.001599 0.000004 0.001428 0.000000
0.973630 0.019478 0.003848 0.001605 0.000004 0.001435 0.000000
0.973565 0.019521 0.003864 0.001610 0.000004 0.001437 0.000000
0.973482 0.019579 0.003879 0.001613 0.000004 0.001443 0.000000
0.973331 0.019688 0.003900 0.001627 0.000004 0.001450 0.000000
0.973259 0.019742 0.003909 0.001630 0.000004 0.001455 0.000000
0.973211 0.019774 0.003922 0.001631 0.000004 0.001458 0.000000
0.973125 0.019838 0.003936 0.001635 0.000004 0.001462 0.000000
0.973017 0.019922 0.003951 0.001640 0.000004 0.001467 0.000000
0.972884 0.020025 0.003965 0.001649 0.000004 0.001473 0.000000
0.972857 0.020045 0.003970 0.001649 0.000004 0.001474 0.000000
0.972725 0.020144 0.003988 0.001658 0.000004 0.001480 0.000000
0.972733 0.020134 0.003994 0.001654 0.000004 0.001481 0.000000
0.972624 0.020217 0.004007 0.001663 0.000004 0.001485 0.000000
0.972470 0.020327 0.004030 0.001676 0.000004 0.001492 0.000000
0.972432 0.020353 0.004038 0.001679 0.000004 0.001493 0.000000
0.972373 0.020395 0.004045 0.001684 0.000004 0.001498 0.000000
0.972236 0.020499 0.004062 0.001695 0.000004 0.001504 0.000000
0.972123 0.020583 0.004079 0.001702 0.000004 0.001509 0.000000
0.972114 0.020587 0.004084 0.001700 0.000004 0.001510 0.000000
0.971979 0.020686 0.004104 0.001708 0.000004 0.001519 0.000000
0.971898 0.020742 0.004120 0.001710 0.000004 0.001527 0.000000
0.971807 0.020812 0.004131 0.001718 0.000004 0.001528 0.000000
0.971718 0.020880 0.004143 0.001722 0.000004 0.001533 0.000000
0.971576 0.020986 0.004160 0.001732 0.000004 0.001542 0.000000
0.971412 0.021105 0.004184 0.001745 0.000004 0.001550 0.000000
0.971368 0.021130 0.004197 0.001747 0.000004 0.001553 0.000000
0.971240 0.021225 0.004216 0.001755 0.000004 0.001560 0.000000
0.971165 0.021279 0.004225 0.001764 0.000004 0.001562 0.000000
0.971108 0.021316 0.004238 0.001770 0.000004 0.001564 0.000000
0.970996 0.021403 0.004251 0.001778 0.000004 0.001568 0.000000
0.970977 0.021410 0.004263 0.001775 0.000004 0.001571 0.000000
0.970892 0.021467 0.004276 0.001782 0.000004 0.001578 0.000000
0.970822 0.021523 0.004283 0.001788 0.000005 0.001580 0.000000
0.970599 0.021683 0.004307 0.001820 0.000005 0.001586 0.000000
0.970553 0.021707 0.004324 0.001822 0.000005 0.001590 0.000000
0.970424 0.021801 0.004344 0.001830 0.000005 0.001597 0.000000
0.970448 0.021793 0.004342 0.001816 0.000005 0.001597 0.000000
0.969894 0.022204 0.004416 0.001862 0.000005 0.001619 0.000000
0.970044 0.022095 0.004398 0.001838 0.000005 0.001620 0.000000
0.970064 0.022094 0.004399 0.001828 0.000006 0.001610 0.000000
0.969664 0.022368 0.004450 0.001878 0.000005 0.001635 0.000000
0.969675 0.022374 0.004457 0.001860 0.000006 0.001629 0.000000
0.969590 0.022434 0.004478 0.001857 0.000007 0.001634 0.000000
0.969484 0.022521 0.004480 0.001872 0.000006 0.001638 0.000000
0.969443 0.022545 0.004486 0.001876 0.000006 0.001645 0.000000
0.969204 0.022752 0.004509 0.001886 0.000006 0.001644 0.000000
0.968950 0.022923 0.004556 0.001901 0.000007 0.001663 0.000000
0.968815 0.023021 0.004572 0.001916 0.000007 0.001670 0.000000
0.968647 0.023146 0.004602 0.001922 0.000007 0.001676 0.000000
0.968648 0.023143 0.004598 0.001925 0.000007 0.001679 0.000000
0.968508 0.023286 0.004598 0.001925 0.000006 0.001678 0.000000
0.968471 0.023299 0.004617 0.001918 0.000007 0.001688 0.000000
0.967984 0.023630 0.004705 0.001960 0.000007 0.001713 0.000000
0.968107 0.023538 0.004682 0.001956 0.000007 0.001710 0.000000
0.967742 0.023789 0.004748 0.001977 0.000007 0.001738 0.000000
0.967789 0.023813 0.004709 0.001960 0.000006 0.001722 0.000000
0.967646 0.023879 0.004764 0.001971 0.000008 0.001733 0.000000
0.967327 0.024115 0.004801 0.002012 0.000007 0.001738 0.000000
0.966968 0.024377 0.004863 0.002032 0.000007 0.001753 0.000000
0.967230 0.024169 0.004822 0.002021 0.000007 0.001751 0.000000
0.967077 0.024276 0.004840 0.002031 0.000007 0.001769 0.000000
0.966451 0.024783 0.004930 0.002055 0.000007 0.001775 0.000000
0.966744 0.024526 0.004904 0.002048 0.000007 0.001771 0.000000
0.966439 0.024758 0.004931 0.002092 0.000010 0.001771 0.000000
0.965831 0.025211 0.005034 0.002119 0.000008 0.001797 0.000000
0.965648 0.025301 0.005073 0.002151 0.000007 0.001819 0.000000
0.965389 0.025528 0.005089 0.002147 0.000009 0.001838 0.000000
0.965862 0.025211 0.005002 0.002103 0.000007 0.001815 0.000000
0.965300 0.025517 0.005174 0.002153 0.000008 0.001848 0.000000
0.965131 0.025721 0.005141 0.002163 0.000008 0.001836 0.000000
0.964540 0.026126 0.005254 0.002206 0.000009 0.001865 0.000000
0.965007 0.025762 0.005188 0.002187 0.000009 0.001847 0.000000
0.964850 0.025911 0.005194 0.002186 0.000008 0.001850 0.000000
0.964350 0.026213 0.005311 0.002234 0.000008 0.001883 0.000000
0.963801 0.026599 0.005403 0.002283 0.000008 0.001905 0.000000
0.964091 0.026467 0.005303 0.002246 0.000008 0.001885 0.000000
0.964338 0.026283 0.005256 0.002244 0.000007 0.001872 0.000000
0.963997 0.026509 0.005329 0.002264 0.000007 0.001894 0.000000
0.963435 0.026893 0.005431 0.002303 0.000010 0.001929 0.000000
0.963281 0.027024 0.005436 0.002308 0.000008 0.001943 0.000000
0.962555 0.027571 0.005545 0.002356 0.000010 0.001963 0.000000
0.962628 0.027600 0.005469 0.002355 0.000008 0.001940 0.000000
0.962871 0.027425 0.005454 0.002316 0.000007 0.001928 0.000000
0.961698 0.028200 0.005700 0.002401 0.000011 0.001990 0.000000
0.962157 0.027862 0.005605 0.002388 0.000009 0.001979 0.000000
0.961128 0.028606 0.005791 0.002452 0.000009 0.002014 0.000000
0.961882 0.028115 0.005618 0.002391 0.000010 0.001983 0.000000
0.960915 0.028834 0.005772 0.002453 0.000007 0.002019 0.000000
0.961513 0.028383 0.005683 0.002408 0.000009 0.002004 0.000000
0.960270 0.029242 0.005915 0.002498 0.000009 0.002066 0.000000
0.960735 0.028924 0.005835 0.002445 0.000010 0.002051 0.000000
0.959711 0.029699 0.005971 0.002517 0.000009 0.002094 0.000000
0.959619 0.029689 0.006007 0.002549 0.000012 0.002123 0.000000
0.960309 0.029297 0.005875 0.002450 0.000009 0.002061 0.000000
0.958883 0.030333 0.006079 0.002574 0.000009 0.002122 0.000000
0.959483 0.029873 0.005997 0.002539 0.000008 0.002099 0.000000
0.959402 0.029917 0.006021 0.002537 0.000008 0.002115 0.000000
0.958788 0.030358 0.006148 0.002572 0.000010 0.002123 0.000000
0.957615 0.031255 0.006270 0.002643 0.000009 0.002207 0.000000
0.957791 0.031084 0.006263 0.002643 0.000011 0.002208 0.000000
0.957049 0.031628 0.006383 0.002697 0.000010 0.002234 0.000000
0.957534 0.031213 0.006345 0.002678 0.000010 0.002219 0.000000
0.956462 0.032047 0.006483 0.002712 0.000011 0.002285 0.000000
0.957492 0.031276 0.006320 0.002666 0.000010 0.002237 0.000000
0.955959 0.032394 0.006578 0.002748 0.000011 0.002310 0.000000
0.955362 0.032865 0.006648 0.002794 0.000012 0.002320 0.000000
0.955225 0.032959 0.006654 0.002803 0.000009 0.002350 0.000000
0.954622 0.033382 0.006761 0.002837 0.000010 0.002389 0.000000
0.954932 0.033141 0.006725 0.002819 0.000010 0.002374 0.000000
0.954294 0.033683 0.006821 0.002833 0.000011 0.002358 0.000000
0.954294 0.033577 0.006877 0.002830 0.000011 0.002411 0.000000
0.953845 0.033985 0.006888 0.002855 0.000013 0.002415 0.000000
0.953902 0.033917 0.006886 0.002871 0.000011 0.002414 0.000000
0.953445 0.034236 0.006955 0.002883 0.000015 0.002466 0.000000
0.953756 0.034000 0.006925 0.002900 0.000013 0.002406 0.000000
0.953119 0.034503 0.006973 0.002913 0.000015 0.002477 0.000000
0.952355 0.035104 0.007067 0.002974 0.000014 0.002487 0.000000
0.952357 0.035076 0.007118 0.002947 0.000014 0.002488 0.000000
0.951084 0.035933 0.007338 0.003048 0.000013 0.002585 0.000000
0.950514 0.036377 0.007454 0.003066 0.000013 0.002576 0.000000
0.951246 0.035821 0.007329 0.003043 0.000011 0.002549 0.000000
0.950313 0.036468 0.007490 0.003109 0.000013 0.002607 0.000000
0.949127 0.037291 0.007707 0.003176 0.000013 0.002686 0.000000
0.947850 0.038238 0.007897 0.003247 0.000016 0.002753 0.000000
0.949632 0.036997 0.007605 0.003131 0.000014 0.002621 0.000000
0.948996 0.037420 0.007701 0.003172 0.000013 0.002698 0.000000
0.948951 0.037464 0.007702 0.003181 0.000012 0.002690 0.000000
0.947638 0.038481 0.007883 0.003226 0.000016 0.002756 0.000000
0.947218 0.038804 0.007936 0.003269 0.000013 0.002761 0.000000
0.945519 0.039907 0.008307 0.003378 0.000016 0.002874 0.000000
0.945859 0.039775 0.008172 0.003337 0.000015 0.002842 0.000000
0.944839 0.040360 0.008411 0.003452 0.000016 0.002923 0.000000
0.946105 0.039638 0.008105 0.003327 0.000013 0.002811 0.000000
0.945612 0.039848 0.008269 0.003369 0.000014 0.002888 0.000000
0.945610 0.039868 0.008273 0.003368 0.000014 0.002868 0.000000
0.944198 0.040902 0.008492 0.003473 0.000016 0.002921 0.000000
0.943994 0.041031 0.008540 0.003473 0.000014 0.002948 0.000000
0.942860 0.041812 0.008756 0.003554 0.000013 0.003006 0.000000
0.943176 0.041668 0.008633 0.003546 0.000014 0.002962 0.000000
0.943738 0.041161 0.008560 0.003541 0.000013 0.002987 0.000000
0.940925 0.043186 0.009045 0.003715 0.000013 0.003116 0.000000
0.940906 0.043172 0.009059 0.003713 0.000016 0.003133 0.000000
0.941470 0.042765 0.008985 0.003669 0.000016 0.003093 0.000000
0.939876 0.044013 0.009144 0.003753 0.000016 0.003199 0.000000
0.939743 0.044010 0.009262 0.003778 0.000014 0.003194 0.000000
0.938994 0.044610 0.009354 0.003814 0.000016 0.003212 0.000000
0.938224 0.045088 0.009523 0.003904 0.000015 0.003246 0.000000
0.937931 0.045352 0.009541 0.003875 0.000014 0.003287 0.000000
0.937758 0.045491 0.009567 0.003886 0.000016 0.003282 0.000000
0.936598 0.046316 0.009762 0.003976 0.000015 0.003333 0.000000
0.936631 0.046224 0.009796 0.003980 0.000018 0.003352 0.000000
0.936193 0.046544 0.009862 0.003994 0.000014 0.003393 0.000000
0.935067 0.047390 0.010001 0.004074 0.000019 0.003449 0.000000
0.935403 0.047076 0.009978 0.004099 0.000019 0.003425 0.000000
0.933501 0.048483 0.010295 0.004179 0.000019 0.003523 0.000000
0.933240 0.048635 0.010358 0.004181 0.000016 0.003569 0.000000
0.932527 0.049167 0.010468 0.004259 0.000016 0.003564 0.000000
0.934163 0.047906 0.010241 0.004167 0.000016 0.003507 0.000000
0.933406 0.048539 0.010322 0.004189 0.000016 0.003527 0.000000
0.931295 0.050004 0.010736 0.004303 0.000018 0.003645 0.000000
0.931958 0.049617 0.010518 0.004256 0.000017 0.003635 0.000000
0.930667 0.050516 0.010722 0.004379 0.000017 0.003698 0.000000
0.930564 0.050558 0.010767 0.004385 0.000017 0.003708 0.000000
0.928674 0.051925 0.011057 0.004450 0.000020 0.003875 0.000000
0.928522 0.051977 0.011124 0.004534 0.000020 0.003822 0.000000
0.928157 0.052221 0.011191 0.004503 0.000019 0.003910 0.000000
0.927415 0.052864 0.011246 0.004543 0.000018 0.003914 0.000000
0.926037 0.053790 0.011478 0.004647 0.000022 0.004026 0.000000
0.926708 0.053268 0.011377 0.004629 0.000018 0.004000 0.000000
0.924759 0.054632 0.011708 0.004737 0.000021 0.004143 0.000000
0.924566 0.054847 0.011676 0.004771 0.000017 0.004123 0.000000
0.924236 0.055003 0.011767 0.004815 0.000020 0.004159 0.000000
0.924023 0.055249 0.011738 0.004825 0.000019 0.004146 0.000000
0.923790 0.055362 0.011766 0.004870 0.000020 0.004192 0.000000
0.921776 0.056879 0.012071 0.004970 0.000021 0.004283 0.000000
0.921456 0.057057 0.012172 0.004984 0.000022 0.004309 0.000000
0.920226 0.057864 0.012387 0.005113 0.000020 0.004390 0.000000
0.920390 0.057788 0.012376 0.005015 0.000020 0.004411 0.000000
0.920170 0.057925 0.012396 0.005067 0.000022 0.004419 0.000000
0.920020 0.058100 0.012464 0.005054 0.000017 0.004345 0.000000
0.918694 0.058993 0.012667 0.005157 0.000022 0.004467 0.000000
0.917837 0.059523 0.012845 0.005250 0.000022 0.004524 0.000000
0.917722 0.059626 0.012810 0.005261 0.000024 0.004557 0.000000
0.917037 0.060106 0.012961 0.005314 0.000018 0.004565 0.000000
0.916316 0.060615 0.013073 0.005366 0.000021 0.004610 0.000000
0.915884 0.060969 0.013147 0.005371 0.000023 0.004606 0.000000
0.915787 0.060943 0.013235 0.005370 0.000022 0.004643 0.000000
0.915363 0.061270 0.013260 0.005415 0.000020 0.004671 0.000000
0.914802 0.061715 0.013335 0.005435 0.000017 0.004696 0.000000
0.913606 0.062451 0.013528 0.005578 0.000021 0.004816 0.000000
0.911594 0.063830 0.013912 0.005716 0.000023 0.004924 0.000000
0.911233 0.064042 0.013983 0.005755 0.000022 0.004964 0.000000
0.911755 0.063738 0.013837 0.005728 0.000021 0.004922 0.000000
0.911147 0.064182 0.013917 0.005735 0.000023 0.004996 0.000000
0.909559 0.065323 0.014188 0.005888 0.000021 0.005022 0.000000
0.908894 0.065818 0.014271 0.005935 0.000023 0.005059 0.000000
0.908462 0.066048 0.014418 0.005967 0.000022 0.005083 0.000000
0.907149 0.066984 0.014525 0.006122 0.000026 0.005194 0.000000
0.907777 0.066495 0.014473 0.006046 0.000024 0.005185 0.000000
0.906293 0.067539 0.014763 0.006135 0.000021 0.005250 0.000000
0.905727 0.067864 0.014850 0.006184 0.000023 0.005351 0.000000
0.907704 0.066494 0.014523 0.006043 0.000021 0.005216 0.000000
0.903997 0.069188 0.015103 0.006268 0.000024 0.005420 0.000000
0.904746 0.068606 0.015028 0.006214 0.000022 0.005384 0.000000
0.904911 0.068375 0.015074 0.006226 0.000021 0.005393 0.000000
0.902873 0.069944 0.015317 0.006351 0.000023 0.005493 0.000000
0.899265 0.072493 0.015894 0.006580 0.000022 0.005746 0.000000
0.901027 0.071126 0.015678 0.006509 0.000023 0.005636 0.000000
0.900719 0.071385 0.015695 0.006512 0.000023 0.005666 0.000000
0.898773 0.072775 0.016039 0.006638 0.000023 0.005753 0.000000
0.898704 0.072847 0.016060 0.006597 0.000022 0.005770 0.000000
0.897914 0.073337 0.016230 0.006678 0.000022 0.005819 0.000000
0.896513 0.074256 0.016436 0.006787 0.000024 0.005985 0.000000
0.896682 0.074173 0.016406 0.006753 0.000022 0.005964 0.000000
0.893641 0.076237 0.016979 0.006993 0.000024 0.006126 0.000000
0.894605 0.075666 0.016743 0.006925 0.000023 0.006038 0.000000
0.894474 0.075698 0.016764 0.006978 0.000026 0.006060 0.000000
0.893696 0.076223 0.016938 0.007026 0.000026 0.006091 0.000000
0.892219 0.077307 0.017188 0.007084 0.000028 0.006173 0.000000
0.894600 0.075619 0.016760 0.006936 0.000025 0.006060 0.000000
0.888489 0.079771 0.017874 0.007358 0.000024 0.006483 0.000000
0.889464 0.079094 0.017687 0.007282 0.000024 0.006449 0.000000
0.890910 0.078233 0.017403 0.007157 0.000025 0.006272 0.000000
0.889603 0.079120 0.017636 0.007259 0.000024 0.006358 0.000000
0.887583 0.080385 0.017983 0.007393 0.000028 0.006628 0.000000
0.886296 0.081293 0.018221 0.007500 0.000027 0.006663 0.000000
0.884880 0.082279 0.018457 0.007577 0.000026 0.006782 0.000000
0.886598 0.081110 0.018161 0.007439 0.000025 0.006665 0.000000
0.886268 0.081278 0.018258 0.007482 0.000027 0.006686 0.000000
0.884960 0.082232 0.018473 0.007545 0.000026 0.006764 0.000000
0.883273 0.083319 0.018788 0.007683 0.000027 0.006910 0.000000
0.883987 0.082846 0.018628 0.007615 0.000029 0.006895 0.000000
0.879850 0.085609 0.019475 0.007913 0.000027 0.007125 0.000000
0.880013 0.085635 0.019323 0.007896 0.000029 0.007105 0.000000
0.879620 0.085791 0.019455 0.007957 0.000028 0.007148 0.000000
0.878655 0.086398 0.019663 0.008078 0.000028 0.007178 0.000000
0.877597 0.087078 0.019884 0.008095 0.000028 0.007318 0.000000
0.879560 0.085807 0.019525 0.007919 0.000023 0.007165 0.000000
0.878086 0.086757 0.019750 0.008089 0.000026 0.007291 0.000000
0.877093 0.087432 0.019932 0.008173 0.000028 0.007342 0.000000
0.875144 0.088716 0.020316 0.008293 0.000028 0.007502 0.000000
0.874140 0.089412 0.020485 0.008385 0.000028 0.007550 0.000000
0.872712 0.090369 0.020728 0.008464 0.000030 0.007698 0.000000
0.873364 0.089915 0.020618 0.008462 0.000027 0.007614 0.000000
0.869307 0.092690 0.021356 0.008728 0.000026 0.007893 0.000000
0.871582 0.091134 0.020958 0.008565 0.000029 0.007732 0.000000
0.869059 0.092801 0.021451 0.008773 0.000028 0.007888 0.000000
0.868328 0.093255 0.021575 0.008824 0.000027 0.007992 0.000000
0.867895 0.093574 0.021663 0.008821 0.000028 0.008019 0.000000
0.867657 0.093653 0.021724 0.008875 0.000029 0.008062 0.000000
0.865608 0.095021 0.022109 0.009041 0.000029 0.008193 0.000000
0.866828 0.094161 0.021947 0.008926 0.000028 0.008109 0.000000
0.864623 0.095624 0.022281 0.009127 0.000028 0.008317 0.000000
0.863966 0.096043 0.022455 0.009167 0.000029 0.008341 0.000000
0.862926 0.096720 0.022647 0.009258 0.000027 0.008422 0.000000
0.862044 0.097339 0.022751 0.009324 0.000029 0.008513 0.000000
0.861683 0.097717 0.022762 0.009295 0.000028 0.008515 0.000000
0.860458 0.098364 0.023077 0.009430 0.000029 0.008641 0.000000
0.860532 0.098315 0.023064 0.009388 0.000027 0.008673 0.000000
0.857068 0.100634 0.023702 0.009653 0.000029 0.008913 0.000000
0.856016 0.101349 0.023880 0.009748 0.000030 0.008978 0.000000
0.855184 0.101899 0.023966 0.009823 0.000030 0.009098 0.000000
0.854843 0.102012 0.024104 0.009900 0.000029 0.009112 0.000000
0.850889 0.104730 0.024819 0.010146 0.000027 0.009389 0.000000
0.853530 0.102982 0.024303 0.009967 0.000029 0.009189 0.000000
0.851526 0.104219 0.024758 0.010134 0.000031 0.009332 0.000000
0.852022 0.103905 0.024669 0.010079 0.000028 0.009298 0.000000
0.849190 0.105754 0.025180 0.010293 0.000031 0.009552 0.000000
0.848322 0.106221 0.025432 0.010375 0.000033 0.009616 0.000000
0.847671 0.106689 0.025550 0.010433 0.000032 0.009624 0.000000
0.848157 0.106397 0.025426 0.010401 0.000033 0.009587 0.000000
0.847939 0.106519 0.025461 0.010419 0.000032 0.009629 0.000000
0.843709 0.109275 0.026326 0.010658 0.000031 0.010002 0.000000
0.844720 0.108606 0.026116 0.010646 0.000031 0.009881 0.000000
0.840173 0.111594 0.026970 0.010992 0.000031 0.010240 0.000000
0.840553 0.111398 0.026908 0.010910 0.000032 0.010199 0.000000
0.838115 0.112932 0.027385 0.011169 0.000031 0.010368 0.000000
0.839009 0.112265 0.027208 0.011136 0.000034 0.010348 0.000000
0.839220 0.112203 0.027172 0.011083 0.000032 0.010290 0.000000
0.837015 0.113628 0.027569 0.011254 0.000033 0.010501 0.000000
0.837889 0.113012 0.027399 0.011202 0.000032 0.010466 0.000000
0.837728 0.113176 0.027387 0.011260 0.000033 0.010416 0.000000
0.837563 0.113242 0.027428 0.011243 0.000029 0.010493 0.000000
0.831807 0.117028 0.028502 0.011717 0.000033 0.010912 0.000000
0.834002 0.115592 0.028113 0.011512 0.000032 0.010748 0.000000
0.831698 0.117056 0.028479 0.011728 0.000033 0.011006 0.000000
0.833102 0.116156 0.028272 0.011609 0.000032 0.010830 0.000000
0.827609 0.119727 0.029282 0.012036 0.000033 0.011313 0.000000
0.831061 0.117529 0.028596 0.011767 0.000033 0.011014 0.000000
0.825028 0.121547 0.029759 0.012165 0.000034 0.011467 0.000000
0.826341 0.120544 0.029585 0.012123 0.000033 0.011374 0.000000
0.827789 0.119592 0.029316 0.012022 0.000031 0.011251 0.000000
0.824995 0.121509 0.029789 0.012197 0.000033 0.011477 0.000000
0.822321 0.123150 0.030278 0.012476 0.000035 0.011740 0.000000
0.822586 0.122935 0.030233 0.012469 0.000033 0.011744 0.000000
0.821818 0.123458 0.030385 0.012514 0.000035 0.011791 0.000000
0.822668 0.122773 0.030269 0.012484 0.000035 0.011771 0.000000
0.819523 0.124783 0.030899 0.012723 0.000036 0.012036 0.000000
0.817639 0.126014 0.031202 0.012850 0.000036 0.012260 0.000000
0.818061 0.125753 0.031161 0.012800 0.000036 0.012190 0.000000
0.817351 0.126129 0.031311 0.012907 0.000036 0.012267 0.000000
0.816687 0.126495 0.031523 0.012970 0.000036 0.012289 0.000000
0.816679 0.126530 0.031473 0.013015 0.000035 0.012269 0.000000
0.816175 0.126863 0.031609 0.012993 0.000037 0.012323 0.000000
0.813169 0.128721 0.032186 0.013269 0.000039 0.012617 0.000000
0.811553 0.129740 0.032571 0.013341 0.000038 0.012757 0.000000
0.810506 0.130515 0.032675 0.013412 0.000036 0.012856 0.000000
0.811706 0.129589 0.032556 0.013336 0.000038 0.012774 0.000000
0.808094 0.131858 0.033206 0.013704 0.000038 0.013100 0.000000
0.805399 0.133587 0.033755 0.013883 0.000038 0.013337 0.000001
0.802180 0.135641 0.034393 0.014174 0.000039 0.013573 0.000000
0.806828 0.132707 0.033499 0.013730 0.000039 0.013196 0.000001
0.804391 0.134249 0.033917 0.013959 0.000036 0.013447 0.000001
0.801424 0.136060 0.034594 0.014185 0.000040 0.013696 0.000001
0.802026 0.135713 0.034421 0.014146 0.000041 0.013652 0.000001
0.800532 0.136422 0.034868 0.014327 0.000045 0.013806 0.000001
0.801735 0.136050 0.034465 0.014118 0.000041 0.013591 0.000001
0.799411 0.137358 0.034969 0.014374 0.000044 0.013843 0.000001
0.798831 0.137670 0.035111 0.014447 0.000045 0.013895 0.000001
0.795115 0.139863 0.035924 0.014794 0.000047 0.014255 0.000001
0.794681 0.140172 0.035981 0.014795 0.000047 0.014324 0.000001
0.796972 0.138759 0.035491 0.014625 0.000049 0.014104 0.000001
0.793703 0.140717 0.036183 0.014894 0.000049 0.014453 0.000001
0.794282 0.140314 0.036045 0.014846 0.000049 0.014463 0.000001
