0.370922 0.061723 0.054593 0.031141 0.001982 0.473945 0.005695 1.549814
0.372730 0.059793 0.054563 0.031038 0.001972 0.474184 0.005721 1.555838
0.374976 0.057677 0.054416 0.030865 0.001970 0.474347 0.005749 1.561609
0.377683 0.055447 0.054153 0.030590 0.001981 0.474373 0.005772 1.567140
0.380502 0.053147 0.053788 0.030306 0.001986 0.474473 0.005797 1.572493
0.383649 0.050832 0.053328 0.029939 0.001983 0.474443 0.005827 1.577592
0.386944 0.048620 0.052638 0.029580 0.001988 0.474380 0.005850 1.582438
0.390362 0.046354 0.051944 0.029160 0.001980 0.474326 0.005874 1.587164
0.393890 0.044179 0.051254 0.028689 0.001990 0.474105 0.005894 1.591742
0.397510 0.042315 0.050301 0.028123 0.001982 0.473851 0.005919 1.595911
0.401209 0.040506 0.049315 0.027562 0.001975 0.473488 0.005944 1.599895
0.405024 0.038773 0.048404 0.026942 0.001966 0.472918 0.005972 1.603777
0.408951 0.037138 0.047420 0.026275 0.001957 0.472263 0.005997 1.607471
0.412899 0.035556 0.046412 0.025633 0.001951 0.471526 0.006023 1.611024
0.416955 0.033990 0.045389 0.024971 0.001947 0.470694 0.006054 1.614445
0.420894 0.032542 0.044276 0.024383 0.001936 0.469891 0.006078 1.617744
0.425078 0.031148 0.043197 0.023737 0.001937 0.468798 0.006105 1.620863
0.429304 0.029888 0.042026 0.023059 0.001920 0.467671 0.006132 1.623816
0.433429 0.028692 0.040904 0.022432 0.001903 0.466482 0.006160 1.626680
0.437576 0.027583 0.039903 0.021805 0.001878 0.465068 0.006187 1.629449
0.441838 0.026490 0.038837 0.021154 0.001863 0.463607 0.006210 1.632093
0.446106 0.025435 0.037772 0.020584 0.001842 0.462029 0.006233 1.634681
0.450322 0.024455 0.036669 0.020023 0.001811 0.460455 0.006266 1.637155
0.454495 0.023550 0.035679 0.019456 0.001784 0.458750 0.006288 1.639528
0.458871 0.022666 0.034663 0.018922 0.001777 0.456790 0.006310 1.641843
0.463294 0.021897 0.033575 0.018322 0.001761 0.454822 0.006330 1.643966
0.467615 0.021177 0.032524 0.017754 0.001735 0.452845 0.006351 1.646044
0.471903 0.020449 0.031541 0.017287 0.001703 0.450749 0.006369 1.648121
0.476249 0.019752 0.030509 0.016767 0.001668 0.448666 0.006390 1.650075
0.480534 0.019133 0.029623 0.016239 0.001646 0.446408 0.006416 1.651974
0.484706 0.018493 0.028715 0.015753 0.001623 0.444271 0.006439 1.653831
0.489175 0.017887 0.027857 0.015224 0.001586 0.441807 0.006463 1.655617
0.493466 0.017362 0.026960 0.014782 0.001557 0.439385 0.006489 1.657303
0.497750 0.016805 0.026134 0.014300 0.001535 0.436968 0.006508 1.658972
0.502081 0.016327 0.025321 0.013852 0.001510 0.434385 0.006524 1.660552
0.506368 0.015840 0.024554 0.013408 0.001484 0.431801 0.006544 1.662138
0.510638 0.015358 0.023808 0.012989 0.001447 0.429193 0.006565 1.663700
0.515080 0.014926 0.023095 0.012573 0.001430 0.426316 0.006580 1.665175
0.519355 0.014497 0.022410 0.012245 0.001407 0.423492 0.006595 1.666629
0.523650 0.014097 0.021671 0.011906 0.001387 0.420678 0.006611 1.668042
0.527780 0.013744 0.021039 0.011553 0.001352 0.417899 0.006633 1.669423
0.531971 0.013390 0.020444 0.011213 0.001338 0.414994 0.006649 1.670731
0.536167 0.013103 0.019842 0.010883 0.001322 0.412023 0.006660 1.672021
0.540488 0.012748 0.019246 0.010499 0.001301 0.409043 0.006676 1.673281
0.544640 0.012359 0.018694 0.010253 0.001279 0.406082 0.006693 1.674562
0.548790 0.012105 0.018172 0.009934 0.001256 0.403034 0.006710 1.675727
0.552883 0.011816 0.017641 0.009605 0.001232 0.400098 0.006726 1.676885
0.556933 0.011517 0.017177 0.009345 0.001210 0.397078 0.006741 1.678062
0.561062 0.011264 0.016652 0.009064 0.001183 0.394017 0.006759 1.679148
0.565130 0.010963 0.016154 0.008813 0.001159 0.391010 0.006771 1.680279
0.569021 0.010721 0.015697 0.008586 0.001128 0.388060 0.006787 1.681354
0.573027 0.010562 0.015247 0.008346 0.001108 0.384910 0.006800 1.682355
0.577068 0.010327 0.014833 0.008175 0.001093 0.381686 0.006818 1.683383
0.581012 0.010097 0.014470 0.007931 0.001071 0.378587 0.006831 1.684394
0.585011 0.009902 0.014122 0.007711 0.001047 0.375359 0.006849 1.685362
0.589033 0.009659 0.013798 0.007520 0.001034 0.372094 0.006861 1.686354
0.592933 0.009470 0.013420 0.007312 0.001023 0.368968 0.006873 1.687282
0.596769 0.009329 0.013046 0.007126 0.000998 0.365844 0.006887 1.688168
0.600576 0.009163 0.012712 0.006926 0.000986 0.362739 0.006900 1.689073
0.604390 0.008985 0.012415 0.006717 0.000965 0.359618 0.006911 1.689978
0.608074 0.008848 0.012094 0.006536 0.000950 0.356578 0.006921 1.690849
0.611766 0.008648 0.011795 0.006389 0.000928 0.353544 0.006929 1.691698
0.615440 0.008537 0.011539 0.006255 0.000909 0.350381 0.006938 1.692550
0.619111 0.008385 0.011258 0.006101 0.000888 0.347306 0.006950 1.693377
0.622743 0.008303 0.010980 0.005957 0.000857 0.344199 0.006961 1.694163
0.626382 0.008140 0.010743 0.005863 0.000838 0.341063 0.006971 1.694977
0.629905 0.008033 0.010505 0.005731 0.000819 0.338023 0.006985 1.695752
0.633503 0.007888 0.010267 0.005556 0.000804 0.334985 0.006997 1.696519
0.637065 0.007791 0.010038 0.005435 0.000788 0.331876 0.007008 1.697261
0.640560 0.007726 0.009784 0.005314 0.000773 0.328826 0.007017 1.697981
0.644084 0.007544 0.009602 0.005206 0.000759 0.325779 0.007026 1.698765
0.647512 0.007392 0.009445 0.005104 0.000740 0.322769 0.007038 1.699512
0.650838 0.007278 0.009236 0.004997 0.000718 0.319886 0.007047 1.700241
0.654235 0.007134 0.009085 0.004861 0.000706 0.316922 0.007059 1.700965
0.657571 0.007035 0.008870 0.004773 0.000687 0.313991 0.007073 1.701651
0.660925 0.006889 0.008667 0.004686 0.000683 0.311069 0.007081 1.702349
0.664281 0.006793 0.008486 0.004577 0.000665 0.308107 0.007092 1.703013
0.667488 0.006679 0.008315 0.004508 0.000649 0.305262 0.007100 1.703692
0.670755 0.006583 0.008177 0.004418 0.000637 0.302323 0.007107 1.704356
0.673876 0.006511 0.008060 0.004331 0.000629 0.299476 0.007115 1.704995
0.677016 0.006441 0.007894 0.004251 0.000617 0.296656 0.007126 1.705615
0.680096 0.006360 0.007772 0.004184 0.000608 0.293848 0.007131 1.706261
0.683161 0.006318 0.007622 0.004102 0.000601 0.291058 0.007137 1.706867
0.686286 0.006217 0.007485 0.004020 0.000590 0.288256 0.007147 1.707500
0.689384 0.006169 0.007331 0.003932 0.000576 0.285453 0.007154 1.708104
0.692402 0.006134 0.007197 0.003869 0.000567 0.282670 0.007159 1.708700
0.695470 0.006073 0.007090 0.003797 0.000560 0.279844 0.007165 1.709281
0.698475 0.005978 0.007002 0.003730 0.000547 0.277095 0.007173 1.709894
0.701328 0.005955 0.006876 0.003665 0.000530 0.274463 0.007183 1.710460
0.704229 0.005886 0.006721 0.003615 0.000521 0.271840 0.007188 1.711039
0.707023 0.005828 0.006636 0.003561 0.000506 0.269251 0.007195 1.711626
0.709876 0.005760 0.006543 0.003499 0.000493 0.266626 0.007203 1.712190
0.712668 0.005742 0.006462 0.003410 0.000485 0.264023 0.007211 1.712716
0.715428 0.005647 0.006374 0.003376 0.000476 0.261483 0.007216 1.713304
0.718163 0.005625 0.006273 0.003323 0.000468 0.258926 0.007221 1.713856
0.720977 0.005544 0.006205 0.003277 0.000457 0.256314 0.007226 1.714414
0.723697 0.005483 0.006105 0.003249 0.000445 0.253787 0.007234 1.714964
0.726342 0.005445 0.006016 0.003205 0.000434 0.251320 0.007239 1.715506
0.728946 0.005359 0.005941 0.003174 0.000429 0.248907 0.007244 1.716058
0.731521 0.005316 0.005870 0.003109 0.000424 0.246510 0.007250 1.716587
0.734035 0.005295 0.005792 0.003077 0.000423 0.244126 0.007252 1.717110
0.736566 0.005194 0.005733 0.003050 0.000416 0.241786 0.007257 1.717657
0.739129 0.005139 0.005648 0.003025 0.000407 0.239390 0.007260 1.718163
0.741757 0.005080 0.005550 0.002977 0.000395 0.236971 0.007271 1.718645
0.744244 0.005021 0.005495 0.002956 0.000384 0.234625 0.007276 1.719153
0.746746 0.004947 0.005431 0.002935 0.000377 0.232282 0.007282 1.719658
0.749198 0.004895 0.005368 0.002885 0.000374 0.229993 0.007286 1.720150
0.751614 0.004814 0.005316 0.002869 0.000366 0.227730 0.007290 1.720650
0.754010 0.004788 0.005255 0.002825 0.000354 0.225472 0.007296 1.721132
0.756348 0.004770 0.005217 0.002775 0.000351 0.223240 0.007299 1.721594
0.758616 0.004744 0.005108 0.002731 0.000343 0.221156 0.007303 1.722041
0.760931 0.004648 0.005094 0.002687 0.000336 0.218996 0.007308 1.722538
0.763232 0.004609 0.005005 0.002656 0.000328 0.216855 0.007315 1.722980
0.765519 0.004545 0.004969 0.002614 0.000321 0.214713 0.007319 1.723435
0.767802 0.004512 0.004907 0.002563 0.000317 0.212579 0.007322 1.723871
0.770034 0.004492 0.004830 0.002526 0.000305 0.210483 0.007330 1.724302
0.772234 0.004463 0.004773 0.002514 0.000300 0.208384 0.007332 1.724735
0.774403 0.004454 0.004702 0.002477 0.000291 0.206336 0.007337 1.725165
0.776624 0.004405 0.004636 0.002443 0.000286 0.204265 0.007341 1.725586
0.778697 0.004383 0.004591 0.002437 0.000279 0.202268 0.007345 1.726014
0.780804 0.004379 0.004548 0.002418 0.000274 0.200227 0.007350 1.726429
0.782970 0.004351 0.004499 0.002376 0.000270 0.198179 0.007356 1.726844
0.784998 0.004302 0.004472 0.002367 0.000263 0.196237 0.007361 1.727283
0.787072 0.004289 0.004410 0.002337 0.000254 0.194274 0.007365 1.727705
0.789063 0.004311 0.004372 0.002307 0.000253 0.192324 0.007370 1.728111
0.791045 0.004262 0.004321 0.002306 0.000244 0.190448 0.007374 1.728518
0.792992 0.004249 0.004287 0.002301 0.000242 0.188552 0.007378 1.728944
0.794937 0.004198 0.004257 0.002290 0.000238 0.186700 0.007381 1.729366
0.796821 0.004175 0.004198 0.002258 0.000231 0.184934 0.007385 1.729772
0.798788 0.004136 0.004162 0.002229 0.000232 0.183066 0.007388 1.730165
0.800704 0.004107 0.004132 0.002217 0.000228 0.181219 0.007393 1.730563
0.802606 0.004055 0.004113 0.002209 0.000227 0.179395 0.007394 1.730989
0.804437 0.004050 0.004059 0.002174 0.000223 0.177663 0.007395 1.731368
0.806273 0.003994 0.004053 0.002159 0.000217 0.175905 0.007401 1.731787
0.808167 0.003962 0.003993 0.002145 0.000213 0.174117 0.007403 1.732157
0.809964 0.003958 0.003955 0.002103 0.000211 0.172401 0.007407 1.732531
0.811746 0.003918 0.003944 0.002087 0.000204 0.170691 0.007410 1.732928
0.813539 0.003909 0.003909 0.002067 0.000198 0.168966 0.007412 1.733307
0.815300 0.003841 0.003895 0.002051 0.000197 0.167303 0.007415 1.733695
0.817009 0.003827 0.003888 0.002016 0.000197 0.165645 0.007419 1.734059
0.818695 0.003799 0.003863 0.002001 0.000194 0.164028 0.007421 1.734447
0.820442 0.003772 0.003847 0.001985 0.000193 0.162338 0.007424 1.734832
0.822129 0.003738 0.003814 0.001980 0.000191 0.160721 0.007428 1.735212
0.823741 0.003744 0.003764 0.001960 0.000188 0.159176 0.007428 1.735567
0.825411 0.003680 0.003760 0.001957 0.000184 0.157576 0.007430 1.735948
0.827047 0.003636 0.003729 0.001958 0.000184 0.156014 0.007433 1.736319
0.828611 0.003609 0.003723 0.001944 0.000183 0.154494 0.007437 1.736682
0.830213 0.003578 0.003680 0.001935 0.000178 0.152977 0.007439 1.737036
0.831829 0.003560 0.003628 0.001923 0.000177 0.151441 0.007442 1.737384
0.833377 0.003534 0.003613 0.001925 0.000176 0.149930 0.007445 1.737740
0.834891 0.003517 0.003568 0.001911 0.000177 0.148488 0.007447 1.738087
0.836442 0.003507 0.003510 0.001887 0.000174 0.147030 0.007450 1.738418
0.837975 0.003480 0.003529 0.001876 0.000169 0.145519 0.007453 1.738784
0.839403 0.003488 0.003477 0.001851 0.000169 0.144158 0.007454 1.739104
0.840872 0.003504 0.003459 0.001825 0.000162 0.142722 0.007457 1.739437
0.842307 0.003498 0.003422 0.001821 0.000161 0.141334 0.007458 1.739768
0.843759 0.003479 0.003390 0.001819 0.000161 0.139933 0.007460 1.740113
0.845114 0.003485 0.003398 0.001800 0.000156 0.138585 0.007462 1.740456
0.846488 0.003489 0.003386 0.001777 0.000152 0.137243 0.007466 1.740789
0.847859 0.003470 0.003381 0.001786 0.000151 0.135886 0.007468 1.741137
0.849223 0.003431 0.003371 0.001770 0.000149 0.134586 0.007469 1.741480
0.850573 0.003436 0.003341 0.001762 0.000146 0.133271 0.007471 1.741807
0.851888 0.003453 0.003306 0.001753 0.000143 0.131981 0.007475 1.742129
0.853169 0.003403 0.003282 0.001747 0.000143 0.130779 0.007478 1.742481
0.854518 0.003351 0.003307 0.001742 0.000141 0.129463 0.007479 1.742845
0.855811 0.003355 0.003282 0.001730 0.000138 0.128203 0.007481 1.743145
0.857112 0.003353 0.003278 0.001712 0.000137 0.126925 0.007483 1.743468
0.858350 0.003335 0.003276 0.001722 0.000130 0.125700 0.007487 1.743809
0.859588 0.003322 0.003260 0.001714 0.000130 0.124498 0.007488 1.744144
0.860810 0.003317 0.003262 0.001690 0.000130 0.123300 0.007490 1.744465
0.862012 0.003308 0.003259 0.001691 0.000130 0.122110 0.007490 1.744801
0.863188 0.003288 0.003254 0.001691 0.000133 0.120955 0.007490 1.745121
0.864412 0.003272 0.003218 0.001690 0.000129 0.119787 0.007491 1.745450
0.865595 0.003224 0.003206 0.001680 0.000126 0.118676 0.007492 1.745784
0.866752 0.003234 0.003180 0.001676 0.000125 0.117541 0.007493 1.746102
0.867879 0.003233 0.003154 0.001681 0.000125 0.116434 0.007494 1.746417
0.869013 0.003197 0.003147 0.001689 0.000126 0.115335 0.007494 1.746746
0.870145 0.003214 0.003093 0.001668 0.000125 0.114261 0.007495 1.747033
0.871317 0.003186 0.003081 0.001654 0.000128 0.113138 0.007496 1.747348
0.872443 0.003175 0.003059 0.001651 0.000130 0.112043 0.007498 1.747652
0.873550 0.003171 0.003031 0.001637 0.000129 0.110984 0.007499 1.747958
0.874575 0.003172 0.002997 0.001617 0.000127 0.110012 0.007501 1.748260
0.875651 0.003172 0.002975 0.001608 0.000127 0.108966 0.007501 1.748563
0.876721 0.003156 0.002945 0.001595 0.000130 0.107952 0.007502 1.748865
0.877784 0.003138 0.002937 0.001592 0.000128 0.106918 0.007504 1.749177
0.878817 0.003161 0.002916 0.001574 0.000128 0.105898 0.007505 1.749468
0.879825 0.003152 0.002894 0.001576 0.000128 0.104919 0.007507 1.749778
0.880831 0.003142 0.002878 0.001577 0.000129 0.103934 0.007509 1.750085
0.881864 0.003134 0.002869 0.001557 0.000127 0.102940 0.007510 1.750374
0.882863 0.003134 0.002856 0.001547 0.000123 0.101965 0.007511 1.750672
0.883915 0.003113 0.002851 0.001538 0.000121 0.100946 0.007515 1.750966
0.884891 0.003090 0.002837 0.001534 0.000122 0.100010 0.007516 1.751254
0.885839 0.003076 0.002826 0.001529 0.000122 0.099092 0.007517 1.751554
0.886745 0.003061 0.002832 0.001525 0.000117 0.098200 0.007521 1.751861
0.887716 0.003032 0.002822 0.001521 0.000115 0.097272 0.007522 1.752148
0.888628 0.003048 0.002812 0.001525 0.000113 0.096350 0.007524 1.752446
0.889548 0.003028 0.002822 0.001520 0.000114 0.095444 0.007524 1.752752
0.890426 0.003020 0.002831 0.001521 0.000115 0.094560 0.007528 1.753074
0.891351 0.002970 0.002837 0.001518 0.000113 0.093684 0.007528 1.753392
0.892223 0.002958 0.002818 0.001500 0.000114 0.092860 0.007529 1.753683
0.893129 0.002962 0.002800 0.001485 0.000113 0.091981 0.007530 1.753958
0.894031 0.002935 0.002794 0.001480 0.000113 0.091116 0.007531 1.754253
0.894876 0.002892 0.002792 0.001484 0.000107 0.090315 0.007535 1.754570
0.895766 0.002846 0.002785 0.001490 0.000108 0.089469 0.007536 1.754876
0.896593 0.002810 0.002804 0.001496 0.000111 0.088649 0.007537 1.755175
0.897398 0.002816 0.002774 0.001488 0.000110 0.087876 0.007538 1.755447
0.898229 0.002808 0.002742 0.001474 0.000107 0.087100 0.007540 1.755722
0.899051 0.002802 0.002725 0.001478 0.000105 0.086298 0.007542 1.755995
0.899818 0.002823 0.002707 0.001461 0.000105 0.085544 0.007542 1.756252
0.900635 0.002831 0.002686 0.001440 0.000104 0.084762 0.007543 1.756525
0.901460 0.002841 0.002641 0.001440 0.000106 0.083969 0.007543 1.756779
0.902194 0.002863 0.002614 0.001424 0.000105 0.083257 0.007543 1.757043
0.902983 0.002859 0.002607 0.001418 0.000102 0.082486 0.007545 1.757313
0.903701 0.002843 0.002606 0.001430 0.000100 0.081774 0.007546 1.757609
0.904478 0.002844 0.002577 0.001415 0.000101 0.081039 0.007546 1.757884
0.905239 0.002823 0.002547 0.001424 0.000103 0.080318 0.007546 1.758173
0.905945 0.002851 0.002550 0.001422 0.000100 0.079585 0.007547 1.758441
0.906633 0.002836 0.002558 0.001422 0.000100 0.078903 0.007548 1.758725
0.907349 0.002846 0.002543 0.001409 0.000104 0.078200 0.007549 1.758990
0.908068 0.002833 0.002551 0.001423 0.000106 0.077469 0.007550 1.759282
0.908757 0.002852 0.002542 0.001409 0.000102 0.076786 0.007552 1.759552
0.909394 0.002860 0.002511 0.001420 0.000102 0.076160 0.007554 1.759830
0.910107 0.002833 0.002499 0.001421 0.000101 0.075485 0.007554 1.760106
0.910772 0.002845 0.002493 0.001414 0.000101 0.074821 0.007555 1.760376
0.911403 0.002860 0.002500 0.001416 0.000104 0.074162 0.007556 1.760657
0.912015 0.002899 0.002502 0.001404 0.000102 0.073522 0.007557 1.760934
0.912644 0.002903 0.002519 0.001400 0.000102 0.072873 0.007559 1.761219
0.913269 0.002924 0.002523 0.001398 0.000101 0.072225 0.007559 1.761492
0.913867 0.002911 0.002544 0.001401 0.000100 0.071618 0.007560 1.761793
0.914498 0.002894 0.002555 0.001413 0.000098 0.070982 0.007560 1.762084
0.915125 0.002901 0.002567 0.001410 0.000099 0.070339 0.007560 1.762376
0.915720 0.002891 0.002567 0.001404 0.000099 0.069758 0.007561 1.762660
0.916291 0.002897 0.002557 0.001404 0.000100 0.069189 0.007561 1.762950
0.916892 0.002911 0.002557 0.001405 0.000099 0.068574 0.007562 1.763229
0.917501 0.002914 0.002563 0.001383 0.000096 0.067977 0.007565 1.763503
0.918111 0.002894 0.002570 0.001382 0.000097 0.067381 0.007566 1.763802
0.918656 0.002916 0.002553 0.001379 0.000098 0.066831 0.007568 1.764072
0.919218 0.002923 0.002560 0.001378 0.000097 0.066255 0.007568 1.764350
0.919724 0.002911 0.002574 0.001387 0.000099 0.065736 0.007569 1.764651
0.920246 0.002918 0.002589 0.001379 0.000100 0.065199 0.007570 1.764938
0.920753 0.002912 0.002600 0.001368 0.000105 0.064692 0.007570 1.765218
0.921271 0.002958 0.002574 0.001369 0.000105 0.064153 0.007572 1.765481
0.921755 0.002989 0.002570 0.001367 0.000101 0.063643 0.007573 1.765754
0.922255 0.003016 0.002552 0.001371 0.000099 0.063131 0.007575 1.766021
0.922762 0.003012 0.002554 0.001382 0.000100 0.062614 0.007576 1.766320
0.923279 0.002981 0.002571 0.001374 0.000099 0.062120 0.007576 1.766617
0.923784 0.002964 0.002615 0.001378 0.000099 0.061584 0.007576 1.766907
0.924267 0.002977 0.002591 0.001378 0.000101 0.061110 0.007577 1.767180
0.924744 0.002986 0.002591 0.001371 0.000103 0.060628 0.007579 1.767459
0.925211 0.002968 0.002607 0.001355 0.000100 0.060176 0.007583 1.767762
0.925682 0.002975 0.002602 0.001356 0.000097 0.059703 0.007585 1.768041
0.926114 0.002990 0.002601 0.001365 0.000096 0.059247 0.007587 1.768338
0.926569 0.002999 0.002616 0.001365 0.000096 0.058768 0.007588 1.768633
0.927001 0.002993 0.002608 0.001390 0.000093 0.058326 0.007588 1.768941
0.927440 0.002997 0.002620 0.001394 0.000095 0.057864 0.007590 1.769232
0.927845 0.003010 0.002616 0.001401 0.000095 0.057441 0.007591 1.769516
0.928289 0.002974 0.002635 0.001404 0.000094 0.057010 0.007593 1.769824
0.928714 0.002985 0.002644 0.001399 0.000094 0.056567 0.007595 1.770112
0.929127 0.003008 0.002626 0.001414 0.000095 0.056135 0.007596 1.770400
0.929499 0.002988 0.002668 0.001418 0.000095 0.055737 0.007597 1.770714
0.929899 0.002983 0.002691 0.001420 0.000095 0.055315 0.007598 1.771029
0.930273 0.003000 0.002677 0.001431 0.000094 0.054926 0.007599 1.771316
0.930640 0.002972 0.002681 0.001440 0.000092 0.054577 0.007600 1.771630
0.931014 0.002979 0.002674 0.001438 0.000091 0.054203 0.007601 1.771915
0.931382 0.002993 0.002664 0.001416 0.000092 0.053853 0.007601 1.772183
0.931782 0.002976 0.002667 0.001424 0.000089 0.053459 0.007605 1.772490
0.932154 0.002978 0.002655 0.001413 0.000089 0.053104 0.007606 1.772766
0.932512 0.003006 0.002637 0.001412 0.000091 0.052734 0.007608 1.773045
0.932837 0.003001 0.002640 0.001422 0.000089 0.052401 0.007609 1.773355
0.933215 0.003010 0.002629 0.001412 0.000092 0.052032 0.007611 1.773642
0.933551 0.003030 0.002626 0.001403 0.000090 0.051687 0.007613 1.773926
0.933915 0.003024 0.002628 0.001391 0.000093 0.051334 0.007615 1.774217
0.934239 0.003030 0.002636 0.001387 0.000095 0.050997 0.007616 1.774511
0.934615 0.002981 0.002650 0.001405 0.000092 0.050641 0.007617 1.774823
0.934945 0.002990 0.002665 0.001397 0.000089 0.050297 0.007617 1.775116
0.935276 0.002999 0.002661 0.001404 0.000090 0.049953 0.007619 1.775413
0.935619 0.002998 0.002652 0.001405 0.000091 0.049616 0.007620 1.775708
0.935934 0.002991 0.002679 0.001412 0.000090 0.049273 0.007621 1.776015
0.936221 0.003000 0.002665 0.001411 0.000088 0.048992 0.007622 1.776307
0.936531 0.003038 0.002646 0.001395 0.000087 0.048679 0.007624 1.776577
0.936812 0.003025 0.002662 0.001408 0.000087 0.048381 0.007625 1.776879
0.937119 0.003010 0.002673 0.001404 0.000085 0.048084 0.007625 1.777188
0.937436 0.002998 0.002671 0.001391 0.000085 0.047793 0.007627 1.777482
0.937713 0.002994 0.002684 0.001389 0.000086 0.047507 0.007627 1.777789
0.937997 0.002997 0.002683 0.001385 0.000085 0.047225 0.007628 1.778075
0.938270 0.002980 0.002706 0.001372 0.000086 0.046959 0.007629 1.778388
0.938547 0.002992 0.002676 0.001377 0.000085 0.046694 0.007630 1.778656
0.938793 0.003005 0.002703 0.001395 0.000087 0.046387 0.007632 1.778957
0.939060 0.003019 0.002694 0.001386 0.000091 0.046118 0.007632 1.779251
0.939308 0.003047 0.002690 0.001375 0.000093 0.045855 0.007633 1.779525
0.939556 0.003064 0.002667 0.001383 0.000091 0.045606 0.007635 1.779806
0.939836 0.003051 0.002670 0.001389 0.000094 0.045325 0.007636 1.780113
0.940082 0.003046 0.002688 0.001385 0.000092 0.045070 0.007638 1.780414
0.940320 0.003045 0.002706 0.001391 0.000090 0.044811 0.007638 1.780711
0.940571 0.003048 0.002705 0.001388 0.000092 0.044558 0.007638 1.781004
0.940806 0.003055 0.002697 0.001394 0.000089 0.044320 0.007640 1.781301
0.941043 0.003066 0.002695 0.001406 0.000087 0.044062 0.007641 1.781595
0.941287 0.003065 0.002712 0.001406 0.000086 0.043802 0.007642 1.781892
0.941476 0.003077 0.002725 0.001409 0.000088 0.043583 0.007643 1.782206
0.941690 0.003085 0.002707 0.001424 0.000086 0.043365 0.007644 1.782511
0.941913 0.003105 0.002698 0.001429 0.000083 0.043126 0.007646 1.782787
0.942149 0.003102 0.002705 0.001431 0.000082 0.042882 0.007649 1.783095
0.942351 0.003087 0.002702 0.001420 0.000084 0.042707 0.007650 1.783393
0.942565 0.003127 0.002699 0.001421 0.000082 0.042455 0.007652 1.783673
0.942786 0.003115 0.002710 0.001423 0.000083 0.042232 0.007653 1.783980
0.942949 0.003133 0.002727 0.001438 0.000082 0.042017 0.007655 1.784303
0.943177 0.003148 0.002719 0.001434 0.000083 0.041784 0.007655 1.784604
0.943383 0.003191 0.002700 0.001433 0.000081 0.041553 0.007658 1.784890
0.943571 0.003185 0.002727 0.001441 0.000083 0.041335 0.007658 1.785223
0.943749 0.003186 0.002749 0.001457 0.000081 0.041118 0.007660 1.785551
0.943913 0.003199 0.002752 0.001455 0.000082 0.040940 0.007660 1.785852
0.944086 0.003181 0.002777 0.001458 0.000082 0.040755 0.007661 1.786182
0.944285 0.003175 0.002772 0.001454 0.000080 0.040571 0.007663 1.786490
0.944477 0.003197 0.002773 0.001463 0.000081 0.040345 0.007663 1.786794
0.944628 0.003175 0.002796 0.001456 0.000082 0.040199 0.007664 1.787107
0.944792 0.003203 0.002778 0.001454 0.000084 0.040026 0.007665 1.787413
0.944950 0.003212 0.002787 0.001451 0.000087 0.039846 0.007666 1.787713
0.945125 0.003222 0.002803 0.001454 0.000089 0.039642 0.007666 1.788031
0.945285 0.003231 0.002814 0.001443 0.000089 0.039471 0.007667 1.788347
0.945455 0.003244 0.002801 0.001439 0.000091 0.039301 0.007668 1.788658
0.945621 0.003222 0.002816 0.001446 0.000092 0.039135 0.007668 1.789002
0.945771 0.003234 0.002835 0.001450 0.000092 0.038948 0.007669 1.789320
0.945934 0.003246 0.002838 0.001456 0.000093 0.038764 0.007669 1.789621
0.946115 0.003253 0.002842 0.001467 0.000090 0.038561 0.007672 1.789931
0.946269 0.003256 0.002841 0.001461 0.000091 0.038408 0.007673 1.790237
0.946455 0.003237 0.002850 0.001474 0.000089 0.038220 0.007674 1.790574
0.946589 0.003236 0.002857 0.001491 0.000091 0.038060 0.007676 1.790908
0.946756 0.003211 0.002864 0.001499 0.000093 0.037899 0.007677 1.791240
0.946923 0.003215 0.002869 0.001497 0.000093 0.037725 0.007678 1.791560
0.947055 0.003260 0.002870 0.001501 0.000094 0.037541 0.007679 1.791871
0.947232 0.003259 0.002878 0.001506 0.000093 0.037350 0.007682 1.792198
0.947390 0.003239 0.002892 0.001502 0.000092 0.037202 0.007684 1.792519
0.947517 0.003274 0.002896 0.001509 0.000095 0.037023 0.007684 1.792846
0.947629 0.003253 0.002926 0.001495 0.000097 0.036914 0.007686 1.793193
0.947750 0.003250 0.002943 0.001478 0.000098 0.036794 0.007688 1.793517
0.947852 0.003249 0.002943 0.001486 0.000101 0.036680 0.007690 1.793850
0.947991 0.003254 0.002923 0.001493 0.000099 0.036550 0.007691 1.794158
0.948120 0.003265 0.002918 0.001480 0.000099 0.036425 0.007692 1.794462
0.948237 0.003263 0.002925 0.001482 0.000102 0.036299 0.007694 1.794796
0.948347 0.003268 0.002901 0.001501 0.000103 0.036185 0.007695 1.795110
0.948454 0.003277 0.002927 0.001492 0.000101 0.036053 0.007697 1.795444
0.948599 0.003240 0.002922 0.001495 0.000101 0.035942 0.007700 1.795773
0.948719 0.003235 0.002916 0.001513 0.000099 0.035816 0.007701 1.796096
0.948825 0.003252 0.002928 0.001501 0.000099 0.035692 0.007704 1.796412
0.948938 0.003249 0.002925 0.001511 0.000098 0.035574 0.007706 1.796739
0.949017 0.003272 0.002939 0.001508 0.000099 0.035459 0.007707 1.797064
0.949142 0.003285 0.002933 0.001512 0.000100 0.035319 0.007708 1.797370
0.949247 0.003286 0.002904 0.001534 0.000103 0.035216 0.007709 1.797691
0.949372 0.003272 0.002909 0.001542 0.000104 0.035090 0.007711 1.798015
0.949463 0.003275 0.002943 0.001551 0.000102 0.034954 0.007712 1.798344
0.949556 0.003281 0.002943 0.001552 0.000102 0.034855 0.007712 1.798674
0.949659 0.003280 0.002958 0.001551 0.000103 0.034737 0.007712 1.798994
0.949759 0.003277 0.002947 0.001555 0.000103 0.034647 0.007713 1.799308
0.949865 0.003265 0.002955 0.001567 0.000105 0.034530 0.007713 1.799642
0.949930 0.003282 0.002960 0.001550 0.000108 0.034456 0.007715 1.799968
0.950003 0.003293 0.002968 0.001555 0.000106 0.034360 0.007716 1.800285
0.950100 0.003289 0.002955 0.001560 0.000110 0.034270 0.007716 1.800600
0.950131 0.003318 0.002962 0.001560 0.000109 0.034204 0.007718 1.800929
0.950187 0.003332 0.002952 0.001574 0.000109 0.034127 0.007719 1.801252
0.950250 0.003337 0.002951 0.001582 0.000108 0.034052 0.007721 1.801587
0.950293 0.003349 0.002950 0.001572 0.000107 0.034006 0.007723 1.801915
0.950375 0.003354 0.002946 0.001596 0.000111 0.033893 0.007724 1.802242
0.950433 0.003372 0.002953 0.001593 0.000111 0.033813 0.007725 1.802566
0.950499 0.003398 0.002953 0.001597 0.000111 0.033715 0.007726 1.802883
0.950566 0.003414 0.002952 0.001599 0.000108 0.033634 0.007728 1.803205
0.950644 0.003420 0.002985 0.001596 0.000107 0.033518 0.007731 1.803555
0.950690 0.003446 0.002972 0.001577 0.000107 0.033474 0.007733 1.803878
0.950732 0.003435 0.002982 0.001603 0.000106 0.033408 0.007734 1.804235
0.950782 0.003463 0.002976 0.001603 0.000104 0.033336 0.007735 1.804559
0.950880 0.003471 0.002967 0.001603 0.000102 0.033241 0.007737 1.804884
0.950905 0.003497 0.002967 0.001616 0.000099 0.033178 0.007738 1.805215
0.951002 0.003465 0.002970 0.001613 0.000099 0.033112 0.007739 1.805559
0.951063 0.003468 0.002993 0.001617 0.000099 0.033021 0.007740 1.805891
0.951119 0.003464 0.002993 0.001621 0.000101 0.032962 0.007740 1.806232
0.951188 0.003489 0.002997 0.001625 0.000100 0.032860 0.007741 1.806548
0.951255 0.003496 0.002997 0.001624 0.000101 0.032785 0.007742 1.806884
0.951299 0.003475 0.003036 0.001624 0.000097 0.032724 0.007744 1.807252
0.951352 0.003493 0.003051 0.001628 0.000094 0.032635 0.007747 1.807586
0.951395 0.003520 0.003037 0.001635 0.000096 0.032569 0.007748 1.807911
0.951435 0.003517 0.003060 0.001624 0.000100 0.032515 0.007749 1.808261
0.951514 0.003497 0.003068 0.001630 0.000100 0.032440 0.007751 1.808608
0.951554 0.003488 0.003084 0.001626 0.000096 0.032398 0.007754 1.808967
0.951620 0.003483 0.003080 0.001629 0.000096 0.032336 0.007756 1.809303
0.951653 0.003479 0.003089 0.001630 0.000095 0.032297 0.007757 1.809656
0.951683 0.003465 0.003094 0.001632 0.000095 0.032274 0.007758 1.810001
0.951702 0.003480 0.003103 0.001630 0.000094 0.032234 0.007758 1.810345
0.951754 0.003499 0.003108 0.001614 0.000096 0.032171 0.007759 1.810677
0.951847 0.003438 0.003123 0.001633 0.000095 0.032104 0.007761 1.811036
0.951861 0.003454 0.003135 0.001632 0.000094 0.032062 0.007762 1.811372
0.951894 0.003455 0.003149 0.001642 0.000091 0.032005 0.007764 1.811722
0.951928 0.003452 0.003156 0.001643 0.000090 0.031966 0.007766 1.812059
0.951952 0.003474 0.003126 0.001644 0.000090 0.031947 0.007766 1.812390
0.951995 0.003450 0.003122 0.001645 0.000091 0.031929 0.007767 1.812739
0.952044 0.003446 0.003120 0.001645 0.000094 0.031883 0.007768 1.813071
0.952069 0.003458 0.003117 0.001636 0.000094 0.031856 0.007771 1.813401
0.952109 0.003467 0.003121 0.001636 0.000097 0.031799 0.007772 1.813738
0.952174 0.003465 0.003112 0.001630 0.000096 0.031751 0.007774 1.814056
0.952230 0.003455 0.003104 0.001627 0.000098 0.031711 0.007775 1.814392
0.952261 0.003469 0.003096 0.001626 0.000101 0.031672 0.007776 1.814718
0.952292 0.003495 0.003075 0.001636 0.000099 0.031627 0.007777 1.815044
0.952335 0.003485 0.003074 0.001625 0.000100 0.031601 0.007780 1.815391
0.952352 0.003476 0.003077 0.001626 0.000102 0.031587 0.007780 1.815745
0.952398 0.003486 0.003080 0.001631 0.000104 0.031520 0.007781 1.816071
0.952459 0.003503 0.003063 0.001620 0.000101 0.031471 0.007783 1.816380
0.952506 0.003501 0.003065 0.001631 0.000101 0.031411 0.007785 1.816720
0.952515 0.003505 0.003050 0.001659 0.000104 0.031383 0.007786 1.817077
0.952530 0.003491 0.003070 0.001663 0.000103 0.031355 0.007787 1.817428
0.952520 0.003522 0.003073 0.001687 0.000103 0.031306 0.007789 1.817776
0.952561 0.003523 0.003055 0.001693 0.000103 0.031277 0.007789 1.818102
0.952575 0.003526 0.003083 0.001680 0.000099 0.031245 0.007793 1.818447
0.952605 0.003530 0.003086 0.001678 0.000095 0.031210 0.007795 1.818775
0.952663 0.003514 0.003076 0.001678 0.000095 0.031177 0.007797 1.819121
0.952707 0.003507 0.003058 0.001677 0.000094 0.031159 0.007797 1.819464
0.952721 0.003520 0.003076 0.001682 0.000093 0.031110 0.007798 1.819807
0.952750 0.003514 0.003094 0.001685 0.000092 0.031065 0.007800 1.820163
0.952753 0.003508 0.003106 0.001696 0.000096 0.031040 0.007801 1.820533
0.952787 0.003489 0.003113 0.001694 0.000096 0.031018 0.007802 1.820879
0.952829 0.003469 0.003100 0.001707 0.000099 0.030991 0.007804 1.821229
0.952831 0.003483 0.003100 0.001705 0.000098 0.030975 0.007806 1.821563
0.952855 0.003494 0.003101 0.001701 0.000098 0.030943 0.007808 1.821895
0.952876 0.003503 0.003108 0.001698 0.000099 0.030907 0.007810 1.822250
0.952889 0.003512 0.003125 0.001678 0.000098 0.030886 0.007811 1.822584
0.952886 0.003543 0.003125 0.001661 0.000102 0.030871 0.007811 1.822915
0.952907 0.003541 0.003114 0.001679 0.000104 0.030843 0.007812 1.823249
0.952920 0.003538 0.003113 0.001702 0.000101 0.030812 0.007814 1.823607
0.952925 0.003534 0.003125 0.001688 0.000103 0.030811 0.007814 1.823951
0.952962 0.003532 0.003133 0.001692 0.000103 0.030762 0.007815 1.824302
0.952974 0.003535 0.003132 0.001681 0.000102 0.030757 0.007817 1.824642
0.952999 0.003507 0.003150 0.001686 0.000101 0.030740 0.007817 1.824998
0.953026 0.003486 0.003148 0.001689 0.000104 0.030728 0.007817 1.825346
0.953084 0.003444 0.003143 0.001692 0.000105 0.030713 0.007818 1.825709
0.953089 0.003473 0.003117 0.001685 0.000110 0.030706 0.007819 1.826020
0.953064 0.003495 0.003135 0.001684 0.000112 0.030690 0.007820 1.826377
0.953080 0.003486 0.003167 0.001668 0.000113 0.030664 0.007822 1.826726
0.953088 0.003517 0.003148 0.001660 0.000111 0.030653 0.007823 1.827058
0.953099 0.003513 0.003121 0.001658 0.000110 0.030673 0.007826 1.827406
0.953089 0.003498 0.003156 0.001671 0.000108 0.030649 0.007829 1.827780
0.953117 0.003514 0.003156 0.001665 0.000109 0.030610 0.007830 1.828103
0.953130 0.003518 0.003178 0.001660 0.000110 0.030572 0.007832 1.828455
0.953149 0.003512 0.003192 0.001651 0.000108 0.030554 0.007834 1.828798
0.953139 0.003506 0.003196 0.001656 0.000111 0.030557 0.007835 1.829148
0.953110 0.003549 0.003174 0.001655 0.000105 0.030569 0.007838 1.829469
0.953104 0.003594 0.003157 0.001641 0.000105 0.030558 0.007839 1.829785
0.953064 0.003614 0.003150 0.001649 0.000101 0.030582 0.007841 1.830154
0.953076 0.003612 0.003143 0.001651 0.000105 0.030572 0.007841 1.830502
0.953101 0.003605 0.003143 0.001657 0.000106 0.030545 0.007843 1.830846
0.953092 0.003592 0.003147 0.001663 0.000109 0.030552 0.007844 1.831199
0.953125 0.003574 0.003175 0.001653 0.000111 0.030515 0.007846 1.831560
0.953134 0.003596 0.003165 0.001633 0.000107 0.030517 0.007848 1.831893
0.953106 0.003634 0.003177 0.001637 0.000107 0.030490 0.007849 1.832243
0.953101 0.003630 0.003181 0.001654 0.000104 0.030478 0.007850 1.832601
0.953125 0.003624 0.003165 0.001652 0.000102 0.030477 0.007854 1.832949
0.953123 0.003617 0.003162 0.001649 0.000100 0.030492 0.007856 1.833303
0.953162 0.003613 0.003173 0.001642 0.000101 0.030453 0.007857 1.833657
0.953154 0.003629 0.003187 0.001632 0.000104 0.030437 0.007857 1.833998
0.953143 0.003651 0.003198 0.001642 0.000105 0.030402 0.007859 1.834336
0.953113 0.003648 0.003210 0.001655 0.000103 0.030409 0.007862 1.834705
0.953094 0.003650 0.003205 0.001662 0.000101 0.030422 0.007864 1.835057
0.953097 0.003610 0.003245 0.001671 0.000101 0.030410 0.007865 1.835441
0.953099 0.003613 0.003277 0.001673 0.000105 0.030368 0.007866 1.835811
0.953089 0.003606 0.003296 0.001677 0.000105 0.030360 0.007866 1.836172
0.953054 0.003643 0.003278 0.001692 0.000103 0.030362 0.007868 1.836511
0.953017 0.003664 0.003269 0.001685 0.000105 0.030391 0.007869 1.836861
0.952997 0.003681 0.003264 0.001713 0.000103 0.030371 0.007872 1.837220
0.952959 0.003683 0.003271 0.001720 0.000099 0.030396 0.007872 1.837599
0.952960 0.003694 0.003282 0.001718 0.000100 0.030374 0.007872 1.837964
0.952913 0.003720 0.003282 0.001699 0.000099 0.030414 0.007874 1.838320
0.952920 0.003705 0.003271 0.001706 0.000098 0.030425 0.007876 1.838678
0.952923 0.003686 0.003313 0.001710 0.000099 0.030390 0.007879 1.839069
0.952889 0.003716 0.003316 0.001705 0.000101 0.030394 0.007879 1.839432
0.952829 0.003738 0.003331 0.001704 0.000100 0.030418 0.007880 1.839796
0.952818 0.003734 0.003333 0.001708 0.000097 0.030427 0.007882 1.840173
0.952810 0.003726 0.003324 0.001742 0.000096 0.030416 0.007886 1.840538
0.952790 0.003721 0.003343 0.001737 0.000092 0.030427 0.007889 1.840909
0.952805 0.003702 0.003367 0.001750 0.000092 0.030393 0.007891 1.841280
0.952795 0.003693 0.003375 0.001736 0.000094 0.030414 0.007893 1.841640
0.952799 0.003679 0.003387 0.001728 0.000093 0.030422 0.007893 1.842012
0.952785 0.003692 0.003379 0.001717 0.000092 0.030441 0.007893 1.842355
0.952801 0.003672 0.003355 0.001716 0.000095 0.030467 0.007893 1.842710
0.952771 0.003708 0.003334 0.001716 0.000095 0.030481 0.007894 1.843050
0.952783 0.003708 0.003327 0.001715 0.000092 0.030479 0.007896 1.843403
0.952804 0.003683 0.003309 0.001727 0.000093 0.030487 0.007896 1.843764
0.952810 0.003677 0.003301 0.001716 0.000089 0.030509 0.007898 1.844120
0.952792 0.003694 0.003291 0.001721 0.000092 0.030510 0.007900 1.844479
0.952807 0.003676 0.003293 0.001741 0.000093 0.030490 0.007900 1.844848
0.952788 0.003687 0.003286 0.001740 0.000094 0.030503 0.007901 1.845194
0.952765 0.003687 0.003267 0.001742 0.000094 0.030543 0.007903 1.845561
0.952762 0.003682 0.003268 0.001746 0.000095 0.030543 0.007904 1.845922
0.952765 0.003672 0.003274 0.001744 0.000097 0.030545 0.007904 1.846278
0.952751 0.003663 0.003279 0.001745 0.000096 0.030561 0.007905 1.846652
0.952767 0.003661 0.003260 0.001748 0.000097 0.030563 0.007905 1.846998
0.952774 0.003653 0.003274 0.001760 0.000100 0.030534 0.007905 1.847361
0.952757 0.003666 0.003267 0.001763 0.000098 0.030543 0.007906 1.847714
0.952756 0.003674 0.003235 0.001770 0.000098 0.030560 0.007907 1.848066
0.952778 0.003679 0.003212 0.001768 0.000097 0.030560 0.007907 1.848413
0.952778 0.003679 0.003209 0.001756 0.000097 0.030573 0.007909 1.848776
0.952764 0.003700 0.003182 0.001756 0.000098 0.030592 0.007910 1.849120
0.952750 0.003672 0.003234 0.001761 0.000097 0.030576 0.007911 1.849509
0.952729 0.003711 0.003210 0.001752 0.000099 0.030588 0.007911 1.849847
0.952740 0.003654 0.003234 0.001758 0.000098 0.030604 0.007912 1.850232
0.952721 0.003672 0.003240 0.001754 0.000098 0.030600 0.007914 1.850580
0.952710 0.003673 0.003235 0.001756 0.000095 0.030615 0.007916 1.850941
0.952698 0.003703 0.003241 0.001760 0.000095 0.030585 0.007918 1.851292
0.952686 0.003720 0.003230 0.001731 0.000099 0.030616 0.007919 1.851635
0.952722 0.003708 0.003231 0.001726 0.000097 0.030597 0.007920 1.851992
0.952687 0.003726 0.003228 0.001743 0.000096 0.030601 0.007921 1.852352
0.952648 0.003768 0.003203 0.001747 0.000098 0.030614 0.007922 1.852697
0.952634 0.003761 0.003202 0.001747 0.000101 0.030633 0.007922 1.853057
0.952634 0.003764 0.003209 0.001725 0.000101 0.030643 0.007925 1.853410
0.952641 0.003747 0.003223 0.001720 0.000104 0.030641 0.007925 1.853786
0.952618 0.003751 0.003215 0.001731 0.000103 0.030657 0.007925 1.854151
0.952593 0.003722 0.003245 0.001740 0.000103 0.030670 0.007927 1.854540
0.952632 0.003718 0.003249 0.001731 0.000106 0.030637 0.007927 1.854886
0.952614 0.003715 0.003222 0.001738 0.000108 0.030675 0.007928 1.855244
0.952629 0.003680 0.003251 0.001743 0.000108 0.030659 0.007929 1.855627
0.952624 0.003677 0.003272 0.001729 0.000110 0.030656 0.007930 1.855986
0.952636 0.003681 0.003270 0.001728 0.000112 0.030641 0.007931 1.856344
0.952610 0.003692 0.003278 0.001718 0.000110 0.030659 0.007933 1.856719
0.952597 0.003695 0.003284 0.001710 0.000112 0.030666 0.007935 1.857079
0.952628 0.003662 0.003297 0.001715 0.000110 0.030649 0.007938 1.857434
0.952640 0.003625 0.003331 0.001708 0.000111 0.030647 0.007939 1.857810
0.952636 0.003621 0.003320 0.001723 0.000113 0.030648 0.007939 1.858162
0.952657 0.003602 0.003302 0.001729 0.000115 0.030654 0.007940 1.858518
0.952671 0.003558 0.003326 0.001733 0.000115 0.030658 0.007940 1.858905
0.952683 0.003560 0.003306 0.001740 0.000112 0.030658 0.007941 1.859250
0.952676 0.003559 0.003312 0.001725 0.000111 0.030675 0.007942 1.859611
0.952693 0.003559 0.003305 0.001717 0.000111 0.030672 0.007944 1.859950
0.952686 0.003563 0.003313 0.001719 0.000113 0.030661 0.007945 1.860303
0.952688 0.003576 0.003293 0.001702 0.000114 0.030681 0.007948 1.860633
0.952685 0.003591 0.003255 0.001699 0.000113 0.030707 0.007950 1.860966
0.952680 0.003592 0.003250 0.001692 0.000114 0.030722 0.007950 1.861310
0.952727 0.003564 0.003261 0.001690 0.000113 0.030694 0.007951 1.861663
0.952719 0.003576 0.003249 0.001703 0.000112 0.030690 0.007952 1.862011
0.952735 0.003580 0.003253 0.001694 0.000115 0.030671 0.007953 1.862353
0.952739 0.003573 0.003253 0.001699 0.000111 0.030671 0.007954 1.862710
0.952729 0.003573 0.003252 0.001708 0.000110 0.030673 0.007955 1.863062
0.952731 0.003566 0.003264 0.001709 0.000111 0.030663 0.007956 1.863416
0.952725 0.003580 0.003286 0.001695 0.000112 0.030645 0.007957 1.863764
0.952745 0.003567 0.003284 0.001695 0.000111 0.030640 0.007959 1.864118
0.952766 0.003554 0.003283 0.001679 0.000107 0.030648 0.007962 1.864458
0.952802 0.003533 0.003300 0.001672 0.000104 0.030626 0.007963 1.864815
0.952803 0.003537 0.003276 0.001670 0.000104 0.030646 0.007965 1.865159
0.952760 0.003564 0.003256 0.001667 0.000106 0.030681 0.007965 1.865502
0.952730 0.003569 0.003255 0.001667 0.000107 0.030705 0.007967 1.865856
0.952761 0.003542 0.003253 0.001687 0.000107 0.030683 0.007967 1.866208
0.952780 0.003502 0.003270 0.001687 0.000105 0.030689 0.007967 1.866579
0.952788 0.003503 0.003228 0.001710 0.000104 0.030698 0.007969 1.866929
0.952820 0.003492 0.003228 0.001697 0.000103 0.030690 0.007971 1.867272
0.952833 0.003500 0.003214 0.001696 0.000100 0.030684 0.007974 1.867608
0.952858 0.003501 0.003211 0.001685 0.000103 0.030666 0.007974 1.867949
0.952883 0.003491 0.003232 0.001688 0.000102 0.030626 0.007977 1.868302
0.952862 0.003513 0.003221 0.001670 0.000105 0.030651 0.007978 1.868634
0.952901 0.003515 0.003215 0.001664 0.000104 0.030622 0.007979 1.868954
0.952905 0.003556 0.003187 0.001658 0.000104 0.030611 0.007980 1.869282
0.952948 0.003525 0.003197 0.001655 0.000106 0.030588 0.007981 1.869633
