0.347516 0.061499 0.055637 0.032055 0.002042 0.495274 0.005977 1.620541
0.350326 0.058903 0.055625 0.031741 0.002038 0.495365 0.006003 1.626474
0.354051 0.055821 0.055362 0.031330 0.002043 0.495367 0.006026 1.632023
0.358448 0.052479 0.054916 0.030796 0.002037 0.495268 0.006056 1.637239
0.363194 0.048997 0.054406 0.030211 0.002037 0.495070 0.006084 1.642211
0.368269 0.045538 0.053644 0.029537 0.002037 0.494860 0.006115 1.646878
0.373436 0.042275 0.052758 0.028830 0.002024 0.494538 0.006141 1.651185
0.378692 0.039201 0.051833 0.028045 0.002014 0.494050 0.006166 1.655180
0.384129 0.036230 0.050719 0.027273 0.002016 0.493442 0.006191 1.658896
0.389648 0.033522 0.049508 0.026391 0.002000 0.492709 0.006222 1.662295
0.395186 0.031007 0.048164 0.025458 0.001999 0.491942 0.006243 1.665420
0.400770 0.028650 0.046747 0.024543 0.001990 0.491030 0.006272 1.668328
0.406471 0.026500 0.045313 0.023645 0.001982 0.489794 0.006295 1.670997
0.412130 0.024431 0.043878 0.022718 0.001945 0.488576 0.006321 1.673551
0.417788 0.022547 0.042463 0.021848 0.001935 0.487075 0.006345 1.675863
0.423384 0.020863 0.040964 0.020963 0.001916 0.485544 0.006366 1.677926
0.429093 0.019258 0.039445 0.020091 0.001904 0.483826 0.006385 1.679892
0.434780 0.017837 0.037945 0.019243 0.001878 0.481902 0.006414 1.681680
0.440533 0.016487 0.036471 0.018380 0.001855 0.479838 0.006438 1.683377
0.446199 0.015240 0.035000 0.017611 0.001830 0.477661 0.006459 1.684962
0.451804 0.014097 0.033551 0.016772 0.001801 0.475492 0.006484 1.686406
0.457518 0.013044 0.032164 0.016009 0.001780 0.472978 0.006508 1.687725
0.463241 0.012072 0.030781 0.015220 0.001750 0.470400 0.006537 1.688937
0.468908 0.011194 0.029459 0.014488 0.001717 0.467670 0.006563 1.690061
0.474563 0.010370 0.028173 0.013803 0.001685 0.464817 0.006589 1.691114
0.480250 0.009625 0.026897 0.013140 0.001649 0.461828 0.006611 1.692090
0.485831 0.008929 0.025668 0.012494 0.001618 0.458827 0.006631 1.693004
0.491329 0.008289 0.024463 0.011882 0.001583 0.455800 0.006654 1.693864
0.496793 0.007689 0.023332 0.011274 0.001564 0.452679 0.006669 1.694671
0.502247 0.007162 0.022216 0.010762 0.001537 0.449389 0.006685 1.695412
0.507598 0.006654 0.021195 0.010242 0.001497 0.446100 0.006714 1.696106
0.512961 0.006228 0.020178 0.009698 0.001458 0.442742 0.006735 1.696714
0.518293 0.005798 0.019198 0.009230 0.001436 0.439295 0.006751 1.697303
0.523573 0.005377 0.018285 0.008742 0.001411 0.435843 0.006770 1.697885
0.528777 0.005014 0.017380 0.008289 0.001370 0.432380 0.006790 1.698407
0.533992 0.004680 0.016540 0.007864 0.001348 0.428772 0.006804 1.698890
0.539132 0.004391 0.015728 0.007451 0.001321 0.425157 0.006821 1.699328
0.544315 0.004142 0.014953 0.007048 0.001297 0.421407 0.006839 1.699744
0.549479 0.003894 0.014153 0.006672 0.001261 0.417685 0.006855 1.700129
0.554450 0.003681 0.013402 0.006303 0.001235 0.414058 0.006871 1.700479
0.559535 0.003450 0.012712 0.005982 0.001203 0.410232 0.006885 1.700840
0.564535 0.003240 0.012098 0.005674 0.001165 0.406386 0.006903 1.701177
0.569457 0.003067 0.011482 0.005386 0.001132 0.402557 0.006918 1.701478
0.574339 0.002916 0.010901 0.005109 0.001106 0.398695 0.006934 1.701742
0.579245 0.002719 0.010351 0.004825 0.001072 0.394839 0.006949 1.702047
0.584083 0.002568 0.009821 0.004577 0.001038 0.390944 0.006969 1.702306
0.588838 0.002441 0.009288 0.004314 0.001004 0.387127 0.006987 1.702535
0.593610 0.002326 0.008810 0.004059 0.000976 0.383220 0.006999 1.702767
0.598197 0.002209 0.008328 0.003821 0.000953 0.379480 0.007013 1.702972
0.602917 0.002081 0.007893 0.003605 0.000917 0.375558 0.007029 1.703184
0.607548 0.001973 0.007490 0.003422 0.000883 0.371642 0.007042 1.703384
0.612194 0.001849 0.007117 0.003234 0.000863 0.367691 0.007053 1.703587
0.616702 0.001746 0.006746 0.003070 0.000836 0.363836 0.007065 1.703769
0.621147 0.001674 0.006396 0.002891 0.000811 0.360006 0.007076 1.703927
0.625561 0.001600 0.006070 0.002731 0.000790 0.356162 0.007085 1.704088
0.629873 0.001510 0.005770 0.002570 0.000766 0.352414 0.007098 1.704245
0.634192 0.001445 0.005457 0.002444 0.000741 0.348610 0.007111 1.704388
0.638489 0.001378 0.005176 0.002309 0.000718 0.344810 0.007120 1.704519
0.642669 0.001319 0.004907 0.002175 0.000693 0.341111 0.007127 1.704654
0.646841 0.001256 0.004654 0.002056 0.000668 0.337387 0.007138 1.704779
0.650945 0.001187 0.004443 0.001951 0.000645 0.333680 0.007148 1.704906
0.654996 0.001128 0.004229 0.001841 0.000616 0.330034 0.007157 1.705021
0.659024 0.001066 0.003995 0.001757 0.000597 0.326397 0.007165 1.705141
0.662976 0.001025 0.003798 0.001646 0.000579 0.322804 0.007173 1.705236
0.666948 0.000998 0.003594 0.001558 0.000560 0.319162 0.007180 1.705322
0.670894 0.000946 0.003399 0.001495 0.000542 0.315539 0.007185 1.705422
0.674744 0.000900 0.003225 0.001413 0.000524 0.312000 0.007195 1.705515
0.678608 0.000861 0.003045 0.001329 0.000502 0.308450 0.007204 1.705600
0.682441 0.000815 0.002884 0.001267 0.000485 0.304894 0.007214 1.705689
0.686199 0.000791 0.002725 0.001191 0.000476 0.301399 0.007219 1.705760
0.689948 0.000754 0.002575 0.001131 0.000461 0.297904 0.007226 1.705832
0.693649 0.000720 0.002458 0.001067 0.000446 0.294428 0.007231 1.705902
0.697312 0.000692 0.002328 0.001004 0.000425 0.291000 0.007239 1.705970
0.700912 0.000657 0.002224 0.000950 0.000411 0.287598 0.007246 1.706047
0.704411 0.000635 0.002112 0.000900 0.000398 0.284292 0.007252 1.706105
0.707942 0.000611 0.002010 0.000857 0.000381 0.280938 0.007260 1.706167
0.711389 0.000598 0.001911 0.000818 0.000363 0.277655 0.007267 1.706218
0.714757 0.000578 0.001818 0.000777 0.000354 0.274448 0.007269 1.706272
0.718140 0.000563 0.001715 0.000753 0.000336 0.271216 0.007277 1.706320
0.721442 0.000544 0.001639 0.000717 0.000323 0.268056 0.007280 1.706372
0.724744 0.000520 0.001557 0.000683 0.000314 0.264901 0.007282 1.706426
0.727968 0.000499 0.001494 0.000652 0.000304 0.261799 0.007285 1.706478
0.731179 0.000489 0.001428 0.000610 0.000290 0.258710 0.007294 1.706515
0.734315 0.000477 0.001349 0.000576 0.000282 0.255703 0.007297 1.706554
0.737392 0.000452 0.001285 0.000542 0.000271 0.252756 0.007302 1.706599
0.740480 0.000424 0.001228 0.000515 0.000264 0.249784 0.007306 1.706647
0.743604 0.000417 0.001170 0.000490 0.000257 0.246756 0.007307 1.706685
0.746627 0.000408 0.001117 0.000474 0.000246 0.243818 0.007312 1.706719
0.749661 0.000394 0.001059 0.000450 0.000236 0.240883 0.007317 1.706755
0.752615 0.000379 0.001019 0.000424 0.000229 0.238015 0.007320 1.706796
0.755527 0.000357 0.000975 0.000411 0.000221 0.235185 0.007325 1.706837
0.758404 0.000345 0.000936 0.000386 0.000213 0.232387 0.007328 1.706872
0.761332 0.000319 0.000901 0.000375 0.000207 0.229535 0.007332 1.706911
0.764109 0.000311 0.000863 0.000351 0.000202 0.226830 0.007334 1.706938
0.766944 0.000298 0.000830 0.000335 0.000194 0.224061 0.007338 1.706971
0.769709 0.000295 0.000793 0.000321 0.000191 0.221352 0.007340 1.706997
0.772514 0.000289 0.000760 0.000307 0.000185 0.218603 0.007343 1.707020
0.775238 0.000273 0.000736 0.000295 0.000177 0.215936 0.007346 1.707051
0.777878 0.000264 0.000706 0.000278 0.000168 0.213357 0.007350 1.707076
0.780494 0.000260 0.000668 0.000267 0.000162 0.210798 0.007352 1.707099
0.783121 0.000250 0.000630 0.000252 0.000156 0.208236 0.007355 1.707123
0.785692 0.000238 0.000607 0.000241 0.000153 0.205712 0.007357 1.707154
0.788199 0.000224 0.000585 0.000235 0.000148 0.203249 0.007360 1.707181
0.790710 0.000226 0.000554 0.000219 0.000144 0.200784 0.007363 1.707198
0.793140 0.000210 0.000533 0.000212 0.000138 0.198402 0.007366 1.707222
0.795540 0.000200 0.000509 0.000203 0.000132 0.196049 0.007368 1.707246
0.797954 0.000189 0.000497 0.000192 0.000127 0.193671 0.007369 1.707270
0.800325 0.000185 0.000482 0.000185 0.000123 0.191329 0.007371 1.707287
0.802677 0.000186 0.000450 0.000175 0.000120 0.189019 0.007373 1.707299
0.804985 0.000180 0.000434 0.000168 0.000116 0.186742 0.007374 1.707318
0.807283 0.000181 0.000407 0.000160 0.000114 0.184480 0.007374 1.707330
0.809529 0.000175 0.000393 0.000152 0.000106 0.182268 0.007377 1.707348
0.811800 0.000168 0.000380 0.000145 0.000101 0.180026 0.007379 1.707364
0.813979 0.000158 0.000364 0.000141 0.000100 0.177878 0.007380 1.707384
0.816234 0.000151 0.000353 0.000133 0.000096 0.175650 0.007381 1.707401
0.818375 0.000151 0.000337 0.000130 0.000094 0.173530 0.007383 1.707410
0.820456 0.000147 0.000321 0.000123 0.000091 0.171476 0.007384 1.707424
0.822561 0.000141 0.000312 0.000120 0.000088 0.169391 0.007385 1.707439
0.824635 0.000136 0.000300 0.000114 0.000087 0.167342 0.007385 1.707453
0.826658 0.000138 0.000293 0.000110 0.000084 0.165331 0.007386 1.707465
0.828625 0.000128 0.000279 0.000109 0.000080 0.163391 0.007387 1.707478
0.830578 0.000126 0.000267 0.000104 0.000078 0.161458 0.007388 1.707489
0.832491 0.000124 0.000258 0.000103 0.000076 0.159558 0.007389 1.707500
0.834379 0.000119 0.000248 0.000097 0.000072 0.157693 0.007391 1.707513
0.836243 0.000116 0.000237 0.000094 0.000069 0.155846 0.007393 1.707525
0.838063 0.000110 0.000225 0.000092 0.000067 0.154049 0.007394 1.707537
0.839911 0.000110 0.000218 0.000089 0.000065 0.152213 0.007394 1.707546
0.841700 0.000107 0.000211 0.000088 0.000062 0.150435 0.007396 1.707558
0.843381 0.000104 0.000207 0.000088 0.000058 0.148765 0.007397 1.707568
0.845076 0.000100 0.000200 0.000086 0.000055 0.147084 0.007398 1.707578
0.846706 0.000099 0.000190 0.000084 0.000053 0.145469 0.007399 1.707586
0.848375 0.000095 0.000182 0.000080 0.000053 0.143816 0.007399 1.707597
0.849948 0.000094 0.000177 0.000078 0.000049 0.142254 0.007399 1.707606
0.851493 0.000094 0.000173 0.000074 0.000048 0.140719 0.007400 1.707615
0.853042 0.000097 0.000163 0.000070 0.000047 0.139180 0.007401 1.707619
0.854496 0.000092 0.000161 0.000066 0.000044 0.137738 0.007402 1.707629
0.855933 0.000089 0.000155 0.000065 0.000041 0.136312 0.007404 1.707637
0.857281 0.000087 0.000150 0.000063 0.000039 0.134974 0.007405 1.707646
0.858606 0.000083 0.000144 0.000061 0.000038 0.133661 0.007405 1.707658
0.859881 0.000085 0.000142 0.000062 0.000037 0.132387 0.007406 1.707664
0.861164 0.000083 0.000138 0.000059 0.000037 0.131111 0.007406 1.707671
0.862442 0.000080 0.000133 0.000059 0.000036 0.129841 0.007407 1.707680
0.863646 0.000077 0.000131 0.000059 0.000035 0.128643 0.007408 1.707688
0.864858 0.000074 0.000129 0.000055 0.000034 0.127441 0.007408 1.707695
0.866054 0.000071 0.000123 0.000053 0.000033 0.126257 0.007408 1.707701
0.867139 0.000071 0.000118 0.000051 0.000031 0.125180 0.007410 1.707707
0.868249 0.000072 0.000111 0.000048 0.000031 0.124079 0.007410 1.707713
0.869269 0.000072 0.000107 0.000048 0.000031 0.123063 0.007410 1.707718
0.870254 0.000072 0.000103 0.000047 0.000030 0.122084 0.007410 1.707724
0.871203 0.000072 0.000099 0.000043 0.000030 0.121142 0.007410 1.707730
0.872159 0.000071 0.000095 0.000044 0.000030 0.120191 0.007410 1.707738
0.873078 0.000068 0.000094 0.000041 0.000028 0.119280 0.007411 1.707744
0.873971 0.000067 0.000091 0.000042 0.000026 0.118392 0.007411 1.707751
0.874851 0.000059 0.000090 0.000043 0.000024 0.117520 0.007412 1.707761
0.875676 0.000055 0.000089 0.000042 0.000022 0.116703 0.007413 1.707771
0.876486 0.000053 0.000083 0.000039 0.000022 0.115904 0.007413 1.707774
0.877275 0.000049 0.000085 0.000040 0.000022 0.115116 0.007413 1.707782
0.878039 0.000049 0.000076 0.000038 0.000021 0.114363 0.007413 1.707787
0.878792 0.000046 0.000073 0.000038 0.000019 0.113617 0.007414 1.707792
0.879477 0.000044 0.000075 0.000037 0.000019 0.112935 0.007414 1.707798
0.880144 0.000043 0.000068 0.000035 0.000019 0.112277 0.007414 1.707802
0.880799 0.000042 0.000066 0.000033 0.000018 0.111628 0.007414 1.707806
0.881431 0.000041 0.000066 0.000033 0.000018 0.110997 0.007414 1.707811
0.882032 0.000038 0.000065 0.000034 0.000017 0.110399 0.007414 1.707818
0.882644 0.000039 0.000061 0.000033 0.000016 0.109793 0.007414 1.707819
0.883205 0.000039 0.000060 0.000033 0.000015 0.109234 0.007415 1.707823
0.883779 0.000040 0.000055 0.000031 0.000014 0.108667 0.007415 1.707825
0.884307 0.000039 0.000056 0.000031 0.000014 0.108138 0.007415 1.707829
0.884828 0.000039 0.000054 0.000028 0.000014 0.107620 0.007415 1.707832
0.885333 0.000039 0.000050 0.000026 0.000013 0.107123 0.007415 1.707833
0.885807 0.000039 0.000049 0.000025 0.000013 0.106652 0.007415 1.707835
0.886283 0.000036 0.000049 0.000026 0.000013 0.106177 0.007415 1.707839
0.886720 0.000035 0.000048 0.000025 0.000013 0.105745 0.007415 1.707841
0.887156 0.000035 0.000044 0.000024 0.000013 0.105313 0.007415 1.707842
0.887588 0.000034 0.000045 0.000024 0.000013 0.104882 0.007415 1.707845
0.887991 0.000031 0.000044 0.000023 0.000013 0.104483 0.007415 1.707850
0.888363 0.000028 0.000043 0.000022 0.000013 0.104117 0.007415 1.707853
0.888739 0.000026 0.000041 0.000022 0.000012 0.103745 0.007415 1.707856
0.889095 0.000025 0.000039 0.000019 0.000011 0.103395 0.007416 1.707858
0.889421 0.000024 0.000038 0.000020 0.000010 0.103071 0.007416 1.707861
0.889753 0.000022 0.000036 0.000018 0.000009 0.102744 0.007417 1.707865
0.890058 0.000022 0.000034 0.000017 0.000009 0.102443 0.007417 1.707866
0.890357 0.000021 0.000035 0.000017 0.000009 0.102145 0.007417 1.707868
0.890664 0.000021 0.000034 0.000017 0.000009 0.101838 0.007417 1.707870
0.890945 0.000019 0.000034 0.000016 0.000009 0.101561 0.007417 1.707872
0.891205 0.000018 0.000032 0.000016 0.000009 0.101302 0.007417 1.707874
0.891452 0.000017 0.000031 0.000017 0.000009 0.101058 0.007417 1.707875
0.891722 0.000016 0.000029 0.000016 0.000009 0.100790 0.007417 1.707876
0.891988 0.000017 0.000028 0.000015 0.000009 0.100526 0.007417 1.707877
0.892209 0.000015 0.000028 0.000014 0.000008 0.100309 0.007417 1.707879
0.892438 0.000014 0.000029 0.000014 0.000008 0.100080 0.007417 1.707881
0.892656 0.000015 0.000028 0.000014 0.000008 0.099863 0.007417 1.707882
0.892879 0.000012 0.000029 0.000014 0.000007 0.099642 0.007417 1.707884
0.893092 0.000012 0.000028 0.000014 0.000007 0.099430 0.007417 1.707885
0.893287 0.000011 0.000029 0.000013 0.000007 0.099237 0.007417 1.707886
0.893469 0.000009 0.000028 0.000012 0.000007 0.099057 0.007417 1.707889
0.893659 0.000009 0.000027 0.000011 0.000007 0.098871 0.007417 1.707890
0.893838 0.000008 0.000025 0.000011 0.000007 0.098693 0.007417 1.707892
0.893995 0.000007 0.000024 0.000011 0.000007 0.098539 0.007417 1.707893
0.894159 0.000006 0.000023 0.000012 0.000007 0.098376 0.007417 1.707895
0.894307 0.000008 0.000020 0.000012 0.000006 0.098230 0.007417 1.707895
0.894452 0.000008 0.000019 0.000011 0.000006 0.098087 0.007417 1.707896
0.894584 0.000008 0.000019 0.000010 0.000006 0.097957 0.007417 1.707898
0.894697 0.000009 0.000017 0.000009 0.000006 0.097845 0.007417 1.707898
0.894817 0.000008 0.000017 0.000009 0.000006 0.097726 0.007417 1.707900
0.894931 0.000008 0.000015 0.000009 0.000005 0.097615 0.007417 1.707901
0.895040 0.000008 0.000014 0.000008 0.000005 0.097507 0.007418 1.707901
0.895124 0.000008 0.000014 0.000008 0.000005 0.097424 0.007418 1.707902
0.895217 0.000008 0.000012 0.000007 0.000005 0.097334 0.007418 1.707902
0.895316 0.000008 0.000012 0.000007 0.000005 0.097235 0.007418 1.707903
0.895410 0.000008 0.000012 0.000007 0.000005 0.097142 0.007418 1.707903
0.895491 0.000008 0.000011 0.000007 0.000005 0.097060 0.007418 1.707903
0.895579 0.000008 0.000011 0.000006 0.000004 0.096975 0.007418 1.707903
0.895657 0.000008 0.000011 0.000005 0.000004 0.096897 0.007418 1.707904
0.895722 0.000009 0.000012 0.000005 0.000003 0.096831 0.007418 1.707904
0.895808 0.000009 0.000013 0.000004 0.000003 0.096746 0.007418 1.707906
0.895871 0.000008 0.000014 0.000004 0.000003 0.096682 0.007418 1.707908
0.895933 0.000008 0.000014 0.000003 0.000002 0.096622 0.007418 1.707909
0.895996 0.000006 0.000013 0.000004 0.000002 0.096561 0.007418 1.707911
0.896045 0.000007 0.000013 0.000003 0.000002 0.096512 0.007418 1.707911
0.896106 0.000006 0.000013 0.000003 0.000002 0.096452 0.007418 1.707912
0.896155 0.000007 0.000011 0.000003 0.000002 0.096405 0.007418 1.707912
0.896209 0.000006 0.000013 0.000003 0.000002 0.096351 0.007418 1.707915
0.896252 0.000006 0.000012 0.000003 0.000002 0.096309 0.007418 1.707915
0.896304 0.000006 0.000012 0.000002 0.000002 0.096255 0.007418 1.707915
0.896346 0.000008 0.000011 0.000002 0.000001 0.096214 0.007419 1.707915
0.896384 0.000007 0.000012 0.000002 0.000001 0.096176 0.007419 1.707916
0.896417 0.000007 0.000012 0.000002 0.000001 0.096142 0.007419 1.707917
0.896463 0.000006 0.000012 0.000002 0.000001 0.096098 0.007419 1.707918
0.896495 0.000004 0.000013 0.000002 0.000001 0.096068 0.007419 1.707920
0.896527 0.000004 0.000013 0.000002 0.000001 0.096034 0.007419 1.707920
0.896562 0.000005 0.000012 0.000002 0.000001 0.096000 0.007419 1.707920
0.896592 0.000004 0.000011 0.000002 0.000001 0.095971 0.007419 1.707921
0.896616 0.000004 0.000012 0.000002 0.000001 0.095947 0.007419 1.707921
0.896640 0.000004 0.000011 0.000002 0.000001 0.095924 0.007419 1.707922
0.896677 0.000003 0.000010 0.000003 0.000001 0.095888 0.007419 1.707923
0.896706 0.000004 0.000009 0.000003 0.000001 0.095858 0.007419 1.707923
0.896737 0.000005 0.000009 0.000003 0.000001 0.095827 0.007419 1.707923
0.896766 0.000004 0.000008 0.000003 0.000001 0.095799 0.007419 1.707923
0.896792 0.000004 0.000008 0.000002 0.000001 0.095774 0.007419 1.707924
0.896817 0.000004 0.000009 0.000002 0.000001 0.095749 0.007419 1.707924
0.896837 0.000005 0.000008 0.000002 0.000001 0.095728 0.007419 1.707924
0.896863 0.000005 0.000008 0.000002 0.000000 0.095703 0.007419 1.707925
0.896887 0.000005 0.000008 0.000002 0.000000 0.095679 0.007419 1.707925
0.896914 0.000004 0.000007 0.000002 0.000000 0.095654 0.007419 1.707925
0.896936 0.000004 0.000006 0.000003 0.000000 0.095633 0.007419 1.707926
0.896949 0.000004 0.000005 0.000003 0.000000 0.095622 0.007419 1.707926
0.896973 0.000004 0.000004 0.000002 0.000000 0.095598 0.007419 1.707926
0.896990 0.000004 0.000005 0.000002 0.000000 0.095581 0.007419 1.707926
0.897003 0.000004 0.000005 0.000002 0.000000 0.095568 0.007419 1.707926
0.897016 0.000004 0.000004 0.000002 0.000000 0.095557 0.007419 1.707926
0.897028 0.000004 0.000004 0.000002 0.000000 0.095544 0.007419 1.707926
0.897040 0.000004 0.000004 0.000001 0.000000 0.095533 0.007419 1.707926
0.897051 0.000004 0.000004 0.000001 0.000000 0.095522 0.007419 1.707926
0.897058 0.000003 0.000004 0.000001 0.000000 0.095514 0.007419 1.707927
0.897068 0.000003 0.000004 0.000000 0.000000 0.095506 0.007419 1.707927
0.897078 0.000004 0.000004 0.000000 0.000000 0.095495 0.007419 1.707927
0.897089 0.000004 0.000004 0.000000 0.000000 0.095484 0.007419 1.707928
0.897102 0.000003 0.000004 0.000000 0.000000 0.095472 0.007419 1.707928
0.897109 0.000004 0.000004 0.000000 0.000000 0.095465 0.007419 1.707928
0.897116 0.000004 0.000004 0.000000 0.000000 0.095457 0.007419 1.707928
0.897127 0.000003 0.000005 0.000001 0.000000 0.095446 0.007419 1.707929
0.897136 0.000003 0.000005 0.000001 0.000000 0.095437 0.007419 1.707929
0.897140 0.000003 0.000005 0.000001 0.000000 0.095433 0.007419 1.707930
0.897144 0.000003 0.000006 0.000000 0.000000 0.095429 0.007419 1.707930
0.897152 0.000003 0.000005 0.000000 0.000000 0.095422 0.007419 1.707930
0.897162 0.000002 0.000005 0.000000 0.000000 0.095412 0.007419 1.707931
0.897174 0.000002 0.000005 0.000000 0.000000 0.095400 0.007419 1.707931
0.897183 0.000003 0.000005 0.000000 0.000000 0.095390 0.007419 1.707931
0.897189 0.000002 0.000004 0.000001 0.000000 0.095386 0.007419 1.707932
0.897199 0.000002 0.000004 0.000001 0.000000 0.095376 0.007419 1.707932
0.897203 0.000002 0.000004 0.000001 0.000000 0.095371 0.007419 1.707932
0.897212 0.000002 0.000004 0.000001 0.000000 0.095362 0.007419 1.707933
0.897219 0.000002 0.000004 0.000000 0.000000 0.095356 0.007419 1.707933
0.897226 0.000002 0.000003 0.000000 0.000000 0.095350 0.007419 1.707933
0.897230 0.000002 0.000003 0.000000 0.000000 0.095346 0.007419 1.707933
0.897237 0.000002 0.000003 0.000000 0.000000 0.095339 0.007419 1.707933
0.897241 0.000002 0.000002 0.000000 0.000000 0.095335 0.007419 1.707933
0.897246 0.000002 0.000002 0.000000 0.000000 0.095331 0.007419 1.707933
0.897250 0.000003 0.000002 0.000000 0.000000 0.095326 0.007419 1.707933
0.897256 0.000003 0.000003 0.000000 0.000000 0.095320 0.007419 1.707933
0.897259 0.000003 0.000003 0.000000 0.000000 0.095316 0.007419 1.707933
0.897265 0.000003 0.000003 0.000000 0.000000 0.095311 0.007419 1.707934
0.897271 0.000002 0.000002 0.000000 0.000000 0.095306 0.007419 1.707934
0.897275 0.000002 0.000002 0.000000 0.000000 0.095301 0.007419 1.707934
0.897279 0.000002 0.000002 0.000000 0.000000 0.095297 0.007419 1.707934
0.897284 0.000001 0.000003 0.000000 0.000000 0.095293 0.007419 1.707935
0.897287 0.000001 0.000003 0.000000 0.000000 0.095289 0.007419 1.707935
0.897290 0.000001 0.000002 0.000000 0.000000 0.095287 0.007419 1.707935
0.897294 0.000000 0.000003 0.000000 0.000000 0.095283 0.007419 1.707936
0.897299 0.000000 0.000003 0.000000 0.000000 0.095279 0.007419 1.707936
0.897302 0.000000 0.000003 0.000000 0.000000 0.095276 0.007419 1.707936
0.897302 0.000002 0.000003 0.000000 0.000000 0.095275 0.007419 1.707936
0.897304 0.000002 0.000003 0.000000 0.000000 0.095273 0.007419 1.707936
0.897308 0.000002 0.000003 0.000000 0.000000 0.095269 0.007419 1.707936
0.897313 0.000001 0.000003 0.000000 0.000000 0.095264 0.007419 1.707936
0.897315 0.000000 0.000003 0.000000 0.000000 0.095262 0.007419 1.707937
0.897318 0.000000 0.000003 0.000000 0.000000 0.095260 0.007419 1.707937
0.897321 0.000000 0.000003 0.000000 0.000000 0.095257 0.007419 1.707937
0.897325 0.000000 0.000003 0.000000 0.000000 0.095253 0.007419 1.707937
0.897327 0.000000 0.000003 0.000000 0.000000 0.095250 0.007419 1.707937
0.897327 0.000001 0.000003 0.000000 0.000000 0.095250 0.007419 1.707937
0.897329 0.000001 0.000002 0.000000 0.000000 0.095248 0.007419 1.707937
0.897332 0.000001 0.000002 0.000000 0.000000 0.095246 0.007419 1.707937
0.897336 0.000000 0.000001 0.000000 0.000000 0.095243 0.007419 1.707938
0.897337 0.000000 0.000001 0.000001 0.000000 0.095241 0.007419 1.707938
0.897338 0.000001 0.000001 0.000001 0.000000 0.095239 0.007419 1.707938
0.897339 0.000001 0.000001 0.000001 0.000000 0.095238 0.007419 1.707938
0.897342 0.000001 0.000001 0.000000 0.000000 0.095236 0.007419 1.707938
0.897342 0.000001 0.000001 0.000000 0.000000 0.095237 0.007419 1.707938
0.897343 0.000001 0.000001 0.000000 0.000000 0.095235 0.007419 1.707939
0.897343 0.000001 0.000001 0.000000 0.000000 0.095234 0.007419 1.707939
0.897345 0.000001 0.000002 0.000000 0.000000 0.095233 0.007419 1.707939
0.897346 0.000001 0.000002 0.000000 0.000000 0.095232 0.007419 1.707939
0.897347 0.000001 0.000002 0.000000 0.000000 0.095231 0.007419 1.707939
0.897348 0.000001 0.000002 0.000000 0.000000 0.095230 0.007419 1.707939
0.897348 0.000001 0.000002 0.000000 0.000000 0.095230 0.007419 1.707939
0.897349 0.000001 0.000002 0.000000 0.000000 0.095229 0.007419 1.707939
0.897348 0.000001 0.000002 0.000000 0.000000 0.095229 0.007419 1.707939
0.897348 0.000002 0.000002 0.000000 0.000000 0.095229 0.007419 1.707939
0.897349 0.000002 0.000002 0.000000 0.000000 0.095228 0.007419 1.707939
0.897349 0.000002 0.000001 0.000000 0.000000 0.095228 0.007419 1.707939
0.897349 0.000003 0.000001 0.000000 0.000000 0.095228 0.007419 1.707939
0.897349 0.000003 0.000001 0.000000 0.000000 0.095228 0.007419 1.707939
0.897349 0.000003 0.000002 0.000000 0.000000 0.095226 0.007419 1.707940
0.897351 0.000003 0.000002 0.000000 0.000000 0.095225 0.007419 1.707940
0.897351 0.000005 0.000003 0.000000 0.000000 0.095223 0.007419 1.707940
0.897351 0.000003 0.000004 0.000000 0.000000 0.095223 0.007419 1.707942
0.897351 0.000003 0.000003 0.000000 0.000000 0.095224 0.007419 1.707943
0.897351 0.000004 0.000003 0.000000 0.000000 0.095223 0.007419 1.707943
0.897352 0.000004 0.000003 0.000000 0.000000 0.095223 0.007419 1.707943
0.897353 0.000005 0.000003 0.000000 0.000000 0.095220 0.007419 1.707943
0.897353 0.000005 0.000003 0.000000 0.000000 0.095220 0.007419 1.707943
0.897354 0.000004 0.000003 0.000000 0.000000 0.095220 0.007419 1.707944
0.897354 0.000003 0.000003 0.000001 0.000000 0.095220 0.007419 1.707945
0.897354 0.000004 0.000003 0.000000 0.000000 0.095220 0.007419 1.707945
0.897354 0.000005 0.000003 0.000000 0.000000 0.095219 0.007419 1.707945
0.897355 0.000004 0.000003 0.000001 0.000000 0.095219 0.007419 1.707945
0.897354 0.000005 0.000003 0.000001 0.000000 0.095219 0.007419 1.707945
0.897353 0.000005 0.000003 0.000001 0.000000 0.095219 0.007419 1.707946
0.897353 0.000005 0.000003 0.000001 0.000000 0.095219 0.007419 1.707947
0.897354 0.000004 0.000003 0.000001 0.000000 0.095219 0.007419 1.707947
0.897353 0.000005 0.000003 0.000001 0.000000 0.095219 0.007419 1.707947
0.897353 0.000005 0.000003 0.000001 0.000000 0.095219 0.007419 1.707948
0.897352 0.000006 0.000003 0.000001 0.000000 0.095219 0.007419 1.707948
0.897353 0.000006 0.000003 0.000001 0.000000 0.095217 0.007419 1.707948
0.897353 0.000006 0.000003 0.000001 0.000000 0.095216 0.007419 1.707948
0.897353 0.000006 0.000004 0.000001 0.000000 0.095216 0.007419 1.707949
0.897353 0.000006 0.000005 0.000001 0.000000 0.095216 0.007419 1.707949
0.897354 0.000006 0.000005 0.000001 0.000000 0.095215 0.007419 1.707949
0.897355 0.000006 0.000005 0.000001 0.000000 0.095214 0.007419 1.707949
0.897354 0.000007 0.000005 0.000001 0.000000 0.095214 0.007419 1.707950
0.897354 0.000007 0.000005 0.000002 0.000000 0.095213 0.007419 1.707950
0.897355 0.000006 0.000006 0.000002 0.000000 0.095213 0.007419 1.707951
0.897355 0.000006 0.000006 0.000001 0.000000 0.095213 0.007419 1.707952
0.897355 0.000003 0.000008 0.000001 0.000000 0.095213 0.007419 1.707954
0.897355 0.000003 0.000008 0.000001 0.000000 0.095214 0.007419 1.707954
0.897357 0.000003 0.000007 0.000001 0.000000 0.095213 0.007419 1.707954
0.897357 0.000003 0.000006 0.000001 0.000000 0.095213 0.007419 1.707954
0.897357 0.000004 0.000006 0.000001 0.000000 0.095213 0.007419 1.707954
0.897357 0.000005 0.000006 0.000001 0.000000 0.095213 0.007419 1.707954
0.897358 0.000003 0.000006 0.000002 0.000000 0.095211 0.007419 1.707955
0.897358 0.000004 0.000005 0.000001 0.000000 0.095213 0.007419 1.707955
0.897359 0.000005 0.000005 0.000001 0.000000 0.095212 0.007419 1.707955
0.897360 0.000005 0.000004 0.000001 0.000000 0.095211 0.007419 1.707955
0.897360 0.000003 0.000005 0.000001 0.000000 0.095211 0.007419 1.707957
0.897360 0.000003 0.000005 0.000002 0.000000 0.095211 0.007419 1.707957
0.897359 0.000004 0.000005 0.000002 0.000000 0.095211 0.007419 1.707957
0.897359 0.000004 0.000004 0.000003 0.000000 0.095211 0.007419 1.707958
0.897360 0.000003 0.000005 0.000003 0.000000 0.095211 0.007419 1.707959
0.897359 0.000003 0.000005 0.000003 0.000000 0.095211 0.007419 1.707959
0.897359 0.000002 0.000005 0.000003 0.000000 0.095212 0.007419 1.707960
0.897360 0.000002 0.000005 0.000003 0.000000 0.095211 0.007419 1.707960
0.897361 0.000001 0.000006 0.000001 0.000000 0.095212 0.007419 1.707961
0.897361 0.000001 0.000006 0.000001 0.000000 0.095212 0.007419 1.707961
0.897361 0.000001 0.000006 0.000001 0.000000 0.095212 0.007419 1.707961
0.897361 0.000002 0.000005 0.000001 0.000000 0.095212 0.007419 1.707961
0.897360 0.000003 0.000005 0.000001 0.000000 0.095213 0.007419 1.707961
0.897362 0.000003 0.000003 0.000001 0.000000 0.095211 0.007419 1.707961
0.897363 0.000003 0.000003 0.000001 0.000000 0.095211 0.007419 1.707961
0.897364 0.000001 0.000003 0.000001 0.000000 0.095211 0.007419 1.707962
0.897364 0.000001 0.000002 0.000001 0.000000 0.095212 0.007419 1.707962
0.897364 0.000002 0.000002 0.000001 0.000000 0.095211 0.007419 1.707962
0.897366 0.000001 0.000003 0.000001 0.000000 0.095210 0.007419 1.707963
0.897367 0.000001 0.000003 0.000001 0.000000 0.095209 0.007419 1.707963
0.897367 0.000001 0.000003 0.000001 0.000000 0.095209 0.007419 1.707963
0.897366 0.000001 0.000003 0.000001 0.000000 0.095210 0.007419 1.707964
0.897368 0.000000 0.000003 0.000001 0.000000 0.095208 0.007419 1.707964
0.897368 0.000000 0.000003 0.000001 0.000000 0.095208 0.007419 1.707964
0.897369 0.000000 0.000003 0.000001 0.000000 0.095207 0.007419 1.707964
0.897369 0.000000 0.000003 0.000001 0.000000 0.095208 0.007419 1.707965
0.897370 0.000000 0.000003 0.000001 0.000000 0.095206 0.007419 1.707965
0.897370 0.000000 0.000003 0.000001 0.000000 0.095208 0.007419 1.707965
0.897370 0.000000 0.000002 0.000001 0.000000 0.095208 0.007419 1.707965
0.897371 0.000000 0.000002 0.000000 0.000000 0.095208 0.007419 1.707965
0.897371 0.000000 0.000001 0.000000 0.000000 0.095208 0.007419 1.707965
0.897372 0.000000 0.000001 0.000000 0.000000 0.095208 0.007419 1.707965
0.897372 0.000000 0.000001 0.000000 0.000000 0.095207 0.007419 1.707965
0.897372 0.000000 0.000001 0.000000 0.000000 0.095208 0.007419 1.707965
0.897373 0.000000 0.000001 0.000000 0.000000 0.095207 0.007419 1.707965
0.897373 0.000000 0.000001 0.000000 0.000000 0.095206 0.007419 1.707965
0.897374 0.000000 0.000001 0.000000 0.000000 0.095206 0.007419 1.707965
0.897374 0.000000 0.000001 0.000000 0.000000 0.095205 0.007419 1.707965
0.897375 0.000000 0.000001 0.000000 0.000000 0.095205 0.007419 1.707965
0.897375 0.000000 0.000001 0.000000 0.000000 0.095204 0.007419 1.707965
0.897375 0.000000 0.000001 0.000000 0.000000 0.095205 0.007419 1.707965
0.897375 0.000000 0.000001 0.000000 0.000000 0.095205 0.007419 1.707965
0.897375 0.000000 0.000001 0.000000 0.000000 0.095204 0.007419 1.707965
0.897376 0.000000 0.000001 0.000000 0.000000 0.095204 0.007419 1.707965
0.897376 0.000000 0.000001 0.000000 0.000000 0.095203 0.007419 1.707965
0.897376 0.000001 0.000001 0.000000 0.000000 0.095203 0.007419 1.707965
0.897376 0.000001 0.000001 0.000000 0.000000 0.095203 0.007419 1.707965
0.897377 0.000001 0.000001 0.000000 0.000000 0.095202 0.007419 1.707965
0.897377 0.000000 0.000001 0.000000 0.000000 0.095202 0.007419 1.707965
0.897377 0.000000 0.000001 0.000000 0.000000 0.095202 0.007419 1.707965
0.897377 0.000000 0.000001 0.000000 0.000000 0.095202 0.007419 1.707965
0.897378 0.000000 0.000001 0.000000 0.000000 0.095202 0.007419 1.707965
0.897378 0.000000 0.000001 0.000000 0.000000 0.095201 0.007419 1.707965
0.897379 0.000000 0.000001 0.000000 0.000000 0.095200 0.007419 1.707965
0.897380 0.000000 0.000001 0.000000 0.000000 0.095199 0.007419 1.707965
0.897381 0.000000 0.000001 0.000000 0.000000 0.095199 0.007419 1.707965
0.897382 0.000000 0.000001 0.000000 0.000000 0.095198 0.007419 1.707965
0.897383 0.000000 0.000001 0.000000 0.000000 0.095197 0.007419 1.707965
0.897383 0.000000 0.000000 0.000000 0.000000 0.095198 0.007419 1.707965
0.897383 0.000000 0.000000 0.000000 0.000000 0.095197 0.007419 1.707965
0.897384 0.000000 0.000000 0.000000 0.000000 0.095196 0.007419 1.707965
0.897384 0.000000 0.000000 0.000000 0.000000 0.095196 0.007419 1.707965
0.897385 0.000000 0.000000 0.000000 0.000000 0.095195 0.007419 1.707965
0.897385 0.000000 0.000000 0.000000 0.000000 0.095195 0.007419 1.707965
0.897385 0.000000 0.000000 0.000000 0.000000 0.095195 0.007419 1.707965
0.897386 0.000000 0.000000 0.000000 0.000000 0.095194 0.007419 1.707965
0.897387 0.000000 0.000000 0.000000 0.000000 0.095194 0.007419 1.707965
0.897387 0.000000 0.000000 0.000000 0.000000 0.095194 0.007419 1.707966
0.897387 0.000000 0.000000 0.000000 0.000000 0.095193 0.007419 1.707966
0.897388 0.000000 0.000000 0.000000 0.000000 0.095193 0.007419 1.707966
0.897388 0.000000 0.000000 0.000000 0.000000 0.095192 0.007419 1.707966
0.897389 0.000000 0.000000 0.000000 0.000000 0.095191 0.007419 1.707966
0.897390 0.000000 0.000000 0.000000 0.000000 0.095191 0.007419 1.707966
0.897390 0.000000 0.000000 0.000000 0.000000 0.095190 0.007419 1.707966
0.897391 0.000000 0.000000 0.000000 0.000000 0.095190 0.007419 1.707966
0.897391 0.000000 0.000000 0.000000 0.000000 0.095189 0.007419 1.707966
0.897391 0.000000 0.000000 0.000000 0.000000 0.095190 0.007419 1.707966
0.897391 0.000000 0.000000 0.000000 0.000000 0.095190 0.007419 1.707966
0.897391 0.000000 0.000000 0.000000 0.000000 0.095190 0.007419 1.707966
0.897391 0.000000 0.000000 0.000000 0.000000 0.095190 0.007419 1.707966
0.897391 0.000000 0.000000 0.000000 0.000000 0.095190 0.007419 1.707966
0.897391 0.000000 0.000000 0.000000 0.000000 0.095190 0.007419 1.707966
0.897391 0.000000 0.000000 0.000000 0.000000 0.095190 0.007419 1.707966
0.897391 0.000000 0.000000 0.000000 0.000000 0.095190 0.007419 1.707966
0.897391 0.000000 0.000000 0.000000 0.000000 0.095190 0.007419 1.707966
0.897391 0.000000 0.000000 0.000000 0.000000 0.095190 0.007419 1.707966
0.897391 0.000000 0.000000 0.000000 0.000000 0.095190 0.007419 1.707966
0.897391 0.000000 0.000000 0.000000 0.000000 0.095190 0.007419 1.707966
0.897391 0.000000 0.000000 0.000000 0.000000 0.095190 0.007419 1.707966
0.897391 0.000000 0.000000 0.000000 0.000000 0.095190 0.007419 1.707966
0.897391 0.000000 0.000000 0.000000 0.000000 0.095190 0.007419 1.707966
0.897391 0.000000 0.000000 0.000000 0.000000 0.095190 0.007419 1.707966
0.897391 0.000000 0.000000 0.000000 0.000000 0.095190 0.007419 1.707966
0.897391 0.000000 0.000000 0.000000 0.000000 0.095190 0.007419 1.707966
0.897391 0.000000 0.000000 0.000000 0.000000 0.095190 0.007419 1.707966
0.897391 0.000000 0.000000 0.000000 0.000000 0.095190 0.007419 1.707966
0.897391 0.000000 0.000000 0.000000 0.000000 0.095190 0.007419 1.707966
0.897391 0.000000 0.000000 0.000000 0.000000 0.095190 0.007419 1.707966
0.897391 0.000000 0.000000 0.000000 0.000000 0.095190 0.007419 1.707966
0.897391 0.000000 0.000000 0.000000 0.000000 0.095190 0.007419 1.707966
0.897391 0.000000 0.000000 0.000000 0.000000 0.095190 0.007419 1.707966
0.897391 0.000000 0.000000 0.000000 0.000000 0.095190 0.007419 1.707966
0.897391 0.000000 0.000000 0.000000 0.000000 0.095190 0.007419 1.707966
0.897391 0.000000 0.000000 0.000000 0.000000 0.095190 0.007419 1.707966
0.897391 0.000000 0.000000 0.000000 0.000000 0.095190 0.007419 1.707966
0.897391 0.000000 0.000000 0.000000 0.000000 0.095190 0.007419 1.707966
0.897391 0.000000 0.000000 0.000000 0.000000 0.095190 0.007419 1.707966
0.897391 0.000000 0.000000 0.000000 0.000000 0.095190 0.007419 1.707966
0.897391 0.000000 0.000000 0.000000 0.000000 0.095190 0.007419 1.707966
0.897391 0.000000 0.000000 0.000000 0.000000 0.095190 0.007419 1.707966
0.897391 0.000000 0.000000 0.000000 0.000000 0.095190 0.007419 1.707966
0.897391 0.000000 0.000000 0.000000 0.000000 0.095190 0.007419 1.707966
0.897391 0.000000 0.000000 0.000000 0.000000 0.095190 0.007419 1.707966
0.897391 0.000000 0.000000 0.000000 0.000000 0.095190 0.007419 1.707966
0.897391 0.000000 0.000000 0.000000 0.000000 0.095190 0.007419 1.707966
0.897391 0.000000 0.000000 0.000000 0.000000 0.095190 0.007419 1.707966
0.897391 0.000000 0.000000 0.000000 0.000000 0.095190 0.007419 1.707966
0.897391 0.000000 0.000000 0.000000 0.000000 0.095190 0.007419 1.707966
0.897391 0.000000 0.000000 0.000000 0.000000 0.095190 0.007419 1.707966
0.897391 0.000000 0.000000 0.000000 0.000000 0.095190 0.007419 1.707966
0.897391 0.000000 0.000000 0.000000 0.000000 0.095190 0.007419 1.707966
0.897391 0.000000 0.000000 0.000000 0.000000 0.095190 0.007419 1.707966
0.897391 0.000000 0.000000 0.000000 0.000000 0.095190 0.007419 1.707966
0.897391 0.000000 0.000000 0.000000 0.000000 0.095190 0.007419 1.707966
0.897391 0.000000 0.000000 0.000000 0.000000 0.095190 0.007419 1.707966
0.897391 0.000000 0.000000 0.000000 0.000000 0.095190 0.007419 1.707966
0.897391 0.000000 0.000000 0.000000 0.000000 0.095190 0.007419 1.707966
0.897391 0.000000 0.000000 0.000000 0.000000 0.095190 0.007419 1.707966
0.897391 0.000000 0.000000 0.000000 0.000000 0.095190 0.007419 1.707966
0.897391 0.000000 0.000000 0.000000 0.000000 0.095190 0.007419 1.707966
0.897391 0.000000 0.000000 0.000000 0.000000 0.095190 0.007419 1.707966
0.897391 0.000000 0.000000 0.000000 0.000000 0.095190 0.007419 1.707966
0.897391 0.000000 0.000000 0.000000 0.000000 0.095190 0.007419 1.707966
0.897391 0.000000 0.000000 0.000000 0.000000 0.095190 0.007419 1.707966
0.897391 0.000000 0.000000 0.000000 0.000000 0.095190 0.007419 1.707966
0.897391 0.000000 0.000000 0.000000 0.000000 0.095190 0.007419 1.707966
0.897391 0.000000 0.000000 0.000000 0.000000 0.095190 0.007419 1.707966
0.897391 0.000000 0.000000 0.000000 0.000000 0.095190 0.007419 1.707966
0.897391 0.000000 0.000000 0.000000 0.000000 0.095190 0.007419 1.707966
0.897391 0.000000 0.000000 0.000000 0.000000 0.095190 0.007419 1.707966
0.897391 0.000000 0.000000 0.000000 0.000000 0.095190 0.007419 1.707966
0.897391 0.000000 0.000000 0.000000 0.000000 0.095190 0.007419 1.707966
0.897391 0.000000 0.000000 0.000000 0.000000 0.095190 0.007419 1.707966
0.897391 0.000000 0.000000 0.000000 0.000000 0.095190 0.007419 1.707966
0.897391 0.000000 0.000000 0.000000 0.000000 0.095190 0.007419 1.707966
0.897391 0.000000 0.000000 0.000000 0.000000 0.095190 0.007419 1.707966
0.897391 0.000000 0.000000 0.000000 0.000000 0.095190 0.007419 1.707966
0.897391 0.000000 0.000000 0.000000 0.000000 0.095190 0.007419 1.707966
0.897391 0.000000 0.000000 0.000000 0.000000 0.095190 0.007419 1.707966
0.897391 0.000000 0.000000 0.000000 0.000000 0.095190 0.007419 1.707966
0.897391 0.000000 0.000000 0.000000 0.000000 0.095190 0.007419 1.707966
0.897391 0.000000 0.000000 0.000000 0.000000 0.095190 0.007419 1.707966
0.897391 0.000000 0.000000 0.000000 0.000000 0.095190 0.007419 1.707966
0.897391 0.000000 0.000000 0.000000 0.000000 0.095190 0.007419 1.707966
0.897391 0.000000 0.000000 0.000000 0.000000 0.095190 0.007419 1.707966
0.897391 0.000000 0.000000 0.000000 0.000000 0.095190 0.007419 1.707966
0.897391 0.000000 0.000000 0.000000 0.000000 0.095190 0.007419 1.707966
0.897391 0.000000 0.000000 0.000000 0.000000 0.095190 0.007419 1.707966
0.897391 0.000000 0.000000 0.000000 0.000000 0.095190 0.007419 1.707966
0.897391 0.000000 0.000000 0.000000 0.000000 0.095190 0.007419 1.707966
0.897391 0.000000 0.000000 0.000000 0.000000 0.095190 0.007419 1.707966
0.897391 0.000000 0.000000 0.000000 0.000000 0.095190 0.007419 1.707966
0.897391 0.000000 0.000000 0.000000 0.000000 0.095190 0.007419 1.707966
0.897391 0.000000 0.000000 0.000000 0.000000 0.095190 0.007419 1.707966
0.897391 0.000000 0.000000 0.000000 0.000000 0.095190 0.007419 1.707966
0.897391 0.000000 0.000000 0.000000 0.000000 0.095190 0.007419 1.707966
0.897391 0.000000 0.000000 0.000000 0.000000 0.095190 0.007419 1.707966
0.897391 0.000000 0.000000 0.000000 0.000000 0.095190 0.007419 1.707966
0.897391 0.000000 0.000000 0.000000 0.000000 0.095190 0.007419 1.707966
0.897391 0.000000 0.000000 0.000000 0.000000 0.095190 0.007419 1.707966
0.897391 0.000000 0.000000 0.000000 0.000000 0.095190 0.007419 1.707966
0.897391 0.000000 0.000000 0.000000 0.000000 0.095190 0.007419 1.707966
0.897391 0.000000 0.000000 0.000000 0.000000 0.095190 0.007419 1.707966
0.897391 0.000000 0.000000 0.000000 0.000000 0.095190 0.007419 1.707966
0.897391 0.000000 0.000000 0.000000 0.000000 0.095190 0.007419 1.707966
0.897391 0.000000 0.000000 0.000000 0.000000 0.095190 0.007419 1.707966
0.897391 0.000000 0.000000 0.000000 0.000000 0.095190 0.007419 1.707966
0.897391 0.000000 0.000000 0.000000 0.000000 0.095190 0.007419 1.707966
0.897391 0.000000 0.000000 0.000000 0.000000 0.095190 0.007419 1.707966
0.897391 0.000000 0.000000 0.000000 0.000000 0.095190 0.007419 1.707966
0.897391 0.000000 0.000000 0.000000 0.000000 0.095190 0.007419 1.707966
0.897391 0.000000 0.000000 0.000000 0.000000 0.095190 0.007419 1.707966
0.897391 0.000000 0.000000 0.000000 0.000000 0.095190 0.007419 1.707966
0.897391 0.000000 0.000000 0.000000 0.000000 0.095190 0.007419 1.707966
0.897391 0.000000 0.000000 0.000000 0.000000 0.095190 0.007419 1.707966
0.897391 0.000000 0.000000 0.000000 0.000000 0.095190 0.007419 1.707966
0.897391 0.000000 0.000000 0.000000 0.000000 0.095190 0.007419 1.707966
0.897391 0.000000 0.000000 0.000000 0.000000 0.095190 0.007419 1.707966
0.897391 0.000000 0.000000 0.000000 0.000000 0.095190 0.007419 1.707966
0.897391 0.000000 0.000000 0.000000 0.000000 0.095190 0.007419 1.707966
