0.347184 0.061972 0.055568 0.032019 0.002043 0.495244 0.005971 1.620469
0.349364 0.060005 0.055441 0.031823 0.002056 0.495313 0.005999 1.626434
0.352045 0.057624 0.055206 0.031675 0.002062 0.495363 0.006026 1.632245
0.355230 0.055204 0.054780 0.031334 0.002069 0.495337 0.006048 1.637699
0.358726 0.052759 0.054204 0.030996 0.002069 0.495173 0.006075 1.642923
0.362411 0.050301 0.053658 0.030515 0.002059 0.494957 0.006099 1.647920
0.366250 0.047898 0.052976 0.030129 0.002067 0.494559 0.006123 1.652742
0.370135 0.045537 0.052209 0.029635 0.002058 0.494279 0.006147 1.657360
0.374147 0.043487 0.051181 0.029077 0.002053 0.493880 0.006177 1.661561
0.378397 0.041422 0.050256 0.028448 0.002038 0.493232 0.006208 1.665621
0.382577 0.039465 0.049311 0.027771 0.002028 0.492614 0.006233 1.669538
0.386953 0.037490 0.048279 0.027123 0.002012 0.491882 0.006260 1.673299
0.391355 0.035728 0.047113 0.026457 0.002012 0.491045 0.006291 1.676824
0.395767 0.034069 0.046002 0.025738 0.001999 0.490105 0.006319 1.680182
0.400252 0.032374 0.044837 0.025057 0.001989 0.489140 0.006351 1.683455
0.404822 0.030762 0.043695 0.024408 0.001990 0.487951 0.006372 1.686580
0.409358 0.029377 0.042474 0.023730 0.001957 0.486698 0.006406 1.689479
0.413990 0.027998 0.041291 0.023093 0.001938 0.485257 0.006434 1.692305
0.418720 0.026678 0.040121 0.022420 0.001932 0.483675 0.006455 1.695018
0.423350 0.025363 0.039002 0.021803 0.001925 0.482080 0.006478 1.697688
0.428078 0.024234 0.037861 0.021088 0.001889 0.480345 0.006505 1.700086
0.432870 0.023141 0.036711 0.020414 0.001887 0.478449 0.006529 1.702424
0.437605 0.022125 0.035631 0.019716 0.001873 0.476500 0.006551 1.704652
0.442472 0.021115 0.034513 0.019045 0.001857 0.474421 0.006578 1.706799
0.447376 0.020238 0.033422 0.018435 0.001835 0.472090 0.006604 1.708823
0.452049 0.019415 0.032341 0.017818 0.001810 0.469942 0.006625 1.710770
0.456784 0.018583 0.031315 0.017238 0.001784 0.467643 0.006653 1.712662
0.461625 0.017851 0.030259 0.016618 0.001759 0.465211 0.006678 1.714427
0.466339 0.017139 0.029242 0.016083 0.001746 0.462754 0.006699 1.716169
0.471165 0.016487 0.028211 0.015512 0.001710 0.460186 0.006728 1.717795
0.475938 0.015878 0.027240 0.014961 0.001691 0.457539 0.006753 1.719350
0.480774 0.015307 0.026251 0.014457 0.001667 0.454766 0.006777 1.720847
0.485566 0.014727 0.025362 0.013938 0.001631 0.451971 0.006804 1.722305
0.490349 0.014200 0.024459 0.013482 0.001606 0.449077 0.006827 1.723688
0.495030 0.013680 0.023653 0.013012 0.001584 0.446191 0.006849 1.725087
0.499712 0.013217 0.022880 0.012545 0.001558 0.443212 0.006876 1.726410
0.504374 0.012767 0.022133 0.012092 0.001524 0.440214 0.006896 1.727674
0.509099 0.012338 0.021400 0.011697 0.001504 0.437049 0.006913 1.728905
0.513788 0.011992 0.020657 0.011325 0.001479 0.433827 0.006933 1.730051
0.518461 0.011595 0.020010 0.010923 0.001453 0.430605 0.006954 1.731253
0.523007 0.011247 0.019347 0.010529 0.001424 0.427476 0.006971 1.732392
0.527591 0.010902 0.018644 0.010191 0.001387 0.424293 0.006993 1.733472
0.532159 0.010559 0.018031 0.009807 0.001366 0.421067 0.007011 1.734520
0.536656 0.010266 0.017445 0.009480 0.001347 0.417781 0.007024 1.735547
0.541213 0.009962 0.016870 0.009180 0.001327 0.414407 0.007040 1.736561
0.545708 0.009667 0.016331 0.008906 0.001297 0.411029 0.007062 1.737532
0.550128 0.009398 0.015761 0.008585 0.001268 0.407780 0.007079 1.738461
0.554444 0.009128 0.015257 0.008283 0.001246 0.404546 0.007096 1.739381
0.558867 0.008868 0.014771 0.007974 0.001220 0.401193 0.007107 1.740259
0.563228 0.008627 0.014317 0.007720 0.001191 0.397793 0.007124 1.741153
0.567481 0.008415 0.013867 0.007490 0.001174 0.394431 0.007141 1.742001
0.571852 0.008208 0.013389 0.007266 0.001158 0.390975 0.007150 1.742807
0.576083 0.008012 0.012943 0.007038 0.001138 0.387624 0.007162 1.743599
0.580319 0.007812 0.012519 0.006857 0.001110 0.384201 0.007180 1.744389
0.584491 0.007651 0.012150 0.006667 0.001081 0.380770 0.007191 1.745145
0.588643 0.007460 0.011796 0.006460 0.001053 0.377378 0.007211 1.745895
0.592779 0.007268 0.011471 0.006261 0.001016 0.373977 0.007228 1.746632
0.596860 0.007099 0.011123 0.006065 0.001008 0.370605 0.007240 1.747368
0.600930 0.006960 0.010751 0.005893 0.000986 0.367230 0.007252 1.748039
0.604935 0.006809 0.010462 0.005708 0.000969 0.363855 0.007262 1.748727
0.609009 0.006676 0.010131 0.005518 0.000949 0.360442 0.007274 1.749373
0.613043 0.006534 0.009828 0.005359 0.000931 0.357018 0.007288 1.750036
0.616950 0.006446 0.009546 0.005195 0.000915 0.353647 0.007300 1.750646
0.620842 0.006334 0.009260 0.005056 0.000897 0.350303 0.007309 1.751261
0.624696 0.006217 0.009037 0.004915 0.000874 0.346942 0.007320 1.751889
0.628513 0.006088 0.008811 0.004757 0.000856 0.343650 0.007326 1.752496
0.632305 0.005982 0.008567 0.004642 0.000835 0.340329 0.007341 1.753115
0.636014 0.005905 0.008342 0.004545 0.000810 0.337029 0.007355 1.753670
0.639759 0.005787 0.008132 0.004424 0.000790 0.333742 0.007365 1.754260
0.643455 0.005669 0.007944 0.004319 0.000772 0.330461 0.007380 1.754853
0.647177 0.005562 0.007745 0.004190 0.000754 0.327183 0.007389 1.755407
0.650793 0.005477 0.007576 0.004059 0.000738 0.323959 0.007398 1.755950
0.654346 0.005367 0.007392 0.003933 0.000722 0.320831 0.007409 1.756479
0.657926 0.005262 0.007198 0.003849 0.000704 0.317644 0.007417 1.757025
0.661421 0.005180 0.007014 0.003748 0.000692 0.314523 0.007424 1.757519
0.664849 0.005104 0.006883 0.003679 0.000677 0.311377 0.007431 1.758026
0.668276 0.005044 0.006729 0.003572 0.000665 0.308277 0.007437 1.758510
0.671699 0.004964 0.006558 0.003510 0.000644 0.305178 0.007446 1.759015
0.675113 0.004860 0.006432 0.003436 0.000632 0.302074 0.007453 1.759524
0.678447 0.004803 0.006242 0.003361 0.000616 0.299068 0.007462 1.759984
0.681753 0.004729 0.006115 0.003293 0.000604 0.296039 0.007466 1.760486
0.685053 0.004691 0.006006 0.003195 0.000586 0.292995 0.007473 1.760945
0.688278 0.004646 0.005877 0.003118 0.000574 0.290025 0.007482 1.761407
0.691469 0.004650 0.005732 0.003036 0.000566 0.287056 0.007490 1.761822
0.694659 0.004585 0.005646 0.002973 0.000551 0.284089 0.007497 1.762298
0.697785 0.004573 0.005503 0.002927 0.000537 0.281172 0.007504 1.762716
0.700809 0.004552 0.005412 0.002878 0.000522 0.278314 0.007512 1.763173
0.703824 0.004504 0.005313 0.002834 0.000512 0.275496 0.007518 1.763610
0.706801 0.004468 0.005228 0.002777 0.000499 0.272703 0.007524 1.764057
0.709819 0.004437 0.005151 0.002718 0.000489 0.269854 0.007531 1.764494
0.712749 0.004407 0.005083 0.002665 0.000477 0.267082 0.007538 1.764920
0.715685 0.004389 0.005027 0.002641 0.000467 0.264246 0.007545 1.765353
0.718480 0.004359 0.004955 0.002595 0.000455 0.261604 0.007553 1.765783
0.721394 0.004325 0.004913 0.002553 0.000451 0.258805 0.007559 1.766215
0.724215 0.004259 0.004870 0.002518 0.000441 0.256133 0.007565 1.766669
0.727061 0.004240 0.004791 0.002488 0.000434 0.253417 0.007570 1.767094
0.729797 0.004214 0.004714 0.002461 0.000424 0.250814 0.007576 1.767508
0.732479 0.004195 0.004657 0.002427 0.000412 0.248250 0.007581 1.767923
0.735149 0.004205 0.004586 0.002398 0.000402 0.245671 0.007588 1.768322
0.737855 0.004162 0.004543 0.002373 0.000393 0.243081 0.007593 1.768739
0.740509 0.004131 0.004490 0.002324 0.000378 0.240567 0.007601 1.769145
0.743172 0.004089 0.004453 0.002306 0.000374 0.238000 0.007607 1.769567
0.745669 0.004109 0.004369 0.002267 0.000364 0.235609 0.007611 1.769938
0.748252 0.004120 0.004328 0.002226 0.000358 0.233100 0.007617 1.770321
0.750789 0.004100 0.004280 0.002220 0.000350 0.230638 0.007623 1.770723
0.753295 0.004088 0.004219 0.002198 0.000345 0.228229 0.007625 1.771119
0.755769 0.004063 0.004185 0.002166 0.000339 0.225849 0.007628 1.771533
0.758186 0.004005 0.004157 0.002163 0.000331 0.223526 0.007633 1.771949
0.760561 0.004014 0.004096 0.002141 0.000322 0.221230 0.007637 1.772327
0.762957 0.004002 0.004078 0.002118 0.000311 0.218891 0.007642 1.772725
0.765304 0.004002 0.004040 0.002085 0.000312 0.216612 0.007645 1.773096
0.767668 0.003969 0.004002 0.002074 0.000303 0.214334 0.007649 1.773489
0.769942 0.003959 0.003994 0.002065 0.000299 0.212088 0.007653 1.773891
0.772175 0.003931 0.003963 0.002063 0.000293 0.209920 0.007656 1.774286
0.774466 0.003910 0.003931 0.002081 0.000287 0.207667 0.007659 1.774683
0.776693 0.003897 0.003885 0.002050 0.000281 0.205531 0.007663 1.775045
0.778829 0.003890 0.003880 0.002034 0.000281 0.203421 0.007665 1.775422
0.780988 0.003852 0.003837 0.002036 0.000276 0.201342 0.007669 1.775813
0.783084 0.003881 0.003814 0.002023 0.000273 0.199254 0.007672 1.776182
0.785204 0.003867 0.003814 0.002010 0.000265 0.197163 0.007676 1.776569
0.787216 0.003903 0.003802 0.002004 0.000263 0.195134 0.007680 1.776952
0.789206 0.003934 0.003794 0.001994 0.000257 0.193133 0.007682 1.777342
0.791235 0.003979 0.003749 0.001969 0.000249 0.191135 0.007685 1.777694
0.793239 0.003981 0.003765 0.001985 0.000242 0.189099 0.007690 1.778092
0.795132 0.004017 0.003754 0.001977 0.000238 0.187191 0.007692 1.778491
0.797037 0.004060 0.003731 0.001953 0.000239 0.185285 0.007694 1.778855
0.798934 0.004053 0.003743 0.001940 0.000236 0.183398 0.007697 1.779263
0.800790 0.004049 0.003741 0.001949 0.000233 0.181537 0.007700 1.779671
0.802645 0.004054 0.003749 0.001942 0.000231 0.179676 0.007704 1.780083
0.804506 0.004046 0.003753 0.001956 0.000230 0.177802 0.007706 1.780496
0.806289 0.004076 0.003759 0.001951 0.000226 0.175991 0.007709 1.780895
0.808051 0.004093 0.003738 0.001937 0.000225 0.174245 0.007711 1.781288
0.809764 0.004148 0.003733 0.001920 0.000219 0.172502 0.007713 1.781671
0.811523 0.004175 0.003704 0.001913 0.000207 0.170760 0.007718 1.782064
0.813161 0.004217 0.003705 0.001910 0.000204 0.169083 0.007720 1.782477
0.814799 0.004251 0.003729 0.001917 0.000198 0.167383 0.007723 1.782889
0.816396 0.004269 0.003723 0.001919 0.000192 0.165775 0.007726 1.783294
0.818040 0.004328 0.003739 0.001923 0.000190 0.164051 0.007729 1.783702
0.819734 0.004325 0.003748 0.001921 0.000184 0.162357 0.007732 1.784118
0.821361 0.004308 0.003745 0.001950 0.000177 0.160724 0.007735 1.784552
0.822959 0.004348 0.003748 0.001954 0.000176 0.159077 0.007739 1.784956
0.824491 0.004391 0.003739 0.001945 0.000174 0.157518 0.007744 1.785364
0.825981 0.004384 0.003768 0.001965 0.000172 0.155984 0.007747 1.785816
0.827454 0.004411 0.003790 0.001973 0.000174 0.154452 0.007749 1.786257
0.828902 0.004423 0.003811 0.002002 0.000170 0.152943 0.007751 1.786715
0.830311 0.004462 0.003817 0.002000 0.000170 0.151487 0.007754 1.787141
0.831769 0.004488 0.003849 0.002015 0.000170 0.149953 0.007756 1.787582
0.833153 0.004514 0.003857 0.002018 0.000169 0.148531 0.007758 1.788025
0.834555 0.004543 0.003869 0.002031 0.000169 0.147075 0.007758 1.788452
0.835946 0.004566 0.003890 0.002033 0.000166 0.145641 0.007759 1.788892
0.837248 0.004610 0.003910 0.002051 0.000169 0.144252 0.007759 1.789339
0.838613 0.004612 0.003930 0.002055 0.000166 0.142863 0.007761 1.789791
0.839857 0.004621 0.003959 0.002070 0.000166 0.141563 0.007764 1.790266
0.841203 0.004658 0.003977 0.002078 0.000165 0.140154 0.007766 1.790716
0.842454 0.004694 0.003971 0.002082 0.000161 0.138870 0.007769 1.791164
0.843700 0.004713 0.003960 0.002100 0.000158 0.137596 0.007772 1.791625
0.844932 0.004732 0.003974 0.002120 0.000161 0.136306 0.007775 1.792099
0.846148 0.004768 0.003971 0.002130 0.000158 0.135047 0.007777 1.792554
0.847306 0.004795 0.003990 0.002136 0.000156 0.133835 0.007782 1.793012
0.848453 0.004810 0.004000 0.002142 0.000158 0.132655 0.007783 1.793479
0.849548 0.004875 0.004020 0.002142 0.000157 0.131473 0.007785 1.793951
0.850695 0.004887 0.004066 0.002161 0.000157 0.130249 0.007786 1.794458
0.851757 0.004936 0.004080 0.002162 0.000157 0.129121 0.007788 1.794931
0.852779 0.004983 0.004103 0.002188 0.000152 0.128006 0.007790 1.795415
0.853806 0.005033 0.004108 0.002220 0.000149 0.126893 0.007791 1.795914
0.854872 0.005075 0.004151 0.002216 0.000148 0.125743 0.007794 1.796399
0.855890 0.005147 0.004160 0.002231 0.000149 0.124630 0.007794 1.796891
0.856890 0.005227 0.004189 0.002251 0.000144 0.123501 0.007797 1.797381
0.857884 0.005292 0.004213 0.002267 0.000145 0.122403 0.007797 1.797885
0.858812 0.005367 0.004263 0.002263 0.000144 0.121353 0.007798 1.798392
0.859777 0.005359 0.004301 0.002304 0.000144 0.120314 0.007801 1.798948
0.860675 0.005361 0.004367 0.002333 0.000146 0.119315 0.007802 1.799506
0.861556 0.005413 0.004405 0.002335 0.000145 0.118340 0.007805 1.800036
0.862426 0.005470 0.004453 0.002313 0.000145 0.117387 0.007806 1.800560
0.863297 0.005498 0.004499 0.002317 0.000145 0.116435 0.007810 1.801106
0.864169 0.005514 0.004552 0.002339 0.000148 0.115464 0.007813 1.801658
0.865000 0.005577 0.004566 0.002366 0.000143 0.114531 0.007816 1.802200
0.865826 0.005668 0.004580 0.002361 0.000144 0.113604 0.007817 1.802731
0.866619 0.005732 0.004644 0.002385 0.000145 0.112657 0.007819 1.803307
0.867409 0.005775 0.004694 0.002418 0.000146 0.111739 0.007822 1.803886
0.868201 0.005861 0.004716 0.002441 0.000148 0.110809 0.007823 1.804451
0.868938 0.005920 0.004787 0.002460 0.000146 0.109923 0.007826 1.805031
0.869656 0.006006 0.004811 0.002488 0.000149 0.109062 0.007828 1.805608
0.870414 0.006050 0.004840 0.002514 0.000146 0.108206 0.007830 1.806197
0.871151 0.006113 0.004869 0.002528 0.000146 0.107362 0.007832 1.806772
0.871826 0.006147 0.004921 0.002568 0.000148 0.106557 0.007833 1.807379
0.872534 0.006184 0.004953 0.002624 0.000147 0.105723 0.007835 1.808005
0.873168 0.006212 0.005043 0.002645 0.000150 0.104946 0.007837 1.808644
0.873777 0.006253 0.005093 0.002672 0.000152 0.104212 0.007842 1.809275
0.874408 0.006308 0.005134 0.002703 0.000157 0.103447 0.007844 1.809901
0.874947 0.006407 0.005184 0.002694 0.000161 0.102762 0.007845 1.810490
0.875536 0.006480 0.005206 0.002732 0.000161 0.102037 0.007846 1.811111
0.876148 0.006510 0.005251 0.002785 0.000162 0.101298 0.007847 1.811772
0.876744 0.006563 0.005282 0.002817 0.000167 0.100578 0.007850 1.812401
0.877268 0.006646 0.005329 0.002835 0.000173 0.099899 0.007850 1.813052
0.877781 0.006701 0.005347 0.002859 0.000171 0.099288 0.007852 1.813702
0.878303 0.006789 0.005365 0.002865 0.000176 0.098651 0.007853 1.814332
0.878742 0.006896 0.005412 0.002903 0.000177 0.098015 0.007855 1.814992
0.879255 0.006934 0.005496 0.002945 0.000174 0.097340 0.007857 1.815699
0.879689 0.007050 0.005540 0.002990 0.000174 0.096697 0.007860 1.816372
0.880082 0.007169 0.005605 0.003016 0.000177 0.096089 0.007862 1.817062
0.880570 0.007251 0.005673 0.003022 0.000177 0.095442 0.007865 1.817736
0.880970 0.007337 0.005730 0.003056 0.000178 0.094861 0.007868 1.818450
0.881366 0.007428 0.005773 0.003080 0.000181 0.094303 0.007869 1.819151
0.881742 0.007483 0.005810 0.003110 0.000181 0.093801 0.007873 1.819864
0.882105 0.007551 0.005871 0.003131 0.000179 0.093288 0.007875 1.820584
0.882461 0.007612 0.005943 0.003155 0.000178 0.092775 0.007877 1.821329
0.882861 0.007669 0.006000 0.003190 0.000178 0.092223 0.007879 1.822084
0.883167 0.007723 0.006086 0.003222 0.000179 0.091742 0.007882 1.822857
0.883474 0.007758 0.006142 0.003264 0.000177 0.091302 0.007882 1.823639
0.883688 0.007869 0.006188 0.003286 0.000179 0.090908 0.007883 1.824399
0.883926 0.007994 0.006252 0.003317 0.000181 0.090444 0.007886 1.825179
0.884233 0.008077 0.006290 0.003344 0.000180 0.089988 0.007888 1.825973
0.884507 0.008185 0.006343 0.003395 0.000174 0.089507 0.007890 1.826746
0.884684 0.008333 0.006410 0.003405 0.000175 0.089100 0.007893 1.827523
0.884947 0.008403 0.006465 0.003438 0.000176 0.088678 0.007894 1.828329
0.885156 0.008452 0.006533 0.003482 0.000179 0.088302 0.007896 1.829168
0.885363 0.008533 0.006619 0.003504 0.000177 0.087904 0.007900 1.830002
0.885504 0.008622 0.006666 0.003553 0.000182 0.087570 0.007904 1.830829
0.885710 0.008687 0.006714 0.003601 0.000184 0.087199 0.007905 1.831649
0.885846 0.008770 0.006780 0.003648 0.000186 0.086863 0.007908 1.832520
0.886008 0.008788 0.006920 0.003671 0.000194 0.086510 0.007909 1.833420
0.886194 0.008838 0.006987 0.003722 0.000193 0.086155 0.007911 1.834294
0.886359 0.008870 0.007079 0.003771 0.000198 0.085810 0.007913 1.835189
0.886506 0.008968 0.007106 0.003801 0.000201 0.085504 0.007915 1.836037
0.886622 0.009030 0.007163 0.003829 0.000200 0.085239 0.007918 1.836912
0.886715 0.009098 0.007224 0.003868 0.000202 0.084974 0.007919 1.837799
0.886827 0.009150 0.007297 0.003889 0.000207 0.084709 0.007921 1.838706
0.886921 0.009214 0.007335 0.003932 0.000210 0.084467 0.007922 1.839598
0.887009 0.009231 0.007398 0.003997 0.000210 0.084232 0.007923 1.840530
0.887059 0.009306 0.007476 0.003997 0.000213 0.084024 0.007925 1.841458
0.887092 0.009404 0.007551 0.004056 0.000212 0.083757 0.007929 1.842380
0.887129 0.009483 0.007639 0.004083 0.000214 0.083521 0.007932 1.843307
0.887143 0.009555 0.007727 0.004099 0.000223 0.083320 0.007933 1.844248
0.887140 0.009676 0.007750 0.004148 0.000234 0.083115 0.007936 1.845158
0.887146 0.009798 0.007769 0.004197 0.000237 0.082917 0.007937 1.846071
0.887144 0.009873 0.007860 0.004197 0.000238 0.082748 0.007941 1.847024
0.887070 0.009959 0.007977 0.004233 0.000246 0.082574 0.007942 1.848024
0.887026 0.010089 0.008028 0.004248 0.000249 0.082415 0.007945 1.848970
0.886997 0.010181 0.008044 0.004270 0.000249 0.082310 0.007947 1.849927
0.886928 0.010262 0.008122 0.004311 0.000246 0.082181 0.007952 1.850935
0.886832 0.010335 0.008176 0.004360 0.000247 0.082097 0.007953 1.851946
0.886751 0.010423 0.008285 0.004393 0.000249 0.081944 0.007955 1.852972
0.886667 0.010478 0.008336 0.004413 0.000250 0.081896 0.007959 1.853996
0.886573 0.010570 0.008429 0.004439 0.000254 0.081774 0.007961 1.855013
0.886461 0.010622 0.008509 0.004495 0.000259 0.081692 0.007964 1.856062
0.886359 0.010661 0.008602 0.004538 0.000252 0.081619 0.007970 1.857107
0.886311 0.010705 0.008685 0.004559 0.000250 0.081516 0.007973 1.858146
0.886226 0.010806 0.008696 0.004580 0.000251 0.081466 0.007975 1.859149
0.886101 0.010889 0.008719 0.004613 0.000257 0.081444 0.007977 1.860194
0.885901 0.011000 0.008771 0.004688 0.000265 0.081396 0.007979 1.861286
0.885845 0.011056 0.008840 0.004729 0.000269 0.081282 0.007980 1.862327
0.885672 0.011184 0.008901 0.004750 0.000276 0.081231 0.007987 1.863373
0.885478 0.011264 0.009005 0.004767 0.000277 0.081219 0.007990 1.864480
0.885312 0.011335 0.009033 0.004776 0.000288 0.081263 0.007993 1.865575
0.885124 0.011446 0.009104 0.004824 0.000289 0.081218 0.007995 1.866666
0.884926 0.011524 0.009171 0.004873 0.000290 0.081217 0.008000 1.867772
0.884706 0.011670 0.009264 0.004904 0.000292 0.081159 0.008005 1.868861
0.884527 0.011763 0.009353 0.004953 0.000293 0.081103 0.008009 1.869975
0.884323 0.011807 0.009427 0.004991 0.000295 0.081145 0.008013 1.871118
0.884066 0.011898 0.009498 0.005045 0.000293 0.081184 0.008016 1.872296
0.883830 0.011999 0.009627 0.005089 0.000292 0.081142 0.008020 1.873489
0.883561 0.012072 0.009690 0.005146 0.000296 0.081209 0.008025 1.874698
0.883321 0.012171 0.009759 0.005190 0.000301 0.081230 0.008027 1.875853
0.883062 0.012245 0.009854 0.005248 0.000303 0.081257 0.008032 1.877044
0.882762 0.012338 0.009940 0.005296 0.000304 0.081328 0.008034 1.878248
0.882455 0.012469 0.010029 0.005315 0.000308 0.081385 0.008039 1.879428
0.882163 0.012579 0.010096 0.005366 0.000308 0.081444 0.008044 1.880635
0.881883 0.012680 0.010143 0.005425 0.000310 0.081513 0.008047 1.881871
0.881524 0.012762 0.010253 0.005457 0.000306 0.081644 0.008055 1.883133
0.881226 0.012855 0.010308 0.005513 0.000307 0.081733 0.008058 1.884375
0.880864 0.012937 0.010450 0.005568 0.000311 0.081809 0.008062 1.885649
0.880573 0.012959 0.010533 0.005615 0.000308 0.081945 0.008068 1.886928
0.880292 0.013024 0.010622 0.005645 0.000315 0.082031 0.008071 1.888196
0.879947 0.013121 0.010690 0.005666 0.000323 0.082181 0.008073 1.889449
0.879650 0.013126 0.010773 0.005698 0.000326 0.082350 0.008077 1.890749
0.879379 0.013171 0.010846 0.005725 0.000328 0.082470 0.008081 1.892042
0.879052 0.013286 0.010886 0.005750 0.000326 0.082613 0.008087 1.893300
0.878764 0.013333 0.010965 0.005806 0.000322 0.082720 0.008089 1.894595
0.878419 0.013380 0.011047 0.005846 0.000328 0.082889 0.008093 1.895899
0.878091 0.013404 0.011173 0.005913 0.000331 0.082990 0.008098 1.897237
0.877810 0.013457 0.011266 0.005936 0.000329 0.083101 0.008101 1.898545
0.877446 0.013501 0.011342 0.005960 0.000334 0.083312 0.008105 1.899895
0.877115 0.013582 0.011368 0.005972 0.000336 0.083519 0.008109 1.901193
0.876767 0.013577 0.011446 0.006016 0.000340 0.083739 0.008114 1.902578
0.876480 0.013603 0.011522 0.006044 0.000343 0.083892 0.008117 1.903908
0.876134 0.013674 0.011590 0.006066 0.000345 0.084071 0.008120 1.905237
0.875750 0.013739 0.011651 0.006082 0.000348 0.084306 0.008126 1.906598
0.875367 0.013801 0.011710 0.006117 0.000351 0.084524 0.008130 1.907939
0.875076 0.013829 0.011736 0.006144 0.000355 0.084725 0.008135 1.909286
0.874708 0.013881 0.011737 0.006161 0.000359 0.085012 0.008142 1.910635
0.874417 0.013898 0.011789 0.006201 0.000358 0.085193 0.008144 1.912010
0.874088 0.013909 0.011856 0.006230 0.000361 0.085406 0.008151 1.913391
0.873714 0.013917 0.011883 0.006303 0.000356 0.085670 0.008157 1.914790
0.873435 0.013951 0.011887 0.006323 0.000360 0.085883 0.008162 1.916123
0.873104 0.014033 0.011932 0.006342 0.000362 0.086062 0.008165 1.917454
0.872800 0.013986 0.011980 0.006376 0.000366 0.086323 0.008169 1.918856
0.872523 0.014023 0.011975 0.006366 0.000367 0.086573 0.008174 1.920175
0.872208 0.014058 0.012025 0.006410 0.000368 0.086750 0.008182 1.921544
0.871914 0.014039 0.012097 0.006424 0.000373 0.086968 0.008186 1.922944
0.871556 0.014055 0.012115 0.006461 0.000379 0.087244 0.008189 1.924354
0.871275 0.014030 0.012176 0.006506 0.000385 0.087433 0.008194 1.925751
0.870987 0.014043 0.012205 0.006538 0.000385 0.087646 0.008197 1.927116
0.870678 0.014058 0.012256 0.006564 0.000392 0.087851 0.008201 1.928527
0.870388 0.014050 0.012276 0.006586 0.000394 0.088102 0.008204 1.929928
0.870080 0.014084 0.012301 0.006594 0.000397 0.088338 0.008206 1.931297
0.869767 0.014181 0.012278 0.006560 0.000405 0.088598 0.008211 1.932627
0.869466 0.014156 0.012307 0.006577 0.000405 0.088875 0.008216 1.934028
0.869189 0.014147 0.012342 0.006588 0.000408 0.089105 0.008221 1.935418
0.868863 0.014158 0.012334 0.006589 0.000402 0.089427 0.008227 1.936805
0.868640 0.014094 0.012351 0.006622 0.000408 0.089653 0.008231 1.938223
0.868384 0.014100 0.012399 0.006645 0.000406 0.089831 0.008236 1.939606
0.868123 0.014098 0.012416 0.006681 0.000401 0.090038 0.008242 1.941004
0.867858 0.014110 0.012444 0.006695 0.000404 0.090243 0.008247 1.942377
0.867614 0.014111 0.012425 0.006693 0.000405 0.090500 0.008249 1.943750
0.867328 0.014147 0.012460 0.006642 0.000417 0.090751 0.008255 1.945119
0.866994 0.014192 0.012476 0.006675 0.000421 0.090982 0.008261 1.946508
0.866757 0.014158 0.012479 0.006667 0.000418 0.091254 0.008266 1.947892
0.866451 0.014178 0.012478 0.006665 0.000419 0.091536 0.008273 1.949301
0.866143 0.014187 0.012514 0.006703 0.000415 0.091757 0.008282 1.950742
0.865893 0.014175 0.012532 0.006681 0.000416 0.092014 0.008288 1.952139
0.865612 0.014267 0.012535 0.006661 0.000425 0.092212 0.008290 1.953500
0.865370 0.014222 0.012569 0.006665 0.000430 0.092446 0.008298 1.954929
0.865128 0.014236 0.012550 0.006652 0.000430 0.092700 0.008304 1.956300
0.864846 0.014276 0.012576 0.006622 0.000437 0.092934 0.008310 1.957677
0.864597 0.014364 0.012539 0.006653 0.000438 0.093093 0.008316 1.959029
0.864311 0.014426 0.012549 0.006666 0.000437 0.093290 0.008322 1.960427
0.864052 0.014438 0.012568 0.006643 0.000436 0.093537 0.008326 1.961825
0.863874 0.014419 0.012584 0.006644 0.000433 0.093713 0.008334 1.963207
0.863695 0.014326 0.012635 0.006642 0.000436 0.093928 0.008339 1.964655
0.863461 0.014281 0.012710 0.006681 0.000438 0.094088 0.008343 1.966100
0.863256 0.014259 0.012730 0.006674 0.000444 0.094290 0.008346 1.967497
0.863074 0.014224 0.012769 0.006668 0.000435 0.094478 0.008353 1.968906
0.862884 0.014203 0.012747 0.006675 0.000433 0.094699 0.008358 1.970268
0.862731 0.014170 0.012785 0.006665 0.000437 0.094851 0.008363 1.971667
0.862617 0.014105 0.012801 0.006668 0.000434 0.095008 0.008368 1.973074
0.862399 0.014150 0.012772 0.006607 0.000440 0.095260 0.008372 1.974397
0.862259 0.014104 0.012790 0.006588 0.000438 0.095443 0.008377 1.975781
0.862079 0.014090 0.012782 0.006563 0.000442 0.095661 0.008382 1.977169
0.861867 0.014077 0.012753 0.006539 0.000440 0.095939 0.008385 1.978538
0.861791 0.013976 0.012747 0.006563 0.000437 0.096096 0.008390 1.979929
0.861578 0.013960 0.012743 0.006591 0.000435 0.096296 0.008397 1.981327
0.861462 0.013933 0.012686 0.006585 0.000432 0.096501 0.008402 1.982677
0.861240 0.014022 0.012603 0.006587 0.000435 0.096705 0.008407 1.983988
0.861136 0.014014 0.012576 0.006511 0.000437 0.096912 0.008415 1.985319
0.860992 0.013951 0.012672 0.006527 0.000433 0.097007 0.008419 1.986727
0.860829 0.013929 0.012716 0.006514 0.000439 0.097148 0.008423 1.988097
0.860676 0.013932 0.012703 0.006518 0.000436 0.097307 0.008429 1.989458
0.860512 0.013954 0.012725 0.006505 0.000439 0.097432 0.008433 1.990790
0.860355 0.013896 0.012785 0.006495 0.000439 0.097594 0.008437 1.992197
0.860249 0.013864 0.012784 0.006476 0.000436 0.097746 0.008445 1.993548
0.860064 0.013889 0.012778 0.006456 0.000435 0.097930 0.008448 1.994922
0.859947 0.013902 0.012736 0.006467 0.000431 0.098063 0.008454 1.996273
0.859743 0.013954 0.012707 0.006449 0.000432 0.098255 0.008459 1.997611
0.859649 0.013894 0.012708 0.006482 0.000433 0.098371 0.008463 1.998977
0.859479 0.013925 0.012671 0.006470 0.000442 0.098544 0.008468 2.000310
0.859316 0.013919 0.012644 0.006502 0.000443 0.098705 0.008473 2.001688
0.859148 0.013877 0.012684 0.006512 0.000437 0.098865 0.008478 2.003091
0.859023 0.013855 0.012694 0.006499 0.000436 0.099009 0.008484 2.004452
0.858903 0.013882 0.012643 0.006496 0.000435 0.099149 0.008492 2.005787
0.858831 0.013839 0.012614 0.006499 0.000433 0.099284 0.008500 2.007174
0.858738 0.013816 0.012616 0.006514 0.000431 0.099379 0.008506 2.008524
0.858641 0.013805 0.012627 0.006485 0.000430 0.099502 0.008510 2.009877
0.858525 0.013819 0.012616 0.006448 0.000424 0.099651 0.008517 2.011210
0.858419 0.013766 0.012624 0.006456 0.000421 0.099791 0.008522 2.012579
0.858300 0.013781 0.012614 0.006440 0.000417 0.099918 0.008530 2.013921
0.858187 0.013791 0.012587 0.006436 0.000424 0.100041 0.008534 2.015263
0.858096 0.013763 0.012619 0.006420 0.000429 0.100138 0.008536 2.016625
0.858039 0.013732 0.012605 0.006433 0.000428 0.100220 0.008543 2.017985
0.857966 0.013697 0.012562 0.006459 0.000433 0.100337 0.008546 2.019321
0.857968 0.013665 0.012546 0.006472 0.000431 0.100367 0.008551 2.020640
0.857900 0.013588 0.012563 0.006505 0.000426 0.100459 0.008558 2.022010
0.857800 0.013593 0.012528 0.006498 0.000431 0.100583 0.008567 2.023347
0.857779 0.013511 0.012517 0.006439 0.000430 0.100752 0.008572 2.024704
0.857731 0.013493 0.012462 0.006443 0.000426 0.100865 0.008580 2.026022
0.857729 0.013454 0.012416 0.006443 0.000435 0.100938 0.008585 2.027331
0.857718 0.013387 0.012415 0.006449 0.000434 0.101007 0.008591 2.028692
0.857761 0.013373 0.012414 0.006408 0.000437 0.101008 0.008600 2.029980
0.857682 0.013334 0.012401 0.006426 0.000435 0.101113 0.008609 2.031292
0.857646 0.013317 0.012364 0.006419 0.000435 0.101206 0.008615 2.032613
0.857636 0.013312 0.012322 0.006391 0.000434 0.101282 0.008622 2.033896
0.857634 0.013298 0.012332 0.006367 0.000434 0.101308 0.008626 2.035179
0.857601 0.013313 0.012306 0.006341 0.000424 0.101382 0.008633 2.036481
0.857546 0.013330 0.012333 0.006321 0.000423 0.101406 0.008640 2.037806
0.857530 0.013295 0.012337 0.006339 0.000419 0.101437 0.008644 2.039133
0.857473 0.013305 0.012306 0.006348 0.000422 0.101498 0.008648 2.040431
0.857514 0.013261 0.012276 0.006347 0.000421 0.101524 0.008656 2.041738
0.857510 0.013239 0.012263 0.006354 0.000420 0.101550 0.008664 2.043040
0.857493 0.013171 0.012296 0.006328 0.000422 0.101622 0.008668 2.044358
0.857491 0.013102 0.012258 0.006322 0.000416 0.101738 0.008673 2.045671
0.857502 0.013068 0.012206 0.006308 0.000419 0.101816 0.008680 2.046941
0.857513 0.013071 0.012141 0.006281 0.000425 0.101886 0.008683 2.048204
0.857517 0.013063 0.012120 0.006283 0.000425 0.101906 0.008686 2.049483
0.857521 0.012983 0.012134 0.006298 0.000427 0.101941 0.008695 2.050805
0.857568 0.012931 0.012103 0.006299 0.000431 0.101970 0.008698 2.052076
0.857659 0.012857 0.012044 0.006288 0.000436 0.102014 0.008702 2.053346
0.857736 0.012824 0.011993 0.006287 0.000431 0.102022 0.008707 2.054585
0.857725 0.012742 0.012028 0.006263 0.000436 0.102094 0.008712 2.055887
0.857719 0.012745 0.011958 0.006243 0.000438 0.102181 0.008716 2.057137
0.857763 0.012724 0.011919 0.006244 0.000436 0.102192 0.008723 2.058379
0.857813 0.012715 0.011884 0.006249 0.000437 0.102176 0.008728 2.059627
0.857885 0.012736 0.011793 0.006209 0.000439 0.102202 0.008737 2.060834
0.857929 0.012681 0.011769 0.006219 0.000436 0.102224 0.008744 2.062092
0.857953 0.012661 0.011766 0.006211 0.000426 0.102233 0.008749 2.063357
0.858055 0.012619 0.011719 0.006188 0.000435 0.102230 0.008753 2.064596
0.858124 0.012595 0.011672 0.006187 0.000429 0.102234 0.008759 2.065819
0.858125 0.012574 0.011687 0.006176 0.000431 0.102243 0.008765 2.067065
0.858181 0.012501 0.011677 0.006179 0.000432 0.102262 0.008769 2.068340
0.858298 0.012449 0.011665 0.006189 0.000435 0.102192 0.008774 2.069574
0.858388 0.012447 0.011600 0.006141 0.000433 0.102216 0.008776 2.070748
0.858440 0.012476 0.011548 0.006125 0.000438 0.102195 0.008780 2.071959
0.858517 0.012423 0.011518 0.006105 0.000433 0.102219 0.008785 2.073167
0.858651 0.012389 0.011477 0.006099 0.000427 0.102167 0.008791 2.074386
0.858736 0.012375 0.011459 0.006038 0.000427 0.102168 0.008797 2.075595
0.858806 0.012344 0.011490 0.006021 0.000424 0.102114 0.008802 2.076811
0.858814 0.012368 0.011426 0.006002 0.000425 0.102154 0.008809 2.077994
0.858871 0.012339 0.011432 0.006007 0.000424 0.102111 0.008815 2.079198
0.858976 0.012272 0.011468 0.005991 0.000427 0.102047 0.008818 2.080435
0.859070 0.012183 0.011497 0.005961 0.000426 0.102037 0.008825 2.081703
0.859167 0.012195 0.011462 0.005955 0.000428 0.101962 0.008829 2.082886
0.859265 0.012177 0.011426 0.005900 0.000426 0.101969 0.008836 2.084057
0.859298 0.012124 0.011399 0.005934 0.000427 0.101977 0.008841 2.085294
0.859432 0.012075 0.011388 0.005933 0.000422 0.101901 0.008848 2.086500
0.859529 0.012075 0.011382 0.005918 0.000420 0.101821 0.008856 2.087657
0.859672 0.012040 0.011323 0.005895 0.000420 0.101791 0.008860 2.088824
0.859777 0.012031 0.011280 0.005856 0.000418 0.101772 0.008866 2.090004
0.859879 0.012050 0.011225 0.005837 0.000418 0.101718 0.008873 2.091164
0.859927 0.012058 0.011163 0.005834 0.000426 0.101716 0.008876 2.092359
0.859968 0.012098 0.011129 0.005816 0.000426 0.101681 0.008881 2.093519
0.860051 0.012088 0.011115 0.005803 0.000431 0.101628 0.008885 2.094710
0.860210 0.012022 0.011103 0.005812 0.000433 0.101532 0.008889 2.095917
0.860304 0.012069 0.011050 0.005805 0.000426 0.101448 0.008899 2.097058
0.860449 0.012052 0.011041 0.005805 0.000433 0.101318 0.008903 2.098257
0.860547 0.012075 0.010986 0.005849 0.000428 0.101207 0.008908 2.099407
0.860632 0.012041 0.011027 0.005863 0.000423 0.101097 0.008916 2.100592
0.860710 0.012028 0.011019 0.005851 0.000430 0.101043 0.008919 2.101764
0.860811 0.012000 0.011013 0.005811 0.000424 0.101019 0.008924 2.102928
0.860953 0.011995 0.011014 0.005775 0.000418 0.100919 0.008927 2.104074
0.861032 0.011973 0.011013 0.005776 0.000409 0.100865 0.008933 2.105251
0.861034 0.012016 0.011047 0.005766 0.000399 0.100798 0.008940 2.106415
0.861149 0.011963 0.011007 0.005735 0.000400 0.100804 0.008944 2.107595
0.861247 0.011945 0.011004 0.005718 0.000400 0.100738 0.008948 2.108775
0.861301 0.011919 0.010983 0.005710 0.000405 0.100731 0.008952 2.109982
0.861387 0.011880 0.010981 0.005726 0.000401 0.100667 0.008958 2.111182
0.861434 0.011840 0.010995 0.005725 0.000398 0.100643 0.008964 2.112389
0.861571 0.011847 0.010944 0.005697 0.000394 0.100578 0.008969 2.113525
0.861747 0.011796 0.010915 0.005689 0.000401 0.100478 0.008973 2.114688
0.861887 0.011763 0.010898 0.005648 0.000406 0.100421 0.008978 2.115835
0.861974 0.011779 0.010889 0.005632 0.000403 0.100336 0.008986 2.116970
0.862059 0.011756 0.010862 0.005631 0.000398 0.100305 0.008990 2.118143
0.862175 0.011764 0.010856 0.005615 0.000396 0.100201 0.008993 2.119274
0.862279 0.011725 0.010856 0.005611 0.000394 0.100138 0.008998 2.120453
0.862394 0.011712 0.010867 0.005590 0.000390 0.100043 0.009004 2.121595
0.862496 0.011740 0.010881 0.005582 0.000388 0.099904 0.009011 2.122755
0.862595 0.011716 0.010811 0.005593 0.000393 0.099878 0.009015 2.123910
0.862706 0.011707 0.010807 0.005609 0.000391 0.099761 0.009020 2.125072
0.862815 0.011642 0.010793 0.005607 0.000396 0.099724 0.009024 2.126248
0.862990 0.011591 0.010779 0.005587 0.000387 0.099638 0.009029 2.127413
0.863160 0.011583 0.010781 0.005598 0.000388 0.099459 0.009032 2.128538
0.863263 0.011625 0.010727 0.005593 0.000385 0.099370 0.009036 2.129648
0.863360 0.011580 0.010729 0.005574 0.000388 0.099326 0.009043 2.130816
0.863487 0.011587 0.010671 0.005574 0.000380 0.099250 0.009052 2.131925
0.863613 0.011552 0.010668 0.005555 0.000374 0.099182 0.009057 2.133075
0.863698 0.011541 0.010647 0.005532 0.000369 0.099153 0.009061 2.134208
0.863791 0.011517 0.010640 0.005506 0.000359 0.099119 0.009069 2.135325
0.864003 0.011484 0.010649 0.005482 0.000359 0.098951 0.009073 2.136456
0.864080 0.011446 0.010659 0.005467 0.000361 0.098910 0.009078 2.137614
0.864234 0.011395 0.010636 0.005450 0.000359 0.098847 0.009080 2.138742
0.864331 0.011374 0.010629 0.005450 0.000358 0.098776 0.009083 2.139871
0.864431 0.011301 0.010644 0.005446 0.000357 0.098732 0.009089 2.141028
0.864572 0.011262 0.010620 0.005422 0.000358 0.098673 0.009093 2.142136
0.864684 0.011268 0.010573 0.005434 0.000357 0.098586 0.009097 2.143254
0.864801 0.011262 0.010574 0.005421 0.000351 0.098485 0.009106 2.144397
0.864936 0.011311 0.010506 0.005399 0.000350 0.098390 0.009109 2.145466
0.865100 0.011309 0.010492 0.005393 0.000349 0.098244 0.009113 2.146563
0.865213 0.011350 0.010496 0.005352 0.000352 0.098122 0.009117 2.147658
0.865322 0.011377 0.010468 0.005332 0.000348 0.098033 0.009121 2.148722
0.865426 0.011429 0.010448 0.005307 0.000351 0.097915 0.009124 2.149795
0.865535 0.011390 0.010453 0.005318 0.000353 0.097824 0.009128 2.150979
0.865684 0.011383 0.010444 0.005294 0.000351 0.097711 0.009131 2.152080
0.865755 0.011388 0.010402 0.005285 0.000355 0.097680 0.009136 2.153176
0.865894 0.011312 0.010439 0.005278 0.000353 0.097583 0.009141 2.154331
0.866073 0.011251 0.010424 0.005276 0.000357 0.097476 0.009143 2.155448
0.866204 0.011301 0.010374 0.005252 0.000360 0.097362 0.009146 2.156505
0.866307 0.011290 0.010365 0.005284 0.000364 0.097240 0.009150 2.157645
0.866404 0.011297 0.010326 0.005275 0.000364 0.097181 0.009155 2.158740
0.866559 0.011270 0.010299 0.005303 0.000367 0.097042 0.009159 2.159840
0.866668 0.011242 0.010365 0.005298 0.000371 0.096894 0.009162 2.160972
0.866752 0.011237 0.010347 0.005290 0.000378 0.096830 0.009167 2.162092
0.866875 0.011191 0.010358 0.005312 0.000375 0.096714 0.009175 2.163218
0.866957 0.011166 0.010401 0.005310 0.000373 0.096615 0.009178 2.164363
0.867086 0.011180 0.010361 0.005304 0.000375 0.096513 0.009181 2.165413
0.867164 0.011192 0.010338 0.005311 0.000368 0.096437 0.009191 2.166504
0.867302 0.011191 0.010352 0.005294 0.000373 0.096291 0.009198 2.167621
0.867290 0.011248 0.010327 0.005289 0.000369 0.096274 0.009203 2.168727
0.867363 0.011288 0.010329 0.005264 0.000371 0.096177 0.009209 2.169828
0.867449 0.011310 0.010334 0.005235 0.000369 0.096091 0.009214 2.170908
0.867481 0.011359 0.010354 0.005262 0.000368 0.095957 0.009219 2.172045
0.867537 0.011403 0.010343 0.005258 0.000368 0.095868 0.009224 2.173151
0.867591 0.011419 0.010313 0.005273 0.000362 0.095815 0.009227 2.174274
0.867693 0.011373 0.010331 0.005290 0.000360 0.095720 0.009233 2.175423
0.867813 0.011389 0.010324 0.005274 0.000358 0.095603 0.009238 2.176532
0.867870 0.011389 0.010338 0.005262 0.000356 0.095545 0.009241 2.177648
0.868021 0.011348 0.010371 0.005246 0.000359 0.095411 0.009244 2.178776
0.868023 0.011436 0.010313 0.005243 0.000356 0.095379 0.009251 2.179850
0.868103 0.011433 0.010299 0.005259 0.000354 0.095298 0.009256 2.180967
0.868171 0.011426 0.010290 0.005257 0.000353 0.095244 0.009258 2.182078
0.868267 0.011409 0.010306 0.005246 0.000354 0.095157 0.009263 2.183177
0.868374 0.011408 0.010339 0.005252 0.000355 0.095006 0.009266 2.184290
0.868404 0.011418 0.010346 0.005255 0.000358 0.094952 0.009268 2.185416
0.868461 0.011438 0.010364 0.005264 0.000356 0.094841 0.009275 2.186543
0.868494 0.011440 0.010398 0.005273 0.000357 0.094759 0.009280 2.187688
0.868503 0.011468 0.010400 0.005261 0.000354 0.094731 0.009284 2.188815
0.868591 0.011499 0.010398 0.005256 0.000360 0.094608 0.009289 2.189953
0.868760 0.011439 0.010410 0.005251 0.000358 0.094490 0.009293 2.191086
0.868814 0.011443 0.010441 0.005265 0.000354 0.094384 0.009299 2.192228
0.868814 0.011485 0.010453 0.005271 0.000350 0.094323 0.009304 2.193346
0.868810 0.011543 0.010425 0.005275 0.000347 0.094293 0.009309 2.194456
0.868798 0.011572 0.010427 0.005304 0.000343 0.094243 0.009314 2.195588
0.868833 0.011553 0.010428 0.005321 0.000339 0.094206 0.009320 2.196736
0.868852 0.011534 0.010446 0.005335 0.000336 0.094176 0.009322 2.197893
0.868884 0.011539 0.010508 0.005325 0.000335 0.094084 0.009325 2.199031
0.868937 0.011570 0.010451 0.005345 0.000336 0.094034 0.009327 2.200157
0.868959 0.011586 0.010448 0.005347 0.000337 0.093989 0.009334 2.201292
0.868926 0.011575 0.010455 0.005411 0.000340 0.093956 0.009338 2.202456
0.868952 0.011641 0.010436 0.005372 0.000337 0.093918 0.009344 2.203550
0.868976 0.011611 0.010455 0.005387 0.000335 0.093888 0.009348 2.204692
0.869005 0.011632 0.010406 0.005405 0.000340 0.093861 0.009352 2.205831
0.869021 0.011649 0.010369 0.005411 0.000343 0.093851 0.009357 2.206944
0.869086 0.011683 0.010383 0.005382 0.000347 0.093758 0.009361 2.208053
0.869054 0.011733 0.010361 0.005372 0.000357 0.093756 0.009367 2.209193
0.869041 0.011705 0.010404 0.005386 0.000355 0.093738 0.009371 2.210366
0.869120 0.011662 0.010396 0.005376 0.000350 0.093717 0.009379 2.211520
0.869104 0.011673 0.010455 0.005406 0.000356 0.093624 0.009383 2.212682
0.869156 0.011609 0.010514 0.005413 0.000357 0.093562 0.009389 2.213848
0.869049 0.011705 0.010508 0.005424 0.000353 0.093568 0.009394 2.214992
0.869140 0.011688 0.010520 0.005414 0.000353 0.093487 0.009397 2.216136
0.869198 0.011695 0.010489 0.005427 0.000358 0.093435 0.009399 2.217267
0.869196 0.011711 0.010486 0.005450 0.000352 0.093401 0.009404 2.218415
0.869260 0.011723 0.010486 0.005496 0.000352 0.093276 0.009408 2.219566
0.869274 0.011733 0.010538 0.005463 0.000356 0.093223 0.009413 2.220696
0.869252 0.011761 0.010511 0.005500 0.000355 0.093207 0.009416 2.221852
0.869209 0.011776 0.010464 0.005526 0.000355 0.093249 0.009421 2.223014
0.869220 0.011737 0.010522 0.005506 0.000357 0.093232 0.009426 2.224193
0.869189 0.011809 0.010529 0.005548 0.000353 0.093142 0.009430 2.225348
0.869160 0.011829 0.010530 0.005562 0.000348 0.093136 0.009434 2.226513
0.869191 0.011794 0.010580 0.005570 0.000349 0.093078 0.009439 2.227712
0.869186 0.011812 0.010601 0.005570 0.000353 0.093036 0.009442 2.228877
0.869179 0.011759 0.010649 0.005590 0.000355 0.093020 0.009447 2.230083
0.869243 0.011733 0.010614 0.005566 0.000359 0.093037 0.009449 2.231234
0.869236 0.011709 0.010552 0.005592 0.000356 0.093102 0.009455 2.232405
0.869214 0.011760 0.010585 0.005593 0.000351 0.093038 0.009459 2.233567
0.869193 0.011782 0.010608 0.005569 0.000348 0.093035 0.009466 2.234731
0.869227 0.011838 0.010581 0.005522 0.000350 0.093010 0.009472 2.235846
0.869260 0.011814 0.010597 0.005511 0.000354 0.092987 0.009477 2.236996
