0.360991 0.060986 0.054580 0.031450 0.001985 0.484160 0.005849 1.587186
0.363078 0.059082 0.054524 0.031278 0.001993 0.484168 0.005878 1.593140
0.365700 0.056825 0.054309 0.031028 0.001993 0.484242 0.005905 1.598828
0.368574 0.054543 0.053894 0.030764 0.001999 0.484298 0.005927 1.604253
0.371716 0.052108 0.053454 0.030462 0.001987 0.484321 0.005954 1.609531
0.375001 0.049782 0.052873 0.030083 0.001981 0.484294 0.005985 1.614543
0.378510 0.047592 0.052200 0.029637 0.001978 0.484075 0.006008 1.619283
0.382205 0.045358 0.051436 0.029156 0.001992 0.483822 0.006031 1.623848
0.385955 0.043163 0.050687 0.028664 0.001997 0.483479 0.006054 1.628317
0.389734 0.041215 0.049893 0.028043 0.002000 0.483036 0.006078 1.632461
0.393723 0.039367 0.048863 0.027467 0.001995 0.482484 0.006101 1.636376
0.397602 0.037661 0.047814 0.026891 0.001975 0.481929 0.006129 1.640105
0.401702 0.035968 0.046822 0.026275 0.001961 0.481118 0.006153 1.643732
0.405980 0.034275 0.045784 0.025639 0.001953 0.480185 0.006184 1.647241
0.410231 0.032802 0.044709 0.024983 0.001936 0.479127 0.006212 1.650479
0.414478 0.031372 0.043632 0.024313 0.001928 0.478040 0.006237 1.653630
0.418748 0.030037 0.042488 0.023699 0.001908 0.476856 0.006266 1.656618
0.423104 0.028710 0.041389 0.023074 0.001898 0.475534 0.006290 1.659542
0.427476 0.027521 0.040165 0.022444 0.001878 0.474201 0.006315 1.662269
0.431882 0.026382 0.038976 0.021811 0.001861 0.472749 0.006340 1.664940
0.436256 0.025255 0.037969 0.021102 0.001855 0.471200 0.006364 1.667472
0.440821 0.024227 0.036840 0.020435 0.001854 0.469444 0.006378 1.669870
0.445445 0.023237 0.035783 0.019821 0.001842 0.467475 0.006397 1.672204
0.449929 0.022326 0.034700 0.019214 0.001805 0.465600 0.006426 1.674427
0.454479 0.021449 0.033642 0.018644 0.001782 0.463551 0.006454 1.676629
0.458954 0.020688 0.032586 0.018033 0.001764 0.461498 0.006477 1.678659
0.463587 0.019864 0.031616 0.017434 0.001750 0.459255 0.006494 1.680644
0.468114 0.019074 0.030634 0.016868 0.001721 0.457071 0.006518 1.682564
0.472704 0.018449 0.029605 0.016351 0.001699 0.454656 0.006536 1.684351
0.477326 0.017753 0.028615 0.015867 0.001671 0.452207 0.006563 1.686165
0.481833 0.017136 0.027655 0.015336 0.001640 0.449817 0.006584 1.687847
0.486277 0.016559 0.026799 0.014813 0.001604 0.447336 0.006612 1.689502
0.490866 0.015920 0.025988 0.014364 0.001566 0.444667 0.006630 1.691160
0.495466 0.015448 0.025099 0.013878 0.001546 0.441918 0.006646 1.692673
0.499947 0.014922 0.024274 0.013440 0.001520 0.439233 0.006662 1.694202
0.504469 0.014443 0.023467 0.013027 0.001496 0.436415 0.006683 1.695629
0.509054 0.013942 0.022787 0.012615 0.001465 0.433431 0.006706 1.697077
0.513511 0.013507 0.022072 0.012217 0.001431 0.430537 0.006726 1.698441
0.517946 0.013088 0.021361 0.011848 0.001407 0.427608 0.006743 1.699766
0.522368 0.012753 0.020687 0.011449 0.001379 0.424604 0.006761 1.701005
0.526762 0.012378 0.020047 0.011108 0.001349 0.421575 0.006782 1.702263
0.531195 0.012030 0.019492 0.010722 0.001326 0.418438 0.006798 1.703476
0.535619 0.011692 0.018842 0.010390 0.001307 0.415339 0.006812 1.704656
0.539996 0.011397 0.018249 0.010021 0.001280 0.412226 0.006832 1.705770
0.544416 0.011096 0.017675 0.009700 0.001264 0.409002 0.006846 1.706874
0.548667 0.010825 0.017181 0.009363 0.001242 0.405859 0.006863 1.707959
0.552883 0.010562 0.016691 0.009056 0.001218 0.402714 0.006877 1.709033
0.557130 0.010291 0.016162 0.008800 0.001200 0.399528 0.006890 1.710043
0.561419 0.010011 0.015678 0.008583 0.001174 0.396233 0.006903 1.711046
0.565608 0.009736 0.015239 0.008330 0.001146 0.393024 0.006918 1.712060
0.569784 0.009546 0.014750 0.008068 0.001129 0.389789 0.006934 1.712981
0.574000 0.009295 0.014292 0.007834 0.001117 0.386517 0.006946 1.713919
0.578058 0.009142 0.013859 0.007603 0.001089 0.383290 0.006959 1.714797
0.582139 0.008952 0.013447 0.007368 0.001068 0.380055 0.006970 1.715662
0.586169 0.008747 0.013047 0.007181 0.001045 0.376827 0.006985 1.716540
0.590163 0.008600 0.012669 0.007017 0.001026 0.373524 0.007001 1.717388
0.594129 0.008425 0.012322 0.006800 0.000998 0.370314 0.007014 1.718208
0.598136 0.008213 0.012029 0.006586 0.000977 0.367030 0.007029 1.719053
0.602066 0.008027 0.011713 0.006388 0.000960 0.363803 0.007042 1.719863
0.605947 0.007871 0.011407 0.006193 0.000942 0.360588 0.007052 1.720654
0.609816 0.007714 0.011104 0.006004 0.000924 0.357374 0.007064 1.721407
0.613685 0.007571 0.010786 0.005847 0.000903 0.354133 0.007077 1.722138
0.617515 0.007446 0.010488 0.005690 0.000877 0.350894 0.007090 1.722876
0.621270 0.007289 0.010167 0.005541 0.000857 0.347777 0.007099 1.723581
0.625008 0.007122 0.009930 0.005391 0.000838 0.344602 0.007110 1.724289
0.628729 0.007021 0.009661 0.005255 0.000819 0.341395 0.007120 1.724963
0.632383 0.006907 0.009406 0.005125 0.000798 0.338250 0.007131 1.725640
0.636000 0.006785 0.009158 0.004985 0.000788 0.335144 0.007140 1.726328
0.639655 0.006649 0.008931 0.004869 0.000766 0.331981 0.007150 1.727002
0.643275 0.006527 0.008715 0.004742 0.000743 0.328838 0.007162 1.727651
0.646945 0.006425 0.008513 0.004617 0.000724 0.325601 0.007175 1.728282
0.650485 0.006311 0.008318 0.004497 0.000710 0.322495 0.007186 1.728911
0.654033 0.006192 0.008100 0.004410 0.000692 0.319379 0.007195 1.729538
0.657522 0.006142 0.007896 0.004343 0.000681 0.316212 0.007204 1.730135
0.660923 0.006066 0.007713 0.004225 0.000671 0.313192 0.007211 1.730716
0.664284 0.005986 0.007553 0.004126 0.000651 0.310174 0.007226 1.731314
0.667607 0.005919 0.007412 0.004068 0.000636 0.307124 0.007236 1.731913
0.670947 0.005822 0.007251 0.003967 0.000621 0.304148 0.007245 1.732489
0.674245 0.005731 0.007099 0.003887 0.000609 0.301174 0.007255 1.733050
0.677500 0.005669 0.006996 0.003785 0.000594 0.298189 0.007267 1.733599
0.680731 0.005608 0.006874 0.003708 0.000579 0.295224 0.007276 1.734156
0.683947 0.005523 0.006772 0.003650 0.000573 0.292250 0.007285 1.734732
0.687097 0.005442 0.006665 0.003570 0.000556 0.289376 0.007295 1.735280
0.690242 0.005382 0.006523 0.003495 0.000543 0.286514 0.007302 1.735806
0.693378 0.005315 0.006398 0.003436 0.000533 0.283629 0.007311 1.736315
0.696550 0.005262 0.006256 0.003374 0.000521 0.280721 0.007317 1.736810
0.699597 0.005210 0.006163 0.003319 0.000508 0.277878 0.007326 1.737319
0.702628 0.005173 0.006086 0.003237 0.000495 0.275048 0.007334 1.737826
0.705640 0.005122 0.006016 0.003149 0.000486 0.272247 0.007341 1.738316
0.708669 0.005038 0.005936 0.003087 0.000479 0.269444 0.007346 1.738816
0.711584 0.004987 0.005821 0.003033 0.000466 0.266757 0.007352 1.739296
0.714473 0.004954 0.005733 0.002966 0.000454 0.264061 0.007360 1.739767
0.717279 0.004885 0.005659 0.002929 0.000443 0.261436 0.007369 1.740278
0.720072 0.004843 0.005572 0.002883 0.000429 0.258824 0.007376 1.740748
0.722808 0.004794 0.005515 0.002840 0.000418 0.256242 0.007384 1.741240
0.725532 0.004763 0.005422 0.002813 0.000407 0.253673 0.007391 1.741706
0.728146 0.004722 0.005377 0.002753 0.000400 0.251205 0.007397 1.742172
0.730828 0.004710 0.005285 0.002718 0.000389 0.248667 0.007403 1.742606
0.733507 0.004658 0.005206 0.002699 0.000382 0.246140 0.007407 1.743070
0.736170 0.004619 0.005152 0.002653 0.000375 0.243619 0.007411 1.743525
0.738780 0.004592 0.005075 0.002619 0.000364 0.241157 0.007414 1.743969
0.741349 0.004566 0.005005 0.002589 0.000356 0.238717 0.007418 1.744411
0.743968 0.004550 0.004971 0.002557 0.000348 0.236183 0.007423 1.744855
0.746442 0.004504 0.004895 0.002524 0.000338 0.233866 0.007432 1.745295
0.748984 0.004482 0.004807 0.002501 0.000329 0.231465 0.007433 1.745712
0.751443 0.004484 0.004722 0.002470 0.000322 0.229122 0.007437 1.746132
0.753873 0.004504 0.004691 0.002454 0.000316 0.226723 0.007440 1.746567
0.756305 0.004509 0.004643 0.002428 0.000309 0.224363 0.007444 1.746995
0.758687 0.004461 0.004606 0.002416 0.000305 0.222078 0.007448 1.747432
0.761112 0.004413 0.004558 0.002393 0.000296 0.219779 0.007450 1.747850
0.763468 0.004372 0.004520 0.002376 0.000290 0.217519 0.007454 1.748280
0.765713 0.004316 0.004492 0.002366 0.000285 0.215370 0.007458 1.748732
0.768018 0.004323 0.004464 0.002335 0.000280 0.213119 0.007462 1.749145
0.770300 0.004296 0.004402 0.002310 0.000274 0.210954 0.007464 1.749563
0.772524 0.004250 0.004366 0.002280 0.000272 0.208840 0.007468 1.749985
0.774745 0.004202 0.004327 0.002287 0.000263 0.206702 0.007474 1.750425
0.776901 0.004202 0.004309 0.002255 0.000257 0.204596 0.007480 1.750834
0.779077 0.004162 0.004298 0.002227 0.000257 0.202496 0.007482 1.751269
0.781144 0.004172 0.004229 0.002206 0.000255 0.200510 0.007483 1.751658
0.783203 0.004184 0.004192 0.002199 0.000249 0.198487 0.007486 1.752055
0.785333 0.004144 0.004169 0.002180 0.000240 0.196443 0.007491 1.752471
0.787418 0.004121 0.004125 0.002179 0.000236 0.194428 0.007494 1.752885
0.789451 0.004089 0.004100 0.002168 0.000236 0.192460 0.007497 1.753282
0.791451 0.004095 0.004079 0.002147 0.000233 0.190494 0.007500 1.753681
0.793473 0.004074 0.004070 0.002148 0.000227 0.188505 0.007503 1.754099
0.795458 0.004046 0.004079 0.002127 0.000224 0.186561 0.007505 1.754517
0.797484 0.004033 0.004053 0.002103 0.000219 0.184600 0.007508 1.754888
0.799385 0.004048 0.004002 0.002077 0.000215 0.182763 0.007510 1.755275
0.801272 0.004042 0.003962 0.002057 0.000212 0.180941 0.007514 1.755648
0.803214 0.004033 0.003954 0.002044 0.000209 0.179031 0.007517 1.756049
0.805056 0.004040 0.003914 0.002043 0.000201 0.177225 0.007522 1.756435
0.806840 0.004011 0.003914 0.002017 0.000204 0.175490 0.007524 1.756834
0.808599 0.004027 0.003880 0.001992 0.000203 0.173774 0.007526 1.757211
0.810399 0.004023 0.003853 0.001987 0.000200 0.172010 0.007530 1.757605
0.812141 0.004019 0.003827 0.002001 0.000198 0.170281 0.007532 1.758010
0.813852 0.003984 0.003825 0.002009 0.000195 0.168602 0.007534 1.758441
0.815544 0.003976 0.003797 0.001995 0.000191 0.166962 0.007535 1.758824
0.817184 0.003958 0.003782 0.002000 0.000188 0.165350 0.007538 1.759216
0.818924 0.003959 0.003770 0.002003 0.000186 0.163617 0.007541 1.759609
0.820621 0.003966 0.003735 0.001983 0.000183 0.161968 0.007543 1.759995
0.822289 0.003921 0.003722 0.001983 0.000179 0.160359 0.007547 1.760402
0.823898 0.003922 0.003713 0.001976 0.000175 0.158766 0.007550 1.760792
0.825537 0.003895 0.003712 0.001964 0.000173 0.157165 0.007553 1.761190
0.827051 0.003909 0.003716 0.001946 0.000172 0.155650 0.007555 1.761587
0.828573 0.003901 0.003717 0.001954 0.000170 0.154128 0.007557 1.761986
0.830130 0.003866 0.003705 0.001955 0.000170 0.152616 0.007558 1.762382
0.831595 0.003883 0.003687 0.001930 0.000169 0.151175 0.007561 1.762747
0.833086 0.003857 0.003676 0.001916 0.000166 0.149735 0.007563 1.763140
0.834550 0.003853 0.003688 0.001915 0.000166 0.148264 0.007565 1.763548
0.835995 0.003842 0.003674 0.001925 0.000164 0.146832 0.007567 1.763932
0.837425 0.003842 0.003665 0.001929 0.000159 0.145409 0.007571 1.764310
0.838820 0.003858 0.003651 0.001904 0.000157 0.144038 0.007573 1.764679
0.840236 0.003870 0.003627 0.001902 0.000162 0.142628 0.007574 1.765058
0.841611 0.003882 0.003632 0.001908 0.000158 0.141233 0.007576 1.765438
0.843006 0.003909 0.003626 0.001901 0.000154 0.139827 0.007578 1.765800
0.844364 0.003907 0.003603 0.001887 0.000155 0.138504 0.007580 1.766166
0.845675 0.003921 0.003581 0.001878 0.000158 0.137206 0.007581 1.766522
0.846959 0.003923 0.003579 0.001877 0.000161 0.135917 0.007583 1.766902
0.848311 0.003904 0.003559 0.001859 0.000157 0.134624 0.007585 1.767285
0.849616 0.003912 0.003573 0.001839 0.000157 0.133317 0.007586 1.767678
0.850869 0.003900 0.003570 0.001850 0.000154 0.132067 0.007589 1.768072
0.852189 0.003883 0.003553 0.001828 0.000152 0.130805 0.007590 1.768432
0.853469 0.003883 0.003570 0.001827 0.000150 0.129508 0.007593 1.768808
0.854728 0.003866 0.003587 0.001824 0.000148 0.128254 0.007594 1.769199
0.855942 0.003870 0.003574 0.001815 0.000147 0.127056 0.007596 1.769584
0.857126 0.003910 0.003554 0.001815 0.000147 0.125850 0.007597 1.769941
0.858321 0.003880 0.003565 0.001819 0.000147 0.124668 0.007600 1.770339
0.859441 0.003928 0.003537 0.001807 0.000147 0.123539 0.007601 1.770691
0.860610 0.003934 0.003559 0.001792 0.000145 0.122356 0.007604 1.771073
0.861752 0.003941 0.003554 0.001802 0.000141 0.121204 0.007605 1.771465
0.862857 0.003961 0.003529 0.001808 0.000138 0.120098 0.007609 1.771855
0.863933 0.003941 0.003551 0.001806 0.000135 0.119024 0.007611 1.772262
0.864978 0.003951 0.003536 0.001807 0.000134 0.117979 0.007614 1.772640
0.866055 0.003942 0.003551 0.001820 0.000138 0.116878 0.007614 1.773043
0.867128 0.003941 0.003532 0.001831 0.000136 0.115815 0.007616 1.773440
0.868178 0.003946 0.003525 0.001827 0.000132 0.114773 0.007618 1.773820
0.869231 0.003960 0.003568 0.001818 0.000128 0.113674 0.007620 1.774202
0.870284 0.003970 0.003544 0.001817 0.000130 0.112634 0.007621 1.774604
0.871278 0.003977 0.003535 0.001815 0.000131 0.111640 0.007624 1.774995
0.872268 0.004019 0.003523 0.001815 0.000132 0.110617 0.007626 1.775354
0.873293 0.003994 0.003532 0.001825 0.000135 0.109595 0.007627 1.775753
0.874251 0.004015 0.003557 0.001834 0.000135 0.108578 0.007628 1.776152
0.875202 0.004033 0.003537 0.001855 0.000133 0.107610 0.007630 1.776546
0.876109 0.004035 0.003557 0.001876 0.000129 0.106661 0.007632 1.776967
0.877009 0.004033 0.003568 0.001874 0.000128 0.105754 0.007634 1.777383
0.877940 0.004030 0.003551 0.001894 0.000126 0.104823 0.007636 1.777780
0.878818 0.004040 0.003608 0.001899 0.000125 0.103871 0.007638 1.778194
0.879694 0.004072 0.003630 0.001910 0.000124 0.102932 0.007638 1.778600
0.880519 0.004105 0.003624 0.001902 0.000120 0.102091 0.007640 1.778974
0.881382 0.004131 0.003611 0.001911 0.000120 0.101204 0.007642 1.779374
0.882186 0.004181 0.003609 0.001911 0.000118 0.100352 0.007645 1.779760
0.883009 0.004177 0.003624 0.001899 0.000119 0.099524 0.007646 1.780177
0.883818 0.004162 0.003652 0.001910 0.000117 0.098693 0.007647 1.780620
0.884611 0.004187 0.003654 0.001924 0.000118 0.097856 0.007649 1.781020
0.885396 0.004229 0.003664 0.001927 0.000117 0.097016 0.007650 1.781420
0.886162 0.004252 0.003679 0.001940 0.000118 0.096199 0.007650 1.781841
0.886917 0.004263 0.003687 0.001946 0.000118 0.095417 0.007652 1.782258
0.887645 0.004258 0.003713 0.001967 0.000112 0.094651 0.007654 1.782699
0.888447 0.004268 0.003700 0.001966 0.000115 0.093849 0.007656 1.783100
0.889186 0.004307 0.003720 0.001967 0.000113 0.093050 0.007656 1.783510
0.889946 0.004334 0.003717 0.001966 0.000111 0.092266 0.007658 1.783908
0.890651 0.004363 0.003701 0.001973 0.000110 0.091540 0.007661 1.784327
0.891342 0.004388 0.003698 0.001993 0.000110 0.090806 0.007662 1.784742
0.892001 0.004417 0.003701 0.001994 0.000112 0.090112 0.007663 1.785171
0.892707 0.004408 0.003690 0.001997 0.000113 0.089419 0.007665 1.785611
0.893365 0.004430 0.003716 0.002001 0.000115 0.088707 0.007666 1.786033
0.894044 0.004446 0.003718 0.002010 0.000118 0.087997 0.007667 1.786465
0.894646 0.004454 0.003734 0.002025 0.000119 0.087353 0.007667 1.786919
0.895255 0.004463 0.003759 0.002022 0.000125 0.086707 0.007668 1.787363
0.895840 0.004482 0.003786 0.002027 0.000125 0.086072 0.007669 1.787812
0.896496 0.004509 0.003786 0.002032 0.000122 0.085385 0.007670 1.788235
0.897058 0.004519 0.003807 0.002056 0.000118 0.084769 0.007672 1.788701
0.897709 0.004530 0.003803 0.002072 0.000119 0.084095 0.007673 1.789134
0.898307 0.004567 0.003781 0.002087 0.000120 0.083465 0.007674 1.789554
0.898892 0.004585 0.003817 0.002078 0.000118 0.082834 0.007676 1.789985
0.899480 0.004603 0.003840 0.002084 0.000118 0.082197 0.007678 1.790429
0.899989 0.004612 0.003886 0.002110 0.000119 0.081605 0.007679 1.790919
0.900542 0.004626 0.003900 0.002128 0.000118 0.081006 0.007680 1.791373
0.901035 0.004670 0.003904 0.002133 0.000117 0.080459 0.007682 1.791815
0.901544 0.004696 0.003937 0.002141 0.000119 0.079881 0.007683 1.792263
0.902061 0.004682 0.003960 0.002128 0.000120 0.079361 0.007687 1.792730
0.902554 0.004681 0.003999 0.002147 0.000118 0.078813 0.007688 1.793201
0.903039 0.004707 0.004034 0.002177 0.000116 0.078236 0.007690 1.793686
0.903524 0.004734 0.004063 0.002168 0.000120 0.077699 0.007692 1.794142
0.904013 0.004771 0.004072 0.002189 0.000123 0.077137 0.007694 1.794615
0.904491 0.004821 0.004082 0.002192 0.000119 0.076598 0.007696 1.795060
0.904968 0.004835 0.004111 0.002187 0.000124 0.076077 0.007699 1.795526
0.905448 0.004852 0.004124 0.002210 0.000122 0.075542 0.007701 1.795997
0.905860 0.004878 0.004168 0.002214 0.000122 0.075057 0.007702 1.796490
0.906233 0.004948 0.004165 0.002238 0.000128 0.074586 0.007702 1.796947
0.906670 0.004959 0.004174 0.002244 0.000128 0.074122 0.007702 1.797431
0.907081 0.004993 0.004179 0.002253 0.000129 0.073663 0.007703 1.797922
0.907471 0.005010 0.004198 0.002272 0.000125 0.073219 0.007707 1.798399
0.907835 0.005065 0.004226 0.002274 0.000127 0.072766 0.007707 1.798874
0.908177 0.005113 0.004245 0.002279 0.000127 0.072349 0.007709 1.799362
0.908521 0.005173 0.004251 0.002289 0.000130 0.071927 0.007710 1.799833
0.908869 0.005233 0.004294 0.002303 0.000130 0.071459 0.007710 1.800331
0.909219 0.005283 0.004301 0.002325 0.000134 0.071027 0.007710 1.800837
0.909531 0.005308 0.004314 0.002357 0.000137 0.070640 0.007711 1.801364
0.909893 0.005296 0.004347 0.002376 0.000139 0.070235 0.007713 1.801882
0.910253 0.005310 0.004367 0.002406 0.000144 0.069804 0.007714 1.802409
0.910591 0.005366 0.004397 0.002387 0.000145 0.069398 0.007717 1.802922
0.910879 0.005364 0.004436 0.002403 0.000141 0.069057 0.007719 1.803456
0.911146 0.005414 0.004471 0.002412 0.000140 0.068696 0.007721 1.803974
0.911410 0.005451 0.004482 0.002430 0.000140 0.068363 0.007723 1.804501
0.911689 0.005450 0.004545 0.002433 0.000141 0.068016 0.007725 1.805068
0.911962 0.005506 0.004582 0.002436 0.000142 0.067643 0.007729 1.805599
0.912250 0.005559 0.004575 0.002417 0.000142 0.067326 0.007731 1.806112
0.912493 0.005604 0.004640 0.002407 0.000143 0.066982 0.007732 1.806660
0.912695 0.005661 0.004672 0.002416 0.000142 0.066677 0.007736 1.807214
0.912958 0.005639 0.004706 0.002446 0.000142 0.066370 0.007738 1.807779
0.913162 0.005677 0.004722 0.002467 0.000144 0.066086 0.007741 1.808337
0.913379 0.005717 0.004756 0.002498 0.000143 0.065763 0.007743 1.808915
0.913637 0.005785 0.004742 0.002516 0.000142 0.065434 0.007744 1.809430
0.913835 0.005829 0.004751 0.002529 0.000141 0.065167 0.007747 1.809984
0.914061 0.005877 0.004780 0.002567 0.000139 0.064823 0.007751 1.810554
0.914265 0.005907 0.004829 0.002580 0.000138 0.064528 0.007753 1.811141
0.914452 0.005936 0.004864 0.002600 0.000140 0.064253 0.007754 1.811726
0.914611 0.005962 0.004907 0.002613 0.000136 0.064014 0.007757 1.812333
0.914756 0.005986 0.004950 0.002651 0.000137 0.063761 0.007759 1.812924
0.914949 0.006030 0.004951 0.002655 0.000141 0.063513 0.007760 1.813493
0.915118 0.006082 0.004949 0.002660 0.000144 0.063287 0.007760 1.814071
0.915292 0.006092 0.005003 0.002666 0.000146 0.063039 0.007763 1.814681
0.915415 0.006140 0.005041 0.002693 0.000149 0.062798 0.007764 1.815288
0.915536 0.006161 0.005109 0.002693 0.000150 0.062584 0.007766 1.815912
0.915694 0.006208 0.005104 0.002704 0.000152 0.062371 0.007768 1.816504
0.915849 0.006200 0.005128 0.002713 0.000153 0.062187 0.007770 1.817130
0.915972 0.006229 0.005160 0.002734 0.000153 0.061982 0.007771 1.817748
0.916085 0.006298 0.005191 0.002733 0.000156 0.061765 0.007772 1.818338
0.916258 0.006272 0.005245 0.002745 0.000158 0.061548 0.007774 1.818972
0.916382 0.006299 0.005282 0.002775 0.000162 0.061326 0.007775 1.819618
0.916484 0.006380 0.005300 0.002786 0.000164 0.061109 0.007776 1.820224
0.916557 0.006422 0.005337 0.002812 0.000163 0.060927 0.007781 1.820883
0.916661 0.006449 0.005379 0.002838 0.000163 0.060725 0.007784 1.821535
0.916744 0.006522 0.005406 0.002838 0.000161 0.060543 0.007786 1.822148
0.916800 0.006546 0.005440 0.002857 0.000166 0.060402 0.007788 1.822795
0.916878 0.006569 0.005461 0.002874 0.000163 0.060265 0.007790 1.823426
0.916954 0.006596 0.005447 0.002916 0.000161 0.060131 0.007794 1.824075
0.916981 0.006639 0.005495 0.002929 0.000158 0.060000 0.007796 1.824725
0.917045 0.006687 0.005539 0.002931 0.000157 0.059842 0.007799 1.825385
0.917067 0.006740 0.005559 0.002943 0.000158 0.059731 0.007801 1.826029
0.917090 0.006773 0.005605 0.002982 0.000161 0.059584 0.007803 1.826700
0.917125 0.006807 0.005666 0.003001 0.000162 0.059433 0.007805 1.827397
0.917110 0.006894 0.005694 0.003010 0.000166 0.059320 0.007805 1.828060
0.917096 0.007016 0.005666 0.003022 0.000169 0.059223 0.007807 1.828694
0.917090 0.007094 0.005692 0.003047 0.000167 0.059100 0.007810 1.829366
0.917162 0.007067 0.005746 0.003074 0.000167 0.058969 0.007813 1.830071
0.917154 0.007099 0.005792 0.003064 0.000167 0.058908 0.007814 1.830771
0.917106 0.007151 0.005836 0.003094 0.000171 0.058827 0.007814 1.831484
0.917064 0.007216 0.005944 0.003094 0.000170 0.058695 0.007816 1.832197
0.917055 0.007251 0.005978 0.003112 0.000174 0.058611 0.007818 1.832894
0.917042 0.007312 0.006001 0.003136 0.000172 0.058518 0.007820 1.833585
0.917010 0.007346 0.006030 0.003148 0.000168 0.058477 0.007821 1.834306
0.917041 0.007342 0.006043 0.003196 0.000170 0.058384 0.007824 1.835039
0.916950 0.007446 0.006059 0.003232 0.000167 0.058316 0.007827 1.835743
0.916864 0.007501 0.006121 0.003260 0.000169 0.058255 0.007829 1.836488
0.916831 0.007523 0.006150 0.003307 0.000166 0.058189 0.007833 1.837239
0.916773 0.007556 0.006210 0.003309 0.000167 0.058150 0.007834 1.837987
0.916689 0.007586 0.006277 0.003335 0.000168 0.058107 0.007838 1.838729
0.916625 0.007629 0.006285 0.003356 0.000163 0.058097 0.007843 1.839473
0.916538 0.007701 0.006299 0.003368 0.000165 0.058084 0.007844 1.840223
0.916443 0.007707 0.006343 0.003384 0.000166 0.058109 0.007846 1.841006
0.916407 0.007730 0.006389 0.003405 0.000167 0.058053 0.007848 1.841770
0.916287 0.007781 0.006435 0.003425 0.000164 0.058056 0.007851 1.842527
0.916177 0.007790 0.006522 0.003458 0.000169 0.058031 0.007853 1.843328
0.916016 0.007841 0.006563 0.003470 0.000169 0.058085 0.007856 1.844097
0.915978 0.007833 0.006619 0.003484 0.000170 0.058060 0.007857 1.844875
0.915867 0.007891 0.006636 0.003523 0.000177 0.058045 0.007861 1.845668
0.915790 0.007890 0.006701 0.003553 0.000183 0.058020 0.007862 1.846470
0.915706 0.007969 0.006682 0.003560 0.000185 0.058035 0.007864 1.847195
0.915592 0.008002 0.006716 0.003560 0.000186 0.058077 0.007867 1.847981
0.915507 0.008003 0.006776 0.003586 0.000189 0.058069 0.007869 1.848797
0.915422 0.008022 0.006781 0.003604 0.000188 0.058112 0.007870 1.849586
0.915281 0.008047 0.006832 0.003607 0.000191 0.058171 0.007871 1.850397
0.915205 0.008090 0.006874 0.003607 0.000193 0.058159 0.007872 1.851176
0.915094 0.008121 0.006900 0.003624 0.000196 0.058189 0.007875 1.851972
0.914956 0.008184 0.006942 0.003641 0.000191 0.058209 0.007877 1.852785
0.914850 0.008214 0.006964 0.003664 0.000195 0.058234 0.007878 1.853610
0.914769 0.008213 0.006973 0.003674 0.000197 0.058294 0.007880 1.854423
0.914683 0.008185 0.007032 0.003701 0.000200 0.058317 0.007883 1.855254
0.914562 0.008243 0.007059 0.003694 0.000202 0.058355 0.007885 1.856056
0.914460 0.008285 0.007055 0.003702 0.000201 0.058409 0.007888 1.856849
0.914292 0.008349 0.007088 0.003706 0.000204 0.058472 0.007889 1.857660
0.914192 0.008351 0.007123 0.003724 0.000207 0.058511 0.007891 1.858494
0.914101 0.008370 0.007130 0.003743 0.000216 0.058545 0.007893 1.859323
0.913998 0.008366 0.007157 0.003765 0.000220 0.058599 0.007896 1.860154
0.913839 0.008394 0.007178 0.003816 0.000217 0.058656 0.007900 1.861006
0.913692 0.008454 0.007208 0.003785 0.000220 0.058742 0.007901 1.861809
0.913600 0.008501 0.007217 0.003814 0.000216 0.058748 0.007904 1.862627
0.913463 0.008514 0.007266 0.003822 0.000224 0.058806 0.007905 1.863483
0.913291 0.008580 0.007287 0.003867 0.000217 0.058850 0.007910 1.864313
0.913158 0.008598 0.007305 0.003876 0.000212 0.058937 0.007914 1.865160
0.912997 0.008664 0.007350 0.003907 0.000216 0.058949 0.007916 1.866015
0.912860 0.008698 0.007402 0.003915 0.000211 0.058995 0.007921 1.866868
0.912665 0.008797 0.007408 0.003903 0.000213 0.059090 0.007925 1.867697
0.912497 0.008787 0.007467 0.003940 0.000215 0.059164 0.007929 1.868586
0.912338 0.008842 0.007455 0.003957 0.000217 0.059258 0.007931 1.869431
0.912194 0.008821 0.007520 0.003964 0.000213 0.059352 0.007938 1.870332
0.912059 0.008883 0.007550 0.003961 0.000209 0.059396 0.007941 1.871178
0.911924 0.008864 0.007619 0.004011 0.000210 0.059430 0.007943 1.872095
0.911769 0.008867 0.007664 0.004039 0.000213 0.059502 0.007945 1.872986
0.911577 0.008912 0.007680 0.004034 0.000221 0.059629 0.007947 1.873856
0.911409 0.008940 0.007722 0.004044 0.000220 0.059716 0.007951 1.874735
0.911208 0.009019 0.007738 0.004030 0.000224 0.059829 0.007953 1.875608
0.911010 0.009030 0.007811 0.004051 0.000221 0.059922 0.007957 1.876537
0.910780 0.009149 0.007821 0.004047 0.000220 0.060022 0.007962 1.877410
0.910560 0.009213 0.007841 0.004066 0.000226 0.060130 0.007964 1.878297
0.910348 0.009265 0.007846 0.004095 0.000222 0.060255 0.007968 1.879200
0.910137 0.009286 0.007926 0.004139 0.000223 0.060317 0.007972 1.880136
0.910002 0.009269 0.007963 0.004162 0.000220 0.060408 0.007976 1.881075
0.909819 0.009307 0.008042 0.004168 0.000221 0.060463 0.007980 1.881984
0.909633 0.009335 0.008043 0.004177 0.000223 0.060607 0.007982 1.882889
0.909433 0.009387 0.008032 0.004204 0.000228 0.060732 0.007985 1.883790
0.909234 0.009409 0.008068 0.004200 0.000231 0.060867 0.007991 1.884708
0.909059 0.009431 0.008122 0.004210 0.000234 0.060952 0.007993 1.885634
0.908906 0.009450 0.008114 0.004239 0.000236 0.061060 0.007994 1.886550
0.908668 0.009516 0.008151 0.004267 0.000241 0.061159 0.007998 1.887473
0.908470 0.009543 0.008174 0.004274 0.000242 0.061296 0.008001 1.888412
0.908205 0.009623 0.008183 0.004293 0.000240 0.061450 0.008008 1.889338
0.908014 0.009660 0.008239 0.004306 0.000240 0.061529 0.008011 1.890280
0.907800 0.009659 0.008279 0.004329 0.000244 0.061675 0.008013 1.891249
0.907589 0.009722 0.008313 0.004332 0.000246 0.061780 0.008018 1.892168
0.907371 0.009752 0.008327 0.004361 0.000246 0.061921 0.008022 1.893115
0.907173 0.009776 0.008353 0.004376 0.000252 0.062047 0.008023 1.894076
0.906949 0.009831 0.008373 0.004391 0.000251 0.062177 0.008027 1.895023
0.906723 0.009884 0.008405 0.004406 0.000253 0.062300 0.008031 1.895991
0.906538 0.009882 0.008431 0.004418 0.000260 0.062439 0.008032 1.896964
0.906370 0.009879 0.008459 0.004409 0.000264 0.062584 0.008034 1.897927
0.906167 0.009908 0.008492 0.004407 0.000269 0.062721 0.008037 1.898896
0.905936 0.009927 0.008533 0.004420 0.000267 0.062878 0.008040 1.899868
0.905724 0.009973 0.008537 0.004422 0.000272 0.063032 0.008042 1.900819
0.905555 0.009938 0.008564 0.004492 0.000270 0.063137 0.008045 1.901820
0.905325 0.009986 0.008574 0.004486 0.000268 0.063313 0.008048 1.902774
0.905067 0.010015 0.008622 0.004494 0.000271 0.063482 0.008050 1.903764
0.904872 0.010032 0.008637 0.004500 0.000268 0.063640 0.008052 1.904738
0.904637 0.010111 0.008648 0.004519 0.000268 0.063763 0.008054 1.905693
0.904376 0.010175 0.008696 0.004522 0.000276 0.063899 0.008056 1.906687
0.904168 0.010162 0.008758 0.004534 0.000282 0.064038 0.008059 1.907697
0.903940 0.010198 0.008750 0.004538 0.000282 0.064227 0.008063 1.908685
0.903677 0.010244 0.008759 0.004564 0.000282 0.064408 0.008065 1.909686
0.903456 0.010220 0.008824 0.004629 0.000287 0.064518 0.008068 1.910740
0.903244 0.010159 0.008870 0.004653 0.000287 0.064716 0.008071 1.911779
0.903058 0.010217 0.008848 0.004637 0.000296 0.064873 0.008072 1.912727
0.902830 0.010254 0.008893 0.004640 0.000292 0.065015 0.008075 1.913718
0.902574 0.010336 0.008896 0.004654 0.000297 0.065168 0.008077 1.914703
0.902347 0.010365 0.008958 0.004639 0.000299 0.065309 0.008082 1.915726
0.902140 0.010377 0.008997 0.004683 0.000303 0.065416 0.008084 1.916742
0.901853 0.010470 0.009030 0.004681 0.000305 0.065573 0.008089 1.917739
0.901639 0.010478 0.009076 0.004703 0.000301 0.065712 0.008091 1.918788
0.901455 0.010492 0.009093 0.004712 0.000299 0.065854 0.008095 1.919782
0.901192 0.010518 0.009119 0.004765 0.000295 0.066012 0.008098 1.920830
0.901020 0.010472 0.009215 0.004779 0.000295 0.066119 0.008101 1.921902
0.900833 0.010490 0.009220 0.004817 0.000293 0.066241 0.008105 1.922936
0.900554 0.010519 0.009306 0.004802 0.000294 0.066412 0.008111 1.924003
0.900320 0.010529 0.009302 0.004842 0.000295 0.066600 0.008113 1.925048
0.900061 0.010556 0.009336 0.004866 0.000293 0.066772 0.008117 1.926103
0.899820 0.010569 0.009364 0.004871 0.000299 0.066956 0.008120 1.927139
0.899513 0.010617 0.009390 0.004903 0.000296 0.067157 0.008124 1.928214
0.899230 0.010641 0.009383 0.004917 0.000295 0.067406 0.008128 1.929269
0.898955 0.010733 0.009375 0.004914 0.000298 0.067593 0.008131 1.930291
0.898717 0.010747 0.009388 0.004944 0.000300 0.067768 0.008137 1.931333
0.898473 0.010772 0.009431 0.004993 0.000298 0.067893 0.008140 1.932400
0.898264 0.010786 0.009439 0.005005 0.000307 0.068057 0.008142 1.933439
0.898027 0.010769 0.009491 0.005011 0.000308 0.068251 0.008144 1.934509
0.897838 0.010783 0.009517 0.005010 0.000308 0.068396 0.008149 1.935561
0.897649 0.010818 0.009496 0.005034 0.000307 0.068542 0.008154 1.936598
0.897399 0.010814 0.009518 0.005062 0.000310 0.068742 0.008156 1.937680
0.897170 0.010864 0.009502 0.005062 0.000306 0.068934 0.008161 1.938714
0.896949 0.010884 0.009539 0.005096 0.000305 0.069063 0.008164 1.939793
0.896693 0.010854 0.009541 0.005137 0.000309 0.069301 0.008167 1.940913
0.896462 0.010887 0.009530 0.005110 0.000308 0.069532 0.008169 1.941951
0.896188 0.010934 0.009539 0.005111 0.000308 0.069747 0.008174 1.942999
0.895958 0.010960 0.009580 0.005131 0.000309 0.069887 0.008175 1.944092
0.895773 0.010909 0.009609 0.005131 0.000312 0.070088 0.008177 1.945192
0.895539 0.010969 0.009599 0.005112 0.000314 0.070287 0.008181 1.946235
0.895317 0.010977 0.009589 0.005126 0.000312 0.070497 0.008183 1.947308
0.895145 0.010964 0.009590 0.005132 0.000313 0.070669 0.008186 1.948364
0.894968 0.010932 0.009643 0.005148 0.000316 0.070804 0.008188 1.949458
0.894772 0.010927 0.009625 0.005148 0.000315 0.071019 0.008194 1.950525
0.894589 0.010919 0.009619 0.005146 0.000311 0.071213 0.008202 1.951614
0.894350 0.010968 0.009644 0.005143 0.000305 0.071384 0.008206 1.952686
0.894152 0.010972 0.009680 0.005146 0.000305 0.071535 0.008210 1.953783
0.893982 0.010934 0.009684 0.005147 0.000306 0.071736 0.008212 1.954875
0.893767 0.010956 0.009723 0.005150 0.000304 0.071884 0.008217 1.955939
0.893587 0.011002 0.009718 0.005120 0.000304 0.072046 0.008223 1.956979
0.893437 0.011019 0.009723 0.005095 0.000302 0.072198 0.008226 1.958023
0.893219 0.011069 0.009696 0.005107 0.000302 0.072376 0.008231 1.959097
0.892946 0.011131 0.009702 0.005177 0.000300 0.072509 0.008235 1.960184
0.892682 0.011175 0.009734 0.005201 0.000303 0.072665 0.008239 1.961275
0.892508 0.011184 0.009721 0.005186 0.000311 0.072848 0.008242 1.962345
0.892299 0.011183 0.009749 0.005172 0.000306 0.073046 0.008245 1.963446
0.892145 0.011140 0.009813 0.005198 0.000304 0.073149 0.008250 1.964576
0.891962 0.011161 0.009841 0.005197 0.000299 0.073285 0.008256 1.965647
0.891778 0.011114 0.009895 0.005173 0.000304 0.073475 0.008260 1.966776
0.891620 0.011074 0.009911 0.005171 0.000307 0.073652 0.008264 1.967883
0.891393 0.011159 0.009923 0.005143 0.000301 0.073813 0.008269 1.968932
0.891227 0.011148 0.009928 0.005158 0.000305 0.073961 0.008273 1.970027
0.891028 0.011184 0.009938 0.005114 0.000311 0.074148 0.008277 1.971095
0.890859 0.011173 0.009978 0.005115 0.000306 0.074287 0.008283 1.972184
0.890694 0.011155 0.009985 0.005130 0.000299 0.074447 0.008289 1.973276
0.890525 0.011158 0.010003 0.005126 0.000301 0.074597 0.008291 1.974363
0.890401 0.011110 0.009976 0.005110 0.000305 0.074804 0.008295 1.975457
0.890239 0.011151 0.009943 0.005115 0.000310 0.074944 0.008298 1.976517
0.890069 0.011205 0.009939 0.005108 0.000308 0.075067 0.008305 1.977569
0.889974 0.011171 0.009950 0.005130 0.000307 0.075159 0.008309 1.978659
0.889849 0.011114 0.009985 0.005112 0.000309 0.075320 0.008312 1.979774
0.889677 0.011149 0.009958 0.005088 0.000305 0.075507 0.008316 1.980840
0.889521 0.011146 0.009978 0.005089 0.000304 0.075643 0.008319 1.981928
0.889400 0.011133 0.009959 0.005057 0.000308 0.075820 0.008322 1.983012
0.889266 0.011106 0.009948 0.005055 0.000312 0.075989 0.008325 1.984125
0.889192 0.011039 0.009983 0.005072 0.000314 0.076073 0.008329 1.985232
0.889051 0.011080 0.009935 0.005079 0.000317 0.076207 0.008331 1.986290
0.888915 0.011092 0.009908 0.005105 0.000318 0.076329 0.008335 1.987358
0.888865 0.011062 0.009926 0.005131 0.000321 0.076355 0.008340 1.988447
0.888745 0.011063 0.009935 0.005128 0.000323 0.076464 0.008343 1.989507
0.888631 0.011107 0.009925 0.005110 0.000321 0.076561 0.008346 1.990541
0.888472 0.011086 0.009937 0.005093 0.000316 0.076745 0.008350 1.991647
0.888330 0.011046 0.009945 0.005122 0.000320 0.076885 0.008353 1.992759
0.888234 0.011060 0.009949 0.005118 0.000323 0.076962 0.008356 1.993815
0.888098 0.011061 0.009948 0.005090 0.000323 0.077118 0.008362 1.994882
0.887966 0.011088 0.009944 0.005092 0.000321 0.077224 0.008366 1.995946
0.887833 0.011097 0.009939 0.005100 0.000317 0.077344 0.008371 1.997032
0.887681 0.011121 0.009940 0.005107 0.000318 0.077457 0.008375 1.998120
0.887532 0.011126 0.009941 0.005141 0.000315 0.077567 0.008378 1.999220
0.887413 0.011063 0.009950 0.005181 0.000321 0.077691 0.008382 2.000345
0.887307 0.011063 0.009904 0.005141 0.000322 0.077875 0.008389 2.001410
0.887177 0.011087 0.009918 0.005133 0.000326 0.077968 0.008392 2.002471
0.887097 0.011063 0.009938 0.005115 0.000326 0.078064 0.008396 2.003549
0.886988 0.011074 0.009921 0.005125 0.000329 0.078164 0.008400 2.004614
0.886914 0.011038 0.009917 0.005121 0.000323 0.078283 0.008405 2.005711
0.886838 0.010996 0.009945 0.005146 0.000326 0.078345 0.008406 2.006830
0.886732 0.011025 0.009930 0.005123 0.000324 0.078457 0.008411 2.007869
0.886705 0.011019 0.009875 0.005131 0.000324 0.078532 0.008415 2.008912
0.886608 0.011025 0.009875 0.005139 0.000324 0.078610 0.008419 2.009995
0.886508 0.011028 0.009844 0.005171 0.000326 0.078701 0.008422 2.011068
0.886341 0.011061 0.009880 0.005147 0.000323 0.078823 0.008426 2.012155
0.886212 0.011058 0.009842 0.005158 0.000323 0.078977 0.008431 2.013244
0.886083 0.011088 0.009903 0.005175 0.000322 0.078993 0.008436 2.014346
0.886032 0.011038 0.009907 0.005190 0.000324 0.079065 0.008443 2.015444
0.885908 0.011057 0.009917 0.005194 0.000328 0.079149 0.008449 2.016526
0.885752 0.011061 0.009898 0.005223 0.000324 0.079290 0.008452 2.017611
0.885622 0.011061 0.009914 0.005180 0.000330 0.079438 0.008457 2.018688
0.885512 0.011053 0.009912 0.005172 0.000336 0.079555 0.008460 2.019779
0.885428 0.011092 0.009880 0.005167 0.000334 0.079637 0.008463 2.020845
0.885385 0.011062 0.009862 0.005171 0.000340 0.079715 0.008464 2.021919
0.885335 0.011051 0.009816 0.005177 0.000340 0.079805 0.008474 2.022988
0.885284 0.010995 0.009859 0.005141 0.000340 0.079902 0.008479 2.024055
0.885219 0.010990 0.009849 0.005134 0.000344 0.079981 0.008484 2.025137
0.885193 0.010960 0.009877 0.005123 0.000343 0.080015 0.008488 2.026203
0.885093 0.010963 0.009872 0.005114 0.000345 0.080122 0.008491 2.027273
0.885055 0.010945 0.009891 0.005097 0.000347 0.080170 0.008495 2.028348
0.884959 0.010951 0.009851 0.005085 0.000346 0.080308 0.008500 2.029410
0.884834 0.010976 0.009851 0.005103 0.000349 0.080383 0.008504 2.030482
0.884748 0.010944 0.009869 0.005138 0.000344 0.080451 0.008507 2.031584
0.884618 0.010938 0.009937 0.005141 0.000343 0.080512 0.008510 2.032682
0.884537 0.010974 0.009883 0.005118 0.000346 0.080627 0.008515 2.033708
0.884474 0.010939 0.009897 0.005126 0.000341 0.080702 0.008520 2.034831
0.884458 0.010900 0.009892 0.005126 0.000338 0.080760 0.008525 2.035904
0.884385 0.010913 0.009912 0.005121 0.000341 0.080800 0.008528 2.036978
0.884330 0.010924 0.009878 0.005100 0.000342 0.080895 0.008530 2.038024
0.884301 0.010896 0.009856 0.005088 0.000339 0.080985 0.008534 2.039094
0.884304 0.010877 0.009837 0.005096 0.000339 0.081008 0.008540 2.040138
0.884258 0.010894 0.009822 0.005087 0.000335 0.081060 0.008544 2.041169
0.884196 0.010887 0.009825 0.005089 0.000339 0.081115 0.008548 2.042246
0.884127 0.010833 0.009818 0.005083 0.000337 0.081252 0.008551 2.043337
0.884076 0.010782 0.009847 0.005105 0.000332 0.081300 0.008558 2.044434
0.884004 0.010803 0.009862 0.005096 0.000327 0.081346 0.008562 2.045489
0.883960 0.010824 0.009811 0.005079 0.000327 0.081434 0.008564 2.046535
0.883901 0.010844 0.009789 0.005049 0.000329 0.081516 0.008572 2.047581
0.883844 0.010846 0.009820 0.005010 0.000330 0.081574 0.008576 2.048640
0.883813 0.010796 0.009850 0.005029 0.000329 0.081603 0.008581 2.049758
0.883759 0.010826 0.009822 0.005062 0.000332 0.081613 0.008585 2.050815
0.883716 0.010861 0.009827 0.005036 0.000328 0.081643 0.008590 2.051866
0.883641 0.010855 0.009809 0.005042 0.000330 0.081728 0.008594 2.052930
0.883626 0.010877 0.009785 0.005022 0.000326 0.081766 0.008599 2.053975
0.883665 0.010821 0.009784 0.005008 0.000331 0.081789 0.008602 2.055051
0.883615 0.010835 0.009796 0.005009 0.000331 0.081810 0.008604 2.056110
0.883533 0.010870 0.009813 0.005017 0.000324 0.081832 0.008611 2.057185
0.883467 0.010838 0.009831 0.005023 0.000323 0.081900 0.008617 2.058251
0.883393 0.010850 0.009820 0.005018 0.000324 0.081974 0.008621 2.059317
0.883346 0.010849 0.009839 0.005003 0.000317 0.082022 0.008625 2.060374
0.883293 0.010822 0.009809 0.005065 0.000316 0.082067 0.008627 2.061438
0.883303 0.010803 0.009790 0.005080 0.000320 0.082075 0.008629 2.062494
0.883219 0.010795 0.009798 0.005053 0.000316 0.082185 0.008634 2.063541
0.883198 0.010759 0.009807 0.005041 0.000319 0.082240 0.008636 2.064621
0.883178 0.010752 0.009772 0.005058 0.000318 0.082284 0.008639 2.065681
0.883180 0.010718 0.009747 0.005067 0.000317 0.082329 0.008643 2.066746
0.883145 0.010719 0.009719 0.005063 0.000317 0.082390 0.008648 2.067806
0.883118 0.010757 0.009726 0.005041 0.000315 0.082389 0.008653 2.068830
0.883097 0.010760 0.009711 0.005035 0.000321 0.082421 0.008656 2.069876
0.883100 0.010691 0.009730 0.005052 0.000322 0.082444 0.008661 2.070974
0.883089 0.010670 0.009733 0.005060 0.000322 0.082461 0.008665 2.072039
0.883077 0.010651 0.009739 0.005062 0.000323 0.082482 0.008667 2.073101
0.883040 0.010686 0.009730 0.005040 0.000322 0.082510 0.008672 2.074107
0.883052 0.010660 0.009680 0.005051 0.000321 0.082559 0.008677 2.075148
0.883039 0.010627 0.009709 0.005055 0.000323 0.082569 0.008679 2.076231
0.882976 0.010660 0.009673 0.005060 0.000325 0.082624 0.008684 2.077266
0.882921 0.010672 0.009664 0.005034 0.000324 0.082701 0.008685 2.078299
0.882914 0.010686 0.009678 0.005042 0.000322 0.082667 0.008689 2.079342
0.882944 0.010660 0.009687 0.005039 0.000326 0.082648 0.008695 2.080389
0.882885 0.010703 0.009642 0.005003 0.000327 0.082740 0.008699 2.081393
0.882860 0.010731 0.009612 0.005021 0.000325 0.082746 0.008704 2.082416
0.882846 0.010756 0.009628 0.005008 0.000330 0.082723 0.008707 2.083472
0.882842 0.010729 0.009627 0.004977 0.000337 0.082776 0.008712 2.084520
0.882864 0.010718 0.009632 0.004986 0.000337 0.082746 0.008717 2.085551
0.882807 0.010751 0.009684 0.004993 0.000331 0.082711 0.008722 2.086593
0.882870 0.010702 0.009639 0.005002 0.000331 0.082730 0.008727 2.087624
0.882822 0.010683 0.009656 0.005032 0.000332 0.082743 0.008731 2.088704
0.882839 0.010676 0.009671 0.005045 0.000330 0.082705 0.008734 2.089748
0.882801 0.010647 0.009682 0.005026 0.000328 0.082780 0.008736 2.090834
0.882805 0.010649 0.009694 0.005019 0.000327 0.082766 0.008741 2.091890
0.882726 0.010693 0.009680 0.005055 0.000324 0.082780 0.008743 2.092922
0.882771 0.010650 0.009666 0.005095 0.000321 0.082748 0.008748 2.093979
0.882838 0.010577 0.009684 0.005096 0.000326 0.082727 0.008753 2.095031
0.882835 0.010518 0.009689 0.005114 0.000327 0.082759 0.008757 2.096093
