0.347482 0.061683 0.055609 0.032040 0.002041 0.495175 0.005971 1.620448
0.350141 0.059315 0.055454 0.031838 0.002039 0.495214 0.005998 1.626334
0.353588 0.056346 0.055305 0.031506 0.002040 0.495193 0.006022 1.632033
0.357497 0.053201 0.054871 0.031049 0.002037 0.495295 0.006051 1.637416
0.361628 0.050016 0.054421 0.030525 0.002034 0.495299 0.006078 1.642519
0.366133 0.047020 0.053665 0.029966 0.002036 0.495079 0.006103 1.647233
0.370850 0.044127 0.052769 0.029340 0.002044 0.494743 0.006128 1.651597
0.375731 0.041254 0.051741 0.028665 0.002028 0.494419 0.006162 1.655765
0.380653 0.038574 0.050684 0.027932 0.002024 0.493948 0.006186 1.659653
0.385679 0.036060 0.049462 0.027188 0.002021 0.493377 0.006214 1.663258
0.390759 0.033677 0.048305 0.026359 0.002014 0.492652 0.006234 1.666671
0.396029 0.031425 0.047029 0.025618 0.001996 0.491644 0.006259 1.669844
0.401240 0.029273 0.045770 0.024775 0.001999 0.490664 0.006280 1.672879
0.406529 0.027339 0.044333 0.024014 0.001970 0.489513 0.006303 1.675669
0.411904 0.025507 0.042958 0.023171 0.001958 0.488179 0.006324 1.678251
0.417272 0.023785 0.041615 0.022360 0.001960 0.486659 0.006349 1.680719
0.422608 0.022187 0.040216 0.021514 0.001945 0.485158 0.006372 1.682994
0.428124 0.020797 0.038797 0.020747 0.001921 0.483218 0.006396 1.685044
0.433534 0.019415 0.037378 0.019928 0.001897 0.481425 0.006423 1.687029
0.438905 0.018160 0.035983 0.019141 0.001881 0.479481 0.006449 1.688885
0.444416 0.017042 0.034518 0.018342 0.001859 0.477351 0.006473 1.690553
0.449803 0.015921 0.033226 0.017590 0.001838 0.475120 0.006502 1.692196
0.455293 0.014902 0.031890 0.016844 0.001811 0.472737 0.006525 1.693702
0.460737 0.014005 0.030602 0.016111 0.001792 0.470208 0.006544 1.695081
0.466045 0.013187 0.029319 0.015369 0.001763 0.467753 0.006564 1.696371
0.471458 0.012448 0.028059 0.014714 0.001731 0.465000 0.006590 1.697580
0.476929 0.011703 0.026876 0.014079 0.001721 0.462081 0.006612 1.698742
0.482225 0.011031 0.025734 0.013466 0.001688 0.459223 0.006633 1.699846
0.487553 0.010368 0.024630 0.012900 0.001662 0.456234 0.006654 1.700911
0.492858 0.009762 0.023560 0.012320 0.001628 0.453192 0.006679 1.701887
0.498166 0.009203 0.022474 0.011796 0.001601 0.450063 0.006699 1.702795
0.503463 0.008679 0.021490 0.011261 0.001565 0.446823 0.006720 1.703676
0.508693 0.008200 0.020515 0.010764 0.001540 0.443549 0.006739 1.704505
0.513879 0.007719 0.019613 0.010287 0.001496 0.440241 0.006764 1.705306
0.519047 0.007287 0.018700 0.009802 0.001456 0.436922 0.006786 1.706043
0.524182 0.006890 0.017882 0.009362 0.001429 0.433447 0.006807 1.706728
0.529347 0.006513 0.017101 0.008900 0.001400 0.429915 0.006822 1.707402
0.534363 0.006201 0.016288 0.008470 0.001368 0.426466 0.006844 1.707999
0.539437 0.005867 0.015542 0.008089 0.001348 0.422856 0.006862 1.708596
0.544418 0.005567 0.014866 0.007723 0.001315 0.419227 0.006883 1.709158
0.549429 0.005295 0.014194 0.007372 0.001293 0.415521 0.006898 1.709694
0.554325 0.005047 0.013524 0.007023 0.001268 0.411901 0.006913 1.710191
0.559251 0.004791 0.012900 0.006699 0.001232 0.408198 0.006930 1.710685
0.564058 0.004587 0.012308 0.006403 0.001211 0.404489 0.006945 1.711123
0.568940 0.004371 0.011785 0.006103 0.001174 0.400668 0.006959 1.711553
0.573641 0.004158 0.011309 0.005805 0.001143 0.396969 0.006975 1.711973
0.578310 0.003962 0.010780 0.005538 0.001116 0.393300 0.006995 1.712377
0.582908 0.003781 0.010295 0.005251 0.001095 0.389662 0.007007 1.712767
0.587570 0.003628 0.009874 0.005010 0.001068 0.385830 0.007022 1.713126
0.592220 0.003453 0.009411 0.004777 0.001038 0.382066 0.007036 1.713472
0.596743 0.003306 0.008992 0.004559 0.001009 0.378338 0.007052 1.713792
0.601318 0.003156 0.008578 0.004336 0.000988 0.374563 0.007062 1.714123
0.605744 0.003026 0.008164 0.004137 0.000954 0.370900 0.007077 1.714413
0.610162 0.002893 0.007781 0.003971 0.000925 0.367179 0.007090 1.714713
0.614607 0.002775 0.007430 0.003775 0.000900 0.363411 0.007102 1.714988
0.618900 0.002667 0.007131 0.003598 0.000882 0.359711 0.007113 1.715267
0.623287 0.002554 0.006805 0.003433 0.000862 0.355934 0.007124 1.715529
0.627516 0.002438 0.006516 0.003276 0.000838 0.352279 0.007138 1.715786
0.631758 0.002346 0.006213 0.003123 0.000810 0.348601 0.007151 1.716012
0.636052 0.002269 0.005940 0.002986 0.000778 0.344810 0.007164 1.716238
0.640113 0.002186 0.005665 0.002854 0.000756 0.341253 0.007174 1.716459
0.644178 0.002096 0.005410 0.002733 0.000731 0.337668 0.007184 1.716683
0.648262 0.002022 0.005164 0.002609 0.000707 0.334038 0.007198 1.716880
0.652264 0.001944 0.004958 0.002488 0.000689 0.330450 0.007208 1.717080
0.656284 0.001853 0.004783 0.002370 0.000672 0.326824 0.007214 1.717280
0.660252 0.001793 0.004584 0.002263 0.000651 0.323236 0.007221 1.717466
0.664175 0.001759 0.004369 0.002143 0.000637 0.319685 0.007231 1.717613
0.667974 0.001713 0.004163 0.002033 0.000619 0.316259 0.007240 1.717781
0.671794 0.001665 0.003981 0.001938 0.000604 0.312769 0.007249 1.717948
0.675630 0.001594 0.003799 0.001846 0.000587 0.309287 0.007258 1.718118
0.679387 0.001541 0.003631 0.001768 0.000562 0.305839 0.007272 1.718263
0.683057 0.001505 0.003486 0.001695 0.000543 0.302430 0.007284 1.718410
0.686717 0.001448 0.003355 0.001622 0.000521 0.299040 0.007297 1.718562
0.690253 0.001396 0.003191 0.001544 0.000514 0.295799 0.007302 1.718703
0.693905 0.001346 0.003075 0.001470 0.000497 0.292398 0.007309 1.718842
0.697378 0.001298 0.002973 0.001401 0.000473 0.289161 0.007316 1.718969
0.700863 0.001247 0.002871 0.001346 0.000456 0.285891 0.007327 1.719105
0.704303 0.001200 0.002758 0.001296 0.000438 0.282674 0.007332 1.719232
0.707775 0.001160 0.002643 0.001227 0.000427 0.279431 0.007337 1.719348
0.711149 0.001126 0.002534 0.001167 0.000411 0.276269 0.007344 1.719451
0.714513 0.001097 0.002446 0.001125 0.000402 0.273068 0.007350 1.719561
0.717786 0.001056 0.002357 0.001081 0.000391 0.269974 0.007355 1.719672
0.721035 0.001025 0.002262 0.001034 0.000373 0.266910 0.007361 1.719777
0.724258 0.001000 0.002175 0.000985 0.000364 0.263855 0.007364 1.719874
0.727502 0.000957 0.002088 0.000943 0.000353 0.260789 0.007368 1.719972
0.730693 0.000933 0.001993 0.000917 0.000343 0.257749 0.007372 1.720065
0.733880 0.000917 0.001897 0.000886 0.000333 0.254712 0.007376 1.720145
0.736885 0.000887 0.001834 0.000849 0.000322 0.251842 0.007381 1.720234
0.739947 0.000864 0.001768 0.000818 0.000310 0.248908 0.007387 1.720315
0.742939 0.000840 0.001699 0.000785 0.000299 0.246050 0.007389 1.720398
0.745955 0.000827 0.001639 0.000749 0.000289 0.243148 0.007393 1.720475
0.748995 0.000798 0.001586 0.000717 0.000284 0.240226 0.007396 1.720558
0.751919 0.000776 0.001514 0.000693 0.000273 0.237423 0.007403 1.720636
0.754788 0.000765 0.001438 0.000660 0.000266 0.234679 0.007404 1.720704
0.757691 0.000745 0.001387 0.000632 0.000260 0.231877 0.007407 1.720773
0.760542 0.000740 0.001340 0.000608 0.000248 0.229112 0.007410 1.720834
0.763384 0.000718 0.001291 0.000586 0.000242 0.226367 0.007413 1.720906
0.766151 0.000696 0.001255 0.000569 0.000234 0.223680 0.007416 1.720976
0.768858 0.000695 0.001216 0.000550 0.000226 0.221037 0.007419 1.721036
0.771537 0.000666 0.001186 0.000527 0.000223 0.218440 0.007422 1.721106
0.774234 0.000647 0.001141 0.000507 0.000216 0.215829 0.007427 1.721164
0.776830 0.000623 0.001100 0.000501 0.000210 0.213307 0.007430 1.721229
0.779405 0.000611 0.001070 0.000488 0.000202 0.210792 0.007433 1.721289
0.781969 0.000596 0.001038 0.000464 0.000195 0.208301 0.007436 1.721343
0.784466 0.000577 0.001009 0.000457 0.000187 0.205866 0.007439 1.721403
0.786984 0.000578 0.000971 0.000438 0.000184 0.203404 0.007442 1.721447
0.789447 0.000570 0.000937 0.000432 0.000178 0.200994 0.007443 1.721498
0.791872 0.000562 0.000907 0.000421 0.000171 0.198622 0.007446 1.721552
0.794271 0.000545 0.000871 0.000411 0.000167 0.196288 0.007447 1.721611
0.796712 0.000536 0.000850 0.000392 0.000161 0.193898 0.007450 1.721660
0.799157 0.000521 0.000828 0.000379 0.000157 0.191503 0.007453 1.721711
0.801517 0.000508 0.000803 0.000371 0.000148 0.189198 0.007455 1.721764
0.803787 0.000494 0.000789 0.000361 0.000142 0.186971 0.007457 1.721816
0.806104 0.000476 0.000760 0.000360 0.000137 0.184703 0.007460 1.721872
0.808353 0.000470 0.000732 0.000350 0.000132 0.182500 0.007463 1.721915
0.810581 0.000468 0.000709 0.000335 0.000128 0.180313 0.007465 1.721953
0.812722 0.000466 0.000691 0.000328 0.000121 0.178205 0.007468 1.721997
0.814939 0.000463 0.000675 0.000319 0.000121 0.176012 0.007470 1.722039
0.817080 0.000458 0.000652 0.000312 0.000119 0.173907 0.007472 1.722085
0.819209 0.000447 0.000633 0.000310 0.000116 0.171811 0.007475 1.722129
0.821254 0.000428 0.000618 0.000302 0.000113 0.169810 0.007476 1.722173
0.823306 0.000423 0.000604 0.000297 0.000110 0.167783 0.007477 1.722219
0.825335 0.000413 0.000589 0.000290 0.000108 0.165787 0.007478 1.722266
0.827414 0.000415 0.000578 0.000276 0.000104 0.163733 0.007481 1.722304
0.829408 0.000394 0.000568 0.000272 0.000102 0.161773 0.007482 1.722349
0.831367 0.000384 0.000557 0.000262 0.000103 0.159846 0.007482 1.722388
0.833333 0.000368 0.000547 0.000248 0.000100 0.157920 0.007484 1.722426
0.835281 0.000368 0.000531 0.000234 0.000094 0.156006 0.007486 1.722458
0.837244 0.000352 0.000515 0.000232 0.000093 0.154079 0.007486 1.722494
0.839135 0.000346 0.000511 0.000224 0.000091 0.152205 0.007488 1.722532
0.840999 0.000332 0.000507 0.000223 0.000090 0.150360 0.007488 1.722575
0.842792 0.000333 0.000490 0.000226 0.000086 0.148585 0.007489 1.722607
0.844620 0.000324 0.000480 0.000223 0.000081 0.146782 0.007491 1.722639
0.846374 0.000330 0.000463 0.000212 0.000080 0.145049 0.007492 1.722662
0.848187 0.000322 0.000449 0.000202 0.000078 0.143267 0.007493 1.722691
0.849901 0.000321 0.000438 0.000197 0.000077 0.141574 0.007493 1.722717
0.851585 0.000319 0.000424 0.000192 0.000075 0.139910 0.007494 1.722743
0.853265 0.000313 0.000411 0.000193 0.000073 0.138250 0.007495 1.722776
0.854929 0.000309 0.000397 0.000184 0.000072 0.136614 0.007495 1.722799
0.856570 0.000303 0.000388 0.000180 0.000070 0.134993 0.007496 1.722832
0.858130 0.000295 0.000377 0.000176 0.000067 0.133458 0.007498 1.722866
0.859750 0.000292 0.000368 0.000178 0.000064 0.131848 0.007499 1.722894
0.861341 0.000286 0.000368 0.000177 0.000063 0.130265 0.007501 1.722925
0.862891 0.000273 0.000372 0.000168 0.000059 0.128735 0.007503 1.722957
0.864444 0.000273 0.000362 0.000166 0.000056 0.127195 0.007504 1.722981
0.865935 0.000272 0.000355 0.000166 0.000055 0.125711 0.007505 1.723008
0.867434 0.000266 0.000352 0.000158 0.000052 0.124230 0.007507 1.723037
0.868874 0.000264 0.000348 0.000159 0.000048 0.122798 0.007508 1.723063
0.870278 0.000265 0.000340 0.000158 0.000045 0.121403 0.007511 1.723084
0.871699 0.000251 0.000334 0.000161 0.000045 0.119999 0.007511 1.723115
0.873085 0.000254 0.000326 0.000154 0.000045 0.118625 0.007511 1.723133
0.874396 0.000250 0.000320 0.000152 0.000044 0.117326 0.007512 1.723158
0.875706 0.000241 0.000318 0.000153 0.000042 0.116026 0.007513 1.723189
0.876972 0.000236 0.000315 0.000148 0.000041 0.114776 0.007513 1.723211
0.878240 0.000236 0.000312 0.000142 0.000039 0.113518 0.007514 1.723230
0.879489 0.000229 0.000311 0.000136 0.000038 0.112282 0.007515 1.723254
0.880738 0.000223 0.000299 0.000135 0.000037 0.111053 0.007515 1.723274
0.881995 0.000213 0.000293 0.000136 0.000036 0.109812 0.007516 1.723299
0.883169 0.000219 0.000286 0.000131 0.000036 0.108643 0.007516 1.723319
0.884336 0.000219 0.000277 0.000128 0.000035 0.107488 0.007516 1.723338
0.885462 0.000218 0.000271 0.000125 0.000035 0.106373 0.007517 1.723361
0.886517 0.000213 0.000271 0.000123 0.000033 0.105326 0.007518 1.723387
0.887561 0.000213 0.000263 0.000123 0.000031 0.104291 0.007518 1.723407
0.888614 0.000207 0.000260 0.000119 0.000030 0.103251 0.007518 1.723424
0.889626 0.000204 0.000252 0.000118 0.000029 0.102252 0.007519 1.723442
0.890647 0.000205 0.000249 0.000117 0.000027 0.101234 0.007520 1.723460
0.891603 0.000205 0.000238 0.000119 0.000026 0.100288 0.007522 1.723480
0.892552 0.000198 0.000236 0.000118 0.000024 0.099351 0.007522 1.723499
0.893476 0.000193 0.000232 0.000113 0.000025 0.098438 0.007522 1.723518
0.894375 0.000182 0.000229 0.000114 0.000024 0.097554 0.007522 1.723542
0.895259 0.000175 0.000231 0.000113 0.000024 0.096675 0.007522 1.723562
0.896129 0.000169 0.000225 0.000113 0.000023 0.095819 0.007522 1.723581
0.896968 0.000165 0.000225 0.000110 0.000023 0.094986 0.007523 1.723601
0.897806 0.000163 0.000220 0.000109 0.000023 0.094155 0.007524 1.723616
0.898598 0.000163 0.000213 0.000106 0.000022 0.093374 0.007524 1.723631
0.899393 0.000162 0.000209 0.000104 0.000022 0.092585 0.007524 1.723648
0.900193 0.000157 0.000210 0.000102 0.000022 0.091792 0.007524 1.723668
0.900945 0.000167 0.000203 0.000098 0.000022 0.091041 0.007524 1.723679
0.901652 0.000162 0.000201 0.000097 0.000020 0.090343 0.007525 1.723700
0.902352 0.000159 0.000201 0.000093 0.000020 0.089650 0.007525 1.723716
0.903013 0.000157 0.000199 0.000092 0.000018 0.088995 0.007526 1.723734
0.903647 0.000151 0.000201 0.000093 0.000017 0.088365 0.007526 1.723755
0.904294 0.000155 0.000196 0.000094 0.000016 0.087719 0.007526 1.723771
0.904893 0.000152 0.000190 0.000091 0.000016 0.087132 0.007526 1.723786
0.905500 0.000148 0.000184 0.000090 0.000015 0.086536 0.007526 1.723800
0.906097 0.000149 0.000179 0.000088 0.000015 0.085945 0.007527 1.723810
0.906633 0.000150 0.000176 0.000085 0.000014 0.085414 0.007528 1.723821
0.907190 0.000155 0.000168 0.000085 0.000014 0.084860 0.007528 1.723834
0.907739 0.000148 0.000167 0.000084 0.000013 0.084320 0.007528 1.723850
0.908290 0.000145 0.000162 0.000084 0.000013 0.083777 0.007528 1.723865
0.908803 0.000145 0.000160 0.000083 0.000013 0.083267 0.007529 1.723877
0.909294 0.000146 0.000156 0.000081 0.000013 0.082780 0.007529 1.723885
0.909782 0.000140 0.000157 0.000080 0.000012 0.082298 0.007529 1.723900
0.910249 0.000137 0.000155 0.000079 0.000012 0.081838 0.007529 1.723914
0.910688 0.000133 0.000157 0.000080 0.000012 0.081400 0.007529 1.723929
0.911131 0.000131 0.000153 0.000077 0.000012 0.080966 0.007530 1.723944
0.911558 0.000132 0.000152 0.000074 0.000013 0.080541 0.007530 1.723956
0.911970 0.000130 0.000152 0.000074 0.000012 0.080132 0.007530 1.723967
0.912360 0.000125 0.000150 0.000072 0.000012 0.079751 0.007530 1.723979
0.912747 0.000127 0.000146 0.000066 0.000012 0.079372 0.007530 1.723987
0.913103 0.000126 0.000142 0.000065 0.000011 0.079023 0.007530 1.723999
0.913501 0.000126 0.000139 0.000065 0.000010 0.078627 0.007531 1.724008
0.913893 0.000121 0.000139 0.000066 0.000009 0.078241 0.007531 1.724022
0.914246 0.000122 0.000136 0.000066 0.000009 0.077889 0.007531 1.724033
0.914604 0.000115 0.000138 0.000067 0.000009 0.077536 0.007531 1.724048
0.914965 0.000115 0.000131 0.000067 0.000009 0.077182 0.007531 1.724057
0.915311 0.000117 0.000132 0.000064 0.000008 0.076836 0.007532 1.724066
0.915625 0.000116 0.000132 0.000061 0.000008 0.076526 0.007532 1.724079
0.915939 0.000112 0.000131 0.000059 0.000008 0.076218 0.007532 1.724091
0.916242 0.000106 0.000132 0.000060 0.000008 0.075920 0.007532 1.724104
0.916528 0.000102 0.000132 0.000058 0.000008 0.075639 0.007532 1.724117
0.916810 0.000098 0.000131 0.000059 0.000008 0.075362 0.007532 1.724126
0.917069 0.000097 0.000129 0.000056 0.000007 0.075109 0.007532 1.724135
0.917341 0.000085 0.000126 0.000058 0.000007 0.074851 0.007532 1.724149
0.917604 0.000087 0.000120 0.000058 0.000007 0.074591 0.007532 1.724156
0.917863 0.000085 0.000116 0.000054 0.000007 0.074342 0.007532 1.724163
0.918110 0.000088 0.000110 0.000052 0.000007 0.074100 0.007532 1.724169
0.918376 0.000084 0.000110 0.000050 0.000006 0.073841 0.007532 1.724178
0.918629 0.000081 0.000109 0.000051 0.000006 0.073591 0.007532 1.724189
0.918859 0.000081 0.000110 0.000049 0.000007 0.073362 0.007532 1.724199
0.919102 0.000079 0.000107 0.000046 0.000006 0.073127 0.007532 1.724206
0.919323 0.000079 0.000106 0.000043 0.000006 0.072910 0.007532 1.724212
0.919561 0.000077 0.000105 0.000044 0.000006 0.072674 0.007532 1.724223
0.919783 0.000076 0.000099 0.000043 0.000007 0.072460 0.007532 1.724229
0.920025 0.000076 0.000092 0.000044 0.000006 0.072223 0.007533 1.724235
0.920249 0.000075 0.000091 0.000044 0.000006 0.072001 0.007533 1.724244
0.920450 0.000073 0.000091 0.000045 0.000005 0.071804 0.007533 1.724251
0.920646 0.000072 0.000088 0.000045 0.000005 0.071611 0.007533 1.724256
0.920859 0.000069 0.000087 0.000044 0.000005 0.071402 0.007533 1.724263
0.921062 0.000069 0.000083 0.000041 0.000005 0.071206 0.007533 1.724268
0.921244 0.000064 0.000084 0.000042 0.000005 0.071030 0.007533 1.724277
0.921417 0.000059 0.000082 0.000043 0.000005 0.070862 0.007533 1.724287
0.921603 0.000060 0.000079 0.000041 0.000005 0.070680 0.007533 1.724291
0.921771 0.000059 0.000078 0.000041 0.000005 0.070514 0.007533 1.724297
0.921932 0.000062 0.000076 0.000040 0.000005 0.070353 0.007533 1.724301
0.922084 0.000061 0.000076 0.000038 0.000005 0.070203 0.007533 1.724308
0.922245 0.000059 0.000072 0.000040 0.000005 0.070046 0.007533 1.724314
0.922374 0.000058 0.000074 0.000040 0.000005 0.069918 0.007533 1.724320
0.922529 0.000051 0.000074 0.000041 0.000003 0.069768 0.007534 1.724328
0.922669 0.000051 0.000072 0.000040 0.000003 0.069631 0.007534 1.724332
0.922797 0.000049 0.000067 0.000039 0.000003 0.069510 0.007534 1.724335
0.922929 0.000042 0.000068 0.000040 0.000003 0.069384 0.007534 1.724344
0.923037 0.000043 0.000068 0.000038 0.000003 0.069277 0.007534 1.724348
0.923166 0.000042 0.000068 0.000036 0.000003 0.069151 0.007534 1.724354
0.923272 0.000043 0.000067 0.000037 0.000003 0.069044 0.007534 1.724358
0.923381 0.000043 0.000067 0.000036 0.000003 0.068936 0.007534 1.724363
0.923488 0.000045 0.000065 0.000033 0.000003 0.068831 0.007534 1.724366
0.923601 0.000046 0.000063 0.000031 0.000003 0.068722 0.007534 1.724369
0.923705 0.000047 0.000065 0.000030 0.000003 0.068615 0.007534 1.724375
0.923799 0.000048 0.000067 0.000027 0.000003 0.068522 0.007534 1.724380
0.923888 0.000050 0.000065 0.000028 0.000003 0.068432 0.007534 1.724386
0.923982 0.000054 0.000064 0.000026 0.000003 0.068337 0.007534 1.724389
0.924087 0.000052 0.000064 0.000028 0.000003 0.068233 0.007534 1.724397
0.924174 0.000051 0.000065 0.000028 0.000003 0.068145 0.007534 1.724404
0.924274 0.000051 0.000062 0.000027 0.000003 0.068048 0.007534 1.724407
0.924368 0.000053 0.000064 0.000027 0.000003 0.067951 0.007534 1.724412
0.924463 0.000052 0.000059 0.000027 0.000003 0.067862 0.007534 1.724417
0.924564 0.000049 0.000058 0.000027 0.000003 0.067765 0.007534 1.724423
0.924655 0.000048 0.000059 0.000027 0.000003 0.067675 0.007534 1.724428
0.924738 0.000047 0.000058 0.000026 0.000003 0.067594 0.007534 1.724434
0.924823 0.000046 0.000056 0.000026 0.000003 0.067512 0.007534 1.724438
0.924907 0.000047 0.000056 0.000026 0.000004 0.067426 0.007534 1.724443
0.924970 0.000048 0.000054 0.000027 0.000003 0.067363 0.007534 1.724446
0.925045 0.000046 0.000054 0.000029 0.000003 0.067290 0.007534 1.724450
0.925109 0.000047 0.000050 0.000029 0.000003 0.067228 0.007534 1.724455
0.925177 0.000044 0.000052 0.000030 0.000003 0.067160 0.007534 1.724462
0.925256 0.000044 0.000051 0.000029 0.000003 0.067084 0.007534 1.724465
0.925322 0.000047 0.000050 0.000027 0.000003 0.067017 0.007534 1.724468
0.925385 0.000046 0.000052 0.000026 0.000003 0.066955 0.007534 1.724474
0.925446 0.000047 0.000051 0.000027 0.000003 0.066893 0.007534 1.724478
0.925512 0.000045 0.000052 0.000025 0.000003 0.066829 0.007534 1.724484
0.925578 0.000046 0.000052 0.000025 0.000003 0.066762 0.007534 1.724489
0.925631 0.000047 0.000053 0.000023 0.000003 0.066708 0.007534 1.724494
0.925690 0.000046 0.000053 0.000023 0.000003 0.066651 0.007534 1.724500
0.925736 0.000046 0.000053 0.000021 0.000003 0.066608 0.007535 1.724506
0.925794 0.000044 0.000050 0.000022 0.000003 0.066553 0.007535 1.724510
0.925854 0.000044 0.000049 0.000025 0.000003 0.066491 0.007535 1.724516
0.925902 0.000045 0.000049 0.000026 0.000003 0.066441 0.007535 1.724521
0.925953 0.000044 0.000051 0.000024 0.000003 0.066390 0.007535 1.724526
0.925999 0.000043 0.000050 0.000024 0.000003 0.066347 0.007535 1.724528
0.926056 0.000044 0.000049 0.000023 0.000003 0.066291 0.007535 1.724531
0.926101 0.000043 0.000049 0.000024 0.000003 0.066246 0.007535 1.724536
0.926134 0.000044 0.000048 0.000023 0.000003 0.066213 0.007535 1.724538
0.926170 0.000048 0.000047 0.000023 0.000003 0.066175 0.007535 1.724541
0.926209 0.000049 0.000047 0.000024 0.000003 0.066135 0.007535 1.724545
0.926250 0.000049 0.000044 0.000023 0.000003 0.066097 0.007535 1.724548
0.926289 0.000045 0.000048 0.000025 0.000003 0.066055 0.007535 1.724557
0.926320 0.000044 0.000048 0.000026 0.000003 0.066025 0.007535 1.724564
0.926359 0.000044 0.000048 0.000027 0.000003 0.065985 0.007535 1.724568
0.926390 0.000046 0.000046 0.000025 0.000003 0.065955 0.007535 1.724570
0.926429 0.000047 0.000046 0.000026 0.000003 0.065915 0.007535 1.724574
0.926463 0.000045 0.000048 0.000024 0.000003 0.065882 0.007535 1.724579
0.926501 0.000044 0.000048 0.000025 0.000003 0.065845 0.007535 1.724583
0.926538 0.000043 0.000049 0.000023 0.000003 0.065809 0.007535 1.724588
0.926570 0.000042 0.000051 0.000023 0.000003 0.065776 0.007535 1.724592
0.926602 0.000040 0.000050 0.000023 0.000003 0.065746 0.007535 1.724597
0.926635 0.000041 0.000048 0.000022 0.000003 0.065717 0.007535 1.724599
0.926665 0.000038 0.000047 0.000019 0.000003 0.065694 0.007535 1.724603
0.926695 0.000038 0.000043 0.000018 0.000002 0.065669 0.007535 1.724605
0.926721 0.000037 0.000044 0.000017 0.000002 0.065645 0.007535 1.724608
0.926745 0.000037 0.000042 0.000014 0.000002 0.065626 0.007535 1.724611
0.926775 0.000037 0.000041 0.000015 0.000002 0.065596 0.007535 1.724614
0.926807 0.000036 0.000041 0.000016 0.000002 0.065564 0.007535 1.724618
0.926832 0.000035 0.000040 0.000015 0.000002 0.065542 0.007535 1.724620
0.926854 0.000034 0.000041 0.000015 0.000002 0.065520 0.007535 1.724624
0.926885 0.000033 0.000038 0.000016 0.000002 0.065492 0.007535 1.724627
0.926912 0.000030 0.000039 0.000015 0.000002 0.065469 0.007535 1.724631
0.926940 0.000030 0.000039 0.000015 0.000002 0.065440 0.007535 1.724634
0.926960 0.000032 0.000039 0.000015 0.000002 0.065418 0.007535 1.724637
0.926980 0.000036 0.000039 0.000015 0.000001 0.065394 0.007535 1.724638
0.927000 0.000033 0.000040 0.000014 0.000002 0.065376 0.007535 1.724644
0.927017 0.000030 0.000038 0.000015 0.000002 0.065363 0.007535 1.724648
0.927037 0.000031 0.000036 0.000014 0.000002 0.065345 0.007535 1.724651
0.927058 0.000032 0.000038 0.000012 0.000002 0.065324 0.007535 1.724653
0.927079 0.000032 0.000037 0.000011 0.000002 0.065304 0.007535 1.724656
0.927092 0.000031 0.000036 0.000010 0.000002 0.065295 0.007535 1.724659
0.927105 0.000029 0.000037 0.000010 0.000002 0.065283 0.007535 1.724663
0.927121 0.000028 0.000036 0.000009 0.000002 0.065269 0.007535 1.724667
0.927137 0.000026 0.000036 0.000008 0.000002 0.065256 0.007535 1.724671
0.927153 0.000027 0.000035 0.000008 0.000002 0.065240 0.007535 1.724672
0.927171 0.000027 0.000035 0.000007 0.000002 0.065224 0.007535 1.724674
0.927191 0.000025 0.000033 0.000008 0.000002 0.065205 0.007535 1.724676
0.927205 0.000027 0.000033 0.000009 0.000002 0.065190 0.007535 1.724678
0.927218 0.000029 0.000032 0.000008 0.000001 0.065178 0.007535 1.724679
0.927232 0.000029 0.000031 0.000007 0.000001 0.065165 0.007535 1.724680
0.927247 0.000030 0.000031 0.000007 0.000001 0.065150 0.007535 1.724681
0.927260 0.000027 0.000033 0.000007 0.000001 0.065138 0.007535 1.724686
0.927277 0.000025 0.000032 0.000009 0.000000 0.065121 0.007535 1.724690
0.927293 0.000025 0.000031 0.000008 0.000000 0.065108 0.007535 1.724691
0.927301 0.000024 0.000031 0.000008 0.000000 0.065099 0.007535 1.724694
0.927318 0.000024 0.000030 0.000009 0.000000 0.065085 0.007535 1.724696
0.927330 0.000023 0.000028 0.000009 0.000000 0.065075 0.007535 1.724699
0.927340 0.000021 0.000030 0.000010 0.000000 0.065065 0.007535 1.724703
0.927353 0.000021 0.000029 0.000010 0.000000 0.065051 0.007535 1.724705
0.927363 0.000023 0.000031 0.000010 0.000000 0.065038 0.007535 1.724706
0.927378 0.000023 0.000032 0.000009 0.000000 0.065023 0.007535 1.724708
0.927392 0.000022 0.000031 0.000010 0.000000 0.065010 0.007535 1.724713
0.927401 0.000022 0.000030 0.000010 0.000000 0.065002 0.007535 1.724714
0.927409 0.000022 0.000028 0.000008 0.000000 0.064997 0.007535 1.724715
0.927419 0.000020 0.000031 0.000009 0.000000 0.064986 0.007535 1.724719
0.927431 0.000020 0.000029 0.000010 0.000000 0.064975 0.007535 1.724720
0.927446 0.000020 0.000027 0.000010 0.000000 0.064962 0.007535 1.724721
0.927457 0.000019 0.000027 0.000010 0.000000 0.064951 0.007535 1.724723
0.927468 0.000016 0.000029 0.000009 0.000000 0.064943 0.007535 1.724727
0.927482 0.000017 0.000027 0.000008 0.000000 0.064931 0.007535 1.724728
0.927493 0.000016 0.000024 0.000008 0.000000 0.064923 0.007535 1.724730
0.927505 0.000015 0.000024 0.000008 0.000000 0.064911 0.007535 1.724732
0.927516 0.000016 0.000024 0.000008 0.000000 0.064901 0.007535 1.724734
0.927526 0.000017 0.000023 0.000008 0.000000 0.064892 0.007535 1.724736
0.927535 0.000018 0.000022 0.000008 0.000000 0.064882 0.007535 1.724737
0.927543 0.000017 0.000021 0.000008 0.000000 0.064875 0.007535 1.724739
0.927549 0.000019 0.000020 0.000007 0.000000 0.064870 0.007535 1.724740
0.927557 0.000019 0.000020 0.000006 0.000000 0.064862 0.007535 1.724742
0.927565 0.000021 0.000021 0.000007 0.000000 0.064852 0.007535 1.724744
0.927572 0.000020 0.000023 0.000006 0.000000 0.064844 0.007535 1.724746
0.927580 0.000020 0.000022 0.000006 0.000000 0.064837 0.007535 1.724748
0.927587 0.000020 0.000022 0.000006 0.000000 0.064830 0.007535 1.724750
0.927595 0.000019 0.000020 0.000007 0.000000 0.064823 0.007535 1.724752
0.927604 0.000017 0.000022 0.000007 0.000000 0.064814 0.007535 1.724755
0.927615 0.000018 0.000022 0.000008 0.000000 0.064803 0.007535 1.724757
0.927623 0.000017 0.000021 0.000008 0.000000 0.064796 0.007535 1.724759
0.927633 0.000017 0.000019 0.000008 0.000001 0.064787 0.007535 1.724760
0.927642 0.000014 0.000019 0.000009 0.000001 0.064780 0.007535 1.724763
0.927649 0.000013 0.000016 0.000009 0.000001 0.064777 0.007535 1.724764
0.927655 0.000012 0.000017 0.000009 0.000001 0.064771 0.007535 1.724766
0.927663 0.000012 0.000017 0.000008 0.000001 0.064764 0.007535 1.724767
0.927669 0.000011 0.000017 0.000008 0.000001 0.064760 0.007535 1.724768
0.927678 0.000010 0.000018 0.000007 0.000001 0.064751 0.007535 1.724770
0.927684 0.000011 0.000016 0.000007 0.000001 0.064746 0.007535 1.724771
0.927693 0.000011 0.000015 0.000006 0.000001 0.064738 0.007535 1.724772
0.927699 0.000012 0.000015 0.000005 0.000001 0.064733 0.007535 1.724772
0.927708 0.000012 0.000015 0.000005 0.000001 0.064725 0.007535 1.724773
0.927712 0.000012 0.000013 0.000005 0.000001 0.064722 0.007535 1.724773
0.927719 0.000012 0.000012 0.000005 0.000001 0.064717 0.007535 1.724774
0.927725 0.000012 0.000012 0.000005 0.000001 0.064711 0.007535 1.724775
0.927728 0.000013 0.000011 0.000005 0.000001 0.064707 0.007535 1.724776
0.927736 0.000013 0.000011 0.000005 0.000001 0.064700 0.007535 1.724776
0.927744 0.000013 0.000010 0.000005 0.000000 0.064691 0.007536 1.724777
0.927746 0.000014 0.000010 0.000005 0.000000 0.064690 0.007536 1.724779
0.927750 0.000014 0.000010 0.000005 0.000000 0.064685 0.007536 1.724780
0.927756 0.000014 0.000011 0.000004 0.000000 0.064679 0.007536 1.724781
0.927759 0.000012 0.000012 0.000004 0.000000 0.064678 0.007536 1.724783
0.927762 0.000011 0.000012 0.000004 0.000000 0.064675 0.007536 1.724784
0.927768 0.000010 0.000012 0.000004 0.000000 0.064670 0.007536 1.724785
0.927775 0.000010 0.000011 0.000005 0.000000 0.064664 0.007536 1.724787
0.927781 0.000010 0.000011 0.000004 0.000000 0.064658 0.007536 1.724787
0.927786 0.000010 0.000011 0.000004 0.000000 0.064654 0.007536 1.724788
0.927790 0.000008 0.000010 0.000005 0.000000 0.064651 0.007536 1.724790
0.927793 0.000008 0.000008 0.000005 0.000000 0.064650 0.007536 1.724791
0.927796 0.000008 0.000008 0.000005 0.000000 0.064647 0.007536 1.724791
0.927798 0.000008 0.000008 0.000005 0.000000 0.064645 0.007536 1.724792
0.927802 0.000008 0.000008 0.000003 0.000001 0.064643 0.007536 1.724792
0.927805 0.000007 0.000008 0.000003 0.000001 0.064640 0.007536 1.724793
0.927809 0.000007 0.000008 0.000003 0.000001 0.064638 0.007536 1.724794
0.927810 0.000006 0.000007 0.000003 0.000001 0.064637 0.007536 1.724795
0.927812 0.000006 0.000008 0.000003 0.000001 0.064634 0.007536 1.724796
0.927816 0.000006 0.000008 0.000003 0.000001 0.064630 0.007536 1.724797
0.927819 0.000006 0.000008 0.000003 0.000001 0.064628 0.007536 1.724797
0.927822 0.000005 0.000007 0.000003 0.000001 0.064626 0.007536 1.724797
0.927827 0.000003 0.000008 0.000003 0.000001 0.064622 0.007536 1.724799
0.927829 0.000004 0.000007 0.000003 0.000001 0.064620 0.007536 1.724800
0.927832 0.000004 0.000006 0.000003 0.000001 0.064618 0.007536 1.724800
0.927834 0.000005 0.000006 0.000003 0.000001 0.064616 0.007536 1.724800
0.927836 0.000005 0.000004 0.000003 0.000001 0.064615 0.007536 1.724800
0.927839 0.000004 0.000004 0.000004 0.000001 0.064613 0.007536 1.724801
0.927841 0.000005 0.000003 0.000003 0.000000 0.064612 0.007536 1.724801
0.927844 0.000005 0.000003 0.000003 0.000000 0.064609 0.007536 1.724801
0.927846 0.000004 0.000003 0.000002 0.000000 0.064609 0.007536 1.724802
0.927848 0.000004 0.000003 0.000001 0.000000 0.064608 0.007536 1.724802
0.927850 0.000004 0.000003 0.000002 0.000000 0.064606 0.007536 1.724802
0.927852 0.000004 0.000003 0.000002 0.000000 0.064603 0.007536 1.724802
0.927853 0.000003 0.000003 0.000002 0.000000 0.064603 0.007536 1.724803
0.927854 0.000003 0.000003 0.000002 0.000000 0.064601 0.007536 1.724803
0.927855 0.000003 0.000003 0.000002 0.000000 0.064600 0.007537 1.724803
0.927856 0.000003 0.000003 0.000002 0.000000 0.064600 0.007537 1.724804
0.927857 0.000003 0.000003 0.000002 0.000000 0.064599 0.007537 1.724804
0.927858 0.000003 0.000003 0.000002 0.000000 0.064597 0.007537 1.724804
0.927860 0.000002 0.000003 0.000003 0.000000 0.064595 0.007537 1.724805
0.927863 0.000002 0.000003 0.000003 0.000000 0.064593 0.007537 1.724805
0.927863 0.000002 0.000002 0.000002 0.000000 0.064594 0.007537 1.724805
0.927866 0.000002 0.000001 0.000002 0.000000 0.064592 0.007537 1.724805
0.927867 0.000002 0.000002 0.000002 0.000000 0.064591 0.007537 1.724805
0.927868 0.000002 0.000002 0.000002 0.000000 0.064590 0.007537 1.724805
0.927871 0.000002 0.000001 0.000002 0.000000 0.064588 0.007537 1.724805
0.927873 0.000002 0.000001 0.000002 0.000000 0.064586 0.007537 1.724805
0.927875 0.000002 0.000001 0.000001 0.000000 0.064585 0.007537 1.724805
0.927876 0.000002 0.000001 0.000000 0.000000 0.064584 0.007537 1.724805
0.927878 0.000002 0.000001 0.000000 0.000000 0.064583 0.007537 1.724805
0.927878 0.000001 0.000002 0.000000 0.000000 0.064583 0.007537 1.724806
0.927879 0.000001 0.000002 0.000000 0.000000 0.064582 0.007537 1.724806
0.927879 0.000000 0.000002 0.000000 0.000000 0.064581 0.007537 1.724806
0.927880 0.000000 0.000002 0.000000 0.000000 0.064580 0.007537 1.724806
0.927882 0.000000 0.000002 0.000000 0.000000 0.064579 0.007537 1.724806
0.927883 0.000000 0.000002 0.000000 0.000000 0.064579 0.007537 1.724806
0.927883 0.000000 0.000002 0.000000 0.000000 0.064578 0.007537 1.724806
0.927884 0.000000 0.000001 0.000000 0.000000 0.064578 0.007537 1.724806
0.927885 0.000000 0.000001 0.000000 0.000000 0.064577 0.007537 1.724806
0.927886 0.000000 0.000001 0.000000 0.000000 0.064576 0.007537 1.724806
0.927887 0.000000 0.000001 0.000000 0.000000 0.064575 0.007537 1.724806
0.927887 0.000001 0.000001 0.000000 0.000000 0.064574 0.007537 1.724806
0.927888 0.000000 0.000001 0.000000 0.000000 0.064574 0.007537 1.724807
0.927888 0.000000 0.000001 0.000000 0.000000 0.064574 0.007537 1.724807
0.927889 0.000000 0.000000 0.000000 0.000000 0.064574 0.007537 1.724807
0.927889 0.000000 0.000000 0.000000 0.000000 0.064573 0.007537 1.724807
0.927890 0.000000 0.000000 0.000000 0.000000 0.064573 0.007537 1.724807
0.927890 0.000000 0.000000 0.000000 0.000000 0.064572 0.007537 1.724807
0.927891 0.000000 0.000000 0.000000 0.000000 0.064572 0.007537 1.724807
0.927891 0.000000 0.000000 0.000000 0.000000 0.064571 0.007537 1.724807
0.927892 0.000000 0.000000 0.000000 0.000000 0.064571 0.007537 1.724807
0.927892 0.000000 0.000000 0.000000 0.000000 0.064570 0.007537 1.724807
0.927893 0.000000 0.000000 0.000000 0.000000 0.064570 0.007537 1.724807
0.927893 0.000000 0.000000 0.000000 0.000000 0.064569 0.007537 1.724807
0.927894 0.000000 0.000000 0.000000 0.000000 0.064569 0.007537 1.724807
0.927894 0.000000 0.000000 0.000000 0.000000 0.064568 0.007537 1.724807
0.927895 0.000000 0.000000 0.000000 0.000000 0.064568 0.007537 1.724807
0.927895 0.000000 0.000000 0.000000 0.000000 0.064567 0.007537 1.724807
0.927896 0.000000 0.000000 0.000000 0.000000 0.064567 0.007537 1.724807
0.927896 0.000000 0.000000 0.000000 0.000000 0.064566 0.007537 1.724807
0.927897 0.000000 0.000001 0.000000 0.000000 0.064566 0.007537 1.724808
0.927897 0.000000 0.000001 0.000000 0.000000 0.064565 0.007537 1.724808
0.927898 0.000000 0.000001 0.000000 0.000000 0.064565 0.007537 1.724808
0.927897 0.000000 0.000001 0.000000 0.000000 0.064565 0.007537 1.724808
0.927898 0.000000 0.000001 0.000000 0.000000 0.064564 0.007537 1.724808
0.927898 0.000000 0.000001 0.000000 0.000000 0.064564 0.007537 1.724808
0.927899 0.000000 0.000001 0.000000 0.000000 0.064563 0.007537 1.724808
0.927900 0.000000 0.000001 0.000000 0.000000 0.064562 0.007537 1.724808
0.927900 0.000000 0.000001 0.000000 0.000000 0.064562 0.007537 1.724808
0.927901 0.000000 0.000001 0.000000 0.000000 0.064561 0.007537 1.724808
0.927902 0.000000 0.000001 0.000000 0.000000 0.064560 0.007537 1.724808
0.927902 0.000000 0.000001 0.000000 0.000000 0.064559 0.007537 1.724808
0.927903 0.000000 0.000001 0.000000 0.000000 0.064559 0.007537 1.724808
0.927903 0.000000 0.000001 0.000000 0.000000 0.064558 0.007537 1.724808
0.927903 0.000001 0.000001 0.000000 0.000000 0.064558 0.007537 1.724808
0.927903 0.000000 0.000001 0.000000 0.000000 0.064558 0.007537 1.724808
0.927903 0.000000 0.000001 0.000000 0.000000 0.064558 0.007537 1.724808
0.927903 0.000001 0.000001 0.000000 0.000000 0.064558 0.007537 1.724808
0.927903 0.000001 0.000001 0.000000 0.000000 0.064557 0.007537 1.724808
0.927904 0.000001 0.000001 0.000000 0.000000 0.064557 0.007537 1.724808
0.927903 0.000001 0.000001 0.000000 0.000000 0.064557 0.007537 1.724808
0.927903 0.000001 0.000002 0.000000 0.000000 0.064557 0.007537 1.724808
0.927903 0.000001 0.000002 0.000000 0.000000 0.064557 0.007537 1.724808
0.927903 0.000002 0.000002 0.000000 0.000000 0.064556 0.007537 1.724808
0.927902 0.000003 0.000002 0.000000 0.000000 0.064556 0.007537 1.724808
0.927902 0.000001 0.000002 0.000000 0.000000 0.064557 0.007537 1.724810
0.927902 0.000003 0.000002 0.000000 0.000000 0.064556 0.007537 1.724810
0.927901 0.000003 0.000002 0.000000 0.000000 0.064556 0.007537 1.724810
0.927901 0.000003 0.000003 0.000001 0.000000 0.064556 0.007537 1.724810
0.927902 0.000003 0.000003 0.000001 0.000000 0.064555 0.007537 1.724810
0.927902 0.000003 0.000001 0.000001 0.000000 0.064556 0.007537 1.724810
0.927902 0.000003 0.000001 0.000001 0.000000 0.064556 0.007537 1.724810
0.927902 0.000002 0.000002 0.000001 0.000000 0.064556 0.007537 1.724811
0.927902 0.000001 0.000002 0.000001 0.000000 0.064556 0.007537 1.724811
0.927902 0.000001 0.000003 0.000001 0.000000 0.064556 0.007537 1.724812
0.927902 0.000001 0.000002 0.000001 0.000000 0.064556 0.007537 1.724812
0.927902 0.000001 0.000001 0.000001 0.000000 0.064557 0.007537 1.724812
0.927903 0.000001 0.000001 0.000001 0.000000 0.064556 0.007537 1.724812
0.927903 0.000001 0.000001 0.000000 0.000000 0.064557 0.007537 1.724812
0.927902 0.000002 0.000001 0.000000 0.000000 0.064557 0.007537 1.724812
0.927903 0.000002 0.000001 0.000000 0.000000 0.064557 0.007537 1.724812
0.927903 0.000002 0.000001 0.000000 0.000000 0.064557 0.007537 1.724812
0.927903 0.000001 0.000002 0.000000 0.000000 0.064557 0.007537 1.724813
0.927904 0.000001 0.000002 0.000000 0.000000 0.064556 0.007537 1.724813
0.927905 0.000001 0.000002 0.000000 0.000000 0.064556 0.007537 1.724813
0.927904 0.000001 0.000002 0.000000 0.000000 0.064556 0.007537 1.724813
0.927904 0.000001 0.000001 0.000000 0.000000 0.064556 0.007537 1.724813
0.927903 0.000002 0.000001 0.000000 0.000000 0.064556 0.007537 1.724813
0.927903 0.000003 0.000001 0.000000 0.000000 0.064556 0.007537 1.724813
0.927904 0.000003 0.000001 0.000000 0.000000 0.064555 0.007537 1.724813
0.927903 0.000003 0.000001 0.000000 0.000000 0.064555 0.007537 1.724813
0.927904 0.000003 0.000001 0.000000 0.000000 0.064555 0.007537 1.724813
0.927905 0.000003 0.000001 0.000000 0.000000 0.064554 0.007537 1.724813
0.927905 0.000003 0.000001 0.000000 0.000000 0.064553 0.007537 1.724814
0.927905 0.000003 0.000001 0.000001 0.000000 0.064553 0.007537 1.724814
0.927905 0.000002 0.000002 0.000001 0.000000 0.064553 0.007537 1.724815
0.927905 0.000001 0.000002 0.000001 0.000000 0.064553 0.007537 1.724816
0.927906 0.000001 0.000002 0.000001 0.000000 0.064552 0.007537 1.724816
0.927906 0.000002 0.000002 0.000001 0.000000 0.064552 0.007537 1.724816
0.927906 0.000002 0.000002 0.000001 0.000000 0.064552 0.007537 1.724816
0.927906 0.000001 0.000003 0.000001 0.000000 0.064552 0.007537 1.724816
0.927906 0.000002 0.000003 0.000001 0.000000 0.064552 0.007537 1.724816
0.927905 0.000003 0.000003 0.000000 0.000000 0.064553 0.007537 1.724816
0.927905 0.000003 0.000002 0.000000 0.000000 0.064553 0.007537 1.724816
0.927905 0.000003 0.000003 0.000000 0.000000 0.064553 0.007537 1.724816
0.927904 0.000003 0.000003 0.000000 0.000000 0.064553 0.007537 1.724816
0.927905 0.000003 0.000003 0.000000 0.000000 0.064553 0.007537 1.724816
0.927904 0.000003 0.000003 0.000000 0.000000 0.064553 0.007537 1.724817
0.927903 0.000004 0.000003 0.000000 0.000000 0.064553 0.007537 1.724817
0.927902 0.000005 0.000002 0.000001 0.000000 0.064553 0.007537 1.724818
0.927902 0.000005 0.000002 0.000001 0.000000 0.064553 0.007537 1.724818
0.927902 0.000004 0.000002 0.000003 0.000000 0.064553 0.007537 1.724819
0.927902 0.000005 0.000002 0.000002 0.000000 0.064553 0.007537 1.724819
0.927902 0.000004 0.000003 0.000002 0.000000 0.064553 0.007537 1.724820
0.927902 0.000003 0.000003 0.000002 0.000000 0.064553 0.007537 1.724820
0.927901 0.000003 0.000003 0.000003 0.000000 0.064554 0.007537 1.724821
0.927901 0.000003 0.000003 0.000003 0.000000 0.064554 0.007537 1.724822
0.927901 0.000003 0.000003 0.000003 0.000000 0.064553 0.007537 1.724822
0.927901 0.000003 0.000003 0.000003 0.000000 0.064553 0.007537 1.724822
0.927901 0.000003 0.000003 0.000003 0.000000 0.064553 0.007537 1.724822
0.927900 0.000004 0.000003 0.000003 0.000000 0.064553 0.007537 1.724822
0.927901 0.000003 0.000004 0.000003 0.000000 0.064552 0.007537 1.724824
0.927901 0.000003 0.000003 0.000003 0.000000 0.064553 0.007537 1.724824
0.927901 0.000002 0.000003 0.000003 0.000000 0.064553 0.007537 1.724824
0.927901 0.000001 0.000003 0.000003 0.000000 0.064555 0.007537 1.724826
0.927902 0.000001 0.000003 0.000003 0.000000 0.064555 0.007537 1.724826
0.927901 0.000001 0.000003 0.000003 0.000000 0.064555 0.007537 1.724826
0.927902 0.000001 0.000003 0.000003 0.000000 0.064554 0.007537 1.724826
0.927902 0.000001 0.000003 0.000003 0.000000 0.064555 0.007537 1.724826
0.927902 0.000001 0.000002 0.000003 0.000000 0.064555 0.007537 1.724826
0.927902 0.000001 0.000002 0.000003 0.000000 0.064556 0.007537 1.724826
0.927902 0.000001 0.000002 0.000003 0.000000 0.064556 0.007537 1.724826
0.927902 0.000001 0.000002 0.000002 0.000000 0.064556 0.007537 1.724826
0.927902 0.000001 0.000002 0.000002 0.000000 0.064555 0.007537 1.724826
0.927902 0.000002 0.000002 0.000001 0.000000 0.064555 0.007537 1.724826
0.927902 0.000002 0.000002 0.000001 0.000000 0.064556 0.007537 1.724826
0.927903 0.000001 0.000001 0.000001 0.000000 0.064556 0.007537 1.724827
