0.371364 0.061387 0.054597 0.031124 0.001977 0.473855 0.005697 1.549724
0.373610 0.059118 0.054568 0.030947 0.001987 0.474047 0.005722 1.555589
0.376717 0.056290 0.054523 0.030695 0.001992 0.474031 0.005751 1.561266
0.380245 0.053333 0.054258 0.030351 0.001998 0.474043 0.005773 1.566657
0.384236 0.050288 0.053772 0.029839 0.001989 0.474079 0.005799 1.571759
0.388313 0.047263 0.053221 0.029382 0.001986 0.474009 0.005826 1.576588
0.392703 0.044434 0.052382 0.028798 0.001986 0.473848 0.005849 1.581014
0.397120 0.041726 0.051511 0.028144 0.001979 0.473645 0.005875 1.585225
0.401804 0.039110 0.050530 0.027456 0.001971 0.473228 0.005902 1.589203
0.406369 0.036555 0.049454 0.026831 0.001960 0.472900 0.005930 1.593030
0.411023 0.034184 0.048352 0.026100 0.001950 0.472434 0.005957 1.596580
0.415772 0.032035 0.047080 0.025331 0.001938 0.471865 0.005981 1.599814
0.420535 0.030102 0.045677 0.024593 0.001927 0.471163 0.006003 1.602830
0.425441 0.028260 0.044337 0.023744 0.001909 0.470275 0.006033 1.605667
0.430458 0.026510 0.043015 0.022946 0.001894 0.469120 0.006058 1.608314
0.435406 0.024894 0.041681 0.022217 0.001869 0.467850 0.006084 1.610837
0.440401 0.023423 0.040392 0.021388 0.001851 0.466436 0.006110 1.613173
0.445397 0.021988 0.039093 0.020625 0.001825 0.464935 0.006138 1.615423
0.450290 0.020690 0.037699 0.019866 0.001802 0.463491 0.006163 1.617499
0.455350 0.019458 0.036302 0.019153 0.001764 0.461784 0.006189 1.619459
0.460424 0.018312 0.034950 0.018438 0.001738 0.459922 0.006216 1.621301
0.465513 0.017311 0.033667 0.017671 0.001712 0.457889 0.006238 1.622997
0.470556 0.016302 0.032445 0.017000 0.001683 0.455752 0.006263 1.624664
0.475507 0.015383 0.031257 0.016356 0.001666 0.453550 0.006281 1.626227
0.480613 0.014537 0.030029 0.015715 0.001643 0.451161 0.006302 1.627663
0.485652 0.013768 0.028853 0.015021 0.001612 0.448770 0.006324 1.629009
0.490705 0.013051 0.027649 0.014352 0.001588 0.446313 0.006343 1.630284
0.495786 0.012310 0.026644 0.013749 0.001559 0.443587 0.006364 1.631550
0.500793 0.011626 0.025569 0.013219 0.001523 0.440882 0.006388 1.632755
0.505810 0.011031 0.024448 0.012653 0.001498 0.438152 0.006409 1.633843
0.510676 0.010438 0.023454 0.012089 0.001475 0.435442 0.006426 1.634918
0.515651 0.009960 0.022475 0.011543 0.001444 0.432479 0.006448 1.635887
0.520692 0.009456 0.021529 0.011080 0.001421 0.429360 0.006462 1.636846
0.525509 0.008967 0.020602 0.010614 0.001395 0.426431 0.006481 1.637768
0.530455 0.008540 0.019714 0.010174 0.001371 0.423249 0.006496 1.638603
0.535263 0.008140 0.018816 0.009724 0.001337 0.420199 0.006521 1.639391
0.540054 0.007805 0.018014 0.009257 0.001300 0.417028 0.006542 1.640142
0.544803 0.007437 0.017266 0.008830 0.001260 0.413839 0.006565 1.640889
0.549676 0.007126 0.016512 0.008449 0.001238 0.410414 0.006585 1.641580
0.554517 0.006772 0.015834 0.008080 0.001218 0.406978 0.006600 1.642302
0.559275 0.006477 0.015156 0.007730 0.001205 0.403543 0.006614 1.642966
0.564010 0.006173 0.014492 0.007429 0.001173 0.400088 0.006636 1.643597
0.568577 0.005908 0.013870 0.007078 0.001148 0.396768 0.006650 1.644181
0.573278 0.005637 0.013282 0.006770 0.001119 0.393249 0.006664 1.644750
0.577854 0.005379 0.012751 0.006490 0.001094 0.389755 0.006677 1.645322
0.582398 0.005179 0.012244 0.006208 0.001072 0.386207 0.006692 1.645847
0.586934 0.004972 0.011728 0.005920 0.001049 0.382693 0.006703 1.646352
0.591447 0.004793 0.011235 0.005636 0.001020 0.379151 0.006719 1.646822
0.595864 0.004589 0.010751 0.005392 0.001001 0.375675 0.006728 1.647287
0.600204 0.004426 0.010290 0.005130 0.000969 0.372234 0.006746 1.647724
0.604572 0.004223 0.009875 0.004918 0.000944 0.368709 0.006758 1.648166
0.608945 0.004037 0.009467 0.004691 0.000920 0.365174 0.006767 1.648585
0.613199 0.003879 0.009077 0.004503 0.000892 0.361671 0.006779 1.648996
0.617409 0.003770 0.008707 0.004303 0.000869 0.358150 0.006791 1.649363
0.621687 0.003650 0.008306 0.004116 0.000841 0.354594 0.006807 1.649727
0.625953 0.003488 0.007972 0.003930 0.000815 0.351026 0.006818 1.650092
0.630123 0.003338 0.007649 0.003754 0.000794 0.347514 0.006828 1.650434
0.634271 0.003200 0.007356 0.003601 0.000771 0.343959 0.006841 1.650780
0.638363 0.003096 0.007045 0.003437 0.000751 0.340458 0.006851 1.651083
0.642386 0.003025 0.006745 0.003275 0.000727 0.336982 0.006861 1.651370
0.646381 0.002904 0.006486 0.003144 0.000707 0.333506 0.006872 1.651673
0.650366 0.002801 0.006241 0.003034 0.000685 0.329994 0.006881 1.651964
0.654327 0.002697 0.005982 0.002926 0.000664 0.326515 0.006890 1.652258
0.658253 0.002624 0.005757 0.002832 0.000645 0.322990 0.006899 1.652512
0.662093 0.002538 0.005538 0.002722 0.000626 0.319575 0.006908 1.652765
0.665922 0.002471 0.005311 0.002595 0.000613 0.316173 0.006915 1.653017
0.669670 0.002393 0.005099 0.002500 0.000592 0.312823 0.006923 1.653244
0.673350 0.002344 0.004902 0.002392 0.000576 0.309506 0.006931 1.653466
0.676997 0.002267 0.004726 0.002302 0.000559 0.306210 0.006940 1.653704
0.680607 0.002215 0.004532 0.002215 0.000541 0.302944 0.006947 1.653915
0.684217 0.002139 0.004390 0.002150 0.000528 0.299623 0.006953 1.654144
0.687758 0.002068 0.004210 0.002054 0.000512 0.296438 0.006961 1.654366
0.691405 0.001996 0.004054 0.001978 0.000495 0.293102 0.006970 1.654567
0.694926 0.001954 0.003898 0.001884 0.000484 0.289878 0.006975 1.654749
0.698405 0.001896 0.003747 0.001818 0.000465 0.286689 0.006983 1.654932
0.701888 0.001843 0.003600 0.001744 0.000451 0.283486 0.006989 1.655111
0.705260 0.001771 0.003491 0.001683 0.000436 0.280362 0.006998 1.655297
0.708609 0.001735 0.003365 0.001612 0.000418 0.277254 0.007007 1.655455
0.711959 0.001693 0.003232 0.001565 0.000403 0.274132 0.007015 1.655631
0.715261 0.001650 0.003107 0.001502 0.000391 0.271069 0.007021 1.655791
0.718502 0.001594 0.003006 0.001446 0.000379 0.268045 0.007027 1.655954
0.721805 0.001522 0.002886 0.001395 0.000371 0.264990 0.007031 1.656111
0.725038 0.001473 0.002784 0.001352 0.000359 0.261957 0.007037 1.656267
0.728235 0.001424 0.002691 0.001305 0.000346 0.258955 0.007044 1.656415
0.731328 0.001391 0.002574 0.001256 0.000333 0.256071 0.007047 1.656546
0.734404 0.001357 0.002505 0.001209 0.000328 0.253148 0.007050 1.656689
0.737429 0.001305 0.002430 0.001175 0.000319 0.250288 0.007055 1.656825
0.740471 0.001270 0.002352 0.001133 0.000309 0.247404 0.007060 1.656954
0.743431 0.001215 0.002297 0.001100 0.000302 0.244591 0.007065 1.657101
0.746362 0.001196 0.002202 0.001060 0.000296 0.241816 0.007068 1.657210
0.749258 0.001158 0.002137 0.001024 0.000286 0.239067 0.007071 1.657333
0.752097 0.001137 0.002059 0.000994 0.000275 0.236363 0.007076 1.657443
0.754953 0.001103 0.002006 0.000949 0.000273 0.233638 0.007079 1.657561
0.757810 0.001076 0.001940 0.000928 0.000270 0.230895 0.007083 1.657668
0.760592 0.001059 0.001860 0.000900 0.000259 0.228244 0.007088 1.657773
0.763412 0.001025 0.001806 0.000877 0.000249 0.225541 0.007092 1.657883
0.766177 0.001023 0.001730 0.000840 0.000242 0.222896 0.007094 1.657970
0.768867 0.000988 0.001687 0.000805 0.000236 0.220322 0.007096 1.658078
0.771556 0.000976 0.001640 0.000775 0.000231 0.217724 0.007098 1.658169
0.774193 0.000946 0.001583 0.000755 0.000227 0.215198 0.007100 1.658268
0.776767 0.000920 0.001547 0.000723 0.000220 0.212719 0.007105 1.658360
0.779307 0.000891 0.001492 0.000705 0.000216 0.210283 0.007107 1.658452
0.781839 0.000871 0.001443 0.000689 0.000208 0.207840 0.007110 1.658538
0.784291 0.000857 0.001390 0.000669 0.000203 0.205480 0.007112 1.658617
0.786805 0.000833 0.001364 0.000647 0.000194 0.203043 0.007114 1.658710
0.789255 0.000815 0.001333 0.000622 0.000190 0.200670 0.007115 1.658799
0.791752 0.000793 0.001290 0.000604 0.000187 0.198257 0.007118 1.658885
0.794176 0.000770 0.001252 0.000587 0.000181 0.195914 0.007120 1.658963
0.796508 0.000751 0.001224 0.000563 0.000177 0.193655 0.007122 1.659040
0.798874 0.000738 0.001188 0.000551 0.000171 0.191354 0.007125 1.659110
0.801188 0.000720 0.001155 0.000538 0.000163 0.189107 0.007128 1.659184
0.803447 0.000703 0.001116 0.000523 0.000165 0.186916 0.007130 1.659249
0.805771 0.000688 0.001091 0.000517 0.000161 0.184639 0.007132 1.659323
0.808006 0.000666 0.001059 0.000503 0.000154 0.182476 0.007135 1.659384
0.810273 0.000653 0.001021 0.000495 0.000152 0.180269 0.007138 1.659449
0.812481 0.000639 0.000986 0.000476 0.000147 0.178130 0.007142 1.659512
0.814668 0.000624 0.000949 0.000463 0.000144 0.176010 0.007142 1.659570
0.816768 0.000607 0.000919 0.000455 0.000139 0.173969 0.007144 1.659630
0.818878 0.000598 0.000883 0.000450 0.000133 0.171913 0.007146 1.659685
0.820963 0.000585 0.000860 0.000439 0.000128 0.169880 0.007147 1.659743
0.823008 0.000568 0.000839 0.000431 0.000122 0.167882 0.007149 1.659801
0.825038 0.000549 0.000818 0.000418 0.000118 0.165908 0.007151 1.659861
0.827047 0.000544 0.000787 0.000406 0.000114 0.163949 0.007153 1.659909
0.828997 0.000532 0.000763 0.000394 0.000113 0.162049 0.007153 1.659964
0.830979 0.000519 0.000732 0.000379 0.000106 0.160130 0.007156 1.660011
0.832968 0.000511 0.000715 0.000373 0.000100 0.158177 0.007157 1.660059
0.834917 0.000499 0.000685 0.000364 0.000096 0.156280 0.007159 1.660107
0.836851 0.000477 0.000677 0.000356 0.000095 0.154385 0.007159 1.660156
0.838725 0.000454 0.000664 0.000351 0.000094 0.152553 0.007159 1.660211
0.840561 0.000442 0.000647 0.000347 0.000092 0.150751 0.007161 1.660255
0.842363 0.000430 0.000642 0.000337 0.000089 0.148975 0.007164 1.660298
0.844195 0.000419 0.000632 0.000324 0.000087 0.147179 0.007165 1.660341
0.846010 0.000403 0.000627 0.000319 0.000087 0.145388 0.007166 1.660395
0.847784 0.000389 0.000620 0.000310 0.000085 0.143646 0.007166 1.660440
0.849585 0.000379 0.000606 0.000293 0.000081 0.141888 0.007169 1.660480
0.851302 0.000375 0.000584 0.000275 0.000080 0.140214 0.007170 1.660513
0.852987 0.000379 0.000568 0.000271 0.000078 0.138548 0.007171 1.660546
0.854644 0.000366 0.000555 0.000265 0.000076 0.136924 0.007171 1.660582
0.856299 0.000364 0.000528 0.000257 0.000075 0.135306 0.007172 1.660613
0.857912 0.000357 0.000511 0.000253 0.000074 0.133720 0.007172 1.660650
0.859548 0.000346 0.000496 0.000250 0.000072 0.132116 0.007173 1.660694
0.861237 0.000342 0.000485 0.000240 0.000071 0.130453 0.007173 1.660731
0.862814 0.000333 0.000470 0.000229 0.000068 0.128914 0.007173 1.660762
0.864352 0.000325 0.000457 0.000226 0.000067 0.127399 0.007174 1.660795
0.865897 0.000309 0.000452 0.000212 0.000067 0.125889 0.007175 1.660831
0.867384 0.000296 0.000454 0.000208 0.000063 0.124418 0.007177 1.660865
0.868900 0.000281 0.000435 0.000208 0.000060 0.122937 0.007178 1.660899
0.870402 0.000274 0.000421 0.000204 0.000057 0.121464 0.007179 1.660929
0.871851 0.000272 0.000407 0.000196 0.000056 0.120040 0.007179 1.660957
0.873255 0.000275 0.000392 0.000190 0.000054 0.118654 0.007180 1.660979
0.874702 0.000258 0.000386 0.000195 0.000053 0.117226 0.007180 1.661013
0.876100 0.000258 0.000369 0.000192 0.000052 0.115849 0.007180 1.661036
0.877484 0.000250 0.000364 0.000183 0.000051 0.114487 0.007181 1.661059
0.878813 0.000244 0.000359 0.000182 0.000050 0.113171 0.007181 1.661085
0.880158 0.000238 0.000351 0.000174 0.000049 0.111848 0.007182 1.661109
0.881457 0.000231 0.000335 0.000174 0.000046 0.110573 0.007183 1.661132
0.882685 0.000232 0.000328 0.000170 0.000045 0.109357 0.007184 1.661156
0.883907 0.000235 0.000316 0.000170 0.000042 0.108144 0.007185 1.661175
0.885090 0.000236 0.000310 0.000163 0.000040 0.106975 0.007187 1.661195
0.886276 0.000225 0.000304 0.000159 0.000038 0.105812 0.007187 1.661223
0.887478 0.000217 0.000306 0.000161 0.000036 0.104615 0.007188 1.661248
0.888626 0.000210 0.000302 0.000151 0.000036 0.103488 0.007188 1.661271
0.889745 0.000207 0.000297 0.000149 0.000035 0.102378 0.007188 1.661291
0.890868 0.000211 0.000285 0.000144 0.000033 0.101270 0.007189 1.661310
0.891964 0.000201 0.000275 0.000146 0.000032 0.100192 0.007190 1.661337
0.893008 0.000199 0.000268 0.000142 0.000032 0.099160 0.007190 1.661356
0.894039 0.000203 0.000266 0.000136 0.000031 0.098133 0.007191 1.661377
0.895052 0.000193 0.000262 0.000136 0.000031 0.097134 0.007191 1.661397
0.896014 0.000191 0.000255 0.000136 0.000029 0.096183 0.007191 1.661416
0.897032 0.000189 0.000244 0.000133 0.000029 0.095181 0.007191 1.661435
0.898048 0.000187 0.000239 0.000131 0.000028 0.094176 0.007191 1.661452
0.898982 0.000188 0.000230 0.000129 0.000028 0.093251 0.007191 1.661469
0.899936 0.000188 0.000225 0.000129 0.000027 0.092303 0.007192 1.661485
0.900822 0.000178 0.000228 0.000128 0.000026 0.091424 0.007192 1.661507
0.901698 0.000175 0.000228 0.000126 0.000025 0.090554 0.007193 1.661526
0.902622 0.000171 0.000227 0.000128 0.000024 0.089633 0.007195 1.661546
0.903496 0.000173 0.000215 0.000125 0.000023 0.088772 0.007195 1.661561
0.904339 0.000165 0.000210 0.000121 0.000021 0.087947 0.007196 1.661583
0.905164 0.000165 0.000202 0.000120 0.000021 0.087132 0.007196 1.661596
0.905980 0.000158 0.000194 0.000118 0.000020 0.086334 0.007196 1.661609
0.906753 0.000149 0.000195 0.000114 0.000019 0.085572 0.007196 1.661625
0.907483 0.000149 0.000192 0.000112 0.000019 0.084848 0.007196 1.661637
0.908216 0.000148 0.000187 0.000107 0.000019 0.084126 0.007196 1.661648
0.908953 0.000146 0.000186 0.000106 0.000019 0.083393 0.007196 1.661661
0.909654 0.000139 0.000179 0.000105 0.000019 0.082707 0.007196 1.661675
0.910314 0.000135 0.000172 0.000100 0.000018 0.082064 0.007197 1.661688
0.910990 0.000128 0.000172 0.000099 0.000018 0.081393 0.007197 1.661703
0.911659 0.000123 0.000170 0.000096 0.000018 0.080736 0.007197 1.661717
0.912308 0.000122 0.000165 0.000094 0.000017 0.080096 0.007198 1.661725
0.912951 0.000124 0.000162 0.000092 0.000016 0.079456 0.007199 1.661734
0.913552 0.000124 0.000159 0.000090 0.000016 0.078859 0.007199 1.661744
0.914174 0.000119 0.000163 0.000086 0.000017 0.078241 0.007199 1.661757
0.914775 0.000113 0.000164 0.000083 0.000017 0.077648 0.007199 1.661772
0.915357 0.000110 0.000158 0.000079 0.000017 0.077079 0.007199 1.661783
0.915917 0.000109 0.000158 0.000076 0.000017 0.076524 0.007199 1.661795
0.916476 0.000104 0.000158 0.000074 0.000016 0.075972 0.007199 1.661807
0.917025 0.000112 0.000153 0.000073 0.000016 0.075421 0.007199 1.661813
0.917566 0.000107 0.000156 0.000075 0.000015 0.074881 0.007200 1.661829
0.918096 0.000110 0.000152 0.000069 0.000015 0.074356 0.007200 1.661835
0.918587 0.000109 0.000153 0.000068 0.000014 0.073867 0.007201 1.661849
0.919069 0.000113 0.000149 0.000067 0.000015 0.073385 0.007201 1.661857
0.919558 0.000114 0.000147 0.000068 0.000014 0.072896 0.007201 1.661864
0.920026 0.000106 0.000143 0.000070 0.000014 0.072439 0.007201 1.661879
0.920494 0.000099 0.000139 0.000065 0.000014 0.071987 0.007201 1.661892
0.920947 0.000096 0.000135 0.000064 0.000013 0.071543 0.007201 1.661902
0.921354 0.000096 0.000130 0.000062 0.000013 0.071142 0.007201 1.661910
0.921787 0.000097 0.000123 0.000060 0.000013 0.070718 0.007201 1.661916
0.922223 0.000093 0.000120 0.000060 0.000013 0.070289 0.007201 1.661926
0.922646 0.000092 0.000116 0.000061 0.000013 0.069870 0.007201 1.661936
0.923055 0.000091 0.000114 0.000060 0.000013 0.069465 0.007201 1.661946
0.923446 0.000089 0.000114 0.000059 0.000012 0.069077 0.007202 1.661955
0.923841 0.000085 0.000113 0.000056 0.000012 0.068688 0.007203 1.661964
0.924205 0.000083 0.000112 0.000053 0.000011 0.068332 0.007203 1.661973
0.924565 0.000082 0.000109 0.000050 0.000009 0.067980 0.007204 1.661983
0.924925 0.000083 0.000109 0.000046 0.000008 0.067624 0.007204 1.661990
0.925255 0.000079 0.000107 0.000044 0.000008 0.067302 0.007204 1.661998
0.925568 0.000079 0.000108 0.000045 0.000008 0.066987 0.007205 1.662008
0.925888 0.000077 0.000105 0.000044 0.000007 0.066672 0.007205 1.662016
0.926200 0.000072 0.000107 0.000044 0.000007 0.066363 0.007205 1.662026
0.926498 0.000070 0.000102 0.000045 0.000007 0.066072 0.007205 1.662035
0.926796 0.000070 0.000100 0.000046 0.000007 0.065775 0.007205 1.662042
0.927097 0.000066 0.000094 0.000044 0.000005 0.065488 0.007205 1.662050
0.927390 0.000066 0.000090 0.000042 0.000005 0.065201 0.007205 1.662056
0.927654 0.000065 0.000090 0.000039 0.000005 0.064941 0.007205 1.662063
0.927919 0.000065 0.000086 0.000036 0.000005 0.064682 0.007205 1.662066
0.928155 0.000070 0.000081 0.000036 0.000005 0.064446 0.007206 1.662070
0.928393 0.000068 0.000081 0.000038 0.000005 0.064209 0.007206 1.662077
0.928631 0.000068 0.000078 0.000038 0.000005 0.063975 0.007206 1.662082
0.928858 0.000065 0.000075 0.000037 0.000004 0.063755 0.007206 1.662087
0.929089 0.000066 0.000072 0.000037 0.000005 0.063525 0.007206 1.662092
0.929311 0.000064 0.000069 0.000039 0.000004 0.063306 0.007206 1.662098
0.929519 0.000062 0.000070 0.000036 0.000004 0.063103 0.007206 1.662104
0.929710 0.000062 0.000067 0.000035 0.000004 0.062915 0.007206 1.662111
0.929910 0.000061 0.000064 0.000035 0.000004 0.062721 0.007206 1.662113
0.930120 0.000060 0.000062 0.000035 0.000004 0.062513 0.007206 1.662117
0.930299 0.000056 0.000061 0.000038 0.000004 0.062336 0.007206 1.662125
0.930457 0.000055 0.000059 0.000036 0.000004 0.062182 0.007206 1.662129
0.930614 0.000056 0.000057 0.000035 0.000004 0.062027 0.007206 1.662134
0.930783 0.000055 0.000058 0.000033 0.000004 0.061861 0.007206 1.662139
0.930939 0.000056 0.000057 0.000032 0.000004 0.061704 0.007206 1.662143
0.931097 0.000058 0.000056 0.000032 0.000004 0.061546 0.007206 1.662148
0.931228 0.000058 0.000054 0.000031 0.000002 0.061419 0.007206 1.662151
0.931355 0.000062 0.000053 0.000029 0.000002 0.061290 0.007206 1.662154
0.931495 0.000059 0.000052 0.000030 0.000002 0.061156 0.007206 1.662159
0.931626 0.000060 0.000054 0.000029 0.000002 0.061021 0.007206 1.662165
0.931746 0.000058 0.000055 0.000031 0.000003 0.060900 0.007206 1.662173
0.931860 0.000053 0.000055 0.000030 0.000003 0.060792 0.007206 1.662181
0.931985 0.000052 0.000054 0.000029 0.000003 0.060670 0.007206 1.662185
0.932105 0.000051 0.000052 0.000029 0.000004 0.060552 0.007206 1.662189
0.932221 0.000049 0.000051 0.000028 0.000004 0.060441 0.007206 1.662196
0.932329 0.000046 0.000053 0.000027 0.000004 0.060335 0.007206 1.662203
0.932418 0.000043 0.000053 0.000026 0.000004 0.060249 0.007206 1.662209
0.932529 0.000043 0.000054 0.000024 0.000003 0.060138 0.007206 1.662212
0.932645 0.000044 0.000052 0.000023 0.000003 0.060026 0.007206 1.662216
0.932745 0.000044 0.000051 0.000022 0.000003 0.059929 0.007206 1.662220
0.932831 0.000044 0.000050 0.000022 0.000003 0.059844 0.007207 1.662225
0.932909 0.000041 0.000051 0.000021 0.000003 0.059768 0.007207 1.662229
0.932991 0.000043 0.000049 0.000022 0.000002 0.059686 0.007207 1.662233
0.933076 0.000042 0.000048 0.000023 0.000002 0.059602 0.007207 1.662236
0.933168 0.000040 0.000048 0.000024 0.000002 0.059512 0.007207 1.662241
0.933238 0.000037 0.000048 0.000024 0.000002 0.059444 0.007207 1.662245
0.933319 0.000033 0.000049 0.000025 0.000002 0.059365 0.007207 1.662249
0.933382 0.000036 0.000047 0.000023 0.000002 0.059303 0.007207 1.662251
0.933459 0.000037 0.000045 0.000021 0.000002 0.059230 0.007207 1.662253
0.933522 0.000038 0.000040 0.000022 0.000002 0.059168 0.007207 1.662256
0.933584 0.000037 0.000040 0.000023 0.000002 0.059107 0.007207 1.662259
0.933656 0.000036 0.000039 0.000022 0.000002 0.059038 0.007207 1.662263
0.933718 0.000038 0.000035 0.000022 0.000002 0.058978 0.007207 1.662266
0.933797 0.000035 0.000038 0.000022 0.000002 0.058899 0.007207 1.662271
0.933867 0.000035 0.000038 0.000022 0.000001 0.058829 0.007207 1.662274
0.933922 0.000032 0.000037 0.000022 0.000002 0.058777 0.007208 1.662279
0.933990 0.000034 0.000036 0.000020 0.000002 0.058710 0.007208 1.662281
0.934056 0.000032 0.000039 0.000021 0.000001 0.058644 0.007208 1.662285
0.934120 0.000031 0.000037 0.000020 0.000001 0.058582 0.007208 1.662287
0.934166 0.000034 0.000036 0.000019 0.000001 0.058535 0.007208 1.662289
0.934221 0.000037 0.000036 0.000019 0.000001 0.058478 0.007208 1.662292
0.934277 0.000039 0.000035 0.000017 0.000001 0.058423 0.007208 1.662294
0.934321 0.000040 0.000032 0.000017 0.000001 0.058381 0.007208 1.662296
0.934365 0.000040 0.000031 0.000016 0.000001 0.058339 0.007208 1.662298
0.934407 0.000039 0.000033 0.000017 0.000001 0.058294 0.007208 1.662302
0.934455 0.000038 0.000034 0.000017 0.000001 0.058247 0.007208 1.662304
0.934499 0.000039 0.000036 0.000013 0.000001 0.058205 0.007208 1.662308
0.934537 0.000040 0.000037 0.000013 0.000001 0.058165 0.007208 1.662312
0.934578 0.000040 0.000037 0.000012 0.000001 0.058125 0.007208 1.662313
0.934620 0.000041 0.000036 0.000011 0.000001 0.058083 0.007208 1.662317
0.934652 0.000044 0.000035 0.000011 0.000001 0.058049 0.007208 1.662320
0.934690 0.000044 0.000034 0.000011 0.000001 0.058012 0.007208 1.662323
0.934730 0.000041 0.000035 0.000013 0.000001 0.057973 0.007208 1.662328
0.934770 0.000039 0.000033 0.000013 0.000002 0.057936 0.007208 1.662332
0.934803 0.000039 0.000034 0.000015 0.000002 0.057900 0.007208 1.662336
0.934835 0.000038 0.000033 0.000014 0.000002 0.057871 0.007208 1.662339
0.934864 0.000039 0.000032 0.000015 0.000002 0.057840 0.007208 1.662342
0.934886 0.000043 0.000034 0.000014 0.000002 0.057814 0.007208 1.662345
0.934913 0.000042 0.000034 0.000014 0.000002 0.057788 0.007208 1.662348
0.934950 0.000038 0.000036 0.000014 0.000002 0.057753 0.007208 1.662353
0.934974 0.000035 0.000033 0.000017 0.000002 0.057731 0.007208 1.662359
0.935000 0.000035 0.000033 0.000017 0.000002 0.057706 0.007208 1.662362
0.935020 0.000035 0.000034 0.000017 0.000002 0.057684 0.007208 1.662365
0.935047 0.000034 0.000033 0.000016 0.000002 0.057660 0.007208 1.662369
0.935072 0.000031 0.000033 0.000019 0.000002 0.057635 0.007208 1.662373
0.935089 0.000033 0.000034 0.000018 0.000001 0.057617 0.007209 1.662376
0.935113 0.000033 0.000032 0.000017 0.000000 0.057595 0.007209 1.662378
0.935132 0.000032 0.000030 0.000016 0.000000 0.057581 0.007209 1.662380
0.935154 0.000033 0.000030 0.000015 0.000000 0.057557 0.007209 1.662383
0.935180 0.000031 0.000031 0.000015 0.000000 0.057534 0.007209 1.662386
0.935194 0.000030 0.000030 0.000015 0.000000 0.057521 0.007209 1.662388
0.935213 0.000029 0.000027 0.000014 0.000000 0.057507 0.007209 1.662391
0.935227 0.000028 0.000025 0.000014 0.000000 0.057495 0.007209 1.662392
0.935241 0.000026 0.000027 0.000014 0.000000 0.057483 0.007209 1.662396
0.935259 0.000026 0.000028 0.000014 0.000000 0.057463 0.007209 1.662399
0.935272 0.000027 0.000026 0.000015 0.000000 0.057451 0.007209 1.662400
0.935287 0.000024 0.000027 0.000015 0.000000 0.057438 0.007209 1.662404
0.935307 0.000023 0.000028 0.000014 0.000000 0.057419 0.007209 1.662406
0.935322 0.000019 0.000030 0.000014 0.000000 0.057405 0.007209 1.662410
0.935336 0.000018 0.000031 0.000014 0.000000 0.057392 0.007209 1.662411
0.935356 0.000018 0.000031 0.000012 0.000000 0.057375 0.007209 1.662413
0.935371 0.000017 0.000029 0.000012 0.000000 0.057362 0.007209 1.662415
0.935384 0.000015 0.000029 0.000012 0.000000 0.057351 0.007209 1.662418
0.935401 0.000016 0.000028 0.000012 0.000000 0.057335 0.007209 1.662420
0.935414 0.000015 0.000029 0.000010 0.000000 0.057322 0.007209 1.662423
0.935424 0.000016 0.000027 0.000012 0.000000 0.057312 0.007209 1.662425
0.935435 0.000016 0.000024 0.000011 0.000000 0.057304 0.007209 1.662425
0.935449 0.000017 0.000022 0.000010 0.000000 0.057292 0.007209 1.662427
0.935460 0.000016 0.000022 0.000010 0.000000 0.057283 0.007209 1.662430
0.935474 0.000016 0.000023 0.000010 0.000000 0.057268 0.007209 1.662431
0.935485 0.000017 0.000022 0.000010 0.000000 0.057258 0.007209 1.662431
0.935495 0.000018 0.000022 0.000010 0.000000 0.057247 0.007209 1.662434
0.935511 0.000016 0.000021 0.000012 0.000000 0.057231 0.007209 1.662435
0.935523 0.000017 0.000022 0.000010 0.000000 0.057219 0.007209 1.662437
0.935530 0.000018 0.000021 0.000010 0.000000 0.057213 0.007209 1.662438
0.935537 0.000017 0.000023 0.000010 0.000000 0.057204 0.007209 1.662441
0.935547 0.000018 0.000022 0.000009 0.000000 0.057195 0.007209 1.662443
0.935558 0.000017 0.000022 0.000009 0.000000 0.057185 0.007209 1.662443
0.935570 0.000019 0.000022 0.000009 0.000000 0.057171 0.007209 1.662445
0.935579 0.000019 0.000021 0.000008 0.000000 0.057164 0.007209 1.662446
0.935588 0.000017 0.000021 0.000008 0.000000 0.057157 0.007209 1.662449
0.935597 0.000018 0.000021 0.000008 0.000000 0.057146 0.007209 1.662450
0.935607 0.000017 0.000019 0.000010 0.000000 0.057138 0.007209 1.662452
0.935617 0.000016 0.000020 0.000010 0.000000 0.057128 0.007209 1.662454
0.935626 0.000018 0.000019 0.000009 0.000001 0.057118 0.007209 1.662454
0.935635 0.000017 0.000020 0.000010 0.000001 0.057108 0.007209 1.662458
0.935638 0.000020 0.000019 0.000009 0.000001 0.057103 0.007209 1.662459
0.935648 0.000020 0.000018 0.000008 0.000001 0.057096 0.007209 1.662462
0.935661 0.000020 0.000017 0.000008 0.000001 0.057084 0.007209 1.662462
0.935672 0.000018 0.000017 0.000010 0.000001 0.057072 0.007209 1.662466
0.935678 0.000016 0.000017 0.000008 0.000001 0.057070 0.007209 1.662468
0.935685 0.000016 0.000019 0.000008 0.000001 0.057062 0.007209 1.662471
0.935691 0.000016 0.000018 0.000008 0.000001 0.057057 0.007209 1.662472
0.935700 0.000016 0.000018 0.000008 0.000001 0.057048 0.007209 1.662473
0.935704 0.000016 0.000018 0.000008 0.000001 0.057045 0.007209 1.662476
0.935704 0.000018 0.000017 0.000008 0.000001 0.057043 0.007209 1.662478
0.935711 0.000016 0.000019 0.000008 0.000001 0.057036 0.007209 1.662479
0.935714 0.000015 0.000019 0.000007 0.000001 0.057035 0.007209 1.662480
0.935720 0.000013 0.000020 0.000007 0.000001 0.057029 0.007209 1.662482
0.935725 0.000012 0.000020 0.000007 0.000001 0.057026 0.007209 1.662484
0.935729 0.000014 0.000018 0.000006 0.000001 0.057023 0.007209 1.662484
0.935733 0.000015 0.000018 0.000007 0.000001 0.057018 0.007209 1.662486
0.935736 0.000014 0.000018 0.000008 0.000001 0.057016 0.007209 1.662488
0.935742 0.000013 0.000018 0.000007 0.000002 0.057011 0.007209 1.662490
0.935745 0.000013 0.000015 0.000007 0.000002 0.057009 0.007209 1.662490
0.935748 0.000013 0.000014 0.000006 0.000002 0.057009 0.007209 1.662491
0.935748 0.000012 0.000015 0.000008 0.000002 0.057008 0.007209 1.662493
0.935753 0.000011 0.000013 0.000008 0.000001 0.057005 0.007209 1.662493
0.935759 0.000010 0.000014 0.000009 0.000001 0.056999 0.007209 1.662495
0.935763 0.000010 0.000013 0.000009 0.000001 0.056993 0.007209 1.662496
0.935769 0.000008 0.000014 0.000010 0.000001 0.056988 0.007209 1.662500
0.935771 0.000009 0.000014 0.000011 0.000001 0.056985 0.007209 1.662500
0.935773 0.000008 0.000013 0.000011 0.000001 0.056984 0.007209 1.662502
0.935777 0.000009 0.000013 0.000010 0.000001 0.056981 0.007209 1.662502
0.935778 0.000010 0.000014 0.000011 0.000001 0.056978 0.007209 1.662504
0.935778 0.000013 0.000013 0.000012 0.000001 0.056975 0.007209 1.662504
0.935782 0.000013 0.000012 0.000011 0.000001 0.056972 0.007209 1.662504
0.935787 0.000011 0.000012 0.000010 0.000001 0.056969 0.007209 1.662506
0.935788 0.000011 0.000013 0.000010 0.000001 0.056968 0.007209 1.662507
0.935788 0.000008 0.000013 0.000011 0.000002 0.056969 0.007209 1.662510
0.935791 0.000009 0.000012 0.000010 0.000002 0.056967 0.007209 1.662511
0.935791 0.000009 0.000012 0.000010 0.000002 0.056967 0.007209 1.662512
0.935794 0.000009 0.000012 0.000008 0.000001 0.056966 0.007210 1.662513
0.935794 0.000010 0.000010 0.000008 0.000001 0.056966 0.007210 1.662513
0.935796 0.000011 0.000009 0.000008 0.000001 0.056965 0.007210 1.662513
0.935800 0.000012 0.000008 0.000007 0.000001 0.056963 0.007210 1.662513
0.935800 0.000011 0.000008 0.000007 0.000000 0.056964 0.007210 1.662515
0.935799 0.000010 0.000010 0.000007 0.000000 0.056964 0.007210 1.662517
0.935802 0.000010 0.000010 0.000007 0.000000 0.056960 0.007210 1.662518
0.935804 0.000009 0.000010 0.000007 0.000000 0.056959 0.007210 1.662519
0.935809 0.000008 0.000010 0.000006 0.000000 0.056954 0.007210 1.662520
0.935813 0.000009 0.000010 0.000006 0.000000 0.056952 0.007210 1.662520
0.935816 0.000010 0.000009 0.000007 0.000000 0.056948 0.007210 1.662520
0.935820 0.000010 0.000008 0.000007 0.000000 0.056944 0.007210 1.662521
0.935825 0.000007 0.000010 0.000006 0.000000 0.056941 0.007210 1.662524
0.935828 0.000007 0.000010 0.000006 0.000000 0.056938 0.007210 1.662524
0.935832 0.000006 0.000010 0.000006 0.000000 0.056935 0.007210 1.662526
0.935836 0.000005 0.000010 0.000006 0.000000 0.056933 0.007210 1.662526
0.935840 0.000005 0.000010 0.000006 0.000000 0.056929 0.007210 1.662527
0.935845 0.000005 0.000010 0.000005 0.000000 0.056925 0.007210 1.662527
0.935848 0.000004 0.000010 0.000005 0.000000 0.056923 0.007210 1.662528
0.935851 0.000003 0.000008 0.000005 0.000000 0.056921 0.007210 1.662528
0.935854 0.000004 0.000008 0.000005 0.000000 0.056919 0.007210 1.662528
0.935856 0.000005 0.000008 0.000005 0.000000 0.056916 0.007210 1.662528
0.935859 0.000005 0.000007 0.000003 0.000000 0.056915 0.007210 1.662529
0.935864 0.000005 0.000006 0.000003 0.000000 0.056911 0.007210 1.662529
0.935865 0.000005 0.000006 0.000003 0.000000 0.056910 0.007210 1.662530
0.935866 0.000006 0.000005 0.000003 0.000000 0.056911 0.007210 1.662530
0.935869 0.000004 0.000005 0.000003 0.000000 0.056908 0.007210 1.662532
0.935872 0.000003 0.000005 0.000003 0.000000 0.056906 0.007210 1.662532
0.935874 0.000003 0.000005 0.000003 0.000000 0.056904 0.007210 1.662533
0.935878 0.000003 0.000004 0.000003 0.000000 0.056902 0.007210 1.662533
0.935882 0.000003 0.000004 0.000002 0.000000 0.056899 0.007210 1.662533
0.935886 0.000003 0.000003 0.000001 0.000000 0.056895 0.007210 1.662533
0.935888 0.000004 0.000003 0.000001 0.000000 0.056893 0.007210 1.662533
0.935889 0.000004 0.000003 0.000001 0.000000 0.056892 0.007210 1.662534
0.935891 0.000004 0.000002 0.000001 0.000000 0.056891 0.007211 1.662534
0.935895 0.000004 0.000002 0.000001 0.000000 0.056888 0.007211 1.662534
0.935897 0.000004 0.000002 0.000001 0.000000 0.056885 0.007211 1.662534
0.935902 0.000003 0.000002 0.000002 0.000000 0.056880 0.007211 1.662535
0.935904 0.000004 0.000002 0.000002 0.000000 0.056877 0.007211 1.662535
0.935906 0.000003 0.000003 0.000001 0.000000 0.056876 0.007211 1.662535
0.935909 0.000003 0.000003 0.000001 0.000000 0.056873 0.007211 1.662535
0.935911 0.000003 0.000002 0.000001 0.000000 0.056872 0.007211 1.662535
0.935913 0.000003 0.000002 0.000001 0.000000 0.056869 0.007211 1.662535
0.935916 0.000003 0.000003 0.000001 0.000000 0.056868 0.007211 1.662536
0.935918 0.000003 0.000003 0.000001 0.000000 0.056865 0.007211 1.662536
0.935922 0.000003 0.000002 0.000001 0.000000 0.056861 0.007211 1.662536
0.935923 0.000003 0.000002 0.000000 0.000000 0.056861 0.007211 1.662536
0.935927 0.000003 0.000002 0.000000 0.000000 0.056856 0.007211 1.662536
0.935928 0.000003 0.000002 0.000000 0.000000 0.056855 0.007211 1.662536
0.935929 0.000003 0.000002 0.000001 0.000000 0.056854 0.007211 1.662536
0.935930 0.000004 0.000002 0.000001 0.000000 0.056852 0.007211 1.662537
0.935932 0.000003 0.000002 0.000002 0.000000 0.056851 0.007211 1.662538
0.935935 0.000003 0.000002 0.000001 0.000000 0.056849 0.007211 1.662538
0.935938 0.000003 0.000002 0.000001 0.000000 0.056846 0.007211 1.662538
0.935940 0.000003 0.000002 0.000000 0.000000 0.056844 0.007211 1.662538
0.935942 0.000002 0.000002 0.000001 0.000000 0.056842 0.007211 1.662539
0.935944 0.000001 0.000003 0.000001 0.000000 0.056840 0.007211 1.662540
0.935945 0.000001 0.000004 0.000001 0.000000 0.056838 0.007211 1.662540
0.935947 0.000001 0.000003 0.000001 0.000000 0.056837 0.007211 1.662540
0.935948 0.000000 0.000002 0.000000 0.000000 0.056838 0.007211 1.662541
0.935949 0.000000 0.000001 0.000000 0.000000 0.056837 0.007211 1.662541
0.935952 0.000000 0.000001 0.000000 0.000000 0.056835 0.007211 1.662541
0.935953 0.000000 0.000001 0.000000 0.000000 0.056834 0.007211 1.662541
0.935955 0.000000 0.000001 0.000000 0.000000 0.056832 0.007211 1.662541
0.935956 0.000000 0.000001 0.000000 0.000000 0.056831 0.007211 1.662541
0.935958 0.000000 0.000001 0.000000 0.000000 0.056829 0.007211 1.662541
0.935959 0.000000 0.000000 0.000000 0.000000 0.056829 0.007211 1.662541
0.935960 0.000000 0.000000 0.000000 0.000000 0.056827 0.007211 1.662541
0.935962 0.000000 0.000000 0.000000 0.000000 0.056826 0.007211 1.662541
0.935963 0.000000 0.000000 0.000000 0.000000 0.056824 0.007211 1.662541
0.935965 0.000000 0.000000 0.000000 0.000000 0.056823 0.007211 1.662541
0.935966 0.000000 0.000000 0.000000 0.000000 0.056821 0.007211 1.662541
0.935968 0.000000 0.000000 0.000000 0.000000 0.056820 0.007211 1.662541
0.935969 0.000000 0.000000 0.000000 0.000000 0.056819 0.007211 1.662541
0.935970 0.000001 0.000000 0.000000 0.000000 0.056817 0.007211 1.662541
0.935970 0.000002 0.000000 0.000000 0.000000 0.056816 0.007211 1.662541
0.935971 0.000002 0.000000 0.000000 0.000000 0.056815 0.007211 1.662541
0.935971 0.000001 0.000002 0.000000 0.000000 0.056816 0.007211 1.662542
0.935971 0.000000 0.000001 0.000000 0.000000 0.056816 0.007211 1.662543
0.935971 0.000000 0.000001 0.000000 0.000000 0.056816 0.007211 1.662543
0.935972 0.000000 0.000002 0.000000 0.000000 0.056816 0.007211 1.662543
0.935972 0.000000 0.000002 0.000000 0.000000 0.056815 0.007211 1.662543
0.935972 0.000001 0.000002 0.000000 0.000000 0.056814 0.007211 1.662543
0.935972 0.000000 0.000002 0.000000 0.000000 0.056814 0.007211 1.662544
0.935973 0.000000 0.000002 0.000000 0.000000 0.056814 0.007211 1.662544
0.935974 0.000000 0.000001 0.000000 0.000000 0.056814 0.007211 1.662544
0.935974 0.000000 0.000000 0.000000 0.000000 0.056814 0.007211 1.662544
0.935975 0.000000 0.000000 0.000000 0.000000 0.056814 0.007211 1.662544
0.935975 0.000000 0.000000 0.000000 0.000000 0.056814 0.007211 1.662544
0.935975 0.000000 0.000000 0.000000 0.000000 0.056814 0.007211 1.662544
0.935975 0.000000 0.000000 0.000000 0.000000 0.056814 0.007211 1.662544
0.935975 0.000000 0.000000 0.000000 0.000000 0.056814 0.007211 1.662544
0.935975 0.000000 0.000000 0.000000 0.000000 0.056814 0.007211 1.662544
0.935975 0.000000 0.000000 0.000000 0.000000 0.056814 0.007211 1.662544
0.935975 0.000000 0.000000 0.000000 0.000000 0.056814 0.007211 1.662544
0.935975 0.000000 0.000000 0.000000 0.000000 0.056814 0.007211 1.662544
0.935975 0.000000 0.000000 0.000000 0.000000 0.056814 0.007211 1.662544
0.935975 0.000000 0.000000 0.000000 0.000000 0.056814 0.007211 1.662544
0.935975 0.000000 0.000000 0.000000 0.000000 0.056814 0.007211 1.662544
0.935975 0.000000 0.000000 0.000000 0.000000 0.056814 0.007211 1.662544
0.935975 0.000000 0.000000 0.000000 0.000000 0.056814 0.007211 1.662544
0.935975 0.000000 0.000000 0.000000 0.000000 0.056814 0.007211 1.662544
0.935975 0.000000 0.000000 0.000000 0.000000 0.056814 0.007211 1.662544
0.935975 0.000000 0.000000 0.000000 0.000000 0.056814 0.007211 1.662544
0.935975 0.000000 0.000000 0.000000 0.000000 0.056814 0.007211 1.662544
0.935975 0.000000 0.000000 0.000000 0.000000 0.056814 0.007211 1.662544
0.935975 0.000000 0.000000 0.000000 0.000000 0.056814 0.007211 1.662544
0.935975 0.000000 0.000000 0.000000 0.000000 0.056814 0.007211 1.662544
0.935975 0.000000 0.000000 0.000000 0.000000 0.056814 0.007211 1.662544
0.935975 0.000000 0.000000 0.000000 0.000000 0.056814 0.007211 1.662544
0.935975 0.000000 0.000000 0.000000 0.000000 0.056814 0.007211 1.662544
0.935975 0.000000 0.000000 0.000000 0.000000 0.056814 0.007211 1.662544
0.935975 0.000000 0.000000 0.000000 0.000000 0.056814 0.007211 1.662544
0.935975 0.000000 0.000000 0.000000 0.000000 0.056814 0.007211 1.662544
0.935975 0.000000 0.000000 0.000000 0.000000 0.056814 0.007211 1.662544
0.935975 0.000000 0.000000 0.000000 0.000000 0.056814 0.007211 1.662544
0.935975 0.000000 0.000000 0.000000 0.000000 0.056814 0.007211 1.662544
0.935975 0.000000 0.000000 0.000000 0.000000 0.056814 0.007211 1.662544
0.935975 0.000000 0.000000 0.000000 0.000000 0.056814 0.007211 1.662544
0.935975 0.000000 0.000000 0.000000 0.000000 0.056814 0.007211 1.662544
0.935975 0.000000 0.000000 0.000000 0.000000 0.056814 0.007211 1.662544
0.935975 0.000000 0.000000 0.000000 0.000000 0.056814 0.007211 1.662544
0.935975 0.000000 0.000000 0.000000 0.000000 0.056814 0.007211 1.662544
0.935975 0.000000 0.000000 0.000000 0.000000 0.056814 0.007211 1.662544
0.935975 0.000000 0.000000 0.000000 0.000000 0.056814 0.007211 1.662544
0.935975 0.000000 0.000000 0.000000 0.000000 0.056814 0.007211 1.662544
0.935975 0.000000 0.000000 0.000000 0.000000 0.056814 0.007211 1.662544
0.935975 0.000000 0.000000 0.000000 0.000000 0.056814 0.007211 1.662544
0.935975 0.000000 0.000000 0.000000 0.000000 0.056814 0.007211 1.662544
0.935975 0.000000 0.000000 0.000000 0.000000 0.056814 0.007211 1.662544
0.935975 0.000000 0.000000 0.000000 0.000000 0.056814 0.007211 1.662544
0.935975 0.000000 0.000000 0.000000 0.000000 0.056814 0.007211 1.662544
0.935975 0.000000 0.000000 0.000000 0.000000 0.056814 0.007211 1.662544
0.935975 0.000000 0.000000 0.000000 0.000000 0.056814 0.007211 1.662544
0.935975 0.000000 0.000000 0.000000 0.000000 0.056814 0.007211 1.662544
0.935975 0.000000 0.000000 0.000000 0.000000 0.056814 0.007211 1.662544
0.935975 0.000000 0.000000 0.000000 0.000000 0.056814 0.007211 1.662544
0.935975 0.000000 0.000000 0.000000 0.000000 0.056814 0.007211 1.662544
0.935975 0.000000 0.000000 0.000000 0.000000 0.056814 0.007211 1.662544
0.935975 0.000000 0.000000 0.000000 0.000000 0.056814 0.007211 1.662544
0.935975 0.000000 0.000000 0.000000 0.000000 0.056814 0.007211 1.662544
0.935975 0.000000 0.000000 0.000000 0.000000 0.056814 0.007211 1.662544
0.935975 0.000000 0.000000 0.000000 0.000000 0.056814 0.007211 1.662544
0.935975 0.000000 0.000000 0.000000 0.000000 0.056814 0.007211 1.662544
0.935975 0.000000 0.000000 0.000000 0.000000 0.056814 0.007211 1.662544
0.935975 0.000000 0.000000 0.000000 0.000000 0.056814 0.007211 1.662544
0.935975 0.000000 0.000000 0.000000 0.000000 0.056814 0.007211 1.662544
0.935975 0.000000 0.000000 0.000000 0.000000 0.056814 0.007211 1.662544
0.935975 0.000000 0.000000 0.000000 0.000000 0.056814 0.007211 1.662544
0.935975 0.000000 0.000000 0.000000 0.000000 0.056814 0.007211 1.662544
0.935975 0.000000 0.000000 0.000000 0.000000 0.056814 0.007211 1.662544
0.935975 0.000000 0.000000 0.000000 0.000000 0.056814 0.007211 1.662544
0.935975 0.000000 0.000000 0.000000 0.000000 0.056814 0.007211 1.662544
0.935975 0.000000 0.000000 0.000000 0.000000 0.056814 0.007211 1.662544
0.935975 0.000000 0.000000 0.000000 0.000000 0.056814 0.007211 1.662544
0.935975 0.000000 0.000000 0.000000 0.000000 0.056814 0.007211 1.662544
0.935975 0.000000 0.000000 0.000000 0.000000 0.056814 0.007211 1.662544
0.935975 0.000000 0.000000 0.000000 0.000000 0.056814 0.007211 1.662544
0.935975 0.000000 0.000000 0.000000 0.000000 0.056814 0.007211 1.662544
0.935975 0.000000 0.000000 0.000000 0.000000 0.056814 0.007211 1.662544
0.935975 0.000000 0.000000 0.000000 0.000000 0.056814 0.007211 1.662544
0.935975 0.000000 0.000000 0.000000 0.000000 0.056814 0.007211 1.662544
0.935975 0.000000 0.000000 0.000000 0.000000 0.056814 0.007211 1.662544
0.935975 0.000000 0.000000 0.000000 0.000000 0.056814 0.007211 1.662544
0.935975 0.000000 0.000000 0.000000 0.000000 0.056814 0.007211 1.662544
0.935975 0.000000 0.000000 0.000000 0.000000 0.056814 0.007211 1.662544
0.935975 0.000000 0.000000 0.000000 0.000000 0.056814 0.007211 1.662544
0.935975 0.000000 0.000000 0.000000 0.000000 0.056814 0.007211 1.662544
0.935975 0.000000 0.000000 0.000000 0.000000 0.056814 0.007211 1.662544
0.935975 0.000000 0.000000 0.000000 0.000000 0.056814 0.007211 1.662544
0.935975 0.000000 0.000000 0.000000 0.000000 0.056814 0.007211 1.662544
0.935975 0.000000 0.000000 0.000000 0.000000 0.056814 0.007211 1.662544
0.935975 0.000000 0.000000 0.000000 0.000000 0.056814 0.007211 1.662544
0.935975 0.000000 0.000000 0.000000 0.000000 0.056814 0.007211 1.662544
0.935975 0.000000 0.000000 0.000000 0.000000 0.056814 0.007211 1.662544
0.935975 0.000000 0.000000 0.000000 0.000000 0.056814 0.007211 1.662544
0.935975 0.000000 0.000000 0.000000 0.000000 0.056814 0.007211 1.662544
0.935975 0.000000 0.000000 0.000000 0.000000 0.056814 0.007211 1.662544
