0.361065 0.060726 0.054539 0.031452 0.001987 0.484388 0.005844 1.587238
0.363566 0.058433 0.054493 0.031232 0.001990 0.484413 0.005875 1.593049
0.366884 0.055596 0.054224 0.030906 0.001999 0.484497 0.005894 1.598631
0.370645 0.052532 0.053878 0.030433 0.001992 0.484601 0.005919 1.603923
0.374677 0.049536 0.053241 0.029956 0.001999 0.484655 0.005936 1.608834
0.379027 0.046538 0.052573 0.029440 0.001997 0.484462 0.005963 1.613536
0.383649 0.043558 0.051848 0.028776 0.001975 0.484198 0.005997 1.618038
0.388446 0.040719 0.050977 0.028085 0.001970 0.483784 0.006019 1.622192
0.393240 0.038138 0.049920 0.027412 0.001954 0.483289 0.006046 1.626017
0.397977 0.035670 0.048857 0.026583 0.001948 0.482892 0.006073 1.629650
0.402878 0.033314 0.047699 0.025825 0.001962 0.482227 0.006096 1.633096
0.407874 0.031158 0.046486 0.025071 0.001935 0.481351 0.006125 1.636249
0.412789 0.029143 0.045246 0.024269 0.001933 0.480477 0.006144 1.639228
0.417913 0.027275 0.043934 0.023443 0.001924 0.479349 0.006162 1.641973
0.423076 0.025554 0.042589 0.022613 0.001914 0.478071 0.006185 1.644551
0.428249 0.023877 0.041309 0.021838 0.001886 0.476633 0.006209 1.647022
0.433452 0.022357 0.039952 0.021085 0.001865 0.475052 0.006237 1.649287
0.438521 0.020952 0.038569 0.020287 0.001846 0.473561 0.006264 1.651426
0.443714 0.019677 0.037159 0.019561 0.001817 0.471783 0.006289 1.653401
0.448876 0.018571 0.035851 0.018754 0.001819 0.469823 0.006306 1.655195
0.454155 0.017417 0.034479 0.018046 0.001800 0.467775 0.006328 1.656976
0.459371 0.016367 0.033195 0.017334 0.001777 0.465608 0.006349 1.658621
0.464601 0.015394 0.031956 0.016634 0.001760 0.463287 0.006368 1.660175
0.469823 0.014475 0.030721 0.015986 0.001743 0.460866 0.006385 1.661640
0.475071 0.013618 0.029482 0.015358 0.001721 0.458341 0.006409 1.663022
0.480272 0.012828 0.028258 0.014702 0.001698 0.455812 0.006429 1.664323
0.485474 0.012103 0.027083 0.014091 0.001670 0.453130 0.006451 1.665542
0.490640 0.011429 0.025980 0.013461 0.001644 0.450379 0.006468 1.666666
0.495805 0.010840 0.024895 0.012867 0.001613 0.447489 0.006492 1.667718
0.500911 0.010240 0.023847 0.012302 0.001588 0.444603 0.006509 1.668755
0.506002 0.009669 0.022840 0.011773 0.001568 0.441622 0.006527 1.669744
0.511059 0.009164 0.021895 0.011253 0.001538 0.438547 0.006544 1.670654
0.516018 0.008725 0.020947 0.010710 0.001520 0.435515 0.006565 1.671500
0.521082 0.008259 0.020015 0.010261 0.001492 0.432310 0.006581 1.672337
0.526042 0.007791 0.019143 0.009772 0.001473 0.429181 0.006598 1.673159
0.530950 0.007438 0.018219 0.009320 0.001447 0.426010 0.006617 1.673866
0.535777 0.007099 0.017443 0.008891 0.001422 0.422734 0.006634 1.674553
0.540810 0.006727 0.016626 0.008523 0.001398 0.419266 0.006650 1.675228
0.545626 0.006409 0.015913 0.008152 0.001357 0.415871 0.006672 1.675871
0.550424 0.006081 0.015236 0.007775 0.001324 0.412473 0.006687 1.676509
0.555242 0.005789 0.014558 0.007421 0.001284 0.408999 0.006706 1.677094
0.560102 0.005498 0.013940 0.007076 0.001253 0.405408 0.006724 1.677640
0.564838 0.005272 0.013269 0.006782 0.001230 0.401875 0.006735 1.678150
0.569654 0.005019 0.012708 0.006458 0.001211 0.398201 0.006749 1.678667
0.574342 0.004793 0.012168 0.006165 0.001190 0.394580 0.006761 1.679155
0.578960 0.004613 0.011610 0.005891 0.001159 0.390993 0.006775 1.679607
0.583520 0.004444 0.011075 0.005588 0.001132 0.387447 0.006794 1.680023
0.588107 0.004259 0.010587 0.005345 0.001097 0.383791 0.006814 1.680439
0.592642 0.004048 0.010159 0.005106 0.001069 0.380147 0.006830 1.680869
0.597124 0.003858 0.009694 0.004869 0.001042 0.376572 0.006842 1.681278
0.601713 0.003687 0.009243 0.004637 0.001017 0.372848 0.006855 1.681642
0.606153 0.003513 0.008834 0.004445 0.000987 0.369201 0.006867 1.682006
0.610567 0.003365 0.008456 0.004251 0.000969 0.365519 0.006875 1.682355
0.615011 0.003229 0.008114 0.004059 0.000937 0.361759 0.006890 1.682676
0.619292 0.003103 0.007762 0.003897 0.000915 0.358134 0.006898 1.682988
0.623578 0.002993 0.007430 0.003724 0.000893 0.354476 0.006908 1.683288
0.627831 0.002916 0.007059 0.003543 0.000864 0.350868 0.006919 1.683555
0.631914 0.002815 0.006746 0.003382 0.000843 0.347373 0.006928 1.683825
0.636078 0.002714 0.006450 0.003223 0.000823 0.343771 0.006940 1.684092
0.640246 0.002586 0.006138 0.003078 0.000795 0.340207 0.006951 1.684360
0.644297 0.002477 0.005897 0.002940 0.000775 0.336655 0.006961 1.684615
0.648292 0.002390 0.005650 0.002809 0.000755 0.333133 0.006971 1.684863
0.652257 0.002298 0.005414 0.002697 0.000732 0.329620 0.006983 1.685093
0.656247 0.002233 0.005187 0.002566 0.000717 0.326058 0.006993 1.685300
0.660215 0.002136 0.004976 0.002458 0.000698 0.322519 0.007000 1.685528
0.664131 0.002054 0.004776 0.002350 0.000678 0.319002 0.007011 1.685742
0.667907 0.001997 0.004556 0.002246 0.000655 0.315620 0.007020 1.685924
0.671678 0.001941 0.004372 0.002156 0.000634 0.312193 0.007029 1.686117
0.675457 0.001855 0.004217 0.002069 0.000611 0.308753 0.007038 1.686315
0.679180 0.001780 0.004053 0.001982 0.000589 0.305369 0.007049 1.686501
0.682954 0.001732 0.003886 0.001888 0.000573 0.301914 0.007055 1.686671
0.686543 0.001666 0.003728 0.001813 0.000560 0.298630 0.007061 1.686842
0.690140 0.001615 0.003572 0.001745 0.000540 0.295319 0.007070 1.687004
0.693692 0.001553 0.003426 0.001673 0.000523 0.292056 0.007077 1.687157
0.697192 0.001511 0.003276 0.001593 0.000503 0.288838 0.007087 1.687307
0.700645 0.001473 0.003157 0.001522 0.000487 0.285621 0.007095 1.687461
0.704167 0.001424 0.003076 0.001462 0.000476 0.282296 0.007099 1.687621
0.707497 0.001386 0.002936 0.001408 0.000462 0.279210 0.007102 1.687754
0.710896 0.001326 0.002827 0.001357 0.000447 0.276040 0.007108 1.687898
0.714277 0.001276 0.002712 0.001308 0.000435 0.272880 0.007113 1.688032
0.717588 0.001233 0.002608 0.001256 0.000415 0.269781 0.007120 1.688155
0.720843 0.001190 0.002523 0.001211 0.000406 0.266705 0.007123 1.688279
0.724131 0.001154 0.002414 0.001160 0.000389 0.263622 0.007131 1.688388
0.727375 0.001122 0.002315 0.001123 0.000381 0.260547 0.007137 1.688498
0.730519 0.001091 0.002229 0.001069 0.000374 0.257577 0.007141 1.688609
0.733705 0.001050 0.002154 0.001020 0.000364 0.254563 0.007146 1.688714
0.736751 0.001023 0.002078 0.000979 0.000352 0.251667 0.007151 1.688820
0.739822 0.000992 0.001995 0.000952 0.000340 0.248744 0.007156 1.688925
0.742840 0.000972 0.001914 0.000913 0.000330 0.245869 0.007162 1.689010
0.745766 0.000937 0.001857 0.000887 0.000322 0.243069 0.007163 1.689106
0.748655 0.000916 0.001786 0.000851 0.000314 0.240312 0.007166 1.689195
0.751582 0.000896 0.001714 0.000817 0.000304 0.237519 0.007170 1.689282
0.754461 0.000869 0.001637 0.000790 0.000294 0.234775 0.007175 1.689365
0.757336 0.000837 0.001574 0.000764 0.000289 0.232021 0.007180 1.689446
0.760159 0.000809 0.001524 0.000733 0.000287 0.229308 0.007182 1.689530
0.762905 0.000784 0.001461 0.000710 0.000277 0.226679 0.007184 1.689611
0.765652 0.000766 0.001421 0.000679 0.000265 0.224030 0.007188 1.689690
0.768413 0.000756 0.001360 0.000659 0.000261 0.221361 0.007191 1.689763
0.771157 0.000752 0.001300 0.000642 0.000256 0.218701 0.007194 1.689830
0.773821 0.000727 0.001248 0.000630 0.000247 0.216129 0.007199 1.689907
0.776452 0.000695 0.001228 0.000605 0.000239 0.213579 0.007202 1.689985
0.779037 0.000668 0.001183 0.000587 0.000230 0.211090 0.007205 1.690052
0.781632 0.000650 0.001146 0.000572 0.000223 0.208570 0.007209 1.690112
0.784240 0.000622 0.001109 0.000561 0.000216 0.206041 0.007213 1.690185
0.786749 0.000603 0.001059 0.000538 0.000209 0.203629 0.007214 1.690248
0.789273 0.000587 0.001032 0.000525 0.000203 0.201166 0.007216 1.690311
0.791735 0.000575 0.000996 0.000506 0.000197 0.198774 0.007218 1.690360
0.794157 0.000561 0.000963 0.000487 0.000187 0.196426 0.007220 1.690418
0.796466 0.000545 0.000928 0.000474 0.000180 0.194186 0.007222 1.690468
0.798780 0.000532 0.000905 0.000459 0.000176 0.191925 0.007223 1.690527
0.801132 0.000525 0.000877 0.000443 0.000167 0.189628 0.007227 1.690576
0.803481 0.000514 0.000852 0.000425 0.000161 0.187338 0.007229 1.690624
0.805808 0.000510 0.000821 0.000407 0.000154 0.185069 0.007232 1.690662
0.808135 0.000497 0.000795 0.000399 0.000149 0.182793 0.007234 1.690714
0.810387 0.000492 0.000770 0.000378 0.000145 0.180594 0.007236 1.690761
0.812574 0.000484 0.000747 0.000368 0.000139 0.178452 0.007237 1.690810
0.814727 0.000471 0.000721 0.000355 0.000134 0.176354 0.007238 1.690855
0.816845 0.000464 0.000703 0.000349 0.000130 0.174269 0.007240 1.690900
0.818942 0.000442 0.000680 0.000349 0.000129 0.172218 0.007241 1.690949
0.821089 0.000437 0.000655 0.000330 0.000123 0.170123 0.007243 1.690983
0.823164 0.000426 0.000641 0.000326 0.000117 0.168081 0.007246 1.691026
0.825210 0.000417 0.000624 0.000312 0.000112 0.166077 0.007249 1.691066
0.827224 0.000399 0.000611 0.000297 0.000109 0.164108 0.007252 1.691114
0.829260 0.000387 0.000589 0.000291 0.000107 0.162114 0.007253 1.691157
0.831238 0.000378 0.000573 0.000287 0.000101 0.160169 0.007255 1.691192
0.833170 0.000384 0.000555 0.000268 0.000098 0.158270 0.007256 1.691221
0.835115 0.000365 0.000540 0.000263 0.000095 0.156364 0.007258 1.691264
0.837038 0.000350 0.000518 0.000258 0.000092 0.154486 0.007259 1.691299
0.838955 0.000337 0.000509 0.000254 0.000089 0.152597 0.007260 1.691339
0.840802 0.000331 0.000503 0.000240 0.000084 0.150778 0.007262 1.691375
0.842629 0.000329 0.000489 0.000232 0.000081 0.148977 0.007264 1.691405
0.844439 0.000321 0.000480 0.000228 0.000078 0.147190 0.007265 1.691435
0.846219 0.000315 0.000465 0.000227 0.000074 0.145435 0.007265 1.691465
0.847981 0.000301 0.000457 0.000224 0.000072 0.143699 0.007266 1.691498
0.849742 0.000300 0.000443 0.000220 0.000070 0.141960 0.007267 1.691524
0.851412 0.000295 0.000439 0.000217 0.000069 0.140301 0.007268 1.691554
0.853119 0.000287 0.000429 0.000208 0.000067 0.138621 0.007269 1.691582
0.854802 0.000276 0.000412 0.000199 0.000066 0.136976 0.007270 1.691606
0.856422 0.000271 0.000407 0.000190 0.000064 0.135377 0.007270 1.691636
0.858030 0.000272 0.000390 0.000182 0.000063 0.133794 0.007271 1.691659
0.859633 0.000263 0.000378 0.000181 0.000061 0.132211 0.007272 1.691686
0.861232 0.000261 0.000365 0.000174 0.000058 0.130636 0.007273 1.691707
0.862800 0.000257 0.000364 0.000173 0.000059 0.129075 0.007273 1.691733
0.864339 0.000259 0.000357 0.000160 0.000057 0.127556 0.007273 1.691758
0.865820 0.000258 0.000343 0.000156 0.000054 0.126094 0.007274 1.691778
0.867308 0.000253 0.000348 0.000152 0.000052 0.124611 0.007275 1.691806
0.868772 0.000247 0.000331 0.000153 0.000050 0.123171 0.007276 1.691830
0.870160 0.000237 0.000330 0.000155 0.000050 0.121793 0.007276 1.691855
0.871574 0.000237 0.000320 0.000151 0.000049 0.120393 0.007276 1.691875
0.873003 0.000229 0.000309 0.000150 0.000046 0.118985 0.007278 1.691896
0.874347 0.000217 0.000303 0.000148 0.000046 0.117661 0.007278 1.691919
0.875673 0.000213 0.000289 0.000140 0.000044 0.116362 0.007279 1.691934
0.876917 0.000212 0.000286 0.000142 0.000041 0.115121 0.007281 1.691954
0.878183 0.000210 0.000275 0.000138 0.000040 0.113873 0.007282 1.691969
0.879395 0.000209 0.000269 0.000136 0.000040 0.112670 0.007283 1.691986
0.880599 0.000209 0.000264 0.000134 0.000038 0.111474 0.007284 1.692003
0.881792 0.000206 0.000256 0.000126 0.000038 0.110300 0.007284 1.692020
0.882957 0.000202 0.000255 0.000126 0.000037 0.109141 0.007284 1.692041
0.884113 0.000201 0.000254 0.000120 0.000037 0.107993 0.007284 1.692058
0.885213 0.000198 0.000248 0.000118 0.000037 0.106903 0.007284 1.692078
0.886296 0.000198 0.000246 0.000116 0.000036 0.105823 0.007284 1.692095
0.887365 0.000188 0.000245 0.000117 0.000036 0.104766 0.007284 1.692115
0.888438 0.000176 0.000248 0.000116 0.000036 0.103701 0.007284 1.692139
0.889406 0.000173 0.000247 0.000111 0.000035 0.102745 0.007285 1.692157
0.890460 0.000170 0.000238 0.000106 0.000034 0.101707 0.007285 1.692170
0.891434 0.000170 0.000235 0.000102 0.000034 0.100740 0.007286 1.692187
0.892415 0.000171 0.000228 0.000099 0.000033 0.099768 0.007286 1.692202
0.893356 0.000170 0.000219 0.000099 0.000033 0.098838 0.007287 1.692218
0.894299 0.000164 0.000214 0.000098 0.000031 0.097906 0.007287 1.692237
0.895219 0.000158 0.000213 0.000097 0.000031 0.096995 0.007288 1.692252
0.896124 0.000156 0.000207 0.000095 0.000028 0.096101 0.007289 1.692265
0.896972 0.000156 0.000203 0.000094 0.000027 0.095259 0.007290 1.692281
0.897793 0.000148 0.000199 0.000094 0.000025 0.094450 0.007291 1.692299
0.898572 0.000145 0.000200 0.000090 0.000023 0.093677 0.007292 1.692314
0.899370 0.000144 0.000198 0.000089 0.000022 0.092884 0.007292 1.692329
0.900134 0.000138 0.000193 0.000089 0.000021 0.092132 0.007294 1.692343
0.900857 0.000132 0.000187 0.000086 0.000020 0.091422 0.007294 1.692355
0.901549 0.000130 0.000182 0.000085 0.000019 0.090740 0.007295 1.692367
0.902251 0.000126 0.000178 0.000083 0.000019 0.090049 0.007295 1.692380
0.902909 0.000123 0.000177 0.000081 0.000018 0.089396 0.007296 1.692395
0.903608 0.000122 0.000177 0.000078 0.000018 0.088702 0.007296 1.692405
0.904240 0.000112 0.000182 0.000078 0.000016 0.088075 0.007296 1.692420
0.904876 0.000111 0.000176 0.000076 0.000016 0.087449 0.007297 1.692431
0.905508 0.000110 0.000171 0.000074 0.000015 0.086826 0.007297 1.692440
0.906111 0.000111 0.000162 0.000072 0.000015 0.086232 0.007297 1.692447
0.906724 0.000108 0.000157 0.000069 0.000014 0.085630 0.007298 1.692458
0.907286 0.000107 0.000153 0.000072 0.000014 0.085069 0.007298 1.692471
0.907869 0.000102 0.000149 0.000069 0.000014 0.084498 0.007298 1.692482
0.908421 0.000098 0.000142 0.000066 0.000015 0.083960 0.007298 1.692492
0.908981 0.000096 0.000133 0.000064 0.000013 0.083414 0.007299 1.692501
0.909501 0.000088 0.000133 0.000061 0.000013 0.082905 0.007299 1.692514
0.909976 0.000088 0.000130 0.000057 0.000012 0.082437 0.007299 1.692520
0.910448 0.000080 0.000128 0.000056 0.000011 0.081977 0.007299 1.692533
0.910910 0.000081 0.000127 0.000053 0.000011 0.081519 0.007299 1.692540
0.911361 0.000081 0.000125 0.000050 0.000010 0.081073 0.007300 1.692547
0.911799 0.000079 0.000124 0.000049 0.000010 0.080640 0.007300 1.692553
0.912211 0.000077 0.000125 0.000047 0.000009 0.080230 0.007300 1.692560
0.912639 0.000080 0.000123 0.000045 0.000010 0.079803 0.007300 1.692566
0.913036 0.000078 0.000122 0.000047 0.000010 0.079407 0.007300 1.692575
0.913427 0.000076 0.000118 0.000044 0.000009 0.079026 0.007300 1.692581
0.913792 0.000075 0.000114 0.000041 0.000010 0.078668 0.007300 1.692589
0.914172 0.000074 0.000114 0.000040 0.000010 0.078289 0.007300 1.692597
0.914534 0.000074 0.000108 0.000036 0.000009 0.077937 0.007300 1.692601
0.914892 0.000072 0.000104 0.000037 0.000009 0.077586 0.007300 1.692610
0.915231 0.000073 0.000100 0.000038 0.000009 0.077250 0.007300 1.692615
0.915578 0.000063 0.000103 0.000039 0.000009 0.076908 0.007300 1.692630
0.915889 0.000063 0.000101 0.000039 0.000009 0.076599 0.007300 1.692636
0.916206 0.000063 0.000101 0.000038 0.000009 0.076284 0.007300 1.692643
0.916502 0.000061 0.000100 0.000039 0.000008 0.075990 0.007300 1.692651
0.916798 0.000062 0.000090 0.000038 0.000007 0.075706 0.007300 1.692656
0.917099 0.000058 0.000090 0.000039 0.000006 0.075408 0.007301 1.692665
0.917389 0.000054 0.000086 0.000038 0.000006 0.075127 0.007301 1.692670
0.917639 0.000057 0.000081 0.000037 0.000006 0.074881 0.007301 1.692675
0.917879 0.000052 0.000080 0.000037 0.000006 0.074645 0.007301 1.692682
0.918114 0.000051 0.000079 0.000034 0.000006 0.074415 0.007301 1.692689
0.918347 0.000049 0.000079 0.000034 0.000006 0.074183 0.007302 1.692695
0.918577 0.000051 0.000076 0.000032 0.000006 0.073957 0.007302 1.692697
0.918793 0.000050 0.000074 0.000028 0.000006 0.073746 0.007302 1.692700
0.919005 0.000049 0.000073 0.000025 0.000005 0.073540 0.007303 1.692705
0.919204 0.000051 0.000071 0.000026 0.000005 0.073340 0.007303 1.692710
0.919406 0.000047 0.000071 0.000026 0.000005 0.073142 0.007303 1.692717
0.919612 0.000048 0.000067 0.000028 0.000005 0.072939 0.007303 1.692722
0.919804 0.000044 0.000066 0.000028 0.000005 0.072751 0.007303 1.692727
0.920010 0.000044 0.000065 0.000025 0.000005 0.072549 0.007303 1.692730
0.920192 0.000042 0.000061 0.000025 0.000005 0.072371 0.007303 1.692734
0.920353 0.000044 0.000056 0.000025 0.000006 0.072214 0.007303 1.692737
0.920531 0.000044 0.000056 0.000024 0.000006 0.072036 0.007303 1.692742
0.920717 0.000046 0.000054 0.000024 0.000005 0.071851 0.007303 1.692745
0.920868 0.000044 0.000055 0.000023 0.000005 0.071702 0.007303 1.692750
0.921025 0.000043 0.000054 0.000022 0.000005 0.071550 0.007303 1.692752
0.921180 0.000042 0.000052 0.000022 0.000005 0.071397 0.007303 1.692755
0.921334 0.000042 0.000053 0.000023 0.000005 0.071241 0.007303 1.692760
0.921479 0.000041 0.000051 0.000023 0.000004 0.071100 0.007303 1.692763
0.921605 0.000038 0.000052 0.000024 0.000004 0.070975 0.007303 1.692767
0.921751 0.000038 0.000046 0.000023 0.000003 0.070836 0.007303 1.692770
0.921884 0.000039 0.000045 0.000023 0.000003 0.070704 0.007303 1.692775
0.922016 0.000037 0.000044 0.000024 0.000003 0.070575 0.007303 1.692779
0.922151 0.000037 0.000043 0.000020 0.000003 0.070443 0.007303 1.692781
0.922259 0.000035 0.000043 0.000021 0.000003 0.070337 0.007303 1.692784
0.922377 0.000034 0.000044 0.000020 0.000003 0.070219 0.007304 1.692787
0.922493 0.000034 0.000042 0.000017 0.000003 0.070108 0.007304 1.692789
0.922606 0.000034 0.000041 0.000017 0.000003 0.069997 0.007304 1.692792
0.922721 0.000032 0.000039 0.000017 0.000003 0.069885 0.007304 1.692795
0.922827 0.000030 0.000041 0.000018 0.000003 0.069778 0.007304 1.692799
0.922929 0.000029 0.000040 0.000018 0.000003 0.069678 0.007304 1.692802
0.923026 0.000026 0.000039 0.000016 0.000003 0.069587 0.007304 1.692806
0.923141 0.000026 0.000039 0.000016 0.000002 0.069473 0.007304 1.692810
0.923232 0.000024 0.000038 0.000016 0.000002 0.069383 0.007304 1.692812
0.923327 0.000024 0.000037 0.000016 0.000002 0.069291 0.007304 1.692815
0.923427 0.000023 0.000035 0.000015 0.000002 0.069194 0.007304 1.692817
0.923503 0.000022 0.000037 0.000016 0.000002 0.069117 0.007304 1.692820
0.923592 0.000025 0.000034 0.000016 0.000002 0.069028 0.007304 1.692821
0.923675 0.000027 0.000031 0.000013 0.000002 0.068950 0.007304 1.692821
0.923753 0.000028 0.000030 0.000012 0.000002 0.068871 0.007304 1.692824
0.923833 0.000028 0.000030 0.000012 0.000002 0.068790 0.007304 1.692827
0.923907 0.000024 0.000031 0.000016 0.000002 0.068717 0.007304 1.692833
0.923979 0.000026 0.000029 0.000016 0.000002 0.068644 0.007304 1.692834
0.924038 0.000023 0.000029 0.000016 0.000002 0.068588 0.007304 1.692837
0.924106 0.000025 0.000028 0.000015 0.000002 0.068520 0.007304 1.692838
0.924166 0.000024 0.000030 0.000015 0.000002 0.068459 0.007304 1.692841
0.924222 0.000024 0.000031 0.000014 0.000002 0.068404 0.007304 1.692843
0.924275 0.000025 0.000030 0.000014 0.000002 0.068350 0.007304 1.692845
0.924330 0.000028 0.000027 0.000014 0.000002 0.068295 0.007304 1.692846
0.924384 0.000025 0.000029 0.000014 0.000002 0.068243 0.007304 1.692850
0.924437 0.000023 0.000029 0.000014 0.000002 0.068191 0.007304 1.692853
0.924496 0.000023 0.000029 0.000015 0.000002 0.068132 0.007304 1.692855
0.924542 0.000024 0.000028 0.000013 0.000002 0.068087 0.007304 1.692856
0.924587 0.000024 0.000028 0.000013 0.000002 0.068042 0.007305 1.692858
0.924622 0.000024 0.000028 0.000013 0.000002 0.068007 0.007305 1.692859
0.924659 0.000023 0.000027 0.000013 0.000002 0.067972 0.007305 1.692862
0.924693 0.000027 0.000027 0.000012 0.000001 0.067937 0.007305 1.692862
0.924735 0.000027 0.000026 0.000010 0.000001 0.067896 0.007305 1.692864
0.924771 0.000025 0.000028 0.000012 0.000001 0.067859 0.007305 1.692868
0.924800 0.000024 0.000027 0.000012 0.000001 0.067831 0.007305 1.692871
0.924826 0.000026 0.000025 0.000012 0.000000 0.067806 0.007305 1.692872
0.924856 0.000027 0.000025 0.000011 0.000000 0.067775 0.007305 1.692874
0.924887 0.000027 0.000024 0.000010 0.000000 0.067747 0.007305 1.692875
0.924916 0.000026 0.000023 0.000011 0.000000 0.067719 0.007305 1.692878
0.924945 0.000025 0.000025 0.000011 0.000000 0.067690 0.007305 1.692881
0.924975 0.000024 0.000026 0.000011 0.000000 0.067660 0.007305 1.692883
0.925001 0.000024 0.000026 0.000010 0.000000 0.067634 0.007305 1.692884
0.925026 0.000023 0.000025 0.000012 0.000000 0.067609 0.007305 1.692886
0.925054 0.000022 0.000024 0.000012 0.000000 0.067583 0.007305 1.692889
0.925081 0.000022 0.000023 0.000012 0.000000 0.067558 0.007305 1.692891
0.925107 0.000020 0.000023 0.000013 0.000000 0.067532 0.007305 1.692894
0.925129 0.000019 0.000023 0.000013 0.000000 0.067511 0.007305 1.692897
0.925159 0.000017 0.000025 0.000013 0.000000 0.067481 0.007305 1.692900
0.925190 0.000015 0.000024 0.000012 0.000000 0.067453 0.007305 1.692902
0.925219 0.000014 0.000023 0.000012 0.000000 0.067426 0.007305 1.692904
0.925243 0.000015 0.000022 0.000013 0.000000 0.067402 0.007305 1.692906
0.925271 0.000014 0.000023 0.000012 0.000000 0.067375 0.007305 1.692907
0.925299 0.000015 0.000023 0.000011 0.000000 0.067347 0.007305 1.692909
0.925323 0.000016 0.000023 0.000011 0.000000 0.067323 0.007305 1.692910
0.925342 0.000015 0.000023 0.000010 0.000000 0.067305 0.007305 1.692913
0.925358 0.000014 0.000022 0.000011 0.000000 0.067289 0.007305 1.692915
0.925375 0.000016 0.000023 0.000011 0.000000 0.067271 0.007305 1.692917
0.925394 0.000014 0.000023 0.000010 0.000000 0.067253 0.007305 1.692919
0.925418 0.000012 0.000024 0.000011 0.000000 0.067230 0.007305 1.692922
0.925442 0.000012 0.000024 0.000010 0.000000 0.067207 0.007305 1.692922
0.925462 0.000010 0.000023 0.000011 0.000000 0.067189 0.007305 1.692925
0.925480 0.000012 0.000022 0.000011 0.000000 0.067170 0.007305 1.692925
0.925496 0.000011 0.000022 0.000011 0.000000 0.067155 0.007305 1.692926
0.925515 0.000010 0.000021 0.000011 0.000000 0.067138 0.007305 1.692928
0.925538 0.000010 0.000021 0.000011 0.000000 0.067115 0.007305 1.692929
0.925559 0.000007 0.000021 0.000012 0.000000 0.067097 0.007305 1.692932
0.925580 0.000007 0.000019 0.000011 0.000000 0.067078 0.007305 1.692932
0.925598 0.000007 0.000018 0.000010 0.000000 0.067062 0.007305 1.692932
0.925610 0.000007 0.000016 0.000010 0.000000 0.067053 0.007305 1.692932
0.925626 0.000006 0.000016 0.000008 0.000000 0.067038 0.007305 1.692933
0.925643 0.000004 0.000016 0.000008 0.000001 0.067024 0.007305 1.692935
0.925656 0.000005 0.000014 0.000006 0.000001 0.067013 0.007305 1.692935
0.925674 0.000006 0.000013 0.000006 0.000001 0.066996 0.007305 1.692935
0.925690 0.000005 0.000012 0.000006 0.000001 0.066982 0.007305 1.692936
0.925702 0.000005 0.000011 0.000006 0.000001 0.066970 0.007305 1.692936
0.925712 0.000005 0.000012 0.000005 0.000000 0.066962 0.007305 1.692936
0.925729 0.000003 0.000012 0.000005 0.000000 0.066945 0.007305 1.692937
0.925747 0.000003 0.000012 0.000005 0.000000 0.066927 0.007305 1.692938
0.925757 0.000004 0.000011 0.000006 0.000000 0.066918 0.007305 1.692938
0.925768 0.000004 0.000010 0.000006 0.000000 0.066907 0.007305 1.692938
0.925780 0.000005 0.000010 0.000005 0.000001 0.066895 0.007305 1.692938
0.925787 0.000005 0.000009 0.000005 0.000001 0.066889 0.007305 1.692939
0.925798 0.000004 0.000009 0.000004 0.000001 0.066879 0.007305 1.692939
0.925807 0.000005 0.000010 0.000004 0.000001 0.066870 0.007305 1.692940
0.925816 0.000003 0.000011 0.000004 0.000001 0.066861 0.007305 1.692942
0.925827 0.000003 0.000010 0.000004 0.000001 0.066850 0.007305 1.692942
0.925837 0.000003 0.000010 0.000003 0.000001 0.066842 0.007305 1.692942
0.925844 0.000004 0.000010 0.000003 0.000001 0.066835 0.007305 1.692942
0.925850 0.000004 0.000008 0.000003 0.000001 0.066829 0.007305 1.692942
0.925862 0.000005 0.000008 0.000002 0.000001 0.066817 0.007305 1.692942
0.925870 0.000005 0.000008 0.000003 0.000001 0.066810 0.007305 1.692943
0.925881 0.000004 0.000008 0.000002 0.000001 0.066800 0.007305 1.692943
0.925889 0.000004 0.000008 0.000002 0.000001 0.066792 0.007305 1.692943
0.925895 0.000003 0.000008 0.000002 0.000001 0.066786 0.007305 1.692944
0.925900 0.000003 0.000008 0.000002 0.000001 0.066781 0.007305 1.692944
0.925908 0.000003 0.000008 0.000002 0.000001 0.066774 0.007305 1.692945
0.925912 0.000003 0.000008 0.000001 0.000001 0.066770 0.007305 1.692945
0.925919 0.000003 0.000008 0.000002 0.000001 0.066763 0.007305 1.692946
0.925926 0.000002 0.000007 0.000002 0.000001 0.066757 0.007305 1.692946
0.925929 0.000002 0.000006 0.000002 0.000001 0.066755 0.007305 1.692946
0.925932 0.000002 0.000005 0.000001 0.000000 0.066754 0.007305 1.692946
0.925936 0.000002 0.000005 0.000001 0.000000 0.066751 0.007305 1.692946
0.925939 0.000002 0.000005 0.000001 0.000000 0.066748 0.007305 1.692946
0.925944 0.000002 0.000004 0.000000 0.000000 0.066744 0.007305 1.692946
0.925947 0.000002 0.000003 0.000000 0.000000 0.066743 0.007305 1.692946
0.925950 0.000002 0.000003 0.000000 0.000000 0.066739 0.007305 1.692946
0.925951 0.000002 0.000003 0.000000 0.000000 0.066738 0.007305 1.692947
0.925953 0.000001 0.000003 0.000000 0.000000 0.066736 0.007305 1.692947
0.925958 0.000001 0.000003 0.000000 0.000000 0.066732 0.007305 1.692947
0.925959 0.000003 0.000003 0.000000 0.000000 0.066729 0.007305 1.692947
0.925961 0.000001 0.000004 0.000000 0.000000 0.066728 0.007305 1.692948
0.925963 0.000001 0.000004 0.000001 0.000000 0.066725 0.007305 1.692949
0.925965 0.000001 0.000003 0.000001 0.000000 0.066724 0.007305 1.692949
0.925966 0.000001 0.000003 0.000002 0.000000 0.066723 0.007305 1.692949
0.925968 0.000002 0.000003 0.000002 0.000000 0.066720 0.007306 1.692949
0.925971 0.000002 0.000003 0.000002 0.000000 0.066717 0.007306 1.692949
0.925974 0.000002 0.000003 0.000002 0.000000 0.066714 0.007306 1.692949
0.925976 0.000002 0.000004 0.000001 0.000000 0.066712 0.007306 1.692950
0.925978 0.000002 0.000003 0.000001 0.000000 0.066711 0.007306 1.692950
0.925980 0.000002 0.000003 0.000001 0.000000 0.066709 0.007306 1.692950
0.925981 0.000001 0.000003 0.000001 0.000000 0.066708 0.007306 1.692951
0.925982 0.000001 0.000003 0.000001 0.000000 0.066707 0.007306 1.692951
0.925985 0.000000 0.000003 0.000002 0.000000 0.066704 0.007306 1.692952
0.925988 0.000000 0.000003 0.000002 0.000000 0.066702 0.007306 1.692952
0.925989 0.000000 0.000003 0.000002 0.000000 0.066701 0.007306 1.692952
0.925991 0.000000 0.000003 0.000002 0.000000 0.066699 0.007306 1.692952
0.925993 0.000000 0.000002 0.000002 0.000000 0.066698 0.007306 1.692952
0.925994 0.000000 0.000002 0.000002 0.000000 0.066697 0.007306 1.692952
0.925996 0.000000 0.000002 0.000001 0.000000 0.066696 0.007306 1.692952
0.925997 0.000000 0.000002 0.000001 0.000000 0.066695 0.007306 1.692952
0.925998 0.000000 0.000002 0.000001 0.000000 0.066694 0.007306 1.692952
0.925999 0.000000 0.000002 0.000001 0.000000 0.066693 0.007306 1.692952
0.926001 0.000000 0.000001 0.000001 0.000000 0.066692 0.007306 1.692952
0.926002 0.000000 0.000001 0.000001 0.000000 0.066691 0.007306 1.692952
0.926003 0.000000 0.000001 0.000001 0.000000 0.066690 0.007306 1.692952
0.926003 0.000000 0.000001 0.000001 0.000000 0.066689 0.007306 1.692952
0.926004 0.000000 0.000001 0.000001 0.000000 0.066688 0.007306 1.692952
0.926005 0.000000 0.000000 0.000001 0.000000 0.066688 0.007306 1.692952
0.926007 0.000000 0.000000 0.000001 0.000000 0.066686 0.007306 1.692952
0.926008 0.000000 0.000001 0.000001 0.000000 0.066685 0.007306 1.692952
0.926009 0.000000 0.000001 0.000001 0.000000 0.066684 0.007306 1.692952
0.926010 0.000000 0.000001 0.000001 0.000000 0.066683 0.007306 1.692952
0.926011 0.000000 0.000001 0.000000 0.000000 0.066682 0.007306 1.692952
0.926012 0.000000 0.000001 0.000000 0.000000 0.066681 0.007306 1.692952
0.926013 0.000000 0.000001 0.000000 0.000000 0.066680 0.007306 1.692952
0.926014 0.000000 0.000000 0.000000 0.000000 0.066679 0.007306 1.692952
0.926015 0.000000 0.000000 0.000000 0.000000 0.066679 0.007306 1.692952
0.926015 0.000000 0.000000 0.000000 0.000000 0.066678 0.007306 1.692952
0.926016 0.000000 0.000000 0.000000 0.000000 0.066678 0.007306 1.692952
0.926016 0.000000 0.000000 0.000000 0.000000 0.066677 0.007306 1.692952
0.926017 0.000000 0.000000 0.000000 0.000000 0.066676 0.007306 1.692952
0.926018 0.000000 0.000000 0.000000 0.000000 0.066676 0.007306 1.692952
0.926018 0.000000 0.000000 0.000000 0.000000 0.066675 0.007306 1.692952
0.926019 0.000000 0.000000 0.000000 0.000000 0.066675 0.007306 1.692952
0.926019 0.000000 0.000000 0.000000 0.000000 0.066674 0.007306 1.692952
0.926020 0.000000 0.000000 0.000000 0.000000 0.066674 0.007306 1.692952
0.926020 0.000000 0.000000 0.000000 0.000000 0.066673 0.007306 1.692952
0.926021 0.000000 0.000000 0.000000 0.000000 0.066673 0.007306 1.692952
0.926022 0.000000 0.000000 0.000000 0.000000 0.066672 0.007306 1.692952
0.926022 0.000000 0.000000 0.000000 0.000000 0.066672 0.007306 1.692952
0.926023 0.000000 0.000000 0.000000 0.000000 0.066671 0.007306 1.692952
0.926023 0.000000 0.000000 0.000000 0.000000 0.066671 0.007306 1.692952
0.926024 0.000000 0.000000 0.000000 0.000000 0.066671 0.007306 1.692952
0.926024 0.000000 0.000000 0.000000 0.000000 0.066671 0.007306 1.692952
0.926024 0.000000 0.000000 0.000000 0.000000 0.066671 0.007306 1.692952
0.926024 0.000000 0.000000 0.000000 0.000000 0.066671 0.007306 1.692952
0.926024 0.000000 0.000000 0.000000 0.000000 0.066671 0.007306 1.692952
0.926024 0.000000 0.000000 0.000000 0.000000 0.066671 0.007306 1.692952
0.926024 0.000000 0.000000 0.000000 0.000000 0.066671 0.007306 1.692952
0.926024 0.000000 0.000000 0.000000 0.000000 0.066671 0.007306 1.692952
0.926024 0.000000 0.000000 0.000000 0.000000 0.066671 0.007306 1.692952
0.926024 0.000000 0.000000 0.000000 0.000000 0.066671 0.007306 1.692952
0.926024 0.000000 0.000000 0.000000 0.000000 0.066671 0.007306 1.692952
0.926024 0.000000 0.000000 0.000000 0.000000 0.066671 0.007306 1.692952
0.926024 0.000000 0.000000 0.000000 0.000000 0.066671 0.007306 1.692952
0.926024 0.000000 0.000000 0.000000 0.000000 0.066671 0.007306 1.692952
0.926024 0.000000 0.000000 0.000000 0.000000 0.066671 0.007306 1.692952
0.926024 0.000000 0.000000 0.000000 0.000000 0.066671 0.007306 1.692952
0.926024 0.000000 0.000000 0.000000 0.000000 0.066671 0.007306 1.692952
0.926024 0.000000 0.000000 0.000000 0.000000 0.066671 0.007306 1.692952
0.926024 0.000000 0.000000 0.000000 0.000000 0.066671 0.007306 1.692952
0.926024 0.000000 0.000000 0.000000 0.000000 0.066671 0.007306 1.692952
0.926024 0.000000 0.000000 0.000000 0.000000 0.066671 0.007306 1.692952
0.926024 0.000000 0.000000 0.000000 0.000000 0.066671 0.007306 1.692952
0.926024 0.000000 0.000000 0.000000 0.000000 0.066671 0.007306 1.692952
0.926024 0.000000 0.000000 0.000000 0.000000 0.066671 0.007306 1.692952
0.926024 0.000000 0.000000 0.000000 0.000000 0.066671 0.007306 1.692952
0.926024 0.000000 0.000000 0.000000 0.000000 0.066671 0.007306 1.692952
0.926024 0.000000 0.000000 0.000000 0.000000 0.066671 0.007306 1.692952
0.926024 0.000000 0.000000 0.000000 0.000000 0.066671 0.007306 1.692952
0.926024 0.000000 0.000000 0.000000 0.000000 0.066671 0.007306 1.692952
0.926024 0.000000 0.000000 0.000000 0.000000 0.066671 0.007306 1.692952
0.926024 0.000000 0.000000 0.000000 0.000000 0.066671 0.007306 1.692952
0.926024 0.000000 0.000000 0.000000 0.000000 0.066671 0.007306 1.692952
0.926024 0.000000 0.000000 0.000000 0.000000 0.066671 0.007306 1.692952
0.926024 0.000000 0.000000 0.000000 0.000000 0.066671 0.007306 1.692952
0.926024 0.000000 0.000000 0.000000 0.000000 0.066671 0.007306 1.692952
0.926024 0.000000 0.000000 0.000000 0.000000 0.066671 0.007306 1.692952
0.926024 0.000000 0.000000 0.000000 0.000000 0.066671 0.007306 1.692952
0.926024 0.000000 0.000000 0.000000 0.000000 0.066671 0.007306 1.692952
0.926024 0.000000 0.000000 0.000000 0.000000 0.066671 0.007306 1.692952
0.926024 0.000000 0.000000 0.000000 0.000000 0.066671 0.007306 1.692952
0.926024 0.000000 0.000000 0.000000 0.000000 0.066671 0.007306 1.692952
0.926024 0.000000 0.000000 0.000000 0.000000 0.066671 0.007306 1.692952
0.926024 0.000000 0.000000 0.000000 0.000000 0.066671 0.007306 1.692952
0.926024 0.000000 0.000000 0.000000 0.000000 0.066671 0.007306 1.692952
0.926024 0.000000 0.000000 0.000000 0.000000 0.066671 0.007306 1.692952
0.926024 0.000000 0.000000 0.000000 0.000000 0.066671 0.007306 1.692952
0.926024 0.000000 0.000000 0.000000 0.000000 0.066671 0.007306 1.692952
0.926024 0.000000 0.000000 0.000000 0.000000 0.066671 0.007306 1.692952
0.926024 0.000000 0.000000 0.000000 0.000000 0.066671 0.007306 1.692952
0.926024 0.000000 0.000000 0.000000 0.000000 0.066671 0.007306 1.692952
0.926024 0.000000 0.000000 0.000000 0.000000 0.066671 0.007306 1.692952
0.926024 0.000000 0.000000 0.000000 0.000000 0.066671 0.007306 1.692952
0.926024 0.000000 0.000000 0.000000 0.000000 0.066671 0.007306 1.692952
0.926024 0.000000 0.000000 0.000000 0.000000 0.066671 0.007306 1.692952
0.926024 0.000000 0.000000 0.000000 0.000000 0.066671 0.007306 1.692952
0.926024 0.000000 0.000000 0.000000 0.000000 0.066671 0.007306 1.692952
0.926024 0.000000 0.000000 0.000000 0.000000 0.066671 0.007306 1.692952
0.926024 0.000000 0.000000 0.000000 0.000000 0.066671 0.007306 1.692952
0.926024 0.000000 0.000000 0.000000 0.000000 0.066671 0.007306 1.692952
0.926024 0.000000 0.000000 0.000000 0.000000 0.066671 0.007306 1.692952
0.926024 0.000000 0.000000 0.000000 0.000000 0.066671 0.007306 1.692952
0.926024 0.000000 0.000000 0.000000 0.000000 0.066671 0.007306 1.692952
0.926024 0.000000 0.000000 0.000000 0.000000 0.066671 0.007306 1.692952
0.926024 0.000000 0.000000 0.000000 0.000000 0.066671 0.007306 1.692952
0.926024 0.000000 0.000000 0.000000 0.000000 0.066671 0.007306 1.692952
0.926024 0.000000 0.000000 0.000000 0.000000 0.066671 0.007306 1.692952
0.926024 0.000000 0.000000 0.000000 0.000000 0.066671 0.007306 1.692952
0.926024 0.000000 0.000000 0.000000 0.000000 0.066671 0.007306 1.692952
0.926024 0.000000 0.000000 0.000000 0.000000 0.066671 0.007306 1.692952
0.926024 0.000000 0.000000 0.000000 0.000000 0.066671 0.007306 1.692952
0.926024 0.000000 0.000000 0.000000 0.000000 0.066671 0.007306 1.692952
0.926024 0.000000 0.000000 0.000000 0.000000 0.066671 0.007306 1.692952
0.926024 0.000000 0.000000 0.000000 0.000000 0.066671 0.007306 1.692952
0.926024 0.000000 0.000000 0.000000 0.000000 0.066671 0.007306 1.692952
0.926024 0.000000 0.000000 0.000000 0.000000 0.066671 0.007306 1.692952
0.926024 0.000000 0.000000 0.000000 0.000000 0.066671 0.007306 1.692952
0.926024 0.000000 0.000000 0.000000 0.000000 0.066671 0.007306 1.692952
0.926024 0.000000 0.000000 0.000000 0.000000 0.066671 0.007306 1.692952
0.926024 0.000000 0.000000 0.000000 0.000000 0.066671 0.007306 1.692952
0.926024 0.000000 0.000000 0.000000 0.000000 0.066671 0.007306 1.692952
0.926024 0.000000 0.000000 0.000000 0.000000 0.066671 0.007306 1.692952
0.926024 0.000000 0.000000 0.000000 0.000000 0.066671 0.007306 1.692952
0.926024 0.000000 0.000000 0.000000 0.000000 0.066671 0.007306 1.692952
0.926024 0.000000 0.000000 0.000000 0.000000 0.066671 0.007306 1.692952
0.926024 0.000000 0.000000 0.000000 0.000000 0.066671 0.007306 1.692952
0.926024 0.000000 0.000000 0.000000 0.000000 0.066671 0.007306 1.692952
0.926024 0.000000 0.000000 0.000000 0.000000 0.066671 0.007306 1.692952
0.926024 0.000000 0.000000 0.000000 0.000000 0.066671 0.007306 1.692952
0.926024 0.000000 0.000000 0.000000 0.000000 0.066671 0.007306 1.692952
0.926024 0.000000 0.000000 0.000000 0.000000 0.066671 0.007306 1.692952
0.926024 0.000000 0.000000 0.000000 0.000000 0.066671 0.007306 1.692952
0.926024 0.000000 0.000000 0.000000 0.000000 0.066671 0.007306 1.692952
0.926024 0.000000 0.000000 0.000000 0.000000 0.066671 0.007306 1.692952
0.926024 0.000000 0.000000 0.000000 0.000000 0.066671 0.007306 1.692952
0.926024 0.000000 0.000000 0.000000 0.000000 0.066671 0.007306 1.692952
0.926024 0.000000 0.000000 0.000000 0.000000 0.066671 0.007306 1.692952
0.926024 0.000000 0.000000 0.000000 0.000000 0.066671 0.007306 1.692952
0.926024 0.000000 0.000000 0.000000 0.000000 0.066671 0.007306 1.692952
0.926024 0.000000 0.000000 0.000000 0.000000 0.066671 0.007306 1.692952
0.926024 0.000000 0.000000 0.000000 0.000000 0.066671 0.007306 1.692952
0.926024 0.000000 0.000000 0.000000 0.000000 0.066671 0.007306 1.692952
0.926024 0.000000 0.000000 0.000000 0.000000 0.066671 0.007306 1.692952
0.926024 0.000000 0.000000 0.000000 0.000000 0.066671 0.007306 1.692952
0.926024 0.000000 0.000000 0.000000 0.000000 0.066671 0.007306 1.692952
0.926024 0.000000 0.000000 0.000000 0.000000 0.066671 0.007306 1.692952
0.926024 0.000000 0.000000 0.000000 0.000000 0.066671 0.007306 1.692952
0.926024 0.000000 0.000000 0.000000 0.000000 0.066671 0.007306 1.692952
0.926024 0.000000 0.000000 0.000000 0.000000 0.066671 0.007306 1.692952
0.926024 0.000000 0.000000 0.000000 0.000000 0.066671 0.007306 1.692952
0.926024 0.000000 0.000000 0.000000 0.000000 0.066671 0.007306 1.692952
0.926024 0.000000 0.000000 0.000000 0.000000 0.066671 0.007306 1.692952
0.926024 0.000000 0.000000 0.000000 0.000000 0.066671 0.007306 1.692952
0.926024 0.000000 0.000000 0.000000 0.000000 0.066671 0.007306 1.692952
0.926024 0.000000 0.000000 0.000000 0.000000 0.066671 0.007306 1.692952
0.926024 0.000000 0.000000 0.000000 0.000000 0.066671 0.007306 1.692952
0.926024 0.000000 0.000000 0.000000 0.000000 0.066671 0.007306 1.692952
0.926024 0.000000 0.000000 0.000000 0.000000 0.066671 0.007306 1.692952
0.926024 0.000000 0.000000 0.000000 0.000000 0.066671 0.007306 1.692952
0.926024 0.000000 0.000000 0.000000 0.000000 0.066671 0.007306 1.692952
0.926024 0.000000 0.000000 0.000000 0.000000 0.066671 0.007306 1.692952
0.926024 0.000000 0.000000 0.000000 0.000000 0.066671 0.007306 1.692952
0.926024 0.000000 0.000000 0.000000 0.000000 0.066671 0.007306 1.692952
0.926024 0.000000 0.000000 0.000000 0.000000 0.066671 0.007306 1.692952
0.926024 0.000000 0.000000 0.000000 0.000000 0.066671 0.007306 1.692952
0.926024 0.000000 0.000000 0.000000 0.000000 0.066671 0.007306 1.692952
0.926024 0.000000 0.000000 0.000000 0.000000 0.066671 0.007306 1.692952
0.926024 0.000000 0.000000 0.000000 0.000000 0.066671 0.007306 1.692952
0.926024 0.000000 0.000000 0.000000 0.000000 0.066671 0.007306 1.692952
0.926024 0.000000 0.000000 0.000000 0.000000 0.066671 0.007306 1.692952
0.926024 0.000000 0.000000 0.000000 0.000000 0.066671 0.007306 1.692952
0.926024 0.000000 0.000000 0.000000 0.000000 0.066671 0.007306 1.692952
0.926024 0.000000 0.000000 0.000000 0.000000 0.066671 0.007306 1.692952
0.926024 0.000000 0.000000 0.000000 0.000000 0.066671 0.007306 1.692952
0.926024 0.000000 0.000000 0.000000 0.000000 0.066671 0.007306 1.692952
0.926024 0.000000 0.000000 0.000000 0.000000 0.066671 0.007306 1.692952
0.926024 0.000000 0.000000 0.000000 0.000000 0.066671 0.007306 1.692952
0.926024 0.000000 0.000000 0.000000 0.000000 0.066671 0.007306 1.692952
0.926024 0.000000 0.000000 0.000000 0.000000 0.066671 0.007306 1.692952
0.926024 0.000000 0.000000 0.000000 0.000000 0.066671 0.007306 1.692952
0.926024 0.000000 0.000000 0.000000 0.000000 0.066671 0.007306 1.692952
0.926024 0.000000 0.000000 0.000000 0.000000 0.066671 0.007306 1.692952
0.926024 0.000000 0.000000 0.000000 0.000000 0.066671 0.007306 1.692952
0.926024 0.000000 0.000000 0.000000 0.000000 0.066671 0.007306 1.692952
0.926024 0.000000 0.000000 0.000000 0.000000 0.066671 0.007306 1.692952
0.926024 0.000000 0.000000 0.000000 0.000000 0.066671 0.007306 1.692952
0.926024 0.000000 0.000000 0.000000 0.000000 0.066671 0.007306 1.692952
0.926024 0.000000 0.000000 0.000000 0.000000 0.066671 0.007306 1.692952
0.926024 0.000000 0.000000 0.000000 0.000000 0.066671 0.007306 1.692952
0.926024 0.000000 0.000000 0.000000 0.000000 0.066671 0.007306 1.692952
0.926024 0.000000 0.000000 0.000000 0.000000 0.066671 0.007306 1.692952
0.926024 0.000000 0.000000 0.000000 0.000000 0.066671 0.007306 1.692952
0.926024 0.000000 0.000000 0.000000 0.000000 0.066671 0.007306 1.692952
0.926024 0.000000 0.000000 0.000000 0.000000 0.066671 0.007306 1.692952
0.926024 0.000000 0.000000 0.000000 0.000000 0.066671 0.007306 1.692952
