0.348042 0.061924 0.055818 0.031692 0.002098 0.494395 0.006031 1.617812
0.350134 0.060101 0.055648 0.031609 0.002099 0.494349 0.006060 1.623767
0.352772 0.057844 0.055391 0.031398 0.002080 0.494424 0.006091 1.629542
0.355784 0.055441 0.054914 0.031080 0.002092 0.494574 0.006115 1.635038
0.359191 0.053038 0.054351 0.030691 0.002105 0.494482 0.006142 1.640299
0.362692 0.050713 0.053782 0.030305 0.002112 0.494232 0.006164 1.645319
0.366399 0.048350 0.052995 0.029900 0.002108 0.494056 0.006193 1.650142
0.370178 0.045931 0.052324 0.029511 0.002097 0.493739 0.006221 1.654884
0.374157 0.043776 0.051366 0.028963 0.002093 0.493395 0.006250 1.659225
0.378272 0.041625 0.050406 0.028441 0.002083 0.492899 0.006274 1.663449
0.382490 0.039606 0.049404 0.027839 0.002076 0.492283 0.006302 1.667436
0.386637 0.037760 0.048393 0.027276 0.002067 0.491543 0.006324 1.671226
0.391056 0.035941 0.047357 0.026622 0.002056 0.490619 0.006348 1.674860
0.395429 0.034258 0.046207 0.026010 0.002032 0.489690 0.006375 1.678286
0.399870 0.032741 0.045102 0.025297 0.002014 0.488580 0.006396 1.681514
0.404450 0.031201 0.043994 0.024558 0.002008 0.487372 0.006417 1.684674
0.408994 0.029775 0.042783 0.023905 0.001990 0.486102 0.006450 1.687684
0.413598 0.028407 0.041663 0.023183 0.001972 0.484706 0.006471 1.690520
0.418282 0.027176 0.040469 0.022469 0.001965 0.483146 0.006493 1.693239
0.422906 0.026081 0.039244 0.021765 0.001937 0.481548 0.006519 1.695769
0.427481 0.024941 0.038117 0.021146 0.001919 0.479847 0.006547 1.698309
0.432182 0.023993 0.036892 0.020520 0.001909 0.477932 0.006571 1.700643
0.436918 0.022976 0.035787 0.019893 0.001887 0.475951 0.006589 1.702931
0.441595 0.022046 0.034674 0.019299 0.001865 0.473909 0.006612 1.705107
0.446279 0.021141 0.033700 0.018662 0.001849 0.471734 0.006635 1.707222
0.451066 0.020340 0.032635 0.018005 0.001831 0.469463 0.006660 1.709199
0.455732 0.019579 0.031610 0.017419 0.001798 0.467169 0.006693 1.711103
0.460473 0.018794 0.030613 0.016872 0.001769 0.464766 0.006714 1.713028
0.465242 0.018032 0.029680 0.016318 0.001750 0.462246 0.006731 1.714878
0.469936 0.017398 0.028737 0.015814 0.001707 0.459650 0.006758 1.716608
0.474644 0.016790 0.027768 0.015333 0.001699 0.456989 0.006777 1.718296
0.479362 0.016180 0.026875 0.014815 0.001668 0.454302 0.006798 1.719922
0.483948 0.015675 0.025966 0.014333 0.001648 0.451610 0.006822 1.721453
0.488583 0.015137 0.025133 0.013841 0.001626 0.448839 0.006841 1.722952
0.493198 0.014616 0.024336 0.013334 0.001608 0.446053 0.006856 1.724419
0.497824 0.014119 0.023541 0.012896 0.001578 0.443166 0.006877 1.725839
0.502419 0.013695 0.022724 0.012466 0.001555 0.440244 0.006898 1.727194
0.506929 0.013241 0.022054 0.012033 0.001528 0.437296 0.006919 1.728539
0.511533 0.012845 0.021386 0.011665 0.001504 0.434129 0.006938 1.729838
0.516039 0.012476 0.020697 0.011287 0.001466 0.431080 0.006956 1.731074
0.520523 0.012113 0.019985 0.010929 0.001436 0.428040 0.006974 1.732268
0.524981 0.011763 0.019302 0.010562 0.001402 0.424997 0.006993 1.733448
0.529496 0.011394 0.018714 0.010204 0.001379 0.421801 0.007013 1.734588
0.533995 0.011068 0.018069 0.009884 0.001343 0.418613 0.007028 1.735703
0.538419 0.010775 0.017472 0.009551 0.001312 0.415426 0.007046 1.736754
0.542814 0.010474 0.016914 0.009268 0.001292 0.412175 0.007063 1.737802
0.547162 0.010178 0.016447 0.008976 0.001261 0.408892 0.007085 1.738872
0.551501 0.009930 0.015938 0.008674 0.001238 0.405612 0.007106 1.739838
0.555869 0.009642 0.015436 0.008378 0.001211 0.402337 0.007126 1.740823
0.560152 0.009471 0.014973 0.008090 0.001179 0.398992 0.007142 1.741716
0.564487 0.009212 0.014535 0.007864 0.001156 0.395589 0.007156 1.742678
0.568678 0.008994 0.014118 0.007595 0.001127 0.392318 0.007171 1.743578
0.572888 0.008785 0.013686 0.007368 0.001103 0.388988 0.007182 1.744443
0.577087 0.008616 0.013261 0.007140 0.001083 0.385619 0.007194 1.745291
0.581225 0.008457 0.012857 0.006916 0.001064 0.382273 0.007209 1.746120
0.585320 0.008281 0.012433 0.006713 0.001046 0.378988 0.007220 1.746935
0.589377 0.008122 0.012134 0.006520 0.001029 0.375584 0.007235 1.747746
0.593430 0.007954 0.011835 0.006345 0.001001 0.372186 0.007248 1.748534
0.597485 0.007776 0.011510 0.006171 0.000980 0.368817 0.007259 1.749324
0.601381 0.007642 0.011204 0.005999 0.000955 0.365546 0.007272 1.750087
0.605347 0.007491 0.010933 0.005851 0.000941 0.362155 0.007282 1.750849
0.609256 0.007372 0.010662 0.005686 0.000923 0.358806 0.007294 1.751596
0.613083 0.007253 0.010410 0.005570 0.000900 0.355478 0.007307 1.752318
0.616961 0.007132 0.010118 0.005435 0.000881 0.352151 0.007321 1.753029
0.620732 0.007003 0.009871 0.005311 0.000858 0.348890 0.007335 1.753725
0.624424 0.006913 0.009648 0.005168 0.000831 0.345670 0.007347 1.754390
0.628108 0.006830 0.009444 0.005064 0.000815 0.342378 0.007359 1.755073
0.631815 0.006748 0.009236 0.004921 0.000797 0.339113 0.007370 1.755736
0.635425 0.006656 0.009037 0.004787 0.000784 0.335929 0.007382 1.756390
0.639039 0.006547 0.008799 0.004675 0.000766 0.332783 0.007391 1.757035
0.642609 0.006506 0.008542 0.004537 0.000747 0.329661 0.007400 1.757623
0.646162 0.006444 0.008348 0.004441 0.000732 0.326465 0.007408 1.758240
0.649648 0.006363 0.008147 0.004324 0.000718 0.323382 0.007417 1.758856
0.653174 0.006255 0.007968 0.004238 0.000705 0.320236 0.007424 1.759487
0.656615 0.006186 0.007801 0.004158 0.000689 0.317116 0.007435 1.760081
0.659954 0.006145 0.007615 0.004065 0.000672 0.314104 0.007446 1.760661
0.663296 0.006093 0.007491 0.003988 0.000657 0.311019 0.007456 1.761276
0.666647 0.006027 0.007355 0.003904 0.000640 0.307963 0.007463 1.761858
0.669955 0.005970 0.007228 0.003838 0.000620 0.304911 0.007477 1.762454
0.673210 0.005896 0.007081 0.003781 0.000600 0.301944 0.007487 1.763058
0.676413 0.005810 0.006966 0.003708 0.000589 0.299016 0.007497 1.763640
0.679608 0.005788 0.006833 0.003636 0.000576 0.296050 0.007508 1.764192
0.682732 0.005743 0.006703 0.003586 0.000559 0.293165 0.007512 1.764743
0.685866 0.005684 0.006590 0.003538 0.000543 0.290261 0.007519 1.765310
0.688997 0.005636 0.006495 0.003479 0.000527 0.287339 0.007527 1.765873
0.692034 0.005564 0.006387 0.003434 0.000512 0.284532 0.007537 1.766444
0.695028 0.005541 0.006250 0.003345 0.000496 0.281796 0.007545 1.766960
0.698009 0.005513 0.006151 0.003259 0.000485 0.279031 0.007551 1.767494
0.701030 0.005446 0.006086 0.003212 0.000475 0.276193 0.007557 1.768041
0.704032 0.005417 0.005986 0.003154 0.000464 0.273384 0.007562 1.768547
0.707034 0.005380 0.005903 0.003114 0.000452 0.270549 0.007569 1.769072
0.709909 0.005348 0.005819 0.003051 0.000450 0.267849 0.007574 1.769588
0.712779 0.005320 0.005749 0.003006 0.000441 0.265127 0.007578 1.770095
0.715621 0.005291 0.005678 0.002978 0.000430 0.262416 0.007586 1.770604
0.718361 0.005265 0.005610 0.002950 0.000419 0.259803 0.007592 1.771117
0.721030 0.005263 0.005542 0.002928 0.000409 0.257231 0.007597 1.771637
0.723742 0.005266 0.005491 0.002887 0.000399 0.254612 0.007604 1.772133
0.726364 0.005244 0.005433 0.002874 0.000394 0.252080 0.007610 1.772658
0.729010 0.005253 0.005391 0.002839 0.000393 0.249499 0.007615 1.773171
0.731662 0.005223 0.005354 0.002803 0.000388 0.246951 0.007619 1.773699
0.734287 0.005189 0.005329 0.002789 0.000382 0.244399 0.007627 1.774225
0.736879 0.005187 0.005252 0.002776 0.000368 0.241906 0.007633 1.774714
0.739437 0.005120 0.005216 0.002762 0.000360 0.239467 0.007638 1.775257
0.741903 0.005141 0.005148 0.002750 0.000349 0.237062 0.007646 1.775753
0.744327 0.005105 0.005127 0.002728 0.000344 0.234722 0.007648 1.776255
0.746734 0.005131 0.005065 0.002704 0.000338 0.232374 0.007654 1.776745
0.749128 0.005140 0.005026 0.002689 0.000331 0.230027 0.007660 1.777243
0.751447 0.005128 0.004989 0.002697 0.000329 0.227746 0.007665 1.777769
0.753783 0.005119 0.004966 0.002680 0.000323 0.225460 0.007668 1.778277
0.756072 0.005146 0.004950 0.002655 0.000317 0.223190 0.007671 1.778773
0.758363 0.005136 0.004915 0.002642 0.000314 0.220955 0.007675 1.779287
0.760562 0.005130 0.004915 0.002605 0.000311 0.218801 0.007677 1.779798
0.762789 0.005157 0.004902 0.002576 0.000304 0.216592 0.007682 1.780293
0.765011 0.005141 0.004887 0.002569 0.000301 0.214405 0.007685 1.780807
0.767210 0.005148 0.004861 0.002578 0.000295 0.212218 0.007690 1.781315
0.769362 0.005156 0.004844 0.002579 0.000289 0.210073 0.007696 1.781812
0.771450 0.005149 0.004843 0.002578 0.000287 0.207995 0.007697 1.782337
0.773555 0.005170 0.004794 0.002564 0.000278 0.205940 0.007700 1.782811
0.775584 0.005198 0.004771 0.002574 0.000274 0.203895 0.007704 1.783332
0.777698 0.005195 0.004739 0.002556 0.000276 0.201828 0.007707 1.783839
0.779703 0.005215 0.004717 0.002558 0.000269 0.199824 0.007713 1.784349
0.781663 0.005244 0.004712 0.002548 0.000270 0.197847 0.007716 1.784839
0.783695 0.005234 0.004717 0.002538 0.000266 0.195829 0.007721 1.785353
0.785624 0.005216 0.004713 0.002541 0.000262 0.193920 0.007724 1.785876
0.787493 0.005242 0.004708 0.002563 0.000254 0.192014 0.007728 1.786401
0.789338 0.005262 0.004729 0.002559 0.000255 0.190125 0.007733 1.786933
0.791119 0.005283 0.004740 0.002553 0.000251 0.188314 0.007739 1.787458
0.792908 0.005294 0.004745 0.002563 0.000245 0.186500 0.007744 1.787985
0.794729 0.005248 0.004766 0.002583 0.000245 0.184681 0.007748 1.788545
0.796496 0.005288 0.004735 0.002570 0.000240 0.182920 0.007752 1.789037
0.798148 0.005290 0.004746 0.002576 0.000243 0.181246 0.007752 1.789568
0.799848 0.005298 0.004772 0.002554 0.000241 0.179532 0.007755 1.790093
0.801570 0.005291 0.004785 0.002558 0.000240 0.177799 0.007758 1.790630
0.803200 0.005314 0.004796 0.002552 0.000239 0.176138 0.007762 1.791149
0.804893 0.005329 0.004808 0.002538 0.000232 0.174436 0.007764 1.791682
0.806496 0.005349 0.004827 0.002525 0.000227 0.172806 0.007769 1.792201
0.808087 0.005348 0.004851 0.002522 0.000224 0.171193 0.007775 1.792736
0.809645 0.005411 0.004819 0.002513 0.000223 0.169613 0.007777 1.793232
0.811167 0.005486 0.004798 0.002491 0.000218 0.168057 0.007782 1.793734
0.812653 0.005505 0.004821 0.002497 0.000218 0.166523 0.007784 1.794269
0.814133 0.005560 0.004835 0.002510 0.000213 0.164961 0.007788 1.794802
0.815593 0.005606 0.004853 0.002539 0.000209 0.163411 0.007789 1.795356
0.817056 0.005679 0.004818 0.002537 0.000209 0.161909 0.007792 1.795877
0.818539 0.005707 0.004797 0.002538 0.000209 0.160416 0.007794 1.796415
0.819965 0.005738 0.004826 0.002545 0.000210 0.158920 0.007796 1.796977
0.821334 0.005762 0.004860 0.002557 0.000208 0.157482 0.007797 1.797553
0.822746 0.005756 0.004868 0.002558 0.000208 0.156066 0.007799 1.798104
0.824082 0.005809 0.004898 0.002589 0.000211 0.154609 0.007801 1.798681
0.825507 0.005792 0.004924 0.002606 0.000209 0.153160 0.007803 1.799270
0.826735 0.005838 0.004987 0.002607 0.000206 0.151822 0.007806 1.799861
0.827947 0.005899 0.005025 0.002635 0.000209 0.150478 0.007807 1.800441
0.829271 0.005944 0.005022 0.002642 0.000210 0.149101 0.007810 1.801013
0.830477 0.005991 0.005058 0.002633 0.000208 0.147819 0.007814 1.801601
0.831612 0.006097 0.005054 0.002630 0.000209 0.146582 0.007816 1.802145
0.832794 0.006120 0.005121 0.002647 0.000210 0.145292 0.007819 1.802762
0.833951 0.006224 0.005150 0.002643 0.000211 0.144000 0.007821 1.803356
0.835048 0.006277 0.005188 0.002667 0.000210 0.142785 0.007823 1.803951
0.836170 0.006328 0.005223 0.002682 0.000205 0.141564 0.007827 1.804560
0.837283 0.006392 0.005226 0.002671 0.000207 0.140393 0.007829 1.805167
0.838321 0.006483 0.005233 0.002691 0.000206 0.139236 0.007831 1.805785
0.839357 0.006543 0.005270 0.002731 0.000208 0.138056 0.007835 1.806416
0.840332 0.006603 0.005315 0.002761 0.000206 0.136948 0.007835 1.807063
0.841325 0.006681 0.005357 0.002795 0.000205 0.135800 0.007837 1.807701
0.842311 0.006740 0.005395 0.002810 0.000213 0.134692 0.007841 1.808347
0.843233 0.006812 0.005447 0.002838 0.000214 0.133616 0.007841 1.809021
0.844146 0.006896 0.005490 0.002852 0.000211 0.132560 0.007846 1.809685
0.845020 0.006979 0.005507 0.002880 0.000209 0.131558 0.007848 1.810375
0.845913 0.007024 0.005549 0.002917 0.000204 0.130543 0.007852 1.811058
0.846784 0.007083 0.005595 0.002953 0.000200 0.129530 0.007855 1.811746
0.847676 0.007141 0.005645 0.002987 0.000198 0.128495 0.007859 1.812435
0.848551 0.007213 0.005682 0.003011 0.000196 0.127485 0.007862 1.813108
0.849367 0.007286 0.005734 0.003034 0.000198 0.126517 0.007864 1.813817
0.850178 0.007309 0.005763 0.003080 0.000198 0.125608 0.007867 1.814525
0.850894 0.007359 0.005852 0.003110 0.000199 0.124720 0.007868 1.815279
0.851645 0.007408 0.005922 0.003121 0.000200 0.123835 0.007870 1.816005
0.852355 0.007481 0.005958 0.003150 0.000200 0.122984 0.007872 1.816764
0.853083 0.007562 0.005982 0.003184 0.000202 0.122111 0.007875 1.817476
0.853805 0.007686 0.006004 0.003196 0.000203 0.121227 0.007879 1.818182
0.854492 0.007777 0.006030 0.003228 0.000209 0.120382 0.007882 1.818918
0.855224 0.007829 0.006071 0.003261 0.000208 0.119523 0.007884 1.819696
0.855826 0.007927 0.006134 0.003293 0.000212 0.118719 0.007888 1.820447
0.856427 0.007979 0.006275 0.003330 0.000212 0.117885 0.007891 1.821256
0.857083 0.008010 0.006344 0.003342 0.000218 0.117109 0.007892 1.822033
0.857657 0.008109 0.006393 0.003406 0.000219 0.116320 0.007895 1.822823
0.858247 0.008145 0.006463 0.003434 0.000220 0.115593 0.007898 1.823640
0.858812 0.008238 0.006528 0.003450 0.000222 0.114851 0.007900 1.824438
0.859363 0.008317 0.006571 0.003492 0.000219 0.114135 0.007902 1.825225
0.859877 0.008372 0.006671 0.003530 0.000214 0.113427 0.007909 1.826061
0.860322 0.008492 0.006729 0.003564 0.000215 0.112768 0.007911 1.826876
0.860791 0.008515 0.006815 0.003593 0.000215 0.112159 0.007912 1.827713
0.861236 0.008613 0.006872 0.003621 0.000219 0.111524 0.007915 1.828540
0.861673 0.008700 0.006952 0.003663 0.000218 0.110875 0.007919 1.829390
0.862158 0.008733 0.007019 0.003710 0.000218 0.110240 0.007923 1.830256
0.862604 0.008818 0.007068 0.003728 0.000222 0.109634 0.007926 1.831092
0.863043 0.008891 0.007086 0.003748 0.000218 0.109084 0.007929 1.831925
0.863453 0.008978 0.007148 0.003775 0.000220 0.108495 0.007931 1.832797
0.863843 0.009103 0.007208 0.003800 0.000217 0.107895 0.007933 1.833653
0.864235 0.009209 0.007273 0.003826 0.000215 0.107305 0.007937 1.834512
0.864599 0.009294 0.007326 0.003873 0.000212 0.106756 0.007940 1.835423
0.864965 0.009356 0.007427 0.003896 0.000212 0.106201 0.007943 1.836338
0.865297 0.009409 0.007522 0.003910 0.000214 0.105701 0.007947 1.837279
0.865660 0.009489 0.007583 0.003924 0.000222 0.105173 0.007949 1.838183
0.866016 0.009535 0.007641 0.003987 0.000229 0.104642 0.007951 1.839115
0.866328 0.009614 0.007747 0.004022 0.000228 0.104108 0.007954 1.840062
0.866522 0.009782 0.007788 0.004041 0.000231 0.103681 0.007954 1.840978
0.866789 0.009857 0.007850 0.004086 0.000230 0.103231 0.007958 1.841915
0.867032 0.009946 0.007940 0.004100 0.000235 0.102786 0.007961 1.842881
0.867214 0.010046 0.007999 0.004141 0.000240 0.102397 0.007964 1.843855
0.867376 0.010180 0.008074 0.004184 0.000236 0.101983 0.007968 1.844819
0.867551 0.010238 0.008125 0.004234 0.000238 0.101645 0.007970 1.845825
0.867637 0.010371 0.008210 0.004270 0.000241 0.101301 0.007972 1.846816
0.867789 0.010434 0.008297 0.004324 0.000240 0.100943 0.007974 1.847847
0.867917 0.010517 0.008374 0.004369 0.000244 0.100605 0.007975 1.848875
0.868065 0.010600 0.008438 0.004425 0.000247 0.100248 0.007978 1.849894
0.868229 0.010604 0.008533 0.004511 0.000247 0.099896 0.007980 1.850968
0.868368 0.010691 0.008591 0.004527 0.000251 0.099590 0.007984 1.852001
0.868491 0.010761 0.008672 0.004577 0.000254 0.099258 0.007987 1.853058
0.868605 0.010845 0.008731 0.004632 0.000258 0.098939 0.007989 1.854126
0.868693 0.010950 0.008774 0.004667 0.000259 0.098665 0.007992 1.855188
0.868670 0.011106 0.008851 0.004719 0.000261 0.098398 0.007996 1.856264
0.868728 0.011223 0.008954 0.004738 0.000266 0.098093 0.007999 1.857345
0.868733 0.011313 0.009054 0.004783 0.000266 0.097847 0.008004 1.858456
0.868763 0.011411 0.009104 0.004838 0.000268 0.097606 0.008008 1.859554
0.868771 0.011523 0.009193 0.004886 0.000268 0.097348 0.008011 1.860682
0.868744 0.011646 0.009289 0.004902 0.000266 0.097138 0.008015 1.861830
0.868672 0.011744 0.009384 0.004952 0.000272 0.096958 0.008019 1.862986
0.868635 0.011824 0.009498 0.004986 0.000275 0.096760 0.008023 1.864156
0.868564 0.011973 0.009578 0.005011 0.000279 0.096570 0.008026 1.865309
0.868498 0.012074 0.009664 0.005048 0.000280 0.096408 0.008028 1.866473
0.868371 0.012171 0.009776 0.005113 0.000282 0.096256 0.008031 1.867692
0.868258 0.012257 0.009881 0.005171 0.000284 0.096111 0.008037 1.868887
0.868123 0.012390 0.009959 0.005183 0.000286 0.096019 0.008041 1.870078
0.868019 0.012421 0.010078 0.005241 0.000287 0.095908 0.008045 1.871311
0.867910 0.012560 0.010100 0.005264 0.000297 0.095823 0.008047 1.872495
0.867718 0.012723 0.010151 0.005297 0.000303 0.095758 0.008050 1.873699
0.867500 0.012858 0.010220 0.005342 0.000311 0.095715 0.008055 1.874941
0.867313 0.012961 0.010297 0.005404 0.000311 0.095652 0.008061 1.876224
0.867216 0.012975 0.010396 0.005462 0.000309 0.095577 0.008065 1.877522
0.867070 0.013092 0.010432 0.005502 0.000315 0.095520 0.008069 1.878754
0.866918 0.013155 0.010528 0.005558 0.000322 0.095447 0.008073 1.880061
0.866732 0.013261 0.010638 0.005604 0.000318 0.095368 0.008080 1.881352
0.866526 0.013331 0.010746 0.005688 0.000317 0.095306 0.008086 1.882684
0.866333 0.013335 0.010846 0.005721 0.000317 0.095357 0.008092 1.884036
0.866123 0.013419 0.010961 0.005769 0.000316 0.095316 0.008097 1.885359
0.865952 0.013470 0.011064 0.005813 0.000319 0.095280 0.008102 1.886680
0.865684 0.013626 0.011123 0.005857 0.000324 0.095283 0.008104 1.887991
0.865481 0.013688 0.011200 0.005948 0.000328 0.095250 0.008106 1.889337
0.865261 0.013800 0.011244 0.006007 0.000329 0.095251 0.008109 1.890665
0.865089 0.013821 0.011369 0.006062 0.000329 0.095217 0.008114 1.892043
0.864809 0.013971 0.011392 0.006084 0.000332 0.095291 0.008121 1.893379
0.864520 0.014095 0.011441 0.006097 0.000345 0.095380 0.008123 1.894722
0.864315 0.014151 0.011527 0.006150 0.000349 0.095383 0.008126 1.896096
0.864031 0.014179 0.011600 0.006206 0.000350 0.095507 0.008127 1.897508
0.863809 0.014177 0.011711 0.006240 0.000359 0.095573 0.008132 1.898929
0.863577 0.014247 0.011761 0.006292 0.000362 0.095628 0.008133 1.900332
0.863259 0.014343 0.011814 0.006320 0.000362 0.095766 0.008136 1.901707
0.862956 0.014393 0.011926 0.006327 0.000366 0.095893 0.008140 1.903135
0.862644 0.014461 0.012024 0.006373 0.000368 0.095984 0.008146 1.904582
0.862286 0.014526 0.012107 0.006410 0.000370 0.096151 0.008151 1.906011
0.861987 0.014607 0.012182 0.006465 0.000370 0.096232 0.008156 1.907429
0.861679 0.014643 0.012321 0.006455 0.000371 0.096370 0.008161 1.908891
0.861332 0.014777 0.012314 0.006433 0.000382 0.096600 0.008163 1.910293
0.861042 0.014803 0.012351 0.006501 0.000380 0.096757 0.008168 1.911764
0.860770 0.014789 0.012451 0.006555 0.000378 0.096886 0.008172 1.913248
0.860490 0.014880 0.012520 0.006625 0.000385 0.096925 0.008176 1.914691
0.860197 0.014923 0.012557 0.006668 0.000387 0.097087 0.008181 1.916153
0.859876 0.015011 0.012613 0.006670 0.000392 0.097251 0.008188 1.917617
0.859566 0.015039 0.012684 0.006718 0.000401 0.097399 0.008193 1.919136
0.859246 0.015110 0.012720 0.006752 0.000400 0.097573 0.008198 1.920601
0.858899 0.015197 0.012833 0.006753 0.000399 0.097714 0.008205 1.922082
0.858605 0.015212 0.012875 0.006806 0.000398 0.097893 0.008211 1.923563
0.858294 0.015333 0.012956 0.006816 0.000404 0.097983 0.008216 1.925034
0.857985 0.015317 0.013014 0.006868 0.000411 0.098187 0.008218 1.926587
0.857668 0.015317 0.013096 0.006894 0.000422 0.098384 0.008221 1.928145
0.857271 0.015376 0.013228 0.006898 0.000429 0.098574 0.008226 1.929678
0.856889 0.015471 0.013270 0.006913 0.000434 0.098790 0.008233 1.931185
0.856580 0.015487 0.013337 0.006923 0.000431 0.099004 0.008239 1.932721
0.856183 0.015561 0.013407 0.006936 0.000435 0.099236 0.008243 1.934260
0.855823 0.015617 0.013461 0.006966 0.000436 0.099446 0.008250 1.935796
0.855355 0.015715 0.013555 0.006964 0.000430 0.099724 0.008255 1.937348
0.855041 0.015791 0.013591 0.007009 0.000437 0.099873 0.008259 1.938873
0.854676 0.015896 0.013618 0.007020 0.000439 0.100084 0.008267 1.940377
0.854306 0.015929 0.013630 0.007053 0.000437 0.100372 0.008273 1.941940
0.853919 0.015997 0.013660 0.007104 0.000434 0.100608 0.008278 1.943484
0.853509 0.016117 0.013684 0.007114 0.000435 0.100857 0.008285 1.945031
0.853206 0.016099 0.013764 0.007200 0.000431 0.101008 0.008293 1.946657
0.852939 0.016131 0.013790 0.007212 0.000431 0.101197 0.008301 1.948200
0.852593 0.016179 0.013831 0.007253 0.000435 0.101404 0.008304 1.949759
0.852241 0.016246 0.013841 0.007318 0.000435 0.101609 0.008309 1.951351
0.851937 0.016225 0.013958 0.007339 0.000433 0.101795 0.008315 1.952974
0.851563 0.016277 0.014026 0.007371 0.000434 0.102009 0.008321 1.954592
0.851226 0.016238 0.014133 0.007445 0.000438 0.102194 0.008328 1.956233
0.850808 0.016343 0.014191 0.007472 0.000437 0.102415 0.008334 1.957835
0.850520 0.016311 0.014279 0.007519 0.000439 0.102590 0.008341 1.959496
0.850167 0.016363 0.014292 0.007541 0.000441 0.102847 0.008349 1.961088
0.849789 0.016375 0.014365 0.007571 0.000444 0.103102 0.008354 1.962736
0.849457 0.016352 0.014330 0.007619 0.000454 0.103433 0.008357 1.964328
0.849088 0.016383 0.014347 0.007636 0.000453 0.103732 0.008362 1.965948
0.848772 0.016379 0.014360 0.007647 0.000455 0.104021 0.008367 1.967560
0.848497 0.016342 0.014391 0.007666 0.000454 0.104279 0.008372 1.969179
0.848161 0.016319 0.014449 0.007704 0.000462 0.104530 0.008376 1.970842
0.847930 0.016288 0.014451 0.007704 0.000461 0.104785 0.008382 1.972450
0.847634 0.016278 0.014480 0.007661 0.000464 0.105092 0.008392 1.974049
0.847352 0.016240 0.014488 0.007689 0.000456 0.105374 0.008400 1.975655
0.847018 0.016241 0.014529 0.007685 0.000457 0.105663 0.008407 1.977294
0.846704 0.016350 0.014508 0.007644 0.000457 0.105923 0.008414 1.978849
0.846442 0.016316 0.014558 0.007655 0.000453 0.106155 0.008421 1.980479
0.846152 0.016343 0.014572 0.007667 0.000464 0.106376 0.008427 1.982096
0.845898 0.016371 0.014612 0.007621 0.000471 0.106596 0.008430 1.983698
0.845621 0.016353 0.014640 0.007657 0.000470 0.106823 0.008437 1.985312
0.845324 0.016363 0.014618 0.007644 0.000476 0.107134 0.008441 1.986903
0.845006 0.016421 0.014614 0.007637 0.000477 0.107399 0.008447 1.988472
0.844653 0.016443 0.014644 0.007655 0.000478 0.107674 0.008452 1.990099
0.844379 0.016500 0.014642 0.007660 0.000472 0.107887 0.008461 1.991682
0.844162 0.016443 0.014638 0.007660 0.000470 0.108159 0.008469 1.993291
0.843847 0.016475 0.014648 0.007680 0.000479 0.108399 0.008474 1.994913
0.843561 0.016505 0.014636 0.007691 0.000480 0.108648 0.008479 1.996513
0.843363 0.016497 0.014618 0.007706 0.000473 0.108856 0.008488 1.998112
0.843123 0.016472 0.014691 0.007740 0.000470 0.109010 0.008494 1.999760
0.842822 0.016539 0.014678 0.007746 0.000474 0.109241 0.008499 2.001351
0.842660 0.016503 0.014668 0.007731 0.000480 0.109454 0.008504 2.002941
0.842409 0.016433 0.014670 0.007754 0.000486 0.109737 0.008510 2.004600
0.842197 0.016476 0.014655 0.007711 0.000486 0.109956 0.008519 2.006161
0.841921 0.016456 0.014672 0.007673 0.000485 0.110270 0.008525 2.007785
0.841725 0.016447 0.014710 0.007646 0.000484 0.110457 0.008532 2.009373
0.841464 0.016386 0.014761 0.007600 0.000490 0.110762 0.008537 2.011025
0.841270 0.016359 0.014731 0.007626 0.000491 0.110983 0.008541 2.012631
0.841023 0.016381 0.014749 0.007646 0.000498 0.111156 0.008547 2.014230
0.840818 0.016353 0.014757 0.007657 0.000500 0.111361 0.008553 2.015854
0.840571 0.016381 0.014767 0.007609 0.000502 0.111609 0.008560 2.017418
0.840430 0.016357 0.014745 0.007614 0.000502 0.111783 0.008569 2.019012
0.840268 0.016334 0.014764 0.007629 0.000497 0.111932 0.008576 2.020627
0.840071 0.016295 0.014832 0.007598 0.000502 0.112121 0.008582 2.022248
0.839857 0.016312 0.014828 0.007574 0.000508 0.112335 0.008586 2.023831
0.839699 0.016322 0.014798 0.007558 0.000509 0.112523 0.008592 2.025409
0.839554 0.016372 0.014728 0.007551 0.000511 0.112682 0.008602 2.026931
0.839373 0.016321 0.014769 0.007579 0.000518 0.112832 0.008609 2.028567
0.839202 0.016325 0.014740 0.007627 0.000519 0.112974 0.008613 2.030168
0.838985 0.016346 0.014740 0.007626 0.000515 0.113171 0.008619 2.031760
0.838820 0.016343 0.014728 0.007651 0.000517 0.113317 0.008624 2.033375
0.838678 0.016322 0.014719 0.007648 0.000519 0.113482 0.008631 2.034978
0.838527 0.016310 0.014735 0.007669 0.000520 0.113602 0.008638 2.036572
0.838359 0.016325 0.014687 0.007688 0.000518 0.113779 0.008644 2.038135
0.838159 0.016318 0.014667 0.007703 0.000517 0.113986 0.008650 2.039716
0.838062 0.016286 0.014647 0.007719 0.000527 0.114107 0.008655 2.041289
0.837925 0.016267 0.014672 0.007737 0.000528 0.114212 0.008661 2.042900
0.837827 0.016234 0.014664 0.007744 0.000535 0.114330 0.008666 2.044468
0.837752 0.016216 0.014665 0.007720 0.000532 0.114442 0.008674 2.046037
0.837644 0.016149 0.014660 0.007738 0.000529 0.114598 0.008682 2.047663
0.837503 0.016154 0.014660 0.007704 0.000532 0.114756 0.008691 2.049231
0.837338 0.016139 0.014646 0.007723 0.000534 0.114921 0.008699 2.050797
0.837207 0.016102 0.014684 0.007686 0.000531 0.115084 0.008706 2.052393
0.837087 0.016133 0.014643 0.007656 0.000526 0.115243 0.008713 2.053909
0.836909 0.016143 0.014609 0.007623 0.000530 0.115465 0.008721 2.055484
0.836775 0.016134 0.014575 0.007643 0.000528 0.115620 0.008725 2.057072
0.836696 0.016074 0.014599 0.007663 0.000527 0.115712 0.008730 2.058672
0.836607 0.016030 0.014567 0.007661 0.000527 0.115871 0.008738 2.060260
0.836526 0.015950 0.014557 0.007663 0.000530 0.116028 0.008746 2.061872
0.836464 0.015883 0.014564 0.007663 0.000527 0.116143 0.008756 2.063467
0.836415 0.015868 0.014518 0.007660 0.000523 0.116251 0.008764 2.065016
0.836399 0.015765 0.014515 0.007653 0.000523 0.116376 0.008769 2.066606
0.836394 0.015693 0.014495 0.007664 0.000522 0.116460 0.008772 2.068172
0.836341 0.015711 0.014448 0.007597 0.000530 0.116595 0.008778 2.069665
0.836281 0.015660 0.014452 0.007570 0.000524 0.116728 0.008785 2.071197
0.836272 0.015615 0.014456 0.007544 0.000518 0.116798 0.008797 2.072754
0.836238 0.015619 0.014427 0.007493 0.000519 0.116904 0.008803 2.074258
0.836152 0.015637 0.014409 0.007432 0.000520 0.117042 0.008809 2.075756
0.836062 0.015685 0.014392 0.007388 0.000515 0.117140 0.008818 2.077237
0.836028 0.015706 0.014351 0.007362 0.000511 0.117215 0.008827 2.078727
0.835934 0.015659 0.014360 0.007419 0.000506 0.117288 0.008834 2.080310
0.835913 0.015658 0.014263 0.007409 0.000503 0.117411 0.008842 2.081806
0.835825 0.015676 0.014223 0.007408 0.000503 0.117517 0.008848 2.083307
0.835828 0.015597 0.014211 0.007409 0.000508 0.117592 0.008856 2.084848
0.835770 0.015550 0.014199 0.007398 0.000506 0.117713 0.008864 2.086390
0.835729 0.015555 0.014195 0.007388 0.000500 0.117757 0.008876 2.087909
0.835704 0.015489 0.014200 0.007374 0.000492 0.117859 0.008882 2.089471
0.835665 0.015489 0.014202 0.007385 0.000491 0.117880 0.008888 2.090978
0.835631 0.015453 0.014195 0.007355 0.000488 0.117979 0.008898 2.092514
0.835658 0.015361 0.014197 0.007347 0.000485 0.118046 0.008907 2.094081
0.835657 0.015363 0.014179 0.007322 0.000486 0.118084 0.008911 2.095589
0.835619 0.015326 0.014120 0.007348 0.000494 0.118178 0.008916 2.097103
0.835607 0.015291 0.014094 0.007365 0.000492 0.118227 0.008923 2.098609
0.835617 0.015263 0.014058 0.007341 0.000495 0.118298 0.008928 2.100080
0.835667 0.015236 0.013961 0.007317 0.000495 0.118392 0.008932 2.101526
0.835697 0.015162 0.013966 0.007323 0.000494 0.118416 0.008942 2.103034
0.835659 0.015162 0.013957 0.007333 0.000490 0.118450 0.008950 2.104534
0.835747 0.015153 0.013913 0.007299 0.000488 0.118444 0.008956 2.105986
0.835853 0.015122 0.013890 0.007308 0.000490 0.118375 0.008962 2.107457
0.835938 0.015090 0.013856 0.007299 0.000490 0.118358 0.008969 2.108916
0.835959 0.014994 0.013867 0.007299 0.000485 0.118420 0.008975 2.110419
0.836059 0.014940 0.013819 0.007254 0.000492 0.118454 0.008982 2.111876
0.836179 0.014861 0.013810 0.007221 0.000489 0.118452 0.008989 2.113331
0.836245 0.014784 0.013778 0.007224 0.000488 0.118490 0.008992 2.114803
0.836263 0.014761 0.013792 0.007209 0.000483 0.118492 0.008999 2.116274
0.836411 0.014723 0.013749 0.007186 0.000471 0.118455 0.009006 2.117683
0.836531 0.014650 0.013712 0.007191 0.000470 0.118434 0.009012 2.119138
0.836613 0.014653 0.013662 0.007157 0.000474 0.118425 0.009016 2.120536
0.836676 0.014603 0.013623 0.007165 0.000477 0.118433 0.009024 2.121986
0.836770 0.014523 0.013623 0.007139 0.000481 0.118434 0.009030 2.123433
0.836851 0.014489 0.013590 0.007099 0.000481 0.118453 0.009037 2.124856
0.836895 0.014504 0.013566 0.007081 0.000481 0.118432 0.009040 2.126262
0.836937 0.014476 0.013567 0.007045 0.000481 0.118447 0.009047 2.127672
0.836968 0.014490 0.013569 0.007054 0.000477 0.118388 0.009054 2.129090
0.837082 0.014433 0.013574 0.007019 0.000474 0.118359 0.009060 2.130521
0.837084 0.014480 0.013515 0.006975 0.000470 0.118414 0.009064 2.131931
0.837189 0.014470 0.013465 0.006951 0.000460 0.118393 0.009073 2.133327
0.837201 0.014441 0.013447 0.006970 0.000463 0.118400 0.009078 2.134743
0.837299 0.014413 0.013415 0.006952 0.000458 0.118380 0.009083 2.136145
0.837420 0.014299 0.013432 0.006931 0.000461 0.118367 0.009089 2.137609
0.837437 0.014385 0.013352 0.006889 0.000455 0.118384 0.009099 2.138946
0.837493 0.014347 0.013328 0.006878 0.000459 0.118389 0.009106 2.140360
0.837639 0.014290 0.013306 0.006878 0.000457 0.118320 0.009109 2.141769
0.837725 0.014310 0.013299 0.006813 0.000462 0.118277 0.009114 2.143139
0.837858 0.014280 0.013295 0.006798 0.000472 0.118178 0.009119 2.144518
0.837962 0.014267 0.013273 0.006775 0.000472 0.118125 0.009125 2.145909
0.838087 0.014306 0.013181 0.006740 0.000474 0.118080 0.009132 2.147252
0.838231 0.014291 0.013131 0.006750 0.000472 0.117988 0.009137 2.148608
0.838346 0.014237 0.013126 0.006774 0.000476 0.117899 0.009142 2.150012
0.838441 0.014224 0.013108 0.006763 0.000484 0.117835 0.009146 2.151386
0.838529 0.014244 0.013088 0.006744 0.000478 0.117763 0.009153 2.152758
0.838692 0.014204 0.013040 0.006764 0.000479 0.117663 0.009158 2.154150
0.838796 0.014174 0.013047 0.006721 0.000478 0.117621 0.009163 2.155524
0.838943 0.014126 0.012985 0.006694 0.000481 0.117605 0.009165 2.156875
0.839077 0.014022 0.013017 0.006717 0.000471 0.117522 0.009173 2.158304
0.839194 0.014018 0.012985 0.006684 0.000475 0.117466 0.009178 2.159660
0.839254 0.014071 0.012945 0.006675 0.000476 0.117397 0.009183 2.161023
0.839323 0.013963 0.012967 0.006684 0.000485 0.117391 0.009188 2.162462
0.839394 0.014011 0.012921 0.006670 0.000479 0.117331 0.009194 2.163819
0.839515 0.014057 0.012881 0.006670 0.000474 0.117202 0.009199 2.165144
0.839645 0.014094 0.012831 0.006640 0.000467 0.117117 0.009204 2.166463
0.839726 0.014136 0.012770 0.006612 0.000468 0.117078 0.009211 2.167777
0.839786 0.014095 0.012778 0.006609 0.000474 0.117040 0.009216 2.169163
0.839835 0.014072 0.012771 0.006594 0.000475 0.117031 0.009223 2.170570
0.839987 0.014056 0.012722 0.006610 0.000475 0.116920 0.009231 2.171939
0.840128 0.014041 0.012697 0.006617 0.000477 0.116802 0.009237 2.173272
0.840275 0.013962 0.012749 0.006617 0.000478 0.116678 0.009243 2.174659
0.840408 0.013890 0.012765 0.006599 0.000480 0.116608 0.009251 2.176044
0.840606 0.013841 0.012742 0.006603 0.000485 0.116470 0.009253 2.177385
0.840732 0.013807 0.012742 0.006579 0.000483 0.116398 0.009259 2.178742
0.840807 0.013811 0.012763 0.006546 0.000481 0.116327 0.009267 2.180081
0.840966 0.013760 0.012749 0.006525 0.000471 0.116257 0.009272 2.181443
0.841048 0.013772 0.012750 0.006546 0.000476 0.116133 0.009276 2.182800
0.841201 0.013762 0.012696 0.006546 0.000473 0.116038 0.009283 2.184111
0.841337 0.013765 0.012613 0.006524 0.000472 0.116000 0.009291 2.185436
0.841446 0.013808 0.012569 0.006490 0.000464 0.115926 0.009298 2.186724
0.841577 0.013798 0.012522 0.006500 0.000465 0.115833 0.009306 2.188043
0.841760 0.013707 0.012536 0.006515 0.000466 0.115705 0.009311 2.189441
0.841907 0.013665 0.012584 0.006496 0.000458 0.115573 0.009317 2.190788
0.842080 0.013583 0.012595 0.006488 0.000458 0.115472 0.009325 2.192159
0.842162 0.013556 0.012625 0.006488 0.000463 0.115378 0.009329 2.193533
0.842307 0.013559 0.012582 0.006452 0.000464 0.115304 0.009334 2.194846
0.842482 0.013528 0.012558 0.006463 0.000462 0.115165 0.009342 2.196159
0.842623 0.013464 0.012541 0.006480 0.000465 0.115081 0.009345 2.197503
0.842777 0.013439 0.012480 0.006489 0.000458 0.115006 0.009350 2.198818
0.842895 0.013360 0.012448 0.006485 0.000449 0.115006 0.009358 2.200187
0.843054 0.013317 0.012429 0.006445 0.000446 0.114948 0.009362 2.201485
0.843157 0.013326 0.012434 0.006434 0.000452 0.114830 0.009368 2.202813
0.843239 0.013380 0.012396 0.006393 0.000459 0.114761 0.009373 2.204078
0.843423 0.013343 0.012399 0.006405 0.000455 0.114597 0.009378 2.205393
0.843545 0.013344 0.012377 0.006377 0.000460 0.114513 0.009384 2.206700
0.843676 0.013358 0.012322 0.006349 0.000459 0.114448 0.009389 2.207998
0.843772 0.013334 0.012293 0.006338 0.000459 0.114411 0.009394 2.209319
0.843908 0.013354 0.012210 0.006316 0.000453 0.114360 0.009400 2.210584
0.844151 0.013350 0.012158 0.006286 0.000454 0.114194 0.009407 2.211838
0.844288 0.013344 0.012174 0.006282 0.000453 0.114044 0.009415 2.213125
0.844392 0.013329 0.012193 0.006280 0.000461 0.113928 0.009418 2.214474
0.844536 0.013365 0.012180 0.006271 0.000460 0.113763 0.009425 2.215743
0.844659 0.013437 0.012133 0.006271 0.000457 0.113613 0.009431 2.217003
0.844732 0.013425 0.012097 0.006236 0.000462 0.113610 0.009438 2.218305
0.844822 0.013441 0.012088 0.006265 0.000456 0.113485 0.009443 2.219608
0.844948 0.013429 0.012090 0.006291 0.000445 0.113348 0.009450 2.220916
0.845057 0.013378 0.012105 0.006286 0.000446 0.113274 0.009454 2.222280
0.845148 0.013413 0.012119 0.006293 0.000447 0.113123 0.009456 2.223561
0.845271 0.013371 0.012136 0.006301 0.000450 0.113010 0.009461 2.224886
0.845352 0.013372 0.012124 0.006302 0.000452 0.112932 0.009467 2.226189
0.845368 0.013351 0.012089 0.006333 0.000453 0.112932 0.009474 2.227548
0.845520 0.013330 0.012079 0.006341 0.000448 0.112802 0.009480 2.228865
0.845611 0.013314 0.012089 0.006373 0.000447 0.112683 0.009484 2.230212
0.845720 0.013275 0.012075 0.006402 0.000447 0.112592 0.009490 2.231552
0.845861 0.013302 0.012031 0.006394 0.000443 0.112471 0.009498 2.232810
0.845953 0.013279 0.012015 0.006356 0.000444 0.112449 0.009505 2.234119
0.845986 0.013311 0.011975 0.006365 0.000448 0.112405 0.009510 2.235438
0.846109 0.013311 0.011945 0.006349 0.000451 0.112321 0.009515 2.236737
0.846234 0.013285 0.011942 0.006371 0.000450 0.112198 0.009521 2.238064
0.846325 0.013231 0.011975 0.006382 0.000449 0.112112 0.009528 2.239391
0.846390 0.013250 0.011967 0.006397 0.000449 0.112013 0.009535 2.240687
0.846500 0.013201 0.011964 0.006416 0.000449 0.111930 0.009541 2.242012
0.846622 0.013227 0.011949 0.006380 0.000451 0.111827 0.009545 2.243291
0.846765 0.013191 0.011964 0.006369 0.000448 0.111711 0.009553 2.244579
0.846882 0.013214 0.011904 0.006362 0.000450 0.111630 0.009558 2.245874
0.846913 0.013274 0.011888 0.006356 0.000448 0.111558 0.009565 2.247169
0.846975 0.013251 0.011908 0.006349 0.000446 0.111500 0.009571 2.248505
0.847052 0.013281 0.011909 0.006359 0.000437 0.111385 0.009576 2.249786
0.847159 0.013266 0.011839 0.006330 0.000435 0.111391 0.009582 2.251051
0.847279 0.013266 0.011827 0.006367 0.000436 0.111239 0.009587 2.252336
0.847332 0.013258 0.011815 0.006381 0.000434 0.111187 0.009593 2.253660
0.847418 0.013293 0.011781 0.006352 0.000432 0.111127 0.009598 2.254894
0.847513 0.013295 0.011803 0.006342 0.000432 0.111009 0.009605 2.256212
0.847587 0.013289 0.011780 0.006379 0.000425 0.110930 0.009610 2.257532
0.847770 0.013212 0.011805 0.006373 0.000422 0.110801 0.009617 2.258843
0.847851 0.013242 0.011818 0.006327 0.000427 0.110716 0.009621 2.260120
0.847929 0.013298 0.011838 0.006273 0.000427 0.110608 0.009627 2.261396
0.848037 0.013301 0.011860 0.006274 0.000429 0.110466 0.009633 2.262690
0.848083 0.013305 0.011881 0.006275 0.000425 0.110392 0.009639 2.264002
0.848123 0.013341 0.011874 0.006262 0.000433 0.110326 0.009643 2.265301
0.848199 0.013347 0.011884 0.006260 0.000433 0.110230 0.009647 2.266615
0.848309 0.013333 0.011893 0.006268 0.000429 0.110119 0.009651 2.267923
0.848360 0.013326 0.011947 0.006295 0.000423 0.109987 0.009661 2.269260
0.848384 0.013354 0.011920 0.006301 0.000426 0.109951 0.009666 2.270579
0.848511 0.013319 0.011911 0.006296 0.000421 0.109868 0.009674 2.271865
0.848558 0.013395 0.011870 0.006268 0.000416 0.109813 0.009680 2.273131
0.848628 0.013314 0.011858 0.006308 0.000417 0.109791 0.009684 2.274492
0.848745 0.013318 0.011864 0.006273 0.000413 0.109695 0.009693 2.275766
0.848848 0.013277 0.011912 0.006262 0.000405 0.109597 0.009700 2.277094
0.848910 0.013312 0.011896 0.006278 0.000405 0.109493 0.009705 2.278384
0.848963 0.013327 0.011912 0.006302 0.000403 0.109380 0.009713 2.279683
0.848971 0.013447 0.011855 0.006298 0.000405 0.109306 0.009717 2.280947
0.849055 0.013445 0.011809 0.006298 0.000407 0.109265 0.009722 2.282236
0.849180 0.013420 0.011783 0.006283 0.000410 0.109200 0.009726 2.283518
0.849273 0.013356 0.011827 0.006275 0.000402 0.109136 0.009731 2.284834
0.849310 0.013361 0.011839 0.006273 0.000399 0.109084 0.009734 2.286145
0.849391 0.013343 0.011848 0.006270 0.000395 0.109008 0.009745 2.287461
0.849368 0.013349 0.011849 0.006284 0.000395 0.109006 0.009749 2.288775
0.849456 0.013300 0.011876 0.006311 0.000400 0.108905 0.009752 2.290120
0.849480 0.013307 0.011856 0.006301 0.000402 0.108897 0.009757 2.291439
0.849532 0.013287 0.011881 0.006293 0.000411 0.108832 0.009763 2.292773
0.849665 0.013305 0.011884 0.006255 0.000406 0.108715 0.009769 2.294034
0.849622 0.013326 0.011889 0.006252 0.000409 0.108727 0.009774 2.295368
0.849658 0.013350 0.011908 0.006268 0.000401 0.108637 0.009778 2.296650
0.849702 0.013359 0.011909 0.006283 0.000401 0.108563 0.009784 2.297935
0.849744 0.013388 0.011903 0.006305 0.000394 0.108477 0.009788 2.299232
0.849804 0.013400 0.011950 0.006279 0.000397 0.108378 0.009792 2.300532
0.849793 0.013394 0.011953 0.006308 0.000397 0.108358 0.009798 2.301867
0.849826 0.013437 0.011956 0.006297 0.000390 0.108291 0.009803 2.303130
0.849911 0.013438 0.011937 0.006301 0.000388 0.108216 0.009809 2.304443
0.849906 0.013519 0.011959 0.006280 0.000398 0.108126 0.009812 2.305729
0.849847 0.013560 0.011967 0.006292 0.000394 0.108119 0.009819 2.307056
0.849870 0.013561 0.011989 0.006302 0.000394 0.108062 0.009823 2.308387
0.849869 0.013598 0.012002 0.006302 0.000392 0.108008 0.009829 2.309718
0.849864 0.013664 0.012039 0.006311 0.000392 0.107897 0.009832 2.311032
0.849845 0.013690 0.012047 0.006356 0.000392 0.107832 0.009838 2.312374
0.849787 0.013717 0.012065 0.006354 0.000389 0.107844 0.009845 2.313720
0.849848 0.013712 0.012113 0.006359 0.000385 0.107732 0.009850 2.315056
0.849795 0.013725 0.012158 0.006360 0.000387 0.107721 0.009855 2.316406
0.849796 0.013705 0.012193 0.006362 0.000392 0.107693 0.009859 2.317760
0.849850 0.013670 0.012189 0.006395 0.000391 0.107646 0.009860 2.319115
0.849913 0.013632 0.012263 0.006375 0.000398 0.107558 0.009863 2.320461
0.849926 0.013604 0.012265 0.006377 0.000403 0.107556 0.009869 2.321807
0.849913 0.013608 0.012254 0.006395 0.000397 0.107558 0.009875 2.323155
0.849901 0.013614 0.012262 0.006392 0.000395 0.107553 0.009882 2.324511
0.849953 0.013575 0.012289 0.006371 0.000401 0.107527 0.009886 2.325866
0.849925 0.013598 0.012304 0.006361 0.000403 0.107519 0.009891 2.327200
0.849966 0.013559 0.012308 0.006387 0.000402 0.107482 0.009896 2.328566
0.849966 0.013620 0.012277 0.006371 0.000409 0.107457 0.009900 2.329854
0.849955 0.013637 0.012265 0.006362 0.000407 0.107467 0.009907 2.331193
