0.368396 0.062137 0.054908 0.031474 0.001880 0.475527 0.005679 1.551674
0.370017 0.060437 0.054846 0.031424 0.001888 0.475683 0.005705 1.557727
0.372158 0.058364 0.054613 0.031223 0.001897 0.476015 0.005730 1.563518
0.374767 0.056081 0.054337 0.031044 0.001913 0.476104 0.005755 1.569239
0.377669 0.053800 0.053960 0.030762 0.001916 0.476115 0.005780 1.574669
0.380576 0.051561 0.053444 0.030408 0.001905 0.476298 0.005810 1.579848
0.383710 0.049469 0.052785 0.029946 0.001914 0.476342 0.005834 1.584823
0.386872 0.047425 0.052148 0.029582 0.001917 0.476199 0.005858 1.589610
0.390139 0.045582 0.051348 0.029080 0.001919 0.476049 0.005883 1.594093
0.393627 0.043670 0.050687 0.028543 0.001916 0.475649 0.005908 1.598492
0.397339 0.041872 0.049850 0.027985 0.001919 0.475107 0.005927 1.602712
0.401015 0.040219 0.048880 0.027433 0.001920 0.474581 0.005951 1.606706
0.404604 0.038634 0.047919 0.026882 0.001901 0.474083 0.005977 1.610564
0.408336 0.037124 0.046944 0.026257 0.001906 0.473425 0.006007 1.614254
0.411985 0.035727 0.046013 0.025631 0.001902 0.472715 0.006028 1.617830
0.415923 0.034366 0.045001 0.024977 0.001899 0.471782 0.006053 1.621264
0.419864 0.033067 0.044017 0.024387 0.001876 0.470714 0.006075 1.624560
0.423952 0.031824 0.042888 0.023803 0.001863 0.469574 0.006095 1.627707
0.427892 0.030686 0.041855 0.023176 0.001848 0.468422 0.006121 1.630778
0.431901 0.029660 0.040796 0.022563 0.001848 0.467092 0.006141 1.633692
0.435944 0.028612 0.039759 0.021993 0.001830 0.465694 0.006167 1.636572
0.439888 0.027671 0.038724 0.021435 0.001812 0.464280 0.006191 1.639331
0.443888 0.026706 0.037703 0.020857 0.001810 0.462821 0.006216 1.641992
0.447945 0.025851 0.036732 0.020262 0.001808 0.461173 0.006228 1.644548
0.452004 0.024973 0.035779 0.019735 0.001786 0.459472 0.006251 1.647080
0.455958 0.024179 0.034784 0.019231 0.001770 0.457802 0.006276 1.649512
0.460018 0.023520 0.033867 0.018727 0.001745 0.455820 0.006303 1.651804
0.464119 0.022911 0.032895 0.018208 0.001713 0.453825 0.006329 1.654049
0.468276 0.022217 0.031996 0.017766 0.001705 0.451689 0.006350 1.656291
0.472343 0.021606 0.031021 0.017314 0.001679 0.449665 0.006374 1.658434
0.476484 0.020998 0.030177 0.016847 0.001659 0.447439 0.006397 1.660517
0.480557 0.020465 0.029388 0.016370 0.001634 0.445171 0.006416 1.662526
0.484674 0.019965 0.028578 0.015933 0.001628 0.442788 0.006433 1.664494
0.488848 0.019456 0.027915 0.015487 0.001598 0.440241 0.006455 1.666435
0.492852 0.018941 0.027222 0.015085 0.001576 0.437849 0.006475 1.668362
0.496874 0.018460 0.026466 0.014620 0.001554 0.435529 0.006497 1.670205
0.500905 0.018058 0.025774 0.014308 0.001527 0.432915 0.006512 1.672012
0.504910 0.017715 0.025054 0.013893 0.001512 0.430382 0.006534 1.673732
0.508935 0.017372 0.024345 0.013529 0.001488 0.427779 0.006553 1.675380
0.512982 0.016939 0.023748 0.013152 0.001463 0.425146 0.006570 1.677094
0.516965 0.016612 0.023127 0.012781 0.001441 0.422485 0.006589 1.678729
0.521030 0.016244 0.022555 0.012459 0.001413 0.419693 0.006607 1.680356
0.524998 0.015944 0.021976 0.012115 0.001387 0.416954 0.006626 1.681939
0.529091 0.015632 0.021424 0.011829 0.001373 0.414012 0.006639 1.683463
0.532964 0.015414 0.020890 0.011544 0.001346 0.411187 0.006654 1.684956
0.536856 0.015141 0.020354 0.011290 0.001322 0.408362 0.006675 1.686465
0.540676 0.014881 0.019856 0.011062 0.001305 0.405530 0.006691 1.687960
0.544543 0.014645 0.019375 0.010783 0.001292 0.402655 0.006707 1.689404
0.548419 0.014376 0.018954 0.010520 0.001263 0.399738 0.006730 1.690849
0.552277 0.014090 0.018511 0.010279 0.001230 0.396867 0.006747 1.692248
0.556073 0.013859 0.018064 0.010037 0.001200 0.394000 0.006766 1.693628
0.559786 0.013607 0.017654 0.009815 0.001166 0.391187 0.006785 1.695019
0.563586 0.013434 0.017246 0.009599 0.001148 0.388190 0.006796 1.696310
0.567340 0.013190 0.016902 0.009400 0.001120 0.385232 0.006815 1.697656
0.570966 0.013036 0.016519 0.009223 0.001095 0.382327 0.006835 1.698961
0.574658 0.012825 0.016144 0.009046 0.001069 0.379407 0.006850 1.700254
0.578315 0.012683 0.015831 0.008846 0.001048 0.376415 0.006863 1.701488
0.581952 0.012552 0.015504 0.008656 0.001026 0.373431 0.006878 1.702697
0.585430 0.012472 0.015141 0.008471 0.001019 0.370578 0.006888 1.703889
0.588912 0.012316 0.014925 0.008278 0.000994 0.367671 0.006905 1.705113
0.592482 0.012167 0.014648 0.008093 0.000972 0.364718 0.006920 1.706327
0.595991 0.012046 0.014386 0.007895 0.000959 0.361789 0.006933 1.707511
0.599393 0.011991 0.014104 0.007718 0.000943 0.358906 0.006945 1.708659
0.602850 0.011825 0.013917 0.007583 0.000935 0.355934 0.006956 1.709876
0.606203 0.011782 0.013651 0.007444 0.000914 0.353037 0.006970 1.710985
0.609608 0.011654 0.013430 0.007332 0.000893 0.350105 0.006980 1.712150
0.612949 0.011581 0.013203 0.007228 0.000874 0.347172 0.006993 1.713273
0.616260 0.011409 0.013009 0.007146 0.000854 0.344315 0.007007 1.714430
0.619633 0.011333 0.012761 0.007027 0.000836 0.341393 0.007018 1.715531
0.622890 0.011202 0.012555 0.006930 0.000821 0.338573 0.007029 1.716646
0.626106 0.011064 0.012410 0.006837 0.000818 0.335728 0.007038 1.717773
0.629239 0.010976 0.012217 0.006722 0.000795 0.332997 0.007055 1.718851
0.632393 0.010827 0.012049 0.006614 0.000780 0.330274 0.007064 1.719941
0.635562 0.010716 0.011872 0.006519 0.000761 0.327496 0.007075 1.720992
0.638683 0.010652 0.011719 0.006429 0.000754 0.324679 0.007084 1.722047
0.641803 0.010599 0.011547 0.006338 0.000731 0.321881 0.007101 1.723083
0.644829 0.010544 0.011376 0.006229 0.000723 0.319190 0.007109 1.724096
0.647820 0.010561 0.011240 0.006117 0.000718 0.316428 0.007117 1.725072
0.650826 0.010469 0.011148 0.006041 0.000706 0.313682 0.007128 1.726138
0.653726 0.010414 0.010994 0.005972 0.000705 0.311056 0.007133 1.727158
0.656635 0.010405 0.010809 0.005878 0.000696 0.308439 0.007138 1.728107
0.659436 0.010341 0.010680 0.005825 0.000680 0.305889 0.007150 1.729133
0.662428 0.010218 0.010534 0.005752 0.000665 0.303238 0.007164 1.730135
0.665283 0.010166 0.010413 0.005692 0.000657 0.300616 0.007173 1.731112
0.668075 0.010106 0.010301 0.005652 0.000642 0.298040 0.007183 1.732103
0.670940 0.010056 0.010183 0.005605 0.000633 0.295392 0.007190 1.733087
0.673673 0.010037 0.010073 0.005523 0.000625 0.292869 0.007200 1.734070
0.676346 0.009990 0.010020 0.005460 0.000616 0.290361 0.007208 1.735045
0.678965 0.009971 0.009916 0.005420 0.000608 0.287904 0.007215 1.736032
0.681570 0.009924 0.009832 0.005370 0.000595 0.285485 0.007225 1.737020
0.684207 0.009831 0.009780 0.005368 0.000583 0.283002 0.007229 1.738009
0.686744 0.009813 0.009660 0.005338 0.000573 0.280636 0.007236 1.738960
0.689382 0.009763 0.009565 0.005290 0.000549 0.278201 0.007250 1.739916
0.691923 0.009763 0.009524 0.005229 0.000538 0.275764 0.007258 1.740856
0.694424 0.009731 0.009434 0.005161 0.000529 0.273453 0.007269 1.741786
0.696931 0.009642 0.009425 0.005149 0.000530 0.271050 0.007274 1.742770
0.699449 0.009572 0.009384 0.005102 0.000511 0.268701 0.007281 1.743720
0.701866 0.009573 0.009300 0.005072 0.000505 0.266394 0.007290 1.744651
0.704307 0.009553 0.009230 0.005027 0.000497 0.264090 0.007295 1.745567
0.706716 0.009491 0.009208 0.004970 0.000498 0.261817 0.007300 1.746511
0.709091 0.009441 0.009118 0.004939 0.000491 0.259613 0.007307 1.747431
0.711442 0.009380 0.009066 0.004933 0.000476 0.257385 0.007317 1.748374
0.713788 0.009323 0.009056 0.004873 0.000468 0.255168 0.007325 1.749294
0.716085 0.009290 0.008993 0.004872 0.000460 0.252971 0.007329 1.750226
0.718313 0.009262 0.008972 0.004824 0.000452 0.250840 0.007337 1.751114
0.720637 0.009204 0.008919 0.004798 0.000444 0.248656 0.007343 1.752043
0.722929 0.009169 0.008868 0.004785 0.000436 0.246465 0.007349 1.752943
0.725096 0.009180 0.008839 0.004753 0.000438 0.244341 0.007353 1.753814
0.727212 0.009220 0.008770 0.004716 0.000437 0.242288 0.007357 1.754666
0.729309 0.009227 0.008759 0.004675 0.000433 0.240233 0.007363 1.755576
0.731426 0.009245 0.008688 0.004683 0.000432 0.238161 0.007366 1.756476
0.733536 0.009191 0.008656 0.004659 0.000428 0.236159 0.007371 1.757386
0.735659 0.009167 0.008622 0.004665 0.000428 0.234082 0.007376 1.758271
0.737713 0.009130 0.008630 0.004644 0.000425 0.232078 0.007380 1.759166
0.739729 0.009122 0.008565 0.004661 0.000414 0.230125 0.007384 1.760063
0.741723 0.009112 0.008534 0.004634 0.000408 0.228198 0.007392 1.760958
0.743673 0.009118 0.008468 0.004617 0.000406 0.226321 0.007398 1.761817
0.745639 0.009107 0.008417 0.004608 0.000403 0.224423 0.007403 1.762702
0.747639 0.009078 0.008408 0.004615 0.000400 0.222453 0.007406 1.763596
0.749486 0.009100 0.008350 0.004597 0.000389 0.220666 0.007411 1.764483
0.751406 0.009045 0.008350 0.004581 0.000384 0.218814 0.007419 1.765378
0.753245 0.009034 0.008324 0.004575 0.000377 0.217020 0.007427 1.766247
0.755085 0.009009 0.008315 0.004568 0.000372 0.215219 0.007431 1.767141
0.756961 0.008966 0.008282 0.004580 0.000364 0.213411 0.007437 1.768018
0.758771 0.008918 0.008279 0.004572 0.000360 0.211658 0.007444 1.768908
0.760515 0.008912 0.008288 0.004539 0.000354 0.209941 0.007452 1.769791
0.762234 0.008899 0.008238 0.004534 0.000357 0.208282 0.007455 1.770679
0.763986 0.008939 0.008185 0.004478 0.000350 0.206602 0.007460 1.771509
0.765628 0.008922 0.008173 0.004490 0.000347 0.204973 0.007467 1.772397
0.767340 0.008890 0.008148 0.004496 0.000345 0.203312 0.007470 1.773272
0.769021 0.008876 0.008100 0.004490 0.000338 0.201698 0.007477 1.774133
0.770661 0.008892 0.008103 0.004469 0.000337 0.200055 0.007482 1.775004
0.772309 0.008883 0.008083 0.004450 0.000343 0.198445 0.007486 1.775869
0.773859 0.008867 0.008092 0.004450 0.000344 0.196897 0.007489 1.776753
0.775392 0.008882 0.008084 0.004415 0.000343 0.195390 0.007495 1.777641
0.776939 0.008918 0.008060 0.004413 0.000342 0.193829 0.007499 1.778495
0.778498 0.008927 0.008028 0.004386 0.000339 0.192322 0.007501 1.779352
0.780050 0.008897 0.007994 0.004385 0.000343 0.190827 0.007504 1.780248
0.781568 0.008903 0.008018 0.004361 0.000346 0.189298 0.007506 1.781110
0.783038 0.008909 0.008024 0.004355 0.000342 0.187821 0.007511 1.781983
0.784485 0.008954 0.008014 0.004354 0.000342 0.186338 0.007514 1.782848
0.785959 0.008934 0.007990 0.004358 0.000338 0.184902 0.007519 1.783737
0.787398 0.008961 0.007995 0.004356 0.000341 0.183425 0.007523 1.784595
0.788799 0.008955 0.008013 0.004363 0.000343 0.181996 0.007530 1.785490
0.790153 0.008978 0.008039 0.004388 0.000336 0.180571 0.007534 1.786394
0.791547 0.008996 0.008005 0.004384 0.000334 0.179198 0.007537 1.787268
0.792916 0.009013 0.007987 0.004401 0.000330 0.177814 0.007539 1.788149
0.794275 0.009014 0.008005 0.004396 0.000333 0.176436 0.007542 1.789040
0.795550 0.009030 0.008014 0.004391 0.000328 0.175140 0.007549 1.789941
0.796799 0.009031 0.008040 0.004387 0.000326 0.173863 0.007554 1.790821
0.798108 0.009051 0.008052 0.004366 0.000326 0.172539 0.007559 1.791711
0.799392 0.009051 0.008049 0.004371 0.000326 0.171250 0.007561 1.792620
0.800668 0.009044 0.008037 0.004390 0.000328 0.169968 0.007564 1.793522
0.801885 0.009014 0.008011 0.004396 0.000332 0.168794 0.007568 1.794412
0.803104 0.008971 0.008003 0.004406 0.000335 0.167609 0.007572 1.795317
0.804289 0.008975 0.007992 0.004399 0.000332 0.166437 0.007577 1.796185
0.805498 0.009000 0.007979 0.004401 0.000326 0.165212 0.007585 1.797077
0.806698 0.008983 0.007979 0.004416 0.000327 0.164008 0.007590 1.797963
0.807877 0.008961 0.007988 0.004406 0.000329 0.162845 0.007596 1.798868
0.809045 0.008896 0.007998 0.004429 0.000325 0.161707 0.007601 1.799790
0.810102 0.008958 0.007995 0.004385 0.000323 0.160632 0.007605 1.800659
0.811183 0.008975 0.007989 0.004379 0.000325 0.159541 0.007609 1.801539
0.812260 0.008993 0.007994 0.004363 0.000320 0.158458 0.007613 1.802411
0.813356 0.009004 0.007967 0.004358 0.000320 0.157380 0.007616 1.803277
0.814499 0.008982 0.007972 0.004341 0.000317 0.156266 0.007622 1.804159
0.815535 0.009008 0.007967 0.004280 0.000311 0.155272 0.007628 1.805006
0.816617 0.008984 0.008004 0.004281 0.000311 0.154168 0.007633 1.805910
0.817633 0.008998 0.008063 0.004283 0.000308 0.153075 0.007639 1.806812
0.818650 0.008960 0.008070 0.004285 0.000308 0.152083 0.007644 1.807721
0.819637 0.009001 0.008070 0.004291 0.000309 0.151045 0.007648 1.808599
0.820648 0.008998 0.008079 0.004262 0.000310 0.150051 0.007653 1.809493
0.821646 0.008963 0.008093 0.004273 0.000311 0.149054 0.007659 1.810401
0.822644 0.008981 0.008095 0.004269 0.000315 0.148033 0.007663 1.811280
0.823535 0.009010 0.008098 0.004305 0.000317 0.147068 0.007668 1.812184
0.824489 0.009007 0.008062 0.004294 0.000313 0.146165 0.007671 1.813073
0.825362 0.009023 0.008044 0.004323 0.000314 0.145260 0.007673 1.813977
0.826221 0.009057 0.008046 0.004305 0.000313 0.144380 0.007677 1.814864
0.827143 0.009051 0.008048 0.004331 0.000313 0.143436 0.007679 1.815778
0.828030 0.009065 0.008056 0.004340 0.000307 0.142518 0.007685 1.816670
0.828802 0.009071 0.008063 0.004358 0.000299 0.141717 0.007690 1.817573
0.829637 0.009050 0.008095 0.004369 0.000296 0.140862 0.007692 1.818483
0.830492 0.009100 0.008063 0.004359 0.000290 0.140000 0.007695 1.819351
0.831304 0.009070 0.008086 0.004362 0.000291 0.139187 0.007700 1.820263
0.832167 0.009077 0.008102 0.004347 0.000289 0.138316 0.007702 1.821142
0.832971 0.009088 0.008102 0.004346 0.000291 0.137497 0.007704 1.822045
0.833805 0.009098 0.008075 0.004346 0.000298 0.136670 0.007707 1.822909
0.834567 0.009211 0.008031 0.004323 0.000294 0.135862 0.007713 1.823745
0.835305 0.009258 0.008039 0.004331 0.000299 0.135053 0.007716 1.824652
0.836101 0.009232 0.008054 0.004344 0.000295 0.134254 0.007721 1.825544
0.836924 0.009196 0.008077 0.004347 0.000294 0.133438 0.007725 1.826483
0.837710 0.009180 0.008117 0.004352 0.000299 0.132615 0.007726 1.827404
0.838386 0.009253 0.008109 0.004361 0.000297 0.131864 0.007730 1.828298
0.839049 0.009314 0.008104 0.004387 0.000287 0.131126 0.007735 1.829189
0.839716 0.009314 0.008143 0.004394 0.000292 0.130401 0.007739 1.830121
0.840419 0.009319 0.008132 0.004403 0.000289 0.129696 0.007742 1.831029
0.841055 0.009363 0.008137 0.004389 0.000289 0.129021 0.007746 1.831946
0.841737 0.009388 0.008207 0.004371 0.000285 0.128264 0.007749 1.832852
0.842382 0.009393 0.008238 0.004403 0.000283 0.127549 0.007752 1.833774
0.843006 0.009452 0.008254 0.004398 0.000279 0.126856 0.007756 1.834660
0.843660 0.009461 0.008252 0.004387 0.000278 0.126202 0.007759 1.835571
0.844336 0.009464 0.008275 0.004392 0.000270 0.125497 0.007767 1.836512
0.845006 0.009478 0.008236 0.004408 0.000269 0.124831 0.007771 1.837424
0.845586 0.009477 0.008297 0.004415 0.000266 0.124184 0.007776 1.838363
0.846136 0.009517 0.008337 0.004407 0.000269 0.123553 0.007781 1.839300
0.846718 0.009554 0.008340 0.004457 0.000268 0.122876 0.007787 1.840238
0.847279 0.009588 0.008382 0.004441 0.000273 0.122248 0.007789 1.841149
0.847866 0.009567 0.008388 0.004496 0.000278 0.121614 0.007791 1.842118
0.848460 0.009585 0.008380 0.004500 0.000284 0.120994 0.007796 1.843021
0.848961 0.009624 0.008361 0.004508 0.000284 0.120463 0.007800 1.843947
0.849537 0.009602 0.008394 0.004525 0.000280 0.119857 0.007803 1.844910
0.850015 0.009658 0.008382 0.004547 0.000281 0.119311 0.007807 1.845849
0.850522 0.009664 0.008395 0.004566 0.000285 0.118757 0.007812 1.846816
0.851020 0.009643 0.008420 0.004569 0.000280 0.118253 0.007816 1.847789
0.851563 0.009622 0.008454 0.004595 0.000276 0.117668 0.007821 1.848744
0.852063 0.009602 0.008469 0.004616 0.000280 0.117148 0.007824 1.849720
0.852545 0.009630 0.008464 0.004608 0.000283 0.116643 0.007827 1.850652
0.853075 0.009701 0.008403 0.004565 0.000285 0.116141 0.007830 1.851529
0.853577 0.009749 0.008403 0.004568 0.000285 0.115586 0.007833 1.852468
0.853976 0.009755 0.008485 0.004566 0.000290 0.115092 0.007836 1.853469
0.854429 0.009773 0.008435 0.004611 0.000293 0.114623 0.007837 1.854421
0.854887 0.009804 0.008452 0.004627 0.000292 0.114097 0.007841 1.855408
0.855293 0.009845 0.008451 0.004644 0.000295 0.113629 0.007845 1.856351
0.855669 0.009913 0.008499 0.004692 0.000296 0.113084 0.007847 1.857329
0.856009 0.009982 0.008511 0.004714 0.000293 0.112639 0.007852 1.858299
0.856390 0.010034 0.008523 0.004715 0.000296 0.112187 0.007855 1.859260
0.856722 0.010056 0.008578 0.004732 0.000300 0.111754 0.007858 1.860275
0.857087 0.010067 0.008595 0.004728 0.000304 0.111355 0.007863 1.861248
0.857446 0.010078 0.008631 0.004724 0.000310 0.110944 0.007866 1.862268
0.857802 0.010069 0.008679 0.004751 0.000314 0.110516 0.007871 1.863300
0.858176 0.010145 0.008674 0.004761 0.000311 0.110059 0.007875 1.864269
0.858526 0.010161 0.008721 0.004775 0.000311 0.109628 0.007878 1.865280
0.858864 0.010196 0.008725 0.004785 0.000310 0.109237 0.007884 1.866283
0.859270 0.010187 0.008729 0.004802 0.000309 0.108816 0.007888 1.867286
0.859640 0.010185 0.008732 0.004816 0.000309 0.108424 0.007893 1.868278
0.860059 0.010157 0.008773 0.004783 0.000310 0.108019 0.007899 1.869279
0.860394 0.010217 0.008777 0.004765 0.000308 0.107636 0.007903 1.870248
0.860708 0.010268 0.008797 0.004750 0.000309 0.107263 0.007906 1.871238
0.861005 0.010267 0.008832 0.004756 0.000309 0.106920 0.007911 1.872267
0.861323 0.010262 0.008872 0.004742 0.000304 0.106580 0.007916 1.873306
0.861575 0.010356 0.008853 0.004747 0.000307 0.106243 0.007921 1.874276
0.861919 0.010367 0.008867 0.004769 0.000305 0.105847 0.007925 1.875302
0.862224 0.010402 0.008892 0.004776 0.000309 0.105468 0.007929 1.876305
0.862553 0.010436 0.008872 0.004788 0.000303 0.105113 0.007936 1.877270
0.862793 0.010504 0.008907 0.004825 0.000303 0.104727 0.007940 1.878285
0.863072 0.010564 0.008893 0.004838 0.000305 0.104384 0.007943 1.879278
0.863280 0.010638 0.008931 0.004829 0.000305 0.104072 0.007946 1.880289
0.863485 0.010661 0.008983 0.004848 0.000300 0.103772 0.007952 1.881350
0.863716 0.010699 0.009013 0.004865 0.000299 0.103454 0.007955 1.882378
0.863962 0.010694 0.009105 0.004891 0.000302 0.103087 0.007960 1.883453
0.864126 0.010798 0.009100 0.004920 0.000296 0.102797 0.007963 1.884505
0.864296 0.010852 0.009142 0.004953 0.000297 0.102492 0.007968 1.885562
0.864466 0.010913 0.009184 0.004964 0.000294 0.102207 0.007974 1.886610
0.864650 0.010945 0.009236 0.004977 0.000293 0.101920 0.007979 1.887670
0.864789 0.011003 0.009255 0.005013 0.000298 0.101661 0.007982 1.888746
0.864830 0.011118 0.009295 0.005020 0.000299 0.101452 0.007986 1.889821
0.865008 0.011143 0.009352 0.005030 0.000299 0.101178 0.007991 1.890913
0.865129 0.011178 0.009395 0.005101 0.000303 0.100899 0.007994 1.892034
0.865249 0.011269 0.009444 0.005106 0.000300 0.100633 0.007998 1.893114
0.865366 0.011321 0.009494 0.005108 0.000311 0.100398 0.008002 1.894199
0.865447 0.011409 0.009534 0.005128 0.000309 0.100165 0.008009 1.895292
0.865454 0.011504 0.009594 0.005129 0.000305 0.100002 0.008012 1.896407
0.865468 0.011565 0.009585 0.005169 0.000306 0.099890 0.008018 1.897520
0.865564 0.011549 0.009644 0.005206 0.000304 0.099709 0.008025 1.898675
0.865684 0.011526 0.009699 0.005218 0.000301 0.099542 0.008030 1.899822
0.865751 0.011612 0.009709 0.005220 0.000306 0.099369 0.008034 1.900904
0.865862 0.011637 0.009730 0.005229 0.000315 0.099189 0.008037 1.902022
0.865903 0.011716 0.009788 0.005235 0.000312 0.099003 0.008042 1.903154
0.865946 0.011730 0.009853 0.005321 0.000309 0.098794 0.008047 1.904335
0.865988 0.011751 0.009919 0.005341 0.000312 0.098639 0.008050 1.905470
0.866033 0.011757 0.009967 0.005383 0.000311 0.098496 0.008053 1.906606
0.866103 0.011778 0.009986 0.005372 0.000315 0.098388 0.008056 1.907732
0.866101 0.011810 0.010025 0.005426 0.000314 0.098264 0.008060 1.908889
0.866214 0.011780 0.010051 0.005440 0.000314 0.098135 0.008065 1.910047
0.866262 0.011846 0.010079 0.005405 0.000312 0.098028 0.008068 1.911178
0.866337 0.011876 0.010100 0.005428 0.000315 0.097871 0.008072 1.912333
0.866322 0.011947 0.010089 0.005419 0.000321 0.097826 0.008077 1.913476
0.866374 0.011939 0.010128 0.005457 0.000321 0.097703 0.008079 1.914652
0.866433 0.011896 0.010164 0.005499 0.000330 0.097597 0.008082 1.915846
0.866443 0.011919 0.010196 0.005544 0.000329 0.097485 0.008084 1.917006
0.866473 0.011922 0.010247 0.005552 0.000331 0.097387 0.008087 1.918168
0.866465 0.011958 0.010257 0.005559 0.000332 0.097335 0.008093 1.919316
0.866538 0.011938 0.010256 0.005581 0.000328 0.097263 0.008098 1.920493
0.866547 0.011959 0.010238 0.005611 0.000327 0.097216 0.008102 1.921648
0.866578 0.011968 0.010250 0.005608 0.000339 0.097152 0.008105 1.922810
0.866576 0.011992 0.010255 0.005646 0.000344 0.097079 0.008108 1.923991
0.866584 0.011969 0.010279 0.005686 0.000345 0.097024 0.008112 1.925195
0.866625 0.012026 0.010272 0.005695 0.000340 0.096924 0.008117 1.926311
0.866701 0.012013 0.010353 0.005677 0.000342 0.096793 0.008121 1.927500
0.866721 0.012009 0.010387 0.005701 0.000343 0.096713 0.008126 1.928688
0.866714 0.011995 0.010433 0.005724 0.000348 0.096656 0.008129 1.929912
0.866755 0.011976 0.010467 0.005727 0.000346 0.096596 0.008134 1.931111
0.866724 0.012037 0.010482 0.005718 0.000352 0.096546 0.008141 1.932282
0.866664 0.012094 0.010529 0.005693 0.000351 0.096524 0.008145 1.933468
0.866662 0.012105 0.010518 0.005726 0.000349 0.096491 0.008149 1.934642
0.866646 0.012178 0.010551 0.005727 0.000356 0.096391 0.008151 1.935823
0.866593 0.012215 0.010592 0.005741 0.000355 0.096350 0.008154 1.937044
0.866524 0.012279 0.010619 0.005742 0.000363 0.096316 0.008157 1.938251
0.866517 0.012324 0.010632 0.005738 0.000360 0.096267 0.008162 1.939444
0.866509 0.012373 0.010606 0.005738 0.000366 0.096242 0.008166 1.940642
0.866417 0.012439 0.010655 0.005730 0.000363 0.096225 0.008170 1.941846
0.866361 0.012449 0.010728 0.005745 0.000364 0.096176 0.008176 1.943117
0.866289 0.012497 0.010729 0.005796 0.000363 0.096147 0.008180 1.944321
0.866240 0.012543 0.010765 0.005831 0.000365 0.096071 0.008186 1.945537
0.866171 0.012593 0.010824 0.005812 0.000361 0.096048 0.008191 1.946769
0.866069 0.012629 0.010878 0.005823 0.000359 0.096048 0.008194 1.948001
0.865973 0.012653 0.010872 0.005838 0.000362 0.096104 0.008199 1.949246
0.865870 0.012744 0.010902 0.005842 0.000361 0.096080 0.008203 1.950474
0.865740 0.012775 0.010911 0.005883 0.000359 0.096124 0.008206 1.951754
0.865688 0.012810 0.010919 0.005908 0.000363 0.096103 0.008210 1.952970
0.865635 0.012778 0.011012 0.005934 0.000364 0.096061 0.008216 1.954259
0.865592 0.012776 0.011017 0.005974 0.000370 0.096052 0.008218 1.955536
0.865537 0.012781 0.011065 0.005972 0.000364 0.096058 0.008223 1.956803
0.865432 0.012832 0.011106 0.005981 0.000371 0.096050 0.008228 1.958067
0.865361 0.012863 0.011160 0.006015 0.000371 0.095996 0.008235 1.959333
0.865287 0.012892 0.011197 0.006033 0.000378 0.095974 0.008239 1.960598
0.865152 0.013005 0.011215 0.006026 0.000382 0.095976 0.008245 1.961824
0.865044 0.013038 0.011242 0.006074 0.000380 0.095970 0.008253 1.963100
0.864956 0.013068 0.011234 0.006069 0.000381 0.096035 0.008257 1.964368
0.864872 0.013103 0.011220 0.006078 0.000383 0.096084 0.008261 1.965621
0.864812 0.013139 0.011217 0.006097 0.000380 0.096090 0.008265 1.966865
0.864683 0.013186 0.011228 0.006131 0.000378 0.096123 0.008270 1.968157
0.864569 0.013256 0.011274 0.006171 0.000378 0.096076 0.008276 1.969436
0.864437 0.013283 0.011308 0.006194 0.000377 0.096120 0.008282 1.970739
0.864328 0.013240 0.011347 0.006202 0.000387 0.096209 0.008286 1.972084
0.864221 0.013221 0.011370 0.006225 0.000387 0.096284 0.008292 1.973403
0.864148 0.013237 0.011403 0.006213 0.000382 0.096320 0.008299 1.974668
0.864056 0.013305 0.011421 0.006191 0.000377 0.096345 0.008306 1.975917
0.863911 0.013347 0.011443 0.006180 0.000376 0.096435 0.008309 1.977212
0.863763 0.013323 0.011510 0.006174 0.000380 0.096535 0.008315 1.978553
0.863720 0.013317 0.011533 0.006216 0.000383 0.096512 0.008320 1.979881
0.863605 0.013331 0.011546 0.006232 0.000389 0.096572 0.008324 1.981180
0.863461 0.013455 0.011517 0.006241 0.000399 0.096601 0.008327 1.982438
0.863319 0.013514 0.011563 0.006273 0.000397 0.096604 0.008331 1.983777
0.863114 0.013546 0.011587 0.006273 0.000398 0.096747 0.008335 1.985116
0.862930 0.013552 0.011606 0.006327 0.000397 0.096844 0.008343 1.986489
0.862774 0.013521 0.011679 0.006355 0.000400 0.096924 0.008348 1.987846
0.862701 0.013541 0.011720 0.006391 0.000399 0.096897 0.008351 1.989140
0.862589 0.013536 0.011755 0.006379 0.000409 0.096975 0.008356 1.990454
0.862438 0.013602 0.011765 0.006379 0.000410 0.097044 0.008363 1.991756
0.862325 0.013617 0.011817 0.006382 0.000411 0.097083 0.008364 1.993090
0.862169 0.013637 0.011860 0.006417 0.000412 0.097137 0.008368 1.994422
0.862084 0.013621 0.011874 0.006423 0.000415 0.097213 0.008371 1.995770
0.861946 0.013620 0.011926 0.006441 0.000414 0.097276 0.008377 1.997143
0.861858 0.013611 0.011935 0.006464 0.000402 0.097346 0.008383 1.998486
0.861780 0.013552 0.011988 0.006435 0.000404 0.097452 0.008389 1.999849
0.861663 0.013526 0.012026 0.006456 0.000407 0.097527 0.008394 2.001195
0.861651 0.013497 0.011993 0.006450 0.000401 0.097609 0.008399 2.002504
0.861531 0.013533 0.011994 0.006447 0.000407 0.097685 0.008402 2.003789
0.861472 0.013482 0.011970 0.006470 0.000404 0.097795 0.008407 2.005114
0.861351 0.013480 0.011974 0.006467 0.000399 0.097913 0.008417 2.006436
0.861181 0.013574 0.011936 0.006456 0.000398 0.098035 0.008420 2.007727
0.861081 0.013549 0.011929 0.006437 0.000403 0.098177 0.008425 2.009053
0.861005 0.013522 0.011996 0.006444 0.000404 0.098200 0.008430 2.010393
0.860930 0.013516 0.012005 0.006454 0.000405 0.098256 0.008434 2.011719
0.860876 0.013548 0.012021 0.006453 0.000394 0.098264 0.008444 2.013034
0.860795 0.013551 0.012031 0.006448 0.000392 0.098333 0.008448 2.014356
0.860703 0.013548 0.012037 0.006473 0.000390 0.098398 0.008452 2.015694
0.860576 0.013567 0.012049 0.006473 0.000393 0.098486 0.008456 2.017034
0.860415 0.013573 0.012070 0.006514 0.000393 0.098577 0.008459 2.018402
0.860314 0.013595 0.012046 0.006491 0.000389 0.098699 0.008465 2.019694
0.860112 0.013654 0.012084 0.006508 0.000385 0.098783 0.008473 2.021078
0.859999 0.013644 0.012112 0.006524 0.000382 0.098861 0.008478 2.022436
0.859942 0.013600 0.012136 0.006536 0.000381 0.098919 0.008484 2.023785
0.859851 0.013620 0.012106 0.006472 0.000388 0.099074 0.008488 2.025092
0.859708 0.013597 0.012123 0.006489 0.000386 0.099205 0.008491 2.026457
0.859573 0.013602 0.012164 0.006515 0.000389 0.099259 0.008498 2.027820
0.859489 0.013615 0.012186 0.006516 0.000385 0.099305 0.008504 2.029149
0.859369 0.013641 0.012189 0.006473 0.000386 0.099434 0.008509 2.030490
0.859171 0.013743 0.012196 0.006465 0.000387 0.099524 0.008514 2.031796
0.859085 0.013736 0.012222 0.006495 0.000388 0.099553 0.008520 2.033167
0.858982 0.013747 0.012242 0.006509 0.000392 0.099603 0.008525 2.034524
0.858854 0.013781 0.012244 0.006535 0.000393 0.099666 0.008528 2.035871
0.858749 0.013855 0.012242 0.006531 0.000395 0.099694 0.008534 2.037174
0.858698 0.013833 0.012239 0.006546 0.000391 0.099755 0.008539 2.038555
0.858515 0.013834 0.012289 0.006563 0.000385 0.099868 0.008546 2.039961
0.858413 0.013877 0.012232 0.006582 0.000386 0.099958 0.008550 2.041271
0.858237 0.013891 0.012284 0.006596 0.000391 0.100046 0.008553 2.042687
0.858206 0.013826 0.012314 0.006618 0.000398 0.100079 0.008559 2.044068
0.858088 0.013808 0.012335 0.006627 0.000402 0.100174 0.008565 2.045440
0.857908 0.013892 0.012338 0.006605 0.000399 0.100288 0.008569 2.046769
0.857841 0.013809 0.012352 0.006619 0.000399 0.100406 0.008573 2.048175
0.857694 0.013818 0.012365 0.006609 0.000400 0.100536 0.008577 2.049547
0.857562 0.013816 0.012350 0.006607 0.000403 0.100677 0.008584 2.050913
0.857432 0.013844 0.012311 0.006631 0.000400 0.100792 0.008591 2.052247
0.857300 0.013826 0.012303 0.006641 0.000406 0.100930 0.008594 2.053632
0.857160 0.013907 0.012267 0.006642 0.000407 0.101016 0.008600 2.054938
0.857034 0.013963 0.012249 0.006623 0.000408 0.101114 0.008609 2.056270
0.856973 0.013963 0.012218 0.006643 0.000414 0.101175 0.008614 2.057621
0.856881 0.013947 0.012246 0.006676 0.000417 0.101214 0.008618 2.059009
0.856784 0.013932 0.012259 0.006687 0.000416 0.101300 0.008622 2.060380
0.856710 0.013920 0.012270 0.006685 0.000417 0.101369 0.008628 2.061749
0.856614 0.013947 0.012199 0.006684 0.000414 0.101510 0.008634 2.063073
0.856517 0.013942 0.012212 0.006665 0.000409 0.101611 0.008643 2.064455
0.856405 0.013964 0.012230 0.006664 0.000414 0.101677 0.008647 2.065811
0.856329 0.013898 0.012293 0.006672 0.000416 0.101738 0.008653 2.067213
0.856297 0.013902 0.012300 0.006660 0.000416 0.101767 0.008658 2.068558
0.856228 0.013853 0.012285 0.006676 0.000421 0.101873 0.008664 2.069955
0.856174 0.013894 0.012278 0.006677 0.000422 0.101886 0.008668 2.071304
0.856091 0.013931 0.012299 0.006663 0.000428 0.101914 0.008674 2.072668
0.855958 0.013981 0.012288 0.006656 0.000426 0.102014 0.008678 2.073994
0.855846 0.013945 0.012286 0.006635 0.000426 0.102177 0.008683 2.075381
0.855795 0.013951 0.012342 0.006617 0.000425 0.102182 0.008687 2.076738
0.855746 0.013922 0.012358 0.006615 0.000425 0.102241 0.008692 2.078125
0.855648 0.013911 0.012349 0.006613 0.000425 0.102358 0.008697 2.079468
0.855552 0.013866 0.012366 0.006615 0.000424 0.102475 0.008702 2.080844
0.855520 0.013822 0.012364 0.006646 0.000416 0.102524 0.008708 2.082217
0.855488 0.013764 0.012349 0.006677 0.000415 0.102594 0.008713 2.083612
0.855442 0.013732 0.012359 0.006675 0.000421 0.102652 0.008720 2.084963
0.855344 0.013753 0.012347 0.006650 0.000424 0.102759 0.008724 2.086295
0.855242 0.013808 0.012334 0.006634 0.000426 0.102828 0.008728 2.087618
0.855153 0.013781 0.012337 0.006644 0.000435 0.102916 0.008735 2.088990
0.855094 0.013755 0.012331 0.006650 0.000432 0.102999 0.008739 2.090340
0.855074 0.013718 0.012340 0.006618 0.000433 0.103070 0.008746 2.091704
0.855035 0.013704 0.012340 0.006637 0.000438 0.103096 0.008750 2.093045
0.854938 0.013704 0.012319 0.006697 0.000434 0.103153 0.008756 2.094408
0.854866 0.013755 0.012305 0.006694 0.000436 0.103184 0.008761 2.095706
0.854876 0.013672 0.012287 0.006701 0.000428 0.103266 0.008770 2.097089
0.854822 0.013675 0.012272 0.006715 0.000420 0.103321 0.008775 2.098436
0.854734 0.013683 0.012219 0.006702 0.000422 0.103461 0.008779 2.099758
0.854690 0.013668 0.012271 0.006679 0.000421 0.103484 0.008785 2.101121
0.854622 0.013635 0.012238 0.006687 0.000420 0.103605 0.008792 2.102491
0.854603 0.013593 0.012298 0.006678 0.000420 0.103608 0.008800 2.103871
0.854557 0.013598 0.012305 0.006653 0.000421 0.103662 0.008804 2.105212
0.854521 0.013569 0.012272 0.006625 0.000418 0.103784 0.008811 2.106569
0.854439 0.013559 0.012301 0.006581 0.000424 0.103879 0.008816 2.107918
0.854375 0.013602 0.012249 0.006578 0.000428 0.103948 0.008821 2.109243
0.854306 0.013568 0.012263 0.006593 0.000427 0.104019 0.008826 2.110615
0.854265 0.013613 0.012242 0.006587 0.000422 0.104041 0.008831 2.111941
0.854256 0.013561 0.012248 0.006610 0.000428 0.104064 0.008833 2.113319
0.854164 0.013578 0.012301 0.006585 0.000428 0.104108 0.008838 2.114679
0.854088 0.013698 0.012262 0.006573 0.000430 0.104109 0.008841 2.115951
0.853994 0.013733 0.012264 0.006592 0.000433 0.104140 0.008845 2.117288
0.853882 0.013724 0.012281 0.006563 0.000422 0.104275 0.008853 2.118672
0.853807 0.013736 0.012286 0.006560 0.000419 0.104331 0.008862 2.120030
0.853788 0.013759 0.012237 0.006544 0.000422 0.104383 0.008867 2.121347
0.853782 0.013749 0.012243 0.006536 0.000426 0.104391 0.008872 2.122682
0.853803 0.013684 0.012335 0.006525 0.000429 0.104348 0.008876 2.124058
0.853756 0.013685 0.012350 0.006539 0.000430 0.104359 0.008880 2.125416
0.853622 0.013771 0.012340 0.006551 0.000422 0.104407 0.008887 2.126739
0.853598 0.013723 0.012341 0.006529 0.000421 0.104497 0.008892 2.128111
0.853537 0.013753 0.012302 0.006510 0.000424 0.104576 0.008899 2.129442
0.853487 0.013740 0.012353 0.006467 0.000422 0.104627 0.008904 2.130810
0.853425 0.013742 0.012380 0.006464 0.000421 0.104658 0.008909 2.132156
0.853320 0.013793 0.012379 0.006489 0.000421 0.104686 0.008913 2.133504
0.853239 0.013814 0.012367 0.006517 0.000415 0.104729 0.008919 2.134861
0.853184 0.013846 0.012345 0.006489 0.000415 0.104797 0.008923 2.136185
0.853151 0.013870 0.012354 0.006455 0.000411 0.104830 0.008928 2.137528
0.853141 0.013849 0.012319 0.006491 0.000412 0.104855 0.008934 2.138884
0.853087 0.013836 0.012303 0.006531 0.000412 0.104891 0.008939 2.140245
0.853059 0.013844 0.012295 0.006527 0.000412 0.104917 0.008945 2.141574
0.853048 0.013801 0.012357 0.006553 0.000411 0.104879 0.008951 2.142975
0.853037 0.013818 0.012373 0.006523 0.000414 0.104881 0.008954 2.144299
0.853049 0.013808 0.012330 0.006529 0.000414 0.104915 0.008958 2.145660
0.852962 0.013805 0.012354 0.006505 0.000419 0.104992 0.008963 2.147023
0.852983 0.013769 0.012364 0.006544 0.000420 0.104953 0.008968 2.148381
0.852884 0.013827 0.012369 0.006553 0.000421 0.104974 0.008972 2.149724
0.852838 0.013796 0.012367 0.006587 0.000422 0.105014 0.008975 2.151101
0.852814 0.013833 0.012333 0.006599 0.000422 0.105020 0.008980 2.152431
0.852714 0.013872 0.012373 0.006615 0.000420 0.105022 0.008985 2.153773
0.852659 0.013859 0.012378 0.006624 0.000427 0.105063 0.008988 2.155138
0.852618 0.013872 0.012362 0.006641 0.000434 0.105083 0.008991 2.156482
0.852664 0.013793 0.012348 0.006664 0.000433 0.105103 0.008995 2.157836
0.852630 0.013810 0.012377 0.006643 0.000433 0.105103 0.009004 2.159192
0.852580 0.013810 0.012319 0.006651 0.000436 0.105195 0.009008 2.160559
0.852549 0.013841 0.012323 0.006671 0.000431 0.105170 0.009017 2.161909
0.852538 0.013775 0.012317 0.006663 0.000430 0.105255 0.009024 2.163286
0.852465 0.013828 0.012311 0.006652 0.000427 0.105290 0.009028 2.164602
0.852443 0.013844 0.012316 0.006623 0.000427 0.105315 0.009034 2.165947
0.852393 0.013818 0.012335 0.006634 0.000423 0.105359 0.009038 2.167329
0.852327 0.013844 0.012319 0.006614 0.000422 0.105431 0.009042 2.168652
0.852284 0.013824 0.012352 0.006622 0.000416 0.105455 0.009049 2.170027
0.852189 0.013844 0.012325 0.006613 0.000414 0.105559 0.009056 2.171372
0.852189 0.013832 0.012291 0.006646 0.000412 0.105569 0.009062 2.172707
0.852180 0.013750 0.012300 0.006701 0.000414 0.105587 0.009069 2.174106
0.852161 0.013717 0.012283 0.006699 0.000417 0.105646 0.009076 2.175461
0.852143 0.013704 0.012309 0.006642 0.000420 0.105702 0.009080 2.176817
0.852094 0.013776 0.012240 0.006633 0.000419 0.105755 0.009085 2.178140
0.852057 0.013794 0.012248 0.006652 0.000417 0.105741 0.009091 2.179497
0.852022 0.013799 0.012237 0.006669 0.000416 0.105764 0.009093 2.180822
0.852021 0.013766 0.012221 0.006677 0.000418 0.105799 0.009099 2.182158
0.852012 0.013776 0.012206 0.006660 0.000420 0.105822 0.009103 2.183489
0.852043 0.013740 0.012253 0.006661 0.000426 0.105770 0.009108 2.184856
0.851959 0.013740 0.012307 0.006631 0.000422 0.105826 0.009117 2.186251
0.851948 0.013718 0.012331 0.006638 0.000420 0.105823 0.009121 2.187609
0.851979 0.013662 0.012352 0.006633 0.000418 0.105831 0.009126 2.188980
0.851955 0.013716 0.012345 0.006578 0.000423 0.105852 0.009131 2.190278
0.851940 0.013682 0.012345 0.006598 0.000424 0.105875 0.009136 2.191655
0.851874 0.013703 0.012305 0.006587 0.000428 0.105962 0.009143 2.193007
0.851839 0.013694 0.012300 0.006606 0.000439 0.105977 0.009146 2.194357
0.851807 0.013732 0.012291 0.006630 0.000435 0.105956 0.009149 2.195660
0.851866 0.013715 0.012306 0.006646 0.000432 0.105884 0.009152 2.196994
0.851794 0.013798 0.012287 0.006640 0.000429 0.105895 0.009158 2.198311
0.851788 0.013831 0.012297 0.006626 0.000424 0.105872 0.009163 2.199651
0.851820 0.013823 0.012300 0.006627 0.000424 0.105835 0.009171 2.200990
0.851892 0.013725 0.012337 0.006635 0.000417 0.105815 0.009179 2.202368
0.851883 0.013744 0.012347 0.006616 0.000418 0.105806 0.009186 2.203702
0.851855 0.013738 0.012362 0.006610 0.000425 0.105819 0.009191 2.205064
0.851796 0.013769 0.012355 0.006616 0.000430 0.105840 0.009196 2.206417
0.851745 0.013846 0.012309 0.006588 0.000430 0.105884 0.009198 2.207731
0.851733 0.013802 0.012308 0.006617 0.000426 0.105910 0.009205 2.209119
0.851805 0.013759 0.012308 0.006582 0.000426 0.105909 0.009211 2.210444
0.851866 0.013701 0.012282 0.006607 0.000436 0.105892 0.009216 2.211792
0.851811 0.013648 0.012330 0.006594 0.000435 0.105962 0.009221 2.213184
0.851847 0.013639 0.012309 0.006590 0.000431 0.105958 0.009226 2.214499
0.851816 0.013639 0.012337 0.006579 0.000434 0.105964 0.009232 2.215841
0.851811 0.013681 0.012299 0.006560 0.000432 0.105978 0.009240 2.217163
0.851804 0.013667 0.012297 0.006538 0.000426 0.106020 0.009249 2.218492
0.851843 0.013634 0.012294 0.006544 0.000433 0.105999 0.009253 2.219836
0.851849 0.013635 0.012247 0.006584 0.000431 0.105999 0.009256 2.221169
0.851820 0.013664 0.012237 0.006574 0.000430 0.106015 0.009261 2.222481
0.851857 0.013629 0.012239 0.006579 0.000440 0.105993 0.009265 2.223811
0.851843 0.013602 0.012271 0.006590 0.000442 0.105983 0.009268 2.225183
0.851851 0.013584 0.012274 0.006607 0.000444 0.105966 0.009274 2.226522
0.851865 0.013625 0.012296 0.006617 0.000442 0.105876 0.009280 2.227835
0.851837 0.013643 0.012300 0.006600 0.000448 0.105889 0.009284 2.229172
0.851763 0.013718 0.012288 0.006578 0.000449 0.105913 0.009290 2.230482
0.851777 0.013702 0.012279 0.006573 0.000449 0.105925 0.009296 2.231820
0.851886 0.013610 0.012294 0.006553 0.000454 0.105903 0.009301 2.233174
0.851864 0.013598 0.012277 0.006567 0.000453 0.105938 0.009304 2.234537
0.851885 0.013610 0.012294 0.006574 0.000446 0.105878 0.009314 2.235878
0.851827 0.013607 0.012271 0.006559 0.000448 0.105967 0.009321 2.237206
0.851801 0.013583 0.012281 0.006578 0.000450 0.105980 0.009327 2.238546
0.851830 0.013532 0.012272 0.006592 0.000452 0.105989 0.009333 2.239878
0.851838 0.013506 0.012272 0.006577 0.000451 0.106015 0.009340 2.241227
0.851897 0.013441 0.012249 0.006570 0.000447 0.106052 0.009344 2.242567
0.851920 0.013402 0.012240 0.006592 0.000446 0.106053 0.009349 2.243899
0.851991 0.013373 0.012144 0.006572 0.000442 0.106121 0.009357 2.245157
0.852048 0.013311 0.012150 0.006568 0.000438 0.106125 0.009361 2.246476
0.852067 0.013305 0.012164 0.006540 0.000436 0.106121 0.009367 2.247762
0.852097 0.013336 0.012114 0.006530 0.000435 0.106118 0.009372 2.249020
0.852146 0.013337 0.012059 0.006528 0.000434 0.106121 0.009376 2.250309
0.852201 0.013330 0.012020 0.006543 0.000436 0.106088 0.009383 2.251633
0.852286 0.013331 0.011997 0.006508 0.000441 0.106051 0.009386 2.252919
0.852298 0.013341 0.012011 0.006498 0.000439 0.106021 0.009392 2.254238
0.852302 0.013339 0.012015 0.006508 0.000443 0.105999 0.009395 2.255563
0.852345 0.013302 0.011977 0.006507 0.000441 0.106026 0.009402 2.256876
0.852352 0.013320 0.011947 0.006495 0.000446 0.106034 0.009406 2.258143
0.852448 0.013283 0.011898 0.006493 0.000443 0.106022 0.009414 2.259447
0.852449 0.013341 0.011879 0.006489 0.000443 0.105980 0.009419 2.260733
0.852411 0.013427 0.011861 0.006485 0.000446 0.105946 0.009424 2.261998
0.852477 0.013383 0.011850 0.006469 0.000443 0.105944 0.009433 2.263290
0.852461 0.013396 0.011876 0.006472 0.000438 0.105920 0.009438 2.264620
0.852462 0.013427 0.011863 0.006439 0.000433 0.105934 0.009442 2.265924
0.852426 0.013440 0.011853 0.006465 0.000432 0.105936 0.009449 2.267203
0.852519 0.013454 0.011820 0.006477 0.000435 0.105841 0.009452 2.268483
0.852543 0.013467 0.011798 0.006490 0.000440 0.105804 0.009457 2.269794
0.852548 0.013442 0.011816 0.006523 0.000437 0.105774 0.009462 2.271118
0.852569 0.013501 0.011833 0.006503 0.000439 0.105687 0.009468 2.272397
0.852546 0.013493 0.011818 0.006518 0.000437 0.105714 0.009474 2.273727
0.852519 0.013526 0.011828 0.006517 0.000435 0.105696 0.009478 2.275038
0.852534 0.013546 0.011817 0.006507 0.000438 0.105674 0.009484 2.276336
0.852513 0.013499 0.011878 0.006515 0.000433 0.105672 0.009490 2.277688
0.852537 0.013495 0.011894 0.006534 0.000432 0.105614 0.009494 2.279007
0.852607 0.013439 0.011915 0.006537 0.000422 0.105578 0.009503 2.280335
0.852608 0.013436 0.011932 0.006539 0.000414 0.105564 0.009507 2.281663
