0.348098 0.061779 0.055709 0.031687 0.002093 0.494602 0.006032 1.617787
0.350732 0.059354 0.055546 0.031499 0.002095 0.494712 0.006063 1.623709
0.354197 0.056414 0.055299 0.031227 0.002093 0.494680 0.006091 1.629407
0.358191 0.053275 0.054899 0.030853 0.002085 0.494584 0.006112 1.634774
0.362483 0.050207 0.054324 0.030288 0.002081 0.494480 0.006137 1.639785
0.366985 0.047204 0.053635 0.029637 0.002073 0.494301 0.006165 1.644443
0.371806 0.044229 0.052823 0.028976 0.002064 0.493910 0.006193 1.648867
0.376606 0.041388 0.051911 0.028360 0.002049 0.493465 0.006221 1.653053
0.381571 0.038705 0.050922 0.027649 0.002050 0.492857 0.006247 1.656926
0.386522 0.036118 0.049824 0.026923 0.002053 0.492289 0.006271 1.660624
0.391576 0.033769 0.048578 0.026150 0.002059 0.491572 0.006297 1.664041
0.396792 0.031543 0.047267 0.025404 0.002048 0.490628 0.006318 1.667255
0.401973 0.029460 0.045955 0.024605 0.002019 0.489643 0.006343 1.670243
0.407290 0.027484 0.044647 0.023791 0.002009 0.488408 0.006371 1.673064
0.412453 0.025627 0.043317 0.023000 0.001999 0.487206 0.006397 1.675712
0.417843 0.023968 0.041848 0.022180 0.001970 0.485772 0.006420 1.678139
0.423091 0.022474 0.040345 0.021402 0.001957 0.484289 0.006442 1.680383
0.428523 0.021005 0.038970 0.020571 0.001926 0.482537 0.006468 1.682520
0.433840 0.019648 0.037533 0.019848 0.001905 0.480736 0.006490 1.684493
0.439249 0.018400 0.036139 0.019050 0.001881 0.478767 0.006515 1.686336
0.444607 0.017201 0.034765 0.018334 0.001861 0.476694 0.006538 1.688124
0.449974 0.016150 0.033395 0.017615 0.001835 0.474468 0.006562 1.689732
0.455411 0.015152 0.032076 0.016932 0.001806 0.472033 0.006590 1.691265
0.460791 0.014219 0.030810 0.016254 0.001774 0.469535 0.006616 1.692725
0.466193 0.013381 0.029516 0.015612 0.001737 0.466920 0.006641 1.694055
0.471597 0.012609 0.028321 0.014876 0.001709 0.464224 0.006664 1.695295
0.476854 0.011846 0.027188 0.014235 0.001688 0.461505 0.006684 1.696514
0.482048 0.011193 0.026013 0.013623 0.001653 0.458764 0.006706 1.697624
0.487447 0.010579 0.024925 0.012995 0.001627 0.455703 0.006725 1.698663
0.492698 0.009971 0.023854 0.012407 0.001586 0.452735 0.006749 1.699669
0.497899 0.009428 0.022782 0.011783 0.001553 0.449784 0.006771 1.700588
0.503109 0.008958 0.021784 0.011243 0.001535 0.446581 0.006791 1.701446
0.508205 0.008503 0.020841 0.010717 0.001505 0.443416 0.006814 1.702274
0.513375 0.008054 0.019930 0.010242 0.001476 0.440089 0.006833 1.703071
0.518633 0.007610 0.019030 0.009783 0.001441 0.436650 0.006854 1.703834
0.523725 0.007211 0.018212 0.009331 0.001411 0.433234 0.006877 1.704561
0.528790 0.006884 0.017421 0.008912 0.001383 0.429712 0.006898 1.705229
0.533842 0.006482 0.016708 0.008538 0.001349 0.426163 0.006919 1.705931
0.538888 0.006167 0.015923 0.008121 0.001323 0.422638 0.006941 1.706554
0.543857 0.005879 0.015226 0.007741 0.001300 0.419039 0.006958 1.707145
0.548785 0.005587 0.014533 0.007360 0.001269 0.415487 0.006978 1.707711
0.553798 0.005299 0.013909 0.007027 0.001232 0.411737 0.006999 1.708263
0.558646 0.005065 0.013268 0.006720 0.001200 0.408084 0.007017 1.708748
0.563368 0.004859 0.012653 0.006405 0.001178 0.404508 0.007030 1.709213
0.568176 0.004645 0.012037 0.006106 0.001146 0.400847 0.007044 1.709659
0.573013 0.004414 0.011480 0.005809 0.001112 0.397111 0.007062 1.710117
0.577755 0.004228 0.010960 0.005529 0.001080 0.393371 0.007078 1.710520
0.582395 0.004020 0.010470 0.005268 0.001048 0.389701 0.007097 1.710941
0.587090 0.003841 0.010026 0.005030 0.001019 0.385883 0.007111 1.711331
0.591616 0.003710 0.009559 0.004805 0.000989 0.382194 0.007127 1.711683
0.596142 0.003567 0.009116 0.004609 0.000965 0.378462 0.007140 1.712034
0.600642 0.003440 0.008690 0.004387 0.000945 0.374742 0.007155 1.712377
0.605185 0.003294 0.008305 0.004187 0.000935 0.370928 0.007167 1.712714
0.609589 0.003183 0.007931 0.003989 0.000911 0.367213 0.007184 1.713018
0.613937 0.003029 0.007585 0.003807 0.000890 0.363557 0.007194 1.713336
0.618329 0.002931 0.007241 0.003665 0.000870 0.359757 0.007206 1.713611
0.622599 0.002812 0.006928 0.003504 0.000856 0.356086 0.007215 1.713904
0.626842 0.002711 0.006612 0.003357 0.000830 0.352421 0.007227 1.714164
0.631039 0.002618 0.006331 0.003216 0.000802 0.348758 0.007236 1.714409
0.635212 0.002514 0.006085 0.003077 0.000781 0.345082 0.007249 1.714667
0.639330 0.002411 0.005846 0.002954 0.000770 0.341434 0.007256 1.714928
0.643464 0.002301 0.005587 0.002820 0.000746 0.337815 0.007266 1.715171
0.647539 0.002207 0.005351 0.002681 0.000730 0.334219 0.007274 1.715406
0.651576 0.002119 0.005105 0.002572 0.000712 0.330636 0.007280 1.715621
0.655566 0.002040 0.004893 0.002455 0.000698 0.327058 0.007290 1.715829
0.659543 0.001953 0.004686 0.002355 0.000675 0.323488 0.007302 1.716040
0.663430 0.001891 0.004487 0.002247 0.000659 0.319977 0.007309 1.716223
0.667250 0.001832 0.004288 0.002155 0.000635 0.316519 0.007322 1.716405
0.671071 0.001774 0.004099 0.002063 0.000620 0.313045 0.007329 1.716578
0.674781 0.001707 0.003921 0.001965 0.000603 0.309685 0.007341 1.716757
0.678514 0.001647 0.003764 0.001886 0.000590 0.306252 0.007348 1.716926
0.682185 0.001606 0.003610 0.001808 0.000573 0.302864 0.007354 1.717078
0.685864 0.001546 0.003465 0.001744 0.000547 0.299473 0.007363 1.717244
0.689540 0.001491 0.003323 0.001674 0.000527 0.296074 0.007372 1.717407
0.693097 0.001427 0.003187 0.001587 0.000516 0.292809 0.007378 1.717562
0.696615 0.001383 0.003059 0.001529 0.000500 0.289528 0.007387 1.717709
0.700153 0.001344 0.002940 0.001462 0.000489 0.286219 0.007392 1.717849
0.703598 0.001307 0.002824 0.001405 0.000471 0.282998 0.007398 1.717974
0.707019 0.001266 0.002719 0.001352 0.000457 0.279784 0.007404 1.718108
0.710414 0.001232 0.002608 0.001298 0.000444 0.276595 0.007410 1.718231
0.713694 0.001203 0.002515 0.001258 0.000431 0.273482 0.007418 1.718340
0.716999 0.001176 0.002410 0.001200 0.000421 0.270369 0.007425 1.718457
0.720325 0.001140 0.002317 0.001155 0.000409 0.267223 0.007430 1.718564
0.723621 0.001105 0.002233 0.001111 0.000400 0.264095 0.007434 1.718676
0.726896 0.001075 0.002137 0.001070 0.000390 0.260995 0.007438 1.718781
0.730087 0.001046 0.002067 0.001036 0.000379 0.257942 0.007445 1.718883
0.733216 0.001030 0.001985 0.000999 0.000364 0.254953 0.007453 1.718972
0.736336 0.001004 0.001910 0.000966 0.000353 0.251973 0.007459 1.719070
0.739400 0.000960 0.001842 0.000922 0.000340 0.249070 0.007467 1.719169
0.742414 0.000946 0.001760 0.000890 0.000332 0.246188 0.007470 1.719250
0.745439 0.000916 0.001674 0.000863 0.000321 0.243312 0.007476 1.719338
0.748374 0.000880 0.001610 0.000844 0.000313 0.240501 0.007478 1.719425
0.751244 0.000843 0.001551 0.000822 0.000303 0.237756 0.007482 1.719515
0.754130 0.000821 0.001488 0.000793 0.000293 0.234989 0.007487 1.719593
0.756993 0.000805 0.001438 0.000771 0.000286 0.232217 0.007490 1.719671
0.759828 0.000774 0.001388 0.000749 0.000279 0.229489 0.007494 1.719761
0.762611 0.000743 0.001337 0.000722 0.000271 0.226817 0.007499 1.719845
0.765452 0.000716 0.001302 0.000681 0.000258 0.224089 0.007505 1.719922
0.768279 0.000707 0.001257 0.000649 0.000246 0.221353 0.007510 1.719990
0.771004 0.000688 0.001209 0.000626 0.000236 0.218722 0.007516 1.720060
0.773698 0.000677 0.001173 0.000603 0.000229 0.216102 0.007519 1.720126
0.776323 0.000652 0.001143 0.000583 0.000225 0.213554 0.007521 1.720196
0.778953 0.000641 0.001110 0.000569 0.000217 0.210983 0.007527 1.720252
0.781552 0.000634 0.001070 0.000546 0.000213 0.208458 0.007527 1.720303
0.784134 0.000606 0.001046 0.000535 0.000208 0.205941 0.007531 1.720377
0.786632 0.000594 0.001000 0.000513 0.000198 0.203529 0.007533 1.720437
0.789076 0.000588 0.000963 0.000490 0.000193 0.201152 0.007537 1.720488
0.791500 0.000567 0.000933 0.000477 0.000187 0.198797 0.007538 1.720556
0.793967 0.000559 0.000908 0.000458 0.000181 0.196384 0.007543 1.720609
0.796383 0.000547 0.000887 0.000439 0.000175 0.194023 0.007546 1.720661
0.798773 0.000547 0.000849 0.000426 0.000167 0.191689 0.007550 1.720709
0.801111 0.000530 0.000815 0.000425 0.000159 0.189409 0.007552 1.720763
0.803390 0.000521 0.000795 0.000416 0.000153 0.187171 0.007553 1.720816
0.805603 0.000509 0.000770 0.000404 0.000150 0.185009 0.007554 1.720864
0.807918 0.000500 0.000752 0.000389 0.000147 0.182737 0.007557 1.720914
0.810137 0.000476 0.000727 0.000379 0.000144 0.180579 0.007558 1.720972
0.812354 0.000456 0.000706 0.000374 0.000139 0.178411 0.007559 1.721023
0.814566 0.000448 0.000676 0.000364 0.000134 0.176250 0.007562 1.721065
0.816738 0.000443 0.000660 0.000356 0.000128 0.174111 0.007564 1.721105
0.818868 0.000440 0.000645 0.000344 0.000125 0.172012 0.007566 1.721147
0.821037 0.000428 0.000628 0.000335 0.000119 0.169883 0.007569 1.721187
0.823120 0.000417 0.000613 0.000323 0.000115 0.167841 0.007572 1.721230
0.825156 0.000408 0.000604 0.000310 0.000111 0.165838 0.007574 1.721272
0.827179 0.000400 0.000593 0.000302 0.000107 0.163844 0.007576 1.721310
0.829167 0.000395 0.000572 0.000292 0.000104 0.161892 0.007578 1.721345
0.831203 0.000386 0.000560 0.000287 0.000098 0.159886 0.007582 1.721380
0.833118 0.000378 0.000545 0.000276 0.000096 0.158004 0.007583 1.721417
0.835041 0.000365 0.000537 0.000264 0.000092 0.156115 0.007586 1.721460
0.836908 0.000361 0.000515 0.000262 0.000089 0.154278 0.007587 1.721495
0.838843 0.000360 0.000493 0.000255 0.000086 0.152376 0.007588 1.721529
0.840715 0.000344 0.000479 0.000252 0.000082 0.150538 0.007590 1.721568
0.842601 0.000331 0.000467 0.000244 0.000079 0.148686 0.007592 1.721601
0.844437 0.000312 0.000461 0.000242 0.000075 0.146879 0.007595 1.721642
0.846257 0.000313 0.000451 0.000231 0.000072 0.145081 0.007597 1.721668
0.848043 0.000297 0.000447 0.000222 0.000070 0.143324 0.007597 1.721703
0.849745 0.000287 0.000434 0.000220 0.000067 0.141648 0.007600 1.721733
0.851469 0.000287 0.000416 0.000210 0.000065 0.139953 0.007600 1.721758
0.853157 0.000282 0.000403 0.000203 0.000062 0.138293 0.007602 1.721784
0.854823 0.000275 0.000400 0.000200 0.000062 0.136639 0.007602 1.721808
0.856418 0.000269 0.000394 0.000194 0.000059 0.135064 0.007602 1.721840
0.858036 0.000261 0.000373 0.000193 0.000058 0.133476 0.007604 1.721867
0.859585 0.000252 0.000362 0.000188 0.000057 0.131953 0.007604 1.721894
0.861084 0.000248 0.000347 0.000179 0.000055 0.130483 0.007605 1.721916
0.862515 0.000242 0.000341 0.000169 0.000053 0.129073 0.007606 1.721942
0.863955 0.000229 0.000337 0.000164 0.000052 0.127655 0.007607 1.721969
0.865392 0.000223 0.000324 0.000157 0.000051 0.126245 0.007607 1.721989
0.866765 0.000221 0.000315 0.000156 0.000050 0.124886 0.007607 1.722009
0.868105 0.000215 0.000312 0.000154 0.000048 0.123558 0.007609 1.722036
0.869475 0.000205 0.000303 0.000150 0.000046 0.122211 0.007610 1.722060
0.870806 0.000198 0.000287 0.000149 0.000042 0.120905 0.007612 1.722080
0.872099 0.000196 0.000281 0.000144 0.000042 0.119627 0.007612 1.722099
0.873325 0.000188 0.000279 0.000142 0.000039 0.118414 0.007613 1.722123
0.874573 0.000187 0.000273 0.000139 0.000038 0.117177 0.007614 1.722141
0.875811 0.000188 0.000267 0.000138 0.000038 0.115944 0.007614 1.722158
0.877008 0.000182 0.000262 0.000134 0.000039 0.114761 0.007614 1.722176
0.878194 0.000181 0.000252 0.000132 0.000038 0.113589 0.007615 1.722192
0.879350 0.000180 0.000245 0.000131 0.000035 0.112444 0.007616 1.722209
0.880498 0.000175 0.000238 0.000126 0.000034 0.111311 0.007617 1.722224
0.881596 0.000183 0.000227 0.000120 0.000033 0.110224 0.007617 1.722235
0.882697 0.000177 0.000225 0.000115 0.000032 0.109136 0.007619 1.722254
0.883721 0.000180 0.000222 0.000115 0.000031 0.108112 0.007620 1.722270
0.884682 0.000187 0.000215 0.000112 0.000029 0.107155 0.007621 1.722281
0.885653 0.000182 0.000215 0.000111 0.000027 0.106190 0.007622 1.722299
0.886590 0.000173 0.000208 0.000114 0.000027 0.105265 0.007622 1.722320
0.887549 0.000172 0.000203 0.000108 0.000027 0.104319 0.007622 1.722332
0.888479 0.000176 0.000199 0.000110 0.000025 0.103388 0.007624 1.722347
0.889403 0.000170 0.000193 0.000108 0.000025 0.102477 0.007624 1.722362
0.890262 0.000168 0.000184 0.000108 0.000026 0.101629 0.007624 1.722378
0.891116 0.000167 0.000183 0.000104 0.000026 0.100779 0.007624 1.722394
0.891951 0.000164 0.000179 0.000101 0.000024 0.099956 0.007625 1.722407
0.892793 0.000163 0.000177 0.000099 0.000024 0.099119 0.007625 1.722420
0.893629 0.000159 0.000174 0.000098 0.000024 0.098291 0.007625 1.722436
0.894426 0.000159 0.000170 0.000098 0.000024 0.097497 0.007625 1.722449
0.895253 0.000156 0.000168 0.000095 0.000024 0.096678 0.007625 1.722462
0.896011 0.000150 0.000166 0.000089 0.000024 0.095933 0.007625 1.722480
0.896741 0.000146 0.000162 0.000084 0.000023 0.095218 0.007625 1.722492
0.897461 0.000144 0.000158 0.000082 0.000022 0.094507 0.007625 1.722503
0.898162 0.000145 0.000158 0.000080 0.000021 0.093809 0.007625 1.722514
0.898846 0.000139 0.000155 0.000081 0.000020 0.093133 0.007625 1.722530
0.899528 0.000136 0.000148 0.000081 0.000020 0.092461 0.007626 1.722545
0.900224 0.000132 0.000146 0.000077 0.000020 0.091774 0.007626 1.722558
0.900902 0.000131 0.000146 0.000072 0.000020 0.091101 0.007626 1.722569
0.901551 0.000123 0.000146 0.000074 0.000019 0.090460 0.007626 1.722586
0.902195 0.000115 0.000150 0.000076 0.000018 0.089819 0.007627 1.722602
0.902826 0.000116 0.000142 0.000075 0.000018 0.089196 0.007627 1.722610
0.903421 0.000114 0.000136 0.000076 0.000018 0.088608 0.007627 1.722621
0.903994 0.000109 0.000129 0.000069 0.000016 0.088055 0.007627 1.722630
0.904578 0.000108 0.000125 0.000067 0.000016 0.087479 0.007627 1.722640
0.905135 0.000109 0.000122 0.000063 0.000017 0.086927 0.007627 1.722648
0.905639 0.000108 0.000122 0.000063 0.000016 0.086423 0.007627 1.722662
0.906192 0.000103 0.000121 0.000060 0.000015 0.085881 0.007628 1.722672
0.906724 0.000095 0.000123 0.000063 0.000015 0.085352 0.007628 1.722686
0.907278 0.000097 0.000122 0.000063 0.000014 0.084797 0.007628 1.722694
0.907727 0.000093 0.000124 0.000063 0.000014 0.084350 0.007629 1.722705
0.908207 0.000090 0.000123 0.000063 0.000013 0.083873 0.007629 1.722716
0.908687 0.000089 0.000124 0.000057 0.000013 0.083399 0.007630 1.722725
0.909123 0.000090 0.000118 0.000056 0.000013 0.082970 0.007630 1.722731
0.909568 0.000089 0.000115 0.000054 0.000013 0.082530 0.007630 1.722737
0.910002 0.000088 0.000112 0.000050 0.000013 0.082104 0.007630 1.722745
0.910424 0.000085 0.000108 0.000050 0.000013 0.081690 0.007630 1.722753
0.910829 0.000082 0.000107 0.000050 0.000013 0.081288 0.007630 1.722763
0.911222 0.000084 0.000104 0.000048 0.000011 0.080900 0.007630 1.722767
0.911594 0.000081 0.000105 0.000046 0.000010 0.080533 0.007630 1.722779
0.911970 0.000077 0.000106 0.000048 0.000010 0.080158 0.007631 1.722790
0.912325 0.000075 0.000106 0.000048 0.000010 0.079804 0.007631 1.722800
0.912662 0.000075 0.000104 0.000045 0.000009 0.079474 0.007631 1.722807
0.913030 0.000074 0.000097 0.000047 0.000008 0.079112 0.007631 1.722813
0.913372 0.000073 0.000098 0.000047 0.000009 0.078770 0.007631 1.722822
0.913735 0.000067 0.000095 0.000047 0.000009 0.078416 0.007631 1.722830
0.914061 0.000063 0.000092 0.000051 0.000009 0.078093 0.007632 1.722838
0.914384 0.000064 0.000086 0.000050 0.000009 0.077776 0.007632 1.722842
0.914705 0.000062 0.000086 0.000047 0.000008 0.077460 0.007632 1.722848
0.915014 0.000061 0.000084 0.000045 0.000008 0.077155 0.007632 1.722853
0.915286 0.000062 0.000083 0.000044 0.000007 0.076886 0.007632 1.722859
0.915564 0.000060 0.000079 0.000044 0.000007 0.076614 0.007632 1.722867
0.915825 0.000055 0.000080 0.000042 0.000006 0.076360 0.007632 1.722875
0.916076 0.000051 0.000078 0.000041 0.000006 0.076116 0.007633 1.722880
0.916334 0.000048 0.000079 0.000040 0.000006 0.075859 0.007633 1.722886
0.916582 0.000044 0.000077 0.000039 0.000006 0.075619 0.007633 1.722893
0.916827 0.000044 0.000074 0.000037 0.000005 0.075380 0.007633 1.722896
0.917049 0.000048 0.000069 0.000034 0.000005 0.075162 0.007633 1.722898
0.917267 0.000050 0.000068 0.000033 0.000005 0.074944 0.007633 1.722901
0.917484 0.000053 0.000065 0.000033 0.000005 0.074728 0.007633 1.722906
0.917688 0.000050 0.000068 0.000034 0.000005 0.074524 0.007633 1.722914
0.917865 0.000049 0.000065 0.000034 0.000004 0.074350 0.007633 1.722919
0.918059 0.000048 0.000062 0.000037 0.000004 0.074157 0.007633 1.722925
0.918235 0.000046 0.000062 0.000038 0.000004 0.073983 0.007633 1.722930
0.918433 0.000045 0.000061 0.000036 0.000004 0.073789 0.007633 1.722936
0.918620 0.000046 0.000061 0.000033 0.000004 0.073603 0.007633 1.722941
0.918778 0.000046 0.000059 0.000034 0.000004 0.073447 0.007633 1.722945
0.918944 0.000045 0.000056 0.000032 0.000003 0.073286 0.007633 1.722949
0.919116 0.000045 0.000051 0.000032 0.000003 0.073120 0.007633 1.722953
0.919267 0.000042 0.000052 0.000033 0.000003 0.072970 0.007633 1.722959
0.919424 0.000037 0.000054 0.000033 0.000003 0.072816 0.007633 1.722966
0.919569 0.000043 0.000052 0.000030 0.000003 0.072670 0.007633 1.722967
0.919719 0.000040 0.000052 0.000029 0.000003 0.072524 0.007633 1.722971
0.919847 0.000035 0.000051 0.000030 0.000004 0.072400 0.007633 1.722979
0.919990 0.000034 0.000051 0.000028 0.000004 0.072261 0.007633 1.722981
0.920117 0.000032 0.000051 0.000027 0.000003 0.072136 0.007634 1.722986
0.920242 0.000033 0.000050 0.000026 0.000003 0.072013 0.007634 1.722989
0.920358 0.000033 0.000049 0.000027 0.000003 0.071897 0.007634 1.722992
0.920467 0.000031 0.000047 0.000026 0.000003 0.071793 0.007634 1.722996
0.920578 0.000032 0.000044 0.000024 0.000003 0.071685 0.007634 1.722998
0.920681 0.000030 0.000044 0.000022 0.000003 0.071588 0.007634 1.723002
0.920783 0.000030 0.000042 0.000021 0.000003 0.071488 0.007634 1.723004
0.920889 0.000031 0.000038 0.000022 0.000003 0.071383 0.007634 1.723006
0.920996 0.000031 0.000036 0.000022 0.000003 0.071278 0.007634 1.723008
0.921083 0.000030 0.000037 0.000021 0.000003 0.071192 0.007634 1.723012
0.921179 0.000030 0.000037 0.000022 0.000003 0.071095 0.007634 1.723015
0.921273 0.000030 0.000036 0.000023 0.000003 0.071002 0.007634 1.723018
0.921361 0.000028 0.000035 0.000022 0.000002 0.070917 0.007635 1.723022
0.921444 0.000028 0.000035 0.000022 0.000002 0.070834 0.007635 1.723026
0.921525 0.000029 0.000034 0.000022 0.000002 0.070755 0.007635 1.723028
0.921627 0.000026 0.000034 0.000022 0.000002 0.070654 0.007635 1.723032
0.921705 0.000025 0.000034 0.000021 0.000002 0.070579 0.007635 1.723035
0.921777 0.000026 0.000034 0.000022 0.000002 0.070505 0.007635 1.723037
0.921851 0.000022 0.000036 0.000021 0.000002 0.070434 0.007635 1.723041
0.921925 0.000022 0.000033 0.000021 0.000002 0.070363 0.007635 1.723041
0.921998 0.000019 0.000032 0.000020 0.000002 0.070293 0.007635 1.723044
0.922062 0.000019 0.000032 0.000019 0.000002 0.070230 0.007635 1.723046
0.922135 0.000021 0.000031 0.000019 0.000002 0.070158 0.007635 1.723046
0.922214 0.000021 0.000030 0.000018 0.000002 0.070081 0.007635 1.723048
0.922273 0.000023 0.000028 0.000018 0.000002 0.070023 0.007635 1.723048
0.922333 0.000022 0.000028 0.000018 0.000002 0.069963 0.007635 1.723051
0.922402 0.000021 0.000027 0.000019 0.000002 0.069894 0.007636 1.723054
0.922467 0.000021 0.000027 0.000017 0.000002 0.069831 0.007636 1.723057
0.922510 0.000022 0.000027 0.000016 0.000001 0.069789 0.007636 1.723057
0.922569 0.000021 0.000027 0.000014 0.000001 0.069733 0.007636 1.723059
0.922617 0.000022 0.000024 0.000013 0.000001 0.069687 0.007636 1.723060
0.922661 0.000022 0.000025 0.000013 0.000001 0.069643 0.007636 1.723063
0.922713 0.000021 0.000024 0.000014 0.000001 0.069592 0.007636 1.723066
0.922764 0.000021 0.000024 0.000014 0.000001 0.069541 0.007636 1.723066
0.922805 0.000019 0.000023 0.000013 0.000001 0.069503 0.007636 1.723068
0.922858 0.000019 0.000023 0.000012 0.000001 0.069453 0.007636 1.723070
0.922892 0.000019 0.000022 0.000010 0.000001 0.069420 0.007636 1.723071
0.922929 0.000020 0.000022 0.000010 0.000001 0.069383 0.007636 1.723073
0.922967 0.000019 0.000024 0.000010 0.000001 0.069344 0.007636 1.723076
0.923000 0.000019 0.000025 0.000010 0.000001 0.069311 0.007636 1.723078
0.923041 0.000017 0.000024 0.000010 0.000001 0.069271 0.007636 1.723080
0.923073 0.000018 0.000024 0.000009 0.000001 0.069238 0.007636 1.723081
0.923107 0.000017 0.000024 0.000008 0.000001 0.069208 0.007636 1.723082
0.923137 0.000016 0.000023 0.000008 0.000001 0.069179 0.007636 1.723084
0.923167 0.000015 0.000023 0.000009 0.000001 0.069150 0.007636 1.723085
0.923199 0.000017 0.000022 0.000008 0.000001 0.069118 0.007636 1.723086
0.923223 0.000015 0.000022 0.000008 0.000001 0.069095 0.007636 1.723089
0.923256 0.000014 0.000023 0.000008 0.000001 0.069064 0.007636 1.723091
0.923279 0.000013 0.000025 0.000007 0.000001 0.069040 0.007636 1.723093
0.923302 0.000013 0.000022 0.000006 0.000001 0.069020 0.007636 1.723093
0.923325 0.000014 0.000022 0.000006 0.000001 0.068997 0.007636 1.723094
0.923349 0.000012 0.000023 0.000005 0.000001 0.068975 0.007636 1.723096
0.923372 0.000013 0.000022 0.000006 0.000001 0.068951 0.007636 1.723098
0.923388 0.000013 0.000022 0.000006 0.000001 0.068935 0.007636 1.723099
0.923405 0.000014 0.000020 0.000006 0.000001 0.068919 0.007636 1.723100
0.923424 0.000016 0.000018 0.000005 0.000001 0.068901 0.007636 1.723100
0.923447 0.000015 0.000018 0.000005 0.000000 0.068879 0.007637 1.723101
0.923467 0.000013 0.000019 0.000006 0.000000 0.068859 0.007637 1.723104
0.923482 0.000012 0.000019 0.000006 0.000000 0.068844 0.007637 1.723105
0.923496 0.000013 0.000019 0.000006 0.000000 0.068829 0.007637 1.723106
0.923517 0.000012 0.000020 0.000006 0.000000 0.068809 0.007637 1.723107
0.923529 0.000012 0.000021 0.000006 0.000000 0.068795 0.007637 1.723110
0.923544 0.000012 0.000021 0.000006 0.000000 0.068781 0.007637 1.723110
0.923557 0.000011 0.000022 0.000006 0.000000 0.068768 0.007637 1.723112
0.923568 0.000012 0.000019 0.000007 0.000000 0.068757 0.007637 1.723113
0.923584 0.000012 0.000020 0.000007 0.000000 0.068741 0.007637 1.723115
0.923592 0.000013 0.000020 0.000007 0.000000 0.068732 0.007637 1.723115
0.923604 0.000013 0.000019 0.000006 0.000000 0.068721 0.007637 1.723117
0.923615 0.000012 0.000019 0.000006 0.000000 0.068711 0.007637 1.723119
0.923626 0.000013 0.000019 0.000005 0.000000 0.068701 0.007637 1.723120
0.923637 0.000015 0.000018 0.000004 0.000000 0.068690 0.007637 1.723120
0.923649 0.000015 0.000018 0.000004 0.000000 0.068678 0.007637 1.723122
0.923663 0.000015 0.000016 0.000004 0.000000 0.068666 0.007637 1.723123
0.923671 0.000016 0.000016 0.000005 0.000000 0.068656 0.007637 1.723124
0.923678 0.000015 0.000013 0.000006 0.000000 0.068652 0.007637 1.723125
0.923687 0.000016 0.000013 0.000006 0.000000 0.068642 0.007637 1.723126
0.923698 0.000015 0.000012 0.000006 0.000000 0.068633 0.007637 1.723128
0.923708 0.000015 0.000011 0.000006 0.000000 0.068624 0.007637 1.723130
0.923716 0.000014 0.000011 0.000006 0.000000 0.068616 0.007637 1.723131
0.923723 0.000013 0.000012 0.000006 0.000000 0.068610 0.007637 1.723134
0.923732 0.000013 0.000012 0.000005 0.000001 0.068601 0.007637 1.723135
0.923738 0.000015 0.000013 0.000005 0.000001 0.068593 0.007637 1.723135
0.923748 0.000014 0.000012 0.000005 0.000001 0.068585 0.007637 1.723136
0.923753 0.000013 0.000011 0.000004 0.000000 0.068582 0.007637 1.723137
0.923763 0.000013 0.000009 0.000004 0.000000 0.068573 0.007637 1.723137
0.923768 0.000012 0.000010 0.000003 0.000001 0.068568 0.007637 1.723138
0.923774 0.000013 0.000009 0.000003 0.000001 0.068563 0.007637 1.723139
0.923780 0.000013 0.000008 0.000003 0.000000 0.068558 0.007638 1.723140
0.923787 0.000013 0.000008 0.000003 0.000000 0.068551 0.007638 1.723140
0.923794 0.000012 0.000008 0.000003 0.000000 0.068546 0.007638 1.723142
0.923800 0.000011 0.000006 0.000003 0.000000 0.068542 0.007638 1.723143
0.923806 0.000012 0.000006 0.000003 0.000000 0.068534 0.007638 1.723143
0.923814 0.000011 0.000006 0.000005 0.000000 0.068527 0.007638 1.723145
0.923821 0.000009 0.000008 0.000004 0.000000 0.068520 0.007638 1.723147
0.923826 0.000010 0.000008 0.000003 0.000000 0.068516 0.007638 1.723147
0.923829 0.000010 0.000006 0.000003 0.000000 0.068514 0.007638 1.723148
0.923835 0.000009 0.000006 0.000003 0.000000 0.068509 0.007638 1.723148
0.923838 0.000009 0.000008 0.000003 0.000000 0.068504 0.007638 1.723150
0.923844 0.000009 0.000007 0.000004 0.000000 0.068499 0.007638 1.723151
0.923846 0.000011 0.000007 0.000004 0.000000 0.068495 0.007638 1.723151
0.923850 0.000010 0.000008 0.000004 0.000000 0.068490 0.007638 1.723152
0.923854 0.000008 0.000010 0.000006 0.000000 0.068485 0.007638 1.723156
0.923857 0.000009 0.000009 0.000006 0.000000 0.068482 0.007638 1.723156
0.923860 0.000011 0.000008 0.000005 0.000000 0.068479 0.007638 1.723156
0.923864 0.000010 0.000009 0.000005 0.000000 0.068474 0.007638 1.723157
0.923869 0.000010 0.000010 0.000006 0.000000 0.068467 0.007638 1.723158
0.923873 0.000011 0.000010 0.000006 0.000000 0.068462 0.007638 1.723159
0.923880 0.000012 0.000010 0.000005 0.000000 0.068456 0.007638 1.723159
0.923884 0.000011 0.000010 0.000005 0.000000 0.068452 0.007638 1.723160
0.923886 0.000013 0.000010 0.000005 0.000000 0.068449 0.007638 1.723160
0.923889 0.000012 0.000011 0.000006 0.000000 0.068445 0.007638 1.723162
0.923893 0.000010 0.000012 0.000006 0.000000 0.068441 0.007638 1.723163
0.923898 0.000010 0.000012 0.000007 0.000000 0.068436 0.007638 1.723164
0.923901 0.000010 0.000010 0.000007 0.000000 0.068435 0.007638 1.723166
0.923903 0.000010 0.000009 0.000007 0.000000 0.068433 0.007638 1.723166
0.923906 0.000011 0.000011 0.000006 0.000000 0.068429 0.007638 1.723167
0.923911 0.000010 0.000010 0.000007 0.000000 0.068424 0.007638 1.723168
0.923914 0.000009 0.000012 0.000008 0.000000 0.068421 0.007638 1.723171
0.923915 0.000009 0.000011 0.000008 0.000000 0.068419 0.007638 1.723172
0.923921 0.000006 0.000014 0.000006 0.000000 0.068416 0.007638 1.723176
0.923923 0.000005 0.000015 0.000006 0.000000 0.068414 0.007638 1.723177
0.923927 0.000005 0.000013 0.000005 0.000000 0.068412 0.007638 1.723178
0.923928 0.000006 0.000012 0.000005 0.000000 0.068412 0.007638 1.723178
0.923931 0.000005 0.000013 0.000005 0.000000 0.068409 0.007638 1.723180
0.923933 0.000006 0.000013 0.000005 0.000000 0.068406 0.007638 1.723181
0.923937 0.000005 0.000012 0.000005 0.000000 0.068405 0.007638 1.723182
0.923941 0.000005 0.000012 0.000005 0.000000 0.068401 0.007638 1.723183
0.923944 0.000003 0.000011 0.000006 0.000000 0.068400 0.007638 1.723184
0.923946 0.000006 0.000011 0.000005 0.000000 0.068395 0.007638 1.723184
0.923946 0.000007 0.000009 0.000005 0.000000 0.068395 0.007638 1.723184
0.923946 0.000009 0.000008 0.000005 0.000000 0.068394 0.007638 1.723185
0.923951 0.000007 0.000008 0.000004 0.000000 0.068391 0.007638 1.723187
0.923953 0.000008 0.000008 0.000004 0.000000 0.068389 0.007638 1.723187
0.923958 0.000007 0.000006 0.000005 0.000000 0.068386 0.007638 1.723188
0.923962 0.000008 0.000006 0.000005 0.000000 0.068383 0.007638 1.723189
0.923964 0.000008 0.000006 0.000004 0.000000 0.068381 0.007638 1.723189
0.923967 0.000008 0.000005 0.000004 0.000000 0.068378 0.007638 1.723189
0.923970 0.000008 0.000005 0.000004 0.000000 0.068374 0.007638 1.723190
0.923973 0.000008 0.000005 0.000003 0.000000 0.068372 0.007638 1.723190
0.923979 0.000008 0.000005 0.000004 0.000000 0.068366 0.007638 1.723191
0.923981 0.000006 0.000007 0.000005 0.000000 0.068363 0.007638 1.723193
0.923982 0.000008 0.000007 0.000003 0.000000 0.068362 0.007638 1.723194
0.923984 0.000008 0.000006 0.000004 0.000000 0.068360 0.007638 1.723194
0.923985 0.000008 0.000006 0.000004 0.000000 0.068359 0.007638 1.723195
0.923986 0.000009 0.000005 0.000005 0.000000 0.068358 0.007638 1.723196
0.923988 0.000008 0.000005 0.000005 0.000000 0.068356 0.007638 1.723196
0.923988 0.000008 0.000004 0.000006 0.000000 0.068356 0.007638 1.723197
0.923989 0.000008 0.000005 0.000006 0.000000 0.068355 0.007638 1.723198
0.923988 0.000008 0.000006 0.000006 0.000000 0.068354 0.007638 1.723199
0.923990 0.000008 0.000007 0.000005 0.000000 0.068352 0.007638 1.723200
0.923992 0.000007 0.000007 0.000005 0.000000 0.068351 0.007638 1.723201
0.923994 0.000007 0.000006 0.000005 0.000000 0.068350 0.007638 1.723202
0.923997 0.000007 0.000008 0.000005 0.000000 0.068347 0.007638 1.723203
0.923996 0.000007 0.000008 0.000005 0.000000 0.068346 0.007638 1.723203
0.923997 0.000007 0.000008 0.000004 0.000000 0.068346 0.007638 1.723204
0.923997 0.000007 0.000007 0.000004 0.000000 0.068347 0.007638 1.723205
0.923997 0.000006 0.000008 0.000003 0.000000 0.068348 0.007638 1.723206
0.923998 0.000006 0.000008 0.000003 0.000000 0.068346 0.007638 1.723207
0.923999 0.000004 0.000008 0.000003 0.000000 0.068347 0.007638 1.723209
0.923999 0.000006 0.000008 0.000003 0.000000 0.068346 0.007638 1.723209
0.924000 0.000006 0.000007 0.000003 0.000000 0.068346 0.007638 1.723209
0.924001 0.000006 0.000007 0.000003 0.000000 0.068346 0.007638 1.723209
0.924005 0.000006 0.000007 0.000002 0.000000 0.068343 0.007638 1.723209
0.924006 0.000004 0.000007 0.000003 0.000000 0.068342 0.007638 1.723211
0.924006 0.000005 0.000007 0.000003 0.000000 0.068341 0.007638 1.723212
0.924006 0.000005 0.000006 0.000003 0.000000 0.068342 0.007638 1.723212
0.924006 0.000005 0.000006 0.000003 0.000000 0.068342 0.007638 1.723212
0.924007 0.000005 0.000005 0.000003 0.000000 0.068342 0.007638 1.723213
0.924006 0.000005 0.000005 0.000004 0.000000 0.068342 0.007638 1.723214
0.924007 0.000004 0.000006 0.000005 0.000000 0.068341 0.007638 1.723215
0.924008 0.000003 0.000005 0.000005 0.000000 0.068341 0.007638 1.723216
0.924010 0.000003 0.000005 0.000005 0.000000 0.068339 0.007638 1.723217
0.924011 0.000003 0.000005 0.000006 0.000000 0.068338 0.007638 1.723217
0.924011 0.000003 0.000005 0.000005 0.000000 0.068338 0.007638 1.723217
0.924012 0.000003 0.000005 0.000006 0.000000 0.068337 0.007638 1.723218
0.924013 0.000003 0.000005 0.000006 0.000000 0.068335 0.007638 1.723218
0.924013 0.000004 0.000004 0.000005 0.000000 0.068336 0.007638 1.723218
0.924014 0.000003 0.000005 0.000004 0.000000 0.068336 0.007638 1.723219
0.924014 0.000004 0.000005 0.000003 0.000000 0.068336 0.007638 1.723219
0.924014 0.000005 0.000003 0.000003 0.000000 0.068336 0.007638 1.723219
0.924014 0.000005 0.000003 0.000003 0.000000 0.068337 0.007638 1.723219
0.924016 0.000003 0.000003 0.000003 0.000000 0.068336 0.007638 1.723220
0.924017 0.000003 0.000003 0.000003 0.000000 0.068336 0.007638 1.723221
0.924017 0.000003 0.000004 0.000003 0.000000 0.068336 0.007638 1.723221
0.924017 0.000003 0.000003 0.000003 0.000000 0.068336 0.007638 1.723221
0.924017 0.000003 0.000003 0.000002 0.000000 0.068337 0.007638 1.723221
0.924019 0.000003 0.000003 0.000000 0.000000 0.068336 0.007638 1.723221
0.924022 0.000003 0.000003 0.000000 0.000000 0.068334 0.007638 1.723221
0.924023 0.000003 0.000003 0.000000 0.000000 0.068333 0.007638 1.723221
0.924024 0.000003 0.000002 0.000000 0.000000 0.068332 0.007638 1.723222
0.924026 0.000003 0.000002 0.000000 0.000000 0.068330 0.007638 1.723222
0.924025 0.000003 0.000002 0.000001 0.000000 0.068330 0.007638 1.723223
0.924027 0.000003 0.000002 0.000001 0.000000 0.068328 0.007638 1.723223
0.924028 0.000003 0.000002 0.000002 0.000000 0.068328 0.007638 1.723223
0.924028 0.000003 0.000001 0.000002 0.000000 0.068328 0.007638 1.723223
0.924029 0.000003 0.000001 0.000002 0.000000 0.068327 0.007638 1.723223
0.924030 0.000003 0.000001 0.000001 0.000000 0.068327 0.007638 1.723223
0.924032 0.000002 0.000003 0.000001 0.000000 0.068325 0.007638 1.723224
0.924032 0.000003 0.000003 0.000001 0.000000 0.068324 0.007638 1.723224
0.924034 0.000002 0.000002 0.000001 0.000000 0.068323 0.007638 1.723225
0.924036 0.000002 0.000002 0.000001 0.000000 0.068321 0.007638 1.723225
0.924036 0.000002 0.000001 0.000000 0.000000 0.068322 0.007638 1.723225
0.924036 0.000001 0.000003 0.000000 0.000000 0.068322 0.007638 1.723226
0.924037 0.000001 0.000003 0.000000 0.000000 0.068321 0.007638 1.723226
0.924037 0.000001 0.000002 0.000000 0.000000 0.068322 0.007638 1.723226
0.924038 0.000000 0.000003 0.000000 0.000000 0.068321 0.007638 1.723227
0.924038 0.000000 0.000003 0.000000 0.000000 0.068320 0.007638 1.723227
0.924040 0.000000 0.000002 0.000000 0.000000 0.068320 0.007638 1.723227
0.924040 0.000000 0.000002 0.000000 0.000000 0.068319 0.007638 1.723227
0.924041 0.000000 0.000002 0.000000 0.000000 0.068319 0.007638 1.723227
0.924041 0.000000 0.000002 0.000000 0.000000 0.068318 0.007638 1.723227
0.924042 0.000000 0.000002 0.000000 0.000000 0.068318 0.007638 1.723227
0.924043 0.000000 0.000002 0.000000 0.000000 0.068317 0.007638 1.723227
0.924043 0.000000 0.000002 0.000000 0.000000 0.068317 0.007638 1.723227
0.924042 0.000001 0.000002 0.000000 0.000000 0.068317 0.007638 1.723227
0.924043 0.000000 0.000002 0.000000 0.000000 0.068317 0.007638 1.723227
0.924043 0.000000 0.000002 0.000000 0.000000 0.068316 0.007638 1.723227
0.924043 0.000000 0.000002 0.000000 0.000000 0.068317 0.007638 1.723228
0.924043 0.000000 0.000002 0.000000 0.000000 0.068316 0.007638 1.723228
0.924044 0.000000 0.000001 0.000000 0.000000 0.068316 0.007638 1.723228
0.924045 0.000000 0.000001 0.000000 0.000000 0.068315 0.007638 1.723228
0.924045 0.000000 0.000001 0.000000 0.000000 0.068316 0.007638 1.723228
0.924046 0.000000 0.000001 0.000000 0.000000 0.068315 0.007638 1.723228
0.924046 0.000000 0.000001 0.000000 0.000000 0.068314 0.007638 1.723228
0.924047 0.000000 0.000001 0.000000 0.000000 0.068313 0.007638 1.723228
0.924049 0.000000 0.000001 0.000000 0.000000 0.068312 0.007638 1.723228
0.924050 0.000000 0.000001 0.000000 0.000000 0.068311 0.007638 1.723228
0.924050 0.000000 0.000001 0.000000 0.000000 0.068310 0.007638 1.723228
0.924051 0.000000 0.000001 0.000000 0.000000 0.068310 0.007638 1.723228
0.924051 0.000000 0.000001 0.000000 0.000000 0.068309 0.007638 1.723228
0.924052 0.000000 0.000001 0.000000 0.000000 0.068309 0.007638 1.723228
0.924052 0.000000 0.000001 0.000000 0.000000 0.068308 0.007638 1.723228
0.924053 0.000000 0.000001 0.000000 0.000000 0.068308 0.007638 1.723228
0.924053 0.000000 0.000001 0.000000 0.000000 0.068307 0.007638 1.723228
0.924055 0.000000 0.000000 0.000000 0.000000 0.068306 0.007638 1.723228
0.924055 0.000000 0.000000 0.000000 0.000000 0.068306 0.007638 1.723228
0.924056 0.000000 0.000000 0.000000 0.000000 0.068305 0.007638 1.723228
0.924056 0.000000 0.000000 0.000000 0.000000 0.068305 0.007638 1.723228
0.924058 0.000000 0.000000 0.000000 0.000000 0.068303 0.007638 1.723228
0.924058 0.000000 0.000000 0.000000 0.000000 0.068303 0.007638 1.723228
0.924059 0.000000 0.000000 0.000000 0.000000 0.068302 0.007638 1.723228
0.924059 0.000000 0.000000 0.000000 0.000000 0.068302 0.007638 1.723228
0.924060 0.000000 0.000000 0.000000 0.000000 0.068301 0.007638 1.723228
0.924061 0.000000 0.000000 0.000000 0.000000 0.068300 0.007638 1.723228
0.924061 0.000000 0.000000 0.000000 0.000000 0.068300 0.007638 1.723228
0.924061 0.000000 0.000000 0.000000 0.000000 0.068300 0.007638 1.723228
0.924062 0.000000 0.000000 0.000000 0.000000 0.068300 0.007638 1.723228
0.924063 0.000000 0.000000 0.000000 0.000000 0.068299 0.007638 1.723228
0.924064 0.000000 0.000000 0.000000 0.000000 0.068298 0.007638 1.723228
0.924064 0.000000 0.000000 0.000000 0.000000 0.068297 0.007638 1.723228
0.924065 0.000000 0.000000 0.000000 0.000000 0.068297 0.007638 1.723228
0.924065 0.000000 0.000000 0.000000 0.000000 0.068296 0.007638 1.723228
0.924066 0.000000 0.000000 0.000000 0.000000 0.068296 0.007638 1.723228
0.924066 0.000000 0.000000 0.000000 0.000000 0.068295 0.007638 1.723228
0.924067 0.000000 0.000000 0.000000 0.000000 0.068295 0.007638 1.723228
0.924067 0.000000 0.000000 0.000000 0.000000 0.068294 0.007638 1.723228
0.924068 0.000000 0.000000 0.000000 0.000000 0.068294 0.007638 1.723228
0.924068 0.000000 0.000000 0.000000 0.000000 0.068293 0.007638 1.723228
0.924069 0.000000 0.000000 0.000000 0.000000 0.068293 0.007638 1.723228
0.924069 0.000000 0.000000 0.000000 0.000000 0.068292 0.007638 1.723228
0.924070 0.000000 0.000000 0.000000 0.000000 0.068292 0.007638 1.723228
0.924070 0.000000 0.000000 0.000000 0.000000 0.068291 0.007638 1.723228
0.924071 0.000000 0.000000 0.000000 0.000000 0.068291 0.007638 1.723228
0.924071 0.000000 0.000000 0.000000 0.000000 0.068290 0.007638 1.723228
0.924072 0.000000 0.000000 0.000000 0.000000 0.068290 0.007638 1.723228
0.924072 0.000000 0.000000 0.000000 0.000000 0.068289 0.007638 1.723228
0.924073 0.000000 0.000000 0.000000 0.000000 0.068289 0.007638 1.723228
0.924073 0.000000 0.000000 0.000000 0.000000 0.068288 0.007638 1.723228
0.924074 0.000000 0.000000 0.000000 0.000000 0.068288 0.007638 1.723228
0.924074 0.000000 0.000000 0.000000 0.000000 0.068287 0.007638 1.723228
0.924075 0.000000 0.000000 0.000000 0.000000 0.068287 0.007638 1.723228
0.924075 0.000000 0.000000 0.000000 0.000000 0.068286 0.007638 1.723228
0.924076 0.000000 0.000000 0.000000 0.000000 0.068286 0.007638 1.723228
0.924076 0.000000 0.000000 0.000000 0.000000 0.068285 0.007638 1.723228
0.924077 0.000000 0.000000 0.000000 0.000000 0.068285 0.007638 1.723228
0.924077 0.000000 0.000000 0.000000 0.000000 0.068284 0.007638 1.723228
0.924077 0.000000 0.000000 0.000000 0.000000 0.068285 0.007638 1.723228
0.924077 0.000000 0.000000 0.000000 0.000000 0.068285 0.007638 1.723228
0.924077 0.000000 0.000000 0.000000 0.000000 0.068285 0.007638 1.723228
0.924077 0.000000 0.000000 0.000000 0.000000 0.068285 0.007638 1.723228
0.924077 0.000000 0.000000 0.000000 0.000000 0.068285 0.007638 1.723228
0.924077 0.000000 0.000000 0.000000 0.000000 0.068285 0.007638 1.723228
0.924077 0.000000 0.000000 0.000000 0.000000 0.068285 0.007638 1.723228
0.924077 0.000000 0.000000 0.000000 0.000000 0.068285 0.007638 1.723228
0.924077 0.000000 0.000000 0.000000 0.000000 0.068285 0.007638 1.723228
0.924077 0.000000 0.000000 0.000000 0.000000 0.068285 0.007638 1.723228
0.924077 0.000000 0.000000 0.000000 0.000000 0.068285 0.007638 1.723228
0.924077 0.000000 0.000000 0.000000 0.000000 0.068285 0.007638 1.723228
0.924077 0.000000 0.000000 0.000000 0.000000 0.068285 0.007638 1.723228
0.924077 0.000000 0.000000 0.000000 0.000000 0.068285 0.007638 1.723228
0.924077 0.000000 0.000000 0.000000 0.000000 0.068285 0.007638 1.723228
0.924077 0.000000 0.000000 0.000000 0.000000 0.068285 0.007638 1.723228
0.924077 0.000000 0.000000 0.000000 0.000000 0.068285 0.007638 1.723228
0.924077 0.000000 0.000000 0.000000 0.000000 0.068285 0.007638 1.723228
0.924077 0.000000 0.000000 0.000000 0.000000 0.068285 0.007638 1.723228
0.924077 0.000000 0.000000 0.000000 0.000000 0.068285 0.007638 1.723228
0.924077 0.000000 0.000000 0.000000 0.000000 0.068285 0.007638 1.723228
0.924077 0.000000 0.000000 0.000000 0.000000 0.068285 0.007638 1.723228
0.924077 0.000000 0.000000 0.000000 0.000000 0.068285 0.007638 1.723228
0.924077 0.000000 0.000000 0.000000 0.000000 0.068285 0.007638 1.723228
0.924077 0.000000 0.000000 0.000000 0.000000 0.068285 0.007638 1.723228
0.924077 0.000000 0.000000 0.000000 0.000000 0.068285 0.007638 1.723228
0.924077 0.000000 0.000000 0.000000 0.000000 0.068285 0.007638 1.723228
0.924077 0.000000 0.000000 0.000000 0.000000 0.068285 0.007638 1.723228
0.924077 0.000000 0.000000 0.000000 0.000000 0.068285 0.007638 1.723228
0.924077 0.000000 0.000000 0.000000 0.000000 0.068285 0.007638 1.723228
0.924077 0.000000 0.000000 0.000000 0.000000 0.068285 0.007638 1.723228
0.924077 0.000000 0.000000 0.000000 0.000000 0.068285 0.007638 1.723228
0.924077 0.000000 0.000000 0.000000 0.000000 0.068285 0.007638 1.723228
0.924077 0.000000 0.000000 0.000000 0.000000 0.068285 0.007638 1.723228
0.924077 0.000000 0.000000 0.000000 0.000000 0.068285 0.007638 1.723228
0.924077 0.000000 0.000000 0.000000 0.000000 0.068285 0.007638 1.723228
0.924077 0.000000 0.000000 0.000000 0.000000 0.068285 0.007638 1.723228
0.924077 0.000000 0.000000 0.000000 0.000000 0.068285 0.007638 1.723228
0.924077 0.000000 0.000000 0.000000 0.000000 0.068285 0.007638 1.723228
0.924077 0.000000 0.000000 0.000000 0.000000 0.068285 0.007638 1.723228
0.924077 0.000000 0.000000 0.000000 0.000000 0.068285 0.007638 1.723228
