0.368757 0.061728 0.054852 0.031463 0.001883 0.475636 0.005681 1.551643
0.371549 0.058888 0.054851 0.031288 0.001890 0.475824 0.005709 1.557621
0.375157 0.055628 0.054688 0.030958 0.001897 0.475940 0.005731 1.563322
0.379251 0.052238 0.054200 0.030488 0.001888 0.476178 0.005758 1.568540
0.383681 0.048872 0.053628 0.029871 0.001889 0.476277 0.005782 1.573435
0.388416 0.045481 0.052939 0.029329 0.001881 0.476148 0.005806 1.578066
0.393291 0.042353 0.052014 0.028609 0.001890 0.476017 0.005827 1.582321
0.398286 0.039270 0.051097 0.027895 0.001882 0.475718 0.005853 1.586349
0.403399 0.036396 0.050029 0.027105 0.001875 0.475325 0.005870 1.590036
0.408681 0.033744 0.048924 0.026193 0.001876 0.474687 0.005894 1.593449
0.413934 0.031208 0.047745 0.025332 0.001871 0.473998 0.005912 1.596664
0.419233 0.028849 0.046423 0.024416 0.001865 0.473275 0.005941 1.599638
0.424573 0.026624 0.045133 0.023537 0.001855 0.472309 0.005970 1.602437
0.429951 0.024631 0.043734 0.022669 0.001842 0.471175 0.005997 1.604958
0.435275 0.022827 0.042315 0.021796 0.001827 0.469944 0.006017 1.607257
0.440733 0.021140 0.040802 0.020959 0.001810 0.468518 0.006039 1.609402
0.446266 0.019560 0.039324 0.020057 0.001790 0.466939 0.006064 1.611395
0.451658 0.018129 0.037865 0.019223 0.001770 0.465272 0.006083 1.613255
0.457118 0.016818 0.036425 0.018390 0.001749 0.463399 0.006101 1.614953
0.462472 0.015568 0.035004 0.017525 0.001751 0.461560 0.006121 1.616556
0.467961 0.014406 0.033595 0.016754 0.001727 0.459412 0.006146 1.618059
0.473338 0.013391 0.032152 0.015958 0.001691 0.457300 0.006170 1.619417
0.478736 0.012404 0.030905 0.015215 0.001668 0.454875 0.006198 1.620709
0.484068 0.011515 0.029563 0.014514 0.001644 0.452479 0.006216 1.621917
0.489376 0.010715 0.028245 0.013806 0.001618 0.450004 0.006237 1.623020
0.494749 0.010024 0.026977 0.013162 0.001589 0.447245 0.006255 1.623995
0.500020 0.009361 0.025766 0.012498 0.001561 0.444520 0.006274 1.624934
0.505261 0.008729 0.024618 0.011864 0.001532 0.441699 0.006298 1.625818
0.510568 0.008136 0.023443 0.011319 0.001512 0.438703 0.006318 1.626659
0.515765 0.007609 0.022378 0.010762 0.001473 0.435672 0.006341 1.627425
0.521006 0.007116 0.021365 0.010280 0.001441 0.432437 0.006355 1.628149
0.526297 0.006654 0.020397 0.009772 0.001412 0.429101 0.006369 1.628820
0.531459 0.006247 0.019444 0.009291 0.001381 0.425791 0.006387 1.629457
0.536535 0.005856 0.018503 0.008805 0.001350 0.422550 0.006401 1.630033
0.541687 0.005484 0.017575 0.008363 0.001325 0.419151 0.006414 1.630597
0.546703 0.005138 0.016742 0.007930 0.001293 0.415763 0.006430 1.631127
0.551661 0.004837 0.015865 0.007518 0.001266 0.412405 0.006448 1.631615
0.556720 0.004561 0.015118 0.007108 0.001234 0.408791 0.006467 1.632081
0.561647 0.004290 0.014373 0.006737 0.001203 0.405262 0.006487 1.632525
0.566529 0.004058 0.013658 0.006409 0.001177 0.401668 0.006500 1.632932
0.571308 0.003825 0.012980 0.006087 0.001145 0.398143 0.006512 1.633317
0.576057 0.003601 0.012311 0.005781 0.001116 0.394606 0.006528 1.633703
0.580760 0.003429 0.011706 0.005468 0.001085 0.391004 0.006548 1.634035
0.585499 0.003278 0.011104 0.005178 0.001057 0.387321 0.006563 1.634323
0.590134 0.003094 0.010606 0.004907 0.001027 0.383655 0.006578 1.634640
0.594793 0.002940 0.010069 0.004639 0.001000 0.379967 0.006593 1.634924
0.599465 0.002768 0.009584 0.004392 0.000968 0.376215 0.006607 1.635228
0.603971 0.002606 0.009128 0.004148 0.000949 0.372579 0.006619 1.635504
0.608536 0.002471 0.008680 0.003921 0.000930 0.368832 0.006630 1.635761
0.613021 0.002366 0.008223 0.003740 0.000906 0.365102 0.006642 1.635986
0.617432 0.002248 0.007859 0.003541 0.000875 0.361391 0.006656 1.636220
0.621899 0.002145 0.007446 0.003357 0.000842 0.357647 0.006665 1.636425
0.626206 0.002058 0.007056 0.003160 0.000818 0.354023 0.006680 1.636622
0.630487 0.001989 0.006698 0.002989 0.000795 0.350352 0.006690 1.636809
0.634840 0.001877 0.006369 0.002838 0.000780 0.346596 0.006699 1.637012
0.639070 0.001807 0.006037 0.002682 0.000756 0.342940 0.006707 1.637185
0.643262 0.001734 0.005729 0.002554 0.000732 0.339273 0.006718 1.637363
0.647406 0.001673 0.005452 0.002430 0.000705 0.335606 0.006729 1.637526
0.651506 0.001590 0.005170 0.002302 0.000679 0.332015 0.006738 1.637688
0.655525 0.001525 0.004908 0.002185 0.000664 0.328448 0.006745 1.637838
0.659575 0.001457 0.004666 0.002086 0.000639 0.324822 0.006755 1.637987
0.663625 0.001399 0.004427 0.001966 0.000624 0.321197 0.006763 1.638129
0.667595 0.001356 0.004218 0.001858 0.000604 0.317600 0.006769 1.638263
0.671504 0.001319 0.004010 0.001755 0.000586 0.314052 0.006775 1.638382
0.675374 0.001257 0.003831 0.001677 0.000565 0.310514 0.006782 1.638513
0.679215 0.001218 0.003644 0.001600 0.000547 0.306986 0.006791 1.638629
0.682951 0.001171 0.003489 0.001534 0.000530 0.303525 0.006800 1.638746
0.686695 0.001127 0.003344 0.001463 0.000513 0.300051 0.006808 1.638859
0.690293 0.001079 0.003190 0.001383 0.000494 0.296748 0.006814 1.638966
0.693960 0.001032 0.003047 0.001325 0.000475 0.293339 0.006822 1.639084
0.697485 0.000996 0.002914 0.001274 0.000463 0.290042 0.006828 1.639190
0.701061 0.000939 0.002793 0.001219 0.000443 0.286710 0.006836 1.639297
0.704582 0.000905 0.002663 0.001177 0.000432 0.283404 0.006839 1.639395
0.708148 0.000881 0.002541 0.001125 0.000419 0.280045 0.006843 1.639484
0.711640 0.000862 0.002398 0.001071 0.000411 0.276770 0.006849 1.639563
0.714932 0.000833 0.002289 0.001014 0.000398 0.273681 0.006853 1.639645
0.718294 0.000807 0.002180 0.000972 0.000381 0.270506 0.006861 1.639727
0.721657 0.000770 0.002078 0.000919 0.000371 0.267340 0.006865 1.639806
0.724954 0.000730 0.001987 0.000887 0.000361 0.264212 0.006871 1.639887
0.728161 0.000714 0.001895 0.000847 0.000350 0.261159 0.006875 1.639947
0.731352 0.000678 0.001810 0.000812 0.000333 0.258134 0.006882 1.640017
0.734571 0.000653 0.001735 0.000788 0.000319 0.255046 0.006888 1.640089
0.737653 0.000633 0.001650 0.000745 0.000310 0.252117 0.006892 1.640146
0.740777 0.000615 0.001581 0.000712 0.000298 0.249121 0.006895 1.640201
0.743897 0.000599 0.001499 0.000679 0.000286 0.246140 0.006900 1.640250
0.746859 0.000589 0.001435 0.000644 0.000280 0.243289 0.006905 1.640299
0.749866 0.000569 0.001368 0.000625 0.000270 0.240393 0.006910 1.640357
0.752782 0.000550 0.001308 0.000602 0.000261 0.237583 0.006915 1.640413
0.755649 0.000533 0.001261 0.000576 0.000252 0.234811 0.006919 1.640468
0.758547 0.000525 0.001213 0.000545 0.000240 0.232006 0.006925 1.640517
0.761444 0.000506 0.001174 0.000529 0.000231 0.229188 0.006929 1.640574
0.764272 0.000489 0.001124 0.000513 0.000221 0.226449 0.006932 1.640628
0.767035 0.000482 0.001079 0.000491 0.000214 0.223764 0.006935 1.640669
0.769819 0.000478 0.001031 0.000474 0.000207 0.221053 0.006938 1.640710
0.772539 0.000467 0.001004 0.000453 0.000199 0.218399 0.006940 1.640755
0.775201 0.000444 0.000981 0.000433 0.000193 0.215806 0.006944 1.640805
0.777831 0.000428 0.000934 0.000419 0.000184 0.213256 0.006949 1.640847
0.780492 0.000407 0.000897 0.000398 0.000176 0.210679 0.006952 1.640893
0.783040 0.000393 0.000853 0.000395 0.000170 0.208196 0.006954 1.640936
0.785604 0.000380 0.000825 0.000377 0.000165 0.205692 0.006958 1.640977
0.788183 0.000368 0.000795 0.000371 0.000160 0.203164 0.006960 1.641019
0.790704 0.000358 0.000761 0.000364 0.000152 0.200697 0.006964 1.641055
0.793131 0.000352 0.000734 0.000347 0.000144 0.198326 0.006966 1.641088
0.795609 0.000344 0.000712 0.000331 0.000138 0.195899 0.006967 1.641121
0.798060 0.000338 0.000693 0.000312 0.000133 0.193493 0.006970 1.641155
0.800458 0.000334 0.000667 0.000296 0.000129 0.191145 0.006972 1.641183
0.802790 0.000320 0.000651 0.000287 0.000123 0.188856 0.006973 1.641221
0.805135 0.000314 0.000621 0.000278 0.000119 0.186559 0.006975 1.641253
0.807406 0.000304 0.000609 0.000265 0.000116 0.184324 0.006976 1.641286
0.809720 0.000298 0.000576 0.000254 0.000112 0.182061 0.006978 1.641312
0.812007 0.000293 0.000556 0.000243 0.000110 0.179811 0.006980 1.641339
0.814279 0.000274 0.000551 0.000238 0.000108 0.177569 0.006981 1.641376
0.816447 0.000265 0.000538 0.000228 0.000101 0.175439 0.006983 1.641406
0.818616 0.000258 0.000517 0.000221 0.000100 0.173306 0.006983 1.641434
0.820785 0.000251 0.000505 0.000214 0.000097 0.171164 0.006984 1.641459
0.822843 0.000245 0.000486 0.000210 0.000096 0.169136 0.006984 1.641484
0.824963 0.000237 0.000473 0.000202 0.000094 0.167047 0.006985 1.641511
0.827002 0.000233 0.000444 0.000192 0.000091 0.165052 0.006986 1.641530
0.829058 0.000223 0.000431 0.000192 0.000088 0.163020 0.006988 1.641555
0.831059 0.000219 0.000418 0.000187 0.000083 0.161043 0.006991 1.641578
0.833077 0.000217 0.000406 0.000184 0.000080 0.159045 0.006992 1.641598
0.835002 0.000211 0.000393 0.000177 0.000079 0.157146 0.006992 1.641618
0.836927 0.000211 0.000379 0.000170 0.000076 0.155243 0.006994 1.641634
0.838822 0.000206 0.000369 0.000158 0.000074 0.153377 0.006994 1.641654
0.840735 0.000208 0.000354 0.000156 0.000073 0.151480 0.006994 1.641671
0.842562 0.000200 0.000341 0.000154 0.000071 0.149678 0.006994 1.641693
0.844323 0.000190 0.000334 0.000150 0.000068 0.147939 0.006995 1.641716
0.846109 0.000180 0.000324 0.000146 0.000067 0.146177 0.006996 1.641736
0.847841 0.000173 0.000314 0.000140 0.000065 0.144468 0.006998 1.641752
0.849558 0.000164 0.000300 0.000138 0.000062 0.142779 0.006999 1.641773
0.851242 0.000162 0.000286 0.000136 0.000059 0.141115 0.007000 1.641788
0.852981 0.000158 0.000270 0.000133 0.000056 0.139401 0.007000 1.641803
0.854640 0.000153 0.000257 0.000121 0.000054 0.137773 0.007001 1.641815
0.856285 0.000147 0.000250 0.000118 0.000053 0.136145 0.007002 1.641830
0.857912 0.000138 0.000245 0.000115 0.000051 0.134535 0.007003 1.641846
0.859478 0.000136 0.000238 0.000106 0.000051 0.132987 0.007003 1.641856
0.861003 0.000138 0.000236 0.000104 0.000047 0.131466 0.007006 1.641869
0.862561 0.000127 0.000229 0.000099 0.000045 0.129931 0.007007 1.641885
0.864062 0.000122 0.000225 0.000094 0.000042 0.128445 0.007010 1.641898
0.865500 0.000120 0.000214 0.000090 0.000041 0.127024 0.007010 1.641909
0.866918 0.000119 0.000212 0.000087 0.000040 0.125615 0.007010 1.641920
0.868343 0.000120 0.000211 0.000083 0.000039 0.124195 0.007010 1.641932
0.869711 0.000113 0.000201 0.000080 0.000036 0.122846 0.007013 1.641944
0.871063 0.000116 0.000198 0.000080 0.000034 0.121496 0.007013 1.641953
0.872347 0.000107 0.000194 0.000079 0.000033 0.120227 0.007013 1.641967
0.873673 0.000103 0.000179 0.000076 0.000032 0.118923 0.007014 1.641976
0.874944 0.000104 0.000171 0.000073 0.000031 0.117661 0.007014 1.641983
0.876187 0.000098 0.000166 0.000068 0.000030 0.116435 0.007016 1.641995
0.877366 0.000092 0.000160 0.000067 0.000029 0.115269 0.007017 1.642007
0.878537 0.000088 0.000158 0.000065 0.000027 0.114107 0.007017 1.642016
0.879634 0.000087 0.000149 0.000063 0.000027 0.113023 0.007017 1.642025
0.880705 0.000087 0.000137 0.000063 0.000026 0.111964 0.007017 1.642031
0.881763 0.000088 0.000131 0.000061 0.000027 0.110912 0.007017 1.642039
0.882760 0.000089 0.000125 0.000057 0.000025 0.109925 0.007018 1.642045
0.883758 0.000083 0.000120 0.000056 0.000024 0.108939 0.007019 1.642055
0.884737 0.000077 0.000120 0.000055 0.000024 0.107968 0.007019 1.642066
0.885672 0.000079 0.000118 0.000054 0.000022 0.107034 0.007019 1.642072
0.886596 0.000075 0.000116 0.000053 0.000020 0.106119 0.007019 1.642081
0.887501 0.000072 0.000116 0.000050 0.000019 0.105221 0.007019 1.642090
0.888350 0.000068 0.000115 0.000049 0.000018 0.104380 0.007019 1.642097
0.889200 0.000069 0.000110 0.000048 0.000018 0.103535 0.007019 1.642101
0.889992 0.000063 0.000105 0.000051 0.000018 0.102751 0.007019 1.642109
0.890761 0.000063 0.000101 0.000048 0.000015 0.101991 0.007020 1.642114
0.891487 0.000063 0.000094 0.000049 0.000015 0.101271 0.007020 1.642119
0.892214 0.000056 0.000091 0.000050 0.000015 0.100553 0.007020 1.642127
0.892883 0.000054 0.000086 0.000050 0.000014 0.099891 0.007021 1.642133
0.893528 0.000048 0.000083 0.000051 0.000012 0.099256 0.007023 1.642139
0.894178 0.000046 0.000082 0.000047 0.000012 0.098611 0.007023 1.642143
0.894779 0.000046 0.000078 0.000046 0.000011 0.098016 0.007023 1.642147
0.895349 0.000045 0.000079 0.000046 0.000010 0.097448 0.007023 1.642152
0.895933 0.000041 0.000077 0.000047 0.000010 0.096870 0.007024 1.642158
0.896485 0.000039 0.000075 0.000042 0.000010 0.096326 0.007024 1.642162
0.897019 0.000035 0.000073 0.000042 0.000010 0.095798 0.007024 1.642168
0.897549 0.000031 0.000070 0.000042 0.000009 0.095274 0.007024 1.642174
0.898040 0.000032 0.000067 0.000039 0.000009 0.094790 0.007024 1.642176
0.898514 0.000032 0.000063 0.000039 0.000009 0.094320 0.007024 1.642179
0.898961 0.000031 0.000061 0.000035 0.000008 0.093880 0.007024 1.642182
0.899400 0.000027 0.000058 0.000035 0.000008 0.093448 0.007024 1.642185
0.899815 0.000028 0.000056 0.000033 0.000008 0.093035 0.007024 1.642186
0.900230 0.000027 0.000055 0.000032 0.000008 0.092626 0.007024 1.642189
0.900633 0.000024 0.000054 0.000032 0.000008 0.092226 0.007024 1.642193
0.901011 0.000027 0.000052 0.000030 0.000008 0.091848 0.007024 1.642195
0.901370 0.000029 0.000048 0.000026 0.000007 0.091495 0.007025 1.642197
0.901715 0.000029 0.000046 0.000024 0.000007 0.091156 0.007025 1.642200
0.902040 0.000028 0.000041 0.000024 0.000007 0.090837 0.007025 1.642203
0.902356 0.000025 0.000042 0.000024 0.000007 0.090521 0.007025 1.642207
0.902691 0.000026 0.000042 0.000024 0.000005 0.090187 0.007025 1.642209
0.903028 0.000026 0.000041 0.000022 0.000005 0.089852 0.007025 1.642211
0.903336 0.000023 0.000046 0.000021 0.000005 0.089543 0.007025 1.642216
0.903630 0.000023 0.000042 0.000020 0.000005 0.089255 0.007025 1.642219
0.903884 0.000022 0.000042 0.000019 0.000005 0.089003 0.007025 1.642221
0.904152 0.000021 0.000042 0.000018 0.000004 0.088736 0.007026 1.642224
0.904402 0.000020 0.000041 0.000019 0.000005 0.088488 0.007026 1.642226
0.904652 0.000018 0.000041 0.000017 0.000004 0.088241 0.007026 1.642229
0.904869 0.000022 0.000039 0.000015 0.000004 0.088025 0.007026 1.642230
0.905100 0.000021 0.000039 0.000015 0.000003 0.087796 0.007026 1.642233
0.905323 0.000021 0.000037 0.000015 0.000003 0.087576 0.007026 1.642234
0.905540 0.000018 0.000038 0.000013 0.000003 0.087362 0.007026 1.642237
0.905730 0.000019 0.000037 0.000012 0.000003 0.087174 0.007026 1.642240
0.905930 0.000020 0.000036 0.000012 0.000003 0.086975 0.007026 1.642243
0.906126 0.000018 0.000035 0.000012 0.000003 0.086782 0.007026 1.642246
0.906300 0.000016 0.000035 0.000012 0.000002 0.086608 0.007026 1.642248
0.906469 0.000018 0.000033 0.000013 0.000002 0.086439 0.007026 1.642250
0.906642 0.000017 0.000029 0.000012 0.000002 0.086271 0.007026 1.642251
0.906783 0.000018 0.000026 0.000013 0.000002 0.086131 0.007026 1.642251
0.906937 0.000019 0.000027 0.000011 0.000002 0.085979 0.007026 1.642253
0.907088 0.000019 0.000027 0.000009 0.000002 0.085828 0.007026 1.642254
0.907234 0.000020 0.000025 0.000008 0.000002 0.085684 0.007026 1.642254
0.907359 0.000022 0.000025 0.000008 0.000002 0.085558 0.007026 1.642256
0.907498 0.000022 0.000024 0.000010 0.000002 0.085418 0.007026 1.642258
0.907640 0.000019 0.000026 0.000010 0.000002 0.085276 0.007026 1.642261
0.907772 0.000020 0.000022 0.000009 0.000002 0.085148 0.007026 1.642261
0.907893 0.000019 0.000023 0.000010 0.000002 0.085026 0.007026 1.642265
0.908007 0.000018 0.000023 0.000009 0.000002 0.084914 0.007026 1.642267
0.908128 0.000020 0.000020 0.000010 0.000002 0.084794 0.007026 1.642268
0.908241 0.000019 0.000020 0.000011 0.000002 0.084680 0.007026 1.642271
0.908328 0.000019 0.000020 0.000010 0.000002 0.084594 0.007026 1.642273
0.908431 0.000019 0.000020 0.000009 0.000002 0.084493 0.007026 1.642275
0.908516 0.000020 0.000020 0.000010 0.000002 0.084406 0.007026 1.642276
0.908592 0.000021 0.000021 0.000009 0.000002 0.084328 0.007026 1.642278
0.908669 0.000019 0.000022 0.000010 0.000002 0.084252 0.007026 1.642281
0.908734 0.000020 0.000022 0.000010 0.000002 0.084185 0.007026 1.642282
0.908811 0.000019 0.000023 0.000009 0.000002 0.084110 0.007026 1.642285
0.908883 0.000018 0.000023 0.000010 0.000002 0.084038 0.007026 1.642288
0.908960 0.000015 0.000021 0.000012 0.000002 0.083964 0.007026 1.642291
0.909033 0.000016 0.000019 0.000010 0.000002 0.083895 0.007026 1.642292
0.909093 0.000018 0.000018 0.000010 0.000002 0.083833 0.007026 1.642294
0.909156 0.000018 0.000018 0.000010 0.000001 0.083770 0.007026 1.642296
0.909220 0.000017 0.000018 0.000011 0.000001 0.083706 0.007026 1.642297
0.909289 0.000016 0.000018 0.000010 0.000001 0.083640 0.007026 1.642298
0.909354 0.000013 0.000019 0.000010 0.000001 0.083576 0.007026 1.642301
0.909395 0.000014 0.000018 0.000010 0.000001 0.083536 0.007026 1.642303
0.909454 0.000013 0.000018 0.000010 0.000001 0.083477 0.007026 1.642304
0.909507 0.000011 0.000019 0.000010 0.000001 0.083424 0.007026 1.642306
0.909567 0.000011 0.000021 0.000010 0.000001 0.083365 0.007026 1.642309
0.909612 0.000012 0.000019 0.000011 0.000001 0.083318 0.007026 1.642309
0.909663 0.000012 0.000020 0.000009 0.000001 0.083269 0.007026 1.642311
0.909715 0.000011 0.000020 0.000009 0.000001 0.083217 0.007026 1.642312
0.909762 0.000012 0.000020 0.000009 0.000001 0.083169 0.007026 1.642312
0.909809 0.000012 0.000019 0.000009 0.000001 0.083124 0.007026 1.642312
0.909855 0.000012 0.000017 0.000009 0.000001 0.083080 0.007026 1.642314
0.909901 0.000012 0.000017 0.000008 0.000001 0.083036 0.007026 1.642315
0.909943 0.000013 0.000016 0.000008 0.000001 0.082993 0.007026 1.642315
0.909987 0.000014 0.000015 0.000008 0.000001 0.082949 0.007026 1.642316
0.910032 0.000015 0.000014 0.000008 0.000001 0.082903 0.007026 1.642317
0.910067 0.000015 0.000014 0.000008 0.000001 0.082869 0.007026 1.642317
0.910099 0.000014 0.000015 0.000009 0.000001 0.082836 0.007026 1.642319
0.910137 0.000012 0.000016 0.000010 0.000001 0.082798 0.007026 1.642321
0.910169 0.000012 0.000017 0.000010 0.000000 0.082766 0.007026 1.642323
0.910199 0.000011 0.000016 0.000009 0.000000 0.082738 0.007026 1.642323
0.910223 0.000010 0.000017 0.000008 0.000000 0.082714 0.007026 1.642325
0.910254 0.000013 0.000017 0.000008 0.000000 0.082682 0.007026 1.642325
0.910277 0.000013 0.000017 0.000008 0.000000 0.082658 0.007026 1.642327
0.910301 0.000012 0.000017 0.000009 0.000000 0.082634 0.007026 1.642328
0.910329 0.000012 0.000017 0.000008 0.000000 0.082607 0.007026 1.642329
0.910353 0.000011 0.000016 0.000008 0.000000 0.082585 0.007026 1.642329
0.910377 0.000011 0.000014 0.000008 0.000000 0.082563 0.007026 1.642329
0.910402 0.000012 0.000013 0.000008 0.000000 0.082538 0.007026 1.642330
0.910426 0.000012 0.000013 0.000007 0.000000 0.082515 0.007026 1.642330
0.910449 0.000012 0.000012 0.000007 0.000000 0.082493 0.007026 1.642330
0.910467 0.000012 0.000012 0.000008 0.000000 0.082474 0.007026 1.642332
0.910480 0.000012 0.000012 0.000007 0.000000 0.082462 0.007026 1.642332
0.910499 0.000012 0.000012 0.000008 0.000000 0.082443 0.007026 1.642333
0.910515 0.000010 0.000013 0.000007 0.000000 0.082429 0.007026 1.642335
0.910534 0.000010 0.000013 0.000006 0.000000 0.082411 0.007026 1.642336
0.910551 0.000009 0.000013 0.000006 0.000000 0.082395 0.007026 1.642337
0.910571 0.000008 0.000011 0.000007 0.000000 0.082376 0.007026 1.642338
0.910583 0.000010 0.000010 0.000007 0.000000 0.082362 0.007026 1.642338
0.910599 0.000010 0.000010 0.000008 0.000000 0.082347 0.007026 1.642339
0.910612 0.000010 0.000009 0.000008 0.000000 0.082335 0.007026 1.642340
0.910624 0.000010 0.000008 0.000007 0.000000 0.082325 0.007026 1.642340
0.910639 0.000010 0.000008 0.000007 0.000000 0.082311 0.007026 1.642341
0.910648 0.000010 0.000008 0.000005 0.000000 0.082302 0.007026 1.642341
0.910661 0.000009 0.000008 0.000005 0.000000 0.082291 0.007026 1.642342
0.910670 0.000008 0.000007 0.000004 0.000000 0.082283 0.007026 1.642343
0.910685 0.000008 0.000008 0.000004 0.000000 0.082269 0.007026 1.642343
0.910697 0.000008 0.000006 0.000004 0.000000 0.082258 0.007026 1.642343
0.910710 0.000008 0.000006 0.000004 0.000000 0.082246 0.007026 1.642343
0.910722 0.000008 0.000007 0.000004 0.000000 0.082233 0.007026 1.642345
0.910733 0.000008 0.000007 0.000003 0.000000 0.082222 0.007026 1.642345
0.910744 0.000008 0.000007 0.000003 0.000000 0.082212 0.007026 1.642345
0.910751 0.000008 0.000006 0.000003 0.000000 0.082206 0.007026 1.642345
0.910759 0.000008 0.000006 0.000003 0.000000 0.082197 0.007026 1.642345
0.910770 0.000007 0.000006 0.000003 0.000000 0.082188 0.007026 1.642346
0.910778 0.000006 0.000007 0.000003 0.000000 0.082179 0.007026 1.642346
0.910788 0.000006 0.000007 0.000003 0.000000 0.082168 0.007026 1.642347
0.910794 0.000006 0.000006 0.000003 0.000000 0.082163 0.007026 1.642347
0.910805 0.000006 0.000006 0.000003 0.000000 0.082154 0.007026 1.642347
0.910814 0.000006 0.000006 0.000003 0.000000 0.082146 0.007026 1.642348
0.910820 0.000006 0.000006 0.000003 0.000000 0.082139 0.007026 1.642348
0.910829 0.000006 0.000006 0.000003 0.000000 0.082130 0.007026 1.642349
0.910837 0.000005 0.000006 0.000004 0.000000 0.082121 0.007026 1.642350
0.910849 0.000005 0.000006 0.000004 0.000000 0.082109 0.007026 1.642350
0.910854 0.000005 0.000006 0.000003 0.000000 0.082105 0.007026 1.642350
0.910865 0.000003 0.000007 0.000003 0.000000 0.082095 0.007026 1.642351
0.910874 0.000005 0.000007 0.000003 0.000000 0.082085 0.007026 1.642351
0.910882 0.000005 0.000006 0.000003 0.000000 0.082078 0.007026 1.642351
0.910889 0.000005 0.000006 0.000003 0.000000 0.082070 0.007026 1.642351
0.910896 0.000005 0.000007 0.000003 0.000000 0.082063 0.007026 1.642352
0.910903 0.000003 0.000007 0.000003 0.000000 0.082057 0.007026 1.642353
0.910910 0.000003 0.000006 0.000002 0.000000 0.082051 0.007026 1.642353
0.910915 0.000004 0.000006 0.000002 0.000000 0.082046 0.007026 1.642353
0.910919 0.000005 0.000006 0.000002 0.000000 0.082041 0.007026 1.642353
0.910926 0.000005 0.000005 0.000002 0.000000 0.082035 0.007026 1.642353
0.910933 0.000005 0.000005 0.000002 0.000000 0.082028 0.007026 1.642354
0.910941 0.000005 0.000005 0.000002 0.000000 0.082020 0.007026 1.642354
0.910949 0.000005 0.000005 0.000002 0.000000 0.082014 0.007026 1.642354
0.910954 0.000004 0.000005 0.000002 0.000000 0.082009 0.007026 1.642355
0.910959 0.000004 0.000004 0.000002 0.000000 0.082005 0.007026 1.642355
0.910965 0.000004 0.000004 0.000002 0.000000 0.081999 0.007026 1.642355
0.910970 0.000004 0.000004 0.000001 0.000000 0.081994 0.007026 1.642355
0.910974 0.000004 0.000005 0.000001 0.000000 0.081990 0.007026 1.642355
0.910981 0.000003 0.000004 0.000002 0.000000 0.081983 0.007026 1.642356
0.910984 0.000005 0.000004 0.000002 0.000000 0.081979 0.007026 1.642356
0.910988 0.000005 0.000004 0.000002 0.000000 0.081974 0.007026 1.642356
0.910991 0.000005 0.000005 0.000002 0.000000 0.081970 0.007026 1.642357
0.910995 0.000005 0.000005 0.000002 0.000000 0.081966 0.007026 1.642357
0.911000 0.000005 0.000005 0.000002 0.000000 0.081962 0.007026 1.642357
0.911004 0.000005 0.000004 0.000001 0.000000 0.081959 0.007026 1.642357
0.911007 0.000005 0.000004 0.000000 0.000000 0.081957 0.007026 1.642358
0.911011 0.000005 0.000003 0.000000 0.000000 0.081954 0.007026 1.642358
0.911013 0.000005 0.000003 0.000000 0.000000 0.081951 0.007026 1.642358
0.911016 0.000005 0.000002 0.000001 0.000000 0.081949 0.007026 1.642359
0.911019 0.000003 0.000004 0.000002 0.000000 0.081946 0.007026 1.642361
0.911021 0.000004 0.000003 0.000002 0.000000 0.081944 0.007026 1.642361
0.911025 0.000005 0.000002 0.000002 0.000000 0.081940 0.007026 1.642361
0.911028 0.000005 0.000001 0.000002 0.000000 0.081938 0.007026 1.642361
0.911030 0.000005 0.000001 0.000002 0.000000 0.081935 0.007026 1.642362
0.911037 0.000005 0.000001 0.000002 0.000000 0.081929 0.007026 1.642362
0.911041 0.000006 0.000001 0.000002 0.000000 0.081924 0.007026 1.642362
0.911044 0.000005 0.000003 0.000002 0.000000 0.081920 0.007026 1.642363
0.911045 0.000003 0.000003 0.000003 0.000000 0.081920 0.007026 1.642365
0.911048 0.000003 0.000004 0.000003 0.000000 0.081916 0.007026 1.642365
0.911052 0.000003 0.000004 0.000002 0.000000 0.081913 0.007026 1.642365
0.911057 0.000003 0.000004 0.000002 0.000000 0.081907 0.007026 1.642365
0.911060 0.000003 0.000004 0.000002 0.000000 0.081905 0.007026 1.642365
0.911063 0.000003 0.000005 0.000002 0.000000 0.081902 0.007026 1.642366
0.911067 0.000003 0.000004 0.000002 0.000000 0.081898 0.007026 1.642366
0.911068 0.000003 0.000004 0.000002 0.000000 0.081897 0.007026 1.642367
0.911067 0.000005 0.000004 0.000002 0.000000 0.081896 0.007026 1.642367
0.911069 0.000003 0.000004 0.000001 0.000000 0.081896 0.007026 1.642367
0.911070 0.000004 0.000004 0.000000 0.000000 0.081895 0.007026 1.642367
0.911072 0.000003 0.000003 0.000000 0.000000 0.081893 0.007026 1.642368
0.911073 0.000003 0.000004 0.000000 0.000000 0.081892 0.007026 1.642368
0.911074 0.000003 0.000004 0.000000 0.000000 0.081891 0.007026 1.642369
0.911076 0.000003 0.000003 0.000000 0.000000 0.081891 0.007026 1.642369
0.911076 0.000003 0.000003 0.000001 0.000000 0.081890 0.007026 1.642369
0.911077 0.000003 0.000003 0.000001 0.000000 0.081890 0.007026 1.642370
0.911078 0.000003 0.000003 0.000000 0.000000 0.081890 0.007026 1.642370
0.911079 0.000003 0.000003 0.000000 0.000000 0.081889 0.007026 1.642370
0.911080 0.000003 0.000003 0.000000 0.000000 0.081888 0.007026 1.642370
0.911083 0.000002 0.000003 0.000000 0.000000 0.081885 0.007026 1.642371
0.911084 0.000002 0.000003 0.000000 0.000000 0.081885 0.007026 1.642371
0.911084 0.000003 0.000003 0.000000 0.000000 0.081884 0.007026 1.642371
0.911085 0.000003 0.000002 0.000000 0.000000 0.081884 0.007026 1.642371
0.911085 0.000003 0.000002 0.000000 0.000000 0.081884 0.007026 1.642371
0.911085 0.000003 0.000002 0.000000 0.000000 0.081883 0.007026 1.642371
0.911086 0.000003 0.000002 0.000000 0.000000 0.081882 0.007026 1.642371
0.911086 0.000003 0.000003 0.000000 0.000000 0.081881 0.007026 1.642371
0.911087 0.000003 0.000002 0.000000 0.000000 0.081881 0.007026 1.642371
0.911088 0.000003 0.000002 0.000000 0.000000 0.081880 0.007026 1.642371
0.911088 0.000003 0.000002 0.000000 0.000000 0.081880 0.007026 1.642371
0.911091 0.000003 0.000002 0.000000 0.000000 0.081877 0.007026 1.642372
0.911091 0.000003 0.000002 0.000000 0.000000 0.081877 0.007026 1.642372
0.911092 0.000004 0.000003 0.000000 0.000000 0.081875 0.007026 1.642372
0.911093 0.000003 0.000003 0.000000 0.000000 0.081874 0.007026 1.642373
0.911093 0.000003 0.000003 0.000000 0.000000 0.081873 0.007026 1.642373
0.911094 0.000003 0.000003 0.000000 0.000000 0.081872 0.007026 1.642373
0.911095 0.000003 0.000003 0.000001 0.000000 0.081871 0.007026 1.642374
0.911096 0.000003 0.000003 0.000001 0.000000 0.081871 0.007026 1.642374
0.911097 0.000003 0.000003 0.000001 0.000000 0.081869 0.007026 1.642374
0.911098 0.000003 0.000003 0.000001 0.000000 0.081868 0.007026 1.642374
0.911099 0.000003 0.000003 0.000001 0.000000 0.081867 0.007026 1.642374
0.911101 0.000003 0.000003 0.000000 0.000000 0.081866 0.007026 1.642374
0.911101 0.000003 0.000003 0.000000 0.000000 0.081865 0.007026 1.642375
0.911102 0.000003 0.000003 0.000000 0.000000 0.081864 0.007026 1.642375
0.911103 0.000003 0.000003 0.000000 0.000000 0.081863 0.007026 1.642375
0.911103 0.000003 0.000003 0.000000 0.000000 0.081862 0.007026 1.642375
0.911104 0.000003 0.000004 0.000000 0.000000 0.081862 0.007026 1.642375
0.911104 0.000003 0.000004 0.000000 0.000000 0.081862 0.007026 1.642376
0.911105 0.000003 0.000004 0.000000 0.000000 0.081861 0.007026 1.642376
0.911106 0.000002 0.000003 0.000001 0.000000 0.081861 0.007026 1.642376
0.911106 0.000002 0.000004 0.000001 0.000000 0.081860 0.007026 1.642377
0.911107 0.000001 0.000003 0.000001 0.000000 0.081860 0.007026 1.642377
0.911108 0.000001 0.000003 0.000001 0.000000 0.081859 0.007026 1.642377
0.911109 0.000001 0.000003 0.000001 0.000000 0.081858 0.007026 1.642377
0.911111 0.000001 0.000003 0.000001 0.000000 0.081856 0.007026 1.642377
0.911112 0.000001 0.000003 0.000001 0.000000 0.081855 0.007026 1.642377
0.911113 0.000002 0.000003 0.000001 0.000000 0.081854 0.007026 1.642378
0.911114 0.000002 0.000003 0.000001 0.000000 0.081852 0.007026 1.642378
0.911116 0.000002 0.000003 0.000001 0.000000 0.081851 0.007026 1.642378
0.911116 0.000002 0.000003 0.000001 0.000000 0.081851 0.007026 1.642378
0.911117 0.000002 0.000003 0.000001 0.000000 0.081851 0.007026 1.642378
0.911118 0.000002 0.000002 0.000002 0.000000 0.081850 0.007026 1.642379
0.911119 0.000001 0.000002 0.000002 0.000000 0.081850 0.007026 1.642379
0.911120 0.000001 0.000002 0.000002 0.000000 0.081848 0.007026 1.642379
0.911121 0.000001 0.000002 0.000002 0.000000 0.081848 0.007026 1.642379
0.911122 0.000000 0.000003 0.000002 0.000000 0.081846 0.007026 1.642380
0.911123 0.000000 0.000003 0.000001 0.000000 0.081846 0.007026 1.642380
0.911125 0.000000 0.000003 0.000001 0.000000 0.081845 0.007026 1.642380
0.911127 0.000000 0.000003 0.000001 0.000000 0.081842 0.007026 1.642380
0.911128 0.000000 0.000003 0.000001 0.000000 0.081841 0.007026 1.642380
0.911129 0.000000 0.000003 0.000000 0.000000 0.081841 0.007026 1.642380
0.911130 0.000000 0.000003 0.000000 0.000000 0.081839 0.007026 1.642380
0.911131 0.000001 0.000002 0.000000 0.000000 0.081839 0.007026 1.642380
0.911131 0.000000 0.000003 0.000000 0.000000 0.081838 0.007026 1.642380
0.911132 0.000000 0.000002 0.000000 0.000000 0.081838 0.007026 1.642380
0.911133 0.000000 0.000003 0.000000 0.000000 0.081837 0.007026 1.642381
0.911134 0.000000 0.000003 0.000000 0.000000 0.081836 0.007026 1.642381
0.911134 0.000000 0.000002 0.000000 0.000000 0.081837 0.007026 1.642381
0.911135 0.000000 0.000002 0.000000 0.000000 0.081836 0.007026 1.642381
0.911136 0.000000 0.000002 0.000000 0.000000 0.081835 0.007026 1.642381
0.911136 0.000000 0.000001 0.000000 0.000000 0.081835 0.007026 1.642381
0.911137 0.000000 0.000001 0.000000 0.000000 0.081834 0.007026 1.642381
0.911138 0.000000 0.000000 0.000000 0.000000 0.081834 0.007026 1.642381
0.911139 0.000000 0.000000 0.000000 0.000000 0.081833 0.007026 1.642381
0.911140 0.000000 0.000000 0.000000 0.000000 0.081832 0.007026 1.642381
0.911141 0.000000 0.000000 0.000000 0.000000 0.081831 0.007026 1.642381
0.911142 0.000000 0.000000 0.000000 0.000000 0.081830 0.007026 1.642381
0.911143 0.000000 0.000000 0.000000 0.000000 0.081829 0.007026 1.642381
0.911144 0.000000 0.000000 0.000000 0.000000 0.081828 0.007026 1.642381
0.911145 0.000000 0.000000 0.000000 0.000000 0.081827 0.007026 1.642381
0.911145 0.000000 0.000000 0.000000 0.000000 0.081827 0.007026 1.642381
0.911146 0.000000 0.000000 0.000000 0.000000 0.081827 0.007026 1.642381
0.911146 0.000000 0.000000 0.000000 0.000000 0.081826 0.007026 1.642381
0.911147 0.000000 0.000000 0.000000 0.000000 0.081825 0.007026 1.642381
0.911148 0.000000 0.000000 0.000000 0.000000 0.081824 0.007026 1.642381
0.911149 0.000000 0.000000 0.000000 0.000000 0.081824 0.007026 1.642381
0.911149 0.000000 0.000000 0.000000 0.000000 0.081823 0.007026 1.642381
0.911150 0.000000 0.000000 0.000000 0.000000 0.081823 0.007026 1.642381
0.911150 0.000000 0.000000 0.000000 0.000000 0.081823 0.007026 1.642381
0.911150 0.000000 0.000000 0.000000 0.000000 0.081822 0.007026 1.642381
0.911151 0.000000 0.000000 0.000000 0.000000 0.081822 0.007026 1.642381
0.911152 0.000000 0.000000 0.000000 0.000000 0.081821 0.007026 1.642381
0.911152 0.000000 0.000000 0.000000 0.000000 0.081821 0.007026 1.642381
0.911152 0.000000 0.000000 0.000000 0.000000 0.081820 0.007026 1.642381
0.911153 0.000000 0.000000 0.000000 0.000000 0.081820 0.007026 1.642381
0.911153 0.000000 0.000000 0.000000 0.000000 0.081820 0.007026 1.642381
0.911153 0.000000 0.000000 0.000000 0.000000 0.081820 0.007026 1.642381
0.911153 0.000000 0.000000 0.000000 0.000000 0.081820 0.007026 1.642381
0.911153 0.000000 0.000000 0.000000 0.000000 0.081820 0.007026 1.642381
0.911153 0.000000 0.000000 0.000000 0.000000 0.081820 0.007026 1.642381
0.911153 0.000000 0.000000 0.000000 0.000000 0.081820 0.007026 1.642381
0.911153 0.000000 0.000000 0.000000 0.000000 0.081820 0.007026 1.642381
0.911153 0.000000 0.000000 0.000000 0.000000 0.081820 0.007026 1.642381
0.911153 0.000000 0.000000 0.000000 0.000000 0.081820 0.007026 1.642381
0.911153 0.000000 0.000000 0.000000 0.000000 0.081820 0.007026 1.642381
0.911153 0.000000 0.000000 0.000000 0.000000 0.081820 0.007026 1.642381
0.911153 0.000000 0.000000 0.000000 0.000000 0.081820 0.007026 1.642381
0.911153 0.000000 0.000000 0.000000 0.000000 0.081820 0.007026 1.642381
0.911153 0.000000 0.000000 0.000000 0.000000 0.081820 0.007026 1.642381
0.911153 0.000000 0.000000 0.000000 0.000000 0.081820 0.007026 1.642381
0.911153 0.000000 0.000000 0.000000 0.000000 0.081820 0.007026 1.642381
0.911153 0.000000 0.000000 0.000000 0.000000 0.081820 0.007026 1.642381
0.911153 0.000000 0.000000 0.000000 0.000000 0.081820 0.007026 1.642381
0.911153 0.000000 0.000000 0.000000 0.000000 0.081820 0.007026 1.642381
0.911153 0.000000 0.000000 0.000000 0.000000 0.081820 0.007026 1.642381
0.911153 0.000000 0.000000 0.000000 0.000000 0.081820 0.007026 1.642381
0.911153 0.000000 0.000000 0.000000 0.000000 0.081820 0.007026 1.642381
0.911153 0.000000 0.000000 0.000000 0.000000 0.081820 0.007026 1.642381
0.911153 0.000000 0.000000 0.000000 0.000000 0.081820 0.007026 1.642381
0.911153 0.000000 0.000000 0.000000 0.000000 0.081820 0.007026 1.642381
0.911153 0.000000 0.000000 0.000000 0.000000 0.081820 0.007026 1.642381
0.911153 0.000000 0.000000 0.000000 0.000000 0.081820 0.007026 1.642381
0.911153 0.000000 0.000000 0.000000 0.000000 0.081820 0.007026 1.642381
0.911153 0.000000 0.000000 0.000000 0.000000 0.081820 0.007026 1.642381
0.911153 0.000000 0.000000 0.000000 0.000000 0.081820 0.007026 1.642381
0.911153 0.000000 0.000000 0.000000 0.000000 0.081820 0.007026 1.642381
0.911153 0.000000 0.000000 0.000000 0.000000 0.081820 0.007026 1.642381
0.911153 0.000000 0.000000 0.000000 0.000000 0.081820 0.007026 1.642381
0.911153 0.000000 0.000000 0.000000 0.000000 0.081820 0.007026 1.642381
0.911153 0.000000 0.000000 0.000000 0.000000 0.081820 0.007026 1.642381
0.911153 0.000000 0.000000 0.000000 0.000000 0.081820 0.007026 1.642381
0.911153 0.000000 0.000000 0.000000 0.000000 0.081820 0.007026 1.642381
0.911153 0.000000 0.000000 0.000000 0.000000 0.081820 0.007026 1.642381
0.911153 0.000000 0.000000 0.000000 0.000000 0.081820 0.007026 1.642381
0.911153 0.000000 0.000000 0.000000 0.000000 0.081820 0.007026 1.642381
0.911153 0.000000 0.000000 0.000000 0.000000 0.081820 0.007026 1.642381
0.911153 0.000000 0.000000 0.000000 0.000000 0.081820 0.007026 1.642381
0.911153 0.000000 0.000000 0.000000 0.000000 0.081820 0.007026 1.642381
0.911153 0.000000 0.000000 0.000000 0.000000 0.081820 0.007026 1.642381
0.911153 0.000000 0.000000 0.000000 0.000000 0.081820 0.007026 1.642381
0.911153 0.000000 0.000000 0.000000 0.000000 0.081820 0.007026 1.642381
0.911153 0.000000 0.000000 0.000000 0.000000 0.081820 0.007026 1.642381
0.911153 0.000000 0.000000 0.000000 0.000000 0.081820 0.007026 1.642381
0.911153 0.000000 0.000000 0.000000 0.000000 0.081820 0.007026 1.642381
0.911153 0.000000 0.000000 0.000000 0.000000 0.081820 0.007026 1.642381
0.911153 0.000000 0.000000 0.000000 0.000000 0.081820 0.007026 1.642381
0.911153 0.000000 0.000000 0.000000 0.000000 0.081820 0.007026 1.642381
0.911153 0.000000 0.000000 0.000000 0.000000 0.081820 0.007026 1.642381
0.911153 0.000000 0.000000 0.000000 0.000000 0.081820 0.007026 1.642381
0.911153 0.000000 0.000000 0.000000 0.000000 0.081820 0.007026 1.642381
0.911153 0.000000 0.000000 0.000000 0.000000 0.081820 0.007026 1.642381
0.911153 0.000000 0.000000 0.000000 0.000000 0.081820 0.007026 1.642381
0.911153 0.000000 0.000000 0.000000 0.000000 0.081820 0.007026 1.642381
0.911153 0.000000 0.000000 0.000000 0.000000 0.081820 0.007026 1.642381
0.911153 0.000000 0.000000 0.000000 0.000000 0.081820 0.007026 1.642381
0.911153 0.000000 0.000000 0.000000 0.000000 0.081820 0.007026 1.642381
0.911153 0.000000 0.000000 0.000000 0.000000 0.081820 0.007026 1.642381
0.911153 0.000000 0.000000 0.000000 0.000000 0.081820 0.007026 1.642381
0.911153 0.000000 0.000000 0.000000 0.000000 0.081820 0.007026 1.642381
0.911153 0.000000 0.000000 0.000000 0.000000 0.081820 0.007026 1.642381
0.911153 0.000000 0.000000 0.000000 0.000000 0.081820 0.007026 1.642381
0.911153 0.000000 0.000000 0.000000 0.000000 0.081820 0.007026 1.642381
0.911153 0.000000 0.000000 0.000000 0.000000 0.081820 0.007026 1.642381
0.911153 0.000000 0.000000 0.000000 0.000000 0.081820 0.007026 1.642381
0.911153 0.000000 0.000000 0.000000 0.000000 0.081820 0.007026 1.642381
0.911153 0.000000 0.000000 0.000000 0.000000 0.081820 0.007026 1.642381
0.911153 0.000000 0.000000 0.000000 0.000000 0.081820 0.007026 1.642381
0.911153 0.000000 0.000000 0.000000 0.000000 0.081820 0.007026 1.642381
0.911153 0.000000 0.000000 0.000000 0.000000 0.081820 0.007026 1.642381
0.911153 0.000000 0.000000 0.000000 0.000000 0.081820 0.007026 1.642381
0.911153 0.000000 0.000000 0.000000 0.000000 0.081820 0.007026 1.642381
0.911153 0.000000 0.000000 0.000000 0.000000 0.081820 0.007026 1.642381
0.911153 0.000000 0.000000 0.000000 0.000000 0.081820 0.007026 1.642381
0.911153 0.000000 0.000000 0.000000 0.000000 0.081820 0.007026 1.642381
0.911153 0.000000 0.000000 0.000000 0.000000 0.081820 0.007026 1.642381
0.911153 0.000000 0.000000 0.000000 0.000000 0.081820 0.007026 1.642381
0.911153 0.000000 0.000000 0.000000 0.000000 0.081820 0.007026 1.642381
0.911153 0.000000 0.000000 0.000000 0.000000 0.081820 0.007026 1.642381
0.911153 0.000000 0.000000 0.000000 0.000000 0.081820 0.007026 1.642381
0.911153 0.000000 0.000000 0.000000 0.000000 0.081820 0.007026 1.642381
0.911153 0.000000 0.000000 0.000000 0.000000 0.081820 0.007026 1.642381
0.911153 0.000000 0.000000 0.000000 0.000000 0.081820 0.007026 1.642381
0.911153 0.000000 0.000000 0.000000 0.000000 0.081820 0.007026 1.642381
0.911153 0.000000 0.000000 0.000000 0.000000 0.081820 0.007026 1.642381
0.911153 0.000000 0.000000 0.000000 0.000000 0.081820 0.007026 1.642381
0.911153 0.000000 0.000000 0.000000 0.000000 0.081820 0.007026 1.642381
0.911153 0.000000 0.000000 0.000000 0.000000 0.081820 0.007026 1.642381
0.911153 0.000000 0.000000 0.000000 0.000000 0.081820 0.007026 1.642381
0.911153 0.000000 0.000000 0.000000 0.000000 0.081820 0.007026 1.642381
0.911153 0.000000 0.000000 0.000000 0.000000 0.081820 0.007026 1.642381
0.911153 0.000000 0.000000 0.000000 0.000000 0.081820 0.007026 1.642381
0.911153 0.000000 0.000000 0.000000 0.000000 0.081820 0.007026 1.642381
0.911153 0.000000 0.000000 0.000000 0.000000 0.081820 0.007026 1.642381
0.911153 0.000000 0.000000 0.000000 0.000000 0.081820 0.007026 1.642381
0.911153 0.000000 0.000000 0.000000 0.000000 0.081820 0.007026 1.642381
0.911153 0.000000 0.000000 0.000000 0.000000 0.081820 0.007026 1.642381
0.911153 0.000000 0.000000 0.000000 0.000000 0.081820 0.007026 1.642381
0.911153 0.000000 0.000000 0.000000 0.000000 0.081820 0.007026 1.642381
0.911153 0.000000 0.000000 0.000000 0.000000 0.081820 0.007026 1.642381
0.911153 0.000000 0.000000 0.000000 0.000000 0.081820 0.007026 1.642381
0.911153 0.000000 0.000000 0.000000 0.000000 0.081820 0.007026 1.642381
0.911153 0.000000 0.000000 0.000000 0.000000 0.081820 0.007026 1.642381
0.911153 0.000000 0.000000 0.000000 0.000000 0.081820 0.007026 1.642381
0.911153 0.000000 0.000000 0.000000 0.000000 0.081820 0.007026 1.642381
0.911153 0.000000 0.000000 0.000000 0.000000 0.081820 0.007026 1.642381
0.911153 0.000000 0.000000 0.000000 0.000000 0.081820 0.007026 1.642381
0.911153 0.000000 0.000000 0.000000 0.000000 0.081820 0.007026 1.642381
0.911153 0.000000 0.000000 0.000000 0.000000 0.081820 0.007026 1.642381
0.911153 0.000000 0.000000 0.000000 0.000000 0.081820 0.007026 1.642381
0.911153 0.000000 0.000000 0.000000 0.000000 0.081820 0.007026 1.642381
0.911153 0.000000 0.000000 0.000000 0.000000 0.081820 0.007026 1.642381
0.911153 0.000000 0.000000 0.000000 0.000000 0.081820 0.007026 1.642381
0.911153 0.000000 0.000000 0.000000 0.000000 0.081820 0.007026 1.642381
