0.999788 0.000174 0.000028 0.000010 0.000000 0.000000 0.000000
0.999676 0.000256 0.000030 0.000006 0.000000 0.000033 0.000000
0.999274 0.000603 0.000069 0.000035 0.000000 0.000019 0.000000
0.998895 0.000913 0.000086 0.000069 0.000000 0.000038 0.000000
0.998372 0.001313 0.000149 0.000115 0.000000 0.000051 0.000000
0.997345 0.002164 0.000245 0.000171 0.000000 0.000074 0.000000
0.995680 0.003560 0.000376 0.000263 0.000000 0.000121 0.000000
0.993639 0.005223 0.000566 0.000374 0.000000 0.000198 0.000000
0.990625 0.007653 0.000912 0.000543 0.000000 0.000268 0.000000
0.986249 0.011162 0.001378 0.000830 0.000000 0.000381 0.000000
0.981037 0.015183 0.002013 0.001201 0.000001 0.000565 0.000000
0.973889 0.020778 0.002897 0.001652 0.000002 0.000782 0.000000
0.964949 0.027513 0.004212 0.002257 0.000003 0.001066 0.000000
0.953978 0.035716 0.005773 0.003013 0.000002 0.001518 0.000000
0.941353 0.044916 0.007610 0.003932 0.000008 0.002182 0.000000
0.926205 0.056015 0.009683 0.005060 0.000008 0.003028 0.000000
0.909891 0.067436 0.012326 0.006377 0.000010 0.003960 0.000000
0.891959 0.079819 0.015230 0.007848 0.000012 0.005133 0.000000
0.873850 0.091659 0.018501 0.009531 0.000017 0.006444 0.000000
0.852783 0.105091 0.022373 0.011606 0.000025 0.008122 0.000000
0.830927 0.118471 0.026601 0.013826 0.000036 0.010138 0.000000
0.809901 0.130796 0.030877 0.016050 0.000046 0.012329 0.000002
0.788000 0.142909 0.035720 0.018451 0.000055 0.014863 0.000001
0.766572 0.153952 0.040520 0.020945 0.000067 0.017942 0.000001
0.744904 0.164232 0.045697 0.023760 0.000082 0.021325 0.000001
0.725548 0.172323 0.050702 0.026483 0.000090 0.024853 0.000001
0.705960 0.179673 0.055979 0.029349 0.000100 0.028938 0.000002
0.686728 0.186232 0.061248 0.032110 0.000120 0.033560 0.000002
0.668857 0.191586 0.066207 0.034806 0.000144 0.038398 0.000003
0.651231 0.195607 0.071403 0.037641 0.000176 0.043939 0.000003
0.634401 0.199083 0.076360 0.040349 0.000192 0.049611 0.000003
0.617979 0.201793 0.081376 0.042831 0.000211 0.055806 0.000004
0.601203 0.203898 0.086569 0.045487 0.000234 0.062604 0.000004
0.585864 0.205224 0.091274 0.047809 0.000261 0.069562 0.000006
0.568813 0.206494 0.096291 0.050587 0.000278 0.077530 0.000006
0.554108 0.206074 0.100841 0.053113 0.000299 0.085557 0.000008
0.540628 0.205004 0.105030 0.055200 0.000338 0.093790 0.000009
0.528039 0.202690 0.108912 0.057274 0.000373 0.102702 0.000010
0.517651 0.199743 0.111947 0.058981 0.000404 0.111263 0.000012
0.507469 0.196385 0.115091 0.060479 0.000425 0.120140 0.000013
0.497286 0.192746 0.117888 0.061922 0.000459 0.129685 0.000014
0.489566 0.188989 0.119836 0.062831 0.000496 0.138266 0.000015
0.479473 0.185511 0.122378 0.064018 0.000534 0.148070 0.000016
0.470609 0.181559 0.124161 0.064975 0.000575 0.158104 0.000017
0.462688 0.177296 0.125476 0.065854 0.000609 0.168057 0.000020
0.454910 0.173497 0.126792 0.066632 0.000629 0.177519 0.000020
0.447646 0.168854 0.127762 0.067260 0.000640 0.187815 0.000023
0.440413 0.164617 0.128681 0.067718 0.000660 0.197885 0.000026
0.433091 0.159606 0.129426 0.068071 0.000681 0.209095 0.000029
0.427510 0.155194 0.129666 0.068132 0.000711 0.218755 0.000032
0.422875 0.150579 0.129396 0.067928 0.000743 0.228444 0.000035
0.417907 0.146178 0.129164 0.067938 0.000774 0.238001 0.000038
0.413333 0.141042 0.128818 0.067761 0.000796 0.248207 0.000043
0.409969 0.135934 0.127847 0.067347 0.000822 0.258036 0.000045
0.407015 0.132219 0.126725 0.066921 0.000842 0.266232 0.000047
0.405050 0.127422 0.124971 0.066230 0.000856 0.275418 0.000051
0.402601 0.123041 0.123671 0.065646 0.000862 0.284125 0.000054
0.399627 0.118562 0.122228 0.064944 0.000877 0.293705 0.000058
0.397877 0.114707 0.120584 0.064111 0.000890 0.301771 0.000059
0.396024 0.111090 0.118706 0.063159 0.000911 0.310049 0.000060
0.393720 0.107793 0.117093 0.062250 0.000929 0.318151 0.000063
0.392074 0.104967 0.115316 0.061343 0.000940 0.325292 0.000069
0.389340 0.101322 0.113502 0.060382 0.000960 0.334421 0.000074
0.387565 0.097789 0.111534 0.059330 0.000978 0.342725 0.000077
0.386195 0.094656 0.109633 0.058345 0.000988 0.350102 0.000080
0.384657 0.091594 0.107818 0.057499 0.000996 0.357351 0.000085
0.383257 0.088107 0.105890 0.056478 0.001004 0.365178 0.000087
0.382952 0.085432 0.103790 0.055427 0.001021 0.371289 0.000090
0.382311 0.081981 0.101611 0.054342 0.001031 0.378630 0.000094
0.382190 0.079212 0.099418 0.053250 0.001033 0.384800 0.000097
0.382172 0.076533 0.097365 0.052336 0.001035 0.390461 0.000099
0.382398 0.073392 0.094960 0.051098 0.001038 0.397012 0.000103
0.382928 0.070792 0.092769 0.049925 0.001037 0.402441 0.000108
0.383639 0.068554 0.090727 0.048902 0.001038 0.407027 0.000113
0.384461 0.065717 0.088234 0.047650 0.001043 0.412779 0.000116
0.385616 0.063488 0.086207 0.046456 0.001059 0.417053 0.000121
0.386762 0.061189 0.083994 0.045194 0.001059 0.421675 0.000126
0.388029 0.059205 0.081753 0.044052 0.001056 0.425777 0.000129
0.389645 0.057175 0.079366 0.042631 0.001056 0.429995 0.000132
0.391037 0.055768 0.077733 0.041679 0.001062 0.432586 0.000135
0.392777 0.054078 0.075555 0.040497 0.001047 0.435908 0.000138
0.394541 0.052115 0.073341 0.039253 0.001043 0.439563 0.000144
0.396427 0.050879 0.071512 0.038335 0.001043 0.441656 0.000148
0.398418 0.049561 0.069606 0.037403 0.001036 0.443826 0.000150
0.400699 0.048051 0.067483 0.036293 0.001015 0.446307 0.000153
0.402916 0.047050 0.065887 0.035437 0.001004 0.447553 0.000153
0.405249 0.045756 0.064001 0.034307 0.000992 0.449537 0.000160
0.407551 0.044830 0.062380 0.033360 0.000971 0.450743 0.000165
0.409702 0.043804 0.060863 0.032466 0.000956 0.452044 0.000165
0.411756 0.043055 0.059492 0.031748 0.000952 0.452829 0.000167
0.414550 0.041974 0.057543 0.030677 0.000952 0.454132 0.000172
0.417004 0.041218 0.055926 0.029853 0.000937 0.454887 0.000175
0.419339 0.040567 0.054577 0.029146 0.000923 0.455268 0.000181
0.421446 0.039942 0.053352 0.028464 0.000923 0.455691 0.000183
0.423900 0.039398 0.052173 0.027734 0.000918 0.455694 0.000184
0.426524 0.038862 0.050861 0.026899 0.000898 0.455770 0.000186
0.428870 0.038398 0.049637 0.026251 0.000883 0.455770 0.000191
0.431078 0.038138 0.048660 0.025746 0.000872 0.455312 0.000194
0.433525 0.037767 0.047457 0.025150 0.000863 0.455043 0.000195
0.435816 0.037390 0.046606 0.024690 0.000861 0.454439 0.000198
0.438110 0.037167 0.045793 0.024260 0.000850 0.453617 0.000203
0.440383 0.036852 0.044873 0.023791 0.000825 0.453070 0.000206
0.442941 0.036642 0.043884 0.023303 0.000808 0.452215 0.000208
0.445275 0.036401 0.043053 0.022821 0.000796 0.451441 0.000212
0.447566 0.036246 0.042397 0.022477 0.000774 0.450322 0.000218
0.449702 0.036217 0.041702 0.022057 0.000766 0.449337 0.000220
0.452028 0.035956 0.041157 0.021703 0.000749 0.448189 0.000219
0.453933 0.035971 0.040478 0.021336 0.000730 0.447332 0.000221
0.455973 0.036025 0.039931 0.021098 0.000717 0.446030 0.000225
0.458261 0.035925 0.039356 0.020801 0.000706 0.444722 0.000229
0.460561 0.035953 0.038852 0.020533 0.000690 0.443177 0.000232
0.462562 0.035996 0.038545 0.020297 0.000694 0.441673 0.000234
0.464764 0.036129 0.038010 0.020000 0.000694 0.440166 0.000237
0.466675 0.036325 0.037528 0.019802 0.000683 0.438747 0.000240
0.468171 0.036523 0.037299 0.019673 0.000668 0.437425 0.000241
0.470397 0.036612 0.036912 0.019398 0.000662 0.435774 0.000245
0.471624 0.036851 0.036705 0.019328 0.000662 0.434580 0.000249
0.473861 0.036930 0.036353 0.019137 0.000636 0.432830 0.000252
0.475494 0.037189 0.036163 0.018970 0.000626 0.431302 0.000256
0.476988 0.037374 0.035961 0.018837 0.000617 0.429968 0.000256
0.478621 0.037630 0.035776 0.018668 0.000598 0.428449 0.000258
0.479893 0.037802 0.035696 0.018628 0.000590 0.427130 0.000262
0.481501 0.037952 0.035539 0.018567 0.000583 0.425597 0.000262
0.483736 0.037651 0.035372 0.018396 0.000578 0.424005 0.000262
0.486160 0.036916 0.035267 0.018288 0.000569 0.422536 0.000264
0.488686 0.035888 0.035174 0.018113 0.000577 0.421294 0.000267
0.492158 0.034713 0.035061 0.017849 0.000577 0.419376 0.000266
0.495422 0.033443 0.034869 0.017600 0.000572 0.417825 0.000270
0.498995 0.032006 0.034598 0.017266 0.000559 0.416303 0.000274
0.502629 0.030439 0.034262 0.016897 0.000548 0.414951 0.000274
0.506520 0.028881 0.033793 0.016527 0.000540 0.413461 0.000278
0.510443 0.027459 0.033295 0.016172 0.000534 0.411818 0.000279
0.514937 0.026141 0.032747 0.015733 0.000523 0.409637 0.000282
0.518660 0.024780 0.032300 0.015305 0.000513 0.408159 0.000283
0.522780 0.023356 0.031645 0.014862 0.000499 0.406571 0.000287
0.526963 0.022119 0.031081 0.014489 0.000492 0.404564 0.000290
0.531225 0.020800 0.030476 0.014049 0.000487 0.402671 0.000291
0.535301 0.019703 0.029770 0.013686 0.000483 0.400762 0.000293
0.539829 0.018697 0.028975 0.013214 0.000472 0.398519 0.000294
0.544124 0.017652 0.028211 0.012774 0.000457 0.396484 0.000298
0.548335 0.016605 0.027434 0.012327 0.000453 0.394549 0.000296
0.552803 0.015646 0.026666 0.011920 0.000438 0.392227 0.000300
0.557074 0.014797 0.025861 0.011503 0.000430 0.390035 0.000301
0.561233 0.013924 0.025132 0.011132 0.000415 0.387860 0.000303
0.565402 0.013135 0.024292 0.010766 0.000406 0.385697 0.000303
0.569800 0.012385 0.023499 0.010366 0.000399 0.383249 0.000304
0.574185 0.011744 0.022679 0.009966 0.000392 0.380724 0.000311
0.578850 0.011068 0.021884 0.009580 0.000379 0.377931 0.000308
0.582780 0.010495 0.021171 0.009204 0.000375 0.375658 0.000317
0.587324 0.009907 0.020348 0.008806 0.000373 0.372929 0.000314
0.591420 0.009452 0.019602 0.008481 0.000361 0.370365 0.000319
0.595940 0.008923 0.018832 0.008079 0.000347 0.367558 0.000319
0.599894 0.008465 0.018184 0.007802 0.000340 0.364995 0.000320
0.604525 0.007981 0.017453 0.007498 0.000332 0.361888 0.000323
0.608462 0.007553 0.016809 0.007143 0.000326 0.359383 0.000325
0.612959 0.007136 0.016137 0.006889 0.000308 0.356244 0.000327
0.617298 0.006786 0.015505 0.006626 0.000296 0.353163 0.000326
0.621187 0.006439 0.014906 0.006378 0.000289 0.350471 0.000330
0.625714 0.006112 0.014239 0.006077 0.000278 0.347247 0.000333
0.629762 0.005785 0.013664 0.005837 0.000267 0.344353 0.000332
0.633658 0.005496 0.013108 0.005606 0.000261 0.341536 0.000334
0.637798 0.005221 0.012596 0.005342 0.000253 0.338454 0.000335
0.641752 0.004943 0.012055 0.005115 0.000244 0.335554 0.000337
0.645895 0.004679 0.011521 0.004890 0.000237 0.332440 0.000338
0.649957 0.004479 0.011057 0.004704 0.000224 0.329241 0.000338
0.653881 0.004266 0.010586 0.004475 0.000217 0.326240 0.000336
0.657774 0.004076 0.010143 0.004275 0.000215 0.323178 0.000339
0.661646 0.003926 0.009646 0.004075 0.000215 0.320155 0.000337
0.665498 0.003739 0.009241 0.003877 0.000206 0.317099 0.000340
0.669259 0.003586 0.008864 0.003694 0.000208 0.314051 0.000337
0.672918 0.003442 0.008515 0.003519 0.000197 0.311069 0.000340
0.676952 0.003295 0.008113 0.003399 0.000187 0.307713 0.000340
0.680361 0.003126 0.007767 0.003264 0.000178 0.304961 0.000343
0.684079 0.002979 0.007428 0.003128 0.000176 0.301866 0.000343
0.687794 0.002870 0.007131 0.003009 0.000173 0.298684 0.000340
0.691794 0.002773 0.006816 0.002893 0.000169 0.295209 0.000346
0.694854 0.002676 0.006535 0.002789 0.000166 0.292642 0.000338
0.698498 0.002588 0.006275 0.002673 0.000162 0.289456 0.000348
0.702090 0.002493 0.006017 0.002559 0.000158 0.286332 0.000351
0.705393 0.002432 0.005791 0.002463 0.000153 0.283421 0.000347
0.708807 0.002329 0.005481 0.002326 0.000150 0.280559 0.000348
0.712179 0.002271 0.005250 0.002236 0.000143 0.277572 0.000349
0.715530 0.002175 0.005030 0.002163 0.000139 0.274614 0.000351
0.718702 0.002076 0.004799 0.002066 0.000131 0.271876 0.000350
0.722188 0.002025 0.004641 0.002008 0.000132 0.268659 0.000347
0.725282 0.001951 0.004395 0.001927 0.000128 0.265967 0.000350
0.728658 0.001862 0.004206 0.001832 0.000126 0.262964 0.000351
0.731895 0.001798 0.004023 0.001762 0.000126 0.260050 0.000346
0.735088 0.001742 0.003850 0.001707 0.000125 0.257143 0.000346
0.738209 0.001679 0.003691 0.001635 0.000120 0.254318 0.000349
0.741262 0.001596 0.003520 0.001579 0.000118 0.251574 0.000351
0.744077 0.001578 0.003390 0.001515 0.000113 0.248972 0.000356
0.747285 0.001512 0.003252 0.001448 0.000105 0.246046 0.000352
0.750193 0.001480 0.003138 0.001407 0.000105 0.243322 0.000354
0.753133 0.001421 0.003024 0.001364 0.000101 0.240603 0.000354
0.756297 0.001359 0.002901 0.001315 0.000100 0.237674 0.000354
0.759588 0.001285 0.002776 0.001269 0.000092 0.234633 0.000357
0.762317 0.001261 0.002641 0.001203 0.000092 0.232128 0.000359
0.765026 0.001224 0.002537 0.001164 0.000090 0.229603 0.000356
0.767966 0.001193 0.002463 0.001128 0.000089 0.226805 0.000357
0.770748 0.001174 0.002346 0.001077 0.000087 0.224211 0.000358
0.773491 0.001152 0.002243 0.001031 0.000082 0.221644 0.000357
0.776134 0.001121 0.002144 0.000989 0.000078 0.219183 0.000351
0.778989 0.001101 0.002062 0.000942 0.000081 0.216467 0.000357
0.781697 0.001073 0.001994 0.000914 0.000079 0.213883 0.000360
0.784471 0.001027 0.001932 0.000886 0.000077 0.211252 0.000354
0.786988 0.000996 0.001880 0.000860 0.000076 0.208842 0.000359
0.789343 0.000957 0.001811 0.000829 0.000072 0.206636 0.000353
0.792166 0.000915 0.001750 0.000784 0.000070 0.203957 0.000359
0.794520 0.000879 0.001683 0.000757 0.000071 0.201735 0.000354
0.797243 0.000843 0.001619 0.000735 0.000066 0.199138 0.000355
0.799598 0.000817 0.001552 0.000716 0.000066 0.196895 0.000356
0.801957 0.000796 0.001502 0.000691 0.000065 0.194630 0.000358
0.804212 0.000765 0.001457 0.000681 0.000062 0.192465 0.000357
0.806632 0.000754 0.001450 0.000668 0.000059 0.190075 0.000361
0.809086 0.000724 0.001395 0.000638 0.000056 0.187743 0.000360
0.811539 0.000692 0.001309 0.000603 0.000053 0.185446 0.000358
0.813885 0.000659 0.001280 0.000592 0.000050 0.183169 0.000365
0.815989 0.000642 0.001233 0.000581 0.000047 0.181143 0.000365
0.818268 0.000627 0.001185 0.000551 0.000047 0.178958 0.000363
0.820804 0.000615 0.001128 0.000525 0.000041 0.176527 0.000359
0.823190 0.000596 0.001103 0.000523 0.000041 0.174182 0.000365
0.824970 0.000589 0.001053 0.000504 0.000038 0.172482 0.000363
0.827221 0.000580 0.001029 0.000481 0.000034 0.170290 0.000365
0.829353 0.000560 0.001000 0.000471 0.000034 0.168218 0.000363
0.831163 0.000554 0.000957 0.000464 0.000035 0.166465 0.000362
0.833236 0.000550 0.000942 0.000443 0.000033 0.164431 0.000366
0.835517 0.000512 0.000898 0.000429 0.000033 0.162242 0.000370
0.837588 0.000505 0.000859 0.000411 0.000032 0.160241 0.000365
0.839533 0.000495 0.000828 0.000400 0.000031 0.158345 0.000369
0.841628 0.000483 0.000809 0.000392 0.000032 0.156287 0.000369
0.843248 0.000465 0.000787 0.000390 0.000029 0.154713 0.000368
0.845290 0.000444 0.000766 0.000385 0.000028 0.152725 0.000362
0.847046 0.000436 0.000744 0.000369 0.000029 0.151011 0.000364
0.848902 0.000428 0.000713 0.000356 0.000027 0.149204 0.000369
0.850979 0.000413 0.000693 0.000337 0.000025 0.147186 0.000368
0.852668 0.000401 0.000688 0.000338 0.000025 0.145511 0.000368
0.854427 0.000410 0.000682 0.000334 0.000025 0.143757 0.000365
0.856239 0.000385 0.000650 0.000317 0.000025 0.142011 0.000372
0.858137 0.000378 0.000630 0.000300 0.000025 0.140160 0.000371
0.859954 0.000367 0.000610 0.000303 0.000026 0.138373 0.000367
0.861673 0.000362 0.000590 0.000288 0.000026 0.136696 0.000365
0.863220 0.000339 0.000576 0.000271 0.000022 0.135199 0.000373
0.864905 0.000334 0.000567 0.000265 0.000021 0.133541 0.000367
0.866766 0.000330 0.000541 0.000255 0.000019 0.131722 0.000366
0.868456 0.000312 0.000492 0.000248 0.000020 0.130107 0.000365
0.870012 0.000306 0.000489 0.000250 0.000020 0.128548 0.000374
0.871611 0.000300 0.000471 0.000240 0.000020 0.126996 0.000362
0.873282 0.000293 0.000447 0.000226 0.000019 0.125366 0.000367
0.874860 0.000302 0.000447 0.000222 0.000017 0.123786 0.000366
0.876385 0.000303 0.000433 0.000217 0.000017 0.122276 0.000368
0.878124 0.000290 0.000427 0.000209 0.000016 0.120567 0.000366
0.879599 0.000276 0.000417 0.000208 0.000016 0.119114 0.000371
0.881205 0.000262 0.000392 0.000202 0.000016 0.117556 0.000367
0.882776 0.000260 0.000370 0.000188 0.000017 0.116027 0.000363
0.884177 0.000262 0.000368 0.000183 0.000016 0.114629 0.000365
0.885482 0.000254 0.000372 0.000185 0.000014 0.113333 0.000359
0.886782 0.000238 0.000363 0.000173 0.000013 0.112064 0.000367
0.888362 0.000214 0.000360 0.000170 0.000015 0.110503 0.000376
0.889722 0.000215 0.000341 0.000168 0.000014 0.109169 0.000371
0.891204 0.000216 0.000348 0.000161 0.000016 0.107691 0.000364
0.892418 0.000215 0.000342 0.000160 0.000015 0.106482 0.000369
0.894123 0.000201 0.000327 0.000164 0.000014 0.104820 0.000351
0.895666 0.000197 0.000319 0.000153 0.000013 0.103289 0.000362
0.896756 0.000180 0.000311 0.000145 0.000013 0.102236 0.000360
0.898196 0.000194 0.000311 0.000147 0.000013 0.100786 0.000353
0.899135 0.000193 0.000312 0.000144 0.000012 0.099846 0.000359
0.900417 0.000198 0.000298 0.000136 0.000012 0.098583 0.000355
0.901766 0.000186 0.000293 0.000132 0.000011 0.097251 0.000362
0.903009 0.000192 0.000285 0.000128 0.000010 0.096012 0.000365
0.904294 0.000197 0.000276 0.000127 0.000010 0.094730 0.000366
0.905234 0.000189 0.000273 0.000117 0.000009 0.093815 0.000364
0.906475 0.000182 0.000274 0.000114 0.000011 0.092589 0.000356
0.907785 0.000180 0.000280 0.000114 0.000012 0.091277 0.000353
0.908841 0.000186 0.000290 0.000116 0.000010 0.090192 0.000364
0.910400 0.000185 0.000287 0.000106 0.000011 0.088651 0.000359
0.911491 0.000188 0.000278 0.000101 0.000011 0.087566 0.000365
0.912625 0.000197 0.000280 0.000104 0.000011 0.086416 0.000366
0.913601 0.000173 0.000265 0.000103 0.000013 0.085473 0.000372
0.914997 0.000163 0.000258 0.000098 0.000012 0.084112 0.000360
0.916097 0.000156 0.000248 0.000101 0.000013 0.083026 0.000360
0.916645 0.000160 0.000241 0.000097 0.000009 0.082473 0.000375
0.918113 0.000148 0.000234 0.000085 0.000010 0.081044 0.000365
0.919027 0.000151 0.000234 0.000087 0.000010 0.080129 0.000362
0.920148 0.000139 0.000224 0.000093 0.000009 0.079022 0.000365
0.921050 0.000140 0.000223 0.000083 0.000009 0.078129 0.000366
0.922230 0.000154 0.000225 0.000084 0.000008 0.076938 0.000362
0.922863 0.000155 0.000220 0.000085 0.000007 0.076310 0.000360
0.923824 0.000145 0.000210 0.000082 0.000006 0.075371 0.000361
0.925008 0.000160 0.000217 0.000085 0.000006 0.074157 0.000367
0.925963 0.000149 0.000203 0.000082 0.000009 0.073238 0.000357
0.926868 0.000157 0.000208 0.000095 0.000007 0.072314 0.000351
0.927935 0.000129 0.000190 0.000085 0.000007 0.071310 0.000346
0.928890 0.000129 0.000192 0.000078 0.000006 0.070358 0.000346
0.929776 0.000138 0.000196 0.000081 0.000006 0.069450 0.000353
0.930462 0.000145 0.000198 0.000094 0.000006 0.068750 0.000347
0.931497 0.000147 0.000199 0.000096 0.000007 0.067699 0.000354
0.932483 0.000133 0.000177 0.000093 0.000007 0.066752 0.000355
0.933165 0.000146 0.000179 0.000092 0.000005 0.066071 0.000342
0.949339 0.000064 0.000082 0.000038 0.000003 0.050224 0.000249
