0.368626 0.061901 0.054840 0.031481 0.001892 0.475583 0.005678 1.551648
0.370893 0.059619 0.054782 0.031338 0.001893 0.475776 0.005699 1.557575
0.373953 0.056735 0.054640 0.031086 0.001902 0.475957 0.005727 1.563297
0.377548 0.053673 0.054315 0.030800 0.001891 0.476019 0.005755 1.568735
0.381462 0.050564 0.053887 0.030388 0.001894 0.476031 0.005774 1.573853
0.385558 0.047711 0.053201 0.029854 0.001902 0.475982 0.005792 1.578605
0.389699 0.044935 0.052434 0.029301 0.001913 0.475903 0.005815 1.583094
0.394036 0.042210 0.051572 0.028637 0.001912 0.475791 0.005841 1.587402
0.398398 0.039746 0.050617 0.027892 0.001909 0.475574 0.005864 1.591352
0.403032 0.037289 0.049550 0.027150 0.001907 0.475186 0.005886 1.595135
0.407545 0.034978 0.048449 0.026417 0.001902 0.474802 0.005908 1.598724
0.412345 0.032856 0.047141 0.025659 0.001903 0.474171 0.005926 1.602020
0.417221 0.030805 0.045894 0.024945 0.001901 0.473284 0.005949 1.605188
0.422024 0.028956 0.044604 0.024169 0.001895 0.472377 0.005975 1.608109
0.426874 0.027276 0.043319 0.023364 0.001876 0.471293 0.005998 1.610811
0.431994 0.025594 0.042021 0.022542 0.001877 0.469951 0.006022 1.613413
0.436997 0.024061 0.040713 0.021709 0.001889 0.468588 0.006044 1.615851
0.441966 0.022726 0.039349 0.020989 0.001877 0.467031 0.006063 1.618106
0.446969 0.021355 0.038093 0.020251 0.001870 0.465376 0.006085 1.620328
0.452024 0.020119 0.036803 0.019522 0.001850 0.463574 0.006107 1.622389
0.457046 0.019007 0.035530 0.018784 0.001824 0.461678 0.006133 1.624284
0.461995 0.017985 0.034240 0.018089 0.001791 0.459738 0.006162 1.626086
0.466961 0.017043 0.032946 0.017388 0.001756 0.457721 0.006185 1.627787
0.471956 0.016108 0.031713 0.016668 0.001743 0.455608 0.006202 1.629411
0.476910 0.015271 0.030540 0.016028 0.001725 0.453305 0.006221 1.630959
0.481843 0.014475 0.029385 0.015342 0.001689 0.451016 0.006249 1.632428
0.486917 0.013728 0.028213 0.014698 0.001664 0.448510 0.006270 1.633823
0.491832 0.013048 0.027100 0.014126 0.001642 0.445964 0.006287 1.635160
0.496735 0.012439 0.025961 0.013590 0.001610 0.443354 0.006309 1.636411
0.501666 0.011863 0.024947 0.013027 0.001579 0.440588 0.006330 1.637610
0.506570 0.011310 0.023971 0.012551 0.001555 0.437693 0.006350 1.638758
0.511468 0.010757 0.023034 0.012057 0.001543 0.434777 0.006365 1.639836
0.516299 0.010229 0.022120 0.011593 0.001507 0.431867 0.006384 1.640900
0.521121 0.009805 0.021194 0.011064 0.001474 0.428937 0.006404 1.641861
0.525943 0.009366 0.020357 0.010595 0.001442 0.425870 0.006426 1.642830
0.530739 0.008970 0.019512 0.010125 0.001402 0.422805 0.006446 1.643704
0.535590 0.008576 0.018681 0.009699 0.001373 0.419618 0.006466 1.644554
0.540399 0.008211 0.017962 0.009309 0.001344 0.416293 0.006481 1.645399
0.545149 0.007899 0.017220 0.008960 0.001312 0.412957 0.006503 1.646190
0.549805 0.007564 0.016536 0.008629 0.001280 0.409665 0.006521 1.646971
0.554431 0.007259 0.015879 0.008269 0.001258 0.406364 0.006541 1.647708
0.559139 0.006973 0.015258 0.007913 0.001239 0.402920 0.006558 1.648429
0.563726 0.006709 0.014647 0.007589 0.001211 0.399550 0.006568 1.649106
0.568298 0.006460 0.014097 0.007319 0.001188 0.396055 0.006584 1.649782
0.572864 0.006230 0.013515 0.007032 0.001167 0.392591 0.006601 1.650404
0.577289 0.006006 0.012996 0.006712 0.001142 0.389244 0.006611 1.651023
0.581761 0.005829 0.012396 0.006443 0.001114 0.385833 0.006626 1.651585
0.586174 0.005630 0.011889 0.006149 0.001094 0.382420 0.006644 1.652135
0.590549 0.005444 0.011389 0.005895 0.001071 0.378995 0.006658 1.652657
0.594917 0.005279 0.010964 0.005662 0.001048 0.375458 0.006671 1.653168
0.599234 0.005096 0.010532 0.005435 0.001021 0.371999 0.006684 1.653695
0.603582 0.004937 0.010144 0.005210 0.000988 0.368437 0.006703 1.654183
0.607955 0.004807 0.009742 0.004998 0.000958 0.364823 0.006718 1.654637
0.612158 0.004697 0.009354 0.004790 0.000926 0.361342 0.006733 1.655085
0.616394 0.004524 0.009005 0.004612 0.000896 0.357821 0.006747 1.655546
0.620587 0.004417 0.008661 0.004445 0.000873 0.354258 0.006759 1.655953
0.624752 0.004261 0.008318 0.004273 0.000847 0.350780 0.006769 1.656389
0.628865 0.004168 0.008015 0.004089 0.000823 0.347260 0.006782 1.656772
0.632924 0.004077 0.007694 0.003939 0.000796 0.343781 0.006790 1.657151
0.636953 0.003982 0.007403 0.003783 0.000781 0.340304 0.006796 1.657530
0.640884 0.003869 0.007140 0.003647 0.000764 0.336892 0.006805 1.657917
0.644868 0.003756 0.006865 0.003524 0.000741 0.333429 0.006818 1.658283
0.648744 0.003663 0.006625 0.003379 0.000722 0.330040 0.006827 1.658641
0.652581 0.003564 0.006392 0.003250 0.000705 0.326674 0.006835 1.658985
0.656499 0.003467 0.006198 0.003126 0.000693 0.323173 0.006845 1.659326
0.660260 0.003384 0.005960 0.003040 0.000673 0.319829 0.006855 1.659661
0.664017 0.003299 0.005752 0.002935 0.000655 0.316477 0.006866 1.659994
0.667681 0.003216 0.005557 0.002840 0.000628 0.313203 0.006875 1.660309
0.671313 0.003102 0.005393 0.002762 0.000609 0.309937 0.006884 1.660635
0.674890 0.003040 0.005184 0.002652 0.000592 0.306746 0.006896 1.660905
0.678537 0.002973 0.005015 0.002543 0.000576 0.303452 0.006905 1.661198
0.682043 0.002894 0.004855 0.002480 0.000550 0.300265 0.006913 1.661492
0.685592 0.002823 0.004679 0.002400 0.000539 0.297051 0.006918 1.661779
0.689072 0.002745 0.004534 0.002329 0.000524 0.293874 0.006922 1.662069
0.692538 0.002663 0.004407 0.002236 0.000511 0.290717 0.006928 1.662353
0.695897 0.002624 0.004268 0.002160 0.000493 0.287625 0.006934 1.662604
0.699272 0.002554 0.004130 0.002095 0.000483 0.284527 0.006938 1.662854
0.702570 0.002505 0.004015 0.002039 0.000469 0.281454 0.006947 1.663101
0.705845 0.002453 0.003914 0.001977 0.000460 0.278400 0.006952 1.663352
0.709115 0.002405 0.003791 0.001919 0.000451 0.275363 0.006957 1.663591
0.712337 0.002342 0.003673 0.001877 0.000443 0.272368 0.006960 1.663833
0.715542 0.002293 0.003562 0.001812 0.000424 0.269396 0.006971 1.664067
0.718692 0.002232 0.003452 0.001768 0.000412 0.266467 0.006978 1.664295
0.721848 0.002183 0.003361 0.001727 0.000398 0.263500 0.006983 1.664523
0.724964 0.002133 0.003259 0.001689 0.000389 0.260578 0.006989 1.664730
0.727985 0.002109 0.003154 0.001631 0.000377 0.257749 0.006995 1.664921
0.730990 0.002076 0.003049 0.001587 0.000367 0.254931 0.007000 1.665119
0.733969 0.002035 0.002965 0.001550 0.000352 0.252123 0.007006 1.665323
0.737004 0.001978 0.002877 0.001500 0.000343 0.249290 0.007009 1.665517
0.739955 0.001943 0.002806 0.001458 0.000338 0.246491 0.007010 1.665697
0.742907 0.001888 0.002734 0.001427 0.000328 0.243702 0.007015 1.665894
0.745765 0.001846 0.002672 0.001383 0.000317 0.240998 0.007020 1.666072
0.748621 0.001820 0.002595 0.001350 0.000311 0.238278 0.007025 1.666246
0.751438 0.001782 0.002528 0.001320 0.000303 0.235600 0.007030 1.666429
0.754220 0.001747 0.002458 0.001287 0.000290 0.232962 0.007037 1.666598
0.757013 0.001715 0.002396 0.001250 0.000279 0.230304 0.007043 1.666776
0.759805 0.001678 0.002325 0.001223 0.000271 0.227650 0.007049 1.666949
0.762507 0.001636 0.002264 0.001179 0.000264 0.225097 0.007053 1.667120
0.765237 0.001612 0.002214 0.001144 0.000250 0.222486 0.007057 1.667277
0.767887 0.001591 0.002169 0.001106 0.000246 0.219941 0.007061 1.667428
0.770489 0.001569 0.002107 0.001098 0.000239 0.217433 0.007065 1.667582
0.773061 0.001548 0.002061 0.001078 0.000233 0.214951 0.007069 1.667735
0.775623 0.001514 0.002011 0.001053 0.000232 0.212497 0.007070 1.667884
0.778137 0.001477 0.001965 0.001040 0.000226 0.210084 0.007072 1.668037
0.780617 0.001452 0.001908 0.001012 0.000217 0.207719 0.007076 1.668174
0.783077 0.001434 0.001868 0.000995 0.000213 0.205336 0.007078 1.668305
0.785483 0.001420 0.001822 0.000975 0.000206 0.203014 0.007081 1.668435
0.787894 0.001397 0.001789 0.000954 0.000201 0.200681 0.007086 1.668586
0.790328 0.001375 0.001762 0.000942 0.000195 0.198309 0.007088 1.668726
0.792709 0.001355 0.001727 0.000910 0.000193 0.196017 0.007090 1.668865
0.795051 0.001354 0.001688 0.000891 0.000189 0.193735 0.007093 1.668983
0.797281 0.001341 0.001654 0.000875 0.000184 0.191570 0.007095 1.669104
0.799504 0.001320 0.001633 0.000852 0.000180 0.189417 0.007096 1.669234
0.801704 0.001300 0.001609 0.000840 0.000173 0.187277 0.007098 1.669366
0.803942 0.001275 0.001581 0.000828 0.000171 0.185104 0.007100 1.669490
0.806173 0.001245 0.001558 0.000815 0.000165 0.182942 0.007102 1.669616
0.808337 0.001224 0.001536 0.000807 0.000159 0.180833 0.007104 1.669745
0.810436 0.001220 0.001508 0.000786 0.000153 0.178787 0.007109 1.669849
0.812547 0.001199 0.001487 0.000764 0.000146 0.176746 0.007111 1.669968
0.814687 0.001171 0.001456 0.000751 0.000141 0.174681 0.007113 1.670082
0.816781 0.001167 0.001430 0.000737 0.000142 0.172627 0.007116 1.670194
0.818812 0.001157 0.001397 0.000711 0.000137 0.170666 0.007119 1.670305
0.820873 0.001146 0.001364 0.000704 0.000138 0.168655 0.007121 1.670412
0.822910 0.001128 0.001337 0.000686 0.000134 0.166684 0.007122 1.670528
0.824889 0.001121 0.001309 0.000670 0.000132 0.164755 0.007124 1.670633
0.826860 0.001097 0.001277 0.000670 0.000130 0.162840 0.007126 1.670740
0.828834 0.001080 0.001266 0.000663 0.000126 0.160902 0.007129 1.670850
0.830721 0.001074 0.001242 0.000651 0.000124 0.159058 0.007130 1.670946
0.832570 0.001043 0.001221 0.000637 0.000123 0.157275 0.007131 1.671054
0.834405 0.001025 0.001220 0.000628 0.000120 0.155471 0.007132 1.671156
0.836243 0.001003 0.001210 0.000611 0.000118 0.153682 0.007134 1.671264
0.838119 0.000980 0.001180 0.000602 0.000116 0.151868 0.007135 1.671360
0.839952 0.000970 0.001153 0.000585 0.000112 0.150091 0.007138 1.671447
0.841746 0.000949 0.001124 0.000582 0.000108 0.148351 0.007139 1.671544
0.843518 0.000931 0.001107 0.000577 0.000105 0.146622 0.007141 1.671634
0.845245 0.000912 0.001092 0.000569 0.000104 0.144937 0.007142 1.671731
0.846962 0.000892 0.001075 0.000568 0.000103 0.143257 0.007142 1.671822
0.848657 0.000893 0.001054 0.000562 0.000103 0.141588 0.007144 1.671902
0.850326 0.000880 0.001049 0.000548 0.000101 0.139951 0.007144 1.671995
0.852002 0.000868 0.001042 0.000533 0.000099 0.138312 0.007144 1.672075
0.853648 0.000848 0.001031 0.000536 0.000094 0.136697 0.007146 1.672170
0.855277 0.000837 0.001004 0.000519 0.000093 0.135124 0.007146 1.672249
0.856903 0.000831 0.000992 0.000510 0.000089 0.133526 0.007149 1.672329
0.858473 0.000819 0.000972 0.000504 0.000086 0.131995 0.007151 1.672405
0.860030 0.000824 0.000946 0.000487 0.000083 0.130478 0.007152 1.672472
0.861537 0.000816 0.000934 0.000479 0.000080 0.129001 0.007153 1.672552
0.863057 0.000808 0.000921 0.000465 0.000077 0.127517 0.007154 1.672638
0.864561 0.000790 0.000913 0.000462 0.000076 0.126042 0.007155 1.672726
0.866045 0.000786 0.000903 0.000455 0.000076 0.124579 0.007155 1.672798
0.867529 0.000780 0.000877 0.000444 0.000075 0.123139 0.007156 1.672865
0.868989 0.000765 0.000870 0.000445 0.000073 0.121701 0.007157 1.672944
0.870427 0.000763 0.000847 0.000442 0.000070 0.120291 0.007159 1.673016
0.871821 0.000765 0.000832 0.000433 0.000070 0.118920 0.007160 1.673086
0.873212 0.000753 0.000829 0.000430 0.000067 0.117548 0.007162 1.673166
0.874585 0.000743 0.000816 0.000423 0.000063 0.116206 0.007163 1.673242
0.875945 0.000737 0.000801 0.000415 0.000062 0.114875 0.007165 1.673316
0.877323 0.000722 0.000793 0.000413 0.000063 0.113521 0.007165 1.673390
0.878694 0.000698 0.000789 0.000411 0.000062 0.112181 0.007166 1.673471
0.880028 0.000671 0.000777 0.000403 0.000058 0.110895 0.007168 1.673541
0.881382 0.000656 0.000759 0.000397 0.000055 0.109582 0.007170 1.673608
0.882703 0.000638 0.000765 0.000387 0.000053 0.108285 0.007170 1.673681
0.883992 0.000624 0.000749 0.000380 0.000051 0.107034 0.007171 1.673745
0.885248 0.000628 0.000730 0.000373 0.000051 0.105799 0.007171 1.673800
0.886512 0.000627 0.000719 0.000361 0.000050 0.104559 0.007172 1.673857
0.887711 0.000630 0.000710 0.000355 0.000048 0.103372 0.007174 1.673920
0.888949 0.000625 0.000702 0.000353 0.000046 0.102150 0.007175 1.673986
0.890144 0.000617 0.000688 0.000355 0.000044 0.100975 0.007176 1.674047
0.891358 0.000610 0.000669 0.000357 0.000044 0.099785 0.007177 1.674107
0.892574 0.000604 0.000659 0.000343 0.000045 0.098599 0.007177 1.674169
0.893752 0.000595 0.000654 0.000346 0.000045 0.097431 0.007177 1.674230
0.894876 0.000591 0.000634 0.000352 0.000045 0.096325 0.007177 1.674290
0.896026 0.000588 0.000636 0.000346 0.000045 0.095182 0.007177 1.674348
0.897162 0.000572 0.000631 0.000348 0.000044 0.094066 0.007178 1.674409
0.898275 0.000574 0.000628 0.000335 0.000042 0.092969 0.007178 1.674460
0.899353 0.000576 0.000617 0.000331 0.000041 0.091903 0.007178 1.674510
0.900435 0.000567 0.000603 0.000333 0.000041 0.090842 0.007179 1.674566
0.901459 0.000560 0.000595 0.000327 0.000042 0.089838 0.007180 1.674623
0.902504 0.000541 0.000597 0.000327 0.000040 0.088811 0.007180 1.674682
0.903528 0.000535 0.000586 0.000320 0.000040 0.087812 0.007180 1.674732
0.904495 0.000525 0.000583 0.000312 0.000040 0.086864 0.007180 1.674791
0.905451 0.000522 0.000580 0.000311 0.000039 0.085916 0.007181 1.674847
0.906451 0.000515 0.000564 0.000301 0.000039 0.084950 0.007182 1.674893
0.907471 0.000506 0.000556 0.000296 0.000041 0.083948 0.007182 1.674944
0.908405 0.000498 0.000546 0.000283 0.000042 0.083044 0.007183 1.674995
0.909362 0.000499 0.000539 0.000275 0.000044 0.082100 0.007183 1.675036
0.910286 0.000485 0.000531 0.000271 0.000043 0.081202 0.007183 1.675087
0.911177 0.000486 0.000522 0.000272 0.000042 0.080318 0.007183 1.675131
0.912071 0.000491 0.000522 0.000259 0.000039 0.079435 0.007184 1.675169
0.912953 0.000466 0.000529 0.000263 0.000040 0.078566 0.007184 1.675230
0.913812 0.000455 0.000518 0.000265 0.000040 0.077727 0.007184 1.675277
0.914658 0.000460 0.000509 0.000256 0.000038 0.076895 0.007185 1.675313
0.915508 0.000453 0.000500 0.000250 0.000037 0.076067 0.007185 1.675355
0.916324 0.000446 0.000502 0.000253 0.000036 0.075255 0.007185 1.675404
0.917151 0.000439 0.000485 0.000254 0.000035 0.074451 0.007186 1.675449
0.917951 0.000434 0.000474 0.000255 0.000035 0.073665 0.007187 1.675492
0.918776 0.000414 0.000471 0.000260 0.000031 0.072860 0.007188 1.675543
0.919525 0.000414 0.000465 0.000254 0.000031 0.072124 0.007188 1.675580
0.920308 0.000411 0.000458 0.000251 0.000031 0.071353 0.007188 1.675617
0.921054 0.000408 0.000449 0.000246 0.000032 0.070623 0.007189 1.675657
0.921788 0.000401 0.000440 0.000241 0.000032 0.069910 0.007189 1.675697
0.922538 0.000409 0.000429 0.000234 0.000031 0.069170 0.007189 1.675726
0.923199 0.000400 0.000427 0.000233 0.000030 0.068521 0.007190 1.675767
0.923907 0.000389 0.000415 0.000231 0.000028 0.067840 0.007190 1.675807
0.924599 0.000378 0.000403 0.000231 0.000027 0.067173 0.007191 1.675846
0.925274 0.000363 0.000409 0.000230 0.000026 0.066506 0.007192 1.675886
0.925913 0.000358 0.000402 0.000230 0.000026 0.065881 0.007192 1.675927
0.926571 0.000358 0.000398 0.000228 0.000025 0.065228 0.007193 1.675965
0.927237 0.000352 0.000388 0.000227 0.000023 0.064581 0.007193 1.676001
0.927889 0.000354 0.000380 0.000226 0.000023 0.063935 0.007193 1.676030
0.928499 0.000352 0.000377 0.000221 0.000023 0.063334 0.007194 1.676065
0.929111 0.000342 0.000376 0.000210 0.000023 0.062745 0.007194 1.676104
0.929729 0.000336 0.000370 0.000206 0.000022 0.062142 0.007195 1.676139
0.930328 0.000334 0.000360 0.000199 0.000022 0.061563 0.007195 1.676169
0.930896 0.000327 0.000350 0.000194 0.000023 0.061016 0.007195 1.676201
0.931488 0.000322 0.000337 0.000196 0.000022 0.060440 0.007195 1.676229
0.932031 0.000321 0.000334 0.000193 0.000022 0.059903 0.007195 1.676259
0.932588 0.000310 0.000329 0.000193 0.000021 0.059363 0.007196 1.676296
0.933126 0.000306 0.000327 0.000192 0.000020 0.058833 0.007196 1.676333
0.933681 0.000314 0.000313 0.000180 0.000017 0.058296 0.007198 1.676350
0.934213 0.000318 0.000298 0.000178 0.000018 0.057776 0.007198 1.676375
0.934742 0.000311 0.000296 0.000179 0.000019 0.057254 0.007198 1.676409
0.935248 0.000294 0.000303 0.000180 0.000018 0.056759 0.007198 1.676449
0.935712 0.000292 0.000307 0.000179 0.000018 0.056293 0.007198 1.676481
0.936186 0.000303 0.000299 0.000181 0.000016 0.055816 0.007199 1.676503
0.936677 0.000300 0.000304 0.000173 0.000017 0.055331 0.007199 1.676531
0.937143 0.000301 0.000302 0.000167 0.000017 0.054869 0.007199 1.676561
0.937607 0.000300 0.000301 0.000166 0.000016 0.054410 0.007199 1.676590
0.938034 0.000298 0.000310 0.000162 0.000017 0.053980 0.007199 1.676626
0.938480 0.000290 0.000302 0.000163 0.000017 0.053548 0.007199 1.676657
0.938910 0.000290 0.000298 0.000165 0.000017 0.053120 0.007200 1.676685
0.939324 0.000288 0.000296 0.000164 0.000016 0.052710 0.007200 1.676716
0.939709 0.000287 0.000291 0.000166 0.000017 0.052329 0.007200 1.676742
0.940115 0.000283 0.000291 0.000166 0.000017 0.051928 0.007201 1.676774
0.940512 0.000272 0.000294 0.000162 0.000015 0.051543 0.007202 1.676808
0.940904 0.000272 0.000292 0.000157 0.000015 0.051159 0.007202 1.676835
0.941270 0.000272 0.000282 0.000149 0.000014 0.050811 0.007202 1.676854
0.941655 0.000261 0.000283 0.000148 0.000014 0.050436 0.007202 1.676886
0.942025 0.000262 0.000279 0.000148 0.000014 0.050068 0.007203 1.676908
0.942359 0.000255 0.000274 0.000148 0.000013 0.049747 0.007204 1.676938
0.942720 0.000250 0.000271 0.000143 0.000012 0.049400 0.007204 1.676965
0.943082 0.000241 0.000275 0.000145 0.000012 0.049041 0.007204 1.676994
0.943449 0.000235 0.000272 0.000144 0.000012 0.048685 0.007204 1.677022
0.943794 0.000231 0.000260 0.000142 0.000012 0.048356 0.007204 1.677044
0.944153 0.000225 0.000258 0.000135 0.000014 0.048011 0.007204 1.677068
0.944471 0.000229 0.000251 0.000129 0.000013 0.047703 0.007204 1.677084
0.944805 0.000227 0.000242 0.000128 0.000013 0.047380 0.007204 1.677106
0.945119 0.000232 0.000234 0.000127 0.000015 0.047069 0.007204 1.677124
0.945446 0.000229 0.000229 0.000123 0.000014 0.046754 0.007204 1.677140
0.945741 0.000224 0.000231 0.000121 0.000013 0.046465 0.007205 1.677166
0.946039 0.000214 0.000238 0.000120 0.000013 0.046171 0.007205 1.677194
0.946341 0.000210 0.000235 0.000113 0.000012 0.045884 0.007205 1.677212
0.946627 0.000204 0.000234 0.000116 0.000012 0.045601 0.007205 1.677236
0.946897 0.000201 0.000227 0.000115 0.000012 0.045342 0.007205 1.677255
0.947189 0.000198 0.000223 0.000112 0.000012 0.045060 0.007205 1.677278
0.947471 0.000196 0.000224 0.000110 0.000012 0.044782 0.007206 1.677296
0.947739 0.000195 0.000222 0.000107 0.000012 0.044518 0.007206 1.677315
0.948002 0.000188 0.000218 0.000106 0.000012 0.044267 0.007207 1.677338
0.948247 0.000179 0.000214 0.000104 0.000012 0.044037 0.007208 1.677360
0.948485 0.000180 0.000209 0.000103 0.000011 0.043804 0.007208 1.677378
0.948721 0.000182 0.000202 0.000104 0.000012 0.043572 0.007208 1.677397
0.948951 0.000177 0.000202 0.000104 0.000011 0.043346 0.007208 1.677416
0.949186 0.000180 0.000192 0.000103 0.000012 0.043120 0.007208 1.677431
0.949443 0.000172 0.000196 0.000100 0.000012 0.042868 0.007209 1.677451
0.949668 0.000172 0.000190 0.000099 0.000011 0.042651 0.007209 1.677467
0.949887 0.000167 0.000198 0.000097 0.000010 0.042431 0.007210 1.677487
0.950099 0.000163 0.000200 0.000095 0.000010 0.042222 0.007210 1.677505
0.950311 0.000157 0.000199 0.000094 0.000011 0.042019 0.007210 1.677526
0.950516 0.000161 0.000197 0.000088 0.000011 0.041818 0.007210 1.677540
0.950713 0.000165 0.000196 0.000088 0.000010 0.041618 0.007210 1.677557
0.950913 0.000164 0.000186 0.000088 0.000010 0.041428 0.007210 1.677571
0.951116 0.000165 0.000182 0.000088 0.000009 0.041230 0.007211 1.677585
0.951303 0.000164 0.000178 0.000086 0.000009 0.041049 0.007211 1.677601
0.951479 0.000171 0.000178 0.000085 0.000010 0.040867 0.007211 1.677615
0.951672 0.000170 0.000174 0.000088 0.000009 0.040675 0.007211 1.677629
0.951860 0.000170 0.000167 0.000085 0.000008 0.040498 0.007212 1.677640
0.952025 0.000170 0.000166 0.000083 0.000008 0.040335 0.007212 1.677652
0.952189 0.000167 0.000168 0.000085 0.000008 0.040172 0.007212 1.677671
0.952360 0.000161 0.000169 0.000089 0.000008 0.040001 0.007213 1.677693
0.952515 0.000157 0.000169 0.000090 0.000007 0.039850 0.007213 1.677711
0.952667 0.000157 0.000165 0.000091 0.000006 0.039701 0.007213 1.677728
0.952823 0.000156 0.000163 0.000088 0.000006 0.039552 0.007213 1.677743
0.952980 0.000157 0.000162 0.000086 0.000007 0.039396 0.007213 1.677755
0.953135 0.000157 0.000161 0.000083 0.000007 0.039244 0.007213 1.677773
0.953285 0.000152 0.000159 0.000084 0.000006 0.039100 0.007213 1.677790
0.953426 0.000150 0.000160 0.000082 0.000006 0.038964 0.007213 1.677805
0.953575 0.000151 0.000156 0.000084 0.000006 0.038815 0.007213 1.677816
0.953740 0.000152 0.000153 0.000080 0.000007 0.038655 0.007213 1.677827
0.953870 0.000143 0.000155 0.000077 0.000007 0.038535 0.007213 1.677846
0.954012 0.000140 0.000153 0.000077 0.000007 0.038397 0.007213 1.677858
0.954130 0.000135 0.000159 0.000072 0.000007 0.038284 0.007213 1.677875
0.954256 0.000126 0.000161 0.000074 0.000007 0.038163 0.007213 1.677895
0.954392 0.000126 0.000154 0.000071 0.000007 0.038038 0.007213 1.677904
0.954523 0.000123 0.000148 0.000068 0.000007 0.037916 0.007213 1.677913
0.954651 0.000123 0.000147 0.000067 0.000007 0.037791 0.007213 1.677924
0.954781 0.000123 0.000140 0.000063 0.000008 0.037672 0.007213 1.677931
0.954903 0.000115 0.000140 0.000063 0.000008 0.037557 0.007213 1.677949
0.955018 0.000117 0.000137 0.000058 0.000007 0.037448 0.007213 1.677957
0.955139 0.000115 0.000137 0.000060 0.000007 0.037328 0.007213 1.677969
0.955268 0.000114 0.000132 0.000059 0.000007 0.037207 0.007213 1.677979
0.955374 0.000113 0.000127 0.000058 0.000007 0.037106 0.007213 1.677987
0.955488 0.000108 0.000126 0.000059 0.000007 0.036998 0.007213 1.677997
0.955597 0.000106 0.000127 0.000055 0.000007 0.036894 0.007213 1.678010
0.955706 0.000105 0.000123 0.000057 0.000007 0.036789 0.007213 1.678020
0.955811 0.000102 0.000118 0.000056 0.000006 0.036692 0.007214 1.678030
0.955903 0.000099 0.000118 0.000058 0.000005 0.036602 0.007214 1.678043
0.955999 0.000096 0.000115 0.000057 0.000005 0.036513 0.007214 1.678053
0.956080 0.000094 0.000115 0.000055 0.000005 0.036435 0.007214 1.678063
0.956171 0.000092 0.000113 0.000053 0.000004 0.036351 0.007215 1.678072
0.956262 0.000092 0.000107 0.000053 0.000004 0.036267 0.007215 1.678081
0.956353 0.000091 0.000106 0.000053 0.000004 0.036179 0.007215 1.678090
0.956436 0.000095 0.000098 0.000050 0.000005 0.036101 0.007215 1.678095
0.956524 0.000097 0.000098 0.000049 0.000005 0.036013 0.007215 1.678102
0.956618 0.000099 0.000098 0.000049 0.000005 0.035917 0.007215 1.678110
0.956707 0.000099 0.000095 0.000049 0.000005 0.035830 0.007215 1.678119
0.956786 0.000098 0.000092 0.000049 0.000005 0.035754 0.007215 1.678128
0.956865 0.000101 0.000088 0.000048 0.000006 0.035678 0.007215 1.678135
0.956946 0.000096 0.000088 0.000051 0.000006 0.035598 0.007215 1.678147
0.957013 0.000097 0.000085 0.000051 0.000006 0.035532 0.007215 1.678155
0.957079 0.000100 0.000088 0.000048 0.000006 0.035464 0.007215 1.678162
0.957147 0.000098 0.000087 0.000050 0.000005 0.035397 0.007215 1.678172
0.957210 0.000097 0.000087 0.000048 0.000005 0.035337 0.007215 1.678182
0.957280 0.000100 0.000084 0.000049 0.000005 0.035266 0.007215 1.678188
0.957346 0.000103 0.000082 0.000048 0.000005 0.035201 0.007215 1.678195
0.957414 0.000109 0.000080 0.000048 0.000005 0.035128 0.007215 1.678202
0.957476 0.000113 0.000073 0.000049 0.000006 0.035068 0.007215 1.678209
0.957529 0.000109 0.000075 0.000046 0.000006 0.035019 0.007215 1.678222
0.957580 0.000108 0.000079 0.000046 0.000006 0.034966 0.007215 1.678234
0.957634 0.000110 0.000080 0.000043 0.000006 0.034912 0.007215 1.678239
0.957684 0.000108 0.000084 0.000041 0.000006 0.034861 0.007215 1.678253
0.957743 0.000110 0.000086 0.000042 0.000007 0.034797 0.007215 1.678264
0.957794 0.000108 0.000086 0.000044 0.000007 0.034745 0.007215 1.678275
0.957843 0.000106 0.000089 0.000044 0.000007 0.034696 0.007215 1.678287
0.957899 0.000102 0.000094 0.000044 0.000006 0.034640 0.007215 1.678299
0.957954 0.000100 0.000089 0.000045 0.000006 0.034591 0.007215 1.678309
0.958016 0.000093 0.000090 0.000047 0.000006 0.034532 0.007215 1.678320
0.958071 0.000089 0.000093 0.000046 0.000006 0.034479 0.007215 1.678330
0.958120 0.000087 0.000090 0.000044 0.000007 0.034437 0.007215 1.678338
0.958171 0.000088 0.000085 0.000043 0.000007 0.034390 0.007215 1.678344
0.958233 0.000084 0.000086 0.000042 0.000006 0.034333 0.007215 1.678354
0.958278 0.000080 0.000087 0.000043 0.000006 0.034291 0.007215 1.678365
0.958330 0.000081 0.000086 0.000041 0.000006 0.034242 0.007215 1.678370
0.958379 0.000075 0.000088 0.000043 0.000006 0.034194 0.007215 1.678383
0.958422 0.000073 0.000089 0.000044 0.000005 0.034150 0.007216 1.678394
0.958465 0.000074 0.000087 0.000043 0.000005 0.034109 0.007216 1.678400
0.958510 0.000072 0.000087 0.000042 0.000005 0.034069 0.007216 1.678408
0.958559 0.000067 0.000085 0.000044 0.000005 0.034024 0.007216 1.678419
0.958598 0.000071 0.000085 0.000044 0.000005 0.033981 0.007216 1.678426
0.958638 0.000075 0.000082 0.000040 0.000005 0.033945 0.007216 1.678431
0.958677 0.000074 0.000086 0.000039 0.000005 0.033905 0.007216 1.678439
0.958710 0.000073 0.000083 0.000038 0.000005 0.033875 0.007216 1.678447
0.958754 0.000072 0.000083 0.000038 0.000005 0.033831 0.007216 1.678455
0.958787 0.000071 0.000082 0.000040 0.000005 0.033799 0.007216 1.678463
0.958825 0.000070 0.000079 0.000037 0.000005 0.033768 0.007216 1.678469
0.958857 0.000071 0.000080 0.000034 0.000005 0.033738 0.007216 1.678477
0.958892 0.000069 0.000077 0.000034 0.000005 0.033707 0.007216 1.678484
0.958924 0.000070 0.000078 0.000036 0.000005 0.033672 0.007216 1.678491
0.958961 0.000066 0.000081 0.000036 0.000005 0.033636 0.007216 1.678498
0.958994 0.000067 0.000078 0.000037 0.000005 0.033603 0.007216 1.678505
0.959026 0.000062 0.000079 0.000037 0.000005 0.033576 0.007216 1.678516
0.959063 0.000063 0.000077 0.000037 0.000005 0.033540 0.007216 1.678521
0.959091 0.000063 0.000074 0.000037 0.000004 0.033514 0.007216 1.678527
0.959114 0.000062 0.000075 0.000037 0.000004 0.033491 0.007216 1.678534
0.959144 0.000060 0.000075 0.000036 0.000004 0.033464 0.007216 1.678540
0.959171 0.000059 0.000073 0.000036 0.000004 0.033441 0.007216 1.678545
0.959194 0.000058 0.000070 0.000036 0.000004 0.033420 0.007217 1.678550
0.959220 0.000060 0.000070 0.000035 0.000004 0.033394 0.007217 1.678555
0.959240 0.000063 0.000069 0.000032 0.000004 0.033374 0.007217 1.678560
0.959265 0.000062 0.000070 0.000031 0.000004 0.033351 0.007217 1.678567
0.959299 0.000059 0.000069 0.000031 0.000004 0.033320 0.007217 1.678572
0.959329 0.000055 0.000072 0.000032 0.000005 0.033291 0.007217 1.678582
0.959352 0.000056 0.000072 0.000030 0.000005 0.033268 0.007217 1.678587
0.959378 0.000058 0.000068 0.000029 0.000005 0.033244 0.007217 1.678592
0.959411 0.000058 0.000067 0.000025 0.000005 0.033217 0.007217 1.678596
0.959428 0.000063 0.000062 0.000024 0.000005 0.033201 0.007217 1.678599
0.959448 0.000065 0.000062 0.000024 0.000005 0.033180 0.007217 1.678603
0.959470 0.000064 0.000065 0.000024 0.000005 0.033156 0.007217 1.678609
0.959486 0.000063 0.000061 0.000024 0.000005 0.033144 0.007217 1.678616
0.959504 0.000064 0.000061 0.000025 0.000005 0.033124 0.007217 1.678622
0.959528 0.000062 0.000060 0.000025 0.000005 0.033103 0.007217 1.678626
0.959550 0.000062 0.000057 0.000026 0.000005 0.033084 0.007217 1.678631
0.959568 0.000058 0.000058 0.000024 0.000005 0.033071 0.007217 1.678640
0.959595 0.000057 0.000058 0.000025 0.000005 0.033043 0.007217 1.678646
0.959611 0.000056 0.000059 0.000025 0.000005 0.033028 0.007217 1.678653
0.959632 0.000058 0.000058 0.000024 0.000005 0.033007 0.007217 1.678658
0.959646 0.000062 0.000058 0.000023 0.000005 0.032989 0.007217 1.678662
0.959665 0.000061 0.000058 0.000023 0.000005 0.032971 0.007217 1.678669
0.959686 0.000056 0.000060 0.000024 0.000004 0.032952 0.007217 1.678677
0.959702 0.000058 0.000059 0.000025 0.000004 0.032935 0.007217 1.678682
0.959715 0.000059 0.000063 0.000025 0.000004 0.032918 0.007217 1.678689
0.959732 0.000062 0.000061 0.000024 0.000004 0.032901 0.007217 1.678692
0.959746 0.000064 0.000060 0.000023 0.000004 0.032886 0.007217 1.678696
0.959756 0.000066 0.000061 0.000024 0.000004 0.032871 0.007217 1.678703
0.959773 0.000069 0.000062 0.000025 0.000004 0.032850 0.007217 1.678706
0.959781 0.000067 0.000063 0.000027 0.000005 0.032840 0.007217 1.678715
0.959790 0.000068 0.000064 0.000026 0.000005 0.032830 0.007217 1.678722
0.959800 0.000067 0.000068 0.000026 0.000005 0.032816 0.007217 1.678731
0.959811 0.000068 0.000066 0.000027 0.000005 0.032806 0.007217 1.678736
0.959828 0.000063 0.000065 0.000030 0.000005 0.032792 0.007217 1.678745
0.959840 0.000064 0.000064 0.000031 0.000005 0.032778 0.007217 1.678751
0.959852 0.000067 0.000065 0.000029 0.000005 0.032766 0.007217 1.678757
0.959866 0.000064 0.000068 0.000030 0.000004 0.032750 0.007218 1.678766
0.959876 0.000061 0.000070 0.000030 0.000004 0.032741 0.007218 1.678775
0.959883 0.000064 0.000065 0.000030 0.000003 0.032736 0.007218 1.678781
0.959892 0.000066 0.000063 0.000030 0.000003 0.032728 0.007218 1.678785
0.959905 0.000066 0.000061 0.000030 0.000003 0.032716 0.007219 1.678790
0.959912 0.000067 0.000062 0.000029 0.000003 0.032709 0.007219 1.678796
0.959920 0.000071 0.000061 0.000030 0.000003 0.032696 0.007219 1.678800
0.959930 0.000068 0.000061 0.000031 0.000003 0.032690 0.007219 1.678807
0.959942 0.000061 0.000064 0.000032 0.000003 0.032680 0.007219 1.678817
0.959960 0.000062 0.000063 0.000032 0.000003 0.032662 0.007219 1.678821
0.959967 0.000061 0.000062 0.000031 0.000003 0.032658 0.007219 1.678827
0.959977 0.000061 0.000057 0.000028 0.000003 0.032655 0.007219 1.678830
0.959983 0.000060 0.000059 0.000028 0.000003 0.032649 0.007219 1.678836
0.959995 0.000058 0.000058 0.000028 0.000003 0.032640 0.007219 1.678841
0.960005 0.000058 0.000057 0.000029 0.000003 0.032630 0.007219 1.678847
0.960014 0.000055 0.000058 0.000029 0.000003 0.032623 0.007219 1.678853
0.960028 0.000052 0.000059 0.000029 0.000002 0.032611 0.007219 1.678858
0.960034 0.000053 0.000057 0.000029 0.000002 0.032606 0.007219 1.678862
0.960043 0.000054 0.000054 0.000028 0.000002 0.032600 0.007219 1.678865
0.960053 0.000054 0.000054 0.000025 0.000002 0.032592 0.007219 1.678869
0.960063 0.000052 0.000054 0.000026 0.000002 0.032583 0.007219 1.678875
0.960071 0.000048 0.000056 0.000026 0.000003 0.032577 0.007219 1.678884
0.960080 0.000048 0.000054 0.000025 0.000003 0.032571 0.007219 1.678887
0.960094 0.000045 0.000055 0.000026 0.000003 0.032559 0.007219 1.678893
0.960101 0.000047 0.000050 0.000024 0.000003 0.032556 0.007219 1.678895
0.960110 0.000044 0.000051 0.000023 0.000003 0.032550 0.007219 1.678900
0.960121 0.000043 0.000052 0.000021 0.000003 0.032541 0.007219 1.678904
0.960126 0.000040 0.000052 0.000022 0.000002 0.032539 0.007219 1.678912
0.960135 0.000040 0.000051 0.000020 0.000002 0.032533 0.007219 1.678914
0.960143 0.000041 0.000048 0.000019 0.000002 0.032528 0.007219 1.678916
0.960147 0.000041 0.000048 0.000019 0.000002 0.032523 0.007219 1.678921
0.960152 0.000040 0.000048 0.000022 0.000002 0.032517 0.007219 1.678926
0.960160 0.000040 0.000044 0.000021 0.000002 0.032514 0.007219 1.678929
0.960167 0.000040 0.000042 0.000019 0.000002 0.032511 0.007219 1.678932
0.960174 0.000040 0.000040 0.000017 0.000002 0.032507 0.007219 1.678934
0.960183 0.000041 0.000037 0.000017 0.000002 0.032501 0.007219 1.678936
0.960189 0.000039 0.000036 0.000019 0.000002 0.032496 0.007219 1.678940
0.960196 0.000038 0.000036 0.000019 0.000002 0.032489 0.007219 1.678942
0.960199 0.000037 0.000035 0.000020 0.000002 0.032487 0.007219 1.678944
0.960208 0.000036 0.000034 0.000019 0.000002 0.032482 0.007220 1.678947
0.960215 0.000035 0.000037 0.000016 0.000002 0.032476 0.007220 1.678952
0.960222 0.000032 0.000040 0.000017 0.000002 0.032468 0.007220 1.678958
0.960227 0.000031 0.000041 0.000017 0.000002 0.032463 0.007220 1.678961
0.960232 0.000034 0.000037 0.000016 0.000002 0.032460 0.007220 1.678962
0.960235 0.000034 0.000035 0.000017 0.000002 0.032458 0.007220 1.678965
0.960234 0.000039 0.000033 0.000015 0.000002 0.032458 0.007220 1.678966
0.960238 0.000040 0.000034 0.000015 0.000002 0.032452 0.007220 1.678969
0.960243 0.000039 0.000035 0.000013 0.000002 0.032448 0.007220 1.678973
0.960244 0.000041 0.000034 0.000015 0.000002 0.032445 0.007220 1.678976
0.960250 0.000039 0.000035 0.000013 0.000002 0.032441 0.007220 1.678979
0.960252 0.000037 0.000034 0.000015 0.000002 0.032440 0.007220 1.678984
0.960255 0.000037 0.000036 0.000015 0.000002 0.032435 0.007220 1.678988
0.960255 0.000034 0.000037 0.000016 0.000002 0.032436 0.007220 1.678993
0.960261 0.000031 0.000038 0.000015 0.000002 0.032433 0.007220 1.678997
0.960264 0.000031 0.000038 0.000016 0.000002 0.032429 0.007220 1.679000
0.960265 0.000031 0.000039 0.000016 0.000002 0.032428 0.007220 1.679005
0.960267 0.000030 0.000039 0.000016 0.000002 0.032427 0.007220 1.679010
0.960268 0.000032 0.000038 0.000015 0.000002 0.032426 0.007220 1.679013
0.960274 0.000029 0.000037 0.000015 0.000002 0.032423 0.007220 1.679018
0.960279 0.000027 0.000034 0.000016 0.000002 0.032422 0.007220 1.679021
0.960284 0.000025 0.000034 0.000016 0.000002 0.032420 0.007220 1.679024
0.960288 0.000025 0.000033 0.000014 0.000002 0.032418 0.007220 1.679026
0.960289 0.000027 0.000033 0.000012 0.000002 0.032419 0.007220 1.679028
0.960289 0.000027 0.000031 0.000015 0.000002 0.032417 0.007220 1.679031
0.960293 0.000027 0.000030 0.000016 0.000002 0.032412 0.007220 1.679034
0.960295 0.000025 0.000029 0.000015 0.000002 0.032415 0.007220 1.679038
0.960296 0.000026 0.000029 0.000014 0.000002 0.032413 0.007220 1.679040
0.960298 0.000025 0.000028 0.000014 0.000002 0.032413 0.007220 1.679043
0.960302 0.000024 0.000029 0.000014 0.000002 0.032410 0.007220 1.679046
0.960305 0.000024 0.000029 0.000015 0.000001 0.032406 0.007220 1.679047
0.960310 0.000022 0.000028 0.000015 0.000001 0.032404 0.007220 1.679051
0.960312 0.000024 0.000026 0.000014 0.000000 0.032403 0.007221 1.679052
0.960314 0.000025 0.000026 0.000014 0.000000 0.032399 0.007221 1.679054
0.960319 0.000025 0.000027 0.000014 0.000000 0.032394 0.007221 1.679056
0.960324 0.000024 0.000027 0.000013 0.000000 0.032392 0.007221 1.679057
0.960327 0.000022 0.000025 0.000015 0.000000 0.032390 0.007221 1.679060
0.960331 0.000023 0.000024 0.000014 0.000000 0.032387 0.007221 1.679062
0.960335 0.000023 0.000022 0.000015 0.000000 0.032384 0.007221 1.679063
0.960337 0.000024 0.000022 0.000014 0.000000 0.032382 0.007221 1.679066
0.960340 0.000023 0.000021 0.000015 0.000000 0.032381 0.007221 1.679069
0.960344 0.000022 0.000019 0.000015 0.000000 0.032379 0.007221 1.679071
0.960348 0.000022 0.000018 0.000015 0.000001 0.032376 0.007221 1.679073
0.960348 0.000022 0.000018 0.000016 0.000001 0.032374 0.007221 1.679076
0.960350 0.000026 0.000017 0.000015 0.000001 0.032371 0.007221 1.679076
0.960353 0.000024 0.000018 0.000015 0.000000 0.032369 0.007221 1.679079
0.960355 0.000024 0.000019 0.000015 0.000000 0.032366 0.007221 1.679083
0.960357 0.000021 0.000017 0.000017 0.000000 0.032366 0.007221 1.679086
0.960360 0.000023 0.000017 0.000016 0.000000 0.032364 0.007221 1.679088
0.960363 0.000021 0.000017 0.000015 0.000000 0.032363 0.007221 1.679091
0.960366 0.000020 0.000016 0.000016 0.000000 0.032361 0.007221 1.679093
0.960367 0.000020 0.000015 0.000017 0.000000 0.032360 0.007221 1.679095
0.960371 0.000019 0.000015 0.000016 0.000000 0.032357 0.007221 1.679096
0.960375 0.000019 0.000015 0.000016 0.000001 0.032354 0.007221 1.679098
0.960376 0.000018 0.000014 0.000017 0.000001 0.032354 0.007221 1.679101
0.960381 0.000016 0.000014 0.000015 0.000001 0.032352 0.007221 1.679103
0.960385 0.000015 0.000016 0.000015 0.000001 0.032348 0.007221 1.679105
0.960387 0.000015 0.000014 0.000016 0.000001 0.032346 0.007221 1.679106
0.960390 0.000016 0.000014 0.000014 0.000001 0.032344 0.007221 1.679106
0.960393 0.000014 0.000015 0.000014 0.000001 0.032342 0.007221 1.679109
0.960398 0.000013 0.000015 0.000014 0.000001 0.032337 0.007221 1.679110
0.960400 0.000013 0.000016 0.000014 0.000001 0.032334 0.007221 1.679112
0.960402 0.000012 0.000016 0.000015 0.000001 0.032334 0.007221 1.679114
0.960403 0.000012 0.000016 0.000014 0.000001 0.032333 0.007221 1.679114
0.960405 0.000012 0.000016 0.000014 0.000000 0.032330 0.007222 1.679116
0.960408 0.000012 0.000016 0.000012 0.000000 0.032330 0.007222 1.679117
0.960411 0.000010 0.000016 0.000012 0.000000 0.032329 0.007222 1.679119
0.960413 0.000009 0.000014 0.000010 0.000000 0.032331 0.007222 1.679119
0.960416 0.000009 0.000013 0.000010 0.000000 0.032329 0.007222 1.679120
0.960421 0.000008 0.000013 0.000010 0.000000 0.032325 0.007222 1.679120
0.960425 0.000008 0.000012 0.000008 0.000000 0.032324 0.007222 1.679121
0.960428 0.000008 0.000010 0.000009 0.000000 0.032322 0.007222 1.679121
0.960429 0.000007 0.000010 0.000009 0.000000 0.032322 0.007222 1.679123
0.960433 0.000007 0.000010 0.000008 0.000000 0.032320 0.007222 1.679123
0.960436 0.000007 0.000008 0.000008 0.000001 0.032318 0.007222 1.679124
0.960442 0.000006 0.000009 0.000007 0.000001 0.032313 0.007222 1.679125
0.960445 0.000006 0.000008 0.000006 0.000001 0.032311 0.007222 1.679125
0.960447 0.000006 0.000006 0.000006 0.000001 0.032312 0.007222 1.679125
0.960449 0.000006 0.000006 0.000006 0.000001 0.032310 0.007222 1.679126
0.960452 0.000006 0.000006 0.000006 0.000001 0.032307 0.007222 1.679127
0.960458 0.000006 0.000006 0.000006 0.000001 0.032301 0.007222 1.679128
0.960461 0.000007 0.000006 0.000006 0.000001 0.032296 0.007222 1.679128
0.960465 0.000008 0.000007 0.000006 0.000001 0.032292 0.007222 1.679129
0.960470 0.000007 0.000008 0.000006 0.000001 0.032287 0.007222 1.679130
0.960471 0.000008 0.000007 0.000007 0.000001 0.032285 0.007222 1.679131
0.960473 0.000007 0.000008 0.000006 0.000000 0.032284 0.007222 1.679132
0.960475 0.000008 0.000008 0.000005 0.000000 0.032281 0.007222 1.679133
0.960480 0.000007 0.000007 0.000005 0.000000 0.032278 0.007222 1.679133
0.960480 0.000008 0.000007 0.000005 0.000000 0.032278 0.007222 1.679134
0.960482 0.000008 0.000007 0.000006 0.000000 0.032275 0.007222 1.679135
0.960485 0.000008 0.000006 0.000006 0.000000 0.032272 0.007222 1.679135
0.960486 0.000008 0.000008 0.000006 0.000000 0.032270 0.007222 1.679137
0.960488 0.000009 0.000007 0.000006 0.000000 0.032268 0.007222 1.679137
0.960490 0.000010 0.000006 0.000005 0.000000 0.032265 0.007222 1.679137
0.960493 0.000009 0.000006 0.000005 0.000000 0.032265 0.007222 1.679139
0.960494 0.000008 0.000006 0.000005 0.000000 0.032265 0.007222 1.679140
0.960495 0.000008 0.000006 0.000005 0.000000 0.032263 0.007222 1.679140
0.960496 0.000009 0.000006 0.000005 0.000000 0.032263 0.007222 1.679141
0.960499 0.000008 0.000006 0.000005 0.000000 0.032261 0.007222 1.679142
0.960500 0.000008 0.000005 0.000006 0.000000 0.032259 0.007222 1.679142
0.960502 0.000008 0.000005 0.000004 0.000000 0.032259 0.007222 1.679142
0.960502 0.000008 0.000006 0.000005 0.000000 0.032257 0.007222 1.679144
0.960503 0.000008 0.000007 0.000004 0.000000 0.032256 0.007222 1.679145
0.960502 0.000008 0.000008 0.000004 0.000000 0.032256 0.007222 1.679147
0.960502 0.000008 0.000008 0.000004 0.000000 0.032256 0.007222 1.679147
0.960502 0.000010 0.000007 0.000005 0.000000 0.032255 0.007222 1.679148
0.960503 0.000010 0.000008 0.000004 0.000000 0.032254 0.007222 1.679148
0.960503 0.000010 0.000008 0.000005 0.000000 0.032253 0.007222 1.679149
0.960502 0.000011 0.000008 0.000003 0.000000 0.032253 0.007222 1.679150
0.960503 0.000010 0.000010 0.000003 0.000000 0.032252 0.007222 1.679152
0.960502 0.000008 0.000010 0.000003 0.000000 0.032254 0.007222 1.679154
0.960504 0.000008 0.000009 0.000004 0.000000 0.032253 0.007222 1.679155
0.960506 0.000008 0.000009 0.000004 0.000000 0.032252 0.007222 1.679155
0.960507 0.000006 0.000010 0.000004 0.000000 0.032251 0.007222 1.679156
0.960507 0.000006 0.000008 0.000004 0.000000 0.032253 0.007222 1.679156
0.960507 0.000007 0.000008 0.000003 0.000000 0.032252 0.007222 1.679156
