0.361566 0.061198 0.054951 0.031433 0.001956 0.483194 0.005702 1.585650
0.364080 0.058810 0.054885 0.031293 0.001962 0.483245 0.005725 1.591540
0.367345 0.055939 0.054589 0.031040 0.001964 0.483375 0.005749 1.597173
0.371171 0.052951 0.054206 0.030600 0.001974 0.483328 0.005771 1.602468
0.375180 0.049937 0.053696 0.030133 0.001965 0.483291 0.005797 1.607431
0.379453 0.046985 0.053068 0.029585 0.001950 0.483137 0.005822 1.612135
0.383971 0.044150 0.052235 0.029021 0.001947 0.482829 0.005849 1.616549
0.388556 0.041398 0.051292 0.028413 0.001938 0.482527 0.005876 1.620727
0.393228 0.038684 0.050315 0.027729 0.001932 0.482205 0.005906 1.624718
0.398143 0.036161 0.049210 0.027005 0.001927 0.481625 0.005931 1.628430
0.403077 0.033810 0.048101 0.026238 0.001916 0.480898 0.005960 1.631901
0.408035 0.031570 0.046846 0.025450 0.001898 0.480217 0.005984 1.635146
0.413039 0.029516 0.045550 0.024683 0.001880 0.479321 0.006010 1.638152
0.418157 0.027659 0.044132 0.023866 0.001878 0.478274 0.006035 1.640938
0.423228 0.025869 0.042858 0.023136 0.001872 0.476982 0.006056 1.643599
0.428279 0.024206 0.041540 0.022440 0.001858 0.475596 0.006081 1.646121
0.433283 0.022717 0.040184 0.021647 0.001849 0.474217 0.006102 1.648435
0.438485 0.021373 0.038794 0.020859 0.001831 0.472529 0.006129 1.650577
0.443527 0.020095 0.037430 0.020105 0.001812 0.470877 0.006154 1.652634
0.448716 0.018871 0.036077 0.019298 0.001791 0.469070 0.006177 1.654548
0.454101 0.017773 0.034723 0.018512 0.001774 0.466916 0.006202 1.656282
0.459224 0.016725 0.033463 0.017766 0.001750 0.464846 0.006227 1.657986
0.464354 0.015733 0.032240 0.017076 0.001716 0.462627 0.006252 1.659592
0.469523 0.014860 0.030923 0.016380 0.001696 0.460340 0.006278 1.661063
0.474710 0.014046 0.029686 0.015746 0.001672 0.457835 0.006305 1.662471
0.479824 0.013269 0.028494 0.015082 0.001647 0.455357 0.006328 1.663819
0.484889 0.012534 0.027331 0.014410 0.001613 0.452870 0.006352 1.665078
0.490112 0.011817 0.026237 0.013810 0.001593 0.450056 0.006374 1.666295
0.495224 0.011175 0.025194 0.013255 0.001584 0.447175 0.006393 1.667406
0.500375 0.010589 0.024181 0.012685 0.001556 0.444199 0.006416 1.668470
0.505492 0.010034 0.023183 0.012148 0.001522 0.441182 0.006438 1.669472
0.510593 0.009503 0.022248 0.011642 0.001502 0.438059 0.006454 1.670475
0.515586 0.009029 0.021338 0.011089 0.001481 0.434999 0.006478 1.671380
0.520608 0.008616 0.020397 0.010608 0.001453 0.431822 0.006496 1.672229
0.525541 0.008202 0.019492 0.010150 0.001429 0.428674 0.006511 1.673039
0.530380 0.007820 0.018632 0.009742 0.001397 0.425504 0.006525 1.673818
0.535162 0.007453 0.017844 0.009272 0.001375 0.422355 0.006539 1.674567
0.540046 0.007097 0.017102 0.008841 0.001341 0.419012 0.006561 1.675279
0.544945 0.006729 0.016408 0.008416 0.001304 0.415618 0.006580 1.675973
0.549774 0.006431 0.015701 0.008021 0.001280 0.412198 0.006595 1.676624
0.554587 0.006161 0.015033 0.007631 0.001265 0.408716 0.006608 1.677208
0.559347 0.005887 0.014347 0.007253 0.001239 0.405304 0.006623 1.677804
0.564145 0.005625 0.013753 0.006922 0.001202 0.401710 0.006643 1.678376
0.568892 0.005408 0.013171 0.006614 0.001172 0.398086 0.006657 1.678917
0.573523 0.005200 0.012608 0.006325 0.001144 0.394524 0.006676 1.679434
0.578037 0.005012 0.012033 0.006043 0.001112 0.391069 0.006693 1.679901
0.582600 0.004815 0.011530 0.005758 0.001093 0.387502 0.006704 1.680389
0.587236 0.004627 0.011015 0.005513 0.001063 0.383825 0.006721 1.680851
0.591674 0.004455 0.010499 0.005260 0.001041 0.380340 0.006730 1.681292
0.596248 0.004278 0.010064 0.005012 0.001012 0.376645 0.006742 1.681718
0.600702 0.004118 0.009652 0.004818 0.000990 0.372964 0.006756 1.682131
0.605118 0.003954 0.009256 0.004622 0.000968 0.369315 0.006768 1.682538
0.609487 0.003807 0.008889 0.004457 0.000940 0.365641 0.006780 1.682921
0.613836 0.003681 0.008504 0.004289 0.000924 0.361976 0.006791 1.683274
0.618196 0.003533 0.008145 0.004114 0.000896 0.358314 0.006803 1.683632
0.622461 0.003435 0.007781 0.003936 0.000872 0.354704 0.006812 1.683952
0.626639 0.003296 0.007467 0.003767 0.000850 0.351162 0.006821 1.684292
0.630769 0.003153 0.007161 0.003637 0.000818 0.347630 0.006832 1.684631
0.634975 0.003040 0.006842 0.003489 0.000788 0.344020 0.006847 1.684935
0.639105 0.002915 0.006547 0.003325 0.000772 0.340480 0.006856 1.685229
0.643138 0.002807 0.006309 0.003185 0.000751 0.336947 0.006865 1.685513
0.647160 0.002698 0.006065 0.003060 0.000735 0.333411 0.006872 1.685797
0.651200 0.002640 0.005803 0.002927 0.000716 0.329835 0.006881 1.686043
0.655143 0.002554 0.005557 0.002803 0.000690 0.326361 0.006892 1.686301
0.659117 0.002462 0.005304 0.002705 0.000668 0.322842 0.006904 1.686547
0.662951 0.002399 0.005084 0.002591 0.000648 0.319414 0.006914 1.686775
0.666775 0.002325 0.004856 0.002487 0.000625 0.316008 0.006925 1.686991
0.670540 0.002254 0.004664 0.002371 0.000606 0.312631 0.006934 1.687206
0.674268 0.002174 0.004501 0.002269 0.000590 0.309256 0.006942 1.687436
0.677979 0.002122 0.004287 0.002155 0.000574 0.305932 0.006951 1.687621
0.681597 0.002056 0.004110 0.002069 0.000560 0.302651 0.006958 1.687824
0.685149 0.001971 0.003995 0.001978 0.000547 0.299398 0.006963 1.688048
0.688758 0.001909 0.003846 0.001903 0.000526 0.296086 0.006974 1.688239
0.692276 0.001846 0.003695 0.001831 0.000509 0.292863 0.006981 1.688415
0.695801 0.001799 0.003566 0.001753 0.000495 0.289598 0.006989 1.688583
0.699267 0.001763 0.003444 0.001690 0.000486 0.286355 0.006996 1.688769
0.702748 0.001695 0.003336 0.001629 0.000476 0.283113 0.007003 1.688951
0.706122 0.001670 0.003220 0.001562 0.000468 0.279954 0.007005 1.689112
0.709518 0.001611 0.003119 0.001502 0.000460 0.276782 0.007010 1.689273
0.712831 0.001550 0.003015 0.001437 0.000450 0.273702 0.007015 1.689447
0.716073 0.001520 0.002901 0.001397 0.000434 0.270656 0.007020 1.689608
0.719349 0.001477 0.002798 0.001344 0.000420 0.267586 0.007028 1.689755
0.722525 0.001453 0.002698 0.001287 0.000409 0.264596 0.007034 1.689902
0.725787 0.001403 0.002599 0.001251 0.000390 0.261532 0.007039 1.690047
0.728933 0.001368 0.002512 0.001212 0.000376 0.258556 0.007044 1.690186
0.732045 0.001344 0.002417 0.001165 0.000365 0.255615 0.007050 1.690308
0.735165 0.001327 0.002344 0.001103 0.000348 0.252659 0.007055 1.690428
0.738185 0.001275 0.002259 0.001072 0.000334 0.249816 0.007060 1.690568
0.741180 0.001249 0.002183 0.001029 0.000325 0.246971 0.007065 1.690691
0.744186 0.001230 0.002114 0.000988 0.000309 0.244106 0.007069 1.690810
0.747114 0.001200 0.002052 0.000956 0.000300 0.241307 0.007072 1.690928
0.750031 0.001173 0.001982 0.000923 0.000290 0.238525 0.007078 1.691040
0.752878 0.001148 0.001928 0.000893 0.000281 0.235792 0.007081 1.691151
0.755711 0.001121 0.001860 0.000871 0.000269 0.233083 0.007085 1.691257
0.758551 0.001072 0.001812 0.000834 0.000261 0.230382 0.007090 1.691367
0.761357 0.001040 0.001761 0.000821 0.000249 0.227677 0.007096 1.691471
0.764119 0.001010 0.001708 0.000795 0.000243 0.225026 0.007100 1.691574
0.766857 0.000991 0.001657 0.000762 0.000232 0.222397 0.007104 1.691671
0.769569 0.000965 0.001581 0.000748 0.000224 0.219805 0.007108 1.691768
0.772254 0.000948 0.001521 0.000723 0.000219 0.217224 0.007112 1.691855
0.774827 0.000925 0.001476 0.000702 0.000213 0.214743 0.007115 1.691946
0.777410 0.000900 0.001424 0.000678 0.000206 0.212266 0.007117 1.692029
0.780030 0.000865 0.001367 0.000662 0.000201 0.209757 0.007118 1.692121
0.782524 0.000852 0.001318 0.000638 0.000194 0.207352 0.007123 1.692197
0.785069 0.000820 0.001282 0.000620 0.000186 0.204898 0.007126 1.692290
0.787576 0.000808 0.001236 0.000599 0.000180 0.202474 0.007128 1.692362
0.790016 0.000792 0.001198 0.000587 0.000173 0.200104 0.007130 1.692444
0.792392 0.000773 0.001165 0.000567 0.000169 0.197804 0.007131 1.692513
0.794775 0.000747 0.001135 0.000554 0.000163 0.195493 0.007133 1.692593
0.797101 0.000739 0.001100 0.000544 0.000159 0.193224 0.007134 1.692664
0.799409 0.000727 0.001064 0.000519 0.000153 0.190993 0.007136 1.692720
0.801725 0.000713 0.001040 0.000503 0.000148 0.188733 0.007138 1.692789
0.804038 0.000694 0.001019 0.000486 0.000143 0.186482 0.007139 1.692861
0.806315 0.000690 0.000981 0.000471 0.000140 0.184263 0.007140 1.692913
0.808554 0.000675 0.000962 0.000463 0.000137 0.182069 0.007141 1.692972
0.810773 0.000654 0.000939 0.000452 0.000134 0.179907 0.007141 1.693038
0.812986 0.000626 0.000918 0.000445 0.000129 0.177753 0.007144 1.693109
0.815132 0.000622 0.000895 0.000433 0.000125 0.175648 0.007145 1.693165
0.817249 0.000599 0.000878 0.000425 0.000122 0.173581 0.007147 1.693231
0.819435 0.000586 0.000856 0.000417 0.000117 0.171441 0.007149 1.693294
0.821497 0.000567 0.000836 0.000413 0.000113 0.169425 0.007150 1.693353
0.823537 0.000546 0.000816 0.000406 0.000110 0.167432 0.007153 1.693410
0.825574 0.000530 0.000795 0.000391 0.000107 0.165449 0.007155 1.693461
0.827575 0.000514 0.000771 0.000376 0.000105 0.163501 0.007158 1.693518
0.829571 0.000506 0.000745 0.000361 0.000105 0.161555 0.007159 1.693565
0.831507 0.000497 0.000730 0.000356 0.000103 0.159649 0.007159 1.693615
0.833379 0.000482 0.000721 0.000353 0.000101 0.157806 0.007159 1.693671
0.835295 0.000477 0.000694 0.000338 0.000098 0.155936 0.007162 1.693706
0.837171 0.000471 0.000665 0.000325 0.000094 0.154111 0.007163 1.693746
0.839062 0.000460 0.000642 0.000323 0.000092 0.152259 0.007163 1.693791
0.840882 0.000451 0.000625 0.000319 0.000088 0.150470 0.007166 1.693830
0.842693 0.000448 0.000611 0.000319 0.000085 0.148679 0.007167 1.693876
0.844570 0.000441 0.000596 0.000307 0.000081 0.146839 0.007167 1.693920
0.846358 0.000429 0.000588 0.000303 0.000080 0.145075 0.007168 1.693961
0.848080 0.000416 0.000575 0.000301 0.000077 0.143382 0.007169 1.694008
0.849809 0.000402 0.000559 0.000296 0.000076 0.141688 0.007170 1.694053
0.851482 0.000395 0.000540 0.000287 0.000075 0.140052 0.007171 1.694092
0.853197 0.000395 0.000525 0.000274 0.000073 0.138364 0.007172 1.694126
0.854835 0.000385 0.000525 0.000263 0.000071 0.136749 0.007174 1.694172
0.856466 0.000383 0.000510 0.000255 0.000069 0.135144 0.007174 1.694208
0.858131 0.000362 0.000502 0.000251 0.000067 0.133514 0.007174 1.694249
0.859720 0.000356 0.000493 0.000244 0.000062 0.131950 0.007176 1.694286
0.861305 0.000353 0.000480 0.000233 0.000060 0.130392 0.007177 1.694320
0.862870 0.000348 0.000470 0.000227 0.000060 0.128847 0.007178 1.694352
0.864436 0.000348 0.000466 0.000222 0.000057 0.127293 0.007179 1.694382
0.865975 0.000342 0.000453 0.000216 0.000056 0.125779 0.007180 1.694410
0.867474 0.000337 0.000446 0.000215 0.000053 0.124295 0.007181 1.694443
0.868969 0.000329 0.000442 0.000213 0.000052 0.122815 0.007182 1.694480
0.870480 0.000321 0.000434 0.000203 0.000051 0.121329 0.007182 1.694516
0.871932 0.000317 0.000427 0.000194 0.000048 0.119898 0.007184 1.694547
0.873358 0.000310 0.000422 0.000188 0.000047 0.118492 0.007184 1.694577
0.874715 0.000301 0.000415 0.000185 0.000046 0.117155 0.007184 1.694607
0.876053 0.000303 0.000401 0.000180 0.000046 0.115834 0.007184 1.694631
0.877404 0.000306 0.000394 0.000181 0.000044 0.114488 0.007185 1.694660
0.878759 0.000318 0.000381 0.000181 0.000045 0.113131 0.007185 1.694682
0.880076 0.000315 0.000372 0.000176 0.000042 0.111833 0.007186 1.694705
0.881376 0.000308 0.000368 0.000177 0.000042 0.110543 0.007186 1.694734
0.882619 0.000302 0.000359 0.000177 0.000041 0.109317 0.007187 1.694767
0.883899 0.000294 0.000357 0.000176 0.000039 0.108047 0.007188 1.694799
0.885192 0.000282 0.000354 0.000177 0.000039 0.106769 0.007188 1.694834
0.886453 0.000272 0.000344 0.000169 0.000040 0.105536 0.007188 1.694865
0.887634 0.000270 0.000343 0.000160 0.000039 0.104366 0.007189 1.694891
0.888854 0.000265 0.000338 0.000159 0.000038 0.103158 0.007189 1.694915
0.890003 0.000264 0.000338 0.000159 0.000037 0.102010 0.007189 1.694942
0.891189 0.000264 0.000332 0.000155 0.000035 0.100836 0.007190 1.694965
0.892335 0.000259 0.000333 0.000150 0.000035 0.099698 0.007191 1.694992
0.893450 0.000253 0.000328 0.000148 0.000035 0.098594 0.007192 1.695020
0.894557 0.000249 0.000318 0.000151 0.000034 0.097499 0.007193 1.695042
0.895644 0.000259 0.000307 0.000145 0.000033 0.096421 0.007193 1.695063
0.896695 0.000247 0.000305 0.000144 0.000031 0.095385 0.007194 1.695095
0.897789 0.000234 0.000298 0.000140 0.000031 0.094316 0.007194 1.695121
0.898816 0.000230 0.000290 0.000138 0.000030 0.093303 0.007194 1.695143
0.899821 0.000225 0.000281 0.000139 0.000030 0.092310 0.007194 1.695166
0.900861 0.000222 0.000280 0.000136 0.000030 0.091277 0.007194 1.695189
0.901789 0.000219 0.000281 0.000132 0.000029 0.090357 0.007194 1.695211
0.902751 0.000218 0.000276 0.000130 0.000029 0.089402 0.007195 1.695229
0.903671 0.000217 0.000272 0.000124 0.000029 0.088494 0.007195 1.695249
0.904606 0.000214 0.000267 0.000119 0.000028 0.087572 0.007195 1.695267
0.905521 0.000212 0.000259 0.000116 0.000028 0.086668 0.007196 1.695287
0.906418 0.000206 0.000260 0.000112 0.000029 0.085779 0.007196 1.695309
0.907299 0.000213 0.000258 0.000111 0.000028 0.084895 0.007196 1.695326
0.908188 0.000208 0.000250 0.000107 0.000029 0.084022 0.007197 1.695346
0.908996 0.000200 0.000250 0.000112 0.000027 0.083218 0.007197 1.695370
0.909816 0.000193 0.000246 0.000109 0.000028 0.082411 0.007198 1.695390
0.910647 0.000186 0.000251 0.000108 0.000024 0.081585 0.007200 1.695412
0.911441 0.000180 0.000249 0.000099 0.000024 0.080807 0.007200 1.695430
0.912219 0.000176 0.000240 0.000093 0.000024 0.080048 0.007200 1.695448
0.913007 0.000170 0.000233 0.000091 0.000022 0.079277 0.007200 1.695468
0.913733 0.000165 0.000232 0.000089 0.000021 0.078559 0.007200 1.695487
0.914497 0.000162 0.000225 0.000091 0.000022 0.077802 0.007200 1.695501
0.915224 0.000162 0.000218 0.000092 0.000021 0.077083 0.007201 1.695519
0.915915 0.000160 0.000215 0.000089 0.000021 0.076400 0.007201 1.695537
0.916617 0.000161 0.000208 0.000089 0.000020 0.075703 0.007201 1.695551
0.917302 0.000161 0.000205 0.000085 0.000019 0.075025 0.007202 1.695564
0.917929 0.000162 0.000202 0.000089 0.000018 0.074397 0.007203 1.695579
0.918576 0.000159 0.000201 0.000090 0.000017 0.073752 0.007203 1.695595
0.919157 0.000161 0.000195 0.000084 0.000016 0.073183 0.007204 1.695609
0.919755 0.000157 0.000196 0.000086 0.000016 0.072587 0.007204 1.695625
0.920343 0.000150 0.000198 0.000085 0.000015 0.072004 0.007204 1.695642
0.920944 0.000144 0.000194 0.000084 0.000015 0.071415 0.007205 1.695657
0.921530 0.000142 0.000195 0.000083 0.000015 0.070830 0.007205 1.695673
0.922050 0.000135 0.000196 0.000085 0.000015 0.070314 0.007205 1.695693
0.922581 0.000134 0.000194 0.000082 0.000014 0.069789 0.007206 1.695707
0.923082 0.000130 0.000189 0.000079 0.000013 0.069300 0.007206 1.695719
0.923588 0.000125 0.000185 0.000079 0.000012 0.068805 0.007206 1.695733
0.924097 0.000127 0.000182 0.000075 0.000012 0.068299 0.007207 1.695742
0.924565 0.000123 0.000177 0.000073 0.000014 0.067841 0.007207 1.695757
0.925051 0.000122 0.000174 0.000072 0.000014 0.067361 0.007207 1.695770
0.925557 0.000117 0.000168 0.000072 0.000014 0.066864 0.007207 1.695782
0.926017 0.000123 0.000162 0.000068 0.000014 0.066409 0.007207 1.695792
0.926464 0.000124 0.000157 0.000067 0.000013 0.065967 0.007207 1.695802
0.926921 0.000124 0.000151 0.000067 0.000014 0.065515 0.007208 1.695812
0.927332 0.000127 0.000151 0.000066 0.000014 0.065102 0.007208 1.695822
0.927765 0.000125 0.000154 0.000065 0.000013 0.064669 0.007208 1.695838
0.928151 0.000129 0.000150 0.000062 0.000012 0.064286 0.007210 1.695845
0.928529 0.000132 0.000148 0.000059 0.000012 0.063910 0.007210 1.695855
0.928879 0.000135 0.000146 0.000061 0.000012 0.063558 0.007210 1.695868
0.929233 0.000140 0.000141 0.000058 0.000010 0.063207 0.007211 1.695877
0.929592 0.000139 0.000137 0.000059 0.000010 0.062853 0.007211 1.695891
0.929936 0.000136 0.000132 0.000060 0.000009 0.062516 0.007211 1.695905
0.930261 0.000134 0.000133 0.000063 0.000009 0.062189 0.007211 1.695920
0.930568 0.000134 0.000136 0.000062 0.000009 0.061880 0.007211 1.695931
0.930852 0.000130 0.000138 0.000062 0.000008 0.061598 0.007211 1.695946
0.931157 0.000132 0.000140 0.000060 0.000008 0.061291 0.007211 1.695960
0.931450 0.000133 0.000141 0.000061 0.000008 0.060996 0.007212 1.695974
0.931749 0.000131 0.000141 0.000060 0.000007 0.060699 0.007212 1.695983
0.932034 0.000130 0.000142 0.000059 0.000007 0.060417 0.007212 1.695999
0.932313 0.000126 0.000140 0.000057 0.000006 0.060146 0.007212 1.696011
0.932567 0.000126 0.000135 0.000060 0.000006 0.059893 0.007212 1.696024
0.932807 0.000131 0.000131 0.000058 0.000006 0.059654 0.007212 1.696032
0.933068 0.000132 0.000129 0.000058 0.000006 0.059394 0.007212 1.696045
0.933314 0.000134 0.000127 0.000056 0.000007 0.059150 0.007212 1.696057
0.933553 0.000134 0.000126 0.000056 0.000007 0.058912 0.007212 1.696068
0.933775 0.000132 0.000125 0.000052 0.000006 0.058698 0.007212 1.696080
0.933985 0.000128 0.000129 0.000053 0.000006 0.058487 0.007212 1.696094
0.934193 0.000128 0.000124 0.000051 0.000006 0.058285 0.007212 1.696100
0.934395 0.000123 0.000124 0.000050 0.000006 0.058089 0.007212 1.696112
0.934587 0.000120 0.000124 0.000049 0.000006 0.057902 0.007212 1.696125
0.934786 0.000116 0.000124 0.000050 0.000006 0.057705 0.007213 1.696137
0.934982 0.000112 0.000123 0.000048 0.000006 0.057515 0.007213 1.696148
0.935157 0.000114 0.000124 0.000050 0.000006 0.057336 0.007213 1.696159
0.935353 0.000112 0.000128 0.000053 0.000006 0.057137 0.007213 1.696172
0.935529 0.000103 0.000127 0.000053 0.000006 0.056969 0.007213 1.696184
0.935689 0.000102 0.000123 0.000052 0.000006 0.056816 0.007213 1.696195
0.935862 0.000098 0.000123 0.000052 0.000005 0.056647 0.007213 1.696206
0.936040 0.000097 0.000120 0.000053 0.000005 0.056472 0.007213 1.696214
0.936226 0.000100 0.000114 0.000053 0.000005 0.056289 0.007213 1.696222
0.936377 0.000098 0.000111 0.000055 0.000005 0.056141 0.007213 1.696231
0.936535 0.000093 0.000109 0.000056 0.000005 0.055990 0.007213 1.696242
0.936695 0.000095 0.000104 0.000056 0.000005 0.055834 0.007213 1.696250
0.936854 0.000090 0.000101 0.000054 0.000005 0.055683 0.007213 1.696259
0.936988 0.000091 0.000099 0.000051 0.000005 0.055553 0.007213 1.696268
0.937152 0.000091 0.000097 0.000047 0.000005 0.055395 0.007213 1.696275
0.937318 0.000091 0.000094 0.000048 0.000005 0.055232 0.007213 1.696283
0.937465 0.000088 0.000094 0.000046 0.000004 0.055089 0.007213 1.696292
0.937601 0.000086 0.000091 0.000047 0.000004 0.054958 0.007213 1.696302
0.937748 0.000084 0.000089 0.000046 0.000005 0.054815 0.007213 1.696309
0.937885 0.000080 0.000091 0.000045 0.000004 0.054681 0.007214 1.696318
0.938030 0.000078 0.000089 0.000046 0.000005 0.054539 0.007214 1.696324
0.938163 0.000076 0.000087 0.000044 0.000005 0.054412 0.007214 1.696331
0.938305 0.000072 0.000088 0.000044 0.000005 0.054272 0.007214 1.696343
0.938427 0.000072 0.000091 0.000043 0.000004 0.054150 0.007214 1.696351
0.938559 0.000068 0.000089 0.000040 0.000004 0.054027 0.007214 1.696360
0.938677 0.000065 0.000089 0.000040 0.000004 0.053912 0.007214 1.696369
0.938783 0.000064 0.000087 0.000038 0.000004 0.053811 0.007214 1.696374
0.938891 0.000065 0.000084 0.000037 0.000004 0.053707 0.007214 1.696380
0.939003 0.000065 0.000085 0.000035 0.000005 0.053594 0.007214 1.696386
0.939106 0.000063 0.000082 0.000035 0.000005 0.053496 0.007214 1.696393
0.939212 0.000066 0.000081 0.000037 0.000005 0.053387 0.007214 1.696399
0.939316 0.000065 0.000078 0.000036 0.000005 0.053288 0.007214 1.696406
0.939426 0.000064 0.000073 0.000033 0.000005 0.053186 0.007214 1.696410
0.939530 0.000063 0.000071 0.000032 0.000005 0.053086 0.007214 1.696416
0.939622 0.000061 0.000070 0.000031 0.000004 0.052999 0.007214 1.696422
0.939710 0.000061 0.000067 0.000030 0.000004 0.052915 0.007214 1.696427
0.939799 0.000062 0.000068 0.000028 0.000004 0.052826 0.007214 1.696432
0.939899 0.000059 0.000068 0.000028 0.000004 0.052729 0.007214 1.696438
0.939991 0.000055 0.000066 0.000028 0.000004 0.052643 0.007214 1.696445
0.940076 0.000052 0.000067 0.000027 0.000004 0.052561 0.007214 1.696452
0.940151 0.000055 0.000061 0.000026 0.000004 0.052490 0.007214 1.696454
0.940232 0.000053 0.000059 0.000026 0.000004 0.052413 0.007214 1.696457
0.940308 0.000056 0.000059 0.000025 0.000004 0.052335 0.007214 1.696461
0.940384 0.000061 0.000056 0.000021 0.000004 0.052260 0.007214 1.696464
0.940461 0.000057 0.000057 0.000020 0.000004 0.052187 0.007214 1.696471
0.940559 0.000055 0.000054 0.000020 0.000004 0.052093 0.007214 1.696477
0.940628 0.000053 0.000055 0.000019 0.000004 0.052026 0.007214 1.696482
0.940702 0.000052 0.000050 0.000020 0.000004 0.051958 0.007214 1.696487
0.940770 0.000049 0.000053 0.000020 0.000004 0.051890 0.007214 1.696492
0.940838 0.000045 0.000052 0.000023 0.000004 0.051824 0.007214 1.696500
0.940908 0.000044 0.000053 0.000021 0.000004 0.051757 0.007214 1.696505
0.940976 0.000045 0.000054 0.000021 0.000004 0.051686 0.007214 1.696509
0.941040 0.000046 0.000050 0.000020 0.000004 0.051627 0.007214 1.696513
0.941095 0.000045 0.000050 0.000020 0.000003 0.051574 0.007214 1.696517
0.941163 0.000046 0.000047 0.000022 0.000003 0.051505 0.007214 1.696521
0.941222 0.000045 0.000045 0.000023 0.000003 0.051448 0.007214 1.696526
0.941273 0.000044 0.000048 0.000023 0.000003 0.051397 0.007214 1.696533
0.941326 0.000041 0.000050 0.000025 0.000003 0.051343 0.007214 1.696540
0.941385 0.000042 0.000050 0.000023 0.000003 0.051284 0.007214 1.696542
0.941439 0.000039 0.000046 0.000022 0.000003 0.051237 0.007214 1.696548
0.941494 0.000041 0.000045 0.000019 0.000003 0.051185 0.007214 1.696550
0.941546 0.000042 0.000047 0.000019 0.000003 0.051129 0.007214 1.696554
0.941599 0.000040 0.000044 0.000019 0.000003 0.051081 0.007214 1.696558
0.941653 0.000037 0.000046 0.000019 0.000003 0.051027 0.007214 1.696564
0.941697 0.000039 0.000044 0.000019 0.000003 0.050985 0.007214 1.696567
0.941747 0.000039 0.000042 0.000018 0.000003 0.050937 0.007214 1.696570
0.941791 0.000037 0.000045 0.000019 0.000003 0.050890 0.007214 1.696577
0.941830 0.000040 0.000042 0.000020 0.000003 0.050851 0.007214 1.696582
0.941876 0.000037 0.000043 0.000019 0.000003 0.050809 0.007214 1.696587
0.941911 0.000035 0.000044 0.000021 0.000002 0.050773 0.007215 1.696592
0.941954 0.000032 0.000046 0.000022 0.000002 0.050730 0.007215 1.696598
0.941989 0.000034 0.000044 0.000020 0.000002 0.050696 0.007215 1.696600
0.942023 0.000037 0.000042 0.000020 0.000002 0.050661 0.007215 1.696605
0.942059 0.000036 0.000044 0.000019 0.000002 0.050626 0.007215 1.696608
0.942086 0.000036 0.000044 0.000018 0.000002 0.050601 0.007215 1.696612
0.942117 0.000036 0.000043 0.000017 0.000001 0.050571 0.007215 1.696616
0.942150 0.000035 0.000043 0.000017 0.000001 0.050539 0.007215 1.696618
0.942182 0.000035 0.000040 0.000016 0.000001 0.050510 0.007215 1.696621
0.942216 0.000031 0.000039 0.000017 0.000001 0.050481 0.007215 1.696626
0.942246 0.000032 0.000036 0.000017 0.000001 0.050452 0.007215 1.696629
0.942277 0.000031 0.000036 0.000017 0.000001 0.050423 0.007215 1.696632
0.942312 0.000029 0.000037 0.000017 0.000001 0.050389 0.007215 1.696636
0.942339 0.000028 0.000037 0.000018 0.000001 0.050363 0.007215 1.696641
0.942362 0.000028 0.000037 0.000018 0.000001 0.050340 0.007215 1.696644
0.942399 0.000028 0.000035 0.000017 0.000001 0.050305 0.007215 1.696646
0.942423 0.000025 0.000036 0.000018 0.000000 0.050282 0.007215 1.696651
0.942441 0.000026 0.000036 0.000016 0.000001 0.050265 0.007215 1.696654
0.942465 0.000025 0.000033 0.000017 0.000001 0.050243 0.007215 1.696656
0.942488 0.000024 0.000032 0.000016 0.000001 0.050224 0.007215 1.696657
0.942506 0.000027 0.000029 0.000015 0.000001 0.050208 0.007215 1.696658
0.942520 0.000028 0.000028 0.000016 0.000001 0.050193 0.007215 1.696660
0.942543 0.000027 0.000029 0.000016 0.000001 0.050168 0.007215 1.696663
0.942563 0.000026 0.000028 0.000016 0.000001 0.050152 0.007215 1.696666
0.942587 0.000025 0.000029 0.000014 0.000001 0.050130 0.007215 1.696668
0.942602 0.000026 0.000030 0.000013 0.000000 0.050114 0.007215 1.696670
0.942623 0.000024 0.000029 0.000012 0.000000 0.050095 0.007215 1.696673
0.942638 0.000023 0.000029 0.000013 0.000000 0.050081 0.007215 1.696677
0.942653 0.000024 0.000029 0.000012 0.000000 0.050066 0.007215 1.696678
0.942668 0.000025 0.000029 0.000011 0.000000 0.050052 0.007215 1.696679
0.942687 0.000026 0.000028 0.000010 0.000000 0.050034 0.007215 1.696680
0.942708 0.000024 0.000029 0.000011 0.000001 0.050012 0.007215 1.696684
0.942728 0.000024 0.000028 0.000012 0.000000 0.049994 0.007215 1.696686
0.942747 0.000023 0.000028 0.000011 0.000001 0.049976 0.007215 1.696689
0.942758 0.000022 0.000029 0.000012 0.000001 0.049965 0.007215 1.696692
0.942773 0.000021 0.000028 0.000012 0.000002 0.049950 0.007215 1.696694
0.942787 0.000022 0.000026 0.000010 0.000002 0.049938 0.007215 1.696696
0.942803 0.000022 0.000025 0.000010 0.000002 0.049922 0.007215 1.696699
0.942817 0.000021 0.000027 0.000010 0.000001 0.049909 0.007215 1.696701
0.942837 0.000022 0.000026 0.000011 0.000001 0.049888 0.007215 1.696703
0.942849 0.000022 0.000026 0.000010 0.000001 0.049876 0.007215 1.696705
0.942859 0.000022 0.000024 0.000011 0.000001 0.049867 0.007215 1.696707
0.942871 0.000022 0.000024 0.000012 0.000001 0.049855 0.007215 1.696709
0.942886 0.000019 0.000025 0.000013 0.000001 0.049840 0.007215 1.696713
0.942900 0.000017 0.000025 0.000014 0.000001 0.049828 0.007215 1.696717
0.942911 0.000018 0.000024 0.000012 0.000001 0.049819 0.007215 1.696718
0.942925 0.000018 0.000025 0.000012 0.000001 0.049804 0.007215 1.696720
0.942940 0.000017 0.000024 0.000012 0.000000 0.049791 0.007215 1.696723
0.942951 0.000016 0.000022 0.000012 0.000001 0.049783 0.007215 1.696725
0.942963 0.000016 0.000020 0.000011 0.000002 0.049773 0.007215 1.696725
0.942974 0.000015 0.000019 0.000009 0.000002 0.049767 0.007215 1.696727
0.942986 0.000013 0.000021 0.000009 0.000002 0.049754 0.007215 1.696730
0.942999 0.000014 0.000018 0.000009 0.000002 0.049743 0.007215 1.696730
0.943012 0.000013 0.000019 0.000010 0.000002 0.049730 0.007215 1.696732
0.943024 0.000014 0.000018 0.000009 0.000002 0.049718 0.007215 1.696732
0.943036 0.000016 0.000018 0.000009 0.000002 0.049705 0.007215 1.696733
0.943047 0.000016 0.000018 0.000009 0.000002 0.049694 0.007215 1.696733
0.943054 0.000017 0.000019 0.000008 0.000002 0.049686 0.007215 1.696735
0.943065 0.000016 0.000020 0.000009 0.000002 0.049674 0.007215 1.696738
0.943075 0.000017 0.000019 0.000008 0.000002 0.049664 0.007215 1.696739
0.943084 0.000018 0.000020 0.000008 0.000002 0.049653 0.007215 1.696741
0.943096 0.000018 0.000022 0.000008 0.000002 0.049641 0.007215 1.696743
0.943104 0.000016 0.000020 0.000008 0.000001 0.049636 0.007216 1.696746
0.943110 0.000018 0.000022 0.000008 0.000001 0.049627 0.007216 1.696748
0.943119 0.000018 0.000023 0.000008 0.000001 0.049616 0.007216 1.696750
0.943126 0.000016 0.000022 0.000008 0.000001 0.049612 0.007216 1.696752
0.943133 0.000014 0.000020 0.000008 0.000001 0.049608 0.007216 1.696755
0.943135 0.000016 0.000018 0.000008 0.000001 0.049607 0.007216 1.696756
0.943140 0.000015 0.000019 0.000009 0.000001 0.049602 0.007216 1.696758
0.943147 0.000017 0.000017 0.000009 0.000001 0.049595 0.007216 1.696759
0.943153 0.000015 0.000016 0.000010 0.000001 0.049589 0.007216 1.696762
0.943162 0.000013 0.000016 0.000010 0.000001 0.049584 0.007216 1.696764
0.943169 0.000013 0.000017 0.000009 0.000001 0.049577 0.007216 1.696765
0.943174 0.000013 0.000015 0.000009 0.000001 0.049573 0.007216 1.696766
0.943183 0.000011 0.000016 0.000009 0.000001 0.049565 0.007216 1.696768
0.943190 0.000010 0.000016 0.000010 0.000000 0.049558 0.007216 1.696769
0.943194 0.000010 0.000016 0.000010 0.000000 0.049555 0.007216 1.696771
0.943202 0.000009 0.000016 0.000009 0.000000 0.049549 0.007216 1.696772
0.943207 0.000010 0.000015 0.000009 0.000000 0.049544 0.007216 1.696773
0.943212 0.000010 0.000014 0.000008 0.000000 0.049540 0.007216 1.696775
0.943220 0.000008 0.000014 0.000008 0.000000 0.049533 0.007216 1.696776
0.943225 0.000008 0.000013 0.000007 0.000000 0.049531 0.007216 1.696777
0.943230 0.000010 0.000014 0.000006 0.000000 0.049525 0.007216 1.696778
0.943236 0.000008 0.000014 0.000006 0.000000 0.049520 0.007216 1.696780
0.943242 0.000007 0.000014 0.000006 0.000000 0.049516 0.007216 1.696781
0.943248 0.000006 0.000013 0.000005 0.000000 0.049512 0.007216 1.696782
0.943256 0.000006 0.000014 0.000005 0.000000 0.049504 0.007216 1.696783
0.943262 0.000005 0.000015 0.000005 0.000000 0.049499 0.007216 1.696785
0.943268 0.000005 0.000014 0.000004 0.000000 0.049494 0.007216 1.696785
0.943274 0.000005 0.000012 0.000005 0.000000 0.049490 0.007216 1.696785
0.943281 0.000003 0.000010 0.000006 0.000000 0.049484 0.007216 1.696786
0.943288 0.000004 0.000010 0.000006 0.000000 0.049477 0.007216 1.696786
0.943295 0.000004 0.000010 0.000006 0.000000 0.049470 0.007216 1.696787
0.943300 0.000003 0.000010 0.000005 0.000000 0.049467 0.007216 1.696787
0.943307 0.000003 0.000010 0.000005 0.000000 0.049461 0.007216 1.696788
0.943312 0.000003 0.000010 0.000004 0.000000 0.049456 0.007216 1.696788
0.943316 0.000003 0.000008 0.000004 0.000000 0.049454 0.007216 1.696788
0.943320 0.000003 0.000008 0.000004 0.000000 0.049450 0.007216 1.696788
0.943324 0.000004 0.000007 0.000003 0.000000 0.049447 0.007216 1.696788
0.943328 0.000004 0.000006 0.000003 0.000000 0.049443 0.007216 1.696788
0.943331 0.000003 0.000006 0.000003 0.000000 0.049441 0.007216 1.696789
0.943336 0.000004 0.000005 0.000003 0.000000 0.049436 0.007216 1.696789
0.943341 0.000003 0.000005 0.000004 0.000000 0.049431 0.007216 1.696789
0.943341 0.000004 0.000005 0.000003 0.000000 0.049431 0.007216 1.696790
0.943344 0.000004 0.000005 0.000002 0.000001 0.049429 0.007216 1.696790
0.943346 0.000004 0.000005 0.000002 0.000001 0.049427 0.007216 1.696790
0.943348 0.000005 0.000005 0.000002 0.000001 0.049424 0.007216 1.696791
0.943347 0.000007 0.000006 0.000002 0.000001 0.049423 0.007216 1.696792
0.943346 0.000007 0.000006 0.000003 0.000001 0.049422 0.007216 1.696793
0.943348 0.000008 0.000005 0.000002 0.000001 0.049422 0.007216 1.696793
0.943350 0.000008 0.000004 0.000002 0.000001 0.049420 0.007216 1.696793
0.943351 0.000006 0.000005 0.000003 0.000001 0.049419 0.007216 1.696795
0.943354 0.000005 0.000006 0.000003 0.000001 0.049416 0.007216 1.696796
0.943356 0.000005 0.000006 0.000003 0.000001 0.049414 0.007216 1.696796
0.943357 0.000005 0.000006 0.000002 0.000001 0.049413 0.007216 1.696796
0.943359 0.000005 0.000006 0.000002 0.000001 0.049411 0.007216 1.696796
0.943360 0.000006 0.000005 0.000003 0.000001 0.049411 0.007216 1.696797
0.943362 0.000006 0.000005 0.000003 0.000001 0.049408 0.007216 1.696797
0.943363 0.000006 0.000005 0.000002 0.000001 0.049408 0.007216 1.696797
0.943365 0.000005 0.000006 0.000002 0.000001 0.049406 0.007216 1.696799
0.943366 0.000004 0.000006 0.000003 0.000001 0.049405 0.007216 1.696800
0.943365 0.000005 0.000006 0.000002 0.000001 0.049406 0.007216 1.696800
0.943369 0.000004 0.000006 0.000001 0.000001 0.049404 0.007216 1.696801
0.943370 0.000005 0.000005 0.000001 0.000001 0.049403 0.007216 1.696801
0.943371 0.000005 0.000005 0.000001 0.000000 0.049402 0.007216 1.696801
0.943373 0.000004 0.000006 0.000001 0.000000 0.049400 0.007216 1.696802
0.943374 0.000004 0.000005 0.000001 0.000000 0.049399 0.007216 1.696803
0.943376 0.000005 0.000005 0.000001 0.000000 0.049397 0.007216 1.696803
0.943377 0.000005 0.000005 0.000001 0.000000 0.049396 0.007216 1.696803
0.943379 0.000005 0.000005 0.000001 0.000000 0.049395 0.007216 1.696803
0.943379 0.000006 0.000005 0.000001 0.000000 0.049394 0.007216 1.696804
0.943380 0.000005 0.000005 0.000001 0.000000 0.049393 0.007216 1.696804
0.943382 0.000004 0.000004 0.000002 0.000000 0.049392 0.007216 1.696805
0.943382 0.000003 0.000005 0.000003 0.000000 0.049392 0.007216 1.696807
0.943383 0.000002 0.000006 0.000003 0.000000 0.049391 0.007216 1.696808
0.943384 0.000002 0.000006 0.000002 0.000000 0.049390 0.007216 1.696808
0.943385 0.000002 0.000006 0.000003 0.000000 0.049389 0.007216 1.696809
0.943385 0.000003 0.000006 0.000003 0.000000 0.049387 0.007216 1.696809
0.943386 0.000003 0.000005 0.000003 0.000000 0.049387 0.007216 1.696809
0.943388 0.000004 0.000005 0.000003 0.000000 0.049384 0.007216 1.696810
0.943390 0.000003 0.000005 0.000003 0.000000 0.049384 0.007216 1.696811
0.943390 0.000003 0.000005 0.000003 0.000000 0.049383 0.007216 1.696811
0.943392 0.000004 0.000004 0.000003 0.000000 0.049382 0.007216 1.696811
0.943392 0.000004 0.000004 0.000003 0.000000 0.049381 0.007216 1.696812
0.943392 0.000004 0.000005 0.000002 0.000000 0.049381 0.007216 1.696813
0.943393 0.000004 0.000005 0.000002 0.000000 0.049380 0.007216 1.696813
0.943393 0.000003 0.000005 0.000002 0.000000 0.049381 0.007216 1.696814
0.943395 0.000003 0.000005 0.000002 0.000000 0.049379 0.007216 1.696814
0.943395 0.000004 0.000005 0.000002 0.000000 0.049378 0.007216 1.696814
0.943396 0.000003 0.000005 0.000002 0.000000 0.049378 0.007216 1.696814
0.943396 0.000003 0.000005 0.000003 0.000000 0.049377 0.007216 1.696815
0.943397 0.000003 0.000005 0.000003 0.000000 0.049376 0.007216 1.696815
0.943398 0.000003 0.000004 0.000003 0.000000 0.049376 0.007216 1.696815
0.943400 0.000003 0.000004 0.000003 0.000000 0.049374 0.007216 1.696815
0.943401 0.000003 0.000005 0.000003 0.000000 0.049373 0.007216 1.696815
0.943402 0.000003 0.000005 0.000002 0.000000 0.049373 0.007216 1.696815
0.943402 0.000003 0.000005 0.000002 0.000000 0.049372 0.007216 1.696816
0.943403 0.000003 0.000005 0.000002 0.000000 0.049372 0.007216 1.696816
0.943403 0.000003 0.000005 0.000002 0.000000 0.049371 0.007216 1.696817
0.943403 0.000003 0.000005 0.000001 0.000000 0.049373 0.007216 1.696817
0.943405 0.000003 0.000005 0.000001 0.000000 0.049371 0.007216 1.696817
0.943404 0.000003 0.000005 0.000001 0.000000 0.049372 0.007216 1.696817
0.943405 0.000002 0.000005 0.000002 0.000000 0.049371 0.007216 1.696818
0.943406 0.000002 0.000005 0.000002 0.000000 0.049370 0.007216 1.696818
0.943407 0.000002 0.000005 0.000002 0.000000 0.049369 0.007216 1.696818
0.943409 0.000002 0.000005 0.000002 0.000000 0.049368 0.007216 1.696818
0.943410 0.000002 0.000005 0.000002 0.000000 0.049367 0.007216 1.696818
0.943412 0.000002 0.000005 0.000002 0.000000 0.049365 0.007216 1.696818
0.943412 0.000001 0.000005 0.000001 0.000000 0.049365 0.007216 1.696819
0.943413 0.000001 0.000005 0.000000 0.000000 0.049364 0.007216 1.696819
0.943414 0.000001 0.000005 0.000000 0.000000 0.049364 0.007216 1.696819
0.943415 0.000001 0.000004 0.000000 0.000000 0.049364 0.007216 1.696819
0.943416 0.000001 0.000003 0.000000 0.000000 0.049364 0.007216 1.696819
0.943417 0.000001 0.000003 0.000000 0.000000 0.049363 0.007216 1.696819
0.943418 0.000001 0.000002 0.000000 0.000000 0.049363 0.007216 1.696819
0.943419 0.000000 0.000003 0.000000 0.000000 0.049362 0.007216 1.696819
0.943420 0.000000 0.000003 0.000000 0.000000 0.049360 0.007216 1.696819
0.943421 0.000000 0.000002 0.000000 0.000000 0.049360 0.007216 1.696819
0.943422 0.000000 0.000002 0.000000 0.000000 0.049360 0.007216 1.696819
0.943423 0.000000 0.000002 0.000000 0.000000 0.049359 0.007216 1.696819
0.943423 0.000000 0.000001 0.000000 0.000000 0.049359 0.007216 1.696819
0.943424 0.000000 0.000001 0.000000 0.000000 0.049358 0.007216 1.696819
0.943423 0.000001 0.000001 0.000000 0.000000 0.049358 0.007216 1.696819
0.943423 0.000001 0.000001 0.000000 0.000000 0.049358 0.007216 1.696819
0.943423 0.000001 0.000001 0.000000 0.000000 0.049358 0.007216 1.696819
0.943424 0.000001 0.000001 0.000000 0.000000 0.049357 0.007216 1.696819
0.943424 0.000001 0.000001 0.000000 0.000000 0.049357 0.007216 1.696819
0.943424 0.000002 0.000001 0.000000 0.000000 0.049357 0.007216 1.696819
0.943424 0.000001 0.000001 0.000001 0.000000 0.049357 0.007216 1.696820
0.943424 0.000001 0.000001 0.000001 0.000000 0.049357 0.007216 1.696820
0.943424 0.000001 0.000001 0.000001 0.000000 0.049356 0.007216 1.696820
0.943424 0.000000 0.000001 0.000001 0.000000 0.049356 0.007216 1.696821
0.943425 0.000000 0.000001 0.000001 0.000000 0.049356 0.007216 1.696821
0.943425 0.000000 0.000001 0.000001 0.000000 0.049356 0.007216 1.696821
0.943425 0.000000 0.000001 0.000001 0.000000 0.049356 0.007216 1.696821
0.943426 0.000000 0.000001 0.000001 0.000000 0.049355 0.007216 1.696821
0.943426 0.000000 0.000001 0.000001 0.000000 0.049355 0.007216 1.696821
0.943426 0.000000 0.000001 0.000001 0.000000 0.049355 0.007216 1.696821
0.943427 0.000000 0.000001 0.000001 0.000000 0.049355 0.007216 1.696821
0.943427 0.000000 0.000001 0.000000 0.000000 0.049355 0.007216 1.696821
0.943427 0.000000 0.000001 0.000000 0.000000 0.049355 0.007216 1.696821
0.943428 0.000000 0.000001 0.000000 0.000000 0.049354 0.007216 1.696821
0.943428 0.000000 0.000001 0.000000 0.000000 0.049354 0.007216 1.696821
0.943429 0.000000 0.000001 0.000000 0.000000 0.049353 0.007216 1.696821
0.943429 0.000000 0.000001 0.000000 0.000000 0.049353 0.007216 1.696821
0.943430 0.000000 0.000001 0.000000 0.000000 0.049352 0.007216 1.696821
0.943430 0.000000 0.000000 0.000000 0.000000 0.049353 0.007216 1.696821
0.943430 0.000000 0.000000 0.000000 0.000000 0.049352 0.007216 1.696821
0.943430 0.000000 0.000000 0.000000 0.000000 0.049353 0.007216 1.696821
0.943431 0.000000 0.000000 0.000000 0.000000 0.049352 0.007216 1.696821
0.943431 0.000000 0.000000 0.000000 0.000000 0.049352 0.007216 1.696821
0.943432 0.000000 0.000000 0.000000 0.000000 0.049351 0.007216 1.696821
0.943432 0.000000 0.000000 0.000000 0.000000 0.049351 0.007216 1.696821
0.943432 0.000000 0.000000 0.000000 0.000000 0.049351 0.007216 1.696821
0.943433 0.000000 0.000000 0.000000 0.000000 0.049350 0.007216 1.696821
0.943433 0.000000 0.000000 0.000000 0.000000 0.049350 0.007216 1.696821
0.943433 0.000000 0.000000 0.000000 0.000000 0.049350 0.007216 1.696821
0.943434 0.000000 0.000000 0.000000 0.000000 0.049350 0.007216 1.696821
0.943434 0.000000 0.000000 0.000000 0.000000 0.049349 0.007216 1.696821
0.943434 0.000000 0.000000 0.000000 0.000000 0.049349 0.007216 1.696821
0.943434 0.000000 0.000000 0.000000 0.000000 0.049350 0.007216 1.696821
0.943434 0.000000 0.000000 0.000000 0.000000 0.049350 0.007216 1.696822
0.943434 0.000000 0.000000 0.000000 0.000000 0.049349 0.007216 1.696822
0.943435 0.000000 0.000000 0.000000 0.000000 0.049349 0.007216 1.696822
0.943435 0.000000 0.000000 0.000000 0.000000 0.049349 0.007216 1.696822
0.943435 0.000000 0.000000 0.000000 0.000000 0.049349 0.007216 1.696822
0.943435 0.000000 0.000000 0.000000 0.000000 0.049349 0.007216 1.696822
0.943435 0.000000 0.000000 0.000000 0.000000 0.049349 0.007216 1.696822
0.943435 0.000000 0.000000 0.000000 0.000000 0.049349 0.007216 1.696822
0.943435 0.000000 0.000000 0.000000 0.000000 0.049349 0.007216 1.696822
0.943435 0.000000 0.000000 0.000000 0.000000 0.049349 0.007216 1.696822
0.943435 0.000000 0.000000 0.000000 0.000000 0.049349 0.007216 1.696822
0.943435 0.000000 0.000000 0.000000 0.000000 0.049349 0.007216 1.696822
0.943435 0.000000 0.000000 0.000000 0.000000 0.049349 0.007216 1.696822
0.943435 0.000000 0.000000 0.000000 0.000000 0.049349 0.007216 1.696822
0.943435 0.000000 0.000000 0.000000 0.000000 0.049349 0.007216 1.696822
0.943435 0.000000 0.000000 0.000000 0.000000 0.049349 0.007216 1.696822
0.943435 0.000000 0.000000 0.000000 0.000000 0.049349 0.007216 1.696822
0.943435 0.000000 0.000000 0.000000 0.000000 0.049349 0.007216 1.696822
0.943435 0.000000 0.000000 0.000000 0.000000 0.049349 0.007216 1.696822
0.943435 0.000000 0.000000 0.000000 0.000000 0.049349 0.007216 1.696822
0.943435 0.000000 0.000000 0.000000 0.000000 0.049349 0.007216 1.696822
0.943435 0.000000 0.000000 0.000000 0.000000 0.049349 0.007216 1.696822
0.943435 0.000000 0.000000 0.000000 0.000000 0.049349 0.007216 1.696822
0.943435 0.000000 0.000000 0.000000 0.000000 0.049349 0.007216 1.696822
0.943435 0.000000 0.000000 0.000000 0.000000 0.049349 0.007216 1.696822
0.943435 0.000000 0.000000 0.000000 0.000000 0.049349 0.007216 1.696822
0.943435 0.000000 0.000000 0.000000 0.000000 0.049349 0.007216 1.696822
