0.361184 0.061499 0.054949 0.031464 0.001959 0.483247 0.005698 1.585688
0.363062 0.059664 0.054902 0.031334 0.001966 0.483348 0.005725 1.591680
0.365584 0.057518 0.054665 0.031161 0.001967 0.483355 0.005751 1.597459
0.368312 0.055234 0.054311 0.030941 0.001977 0.483451 0.005774 1.603001
0.371356 0.052897 0.053853 0.030616 0.001967 0.483503 0.005808 1.608343
0.374784 0.050586 0.053291 0.030242 0.001977 0.483289 0.005830 1.613373
0.378223 0.048324 0.052668 0.029770 0.001974 0.483189 0.005854 1.618246
0.381691 0.046263 0.051886 0.029379 0.001968 0.482935 0.005878 1.622872
0.385257 0.044223 0.051104 0.028843 0.001954 0.482711 0.005909 1.627310
0.388956 0.042217 0.050182 0.028331 0.001949 0.482430 0.005936 1.631564
0.392842 0.040446 0.049180 0.027704 0.001945 0.481923 0.005959 1.635524
0.396721 0.038719 0.048250 0.027145 0.001949 0.481228 0.005988 1.639413
0.400778 0.037039 0.047293 0.026544 0.001959 0.480372 0.006014 1.643112
0.404785 0.035551 0.046205 0.025950 0.001950 0.479523 0.006035 1.646616
0.408823 0.033980 0.045201 0.025411 0.001939 0.478586 0.006061 1.650128
0.412943 0.032624 0.044090 0.024723 0.001940 0.477594 0.006086 1.653334
0.417190 0.031224 0.043024 0.024068 0.001929 0.476460 0.006105 1.656510
0.421374 0.030019 0.041881 0.023369 0.001919 0.475311 0.006127 1.659460
0.425669 0.028846 0.040820 0.022669 0.001922 0.473928 0.006147 1.662312
0.429942 0.027745 0.039697 0.022037 0.001914 0.472495 0.006171 1.665037
0.434320 0.026601 0.038601 0.021413 0.001885 0.470985 0.006194 1.667747
0.438605 0.025622 0.037501 0.020833 0.001852 0.469359 0.006228 1.670294
0.442917 0.024698 0.036544 0.020252 0.001855 0.467488 0.006245 1.672772
0.447350 0.023724 0.035468 0.019652 0.001841 0.465693 0.006272 1.675166
0.451723 0.022880 0.034424 0.019097 0.001826 0.463755 0.006295 1.677431
0.456113 0.022048 0.033363 0.018548 0.001806 0.461804 0.006318 1.679647
0.460469 0.021286 0.032390 0.017998 0.001781 0.459729 0.006346 1.681783
0.464897 0.020521 0.031480 0.017432 0.001764 0.457541 0.006365 1.683846
0.469381 0.019815 0.030562 0.016883 0.001737 0.455231 0.006392 1.685823
0.473848 0.019246 0.029641 0.016357 0.001710 0.452784 0.006414 1.687687
0.478220 0.018597 0.028748 0.015843 0.001684 0.450475 0.006433 1.689568
0.482613 0.018044 0.027854 0.015404 0.001651 0.447971 0.006463 1.691350
0.486945 0.017506 0.027008 0.014977 0.001635 0.445451 0.006480 1.693110
0.491279 0.017011 0.026203 0.014484 0.001609 0.442910 0.006505 1.694777
0.495690 0.016537 0.025353 0.014028 0.001588 0.440277 0.006526 1.696377
0.500055 0.016106 0.024621 0.013592 0.001565 0.437518 0.006542 1.697986
0.504339 0.015691 0.023921 0.013176 0.001536 0.434773 0.006563 1.699551
0.508637 0.015266 0.023213 0.012771 0.001506 0.432027 0.006580 1.701061
0.512889 0.014818 0.022582 0.012391 0.001490 0.429230 0.006600 1.702584
0.517121 0.014474 0.021926 0.012007 0.001473 0.426384 0.006616 1.704018
0.521352 0.014112 0.021250 0.011625 0.001442 0.423584 0.006634 1.705414
0.525615 0.013847 0.020592 0.011228 0.001411 0.420651 0.006656 1.706726
0.529898 0.013507 0.020027 0.010896 0.001382 0.417617 0.006673 1.708067
0.534066 0.013196 0.019476 0.010558 0.001365 0.414645 0.006694 1.709354
0.538140 0.012928 0.018913 0.010265 0.001340 0.411706 0.006709 1.710592
0.542293 0.012636 0.018385 0.009942 0.001316 0.408706 0.006722 1.711840
0.546401 0.012348 0.017904 0.009664 0.001284 0.405661 0.006739 1.713087
0.550505 0.012046 0.017439 0.009413 0.001245 0.402592 0.006759 1.714312
0.554574 0.011809 0.016945 0.009150 0.001216 0.399527 0.006780 1.715452
0.558719 0.011541 0.016496 0.008854 0.001198 0.396400 0.006793 1.716594
0.562702 0.011300 0.016062 0.008627 0.001180 0.393323 0.006807 1.717707
0.566787 0.011065 0.015643 0.008418 0.001161 0.390101 0.006826 1.718832
0.570779 0.010834 0.015262 0.008200 0.001135 0.386951 0.006838 1.719917
0.574709 0.010679 0.014880 0.007955 0.001109 0.383815 0.006853 1.720936
0.578622 0.010522 0.014485 0.007761 0.001088 0.380652 0.006870 1.721959
0.582468 0.010366 0.014154 0.007553 0.001079 0.377500 0.006880 1.722975
0.586365 0.010143 0.013856 0.007376 0.001053 0.374312 0.006895 1.724024
0.590211 0.010025 0.013521 0.007192 0.001027 0.371113 0.006911 1.724990
0.594036 0.009814 0.013245 0.007033 0.001006 0.367938 0.006927 1.725998
0.597777 0.009627 0.012965 0.006884 0.000974 0.364830 0.006945 1.726996
0.601548 0.009496 0.012679 0.006737 0.000941 0.361637 0.006962 1.727930
0.605288 0.009398 0.012367 0.006587 0.000929 0.358454 0.006976 1.728814
0.609066 0.009249 0.012068 0.006440 0.000909 0.355281 0.006986 1.729716
0.612674 0.009135 0.011817 0.006299 0.000886 0.352190 0.006999 1.730625
0.616308 0.009016 0.011585 0.006175 0.000865 0.349042 0.007010 1.731510
0.619867 0.008861 0.011314 0.006036 0.000839 0.346061 0.007022 1.732412
0.623402 0.008734 0.011077 0.005912 0.000826 0.343019 0.007031 1.733294
0.626908 0.008641 0.010841 0.005816 0.000807 0.339945 0.007043 1.734169
0.630389 0.008502 0.010614 0.005713 0.000790 0.336941 0.007052 1.735036
0.633907 0.008386 0.010429 0.005602 0.000771 0.333842 0.007065 1.735879
0.637367 0.008307 0.010245 0.005498 0.000754 0.330751 0.007077 1.736685
0.640707 0.008256 0.010061 0.005404 0.000748 0.327740 0.007085 1.737485
0.644110 0.008164 0.009902 0.005321 0.000730 0.324679 0.007094 1.738296
0.647382 0.008065 0.009731 0.005237 0.000710 0.321771 0.007104 1.739113
0.650697 0.008005 0.009555 0.005133 0.000694 0.318801 0.007115 1.739865
0.653959 0.007947 0.009380 0.005026 0.000680 0.315887 0.007122 1.740619
0.657216 0.007863 0.009222 0.004944 0.000668 0.312957 0.007130 1.741395
0.660407 0.007820 0.009030 0.004868 0.000655 0.310083 0.007137 1.742144
0.663606 0.007747 0.008896 0.004808 0.000637 0.307160 0.007146 1.742895
0.666703 0.007695 0.008732 0.004724 0.000628 0.304365 0.007156 1.743642
0.669808 0.007584 0.008621 0.004666 0.000615 0.301537 0.007168 1.744417
0.672836 0.007544 0.008443 0.004600 0.000600 0.298798 0.007177 1.745150
0.675868 0.007494 0.008297 0.004552 0.000587 0.296015 0.007188 1.745851
0.678890 0.007433 0.008183 0.004514 0.000580 0.293206 0.007195 1.746597
0.681851 0.007363 0.008063 0.004450 0.000560 0.290506 0.007207 1.747310
0.684766 0.007346 0.007935 0.004382 0.000558 0.287799 0.007214 1.748012
0.687694 0.007300 0.007868 0.004333 0.000546 0.285040 0.007220 1.748727
0.690660 0.007171 0.007797 0.004308 0.000536 0.282302 0.007226 1.749492
0.693562 0.007088 0.007715 0.004250 0.000523 0.279628 0.007236 1.750221
0.696408 0.007017 0.007678 0.004177 0.000511 0.276965 0.007244 1.750934
0.699146 0.006964 0.007582 0.004114 0.000494 0.274450 0.007251 1.751626
0.701958 0.006941 0.007466 0.004044 0.000487 0.271845 0.007259 1.752286
0.704737 0.006902 0.007342 0.003993 0.000479 0.269283 0.007265 1.752974
0.707398 0.006870 0.007260 0.003955 0.000472 0.266773 0.007274 1.753646
0.710112 0.006831 0.007206 0.003930 0.000472 0.264170 0.007279 1.754342
0.712783 0.006774 0.007108 0.003944 0.000464 0.261641 0.007287 1.755026
0.715397 0.006725 0.007057 0.003888 0.000456 0.259188 0.007291 1.755709
0.718022 0.006730 0.007004 0.003830 0.000452 0.256667 0.007295 1.756347
0.720560 0.006726 0.006933 0.003758 0.000446 0.254279 0.007299 1.756987
0.723000 0.006706 0.006865 0.003711 0.000441 0.251974 0.007303 1.757646
0.725520 0.006677 0.006801 0.003676 0.000432 0.249587 0.007308 1.758306
0.728007 0.006656 0.006746 0.003631 0.000424 0.247221 0.007315 1.758971
0.730438 0.006623 0.006716 0.003587 0.000419 0.244899 0.007319 1.759636
0.732912 0.006593 0.006666 0.003563 0.000416 0.242526 0.007326 1.760285
0.735336 0.006581 0.006576 0.003546 0.000406 0.240223 0.007331 1.760928
0.737755 0.006572 0.006539 0.003512 0.000401 0.237886 0.007335 1.761550
0.740024 0.006564 0.006495 0.003471 0.000388 0.235718 0.007341 1.762184
0.742201 0.006546 0.006446 0.003472 0.000384 0.233607 0.007344 1.762848
0.744456 0.006530 0.006446 0.003469 0.000380 0.231372 0.007348 1.763513
0.746656 0.006505 0.006395 0.003460 0.000370 0.229260 0.007354 1.764157
0.748879 0.006473 0.006354 0.003435 0.000363 0.227136 0.007359 1.764803
0.751058 0.006492 0.006282 0.003381 0.000359 0.225064 0.007364 1.765418
0.753231 0.006442 0.006269 0.003341 0.000358 0.222991 0.007369 1.766072
0.755409 0.006431 0.006254 0.003301 0.000357 0.220874 0.007375 1.766713
0.757599 0.006411 0.006223 0.003277 0.000350 0.218761 0.007379 1.767350
0.759663 0.006399 0.006197 0.003253 0.000342 0.216762 0.007385 1.767971
0.761697 0.006432 0.006154 0.003236 0.000337 0.214755 0.007389 1.768577
0.763779 0.006452 0.006124 0.003214 0.000334 0.212704 0.007394 1.769199
0.765776 0.006451 0.006142 0.003186 0.000327 0.210720 0.007398 1.769845
0.767843 0.006460 0.006135 0.003169 0.000323 0.208667 0.007404 1.770473
0.769814 0.006476 0.006103 0.003162 0.000317 0.206720 0.007408 1.771106
0.771824 0.006395 0.006087 0.003152 0.000314 0.204815 0.007413 1.771779
0.773761 0.006386 0.006049 0.003154 0.000309 0.202925 0.007417 1.772390
0.775596 0.006428 0.005996 0.003131 0.000305 0.201123 0.007422 1.773012
0.777470 0.006453 0.005960 0.003120 0.000307 0.199265 0.007426 1.773602
0.779323 0.006483 0.005935 0.003093 0.000306 0.197432 0.007430 1.774211
0.781142 0.006484 0.005927 0.003103 0.000301 0.195609 0.007434 1.774843
0.782899 0.006466 0.005930 0.003102 0.000299 0.193868 0.007437 1.775489
0.784685 0.006440 0.005960 0.003119 0.000291 0.192064 0.007441 1.776159
0.786473 0.006462 0.005931 0.003093 0.000288 0.190309 0.007445 1.776777
0.788285 0.006449 0.005922 0.003089 0.000285 0.188525 0.007447 1.777405
0.789991 0.006430 0.005898 0.003092 0.000279 0.186860 0.007451 1.778044
0.791697 0.006413 0.005918 0.003071 0.000276 0.185170 0.007455 1.778679
0.793353 0.006440 0.005915 0.003057 0.000274 0.183505 0.007456 1.779311
0.795027 0.006428 0.005922 0.003058 0.000272 0.181833 0.007460 1.779954
0.796626 0.006454 0.005920 0.003038 0.000264 0.180232 0.007465 1.780597
0.798236 0.006471 0.005885 0.003070 0.000262 0.178609 0.007468 1.781242
0.799789 0.006513 0.005883 0.003076 0.000259 0.177009 0.007471 1.781891
0.801296 0.006550 0.005864 0.003072 0.000256 0.175488 0.007475 1.782530
0.802833 0.006586 0.005878 0.003064 0.000250 0.173912 0.007479 1.783151
0.804340 0.006594 0.005864 0.003070 0.000254 0.172396 0.007484 1.783793
0.805844 0.006589 0.005860 0.003079 0.000251 0.170888 0.007490 1.784442
0.807267 0.006668 0.005843 0.003097 0.000249 0.169381 0.007495 1.785083
0.808727 0.006661 0.005847 0.003117 0.000248 0.167903 0.007497 1.785763
0.810139 0.006648 0.005849 0.003151 0.000245 0.166467 0.007501 1.786441
0.811532 0.006694 0.005827 0.003136 0.000238 0.165069 0.007505 1.787061
0.812857 0.006713 0.005811 0.003136 0.000235 0.163740 0.007508 1.787714
0.814177 0.006725 0.005833 0.003135 0.000235 0.162385 0.007510 1.788371
0.815573 0.006738 0.005847 0.003130 0.000228 0.160971 0.007513 1.789014
0.816816 0.006821 0.005855 0.003130 0.000229 0.159636 0.007513 1.789675
0.818081 0.006855 0.005853 0.003134 0.000229 0.158332 0.007517 1.790331
0.819449 0.006807 0.005872 0.003147 0.000229 0.156976 0.007520 1.791021
0.820624 0.006857 0.005889 0.003134 0.000231 0.155740 0.007523 1.791682
0.821864 0.006882 0.005910 0.003174 0.000230 0.154414 0.007526 1.792360
0.823091 0.006912 0.005929 0.003174 0.000234 0.153133 0.007528 1.793030
0.824252 0.006955 0.005923 0.003212 0.000232 0.151892 0.007533 1.793695
0.825489 0.006945 0.005940 0.003219 0.000235 0.150633 0.007538 1.794398
0.826655 0.006960 0.005982 0.003256 0.000230 0.149376 0.007544 1.795075
0.827793 0.006984 0.005997 0.003274 0.000226 0.148181 0.007546 1.795775
0.828852 0.007051 0.006030 0.003275 0.000229 0.147017 0.007547 1.796446
0.830004 0.007079 0.006055 0.003268 0.000226 0.145817 0.007551 1.797143
0.831124 0.007090 0.006093 0.003289 0.000225 0.144624 0.007555 1.797853
0.832154 0.007124 0.006137 0.003294 0.000221 0.143511 0.007560 1.798558
0.833146 0.007216 0.006140 0.003302 0.000216 0.142418 0.007563 1.799231
0.834157 0.007223 0.006165 0.003333 0.000215 0.141341 0.007566 1.799956
0.835093 0.007260 0.006189 0.003316 0.000217 0.140356 0.007570 1.800685
0.836038 0.007353 0.006215 0.003322 0.000212 0.139287 0.007574 1.801389
0.837029 0.007369 0.006251 0.003343 0.000211 0.138220 0.007577 1.802111
0.837968 0.007428 0.006267 0.003369 0.000214 0.137175 0.007580 1.802833
0.838933 0.007497 0.006278 0.003358 0.000214 0.136137 0.007583 1.803546
0.839867 0.007547 0.006311 0.003379 0.000210 0.135100 0.007586 1.804270
0.840840 0.007599 0.006315 0.003398 0.000206 0.134052 0.007590 1.804990
0.841703 0.007648 0.006363 0.003401 0.000210 0.133082 0.007593 1.805739
0.842585 0.007698 0.006382 0.003416 0.000205 0.132117 0.007596 1.806476
0.843390 0.007824 0.006373 0.003438 0.000206 0.131169 0.007600 1.807177
0.844263 0.007861 0.006417 0.003452 0.000207 0.130197 0.007602 1.807939
0.845052 0.007938 0.006439 0.003471 0.000209 0.129286 0.007606 1.808696
0.845918 0.007948 0.006491 0.003489 0.000214 0.128332 0.007608 1.809470
0.846648 0.007988 0.006531 0.003514 0.000211 0.127497 0.007610 1.810261
0.847437 0.007986 0.006598 0.003529 0.000209 0.126630 0.007611 1.811067
0.848133 0.008070 0.006593 0.003572 0.000207 0.125813 0.007613 1.811838
0.848875 0.008116 0.006636 0.003590 0.000206 0.124960 0.007616 1.812625
0.849627 0.008169 0.006672 0.003611 0.000205 0.124097 0.007618 1.813399
0.850340 0.008172 0.006729 0.003672 0.000205 0.123260 0.007620 1.814220
0.851027 0.008257 0.006709 0.003665 0.000206 0.122514 0.007621 1.814985
0.851731 0.008308 0.006766 0.003682 0.000206 0.121683 0.007623 1.815810
0.852429 0.008333 0.006839 0.003717 0.000207 0.120849 0.007627 1.816647
0.853003 0.008421 0.006861 0.003738 0.000205 0.120142 0.007630 1.817452
0.853715 0.008445 0.006918 0.003750 0.000202 0.119337 0.007633 1.818282
0.854303 0.008538 0.006972 0.003759 0.000207 0.118588 0.007633 1.819089
0.854918 0.008590 0.007005 0.003779 0.000211 0.117864 0.007635 1.819905
0.855444 0.008695 0.007014 0.003804 0.000216 0.117190 0.007637 1.820730
0.856018 0.008692 0.007082 0.003842 0.000213 0.116516 0.007638 1.821623
0.856611 0.008716 0.007122 0.003879 0.000210 0.115819 0.007644 1.822467
0.857195 0.008743 0.007185 0.003946 0.000210 0.115073 0.007648 1.823347
0.857716 0.008829 0.007215 0.003972 0.000214 0.114403 0.007650 1.824205
0.858204 0.008901 0.007288 0.003999 0.000216 0.113741 0.007652 1.825089
0.858717 0.008941 0.007315 0.004026 0.000214 0.113131 0.007656 1.825973
0.859209 0.008989 0.007374 0.004050 0.000218 0.112501 0.007658 1.826855
0.859627 0.009132 0.007414 0.004046 0.000220 0.111902 0.007659 1.827703
0.860013 0.009176 0.007444 0.004096 0.000218 0.111391 0.007662 1.828622
0.860410 0.009238 0.007547 0.004126 0.000221 0.110794 0.007664 1.829536
0.860824 0.009311 0.007572 0.004159 0.000217 0.110249 0.007669 1.830444
0.861199 0.009374 0.007615 0.004175 0.000220 0.109746 0.007672 1.831371
0.861604 0.009399 0.007651 0.004215 0.000221 0.109236 0.007674 1.832306
0.861944 0.009510 0.007712 0.004209 0.000224 0.108725 0.007677 1.833212
0.862287 0.009541 0.007773 0.004232 0.000225 0.108264 0.007679 1.834164
0.862633 0.009616 0.007844 0.004276 0.000223 0.107727 0.007683 1.835111
0.862975 0.009617 0.007937 0.004297 0.000225 0.107263 0.007686 1.836084
0.863235 0.009744 0.007980 0.004332 0.000228 0.106795 0.007687 1.837026
0.863545 0.009849 0.008026 0.004328 0.000231 0.106331 0.007689 1.837966
0.863874 0.009939 0.008051 0.004349 0.000236 0.105859 0.007692 1.838920
0.864201 0.010004 0.008085 0.004357 0.000232 0.105425 0.007695 1.839883
0.864490 0.010053 0.008171 0.004373 0.000236 0.104981 0.007696 1.840872
0.864761 0.010080 0.008242 0.004412 0.000236 0.104571 0.007699 1.841869
0.865065 0.010125 0.008298 0.004393 0.000238 0.104178 0.007703 1.842856
0.865282 0.010213 0.008364 0.004459 0.000230 0.103745 0.007708 1.843871
0.865475 0.010305 0.008386 0.004482 0.000233 0.103409 0.007711 1.844833
0.865717 0.010358 0.008471 0.004516 0.000238 0.102986 0.007714 1.845865
0.865946 0.010370 0.008536 0.004540 0.000242 0.102649 0.007717 1.846900
0.866134 0.010439 0.008583 0.004574 0.000248 0.102301 0.007722 1.847890
0.866309 0.010505 0.008680 0.004612 0.000254 0.101916 0.007725 1.848943
0.866493 0.010570 0.008766 0.004628 0.000256 0.101560 0.007727 1.849990
0.866565 0.010715 0.008799 0.004638 0.000258 0.101295 0.007731 1.851015
0.866727 0.010767 0.008835 0.004675 0.000261 0.101001 0.007734 1.852042
0.866820 0.010879 0.008876 0.004690 0.000256 0.100742 0.007737 1.853076
0.866901 0.011000 0.008909 0.004723 0.000263 0.100464 0.007739 1.854136
0.867020 0.011016 0.008985 0.004774 0.000263 0.100200 0.007743 1.855247
0.867171 0.011035 0.009058 0.004790 0.000262 0.099938 0.007746 1.856340
0.867257 0.011106 0.009119 0.004823 0.000256 0.099690 0.007748 1.857399
0.867374 0.011172 0.009164 0.004859 0.000256 0.099423 0.007751 1.858491
0.867459 0.011254 0.009179 0.004903 0.000259 0.099193 0.007755 1.859560
0.867527 0.011350 0.009209 0.004953 0.000264 0.098941 0.007757 1.860636
0.867589 0.011351 0.009285 0.004992 0.000272 0.098751 0.007759 1.861779
0.867685 0.011452 0.009318 0.005037 0.000271 0.098473 0.007764 1.862886
0.867757 0.011495 0.009419 0.005054 0.000276 0.098231 0.007768 1.864005
0.867813 0.011559 0.009466 0.005092 0.000277 0.098023 0.007771 1.865152
0.867773 0.011712 0.009504 0.005115 0.000277 0.097847 0.007774 1.866270
0.867735 0.011827 0.009601 0.005119 0.000280 0.097661 0.007778 1.867403
0.867676 0.011917 0.009636 0.005147 0.000276 0.097566 0.007781 1.868548
0.867630 0.011999 0.009707 0.005190 0.000276 0.097414 0.007784 1.869719
0.867570 0.012093 0.009780 0.005235 0.000289 0.097248 0.007786 1.870900
0.867500 0.012165 0.009864 0.005264 0.000293 0.097124 0.007790 1.872081
0.867461 0.012235 0.009950 0.005298 0.000301 0.096963 0.007792 1.873286
0.867402 0.012306 0.010006 0.005370 0.000299 0.096819 0.007797 1.874495
0.867302 0.012325 0.010136 0.005435 0.000297 0.096705 0.007801 1.875787
0.867164 0.012442 0.010185 0.005452 0.000295 0.096658 0.007804 1.876970
0.867078 0.012530 0.010226 0.005478 0.000299 0.096585 0.007805 1.878153
0.867085 0.012579 0.010299 0.005495 0.000305 0.096429 0.007808 1.879365
0.866964 0.012696 0.010311 0.005541 0.000305 0.096372 0.007811 1.880566
0.866888 0.012736 0.010390 0.005604 0.000305 0.096262 0.007816 1.881847
0.866713 0.012867 0.010470 0.005629 0.000304 0.096197 0.007821 1.883090
0.866604 0.012965 0.010531 0.005657 0.000310 0.096110 0.007824 1.884313
0.866450 0.013003 0.010586 0.005714 0.000311 0.096112 0.007826 1.885595
0.866333 0.013031 0.010679 0.005739 0.000314 0.096076 0.007828 1.886866
0.866096 0.013162 0.010739 0.005781 0.000318 0.096070 0.007833 1.888135
0.865902 0.013248 0.010825 0.005822 0.000324 0.096045 0.007835 1.889432
0.865722 0.013290 0.010960 0.005851 0.000321 0.096015 0.007840 1.890780
0.865494 0.013352 0.011057 0.005902 0.000322 0.096029 0.007844 1.892113
0.865272 0.013377 0.011134 0.005950 0.000324 0.096097 0.007847 1.893468
0.865135 0.013428 0.011226 0.005988 0.000330 0.096045 0.007849 1.894756
0.864980 0.013468 0.011304 0.006033 0.000333 0.096030 0.007854 1.896099
0.864774 0.013552 0.011364 0.006068 0.000336 0.096048 0.007858 1.897419
0.864623 0.013576 0.011418 0.006120 0.000334 0.096066 0.007863 1.898765
0.864413 0.013665 0.011491 0.006106 0.000337 0.096123 0.007866 1.900083
0.864272 0.013704 0.011574 0.006148 0.000339 0.096096 0.007869 1.901421
0.864049 0.013744 0.011631 0.006186 0.000348 0.096167 0.007875 1.902790
0.863876 0.013841 0.011675 0.006202 0.000350 0.096178 0.007879 1.904099
0.863654 0.013875 0.011761 0.006211 0.000351 0.096267 0.007882 1.905482
0.863473 0.013957 0.011759 0.006214 0.000351 0.096359 0.007887 1.906801
0.863243 0.014032 0.011860 0.006221 0.000360 0.096395 0.007890 1.908175
0.863003 0.014109 0.011907 0.006261 0.000367 0.096461 0.007892 1.909561
0.862803 0.014214 0.011935 0.006308 0.000368 0.096477 0.007897 1.910936
0.862547 0.014280 0.012014 0.006294 0.000372 0.096591 0.007903 1.912328
0.862255 0.014343 0.012085 0.006340 0.000382 0.096686 0.007908 1.913739
0.861916 0.014470 0.012146 0.006341 0.000386 0.096829 0.007912 1.915125
0.861684 0.014521 0.012206 0.006353 0.000385 0.096935 0.007917 1.916539
0.861374 0.014601 0.012287 0.006398 0.000379 0.097032 0.007928 1.917955
0.861091 0.014648 0.012355 0.006412 0.000380 0.097182 0.007933 1.919410
0.860832 0.014762 0.012430 0.006416 0.000385 0.097241 0.007936 1.920795
0.860479 0.014856 0.012497 0.006452 0.000386 0.097392 0.007938 1.922265
0.860124 0.014956 0.012545 0.006507 0.000381 0.097544 0.007945 1.923723
0.859847 0.015082 0.012573 0.006536 0.000381 0.097635 0.007947 1.925147
0.859578 0.015114 0.012673 0.006584 0.000382 0.097716 0.007952 1.926624
0.859240 0.015191 0.012732 0.006616 0.000391 0.097873 0.007958 1.928084
0.858944 0.015216 0.012778 0.006679 0.000401 0.098020 0.007961 1.929602
0.858605 0.015275 0.012819 0.006719 0.000405 0.098214 0.007964 1.931104
0.858271 0.015309 0.012872 0.006786 0.000408 0.098388 0.007968 1.932622
0.857883 0.015396 0.012907 0.006831 0.000407 0.098602 0.007974 1.934117
0.857496 0.015481 0.012949 0.006893 0.000403 0.098799 0.007980 1.935641
0.857163 0.015542 0.013002 0.006916 0.000404 0.098986 0.007986 1.937158
0.856797 0.015646 0.013083 0.006922 0.000406 0.099155 0.007993 1.938669
0.856423 0.015669 0.013165 0.006956 0.000408 0.099385 0.007995 1.940210
0.856120 0.015768 0.013168 0.006982 0.000409 0.099555 0.008000 1.941692
0.855810 0.015773 0.013248 0.006991 0.000410 0.099763 0.008006 1.943237
0.855463 0.015808 0.013333 0.007014 0.000417 0.099956 0.008010 1.944788
0.855194 0.015827 0.013305 0.007045 0.000412 0.100204 0.008014 1.946262
0.854884 0.015841 0.013415 0.007050 0.000415 0.100377 0.008018 1.947839
0.854557 0.015873 0.013475 0.007077 0.000410 0.100583 0.008024 1.949407
0.854188 0.015875 0.013543 0.007110 0.000409 0.100846 0.008030 1.951017
0.853874 0.015898 0.013592 0.007159 0.000412 0.101030 0.008036 1.952572
0.853523 0.015932 0.013617 0.007196 0.000411 0.101280 0.008041 1.954150
0.853148 0.016022 0.013687 0.007213 0.000415 0.101468 0.008048 1.955682
0.852806 0.016063 0.013737 0.007247 0.000423 0.101670 0.008055 1.957247
0.852482 0.016114 0.013751 0.007279 0.000424 0.101890 0.008060 1.958803
0.852125 0.016226 0.013760 0.007310 0.000412 0.102099 0.008069 1.960365
0.851759 0.016297 0.013814 0.007352 0.000413 0.102289 0.008075 1.961971
0.851452 0.016340 0.013874 0.007385 0.000405 0.102462 0.008081 1.963565
0.851111 0.016385 0.013898 0.007406 0.000410 0.102701 0.008089 1.965155
0.850754 0.016394 0.013959 0.007425 0.000404 0.102967 0.008097 1.966761
0.850413 0.016385 0.013966 0.007443 0.000406 0.103287 0.008101 1.968378
0.850033 0.016428 0.014077 0.007470 0.000411 0.103476 0.008107 1.969997
0.849662 0.016464 0.014141 0.007514 0.000409 0.103697 0.008114 1.971612
0.849305 0.016507 0.014166 0.007504 0.000404 0.103994 0.008121 1.973217
0.848907 0.016552 0.014236 0.007523 0.000402 0.104250 0.008128 1.974851
0.848586 0.016487 0.014349 0.007574 0.000410 0.104464 0.008130 1.976535
0.848216 0.016493 0.014393 0.007613 0.000404 0.104746 0.008136 1.978184
0.847876 0.016541 0.014380 0.007652 0.000407 0.105004 0.008141 1.979798
0.847520 0.016562 0.014408 0.007699 0.000409 0.105256 0.008147 1.981431
0.847208 0.016607 0.014494 0.007682 0.000406 0.105451 0.008153 1.983050
0.846910 0.016572 0.014522 0.007728 0.000416 0.105696 0.008157 1.984692
0.846559 0.016587 0.014609 0.007728 0.000420 0.105934 0.008162 1.986329
0.846277 0.016613 0.014585 0.007746 0.000422 0.106193 0.008165 1.987954
0.845927 0.016668 0.014584 0.007765 0.000422 0.106466 0.008169 1.989571
0.845638 0.016673 0.014637 0.007793 0.000432 0.106655 0.008172 1.991210
0.845371 0.016659 0.014658 0.007811 0.000432 0.106891 0.008179 1.992855
0.845129 0.016675 0.014682 0.007767 0.000434 0.107125 0.008188 1.994462
0.844767 0.016748 0.014692 0.007774 0.000439 0.107387 0.008193 1.996079
0.844403 0.016793 0.014739 0.007792 0.000442 0.107633 0.008198 1.997708
0.844076 0.016774 0.014750 0.007786 0.000445 0.107965 0.008205 1.999387
0.843775 0.016781 0.014806 0.007791 0.000447 0.108189 0.008210 2.001012
0.843474 0.016761 0.014867 0.007788 0.000446 0.108449 0.008215 2.002709
0.843202 0.016774 0.014865 0.007797 0.000451 0.108692 0.008219 2.004346
0.842876 0.016805 0.014897 0.007799 0.000450 0.108947 0.008226 2.005992
0.842539 0.016790 0.014921 0.007858 0.000459 0.109203 0.008230 2.007664
0.842195 0.016864 0.014938 0.007882 0.000456 0.109426 0.008238 2.009300
0.841900 0.016838 0.015000 0.007878 0.000460 0.109680 0.008243 2.010996
0.841661 0.016845 0.014990 0.007866 0.000465 0.109924 0.008249 2.012668
0.841411 0.016809 0.015016 0.007902 0.000469 0.110140 0.008254 2.014355
0.841145 0.016864 0.015002 0.007861 0.000473 0.110397 0.008259 2.015961
0.840814 0.016941 0.014957 0.007866 0.000464 0.110690 0.008268 2.017581
0.840499 0.016986 0.014945 0.007896 0.000464 0.110939 0.008273 2.019220
0.840282 0.016917 0.015003 0.007910 0.000464 0.111145 0.008280 2.020908
0.840022 0.016855 0.015019 0.007933 0.000463 0.111424 0.008285 2.022598
0.839806 0.016823 0.015005 0.007943 0.000472 0.111661 0.008289 2.024253
0.839475 0.016865 0.015034 0.007977 0.000475 0.111881 0.008294 2.025936
0.839215 0.016881 0.015058 0.007923 0.000475 0.112149 0.008300 2.027542
0.838923 0.016900 0.015058 0.007901 0.000470 0.112442 0.008306 2.029200
0.838717 0.016844 0.015020 0.007911 0.000481 0.112719 0.008309 2.030866
0.838485 0.016812 0.015058 0.007942 0.000484 0.112904 0.008316 2.032533
0.838342 0.016745 0.015047 0.007978 0.000489 0.113077 0.008323 2.034191
0.838151 0.016766 0.015022 0.007976 0.000490 0.113266 0.008331 2.035794
0.837937 0.016781 0.015052 0.007975 0.000486 0.113433 0.008337 2.037419
0.837715 0.016845 0.014994 0.007979 0.000491 0.113634 0.008344 2.038992
0.837485 0.016851 0.015016 0.008016 0.000481 0.113801 0.008351 2.040667
0.837345 0.016741 0.015049 0.008015 0.000492 0.114002 0.008356 2.042365
0.837178 0.016713 0.015014 0.007980 0.000489 0.114261 0.008365 2.043981
0.836989 0.016715 0.015018 0.007915 0.000494 0.114499 0.008371 2.045583
0.836799 0.016740 0.014925 0.007918 0.000497 0.114747 0.008375 2.047188
0.836582 0.016755 0.014915 0.007914 0.000499 0.114953 0.008383 2.048797
0.836435 0.016737 0.014925 0.007923 0.000500 0.115092 0.008389 2.050424
0.836209 0.016753 0.014962 0.007920 0.000501 0.115263 0.008394 2.052070
0.836071 0.016723 0.014993 0.007891 0.000499 0.115426 0.008398 2.053705
0.835816 0.016752 0.014986 0.007869 0.000505 0.115667 0.008404 2.055327
0.835744 0.016695 0.014998 0.007880 0.000498 0.115772 0.008413 2.056942
0.835546 0.016680 0.015018 0.007886 0.000496 0.115953 0.008421 2.058593
0.835379 0.016623 0.014997 0.007899 0.000498 0.116178 0.008427 2.060211
0.835229 0.016567 0.015006 0.007921 0.000503 0.116342 0.008433 2.061877
0.835027 0.016591 0.014994 0.007878 0.000510 0.116560 0.008440 2.063486
0.834864 0.016600 0.014984 0.007870 0.000512 0.116727 0.008444 2.065103
0.834634 0.016610 0.014992 0.007887 0.000509 0.116917 0.008450 2.066724
0.834437 0.016635 0.014969 0.007910 0.000507 0.117085 0.008457 2.068326
0.834290 0.016614 0.014944 0.007906 0.000509 0.117274 0.008464 2.069956
0.834158 0.016584 0.014911 0.007918 0.000511 0.117450 0.008470 2.071572
0.833999 0.016584 0.014920 0.007907 0.000504 0.117610 0.008477 2.073205
0.833891 0.016530 0.014884 0.007942 0.000502 0.117765 0.008486 2.074845
0.833780 0.016495 0.014892 0.007938 0.000505 0.117899 0.008492 2.076468
0.833698 0.016472 0.014866 0.007912 0.000507 0.118045 0.008500 2.078076
0.833610 0.016434 0.014869 0.007977 0.000491 0.118113 0.008508 2.079695
0.833527 0.016426 0.014845 0.007993 0.000493 0.118199 0.008516 2.081325
0.833439 0.016407 0.014817 0.008018 0.000487 0.118306 0.008527 2.082934
0.833359 0.016412 0.014831 0.007974 0.000486 0.118406 0.008533 2.084528
0.833277 0.016334 0.014841 0.007953 0.000489 0.118567 0.008540 2.086170
0.833221 0.016283 0.014840 0.007898 0.000486 0.118725 0.008548 2.087772
0.833119 0.016226 0.014817 0.007909 0.000488 0.118886 0.008556 2.089364
0.832951 0.016228 0.014793 0.007894 0.000493 0.119081 0.008561 2.090949
0.832880 0.016256 0.014698 0.007872 0.000490 0.119238 0.008565 2.092494
0.832835 0.016240 0.014716 0.007831 0.000494 0.119313 0.008571 2.094063
0.832857 0.016180 0.014712 0.007824 0.000496 0.119353 0.008578 2.095652
0.832778 0.016168 0.014699 0.007798 0.000502 0.119469 0.008586 2.097244
0.832775 0.016096 0.014645 0.007813 0.000500 0.119579 0.008592 2.098839
0.832693 0.016023 0.014687 0.007802 0.000491 0.119707 0.008597 2.100455
0.832630 0.016023 0.014634 0.007815 0.000497 0.119801 0.008600 2.102035
0.832599 0.016008 0.014606 0.007776 0.000496 0.119906 0.008609 2.103575
0.832523 0.016016 0.014554 0.007749 0.000496 0.120047 0.008615 2.105141
0.832484 0.016010 0.014563 0.007732 0.000499 0.120088 0.008624 2.106717
0.832413 0.015977 0.014561 0.007750 0.000500 0.120170 0.008629 2.108298
0.832416 0.015890 0.014582 0.007769 0.000497 0.120210 0.008636 2.109892
0.832356 0.015866 0.014565 0.007769 0.000493 0.120308 0.008642 2.111446
0.832322 0.015850 0.014515 0.007751 0.000493 0.120420 0.008648 2.112997
0.832313 0.015772 0.014562 0.007723 0.000492 0.120481 0.008656 2.114592
0.832325 0.015722 0.014551 0.007700 0.000499 0.120542 0.008662 2.116165
0.832287 0.015693 0.014534 0.007687 0.000503 0.120627 0.008669 2.117713
0.832243 0.015639 0.014515 0.007675 0.000497 0.120757 0.008675 2.119279
0.832207 0.015572 0.014523 0.007680 0.000494 0.120841 0.008683 2.120876
0.832191 0.015538 0.014489 0.007663 0.000493 0.120938 0.008689 2.122429
0.832215 0.015558 0.014470 0.007616 0.000493 0.120954 0.008694 2.123943
0.832233 0.015544 0.014466 0.007599 0.000493 0.120966 0.008700 2.125468
0.832252 0.015564 0.014373 0.007597 0.000491 0.121013 0.008710 2.126964
0.832257 0.015486 0.014321 0.007629 0.000485 0.121108 0.008715 2.128520
0.832332 0.015435 0.014264 0.007640 0.000481 0.121126 0.008721 2.130044
0.832341 0.015407 0.014193 0.007629 0.000478 0.121225 0.008728 2.131567
0.832406 0.015315 0.014183 0.007584 0.000475 0.121301 0.008736 2.133101
0.832480 0.015305 0.014156 0.007567 0.000474 0.121276 0.008742 2.134601
0.832413 0.015322 0.014167 0.007538 0.000474 0.121341 0.008746 2.136120
0.832493 0.015251 0.014186 0.007527 0.000481 0.121311 0.008752 2.137648
0.832546 0.015263 0.014102 0.007476 0.000482 0.121373 0.008758 2.139107
0.832540 0.015233 0.014071 0.007507 0.000483 0.121400 0.008765 2.140635
0.832616 0.015195 0.014050 0.007461 0.000490 0.121418 0.008769 2.142110
0.832677 0.015221 0.014017 0.007431 0.000490 0.121388 0.008775 2.143558
0.832702 0.015231 0.013977 0.007418 0.000489 0.121402 0.008782 2.145001
0.832742 0.015176 0.013964 0.007424 0.000493 0.121414 0.008787 2.146520
0.832900 0.015149 0.013893 0.007436 0.000492 0.121337 0.008793 2.148007
0.832940 0.015186 0.013891 0.007399 0.000489 0.121296 0.008799 2.149462
0.833008 0.015121 0.013896 0.007383 0.000489 0.121298 0.008804 2.150967
0.833034 0.015093 0.013880 0.007360 0.000497 0.121327 0.008811 2.152489
0.833094 0.015023 0.013856 0.007341 0.000495 0.121374 0.008816 2.153979
0.833152 0.015046 0.013826 0.007282 0.000495 0.121375 0.008824 2.155418
0.833180 0.015007 0.013808 0.007303 0.000494 0.121380 0.008829 2.156939
0.833270 0.014935 0.013807 0.007309 0.000492 0.121352 0.008834 2.158450
0.833389 0.014938 0.013758 0.007291 0.000493 0.121290 0.008842 2.159868
0.833457 0.014958 0.013708 0.007302 0.000487 0.121241 0.008847 2.161307
0.833552 0.014943 0.013669 0.007292 0.000481 0.121209 0.008854 2.162755
0.833626 0.014935 0.013625 0.007299 0.000473 0.121182 0.008860 2.164180
0.833648 0.014932 0.013623 0.007304 0.000474 0.121154 0.008865 2.165640
0.833744 0.014911 0.013648 0.007277 0.000476 0.121073 0.008871 2.167098
0.833776 0.014890 0.013636 0.007243 0.000475 0.121105 0.008875 2.168583
0.833846 0.014878 0.013671 0.007257 0.000476 0.120990 0.008883 2.170072
0.833882 0.014900 0.013684 0.007268 0.000479 0.120897 0.008889 2.171557
0.833866 0.014955 0.013608 0.007256 0.000479 0.120942 0.008894 2.172982
0.833814 0.014987 0.013601 0.007241 0.000479 0.120979 0.008900 2.174458
0.833885 0.014988 0.013595 0.007172 0.000483 0.120973 0.008905 2.175904
0.833952 0.014981 0.013623 0.007170 0.000485 0.120880 0.008908 2.177395
0.834025 0.014986 0.013570 0.007175 0.000479 0.120850 0.008915 2.178833
0.834079 0.014985 0.013539 0.007183 0.000478 0.120812 0.008922 2.180291
0.834136 0.014990 0.013494 0.007196 0.000478 0.120779 0.008929 2.181717
0.834200 0.015019 0.013479 0.007160 0.000475 0.120729 0.008939 2.183153
0.834252 0.015034 0.013450 0.007153 0.000476 0.120690 0.008945 2.184586
0.834309 0.015067 0.013400 0.007154 0.000467 0.120651 0.008952 2.186017
0.834407 0.015030 0.013372 0.007169 0.000469 0.120596 0.008957 2.187479
0.834449 0.015008 0.013380 0.007173 0.000471 0.120556 0.008963 2.188954
0.834526 0.014993 0.013376 0.007114 0.000474 0.120549 0.008969 2.190402
0.834571 0.015006 0.013381 0.007118 0.000471 0.120476 0.008978 2.191855
0.834667 0.014921 0.013409 0.007083 0.000469 0.120464 0.008986 2.193335
0.834709 0.014904 0.013376 0.007085 0.000469 0.120465 0.008992 2.194786
0.834813 0.014855 0.013359 0.007062 0.000468 0.120445 0.008999 2.196256
0.834814 0.014840 0.013397 0.007055 0.000466 0.120423 0.009005 2.197747
0.834946 0.014828 0.013357 0.007047 0.000470 0.120342 0.009009 2.199187
0.834969 0.014833 0.013311 0.007036 0.000473 0.120364 0.009015 2.200654
0.835014 0.014841 0.013360 0.007013 0.000470 0.120278 0.009024 2.202090
0.835039 0.014850 0.013384 0.007012 0.000467 0.120221 0.009027 2.203534
0.835055 0.014875 0.013374 0.007029 0.000467 0.120163 0.009036 2.204968
0.835044 0.014932 0.013309 0.007051 0.000468 0.120153 0.009043 2.206410
0.835227 0.014813 0.013278 0.007064 0.000470 0.120099 0.009050 2.207870
0.835288 0.014767 0.013239 0.007081 0.000458 0.120109 0.009058 2.209334
0.835393 0.014737 0.013259 0.007067 0.000458 0.120018 0.009068 2.210776
0.835509 0.014685 0.013235 0.007058 0.000452 0.119985 0.009076 2.212223
0.835601 0.014659 0.013254 0.007048 0.000453 0.119904 0.009082 2.213666
0.835608 0.014658 0.013233 0.007038 0.000451 0.119924 0.009088 2.215119
0.835607 0.014707 0.013263 0.007027 0.000451 0.119855 0.009090 2.216552
0.835683 0.014761 0.013245 0.007032 0.000455 0.119725 0.009097 2.217935
0.835833 0.014663 0.013263 0.007028 0.000460 0.119653 0.009100 2.219399
0.835900 0.014644 0.013201 0.007064 0.000459 0.119626 0.009105 2.220848
0.835979 0.014619 0.013170 0.007048 0.000464 0.119608 0.009112 2.222262
0.836048 0.014605 0.013209 0.007016 0.000469 0.119539 0.009115 2.223710
0.836119 0.014564 0.013210 0.007007 0.000470 0.119510 0.009120 2.225165
0.836214 0.014524 0.013218 0.006986 0.000468 0.119466 0.009124 2.226611
0.836276 0.014540 0.013239 0.006968 0.000466 0.119383 0.009129 2.228044
0.836349 0.014474 0.013226 0.006993 0.000470 0.119352 0.009134 2.229529
0.836461 0.014471 0.013194 0.006995 0.000478 0.119261 0.009140 2.230915
0.836537 0.014386 0.013207 0.006987 0.000478 0.119259 0.009145 2.232371
0.836673 0.014355 0.013197 0.006955 0.000477 0.119192 0.009151 2.233778
0.836814 0.014345 0.013178 0.006919 0.000477 0.119111 0.009156 2.235183
0.836891 0.014332 0.013129 0.006930 0.000472 0.119083 0.009164 2.236575
0.836991 0.014344 0.013137 0.006923 0.000470 0.118961 0.009173 2.237967
0.837093 0.014297 0.013120 0.006908 0.000470 0.118931 0.009180 2.239384
0.837152 0.014285 0.013065 0.006913 0.000469 0.118930 0.009184 2.240809
0.837293 0.014218 0.013067 0.006888 0.000463 0.118881 0.009191 2.242244
0.837408 0.014249 0.013019 0.006904 0.000458 0.118768 0.009194 2.243617
0.837563 0.014196 0.013001 0.006895 0.000462 0.118683 0.009200 2.245026
0.837626 0.014215 0.013022 0.006849 0.000459 0.118622 0.009207 2.246411
0.837705 0.014233 0.012964 0.006841 0.000457 0.118586 0.009213 2.247791
0.837862 0.014196 0.012961 0.006818 0.000454 0.118490 0.009220 2.249183
0.838006 0.014166 0.012933 0.006844 0.000450 0.118375 0.009225 2.250578
0.838096 0.014186 0.012922 0.006794 0.000459 0.118314 0.009230 2.251960
0.838243 0.014148 0.012894 0.006772 0.000464 0.118242 0.009235 2.253339
0.838284 0.014208 0.012906 0.006784 0.000465 0.118108 0.009244 2.254722
0.838382 0.014199 0.012939 0.006761 0.000461 0.118007 0.009252 2.256142
0.838447 0.014225 0.012939 0.006744 0.000455 0.117930 0.009260 2.257548
0.838566 0.014226 0.012896 0.006746 0.000449 0.117850 0.009266 2.258919
0.838682 0.014231 0.012824 0.006733 0.000446 0.117814 0.009270 2.260291
0.838754 0.014226 0.012859 0.006737 0.000446 0.117703 0.009276 2.261663
0.838910 0.014193 0.012871 0.006722 0.000454 0.117570 0.009280 2.263065
0.839010 0.014165 0.012864 0.006738 0.000453 0.117485 0.009285 2.264487
0.839125 0.014134 0.012818 0.006741 0.000448 0.117444 0.009291 2.265861
0.839286 0.014082 0.012796 0.006716 0.000450 0.117374 0.009296 2.267258
0.839359 0.014105 0.012794 0.006753 0.000445 0.117243 0.009300 2.268665
0.839358 0.014129 0.012803 0.006719 0.000438 0.117248 0.009305 2.270031
0.839414 0.014125 0.012799 0.006709 0.000441 0.117204 0.009309 2.271435
0.839533 0.014064 0.012833 0.006712 0.000436 0.117106 0.009316 2.272865
0.839613 0.014065 0.012815 0.006700 0.000434 0.117051 0.009322 2.274238
0.839676 0.014078 0.012807 0.006729 0.000426 0.116956 0.009328 2.275625
0.839817 0.014038 0.012797 0.006755 0.000424 0.116835 0.009334 2.277026
0.839834 0.014088 0.012815 0.006714 0.000424 0.116785 0.009340 2.278367
0.839965 0.014055 0.012806 0.006684 0.000426 0.116718 0.009345 2.279741
0.840074 0.014082 0.012803 0.006693 0.000427 0.116570 0.009350 2.281108
0.840128 0.014110 0.012757 0.006718 0.000431 0.116501 0.009356 2.282462
0.840243 0.014081 0.012727 0.006738 0.000429 0.116423 0.009360 2.283854
0.840292 0.014100 0.012732 0.006729 0.000428 0.116354 0.009365 2.285248
0.840430 0.014070 0.012714 0.006743 0.000433 0.116242 0.009368 2.286624
0.840487 0.014092 0.012693 0.006727 0.000431 0.116197 0.009372 2.287972
0.840556 0.014137 0.012670 0.006711 0.000429 0.116120 0.009378 2.289330
0.840631 0.014118 0.012701 0.006701 0.000432 0.116034 0.009382 2.290733
0.840645 0.014083 0.012691 0.006718 0.000431 0.116042 0.009390 2.292141
0.840763 0.014010 0.012744 0.006708 0.000432 0.115947 0.009396 2.293580
0.840850 0.014011 0.012749 0.006744 0.000425 0.115819 0.009402 2.294934
0.840871 0.014043 0.012726 0.006707 0.000433 0.115814 0.009405 2.296279
0.840959 0.014029 0.012715 0.006670 0.000432 0.115784 0.009412 2.297630
0.841014 0.014073 0.012667 0.006706 0.000436 0.115685 0.009418 2.298996
0.841056 0.014052 0.012691 0.006730 0.000436 0.115614 0.009423 2.300421
0.841176 0.014024 0.012639 0.006758 0.000434 0.115540 0.009428 2.301801
0.841218 0.014009 0.012623 0.006768 0.000440 0.115509 0.009433 2.303200
0.841349 0.013967 0.012619 0.006749 0.000445 0.115434 0.009437 2.304593
0.841425 0.013921 0.012616 0.006748 0.000444 0.115405 0.009443 2.305978
0.841526 0.013926 0.012587 0.006724 0.000452 0.115340 0.009446 2.307349
0.841597 0.013851 0.012623 0.006745 0.000456 0.115280 0.009447 2.308774
0.841723 0.013830 0.012593 0.006742 0.000459 0.115200 0.009452 2.310137
0.841832 0.013807 0.012561 0.006739 0.000455 0.115148 0.009458 2.311491
0.841946 0.013788 0.012574 0.006737 0.000456 0.115038 0.009462 2.312843
0.842056 0.013752 0.012547 0.006732 0.000455 0.114989 0.009469 2.314202
0.842125 0.013734 0.012564 0.006712 0.000450 0.114941 0.009475 2.315556
0.842230 0.013721 0.012542 0.006685 0.000451 0.114889 0.009480 2.316895
0.842347 0.013743 0.012541 0.006649 0.000443 0.114791 0.009486 2.318221
0.842429 0.013694 0.012548 0.006690 0.000442 0.114707 0.009491 2.319609
0.842585 0.013636 0.012516 0.006706 0.000441 0.114621 0.009495 2.320960
0.842622 0.013666 0.012499 0.006690 0.000440 0.114580 0.009502 2.322285
0.842740 0.013683 0.012439 0.006627 0.000440 0.114561 0.009511 2.323594
0.842850 0.013688 0.012449 0.006648 0.000443 0.114407 0.009515 2.324961
0.842912 0.013731 0.012433 0.006612 0.000448 0.114345 0.009519 2.326241
0.842933 0.013760 0.012426 0.006603 0.000443 0.114307 0.009526 2.327599
0.842999 0.013836 0.012393 0.006577 0.000442 0.114222 0.009529 2.328874
0.843043 0.013892 0.012374 0.006546 0.000444 0.114166 0.009535 2.330184
0.843131 0.013933 0.012375 0.006559 0.000447 0.114016 0.009539 2.331539
0.843206 0.013935 0.012390 0.006536 0.000445 0.113941 0.009547 2.332902
0.843264 0.013906 0.012417 0.006540 0.000441 0.113881 0.009551 2.334258
