0.361674 0.061395 0.054919 0.031008 0.002063 0.483126 0.005815 1.585374
0.364064 0.059122 0.054817 0.030897 0.002065 0.483189 0.005846 1.591279
0.367277 0.056306 0.054632 0.030569 0.002062 0.483283 0.005871 1.596927
0.371096 0.053138 0.054369 0.030140 0.002063 0.483302 0.005892 1.602331
0.375260 0.050011 0.053956 0.029666 0.002056 0.483129 0.005923 1.607388
0.379735 0.046885 0.053323 0.029127 0.002041 0.482937 0.005952 1.612142
0.384332 0.043896 0.052598 0.028460 0.002036 0.482698 0.005979 1.616612
0.389104 0.041057 0.051766 0.027763 0.002022 0.482281 0.006008 1.620790
0.393852 0.038392 0.050781 0.027069 0.002004 0.481873 0.006031 1.624715
0.398717 0.035876 0.049720 0.026315 0.001992 0.481326 0.006054 1.628335
0.403631 0.033577 0.048510 0.025530 0.001973 0.480706 0.006073 1.631733
0.408634 0.031397 0.047342 0.024710 0.001967 0.479852 0.006098 1.634916
0.413729 0.029324 0.046074 0.023924 0.001959 0.478869 0.006121 1.637943
0.418762 0.027480 0.044715 0.023143 0.001946 0.477812 0.006142 1.640696
0.423883 0.025740 0.043387 0.022276 0.001926 0.476615 0.006173 1.643326
0.429039 0.024071 0.042090 0.021454 0.001894 0.475249 0.006204 1.645832
0.434000 0.022534 0.040796 0.020699 0.001869 0.473879 0.006223 1.648172
0.439092 0.021188 0.039454 0.019898 0.001841 0.472280 0.006247 1.650325
0.444261 0.019946 0.038087 0.019070 0.001808 0.470559 0.006268 1.652336
0.449279 0.018750 0.036757 0.018349 0.001785 0.468790 0.006289 1.654266
0.454435 0.017655 0.035443 0.017646 0.001771 0.466742 0.006307 1.656080
0.459593 0.016695 0.034090 0.016892 0.001747 0.464654 0.006329 1.657742
0.464668 0.015804 0.032817 0.016220 0.001714 0.462425 0.006351 1.659314
0.469838 0.014957 0.031598 0.015499 0.001697 0.460041 0.006369 1.660854
0.474980 0.014185 0.030377 0.014894 0.001666 0.457514 0.006385 1.662271
0.480074 0.013438 0.029266 0.014288 0.001638 0.454886 0.006410 1.663659
0.485037 0.012870 0.028095 0.013682 0.001605 0.452281 0.006430 1.664922
0.490128 0.012280 0.026933 0.013095 0.001574 0.449535 0.006455 1.666129
0.495111 0.011787 0.025852 0.012527 0.001556 0.446699 0.006469 1.667292
0.500091 0.011187 0.024899 0.011998 0.001533 0.443808 0.006485 1.668469
0.505003 0.010715 0.023916 0.011490 0.001505 0.440869 0.006502 1.669552
0.509929 0.010337 0.022911 0.010969 0.001462 0.437868 0.006524 1.670541
0.514894 0.009966 0.021996 0.010486 0.001433 0.434686 0.006539 1.671490
0.519684 0.009568 0.021171 0.010043 0.001396 0.431573 0.006565 1.672484
0.524501 0.009179 0.020364 0.009626 0.001379 0.428376 0.006575 1.673424
0.529158 0.008918 0.019526 0.009200 0.001350 0.425257 0.006592 1.674294
0.533837 0.008629 0.018736 0.008826 0.001319 0.422044 0.006611 1.675141
0.538576 0.008340 0.017994 0.008473 0.001285 0.418707 0.006625 1.675958
0.543297 0.008060 0.017295 0.008119 0.001256 0.415334 0.006640 1.676772
0.547966 0.007836 0.016625 0.007753 0.001229 0.411938 0.006653 1.677525
0.552561 0.007615 0.015971 0.007438 0.001200 0.408546 0.006669 1.678288
0.557147 0.007400 0.015373 0.007147 0.001172 0.405078 0.006684 1.679040
0.561658 0.007214 0.014790 0.006896 0.001145 0.401594 0.006703 1.679761
0.566244 0.007024 0.014283 0.006640 0.001116 0.397975 0.006718 1.680458
0.570684 0.006845 0.013769 0.006357 0.001087 0.394525 0.006734 1.681146
0.575075 0.006664 0.013243 0.006095 0.001065 0.391111 0.006746 1.681812
0.579498 0.006544 0.012768 0.005865 0.001031 0.387534 0.006762 1.682444
0.583872 0.006390 0.012302 0.005629 0.001004 0.384026 0.006777 1.683077
0.588153 0.006271 0.011833 0.005439 0.000975 0.380543 0.006787 1.683689
0.592453 0.006168 0.011415 0.005242 0.000952 0.376971 0.006800 1.684270
0.596615 0.006069 0.011019 0.005082 0.000925 0.373482 0.006809 1.684855
0.600846 0.005931 0.010706 0.004922 0.000903 0.369871 0.006822 1.685464
0.604962 0.005845 0.010352 0.004740 0.000883 0.366389 0.006831 1.686031
0.609046 0.005713 0.010021 0.004591 0.000861 0.362927 0.006841 1.686626
0.613028 0.005636 0.009701 0.004434 0.000836 0.359517 0.006849 1.687189
0.616961 0.005567 0.009402 0.004304 0.000809 0.356096 0.006861 1.687736
0.620901 0.005479 0.009128 0.004207 0.000791 0.352621 0.006874 1.688308
0.624837 0.005400 0.008850 0.004087 0.000774 0.349166 0.006887 1.688846
0.628737 0.005367 0.008552 0.003946 0.000760 0.345743 0.006895 1.689346
0.632571 0.005309 0.008310 0.003853 0.000746 0.342303 0.006907 1.689884
0.636400 0.005250 0.008081 0.003745 0.000724 0.338881 0.006919 1.690390
0.640186 0.005198 0.007912 0.003649 0.000698 0.335424 0.006934 1.690927
0.643902 0.005161 0.007701 0.003534 0.000682 0.332081 0.006940 1.691423
0.647556 0.005120 0.007502 0.003451 0.000672 0.328751 0.006948 1.691925
0.651215 0.005101 0.007295 0.003363 0.000653 0.325414 0.006960 1.692413
0.654810 0.005029 0.007134 0.003286 0.000640 0.322132 0.006969 1.692921
0.658441 0.004999 0.006970 0.003227 0.000615 0.318770 0.006980 1.693396
0.661945 0.004950 0.006818 0.003147 0.000596 0.315560 0.006986 1.693892
0.665393 0.004892 0.006684 0.003098 0.000577 0.312364 0.006993 1.694415
0.668805 0.004873 0.006527 0.003011 0.000562 0.309223 0.006999 1.694882
0.672301 0.004836 0.006416 0.002942 0.000550 0.305954 0.007003 1.695367
0.675590 0.004824 0.006317 0.002881 0.000536 0.302843 0.007009 1.695857
0.678912 0.004767 0.006218 0.002821 0.000526 0.299741 0.007016 1.696349
0.682197 0.004775 0.006063 0.002759 0.000515 0.296671 0.007020 1.696783
0.685475 0.004770 0.005938 0.002718 0.000504 0.293563 0.007030 1.697245
0.688627 0.004753 0.005840 0.002672 0.000494 0.290581 0.007035 1.697713
0.691882 0.004724 0.005751 0.002616 0.000478 0.287506 0.007043 1.698179
0.694882 0.004759 0.005670 0.002595 0.000464 0.284580 0.007051 1.698645
0.697956 0.004730 0.005617 0.002542 0.000450 0.281651 0.007056 1.699132
0.700976 0.004750 0.005531 0.002505 0.000439 0.278737 0.007062 1.699588
0.703978 0.004783 0.005471 0.002464 0.000429 0.275809 0.007066 1.700041
0.707013 0.004763 0.005417 0.002448 0.000417 0.272868 0.007073 1.700512
0.709939 0.004729 0.005362 0.002433 0.000406 0.270053 0.007078 1.701010
0.712849 0.004729 0.005298 0.002401 0.000397 0.267245 0.007082 1.701456
0.715718 0.004759 0.005246 0.002369 0.000390 0.264431 0.007088 1.701912
0.718534 0.004763 0.005184 0.002330 0.000376 0.261719 0.007096 1.702368
0.721318 0.004729 0.005177 0.002320 0.000365 0.258986 0.007104 1.702877
0.724002 0.004738 0.005123 0.002309 0.000354 0.256365 0.007110 1.703346
0.726677 0.004728 0.005076 0.002293 0.000346 0.253767 0.007114 1.703824
0.729421 0.004741 0.005006 0.002303 0.000337 0.251075 0.007117 1.704281
0.732070 0.004751 0.004964 0.002298 0.000324 0.248472 0.007122 1.704747
0.734642 0.004738 0.004954 0.002275 0.000317 0.245948 0.007127 1.705223
0.737226 0.004767 0.004889 0.002274 0.000316 0.243398 0.007131 1.705681
0.739835 0.004773 0.004872 0.002263 0.000306 0.240817 0.007134 1.706153
0.742344 0.004810 0.004858 0.002253 0.000301 0.238297 0.007138 1.706629
0.744863 0.004843 0.004851 0.002227 0.000293 0.235779 0.007143 1.707100
0.747325 0.004857 0.004871 0.002196 0.000285 0.233323 0.007146 1.707589
0.749686 0.004872 0.004861 0.002166 0.000285 0.230981 0.007150 1.708061
0.752057 0.004895 0.004839 0.002189 0.000283 0.228583 0.007155 1.708560
0.754365 0.004940 0.004823 0.002173 0.000279 0.226265 0.007157 1.709038
0.756667 0.004947 0.004821 0.002178 0.000271 0.223955 0.007161 1.709552
0.758959 0.004979 0.004812 0.002181 0.000266 0.221637 0.007167 1.710033
0.761195 0.004991 0.004821 0.002180 0.000256 0.219384 0.007173 1.710534
0.763360 0.005023 0.004820 0.002180 0.000255 0.217186 0.007176 1.711028
0.765507 0.005036 0.004806 0.002197 0.000255 0.215022 0.007178 1.711544
0.767639 0.005068 0.004819 0.002185 0.000249 0.212859 0.007181 1.712038
0.769700 0.005092 0.004850 0.002197 0.000244 0.210732 0.007186 1.712552
0.771824 0.005133 0.004855 0.002183 0.000238 0.208579 0.007188 1.713046
0.773898 0.005183 0.004822 0.002197 0.000232 0.206475 0.007193 1.713544
0.775853 0.005266 0.004792 0.002204 0.000231 0.204459 0.007195 1.714026
0.777729 0.005339 0.004780 0.002227 0.000226 0.202501 0.007199 1.714531
0.779617 0.005395 0.004808 0.002245 0.000221 0.200513 0.007202 1.715052
0.781514 0.005424 0.004866 0.002254 0.000217 0.198518 0.007206 1.715605
0.783417 0.005492 0.004868 0.002274 0.000214 0.196526 0.007210 1.716125
0.785352 0.005505 0.004879 0.002286 0.000212 0.194554 0.007212 1.716676
0.787176 0.005557 0.004904 0.002277 0.000206 0.192665 0.007216 1.717222
0.788874 0.005634 0.004928 0.002288 0.000201 0.190855 0.007221 1.717766
0.790557 0.005709 0.004925 0.002305 0.000198 0.189083 0.007224 1.718313
0.792341 0.005773 0.004944 0.002313 0.000197 0.187206 0.007227 1.718871
0.794104 0.005828 0.004992 0.002343 0.000193 0.185312 0.007229 1.719455
0.795721 0.005879 0.005041 0.002352 0.000185 0.183590 0.007234 1.720040
0.797335 0.005918 0.005058 0.002363 0.000184 0.181907 0.007235 1.720622
0.799009 0.005944 0.005131 0.002391 0.000183 0.180105 0.007238 1.721238
0.800623 0.005967 0.005154 0.002422 0.000183 0.178414 0.007238 1.721820
0.802194 0.006030 0.005209 0.002459 0.000178 0.176689 0.007241 1.722428
0.803747 0.006101 0.005233 0.002468 0.000180 0.175030 0.007242 1.723016
0.805260 0.006172 0.005252 0.002486 0.000180 0.173406 0.007245 1.723624
0.806786 0.006213 0.005250 0.002499 0.000183 0.171823 0.007247 1.724229
0.808270 0.006299 0.005272 0.002511 0.000184 0.170217 0.007248 1.724829
0.809657 0.006382 0.005307 0.002531 0.000183 0.168689 0.007252 1.725443
0.811033 0.006472 0.005366 0.002565 0.000180 0.167128 0.007256 1.726081
0.812355 0.006505 0.005464 0.002588 0.000180 0.165650 0.007259 1.726745
0.813658 0.006563 0.005519 0.002591 0.000178 0.164230 0.007262 1.727399
0.815009 0.006659 0.005541 0.002579 0.000173 0.162777 0.007264 1.728010
0.816315 0.006684 0.005625 0.002605 0.000175 0.161331 0.007265 1.728694
0.817569 0.006786 0.005660 0.002637 0.000177 0.159907 0.007265 1.729333
0.818769 0.006867 0.005714 0.002636 0.000179 0.158569 0.007266 1.729990
0.820038 0.006944 0.005774 0.002674 0.000182 0.157121 0.007268 1.730674
0.821260 0.007003 0.005797 0.002701 0.000178 0.155790 0.007271 1.731348
0.822434 0.007092 0.005808 0.002719 0.000178 0.154498 0.007272 1.732004
0.823589 0.007144 0.005860 0.002742 0.000175 0.153216 0.007274 1.732717
0.824693 0.007209 0.005952 0.002784 0.000180 0.151907 0.007276 1.733448
0.825837 0.007264 0.005994 0.002802 0.000182 0.150644 0.007278 1.734151
0.826916 0.007329 0.006073 0.002824 0.000185 0.149395 0.007278 1.734893
0.827974 0.007389 0.006134 0.002860 0.000185 0.148180 0.007279 1.735630
0.829055 0.007455 0.006221 0.002882 0.000183 0.146924 0.007281 1.736367
0.830103 0.007580 0.006283 0.002878 0.000185 0.145690 0.007283 1.737065
0.831107 0.007654 0.006365 0.002895 0.000184 0.144509 0.007287 1.737821
0.832107 0.007736 0.006446 0.002928 0.000181 0.143315 0.007287 1.738596
0.833065 0.007758 0.006505 0.002950 0.000182 0.142251 0.007289 1.739373
0.834029 0.007789 0.006576 0.002995 0.000180 0.141140 0.007291 1.740161
0.834886 0.007867 0.006640 0.003034 0.000174 0.140107 0.007292 1.740938
0.835743 0.008006 0.006668 0.003070 0.000177 0.139042 0.007295 1.741690
0.836552 0.008106 0.006718 0.003095 0.000176 0.138055 0.007298 1.742488
0.837407 0.008224 0.006807 0.003109 0.000173 0.136981 0.007300 1.743285
0.838208 0.008301 0.006901 0.003166 0.000174 0.135949 0.007302 1.744121
0.838953 0.008413 0.007004 0.003200 0.000173 0.134951 0.007306 1.744944
0.839734 0.008538 0.007036 0.003238 0.000179 0.133968 0.007307 1.745743
0.840397 0.008661 0.007046 0.003286 0.000185 0.133117 0.007309 1.746578
0.841149 0.008721 0.007156 0.003306 0.000185 0.132171 0.007311 1.747466
0.841748 0.008886 0.007211 0.003308 0.000182 0.131353 0.007312 1.748296
0.842391 0.009087 0.007241 0.003357 0.000185 0.130424 0.007315 1.749112
0.843026 0.009149 0.007322 0.003396 0.000189 0.129601 0.007316 1.750026
0.843639 0.009229 0.007413 0.003454 0.000188 0.128756 0.007320 1.750936
0.844243 0.009305 0.007495 0.003484 0.000188 0.127964 0.007321 1.751837
0.844837 0.009356 0.007607 0.003518 0.000188 0.127170 0.007325 1.752790
0.845476 0.009443 0.007695 0.003534 0.000190 0.126337 0.007326 1.753685
0.846057 0.009577 0.007739 0.003558 0.000194 0.125549 0.007327 1.754569
0.846597 0.009665 0.007828 0.003574 0.000194 0.124810 0.007332 1.755479
0.847108 0.009717 0.007914 0.003640 0.000193 0.124093 0.007337 1.756441
0.847609 0.009836 0.007988 0.003688 0.000198 0.123343 0.007338 1.757377
0.848135 0.009917 0.008017 0.003725 0.000202 0.122665 0.007339 1.758304
0.848645 0.009971 0.008108 0.003773 0.000204 0.121959 0.007341 1.759301
0.849064 0.010006 0.008255 0.003814 0.000204 0.121313 0.007344 1.760328
0.849505 0.010098 0.008340 0.003840 0.000203 0.120667 0.007347 1.761335
0.849985 0.010144 0.008444 0.003903 0.000200 0.119974 0.007350 1.762345
0.850387 0.010191 0.008480 0.003946 0.000198 0.119444 0.007354 1.763328
0.850793 0.010330 0.008495 0.003978 0.000201 0.118845 0.007356 1.764296
0.851228 0.010369 0.008542 0.004005 0.000202 0.118296 0.007359 1.765290
0.851591 0.010493 0.008636 0.004022 0.000203 0.117696 0.007360 1.766277
0.851938 0.010523 0.008724 0.004059 0.000200 0.117193 0.007364 1.767323
0.852274 0.010612 0.008762 0.004125 0.000203 0.116658 0.007366 1.768341
0.852667 0.010648 0.008830 0.004177 0.000202 0.116105 0.007370 1.769379
0.852980 0.010718 0.008930 0.004200 0.000206 0.115595 0.007372 1.770444
0.853310 0.010755 0.009001 0.004233 0.000203 0.115124 0.007376 1.771513
0.853668 0.010817 0.009064 0.004278 0.000207 0.114588 0.007379 1.772571
0.853894 0.010932 0.009149 0.004300 0.000207 0.114137 0.007382 1.773596
0.854133 0.011038 0.009272 0.004315 0.000211 0.113646 0.007384 1.774676
0.854420 0.011112 0.009307 0.004353 0.000209 0.113212 0.007388 1.775730
0.854651 0.011144 0.009406 0.004386 0.000210 0.112812 0.007391 1.776835
0.854930 0.011127 0.009506 0.004437 0.000208 0.112399 0.007394 1.777970
0.855157 0.011177 0.009558 0.004486 0.000210 0.112017 0.007396 1.779059
0.855398 0.011205 0.009628 0.004507 0.000212 0.111651 0.007400 1.780169
0.855633 0.011269 0.009707 0.004520 0.000213 0.111257 0.007402 1.781269
0.855889 0.011267 0.009807 0.004536 0.000213 0.110884 0.007406 1.782391
0.856228 0.011289 0.009832 0.004555 0.000209 0.110479 0.007410 1.783461
0.856491 0.011288 0.009885 0.004593 0.000209 0.110119 0.007415 1.784587
0.856697 0.011377 0.009911 0.004618 0.000211 0.109770 0.007416 1.785689
0.856937 0.011391 0.009984 0.004659 0.000217 0.109394 0.007419 1.786835
0.857161 0.011397 0.010064 0.004685 0.000219 0.109053 0.007422 1.787982
0.857372 0.011417 0.010137 0.004713 0.000221 0.108716 0.007424 1.789135
0.857614 0.011416 0.010164 0.004752 0.000225 0.108401 0.007429 1.790264
0.857837 0.011414 0.010211 0.004759 0.000233 0.108117 0.007431 1.791403
0.858041 0.011453 0.010243 0.004750 0.000235 0.107844 0.007435 1.792516
0.858307 0.011482 0.010287 0.004760 0.000235 0.107493 0.007437 1.793620
0.858536 0.011494 0.010301 0.004789 0.000233 0.107208 0.007440 1.794757
0.858774 0.011493 0.010323 0.004796 0.000243 0.106931 0.007443 1.795876
0.858962 0.011525 0.010340 0.004789 0.000246 0.106694 0.007445 1.796998
0.859174 0.011577 0.010336 0.004809 0.000252 0.106406 0.007448 1.798112
0.859372 0.011590 0.010348 0.004824 0.000252 0.106164 0.007452 1.799250
0.859555 0.011636 0.010341 0.004829 0.000259 0.105928 0.007452 1.800349
0.859759 0.011617 0.010398 0.004847 0.000262 0.105663 0.007454 1.801495
0.859961 0.011591 0.010481 0.004882 0.000263 0.105367 0.007458 1.802674
0.860166 0.011599 0.010456 0.004877 0.000262 0.105176 0.007463 1.803777
0.860368 0.011585 0.010529 0.004887 0.000264 0.104902 0.007465 1.804922
0.860526 0.011596 0.010535 0.004894 0.000271 0.104712 0.007466 1.806056
0.860696 0.011632 0.010605 0.004884 0.000270 0.104443 0.007469 1.807177
0.860826 0.011695 0.010635 0.004866 0.000270 0.104237 0.007472 1.808271
0.860988 0.011657 0.010732 0.004861 0.000271 0.104014 0.007477 1.809438
0.861181 0.011627 0.010738 0.004874 0.000275 0.103825 0.007481 1.810591
0.861315 0.011674 0.010713 0.004859 0.000278 0.103676 0.007485 1.811697
0.861498 0.011586 0.010778 0.004882 0.000275 0.103492 0.007489 1.812931
0.861706 0.011598 0.010783 0.004907 0.000273 0.103241 0.007492 1.814025
0.861897 0.011556 0.010790 0.004936 0.000278 0.103049 0.007494 1.815174
0.862025 0.011570 0.010792 0.004900 0.000276 0.102940 0.007498 1.816294
0.862154 0.011554 0.010787 0.004925 0.000274 0.102806 0.007501 1.817419
0.862307 0.011568 0.010773 0.004931 0.000271 0.102644 0.007506 1.818522
0.862500 0.011588 0.010743 0.004939 0.000273 0.102447 0.007510 1.819623
0.862679 0.011565 0.010744 0.004955 0.000274 0.102272 0.007511 1.820765
0.862765 0.011565 0.010754 0.004946 0.000277 0.102180 0.007514 1.821906
0.862931 0.011490 0.010752 0.004937 0.000274 0.102099 0.007517 1.823049
0.863062 0.011503 0.010748 0.004913 0.000273 0.101983 0.007518 1.824162
0.863233 0.011401 0.010776 0.004932 0.000269 0.101869 0.007521 1.825339
0.863400 0.011365 0.010794 0.004916 0.000267 0.101732 0.007526 1.826488
0.863562 0.011422 0.010724 0.004907 0.000268 0.101589 0.007530 1.827549
0.863808 0.011347 0.010702 0.004887 0.000263 0.101459 0.007534 1.828676
0.863998 0.011346 0.010693 0.004906 0.000261 0.101254 0.007542 1.829779
0.864128 0.011337 0.010697 0.004882 0.000258 0.101155 0.007543 1.830890
0.864314 0.011283 0.010703 0.004880 0.000264 0.101009 0.007547 1.832009
0.864411 0.011258 0.010762 0.004872 0.000263 0.100883 0.007551 1.833146
0.864663 0.011184 0.010764 0.004841 0.000260 0.100732 0.007557 1.834234
0.864861 0.011160 0.010763 0.004851 0.000266 0.100540 0.007560 1.835320
0.865019 0.011177 0.010738 0.004840 0.000269 0.100395 0.007563 1.836393
0.865154 0.011186 0.010708 0.004833 0.000260 0.100295 0.007565 1.837475
0.865320 0.011110 0.010714 0.004854 0.000262 0.100172 0.007567 1.838615
0.865496 0.011100 0.010676 0.004874 0.000258 0.100027 0.007569 1.839695
0.865667 0.011063 0.010671 0.004875 0.000262 0.099890 0.007573 1.840781
0.865827 0.011018 0.010657 0.004854 0.000263 0.099803 0.007577 1.841884
0.865975 0.010981 0.010665 0.004843 0.000265 0.099689 0.007583 1.843014
0.866219 0.010933 0.010660 0.004834 0.000270 0.099501 0.007584 1.844095
0.866462 0.010883 0.010621 0.004852 0.000276 0.099321 0.007586 1.845181
0.866628 0.010883 0.010582 0.004849 0.000275 0.099190 0.007592 1.846236
0.866815 0.010891 0.010556 0.004848 0.000269 0.099024 0.007595 1.847301
0.867010 0.010889 0.010519 0.004833 0.000275 0.098875 0.007599 1.848367
0.867176 0.010866 0.010488 0.004809 0.000276 0.098787 0.007600 1.849443
0.867367 0.010920 0.010418 0.004792 0.000275 0.098625 0.007602 1.850453
0.867611 0.010882 0.010386 0.004780 0.000277 0.098458 0.007606 1.851507
0.867831 0.010886 0.010403 0.004759 0.000273 0.098239 0.007610 1.852558
0.867993 0.010902 0.010386 0.004748 0.000269 0.098087 0.007614 1.853616
0.868259 0.010830 0.010373 0.004727 0.000271 0.097925 0.007617 1.854662
0.868491 0.010798 0.010326 0.004698 0.000271 0.097796 0.007620 1.855696
0.868739 0.010705 0.010351 0.004674 0.000275 0.097635 0.007624 1.856774
0.868925 0.010693 0.010321 0.004668 0.000278 0.097488 0.007628 1.857811
0.869114 0.010670 0.010284 0.004665 0.000276 0.097359 0.007632 1.858841
0.869299 0.010658 0.010236 0.004644 0.000277 0.097250 0.007635 1.859851
0.869489 0.010604 0.010231 0.004658 0.000279 0.097102 0.007637 1.860918
0.869714 0.010587 0.010234 0.004639 0.000278 0.096907 0.007642 1.861941
0.869914 0.010537 0.010219 0.004646 0.000279 0.096759 0.007646 1.862978
0.870119 0.010491 0.010198 0.004657 0.000277 0.096609 0.007651 1.864036
0.870300 0.010459 0.010156 0.004640 0.000276 0.096515 0.007654 1.865086
0.870512 0.010413 0.010188 0.004617 0.000276 0.096336 0.007659 1.866125
0.870756 0.010375 0.010196 0.004599 0.000281 0.096133 0.007661 1.867158
0.870965 0.010342 0.010169 0.004599 0.000281 0.095981 0.007664 1.868194
0.871155 0.010365 0.010119 0.004564 0.000280 0.095848 0.007668 1.869190
0.871364 0.010322 0.010085 0.004583 0.000280 0.095696 0.007670 1.870196
0.871542 0.010299 0.010078 0.004548 0.000284 0.095575 0.007675 1.871215
0.871772 0.010266 0.010089 0.004505 0.000280 0.095406 0.007681 1.872220
0.871974 0.010235 0.010074 0.004496 0.000278 0.095260 0.007684 1.873229
0.872150 0.010191 0.010094 0.004491 0.000276 0.095111 0.007687 1.874234
0.872339 0.010190 0.010097 0.004476 0.000274 0.094935 0.007691 1.875244
0.872562 0.010135 0.010057 0.004476 0.000281 0.094796 0.007693 1.876257
0.872750 0.010140 0.010086 0.004466 0.000283 0.094580 0.007696 1.877282
0.872937 0.010140 0.010059 0.004424 0.000282 0.094460 0.007699 1.878251
0.873108 0.010172 0.010041 0.004415 0.000281 0.094282 0.007702 1.879249
0.873300 0.010116 0.010024 0.004410 0.000280 0.094162 0.007709 1.880256
0.873510 0.010075 0.009932 0.004400 0.000276 0.094091 0.007716 1.881231
0.873790 0.009985 0.009951 0.004434 0.000271 0.093850 0.007719 1.882260
0.873988 0.009937 0.009880 0.004456 0.000271 0.093747 0.007721 1.883263
0.874206 0.009948 0.009835 0.004452 0.000266 0.093566 0.007728 1.884229
0.874396 0.009959 0.009751 0.004439 0.000261 0.093463 0.007732 1.885173
0.874544 0.009992 0.009684 0.004409 0.000261 0.093376 0.007735 1.886135
0.874815 0.009942 0.009644 0.004391 0.000261 0.093211 0.007738 1.887099
0.875024 0.009912 0.009664 0.004391 0.000264 0.093004 0.007741 1.888090
0.875200 0.009891 0.009690 0.004386 0.000267 0.092823 0.007744 1.889087
0.875418 0.009861 0.009703 0.004374 0.000271 0.092628 0.007746 1.890053
0.875658 0.009861 0.009652 0.004348 0.000266 0.092465 0.007750 1.890996
0.875889 0.009850 0.009653 0.004332 0.000265 0.092258 0.007755 1.891967
0.876045 0.009849 0.009608 0.004350 0.000269 0.092123 0.007756 1.892943
0.876203 0.009900 0.009576 0.004362 0.000266 0.091932 0.007760 1.893892
0.876412 0.009862 0.009555 0.004366 0.000262 0.091778 0.007765 1.894854
0.876583 0.009820 0.009590 0.004353 0.000266 0.091620 0.007769 1.895840
0.876789 0.009811 0.009563 0.004348 0.000270 0.091448 0.007772 1.896794
0.876986 0.009777 0.009531 0.004347 0.000266 0.091318 0.007776 1.897759
0.877227 0.009756 0.009482 0.004346 0.000266 0.091143 0.007781 1.898694
0.877427 0.009736 0.009452 0.004352 0.000270 0.090980 0.007783 1.899663
0.877616 0.009736 0.009415 0.004335 0.000269 0.090843 0.007787 1.900611
0.877852 0.009699 0.009404 0.004304 0.000276 0.090677 0.007788 1.901548
0.878068 0.009667 0.009430 0.004270 0.000283 0.090494 0.007790 1.902497
0.878262 0.009614 0.009432 0.004269 0.000278 0.090351 0.007794 1.903478
0.878510 0.009590 0.009384 0.004229 0.000278 0.090211 0.007798 1.904402
0.878692 0.009591 0.009371 0.004202 0.000276 0.090068 0.007801 1.905338
0.878885 0.009588 0.009306 0.004204 0.000278 0.089936 0.007804 1.906265
0.879131 0.009530 0.009328 0.004200 0.000278 0.089727 0.007807 1.907224
0.879289 0.009526 0.009339 0.004184 0.000281 0.089572 0.007809 1.908186
0.879461 0.009538 0.009314 0.004166 0.000282 0.089429 0.007812 1.909110
0.879635 0.009532 0.009317 0.004152 0.000281 0.089270 0.007814 1.910041
0.879798 0.009581 0.009276 0.004150 0.000280 0.089099 0.007817 1.910970
0.880032 0.009577 0.009252 0.004133 0.000277 0.088907 0.007823 1.911893
0.880197 0.009609 0.009203 0.004120 0.000274 0.088770 0.007827 1.912794
0.880364 0.009617 0.009243 0.004104 0.000272 0.088571 0.007829 1.913753
0.880523 0.009614 0.009213 0.004117 0.000268 0.088435 0.007832 1.914706
0.880583 0.009685 0.009205 0.004124 0.000268 0.088298 0.007835 1.915630
0.880784 0.009636 0.009216 0.004110 0.000269 0.088145 0.007838 1.916595
0.880955 0.009623 0.009210 0.004115 0.000272 0.087987 0.007840 1.917534
0.881131 0.009668 0.009178 0.004108 0.000274 0.087800 0.007843 1.918434
0.881271 0.009632 0.009180 0.004126 0.000276 0.087670 0.007845 1.919388
0.881438 0.009614 0.009139 0.004140 0.000278 0.087545 0.007847 1.920325
0.881535 0.009670 0.009132 0.004138 0.000277 0.087399 0.007850 1.921261
0.881673 0.009706 0.009161 0.004142 0.000275 0.087190 0.007855 1.922203
0.881847 0.009693 0.009159 0.004157 0.000278 0.087008 0.007858 1.923152
0.881944 0.009731 0.009125 0.004154 0.000276 0.086907 0.007862 1.924087
0.882054 0.009764 0.009100 0.004158 0.000275 0.086786 0.007864 1.925030
0.882189 0.009750 0.009064 0.004164 0.000275 0.086689 0.007869 1.925957
0.882351 0.009713 0.009083 0.004162 0.000276 0.086544 0.007872 1.926932
0.882510 0.009676 0.009092 0.004163 0.000277 0.086408 0.007875 1.927897
0.882658 0.009661 0.009057 0.004183 0.000275 0.086289 0.007877 1.928843
0.882843 0.009638 0.009055 0.004191 0.000267 0.086125 0.007882 1.929784
0.882975 0.009624 0.009065 0.004214 0.000261 0.085975 0.007885 1.930751
0.883075 0.009611 0.009046 0.004192 0.000262 0.085926 0.007888 1.931691
0.883219 0.009636 0.009051 0.004190 0.000259 0.085753 0.007890 1.932611
0.883351 0.009655 0.009051 0.004174 0.000261 0.085617 0.007893 1.933533
0.883442 0.009637 0.009046 0.004195 0.000258 0.085524 0.007897 1.934498
0.883506 0.009681 0.009016 0.004153 0.000258 0.085485 0.007900 1.935419
0.883635 0.009689 0.008982 0.004176 0.000255 0.085358 0.007905 1.936364
0.883749 0.009687 0.009019 0.004169 0.000257 0.085209 0.007910 1.937327
0.883850 0.009732 0.009026 0.004150 0.000261 0.085069 0.007912 1.938247
0.883929 0.009755 0.009085 0.004169 0.000260 0.084890 0.007913 1.939214
0.883989 0.009771 0.009057 0.004205 0.000256 0.084803 0.007919 1.940181
0.884158 0.009720 0.009082 0.004226 0.000257 0.084636 0.007923 1.941155
0.884246 0.009687 0.009146 0.004246 0.000256 0.084496 0.007925 1.942146
0.884410 0.009717 0.009094 0.004223 0.000257 0.084373 0.007928 1.943070
0.884501 0.009678 0.009114 0.004213 0.000255 0.084310 0.007930 1.944047
0.884604 0.009733 0.009107 0.004184 0.000251 0.084186 0.007934 1.944978
0.884715 0.009725 0.009097 0.004184 0.000250 0.084092 0.007937 1.945917
0.884832 0.009693 0.009104 0.004217 0.000247 0.083966 0.007941 1.946888
0.884936 0.009706 0.009094 0.004181 0.000248 0.083889 0.007945 1.947833
0.885000 0.009755 0.009111 0.004174 0.000250 0.083762 0.007949 1.948791
0.885048 0.009813 0.009073 0.004169 0.000253 0.083692 0.007952 1.949730
0.885137 0.009800 0.009089 0.004142 0.000255 0.083624 0.007954 1.950707
0.885161 0.009806 0.009117 0.004144 0.000255 0.083559 0.007957 1.951680
0.885245 0.009801 0.009082 0.004148 0.000260 0.083503 0.007962 1.952613
0.885336 0.009778 0.009133 0.004170 0.000257 0.083363 0.007965 1.953571
0.885446 0.009753 0.009181 0.004170 0.000255 0.083229 0.007967 1.954527
0.885510 0.009765 0.009198 0.004151 0.000257 0.083147 0.007971 1.955517
0.885590 0.009766 0.009204 0.004159 0.000259 0.083048 0.007973 1.956483
0.885621 0.009821 0.009179 0.004149 0.000258 0.082996 0.007977 1.957422
0.885631 0.009881 0.009186 0.004142 0.000259 0.082920 0.007982 1.958368
0.885676 0.009889 0.009211 0.004154 0.000263 0.082825 0.007984 1.959345
0.885740 0.009883 0.009210 0.004178 0.000261 0.082742 0.007986 1.960322
0.885802 0.009917 0.009224 0.004167 0.000268 0.082636 0.007988 1.961289
0.885842 0.009945 0.009232 0.004171 0.000266 0.082552 0.007993 1.962264
0.885894 0.009964 0.009213 0.004163 0.000267 0.082502 0.007997 1.963250
0.885920 0.009973 0.009220 0.004190 0.000267 0.082430 0.008000 1.964234
0.885997 0.009953 0.009226 0.004181 0.000269 0.082372 0.008003 1.965206
0.886054 0.009929 0.009245 0.004203 0.000270 0.082292 0.008008 1.966216
0.886098 0.009927 0.009233 0.004195 0.000272 0.082264 0.008011 1.967195
0.886240 0.009855 0.009241 0.004188 0.000274 0.082188 0.008014 1.968182
0.886284 0.009842 0.009224 0.004210 0.000267 0.082153 0.008018 1.969174
0.886343 0.009858 0.009215 0.004220 0.000268 0.082076 0.008019 1.970135
0.886364 0.009911 0.009193 0.004207 0.000267 0.082034 0.008024 1.971091
0.886424 0.009909 0.009147 0.004192 0.000265 0.082035 0.008028 1.972055
0.886526 0.009877 0.009170 0.004220 0.000260 0.081915 0.008033 1.973034
0.886541 0.009884 0.009214 0.004242 0.000258 0.081826 0.008035 1.974001
0.886596 0.009879 0.009230 0.004240 0.000259 0.081758 0.008039 1.974979
0.886627 0.009896 0.009251 0.004268 0.000261 0.081656 0.008041 1.975934
0.886645 0.009895 0.009254 0.004273 0.000262 0.081627 0.008044 1.976911
0.886656 0.009919 0.009242 0.004307 0.000266 0.081564 0.008046 1.977895
0.886663 0.009894 0.009286 0.004335 0.000261 0.081512 0.008049 1.978884
0.886699 0.009945 0.009259 0.004317 0.000262 0.081468 0.008050 1.979821
0.886792 0.009890 0.009293 0.004296 0.000265 0.081411 0.008053 1.980797
0.886811 0.009908 0.009306 0.004290 0.000268 0.081362 0.008056 1.981781
0.886897 0.009880 0.009323 0.004263 0.000273 0.081305 0.008060 1.982751
0.886922 0.009902 0.009291 0.004248 0.000265 0.081306 0.008066 1.983734
0.886889 0.009954 0.009292 0.004248 0.000264 0.081283 0.008070 1.984718
0.886898 0.009988 0.009277 0.004252 0.000268 0.081246 0.008073 1.985661
0.886947 0.009978 0.009286 0.004255 0.000264 0.081195 0.008076 1.986653
0.886977 0.009991 0.009311 0.004273 0.000262 0.081108 0.008079 1.987644
0.886998 0.010046 0.009330 0.004233 0.000260 0.081049 0.008084 1.988589
0.887032 0.010063 0.009325 0.004253 0.000259 0.080981 0.008087 1.989563
0.887051 0.010063 0.009318 0.004248 0.000261 0.080971 0.008088 1.990540
0.887108 0.010043 0.009308 0.004282 0.000260 0.080908 0.008091 1.991520
0.887122 0.010041 0.009323 0.004315 0.000257 0.080849 0.008095 1.992515
0.887124 0.010088 0.009321 0.004289 0.000254 0.080826 0.008099 1.993467
0.887151 0.010085 0.009286 0.004292 0.000258 0.080829 0.008100 1.994451
0.887137 0.010094 0.009349 0.004286 0.000261 0.080772 0.008102 1.995458
0.887116 0.010130 0.009336 0.004273 0.000260 0.080781 0.008103 1.996430
0.887086 0.010127 0.009406 0.004292 0.000262 0.080720 0.008106 1.997459
0.887052 0.010094 0.009455 0.004326 0.000265 0.080698 0.008109 1.998511
0.887060 0.010096 0.009411 0.004314 0.000262 0.080744 0.008112 1.999479
0.887090 0.010082 0.009442 0.004303 0.000261 0.080708 0.008115 2.000460
0.887114 0.010062 0.009456 0.004319 0.000262 0.080669 0.008119 2.001461
0.887162 0.010047 0.009485 0.004314 0.000255 0.080615 0.008122 2.002445
0.887129 0.010076 0.009457 0.004319 0.000258 0.080633 0.008127 2.003443
0.887143 0.010038 0.009484 0.004318 0.000263 0.080624 0.008131 2.004438
0.887159 0.010009 0.009487 0.004348 0.000260 0.080604 0.008133 2.005463
0.887100 0.010057 0.009502 0.004317 0.000264 0.080626 0.008136 2.006432
0.887081 0.010116 0.009465 0.004311 0.000266 0.080624 0.008138 2.007378
0.887052 0.010131 0.009463 0.004291 0.000265 0.080657 0.008141 2.008358
0.887048 0.010128 0.009457 0.004332 0.000263 0.080626 0.008145 2.009366
0.887048 0.010142 0.009455 0.004329 0.000259 0.080617 0.008149 2.010354
0.887029 0.010179 0.009438 0.004352 0.000258 0.080595 0.008150 2.011338
0.887016 0.010221 0.009424 0.004344 0.000254 0.080587 0.008154 2.012319
0.887010 0.010222 0.009448 0.004352 0.000256 0.080555 0.008158 2.013309
0.886982 0.010233 0.009443 0.004363 0.000251 0.080566 0.008162 2.014326
0.887022 0.010241 0.009450 0.004351 0.000252 0.080519 0.008165 2.015291
0.887002 0.010223 0.009493 0.004335 0.000256 0.080525 0.008167 2.016324
0.887086 0.010195 0.009515 0.004359 0.000259 0.080416 0.008170 2.017322
0.887068 0.010231 0.009496 0.004366 0.000266 0.080401 0.008172 2.018296
0.887054 0.010235 0.009491 0.004388 0.000260 0.080397 0.008176 2.019288
0.887078 0.010225 0.009522 0.004379 0.000262 0.080354 0.008180 2.020286
0.887145 0.010201 0.009504 0.004412 0.000263 0.080292 0.008184 2.021285
0.887108 0.010191 0.009555 0.004418 0.000262 0.080277 0.008188 2.022325
0.887150 0.010170 0.009543 0.004408 0.000262 0.080274 0.008192 2.023305
0.887151 0.010183 0.009547 0.004417 0.000255 0.080251 0.008195 2.024303
0.887146 0.010149 0.009522 0.004421 0.000253 0.080309 0.008200 2.025309
0.887148 0.010143 0.009503 0.004413 0.000250 0.080338 0.008204 2.026303
0.887211 0.010148 0.009492 0.004417 0.000252 0.080273 0.008206 2.027273
0.887255 0.010140 0.009482 0.004385 0.000253 0.080276 0.008209 2.028233
0.887277 0.010114 0.009469 0.004393 0.000258 0.080279 0.008211 2.029243
0.887274 0.010100 0.009483 0.004393 0.000255 0.080279 0.008216 2.030234
0.887275 0.010136 0.009486 0.004379 0.000257 0.080249 0.008218 2.031203
0.887268 0.010142 0.009493 0.004384 0.000256 0.080237 0.008220 2.032173
0.887224 0.010132 0.009531 0.004398 0.000258 0.080236 0.008221 2.033197
0.887185 0.010134 0.009518 0.004411 0.000261 0.080269 0.008223 2.034199
0.887216 0.010156 0.009512 0.004413 0.000262 0.080214 0.008226 2.035162
0.887285 0.010079 0.009537 0.004402 0.000259 0.080209 0.008229 2.036180
0.887363 0.010037 0.009540 0.004377 0.000256 0.080197 0.008230 2.037182
0.887352 0.009999 0.009557 0.004371 0.000254 0.080232 0.008234 2.038184
0.887359 0.009972 0.009508 0.004388 0.000253 0.080280 0.008240 2.039166
0.887321 0.010039 0.009459 0.004358 0.000255 0.080327 0.008243 2.040111
0.887281 0.010075 0.009457 0.004369 0.000256 0.080318 0.008245 2.041076
0.887305 0.010087 0.009455 0.004369 0.000255 0.080281 0.008248 2.042054
0.887341 0.010114 0.009433 0.004348 0.000256 0.080254 0.008253 2.043020
0.887378 0.010032 0.009453 0.004344 0.000257 0.080280 0.008256 2.044050
0.887416 0.010010 0.009444 0.004371 0.000257 0.080241 0.008261 2.045041
0.887412 0.009976 0.009495 0.004361 0.000256 0.080237 0.008262 2.046077
0.887409 0.010030 0.009483 0.004323 0.000256 0.080231 0.008267 2.047019
0.887387 0.010072 0.009475 0.004270 0.000261 0.080267 0.008269 2.047997
0.887411 0.010065 0.009527 0.004276 0.000260 0.080188 0.008274 2.049006
0.887430 0.010022 0.009549 0.004274 0.000260 0.080189 0.008276 2.050007
0.887445 0.010006 0.009533 0.004308 0.000264 0.080166 0.008279 2.050998
0.887470 0.009987 0.009539 0.004333 0.000261 0.080124 0.008286 2.051994
0.887451 0.009999 0.009537 0.004320 0.000258 0.080148 0.008287 2.052969
0.887419 0.010034 0.009527 0.004332 0.000261 0.080136 0.008291 2.053941
0.887508 0.010009 0.009512 0.004335 0.000257 0.080085 0.008296 2.054945
0.887534 0.010032 0.009473 0.004359 0.000256 0.080046 0.008299 2.055903
0.887584 0.010022 0.009473 0.004351 0.000257 0.080009 0.008302 2.056867
0.887567 0.010034 0.009519 0.004366 0.000259 0.079950 0.008305 2.057861
0.887590 0.010041 0.009470 0.004376 0.000257 0.079960 0.008307 2.058835
0.887593 0.010057 0.009457 0.004357 0.000253 0.079975 0.008308 2.059810
0.887593 0.010083 0.009463 0.004359 0.000255 0.079935 0.008313 2.060791
0.887597 0.010093 0.009454 0.004358 0.000254 0.079926 0.008318 2.061749
0.887627 0.010080 0.009478 0.004360 0.000251 0.079884 0.008322 2.062736
0.887631 0.010113 0.009508 0.004378 0.000246 0.079799 0.008326 2.063718
0.887636 0.010158 0.009511 0.004421 0.000241 0.079704 0.008330 2.064711
0.887632 0.010160 0.009541 0.004403 0.000240 0.079689 0.008334 2.065714
0.887638 0.010177 0.009528 0.004399 0.000237 0.079683 0.008338 2.066697
0.887615 0.010195 0.009565 0.004377 0.000238 0.079670 0.008341 2.067715
0.887675 0.010170 0.009566 0.004368 0.000243 0.079634 0.008344 2.068732
0.887666 0.010184 0.009579 0.004396 0.000240 0.079589 0.008347 2.069744
0.887608 0.010177 0.009596 0.004399 0.000241 0.079631 0.008349 2.070787
0.887626 0.010138 0.009632 0.004413 0.000238 0.079599 0.008353 2.071813
0.887585 0.010141 0.009625 0.004410 0.000240 0.079646 0.008354 2.072822
0.887566 0.010182 0.009591 0.004415 0.000244 0.079643 0.008358 2.073797
0.887569 0.010138 0.009606 0.004419 0.000246 0.079660 0.008363 2.074818
0.887572 0.010142 0.009570 0.004415 0.000245 0.079692 0.008365 2.075797
0.887617 0.010134 0.009566 0.004393 0.000249 0.079675 0.008366 2.076777
0.887637 0.010095 0.009534 0.004403 0.000247 0.079712 0.008371 2.077773
0.887657 0.010105 0.009544 0.004411 0.000248 0.079663 0.008373 2.078776
0.887700 0.010069 0.009550 0.004419 0.000249 0.079635 0.008378 2.079788
0.887694 0.010094 0.009545 0.004420 0.000250 0.079618 0.008380 2.080777
0.887725 0.010111 0.009502 0.004400 0.000253 0.079627 0.008383 2.081733
0.887827 0.010081 0.009442 0.004398 0.000251 0.079616 0.008385 2.082691
0.887833 0.010086 0.009441 0.004383 0.000245 0.079621 0.008391 2.083661
0.887831 0.010012 0.009466 0.004358 0.000247 0.079695 0.008393 2.084688
0.887879 0.010006 0.009468 0.004351 0.000248 0.079652 0.008396 2.085651
0.887893 0.010000 0.009420 0.004329 0.000255 0.079703 0.008400 2.086612
0.887906 0.009991 0.009410 0.004299 0.000253 0.079738 0.008402 2.087577
0.887949 0.010011 0.009392 0.004284 0.000261 0.079700 0.008405 2.088519
0.887986 0.010033 0.009399 0.004268 0.000262 0.079644 0.008407 2.089470
0.887983 0.010037 0.009397 0.004271 0.000264 0.079638 0.008410 2.090437
0.888002 0.010030 0.009383 0.004294 0.000262 0.079614 0.008415 2.091422
0.887998 0.010039 0.009367 0.004305 0.000261 0.079612 0.008418 2.092395
0.888019 0.010058 0.009353 0.004300 0.000256 0.079591 0.008423 2.093356
0.887981 0.010103 0.009325 0.004325 0.000261 0.079580 0.008425 2.094317
0.887978 0.010104 0.009331 0.004336 0.000261 0.079563 0.008428 2.095319
0.887966 0.010095 0.009368 0.004296 0.000267 0.079575 0.008433 2.096326
0.887930 0.010099 0.009397 0.004285 0.000270 0.079584 0.008435 2.097329
0.887934 0.010082 0.009409 0.004275 0.000274 0.079590 0.008437 2.098314
0.887952 0.010041 0.009381 0.004330 0.000272 0.079582 0.008442 2.099315
0.887942 0.010057 0.009400 0.004329 0.000270 0.079558 0.008445 2.100301
0.887953 0.010051 0.009410 0.004336 0.000268 0.079534 0.008448 2.101305
0.887962 0.010051 0.009463 0.004344 0.000271 0.079458 0.008452 2.102306
0.887986 0.010018 0.009460 0.004299 0.000272 0.079510 0.008455 2.103290
0.887967 0.010046 0.009439 0.004284 0.000270 0.079537 0.008458 2.104274
0.887967 0.010060 0.009396 0.004270 0.000272 0.079575 0.008460 2.105232
0.888009 0.010052 0.009374 0.004271 0.000271 0.079560 0.008463 2.106202
0.888012 0.010042 0.009391 0.004254 0.000271 0.079565 0.008466 2.107191
0.888009 0.010015 0.009420 0.004287 0.000274 0.079525 0.008470 2.108186
0.888041 0.010052 0.009418 0.004307 0.000272 0.079436 0.008475 2.109142
0.888032 0.010051 0.009383 0.004295 0.000272 0.079489 0.008478 2.110100
0.888031 0.010103 0.009358 0.004292 0.000269 0.079467 0.008482 2.111046
0.888089 0.010105 0.009339 0.004287 0.000267 0.079426 0.008486 2.112010
0.888042 0.010084 0.009377 0.004332 0.000267 0.079410 0.008489 2.113023
0.888030 0.010067 0.009407 0.004326 0.000269 0.079410 0.008492 2.114019
0.888058 0.010048 0.009394 0.004313 0.000264 0.079425 0.008497 2.115005
0.888003 0.010084 0.009432 0.004335 0.000261 0.079384 0.008500 2.115994
0.888019 0.010070 0.009456 0.004339 0.000261 0.079351 0.008504 2.117004
0.888044 0.010069 0.009471 0.004321 0.000258 0.079329 0.008508 2.117976
0.888112 0.010059 0.009449 0.004325 0.000260 0.079286 0.008509 2.118947
0.888140 0.010015 0.009482 0.004342 0.000258 0.079250 0.008512 2.119932
0.888134 0.010018 0.009459 0.004347 0.000262 0.079264 0.008516 2.120924
0.888174 0.010002 0.009457 0.004328 0.000256 0.079262 0.008520 2.121912
0.888202 0.009992 0.009451 0.004330 0.000259 0.079244 0.008522 2.122873
0.888227 0.009998 0.009442 0.004355 0.000261 0.079189 0.008526 2.123860
0.888258 0.009974 0.009434 0.004381 0.000261 0.079163 0.008530 2.124841
0.888276 0.009929 0.009449 0.004404 0.000256 0.079150 0.008534 2.125855
0.888222 0.009973 0.009433 0.004395 0.000256 0.079182 0.008538 2.126842
0.888216 0.009965 0.009424 0.004373 0.000250 0.079230 0.008542 2.127817
0.888255 0.009969 0.009408 0.004334 0.000257 0.079233 0.008544 2.128766
0.888223 0.009973 0.009446 0.004315 0.000260 0.079235 0.008548 2.129743
0.888226 0.009943 0.009452 0.004332 0.000257 0.079239 0.008550 2.130737
0.888221 0.009958 0.009451 0.004356 0.000256 0.079206 0.008553 2.131702
0.888244 0.009968 0.009460 0.004337 0.000260 0.079177 0.008555 2.132697
0.888244 0.009944 0.009449 0.004378 0.000256 0.079171 0.008558 2.133717
0.888174 0.009999 0.009458 0.004383 0.000255 0.079168 0.008563 2.134704
0.888158 0.010008 0.009485 0.004382 0.000257 0.079143 0.008567 2.135705
0.888153 0.010027 0.009488 0.004385 0.000254 0.079123 0.008570 2.136682
0.888159 0.010019 0.009427 0.004398 0.000251 0.079172 0.008574 2.137653
0.888133 0.010035 0.009429 0.004373 0.000249 0.079204 0.008577 2.138623
0.888176 0.010075 0.009399 0.004377 0.000252 0.079139 0.008582 2.139585
0.888219 0.010084 0.009383 0.004380 0.000251 0.079098 0.008585 2.140555
0.888207 0.010098 0.009353 0.004372 0.000254 0.079129 0.008588 2.141516
0.888161 0.010117 0.009397 0.004363 0.000257 0.079113 0.008592 2.142519
0.888127 0.010102 0.009414 0.004377 0.000254 0.079130 0.008595 2.143524
