0.369709 0.062051 0.054741 0.031295 0.001993 0.474507 0.005705 1.550953
0.372069 0.059705 0.054777 0.031104 0.001991 0.474622 0.005732 1.556897
0.375194 0.056836 0.054549 0.030848 0.002008 0.474810 0.005753 1.562566
0.378813 0.053655 0.054307 0.030391 0.001999 0.475055 0.005781 1.567998
0.382810 0.050461 0.053865 0.029847 0.001993 0.475213 0.005810 1.573058
0.387125 0.047248 0.053417 0.029225 0.001983 0.475163 0.005840 1.577899
0.391591 0.044135 0.052766 0.028575 0.001988 0.475074 0.005872 1.582431
0.396309 0.041062 0.052026 0.027893 0.001974 0.474835 0.005901 1.586770
0.401063 0.038365 0.051036 0.027090 0.001962 0.474559 0.005926 1.590640
0.405974 0.035886 0.049837 0.026321 0.001964 0.474064 0.005955 1.594201
0.410823 0.033501 0.048643 0.025606 0.001943 0.473497 0.005986 1.597623
0.415760 0.031330 0.047374 0.024796 0.001930 0.472795 0.006016 1.600777
0.420827 0.029313 0.046121 0.023979 0.001917 0.471805 0.006039 1.603727
0.425777 0.027442 0.044774 0.023145 0.001894 0.470902 0.006067 1.606489
0.430846 0.025667 0.043457 0.022361 0.001882 0.469697 0.006091 1.609110
0.435905 0.024088 0.042080 0.021464 0.001866 0.468482 0.006114 1.611516
0.441009 0.022563 0.040752 0.020683 0.001834 0.467013 0.006145 1.613854
0.446050 0.021265 0.039300 0.019919 0.001811 0.465491 0.006163 1.615944
0.451052 0.019959 0.037948 0.019175 0.001802 0.463881 0.006181 1.618007
0.456127 0.018773 0.036703 0.018371 0.001782 0.462041 0.006204 1.619888
0.461158 0.017726 0.035354 0.017666 0.001757 0.460110 0.006229 1.621656
0.466131 0.016732 0.034050 0.016941 0.001729 0.458158 0.006258 1.623356
0.471161 0.015785 0.032760 0.016255 0.001703 0.456051 0.006284 1.624949
0.476046 0.015027 0.031549 0.015568 0.001677 0.453827 0.006307 1.626438
0.481029 0.014266 0.030365 0.014927 0.001659 0.451433 0.006323 1.627873
0.485992 0.013597 0.029239 0.014271 0.001630 0.448925 0.006346 1.629232
0.490995 0.012922 0.028098 0.013661 0.001595 0.446363 0.006367 1.630546
0.495911 0.012331 0.027000 0.013082 0.001569 0.443719 0.006387 1.631766
0.500788 0.011758 0.025902 0.012508 0.001531 0.441101 0.006412 1.632942
0.505601 0.011280 0.024864 0.011962 0.001498 0.438366 0.006429 1.634047
0.510484 0.010773 0.023800 0.011462 0.001477 0.435559 0.006446 1.635147
0.515368 0.010300 0.022836 0.010991 0.001455 0.432584 0.006466 1.636191
0.520193 0.009932 0.021920 0.010523 0.001423 0.429526 0.006485 1.637146
0.524948 0.009550 0.021042 0.010059 0.001400 0.426494 0.006507 1.638112
0.529709 0.009223 0.020209 0.009640 0.001364 0.423328 0.006530 1.639031
0.534482 0.008910 0.019392 0.009231 0.001337 0.420103 0.006545 1.639889
0.539195 0.008582 0.018669 0.008868 0.001304 0.416822 0.006562 1.640754
0.543846 0.008323 0.017949 0.008471 0.001289 0.413545 0.006576 1.641575
0.548403 0.008072 0.017262 0.008144 0.001262 0.410259 0.006598 1.642384
0.552970 0.007843 0.016564 0.007781 0.001246 0.406987 0.006608 1.643155
0.557448 0.007624 0.015928 0.007475 0.001214 0.403684 0.006628 1.643908
0.561889 0.007443 0.015309 0.007196 0.001182 0.400337 0.006643 1.644633
0.566365 0.007244 0.014762 0.006910 0.001145 0.396913 0.006662 1.645356
0.570775 0.007046 0.014237 0.006623 0.001122 0.393520 0.006677 1.646067
0.575170 0.006843 0.013700 0.006373 0.001102 0.390122 0.006690 1.646746
0.579568 0.006652 0.013264 0.006117 0.001072 0.386620 0.006707 1.647430
0.583855 0.006524 0.012718 0.005886 0.001037 0.383257 0.006723 1.648046
0.588134 0.006356 0.012262 0.005667 0.001019 0.379828 0.006734 1.648680
0.592339 0.006227 0.011835 0.005448 0.000991 0.376415 0.006747 1.649271
0.596602 0.006119 0.011419 0.005249 0.000975 0.372877 0.006760 1.649863
0.600779 0.005998 0.011018 0.005079 0.000953 0.369400 0.006774 1.650465
0.604984 0.005858 0.010647 0.004893 0.000936 0.365896 0.006787 1.651052
0.609103 0.005761 0.010279 0.004706 0.000911 0.362442 0.006797 1.651590
0.613052 0.005646 0.009925 0.004559 0.000895 0.359118 0.006805 1.652154
0.617011 0.005550 0.009598 0.004426 0.000863 0.355734 0.006819 1.652701
0.620953 0.005497 0.009269 0.004288 0.000836 0.352326 0.006832 1.653212
0.624833 0.005416 0.008955 0.004157 0.000825 0.348974 0.006840 1.653745
0.628775 0.005298 0.008736 0.004018 0.000802 0.345519 0.006852 1.654295
0.632602 0.005233 0.008478 0.003888 0.000782 0.342154 0.006864 1.654793
0.636432 0.005163 0.008245 0.003763 0.000765 0.338756 0.006877 1.655316
0.640257 0.005090 0.008019 0.003675 0.000740 0.335331 0.006887 1.655838
0.643971 0.005009 0.007785 0.003576 0.000721 0.332043 0.006897 1.656351
0.647648 0.004938 0.007559 0.003478 0.000701 0.328769 0.006907 1.656839
0.651354 0.004867 0.007397 0.003378 0.000678 0.325408 0.006920 1.657324
0.654957 0.004837 0.007196 0.003288 0.000658 0.322135 0.006930 1.657787
0.658521 0.004775 0.006998 0.003191 0.000641 0.318941 0.006935 1.658261
0.662102 0.004704 0.006863 0.003114 0.000623 0.315653 0.006941 1.658744
0.665594 0.004705 0.006671 0.003028 0.000604 0.312449 0.006950 1.659183
0.669086 0.004683 0.006504 0.002949 0.000587 0.309232 0.006960 1.659633
0.672532 0.004685 0.006352 0.002875 0.000581 0.306009 0.006965 1.660086
0.675999 0.004643 0.006199 0.002815 0.000569 0.302802 0.006974 1.660553
0.679424 0.004632 0.006045 0.002754 0.000556 0.299609 0.006980 1.660989
0.682701 0.004596 0.005918 0.002718 0.000539 0.296540 0.006988 1.661457
0.685956 0.004572 0.005818 0.002674 0.000525 0.293461 0.006995 1.661914
0.689173 0.004532 0.005701 0.002639 0.000513 0.290442 0.007000 1.662349
0.692378 0.004488 0.005610 0.002586 0.000494 0.287436 0.007008 1.662798
0.695499 0.004460 0.005527 0.002531 0.000481 0.284488 0.007014 1.663243
0.698612 0.004445 0.005381 0.002514 0.000471 0.281555 0.007022 1.663679
0.701603 0.004440 0.005294 0.002482 0.000459 0.278696 0.007027 1.664103
0.704623 0.004422 0.005211 0.002444 0.000450 0.275817 0.007032 1.664556
0.707671 0.004370 0.005149 0.002416 0.000441 0.272917 0.007037 1.665014
0.710694 0.004301 0.005095 0.002376 0.000424 0.270067 0.007044 1.665484
0.713641 0.004262 0.005031 0.002344 0.000413 0.267257 0.007052 1.665915
0.716583 0.004271 0.004950 0.002321 0.000402 0.264416 0.007056 1.666323
0.719458 0.004294 0.004883 0.002294 0.000392 0.261618 0.007063 1.666723
0.722251 0.004246 0.004843 0.002275 0.000378 0.258937 0.007069 1.667172
0.724973 0.004253 0.004773 0.002224 0.000369 0.256334 0.007074 1.667594
0.727777 0.004261 0.004718 0.002215 0.000365 0.253586 0.007079 1.668015
0.730583 0.004247 0.004676 0.002195 0.000356 0.250859 0.007084 1.668437
0.733282 0.004269 0.004654 0.002157 0.000347 0.248203 0.007089 1.668848
0.735949 0.004248 0.004627 0.002137 0.000345 0.245599 0.007095 1.669285
0.738530 0.004251 0.004586 0.002121 0.000337 0.243076 0.007098 1.669707
0.741163 0.004248 0.004552 0.002106 0.000326 0.240502 0.007103 1.670137
0.743688 0.004299 0.004508 0.002091 0.000319 0.237988 0.007108 1.670548
0.746199 0.004318 0.004465 0.002078 0.000312 0.235515 0.007112 1.670967
0.748643 0.004357 0.004414 0.002071 0.000306 0.233094 0.007116 1.671365
0.751073 0.004401 0.004382 0.002053 0.000301 0.230673 0.007118 1.671780
0.753543 0.004447 0.004363 0.002044 0.000294 0.228185 0.007124 1.672201
0.755884 0.004484 0.004356 0.002034 0.000291 0.225825 0.007127 1.672628
0.758282 0.004499 0.004352 0.002030 0.000288 0.223420 0.007130 1.673082
0.760640 0.004488 0.004349 0.002032 0.000281 0.221077 0.007135 1.673528
0.762963 0.004481 0.004339 0.002025 0.000272 0.218783 0.007138 1.673976
0.765208 0.004507 0.004324 0.002027 0.000265 0.216529 0.007140 1.674414
0.767416 0.004512 0.004328 0.002027 0.000255 0.214318 0.007146 1.674882
0.769654 0.004505 0.004328 0.002036 0.000255 0.212076 0.007148 1.675342
0.771894 0.004506 0.004351 0.002034 0.000246 0.209819 0.007151 1.675805
0.773968 0.004548 0.004332 0.002039 0.000238 0.207721 0.007155 1.676255
0.776103 0.004614 0.004325 0.002019 0.000233 0.205549 0.007157 1.676692
0.778133 0.004627 0.004331 0.002031 0.000230 0.203491 0.007159 1.677153
0.780123 0.004610 0.004335 0.002036 0.000225 0.201510 0.007162 1.677627
0.782108 0.004634 0.004320 0.002033 0.000219 0.199519 0.007167 1.678078
0.784132 0.004662 0.004315 0.002048 0.000203 0.197466 0.007176 1.678536
0.786100 0.004704 0.004331 0.002041 0.000197 0.195447 0.007179 1.678993
0.788016 0.004695 0.004376 0.002064 0.000191 0.193478 0.007181 1.679491
0.789868 0.004740 0.004355 0.002078 0.000188 0.191588 0.007183 1.679959
0.791756 0.004783 0.004368 0.002092 0.000179 0.189637 0.007187 1.680424
0.793578 0.004809 0.004392 0.002090 0.000180 0.187762 0.007188 1.680898
0.795384 0.004863 0.004359 0.002117 0.000172 0.185912 0.007192 1.681368
0.797122 0.004935 0.004356 0.002102 0.000173 0.184119 0.007193 1.681832
0.798847 0.004946 0.004396 0.002097 0.000170 0.182348 0.007197 1.682344
0.800526 0.004968 0.004431 0.002102 0.000171 0.180605 0.007198 1.682852
0.802237 0.005019 0.004438 0.002111 0.000170 0.178825 0.007200 1.683323
0.803947 0.005042 0.004436 0.002133 0.000166 0.177074 0.007202 1.683826
0.805560 0.005118 0.004435 0.002136 0.000165 0.175382 0.007204 1.684301
0.807177 0.005207 0.004460 0.002126 0.000165 0.173658 0.007206 1.684802
0.808746 0.005265 0.004481 0.002143 0.000159 0.171996 0.007210 1.685313
0.810329 0.005341 0.004507 0.002159 0.000159 0.170293 0.007211 1.685825
0.811844 0.005410 0.004546 0.002171 0.000158 0.168660 0.007212 1.686343
0.813352 0.005463 0.004584 0.002186 0.000154 0.167047 0.007213 1.686863
0.814861 0.005503 0.004598 0.002207 0.000154 0.165462 0.007216 1.687399
0.816344 0.005524 0.004651 0.002217 0.000150 0.163894 0.007219 1.687963
0.817783 0.005573 0.004682 0.002240 0.000149 0.162353 0.007221 1.688502
0.819194 0.005626 0.004700 0.002253 0.000149 0.160857 0.007222 1.689059
0.820581 0.005711 0.004701 0.002269 0.000144 0.159371 0.007223 1.689581
0.821950 0.005776 0.004754 0.002273 0.000141 0.157879 0.007228 1.690147
0.823277 0.005827 0.004783 0.002275 0.000143 0.156465 0.007230 1.690706
0.824575 0.005900 0.004805 0.002285 0.000144 0.155060 0.007231 1.691244
0.825866 0.005981 0.004836 0.002301 0.000146 0.153638 0.007233 1.691806
0.827155 0.006048 0.004859 0.002316 0.000143 0.152244 0.007235 1.692360
0.828432 0.006086 0.004923 0.002319 0.000140 0.150861 0.007238 1.692954
0.829668 0.006132 0.004964 0.002339 0.000142 0.149516 0.007240 1.693544
0.830831 0.006194 0.005018 0.002381 0.000141 0.148192 0.007242 1.694163
0.832003 0.006254 0.005070 0.002401 0.000143 0.146884 0.007243 1.694771
0.833214 0.006275 0.005103 0.002419 0.000144 0.145598 0.007246 1.695381
0.834359 0.006304 0.005150 0.002457 0.000138 0.144346 0.007247 1.696012
0.835515 0.006350 0.005231 0.002493 0.000139 0.143023 0.007248 1.696635
0.836575 0.006406 0.005294 0.002522 0.000139 0.141813 0.007251 1.697291
0.837657 0.006497 0.005350 0.002549 0.000141 0.140554 0.007252 1.697940
0.838689 0.006566 0.005402 0.002581 0.000142 0.139365 0.007254 1.698589
0.839699 0.006625 0.005445 0.002620 0.000139 0.138212 0.007258 1.699242
0.840667 0.006718 0.005486 0.002646 0.000135 0.137087 0.007261 1.699889
0.841618 0.006805 0.005569 0.002683 0.000133 0.135929 0.007262 1.700571
0.842527 0.006907 0.005623 0.002697 0.000137 0.134844 0.007263 1.701238
0.843473 0.006970 0.005701 0.002721 0.000139 0.133731 0.007265 1.701913
0.844353 0.007091 0.005759 0.002716 0.000143 0.132670 0.007268 1.702603
0.845263 0.007125 0.005822 0.002725 0.000145 0.131651 0.007269 1.703314
0.846114 0.007223 0.005897 0.002764 0.000146 0.130586 0.007271 1.704028
0.846889 0.007288 0.005948 0.002767 0.000148 0.129686 0.007274 1.704750
0.847656 0.007370 0.006026 0.002769 0.000155 0.128750 0.007276 1.705451
0.848496 0.007423 0.006094 0.002808 0.000162 0.127740 0.007276 1.706172
0.849312 0.007446 0.006183 0.002848 0.000159 0.126771 0.007280 1.706942
0.850121 0.007475 0.006254 0.002888 0.000154 0.125827 0.007281 1.707708
0.850845 0.007555 0.006300 0.002924 0.000151 0.124943 0.007283 1.708442
0.851496 0.007644 0.006337 0.002960 0.000153 0.124126 0.007285 1.709189
0.852157 0.007700 0.006447 0.003001 0.000155 0.123251 0.007288 1.709985
0.852846 0.007804 0.006479 0.003015 0.000156 0.122408 0.007291 1.710751
0.853562 0.007865 0.006556 0.003049 0.000158 0.121519 0.007291 1.711539
0.854244 0.007928 0.006586 0.003069 0.000162 0.120716 0.007294 1.712307
0.854865 0.008018 0.006641 0.003103 0.000166 0.119911 0.007294 1.713094
0.855518 0.008058 0.006666 0.003152 0.000166 0.119142 0.007297 1.713879
0.856172 0.008125 0.006714 0.003208 0.000167 0.118314 0.007300 1.714681
0.856797 0.008191 0.006786 0.003228 0.000173 0.117523 0.007300 1.715480
0.857362 0.008248 0.006856 0.003259 0.000176 0.116794 0.007302 1.716310
0.857941 0.008332 0.006901 0.003264 0.000176 0.116081 0.007305 1.717132
0.858535 0.008368 0.006991 0.003304 0.000171 0.115324 0.007307 1.717971
0.859093 0.008460 0.007057 0.003300 0.000175 0.114606 0.007309 1.718758
0.859574 0.008555 0.007118 0.003318 0.000179 0.113945 0.007310 1.719578
0.860121 0.008577 0.007178 0.003366 0.000183 0.113265 0.007310 1.720424
0.860598 0.008675 0.007248 0.003392 0.000181 0.112594 0.007313 1.721269
0.861036 0.008776 0.007302 0.003444 0.000182 0.111944 0.007315 1.722125
0.861479 0.008861 0.007391 0.003480 0.000184 0.111291 0.007315 1.723004
0.861935 0.008923 0.007442 0.003514 0.000184 0.110684 0.007318 1.723873
0.862401 0.008951 0.007505 0.003551 0.000193 0.110081 0.007319 1.724763
0.862799 0.009019 0.007617 0.003562 0.000195 0.109487 0.007321 1.725679
0.863186 0.009081 0.007666 0.003598 0.000195 0.108952 0.007322 1.726587
0.863625 0.009131 0.007692 0.003626 0.000198 0.108403 0.007324 1.727482
0.863997 0.009200 0.007747 0.003663 0.000198 0.107870 0.007326 1.728387
0.864360 0.009264 0.007801 0.003700 0.000201 0.107347 0.007327 1.729279
0.864726 0.009330 0.007869 0.003716 0.000203 0.106825 0.007331 1.730186
0.865064 0.009392 0.007947 0.003736 0.000204 0.106324 0.007333 1.731111
0.865375 0.009421 0.007996 0.003757 0.000201 0.105915 0.007336 1.732051
0.865686 0.009503 0.008067 0.003786 0.000203 0.105417 0.007338 1.732970
0.866038 0.009552 0.008123 0.003808 0.000205 0.104934 0.007340 1.733901
0.866335 0.009671 0.008165 0.003828 0.000208 0.104452 0.007343 1.734789
0.866635 0.009701 0.008277 0.003839 0.000211 0.103992 0.007346 1.735765
0.866904 0.009730 0.008338 0.003876 0.000214 0.103591 0.007348 1.736755
0.867116 0.009783 0.008418 0.003879 0.000216 0.103237 0.007351 1.737753
0.867367 0.009850 0.008486 0.003897 0.000218 0.102827 0.007353 1.738724
0.867586 0.009878 0.008527 0.003942 0.000218 0.102490 0.007359 1.739725
0.867814 0.009946 0.008604 0.003974 0.000220 0.102081 0.007363 1.740709
0.868038 0.010049 0.008620 0.004011 0.000223 0.101696 0.007365 1.741673
0.868273 0.010112 0.008669 0.004023 0.000223 0.101334 0.007366 1.742649
0.868526 0.010214 0.008693 0.004056 0.000222 0.100920 0.007370 1.743586
0.868731 0.010269 0.008738 0.004101 0.000225 0.100566 0.007371 1.744584
0.868967 0.010308 0.008785 0.004116 0.000226 0.100225 0.007374 1.745569
0.869142 0.010343 0.008856 0.004140 0.000227 0.099914 0.007379 1.746575
0.869352 0.010350 0.008920 0.004178 0.000228 0.099591 0.007381 1.747598
0.869513 0.010392 0.008967 0.004222 0.000224 0.099298 0.007384 1.748604
0.869639 0.010456 0.009002 0.004223 0.000231 0.099063 0.007386 1.749609
0.869823 0.010452 0.009094 0.004245 0.000233 0.098767 0.007388 1.750651
0.869934 0.010551 0.009111 0.004252 0.000231 0.098533 0.007389 1.751648
0.870094 0.010542 0.009173 0.004284 0.000226 0.098286 0.007395 1.752693
0.870267 0.010552 0.009253 0.004279 0.000226 0.098028 0.007396 1.753724
0.870424 0.010604 0.009298 0.004289 0.000232 0.097756 0.007398 1.754731
0.870502 0.010644 0.009308 0.004317 0.000231 0.097597 0.007401 1.755762
0.870602 0.010666 0.009392 0.004337 0.000233 0.097366 0.007404 1.756825
0.870736 0.010675 0.009446 0.004325 0.000236 0.097177 0.007407 1.757879
0.870963 0.010616 0.009471 0.004363 0.000243 0.096935 0.007410 1.758937
0.871066 0.010679 0.009496 0.004367 0.000245 0.096733 0.007414 1.759959
0.871212 0.010688 0.009512 0.004368 0.000245 0.096557 0.007418 1.761012
0.871316 0.010769 0.009528 0.004361 0.000239 0.096363 0.007423 1.762014
0.871403 0.010820 0.009575 0.004384 0.000242 0.096152 0.007425 1.763035
0.871546 0.010809 0.009596 0.004400 0.000244 0.095978 0.007428 1.764083
0.871636 0.010834 0.009675 0.004409 0.000242 0.095774 0.007430 1.765149
0.871770 0.010883 0.009657 0.004424 0.000243 0.095591 0.007432 1.766171
0.871882 0.010901 0.009698 0.004439 0.000242 0.095403 0.007436 1.767233
0.872017 0.010906 0.009714 0.004456 0.000242 0.095227 0.007440 1.768282
0.872142 0.010929 0.009774 0.004468 0.000246 0.095000 0.007442 1.769358
0.872273 0.010922 0.009823 0.004470 0.000250 0.094818 0.007444 1.770454
0.872413 0.010889 0.009869 0.004481 0.000250 0.094651 0.007448 1.771536
0.872566 0.010853 0.009889 0.004500 0.000256 0.094486 0.007449 1.772604
0.872598 0.010859 0.009930 0.004496 0.000254 0.094411 0.007452 1.773687
0.872701 0.010810 0.009944 0.004531 0.000253 0.094306 0.007456 1.774789
0.872791 0.010833 0.009983 0.004555 0.000248 0.094132 0.007459 1.775866
0.872999 0.010784 0.009954 0.004575 0.000245 0.093982 0.007462 1.776908
0.873156 0.010722 0.009989 0.004598 0.000245 0.093825 0.007467 1.778010
0.873309 0.010692 0.009979 0.004627 0.000241 0.093683 0.007470 1.779058
0.873363 0.010712 0.009963 0.004630 0.000245 0.093615 0.007473 1.780102
0.873502 0.010706 0.009961 0.004627 0.000246 0.093482 0.007477 1.781150
0.873587 0.010738 0.009965 0.004603 0.000249 0.093381 0.007477 1.782180
0.873750 0.010767 0.009912 0.004602 0.000249 0.093240 0.007481 1.783191
0.873853 0.010736 0.009961 0.004617 0.000253 0.093095 0.007484 1.784268
0.873946 0.010769 0.009979 0.004598 0.000252 0.092969 0.007488 1.785269
0.874081 0.010705 0.010020 0.004585 0.000253 0.092863 0.007492 1.786336
0.874222 0.010723 0.010043 0.004572 0.000253 0.092694 0.007494 1.787383
0.874283 0.010721 0.010088 0.004555 0.000255 0.092601 0.007498 1.788459
0.874456 0.010739 0.010036 0.004560 0.000256 0.092452 0.007501 1.789461
0.874579 0.010750 0.010026 0.004515 0.000262 0.092365 0.007504 1.790461
0.874716 0.010762 0.010014 0.004523 0.000261 0.092217 0.007508 1.791493
0.874879 0.010728 0.010016 0.004501 0.000265 0.092101 0.007511 1.792545
0.875038 0.010684 0.010016 0.004509 0.000257 0.091983 0.007513 1.793614
0.875106 0.010705 0.010004 0.004523 0.000261 0.091884 0.007517 1.794645
0.875205 0.010777 0.010019 0.004509 0.000263 0.091707 0.007520 1.795661
0.875278 0.010744 0.010066 0.004519 0.000264 0.091604 0.007524 1.796725
0.875437 0.010677 0.010103 0.004516 0.000268 0.091471 0.007528 1.797804
0.875571 0.010620 0.010066 0.004535 0.000270 0.091408 0.007531 1.798856
0.875703 0.010575 0.010059 0.004530 0.000272 0.091328 0.007533 1.799898
0.875840 0.010540 0.010017 0.004537 0.000266 0.091263 0.007538 1.800926
0.875970 0.010517 0.009991 0.004521 0.000268 0.091191 0.007542 1.801933
0.876087 0.010489 0.009970 0.004517 0.000268 0.091125 0.007545 1.802962
0.876188 0.010479 0.009991 0.004509 0.000268 0.091015 0.007549 1.804002
0.876327 0.010460 0.009966 0.004503 0.000268 0.090926 0.007550 1.805021
0.876424 0.010436 0.009942 0.004513 0.000268 0.090862 0.007554 1.806029
0.876617 0.010397 0.009937 0.004507 0.000268 0.090713 0.007559 1.807051
0.876761 0.010318 0.009960 0.004490 0.000273 0.090635 0.007563 1.808110
0.876932 0.010273 0.009987 0.004475 0.000275 0.090491 0.007566 1.809134
0.877124 0.010235 0.009924 0.004497 0.000278 0.090375 0.007567 1.810148
0.877310 0.010213 0.009858 0.004510 0.000272 0.090266 0.007571 1.811125
0.877467 0.010192 0.009840 0.004476 0.000265 0.090184 0.007576 1.812137
0.877582 0.010157 0.009844 0.004466 0.000260 0.090112 0.007579 1.813133
0.877724 0.010069 0.009886 0.004460 0.000270 0.090010 0.007582 1.814175
0.877930 0.010008 0.009863 0.004451 0.000270 0.089892 0.007586 1.815172
0.878095 0.009966 0.009806 0.004465 0.000271 0.089805 0.007590 1.816137
0.878295 0.009974 0.009763 0.004440 0.000269 0.089664 0.007594 1.817067
0.878481 0.009938 0.009748 0.004418 0.000264 0.089551 0.007600 1.818040
0.878664 0.009917 0.009716 0.004387 0.000269 0.089444 0.007603 1.819008
0.878846 0.009867 0.009723 0.004380 0.000272 0.089307 0.007605 1.820002
0.879057 0.009829 0.009661 0.004345 0.000277 0.089223 0.007607 1.820947
0.879251 0.009760 0.009646 0.004340 0.000281 0.089112 0.007609 1.821926
0.879432 0.009670 0.009597 0.004351 0.000280 0.089058 0.007612 1.822895
0.879619 0.009611 0.009579 0.004327 0.000284 0.088965 0.007614 1.823862
0.879828 0.009588 0.009547 0.004336 0.000284 0.088799 0.007618 1.824798
0.880018 0.009557 0.009495 0.004339 0.000286 0.088686 0.007619 1.825735
0.880154 0.009564 0.009455 0.004338 0.000288 0.088578 0.007623 1.826686
0.880362 0.009554 0.009402 0.004301 0.000282 0.088471 0.007627 1.827608
0.880532 0.009540 0.009386 0.004280 0.000281 0.088349 0.007631 1.828534
0.880694 0.009530 0.009342 0.004253 0.000281 0.088268 0.007633 1.829449
0.880909 0.009519 0.009322 0.004217 0.000278 0.088121 0.007634 1.830372
0.881152 0.009486 0.009314 0.004208 0.000274 0.087928 0.007638 1.831303
0.881322 0.009471 0.009295 0.004209 0.000276 0.087786 0.007641 1.832262
0.881475 0.009465 0.009250 0.004213 0.000275 0.087677 0.007644 1.833212
0.881597 0.009489 0.009203 0.004203 0.000275 0.087585 0.007648 1.834145
0.881781 0.009511 0.009225 0.004164 0.000275 0.087392 0.007651 1.835072
0.881935 0.009492 0.009208 0.004156 0.000274 0.087279 0.007655 1.836032
0.882074 0.009470 0.009212 0.004155 0.000278 0.087151 0.007659 1.836973
0.882246 0.009415 0.009197 0.004161 0.000271 0.087046 0.007663 1.837929
0.882434 0.009390 0.009194 0.004172 0.000265 0.086880 0.007666 1.838873
0.882712 0.009365 0.009168 0.004150 0.000271 0.086666 0.007669 1.839761
0.882940 0.009310 0.009166 0.004140 0.000266 0.086508 0.007672 1.840688
0.883139 0.009300 0.009113 0.004145 0.000266 0.086361 0.007675 1.841597
0.883354 0.009265 0.009099 0.004139 0.000266 0.086199 0.007678 1.842498
0.883551 0.009238 0.009108 0.004150 0.000264 0.086004 0.007684 1.843423
0.883725 0.009255 0.009083 0.004082 0.000267 0.085902 0.007686 1.844317
0.883970 0.009248 0.009049 0.004070 0.000266 0.085707 0.007691 1.845201
0.884146 0.009242 0.009005 0.004069 0.000259 0.085583 0.007697 1.846103
0.884338 0.009180 0.009018 0.004050 0.000260 0.085454 0.007700 1.847037
0.884596 0.009154 0.008988 0.004034 0.000267 0.085258 0.007703 1.847920
0.884773 0.009132 0.008954 0.004031 0.000264 0.085141 0.007706 1.848817
0.884912 0.009135 0.008965 0.004011 0.000268 0.084998 0.007710 1.849715
0.885068 0.009155 0.008947 0.004011 0.000263 0.084840 0.007716 1.850583
0.885260 0.009154 0.008934 0.003988 0.000257 0.084689 0.007719 1.851458
0.885452 0.009112 0.008900 0.003997 0.000258 0.084557 0.007724 1.852371
0.885657 0.009040 0.008862 0.004010 0.000252 0.084451 0.007727 1.853304
0.885832 0.009058 0.008858 0.004014 0.000254 0.084258 0.007728 1.854154
0.886053 0.009063 0.008858 0.004011 0.000257 0.084028 0.007730 1.855033
0.886214 0.009089 0.008799 0.004002 0.000252 0.083912 0.007732 1.855899
0.886326 0.009098 0.008805 0.004011 0.000249 0.083775 0.007736 1.856799
0.886498 0.009097 0.008769 0.003996 0.000252 0.083649 0.007739 1.857668
0.886633 0.009077 0.008744 0.003989 0.000257 0.083559 0.007741 1.858572
0.886789 0.009066 0.008735 0.003955 0.000257 0.083452 0.007746 1.859458
0.886937 0.009112 0.008700 0.003938 0.000256 0.083308 0.007750 1.860312
0.887123 0.009117 0.008692 0.003936 0.000250 0.083127 0.007755 1.861195
0.887320 0.009071 0.008726 0.003926 0.000248 0.082951 0.007758 1.862116
0.887472 0.009060 0.008731 0.003899 0.000247 0.082831 0.007761 1.863001
0.887635 0.009083 0.008699 0.003900 0.000245 0.082672 0.007765 1.863863
0.887804 0.009079 0.008678 0.003927 0.000239 0.082505 0.007768 1.864759
0.887998 0.009047 0.008691 0.003953 0.000237 0.082301 0.007774 1.865674
0.888159 0.009079 0.008670 0.003932 0.000242 0.082142 0.007776 1.866511
0.888312 0.009076 0.008670 0.003917 0.000246 0.081999 0.007779 1.867409
0.888427 0.009046 0.008667 0.003938 0.000245 0.081894 0.007782 1.868329
0.888577 0.009047 0.008609 0.003942 0.000247 0.081793 0.007785 1.869195
0.888722 0.009064 0.008592 0.003935 0.000246 0.081654 0.007788 1.870068
0.888861 0.009060 0.008586 0.003910 0.000247 0.081547 0.007790 1.870969
0.888992 0.009050 0.008570 0.003900 0.000247 0.081449 0.007792 1.871844
0.889085 0.009082 0.008565 0.003900 0.000251 0.081323 0.007794 1.872716
0.889231 0.009070 0.008545 0.003889 0.000256 0.081213 0.007796 1.873590
0.889344 0.009096 0.008528 0.003894 0.000254 0.081085 0.007799 1.874469
0.889505 0.009058 0.008542 0.003886 0.000260 0.080949 0.007801 1.875387
0.889644 0.009063 0.008526 0.003905 0.000257 0.080803 0.007804 1.876265
0.889814 0.009004 0.008543 0.003932 0.000254 0.080645 0.007809 1.877149
0.889915 0.009029 0.008521 0.003924 0.000254 0.080546 0.007812 1.878025
0.890045 0.009048 0.008520 0.003918 0.000255 0.080400 0.007815 1.878909
0.890115 0.009008 0.008546 0.003928 0.000260 0.080325 0.007818 1.879830
0.890242 0.008949 0.008587 0.003928 0.000257 0.080215 0.007821 1.880766
0.890320 0.008971 0.008535 0.003932 0.000256 0.080162 0.007824 1.881624
0.890427 0.009003 0.008475 0.003910 0.000258 0.080099 0.007828 1.882447
0.890554 0.009002 0.008464 0.003915 0.000257 0.079976 0.007831 1.883329
0.890680 0.009023 0.008493 0.003923 0.000255 0.079793 0.007833 1.884201
0.890775 0.009015 0.008496 0.003935 0.000257 0.079689 0.007834 1.885114
0.890853 0.009004 0.008517 0.003931 0.000253 0.079605 0.007838 1.886018
0.891008 0.008981 0.008473 0.003917 0.000251 0.079527 0.007842 1.886891
0.891109 0.008952 0.008490 0.003902 0.000250 0.079451 0.007845 1.887796
0.891246 0.009027 0.008430 0.003865 0.000253 0.079332 0.007847 1.888598
0.891371 0.009021 0.008405 0.003855 0.000247 0.079250 0.007851 1.889469
0.891531 0.008986 0.008422 0.003815 0.000253 0.079140 0.007853 1.890324
0.891644 0.008987 0.008438 0.003840 0.000254 0.078981 0.007856 1.891213
0.891714 0.008948 0.008480 0.003848 0.000258 0.078895 0.007857 1.892140
0.891842 0.008937 0.008506 0.003846 0.000262 0.078750 0.007858 1.893023
0.891979 0.008906 0.008502 0.003826 0.000264 0.078662 0.007862 1.893900
0.892049 0.008949 0.008513 0.003838 0.000259 0.078524 0.007867 1.894788
0.892193 0.008942 0.008517 0.003863 0.000255 0.078358 0.007872 1.895676
0.892254 0.008966 0.008510 0.003861 0.000257 0.078278 0.007874 1.896555
0.892328 0.009013 0.008480 0.003849 0.000253 0.078199 0.007879 1.897409
0.892472 0.008977 0.008513 0.003841 0.000249 0.078067 0.007881 1.898295
0.892565 0.008973 0.008516 0.003844 0.000251 0.077970 0.007882 1.899167
0.892651 0.009011 0.008514 0.003843 0.000248 0.077849 0.007884 1.900035
0.892750 0.009007 0.008509 0.003863 0.000251 0.077734 0.007886 1.900923
0.892798 0.009053 0.008514 0.003884 0.000249 0.077612 0.007891 1.901789
0.892871 0.009124 0.008455 0.003899 0.000245 0.077511 0.007897 1.902620
0.892930 0.009120 0.008454 0.003881 0.000246 0.077469 0.007901 1.903518
0.893028 0.009044 0.008513 0.003877 0.000249 0.077385 0.007903 1.904429
0.893067 0.009058 0.008485 0.003905 0.000244 0.077333 0.007908 1.905314
0.893159 0.009002 0.008522 0.003896 0.000245 0.077266 0.007910 1.906217
0.893188 0.009063 0.008526 0.003892 0.000244 0.077174 0.007913 1.907095
0.893265 0.009056 0.008524 0.003883 0.000247 0.077109 0.007916 1.907988
0.893239 0.009130 0.008505 0.003875 0.000245 0.077086 0.007920 1.908878
0.893293 0.009219 0.008454 0.003875 0.000244 0.076991 0.007924 1.909713
0.893342 0.009256 0.008484 0.003874 0.000245 0.076872 0.007927 1.910620
0.893408 0.009249 0.008493 0.003877 0.000248 0.076796 0.007929 1.911518
0.893467 0.009265 0.008485 0.003871 0.000247 0.076734 0.007932 1.912405
0.893549 0.009239 0.008461 0.003865 0.000247 0.076704 0.007935 1.913313
0.893607 0.009225 0.008489 0.003886 0.000243 0.076611 0.007938 1.914215
0.893622 0.009243 0.008501 0.003884 0.000239 0.076568 0.007943 1.915116
0.893633 0.009275 0.008528 0.003862 0.000243 0.076513 0.007946 1.915999
0.893620 0.009359 0.008535 0.003860 0.000242 0.076433 0.007950 1.916871
0.893667 0.009381 0.008552 0.003867 0.000250 0.076330 0.007952 1.917775
0.893653 0.009437 0.008589 0.003881 0.000242 0.076240 0.007958 1.918677
0.893621 0.009490 0.008617 0.003886 0.000249 0.076179 0.007958 1.919576
0.893704 0.009490 0.008654 0.003896 0.000247 0.076049 0.007959 1.920499
0.893732 0.009458 0.008697 0.003900 0.000249 0.076002 0.007961 1.921434
0.893773 0.009458 0.008715 0.003912 0.000248 0.075929 0.007965 1.922373
0.893819 0.009464 0.008760 0.003930 0.000250 0.075811 0.007967 1.923303
0.893857 0.009450 0.008772 0.003980 0.000253 0.075719 0.007968 1.924243
0.893938 0.009422 0.008746 0.003983 0.000253 0.075688 0.007971 1.925150
0.893960 0.009371 0.008763 0.003996 0.000252 0.075686 0.007973 1.926105
0.894023 0.009350 0.008758 0.003977 0.000252 0.075667 0.007973 1.926997
0.894104 0.009368 0.008744 0.003992 0.000249 0.075567 0.007976 1.927903
0.894152 0.009369 0.008784 0.003994 0.000249 0.075473 0.007979 1.928835
0.894157 0.009366 0.008804 0.004003 0.000244 0.075444 0.007982 1.929763
0.894164 0.009359 0.008802 0.003994 0.000245 0.075453 0.007984 1.930690
0.894213 0.009324 0.008777 0.003999 0.000241 0.075457 0.007989 1.931625
0.894235 0.009306 0.008793 0.004004 0.000245 0.075426 0.007992 1.932558
0.894235 0.009329 0.008801 0.003997 0.000250 0.075395 0.007993 1.933463
0.894250 0.009384 0.008752 0.003989 0.000252 0.075377 0.007995 1.934345
0.894250 0.009353 0.008760 0.004015 0.000256 0.075366 0.007998 1.935318
0.894319 0.009323 0.008761 0.004013 0.000251 0.075329 0.008003 1.936246
0.894347 0.009347 0.008754 0.004018 0.000253 0.075277 0.008004 1.937161
0.894355 0.009383 0.008719 0.004039 0.000254 0.075245 0.008006 1.938055
0.894383 0.009401 0.008731 0.004006 0.000252 0.075216 0.008010 1.938938
0.894415 0.009428 0.008733 0.003995 0.000259 0.075158 0.008011 1.939849
0.894417 0.009484 0.008712 0.003999 0.000254 0.075121 0.008013 1.940762
0.894408 0.009493 0.008715 0.004020 0.000256 0.075092 0.008016 1.941676
0.894414 0.009470 0.008721 0.004051 0.000256 0.075070 0.008020 1.942619
0.894437 0.009465 0.008706 0.004071 0.000254 0.075042 0.008026 1.943551
0.894490 0.009429 0.008745 0.004061 0.000253 0.074994 0.008028 1.944503
0.894522 0.009392 0.008778 0.004073 0.000248 0.074956 0.008031 1.945441
0.894500 0.009418 0.008823 0.004066 0.000248 0.074911 0.008032 1.946359
0.894450 0.009455 0.008816 0.004052 0.000251 0.074938 0.008037 1.947271
0.894455 0.009484 0.008839 0.004034 0.000247 0.074901 0.008040 1.948181
0.894459 0.009477 0.008860 0.004030 0.000244 0.074887 0.008044 1.949118
0.894477 0.009480 0.008836 0.004024 0.000240 0.074897 0.008047 1.950036
0.894504 0.009466 0.008850 0.004027 0.000241 0.074863 0.008049 1.950963
0.894399 0.009534 0.008816 0.004046 0.000245 0.074909 0.008051 1.951886
0.894398 0.009541 0.008840 0.004044 0.000249 0.074874 0.008053 1.952820
0.894382 0.009515 0.008862 0.004071 0.000244 0.074870 0.008056 1.953811
0.894409 0.009505 0.008879 0.004067 0.000239 0.074841 0.008061 1.954723
0.894399 0.009527 0.008903 0.004054 0.000238 0.074812 0.008066 1.955658
0.894442 0.009502 0.008933 0.004069 0.000242 0.074745 0.008069 1.956617
0.894434 0.009536 0.008926 0.004059 0.000240 0.074735 0.008072 1.957527
0.894446 0.009523 0.008919 0.004046 0.000240 0.074753 0.008074 1.958450
0.894453 0.009512 0.008913 0.004045 0.000238 0.074762 0.008078 1.959388
0.894471 0.009461 0.008915 0.004063 0.000242 0.074768 0.008080 1.960353
0.894496 0.009474 0.008882 0.004039 0.000241 0.074785 0.008082 1.961243
0.894507 0.009456 0.008914 0.004031 0.000239 0.074766 0.008085 1.962187
0.894510 0.009460 0.008926 0.004029 0.000241 0.074742 0.008092 1.963128
0.894494 0.009470 0.008926 0.004025 0.000244 0.074746 0.008094 1.964064
0.894523 0.009443 0.008925 0.004014 0.000243 0.074753 0.008099 1.964989
0.894529 0.009425 0.008928 0.004021 0.000244 0.074752 0.008101 1.965936
0.894602 0.009363 0.008946 0.004005 0.000241 0.074739 0.008104 1.966892
0.894581 0.009377 0.008946 0.004018 0.000239 0.074732 0.008107 1.967812
0.894599 0.009421 0.008919 0.003998 0.000237 0.074717 0.008110 1.968700
0.894622 0.009401 0.008930 0.004005 0.000243 0.074685 0.008113 1.969633
0.894626 0.009413 0.008882 0.003995 0.000242 0.074726 0.008118 1.970543
0.894690 0.009405 0.008867 0.003999 0.000243 0.074675 0.008121 1.971443
0.894669 0.009393 0.008865 0.004012 0.000240 0.074698 0.008124 1.972383
0.894663 0.009364 0.008858 0.004020 0.000237 0.074728 0.008129 1.973326
0.894706 0.009351 0.008851 0.004032 0.000238 0.074692 0.008131 1.974240
0.894749 0.009338 0.008868 0.004044 0.000238 0.074631 0.008132 1.975161
0.894781 0.009328 0.008903 0.004040 0.000237 0.074576 0.008136 1.976090
0.894834 0.009281 0.008928 0.004039 0.000237 0.074542 0.008140 1.977032
0.894804 0.009258 0.008964 0.004072 0.000242 0.074517 0.008142 1.977979
0.894845 0.009278 0.008945 0.004076 0.000237 0.074475 0.008145 1.978878
0.894850 0.009310 0.008918 0.004059 0.000233 0.074481 0.008148 1.979777
0.894865 0.009277 0.008914 0.004081 0.000237 0.074475 0.008152 1.980709
0.894873 0.009286 0.008899 0.004078 0.000235 0.074474 0.008154 1.981620
0.894896 0.009263 0.008894 0.004094 0.000240 0.074458 0.008155 1.982555
0.894913 0.009258 0.008856 0.004081 0.000238 0.074496 0.008158 1.983459
0.894948 0.009244 0.008856 0.004049 0.000237 0.074503 0.008163 1.984366
0.895011 0.009219 0.008832 0.004048 0.000234 0.074492 0.008165 1.985272
0.895010 0.009197 0.008860 0.004032 0.000234 0.074498 0.008169 1.986188
0.895017 0.009240 0.008801 0.004006 0.000233 0.074530 0.008172 1.987056
0.895052 0.009223 0.008840 0.004010 0.000234 0.074466 0.008176 1.987965
0.895108 0.009246 0.008824 0.003989 0.000235 0.074422 0.008177 1.988856
0.895149 0.009228 0.008831 0.003990 0.000241 0.074381 0.008179 1.989773
0.895096 0.009278 0.008784 0.003979 0.000244 0.074437 0.008182 1.990656
0.895111 0.009266 0.008816 0.003976 0.000240 0.074407 0.008184 1.991590
0.895161 0.009242 0.008835 0.003971 0.000239 0.074364 0.008186 1.992496
0.895162 0.009206 0.008819 0.004009 0.000239 0.074374 0.008190 1.993442
0.895124 0.009267 0.008812 0.003979 0.000240 0.074383 0.008195 1.994321
0.895156 0.009283 0.008808 0.003986 0.000242 0.074328 0.008197 1.995215
0.895156 0.009272 0.008843 0.003999 0.000240 0.074288 0.008202 1.996160
0.895110 0.009328 0.008844 0.003993 0.000240 0.074279 0.008206 1.997049
0.895102 0.009339 0.008842 0.003991 0.000234 0.074282 0.008210 1.997980
0.895098 0.009337 0.008830 0.004005 0.000237 0.074281 0.008213 1.998897
0.895116 0.009300 0.008863 0.003995 0.000240 0.074271 0.008216 1.999855
0.895151 0.009247 0.008861 0.004006 0.000238 0.074279 0.008218 2.000793
0.895160 0.009283 0.008837 0.003989 0.000238 0.074273 0.008220 2.001674
0.895191 0.009331 0.008821 0.003967 0.000233 0.074232 0.008226 2.002574
0.895208 0.009333 0.008837 0.003969 0.000235 0.074190 0.008228 2.003465
0.895206 0.009360 0.008765 0.003967 0.000237 0.074235 0.008230 2.004353
0.895197 0.009372 0.008764 0.003967 0.000235 0.074235 0.008231 2.005277
0.895137 0.009363 0.008795 0.003965 0.000236 0.074268 0.008235 2.006233
0.895144 0.009322 0.008788 0.003985 0.000233 0.074289 0.008239 2.007167
0.895177 0.009323 0.008778 0.003997 0.000238 0.074247 0.008241 2.008086
0.895179 0.009359 0.008763 0.003982 0.000239 0.074232 0.008245 2.008960
0.895161 0.009394 0.008781 0.003975 0.000242 0.074197 0.008248 2.009868
0.895207 0.009388 0.008778 0.003966 0.000242 0.074167 0.008251 2.010777
0.895204 0.009397 0.008800 0.003981 0.000241 0.074121 0.008256 2.011708
0.895190 0.009377 0.008801 0.003984 0.000248 0.074141 0.008259 2.012649
0.895181 0.009370 0.008817 0.003976 0.000251 0.074142 0.008264 2.013604
0.895171 0.009394 0.008831 0.003987 0.000247 0.074101 0.008268 2.014529
0.895182 0.009342 0.008868 0.004002 0.000250 0.074084 0.008271 2.015477
0.895154 0.009382 0.008837 0.004019 0.000248 0.074084 0.008276 2.016373
0.895171 0.009350 0.008816 0.004038 0.000249 0.074101 0.008277 2.017293
0.895107 0.009389 0.008856 0.003995 0.000252 0.074122 0.008278 2.018189
0.895091 0.009396 0.008818 0.004012 0.000253 0.074151 0.008280 2.019114
0.895107 0.009414 0.008788 0.004033 0.000248 0.074127 0.008283 2.020027
0.895142 0.009428 0.008767 0.004005 0.000251 0.074121 0.008285 2.020929
0.895155 0.009436 0.008761 0.004005 0.000253 0.074102 0.008288 2.021819
0.895168 0.009417 0.008800 0.004031 0.000256 0.074039 0.008290 2.022769
0.895161 0.009427 0.008758 0.004070 0.000250 0.074039 0.008295 2.023676
0.895180 0.009420 0.008755 0.004068 0.000250 0.074029 0.008297 2.024590
0.895177 0.009392 0.008811 0.004071 0.000247 0.074003 0.008299 2.025566
0.895254 0.009388 0.008801 0.004051 0.000243 0.073959 0.008303 2.026438
0.895268 0.009373 0.008771 0.004067 0.000246 0.073967 0.008307 2.027366
0.895255 0.009437 0.008739 0.004064 0.000243 0.073951 0.008311 2.028247
0.895252 0.009412 0.008788 0.004037 0.000248 0.073950 0.008313 2.029173
0.895217 0.009428 0.008768 0.004051 0.000249 0.073972 0.008316 2.030079
0.895228 0.009391 0.008774 0.004050 0.000248 0.073989 0.008320 2.031022
0.895267 0.009365 0.008756 0.004048 0.000245 0.073995 0.008325 2.031947
0.895336 0.009394 0.008755 0.004036 0.000248 0.073904 0.008326 2.032834
0.895316 0.009407 0.008798 0.004032 0.000250 0.073868 0.008329 2.033760
0.895337 0.009415 0.008756 0.004049 0.000250 0.073860 0.008333 2.034671
0.895356 0.009433 0.008762 0.004050 0.000256 0.073807 0.008336 2.035570
0.895318 0.009479 0.008746 0.004061 0.000258 0.073797 0.008339 2.036485
0.895278 0.009490 0.008748 0.004067 0.000256 0.073819 0.008342 2.037419
0.895315 0.009471 0.008780 0.004059 0.000255 0.073775 0.008344 2.038336
0.895308 0.009454 0.008799 0.004060 0.000261 0.073771 0.008347 2.039259
0.895341 0.009432 0.008814 0.004051 0.000261 0.073751 0.008350 2.040179
0.895347 0.009425 0.008823 0.004054 0.000255 0.073741 0.008354 2.041111
0.895354 0.009435 0.008845 0.004061 0.000255 0.073691 0.008359 2.042023
0.895366 0.009403 0.008868 0.004060 0.000257 0.073685 0.008361 2.042965
0.895373 0.009327 0.008920 0.004072 0.000256 0.073685 0.008367 2.043953
0.895432 0.009278 0.008877 0.004117 0.000256 0.073670 0.008369 2.044897
0.895412 0.009326 0.008882 0.004111 0.000256 0.073640 0.008372 2.045815
0.895441 0.009328 0.008843 0.004113 0.000256 0.073643 0.008376 2.046728
0.895467 0.009321 0.008856 0.004090 0.000256 0.073629 0.008381 2.047652
0.895484 0.009293 0.008869 0.004084 0.000254 0.073636 0.008382 2.048581
0.895490 0.009328 0.008864 0.004043 0.000254 0.073633 0.008388 2.049476
0.895470 0.009310 0.008876 0.004006 0.000254 0.073695 0.008389 2.050402
0.895497 0.009342 0.008854 0.004008 0.000249 0.073657 0.008393 2.051283
0.895444 0.009378 0.008844 0.004008 0.000250 0.073681 0.008396 2.052174
0.895493 0.009367 0.008794 0.004007 0.000250 0.073693 0.008397 2.053055
0.895530 0.009382 0.008769 0.004035 0.000255 0.073630 0.008399 2.053948
0.895529 0.009383 0.008786 0.004016 0.000249 0.073632 0.008404 2.054876
0.895552 0.009338 0.008805 0.004024 0.000253 0.073622 0.008406 2.055827
0.895506 0.009379 0.008783 0.004039 0.000254 0.073629 0.008409 2.056747
0.895500 0.009376 0.008799 0.004039 0.000256 0.073620 0.008411 2.057670
0.895459 0.009405 0.008797 0.004054 0.000259 0.073613 0.008413 2.058597
0.895428 0.009442 0.008841 0.004044 0.000259 0.073570 0.008416 2.059524
0.895445 0.009436 0.008831 0.004064 0.000258 0.073548 0.008419 2.060443
0.895471 0.009437 0.008814 0.004079 0.000254 0.073522 0.008423 2.061349
0.895448 0.009470 0.008808 0.004077 0.000253 0.073520 0.008425 2.062273
0.895469 0.009467 0.008801 0.004078 0.000252 0.073507 0.008427 2.063191
0.895469 0.009475 0.008793 0.004091 0.000247 0.073498 0.008428 2.064106
0.895546 0.009451 0.008781 0.004101 0.000246 0.073445 0.008431 2.065019
0.895491 0.009506 0.008780 0.004088 0.000244 0.073458 0.008434 2.065910
0.895510 0.009487 0.008810 0.004095 0.000244 0.073419 0.008435 2.066846
0.895481 0.009497 0.008850 0.004098 0.000246 0.073392 0.008437 2.067763
0.895473 0.009487 0.008883 0.004106 0.000240 0.073372 0.008439 2.068704
0.895450 0.009499 0.008870 0.004108 0.000242 0.073391 0.008441 2.069618
0.895453 0.009483 0.008871 0.004124 0.000241 0.073382 0.008447 2.070574
0.895430 0.009498 0.008889 0.004134 0.000244 0.073356 0.008449 2.071513
0.895448 0.009501 0.008848 0.004142 0.000246 0.073363 0.008452 2.072429
0.895386 0.009502 0.008835 0.004135 0.000245 0.073443 0.008455 2.073351
