0.368823 0.062732 0.054700 0.031383 0.001989 0.474668 0.005704 1.551082
0.369204 0.062178 0.054688 0.031298 0.001993 0.474904 0.005735 1.557174
0.369981 0.061287 0.054725 0.031176 0.001995 0.475074 0.005762 1.563245
0.370875 0.060352 0.054807 0.031058 0.001990 0.475131 0.005786 1.569263
0.371818 0.059554 0.054732 0.030861 0.002006 0.475219 0.005811 1.575097
0.372919 0.058690 0.054502 0.030715 0.002002 0.475339 0.005834 1.580850
0.373941 0.057778 0.054291 0.030571 0.002011 0.475548 0.005861 1.586606
0.375023 0.056948 0.054034 0.030265 0.001997 0.475840 0.005892 1.592205
0.376401 0.055973 0.053707 0.030120 0.001990 0.475894 0.005914 1.597794
0.377790 0.055069 0.053418 0.029846 0.001994 0.475942 0.005940 1.603251
0.379113 0.054347 0.053022 0.029688 0.001986 0.475878 0.005967 1.608617
0.380464 0.053675 0.052609 0.029414 0.001989 0.475857 0.005992 1.613844
0.381892 0.053169 0.052253 0.029105 0.001992 0.475574 0.006015 1.618948
0.383292 0.052533 0.051919 0.028848 0.001990 0.475378 0.006040 1.624139
0.384664 0.051882 0.051582 0.028644 0.001987 0.475173 0.006068 1.629256
0.386149 0.051377 0.051115 0.028345 0.001989 0.474931 0.006093 1.634247
0.387722 0.050751 0.050743 0.028184 0.001974 0.474508 0.006119 1.639262
0.389143 0.050290 0.050321 0.027921 0.001978 0.474205 0.006143 1.644164
0.390598 0.049851 0.049984 0.027734 0.001974 0.473689 0.006171 1.649087
0.391965 0.049386 0.049595 0.027520 0.001959 0.473376 0.006199 1.654047
0.393465 0.048921 0.049044 0.027257 0.001959 0.473133 0.006221 1.658836
0.395007 0.048587 0.048666 0.027014 0.001941 0.472535 0.006250 1.663573
0.396417 0.048470 0.048187 0.026788 0.001946 0.471916 0.006276 1.668198
0.397839 0.048195 0.047749 0.026610 0.001936 0.471371 0.006302 1.672910
0.399377 0.048020 0.047280 0.026379 0.001937 0.470684 0.006324 1.677614
0.400652 0.047857 0.047010 0.026126 0.001937 0.470077 0.006342 1.682300
0.401998 0.047669 0.046701 0.025903 0.001932 0.469431 0.006367 1.686978
0.403447 0.047453 0.046473 0.025612 0.001922 0.468703 0.006391 1.691677
0.404863 0.047206 0.046226 0.025493 0.001906 0.467888 0.006418 1.696338
0.406412 0.046899 0.045931 0.025306 0.001904 0.467108 0.006440 1.700976
0.407755 0.046688 0.045681 0.025171 0.001905 0.466335 0.006466 1.705646
0.409113 0.046520 0.045369 0.024971 0.001885 0.465654 0.006489 1.710207
0.410631 0.046305 0.045062 0.024899 0.001872 0.464719 0.006513 1.714753
0.411934 0.046215 0.044705 0.024805 0.001866 0.463941 0.006535 1.719269
0.413311 0.046166 0.044439 0.024555 0.001860 0.463113 0.006556 1.723712
0.414640 0.046167 0.044144 0.024345 0.001848 0.462282 0.006574 1.728175
0.415970 0.046173 0.043841 0.024183 0.001831 0.461411 0.006593 1.732677
0.417341 0.046118 0.043580 0.024056 0.001827 0.460462 0.006617 1.737169
0.418664 0.045893 0.043438 0.023945 0.001822 0.459603 0.006635 1.741787
0.420016 0.045839 0.043201 0.023844 0.001812 0.458637 0.006651 1.746225
0.421349 0.045686 0.043067 0.023694 0.001805 0.457728 0.006673 1.750743
0.422698 0.045568 0.042887 0.023616 0.001792 0.456742 0.006698 1.755252
0.424019 0.045456 0.042656 0.023592 0.001770 0.455789 0.006717 1.759760
0.425307 0.045398 0.042557 0.023471 0.001760 0.454763 0.006744 1.764245
0.426587 0.045395 0.042368 0.023316 0.001754 0.453818 0.006763 1.768665
0.427835 0.045416 0.042215 0.023268 0.001755 0.452727 0.006785 1.773115
0.429112 0.045382 0.042056 0.023170 0.001754 0.451715 0.006812 1.777549
0.430472 0.045282 0.041976 0.023108 0.001745 0.450591 0.006828 1.782009
0.431568 0.045287 0.041814 0.023061 0.001735 0.449687 0.006847 1.786439
0.432764 0.045252 0.041668 0.023023 0.001732 0.448694 0.006867 1.790919
0.434029 0.045283 0.041517 0.022957 0.001720 0.447605 0.006889 1.795354
0.435136 0.045264 0.041356 0.022933 0.001709 0.446695 0.006908 1.799832
0.436341 0.045297 0.041297 0.022890 0.001698 0.445546 0.006932 1.804277
0.437400 0.045351 0.041225 0.022798 0.001682 0.444592 0.006951 1.808689
0.438456 0.045355 0.041172 0.022751 0.001664 0.443626 0.006975 1.813133
0.439480 0.045432 0.041088 0.022694 0.001654 0.442661 0.006992 1.817545
0.440442 0.045519 0.040983 0.022687 0.001647 0.441710 0.007012 1.821950
0.441405 0.045693 0.040884 0.022636 0.001628 0.440717 0.007037 1.826319
0.442461 0.045763 0.040857 0.022626 0.001619 0.439615 0.007059 1.830803
0.443445 0.045739 0.040861 0.022651 0.001600 0.438621 0.007084 1.835333
0.444356 0.045926 0.040753 0.022606 0.001590 0.437662 0.007108 1.839742
0.445346 0.045976 0.040747 0.022599 0.001584 0.436624 0.007125 1.844219
0.446233 0.046078 0.040758 0.022546 0.001571 0.435668 0.007146 1.848690
0.447150 0.046049 0.040805 0.022518 0.001558 0.434752 0.007168 1.853242
0.447988 0.046008 0.040805 0.022494 0.001561 0.433956 0.007187 1.857791
0.448795 0.046124 0.040816 0.022470 0.001542 0.433044 0.007210 1.862278
0.449687 0.046204 0.040742 0.022546 0.001527 0.432063 0.007230 1.866757
0.450613 0.046187 0.040714 0.022560 0.001518 0.431162 0.007247 1.871266
0.451408 0.046328 0.040706 0.022549 0.001521 0.430224 0.007265 1.875760
0.452179 0.046444 0.040689 0.022554 0.001517 0.429329 0.007288 1.880244
0.452977 0.046486 0.040794 0.022576 0.001515 0.428344 0.007307 1.884826
0.453696 0.046510 0.040831 0.022651 0.001513 0.427476 0.007322 1.889439
0.454490 0.046548 0.040863 0.022624 0.001508 0.426625 0.007341 1.893999
0.455144 0.046633 0.040830 0.022638 0.001514 0.425888 0.007353 1.898531
0.455837 0.046632 0.040861 0.022593 0.001515 0.425189 0.007373 1.903113
0.456640 0.046611 0.040924 0.022592 0.001507 0.424329 0.007397 1.907717
0.457304 0.046746 0.040968 0.022542 0.001519 0.423510 0.007411 1.912264
0.457822 0.046831 0.041108 0.022550 0.001523 0.422740 0.007426 1.916934
0.458449 0.046897 0.041114 0.022645 0.001516 0.421938 0.007442 1.921545
0.459075 0.046862 0.041118 0.022674 0.001510 0.421304 0.007457 1.926176
0.459537 0.047066 0.041118 0.022700 0.001510 0.420587 0.007482 1.930726
0.460066 0.047172 0.041237 0.022768 0.001506 0.419749 0.007502 1.935314
0.460622 0.047272 0.041283 0.022806 0.001499 0.419000 0.007518 1.939976
0.461174 0.047373 0.041337 0.022811 0.001484 0.418286 0.007535 1.944579
0.461683 0.047373 0.041382 0.022852 0.001479 0.417675 0.007557 1.949255
0.462084 0.047587 0.041333 0.022854 0.001475 0.417083 0.007585 1.953864
0.462469 0.047709 0.041358 0.022853 0.001478 0.416529 0.007604 1.958489
0.462875 0.047786 0.041400 0.022852 0.001475 0.415991 0.007621 1.963147
0.463338 0.047886 0.041324 0.022922 0.001484 0.415404 0.007642 1.967767
0.463880 0.047932 0.041436 0.022909 0.001478 0.414704 0.007660 1.972481
0.464297 0.047955 0.041482 0.022971 0.001474 0.414139 0.007682 1.977235
0.464662 0.048027 0.041624 0.023001 0.001470 0.413514 0.007700 1.981928
0.464943 0.048162 0.041681 0.023023 0.001469 0.413002 0.007719 1.986642
0.465314 0.048164 0.041841 0.023072 0.001474 0.412400 0.007734 1.991416
0.465802 0.048187 0.041920 0.023064 0.001459 0.411811 0.007757 1.996148
0.466094 0.048288 0.041979 0.023065 0.001459 0.411340 0.007774 2.000866
0.466391 0.048370 0.042058 0.023091 0.001467 0.410832 0.007792 2.005573
0.466768 0.048442 0.042086 0.023125 0.001472 0.410293 0.007814 2.010274
0.467010 0.048501 0.042155 0.023135 0.001461 0.409906 0.007832 2.015019
0.467336 0.048587 0.042168 0.023111 0.001471 0.409477 0.007851 2.019732
0.467605 0.048667 0.042219 0.023100 0.001470 0.409071 0.007868 2.024463
0.467946 0.048727 0.042282 0.023109 0.001467 0.408582 0.007888 2.029200
0.468250 0.048809 0.042313 0.023080 0.001466 0.408174 0.007908 2.033945
0.468458 0.048910 0.042436 0.023135 0.001470 0.407666 0.007927 2.038736
0.468602 0.048977 0.042485 0.023212 0.001456 0.407317 0.007951 2.043529
0.469031 0.048997 0.042541 0.023277 0.001455 0.406730 0.007971 2.048314
0.469368 0.048952 0.042666 0.023375 0.001443 0.406200 0.007996 2.053138
0.469713 0.048938 0.042693 0.023430 0.001442 0.405775 0.008010 2.057931
0.469951 0.048961 0.042737 0.023509 0.001437 0.405380 0.008025 2.062737
0.470096 0.049068 0.042806 0.023450 0.001454 0.405089 0.008038 2.067527
0.470252 0.049154 0.042830 0.023444 0.001454 0.404814 0.008051 2.072300
0.470548 0.049120 0.042880 0.023420 0.001444 0.404518 0.008071 2.077069
0.470719 0.049107 0.043003 0.023430 0.001447 0.404205 0.008090 2.081945
0.470921 0.049103 0.042998 0.023504 0.001450 0.403910 0.008115 2.086749
0.471173 0.049156 0.043019 0.023532 0.001444 0.403541 0.008135 2.091567
0.471325 0.049142 0.043027 0.023573 0.001444 0.403337 0.008153 2.096423
0.471550 0.049143 0.043034 0.023541 0.001452 0.403112 0.008168 2.101227
0.471757 0.049175 0.043074 0.023583 0.001460 0.402768 0.008184 2.105986
0.472111 0.049112 0.043123 0.023646 0.001459 0.402343 0.008207 2.110793
0.472284 0.049192 0.043159 0.023658 0.001456 0.402024 0.008228 2.115554
0.472405 0.049166 0.043196 0.023662 0.001459 0.401865 0.008246 2.120398
0.472482 0.049218 0.043172 0.023694 0.001471 0.401702 0.008261 2.125206
0.472654 0.049215 0.043214 0.023738 0.001469 0.401431 0.008280 2.130025
0.472794 0.049231 0.043200 0.023834 0.001476 0.401171 0.008294 2.134894
0.472918 0.049170 0.043359 0.023818 0.001466 0.400951 0.008320 2.139774
0.473153 0.049139 0.043376 0.023840 0.001469 0.400686 0.008337 2.144575
0.473291 0.049169 0.043357 0.023857 0.001480 0.400496 0.008350 2.149423
0.473500 0.049061 0.043372 0.023946 0.001478 0.400275 0.008368 2.154309
0.473730 0.049050 0.043399 0.023947 0.001483 0.400005 0.008386 2.159127
0.473843 0.049128 0.043362 0.023959 0.001478 0.399821 0.008410 2.163915
0.474036 0.049055 0.043391 0.024026 0.001485 0.399582 0.008426 2.168782
0.474167 0.049108 0.043472 0.024010 0.001476 0.399326 0.008440 2.173583
0.474337 0.049097 0.043395 0.024046 0.001474 0.399188 0.008463 2.178408
0.474493 0.049158 0.043318 0.024025 0.001481 0.399044 0.008481 2.183178
0.474702 0.049071 0.043360 0.024028 0.001493 0.398854 0.008493 2.188065
0.474867 0.048995 0.043361 0.024017 0.001494 0.398756 0.008510 2.192871
0.475013 0.048993 0.043361 0.024004 0.001492 0.398604 0.008533 2.197714
0.475201 0.049020 0.043333 0.023976 0.001482 0.398438 0.008550 2.202461
0.475406 0.048987 0.043238 0.023963 0.001487 0.398355 0.008563 2.207237
0.475562 0.048913 0.043242 0.023932 0.001490 0.398283 0.008578 2.212064
0.475695 0.048967 0.043196 0.023917 0.001488 0.398133 0.008604 2.216792
0.475896 0.048963 0.043243 0.023903 0.001479 0.397895 0.008622 2.221610
0.476090 0.048926 0.043240 0.023948 0.001474 0.397683 0.008640 2.226441
0.476374 0.048892 0.043202 0.023959 0.001477 0.397438 0.008659 2.231228
0.476400 0.048858 0.043221 0.023951 0.001484 0.397407 0.008679 2.236076
0.476533 0.048890 0.043182 0.023935 0.001483 0.397282 0.008696 2.240803
0.476745 0.048945 0.043175 0.023889 0.001495 0.397035 0.008716 2.245534
0.476854 0.049016 0.043144 0.023902 0.001503 0.396845 0.008737 2.250307
0.476971 0.048988 0.043106 0.023922 0.001506 0.396753 0.008755 2.255120
0.477111 0.048996 0.043114 0.023952 0.001505 0.396549 0.008772 2.259933
0.477293 0.048955 0.043156 0.023926 0.001494 0.396381 0.008795 2.264748
0.477504 0.048943 0.043136 0.024022 0.001492 0.396091 0.008813 2.269533
0.477632 0.048914 0.043115 0.024029 0.001492 0.395989 0.008830 2.274284
0.477785 0.048953 0.043064 0.024015 0.001489 0.395847 0.008848 2.279004
0.478005 0.048972 0.043053 0.024038 0.001497 0.395567 0.008868 2.283748
0.478269 0.048915 0.042955 0.024078 0.001494 0.395401 0.008889 2.288490
0.478509 0.048855 0.043009 0.024035 0.001500 0.395183 0.008910 2.293338
0.478627 0.048886 0.042945 0.024055 0.001492 0.395066 0.008929 2.298083
0.478828 0.048860 0.042973 0.024002 0.001489 0.394904 0.008944 2.302842
0.479036 0.048695 0.042964 0.024006 0.001501 0.394840 0.008959 2.307675
0.479217 0.048662 0.042904 0.023986 0.001502 0.394755 0.008975 2.312421
0.479344 0.048624 0.042950 0.023937 0.001498 0.394653 0.008993 2.317177
0.479617 0.048518 0.042941 0.023916 0.001493 0.394499 0.009015 2.321970
0.479726 0.048452 0.042986 0.023927 0.001477 0.394401 0.009031 2.326798
0.479873 0.048444 0.043022 0.023859 0.001485 0.394270 0.009049 2.331549
0.479910 0.048523 0.042927 0.023836 0.001488 0.394247 0.009068 2.336206
0.480178 0.048416 0.042881 0.023866 0.001488 0.394081 0.009090 2.340976
0.480395 0.048435 0.042854 0.023756 0.001479 0.393971 0.009110 2.345670
0.480580 0.048351 0.042851 0.023751 0.001476 0.393858 0.009134 2.350437
0.480734 0.048438 0.042775 0.023711 0.001464 0.393725 0.009153 2.355106
0.480949 0.048475 0.042774 0.023675 0.001471 0.393488 0.009168 2.359789
0.481071 0.048409 0.042776 0.023660 0.001471 0.393428 0.009184 2.364551
0.481261 0.048340 0.042797 0.023695 0.001478 0.393230 0.009200 2.369340
0.481515 0.048283 0.042739 0.023667 0.001478 0.393104 0.009215 2.374060
0.481811 0.048197 0.042837 0.023589 0.001487 0.392845 0.009235 2.378838
0.481965 0.048136 0.042902 0.023548 0.001487 0.392707 0.009255 2.383571
0.482209 0.048113 0.042801 0.023554 0.001485 0.392559 0.009279 2.388281
0.482388 0.048065 0.042764 0.023579 0.001475 0.392429 0.009301 2.393036
0.482615 0.048023 0.042688 0.023584 0.001474 0.392296 0.009320 2.397715
0.482814 0.047965 0.042771 0.023578 0.001479 0.392055 0.009338 2.402508
0.483028 0.048011 0.042746 0.023580 0.001458 0.391811 0.009367 2.407215
0.483285 0.048070 0.042717 0.023533 0.001459 0.391551 0.009385 2.411814
0.483536 0.048005 0.042798 0.023516 0.001471 0.391271 0.009404 2.416552
0.483692 0.047979 0.042836 0.023537 0.001476 0.391060 0.009422 2.421302
0.483845 0.048100 0.042753 0.023523 0.001463 0.390873 0.009443 2.425937
0.484018 0.048074 0.042707 0.023542 0.001476 0.390720 0.009463 2.430635
0.484133 0.048221 0.042672 0.023560 0.001474 0.390461 0.009479 2.435256
0.484308 0.048217 0.042712 0.023492 0.001472 0.390308 0.009493 2.439953
0.484546 0.048173 0.042654 0.023535 0.001472 0.390105 0.009514 2.444687
0.484607 0.048062 0.042714 0.023529 0.001479 0.390080 0.009530 2.449510
0.484638 0.048105 0.042717 0.023494 0.001471 0.390031 0.009545 2.454217
0.484680 0.048086 0.042703 0.023542 0.001462 0.389963 0.009565 2.458979
0.484830 0.047979 0.042704 0.023511 0.001471 0.389921 0.009585 2.463734
0.485080 0.048034 0.042723 0.023499 0.001469 0.389594 0.009601 2.468352
0.485309 0.047959 0.042722 0.023505 0.001464 0.389423 0.009619 2.473109
0.485309 0.047993 0.042693 0.023480 0.001456 0.389428 0.009641 2.477856
0.485494 0.047918 0.042773 0.023469 0.001455 0.389232 0.009661 2.482602
0.485687 0.047948 0.042762 0.023467 0.001457 0.388993 0.009685 2.487289
0.485861 0.047887 0.042719 0.023532 0.001456 0.388845 0.009700 2.491997
0.486014 0.047807 0.042789 0.023522 0.001451 0.388694 0.009722 2.496770
0.486105 0.047886 0.042741 0.023471 0.001458 0.388600 0.009738 2.501454
0.486352 0.047723 0.042815 0.023514 0.001450 0.388387 0.009760 2.506242
0.486441 0.047780 0.042700 0.023494 0.001430 0.388377 0.009777 2.510900
0.486516 0.047815 0.042686 0.023465 0.001438 0.388288 0.009792 2.515631
0.486701 0.047925 0.042617 0.023432 0.001439 0.388076 0.009811 2.520232
0.486911 0.047955 0.042536 0.023351 0.001435 0.387980 0.009833 2.524909
0.487140 0.047979 0.042577 0.023362 0.001448 0.387648 0.009847 2.529586
0.487185 0.048041 0.042627 0.023365 0.001456 0.387457 0.009868 2.534293
0.487321 0.047982 0.042528 0.023386 0.001451 0.387446 0.009886 2.538966
0.487411 0.048040 0.042498 0.023442 0.001455 0.387245 0.009910 2.543672
0.487471 0.048005 0.042554 0.023441 0.001442 0.387160 0.009928 2.548403
0.487544 0.048022 0.042554 0.023457 0.001442 0.387032 0.009948 2.553151
0.487759 0.047981 0.042483 0.023460 0.001441 0.386908 0.009966 2.557846
0.487900 0.047910 0.042509 0.023502 0.001456 0.386743 0.009981 2.562555
0.487869 0.047991 0.042481 0.023513 0.001457 0.386696 0.009994 2.567249
0.488020 0.048025 0.042458 0.023488 0.001445 0.386551 0.010013 2.571938
0.488005 0.048025 0.042474 0.023498 0.001445 0.386522 0.010031 2.576699
0.488135 0.048048 0.042482 0.023462 0.001450 0.386374 0.010049 2.581412
0.488323 0.047970 0.042440 0.023490 0.001445 0.386267 0.010065 2.586139
0.488444 0.048014 0.042398 0.023482 0.001439 0.386138 0.010085 2.590848
0.488517 0.048086 0.042335 0.023451 0.001450 0.386063 0.010100 2.595553
0.488672 0.048059 0.042330 0.023418 0.001457 0.385945 0.010120 2.600283
0.488770 0.048133 0.042286 0.023389 0.001459 0.385826 0.010138 2.604949
0.488819 0.048198 0.042307 0.023437 0.001463 0.385621 0.010155 2.609643
0.488846 0.048173 0.042388 0.023494 0.001462 0.385461 0.010176 2.614452
0.488979 0.048190 0.042324 0.023491 0.001467 0.385353 0.010195 2.619174
0.489058 0.048163 0.042309 0.023480 0.001462 0.385311 0.010216 2.623918
0.489156 0.048170 0.042352 0.023452 0.001466 0.385175 0.010230 2.628619
0.489185 0.048157 0.042429 0.023473 0.001466 0.385042 0.010248 2.633347
0.489320 0.048206 0.042416 0.023428 0.001463 0.384898 0.010269 2.638005
0.489439 0.048143 0.042289 0.023460 0.001448 0.384932 0.010288 2.642749
0.489426 0.048114 0.042337 0.023472 0.001440 0.384899 0.010312 2.647503
0.489481 0.048203 0.042258 0.023459 0.001440 0.384828 0.010330 2.652166
0.489578 0.048220 0.042264 0.023449 0.001440 0.384701 0.010348 2.656873
0.489634 0.048241 0.042338 0.023334 0.001440 0.384651 0.010363 2.661534
0.489754 0.048336 0.042326 0.023240 0.001440 0.384525 0.010378 2.666163
0.489941 0.048342 0.042325 0.023213 0.001444 0.384337 0.010398 2.670802
0.490051 0.048273 0.042300 0.023263 0.001445 0.384253 0.010416 2.675561
0.489993 0.048393 0.042290 0.023273 0.001448 0.384171 0.010432 2.680247
0.490034 0.048384 0.042341 0.023295 0.001452 0.384040 0.010455 2.684980
0.490053 0.048338 0.042416 0.023376 0.001450 0.383892 0.010474 2.689783
0.490098 0.048334 0.042524 0.023371 0.001447 0.383734 0.010493 2.694537
0.490176 0.048337 0.042562 0.023357 0.001433 0.383622 0.010513 2.699311
0.490269 0.048435 0.042492 0.023377 0.001435 0.383465 0.010528 2.703978
0.490236 0.048431 0.042653 0.023348 0.001438 0.383345 0.010549 2.708759
0.490280 0.048494 0.042595 0.023347 0.001441 0.383273 0.010570 2.713495
0.490277 0.048510 0.042602 0.023379 0.001455 0.383191 0.010586 2.718259
0.490267 0.048600 0.042653 0.023394 0.001458 0.383025 0.010603 2.722978
0.490179 0.048671 0.042658 0.023437 0.001463 0.382971 0.010620 2.727741
0.490158 0.048674 0.042655 0.023447 0.001463 0.382970 0.010634 2.732481
0.490107 0.048665 0.042713 0.023521 0.001465 0.382876 0.010654 2.737329
0.490144 0.048677 0.042867 0.023508 0.001462 0.382669 0.010674 2.742121
0.490032 0.048732 0.042829 0.023516 0.001461 0.382739 0.010693 2.746941
0.490046 0.048770 0.042735 0.023505 0.001448 0.382782 0.010712 2.751602
0.489974 0.048815 0.042808 0.023476 0.001437 0.382757 0.010734 2.756389
0.490013 0.048858 0.042812 0.023527 0.001440 0.382593 0.010757 2.761168
0.490008 0.048816 0.042824 0.023522 0.001434 0.382620 0.010777 2.765953
0.490055 0.048749 0.042890 0.023532 0.001438 0.382544 0.010793 2.770804
0.489986 0.048715 0.042917 0.023545 0.001443 0.382586 0.010808 2.775645
0.489895 0.048837 0.042869 0.023548 0.001439 0.382583 0.010830 2.780352
0.489973 0.048743 0.042862 0.023567 0.001429 0.382571 0.010855 2.785149
0.489974 0.048792 0.042879 0.023537 0.001422 0.382519 0.010877 2.789888
0.489925 0.048824 0.042982 0.023564 0.001422 0.382388 0.010896 2.794670
0.489911 0.048907 0.042923 0.023623 0.001431 0.382292 0.010913 2.799413
0.489784 0.049011 0.042926 0.023599 0.001430 0.382322 0.010929 2.804148
0.489789 0.049058 0.042938 0.023628 0.001427 0.382214 0.010946 2.808946
0.489795 0.049057 0.042930 0.023631 0.001429 0.382196 0.010962 2.813726
0.489764 0.049083 0.042952 0.023661 0.001442 0.382118 0.010980 2.818516
0.489686 0.049159 0.042943 0.023737 0.001443 0.382035 0.010996 2.823273
0.489607 0.049182 0.042979 0.023723 0.001450 0.382046 0.011014 2.828097
0.489506 0.049172 0.043055 0.023738 0.001456 0.382043 0.011030 2.832948
0.489463 0.049168 0.043115 0.023735 0.001447 0.382026 0.011048 2.837759
0.489310 0.049190 0.043105 0.023739 0.001447 0.382145 0.011066 2.842584
0.489417 0.049171 0.043145 0.023780 0.001452 0.381952 0.011084 2.847366
0.489333 0.049138 0.043171 0.023851 0.001454 0.381951 0.011102 2.852210
0.489352 0.049038 0.043162 0.023864 0.001457 0.382004 0.011124 2.857048
0.489312 0.048986 0.043194 0.023889 0.001460 0.382015 0.011144 2.861897
0.489221 0.048978 0.043222 0.023926 0.001463 0.382031 0.011160 2.866725
0.489216 0.048956 0.043262 0.023927 0.001453 0.382005 0.011181 2.871536
0.489191 0.048843 0.043343 0.023935 0.001464 0.382027 0.011197 2.876437
0.489096 0.048924 0.043253 0.023980 0.001470 0.382064 0.011214 2.881190
0.488984 0.049029 0.043193 0.023964 0.001469 0.382128 0.011233 2.885923
0.488953 0.048986 0.043158 0.023990 0.001469 0.382189 0.011255 2.890726
0.488880 0.048993 0.043221 0.023918 0.001468 0.382245 0.011273 2.895544
0.488753 0.049031 0.043223 0.023924 0.001455 0.382322 0.011292 2.900375
0.488759 0.048947 0.043195 0.023958 0.001465 0.382373 0.011302 2.905193
0.488800 0.048862 0.043186 0.023964 0.001468 0.382398 0.011322 2.909984
0.488866 0.048785 0.043258 0.023962 0.001481 0.382310 0.011337 2.914834
0.488869 0.048783 0.043211 0.023941 0.001483 0.382361 0.011353 2.919562
0.488860 0.048759 0.043163 0.023952 0.001490 0.382410 0.011367 2.924327
0.488923 0.048750 0.043108 0.023925 0.001493 0.382419 0.011383 2.929033
0.488913 0.048735 0.043197 0.023952 0.001499 0.382298 0.011405 2.933853
0.488858 0.048844 0.043089 0.024014 0.001504 0.382274 0.011419 2.938560
0.489016 0.048871 0.043095 0.023965 0.001500 0.382111 0.011441 2.943268
0.488954 0.048818 0.043224 0.023961 0.001501 0.382086 0.011456 2.948113
0.488924 0.048858 0.043157 0.023979 0.001497 0.382113 0.011471 2.952839
0.488960 0.048751 0.043224 0.023875 0.001492 0.382210 0.011488 2.957630
0.488905 0.048702 0.043238 0.023852 0.001487 0.382305 0.011510 2.962404
0.489016 0.048570 0.043318 0.023856 0.001493 0.382222 0.011524 2.967243
0.489184 0.048458 0.043284 0.023862 0.001491 0.382180 0.011541 2.972033
0.489132 0.048417 0.043345 0.023826 0.001488 0.382231 0.011562 2.976814
0.489278 0.048415 0.043251 0.023828 0.001485 0.382162 0.011581 2.981476
0.489507 0.048397 0.043076 0.023846 0.001491 0.382085 0.011597 2.986159
0.489406 0.048375 0.043054 0.023858 0.001506 0.382180 0.011620 2.990962
0.489378 0.048317 0.043005 0.023903 0.001510 0.382251 0.011636 2.995717
0.489471 0.048314 0.042971 0.023862 0.001513 0.382214 0.011654 3.000399
0.489594 0.048236 0.042924 0.023885 0.001513 0.382171 0.011678 3.005159
0.489670 0.048250 0.042960 0.023822 0.001502 0.382097 0.011699 3.009873
0.489627 0.048291 0.042905 0.023773 0.001506 0.382181 0.011718 3.014556
0.489857 0.048149 0.042978 0.023739 0.001507 0.382033 0.011737 3.019312
0.489946 0.048140 0.042955 0.023720 0.001496 0.381984 0.011760 3.024047
0.490119 0.048087 0.042896 0.023729 0.001494 0.381902 0.011774 3.028739
0.490203 0.048097 0.042809 0.023730 0.001486 0.381884 0.011792 3.033448
0.490335 0.048057 0.042810 0.023676 0.001485 0.381829 0.011808 3.038159
0.490324 0.048112 0.042750 0.023633 0.001472 0.381881 0.011829 3.042841
0.490240 0.048136 0.042741 0.023617 0.001475 0.381945 0.011845 3.047554
0.490261 0.048189 0.042749 0.023567 0.001470 0.381903 0.011861 3.052241
0.490286 0.048165 0.042802 0.023613 0.001473 0.381780 0.011883 3.056975
0.490324 0.048052 0.042841 0.023597 0.001476 0.381810 0.011901 3.061751
0.490408 0.048059 0.042804 0.023613 0.001479 0.381719 0.011917 3.066444
0.490477 0.048070 0.042803 0.023587 0.001475 0.381646 0.011944 3.071148
0.490506 0.048103 0.042815 0.023514 0.001479 0.381623 0.011960 3.075823
0.490520 0.048089 0.042851 0.023581 0.001486 0.381493 0.011980 3.080589
0.490475 0.048239 0.042808 0.023575 0.001474 0.381431 0.011999 3.085253
0.490425 0.048335 0.042810 0.023578 0.001463 0.381363 0.012027 3.089958
0.490458 0.048338 0.042818 0.023560 0.001459 0.381318 0.012050 3.094677
0.490471 0.048289 0.042888 0.023574 0.001458 0.381247 0.012073 3.099436
0.490478 0.048436 0.042788 0.023448 0.001458 0.381302 0.012090 3.104045
0.490521 0.048383 0.042764 0.023438 0.001453 0.381333 0.012109 3.108789
0.490535 0.048372 0.042745 0.023466 0.001451 0.381304 0.012127 3.113485
0.490682 0.048303 0.042752 0.023519 0.001449 0.381148 0.012147 3.118268
0.490599 0.048380 0.042691 0.023594 0.001452 0.381118 0.012166 3.123006
0.490640 0.048386 0.042667 0.023593 0.001445 0.381079 0.012189 3.127737
0.490664 0.048326 0.042684 0.023620 0.001447 0.381055 0.012203 3.132533
0.490856 0.048219 0.042655 0.023556 0.001457 0.381032 0.012224 3.137258
0.490850 0.048250 0.042717 0.023599 0.001462 0.380879 0.012242 3.141998
0.490939 0.048280 0.042653 0.023588 0.001457 0.380823 0.012260 3.146682
0.490915 0.048144 0.042702 0.023615 0.001453 0.380891 0.012280 3.151489
0.491045 0.048088 0.042713 0.023616 0.001445 0.380787 0.012307 3.156255
0.491079 0.048245 0.042684 0.023532 0.001449 0.380683 0.012328 3.160862
0.491141 0.048325 0.042587 0.023579 0.001453 0.380570 0.012346 3.165540
0.491154 0.048326 0.042545 0.023560 0.001451 0.380604 0.012361 3.170236
0.491295 0.048199 0.042598 0.023515 0.001462 0.380555 0.012377 3.175010
0.491410 0.048153 0.042629 0.023497 0.001472 0.380450 0.012391 3.179731
0.491483 0.048198 0.042686 0.023508 0.001468 0.380245 0.012412 3.184441
0.491395 0.048286 0.042630 0.023489 0.001463 0.380305 0.012433 3.189094
0.491426 0.048300 0.042614 0.023470 0.001455 0.380284 0.012452 3.193824
0.491358 0.048316 0.042592 0.023436 0.001453 0.380371 0.012474 3.198534
0.491414 0.048320 0.042608 0.023407 0.001457 0.380306 0.012488 3.203270
0.491484 0.048296 0.042676 0.023400 0.001473 0.380165 0.012507 3.208052
0.491596 0.048114 0.042774 0.023382 0.001481 0.380129 0.012525 3.212878
0.491661 0.048016 0.042807 0.023435 0.001470 0.380065 0.012546 3.217663
0.491650 0.048098 0.042817 0.023442 0.001455 0.379968 0.012568 3.222312
0.491714 0.048105 0.042751 0.023445 0.001435 0.379965 0.012586 3.226996
0.491722 0.048103 0.042755 0.023427 0.001440 0.379947 0.012607 3.231790
0.491768 0.048138 0.042688 0.023402 0.001441 0.379938 0.012625 3.236419
0.491666 0.048227 0.042664 0.023402 0.001439 0.379961 0.012642 3.241097
0.491769 0.048186 0.042694 0.023426 0.001439 0.379830 0.012656 3.245826
0.491745 0.048334 0.042563 0.023443 0.001422 0.379817 0.012677 3.250441
0.491750 0.048305 0.042642 0.023469 0.001426 0.379718 0.012691 3.255196
0.491837 0.048279 0.042619 0.023539 0.001412 0.379605 0.012710 3.259926
0.491950 0.048159 0.042571 0.023566 0.001414 0.379610 0.012728 3.264700
0.491971 0.048118 0.042613 0.023534 0.001416 0.379606 0.012742 3.269442
0.491996 0.048098 0.042598 0.023497 0.001422 0.379633 0.012757 3.274118
0.492025 0.048006 0.042610 0.023487 0.001435 0.379668 0.012769 3.278875
0.492033 0.048046 0.042673 0.023481 0.001434 0.379549 0.012783 3.283591
0.492036 0.048151 0.042678 0.023381 0.001434 0.379516 0.012804 3.288229
0.492044 0.048195 0.042612 0.023406 0.001439 0.379484 0.012820 3.292930
0.491923 0.048217 0.042662 0.023388 0.001439 0.379530 0.012841 3.297649
0.491922 0.048176 0.042659 0.023370 0.001437 0.379576 0.012859 3.302370
0.491878 0.048261 0.042577 0.023362 0.001437 0.379610 0.012877 3.307054
0.491970 0.048378 0.042473 0.023323 0.001440 0.379524 0.012891 3.311644
0.491835 0.048473 0.042476 0.023333 0.001442 0.379535 0.012907 3.316339
0.491756 0.048475 0.042476 0.023351 0.001440 0.379584 0.012919 3.321089
0.491811 0.048446 0.042396 0.023369 0.001437 0.379605 0.012936 3.325797
0.491873 0.048429 0.042394 0.023400 0.001442 0.379511 0.012952 3.330518
0.491873 0.048338 0.042428 0.023464 0.001438 0.379492 0.012968 3.335358
0.491854 0.048440 0.042469 0.023433 0.001431 0.379381 0.012992 3.340070
0.491773 0.048450 0.042538 0.023399 0.001426 0.379400 0.013014 3.344824
0.491746 0.048381 0.042607 0.023390 0.001424 0.379419 0.013032 3.349684
0.491779 0.048370 0.042665 0.023405 0.001428 0.379301 0.013053 3.354454
0.491851 0.048390 0.042614 0.023390 0.001420 0.379265 0.013070 3.359149
0.491794 0.048586 0.042564 0.023418 0.001423 0.379130 0.013086 3.363828
0.491870 0.048476 0.042581 0.023452 0.001420 0.379100 0.013101 3.368584
0.491840 0.048593 0.042512 0.023429 0.001424 0.379083 0.013121 3.373259
0.491916 0.048445 0.042593 0.023410 0.001423 0.379075 0.013138 3.378061
0.492027 0.048340 0.042639 0.023456 0.001428 0.378952 0.013158 3.382854
0.491948 0.048489 0.042514 0.023469 0.001430 0.378975 0.013177 3.387491
0.491856 0.048596 0.042464 0.023460 0.001426 0.379004 0.013194 3.392133
0.491784 0.048722 0.042408 0.023474 0.001421 0.378984 0.013208 3.396833
0.491851 0.048627 0.042443 0.023486 0.001428 0.378943 0.013223 3.401651
0.491840 0.048576 0.042528 0.023467 0.001434 0.378915 0.013240 3.406428
0.491680 0.048670 0.042515 0.023450 0.001431 0.378998 0.013256 3.411150
0.491562 0.048719 0.042536 0.023510 0.001421 0.378973 0.013278 3.415936
0.491523 0.048850 0.042542 0.023484 0.001421 0.378881 0.013299 3.420634
0.491490 0.048792 0.042685 0.023567 0.001420 0.378730 0.013316 3.425493
0.491531 0.048688 0.042646 0.023597 0.001427 0.378775 0.013338 3.430299
0.491671 0.048604 0.042712 0.023517 0.001432 0.378706 0.013359 3.435021
0.491628 0.048559 0.042701 0.023523 0.001415 0.378794 0.013381 3.439827
0.491581 0.048633 0.042632 0.023512 0.001411 0.378832 0.013399 3.444549
0.491498 0.048600 0.042715 0.023527 0.001406 0.378838 0.013417 3.449338
0.491465 0.048634 0.042780 0.023501 0.001418 0.378772 0.013432 3.454115
0.491541 0.048611 0.042715 0.023516 0.001403 0.378765 0.013449 3.458835
0.491583 0.048596 0.042688 0.023503 0.001419 0.378749 0.013463 3.463547
0.491548 0.048637 0.042744 0.023572 0.001419 0.378603 0.013477 3.468334
0.491580 0.048510 0.042760 0.023630 0.001420 0.378612 0.013490 3.473179
0.491552 0.048439 0.042763 0.023644 0.001421 0.378673 0.013508 3.477949
0.491556 0.048358 0.042853 0.023629 0.001412 0.378666 0.013526 3.482706
0.491577 0.048473 0.042726 0.023610 0.001430 0.378646 0.013538 3.487334
0.491553 0.048564 0.042653 0.023623 0.001439 0.378617 0.013551 3.492028
0.491549 0.048598 0.042637 0.023568 0.001443 0.378638 0.013569 3.496740
0.491567 0.048569 0.042681 0.023532 0.001446 0.378619 0.013587 3.501494
0.491453 0.048577 0.042766 0.023484 0.001447 0.378665 0.013609 3.506243
0.491586 0.048469 0.042811 0.023465 0.001446 0.378599 0.013624 3.510978
0.491518 0.048453 0.042822 0.023499 0.001441 0.378628 0.013640 3.515757
0.491590 0.048439 0.042797 0.023413 0.001459 0.378649 0.013653 3.520472
0.491501 0.048456 0.042857 0.023443 0.001461 0.378611 0.013671 3.525227
0.491646 0.048437 0.042847 0.023478 0.001455 0.378445 0.013692 3.529980
0.491622 0.048489 0.042881 0.023471 0.001453 0.378380 0.013705 3.534696
0.491718 0.048509 0.042885 0.023439 0.001457 0.378274 0.013719 3.539401
0.491804 0.048412 0.042887 0.023489 0.001443 0.378230 0.013734 3.544173
0.491812 0.048489 0.042816 0.023494 0.001445 0.378193 0.013751 3.548925
0.491854 0.048413 0.042811 0.023501 0.001453 0.378200 0.013770 3.553727
0.491830 0.048511 0.042814 0.023499 0.001452 0.378107 0.013787 3.558385
0.491750 0.048565 0.042803 0.023464 0.001459 0.378158 0.013801 3.563093
0.491638 0.048583 0.042840 0.023533 0.001467 0.378120 0.013820 3.567893
0.491700 0.048470 0.042810 0.023562 0.001460 0.378159 0.013839 3.572640
0.491730 0.048475 0.042778 0.023584 0.001473 0.378106 0.013855 3.577340
0.491717 0.048519 0.042749 0.023506 0.001464 0.378173 0.013873 3.582060
0.491621 0.048528 0.042715 0.023544 0.001464 0.378238 0.013890 3.586827
0.491581 0.048552 0.042697 0.023586 0.001462 0.378211 0.013912 3.591557
0.491605 0.048579 0.042601 0.023602 0.001465 0.378214 0.013934 3.596246
0.491676 0.048522 0.042643 0.023589 0.001458 0.378164 0.013949 3.600972
0.491556 0.048652 0.042633 0.023599 0.001461 0.378134 0.013966 3.605678
0.491536 0.048639 0.042656 0.023584 0.001461 0.378144 0.013981 3.610428
0.491600 0.048523 0.042665 0.023600 0.001470 0.378143 0.013999 3.615218
0.491622 0.048476 0.042661 0.023536 0.001461 0.378226 0.014018 3.619977
0.491650 0.048353 0.042703 0.023551 0.001469 0.378236 0.014038 3.624776
0.491722 0.048297 0.042769 0.023526 0.001476 0.378161 0.014048 3.629501
0.491798 0.048332 0.042759 0.023516 0.001471 0.378053 0.014072 3.634140
0.491891 0.048238 0.042780 0.023521 0.001470 0.378007 0.014093 3.638899
0.491920 0.048198 0.042789 0.023580 0.001457 0.377943 0.014114 3.643673
0.491936 0.048226 0.042740 0.023594 0.001455 0.377917 0.014133 3.648349
0.492038 0.048305 0.042729 0.023539 0.001464 0.377775 0.014152 3.652989
0.492045 0.048300 0.042773 0.023512 0.001464 0.377738 0.014168 3.657738
0.491995 0.048357 0.042744 0.023482 0.001464 0.377773 0.014185 3.662468
0.491940 0.048404 0.042676 0.023466 0.001464 0.377848 0.014203 3.667163
0.491959 0.048429 0.042662 0.023502 0.001455 0.377769 0.014225 3.671881
0.491964 0.048414 0.042654 0.023519 0.001443 0.377763 0.014243 3.676651
0.492093 0.048240 0.042739 0.023525 0.001439 0.377698 0.014267 3.681480
0.492146 0.048129 0.042814 0.023491 0.001439 0.377698 0.014282 3.686252
0.492103 0.048235 0.042760 0.023481 0.001439 0.377689 0.014294 3.690915
0.492059 0.048293 0.042716 0.023449 0.001448 0.377723 0.014313 3.695605
0.492116 0.048240 0.042735 0.023438 0.001437 0.377701 0.014333 3.700314
0.492128 0.048202 0.042768 0.023409 0.001439 0.377702 0.014353 3.705035
0.492211 0.048261 0.042732 0.023363 0.001437 0.377624 0.014372 3.709672
0.492196 0.048206 0.042760 0.023370 0.001426 0.377646 0.014395 3.714475
0.492270 0.048143 0.042788 0.023376 0.001425 0.377583 0.014416 3.719204
0.492348 0.048112 0.042788 0.023331 0.001433 0.377556 0.014434 3.723880
0.492374 0.048039 0.042871 0.023368 0.001428 0.377469 0.014452 3.728682
0.492410 0.048019 0.042892 0.023346 0.001429 0.377433 0.014471 3.733361
0.492466 0.048001 0.042895 0.023396 0.001428 0.377325 0.014488 3.738090
0.492452 0.047865 0.042923 0.023415 0.001425 0.377417 0.014503 3.742851
0.492568 0.047716 0.042922 0.023444 0.001432 0.377400 0.014519 3.747596
0.492509 0.047824 0.042905 0.023436 0.001430 0.377365 0.014532 3.752238
0.492476 0.047855 0.042805 0.023451 0.001440 0.377425 0.014547 3.756925
0.492347 0.047994 0.042803 0.023451 0.001432 0.377407 0.014565 3.761614
0.492348 0.048027 0.042791 0.023423 0.001428 0.377399 0.014584 3.766255
0.492273 0.048129 0.042766 0.023360 0.001436 0.377439 0.014599 3.770904
0.492268 0.048198 0.042777 0.023346 0.001437 0.377360 0.014614 3.775562
0.492213 0.048206 0.042769 0.023359 0.001436 0.377389 0.014629 3.780344
0.492128 0.048128 0.042809 0.023444 0.001434 0.377416 0.014641 3.785137
0.492239 0.048053 0.042827 0.023441 0.001438 0.377349 0.014654 3.789857
0.492389 0.048010 0.042729 0.023446 0.001433 0.377325 0.014669 3.794525
0.492501 0.047909 0.042709 0.023446 0.001430 0.377321 0.014684 3.799211
0.492549 0.047928 0.042731 0.023352 0.001432 0.377306 0.014703 3.803916
0.492523 0.047917 0.042710 0.023398 0.001443 0.377294 0.014715 3.808638
0.492431 0.047963 0.042640 0.023346 0.001452 0.377440 0.014727 3.813319
0.492500 0.047885 0.042596 0.023336 0.001451 0.377488 0.014744 3.818089
0.492381 0.047957 0.042654 0.023310 0.001452 0.377483 0.014762 3.822777
0.492455 0.047971 0.042613 0.023305 0.001449 0.377425 0.014781 3.827436
0.492426 0.047985 0.042549 0.023341 0.001452 0.377447 0.014799 3.832167
0.492432 0.047951 0.042482 0.023393 0.001447 0.377479 0.014818 3.836887
0.492460 0.047900 0.042513 0.023336 0.001456 0.377495 0.014839 3.841577
0.492451 0.047868 0.042451 0.023376 0.001458 0.377542 0.014856 3.846283
0.492422 0.047879 0.042413 0.023359 0.001457 0.377597 0.014873 3.850991
0.492485 0.047886 0.042466 0.023341 0.001463 0.377472 0.014889 3.855713
0.492515 0.047886 0.042425 0.023323 0.001452 0.377494 0.014906 3.860346
0.492564 0.047940 0.042322 0.023317 0.001447 0.377484 0.014927 3.864989
0.492583 0.048007 0.042223 0.023333 0.001442 0.377470 0.014943 3.869629
0.492517 0.048006 0.042241 0.023393 0.001438 0.377443 0.014964 3.874358
0.492493 0.047905 0.042314 0.023382 0.001421 0.377499 0.014986 3.879164
0.492521 0.047931 0.042350 0.023401 0.001426 0.377365 0.015007 3.883899
0.492447 0.048051 0.042278 0.023336 0.001432 0.377433 0.015024 3.888512
0.492417 0.047999 0.042363 0.023394 0.001434 0.377350 0.015044 3.893250
0.492315 0.048143 0.042401 0.023380 0.001443 0.377252 0.015066 3.897962
0.492378 0.048051 0.042452 0.023384 0.001440 0.377214 0.015082 3.902724
0.492491 0.048084 0.042385 0.023334 0.001445 0.377159 0.015102 3.907336
0.492566 0.048160 0.042474 0.023314 0.001441 0.376919 0.015126 3.911946
0.492547 0.048148 0.042547 0.023266 0.001440 0.376906 0.015147 3.916718
0.492442 0.048136 0.042544 0.023349 0.001457 0.376911 0.015162 3.921486
0.492388 0.048183 0.042513 0.023328 0.001452 0.376955 0.015182 3.926121
0.492373 0.048145 0.042626 0.023343 0.001448 0.376866 0.015200 3.930869
0.492408 0.048084 0.042647 0.023329 0.001458 0.376860 0.015215 3.935576
0.492372 0.048064 0.042623 0.023358 0.001461 0.376893 0.015229 3.940306
0.492413 0.047986 0.042615 0.023363 0.001454 0.376924 0.015245 3.945019
0.492478 0.047918 0.042645 0.023320 0.001463 0.376915 0.015261 3.949743
0.492607 0.047807 0.042708 0.023361 0.001469 0.376773 0.015275 3.954522
0.492619 0.047817 0.042690 0.023305 0.001456 0.376816 0.015296 3.959192
0.492581 0.047824 0.042625 0.023338 0.001447 0.376873 0.015311 3.963886
0.492613 0.047709 0.042664 0.023337 0.001448 0.376896 0.015332 3.968633
0.492543 0.047884 0.042581 0.023237 0.001445 0.376954 0.015354 3.973183
0.492500 0.047910 0.042612 0.023227 0.001441 0.376938 0.015374 3.977859
0.492457 0.048002 0.042588 0.023244 0.001423 0.376887 0.015400 3.982521
0.492485 0.048113 0.042505 0.023185 0.001434 0.376858 0.015421 3.987117
0.492505 0.048165 0.042413 0.023169 0.001437 0.376869 0.015442 3.991787
0.492538 0.048087 0.042370 0.023188 0.001446 0.376914 0.015458 3.996528
0.492436 0.048031 0.042480 0.023237 0.001439 0.376899 0.015477 4.001294
0.492366 0.048111 0.042523 0.023253 0.001449 0.376804 0.015494 4.005981
0.492418 0.048046 0.042600 0.023317 0.001451 0.376654 0.015513 4.010699
0.492485 0.047975 0.042585 0.023272 0.001450 0.376698 0.015535 4.015436
0.492432 0.047965 0.042562 0.023326 0.001446 0.376716 0.015553 4.020165
0.492399 0.047953 0.042494 0.023386 0.001430 0.376764 0.015573 4.024895
0.492362 0.047981 0.042600 0.023382 0.001433 0.376655 0.015587 4.029610
0.492389 0.047954 0.042566 0.023424 0.001429 0.376628 0.015610 4.034263
0.492407 0.047928 0.042591 0.023402 0.001429 0.376617 0.015625 4.038950
0.492367 0.047989 0.042611 0.023417 0.001427 0.376546 0.015644 4.043607
0.492312 0.048068 0.042594 0.023389 0.001414 0.376563 0.015662 4.048288
0.492284 0.047991 0.042586 0.023436 0.001404 0.376615 0.015683 4.053036
0.492297 0.047958 0.042602 0.023487 0.001415 0.376544 0.015699 4.057808
0.492337 0.047948 0.042604 0.023456 0.001416 0.376525 0.015715 4.062518
0.492404 0.047978 0.042658 0.023442 0.001414 0.376372 0.015732 4.067206
0.492439 0.047909 0.042670 0.023468 0.001412 0.376354 0.015747 4.071940
0.492430 0.047921 0.042703 0.023526 0.001408 0.376249 0.015762 4.076661
0.492462 0.047792 0.042780 0.023558 0.001415 0.376216 0.015779 4.081488
0.492502 0.047817 0.042716 0.023481 0.001416 0.376275 0.015795 4.086093
0.492510 0.047930 0.042592 0.023405 0.001416 0.376336 0.015811 4.090664
0.492604 0.047784 0.042655 0.023448 0.001417 0.376265 0.015828 4.095451
0.492569 0.047864 0.042682 0.023344 0.001417 0.376277 0.015845 4.100092
0.492591 0.047718 0.042742 0.023384 0.001420 0.376279 0.015865 4.104883
0.492570 0.047893 0.042638 0.023360 0.001419 0.376240 0.015881 4.109498
0.492582 0.047921 0.042608 0.023368 0.001424 0.376202 0.015896 4.114162
0.492617 0.047862 0.042644 0.023387 0.001415 0.376159 0.015916 4.118896
0.492705 0.047855 0.042681 0.023351 0.001421 0.376060 0.015927 4.123570
0.492805 0.047902 0.042732 0.023332 0.001423 0.375858 0.015948 4.128248
0.492778 0.047960 0.042771 0.023269 0.001429 0.375832 0.015961 4.132894
0.492728 0.048044 0.042771 0.023246 0.001430 0.375801 0.015979 4.137574
0.492693 0.048051 0.042790 0.023278 0.001429 0.375764 0.015995 4.142280
0.492706 0.048127 0.042790 0.023258 0.001430 0.375675 0.016014 4.146947
0.492816 0.048024 0.042864 0.023278 0.001445 0.375543 0.016030 4.151703
0.492717 0.048080 0.042841 0.023347 0.001442 0.375528 0.016047 4.156417
0.492444 0.048323 0.042757 0.023350 0.001447 0.375607 0.016072 4.161062
0.492408 0.048357 0.042728 0.023376 0.001436 0.375602 0.016094 4.165790
0.492426 0.048301 0.042693 0.023388 0.001446 0.375637 0.016109 4.170541
0.492326 0.048320 0.042709 0.023358 0.001454 0.375709 0.016125 4.175297
