0.346944 0.062307 0.055716 0.032034 0.002103 0.494854 0.006041 1.621631
0.348589 0.060647 0.055705 0.031958 0.002116 0.494916 0.006069 1.627814
0.350632 0.058668 0.055600 0.031831 0.002126 0.495048 0.006095 1.633791
0.353101 0.056672 0.055362 0.031502 0.002134 0.495107 0.006122 1.639503
0.355935 0.054539 0.054953 0.031142 0.002133 0.495151 0.006147 1.644991
0.358801 0.052521 0.054487 0.030777 0.002132 0.495105 0.006179 1.650275
0.361885 0.050669 0.053832 0.030331 0.002128 0.494948 0.006207 1.655262
0.365004 0.048837 0.053112 0.029862 0.002124 0.494827 0.006235 1.660107
0.368430 0.047046 0.052390 0.029359 0.002126 0.494389 0.006260 1.664771
0.371842 0.045279 0.051544 0.028883 0.002104 0.494053 0.006296 1.669303
0.375384 0.043658 0.050702 0.028343 0.002100 0.493493 0.006320 1.673697
0.378851 0.042089 0.049913 0.027794 0.002085 0.492921 0.006348 1.677947
0.382329 0.040641 0.049012 0.027284 0.002082 0.492282 0.006372 1.682050
0.386011 0.039264 0.048102 0.026764 0.002071 0.491384 0.006404 1.685950
0.389741 0.037908 0.047160 0.026226 0.002051 0.490488 0.006427 1.689783
0.393372 0.036685 0.046222 0.025712 0.002036 0.489523 0.006450 1.693493
0.396971 0.035598 0.045143 0.025142 0.002021 0.488647 0.006479 1.697001
0.400593 0.034486 0.044250 0.024594 0.002011 0.487559 0.006507 1.700506
0.404433 0.033500 0.043300 0.024028 0.001985 0.486222 0.006532 1.703855
0.408175 0.032574 0.042354 0.023568 0.001967 0.484810 0.006553 1.707146
0.411872 0.031800 0.041401 0.022980 0.001962 0.483410 0.006576 1.710272
0.415702 0.030996 0.040525 0.022422 0.001943 0.481813 0.006600 1.713337
0.419360 0.030223 0.039572 0.021899 0.001940 0.480379 0.006628 1.716369
0.423208 0.029505 0.038633 0.021416 0.001925 0.478664 0.006649 1.719270
0.426910 0.028808 0.037769 0.020902 0.001915 0.477021 0.006674 1.722135
0.430852 0.028096 0.037000 0.020377 0.001899 0.475076 0.006699 1.724998
0.434571 0.027509 0.036245 0.019919 0.001899 0.473141 0.006714 1.727787
0.438237 0.027041 0.035479 0.019404 0.001870 0.471228 0.006742 1.730439
0.442147 0.026556 0.034636 0.018980 0.001834 0.469076 0.006770 1.732978
0.446016 0.025990 0.033902 0.018572 0.001802 0.466924 0.006795 1.735622
0.449846 0.025488 0.033165 0.018195 0.001787 0.464696 0.006823 1.738216
0.453612 0.025101 0.032428 0.017796 0.001768 0.462452 0.006844 1.740665
0.457322 0.024664 0.031670 0.017410 0.001739 0.460328 0.006868 1.743103
0.461081 0.024269 0.030979 0.017026 0.001714 0.458044 0.006887 1.745498
0.464918 0.023874 0.030320 0.016622 0.001688 0.455674 0.006906 1.747880
0.468643 0.023543 0.029662 0.016299 0.001662 0.453260 0.006930 1.750198
0.472298 0.023202 0.029090 0.015960 0.001642 0.450862 0.006946 1.752524
0.475962 0.022887 0.028479 0.015618 0.001615 0.448467 0.006972 1.754768
0.479525 0.022670 0.027940 0.015314 0.001588 0.445971 0.006993 1.756994
0.483069 0.022421 0.027428 0.014993 0.001562 0.443512 0.007016 1.759236
0.486557 0.022243 0.026876 0.014760 0.001526 0.440999 0.007040 1.761462
0.490076 0.022065 0.026368 0.014494 0.001504 0.438434 0.007058 1.763614
0.493506 0.021895 0.025852 0.014238 0.001475 0.435961 0.007073 1.765753
0.496994 0.021762 0.025390 0.014010 0.001458 0.433292 0.007094 1.767880
0.500469 0.021619 0.024956 0.013777 0.001442 0.430623 0.007114 1.770019
0.503879 0.021420 0.024512 0.013544 0.001427 0.428085 0.007133 1.772151
0.507356 0.021258 0.024151 0.013326 0.001393 0.425363 0.007156 1.774234
0.510717 0.021189 0.023784 0.013086 0.001373 0.422681 0.007171 1.776296
0.514012 0.021110 0.023388 0.012924 0.001350 0.420025 0.007189 1.778350
0.517245 0.021052 0.023002 0.012739 0.001330 0.417424 0.007208 1.780378
0.520521 0.020882 0.022667 0.012543 0.001307 0.414853 0.007229 1.782445
0.523601 0.020892 0.022345 0.012389 0.001290 0.412234 0.007250 1.784461
0.526720 0.020826 0.022107 0.012262 0.001265 0.409555 0.007266 1.786526
0.529891 0.020813 0.021837 0.012101 0.001251 0.406829 0.007279 1.788541
0.532880 0.020807 0.021605 0.011984 0.001230 0.404203 0.007292 1.790602
0.535865 0.020732 0.021413 0.011849 0.001212 0.401618 0.007312 1.792663
0.538831 0.020780 0.021160 0.011716 0.001199 0.398981 0.007333 1.794653
0.541717 0.020729 0.020944 0.011636 0.001179 0.396441 0.007352 1.796712
0.544606 0.020779 0.020781 0.011496 0.001167 0.393803 0.007369 1.798736
0.547462 0.020797 0.020590 0.011366 0.001161 0.391243 0.007381 1.800760
0.550250 0.020781 0.020448 0.011315 0.001153 0.388658 0.007396 1.802849
0.553057 0.020769 0.020258 0.011238 0.001150 0.386120 0.007409 1.804901
0.555784 0.020775 0.020110 0.011176 0.001134 0.383598 0.007422 1.806943
0.558522 0.020815 0.019956 0.011099 0.001117 0.381054 0.007438 1.808962
0.561169 0.020844 0.019853 0.011007 0.001109 0.378568 0.007449 1.811008
0.563724 0.020853 0.019815 0.010948 0.001090 0.376104 0.007466 1.813070
0.566291 0.020962 0.019675 0.010908 0.001079 0.373608 0.007478 1.815080
0.568887 0.021016 0.019616 0.010828 0.001071 0.371093 0.007488 1.817104
0.571433 0.021033 0.019575 0.010757 0.001058 0.368638 0.007506 1.819177
0.573858 0.021149 0.019510 0.010688 0.001047 0.366231 0.007518 1.821239
0.576387 0.021149 0.019494 0.010691 0.001035 0.363713 0.007532 1.823351
0.578693 0.021307 0.019438 0.010638 0.001030 0.361349 0.007544 1.825417
0.580971 0.021398 0.019418 0.010606 0.001018 0.359031 0.007560 1.827508
0.583199 0.021505 0.019392 0.010576 0.001015 0.356743 0.007571 1.829639
0.585477 0.021639 0.019392 0.010524 0.001001 0.354380 0.007589 1.831729
0.587740 0.021768 0.019318 0.010523 0.000982 0.352066 0.007603 1.833824
0.589820 0.021920 0.019379 0.010563 0.000967 0.349732 0.007619 1.835987
0.591934 0.022072 0.019373 0.010552 0.000954 0.347480 0.007636 1.838114
0.593973 0.022282 0.019360 0.010515 0.000936 0.345283 0.007651 1.840194
0.595915 0.022456 0.019398 0.010513 0.000928 0.343128 0.007663 1.842352
0.597870 0.022580 0.019439 0.010545 0.000920 0.340976 0.007672 1.844584
0.599751 0.022759 0.019428 0.010592 0.000907 0.338880 0.007684 1.846759
0.601643 0.022817 0.019501 0.010612 0.000902 0.336828 0.007697 1.849018
0.603375 0.023051 0.019533 0.010590 0.000899 0.334840 0.007711 1.851167
0.605103 0.023271 0.019619 0.010643 0.000892 0.332751 0.007721 1.853413
0.606773 0.023434 0.019690 0.010684 0.000878 0.330805 0.007736 1.855692
0.608430 0.023541 0.019806 0.010767 0.000874 0.328835 0.007746 1.858012
0.610084 0.023735 0.019871 0.010779 0.000869 0.326905 0.007758 1.860286
0.611707 0.023839 0.019986 0.010790 0.000867 0.325045 0.007765 1.862616
0.613128 0.024097 0.020074 0.010845 0.000856 0.323222 0.007777 1.864919
0.614579 0.024229 0.020192 0.010894 0.000854 0.321466 0.007787 1.867328
0.616018 0.024432 0.020262 0.010980 0.000855 0.319653 0.007799 1.869673
0.617376 0.024613 0.020378 0.011050 0.000856 0.317918 0.007809 1.872077
0.618735 0.024809 0.020431 0.011107 0.000857 0.316243 0.007818 1.874483
0.620058 0.024967 0.020581 0.011181 0.000846 0.314537 0.007832 1.876926
0.621312 0.025078 0.020725 0.011290 0.000843 0.312911 0.007841 1.879421
0.622423 0.025371 0.020780 0.011330 0.000839 0.311404 0.007852 1.881811
0.623680 0.025589 0.020862 0.011422 0.000834 0.309748 0.007865 1.884321
0.624811 0.025753 0.021058 0.011492 0.000825 0.308183 0.007878 1.886889
0.625917 0.025943 0.021190 0.011558 0.000820 0.306681 0.007893 1.889444
0.626934 0.026129 0.021347 0.011643 0.000812 0.305233 0.007902 1.892037
0.627849 0.026425 0.021377 0.011705 0.000808 0.303922 0.007913 1.894554
0.628844 0.026593 0.021486 0.011754 0.000812 0.302591 0.007921 1.897149
0.629809 0.026817 0.021570 0.011832 0.000807 0.301231 0.007933 1.899711
0.630739 0.027022 0.021738 0.011877 0.000805 0.299875 0.007944 1.902355
0.631490 0.027314 0.021866 0.011972 0.000802 0.298602 0.007955 1.904985
0.632375 0.027480 0.021996 0.012019 0.000812 0.297352 0.007966 1.907665
0.633149 0.027707 0.022090 0.012109 0.000816 0.296155 0.007974 1.910348
0.633900 0.027935 0.022321 0.012233 0.000812 0.294812 0.007987 1.913073
0.634716 0.028094 0.022523 0.012291 0.000814 0.293565 0.007999 1.915848
0.635461 0.028259 0.022678 0.012389 0.000826 0.292378 0.008009 1.918602
0.636047 0.028473 0.022880 0.012532 0.000830 0.291218 0.008020 1.921436
0.636716 0.028639 0.023044 0.012592 0.000829 0.290151 0.008029 1.924215
0.637373 0.028863 0.023196 0.012632 0.000823 0.289072 0.008041 1.926981
0.637960 0.029102 0.023378 0.012716 0.000821 0.287973 0.008051 1.929795
0.638422 0.029317 0.023501 0.012822 0.000822 0.287056 0.008061 1.932651
0.638974 0.029508 0.023658 0.012906 0.000813 0.286070 0.008072 1.935520
0.639431 0.029710 0.023863 0.013058 0.000816 0.285039 0.008083 1.938454
0.639827 0.029925 0.024030 0.013136 0.000820 0.284166 0.008096 1.941346
0.640228 0.030095 0.024225 0.013254 0.000822 0.283270 0.008105 1.944377
0.640501 0.030294 0.024395 0.013350 0.000824 0.282518 0.008119 1.947388
0.640902 0.030412 0.024594 0.013506 0.000824 0.281628 0.008134 1.950444
0.641170 0.030609 0.024784 0.013609 0.000823 0.280863 0.008143 1.953451
0.641440 0.030788 0.024932 0.013703 0.000831 0.280157 0.008149 1.956456
0.641739 0.030929 0.025151 0.013766 0.000842 0.279412 0.008160 1.959483
0.641999 0.031071 0.025279 0.013866 0.000856 0.278755 0.008175 1.962555
0.642394 0.031227 0.025479 0.013956 0.000856 0.277901 0.008186 1.965601
0.642588 0.031367 0.025702 0.014022 0.000862 0.277260 0.008200 1.968728
0.642779 0.031547 0.025836 0.014071 0.000863 0.276693 0.008211 1.971838
0.643006 0.031678 0.026011 0.014134 0.000859 0.276085 0.008228 1.974959
0.643140 0.031834 0.026189 0.014239 0.000865 0.275492 0.008240 1.978076
0.643240 0.032071 0.026317 0.014323 0.000865 0.274932 0.008250 1.981202
0.643336 0.032266 0.026426 0.014363 0.000867 0.274479 0.008264 1.984297
0.643429 0.032369 0.026604 0.014454 0.000867 0.274000 0.008278 1.987529
0.643545 0.032538 0.026716 0.014542 0.000866 0.273506 0.008286 1.990713
0.643635 0.032659 0.026872 0.014616 0.000868 0.273050 0.008300 1.993920
0.643628 0.032753 0.027081 0.014751 0.000870 0.272603 0.008313 1.997162
0.643647 0.032923 0.027236 0.014769 0.000878 0.272223 0.008324 2.000358
0.643679 0.033073 0.027340 0.014816 0.000878 0.271880 0.008334 2.003586
0.643697 0.033206 0.027501 0.014954 0.000887 0.271413 0.008342 2.006881
0.643723 0.033343 0.027628 0.015003 0.000890 0.271063 0.008351 2.010132
0.643659 0.033436 0.027858 0.015097 0.000893 0.270695 0.008361 2.013481
0.643585 0.033587 0.027973 0.015173 0.000889 0.270421 0.008372 2.016758
0.643577 0.033548 0.028154 0.015268 0.000900 0.270170 0.008382 2.020161
0.643555 0.033662 0.028260 0.015329 0.000914 0.269886 0.008393 2.023454
0.643541 0.033731 0.028362 0.015370 0.000915 0.269674 0.008407 2.026759
0.643402 0.033898 0.028537 0.015430 0.000928 0.269387 0.008417 2.030078
0.643259 0.033973 0.028732 0.015512 0.000941 0.269155 0.008427 2.033489
0.643139 0.034156 0.028879 0.015573 0.000949 0.268865 0.008439 2.036851
0.643097 0.034214 0.029047 0.015624 0.000950 0.268620 0.008449 2.040235
0.643059 0.034279 0.029182 0.015679 0.000943 0.268396 0.008463 2.043583
0.642887 0.034394 0.029326 0.015692 0.000933 0.268292 0.008478 2.046986
0.642747 0.034447 0.029508 0.015791 0.000938 0.268082 0.008488 2.050452
0.642536 0.034499 0.029642 0.015838 0.000948 0.268039 0.008499 2.053901
0.642386 0.034592 0.029699 0.015911 0.000951 0.267951 0.008511 2.057268
0.642299 0.034627 0.029775 0.015982 0.000952 0.267841 0.008524 2.060670
0.642255 0.034673 0.029815 0.016018 0.000957 0.267749 0.008534 2.064019
0.642280 0.034658 0.029909 0.016083 0.000957 0.267565 0.008548 2.067398
0.642278 0.034639 0.029940 0.016123 0.000958 0.267506 0.008556 2.070760
0.642251 0.034530 0.029970 0.016228 0.000957 0.267490 0.008575 2.074201
0.642166 0.034557 0.030001 0.016219 0.000968 0.267501 0.008588 2.077594
0.642151 0.034564 0.030115 0.016217 0.000967 0.267387 0.008599 2.080964
0.642124 0.034639 0.030176 0.016234 0.000971 0.267243 0.008613 2.084306
0.642063 0.034584 0.030255 0.016247 0.000976 0.267246 0.008628 2.087724
0.641962 0.034585 0.030305 0.016243 0.000977 0.267284 0.008643 2.091114
0.641999 0.034579 0.030301 0.016250 0.000980 0.267234 0.008657 2.094430
0.641967 0.034574 0.030349 0.016300 0.000981 0.267163 0.008667 2.097823
0.641861 0.034538 0.030395 0.016344 0.000985 0.267201 0.008677 2.101281
0.641791 0.034564 0.030409 0.016391 0.000987 0.267167 0.008692 2.104637
0.641781 0.034544 0.030533 0.016356 0.000986 0.267098 0.008703 2.108050
0.641755 0.034527 0.030607 0.016386 0.000986 0.267016 0.008724 2.111474
0.641737 0.034515 0.030661 0.016395 0.000982 0.266972 0.008739 2.114872
0.641703 0.034466 0.030681 0.016403 0.000981 0.267016 0.008751 2.118257
0.641722 0.034456 0.030675 0.016417 0.000990 0.266980 0.008760 2.121578
0.641764 0.034446 0.030630 0.016397 0.000992 0.266996 0.008775 2.124913
0.641667 0.034449 0.030594 0.016414 0.000987 0.267102 0.008789 2.128301
0.641596 0.034423 0.030632 0.016370 0.001001 0.267176 0.008800 2.131656
0.641595 0.034487 0.030597 0.016351 0.001000 0.267158 0.008812 2.134971
0.641587 0.034415 0.030659 0.016356 0.000988 0.267168 0.008828 2.138374
0.641588 0.034446 0.030604 0.016362 0.000982 0.267177 0.008841 2.141701
0.641594 0.034384 0.030673 0.016339 0.000988 0.267172 0.008851 2.145099
0.641486 0.034420 0.030684 0.016353 0.001000 0.267195 0.008863 2.148460
0.641499 0.034383 0.030658 0.016352 0.001002 0.267228 0.008880 2.151848
0.641502 0.034256 0.030693 0.016435 0.001007 0.267210 0.008898 2.155332
0.641480 0.034175 0.030763 0.016466 0.001008 0.267200 0.008908 2.158735
0.641675 0.034037 0.030717 0.016482 0.001013 0.267154 0.008924 2.162062
0.641650 0.033921 0.030772 0.016447 0.001016 0.267253 0.008942 2.165447
0.641690 0.033880 0.030735 0.016438 0.001019 0.267286 0.008953 2.168797
0.641792 0.033826 0.030744 0.016450 0.001021 0.267202 0.008965 2.172139
0.641837 0.033761 0.030701 0.016449 0.001025 0.267252 0.008976 2.175434
0.641924 0.033792 0.030682 0.016409 0.001027 0.267181 0.008985 2.178705
0.642093 0.033651 0.030628 0.016458 0.001044 0.267129 0.008995 2.182054
0.642126 0.033634 0.030647 0.016480 0.001044 0.267060 0.009010 2.185411
0.642245 0.033565 0.030603 0.016463 0.001040 0.267062 0.009022 2.188677
0.642306 0.033496 0.030618 0.016458 0.001033 0.267052 0.009038 2.192011
0.642272 0.033497 0.030680 0.016429 0.001034 0.267040 0.009050 2.195346
0.642364 0.033460 0.030635 0.016415 0.001034 0.267031 0.009062 2.198669
0.642419 0.033492 0.030557 0.016415 0.001039 0.267005 0.009073 2.201899
0.642469 0.033530 0.030522 0.016364 0.001041 0.266990 0.009085 2.205148
0.642690 0.033439 0.030549 0.016324 0.001033 0.266862 0.009102 2.208442
0.642824 0.033394 0.030475 0.016279 0.001038 0.266873 0.009117 2.211702
0.643026 0.033277 0.030454 0.016267 0.001041 0.266808 0.009127 2.214986
0.643175 0.033237 0.030423 0.016205 0.001048 0.266774 0.009138 2.218247
0.643344 0.033170 0.030321 0.016170 0.001056 0.266787 0.009151 2.221500
0.643403 0.033133 0.030206 0.016172 0.001053 0.266867 0.009166 2.224747
0.643590 0.033023 0.030207 0.016159 0.001041 0.266795 0.009184 2.228016
0.643812 0.032887 0.030172 0.016116 0.001034 0.266778 0.009201 2.231263
0.644000 0.032817 0.030150 0.016151 0.001034 0.266633 0.009216 2.234544
0.644091 0.032817 0.030084 0.016131 0.001029 0.266618 0.009229 2.237731
0.644239 0.032806 0.029962 0.016079 0.001040 0.266635 0.009240 2.240896
0.644394 0.032809 0.029881 0.016011 0.001045 0.266610 0.009249 2.244070
0.644524 0.032786 0.029830 0.015965 0.001041 0.266593 0.009261 2.247262
0.644706 0.032682 0.029836 0.015954 0.001041 0.266502 0.009279 2.250516
0.644827 0.032623 0.029749 0.015941 0.001039 0.266531 0.009291 2.253714
0.645059 0.032590 0.029674 0.015921 0.001039 0.266406 0.009310 2.256915
0.645256 0.032578 0.029567 0.015971 0.001042 0.266260 0.009326 2.260105
0.645515 0.032397 0.029549 0.015972 0.001034 0.266193 0.009340 2.263382
0.645809 0.032185 0.029545 0.015931 0.001031 0.266146 0.009354 2.266609
0.646046 0.032138 0.029517 0.015883 0.001031 0.266023 0.009362 2.269766
0.646225 0.032223 0.029415 0.015745 0.001038 0.265981 0.009372 2.272790
0.646474 0.032093 0.029450 0.015696 0.001035 0.265865 0.009386 2.275994
0.646745 0.032050 0.029409 0.015678 0.001033 0.265684 0.009400 2.279136
0.646870 0.032070 0.029350 0.015644 0.001027 0.265623 0.009415 2.282262
0.647040 0.032038 0.029278 0.015601 0.001030 0.265587 0.009427 2.285394
0.647179 0.031994 0.029252 0.015607 0.001033 0.265496 0.009441 2.288589
0.647401 0.032017 0.029183 0.015591 0.001031 0.265317 0.009459 2.291666
0.647735 0.031941 0.029169 0.015551 0.001033 0.265103 0.009469 2.294800
0.647939 0.031876 0.029136 0.015483 0.001027 0.265059 0.009481 2.297939
0.648210 0.031788 0.029114 0.015443 0.001026 0.264928 0.009492 2.301063
0.648387 0.031844 0.029098 0.015365 0.001032 0.264768 0.009506 2.304102
0.648621 0.031859 0.029055 0.015322 0.001029 0.264597 0.009516 2.307183
0.648853 0.031825 0.028980 0.015324 0.001031 0.264458 0.009531 2.310308
0.649033 0.031864 0.028937 0.015298 0.001029 0.264293 0.009546 2.313374
0.649300 0.031781 0.028928 0.015266 0.001029 0.264138 0.009557 2.316474
0.649402 0.031782 0.028866 0.015286 0.001027 0.264072 0.009566 2.319584
0.649667 0.031715 0.028812 0.015333 0.001022 0.263875 0.009578 2.322725
0.649900 0.031658 0.028817 0.015319 0.001033 0.263689 0.009585 2.325829
0.650204 0.031576 0.028793 0.015301 0.001029 0.263499 0.009600 2.328905
0.650433 0.031564 0.028737 0.015282 0.001033 0.263339 0.009614 2.331974
0.650606 0.031560 0.028736 0.015320 0.001028 0.263123 0.009626 2.335076
0.650824 0.031566 0.028727 0.015263 0.001019 0.262960 0.009641 2.338143
0.651163 0.031516 0.028599 0.015249 0.001021 0.262796 0.009655 2.341202
0.651459 0.031357 0.028619 0.015250 0.001016 0.262627 0.009672 2.344327
0.651748 0.031212 0.028575 0.015296 0.001022 0.262467 0.009680 2.347471
0.651997 0.031232 0.028516 0.015283 0.001027 0.262251 0.009694 2.350496
0.652216 0.031152 0.028528 0.015259 0.001029 0.262112 0.009703 2.353610
0.652462 0.031191 0.028492 0.015214 0.001035 0.261893 0.009714 2.356630
0.652731 0.031148 0.028418 0.015196 0.001032 0.261751 0.009724 2.359704
0.652921 0.031140 0.028408 0.015190 0.001031 0.261570 0.009741 2.362756
0.653249 0.031120 0.028332 0.015142 0.001028 0.261373 0.009755 2.365755
0.653462 0.031130 0.028369 0.015074 0.001030 0.261168 0.009767 2.368815
0.653741 0.031117 0.028316 0.015090 0.001034 0.260921 0.009782 2.371908
0.653959 0.031092 0.028336 0.015047 0.001030 0.260741 0.009796 2.374964
0.654171 0.031054 0.028299 0.015002 0.001033 0.260630 0.009810 2.377992
0.654368 0.031117 0.028218 0.014953 0.001040 0.260482 0.009822 2.380994
0.654515 0.031121 0.028143 0.014965 0.001048 0.260376 0.009831 2.384053
0.654620 0.031190 0.028142 0.014956 0.001041 0.260206 0.009847 2.387101
0.654861 0.031183 0.028115 0.014959 0.001035 0.259986 0.009860 2.390173
0.655080 0.031147 0.028081 0.014965 0.001037 0.259822 0.009870 2.393295
0.655249 0.031098 0.028034 0.014987 0.001036 0.259711 0.009883 2.396346
0.655414 0.031059 0.028031 0.015056 0.001020 0.259521 0.009897 2.399432
0.655610 0.031023 0.028034 0.015039 0.001010 0.259371 0.009915 2.402485
0.655783 0.031022 0.027997 0.015037 0.001005 0.259227 0.009928 2.405559
0.656016 0.030968 0.027991 0.015045 0.001008 0.259032 0.009941 2.408617
0.656168 0.031046 0.027999 0.015008 0.001000 0.258827 0.009952 2.411615
0.656391 0.031043 0.027994 0.014958 0.000996 0.258653 0.009966 2.414649
0.656546 0.031092 0.027915 0.014945 0.000995 0.258531 0.009977 2.417682
0.656668 0.031079 0.027944 0.014940 0.000983 0.258394 0.009991 2.420798
0.656828 0.031081 0.027944 0.014934 0.000977 0.258232 0.010005 2.423835
0.657038 0.031115 0.027858 0.014902 0.000977 0.258091 0.010018 2.426847
0.657299 0.031138 0.027881 0.014871 0.000983 0.257802 0.010025 2.429845
0.657406 0.031112 0.027947 0.014893 0.000985 0.257619 0.010038 2.432936
0.657502 0.031131 0.027932 0.014919 0.000981 0.257483 0.010052 2.435963
0.657691 0.031132 0.027883 0.014891 0.000975 0.257361 0.010067 2.439010
0.657938 0.031112 0.027856 0.014892 0.000982 0.257145 0.010074 2.442031
0.658091 0.031034 0.027881 0.014868 0.000977 0.257057 0.010090 2.445113
0.658316 0.031013 0.027916 0.014819 0.000989 0.256848 0.010098 2.448154
0.658430 0.031052 0.027878 0.014804 0.000994 0.256732 0.010112 2.451168
0.658413 0.031157 0.027888 0.014798 0.000981 0.256641 0.010122 2.454221
0.658540 0.031186 0.027845 0.014780 0.000980 0.256532 0.010136 2.457261
0.658804 0.031200 0.027866 0.014828 0.000978 0.256178 0.010146 2.460335
0.658822 0.031320 0.027898 0.014794 0.000973 0.256032 0.010161 2.463343
0.658850 0.031416 0.027875 0.014821 0.000982 0.255888 0.010168 2.466374
0.658861 0.031491 0.027999 0.014740 0.000980 0.255746 0.010183 2.469436
0.658984 0.031467 0.028018 0.014811 0.000975 0.255548 0.010197 2.472549
0.659063 0.031487 0.028035 0.014831 0.000976 0.255399 0.010209 2.475652
0.659135 0.031538 0.028008 0.014812 0.000982 0.255308 0.010219 2.478719
0.659176 0.031590 0.028042 0.014807 0.000987 0.255166 0.010232 2.481816
0.659355 0.031575 0.028033 0.014781 0.001006 0.255008 0.010243 2.484881
0.659459 0.031524 0.028063 0.014800 0.000994 0.254908 0.010252 2.487995
0.659529 0.031462 0.028140 0.014827 0.000988 0.254787 0.010266 2.491189
0.659594 0.031426 0.028193 0.014841 0.000988 0.254681 0.010277 2.494319
0.659591 0.031463 0.028127 0.014842 0.000978 0.254705 0.010296 2.497359
0.659728 0.031412 0.028137 0.014884 0.000981 0.254551 0.010309 2.500491
0.659680 0.031512 0.028119 0.014887 0.000982 0.254500 0.010318 2.503548
0.659791 0.031562 0.028124 0.014904 0.000982 0.254305 0.010332 2.506644
0.659787 0.031610 0.028158 0.014929 0.000995 0.254175 0.010345 2.509705
0.659766 0.031676 0.028213 0.014963 0.000991 0.254034 0.010357 2.512826
0.659749 0.031692 0.028245 0.014992 0.000995 0.253953 0.010374 2.515950
0.659836 0.031668 0.028274 0.014996 0.000995 0.253846 0.010385 2.519056
0.659929 0.031652 0.028240 0.015027 0.001001 0.253755 0.010396 2.522144
0.659955 0.031671 0.028306 0.015006 0.000992 0.253661 0.010409 2.525293
0.659935 0.031706 0.028328 0.015039 0.000981 0.253591 0.010420 2.528394
0.660035 0.031686 0.028329 0.015040 0.000987 0.253490 0.010434 2.531535
0.660096 0.031664 0.028318 0.015036 0.000976 0.253465 0.010445 2.534651
0.660106 0.031659 0.028318 0.015042 0.000989 0.253431 0.010454 2.537794
0.660097 0.031670 0.028413 0.015055 0.000992 0.253311 0.010464 2.540931
0.660167 0.031723 0.028383 0.015028 0.000995 0.253228 0.010477 2.543967
0.660288 0.031767 0.028364 0.014989 0.000994 0.253107 0.010490 2.547002
0.660493 0.031666 0.028396 0.015057 0.000992 0.252891 0.010505 2.550169
0.660621 0.031625 0.028401 0.015092 0.000980 0.252762 0.010519 2.553285
0.660620 0.031664 0.028370 0.015052 0.000972 0.252791 0.010532 2.556405
0.660589 0.031662 0.028458 0.015091 0.000980 0.252675 0.010544 2.559562
0.660675 0.031631 0.028493 0.015095 0.000981 0.252569 0.010555 2.562703
0.660806 0.031570 0.028532 0.015069 0.000974 0.252482 0.010568 2.565839
0.660845 0.031551 0.028598 0.015130 0.000966 0.252326 0.010584 2.569032
0.660780 0.031583 0.028611 0.015151 0.000972 0.252303 0.010599 2.572164
0.660658 0.031699 0.028650 0.015114 0.000970 0.252296 0.010613 2.575255
0.660670 0.031808 0.028594 0.015070 0.000967 0.252268 0.010624 2.578302
0.660656 0.031826 0.028602 0.015063 0.000972 0.252246 0.010636 2.581445
0.660720 0.031847 0.028511 0.015112 0.000966 0.252192 0.010652 2.584540
0.660644 0.031848 0.028587 0.015131 0.000965 0.252163 0.010663 2.587684
0.660682 0.031867 0.028652 0.015100 0.000977 0.252049 0.010672 2.590795
0.660658 0.032030 0.028594 0.015108 0.000970 0.251958 0.010683 2.593863
0.660704 0.032047 0.028597 0.015155 0.000974 0.251828 0.010694 2.596994
0.660751 0.032060 0.028532 0.015137 0.000978 0.251835 0.010708 2.600110
0.660728 0.032035 0.028587 0.015194 0.000978 0.251760 0.010718 2.603269
0.660664 0.032068 0.028644 0.015142 0.000982 0.251769 0.010730 2.606408
0.660666 0.032097 0.028628 0.015181 0.000975 0.251710 0.010744 2.609516
0.660610 0.032085 0.028657 0.015209 0.000976 0.251708 0.010755 2.612707
0.660632 0.032078 0.028637 0.015212 0.000978 0.251693 0.010770 2.615881
0.660584 0.032139 0.028604 0.015223 0.000985 0.251684 0.010782 2.619018
0.660554 0.032114 0.028615 0.015267 0.000980 0.251676 0.010796 2.622169
0.660497 0.032153 0.028616 0.015266 0.000981 0.251680 0.010809 2.625300
0.660297 0.032213 0.028642 0.015230 0.000981 0.251811 0.010825 2.628475
0.660309 0.032273 0.028611 0.015223 0.000985 0.251760 0.010838 2.631606
0.660294 0.032183 0.028740 0.015228 0.000994 0.251717 0.010845 2.634816
0.660301 0.032129 0.028784 0.015265 0.000989 0.251678 0.010855 2.638031
0.660398 0.032081 0.028778 0.015323 0.000991 0.251563 0.010867 2.641238
0.660419 0.032048 0.028777 0.015334 0.000997 0.251547 0.010878 2.644402
0.660426 0.032004 0.028746 0.015363 0.001007 0.251565 0.010889 2.647584
0.660395 0.032057 0.028723 0.015348 0.001012 0.251567 0.010900 2.650719
0.660368 0.032067 0.028700 0.015347 0.001002 0.251598 0.010917 2.653842
0.660414 0.031982 0.028752 0.015313 0.001001 0.251605 0.010932 2.657025
0.660441 0.032071 0.028727 0.015264 0.001006 0.251549 0.010943 2.660086
0.660404 0.032142 0.028733 0.015223 0.001001 0.251538 0.010959 2.663243
0.660365 0.032119 0.028714 0.015204 0.000988 0.251639 0.010972 2.666443
0.660324 0.032077 0.028790 0.015179 0.000988 0.251661 0.010982 2.669636
0.660256 0.032106 0.028827 0.015200 0.000993 0.251625 0.010993 2.672803
0.660202 0.032224 0.028849 0.015218 0.000997 0.251504 0.011005 2.675934
0.660157 0.032212 0.028766 0.015299 0.001003 0.251545 0.011018 2.679144
0.660129 0.032331 0.028725 0.015266 0.001005 0.251512 0.011032 2.682211
0.660005 0.032352 0.028789 0.015270 0.001006 0.251532 0.011045 2.685384
0.659913 0.032462 0.028808 0.015276 0.001014 0.251471 0.011056 2.688515
0.659849 0.032480 0.028878 0.015275 0.001016 0.251433 0.011070 2.691693
0.659759 0.032522 0.028882 0.015281 0.001019 0.251452 0.011086 2.694885
0.659790 0.032459 0.028894 0.015312 0.001016 0.251429 0.011100 2.698079
0.659762 0.032445 0.028921 0.015321 0.001020 0.251421 0.011110 2.701258
0.659677 0.032431 0.028980 0.015312 0.001021 0.251457 0.011123 2.704479
0.659551 0.032400 0.028999 0.015343 0.001019 0.251554 0.011135 2.707709
0.659497 0.032453 0.028971 0.015326 0.001019 0.251586 0.011148 2.710836
0.659495 0.032503 0.028996 0.015324 0.001020 0.251501 0.011161 2.713983
0.659422 0.032508 0.028952 0.015295 0.001021 0.251628 0.011175 2.717144
0.659347 0.032539 0.028919 0.015280 0.001025 0.251704 0.011187 2.720287
0.659319 0.032473 0.028890 0.015323 0.001028 0.251771 0.011196 2.723460
0.659208 0.032492 0.028865 0.015335 0.001026 0.251864 0.011212 2.726618
0.659174 0.032526 0.028891 0.015377 0.001019 0.251790 0.011225 2.729760
0.659259 0.032473 0.028910 0.015377 0.001025 0.251717 0.011238 2.732933
0.659293 0.032408 0.028967 0.015428 0.001021 0.251631 0.011252 2.736160
0.659228 0.032463 0.028951 0.015460 0.001028 0.251606 0.011265 2.739305
0.659165 0.032436 0.028931 0.015531 0.001019 0.251639 0.011278 2.742505
0.659127 0.032485 0.028946 0.015495 0.001014 0.251640 0.011291 2.745654
0.659166 0.032343 0.029001 0.015491 0.001006 0.251684 0.011308 2.748852
0.659161 0.032387 0.028993 0.015472 0.001008 0.251660 0.011319 2.751950
0.659061 0.032497 0.028946 0.015437 0.001014 0.251711 0.011334 2.755096
0.659048 0.032540 0.029013 0.015464 0.001022 0.251568 0.011345 2.758277
0.658947 0.032543 0.029063 0.015447 0.001022 0.251620 0.011358 2.761469
0.658945 0.032563 0.029033 0.015409 0.001023 0.251661 0.011367 2.764593
0.658900 0.032489 0.029083 0.015460 0.001020 0.251671 0.011377 2.767840
0.658816 0.032487 0.029037 0.015430 0.001003 0.251835 0.011392 2.771014
0.658890 0.032460 0.029064 0.015367 0.001004 0.251814 0.011402 2.774186
0.658835 0.032466 0.029118 0.015364 0.001003 0.251801 0.011414 2.777374
0.658869 0.032410 0.029095 0.015353 0.001002 0.251842 0.011429 2.780585
0.658841 0.032330 0.029124 0.015385 0.001005 0.251873 0.011442 2.783821
0.658828 0.032278 0.029144 0.015441 0.001008 0.251848 0.011455 2.787043
0.658832 0.032275 0.029134 0.015425 0.001009 0.251857 0.011468 2.790189
0.658819 0.032307 0.029067 0.015386 0.001002 0.251937 0.011482 2.793282
0.658796 0.032375 0.029027 0.015403 0.001005 0.251897 0.011498 2.796418
0.658688 0.032393 0.029018 0.015392 0.001002 0.251989 0.011518 2.799595
0.658730 0.032373 0.028996 0.015421 0.000995 0.251953 0.011533 2.802786
0.658743 0.032444 0.028964 0.015421 0.000984 0.251898 0.011546 2.805900
0.658703 0.032410 0.028991 0.015446 0.000979 0.251910 0.011560 2.809094
0.658645 0.032491 0.028973 0.015360 0.000979 0.251982 0.011570 2.812194
0.658587 0.032550 0.028900 0.015393 0.000985 0.252004 0.011581 2.815341
0.658482 0.032545 0.028944 0.015448 0.000991 0.251994 0.011596 2.818550
0.658561 0.032557 0.028936 0.015418 0.000998 0.251923 0.011607 2.821674
0.658546 0.032622 0.028911 0.015427 0.000997 0.251879 0.011618 2.824818
0.658604 0.032550 0.028953 0.015454 0.000997 0.251813 0.011629 2.828003
0.658575 0.032442 0.028954 0.015499 0.000995 0.251893 0.011644 2.831216
0.658530 0.032501 0.028890 0.015459 0.000992 0.251965 0.011662 2.834346
0.658503 0.032535 0.028918 0.015428 0.000999 0.251945 0.011672 2.837486
0.658475 0.032589 0.028980 0.015454 0.000998 0.251817 0.011688 2.840648
0.658410 0.032552 0.029042 0.015410 0.001007 0.251879 0.011700 2.843850
0.658431 0.032548 0.029038 0.015370 0.001008 0.251893 0.011711 2.846987
0.658358 0.032549 0.029032 0.015379 0.001007 0.251953 0.011723 2.850186
0.658425 0.032484 0.028960 0.015427 0.001009 0.251957 0.011739 2.853361
0.658253 0.032553 0.029009 0.015457 0.001016 0.251962 0.011750 2.856553
0.658226 0.032577 0.029011 0.015453 0.001011 0.251960 0.011763 2.859758
0.658192 0.032571 0.029035 0.015440 0.001007 0.251975 0.011780 2.862949
0.658233 0.032537 0.029075 0.015464 0.001007 0.251892 0.011793 2.866140
0.658180 0.032564 0.029155 0.015463 0.001019 0.251814 0.011805 2.869329
0.658312 0.032417 0.029242 0.015459 0.001012 0.251742 0.011816 2.872571
0.658304 0.032346 0.029228 0.015451 0.001014 0.251824 0.011833 2.875773
0.658335 0.032365 0.029234 0.015415 0.001023 0.251782 0.011846 2.878922
0.658254 0.032453 0.029210 0.015405 0.001008 0.251811 0.011860 2.882102
0.658213 0.032495 0.029225 0.015343 0.001006 0.251843 0.011875 2.885222
0.658303 0.032469 0.029170 0.015319 0.001012 0.251840 0.011888 2.888359
0.658322 0.032382 0.029202 0.015324 0.001018 0.251849 0.011903 2.891568
0.658291 0.032404 0.029202 0.015293 0.001010 0.251880 0.011921 2.894730
0.658362 0.032289 0.029187 0.015318 0.001012 0.251901 0.011931 2.897925
0.658331 0.032365 0.029166 0.015294 0.001019 0.251881 0.011944 2.901062
0.658360 0.032317 0.029138 0.015288 0.001018 0.251924 0.011955 2.904269
0.658322 0.032347 0.029169 0.015348 0.001019 0.251829 0.011966 2.907460
0.658359 0.032232 0.029129 0.015389 0.001024 0.251893 0.011976 2.910646
0.658394 0.032190 0.029167 0.015418 0.001017 0.251825 0.011988 2.913851
0.658419 0.032278 0.029001 0.015428 0.001005 0.251858 0.012011 2.916917
0.658580 0.032130 0.029041 0.015404 0.001012 0.251811 0.012022 2.920094
0.658631 0.032086 0.029010 0.015393 0.001020 0.251825 0.012035 2.923245
0.658659 0.032002 0.029024 0.015388 0.001014 0.251864 0.012048 2.926397
0.658774 0.031959 0.029006 0.015344 0.001026 0.251831 0.012060 2.929479
0.658780 0.031926 0.028957 0.015368 0.001022 0.251873 0.012074 2.932639
0.658836 0.031865 0.028989 0.015328 0.001024 0.251875 0.012084 2.935791
0.658840 0.031846 0.028915 0.015306 0.001008 0.251983 0.012101 2.938934
0.658860 0.031836 0.028925 0.015281 0.001005 0.251978 0.012116 2.942057
0.658947 0.031757 0.028937 0.015304 0.001007 0.251919 0.012128 2.945216
0.658967 0.031756 0.028983 0.015277 0.001003 0.251875 0.012140 2.948378
0.659068 0.031743 0.028887 0.015229 0.001002 0.251919 0.012153 2.951466
0.659146 0.031620 0.028877 0.015236 0.001004 0.251957 0.012160 2.954636
0.659167 0.031698 0.028860 0.015219 0.001006 0.251881 0.012170 2.957700
0.659273 0.031731 0.028758 0.015202 0.000996 0.251858 0.012183 2.960758
0.659329 0.031769 0.028640 0.015224 0.000995 0.251850 0.012193 2.963838
0.659424 0.031725 0.028737 0.015202 0.001007 0.251702 0.012204 2.966946
0.659542 0.031644 0.028772 0.015181 0.001005 0.251638 0.012217 2.970060
0.659685 0.031599 0.028722 0.015182 0.001006 0.251578 0.012228 2.973141
0.659760 0.031611 0.028722 0.015183 0.001001 0.251481 0.012243 2.976214
0.659881 0.031624 0.028652 0.015150 0.001006 0.251433 0.012255 2.979247
0.660017 0.031570 0.028592 0.015113 0.001004 0.251437 0.012268 2.982356
0.660015 0.031525 0.028601 0.015140 0.001011 0.251428 0.012279 2.985497
0.660109 0.031423 0.028732 0.015147 0.001003 0.251291 0.012295 2.988686
0.660150 0.031321 0.028775 0.015108 0.000992 0.251341 0.012311 2.991828
0.660258 0.031223 0.028721 0.015113 0.000999 0.251361 0.012324 2.994916
0.660331 0.031209 0.028646 0.015141 0.001001 0.251336 0.012335 2.997995
0.660368 0.031199 0.028640 0.015123 0.000998 0.251323 0.012348 3.001099
0.660390 0.031310 0.028505 0.015134 0.000995 0.251307 0.012359 3.004099
0.660432 0.031314 0.028531 0.015122 0.000993 0.251234 0.012374 3.007185
0.660369 0.031378 0.028457 0.015133 0.000991 0.251286 0.012386 3.010239
0.660572 0.031272 0.028445 0.015112 0.000990 0.251213 0.012396 3.013328
0.660536 0.031234 0.028472 0.015111 0.000988 0.251253 0.012406 3.016428
0.660635 0.031306 0.028448 0.015028 0.000991 0.251175 0.012418 3.019408
0.660648 0.031403 0.028355 0.015011 0.000988 0.251163 0.012432 3.022427
0.660787 0.031389 0.028385 0.015045 0.000982 0.250966 0.012445 3.025526
0.660936 0.031448 0.028326 0.014978 0.000970 0.250885 0.012457 3.028560
0.661068 0.031364 0.028341 0.014979 0.000962 0.250817 0.012470 3.031673
0.661094 0.031397 0.028238 0.014984 0.000956 0.250848 0.012484 3.034741
0.661145 0.031408 0.028177 0.014994 0.000957 0.250821 0.012497 3.037791
0.661174 0.031376 0.028171 0.015008 0.000963 0.250802 0.012505 3.040885
0.661225 0.031366 0.028156 0.014996 0.000964 0.250776 0.012518 3.043917
0.661257 0.031387 0.028164 0.015018 0.000969 0.250678 0.012529 3.046981
0.661327 0.031393 0.028091 0.015064 0.000973 0.250609 0.012543 3.050025
0.661318 0.031402 0.028048 0.015023 0.000977 0.250679 0.012553 3.053117
0.661416 0.031358 0.028075 0.015023 0.000979 0.250583 0.012566 3.056203
0.661540 0.031284 0.028059 0.015040 0.000989 0.250510 0.012579 3.059288
0.661737 0.031180 0.028083 0.015034 0.000975 0.250395 0.012596 3.062365
0.661891 0.031110 0.028078 0.015012 0.000977 0.250325 0.012608 3.065440
0.662007 0.031138 0.028071 0.014997 0.000970 0.250196 0.012621 3.068440
0.662104 0.031121 0.028073 0.014961 0.000968 0.250140 0.012633 3.071519
0.662102 0.031209 0.028042 0.014894 0.000962 0.250148 0.012643 3.074521
0.662095 0.031259 0.028025 0.014835 0.000957 0.250172 0.012657 3.077575
0.662185 0.031269 0.027981 0.014884 0.000956 0.250058 0.012668 3.080634
0.662271 0.031284 0.028069 0.014900 0.000951 0.249845 0.012681 3.083722
0.662284 0.031314 0.028069 0.014871 0.000943 0.249825 0.012694 3.086810
0.662341 0.031372 0.028027 0.014863 0.000947 0.249746 0.012705 3.089859
0.662325 0.031475 0.028083 0.014818 0.000958 0.249626 0.012715 3.092923
0.662279 0.031500 0.028019 0.014868 0.000950 0.249653 0.012730 3.095967
0.662232 0.031531 0.028047 0.014920 0.000951 0.249577 0.012741 3.099111
0.662186 0.031612 0.028104 0.014945 0.000945 0.249458 0.012751 3.102164
0.662232 0.031583 0.028155 0.014942 0.000954 0.249372 0.012763 3.105274
0.662228 0.031578 0.028218 0.015033 0.000955 0.249210 0.012777 3.108425
0.662289 0.031555 0.028186 0.015023 0.000950 0.249210 0.012787 3.111519
0.662144 0.031657 0.028137 0.015055 0.000943 0.249260 0.012804 3.114608
0.662211 0.031642 0.028119 0.014993 0.000939 0.249276 0.012819 3.117690
0.662271 0.031598 0.028200 0.014963 0.000937 0.249203 0.012828 3.120806
0.662314 0.031565 0.028211 0.014942 0.000933 0.249194 0.012841 3.123916
0.662311 0.031617 0.028156 0.014967 0.000935 0.249161 0.012852 3.126980
0.662380 0.031598 0.028179 0.014923 0.000934 0.249124 0.012861 3.130075
0.662404 0.031616 0.028205 0.014908 0.000931 0.249061 0.012875 3.133138
0.662338 0.031651 0.028270 0.014888 0.000942 0.249023 0.012888 3.136225
0.662327 0.031765 0.028243 0.014940 0.000929 0.248896 0.012901 3.139261
0.662217 0.031826 0.028264 0.014947 0.000927 0.248905 0.012913 3.142369
0.662280 0.031699 0.028289 0.015039 0.000932 0.248837 0.012925 3.145527
0.662250 0.031760 0.028257 0.015071 0.000936 0.248787 0.012939 3.148594
0.662270 0.031770 0.028294 0.015081 0.000934 0.248698 0.012952 3.151687
0.662299 0.031784 0.028354 0.015084 0.000935 0.248580 0.012965 3.154839
0.662331 0.031722 0.028371 0.015064 0.000936 0.248597 0.012978 3.157984
0.662277 0.031850 0.028326 0.015052 0.000949 0.248554 0.012991 3.161028
0.662189 0.031853 0.028405 0.015088 0.000945 0.248516 0.013004 3.164232
0.662165 0.031818 0.028484 0.015143 0.000946 0.248432 0.013012 3.167410
0.662139 0.031852 0.028495 0.015134 0.000948 0.248407 0.013025 3.170533
0.662083 0.031849 0.028532 0.015198 0.000946 0.248360 0.013033 3.173715
0.662068 0.031779 0.028574 0.015215 0.000947 0.248373 0.013044 3.176859
0.662123 0.031766 0.028553 0.015211 0.000938 0.248346 0.013061 3.179977
0.662220 0.031789 0.028519 0.015185 0.000936 0.248274 0.013077 3.183068
0.662174 0.031872 0.028524 0.015197 0.000939 0.248203 0.013094 3.186147
0.662121 0.031854 0.028592 0.015229 0.000936 0.248160 0.013108 3.189310
0.662043 0.031916 0.028549 0.015232 0.000930 0.248214 0.013117 3.192410
0.662080 0.031930 0.028498 0.015191 0.000934 0.248237 0.013131 3.195503
0.662035 0.032020 0.028455 0.015154 0.000940 0.248257 0.013140 3.198548
0.662054 0.032023 0.028454 0.015156 0.000940 0.248223 0.013149 3.201683
0.662026 0.032021 0.028433 0.015188 0.000942 0.248225 0.013165 3.204779
0.662013 0.031992 0.028469 0.015193 0.000945 0.248214 0.013175 3.207921
0.661985 0.032036 0.028529 0.015197 0.000943 0.248121 0.013189 3.211027
0.661857 0.032073 0.028553 0.015218 0.000940 0.248159 0.013201 3.214185
0.661801 0.032209 0.028459 0.015130 0.000957 0.248235 0.013209 3.217202
0.661738 0.032186 0.028474 0.015164 0.000966 0.248253 0.013220 3.220413
0.661691 0.032231 0.028517 0.015245 0.000970 0.248115 0.013232 3.223584
0.661562 0.032266 0.028530 0.015261 0.000973 0.248165 0.013244 3.226727
0.661461 0.032430 0.028494 0.015236 0.000987 0.248138 0.013253 3.229765
0.661423 0.032390 0.028526 0.015256 0.000992 0.248149 0.013263 3.232969
0.661399 0.032401 0.028573 0.015298 0.000991 0.248061 0.013276 3.236108
0.661316 0.032389 0.028631 0.015339 0.000997 0.248042 0.013287 3.239334
0.661254 0.032359 0.028622 0.015356 0.000994 0.248115 0.013299 3.242482
0.661298 0.032320 0.028662 0.015348 0.001006 0.248054 0.013313 3.245669
0.661230 0.032323 0.028667 0.015338 0.001002 0.248113 0.013327 3.248813
0.661214 0.032299 0.028765 0.015259 0.000999 0.248122 0.013343 3.251954
0.661284 0.032195 0.028778 0.015294 0.000995 0.248102 0.013352 3.255132
0.661218 0.032260 0.028763 0.015297 0.000999 0.248100 0.013364 3.258274
0.661188 0.032194 0.028850 0.015281 0.000998 0.248110 0.013379 3.261492
0.661112 0.032153 0.028870 0.015329 0.001003 0.248143 0.013391 3.264672
0.661047 0.032094 0.028868 0.015320 0.001013 0.248258 0.013401 3.267851
0.661000 0.032152 0.028822 0.015340 0.001010 0.248262 0.013415 3.270992
0.661018 0.032178 0.028765 0.015345 0.001010 0.248255 0.013429 3.274109
0.660920 0.032130 0.028804 0.015281 0.000999 0.248420 0.013447 3.277249
0.660877 0.032084 0.028864 0.015288 0.001003 0.248425 0.013459 3.280409
0.660842 0.032060 0.028919 0.015259 0.001005 0.248443 0.013470 3.283560
0.660886 0.032019 0.028929 0.015264 0.001010 0.248410 0.013482 3.286738
0.660783 0.032043 0.028907 0.015291 0.001011 0.248470 0.013494 3.289878
0.660765 0.032116 0.028871 0.015267 0.001013 0.248461 0.013507 3.292950
0.660719 0.032164 0.028866 0.015209 0.001008 0.248514 0.013521 3.296023
0.660671 0.032107 0.028881 0.015246 0.001011 0.248552 0.013533 3.299224
0.660648 0.032099 0.028840 0.015281 0.001011 0.248577 0.013545 3.302361
0.660573 0.032120 0.028823 0.015320 0.001007 0.248600 0.013557 3.305506
0.660511 0.032089 0.028879 0.015310 0.000998 0.248641 0.013571 3.308700
0.660368 0.032143 0.028906 0.015289 0.001002 0.248708 0.013583 3.311879
0.660262 0.032136 0.028881 0.015255 0.001015 0.248859 0.013592 3.315039
0.660191 0.032172 0.028809 0.015285 0.001005 0.248934 0.013603 3.318194
