0.347135 0.062085 0.055764 0.031994 0.002101 0.494887 0.006035 1.621655
0.349391 0.060167 0.055673 0.031826 0.002086 0.494801 0.006058 1.627615
0.352162 0.057865 0.055454 0.031601 0.002080 0.494755 0.006083 1.633306
0.355366 0.055184 0.055166 0.031300 0.002095 0.494789 0.006101 1.638903
0.358937 0.052527 0.054630 0.030875 0.002086 0.494814 0.006130 1.644194
0.362699 0.049880 0.054117 0.030280 0.002079 0.494789 0.006157 1.649209
0.366832 0.047283 0.053458 0.029808 0.002049 0.494381 0.006189 1.653977
0.370955 0.044831 0.052534 0.029255 0.002050 0.494159 0.006215 1.658477
0.375347 0.042429 0.051734 0.028581 0.002041 0.493618 0.006249 1.662772
0.379642 0.040274 0.050664 0.027892 0.002027 0.493221 0.006279 1.666767
0.384062 0.038126 0.049691 0.027230 0.002023 0.492564 0.006305 1.670640
0.388534 0.036157 0.048619 0.026498 0.001999 0.491862 0.006329 1.674317
0.392980 0.034391 0.047468 0.025720 0.002002 0.491084 0.006355 1.677734
0.397476 0.032633 0.046350 0.025013 0.001981 0.490161 0.006386 1.681060
0.402047 0.031073 0.045193 0.024298 0.001965 0.489017 0.006408 1.684179
0.406659 0.029643 0.044029 0.023543 0.001958 0.487735 0.006433 1.687160
0.411291 0.028276 0.042799 0.022838 0.001929 0.486400 0.006468 1.689975
0.415905 0.026976 0.041655 0.022151 0.001900 0.484919 0.006493 1.692763
0.420571 0.025771 0.040378 0.021492 0.001887 0.483385 0.006517 1.695336
0.425163 0.024721 0.039139 0.020778 0.001866 0.481793 0.006541 1.697759
0.429763 0.023741 0.037987 0.020107 0.001841 0.479995 0.006566 1.700151
0.434464 0.022801 0.036802 0.019443 0.001818 0.478079 0.006592 1.702392
0.439122 0.021954 0.035629 0.018809 0.001795 0.476075 0.006615 1.704549
0.443735 0.021114 0.034523 0.018203 0.001770 0.474016 0.006639 1.706673
0.448363 0.020353 0.033502 0.017653 0.001749 0.471714 0.006666 1.708685
0.453067 0.019617 0.032466 0.017049 0.001727 0.469381 0.006693 1.710636
0.457756 0.018961 0.031397 0.016517 0.001702 0.466953 0.006712 1.712524
0.462330 0.018321 0.030441 0.015960 0.001686 0.464526 0.006737 1.714420
0.466879 0.017768 0.029453 0.015448 0.001673 0.462020 0.006759 1.716179
0.471495 0.017228 0.028507 0.014936 0.001645 0.459408 0.006783 1.717917
0.476066 0.016703 0.027589 0.014431 0.001609 0.456791 0.006811 1.719561
0.480587 0.016161 0.026757 0.013958 0.001589 0.454117 0.006830 1.721224
0.485123 0.015725 0.025911 0.013503 0.001560 0.451324 0.006855 1.722808
0.489651 0.015320 0.025096 0.013095 0.001529 0.448436 0.006873 1.724336
0.494107 0.014921 0.024322 0.012669 0.001502 0.445582 0.006896 1.725855
0.498521 0.014631 0.023578 0.012221 0.001476 0.442658 0.006915 1.727272
0.502911 0.014274 0.022909 0.011854 0.001444 0.439673 0.006935 1.728706
0.507272 0.013963 0.022270 0.011486 0.001420 0.436637 0.006952 1.730124
0.511699 0.013681 0.021554 0.011140 0.001399 0.433555 0.006972 1.731483
0.515881 0.013461 0.020870 0.010783 0.001371 0.430641 0.006992 1.732759
0.520184 0.013263 0.020274 0.010439 0.001350 0.427486 0.007006 1.734019
0.524569 0.013000 0.019717 0.010149 0.001325 0.424216 0.007024 1.735328
0.528835 0.012795 0.019091 0.009837 0.001301 0.421100 0.007042 1.736572
0.533087 0.012560 0.018572 0.009573 0.001260 0.417880 0.007067 1.737833
0.537305 0.012411 0.018105 0.009311 0.001236 0.414547 0.007084 1.739054
0.541453 0.012252 0.017625 0.009071 0.001212 0.411278 0.007107 1.740255
0.545517 0.012031 0.017191 0.008853 0.001195 0.408090 0.007123 1.741470
0.549653 0.011872 0.016783 0.008614 0.001172 0.404770 0.007137 1.742637
0.553668 0.011751 0.016367 0.008402 0.001147 0.401512 0.007154 1.743807
0.557738 0.011627 0.015945 0.008189 0.001122 0.398212 0.007169 1.744921
0.561779 0.011442 0.015579 0.007995 0.001103 0.394920 0.007184 1.746043
0.565675 0.011341 0.015231 0.007806 0.001074 0.391674 0.007199 1.747167
0.569494 0.011238 0.014900 0.007623 0.001064 0.388470 0.007210 1.748299
0.573314 0.011102 0.014592 0.007463 0.001036 0.385264 0.007229 1.749432
0.577065 0.011003 0.014296 0.007301 0.001013 0.382082 0.007242 1.750535
0.580970 0.010909 0.014009 0.007146 0.000978 0.378728 0.007260 1.751616
0.584603 0.010840 0.013741 0.007029 0.000963 0.375554 0.007270 1.752688
0.588261 0.010806 0.013475 0.006902 0.000940 0.372336 0.007282 1.753763
0.591866 0.010759 0.013200 0.006794 0.000923 0.369164 0.007294 1.754825
0.595415 0.010753 0.012955 0.006674 0.000911 0.365990 0.007304 1.755868
0.598974 0.010653 0.012715 0.006577 0.000897 0.362871 0.007315 1.756940
0.602502 0.010658 0.012463 0.006443 0.000876 0.359729 0.007329 1.757962
0.605959 0.010647 0.012260 0.006326 0.000859 0.356606 0.007342 1.758970
0.609337 0.010628 0.012038 0.006225 0.000834 0.353586 0.007353 1.760011
0.612728 0.010600 0.011845 0.006177 0.000809 0.350475 0.007366 1.761043
0.616078 0.010565 0.011711 0.006069 0.000794 0.347407 0.007376 1.762092
0.619432 0.010524 0.011548 0.006031 0.000780 0.344302 0.007383 1.763130
0.622735 0.010504 0.011389 0.005950 0.000764 0.341264 0.007395 1.764150
0.625872 0.010490 0.011217 0.005893 0.000749 0.338376 0.007405 1.765179
0.628967 0.010479 0.011099 0.005870 0.000731 0.335438 0.007417 1.766223
0.632080 0.010497 0.010942 0.005818 0.000728 0.332510 0.007424 1.767256
0.635246 0.010501 0.010851 0.005749 0.000712 0.329508 0.007432 1.768269
0.638357 0.010461 0.010754 0.005680 0.000705 0.326604 0.007440 1.769304
0.641301 0.010468 0.010672 0.005645 0.000689 0.323774 0.007451 1.770340
0.644226 0.010490 0.010637 0.005549 0.000685 0.320953 0.007461 1.771397
0.647178 0.010535 0.010551 0.005509 0.000667 0.318090 0.007472 1.772429
0.650212 0.010530 0.010481 0.005469 0.000652 0.315177 0.007480 1.773457
0.653103 0.010548 0.010411 0.005417 0.000637 0.312395 0.007489 1.774501
0.655826 0.010627 0.010315 0.005361 0.000628 0.309746 0.007498 1.775522
0.658604 0.010705 0.010280 0.005338 0.000613 0.306955 0.007507 1.776546
0.661313 0.010749 0.010191 0.005345 0.000606 0.304283 0.007513 1.777599
0.663949 0.010892 0.010138 0.005271 0.000600 0.301630 0.007520 1.778608
0.666602 0.010924 0.010141 0.005266 0.000592 0.298947 0.007529 1.779689
0.669270 0.010968 0.010105 0.005275 0.000577 0.296267 0.007539 1.780764
0.671779 0.011027 0.010131 0.005262 0.000571 0.293685 0.007544 1.781867
0.674292 0.011133 0.010093 0.005235 0.000567 0.291127 0.007552 1.782924
0.676780 0.011186 0.010118 0.005216 0.000563 0.288581 0.007556 1.784020
0.679264 0.011215 0.010145 0.005245 0.000558 0.286010 0.007563 1.785147
0.681774 0.011238 0.010152 0.005232 0.000550 0.283485 0.007570 1.786260
0.684159 0.011284 0.010166 0.005229 0.000542 0.281041 0.007581 1.787397
0.686539 0.011402 0.010148 0.005221 0.000533 0.278572 0.007585 1.788478
0.688777 0.011477 0.010150 0.005232 0.000527 0.276243 0.007595 1.789597
0.691076 0.011565 0.010145 0.005239 0.000524 0.273850 0.007602 1.790702
0.693304 0.011668 0.010160 0.005237 0.000513 0.271511 0.007607 1.791819
0.695459 0.011727 0.010202 0.005258 0.000518 0.269223 0.007613 1.792979
0.697553 0.011813 0.010257 0.005253 0.000508 0.266995 0.007622 1.794152
0.699605 0.011928 0.010216 0.005295 0.000497 0.264830 0.007630 1.795287
0.701654 0.011967 0.010260 0.005327 0.000486 0.262670 0.007638 1.796484
0.703557 0.012157 0.010330 0.005322 0.000480 0.260511 0.007645 1.797627
0.705580 0.012225 0.010379 0.005350 0.000479 0.258340 0.007648 1.798832
0.707466 0.012294 0.010467 0.005409 0.000470 0.256241 0.007652 1.800071
0.709337 0.012411 0.010507 0.005423 0.000461 0.254203 0.007659 1.801260
0.711150 0.012562 0.010570 0.005432 0.000451 0.252168 0.007667 1.802474
0.712933 0.012691 0.010623 0.005455 0.000449 0.250180 0.007670 1.803692
0.714661 0.012794 0.010704 0.005479 0.000447 0.248239 0.007676 1.804958
0.716398 0.012854 0.010781 0.005540 0.000435 0.246312 0.007680 1.806252
0.718079 0.012950 0.010830 0.005576 0.000434 0.244447 0.007685 1.807515
0.719725 0.013052 0.010876 0.005605 0.000432 0.242622 0.007688 1.808779
0.721354 0.013193 0.010916 0.005652 0.000435 0.240757 0.007695 1.810071
0.722934 0.013305 0.011006 0.005700 0.000432 0.238921 0.007702 1.811379
0.724374 0.013454 0.011053 0.005711 0.000432 0.237266 0.007710 1.812688
0.725841 0.013582 0.011207 0.005771 0.000437 0.235449 0.007715 1.814052
0.727271 0.013756 0.011261 0.005803 0.000441 0.233749 0.007719 1.815382
0.728601 0.013863 0.011369 0.005847 0.000441 0.232155 0.007726 1.816767
0.730010 0.013975 0.011500 0.005858 0.000435 0.230491 0.007731 1.818114
0.731298 0.014169 0.011557 0.005894 0.000438 0.228908 0.007737 1.819487
0.732607 0.014258 0.011662 0.005937 0.000429 0.227364 0.007743 1.820909
0.733904 0.014450 0.011754 0.006003 0.000426 0.225711 0.007752 1.822303
0.735074 0.014594 0.011922 0.006035 0.000427 0.224191 0.007758 1.823764
0.736275 0.014801 0.011988 0.006086 0.000428 0.222659 0.007762 1.825168
0.737432 0.014973 0.012085 0.006138 0.000426 0.221180 0.007765 1.826614
0.738521 0.015146 0.012174 0.006210 0.000419 0.219759 0.007769 1.828082
0.739527 0.015390 0.012268 0.006247 0.000418 0.218374 0.007776 1.829523
0.740592 0.015462 0.012426 0.006301 0.000420 0.217016 0.007782 1.831063
0.741575 0.015566 0.012557 0.006395 0.000415 0.215706 0.007787 1.832645
0.742615 0.015651 0.012679 0.006453 0.000418 0.214391 0.007792 1.834209
0.743582 0.015799 0.012848 0.006535 0.000420 0.213019 0.007796 1.835782
0.744514 0.015924 0.012965 0.006602 0.000414 0.211779 0.007801 1.837395
0.745363 0.016168 0.013083 0.006655 0.000421 0.210506 0.007805 1.838960
0.746247 0.016308 0.013186 0.006748 0.000419 0.209280 0.007812 1.840556
0.747076 0.016504 0.013280 0.006786 0.000419 0.208118 0.007816 1.842126
0.747905 0.016586 0.013426 0.006866 0.000423 0.206974 0.007821 1.843802
0.748685 0.016703 0.013550 0.006936 0.000429 0.205874 0.007824 1.845446
0.749442 0.016859 0.013666 0.007016 0.000429 0.204759 0.007828 1.847085
0.750150 0.017107 0.013774 0.007084 0.000431 0.203621 0.007834 1.848727
0.750846 0.017315 0.013896 0.007134 0.000429 0.202539 0.007840 1.850384
0.751489 0.017467 0.014040 0.007180 0.000426 0.201550 0.007848 1.852105
0.752092 0.017707 0.014112 0.007247 0.000423 0.200566 0.007852 1.853798
0.752658 0.017866 0.014250 0.007332 0.000428 0.199608 0.007857 1.855536
0.753231 0.018087 0.014377 0.007356 0.000426 0.198661 0.007863 1.857258
0.753716 0.018280 0.014507 0.007391 0.000426 0.197810 0.007871 1.859005
0.754127 0.018466 0.014633 0.007472 0.000429 0.196999 0.007874 1.860791
0.754520 0.018706 0.014811 0.007538 0.000428 0.196117 0.007879 1.862608
0.754886 0.018880 0.014960 0.007633 0.000427 0.195330 0.007885 1.864477
0.755321 0.019002 0.015131 0.007726 0.000424 0.194506 0.007892 1.866365
0.755661 0.019109 0.015327 0.007809 0.000428 0.193770 0.007896 1.868297
0.756019 0.019244 0.015515 0.007868 0.000434 0.193018 0.007902 1.870214
0.756383 0.019364 0.015686 0.007966 0.000445 0.192251 0.007906 1.872157
0.756671 0.019494 0.015761 0.008054 0.000444 0.191664 0.007912 1.874060
0.756962 0.019628 0.015902 0.008132 0.000448 0.191007 0.007921 1.876001
0.757210 0.019788 0.016066 0.008233 0.000448 0.190326 0.007930 1.877929
0.757443 0.019970 0.016183 0.008311 0.000456 0.189705 0.007933 1.879864
0.757761 0.020047 0.016376 0.008430 0.000453 0.188995 0.007938 1.881893
0.757945 0.020229 0.016495 0.008515 0.000462 0.188410 0.007945 1.883849
0.758197 0.020273 0.016666 0.008585 0.000469 0.187861 0.007948 1.885908
0.758402 0.020369 0.016788 0.008643 0.000467 0.187378 0.007952 1.887936
0.758524 0.020494 0.016919 0.008734 0.000467 0.186905 0.007958 1.889965
0.758595 0.020691 0.017080 0.008723 0.000468 0.186480 0.007963 1.891990
0.758721 0.020809 0.017218 0.008800 0.000469 0.186017 0.007967 1.894043
0.758879 0.020970 0.017306 0.008814 0.000475 0.185585 0.007972 1.896043
0.759041 0.020999 0.017429 0.008850 0.000470 0.185228 0.007982 1.898131
0.759144 0.021116 0.017549 0.008939 0.000475 0.184788 0.007989 1.900222
0.759278 0.021207 0.017645 0.008991 0.000480 0.184403 0.007996 1.902294
0.759466 0.021294 0.017740 0.009029 0.000482 0.183987 0.008003 1.904353
0.759577 0.021343 0.017896 0.009081 0.000483 0.183613 0.008009 1.906474
0.759618 0.021421 0.018034 0.009116 0.000486 0.183313 0.008013 1.908604
0.759763 0.021549 0.018120 0.009161 0.000484 0.182902 0.008022 1.910672
0.759944 0.021592 0.018287 0.009215 0.000486 0.182447 0.008030 1.912796
0.759970 0.021715 0.018377 0.009291 0.000494 0.182118 0.008034 1.914895
0.760046 0.021839 0.018437 0.009300 0.000504 0.181834 0.008040 1.916994
0.760134 0.021922 0.018511 0.009377 0.000510 0.181499 0.008047 1.919136
0.760201 0.021968 0.018601 0.009443 0.000521 0.181213 0.008053 1.921317
0.760149 0.022093 0.018666 0.009549 0.000526 0.180960 0.008058 1.923487
0.760225 0.022134 0.018729 0.009638 0.000522 0.180687 0.008065 1.925670
0.760244 0.022188 0.018840 0.009680 0.000529 0.180451 0.008068 1.927837
0.760335 0.022175 0.018995 0.009692 0.000530 0.180197 0.008075 1.930012
0.760343 0.022176 0.019093 0.009740 0.000530 0.180035 0.008082 1.932230
0.760381 0.022227 0.019133 0.009736 0.000524 0.179908 0.008092 1.934379
0.760392 0.022333 0.019238 0.009710 0.000538 0.179692 0.008097 1.936524
0.760361 0.022399 0.019310 0.009758 0.000541 0.179526 0.008104 1.938715
0.760390 0.022368 0.019351 0.009793 0.000543 0.179446 0.008110 1.940908
0.760396 0.022358 0.019443 0.009823 0.000547 0.179317 0.008117 1.943125
0.760457 0.022425 0.019465 0.009885 0.000549 0.179095 0.008124 1.945290
0.760529 0.022441 0.019493 0.009922 0.000553 0.178930 0.008132 1.947470
0.760594 0.022372 0.019575 0.009922 0.000553 0.178843 0.008141 1.949700
0.760705 0.022222 0.019641 0.009934 0.000555 0.178793 0.008150 1.951965
0.760755 0.022210 0.019712 0.009944 0.000566 0.178657 0.008156 1.954151
0.760846 0.022211 0.019685 0.009965 0.000569 0.178560 0.008164 1.956309
0.760808 0.022301 0.019754 0.009974 0.000573 0.178420 0.008171 1.958446
0.760881 0.022276 0.019795 0.010014 0.000577 0.178276 0.008181 1.960654
0.760995 0.022219 0.019831 0.010064 0.000579 0.178124 0.008189 1.962846
0.761021 0.022231 0.019902 0.010083 0.000570 0.177995 0.008197 1.965023
0.761167 0.022233 0.019886 0.010037 0.000577 0.177895 0.008205 1.967122
0.761211 0.022233 0.019896 0.010048 0.000584 0.177818 0.008211 1.969285
0.761362 0.022142 0.019919 0.010071 0.000591 0.177698 0.008217 1.971503
0.761541 0.022052 0.019947 0.010049 0.000597 0.177592 0.008223 1.973648
0.761591 0.022025 0.019936 0.010062 0.000598 0.177561 0.008227 1.975814
0.761715 0.022044 0.019912 0.010029 0.000610 0.177457 0.008233 1.977929
0.761794 0.021999 0.019855 0.010067 0.000620 0.177426 0.008240 1.980038
0.761828 0.021925 0.019893 0.010072 0.000621 0.177416 0.008245 1.982223
0.762003 0.021834 0.019896 0.010027 0.000626 0.177364 0.008251 1.984355
0.762115 0.021790 0.019911 0.010016 0.000625 0.177286 0.008257 1.986489
0.762148 0.021894 0.019925 0.009970 0.000620 0.177176 0.008266 1.988574
0.762274 0.021829 0.019906 0.009994 0.000625 0.177099 0.008272 1.990731
0.762393 0.021816 0.019893 0.009958 0.000623 0.177032 0.008284 1.992848
0.762483 0.021743 0.019914 0.009964 0.000625 0.176981 0.008291 1.995006
0.762554 0.021747 0.019844 0.009996 0.000633 0.176925 0.008300 1.997124
0.762785 0.021654 0.019779 0.009974 0.000633 0.176865 0.008311 1.999221
0.762962 0.021613 0.019758 0.009936 0.000630 0.176779 0.008323 2.001304
0.763035 0.021617 0.019751 0.009966 0.000623 0.176675 0.008333 2.003399
0.763239 0.021539 0.019794 0.009949 0.000627 0.176512 0.008339 2.005518
0.763362 0.021494 0.019788 0.009969 0.000632 0.176411 0.008345 2.007616
0.763414 0.021503 0.019802 0.009968 0.000627 0.176328 0.008357 2.009713
0.763534 0.021488 0.019774 0.009953 0.000621 0.176265 0.008366 2.011801
0.763696 0.021417 0.019771 0.009974 0.000617 0.176151 0.008374 2.013930
0.763794 0.021395 0.019721 0.009994 0.000622 0.176093 0.008380 2.016001
0.763960 0.021396 0.019686 0.009980 0.000618 0.175971 0.008389 2.018059
0.764175 0.021347 0.019653 0.009902 0.000618 0.175913 0.008394 2.020105
0.764275 0.021344 0.019642 0.009869 0.000614 0.175855 0.008401 2.022189
0.764429 0.021242 0.019626 0.009887 0.000613 0.175792 0.008411 2.024279
0.764604 0.021114 0.019623 0.009874 0.000617 0.175751 0.008417 2.026393
0.764787 0.021078 0.019609 0.009871 0.000622 0.175608 0.008424 2.028476
0.764890 0.021009 0.019604 0.009877 0.000629 0.175562 0.008431 2.030555
0.765075 0.020913 0.019626 0.009885 0.000634 0.175432 0.008435 2.032656
0.765283 0.020899 0.019572 0.009871 0.000633 0.175299 0.008443 2.034676
0.765456 0.020759 0.019591 0.009882 0.000632 0.175230 0.008450 2.036753
0.765639 0.020747 0.019542 0.009828 0.000635 0.175152 0.008459 2.038775
0.765804 0.020720 0.019505 0.009790 0.000643 0.175069 0.008468 2.040796
0.766017 0.020693 0.019477 0.009741 0.000646 0.174953 0.008474 2.042829
0.766135 0.020653 0.019477 0.009729 0.000639 0.174882 0.008483 2.044887
0.766364 0.020582 0.019497 0.009726 0.000636 0.174703 0.008491 2.046924
0.766605 0.020517 0.019488 0.009688 0.000635 0.174570 0.008498 2.048953
0.766903 0.020426 0.019383 0.009675 0.000635 0.174472 0.008507 2.050954
0.767092 0.020415 0.019382 0.009638 0.000625 0.174333 0.008516 2.052951
0.767371 0.020408 0.019258 0.009646 0.000622 0.174170 0.008526 2.054921
0.767604 0.020386 0.019227 0.009597 0.000618 0.174038 0.008531 2.056903
0.767857 0.020346 0.019128 0.009542 0.000615 0.173972 0.008540 2.058882
0.768078 0.020294 0.019037 0.009582 0.000621 0.173843 0.008547 2.060885
0.768327 0.020191 0.018942 0.009596 0.000616 0.173774 0.008555 2.062851
0.768549 0.020132 0.018947 0.009543 0.000611 0.173652 0.008566 2.064848
0.768812 0.020056 0.018901 0.009530 0.000614 0.173517 0.008571 2.066828
0.769129 0.019996 0.018888 0.009491 0.000612 0.173306 0.008579 2.068785
0.769375 0.019914 0.018870 0.009496 0.000608 0.173149 0.008587 2.070784
0.769633 0.019904 0.018813 0.009451 0.000599 0.173005 0.008596 2.072687
0.769819 0.019901 0.018770 0.009407 0.000602 0.172898 0.008603 2.074618
0.770057 0.019873 0.018704 0.009403 0.000597 0.172757 0.008610 2.076575
0.770274 0.019826 0.018701 0.009377 0.000596 0.172611 0.008615 2.078544
0.770558 0.019747 0.018726 0.009343 0.000598 0.172404 0.008624 2.080502
0.770892 0.019671 0.018637 0.009291 0.000591 0.172284 0.008634 2.082386
0.771079 0.019644 0.018552 0.009264 0.000586 0.172234 0.008642 2.084332
0.771348 0.019626 0.018500 0.009228 0.000589 0.172058 0.008649 2.086262
0.771566 0.019598 0.018471 0.009243 0.000581 0.171881 0.008661 2.088233
0.771810 0.019611 0.018467 0.009191 0.000579 0.171673 0.008670 2.090130
0.772186 0.019456 0.018450 0.009186 0.000582 0.171465 0.008675 2.092054
0.772501 0.019387 0.018373 0.009130 0.000580 0.171349 0.008680 2.093948
0.772791 0.019254 0.018342 0.009135 0.000576 0.171217 0.008684 2.095911
0.773072 0.019202 0.018265 0.009130 0.000569 0.171067 0.008694 2.097806
0.773418 0.019088 0.018195 0.009123 0.000573 0.170903 0.008700 2.099710
0.773701 0.019049 0.018140 0.009091 0.000574 0.170735 0.008710 2.101619
0.773983 0.019064 0.018093 0.009027 0.000577 0.170537 0.008718 2.103467
0.774408 0.018955 0.018047 0.009022 0.000581 0.170262 0.008726 2.105346
0.774650 0.019028 0.017970 0.008949 0.000578 0.170090 0.008735 2.107163
0.774848 0.018989 0.017926 0.008983 0.000577 0.169934 0.008743 2.109052
0.775145 0.018967 0.017925 0.008962 0.000568 0.169683 0.008750 2.110913
0.775321 0.019033 0.017880 0.008944 0.000562 0.169498 0.008764 2.112740
0.775556 0.019068 0.017815 0.008923 0.000555 0.169310 0.008773 2.114589
0.775733 0.019061 0.017799 0.008937 0.000554 0.169135 0.008781 2.116493
0.775980 0.019073 0.017741 0.008898 0.000558 0.168963 0.008787 2.118312
0.776170 0.019101 0.017703 0.008892 0.000557 0.168781 0.008795 2.120160
0.776423 0.019050 0.017696 0.008896 0.000553 0.168574 0.008807 2.122066
0.776678 0.019077 0.017669 0.008926 0.000553 0.168287 0.008811 2.123922
0.776865 0.019081 0.017684 0.008887 0.000548 0.168117 0.008818 2.125787
0.777131 0.019009 0.017687 0.008875 0.000549 0.167926 0.008824 2.127644
0.777380 0.019088 0.017659 0.008855 0.000540 0.167645 0.008832 2.129469
0.777614 0.019096 0.017648 0.008845 0.000541 0.167417 0.008839 2.131341
0.777848 0.019092 0.017680 0.008836 0.000546 0.167152 0.008845 2.133218
0.778003 0.019137 0.017679 0.008821 0.000554 0.166953 0.008853 2.135097
0.778278 0.019062 0.017710 0.008796 0.000552 0.166742 0.008860 2.136998
0.778490 0.019024 0.017721 0.008779 0.000554 0.166566 0.008866 2.138886
0.778670 0.019082 0.017692 0.008758 0.000555 0.166372 0.008870 2.140734
0.778858 0.019056 0.017673 0.008778 0.000553 0.166206 0.008877 2.142613
0.778972 0.019196 0.017604 0.008719 0.000553 0.166071 0.008885 2.144376
0.779140 0.019182 0.017552 0.008727 0.000555 0.165955 0.008889 2.146272
0.779374 0.019136 0.017595 0.008742 0.000559 0.165698 0.008896 2.148155
0.779570 0.019104 0.017627 0.008732 0.000559 0.165503 0.008905 2.150060
0.779705 0.019145 0.017572 0.008720 0.000564 0.165384 0.008911 2.151904
0.779889 0.019156 0.017554 0.008698 0.000568 0.165221 0.008915 2.153765
0.780075 0.019151 0.017570 0.008682 0.000567 0.165034 0.008921 2.155637
0.780253 0.019136 0.017555 0.008680 0.000561 0.164886 0.008929 2.157491
0.780482 0.019115 0.017526 0.008680 0.000567 0.164694 0.008936 2.159350
0.780691 0.019096 0.017536 0.008654 0.000563 0.164515 0.008947 2.161249
0.780882 0.019047 0.017546 0.008640 0.000557 0.164373 0.008954 2.163139
0.780960 0.019028 0.017564 0.008638 0.000557 0.164292 0.008962 2.165037
0.781122 0.019026 0.017582 0.008633 0.000558 0.164111 0.008969 2.166924
0.781240 0.019066 0.017590 0.008614 0.000558 0.163958 0.008974 2.168788
0.781421 0.019063 0.017531 0.008614 0.000561 0.163832 0.008978 2.170648
0.781589 0.019087 0.017473 0.008627 0.000563 0.163676 0.008986 2.172502
0.781787 0.019074 0.017477 0.008638 0.000556 0.163477 0.008991 2.174349
0.781913 0.019114 0.017479 0.008636 0.000552 0.163306 0.008999 2.176224
0.782086 0.019074 0.017502 0.008639 0.000554 0.163135 0.009010 2.178110
0.782275 0.019055 0.017440 0.008688 0.000546 0.162979 0.009017 2.179975
0.782439 0.019081 0.017404 0.008688 0.000548 0.162814 0.009026 2.181836
0.782570 0.019041 0.017464 0.008723 0.000557 0.162615 0.009030 2.183753
0.782722 0.019053 0.017474 0.008710 0.000557 0.162449 0.009036 2.185637
0.782829 0.019108 0.017448 0.008675 0.000566 0.162332 0.009042 2.187460
0.782990 0.019064 0.017466 0.008689 0.000573 0.162173 0.009046 2.189350
0.783098 0.019113 0.017475 0.008707 0.000575 0.161981 0.009052 2.191202
0.783216 0.019129 0.017511 0.008711 0.000575 0.161801 0.009057 2.193102
0.783303 0.019204 0.017525 0.008717 0.000568 0.161618 0.009065 2.195007
0.783439 0.019155 0.017571 0.008762 0.000572 0.161428 0.009072 2.196935
0.783545 0.019119 0.017582 0.008807 0.000572 0.161297 0.009078 2.198862
0.783677 0.019151 0.017619 0.008788 0.000577 0.161106 0.009083 2.200719
0.783777 0.019169 0.017617 0.008858 0.000575 0.160912 0.009093 2.202604
0.783857 0.019223 0.017606 0.008823 0.000580 0.160813 0.009099 2.204447
0.783937 0.019242 0.017609 0.008816 0.000588 0.160704 0.009104 2.206352
0.784022 0.019228 0.017589 0.008811 0.000588 0.160651 0.009111 2.208252
0.784060 0.019336 0.017579 0.008812 0.000583 0.160513 0.009117 2.210100
0.784079 0.019352 0.017605 0.008802 0.000579 0.160456 0.009129 2.212000
0.784201 0.019369 0.017571 0.008804 0.000577 0.160344 0.009135 2.213844
0.784282 0.019348 0.017678 0.008853 0.000582 0.160116 0.009142 2.215802
0.784377 0.019325 0.017674 0.008871 0.000579 0.160025 0.009152 2.217713
0.784466 0.019304 0.017706 0.008873 0.000584 0.159908 0.009158 2.219614
0.784517 0.019337 0.017728 0.008886 0.000577 0.159790 0.009166 2.221507
0.784615 0.019385 0.017685 0.008899 0.000565 0.159677 0.009175 2.223351
0.784735 0.019443 0.017672 0.008864 0.000570 0.159535 0.009182 2.225190
0.784793 0.019474 0.017701 0.008878 0.000570 0.159393 0.009191 2.227103
0.784958 0.019371 0.017708 0.008880 0.000574 0.159307 0.009201 2.229051
0.785045 0.019402 0.017657 0.008872 0.000581 0.159235 0.009208 2.230946
0.785173 0.019385 0.017637 0.008848 0.000571 0.159171 0.009216 2.232828
0.785287 0.019346 0.017629 0.008849 0.000571 0.159097 0.009222 2.234736
0.785373 0.019346 0.017661 0.008858 0.000568 0.158967 0.009229 2.236641
0.785480 0.019331 0.017697 0.008849 0.000563 0.158844 0.009237 2.238537
0.785491 0.019430 0.017690 0.008847 0.000561 0.158739 0.009242 2.240390
0.785531 0.019441 0.017692 0.008836 0.000562 0.158690 0.009249 2.242290
0.785579 0.019454 0.017708 0.008815 0.000552 0.158633 0.009259 2.244201
0.785660 0.019367 0.017709 0.008810 0.000552 0.158635 0.009266 2.246127
0.785812 0.019321 0.017678 0.008814 0.000556 0.158550 0.009270 2.247984
0.785763 0.019366 0.017690 0.008789 0.000556 0.158558 0.009278 2.249878
0.785827 0.019410 0.017728 0.008741 0.000559 0.158452 0.009284 2.251775
0.785866 0.019374 0.017704 0.008760 0.000565 0.158440 0.009290 2.253692
0.785931 0.019390 0.017675 0.008774 0.000565 0.158370 0.009295 2.255578
0.785931 0.019416 0.017647 0.008764 0.000560 0.158380 0.009301 2.257447
0.785990 0.019414 0.017609 0.008821 0.000560 0.158297 0.009309 2.259341
0.785980 0.019408 0.017639 0.008815 0.000554 0.158291 0.009314 2.261276
0.786100 0.019365 0.017668 0.008835 0.000548 0.158163 0.009321 2.263204
0.786245 0.019261 0.017754 0.008820 0.000551 0.158045 0.009326 2.265143
0.786264 0.019257 0.017763 0.008829 0.000547 0.158009 0.009333 2.267082
0.786306 0.019305 0.017789 0.008792 0.000551 0.157922 0.009337 2.268965
0.786343 0.019290 0.017835 0.008851 0.000545 0.157792 0.009345 2.270929
0.786323 0.019357 0.017837 0.008871 0.000537 0.157723 0.009354 2.272820
0.786344 0.019412 0.017817 0.008837 0.000546 0.157686 0.009358 2.274684
0.786293 0.019448 0.017825 0.008823 0.000555 0.157693 0.009365 2.276601
0.786381 0.019436 0.017786 0.008808 0.000563 0.157656 0.009369 2.278480
0.786414 0.019510 0.017787 0.008773 0.000573 0.157568 0.009376 2.280343
0.786511 0.019520 0.017801 0.008798 0.000578 0.157410 0.009382 2.282243
0.786505 0.019562 0.017816 0.008819 0.000580 0.157331 0.009387 2.284179
0.786477 0.019626 0.017804 0.008837 0.000579 0.157284 0.009394 2.286126
0.786452 0.019648 0.017801 0.008864 0.000578 0.157255 0.009402 2.288048
0.786493 0.019691 0.017805 0.008907 0.000575 0.157118 0.009412 2.289952
0.786513 0.019677 0.017737 0.008919 0.000573 0.157166 0.009417 2.291863
0.786511 0.019658 0.017744 0.008930 0.000570 0.157163 0.009426 2.293813
0.786509 0.019700 0.017709 0.008898 0.000571 0.157177 0.009436 2.295692
0.786528 0.019666 0.017763 0.008917 0.000570 0.157113 0.009443 2.297659
0.786534 0.019641 0.017838 0.008902 0.000569 0.157065 0.009452 2.299590
0.786511 0.019683 0.017819 0.008924 0.000572 0.157035 0.009459 2.301521
0.786626 0.019617 0.017872 0.008932 0.000568 0.156920 0.009466 2.303437
0.786646 0.019607 0.017921 0.008962 0.000572 0.156824 0.009470 2.305374
0.786715 0.019588 0.017901 0.008970 0.000568 0.156779 0.009478 2.307297
0.786764 0.019576 0.017923 0.008980 0.000562 0.156706 0.009489 2.309206
0.786777 0.019623 0.017840 0.008972 0.000576 0.156718 0.009494 2.311079
0.786827 0.019582 0.017887 0.009004 0.000581 0.156622 0.009498 2.313020
0.786805 0.019642 0.017847 0.008967 0.000580 0.156656 0.009505 2.314903
0.786832 0.019660 0.017855 0.008958 0.000577 0.156605 0.009513 2.316809
0.786828 0.019619 0.017872 0.008997 0.000580 0.156585 0.009520 2.318781
0.786904 0.019617 0.017877 0.008981 0.000580 0.156515 0.009527 2.320702
0.786955 0.019564 0.017928 0.008981 0.000580 0.156460 0.009533 2.322646
0.786950 0.019659 0.017950 0.008948 0.000583 0.156369 0.009541 2.324516
0.786929 0.019698 0.017960 0.008977 0.000580 0.156313 0.009546 2.326429
0.786941 0.019678 0.017957 0.008960 0.000586 0.156325 0.009553 2.328347
0.786966 0.019666 0.017951 0.008971 0.000583 0.156300 0.009562 2.330272
0.786969 0.019709 0.017922 0.008983 0.000584 0.156264 0.009568 2.332176
0.786935 0.019701 0.017918 0.008995 0.000579 0.156294 0.009578 2.334110
0.786953 0.019749 0.017944 0.008976 0.000580 0.156215 0.009584 2.336047
0.786939 0.019772 0.017963 0.008963 0.000584 0.156188 0.009592 2.337982
0.786850 0.019788 0.018011 0.008963 0.000582 0.156209 0.009599 2.339973
0.786872 0.019719 0.018080 0.009008 0.000577 0.156137 0.009607 2.341946
0.786892 0.019722 0.018142 0.009004 0.000586 0.156041 0.009613 2.343895
0.786913 0.019720 0.018152 0.009029 0.000586 0.155981 0.009619 2.345846
0.786843 0.019820 0.018122 0.009014 0.000589 0.155988 0.009625 2.347749
0.786778 0.019824 0.018057 0.009035 0.000586 0.156091 0.009629 2.349700
0.786776 0.019873 0.018104 0.009031 0.000585 0.155995 0.009636 2.351614
0.786727 0.019865 0.018121 0.009026 0.000585 0.156037 0.009640 2.353553
0.786724 0.019882 0.018037 0.009049 0.000581 0.156077 0.009651 2.355473
0.786722 0.019894 0.018131 0.009045 0.000579 0.155965 0.009663 2.357437
0.786679 0.019887 0.018155 0.009043 0.000576 0.155992 0.009669 2.359392
0.786643 0.019928 0.018159 0.009081 0.000566 0.155946 0.009678 2.361324
0.786495 0.019951 0.018198 0.009117 0.000569 0.155987 0.009685 2.363322
0.786484 0.019955 0.018174 0.009102 0.000573 0.156022 0.009692 2.365256
0.786503 0.019931 0.018151 0.009113 0.000569 0.156034 0.009700 2.367188
0.786516 0.019942 0.018162 0.009086 0.000573 0.156016 0.009705 2.369109
0.786484 0.019940 0.018160 0.009080 0.000573 0.156052 0.009711 2.371063
0.786505 0.019908 0.018141 0.009076 0.000565 0.156084 0.009720 2.373010
0.786553 0.019896 0.018127 0.009033 0.000565 0.156097 0.009730 2.374962
0.786527 0.019878 0.018135 0.009070 0.000574 0.156083 0.009733 2.376937
0.786511 0.019916 0.018151 0.009076 0.000573 0.156032 0.009741 2.378888
0.786504 0.019920 0.018197 0.009086 0.000577 0.155968 0.009748 2.380829
0.786503 0.019912 0.018237 0.009085 0.000567 0.155943 0.009753 2.382801
0.786506 0.019864 0.018292 0.009083 0.000568 0.155926 0.009761 2.384800
0.786456 0.019894 0.018305 0.009077 0.000566 0.155934 0.009770 2.386749
0.786474 0.019892 0.018262 0.009105 0.000568 0.155922 0.009777 2.388676
0.786458 0.019935 0.018248 0.009114 0.000560 0.155896 0.009788 2.390619
0.786397 0.019883 0.018253 0.009098 0.000559 0.156017 0.009794 2.392607
0.786384 0.019861 0.018262 0.009094 0.000564 0.156034 0.009801 2.394548
0.786354 0.019871 0.018238 0.009116 0.000559 0.156054 0.009809 2.396499
0.786335 0.019965 0.018176 0.009077 0.000554 0.156075 0.009817 2.398373
0.786353 0.019926 0.018239 0.009074 0.000550 0.156031 0.009827 2.400334
0.786317 0.019928 0.018239 0.009095 0.000547 0.156039 0.009836 2.402298
0.786288 0.019918 0.018253 0.009083 0.000543 0.156072 0.009843 2.404246
0.786289 0.019848 0.018230 0.009090 0.000551 0.156144 0.009849 2.406255
0.786357 0.019836 0.018220 0.009053 0.000550 0.156128 0.009856 2.408187
0.786324 0.019879 0.018195 0.009027 0.000545 0.156167 0.009864 2.410095
0.786324 0.019849 0.018202 0.009025 0.000550 0.156185 0.009867 2.412056
0.786297 0.019867 0.018233 0.009040 0.000545 0.156145 0.009873 2.413993
0.786285 0.019859 0.018208 0.009059 0.000546 0.156167 0.009878 2.415938
0.786353 0.019763 0.018188 0.009097 0.000545 0.156169 0.009885 2.417902
0.786408 0.019761 0.018172 0.009149 0.000541 0.156079 0.009892 2.419834
0.786443 0.019679 0.018251 0.009160 0.000542 0.156026 0.009900 2.421851
0.786484 0.019617 0.018273 0.009126 0.000547 0.156046 0.009907 2.423784
0.786490 0.019625 0.018235 0.009130 0.000552 0.156055 0.009914 2.425714
0.786544 0.019618 0.018205 0.009148 0.000556 0.156013 0.009918 2.427642
0.786537 0.019675 0.018174 0.009087 0.000555 0.156050 0.009923 2.429519
0.786568 0.019697 0.018106 0.009069 0.000557 0.156074 0.009930 2.431385
0.786570 0.019668 0.018074 0.009072 0.000546 0.156130 0.009940 2.433310
0.786585 0.019698 0.018041 0.009084 0.000547 0.156100 0.009946 2.435238
0.786507 0.019736 0.018053 0.009097 0.000548 0.156107 0.009951 2.437144
0.786547 0.019696 0.018081 0.009100 0.000551 0.156069 0.009957 2.439113
0.786566 0.019716 0.018027 0.009087 0.000555 0.156087 0.009964 2.441000
0.786550 0.019776 0.017990 0.009079 0.000550 0.156081 0.009975 2.442900
0.786570 0.019799 0.018008 0.009084 0.000541 0.156018 0.009981 2.444846
0.786645 0.019738 0.018053 0.009065 0.000541 0.155968 0.009990 2.446830
0.786646 0.019728 0.018086 0.009058 0.000550 0.155935 0.009998 2.448764
0.786570 0.019754 0.018102 0.009087 0.000547 0.155937 0.010003 2.450741
0.786617 0.019780 0.018042 0.009077 0.000545 0.155928 0.010011 2.452634
0.786592 0.019806 0.018046 0.009051 0.000539 0.155947 0.010020 2.454583
0.786598 0.019817 0.018044 0.009022 0.000540 0.155953 0.010027 2.456521
0.786586 0.019860 0.017992 0.009006 0.000542 0.155979 0.010036 2.458413
0.786609 0.019751 0.018049 0.008985 0.000543 0.156023 0.010041 2.460406
0.786579 0.019810 0.018056 0.008952 0.000547 0.156009 0.010046 2.462318
0.786500 0.019826 0.018044 0.008960 0.000544 0.156072 0.010054 2.464242
0.786532 0.019786 0.018027 0.008946 0.000543 0.156104 0.010061 2.466183
0.786611 0.019751 0.018041 0.008946 0.000542 0.156041 0.010068 2.468122
0.786606 0.019752 0.018047 0.008917 0.000544 0.156062 0.010073 2.470041
0.786516 0.019820 0.018071 0.008927 0.000552 0.156037 0.010078 2.471993
0.786573 0.019787 0.018116 0.008930 0.000551 0.155962 0.010083 2.473932
0.786491 0.019843 0.018110 0.008913 0.000550 0.156005 0.010089 2.475831
0.786555 0.019785 0.018107 0.008942 0.000545 0.155973 0.010093 2.477777
0.786551 0.019785 0.018096 0.008974 0.000539 0.155954 0.010101 2.479715
0.786565 0.019761 0.018070 0.008995 0.000545 0.155956 0.010107 2.481666
0.786616 0.019738 0.018100 0.008949 0.000545 0.155938 0.010115 2.483611
0.786704 0.019688 0.018130 0.008953 0.000542 0.155863 0.010121 2.485539
0.786590 0.019692 0.018156 0.008940 0.000544 0.155952 0.010127 2.487495
0.786668 0.019704 0.018146 0.008928 0.000549 0.155872 0.010134 2.489407
0.786678 0.019748 0.018070 0.008939 0.000548 0.155877 0.010139 2.491310
0.786555 0.019871 0.017990 0.008940 0.000538 0.155957 0.010148 2.493181
0.786514 0.019879 0.017964 0.008993 0.000537 0.155958 0.010154 2.495126
0.786595 0.019844 0.018029 0.008957 0.000534 0.155879 0.010163 2.497043
0.786570 0.019789 0.018059 0.008949 0.000542 0.155923 0.010168 2.499011
0.786624 0.019763 0.018036 0.008967 0.000551 0.155887 0.010174 2.500974
0.786634 0.019749 0.018090 0.008977 0.000547 0.155823 0.010181 2.502941
0.786735 0.019745 0.018073 0.008961 0.000543 0.155754 0.010190 2.504842
0.786690 0.019752 0.018052 0.008977 0.000541 0.155791 0.010197 2.506784
0.786741 0.019717 0.018075 0.008954 0.000549 0.155760 0.010205 2.508711
0.786752 0.019668 0.018155 0.008948 0.000541 0.155724 0.010212 2.510688
0.786830 0.019617 0.018201 0.008926 0.000543 0.155666 0.010217 2.512631
0.786825 0.019635 0.018217 0.008936 0.000543 0.155621 0.010223 2.514544
0.786879 0.019545 0.018232 0.008952 0.000548 0.155617 0.010228 2.516521
0.786865 0.019627 0.018187 0.008942 0.000550 0.155591 0.010239 2.518394
0.786933 0.019540 0.018218 0.008948 0.000553 0.155563 0.010245 2.520386
0.786891 0.019525 0.018269 0.008966 0.000558 0.155542 0.010250 2.522386
0.786869 0.019534 0.018257 0.008993 0.000563 0.155524 0.010260 2.524327
0.786878 0.019505 0.018292 0.008967 0.000566 0.155526 0.010267 2.526255
0.786894 0.019557 0.018231 0.008975 0.000570 0.155503 0.010272 2.528126
0.786877 0.019584 0.018271 0.008955 0.000566 0.155471 0.010276 2.530035
0.786951 0.019548 0.018310 0.008988 0.000566 0.155354 0.010284 2.532000
0.786981 0.019600 0.018264 0.008974 0.000570 0.155323 0.010290 2.533903
0.786894 0.019639 0.018261 0.008974 0.000570 0.155363 0.010299 2.535841
0.786820 0.019682 0.018223 0.009037 0.000565 0.155368 0.010306 2.537778
0.786819 0.019708 0.018185 0.009076 0.000563 0.155334 0.010316 2.539714
0.786832 0.019680 0.018189 0.009093 0.000565 0.155321 0.010321 2.541667
0.786829 0.019708 0.018149 0.009075 0.000574 0.155339 0.010326 2.543570
0.786818 0.019719 0.018173 0.009087 0.000572 0.155297 0.010334 2.545517
0.786766 0.019760 0.018157 0.009073 0.000576 0.155330 0.010338 2.547416
0.786816 0.019746 0.018191 0.009053 0.000583 0.155268 0.010343 2.549331
0.786847 0.019656 0.018192 0.009022 0.000582 0.155352 0.010349 2.551281
0.786906 0.019562 0.018180 0.008995 0.000584 0.155419 0.010353 2.553225
0.786828 0.019648 0.018157 0.009030 0.000578 0.155397 0.010361 2.555130
0.786830 0.019641 0.018094 0.009028 0.000576 0.155460 0.010369 2.557058
0.786825 0.019608 0.018066 0.009008 0.000577 0.155540 0.010376 2.558993
0.786912 0.019593 0.018065 0.008972 0.000585 0.155488 0.010385 2.560887
0.787048 0.019484 0.018111 0.008956 0.000583 0.155423 0.010396 2.562815
0.787091 0.019421 0.018132 0.008974 0.000578 0.155400 0.010404 2.564779
0.787204 0.019405 0.018101 0.008948 0.000579 0.155349 0.010415 2.566667
0.787211 0.019418 0.018098 0.008926 0.000579 0.155343 0.010424 2.568589
0.787274 0.019381 0.018123 0.008920 0.000577 0.155294 0.010431 2.570517
0.787346 0.019360 0.018097 0.008893 0.000580 0.155284 0.010439 2.572399
0.787426 0.019332 0.018063 0.008902 0.000581 0.155250 0.010446 2.574296
0.787457 0.019358 0.017963 0.008842 0.000577 0.155349 0.010454 2.576126
0.787441 0.019452 0.017924 0.008848 0.000576 0.155297 0.010462 2.578000
0.787444 0.019450 0.017975 0.008812 0.000581 0.155267 0.010469 2.579904
0.787458 0.019513 0.017909 0.008875 0.000573 0.155194 0.010478 2.581776
0.787454 0.019465 0.017915 0.008921 0.000573 0.155187 0.010485 2.583756
0.787490 0.019567 0.017862 0.008876 0.000577 0.155134 0.010495 2.585581
0.787539 0.019526 0.017921 0.008880 0.000579 0.155055 0.010500 2.587537
0.787575 0.019509 0.017901 0.008886 0.000573 0.155048 0.010508 2.589430
0.787592 0.019519 0.017968 0.008872 0.000572 0.154962 0.010514 2.591379
0.787537 0.019577 0.017933 0.008881 0.000566 0.154986 0.010520 2.593271
0.787663 0.019509 0.017943 0.008884 0.000560 0.154910 0.010531 2.595177
0.787619 0.019554 0.017891 0.008901 0.000567 0.154933 0.010536 2.597018
0.787609 0.019539 0.017914 0.008908 0.000565 0.154922 0.010543 2.598956
0.787621 0.019488 0.017908 0.008953 0.000562 0.154917 0.010551 2.600876
0.787605 0.019561 0.017882 0.008955 0.000560 0.154877 0.010559 2.602742
0.787671 0.019491 0.017839 0.008981 0.000544 0.154906 0.010569 2.604687
0.787630 0.019467 0.017841 0.009010 0.000547 0.154930 0.010576 2.606613
0.787649 0.019537 0.017808 0.008991 0.000552 0.154881 0.010583 2.608475
0.787583 0.019533 0.017827 0.009023 0.000554 0.154891 0.010587 2.610414
0.787624 0.019519 0.017846 0.009030 0.000551 0.154837 0.010594 2.612334
0.787732 0.019454 0.017867 0.008990 0.000551 0.154804 0.010601 2.614244
0.787725 0.019464 0.017830 0.009008 0.000555 0.154809 0.010609 2.616140
0.787710 0.019477 0.017814 0.008987 0.000552 0.154843 0.010617 2.618023
0.787826 0.019435 0.017838 0.008941 0.000553 0.154782 0.010625 2.619880
0.787878 0.019462 0.017821 0.008943 0.000556 0.154711 0.010630 2.621778
0.787908 0.019418 0.017882 0.008899 0.000555 0.154701 0.010636 2.623698
0.787993 0.019387 0.017882 0.008904 0.000560 0.154635 0.010640 2.625592
0.788015 0.019419 0.017861 0.008898 0.000561 0.154596 0.010649 2.627471
0.788079 0.019432 0.017849 0.008894 0.000564 0.154524 0.010658 2.629352
0.788008 0.019445 0.017883 0.008899 0.000559 0.154539 0.010668 2.631307
0.788000 0.019521 0.017872 0.008891 0.000555 0.154483 0.010678 2.633184
0.788067 0.019473 0.017862 0.008894 0.000561 0.154456 0.010687 2.635114
0.788033 0.019498 0.017861 0.008865 0.000563 0.154487 0.010695 2.637019
0.787984 0.019521 0.017925 0.008843 0.000564 0.154463 0.010700 2.638943
0.787992 0.019552 0.017930 0.008803 0.000561 0.154456 0.010706 2.640832
0.788003 0.019502 0.017946 0.008810 0.000566 0.154463 0.010710 2.642795
0.788051 0.019474 0.017938 0.008792 0.000566 0.154464 0.010716 2.644698
0.788114 0.019432 0.017908 0.008764 0.000566 0.154495 0.010722 2.646607
0.788139 0.019407 0.017907 0.008759 0.000571 0.154489 0.010729 2.648518
0.788127 0.019461 0.017881 0.008763 0.000572 0.154459 0.010737 2.650424
0.788122 0.019452 0.017841 0.008797 0.000565 0.154477 0.010747 2.652349
0.788142 0.019513 0.017812 0.008823 0.000578 0.154381 0.010752 2.654200
0.788211 0.019517 0.017829 0.008817 0.000583 0.154284 0.010759 2.656095
0.788218 0.019538 0.017749 0.008856 0.000584 0.154288 0.010767 2.657963
0.788217 0.019551 0.017731 0.008869 0.000578 0.154279 0.010774 2.659883
0.788241 0.019562 0.017658 0.008879 0.000577 0.154301 0.010782 2.661771
0.788245 0.019593 0.017745 0.008862 0.000575 0.154189 0.010791 2.663675
0.788327 0.019663 0.017693 0.008844 0.000577 0.154096 0.010800 2.665531
0.788317 0.019752 0.017653 0.008836 0.000573 0.154064 0.010805 2.667403
