0.369096 0.062477 0.054785 0.031332 0.002002 0.474596 0.005712 1.551020
0.370355 0.061167 0.054721 0.031222 0.002005 0.474792 0.005737 1.557004
0.372292 0.059276 0.054691 0.030959 0.002008 0.475010 0.005762 1.562905
0.374441 0.057247 0.054630 0.030687 0.002001 0.475198 0.005795 1.568678
0.376916 0.055227 0.054211 0.030387 0.001997 0.475437 0.005825 1.574151
0.379595 0.053177 0.053828 0.030005 0.001995 0.475550 0.005849 1.579447
0.382455 0.051147 0.053406 0.029612 0.002007 0.475504 0.005868 1.584612
0.385534 0.049139 0.052975 0.029167 0.002011 0.475284 0.005891 1.589562
0.388422 0.047322 0.052418 0.028676 0.001999 0.475247 0.005916 1.594347
0.391382 0.045657 0.051648 0.028208 0.001999 0.475160 0.005945 1.598857
0.394585 0.043982 0.050948 0.027707 0.001994 0.474813 0.005971 1.603284
0.397762 0.042514 0.050159 0.027171 0.001991 0.474411 0.005993 1.607504
0.400942 0.041149 0.049313 0.026650 0.001987 0.473940 0.006019 1.611612
0.404169 0.039870 0.048416 0.026123 0.001964 0.473415 0.006043 1.615544
0.407381 0.038668 0.047568 0.025580 0.001941 0.472795 0.006068 1.619384
0.410687 0.037574 0.046619 0.025028 0.001933 0.472069 0.006090 1.623100
0.414030 0.036483 0.045742 0.024435 0.001929 0.471267 0.006113 1.626719
0.417443 0.035520 0.044767 0.023889 0.001915 0.470322 0.006144 1.630212
0.420731 0.034713 0.043809 0.023356 0.001915 0.469310 0.006166 1.633568
0.423990 0.033942 0.042852 0.022795 0.001899 0.468330 0.006191 1.636865
0.427416 0.033153 0.041937 0.022261 0.001877 0.467135 0.006220 1.640113
0.430803 0.032408 0.041129 0.021843 0.001859 0.465715 0.006244 1.643372
0.434135 0.031741 0.040355 0.021434 0.001842 0.464232 0.006262 1.646552
0.437438 0.031150 0.039584 0.020956 0.001823 0.462761 0.006289 1.649641
0.440740 0.030545 0.038868 0.020496 0.001803 0.461236 0.006313 1.652708
0.443895 0.030112 0.038057 0.020017 0.001774 0.459809 0.006338 1.655648
0.447051 0.029662 0.037314 0.019588 0.001747 0.458271 0.006366 1.658617
0.450213 0.029277 0.036569 0.019156 0.001732 0.456666 0.006388 1.661457
0.453401 0.028974 0.035892 0.018688 0.001716 0.454921 0.006409 1.664266
0.456545 0.028582 0.035196 0.018394 0.001705 0.453149 0.006431 1.667124
0.459783 0.028253 0.034572 0.018014 0.001672 0.451255 0.006451 1.669932
0.462867 0.028021 0.033962 0.017730 0.001655 0.449291 0.006474 1.672689
0.465954 0.027793 0.033363 0.017454 0.001638 0.447308 0.006491 1.675389
0.468920 0.027628 0.032832 0.017136 0.001612 0.445356 0.006516 1.678111
0.471996 0.027404 0.032277 0.016853 0.001592 0.443341 0.006537 1.680797
0.474954 0.027348 0.031741 0.016537 0.001565 0.441295 0.006561 1.683434
0.477946 0.027167 0.031303 0.016261 0.001562 0.439184 0.006578 1.686100
0.480940 0.026946 0.030782 0.016080 0.001539 0.437110 0.006603 1.688788
0.483834 0.026815 0.030376 0.015838 0.001522 0.434997 0.006620 1.691407
0.486746 0.026692 0.029983 0.015559 0.001508 0.432873 0.006640 1.694033
0.489515 0.026635 0.029613 0.015304 0.001492 0.430790 0.006652 1.696621
0.492337 0.026594 0.029245 0.015056 0.001478 0.428614 0.006676 1.699191
0.495108 0.026504 0.028905 0.014884 0.001463 0.426443 0.006694 1.701810
0.497899 0.026425 0.028563 0.014778 0.001456 0.424168 0.006712 1.704421
0.500587 0.026410 0.028238 0.014612 0.001444 0.421981 0.006729 1.707001
0.503256 0.026394 0.027951 0.014449 0.001419 0.419781 0.006749 1.709544
0.505781 0.026460 0.027674 0.014295 0.001412 0.417611 0.006766 1.712159
0.508456 0.026418 0.027329 0.014223 0.001399 0.415393 0.006782 1.714765
0.511057 0.026416 0.027109 0.014076 0.001378 0.413164 0.006802 1.717350
0.513546 0.026492 0.026813 0.013988 0.001356 0.410987 0.006819 1.719910
0.516100 0.026590 0.026610 0.013857 0.001330 0.408675 0.006839 1.722463
0.518614 0.026654 0.026391 0.013818 0.001321 0.406352 0.006850 1.725081
0.521081 0.026634 0.026233 0.013735 0.001307 0.404144 0.006867 1.727699
0.523511 0.026686 0.026052 0.013629 0.001295 0.401944 0.006883 1.730306
0.525913 0.026654 0.025972 0.013512 0.001275 0.399778 0.006897 1.732919
0.528265 0.026654 0.025903 0.013427 0.001262 0.397576 0.006912 1.735555
0.530595 0.026738 0.025785 0.013334 0.001241 0.395382 0.006926 1.738133
0.532988 0.026719 0.025651 0.013291 0.001213 0.393192 0.006946 1.740713
0.535255 0.026783 0.025544 0.013246 0.001189 0.391020 0.006963 1.743331
0.537448 0.026838 0.025504 0.013184 0.001178 0.388868 0.006980 1.745962
0.539666 0.026905 0.025371 0.013123 0.001178 0.386764 0.006992 1.748578
0.541868 0.026949 0.025278 0.013107 0.001171 0.384622 0.007005 1.751226
0.543934 0.027061 0.025214 0.013124 0.001163 0.382482 0.007020 1.753871
0.545914 0.027133 0.025185 0.013101 0.001148 0.380482 0.007038 1.756554
0.547925 0.027214 0.025119 0.013123 0.001127 0.378436 0.007057 1.759192
0.549891 0.027283 0.025096 0.013054 0.001113 0.376495 0.007069 1.761869
0.551788 0.027421 0.025084 0.013049 0.001104 0.374472 0.007081 1.764563
0.553704 0.027479 0.025114 0.013059 0.001097 0.372453 0.007094 1.767280
0.555554 0.027596 0.025087 0.012996 0.001088 0.370574 0.007105 1.769995
0.557273 0.027727 0.025112 0.013042 0.001087 0.368643 0.007117 1.772764
0.558965 0.027849 0.025120 0.013035 0.001088 0.366814 0.007130 1.775502
0.560593 0.028070 0.025100 0.013044 0.001075 0.364972 0.007146 1.778228
0.562278 0.028095 0.025178 0.013009 0.001070 0.363212 0.007158 1.781038
0.563866 0.028209 0.025219 0.013017 0.001059 0.361458 0.007171 1.783825
0.565435 0.028331 0.025174 0.013055 0.001055 0.359766 0.007183 1.786583
0.567124 0.028424 0.025175 0.013102 0.001047 0.357933 0.007195 1.789385
0.568575 0.028615 0.025159 0.013107 0.001045 0.356291 0.007208 1.792147
0.570091 0.028643 0.025267 0.013187 0.001029 0.354558 0.007225 1.795029
0.571542 0.028735 0.025355 0.013252 0.001015 0.352864 0.007237 1.797909
0.572937 0.028991 0.025369 0.013255 0.000999 0.351200 0.007250 1.800677
0.574268 0.029136 0.025381 0.013314 0.000996 0.349644 0.007261 1.803544
0.575565 0.029249 0.025522 0.013344 0.000987 0.348063 0.007270 1.806439
0.576870 0.029378 0.025542 0.013368 0.000979 0.346582 0.007282 1.809288
0.578140 0.029554 0.025652 0.013395 0.000974 0.344998 0.007288 1.812189
0.579515 0.029559 0.025827 0.013448 0.000970 0.343380 0.007301 1.815158
0.580719 0.029672 0.025906 0.013471 0.000960 0.341954 0.007319 1.818076
0.582036 0.029795 0.025973 0.013509 0.000956 0.340402 0.007329 1.820959
0.583219 0.029880 0.026117 0.013551 0.000953 0.338940 0.007340 1.823963
0.584417 0.030062 0.026207 0.013569 0.000949 0.337445 0.007350 1.826895
0.585526 0.030189 0.026288 0.013575 0.000943 0.336117 0.007362 1.829840
0.586606 0.030327 0.026378 0.013620 0.000940 0.334754 0.007375 1.832777
0.587656 0.030498 0.026420 0.013621 0.000928 0.333489 0.007388 1.835725
0.588728 0.030600 0.026473 0.013676 0.000921 0.332202 0.007402 1.838721
0.589746 0.030725 0.026571 0.013740 0.000919 0.330890 0.007411 1.841716
0.590642 0.030909 0.026783 0.013728 0.000917 0.329599 0.007422 1.844764
0.591498 0.031013 0.026868 0.013780 0.000924 0.328483 0.007434 1.847805
0.592322 0.031170 0.026982 0.013825 0.000903 0.327350 0.007447 1.850883
0.593261 0.031232 0.027134 0.013903 0.000895 0.326116 0.007459 1.854022
0.594193 0.031364 0.027208 0.013985 0.000888 0.324891 0.007472 1.857087
0.595133 0.031521 0.027212 0.014038 0.000886 0.323732 0.007478 1.860101
0.595957 0.031643 0.027410 0.014064 0.000877 0.322560 0.007490 1.863212
0.596808 0.031746 0.027494 0.014154 0.000876 0.321419 0.007503 1.866330
0.597548 0.031891 0.027554 0.014237 0.000881 0.320376 0.007513 1.869492
0.598348 0.032027 0.027613 0.014240 0.000879 0.319362 0.007530 1.872561
0.599147 0.032151 0.027692 0.014254 0.000884 0.318332 0.007540 1.875661
0.599851 0.032203 0.027795 0.014358 0.000890 0.317355 0.007548 1.878878
0.600480 0.032319 0.027856 0.014370 0.000895 0.316521 0.007560 1.881985
0.601141 0.032408 0.027964 0.014358 0.000891 0.315667 0.007570 1.885144
0.601795 0.032596 0.027994 0.014368 0.000878 0.314790 0.007580 1.888280
0.602622 0.032607 0.028075 0.014442 0.000882 0.313783 0.007590 1.891450
0.603132 0.032758 0.028157 0.014504 0.000884 0.312963 0.007601 1.894648
0.603687 0.032738 0.028326 0.014585 0.000875 0.312176 0.007614 1.897936
0.604494 0.032678 0.028419 0.014668 0.000867 0.311247 0.007626 1.901199
0.605124 0.032729 0.028459 0.014703 0.000867 0.310482 0.007636 1.904421
0.605754 0.032765 0.028578 0.014756 0.000875 0.309626 0.007645 1.907658
0.606388 0.032762 0.028709 0.014818 0.000887 0.308779 0.007657 1.910869
0.606931 0.032807 0.028733 0.014882 0.000886 0.308097 0.007664 1.914078
0.607387 0.032840 0.028867 0.014934 0.000885 0.307410 0.007677 1.917336
0.607994 0.032858 0.028961 0.014958 0.000882 0.306662 0.007685 1.920552
0.608462 0.032895 0.029044 0.015020 0.000884 0.305998 0.007697 1.923822
0.609034 0.032942 0.029165 0.015036 0.000880 0.305236 0.007706 1.927080
0.609598 0.032978 0.029201 0.015072 0.000870 0.304565 0.007716 1.930304
0.610118 0.033051 0.029185 0.015101 0.000876 0.303944 0.007724 1.933463
0.610665 0.033125 0.029199 0.015175 0.000880 0.303221 0.007735 1.936705
0.611198 0.033063 0.029301 0.015233 0.000882 0.302577 0.007746 1.940014
0.611631 0.033206 0.029346 0.015246 0.000887 0.301927 0.007757 1.943199
0.612101 0.033272 0.029431 0.015274 0.000892 0.301261 0.007769 1.946485
0.612552 0.033346 0.029502 0.015241 0.000890 0.300685 0.007784 1.949747
0.612989 0.033411 0.029462 0.015309 0.000884 0.300147 0.007799 1.952977
0.613582 0.033304 0.029573 0.015306 0.000883 0.299541 0.007812 1.956301
0.614050 0.033331 0.029586 0.015310 0.000892 0.299004 0.007827 1.959543
0.614525 0.033331 0.029580 0.015340 0.000896 0.298492 0.007835 1.962789
0.614974 0.033406 0.029614 0.015323 0.000906 0.297932 0.007846 1.966048
0.615330 0.033494 0.029645 0.015327 0.000916 0.297432 0.007857 1.969319
0.615691 0.033524 0.029625 0.015387 0.000913 0.296991 0.007869 1.972599
0.616103 0.033421 0.029697 0.015393 0.000921 0.296580 0.007884 1.975945
0.616475 0.033478 0.029773 0.015388 0.000908 0.296080 0.007897 1.979202
0.616935 0.033431 0.029788 0.015406 0.000901 0.295632 0.007907 1.982516
0.617358 0.033438 0.029848 0.015395 0.000920 0.295128 0.007913 1.985760
0.617736 0.033421 0.029923 0.015371 0.000926 0.294700 0.007922 1.989038
0.618191 0.033433 0.029892 0.015369 0.000929 0.294255 0.007932 1.992280
0.618587 0.033348 0.029984 0.015367 0.000927 0.293844 0.007941 1.995562
0.619086 0.033229 0.030069 0.015406 0.000917 0.293342 0.007951 1.998880
0.619463 0.033264 0.030012 0.015422 0.000913 0.292969 0.007957 2.002139
0.619822 0.033335 0.029944 0.015411 0.000921 0.292599 0.007968 2.005336
0.620165 0.033378 0.030024 0.015399 0.000914 0.292137 0.007983 2.008597
0.620598 0.033331 0.029990 0.015464 0.000927 0.291699 0.007991 2.011880
0.621066 0.033251 0.030051 0.015453 0.000924 0.291249 0.008006 2.015176
0.621498 0.033261 0.030053 0.015435 0.000932 0.290805 0.008015 2.018409
0.621893 0.033248 0.030077 0.015459 0.000930 0.290365 0.008030 2.021682
0.622308 0.033265 0.030075 0.015432 0.000933 0.289946 0.008041 2.024896
0.622631 0.033247 0.030078 0.015449 0.000929 0.289611 0.008055 2.028132
0.623012 0.033235 0.030070 0.015438 0.000931 0.289247 0.008066 2.031384
0.623428 0.033177 0.030087 0.015399 0.000931 0.288900 0.008078 2.034653
0.623819 0.033107 0.030082 0.015408 0.000932 0.288561 0.008090 2.037924
0.624308 0.033043 0.030100 0.015432 0.000933 0.288083 0.008101 2.041155
0.624623 0.033005 0.030147 0.015430 0.000932 0.287748 0.008115 2.044424
0.624983 0.032977 0.030122 0.015407 0.000936 0.287449 0.008126 2.047658
0.625376 0.033002 0.030135 0.015361 0.000935 0.287057 0.008135 2.050862
0.625682 0.032985 0.030153 0.015355 0.000949 0.286735 0.008143 2.054127
0.626056 0.033120 0.030032 0.015364 0.000937 0.286333 0.008159 2.057270
0.626400 0.033095 0.030102 0.015374 0.000943 0.285913 0.008174 2.060568
0.626772 0.033085 0.030100 0.015392 0.000945 0.285523 0.008184 2.063841
0.627111 0.033110 0.030024 0.015387 0.000942 0.285232 0.008194 2.067039
0.627525 0.032992 0.030023 0.015369 0.000940 0.284947 0.008204 2.070286
0.627968 0.032912 0.030006 0.015402 0.000939 0.284559 0.008215 2.073533
0.628351 0.032845 0.030025 0.015402 0.000937 0.284214 0.008226 2.076789
0.628676 0.032808 0.029997 0.015419 0.000950 0.283917 0.008234 2.080027
0.628989 0.032767 0.030025 0.015391 0.000940 0.283640 0.008248 2.083271
0.629295 0.032882 0.029971 0.015315 0.000933 0.283341 0.008263 2.086416
0.629625 0.032883 0.029952 0.015235 0.000936 0.283100 0.008270 2.089627
0.629964 0.032886 0.029947 0.015234 0.000935 0.282754 0.008281 2.092833
0.630277 0.032939 0.029869 0.015247 0.000934 0.282443 0.008292 2.096007
0.630516 0.032988 0.029872 0.015206 0.000936 0.282182 0.008299 2.099202
0.630729 0.033044 0.029845 0.015267 0.000932 0.281869 0.008314 2.102435
0.631065 0.033042 0.029915 0.015249 0.000936 0.281466 0.008327 2.105647
0.631432 0.032980 0.029906 0.015266 0.000936 0.281141 0.008339 2.108896
0.631803 0.032906 0.029812 0.015286 0.000926 0.280914 0.008353 2.112112
0.632048 0.032997 0.029818 0.015229 0.000930 0.280614 0.008364 2.115289
0.632318 0.032994 0.029770 0.015225 0.000925 0.280391 0.008377 2.118563
0.632677 0.032951 0.029753 0.015280 0.000925 0.280026 0.008387 2.121791
0.632979 0.032927 0.029768 0.015304 0.000941 0.279685 0.008396 2.125059
0.633371 0.032740 0.029803 0.015313 0.000942 0.279427 0.008404 2.128338
0.633770 0.032698 0.029858 0.015284 0.000948 0.279029 0.008413 2.131566
0.634093 0.032660 0.029874 0.015254 0.000943 0.278750 0.008425 2.134774
0.634345 0.032708 0.029783 0.015271 0.000938 0.278513 0.008443 2.137932
0.634640 0.032625 0.029796 0.015278 0.000938 0.278270 0.008454 2.141195
0.634923 0.032630 0.029786 0.015327 0.000933 0.277936 0.008465 2.144405
0.635238 0.032599 0.029768 0.015304 0.000926 0.277685 0.008481 2.147608
0.635462 0.032580 0.029706 0.015351 0.000935 0.277478 0.008489 2.150807
0.635776 0.032546 0.029694 0.015309 0.000936 0.277233 0.008506 2.154042
0.636008 0.032500 0.029702 0.015353 0.000933 0.276986 0.008520 2.157290
0.636221 0.032492 0.029668 0.015358 0.000938 0.276792 0.008533 2.160470
0.636555 0.032461 0.029677 0.015332 0.000939 0.276491 0.008546 2.163656
0.636886 0.032385 0.029667 0.015269 0.000950 0.276288 0.008557 2.166871
0.637206 0.032381 0.029649 0.015236 0.000952 0.276006 0.008568 2.170045
0.637514 0.032368 0.029556 0.015269 0.000950 0.275765 0.008579 2.173201
0.637745 0.032375 0.029527 0.015258 0.000957 0.275552 0.008587 2.176349
0.638053 0.032396 0.029444 0.015231 0.000957 0.275327 0.008593 2.179512
0.638464 0.032307 0.029466 0.015219 0.000951 0.274988 0.008606 2.182703
0.638634 0.032342 0.029382 0.015195 0.000949 0.274880 0.008617 2.185844
0.638829 0.032368 0.029372 0.015227 0.000943 0.274630 0.008631 2.189011
0.639081 0.032429 0.029359 0.015163 0.000942 0.274385 0.008641 2.192138
0.639365 0.032319 0.029348 0.015229 0.000945 0.274143 0.008650 2.195385
0.639626 0.032297 0.029385 0.015221 0.000948 0.273863 0.008659 2.198531
0.639918 0.032302 0.029354 0.015190 0.000946 0.273623 0.008669 2.201674
0.640168 0.032326 0.029316 0.015185 0.000939 0.273380 0.008687 2.204785
0.640340 0.032390 0.029215 0.015207 0.000939 0.273213 0.008696 2.207938
0.640442 0.032389 0.029292 0.015261 0.000938 0.272971 0.008709 2.211156
0.640633 0.032480 0.029326 0.015186 0.000937 0.272715 0.008723 2.214260
0.640830 0.032438 0.029285 0.015207 0.000933 0.272568 0.008738 2.217477
0.641189 0.032389 0.029337 0.015189 0.000941 0.272205 0.008750 2.220634
0.641378 0.032309 0.029380 0.015152 0.000947 0.272075 0.008760 2.223866
0.641559 0.032385 0.029356 0.015131 0.000941 0.271854 0.008774 2.226970
0.641844 0.032249 0.029386 0.015197 0.000950 0.271592 0.008782 2.230227
0.642043 0.032295 0.029342 0.015157 0.000950 0.271421 0.008791 2.233361
0.642324 0.032276 0.029308 0.015077 0.000953 0.271258 0.008806 2.236495
0.642506 0.032228 0.029383 0.015077 0.000954 0.271039 0.008814 2.239708
0.642775 0.032198 0.029429 0.015097 0.000949 0.270722 0.008831 2.242855
0.642989 0.032205 0.029514 0.015019 0.000950 0.270482 0.008841 2.245999
0.643122 0.032356 0.029479 0.014979 0.000947 0.270263 0.008853 2.249132
0.643422 0.032349 0.029446 0.014961 0.000944 0.270012 0.008865 2.252264
0.643610 0.032361 0.029436 0.014972 0.000940 0.269802 0.008879 2.255425
0.643758 0.032383 0.029434 0.014972 0.000947 0.269617 0.008889 2.258580
0.643961 0.032352 0.029436 0.015013 0.000942 0.269397 0.008899 2.261790
0.644095 0.032311 0.029493 0.014961 0.000946 0.269284 0.008911 2.264953
0.644255 0.032307 0.029513 0.014966 0.000949 0.269085 0.008925 2.268162
0.644425 0.032321 0.029542 0.014986 0.000955 0.268839 0.008933 2.271388
0.644515 0.032434 0.029470 0.014980 0.000965 0.268688 0.008947 2.274488
0.644721 0.032490 0.029441 0.014920 0.000969 0.268506 0.008955 2.277570
0.644852 0.032492 0.029410 0.014981 0.000968 0.268331 0.008966 2.280755
0.645075 0.032464 0.029446 0.014954 0.000966 0.268116 0.008979 2.283955
0.645280 0.032485 0.029452 0.014908 0.000962 0.267925 0.008989 2.287102
0.645408 0.032448 0.029454 0.014966 0.000953 0.267769 0.009001 2.290319
0.645524 0.032553 0.029411 0.014974 0.000949 0.267576 0.009014 2.293460
0.645744 0.032550 0.029376 0.014995 0.000953 0.267355 0.009026 2.296635
0.645958 0.032397 0.029389 0.015079 0.000955 0.267184 0.009037 2.299897
0.646096 0.032436 0.029322 0.015081 0.000957 0.267060 0.009048 2.303040
0.646257 0.032489 0.029326 0.015096 0.000955 0.266817 0.009061 2.306196
0.646520 0.032404 0.029310 0.015031 0.000959 0.266705 0.009072 2.309386
0.646594 0.032523 0.029274 0.014967 0.000958 0.266598 0.009086 2.312493
0.646781 0.032475 0.029303 0.014967 0.000949 0.266431 0.009096 2.315701
0.646841 0.032504 0.029343 0.014935 0.000949 0.266321 0.009108 2.318900
0.647116 0.032384 0.029399 0.015016 0.000951 0.266016 0.009117 2.322147
0.647195 0.032381 0.029397 0.015062 0.000944 0.265894 0.009129 2.325363
0.647380 0.032294 0.029392 0.015121 0.000943 0.265733 0.009138 2.328608
0.647610 0.032302 0.029349 0.015136 0.000948 0.265509 0.009147 2.331723
0.647725 0.032302 0.029339 0.015147 0.000955 0.265375 0.009159 2.334908
0.647933 0.032287 0.029344 0.015079 0.000957 0.265228 0.009173 2.338038
0.648042 0.032288 0.029370 0.015088 0.000948 0.265079 0.009186 2.341200
0.648198 0.032252 0.029409 0.015069 0.000954 0.264923 0.009196 2.344417
0.648342 0.032324 0.029356 0.015041 0.000955 0.264773 0.009209 2.347574
0.648395 0.032364 0.029420 0.014992 0.000956 0.264654 0.009218 2.350731
0.648530 0.032334 0.029436 0.015013 0.000960 0.264497 0.009230 2.353950
0.648636 0.032369 0.029386 0.015012 0.000961 0.264396 0.009240 2.357104
0.648699 0.032398 0.029386 0.015026 0.000962 0.264281 0.009249 2.360283
0.648793 0.032342 0.029459 0.015037 0.000955 0.264152 0.009261 2.363493
0.648954 0.032357 0.029420 0.015012 0.000956 0.264033 0.009268 2.366636
0.648995 0.032404 0.029408 0.015025 0.000951 0.263939 0.009278 2.369792
0.649171 0.032333 0.029405 0.015053 0.000943 0.263810 0.009286 2.372956
0.649237 0.032343 0.029437 0.015095 0.000932 0.263660 0.009296 2.376160
0.649467 0.032265 0.029472 0.015048 0.000932 0.263505 0.009311 2.379341
0.649553 0.032319 0.029443 0.015009 0.000940 0.263412 0.009326 2.382409
0.649704 0.032384 0.029340 0.014982 0.000938 0.263313 0.009337 2.385483
0.649790 0.032474 0.029343 0.014938 0.000934 0.263171 0.009351 2.388601
0.649851 0.032578 0.029337 0.014902 0.000934 0.263036 0.009361 2.391752
0.649953 0.032578 0.029432 0.014873 0.000943 0.262846 0.009374 2.394959
0.649981 0.032568 0.029440 0.014901 0.000945 0.262782 0.009383 2.398180
0.650138 0.032516 0.029463 0.014874 0.000947 0.262669 0.009393 2.401414
0.650169 0.032510 0.029496 0.014930 0.000951 0.262539 0.009403 2.404620
0.650197 0.032537 0.029488 0.014914 0.000955 0.262494 0.009413 2.407773
0.650290 0.032560 0.029458 0.014919 0.000944 0.262398 0.009431 2.410911
0.650252 0.032611 0.029529 0.014964 0.000948 0.262253 0.009443 2.414175
0.650240 0.032650 0.029512 0.014993 0.000953 0.262200 0.009453 2.417396
0.650347 0.032577 0.029581 0.015058 0.000940 0.262031 0.009467 2.420638
0.650451 0.032567 0.029608 0.015029 0.000939 0.261927 0.009478 2.423807
0.650489 0.032606 0.029584 0.015060 0.000937 0.261835 0.009489 2.426975
0.650596 0.032661 0.029568 0.015047 0.000929 0.261696 0.009503 2.430098
0.650685 0.032672 0.029564 0.015078 0.000925 0.261563 0.009513 2.433315
0.650744 0.032762 0.029584 0.015064 0.000923 0.261396 0.009527 2.436482
0.650779 0.032764 0.029627 0.015111 0.000922 0.261263 0.009535 2.439739
0.650732 0.032859 0.029700 0.015105 0.000926 0.261133 0.009544 2.442937
0.650755 0.032902 0.029695 0.015120 0.000931 0.261040 0.009557 2.446149
0.650836 0.032798 0.029725 0.015139 0.000930 0.261000 0.009572 2.449424
0.650843 0.032821 0.029732 0.015213 0.000929 0.260879 0.009583 2.452631
0.650849 0.032869 0.029764 0.015196 0.000937 0.260789 0.009596 2.455852
0.650899 0.032827 0.029769 0.015206 0.000944 0.260746 0.009608 2.459112
0.650961 0.032742 0.029843 0.015286 0.000947 0.260600 0.009621 2.462419
0.650995 0.032729 0.029811 0.015272 0.000938 0.260622 0.009633 2.465605
0.650960 0.032717 0.029795 0.015308 0.000931 0.260642 0.009647 2.468856
0.650960 0.032759 0.029719 0.015314 0.000922 0.260665 0.009659 2.472059
0.651074 0.032604 0.029840 0.015331 0.000927 0.260555 0.009670 2.475378
0.651075 0.032668 0.029734 0.015285 0.000928 0.260629 0.009680 2.478521
0.651161 0.032740 0.029645 0.015288 0.000918 0.260553 0.009696 2.481680
0.651242 0.032733 0.029633 0.015331 0.000923 0.260433 0.009705 2.484895
0.651335 0.032615 0.029698 0.015352 0.000924 0.260359 0.009718 2.488183
0.651469 0.032546 0.029730 0.015422 0.000928 0.260178 0.009726 2.491403
0.651518 0.032516 0.029777 0.015374 0.000941 0.260138 0.009737 2.494604
0.651506 0.032495 0.029782 0.015372 0.000938 0.260160 0.009748 2.497838
0.651562 0.032503 0.029802 0.015347 0.000947 0.260082 0.009757 2.501033
0.651598 0.032538 0.029739 0.015376 0.000948 0.260035 0.009765 2.504240
0.651546 0.032580 0.029702 0.015359 0.000948 0.260093 0.009772 2.507456
0.651658 0.032621 0.029631 0.015317 0.000947 0.260046 0.009780 2.510569
0.651648 0.032622 0.029600 0.015362 0.000948 0.260028 0.009792 2.513750
0.651728 0.032646 0.029610 0.015363 0.000947 0.259902 0.009805 2.516913
0.651742 0.032711 0.029529 0.015394 0.000942 0.259866 0.009816 2.520069
0.651808 0.032702 0.029508 0.015389 0.000935 0.259829 0.009830 2.523282
0.651849 0.032655 0.029588 0.015392 0.000927 0.259745 0.009844 2.526517
0.652010 0.032566 0.029629 0.015413 0.000931 0.259590 0.009861 2.529738
0.651958 0.032707 0.029518 0.015337 0.000933 0.259675 0.009873 2.532827
0.652045 0.032683 0.029473 0.015332 0.000929 0.259655 0.009885 2.536028
0.652110 0.032636 0.029536 0.015333 0.000925 0.259567 0.009893 2.539273
0.652048 0.032613 0.029591 0.015370 0.000920 0.259554 0.009904 2.542540
0.652095 0.032634 0.029537 0.015339 0.000916 0.259562 0.009918 2.545708
0.652266 0.032509 0.029587 0.015297 0.000916 0.259493 0.009932 2.548925
0.652351 0.032516 0.029642 0.015275 0.000920 0.259357 0.009941 2.552130
0.652519 0.032479 0.029648 0.015247 0.000921 0.259236 0.009951 2.555283
0.652589 0.032429 0.029580 0.015271 0.000919 0.259253 0.009959 2.558449
0.652745 0.032385 0.029576 0.015249 0.000905 0.259169 0.009970 2.561618
0.652707 0.032481 0.029516 0.015278 0.000896 0.259143 0.009980 2.564754
0.652774 0.032431 0.029554 0.015268 0.000893 0.259086 0.009995 2.567986
0.652791 0.032474 0.029519 0.015250 0.000891 0.259071 0.010003 2.571126
0.652910 0.032414 0.029489 0.015237 0.000898 0.259041 0.010011 2.574310
0.652948 0.032422 0.029493 0.015196 0.000899 0.259021 0.010022 2.577447
0.653038 0.032414 0.029454 0.015224 0.000890 0.258947 0.010033 2.580644
0.653072 0.032355 0.029503 0.015213 0.000887 0.258925 0.010046 2.583874
0.653163 0.032397 0.029437 0.015241 0.000882 0.258824 0.010058 2.587023
0.653109 0.032381 0.029457 0.015304 0.000880 0.258796 0.010073 2.590266
0.653133 0.032379 0.029516 0.015215 0.000893 0.258782 0.010082 2.593434
0.653216 0.032374 0.029496 0.015181 0.000885 0.258753 0.010095 2.596560
0.653290 0.032415 0.029481 0.015169 0.000888 0.258649 0.010108 2.599660
0.653414 0.032382 0.029443 0.015191 0.000895 0.258555 0.010120 2.602881
0.653448 0.032383 0.029449 0.015203 0.000904 0.258487 0.010128 2.606059
0.653500 0.032438 0.029463 0.015168 0.000906 0.258385 0.010141 2.609193
0.653606 0.032500 0.029398 0.015160 0.000905 0.258275 0.010157 2.612313
0.653625 0.032521 0.029430 0.015138 0.000904 0.258216 0.010167 2.615470
0.653597 0.032479 0.029485 0.015181 0.000903 0.258177 0.010178 2.618759
0.653563 0.032434 0.029467 0.015155 0.000902 0.258292 0.010187 2.621951
0.653724 0.032416 0.029465 0.015122 0.000895 0.258182 0.010196 2.625089
0.653624 0.032491 0.029472 0.015079 0.000901 0.258225 0.010207 2.628265
0.653680 0.032488 0.029500 0.015076 0.000882 0.258151 0.010222 2.631435
0.653706 0.032476 0.029611 0.015043 0.000889 0.258043 0.010233 2.634667
0.653826 0.032426 0.029555 0.015056 0.000895 0.258001 0.010242 2.637849
0.653767 0.032526 0.029521 0.015052 0.000895 0.257985 0.010255 2.641021
0.653835 0.032408 0.029605 0.015085 0.000900 0.257901 0.010266 2.644295
0.653979 0.032430 0.029599 0.015025 0.000908 0.257784 0.010276 2.647390
0.654008 0.032449 0.029603 0.015052 0.000907 0.257693 0.010288 2.650560
0.654029 0.032463 0.029625 0.015000 0.000901 0.257687 0.010296 2.653712
0.654049 0.032432 0.029568 0.014991 0.000910 0.257745 0.010306 2.656906
0.654151 0.032462 0.029582 0.015022 0.000905 0.257559 0.010320 2.660088
0.654206 0.032569 0.029574 0.014928 0.000901 0.257492 0.010330 2.663181
0.654234 0.032632 0.029420 0.014989 0.000894 0.257487 0.010345 2.666320
0.654342 0.032538 0.029438 0.014996 0.000885 0.257443 0.010359 2.669533
0.654410 0.032530 0.029489 0.015009 0.000884 0.257305 0.010373 2.672733
0.654552 0.032440 0.029465 0.015074 0.000886 0.257197 0.010386 2.675927
0.654565 0.032469 0.029445 0.015070 0.000887 0.257171 0.010393 2.679053
0.654628 0.032471 0.029450 0.015134 0.000880 0.257026 0.010410 2.682250
0.654677 0.032434 0.029478 0.015089 0.000867 0.257034 0.010421 2.685404
0.654679 0.032373 0.029508 0.015082 0.000875 0.257051 0.010432 2.688614
0.654757 0.032403 0.029432 0.015112 0.000880 0.256975 0.010442 2.691770
0.654808 0.032303 0.029531 0.015113 0.000875 0.256916 0.010455 2.695024
0.654803 0.032308 0.029536 0.015125 0.000888 0.256875 0.010465 2.698232
0.654867 0.032268 0.029555 0.015151 0.000886 0.256796 0.010478 2.701431
0.654895 0.032362 0.029481 0.015126 0.000885 0.256763 0.010489 2.704570
0.654959 0.032369 0.029450 0.015119 0.000886 0.256717 0.010498 2.707714
0.654901 0.032401 0.029429 0.015028 0.000886 0.256844 0.010510 2.710866
0.654939 0.032354 0.029456 0.015034 0.000881 0.256810 0.010525 2.714098
0.654967 0.032302 0.029503 0.015115 0.000882 0.256693 0.010537 2.717313
0.654977 0.032227 0.029628 0.015093 0.000883 0.256643 0.010549 2.720557
0.654988 0.032308 0.029519 0.015079 0.000884 0.256667 0.010556 2.723640
0.655006 0.032404 0.029501 0.015065 0.000884 0.256572 0.010568 2.726754
0.655107 0.032423 0.029576 0.014990 0.000896 0.256429 0.010579 2.729915
0.655094 0.032470 0.029602 0.014977 0.000905 0.256367 0.010585 2.733101
0.654988 0.032553 0.029597 0.015000 0.000912 0.256356 0.010593 2.736298
0.654967 0.032522 0.029571 0.015011 0.000906 0.256422 0.010601 2.739500
0.654987 0.032576 0.029598 0.014979 0.000918 0.256333 0.010611 2.742638
0.654976 0.032557 0.029605 0.014971 0.000919 0.256348 0.010624 2.745833
0.654992 0.032531 0.029701 0.014957 0.000918 0.256269 0.010633 2.748998
0.654949 0.032576 0.029747 0.014957 0.000915 0.256210 0.010645 2.752229
0.654900 0.032550 0.029663 0.014990 0.000929 0.256313 0.010656 2.755429
0.654894 0.032636 0.029635 0.014980 0.000923 0.256265 0.010668 2.758542
0.654813 0.032670 0.029607 0.015024 0.000931 0.256280 0.010676 2.761742
0.654837 0.032653 0.029601 0.015042 0.000919 0.256259 0.010690 2.764941
0.654900 0.032657 0.029509 0.015044 0.000908 0.256278 0.010704 2.768090
0.654963 0.032585 0.029497 0.015063 0.000916 0.256263 0.010713 2.771299
0.655028 0.032635 0.029497 0.015045 0.000919 0.256150 0.010726 2.774436
0.655100 0.032583 0.029472 0.015053 0.000919 0.256134 0.010739 2.777643
0.655085 0.032565 0.029555 0.015115 0.000918 0.256012 0.010749 2.780891
0.655070 0.032586 0.029554 0.015094 0.000920 0.256015 0.010761 2.784051
0.655037 0.032582 0.029605 0.015071 0.000920 0.256013 0.010772 2.787257
0.654977 0.032555 0.029705 0.015044 0.000929 0.256009 0.010781 2.790532
0.654981 0.032616 0.029656 0.015113 0.000920 0.255926 0.010790 2.793684
0.654963 0.032648 0.029645 0.015079 0.000916 0.255943 0.010806 2.796854
0.654938 0.032716 0.029614 0.015138 0.000911 0.255862 0.010821 2.800053
0.654895 0.032683 0.029624 0.015141 0.000915 0.255909 0.010834 2.803280
0.654883 0.032646 0.029687 0.015132 0.000916 0.255890 0.010846 2.806521
0.654847 0.032679 0.029775 0.015095 0.000915 0.255829 0.010862 2.809734
0.654975 0.032581 0.029719 0.015131 0.000914 0.255807 0.010872 2.812946
0.655017 0.032482 0.029718 0.015131 0.000915 0.255855 0.010884 2.816169
0.655032 0.032417 0.029733 0.015150 0.000925 0.255846 0.010896 2.819365
0.655095 0.032435 0.029731 0.015051 0.000927 0.255851 0.010911 2.822508
0.654983 0.032520 0.029687 0.015049 0.000936 0.255904 0.010921 2.825668
0.655000 0.032465 0.029651 0.015076 0.000934 0.255946 0.010928 2.828899
0.654994 0.032445 0.029696 0.015089 0.000947 0.255891 0.010939 2.832122
0.655024 0.032403 0.029727 0.015111 0.000950 0.255835 0.010950 2.835308
0.655072 0.032381 0.029710 0.015107 0.000951 0.255819 0.010960 2.838492
0.655093 0.032433 0.029633 0.015080 0.000939 0.255849 0.010974 2.841582
0.655167 0.032401 0.029611 0.015053 0.000944 0.255842 0.010982 2.844740
0.655232 0.032337 0.029666 0.015070 0.000941 0.255758 0.010996 2.847925
0.655327 0.032359 0.029607 0.015040 0.000951 0.255706 0.011007 2.851053
0.655334 0.032519 0.029482 0.014999 0.000956 0.255692 0.011018 2.854122
0.655352 0.032521 0.029501 0.015057 0.000951 0.255587 0.011031 2.857307
0.655356 0.032579 0.029540 0.015042 0.000944 0.255497 0.011043 2.860467
0.655454 0.032616 0.029484 0.015004 0.000954 0.255435 0.011053 2.863621
0.655429 0.032630 0.029505 0.014977 0.000950 0.255445 0.011063 2.866777
0.655465 0.032542 0.029537 0.015038 0.000949 0.255392 0.011076 2.870043
0.655422 0.032532 0.029526 0.015054 0.000944 0.255437 0.011086 2.873249
0.655367 0.032614 0.029538 0.015029 0.000935 0.255417 0.011100 2.876457
0.655311 0.032678 0.029512 0.015018 0.000923 0.255446 0.011113 2.879633
0.655398 0.032569 0.029609 0.015062 0.000918 0.255314 0.011129 2.882904
0.655444 0.032543 0.029645 0.015092 0.000920 0.255215 0.011141 2.886121
0.655509 0.032555 0.029641 0.015126 0.000922 0.255096 0.011151 2.889314
0.655440 0.032607 0.029717 0.015127 0.000922 0.255021 0.011166 2.892525
0.655449 0.032549 0.029729 0.015111 0.000917 0.255067 0.011177 2.895766
0.655426 0.032590 0.029638 0.015127 0.000920 0.255115 0.011184 2.898907
0.655425 0.032514 0.029659 0.015118 0.000912 0.255178 0.011195 2.902137
0.655359 0.032609 0.029616 0.015157 0.000919 0.255138 0.011203 2.905315
0.655331 0.032588 0.029633 0.015140 0.000912 0.255181 0.011216 2.908547
0.655200 0.032604 0.029659 0.015156 0.000901 0.255247 0.011231 2.911795
0.655228 0.032612 0.029612 0.015118 0.000896 0.255293 0.011240 2.914967
0.655196 0.032548 0.029684 0.015133 0.000892 0.255293 0.011254 2.918223
0.655230 0.032586 0.029681 0.015096 0.000889 0.255256 0.011262 2.921365
0.655335 0.032523 0.029700 0.015071 0.000889 0.255206 0.011277 2.924569
0.655304 0.032677 0.029642 0.015040 0.000899 0.255152 0.011286 2.927705
0.655287 0.032714 0.029554 0.015018 0.000903 0.255228 0.011296 2.930907
0.655426 0.032651 0.029571 0.015005 0.000907 0.255132 0.011308 2.934087
0.655331 0.032684 0.029619 0.015024 0.000907 0.255117 0.011319 2.937323
0.655280 0.032614 0.029739 0.015026 0.000912 0.255101 0.011330 2.940566
0.655270 0.032597 0.029823 0.015053 0.000911 0.255006 0.011340 2.943785
0.655221 0.032675 0.029829 0.015055 0.000920 0.254954 0.011347 2.946944
0.655190 0.032735 0.029773 0.015064 0.000905 0.254969 0.011364 2.950093
0.655188 0.032759 0.029853 0.015050 0.000907 0.254870 0.011372 2.953317
0.655161 0.032778 0.029831 0.015045 0.000914 0.254889 0.011383 2.956510
0.655173 0.032728 0.029844 0.015050 0.000919 0.254889 0.011397 2.959749
0.655008 0.032820 0.029799 0.015067 0.000917 0.254980 0.011410 2.962952
0.655054 0.032779 0.029780 0.015072 0.000913 0.254981 0.011421 2.966165
0.655062 0.032813 0.029674 0.015103 0.000915 0.255003 0.011431 2.969348
0.654982 0.032817 0.029728 0.015108 0.000917 0.255007 0.011441 2.972568
0.654999 0.032799 0.029774 0.015112 0.000914 0.254948 0.011454 2.975794
0.654969 0.032881 0.029680 0.015110 0.000914 0.254978 0.011468 2.978952
0.654975 0.032937 0.029690 0.015081 0.000918 0.254920 0.011478 2.982111
0.654906 0.032979 0.029688 0.015162 0.000911 0.254863 0.011489 2.985322
0.654836 0.032977 0.029719 0.015184 0.000908 0.254874 0.011501 2.988539
0.654876 0.032977 0.029705 0.015229 0.000896 0.254800 0.011517 2.991768
0.654891 0.032947 0.029717 0.015215 0.000895 0.254805 0.011530 2.994949
0.654778 0.033020 0.029720 0.015207 0.000885 0.254846 0.011545 2.998152
0.654710 0.033100 0.029761 0.015193 0.000889 0.254794 0.011554 3.001374
0.654675 0.033129 0.029688 0.015186 0.000891 0.254866 0.011564 3.004582
0.654753 0.033016 0.029741 0.015145 0.000901 0.254872 0.011573 3.007841
0.654732 0.033023 0.029745 0.015187 0.000906 0.254824 0.011584 3.011075
0.654788 0.032992 0.029776 0.015242 0.000898 0.254709 0.011596 3.014298
0.654693 0.032983 0.029800 0.015262 0.000896 0.254761 0.011606 3.017553
0.654673 0.032951 0.029803 0.015273 0.000897 0.254785 0.011619 3.020796
0.654614 0.032953 0.029782 0.015247 0.000901 0.254876 0.011628 3.023941
0.654569 0.032926 0.029737 0.015252 0.000903 0.254974 0.011639 3.027190
0.654466 0.032953 0.029719 0.015251 0.000905 0.255058 0.011649 3.030406
0.654444 0.032950 0.029704 0.015266 0.000895 0.255086 0.011656 3.033625
0.654409 0.032917 0.029770 0.015283 0.000892 0.255063 0.011667 3.036895
0.654357 0.032945 0.029759 0.015266 0.000895 0.255101 0.011677 3.040065
0.654313 0.032888 0.029765 0.015249 0.000896 0.255200 0.011690 3.043318
0.654282 0.032918 0.029770 0.015230 0.000894 0.255205 0.011702 3.046509
0.654256 0.032911 0.029796 0.015254 0.000894 0.255176 0.011712 3.049725
0.654317 0.032837 0.029747 0.015280 0.000896 0.255203 0.011720 3.052928
0.654382 0.032786 0.029795 0.015267 0.000902 0.255134 0.011734 3.056139
0.654400 0.032767 0.029776 0.015211 0.000904 0.255196 0.011745 3.059329
0.654419 0.032751 0.029812 0.015221 0.000898 0.255144 0.011754 3.062564
0.654266 0.032854 0.029884 0.015189 0.000894 0.255150 0.011765 3.065780
0.654175 0.032837 0.029907 0.015160 0.000896 0.255250 0.011774 3.068992
0.654121 0.032813 0.029906 0.015124 0.000892 0.255363 0.011782 3.072201
0.654056 0.032762 0.029916 0.015149 0.000891 0.255430 0.011795 3.075432
0.654148 0.032731 0.029988 0.015123 0.000885 0.255313 0.011813 3.078611
0.654201 0.032709 0.030031 0.015108 0.000890 0.255238 0.011823 3.081829
0.654214 0.032741 0.029962 0.015146 0.000883 0.255220 0.011834 3.084997
0.654232 0.032712 0.029918 0.015170 0.000889 0.255235 0.011843 3.088211
0.654203 0.032615 0.029993 0.015233 0.000888 0.255218 0.011851 3.091493
0.654182 0.032634 0.029952 0.015211 0.000888 0.255271 0.011864 3.094681
0.654182 0.032643 0.029913 0.015201 0.000885 0.255305 0.011871 3.097842
0.654123 0.032633 0.029839 0.015181 0.000880 0.255465 0.011880 3.101029
0.654141 0.032584 0.029804 0.015152 0.000889 0.255539 0.011891 3.104240
0.654091 0.032605 0.029786 0.015174 0.000891 0.255552 0.011901 3.107432
0.654088 0.032600 0.029819 0.015128 0.000898 0.255554 0.011913 3.110651
0.654061 0.032598 0.029775 0.015115 0.000894 0.255631 0.011926 3.113837
0.653985 0.032476 0.029800 0.015231 0.000891 0.255681 0.011937 3.117166
0.654038 0.032406 0.029769 0.015195 0.000886 0.255755 0.011951 3.120353
0.654148 0.032395 0.029766 0.015161 0.000880 0.255690 0.011960 3.123515
0.654173 0.032423 0.029713 0.015137 0.000886 0.255698 0.011971 3.126642
0.654290 0.032387 0.029740 0.015042 0.000887 0.255673 0.011981 3.129795
0.654295 0.032469 0.029710 0.015018 0.000884 0.255631 0.011994 3.132964
0.654380 0.032442 0.029700 0.015020 0.000886 0.255568 0.012004 3.136142
0.654412 0.032521 0.029627 0.014935 0.000885 0.255605 0.012015 3.139256
0.654454 0.032405 0.029668 0.014916 0.000886 0.255643 0.012027 3.142463
0.654438 0.032377 0.029688 0.014955 0.000875 0.255627 0.012040 3.145694
0.654540 0.032326 0.029670 0.014937 0.000877 0.255596 0.012054 3.148869
0.654558 0.032302 0.029597 0.014904 0.000876 0.255700 0.012064 3.152029
0.654560 0.032308 0.029566 0.014905 0.000867 0.255719 0.012077 3.155177
0.654554 0.032328 0.029546 0.014887 0.000859 0.255740 0.012087 3.158387
0.654616 0.032310 0.029499 0.014847 0.000862 0.255769 0.012097 3.161525
0.654688 0.032278 0.029494 0.014856 0.000872 0.255704 0.012108 3.164689
0.654714 0.032238 0.029532 0.014835 0.000871 0.255687 0.012123 3.167867
0.654728 0.032278 0.029527 0.014781 0.000870 0.255680 0.012136 3.171000
0.654759 0.032236 0.029446 0.014807 0.000875 0.255727 0.012149 3.174129
0.654884 0.032162 0.029416 0.014775 0.000867 0.255736 0.012162 3.177284
0.655041 0.032097 0.029351 0.014792 0.000855 0.255690 0.012175 3.180410
0.655134 0.032117 0.029311 0.014811 0.000860 0.255585 0.012184 3.183559
0.655208 0.032175 0.029286 0.014815 0.000862 0.255461 0.012193 3.186651
0.655302 0.032177 0.029236 0.014857 0.000860 0.255367 0.012202 3.189788
0.655334 0.032229 0.029184 0.014876 0.000861 0.255303 0.012213 3.192902
0.655426 0.032196 0.029132 0.014891 0.000860 0.255272 0.012225 3.196044
0.655513 0.032141 0.029164 0.014875 0.000865 0.255206 0.012235 3.199215
0.655517 0.032177 0.029053 0.014905 0.000861 0.255244 0.012243 3.202334
0.655539 0.032163 0.029059 0.014905 0.000854 0.255225 0.012255 3.205507
0.655589 0.032181 0.029014 0.014945 0.000853 0.255150 0.012268 3.208632
0.655693 0.032159 0.029011 0.014972 0.000859 0.255029 0.012277 3.211788
0.655806 0.032242 0.029008 0.014954 0.000867 0.254836 0.012286 3.214888
0.655848 0.032128 0.029027 0.014988 0.000872 0.254842 0.012294 3.218090
0.655940 0.032064 0.029018 0.014983 0.000874 0.254816 0.012305 3.221256
0.655969 0.032044 0.029042 0.014960 0.000876 0.254793 0.012316 3.224406
0.656003 0.032082 0.029010 0.014957 0.000883 0.254737 0.012327 3.227512
0.655979 0.032157 0.028947 0.014938 0.000875 0.254766 0.012338 3.230610
0.655895 0.032201 0.028992 0.014981 0.000880 0.254702 0.012348 3.233779
0.655901 0.032254 0.028984 0.014988 0.000883 0.254632 0.012357 3.236896
0.655925 0.032281 0.029003 0.014955 0.000887 0.254579 0.012369 3.240043
0.655973 0.032257 0.029033 0.014967 0.000885 0.254503 0.012381 3.243185
0.656023 0.032152 0.029076 0.014994 0.000896 0.254472 0.012386 3.246408
0.656045 0.031992 0.029195 0.015020 0.000895 0.254456 0.012395 3.249678
0.656088 0.032059 0.029199 0.014948 0.000903 0.254398 0.012405 3.252759
0.656132 0.032051 0.029285 0.015000 0.000899 0.254218 0.012415 3.255935
0.656141 0.032062 0.029323 0.014994 0.000908 0.254151 0.012422 3.259108
0.656098 0.032019 0.029286 0.014989 0.000911 0.254266 0.012430 3.262282
0.656017 0.032141 0.029271 0.014996 0.000912 0.254224 0.012438 3.265398
0.656072 0.032130 0.029287 0.015001 0.000907 0.254150 0.012452 3.268517
0.656039 0.032118 0.029358 0.015020 0.000896 0.254107 0.012463 3.271740
0.656119 0.032106 0.029399 0.014996 0.000900 0.254007 0.012474 3.274878
0.656175 0.032079 0.029357 0.014982 0.000908 0.254019 0.012479 3.278025
0.656162 0.032015 0.029369 0.015001 0.000908 0.254053 0.012493 3.281249
0.656241 0.031971 0.029431 0.015057 0.000908 0.253888 0.012506 3.284451
0.656196 0.032061 0.029411 0.014950 0.000903 0.253962 0.012518 3.287505
0.656151 0.032136 0.029411 0.014919 0.000901 0.253948 0.012533 3.290645
0.656128 0.032166 0.029400 0.014935 0.000895 0.253933 0.012543 3.293795
0.656153 0.032177 0.029396 0.014926 0.000895 0.253900 0.012554 3.296981
0.656245 0.032170 0.029382 0.014940 0.000890 0.253807 0.012566 3.300141
0.656254 0.032208 0.029346 0.014954 0.000889 0.253773 0.012576 3.303293
0.656211 0.032265 0.029294 0.014929 0.000891 0.253825 0.012586 3.306424
0.656144 0.032323 0.029316 0.014964 0.000887 0.253771 0.012595 3.309599
0.656186 0.032308 0.029348 0.014979 0.000883 0.253693 0.012603 3.312767
