0.999816 0.000137 0.000035 0.000012 0.000000 0.000000 0.000000
0.999745 0.000183 0.000027 0.000005 0.000000 0.000041 0.000000
0.999446 0.000444 0.000069 0.000014 0.000000 0.000026 0.000000
0.999048 0.000763 0.000123 0.000034 0.000000 0.000033 0.000000
0.998526 0.001169 0.000186 0.000068 0.000000 0.000051 0.000000
0.997663 0.001884 0.000270 0.000116 0.000000 0.000068 0.000000
0.996201 0.003099 0.000388 0.000188 0.000000 0.000124 0.000000
0.994711 0.004261 0.000568 0.000300 0.000001 0.000159 0.000000
0.991669 0.006688 0.000877 0.000501 0.000001 0.000263 0.000000
0.988534 0.009168 0.001228 0.000693 0.000001 0.000377 0.000000
0.983666 0.012834 0.001893 0.001070 0.000001 0.000535 0.000000
0.977294 0.017564 0.002849 0.001515 0.000004 0.000775 0.000000
0.969096 0.023718 0.003982 0.002053 0.000006 0.001145 0.000000
0.959688 0.030746 0.005358 0.002676 0.000005 0.001527 0.000000
0.947603 0.039649 0.007078 0.003566 0.000006 0.002097 0.000000
0.932625 0.050606 0.009172 0.004750 0.000007 0.002840 0.000000
0.915915 0.062692 0.011661 0.006026 0.000014 0.003692 0.000000
0.898684 0.074877 0.014264 0.007402 0.000018 0.004756 0.000000
0.877810 0.089263 0.017683 0.009133 0.000023 0.006087 0.000000
0.856442 0.103053 0.021572 0.011159 0.000029 0.007746 0.000000
0.834114 0.116830 0.025831 0.013474 0.000041 0.009709 0.000000
0.811307 0.130203 0.030452 0.015948 0.000053 0.012037 0.000000
0.788537 0.142839 0.035291 0.018543 0.000060 0.014731 0.000000
0.766994 0.153938 0.040172 0.021164 0.000069 0.017661 0.000000
0.744859 0.164785 0.045439 0.023849 0.000080 0.020987 0.000001
0.723951 0.174079 0.050581 0.026569 0.000087 0.024731 0.000001
0.703253 0.181990 0.056273 0.029515 0.000099 0.028869 0.000001
0.682906 0.188972 0.061842 0.032488 0.000121 0.033670 0.000001
0.663465 0.194595 0.067281 0.035469 0.000147 0.039042 0.000001
0.645850 0.198458 0.072497 0.038435 0.000167 0.044592 0.000001
0.629209 0.201503 0.077666 0.041035 0.000185 0.050400 0.000001
0.612782 0.203609 0.082903 0.043624 0.000204 0.056878 0.000001
0.596917 0.204942 0.087965 0.046198 0.000235 0.063741 0.000001
0.581244 0.205459 0.093084 0.048722 0.000270 0.071219 0.000001
0.566237 0.205789 0.097779 0.051078 0.000293 0.078823 0.000001
0.553361 0.204308 0.101989 0.053361 0.000317 0.086661 0.000003
0.540417 0.202694 0.105929 0.055487 0.000351 0.095119 0.000004
0.528432 0.200780 0.109447 0.057311 0.000384 0.103641 0.000006
0.518052 0.197902 0.112364 0.058880 0.000411 0.112383 0.000008
0.506453 0.194824 0.115553 0.060687 0.000446 0.122025 0.000012
0.496679 0.191773 0.118200 0.062111 0.000479 0.130744 0.000014
0.487580 0.187763 0.120600 0.063178 0.000509 0.140354 0.000015
0.479410 0.183844 0.122546 0.064056 0.000542 0.149584 0.000017
0.471806 0.179328 0.124138 0.064987 0.000574 0.159147 0.000019
0.464249 0.175111 0.125395 0.065713 0.000600 0.168910 0.000022
0.457314 0.170719 0.126438 0.066245 0.000632 0.178629 0.000023
0.450174 0.166110 0.127259 0.066744 0.000651 0.189037 0.000025
0.444545 0.162154 0.127606 0.066898 0.000674 0.198095 0.000028
0.438637 0.158024 0.127900 0.067118 0.000705 0.207588 0.000028
0.431601 0.153949 0.128337 0.067340 0.000738 0.218006 0.000030
0.426108 0.150212 0.128061 0.067328 0.000765 0.227494 0.000032
0.420462 0.146068 0.127754 0.067245 0.000782 0.237655 0.000034
0.414330 0.141772 0.127890 0.067341 0.000812 0.247819 0.000036
0.408976 0.137111 0.127497 0.067197 0.000839 0.258342 0.000038
0.405411 0.133327 0.126736 0.066896 0.000866 0.266726 0.000039
0.400844 0.128869 0.125787 0.066418 0.000896 0.277144 0.000041
0.397269 0.124341 0.124454 0.065692 0.000913 0.287286 0.000046
0.393308 0.119895 0.123444 0.065335 0.000931 0.297038 0.000050
0.390345 0.115933 0.122121 0.064646 0.000942 0.305957 0.000056
0.387912 0.112104 0.120688 0.063886 0.000961 0.314391 0.000058
0.384700 0.107228 0.119011 0.062951 0.000988 0.325062 0.000061
0.382619 0.103777 0.117472 0.062211 0.001014 0.332845 0.000062
0.380603 0.099428 0.115478 0.061277 0.001027 0.342120 0.000067
0.379674 0.095850 0.113435 0.060057 0.001040 0.349874 0.000071
0.378699 0.091761 0.111282 0.058808 0.001045 0.358330 0.000076
0.378250 0.087836 0.109083 0.057625 0.001057 0.366070 0.000079
0.377791 0.084362 0.107251 0.056707 0.001050 0.372756 0.000084
0.377673 0.080626 0.104469 0.055232 0.001052 0.380860 0.000088
0.378136 0.077985 0.102197 0.054134 0.001051 0.386407 0.000091
0.378434 0.074406 0.099409 0.052662 0.001053 0.393941 0.000095
0.378868 0.071734 0.097374 0.051587 0.001058 0.399281 0.000098
0.380023 0.068948 0.094917 0.050326 0.001052 0.404633 0.000100
0.381101 0.066190 0.092261 0.049081 0.001050 0.410211 0.000106
0.382196 0.064072 0.090027 0.047926 0.001046 0.414625 0.000108
0.383413 0.061750 0.087569 0.046779 0.001047 0.419329 0.000114
0.384936 0.059816 0.085261 0.045513 0.001050 0.423305 0.000119
0.386329 0.057704 0.082799 0.044283 0.001052 0.427708 0.000124
0.388074 0.055732 0.080313 0.042941 0.001050 0.431764 0.000126
0.389721 0.054153 0.078366 0.041931 0.001052 0.434649 0.000128
0.391720 0.052448 0.075883 0.040662 0.001049 0.438106 0.000132
0.393358 0.051217 0.074002 0.039574 0.001049 0.440666 0.000134
0.395416 0.049501 0.071685 0.038350 0.001041 0.443869 0.000138
0.397172 0.048472 0.069794 0.037415 0.001027 0.445979 0.000141
0.399654 0.047247 0.067582 0.036313 0.001021 0.448038 0.000145
0.401828 0.046179 0.065831 0.035373 0.001015 0.449628 0.000146
0.404027 0.045274 0.064210 0.034464 0.001008 0.450871 0.000146
0.406529 0.044086 0.062202 0.033322 0.000997 0.452709 0.000154
0.408593 0.043355 0.060640 0.032491 0.000980 0.453785 0.000155
0.410975 0.042519 0.059137 0.031611 0.000961 0.454637 0.000161
0.413449 0.041780 0.057724 0.030842 0.000948 0.455094 0.000163
0.415809 0.040974 0.056119 0.030001 0.000936 0.455993 0.000168
0.418330 0.040280 0.054655 0.029231 0.000924 0.456410 0.000169
0.420876 0.039770 0.053032 0.028434 0.000908 0.456807 0.000173
0.423020 0.039328 0.051913 0.027835 0.000895 0.456832 0.000177
0.425641 0.038723 0.050692 0.027123 0.000888 0.456752 0.000180
0.427966 0.038432 0.049434 0.026534 0.000884 0.456566 0.000184
0.430287 0.038126 0.048290 0.025877 0.000865 0.456365 0.000189
0.432694 0.037871 0.047087 0.025282 0.000851 0.456024 0.000191
0.435099 0.037493 0.046141 0.024777 0.000855 0.455440 0.000194
0.437407 0.037131 0.045292 0.024256 0.000839 0.454879 0.000196
0.439851 0.036890 0.044534 0.023767 0.000829 0.453928 0.000201
0.442360 0.036568 0.043680 0.023332 0.000813 0.453046 0.000202
0.444451 0.036455 0.042804 0.022994 0.000803 0.452290 0.000202
0.446786 0.036332 0.042166 0.022567 0.000806 0.451137 0.000206
0.449066 0.036272 0.041472 0.022167 0.000791 0.450020 0.000211
0.451191 0.036206 0.040911 0.021845 0.000781 0.448851 0.000214
0.453477 0.036125 0.040284 0.021476 0.000778 0.447647 0.000214
0.455195 0.036139 0.039787 0.021228 0.000770 0.446661 0.000221
0.457594 0.036227 0.039227 0.020925 0.000753 0.445051 0.000224
0.459587 0.036322 0.038757 0.020630 0.000744 0.443730 0.000230
0.461621 0.036472 0.038353 0.020319 0.000734 0.442271 0.000231
0.463727 0.036504 0.038000 0.020108 0.000729 0.440698 0.000233
0.465840 0.036534 0.037615 0.019914 0.000723 0.439140 0.000235
0.467664 0.036593 0.037256 0.019760 0.000716 0.437774 0.000237
0.469461 0.036750 0.037006 0.019536 0.000712 0.436299 0.000237
0.471213 0.036754 0.036801 0.019330 0.000699 0.434963 0.000240
0.473282 0.036892 0.036493 0.019236 0.000690 0.433162 0.000246
0.474697 0.037058 0.036341 0.019235 0.000668 0.431750 0.000250
0.476629 0.037301 0.036098 0.019114 0.000661 0.429942 0.000255
0.477942 0.037498 0.035938 0.018996 0.000650 0.428721 0.000254
0.479525 0.037781 0.035823 0.018896 0.000640 0.427078 0.000257
0.480885 0.037981 0.035735 0.018854 0.000624 0.425662 0.000259
0.482378 0.038016 0.035571 0.018763 0.000611 0.424400 0.000261
0.484497 0.037845 0.035447 0.018673 0.000600 0.422669 0.000270
0.486695 0.037148 0.035454 0.018484 0.000593 0.421357 0.000269
0.489157 0.036181 0.035455 0.018325 0.000587 0.420026 0.000269
0.492423 0.034940 0.035314 0.018096 0.000577 0.418380 0.000270
0.495825 0.033642 0.035252 0.017833 0.000566 0.416608 0.000274
0.499199 0.032221 0.035084 0.017569 0.000560 0.415091 0.000276
0.502692 0.030831 0.034738 0.017233 0.000559 0.413669 0.000277
0.506616 0.029328 0.034288 0.016822 0.000549 0.412116 0.000281
0.510612 0.027983 0.033788 0.016450 0.000543 0.410343 0.000281
0.514280 0.026565 0.033319 0.016058 0.000538 0.408960 0.000280
0.518418 0.025238 0.032696 0.015668 0.000531 0.407168 0.000280
0.522655 0.023877 0.032150 0.015262 0.000511 0.405259 0.000285
0.526808 0.022672 0.031455 0.014817 0.000492 0.403467 0.000289
0.530880 0.021449 0.030805 0.014371 0.000478 0.401726 0.000291
0.535221 0.020347 0.030048 0.013915 0.000467 0.399707 0.000294
0.539309 0.019236 0.029326 0.013478 0.000469 0.397889 0.000292
0.543551 0.018113 0.028578 0.013033 0.000461 0.395968 0.000296
0.547982 0.017208 0.027741 0.012641 0.000459 0.393668 0.000302
0.551944 0.016273 0.026963 0.012172 0.000441 0.391905 0.000302
0.556225 0.015494 0.026257 0.011746 0.000440 0.389533 0.000305
0.560600 0.014639 0.025451 0.011305 0.000433 0.387264 0.000309
0.564692 0.013847 0.024667 0.010911 0.000431 0.385148 0.000304
0.569195 0.013110 0.023838 0.010523 0.000412 0.382611 0.000311
0.573551 0.012313 0.023060 0.010172 0.000407 0.380187 0.000310
0.577594 0.011688 0.022294 0.009839 0.000392 0.377883 0.000310
0.581980 0.011113 0.021520 0.009461 0.000383 0.375230 0.000313
0.586201 0.010547 0.020745 0.009121 0.000379 0.372697 0.000310
0.590435 0.009970 0.020027 0.008786 0.000371 0.370095 0.000317
0.594534 0.009470 0.019301 0.008469 0.000359 0.367551 0.000317
0.598774 0.009015 0.018501 0.008143 0.000350 0.364897 0.000320
0.603025 0.008619 0.017880 0.007819 0.000340 0.361996 0.000322
0.607057 0.008204 0.017179 0.007507 0.000335 0.359395 0.000323
0.611369 0.007954 0.016613 0.007199 0.000325 0.356215 0.000325
0.615436 0.007557 0.015980 0.006870 0.000319 0.353518 0.000321
0.619386 0.007193 0.015480 0.006637 0.000313 0.350663 0.000329
0.623817 0.006841 0.014868 0.006356 0.000305 0.347487 0.000327
0.627596 0.006632 0.014325 0.006131 0.000300 0.344689 0.000327
0.631593 0.006378 0.013731 0.005897 0.000289 0.341784 0.000328
0.635529 0.006163 0.013134 0.005638 0.000287 0.338920 0.000330
0.639395 0.005945 0.012656 0.005393 0.000279 0.336002 0.000329
0.643500 0.005701 0.012204 0.005195 0.000277 0.332794 0.000329
0.647490 0.005532 0.011745 0.004936 0.000266 0.329699 0.000332
0.651169 0.005376 0.011297 0.004711 0.000264 0.326851 0.000331
0.654854 0.005246 0.010859 0.004502 0.000256 0.323952 0.000330
0.658948 0.005070 0.010477 0.004305 0.000258 0.320611 0.000331
0.662696 0.004886 0.010126 0.004159 0.000251 0.317547 0.000336
0.666298 0.004693 0.009800 0.003995 0.000238 0.314640 0.000335
0.669711 0.004536 0.009421 0.003854 0.000225 0.311917 0.000336
0.673729 0.004397 0.009073 0.003708 0.000222 0.308531 0.000339
0.677141 0.004262 0.008759 0.003549 0.000214 0.305734 0.000342
0.680733 0.004098 0.008475 0.003434 0.000207 0.302711 0.000341
0.684262 0.004006 0.008063 0.003285 0.000201 0.299844 0.000339
0.687881 0.003879 0.007762 0.003156 0.000197 0.296781 0.000345
0.691260 0.003761 0.007461 0.003022 0.000193 0.293957 0.000347
0.694706 0.003670 0.007160 0.002893 0.000191 0.291038 0.000342
0.698247 0.003600 0.006898 0.002781 0.000183 0.287951 0.000341
0.701629 0.003514 0.006615 0.002694 0.000179 0.285025 0.000344
0.705067 0.003429 0.006390 0.002580 0.000180 0.282013 0.000341
0.708223 0.003365 0.006176 0.002513 0.000176 0.279195 0.000351
0.711610 0.003312 0.005986 0.002430 0.000167 0.276150 0.000345
0.714913 0.003240 0.005815 0.002354 0.000163 0.273164 0.000350
0.718030 0.003167 0.005577 0.002270 0.000159 0.270449 0.000348
0.720906 0.003125 0.005410 0.002212 0.000153 0.267847 0.000347
0.724393 0.003070 0.005181 0.002153 0.000145 0.264713 0.000346
0.727461 0.002974 0.005026 0.002086 0.000146 0.261958 0.000348
0.730218 0.002911 0.004892 0.002015 0.000143 0.259473 0.000347
0.733203 0.002833 0.004732 0.001941 0.000136 0.256807 0.000348
0.736173 0.002768 0.004601 0.001865 0.000138 0.254104 0.000352
0.739341 0.002663 0.004470 0.001802 0.000129 0.251243 0.000352
0.742405 0.002632 0.004350 0.001748 0.000120 0.248395 0.000350
0.745221 0.002540 0.004222 0.001700 0.000119 0.245844 0.000353
0.747882 0.002569 0.004116 0.001638 0.000115 0.243335 0.000346
0.751046 0.002511 0.003954 0.001596 0.000113 0.240424 0.000356
0.753783 0.002501 0.003883 0.001563 0.000106 0.237816 0.000348
0.756893 0.002450 0.003755 0.001510 0.000102 0.234936 0.000353
0.759222 0.002459 0.003671 0.001466 0.000096 0.232736 0.000349
0.761952 0.002453 0.003570 0.001427 0.000097 0.230151 0.000348
0.764846 0.002387 0.003475 0.001382 0.000096 0.227464 0.000350
0.767532 0.002353 0.003388 0.001353 0.000097 0.224928 0.000349
0.770182 0.002306 0.003255 0.001330 0.000095 0.222481 0.000351
0.772875 0.002264 0.003178 0.001319 0.000090 0.219920 0.000353
0.775663 0.002237 0.003100 0.001303 0.000086 0.217265 0.000347
0.778314 0.002201 0.002985 0.001265 0.000090 0.214791 0.000355
0.780687 0.002184 0.002965 0.001251 0.000087 0.212475 0.000350
0.783028 0.002183 0.002872 0.001239 0.000084 0.210249 0.000345
0.785640 0.002136 0.002849 0.001193 0.000083 0.207747 0.000351
0.787956 0.002175 0.002832 0.001169 0.000083 0.205434 0.000352
0.790602 0.002106 0.002736 0.001127 0.000080 0.203000 0.000350
0.792818 0.002101 0.002701 0.001129 0.000077 0.200821 0.000351
0.795311 0.002065 0.002687 0.001111 0.000074 0.198401 0.000351
0.797442 0.002035 0.002623 0.001105 0.000072 0.196370 0.000351
0.799902 0.002064 0.002602 0.001082 0.000072 0.193926 0.000353
0.802218 0.002037 0.002525 0.001062 0.000066 0.191733 0.000359
0.804380 0.002051 0.002522 0.001064 0.000063 0.189570 0.000350
0.806580 0.002024 0.002481 0.001038 0.000060 0.187468 0.000349
0.808652 0.002002 0.002442 0.001038 0.000061 0.185460 0.000346
0.811096 0.001956 0.002396 0.001007 0.000056 0.183139 0.000349
0.813133 0.001946 0.002339 0.000977 0.000055 0.181197 0.000354
0.815236 0.001907 0.002328 0.000973 0.000057 0.179145 0.000354
0.817063 0.001932 0.002315 0.000961 0.000056 0.177321 0.000353
0.819510 0.001892 0.002243 0.000948 0.000053 0.175002 0.000352
0.821398 0.001877 0.002210 0.000950 0.000052 0.173157 0.000356
0.823180 0.001865 0.002209 0.000956 0.000051 0.171382 0.000358
0.825219 0.001893 0.002182 0.000937 0.000051 0.169373 0.000345
0.827489 0.001842 0.002155 0.000938 0.000050 0.167176 0.000348
0.829089 0.001894 0.002132 0.000931 0.000049 0.165556 0.000349
0.831163 0.001849 0.002113 0.000917 0.000050 0.163549 0.000359
0.833285 0.001845 0.002067 0.000897 0.000047 0.161505 0.000354
0.834881 0.001868 0.002064 0.000913 0.000044 0.159877 0.000354
0.837006 0.001831 0.002021 0.000880 0.000041 0.157867 0.000354
0.838418 0.001853 0.002033 0.000893 0.000036 0.156409 0.000358
0.840687 0.001839 0.002010 0.000896 0.000036 0.154177 0.000356
0.842395 0.001797 0.001955 0.000867 0.000038 0.152587 0.000360
0.844063 0.001834 0.001948 0.000872 0.000034 0.150893 0.000356
0.845632 0.001858 0.001943 0.000863 0.000031 0.149318 0.000355
0.847280 0.001837 0.001916 0.000867 0.000030 0.147722 0.000348
0.849116 0.001843 0.001933 0.000870 0.000028 0.145854 0.000355
0.850656 0.001826 0.001932 0.000858 0.000028 0.144353 0.000347
0.852587 0.001750 0.001872 0.000825 0.000029 0.142585 0.000352
0.854029 0.001794 0.001899 0.000842 0.000024 0.141059 0.000353
0.855659 0.001783 0.001934 0.000848 0.000022 0.139409 0.000346
0.857561 0.001761 0.001887 0.000827 0.000022 0.137593 0.000350
0.858802 0.001778 0.001867 0.000824 0.000023 0.136352 0.000354
0.860267 0.001773 0.001869 0.000825 0.000023 0.134891 0.000353
0.862089 0.001757 0.001830 0.000802 0.000026 0.133140 0.000357
0.863590 0.001820 0.001850 0.000810 0.000025 0.131554 0.000352
0.865029 0.001800 0.001839 0.000788 0.000026 0.130162 0.000357
0.866157 0.001867 0.001859 0.000805 0.000025 0.128939 0.000348
0.867772 0.001876 0.001854 0.000777 0.000022 0.127352 0.000347
0.869216 0.001908 0.001834 0.000798 0.000025 0.125869 0.000350
0.870437 0.001931 0.001858 0.000795 0.000022 0.124604 0.000352
0.871892 0.001865 0.001855 0.000791 0.000022 0.123228 0.000347
0.873106 0.001888 0.001826 0.000795 0.000021 0.122016 0.000349
0.874606 0.001931 0.001826 0.000789 0.000022 0.120479 0.000347
0.876054 0.001956 0.001844 0.000806 0.000021 0.118961 0.000357
0.877201 0.001984 0.001833 0.000807 0.000020 0.117801 0.000355
0.878532 0.001961 0.001838 0.000808 0.000020 0.116494 0.000347
0.879756 0.001971 0.001855 0.000815 0.000021 0.115227 0.000355
0.880931 0.001974 0.001869 0.000856 0.000022 0.114004 0.000345
0.882262 0.002018 0.001852 0.000854 0.000023 0.112640 0.000352
0.883376 0.002027 0.001891 0.000860 0.000023 0.111472 0.000353
0.884657 0.002035 0.001874 0.000848 0.000022 0.110206 0.000359
0.885774 0.002076 0.001902 0.000855 0.000022 0.109012 0.000360
0.887006 0.002073 0.001883 0.000851 0.000022 0.107808 0.000357
0.887856 0.002091 0.001952 0.000864 0.000020 0.106860 0.000357
0.889180 0.002079 0.001943 0.000855 0.000020 0.105566 0.000356
0.890480 0.002082 0.001926 0.000809 0.000021 0.104320 0.000361
0.891219 0.002147 0.001970 0.000829 0.000024 0.103459 0.000352
0.892298 0.002142 0.001997 0.000839 0.000024 0.102351 0.000350
0.893736 0.002132 0.001996 0.000836 0.000026 0.100924 0.000350
0.894579 0.002135 0.001984 0.000847 0.000024 0.100076 0.000353
0.895520 0.002191 0.002003 0.000871 0.000027 0.099029 0.000358
0.896703 0.002178 0.001974 0.000856 0.000025 0.097909 0.000356
0.897529 0.002199 0.002001 0.000903 0.000021 0.096992 0.000355
0.898221 0.002254 0.001981 0.000910 0.000023 0.096259 0.000352
0.899400 0.002269 0.001996 0.000915 0.000022 0.095031 0.000367
0.900633 0.002250 0.001976 0.000898 0.000021 0.093861 0.000361
0.901426 0.002277 0.001972 0.000894 0.000021 0.093059 0.000351
0.902121 0.002326 0.002022 0.000928 0.000022 0.092218 0.000362
0.902959 0.002351 0.002069 0.000917 0.000024 0.091321 0.000358
0.904070 0.002362 0.002058 0.000917 0.000023 0.090213 0.000356
0.905035 0.002323 0.002038 0.000902 0.000022 0.089318 0.000362
0.905806 0.002339 0.002053 0.000898 0.000022 0.088524 0.000359
0.906734 0.002400 0.002095 0.000907 0.000019 0.087488 0.000357
0.907954 0.002365 0.002066 0.000887 0.000021 0.086344 0.000363
0.908486 0.002437 0.002114 0.000912 0.000021 0.085669 0.000362
0.909430 0.002486 0.002133 0.000943 0.000023 0.084633 0.000353
0.909953 0.002490 0.002172 0.000955 0.000019 0.084048 0.000363
0.910672 0.002501 0.002172 0.000956 0.000020 0.083317 0.000362
0.911788 0.002522 0.002156 0.000958 0.000019 0.082194 0.000363
0.912675 0.002525 0.002152 0.000956 0.000020 0.081319 0.000352
0.913042 0.002594 0.002189 0.000961 0.000021 0.080831 0.000361
0.914168 0.002535 0.002151 0.000946 0.000023 0.079824 0.000354
0.914476 0.002598 0.002229 0.000981 0.000023 0.079336 0.000357
0.915454 0.002592 0.002221 0.000993 0.000023 0.078371 0.000347
0.916398 0.002560 0.002200 0.000976 0.000023 0.077491 0.000353
0.950905 0.001258 0.001107 0.000493 0.000012 0.046008 0.000216
