0.347281 0.062035 0.055719 0.032007 0.002097 0.494817 0.006044 1.621664
0.349753 0.059781 0.055625 0.031812 0.002116 0.494845 0.006066 1.627611
0.352988 0.057000 0.055470 0.031514 0.002115 0.494818 0.006094 1.633355
0.356767 0.053942 0.055170 0.031043 0.002115 0.494842 0.006122 1.638761
0.360902 0.050875 0.054640 0.030496 0.002116 0.494826 0.006145 1.643846
0.365284 0.047768 0.054002 0.029935 0.002103 0.494733 0.006176 1.648701
0.369978 0.044829 0.053235 0.029323 0.002097 0.494341 0.006197 1.653215
0.374850 0.041991 0.052309 0.028582 0.002088 0.493955 0.006225 1.657437
0.379665 0.039264 0.051299 0.027808 0.002090 0.493624 0.006249 1.661408
0.384541 0.036747 0.050166 0.027017 0.002091 0.493161 0.006279 1.665119
0.389629 0.034328 0.049000 0.026254 0.002073 0.492412 0.006305 1.668624
0.394802 0.032158 0.047703 0.025404 0.002039 0.491553 0.006341 1.671863
0.399919 0.030034 0.046435 0.024560 0.002030 0.490656 0.006366 1.674943
0.405100 0.028141 0.045102 0.023691 0.002017 0.489556 0.006392 1.677740
0.410368 0.026303 0.043779 0.022918 0.002007 0.488209 0.006416 1.680456
0.415675 0.024653 0.042416 0.022105 0.001981 0.486727 0.006443 1.682931
0.420922 0.023170 0.041047 0.021291 0.001960 0.485138 0.006472 1.685213
0.426165 0.021723 0.039722 0.020454 0.001936 0.483509 0.006491 1.687447
0.431480 0.020435 0.038390 0.019570 0.001925 0.481685 0.006515 1.689492
0.436734 0.019194 0.037112 0.018739 0.001903 0.479776 0.006542 1.691456
0.442034 0.018035 0.035789 0.017964 0.001880 0.477729 0.006570 1.693299
0.447365 0.016978 0.034501 0.017233 0.001861 0.475467 0.006593 1.695035
0.452628 0.016049 0.033120 0.016534 0.001818 0.473237 0.006614 1.696594
0.457930 0.015101 0.031918 0.015848 0.001789 0.470781 0.006633 1.698173
0.463187 0.014278 0.030740 0.015191 0.001762 0.468192 0.006650 1.699616
0.468392 0.013534 0.029528 0.014565 0.001740 0.465567 0.006673 1.700959
0.473710 0.012870 0.028322 0.013932 0.001721 0.462751 0.006694 1.702209
0.478932 0.012221 0.027176 0.013340 0.001676 0.459940 0.006716 1.703426
0.484148 0.011594 0.026036 0.012777 0.001649 0.457065 0.006731 1.704614
0.489349 0.010970 0.024968 0.012236 0.001631 0.454093 0.006753 1.705775
0.494405 0.010481 0.023917 0.011679 0.001611 0.451133 0.006775 1.706794
0.499541 0.010010 0.022921 0.011199 0.001572 0.447962 0.006795 1.707787
0.504684 0.009573 0.021956 0.010715 0.001541 0.444715 0.006815 1.708739
0.509731 0.009129 0.021075 0.010210 0.001518 0.441503 0.006834 1.709660
0.514674 0.008736 0.020245 0.009790 0.001486 0.438216 0.006852 1.710543
0.519580 0.008367 0.019422 0.009363 0.001454 0.434946 0.006868 1.711401
0.524461 0.008030 0.018661 0.008932 0.001418 0.431615 0.006883 1.712216
0.529296 0.007717 0.017895 0.008568 0.001382 0.428236 0.006906 1.712997
0.534107 0.007399 0.017150 0.008205 0.001349 0.424866 0.006925 1.713756
0.538867 0.007174 0.016452 0.007839 0.001316 0.421411 0.006941 1.714452
0.543764 0.006900 0.015786 0.007522 0.001275 0.417792 0.006962 1.715154
0.548474 0.006703 0.015135 0.007204 0.001240 0.414270 0.006974 1.715797
0.553242 0.006493 0.014476 0.006908 0.001210 0.410685 0.006987 1.716406
0.557955 0.006285 0.013884 0.006609 0.001171 0.407084 0.007011 1.717021
0.562703 0.006088 0.013332 0.006346 0.001144 0.403361 0.007027 1.717627
0.567386 0.005876 0.012812 0.006101 0.001114 0.399667 0.007043 1.718232
0.571981 0.005735 0.012268 0.005863 0.001087 0.396012 0.007055 1.718785
0.576454 0.005620 0.011751 0.005594 0.001056 0.392455 0.007070 1.719289
0.580886 0.005465 0.011287 0.005356 0.001025 0.388896 0.007085 1.719842
0.585356 0.005327 0.010861 0.005111 0.001004 0.385242 0.007099 1.720378
0.589759 0.005176 0.010426 0.004915 0.000973 0.381637 0.007114 1.720886
0.594099 0.005044 0.010039 0.004732 0.000951 0.378007 0.007127 1.721396
0.598488 0.004919 0.009677 0.004514 0.000923 0.374333 0.007147 1.721878
0.602752 0.004803 0.009314 0.004335 0.000903 0.370733 0.007160 1.722363
0.607035 0.004705 0.008967 0.004182 0.000875 0.367064 0.007173 1.722809
0.611301 0.004576 0.008651 0.004041 0.000845 0.363398 0.007188 1.723276
0.615504 0.004475 0.008329 0.003872 0.000819 0.359803 0.007198 1.723704
0.619585 0.004363 0.008059 0.003734 0.000802 0.356251 0.007206 1.724151
0.623652 0.004261 0.007807 0.003625 0.000780 0.352661 0.007215 1.724589
0.627711 0.004156 0.007583 0.003501 0.000765 0.349060 0.007224 1.725020
0.631753 0.004064 0.007322 0.003410 0.000747 0.345473 0.007232 1.725416
0.635717 0.003993 0.007090 0.003305 0.000727 0.341926 0.007243 1.725812
0.639595 0.003926 0.006841 0.003210 0.000711 0.338468 0.007249 1.726204
0.643441 0.003845 0.006655 0.003110 0.000690 0.335003 0.007256 1.726581
0.647269 0.003766 0.006434 0.003022 0.000669 0.331571 0.007269 1.726958
0.651018 0.003705 0.006214 0.002939 0.000653 0.328194 0.007279 1.727322
0.654740 0.003652 0.006012 0.002851 0.000631 0.324825 0.007289 1.727683
0.658539 0.003588 0.005839 0.002763 0.000617 0.321359 0.007295 1.728044
0.662241 0.003524 0.005674 0.002674 0.000603 0.317983 0.007302 1.728416
0.665901 0.003445 0.005513 0.002611 0.000586 0.314635 0.007310 1.728771
0.669564 0.003387 0.005340 0.002527 0.000569 0.311294 0.007320 1.729106
0.673154 0.003346 0.005189 0.002461 0.000553 0.307974 0.007324 1.729438
0.676697 0.003286 0.005049 0.002407 0.000532 0.304691 0.007338 1.729788
0.680186 0.003222 0.004918 0.002342 0.000519 0.301469 0.007345 1.730120
0.683611 0.003204 0.004784 0.002280 0.000504 0.298268 0.007351 1.730436
0.686997 0.003173 0.004661 0.002213 0.000492 0.295109 0.007356 1.730754
0.690457 0.003161 0.004536 0.002153 0.000478 0.291853 0.007363 1.731050
0.693828 0.003116 0.004417 0.002099 0.000462 0.288709 0.007370 1.731349
0.697149 0.003079 0.004295 0.002039 0.000444 0.285616 0.007378 1.731653
0.700430 0.003057 0.004194 0.001977 0.000431 0.282527 0.007385 1.731949
0.703703 0.003023 0.004107 0.001934 0.000412 0.279427 0.007394 1.732259
0.706867 0.002989 0.004036 0.001871 0.000403 0.276434 0.007401 1.732561
0.710139 0.002961 0.003942 0.001830 0.000385 0.273337 0.007406 1.732855
0.713272 0.002967 0.003826 0.001783 0.000370 0.270370 0.007412 1.733137
0.716361 0.002948 0.003737 0.001765 0.000361 0.267408 0.007419 1.733432
0.719465 0.002902 0.003659 0.001746 0.000351 0.264455 0.007423 1.733728
0.722567 0.002867 0.003610 0.001706 0.000342 0.261483 0.007426 1.734019
0.725594 0.002858 0.003529 0.001664 0.000332 0.258596 0.007428 1.734288
0.728544 0.002856 0.003462 0.001635 0.000326 0.255747 0.007431 1.734559
0.731492 0.002839 0.003407 0.001589 0.000314 0.252923 0.007436 1.734834
0.734454 0.002812 0.003354 0.001551 0.000307 0.250081 0.007442 1.735123
0.737296 0.002779 0.003309 0.001546 0.000301 0.247324 0.007446 1.735413
0.740082 0.002755 0.003260 0.001537 0.000295 0.244624 0.007448 1.735690
0.742857 0.002748 0.003195 0.001517 0.000286 0.241947 0.007450 1.735953
0.745550 0.002723 0.003142 0.001495 0.000278 0.239359 0.007453 1.736229
0.748303 0.002707 0.003089 0.001459 0.000276 0.236712 0.007455 1.736486
0.750885 0.002689 0.003043 0.001438 0.000268 0.234219 0.007458 1.736761
0.753607 0.002705 0.002979 0.001427 0.000261 0.231560 0.007463 1.737007
0.756258 0.002707 0.002922 0.001415 0.000258 0.228976 0.007465 1.737247
0.758866 0.002701 0.002892 0.001411 0.000253 0.226409 0.007470 1.737512
0.761379 0.002692 0.002870 0.001389 0.000243 0.223955 0.007473 1.737774
0.763877 0.002681 0.002831 0.001375 0.000239 0.221523 0.007475 1.738032
0.766381 0.002683 0.002791 0.001368 0.000233 0.219067 0.007479 1.738299
0.768864 0.002674 0.002784 0.001365 0.000227 0.216604 0.007484 1.738571
0.771262 0.002656 0.002775 0.001364 0.000224 0.214234 0.007487 1.738851
0.773621 0.002667 0.002745 0.001355 0.000219 0.211903 0.007491 1.739118
0.775973 0.002653 0.002735 0.001351 0.000215 0.209579 0.007494 1.739391
0.778300 0.002662 0.002731 0.001333 0.000214 0.207266 0.007495 1.739648
0.780676 0.002655 0.002718 0.001330 0.000210 0.204914 0.007497 1.739913
0.782986 0.002662 0.002678 0.001326 0.000203 0.202647 0.007500 1.740167
0.785318 0.002670 0.002681 0.001316 0.000200 0.200312 0.007503 1.740430
0.787549 0.002659 0.002660 0.001309 0.000191 0.198124 0.007508 1.740690
0.789693 0.002666 0.002637 0.001308 0.000190 0.195996 0.007511 1.740950
0.791871 0.002633 0.002627 0.001304 0.000187 0.193865 0.007514 1.741232
0.794011 0.002633 0.002628 0.001307 0.000183 0.191725 0.007515 1.741510
0.796091 0.002641 0.002605 0.001294 0.000178 0.189671 0.007519 1.741765
0.798186 0.002660 0.002588 0.001290 0.000172 0.187582 0.007522 1.742015
0.800257 0.002653 0.002593 0.001304 0.000173 0.185498 0.007523 1.742295
0.802284 0.002678 0.002584 0.001294 0.000171 0.183466 0.007523 1.742549
0.804322 0.002690 0.002563 0.001292 0.000169 0.181440 0.007525 1.742798
0.806323 0.002698 0.002571 0.001292 0.000165 0.179423 0.007529 1.743063
0.808252 0.002730 0.002553 0.001289 0.000158 0.177485 0.007533 1.743320
0.810135 0.002755 0.002547 0.001291 0.000156 0.175581 0.007536 1.743572
0.812056 0.002766 0.002542 0.001273 0.000156 0.173670 0.007537 1.743827
0.813888 0.002780 0.002536 0.001281 0.000154 0.171824 0.007538 1.744096
0.815700 0.002784 0.002546 0.001289 0.000149 0.169991 0.007541 1.744381
0.817553 0.002815 0.002535 0.001291 0.000144 0.168119 0.007543 1.744652
0.819390 0.002826 0.002540 0.001277 0.000137 0.166283 0.007548 1.744919
0.821157 0.002824 0.002555 0.001289 0.000134 0.164492 0.007549 1.745204
0.822881 0.002844 0.002576 0.001288 0.000128 0.162734 0.007550 1.745496
0.824609 0.002881 0.002560 0.001290 0.000126 0.160982 0.007552 1.745758
0.826356 0.002943 0.002562 0.001293 0.000122 0.159172 0.007553 1.746020
0.828014 0.002961 0.002577 0.001291 0.000123 0.157479 0.007555 1.746321
0.829745 0.002955 0.002577 0.001317 0.000123 0.155728 0.007555 1.746617
0.831380 0.002969 0.002587 0.001310 0.000120 0.154075 0.007558 1.746913
0.832991 0.003012 0.002595 0.001294 0.000124 0.152424 0.007560 1.747187
0.834626 0.003007 0.002596 0.001292 0.000119 0.150798 0.007561 1.747489
0.836211 0.003064 0.002590 0.001287 0.000118 0.149167 0.007563 1.747755
0.837784 0.003076 0.002592 0.001288 0.000117 0.147576 0.007566 1.748049
0.839315 0.003094 0.002594 0.001316 0.000116 0.145996 0.007568 1.748371
0.840827 0.003109 0.002605 0.001314 0.000116 0.144459 0.007570 1.748681
0.842280 0.003121 0.002630 0.001327 0.000116 0.142956 0.007570 1.748980
0.843742 0.003165 0.002649 0.001319 0.000113 0.141439 0.007572 1.749266
0.845150 0.003167 0.002651 0.001338 0.000112 0.140007 0.007575 1.749586
0.846527 0.003196 0.002642 0.001342 0.000110 0.138606 0.007576 1.749886
0.847929 0.003197 0.002661 0.001357 0.000104 0.137171 0.007580 1.750201
0.849268 0.003220 0.002679 0.001363 0.000105 0.135784 0.007581 1.750505
0.850625 0.003222 0.002689 0.001385 0.000104 0.134392 0.007582 1.750828
0.851996 0.003242 0.002693 0.001399 0.000104 0.132983 0.007584 1.751149
0.853326 0.003246 0.002743 0.001417 0.000102 0.131581 0.007585 1.751495
0.854629 0.003252 0.002779 0.001415 0.000103 0.130236 0.007587 1.751836
0.855909 0.003274 0.002783 0.001424 0.000103 0.128918 0.007588 1.752145
0.857134 0.003282 0.002817 0.001425 0.000105 0.127650 0.007588 1.752471
0.858414 0.003321 0.002823 0.001432 0.000104 0.126315 0.007591 1.752778
0.859648 0.003334 0.002845 0.001429 0.000102 0.125048 0.007593 1.753104
0.860849 0.003348 0.002873 0.001452 0.000100 0.123784 0.007593 1.753451
0.862029 0.003420 0.002863 0.001438 0.000096 0.122557 0.007595 1.753752
0.863193 0.003462 0.002898 0.001425 0.000095 0.121329 0.007597 1.754089
0.864353 0.003463 0.002921 0.001444 0.000096 0.120126 0.007597 1.754442
0.865502 0.003495 0.002948 0.001432 0.000096 0.118929 0.007598 1.754762
0.866622 0.003506 0.002967 0.001439 0.000094 0.117772 0.007599 1.755115
0.867690 0.003559 0.002969 0.001452 0.000093 0.116635 0.007601 1.755456
0.868796 0.003560 0.002992 0.001464 0.000095 0.115490 0.007602 1.755823
0.869856 0.003580 0.003027 0.001477 0.000092 0.114366 0.007602 1.756195
0.870929 0.003599 0.003040 0.001487 0.000091 0.113251 0.007604 1.756540
0.871955 0.003631 0.003071 0.001494 0.000091 0.112155 0.007604 1.756889
0.872993 0.003645 0.003111 0.001500 0.000092 0.111054 0.007605 1.757257
0.874022 0.003666 0.003139 0.001520 0.000093 0.109953 0.007607 1.757625
0.874985 0.003726 0.003124 0.001536 0.000097 0.108925 0.007608 1.757968
0.875953 0.003738 0.003144 0.001554 0.000094 0.107909 0.007608 1.758333
0.876853 0.003797 0.003174 0.001561 0.000092 0.106914 0.007609 1.758711
0.877755 0.003853 0.003191 0.001561 0.000090 0.105937 0.007612 1.759076
0.878685 0.003901 0.003220 0.001575 0.000092 0.104914 0.007613 1.759454
0.879560 0.003968 0.003240 0.001576 0.000090 0.103951 0.007614 1.759813
0.880400 0.004001 0.003277 0.001581 0.000090 0.103035 0.007616 1.760205
0.881240 0.004018 0.003321 0.001604 0.000090 0.102111 0.007617 1.760607
0.882006 0.004055 0.003357 0.001624 0.000089 0.101252 0.007617 1.761006
0.882780 0.004077 0.003389 0.001649 0.000092 0.100396 0.007618 1.761422
0.883593 0.004120 0.003427 0.001638 0.000093 0.099510 0.007619 1.761828
0.884339 0.004172 0.003457 0.001660 0.000096 0.098656 0.007619 1.762241
0.885088 0.004210 0.003506 0.001670 0.000094 0.097813 0.007619 1.762653
0.885784 0.004259 0.003539 0.001678 0.000095 0.097025 0.007620 1.763076
0.886544 0.004327 0.003559 0.001660 0.000097 0.096192 0.007620 1.763467
0.887188 0.004364 0.003623 0.001691 0.000095 0.095415 0.007622 1.763912
0.887852 0.004391 0.003664 0.001718 0.000094 0.094658 0.007623 1.764366
0.888508 0.004427 0.003680 0.001745 0.000093 0.093922 0.007624 1.764806
0.889166 0.004474 0.003722 0.001761 0.000091 0.093160 0.007625 1.765249
0.889769 0.004558 0.003754 0.001767 0.000092 0.092434 0.007625 1.765675
0.890353 0.004617 0.003773 0.001817 0.000095 0.091718 0.007627 1.766124
0.890932 0.004670 0.003825 0.001851 0.000093 0.091002 0.007627 1.766612
0.891483 0.004731 0.003836 0.001878 0.000091 0.090352 0.007629 1.767075
0.892109 0.004720 0.003899 0.001901 0.000091 0.089651 0.007629 1.767567
0.892649 0.004809 0.003919 0.001892 0.000094 0.089007 0.007630 1.768024
0.893233 0.004875 0.003958 0.001911 0.000094 0.088300 0.007631 1.768509
0.893703 0.004983 0.003941 0.001915 0.000095 0.087731 0.007631 1.768952
0.894237 0.005021 0.003984 0.001932 0.000098 0.087095 0.007633 1.769444
0.894740 0.005061 0.004036 0.001951 0.000101 0.086477 0.007633 1.769940
0.895234 0.005128 0.004072 0.001982 0.000102 0.085848 0.007634 1.770438
0.895722 0.005190 0.004109 0.002003 0.000101 0.085238 0.007636 1.770936
0.896206 0.005235 0.004150 0.002037 0.000100 0.084635 0.007637 1.771440
0.896637 0.005293 0.004217 0.002053 0.000097 0.084064 0.007638 1.771958
0.897062 0.005368 0.004248 0.002063 0.000099 0.083520 0.007640 1.772462
0.897460 0.005429 0.004288 0.002084 0.000103 0.082996 0.007641 1.772988
0.897823 0.005489 0.004344 0.002087 0.000108 0.082506 0.007642 1.773533
0.898243 0.005536 0.004393 0.002111 0.000107 0.081965 0.007645 1.774086
0.898698 0.005569 0.004441 0.002145 0.000107 0.081394 0.007646 1.774636
0.899163 0.005568 0.004513 0.002169 0.000106 0.080834 0.007648 1.775218
0.899545 0.005635 0.004551 0.002189 0.000104 0.080325 0.007650 1.775753
0.899981 0.005662 0.004596 0.002211 0.000103 0.079795 0.007651 1.776302
0.900336 0.005732 0.004640 0.002262 0.000107 0.079270 0.007654 1.776864
0.900643 0.005796 0.004675 0.002294 0.000105 0.078831 0.007655 1.777433
0.900942 0.005846 0.004728 0.002317 0.000108 0.078404 0.007656 1.778007
0.901269 0.005907 0.004777 0.002355 0.000108 0.077927 0.007657 1.778568
0.901612 0.005962 0.004814 0.002386 0.000107 0.077459 0.007659 1.779138
0.901911 0.006064 0.004835 0.002382 0.000110 0.077038 0.007660 1.779680
0.902202 0.006135 0.004886 0.002395 0.000109 0.076610 0.007663 1.780257
0.902474 0.006199 0.004943 0.002402 0.000107 0.076210 0.007665 1.780841
0.902661 0.006288 0.005021 0.002426 0.000111 0.075827 0.007666 1.781451
0.902900 0.006331 0.005064 0.002470 0.000111 0.075456 0.007668 1.782079
0.903137 0.006405 0.005132 0.002479 0.000113 0.075064 0.007669 1.782691
0.903348 0.006468 0.005213 0.002506 0.000114 0.074679 0.007670 1.783323
0.903499 0.006541 0.005289 0.002538 0.000116 0.074343 0.007672 1.783979
0.903662 0.006662 0.005299 0.002551 0.000120 0.074033 0.007673 1.784582
0.903883 0.006706 0.005371 0.002593 0.000122 0.073652 0.007674 1.785249
0.903966 0.006784 0.005465 0.002613 0.000122 0.073376 0.007675 1.785925
0.904115 0.006860 0.005510 0.002655 0.000124 0.073059 0.007676 1.786587
0.904245 0.006882 0.005557 0.002704 0.000126 0.072809 0.007677 1.787261
0.904360 0.006919 0.005611 0.002714 0.000126 0.072589 0.007680 1.787943
0.904472 0.006998 0.005663 0.002723 0.000128 0.072335 0.007680 1.788611
0.904539 0.007057 0.005750 0.002746 0.000127 0.072098 0.007682 1.789306
0.904657 0.007121 0.005743 0.002756 0.000131 0.071907 0.007686 1.789980
0.904782 0.007167 0.005820 0.002795 0.000130 0.071617 0.007689 1.790683
0.904892 0.007216 0.005861 0.002837 0.000135 0.071368 0.007691 1.791385
0.905003 0.007313 0.005901 0.002873 0.000131 0.071084 0.007694 1.792068
0.905051 0.007404 0.005948 0.002872 0.000128 0.070901 0.007696 1.792782
0.905090 0.007503 0.006026 0.002916 0.000135 0.070634 0.007696 1.793516
0.905130 0.007555 0.006076 0.002931 0.000135 0.070476 0.007697 1.794244
0.905152 0.007648 0.006124 0.002979 0.000134 0.070264 0.007699 1.794968
0.905182 0.007678 0.006217 0.003012 0.000133 0.070079 0.007700 1.795757
0.905223 0.007696 0.006341 0.003050 0.000132 0.069854 0.007702 1.796552
0.905196 0.007785 0.006416 0.003086 0.000132 0.069683 0.007702 1.797304
0.905172 0.007872 0.006441 0.003100 0.000138 0.069574 0.007702 1.798058
0.905207 0.007907 0.006504 0.003111 0.000144 0.069424 0.007703 1.798833
0.905221 0.007977 0.006570 0.003124 0.000149 0.069253 0.007704 1.799607
0.905224 0.008041 0.006617 0.003136 0.000148 0.069126 0.007707 1.800353
0.905239 0.008039 0.006663 0.003191 0.000152 0.069007 0.007708 1.801164
0.905219 0.008113 0.006724 0.003201 0.000148 0.068884 0.007711 1.801938
0.905241 0.008104 0.006792 0.003270 0.000147 0.068732 0.007713 1.802750
0.905190 0.008179 0.006839 0.003298 0.000148 0.068630 0.007716 1.803552
0.905205 0.008231 0.006858 0.003312 0.000147 0.068529 0.007717 1.804318
0.905137 0.008336 0.006886 0.003333 0.000151 0.068440 0.007719 1.805085
0.905098 0.008345 0.006956 0.003368 0.000153 0.068358 0.007721 1.805915
0.905072 0.008373 0.007001 0.003400 0.000153 0.068275 0.007724 1.806757
0.905023 0.008387 0.007089 0.003431 0.000152 0.068194 0.007725 1.807609
0.905009 0.008386 0.007142 0.003462 0.000150 0.068121 0.007729 1.808450
0.904935 0.008433 0.007189 0.003479 0.000153 0.068079 0.007731 1.809279
0.904863 0.008471 0.007272 0.003505 0.000154 0.068002 0.007732 1.810138
0.904846 0.008502 0.007294 0.003533 0.000155 0.067934 0.007734 1.810963
0.904792 0.008522 0.007349 0.003543 0.000161 0.067897 0.007735 1.811798
0.904692 0.008597 0.007407 0.003551 0.000168 0.067849 0.007735 1.812635
0.904640 0.008640 0.007417 0.003562 0.000167 0.067837 0.007736 1.813468
0.904547 0.008641 0.007495 0.003592 0.000172 0.067813 0.007738 1.814344
0.904434 0.008691 0.007514 0.003603 0.000174 0.067846 0.007738 1.815193
0.904354 0.008780 0.007533 0.003630 0.000179 0.067784 0.007741 1.816005
0.904269 0.008814 0.007604 0.003657 0.000181 0.067731 0.007743 1.816880
0.904100 0.008873 0.007646 0.003681 0.000184 0.067770 0.007744 1.817768
0.904008 0.008919 0.007700 0.003714 0.000185 0.067729 0.007744 1.818640
0.903935 0.008914 0.007768 0.003728 0.000187 0.067721 0.007747 1.819515
0.903827 0.008972 0.007806 0.003757 0.000186 0.067703 0.007750 1.820391
0.903759 0.008975 0.007861 0.003756 0.000185 0.067711 0.007753 1.821274
0.903710 0.008960 0.007886 0.003780 0.000183 0.067725 0.007756 1.822149
0.903630 0.009028 0.007884 0.003799 0.000184 0.067716 0.007759 1.822998
0.903539 0.009002 0.007921 0.003862 0.000185 0.067730 0.007761 1.823917
0.903426 0.009066 0.007941 0.003842 0.000185 0.067777 0.007763 1.824779
0.903339 0.009116 0.007921 0.003846 0.000187 0.067826 0.007764 1.825639
0.903223 0.009098 0.007998 0.003849 0.000196 0.067871 0.007766 1.826574
0.903112 0.009105 0.008039 0.003870 0.000199 0.067910 0.007766 1.827478
0.902991 0.009180 0.008044 0.003862 0.000196 0.067960 0.007768 1.828314
0.902856 0.009231 0.008121 0.003887 0.000194 0.067941 0.007770 1.829232
0.902766 0.009242 0.008155 0.003922 0.000195 0.067951 0.007772 1.830154
0.902674 0.009262 0.008190 0.003935 0.000198 0.067966 0.007773 1.831076
0.902556 0.009300 0.008233 0.003930 0.000199 0.068008 0.007774 1.831988
0.902399 0.009337 0.008251 0.003956 0.000201 0.068078 0.007778 1.832894
0.902256 0.009383 0.008287 0.003958 0.000204 0.068132 0.007779 1.833783
0.902167 0.009375 0.008298 0.003974 0.000197 0.068205 0.007783 1.834703
0.902023 0.009394 0.008308 0.004009 0.000198 0.068285 0.007784 1.835620
0.901847 0.009464 0.008350 0.004029 0.000204 0.068320 0.007785 1.836548
0.901775 0.009415 0.008402 0.004051 0.000208 0.068363 0.007786 1.837496
0.901712 0.009399 0.008385 0.004053 0.000209 0.068452 0.007791 1.838394
0.901604 0.009387 0.008443 0.004097 0.000208 0.068467 0.007794 1.839348
0.901512 0.009333 0.008486 0.004093 0.000205 0.068574 0.007797 1.840284
0.901378 0.009317 0.008537 0.004098 0.000208 0.068663 0.007799 1.841225
0.901215 0.009314 0.008583 0.004111 0.000212 0.068765 0.007800 1.842182
0.901145 0.009284 0.008574 0.004128 0.000206 0.068859 0.007804 1.843104
0.901042 0.009311 0.008557 0.004127 0.000210 0.068945 0.007806 1.843997
0.900918 0.009366 0.008563 0.004136 0.000212 0.068996 0.007808 1.844899
0.900788 0.009392 0.008566 0.004109 0.000210 0.069123 0.007812 1.845791
0.900657 0.009477 0.008552 0.004101 0.000210 0.069189 0.007814 1.846673
0.900547 0.009504 0.008544 0.004080 0.000209 0.069300 0.007816 1.847585
0.900446 0.009494 0.008560 0.004079 0.000208 0.069393 0.007820 1.848520
0.900315 0.009501 0.008575 0.004086 0.000213 0.069488 0.007822 1.849446
0.900260 0.009479 0.008563 0.004113 0.000220 0.069541 0.007824 1.850389
0.900170 0.009480 0.008540 0.004105 0.000220 0.069656 0.007828 1.851292
0.900097 0.009410 0.008574 0.004150 0.000218 0.069720 0.007830 1.852252
0.900047 0.009376 0.008552 0.004145 0.000221 0.069827 0.007834 1.853172
0.899976 0.009356 0.008587 0.004131 0.000218 0.069898 0.007835 1.854093
0.899888 0.009339 0.008630 0.004120 0.000220 0.069966 0.007838 1.855034
0.899820 0.009296 0.008641 0.004152 0.000220 0.070029 0.007841 1.855992
0.899708 0.009287 0.008672 0.004131 0.000221 0.070138 0.007843 1.856930
0.899637 0.009317 0.008641 0.004157 0.000224 0.070179 0.007845 1.857843
0.899588 0.009312 0.008621 0.004135 0.000222 0.070274 0.007847 1.858732
0.899504 0.009306 0.008615 0.004139 0.000225 0.070362 0.007849 1.859641
0.899506 0.009273 0.008600 0.004126 0.000225 0.070418 0.007852 1.860548
0.899433 0.009253 0.008598 0.004145 0.000225 0.070491 0.007855 1.861469
0.899349 0.009279 0.008609 0.004125 0.000232 0.070549 0.007857 1.862375
0.899287 0.009225 0.008651 0.004118 0.000236 0.070622 0.007860 1.863306
0.899204 0.009233 0.008669 0.004129 0.000233 0.070668 0.007865 1.864226
0.899117 0.009215 0.008642 0.004178 0.000233 0.070749 0.007866 1.865148
0.899096 0.009191 0.008657 0.004195 0.000234 0.070757 0.007869 1.866051
0.899059 0.009186 0.008624 0.004187 0.000235 0.070838 0.007871 1.866946
0.898974 0.009248 0.008544 0.004148 0.000230 0.070982 0.007873 1.867798
0.898932 0.009222 0.008581 0.004153 0.000232 0.071006 0.007875 1.868726
0.898918 0.009192 0.008576 0.004163 0.000238 0.071036 0.007877 1.869630
0.898852 0.009209 0.008568 0.004160 0.000236 0.071094 0.007880 1.870528
0.898780 0.009177 0.008546 0.004168 0.000230 0.071215 0.007884 1.871443
0.898750 0.009157 0.008556 0.004147 0.000228 0.071276 0.007887 1.872334
0.898707 0.009118 0.008570 0.004133 0.000233 0.071349 0.007891 1.873254
0.898641 0.009093 0.008588 0.004135 0.000234 0.071418 0.007893 1.874160
0.898635 0.009086 0.008529 0.004132 0.000235 0.071490 0.007895 1.875005
0.898713 0.009022 0.008533 0.004131 0.000234 0.071469 0.007898 1.875920
0.898711 0.008962 0.008547 0.004119 0.000234 0.071528 0.007899 1.876828
0.898628 0.008969 0.008544 0.004108 0.000238 0.071614 0.007900 1.877708
0.898628 0.008927 0.008524 0.004084 0.000236 0.071699 0.007902 1.878575
0.898610 0.008949 0.008511 0.004042 0.000234 0.071749 0.007904 1.879430
0.898620 0.008918 0.008504 0.004032 0.000235 0.071785 0.007907 1.880293
0.898620 0.008910 0.008465 0.004021 0.000234 0.071839 0.007911 1.881145
0.898617 0.008911 0.008475 0.004005 0.000240 0.071840 0.007911 1.882009
0.898614 0.008903 0.008444 0.003971 0.000245 0.071909 0.007914 1.882858
0.898611 0.008895 0.008396 0.003974 0.000239 0.071964 0.007920 1.883721
0.898562 0.008902 0.008384 0.003992 0.000242 0.071997 0.007923 1.884600
0.898610 0.008839 0.008368 0.003999 0.000236 0.072019 0.007928 1.885478
0.898674 0.008806 0.008396 0.003969 0.000239 0.071985 0.007931 1.886337
0.898668 0.008753 0.008411 0.003955 0.000237 0.072041 0.007936 1.887231
0.898703 0.008737 0.008396 0.003965 0.000233 0.072028 0.007939 1.888084
0.898726 0.008715 0.008367 0.003957 0.000229 0.072065 0.007942 1.888932
0.898691 0.008682 0.008349 0.003939 0.000226 0.072166 0.007947 1.889809
0.898723 0.008669 0.008347 0.003923 0.000227 0.072161 0.007950 1.890671
0.898779 0.008641 0.008321 0.003906 0.000230 0.072170 0.007952 1.891533
0.898799 0.008621 0.008309 0.003905 0.000228 0.072184 0.007954 1.892380
0.898902 0.008598 0.008287 0.003899 0.000230 0.072130 0.007955 1.893215
0.898948 0.008623 0.008254 0.003835 0.000232 0.072150 0.007959 1.894008
0.898981 0.008588 0.008252 0.003853 0.000230 0.072136 0.007961 1.894866
0.899027 0.008574 0.008252 0.003847 0.000228 0.072108 0.007963 1.895696
0.899107 0.008520 0.008229 0.003852 0.000220 0.072104 0.007967 1.896547
0.899121 0.008491 0.008242 0.003854 0.000223 0.072101 0.007968 1.897423
0.899114 0.008524 0.008236 0.003835 0.000223 0.072098 0.007971 1.898244
0.899168 0.008463 0.008229 0.003856 0.000217 0.072092 0.007975 1.899092
0.899213 0.008434 0.008190 0.003876 0.000213 0.072095 0.007977 1.899914
0.899246 0.008469 0.008169 0.003854 0.000220 0.072065 0.007978 1.900710
0.899257 0.008467 0.008160 0.003855 0.000220 0.072060 0.007982 1.901556
0.899265 0.008492 0.008139 0.003852 0.000218 0.072050 0.007984 1.902375
0.899236 0.008488 0.008137 0.003848 0.000220 0.072085 0.007986 1.903211
0.899284 0.008489 0.008077 0.003837 0.000217 0.072109 0.007989 1.904023
0.899299 0.008501 0.008044 0.003838 0.000217 0.072112 0.007991 1.904840
0.899352 0.008476 0.008029 0.003841 0.000217 0.072093 0.007992 1.905667
0.899426 0.008408 0.008041 0.003835 0.000220 0.072076 0.007994 1.906522
0.899516 0.008405 0.008039 0.003819 0.000229 0.071996 0.007995 1.907332
0.899587 0.008378 0.008041 0.003828 0.000229 0.071939 0.007997 1.908149
0.899662 0.008323 0.008037 0.003844 0.000230 0.071905 0.008000 1.909001
0.899694 0.008348 0.008011 0.003840 0.000231 0.071872 0.008004 1.909804
0.899770 0.008308 0.007977 0.003822 0.000228 0.071888 0.008007 1.910610
0.899844 0.008283 0.007983 0.003804 0.000226 0.071850 0.008011 1.911427
0.899917 0.008279 0.007975 0.003790 0.000223 0.071802 0.008015 1.912232
0.900006 0.008266 0.007973 0.003808 0.000222 0.071707 0.008018 1.913049
0.900038 0.008241 0.007950 0.003790 0.000223 0.071737 0.008021 1.913884
0.900082 0.008168 0.007966 0.003797 0.000226 0.071739 0.008023 1.914734
0.900198 0.008081 0.007939 0.003777 0.000223 0.071758 0.008025 1.915557
0.900245 0.008088 0.007957 0.003777 0.000219 0.071687 0.008028 1.916349
0.900290 0.008065 0.007957 0.003745 0.000218 0.071693 0.008032 1.917154
0.900332 0.008097 0.007904 0.003725 0.000217 0.071690 0.008035 1.917935
0.900362 0.008091 0.007857 0.003721 0.000210 0.071722 0.008037 1.918754
0.900429 0.008089 0.007872 0.003696 0.000217 0.071658 0.008039 1.919559
0.900528 0.008023 0.007900 0.003685 0.000218 0.071606 0.008040 1.920360
0.900597 0.008021 0.007883 0.003669 0.000217 0.071571 0.008041 1.921143
0.900683 0.008028 0.007896 0.003672 0.000213 0.071464 0.008044 1.921932
0.900773 0.008048 0.007789 0.003658 0.000211 0.071477 0.008045 1.922661
0.900889 0.007979 0.007819 0.003653 0.000213 0.071401 0.008047 1.923481
0.900920 0.008047 0.007774 0.003638 0.000212 0.071362 0.008048 1.924233
0.900932 0.008049 0.007740 0.003627 0.000216 0.071388 0.008050 1.925014
0.900976 0.008069 0.007696 0.003594 0.000215 0.071400 0.008052 1.925784
0.901038 0.008040 0.007676 0.003598 0.000208 0.071384 0.008057 1.926597
0.901182 0.007963 0.007706 0.003593 0.000212 0.071283 0.008061 1.927396
0.901230 0.007982 0.007671 0.003599 0.000212 0.071242 0.008063 1.928162
0.901290 0.007977 0.007657 0.003591 0.000212 0.071207 0.008066 1.928933
0.901366 0.007959 0.007642 0.003615 0.000212 0.071138 0.008068 1.929725
0.901529 0.007898 0.007618 0.003608 0.000206 0.071069 0.008071 1.930507
0.901539 0.007944 0.007573 0.003613 0.000204 0.071056 0.008072 1.931264
0.901591 0.007947 0.007569 0.003623 0.000208 0.070991 0.008073 1.932055
0.901669 0.007928 0.007567 0.003593 0.000200 0.070964 0.008079 1.932815
0.901748 0.007898 0.007555 0.003583 0.000199 0.070937 0.008080 1.933589
0.901790 0.007916 0.007566 0.003583 0.000202 0.070863 0.008082 1.934364
0.901879 0.007903 0.007549 0.003590 0.000202 0.070795 0.008083 1.935118
0.901960 0.007921 0.007533 0.003592 0.000198 0.070711 0.008085 1.935872
0.902020 0.007950 0.007531 0.003542 0.000201 0.070670 0.008087 1.936604
0.902092 0.007944 0.007524 0.003543 0.000201 0.070608 0.008089 1.937369
0.902200 0.007937 0.007530 0.003551 0.000205 0.070487 0.008091 1.938151
0.902281 0.007937 0.007497 0.003553 0.000206 0.070433 0.008092 1.938912
0.902351 0.007942 0.007458 0.003551 0.000208 0.070395 0.008095 1.939692
0.902432 0.007944 0.007446 0.003547 0.000209 0.070324 0.008098 1.940465
0.902529 0.007942 0.007441 0.003544 0.000204 0.070240 0.008101 1.941241
0.902621 0.007905 0.007435 0.003532 0.000202 0.070204 0.008102 1.942011
0.902773 0.007871 0.007420 0.003535 0.000204 0.070093 0.008104 1.942774
0.902805 0.007911 0.007395 0.003508 0.000202 0.070072 0.008107 1.943513
0.902887 0.007908 0.007395 0.003473 0.000206 0.070023 0.008108 1.944294
0.902976 0.007904 0.007367 0.003463 0.000204 0.069976 0.008111 1.945061
0.903059 0.007890 0.007359 0.003475 0.000206 0.069897 0.008114 1.945831
0.903098 0.007912 0.007353 0.003470 0.000206 0.069845 0.008116 1.946603
0.903168 0.007888 0.007346 0.003487 0.000202 0.069789 0.008121 1.947392
0.903250 0.007890 0.007348 0.003466 0.000205 0.069721 0.008122 1.948153
0.903270 0.007943 0.007334 0.003454 0.000204 0.069671 0.008124 1.948905
0.903337 0.007921 0.007333 0.003485 0.000202 0.069597 0.008127 1.949687
0.903384 0.007928 0.007351 0.003470 0.000206 0.069532 0.008130 1.950444
0.903431 0.007955 0.007345 0.003473 0.000208 0.069456 0.008133 1.951202
0.903531 0.007920 0.007347 0.003448 0.000206 0.069412 0.008136 1.951974
0.903599 0.007920 0.007378 0.003460 0.000211 0.069293 0.008140 1.952753
0.903681 0.007882 0.007390 0.003465 0.000210 0.069229 0.008142 1.953530
0.903758 0.007868 0.007391 0.003486 0.000215 0.069137 0.008145 1.954293
0.903783 0.007918 0.007384 0.003455 0.000212 0.069101 0.008147 1.955040
0.903816 0.007934 0.007382 0.003447 0.000214 0.069059 0.008148 1.955800
0.903862 0.007931 0.007370 0.003431 0.000218 0.069040 0.008148 1.956569
0.903902 0.007930 0.007334 0.003440 0.000218 0.069026 0.008151 1.957352
0.903974 0.007873 0.007357 0.003443 0.000217 0.068983 0.008155 1.958155
0.904027 0.007853 0.007350 0.003451 0.000215 0.068948 0.008157 1.958936
0.904032 0.007869 0.007352 0.003456 0.000211 0.068921 0.008160 1.959717
0.904071 0.007865 0.007371 0.003433 0.000212 0.068887 0.008161 1.960499
0.904135 0.007825 0.007379 0.003430 0.000211 0.068858 0.008161 1.961264
0.904159 0.007840 0.007411 0.003418 0.000207 0.068802 0.008163 1.962034
0.904289 0.007794 0.007419 0.003443 0.000210 0.068681 0.008165 1.962804
0.904358 0.007792 0.007411 0.003449 0.000208 0.068616 0.008167 1.963560
0.904389 0.007787 0.007421 0.003441 0.000203 0.068589 0.008171 1.964338
0.904393 0.007822 0.007390 0.003457 0.000203 0.068564 0.008172 1.965090
0.904451 0.007836 0.007371 0.003468 0.000201 0.068501 0.008172 1.965848
0.904477 0.007870 0.007353 0.003470 0.000200 0.068456 0.008174 1.966596
0.904541 0.007830 0.007348 0.003485 0.000200 0.068418 0.008178 1.967383
0.904570 0.007841 0.007348 0.003463 0.000202 0.068395 0.008182 1.968150
0.904581 0.007867 0.007396 0.003454 0.000199 0.068321 0.008182 1.968944
0.904651 0.007846 0.007428 0.003417 0.000197 0.068276 0.008185 1.969721
0.904709 0.007798 0.007436 0.003435 0.000195 0.068239 0.008188 1.970506
0.904760 0.007797 0.007416 0.003438 0.000196 0.068204 0.008190 1.971266
0.904800 0.007775 0.007435 0.003472 0.000191 0.068134 0.008194 1.972049
0.904884 0.007799 0.007394 0.003444 0.000191 0.068091 0.008197 1.972782
0.904889 0.007866 0.007360 0.003433 0.000188 0.068064 0.008199 1.973497
0.904934 0.007805 0.007368 0.003465 0.000184 0.068042 0.008202 1.974315
0.904982 0.007839 0.007351 0.003452 0.000188 0.067985 0.008203 1.975083
0.904993 0.007884 0.007336 0.003466 0.000188 0.067929 0.008204 1.975844
0.905031 0.007883 0.007321 0.003474 0.000188 0.067899 0.008204 1.976618
0.905080 0.007855 0.007334 0.003498 0.000187 0.067839 0.008207 1.977408
0.905090 0.007896 0.007314 0.003489 0.000184 0.067818 0.008209 1.978166
0.905099 0.007900 0.007317 0.003472 0.000187 0.067814 0.008211 1.978947
0.905181 0.007854 0.007330 0.003465 0.000194 0.067763 0.008213 1.979730
0.905240 0.007882 0.007267 0.003459 0.000191 0.067748 0.008213 1.980457
0.905289 0.007861 0.007276 0.003450 0.000190 0.067721 0.008214 1.981239
0.905332 0.007847 0.007327 0.003446 0.000190 0.067642 0.008216 1.982033
0.905390 0.007786 0.007332 0.003471 0.000186 0.067618 0.008217 1.982832
0.905438 0.007789 0.007351 0.003475 0.000188 0.067541 0.008218 1.983591
0.905477 0.007800 0.007324 0.003478 0.000191 0.067509 0.008221 1.984348
0.905533 0.007811 0.007313 0.003457 0.000194 0.067468 0.008224 1.985101
0.905560 0.007839 0.007277 0.003441 0.000201 0.067458 0.008225 1.985856
0.905583 0.007868 0.007265 0.003437 0.000201 0.067419 0.008228 1.986599
0.905601 0.007838 0.007257 0.003457 0.000202 0.067416 0.008229 1.987394
0.905648 0.007874 0.007251 0.003458 0.000201 0.067338 0.008231 1.988143
0.905698 0.007871 0.007271 0.003447 0.000197 0.067283 0.008233 1.988914
0.905734 0.007825 0.007292 0.003448 0.000198 0.067268 0.008236 1.989718
0.905767 0.007809 0.007331 0.003455 0.000194 0.067207 0.008238 1.990525
0.905832 0.007750 0.007328 0.003457 0.000192 0.067201 0.008239 1.991314
0.905876 0.007761 0.007291 0.003448 0.000190 0.067192 0.008241 1.992061
0.905846 0.007826 0.007265 0.003452 0.000189 0.067182 0.008242 1.992808
0.905899 0.007855 0.007241 0.003463 0.000189 0.067110 0.008244 1.993553
0.905997 0.007806 0.007216 0.003468 0.000191 0.067077 0.008246 1.994326
0.906001 0.007779 0.007239 0.003487 0.000190 0.067055 0.008250 1.995113
0.906077 0.007811 0.007237 0.003482 0.000188 0.066953 0.008252 1.995839
0.906116 0.007839 0.007206 0.003476 0.000193 0.066918 0.008253 1.996586
0.906110 0.007851 0.007223 0.003472 0.000193 0.066896 0.008255 1.997351
0.906151 0.007854 0.007240 0.003468 0.000188 0.066841 0.008259 1.998114
0.906186 0.007884 0.007254 0.003459 0.000194 0.066763 0.008261 1.998881
0.906172 0.007901 0.007242 0.003444 0.000194 0.066785 0.008262 1.999648
0.906141 0.007891 0.007262 0.003446 0.000190 0.066806 0.008265 2.000452
0.906149 0.007932 0.007243 0.003414 0.000191 0.066805 0.008267 2.001206
0.906203 0.007906 0.007253 0.003416 0.000190 0.066764 0.008268 2.001980
0.906234 0.007889 0.007297 0.003401 0.000189 0.066721 0.008271 2.002749
0.906248 0.007885 0.007300 0.003396 0.000189 0.066709 0.008274 2.003526
0.906248 0.007921 0.007311 0.003416 0.000191 0.066638 0.008276 2.004310
0.906252 0.007914 0.007339 0.003412 0.000188 0.066616 0.008279 2.005082
0.906320 0.007866 0.007349 0.003407 0.000192 0.066584 0.008282 2.005881
0.906321 0.007912 0.007318 0.003432 0.000191 0.066541 0.008285 2.006630
0.906388 0.007953 0.007294 0.003394 0.000194 0.066491 0.008286 2.007355
0.906399 0.007954 0.007296 0.003406 0.000188 0.066469 0.008289 2.008129
0.906452 0.007937 0.007275 0.003412 0.000190 0.066443 0.008291 2.008905
0.906500 0.007915 0.007278 0.003418 0.000193 0.066404 0.008293 2.009675
0.906490 0.007931 0.007254 0.003431 0.000193 0.066404 0.008297 2.010435
0.906518 0.007954 0.007262 0.003401 0.000196 0.066369 0.008300 2.011169
0.906511 0.007939 0.007280 0.003418 0.000195 0.066356 0.008303 2.011947
0.906488 0.007969 0.007256 0.003409 0.000193 0.066380 0.008305 2.012693
0.906512 0.007967 0.007257 0.003422 0.000196 0.066339 0.008306 2.013457
0.906560 0.007930 0.007318 0.003404 0.000195 0.066284 0.008309 2.014253
0.906610 0.007900 0.007335 0.003420 0.000195 0.066229 0.008311 2.015035
0.906680 0.007842 0.007355 0.003460 0.000191 0.066161 0.008312 2.015836
0.906733 0.007807 0.007403 0.003444 0.000197 0.066104 0.008313 2.016633
0.906735 0.007812 0.007385 0.003479 0.000199 0.066072 0.008316 2.017404
0.906770 0.007771 0.007395 0.003503 0.000201 0.066041 0.008318 2.018187
0.906787 0.007758 0.007382 0.003507 0.000199 0.066046 0.008321 2.018954
0.906810 0.007762 0.007396 0.003519 0.000200 0.065991 0.008322 2.019726
0.906836 0.007737 0.007367 0.003516 0.000205 0.066018 0.008323 2.020489
0.906808 0.007721 0.007353 0.003499 0.000205 0.066092 0.008324 2.021269
0.906845 0.007710 0.007352 0.003468 0.000204 0.066096 0.008326 2.022021
0.906840 0.007732 0.007331 0.003472 0.000204 0.066092 0.008330 2.022775
0.906858 0.007733 0.007338 0.003465 0.000204 0.066072 0.008331 2.023524
0.906923 0.007706 0.007309 0.003452 0.000205 0.066072 0.008333 2.024282
0.906970 0.007683 0.007312 0.003439 0.000202 0.066058 0.008336 2.025046
0.906992 0.007684 0.007295 0.003419 0.000203 0.066069 0.008339 2.025787
0.907032 0.007668 0.007312 0.003410 0.000202 0.066035 0.008343 2.026564
0.907017 0.007676 0.007308 0.003402 0.000201 0.066050 0.008346 2.027323
0.906980 0.007667 0.007307 0.003392 0.000201 0.066105 0.008347 2.028106
0.907019 0.007654 0.007297 0.003377 0.000198 0.066105 0.008350 2.028862
0.907051 0.007682 0.007272 0.003387 0.000196 0.066060 0.008352 2.029603
0.907070 0.007697 0.007263 0.003397 0.000198 0.066022 0.008353 2.030357
0.907064 0.007715 0.007263 0.003398 0.000196 0.066009 0.008357 2.031123
0.907099 0.007725 0.007187 0.003387 0.000190 0.066053 0.008360 2.031844
0.907100 0.007733 0.007161 0.003417 0.000190 0.066036 0.008363 2.032601
0.907075 0.007779 0.007130 0.003415 0.000188 0.066049 0.008365 2.033333
0.907153 0.007739 0.007142 0.003390 0.000191 0.066017 0.008368 2.034095
0.907224 0.007721 0.007175 0.003384 0.000187 0.065939 0.008370 2.034886
0.907208 0.007733 0.007188 0.003384 0.000188 0.065928 0.008371 2.035645
0.907190 0.007772 0.007186 0.003404 0.000188 0.065888 0.008374 2.036395
0.907212 0.007776 0.007193 0.003401 0.000188 0.065853 0.008377 2.037156
0.907208 0.007794 0.007214 0.003393 0.000189 0.065825 0.008379 2.037919
0.907216 0.007820 0.007192 0.003393 0.000186 0.065812 0.008382 2.038635
0.907240 0.007842 0.007192 0.003378 0.000184 0.065779 0.008384 2.039370
0.907243 0.007838 0.007228 0.003361 0.000188 0.065754 0.008386 2.040149
0.907282 0.007858 0.007244 0.003369 0.000184 0.065673 0.008390 2.040904
0.907280 0.007851 0.007226 0.003354 0.000186 0.065710 0.008393 2.041667
0.907250 0.007903 0.007206 0.003363 0.000187 0.065695 0.008396 2.042407
0.907258 0.007880 0.007237 0.003378 0.000187 0.065660 0.008399 2.043210
0.907255 0.007900 0.007229 0.003411 0.000189 0.065616 0.008401 2.043953
0.907269 0.007912 0.007232 0.003387 0.000188 0.065609 0.008404 2.044711
0.907230 0.007899 0.007261 0.003407 0.000187 0.065609 0.008406 2.045522
0.907231 0.007879 0.007253 0.003412 0.000188 0.065628 0.008409 2.046286
0.907254 0.007891 0.007263 0.003413 0.000189 0.065581 0.008411 2.047039
0.907267 0.007902 0.007234 0.003420 0.000189 0.065576 0.008413 2.047788
0.907252 0.007909 0.007248 0.003422 0.000184 0.065567 0.008417 2.048566
0.907258 0.007961 0.007230 0.003423 0.000184 0.065524 0.008420 2.049292
0.907289 0.007988 0.007238 0.003405 0.000187 0.065472 0.008422 2.050036
0.907301 0.007973 0.007236 0.003399 0.000190 0.065479 0.008423 2.050799
0.907321 0.007982 0.007222 0.003405 0.000188 0.065458 0.008426 2.051559
0.907339 0.007985 0.007258 0.003397 0.000187 0.065403 0.008430 2.052332
