0.360805 0.062190 0.054887 0.031098 0.002067 0.483139 0.005814 1.585432
0.361424 0.061670 0.054850 0.031063 0.002064 0.483089 0.005841 1.591530
0.362178 0.060969 0.054806 0.030957 0.002061 0.483161 0.005867 1.597521
0.363120 0.060136 0.054646 0.030903 0.002062 0.483239 0.005894 1.603468
0.364291 0.059169 0.054593 0.030718 0.002063 0.483245 0.005922 1.609338
0.365548 0.058261 0.054454 0.030554 0.002039 0.483191 0.005953 1.615144
0.366676 0.057516 0.054229 0.030330 0.002032 0.483228 0.005988 1.620786
0.367902 0.056780 0.053959 0.030014 0.002033 0.483293 0.006018 1.626312
0.369266 0.056000 0.053719 0.029837 0.002022 0.483117 0.006039 1.631826
0.370675 0.055264 0.053503 0.029609 0.002012 0.482873 0.006064 1.637244
0.372004 0.054493 0.053262 0.029320 0.002010 0.482820 0.006090 1.642627
0.373427 0.053911 0.052908 0.029081 0.002007 0.482548 0.006116 1.647846
0.374861 0.053259 0.052562 0.028892 0.001999 0.482290 0.006138 1.653120
0.376364 0.052699 0.052149 0.028651 0.002007 0.481970 0.006159 1.658271
0.377833 0.052134 0.051733 0.028417 0.001995 0.481705 0.006183 1.663435
0.379351 0.051622 0.051215 0.028199 0.002002 0.481401 0.006210 1.668438
0.380767 0.051203 0.050737 0.027962 0.001988 0.481114 0.006231 1.673437
0.382198 0.050713 0.050396 0.027768 0.001970 0.480702 0.006254 1.678424
0.383730 0.050185 0.050072 0.027633 0.001945 0.480157 0.006278 1.683410
0.385215 0.049880 0.049679 0.027329 0.001943 0.479656 0.006299 1.688279
0.386700 0.049575 0.049292 0.027116 0.001941 0.479054 0.006321 1.693111
0.388111 0.049278 0.048860 0.026950 0.001937 0.478522 0.006342 1.697914
0.389792 0.048932 0.048441 0.026753 0.001927 0.477789 0.006367 1.702719
0.391147 0.048640 0.048091 0.026605 0.001913 0.477214 0.006391 1.707547
0.392531 0.048385 0.047676 0.026387 0.001907 0.476697 0.006418 1.712283
0.393992 0.048111 0.047382 0.026220 0.001889 0.475955 0.006451 1.717009
0.395352 0.047903 0.047019 0.026019 0.001886 0.475351 0.006471 1.721748
0.396779 0.047680 0.046690 0.025898 0.001861 0.474600 0.006492 1.726437
0.398204 0.047457 0.046324 0.025719 0.001861 0.473921 0.006513 1.731173
0.399645 0.047194 0.046067 0.025574 0.001852 0.473131 0.006537 1.735886
0.401067 0.047167 0.045785 0.025352 0.001849 0.472217 0.006562 1.740438
0.402471 0.047093 0.045444 0.025212 0.001819 0.471375 0.006587 1.745056
0.403825 0.047144 0.045155 0.025037 0.001807 0.470423 0.006607 1.749623
0.405155 0.047084 0.045018 0.024866 0.001800 0.469447 0.006630 1.754253
0.406358 0.046918 0.044903 0.024826 0.001797 0.468547 0.006650 1.758968
0.407600 0.046952 0.044607 0.024607 0.001798 0.467767 0.006669 1.763513
0.408845 0.046959 0.044402 0.024454 0.001792 0.466857 0.006691 1.768071
0.410095 0.046873 0.044169 0.024335 0.001783 0.466030 0.006716 1.772723
0.411433 0.046748 0.043944 0.024276 0.001776 0.465085 0.006738 1.777319
0.412776 0.046534 0.043816 0.024215 0.001763 0.464137 0.006761 1.782003
0.414152 0.046420 0.043784 0.024151 0.001753 0.462961 0.006779 1.786626
0.415432 0.046353 0.043657 0.024035 0.001738 0.461985 0.006800 1.791219
0.416576 0.046406 0.043464 0.024006 0.001736 0.460991 0.006822 1.795750
0.417859 0.046355 0.043294 0.023964 0.001727 0.459960 0.006841 1.800296
0.419085 0.046399 0.043154 0.023910 0.001708 0.458883 0.006862 1.804856
0.420286 0.046468 0.042979 0.023894 0.001716 0.457780 0.006877 1.809377
0.421547 0.046363 0.042983 0.023865 0.001706 0.456634 0.006902 1.814019
0.422656 0.046429 0.042866 0.023796 0.001695 0.455636 0.006921 1.818565
0.423652 0.046470 0.042790 0.023776 0.001686 0.454687 0.006939 1.823168
0.424809 0.046540 0.042638 0.023741 0.001675 0.453638 0.006959 1.827729
0.425895 0.046532 0.042619 0.023705 0.001659 0.452613 0.006976 1.832369
0.426929 0.046643 0.042556 0.023624 0.001652 0.451597 0.007001 1.836920
0.428061 0.046690 0.042401 0.023585 0.001643 0.450603 0.007017 1.841438
0.428949 0.046740 0.042336 0.023528 0.001629 0.449782 0.007037 1.846029
0.429821 0.046830 0.042286 0.023523 0.001613 0.448870 0.007057 1.850627
0.430689 0.046896 0.042303 0.023501 0.001612 0.447919 0.007079 1.855237
0.431550 0.047051 0.042170 0.023494 0.001602 0.447031 0.007102 1.859805
0.432464 0.047089 0.042123 0.023488 0.001601 0.446117 0.007118 1.864480
0.433206 0.047219 0.042139 0.023442 0.001589 0.445261 0.007144 1.869149
0.434127 0.047327 0.042063 0.023458 0.001593 0.444270 0.007162 1.873750
0.434971 0.047270 0.042155 0.023437 0.001586 0.443398 0.007182 1.878494
0.435855 0.047339 0.042191 0.023431 0.001586 0.442390 0.007208 1.883169
0.436579 0.047454 0.042173 0.023457 0.001574 0.441532 0.007230 1.887862
0.437268 0.047658 0.042126 0.023405 0.001562 0.440725 0.007256 1.892448
0.437870 0.047927 0.042066 0.023349 0.001561 0.439951 0.007277 1.897019
0.438613 0.048034 0.042149 0.023327 0.001559 0.439019 0.007299 1.901717
0.439293 0.048117 0.042155 0.023374 0.001563 0.438186 0.007312 1.906449
0.439951 0.048261 0.042182 0.023380 0.001558 0.437339 0.007330 1.911149
0.440502 0.048365 0.042249 0.023402 0.001558 0.436578 0.007348 1.915896
0.441119 0.048472 0.042370 0.023443 0.001543 0.435684 0.007370 1.920648
0.441670 0.048657 0.042336 0.023474 0.001535 0.434940 0.007388 1.925353
0.442270 0.048677 0.042344 0.023469 0.001526 0.434302 0.007411 1.930143
0.442805 0.048810 0.042484 0.023498 0.001531 0.433445 0.007428 1.934960
0.443276 0.048927 0.042542 0.023548 0.001529 0.432730 0.007450 1.939725
0.443887 0.048974 0.042573 0.023570 0.001526 0.431996 0.007475 1.944518
0.444410 0.048980 0.042600 0.023661 0.001518 0.431335 0.007496 1.949335
0.444914 0.049084 0.042576 0.023653 0.001532 0.430729 0.007512 1.954098
0.445524 0.049086 0.042686 0.023697 0.001520 0.429958 0.007530 1.958965
0.445996 0.049290 0.042662 0.023621 0.001513 0.429368 0.007548 1.963700
0.446531 0.049341 0.042690 0.023676 0.001505 0.428689 0.007569 1.968551
0.447063 0.049415 0.042777 0.023677 0.001503 0.427977 0.007588 1.973334
0.447476 0.049554 0.042779 0.023690 0.001491 0.427401 0.007608 1.978101
0.448020 0.049430 0.042899 0.023747 0.001487 0.426791 0.007626 1.983037
0.448570 0.049295 0.043007 0.023862 0.001483 0.426136 0.007648 1.987984
0.448936 0.049330 0.042953 0.023921 0.001483 0.425709 0.007669 1.992810
0.449280 0.049323 0.043095 0.023997 0.001487 0.425133 0.007687 1.997719
0.449751 0.049301 0.043090 0.024025 0.001497 0.424631 0.007705 2.002553
0.450192 0.049267 0.043146 0.024046 0.001511 0.424117 0.007722 2.007444
0.450539 0.049293 0.043061 0.024063 0.001496 0.423804 0.007744 2.012271
0.451108 0.049344 0.042999 0.024096 0.001505 0.423188 0.007762 2.017080
0.451473 0.049369 0.043079 0.024192 0.001498 0.422602 0.007787 2.021906
0.451943 0.049434 0.043159 0.024102 0.001499 0.422059 0.007805 2.026692
0.452295 0.049473 0.043253 0.024068 0.001506 0.421579 0.007825 2.031539
0.452668 0.049454 0.043283 0.024079 0.001510 0.421157 0.007849 2.036428
0.453125 0.049450 0.043359 0.024086 0.001509 0.420602 0.007868 2.041303
0.453561 0.049361 0.043403 0.024113 0.001499 0.420177 0.007887 2.046190
0.453869 0.049323 0.043463 0.024209 0.001490 0.419740 0.007906 2.051087
0.454095 0.049452 0.043427 0.024251 0.001491 0.419355 0.007929 2.055930
0.454592 0.049467 0.043463 0.024277 0.001493 0.418758 0.007952 2.060764
0.454958 0.049465 0.043502 0.024313 0.001504 0.418284 0.007974 2.065627
0.455314 0.049519 0.043497 0.024298 0.001501 0.417876 0.007994 2.070497
0.455735 0.049480 0.043570 0.024274 0.001508 0.417428 0.008005 2.075394
0.456029 0.049517 0.043556 0.024293 0.001494 0.417083 0.008029 2.080239
0.456373 0.049506 0.043531 0.024296 0.001484 0.416759 0.008050 2.085095
0.456728 0.049519 0.043523 0.024294 0.001497 0.416369 0.008069 2.089904
0.457017 0.049635 0.043463 0.024350 0.001491 0.415958 0.008086 2.094695
0.457328 0.049572 0.043458 0.024420 0.001482 0.415632 0.008108 2.099579
0.457538 0.049585 0.043519 0.024434 0.001482 0.415313 0.008129 2.104464
0.458011 0.049449 0.043467 0.024497 0.001455 0.414968 0.008153 2.109333
0.458377 0.049429 0.043517 0.024525 0.001457 0.414524 0.008173 2.114234
0.458597 0.049506 0.043489 0.024570 0.001471 0.414183 0.008186 2.119088
0.459057 0.049491 0.043456 0.024609 0.001458 0.413723 0.008205 2.123948
0.459338 0.049467 0.043440 0.024599 0.001469 0.413471 0.008216 2.128771
0.459669 0.049355 0.043446 0.024590 0.001477 0.413229 0.008233 2.133691
0.460036 0.049334 0.043478 0.024554 0.001466 0.412880 0.008252 2.138498
0.460412 0.049311 0.043456 0.024520 0.001470 0.412558 0.008272 2.143305
0.460736 0.049410 0.043409 0.024476 0.001478 0.412203 0.008288 2.148038
0.461100 0.049343 0.043417 0.024450 0.001488 0.411897 0.008306 2.152915
0.461479 0.049314 0.043432 0.024434 0.001494 0.411523 0.008323 2.157720
0.461713 0.049330 0.043453 0.024472 0.001504 0.411187 0.008341 2.162553
0.462018 0.049442 0.043380 0.024422 0.001505 0.410873 0.008358 2.167284
0.462385 0.049449 0.043357 0.024427 0.001487 0.410509 0.008386 2.172117
0.462680 0.049360 0.043440 0.024392 0.001483 0.410240 0.008405 2.177000
0.462962 0.049352 0.043443 0.024375 0.001489 0.409957 0.008421 2.181798
0.463219 0.049438 0.043340 0.024342 0.001487 0.409734 0.008442 2.186542
0.463462 0.049388 0.043395 0.024339 0.001489 0.409467 0.008461 2.191375
0.463685 0.049385 0.043385 0.024357 0.001486 0.409213 0.008489 2.196233
0.463850 0.049459 0.043413 0.024362 0.001477 0.408925 0.008515 2.201070
0.464189 0.049444 0.043409 0.024381 0.001490 0.408556 0.008531 2.205880
0.464448 0.049436 0.043402 0.024355 0.001491 0.408324 0.008544 2.210733
0.464763 0.049372 0.043388 0.024337 0.001489 0.408089 0.008563 2.215528
0.465022 0.049297 0.043392 0.024380 0.001489 0.407836 0.008585 2.220401
0.465162 0.049403 0.043360 0.024358 0.001483 0.407628 0.008607 2.225197
0.465514 0.049206 0.043458 0.024358 0.001483 0.407356 0.008624 2.230128
0.465725 0.049226 0.043498 0.024314 0.001478 0.407110 0.008649 2.234938
0.465981 0.049195 0.043579 0.024287 0.001484 0.406810 0.008664 2.239787
0.466212 0.049199 0.043571 0.024310 0.001477 0.406544 0.008687 2.244619
0.466395 0.049190 0.043638 0.024350 0.001481 0.406234 0.008711 2.249487
0.466631 0.049270 0.043574 0.024270 0.001482 0.406041 0.008731 2.254253
0.466948 0.049222 0.043635 0.024247 0.001487 0.405711 0.008750 2.259079
0.467267 0.049218 0.043601 0.024174 0.001479 0.405493 0.008768 2.263835
0.467528 0.049159 0.043638 0.024184 0.001491 0.405211 0.008788 2.268737
0.467760 0.049159 0.043661 0.024218 0.001503 0.404891 0.008807 2.273550
0.468009 0.049160 0.043700 0.024139 0.001507 0.404660 0.008824 2.278334
0.468254 0.049192 0.043620 0.024101 0.001506 0.404486 0.008842 2.283118
0.468604 0.049212 0.043576 0.024046 0.001506 0.404191 0.008865 2.287894
0.468930 0.049083 0.043552 0.024097 0.001510 0.403948 0.008880 2.292734
0.469202 0.049089 0.043599 0.024037 0.001514 0.403660 0.008901 2.297523
0.469363 0.049088 0.043499 0.024031 0.001500 0.403601 0.008920 2.302309
0.469698 0.049079 0.043472 0.024084 0.001509 0.403223 0.008936 2.307102
0.469932 0.049197 0.043407 0.024053 0.001510 0.402955 0.008947 2.311816
0.470098 0.049112 0.043415 0.024113 0.001497 0.402796 0.008969 2.316725
0.470398 0.049104 0.043405 0.024153 0.001501 0.402452 0.008987 2.321501
0.470524 0.049063 0.043471 0.024062 0.001509 0.402369 0.009003 2.326415
0.470756 0.048923 0.043434 0.024098 0.001522 0.402249 0.009020 2.331299
0.470963 0.048964 0.043386 0.024055 0.001526 0.402065 0.009041 2.336097
0.471060 0.048969 0.043358 0.024089 0.001537 0.401927 0.009060 2.340939
0.471339 0.048916 0.043347 0.024060 0.001545 0.401714 0.009080 2.345775
0.471556 0.048886 0.043368 0.024069 0.001539 0.401477 0.009105 2.350582
0.471791 0.048905 0.043389 0.024087 0.001542 0.401161 0.009126 2.355376
0.471936 0.049021 0.043310 0.024044 0.001528 0.401016 0.009145 2.360105
0.472108 0.049050 0.043304 0.023985 0.001531 0.400855 0.009167 2.364898
0.472261 0.049050 0.043272 0.024010 0.001528 0.400692 0.009188 2.369750
0.472377 0.049024 0.043314 0.024016 0.001536 0.400531 0.009203 2.374603
0.472672 0.048902 0.043328 0.024135 0.001523 0.400216 0.009225 2.379507
0.472995 0.048792 0.043377 0.024174 0.001519 0.399905 0.009240 2.384370
0.473229 0.048913 0.043261 0.024108 0.001520 0.399713 0.009257 2.389065
0.473380 0.048974 0.043272 0.024080 0.001531 0.399495 0.009267 2.393848
0.473604 0.048863 0.043398 0.024109 0.001539 0.399204 0.009284 2.398739
0.473738 0.049100 0.043262 0.024017 0.001536 0.399043 0.009306 2.403368
0.474054 0.049009 0.043242 0.023957 0.001546 0.398868 0.009324 2.408175
0.474236 0.049054 0.043193 0.023986 0.001550 0.398640 0.009341 2.412989
0.474353 0.049174 0.043215 0.023928 0.001545 0.398420 0.009364 2.417796
0.474393 0.049203 0.043176 0.023931 0.001545 0.398374 0.009380 2.422616
0.474453 0.049196 0.043260 0.023882 0.001539 0.398273 0.009398 2.427455
0.474709 0.049142 0.043244 0.023955 0.001520 0.398012 0.009418 2.432269
0.474702 0.049229 0.043275 0.023968 0.001512 0.397883 0.009433 2.437074
0.474886 0.049299 0.043243 0.023948 0.001517 0.397660 0.009448 2.441860
0.474925 0.049368 0.043293 0.024040 0.001522 0.397387 0.009465 2.446744
0.475006 0.049494 0.043238 0.024059 0.001523 0.397195 0.009485 2.451524
0.475130 0.049503 0.043233 0.024080 0.001515 0.397034 0.009507 2.456377
0.475235 0.049558 0.043204 0.024169 0.001504 0.396804 0.009526 2.461168
0.475320 0.049577 0.043262 0.024136 0.001494 0.396664 0.009546 2.466053
0.475530 0.049578 0.043235 0.024134 0.001502 0.396461 0.009559 2.470843
0.475638 0.049627 0.043239 0.024100 0.001513 0.396307 0.009575 2.475662
0.475680 0.049660 0.043295 0.024138 0.001519 0.396115 0.009595 2.480536
0.475781 0.049652 0.043324 0.024200 0.001513 0.395922 0.009609 2.485408
0.475809 0.049654 0.043364 0.024309 0.001512 0.395724 0.009629 2.490305
0.475926 0.049552 0.043479 0.024288 0.001516 0.395589 0.009650 2.495216
0.475986 0.049542 0.043517 0.024294 0.001517 0.395478 0.009667 2.500094
0.476048 0.049533 0.043569 0.024296 0.001528 0.395340 0.009687 2.504974
0.476167 0.049534 0.043517 0.024281 0.001529 0.395263 0.009710 2.509831
0.476188 0.049520 0.043573 0.024306 0.001527 0.395158 0.009729 2.514738
0.476171 0.049540 0.043625 0.024328 0.001532 0.395060 0.009745 2.519690
0.476269 0.049503 0.043571 0.024357 0.001519 0.395019 0.009763 2.524540
0.476315 0.049499 0.043601 0.024396 0.001504 0.394897 0.009788 2.529387
0.476257 0.049590 0.043561 0.024381 0.001504 0.394894 0.009813 2.534211
0.476353 0.049572 0.043589 0.024393 0.001498 0.394764 0.009832 2.539077
0.476393 0.049623 0.043604 0.024304 0.001500 0.394726 0.009850 2.543904
0.476579 0.049625 0.043634 0.024230 0.001512 0.394552 0.009868 2.548746
0.476639 0.049652 0.043657 0.024273 0.001504 0.394385 0.009890 2.553609
0.476556 0.049730 0.043644 0.024218 0.001506 0.394439 0.009908 2.558459
0.476455 0.049716 0.043625 0.024326 0.001510 0.394443 0.009924 2.563381
0.476580 0.049718 0.043620 0.024240 0.001499 0.394401 0.009942 2.568173
0.476751 0.049708 0.043753 0.024191 0.001509 0.394131 0.009958 2.573029
0.476711 0.049762 0.043684 0.024195 0.001521 0.394151 0.009975 2.577864
0.476749 0.049768 0.043737 0.024214 0.001532 0.394000 0.009999 2.582742
0.476763 0.049796 0.043701 0.024208 0.001535 0.393981 0.010016 2.587589
0.476850 0.049678 0.043682 0.024261 0.001533 0.393960 0.010036 2.592485
0.476855 0.049785 0.043603 0.024299 0.001537 0.393860 0.010062 2.597308
0.476931 0.049771 0.043555 0.024293 0.001535 0.393836 0.010079 2.602169
0.476910 0.049768 0.043594 0.024301 0.001546 0.393788 0.010093 2.607061
0.476968 0.049753 0.043561 0.024259 0.001535 0.393812 0.010112 2.611906
0.477061 0.049839 0.043497 0.024243 0.001532 0.393696 0.010131 2.616679
0.477235 0.049786 0.043517 0.024175 0.001540 0.393604 0.010144 2.621523
0.477444 0.049703 0.043550 0.024136 0.001540 0.393463 0.010165 2.626383
0.477643 0.049588 0.043611 0.024164 0.001540 0.393274 0.010182 2.631289
0.477746 0.049588 0.043581 0.024170 0.001541 0.393174 0.010201 2.636137
0.477861 0.049560 0.043508 0.024199 0.001540 0.393115 0.010216 2.640993
0.477986 0.049540 0.043571 0.024254 0.001538 0.392875 0.010235 2.645846
0.478058 0.049613 0.043562 0.024235 0.001515 0.392759 0.010258 2.650631
0.478124 0.049545 0.043573 0.024220 0.001525 0.392740 0.010274 2.655506
0.478198 0.049619 0.043668 0.024174 0.001524 0.392518 0.010298 2.660324
0.478264 0.049563 0.043628 0.024224 0.001518 0.392485 0.010318 2.665203
0.478504 0.049509 0.043675 0.024149 0.001522 0.392298 0.010342 2.670003
0.478562 0.049526 0.043654 0.024150 0.001517 0.392228 0.010362 2.674810
0.478645 0.049559 0.043623 0.024176 0.001510 0.392112 0.010376 2.679626
0.478689 0.049499 0.043697 0.024211 0.001505 0.392005 0.010394 2.684554
0.478761 0.049454 0.043689 0.024332 0.001499 0.391853 0.010410 2.689417
0.478808 0.049501 0.043652 0.024336 0.001511 0.391766 0.010427 2.694235
0.478919 0.049426 0.043615 0.024381 0.001500 0.391715 0.010444 2.699107
0.478947 0.049472 0.043622 0.024357 0.001515 0.391626 0.010461 2.703938
0.478931 0.049444 0.043603 0.024305 0.001523 0.391717 0.010477 2.708800
0.479021 0.049371 0.043570 0.024278 0.001517 0.391741 0.010502 2.713693
0.479136 0.049328 0.043564 0.024211 0.001512 0.391730 0.010519 2.718523
0.479100 0.049462 0.043503 0.024201 0.001505 0.391696 0.010534 2.723279
0.479226 0.049350 0.043585 0.024195 0.001517 0.391575 0.010551 2.728196
0.479200 0.049323 0.043639 0.024137 0.001509 0.391616 0.010575 2.733053
0.479192 0.049446 0.043639 0.024087 0.001516 0.391528 0.010593 2.737860
0.479223 0.049428 0.043643 0.024080 0.001510 0.391503 0.010613 2.742707
0.479392 0.049335 0.043679 0.024099 0.001509 0.391351 0.010634 2.747593
0.479427 0.049340 0.043745 0.024076 0.001493 0.391264 0.010655 2.752424
0.479597 0.049235 0.043738 0.024086 0.001486 0.391182 0.010675 2.757300
0.479616 0.049261 0.043708 0.024064 0.001482 0.391175 0.010694 2.762140
0.479769 0.049148 0.043775 0.024075 0.001493 0.391027 0.010712 2.767015
0.479821 0.049089 0.043708 0.024143 0.001495 0.391015 0.010729 2.771907
0.479861 0.049104 0.043726 0.024080 0.001494 0.390984 0.010752 2.776753
0.479830 0.049121 0.043671 0.024172 0.001494 0.390942 0.010770 2.781587
0.479800 0.049189 0.043664 0.024146 0.001497 0.390918 0.010787 2.786406
0.479832 0.049051 0.043792 0.024169 0.001488 0.390853 0.010814 2.791304
0.479962 0.049120 0.043784 0.024140 0.001493 0.390669 0.010833 2.796053
0.480082 0.049014 0.043751 0.024189 0.001492 0.390622 0.010851 2.800913
0.480290 0.048982 0.043694 0.024121 0.001491 0.390556 0.010867 2.805687
0.480449 0.048953 0.043711 0.024062 0.001492 0.390445 0.010888 2.810436
0.480401 0.049084 0.043562 0.024099 0.001508 0.390445 0.010903 2.815190
0.480432 0.049077 0.043536 0.024103 0.001509 0.390419 0.010923 2.820029
0.480479 0.049018 0.043556 0.024100 0.001495 0.390404 0.010949 2.824881
0.480565 0.049069 0.043484 0.024116 0.001483 0.390311 0.010973 2.829633
0.480579 0.049074 0.043405 0.024083 0.001498 0.390375 0.010986 2.834432
0.480535 0.049126 0.043388 0.024120 0.001487 0.390337 0.011008 2.839216
0.480591 0.049169 0.043394 0.024032 0.001481 0.390307 0.011026 2.843973
0.480721 0.049185 0.043319 0.024030 0.001478 0.390221 0.011045 2.848703
0.480742 0.049078 0.043442 0.024087 0.001477 0.390113 0.011062 2.853641
0.480895 0.049033 0.043394 0.024151 0.001474 0.389967 0.011085 2.858428
0.481052 0.048983 0.043328 0.024136 0.001465 0.389924 0.011111 2.863280
0.481052 0.048935 0.043319 0.024163 0.001471 0.389936 0.011125 2.868165
0.481118 0.049015 0.043272 0.024127 0.001470 0.389855 0.011143 2.872935
0.481121 0.049033 0.043309 0.024040 0.001467 0.389864 0.011165 2.877728
0.481201 0.049004 0.043312 0.024086 0.001452 0.389760 0.011186 2.882572
0.481457 0.048935 0.043241 0.024085 0.001451 0.389626 0.011207 2.887301
0.481506 0.049053 0.043205 0.024024 0.001445 0.389543 0.011224 2.892043
0.481457 0.049160 0.043188 0.024038 0.001446 0.389470 0.011242 2.896839
0.481421 0.049163 0.043285 0.024077 0.001447 0.389351 0.011258 2.901709
0.481492 0.048996 0.043260 0.024087 0.001452 0.389431 0.011282 2.906576
0.481677 0.048934 0.043300 0.024095 0.001457 0.389239 0.011299 2.911390
0.481849 0.048849 0.043383 0.024039 0.001457 0.389105 0.011318 2.916245
0.481920 0.048835 0.043420 0.024006 0.001460 0.389026 0.011333 2.921028
0.481904 0.048997 0.043388 0.023981 0.001451 0.388925 0.011355 2.925729
0.482040 0.048990 0.043380 0.023945 0.001442 0.388825 0.011379 2.930522
0.482030 0.049036 0.043386 0.023948 0.001447 0.388749 0.011404 2.935311
0.482033 0.049122 0.043349 0.023929 0.001445 0.388692 0.011428 2.940032
0.481971 0.049239 0.043367 0.023918 0.001455 0.388606 0.011445 2.944832
0.482017 0.049225 0.043416 0.023914 0.001462 0.388510 0.011456 2.949650
0.482026 0.049233 0.043466 0.023871 0.001470 0.388462 0.011472 2.954492
0.482053 0.049102 0.043554 0.023889 0.001474 0.388439 0.011490 2.959372
0.482032 0.049201 0.043434 0.023933 0.001474 0.388420 0.011507 2.964148
0.481985 0.049299 0.043397 0.023974 0.001473 0.388347 0.011526 2.968926
0.482077 0.049219 0.043443 0.023991 0.001475 0.388250 0.011544 2.973808
0.482023 0.049214 0.043475 0.023997 0.001471 0.388257 0.011563 2.978637
0.482109 0.049222 0.043490 0.023978 0.001477 0.388146 0.011578 2.983462
0.482028 0.049230 0.043553 0.024013 0.001476 0.388103 0.011598 2.988353
0.482043 0.049325 0.043493 0.024000 0.001466 0.388056 0.011615 2.993102
0.482043 0.049281 0.043511 0.024053 0.001455 0.388025 0.011633 2.997939
0.482056 0.049272 0.043530 0.024011 0.001456 0.388021 0.011655 3.002761
0.482068 0.049286 0.043624 0.023950 0.001465 0.387934 0.011674 3.007580
0.482117 0.049405 0.043598 0.023920 0.001468 0.387797 0.011694 3.012325
0.482049 0.049365 0.043717 0.023963 0.001455 0.387739 0.011712 3.017286
0.482135 0.049361 0.043639 0.024006 0.001444 0.387680 0.011735 3.022047
0.482141 0.049430 0.043669 0.024067 0.001441 0.387499 0.011753 3.026884
0.482100 0.049411 0.043718 0.024163 0.001429 0.387407 0.011772 3.031758
0.482184 0.049348 0.043688 0.024178 0.001439 0.387374 0.011790 3.036607
0.482135 0.049432 0.043600 0.024155 0.001429 0.387434 0.011815 3.041373
0.482233 0.049429 0.043547 0.024131 0.001431 0.387395 0.011834 3.046149
0.482230 0.049388 0.043549 0.024083 0.001443 0.387459 0.011847 3.051017
0.482242 0.049302 0.043617 0.024068 0.001454 0.387452 0.011865 3.055921
0.482162 0.049523 0.043621 0.023998 0.001464 0.387350 0.011881 3.060657
0.482198 0.049498 0.043708 0.023925 0.001463 0.387308 0.011900 3.065513
0.482087 0.049631 0.043711 0.023894 0.001474 0.387289 0.011914 3.070284
0.481906 0.049765 0.043728 0.023902 0.001476 0.387288 0.011935 3.075146
0.481803 0.049744 0.043827 0.023862 0.001484 0.387330 0.011950 3.080050
0.481915 0.049579 0.043915 0.023912 0.001486 0.387226 0.011968 3.084967
0.481888 0.049565 0.043875 0.023967 0.001494 0.387227 0.011986 3.089810
0.481828 0.049527 0.043884 0.023952 0.001493 0.387310 0.012007 3.094674
0.481719 0.049665 0.043806 0.023942 0.001495 0.387346 0.012027 3.099473
0.481608 0.049770 0.043784 0.024013 0.001474 0.387300 0.012051 3.104286
0.481531 0.049608 0.043890 0.024082 0.001480 0.387336 0.012073 3.109277
0.481544 0.049610 0.043837 0.024140 0.001476 0.387305 0.012089 3.114125
0.481490 0.049698 0.043799 0.024093 0.001484 0.387326 0.012110 3.118893
0.481507 0.049642 0.043917 0.024119 0.001480 0.387208 0.012127 3.123812
0.481544 0.049572 0.043963 0.024144 0.001473 0.387161 0.012145 3.128728
0.481553 0.049472 0.044043 0.024152 0.001481 0.387139 0.012162 3.133642
0.481337 0.049606 0.044019 0.024103 0.001481 0.387279 0.012175 3.138481
0.481181 0.049617 0.044077 0.024170 0.001490 0.387270 0.012195 3.143404
0.481168 0.049646 0.044038 0.024160 0.001495 0.387284 0.012211 3.148245
0.481126 0.049615 0.044072 0.024108 0.001503 0.387347 0.012229 3.153119
0.481171 0.049564 0.044079 0.024156 0.001500 0.387287 0.012245 3.157993
0.481097 0.049601 0.044121 0.024171 0.001506 0.387241 0.012263 3.162861
0.481156 0.049597 0.044105 0.024140 0.001524 0.387201 0.012277 3.167730
0.481191 0.049503 0.044202 0.024105 0.001530 0.387175 0.012293 3.172653
0.481139 0.049500 0.044106 0.024130 0.001535 0.387278 0.012311 3.177467
0.481301 0.049404 0.044124 0.024131 0.001541 0.387174 0.012326 3.182352
0.481323 0.049417 0.044102 0.024157 0.001530 0.387127 0.012344 3.187147
0.481259 0.049538 0.043958 0.024072 0.001526 0.387280 0.012367 3.191895
0.481333 0.049512 0.043973 0.024014 0.001537 0.387241 0.012391 3.196755
0.481440 0.049488 0.043956 0.024011 0.001549 0.387146 0.012410 3.201566
0.481455 0.049499 0.043900 0.024038 0.001553 0.387124 0.012431 3.206372
0.481574 0.049335 0.043899 0.024059 0.001568 0.387115 0.012450 3.211309
0.481598 0.049335 0.043865 0.024000 0.001566 0.387167 0.012467 3.216115
0.481682 0.049321 0.043814 0.023957 0.001566 0.387174 0.012487 3.220867
0.481737 0.049460 0.043733 0.023869 0.001563 0.387124 0.012514 3.225511
0.481727 0.049420 0.043750 0.023959 0.001557 0.387049 0.012538 3.230415
0.481772 0.049297 0.043819 0.024025 0.001549 0.386980 0.012558 3.235321
0.481748 0.049431 0.043751 0.024065 0.001551 0.386878 0.012577 3.240082
0.481670 0.049448 0.043783 0.024121 0.001549 0.386829 0.012602 3.245003
0.481669 0.049496 0.043653 0.024067 0.001551 0.386941 0.012623 3.249779
0.481577 0.049620 0.043696 0.024023 0.001555 0.386891 0.012638 3.254562
0.481480 0.049700 0.043635 0.024035 0.001548 0.386948 0.012655 3.259356
0.481489 0.049691 0.043688 0.023977 0.001545 0.386931 0.012678 3.264198
0.481532 0.049575 0.043746 0.024049 0.001558 0.386844 0.012697 3.269089
0.481487 0.049579 0.043793 0.024063 0.001552 0.386811 0.012716 3.273968
0.481585 0.049517 0.043751 0.024111 0.001541 0.386760 0.012735 3.278813
0.481627 0.049432 0.043732 0.024173 0.001535 0.386746 0.012755 3.283702
0.481599 0.049333 0.043802 0.024229 0.001538 0.386729 0.012770 3.288653
0.481716 0.049262 0.043791 0.024212 0.001537 0.386695 0.012788 3.293485
0.481643 0.049360 0.043770 0.024203 0.001531 0.386689 0.012805 3.298288
0.481675 0.049422 0.043691 0.024184 0.001527 0.386670 0.012830 3.303032
0.481559 0.049513 0.043678 0.024208 0.001520 0.386667 0.012854 3.307879
0.481566 0.049485 0.043745 0.024162 0.001516 0.386648 0.012877 3.312686
0.481686 0.049409 0.043785 0.024211 0.001511 0.386496 0.012902 3.317561
0.481687 0.049415 0.043689 0.024276 0.001509 0.386502 0.012923 3.322424
0.481705 0.049340 0.043790 0.024225 0.001523 0.386475 0.012940 3.327344
0.481721 0.049305 0.043862 0.024200 0.001522 0.386433 0.012958 3.332267
0.481789 0.049152 0.043869 0.024196 0.001530 0.386488 0.012976 3.337163
0.481871 0.049138 0.043786 0.024147 0.001524 0.386539 0.012996 3.341966
0.481874 0.049143 0.043820 0.024101 0.001521 0.386525 0.013016 3.346807
0.481934 0.049026 0.043831 0.024135 0.001534 0.386508 0.013032 3.351622
0.481856 0.049045 0.043692 0.024116 0.001531 0.386712 0.013049 3.356407
0.481884 0.048979 0.043652 0.024132 0.001527 0.386756 0.013070 3.361236
0.481893 0.048997 0.043664 0.024113 0.001522 0.386723 0.013089 3.366041
0.482010 0.048989 0.043597 0.024110 0.001518 0.386663 0.013114 3.370813
0.482081 0.049009 0.043592 0.024090 0.001513 0.386583 0.013131 3.375596
0.482127 0.049028 0.043594 0.024122 0.001498 0.386479 0.013151 3.380359
0.482160 0.048996 0.043556 0.024106 0.001497 0.386513 0.013171 3.385147
0.482124 0.049078 0.043531 0.024114 0.001512 0.386454 0.013187 3.389954
0.482084 0.049142 0.043680 0.023997 0.001523 0.386370 0.013205 3.394778
0.482171 0.049051 0.043659 0.024016 0.001524 0.386355 0.013224 3.399611
0.482304 0.049022 0.043693 0.024061 0.001529 0.386151 0.013240 3.404458
0.482383 0.049013 0.043648 0.024047 0.001516 0.386132 0.013262 3.409194
0.482339 0.048989 0.043619 0.023978 0.001503 0.386288 0.013284 3.413992
0.482425 0.049003 0.043445 0.023964 0.001495 0.386364 0.013303 3.418730
0.482499 0.048909 0.043482 0.023946 0.001495 0.386348 0.013322 3.423566
0.482503 0.048864 0.043551 0.023963 0.001490 0.386284 0.013345 3.428414
0.482469 0.048931 0.043488 0.023866 0.001488 0.386394 0.013364 3.433161
0.482555 0.048856 0.043468 0.023869 0.001492 0.386373 0.013387 3.437969
0.482682 0.048848 0.043403 0.023864 0.001487 0.386304 0.013414 3.442723
0.482523 0.048818 0.043536 0.023882 0.001493 0.386318 0.013430 3.447584
0.482455 0.048851 0.043508 0.023911 0.001495 0.386333 0.013447 3.452376
0.482454 0.048889 0.043535 0.023909 0.001485 0.386263 0.013466 3.457124
0.482436 0.048865 0.043568 0.023938 0.001494 0.386217 0.013482 3.461957
0.482520 0.048794 0.043575 0.023895 0.001486 0.386231 0.013501 3.466763
0.482453 0.048902 0.043526 0.023874 0.001482 0.386238 0.013525 3.471476
0.482489 0.048876 0.043507 0.023904 0.001487 0.386194 0.013543 3.476302
0.482598 0.048842 0.043401 0.023904 0.001486 0.386211 0.013557 3.481069
0.482598 0.048812 0.043384 0.023930 0.001478 0.386221 0.013577 3.485902
0.482588 0.048878 0.043329 0.023996 0.001474 0.386138 0.013597 3.490659
0.482647 0.048815 0.043338 0.023999 0.001454 0.386130 0.013618 3.495502
0.482662 0.048869 0.043390 0.023981 0.001452 0.386012 0.013634 3.500276
0.482595 0.048891 0.043420 0.023953 0.001449 0.386037 0.013655 3.505131
0.482533 0.048950 0.043423 0.024010 0.001451 0.385959 0.013674 3.509911
0.482662 0.048908 0.043343 0.024031 0.001448 0.385910 0.013698 3.514719
0.482754 0.048926 0.043291 0.024076 0.001448 0.385788 0.013718 3.519477
0.482773 0.048913 0.043303 0.024084 0.001450 0.385741 0.013736 3.524286
0.482827 0.048905 0.043305 0.024024 0.001453 0.385733 0.013754 3.529103
0.482829 0.048938 0.043282 0.024034 0.001450 0.385699 0.013769 3.533902
0.482898 0.048908 0.043258 0.024023 0.001463 0.385662 0.013788 3.538703
0.482987 0.048962 0.043194 0.024066 0.001465 0.385523 0.013804 3.543440
0.482999 0.048925 0.043240 0.024057 0.001455 0.385499 0.013825 3.548240
0.482970 0.048981 0.043186 0.024108 0.001465 0.385449 0.013841 3.553018
0.483068 0.048920 0.043226 0.024128 0.001464 0.385334 0.013859 3.557828
0.483200 0.048920 0.043147 0.024039 0.001470 0.385350 0.013875 3.562523
0.483281 0.048889 0.043191 0.024038 0.001480 0.385233 0.013888 3.567328
0.483338 0.048900 0.043169 0.023997 0.001471 0.385212 0.013913 3.572063
0.483499 0.048841 0.043139 0.024015 0.001474 0.385100 0.013933 3.576873
0.483609 0.048802 0.043183 0.023993 0.001473 0.384987 0.013953 3.581631
0.483525 0.048844 0.043225 0.023972 0.001463 0.384996 0.013975 3.586414
0.483548 0.048852 0.043226 0.023920 0.001479 0.384986 0.013989 3.591195
0.483427 0.048814 0.043291 0.023952 0.001480 0.385026 0.014010 3.596098
0.483421 0.048910 0.043174 0.023969 0.001478 0.385015 0.014032 3.600844
0.483408 0.048960 0.043147 0.023949 0.001471 0.385005 0.014059 3.605621
0.483382 0.048918 0.043137 0.023975 0.001466 0.385043 0.014078 3.610455
0.483297 0.048982 0.043177 0.023915 0.001473 0.385059 0.014096 3.615263
0.483257 0.048901 0.043192 0.024003 0.001482 0.385053 0.014113 3.620115
0.483308 0.048977 0.043132 0.023943 0.001494 0.385019 0.014129 3.624852
0.483272 0.049054 0.043155 0.023876 0.001504 0.384990 0.014147 3.629626
0.483349 0.049042 0.043151 0.023875 0.001496 0.384921 0.014166 3.634458
0.483328 0.049070 0.043089 0.023835 0.001479 0.385013 0.014187 3.639196
0.483330 0.049075 0.043140 0.023856 0.001482 0.384913 0.014205 3.644011
0.483300 0.049045 0.043163 0.023887 0.001482 0.384898 0.014225 3.648890
0.483255 0.049031 0.043116 0.023953 0.001479 0.384919 0.014248 3.653716
0.483183 0.049144 0.043055 0.023976 0.001484 0.384892 0.014264 3.658443
0.483164 0.049215 0.043002 0.023929 0.001484 0.384924 0.014284 3.663208
0.483206 0.049071 0.043060 0.023963 0.001481 0.384920 0.014299 3.668129
0.483169 0.049132 0.043079 0.023928 0.001485 0.384890 0.014319 3.672936
0.483214 0.049058 0.043150 0.023952 0.001475 0.384807 0.014343 3.677761
0.483050 0.049172 0.043141 0.023953 0.001473 0.384849 0.014363 3.682586
0.483178 0.048981 0.043223 0.023955 0.001473 0.384806 0.014383 3.687454
0.483294 0.048903 0.043241 0.023981 0.001482 0.384699 0.014400 3.692236
0.483306 0.048957 0.043270 0.023979 0.001474 0.384591 0.014422 3.696990
0.483300 0.048927 0.043348 0.024073 0.001479 0.384436 0.014436 3.701864
0.483202 0.049006 0.043251 0.024117 0.001488 0.384479 0.014457 3.706650
0.483251 0.048933 0.043274 0.024090 0.001490 0.384490 0.014471 3.711472
0.483126 0.049026 0.043302 0.024044 0.001486 0.384532 0.014483 3.716291
0.483242 0.048930 0.043314 0.024016 0.001491 0.384503 0.014503 3.721166
0.483244 0.048897 0.043276 0.024006 0.001473 0.384584 0.014521 3.725962
0.483229 0.048911 0.043275 0.024028 0.001464 0.384555 0.014539 3.730758
0.483227 0.048915 0.043246 0.024014 0.001470 0.384574 0.014554 3.735564
0.483245 0.048916 0.043322 0.024049 0.001484 0.384412 0.014572 3.740382
0.483190 0.048953 0.043319 0.024027 0.001491 0.384432 0.014588 3.745173
0.483126 0.049063 0.043243 0.024002 0.001489 0.384470 0.014607 3.749880
0.483154 0.048984 0.043310 0.023994 0.001487 0.384438 0.014633 3.754709
0.483228 0.048912 0.043333 0.023988 0.001494 0.384394 0.014649 3.759472
0.483302 0.048739 0.043372 0.023965 0.001500 0.384456 0.014665 3.764338
0.483272 0.048831 0.043264 0.023937 0.001505 0.384512 0.014679 3.769017
0.483170 0.048850 0.043321 0.023938 0.001491 0.384528 0.014702 3.773832
0.483116 0.048840 0.043410 0.023928 0.001489 0.384497 0.014721 3.778674
0.483162 0.048868 0.043337 0.023916 0.001489 0.384492 0.014736 3.783388
0.483114 0.048879 0.043278 0.024001 0.001493 0.384483 0.014753 3.788220
0.483110 0.048940 0.043210 0.023966 0.001478 0.384518 0.014778 3.793004
0.483161 0.048905 0.043267 0.023960 0.001471 0.384439 0.014797 3.797837
0.483183 0.048873 0.043305 0.023917 0.001483 0.384421 0.014818 3.802647
0.483247 0.048891 0.043249 0.023981 0.001487 0.384305 0.014839 3.807426
0.483206 0.048786 0.043404 0.024002 0.001489 0.384255 0.014858 3.812315
0.483390 0.048877 0.043270 0.024022 0.001488 0.384074 0.014879 3.817018
0.483360 0.048829 0.043286 0.023963 0.001486 0.384178 0.014898 3.821830
0.483303 0.048844 0.043347 0.023928 0.001481 0.384177 0.014919 3.826640
0.483386 0.048853 0.043349 0.023921 0.001475 0.384078 0.014937 3.831399
0.483362 0.048847 0.043355 0.023841 0.001476 0.384168 0.014952 3.836181
0.483263 0.048896 0.043260 0.023845 0.001480 0.384286 0.014970 3.840949
0.483377 0.048792 0.043228 0.023897 0.001473 0.384248 0.014985 3.845747
0.483361 0.048796 0.043280 0.023949 0.001450 0.384157 0.015006 3.850586
0.483371 0.048819 0.043234 0.023979 0.001459 0.384113 0.015024 3.855360
0.483339 0.048877 0.043162 0.023969 0.001449 0.384159 0.015046 3.860086
0.483267 0.049003 0.043167 0.023870 0.001441 0.384189 0.015064 3.864778
0.483265 0.048961 0.043307 0.023809 0.001446 0.384133 0.015079 3.869594
0.483242 0.049018 0.043339 0.023749 0.001462 0.384097 0.015093 3.874374
0.483155 0.049076 0.043309 0.023777 0.001460 0.384110 0.015114 3.879211
0.483136 0.049077 0.043286 0.023780 0.001456 0.384133 0.015132 3.883987
0.483164 0.049120 0.043303 0.023746 0.001458 0.384061 0.015148 3.888758
0.483252 0.048957 0.043368 0.023716 0.001467 0.384072 0.015168 3.893605
0.483315 0.048902 0.043371 0.023716 0.001467 0.384045 0.015183 3.898437
0.483309 0.048914 0.043353 0.023670 0.001460 0.384096 0.015198 3.903243
0.483338 0.048782 0.043378 0.023692 0.001461 0.384137 0.015213 3.908096
0.483294 0.048819 0.043374 0.023745 0.001466 0.384075 0.015228 3.912904
0.483359 0.048897 0.043316 0.023656 0.001480 0.384048 0.015245 3.917605
0.483337 0.049007 0.043277 0.023674 0.001476 0.383967 0.015262 3.922343
0.483280 0.049134 0.043256 0.023733 0.001474 0.383846 0.015277 3.927141
0.483246 0.049187 0.043330 0.023701 0.001474 0.383768 0.015293 3.931928
0.483178 0.049244 0.043279 0.023673 0.001472 0.383844 0.015310 3.936687
0.483203 0.049174 0.043307 0.023692 0.001471 0.383825 0.015328 3.941561
0.483196 0.049229 0.043312 0.023663 0.001464 0.383786 0.015350 3.946316
0.483233 0.049176 0.043419 0.023699 0.001481 0.383627 0.015366 3.951149
0.483201 0.049139 0.043397 0.023743 0.001486 0.383641 0.015393 3.956007
0.483198 0.049139 0.043333 0.023769 0.001474 0.383675 0.015412 3.960798
0.483236 0.049019 0.043358 0.023775 0.001467 0.383713 0.015433 3.965663
0.483194 0.049044 0.043273 0.023784 0.001465 0.383791 0.015450 3.970430
0.483228 0.048982 0.043341 0.023851 0.001467 0.383664 0.015467 3.975297
0.483220 0.049005 0.043306 0.023948 0.001463 0.383570 0.015488 3.980075
0.483200 0.049028 0.043384 0.023898 0.001466 0.383521 0.015503 3.984826
0.483256 0.049014 0.043280 0.023889 0.001466 0.383567 0.015527 3.989576
0.483272 0.048987 0.043297 0.023875 0.001470 0.383553 0.015547 3.994445
0.483377 0.048975 0.043240 0.023868 0.001484 0.383487 0.015568 3.999198
0.483451 0.048853 0.043288 0.023830 0.001463 0.383527 0.015588 4.004068
0.483482 0.048908 0.043177 0.023850 0.001474 0.383505 0.015605 4.008803
0.483471 0.048926 0.043179 0.023855 0.001471 0.383473 0.015624 4.013598
0.483477 0.048975 0.043143 0.023823 0.001458 0.383474 0.015649 4.018402
0.483545 0.048857 0.043179 0.023818 0.001454 0.383479 0.015667 4.023266
0.483619 0.048909 0.043079 0.023873 0.001458 0.383375 0.015687 4.027991
0.483716 0.048925 0.043008 0.023897 0.001454 0.383300 0.015702 4.032791
0.483658 0.048940 0.042989 0.023885 0.001455 0.383355 0.015720 4.037573
0.483678 0.048956 0.043034 0.023810 0.001451 0.383329 0.015742 4.042359
0.483711 0.049038 0.042908 0.023793 0.001460 0.383333 0.015757 4.047064
0.483641 0.049092 0.042972 0.023880 0.001460 0.383181 0.015774 4.051875
0.483624 0.049093 0.043010 0.023915 0.001457 0.383108 0.015794 4.056704
0.483633 0.049097 0.042995 0.023861 0.001448 0.383147 0.015819 4.061448
0.483631 0.049089 0.042949 0.023892 0.001453 0.383148 0.015839 4.066266
0.483575 0.049084 0.043011 0.023920 0.001452 0.383101 0.015857 4.071071
0.483509 0.049123 0.043035 0.023947 0.001456 0.383055 0.015875 4.075909
0.483412 0.049108 0.043173 0.023916 0.001442 0.383050 0.015896 4.080754
0.483455 0.048945 0.043276 0.023925 0.001455 0.383031 0.015914 4.085631
0.483478 0.048885 0.043368 0.023936 0.001456 0.382945 0.015932 4.090439
0.483536 0.048816 0.043472 0.023931 0.001455 0.382836 0.015954 4.095230
0.483505 0.048801 0.043485 0.023936 0.001467 0.382836 0.015969 4.100030
0.483527 0.048805 0.043449 0.023970 0.001467 0.382795 0.015986 4.104809
0.483480 0.048843 0.043401 0.023977 0.001465 0.382833 0.015999 4.109579
0.483480 0.048732 0.043479 0.024009 0.001466 0.382818 0.016016 4.114453
0.483523 0.048703 0.043516 0.023989 0.001462 0.382774 0.016032 4.119271
0.483440 0.048794 0.043557 0.023984 0.001473 0.382702 0.016050 4.124065
0.483469 0.048730 0.043501 0.023982 0.001472 0.382777 0.016069 4.128883
0.483397 0.048812 0.043523 0.023929 0.001473 0.382781 0.016085 4.133709
0.483393 0.048867 0.043545 0.023960 0.001472 0.382661 0.016102 4.138490
0.483261 0.048968 0.043494 0.023972 0.001479 0.382709 0.016116 4.143285
0.483134 0.048923 0.043510 0.023989 0.001469 0.382839 0.016136 4.148145
0.483273 0.048896 0.043516 0.023930 0.001464 0.382763 0.016159 4.152903
0.483247 0.048966 0.043362 0.023936 0.001464 0.382842 0.016182 4.157626
0.483143 0.049014 0.043277 0.023899 0.001464 0.383005 0.016198 4.162384
0.483149 0.048912 0.043354 0.023889 0.001467 0.383015 0.016214 4.167220
0.483123 0.048960 0.043384 0.023795 0.001463 0.383037 0.016238 4.171958
0.483196 0.048943 0.043388 0.023854 0.001471 0.382895 0.016252 4.176727
0.483230 0.049012 0.043308 0.023824 0.001464 0.382888 0.016275 4.181429
0.483244 0.049006 0.043290 0.023793 0.001477 0.382902 0.016288 4.186217
0.483223 0.049015 0.043332 0.023825 0.001473 0.382823 0.016310 4.191049
0.483266 0.048962 0.043310 0.023826 0.001478 0.382830 0.016329 4.195866
0.483346 0.048825 0.043374 0.023879 0.001475 0.382753 0.016349 4.200777
0.483382 0.048845 0.043277 0.023918 0.001481 0.382733 0.016364 4.205554
0.483423 0.048915 0.043234 0.023976 0.001486 0.382580 0.016386 4.210268
0.483366 0.048982 0.043192 0.024029 0.001488 0.382541 0.016403 4.215011
0.483341 0.048853 0.043281 0.023963 0.001501 0.382644 0.016417 4.219902
0.483362 0.048779 0.043290 0.023967 0.001502 0.382665 0.016434 4.224733
0.483357 0.048818 0.043301 0.023983 0.001507 0.382589 0.016447 4.229535
0.483422 0.048795 0.043272 0.023899 0.001497 0.382645 0.016471 4.234272
0.483502 0.048733 0.043276 0.023817 0.001501 0.382684 0.016488 4.239033
0.483474 0.048745 0.043219 0.023820 0.001505 0.382735 0.016502 4.243815
0.483351 0.048802 0.043209 0.023875 0.001508 0.382734 0.016519 4.248621
0.483246 0.048907 0.043179 0.023852 0.001516 0.382761 0.016540 4.253340
0.483198 0.048999 0.043145 0.023867 0.001503 0.382725 0.016563 4.258055
