0.361326 0.061747 0.054932 0.031166 0.002066 0.482949 0.005816 1.585469
0.362810 0.060300 0.054886 0.031088 0.002052 0.483023 0.005840 1.591479
0.364772 0.058670 0.054759 0.030851 0.002047 0.483031 0.005870 1.597281
0.367053 0.056825 0.054583 0.030523 0.002039 0.483085 0.005893 1.602914
0.369571 0.054798 0.054361 0.030213 0.002032 0.483108 0.005917 1.608466
0.372350 0.052769 0.054010 0.029820 0.002041 0.483069 0.005941 1.613750
0.375208 0.050882 0.053636 0.029453 0.002018 0.482830 0.005972 1.618857
0.378012 0.049171 0.053092 0.029007 0.002017 0.482710 0.005993 1.623722
0.381061 0.047310 0.052634 0.028523 0.002012 0.482449 0.006013 1.628547
0.384113 0.045750 0.051950 0.027978 0.002009 0.482161 0.006038 1.633069
0.387295 0.044122 0.051252 0.027490 0.001981 0.481793 0.006067 1.637552
0.390489 0.042668 0.050450 0.027033 0.001966 0.481297 0.006095 1.641848
0.393651 0.041343 0.049676 0.026505 0.001972 0.480735 0.006117 1.645990
0.396819 0.040116 0.048790 0.025953 0.001960 0.480226 0.006137 1.649964
0.400089 0.038867 0.047902 0.025406 0.001951 0.479627 0.006159 1.653905
0.403348 0.037914 0.046913 0.024858 0.001946 0.478843 0.006178 1.657574
0.406698 0.037021 0.045993 0.024320 0.001929 0.477836 0.006203 1.661169
0.409996 0.036139 0.045111 0.023795 0.001916 0.476814 0.006229 1.664723
0.413441 0.035230 0.044204 0.023369 0.001914 0.475589 0.006254 1.668240
0.416622 0.034520 0.043362 0.022891 0.001909 0.474422 0.006274 1.671687
0.419910 0.033875 0.042473 0.022408 0.001884 0.473148 0.006301 1.675004
0.423290 0.033203 0.041589 0.021984 0.001874 0.471743 0.006318 1.678284
0.426463 0.032650 0.040815 0.021518 0.001847 0.470362 0.006345 1.681531
0.429714 0.032116 0.040019 0.021041 0.001837 0.468906 0.006368 1.684709
0.432939 0.031538 0.039422 0.020629 0.001823 0.467260 0.006388 1.687906
0.436208 0.031010 0.038660 0.020253 0.001804 0.465655 0.006411 1.691012
0.439419 0.030589 0.037864 0.019844 0.001796 0.464051 0.006438 1.694036
0.442747 0.030118 0.037147 0.019472 0.001774 0.462282 0.006459 1.697032
0.445889 0.029749 0.036416 0.019035 0.001760 0.460671 0.006480 1.699951
0.448979 0.029438 0.035699 0.018704 0.001742 0.458938 0.006501 1.702845
0.452042 0.029231 0.035018 0.018356 0.001723 0.457107 0.006523 1.705676
0.455188 0.028965 0.034404 0.017969 0.001701 0.455234 0.006539 1.708507
0.458236 0.028835 0.033783 0.017679 0.001673 0.453228 0.006566 1.711257
0.461352 0.028626 0.033145 0.017351 0.001639 0.451294 0.006595 1.714046
0.464270 0.028477 0.032700 0.017098 0.001609 0.449223 0.006622 1.716833
0.467173 0.028239 0.032256 0.016900 0.001586 0.447204 0.006641 1.719677
0.470066 0.028166 0.031709 0.016656 0.001568 0.445177 0.006658 1.722381
0.473051 0.028003 0.031339 0.016380 0.001557 0.442995 0.006675 1.725141
0.476026 0.027849 0.030985 0.016159 0.001531 0.440756 0.006694 1.727894
0.478845 0.027785 0.030625 0.015999 0.001499 0.438536 0.006710 1.730604
0.481660 0.027717 0.030268 0.015762 0.001484 0.436376 0.006733 1.733335
0.484357 0.027605 0.029999 0.015625 0.001467 0.434197 0.006750 1.736139
0.487180 0.027534 0.029607 0.015492 0.001448 0.431968 0.006770 1.738856
0.489847 0.027455 0.029310 0.015293 0.001424 0.429880 0.006792 1.741595
0.492559 0.027367 0.029005 0.015125 0.001400 0.427733 0.006812 1.744313
0.495222 0.027325 0.028667 0.014982 0.001380 0.425598 0.006827 1.747037
0.497883 0.027311 0.028422 0.014825 0.001355 0.423355 0.006851 1.749703
0.500429 0.027326 0.028143 0.014687 0.001346 0.421200 0.006868 1.752372
0.502941 0.027324 0.027923 0.014593 0.001335 0.418998 0.006886 1.755101
0.505455 0.027387 0.027731 0.014478 0.001315 0.416728 0.006907 1.757807
0.507800 0.027551 0.027429 0.014393 0.001291 0.414610 0.006926 1.760466
0.510193 0.027564 0.027278 0.014340 0.001274 0.412413 0.006940 1.763206
0.512440 0.027724 0.027164 0.014248 0.001252 0.410215 0.006958 1.765922
0.514782 0.027805 0.027001 0.014140 0.001234 0.408061 0.006977 1.768659
0.517123 0.027863 0.026880 0.014071 0.001201 0.405863 0.006999 1.771402
0.519302 0.028045 0.026703 0.013956 0.001183 0.403788 0.007022 1.774103
0.521522 0.028138 0.026566 0.013919 0.001172 0.401650 0.007035 1.776809
0.523763 0.028151 0.026507 0.013924 0.001154 0.399451 0.007051 1.779599
0.525932 0.028250 0.026401 0.013867 0.001139 0.397348 0.007064 1.782332
0.528069 0.028364 0.026336 0.013829 0.001125 0.395199 0.007079 1.785091
0.530092 0.028515 0.026177 0.013843 0.001119 0.393165 0.007089 1.787834
0.532166 0.028620 0.026180 0.013790 0.001104 0.391041 0.007099 1.790668
0.534160 0.028790 0.026072 0.013819 0.001091 0.388953 0.007117 1.793478
0.536054 0.028921 0.026090 0.013812 0.001078 0.386910 0.007135 1.796327
0.537812 0.029067 0.026134 0.013815 0.001078 0.384950 0.007145 1.799172
0.539517 0.029380 0.026063 0.013810 0.001062 0.383012 0.007156 1.801933
0.541239 0.029539 0.026103 0.013754 0.001046 0.381150 0.007170 1.804785
0.542982 0.029544 0.026267 0.013783 0.001045 0.379193 0.007186 1.807770
0.544758 0.029641 0.026386 0.013825 0.001031 0.377154 0.007204 1.810714
0.546271 0.029861 0.026427 0.013876 0.001028 0.375322 0.007216 1.813634
0.547867 0.030014 0.026455 0.013882 0.001023 0.373532 0.007228 1.816562
0.549434 0.030100 0.026518 0.013916 0.001013 0.371775 0.007245 1.819544
0.550852 0.030337 0.026596 0.013916 0.001010 0.370035 0.007255 1.822440
0.552428 0.030472 0.026704 0.013963 0.001007 0.368156 0.007271 1.825428
0.553840 0.030621 0.026727 0.014020 0.001003 0.366505 0.007284 1.828445
0.555251 0.030770 0.026768 0.014023 0.000987 0.364904 0.007297 1.831459
0.556601 0.030853 0.026875 0.014109 0.000985 0.363268 0.007309 1.834583
0.557987 0.031025 0.026908 0.014168 0.000984 0.361609 0.007319 1.837602
0.559373 0.031163 0.026977 0.014156 0.000979 0.360020 0.007333 1.840621
0.560663 0.031219 0.027104 0.014223 0.000991 0.358461 0.007339 1.843767
0.561933 0.031219 0.027222 0.014292 0.000996 0.356984 0.007354 1.846896
0.563055 0.031442 0.027279 0.014347 0.000992 0.355516 0.007369 1.849957
0.564182 0.031697 0.027278 0.014369 0.000986 0.354104 0.007385 1.853027
0.565308 0.031863 0.027337 0.014425 0.000982 0.352689 0.007397 1.856108
0.566454 0.031946 0.027463 0.014484 0.000977 0.351265 0.007410 1.859278
0.567534 0.032138 0.027502 0.014544 0.000974 0.349889 0.007421 1.862405
0.568604 0.032358 0.027580 0.014587 0.000959 0.348475 0.007438 1.865488
0.569683 0.032406 0.027722 0.014675 0.000954 0.347110 0.007450 1.868714
0.570666 0.032521 0.027882 0.014713 0.000955 0.345803 0.007462 1.871888
0.571776 0.032586 0.028054 0.014741 0.000959 0.344412 0.007473 1.875113
0.572692 0.032641 0.028180 0.014820 0.000958 0.343224 0.007484 1.878358
0.573660 0.032854 0.028252 0.014813 0.000950 0.341972 0.007498 1.881504
0.574472 0.033066 0.028286 0.014831 0.000950 0.340885 0.007511 1.884659
0.575423 0.033185 0.028400 0.014871 0.000939 0.339660 0.007524 1.887884
0.576305 0.033316 0.028403 0.014906 0.000941 0.338596 0.007534 1.891134
0.577164 0.033394 0.028558 0.014966 0.000946 0.337425 0.007547 1.894445
0.577981 0.033479 0.028652 0.014997 0.000940 0.336390 0.007562 1.897693
0.578842 0.033631 0.028762 0.015071 0.000929 0.335190 0.007577 1.900916
0.579583 0.033796 0.028857 0.015091 0.000927 0.334155 0.007592 1.904145
0.580302 0.033912 0.028959 0.015159 0.000932 0.333135 0.007601 1.907478
0.581026 0.033964 0.029086 0.015250 0.000918 0.332141 0.007616 1.910807
0.581895 0.033954 0.029189 0.015314 0.000915 0.331106 0.007626 1.914151
0.582669 0.034024 0.029266 0.015366 0.000916 0.330124 0.007636 1.917446
0.583435 0.034119 0.029342 0.015400 0.000915 0.329141 0.007648 1.920750
0.584174 0.034138 0.029497 0.015391 0.000918 0.328226 0.007655 1.924134
0.584867 0.034125 0.029678 0.015403 0.000926 0.327338 0.007663 1.927539
0.585530 0.034220 0.029727 0.015468 0.000933 0.326450 0.007674 1.930885
0.586185 0.034340 0.029743 0.015425 0.000938 0.325685 0.007684 1.934158
0.586797 0.034349 0.029826 0.015482 0.000935 0.324915 0.007695 1.937505
0.587388 0.034433 0.029944 0.015525 0.000949 0.324056 0.007705 1.940866
0.588076 0.034448 0.029978 0.015582 0.000949 0.323251 0.007716 1.944231
0.588713 0.034383 0.030113 0.015647 0.000951 0.322465 0.007728 1.947637
0.589226 0.034423 0.030172 0.015660 0.000949 0.321829 0.007741 1.951045
0.589715 0.034637 0.030160 0.015666 0.000954 0.321113 0.007755 1.954320
0.590349 0.034662 0.030219 0.015717 0.000962 0.320326 0.007764 1.957701
0.591022 0.034586 0.030377 0.015786 0.000961 0.319496 0.007774 1.961124
0.591502 0.034677 0.030408 0.015831 0.000959 0.318837 0.007787 1.964525
0.592208 0.034584 0.030465 0.015925 0.000959 0.318059 0.007801 1.967974
0.592794 0.034588 0.030464 0.015900 0.000958 0.317485 0.007811 1.971322
0.593357 0.034585 0.030538 0.015915 0.000957 0.316825 0.007824 1.974689
0.593888 0.034731 0.030537 0.015976 0.000955 0.316078 0.007836 1.978021
0.594417 0.034808 0.030551 0.015951 0.000960 0.315467 0.007846 1.981358
0.594794 0.034796 0.030672 0.015966 0.000956 0.314961 0.007855 1.984837
0.595463 0.034702 0.030735 0.016006 0.000959 0.314267 0.007869 1.988263
0.596017 0.034827 0.030706 0.016023 0.000959 0.313584 0.007884 1.991540
0.596583 0.034787 0.030752 0.016017 0.000966 0.312996 0.007898 1.994931
0.597067 0.034768 0.030791 0.016038 0.000964 0.312461 0.007912 1.998333
0.597564 0.034736 0.030851 0.016001 0.000961 0.311959 0.007929 2.001724
0.598115 0.034779 0.030806 0.015983 0.000961 0.311410 0.007945 2.005051
0.598617 0.034703 0.030857 0.015977 0.000961 0.310929 0.007956 2.008442
0.599095 0.034661 0.030960 0.015992 0.000954 0.310367 0.007971 2.011864
0.599607 0.034637 0.030984 0.016001 0.000952 0.309841 0.007979 2.015222
0.600094 0.034665 0.030942 0.016013 0.000947 0.309344 0.007993 2.018548
0.600606 0.034630 0.030967 0.016028 0.000940 0.308827 0.008003 2.021931
0.601047 0.034717 0.030907 0.015999 0.000932 0.308378 0.008021 2.025260
0.601615 0.034681 0.030970 0.015972 0.000929 0.307797 0.008036 2.028636
0.602138 0.034733 0.030928 0.015945 0.000928 0.307277 0.008051 2.031905
0.602547 0.034715 0.030919 0.015994 0.000912 0.306851 0.008064 2.035292
0.602941 0.034757 0.030969 0.015995 0.000909 0.306356 0.008073 2.038654
0.603365 0.034681 0.031082 0.016038 0.000913 0.305838 0.008085 2.042120
0.603880 0.034648 0.031049 0.016064 0.000928 0.305337 0.008095 2.045467
0.604432 0.034630 0.030980 0.016102 0.000925 0.304825 0.008107 2.048832
0.605011 0.034545 0.030990 0.016108 0.000938 0.304292 0.008115 2.052189
0.605504 0.034427 0.031067 0.016167 0.000948 0.303758 0.008128 2.055613
0.605935 0.034417 0.031106 0.016148 0.000938 0.303313 0.008145 2.058969
0.606361 0.034312 0.031141 0.016140 0.000934 0.302955 0.008157 2.062356
0.606784 0.034344 0.031111 0.016116 0.000938 0.302533 0.008174 2.065646
0.607205 0.034313 0.031107 0.016113 0.000944 0.302134 0.008184 2.069003
0.607681 0.034297 0.031093 0.016112 0.000941 0.301681 0.008196 2.072321
0.608146 0.034309 0.031141 0.016088 0.000947 0.301165 0.008205 2.075653
0.608539 0.034243 0.031190 0.016028 0.000947 0.300835 0.008219 2.079032
0.608965 0.034239 0.031104 0.016009 0.000949 0.300501 0.008232 2.082350
0.609504 0.034257 0.031023 0.015961 0.000948 0.300065 0.008241 2.085615
0.609871 0.034209 0.031051 0.015935 0.000955 0.299727 0.008253 2.089013
0.610300 0.034214 0.031010 0.015952 0.000964 0.299295 0.008265 2.092332
0.610837 0.034116 0.031024 0.015955 0.000960 0.298828 0.008282 2.095692
0.611236 0.034168 0.031041 0.015932 0.000961 0.298367 0.008295 2.099016
0.611631 0.034119 0.031028 0.015899 0.000950 0.298063 0.008309 2.102365
0.612059 0.034094 0.031024 0.015886 0.000951 0.297666 0.008319 2.105700
0.612432 0.034075 0.031013 0.015898 0.000941 0.297311 0.008330 2.109030
0.612812 0.033941 0.031056 0.015929 0.000943 0.296974 0.008344 2.112469
0.613276 0.033935 0.031007 0.015880 0.000943 0.296606 0.008354 2.115753
0.613673 0.033905 0.030947 0.015867 0.000955 0.296290 0.008364 2.119068
0.614078 0.033945 0.030887 0.015861 0.000957 0.295898 0.008375 2.122338
0.614545 0.033939 0.030833 0.015854 0.000964 0.295481 0.008384 2.125615
0.614815 0.033973 0.030765 0.015856 0.000969 0.295225 0.008395 2.128947
0.615170 0.033940 0.030702 0.015835 0.000968 0.294976 0.008409 2.132282
0.615660 0.033857 0.030716 0.015807 0.000955 0.294584 0.008421 2.135572
0.615983 0.033897 0.030671 0.015752 0.000962 0.294303 0.008431 2.138874
0.616368 0.033849 0.030715 0.015800 0.000971 0.293851 0.008447 2.142262
0.616678 0.033881 0.030667 0.015831 0.000963 0.293519 0.008462 2.145599
0.617048 0.033908 0.030679 0.015832 0.000970 0.293094 0.008470 2.148909
0.617395 0.033810 0.030820 0.015821 0.000981 0.292695 0.008477 2.152303
0.617753 0.033843 0.030687 0.015848 0.000979 0.292402 0.008489 2.155574
0.618223 0.033802 0.030638 0.015879 0.000986 0.291973 0.008500 2.158856
0.618622 0.033725 0.030509 0.015894 0.000989 0.291751 0.008510 2.162182
0.618901 0.033694 0.030625 0.015923 0.000995 0.291341 0.008522 2.165551
0.619220 0.033638 0.030672 0.015871 0.000989 0.291075 0.008536 2.168910
0.619615 0.033604 0.030671 0.015908 0.000983 0.290671 0.008546 2.172235
0.619936 0.033655 0.030661 0.015838 0.000988 0.290362 0.008561 2.175493
0.620220 0.033573 0.030663 0.015841 0.000998 0.290131 0.008575 2.178876
0.620625 0.033575 0.030640 0.015801 0.001008 0.289765 0.008589 2.182145
0.620937 0.033709 0.030587 0.015737 0.001001 0.289430 0.008600 2.185332
0.621245 0.033673 0.030608 0.015732 0.001000 0.289129 0.008614 2.188613
0.621492 0.033805 0.030666 0.015679 0.000994 0.288738 0.008625 2.191899
0.621842 0.033750 0.030712 0.015685 0.000996 0.288377 0.008637 2.195213
0.622105 0.033694 0.030736 0.015709 0.000990 0.288124 0.008642 2.198584
0.622494 0.033660 0.030736 0.015675 0.000990 0.287789 0.008656 2.201877
0.622835 0.033697 0.030689 0.015671 0.000985 0.287453 0.008670 2.205153
0.623073 0.033734 0.030711 0.015688 0.000984 0.287130 0.008679 2.208472
0.623374 0.033780 0.030722 0.015649 0.000980 0.286803 0.008690 2.211759
0.623759 0.033626 0.030789 0.015682 0.000981 0.286459 0.008704 2.215104
0.623973 0.033664 0.030821 0.015686 0.000984 0.286154 0.008718 2.218394
0.624308 0.033699 0.030758 0.015691 0.000980 0.285835 0.008729 2.221668
0.624529 0.033623 0.030732 0.015694 0.000965 0.285716 0.008741 2.225044
0.624824 0.033583 0.030736 0.015696 0.000953 0.285454 0.008753 2.228372
0.625018 0.033677 0.030708 0.015678 0.000955 0.285200 0.008765 2.231631
0.625253 0.033665 0.030642 0.015725 0.000951 0.284989 0.008776 2.234971
0.625512 0.033714 0.030561 0.015705 0.000962 0.284762 0.008784 2.238197
0.625857 0.033688 0.030563 0.015719 0.000958 0.284419 0.008795 2.241466
0.626078 0.033689 0.030560 0.015753 0.000961 0.284151 0.008808 2.244786
0.626347 0.033632 0.030544 0.015808 0.000967 0.283884 0.008817 2.248133
0.626598 0.033734 0.030494 0.015757 0.000964 0.283625 0.008828 2.251372
0.626815 0.033775 0.030454 0.015714 0.000965 0.283439 0.008839 2.254649
0.627042 0.033686 0.030519 0.015741 0.000977 0.283181 0.008855 2.258013
0.627375 0.033609 0.030420 0.015765 0.000973 0.282986 0.008873 2.261287
0.627627 0.033619 0.030398 0.015722 0.000981 0.282771 0.008883 2.264548
0.627849 0.033596 0.030404 0.015764 0.000967 0.282527 0.008893 2.267853
0.628122 0.033497 0.030498 0.015779 0.000973 0.282224 0.008906 2.271207
0.628362 0.033507 0.030518 0.015789 0.000975 0.281933 0.008916 2.274490
0.628630 0.033408 0.030554 0.015799 0.000976 0.281702 0.008931 2.277827
0.628752 0.033461 0.030526 0.015813 0.000983 0.281522 0.008943 2.281126
0.629002 0.033480 0.030521 0.015807 0.000981 0.281257 0.008953 2.284406
0.629141 0.033476 0.030583 0.015841 0.000982 0.281011 0.008966 2.287711
0.629318 0.033513 0.030563 0.015854 0.000975 0.280802 0.008975 2.290979
0.629435 0.033623 0.030486 0.015854 0.000974 0.280638 0.008988 2.294207
0.629751 0.033551 0.030433 0.015884 0.000967 0.280411 0.009002 2.297489
0.629954 0.033566 0.030414 0.015918 0.000969 0.280167 0.009012 2.300778
0.630130 0.033624 0.030430 0.015868 0.000959 0.279963 0.009026 2.304024
0.630304 0.033658 0.030432 0.015851 0.000961 0.279754 0.009040 2.307314
0.630402 0.033710 0.030400 0.015868 0.000969 0.279601 0.009050 2.310590
0.630637 0.033807 0.030391 0.015801 0.000966 0.279338 0.009060 2.313801
0.630791 0.033791 0.030385 0.015846 0.000962 0.279152 0.009071 2.317112
0.630931 0.033804 0.030335 0.015836 0.000957 0.279054 0.009083 2.320372
0.631099 0.033890 0.030388 0.015781 0.000962 0.278788 0.009092 2.323585
0.631317 0.033754 0.030564 0.015782 0.000964 0.278514 0.009105 2.327003
0.631521 0.033681 0.030554 0.015761 0.000960 0.278405 0.009117 2.330345
0.631793 0.033666 0.030560 0.015727 0.000961 0.278163 0.009130 2.333651
0.631962 0.033653 0.030557 0.015725 0.000964 0.277998 0.009141 2.336982
0.632127 0.033749 0.030545 0.015678 0.000962 0.277785 0.009155 2.340233
0.632232 0.033755 0.030575 0.015711 0.000959 0.277604 0.009164 2.343559
0.632372 0.033760 0.030635 0.015650 0.000953 0.277453 0.009178 2.346882
0.632524 0.033754 0.030610 0.015653 0.000959 0.277311 0.009190 2.350202
0.632590 0.033787 0.030613 0.015654 0.000956 0.277196 0.009203 2.353550
0.632636 0.033963 0.030504 0.015591 0.000945 0.277144 0.009216 2.356761
0.632795 0.033996 0.030478 0.015565 0.000946 0.276994 0.009227 2.360039
0.632899 0.034072 0.030445 0.015563 0.000939 0.276844 0.009237 2.363347
0.632996 0.034031 0.030526 0.015583 0.000935 0.276680 0.009248 2.366726
0.633109 0.034005 0.030632 0.015639 0.000933 0.276418 0.009264 2.370113
0.633193 0.034088 0.030629 0.015628 0.000932 0.276254 0.009277 2.373403
0.633273 0.034122 0.030687 0.015591 0.000929 0.276108 0.009289 2.376732
0.633467 0.034151 0.030696 0.015585 0.000932 0.275871 0.009299 2.380032
0.633535 0.034202 0.030652 0.015611 0.000931 0.275761 0.009310 2.383346
0.633554 0.034326 0.030668 0.015561 0.000926 0.275641 0.009323 2.386621
0.633661 0.034378 0.030775 0.015555 0.000931 0.275369 0.009332 2.389936
0.633835 0.034417 0.030748 0.015560 0.000933 0.275164 0.009344 2.393246
0.633958 0.034400 0.030770 0.015590 0.000932 0.274994 0.009356 2.396616
0.634093 0.034382 0.030812 0.015603 0.000934 0.274810 0.009367 2.400025
0.634187 0.034286 0.030864 0.015631 0.000940 0.274713 0.009380 2.403476
0.634180 0.034414 0.030812 0.015606 0.000937 0.274660 0.009392 2.406778
0.634249 0.034447 0.030792 0.015665 0.000939 0.274502 0.009407 2.410108
0.634381 0.034448 0.030819 0.015662 0.000942 0.274331 0.009417 2.413447
0.634514 0.034342 0.030815 0.015667 0.000940 0.274291 0.009431 2.416808
0.634633 0.034350 0.030807 0.015724 0.000937 0.274106 0.009443 2.420130
0.634680 0.034326 0.030871 0.015761 0.000934 0.273974 0.009454 2.423525
0.634740 0.034302 0.030881 0.015778 0.000928 0.273907 0.009464 2.426868
0.634868 0.034320 0.030958 0.015687 0.000942 0.273752 0.009473 2.430234
0.634978 0.034318 0.030879 0.015769 0.000935 0.273634 0.009489 2.433561
0.635025 0.034393 0.030834 0.015770 0.000939 0.273536 0.009503 2.436832
0.635153 0.034302 0.030948 0.015803 0.000935 0.273344 0.009517 2.440243
0.635221 0.034281 0.030956 0.015825 0.000930 0.273257 0.009530 2.443602
0.635297 0.034267 0.031031 0.015874 0.000925 0.273063 0.009543 2.446954
0.635459 0.034207 0.031019 0.015872 0.000916 0.272971 0.009556 2.450304
0.635525 0.034225 0.031049 0.015884 0.000917 0.272834 0.009567 2.453637
0.635589 0.034158 0.031168 0.015883 0.000909 0.272714 0.009579 2.457061
0.635722 0.034154 0.031147 0.015821 0.000914 0.272654 0.009588 2.460391
0.635753 0.034197 0.031144 0.015811 0.000913 0.272581 0.009602 2.463695
0.635857 0.034178 0.031117 0.015829 0.000914 0.272492 0.009614 2.467072
0.635900 0.034207 0.031146 0.015795 0.000913 0.272416 0.009623 2.470403
0.635896 0.034196 0.031114 0.015833 0.000927 0.272404 0.009631 2.473771
0.635914 0.034208 0.031093 0.015837 0.000931 0.272377 0.009641 2.477095
0.635937 0.034178 0.031087 0.015802 0.000929 0.272410 0.009657 2.480453
0.635973 0.034231 0.031044 0.015838 0.000935 0.272309 0.009670 2.483781
0.636084 0.034226 0.031005 0.015803 0.000948 0.272258 0.009676 2.487095
0.636177 0.034179 0.030944 0.015812 0.000946 0.272252 0.009690 2.490440
0.636262 0.034128 0.030911 0.015836 0.000942 0.272215 0.009706 2.493768
0.636281 0.034105 0.030936 0.015855 0.000935 0.272169 0.009720 2.497161
0.636321 0.034079 0.030873 0.015838 0.000938 0.272222 0.009731 2.500500
0.636427 0.034082 0.030867 0.015852 0.000946 0.272089 0.009738 2.503787
0.636534 0.034076 0.030863 0.015833 0.000959 0.271986 0.009750 2.507106
0.636638 0.034058 0.030846 0.015818 0.000952 0.271925 0.009761 2.510441
0.636764 0.034101 0.030756 0.015829 0.000957 0.271817 0.009776 2.513703
0.636715 0.034167 0.030738 0.015822 0.000954 0.271815 0.009789 2.517033
0.636856 0.034038 0.030796 0.015849 0.000962 0.271700 0.009800 2.520452
0.636933 0.034070 0.030803 0.015822 0.000955 0.271596 0.009820 2.523733
0.636957 0.034030 0.030887 0.015765 0.000951 0.271579 0.009831 2.527070
0.637051 0.034092 0.030838 0.015764 0.000956 0.271457 0.009842 2.530334
0.637091 0.034156 0.030849 0.015770 0.000953 0.271332 0.009851 2.533660
0.637249 0.034094 0.030800 0.015801 0.000945 0.271246 0.009864 2.536983
0.637358 0.034143 0.030731 0.015821 0.000945 0.271128 0.009875 2.540227
0.637517 0.034072 0.030775 0.015791 0.000941 0.271017 0.009886 2.543602
0.637599 0.034016 0.030898 0.015805 0.000944 0.270844 0.009895 2.546920
0.637718 0.033930 0.030898 0.015826 0.000942 0.270780 0.009906 2.550247
0.637741 0.033944 0.030876 0.015847 0.000955 0.270723 0.009915 2.553600
0.637761 0.033949 0.030876 0.015876 0.000966 0.270645 0.009928 2.556912
0.637831 0.033949 0.030954 0.015852 0.000960 0.270514 0.009940 2.560229
0.637843 0.033900 0.030984 0.015857 0.000961 0.270503 0.009951 2.563610
0.637935 0.033902 0.030988 0.015865 0.000952 0.270396 0.009964 2.566943
0.637975 0.033874 0.030974 0.015904 0.000948 0.270351 0.009975 2.570268
0.637977 0.033930 0.030968 0.015894 0.000951 0.270295 0.009985 2.573583
0.638101 0.033871 0.030978 0.015923 0.000949 0.270186 0.009994 2.576914
0.638211 0.033827 0.030960 0.015888 0.000956 0.270155 0.010004 2.580218
0.638307 0.033752 0.031007 0.015906 0.000958 0.270054 0.010017 2.583611
0.638369 0.033838 0.030898 0.015792 0.000956 0.270115 0.010032 2.586815
0.638558 0.033760 0.030855 0.015793 0.000963 0.270026 0.010046 2.590128
0.638552 0.033825 0.030797 0.015834 0.000960 0.269976 0.010056 2.593404
0.638681 0.033895 0.030672 0.015795 0.000959 0.269933 0.010065 2.596628
0.638750 0.033849 0.030680 0.015856 0.000960 0.269828 0.010078 2.600023
0.638850 0.033797 0.030707 0.015869 0.000960 0.269727 0.010092 2.603360
0.638923 0.033793 0.030777 0.015863 0.000964 0.269577 0.010103 2.606702
0.638969 0.033857 0.030699 0.015898 0.000960 0.269503 0.010114 2.609955
0.638925 0.033917 0.030801 0.015844 0.000950 0.269438 0.010126 2.613276
0.638943 0.033967 0.030797 0.015823 0.000953 0.269381 0.010136 2.616594
0.639039 0.033892 0.030818 0.015848 0.000960 0.269293 0.010150 2.619929
0.639152 0.033853 0.030853 0.015830 0.000959 0.269189 0.010165 2.623290
0.639195 0.033869 0.030797 0.015822 0.000957 0.269186 0.010174 2.626573
0.639120 0.033945 0.030751 0.015835 0.000952 0.269211 0.010186 2.629900
0.639129 0.033954 0.030801 0.015818 0.000950 0.269152 0.010196 2.633238
0.639115 0.034092 0.030798 0.015742 0.000964 0.269079 0.010211 2.636492
0.639155 0.034089 0.030765 0.015773 0.000965 0.269034 0.010220 2.639804
0.639254 0.034022 0.030702 0.015747 0.000967 0.269075 0.010234 2.643158
0.639234 0.034043 0.030705 0.015769 0.000970 0.269034 0.010245 2.646516
0.639273 0.034020 0.030708 0.015797 0.000976 0.268970 0.010257 2.649835
0.639281 0.033959 0.030751 0.015866 0.000973 0.268898 0.010271 2.653239
0.639397 0.033895 0.030785 0.015874 0.000965 0.268804 0.010281 2.656609
0.639449 0.034024 0.030743 0.015843 0.000956 0.268688 0.010297 2.659814
0.639415 0.034049 0.030763 0.015835 0.000951 0.268671 0.010316 2.663150
0.639349 0.034130 0.030809 0.015831 0.000956 0.268596 0.010329 2.666485
0.639316 0.034163 0.030794 0.015829 0.000947 0.268608 0.010343 2.669794
0.639257 0.034230 0.030778 0.015833 0.000949 0.268600 0.010353 2.673101
0.639383 0.034170 0.030836 0.015818 0.000947 0.268485 0.010361 2.676450
0.639428 0.034203 0.030771 0.015859 0.000961 0.268408 0.010370 2.679751
0.639483 0.034218 0.030798 0.015878 0.000965 0.268278 0.010380 2.683072
0.639570 0.034121 0.030802 0.015924 0.000962 0.268230 0.010391 2.686440
0.639580 0.034054 0.030812 0.015958 0.000956 0.268235 0.010406 2.689835
0.639546 0.034047 0.030883 0.015976 0.000958 0.268172 0.010418 2.693203
0.639539 0.034026 0.030891 0.016007 0.000963 0.268145 0.010429 2.696564
0.639565 0.033964 0.030904 0.016002 0.000958 0.268157 0.010450 2.699929
0.639591 0.033969 0.030912 0.015977 0.000956 0.268131 0.010464 2.703240
0.639653 0.033966 0.030894 0.015972 0.000963 0.268078 0.010476 2.706526
0.639669 0.034006 0.030927 0.015890 0.000961 0.268059 0.010489 2.709803
0.639649 0.034010 0.030971 0.015917 0.000969 0.267986 0.010497 2.713159
0.639670 0.034002 0.030999 0.015915 0.000966 0.267943 0.010506 2.716534
0.639700 0.033980 0.031044 0.015942 0.000965 0.267848 0.010521 2.719893
0.639748 0.034014 0.030982 0.015906 0.000969 0.267846 0.010536 2.723193
0.639669 0.034127 0.030942 0.015878 0.000965 0.267875 0.010545 2.726507
0.639667 0.034143 0.031030 0.015909 0.000971 0.267725 0.010556 2.729892
0.639553 0.034254 0.030961 0.015948 0.000980 0.267738 0.010565 2.733217
0.639559 0.034262 0.030925 0.015944 0.000982 0.267753 0.010576 2.736571
0.639514 0.034295 0.030871 0.015964 0.000990 0.267778 0.010589 2.739883
0.639457 0.034303 0.030897 0.015964 0.000982 0.267797 0.010602 2.743212
0.639503 0.034254 0.030890 0.015910 0.000986 0.267846 0.010612 2.746556
0.639445 0.034248 0.030940 0.015902 0.000996 0.267847 0.010623 2.749909
0.639537 0.034203 0.030948 0.015924 0.000991 0.267766 0.010632 2.753270
0.639530 0.034316 0.030886 0.015902 0.000980 0.267745 0.010643 2.756539
0.639547 0.034241 0.030931 0.015907 0.000983 0.267739 0.010654 2.759952
0.639473 0.034308 0.030898 0.015914 0.000987 0.267759 0.010661 2.763259
0.639414 0.034263 0.030896 0.015914 0.000972 0.267865 0.010675 2.766658
0.639458 0.034205 0.030915 0.015884 0.000974 0.267876 0.010690 2.769997
0.639509 0.034104 0.030926 0.015907 0.000969 0.267883 0.010703 2.773405
0.639509 0.034062 0.030965 0.015895 0.000977 0.267882 0.010711 2.776781
0.639552 0.034050 0.030936 0.015957 0.000979 0.267801 0.010725 2.780115
0.639573 0.034027 0.030973 0.015958 0.000981 0.267753 0.010736 2.783453
0.639641 0.033976 0.030969 0.016006 0.000977 0.267685 0.010746 2.786806
0.639686 0.033934 0.030932 0.015983 0.000979 0.267731 0.010755 2.790115
0.639692 0.033926 0.030965 0.016029 0.000981 0.267642 0.010765 2.793502
0.639744 0.033856 0.030983 0.016042 0.000978 0.267623 0.010775 2.796869
0.639678 0.033932 0.030952 0.015951 0.000967 0.267735 0.010786 2.800139
0.639644 0.033941 0.030911 0.015981 0.000966 0.267765 0.010792 2.803470
0.639686 0.033900 0.030819 0.015942 0.000963 0.267881 0.010808 2.806778
0.639844 0.033773 0.030771 0.015960 0.000972 0.267863 0.010818 2.810142
0.639939 0.033694 0.030852 0.015925 0.000977 0.267781 0.010833 2.813501
0.639972 0.033676 0.030851 0.015890 0.000977 0.267792 0.010843 2.816762
0.640002 0.033599 0.030804 0.015950 0.000970 0.267819 0.010857 2.820125
0.640124 0.033520 0.030798 0.015933 0.000967 0.267789 0.010871 2.823462
0.640088 0.033565 0.030733 0.015934 0.000971 0.267828 0.010881 2.826713
0.640211 0.033504 0.030734 0.015917 0.000972 0.267773 0.010890 2.830000
0.640355 0.033543 0.030707 0.015894 0.000973 0.267626 0.010904 2.833225
0.640508 0.033511 0.030667 0.015845 0.000968 0.267587 0.010914 2.836459
0.640478 0.033525 0.030611 0.015835 0.000973 0.267653 0.010925 2.839774
0.640447 0.033543 0.030673 0.015831 0.000974 0.267599 0.010934 2.843084
0.640582 0.033513 0.030707 0.015829 0.000968 0.267452 0.010950 2.846386
0.640598 0.033660 0.030602 0.015822 0.000968 0.267388 0.010963 2.849575
0.640646 0.033648 0.030639 0.015865 0.000960 0.267265 0.010977 2.852880
0.640602 0.033752 0.030657 0.015835 0.000960 0.267205 0.010989 2.856133
0.640623 0.033784 0.030660 0.015810 0.000959 0.267166 0.010998 2.859435
0.640712 0.033706 0.030645 0.015798 0.000966 0.267162 0.011011 2.862764
0.640805 0.033712 0.030552 0.015832 0.000959 0.267115 0.011025 2.866050
0.640802 0.033727 0.030602 0.015833 0.000952 0.267047 0.011037 2.869335
0.640848 0.033738 0.030602 0.015817 0.000948 0.267000 0.011049 2.872609
0.640918 0.033750 0.030583 0.015840 0.000939 0.266905 0.011064 2.875863
0.641014 0.033780 0.030543 0.015785 0.000937 0.266863 0.011077 2.879090
0.641035 0.033774 0.030516 0.015789 0.000931 0.266866 0.011089 2.882395
0.640975 0.033806 0.030552 0.015763 0.000919 0.266885 0.011102 2.885703
0.641030 0.033712 0.030622 0.015786 0.000914 0.266824 0.011112 2.889082
0.641105 0.033683 0.030614 0.015741 0.000914 0.266823 0.011121 2.892405
0.641147 0.033703 0.030596 0.015739 0.000921 0.266764 0.011130 2.895705
0.641089 0.033669 0.030669 0.015748 0.000918 0.266763 0.011144 2.899036
0.641218 0.033595 0.030683 0.015736 0.000912 0.266699 0.011156 2.902368
0.641275 0.033515 0.030663 0.015762 0.000917 0.266703 0.011164 2.905660
0.641346 0.033476 0.030684 0.015742 0.000918 0.266658 0.011176 2.908952
0.641407 0.033532 0.030669 0.015709 0.000920 0.266576 0.011186 2.912168
0.641458 0.033646 0.030607 0.015631 0.000919 0.266538 0.011201 2.915371
0.641522 0.033653 0.030567 0.015662 0.000926 0.266457 0.011214 2.918690
0.641619 0.033621 0.030571 0.015653 0.000915 0.266393 0.011229 2.921989
0.641783 0.033550 0.030529 0.015676 0.000920 0.266304 0.011238 2.925243
0.641804 0.033528 0.030558 0.015717 0.000921 0.266225 0.011248 2.928562
0.641718 0.033553 0.030542 0.015744 0.000913 0.266272 0.011258 2.931885
0.641662 0.033664 0.030541 0.015675 0.000910 0.266277 0.011271 2.935159
0.641705 0.033621 0.030505 0.015744 0.000912 0.266226 0.011285 2.938485
0.641772 0.033637 0.030518 0.015708 0.000910 0.266159 0.011296 2.941744
0.641765 0.033686 0.030500 0.015663 0.000912 0.266166 0.011308 2.945021
0.641914 0.033653 0.030536 0.015694 0.000902 0.265979 0.011323 2.948320
0.641976 0.033639 0.030529 0.015655 0.000896 0.265967 0.011339 2.951605
0.642042 0.033605 0.030565 0.015624 0.000900 0.265915 0.011349 2.954915
0.642094 0.033548 0.030641 0.015611 0.000901 0.265847 0.011358 2.958245
0.642108 0.033546 0.030614 0.015631 0.000903 0.265829 0.011370 2.961526
0.642141 0.033580 0.030591 0.015651 0.000904 0.265753 0.011380 2.964809
0.642159 0.033516 0.030662 0.015641 0.000903 0.265728 0.011392 2.968170
0.642115 0.033604 0.030571 0.015659 0.000900 0.265744 0.011407 2.971420
0.642139 0.033628 0.030520 0.015659 0.000898 0.265738 0.011418 2.974647
0.642153 0.033597 0.030513 0.015657 0.000901 0.265751 0.011428 2.977958
0.642241 0.033507 0.030547 0.015719 0.000905 0.265641 0.011439 2.981267
0.642312 0.033489 0.030558 0.015663 0.000921 0.265608 0.011449 2.984559
0.642291 0.033521 0.030553 0.015672 0.000917 0.265591 0.011456 2.987837
0.642227 0.033591 0.030567 0.015638 0.000915 0.265594 0.011469 2.991141
0.642202 0.033629 0.030592 0.015583 0.000913 0.265598 0.011484 2.994476
0.642221 0.033684 0.030537 0.015619 0.000911 0.265535 0.011494 2.997740
0.642127 0.033773 0.030520 0.015650 0.000919 0.265507 0.011505 3.001077
0.642101 0.033777 0.030595 0.015674 0.000924 0.265415 0.011516 3.004433
0.642076 0.033790 0.030565 0.015753 0.000921 0.265365 0.011530 3.007765
0.642104 0.033784 0.030592 0.015754 0.000913 0.265313 0.011541 3.011093
0.642052 0.033888 0.030624 0.015667 0.000925 0.265295 0.011551 3.014358
0.642055 0.033808 0.030576 0.015708 0.000927 0.265364 0.011563 3.017688
0.642026 0.033855 0.030516 0.015641 0.000924 0.265464 0.011574 3.020904
0.641985 0.033790 0.030567 0.015669 0.000927 0.265477 0.011584 3.024233
0.642005 0.033774 0.030554 0.015666 0.000933 0.265476 0.011593 3.027536
0.642065 0.033729 0.030547 0.015632 0.000934 0.265488 0.011605 3.030794
0.642127 0.033685 0.030570 0.015666 0.000930 0.265406 0.011617 3.034125
0.642131 0.033745 0.030554 0.015666 0.000925 0.265352 0.011629 3.037414
0.642099 0.033882 0.030533 0.015649 0.000927 0.265271 0.011640 3.040677
0.641993 0.033963 0.030563 0.015635 0.000923 0.265271 0.011652 3.043956
0.641977 0.034026 0.030529 0.015661 0.000919 0.265227 0.011661 3.047254
0.641977 0.034016 0.030607 0.015655 0.000928 0.265146 0.011670 3.050609
0.642032 0.033902 0.030672 0.015709 0.000928 0.265073 0.011684 3.053969
0.641939 0.034029 0.030658 0.015706 0.000932 0.265041 0.011695 3.057247
0.641827 0.034114 0.030669 0.015705 0.000928 0.265048 0.011709 3.060560
0.641764 0.034153 0.030674 0.015732 0.000933 0.265027 0.011717 3.063904
0.641850 0.034077 0.030784 0.015772 0.000937 0.264854 0.011728 3.067286
0.641748 0.034085 0.030861 0.015778 0.000947 0.264844 0.011738 3.070690
0.641673 0.034148 0.030899 0.015764 0.000962 0.264801 0.011751 3.074022
0.641693 0.034144 0.030948 0.015764 0.000961 0.264728 0.011761 3.077390
0.641550 0.034169 0.030928 0.015762 0.000965 0.264854 0.011772 3.080737
0.641559 0.034236 0.030893 0.015757 0.000959 0.264809 0.011787 3.084031
0.641478 0.034315 0.030894 0.015764 0.000955 0.264800 0.011794 3.087320
0.641401 0.034267 0.030919 0.015789 0.000955 0.264867 0.011802 3.090698
0.641487 0.034118 0.031027 0.015819 0.000964 0.264775 0.011809 3.094113
0.641376 0.034179 0.030988 0.015858 0.000956 0.264819 0.011825 3.097415
0.641454 0.034158 0.030950 0.015779 0.000956 0.264867 0.011837 3.100704
0.641370 0.034178 0.030893 0.015753 0.000954 0.265002 0.011851 3.104017
0.641318 0.034191 0.030864 0.015754 0.000942 0.265060 0.011872 3.107330
0.641265 0.034159 0.030952 0.015771 0.000947 0.265019 0.011886 3.110712
0.641317 0.034073 0.030891 0.015804 0.000956 0.265065 0.011895 3.114046
0.641365 0.034109 0.030932 0.015779 0.000958 0.264952 0.011905 3.117379
0.641394 0.034140 0.030890 0.015804 0.000947 0.264909 0.011916 3.120656
0.641445 0.034051 0.030878 0.015823 0.000939 0.264930 0.011933 3.124037
0.641419 0.034078 0.030817 0.015831 0.000936 0.264972 0.011946 3.127343
0.641393 0.034105 0.030860 0.015858 0.000941 0.264885 0.011958 3.130654
0.641404 0.034068 0.030852 0.015924 0.000939 0.264846 0.011968 3.134018
0.641376 0.034024 0.030865 0.015874 0.000931 0.264948 0.011982 3.137413
0.641397 0.033951 0.030829 0.015919 0.000923 0.264990 0.011992 3.140732
0.641416 0.033942 0.030827 0.015919 0.000927 0.264969 0.012000 3.144060
0.641468 0.033926 0.030869 0.015881 0.000927 0.264920 0.012009 3.147385
0.641504 0.033891 0.030891 0.015849 0.000930 0.264914 0.012020 3.150677
0.641459 0.033953 0.030843 0.015868 0.000926 0.264921 0.012031 3.153945
0.641446 0.033907 0.030867 0.015900 0.000923 0.264914 0.012043 3.157288
0.641437 0.033991 0.030815 0.015900 0.000932 0.264877 0.012049 3.160536
0.641487 0.033984 0.030794 0.015870 0.000941 0.264865 0.012058 3.163817
0.641460 0.033885 0.030861 0.015866 0.000951 0.264910 0.012067 3.167238
0.641520 0.033774 0.030898 0.015889 0.000958 0.264884 0.012077 3.170578
0.641476 0.033775 0.030830 0.015872 0.000958 0.264998 0.012091 3.173877
0.641515 0.033703 0.030829 0.015881 0.000966 0.265006 0.012100 3.177191
0.641537 0.033709 0.030817 0.015876 0.000955 0.264993 0.012114 3.180479
0.641531 0.033724 0.030796 0.015912 0.000962 0.264951 0.012124 3.183818
0.641632 0.033677 0.030815 0.015869 0.000957 0.264915 0.012137 3.187129
0.641579 0.033746 0.030746 0.015819 0.000951 0.265008 0.012151 3.190386
0.641594 0.033673 0.030805 0.015807 0.000943 0.265015 0.012163 3.193725
0.641642 0.033583 0.030885 0.015796 0.000942 0.264977 0.012174 3.197104
0.641648 0.033545 0.030867 0.015828 0.000941 0.264992 0.012179 3.200460
0.641660 0.033566 0.030882 0.015737 0.000941 0.265023 0.012192 3.203717
0.641670 0.033591 0.030854 0.015685 0.000947 0.265049 0.012204 3.206972
0.641655 0.033618 0.030796 0.015686 0.000945 0.265087 0.012213 3.210216
0.641743 0.033676 0.030681 0.015629 0.000947 0.265098 0.012226 3.213451
0.641808 0.033608 0.030670 0.015616 0.000955 0.265110 0.012234 3.216757
0.641763 0.033644 0.030659 0.015613 0.000960 0.265114 0.012246 3.220063
0.641755 0.033659 0.030623 0.015598 0.000961 0.265147 0.012257 3.223371
0.641820 0.033620 0.030599 0.015606 0.000962 0.265126 0.012266 3.226698
0.641682 0.033626 0.030649 0.015608 0.000964 0.265193 0.012277 3.230043
0.641558 0.033718 0.030614 0.015623 0.000971 0.265231 0.012286 3.233376
0.641611 0.033700 0.030591 0.015585 0.000970 0.265242 0.012299 3.236650
0.641525 0.033766 0.030555 0.015575 0.000958 0.265305 0.012316 3.239917
0.641641 0.033723 0.030552 0.015570 0.000960 0.265220 0.012333 3.243211
0.641682 0.033692 0.030614 0.015558 0.000940 0.265166 0.012348 3.246494
0.641680 0.033693 0.030631 0.015590 0.000934 0.265112 0.012360 3.249803
0.641702 0.033719 0.030661 0.015594 0.000926 0.265023 0.012375 3.253059
0.641766 0.033685 0.030611 0.015591 0.000932 0.265026 0.012389 3.256306
0.641823 0.033638 0.030578 0.015595 0.000927 0.265035 0.012405 3.259606
0.641804 0.033567 0.030629 0.015607 0.000924 0.265057 0.012412 3.262939
0.641812 0.033612 0.030594 0.015619 0.000919 0.265020 0.012426 3.266234
0.641760 0.033693 0.030515 0.015599 0.000922 0.265073 0.012438 3.269472
0.641704 0.033637 0.030623 0.015595 0.000917 0.265076 0.012448 3.272827
0.641733 0.033601 0.030647 0.015613 0.000916 0.265025 0.012465 3.276142
0.641618 0.033645 0.030669 0.015661 0.000922 0.265012 0.012474 3.279460
0.641598 0.033578 0.030690 0.015714 0.000915 0.265010 0.012493 3.282813
0.641686 0.033544 0.030704 0.015676 0.000922 0.264965 0.012503 3.286072
0.641683 0.033509 0.030774 0.015671 0.000930 0.264919 0.012514 3.289436
0.641636 0.033552 0.030736 0.015627 0.000922 0.265000 0.012527 3.292697
0.641616 0.033505 0.030711 0.015624 0.000926 0.265085 0.012534 3.296041
0.641628 0.033505 0.030674 0.015643 0.000915 0.265088 0.012548 3.299344
0.641614 0.033544 0.030698 0.015655 0.000906 0.265019 0.012564 3.302647
0.641632 0.033471 0.030753 0.015683 0.000910 0.264979 0.012573 3.306010
0.641679 0.033499 0.030756 0.015647 0.000917 0.264915 0.012586 3.309265
0.641748 0.033469 0.030777 0.015596 0.000920 0.264891 0.012598 3.312566
0.641783 0.033450 0.030750 0.015573 0.000914 0.264920 0.012611 3.315835
0.641849 0.033420 0.030685 0.015536 0.000924 0.264967 0.012618 3.319089
0.641795 0.033466 0.030645 0.015555 0.000929 0.264983 0.012627 3.322365
0.641710 0.033545 0.030610 0.015540 0.000929 0.265024 0.012641 3.325660
0.641762 0.033583 0.030599 0.015528 0.000930 0.264947 0.012653 3.328921
0.641783 0.033509 0.030632 0.015533 0.000933 0.264944 0.012667 3.332255
0.641845 0.033495 0.030623 0.015561 0.000924 0.264866 0.012684 3.335534
0.641896 0.033489 0.030625 0.015557 0.000926 0.264812 0.012696 3.338799
0.641995 0.033465 0.030642 0.015544 0.000934 0.264712 0.012709 3.342035
0.641933 0.033484 0.030717 0.015567 0.000937 0.264643 0.012720 3.345361
0.641931 0.033486 0.030724 0.015602 0.000932 0.264589 0.012735 3.348665
0.641927 0.033502 0.030719 0.015583 0.000927 0.264592 0.012749 3.351980
0.641950 0.033559 0.030662 0.015542 0.000928 0.264599 0.012760 3.355237
0.641931 0.033527 0.030691 0.015563 0.000936 0.264583 0.012771 3.358569
0.641985 0.033401 0.030714 0.015540 0.000929 0.264648 0.012784 3.361925
0.642043 0.033428 0.030588 0.015553 0.000928 0.264666 0.012795 3.365169
0.642108 0.033429 0.030477 0.015578 0.000938 0.264664 0.012805 3.368429
0.642250 0.033377 0.030538 0.015538 0.000936 0.264543 0.012816 3.371729
0.642225 0.033441 0.030478 0.015485 0.000936 0.264611 0.012824 3.374933
0.642311 0.033436 0.030434 0.015473 0.000937 0.264568 0.012840 3.378208
0.642368 0.033449 0.030427 0.015511 0.000933 0.264458 0.012854 3.381495
0.642390 0.033536 0.030422 0.015441 0.000939 0.264404 0.012867 3.384747
0.642397 0.033509 0.030439 0.015464 0.000944 0.264369 0.012879 3.388066
0.642347 0.033547 0.030402 0.015520 0.000946 0.264347 0.012890 3.391403
0.642440 0.033585 0.030385 0.015474 0.000953 0.264268 0.012897 3.394633
0.642439 0.033643 0.030355 0.015469 0.000954 0.264233 0.012907 3.397864
0.642490 0.033622 0.030334 0.015456 0.000953 0.264225 0.012921 3.401164
0.642372 0.033675 0.030387 0.015465 0.000950 0.264216 0.012936 3.404476
0.642289 0.033726 0.030420 0.015430 0.000946 0.264240 0.012949 3.407757
0.642409 0.033579 0.030502 0.015483 0.000952 0.264115 0.012959 3.411138
0.642296 0.033683 0.030458 0.015524 0.000955 0.264112 0.012971 3.414428
0.642303 0.033784 0.030379 0.015509 0.000953 0.264088 0.012983 3.417651
