0.369374 0.061385 0.054803 0.031548 0.001985 0.475285 0.005622 1.552843
0.371697 0.059112 0.054685 0.031428 0.002000 0.475433 0.005645 1.558758
0.374696 0.056370 0.054500 0.031120 0.001994 0.475643 0.005677 1.564411
0.378228 0.053504 0.054198 0.030682 0.001996 0.475691 0.005700 1.569806
0.382005 0.050497 0.053653 0.030310 0.001996 0.475805 0.005734 1.574964
0.386076 0.047634 0.052945 0.029796 0.001998 0.475795 0.005756 1.579745
0.390372 0.044785 0.052210 0.029247 0.002007 0.475599 0.005780 1.584267
0.394670 0.042184 0.051359 0.028562 0.002008 0.475412 0.005806 1.588487
0.399106 0.039642 0.050371 0.027912 0.002007 0.475131 0.005831 1.592515
0.403699 0.037223 0.049338 0.027217 0.002015 0.474654 0.005855 1.596315
0.408337 0.035036 0.048176 0.026531 0.001994 0.474043 0.005882 1.599819
0.412990 0.032943 0.047034 0.025764 0.001974 0.473386 0.005908 1.603143
0.417637 0.030983 0.045808 0.024973 0.001969 0.472707 0.005924 1.606300
0.422501 0.029051 0.044595 0.024198 0.001974 0.471739 0.005943 1.609315
0.427339 0.027250 0.043353 0.023448 0.001960 0.470677 0.005973 1.612156
0.432204 0.025661 0.042026 0.022687 0.001948 0.469475 0.005999 1.614743
0.437058 0.024191 0.040687 0.021946 0.001949 0.468149 0.006021 1.617195
0.442032 0.022785 0.039332 0.021191 0.001934 0.466687 0.006040 1.619503
0.447002 0.021506 0.038117 0.020336 0.001914 0.465057 0.006068 1.621675
0.452007 0.020299 0.036761 0.019631 0.001900 0.463308 0.006094 1.623742
0.456980 0.019178 0.035442 0.018910 0.001865 0.461507 0.006119 1.625693
0.461949 0.018138 0.034182 0.018166 0.001850 0.459576 0.006139 1.627533
0.466983 0.017190 0.032897 0.017449 0.001821 0.457502 0.006159 1.629240
0.471964 0.016230 0.031718 0.016805 0.001794 0.455307 0.006182 1.630916
0.476910 0.015429 0.030503 0.016160 0.001757 0.453040 0.006203 1.632442
0.481883 0.014637 0.029309 0.015477 0.001743 0.450727 0.006223 1.633906
0.486854 0.013888 0.028187 0.014869 0.001713 0.448243 0.006245 1.635315
0.491837 0.013191 0.027123 0.014268 0.001674 0.445640 0.006268 1.636646
0.496801 0.012518 0.026151 0.013715 0.001658 0.442873 0.006286 1.637915
0.501654 0.011956 0.025076 0.013190 0.001632 0.440187 0.006306 1.639093
0.506627 0.011417 0.024093 0.012661 0.001593 0.437281 0.006327 1.640237
0.511529 0.010939 0.023126 0.012155 0.001552 0.434347 0.006351 1.641317
0.516391 0.010487 0.022165 0.011636 0.001522 0.431429 0.006371 1.642331
0.521228 0.010030 0.021239 0.011183 0.001487 0.428442 0.006391 1.643329
0.526048 0.009615 0.020420 0.010697 0.001463 0.425348 0.006410 1.644294
0.530871 0.009223 0.019599 0.010247 0.001423 0.422206 0.006431 1.645207
0.535683 0.008817 0.018811 0.009828 0.001386 0.419022 0.006452 1.646091
0.540420 0.008436 0.018080 0.009395 0.001350 0.415845 0.006475 1.646965
0.545121 0.008118 0.017345 0.008992 0.001312 0.412612 0.006499 1.647767
0.549906 0.007777 0.016686 0.008623 0.001289 0.409200 0.006517 1.648537
0.554609 0.007510 0.015990 0.008268 0.001260 0.405824 0.006537 1.649298
0.559265 0.007230 0.015369 0.007931 0.001234 0.402415 0.006556 1.650019
0.563818 0.006971 0.014776 0.007615 0.001203 0.399048 0.006570 1.650715
0.568342 0.006752 0.014169 0.007299 0.001174 0.395681 0.006585 1.651367
0.572845 0.006525 0.013616 0.007020 0.001144 0.392253 0.006597 1.652019
0.577233 0.006286 0.013125 0.006749 0.001113 0.388880 0.006614 1.652654
0.581715 0.006070 0.012584 0.006472 0.001091 0.385438 0.006631 1.653248
0.586105 0.005860 0.012077 0.006193 0.001074 0.382048 0.006644 1.653831
0.590486 0.005669 0.011622 0.005933 0.001044 0.378586 0.006660 1.654384
0.594818 0.005542 0.011179 0.005692 0.001017 0.375080 0.006673 1.654903
0.599017 0.005393 0.010707 0.005463 0.000991 0.371743 0.006687 1.655429
0.603204 0.005240 0.010295 0.005272 0.000967 0.368322 0.006700 1.655949
0.607376 0.005095 0.009924 0.005077 0.000955 0.364862 0.006712 1.656434
0.611594 0.004912 0.009586 0.004869 0.000926 0.361389 0.006724 1.656949
0.615717 0.004767 0.009255 0.004651 0.000908 0.357966 0.006735 1.657417
0.619746 0.004632 0.008931 0.004479 0.000886 0.354578 0.006748 1.657881
0.623862 0.004486 0.008616 0.004321 0.000869 0.351088 0.006759 1.658360
0.628008 0.004364 0.008279 0.004203 0.000842 0.347533 0.006772 1.658795
0.631960 0.004272 0.007970 0.004030 0.000819 0.344163 0.006785 1.659202
0.635915 0.004182 0.007702 0.003879 0.000801 0.340725 0.006796 1.659619
0.639910 0.004057 0.007445 0.003757 0.000778 0.337247 0.006808 1.660038
0.643855 0.003953 0.007191 0.003634 0.000763 0.333791 0.006815 1.660434
0.647656 0.003874 0.006924 0.003487 0.000744 0.330492 0.006823 1.660807
0.651544 0.003760 0.006720 0.003385 0.000716 0.327042 0.006833 1.661201
0.655287 0.003675 0.006473 0.003283 0.000690 0.323745 0.006847 1.661565
0.659045 0.003565 0.006265 0.003201 0.000669 0.320398 0.006857 1.661942
0.662818 0.003461 0.006060 0.003105 0.000651 0.317040 0.006865 1.662302
0.666431 0.003383 0.005876 0.003005 0.000637 0.313798 0.006872 1.662636
0.670084 0.003335 0.005670 0.002895 0.000622 0.310514 0.006881 1.662957
0.673656 0.003267 0.005480 0.002790 0.000610 0.307308 0.006889 1.663278
0.677232 0.003195 0.005293 0.002710 0.000593 0.304080 0.006896 1.663585
0.680732 0.003107 0.005132 0.002635 0.000578 0.300915 0.006902 1.663905
0.684230 0.003031 0.004977 0.002549 0.000559 0.297741 0.006914 1.664222
0.687707 0.002977 0.004839 0.002460 0.000541 0.294554 0.006923 1.664525
0.691096 0.002929 0.004687 0.002380 0.000527 0.291453 0.006929 1.664805
0.694437 0.002853 0.004554 0.002315 0.000507 0.288399 0.006936 1.665108
0.697773 0.002800 0.004417 0.002245 0.000500 0.285324 0.006941 1.665394
0.701057 0.002762 0.004279 0.002185 0.000488 0.282280 0.006950 1.665644
0.704346 0.002716 0.004158 0.002118 0.000475 0.279230 0.006958 1.665904
0.707612 0.002639 0.004071 0.002051 0.000454 0.276207 0.006967 1.666184
0.710830 0.002584 0.003981 0.001985 0.000439 0.273207 0.006974 1.666447
0.713964 0.002553 0.003838 0.001933 0.000430 0.270303 0.006979 1.666691
0.717099 0.002510 0.003730 0.001878 0.000420 0.267382 0.006983 1.666940
0.720256 0.002476 0.003617 0.001826 0.000408 0.264427 0.006990 1.667186
0.723315 0.002439 0.003527 0.001776 0.000397 0.261553 0.006995 1.667433
0.726385 0.002423 0.003423 0.001740 0.000387 0.258644 0.006999 1.667663
0.729417 0.002395 0.003338 0.001689 0.000380 0.255778 0.007004 1.667904
0.732397 0.002355 0.003272 0.001645 0.000374 0.252950 0.007009 1.668149
0.735307 0.002325 0.003169 0.001614 0.000365 0.250207 0.007013 1.668371
0.738246 0.002279 0.003121 0.001573 0.000354 0.247410 0.007017 1.668603
0.741155 0.002270 0.003051 0.001536 0.000345 0.244621 0.007023 1.668819
0.743983 0.002249 0.002995 0.001506 0.000334 0.241905 0.007029 1.669040
0.746763 0.002227 0.002931 0.001478 0.000329 0.239240 0.007032 1.669246
0.749651 0.002189 0.002863 0.001448 0.000323 0.236490 0.007037 1.669454
0.752374 0.002189 0.002810 0.001419 0.000313 0.233855 0.007041 1.669655
0.755088 0.002164 0.002749 0.001386 0.000305 0.231265 0.007044 1.669866
0.757746 0.002134 0.002696 0.001353 0.000295 0.228729 0.007049 1.670083
0.760376 0.002106 0.002634 0.001331 0.000287 0.226213 0.007054 1.670289
0.762974 0.002098 0.002589 0.001307 0.000278 0.223699 0.007056 1.670486
0.765543 0.002068 0.002549 0.001277 0.000272 0.221232 0.007061 1.670690
0.768057 0.002041 0.002497 0.001272 0.000267 0.218800 0.007066 1.670902
0.770630 0.001982 0.002469 0.001241 0.000257 0.216353 0.007070 1.671119
0.773156 0.001942 0.002418 0.001223 0.000250 0.213937 0.007075 1.671321
0.775685 0.001902 0.002388 0.001201 0.000244 0.211504 0.007077 1.671520
0.778157 0.001874 0.002358 0.001189 0.000237 0.209104 0.007081 1.671701
0.780604 0.001861 0.002301 0.001168 0.000227 0.206754 0.007086 1.671880
0.782992 0.001841 0.002266 0.001141 0.000219 0.204453 0.007089 1.672067
0.785403 0.001788 0.002248 0.001122 0.000211 0.202131 0.007098 1.672266
0.787806 0.001768 0.002201 0.001102 0.000203 0.199820 0.007102 1.672441
0.790129 0.001725 0.002175 0.001089 0.000195 0.197584 0.007105 1.672625
0.792421 0.001727 0.002120 0.001064 0.000188 0.195373 0.007108 1.672782
0.794633 0.001705 0.002086 0.001059 0.000183 0.193224 0.007111 1.672960
0.796926 0.001687 0.002043 0.001036 0.000176 0.191018 0.007114 1.673118
0.799184 0.001668 0.002015 0.001029 0.000173 0.188815 0.007117 1.673287
0.801426 0.001650 0.001972 0.001013 0.000167 0.186652 0.007120 1.673454
0.803610 0.001619 0.001949 0.001002 0.000162 0.184535 0.007123 1.673632
0.805743 0.001587 0.001919 0.000978 0.000156 0.182494 0.007125 1.673791
0.807802 0.001566 0.001872 0.000968 0.000151 0.180514 0.007128 1.673945
0.809900 0.001544 0.001841 0.000955 0.000149 0.178482 0.007128 1.674100
0.812064 0.001501 0.001836 0.000945 0.000146 0.176377 0.007131 1.674270
0.814127 0.001479 0.001799 0.000933 0.000144 0.174386 0.007132 1.674418
0.816136 0.001458 0.001762 0.000916 0.000140 0.172453 0.007135 1.674566
0.818100 0.001450 0.001734 0.000906 0.000137 0.170538 0.007135 1.674717
0.820137 0.001422 0.001704 0.000904 0.000129 0.168564 0.007140 1.674868
0.822109 0.001417 0.001684 0.000867 0.000130 0.166651 0.007141 1.674997
0.824036 0.001424 0.001649 0.000849 0.000130 0.164770 0.007143 1.675130
0.825980 0.001421 0.001612 0.000839 0.000122 0.162880 0.007145 1.675264
0.827850 0.001432 0.001586 0.000823 0.000120 0.161042 0.007147 1.675398
0.829668 0.001450 0.001550 0.000802 0.000116 0.159266 0.007149 1.675528
0.831531 0.001437 0.001519 0.000810 0.000112 0.157441 0.007151 1.675676
0.833376 0.001425 0.001507 0.000796 0.000110 0.155634 0.007152 1.675813
0.835129 0.001423 0.001492 0.000780 0.000105 0.153918 0.007154 1.675941
0.836916 0.001406 0.001478 0.000771 0.000100 0.152172 0.007157 1.676068
0.838650 0.001408 0.001448 0.000766 0.000100 0.150470 0.007158 1.676198
0.840355 0.001410 0.001442 0.000750 0.000099 0.148784 0.007159 1.676329
0.842092 0.001399 0.001427 0.000748 0.000098 0.147077 0.007160 1.676468
0.843778 0.001396 0.001409 0.000740 0.000092 0.145425 0.007161 1.676603
0.845413 0.001389 0.001388 0.000730 0.000093 0.143825 0.007162 1.676735
0.847033 0.001375 0.001366 0.000733 0.000093 0.142238 0.007163 1.676872
0.848684 0.001362 0.001377 0.000730 0.000092 0.140590 0.007165 1.677011
0.850306 0.001363 0.001361 0.000726 0.000089 0.138987 0.007167 1.677130
0.851956 0.001338 0.001347 0.000713 0.000088 0.137389 0.007169 1.677267
0.853504 0.001311 0.001337 0.000712 0.000086 0.135881 0.007169 1.677406
0.855027 0.001306 0.001323 0.000708 0.000086 0.134380 0.007170 1.677532
0.856541 0.001292 0.001317 0.000698 0.000083 0.132897 0.007171 1.677664
0.858022 0.001270 0.001310 0.000697 0.000081 0.131446 0.007174 1.677801
0.859476 0.001258 0.001287 0.000691 0.000079 0.130034 0.007174 1.677928
0.861020 0.001259 0.001292 0.000688 0.000080 0.128487 0.007175 1.678057
0.862490 0.001263 0.001277 0.000692 0.000080 0.127020 0.007176 1.678177
0.863907 0.001259 0.001266 0.000687 0.000078 0.125626 0.007177 1.678300
0.865299 0.001259 0.001245 0.000691 0.000078 0.124249 0.007178 1.678426
0.866678 0.001279 0.001226 0.000676 0.000075 0.122886 0.007179 1.678532
0.868035 0.001268 0.001220 0.000674 0.000075 0.121546 0.007179 1.678656
0.869381 0.001258 0.001214 0.000670 0.000074 0.120222 0.007181 1.678786
0.870730 0.001240 0.001204 0.000676 0.000072 0.118896 0.007182 1.678908
0.872065 0.001239 0.001192 0.000668 0.000071 0.117580 0.007184 1.679025
0.873334 0.001249 0.001188 0.000653 0.000068 0.116320 0.007186 1.679144
0.874621 0.001239 0.001190 0.000650 0.000064 0.115049 0.007187 1.679269
0.875885 0.001231 0.001182 0.000647 0.000060 0.113807 0.007188 1.679392
0.877138 0.001232 0.001189 0.000627 0.000061 0.112565 0.007190 1.679508
0.878316 0.001229 0.001198 0.000632 0.000061 0.111375 0.007190 1.679640
0.879545 0.001236 0.001182 0.000628 0.000058 0.110159 0.007192 1.679753
0.880748 0.001224 0.001182 0.000630 0.000056 0.108967 0.007193 1.679882
0.881948 0.001222 0.001167 0.000634 0.000058 0.107777 0.007193 1.680001
0.883084 0.001220 0.001172 0.000629 0.000057 0.106643 0.007194 1.680130
0.884211 0.001212 0.001166 0.000614 0.000056 0.105547 0.007194 1.680251
0.885387 0.001208 0.001143 0.000606 0.000055 0.104405 0.007195 1.680355
0.886542 0.001200 0.001124 0.000604 0.000053 0.103280 0.007197 1.680469
0.887657 0.001185 0.001118 0.000598 0.000052 0.102192 0.007198 1.680583
0.888772 0.001175 0.001119 0.000595 0.000050 0.101090 0.007199 1.680703
0.889890 0.001177 0.001110 0.000583 0.000051 0.099988 0.007199 1.680816
0.890958 0.001177 0.001106 0.000579 0.000052 0.098929 0.007199 1.680928
0.892014 0.001161 0.001089 0.000579 0.000050 0.097907 0.007199 1.681051
0.893043 0.001166 0.001084 0.000579 0.000050 0.096879 0.007200 1.681162
0.894064 0.001175 0.001066 0.000579 0.000049 0.095867 0.007200 1.681262
0.895005 0.001191 0.001056 0.000579 0.000050 0.094919 0.007200 1.681372
0.895973 0.001176 0.001071 0.000568 0.000050 0.093959 0.007202 1.681489
0.896930 0.001182 0.001058 0.000577 0.000050 0.093001 0.007202 1.681602
0.897852 0.001179 0.001045 0.000574 0.000051 0.092096 0.007203 1.681716
0.898777 0.001164 0.001038 0.000571 0.000052 0.091197 0.007203 1.681829
0.899697 0.001154 0.001022 0.000578 0.000054 0.090292 0.007203 1.681935
0.900590 0.001156 0.001024 0.000573 0.000051 0.089402 0.007205 1.682051
0.901488 0.001144 0.001023 0.000575 0.000051 0.088514 0.007205 1.682162
0.902306 0.001138 0.001014 0.000577 0.000049 0.087710 0.007206 1.682270
0.903114 0.001145 0.001016 0.000565 0.000047 0.086906 0.007207 1.682377
0.903938 0.001149 0.001017 0.000558 0.000046 0.086082 0.007208 1.682483
0.904706 0.001160 0.001021 0.000549 0.000046 0.085309 0.007209 1.682596
0.905510 0.001156 0.001018 0.000545 0.000044 0.084516 0.007210 1.682696
0.906269 0.001153 0.001009 0.000550 0.000044 0.083764 0.007210 1.682809
0.907038 0.001143 0.001005 0.000547 0.000043 0.083012 0.007211 1.682921
0.907797 0.001134 0.001008 0.000551 0.000041 0.082258 0.007212 1.683040
0.908515 0.001131 0.001018 0.000548 0.000042 0.081534 0.007212 1.683154
0.909225 0.001127 0.001025 0.000534 0.000039 0.080837 0.007213 1.683261
0.909942 0.001110 0.001029 0.000539 0.000040 0.080128 0.007213 1.683382
0.910676 0.001104 0.001037 0.000533 0.000040 0.079396 0.007215 1.683495
0.911352 0.001105 0.001029 0.000525 0.000038 0.078736 0.007216 1.683598
0.912005 0.001101 0.001023 0.000518 0.000039 0.078097 0.007216 1.683712
0.912656 0.001090 0.001027 0.000520 0.000039 0.077451 0.007217 1.683828
0.913301 0.001086 0.001009 0.000520 0.000039 0.076828 0.007217 1.683930
0.913945 0.001095 0.001006 0.000526 0.000036 0.076175 0.007218 1.684034
0.914589 0.001097 0.001004 0.000532 0.000037 0.075523 0.007218 1.684146
0.915205 0.001089 0.001008 0.000535 0.000038 0.074908 0.007218 1.684258
0.915817 0.001078 0.001017 0.000538 0.000038 0.074294 0.007218 1.684373
0.916415 0.001080 0.001025 0.000530 0.000039 0.073693 0.007219 1.684477
0.916949 0.001068 0.001022 0.000530 0.000038 0.073172 0.007221 1.684590
0.917509 0.001064 0.001021 0.000530 0.000038 0.072617 0.007221 1.684693
0.918086 0.001078 0.001001 0.000525 0.000038 0.072052 0.007221 1.684790
0.918661 0.001082 0.001004 0.000529 0.000037 0.071466 0.007222 1.684896
0.919214 0.001079 0.000999 0.000537 0.000037 0.070912 0.007223 1.685002
0.919732 0.001083 0.001002 0.000530 0.000038 0.070394 0.007223 1.685107
0.920252 0.001056 0.001005 0.000530 0.000040 0.069895 0.007223 1.685222
0.920781 0.001060 0.000996 0.000528 0.000041 0.069372 0.007223 1.685328
0.921267 0.001057 0.000988 0.000533 0.000041 0.068892 0.007223 1.685437
0.921734 0.001071 0.000983 0.000523 0.000039 0.068427 0.007223 1.685526
0.922242 0.001048 0.000978 0.000523 0.000041 0.067946 0.007223 1.685631
0.922725 0.001035 0.000978 0.000528 0.000038 0.067471 0.007224 1.685737
0.923195 0.001048 0.000988 0.000521 0.000037 0.066989 0.007224 1.685837
0.923684 0.001055 0.000985 0.000518 0.000036 0.066496 0.007226 1.685944
0.924129 0.001053 0.000983 0.000523 0.000035 0.066049 0.007228 1.686053
0.924584 0.001079 0.000979 0.000517 0.000035 0.065580 0.007228 1.686138
0.925030 0.001077 0.000985 0.000509 0.000035 0.065135 0.007229 1.686243
0.925464 0.001066 0.001000 0.000511 0.000034 0.064695 0.007230 1.686358
0.925864 0.001066 0.000992 0.000518 0.000033 0.064297 0.007232 1.686463
0.926273 0.001049 0.000999 0.000516 0.000035 0.063898 0.007232 1.686574
0.926687 0.001057 0.000986 0.000511 0.000035 0.063493 0.007233 1.686671
0.927096 0.001056 0.000983 0.000514 0.000035 0.063084 0.007233 1.686771
0.927472 0.001045 0.000983 0.000517 0.000033 0.062717 0.007233 1.686882
0.927857 0.001065 0.000976 0.000511 0.000034 0.062324 0.007234 1.686979
0.928228 0.001071 0.000967 0.000508 0.000032 0.061961 0.007234 1.687074
0.928594 0.001075 0.000963 0.000496 0.000033 0.061606 0.007234 1.687164
0.928961 0.001083 0.000968 0.000499 0.000033 0.061222 0.007234 1.687276
0.929307 0.001082 0.000969 0.000499 0.000033 0.060878 0.007234 1.687378
0.929664 0.001084 0.000971 0.000503 0.000032 0.060512 0.007234 1.687491
0.930026 0.001088 0.000976 0.000505 0.000034 0.060138 0.007234 1.687596
0.930373 0.001086 0.000992 0.000498 0.000033 0.059785 0.007234 1.687708
0.930689 0.001092 0.000983 0.000505 0.000035 0.059463 0.007234 1.687814
0.931005 0.001101 0.001001 0.000495 0.000035 0.059129 0.007235 1.687920
0.931322 0.001105 0.000990 0.000500 0.000035 0.058814 0.007235 1.688030
0.931644 0.001083 0.000992 0.000504 0.000035 0.058506 0.007236 1.688144
0.931949 0.001080 0.000997 0.000512 0.000034 0.058193 0.007236 1.688255
0.932249 0.001089 0.001000 0.000504 0.000034 0.057887 0.007236 1.688360
0.932576 0.001093 0.001008 0.000501 0.000034 0.057554 0.007236 1.688459
0.932871 0.001092 0.001006 0.000500 0.000034 0.057261 0.007236 1.688566
0.933124 0.001094 0.001005 0.000508 0.000033 0.057001 0.007236 1.688676
0.933437 0.001079 0.001012 0.000512 0.000034 0.056689 0.007237 1.688778
0.933726 0.001074 0.001005 0.000515 0.000034 0.056408 0.007238 1.688877
0.933989 0.001066 0.001006 0.000522 0.000031 0.056147 0.007239 1.688993
0.934229 0.001074 0.001012 0.000524 0.000031 0.055891 0.007239 1.689097
0.934493 0.001063 0.001008 0.000532 0.000034 0.055631 0.007239 1.689211
0.934744 0.001066 0.001002 0.000530 0.000033 0.055386 0.007240 1.689313
0.934999 0.001077 0.001001 0.000525 0.000034 0.055124 0.007240 1.689411
0.935263 0.001065 0.001003 0.000525 0.000033 0.054870 0.007241 1.689523
0.935478 0.001078 0.001008 0.000517 0.000032 0.054646 0.007242 1.689627
0.935708 0.001089 0.001013 0.000514 0.000034 0.054400 0.007242 1.689731
0.935917 0.001080 0.001001 0.000510 0.000034 0.054217 0.007243 1.689839
0.936128 0.001068 0.001001 0.000517 0.000033 0.054010 0.007243 1.689954
0.936354 0.001062 0.001004 0.000519 0.000034 0.053784 0.007243 1.690061
0.936567 0.001066 0.001002 0.000513 0.000034 0.053575 0.007243 1.690171
0.936807 0.001043 0.000996 0.000518 0.000035 0.053357 0.007244 1.690286
0.937030 0.001043 0.000992 0.000521 0.000035 0.053134 0.007244 1.690398
0.937257 0.001043 0.000984 0.000520 0.000036 0.052916 0.007244 1.690501
0.937489 0.001043 0.000983 0.000519 0.000035 0.052685 0.007245 1.690596
0.937702 0.001060 0.000967 0.000504 0.000036 0.052484 0.007246 1.690684
0.937884 0.001067 0.000957 0.000508 0.000036 0.052303 0.007246 1.690786
0.938091 0.001064 0.000956 0.000509 0.000036 0.052098 0.007247 1.690895
0.938260 0.001068 0.000942 0.000510 0.000036 0.051938 0.007247 1.691000
0.938437 0.001087 0.000937 0.000507 0.000038 0.051748 0.007247 1.691096
0.938567 0.001105 0.000946 0.000507 0.000038 0.051589 0.007248 1.691205
0.938761 0.001099 0.000945 0.000514 0.000036 0.051398 0.007249 1.691310
0.938927 0.001097 0.000949 0.000513 0.000037 0.051229 0.007249 1.691417
0.939093 0.001110 0.000951 0.000504 0.000038 0.051057 0.007249 1.691517
0.939248 0.001104 0.000971 0.000507 0.000037 0.050883 0.007249 1.691627
0.939411 0.001082 0.000983 0.000513 0.000038 0.050723 0.007249 1.691751
0.939591 0.001098 0.000962 0.000514 0.000038 0.050548 0.007250 1.691839
0.939752 0.001084 0.000957 0.000517 0.000036 0.050404 0.007251 1.691952
0.939897 0.001096 0.000957 0.000513 0.000035 0.050251 0.007252 1.692046
0.940044 0.001085 0.000969 0.000516 0.000034 0.050100 0.007253 1.692168
0.940175 0.001081 0.000977 0.000515 0.000032 0.049967 0.007254 1.692273
0.940306 0.001079 0.001004 0.000514 0.000033 0.049811 0.007254 1.692393
0.940447 0.001075 0.001009 0.000518 0.000031 0.049666 0.007254 1.692501
0.940590 0.001071 0.001008 0.000514 0.000031 0.049531 0.007255 1.692606
0.940728 0.001060 0.001007 0.000516 0.000031 0.049404 0.007255 1.692713
0.940856 0.001062 0.001005 0.000520 0.000032 0.049271 0.007255 1.692825
0.940999 0.001052 0.000992 0.000516 0.000031 0.049154 0.007257 1.692930
0.941124 0.001047 0.000989 0.000512 0.000030 0.049042 0.007257 1.693030
0.941265 0.001041 0.000972 0.000511 0.000029 0.048925 0.007257 1.693129
0.941380 0.001036 0.000981 0.000515 0.000028 0.048801 0.007258 1.693241
0.941483 0.001038 0.000987 0.000507 0.000027 0.048698 0.007259 1.693345
0.941586 0.001030 0.000976 0.000507 0.000027 0.048615 0.007259 1.693450
0.941697 0.001033 0.000975 0.000520 0.000028 0.048488 0.007259 1.693557
0.941832 0.001031 0.000971 0.000516 0.000027 0.048362 0.007260 1.693650
0.941940 0.001040 0.000954 0.000512 0.000027 0.048268 0.007260 1.693746
0.942026 0.001039 0.000962 0.000511 0.000028 0.048173 0.007260 1.693852
0.942152 0.001034 0.000973 0.000506 0.000027 0.048047 0.007261 1.693952
0.942263 0.001028 0.000971 0.000503 0.000028 0.047946 0.007261 1.694053
0.942351 0.001031 0.000959 0.000505 0.000027 0.047865 0.007262 1.694150
0.942447 0.001027 0.000950 0.000503 0.000027 0.047784 0.007262 1.694254
0.942562 0.001033 0.000952 0.000502 0.000028 0.047661 0.007263 1.694348
0.942658 0.001030 0.000945 0.000490 0.000029 0.047585 0.007263 1.694450
0.942750 0.001016 0.000949 0.000487 0.000030 0.047504 0.007263 1.694555
0.942849 0.001023 0.000945 0.000494 0.000030 0.047397 0.007263 1.694649
0.942932 0.001027 0.000946 0.000489 0.000029 0.047314 0.007264 1.694745
0.943030 0.001009 0.000951 0.000489 0.000028 0.047230 0.007264 1.694852
0.943104 0.001016 0.000945 0.000481 0.000028 0.047162 0.007264 1.694947
0.943185 0.001030 0.000928 0.000480 0.000026 0.047087 0.007265 1.695036
0.943245 0.001033 0.000930 0.000479 0.000026 0.047022 0.007265 1.695142
0.943327 0.001027 0.000937 0.000480 0.000026 0.046939 0.007266 1.695253
0.943409 0.001023 0.000924 0.000475 0.000028 0.046874 0.007267 1.695350
0.943480 0.001032 0.000930 0.000475 0.000027 0.046790 0.007267 1.695448
0.943553 0.001031 0.000934 0.000471 0.000028 0.046717 0.007267 1.695547
0.943622 0.001046 0.000925 0.000463 0.000027 0.046651 0.007267 1.695644
0.943685 0.001053 0.000928 0.000460 0.000028 0.046580 0.007267 1.695748
0.943768 0.001045 0.000924 0.000468 0.000029 0.046499 0.007267 1.695856
0.943825 0.001054 0.000909 0.000468 0.000029 0.046448 0.007267 1.695951
0.943886 0.001048 0.000912 0.000468 0.000029 0.046388 0.007267 1.696064
0.943960 0.001049 0.000906 0.000477 0.000029 0.046311 0.007268 1.696164
0.944007 0.001053 0.000904 0.000481 0.000029 0.046258 0.007269 1.696270
0.944089 0.001056 0.000903 0.000481 0.000030 0.046173 0.007269 1.696366
0.944162 0.001064 0.000891 0.000477 0.000029 0.046108 0.007270 1.696457
0.944227 0.001060 0.000888 0.000480 0.000031 0.046045 0.007270 1.696558
0.944291 0.001067 0.000900 0.000478 0.000031 0.045964 0.007270 1.696654
0.944348 0.001080 0.000893 0.000474 0.000029 0.045904 0.007271 1.696738
0.944403 0.001075 0.000906 0.000479 0.000029 0.045837 0.007272 1.696854
0.944462 0.001076 0.000919 0.000482 0.000030 0.045760 0.007272 1.696969
0.944524 0.001081 0.000922 0.000484 0.000031 0.045686 0.007272 1.697064
0.944578 0.001077 0.000927 0.000487 0.000031 0.045629 0.007272 1.697180
0.944629 0.001075 0.000932 0.000487 0.000031 0.045574 0.007272 1.697288
0.944689 0.001079 0.000922 0.000488 0.000031 0.045519 0.007273 1.697382
0.944729 0.001088 0.000919 0.000483 0.000030 0.045477 0.007274 1.697489
0.944790 0.001085 0.000922 0.000488 0.000030 0.045410 0.007274 1.697590
0.944845 0.001088 0.000933 0.000478 0.000032 0.045351 0.007274 1.697686
0.944899 0.001082 0.000942 0.000476 0.000033 0.045294 0.007274 1.697791
0.944931 0.001086 0.000944 0.000470 0.000031 0.045264 0.007275 1.697894
0.944971 0.001078 0.000942 0.000471 0.000032 0.045232 0.007275 1.698003
0.945011 0.001075 0.000956 0.000464 0.000031 0.045187 0.007276 1.698114
0.945062 0.001064 0.000956 0.000472 0.000031 0.045137 0.007276 1.698228
0.945103 0.001056 0.000954 0.000480 0.000032 0.045099 0.007276 1.698339
0.945147 0.001045 0.000962 0.000490 0.000031 0.045048 0.007277 1.698451
0.945173 0.001043 0.000965 0.000495 0.000033 0.045013 0.007277 1.698565
0.945204 0.001040 0.000957 0.000500 0.000034 0.044986 0.007277 1.698670
0.945249 0.001020 0.000961 0.000506 0.000034 0.044953 0.007277 1.698776
0.945290 0.001018 0.000963 0.000508 0.000034 0.044910 0.007277 1.698885
0.945336 0.001016 0.000954 0.000505 0.000035 0.044877 0.007277 1.698986
0.945375 0.001017 0.000950 0.000502 0.000034 0.044844 0.007278 1.699085
0.945423 0.001013 0.000961 0.000501 0.000033 0.044790 0.007278 1.699197
0.945428 0.001037 0.000965 0.000501 0.000033 0.044758 0.007279 1.699292
0.945459 0.001035 0.000958 0.000501 0.000032 0.044735 0.007280 1.699392
0.945485 0.001030 0.000965 0.000509 0.000031 0.044699 0.007281 1.699498
0.945509 0.001040 0.000966 0.000503 0.000031 0.044671 0.007281 1.699598
0.945538 0.001045 0.000977 0.000502 0.000031 0.044626 0.007281 1.699712
0.945572 0.001059 0.000977 0.000494 0.000032 0.044586 0.007281 1.699809
0.945611 0.001069 0.000974 0.000490 0.000032 0.044542 0.007281 1.699908
0.945630 0.001066 0.000971 0.000487 0.000032 0.044533 0.007281 1.700012
0.945644 0.001075 0.000965 0.000496 0.000033 0.044505 0.007282 1.700114
0.945645 0.001093 0.000972 0.000490 0.000031 0.044486 0.007283 1.700217
0.945693 0.001091 0.000952 0.000492 0.000032 0.044457 0.007283 1.700317
0.945713 0.001102 0.000953 0.000491 0.000032 0.044424 0.007284 1.700420
0.945727 0.001104 0.000943 0.000499 0.000030 0.044413 0.007284 1.700526
0.945758 0.001095 0.000941 0.000502 0.000030 0.044388 0.007286 1.700633
0.945766 0.001109 0.000942 0.000499 0.000031 0.044367 0.007286 1.700729
0.945793 0.001108 0.000950 0.000498 0.000030 0.044335 0.007286 1.700839
0.945805 0.001110 0.000965 0.000494 0.000029 0.044311 0.007287 1.700955
0.945827 0.001124 0.000967 0.000497 0.000031 0.044268 0.007287 1.701060
0.945866 0.001114 0.000968 0.000508 0.000030 0.044227 0.007288 1.701173
0.945888 0.001112 0.000969 0.000508 0.000032 0.044204 0.007288 1.701284
0.945913 0.001095 0.000971 0.000504 0.000032 0.044196 0.007289 1.701405
0.945929 0.001092 0.000967 0.000509 0.000034 0.044180 0.007289 1.701514
0.945960 0.001085 0.000969 0.000510 0.000034 0.044153 0.007289 1.701622
0.946008 0.001081 0.000965 0.000522 0.000034 0.044102 0.007289 1.701726
0.946031 0.001082 0.000961 0.000517 0.000033 0.044086 0.007290 1.701830
0.946051 0.001099 0.000942 0.000508 0.000032 0.044076 0.007291 1.701923
0.946080 0.001117 0.000929 0.000505 0.000032 0.044047 0.007292 1.702011
0.946105 0.001110 0.000925 0.000517 0.000032 0.044020 0.007292 1.702126
0.946140 0.001091 0.000925 0.000517 0.000034 0.044001 0.007292 1.702233
0.946155 0.001080 0.000939 0.000511 0.000032 0.043990 0.007292 1.702341
0.946163 0.001084 0.000929 0.000510 0.000033 0.043989 0.007292 1.702443
0.946220 0.001068 0.000930 0.000510 0.000033 0.043945 0.007293 1.702551
0.946255 0.001035 0.000941 0.000528 0.000034 0.043913 0.007293 1.702671
0.946280 0.001028 0.000944 0.000525 0.000032 0.043897 0.007294 1.702775
0.946309 0.001019 0.000933 0.000528 0.000033 0.043883 0.007294 1.702876
0.946334 0.001019 0.000938 0.000523 0.000031 0.043861 0.007294 1.702967
0.946374 0.001003 0.000932 0.000529 0.000031 0.043837 0.007294 1.703070
0.946386 0.001004 0.000919 0.000520 0.000031 0.043845 0.007294 1.703166
0.946403 0.001009 0.000910 0.000516 0.000032 0.043835 0.007294 1.703261
0.946406 0.001020 0.000912 0.000512 0.000031 0.043824 0.007295 1.703363
0.946432 0.001019 0.000910 0.000510 0.000031 0.043804 0.007295 1.703457
0.946462 0.001026 0.000915 0.000504 0.000029 0.043769 0.007295 1.703550
0.946461 0.001051 0.000910 0.000506 0.000029 0.043748 0.007295 1.703642
0.946491 0.001028 0.000930 0.000509 0.000031 0.043715 0.007295 1.703758
0.946498 0.001029 0.000954 0.000505 0.000033 0.043686 0.007295 1.703866
0.946515 0.001038 0.000946 0.000506 0.000031 0.043668 0.007295 1.703965
0.946535 0.001035 0.000957 0.000510 0.000031 0.043636 0.007297 1.704067
0.946563 0.001039 0.000945 0.000506 0.000031 0.043619 0.007297 1.704161
0.946590 0.001031 0.000946 0.000511 0.000029 0.043595 0.007298 1.704266
0.946617 0.001020 0.000940 0.000510 0.000028 0.043584 0.007299 1.704372
0.946643 0.001012 0.000935 0.000511 0.000029 0.043570 0.007299 1.704482
0.946653 0.001015 0.000925 0.000507 0.000028 0.043572 0.007299 1.704577
0.946670 0.001017 0.000929 0.000507 0.000027 0.043551 0.007300 1.704678
0.946682 0.001009 0.000936 0.000512 0.000025 0.043535 0.007301 1.704789
0.946695 0.001007 0.000940 0.000512 0.000026 0.043519 0.007301 1.704894
0.946691 0.001010 0.000943 0.000514 0.000027 0.043513 0.007301 1.704997
0.946711 0.001008 0.000940 0.000505 0.000028 0.043508 0.007301 1.705095
0.946737 0.001009 0.000936 0.000494 0.000028 0.043495 0.007301 1.705188
0.946755 0.001024 0.000938 0.000483 0.000030 0.043469 0.007301 1.705280
0.946775 0.001024 0.000928 0.000487 0.000029 0.043456 0.007302 1.705378
0.946783 0.001025 0.000932 0.000493 0.000029 0.043436 0.007302 1.705483
0.946806 0.001025 0.000934 0.000492 0.000030 0.043410 0.007303 1.705586
0.946821 0.001025 0.000944 0.000491 0.000030 0.043387 0.007303 1.705693
0.946834 0.001030 0.000942 0.000496 0.000031 0.043365 0.007303 1.705794
0.946850 0.001041 0.000939 0.000491 0.000030 0.043345 0.007304 1.705887
0.946852 0.001055 0.000944 0.000488 0.000031 0.043325 0.007304 1.705988
0.946875 0.001047 0.000951 0.000484 0.000029 0.043309 0.007305 1.706096
0.946896 0.001035 0.000968 0.000484 0.000027 0.043284 0.007306 1.706212
0.946888 0.001035 0.000958 0.000487 0.000029 0.043298 0.007306 1.706322
0.946913 0.001027 0.000952 0.000491 0.000028 0.043283 0.007307 1.706422
0.946916 0.001030 0.000941 0.000487 0.000027 0.043291 0.007308 1.706522
0.946918 0.001018 0.000953 0.000490 0.000028 0.043284 0.007308 1.706638
0.946958 0.001011 0.000938 0.000489 0.000028 0.043268 0.007309 1.706733
0.946967 0.001007 0.000940 0.000491 0.000028 0.043258 0.007309 1.706837
0.946986 0.001010 0.000935 0.000488 0.000029 0.043242 0.007309 1.706940
0.947000 0.001014 0.000927 0.000484 0.000029 0.043236 0.007309 1.707029
0.947020 0.001015 0.000925 0.000483 0.000030 0.043217 0.007310 1.707122
0.947039 0.001021 0.000931 0.000472 0.000030 0.043196 0.007310 1.707219
0.947047 0.001023 0.000935 0.000468 0.000032 0.043185 0.007310 1.707329
0.947055 0.001018 0.000924 0.000469 0.000031 0.043193 0.007311 1.707435
0.947068 0.001009 0.000932 0.000471 0.000031 0.043176 0.007312 1.707531
0.947083 0.001013 0.000917 0.000472 0.000032 0.043170 0.007312 1.707628
0.947095 0.001018 0.000909 0.000467 0.000031 0.043168 0.007312 1.707726
0.947118 0.001011 0.000908 0.000464 0.000031 0.043156 0.007313 1.707822
0.947130 0.001002 0.000912 0.000475 0.000031 0.043138 0.007313 1.707932
0.947156 0.000989 0.000921 0.000480 0.000029 0.043111 0.007314 1.708042
0.947178 0.000978 0.000921 0.000476 0.000029 0.043104 0.007314 1.708140
0.947189 0.000982 0.000924 0.000475 0.000029 0.043086 0.007315 1.708230
0.947190 0.001004 0.000926 0.000470 0.000029 0.043065 0.007315 1.708327
0.947195 0.001007 0.000915 0.000470 0.000030 0.043068 0.007316 1.708423
0.947203 0.001007 0.000926 0.000467 0.000030 0.043052 0.007316 1.708526
0.947192 0.001014 0.000925 0.000468 0.000032 0.043053 0.007316 1.708630
0.947201 0.001016 0.000924 0.000467 0.000032 0.043042 0.007317 1.708735
0.947207 0.001019 0.000920 0.000476 0.000031 0.043030 0.007317 1.708842
0.947203 0.001030 0.000920 0.000481 0.000031 0.043018 0.007317 1.708945
0.947208 0.001036 0.000917 0.000487 0.000032 0.043004 0.007317 1.709039
0.947221 0.001028 0.000924 0.000494 0.000033 0.042984 0.007317 1.709146
0.947244 0.001026 0.000924 0.000488 0.000032 0.042970 0.007318 1.709242
0.947249 0.001022 0.000931 0.000483 0.000030 0.042966 0.007319 1.709350
0.947258 0.001026 0.000931 0.000485 0.000030 0.042951 0.007319 1.709449
0.947261 0.001037 0.000913 0.000475 0.000033 0.042962 0.007319 1.709538
0.947258 0.001048 0.000907 0.000474 0.000035 0.042960 0.007319 1.709628
0.947275 0.001048 0.000902 0.000475 0.000035 0.042948 0.007319 1.709733
0.947275 0.001050 0.000912 0.000478 0.000038 0.042928 0.007319 1.709839
0.947278 0.001037 0.000906 0.000486 0.000037 0.042936 0.007320 1.709952
0.947281 0.001043 0.000896 0.000481 0.000037 0.042940 0.007320 1.710051
0.947295 0.001035 0.000908 0.000476 0.000038 0.042928 0.007320 1.710156
0.947304 0.001037 0.000910 0.000470 0.000038 0.042920 0.007321 1.710251
0.947318 0.001026 0.000907 0.000475 0.000037 0.042916 0.007322 1.710355
0.947321 0.001022 0.000909 0.000478 0.000035 0.042911 0.007324 1.710460
0.947312 0.001047 0.000898 0.000481 0.000034 0.042904 0.007325 1.710548
0.947312 0.001054 0.000903 0.000488 0.000035 0.042882 0.007325 1.710654
0.947329 0.001055 0.000902 0.000492 0.000033 0.042864 0.007325 1.710753
0.947336 0.001041 0.000909 0.000502 0.000034 0.042854 0.007325 1.710866
0.947349 0.001014 0.000921 0.000508 0.000034 0.042848 0.007325 1.710988
0.947356 0.001017 0.000927 0.000512 0.000034 0.042829 0.007326 1.711091
0.947368 0.001025 0.000921 0.000501 0.000035 0.042824 0.007326 1.711183
0.947363 0.001038 0.000918 0.000502 0.000032 0.042821 0.007327 1.711281
0.947364 0.001050 0.000919 0.000497 0.000032 0.042811 0.007328 1.711377
0.947361 0.001053 0.000927 0.000494 0.000032 0.042805 0.007328 1.711484
0.947368 0.001035 0.000935 0.000492 0.000033 0.042810 0.007328 1.711591
0.947368 0.001034 0.000925 0.000502 0.000032 0.042812 0.007329 1.711693
0.947382 0.001027 0.000925 0.000504 0.000030 0.042803 0.007330 1.711803
0.947383 0.001037 0.000905 0.000498 0.000029 0.042818 0.007331 1.711896
0.947392 0.001025 0.000909 0.000493 0.000029 0.042820 0.007332 1.711998
0.947407 0.001023 0.000913 0.000488 0.000029 0.042808 0.007333 1.712100
0.947410 0.001023 0.000895 0.000489 0.000029 0.042821 0.007333 1.712196
0.947411 0.001031 0.000886 0.000497 0.000028 0.042814 0.007334 1.712283
0.947426 0.001026 0.000906 0.000494 0.000028 0.042786 0.007335 1.712388
0.947447 0.001026 0.000900 0.000495 0.000028 0.042768 0.007336 1.712479
0.947457 0.001024 0.000906 0.000492 0.000028 0.042758 0.007336 1.712586
0.947448 0.001033 0.000910 0.000488 0.000029 0.042755 0.007337 1.712681
0.947450 0.001014 0.000918 0.000498 0.000028 0.042755 0.007337 1.712799
0.947447 0.001015 0.000907 0.000499 0.000028 0.042766 0.007337 1.712895
0.947462 0.001003 0.000897 0.000499 0.000027 0.042774 0.007339 1.712999
0.947465 0.000995 0.000896 0.000495 0.000028 0.042782 0.007339 1.713099
0.947465 0.001011 0.000887 0.000493 0.000027 0.042779 0.007339 1.713192
0.947461 0.000995 0.000905 0.000502 0.000028 0.042770 0.007339 1.713307
0.947469 0.001000 0.000898 0.000500 0.000027 0.042767 0.007340 1.713394
0.947487 0.001008 0.000896 0.000491 0.000027 0.042752 0.007340 1.713484
0.947503 0.000996 0.000887 0.000505 0.000026 0.042742 0.007341 1.713581
0.947503 0.000997 0.000898 0.000489 0.000025 0.042746 0.007342 1.713680
0.947503 0.001014 0.000884 0.000486 0.000027 0.042744 0.007342 1.713766
0.947507 0.001024 0.000873 0.000484 0.000028 0.042743 0.007342 1.713855
0.947507 0.001027 0.000878 0.000484 0.000026 0.042735 0.007343 1.713955
0.947509 0.001036 0.000867 0.000491 0.000025 0.042730 0.007343 1.714050
0.947513 0.001031 0.000885 0.000493 0.000025 0.042708 0.007344 1.714156
0.947537 0.001025 0.000886 0.000493 0.000026 0.042688 0.007345 1.714255
0.947530 0.001028 0.000879 0.000487 0.000027 0.042703 0.007345 1.714348
0.947542 0.001022 0.000882 0.000493 0.000025 0.042689 0.007346 1.714449
0.947569 0.001015 0.000883 0.000504 0.000026 0.042658 0.007346 1.714548
0.947582 0.001004 0.000900 0.000500 0.000027 0.042641 0.007346 1.714654
0.947587 0.001002 0.000911 0.000494 0.000026 0.042633 0.007347 1.714759
0.947585 0.000997 0.000922 0.000493 0.000025 0.042630 0.007348 1.714859
0.947586 0.000995 0.000915 0.000492 0.000025 0.042638 0.007348 1.714955
0.947581 0.000994 0.000920 0.000493 0.000027 0.042637 0.007349 1.715057
0.947562 0.001011 0.000912 0.000491 0.000025 0.042649 0.007350 1.715158
0.947561 0.001013 0.000906 0.000494 0.000024 0.042653 0.007350 1.715261
0.947556 0.001004 0.000910 0.000500 0.000023 0.042658 0.007351 1.715368
0.947565 0.001002 0.000899 0.000492 0.000024 0.042669 0.007351 1.715464
0.947572 0.000991 0.000901 0.000498 0.000024 0.042663 0.007352 1.715569
0.947572 0.000984 0.000900 0.000495 0.000025 0.042672 0.007352 1.715674
0.947571 0.000991 0.000886 0.000499 0.000025 0.042676 0.007352 1.715765
0.947572 0.000986 0.000904 0.000498 0.000027 0.042662 0.007352 1.715864
0.947566 0.000980 0.000910 0.000499 0.000026 0.042667 0.007353 1.715978
0.947566 0.000981 0.000909 0.000495 0.000026 0.042671 0.007353 1.716076
0.947564 0.000982 0.000905 0.000496 0.000028 0.042671 0.007353 1.716169
0.947578 0.000977 0.000907 0.000490 0.000029 0.042665 0.007354 1.716265
0.947563 0.000981 0.000913 0.000499 0.000031 0.042660 0.007354 1.716373
0.947547 0.000991 0.000913 0.000500 0.000031 0.042666 0.007354 1.716470
0.947549 0.000996 0.000904 0.000499 0.000031 0.042666 0.007355 1.716565
0.947549 0.001003 0.000910 0.000494 0.000029 0.042659 0.007356 1.716656
0.947562 0.001000 0.000920 0.000497 0.000029 0.042636 0.007356 1.716760
0.947569 0.001008 0.000910 0.000491 0.000030 0.042636 0.007356 1.716850
0.947564 0.000996 0.000920 0.000491 0.000030 0.042644 0.007356 1.716953
0.947574 0.000985 0.000920 0.000484 0.000028 0.042652 0.007358 1.717051
0.947573 0.000991 0.000916 0.000490 0.000030 0.042643 0.007358 1.717144
0.947581 0.000991 0.000920 0.000487 0.000031 0.042633 0.007358 1.717239
0.947589 0.000987 0.000920 0.000474 0.000031 0.042640 0.007358 1.717333
0.947597 0.001000 0.000914 0.000466 0.000031 0.042634 0.007358 1.717415
0.947593 0.001000 0.000919 0.000465 0.000032 0.042632 0.007359 1.717517
0.947593 0.000986 0.000923 0.000454 0.000032 0.042652 0.007359 1.717624
0.947605 0.000991 0.000930 0.000450 0.000032 0.042632 0.007360 1.717723
0.947631 0.000984 0.000938 0.000450 0.000032 0.042605 0.007360 1.717820
0.947617 0.000986 0.000933 0.000449 0.000033 0.042620 0.007362 1.717917
0.947613 0.000999 0.000928 0.000462 0.000034 0.042603 0.007362 1.718015
0.947619 0.000993 0.000922 0.000463 0.000034 0.042608 0.007362 1.718117
0.947621 0.000999 0.000923 0.000467 0.000033 0.042596 0.007362 1.718216
0.947626 0.000977 0.000920 0.000473 0.000033 0.042609 0.007363 1.718324
0.947622 0.000967 0.000930 0.000463 0.000031 0.042624 0.007364 1.718430
0.947635 0.000967 0.000925 0.000461 0.000030 0.042617 0.007365 1.718523
0.947619 0.000985 0.000926 0.000452 0.000029 0.042625 0.007365 1.718611
0.947627 0.000991 0.000915 0.000450 0.000029 0.042623 0.007365 1.718695
0.947627 0.001005 0.000905 0.000447 0.000030 0.042622 0.007365 1.718785
0.947639 0.000983 0.000908 0.000448 0.000028 0.042629 0.007365 1.718896
0.947646 0.000982 0.000909 0.000440 0.000028 0.042630 0.007366 1.718990
0.947656 0.000983 0.000908 0.000430 0.000028 0.042630 0.007366 1.719082
0.947655 0.000984 0.000901 0.000436 0.000029 0.042628 0.007366 1.719176
0.947664 0.000970 0.000896 0.000437 0.000027 0.042639 0.007366 1.719272
0.947641 0.000989 0.000892 0.000430 0.000027 0.042655 0.007366 1.719363
0.947652 0.000984 0.000895 0.000430 0.000028 0.042646 0.007366 1.719458
0.947657 0.000996 0.000891 0.000432 0.000027 0.042628 0.007368 1.719548
0.947651 0.001004 0.000895 0.000431 0.000028 0.042624 0.007368 1.719651
0.947653 0.001005 0.000886 0.000436 0.000025 0.042625 0.007370 1.719754
0.947639 0.001017 0.000888 0.000441 0.000026 0.042620 0.007370 1.719848
0.947645 0.001015 0.000888 0.000448 0.000028 0.042606 0.007370 1.719951
0.947664 0.001007 0.000888 0.000457 0.000029 0.042585 0.007370 1.720054
0.947667 0.001007 0.000884 0.000450 0.000030 0.042591 0.007371 1.720148
0.947668 0.001001 0.000888 0.000454 0.000029 0.042588 0.007371 1.720255
0.947673 0.000993 0.000893 0.000450 0.000028 0.042591 0.007372 1.720357
