0.360175 0.061554 0.055121 0.031607 0.001993 0.483756 0.005796 1.589267
0.362597 0.059279 0.055006 0.031468 0.001997 0.483834 0.005819 1.595226
0.365746 0.056428 0.054888 0.031200 0.002000 0.483892 0.005847 1.600977
0.369262 0.053517 0.054539 0.030878 0.001998 0.483936 0.005871 1.606391
0.373153 0.050647 0.053972 0.030415 0.001981 0.483934 0.005899 1.611453
0.377322 0.047823 0.053278 0.029904 0.001981 0.483765 0.005927 1.616256
0.381564 0.044991 0.052627 0.029307 0.001990 0.483569 0.005952 1.620863
0.385891 0.042348 0.051734 0.028673 0.001991 0.483389 0.005974 1.625160
0.390344 0.039909 0.050753 0.027919 0.001986 0.483088 0.006002 1.629155
0.394941 0.037584 0.049671 0.027228 0.001977 0.482567 0.006032 1.632941
0.399544 0.035426 0.048532 0.026535 0.001967 0.481939 0.006058 1.636488
0.404272 0.033359 0.047407 0.025730 0.001954 0.481197 0.006081 1.639843
0.408990 0.031374 0.046223 0.024916 0.001953 0.480439 0.006104 1.643060
0.413891 0.029508 0.044984 0.024137 0.001936 0.479420 0.006125 1.646061
0.418676 0.027836 0.043677 0.023335 0.001926 0.478399 0.006150 1.648882
0.423462 0.026235 0.042422 0.022610 0.001911 0.477184 0.006174 1.651549
0.428404 0.024776 0.041110 0.021887 0.001881 0.475745 0.006197 1.654055
0.433368 0.023416 0.039843 0.021102 0.001864 0.474191 0.006218 1.656436
0.438300 0.022157 0.038548 0.020329 0.001847 0.472572 0.006248 1.658670
0.443315 0.020960 0.037215 0.019562 0.001824 0.470851 0.006274 1.660764
0.448363 0.019850 0.035873 0.018876 0.001821 0.468921 0.006296 1.662753
0.453420 0.018824 0.034701 0.018229 0.001795 0.466713 0.006318 1.664636
0.458463 0.017865 0.033529 0.017567 0.001786 0.464455 0.006333 1.666408
0.463443 0.016935 0.032256 0.016887 0.001765 0.462357 0.006357 1.668135
0.468358 0.016117 0.031102 0.016238 0.001729 0.460070 0.006385 1.669731
0.473344 0.015302 0.029992 0.015619 0.001710 0.457624 0.006408 1.671273
0.478289 0.014540 0.028838 0.015038 0.001682 0.455183 0.006428 1.672756
0.483125 0.013848 0.027802 0.014501 0.001647 0.452622 0.006456 1.674153
0.488061 0.013250 0.026719 0.013914 0.001619 0.449965 0.006473 1.675447
0.492969 0.012666 0.025669 0.013308 0.001595 0.447300 0.006493 1.676717
0.497899 0.012058 0.024703 0.012774 0.001567 0.444485 0.006514 1.677955
0.502815 0.011510 0.023738 0.012302 0.001554 0.441551 0.006530 1.679133
0.507708 0.010990 0.022760 0.011855 0.001517 0.438620 0.006550 1.680238
0.512609 0.010449 0.021916 0.011387 0.001488 0.435586 0.006566 1.681331
0.517437 0.010023 0.021035 0.010909 0.001457 0.432553 0.006586 1.682314
0.522215 0.009653 0.020114 0.010449 0.001437 0.429528 0.006604 1.683235
0.527018 0.009306 0.019292 0.010016 0.001412 0.426335 0.006622 1.684157
0.531883 0.008958 0.018550 0.009620 0.001378 0.422969 0.006642 1.685042
0.536576 0.008614 0.017842 0.009213 0.001346 0.419749 0.006660 1.685914
0.541159 0.008329 0.017146 0.008824 0.001320 0.416548 0.006673 1.686715
0.545762 0.008059 0.016446 0.008481 0.001285 0.413272 0.006695 1.687522
0.550478 0.007737 0.015840 0.008145 0.001251 0.409838 0.006711 1.688323
0.555142 0.007498 0.015215 0.007801 0.001231 0.406387 0.006726 1.689049
0.559757 0.007261 0.014672 0.007481 0.001204 0.402882 0.006743 1.689782
0.564297 0.007009 0.014126 0.007208 0.001181 0.399424 0.006756 1.690489
0.568885 0.006754 0.013608 0.006963 0.001147 0.395874 0.006769 1.691196
0.573438 0.006537 0.013106 0.006714 0.001123 0.392304 0.006779 1.691828
0.577889 0.006336 0.012633 0.006465 0.001092 0.388794 0.006792 1.692460
0.582437 0.006155 0.012150 0.006212 0.001063 0.385177 0.006806 1.693046
0.586835 0.005955 0.011692 0.005971 0.001034 0.381686 0.006827 1.693616
0.591237 0.005765 0.011219 0.005783 0.001012 0.378144 0.006841 1.694190
0.595652 0.005556 0.010820 0.005557 0.000991 0.374573 0.006852 1.694788
0.599915 0.005404 0.010414 0.005338 0.000972 0.371098 0.006861 1.695312
0.604164 0.005241 0.010037 0.005096 0.000956 0.367631 0.006875 1.695835
0.608383 0.005103 0.009676 0.004890 0.000932 0.364130 0.006887 1.696335
0.612557 0.004973 0.009296 0.004702 0.000909 0.360667 0.006896 1.696825
0.616697 0.004854 0.008968 0.004513 0.000893 0.357175 0.006903 1.697307
0.620788 0.004729 0.008655 0.004354 0.000878 0.353684 0.006912 1.697784
0.624852 0.004615 0.008346 0.004209 0.000856 0.350200 0.006924 1.698220
0.628856 0.004477 0.008070 0.004064 0.000828 0.346770 0.006936 1.698678
0.632906 0.004383 0.007776 0.003918 0.000811 0.343259 0.006946 1.699101
0.636903 0.004279 0.007540 0.003791 0.000791 0.339741 0.006955 1.699543
0.640776 0.004176 0.007264 0.003669 0.000764 0.336382 0.006969 1.699965
0.644624 0.004098 0.007021 0.003543 0.000739 0.332994 0.006980 1.700375
0.648431 0.004025 0.006763 0.003432 0.000718 0.329641 0.006990 1.700752
0.652217 0.003925 0.006551 0.003328 0.000695 0.326287 0.006996 1.701157
0.656029 0.003823 0.006327 0.003229 0.000678 0.322910 0.007004 1.701543
0.659724 0.003749 0.006107 0.003126 0.000656 0.319622 0.007015 1.701905
0.663490 0.003690 0.005929 0.003017 0.000648 0.316207 0.007020 1.702261
0.667136 0.003603 0.005742 0.002909 0.000625 0.312956 0.007029 1.702625
0.670742 0.003511 0.005611 0.002824 0.000612 0.309665 0.007036 1.703004
0.674321 0.003441 0.005456 0.002743 0.000595 0.306400 0.007045 1.703347
0.677817 0.003394 0.005276 0.002680 0.000574 0.303207 0.007054 1.703670
0.681358 0.003345 0.005114 0.002593 0.000559 0.299969 0.007062 1.703991
0.684810 0.003287 0.004969 0.002531 0.000542 0.296792 0.007070 1.704319
0.688206 0.003239 0.004828 0.002471 0.000520 0.293659 0.007078 1.704648
0.691543 0.003205 0.004709 0.002403 0.000511 0.290545 0.007085 1.704949
0.694880 0.003154 0.004549 0.002354 0.000497 0.287474 0.007091 1.705259
0.698192 0.003114 0.004396 0.002282 0.000485 0.284435 0.007097 1.705551
0.701469 0.003036 0.004298 0.002224 0.000470 0.281400 0.007104 1.705860
0.704763 0.002969 0.004207 0.002155 0.000455 0.278340 0.007112 1.706152
0.707977 0.002894 0.004147 0.002092 0.000436 0.275334 0.007120 1.706454
0.711161 0.002845 0.004063 0.002066 0.000421 0.272319 0.007126 1.706754
0.714232 0.002800 0.003959 0.002006 0.000411 0.269460 0.007133 1.707033
0.717354 0.002762 0.003895 0.001956 0.000398 0.266499 0.007138 1.707320
0.720423 0.002716 0.003790 0.001889 0.000384 0.263653 0.007145 1.707590
0.723491 0.002692 0.003676 0.001836 0.000370 0.260786 0.007150 1.707848
0.726471 0.002670 0.003577 0.001794 0.000360 0.257971 0.007156 1.708103
0.729462 0.002626 0.003488 0.001745 0.000347 0.255166 0.007167 1.708361
0.732407 0.002603 0.003408 0.001721 0.000338 0.252351 0.007172 1.708609
0.735332 0.002580 0.003345 0.001686 0.000329 0.249551 0.007176 1.708871
0.738231 0.002560 0.003279 0.001638 0.000323 0.246792 0.007178 1.709111
0.741023 0.002545 0.003205 0.001604 0.000316 0.244126 0.007182 1.709345
0.743825 0.002506 0.003159 0.001567 0.000308 0.241448 0.007188 1.709602
0.746608 0.002486 0.003092 0.001555 0.000301 0.238765 0.007193 1.709845
0.749390 0.002450 0.003005 0.001529 0.000296 0.236132 0.007198 1.710081
0.752067 0.002423 0.002958 0.001505 0.000291 0.233554 0.007202 1.710328
0.754691 0.002393 0.002899 0.001462 0.000281 0.231067 0.007207 1.710569
0.757383 0.002379 0.002845 0.001434 0.000269 0.228477 0.007213 1.710804
0.760022 0.002359 0.002786 0.001405 0.000264 0.225951 0.007214 1.711034
0.762680 0.002308 0.002758 0.001392 0.000257 0.223388 0.007217 1.711291
0.765242 0.002286 0.002709 0.001375 0.000252 0.220915 0.007222 1.711522
0.767808 0.002272 0.002641 0.001347 0.000246 0.218462 0.007226 1.711731
0.770364 0.002241 0.002613 0.001322 0.000240 0.215992 0.007229 1.711962
0.772862 0.002227 0.002562 0.001316 0.000234 0.213566 0.007233 1.712181
0.775234 0.002206 0.002523 0.001289 0.000228 0.211284 0.007238 1.712396
0.777625 0.002186 0.002490 0.001259 0.000220 0.208981 0.007241 1.712618
0.780019 0.002205 0.002457 0.001243 0.000213 0.206621 0.007244 1.712822
0.782420 0.002182 0.002440 0.001219 0.000206 0.204289 0.007245 1.713039
0.784799 0.002173 0.002397 0.001207 0.000198 0.201979 0.007247 1.713239
0.787079 0.002201 0.002374 0.001184 0.000193 0.199720 0.007250 1.713440
0.789363 0.002178 0.002340 0.001187 0.000189 0.197492 0.007252 1.713650
0.791589 0.002178 0.002319 0.001177 0.000184 0.195299 0.007256 1.713865
0.793867 0.002164 0.002310 0.001175 0.000179 0.193047 0.007259 1.714087
0.796057 0.002155 0.002296 0.001153 0.000177 0.190901 0.007261 1.714300
0.798194 0.002120 0.002277 0.001144 0.000174 0.188828 0.007263 1.714532
0.800360 0.002123 0.002244 0.001129 0.000170 0.186710 0.007266 1.714729
0.802446 0.002112 0.002195 0.001132 0.000167 0.184682 0.007268 1.714932
0.804556 0.002110 0.002173 0.001108 0.000164 0.182621 0.007268 1.715124
0.806691 0.002084 0.002150 0.001107 0.000159 0.180538 0.007271 1.715334
0.808726 0.002081 0.002118 0.001089 0.000157 0.178556 0.007273 1.715527
0.810729 0.002051 0.002120 0.001097 0.000154 0.176576 0.007274 1.715738
0.812764 0.002011 0.002091 0.001094 0.000151 0.174614 0.007276 1.715935
0.814733 0.001991 0.002081 0.001079 0.000147 0.172692 0.007278 1.716142
0.816738 0.001995 0.002063 0.001059 0.000144 0.170722 0.007279 1.716325
0.818709 0.001995 0.002040 0.001051 0.000141 0.168784 0.007280 1.716511
0.820626 0.002011 0.002012 0.001035 0.000135 0.166899 0.007284 1.716690
0.822503 0.002007 0.002003 0.001027 0.000135 0.165042 0.007284 1.716888
0.824353 0.001994 0.001986 0.001009 0.000130 0.163243 0.007285 1.717094
0.826168 0.001979 0.001981 0.000991 0.000128 0.161465 0.007288 1.717292
0.828013 0.001971 0.001971 0.000977 0.000125 0.159652 0.007291 1.717489
0.829845 0.001975 0.001954 0.000980 0.000117 0.157838 0.007292 1.717685
0.831671 0.001969 0.001947 0.000967 0.000115 0.156039 0.007293 1.717872
0.833410 0.001959 0.001950 0.000975 0.000115 0.154298 0.007294 1.718076
0.835176 0.001941 0.001933 0.000982 0.000113 0.152559 0.007297 1.718271
0.836883 0.001945 0.001912 0.000991 0.000113 0.150860 0.007298 1.718460
0.838538 0.001933 0.001926 0.000990 0.000112 0.149202 0.007299 1.718653
0.840134 0.001945 0.001896 0.000991 0.000106 0.147625 0.007302 1.718840
0.841749 0.001952 0.001906 0.000980 0.000104 0.146006 0.007303 1.719033
0.843292 0.001929 0.001895 0.000975 0.000102 0.144504 0.007304 1.719236
0.844924 0.001913 0.001906 0.000972 0.000099 0.142880 0.007306 1.719440
0.846541 0.001908 0.001880 0.000966 0.000097 0.141301 0.007307 1.719626
0.848164 0.001905 0.001876 0.000951 0.000096 0.139700 0.007309 1.719803
0.849723 0.001884 0.001883 0.000942 0.000097 0.138162 0.007309 1.720004
0.851235 0.001869 0.001869 0.000949 0.000098 0.136671 0.007310 1.720199
0.852698 0.001883 0.001860 0.000929 0.000099 0.135219 0.007312 1.720373
0.854169 0.001897 0.001848 0.000927 0.000098 0.133750 0.007312 1.720557
0.855587 0.001902 0.001842 0.000931 0.000098 0.132329 0.007312 1.720749
0.857056 0.001897 0.001852 0.000934 0.000097 0.130851 0.007313 1.720941
0.858497 0.001907 0.001841 0.000917 0.000097 0.129429 0.007313 1.721119
0.859918 0.001907 0.001823 0.000920 0.000098 0.128021 0.007314 1.721295
0.861268 0.001922 0.001805 0.000931 0.000097 0.126664 0.007314 1.721478
0.862638 0.001925 0.001805 0.000933 0.000097 0.125286 0.007316 1.721668
0.863935 0.001960 0.001791 0.000938 0.000098 0.123962 0.007317 1.721852
0.865270 0.001953 0.001782 0.000938 0.000097 0.122641 0.007319 1.722042
0.866593 0.001969 0.001778 0.000932 0.000095 0.121315 0.007319 1.722225
0.867822 0.001988 0.001786 0.000936 0.000095 0.120053 0.007320 1.722422
0.869029 0.001994 0.001785 0.000945 0.000093 0.118834 0.007321 1.722628
0.870273 0.002003 0.001774 0.000944 0.000091 0.117594 0.007322 1.722820
0.871480 0.002022 0.001762 0.000943 0.000087 0.116383 0.007323 1.723004
0.872587 0.002033 0.001768 0.000946 0.000084 0.115256 0.007324 1.723205
0.873802 0.002005 0.001785 0.000954 0.000086 0.114044 0.007324 1.723420
0.874930 0.002014 0.001786 0.000957 0.000084 0.112904 0.007325 1.723619
0.876065 0.002049 0.001765 0.000953 0.000085 0.111756 0.007326 1.723802
0.877200 0.002033 0.001773 0.000951 0.000083 0.110632 0.007328 1.724015
0.878323 0.002047 0.001778 0.000946 0.000081 0.109496 0.007328 1.724206
0.879450 0.002054 0.001775 0.000943 0.000080 0.108368 0.007330 1.724398
0.880553 0.002050 0.001790 0.000942 0.000080 0.107254 0.007330 1.724612
0.881639 0.002075 0.001767 0.000953 0.000078 0.106157 0.007331 1.724803
0.882721 0.002075 0.001756 0.000946 0.000078 0.105092 0.007332 1.724992
0.883748 0.002092 0.001762 0.000952 0.000078 0.104036 0.007333 1.725199
0.884796 0.002097 0.001775 0.000954 0.000077 0.102967 0.007335 1.725403
0.885825 0.002097 0.001788 0.000967 0.000075 0.101913 0.007337 1.725616
0.886819 0.002116 0.001796 0.000971 0.000076 0.100885 0.007338 1.725813
0.887828 0.002094 0.001813 0.000975 0.000077 0.099876 0.007339 1.726032
0.888794 0.002132 0.001814 0.000973 0.000079 0.098869 0.007339 1.726226
0.889757 0.002115 0.001827 0.000994 0.000078 0.097890 0.007340 1.726445
0.890687 0.002136 0.001849 0.000974 0.000077 0.096936 0.007341 1.726642
0.891596 0.002137 0.001851 0.000993 0.000074 0.096009 0.007342 1.726860
0.892490 0.002137 0.001849 0.000987 0.000073 0.095121 0.007343 1.727063
0.893413 0.002125 0.001845 0.001002 0.000074 0.094198 0.007343 1.727284
0.894253 0.002138 0.001860 0.001007 0.000075 0.093324 0.007344 1.727496
0.895114 0.002149 0.001860 0.000998 0.000073 0.092462 0.007345 1.727704
0.895951 0.002147 0.001871 0.000998 0.000075 0.091613 0.007346 1.727912
0.896789 0.002147 0.001858 0.000988 0.000073 0.090797 0.007348 1.728114
0.897589 0.002146 0.001852 0.000990 0.000072 0.090002 0.007349 1.728320
0.898389 0.002132 0.001865 0.000992 0.000071 0.089201 0.007350 1.728534
0.899177 0.002162 0.001877 0.000984 0.000070 0.088381 0.007351 1.728723
0.899922 0.002183 0.001887 0.000988 0.000070 0.087598 0.007352 1.728938
0.900659 0.002183 0.001890 0.000996 0.000071 0.086847 0.007353 1.729152
0.901430 0.002206 0.001897 0.000988 0.000070 0.086056 0.007354 1.729355
0.902191 0.002199 0.001897 0.001002 0.000072 0.085284 0.007354 1.729575
0.902920 0.002202 0.001893 0.001006 0.000071 0.084552 0.007356 1.729783
0.903666 0.002195 0.001910 0.001014 0.000072 0.083786 0.007357 1.730015
0.904394 0.002228 0.001916 0.001007 0.000074 0.083023 0.007359 1.730213
0.905157 0.002234 0.001928 0.001001 0.000072 0.082247 0.007359 1.730433
0.905846 0.002241 0.001939 0.001001 0.000071 0.081541 0.007361 1.730661
0.906508 0.002249 0.001919 0.001004 0.000074 0.080884 0.007362 1.730885
0.907172 0.002259 0.001929 0.001009 0.000075 0.080193 0.007362 1.731104
0.907826 0.002248 0.001959 0.001023 0.000077 0.079504 0.007362 1.731338
0.908440 0.002247 0.001974 0.001024 0.000074 0.078877 0.007363 1.731566
0.909047 0.002263 0.001980 0.001031 0.000074 0.078242 0.007364 1.731789
0.909676 0.002261 0.001991 0.001030 0.000070 0.077605 0.007366 1.732023
0.910324 0.002281 0.001982 0.001025 0.000071 0.076950 0.007367 1.732231
0.910956 0.002284 0.001989 0.001023 0.000069 0.076310 0.007368 1.732459
0.911575 0.002289 0.001995 0.001030 0.000069 0.075672 0.007370 1.732670
0.912128 0.002302 0.001994 0.001029 0.000069 0.075108 0.007371 1.732893
0.912706 0.002298 0.002005 0.001028 0.000068 0.074525 0.007371 1.733133
0.913265 0.002277 0.002023 0.001046 0.000069 0.073949 0.007372 1.733387
0.913799 0.002282 0.002018 0.001049 0.000071 0.073410 0.007372 1.733613
0.914283 0.002276 0.002019 0.001051 0.000074 0.072924 0.007372 1.733845
0.914827 0.002268 0.002007 0.001058 0.000069 0.072399 0.007373 1.734067
0.915319 0.002292 0.001998 0.001065 0.000074 0.071879 0.007373 1.734280
0.915831 0.002294 0.002007 0.001060 0.000072 0.071362 0.007374 1.734506
0.916319 0.002306 0.002023 0.001065 0.000072 0.070840 0.007375 1.734729
0.916791 0.002335 0.002017 0.001062 0.000072 0.070347 0.007376 1.734928
0.917266 0.002334 0.002019 0.001070 0.000073 0.069861 0.007377 1.735157
0.917691 0.002367 0.002021 0.001065 0.000072 0.069405 0.007378 1.735377
0.918168 0.002396 0.002010 0.001067 0.000070 0.068910 0.007379 1.735584
0.918631 0.002405 0.002024 0.001064 0.000070 0.068426 0.007380 1.735808
0.919068 0.002389 0.002042 0.001075 0.000070 0.067973 0.007382 1.736049
0.919495 0.002393 0.002027 0.001082 0.000071 0.067551 0.007382 1.736278
0.919925 0.002386 0.002050 0.001074 0.000072 0.067110 0.007383 1.736527
0.920360 0.002378 0.002047 0.001075 0.000072 0.066684 0.007384 1.736759
0.920785 0.002382 0.002051 0.001078 0.000071 0.066248 0.007385 1.736988
0.921180 0.002388 0.002057 0.001088 0.000069 0.065832 0.007387 1.737221
0.921605 0.002364 0.002069 0.001094 0.000067 0.065413 0.007387 1.737465
0.922020 0.002343 0.002073 0.001103 0.000066 0.065007 0.007389 1.737699
0.922459 0.002347 0.002070 0.001097 0.000066 0.064572 0.007390 1.737920
0.922808 0.002371 0.002074 0.001099 0.000066 0.064192 0.007390 1.738137
0.923193 0.002356 0.002082 0.001114 0.000066 0.063798 0.007391 1.738379
0.923582 0.002363 0.002076 0.001108 0.000069 0.063411 0.007391 1.738600
0.923941 0.002369 0.002086 0.001095 0.000069 0.063048 0.007392 1.738823
0.924316 0.002372 0.002071 0.001105 0.000070 0.062673 0.007393 1.739045
0.924613 0.002365 0.002075 0.001121 0.000070 0.062362 0.007395 1.739294
0.924960 0.002348 0.002080 0.001131 0.000069 0.062015 0.007396 1.739523
0.925265 0.002354 0.002106 0.001126 0.000065 0.061688 0.007397 1.739761
0.925617 0.002351 0.002095 0.001127 0.000065 0.061348 0.007397 1.739988
0.925959 0.002350 0.002101 0.001123 0.000067 0.061003 0.007398 1.740220
0.926285 0.002350 0.002113 0.001125 0.000070 0.060657 0.007399 1.740459
0.926586 0.002344 0.002112 0.001121 0.000069 0.060367 0.007401 1.740696
0.926889 0.002324 0.002126 0.001122 0.000067 0.060070 0.007402 1.740927
0.927168 0.002331 0.002115 0.001108 0.000065 0.059811 0.007402 1.741141
0.927443 0.002346 0.002113 0.001091 0.000066 0.059539 0.007402 1.741356
0.927734 0.002351 0.002108 0.001074 0.000066 0.059264 0.007403 1.741576
0.928026 0.002361 0.002123 0.001065 0.000066 0.058955 0.007404 1.741805
0.928276 0.002396 0.002128 0.001070 0.000066 0.058659 0.007404 1.742025
0.928545 0.002419 0.002118 0.001069 0.000065 0.058377 0.007405 1.742236
0.928805 0.002413 0.002107 0.001072 0.000066 0.058130 0.007406 1.742473
0.929052 0.002409 0.002137 0.001061 0.000066 0.057869 0.007407 1.742710
0.929309 0.002413 0.002148 0.001054 0.000063 0.057605 0.007409 1.742930
0.929532 0.002408 0.002164 0.001060 0.000065 0.057361 0.007409 1.743171
0.929772 0.002424 0.002148 0.001064 0.000064 0.057118 0.007410 1.743396
0.930003 0.002396 0.002166 0.001062 0.000066 0.056897 0.007411 1.743643
0.930229 0.002387 0.002183 0.001058 0.000064 0.056666 0.007412 1.743887
0.930414 0.002406 0.002207 0.001059 0.000064 0.056437 0.007412 1.744138
0.930645 0.002395 0.002194 0.001070 0.000067 0.056216 0.007412 1.744381
0.930841 0.002398 0.002181 0.001092 0.000066 0.056008 0.007413 1.744624
0.931038 0.002410 0.002174 0.001094 0.000066 0.055804 0.007414 1.744866
0.931235 0.002415 0.002176 0.001081 0.000068 0.055611 0.007415 1.745099
0.931428 0.002431 0.002165 0.001077 0.000067 0.055416 0.007417 1.745316
0.931654 0.002424 0.002152 0.001084 0.000067 0.055201 0.007417 1.745546
0.931824 0.002473 0.002141 0.001081 0.000067 0.054996 0.007417 1.745764
0.932012 0.002497 0.002144 0.001085 0.000066 0.054776 0.007418 1.745984
0.932149 0.002505 0.002150 0.001102 0.000065 0.054609 0.007419 1.746230
0.932316 0.002499 0.002153 0.001098 0.000066 0.054449 0.007419 1.746483
0.932462 0.002514 0.002167 0.001095 0.000067 0.054275 0.007420 1.746734
0.932639 0.002498 0.002179 0.001108 0.000066 0.054088 0.007421 1.746993
0.932829 0.002484 0.002202 0.001116 0.000066 0.053881 0.007422 1.747239
0.932957 0.002485 0.002217 0.001131 0.000066 0.053722 0.007422 1.747490
0.933124 0.002478 0.002227 0.001127 0.000066 0.053553 0.007424 1.747741
0.933259 0.002482 0.002237 0.001149 0.000066 0.053382 0.007424 1.747994
0.933385 0.002507 0.002229 0.001162 0.000065 0.053226 0.007425 1.748234
0.933509 0.002533 0.002248 0.001155 0.000064 0.053066 0.007425 1.748493
0.933628 0.002527 0.002265 0.001165 0.000065 0.052924 0.007425 1.748760
0.933766 0.002512 0.002281 0.001169 0.000067 0.052778 0.007426 1.749021
0.933887 0.002523 0.002298 0.001162 0.000066 0.052637 0.007427 1.749271
0.933972 0.002531 0.002316 0.001164 0.000067 0.052524 0.007428 1.749530
0.934109 0.002548 0.002289 0.001170 0.000068 0.052387 0.007428 1.749768
0.934217 0.002561 0.002293 0.001178 0.000068 0.052255 0.007429 1.750021
0.934321 0.002583 0.002272 0.001177 0.000066 0.052152 0.007429 1.750247
0.934439 0.002566 0.002288 0.001178 0.000065 0.052034 0.007430 1.750518
0.934538 0.002603 0.002275 0.001175 0.000063 0.051913 0.007432 1.750752
0.934635 0.002605 0.002288 0.001196 0.000063 0.051780 0.007433 1.751014
0.934749 0.002598 0.002308 0.001207 0.000062 0.051642 0.007433 1.751283
0.934845 0.002603 0.002313 0.001205 0.000063 0.051538 0.007433 1.751540
0.934928 0.002630 0.002312 0.001208 0.000064 0.051425 0.007434 1.751781
0.935049 0.002616 0.002302 0.001213 0.000066 0.051319 0.007435 1.752043
0.935133 0.002632 0.002307 0.001215 0.000064 0.051212 0.007436 1.752291
0.935257 0.002610 0.002304 0.001222 0.000063 0.051106 0.007437 1.752560
0.935378 0.002615 0.002297 0.001228 0.000064 0.050981 0.007438 1.752805
0.935463 0.002621 0.002270 0.001226 0.000063 0.050917 0.007439 1.753053
0.935557 0.002641 0.002256 0.001229 0.000065 0.050812 0.007439 1.753293
0.935652 0.002623 0.002256 0.001241 0.000066 0.050720 0.007441 1.753553
0.935740 0.002629 0.002268 0.001238 0.000067 0.050616 0.007442 1.753808
0.935826 0.002607 0.002281 0.001236 0.000067 0.050539 0.007442 1.754067
0.935919 0.002591 0.002302 0.001234 0.000068 0.050443 0.007442 1.754335
0.936010 0.002577 0.002290 0.001229 0.000068 0.050384 0.007443 1.754594
0.936101 0.002593 0.002258 0.001240 0.000066 0.050298 0.007444 1.754841
0.936177 0.002609 0.002250 0.001224 0.000065 0.050228 0.007445 1.755081
0.936270 0.002615 0.002263 0.001235 0.000065 0.050107 0.007445 1.755337
0.936364 0.002622 0.002274 0.001231 0.000064 0.049998 0.007446 1.755585
0.936475 0.002596 0.002287 0.001221 0.000065 0.049910 0.007446 1.755846
0.936562 0.002593 0.002293 0.001218 0.000067 0.049819 0.007447 1.756103
0.936642 0.002574 0.002323 0.001221 0.000072 0.049721 0.007447 1.756373
0.936718 0.002585 0.002316 0.001233 0.000071 0.049628 0.007449 1.756624
0.936806 0.002566 0.002334 0.001232 0.000072 0.049540 0.007451 1.756896
0.936881 0.002562 0.002347 0.001226 0.000071 0.049461 0.007451 1.757156
0.936928 0.002587 0.002357 0.001204 0.000071 0.049401 0.007452 1.757410
0.937004 0.002579 0.002344 0.001207 0.000070 0.049342 0.007454 1.757666
0.937084 0.002586 0.002337 0.001197 0.000070 0.049270 0.007455 1.757911
0.937159 0.002561 0.002340 0.001197 0.000072 0.049215 0.007456 1.758182
0.937215 0.002589 0.002335 0.001195 0.000070 0.049139 0.007457 1.758418
0.937299 0.002576 0.002359 0.001198 0.000068 0.049039 0.007460 1.758688
0.937350 0.002579 0.002357 0.001197 0.000067 0.048989 0.007461 1.758951
0.937407 0.002577 0.002348 0.001209 0.000067 0.048931 0.007462 1.759213
0.937477 0.002568 0.002340 0.001226 0.000063 0.048862 0.007463 1.759469
0.937540 0.002563 0.002342 0.001221 0.000064 0.048806 0.007463 1.759725
0.937599 0.002560 0.002340 0.001228 0.000062 0.048746 0.007465 1.759984
0.937627 0.002585 0.002346 0.001215 0.000064 0.048698 0.007465 1.760228
0.937670 0.002603 0.002346 0.001215 0.000065 0.048636 0.007465 1.760479
0.937705 0.002614 0.002354 0.001214 0.000066 0.048582 0.007465 1.760735
0.937764 0.002621 0.002372 0.001209 0.000067 0.048501 0.007465 1.760980
0.937814 0.002613 0.002367 0.001215 0.000070 0.048458 0.007465 1.761248
0.937859 0.002595 0.002361 0.001212 0.000071 0.048436 0.007466 1.761515
0.937898 0.002610 0.002372 0.001206 0.000074 0.048373 0.007467 1.761767
0.937946 0.002632 0.002376 0.001203 0.000076 0.048298 0.007468 1.762018
0.937974 0.002623 0.002372 0.001205 0.000079 0.048279 0.007468 1.762275
0.937974 0.002645 0.002383 0.001215 0.000079 0.048234 0.007469 1.762549
0.937999 0.002648 0.002400 0.001210 0.000079 0.048194 0.007469 1.762810
0.938034 0.002630 0.002397 0.001222 0.000076 0.048171 0.007470 1.763092
0.938041 0.002658 0.002395 0.001227 0.000076 0.048133 0.007470 1.763345
0.938077 0.002673 0.002396 0.001226 0.000077 0.048079 0.007472 1.763603
0.938121 0.002673 0.002395 0.001211 0.000079 0.048049 0.007472 1.763864
0.938133 0.002683 0.002411 0.001208 0.000077 0.048013 0.007473 1.764127
0.938167 0.002678 0.002415 0.001228 0.000077 0.047960 0.007475 1.764408
0.938194 0.002689 0.002432 0.001219 0.000077 0.047913 0.007475 1.764665
0.938182 0.002703 0.002410 0.001221 0.000074 0.047934 0.007476 1.764928
0.938209 0.002703 0.002404 0.001230 0.000077 0.047899 0.007477 1.765196
0.938236 0.002714 0.002413 0.001232 0.000076 0.047850 0.007478 1.765459
0.938277 0.002718 0.002416 0.001233 0.000075 0.047801 0.007480 1.765724
0.938326 0.002733 0.002412 0.001235 0.000076 0.047737 0.007481 1.765970
0.938346 0.002738 0.002413 0.001240 0.000074 0.047705 0.007483 1.766244
0.938370 0.002724 0.002426 0.001239 0.000072 0.047687 0.007483 1.766516
0.938385 0.002725 0.002438 0.001244 0.000070 0.047653 0.007484 1.766778
0.938401 0.002738 0.002422 0.001255 0.000069 0.047630 0.007484 1.767042
0.938438 0.002754 0.002424 0.001237 0.000068 0.047592 0.007486 1.767299
0.938462 0.002756 0.002425 0.001233 0.000070 0.047567 0.007487 1.767564
0.938490 0.002768 0.002425 0.001234 0.000072 0.047524 0.007488 1.767822
0.938519 0.002750 0.002438 0.001233 0.000069 0.047501 0.007488 1.768091
0.938510 0.002780 0.002445 0.001227 0.000070 0.047480 0.007489 1.768358
0.938538 0.002793 0.002457 0.001222 0.000069 0.047430 0.007491 1.768623
0.938572 0.002787 0.002468 0.001226 0.000069 0.047385 0.007492 1.768895
0.938578 0.002799 0.002475 0.001227 0.000064 0.047364 0.007493 1.769162
0.938599 0.002819 0.002474 0.001238 0.000066 0.047312 0.007493 1.769421
0.938594 0.002816 0.002493 0.001252 0.000064 0.047286 0.007495 1.769698
0.938601 0.002819 0.002485 0.001261 0.000061 0.047277 0.007497 1.769972
0.938611 0.002778 0.002491 0.001269 0.000062 0.047291 0.007498 1.770270
0.938628 0.002758 0.002492 0.001273 0.000066 0.047285 0.007498 1.770554
0.938624 0.002784 0.002484 0.001265 0.000069 0.047274 0.007498 1.770813
0.938648 0.002777 0.002472 0.001256 0.000070 0.047279 0.007498 1.771072
0.938672 0.002765 0.002500 0.001244 0.000070 0.047248 0.007499 1.771359
0.938681 0.002774 0.002494 0.001232 0.000066 0.047251 0.007501 1.771621
0.938693 0.002765 0.002518 0.001241 0.000065 0.047216 0.007501 1.771902
0.938690 0.002760 0.002521 0.001239 0.000064 0.047222 0.007502 1.772176
0.938708 0.002762 0.002521 0.001239 0.000065 0.047203 0.007502 1.772441
0.938704 0.002776 0.002489 0.001231 0.000068 0.047228 0.007502 1.772692
0.938706 0.002777 0.002478 0.001235 0.000068 0.047232 0.007503 1.772964
0.938721 0.002769 0.002472 0.001221 0.000070 0.047243 0.007503 1.773225
0.938700 0.002793 0.002461 0.001235 0.000069 0.047237 0.007505 1.773499
0.938697 0.002797 0.002471 0.001246 0.000071 0.047213 0.007505 1.773779
0.938715 0.002824 0.002470 0.001237 0.000074 0.047174 0.007505 1.774032
0.938725 0.002816 0.002474 0.001248 0.000079 0.047151 0.007505 1.774312
0.938748 0.002779 0.002488 0.001247 0.000080 0.047152 0.007506 1.774604
0.938770 0.002758 0.002483 0.001250 0.000080 0.047150 0.007507 1.774887
0.938782 0.002781 0.002469 0.001237 0.000080 0.047143 0.007507 1.775133
0.938788 0.002788 0.002458 0.001230 0.000078 0.047150 0.007508 1.775397
0.938779 0.002786 0.002462 0.001228 0.000080 0.047153 0.007510 1.775676
0.938763 0.002779 0.002466 0.001234 0.000079 0.047167 0.007511 1.775951
0.938754 0.002788 0.002472 0.001231 0.000078 0.047163 0.007513 1.776214
0.938755 0.002781 0.002493 0.001231 0.000078 0.047145 0.007515 1.776499
0.938760 0.002767 0.002486 0.001235 0.000079 0.047156 0.007515 1.776780
0.938777 0.002761 0.002491 0.001244 0.000079 0.047131 0.007516 1.777064
0.938780 0.002743 0.002488 0.001245 0.000078 0.047148 0.007517 1.777338
0.938810 0.002735 0.002480 0.001241 0.000077 0.047138 0.007519 1.777592
0.938841 0.002713 0.002488 0.001237 0.000078 0.047122 0.007520 1.777866
0.938862 0.002705 0.002485 0.001231 0.000078 0.047117 0.007521 1.778127
0.938875 0.002683 0.002486 0.001235 0.000075 0.047123 0.007522 1.778411
0.938868 0.002682 0.002479 0.001249 0.000074 0.047123 0.007523 1.778681
0.938887 0.002672 0.002471 0.001251 0.000078 0.047116 0.007524 1.778947
0.938925 0.002682 0.002463 0.001238 0.000080 0.047087 0.007525 1.779191
0.938930 0.002702 0.002450 0.001224 0.000084 0.047084 0.007525 1.779439
0.938917 0.002717 0.002453 0.001226 0.000085 0.047075 0.007526 1.779703
0.938939 0.002734 0.002441 0.001224 0.000081 0.047052 0.007529 1.779950
0.938952 0.002722 0.002446 0.001225 0.000082 0.047042 0.007530 1.780215
0.938945 0.002715 0.002481 0.001227 0.000082 0.047017 0.007531 1.780502
0.938959 0.002718 0.002464 0.001222 0.000084 0.047019 0.007532 1.780756
0.938975 0.002717 0.002467 0.001216 0.000082 0.047009 0.007534 1.781025
0.938980 0.002718 0.002476 0.001221 0.000080 0.046990 0.007535 1.781288
0.938967 0.002757 0.002480 0.001213 0.000083 0.046965 0.007536 1.781551
0.938951 0.002742 0.002489 0.001222 0.000083 0.046978 0.007536 1.781841
0.938987 0.002701 0.002501 0.001215 0.000084 0.046974 0.007537 1.782119
0.939008 0.002707 0.002484 0.001216 0.000085 0.046963 0.007537 1.782368
0.939013 0.002735 0.002490 0.001210 0.000086 0.046926 0.007537 1.782625
0.939007 0.002718 0.002513 0.001220 0.000087 0.046916 0.007539 1.782909
0.939006 0.002731 0.002499 0.001220 0.000084 0.046918 0.007540 1.783161
0.939024 0.002735 0.002507 0.001226 0.000084 0.046882 0.007542 1.783427
0.939013 0.002718 0.002538 0.001229 0.000081 0.046874 0.007545 1.783709
0.939028 0.002735 0.002509 0.001226 0.000080 0.046876 0.007546 1.783952
0.939041 0.002738 0.002508 0.001210 0.000081 0.046874 0.007546 1.784205
0.939055 0.002750 0.002490 0.001208 0.000080 0.046869 0.007548 1.784452
0.939057 0.002762 0.002485 0.001208 0.000079 0.046860 0.007549 1.784701
0.939039 0.002779 0.002474 0.001215 0.000080 0.046863 0.007549 1.784969
0.939036 0.002774 0.002478 0.001225 0.000079 0.046859 0.007550 1.785238
0.939051 0.002756 0.002489 0.001241 0.000078 0.046832 0.007551 1.785531
0.939045 0.002755 0.002507 0.001245 0.000077 0.046817 0.007553 1.785813
0.939030 0.002753 0.002521 0.001255 0.000076 0.046810 0.007554 1.786094
0.939022 0.002765 0.002516 0.001264 0.000076 0.046802 0.007555 1.786356
0.938998 0.002786 0.002499 0.001265 0.000078 0.046818 0.007556 1.786617
0.938977 0.002795 0.002496 0.001255 0.000078 0.046842 0.007556 1.786897
0.938997 0.002781 0.002513 0.001247 0.000079 0.046824 0.007556 1.787167
0.938930 0.002800 0.002532 0.001251 0.000080 0.046850 0.007556 1.787448
0.938914 0.002781 0.002551 0.001257 0.000082 0.046857 0.007557 1.787736
0.938902 0.002772 0.002558 0.001257 0.000086 0.046868 0.007557 1.788008
0.938945 0.002767 0.002552 0.001241 0.000088 0.046849 0.007557 1.788262
0.938972 0.002755 0.002546 0.001247 0.000090 0.046831 0.007557 1.788535
0.938991 0.002742 0.002510 0.001258 0.000090 0.046850 0.007558 1.788807
0.938999 0.002742 0.002510 0.001249 0.000090 0.046851 0.007559 1.789067
0.939025 0.002730 0.002514 0.001246 0.000088 0.046835 0.007561 1.789336
0.939034 0.002721 0.002499 0.001253 0.000087 0.046843 0.007562 1.789598
0.939040 0.002719 0.002459 0.001246 0.000086 0.046884 0.007564 1.789851
0.939065 0.002715 0.002460 0.001235 0.000087 0.046872 0.007565 1.790113
0.939056 0.002718 0.002474 0.001227 0.000088 0.046871 0.007566 1.790392
0.939064 0.002740 0.002471 0.001224 0.000086 0.046848 0.007566 1.790641
0.939084 0.002730 0.002478 0.001223 0.000086 0.046831 0.007567 1.790903
0.939081 0.002731 0.002454 0.001218 0.000085 0.046861 0.007569 1.791167
0.939106 0.002716 0.002441 0.001214 0.000084 0.046868 0.007570 1.791422
0.939099 0.002714 0.002440 0.001222 0.000081 0.046872 0.007572 1.791681
0.939113 0.002706 0.002415 0.001211 0.000082 0.046899 0.007573 1.791944
0.939113 0.002695 0.002437 0.001209 0.000083 0.046888 0.007574 1.792225
0.939128 0.002665 0.002429 0.001223 0.000085 0.046894 0.007575 1.792500
0.939133 0.002680 0.002433 0.001219 0.000086 0.046873 0.007576 1.792758
0.939174 0.002653 0.002443 0.001234 0.000086 0.046834 0.007576 1.793027
0.939162 0.002658 0.002460 0.001244 0.000084 0.046813 0.007578 1.793290
0.939180 0.002649 0.002447 0.001242 0.000084 0.046817 0.007579 1.793548
0.939193 0.002640 0.002437 0.001245 0.000087 0.046820 0.007580 1.793809
0.939179 0.002645 0.002441 0.001241 0.000085 0.046828 0.007581 1.794054
0.939163 0.002648 0.002448 0.001244 0.000084 0.046832 0.007581 1.794320
0.939169 0.002644 0.002454 0.001227 0.000082 0.046840 0.007583 1.794571
0.939198 0.002635 0.002448 0.001235 0.000085 0.046816 0.007584 1.794832
0.939240 0.002618 0.002468 0.001218 0.000084 0.046785 0.007585 1.795085
0.939246 0.002626 0.002469 0.001221 0.000084 0.046766 0.007587 1.795342
0.939283 0.002612 0.002446 0.001212 0.000085 0.046775 0.007587 1.795597
0.939291 0.002595 0.002440 0.001217 0.000084 0.046785 0.007588 1.795869
0.939308 0.002618 0.002422 0.001227 0.000084 0.046752 0.007589 1.796112
0.939321 0.002622 0.002433 0.001224 0.000085 0.046724 0.007590 1.796375
0.939332 0.002625 0.002432 0.001217 0.000080 0.046723 0.007591 1.796620
0.939353 0.002632 0.002414 0.001208 0.000084 0.046717 0.007593 1.796859
0.939349 0.002642 0.002415 0.001210 0.000082 0.046708 0.007594 1.797116
0.939373 0.002618 0.002426 0.001199 0.000078 0.046708 0.007596 1.797383
0.939404 0.002593 0.002447 0.001197 0.000076 0.046685 0.007597 1.797652
0.939427 0.002586 0.002437 0.001193 0.000078 0.046680 0.007598 1.797907
0.939465 0.002566 0.002411 0.001206 0.000078 0.046675 0.007599 1.798169
0.939512 0.002546 0.002399 0.001213 0.000080 0.046651 0.007599 1.798418
0.939536 0.002546 0.002390 0.001203 0.000075 0.046647 0.007602 1.798667
0.939578 0.002531 0.002372 0.001203 0.000075 0.046637 0.007603 1.798921
0.939594 0.002536 0.002359 0.001195 0.000076 0.046636 0.007603 1.799163
0.939603 0.002530 0.002360 0.001197 0.000077 0.046627 0.007605 1.799425
0.939641 0.002522 0.002353 0.001201 0.000077 0.046601 0.007605 1.799667
0.939660 0.002527 0.002359 0.001186 0.000075 0.046588 0.007606 1.799916
0.939660 0.002527 0.002359 0.001194 0.000074 0.046578 0.007607 1.800176
0.939686 0.002539 0.002361 0.001176 0.000072 0.046558 0.007609 1.800404
0.939693 0.002538 0.002363 0.001157 0.000073 0.046566 0.007609 1.800658
0.939684 0.002521 0.002381 0.001169 0.000078 0.046558 0.007609 1.800921
0.939690 0.002553 0.002375 0.001151 0.000082 0.046538 0.007611 1.801157
0.939693 0.002556 0.002350 0.001149 0.000080 0.046558 0.007613 1.801395
0.939734 0.002541 0.002350 0.001157 0.000083 0.046522 0.007613 1.801641
0.939750 0.002548 0.002341 0.001164 0.000082 0.046502 0.007613 1.801883
0.939778 0.002536 0.002328 0.001192 0.000078 0.046470 0.007616 1.802145
0.939760 0.002548 0.002335 0.001190 0.000077 0.046473 0.007617 1.802391
0.939795 0.002525 0.002341 0.001190 0.000077 0.046454 0.007617 1.802648
0.939783 0.002548 0.002323 0.001192 0.000078 0.046457 0.007618 1.802888
0.939795 0.002550 0.002331 0.001188 0.000076 0.046441 0.007620 1.803132
0.939827 0.002542 0.002319 0.001187 0.000076 0.046429 0.007620 1.803373
0.939852 0.002530 0.002306 0.001191 0.000075 0.046425 0.007620 1.803623
0.939851 0.002530 0.002298 0.001195 0.000075 0.046431 0.007621 1.803875
0.939872 0.002526 0.002280 0.001194 0.000076 0.046431 0.007621 1.804126
0.939867 0.002558 0.002298 0.001184 0.000077 0.046393 0.007623 1.804371
0.939872 0.002563 0.002319 0.001171 0.000076 0.046376 0.007624 1.804623
0.939874 0.002572 0.002291 0.001172 0.000076 0.046391 0.007624 1.804861
0.939891 0.002553 0.002303 0.001171 0.000075 0.046382 0.007625 1.805120
0.939908 0.002546 0.002309 0.001165 0.000076 0.046372 0.007625 1.805381
0.939908 0.002539 0.002294 0.001167 0.000073 0.046393 0.007626 1.805637
0.939920 0.002529 0.002303 0.001173 0.000074 0.046373 0.007627 1.805899
0.939912 0.002536 0.002301 0.001167 0.000074 0.046382 0.007628 1.806141
0.939916 0.002566 0.002286 0.001167 0.000074 0.046363 0.007628 1.806373
0.939903 0.002604 0.002265 0.001166 0.000072 0.046360 0.007629 1.806606
0.939894 0.002625 0.002266 0.001173 0.000074 0.046338 0.007631 1.806854
0.939895 0.002623 0.002301 0.001176 0.000075 0.046297 0.007633 1.807120
0.939889 0.002625 0.002310 0.001172 0.000073 0.046295 0.007635 1.807376
0.939890 0.002639 0.002313 0.001176 0.000073 0.046272 0.007636 1.807623
0.939876 0.002630 0.002319 0.001174 0.000072 0.046292 0.007637 1.807888
0.939874 0.002629 0.002335 0.001165 0.000074 0.046284 0.007638 1.808142
0.939884 0.002650 0.002318 0.001167 0.000073 0.046269 0.007639 1.808382
0.939877 0.002647 0.002325 0.001174 0.000073 0.046264 0.007640 1.808647
0.939878 0.002647 0.002319 0.001186 0.000073 0.046255 0.007641 1.808909
0.939856 0.002652 0.002339 0.001187 0.000070 0.046253 0.007643 1.809163
0.939871 0.002638 0.002360 0.001183 0.000072 0.046231 0.007644 1.809427
0.939868 0.002642 0.002374 0.001177 0.000072 0.046222 0.007645 1.809694
0.939852 0.002666 0.002379 0.001177 0.000072 0.046207 0.007647 1.809945
0.939821 0.002694 0.002368 0.001182 0.000073 0.046215 0.007648 1.810191
0.939821 0.002690 0.002379 0.001195 0.000075 0.046190 0.007650 1.810465
0.939799 0.002685 0.002389 0.001197 0.000073 0.046207 0.007651 1.810743
0.939764 0.002702 0.002391 0.001205 0.000073 0.046212 0.007653 1.811013
0.939760 0.002705 0.002389 0.001201 0.000071 0.046220 0.007653 1.811277
0.939757 0.002706 0.002396 0.001209 0.000068 0.046209 0.007655 1.811546
0.939749 0.002704 0.002426 0.001210 0.000070 0.046185 0.007656 1.811824
0.939755 0.002687 0.002436 0.001223 0.000072 0.046171 0.007657 1.812096
0.939753 0.002696 0.002419 0.001216 0.000074 0.046184 0.007657 1.812344
0.939734 0.002680 0.002438 0.001222 0.000070 0.046197 0.007659 1.812627
0.939721 0.002681 0.002432 0.001209 0.000071 0.046228 0.007660 1.812883
0.939710 0.002675 0.002445 0.001203 0.000071 0.046232 0.007662 1.813153
0.939717 0.002667 0.002436 0.001219 0.000070 0.046229 0.007662 1.813427
0.939707 0.002671 0.002456 0.001217 0.000067 0.046220 0.007662 1.813692
0.939701 0.002661 0.002475 0.001215 0.000065 0.046219 0.007665 1.813964
0.939717 0.002663 0.002441 0.001218 0.000063 0.046233 0.007665 1.814215
0.939730 0.002672 0.002442 0.001218 0.000061 0.046211 0.007666 1.814468
0.939729 0.002651 0.002463 0.001226 0.000063 0.046203 0.007667 1.814752
0.939720 0.002661 0.002449 0.001227 0.000064 0.046212 0.007667 1.815008
0.939733 0.002627 0.002465 0.001243 0.000065 0.046199 0.007668 1.815300
0.939721 0.002647 0.002447 0.001237 0.000064 0.046216 0.007668 1.815537
0.939721 0.002630 0.002451 0.001245 0.000062 0.046223 0.007669 1.815813
0.939717 0.002618 0.002466 0.001251 0.000061 0.046216 0.007670 1.816085
0.939697 0.002648 0.002447 0.001249 0.000059 0.046230 0.007671 1.816331
0.939710 0.002639 0.002432 0.001260 0.000057 0.046228 0.007673 1.816600
0.939703 0.002657 0.002407 0.001253 0.000057 0.046249 0.007674 1.816845
0.939711 0.002642 0.002408 0.001243 0.000058 0.046264 0.007674 1.817104
0.939711 0.002636 0.002408 0.001256 0.000059 0.046256 0.007674 1.817375
0.939693 0.002661 0.002398 0.001238 0.000058 0.046276 0.007675 1.817617
0.939695 0.002678 0.002373 0.001230 0.000058 0.046289 0.007676 1.817858
0.939684 0.002693 0.002373 0.001216 0.000057 0.046298 0.007678 1.818113
0.939688 0.002668 0.002357 0.001236 0.000056 0.046315 0.007679 1.818390
0.939731 0.002639 0.002366 0.001242 0.000057 0.046285 0.007680 1.818654
0.939698 0.002648 0.002368 0.001237 0.000059 0.046311 0.007680 1.818917
0.939687 0.002655 0.002371 0.001243 0.000058 0.046305 0.007681 1.819182
0.939682 0.002651 0.002383 0.001253 0.000057 0.046291 0.007683 1.819453
0.939684 0.002643 0.002357 0.001258 0.000059 0.046316 0.007683 1.819703
0.939673 0.002645 0.002376 0.001241 0.000061 0.046320 0.007684 1.819952
0.939673 0.002635 0.002376 0.001241 0.000060 0.046330 0.007685 1.820213
0.939672 0.002635 0.002379 0.001235 0.000061 0.046332 0.007685 1.820469
0.939679 0.002631 0.002386 0.001251 0.000064 0.046302 0.007687 1.820731
0.939642 0.002656 0.002352 0.001251 0.000064 0.046347 0.007688 1.820983
0.939657 0.002658 0.002372 0.001244 0.000066 0.046314 0.007689 1.821236
0.939652 0.002643 0.002404 0.001241 0.000066 0.046307 0.007689 1.821509
0.939644 0.002664 0.002400 0.001243 0.000066 0.046294 0.007689 1.821766
