0.369560 0.061263 0.054926 0.031507 0.001996 0.475128 0.005620 1.552892
0.372250 0.058707 0.054721 0.031316 0.002006 0.475357 0.005643 1.558712
0.375727 0.055512 0.054549 0.030973 0.002022 0.475553 0.005665 1.564313
0.379729 0.052214 0.054099 0.030500 0.002014 0.475750 0.005694 1.569522
0.384006 0.048847 0.053541 0.029985 0.002009 0.475888 0.005723 1.574442
0.388700 0.045484 0.052903 0.029352 0.002000 0.475808 0.005753 1.579120
0.393407 0.042218 0.052183 0.028699 0.001989 0.475726 0.005777 1.583507
0.398482 0.039085 0.051240 0.027937 0.001989 0.475468 0.005799 1.587580
0.403601 0.036259 0.050218 0.027101 0.001976 0.475021 0.005825 1.591262
0.408676 0.033531 0.049022 0.026316 0.001956 0.474646 0.005853 1.594767
0.413898 0.031073 0.047781 0.025476 0.001962 0.473935 0.005874 1.597931
0.419169 0.028807 0.046421 0.024590 0.001959 0.473161 0.005894 1.600809
0.424446 0.026660 0.045116 0.023669 0.001952 0.472242 0.005916 1.603528
0.429751 0.024682 0.043657 0.022817 0.001931 0.471223 0.005940 1.606058
0.435088 0.022814 0.042280 0.021978 0.001906 0.469971 0.005964 1.608449
0.440467 0.021165 0.040757 0.021068 0.001895 0.468662 0.005985 1.610578
0.445790 0.019644 0.039273 0.020181 0.001882 0.467222 0.006008 1.612555
0.451226 0.018221 0.037873 0.019324 0.001863 0.465460 0.006033 1.614410
0.456567 0.016882 0.036408 0.018547 0.001841 0.463704 0.006053 1.616149
0.461950 0.015717 0.034980 0.017694 0.001814 0.461774 0.006071 1.617710
0.467365 0.014615 0.033587 0.016907 0.001804 0.459632 0.006089 1.619175
0.472759 0.013564 0.032241 0.016138 0.001776 0.457407 0.006114 1.620579
0.478157 0.012614 0.030856 0.015376 0.001754 0.455108 0.006135 1.621855
0.483530 0.011761 0.029518 0.014657 0.001727 0.452650 0.006157 1.623035
0.488857 0.010918 0.028286 0.013984 0.001689 0.450085 0.006180 1.624169
0.494217 0.010194 0.026983 0.013269 0.001658 0.447479 0.006201 1.625185
0.499550 0.009494 0.025751 0.012631 0.001630 0.444720 0.006225 1.626174
0.504851 0.008846 0.024616 0.012000 0.001610 0.441830 0.006246 1.627096
0.510154 0.008306 0.023444 0.011384 0.001584 0.438860 0.006269 1.627912
0.515466 0.007780 0.022329 0.010826 0.001552 0.435754 0.006293 1.628676
0.520585 0.007315 0.021243 0.010261 0.001520 0.432766 0.006310 1.629404
0.525731 0.006855 0.020231 0.009788 0.001477 0.429585 0.006334 1.630109
0.530850 0.006429 0.019316 0.009297 0.001447 0.426305 0.006355 1.630771
0.536017 0.006052 0.018374 0.008811 0.001414 0.422956 0.006374 1.631368
0.541056 0.005691 0.017521 0.008362 0.001377 0.419598 0.006395 1.631957
0.546001 0.005367 0.016664 0.007955 0.001342 0.416260 0.006411 1.632498
0.550989 0.005053 0.015898 0.007568 0.001313 0.412750 0.006429 1.633020
0.555854 0.004751 0.015174 0.007188 0.001280 0.409307 0.006448 1.633519
0.560828 0.004459 0.014408 0.006844 0.001246 0.405749 0.006466 1.633994
0.565740 0.004198 0.013703 0.006508 0.001210 0.402161 0.006482 1.634413
0.570622 0.003994 0.013022 0.006192 0.001181 0.398493 0.006495 1.634788
0.575391 0.003791 0.012383 0.005879 0.001160 0.394888 0.006509 1.635170
0.580120 0.003618 0.011770 0.005568 0.001132 0.391270 0.006522 1.635512
0.584926 0.003409 0.011215 0.005274 0.001110 0.387531 0.006537 1.635883
0.589666 0.003216 0.010658 0.005010 0.001074 0.383823 0.006555 1.636227
0.594284 0.003055 0.010123 0.004760 0.001049 0.380160 0.006570 1.636542
0.598862 0.002902 0.009636 0.004536 0.001024 0.376458 0.006582 1.636849
0.603356 0.002773 0.009166 0.004273 0.000992 0.372842 0.006597 1.637113
0.607891 0.002633 0.008700 0.004061 0.000967 0.369142 0.006607 1.637390
0.612379 0.002508 0.008285 0.003835 0.000949 0.365424 0.006619 1.637649
0.616730 0.002420 0.007881 0.003623 0.000921 0.361791 0.006633 1.637879
0.621086 0.002316 0.007507 0.003432 0.000886 0.358124 0.006650 1.638117
0.625323 0.002233 0.007158 0.003260 0.000871 0.354498 0.006658 1.638341
0.629524 0.002160 0.006795 0.003087 0.000849 0.350915 0.006672 1.638547
0.633683 0.002084 0.006478 0.002934 0.000824 0.347319 0.006679 1.638743
0.637883 0.002002 0.006158 0.002788 0.000801 0.343681 0.006688 1.638937
0.642071 0.001930 0.005840 0.002651 0.000767 0.340041 0.006702 1.639117
0.646177 0.001864 0.005554 0.002538 0.000744 0.336408 0.006715 1.639294
0.650215 0.001801 0.005286 0.002395 0.000722 0.332853 0.006728 1.639459
0.654272 0.001693 0.005053 0.002294 0.000700 0.329251 0.006738 1.639654
0.658261 0.001640 0.004796 0.002195 0.000678 0.325684 0.006746 1.639804
0.662222 0.001556 0.004577 0.002090 0.000654 0.322147 0.006754 1.639969
0.666146 0.001496 0.004379 0.001997 0.000628 0.318590 0.006765 1.640125
0.669984 0.001420 0.004167 0.001915 0.000609 0.315132 0.006774 1.640280
0.673880 0.001366 0.003980 0.001823 0.000588 0.311577 0.006786 1.640416
0.677672 0.001310 0.003804 0.001748 0.000570 0.308101 0.006795 1.640554
0.681407 0.001251 0.003625 0.001667 0.000547 0.304700 0.006804 1.640686
0.685118 0.001212 0.003457 0.001586 0.000530 0.301288 0.006810 1.640806
0.688765 0.001162 0.003298 0.001523 0.000510 0.297926 0.006816 1.640927
0.692417 0.001112 0.003140 0.001445 0.000493 0.294571 0.006821 1.641046
0.696010 0.001087 0.002978 0.001379 0.000479 0.291240 0.006826 1.641144
0.699593 0.001041 0.002836 0.001308 0.000465 0.287924 0.006833 1.641251
0.703113 0.000998 0.002715 0.001255 0.000450 0.284631 0.006838 1.641359
0.706587 0.000968 0.002583 0.001193 0.000435 0.281390 0.006845 1.641454
0.709980 0.000932 0.002466 0.001148 0.000414 0.278207 0.006853 1.641548
0.713256 0.000895 0.002342 0.001099 0.000403 0.275149 0.006857 1.641644
0.716603 0.000865 0.002247 0.001052 0.000394 0.271978 0.006861 1.641733
0.719966 0.000831 0.002150 0.001015 0.000380 0.268791 0.006867 1.641821
0.723298 0.000798 0.002062 0.000969 0.000364 0.265636 0.006874 1.641902
0.726525 0.000759 0.001968 0.000936 0.000352 0.262581 0.006879 1.641987
0.729742 0.000742 0.001872 0.000888 0.000339 0.259532 0.006885 1.642052
0.732924 0.000732 0.001791 0.000851 0.000330 0.256483 0.006890 1.642115
0.736118 0.000716 0.001722 0.000813 0.000318 0.253420 0.006893 1.642180
0.739277 0.000693 0.001644 0.000774 0.000310 0.250407 0.006895 1.642248
0.742325 0.000669 0.001588 0.000743 0.000298 0.247479 0.006900 1.642322
0.745371 0.000657 0.001520 0.000710 0.000288 0.244553 0.006903 1.642386
0.748379 0.000646 0.001453 0.000680 0.000275 0.241660 0.006908 1.642442
0.751347 0.000627 0.001405 0.000641 0.000265 0.238804 0.006912 1.642496
0.754324 0.000607 0.001339 0.000615 0.000257 0.235946 0.006914 1.642556
0.757173 0.000594 0.001288 0.000586 0.000247 0.233195 0.006918 1.642614
0.760010 0.000583 0.001244 0.000563 0.000239 0.230441 0.006921 1.642671
0.762802 0.000577 0.001190 0.000545 0.000231 0.227731 0.006924 1.642720
0.765554 0.000574 0.001126 0.000522 0.000224 0.225073 0.006928 1.642766
0.768356 0.000546 0.001086 0.000514 0.000215 0.222352 0.006930 1.642832
0.771034 0.000536 0.001050 0.000496 0.000209 0.219740 0.006935 1.642883
0.773678 0.000521 0.001016 0.000485 0.000202 0.217161 0.006938 1.642935
0.776311 0.000494 0.000988 0.000467 0.000194 0.214608 0.006939 1.642993
0.778952 0.000481 0.000957 0.000450 0.000190 0.212031 0.006940 1.643039
0.781486 0.000473 0.000931 0.000427 0.000183 0.209558 0.006943 1.643080
0.784134 0.000463 0.000891 0.000407 0.000176 0.206984 0.006946 1.643124
0.786704 0.000458 0.000858 0.000394 0.000171 0.204469 0.006947 1.643164
0.789165 0.000445 0.000835 0.000372 0.000165 0.202070 0.006948 1.643211
0.791634 0.000441 0.000806 0.000360 0.000158 0.199652 0.006950 1.643253
0.794105 0.000428 0.000787 0.000351 0.000154 0.197223 0.006952 1.643301
0.796526 0.000405 0.000761 0.000339 0.000145 0.194871 0.006954 1.643349
0.798885 0.000389 0.000725 0.000328 0.000137 0.192580 0.006957 1.643391
0.801281 0.000370 0.000705 0.000318 0.000132 0.190234 0.006958 1.643438
0.803657 0.000355 0.000676 0.000307 0.000127 0.187920 0.006959 1.643475
0.805968 0.000340 0.000653 0.000294 0.000122 0.185663 0.006961 1.643512
0.808293 0.000328 0.000626 0.000290 0.000118 0.183382 0.006964 1.643545
0.810524 0.000324 0.000602 0.000279 0.000115 0.181191 0.006965 1.643573
0.812785 0.000315 0.000593 0.000270 0.000113 0.178957 0.006966 1.643605
0.814967 0.000312 0.000580 0.000256 0.000111 0.176808 0.006967 1.643638
0.817161 0.000302 0.000557 0.000248 0.000108 0.174657 0.006967 1.643666
0.819248 0.000292 0.000541 0.000235 0.000105 0.172609 0.006970 1.643694
0.821379 0.000291 0.000514 0.000222 0.000103 0.170519 0.006972 1.643720
0.823443 0.000282 0.000496 0.000213 0.000097 0.168496 0.006974 1.643749
0.825440 0.000278 0.000479 0.000200 0.000095 0.166534 0.006975 1.643775
0.827495 0.000264 0.000454 0.000194 0.000092 0.164525 0.006975 1.643807
0.829469 0.000253 0.000443 0.000187 0.000090 0.162582 0.006976 1.643833
0.831447 0.000249 0.000433 0.000174 0.000085 0.160631 0.006979 1.643857
0.833371 0.000243 0.000431 0.000172 0.000081 0.158722 0.006980 1.643882
0.835238 0.000236 0.000424 0.000168 0.000077 0.156874 0.006983 1.643908
0.837113 0.000239 0.000406 0.000164 0.000074 0.155020 0.006984 1.643930
0.838971 0.000234 0.000394 0.000157 0.000073 0.153186 0.006985 1.643951
0.840787 0.000228 0.000380 0.000155 0.000070 0.151393 0.006987 1.643973
0.842588 0.000222 0.000368 0.000150 0.000069 0.149616 0.006987 1.643996
0.844339 0.000222 0.000355 0.000145 0.000067 0.147883 0.006989 1.644014
0.846105 0.000210 0.000348 0.000139 0.000067 0.146143 0.006989 1.644036
0.847797 0.000200 0.000336 0.000136 0.000065 0.144476 0.006990 1.644060
0.849487 0.000201 0.000327 0.000134 0.000063 0.142796 0.006991 1.644077
0.851213 0.000198 0.000314 0.000128 0.000060 0.141095 0.006992 1.644093
0.852831 0.000196 0.000304 0.000130 0.000059 0.139488 0.006993 1.644111
0.854467 0.000196 0.000295 0.000128 0.000056 0.137865 0.006994 1.644128
0.855993 0.000191 0.000284 0.000128 0.000055 0.136356 0.006994 1.644145
0.857585 0.000192 0.000274 0.000127 0.000053 0.134776 0.006994 1.644163
0.859139 0.000189 0.000265 0.000127 0.000052 0.133234 0.006994 1.644181
0.860715 0.000181 0.000264 0.000122 0.000051 0.131673 0.006995 1.644199
0.862140 0.000179 0.000258 0.000117 0.000047 0.130263 0.006996 1.644219
0.863533 0.000181 0.000249 0.000116 0.000046 0.128880 0.006997 1.644234
0.864927 0.000178 0.000237 0.000113 0.000045 0.127503 0.006998 1.644247
0.866256 0.000173 0.000237 0.000109 0.000045 0.126183 0.006998 1.644263
0.867609 0.000162 0.000236 0.000106 0.000043 0.124845 0.006999 1.644284
0.868908 0.000162 0.000228 0.000103 0.000042 0.123558 0.006999 1.644295
0.870251 0.000165 0.000223 0.000098 0.000040 0.122223 0.007000 1.644307
0.871540 0.000158 0.000224 0.000100 0.000038 0.120941 0.007000 1.644327
0.872809 0.000150 0.000222 0.000098 0.000037 0.119683 0.007001 1.644343
0.874004 0.000144 0.000211 0.000097 0.000036 0.118506 0.007001 1.644360
0.875219 0.000140 0.000205 0.000094 0.000035 0.117304 0.007001 1.644376
0.876412 0.000141 0.000199 0.000090 0.000034 0.116123 0.007001 1.644386
0.877602 0.000133 0.000195 0.000088 0.000032 0.114947 0.007002 1.644400
0.878726 0.000129 0.000190 0.000089 0.000029 0.113834 0.007003 1.644414
0.879773 0.000121 0.000190 0.000088 0.000029 0.112796 0.007003 1.644429
0.880799 0.000117 0.000186 0.000087 0.000028 0.111779 0.007004 1.644441
0.881812 0.000116 0.000179 0.000083 0.000026 0.110778 0.007005 1.644451
0.882773 0.000116 0.000173 0.000080 0.000023 0.109828 0.007006 1.644459
0.883736 0.000109 0.000170 0.000076 0.000021 0.108879 0.007007 1.644473
0.884710 0.000109 0.000164 0.000075 0.000021 0.107913 0.007007 1.644483
0.885670 0.000115 0.000154 0.000071 0.000019 0.106962 0.007009 1.644486
0.886561 0.000113 0.000150 0.000070 0.000018 0.106078 0.007009 1.644498
0.887422 0.000117 0.000145 0.000068 0.000018 0.105219 0.007009 1.644506
0.888290 0.000116 0.000141 0.000068 0.000018 0.104357 0.007010 1.644518
0.889113 0.000118 0.000139 0.000067 0.000018 0.103533 0.007010 1.644527
0.889908 0.000115 0.000139 0.000068 0.000017 0.102742 0.007010 1.644540
0.890695 0.000115 0.000130 0.000066 0.000016 0.101967 0.007011 1.644548
0.891435 0.000113 0.000128 0.000066 0.000014 0.101230 0.007012 1.644559
0.892165 0.000114 0.000130 0.000063 0.000014 0.100501 0.007013 1.644570
0.892876 0.000114 0.000125 0.000061 0.000014 0.099796 0.007013 1.644580
0.893573 0.000112 0.000126 0.000062 0.000014 0.099099 0.007013 1.644592
0.894231 0.000109 0.000123 0.000062 0.000013 0.098448 0.007014 1.644606
0.894904 0.000105 0.000124 0.000060 0.000013 0.097780 0.007014 1.644617
0.895541 0.000105 0.000124 0.000057 0.000013 0.097146 0.007014 1.644626
0.896150 0.000104 0.000121 0.000057 0.000012 0.096541 0.007014 1.644639
0.896737 0.000098 0.000122 0.000057 0.000012 0.095960 0.007014 1.644651
0.897300 0.000095 0.000122 0.000058 0.000012 0.095399 0.007014 1.644663
0.897872 0.000097 0.000120 0.000057 0.000011 0.094827 0.007015 1.644671
0.898442 0.000096 0.000114 0.000057 0.000012 0.094264 0.007015 1.644681
0.898980 0.000091 0.000114 0.000055 0.000011 0.093732 0.007016 1.644693
0.899511 0.000088 0.000115 0.000056 0.000011 0.093203 0.007016 1.644705
0.900018 0.000088 0.000114 0.000054 0.000011 0.092699 0.007016 1.644714
0.900510 0.000084 0.000110 0.000050 0.000011 0.092219 0.007016 1.644725
0.900942 0.000082 0.000109 0.000050 0.000010 0.091790 0.007016 1.644735
0.901389 0.000082 0.000107 0.000049 0.000010 0.091347 0.007016 1.644741
0.901767 0.000080 0.000103 0.000050 0.000009 0.090973 0.007017 1.644749
0.902217 0.000080 0.000102 0.000049 0.000009 0.090526 0.007017 1.644758
0.902606 0.000081 0.000098 0.000049 0.000008 0.090140 0.007017 1.644765
0.902985 0.000079 0.000099 0.000046 0.000008 0.089765 0.007017 1.644772
0.903380 0.000076 0.000097 0.000045 0.000008 0.089376 0.007017 1.644778
0.903731 0.000075 0.000098 0.000045 0.000008 0.089025 0.007017 1.644788
0.904050 0.000070 0.000097 0.000045 0.000008 0.088712 0.007017 1.644797
0.904393 0.000069 0.000093 0.000044 0.000008 0.088375 0.007017 1.644804
0.904727 0.000064 0.000095 0.000044 0.000008 0.088046 0.007017 1.644813
0.905045 0.000063 0.000092 0.000042 0.000008 0.087733 0.007017 1.644818
0.905325 0.000064 0.000089 0.000040 0.000007 0.087457 0.007018 1.644821
0.905617 0.000062 0.000084 0.000041 0.000007 0.087171 0.007018 1.644826
0.905915 0.000065 0.000078 0.000041 0.000006 0.086877 0.007018 1.644830
0.906166 0.000067 0.000074 0.000040 0.000005 0.086630 0.007019 1.644834
0.906436 0.000063 0.000077 0.000037 0.000005 0.086363 0.007019 1.644842
0.906675 0.000063 0.000075 0.000037 0.000005 0.086127 0.007019 1.644849
0.906911 0.000063 0.000073 0.000036 0.000005 0.085893 0.007019 1.644853
0.907154 0.000060 0.000070 0.000034 0.000005 0.085658 0.007019 1.644859
0.907377 0.000062 0.000069 0.000031 0.000005 0.085437 0.007019 1.644863
0.907596 0.000058 0.000069 0.000030 0.000005 0.085224 0.007019 1.644869
0.907803 0.000055 0.000068 0.000029 0.000005 0.085020 0.007019 1.644874
0.908011 0.000053 0.000064 0.000029 0.000005 0.084820 0.007019 1.644880
0.908215 0.000049 0.000064 0.000028 0.000003 0.084621 0.007020 1.644887
0.908403 0.000048 0.000061 0.000024 0.000003 0.084443 0.007020 1.644891
0.908599 0.000046 0.000060 0.000024 0.000003 0.084249 0.007020 1.644895
0.908757 0.000046 0.000057 0.000024 0.000003 0.084094 0.007020 1.644900
0.908933 0.000046 0.000055 0.000024 0.000003 0.083919 0.007020 1.644904
0.909099 0.000045 0.000054 0.000023 0.000003 0.083756 0.007020 1.644908
0.909273 0.000043 0.000052 0.000024 0.000003 0.083585 0.007020 1.644912
0.909426 0.000041 0.000053 0.000022 0.000003 0.083435 0.007020 1.644916
0.909587 0.000038 0.000051 0.000023 0.000003 0.083279 0.007020 1.644921
0.909733 0.000038 0.000047 0.000021 0.000003 0.083138 0.007020 1.644922
0.909884 0.000037 0.000046 0.000022 0.000003 0.082989 0.007020 1.644927
0.910024 0.000036 0.000045 0.000021 0.000002 0.082852 0.007020 1.644930
0.910148 0.000037 0.000044 0.000020 0.000002 0.082729 0.007020 1.644934
0.910278 0.000036 0.000044 0.000020 0.000002 0.082599 0.007020 1.644937
0.910413 0.000036 0.000042 0.000022 0.000002 0.082466 0.007020 1.644941
0.910543 0.000034 0.000043 0.000023 0.000002 0.082335 0.007020 1.644945
0.910656 0.000033 0.000042 0.000022 0.000002 0.082225 0.007020 1.644949
0.910779 0.000032 0.000041 0.000021 0.000001 0.082106 0.007020 1.644952
0.910897 0.000033 0.000041 0.000020 0.000000 0.081988 0.007020 1.644955
0.911009 0.000031 0.000038 0.000022 0.000000 0.081880 0.007020 1.644957
0.911107 0.000030 0.000039 0.000022 0.000000 0.081782 0.007020 1.644961
0.911209 0.000030 0.000038 0.000019 0.000000 0.081683 0.007020 1.644964
0.911319 0.000029 0.000035 0.000020 0.000000 0.081576 0.007020 1.644966
0.911416 0.000028 0.000034 0.000021 0.000000 0.081482 0.007020 1.644969
0.911518 0.000027 0.000035 0.000021 0.000000 0.081380 0.007020 1.644972
0.911612 0.000024 0.000034 0.000021 0.000000 0.081289 0.007020 1.644975
0.911705 0.000022 0.000034 0.000021 0.000000 0.081199 0.007020 1.644979
0.911785 0.000023 0.000030 0.000021 0.000000 0.081121 0.007020 1.644980
0.911868 0.000022 0.000029 0.000019 0.000000 0.081042 0.007020 1.644981
0.911957 0.000022 0.000029 0.000020 0.000000 0.080953 0.007020 1.644983
0.912043 0.000024 0.000027 0.000020 0.000000 0.080867 0.007020 1.644983
0.912128 0.000024 0.000027 0.000018 0.000000 0.080783 0.007020 1.644984
0.912201 0.000025 0.000026 0.000017 0.000000 0.080711 0.007020 1.644984
0.912273 0.000026 0.000024 0.000016 0.000000 0.080641 0.007020 1.644986
0.912344 0.000022 0.000025 0.000016 0.000000 0.080573 0.007020 1.644990
0.912403 0.000021 0.000023 0.000017 0.000000 0.080517 0.007020 1.644992
0.912477 0.000020 0.000024 0.000014 0.000000 0.080445 0.007020 1.644994
0.912539 0.000020 0.000024 0.000013 0.000000 0.080383 0.007020 1.644996
0.912600 0.000020 0.000025 0.000012 0.000000 0.080323 0.007020 1.644998
0.912677 0.000018 0.000027 0.000012 0.000000 0.080246 0.007020 1.645001
0.912752 0.000018 0.000027 0.000011 0.000000 0.080172 0.007020 1.645002
0.912809 0.000018 0.000026 0.000013 0.000000 0.080115 0.007020 1.645004
0.912863 0.000019 0.000023 0.000012 0.000000 0.080063 0.007020 1.645005
0.912912 0.000019 0.000020 0.000012 0.000000 0.080016 0.007020 1.645006
0.912955 0.000021 0.000019 0.000012 0.000000 0.079973 0.007020 1.645008
0.913011 0.000019 0.000018 0.000013 0.000000 0.079919 0.007020 1.645011
0.913067 0.000018 0.000017 0.000012 0.000000 0.079865 0.007020 1.645013
0.913119 0.000019 0.000017 0.000011 0.000000 0.079813 0.007020 1.645013
0.913172 0.000019 0.000018 0.000012 0.000000 0.079759 0.007020 1.645016
0.913222 0.000018 0.000019 0.000013 0.000000 0.079708 0.007020 1.645017
0.913267 0.000018 0.000018 0.000010 0.000000 0.079666 0.007020 1.645019
0.913325 0.000018 0.000018 0.000012 0.000000 0.079607 0.007020 1.645021
0.913366 0.000018 0.000017 0.000011 0.000000 0.079566 0.007020 1.645021
0.913418 0.000018 0.000017 0.000010 0.000001 0.079516 0.007020 1.645022
0.913463 0.000015 0.000018 0.000010 0.000000 0.079473 0.007020 1.645026
0.913499 0.000016 0.000018 0.000010 0.000000 0.079438 0.007020 1.645027
0.913543 0.000014 0.000019 0.000010 0.000000 0.079393 0.007020 1.645029
0.913580 0.000013 0.000017 0.000010 0.000000 0.079360 0.007020 1.645030
0.913619 0.000013 0.000016 0.000009 0.000000 0.079323 0.007020 1.645031
0.913648 0.000012 0.000014 0.000008 0.000000 0.079298 0.007020 1.645032
0.913694 0.000013 0.000012 0.000009 0.000000 0.079252 0.007020 1.645033
0.913728 0.000015 0.000011 0.000009 0.000000 0.079218 0.007020 1.645033
0.913758 0.000017 0.000011 0.000007 0.000000 0.079188 0.007020 1.645033
0.913783 0.000016 0.000010 0.000008 0.000000 0.079164 0.007020 1.645035
0.913816 0.000014 0.000009 0.000008 0.000000 0.079133 0.007020 1.645038
0.913841 0.000013 0.000010 0.000009 0.000000 0.079108 0.007020 1.645040
0.913872 0.000011 0.000011 0.000008 0.000000 0.079079 0.007020 1.645041
0.913898 0.000012 0.000010 0.000008 0.000000 0.079052 0.007020 1.645042
0.913922 0.000012 0.000011 0.000007 0.000000 0.079027 0.007020 1.645043
0.913953 0.000012 0.000012 0.000007 0.000000 0.078996 0.007020 1.645044
0.913984 0.000011 0.000012 0.000007 0.000000 0.078966 0.007020 1.645045
0.914007 0.000011 0.000011 0.000007 0.000000 0.078944 0.007020 1.645046
0.914032 0.000012 0.000011 0.000007 0.000000 0.078919 0.007020 1.645046
0.914053 0.000011 0.000013 0.000008 0.000000 0.078897 0.007020 1.645049
0.914073 0.000012 0.000011 0.000008 0.000000 0.078878 0.007020 1.645050
0.914091 0.000011 0.000012 0.000007 0.000000 0.078860 0.007020 1.645051
0.914110 0.000011 0.000012 0.000006 0.000000 0.078842 0.007020 1.645053
0.914128 0.000013 0.000011 0.000006 0.000000 0.078823 0.007020 1.645053
0.914143 0.000014 0.000012 0.000005 0.000000 0.078807 0.007020 1.645054
0.914163 0.000014 0.000012 0.000004 0.000000 0.078788 0.007020 1.645055
0.914181 0.000014 0.000012 0.000004 0.000000 0.078770 0.007020 1.645057
0.914190 0.000013 0.000014 0.000004 0.000000 0.078760 0.007020 1.645060
0.914202 0.000014 0.000015 0.000004 0.000000 0.078746 0.007020 1.645062
0.914213 0.000014 0.000016 0.000004 0.000000 0.078734 0.007020 1.645063
0.914229 0.000014 0.000017 0.000004 0.000000 0.078717 0.007020 1.645066
0.914237 0.000015 0.000016 0.000004 0.000000 0.078709 0.007020 1.645066
0.914248 0.000014 0.000016 0.000004 0.000000 0.078699 0.007020 1.645070
0.914261 0.000014 0.000017 0.000004 0.000000 0.078685 0.007020 1.645071
0.914269 0.000014 0.000016 0.000004 0.000000 0.078678 0.007020 1.645072
0.914281 0.000014 0.000015 0.000004 0.000000 0.078667 0.007020 1.645073
0.914289 0.000014 0.000014 0.000004 0.000000 0.078660 0.007020 1.645073
0.914299 0.000014 0.000013 0.000003 0.000000 0.078651 0.007020 1.645074
0.914307 0.000015 0.000014 0.000003 0.000000 0.078642 0.007020 1.645075
0.914317 0.000014 0.000013 0.000003 0.000000 0.078633 0.007020 1.645077
0.914327 0.000013 0.000014 0.000004 0.000000 0.078622 0.007020 1.645079
0.914333 0.000013 0.000014 0.000004 0.000000 0.078616 0.007020 1.645081
0.914341 0.000012 0.000014 0.000005 0.000000 0.078609 0.007020 1.645082
0.914353 0.000013 0.000014 0.000006 0.000000 0.078595 0.007020 1.645083
0.914363 0.000013 0.000014 0.000007 0.000000 0.078584 0.007020 1.645085
0.914372 0.000013 0.000012 0.000008 0.000000 0.078576 0.007020 1.645086
0.914379 0.000014 0.000010 0.000007 0.000000 0.078570 0.007020 1.645086
0.914384 0.000017 0.000010 0.000008 0.000000 0.078562 0.007020 1.645087
0.914394 0.000017 0.000011 0.000008 0.000000 0.078552 0.007020 1.645089
0.914407 0.000017 0.000011 0.000007 0.000000 0.078540 0.007020 1.645089
0.914414 0.000018 0.000010 0.000006 0.000000 0.078533 0.007020 1.645090
0.914418 0.000020 0.000009 0.000006 0.000000 0.078527 0.007020 1.645091
0.914426 0.000019 0.000011 0.000007 0.000000 0.078518 0.007020 1.645094
0.914430 0.000017 0.000012 0.000007 0.000000 0.078515 0.007020 1.645098
0.914433 0.000018 0.000013 0.000007 0.000000 0.078509 0.007020 1.645099
0.914440 0.000017 0.000014 0.000007 0.000000 0.078502 0.007020 1.645101
0.914444 0.000017 0.000014 0.000007 0.000000 0.078497 0.007020 1.645103
0.914448 0.000017 0.000016 0.000007 0.000000 0.078493 0.007020 1.645106
0.914451 0.000017 0.000016 0.000008 0.000000 0.078489 0.007020 1.645107
0.914456 0.000015 0.000014 0.000010 0.000000 0.078486 0.007020 1.645109
0.914465 0.000016 0.000014 0.000010 0.000000 0.078476 0.007020 1.645111
0.914470 0.000016 0.000014 0.000008 0.000000 0.078473 0.007020 1.645113
0.914474 0.000016 0.000013 0.000008 0.000000 0.078469 0.007020 1.645113
0.914481 0.000016 0.000014 0.000008 0.000000 0.078462 0.007020 1.645115
0.914490 0.000015 0.000013 0.000007 0.000000 0.078456 0.007020 1.645117
0.914494 0.000015 0.000012 0.000006 0.000000 0.078454 0.007020 1.645118
0.914501 0.000013 0.000012 0.000006 0.000000 0.078448 0.007020 1.645120
0.914508 0.000013 0.000013 0.000006 0.000000 0.078441 0.007020 1.645122
0.914513 0.000013 0.000013 0.000006 0.000000 0.078436 0.007020 1.645123
0.914517 0.000014 0.000012 0.000005 0.000000 0.078433 0.007020 1.645123
0.914519 0.000013 0.000011 0.000005 0.000000 0.078433 0.007020 1.645124
0.914525 0.000011 0.000010 0.000006 0.000000 0.078428 0.007020 1.645126
0.914530 0.000012 0.000010 0.000006 0.000000 0.078423 0.007020 1.645127
0.914536 0.000011 0.000010 0.000006 0.000000 0.078418 0.007020 1.645128
0.914541 0.000012 0.000010 0.000006 0.000000 0.078412 0.007020 1.645130
0.914546 0.000012 0.000011 0.000005 0.000000 0.078407 0.007020 1.645131
0.914549 0.000013 0.000011 0.000005 0.000000 0.078403 0.007020 1.645131
0.914556 0.000012 0.000011 0.000003 0.000000 0.078398 0.007020 1.645132
0.914561 0.000013 0.000011 0.000003 0.000000 0.078392 0.007020 1.645133
0.914568 0.000013 0.000010 0.000003 0.000000 0.078386 0.007020 1.645134
0.914572 0.000012 0.000012 0.000003 0.000000 0.078382 0.007020 1.645137
0.914576 0.000011 0.000011 0.000004 0.000000 0.078378 0.007020 1.645138
0.914584 0.000010 0.000011 0.000004 0.000000 0.078371 0.007020 1.645139
0.914589 0.000009 0.000011 0.000004 0.000000 0.078368 0.007020 1.645140
0.914595 0.000010 0.000010 0.000005 0.000000 0.078362 0.007020 1.645141
0.914599 0.000010 0.000009 0.000005 0.000000 0.078358 0.007020 1.645141
0.914603 0.000011 0.000010 0.000005 0.000000 0.078353 0.007020 1.645141
0.914604 0.000010 0.000010 0.000005 0.000000 0.078351 0.007020 1.645142
0.914609 0.000011 0.000010 0.000005 0.000000 0.078346 0.007020 1.645142
0.914615 0.000010 0.000010 0.000005 0.000000 0.078341 0.007020 1.645144
0.914619 0.000010 0.000010 0.000005 0.000000 0.078337 0.007020 1.645145
0.914622 0.000008 0.000012 0.000005 0.000000 0.078334 0.007020 1.645147
0.914625 0.000008 0.000012 0.000005 0.000000 0.078331 0.007020 1.645148
0.914627 0.000009 0.000010 0.000005 0.000000 0.078329 0.007020 1.645148
0.914632 0.000008 0.000010 0.000006 0.000000 0.078325 0.007020 1.645150
0.914635 0.000007 0.000012 0.000006 0.000000 0.078321 0.007020 1.645151
0.914639 0.000006 0.000012 0.000006 0.000000 0.078317 0.007020 1.645151
0.914644 0.000005 0.000010 0.000007 0.000000 0.078314 0.007020 1.645153
0.914648 0.000003 0.000010 0.000008 0.000000 0.078312 0.007020 1.645155
0.914652 0.000003 0.000010 0.000007 0.000000 0.078309 0.007020 1.645155
0.914655 0.000002 0.000008 0.000007 0.000000 0.078308 0.007020 1.645156
0.914655 0.000004 0.000008 0.000007 0.000000 0.078306 0.007020 1.645156
0.914660 0.000004 0.000009 0.000007 0.000000 0.078302 0.007020 1.645157
0.914663 0.000004 0.000008 0.000007 0.000000 0.078299 0.007020 1.645157
0.914665 0.000003 0.000008 0.000007 0.000000 0.078298 0.007020 1.645157
0.914667 0.000003 0.000008 0.000007 0.000000 0.078297 0.007020 1.645158
0.914669 0.000003 0.000007 0.000006 0.000000 0.078297 0.007020 1.645158
0.914671 0.000003 0.000007 0.000006 0.000000 0.078294 0.007020 1.645158
0.914673 0.000003 0.000005 0.000006 0.000000 0.078294 0.007020 1.645159
0.914676 0.000004 0.000006 0.000006 0.000000 0.078290 0.007020 1.645159
0.914678 0.000004 0.000006 0.000005 0.000000 0.078289 0.007020 1.645160
0.914683 0.000003 0.000007 0.000005 0.000000 0.078283 0.007020 1.645161
0.914685 0.000002 0.000008 0.000005 0.000000 0.078281 0.007020 1.645162
0.914688 0.000003 0.000006 0.000005 0.000000 0.078280 0.007020 1.645162
0.914690 0.000003 0.000006 0.000004 0.000000 0.078278 0.007020 1.645162
0.914692 0.000003 0.000005 0.000004 0.000000 0.078276 0.007020 1.645162
0.914697 0.000003 0.000005 0.000005 0.000000 0.078272 0.007020 1.645163
0.914702 0.000003 0.000005 0.000004 0.000000 0.078268 0.007020 1.645163
0.914705 0.000003 0.000005 0.000004 0.000000 0.078264 0.007020 1.645163
0.914709 0.000003 0.000005 0.000004 0.000000 0.078260 0.007020 1.645164
0.914711 0.000003 0.000005 0.000004 0.000000 0.078257 0.007020 1.645164
0.914715 0.000003 0.000004 0.000004 0.000000 0.078255 0.007020 1.645164
0.914716 0.000003 0.000005 0.000004 0.000000 0.078254 0.007020 1.645165
0.914719 0.000003 0.000005 0.000004 0.000000 0.078251 0.007020 1.645165
0.914721 0.000002 0.000003 0.000004 0.000000 0.078250 0.007020 1.645166
0.914723 0.000003 0.000003 0.000003 0.000000 0.078249 0.007020 1.645166
0.914725 0.000002 0.000003 0.000002 0.000000 0.078248 0.007020 1.645166
0.914728 0.000003 0.000003 0.000002 0.000000 0.078245 0.007020 1.645166
0.914731 0.000003 0.000003 0.000002 0.000000 0.078242 0.007020 1.645166
0.914733 0.000003 0.000003 0.000001 0.000000 0.078240 0.007020 1.645166
0.914736 0.000003 0.000003 0.000000 0.000000 0.078238 0.007020 1.645166
0.914738 0.000003 0.000003 0.000000 0.000000 0.078235 0.007020 1.645166
0.914739 0.000002 0.000003 0.000001 0.000000 0.078235 0.007020 1.645167
0.914741 0.000002 0.000003 0.000000 0.000000 0.078234 0.007020 1.645167
0.914742 0.000002 0.000003 0.000000 0.000000 0.078232 0.007020 1.645167
0.914743 0.000002 0.000003 0.000000 0.000000 0.078231 0.007020 1.645167
0.914745 0.000002 0.000003 0.000000 0.000000 0.078229 0.007020 1.645167
0.914747 0.000002 0.000003 0.000000 0.000000 0.078228 0.007020 1.645167
0.914748 0.000002 0.000003 0.000000 0.000000 0.078226 0.007020 1.645168
0.914750 0.000001 0.000004 0.000000 0.000000 0.078225 0.007020 1.645168
0.914752 0.000001 0.000003 0.000000 0.000000 0.078223 0.007020 1.645168
0.914754 0.000001 0.000003 0.000000 0.000000 0.078221 0.007020 1.645168
0.914755 0.000002 0.000003 0.000000 0.000000 0.078221 0.007020 1.645168
0.914756 0.000000 0.000003 0.000000 0.000000 0.078221 0.007020 1.645169
0.914758 0.000000 0.000003 0.000000 0.000000 0.078218 0.007020 1.645169
0.914760 0.000000 0.000003 0.000000 0.000000 0.078216 0.007020 1.645169
0.914760 0.000000 0.000002 0.000000 0.000000 0.078216 0.007020 1.645169
0.914761 0.000000 0.000002 0.000000 0.000000 0.078216 0.007020 1.645169
0.914762 0.000000 0.000002 0.000000 0.000000 0.078215 0.007020 1.645169
0.914763 0.000000 0.000001 0.000000 0.000000 0.078215 0.007020 1.645169
0.914764 0.000000 0.000001 0.000000 0.000000 0.078214 0.007020 1.645169
0.914764 0.000000 0.000001 0.000000 0.000000 0.078214 0.007020 1.645169
0.914765 0.000000 0.000002 0.000000 0.000000 0.078214 0.007020 1.645170
0.914766 0.000000 0.000002 0.000000 0.000000 0.078213 0.007020 1.645170
0.914767 0.000000 0.000002 0.000000 0.000000 0.078212 0.007020 1.645170
0.914767 0.000000 0.000002 0.000000 0.000000 0.078211 0.007020 1.645170
0.914767 0.000000 0.000001 0.000000 0.000000 0.078211 0.007020 1.645170
0.914768 0.000000 0.000001 0.000000 0.000000 0.078210 0.007020 1.645170
0.914770 0.000000 0.000001 0.000000 0.000000 0.078209 0.007020 1.645170
0.914770 0.000000 0.000000 0.000000 0.000000 0.078209 0.007020 1.645170
0.914771 0.000000 0.000000 0.000000 0.000000 0.078208 0.007020 1.645170
0.914771 0.000001 0.000000 0.000000 0.000000 0.078207 0.007020 1.645170
0.914772 0.000001 0.000000 0.000000 0.000000 0.078206 0.007020 1.645170
0.914773 0.000001 0.000000 0.000000 0.000000 0.078205 0.007020 1.645170
0.914772 0.000001 0.000000 0.000000 0.000000 0.078206 0.007020 1.645170
0.914772 0.000001 0.000000 0.000000 0.000000 0.078206 0.007020 1.645170
0.914772 0.000001 0.000000 0.000000 0.000000 0.078206 0.007020 1.645170
0.914773 0.000001 0.000000 0.000000 0.000000 0.078206 0.007020 1.645170
0.914774 0.000001 0.000000 0.000000 0.000000 0.078205 0.007020 1.645170
0.914774 0.000001 0.000000 0.000000 0.000000 0.078205 0.007020 1.645170
0.914774 0.000001 0.000000 0.000000 0.000000 0.078205 0.007020 1.645170
0.914775 0.000001 0.000000 0.000000 0.000000 0.078205 0.007020 1.645170
0.914775 0.000001 0.000000 0.000000 0.000000 0.078204 0.007020 1.645170
0.914776 0.000001 0.000000 0.000000 0.000000 0.078204 0.007020 1.645170
0.914776 0.000001 0.000000 0.000000 0.000000 0.078203 0.007020 1.645170
0.914776 0.000000 0.000000 0.000000 0.000000 0.078203 0.007020 1.645171
0.914777 0.000000 0.000000 0.000000 0.000000 0.078203 0.007020 1.645171
0.914777 0.000000 0.000001 0.000000 0.000000 0.078203 0.007020 1.645171
0.914777 0.000000 0.000000 0.000000 0.000000 0.078203 0.007020 1.645171
0.914777 0.000000 0.000000 0.000000 0.000000 0.078203 0.007020 1.645171
0.914778 0.000000 0.000000 0.000000 0.000000 0.078202 0.007020 1.645171
0.914778 0.000000 0.000000 0.000000 0.000000 0.078201 0.007020 1.645171
0.914779 0.000000 0.000000 0.000000 0.000000 0.078201 0.007020 1.645171
0.914779 0.000000 0.000000 0.000000 0.000000 0.078201 0.007020 1.645171
0.914780 0.000000 0.000000 0.000000 0.000000 0.078200 0.007020 1.645171
0.914780 0.000000 0.000000 0.000000 0.000000 0.078200 0.007020 1.645171
0.914780 0.000000 0.000000 0.000000 0.000000 0.078200 0.007020 1.645171
0.914780 0.000000 0.000000 0.000000 0.000000 0.078200 0.007020 1.645171
0.914780 0.000000 0.000000 0.000000 0.000000 0.078200 0.007020 1.645171
0.914780 0.000000 0.000000 0.000000 0.000000 0.078200 0.007020 1.645171
0.914780 0.000000 0.000000 0.000000 0.000000 0.078200 0.007020 1.645171
0.914780 0.000000 0.000000 0.000000 0.000000 0.078200 0.007020 1.645171
0.914780 0.000000 0.000000 0.000000 0.000000 0.078200 0.007020 1.645171
0.914780 0.000000 0.000000 0.000000 0.000000 0.078200 0.007020 1.645171
0.914780 0.000000 0.000000 0.000000 0.000000 0.078200 0.007020 1.645171
0.914780 0.000000 0.000000 0.000000 0.000000 0.078200 0.007020 1.645171
0.914780 0.000000 0.000000 0.000000 0.000000 0.078200 0.007020 1.645171
0.914780 0.000000 0.000000 0.000000 0.000000 0.078200 0.007020 1.645171
0.914780 0.000000 0.000000 0.000000 0.000000 0.078200 0.007020 1.645171
0.914780 0.000000 0.000000 0.000000 0.000000 0.078200 0.007020 1.645171
0.914780 0.000000 0.000000 0.000000 0.000000 0.078200 0.007020 1.645171
0.914780 0.000000 0.000000 0.000000 0.000000 0.078200 0.007020 1.645171
0.914780 0.000000 0.000000 0.000000 0.000000 0.078200 0.007020 1.645171
0.914780 0.000000 0.000000 0.000000 0.000000 0.078200 0.007020 1.645171
0.914780 0.000000 0.000000 0.000000 0.000000 0.078200 0.007020 1.645171
0.914780 0.000000 0.000000 0.000000 0.000000 0.078200 0.007020 1.645171
0.914780 0.000000 0.000000 0.000000 0.000000 0.078200 0.007020 1.645171
0.914780 0.000000 0.000000 0.000000 0.000000 0.078200 0.007020 1.645171
0.914780 0.000000 0.000000 0.000000 0.000000 0.078200 0.007020 1.645171
0.914780 0.000000 0.000000 0.000000 0.000000 0.078200 0.007020 1.645171
0.914780 0.000000 0.000000 0.000000 0.000000 0.078200 0.007020 1.645171
0.914780 0.000000 0.000000 0.000000 0.000000 0.078200 0.007020 1.645171
0.914780 0.000000 0.000000 0.000000 0.000000 0.078200 0.007020 1.645171
0.914780 0.000000 0.000000 0.000000 0.000000 0.078200 0.007020 1.645171
0.914780 0.000000 0.000000 0.000000 0.000000 0.078200 0.007020 1.645171
0.914780 0.000000 0.000000 0.000000 0.000000 0.078200 0.007020 1.645171
0.914780 0.000000 0.000000 0.000000 0.000000 0.078200 0.007020 1.645171
0.914780 0.000000 0.000000 0.000000 0.000000 0.078200 0.007020 1.645171
0.914780 0.000000 0.000000 0.000000 0.000000 0.078200 0.007020 1.645171
0.914780 0.000000 0.000000 0.000000 0.000000 0.078200 0.007020 1.645171
0.914780 0.000000 0.000000 0.000000 0.000000 0.078200 0.007020 1.645171
0.914780 0.000000 0.000000 0.000000 0.000000 0.078200 0.007020 1.645171
0.914780 0.000000 0.000000 0.000000 0.000000 0.078200 0.007020 1.645171
0.914780 0.000000 0.000000 0.000000 0.000000 0.078200 0.007020 1.645171
0.914780 0.000000 0.000000 0.000000 0.000000 0.078200 0.007020 1.645171
0.914780 0.000000 0.000000 0.000000 0.000000 0.078200 0.007020 1.645171
0.914780 0.000000 0.000000 0.000000 0.000000 0.078200 0.007020 1.645171
0.914780 0.000000 0.000000 0.000000 0.000000 0.078200 0.007020 1.645171
0.914780 0.000000 0.000000 0.000000 0.000000 0.078200 0.007020 1.645171
0.914780 0.000000 0.000000 0.000000 0.000000 0.078200 0.007020 1.645171
0.914780 0.000000 0.000000 0.000000 0.000000 0.078200 0.007020 1.645171
0.914780 0.000000 0.000000 0.000000 0.000000 0.078200 0.007020 1.645171
0.914780 0.000000 0.000000 0.000000 0.000000 0.078200 0.007020 1.645171
0.914780 0.000000 0.000000 0.000000 0.000000 0.078200 0.007020 1.645171
0.914780 0.000000 0.000000 0.000000 0.000000 0.078200 0.007020 1.645171
0.914780 0.000000 0.000000 0.000000 0.000000 0.078200 0.007020 1.645171
0.914780 0.000000 0.000000 0.000000 0.000000 0.078200 0.007020 1.645171
0.914780 0.000000 0.000000 0.000000 0.000000 0.078200 0.007020 1.645171
0.914780 0.000000 0.000000 0.000000 0.000000 0.078200 0.007020 1.645171
0.914780 0.000000 0.000000 0.000000 0.000000 0.078200 0.007020 1.645171
0.914780 0.000000 0.000000 0.000000 0.000000 0.078200 0.007020 1.645171
0.914780 0.000000 0.000000 0.000000 0.000000 0.078200 0.007020 1.645171
0.914780 0.000000 0.000000 0.000000 0.000000 0.078200 0.007020 1.645171
0.914780 0.000000 0.000000 0.000000 0.000000 0.078200 0.007020 1.645171
0.914780 0.000000 0.000000 0.000000 0.000000 0.078200 0.007020 1.645171
0.914780 0.000000 0.000000 0.000000 0.000000 0.078200 0.007020 1.645171
0.914780 0.000000 0.000000 0.000000 0.000000 0.078200 0.007020 1.645171
0.914780 0.000000 0.000000 0.000000 0.000000 0.078200 0.007020 1.645171
0.914780 0.000000 0.000000 0.000000 0.000000 0.078200 0.007020 1.645171
0.914780 0.000000 0.000000 0.000000 0.000000 0.078200 0.007020 1.645171
0.914780 0.000000 0.000000 0.000000 0.000000 0.078200 0.007020 1.645171
0.914780 0.000000 0.000000 0.000000 0.000000 0.078200 0.007020 1.645171
0.914780 0.000000 0.000000 0.000000 0.000000 0.078200 0.007020 1.645171
0.914780 0.000000 0.000000 0.000000 0.000000 0.078200 0.007020 1.645171
0.914780 0.000000 0.000000 0.000000 0.000000 0.078200 0.007020 1.645171
0.914780 0.000000 0.000000 0.000000 0.000000 0.078200 0.007020 1.645171
0.914780 0.000000 0.000000 0.000000 0.000000 0.078200 0.007020 1.645171
0.914780 0.000000 0.000000 0.000000 0.000000 0.078200 0.007020 1.645171
0.914780 0.000000 0.000000 0.000000 0.000000 0.078200 0.007020 1.645171
0.914780 0.000000 0.000000 0.000000 0.000000 0.078200 0.007020 1.645171
0.914780 0.000000 0.000000 0.000000 0.000000 0.078200 0.007020 1.645171
0.914780 0.000000 0.000000 0.000000 0.000000 0.078200 0.007020 1.645171
0.914780 0.000000 0.000000 0.000000 0.000000 0.078200 0.007020 1.645171
0.914780 0.000000 0.000000 0.000000 0.000000 0.078200 0.007020 1.645171
0.914780 0.000000 0.000000 0.000000 0.000000 0.078200 0.007020 1.645171
0.914780 0.000000 0.000000 0.000000 0.000000 0.078200 0.007020 1.645171
0.914780 0.000000 0.000000 0.000000 0.000000 0.078200 0.007020 1.645171
0.914780 0.000000 0.000000 0.000000 0.000000 0.078200 0.007020 1.645171
0.914780 0.000000 0.000000 0.000000 0.000000 0.078200 0.007020 1.645171
0.914780 0.000000 0.000000 0.000000 0.000000 0.078200 0.007020 1.645171
0.914780 0.000000 0.000000 0.000000 0.000000 0.078200 0.007020 1.645171
0.914780 0.000000 0.000000 0.000000 0.000000 0.078200 0.007020 1.645171
0.914780 0.000000 0.000000 0.000000 0.000000 0.078200 0.007020 1.645171
0.914780 0.000000 0.000000 0.000000 0.000000 0.078200 0.007020 1.645171
0.914780 0.000000 0.000000 0.000000 0.000000 0.078200 0.007020 1.645171
0.914780 0.000000 0.000000 0.000000 0.000000 0.078200 0.007020 1.645171
0.914780 0.000000 0.000000 0.000000 0.000000 0.078200 0.007020 1.645171
0.914780 0.000000 0.000000 0.000000 0.000000 0.078200 0.007020 1.645171
0.914780 0.000000 0.000000 0.000000 0.000000 0.078200 0.007020 1.645171
0.914780 0.000000 0.000000 0.000000 0.000000 0.078200 0.007020 1.645171
0.914780 0.000000 0.000000 0.000000 0.000000 0.078200 0.007020 1.645171
0.914780 0.000000 0.000000 0.000000 0.000000 0.078200 0.007020 1.645171
0.914780 0.000000 0.000000 0.000000 0.000000 0.078200 0.007020 1.645171
0.914780 0.000000 0.000000 0.000000 0.000000 0.078200 0.007020 1.645171
0.914780 0.000000 0.000000 0.000000 0.000000 0.078200 0.007020 1.645171
0.914780 0.000000 0.000000 0.000000 0.000000 0.078200 0.007020 1.645171
0.914780 0.000000 0.000000 0.000000 0.000000 0.078200 0.007020 1.645171
0.914780 0.000000 0.000000 0.000000 0.000000 0.078200 0.007020 1.645171
0.914780 0.000000 0.000000 0.000000 0.000000 0.078200 0.007020 1.645171
0.914780 0.000000 0.000000 0.000000 0.000000 0.078200 0.007020 1.645171
0.914780 0.000000 0.000000 0.000000 0.000000 0.078200 0.007020 1.645171
0.914780 0.000000 0.000000 0.000000 0.000000 0.078200 0.007020 1.645171
0.914780 0.000000 0.000000 0.000000 0.000000 0.078200 0.007020 1.645171
0.914780 0.000000 0.000000 0.000000 0.000000 0.078200 0.007020 1.645171
0.914780 0.000000 0.000000 0.000000 0.000000 0.078200 0.007020 1.645171
0.914780 0.000000 0.000000 0.000000 0.000000 0.078200 0.007020 1.645171
