0.999819 0.000134 0.000031 0.000015 0.000000 0.000001 0.000000
0.999774 0.000151 0.000024 0.000005 0.000000 0.000046 0.000000
0.999562 0.000346 0.000046 0.000016 0.000000 0.000030 0.000000
0.999330 0.000536 0.000062 0.000032 0.000000 0.000040 0.000000
0.998969 0.000836 0.000099 0.000045 0.000000 0.000051 0.000000
0.998298 0.001400 0.000167 0.000078 0.000000 0.000056 0.000000
0.997256 0.002262 0.000273 0.000132 0.000000 0.000076 0.000000
0.995587 0.003635 0.000434 0.000230 0.000000 0.000114 0.000000
0.993144 0.005602 0.000698 0.000395 0.000000 0.000160 0.000000
0.990372 0.007829 0.000998 0.000572 0.000002 0.000227 0.000000
0.986222 0.011143 0.001482 0.000788 0.000004 0.000361 0.000000
0.980128 0.015949 0.002224 0.001122 0.000004 0.000573 0.000000
0.972517 0.021878 0.003130 0.001612 0.000003 0.000860 0.000000
0.963130 0.029010 0.004332 0.002301 0.000000 0.001227 0.000000
0.950849 0.038237 0.006032 0.003195 0.000000 0.001687 0.000000
0.936394 0.048951 0.008024 0.004250 0.000000 0.002380 0.000000
0.919383 0.061200 0.010665 0.005545 0.000005 0.003202 0.000000
0.903422 0.072352 0.013186 0.006913 0.000009 0.004119 0.000000
0.883590 0.085716 0.016566 0.008685 0.000013 0.005430 0.000000
0.863135 0.098976 0.020327 0.010612 0.000022 0.006929 0.000000
0.842144 0.111968 0.024380 0.012665 0.000025 0.008818 0.000000
0.820210 0.125078 0.028732 0.014890 0.000034 0.011055 0.000001
0.797407 0.138009 0.033482 0.017368 0.000045 0.013688 0.000001
0.776735 0.148991 0.038146 0.019647 0.000058 0.016421 0.000001
0.753604 0.160734 0.043546 0.022433 0.000069 0.019613 0.000001
0.730813 0.171097 0.049238 0.025400 0.000075 0.023376 0.000001
0.709894 0.179748 0.054553 0.028345 0.000087 0.027373 0.000001
0.688830 0.187657 0.060250 0.031261 0.000107 0.031893 0.000003
0.668901 0.193867 0.065836 0.034320 0.000132 0.036940 0.000004
0.650632 0.198140 0.071318 0.037342 0.000160 0.042404 0.000004
0.632457 0.201655 0.076985 0.040239 0.000193 0.048466 0.000004
0.617309 0.203275 0.081948 0.042770 0.000216 0.054479 0.000004
0.600262 0.204983 0.087534 0.045485 0.000239 0.061492 0.000004
0.586759 0.205163 0.091859 0.047562 0.000264 0.068387 0.000005
0.571597 0.205827 0.096515 0.049932 0.000280 0.075845 0.000005
0.557538 0.205234 0.101059 0.052316 0.000299 0.083548 0.000006
0.544886 0.203628 0.105007 0.054468 0.000324 0.091680 0.000007
0.533800 0.201018 0.108405 0.056309 0.000352 0.100106 0.000009
0.523115 0.198006 0.111398 0.058092 0.000387 0.108991 0.000011
0.512235 0.194611 0.114589 0.059824 0.000429 0.118301 0.000012
0.503163 0.191055 0.117040 0.061138 0.000448 0.127143 0.000014
0.496201 0.187741 0.118642 0.061987 0.000468 0.134946 0.000016
0.486992 0.184190 0.120792 0.063041 0.000499 0.144467 0.000018
0.478113 0.180709 0.122579 0.064031 0.000528 0.154020 0.000019
0.469669 0.176924 0.124171 0.064927 0.000550 0.163737 0.000021
0.461282 0.173679 0.125612 0.065738 0.000583 0.173085 0.000022
0.452650 0.169670 0.126855 0.066441 0.000601 0.183758 0.000025
0.444886 0.166238 0.127766 0.066844 0.000633 0.193604 0.000029
0.436153 0.161974 0.128831 0.067389 0.000668 0.204955 0.000030
0.428225 0.157825 0.129457 0.067966 0.000708 0.215788 0.000030
0.421699 0.153659 0.129567 0.068059 0.000739 0.226246 0.000031
0.415376 0.149752 0.129731 0.068135 0.000767 0.236209 0.000031
0.408786 0.144558 0.129850 0.068211 0.000805 0.247756 0.000034
0.403702 0.140170 0.129800 0.068354 0.000835 0.257104 0.000035
0.398920 0.135457 0.129251 0.068106 0.000864 0.267368 0.000034
0.394000 0.129877 0.128311 0.067690 0.000908 0.279178 0.000036
0.390239 0.124624 0.127218 0.067303 0.000946 0.289630 0.000039
0.386818 0.119452 0.125956 0.066818 0.000957 0.299956 0.000043
0.384280 0.114782 0.124528 0.066150 0.000979 0.309231 0.000050
0.381817 0.109980 0.122871 0.065293 0.000998 0.318988 0.000053
0.379570 0.105098 0.121027 0.064317 0.001015 0.328915 0.000059
0.378395 0.101227 0.119215 0.063350 0.001034 0.336719 0.000060
0.377110 0.096782 0.117093 0.062184 0.001048 0.345720 0.000062
0.376446 0.092769 0.114688 0.060934 0.001063 0.354035 0.000065
0.375842 0.088332 0.112116 0.059572 0.001067 0.363002 0.000069
0.375612 0.084614 0.109872 0.058479 0.001068 0.370285 0.000070
0.375586 0.081076 0.107482 0.057183 0.001071 0.377528 0.000075
0.375765 0.077920 0.104946 0.055868 0.001081 0.384340 0.000080
0.376465 0.074679 0.102209 0.054355 0.001083 0.391124 0.000085
0.377071 0.071753 0.099811 0.052947 0.001087 0.397243 0.000088
0.378051 0.068696 0.097223 0.051513 0.001089 0.403336 0.000092
0.379143 0.066441 0.094927 0.050241 0.001087 0.408062 0.000099
0.380259 0.064153 0.092361 0.048931 0.001091 0.413101 0.000104
0.381563 0.061948 0.089936 0.047630 0.001087 0.417726 0.000111
0.382994 0.059573 0.087085 0.046191 0.001086 0.422956 0.000115
0.384728 0.057654 0.084665 0.044926 0.001096 0.426812 0.000119
0.386455 0.055722 0.082239 0.043644 0.001100 0.430717 0.000123
0.388294 0.053861 0.079646 0.042260 0.001094 0.434720 0.000126
0.390056 0.052193 0.077502 0.041089 0.001087 0.437945 0.000128
0.391802 0.050903 0.075450 0.040021 0.001075 0.440618 0.000130
0.394007 0.049393 0.073036 0.038714 0.001060 0.443656 0.000133
0.396289 0.047839 0.071027 0.037495 0.001055 0.446161 0.000135
0.398554 0.046648 0.068979 0.036452 0.001046 0.448184 0.000138
0.400998 0.045450 0.066913 0.035399 0.001038 0.450062 0.000139
0.403074 0.044542 0.065290 0.034506 0.001024 0.451422 0.000142
0.405651 0.043603 0.063316 0.033533 0.001019 0.452737 0.000142
0.408247 0.042538 0.061375 0.032527 0.001000 0.454163 0.000149
0.410455 0.041887 0.059819 0.031659 0.000984 0.455045 0.000152
0.412905 0.041179 0.058131 0.030851 0.000968 0.455808 0.000158
0.415217 0.040576 0.056706 0.030079 0.000960 0.456300 0.000162
0.417971 0.039843 0.054995 0.029226 0.000953 0.456848 0.000165
0.420729 0.039224 0.053328 0.028391 0.000939 0.457222 0.000167
0.422971 0.038743 0.052127 0.027801 0.000921 0.457266 0.000171
0.425547 0.038199 0.050854 0.027087 0.000910 0.457232 0.000171
0.427767 0.037804 0.049868 0.026447 0.000896 0.457045 0.000174
0.429974 0.037447 0.048893 0.025840 0.000880 0.456789 0.000179
0.432552 0.037100 0.047639 0.025169 0.000857 0.456500 0.000184
0.434979 0.036853 0.046620 0.024608 0.000845 0.455910 0.000185
0.437532 0.036532 0.045541 0.024105 0.000836 0.455264 0.000189
0.439797 0.036357 0.044616 0.023567 0.000823 0.454647 0.000194
0.442071 0.036230 0.043855 0.023109 0.000808 0.453729 0.000197
0.444153 0.036098 0.043090 0.022790 0.000793 0.452877 0.000200
0.446405 0.036003 0.042154 0.022434 0.000781 0.452017 0.000205
0.448405 0.035917 0.041519 0.022062 0.000773 0.451119 0.000205
0.450688 0.035867 0.040780 0.021742 0.000754 0.449963 0.000207
0.452814 0.035966 0.040094 0.021426 0.000741 0.448748 0.000211
0.455058 0.035961 0.039518 0.021131 0.000727 0.447394 0.000211
0.456839 0.036005 0.039112 0.020854 0.000711 0.446265 0.000215
0.459103 0.035991 0.038622 0.020555 0.000687 0.444823 0.000219
0.461266 0.036074 0.038155 0.020319 0.000682 0.443279 0.000225
0.463066 0.036233 0.037733 0.020128 0.000667 0.441949 0.000225
0.465120 0.036230 0.037386 0.019887 0.000672 0.440478 0.000227
0.467359 0.036390 0.036959 0.019740 0.000661 0.438662 0.000229
0.469345 0.036444 0.036628 0.019552 0.000651 0.437150 0.000230
0.470894 0.036697 0.036353 0.019344 0.000645 0.435834 0.000233
0.472768 0.036843 0.036078 0.019164 0.000625 0.434288 0.000234
0.474781 0.037047 0.035826 0.019038 0.000614 0.432455 0.000239
0.476271 0.037280 0.035721 0.019009 0.000600 0.430879 0.000240
0.477933 0.037518 0.035537 0.018883 0.000595 0.429293 0.000241
0.479464 0.037724 0.035404 0.018811 0.000591 0.427762 0.000245
0.480952 0.038012 0.035320 0.018653 0.000577 0.426241 0.000245
0.481898 0.038267 0.035233 0.018605 0.000566 0.425184 0.000247
0.483740 0.038314 0.035222 0.018526 0.000555 0.423396 0.000246
0.485314 0.037937 0.035302 0.018502 0.000546 0.422146 0.000252
0.487960 0.037195 0.035213 0.018370 0.000532 0.420476 0.000254
0.490461 0.036142 0.035192 0.018232 0.000525 0.419190 0.000258
0.493729 0.034842 0.035090 0.018022 0.000525 0.417535 0.000258
0.497008 0.033419 0.034936 0.017734 0.000526 0.416117 0.000259
0.500499 0.032059 0.034782 0.017443 0.000517 0.414435 0.000264
0.503856 0.030600 0.034514 0.017115 0.000509 0.413143 0.000263
0.507590 0.029120 0.034066 0.016743 0.000505 0.411712 0.000263
0.511468 0.027649 0.033659 0.016427 0.000496 0.410033 0.000269
0.515211 0.026241 0.033254 0.016049 0.000491 0.408485 0.000269
0.519232 0.024966 0.032610 0.015556 0.000491 0.406875 0.000269
0.523322 0.023714 0.032005 0.015098 0.000478 0.405108 0.000274
0.527344 0.022490 0.031314 0.014635 0.000474 0.403468 0.000275
0.531809 0.021282 0.030579 0.014169 0.000467 0.401414 0.000280
0.535932 0.020240 0.029869 0.013725 0.000457 0.399499 0.000278
0.539923 0.019089 0.029186 0.013312 0.000448 0.397761 0.000281
0.544254 0.018002 0.028369 0.012830 0.000441 0.395816 0.000288
0.548617 0.017007 0.027603 0.012414 0.000443 0.393628 0.000287
0.553071 0.016103 0.026791 0.012004 0.000433 0.391313 0.000285
0.557364 0.015321 0.025945 0.011608 0.000424 0.389045 0.000293
0.561539 0.014496 0.025102 0.011236 0.000414 0.386923 0.000290
0.565882 0.013706 0.024327 0.010837 0.000405 0.384551 0.000293
0.570257 0.012945 0.023610 0.010472 0.000395 0.382026 0.000295
0.574563 0.012314 0.022810 0.010111 0.000399 0.379505 0.000298
0.578659 0.011658 0.022031 0.009796 0.000389 0.377169 0.000298
0.582703 0.011071 0.021334 0.009418 0.000381 0.374786 0.000308
0.587117 0.010491 0.020553 0.009058 0.000373 0.372106 0.000302
0.591431 0.009861 0.019866 0.008693 0.000358 0.369486 0.000305
0.595454 0.009414 0.019170 0.008323 0.000357 0.366976 0.000306
0.599852 0.008901 0.018445 0.007961 0.000343 0.364189 0.000308
0.603970 0.008418 0.017788 0.007665 0.000339 0.361507 0.000313
0.608541 0.008009 0.017111 0.007397 0.000325 0.358306 0.000311
0.612579 0.007661 0.016477 0.007101 0.000319 0.355555 0.000309
0.617004 0.007257 0.015826 0.006784 0.000314 0.352507 0.000309
0.620946 0.006914 0.015208 0.006510 0.000296 0.349811 0.000315
0.625178 0.006585 0.014638 0.006273 0.000283 0.346726 0.000316
0.628832 0.006282 0.014059 0.006019 0.000275 0.344214 0.000318
0.633173 0.006012 0.013485 0.005802 0.000270 0.340939 0.000319
0.636986 0.005736 0.012915 0.005569 0.000269 0.338203 0.000323
0.640956 0.005517 0.012395 0.005280 0.000258 0.335268 0.000327
0.645022 0.005288 0.011895 0.005066 0.000250 0.332151 0.000327
0.648984 0.005084 0.011408 0.004835 0.000244 0.329122 0.000322
0.653034 0.004848 0.011006 0.004639 0.000237 0.325911 0.000324
0.656909 0.004650 0.010574 0.004468 0.000232 0.322843 0.000325
0.660526 0.004429 0.010151 0.004279 0.000225 0.320065 0.000325
0.664371 0.004282 0.009691 0.004109 0.000216 0.317003 0.000328
0.668555 0.004125 0.009281 0.003957 0.000210 0.313540 0.000332
0.671797 0.003971 0.008886 0.003780 0.000204 0.311026 0.000336
0.675710 0.003769 0.008505 0.003638 0.000207 0.307835 0.000334
0.679378 0.003639 0.008149 0.003504 0.000200 0.304795 0.000336
0.682828 0.003532 0.007846 0.003348 0.000192 0.301918 0.000335
0.686590 0.003425 0.007503 0.003205 0.000187 0.298754 0.000336
0.689874 0.003345 0.007246 0.003082 0.000185 0.295934 0.000333
0.693534 0.003227 0.006935 0.002968 0.000178 0.292826 0.000333
0.696836 0.003119 0.006660 0.002865 0.000171 0.290017 0.000331
0.700569 0.002996 0.006350 0.002765 0.000166 0.286812 0.000341
0.704043 0.002896 0.006101 0.002643 0.000162 0.283818 0.000338
0.707440 0.002822 0.005910 0.002570 0.000155 0.280765 0.000338
0.710775 0.002719 0.005663 0.002460 0.000149 0.277897 0.000337
0.714173 0.002618 0.005436 0.002345 0.000146 0.274943 0.000340
0.717579 0.002542 0.005247 0.002271 0.000142 0.271880 0.000339
0.720903 0.002431 0.005069 0.002184 0.000140 0.268933 0.000340
0.723986 0.002308 0.004852 0.002142 0.000133 0.266242 0.000338
0.727282 0.002296 0.004681 0.002082 0.000130 0.263191 0.000338
0.730593 0.002231 0.004475 0.001989 0.000125 0.260250 0.000338
0.733564 0.002173 0.004353 0.001912 0.000120 0.257539 0.000341
0.736667 0.002126 0.004235 0.001866 0.000120 0.254642 0.000345
0.739995 0.002032 0.004044 0.001755 0.000118 0.251717 0.000339
0.742787 0.002011 0.003914 0.001692 0.000117 0.249140 0.000338
0.745961 0.001944 0.003777 0.001642 0.000117 0.246225 0.000334
0.749209 0.001888 0.003632 0.001597 0.000114 0.243219 0.000342
0.752043 0.001859 0.003518 0.001522 0.000114 0.240611 0.000334
0.755018 0.001787 0.003393 0.001484 0.000106 0.237870 0.000343
0.757936 0.001758 0.003301 0.001415 0.000109 0.235146 0.000336
0.760595 0.001707 0.003186 0.001364 0.000102 0.232707 0.000339
0.763429 0.001654 0.003090 0.001334 0.000094 0.230062 0.000338
0.766207 0.001590 0.002963 0.001286 0.000093 0.227519 0.000343
0.769129 0.001545 0.002899 0.001241 0.000090 0.224761 0.000336
0.771862 0.001507 0.002796 0.001205 0.000088 0.222204 0.000337
0.774949 0.001472 0.002650 0.001143 0.000086 0.219362 0.000337
0.777192 0.001470 0.002581 0.001111 0.000084 0.217219 0.000343
0.779710 0.001451 0.002522 0.001083 0.000085 0.214807 0.000342
0.782619 0.001386 0.002402 0.001041 0.000082 0.212126 0.000344
0.785382 0.001376 0.002351 0.001033 0.000081 0.209437 0.000341
0.787513 0.001372 0.002293 0.001007 0.000077 0.207398 0.000339
0.790285 0.001337 0.002186 0.000975 0.000074 0.204801 0.000342
0.792789 0.001297 0.002103 0.000944 0.000072 0.202456 0.000339
0.795327 0.001311 0.002048 0.000907 0.000069 0.199994 0.000343
0.797835 0.001306 0.001957 0.000899 0.000070 0.197593 0.000341
0.800011 0.001279 0.001903 0.000893 0.000069 0.195504 0.000342
0.802246 0.001257 0.001862 0.000887 0.000068 0.193334 0.000348
0.804918 0.001219 0.001775 0.000846 0.000067 0.190828 0.000345
0.807269 0.001182 0.001723 0.000814 0.000067 0.188601 0.000344
0.809598 0.001148 0.001710 0.000791 0.000064 0.186346 0.000343
0.811935 0.001133 0.001686 0.000784 0.000063 0.184056 0.000342
0.813945 0.001096 0.001673 0.000762 0.000065 0.182119 0.000340
0.816154 0.001044 0.001621 0.000728 0.000060 0.180052 0.000342
0.818498 0.001025 0.001544 0.000724 0.000059 0.177811 0.000338
0.820549 0.001003 0.001494 0.000685 0.000057 0.175868 0.000345
0.822587 0.000990 0.001484 0.000685 0.000056 0.173859 0.000339
0.825030 0.000953 0.001427 0.000673 0.000053 0.171525 0.000340
0.826991 0.000956 0.001395 0.000649 0.000055 0.169622 0.000333
0.828957 0.000942 0.001399 0.000650 0.000053 0.167660 0.000339
0.831296 0.000901 0.001342 0.000627 0.000055 0.165433 0.000346
0.833431 0.000912 0.001312 0.000621 0.000053 0.163328 0.000342
0.835007 0.000895 0.001309 0.000605 0.000055 0.161786 0.000342
0.837244 0.000876 0.001245 0.000585 0.000053 0.159650 0.000347
0.839243 0.000877 0.001247 0.000572 0.000054 0.157669 0.000338
0.840951 0.000893 0.001228 0.000568 0.000054 0.155962 0.000344
0.843135 0.000832 0.001170 0.000544 0.000049 0.153930 0.000339
0.845173 0.000854 0.001162 0.000536 0.000051 0.151882 0.000342
0.846956 0.000828 0.001112 0.000506 0.000046 0.150211 0.000341
0.848864 0.000805 0.001100 0.000498 0.000049 0.148341 0.000343
0.850363 0.000841 0.001124 0.000498 0.000049 0.146785 0.000340
0.852039 0.000826 0.001064 0.000470 0.000048 0.145218 0.000334
0.853781 0.000856 0.001077 0.000454 0.000049 0.143438 0.000346
0.855476 0.000836 0.001089 0.000467 0.000047 0.141749 0.000336
0.857424 0.000807 0.001044 0.000462 0.000047 0.139872 0.000344
0.858789 0.000837 0.001065 0.000468 0.000047 0.138453 0.000342
0.860825 0.000756 0.001011 0.000461 0.000045 0.136561 0.000341
0.862748 0.000767 0.000991 0.000445 0.000040 0.134668 0.000342
0.864073 0.000805 0.000988 0.000433 0.000041 0.133323 0.000337
0.866075 0.000774 0.000963 0.000434 0.000037 0.131382 0.000336
0.867183 0.000809 0.000979 0.000424 0.000037 0.130228 0.000341
0.869283 0.000732 0.000942 0.000418 0.000032 0.128259 0.000334
0.870153 0.000774 0.000967 0.000417 0.000033 0.127321 0.000334
0.871828 0.000776 0.000954 0.000406 0.000032 0.125666 0.000339
0.873950 0.000751 0.000901 0.000384 0.000032 0.123642 0.000341
0.875185 0.000768 0.000884 0.000375 0.000031 0.122412 0.000345
0.876345 0.000788 0.000913 0.000402 0.000030 0.121183 0.000340
0.878112 0.000797 0.000880 0.000384 0.000027 0.119463 0.000338
0.879407 0.000783 0.000859 0.000393 0.000027 0.118199 0.000332
0.881378 0.000749 0.000807 0.000371 0.000028 0.116329 0.000337
0.882249 0.000833 0.000855 0.000395 0.000027 0.115298 0.000343
0.883614 0.000829 0.000825 0.000403 0.000025 0.113967 0.000338
0.885002 0.000806 0.000826 0.000390 0.000025 0.112605 0.000346
0.886546 0.000782 0.000812 0.000384 0.000024 0.111111 0.000341
0.887446 0.000839 0.000831 0.000385 0.000024 0.110137 0.000338
0.888954 0.000864 0.000835 0.000385 0.000023 0.108603 0.000337
0.890097 0.000881 0.000856 0.000393 0.000027 0.107412 0.000334
0.891573 0.000876 0.000869 0.000393 0.000022 0.105932 0.000335
0.892908 0.000832 0.000867 0.000394 0.000023 0.104648 0.000329
0.894142 0.000842 0.000864 0.000400 0.000022 0.103392 0.000337
0.895164 0.000869 0.000913 0.000397 0.000022 0.102303 0.000330
0.896556 0.000871 0.000905 0.000408 0.000025 0.100900 0.000335
0.897956 0.000850 0.000866 0.000412 0.000023 0.099567 0.000325
0.899229 0.000855 0.000848 0.000395 0.000023 0.098317 0.000333
0.900187 0.000855 0.000833 0.000395 0.000023 0.097377 0.000331
0.901102 0.000906 0.000869 0.000423 0.000022 0.096343 0.000334
0.902035 0.000969 0.000890 0.000417 0.000021 0.095341 0.000328
0.903834 0.000876 0.000824 0.000381 0.000016 0.093743 0.000327
0.904533 0.000928 0.000846 0.000407 0.000014 0.092942 0.000332
0.905473 0.000971 0.000870 0.000415 0.000017 0.091933 0.000322
0.906491 0.001025 0.000881 0.000412 0.000016 0.090845 0.000330
0.907593 0.001042 0.000886 0.000416 0.000015 0.089717 0.000330
0.908133 0.001109 0.000927 0.000429 0.000016 0.089061 0.000324
0.909259 0.001138 0.000909 0.000439 0.000015 0.087914 0.000325
0.910732 0.001082 0.000908 0.000453 0.000015 0.086483 0.000327
0.912158 0.001030 0.000861 0.000414 0.000013 0.085200 0.000324
0.912224 0.001243 0.001002 0.000487 0.000015 0.084709 0.000320
0.913414 0.001229 0.001002 0.000487 0.000014 0.083527 0.000328
0.914161 0.001273 0.001005 0.000495 0.000013 0.082735 0.000318
0.915105 0.001220 0.000973 0.000484 0.000014 0.081886 0.000318
0.915361 0.001325 0.001108 0.000525 0.000013 0.081342 0.000326
0.916256 0.001268 0.001077 0.000502 0.000014 0.080560 0.000323
0.917092 0.001374 0.001190 0.000565 0.000012 0.079449 0.000317
0.918205 0.001331 0.001179 0.000534 0.000010 0.078424 0.000317
0.919262 0.001278 0.001183 0.000520 0.000009 0.077432 0.000316
0.920079 0.001247 0.001120 0.000523 0.000010 0.076703 0.000318
0.920994 0.001360 0.001192 0.000543 0.000006 0.075590 0.000316
0.921814 0.001356 0.001196 0.000525 0.000007 0.074790 0.000312
0.921937 0.001541 0.001322 0.000580 0.000007 0.074288 0.000323
0.923109 0.001454 0.001250 0.000543 0.000009 0.073320 0.000316
0.923745 0.001469 0.001271 0.000560 0.000014 0.072618 0.000322
0.925057 0.001365 0.001242 0.000521 0.000012 0.071481 0.000322
0.926284 0.001299 0.001209 0.000515 0.000011 0.070366 0.000315
0.954735 0.000345 0.000332 0.000138 0.000004 0.044242 0.000203
