0.348399 0.062031 0.055648 0.031962 0.002113 0.493877 0.005971 1.618791
0.351084 0.059458 0.055566 0.031859 0.002118 0.493916 0.005999 1.624823
0.354712 0.056284 0.055325 0.031480 0.002106 0.494062 0.006029 1.630469
0.358874 0.052871 0.054865 0.031088 0.002097 0.494143 0.006062 1.635825
0.363412 0.049464 0.054416 0.030516 0.002089 0.494011 0.006091 1.640833
0.368174 0.045994 0.053806 0.029853 0.002098 0.493964 0.006110 1.645630
0.373120 0.042729 0.053038 0.029189 0.002086 0.493703 0.006135 1.650030
0.378302 0.039716 0.052068 0.028341 0.002091 0.493322 0.006162 1.653994
0.383603 0.036825 0.050894 0.027545 0.002094 0.492849 0.006190 1.657721
0.388950 0.034198 0.049657 0.026690 0.002079 0.492205 0.006222 1.661138
0.394436 0.031621 0.048484 0.025803 0.002068 0.491336 0.006252 1.664420
0.399836 0.029274 0.047095 0.024916 0.002055 0.490541 0.006282 1.667392
0.405440 0.027109 0.045706 0.024082 0.002029 0.489323 0.006312 1.670141
0.411064 0.025064 0.044254 0.023207 0.002025 0.488053 0.006335 1.672698
0.416663 0.023156 0.042773 0.022295 0.002007 0.486743 0.006364 1.675097
0.422250 0.021443 0.041347 0.021395 0.002004 0.485176 0.006386 1.677275
0.427885 0.019839 0.039962 0.020524 0.001983 0.483392 0.006417 1.679327
0.433434 0.018338 0.038536 0.019649 0.001951 0.481646 0.006445 1.681231
0.439064 0.016987 0.037045 0.018798 0.001915 0.479718 0.006475 1.682961
0.444573 0.015713 0.035604 0.017980 0.001892 0.477746 0.006493 1.684588
0.450215 0.014527 0.034219 0.017201 0.001860 0.475462 0.006516 1.686118
0.455846 0.013450 0.032765 0.016408 0.001842 0.473152 0.006537 1.687520
0.461382 0.012481 0.031394 0.015643 0.001808 0.470730 0.006562 1.688779
0.466897 0.011578 0.030077 0.014900 0.001786 0.468178 0.006586 1.689989
0.472460 0.010828 0.028743 0.014199 0.001759 0.465398 0.006613 1.691058
0.477984 0.010104 0.027470 0.013527 0.001725 0.462552 0.006640 1.692079
0.483391 0.009407 0.026225 0.012872 0.001693 0.459750 0.006661 1.693028
0.488872 0.008797 0.025070 0.012262 0.001663 0.456656 0.006681 1.693905
0.494319 0.008169 0.023945 0.011691 0.001622 0.453545 0.006707 1.694768
0.499701 0.007628 0.022855 0.011125 0.001595 0.450370 0.006726 1.695566
0.505099 0.007118 0.021776 0.010553 0.001557 0.447150 0.006747 1.696293
0.510368 0.006613 0.020792 0.010019 0.001525 0.443921 0.006763 1.697009
0.515683 0.006174 0.019831 0.009533 0.001501 0.440496 0.006780 1.697647
0.521045 0.005774 0.018881 0.009036 0.001468 0.436990 0.006807 1.698244
0.526244 0.005441 0.017929 0.008603 0.001428 0.433528 0.006828 1.698794
0.531436 0.005094 0.017010 0.008176 0.001394 0.430046 0.006845 1.699313
0.536553 0.004790 0.016165 0.007761 0.001361 0.426504 0.006865 1.699811
0.541664 0.004508 0.015407 0.007347 0.001341 0.422848 0.006884 1.700267
0.546757 0.004245 0.014631 0.006970 0.001307 0.419185 0.006905 1.700695
0.551903 0.004010 0.013898 0.006583 0.001278 0.415410 0.006919 1.701090
0.556937 0.003797 0.013174 0.006222 0.001244 0.411687 0.006937 1.701451
0.561906 0.003578 0.012508 0.005868 0.001204 0.407979 0.006957 1.701821
0.566745 0.003374 0.011914 0.005580 0.001172 0.404246 0.006969 1.702166
0.571656 0.003202 0.011315 0.005270 0.001138 0.400435 0.006984 1.702486
0.576474 0.003039 0.010766 0.004997 0.001096 0.396628 0.007001 1.702783
0.581300 0.002889 0.010190 0.004734 0.001066 0.392806 0.007015 1.703064
0.586150 0.002733 0.009676 0.004498 0.001044 0.388871 0.007029 1.703351
0.590816 0.002584 0.009213 0.004263 0.001017 0.385065 0.007041 1.703629
0.595508 0.002450 0.008742 0.004041 0.000989 0.381215 0.007055 1.703878
0.600079 0.002310 0.008315 0.003830 0.000958 0.377441 0.007068 1.704123
0.604631 0.002176 0.007949 0.003614 0.000936 0.373614 0.007081 1.704369
0.609108 0.002077 0.007552 0.003409 0.000906 0.369850 0.007098 1.704571
0.613544 0.001989 0.007166 0.003214 0.000879 0.366094 0.007113 1.704775
0.617976 0.001917 0.006792 0.003025 0.000849 0.362314 0.007127 1.704946
0.622407 0.001832 0.006443 0.002877 0.000821 0.358475 0.007144 1.705134
0.626747 0.001730 0.006119 0.002725 0.000791 0.354730 0.007158 1.705319
0.631047 0.001661 0.005803 0.002578 0.000779 0.350965 0.007168 1.705485
0.635249 0.001599 0.005509 0.002449 0.000751 0.347267 0.007177 1.705626
0.639468 0.001517 0.005221 0.002319 0.000724 0.343565 0.007187 1.705786
0.643624 0.001472 0.004972 0.002200 0.000701 0.339835 0.007197 1.705934
0.647825 0.001396 0.004755 0.002081 0.000684 0.336054 0.007206 1.706084
0.651886 0.001316 0.004542 0.001973 0.000666 0.332401 0.007216 1.706232
0.655897 0.001273 0.004326 0.001865 0.000641 0.328773 0.007224 1.706353
0.659958 0.001228 0.004090 0.001770 0.000624 0.325098 0.007233 1.706464
0.663904 0.001182 0.003890 0.001691 0.000603 0.321489 0.007240 1.706579
0.667857 0.001136 0.003692 0.001604 0.000586 0.317876 0.007249 1.706689
0.671760 0.001107 0.003524 0.001508 0.000563 0.314277 0.007261 1.706794
0.675564 0.001064 0.003359 0.001437 0.000542 0.310766 0.007269 1.706909
0.679308 0.001042 0.003180 0.001365 0.000523 0.307305 0.007277 1.707004
0.683103 0.000996 0.003016 0.001297 0.000513 0.303794 0.007282 1.707109
0.686806 0.000957 0.002896 0.001235 0.000495 0.300321 0.007290 1.707210
0.690511 0.000917 0.002777 0.001172 0.000478 0.296850 0.007295 1.707304
0.694103 0.000896 0.002632 0.001129 0.000457 0.293479 0.007304 1.707377
0.697749 0.000849 0.002520 0.001088 0.000435 0.290049 0.007311 1.707466
0.701332 0.000811 0.002405 0.001019 0.000423 0.286694 0.007316 1.707546
0.704888 0.000780 0.002288 0.000983 0.000409 0.283328 0.007325 1.707619
0.708396 0.000743 0.002194 0.000942 0.000394 0.280002 0.007332 1.707700
0.711804 0.000723 0.002101 0.000898 0.000379 0.276760 0.007335 1.707767
0.715148 0.000694 0.002013 0.000866 0.000361 0.273577 0.007342 1.707845
0.718510 0.000672 0.001900 0.000832 0.000347 0.270391 0.007349 1.707908
0.721826 0.000664 0.001791 0.000802 0.000333 0.267228 0.007356 1.707963
0.725107 0.000627 0.001702 0.000761 0.000326 0.264119 0.007360 1.708033
0.728406 0.000590 0.001634 0.000722 0.000313 0.260970 0.007366 1.708100
0.731569 0.000557 0.001576 0.000687 0.000305 0.257937 0.007371 1.708163
0.734746 0.000537 0.001508 0.000656 0.000295 0.254883 0.007376 1.708215
0.737868 0.000512 0.001440 0.000616 0.000284 0.251900 0.007381 1.708268
0.740936 0.000485 0.001373 0.000590 0.000273 0.248958 0.007385 1.708319
0.743989 0.000464 0.001303 0.000566 0.000264 0.246029 0.007386 1.708368
0.747020 0.000449 0.001248 0.000540 0.000257 0.243098 0.007389 1.708418
0.750101 0.000433 0.001204 0.000518 0.000250 0.240104 0.007392 1.708463
0.753063 0.000414 0.001142 0.000503 0.000238 0.237248 0.007394 1.708507
0.755992 0.000401 0.001090 0.000482 0.000228 0.234410 0.007399 1.708547
0.758897 0.000388 0.001031 0.000468 0.000221 0.231593 0.007403 1.708588
0.761751 0.000374 0.000988 0.000444 0.000212 0.228826 0.007406 1.708626
0.764589 0.000372 0.000948 0.000425 0.000204 0.226054 0.007410 1.708659
0.767408 0.000363 0.000908 0.000402 0.000194 0.223312 0.007413 1.708691
0.770072 0.000367 0.000859 0.000379 0.000188 0.220720 0.007416 1.708714
0.772779 0.000343 0.000825 0.000364 0.000184 0.218086 0.007419 1.708756
0.775490 0.000326 0.000786 0.000345 0.000176 0.215455 0.007421 1.708793
0.778175 0.000326 0.000749 0.000325 0.000171 0.212832 0.007423 1.708821
0.780808 0.000310 0.000722 0.000308 0.000162 0.210264 0.007426 1.708855
0.783442 0.000307 0.000688 0.000295 0.000155 0.207684 0.007430 1.708883
0.785972 0.000299 0.000664 0.000281 0.000147 0.205206 0.007432 1.708913
0.788529 0.000296 0.000638 0.000272 0.000143 0.202689 0.007434 1.708940
0.791030 0.000292 0.000614 0.000259 0.000139 0.200232 0.007436 1.708969
0.793476 0.000283 0.000596 0.000243 0.000133 0.197833 0.007437 1.708996
0.795963 0.000265 0.000581 0.000236 0.000129 0.195388 0.007438 1.709033
0.798391 0.000257 0.000558 0.000226 0.000125 0.193004 0.007439 1.709053
0.800757 0.000249 0.000536 0.000220 0.000123 0.190674 0.007441 1.709077
0.803093 0.000241 0.000510 0.000206 0.000119 0.188389 0.007443 1.709097
0.805402 0.000229 0.000489 0.000197 0.000118 0.186121 0.007444 1.709123
0.807716 0.000234 0.000465 0.000189 0.000113 0.183837 0.007446 1.709139
0.809974 0.000224 0.000447 0.000182 0.000109 0.181616 0.007448 1.709161
0.812231 0.000215 0.000424 0.000174 0.000108 0.179400 0.007449 1.709186
0.814474 0.000210 0.000404 0.000172 0.000103 0.177186 0.007452 1.709207
0.816632 0.000202 0.000394 0.000165 0.000102 0.175053 0.007453 1.709228
0.818750 0.000200 0.000384 0.000159 0.000098 0.172954 0.007455 1.709252
0.820880 0.000190 0.000379 0.000154 0.000094 0.170847 0.007457 1.709277
0.822929 0.000181 0.000360 0.000148 0.000093 0.168832 0.007458 1.709298
0.825004 0.000179 0.000344 0.000139 0.000090 0.166785 0.007459 1.709311
0.827043 0.000177 0.000329 0.000132 0.000085 0.164775 0.007460 1.709326
0.828997 0.000171 0.000315 0.000128 0.000084 0.162846 0.007460 1.709343
0.830868 0.000166 0.000301 0.000121 0.000081 0.161002 0.007462 1.709358
0.832774 0.000163 0.000290 0.000118 0.000080 0.159113 0.007462 1.709370
0.834625 0.000160 0.000278 0.000114 0.000077 0.157283 0.007463 1.709386
0.836476 0.000155 0.000274 0.000109 0.000075 0.155448 0.007463 1.709401
0.838296 0.000153 0.000265 0.000105 0.000073 0.153643 0.007465 1.709412
0.840072 0.000147 0.000258 0.000105 0.000069 0.151883 0.007466 1.709428
0.841821 0.000142 0.000249 0.000100 0.000067 0.150153 0.007467 1.709440
0.843534 0.000144 0.000238 0.000097 0.000065 0.148453 0.007468 1.709449
0.845205 0.000140 0.000236 0.000091 0.000064 0.146796 0.007468 1.709463
0.846874 0.000136 0.000225 0.000092 0.000061 0.145144 0.007468 1.709475
0.848558 0.000131 0.000219 0.000091 0.000060 0.143473 0.007468 1.709489
0.850186 0.000132 0.000209 0.000088 0.000058 0.141858 0.007469 1.709497
0.851751 0.000128 0.000204 0.000086 0.000056 0.140304 0.007470 1.709510
0.853324 0.000127 0.000196 0.000084 0.000055 0.138743 0.007470 1.709520
0.854844 0.000123 0.000188 0.000080 0.000052 0.137239 0.007472 1.709530
0.856305 0.000116 0.000185 0.000078 0.000051 0.135792 0.007472 1.709543
0.857710 0.000115 0.000179 0.000075 0.000050 0.134398 0.007473 1.709552
0.859085 0.000111 0.000171 0.000071 0.000048 0.133039 0.007476 1.709562
0.860439 0.000105 0.000168 0.000070 0.000045 0.131697 0.007476 1.709574
0.861721 0.000100 0.000161 0.000072 0.000042 0.130428 0.007477 1.709585
0.863002 0.000097 0.000157 0.000068 0.000040 0.129158 0.007478 1.709595
0.864309 0.000093 0.000153 0.000066 0.000038 0.127862 0.007478 1.709604
0.865603 0.000089 0.000147 0.000063 0.000037 0.126581 0.007479 1.709614
0.866812 0.000088 0.000141 0.000063 0.000037 0.125380 0.007479 1.709625
0.868024 0.000090 0.000137 0.000060 0.000037 0.124173 0.007479 1.709631
0.869178 0.000089 0.000132 0.000057 0.000036 0.123029 0.007479 1.709639
0.870274 0.000086 0.000126 0.000057 0.000036 0.121942 0.007479 1.709649
0.871391 0.000084 0.000121 0.000055 0.000035 0.120834 0.007480 1.709658
0.872543 0.000078 0.000114 0.000056 0.000034 0.119695 0.007480 1.709668
0.873559 0.000078 0.000111 0.000054 0.000032 0.118684 0.007481 1.709675
0.874604 0.000082 0.000110 0.000054 0.000031 0.117637 0.007482 1.709682
0.875593 0.000081 0.000109 0.000052 0.000030 0.116654 0.007482 1.709689
0.876534 0.000078 0.000104 0.000052 0.000027 0.115723 0.007483 1.709698
0.877496 0.000077 0.000100 0.000052 0.000025 0.114766 0.007483 1.709705
0.878412 0.000074 0.000099 0.000048 0.000023 0.113859 0.007485 1.709712
0.879268 0.000071 0.000096 0.000046 0.000022 0.113011 0.007485 1.709719
0.880100 0.000068 0.000091 0.000046 0.000021 0.112186 0.007486 1.709725
0.880914 0.000067 0.000091 0.000045 0.000021 0.111376 0.007486 1.709731
0.881723 0.000067 0.000093 0.000041 0.000021 0.110568 0.007486 1.709737
0.882489 0.000065 0.000089 0.000039 0.000021 0.109810 0.007486 1.709745
0.883197 0.000065 0.000081 0.000035 0.000019 0.109116 0.007487 1.709751
0.883895 0.000066 0.000079 0.000035 0.000018 0.108419 0.007488 1.709755
0.884604 0.000059 0.000082 0.000036 0.000017 0.107713 0.007488 1.709766
0.885289 0.000055 0.000080 0.000034 0.000016 0.107038 0.007489 1.709772
0.885932 0.000051 0.000079 0.000030 0.000016 0.106401 0.007489 1.709777
0.886554 0.000047 0.000078 0.000031 0.000016 0.105784 0.007489 1.709783
0.887180 0.000044 0.000077 0.000030 0.000016 0.105163 0.007490 1.709788
0.887737 0.000043 0.000075 0.000028 0.000015 0.104612 0.007490 1.709794
0.888309 0.000042 0.000076 0.000026 0.000014 0.104043 0.007491 1.709798
0.888849 0.000040 0.000076 0.000025 0.000014 0.103505 0.007491 1.709803
0.889362 0.000042 0.000071 0.000025 0.000013 0.102996 0.007491 1.709806
0.889865 0.000038 0.000069 0.000023 0.000012 0.102502 0.007491 1.709811
0.890387 0.000038 0.000069 0.000022 0.000013 0.101980 0.007491 1.709814
0.890883 0.000033 0.000067 0.000021 0.000013 0.101492 0.007491 1.709820
0.891363 0.000033 0.000065 0.000019 0.000012 0.101017 0.007492 1.709823
0.891851 0.000034 0.000061 0.000020 0.000012 0.100531 0.007492 1.709825
0.892260 0.000029 0.000061 0.000019 0.000010 0.100129 0.007492 1.709830
0.892676 0.000029 0.000058 0.000017 0.000010 0.099719 0.007492 1.709833
0.893071 0.000029 0.000056 0.000017 0.000010 0.099325 0.007493 1.709836
0.893413 0.000030 0.000055 0.000018 0.000008 0.098982 0.007494 1.709837
0.893763 0.000030 0.000053 0.000019 0.000008 0.098633 0.007494 1.709840
0.894088 0.000032 0.000051 0.000018 0.000008 0.098310 0.007494 1.709842
0.894396 0.000031 0.000051 0.000017 0.000008 0.098003 0.007494 1.709847
0.894721 0.000035 0.000047 0.000018 0.000008 0.097678 0.007495 1.709849
0.894994 0.000035 0.000046 0.000018 0.000007 0.097405 0.007495 1.709852
0.895267 0.000034 0.000046 0.000016 0.000007 0.097134 0.007496 1.709856
0.895557 0.000035 0.000045 0.000016 0.000005 0.096846 0.007496 1.709858
0.895798 0.000031 0.000046 0.000015 0.000005 0.096609 0.007496 1.709863
0.896051 0.000031 0.000044 0.000014 0.000005 0.096359 0.007496 1.709866
0.896257 0.000032 0.000040 0.000014 0.000004 0.096156 0.007497 1.709868
0.896450 0.000035 0.000038 0.000013 0.000003 0.095963 0.007498 1.709869
0.896635 0.000033 0.000038 0.000014 0.000003 0.095779 0.007498 1.709874
0.896813 0.000029 0.000041 0.000015 0.000003 0.095602 0.007498 1.709881
0.896996 0.000028 0.000040 0.000014 0.000003 0.095422 0.007498 1.709884
0.897166 0.000030 0.000036 0.000016 0.000002 0.095251 0.007498 1.709886
0.897324 0.000028 0.000032 0.000016 0.000002 0.095099 0.007498 1.709889
0.897488 0.000029 0.000029 0.000017 0.000002 0.094937 0.007498 1.709891
0.897642 0.000027 0.000029 0.000017 0.000002 0.094784 0.007498 1.709896
0.897798 0.000027 0.000029 0.000016 0.000002 0.094630 0.007498 1.709898
0.897955 0.000027 0.000029 0.000015 0.000002 0.094474 0.007498 1.709901
0.898094 0.000027 0.000030 0.000015 0.000002 0.094334 0.007498 1.709903
0.898218 0.000028 0.000030 0.000015 0.000002 0.094209 0.007498 1.709907
0.898344 0.000028 0.000028 0.000016 0.000002 0.094085 0.007499 1.709909
0.898471 0.000030 0.000025 0.000016 0.000002 0.093957 0.007499 1.709909
0.898584 0.000031 0.000026 0.000016 0.000002 0.093842 0.007499 1.709911
0.898716 0.000027 0.000029 0.000016 0.000002 0.093712 0.007499 1.709916
0.898837 0.000031 0.000028 0.000015 0.000002 0.093590 0.007499 1.709918
0.898955 0.000031 0.000029 0.000015 0.000002 0.093470 0.007499 1.709920
0.899054 0.000029 0.000030 0.000014 0.000002 0.093371 0.007499 1.709925
0.899159 0.000027 0.000031 0.000013 0.000002 0.093270 0.007499 1.709928
0.899261 0.000027 0.000033 0.000014 0.000002 0.093165 0.007499 1.709932
0.899360 0.000027 0.000031 0.000014 0.000002 0.093067 0.007499 1.709935
0.899450 0.000026 0.000031 0.000015 0.000002 0.092979 0.007499 1.709939
0.899535 0.000025 0.000032 0.000014 0.000002 0.092894 0.007499 1.709942
0.899624 0.000024 0.000032 0.000013 0.000003 0.092807 0.007499 1.709945
0.899723 0.000026 0.000030 0.000012 0.000003 0.092707 0.007499 1.709946
0.899810 0.000028 0.000030 0.000012 0.000003 0.092618 0.007499 1.709948
0.899887 0.000028 0.000028 0.000013 0.000003 0.092543 0.007499 1.709950
0.899971 0.000027 0.000027 0.000014 0.000003 0.092461 0.007499 1.709955
0.900051 0.000026 0.000027 0.000014 0.000003 0.092382 0.007499 1.709958
0.900122 0.000027 0.000024 0.000013 0.000003 0.092312 0.007499 1.709959
0.900198 0.000025 0.000024 0.000012 0.000002 0.092239 0.007499 1.709963
0.900268 0.000026 0.000025 0.000012 0.000002 0.092169 0.007499 1.709965
0.900343 0.000024 0.000026 0.000012 0.000002 0.092095 0.007499 1.709968
0.900407 0.000025 0.000025 0.000013 0.000003 0.092028 0.007499 1.709970
0.900473 0.000024 0.000026 0.000013 0.000003 0.091963 0.007499 1.709973
0.900529 0.000022 0.000027 0.000013 0.000002 0.091908 0.007499 1.709977
0.900589 0.000023 0.000026 0.000013 0.000002 0.091848 0.007499 1.709979
0.900651 0.000021 0.000028 0.000013 0.000002 0.091786 0.007499 1.709982
0.900703 0.000021 0.000027 0.000013 0.000002 0.091734 0.007499 1.709984
0.900760 0.000020 0.000029 0.000013 0.000002 0.091676 0.007499 1.709986
0.900813 0.000021 0.000029 0.000011 0.000002 0.091625 0.007499 1.709987
0.900871 0.000021 0.000029 0.000011 0.000002 0.091567 0.007499 1.709990
0.900919 0.000022 0.000026 0.000010 0.000002 0.091522 0.007499 1.709991
0.900963 0.000019 0.000027 0.000009 0.000002 0.091480 0.007499 1.709994
0.901009 0.000020 0.000027 0.000009 0.000002 0.091435 0.007499 1.709995
0.901056 0.000020 0.000027 0.000008 0.000002 0.091387 0.007499 1.709996
0.901101 0.000022 0.000027 0.000008 0.000002 0.091342 0.007499 1.709997
0.901143 0.000023 0.000026 0.000008 0.000002 0.091299 0.007499 1.709999
0.901187 0.000023 0.000027 0.000008 0.000002 0.091255 0.007499 1.710003
0.901221 0.000024 0.000025 0.000008 0.000002 0.091221 0.007499 1.710005
0.901263 0.000024 0.000022 0.000008 0.000002 0.091182 0.007499 1.710006
0.901302 0.000024 0.000024 0.000007 0.000002 0.091142 0.007499 1.710009
0.901336 0.000024 0.000026 0.000006 0.000002 0.091106 0.007499 1.710012
0.901373 0.000024 0.000027 0.000006 0.000002 0.091069 0.007499 1.710016
0.901409 0.000025 0.000028 0.000006 0.000002 0.091032 0.007499 1.710017
0.901442 0.000025 0.000026 0.000006 0.000002 0.091000 0.007499 1.710017
0.901482 0.000024 0.000027 0.000007 0.000002 0.090960 0.007499 1.710020
0.901519 0.000023 0.000028 0.000007 0.000002 0.090923 0.007500 1.710022
0.901553 0.000026 0.000027 0.000007 0.000002 0.090887 0.007500 1.710023
0.901584 0.000022 0.000028 0.000007 0.000002 0.090858 0.007500 1.710028
0.901621 0.000024 0.000026 0.000007 0.000001 0.090821 0.007500 1.710029
0.901653 0.000022 0.000025 0.000007 0.000001 0.090792 0.007500 1.710031
0.901685 0.000022 0.000025 0.000007 0.000001 0.090759 0.007500 1.710033
0.901716 0.000021 0.000022 0.000006 0.000001 0.090733 0.007500 1.710035
0.901757 0.000020 0.000024 0.000006 0.000001 0.090692 0.007500 1.710037
0.901789 0.000021 0.000025 0.000006 0.000001 0.090659 0.007500 1.710039
0.901818 0.000020 0.000024 0.000006 0.000001 0.090631 0.007500 1.710041
0.901841 0.000019 0.000025 0.000006 0.000001 0.090609 0.007500 1.710044
0.901866 0.000019 0.000024 0.000006 0.000001 0.090584 0.007500 1.710045
0.901896 0.000020 0.000025 0.000006 0.000001 0.090552 0.007500 1.710047
0.901915 0.000020 0.000027 0.000006 0.000001 0.090532 0.007500 1.710050
0.901943 0.000020 0.000026 0.000005 0.000000 0.090505 0.007501 1.710051
0.901969 0.000019 0.000023 0.000007 0.000000 0.090481 0.007501 1.710053
0.901999 0.000018 0.000023 0.000006 0.000000 0.090453 0.007501 1.710055
0.902023 0.000019 0.000022 0.000006 0.000000 0.090430 0.007501 1.710057
0.902052 0.000019 0.000022 0.000006 0.000000 0.090399 0.007501 1.710058
0.902078 0.000018 0.000024 0.000006 0.000000 0.090374 0.007501 1.710060
0.902105 0.000019 0.000022 0.000005 0.000000 0.090348 0.007501 1.710061
0.902126 0.000020 0.000021 0.000005 0.000000 0.090326 0.007501 1.710062
0.902149 0.000020 0.000020 0.000006 0.000000 0.090303 0.007501 1.710063
0.902177 0.000022 0.000019 0.000006 0.000000 0.090275 0.007501 1.710065
0.902198 0.000021 0.000021 0.000006 0.000000 0.090252 0.007501 1.710066
0.902219 0.000018 0.000023 0.000007 0.000000 0.090232 0.007501 1.710070
0.902245 0.000018 0.000021 0.000007 0.000000 0.090209 0.007501 1.710071
0.902269 0.000018 0.000022 0.000006 0.000000 0.090184 0.007501 1.710073
0.902285 0.000019 0.000023 0.000006 0.000000 0.090167 0.007501 1.710074
0.902308 0.000019 0.000021 0.000006 0.000000 0.090145 0.007501 1.710075
0.902327 0.000022 0.000020 0.000007 0.000000 0.090124 0.007501 1.710076
0.902349 0.000020 0.000022 0.000008 0.000000 0.090101 0.007501 1.710079
0.902369 0.000018 0.000023 0.000009 0.000000 0.090079 0.007501 1.710083
0.902400 0.000018 0.000023 0.000009 0.000000 0.090049 0.007501 1.710085
0.902421 0.000018 0.000023 0.000008 0.000000 0.090029 0.007501 1.710086
0.902448 0.000018 0.000024 0.000010 0.000000 0.089999 0.007501 1.710089
0.902466 0.000019 0.000023 0.000010 0.000000 0.089982 0.007501 1.710090
0.902483 0.000018 0.000021 0.000011 0.000000 0.089967 0.007501 1.710092
0.902503 0.000019 0.000020 0.000011 0.000000 0.089946 0.007501 1.710094
0.902519 0.000020 0.000021 0.000011 0.000000 0.089929 0.007501 1.710096
0.902535 0.000022 0.000023 0.000011 0.000000 0.089910 0.007501 1.710098
0.902546 0.000022 0.000021 0.000011 0.000000 0.089899 0.007501 1.710100
0.902567 0.000020 0.000019 0.000011 0.000000 0.089883 0.007501 1.710103
0.902582 0.000019 0.000021 0.000010 0.000000 0.089867 0.007501 1.710105
0.902600 0.000019 0.000019 0.000011 0.000000 0.089849 0.007501 1.710106
0.902615 0.000018 0.000019 0.000011 0.000000 0.089835 0.007501 1.710109
0.902626 0.000018 0.000018 0.000012 0.000000 0.089824 0.007501 1.710111
0.902646 0.000019 0.000016 0.000011 0.000000 0.089807 0.007501 1.710111
0.902663 0.000018 0.000015 0.000011 0.000000 0.089793 0.007501 1.710113
0.902676 0.000017 0.000016 0.000010 0.000000 0.089781 0.007501 1.710115
0.902686 0.000016 0.000015 0.000010 0.000000 0.089772 0.007501 1.710117
0.902698 0.000016 0.000015 0.000010 0.000000 0.089761 0.007501 1.710119
0.902707 0.000016 0.000014 0.000010 0.000000 0.089753 0.007501 1.710120
0.902719 0.000016 0.000014 0.000010 0.000000 0.089740 0.007501 1.710121
0.902726 0.000018 0.000014 0.000010 0.000000 0.089732 0.007501 1.710121
0.902734 0.000016 0.000014 0.000010 0.000000 0.089725 0.007501 1.710123
0.902740 0.000016 0.000015 0.000010 0.000000 0.089718 0.007501 1.710125
0.902746 0.000017 0.000014 0.000011 0.000000 0.089711 0.007501 1.710126
0.902753 0.000016 0.000014 0.000010 0.000000 0.089706 0.007501 1.710128
0.902761 0.000015 0.000015 0.000010 0.000000 0.089698 0.007501 1.710130
0.902767 0.000015 0.000016 0.000008 0.000000 0.089694 0.007501 1.710131
0.902773 0.000013 0.000016 0.000009 0.000000 0.089689 0.007501 1.710133
0.902780 0.000011 0.000017 0.000010 0.000000 0.089682 0.007501 1.710136
0.902784 0.000013 0.000017 0.000009 0.000000 0.089676 0.007501 1.710136
0.902789 0.000013 0.000017 0.000008 0.000000 0.089672 0.007501 1.710137
0.902793 0.000015 0.000015 0.000008 0.000000 0.089669 0.007501 1.710137
0.902798 0.000015 0.000015 0.000008 0.000000 0.089664 0.007501 1.710138
0.902806 0.000014 0.000014 0.000006 0.000000 0.089658 0.007501 1.710139
0.902812 0.000014 0.000015 0.000005 0.000000 0.089653 0.007501 1.710139
0.902819 0.000014 0.000013 0.000005 0.000000 0.089648 0.007501 1.710140
0.902821 0.000015 0.000013 0.000005 0.000000 0.089645 0.007501 1.710141
0.902826 0.000016 0.000012 0.000005 0.000000 0.089639 0.007501 1.710141
0.902829 0.000015 0.000013 0.000005 0.000000 0.089636 0.007501 1.710143
0.902833 0.000016 0.000013 0.000005 0.000000 0.089631 0.007501 1.710143
0.902837 0.000016 0.000013 0.000006 0.000000 0.089626 0.007501 1.710145
0.902838 0.000016 0.000014 0.000005 0.000000 0.089626 0.007501 1.710147
0.902842 0.000016 0.000014 0.000005 0.000000 0.089620 0.007501 1.710148
0.902845 0.000016 0.000016 0.000005 0.000000 0.089616 0.007501 1.710150
0.902849 0.000015 0.000016 0.000006 0.000000 0.089611 0.007501 1.710151
0.902852 0.000015 0.000017 0.000006 0.000001 0.089608 0.007501 1.710153
0.902855 0.000015 0.000014 0.000006 0.000001 0.089608 0.007501 1.710153
0.902856 0.000016 0.000013 0.000005 0.000001 0.089607 0.007501 1.710154
0.902860 0.000014 0.000013 0.000005 0.000001 0.089605 0.007502 1.710156
0.902863 0.000012 0.000014 0.000006 0.000001 0.089603 0.007502 1.710158
0.902869 0.000013 0.000012 0.000006 0.000001 0.089598 0.007502 1.710158
0.902873 0.000012 0.000012 0.000006 0.000001 0.089594 0.007502 1.710160
0.902875 0.000014 0.000012 0.000005 0.000001 0.089592 0.007502 1.710160
0.902879 0.000013 0.000012 0.000006 0.000001 0.089589 0.007502 1.710164
0.902881 0.000014 0.000010 0.000006 0.000001 0.089588 0.007502 1.710164
0.902883 0.000014 0.000010 0.000005 0.000001 0.089586 0.007502 1.710164
0.902883 0.000014 0.000010 0.000006 0.000001 0.089585 0.007502 1.710166
0.902886 0.000013 0.000010 0.000006 0.000001 0.089583 0.007502 1.710168
0.902887 0.000013 0.000010 0.000006 0.000001 0.089581 0.007502 1.710168
0.902890 0.000012 0.000011 0.000006 0.000001 0.089580 0.007502 1.710169
0.902891 0.000012 0.000010 0.000006 0.000001 0.089579 0.007502 1.710170
0.902889 0.000013 0.000011 0.000007 0.000001 0.089578 0.007502 1.710172
0.902890 0.000013 0.000011 0.000007 0.000001 0.089578 0.007502 1.710173
0.902890 0.000013 0.000011 0.000008 0.000001 0.089576 0.007502 1.710174
0.902891 0.000014 0.000012 0.000008 0.000001 0.089573 0.007502 1.710175
0.902891 0.000013 0.000013 0.000007 0.000000 0.089574 0.007502 1.710176
0.902892 0.000013 0.000013 0.000008 0.000000 0.089572 0.007502 1.710178
0.902892 0.000012 0.000014 0.000008 0.000000 0.089571 0.007502 1.710180
0.902893 0.000010 0.000015 0.000008 0.000000 0.089572 0.007502 1.710184
0.902893 0.000010 0.000014 0.000008 0.000001 0.089571 0.007502 1.710185
0.902893 0.000012 0.000015 0.000007 0.000001 0.089572 0.007502 1.710186
0.902893 0.000012 0.000015 0.000008 0.000001 0.089571 0.007502 1.710187
0.902895 0.000013 0.000015 0.000007 0.000001 0.089568 0.007502 1.710188
0.902896 0.000012 0.000017 0.000006 0.000001 0.089566 0.007502 1.710189
0.902898 0.000012 0.000017 0.000006 0.000001 0.089565 0.007502 1.710191
0.902899 0.000012 0.000017 0.000006 0.000001 0.089565 0.007502 1.710192
0.902899 0.000013 0.000017 0.000006 0.000001 0.089564 0.007502 1.710192
0.902900 0.000012 0.000016 0.000005 0.000000 0.089565 0.007502 1.710193
0.902903 0.000010 0.000017 0.000006 0.000000 0.089562 0.007502 1.710195
0.902903 0.000011 0.000016 0.000005 0.000000 0.089563 0.007502 1.710196
0.902905 0.000011 0.000017 0.000005 0.000000 0.089560 0.007502 1.710197
0.902906 0.000010 0.000017 0.000006 0.000000 0.089560 0.007502 1.710199
0.902906 0.000010 0.000017 0.000005 0.000001 0.089560 0.007502 1.710199
0.902906 0.000010 0.000018 0.000004 0.000001 0.089560 0.007502 1.710201
0.902907 0.000010 0.000015 0.000005 0.000001 0.089561 0.007502 1.710202
0.902907 0.000010 0.000016 0.000004 0.000001 0.089560 0.007502 1.710203
0.902910 0.000008 0.000018 0.000004 0.000001 0.089557 0.007502 1.710206
0.902911 0.000010 0.000017 0.000003 0.000001 0.089555 0.007502 1.710206
0.902912 0.000013 0.000016 0.000003 0.000001 0.089553 0.007502 1.710206
0.902915 0.000012 0.000015 0.000003 0.000001 0.089552 0.007502 1.710207
0.902916 0.000010 0.000016 0.000004 0.000001 0.089550 0.007502 1.710209
0.902918 0.000009 0.000018 0.000005 0.000001 0.089547 0.007502 1.710211
0.902919 0.000007 0.000018 0.000004 0.000001 0.089549 0.007502 1.710214
0.902920 0.000006 0.000018 0.000005 0.000001 0.089548 0.007502 1.710216
0.902921 0.000006 0.000017 0.000005 0.000001 0.089548 0.007502 1.710217
0.902925 0.000006 0.000016 0.000005 0.000001 0.089546 0.007502 1.710217
0.902926 0.000006 0.000014 0.000004 0.000001 0.089547 0.007502 1.710217
0.902926 0.000006 0.000012 0.000004 0.000001 0.089549 0.007502 1.710217
0.902926 0.000008 0.000010 0.000004 0.000000 0.089549 0.007502 1.710217
0.902926 0.000009 0.000008 0.000003 0.000000 0.089551 0.007502 1.710217
0.902927 0.000010 0.000008 0.000003 0.000000 0.089550 0.007502 1.710217
0.902927 0.000010 0.000008 0.000004 0.000000 0.089549 0.007502 1.710219
0.902928 0.000009 0.000008 0.000005 0.000000 0.089548 0.007502 1.710220
0.902930 0.000009 0.000008 0.000005 0.000000 0.089546 0.007502 1.710220
0.902930 0.000008 0.000008 0.000004 0.000000 0.089546 0.007502 1.710221
0.902931 0.000006 0.000008 0.000005 0.000000 0.089547 0.007502 1.710222
0.902931 0.000008 0.000008 0.000004 0.000000 0.089546 0.007502 1.710222
0.902930 0.000009 0.000008 0.000004 0.000000 0.089546 0.007502 1.710223
0.902931 0.000008 0.000009 0.000004 0.000000 0.089546 0.007502 1.710223
0.902932 0.000008 0.000010 0.000003 0.000000 0.089544 0.007502 1.710224
0.902933 0.000008 0.000008 0.000004 0.000000 0.089545 0.007502 1.710225
0.902934 0.000008 0.000008 0.000004 0.000000 0.089543 0.007502 1.710225
0.902934 0.000007 0.000010 0.000005 0.000000 0.089543 0.007502 1.710227
0.902934 0.000007 0.000009 0.000005 0.000000 0.089542 0.007502 1.710228
0.902933 0.000008 0.000009 0.000006 0.000000 0.089542 0.007502 1.710229
0.902936 0.000007 0.000010 0.000006 0.000000 0.089540 0.007502 1.710230
0.902936 0.000006 0.000009 0.000006 0.000000 0.089541 0.007502 1.710231
0.902937 0.000008 0.000008 0.000006 0.000000 0.089541 0.007502 1.710231
0.902937 0.000008 0.000008 0.000005 0.000000 0.089541 0.007502 1.710232
0.902937 0.000008 0.000008 0.000005 0.000000 0.089540 0.007502 1.710232
0.902938 0.000007 0.000007 0.000006 0.000000 0.089540 0.007502 1.710233
0.902938 0.000007 0.000006 0.000006 0.000000 0.089541 0.007502 1.710233
0.902941 0.000007 0.000006 0.000006 0.000000 0.089540 0.007502 1.710233
0.902941 0.000008 0.000006 0.000005 0.000000 0.089539 0.007502 1.710234
0.902941 0.000007 0.000006 0.000005 0.000000 0.089538 0.007502 1.710234
0.902942 0.000006 0.000006 0.000005 0.000000 0.089538 0.007502 1.710235
0.902943 0.000006 0.000006 0.000006 0.000000 0.089537 0.007502 1.710236
0.902943 0.000004 0.000006 0.000006 0.000000 0.089538 0.007502 1.710238
0.902946 0.000004 0.000006 0.000005 0.000000 0.089537 0.007502 1.710238
0.902947 0.000005 0.000005 0.000005 0.000000 0.089537 0.007502 1.710238
0.902948 0.000003 0.000004 0.000006 0.000000 0.089536 0.007502 1.710239
0.902948 0.000003 0.000005 0.000006 0.000000 0.089536 0.007502 1.710240
0.902949 0.000003 0.000005 0.000006 0.000000 0.089536 0.007502 1.710240
0.902950 0.000002 0.000005 0.000006 0.000000 0.089536 0.007502 1.710241
0.902951 0.000002 0.000003 0.000005 0.000000 0.089536 0.007502 1.710241
0.902952 0.000003 0.000003 0.000005 0.000000 0.089535 0.007502 1.710241
0.902952 0.000003 0.000003 0.000006 0.000000 0.089534 0.007502 1.710242
0.902952 0.000004 0.000003 0.000006 0.000000 0.089534 0.007502 1.710243
0.902952 0.000004 0.000003 0.000006 0.000000 0.089533 0.007502 1.710243
0.902953 0.000003 0.000003 0.000006 0.000000 0.089533 0.007502 1.710243
0.902954 0.000004 0.000003 0.000005 0.000000 0.089532 0.007502 1.710243
0.902954 0.000004 0.000003 0.000005 0.000000 0.089533 0.007502 1.710244
0.902955 0.000004 0.000003 0.000005 0.000000 0.089532 0.007502 1.710244
0.902956 0.000003 0.000003 0.000004 0.000000 0.089532 0.007502 1.710244
0.902957 0.000003 0.000003 0.000004 0.000000 0.089530 0.007502 1.710244
0.902956 0.000004 0.000003 0.000004 0.000000 0.089530 0.007502 1.710245
0.902957 0.000004 0.000003 0.000005 0.000000 0.089529 0.007502 1.710246
0.902958 0.000003 0.000003 0.000005 0.000000 0.089528 0.007502 1.710246
0.902959 0.000003 0.000003 0.000003 0.000000 0.089529 0.007502 1.710246
0.902959 0.000004 0.000003 0.000002 0.000000 0.089530 0.007502 1.710246
0.902960 0.000004 0.000003 0.000002 0.000000 0.089529 0.007502 1.710246
0.902960 0.000005 0.000003 0.000002 0.000000 0.089528 0.007502 1.710246
0.902961 0.000005 0.000003 0.000001 0.000000 0.089528 0.007502 1.710246
0.902962 0.000005 0.000003 0.000001 0.000000 0.089527 0.007502 1.710247
0.902963 0.000005 0.000003 0.000001 0.000000 0.089527 0.007502 1.710247
0.902963 0.000003 0.000003 0.000002 0.000000 0.089526 0.007502 1.710248
0.902963 0.000004 0.000003 0.000001 0.000000 0.089527 0.007502 1.710248
0.902965 0.000003 0.000003 0.000001 0.000000 0.089526 0.007502 1.710249
0.902966 0.000003 0.000003 0.000001 0.000000 0.089525 0.007502 1.710250
0.902965 0.000003 0.000003 0.000001 0.000000 0.089525 0.007502 1.710250
0.902967 0.000003 0.000003 0.000001 0.000000 0.089524 0.007502 1.710251
0.902968 0.000003 0.000004 0.000000 0.000000 0.089522 0.007502 1.710251
0.902971 0.000003 0.000004 0.000000 0.000000 0.089521 0.007502 1.710251
0.902971 0.000003 0.000003 0.000000 0.000000 0.089520 0.007502 1.710251
0.902970 0.000003 0.000005 0.000000 0.000000 0.089520 0.007502 1.710252
0.902971 0.000003 0.000005 0.000000 0.000000 0.089521 0.007502 1.710252
0.902971 0.000002 0.000005 0.000000 0.000000 0.089520 0.007502 1.710253
0.902972 0.000002 0.000006 0.000000 0.000000 0.089519 0.007502 1.710254
0.902972 0.000001 0.000006 0.000000 0.000000 0.089519 0.007502 1.710255
0.902973 0.000001 0.000006 0.000000 0.000000 0.089518 0.007502 1.710255
0.902973 0.000001 0.000006 0.000000 0.000000 0.089517 0.007502 1.710255
0.902975 0.000001 0.000006 0.000000 0.000000 0.089517 0.007502 1.710255
0.902975 0.000001 0.000005 0.000000 0.000000 0.089517 0.007502 1.710255
0.902975 0.000001 0.000005 0.000000 0.000000 0.089517 0.007502 1.710255
0.902976 0.000001 0.000005 0.000000 0.000000 0.089515 0.007502 1.710255
0.902976 0.000002 0.000005 0.000000 0.000000 0.089515 0.007502 1.710255
0.902977 0.000001 0.000005 0.000000 0.000000 0.089514 0.007502 1.710256
0.902979 0.000001 0.000004 0.000000 0.000000 0.089514 0.007502 1.710256
0.902980 0.000001 0.000004 0.000000 0.000000 0.089512 0.007502 1.710256
0.902982 0.000001 0.000004 0.000000 0.000000 0.089510 0.007502 1.710256
0.902983 0.000001 0.000003 0.000000 0.000000 0.089510 0.007502 1.710256
0.902984 0.000001 0.000003 0.000000 0.000000 0.089509 0.007502 1.710256
0.902984 0.000001 0.000003 0.000000 0.000000 0.089509 0.007502 1.710256
0.902986 0.000002 0.000003 0.000000 0.000000 0.089507 0.007502 1.710256
0.902987 0.000001 0.000003 0.000000 0.000000 0.089506 0.007502 1.710257
0.902988 0.000001 0.000003 0.000000 0.000000 0.089505 0.007502 1.710257
0.902989 0.000001 0.000003 0.000000 0.000000 0.089504 0.007502 1.710257
0.902989 0.000001 0.000003 0.000000 0.000000 0.089505 0.007502 1.710257
0.902992 0.000001 0.000003 0.000000 0.000000 0.089501 0.007502 1.710257
0.902993 0.000001 0.000003 0.000000 0.000000 0.089500 0.007502 1.710257
0.902993 0.000000 0.000003 0.000001 0.000000 0.089501 0.007502 1.710258
0.902993 0.000001 0.000003 0.000000 0.000000 0.089501 0.007502 1.710258
0.902993 0.000000 0.000002 0.000001 0.000000 0.089502 0.007502 1.710259
0.902993 0.000000 0.000001 0.000001 0.000000 0.089502 0.007502 1.710259
0.902993 0.000001 0.000000 0.000001 0.000000 0.089502 0.007502 1.710259
0.902993 0.000001 0.000000 0.000001 0.000000 0.089502 0.007502 1.710259
0.902994 0.000001 0.000000 0.000001 0.000000 0.089500 0.007502 1.710259
0.902995 0.000001 0.000000 0.000001 0.000000 0.089500 0.007502 1.710259
0.902995 0.000001 0.000000 0.000001 0.000000 0.089500 0.007502 1.710259
0.902995 0.000001 0.000000 0.000001 0.000000 0.089500 0.007502 1.710259
0.902996 0.000001 0.000000 0.000001 0.000000 0.089499 0.007502 1.710259
0.902996 0.000001 0.000000 0.000001 0.000000 0.089499 0.007502 1.710259
0.902997 0.000001 0.000000 0.000001 0.000000 0.089498 0.007502 1.710259
0.902997 0.000001 0.000000 0.000001 0.000000 0.089498 0.007502 1.710259
0.902998 0.000001 0.000000 0.000000 0.000000 0.089497 0.007502 1.710259
0.902999 0.000001 0.000000 0.000000 0.000000 0.089497 0.007502 1.710259
0.902999 0.000001 0.000000 0.000000 0.000000 0.089497 0.007502 1.710259
0.902999 0.000001 0.000000 0.000000 0.000000 0.089497 0.007502 1.710259
0.903000 0.000001 0.000000 0.000000 0.000000 0.089496 0.007502 1.710259
0.903000 0.000001 0.000000 0.000000 0.000000 0.089496 0.007502 1.710259
0.903001 0.000001 0.000000 0.000000 0.000000 0.089495 0.007502 1.710259
0.903001 0.000001 0.000000 0.000000 0.000000 0.089495 0.007502 1.710259
0.903001 0.000001 0.000000 0.000000 0.000000 0.089495 0.007502 1.710259
0.903002 0.000001 0.000000 0.000000 0.000000 0.089494 0.007502 1.710259
0.903001 0.000002 0.000000 0.000000 0.000000 0.089494 0.007502 1.710259
0.903002 0.000002 0.000000 0.000000 0.000000 0.089494 0.007502 1.710259
0.903002 0.000002 0.000000 0.000000 0.000000 0.089493 0.007502 1.710259
0.903003 0.000002 0.000000 0.000000 0.000000 0.089492 0.007502 1.710259
0.903003 0.000002 0.000000 0.000000 0.000000 0.089492 0.007502 1.710259
0.903004 0.000002 0.000000 0.000000 0.000000 0.089492 0.007502 1.710259
0.903004 0.000002 0.000000 0.000000 0.000000 0.089492 0.007502 1.710259
0.903004 0.000002 0.000000 0.000000 0.000000 0.089492 0.007502 1.710259
0.903005 0.000002 0.000000 0.000000 0.000000 0.089491 0.007502 1.710259
0.903006 0.000002 0.000000 0.000000 0.000000 0.089489 0.007502 1.710259
0.903007 0.000002 0.000000 0.000000 0.000000 0.089489 0.007502 1.710259
0.903007 0.000002 0.000000 0.000000 0.000000 0.089488 0.007502 1.710259
0.903008 0.000002 0.000000 0.000000 0.000000 0.089488 0.007502 1.710259
0.903008 0.000001 0.000000 0.000000 0.000000 0.089488 0.007502 1.710260
0.903008 0.000001 0.000000 0.000000 0.000000 0.089487 0.007502 1.710260
0.903009 0.000001 0.000000 0.000000 0.000000 0.089487 0.007502 1.710260
0.903010 0.000001 0.000000 0.000000 0.000000 0.089487 0.007502 1.710260
0.903010 0.000001 0.000000 0.000000 0.000000 0.089486 0.007502 1.710260
0.903010 0.000001 0.000000 0.000000 0.000000 0.089485 0.007502 1.710260
0.903010 0.000001 0.000000 0.000000 0.000000 0.089485 0.007502 1.710260
0.903011 0.000001 0.000000 0.000000 0.000000 0.089485 0.007502 1.710260
0.903011 0.000001 0.000000 0.000000 0.000000 0.089484 0.007502 1.710260
0.903012 0.000001 0.000000 0.000000 0.000000 0.089484 0.007502 1.710260
0.903013 0.000001 0.000000 0.000000 0.000000 0.089483 0.007502 1.710260
0.903013 0.000000 0.000001 0.000000 0.000000 0.089483 0.007502 1.710260
0.903012 0.000001 0.000001 0.000000 0.000000 0.089483 0.007502 1.710260
0.903012 0.000001 0.000000 0.000000 0.000000 0.089484 0.007502 1.710260
0.903012 0.000001 0.000000 0.000000 0.000000 0.089483 0.007502 1.710260
0.903013 0.000001 0.000000 0.000000 0.000000 0.089483 0.007502 1.710260
0.903014 0.000001 0.000000 0.000000 0.000000 0.089482 0.007502 1.710260
0.903014 0.000001 0.000001 0.000000 0.000000 0.089482 0.007502 1.710261
0.903014 0.000001 0.000000 0.000000 0.000000 0.089483 0.007502 1.710261
0.903013 0.000001 0.000001 0.000000 0.000000 0.089483 0.007502 1.710262
0.903013 0.000001 0.000001 0.000000 0.000000 0.089482 0.007502 1.710262
0.903014 0.000001 0.000001 0.000000 0.000000 0.089482 0.007502 1.710262
0.903014 0.000002 0.000001 0.000000 0.000000 0.089481 0.007502 1.710262
0.903015 0.000001 0.000001 0.000000 0.000000 0.089480 0.007502 1.710263
0.903016 0.000002 0.000001 0.000000 0.000000 0.089479 0.007502 1.710263
0.903016 0.000001 0.000001 0.000000 0.000000 0.089479 0.007502 1.710263
0.903017 0.000001 0.000001 0.000000 0.000000 0.089478 0.007502 1.710263
0.903016 0.000002 0.000001 0.000000 0.000000 0.089478 0.007502 1.710264
0.903016 0.000001 0.000001 0.000001 0.000000 0.089478 0.007502 1.710264
0.903016 0.000001 0.000002 0.000000 0.000000 0.089479 0.007502 1.710265
0.903015 0.000001 0.000002 0.000000 0.000000 0.089479 0.007502 1.710265
0.903015 0.000002 0.000001 0.000000 0.000000 0.089479 0.007502 1.710265
0.903017 0.000002 0.000001 0.000000 0.000000 0.089477 0.007502 1.710265
0.903018 0.000001 0.000001 0.000001 0.000000 0.089477 0.007502 1.710265
0.903018 0.000001 0.000002 0.000001 0.000000 0.089477 0.007502 1.710266
0.903018 0.000001 0.000002 0.000000 0.000000 0.089477 0.007502 1.710266
0.903017 0.000002 0.000002 0.000000 0.000000 0.089477 0.007502 1.710266
0.903017 0.000001 0.000003 0.000001 0.000000 0.089477 0.007502 1.710267
0.903018 0.000000 0.000003 0.000001 0.000000 0.089476 0.007502 1.710267
0.903018 0.000000 0.000002 0.000001 0.000000 0.089477 0.007502 1.710267
0.903018 0.000000 0.000001 0.000001 0.000000 0.089477 0.007502 1.710267
0.903018 0.000000 0.000001 0.000001 0.000000 0.089477 0.007502 1.710267
0.903018 0.000000 0.000001 0.000000 0.000000 0.089477 0.007502 1.710267
0.903018 0.000000 0.000001 0.000000 0.000000 0.089479 0.007502 1.710267
