0.360451 0.061277 0.055218 0.031566 0.002020 0.483688 0.005782 1.589275
0.363131 0.058749 0.055110 0.031422 0.002025 0.483758 0.005806 1.595108
0.366665 0.055590 0.054926 0.031049 0.002028 0.483916 0.005828 1.600764
0.370755 0.052273 0.054594 0.030516 0.002034 0.483976 0.005853 1.606030
0.375319 0.048800 0.054050 0.029962 0.002042 0.483953 0.005876 1.611046
0.379945 0.045567 0.053380 0.029368 0.002026 0.483808 0.005906 1.615618
0.384931 0.042322 0.052477 0.028648 0.002023 0.483671 0.005927 1.619980
0.390087 0.039304 0.051434 0.027871 0.002022 0.483324 0.005957 1.623977
0.395251 0.036440 0.050343 0.027066 0.001996 0.482920 0.005984 1.627699
0.400498 0.033796 0.049164 0.026271 0.001974 0.482289 0.006008 1.631139
0.405873 0.031265 0.047969 0.025420 0.001969 0.481474 0.006029 1.634375
0.411238 0.028947 0.046671 0.024590 0.001964 0.480537 0.006053 1.637334
0.416637 0.026797 0.045296 0.023740 0.001954 0.479496 0.006080 1.640081
0.422081 0.024898 0.043857 0.022847 0.001936 0.478276 0.006105 1.642562
0.427461 0.023108 0.042349 0.021964 0.001915 0.477076 0.006126 1.644853
0.432904 0.021418 0.040948 0.021098 0.001899 0.475580 0.006152 1.647037
0.438343 0.019855 0.039549 0.020207 0.001881 0.473988 0.006176 1.649067
0.443813 0.018400 0.038094 0.019365 0.001864 0.472268 0.006193 1.650931
0.449258 0.017063 0.036663 0.018563 0.001839 0.470400 0.006215 1.652680
0.454790 0.015847 0.035190 0.017734 0.001808 0.468392 0.006238 1.654274
0.460184 0.014712 0.033741 0.016927 0.001785 0.466382 0.006268 1.655766
0.465564 0.013678 0.032366 0.016122 0.001771 0.464207 0.006292 1.657147
0.471056 0.012673 0.031043 0.015355 0.001738 0.461814 0.006321 1.658482
0.476542 0.011756 0.029712 0.014651 0.001693 0.459295 0.006351 1.659689
0.482015 0.010952 0.028412 0.013946 0.001665 0.456645 0.006364 1.660780
0.487575 0.010185 0.027172 0.013297 0.001620 0.453762 0.006389 1.661829
0.492986 0.009479 0.025974 0.012628 0.001594 0.450926 0.006413 1.662800
0.498422 0.008839 0.024800 0.012037 0.001555 0.447912 0.006434 1.663697
0.503721 0.008249 0.023644 0.011463 0.001513 0.444953 0.006458 1.664545
0.509003 0.007702 0.022534 0.010874 0.001479 0.441928 0.006479 1.665343
0.514273 0.007194 0.021507 0.010343 0.001442 0.438747 0.006494 1.666079
0.519499 0.006724 0.020472 0.009819 0.001411 0.435560 0.006515 1.666774
0.524722 0.006293 0.019480 0.009340 0.001383 0.432246 0.006537 1.667425
0.529961 0.005901 0.018579 0.008890 0.001352 0.428765 0.006554 1.668021
0.535082 0.005564 0.017660 0.008474 0.001322 0.425328 0.006570 1.668578
0.540225 0.005256 0.016796 0.008055 0.001297 0.421785 0.006586 1.669085
0.545241 0.004928 0.015979 0.007605 0.001284 0.418363 0.006601 1.669601
0.550388 0.004695 0.015146 0.007228 0.001250 0.414677 0.006617 1.670039
0.555388 0.004457 0.014412 0.006854 0.001219 0.411036 0.006634 1.670456
0.560441 0.004210 0.013694 0.006486 0.001179 0.407336 0.006654 1.670865
0.565409 0.003947 0.013069 0.006163 0.001149 0.403592 0.006670 1.671283
0.570267 0.003738 0.012428 0.005830 0.001115 0.399937 0.006686 1.671674
0.575117 0.003546 0.011810 0.005507 0.001090 0.396232 0.006699 1.672023
0.579878 0.003357 0.011230 0.005220 0.001057 0.392546 0.006712 1.672376
0.584593 0.003190 0.010674 0.004936 0.001034 0.388850 0.006725 1.672693
0.589260 0.003028 0.010153 0.004702 0.001006 0.385111 0.006740 1.673010
0.593863 0.002875 0.009638 0.004468 0.000983 0.381421 0.006753 1.673299
0.598441 0.002740 0.009186 0.004222 0.000958 0.377685 0.006767 1.673577
0.603022 0.002570 0.008756 0.004009 0.000929 0.373935 0.006779 1.673860
0.607624 0.002423 0.008307 0.003791 0.000905 0.370158 0.006792 1.674111
0.612110 0.002316 0.007891 0.003586 0.000880 0.366415 0.006803 1.674335
0.616614 0.002207 0.007500 0.003401 0.000860 0.362608 0.006811 1.674538
0.621047 0.002109 0.007123 0.003247 0.000834 0.358821 0.006820 1.674751
0.625302 0.002021 0.006774 0.003084 0.000813 0.355176 0.006831 1.674951
0.629602 0.001895 0.006458 0.002919 0.000787 0.351498 0.006842 1.675168
0.633890 0.001817 0.006161 0.002757 0.000766 0.347759 0.006851 1.675347
0.638084 0.001736 0.005854 0.002609 0.000737 0.344120 0.006861 1.675511
0.642296 0.001676 0.005536 0.002487 0.000711 0.340425 0.006870 1.675667
0.646408 0.001598 0.005259 0.002362 0.000687 0.336807 0.006880 1.675829
0.650497 0.001530 0.004974 0.002255 0.000668 0.333189 0.006887 1.675973
0.654542 0.001453 0.004746 0.002145 0.000653 0.329567 0.006894 1.676135
0.658644 0.001379 0.004504 0.002031 0.000638 0.325903 0.006902 1.676285
0.662614 0.001329 0.004306 0.001916 0.000610 0.322309 0.006917 1.676417
0.666548 0.001265 0.004095 0.001826 0.000593 0.318752 0.006923 1.676555
0.670463 0.001201 0.003914 0.001728 0.000574 0.315190 0.006930 1.676678
0.674338 0.001162 0.003707 0.001639 0.000562 0.311656 0.006936 1.676785
0.678139 0.001108 0.003533 0.001558 0.000543 0.308177 0.006942 1.676900
0.681922 0.001073 0.003372 0.001477 0.000526 0.304683 0.006950 1.677004
0.685549 0.001023 0.003205 0.001416 0.000516 0.301334 0.006956 1.677112
0.689264 0.000977 0.003072 0.001340 0.000503 0.297884 0.006961 1.677212
0.692910 0.000945 0.002932 0.001274 0.000482 0.294491 0.006968 1.677300
0.696497 0.000911 0.002788 0.001223 0.000470 0.291139 0.006973 1.677395
0.699981 0.000892 0.002648 0.001155 0.000459 0.287890 0.006976 1.677482
0.703416 0.000854 0.002509 0.001114 0.000445 0.284682 0.006980 1.677572
0.706889 0.000825 0.002406 0.001055 0.000432 0.281406 0.006987 1.677653
0.710313 0.000787 0.002302 0.001000 0.000420 0.278185 0.006993 1.677739
0.713719 0.000771 0.002200 0.000958 0.000406 0.274947 0.006999 1.677810
0.717084 0.000752 0.002103 0.000922 0.000391 0.271741 0.007007 1.677880
0.720338 0.000732 0.002016 0.000876 0.000378 0.268647 0.007014 1.677952
0.723693 0.000708 0.001934 0.000831 0.000363 0.265454 0.007020 1.678020
0.726979 0.000692 0.001850 0.000796 0.000353 0.262308 0.007023 1.678091
0.730177 0.000677 0.001758 0.000758 0.000341 0.259264 0.007026 1.678154
0.733369 0.000640 0.001681 0.000738 0.000329 0.256215 0.007030 1.678234
0.736464 0.000614 0.001611 0.000703 0.000323 0.253254 0.007033 1.678295
0.739568 0.000596 0.001538 0.000674 0.000310 0.250277 0.007038 1.678356
0.742621 0.000573 0.001468 0.000643 0.000299 0.247356 0.007041 1.678413
0.745679 0.000545 0.001411 0.000620 0.000285 0.244416 0.007045 1.678473
0.748726 0.000526 0.001349 0.000601 0.000274 0.241477 0.007049 1.678524
0.751672 0.000505 0.001306 0.000580 0.000267 0.238617 0.007055 1.678579
0.754624 0.000504 0.001236 0.000549 0.000259 0.235770 0.007057 1.678617
0.757548 0.000489 0.001186 0.000525 0.000251 0.232941 0.007060 1.678663
0.760407 0.000484 0.001122 0.000501 0.000240 0.230181 0.007066 1.678703
0.763256 0.000474 0.001080 0.000485 0.000230 0.227409 0.007068 1.678747
0.766071 0.000450 0.001046 0.000457 0.000220 0.224683 0.007074 1.678798
0.768869 0.000433 0.000996 0.000443 0.000214 0.221968 0.007078 1.678842
0.771573 0.000421 0.000959 0.000421 0.000208 0.219338 0.007082 1.678887
0.774294 0.000411 0.000916 0.000399 0.000202 0.216696 0.007083 1.678927
0.776966 0.000386 0.000890 0.000380 0.000195 0.214099 0.007085 1.678976
0.779565 0.000376 0.000849 0.000369 0.000190 0.211564 0.007087 1.679011
0.782185 0.000369 0.000818 0.000353 0.000180 0.209007 0.007090 1.679045
0.784768 0.000349 0.000781 0.000346 0.000176 0.206488 0.007093 1.679088
0.787338 0.000333 0.000750 0.000336 0.000170 0.203979 0.007096 1.679125
0.789874 0.000331 0.000719 0.000326 0.000160 0.201491 0.007100 1.679154
0.792311 0.000326 0.000699 0.000311 0.000156 0.199094 0.007103 1.679189
0.794804 0.000312 0.000670 0.000302 0.000152 0.196656 0.007104 1.679224
0.797228 0.000312 0.000637 0.000285 0.000148 0.194286 0.007106 1.679251
0.799594 0.000307 0.000611 0.000266 0.000145 0.191971 0.007106 1.679278
0.801930 0.000299 0.000590 0.000254 0.000141 0.189679 0.007107 1.679304
0.804262 0.000292 0.000561 0.000243 0.000135 0.187397 0.007111 1.679331
0.806568 0.000277 0.000538 0.000232 0.000131 0.185140 0.007113 1.679360
0.808878 0.000266 0.000516 0.000224 0.000129 0.182873 0.007115 1.679388
0.811126 0.000262 0.000492 0.000217 0.000123 0.180664 0.007116 1.679412
0.813399 0.000255 0.000471 0.000207 0.000118 0.178431 0.007119 1.679436
0.815568 0.000257 0.000457 0.000200 0.000114 0.176284 0.007120 1.679459
0.817747 0.000246 0.000445 0.000190 0.000110 0.174140 0.007122 1.679485
0.819851 0.000231 0.000437 0.000184 0.000109 0.172065 0.007123 1.679515
0.821939 0.000227 0.000422 0.000173 0.000105 0.170008 0.007126 1.679533
0.824058 0.000225 0.000404 0.000166 0.000100 0.167918 0.007128 1.679554
0.826159 0.000218 0.000386 0.000161 0.000095 0.165853 0.007129 1.679573
0.828183 0.000209 0.000377 0.000156 0.000092 0.163853 0.007131 1.679597
0.830228 0.000208 0.000358 0.000148 0.000088 0.161836 0.007133 1.679612
0.832207 0.000202 0.000346 0.000150 0.000086 0.159876 0.007134 1.679633
0.834116 0.000199 0.000330 0.000143 0.000083 0.157994 0.007136 1.679652
0.836039 0.000195 0.000322 0.000136 0.000083 0.156089 0.007136 1.679670
0.837891 0.000187 0.000309 0.000132 0.000081 0.154263 0.007137 1.679688
0.839732 0.000175 0.000298 0.000127 0.000078 0.152450 0.007138 1.679707
0.841557 0.000177 0.000280 0.000127 0.000075 0.150645 0.007139 1.679720
0.843330 0.000169 0.000279 0.000121 0.000073 0.148888 0.007140 1.679740
0.845042 0.000165 0.000266 0.000118 0.000070 0.147198 0.007141 1.679755
0.846784 0.000151 0.000262 0.000115 0.000067 0.145478 0.007143 1.679776
0.848469 0.000154 0.000253 0.000111 0.000066 0.143803 0.007144 1.679789
0.850144 0.000145 0.000250 0.000111 0.000063 0.142141 0.007145 1.679807
0.851794 0.000149 0.000237 0.000108 0.000061 0.140506 0.007146 1.679817
0.853405 0.000151 0.000230 0.000104 0.000059 0.138904 0.007146 1.679829
0.854999 0.000148 0.000224 0.000105 0.000057 0.137318 0.007148 1.679844
0.856529 0.000143 0.000219 0.000104 0.000055 0.135801 0.007149 1.679858
0.858006 0.000144 0.000211 0.000104 0.000052 0.134332 0.007150 1.679870
0.859498 0.000137 0.000212 0.000098 0.000050 0.132854 0.007152 1.679886
0.860921 0.000132 0.000211 0.000096 0.000046 0.131440 0.007154 1.679901
0.862329 0.000124 0.000210 0.000091 0.000045 0.130046 0.007155 1.679915
0.863708 0.000117 0.000204 0.000086 0.000044 0.128687 0.007155 1.679930
0.865081 0.000110 0.000202 0.000087 0.000043 0.127323 0.007155 1.679945
0.866447 0.000107 0.000196 0.000080 0.000041 0.125973 0.007155 1.679955
0.867784 0.000101 0.000189 0.000082 0.000041 0.124648 0.007155 1.679968
0.869151 0.000101 0.000182 0.000078 0.000039 0.123294 0.007155 1.679977
0.870465 0.000103 0.000172 0.000075 0.000038 0.121992 0.007156 1.679983
0.871743 0.000099 0.000163 0.000072 0.000035 0.120732 0.007157 1.679992
0.872970 0.000099 0.000158 0.000069 0.000034 0.119512 0.007157 1.679999
0.874148 0.000097 0.000150 0.000068 0.000033 0.118346 0.007157 1.680009
0.875342 0.000096 0.000144 0.000064 0.000031 0.117164 0.007158 1.680016
0.876460 0.000086 0.000140 0.000065 0.000031 0.116058 0.007158 1.680028
0.877546 0.000083 0.000133 0.000063 0.000030 0.114987 0.007158 1.680038
0.878601 0.000080 0.000130 0.000059 0.000029 0.113942 0.007158 1.680045
0.879610 0.000079 0.000125 0.000055 0.000029 0.112944 0.007158 1.680050
0.880616 0.000075 0.000126 0.000057 0.000029 0.111939 0.007159 1.680059
0.881570 0.000074 0.000121 0.000055 0.000027 0.110993 0.007160 1.680065
0.882525 0.000077 0.000116 0.000052 0.000025 0.110046 0.007160 1.680071
0.883431 0.000073 0.000113 0.000049 0.000024 0.109149 0.007160 1.680078
0.884278 0.000078 0.000106 0.000046 0.000024 0.108307 0.007161 1.680080
0.885079 0.000069 0.000105 0.000046 0.000023 0.107516 0.007161 1.680090
0.885882 0.000070 0.000102 0.000042 0.000022 0.106718 0.007162 1.680094
0.886672 0.000066 0.000103 0.000041 0.000022 0.105932 0.007163 1.680101
0.887415 0.000065 0.000099 0.000039 0.000021 0.105199 0.007163 1.680107
0.888161 0.000065 0.000095 0.000038 0.000020 0.104458 0.007163 1.680112
0.888865 0.000063 0.000090 0.000038 0.000020 0.103761 0.007163 1.680120
0.889517 0.000061 0.000083 0.000038 0.000019 0.103118 0.007164 1.680125
0.890153 0.000062 0.000077 0.000037 0.000019 0.102487 0.007164 1.680130
0.890796 0.000062 0.000074 0.000036 0.000017 0.101849 0.007165 1.680133
0.891419 0.000058 0.000074 0.000036 0.000016 0.101232 0.007165 1.680142
0.892020 0.000055 0.000077 0.000034 0.000015 0.100634 0.007165 1.680148
0.892594 0.000054 0.000075 0.000035 0.000014 0.100062 0.007165 1.680154
0.893129 0.000054 0.000072 0.000034 0.000014 0.099531 0.007165 1.680158
0.893672 0.000053 0.000070 0.000031 0.000013 0.098994 0.007166 1.680162
0.894168 0.000051 0.000073 0.000031 0.000012 0.098499 0.007166 1.680168
0.894692 0.000050 0.000069 0.000030 0.000012 0.097982 0.007166 1.680171
0.895177 0.000047 0.000068 0.000029 0.000011 0.097503 0.007166 1.680178
0.895666 0.000049 0.000065 0.000027 0.000009 0.097018 0.007167 1.680181
0.896125 0.000047 0.000065 0.000028 0.000009 0.096559 0.007167 1.680187
0.896568 0.000043 0.000067 0.000027 0.000009 0.096119 0.007167 1.680192
0.896985 0.000042 0.000062 0.000025 0.000009 0.095710 0.007167 1.680197
0.897381 0.000043 0.000060 0.000026 0.000010 0.095313 0.007167 1.680199
0.897785 0.000040 0.000061 0.000026 0.000009 0.094913 0.007167 1.680205
0.898186 0.000040 0.000059 0.000024 0.000008 0.094516 0.007167 1.680207
0.898572 0.000041 0.000058 0.000026 0.000008 0.094127 0.007167 1.680211
0.898946 0.000040 0.000057 0.000027 0.000008 0.093756 0.007167 1.680217
0.899300 0.000038 0.000059 0.000026 0.000008 0.093402 0.007167 1.680223
0.899655 0.000033 0.000060 0.000025 0.000008 0.093052 0.007167 1.680228
0.899964 0.000031 0.000061 0.000023 0.000008 0.092746 0.007167 1.680233
0.900296 0.000031 0.000060 0.000023 0.000008 0.092413 0.007167 1.680236
0.900615 0.000030 0.000058 0.000024 0.000008 0.092097 0.007167 1.680241
0.900923 0.000031 0.000057 0.000024 0.000008 0.091790 0.007167 1.680244
0.901235 0.000029 0.000056 0.000024 0.000008 0.091481 0.007167 1.680249
0.901524 0.000029 0.000056 0.000022 0.000009 0.091193 0.007167 1.680252
0.901808 0.000027 0.000055 0.000020 0.000008 0.090914 0.007168 1.680254
0.902083 0.000026 0.000054 0.000021 0.000008 0.090640 0.007168 1.680259
0.902359 0.000027 0.000054 0.000020 0.000008 0.090363 0.007168 1.680261
0.902624 0.000029 0.000052 0.000019 0.000007 0.090100 0.007168 1.680262
0.902909 0.000027 0.000053 0.000019 0.000007 0.089817 0.007169 1.680267
0.903165 0.000027 0.000051 0.000019 0.000006 0.089563 0.007169 1.680269
0.903404 0.000028 0.000050 0.000018 0.000005 0.089325 0.007169 1.680270
0.903640 0.000029 0.000051 0.000018 0.000005 0.089090 0.007169 1.680272
0.903864 0.000031 0.000047 0.000017 0.000005 0.088867 0.007169 1.680275
0.904067 0.000033 0.000046 0.000017 0.000005 0.088664 0.007169 1.680276
0.904259 0.000032 0.000046 0.000016 0.000005 0.088474 0.007169 1.680281
0.904436 0.000031 0.000044 0.000016 0.000005 0.088300 0.007169 1.680283
0.904610 0.000032 0.000044 0.000016 0.000005 0.088125 0.007169 1.680286
0.904773 0.000031 0.000042 0.000015 0.000005 0.087965 0.007169 1.680289
0.904943 0.000029 0.000040 0.000016 0.000005 0.087797 0.007169 1.680293
0.905108 0.000030 0.000039 0.000017 0.000005 0.087631 0.007169 1.680297
0.905260 0.000032 0.000035 0.000017 0.000005 0.087481 0.007169 1.680299
0.905410 0.000032 0.000034 0.000017 0.000005 0.087333 0.007169 1.680301
0.905552 0.000030 0.000037 0.000017 0.000004 0.087192 0.007169 1.680307
0.905697 0.000028 0.000036 0.000017 0.000004 0.087049 0.007169 1.680310
0.905819 0.000029 0.000035 0.000016 0.000004 0.086928 0.007169 1.680313
0.905933 0.000025 0.000036 0.000015 0.000004 0.086818 0.007169 1.680318
0.906055 0.000025 0.000035 0.000014 0.000004 0.086698 0.007169 1.680320
0.906168 0.000029 0.000033 0.000013 0.000004 0.086585 0.007169 1.680320
0.906269 0.000029 0.000031 0.000013 0.000004 0.086485 0.007169 1.680323
0.906367 0.000028 0.000031 0.000013 0.000004 0.086388 0.007169 1.680326
0.906467 0.000028 0.000029 0.000013 0.000004 0.086289 0.007169 1.680329
0.906562 0.000028 0.000027 0.000014 0.000004 0.086196 0.007169 1.680331
0.906654 0.000027 0.000027 0.000014 0.000004 0.086105 0.007169 1.680334
0.906754 0.000027 0.000027 0.000014 0.000004 0.086004 0.007169 1.680337
0.906827 0.000026 0.000028 0.000014 0.000004 0.085932 0.007169 1.680340
0.906899 0.000023 0.000028 0.000013 0.000003 0.085863 0.007170 1.680344
0.906970 0.000022 0.000025 0.000013 0.000003 0.085796 0.007170 1.680346
0.907040 0.000023 0.000025 0.000013 0.000003 0.085726 0.007170 1.680349
0.907098 0.000021 0.000026 0.000012 0.000003 0.085672 0.007170 1.680351
0.907152 0.000019 0.000026 0.000012 0.000003 0.085619 0.007170 1.680354
0.907210 0.000022 0.000025 0.000012 0.000002 0.085560 0.007170 1.680356
0.907262 0.000023 0.000023 0.000010 0.000002 0.085509 0.007170 1.680357
0.907317 0.000023 0.000022 0.000011 0.000001 0.085456 0.007170 1.680359
0.907378 0.000022 0.000023 0.000012 0.000001 0.085394 0.007170 1.680362
0.907419 0.000022 0.000020 0.000012 0.000001 0.085356 0.007170 1.680364
0.907467 0.000024 0.000019 0.000013 0.000001 0.085306 0.007170 1.680365
0.907509 0.000027 0.000018 0.000012 0.000000 0.085263 0.007170 1.680365
0.907546 0.000028 0.000016 0.000013 0.000000 0.085226 0.007170 1.680366
0.907591 0.000028 0.000017 0.000011 0.000000 0.085182 0.007170 1.680369
0.907626 0.000029 0.000018 0.000012 0.000000 0.085146 0.007170 1.680372
0.907669 0.000029 0.000018 0.000014 0.000000 0.085100 0.007170 1.680374
0.907705 0.000028 0.000018 0.000014 0.000000 0.085064 0.007170 1.680377
0.907743 0.000025 0.000022 0.000016 0.000000 0.085024 0.007170 1.680382
0.907782 0.000023 0.000023 0.000015 0.000001 0.084985 0.007170 1.680385
0.907828 0.000024 0.000023 0.000013 0.000001 0.084941 0.007170 1.680386
0.907862 0.000024 0.000022 0.000014 0.000002 0.084907 0.007170 1.680388
0.907902 0.000024 0.000023 0.000014 0.000002 0.084865 0.007170 1.680391
0.907938 0.000024 0.000022 0.000015 0.000002 0.084829 0.007170 1.680393
0.907973 0.000024 0.000021 0.000015 0.000002 0.084795 0.007170 1.680394
0.908012 0.000026 0.000020 0.000014 0.000002 0.084756 0.007170 1.680395
0.908047 0.000025 0.000022 0.000013 0.000002 0.084720 0.007170 1.680398
0.908078 0.000027 0.000021 0.000012 0.000002 0.084690 0.007170 1.680398
0.908107 0.000027 0.000022 0.000011 0.000002 0.084662 0.007170 1.680401
0.908134 0.000026 0.000024 0.000011 0.000002 0.084632 0.007170 1.680405
0.908161 0.000026 0.000026 0.000011 0.000002 0.084604 0.007170 1.680407
0.908196 0.000026 0.000027 0.000011 0.000002 0.084568 0.007170 1.680408
0.908229 0.000029 0.000026 0.000011 0.000002 0.084533 0.007170 1.680408
0.908254 0.000029 0.000028 0.000010 0.000002 0.084507 0.007170 1.680411
0.908281 0.000029 0.000028 0.000010 0.000002 0.084481 0.007170 1.680412
0.908312 0.000027 0.000028 0.000010 0.000002 0.084452 0.007170 1.680415
0.908340 0.000024 0.000030 0.000010 0.000002 0.084425 0.007170 1.680419
0.908369 0.000026 0.000028 0.000008 0.000002 0.084397 0.007170 1.680420
0.908396 0.000026 0.000024 0.000008 0.000001 0.084374 0.007170 1.680421
0.908415 0.000030 0.000021 0.000008 0.000001 0.084354 0.007170 1.680421
0.908431 0.000030 0.000023 0.000009 0.000000 0.084337 0.007170 1.680424
0.908448 0.000030 0.000024 0.000009 0.000000 0.084319 0.007170 1.680425
0.908464 0.000030 0.000024 0.000010 0.000000 0.084301 0.007170 1.680428
0.908483 0.000029 0.000022 0.000010 0.000001 0.084284 0.007170 1.680432
0.908499 0.000030 0.000020 0.000011 0.000001 0.084269 0.007170 1.680434
0.908513 0.000030 0.000022 0.000012 0.000001 0.084253 0.007170 1.680438
0.908538 0.000028 0.000023 0.000013 0.000000 0.084228 0.007171 1.680441
0.908559 0.000027 0.000023 0.000013 0.000000 0.084206 0.007171 1.680444
0.908574 0.000027 0.000022 0.000013 0.000000 0.084193 0.007171 1.680446
0.908591 0.000028 0.000024 0.000012 0.000000 0.084174 0.007171 1.680449
0.908602 0.000027 0.000024 0.000013 0.000000 0.084164 0.007171 1.680452
0.908616 0.000027 0.000024 0.000011 0.000001 0.084151 0.007171 1.680454
0.908630 0.000024 0.000024 0.000012 0.000001 0.084138 0.007171 1.680458
0.908639 0.000027 0.000024 0.000013 0.000001 0.084125 0.007171 1.680459
0.908654 0.000028 0.000024 0.000013 0.000001 0.084109 0.007171 1.680462
0.908667 0.000027 0.000026 0.000013 0.000001 0.084095 0.007171 1.680466
0.908674 0.000031 0.000024 0.000013 0.000001 0.084086 0.007171 1.680467
0.908684 0.000032 0.000023 0.000012 0.000001 0.084078 0.007171 1.680469
0.908695 0.000031 0.000023 0.000012 0.000001 0.084067 0.007171 1.680472
0.908708 0.000029 0.000025 0.000013 0.000002 0.084053 0.007171 1.680476
0.908716 0.000029 0.000025 0.000013 0.000002 0.084044 0.007171 1.680480
0.908725 0.000030 0.000023 0.000012 0.000002 0.084037 0.007171 1.680482
0.908741 0.000029 0.000023 0.000013 0.000002 0.084022 0.007171 1.680484
0.908746 0.000030 0.000026 0.000013 0.000002 0.084013 0.007171 1.680488
0.908758 0.000029 0.000026 0.000013 0.000002 0.084002 0.007171 1.680492
0.908766 0.000028 0.000026 0.000013 0.000002 0.083994 0.007171 1.680494
0.908775 0.000031 0.000026 0.000013 0.000002 0.083983 0.007171 1.680497
0.908782 0.000032 0.000025 0.000012 0.000001 0.083976 0.007171 1.680499
0.908790 0.000033 0.000025 0.000013 0.000001 0.083967 0.007171 1.680501
0.908801 0.000030 0.000025 0.000013 0.000001 0.083958 0.007171 1.680504
0.908808 0.000030 0.000024 0.000014 0.000001 0.083950 0.007171 1.680507
0.908816 0.000031 0.000022 0.000013 0.000001 0.083946 0.007171 1.680509
0.908820 0.000032 0.000022 0.000013 0.000000 0.083942 0.007171 1.680512
0.908829 0.000034 0.000022 0.000013 0.000000 0.083930 0.007171 1.680514
0.908836 0.000033 0.000023 0.000014 0.000000 0.083921 0.007171 1.680519
0.908842 0.000032 0.000023 0.000015 0.000000 0.083916 0.007171 1.680522
0.908850 0.000032 0.000022 0.000016 0.000000 0.083908 0.007171 1.680525
0.908860 0.000032 0.000023 0.000015 0.000000 0.083899 0.007171 1.680528
0.908867 0.000029 0.000024 0.000014 0.000000 0.083894 0.007171 1.680533
0.908873 0.000028 0.000024 0.000013 0.000001 0.083890 0.007171 1.680536
0.908881 0.000025 0.000027 0.000013 0.000001 0.083882 0.007171 1.680541
0.908890 0.000024 0.000028 0.000013 0.000001 0.083872 0.007171 1.680544
0.908894 0.000024 0.000027 0.000013 0.000001 0.083869 0.007171 1.680547
0.908901 0.000026 0.000024 0.000012 0.000001 0.083864 0.007171 1.680548
0.908906 0.000026 0.000024 0.000013 0.000001 0.083861 0.007171 1.680551
0.908912 0.000027 0.000022 0.000013 0.000001 0.083854 0.007171 1.680552
0.908918 0.000025 0.000022 0.000013 0.000001 0.083849 0.007171 1.680555
0.908918 0.000028 0.000021 0.000013 0.000001 0.083849 0.007171 1.680556
0.908922 0.000027 0.000021 0.000010 0.000001 0.083848 0.007171 1.680559
0.908923 0.000029 0.000020 0.000011 0.000001 0.083844 0.007171 1.680561
0.908927 0.000027 0.000021 0.000012 0.000001 0.083841 0.007171 1.680562
0.908930 0.000028 0.000020 0.000012 0.000001 0.083838 0.007171 1.680565
0.908935 0.000026 0.000022 0.000012 0.000001 0.083832 0.007171 1.680569
0.908939 0.000024 0.000022 0.000012 0.000001 0.083829 0.007171 1.680571
0.908947 0.000022 0.000022 0.000014 0.000001 0.083822 0.007171 1.680575
0.908949 0.000024 0.000021 0.000014 0.000001 0.083819 0.007171 1.680578
0.908953 0.000026 0.000021 0.000013 0.000001 0.083815 0.007171 1.680578
0.908960 0.000023 0.000024 0.000012 0.000001 0.083809 0.007171 1.680582
0.908963 0.000021 0.000023 0.000011 0.000002 0.083809 0.007171 1.680586
0.908965 0.000020 0.000024 0.000012 0.000002 0.083807 0.007171 1.680589
0.908967 0.000019 0.000022 0.000013 0.000002 0.083807 0.007171 1.680591
0.908973 0.000019 0.000022 0.000013 0.000002 0.083800 0.007171 1.680592
0.908976 0.000018 0.000022 0.000013 0.000002 0.083799 0.007171 1.680594
0.908980 0.000014 0.000024 0.000014 0.000002 0.083796 0.007171 1.680598
0.908983 0.000013 0.000024 0.000014 0.000002 0.083795 0.007171 1.680600
0.908989 0.000012 0.000023 0.000014 0.000002 0.083790 0.007171 1.680601
0.908991 0.000013 0.000022 0.000012 0.000002 0.083790 0.007171 1.680601
0.908992 0.000014 0.000022 0.000011 0.000002 0.083789 0.007171 1.680602
0.908996 0.000015 0.000018 0.000010 0.000002 0.083788 0.007171 1.680603
0.909001 0.000013 0.000020 0.000010 0.000002 0.083783 0.007171 1.680605
0.909004 0.000012 0.000021 0.000011 0.000002 0.083780 0.007171 1.680608
0.909009 0.000013 0.000020 0.000010 0.000002 0.083775 0.007171 1.680608
0.909015 0.000012 0.000020 0.000010 0.000002 0.083771 0.007171 1.680610
0.909019 0.000013 0.000018 0.000010 0.000002 0.083768 0.007171 1.680610
0.909024 0.000016 0.000016 0.000010 0.000002 0.083763 0.007171 1.680610
0.909028 0.000017 0.000014 0.000011 0.000002 0.083757 0.007171 1.680611
0.909030 0.000015 0.000016 0.000010 0.000002 0.083756 0.007171 1.680613
0.909033 0.000015 0.000015 0.000010 0.000002 0.083755 0.007171 1.680615
0.909033 0.000016 0.000017 0.000008 0.000002 0.083754 0.007171 1.680616
0.909035 0.000016 0.000017 0.000008 0.000002 0.083752 0.007171 1.680618
0.909036 0.000016 0.000018 0.000008 0.000002 0.083750 0.007171 1.680620
0.909042 0.000015 0.000018 0.000008 0.000002 0.083745 0.007171 1.680621
0.909049 0.000013 0.000018 0.000009 0.000002 0.083739 0.007171 1.680625
0.909051 0.000013 0.000018 0.000009 0.000002 0.083736 0.007171 1.680625
0.909054 0.000012 0.000019 0.000010 0.000002 0.083733 0.007171 1.680628
0.909055 0.000013 0.000019 0.000010 0.000002 0.083731 0.007171 1.680629
0.909059 0.000014 0.000017 0.000009 0.000002 0.083728 0.007171 1.680629
0.909060 0.000016 0.000017 0.000008 0.000002 0.083727 0.007171 1.680629
0.909063 0.000016 0.000017 0.000008 0.000002 0.083724 0.007171 1.680629
0.909067 0.000016 0.000017 0.000008 0.000002 0.083719 0.007171 1.680629
0.909069 0.000018 0.000016 0.000007 0.000002 0.083718 0.007171 1.680631
0.909073 0.000018 0.000016 0.000006 0.000002 0.083714 0.007171 1.680633
0.909074 0.000017 0.000017 0.000007 0.000001 0.083712 0.007172 1.680636
0.909075 0.000017 0.000017 0.000006 0.000000 0.083714 0.007172 1.680637
0.909077 0.000017 0.000017 0.000005 0.000000 0.083711 0.007172 1.680638
0.909078 0.000019 0.000017 0.000004 0.000000 0.083710 0.007172 1.680638
0.909080 0.000017 0.000017 0.000006 0.000000 0.083707 0.007172 1.680641
0.909083 0.000015 0.000020 0.000005 0.000000 0.083705 0.007172 1.680646
0.909084 0.000016 0.000020 0.000005 0.000000 0.083703 0.007172 1.680647
0.909086 0.000016 0.000020 0.000005 0.000000 0.083702 0.007172 1.680647
0.909089 0.000016 0.000017 0.000005 0.000000 0.083701 0.007172 1.680648
0.909090 0.000016 0.000016 0.000005 0.000000 0.083700 0.007172 1.680650
0.909092 0.000015 0.000016 0.000007 0.000000 0.083698 0.007172 1.680653
0.909096 0.000016 0.000016 0.000006 0.000000 0.083695 0.007172 1.680654
0.909100 0.000017 0.000015 0.000006 0.000000 0.083690 0.007172 1.680655
0.909103 0.000018 0.000014 0.000006 0.000000 0.083687 0.007172 1.680656
0.909103 0.000019 0.000014 0.000006 0.000000 0.083686 0.007172 1.680658
0.909106 0.000017 0.000016 0.000005 0.000000 0.083684 0.007172 1.680660
0.909107 0.000019 0.000016 0.000005 0.000000 0.083682 0.007172 1.680661
0.909108 0.000018 0.000016 0.000006 0.000000 0.083681 0.007172 1.680663
0.909109 0.000019 0.000016 0.000006 0.000000 0.083678 0.007172 1.680665
0.909114 0.000018 0.000017 0.000005 0.000000 0.083674 0.007172 1.680667
0.909114 0.000018 0.000016 0.000006 0.000000 0.083674 0.007172 1.680670
0.909116 0.000019 0.000016 0.000006 0.000000 0.083672 0.007172 1.680671
0.909118 0.000021 0.000016 0.000006 0.000000 0.083667 0.007172 1.680672
0.909119 0.000019 0.000017 0.000007 0.000000 0.083666 0.007172 1.680676
0.909119 0.000021 0.000019 0.000007 0.000000 0.083663 0.007172 1.680678
0.909120 0.000021 0.000019 0.000008 0.000000 0.083660 0.007172 1.680680
0.909119 0.000022 0.000019 0.000007 0.000000 0.083660 0.007172 1.680681
0.909119 0.000019 0.000019 0.000008 0.000001 0.083662 0.007172 1.680685
0.909116 0.000023 0.000018 0.000008 0.000001 0.083663 0.007172 1.680687
0.909115 0.000022 0.000018 0.000008 0.000001 0.083664 0.007172 1.680689
0.909118 0.000020 0.000020 0.000008 0.000001 0.083661 0.007172 1.680692
0.909117 0.000023 0.000018 0.000008 0.000001 0.083662 0.007172 1.680693
0.909117 0.000024 0.000019 0.000008 0.000001 0.083659 0.007172 1.680696
0.909120 0.000022 0.000020 0.000008 0.000001 0.083656 0.007172 1.680699
0.909118 0.000026 0.000020 0.000008 0.000001 0.083656 0.007172 1.680700
0.909119 0.000024 0.000023 0.000008 0.000001 0.083654 0.007172 1.680704
0.909121 0.000023 0.000024 0.000008 0.000001 0.083652 0.007172 1.680706
0.909123 0.000022 0.000025 0.000006 0.000001 0.083652 0.007172 1.680708
0.909122 0.000024 0.000023 0.000006 0.000001 0.083651 0.007172 1.680708
0.909122 0.000024 0.000024 0.000006 0.000001 0.083651 0.007172 1.680710
0.909123 0.000023 0.000024 0.000007 0.000001 0.083651 0.007172 1.680713
0.909123 0.000023 0.000026 0.000007 0.000001 0.083648 0.007172 1.680716
0.909125 0.000022 0.000023 0.000009 0.000001 0.083649 0.007172 1.680719
0.909124 0.000020 0.000024 0.000010 0.000000 0.083649 0.007172 1.680722
0.909122 0.000024 0.000023 0.000010 0.000000 0.083649 0.007172 1.680723
0.909124 0.000021 0.000023 0.000010 0.000000 0.083650 0.007172 1.680726
0.909122 0.000023 0.000022 0.000010 0.000000 0.083651 0.007172 1.680727
0.909122 0.000024 0.000022 0.000011 0.000000 0.083649 0.007172 1.680728
0.909123 0.000023 0.000023 0.000012 0.000000 0.083647 0.007172 1.680730
0.909124 0.000024 0.000022 0.000010 0.000000 0.083648 0.007172 1.680731
0.909123 0.000024 0.000022 0.000010 0.000000 0.083649 0.007172 1.680734
0.909122 0.000026 0.000022 0.000009 0.000000 0.083649 0.007172 1.680735
0.909124 0.000024 0.000020 0.000009 0.000000 0.083650 0.007172 1.680738
0.909126 0.000024 0.000021 0.000009 0.000000 0.083648 0.007172 1.680742
0.909126 0.000019 0.000024 0.000010 0.000000 0.083648 0.007172 1.680747
0.909128 0.000020 0.000023 0.000010 0.000000 0.083647 0.007172 1.680748
0.909128 0.000023 0.000022 0.000008 0.000000 0.083646 0.007172 1.680748
0.909132 0.000019 0.000024 0.000010 0.000000 0.083642 0.007172 1.680753
0.909134 0.000020 0.000025 0.000009 0.000000 0.083640 0.007172 1.680754
0.909135 0.000019 0.000024 0.000010 0.000000 0.083639 0.007172 1.680756
0.909134 0.000019 0.000027 0.000010 0.000000 0.083639 0.007172 1.680760
0.909134 0.000019 0.000026 0.000008 0.000000 0.083641 0.007172 1.680762
0.909138 0.000019 0.000025 0.000008 0.000000 0.083638 0.007172 1.680763
0.909139 0.000018 0.000026 0.000008 0.000000 0.083637 0.007172 1.680765
0.909139 0.000017 0.000025 0.000009 0.000000 0.083637 0.007172 1.680767
0.909139 0.000017 0.000024 0.000008 0.000000 0.083638 0.007172 1.680769
0.909141 0.000017 0.000024 0.000008 0.000000 0.083637 0.007172 1.680771
0.909143 0.000018 0.000024 0.000008 0.000000 0.083635 0.007172 1.680772
0.909147 0.000019 0.000022 0.000008 0.000000 0.083632 0.007172 1.680773
0.909146 0.000020 0.000020 0.000010 0.000000 0.083632 0.007172 1.680775
0.909148 0.000018 0.000019 0.000010 0.000000 0.083633 0.007172 1.680777
0.909148 0.000019 0.000019 0.000008 0.000000 0.083635 0.007172 1.680779
0.909150 0.000018 0.000017 0.000008 0.000000 0.083636 0.007172 1.680781
0.909151 0.000017 0.000016 0.000009 0.000000 0.083636 0.007172 1.680783
0.909152 0.000015 0.000017 0.000009 0.000000 0.083636 0.007172 1.680786
0.909156 0.000014 0.000016 0.000008 0.000000 0.083635 0.007172 1.680788
0.909160 0.000013 0.000016 0.000007 0.000001 0.083631 0.007172 1.680789
0.909161 0.000015 0.000014 0.000007 0.000001 0.083630 0.007172 1.680789
0.909161 0.000015 0.000014 0.000007 0.000001 0.083629 0.007172 1.680790
0.909160 0.000017 0.000013 0.000007 0.000001 0.083629 0.007172 1.680790
0.909161 0.000017 0.000012 0.000006 0.000001 0.083630 0.007172 1.680791
0.909162 0.000019 0.000012 0.000007 0.000001 0.083628 0.007172 1.680792
0.909161 0.000019 0.000013 0.000006 0.000001 0.083628 0.007172 1.680794
0.909162 0.000018 0.000014 0.000006 0.000001 0.083627 0.007172 1.680796
0.909164 0.000019 0.000014 0.000006 0.000001 0.083624 0.007172 1.680798
0.909164 0.000019 0.000016 0.000006 0.000001 0.083622 0.007172 1.680800
0.909167 0.000018 0.000016 0.000006 0.000001 0.083621 0.007172 1.680802
0.909169 0.000016 0.000016 0.000007 0.000000 0.083620 0.007172 1.680804
0.909171 0.000016 0.000016 0.000006 0.000000 0.083619 0.007172 1.680806
0.909176 0.000014 0.000015 0.000007 0.000000 0.083616 0.007172 1.680808
0.909176 0.000016 0.000014 0.000006 0.000000 0.083616 0.007172 1.680808
0.909176 0.000016 0.000013 0.000008 0.000000 0.083616 0.007172 1.680810
0.909178 0.000014 0.000014 0.000008 0.000000 0.083615 0.007172 1.680812
0.909181 0.000014 0.000014 0.000007 0.000000 0.083613 0.007172 1.680813
0.909181 0.000014 0.000013 0.000006 0.000000 0.083613 0.007172 1.680813
0.909183 0.000016 0.000013 0.000005 0.000000 0.083611 0.007172 1.680813
0.909184 0.000018 0.000013 0.000005 0.000000 0.083608 0.007172 1.680814
0.909185 0.000018 0.000011 0.000006 0.000000 0.083609 0.007172 1.680815
0.909187 0.000017 0.000012 0.000006 0.000000 0.083607 0.007172 1.680817
0.909187 0.000017 0.000013 0.000006 0.000000 0.083605 0.007172 1.680818
0.909188 0.000016 0.000013 0.000005 0.000000 0.083607 0.007172 1.680820
0.909190 0.000014 0.000014 0.000005 0.000000 0.083605 0.007172 1.680821
0.909192 0.000013 0.000014 0.000006 0.000000 0.083603 0.007172 1.680823
0.909195 0.000012 0.000016 0.000006 0.000000 0.083600 0.007172 1.680826
0.909197 0.000011 0.000016 0.000006 0.000000 0.083598 0.007172 1.680827
0.909198 0.000012 0.000014 0.000007 0.000000 0.083598 0.007172 1.680828
0.909200 0.000011 0.000013 0.000007 0.000000 0.083598 0.007172 1.680829
0.909202 0.000010 0.000013 0.000007 0.000000 0.083597 0.007172 1.680829
0.909204 0.000010 0.000012 0.000008 0.000000 0.083595 0.007172 1.680830
0.909206 0.000009 0.000013 0.000008 0.000000 0.083593 0.007172 1.680831
0.909206 0.000009 0.000012 0.000008 0.000000 0.083593 0.007172 1.680832
0.909208 0.000008 0.000012 0.000008 0.000000 0.083593 0.007172 1.680833
0.909209 0.000007 0.000012 0.000006 0.000000 0.083593 0.007172 1.680835
0.909209 0.000007 0.000013 0.000006 0.000000 0.083593 0.007172 1.680835
0.909210 0.000007 0.000012 0.000006 0.000000 0.083594 0.007172 1.680836
0.909209 0.000009 0.000011 0.000006 0.000000 0.083594 0.007172 1.680837
0.909212 0.000010 0.000011 0.000005 0.000000 0.083591 0.007172 1.680837
0.909214 0.000009 0.000012 0.000005 0.000000 0.083589 0.007172 1.680838
0.909217 0.000008 0.000011 0.000005 0.000000 0.083588 0.007172 1.680840
0.909217 0.000010 0.000011 0.000005 0.000000 0.083586 0.007172 1.680840
0.909219 0.000008 0.000010 0.000005 0.000000 0.083586 0.007172 1.680841
0.909222 0.000007 0.000009 0.000006 0.000000 0.083584 0.007172 1.680842
0.909225 0.000006 0.000010 0.000005 0.000000 0.083583 0.007172 1.680843
0.909226 0.000007 0.000010 0.000005 0.000000 0.083581 0.007172 1.680843
0.909227 0.000008 0.000010 0.000005 0.000000 0.083580 0.007172 1.680843
0.909228 0.000008 0.000010 0.000004 0.000000 0.083578 0.007172 1.680845
0.909231 0.000006 0.000011 0.000004 0.000000 0.083576 0.007172 1.680846
0.909232 0.000006 0.000010 0.000004 0.000000 0.083576 0.007172 1.680847
0.909234 0.000006 0.000010 0.000004 0.000000 0.083574 0.007172 1.680847
0.909234 0.000007 0.000010 0.000004 0.000000 0.083574 0.007172 1.680848
0.909236 0.000008 0.000009 0.000003 0.000000 0.083572 0.007172 1.680848
0.909237 0.000009 0.000009 0.000003 0.000000 0.083569 0.007172 1.680848
0.909240 0.000010 0.000009 0.000003 0.000000 0.083566 0.007172 1.680849
0.909242 0.000011 0.000008 0.000003 0.000000 0.083564 0.007172 1.680849
0.909241 0.000013 0.000008 0.000003 0.000000 0.083564 0.007172 1.680849
0.909244 0.000014 0.000007 0.000003 0.000000 0.083560 0.007172 1.680849
0.909243 0.000014 0.000006 0.000004 0.000000 0.083561 0.007172 1.680850
0.909245 0.000014 0.000007 0.000004 0.000000 0.083559 0.007172 1.680851
0.909245 0.000015 0.000007 0.000004 0.000000 0.083558 0.007172 1.680852
0.909245 0.000015 0.000008 0.000004 0.000000 0.083556 0.007172 1.680855
0.909246 0.000014 0.000008 0.000005 0.000000 0.083556 0.007172 1.680856
0.909247 0.000014 0.000008 0.000005 0.000000 0.083555 0.007172 1.680857
0.909248 0.000013 0.000008 0.000006 0.000000 0.083554 0.007172 1.680859
0.909250 0.000013 0.000010 0.000005 0.000000 0.083552 0.007172 1.680861
0.909249 0.000016 0.000008 0.000005 0.000000 0.083550 0.007172 1.680861
0.909250 0.000016 0.000009 0.000005 0.000000 0.083549 0.007172 1.680862
0.909250 0.000016 0.000009 0.000005 0.000000 0.083549 0.007172 1.680864
0.909250 0.000016 0.000010 0.000004 0.000000 0.083548 0.007172 1.680865
0.909251 0.000014 0.000012 0.000004 0.000000 0.083547 0.007172 1.680867
0.909249 0.000016 0.000012 0.000004 0.000000 0.083547 0.007172 1.680867
0.909250 0.000017 0.000012 0.000005 0.000000 0.083545 0.007172 1.680869
0.909251 0.000016 0.000013 0.000005 0.000000 0.083544 0.007172 1.680871
0.909248 0.000017 0.000012 0.000006 0.000000 0.083545 0.007172 1.680873
0.909249 0.000017 0.000013 0.000005 0.000000 0.083545 0.007172 1.680874
0.909250 0.000017 0.000013 0.000006 0.000000 0.083544 0.007172 1.680875
0.909251 0.000016 0.000014 0.000006 0.000000 0.083542 0.007172 1.680877
0.909252 0.000017 0.000013 0.000007 0.000000 0.083540 0.007172 1.680878
0.909251 0.000016 0.000014 0.000007 0.000000 0.083541 0.007172 1.680881
0.909252 0.000014 0.000015 0.000008 0.000000 0.083539 0.007172 1.680884
0.909253 0.000014 0.000014 0.000009 0.000000 0.083539 0.007172 1.680886
0.909254 0.000015 0.000014 0.000008 0.000000 0.083537 0.007172 1.680886
0.909255 0.000014 0.000014 0.000008 0.000000 0.083537 0.007172 1.680887
0.909256 0.000014 0.000014 0.000008 0.000000 0.083537 0.007172 1.680887
0.909257 0.000013 0.000012 0.000008 0.000000 0.083537 0.007172 1.680888
0.909257 0.000013 0.000012 0.000009 0.000000 0.083537 0.007172 1.680889
0.909258 0.000011 0.000014 0.000009 0.000000 0.083537 0.007172 1.680891
0.909257 0.000012 0.000013 0.000009 0.000000 0.083538 0.007172 1.680891
0.909257 0.000012 0.000013 0.000007 0.000000 0.083540 0.007172 1.680892
0.909256 0.000012 0.000013 0.000008 0.000000 0.083541 0.007172 1.680893
0.909254 0.000012 0.000014 0.000006 0.000000 0.083542 0.007172 1.680894
0.909255 0.000013 0.000012 0.000005 0.000000 0.083544 0.007172 1.680894
0.909255 0.000012 0.000012 0.000005 0.000000 0.083544 0.007172 1.680897
0.909256 0.000012 0.000013 0.000005 0.000000 0.083544 0.007172 1.680898
0.909256 0.000011 0.000013 0.000005 0.000000 0.083543 0.007172 1.680899
0.909257 0.000009 0.000012 0.000005 0.000000 0.083545 0.007172 1.680901
0.909257 0.000009 0.000011 0.000005 0.000000 0.083547 0.007172 1.680901
0.909258 0.000009 0.000010 0.000005 0.000000 0.083547 0.007172 1.680902
0.909258 0.000009 0.000010 0.000005 0.000000 0.083546 0.007172 1.680903
0.909258 0.000010 0.000010 0.000004 0.000000 0.083546 0.007172 1.680904
0.909258 0.000010 0.000012 0.000004 0.000000 0.083546 0.007172 1.680906
0.909259 0.000010 0.000010 0.000003 0.000000 0.083547 0.007172 1.680906
0.909260 0.000009 0.000010 0.000004 0.000000 0.083545 0.007172 1.680907
0.909260 0.000009 0.000011 0.000004 0.000000 0.083545 0.007172 1.680908
0.909259 0.000010 0.000010 0.000005 0.000000 0.083545 0.007172 1.680909
0.909259 0.000008 0.000011 0.000005 0.000000 0.083545 0.007172 1.680912
0.909260 0.000009 0.000011 0.000005 0.000000 0.083544 0.007172 1.680913
0.909259 0.000009 0.000010 0.000005 0.000000 0.083545 0.007172 1.680914
0.909262 0.000009 0.000010 0.000006 0.000000 0.083543 0.007172 1.680915
0.909263 0.000007 0.000008 0.000006 0.000000 0.083543 0.007172 1.680916
0.909263 0.000009 0.000007 0.000006 0.000000 0.083543 0.007172 1.680916
0.909263 0.000008 0.000008 0.000006 0.000000 0.083544 0.007172 1.680918
0.909263 0.000007 0.000008 0.000006 0.000000 0.083544 0.007172 1.680919
0.909262 0.000008 0.000008 0.000005 0.000000 0.083544 0.007172 1.680920
0.909264 0.000008 0.000009 0.000005 0.000000 0.083543 0.007172 1.680921
0.909266 0.000008 0.000008 0.000005 0.000000 0.083542 0.007172 1.680921
0.909266 0.000008 0.000008 0.000004 0.000000 0.083542 0.007172 1.680922
0.909267 0.000008 0.000008 0.000004 0.000000 0.083542 0.007172 1.680923
0.909268 0.000008 0.000007 0.000005 0.000000 0.083541 0.007172 1.680923
0.909267 0.000008 0.000007 0.000005 0.000000 0.083541 0.007172 1.680924
0.909268 0.000008 0.000006 0.000006 0.000000 0.083540 0.007172 1.680924
