0.359862 0.061957 0.055085 0.031611 0.001988 0.483708 0.005790 1.589205
0.361526 0.060342 0.055044 0.031473 0.001994 0.483809 0.005812 1.595177
0.363854 0.058286 0.054890 0.031245 0.001998 0.483893 0.005833 1.600992
0.366446 0.056157 0.054705 0.030940 0.001989 0.483907 0.005856 1.606603
0.369267 0.053988 0.054320 0.030663 0.001998 0.483886 0.005877 1.612060
0.372141 0.051947 0.053826 0.030331 0.001998 0.483850 0.005907 1.617206
0.375273 0.049875 0.053177 0.030017 0.002004 0.483723 0.005931 1.622229
0.378538 0.047801 0.052585 0.029624 0.002006 0.483493 0.005953 1.627053
0.381979 0.045867 0.051887 0.029192 0.002002 0.483095 0.005977 1.631636
0.385412 0.044027 0.051109 0.028671 0.002000 0.482779 0.006002 1.636096
0.389056 0.042250 0.050202 0.028101 0.001997 0.482365 0.006029 1.640333
0.392567 0.040769 0.049353 0.027533 0.002014 0.481714 0.006051 1.644315
0.396195 0.039321 0.048307 0.026935 0.002012 0.481159 0.006071 1.648159
0.399843 0.037900 0.047402 0.026388 0.002003 0.480368 0.006094 1.651941
0.403615 0.036479 0.046409 0.025867 0.001982 0.479529 0.006119 1.655595
0.407281 0.035214 0.045386 0.025176 0.001985 0.478811 0.006147 1.659074
0.411059 0.033923 0.044474 0.024609 0.001968 0.477794 0.006174 1.662528
0.414882 0.032770 0.043451 0.024059 0.001956 0.476687 0.006194 1.665835
0.418747 0.031678 0.042453 0.023474 0.001947 0.475483 0.006217 1.668979
0.422681 0.030678 0.041426 0.022840 0.001920 0.474208 0.006246 1.671996
0.426735 0.029742 0.040354 0.022254 0.001913 0.472737 0.006264 1.674908
0.430653 0.028766 0.039370 0.021711 0.001891 0.471314 0.006295 1.677862
0.434682 0.027856 0.038417 0.021143 0.001885 0.469695 0.006321 1.680688
0.438617 0.027080 0.037426 0.020566 0.001861 0.468102 0.006347 1.683358
0.442684 0.026212 0.036445 0.020050 0.001837 0.466402 0.006370 1.685982
0.446632 0.025507 0.035536 0.019503 0.001820 0.464610 0.006392 1.688515
0.450654 0.024800 0.034650 0.018989 0.001788 0.462701 0.006419 1.690962
0.454645 0.024179 0.033736 0.018499 0.001764 0.460742 0.006437 1.693291
0.458598 0.023574 0.032851 0.018025 0.001744 0.458748 0.006461 1.695653
0.462518 0.023021 0.032105 0.017538 0.001719 0.456615 0.006485 1.697958
0.466480 0.022564 0.031327 0.017117 0.001697 0.454310 0.006505 1.700177
0.470492 0.022084 0.030482 0.016666 0.001683 0.452068 0.006526 1.702349
0.474437 0.021623 0.029745 0.016173 0.001664 0.449810 0.006547 1.704422
0.478439 0.021184 0.029016 0.015781 0.001638 0.447373 0.006570 1.706527
0.482315 0.020780 0.028273 0.015382 0.001613 0.445047 0.006591 1.708557
0.486211 0.020348 0.027587 0.015045 0.001590 0.442607 0.006612 1.710582
0.490224 0.019910 0.026911 0.014706 0.001576 0.440043 0.006630 1.712564
0.494165 0.019546 0.026230 0.014346 0.001546 0.437519 0.006650 1.714483
0.498108 0.019183 0.025592 0.013988 0.001537 0.434924 0.006668 1.716370
0.502054 0.018902 0.024950 0.013675 0.001500 0.432225 0.006694 1.718221
0.506005 0.018629 0.024379 0.013355 0.001471 0.429449 0.006712 1.720015
0.509823 0.018232 0.023758 0.013072 0.001457 0.426927 0.006732 1.721854
0.513661 0.017947 0.023249 0.012751 0.001445 0.424197 0.006749 1.723615
0.517385 0.017684 0.022819 0.012469 0.001419 0.421459 0.006765 1.725405
0.521088 0.017478 0.022332 0.012205 0.001400 0.418718 0.006780 1.727135
0.524773 0.017244 0.021857 0.011951 0.001380 0.416000 0.006797 1.728845
0.528521 0.017022 0.021406 0.011685 0.001355 0.413197 0.006814 1.730533
0.532163 0.016817 0.020977 0.011448 0.001330 0.410434 0.006831 1.732214
0.535809 0.016642 0.020595 0.011257 0.001308 0.407540 0.006848 1.733841
0.539353 0.016452 0.020166 0.011059 0.001280 0.404826 0.006864 1.735474
0.542914 0.016258 0.019843 0.010848 0.001257 0.401998 0.006884 1.737078
0.546561 0.016062 0.019496 0.010641 0.001231 0.399107 0.006901 1.738659
0.550075 0.015941 0.019127 0.010464 0.001212 0.396267 0.006915 1.740243
0.553548 0.015742 0.018868 0.010265 0.001193 0.393452 0.006931 1.741843
0.556991 0.015629 0.018505 0.010049 0.001179 0.390701 0.006946 1.743347
0.560500 0.015519 0.018159 0.009916 0.001157 0.387788 0.006962 1.744874
0.563893 0.015447 0.017833 0.009778 0.001135 0.384930 0.006983 1.746384
0.567218 0.015301 0.017562 0.009614 0.001113 0.382188 0.007004 1.747925
0.570578 0.015232 0.017270 0.009489 0.001096 0.379321 0.007014 1.749427
0.573877 0.015115 0.017038 0.009342 0.001079 0.376522 0.007028 1.750916
0.577181 0.014977 0.016803 0.009219 0.001058 0.373722 0.007041 1.752438
0.580437 0.014917 0.016536 0.009077 0.001042 0.370935 0.007056 1.753901
0.583594 0.014875 0.016320 0.008950 0.001014 0.368171 0.007076 1.755362
0.586768 0.014820 0.016087 0.008825 0.001000 0.365416 0.007085 1.756830
0.589797 0.014810 0.015896 0.008700 0.000983 0.362716 0.007098 1.758247
0.592872 0.014695 0.015718 0.008573 0.000967 0.360067 0.007109 1.759705
0.596005 0.014667 0.015527 0.008471 0.000950 0.357259 0.007120 1.761131
0.599143 0.014584 0.015402 0.008403 0.000940 0.354395 0.007132 1.762613
0.602143 0.014535 0.015245 0.008306 0.000924 0.351701 0.007145 1.764064
0.605116 0.014534 0.015135 0.008175 0.000907 0.348978 0.007156 1.765479
0.608102 0.014515 0.014974 0.008101 0.000892 0.346249 0.007165 1.766886
0.610934 0.014506 0.014836 0.008024 0.000873 0.343645 0.007181 1.768312
0.613807 0.014459 0.014729 0.007949 0.000851 0.341014 0.007192 1.769749
0.616626 0.014429 0.014616 0.007864 0.000847 0.338416 0.007202 1.771211
0.619471 0.014406 0.014504 0.007803 0.000843 0.335763 0.007211 1.772647
0.622202 0.014368 0.014405 0.007747 0.000825 0.333230 0.007223 1.774089
0.624892 0.014403 0.014225 0.007686 0.000814 0.330748 0.007230 1.775469
0.627594 0.014477 0.014126 0.007669 0.000807 0.328088 0.007239 1.776861
0.630236 0.014486 0.014022 0.007588 0.000786 0.325634 0.007248 1.778273
0.632842 0.014482 0.013955 0.007527 0.000778 0.323159 0.007257 1.779698
0.635416 0.014519 0.013853 0.007488 0.000763 0.320696 0.007267 1.781080
0.637978 0.014552 0.013792 0.007443 0.000753 0.318208 0.007275 1.782512
0.640567 0.014558 0.013718 0.007424 0.000733 0.315711 0.007290 1.783951
0.643100 0.014565 0.013665 0.007350 0.000720 0.313300 0.007302 1.785350
0.645554 0.014619 0.013573 0.007310 0.000713 0.310919 0.007313 1.786739
0.647923 0.014599 0.013562 0.007324 0.000699 0.308569 0.007324 1.788182
0.650310 0.014633 0.013555 0.007314 0.000696 0.306162 0.007330 1.789620
0.652613 0.014675 0.013511 0.007264 0.000692 0.303904 0.007341 1.791043
0.654907 0.014743 0.013448 0.007287 0.000689 0.301579 0.007348 1.792475
0.657066 0.014841 0.013405 0.007316 0.000671 0.299342 0.007359 1.793925
0.659337 0.014904 0.013338 0.007297 0.000661 0.297094 0.007368 1.795338
0.661522 0.014900 0.013356 0.007306 0.000660 0.294880 0.007376 1.796815
0.663717 0.014867 0.013350 0.007278 0.000659 0.292746 0.007383 1.798298
0.665830 0.014899 0.013296 0.007295 0.000651 0.290635 0.007393 1.799751
0.668021 0.014924 0.013295 0.007272 0.000649 0.288440 0.007399 1.801212
0.670052 0.014926 0.013343 0.007249 0.000639 0.286384 0.007408 1.802707
0.672185 0.015008 0.013346 0.007291 0.000629 0.284127 0.007415 1.804137
0.674232 0.015070 0.013351 0.007251 0.000629 0.282044 0.007425 1.805579
0.676215 0.015141 0.013350 0.007242 0.000620 0.280000 0.007433 1.807027
0.678160 0.015210 0.013395 0.007224 0.000618 0.277953 0.007439 1.808507
0.680220 0.015253 0.013355 0.007237 0.000612 0.275879 0.007445 1.809950
0.682075 0.015314 0.013431 0.007237 0.000608 0.273880 0.007454 1.811464
0.683859 0.015413 0.013429 0.007245 0.000594 0.271999 0.007462 1.812937
0.685728 0.015413 0.013466 0.007255 0.000584 0.270078 0.007474 1.814450
0.687494 0.015531 0.013459 0.007249 0.000573 0.268213 0.007482 1.815955
0.689237 0.015620 0.013479 0.007271 0.000568 0.266336 0.007490 1.817479
0.690900 0.015700 0.013508 0.007301 0.000556 0.264536 0.007500 1.818996
0.692677 0.015749 0.013563 0.007321 0.000545 0.262637 0.007509 1.820521
0.694335 0.015803 0.013642 0.007282 0.000535 0.260887 0.007516 1.822075
0.695875 0.015867 0.013705 0.007344 0.000537 0.259149 0.007522 1.823686
0.697470 0.015974 0.013741 0.007330 0.000525 0.257430 0.007530 1.825229
0.699048 0.016050 0.013777 0.007339 0.000510 0.255735 0.007540 1.826779
0.700546 0.016140 0.013807 0.007384 0.000505 0.254073 0.007546 1.828334
0.702078 0.016177 0.013811 0.007443 0.000498 0.252440 0.007555 1.829921
0.703508 0.016266 0.013830 0.007488 0.000495 0.250853 0.007560 1.831523
0.705023 0.016299 0.013916 0.007522 0.000498 0.249175 0.007565 1.833143
0.706380 0.016382 0.014017 0.007558 0.000490 0.247597 0.007576 1.834799
0.707682 0.016476 0.014071 0.007566 0.000496 0.246128 0.007581 1.836430
0.708996 0.016619 0.014145 0.007558 0.000500 0.244593 0.007588 1.838038
0.710299 0.016763 0.014221 0.007581 0.000496 0.243043 0.007597 1.839656
0.711539 0.016844 0.014327 0.007615 0.000504 0.241570 0.007603 1.841333
0.712768 0.016869 0.014435 0.007678 0.000499 0.240138 0.007613 1.843058
0.713949 0.017009 0.014430 0.007698 0.000494 0.238800 0.007619 1.844674
0.715210 0.017068 0.014476 0.007708 0.000487 0.237424 0.007626 1.846353
0.716436 0.017151 0.014527 0.007734 0.000491 0.236030 0.007630 1.848044
0.717547 0.017310 0.014570 0.007770 0.000483 0.234685 0.007635 1.849696
0.718608 0.017449 0.014619 0.007804 0.000486 0.233394 0.007640 1.851413
0.719695 0.017608 0.014603 0.007850 0.000486 0.232111 0.007647 1.853061
0.720676 0.017699 0.014706 0.007900 0.000481 0.230883 0.007656 1.854819
0.721690 0.017811 0.014748 0.007940 0.000492 0.229658 0.007662 1.856550
0.722729 0.017918 0.014790 0.008001 0.000485 0.228408 0.007670 1.858282
0.723786 0.017977 0.014843 0.008038 0.000480 0.227201 0.007674 1.860051
0.724770 0.018050 0.014918 0.008062 0.000482 0.226038 0.007680 1.861800
0.725789 0.018102 0.014968 0.008165 0.000482 0.224806 0.007688 1.863580
0.726701 0.018208 0.015044 0.008191 0.000478 0.223686 0.007692 1.865337
0.727594 0.018325 0.015143 0.008212 0.000488 0.222540 0.007698 1.867119
0.728465 0.018429 0.015215 0.008267 0.000486 0.221432 0.007705 1.868931
0.729246 0.018567 0.015266 0.008344 0.000490 0.220380 0.007708 1.870736
0.730112 0.018648 0.015382 0.008373 0.000490 0.219280 0.007714 1.872526
0.730971 0.018708 0.015454 0.008415 0.000494 0.218237 0.007721 1.874357
0.731754 0.018794 0.015497 0.008419 0.000497 0.217310 0.007728 1.876207
0.732517 0.018869 0.015585 0.008480 0.000498 0.216319 0.007733 1.878070
0.733179 0.019052 0.015643 0.008498 0.000503 0.215388 0.007735 1.879883
0.733929 0.019158 0.015669 0.008553 0.000502 0.214448 0.007741 1.881705
0.734684 0.019281 0.015767 0.008592 0.000503 0.213423 0.007749 1.883596
0.735372 0.019319 0.015900 0.008635 0.000514 0.212507 0.007755 1.885505
0.736093 0.019437 0.015981 0.008684 0.000521 0.211523 0.007761 1.887368
0.736658 0.019555 0.016074 0.008712 0.000524 0.210705 0.007772 1.889276
0.737260 0.019707 0.016157 0.008783 0.000524 0.209789 0.007778 1.891169
0.737871 0.019765 0.016294 0.008799 0.000527 0.208958 0.007786 1.893090
0.738396 0.019887 0.016390 0.008837 0.000531 0.208165 0.007794 1.895014
0.738942 0.019915 0.016532 0.008890 0.000532 0.207389 0.007800 1.897000
0.739529 0.019978 0.016590 0.008950 0.000536 0.206606 0.007810 1.898953
0.740043 0.020029 0.016650 0.008990 0.000537 0.205933 0.007818 1.900923
0.740469 0.020147 0.016744 0.008996 0.000536 0.205285 0.007823 1.902866
0.741014 0.020262 0.016803 0.009045 0.000532 0.204512 0.007832 1.904801
0.741466 0.020387 0.016908 0.009051 0.000526 0.203823 0.007838 1.906739
0.741919 0.020445 0.016978 0.009148 0.000525 0.203140 0.007846 1.908751
0.742348 0.020533 0.016999 0.009202 0.000529 0.202542 0.007849 1.910740
0.742683 0.020650 0.017103 0.009248 0.000528 0.201931 0.007859 1.912774
0.743038 0.020700 0.017226 0.009347 0.000528 0.201293 0.007867 1.914848
0.743403 0.020767 0.017308 0.009388 0.000540 0.200725 0.007869 1.916886
0.743773 0.020882 0.017448 0.009455 0.000540 0.200027 0.007876 1.918950
0.744175 0.020882 0.017601 0.009527 0.000543 0.199391 0.007883 1.921068
0.744594 0.020916 0.017722 0.009547 0.000540 0.198788 0.007892 1.923144
0.744974 0.020946 0.017807 0.009559 0.000541 0.198273 0.007899 1.925187
0.745229 0.021096 0.017750 0.009642 0.000542 0.197835 0.007907 1.927236
0.745541 0.021192 0.017825 0.009660 0.000538 0.197331 0.007913 1.929299
0.745925 0.021172 0.017957 0.009693 0.000542 0.196794 0.007917 1.931411
0.746241 0.021206 0.018006 0.009743 0.000550 0.196331 0.007922 1.933507
0.746543 0.021264 0.018085 0.009804 0.000550 0.195825 0.007929 1.935617
0.746903 0.021341 0.018110 0.009838 0.000554 0.195317 0.007938 1.937682
0.747176 0.021390 0.018108 0.009890 0.000559 0.194930 0.007946 1.939773
0.747393 0.021463 0.018227 0.009892 0.000563 0.194508 0.007953 1.941895
0.747663 0.021597 0.018292 0.009906 0.000565 0.194018 0.007959 1.943957
0.747992 0.021605 0.018357 0.009932 0.000571 0.193579 0.007966 1.946078
0.748205 0.021661 0.018462 0.010028 0.000575 0.193099 0.007971 1.948217
0.748387 0.021738 0.018524 0.010072 0.000579 0.192724 0.007976 1.950348
0.748575 0.021778 0.018586 0.010079 0.000586 0.192415 0.007981 1.952491
0.748724 0.021884 0.018630 0.010104 0.000580 0.192089 0.007990 1.954600
0.748969 0.021865 0.018699 0.010109 0.000587 0.191777 0.007995 1.956784
0.749151 0.021902 0.018774 0.010114 0.000585 0.191469 0.008004 1.958955
0.749301 0.022010 0.018827 0.010144 0.000577 0.191128 0.008013 1.961102
0.749379 0.022108 0.018897 0.010126 0.000582 0.190889 0.008019 1.963277
0.749520 0.022157 0.018983 0.010139 0.000579 0.190594 0.008028 1.965452
0.749648 0.022268 0.018988 0.010179 0.000581 0.190300 0.008037 1.967611
0.749814 0.022350 0.019047 0.010221 0.000585 0.189942 0.008040 1.969777
0.749943 0.022421 0.019136 0.010266 0.000591 0.189595 0.008047 1.971949
0.750079 0.022465 0.019265 0.010234 0.000599 0.189306 0.008052 1.974141
0.750201 0.022445 0.019356 0.010280 0.000597 0.189061 0.008061 1.976379
0.750321 0.022405 0.019473 0.010372 0.000596 0.188768 0.008067 1.978682
0.750431 0.022428 0.019506 0.010402 0.000600 0.188559 0.008074 1.980935
0.750419 0.022578 0.019585 0.010429 0.000597 0.188310 0.008083 1.983142
0.750513 0.022686 0.019596 0.010445 0.000603 0.188066 0.008091 1.985312
0.750451 0.022756 0.019657 0.010474 0.000606 0.187957 0.008099 1.987601
0.750460 0.022834 0.019712 0.010524 0.000609 0.187759 0.008103 1.989834
0.750522 0.022937 0.019752 0.010520 0.000611 0.187548 0.008112 1.992008
0.750588 0.022986 0.019797 0.010553 0.000610 0.187346 0.008120 1.994255
0.750544 0.023113 0.019827 0.010593 0.000616 0.187181 0.008126 1.996508
0.750559 0.023159 0.019835 0.010618 0.000626 0.187072 0.008131 1.998756
0.750561 0.023240 0.019917 0.010631 0.000624 0.186887 0.008141 2.001027
0.750491 0.023374 0.019984 0.010666 0.000620 0.186718 0.008149 2.003274
0.750509 0.023462 0.020029 0.010677 0.000628 0.186538 0.008157 2.005537
0.750474 0.023514 0.020106 0.010744 0.000630 0.186367 0.008165 2.007866
0.750538 0.023479 0.020222 0.010854 0.000630 0.186103 0.008173 2.010201
0.750418 0.023505 0.020258 0.010900 0.000637 0.186102 0.008180 2.012517
0.750437 0.023507 0.020337 0.010923 0.000642 0.185967 0.008187 2.014852
0.750406 0.023577 0.020381 0.010932 0.000647 0.185861 0.008195 2.017148
0.750401 0.023564 0.020482 0.010939 0.000657 0.185755 0.008202 2.019436
0.750308 0.023663 0.020481 0.010998 0.000658 0.185685 0.008209 2.021740
0.750285 0.023680 0.020529 0.011014 0.000659 0.185618 0.008215 2.024068
0.750280 0.023690 0.020581 0.011053 0.000659 0.185517 0.008222 2.026394
0.750218 0.023701 0.020631 0.011089 0.000665 0.185466 0.008230 2.028733
0.750157 0.023698 0.020697 0.011135 0.000664 0.185410 0.008240 2.031088
0.750081 0.023756 0.020773 0.011118 0.000673 0.185356 0.008245 2.033400
0.750058 0.023767 0.020872 0.011135 0.000684 0.185236 0.008249 2.035722
0.750045 0.023738 0.020927 0.011114 0.000685 0.185235 0.008257 2.038082
0.750025 0.023731 0.020923 0.011154 0.000672 0.185230 0.008264 2.040439
0.749999 0.023760 0.020861 0.011211 0.000674 0.185224 0.008271 2.042749
0.749937 0.023718 0.020939 0.011241 0.000683 0.185201 0.008281 2.045120
0.749859 0.023757 0.020923 0.011227 0.000675 0.185269 0.008291 2.047426
0.749864 0.023728 0.020941 0.011268 0.000681 0.185221 0.008298 2.049774
0.749825 0.023783 0.020890 0.011305 0.000682 0.185210 0.008305 2.052073
0.749763 0.023792 0.020954 0.011332 0.000684 0.185165 0.008311 2.054411
0.749713 0.023782 0.020999 0.011347 0.000681 0.185161 0.008317 2.056768
0.749680 0.023786 0.020978 0.011392 0.000689 0.185155 0.008320 2.059109
0.749644 0.023870 0.020994 0.011374 0.000698 0.185094 0.008326 2.061387
0.749619 0.023822 0.021073 0.011395 0.000704 0.185051 0.008337 2.063753
0.749504 0.023865 0.021111 0.011378 0.000708 0.185087 0.008348 2.066095
0.749451 0.023879 0.021146 0.011338 0.000703 0.185124 0.008359 2.068463
0.749431 0.023954 0.021124 0.011311 0.000700 0.185111 0.008370 2.070758
0.749342 0.024007 0.021126 0.011352 0.000703 0.185093 0.008376 2.073113
0.749281 0.024089 0.021120 0.011342 0.000706 0.185076 0.008387 2.075417
0.749216 0.024062 0.021154 0.011353 0.000706 0.185112 0.008398 2.077779
0.749101 0.024082 0.021283 0.011299 0.000709 0.185116 0.008410 2.080174
0.749127 0.024020 0.021322 0.011331 0.000706 0.185076 0.008419 2.082570
0.749115 0.024077 0.021292 0.011355 0.000705 0.185023 0.008434 2.084873
0.748961 0.024115 0.021388 0.011319 0.000700 0.185075 0.008442 2.087232
0.748884 0.024114 0.021384 0.011353 0.000698 0.185120 0.008449 2.089601
0.748878 0.024055 0.021421 0.011388 0.000697 0.185101 0.008459 2.092006
0.748803 0.024055 0.021478 0.011411 0.000707 0.185082 0.008465 2.094411
0.748720 0.024036 0.021497 0.011440 0.000714 0.185119 0.008474 2.096779
0.748638 0.024096 0.021499 0.011415 0.000719 0.185148 0.008484 2.099116
0.748514 0.024105 0.021559 0.011383 0.000724 0.185217 0.008498 2.101477
0.748536 0.024074 0.021538 0.011372 0.000728 0.185243 0.008509 2.103816
0.748480 0.024015 0.021538 0.011392 0.000737 0.185319 0.008518 2.106237
0.748523 0.023947 0.021553 0.011432 0.000732 0.185283 0.008530 2.108633
0.748513 0.023947 0.021585 0.011427 0.000739 0.185253 0.008537 2.111007
0.748467 0.024035 0.021563 0.011414 0.000740 0.185232 0.008550 2.113322
0.748405 0.024000 0.021573 0.011380 0.000747 0.185334 0.008562 2.115682
0.748482 0.023957 0.021612 0.011379 0.000743 0.185254 0.008574 2.118054
0.748444 0.024034 0.021615 0.011363 0.000738 0.185223 0.008585 2.120381
0.748352 0.024088 0.021652 0.011347 0.000741 0.185226 0.008593 2.122755
0.748323 0.024110 0.021616 0.011395 0.000736 0.185216 0.008603 2.125153
0.748239 0.024095 0.021606 0.011429 0.000734 0.185288 0.008609 2.127556
0.748194 0.024183 0.021583 0.011404 0.000733 0.185282 0.008619 2.129852
0.748160 0.024202 0.021553 0.011393 0.000732 0.185333 0.008627 2.132158
0.748098 0.024161 0.021561 0.011450 0.000738 0.185353 0.008639 2.134578
0.748036 0.024219 0.021596 0.011473 0.000734 0.185293 0.008649 2.136946
0.747918 0.024276 0.021627 0.011503 0.000727 0.185288 0.008662 2.139295
0.747902 0.024240 0.021672 0.011483 0.000739 0.185295 0.008670 2.141702
0.747799 0.024329 0.021579 0.011493 0.000733 0.185386 0.008680 2.144047
0.747730 0.024358 0.021591 0.011522 0.000738 0.185375 0.008687 2.146437
0.747561 0.024357 0.021662 0.011491 0.000748 0.185487 0.008695 2.148826
0.747447 0.024335 0.021679 0.011513 0.000745 0.185578 0.008703 2.151240
0.747317 0.024351 0.021676 0.011504 0.000762 0.185681 0.008710 2.153603
0.747232 0.024337 0.021700 0.011541 0.000754 0.185720 0.008716 2.156018
0.747191 0.024273 0.021716 0.011546 0.000752 0.185795 0.008728 2.158421
0.747228 0.024289 0.021701 0.011553 0.000763 0.185731 0.008736 2.160762
0.747193 0.024305 0.021683 0.011536 0.000768 0.185771 0.008744 2.163128
0.747155 0.024274 0.021667 0.011551 0.000764 0.185835 0.008752 2.165506
0.747061 0.024284 0.021711 0.011553 0.000759 0.185869 0.008762 2.167920
0.747029 0.024306 0.021752 0.011577 0.000754 0.185808 0.008774 2.170304
0.746943 0.024384 0.021697 0.011580 0.000757 0.185854 0.008785 2.172646
0.746879 0.024451 0.021669 0.011579 0.000753 0.185871 0.008798 2.175008
0.746846 0.024465 0.021704 0.011568 0.000758 0.185855 0.008805 2.177409
0.746809 0.024497 0.021671 0.011583 0.000763 0.185863 0.008814 2.179782
0.746708 0.024480 0.021707 0.011590 0.000756 0.185933 0.008826 2.182204
0.746660 0.024410 0.021762 0.011639 0.000741 0.185951 0.008837 2.184647
0.746632 0.024331 0.021764 0.011646 0.000744 0.186040 0.008844 2.187076
0.746660 0.024309 0.021730 0.011630 0.000743 0.186075 0.008853 2.189434
0.746606 0.024337 0.021731 0.011629 0.000745 0.186085 0.008866 2.191801
0.746578 0.024281 0.021737 0.011635 0.000747 0.186144 0.008878 2.194218
0.746456 0.024356 0.021728 0.011573 0.000743 0.186259 0.008886 2.196579
0.746393 0.024338 0.021701 0.011613 0.000748 0.186311 0.008896 2.198958
0.746345 0.024289 0.021704 0.011664 0.000748 0.186346 0.008904 2.201416
0.746317 0.024255 0.021664 0.011629 0.000746 0.186475 0.008914 2.203814
0.746329 0.024166 0.021667 0.011683 0.000747 0.186484 0.008923 2.206247
0.746285 0.024149 0.021674 0.011621 0.000764 0.186579 0.008929 2.208632
0.746192 0.024273 0.021635 0.011565 0.000760 0.186633 0.008941 2.210915
0.746183 0.024217 0.021641 0.011594 0.000748 0.186667 0.008951 2.213339
0.746109 0.024234 0.021671 0.011605 0.000748 0.186672 0.008960 2.215744
0.746033 0.024217 0.021648 0.011632 0.000752 0.186750 0.008968 2.218146
0.745952 0.024285 0.021619 0.011598 0.000749 0.186818 0.008979 2.220476
0.745939 0.024278 0.021659 0.011594 0.000748 0.186793 0.008989 2.222878
0.745873 0.024261 0.021675 0.011596 0.000746 0.186851 0.008998 2.225267
0.745753 0.024310 0.021736 0.011559 0.000755 0.186884 0.009004 2.227654
0.745669 0.024314 0.021782 0.011525 0.000750 0.186944 0.009016 2.230061
0.745589 0.024329 0.021798 0.011505 0.000746 0.187006 0.009027 2.232414
0.745622 0.024316 0.021788 0.011468 0.000750 0.187020 0.009036 2.234751
0.745656 0.024245 0.021821 0.011470 0.000758 0.187005 0.009044 2.237133
0.745625 0.024274 0.021781 0.011466 0.000755 0.187046 0.009054 2.239448
0.745633 0.024209 0.021734 0.011469 0.000758 0.187135 0.009062 2.241812
0.745568 0.024241 0.021767 0.011498 0.000762 0.187094 0.009072 2.244141
0.745507 0.024293 0.021728 0.011508 0.000764 0.187120 0.009081 2.246490
0.745549 0.024175 0.021776 0.011541 0.000765 0.187104 0.009090 2.248953
0.745570 0.024123 0.021758 0.011531 0.000760 0.187158 0.009102 2.251352
0.745555 0.024113 0.021739 0.011528 0.000759 0.187196 0.009110 2.253679
0.745554 0.024121 0.021728 0.011519 0.000754 0.187202 0.009122 2.256036
0.745546 0.024130 0.021738 0.011529 0.000756 0.187171 0.009131 2.258376
0.745514 0.024191 0.021730 0.011520 0.000763 0.187142 0.009139 2.260710
0.745438 0.024242 0.021675 0.011521 0.000760 0.187216 0.009149 2.263046
0.745414 0.024229 0.021671 0.011469 0.000766 0.187296 0.009156 2.265419
0.745351 0.024270 0.021651 0.011424 0.000771 0.187367 0.009166 2.267738
0.745280 0.024262 0.021688 0.011430 0.000769 0.187391 0.009179 2.270110
0.745224 0.024255 0.021714 0.011430 0.000774 0.187412 0.009192 2.272514
0.745275 0.024226 0.021742 0.011434 0.000770 0.187352 0.009201 2.274874
0.745175 0.024292 0.021722 0.011418 0.000770 0.187413 0.009210 2.277230
0.745195 0.024268 0.021748 0.011430 0.000767 0.187372 0.009221 2.279597
0.745098 0.024356 0.021739 0.011428 0.000768 0.187380 0.009231 2.281935
0.745035 0.024365 0.021723 0.011479 0.000766 0.187392 0.009239 2.284314
0.745101 0.024285 0.021734 0.011476 0.000761 0.187393 0.009250 2.286692
0.745100 0.024249 0.021780 0.011517 0.000758 0.187337 0.009258 2.289077
0.745073 0.024307 0.021781 0.011518 0.000754 0.187297 0.009269 2.291404
0.745104 0.024295 0.021822 0.011548 0.000756 0.187198 0.009277 2.293760
0.745046 0.024360 0.021826 0.011545 0.000757 0.187180 0.009286 2.296123
0.745015 0.024257 0.021807 0.011528 0.000768 0.187333 0.009293 2.298538
0.744941 0.024297 0.021765 0.011494 0.000760 0.187438 0.009304 2.300864
0.744887 0.024345 0.021739 0.011463 0.000762 0.187488 0.009315 2.303227
0.744881 0.024287 0.021753 0.011493 0.000762 0.187503 0.009322 2.305616
0.744889 0.024243 0.021752 0.011526 0.000772 0.187490 0.009327 2.308024
0.744894 0.024251 0.021697 0.011509 0.000762 0.187546 0.009341 2.310347
0.744877 0.024233 0.021676 0.011510 0.000763 0.187591 0.009350 2.312723
0.744987 0.024163 0.021716 0.011470 0.000759 0.187546 0.009359 2.315100
0.744954 0.024160 0.021685 0.011510 0.000755 0.187568 0.009369 2.317444
0.744894 0.024151 0.021756 0.011549 0.000754 0.187517 0.009380 2.319846
0.744832 0.024200 0.021751 0.011545 0.000744 0.187536 0.009392 2.322177
0.744822 0.024128 0.021784 0.011584 0.000745 0.187534 0.009402 2.324596
0.744858 0.024057 0.021800 0.011582 0.000736 0.187554 0.009414 2.327009
0.744861 0.024065 0.021698 0.011528 0.000743 0.187684 0.009422 2.329337
0.744912 0.024083 0.021667 0.011506 0.000744 0.187657 0.009431 2.331652
0.744958 0.024054 0.021668 0.011496 0.000750 0.187632 0.009443 2.333985
0.744908 0.024033 0.021659 0.011472 0.000750 0.187730 0.009449 2.336362
0.744896 0.023982 0.021610 0.011435 0.000753 0.187865 0.009458 2.338733
0.744867 0.023984 0.021591 0.011370 0.000749 0.187969 0.009471 2.341046
0.744883 0.023977 0.021564 0.011387 0.000742 0.187963 0.009485 2.343411
0.744889 0.024046 0.021488 0.011411 0.000737 0.187936 0.009494 2.345704
0.744879 0.024009 0.021491 0.011399 0.000734 0.187985 0.009504 2.348053
0.744845 0.024032 0.021499 0.011385 0.000742 0.187988 0.009509 2.350398
0.744860 0.024078 0.021507 0.011333 0.000747 0.187958 0.009518 2.352710
0.744904 0.024142 0.021487 0.011300 0.000751 0.187886 0.009531 2.354990
0.744874 0.024088 0.021556 0.011353 0.000753 0.187836 0.009542 2.357398
0.744896 0.024070 0.021603 0.011395 0.000747 0.187739 0.009551 2.359771
0.744871 0.024109 0.021581 0.011400 0.000751 0.187728 0.009560 2.362123
0.744703 0.024130 0.021604 0.011440 0.000758 0.187795 0.009571 2.364524
0.744632 0.024132 0.021563 0.011469 0.000749 0.187871 0.009584 2.366933
0.744654 0.024056 0.021582 0.011469 0.000747 0.187900 0.009593 2.369322
0.744630 0.024163 0.021588 0.011438 0.000753 0.187826 0.009602 2.371633
0.744608 0.024160 0.021560 0.011465 0.000751 0.187844 0.009611 2.374022
0.744607 0.024089 0.021579 0.011478 0.000747 0.187876 0.009626 2.376415
0.744666 0.024024 0.021586 0.011446 0.000747 0.187897 0.009634 2.378773
0.744663 0.023996 0.021604 0.011400 0.000739 0.187952 0.009645 2.381155
0.744699 0.023910 0.021544 0.011362 0.000750 0.188083 0.009653 2.383516
0.744674 0.023880 0.021548 0.011385 0.000746 0.188104 0.009664 2.385877
0.744795 0.023752 0.021610 0.011402 0.000741 0.188034 0.009668 2.388303
0.744841 0.023780 0.021568 0.011435 0.000744 0.187956 0.009677 2.390602
0.744874 0.023710 0.021624 0.011447 0.000748 0.187907 0.009688 2.392972
0.744937 0.023728 0.021569 0.011457 0.000741 0.187867 0.009702 2.395255
0.744976 0.023632 0.021570 0.011479 0.000745 0.187891 0.009708 2.397639
0.745082 0.023640 0.021538 0.011464 0.000743 0.187816 0.009717 2.399926
0.745171 0.023613 0.021524 0.011448 0.000746 0.187775 0.009724 2.402248
0.745175 0.023679 0.021483 0.011442 0.000748 0.187743 0.009730 2.404560
0.745230 0.023631 0.021404 0.011489 0.000745 0.187762 0.009739 2.406862
0.745236 0.023607 0.021420 0.011481 0.000749 0.187761 0.009747 2.409188
0.745336 0.023564 0.021401 0.011455 0.000751 0.187740 0.009753 2.411481
0.745309 0.023586 0.021387 0.011444 0.000750 0.187760 0.009765 2.413799
0.745367 0.023528 0.021407 0.011462 0.000755 0.187706 0.009774 2.416130
0.745413 0.023460 0.021447 0.011475 0.000759 0.187667 0.009779 2.418497
0.745472 0.023403 0.021440 0.011458 0.000756 0.187686 0.009785 2.420818
0.745578 0.023400 0.021408 0.011417 0.000754 0.187648 0.009795 2.423089
0.745474 0.023548 0.021341 0.011382 0.000760 0.187689 0.009806 2.425360
0.745519 0.023556 0.021309 0.011337 0.000763 0.187700 0.009817 2.427628
0.745498 0.023606 0.021300 0.011292 0.000760 0.187717 0.009827 2.429934
0.745600 0.023561 0.021318 0.011279 0.000753 0.187649 0.009841 2.432230
0.745674 0.023569 0.021305 0.011268 0.000752 0.187582 0.009849 2.434514
0.745737 0.023616 0.021310 0.011215 0.000747 0.187518 0.009857 2.436812
0.745819 0.023543 0.021329 0.011284 0.000740 0.187417 0.009868 2.439159
0.745788 0.023544 0.021341 0.011303 0.000739 0.187411 0.009875 2.441492
0.745827 0.023568 0.021294 0.011299 0.000737 0.187386 0.009889 2.443821
0.745862 0.023544 0.021291 0.011351 0.000734 0.187321 0.009899 2.446167
0.745878 0.023553 0.021287 0.011360 0.000733 0.187282 0.009908 2.448487
0.745789 0.023631 0.021345 0.011373 0.000734 0.187212 0.009918 2.450790
0.745736 0.023683 0.021277 0.011330 0.000739 0.187307 0.009927 2.453078
0.745811 0.023655 0.021265 0.011322 0.000747 0.187266 0.009935 2.455391
0.745848 0.023676 0.021269 0.011305 0.000755 0.187202 0.009946 2.457699
0.745734 0.023773 0.021268 0.011293 0.000751 0.187224 0.009958 2.460032
0.745743 0.023683 0.021333 0.011330 0.000742 0.187197 0.009973 2.462476
0.745802 0.023674 0.021324 0.011334 0.000733 0.187148 0.009986 2.464793
0.745870 0.023709 0.021309 0.011279 0.000722 0.187113 0.009998 2.467068
0.745881 0.023655 0.021345 0.011262 0.000720 0.187130 0.010006 2.469418
0.745897 0.023716 0.021362 0.011234 0.000722 0.187053 0.010016 2.471713
0.745933 0.023725 0.021351 0.011199 0.000721 0.187048 0.010023 2.474046
0.745889 0.023778 0.021357 0.011234 0.000714 0.186997 0.010030 2.476336
0.745818 0.023839 0.021302 0.011235 0.000719 0.187049 0.010037 2.478643
0.745778 0.023867 0.021302 0.011272 0.000729 0.187008 0.010044 2.480999
0.745708 0.023851 0.021321 0.011310 0.000725 0.187036 0.010050 2.483367
0.745675 0.023828 0.021344 0.011314 0.000728 0.187050 0.010061 2.485723
0.745645 0.023822 0.021403 0.011365 0.000722 0.186972 0.010071 2.488094
0.745675 0.023863 0.021407 0.011346 0.000724 0.186905 0.010080 2.490438
0.745620 0.023915 0.021446 0.011347 0.000729 0.186856 0.010087 2.492748
0.745528 0.023996 0.021447 0.011328 0.000728 0.186877 0.010097 2.495098
0.745500 0.024009 0.021496 0.011333 0.000725 0.186829 0.010110 2.497505
0.745443 0.023981 0.021489 0.011337 0.000723 0.186911 0.010118 2.499925
0.745414 0.024034 0.021449 0.011336 0.000725 0.186916 0.010126 2.502229
0.745380 0.023982 0.021492 0.011397 0.000728 0.186887 0.010134 2.504649
0.745379 0.023984 0.021484 0.011385 0.000734 0.186893 0.010142 2.506993
0.745350 0.023930 0.021498 0.011389 0.000747 0.186941 0.010146 2.509381
0.745369 0.023933 0.021483 0.011405 0.000746 0.186908 0.010157 2.511743
0.745356 0.023849 0.021534 0.011469 0.000749 0.186875 0.010167 2.514179
0.745389 0.023852 0.021588 0.011432 0.000757 0.186805 0.010176 2.516523
0.745319 0.023948 0.021583 0.011444 0.000757 0.186764 0.010185 2.518843
0.745357 0.023945 0.021593 0.011445 0.000755 0.186712 0.010194 2.521164
0.745301 0.023941 0.021625 0.011427 0.000756 0.186744 0.010206 2.523520
0.745293 0.023993 0.021569 0.011360 0.000761 0.186811 0.010216 2.525793
0.745306 0.023977 0.021580 0.011393 0.000759 0.186759 0.010227 2.528169
0.745293 0.023986 0.021581 0.011387 0.000754 0.186760 0.010238 2.530523
0.745268 0.023969 0.021590 0.011357 0.000747 0.186819 0.010251 2.532881
0.745274 0.023992 0.021533 0.011363 0.000742 0.186836 0.010262 2.535202
0.745226 0.024066 0.021450 0.011402 0.000740 0.186848 0.010269 2.537522
0.745258 0.024023 0.021431 0.011389 0.000742 0.186879 0.010279 2.539887
0.745262 0.023933 0.021452 0.011450 0.000740 0.186872 0.010291 2.542282
0.745296 0.023880 0.021510 0.011458 0.000737 0.186823 0.010297 2.544654
0.745313 0.023898 0.021466 0.011428 0.000735 0.186853 0.010308 2.546957
0.745387 0.023834 0.021492 0.011433 0.000735 0.186800 0.010319 2.549325
0.745419 0.023893 0.021464 0.011359 0.000745 0.186795 0.010325 2.551594
0.745371 0.023895 0.021458 0.011362 0.000737 0.186842 0.010336 2.553968
0.745370 0.023874 0.021477 0.011365 0.000733 0.186840 0.010343 2.556333
0.745347 0.023889 0.021550 0.011328 0.000730 0.186803 0.010353 2.558705
0.745283 0.023969 0.021474 0.011329 0.000730 0.186856 0.010360 2.561012
0.745239 0.024021 0.021504 0.011321 0.000729 0.186818 0.010369 2.563345
0.745279 0.024054 0.021510 0.011317 0.000735 0.186728 0.010377 2.565647
0.745321 0.023997 0.021516 0.011352 0.000742 0.186683 0.010389 2.568055
0.745257 0.024076 0.021514 0.011356 0.000747 0.186649 0.010401 2.570374
0.745228 0.024159 0.021485 0.011374 0.000745 0.186599 0.010410 2.572681
0.745202 0.024105 0.021532 0.011410 0.000744 0.186584 0.010422 2.575071
0.745183 0.024118 0.021565 0.011379 0.000746 0.186576 0.010433 2.577430
0.745176 0.024115 0.021572 0.011356 0.000745 0.186594 0.010442 2.579773
0.745136 0.024162 0.021507 0.011349 0.000744 0.186650 0.010450 2.582086
0.745101 0.024112 0.021458 0.011367 0.000739 0.186762 0.010460 2.584446
0.745100 0.024084 0.021493 0.011378 0.000735 0.186740 0.010470 2.586792
0.745082 0.024039 0.021411 0.011416 0.000734 0.186836 0.010481 2.589123
0.745024 0.024016 0.021433 0.011421 0.000735 0.186880 0.010490 2.591489
0.745055 0.023995 0.021362 0.011392 0.000743 0.186951 0.010502 2.593804
0.745110 0.023985 0.021332 0.011413 0.000745 0.186904 0.010510 2.596106
0.745210 0.023951 0.021344 0.011399 0.000748 0.186832 0.010517 2.598392
0.745247 0.023958 0.021337 0.011404 0.000751 0.186776 0.010529 2.600719
0.745133 0.023992 0.021358 0.011409 0.000756 0.186815 0.010536 2.603078
0.745219 0.023913 0.021313 0.011479 0.000751 0.186781 0.010544 2.605427
0.745305 0.023902 0.021322 0.011471 0.000753 0.186694 0.010553 2.607748
0.745286 0.023929 0.021365 0.011434 0.000760 0.186665 0.010560 2.610045
0.745318 0.023925 0.021318 0.011428 0.000763 0.186675 0.010573 2.612338
0.745294 0.023897 0.021342 0.011428 0.000766 0.186694 0.010579 2.614698
0.745353 0.023876 0.021334 0.011388 0.000771 0.186685 0.010592 2.617009
0.745424 0.023756 0.021290 0.011419 0.000765 0.186737 0.010608 2.619400
0.745492 0.023732 0.021250 0.011391 0.000766 0.186750 0.010618 2.621702
0.745494 0.023723 0.021225 0.011409 0.000756 0.186763 0.010630 2.624017
0.745546 0.023690 0.021207 0.011377 0.000748 0.186790 0.010642 2.626324
0.745649 0.023647 0.021191 0.011310 0.000747 0.186801 0.010654 2.628611
0.745721 0.023556 0.021166 0.011332 0.000744 0.186819 0.010663 2.630946
0.745716 0.023484 0.021149 0.011351 0.000750 0.186879 0.010671 2.633287
0.745775 0.023473 0.021146 0.011365 0.000748 0.186814 0.010678 2.635610
0.745846 0.023442 0.021163 0.011369 0.000744 0.186743 0.010692 2.637933
0.745917 0.023448 0.021182 0.011351 0.000741 0.186661 0.010701 2.640212
0.745948 0.023562 0.021086 0.011342 0.000748 0.186607 0.010708 2.642434
0.746019 0.023518 0.021086 0.011320 0.000749 0.186589 0.010719 2.644763
0.746092 0.023487 0.021089 0.011289 0.000749 0.186566 0.010728 2.647057
0.746083 0.023550 0.021093 0.011275 0.000742 0.186518 0.010738 2.649353
0.746135 0.023500 0.021105 0.011255 0.000737 0.186516 0.010751 2.651676
0.746175 0.023459 0.021082 0.011257 0.000736 0.186535 0.010757 2.653987
0.746307 0.023461 0.021109 0.011212 0.000737 0.186412 0.010762 2.656251
0.746369 0.023505 0.021042 0.011192 0.000730 0.186389 0.010773 2.658492
0.746456 0.023433 0.021061 0.011201 0.000732 0.186333 0.010784 2.660815
0.746513 0.023416 0.021080 0.011183 0.000738 0.186281 0.010791 2.663137
0.746574 0.023413 0.021075 0.011186 0.000736 0.186217 0.010798 2.665448
0.746608 0.023408 0.021158 0.011133 0.000744 0.186142 0.010806 2.667753
0.746745 0.023370 0.021118 0.011096 0.000736 0.186119 0.010816 2.670012
0.746799 0.023391 0.021103 0.011121 0.000738 0.186023 0.010825 2.672300
0.746844 0.023439 0.021097 0.011070 0.000734 0.185982 0.010835 2.674576
0.746773 0.023507 0.021093 0.011042 0.000738 0.186005 0.010842 2.676883
0.746800 0.023493 0.021097 0.011073 0.000730 0.185954 0.010853 2.679215
0.746821 0.023506 0.021060 0.011039 0.000731 0.185984 0.010860 2.681496
0.746930 0.023470 0.021045 0.010998 0.000730 0.185960 0.010868 2.683764
0.746905 0.023421 0.021042 0.010986 0.000733 0.186033 0.010878 2.686114
0.746877 0.023503 0.021010 0.010981 0.000730 0.186008 0.010891 2.688375
0.746904 0.023539 0.021039 0.010961 0.000735 0.185923 0.010899 2.690670
0.746967 0.023511 0.021059 0.010976 0.000734 0.185842 0.010910 2.692994
0.747006 0.023441 0.021134 0.011025 0.000726 0.185750 0.010918 2.695379
0.747116 0.023335 0.021174 0.011035 0.000732 0.185683 0.010925 2.697734
0.747224 0.023238 0.021174 0.011053 0.000725 0.185649 0.010938 2.700061
0.747375 0.023203 0.021131 0.011085 0.000715 0.185544 0.010947 2.702331
0.747459 0.023170 0.021110 0.011111 0.000724 0.185472 0.010955 2.704608
0.747531 0.023210 0.021046 0.011096 0.000729 0.185427 0.010961 2.706838
0.747445 0.023246 0.021018 0.011088 0.000724 0.185511 0.010969 2.709135
0.747450 0.023246 0.020973 0.011133 0.000722 0.185496 0.010980 2.711440
0.747492 0.023317 0.020911 0.011152 0.000721 0.185418 0.010988 2.713692
0.747503 0.023261 0.020937 0.011191 0.000728 0.185384 0.010996 2.716012
0.747585 0.023278 0.020867 0.011145 0.000729 0.185389 0.011007 2.718224
0.747653 0.023257 0.020924 0.011168 0.000728 0.185252 0.011019 2.720525
0.747632 0.023187 0.021003 0.011171 0.000726 0.185254 0.011028 2.722874
0.747661 0.023229 0.020972 0.011188 0.000724 0.185190 0.011035 2.725126
0.747677 0.023254 0.020966 0.011168 0.000733 0.185160 0.011043 2.727408
0.747734 0.023201 0.020906 0.011175 0.000737 0.185198 0.011050 2.729725
0.747857 0.023171 0.020839 0.011141 0.000731 0.185195 0.011065 2.731963
0.747917 0.023071 0.020917 0.011113 0.000727 0.185181 0.011074 2.734322
0.747942 0.023151 0.020860 0.011095 0.000726 0.185140 0.011085 2.736507
0.747962 0.023175 0.020844 0.011068 0.000728 0.185126 0.011096 2.738789
0.748025 0.023085 0.020868 0.011121 0.000725 0.185069 0.011107 2.741134
0.748020 0.023075 0.020880 0.011081 0.000731 0.185099 0.011115 2.743421
0.748073 0.023049 0.020834 0.011087 0.000721 0.185112 0.011125 2.745706
0.748080 0.023140 0.020780 0.011088 0.000724 0.185057 0.011130 2.747941
0.748090 0.023190 0.020738 0.011049 0.000722 0.185070 0.011141 2.750201
0.748224 0.023115 0.020799 0.011076 0.000724 0.184911 0.011150 2.752538
0.748258 0.023062 0.020787 0.011105 0.000722 0.184905 0.011160 2.754838
0.748434 0.022997 0.020790 0.011092 0.000721 0.184795 0.011171 2.757096
0.748504 0.022967 0.020863 0.011074 0.000723 0.184693 0.011178 2.759401
0.748568 0.022930 0.020907 0.011072 0.000721 0.184613 0.011189 2.761655
0.748647 0.022966 0.020885 0.011057 0.000719 0.184532 0.011195 2.763878
0.748691 0.023023 0.020836 0.011033 0.000720 0.184493 0.011205 2.766113
0.748668 0.023067 0.020867 0.011037 0.000720 0.184426 0.011215 2.768393
0.748625 0.023161 0.020799 0.011041 0.000720 0.184430 0.011225 2.770638
0.748694 0.023216 0.020773 0.011043 0.000721 0.184319 0.011234 2.772875
0.748699 0.023224 0.020805 0.011057 0.000719 0.184254 0.011244 2.775168
0.748731 0.023277 0.020781 0.011066 0.000724 0.184173 0.011249 2.777402
0.748826 0.023248 0.020769 0.011048 0.000724 0.184128 0.011257 2.779649
0.748843 0.023197 0.020795 0.011049 0.000714 0.184134 0.011268 2.781967
0.748836 0.023219 0.020833 0.011081 0.000715 0.184038 0.011278 2.784261
0.748852 0.023214 0.020856 0.011086 0.000717 0.183990 0.011286 2.786557
0.748844 0.023239 0.020881 0.011116 0.000710 0.183913 0.011296 2.788849
0.748923 0.023204 0.020950 0.011076 0.000710 0.183829 0.011309 2.791156
0.748928 0.023173 0.020943 0.011110 0.000720 0.183810 0.011317 2.793471
0.748957 0.023105 0.020906 0.011104 0.000716 0.183888 0.011326 2.795769
0.748940 0.023136 0.020938 0.011070 0.000717 0.183862 0.011338 2.798048
0.749021 0.023143 0.020935 0.011062 0.000729 0.183766 0.011345 2.800317
0.749065 0.023119 0.020893 0.011125 0.000728 0.183713 0.011356 2.802604
0.749172 0.023065 0.020947 0.011105 0.000724 0.183617 0.011369 2.804875
0.749189 0.023070 0.020895 0.011099 0.000735 0.183631 0.011380 2.807159
0.749182 0.023176 0.020846 0.011089 0.000736 0.183582 0.011389 2.809384
0.749204 0.023218 0.020881 0.011034 0.000741 0.183525 0.011397 2.811642
0.749235 0.023236 0.020920 0.011020 0.000731 0.183449 0.011409 2.813903
0.749231 0.023207 0.020989 0.011043 0.000730 0.183381 0.011419 2.816219
0.749266 0.023126 0.020999 0.011080 0.000734 0.183370 0.011427 2.818529
0.749341 0.023162 0.020969 0.011072 0.000733 0.183284 0.011439 2.820783
0.749329 0.023237 0.020931 0.011050 0.000730 0.183273 0.011451 2.823030
0.749324 0.023296 0.020866 0.011045 0.000727 0.183279 0.011463 2.825268
0.749348 0.023333 0.020833 0.011033 0.000720 0.183260 0.011473 2.827506
