0.347762 0.062457 0.055708 0.032098 0.002107 0.493889 0.005980 1.618941
0.349568 0.060811 0.055513 0.031997 0.002117 0.493987 0.006007 1.624945
0.351840 0.058886 0.055367 0.031768 0.002117 0.493986 0.006036 1.630792
0.354425 0.056751 0.055079 0.031461 0.002116 0.494109 0.006058 1.636477
0.357249 0.054646 0.054706 0.031186 0.002106 0.494023 0.006084 1.641938
0.360229 0.052481 0.054317 0.030830 0.002110 0.493922 0.006111 1.647227
0.363352 0.050404 0.053722 0.030437 0.002101 0.493846 0.006138 1.652247
0.366637 0.048311 0.053071 0.029939 0.002081 0.493792 0.006169 1.657147
0.370275 0.046221 0.052414 0.029497 0.002085 0.493312 0.006195 1.661899
0.373799 0.044416 0.051539 0.028952 0.002083 0.492987 0.006223 1.666359
0.377379 0.042638 0.050702 0.028395 0.002080 0.492558 0.006247 1.670673
0.381189 0.040981 0.049668 0.027803 0.002064 0.492022 0.006273 1.674706
0.385030 0.039477 0.048635 0.027236 0.002040 0.491280 0.006302 1.678610
0.388714 0.038001 0.047701 0.026642 0.002034 0.490582 0.006326 1.682403
0.392577 0.036620 0.046681 0.025991 0.002033 0.489744 0.006354 1.686056
0.396474 0.035314 0.045618 0.025348 0.002027 0.488844 0.006376 1.689560
0.400540 0.034013 0.044685 0.024683 0.002013 0.487667 0.006400 1.692954
0.404536 0.032840 0.043635 0.024107 0.001987 0.486467 0.006427 1.696238
0.408496 0.031741 0.042618 0.023573 0.001977 0.485145 0.006450 1.699445
0.412614 0.030679 0.041644 0.022969 0.001947 0.483666 0.006480 1.702530
0.416748 0.029720 0.040588 0.022427 0.001926 0.482082 0.006509 1.705458
0.420825 0.028838 0.039581 0.021885 0.001910 0.480428 0.006532 1.708365
0.424987 0.027966 0.038600 0.021359 0.001888 0.478644 0.006556 1.711139
0.429116 0.027194 0.037590 0.020792 0.001868 0.476857 0.006582 1.713795
0.433148 0.026331 0.036752 0.020254 0.001857 0.475052 0.006605 1.716537
0.437231 0.025604 0.035883 0.019655 0.001860 0.473143 0.006624 1.719112
0.441298 0.024972 0.034928 0.019236 0.001859 0.471064 0.006644 1.721627
0.445311 0.024347 0.033977 0.018737 0.001835 0.469122 0.006671 1.724086
0.449402 0.023734 0.033198 0.018215 0.001810 0.466941 0.006699 1.726433
0.453471 0.023203 0.032310 0.017717 0.001794 0.464774 0.006731 1.728743
0.457516 0.022730 0.031496 0.017207 0.001782 0.462516 0.006754 1.730984
0.461516 0.022247 0.030731 0.016811 0.001764 0.460157 0.006775 1.733217
0.465562 0.021885 0.029870 0.016404 0.001748 0.457741 0.006792 1.735317
0.469635 0.021394 0.029104 0.016076 0.001712 0.455267 0.006813 1.737462
0.473614 0.020958 0.028415 0.015686 0.001688 0.452799 0.006840 1.739566
0.477527 0.020564 0.027781 0.015299 0.001658 0.450305 0.006867 1.741623
0.481369 0.020262 0.027084 0.014917 0.001636 0.447843 0.006890 1.743566
0.485270 0.019941 0.026436 0.014544 0.001605 0.445290 0.006915 1.745565
0.489232 0.019570 0.025862 0.014179 0.001582 0.442638 0.006939 1.747508
0.493141 0.019250 0.025280 0.013811 0.001564 0.439995 0.006960 1.749386
0.497103 0.018922 0.024750 0.013523 0.001539 0.437187 0.006977 1.751266
0.500921 0.018646 0.024251 0.013230 0.001520 0.434435 0.006998 1.753134
0.504782 0.018410 0.023771 0.012910 0.001491 0.431617 0.007018 1.754956
0.508557 0.018289 0.023215 0.012582 0.001466 0.428851 0.007040 1.756704
0.512279 0.018138 0.022759 0.012313 0.001442 0.426013 0.007057 1.758477
0.515960 0.018036 0.022267 0.012028 0.001416 0.423216 0.007076 1.760204
0.519675 0.017943 0.021739 0.011814 0.001389 0.420342 0.007098 1.761905
0.523314 0.017839 0.021322 0.011556 0.001376 0.417481 0.007112 1.763624
0.526938 0.017696 0.020983 0.011349 0.001356 0.414549 0.007130 1.765358
0.530602 0.017526 0.020558 0.011150 0.001339 0.411682 0.007144 1.767045
0.534183 0.017365 0.020175 0.010965 0.001330 0.408826 0.007155 1.768760
0.537704 0.017308 0.019809 0.010762 0.001310 0.405936 0.007171 1.770422
0.541236 0.017215 0.019491 0.010607 0.001298 0.402966 0.007186 1.772091
0.544694 0.017090 0.019246 0.010461 0.001280 0.400026 0.007203 1.773780
0.548093 0.017067 0.018930 0.010311 0.001254 0.397125 0.007219 1.775428
0.551436 0.016984 0.018667 0.010189 0.001250 0.394244 0.007231 1.777093
0.554683 0.016877 0.018398 0.010103 0.001217 0.391470 0.007251 1.778783
0.557919 0.016833 0.018142 0.009968 0.001192 0.388682 0.007263 1.780418
0.561202 0.016710 0.017941 0.009866 0.001173 0.385830 0.007278 1.782088
0.564445 0.016654 0.017798 0.009762 0.001143 0.382906 0.007293 1.783764
0.567509 0.016640 0.017608 0.009681 0.001118 0.380138 0.007307 1.785407
0.570690 0.016629 0.017381 0.009560 0.001095 0.377319 0.007326 1.787012
0.573786 0.016543 0.017204 0.009445 0.001076 0.374604 0.007341 1.788670
0.576773 0.016558 0.017037 0.009344 0.001061 0.371871 0.007356 1.790273
0.579784 0.016553 0.016888 0.009282 0.001039 0.369088 0.007366 1.791929
0.582792 0.016476 0.016797 0.009228 0.001019 0.366307 0.007382 1.793608
0.585812 0.016492 0.016614 0.009136 0.001002 0.363547 0.007396 1.795189
0.588661 0.016532 0.016466 0.009031 0.000990 0.360912 0.007409 1.796811
0.591579 0.016538 0.016323 0.008950 0.000975 0.358217 0.007419 1.798415
0.594418 0.016539 0.016168 0.008888 0.000951 0.355605 0.007433 1.800007
0.597254 0.016508 0.016077 0.008829 0.000939 0.352949 0.007445 1.801645
0.600073 0.016533 0.016016 0.008724 0.000928 0.350269 0.007457 1.803255
0.602742 0.016602 0.015907 0.008669 0.000922 0.347692 0.007467 1.804862
0.605469 0.016629 0.015838 0.008627 0.000916 0.345043 0.007479 1.806491
0.608089 0.016670 0.015790 0.008568 0.000906 0.342485 0.007493 1.808139
0.610538 0.016769 0.015708 0.008507 0.000898 0.340075 0.007504 1.809769
0.613061 0.016797 0.015644 0.008459 0.000897 0.337627 0.007515 1.811407
0.615613 0.016827 0.015618 0.008435 0.000889 0.335095 0.007524 1.813075
0.618080 0.016876 0.015584 0.008384 0.000876 0.332666 0.007535 1.814727
0.620487 0.017001 0.015502 0.008347 0.000871 0.330246 0.007547 1.816333
0.622885 0.017108 0.015505 0.008316 0.000857 0.327765 0.007563 1.817988
0.625228 0.017132 0.015545 0.008282 0.000839 0.325396 0.007579 1.819678
0.627576 0.017181 0.015518 0.008268 0.000834 0.323035 0.007589 1.821354
0.629933 0.017192 0.015479 0.008289 0.000822 0.320687 0.007599 1.823068
0.632196 0.017285 0.015447 0.008304 0.000800 0.318356 0.007612 1.824761
0.634447 0.017339 0.015475 0.008313 0.000780 0.316023 0.007624 1.826477
0.636574 0.017389 0.015445 0.008328 0.000776 0.313854 0.007634 1.828195
0.638666 0.017500 0.015479 0.008328 0.000760 0.311624 0.007644 1.829875
0.640762 0.017617 0.015548 0.008305 0.000753 0.309360 0.007656 1.831613
0.642741 0.017814 0.015536 0.008280 0.000749 0.307213 0.007667 1.833281
0.644752 0.017947 0.015556 0.008305 0.000747 0.305019 0.007673 1.835022
0.646648 0.018083 0.015556 0.008301 0.000741 0.302987 0.007683 1.836757
0.648561 0.018226 0.015598 0.008305 0.000735 0.300884 0.007691 1.838510
0.650329 0.018409 0.015670 0.008325 0.000725 0.298839 0.007703 1.840302
0.652190 0.018514 0.015761 0.008346 0.000723 0.296756 0.007711 1.842106
0.653932 0.018734 0.015783 0.008364 0.000714 0.294752 0.007720 1.843881
0.655657 0.018828 0.015841 0.008383 0.000712 0.292847 0.007731 1.845733
0.657391 0.018996 0.015835 0.008392 0.000718 0.290934 0.007736 1.847514
0.659006 0.019099 0.015960 0.008428 0.000710 0.289053 0.007746 1.849364
0.660705 0.019211 0.016005 0.008504 0.000705 0.287114 0.007756 1.851215
0.662255 0.019283 0.016061 0.008554 0.000704 0.285378 0.007766 1.853105
0.663808 0.019381 0.016167 0.008605 0.000692 0.283572 0.007775 1.855006
0.665231 0.019550 0.016256 0.008648 0.000694 0.281839 0.007782 1.856919
0.666740 0.019633 0.016357 0.008704 0.000684 0.280091 0.007791 1.858875
0.668136 0.019811 0.016420 0.008723 0.000686 0.278427 0.007797 1.860764
0.669631 0.019935 0.016452 0.008786 0.000679 0.276712 0.007805 1.862661
0.671005 0.020026 0.016550 0.008856 0.000676 0.275074 0.007814 1.864647
0.672293 0.020196 0.016620 0.008884 0.000670 0.273516 0.007822 1.866580
0.673497 0.020375 0.016737 0.008897 0.000666 0.271997 0.007832 1.868564
0.674771 0.020533 0.016832 0.008942 0.000655 0.270423 0.007844 1.870536
0.676014 0.020657 0.016968 0.008997 0.000661 0.268850 0.007852 1.872536
0.677203 0.020758 0.017083 0.009038 0.000661 0.267397 0.007859 1.874639
0.678410 0.020890 0.017156 0.009101 0.000660 0.265914 0.007868 1.876690
0.679481 0.021034 0.017312 0.009181 0.000651 0.264468 0.007875 1.878759
0.680590 0.021198 0.017429 0.009278 0.000653 0.262966 0.007885 1.880827
0.681617 0.021301 0.017571 0.009364 0.000651 0.261609 0.007889 1.882956
0.682631 0.021447 0.017729 0.009377 0.000648 0.260270 0.007900 1.885062
0.683498 0.021628 0.017813 0.009489 0.000651 0.259014 0.007908 1.887209
0.684462 0.021752 0.017935 0.009524 0.000653 0.257759 0.007916 1.889328
0.685298 0.021976 0.018012 0.009578 0.000657 0.256552 0.007927 1.891430
0.686185 0.022213 0.018051 0.009637 0.000662 0.255321 0.007932 1.893520
0.687069 0.022342 0.018232 0.009699 0.000665 0.254055 0.007939 1.895721
0.687858 0.022481 0.018285 0.009761 0.000665 0.253003 0.007947 1.897902
0.688692 0.022726 0.018348 0.009783 0.000670 0.251823 0.007957 1.900018
0.689418 0.022843 0.018520 0.009879 0.000657 0.250714 0.007969 1.902286
0.690139 0.022990 0.018692 0.009919 0.000658 0.249626 0.007977 1.904530
0.690914 0.023062 0.018922 0.010025 0.000659 0.248432 0.007985 1.906820
0.691439 0.023268 0.019085 0.010119 0.000663 0.247434 0.007993 1.909095
0.692124 0.023394 0.019242 0.010143 0.000666 0.246431 0.008000 1.911380
0.692796 0.023584 0.019325 0.010233 0.000661 0.245393 0.008009 1.913636
0.693470 0.023667 0.019501 0.010310 0.000662 0.244375 0.008015 1.915950
0.694031 0.023737 0.019670 0.010408 0.000663 0.243468 0.008024 1.918320
0.694523 0.023853 0.019822 0.010467 0.000665 0.242638 0.008032 1.920693
0.695045 0.023992 0.019918 0.010521 0.000665 0.241819 0.008040 1.923040
0.695596 0.024124 0.020021 0.010587 0.000674 0.240948 0.008050 1.925407
0.696141 0.024182 0.020168 0.010655 0.000678 0.240116 0.008060 1.927821
0.696644 0.024289 0.020291 0.010732 0.000673 0.239299 0.008071 1.930238
0.697070 0.024491 0.020401 0.010782 0.000677 0.238498 0.008080 1.932562
0.697573 0.024536 0.020563 0.010827 0.000679 0.237730 0.008091 1.934977
0.698029 0.024645 0.020618 0.010919 0.000677 0.237010 0.008101 1.937371
0.698416 0.024759 0.020765 0.010984 0.000678 0.236291 0.008107 1.939843
0.698896 0.024830 0.020836 0.011038 0.000681 0.235604 0.008114 1.942255
0.699293 0.024955 0.020874 0.011133 0.000683 0.234938 0.008123 1.944692
0.699589 0.025047 0.020981 0.011229 0.000689 0.234336 0.008130 1.947183
0.700025 0.025140 0.021087 0.011294 0.000684 0.233630 0.008139 1.949674
0.700385 0.025265 0.021149 0.011330 0.000694 0.233030 0.008147 1.952129
0.700653 0.025377 0.021252 0.011370 0.000691 0.232500 0.008157 1.954654
0.701055 0.025542 0.021354 0.011369 0.000690 0.231821 0.008168 1.957058
0.701283 0.025698 0.021434 0.011415 0.000694 0.231300 0.008176 1.959546
0.701545 0.025763 0.021541 0.011488 0.000693 0.230785 0.008184 1.962117
0.701861 0.025847 0.021616 0.011577 0.000697 0.230210 0.008192 1.964626
0.702113 0.025875 0.021747 0.011712 0.000699 0.229652 0.008201 1.967231
0.702371 0.025972 0.021835 0.011769 0.000701 0.229142 0.008211 1.969760
0.702574 0.026126 0.021898 0.011766 0.000699 0.228717 0.008221 1.972253
0.702840 0.026240 0.021977 0.011805 0.000710 0.228200 0.008228 1.974780
0.703051 0.026331 0.022066 0.011861 0.000716 0.227740 0.008235 1.977321
0.703242 0.026391 0.022207 0.011869 0.000724 0.227326 0.008242 1.979912
0.703383 0.026411 0.022352 0.011958 0.000729 0.226915 0.008250 1.982567
0.703595 0.026411 0.022446 0.012046 0.000737 0.226506 0.008258 1.985193
0.703744 0.026448 0.022497 0.012110 0.000734 0.226199 0.008269 1.987801
0.703995 0.026462 0.022572 0.012168 0.000740 0.225786 0.008276 1.990391
0.704161 0.026518 0.022644 0.012183 0.000736 0.225471 0.008285 1.992991
0.704341 0.026638 0.022646 0.012233 0.000738 0.225109 0.008294 1.995527
0.704516 0.026676 0.022754 0.012253 0.000740 0.224757 0.008304 1.998119
0.704661 0.026695 0.022806 0.012301 0.000747 0.224476 0.008314 2.000716
0.704740 0.026787 0.022907 0.012348 0.000742 0.224152 0.008325 2.003357
0.704864 0.026836 0.022954 0.012404 0.000743 0.223862 0.008336 2.005973
0.705026 0.026895 0.023041 0.012397 0.000746 0.223545 0.008350 2.008583
0.705140 0.027023 0.023072 0.012377 0.000748 0.223280 0.008358 2.011121
0.705208 0.027037 0.023152 0.012372 0.000751 0.223111 0.008369 2.013763
0.705384 0.027008 0.023215 0.012436 0.000760 0.222821 0.008375 2.016438
0.705435 0.027094 0.023346 0.012458 0.000758 0.222523 0.008386 2.019091
0.705517 0.027149 0.023309 0.012542 0.000769 0.222321 0.008392 2.021714
0.705590 0.027164 0.023420 0.012508 0.000770 0.222147 0.008401 2.024360
0.705689 0.027159 0.023496 0.012539 0.000777 0.221929 0.008412 2.027005
0.705707 0.027274 0.023527 0.012525 0.000773 0.221772 0.008422 2.029588
0.705693 0.027303 0.023591 0.012557 0.000765 0.221656 0.008435 2.032310
0.705787 0.027294 0.023691 0.012562 0.000767 0.221453 0.008447 2.034996
0.705814 0.027330 0.023738 0.012562 0.000771 0.221329 0.008456 2.037665
0.705925 0.027253 0.023729 0.012648 0.000778 0.221199 0.008467 2.040400
0.705999 0.027251 0.023817 0.012666 0.000783 0.221008 0.008475 2.043074
0.705993 0.027301 0.023817 0.012725 0.000788 0.220888 0.008486 2.045768
0.706028 0.027333 0.023860 0.012767 0.000788 0.220726 0.008497 2.048457
0.706091 0.027335 0.023926 0.012777 0.000791 0.220571 0.008508 2.051127
0.706174 0.027317 0.023925 0.012775 0.000797 0.220496 0.008516 2.053792
0.706227 0.027304 0.023943 0.012801 0.000798 0.220399 0.008529 2.056470
0.706259 0.027346 0.023977 0.012821 0.000797 0.220261 0.008539 2.059128
0.706307 0.027355 0.023990 0.012845 0.000791 0.220157 0.008554 2.061809
0.706385 0.027377 0.024039 0.012863 0.000791 0.219980 0.008564 2.064459
0.706471 0.027412 0.024052 0.012851 0.000795 0.219844 0.008576 2.067133
0.706572 0.027361 0.024042 0.012881 0.000802 0.219758 0.008583 2.069824
0.706722 0.027268 0.024049 0.012909 0.000807 0.219651 0.008594 2.072526
0.706774 0.027350 0.024056 0.012851 0.000808 0.219555 0.008606 2.075167
0.706835 0.027351 0.024022 0.012849 0.000809 0.219519 0.008616 2.077805
0.707052 0.027281 0.023990 0.012869 0.000818 0.219367 0.008623 2.080444
0.707143 0.027293 0.024003 0.012849 0.000818 0.219260 0.008633 2.083126
0.707233 0.027317 0.024100 0.012793 0.000824 0.219089 0.008644 2.085766
0.707258 0.027383 0.024139 0.012726 0.000832 0.219007 0.008654 2.088362
0.707355 0.027415 0.024165 0.012750 0.000835 0.218817 0.008662 2.091042
0.707420 0.027341 0.024257 0.012782 0.000842 0.218685 0.008672 2.093785
0.707412 0.027382 0.024300 0.012810 0.000846 0.218567 0.008683 2.096473
0.707529 0.027387 0.024394 0.012784 0.000846 0.218367 0.008693 2.099115
0.707591 0.027386 0.024405 0.012805 0.000842 0.218265 0.008705 2.101782
0.707662 0.027360 0.024401 0.012775 0.000845 0.218240 0.008716 2.104420
0.707689 0.027300 0.024455 0.012818 0.000848 0.218163 0.008727 2.107145
0.707755 0.027298 0.024421 0.012878 0.000845 0.218065 0.008738 2.109800
0.707749 0.027346 0.024463 0.012843 0.000860 0.217994 0.008744 2.112447
0.707758 0.027449 0.024378 0.012861 0.000859 0.217939 0.008755 2.115041
0.707799 0.027467 0.024445 0.012877 0.000855 0.217789 0.008767 2.117738
0.707833 0.027388 0.024522 0.012903 0.000858 0.217716 0.008779 2.120528
0.707804 0.027570 0.024423 0.012839 0.000861 0.217709 0.008793 2.123094
0.707768 0.027558 0.024412 0.012912 0.000866 0.217678 0.008806 2.125813
0.707801 0.027590 0.024413 0.012925 0.000865 0.217588 0.008818 2.128486
0.707719 0.027651 0.024463 0.012904 0.000864 0.217566 0.008833 2.131146
0.707730 0.027631 0.024469 0.012893 0.000866 0.217569 0.008841 2.133832
0.707774 0.027539 0.024530 0.012911 0.000863 0.217535 0.008847 2.136579
0.707809 0.027521 0.024485 0.012930 0.000863 0.217539 0.008853 2.139243
0.707878 0.027539 0.024452 0.012947 0.000857 0.217463 0.008864 2.141895
0.707870 0.027508 0.024537 0.012952 0.000859 0.217400 0.008873 2.144636
0.707934 0.027578 0.024505 0.012896 0.000867 0.217338 0.008882 2.147270
0.707978 0.027478 0.024532 0.012952 0.000865 0.217305 0.008890 2.150005
0.708034 0.027360 0.024611 0.012972 0.000860 0.217262 0.008901 2.152794
0.708110 0.027309 0.024600 0.012955 0.000865 0.217248 0.008913 2.155462
0.708178 0.027330 0.024634 0.012984 0.000872 0.217078 0.008925 2.158103
0.708225 0.027391 0.024620 0.012946 0.000878 0.217003 0.008936 2.160744
0.708223 0.027331 0.024611 0.012985 0.000883 0.217017 0.008949 2.163467
0.708271 0.027317 0.024593 0.012980 0.000878 0.217002 0.008958 2.166133
0.708329 0.027280 0.024584 0.013011 0.000865 0.216960 0.008970 2.168810
0.708289 0.027316 0.024591 0.013010 0.000869 0.216939 0.008987 2.171501
0.708346 0.027313 0.024621 0.013020 0.000865 0.216841 0.008995 2.174158
0.708419 0.027274 0.024643 0.013038 0.000849 0.216765 0.009012 2.176843
0.708384 0.027318 0.024660 0.013056 0.000852 0.216710 0.009020 2.179516
0.708479 0.027296 0.024608 0.013057 0.000848 0.216685 0.009026 2.182147
0.708641 0.027231 0.024590 0.013060 0.000854 0.216588 0.009036 2.184811
0.708720 0.027285 0.024489 0.013016 0.000864 0.216582 0.009045 2.187376
0.708810 0.027234 0.024524 0.012947 0.000874 0.216556 0.009055 2.190058
0.708857 0.027231 0.024458 0.012952 0.000870 0.216567 0.009066 2.192683
0.708900 0.027290 0.024401 0.012902 0.000862 0.216567 0.009079 2.195295
0.708927 0.027311 0.024377 0.012876 0.000870 0.216552 0.009088 2.197950
0.708995 0.027196 0.024425 0.012910 0.000872 0.216504 0.009099 2.200707
0.709108 0.027167 0.024452 0.012910 0.000876 0.216376 0.009111 2.203364
0.709266 0.027077 0.024439 0.012916 0.000872 0.216306 0.009125 2.206074
0.709371 0.027076 0.024473 0.012917 0.000858 0.216165 0.009139 2.208737
0.709481 0.026920 0.024492 0.012910 0.000854 0.216192 0.009152 2.211440
0.709582 0.026988 0.024460 0.012841 0.000853 0.216113 0.009163 2.214040
0.709615 0.026963 0.024502 0.012827 0.000864 0.216059 0.009170 2.216698
0.709616 0.026974 0.024482 0.012788 0.000862 0.216095 0.009182 2.219314
0.709648 0.026933 0.024488 0.012801 0.000865 0.216071 0.009195 2.221990
0.709741 0.026842 0.024457 0.012845 0.000867 0.216042 0.009206 2.224686
0.709792 0.026800 0.024468 0.012817 0.000874 0.216037 0.009212 2.227357
0.709863 0.026818 0.024365 0.012817 0.000865 0.216046 0.009225 2.229956
0.709912 0.026796 0.024326 0.012810 0.000857 0.216063 0.009236 2.232587
0.709963 0.026719 0.024362 0.012826 0.000848 0.216035 0.009248 2.235270
0.710031 0.026738 0.024338 0.012848 0.000844 0.215939 0.009262 2.237924
0.710162 0.026752 0.024252 0.012791 0.000837 0.215930 0.009276 2.240512
0.710172 0.026801 0.024252 0.012769 0.000835 0.215881 0.009290 2.243138
0.710147 0.026771 0.024271 0.012781 0.000830 0.215901 0.009301 2.245819
0.710188 0.026825 0.024208 0.012700 0.000838 0.215933 0.009309 2.248440
0.710344 0.026729 0.024224 0.012726 0.000835 0.215821 0.009320 2.251112
0.710364 0.026727 0.024185 0.012726 0.000835 0.215839 0.009326 2.253731
0.710314 0.026826 0.024139 0.012703 0.000839 0.215840 0.009339 2.256309
0.710361 0.026894 0.024110 0.012671 0.000838 0.215779 0.009349 2.258875
0.710428 0.026894 0.024097 0.012651 0.000837 0.215735 0.009359 2.261513
0.710463 0.026852 0.024096 0.012705 0.000847 0.215669 0.009369 2.264200
0.710565 0.026853 0.024106 0.012725 0.000843 0.215529 0.009379 2.266856
0.710627 0.026900 0.024167 0.012721 0.000834 0.215358 0.009393 2.269508
0.710715 0.026941 0.024137 0.012710 0.000831 0.215262 0.009405 2.272100
0.710781 0.026998 0.024085 0.012652 0.000820 0.215245 0.009419 2.274701
0.710861 0.026944 0.024067 0.012661 0.000821 0.215218 0.009430 2.277326
0.710820 0.027001 0.024097 0.012663 0.000831 0.215148 0.009441 2.279955
0.710946 0.026965 0.024156 0.012641 0.000819 0.215022 0.009453 2.282589
0.710982 0.026858 0.024257 0.012651 0.000819 0.214968 0.009465 2.285328
0.710997 0.026871 0.024259 0.012657 0.000813 0.214930 0.009475 2.287965
0.711094 0.026898 0.024217 0.012651 0.000826 0.214832 0.009482 2.290551
0.711189 0.026906 0.024174 0.012632 0.000831 0.214778 0.009492 2.293180
0.711159 0.026891 0.024195 0.012680 0.000833 0.214739 0.009503 2.295883
0.711176 0.026964 0.024131 0.012736 0.000837 0.214641 0.009516 2.298488
0.711196 0.027024 0.024115 0.012729 0.000840 0.214566 0.009528 2.301107
0.711151 0.027043 0.024174 0.012711 0.000836 0.214548 0.009538 2.303791
0.711225 0.026997 0.024147 0.012725 0.000832 0.214523 0.009552 2.306473
0.711205 0.027034 0.024206 0.012731 0.000838 0.214427 0.009559 2.309115
0.711271 0.026998 0.024302 0.012755 0.000834 0.214271 0.009569 2.311819
0.711216 0.027054 0.024331 0.012743 0.000839 0.214233 0.009584 2.314475
0.711309 0.026976 0.024327 0.012775 0.000836 0.214184 0.009593 2.317141
0.711340 0.026933 0.024348 0.012785 0.000844 0.214150 0.009601 2.319802
0.711375 0.026930 0.024319 0.012753 0.000846 0.214166 0.009612 2.322421
0.711464 0.026907 0.024348 0.012770 0.000843 0.214049 0.009620 2.325063
0.711492 0.026892 0.024279 0.012793 0.000831 0.214076 0.009637 2.327682
0.711600 0.026831 0.024331 0.012787 0.000835 0.213969 0.009648 2.330338
0.711736 0.026810 0.024289 0.012818 0.000826 0.213863 0.009658 2.332934
0.711839 0.026769 0.024289 0.012828 0.000826 0.213780 0.009669 2.335575
0.711953 0.026757 0.024196 0.012795 0.000822 0.213796 0.009682 2.338143
0.712035 0.026754 0.024126 0.012777 0.000824 0.213793 0.009690 2.340745
0.712024 0.026757 0.024099 0.012772 0.000818 0.213831 0.009699 2.343403
0.712093 0.026754 0.024098 0.012750 0.000822 0.213774 0.009709 2.346040
0.712096 0.026793 0.024103 0.012738 0.000817 0.213734 0.009718 2.348633
0.712074 0.026799 0.024099 0.012757 0.000813 0.213727 0.009731 2.351280
0.712014 0.026787 0.024135 0.012754 0.000821 0.213749 0.009741 2.353940
0.712055 0.026818 0.024139 0.012764 0.000827 0.213649 0.009748 2.356518
0.712092 0.026839 0.024080 0.012764 0.000825 0.213645 0.009758 2.359086
0.712224 0.026795 0.024031 0.012752 0.000829 0.213606 0.009765 2.361692
0.712265 0.026717 0.024087 0.012735 0.000826 0.213595 0.009774 2.364379
0.712253 0.026726 0.024047 0.012770 0.000818 0.213600 0.009786 2.367035
0.712259 0.026714 0.024061 0.012765 0.000821 0.213588 0.009792 2.369668
0.712278 0.026773 0.024015 0.012765 0.000820 0.213548 0.009802 2.372274
0.712311 0.026791 0.023946 0.012766 0.000823 0.213553 0.009810 2.374864
0.712371 0.026726 0.024000 0.012777 0.000824 0.213483 0.009820 2.377536
0.712470 0.026765 0.023957 0.012789 0.000817 0.213373 0.009830 2.380090
0.712603 0.026687 0.023937 0.012773 0.000822 0.213340 0.009839 2.382740
0.712684 0.026670 0.023921 0.012726 0.000830 0.213320 0.009851 2.385337
0.712718 0.026670 0.023942 0.012722 0.000831 0.213254 0.009863 2.387947
0.712741 0.026728 0.023905 0.012721 0.000828 0.213202 0.009875 2.390514
0.712817 0.026731 0.023905 0.012698 0.000823 0.213142 0.009885 2.393075
0.712870 0.026670 0.023960 0.012687 0.000835 0.213083 0.009895 2.395717
0.713028 0.026561 0.023937 0.012722 0.000836 0.213010 0.009906 2.398367
0.713111 0.026605 0.023897 0.012693 0.000839 0.212941 0.009913 2.400920
0.713096 0.026713 0.023876 0.012686 0.000843 0.212863 0.009924 2.403477
0.713139 0.026763 0.023883 0.012693 0.000845 0.212747 0.009931 2.406041
0.713129 0.026812 0.023846 0.012728 0.000841 0.212704 0.009941 2.408666
0.713180 0.026786 0.023868 0.012703 0.000852 0.212662 0.009949 2.411259
0.713233 0.026828 0.023855 0.012645 0.000854 0.212630 0.009955 2.413884
0.713316 0.026809 0.023859 0.012626 0.000844 0.212582 0.009965 2.416491
0.713329 0.026766 0.023831 0.012600 0.000845 0.212655 0.009974 2.419115
0.713312 0.026789 0.023850 0.012590 0.000845 0.212633 0.009981 2.421683
0.713349 0.026814 0.023850 0.012632 0.000844 0.212517 0.009993 2.424282
0.713392 0.026779 0.023853 0.012636 0.000846 0.212490 0.010004 2.426908
0.713386 0.026807 0.023867 0.012670 0.000846 0.212408 0.010016 2.429555
0.713372 0.026790 0.023901 0.012634 0.000853 0.212426 0.010025 2.432164
0.713382 0.026818 0.023933 0.012653 0.000857 0.212322 0.010034 2.434754
0.713434 0.026755 0.023953 0.012685 0.000862 0.212266 0.010045 2.437400
0.713576 0.026734 0.023957 0.012715 0.000858 0.212105 0.010056 2.440018
0.713624 0.026711 0.023978 0.012707 0.000866 0.212048 0.010067 2.442622
0.713733 0.026698 0.023990 0.012710 0.000865 0.211923 0.010082 2.445226
0.713733 0.026697 0.024004 0.012689 0.000869 0.211916 0.010092 2.447816
0.713777 0.026766 0.023986 0.012703 0.000863 0.211801 0.010104 2.450404
0.713867 0.026684 0.023982 0.012714 0.000872 0.211769 0.010114 2.453042
0.713894 0.026705 0.023944 0.012710 0.000880 0.211747 0.010122 2.455615
0.713909 0.026720 0.023898 0.012698 0.000881 0.211758 0.010136 2.458218
0.713878 0.026829 0.023875 0.012669 0.000872 0.211732 0.010144 2.460800
0.713980 0.026793 0.023879 0.012660 0.000875 0.211661 0.010153 2.463402
0.713980 0.026858 0.023908 0.012649 0.000876 0.211567 0.010165 2.466007
0.713927 0.026947 0.023898 0.012666 0.000867 0.211516 0.010180 2.468590
0.713953 0.026900 0.023893 0.012664 0.000867 0.211532 0.010191 2.471223
0.713915 0.026969 0.023899 0.012667 0.000863 0.211486 0.010203 2.473813
0.713898 0.027015 0.023897 0.012651 0.000858 0.211464 0.010217 2.476433
0.713829 0.027032 0.023936 0.012646 0.000853 0.211474 0.010232 2.479059
0.713835 0.027063 0.023937 0.012616 0.000858 0.211452 0.010238 2.481678
0.713854 0.027054 0.023969 0.012625 0.000854 0.211400 0.010245 2.484350
0.713838 0.026993 0.024087 0.012602 0.000851 0.211373 0.010256 2.487038
0.713880 0.026929 0.024119 0.012581 0.000852 0.211372 0.010268 2.489691
0.713847 0.026955 0.024117 0.012600 0.000845 0.211350 0.010286 2.492318
0.713787 0.026918 0.024181 0.012653 0.000844 0.211325 0.010292 2.495001
0.713721 0.026900 0.024321 0.012663 0.000844 0.211247 0.010303 2.497719
0.713645 0.026830 0.024383 0.012649 0.000837 0.211338 0.010319 2.500442
0.713684 0.026828 0.024303 0.012694 0.000841 0.211323 0.010329 2.503044
0.713680 0.026789 0.024299 0.012701 0.000854 0.211341 0.010338 2.505665
0.713523 0.026823 0.024343 0.012676 0.000862 0.211427 0.010347 2.508318
0.713500 0.026890 0.024345 0.012673 0.000870 0.211366 0.010358 2.510919
0.713491 0.026805 0.024351 0.012664 0.000873 0.211446 0.010371 2.513590
0.713400 0.026889 0.024321 0.012686 0.000871 0.211455 0.010380 2.516180
0.713419 0.026827 0.024305 0.012726 0.000865 0.211465 0.010394 2.518869
0.713417 0.026828 0.024252 0.012678 0.000869 0.211551 0.010404 2.521522
0.713396 0.026748 0.024348 0.012701 0.000867 0.211527 0.010412 2.524196
0.713418 0.026673 0.024368 0.012728 0.000863 0.211528 0.010421 2.526862
0.713508 0.026629 0.024288 0.012741 0.000868 0.211535 0.010432 2.529474
0.713572 0.026625 0.024269 0.012703 0.000858 0.211527 0.010447 2.532074
0.713673 0.026548 0.024227 0.012707 0.000854 0.211532 0.010459 2.534674
0.713698 0.026551 0.024228 0.012736 0.000855 0.211464 0.010468 2.537298
0.713775 0.026509 0.024212 0.012701 0.000856 0.211471 0.010477 2.539910
0.713895 0.026479 0.024170 0.012692 0.000852 0.211420 0.010492 2.542472
0.714068 0.026467 0.024171 0.012654 0.000848 0.211289 0.010502 2.545081
0.714158 0.026459 0.024241 0.012675 0.000841 0.211109 0.010516 2.547723
0.714098 0.026480 0.024241 0.012671 0.000845 0.211136 0.010529 2.550334
0.714187 0.026474 0.024175 0.012657 0.000852 0.211117 0.010540 2.552918
0.714168 0.026494 0.024127 0.012688 0.000841 0.211133 0.010550 2.555518
0.714142 0.026490 0.024138 0.012702 0.000851 0.211117 0.010561 2.558146
0.714175 0.026481 0.024101 0.012690 0.000848 0.211133 0.010572 2.560723
0.714230 0.026468 0.024094 0.012704 0.000846 0.211075 0.010584 2.563347
0.714226 0.026506 0.024120 0.012726 0.000853 0.210977 0.010593 2.565944
0.714343 0.026485 0.024051 0.012713 0.000855 0.210951 0.010604 2.568506
0.714335 0.026527 0.024028 0.012688 0.000850 0.210959 0.010614 2.571072
0.714310 0.026545 0.024015 0.012674 0.000843 0.210988 0.010625 2.573699
0.714290 0.026642 0.024004 0.012638 0.000832 0.210962 0.010633 2.576230
0.714351 0.026681 0.024041 0.012611 0.000828 0.210845 0.010645 2.578810
0.714427 0.026680 0.024070 0.012609 0.000827 0.210731 0.010657 2.581397
0.714385 0.026742 0.023945 0.012559 0.000831 0.210870 0.010667 2.583950
0.714422 0.026763 0.023926 0.012552 0.000839 0.210823 0.010676 2.586549
0.714443 0.026851 0.023896 0.012539 0.000838 0.210746 0.010688 2.589119
0.714504 0.026797 0.023905 0.012570 0.000836 0.210688 0.010700 2.591757
0.714512 0.026782 0.023949 0.012569 0.000832 0.210648 0.010709 2.594413
0.714478 0.026785 0.023999 0.012555 0.000833 0.210630 0.010720 2.597025
0.714462 0.026810 0.023979 0.012554 0.000825 0.210637 0.010733 2.599599
0.714413 0.026891 0.023989 0.012534 0.000824 0.210608 0.010741 2.602186
0.714340 0.026926 0.023990 0.012527 0.000837 0.210631 0.010750 2.604822
0.714206 0.026964 0.023989 0.012519 0.000837 0.210722 0.010764 2.607484
0.714175 0.026929 0.024015 0.012570 0.000844 0.210692 0.010775 2.610149
0.714180 0.026894 0.024031 0.012593 0.000839 0.210676 0.010788 2.612787
0.714235 0.026850 0.024038 0.012622 0.000826 0.210628 0.010802 2.615429
0.714228 0.026769 0.024117 0.012656 0.000829 0.210588 0.010813 2.618113
0.714275 0.026732 0.024180 0.012651 0.000827 0.210509 0.010827 2.620774
0.714286 0.026688 0.024165 0.012691 0.000828 0.210506 0.010836 2.623424
0.714221 0.026635 0.024161 0.012730 0.000823 0.210580 0.010850 2.626058
0.714273 0.026553 0.024144 0.012741 0.000829 0.210606 0.010856 2.628695
0.714252 0.026531 0.024176 0.012706 0.000830 0.210634 0.010870 2.631312
0.714306 0.026579 0.024172 0.012682 0.000830 0.210550 0.010882 2.633899
0.714346 0.026557 0.024146 0.012683 0.000831 0.210542 0.010895 2.636455
0.714480 0.026434 0.024147 0.012676 0.000834 0.210525 0.010905 2.639060
0.714473 0.026455 0.024099 0.012660 0.000830 0.210566 0.010916 2.641629
0.714496 0.026479 0.024037 0.012641 0.000828 0.210593 0.010926 2.644207
0.714598 0.026514 0.023988 0.012637 0.000827 0.210503 0.010935 2.646757
0.714662 0.026493 0.024007 0.012613 0.000831 0.210449 0.010945 2.649349
0.714757 0.026462 0.024039 0.012566 0.000843 0.210377 0.010955 2.651927
0.714857 0.026402 0.024003 0.012592 0.000840 0.210341 0.010966 2.654533
0.714821 0.026413 0.023972 0.012570 0.000856 0.210396 0.010972 2.657123
0.714909 0.026435 0.023952 0.012591 0.000855 0.210276 0.010982 2.659705
0.714972 0.026474 0.023932 0.012584 0.000857 0.210190 0.010991 2.662290
0.714942 0.026478 0.023864 0.012640 0.000856 0.210215 0.011005 2.664871
0.715010 0.026520 0.023807 0.012603 0.000858 0.210190 0.011013 2.667425
0.715011 0.026567 0.023807 0.012599 0.000844 0.210147 0.011024 2.670037
0.715136 0.026550 0.023768 0.012607 0.000852 0.210054 0.011033 2.672619
0.715262 0.026489 0.023755 0.012576 0.000860 0.210015 0.011043 2.675168
0.715367 0.026440 0.023799 0.012556 0.000858 0.209927 0.011054 2.677786
0.715350 0.026427 0.023747 0.012576 0.000864 0.209974 0.011063 2.680374
0.715451 0.026401 0.023743 0.012530 0.000864 0.209939 0.011073 2.682958
0.715390 0.026408 0.023800 0.012500 0.000866 0.209954 0.011084 2.685566
0.715445 0.026389 0.023759 0.012472 0.000864 0.209975 0.011096 2.688135
0.715473 0.026405 0.023743 0.012502 0.000858 0.209911 0.011110 2.690720
0.715554 0.026447 0.023725 0.012477 0.000864 0.209813 0.011120 2.693258
0.715536 0.026433 0.023790 0.012479 0.000866 0.209764 0.011133 2.695907
0.715674 0.026319 0.023796 0.012514 0.000869 0.209685 0.011144 2.698522
0.715613 0.026343 0.023772 0.012507 0.000867 0.209743 0.011156 2.701088
0.715593 0.026303 0.023845 0.012543 0.000865 0.209684 0.011167 2.703734
0.715646 0.026304 0.023820 0.012528 0.000866 0.209659 0.011177 2.706316
0.715619 0.026287 0.023775 0.012541 0.000860 0.209734 0.011184 2.708949
0.715668 0.026255 0.023779 0.012554 0.000853 0.209698 0.011195 2.711535
0.715682 0.026257 0.023734 0.012585 0.000853 0.209682 0.011208 2.714118
0.715718 0.026284 0.023758 0.012557 0.000847 0.209617 0.011220 2.716684
0.715745 0.026226 0.023751 0.012541 0.000845 0.209659 0.011233 2.719296
0.715841 0.026245 0.023697 0.012514 0.000835 0.209623 0.011246 2.721800
0.715917 0.026219 0.023714 0.012510 0.000839 0.209546 0.011256 2.724392
0.715985 0.026188 0.023722 0.012501 0.000845 0.209494 0.011266 2.727032
0.716024 0.026095 0.023739 0.012540 0.000845 0.209479 0.011280 2.729640
0.716100 0.026197 0.023705 0.012492 0.000844 0.209369 0.011294 2.732126
0.716185 0.026201 0.023716 0.012500 0.000829 0.209261 0.011308 2.734709
0.716247 0.026170 0.023630 0.012534 0.000829 0.209273 0.011317 2.737266
0.716287 0.026149 0.023678 0.012471 0.000827 0.209259 0.011329 2.739808
0.716349 0.026193 0.023671 0.012458 0.000824 0.209163 0.011341 2.742358
0.716432 0.026154 0.023679 0.012457 0.000830 0.209097 0.011351 2.744907
0.716449 0.026226 0.023631 0.012461 0.000822 0.209049 0.011363 2.747412
0.716611 0.026176 0.023640 0.012475 0.000828 0.208899 0.011371 2.749997
0.716596 0.026246 0.023591 0.012474 0.000824 0.208886 0.011383 2.752512
0.716715 0.026198 0.023547 0.012485 0.000815 0.208845 0.011395 2.755083
0.716819 0.026199 0.023522 0.012476 0.000815 0.208762 0.011408 2.757617
0.716940 0.026171 0.023488 0.012466 0.000813 0.208705 0.011418 2.760162
0.716955 0.026127 0.023479 0.012479 0.000812 0.208720 0.011429 2.762752
0.716994 0.026104 0.023503 0.012454 0.000815 0.208689 0.011441 2.765318
0.717006 0.026144 0.023462 0.012426 0.000801 0.208706 0.011455 2.767835
0.717100 0.026166 0.023380 0.012415 0.000804 0.208669 0.011467 2.770355
0.717189 0.026103 0.023420 0.012382 0.000805 0.208618 0.011483 2.772931
0.717213 0.026108 0.023432 0.012438 0.000808 0.208507 0.011496 2.775536
0.717160 0.026271 0.023396 0.012392 0.000806 0.208471 0.011505 2.778045
0.717158 0.026309 0.023377 0.012366 0.000807 0.208470 0.011514 2.780601
0.717113 0.026279 0.023451 0.012390 0.000815 0.208428 0.011524 2.783229
0.717110 0.026297 0.023509 0.012382 0.000810 0.208353 0.011540 2.785798
0.717134 0.026275 0.023451 0.012428 0.000808 0.208351 0.011554 2.788398
0.717175 0.026203 0.023479 0.012455 0.000809 0.208318 0.011561 2.791020
0.717200 0.026287 0.023449 0.012428 0.000809 0.208256 0.011572 2.793538
0.717291 0.026259 0.023455 0.012464 0.000797 0.208152 0.011583 2.796113
0.717318 0.026335 0.023456 0.012457 0.000800 0.208037 0.011598 2.798616
0.717297 0.026372 0.023474 0.012442 0.000800 0.208008 0.011607 2.801182
0.717355 0.026357 0.023452 0.012466 0.000802 0.207951 0.011617 2.803755
0.717422 0.026360 0.023477 0.012471 0.000803 0.207839 0.011629 2.806329
0.717560 0.026287 0.023594 0.012466 0.000798 0.207653 0.011643 2.808922
0.717580 0.026305 0.023591 0.012491 0.000810 0.207572 0.011653 2.811475
0.717676 0.026284 0.023624 0.012468 0.000801 0.207483 0.011665 2.814026
0.717739 0.026285 0.023629 0.012456 0.000807 0.207414 0.011671 2.816601
0.717741 0.026274 0.023544 0.012485 0.000815 0.207460 0.011681 2.819180
0.717703 0.026254 0.023596 0.012431 0.000813 0.207515 0.011688 2.821766
0.717757 0.026206 0.023622 0.012419 0.000814 0.207484 0.011698 2.824376
0.717795 0.026185 0.023699 0.012423 0.000810 0.207379 0.011709 2.826979
0.717821 0.026160 0.023690 0.012493 0.000807 0.207306 0.011723 2.829587
0.717829 0.026159 0.023663 0.012498 0.000806 0.207312 0.011733 2.832181
0.717863 0.026205 0.023625 0.012546 0.000790 0.207223 0.011748 2.834760
0.717866 0.026257 0.023619 0.012466 0.000794 0.207239 0.011758 2.837313
0.717861 0.026264 0.023676 0.012487 0.000794 0.207151 0.011768 2.839910
0.717858 0.026318 0.023696 0.012484 0.000789 0.207077 0.011779 2.842481
0.717911 0.026280 0.023653 0.012472 0.000790 0.207104 0.011790 2.845047
0.717874 0.026329 0.023627 0.012435 0.000787 0.207150 0.011798 2.847629
0.717940 0.026273 0.023654 0.012453 0.000790 0.207081 0.011809 2.850247
0.717817 0.026316 0.023680 0.012488 0.000788 0.207093 0.011818 2.852852
0.717780 0.026367 0.023687 0.012473 0.000787 0.207076 0.011831 2.855413
0.717744 0.026382 0.023768 0.012459 0.000795 0.207014 0.011839 2.858023
0.717797 0.026302 0.023828 0.012495 0.000794 0.206935 0.011849 2.860691
0.717771 0.026288 0.023832 0.012499 0.000789 0.206963 0.011858 2.863323
0.717821 0.026297 0.023803 0.012499 0.000796 0.206917 0.011867 2.865894
0.717863 0.026279 0.023744 0.012522 0.000808 0.206911 0.011873 2.868480
0.717936 0.026291 0.023688 0.012563 0.000808 0.206834 0.011880 2.871015
0.717976 0.026281 0.023603 0.012570 0.000810 0.206871 0.011889 2.873576
0.718027 0.026285 0.023642 0.012590 0.000805 0.206749 0.011901 2.876183
0.717953 0.026360 0.023646 0.012558 0.000805 0.206769 0.011910 2.878730
0.717965 0.026473 0.023603 0.012499 0.000807 0.206734 0.011919 2.881245
0.717959 0.026449 0.023600 0.012557 0.000811 0.206696 0.011929 2.883850
0.717906 0.026519 0.023569 0.012534 0.000813 0.206721 0.011939 2.886402
0.717875 0.026540 0.023591 0.012532 0.000807 0.206706 0.011950 2.889022
0.717814 0.026584 0.023597 0.012493 0.000807 0.206744 0.011961 2.891614
0.717722 0.026610 0.023627 0.012484 0.000804 0.206780 0.011972 2.894217
0.717745 0.026676 0.023628 0.012441 0.000811 0.206718 0.011982 2.896770
0.717676 0.026759 0.023624 0.012443 0.000805 0.206700 0.011994 2.899338
0.717673 0.026756 0.023652 0.012431 0.000807 0.206680 0.012002 2.901959
0.717658 0.026682 0.023714 0.012461 0.000812 0.206664 0.012009 2.904620
0.717655 0.026730 0.023756 0.012429 0.000807 0.206602 0.012021 2.907175
0.717631 0.026682 0.023754 0.012396 0.000811 0.206697 0.012030 2.909770
0.717643 0.026666 0.023801 0.012395 0.000815 0.206642 0.012038 2.912374
0.717584 0.026678 0.023774 0.012429 0.000811 0.206674 0.012051 2.914986
0.717551 0.026669 0.023823 0.012345 0.000813 0.206732 0.012066 2.917588
0.717624 0.026615 0.023807 0.012379 0.000814 0.206685 0.012075 2.920200
0.717533 0.026673 0.023819 0.012400 0.000815 0.206676 0.012084 2.922811
0.717405 0.026717 0.023876 0.012332 0.000821 0.206756 0.012095 2.925416
0.717469 0.026683 0.023870 0.012358 0.000810 0.206703 0.012108 2.928032
0.717431 0.026733 0.023836 0.012426 0.000805 0.206650 0.012122 2.930647
0.717386 0.026700 0.023871 0.012430 0.000804 0.206680 0.012129 2.933308
0.717400 0.026763 0.023788 0.012471 0.000797 0.206642 0.012140 2.935919
0.717441 0.026692 0.023774 0.012543 0.000805 0.206594 0.012150 2.938560
0.717344 0.026818 0.023751 0.012540 0.000798 0.206585 0.012164 2.941134
0.717247 0.026838 0.023733 0.012561 0.000799 0.206650 0.012173 2.943760
0.717245 0.026853 0.023741 0.012496 0.000803 0.206683 0.012180 2.946315
0.717302 0.026824 0.023744 0.012482 0.000820 0.206640 0.012189 2.948923
0.717190 0.026854 0.023810 0.012480 0.000811 0.206657 0.012199 2.951552
0.717177 0.026786 0.023854 0.012451 0.000811 0.206708 0.012214 2.954194
0.717189 0.026804 0.023832 0.012456 0.000805 0.206695 0.012220 2.956790
0.717036 0.026909 0.023803 0.012453 0.000803 0.206761 0.012235 2.959396
0.716891 0.026898 0.023842 0.012542 0.000809 0.206775 0.012243 2.962105
0.716955 0.026808 0.023839 0.012584 0.000804 0.206754 0.012257 2.964759
0.716893 0.026774 0.023852 0.012579 0.000811 0.206828 0.012264 2.967385
0.716842 0.026729 0.023918 0.012588 0.000808 0.206840 0.012275 2.970045
0.716767 0.026675 0.024016 0.012544 0.000808 0.206905 0.012287 2.972726
0.716693 0.026604 0.024088 0.012559 0.000807 0.206952 0.012298 2.975401
0.716639 0.026704 0.024037 0.012511 0.000804 0.206997 0.012309 2.977958
0.716650 0.026696 0.024036 0.012499 0.000807 0.206993 0.012319 2.980581
0.716584 0.026669 0.024011 0.012536 0.000808 0.207063 0.012329 2.983215
0.716629 0.026656 0.023962 0.012479 0.000798 0.207133 0.012343 2.985810
0.716576 0.026638 0.023975 0.012512 0.000798 0.207147 0.012354 2.988430
0.716541 0.026645 0.023913 0.012517 0.000790 0.207227 0.012368 2.991019
0.716432 0.026731 0.023885 0.012544 0.000788 0.207243 0.012378 2.993579
0.716499 0.026701 0.023945 0.012538 0.000793 0.207139 0.012386 2.996222
0.716427 0.026753 0.023996 0.012553 0.000795 0.207082 0.012396 2.998822
0.716487 0.026689 0.024028 0.012585 0.000785 0.207019 0.012407 3.001473
0.716419 0.026702 0.024046 0.012554 0.000779 0.207081 0.012420 3.004081
0.716346 0.026653 0.024056 0.012570 0.000777 0.207170 0.012429 3.006738
0.716370 0.026695 0.024068 0.012533 0.000775 0.207121 0.012440 3.009308
0.716373 0.026707 0.024014 0.012530 0.000778 0.207148 0.012450 3.011893
0.716296 0.026672 0.023981 0.012549 0.000780 0.207259 0.012463 3.014541
0.716201 0.026700 0.023951 0.012605 0.000778 0.207295 0.012471 3.017177
0.716204 0.026754 0.023951 0.012586 0.000773 0.207254 0.012479 3.019760
0.716202 0.026725 0.023983 0.012605 0.000778 0.207218 0.012490 3.022407
