0.348314 0.062040 0.055702 0.031963 0.002131 0.493877 0.005973 1.618928
0.350687 0.059784 0.055518 0.031810 0.002124 0.494076 0.006001 1.624953
0.353738 0.057177 0.055136 0.031535 0.002113 0.494273 0.006027 1.630610
0.357434 0.054239 0.054753 0.031129 0.002099 0.494287 0.006059 1.636093
0.361413 0.051305 0.054268 0.030653 0.002098 0.494179 0.006083 1.641205
0.365598 0.048314 0.053767 0.030096 0.002107 0.494005 0.006114 1.646135
0.370144 0.045431 0.052996 0.029433 0.002096 0.493757 0.006144 1.650706
0.374706 0.042779 0.052079 0.028753 0.002095 0.493421 0.006168 1.654967
0.379347 0.040259 0.051149 0.028070 0.002089 0.492893 0.006192 1.659031
0.384148 0.037816 0.050054 0.027399 0.002071 0.492288 0.006224 1.662877
0.388941 0.035590 0.048879 0.026636 0.002054 0.491645 0.006255 1.666439
0.393800 0.033522 0.047556 0.025928 0.002061 0.490859 0.006276 1.669771
0.398859 0.031464 0.046383 0.025126 0.002035 0.489825 0.006308 1.672957
0.403849 0.029639 0.045068 0.024335 0.002025 0.488750 0.006336 1.675915
0.408754 0.027918 0.043784 0.023579 0.002005 0.487595 0.006365 1.678719
0.413814 0.026337 0.042441 0.022716 0.002000 0.486303 0.006389 1.681311
0.418969 0.024882 0.041085 0.021988 0.001974 0.484686 0.006417 1.683766
0.424146 0.023463 0.039828 0.021237 0.001960 0.482929 0.006438 1.686150
0.429338 0.022117 0.038478 0.020508 0.001939 0.481156 0.006464 1.688375
0.434470 0.020923 0.037244 0.019810 0.001916 0.479155 0.006483 1.690467
0.439644 0.019753 0.035963 0.019038 0.001888 0.477209 0.006507 1.692450
0.444793 0.018765 0.034683 0.018324 0.001865 0.475035 0.006536 1.694266
0.449999 0.017721 0.033455 0.017637 0.001838 0.472781 0.006568 1.696059
0.455160 0.016845 0.032159 0.016973 0.001797 0.470469 0.006597 1.697698
0.460426 0.015977 0.030953 0.016285 0.001783 0.467959 0.006618 1.699301
0.465608 0.015195 0.029787 0.015680 0.001739 0.465348 0.006643 1.700810
0.470664 0.014504 0.028634 0.015054 0.001719 0.462756 0.006668 1.702254
0.475764 0.013753 0.027564 0.014458 0.001691 0.460078 0.006693 1.703664
0.480846 0.013096 0.026464 0.013850 0.001661 0.457369 0.006715 1.704956
0.485941 0.012468 0.025469 0.013294 0.001634 0.454466 0.006728 1.706185
0.490988 0.011901 0.024494 0.012775 0.001616 0.451477 0.006749 1.707347
0.495969 0.011434 0.023514 0.012280 0.001584 0.448446 0.006773 1.708436
0.500963 0.010939 0.022648 0.011767 0.001558 0.445338 0.006789 1.709514
0.505934 0.010475 0.021768 0.011291 0.001525 0.442197 0.006811 1.710547
0.510841 0.010018 0.020922 0.010828 0.001497 0.439067 0.006830 1.711555
0.515696 0.009527 0.020116 0.010415 0.001465 0.435931 0.006850 1.712566
0.520691 0.009102 0.019361 0.009940 0.001442 0.432596 0.006868 1.713489
0.525543 0.008717 0.018578 0.009541 0.001411 0.429323 0.006888 1.714378
0.530411 0.008346 0.017851 0.009169 0.001381 0.425929 0.006913 1.715223
0.535217 0.007990 0.017166 0.008808 0.001351 0.422544 0.006925 1.716034
0.540015 0.007696 0.016445 0.008420 0.001324 0.419161 0.006941 1.716778
0.544836 0.007433 0.015754 0.008049 0.001301 0.415670 0.006957 1.717491
0.549602 0.007146 0.015110 0.007737 0.001273 0.412155 0.006977 1.718208
0.554273 0.006893 0.014540 0.007420 0.001239 0.408640 0.006994 1.718907
0.558926 0.006657 0.013935 0.007115 0.001216 0.405141 0.007010 1.719571
0.563598 0.006381 0.013380 0.006833 0.001187 0.401601 0.007021 1.720232
0.568180 0.006173 0.012925 0.006535 0.001156 0.397998 0.007034 1.720857
0.572729 0.005954 0.012442 0.006265 0.001135 0.394426 0.007049 1.721454
0.577253 0.005729 0.011954 0.005978 0.001109 0.390910 0.007066 1.722049
0.581757 0.005529 0.011505 0.005754 0.001080 0.387296 0.007079 1.722625
0.586156 0.005381 0.011032 0.005534 0.001042 0.383760 0.007094 1.723163
0.590583 0.005199 0.010613 0.005344 0.001012 0.380138 0.007110 1.723706
0.594949 0.005059 0.010189 0.005128 0.000992 0.376559 0.007124 1.724195
0.599270 0.004938 0.009826 0.004909 0.000964 0.372955 0.007138 1.724684
0.603504 0.004811 0.009433 0.004733 0.000942 0.369427 0.007149 1.725162
0.607718 0.004718 0.009080 0.004548 0.000907 0.365865 0.007164 1.725605
0.612001 0.004588 0.008760 0.004388 0.000886 0.362198 0.007179 1.726066
0.616215 0.004476 0.008425 0.004228 0.000861 0.358602 0.007193 1.726516
0.620344 0.004366 0.008104 0.004054 0.000836 0.355090 0.007206 1.726945
0.624432 0.004246 0.007815 0.003912 0.000822 0.351557 0.007217 1.727384
0.628584 0.004158 0.007506 0.003773 0.000805 0.347943 0.007230 1.727782
0.632629 0.004047 0.007240 0.003665 0.000782 0.344398 0.007239 1.728183
0.636579 0.003960 0.006993 0.003555 0.000761 0.340905 0.007248 1.728574
0.640554 0.003886 0.006774 0.003421 0.000741 0.337366 0.007258 1.728955
0.644445 0.003809 0.006516 0.003321 0.000724 0.333917 0.007266 1.729330
0.648230 0.003750 0.006300 0.003205 0.000703 0.330538 0.007275 1.729684
0.652032 0.003634 0.006112 0.003112 0.000685 0.327143 0.007282 1.730063
0.655789 0.003599 0.005913 0.002993 0.000667 0.323748 0.007293 1.730401
0.659622 0.003502 0.005757 0.002891 0.000650 0.320275 0.007303 1.730770
0.663310 0.003427 0.005565 0.002801 0.000639 0.316953 0.007306 1.731116
0.666977 0.003354 0.005383 0.002691 0.000613 0.313667 0.007315 1.731452
0.670615 0.003272 0.005232 0.002633 0.000591 0.310331 0.007326 1.731806
0.674188 0.003209 0.005058 0.002558 0.000580 0.307076 0.007332 1.732114
0.677720 0.003169 0.004917 0.002483 0.000563 0.303807 0.007341 1.732410
0.681311 0.003110 0.004784 0.002411 0.000549 0.300488 0.007349 1.732719
0.684853 0.003063 0.004645 0.002339 0.000526 0.297215 0.007359 1.733013
0.688307 0.002991 0.004517 0.002280 0.000515 0.294026 0.007363 1.733317
0.691695 0.002954 0.004373 0.002228 0.000499 0.290880 0.007372 1.733607
0.694968 0.002905 0.004273 0.002151 0.000481 0.287842 0.007380 1.733887
0.698317 0.002814 0.004173 0.002105 0.000462 0.284739 0.007390 1.734193
0.701610 0.002798 0.004026 0.002061 0.000448 0.281662 0.007396 1.734442
0.704972 0.002750 0.003930 0.001986 0.000441 0.278520 0.007401 1.734710
0.708170 0.002706 0.003844 0.001945 0.000435 0.275495 0.007404 1.734991
0.711411 0.002681 0.003724 0.001902 0.000430 0.272443 0.007409 1.735250
0.714531 0.002641 0.003662 0.001844 0.000419 0.269490 0.007414 1.735531
0.717660 0.002586 0.003579 0.001816 0.000401 0.266539 0.007420 1.735791
0.720727 0.002544 0.003509 0.001756 0.000388 0.263649 0.007427 1.736053
0.723797 0.002496 0.003442 0.001714 0.000378 0.260743 0.007432 1.736299
0.726779 0.002482 0.003354 0.001671 0.000365 0.257908 0.007442 1.736536
0.729821 0.002450 0.003255 0.001654 0.000350 0.255019 0.007450 1.736787
0.732810 0.002419 0.003200 0.001614 0.000342 0.252162 0.007454 1.737038
0.735701 0.002392 0.003133 0.001579 0.000335 0.249404 0.007459 1.737277
0.738518 0.002388 0.003043 0.001545 0.000321 0.246719 0.007466 1.737493
0.741385 0.002359 0.002990 0.001500 0.000311 0.243986 0.007471 1.737727
0.744258 0.002309 0.002948 0.001461 0.000300 0.241249 0.007476 1.737962
0.747068 0.002296 0.002873 0.001435 0.000292 0.238557 0.007481 1.738184
0.749831 0.002275 0.002797 0.001418 0.000286 0.235911 0.007483 1.738401
0.752601 0.002251 0.002746 0.001405 0.000283 0.233230 0.007485 1.738627
0.755327 0.002226 0.002711 0.001377 0.000274 0.230597 0.007489 1.738851
0.758015 0.002193 0.002685 0.001346 0.000262 0.228006 0.007494 1.739075
0.760654 0.002185 0.002631 0.001322 0.000258 0.225452 0.007499 1.739280
0.763293 0.002164 0.002566 0.001310 0.000250 0.222916 0.007502 1.739491
0.765813 0.002130 0.002524 0.001295 0.000239 0.220494 0.007507 1.739713
0.768346 0.002118 0.002486 0.001273 0.000232 0.218036 0.007510 1.739921
0.770887 0.002128 0.002453 0.001253 0.000226 0.215544 0.007512 1.740121
0.773329 0.002140 0.002422 0.001221 0.000222 0.213152 0.007514 1.740325
0.775761 0.002115 0.002387 0.001204 0.000215 0.210802 0.007517 1.740543
0.778246 0.002088 0.002353 0.001186 0.000213 0.208397 0.007519 1.740759
0.780649 0.002071 0.002327 0.001156 0.000206 0.206071 0.007521 1.740960
0.783042 0.002067 0.002289 0.001147 0.000199 0.203733 0.007524 1.741160
0.785385 0.002077 0.002243 0.001121 0.000191 0.201454 0.007529 1.741343
0.787686 0.002063 0.002243 0.001109 0.000188 0.199181 0.007530 1.741547
0.789961 0.002038 0.002216 0.001098 0.000188 0.196965 0.007533 1.741753
0.792210 0.002016 0.002207 0.001088 0.000185 0.194760 0.007535 1.741959
0.794416 0.002011 0.002164 0.001080 0.000183 0.192610 0.007537 1.742150
0.796627 0.001981 0.002131 0.001069 0.000182 0.190473 0.007539 1.742342
0.798807 0.001974 0.002115 0.001062 0.000179 0.188323 0.007541 1.742538
0.801033 0.001950 0.002079 0.001042 0.000176 0.186177 0.007544 1.742731
0.803124 0.001952 0.002052 0.001039 0.000171 0.184115 0.007548 1.742918
0.805217 0.001948 0.002018 0.001020 0.000165 0.182083 0.007551 1.743101
0.807296 0.001928 0.001995 0.001034 0.000158 0.180036 0.007554 1.743300
0.809350 0.001933 0.001968 0.001015 0.000150 0.178026 0.007557 1.743471
0.811367 0.001933 0.001956 0.001003 0.000147 0.176035 0.007560 1.743656
0.813445 0.001916 0.001945 0.001006 0.000141 0.173984 0.007562 1.743851
0.815379 0.001906 0.001939 0.001000 0.000142 0.172071 0.007564 1.744051
0.817341 0.001890 0.001917 0.000986 0.000136 0.170163 0.007567 1.744225
0.819209 0.001915 0.001914 0.000973 0.000134 0.168287 0.007569 1.744404
0.821123 0.001911 0.001910 0.000973 0.000131 0.166380 0.007571 1.744591
0.823050 0.001887 0.001906 0.000970 0.000128 0.164488 0.007572 1.744778
0.824857 0.001893 0.001878 0.000960 0.000128 0.162711 0.007574 1.744962
0.826716 0.001899 0.001856 0.000959 0.000126 0.160868 0.007576 1.745139
0.828507 0.001907 0.001830 0.000959 0.000120 0.159097 0.007580 1.745308
0.830289 0.001903 0.001809 0.000952 0.000120 0.157347 0.007581 1.745486
0.832032 0.001880 0.001806 0.000945 0.000116 0.155639 0.007583 1.745676
0.833808 0.001888 0.001803 0.000940 0.000116 0.153862 0.007583 1.745854
0.835507 0.001904 0.001798 0.000920 0.000115 0.152173 0.007584 1.746027
0.837198 0.001904 0.001775 0.000915 0.000114 0.150509 0.007586 1.746201
0.838920 0.001915 0.001751 0.000892 0.000113 0.148821 0.007588 1.746362
0.840570 0.001884 0.001758 0.000905 0.000112 0.147183 0.007589 1.746575
0.842205 0.001866 0.001765 0.000909 0.000113 0.145552 0.007590 1.746784
0.843863 0.001868 0.001741 0.000905 0.000108 0.143923 0.007591 1.746956
0.845459 0.001872 0.001749 0.000896 0.000106 0.142325 0.007593 1.747141
0.847040 0.001889 0.001740 0.000899 0.000105 0.140732 0.007596 1.747316
0.848576 0.001876 0.001738 0.000892 0.000104 0.139216 0.007599 1.747505
0.850105 0.001870 0.001732 0.000885 0.000103 0.137706 0.007601 1.747693
0.851632 0.001868 0.001731 0.000892 0.000099 0.136175 0.007603 1.747882
0.853097 0.001871 0.001737 0.000903 0.000100 0.134689 0.007604 1.748070
0.854608 0.001876 0.001731 0.000886 0.000099 0.133195 0.007605 1.748252
0.856064 0.001875 0.001738 0.000888 0.000095 0.131734 0.007606 1.748444
0.857496 0.001857 0.001724 0.000889 0.000093 0.130334 0.007607 1.748633
0.858954 0.001854 0.001725 0.000899 0.000091 0.128870 0.007608 1.748820
0.860351 0.001874 0.001733 0.000900 0.000090 0.127445 0.007608 1.749002
0.861790 0.001874 0.001729 0.000906 0.000089 0.126005 0.007608 1.749183
0.863096 0.001856 0.001732 0.000896 0.000083 0.124728 0.007610 1.749384
0.864421 0.001872 0.001724 0.000895 0.000084 0.123391 0.007612 1.749562
0.865771 0.001875 0.001704 0.000910 0.000084 0.122045 0.007612 1.749758
0.867135 0.001861 0.001727 0.000898 0.000088 0.120678 0.007612 1.749948
0.868427 0.001878 0.001722 0.000888 0.000087 0.119385 0.007614 1.750128
0.869672 0.001901 0.001700 0.000891 0.000086 0.118137 0.007615 1.750292
0.870957 0.001916 0.001707 0.000882 0.000088 0.116835 0.007616 1.750470
0.872215 0.001899 0.001718 0.000890 0.000086 0.115575 0.007617 1.750669
0.873480 0.001908 0.001719 0.000893 0.000083 0.114299 0.007619 1.750852
0.874646 0.001928 0.001716 0.000888 0.000085 0.113118 0.007620 1.751034
0.875855 0.001948 0.001714 0.000881 0.000083 0.111897 0.007623 1.751214
0.877072 0.001940 0.001726 0.000884 0.000082 0.110671 0.007625 1.751406
0.878268 0.001928 0.001719 0.000886 0.000081 0.109491 0.007626 1.751593
0.879411 0.001921 0.001736 0.000879 0.000080 0.108348 0.007627 1.751786
0.880549 0.001931 0.001735 0.000894 0.000078 0.107185 0.007628 1.751980
0.881664 0.001945 0.001732 0.000899 0.000077 0.106054 0.007629 1.752182
0.882802 0.001946 0.001745 0.000892 0.000078 0.104908 0.007630 1.752382
0.883882 0.001966 0.001758 0.000891 0.000079 0.103794 0.007631 1.752569
0.884942 0.001965 0.001770 0.000893 0.000077 0.102723 0.007632 1.752772
0.886023 0.001991 0.001765 0.000890 0.000076 0.101623 0.007633 1.752953
0.887084 0.002006 0.001759 0.000896 0.000074 0.100548 0.007633 1.753141
0.888106 0.002018 0.001775 0.000898 0.000073 0.099497 0.007634 1.753344
0.889043 0.002022 0.001799 0.000914 0.000070 0.098519 0.007634 1.753562
0.890052 0.002045 0.001801 0.000918 0.000069 0.097481 0.007634 1.753763
0.891035 0.002046 0.001805 0.000925 0.000066 0.096487 0.007637 1.753972
0.891999 0.002045 0.001813 0.000925 0.000064 0.095515 0.007638 1.754180
0.892918 0.002053 0.001810 0.000929 0.000064 0.094589 0.007638 1.754385
0.893830 0.002064 0.001813 0.000935 0.000065 0.093656 0.007638 1.754592
0.894711 0.002053 0.001818 0.000951 0.000063 0.092763 0.007640 1.754808
0.895592 0.002081 0.001803 0.000933 0.000066 0.091884 0.007641 1.754993
0.896477 0.002107 0.001805 0.000937 0.000064 0.090967 0.007644 1.755194
0.897359 0.002126 0.001791 0.000923 0.000065 0.090092 0.007645 1.755377
0.898234 0.002116 0.001813 0.000931 0.000062 0.089198 0.007647 1.755604
0.899068 0.002142 0.001810 0.000924 0.000061 0.088348 0.007647 1.755807
0.899858 0.002146 0.001852 0.000934 0.000064 0.087498 0.007647 1.756045
0.900695 0.002145 0.001878 0.000934 0.000066 0.086635 0.007648 1.756264
0.901518 0.002158 0.001865 0.000936 0.000063 0.085811 0.007649 1.756471
0.902261 0.002198 0.001881 0.000927 0.000061 0.085022 0.007650 1.756664
0.903045 0.002220 0.001863 0.000926 0.000062 0.084234 0.007651 1.756861
0.903782 0.002204 0.001882 0.000937 0.000063 0.083480 0.007652 1.757088
0.904536 0.002222 0.001886 0.000945 0.000062 0.082695 0.007653 1.757302
0.905252 0.002217 0.001904 0.000957 0.000061 0.081957 0.007654 1.757536
0.906005 0.002213 0.001908 0.000966 0.000060 0.081192 0.007655 1.757763
0.906703 0.002229 0.001913 0.000972 0.000060 0.080468 0.007656 1.757977
0.907397 0.002242 0.001928 0.000962 0.000060 0.079755 0.007656 1.758184
0.908087 0.002266 0.001925 0.000961 0.000060 0.079045 0.007657 1.758397
0.908770 0.002285 0.001921 0.000972 0.000059 0.078335 0.007658 1.758620
0.909420 0.002253 0.001944 0.000983 0.000061 0.077681 0.007659 1.758871
0.910068 0.002250 0.001960 0.000983 0.000062 0.077019 0.007659 1.759092
0.910699 0.002280 0.001980 0.000983 0.000062 0.076336 0.007660 1.759306
0.911326 0.002316 0.001995 0.000984 0.000062 0.075654 0.007663 1.759524
0.911935 0.002336 0.002007 0.000993 0.000063 0.075003 0.007663 1.759750
0.912559 0.002348 0.002001 0.001011 0.000062 0.074355 0.007663 1.759991
0.913180 0.002351 0.002005 0.001014 0.000061 0.073724 0.007665 1.760231
0.913786 0.002361 0.002013 0.000999 0.000060 0.073115 0.007665 1.760444
0.914335 0.002375 0.002014 0.001019 0.000057 0.072534 0.007666 1.760681
0.914913 0.002391 0.002015 0.001027 0.000061 0.071925 0.007666 1.760906
0.915468 0.002412 0.002014 0.001027 0.000061 0.071352 0.007668 1.761124
0.915979 0.002443 0.002009 0.001024 0.000062 0.070814 0.007668 1.761349
0.916547 0.002445 0.002036 0.001033 0.000063 0.070207 0.007668 1.761585
0.917060 0.002490 0.002047 0.001031 0.000064 0.069638 0.007670 1.761812
0.917533 0.002513 0.002071 0.001053 0.000063 0.069094 0.007671 1.762065
0.918042 0.002509 0.002090 0.001065 0.000065 0.068558 0.007671 1.762321
0.918541 0.002539 0.002082 0.001075 0.000064 0.068028 0.007671 1.762556
0.919022 0.002539 0.002115 0.001081 0.000064 0.067508 0.007672 1.762819
0.919476 0.002540 0.002139 0.001090 0.000064 0.067019 0.007674 1.763090
0.919930 0.002543 0.002144 0.001106 0.000061 0.066541 0.007675 1.763337
0.920366 0.002564 0.002167 0.001120 0.000061 0.066047 0.007675 1.763589
0.920806 0.002574 0.002179 0.001112 0.000064 0.065589 0.007675 1.763837
0.921228 0.002591 0.002186 0.001102 0.000067 0.065152 0.007675 1.764088
0.921621 0.002622 0.002208 0.001105 0.000067 0.064702 0.007676 1.764340
0.922061 0.002635 0.002221 0.001111 0.000067 0.064229 0.007676 1.764596
0.922454 0.002653 0.002247 0.001133 0.000068 0.063768 0.007678 1.764865
0.922803 0.002689 0.002240 0.001148 0.000068 0.063375 0.007678 1.765122
0.923168 0.002710 0.002255 0.001156 0.000069 0.062965 0.007678 1.765386
0.923531 0.002723 0.002253 0.001174 0.000072 0.062569 0.007678 1.765643
0.923877 0.002743 0.002242 0.001191 0.000070 0.062198 0.007680 1.765903
0.924213 0.002777 0.002247 0.001205 0.000065 0.061812 0.007682 1.766163
0.924562 0.002787 0.002287 0.001197 0.000064 0.061421 0.007683 1.766434
0.924936 0.002792 0.002296 0.001206 0.000064 0.061022 0.007683 1.766697
0.925250 0.002781 0.002323 0.001219 0.000064 0.060679 0.007684 1.766986
0.925554 0.002772 0.002349 0.001241 0.000065 0.060334 0.007684 1.767269
0.925877 0.002745 0.002383 0.001257 0.000067 0.059987 0.007684 1.767576
0.926195 0.002734 0.002391 0.001265 0.000067 0.059663 0.007685 1.767858
0.926570 0.002735 0.002404 0.001259 0.000067 0.059281 0.007685 1.768123
0.926906 0.002730 0.002420 0.001267 0.000067 0.058926 0.007685 1.768402
0.927183 0.002760 0.002410 0.001265 0.000067 0.058630 0.007686 1.768668
0.927466 0.002786 0.002412 0.001262 0.000066 0.058321 0.007687 1.768932
0.927774 0.002777 0.002441 0.001259 0.000069 0.057991 0.007688 1.769219
0.928083 0.002795 0.002432 0.001268 0.000069 0.057664 0.007688 1.769492
0.928368 0.002775 0.002478 0.001281 0.000067 0.057340 0.007690 1.769784
0.928660 0.002782 0.002492 0.001272 0.000070 0.057034 0.007691 1.770049
0.928930 0.002803 0.002507 0.001261 0.000069 0.056738 0.007692 1.770319
0.929186 0.002801 0.002524 0.001271 0.000068 0.056458 0.007692 1.770604
0.929438 0.002801 0.002550 0.001272 0.000068 0.056176 0.007694 1.770898
0.929709 0.002826 0.002532 0.001271 0.000070 0.055897 0.007694 1.771165
0.929953 0.002853 0.002524 0.001260 0.000073 0.055643 0.007694 1.771428
0.930200 0.002869 0.002552 0.001258 0.000076 0.055350 0.007694 1.771707
0.930467 0.002846 0.002533 0.001275 0.000074 0.055107 0.007697 1.771996
0.930720 0.002857 0.002543 0.001267 0.000074 0.054840 0.007698 1.772254
0.930926 0.002889 0.002539 0.001269 0.000073 0.054604 0.007699 1.772527
0.931113 0.002941 0.002533 0.001252 0.000075 0.054387 0.007700 1.772796
0.931333 0.002956 0.002555 0.001240 0.000079 0.054135 0.007701 1.773075
0.931561 0.002936 0.002578 0.001259 0.000079 0.053884 0.007703 1.773380
0.931716 0.002985 0.002569 0.001250 0.000077 0.053700 0.007704 1.773652
0.931942 0.002996 0.002567 0.001254 0.000075 0.053459 0.007706 1.773932
0.932146 0.002992 0.002596 0.001271 0.000075 0.053213 0.007707 1.774230
0.932312 0.002994 0.002602 0.001267 0.000078 0.053038 0.007708 1.774527
0.932539 0.002996 0.002616 0.001263 0.000077 0.052798 0.007709 1.774813
0.932745 0.003011 0.002639 0.001266 0.000075 0.052552 0.007711 1.775103
0.932947 0.003016 0.002649 0.001260 0.000076 0.052340 0.007711 1.775390
0.933106 0.003032 0.002685 0.001261 0.000078 0.052127 0.007712 1.775694
0.933306 0.003034 0.002694 0.001260 0.000076 0.051916 0.007714 1.775988
0.933489 0.003051 0.002710 0.001257 0.000077 0.051701 0.007715 1.776280
0.933629 0.003089 0.002723 0.001268 0.000079 0.051496 0.007716 1.776573
0.933775 0.003106 0.002721 0.001282 0.000079 0.051321 0.007716 1.776864
0.933960 0.003076 0.002730 0.001318 0.000079 0.051121 0.007717 1.777179
0.934116 0.003077 0.002752 0.001325 0.000075 0.050936 0.007719 1.777503
0.934291 0.003075 0.002762 0.001337 0.000074 0.050739 0.007722 1.777797
0.934449 0.003101 0.002759 0.001329 0.000077 0.050565 0.007722 1.778084
0.934588 0.003127 0.002737 0.001333 0.000078 0.050413 0.007723 1.778377
0.934706 0.003144 0.002749 0.001343 0.000077 0.050256 0.007725 1.778690
0.934813 0.003178 0.002745 0.001362 0.000078 0.050098 0.007726 1.778994
0.934953 0.003178 0.002761 0.001368 0.000077 0.049937 0.007727 1.779311
0.935035 0.003216 0.002760 0.001384 0.000075 0.049803 0.007728 1.779629
0.935172 0.003230 0.002756 0.001386 0.000076 0.049652 0.007729 1.779942
0.935263 0.003270 0.002767 0.001386 0.000076 0.049509 0.007729 1.780249
0.935348 0.003305 0.002782 0.001383 0.000077 0.049375 0.007731 1.780569
0.935467 0.003327 0.002811 0.001385 0.000077 0.049201 0.007732 1.780891
0.935554 0.003356 0.002833 0.001370 0.000076 0.049077 0.007734 1.781207
0.935657 0.003363 0.002839 0.001395 0.000079 0.048933 0.007734 1.781535
0.935757 0.003373 0.002848 0.001417 0.000078 0.048792 0.007735 1.781855
0.935832 0.003397 0.002848 0.001437 0.000077 0.048673 0.007736 1.782192
0.935944 0.003379 0.002846 0.001459 0.000074 0.048561 0.007737 1.782538
0.936053 0.003385 0.002841 0.001470 0.000072 0.048441 0.007738 1.782871
0.936103 0.003381 0.002871 0.001482 0.000073 0.048352 0.007738 1.783213
0.936189 0.003365 0.002901 0.001489 0.000077 0.048240 0.007739 1.783568
0.936286 0.003354 0.002922 0.001489 0.000078 0.048131 0.007740 1.783896
0.936357 0.003373 0.002930 0.001497 0.000078 0.048025 0.007741 1.784217
0.936441 0.003375 0.002933 0.001496 0.000081 0.047932 0.007741 1.784547
0.936538 0.003394 0.002922 0.001478 0.000082 0.047842 0.007743 1.784865
0.936628 0.003412 0.002909 0.001472 0.000084 0.047750 0.007745 1.785167
0.936703 0.003402 0.002919 0.001471 0.000084 0.047672 0.007747 1.785496
0.936806 0.003375 0.002940 0.001491 0.000085 0.047555 0.007748 1.785856
0.936888 0.003375 0.002929 0.001505 0.000085 0.047469 0.007749 1.786188
0.936938 0.003385 0.002932 0.001508 0.000084 0.047402 0.007751 1.786508
0.936980 0.003377 0.002956 0.001517 0.000083 0.047335 0.007752 1.786850
0.937014 0.003404 0.002961 0.001509 0.000084 0.047275 0.007753 1.787185
0.937082 0.003400 0.002981 0.001512 0.000083 0.047186 0.007755 1.787531
0.937152 0.003392 0.002981 0.001523 0.000083 0.047111 0.007757 1.787878
0.937220 0.003414 0.002993 0.001520 0.000085 0.047009 0.007758 1.788215
0.937273 0.003438 0.003000 0.001513 0.000085 0.046933 0.007759 1.788551
0.937328 0.003456 0.003024 0.001512 0.000083 0.046837 0.007760 1.788886
0.937352 0.003468 0.003058 0.001522 0.000083 0.046755 0.007761 1.789245
0.937364 0.003470 0.003069 0.001535 0.000085 0.046714 0.007762 1.789596
0.937397 0.003472 0.003073 0.001539 0.000084 0.046670 0.007764 1.789946
0.937437 0.003474 0.003083 0.001542 0.000086 0.046614 0.007765 1.790279
0.937486 0.003478 0.003097 0.001551 0.000086 0.046538 0.007765 1.790618
0.937511 0.003490 0.003089 0.001549 0.000087 0.046510 0.007765 1.790955
0.937549 0.003508 0.003103 0.001530 0.000089 0.046453 0.007766 1.791295
0.937562 0.003550 0.003115 0.001543 0.000091 0.046373 0.007767 1.791645
0.937557 0.003585 0.003100 0.001569 0.000091 0.046329 0.007768 1.791998
0.937620 0.003589 0.003101 0.001573 0.000092 0.046256 0.007769 1.792331
0.937660 0.003586 0.003098 0.001576 0.000094 0.046215 0.007771 1.792677
0.937675 0.003582 0.003121 0.001588 0.000093 0.046169 0.007772 1.793049
0.937697 0.003576 0.003117 0.001590 0.000097 0.046149 0.007773 1.793407
0.937725 0.003602 0.003134 0.001573 0.000094 0.046097 0.007774 1.793739
0.937740 0.003617 0.003151 0.001565 0.000095 0.046057 0.007775 1.794089
0.937758 0.003622 0.003158 0.001556 0.000093 0.046037 0.007777 1.794439
0.937770 0.003610 0.003171 0.001588 0.000094 0.045991 0.007777 1.794808
0.937771 0.003623 0.003195 0.001584 0.000092 0.045956 0.007778 1.795168
0.937777 0.003625 0.003211 0.001588 0.000094 0.045926 0.007779 1.795528
0.937782 0.003631 0.003222 0.001583 0.000094 0.045907 0.007780 1.795883
0.937806 0.003642 0.003234 0.001584 0.000094 0.045858 0.007782 1.796243
0.937852 0.003651 0.003225 0.001581 0.000094 0.045814 0.007782 1.796583
0.937842 0.003675 0.003218 0.001562 0.000096 0.045823 0.007783 1.796926
0.937844 0.003706 0.003219 0.001577 0.000094 0.045775 0.007784 1.797268
0.937865 0.003701 0.003238 0.001596 0.000093 0.045721 0.007786 1.797635
0.937863 0.003736 0.003250 0.001591 0.000093 0.045679 0.007789 1.797969
0.937851 0.003750 0.003262 0.001598 0.000094 0.045654 0.007790 1.798320
0.937849 0.003756 0.003258 0.001606 0.000093 0.045648 0.007791 1.798679
0.937845 0.003759 0.003275 0.001612 0.000092 0.045625 0.007792 1.799033
0.937878 0.003727 0.003294 0.001622 0.000092 0.045593 0.007794 1.799395
0.937858 0.003765 0.003313 0.001620 0.000093 0.045554 0.007796 1.799753
0.937838 0.003788 0.003332 0.001634 0.000096 0.045515 0.007797 1.800120
0.937825 0.003793 0.003383 0.001650 0.000097 0.045455 0.007798 1.800515
0.937811 0.003787 0.003391 0.001661 0.000095 0.045458 0.007798 1.800899
0.937808 0.003815 0.003398 0.001665 0.000097 0.045417 0.007800 1.801251
0.937816 0.003796 0.003415 0.001657 0.000100 0.045416 0.007800 1.801619
0.937793 0.003807 0.003401 0.001666 0.000101 0.045430 0.007802 1.801987
0.937785 0.003819 0.003376 0.001679 0.000106 0.045432 0.007802 1.802347
0.937759 0.003823 0.003410 0.001689 0.000109 0.045405 0.007804 1.802723
0.937777 0.003802 0.003435 0.001705 0.000106 0.045370 0.007805 1.803107
0.937757 0.003814 0.003447 0.001708 0.000108 0.045359 0.007807 1.803477
0.937739 0.003821 0.003422 0.001723 0.000109 0.045378 0.007807 1.803841
0.937688 0.003852 0.003392 0.001727 0.000107 0.045426 0.007808 1.804203
0.937673 0.003861 0.003378 0.001727 0.000108 0.045443 0.007809 1.804569
0.937675 0.003841 0.003402 0.001719 0.000114 0.045438 0.007811 1.804965
0.937654 0.003840 0.003417 0.001720 0.000113 0.045443 0.007813 1.805348
0.937629 0.003849 0.003416 0.001744 0.000109 0.045438 0.007814 1.805742
0.937615 0.003867 0.003414 0.001752 0.000112 0.045424 0.007815 1.806114
0.937614 0.003859 0.003417 0.001776 0.000110 0.045406 0.007817 1.806505
0.937566 0.003897 0.003405 0.001772 0.000112 0.045430 0.007817 1.806862
0.937543 0.003913 0.003403 0.001771 0.000115 0.045436 0.007820 1.807227
0.937521 0.003932 0.003397 0.001763 0.000115 0.045452 0.007821 1.807596
0.937511 0.003946 0.003411 0.001760 0.000114 0.045436 0.007822 1.807967
0.937487 0.003937 0.003402 0.001750 0.000116 0.045485 0.007822 1.808337
0.937459 0.003922 0.003431 0.001775 0.000114 0.045474 0.007825 1.808739
0.937435 0.003916 0.003447 0.001779 0.000111 0.045486 0.007826 1.809123
0.937409 0.003909 0.003466 0.001783 0.000111 0.045494 0.007828 1.809512
0.937401 0.003897 0.003468 0.001772 0.000113 0.045521 0.007828 1.809887
0.937369 0.003868 0.003501 0.001776 0.000116 0.045540 0.007830 1.810289
0.937330 0.003895 0.003509 0.001777 0.000112 0.045545 0.007832 1.810670
0.937325 0.003884 0.003507 0.001773 0.000110 0.045566 0.007834 1.811052
0.937274 0.003889 0.003514 0.001775 0.000112 0.045603 0.007835 1.811444
0.937235 0.003898 0.003519 0.001787 0.000110 0.045614 0.007836 1.811828
0.937228 0.003940 0.003517 0.001772 0.000110 0.045595 0.007838 1.812182
0.937237 0.003941 0.003511 0.001773 0.000109 0.045590 0.007838 1.812557
0.937194 0.003975 0.003516 0.001788 0.000109 0.045577 0.007841 1.812934
0.937150 0.003991 0.003529 0.001794 0.000109 0.045583 0.007842 1.813320
0.937112 0.003993 0.003551 0.001782 0.000109 0.045609 0.007844 1.813712
0.937096 0.004001 0.003539 0.001772 0.000105 0.045642 0.007846 1.814082
0.937082 0.003993 0.003526 0.001786 0.000107 0.045659 0.007846 1.814471
0.937065 0.003983 0.003503 0.001795 0.000109 0.045699 0.007847 1.814851
0.937032 0.003990 0.003516 0.001795 0.000105 0.045713 0.007849 1.815230
0.936993 0.003982 0.003528 0.001797 0.000104 0.045746 0.007850 1.815630
0.936953 0.004025 0.003510 0.001807 0.000106 0.045749 0.007850 1.815997
0.936945 0.004032 0.003524 0.001814 0.000106 0.045726 0.007852 1.816390
0.936904 0.004015 0.003564 0.001817 0.000105 0.045740 0.007854 1.816807
0.936882 0.003977 0.003589 0.001836 0.000105 0.045754 0.007856 1.817221
0.936820 0.004016 0.003603 0.001852 0.000102 0.045749 0.007859 1.817599
0.936812 0.004012 0.003594 0.001852 0.000102 0.045768 0.007860 1.817982
0.936778 0.004037 0.003579 0.001828 0.000105 0.045812 0.007862 1.818365
0.936744 0.004006 0.003605 0.001828 0.000103 0.045851 0.007864 1.818776
0.936722 0.004038 0.003560 0.001826 0.000105 0.045883 0.007866 1.819130
0.936692 0.004048 0.003558 0.001808 0.000101 0.045926 0.007869 1.819517
0.936660 0.004038 0.003568 0.001806 0.000102 0.045957 0.007869 1.819915
0.936623 0.004061 0.003568 0.001807 0.000104 0.045967 0.007870 1.820294
0.936574 0.004060 0.003579 0.001819 0.000105 0.045993 0.007871 1.820686
0.936539 0.004043 0.003579 0.001816 0.000106 0.046044 0.007874 1.821087
0.936519 0.004038 0.003578 0.001812 0.000106 0.046071 0.007875 1.821463
0.936498 0.004024 0.003590 0.001827 0.000105 0.046079 0.007877 1.821872
0.936430 0.004078 0.003585 0.001823 0.000104 0.046100 0.007879 1.822261
0.936406 0.004066 0.003595 0.001819 0.000104 0.046128 0.007881 1.822661
0.936353 0.004078 0.003618 0.001808 0.000108 0.046155 0.007881 1.823052
0.936319 0.004079 0.003606 0.001798 0.000106 0.046209 0.007883 1.823447
0.936300 0.004062 0.003616 0.001806 0.000107 0.046224 0.007884 1.823835
0.936254 0.004081 0.003632 0.001804 0.000107 0.046236 0.007885 1.824223
0.936190 0.004116 0.003644 0.001786 0.000108 0.046271 0.007886 1.824598
0.936129 0.004121 0.003663 0.001788 0.000108 0.046303 0.007888 1.824997
0.936097 0.004113 0.003675 0.001813 0.000106 0.046306 0.007889 1.825415
0.936081 0.004105 0.003678 0.001795 0.000107 0.046344 0.007890 1.825810
0.936058 0.004104 0.003674 0.001806 0.000108 0.046360 0.007891 1.826202
0.935992 0.004131 0.003667 0.001824 0.000111 0.046382 0.007892 1.826593
0.935922 0.004189 0.003680 0.001816 0.000110 0.046391 0.007892 1.826976
0.935893 0.004183 0.003704 0.001818 0.000112 0.046399 0.007892 1.827388
0.935872 0.004187 0.003694 0.001815 0.000113 0.046426 0.007894 1.827789
0.935848 0.004173 0.003731 0.001800 0.000111 0.046442 0.007896 1.828207
0.935786 0.004201 0.003735 0.001792 0.000110 0.046478 0.007897 1.828610
0.935746 0.004187 0.003746 0.001799 0.000111 0.046512 0.007899 1.829034
0.935771 0.004164 0.003756 0.001797 0.000113 0.046498 0.007900 1.829454
0.935740 0.004183 0.003728 0.001788 0.000111 0.046548 0.007902 1.829845
0.935745 0.004163 0.003743 0.001805 0.000111 0.046530 0.007902 1.830260
0.935679 0.004187 0.003744 0.001784 0.000112 0.046591 0.007904 1.830659
0.935657 0.004189 0.003763 0.001800 0.000112 0.046572 0.007906 1.831068
0.935648 0.004156 0.003753 0.001824 0.000110 0.046602 0.007907 1.831488
0.935612 0.004158 0.003781 0.001821 0.000111 0.046608 0.007907 1.831884
0.935585 0.004135 0.003774 0.001825 0.000112 0.046661 0.007908 1.832315
0.935580 0.004115 0.003788 0.001831 0.000113 0.046664 0.007908 1.832725
0.935554 0.004123 0.003791 0.001828 0.000110 0.046683 0.007911 1.833120
0.935530 0.004109 0.003795 0.001840 0.000112 0.046699 0.007913 1.833524
0.935515 0.004108 0.003793 0.001835 0.000111 0.046724 0.007914 1.833923
0.935508 0.004089 0.003810 0.001837 0.000108 0.046733 0.007916 1.834333
0.935496 0.004090 0.003826 0.001844 0.000110 0.046718 0.007917 1.834741
0.935449 0.004096 0.003840 0.001853 0.000107 0.046737 0.007919 1.835141
0.935433 0.004089 0.003857 0.001861 0.000113 0.046730 0.007919 1.835548
0.935387 0.004084 0.003842 0.001878 0.000116 0.046773 0.007920 1.835969
0.935372 0.004079 0.003866 0.001867 0.000117 0.046776 0.007922 1.836378
0.935362 0.004092 0.003819 0.001876 0.000119 0.046808 0.007924 1.836767
0.935379 0.004057 0.003813 0.001873 0.000121 0.046832 0.007925 1.837174
0.935370 0.004059 0.003813 0.001874 0.000118 0.046838 0.007928 1.837577
0.935351 0.004035 0.003806 0.001889 0.000117 0.046872 0.007929 1.837990
0.935334 0.004037 0.003788 0.001885 0.000118 0.046908 0.007930 1.838388
0.935297 0.004057 0.003781 0.001884 0.000119 0.046931 0.007931 1.838771
0.935252 0.004069 0.003771 0.001873 0.000114 0.046988 0.007933 1.839162
0.935248 0.004039 0.003740 0.001887 0.000113 0.047039 0.007934 1.839564
0.935229 0.004044 0.003734 0.001885 0.000113 0.047059 0.007935 1.839959
0.935195 0.004058 0.003724 0.001890 0.000117 0.047080 0.007936 1.840362
0.935208 0.004005 0.003724 0.001899 0.000115 0.047113 0.007936 1.840773
0.935185 0.004009 0.003742 0.001901 0.000112 0.047112 0.007939 1.841184
0.935178 0.004009 0.003730 0.001900 0.000113 0.047130 0.007940 1.841576
0.935144 0.004037 0.003728 0.001885 0.000111 0.047152 0.007943 1.841969
0.935115 0.004031 0.003748 0.001891 0.000112 0.047160 0.007943 1.842370
0.935095 0.004023 0.003735 0.001911 0.000114 0.047178 0.007944 1.842777
0.935070 0.004008 0.003762 0.001917 0.000116 0.047183 0.007944 1.843195
0.935059 0.004025 0.003746 0.001908 0.000116 0.047201 0.007945 1.843574
0.935055 0.003990 0.003748 0.001907 0.000116 0.047237 0.007947 1.843989
0.935066 0.003989 0.003737 0.001901 0.000118 0.047239 0.007948 1.844372
0.935070 0.003986 0.003739 0.001896 0.000115 0.047243 0.007952 1.844769
0.935037 0.004017 0.003728 0.001885 0.000115 0.047264 0.007953 1.845150
0.935048 0.003994 0.003726 0.001883 0.000114 0.047282 0.007954 1.845551
0.935039 0.004004 0.003707 0.001881 0.000111 0.047304 0.007954 1.845931
0.935031 0.004017 0.003699 0.001874 0.000112 0.047311 0.007956 1.846314
0.935010 0.003997 0.003709 0.001882 0.000113 0.047332 0.007956 1.846713
0.935012 0.003978 0.003691 0.001899 0.000114 0.047348 0.007958 1.847124
0.934989 0.003957 0.003683 0.001903 0.000112 0.047397 0.007959 1.847522
0.934993 0.003967 0.003682 0.001875 0.000114 0.047409 0.007959 1.847894
0.935006 0.003962 0.003678 0.001864 0.000116 0.047413 0.007961 1.848278
0.934986 0.003947 0.003683 0.001863 0.000115 0.047442 0.007962 1.848662
0.935001 0.003937 0.003673 0.001847 0.000113 0.047463 0.007966 1.849039
0.935001 0.003983 0.003630 0.001835 0.000112 0.047472 0.007967 1.849387
0.934940 0.004008 0.003631 0.001828 0.000111 0.047513 0.007970 1.849776
0.934949 0.004012 0.003633 0.001830 0.000107 0.047498 0.007972 1.850147
0.934941 0.004006 0.003628 0.001840 0.000109 0.047502 0.007974 1.850539
0.934961 0.003952 0.003667 0.001860 0.000109 0.047477 0.007975 1.850975
0.934960 0.003966 0.003637 0.001852 0.000107 0.047500 0.007977 1.851346
0.934972 0.003951 0.003644 0.001851 0.000107 0.047498 0.007978 1.851739
0.934958 0.003962 0.003653 0.001849 0.000111 0.047490 0.007978 1.852131
0.934968 0.003965 0.003618 0.001831 0.000110 0.047527 0.007981 1.852498
0.934967 0.003945 0.003603 0.001836 0.000112 0.047556 0.007982 1.852894
0.934962 0.003933 0.003608 0.001832 0.000112 0.047570 0.007984 1.853279
0.934987 0.003936 0.003594 0.001819 0.000111 0.047568 0.007985 1.853641
0.934975 0.003934 0.003581 0.001804 0.000110 0.047608 0.007988 1.854019
0.934970 0.003937 0.003575 0.001808 0.000111 0.047609 0.007990 1.854399
0.934955 0.003939 0.003573 0.001826 0.000115 0.047602 0.007991 1.854794
0.934923 0.003931 0.003586 0.001827 0.000116 0.047624 0.007992 1.855199
0.934912 0.003937 0.003594 0.001826 0.000116 0.047622 0.007993 1.855584
0.934949 0.003908 0.003586 0.001822 0.000117 0.047626 0.007993 1.855971
0.934969 0.003922 0.003587 0.001812 0.000117 0.047598 0.007994 1.856344
0.934986 0.003942 0.003569 0.001832 0.000121 0.047557 0.007994 1.856715
0.934981 0.003915 0.003587 0.001826 0.000122 0.047574 0.007996 1.857117
0.934953 0.003940 0.003595 0.001803 0.000120 0.047591 0.007997 1.857488
0.934943 0.003945 0.003573 0.001806 0.000121 0.047613 0.007998 1.857866
0.934963 0.003920 0.003551 0.001817 0.000121 0.047628 0.007999 1.858258
0.934935 0.003938 0.003569 0.001820 0.000118 0.047618 0.008001 1.858645
0.934940 0.003911 0.003586 0.001812 0.000120 0.047630 0.008002 1.859041
0.934938 0.003923 0.003597 0.001805 0.000121 0.047611 0.008005 1.859404
0.934967 0.003908 0.003595 0.001807 0.000124 0.047594 0.008006 1.859790
0.934987 0.003894 0.003592 0.001792 0.000122 0.047603 0.008009 1.860160
0.935012 0.003898 0.003602 0.001786 0.000119 0.047573 0.008011 1.860535
0.935042 0.003891 0.003599 0.001774 0.000120 0.047560 0.008013 1.860910
0.935057 0.003891 0.003600 0.001754 0.000120 0.047564 0.008014 1.861280
0.935077 0.003885 0.003619 0.001765 0.000121 0.047518 0.008015 1.861664
0.935077 0.003870 0.003619 0.001787 0.000121 0.047511 0.008015 1.862059
0.935090 0.003853 0.003627 0.001799 0.000121 0.047492 0.008017 1.862450
0.935087 0.003869 0.003614 0.001772 0.000124 0.047516 0.008018 1.862811
0.935082 0.003866 0.003629 0.001774 0.000123 0.047507 0.008020 1.863197
0.935140 0.003858 0.003627 0.001768 0.000121 0.047463 0.008021 1.863560
0.935139 0.003882 0.003601 0.001773 0.000119 0.047462 0.008024 1.863920
0.935126 0.003891 0.003612 0.001772 0.000116 0.047457 0.008025 1.864300
0.935137 0.003924 0.003579 0.001766 0.000120 0.047448 0.008026 1.864663
0.935135 0.003934 0.003589 0.001775 0.000118 0.047422 0.008027 1.865039
0.935140 0.003939 0.003598 0.001783 0.000119 0.047392 0.008028 1.865417
0.935140 0.003890 0.003632 0.001789 0.000116 0.047404 0.008029 1.865832
0.935165 0.003914 0.003581 0.001772 0.000120 0.047416 0.008031 1.866179
0.935137 0.003906 0.003585 0.001775 0.000118 0.047446 0.008032 1.866575
0.935151 0.003895 0.003588 0.001778 0.000120 0.047433 0.008035 1.866972
0.935149 0.003934 0.003591 0.001750 0.000116 0.047421 0.008038 1.867337
0.935137 0.003923 0.003604 0.001753 0.000117 0.047426 0.008039 1.867729
0.935139 0.003900 0.003605 0.001751 0.000117 0.047446 0.008040 1.868122
0.935149 0.003868 0.003630 0.001761 0.000115 0.047435 0.008042 1.868521
0.935148 0.003871 0.003623 0.001762 0.000113 0.047438 0.008044 1.868892
0.935158 0.003866 0.003606 0.001770 0.000114 0.047439 0.008046 1.869266
0.935162 0.003852 0.003597 0.001770 0.000114 0.047457 0.008047 1.869652
0.935158 0.003860 0.003590 0.001762 0.000115 0.047467 0.008048 1.870019
0.935179 0.003876 0.003554 0.001764 0.000112 0.047462 0.008053 1.870383
0.935147 0.003891 0.003542 0.001767 0.000112 0.047487 0.008054 1.870753
0.935165 0.003898 0.003555 0.001775 0.000111 0.047441 0.008056 1.871125
0.935180 0.003880 0.003560 0.001777 0.000110 0.047435 0.008059 1.871509
0.935190 0.003882 0.003549 0.001755 0.000108 0.047455 0.008061 1.871876
0.935195 0.003894 0.003519 0.001756 0.000104 0.047470 0.008063 1.872246
0.935213 0.003891 0.003507 0.001757 0.000101 0.047465 0.008065 1.872618
0.935213 0.003882 0.003504 0.001764 0.000102 0.047471 0.008066 1.873005
0.935230 0.003857 0.003488 0.001768 0.000101 0.047489 0.008068 1.873386
0.935219 0.003843 0.003485 0.001770 0.000100 0.047513 0.008069 1.873776
0.935244 0.003829 0.003492 0.001756 0.000102 0.047508 0.008069 1.874154
0.935288 0.003784 0.003504 0.001756 0.000104 0.047496 0.008069 1.874544
0.935330 0.003767 0.003485 0.001732 0.000106 0.047509 0.008071 1.874906
0.935331 0.003776 0.003498 0.001710 0.000105 0.047508 0.008072 1.875269
0.935328 0.003747 0.003514 0.001745 0.000105 0.047488 0.008073 1.875667
0.935341 0.003741 0.003520 0.001732 0.000108 0.047484 0.008074 1.876046
0.935371 0.003728 0.003533 0.001743 0.000109 0.047440 0.008075 1.876430
0.935356 0.003738 0.003532 0.001739 0.000110 0.047448 0.008076 1.876786
0.935356 0.003708 0.003550 0.001749 0.000112 0.047447 0.008077 1.877170
0.935366 0.003761 0.003514 0.001738 0.000113 0.047430 0.008077 1.877502
0.935379 0.003735 0.003508 0.001739 0.000112 0.047448 0.008079 1.877894
0.935426 0.003724 0.003489 0.001741 0.000117 0.047424 0.008080 1.878260
0.935441 0.003754 0.003469 0.001726 0.000119 0.047408 0.008082 1.878592
0.935496 0.003708 0.003477 0.001720 0.000119 0.047395 0.008084 1.878968
0.935550 0.003683 0.003474 0.001717 0.000123 0.047369 0.008085 1.879332
0.935562 0.003694 0.003463 0.001723 0.000123 0.047348 0.008087 1.879693
0.935589 0.003697 0.003455 0.001704 0.000124 0.047343 0.008088 1.880034
0.935607 0.003720 0.003455 0.001706 0.000122 0.047299 0.008090 1.880386
0.935610 0.003711 0.003468 0.001709 0.000122 0.047287 0.008092 1.880755
0.935618 0.003705 0.003472 0.001720 0.000121 0.047271 0.008093 1.881114
0.935676 0.003680 0.003469 0.001726 0.000122 0.047233 0.008094 1.881484
0.935685 0.003674 0.003485 0.001736 0.000121 0.047203 0.008096 1.881861
0.935717 0.003665 0.003458 0.001734 0.000118 0.047208 0.008100 1.882217
0.935728 0.003678 0.003446 0.001715 0.000119 0.047213 0.008101 1.882567
0.935725 0.003692 0.003450 0.001701 0.000123 0.047207 0.008102 1.882934
0.935757 0.003704 0.003464 0.001700 0.000119 0.047151 0.008106 1.883291
0.935745 0.003692 0.003504 0.001701 0.000120 0.047131 0.008106 1.883673
