0.369002 0.061810 0.054725 0.031535 0.002001 0.475306 0.005622 1.552766
0.370568 0.060277 0.054709 0.031467 0.002011 0.475320 0.005649 1.558744
0.372594 0.058441 0.054700 0.031228 0.002015 0.475344 0.005678 1.564520
0.374737 0.056616 0.054386 0.031013 0.002020 0.475522 0.005706 1.570088
0.377266 0.054574 0.054132 0.030711 0.002026 0.475562 0.005727 1.575552
0.379891 0.052622 0.053720 0.030336 0.002030 0.475650 0.005751 1.580817
0.382682 0.050798 0.053104 0.029958 0.002040 0.475641 0.005777 1.585775
0.385504 0.048904 0.052462 0.029623 0.002046 0.475663 0.005799 1.590656
0.388572 0.047063 0.051806 0.029241 0.002031 0.475454 0.005832 1.595394
0.391648 0.045221 0.051146 0.028871 0.002035 0.475224 0.005855 1.600037
0.394877 0.043524 0.050446 0.028337 0.002025 0.474905 0.005885 1.604435
0.398192 0.041983 0.049541 0.027805 0.002023 0.474550 0.005907 1.608616
0.401577 0.040535 0.048685 0.027288 0.001990 0.473985 0.005940 1.612660
0.404941 0.039198 0.047798 0.026730 0.001980 0.473391 0.005963 1.616594
0.408311 0.037829 0.046942 0.026159 0.001971 0.472796 0.005992 1.620467
0.411752 0.036671 0.045988 0.025560 0.001958 0.472056 0.006015 1.624125
0.415290 0.035555 0.045067 0.024971 0.001954 0.471122 0.006040 1.627638
0.418773 0.034499 0.043979 0.024481 0.001941 0.470266 0.006061 1.631013
0.422256 0.033541 0.042928 0.023981 0.001921 0.469291 0.006083 1.634296
0.425918 0.032504 0.042000 0.023466 0.001904 0.468101 0.006105 1.637573
0.429586 0.031626 0.041096 0.022978 0.001891 0.466692 0.006131 1.640688
0.433209 0.030811 0.040178 0.022426 0.001876 0.465345 0.006155 1.643696
0.436679 0.030023 0.039306 0.021885 0.001877 0.464058 0.006173 1.646688
0.440395 0.029253 0.038483 0.021359 0.001852 0.462462 0.006197 1.649592
0.444108 0.028466 0.037627 0.020834 0.001832 0.460908 0.006225 1.652468
0.447692 0.027825 0.036770 0.020332 0.001813 0.459325 0.006243 1.655181
0.451396 0.027108 0.035937 0.019841 0.001788 0.457660 0.006269 1.657942
0.454985 0.026528 0.035030 0.019374 0.001784 0.456010 0.006289 1.660554
0.458673 0.025930 0.034230 0.018966 0.001762 0.454129 0.006311 1.663166
0.462305 0.025408 0.033436 0.018512 0.001738 0.452261 0.006339 1.665685
0.465977 0.024979 0.032655 0.018067 0.001717 0.450247 0.006358 1.668128
0.469641 0.024503 0.031938 0.017648 0.001694 0.448191 0.006384 1.670563
0.473407 0.024011 0.031223 0.017179 0.001671 0.446103 0.006406 1.672938
0.477146 0.023525 0.030586 0.016787 0.001637 0.443887 0.006433 1.675314
0.480743 0.023201 0.029924 0.016412 0.001617 0.441652 0.006452 1.677578
0.484408 0.022842 0.029223 0.016032 0.001598 0.439423 0.006473 1.679839
0.488012 0.022490 0.028683 0.015684 0.001582 0.437053 0.006496 1.682074
0.491632 0.022098 0.028102 0.015373 0.001563 0.434717 0.006515 1.684306
0.495263 0.021815 0.027504 0.015032 0.001544 0.432306 0.006538 1.686414
0.498842 0.021462 0.026929 0.014731 0.001528 0.429947 0.006560 1.688553
0.502408 0.021083 0.026467 0.014490 0.001509 0.427469 0.006576 1.690719
0.506057 0.020743 0.025995 0.014183 0.001477 0.424950 0.006595 1.692834
0.509570 0.020519 0.025470 0.013941 0.001461 0.422430 0.006609 1.694864
0.513119 0.020270 0.024948 0.013657 0.001443 0.419936 0.006628 1.696891
0.516772 0.020014 0.024539 0.013390 0.001425 0.417212 0.006648 1.698876
0.520173 0.019779 0.024046 0.013155 0.001410 0.414772 0.006665 1.700835
0.523711 0.019507 0.023645 0.012879 0.001389 0.412190 0.006680 1.702796
0.527062 0.019320 0.023225 0.012653 0.001369 0.409675 0.006696 1.704735
0.530413 0.019206 0.022804 0.012412 0.001358 0.407096 0.006712 1.706621
0.533692 0.019078 0.022391 0.012229 0.001344 0.404539 0.006729 1.708503
0.537014 0.018941 0.021958 0.012044 0.001332 0.401968 0.006743 1.710328
0.540374 0.018858 0.021615 0.011856 0.001314 0.399220 0.006763 1.712154
0.543801 0.018653 0.021282 0.011701 0.001281 0.396498 0.006785 1.714039
0.547017 0.018596 0.020899 0.011470 0.001277 0.393939 0.006802 1.715801
0.550320 0.018491 0.020565 0.011257 0.001262 0.391288 0.006818 1.717561
0.553503 0.018375 0.020297 0.011056 0.001244 0.388691 0.006833 1.719391
0.556651 0.018255 0.020025 0.010910 0.001223 0.386084 0.006853 1.721206
0.559771 0.018184 0.019755 0.010761 0.001211 0.383452 0.006866 1.722964
0.562907 0.018096 0.019478 0.010622 0.001191 0.380826 0.006881 1.724715
0.566002 0.018075 0.019250 0.010469 0.001174 0.378136 0.006895 1.726499
0.568897 0.018006 0.019043 0.010372 0.001153 0.375615 0.006914 1.728289
0.572011 0.017854 0.018827 0.010315 0.001130 0.372935 0.006928 1.730086
0.574963 0.017860 0.018587 0.010204 0.001109 0.370335 0.006941 1.731807
0.577897 0.017825 0.018412 0.010097 0.001098 0.367721 0.006950 1.733534
0.580805 0.017740 0.018255 0.009979 0.001081 0.365176 0.006965 1.735292
0.583688 0.017736 0.018085 0.009865 0.001064 0.362584 0.006978 1.737053
0.586547 0.017664 0.017947 0.009783 0.001044 0.360024 0.006991 1.738822
0.589241 0.017684 0.017757 0.009642 0.001025 0.357644 0.007007 1.740512
0.592082 0.017659 0.017653 0.009533 0.001009 0.355041 0.007023 1.742227
0.594765 0.017699 0.017520 0.009467 0.000994 0.352518 0.007037 1.743896
0.597437 0.017650 0.017418 0.009370 0.000987 0.350087 0.007049 1.745665
0.600114 0.017635 0.017326 0.009275 0.000973 0.347616 0.007060 1.747379
0.602756 0.017531 0.017207 0.009247 0.000961 0.345225 0.007073 1.749150
0.605333 0.017543 0.017105 0.009153 0.000946 0.342833 0.007088 1.750844
0.607904 0.017483 0.017035 0.009116 0.000940 0.340421 0.007100 1.752563
0.610450 0.017448 0.016954 0.009054 0.000922 0.338059 0.007113 1.754294
0.612971 0.017517 0.016835 0.009001 0.000905 0.335646 0.007127 1.755973
0.615394 0.017555 0.016747 0.008990 0.000888 0.333287 0.007139 1.757698
0.617805 0.017521 0.016643 0.008948 0.000876 0.331056 0.007151 1.759429
0.620260 0.017493 0.016593 0.008925 0.000862 0.328703 0.007164 1.761153
0.622654 0.017550 0.016462 0.008909 0.000851 0.326398 0.007176 1.762849
0.625035 0.017437 0.016440 0.008841 0.000844 0.324215 0.007188 1.764589
0.627403 0.017426 0.016372 0.008813 0.000824 0.321961 0.007202 1.766266
0.629674 0.017438 0.016347 0.008806 0.000816 0.319710 0.007210 1.768018
0.631894 0.017478 0.016297 0.008799 0.000805 0.317507 0.007221 1.769725
0.634126 0.017499 0.016230 0.008793 0.000798 0.315318 0.007234 1.771436
0.636287 0.017546 0.016141 0.008768 0.000788 0.313224 0.007246 1.773159
0.638408 0.017641 0.016040 0.008757 0.000768 0.311129 0.007256 1.774855
0.640608 0.017590 0.016074 0.008775 0.000765 0.308920 0.007268 1.776628
0.642687 0.017666 0.016003 0.008764 0.000762 0.306842 0.007275 1.778352
0.644680 0.017688 0.016014 0.008769 0.000746 0.304816 0.007287 1.780129
0.646824 0.017694 0.016036 0.008764 0.000750 0.302633 0.007299 1.781900
0.648916 0.017716 0.016042 0.008724 0.000743 0.300555 0.007306 1.783651
0.650780 0.017783 0.016062 0.008725 0.000737 0.298595 0.007318 1.785448
0.652657 0.017828 0.016096 0.008701 0.000732 0.296661 0.007324 1.787205
0.654535 0.017864 0.016090 0.008672 0.000733 0.294777 0.007330 1.788928
0.656392 0.017928 0.016092 0.008696 0.000727 0.292828 0.007338 1.790680
0.658211 0.017991 0.016111 0.008713 0.000716 0.290910 0.007348 1.792463
0.660077 0.017971 0.016111 0.008717 0.000697 0.289066 0.007360 1.794260
0.661846 0.018013 0.016142 0.008714 0.000690 0.287228 0.007368 1.796042
0.663650 0.017998 0.016153 0.008730 0.000684 0.285407 0.007379 1.797873
0.665322 0.018074 0.016163 0.008728 0.000682 0.283643 0.007388 1.799690
0.666999 0.018120 0.016193 0.008742 0.000674 0.281871 0.007401 1.801497
0.668593 0.018230 0.016192 0.008740 0.000674 0.280162 0.007409 1.803263
0.670156 0.018317 0.016226 0.008728 0.000672 0.278481 0.007422 1.805032
0.671734 0.018424 0.016192 0.008753 0.000673 0.276795 0.007429 1.806810
0.673308 0.018494 0.016168 0.008750 0.000678 0.275168 0.007435 1.808623
0.674804 0.018546 0.016212 0.008792 0.000680 0.273525 0.007442 1.810492
0.676283 0.018602 0.016252 0.008807 0.000673 0.271936 0.007449 1.812338
0.677819 0.018672 0.016309 0.008824 0.000669 0.270250 0.007460 1.814154
0.679257 0.018784 0.016354 0.008847 0.000659 0.268632 0.007469 1.815993
0.680759 0.018838 0.016419 0.008897 0.000655 0.266952 0.007479 1.817871
0.682198 0.018914 0.016439 0.008941 0.000658 0.265364 0.007487 1.819750
0.683542 0.018977 0.016504 0.008934 0.000651 0.263899 0.007493 1.821633
0.684925 0.019009 0.016536 0.008936 0.000651 0.262442 0.007501 1.823498
0.686254 0.019051 0.016569 0.008929 0.000649 0.261039 0.007508 1.825363
0.687569 0.019102 0.016597 0.008931 0.000643 0.259642 0.007517 1.827218
0.688791 0.019267 0.016602 0.008936 0.000637 0.258239 0.007527 1.829065
0.690010 0.019340 0.016674 0.008959 0.000635 0.256846 0.007537 1.830992
0.691181 0.019434 0.016737 0.008976 0.000640 0.255491 0.007541 1.832924
0.692314 0.019511 0.016811 0.009002 0.000641 0.254174 0.007547 1.834861
0.693527 0.019633 0.016827 0.009051 0.000634 0.252773 0.007556 1.836740
0.694567 0.019736 0.016843 0.009099 0.000627 0.251565 0.007564 1.838660
0.695596 0.019840 0.016886 0.009159 0.000620 0.250331 0.007570 1.840625
0.696674 0.019899 0.016935 0.009206 0.000615 0.249091 0.007581 1.842575
0.697779 0.019983 0.017047 0.009232 0.000605 0.247768 0.007588 1.844562
0.698824 0.020065 0.017113 0.009256 0.000605 0.246540 0.007598 1.846543
0.699908 0.020093 0.017138 0.009346 0.000603 0.245305 0.007607 1.848519
0.700891 0.020242 0.017207 0.009316 0.000600 0.244131 0.007614 1.850457
0.701815 0.020391 0.017247 0.009322 0.000602 0.243003 0.007621 1.852432
0.702761 0.020447 0.017329 0.009362 0.000604 0.241870 0.007629 1.854431
0.703709 0.020538 0.017397 0.009408 0.000610 0.240704 0.007635 1.856440
0.704654 0.020616 0.017453 0.009401 0.000599 0.239635 0.007644 1.858456
0.705508 0.020723 0.017548 0.009430 0.000598 0.238542 0.007651 1.860514
0.706266 0.020859 0.017586 0.009469 0.000603 0.237562 0.007655 1.862554
0.707073 0.020967 0.017609 0.009530 0.000605 0.236554 0.007663 1.864599
0.707830 0.021052 0.017679 0.009624 0.000602 0.235538 0.007675 1.866687
0.708667 0.021116 0.017723 0.009641 0.000608 0.234563 0.007683 1.868763
0.709421 0.021182 0.017808 0.009687 0.000609 0.233601 0.007691 1.870861
0.710144 0.021329 0.017863 0.009728 0.000605 0.232634 0.007698 1.872928
0.710840 0.021437 0.017936 0.009768 0.000611 0.231700 0.007708 1.875034
0.711601 0.021455 0.018010 0.009848 0.000613 0.230760 0.007714 1.877155
0.712283 0.021601 0.018051 0.009874 0.000619 0.229850 0.007722 1.879225
0.712870 0.021708 0.018192 0.009905 0.000617 0.228978 0.007732 1.881360
0.713519 0.021830 0.018228 0.009971 0.000608 0.228104 0.007741 1.883469
0.714051 0.021908 0.018333 0.010009 0.000602 0.227350 0.007748 1.885631
0.714675 0.021948 0.018381 0.010063 0.000592 0.226584 0.007758 1.887755
0.715284 0.022068 0.018437 0.010075 0.000599 0.225770 0.007767 1.889870
0.715848 0.022135 0.018523 0.010109 0.000601 0.225009 0.007775 1.892044
0.716390 0.022189 0.018661 0.010120 0.000602 0.224256 0.007782 1.894253
0.716925 0.022166 0.018769 0.010224 0.000605 0.223524 0.007789 1.896511
0.717327 0.022381 0.018801 0.010168 0.000608 0.222921 0.007795 1.898648
0.717906 0.022439 0.018875 0.010222 0.000605 0.222152 0.007802 1.900836
0.718427 0.022505 0.019005 0.010265 0.000604 0.221384 0.007812 1.903052
0.718860 0.022549 0.019107 0.010364 0.000604 0.220696 0.007819 1.905316
0.719311 0.022653 0.019162 0.010421 0.000606 0.220019 0.007827 1.907512
0.719787 0.022790 0.019207 0.010477 0.000615 0.219288 0.007836 1.909709
0.720148 0.022826 0.019379 0.010549 0.000619 0.218635 0.007844 1.912017
0.720526 0.022995 0.019416 0.010533 0.000631 0.218046 0.007852 1.914223
0.720864 0.023113 0.019475 0.010598 0.000621 0.217465 0.007864 1.916447
0.721240 0.023148 0.019589 0.010659 0.000618 0.216870 0.007876 1.918757
0.721583 0.023185 0.019693 0.010727 0.000624 0.216306 0.007881 1.921047
0.721984 0.023263 0.019720 0.010718 0.000625 0.215800 0.007891 1.923299
0.722284 0.023308 0.019839 0.010726 0.000624 0.215321 0.007899 1.925606
0.722596 0.023337 0.019960 0.010776 0.000633 0.214790 0.007908 1.927900
0.722951 0.023328 0.020122 0.010808 0.000638 0.214237 0.007917 1.930233
0.723245 0.023404 0.020163 0.010846 0.000648 0.213773 0.007922 1.932505
0.723621 0.023451 0.020226 0.010884 0.000653 0.213235 0.007931 1.934801
0.723876 0.023498 0.020352 0.010920 0.000659 0.212758 0.007938 1.937140
0.724111 0.023658 0.020427 0.010883 0.000660 0.212315 0.007948 1.939402
0.724423 0.023722 0.020438 0.010879 0.000666 0.211918 0.007955 1.941693
0.724631 0.023785 0.020494 0.010940 0.000671 0.211515 0.007963 1.944052
0.724960 0.023789 0.020567 0.010958 0.000670 0.211081 0.007975 1.946403
0.725189 0.023849 0.020632 0.010998 0.000671 0.210676 0.007984 1.948771
0.725389 0.023878 0.020663 0.011083 0.000672 0.210322 0.007993 1.951170
0.725535 0.023989 0.020746 0.011121 0.000675 0.209934 0.008001 1.953511
0.725721 0.024076 0.020768 0.011161 0.000677 0.209589 0.008010 1.955844
0.725986 0.024104 0.020891 0.011162 0.000678 0.209162 0.008018 1.958220
0.726133 0.024183 0.020917 0.011149 0.000687 0.208904 0.008028 1.960555
0.726442 0.024150 0.020948 0.011221 0.000688 0.208517 0.008034 1.962913
0.726530 0.024264 0.020944 0.011236 0.000687 0.208296 0.008044 1.965268
0.726689 0.024327 0.020986 0.011273 0.000689 0.207986 0.008051 1.967631
0.726891 0.024439 0.021014 0.011285 0.000683 0.207626 0.008063 1.969961
0.727078 0.024487 0.021065 0.011300 0.000686 0.207314 0.008071 1.972344
0.727179 0.024493 0.021152 0.011366 0.000692 0.207039 0.008079 1.974788
0.727357 0.024566 0.021165 0.011352 0.000704 0.206770 0.008087 1.977156
0.727533 0.024601 0.021225 0.011350 0.000712 0.206487 0.008092 1.979564
0.727597 0.024630 0.021323 0.011420 0.000707 0.206223 0.008101 1.982021
0.727706 0.024632 0.021375 0.011432 0.000721 0.206023 0.008112 1.984466
0.727750 0.024737 0.021465 0.011469 0.000732 0.205724 0.008124 1.986887
0.727908 0.024746 0.021493 0.011500 0.000724 0.205496 0.008133 1.989292
0.728024 0.024773 0.021521 0.011502 0.000729 0.205308 0.008143 1.991684
0.728057 0.024820 0.021614 0.011586 0.000722 0.205049 0.008154 1.994154
0.728069 0.024907 0.021644 0.011547 0.000725 0.204943 0.008165 1.996540
0.728078 0.025004 0.021630 0.011561 0.000713 0.204840 0.008174 1.998941
0.728151 0.025049 0.021619 0.011602 0.000717 0.204677 0.008184 2.001363
0.728263 0.025067 0.021684 0.011609 0.000727 0.204457 0.008193 2.003811
0.728356 0.025080 0.021714 0.011639 0.000730 0.204279 0.008202 2.006250
0.728384 0.025150 0.021728 0.011621 0.000737 0.204173 0.008208 2.008681
0.728463 0.025187 0.021799 0.011673 0.000732 0.203928 0.008220 2.011144
0.728596 0.025260 0.021777 0.011674 0.000739 0.203726 0.008229 2.013533
0.728622 0.025185 0.021878 0.011747 0.000729 0.203599 0.008240 2.016086
0.728712 0.025141 0.021986 0.011787 0.000735 0.203387 0.008251 2.018584
0.728748 0.025141 0.021998 0.011871 0.000736 0.203245 0.008261 2.021088
0.728807 0.025086 0.022082 0.011848 0.000743 0.203160 0.008273 2.023583
0.728838 0.025148 0.022069 0.011921 0.000751 0.202993 0.008280 2.026053
0.728815 0.025241 0.022075 0.011914 0.000750 0.202916 0.008289 2.028495
0.728892 0.025278 0.022059 0.011907 0.000754 0.202814 0.008296 2.030934
0.728932 0.025257 0.022134 0.011890 0.000756 0.202727 0.008304 2.033453
0.728955 0.025326 0.022097 0.011913 0.000747 0.202646 0.008316 2.035883
0.728959 0.025324 0.022116 0.011944 0.000755 0.202574 0.008326 2.038352
0.728897 0.025352 0.022183 0.011980 0.000754 0.202502 0.008332 2.040882
0.728920 0.025378 0.022228 0.012002 0.000759 0.202370 0.008343 2.043376
0.728956 0.025457 0.022270 0.012018 0.000757 0.202187 0.008354 2.045838
0.729043 0.025461 0.022335 0.012005 0.000771 0.202026 0.008359 2.048328
0.729026 0.025424 0.022394 0.012056 0.000775 0.201956 0.008368 2.050861
0.729007 0.025492 0.022390 0.012042 0.000789 0.201906 0.008374 2.053319
0.728969 0.025578 0.022410 0.012053 0.000785 0.201821 0.008381 2.055820
0.728937 0.025605 0.022432 0.012093 0.000789 0.201755 0.008390 2.058342
0.728944 0.025677 0.022419 0.012111 0.000782 0.201667 0.008400 2.060780
0.728901 0.025725 0.022447 0.012095 0.000790 0.201633 0.008408 2.063307
0.728899 0.025784 0.022486 0.012094 0.000792 0.201525 0.008420 2.065815
0.728782 0.025796 0.022485 0.012111 0.000794 0.201599 0.008434 2.068352
0.728847 0.025744 0.022543 0.012080 0.000796 0.201541 0.008449 2.070889
0.728817 0.025805 0.022561 0.012116 0.000792 0.201449 0.008460 2.073387
0.728786 0.025871 0.022557 0.012115 0.000792 0.201410 0.008468 2.075881
0.728733 0.025894 0.022591 0.012136 0.000798 0.201369 0.008479 2.078407
0.728798 0.025809 0.022610 0.012150 0.000803 0.201342 0.008488 2.080931
0.728825 0.025762 0.022641 0.012167 0.000814 0.201297 0.008495 2.083474
0.728812 0.025711 0.022649 0.012154 0.000816 0.201351 0.008506 2.086031
0.728738 0.025748 0.022632 0.012187 0.000818 0.201359 0.008518 2.088543
0.728617 0.025827 0.022739 0.012147 0.000825 0.201316 0.008529 2.091092
0.728717 0.025732 0.022826 0.012148 0.000814 0.201225 0.008538 2.093646
0.728728 0.025679 0.022850 0.012212 0.000806 0.201175 0.008551 2.096246
0.728646 0.025707 0.022860 0.012195 0.000807 0.201222 0.008564 2.098771
0.728579 0.025763 0.022832 0.012205 0.000802 0.201244 0.008575 2.101253
0.728506 0.025814 0.022792 0.012216 0.000797 0.201292 0.008583 2.103759
0.728469 0.025765 0.022839 0.012220 0.000792 0.201321 0.008594 2.106334
0.728490 0.025748 0.022881 0.012233 0.000798 0.201248 0.008602 2.108868
0.728484 0.025809 0.022868 0.012231 0.000804 0.201196 0.008609 2.111363
0.728488 0.025826 0.022888 0.012228 0.000808 0.201143 0.008619 2.113874
0.728487 0.025811 0.022904 0.012216 0.000816 0.201138 0.008629 2.116401
0.728411 0.025832 0.022886 0.012222 0.000813 0.201198 0.008638 2.118895
0.728395 0.025790 0.022945 0.012233 0.000804 0.201185 0.008646 2.121462
0.728396 0.025774 0.022945 0.012266 0.000810 0.201155 0.008655 2.124006
0.728444 0.025757 0.022958 0.012295 0.000806 0.201078 0.008662 2.126541
0.728360 0.025795 0.022979 0.012273 0.000800 0.201126 0.008667 2.129018
0.728434 0.025702 0.023009 0.012245 0.000804 0.201130 0.008676 2.131587
0.728505 0.025685 0.022933 0.012233 0.000801 0.201157 0.008686 2.134044
0.728452 0.025676 0.022933 0.012294 0.000804 0.201147 0.008694 2.136593
0.728551 0.025638 0.022944 0.012279 0.000805 0.201081 0.008702 2.139084
0.728488 0.025656 0.022917 0.012264 0.000805 0.201157 0.008713 2.141565
0.728438 0.025688 0.022874 0.012263 0.000806 0.201208 0.008723 2.144083
0.728462 0.025609 0.022846 0.012305 0.000800 0.201245 0.008733 2.146591
0.728428 0.025625 0.022902 0.012323 0.000789 0.201185 0.008748 2.149125
0.728604 0.025547 0.022917 0.012321 0.000789 0.201065 0.008758 2.151629
0.728674 0.025539 0.022854 0.012300 0.000790 0.201079 0.008764 2.154106
0.728626 0.025532 0.022828 0.012276 0.000795 0.201175 0.008769 2.156582
0.728659 0.025501 0.022819 0.012300 0.000787 0.201155 0.008780 2.159083
0.728686 0.025445 0.022799 0.012300 0.000788 0.201195 0.008789 2.161584
0.728827 0.025326 0.022833 0.012279 0.000795 0.201140 0.008799 2.164094
0.728921 0.025301 0.022794 0.012273 0.000791 0.201109 0.008811 2.166562
0.729021 0.025240 0.022807 0.012272 0.000786 0.201053 0.008823 2.169073
0.728986 0.025220 0.022815 0.012274 0.000782 0.201093 0.008830 2.171583
0.729022 0.025212 0.022758 0.012281 0.000787 0.201103 0.008838 2.174058
0.729095 0.025157 0.022699 0.012304 0.000784 0.201113 0.008848 2.176553
0.729228 0.025115 0.022632 0.012262 0.000788 0.201119 0.008855 2.178965
0.729290 0.025122 0.022612 0.012206 0.000804 0.201102 0.008865 2.181386
0.729304 0.025086 0.022628 0.012212 0.000809 0.201087 0.008874 2.183887
0.729341 0.025033 0.022652 0.012195 0.000813 0.201080 0.008885 2.186398
0.729298 0.025086 0.022642 0.012156 0.000821 0.201102 0.008896 2.188843
0.729458 0.025013 0.022599 0.012103 0.000819 0.201100 0.008908 2.191278
0.729508 0.025116 0.022564 0.012075 0.000813 0.201008 0.008917 2.193670
0.729636 0.025084 0.022573 0.012056 0.000807 0.200914 0.008930 2.196114
0.729652 0.025142 0.022585 0.012052 0.000805 0.200824 0.008941 2.198547
0.729728 0.025082 0.022559 0.012058 0.000805 0.200811 0.008957 2.201025
0.729824 0.025016 0.022571 0.012050 0.000810 0.200759 0.008970 2.203481
0.729827 0.024962 0.022586 0.012099 0.000807 0.200736 0.008983 2.206007
0.729833 0.024973 0.022504 0.012063 0.000810 0.200825 0.008992 2.208430
0.729879 0.024991 0.022526 0.012031 0.000801 0.200770 0.009004 2.210880
0.729954 0.025008 0.022502 0.012037 0.000801 0.200681 0.009016 2.213328
0.730046 0.024905 0.022502 0.012054 0.000805 0.200661 0.009026 2.215809
0.730164 0.024937 0.022504 0.012040 0.000802 0.200515 0.009038 2.218241
0.730213 0.024925 0.022482 0.012063 0.000799 0.200466 0.009050 2.220710
0.730277 0.024903 0.022393 0.012067 0.000805 0.200496 0.009059 2.223150
0.730395 0.024853 0.022370 0.012046 0.000814 0.200453 0.009068 2.225631
0.730373 0.024965 0.022297 0.012008 0.000809 0.200469 0.009080 2.227993
0.730449 0.024993 0.022332 0.011970 0.000819 0.200347 0.009090 2.230439
0.730598 0.024925 0.022301 0.011973 0.000829 0.200279 0.009096 2.232903
0.730658 0.024862 0.022323 0.012009 0.000817 0.200225 0.009106 2.235366
0.730744 0.024777 0.022335 0.011959 0.000815 0.200253 0.009116 2.237842
0.730914 0.024765 0.022245 0.011961 0.000814 0.200171 0.009129 2.240237
0.731074 0.024685 0.022235 0.011957 0.000814 0.200095 0.009140 2.242668
0.731185 0.024685 0.022268 0.011908 0.000816 0.199988 0.009151 2.245070
0.731291 0.024616 0.022302 0.011896 0.000821 0.199916 0.009160 2.247512
0.731358 0.024596 0.022300 0.011942 0.000810 0.199826 0.009171 2.249930
0.731343 0.024705 0.022259 0.011897 0.000815 0.199801 0.009181 2.252323
0.731377 0.024693 0.022240 0.011919 0.000816 0.199764 0.009191 2.254740
0.731428 0.024745 0.022235 0.011900 0.000822 0.199668 0.009202 2.257176
0.731454 0.024775 0.022168 0.011907 0.000820 0.199660 0.009216 2.259583
0.731466 0.024748 0.022224 0.011903 0.000822 0.199611 0.009226 2.262063
0.731551 0.024760 0.022228 0.011927 0.000818 0.199480 0.009236 2.264503
0.731569 0.024864 0.022223 0.011934 0.000819 0.199348 0.009244 2.266892
0.731672 0.024873 0.022162 0.011961 0.000816 0.199258 0.009257 2.269305
0.731798 0.024806 0.022198 0.011918 0.000815 0.199197 0.009268 2.271758
0.731900 0.024743 0.022193 0.011999 0.000803 0.199081 0.009282 2.274248
0.731948 0.024719 0.022189 0.012004 0.000800 0.199049 0.009292 2.276663
0.731965 0.024800 0.022121 0.011998 0.000800 0.199017 0.009299 2.279033
0.732003 0.024813 0.022148 0.012011 0.000805 0.198914 0.009306 2.281459
0.732079 0.024834 0.022146 0.011997 0.000799 0.198830 0.009316 2.283873
0.732091 0.024832 0.022168 0.011999 0.000803 0.198786 0.009321 2.286295
0.732145 0.024798 0.022133 0.011937 0.000802 0.198853 0.009332 2.288713
0.732188 0.024714 0.022133 0.011993 0.000804 0.198827 0.009342 2.291167
0.732108 0.024769 0.022121 0.011982 0.000799 0.198868 0.009354 2.293596
0.732096 0.024818 0.022050 0.011989 0.000788 0.198895 0.009364 2.295984
0.732169 0.024855 0.022051 0.011984 0.000782 0.198785 0.009375 2.298391
0.732166 0.024809 0.022059 0.011996 0.000771 0.198816 0.009383 2.300833
0.732235 0.024797 0.022066 0.011966 0.000770 0.198772 0.009395 2.303264
0.732326 0.024782 0.022016 0.012007 0.000770 0.198696 0.009403 2.305733
0.732394 0.024750 0.022019 0.012009 0.000769 0.198646 0.009412 2.308188
0.732473 0.024707 0.022076 0.012003 0.000763 0.198556 0.009422 2.310632
0.732587 0.024734 0.022048 0.011986 0.000754 0.198459 0.009431 2.313018
0.732641 0.024737 0.022074 0.011996 0.000755 0.198354 0.009444 2.315488
0.732712 0.024692 0.022082 0.011996 0.000761 0.198305 0.009452 2.317935
0.732790 0.024743 0.022071 0.011971 0.000757 0.198203 0.009467 2.320338
0.732787 0.024749 0.022031 0.011993 0.000763 0.198203 0.009475 2.322779
0.732726 0.024765 0.022068 0.011996 0.000773 0.198191 0.009481 2.325243
0.732840 0.024692 0.022140 0.011974 0.000768 0.198098 0.009488 2.327694
0.732842 0.024746 0.022136 0.011963 0.000769 0.198043 0.009501 2.330066
0.732884 0.024759 0.022151 0.011975 0.000773 0.197949 0.009509 2.332504
0.732885 0.024692 0.022165 0.011980 0.000763 0.197998 0.009518 2.334971
0.733012 0.024725 0.022153 0.011945 0.000763 0.197873 0.009528 2.337324
0.732986 0.024858 0.022113 0.011911 0.000769 0.197829 0.009535 2.339649
0.733056 0.024853 0.022080 0.011919 0.000762 0.197784 0.009546 2.342084
0.733129 0.024827 0.022059 0.011899 0.000763 0.197769 0.009553 2.344491
0.733104 0.024971 0.022020 0.011926 0.000758 0.197658 0.009565 2.346859
0.733058 0.024928 0.022071 0.011955 0.000760 0.197649 0.009579 2.349312
0.732997 0.025030 0.022095 0.011891 0.000768 0.197633 0.009587 2.351715
0.733006 0.025039 0.022111 0.011873 0.000773 0.197603 0.009596 2.354171
0.733086 0.025014 0.022047 0.011869 0.000774 0.197605 0.009607 2.356601
0.733087 0.024996 0.022077 0.011853 0.000776 0.197597 0.009616 2.359032
0.733081 0.025067 0.022040 0.011853 0.000778 0.197556 0.009624 2.361476
0.733064 0.025086 0.022034 0.011881 0.000779 0.197521 0.009633 2.363915
0.733051 0.025035 0.022081 0.011892 0.000786 0.197513 0.009641 2.366418
0.733098 0.024975 0.022177 0.011883 0.000779 0.197434 0.009654 2.368905
0.733089 0.025001 0.022197 0.011864 0.000775 0.197407 0.009668 2.371353
0.733116 0.024918 0.022320 0.011857 0.000780 0.197334 0.009674 2.373841
0.733194 0.024960 0.022198 0.011864 0.000770 0.197329 0.009686 2.376225
0.733165 0.025009 0.022128 0.011885 0.000766 0.197350 0.009697 2.378637
0.733162 0.025014 0.022076 0.011870 0.000762 0.197409 0.009707 2.381071
0.733143 0.025040 0.022050 0.011876 0.000769 0.197402 0.009719 2.383486
0.733166 0.025080 0.022063 0.011815 0.000773 0.197374 0.009728 2.385891
0.733214 0.024951 0.022096 0.011850 0.000771 0.197383 0.009735 2.388392
0.733251 0.024898 0.022144 0.011875 0.000759 0.197327 0.009747 2.390867
0.733247 0.024850 0.022167 0.011909 0.000761 0.197311 0.009755 2.393378
0.733218 0.024913 0.022163 0.011869 0.000759 0.197313 0.009764 2.395771
0.733172 0.024943 0.022169 0.011848 0.000764 0.197332 0.009772 2.398222
0.733327 0.024780 0.022250 0.011936 0.000767 0.197161 0.009780 2.400778
0.733285 0.024754 0.022321 0.011971 0.000765 0.197113 0.009791 2.403263
0.733285 0.024737 0.022353 0.011933 0.000763 0.197131 0.009799 2.405702
0.733331 0.024775 0.022335 0.011892 0.000764 0.197094 0.009809 2.408097
0.733463 0.024702 0.022389 0.011875 0.000779 0.196974 0.009818 2.410549
0.733559 0.024635 0.022292 0.011858 0.000781 0.197046 0.009828 2.412969
0.733578 0.024607 0.022307 0.011864 0.000777 0.197031 0.009837 2.415390
0.733642 0.024640 0.022268 0.011854 0.000769 0.196981 0.009846 2.417777
0.733638 0.024657 0.022209 0.011841 0.000761 0.197038 0.009857 2.420176
0.733666 0.024669 0.022169 0.011848 0.000763 0.197020 0.009865 2.422583
0.733740 0.024710 0.022121 0.011791 0.000762 0.197003 0.009874 2.424937
0.733702 0.024751 0.022128 0.011804 0.000761 0.196970 0.009884 2.427391
0.733715 0.024863 0.022048 0.011770 0.000761 0.196953 0.009891 2.429762
0.733844 0.024775 0.022049 0.011757 0.000761 0.196914 0.009900 2.432190
0.733864 0.024785 0.022033 0.011815 0.000761 0.196833 0.009910 2.434616
0.733883 0.024903 0.022020 0.011815 0.000762 0.196698 0.009920 2.436977
0.733924 0.024883 0.022052 0.011836 0.000762 0.196614 0.009929 2.439430
0.733943 0.024885 0.022075 0.011797 0.000750 0.196611 0.009938 2.441878
0.733948 0.024877 0.022077 0.011827 0.000763 0.196562 0.009946 2.444352
0.733900 0.024955 0.022036 0.011838 0.000768 0.196550 0.009954 2.446749
0.733955 0.024939 0.022016 0.011857 0.000767 0.196498 0.009968 2.449156
0.733967 0.024966 0.022058 0.011870 0.000759 0.196404 0.009977 2.451589
0.734023 0.024886 0.022053 0.011859 0.000758 0.196432 0.009988 2.454033
0.734081 0.024864 0.022094 0.011885 0.000757 0.196318 0.010001 2.456484
0.734089 0.024928 0.022021 0.011861 0.000759 0.196332 0.010009 2.458847
0.734043 0.024843 0.022085 0.011892 0.000756 0.196362 0.010019 2.461361
0.734063 0.024838 0.022118 0.011930 0.000758 0.196262 0.010030 2.463801
0.734125 0.024799 0.022145 0.012001 0.000750 0.196142 0.010038 2.466251
0.734124 0.024765 0.022100 0.011992 0.000746 0.196226 0.010047 2.468670
0.734097 0.024781 0.022120 0.011965 0.000755 0.196228 0.010054 2.471111
0.734103 0.024850 0.022041 0.011976 0.000755 0.196212 0.010062 2.473510
0.734108 0.024908 0.022041 0.011942 0.000753 0.196174 0.010076 2.475902
0.734049 0.024877 0.022021 0.011935 0.000757 0.196278 0.010085 2.478355
0.734086 0.024876 0.022071 0.011887 0.000762 0.196221 0.010099 2.480765
0.734179 0.024783 0.022128 0.011904 0.000761 0.196136 0.010110 2.483244
0.734202 0.024718 0.022199 0.011884 0.000767 0.196113 0.010118 2.485700
0.734169 0.024742 0.022244 0.011872 0.000768 0.196079 0.010127 2.488119
0.734231 0.024695 0.022203 0.011862 0.000782 0.196092 0.010135 2.490522
0.734220 0.024693 0.022158 0.011865 0.000782 0.196137 0.010146 2.492967
0.734332 0.024644 0.022191 0.011813 0.000780 0.196088 0.010154 2.495429
0.734382 0.024682 0.022193 0.011790 0.000778 0.196011 0.010165 2.497798
0.734376 0.024736 0.022221 0.011781 0.000778 0.195932 0.010176 2.500168
0.734387 0.024691 0.022207 0.011782 0.000777 0.195973 0.010184 2.502632
0.734440 0.024719 0.022178 0.011805 0.000772 0.195893 0.010193 2.505032
0.734478 0.024659 0.022222 0.011812 0.000775 0.195851 0.010203 2.507522
0.734496 0.024606 0.022204 0.011852 0.000769 0.195858 0.010215 2.509994
0.734610 0.024641 0.022107 0.011817 0.000771 0.195828 0.010226 2.512333
0.734635 0.024659 0.022070 0.011797 0.000779 0.195827 0.010233 2.514690
0.734668 0.024686 0.022104 0.011812 0.000778 0.195708 0.010243 2.517082
0.734673 0.024703 0.022099 0.011826 0.000771 0.195678 0.010250 2.519509
0.734673 0.024672 0.022101 0.011858 0.000777 0.195656 0.010262 2.521970
0.734697 0.024631 0.022105 0.011866 0.000779 0.195650 0.010273 2.524377
0.734726 0.024686 0.022075 0.011886 0.000779 0.195565 0.010283 2.526766
0.734784 0.024688 0.022128 0.011892 0.000773 0.195440 0.010295 2.529197
0.734834 0.024689 0.022046 0.011931 0.000769 0.195426 0.010305 2.531598
0.734874 0.024685 0.022084 0.011909 0.000768 0.195367 0.010313 2.534013
0.734857 0.024679 0.022099 0.011879 0.000768 0.195395 0.010323 2.536430
0.734893 0.024604 0.022142 0.011918 0.000767 0.195341 0.010334 2.538881
0.734906 0.024630 0.022104 0.011911 0.000774 0.195332 0.010342 2.541313
0.734986 0.024641 0.022109 0.011907 0.000772 0.195233 0.010351 2.543703
0.735007 0.024659 0.022137 0.011908 0.000765 0.195162 0.010362 2.546104
0.734988 0.024705 0.022072 0.011937 0.000758 0.195167 0.010372 2.548525
0.735058 0.024702 0.022051 0.011900 0.000750 0.195156 0.010383 2.550915
0.735104 0.024685 0.022023 0.011945 0.000747 0.195101 0.010394 2.553334
0.735133 0.024675 0.022051 0.011946 0.000743 0.195047 0.010405 2.555762
0.735087 0.024722 0.022049 0.011955 0.000741 0.195032 0.010415 2.558187
0.735046 0.024697 0.022114 0.011993 0.000741 0.194985 0.010424 2.560657
0.735001 0.024659 0.022179 0.011976 0.000737 0.195008 0.010439 2.563133
0.735000 0.024673 0.022146 0.011951 0.000734 0.195047 0.010448 2.565555
0.735098 0.024699 0.022172 0.011960 0.000729 0.194886 0.010457 2.567951
0.735091 0.024773 0.022149 0.011872 0.000731 0.194918 0.010464 2.570292
0.735080 0.024817 0.022086 0.011896 0.000743 0.194907 0.010471 2.572706
0.735131 0.024810 0.022046 0.011907 0.000741 0.194888 0.010477 2.575102
0.735103 0.024776 0.022037 0.011936 0.000738 0.194922 0.010488 2.577580
0.735161 0.024723 0.022043 0.011918 0.000732 0.194925 0.010499 2.580038
0.735224 0.024677 0.022030 0.011958 0.000737 0.194866 0.010508 2.582457
0.735289 0.024683 0.022002 0.011958 0.000735 0.194820 0.010514 2.584817
0.735264 0.024766 0.021967 0.011938 0.000737 0.194805 0.010523 2.587205
0.735224 0.024806 0.021929 0.011929 0.000735 0.194841 0.010535 2.589602
0.735195 0.024751 0.021891 0.011956 0.000742 0.194924 0.010542 2.592031
0.735245 0.024742 0.021867 0.012007 0.000738 0.194847 0.010554 2.594470
0.735241 0.024676 0.021930 0.011977 0.000752 0.194864 0.010560 2.596920
0.735236 0.024652 0.021904 0.012029 0.000744 0.194865 0.010571 2.599360
0.735230 0.024667 0.021942 0.012064 0.000743 0.194777 0.010577 2.601823
0.735267 0.024718 0.021956 0.012051 0.000738 0.194683 0.010588 2.604242
0.735248 0.024730 0.021954 0.012018 0.000748 0.194703 0.010598 2.606667
0.735241 0.024678 0.021978 0.012012 0.000755 0.194727 0.010610 2.609119
0.735289 0.024660 0.022042 0.012020 0.000758 0.194612 0.010619 2.611552
0.735269 0.024697 0.022018 0.011951 0.000750 0.194684 0.010631 2.613921
0.735352 0.024622 0.022131 0.011910 0.000749 0.194593 0.010642 2.616368
0.735351 0.024603 0.022159 0.011901 0.000761 0.194577 0.010649 2.618812
0.735428 0.024569 0.022194 0.011863 0.000762 0.194526 0.010658 2.621235
0.735384 0.024685 0.022142 0.011855 0.000765 0.194503 0.010667 2.623617
0.735439 0.024621 0.022185 0.011879 0.000765 0.194434 0.010678 2.626070
0.735549 0.024597 0.022108 0.011872 0.000771 0.194415 0.010688 2.628449
0.735590 0.024616 0.022125 0.011819 0.000774 0.194379 0.010698 2.630850
0.735496 0.024657 0.022120 0.011814 0.000765 0.194442 0.010708 2.633284
0.735605 0.024603 0.022162 0.011769 0.000755 0.194390 0.010716 2.635680
0.735592 0.024680 0.022087 0.011749 0.000747 0.194415 0.010729 2.638033
0.735541 0.024704 0.022130 0.011777 0.000754 0.194355 0.010738 2.640472
0.735507 0.024756 0.022083 0.011759 0.000758 0.194389 0.010750 2.642844
0.735383 0.024800 0.022068 0.011750 0.000758 0.194479 0.010762 2.645253
0.735402 0.024775 0.022092 0.011760 0.000749 0.194449 0.010774 2.647674
0.735431 0.024777 0.022068 0.011744 0.000759 0.194438 0.010782 2.650076
0.735383 0.024843 0.022074 0.011736 0.000756 0.194414 0.010794 2.652456
0.735410 0.024805 0.022138 0.011754 0.000749 0.194339 0.010805 2.654873
0.735402 0.024842 0.022094 0.011794 0.000742 0.194311 0.010814 2.657252
0.735373 0.024797 0.022087 0.011827 0.000741 0.194352 0.010823 2.659708
0.735410 0.024762 0.022083 0.011837 0.000756 0.194325 0.010829 2.662133
0.735473 0.024756 0.022081 0.011789 0.000754 0.194310 0.010838 2.664548
0.735411 0.024709 0.022176 0.011767 0.000756 0.194335 0.010846 2.667056
0.735475 0.024643 0.022158 0.011781 0.000756 0.194328 0.010860 2.669500
0.735469 0.024655 0.022175 0.011765 0.000765 0.194304 0.010868 2.671883
0.735518 0.024713 0.022205 0.011779 0.000759 0.194147 0.010879 2.674264
0.735609 0.024644 0.022228 0.011761 0.000760 0.194108 0.010889 2.676698
0.735626 0.024664 0.022221 0.011722 0.000754 0.194113 0.010901 2.679092
0.735691 0.024568 0.022254 0.011738 0.000758 0.194082 0.010909 2.681550
0.735706 0.024635 0.022190 0.011753 0.000763 0.194034 0.010918 2.683937
0.735662 0.024704 0.022198 0.011770 0.000765 0.193975 0.010927 2.686396
0.735708 0.024654 0.022243 0.011787 0.000767 0.193908 0.010934 2.688872
0.735701 0.024666 0.022243 0.011777 0.000763 0.193905 0.010944 2.691281
0.735742 0.024622 0.022234 0.011769 0.000760 0.193921 0.010953 2.693710
0.735754 0.024676 0.022176 0.011732 0.000759 0.193942 0.010960 2.696075
0.735732 0.024644 0.022175 0.011754 0.000760 0.193965 0.010971 2.698553
0.735608 0.024763 0.022139 0.011726 0.000765 0.194016 0.010983 2.700952
0.735595 0.024814 0.022054 0.011742 0.000769 0.194033 0.010993 2.703338
0.735633 0.024780 0.022077 0.011762 0.000780 0.193968 0.011001 2.705777
0.735640 0.024727 0.022117 0.011775 0.000771 0.193960 0.011010 2.708236
0.735627 0.024758 0.022067 0.011761 0.000768 0.193997 0.011022 2.710647
0.735643 0.024717 0.022030 0.011731 0.000775 0.194073 0.011032 2.713069
0.735632 0.024796 0.022030 0.011760 0.000786 0.193957 0.011039 2.715475
0.735638 0.024792 0.022052 0.011754 0.000784 0.193932 0.011048 2.717876
0.735603 0.024832 0.022051 0.011791 0.000788 0.193874 0.011060 2.720292
0.735614 0.024867 0.022062 0.011795 0.000789 0.193806 0.011068 2.722704
0.735541 0.024942 0.021996 0.011760 0.000775 0.193906 0.011081 2.725088
0.735574 0.024903 0.022032 0.011781 0.000778 0.193839 0.011093 2.727560
0.735554 0.024927 0.022032 0.011778 0.000781 0.193827 0.011102 2.729998
0.735642 0.024794 0.022073 0.011805 0.000789 0.193783 0.011115 2.732493
0.735666 0.024748 0.022106 0.011812 0.000791 0.193754 0.011123 2.734936
0.735684 0.024738 0.022174 0.011850 0.000794 0.193630 0.011130 2.737382
0.735654 0.024793 0.022112 0.011848 0.000786 0.193663 0.011144 2.739766
0.735527 0.024885 0.022083 0.011854 0.000782 0.193717 0.011153 2.742159
0.735550 0.024872 0.022105 0.011850 0.000795 0.193666 0.011164 2.744643
0.735479 0.024885 0.022084 0.011822 0.000797 0.193758 0.011175 2.747094
0.735451 0.024931 0.022101 0.011809 0.000802 0.193719 0.011187 2.749501
0.735443 0.024912 0.022099 0.011809 0.000804 0.193736 0.011199 2.751958
0.735482 0.024916 0.022107 0.011831 0.000799 0.193655 0.011210 2.754361
0.735459 0.024924 0.022142 0.011825 0.000797 0.193637 0.011215 2.756780
0.735503 0.024925 0.022148 0.011784 0.000792 0.193623 0.011225 2.759175
0.735487 0.024914 0.022172 0.011780 0.000794 0.193619 0.011235 2.761627
0.735561 0.024923 0.022157 0.011761 0.000785 0.193567 0.011245 2.763993
0.735559 0.024967 0.022153 0.011723 0.000780 0.193561 0.011257 2.766399
0.735506 0.025028 0.022169 0.011720 0.000773 0.193541 0.011263 2.768794
0.735451 0.025060 0.022151 0.011759 0.000771 0.193535 0.011272 2.771231
0.735391 0.025121 0.022157 0.011741 0.000771 0.193535 0.011283 2.773660
0.735407 0.025112 0.022107 0.011736 0.000767 0.193578 0.011293 2.776087
0.735223 0.025187 0.022070 0.011754 0.000764 0.193700 0.011301 2.778529
0.735228 0.025154 0.022054 0.011768 0.000766 0.193720 0.011310 2.780983
0.735234 0.025087 0.022081 0.011800 0.000764 0.193716 0.011319 2.783445
0.735019 0.025157 0.022105 0.011866 0.000769 0.193756 0.011327 2.785927
0.735058 0.025040 0.022126 0.011884 0.000770 0.193788 0.011334 2.788383
0.735070 0.024986 0.022113 0.011945 0.000771 0.193772 0.011343 2.790861
0.735083 0.024946 0.022106 0.011995 0.000771 0.193746 0.011355 2.793323
0.735144 0.024886 0.022113 0.011985 0.000769 0.193733 0.011368 2.795768
0.735148 0.024850 0.022145 0.011948 0.000766 0.193762 0.011383 2.798172
0.735223 0.024757 0.022242 0.011906 0.000762 0.193717 0.011394 2.800623
0.735245 0.024784 0.022211 0.011861 0.000764 0.193732 0.011402 2.803009
0.735272 0.024746 0.022227 0.011814 0.000764 0.193771 0.011406 2.805451
0.735241 0.024699 0.022188 0.011842 0.000769 0.193844 0.011418 2.807875
0.735205 0.024732 0.022163 0.011827 0.000770 0.193876 0.011426 2.810298
0.735213 0.024743 0.022198 0.011824 0.000773 0.193813 0.011436 2.812736
0.735221 0.024702 0.022208 0.011875 0.000767 0.193781 0.011446 2.815203
0.735257 0.024701 0.022201 0.011915 0.000767 0.193702 0.011455 2.817623
0.735331 0.024664 0.022163 0.011908 0.000763 0.193702 0.011468 2.820063
0.735357 0.024679 0.022141 0.011893 0.000768 0.193685 0.011477 2.822456
0.735410 0.024609 0.022166 0.011875 0.000768 0.193686 0.011487 2.824907
0.735457 0.024624 0.022145 0.011872 0.000766 0.193641 0.011495 2.827301
0.735353 0.024671 0.022160 0.011847 0.000766 0.193692 0.011510 2.829725
0.735308 0.024650 0.022152 0.011819 0.000774 0.193775 0.011523 2.832186
0.735320 0.024613 0.022246 0.011842 0.000777 0.193671 0.011532 2.834663
0.735348 0.024563 0.022223 0.011847 0.000776 0.193701 0.011542 2.837104
0.735306 0.024576 0.022198 0.011831 0.000770 0.193760 0.011557 2.839544
0.735210 0.024559 0.022234 0.011799 0.000776 0.193857 0.011564 2.841985
0.735235 0.024568 0.022240 0.011811 0.000786 0.193788 0.011573 2.844395
0.735207 0.024576 0.022229 0.011833 0.000783 0.193792 0.011581 2.846858
0.735232 0.024581 0.022186 0.011843 0.000789 0.193776 0.011592 2.849268
0.735251 0.024577 0.022192 0.011858 0.000779 0.193745 0.011599 2.851682
0.735355 0.024538 0.022185 0.011900 0.000783 0.193629 0.011611 2.854112
0.735412 0.024557 0.022151 0.011890 0.000784 0.193587 0.011619 2.856514
0.735385 0.024570 0.022173 0.011905 0.000781 0.193554 0.011632 2.858938
0.735373 0.024586 0.022155 0.011925 0.000778 0.193544 0.011638 2.861332
0.735329 0.024568 0.022148 0.011958 0.000777 0.193579 0.011642 2.863768
0.735498 0.024522 0.022132 0.011908 0.000777 0.193513 0.011652 2.866142
0.735446 0.024533 0.022073 0.011890 0.000782 0.193616 0.011661 2.868535
0.735441 0.024522 0.022080 0.011835 0.000781 0.193671 0.011669 2.870949
0.735425 0.024545 0.022072 0.011826 0.000775 0.193678 0.011677 2.873354
0.735478 0.024537 0.022021 0.011836 0.000774 0.193666 0.011688 2.875770
0.735492 0.024484 0.021978 0.011820 0.000773 0.193753 0.011701 2.878166
