0.361695 0.060875 0.054658 0.031289 0.002066 0.483628 0.005789 1.588222
0.364168 0.058569 0.054517 0.031205 0.002068 0.483658 0.005816 1.594092
0.367325 0.055748 0.054260 0.030896 0.002063 0.483865 0.005843 1.599680
0.371025 0.052738 0.053913 0.030577 0.002051 0.483831 0.005865 1.605007
0.375138 0.049644 0.053427 0.030186 0.002034 0.483680 0.005891 1.610074
0.379517 0.046541 0.052813 0.029620 0.002033 0.483565 0.005912 1.614900
0.384001 0.043669 0.052006 0.029011 0.002022 0.483351 0.005940 1.619315
0.388601 0.040868 0.051266 0.028370 0.002022 0.482914 0.005960 1.623510
0.393360 0.038278 0.050251 0.027674 0.002010 0.482444 0.005984 1.627365
0.398152 0.035751 0.049152 0.026867 0.001999 0.482066 0.006013 1.631048
0.403050 0.033492 0.047965 0.026079 0.001984 0.481394 0.006037 1.634432
0.407926 0.031306 0.046783 0.025354 0.001962 0.480607 0.006063 1.637658
0.412908 0.029312 0.045510 0.024564 0.001956 0.479661 0.006090 1.640695
0.417959 0.027436 0.044212 0.023773 0.001948 0.478564 0.006108 1.643488
0.422905 0.025759 0.042819 0.022973 0.001940 0.477481 0.006124 1.646063
0.427982 0.024089 0.041389 0.022244 0.001900 0.476244 0.006153 1.648546
0.433046 0.022611 0.040062 0.021390 0.001878 0.474837 0.006177 1.650826
0.438124 0.021234 0.038706 0.020617 0.001870 0.473249 0.006199 1.652975
0.443304 0.019966 0.037334 0.019814 0.001842 0.471519 0.006221 1.654999
0.448504 0.018801 0.035989 0.019058 0.001804 0.469596 0.006248 1.656857
0.453662 0.017672 0.034667 0.018323 0.001780 0.467627 0.006268 1.658648
0.458728 0.016645 0.033364 0.017622 0.001743 0.465606 0.006291 1.660315
0.463890 0.015705 0.032102 0.016878 0.001724 0.463390 0.006312 1.661892
0.469159 0.014737 0.030842 0.016228 0.001705 0.460995 0.006333 1.663428
0.474282 0.013883 0.029676 0.015559 0.001683 0.458564 0.006354 1.664850
0.479553 0.013083 0.028531 0.014925 0.001662 0.455874 0.006371 1.666184
0.484728 0.012367 0.027335 0.014321 0.001618 0.453231 0.006400 1.667426
0.489845 0.011704 0.026245 0.013711 0.001604 0.450469 0.006421 1.668621
0.494935 0.011084 0.025180 0.013114 0.001589 0.447658 0.006440 1.669722
0.499986 0.010473 0.024156 0.012531 0.001555 0.444833 0.006465 1.670796
0.505025 0.009912 0.023174 0.012024 0.001525 0.441857 0.006483 1.671805
0.510170 0.009355 0.022296 0.011489 0.001496 0.438692 0.006502 1.672791
0.515178 0.008883 0.021384 0.010985 0.001468 0.435579 0.006522 1.673696
0.520158 0.008455 0.020490 0.010490 0.001433 0.432432 0.006543 1.674540
0.525126 0.008045 0.019542 0.010028 0.001390 0.429304 0.006566 1.675326
0.530127 0.007675 0.018695 0.009565 0.001362 0.425992 0.006586 1.676078
0.535054 0.007331 0.017859 0.009138 0.001350 0.422662 0.006605 1.676789
0.539853 0.006986 0.017100 0.008722 0.001324 0.419397 0.006618 1.677497
0.544818 0.006687 0.016337 0.008289 0.001288 0.415939 0.006643 1.678133
0.549647 0.006385 0.015602 0.007916 0.001260 0.412531 0.006659 1.678775
0.554370 0.006111 0.014937 0.007553 0.001233 0.409119 0.006677 1.679399
0.559075 0.005864 0.014257 0.007210 0.001213 0.405691 0.006690 1.679966
0.563776 0.005626 0.013661 0.006884 0.001181 0.402165 0.006707 1.680529
0.568442 0.005374 0.013050 0.006587 0.001138 0.398684 0.006726 1.681056
0.573174 0.005162 0.012450 0.006296 0.001110 0.395066 0.006741 1.681547
0.577857 0.004949 0.011924 0.006028 0.001085 0.391403 0.006755 1.682045
0.582463 0.004710 0.011362 0.005779 0.001057 0.387860 0.006769 1.682522
0.587030 0.004488 0.010883 0.005533 0.001030 0.384251 0.006785 1.682994
0.591514 0.004321 0.010400 0.005278 0.001004 0.380684 0.006799 1.683410
0.596107 0.004164 0.009926 0.005023 0.000978 0.376990 0.006814 1.683813
0.600524 0.004002 0.009525 0.004790 0.000954 0.373382 0.006826 1.684231
0.604924 0.003839 0.009157 0.004587 0.000929 0.369722 0.006842 1.684627
0.609278 0.003692 0.008790 0.004407 0.000892 0.366083 0.006859 1.684987
0.613576 0.003566 0.008416 0.004205 0.000862 0.362502 0.006872 1.685339
0.617898 0.003458 0.008028 0.004022 0.000840 0.358869 0.006884 1.685641
0.622231 0.003340 0.007673 0.003845 0.000812 0.355203 0.006895 1.685960
0.626525 0.003214 0.007370 0.003669 0.000788 0.351527 0.006907 1.686280
0.630659 0.003103 0.007056 0.003522 0.000758 0.347981 0.006922 1.686580
0.634801 0.002973 0.006726 0.003381 0.000736 0.344448 0.006935 1.686882
0.638922 0.002872 0.006444 0.003203 0.000721 0.340897 0.006941 1.687149
0.643007 0.002740 0.006215 0.003068 0.000704 0.337316 0.006950 1.687439
0.647069 0.002635 0.005944 0.002944 0.000693 0.333756 0.006959 1.687706
0.651039 0.002528 0.005694 0.002816 0.000678 0.330277 0.006968 1.687959
0.654935 0.002445 0.005463 0.002691 0.000664 0.326826 0.006978 1.688200
0.658835 0.002358 0.005227 0.002566 0.000632 0.323391 0.006991 1.688438
0.662805 0.002279 0.005021 0.002473 0.000618 0.319807 0.006998 1.688664
0.666619 0.002183 0.004853 0.002377 0.000598 0.316365 0.007007 1.688901
0.670425 0.002111 0.004644 0.002275 0.000581 0.312954 0.007011 1.689118
0.674180 0.002035 0.004477 0.002194 0.000569 0.309524 0.007021 1.689328
0.677932 0.001966 0.004309 0.002102 0.000540 0.306120 0.007032 1.689519
0.681562 0.001901 0.004136 0.002011 0.000527 0.302825 0.007038 1.689712
0.685234 0.001836 0.003965 0.001917 0.000512 0.299489 0.007047 1.689898
0.688848 0.001782 0.003804 0.001860 0.000496 0.296154 0.007056 1.690080
0.692438 0.001747 0.003656 0.001777 0.000479 0.292839 0.007064 1.690247
0.695980 0.001684 0.003507 0.001714 0.000469 0.289576 0.007070 1.690426
0.699538 0.001634 0.003384 0.001648 0.000461 0.286260 0.007077 1.690589
0.702985 0.001603 0.003248 0.001562 0.000446 0.283073 0.007083 1.690735
0.706370 0.001559 0.003129 0.001502 0.000440 0.279915 0.007086 1.690886
0.709724 0.001521 0.002993 0.001441 0.000429 0.276803 0.007090 1.691028
0.713031 0.001485 0.002888 0.001391 0.000413 0.273697 0.007095 1.691172
0.716308 0.001431 0.002808 0.001333 0.000399 0.270618 0.007104 1.691323
0.719599 0.001401 0.002694 0.001266 0.000388 0.267542 0.007111 1.691446
0.722855 0.001358 0.002596 0.001212 0.000381 0.264482 0.007117 1.691579
0.726116 0.001330 0.002511 0.001170 0.000366 0.261387 0.007122 1.691702
0.729323 0.001277 0.002441 0.001144 0.000351 0.258338 0.007127 1.691841
0.732358 0.001253 0.002334 0.001100 0.000336 0.255483 0.007136 1.691967
0.735447 0.001214 0.002236 0.001069 0.000325 0.252569 0.007141 1.692089
0.738505 0.001185 0.002144 0.001020 0.000314 0.249688 0.007146 1.692202
0.741542 0.001148 0.002082 0.000990 0.000304 0.246781 0.007154 1.692319
0.744462 0.001114 0.002013 0.000958 0.000295 0.244000 0.007160 1.692431
0.747393 0.001071 0.001942 0.000924 0.000289 0.241219 0.007162 1.692546
0.750312 0.001040 0.001871 0.000890 0.000281 0.238441 0.007167 1.692648
0.753136 0.000998 0.001820 0.000870 0.000272 0.235733 0.007170 1.692762
0.755987 0.000960 0.001759 0.000854 0.000260 0.233004 0.007176 1.692872
0.758839 0.000949 0.001690 0.000827 0.000255 0.230263 0.007179 1.692955
0.761628 0.000925 0.001622 0.000793 0.000244 0.227602 0.007185 1.693048
0.764421 0.000909 0.001562 0.000758 0.000234 0.224926 0.007190 1.693127
0.767113 0.000883 0.001507 0.000733 0.000225 0.222346 0.007195 1.693212
0.769789 0.000856 0.001468 0.000715 0.000219 0.219756 0.007197 1.693302
0.772502 0.000842 0.001430 0.000682 0.000210 0.217133 0.007202 1.693378
0.775154 0.000831 0.001390 0.000654 0.000209 0.214561 0.007203 1.693453
0.777794 0.000805 0.001334 0.000641 0.000201 0.212022 0.007205 1.693548
0.780354 0.000784 0.001286 0.000617 0.000195 0.209556 0.007208 1.693627
0.782882 0.000770 0.001253 0.000593 0.000189 0.207103 0.007211 1.693710
0.785415 0.000742 0.001212 0.000574 0.000184 0.204662 0.007212 1.693789
0.787935 0.000739 0.001182 0.000549 0.000175 0.202206 0.007214 1.693857
0.790455 0.000711 0.001152 0.000530 0.000168 0.199768 0.007217 1.693930
0.792887 0.000691 0.001125 0.000518 0.000162 0.197397 0.007220 1.693998
0.795279 0.000677 0.001095 0.000503 0.000154 0.195069 0.007223 1.694066
0.797676 0.000655 0.001064 0.000483 0.000150 0.192747 0.007226 1.694130
0.800035 0.000645 0.001036 0.000465 0.000147 0.190446 0.007227 1.694193
0.802284 0.000634 0.001010 0.000450 0.000145 0.188249 0.007229 1.694256
0.804647 0.000638 0.000969 0.000431 0.000142 0.185942 0.007232 1.694304
0.806922 0.000620 0.000940 0.000423 0.000136 0.183726 0.007234 1.694366
0.809187 0.000620 0.000911 0.000410 0.000134 0.181506 0.007234 1.694419
0.811430 0.000584 0.000907 0.000407 0.000130 0.179307 0.007236 1.694490
0.813616 0.000568 0.000880 0.000389 0.000122 0.177188 0.007238 1.694546
0.815754 0.000561 0.000852 0.000383 0.000121 0.175089 0.007240 1.694597
0.817929 0.000563 0.000822 0.000369 0.000118 0.172956 0.007244 1.694640
0.820035 0.000551 0.000801 0.000359 0.000113 0.170896 0.007246 1.694693
0.822149 0.000544 0.000761 0.000349 0.000109 0.168840 0.007249 1.694741
0.824265 0.000525 0.000736 0.000339 0.000108 0.166777 0.007251 1.694795
0.826280 0.000513 0.000719 0.000327 0.000104 0.164806 0.007252 1.694847
0.828289 0.000504 0.000708 0.000318 0.000102 0.162827 0.007253 1.694900
0.830269 0.000485 0.000694 0.000315 0.000099 0.160885 0.007254 1.694957
0.832170 0.000466 0.000681 0.000310 0.000094 0.159025 0.007255 1.695010
0.834048 0.000456 0.000669 0.000299 0.000093 0.157180 0.007257 1.695058
0.835976 0.000457 0.000644 0.000292 0.000089 0.155284 0.007259 1.695098
0.837843 0.000445 0.000619 0.000285 0.000086 0.153465 0.007259 1.695138
0.839718 0.000429 0.000606 0.000283 0.000085 0.151619 0.007260 1.695186
0.841583 0.000423 0.000590 0.000274 0.000082 0.149788 0.007260 1.695222
0.843407 0.000415 0.000571 0.000270 0.000079 0.147997 0.007261 1.695260
0.845221 0.000413 0.000559 0.000269 0.000075 0.146202 0.007262 1.695300
0.847031 0.000405 0.000543 0.000265 0.000070 0.144423 0.007263 1.695341
0.848715 0.000378 0.000538 0.000258 0.000069 0.142777 0.007265 1.695388
0.850497 0.000373 0.000534 0.000253 0.000066 0.141012 0.007266 1.695424
0.852213 0.000369 0.000517 0.000244 0.000063 0.139327 0.007267 1.695457
0.853891 0.000366 0.000512 0.000231 0.000061 0.137670 0.007269 1.695491
0.855571 0.000353 0.000499 0.000227 0.000058 0.136022 0.007270 1.695528
0.857198 0.000346 0.000488 0.000217 0.000055 0.134424 0.007273 1.695562
0.858785 0.000342 0.000476 0.000213 0.000054 0.132857 0.007273 1.695596
0.860346 0.000332 0.000465 0.000202 0.000054 0.131329 0.007273 1.695628
0.861902 0.000327 0.000456 0.000196 0.000054 0.129793 0.007274 1.695659
0.863471 0.000323 0.000440 0.000191 0.000053 0.128246 0.007276 1.695687
0.865012 0.000309 0.000434 0.000192 0.000051 0.126726 0.007276 1.695723
0.866517 0.000309 0.000415 0.000191 0.000051 0.125241 0.007277 1.695747
0.867982 0.000309 0.000406 0.000184 0.000050 0.123792 0.007278 1.695774
0.869424 0.000301 0.000400 0.000186 0.000048 0.122361 0.007280 1.695806
0.870845 0.000290 0.000385 0.000189 0.000046 0.120965 0.007280 1.695836
0.872295 0.000280 0.000378 0.000185 0.000046 0.119535 0.007283 1.695868
0.873718 0.000274 0.000370 0.000178 0.000045 0.118133 0.007283 1.695892
0.875127 0.000272 0.000364 0.000173 0.000045 0.116736 0.007283 1.695916
0.876521 0.000267 0.000347 0.000162 0.000044 0.115376 0.007283 1.695942
0.877814 0.000267 0.000340 0.000155 0.000041 0.114100 0.007284 1.695962
0.879112 0.000259 0.000332 0.000148 0.000039 0.112826 0.007285 1.695990
0.880395 0.000258 0.000333 0.000146 0.000037 0.111544 0.007286 1.696017
0.881646 0.000249 0.000322 0.000149 0.000036 0.110311 0.007286 1.696045
0.882848 0.000246 0.000320 0.000149 0.000035 0.109115 0.007287 1.696072
0.884067 0.000233 0.000313 0.000155 0.000034 0.107912 0.007287 1.696102
0.885188 0.000234 0.000306 0.000148 0.000031 0.106807 0.007287 1.696125
0.886328 0.000231 0.000299 0.000146 0.000030 0.105679 0.007287 1.696148
0.887499 0.000225 0.000303 0.000142 0.000029 0.104515 0.007288 1.696177
0.888648 0.000223 0.000291 0.000141 0.000027 0.103381 0.007289 1.696197
0.889729 0.000224 0.000283 0.000135 0.000026 0.102314 0.007290 1.696216
0.890794 0.000228 0.000281 0.000131 0.000025 0.101249 0.007292 1.696234
0.891845 0.000216 0.000279 0.000134 0.000025 0.100209 0.007292 1.696266
0.892872 0.000218 0.000267 0.000130 0.000024 0.099198 0.007292 1.696282
0.893873 0.000211 0.000264 0.000134 0.000023 0.098203 0.007292 1.696308
0.894874 0.000209 0.000262 0.000130 0.000022 0.097211 0.007293 1.696325
0.895834 0.000198 0.000259 0.000127 0.000021 0.096267 0.007293 1.696351
0.896784 0.000189 0.000263 0.000125 0.000021 0.095325 0.007293 1.696377
0.897715 0.000184 0.000252 0.000121 0.000021 0.094415 0.007293 1.696397
0.898621 0.000182 0.000242 0.000118 0.000021 0.093522 0.007293 1.696414
0.899512 0.000182 0.000235 0.000117 0.000021 0.092640 0.007293 1.696434
0.900404 0.000183 0.000235 0.000113 0.000021 0.091752 0.007293 1.696453
0.901263 0.000186 0.000226 0.000114 0.000019 0.090900 0.007293 1.696468
0.902105 0.000189 0.000222 0.000111 0.000019 0.090061 0.007293 1.696481
0.902922 0.000190 0.000217 0.000112 0.000018 0.089248 0.007293 1.696499
0.903710 0.000190 0.000218 0.000113 0.000018 0.088457 0.007293 1.696520
0.904503 0.000186 0.000215 0.000112 0.000018 0.087673 0.007294 1.696537
0.905233 0.000184 0.000211 0.000111 0.000018 0.086948 0.007294 1.696555
0.905964 0.000178 0.000212 0.000108 0.000018 0.086226 0.007294 1.696574
0.906734 0.000172 0.000211 0.000109 0.000018 0.085462 0.007294 1.696595
0.907463 0.000165 0.000209 0.000108 0.000018 0.084743 0.007294 1.696614
0.908146 0.000157 0.000204 0.000109 0.000017 0.084072 0.007295 1.696633
0.908831 0.000157 0.000205 0.000106 0.000015 0.083391 0.007295 1.696649
0.909472 0.000155 0.000199 0.000099 0.000016 0.082765 0.007295 1.696665
0.910130 0.000148 0.000198 0.000095 0.000015 0.082119 0.007295 1.696682
0.910747 0.000152 0.000197 0.000091 0.000014 0.081505 0.007295 1.696694
0.911330 0.000152 0.000191 0.000091 0.000014 0.080928 0.007295 1.696706
0.911954 0.000150 0.000180 0.000089 0.000014 0.080318 0.007295 1.696718
0.912556 0.000149 0.000176 0.000086 0.000014 0.079723 0.007295 1.696731
0.913098 0.000146 0.000173 0.000083 0.000014 0.079190 0.007295 1.696746
0.913666 0.000146 0.000167 0.000080 0.000014 0.078632 0.007295 1.696758
0.914221 0.000141 0.000167 0.000080 0.000012 0.078083 0.007296 1.696774
0.914777 0.000135 0.000163 0.000079 0.000012 0.077537 0.007297 1.696787
0.915286 0.000134 0.000157 0.000078 0.000012 0.077037 0.007297 1.696800
0.915802 0.000132 0.000161 0.000075 0.000012 0.076522 0.007297 1.696811
0.916283 0.000128 0.000161 0.000072 0.000012 0.076047 0.007297 1.696824
0.916824 0.000126 0.000155 0.000071 0.000012 0.075515 0.007297 1.696833
0.917312 0.000121 0.000154 0.000073 0.000011 0.075032 0.007298 1.696845
0.917760 0.000121 0.000145 0.000071 0.000010 0.074594 0.007298 1.696854
0.918214 0.000117 0.000148 0.000065 0.000010 0.074148 0.007298 1.696867
0.918632 0.000115 0.000146 0.000065 0.000010 0.073734 0.007298 1.696881
0.919024 0.000110 0.000145 0.000064 0.000009 0.073349 0.007298 1.696893
0.919393 0.000115 0.000140 0.000063 0.000009 0.072981 0.007298 1.696904
0.919788 0.000109 0.000137 0.000064 0.000008 0.072595 0.007299 1.696916
0.920174 0.000112 0.000133 0.000062 0.000008 0.072212 0.007299 1.696924
0.920547 0.000114 0.000126 0.000063 0.000008 0.071842 0.007299 1.696932
0.920921 0.000112 0.000123 0.000064 0.000007 0.071474 0.007299 1.696945
0.921273 0.000107 0.000122 0.000062 0.000007 0.071129 0.007299 1.696956
0.921612 0.000105 0.000114 0.000061 0.000007 0.070801 0.007299 1.696965
0.921947 0.000106 0.000109 0.000060 0.000007 0.070473 0.007299 1.696971
0.922278 0.000106 0.000101 0.000057 0.000007 0.070150 0.007299 1.696978
0.922594 0.000103 0.000102 0.000060 0.000007 0.069836 0.007299 1.696991
0.922918 0.000100 0.000101 0.000059 0.000009 0.069514 0.007299 1.697002
0.923202 0.000097 0.000099 0.000059 0.000008 0.069235 0.007299 1.697014
0.923487 0.000104 0.000096 0.000057 0.000008 0.068947 0.007299 1.697022
0.923782 0.000102 0.000097 0.000060 0.000009 0.068650 0.007299 1.697035
0.924096 0.000103 0.000098 0.000057 0.000009 0.068337 0.007299 1.697043
0.924371 0.000099 0.000099 0.000057 0.000010 0.068065 0.007299 1.697055
0.924654 0.000098 0.000099 0.000057 0.000009 0.067782 0.007300 1.697063
0.924917 0.000099 0.000097 0.000054 0.000010 0.067522 0.007300 1.697071
0.925177 0.000095 0.000101 0.000050 0.000010 0.067266 0.007300 1.697083
0.925426 0.000098 0.000101 0.000051 0.000009 0.067014 0.007300 1.697092
0.925682 0.000095 0.000100 0.000050 0.000009 0.066764 0.007300 1.697103
0.925911 0.000098 0.000099 0.000050 0.000008 0.066533 0.007300 1.697108
0.926131 0.000099 0.000101 0.000050 0.000007 0.066309 0.007301 1.697121
0.926352 0.000095 0.000100 0.000050 0.000007 0.066095 0.007301 1.697132
0.926540 0.000088 0.000102 0.000048 0.000006 0.065913 0.007301 1.697143
0.926748 0.000089 0.000101 0.000046 0.000006 0.065708 0.007301 1.697150
0.926929 0.000086 0.000100 0.000045 0.000007 0.065531 0.007301 1.697161
0.927115 0.000083 0.000101 0.000044 0.000007 0.065349 0.007301 1.697172
0.927311 0.000077 0.000100 0.000044 0.000007 0.065161 0.007301 1.697185
0.927485 0.000071 0.000099 0.000046 0.000007 0.064990 0.007301 1.697195
0.927651 0.000071 0.000099 0.000043 0.000006 0.064827 0.007302 1.697201
0.927831 0.000075 0.000093 0.000041 0.000006 0.064651 0.007302 1.697207
0.928003 0.000074 0.000093 0.000041 0.000005 0.064482 0.007302 1.697214
0.928184 0.000073 0.000091 0.000041 0.000005 0.064304 0.007302 1.697221
0.928351 0.000073 0.000090 0.000039 0.000006 0.064138 0.007302 1.697229
0.928497 0.000074 0.000089 0.000035 0.000006 0.063996 0.007302 1.697235
0.928678 0.000074 0.000089 0.000033 0.000005 0.063818 0.007302 1.697241
0.928826 0.000072 0.000086 0.000033 0.000005 0.063675 0.007302 1.697247
0.928973 0.000069 0.000082 0.000034 0.000005 0.063534 0.007302 1.697255
0.929120 0.000067 0.000078 0.000032 0.000006 0.063395 0.007302 1.697262
0.929265 0.000065 0.000078 0.000032 0.000005 0.063251 0.007302 1.697268
0.929396 0.000062 0.000078 0.000033 0.000005 0.063123 0.007302 1.697277
0.929542 0.000064 0.000072 0.000032 0.000005 0.062983 0.007302 1.697281
0.929666 0.000067 0.000069 0.000032 0.000005 0.062858 0.007302 1.697284
0.929817 0.000066 0.000070 0.000032 0.000006 0.062706 0.007302 1.697288
0.929933 0.000065 0.000070 0.000032 0.000005 0.062593 0.007302 1.697295
0.930047 0.000066 0.000069 0.000031 0.000005 0.062479 0.007302 1.697302
0.930178 0.000063 0.000068 0.000031 0.000005 0.062353 0.007302 1.697308
0.930300 0.000060 0.000066 0.000031 0.000005 0.062235 0.007302 1.697314
0.930414 0.000056 0.000064 0.000034 0.000005 0.062124 0.007302 1.697323
0.930511 0.000056 0.000062 0.000034 0.000006 0.062029 0.007302 1.697329
0.930617 0.000055 0.000060 0.000033 0.000006 0.061926 0.007302 1.697333
0.930713 0.000056 0.000060 0.000032 0.000005 0.061831 0.007303 1.697340
0.930801 0.000054 0.000059 0.000033 0.000005 0.061743 0.007303 1.697348
0.930903 0.000050 0.000061 0.000033 0.000006 0.061644 0.007303 1.697357
0.931001 0.000048 0.000060 0.000032 0.000005 0.061550 0.007303 1.697363
0.931088 0.000050 0.000060 0.000031 0.000005 0.061463 0.007303 1.697366
0.931193 0.000049 0.000056 0.000030 0.000005 0.061364 0.007303 1.697369
0.931273 0.000051 0.000057 0.000029 0.000005 0.061281 0.007303 1.697373
0.931359 0.000051 0.000055 0.000029 0.000005 0.061197 0.007303 1.697376
0.931451 0.000047 0.000057 0.000034 0.000005 0.061103 0.007303 1.697386
0.931524 0.000047 0.000058 0.000030 0.000005 0.061033 0.007303 1.697390
0.931598 0.000047 0.000056 0.000031 0.000004 0.060960 0.007304 1.697394
0.931673 0.000049 0.000053 0.000031 0.000005 0.060885 0.007304 1.697397
0.931754 0.000048 0.000051 0.000030 0.000005 0.060807 0.007304 1.697401
0.931829 0.000047 0.000048 0.000031 0.000005 0.060735 0.007304 1.697407
0.931903 0.000048 0.000049 0.000030 0.000005 0.060661 0.007304 1.697412
0.931982 0.000047 0.000049 0.000031 0.000005 0.060582 0.007304 1.697417
0.932049 0.000043 0.000048 0.000031 0.000005 0.060519 0.007304 1.697424
0.932113 0.000043 0.000049 0.000031 0.000004 0.060456 0.007304 1.697430
0.932181 0.000043 0.000050 0.000030 0.000004 0.060388 0.007304 1.697434
0.932251 0.000045 0.000049 0.000027 0.000004 0.060320 0.007304 1.697438
0.932305 0.000042 0.000048 0.000026 0.000005 0.060269 0.007304 1.697444
0.932361 0.000046 0.000046 0.000027 0.000005 0.060212 0.007304 1.697446
0.932423 0.000048 0.000044 0.000027 0.000005 0.060149 0.007305 1.697449
0.932474 0.000048 0.000044 0.000026 0.000004 0.060098 0.007305 1.697453
0.932530 0.000049 0.000044 0.000025 0.000004 0.060044 0.007305 1.697456
0.932583 0.000048 0.000045 0.000024 0.000004 0.059991 0.007305 1.697462
0.932646 0.000046 0.000044 0.000022 0.000004 0.059932 0.007305 1.697466
0.932696 0.000047 0.000043 0.000024 0.000003 0.059881 0.007305 1.697470
0.932737 0.000047 0.000043 0.000022 0.000003 0.059842 0.007305 1.697474
0.932788 0.000045 0.000044 0.000022 0.000003 0.059792 0.007305 1.697480
0.932827 0.000044 0.000044 0.000021 0.000003 0.059755 0.007305 1.697485
0.932867 0.000044 0.000043 0.000020 0.000003 0.059718 0.007306 1.697490
0.932910 0.000041 0.000045 0.000020 0.000003 0.059675 0.007306 1.697495
0.932949 0.000042 0.000046 0.000020 0.000003 0.059634 0.007306 1.697498
0.932996 0.000037 0.000049 0.000020 0.000002 0.059589 0.007306 1.697504
0.933032 0.000040 0.000047 0.000019 0.000002 0.059555 0.007306 1.697506
0.933070 0.000041 0.000049 0.000019 0.000002 0.059512 0.007306 1.697510
0.933104 0.000043 0.000049 0.000019 0.000002 0.059477 0.007306 1.697514
0.933143 0.000042 0.000049 0.000019 0.000002 0.059438 0.007306 1.697518
0.933185 0.000040 0.000049 0.000018 0.000002 0.059400 0.007306 1.697523
0.933234 0.000039 0.000050 0.000018 0.000002 0.059352 0.007306 1.697527
0.933258 0.000041 0.000049 0.000019 0.000002 0.059324 0.007306 1.697532
0.933292 0.000037 0.000052 0.000019 0.000002 0.059291 0.007306 1.697539
0.933328 0.000037 0.000052 0.000019 0.000002 0.059255 0.007306 1.697541
0.933351 0.000038 0.000051 0.000019 0.000002 0.059232 0.007306 1.697546
0.933374 0.000038 0.000052 0.000020 0.000002 0.059207 0.007306 1.697550
0.933393 0.000037 0.000054 0.000019 0.000002 0.059188 0.007306 1.697556
0.933424 0.000038 0.000054 0.000019 0.000002 0.059157 0.007306 1.697561
0.933447 0.000041 0.000053 0.000018 0.000002 0.059133 0.007306 1.697564
0.933476 0.000040 0.000051 0.000018 0.000002 0.059107 0.007306 1.697567
0.933504 0.000040 0.000048 0.000018 0.000002 0.059082 0.007306 1.697571
0.933529 0.000041 0.000048 0.000016 0.000002 0.059057 0.007306 1.697574
0.933557 0.000041 0.000050 0.000017 0.000002 0.059027 0.007306 1.697577
0.933582 0.000041 0.000048 0.000015 0.000002 0.059006 0.007306 1.697581
0.933604 0.000044 0.000049 0.000014 0.000002 0.058981 0.007306 1.697584
0.933633 0.000044 0.000045 0.000015 0.000002 0.058955 0.007306 1.697586
0.933658 0.000044 0.000044 0.000016 0.000002 0.058930 0.007306 1.697591
0.933679 0.000045 0.000040 0.000016 0.000002 0.058911 0.007306 1.697593
0.933695 0.000041 0.000043 0.000016 0.000002 0.058897 0.007306 1.697600
0.933720 0.000039 0.000043 0.000015 0.000002 0.058875 0.007306 1.697605
0.933742 0.000035 0.000046 0.000016 0.000002 0.058853 0.007306 1.697612
0.933760 0.000037 0.000042 0.000017 0.000002 0.058837 0.007306 1.697615
0.933785 0.000034 0.000043 0.000018 0.000002 0.058812 0.007306 1.697620
0.933800 0.000035 0.000040 0.000017 0.000002 0.058800 0.007306 1.697623
0.933821 0.000035 0.000039 0.000016 0.000003 0.058780 0.007306 1.697627
0.933845 0.000034 0.000040 0.000016 0.000003 0.058755 0.007306 1.697630
0.933871 0.000034 0.000040 0.000015 0.000003 0.058731 0.007306 1.697634
0.933893 0.000030 0.000040 0.000016 0.000003 0.058714 0.007306 1.697640
0.933906 0.000028 0.000039 0.000016 0.000003 0.058701 0.007306 1.697643
0.933923 0.000031 0.000036 0.000015 0.000003 0.058686 0.007306 1.697644
0.933938 0.000031 0.000038 0.000014 0.000003 0.058669 0.007306 1.697647
0.933962 0.000031 0.000036 0.000014 0.000002 0.058649 0.007306 1.697649
0.933978 0.000029 0.000035 0.000013 0.000002 0.058635 0.007306 1.697651
0.934000 0.000027 0.000034 0.000014 0.000002 0.058616 0.007306 1.697654
0.934019 0.000026 0.000036 0.000014 0.000002 0.058596 0.007306 1.697658
0.934039 0.000024 0.000033 0.000013 0.000002 0.058582 0.007306 1.697660
0.934055 0.000025 0.000033 0.000014 0.000002 0.058563 0.007306 1.697663
0.934076 0.000025 0.000033 0.000015 0.000002 0.058542 0.007306 1.697665
0.934095 0.000025 0.000032 0.000015 0.000002 0.058525 0.007306 1.697667
0.934113 0.000027 0.000032 0.000013 0.000002 0.058508 0.007306 1.697669
0.934127 0.000025 0.000033 0.000013 0.000002 0.058494 0.007306 1.697672
0.934142 0.000024 0.000031 0.000013 0.000002 0.058481 0.007306 1.697673
0.934159 0.000023 0.000027 0.000014 0.000002 0.058469 0.007306 1.697675
0.934171 0.000023 0.000027 0.000013 0.000002 0.058458 0.007306 1.697677
0.934187 0.000023 0.000025 0.000012 0.000002 0.058447 0.007306 1.697679
0.934199 0.000022 0.000023 0.000011 0.000002 0.058437 0.007306 1.697681
0.934213 0.000022 0.000022 0.000011 0.000002 0.058425 0.007306 1.697683
0.934225 0.000019 0.000022 0.000011 0.000002 0.058415 0.007306 1.697687
0.934235 0.000017 0.000021 0.000011 0.000002 0.058406 0.007306 1.697689
0.934246 0.000017 0.000021 0.000010 0.000001 0.058397 0.007307 1.697690
0.934263 0.000015 0.000021 0.000012 0.000001 0.058382 0.007307 1.697693
0.934275 0.000014 0.000023 0.000010 0.000001 0.058369 0.007307 1.697697
0.934291 0.000014 0.000022 0.000010 0.000001 0.058355 0.007307 1.697699
0.934305 0.000014 0.000024 0.000009 0.000001 0.058340 0.007307 1.697701
0.934317 0.000013 0.000024 0.000010 0.000000 0.058329 0.007307 1.697704
0.934330 0.000013 0.000023 0.000010 0.000000 0.058316 0.007307 1.697705
0.934347 0.000013 0.000020 0.000011 0.000000 0.058301 0.007307 1.697706
0.934360 0.000014 0.000020 0.000012 0.000000 0.058285 0.007307 1.697708
0.934369 0.000014 0.000021 0.000012 0.000000 0.058277 0.007307 1.697710
0.934378 0.000017 0.000022 0.000012 0.000000 0.058265 0.007307 1.697712
0.934390 0.000015 0.000023 0.000012 0.000000 0.058253 0.007307 1.697715
0.934394 0.000018 0.000023 0.000010 0.000000 0.058248 0.007307 1.697716
0.934407 0.000016 0.000022 0.000010 0.000000 0.058238 0.007307 1.697718
0.934414 0.000016 0.000019 0.000010 0.000000 0.058233 0.007307 1.697719
0.934423 0.000016 0.000019 0.000010 0.000000 0.058224 0.007307 1.697720
0.934429 0.000017 0.000019 0.000010 0.000000 0.058217 0.007307 1.697722
0.934441 0.000016 0.000018 0.000010 0.000000 0.058207 0.007307 1.697724
0.934447 0.000017 0.000017 0.000010 0.000000 0.058201 0.007307 1.697724
0.934455 0.000017 0.000016 0.000010 0.000000 0.058195 0.007307 1.697725
0.934466 0.000017 0.000015 0.000010 0.000000 0.058185 0.007307 1.697725
0.934477 0.000017 0.000015 0.000010 0.000000 0.058173 0.007307 1.697726
0.934487 0.000016 0.000015 0.000010 0.000000 0.058164 0.007307 1.697727
0.934494 0.000017 0.000013 0.000010 0.000000 0.058159 0.007307 1.697729
0.934504 0.000018 0.000014 0.000010 0.000000 0.058148 0.007307 1.697729
0.934511 0.000018 0.000015 0.000008 0.000000 0.058140 0.007307 1.697731
0.934519 0.000018 0.000015 0.000008 0.000000 0.058133 0.007307 1.697732
0.934526 0.000018 0.000014 0.000008 0.000000 0.058127 0.007307 1.697733
0.934533 0.000018 0.000015 0.000007 0.000000 0.058121 0.007307 1.697735
0.934537 0.000018 0.000015 0.000007 0.000000 0.058116 0.007307 1.697737
0.934543 0.000018 0.000015 0.000007 0.000000 0.058111 0.007307 1.697739
0.934548 0.000019 0.000016 0.000007 0.000000 0.058103 0.007307 1.697740
0.934554 0.000018 0.000017 0.000007 0.000000 0.058098 0.007307 1.697743
0.934557 0.000019 0.000018 0.000006 0.000000 0.058093 0.007307 1.697744
0.934562 0.000019 0.000019 0.000006 0.000000 0.058088 0.007307 1.697745
0.934567 0.000019 0.000019 0.000005 0.000000 0.058082 0.007307 1.697747
0.934575 0.000019 0.000018 0.000006 0.000000 0.058075 0.007307 1.697748
0.934582 0.000018 0.000020 0.000006 0.000000 0.058067 0.007307 1.697751
0.934588 0.000017 0.000020 0.000006 0.000000 0.058061 0.007307 1.697753
0.934592 0.000018 0.000021 0.000007 0.000000 0.058055 0.007307 1.697754
0.934593 0.000021 0.000021 0.000007 0.000000 0.058051 0.007307 1.697755
0.934596 0.000022 0.000019 0.000008 0.000000 0.058049 0.007307 1.697757
0.934601 0.000022 0.000018 0.000007 0.000000 0.058045 0.007307 1.697758
0.934605 0.000024 0.000015 0.000007 0.000000 0.058043 0.007307 1.697760
0.934609 0.000022 0.000017 0.000007 0.000000 0.058039 0.007307 1.697762
0.934612 0.000021 0.000018 0.000007 0.000000 0.058036 0.007307 1.697765
0.934615 0.000021 0.000017 0.000007 0.000000 0.058034 0.007307 1.697768
0.934623 0.000019 0.000016 0.000006 0.000000 0.058029 0.007307 1.697769
0.934627 0.000019 0.000015 0.000005 0.000000 0.058027 0.007307 1.697770
0.934632 0.000021 0.000015 0.000005 0.000000 0.058020 0.007307 1.697771
0.934639 0.000018 0.000015 0.000006 0.000000 0.058016 0.007307 1.697773
0.934641 0.000018 0.000014 0.000006 0.000000 0.058015 0.007307 1.697775
0.934646 0.000017 0.000015 0.000007 0.000000 0.058009 0.007307 1.697777
0.934652 0.000016 0.000014 0.000006 0.000000 0.058004 0.007307 1.697778
0.934654 0.000017 0.000013 0.000006 0.000000 0.058004 0.007307 1.697779
0.934658 0.000018 0.000012 0.000006 0.000000 0.058000 0.007307 1.697779
0.934661 0.000020 0.000010 0.000005 0.000000 0.057997 0.007307 1.697779
0.934664 0.000018 0.000012 0.000006 0.000000 0.057994 0.007307 1.697782
0.934668 0.000017 0.000012 0.000006 0.000000 0.057991 0.007307 1.697784
0.934669 0.000019 0.000012 0.000006 0.000000 0.057987 0.007307 1.697785
0.934673 0.000018 0.000014 0.000006 0.000000 0.057982 0.007307 1.697787
0.934675 0.000018 0.000016 0.000006 0.000000 0.057978 0.007307 1.697790
0.934677 0.000018 0.000014 0.000006 0.000000 0.057978 0.007307 1.697792
0.934682 0.000018 0.000015 0.000006 0.000000 0.057972 0.007307 1.697793
0.934683 0.000018 0.000015 0.000007 0.000000 0.057970 0.007307 1.697794
0.934685 0.000017 0.000018 0.000006 0.000000 0.057967 0.007307 1.697798
0.934688 0.000016 0.000018 0.000006 0.000000 0.057966 0.007307 1.697799
0.934688 0.000016 0.000018 0.000006 0.000000 0.057965 0.007307 1.697801
0.934686 0.000019 0.000017 0.000005 0.000000 0.057966 0.007307 1.697801
0.934685 0.000019 0.000018 0.000005 0.000000 0.057965 0.007307 1.697803
0.934684 0.000020 0.000018 0.000005 0.000000 0.057966 0.007307 1.697805
0.934687 0.000019 0.000016 0.000006 0.000000 0.057966 0.007307 1.697808
0.934688 0.000017 0.000018 0.000006 0.000000 0.057964 0.007307 1.697810
0.934692 0.000017 0.000016 0.000006 0.000000 0.057963 0.007307 1.697811
0.934689 0.000019 0.000016 0.000005 0.000000 0.057964 0.007307 1.697812
0.934691 0.000017 0.000017 0.000006 0.000000 0.057963 0.007307 1.697816
0.934691 0.000019 0.000016 0.000005 0.000000 0.057963 0.007307 1.697816
0.934693 0.000022 0.000016 0.000005 0.000000 0.057958 0.007307 1.697817
0.934694 0.000022 0.000017 0.000004 0.000000 0.057957 0.007307 1.697819
0.934694 0.000021 0.000017 0.000005 0.000000 0.057957 0.007307 1.697822
0.934694 0.000020 0.000017 0.000005 0.000000 0.057957 0.007307 1.697825
0.934693 0.000019 0.000018 0.000006 0.000000 0.057957 0.007307 1.697828
0.934692 0.000021 0.000017 0.000005 0.000000 0.057958 0.007307 1.697829
0.934690 0.000022 0.000018 0.000006 0.000000 0.057957 0.007307 1.697832
0.934689 0.000022 0.000019 0.000006 0.000000 0.057956 0.007307 1.697834
0.934690 0.000022 0.000019 0.000008 0.000000 0.057954 0.007307 1.697836
0.934689 0.000023 0.000019 0.000007 0.000000 0.057955 0.007307 1.697838
0.934689 0.000022 0.000021 0.000008 0.000000 0.057954 0.007307 1.697841
0.934689 0.000022 0.000020 0.000008 0.000000 0.057954 0.007307 1.697843
0.934687 0.000024 0.000019 0.000010 0.000000 0.057952 0.007307 1.697846
0.934686 0.000025 0.000020 0.000010 0.000000 0.057951 0.007307 1.697848
0.934686 0.000026 0.000022 0.000010 0.000000 0.057949 0.007307 1.697850
0.934687 0.000027 0.000020 0.000009 0.000000 0.057950 0.007307 1.697851
0.934689 0.000027 0.000018 0.000008 0.000000 0.057951 0.007307 1.697853
0.934688 0.000027 0.000019 0.000007 0.000000 0.057952 0.007307 1.697855
0.934689 0.000027 0.000020 0.000006 0.000000 0.057950 0.007307 1.697858
0.934686 0.000027 0.000022 0.000007 0.000000 0.057950 0.007307 1.697861
0.934686 0.000027 0.000024 0.000008 0.000000 0.057948 0.007307 1.697864
0.934688 0.000024 0.000023 0.000008 0.000000 0.057950 0.007307 1.697867
0.934688 0.000024 0.000021 0.000010 0.000000 0.057950 0.007307 1.697870
0.934690 0.000022 0.000021 0.000011 0.000000 0.057949 0.007307 1.697872
0.934692 0.000022 0.000018 0.000009 0.000000 0.057952 0.007307 1.697873
0.934693 0.000022 0.000018 0.000010 0.000000 0.057949 0.007307 1.697874
0.934693 0.000022 0.000018 0.000009 0.000000 0.057950 0.007307 1.697876
0.934691 0.000024 0.000018 0.000009 0.000000 0.057951 0.007307 1.697877
0.934692 0.000024 0.000020 0.000008 0.000000 0.057948 0.007307 1.697879
0.934693 0.000023 0.000022 0.000008 0.000000 0.057946 0.007307 1.697882
0.934689 0.000028 0.000020 0.000008 0.000000 0.057947 0.007307 1.697883
0.934691 0.000026 0.000019 0.000010 0.000000 0.057947 0.007307 1.697886
0.934688 0.000026 0.000019 0.000008 0.000000 0.057951 0.007307 1.697890
0.934687 0.000026 0.000019 0.000009 0.000000 0.057951 0.007307 1.697892
0.934688 0.000025 0.000021 0.000009 0.000000 0.057950 0.007307 1.697895
0.934685 0.000027 0.000023 0.000009 0.000000 0.057949 0.007307 1.697897
0.934684 0.000028 0.000023 0.000008 0.000000 0.057950 0.007307 1.697898
0.934681 0.000030 0.000022 0.000008 0.000000 0.057952 0.007307 1.697901
0.934683 0.000029 0.000022 0.000008 0.000000 0.057951 0.007307 1.697903
0.934683 0.000027 0.000022 0.000009 0.000000 0.057950 0.007307 1.697906
0.934684 0.000027 0.000020 0.000010 0.000000 0.057950 0.007307 1.697908
0.934685 0.000025 0.000022 0.000011 0.000000 0.057949 0.007307 1.697912
0.934683 0.000026 0.000022 0.000012 0.000000 0.057950 0.007307 1.697916
0.934680 0.000027 0.000023 0.000012 0.000000 0.057952 0.007307 1.697918
0.934678 0.000026 0.000024 0.000012 0.000000 0.057953 0.007307 1.697921
0.934677 0.000027 0.000024 0.000010 0.000000 0.057954 0.007307 1.697923
0.934677 0.000028 0.000023 0.000010 0.000000 0.057954 0.007307 1.697925
0.934674 0.000027 0.000023 0.000012 0.000000 0.057956 0.007307 1.697928
0.934675 0.000028 0.000022 0.000011 0.000000 0.057957 0.007307 1.697930
0.934673 0.000029 0.000021 0.000011 0.000001 0.057957 0.007307 1.697932
0.934673 0.000030 0.000021 0.000011 0.000001 0.057957 0.007307 1.697934
0.934672 0.000031 0.000020 0.000011 0.000001 0.057957 0.007307 1.697935
0.934671 0.000031 0.000020 0.000013 0.000001 0.057956 0.007307 1.697939
0.934668 0.000035 0.000017 0.000013 0.000001 0.057959 0.007307 1.697940
0.934665 0.000034 0.000019 0.000014 0.000001 0.057960 0.007307 1.697944
0.934662 0.000037 0.000019 0.000014 0.000001 0.057961 0.007307 1.697946
0.934664 0.000036 0.000019 0.000014 0.000000 0.057959 0.007307 1.697949
0.934664 0.000034 0.000022 0.000014 0.000000 0.057958 0.007307 1.697954
0.934663 0.000034 0.000023 0.000013 0.000001 0.057959 0.007307 1.697957
0.934663 0.000031 0.000024 0.000013 0.000001 0.057961 0.007307 1.697962
0.934663 0.000031 0.000024 0.000014 0.000001 0.057961 0.007307 1.697965
0.934663 0.000030 0.000024 0.000014 0.000001 0.057959 0.007307 1.697968
0.934661 0.000031 0.000025 0.000014 0.000000 0.057961 0.007307 1.697970
0.934658 0.000034 0.000024 0.000013 0.000000 0.057962 0.007307 1.697972
0.934656 0.000036 0.000024 0.000013 0.000000 0.057963 0.007307 1.697975
0.934655 0.000032 0.000025 0.000015 0.000000 0.057965 0.007307 1.697981
0.934652 0.000032 0.000026 0.000015 0.000000 0.057967 0.007307 1.697985
0.934651 0.000031 0.000026 0.000017 0.000000 0.057968 0.007307 1.697988
0.934648 0.000032 0.000025 0.000017 0.000000 0.057969 0.007307 1.697991
0.934647 0.000031 0.000025 0.000017 0.000000 0.057971 0.007307 1.697994
0.934646 0.000028 0.000027 0.000019 0.000000 0.057973 0.007307 1.697999
0.934649 0.000026 0.000027 0.000019 0.000000 0.057971 0.007307 1.698002
0.934646 0.000027 0.000027 0.000019 0.000000 0.057974 0.007307 1.698005
0.934649 0.000026 0.000026 0.000018 0.000000 0.057974 0.007307 1.698006
0.934647 0.000026 0.000026 0.000017 0.000000 0.057977 0.007307 1.698008
0.934648 0.000024 0.000025 0.000015 0.000000 0.057979 0.007307 1.698011
0.934648 0.000022 0.000026 0.000016 0.000000 0.057980 0.007307 1.698015
0.934647 0.000021 0.000027 0.000017 0.000000 0.057981 0.007307 1.698018
0.934647 0.000022 0.000026 0.000017 0.000000 0.057981 0.007307 1.698019
0.934647 0.000022 0.000027 0.000015 0.000000 0.057982 0.007307 1.698022
0.934649 0.000019 0.000027 0.000017 0.000000 0.057980 0.007307 1.698026
0.934647 0.000018 0.000029 0.000016 0.000000 0.057983 0.007307 1.698029
0.934647 0.000019 0.000024 0.000016 0.000000 0.057985 0.007307 1.698030
0.934645 0.000021 0.000024 0.000014 0.000000 0.057987 0.007307 1.698031
0.934646 0.000019 0.000024 0.000014 0.000000 0.057989 0.007307 1.698035
0.934646 0.000020 0.000024 0.000013 0.000000 0.057989 0.007307 1.698036
0.934644 0.000022 0.000024 0.000012 0.000000 0.057990 0.007307 1.698038
0.934648 0.000019 0.000025 0.000013 0.000000 0.057987 0.007307 1.698042
0.934648 0.000021 0.000024 0.000014 0.000000 0.057986 0.007307 1.698043
0.934649 0.000019 0.000025 0.000014 0.000000 0.057986 0.007307 1.698046
0.934646 0.000022 0.000022 0.000012 0.000000 0.057990 0.007307 1.698047
0.934646 0.000022 0.000024 0.000012 0.000000 0.057989 0.007307 1.698050
0.934644 0.000025 0.000023 0.000010 0.000000 0.057991 0.007307 1.698051
0.934644 0.000025 0.000023 0.000010 0.000000 0.057990 0.007307 1.698055
0.934648 0.000024 0.000022 0.000010 0.000000 0.057989 0.007307 1.698056
0.934649 0.000021 0.000022 0.000011 0.000000 0.057989 0.007307 1.698060
0.934650 0.000021 0.000021 0.000010 0.000000 0.057990 0.007307 1.698061
0.934650 0.000021 0.000022 0.000012 0.000000 0.057989 0.007307 1.698063
0.934651 0.000020 0.000022 0.000011 0.000000 0.057989 0.007307 1.698064
0.934650 0.000022 0.000022 0.000010 0.000000 0.057989 0.007307 1.698065
0.934651 0.000022 0.000022 0.000010 0.000000 0.057988 0.007307 1.698066
0.934650 0.000023 0.000021 0.000010 0.000000 0.057988 0.007307 1.698066
0.934650 0.000022 0.000021 0.000010 0.000000 0.057990 0.007307 1.698070
0.934649 0.000023 0.000021 0.000009 0.000000 0.057990 0.007307 1.698071
0.934649 0.000022 0.000021 0.000009 0.000000 0.057991 0.007307 1.698074
0.934649 0.000023 0.000019 0.000010 0.000000 0.057991 0.007307 1.698076
0.934649 0.000023 0.000019 0.000011 0.000000 0.057991 0.007307 1.698078
0.934648 0.000022 0.000022 0.000008 0.000000 0.057992 0.007307 1.698082
0.934648 0.000019 0.000021 0.000008 0.000000 0.057995 0.007307 1.698085
0.934649 0.000019 0.000022 0.000009 0.000000 0.057995 0.007307 1.698088
0.934649 0.000018 0.000022 0.000009 0.000000 0.057994 0.007307 1.698091
0.934650 0.000018 0.000019 0.000009 0.000000 0.057995 0.007307 1.698093
0.934649 0.000019 0.000019 0.000009 0.000000 0.057996 0.007307 1.698094
0.934649 0.000019 0.000018 0.000009 0.000000 0.057996 0.007307 1.698094
0.934651 0.000018 0.000019 0.000009 0.000000 0.057996 0.007307 1.698097
0.934652 0.000017 0.000019 0.000010 0.000000 0.057995 0.007307 1.698099
0.934654 0.000016 0.000018 0.000009 0.000000 0.057995 0.007307 1.698100
0.934654 0.000016 0.000017 0.000009 0.000000 0.057996 0.007307 1.698100
0.934653 0.000018 0.000016 0.000008 0.000000 0.057997 0.007307 1.698100
0.934652 0.000016 0.000018 0.000008 0.000000 0.057998 0.007307 1.698104
0.934651 0.000017 0.000017 0.000009 0.000000 0.057997 0.007307 1.698106
0.934655 0.000017 0.000018 0.000008 0.000000 0.057994 0.007307 1.698107
0.934655 0.000015 0.000018 0.000010 0.000000 0.057995 0.007307 1.698110
0.934657 0.000014 0.000018 0.000009 0.000000 0.057994 0.007307 1.698111
0.934657 0.000014 0.000019 0.000010 0.000000 0.057993 0.007307 1.698114
0.934660 0.000014 0.000017 0.000009 0.000000 0.057993 0.007307 1.698114
0.934661 0.000012 0.000018 0.000008 0.000000 0.057993 0.007307 1.698116
0.934660 0.000014 0.000017 0.000008 0.000000 0.057993 0.007307 1.698117
0.934661 0.000014 0.000017 0.000008 0.000000 0.057993 0.007307 1.698119
0.934663 0.000013 0.000017 0.000007 0.000000 0.057992 0.007307 1.698120
0.934663 0.000013 0.000016 0.000008 0.000000 0.057993 0.007307 1.698121
0.934665 0.000012 0.000015 0.000007 0.000000 0.057994 0.007307 1.698123
