0.999811 0.000144 0.000030 0.000015 0.000000 0.000000 0.000000
0.999756 0.000168 0.000025 0.000008 0.000000 0.000043 0.000000
0.999498 0.000397 0.000047 0.000028 0.000000 0.000030 0.000000
0.999223 0.000614 0.000079 0.000047 0.000000 0.000036 0.000000
0.998756 0.001019 0.000120 0.000058 0.000000 0.000047 0.000000
0.997975 0.001635 0.000220 0.000108 0.000000 0.000063 0.000000
0.996644 0.002746 0.000334 0.000181 0.000000 0.000095 0.000000
0.995070 0.004022 0.000514 0.000259 0.000000 0.000134 0.000000
0.992437 0.006162 0.000813 0.000363 0.000000 0.000224 0.000000
0.989308 0.008578 0.001200 0.000592 0.000000 0.000322 0.000000
0.984622 0.012147 0.001813 0.000952 0.000002 0.000465 0.000000
0.978761 0.016720 0.002467 0.001350 0.000001 0.000702 0.000000
0.970862 0.022716 0.003451 0.001897 0.000003 0.001070 0.000000
0.960671 0.030414 0.004840 0.002578 0.000011 0.001486 0.000000
0.947778 0.040001 0.006703 0.003457 0.000014 0.002049 0.000000
0.933048 0.050887 0.008711 0.004541 0.000020 0.002793 0.000000
0.916766 0.062670 0.011203 0.005741 0.000030 0.003590 0.000000
0.898824 0.075151 0.014124 0.007207 0.000035 0.004659 0.000000
0.879815 0.087767 0.017547 0.008870 0.000039 0.005962 0.000000
0.859581 0.100802 0.021334 0.010749 0.000047 0.007487 0.000000
0.838343 0.114127 0.025186 0.012849 0.000054 0.009441 0.000000
0.818311 0.126115 0.029080 0.015001 0.000066 0.011427 0.000000
0.795611 0.138996 0.033892 0.017444 0.000071 0.013987 0.000000
0.773750 0.150701 0.038765 0.019920 0.000084 0.016779 0.000000
0.750120 0.162391 0.044415 0.022870 0.000096 0.020108 0.000000
0.728345 0.172347 0.049783 0.025669 0.000112 0.023745 0.000000
0.705506 0.181921 0.055704 0.028803 0.000130 0.027937 0.000000
0.683103 0.190384 0.061751 0.031939 0.000151 0.032671 0.000000
0.661574 0.197327 0.067699 0.035218 0.000167 0.038014 0.000001
0.641016 0.202546 0.073772 0.038555 0.000187 0.043923 0.000001
0.622427 0.206302 0.079454 0.041528 0.000211 0.050078 0.000001
0.603438 0.208666 0.085496 0.044727 0.000240 0.057430 0.000001
0.587885 0.209174 0.090666 0.047462 0.000261 0.064551 0.000001
0.573230 0.208717 0.095617 0.049966 0.000287 0.072181 0.000001
0.560138 0.207258 0.099905 0.052227 0.000302 0.080167 0.000002
0.547390 0.205089 0.104159 0.054520 0.000337 0.088502 0.000002
0.536791 0.202123 0.107599 0.056310 0.000372 0.096803 0.000002
0.527603 0.198879 0.110324 0.057763 0.000404 0.105024 0.000003
0.517991 0.195577 0.113069 0.059234 0.000427 0.113696 0.000006
0.508121 0.192340 0.115724 0.060697 0.000458 0.122651 0.000009
0.499318 0.189346 0.117836 0.061870 0.000479 0.131138 0.000011
0.491298 0.185348 0.119726 0.062787 0.000500 0.140327 0.000013
0.483353 0.182472 0.121256 0.063579 0.000523 0.148804 0.000013
0.474202 0.179129 0.123021 0.064492 0.000552 0.158588 0.000015
0.466311 0.175415 0.124429 0.065318 0.000562 0.167946 0.000018
0.458770 0.171320 0.125443 0.065946 0.000581 0.177922 0.000019
0.451691 0.167218 0.126229 0.066503 0.000599 0.187738 0.000023
0.445442 0.163586 0.126907 0.066892 0.000628 0.196520 0.000025
0.438529 0.158735 0.127355 0.067349 0.000662 0.207344 0.000026
0.432954 0.154333 0.127491 0.067380 0.000703 0.217111 0.000026
0.427794 0.150436 0.127279 0.067234 0.000720 0.226511 0.000027
0.422846 0.146114 0.126955 0.067013 0.000735 0.236308 0.000028
0.417867 0.141768 0.126849 0.067014 0.000756 0.245714 0.000032
0.413408 0.137102 0.126440 0.066809 0.000777 0.255431 0.000033
0.410687 0.133092 0.125498 0.066359 0.000793 0.263537 0.000035
0.406985 0.127805 0.124254 0.065796 0.000833 0.274290 0.000037
0.405370 0.123778 0.122755 0.064990 0.000850 0.282218 0.000039
0.402519 0.119769 0.121474 0.064432 0.000860 0.290906 0.000041
0.400688 0.115577 0.119898 0.063486 0.000876 0.299431 0.000044
0.399039 0.112510 0.118259 0.062615 0.000893 0.306638 0.000047
0.396709 0.108612 0.116542 0.061671 0.000915 0.315500 0.000050
0.393859 0.105567 0.115099 0.060899 0.000937 0.323588 0.000051
0.392908 0.102892 0.113033 0.060072 0.000949 0.330093 0.000052
0.390058 0.099336 0.111323 0.059273 0.000957 0.338996 0.000058
0.388862 0.096002 0.109249 0.058196 0.000958 0.346668 0.000063
0.387146 0.092521 0.107645 0.057309 0.000971 0.354343 0.000065
0.386225 0.089458 0.105812 0.056265 0.000976 0.361196 0.000069
0.384616 0.086192 0.104068 0.055320 0.000995 0.368736 0.000073
0.384386 0.083210 0.101831 0.054115 0.001009 0.375371 0.000077
0.383510 0.079499 0.099701 0.053023 0.001019 0.383169 0.000080
0.384003 0.076833 0.097504 0.051841 0.001018 0.388717 0.000084
0.384120 0.073922 0.095274 0.050711 0.001021 0.394863 0.000088
0.384607 0.071614 0.093098 0.049622 0.001009 0.399960 0.000090
0.385164 0.069450 0.091170 0.048472 0.001013 0.404635 0.000095
0.386105 0.067037 0.088655 0.047285 0.001021 0.409797 0.000099
0.387100 0.064555 0.086369 0.046009 0.001029 0.414831 0.000106
0.388130 0.062427 0.084438 0.044949 0.001031 0.418917 0.000108
0.389459 0.060346 0.082523 0.043905 0.001034 0.422622 0.000111
0.391022 0.058302 0.080547 0.042749 0.001036 0.426232 0.000112
0.392495 0.056689 0.078374 0.041621 0.001041 0.429663 0.000117
0.394223 0.054404 0.076015 0.040314 0.001034 0.433888 0.000122
0.396099 0.052960 0.074130 0.039373 0.001033 0.436280 0.000125
0.397665 0.051312 0.072185 0.038403 0.001030 0.439280 0.000126
0.399757 0.049968 0.070204 0.037418 0.001032 0.441496 0.000126
0.401705 0.048769 0.068380 0.036584 0.001019 0.443415 0.000129
0.403709 0.047495 0.066883 0.035725 0.001017 0.445040 0.000131
0.406164 0.046070 0.064746 0.034621 0.000992 0.447269 0.000138
0.408499 0.044964 0.062966 0.033555 0.000989 0.448885 0.000142
0.410520 0.044009 0.061496 0.032771 0.000983 0.450075 0.000146
0.413010 0.043006 0.059796 0.031773 0.000970 0.451295 0.000150
0.415458 0.042297 0.058195 0.030937 0.000967 0.451990 0.000155
0.418238 0.041223 0.056269 0.029963 0.000956 0.453196 0.000156
0.420407 0.040757 0.055061 0.029297 0.000948 0.453370 0.000160
0.423064 0.040017 0.053593 0.028496 0.000926 0.453740 0.000163
0.425355 0.039493 0.052326 0.027808 0.000905 0.453947 0.000167
0.427782 0.038949 0.050955 0.027081 0.000882 0.454179 0.000172
0.430237 0.038568 0.049767 0.026540 0.000863 0.453848 0.000177
0.432573 0.038222 0.048663 0.025964 0.000859 0.453540 0.000179
0.434835 0.037839 0.047428 0.025397 0.000861 0.453460 0.000181
0.437253 0.037463 0.046518 0.024887 0.000864 0.452830 0.000184
0.439650 0.037195 0.045534 0.024380 0.000860 0.452197 0.000186
0.442191 0.036892 0.044371 0.023753 0.000835 0.451768 0.000190
0.444354 0.036802 0.043669 0.023419 0.000817 0.450747 0.000191
0.446675 0.036585 0.042865 0.022971 0.000798 0.449912 0.000193
0.448775 0.036436 0.042204 0.022582 0.000776 0.449029 0.000198
0.451441 0.036439 0.041366 0.022135 0.000758 0.447660 0.000200
0.453590 0.036278 0.040704 0.021798 0.000755 0.446674 0.000201
0.455699 0.036210 0.040022 0.021409 0.000744 0.445710 0.000206
0.458071 0.036244 0.039442 0.021138 0.000724 0.444173 0.000208
0.459911 0.036281 0.038997 0.020904 0.000719 0.442977 0.000211
0.462074 0.036240 0.038581 0.020668 0.000711 0.441513 0.000214
0.464262 0.036303 0.038225 0.020409 0.000700 0.439883 0.000218
0.466549 0.036455 0.037731 0.020126 0.000693 0.438224 0.000222
0.467942 0.036590 0.037543 0.020004 0.000678 0.437018 0.000225
0.469813 0.036770 0.037176 0.019757 0.000669 0.435587 0.000228
0.471599 0.036959 0.036838 0.019570 0.000656 0.434144 0.000235
0.473527 0.037151 0.036482 0.019423 0.000654 0.432524 0.000239
0.474887 0.037222 0.036293 0.019387 0.000641 0.431327 0.000244
0.476806 0.037462 0.036014 0.019227 0.000630 0.429613 0.000248
0.478307 0.037713 0.035737 0.019090 0.000625 0.428278 0.000250
0.480086 0.038032 0.035640 0.019005 0.000607 0.426379 0.000252
0.481404 0.038101 0.035604 0.018953 0.000603 0.425080 0.000255
0.482998 0.038276 0.035430 0.018922 0.000590 0.423532 0.000253
0.485066 0.037883 0.035412 0.018747 0.000578 0.422056 0.000258
0.487706 0.037010 0.035396 0.018588 0.000571 0.420470 0.000260
0.490394 0.035884 0.035360 0.018456 0.000574 0.419067 0.000266
0.493699 0.034539 0.035217 0.018228 0.000562 0.417488 0.000267
0.497251 0.033017 0.035039 0.018012 0.000562 0.415854 0.000265
0.500720 0.031488 0.034800 0.017660 0.000549 0.414512 0.000270
0.504676 0.029868 0.034443 0.017278 0.000546 0.412917 0.000273
0.508399 0.028324 0.033999 0.016895 0.000541 0.411568 0.000274
0.512553 0.026897 0.033405 0.016450 0.000530 0.409888 0.000276
0.516509 0.025369 0.032814 0.016052 0.000529 0.408449 0.000277
0.520501 0.023914 0.032233 0.015636 0.000527 0.406910 0.000280
0.524656 0.022599 0.031579 0.015225 0.000522 0.405137 0.000282
0.529384 0.021269 0.030813 0.014711 0.000514 0.403029 0.000281
0.533470 0.020030 0.030134 0.014220 0.000509 0.401353 0.000284
0.537975 0.018914 0.029352 0.013728 0.000502 0.399249 0.000281
0.542033 0.017791 0.028623 0.013254 0.000495 0.397517 0.000287
0.547067 0.016724 0.027803 0.012708 0.000494 0.394919 0.000286
0.551254 0.015669 0.027003 0.012243 0.000484 0.393062 0.000285
0.556105 0.014717 0.026160 0.011776 0.000468 0.390487 0.000287
0.560415 0.013755 0.025348 0.011323 0.000464 0.388401 0.000294
0.564791 0.012918 0.024574 0.010895 0.000458 0.386067 0.000296
0.568938 0.012107 0.023806 0.010520 0.000448 0.383889 0.000294
0.573492 0.011395 0.023007 0.010053 0.000437 0.381315 0.000300
0.577877 0.010717 0.022198 0.009691 0.000425 0.378793 0.000299
0.582592 0.010144 0.021399 0.009281 0.000413 0.375867 0.000304
0.586751 0.009549 0.020551 0.008823 0.000409 0.373611 0.000305
0.591201 0.008986 0.019784 0.008420 0.000402 0.370899 0.000308
0.595564 0.008458 0.019042 0.008030 0.000389 0.368205 0.000312
0.599892 0.008028 0.018232 0.007698 0.000378 0.365461 0.000311
0.604195 0.007596 0.017438 0.007348 0.000358 0.362751 0.000314
0.608644 0.007178 0.016749 0.007012 0.000348 0.359751 0.000317
0.612767 0.006732 0.016107 0.006712 0.000339 0.357021 0.000321
0.617261 0.006312 0.015371 0.006413 0.000338 0.353985 0.000320
0.621639 0.005957 0.014800 0.006106 0.000334 0.350844 0.000320
0.626060 0.005640 0.014183 0.005836 0.000325 0.347636 0.000320
0.630183 0.005294 0.013531 0.005607 0.000316 0.344750 0.000319
0.634027 0.005025 0.012990 0.005362 0.000303 0.341968 0.000325
0.638405 0.004757 0.012377 0.005120 0.000291 0.338730 0.000319
0.642351 0.004540 0.011878 0.004914 0.000284 0.335710 0.000323
0.646374 0.004294 0.011363 0.004690 0.000278 0.332679 0.000323
0.650365 0.004065 0.010797 0.004473 0.000272 0.329703 0.000325
0.654671 0.003830 0.010277 0.004285 0.000266 0.326347 0.000324
0.658565 0.003622 0.009837 0.004107 0.000258 0.323280 0.000330
0.662339 0.003454 0.009382 0.003887 0.000257 0.320354 0.000328
0.666269 0.003309 0.008994 0.003671 0.000251 0.317183 0.000322
0.670238 0.003155 0.008542 0.003480 0.000247 0.314010 0.000329
0.673934 0.003034 0.008136 0.003324 0.000235 0.311007 0.000329
0.677675 0.002890 0.007727 0.003191 0.000234 0.307951 0.000333
0.681369 0.002730 0.007425 0.003077 0.000225 0.304842 0.000331
0.685096 0.002600 0.007111 0.002925 0.000215 0.301716 0.000337
0.688771 0.002472 0.006767 0.002792 0.000217 0.298640 0.000341
0.692662 0.002404 0.006469 0.002628 0.000209 0.295291 0.000337
0.696317 0.002313 0.006160 0.002500 0.000203 0.292169 0.000338
0.700209 0.002212 0.005888 0.002392 0.000188 0.288779 0.000331
0.703725 0.002140 0.005638 0.002260 0.000183 0.285718 0.000336
0.707142 0.002049 0.005387 0.002149 0.000174 0.282761 0.000339
0.710863 0.001983 0.005123 0.002055 0.000170 0.279467 0.000339
0.714318 0.001897 0.004888 0.001989 0.000164 0.276409 0.000335
0.717484 0.001826 0.004708 0.001902 0.000160 0.273586 0.000335
0.720949 0.001722 0.004523 0.001824 0.000153 0.270487 0.000341
0.724289 0.001662 0.004338 0.001733 0.000156 0.267484 0.000337
0.727345 0.001594 0.004151 0.001663 0.000150 0.264751 0.000346
0.730976 0.001495 0.003951 0.001586 0.000139 0.261512 0.000341
0.734147 0.001459 0.003754 0.001532 0.000143 0.258625 0.000340
0.737088 0.001404 0.003581 0.001475 0.000140 0.255974 0.000339
0.740302 0.001375 0.003405 0.001423 0.000136 0.253015 0.000344
0.743904 0.001308 0.003228 0.001370 0.000135 0.249713 0.000343
0.746502 0.001234 0.003108 0.001299 0.000124 0.247389 0.000345
0.750130 0.001192 0.002950 0.001251 0.000115 0.244018 0.000344
0.752807 0.001161 0.002843 0.001184 0.000113 0.241552 0.000340
0.756053 0.001091 0.002690 0.001114 0.000111 0.238598 0.000343
0.759088 0.001064 0.002613 0.001093 0.000107 0.235687 0.000349
0.762185 0.001018 0.002492 0.001049 0.000103 0.232807 0.000347
0.764530 0.000977 0.002382 0.000989 0.000103 0.230672 0.000348
0.767376 0.000948 0.002263 0.000957 0.000100 0.228013 0.000342
0.770020 0.000917 0.002174 0.000927 0.000097 0.225521 0.000345
0.773171 0.000878 0.002027 0.000887 0.000095 0.222600 0.000343
0.775817 0.000844 0.001960 0.000857 0.000092 0.220086 0.000344
0.778331 0.000798 0.001896 0.000828 0.000088 0.217707 0.000352
0.781622 0.000770 0.001825 0.000802 0.000086 0.214545 0.000351
0.784290 0.000755 0.001742 0.000769 0.000083 0.212022 0.000339
0.786970 0.000740 0.001663 0.000741 0.000080 0.209463 0.000342
0.789249 0.000716 0.001616 0.000721 0.000084 0.207268 0.000346
0.792221 0.000688 0.001552 0.000692 0.000077 0.204419 0.000350
0.794921 0.000671 0.001488 0.000666 0.000076 0.201834 0.000344
0.797422 0.000659 0.001454 0.000635 0.000073 0.199415 0.000342
0.799743 0.000633 0.001375 0.000616 0.000070 0.197216 0.000347
0.802027 0.000616 0.001294 0.000585 0.000070 0.195064 0.000343
0.804791 0.000594 0.001236 0.000547 0.000067 0.192419 0.000347
0.806970 0.000596 0.001203 0.000524 0.000067 0.190294 0.000346
0.809507 0.000569 0.001141 0.000496 0.000065 0.187881 0.000342
0.812149 0.000547 0.001085 0.000489 0.000063 0.185325 0.000342
0.814311 0.000529 0.001046 0.000456 0.000064 0.183243 0.000351
0.816309 0.000546 0.001009 0.000448 0.000061 0.181279 0.000348
0.818776 0.000512 0.000973 0.000437 0.000060 0.178902 0.000341
0.821111 0.000487 0.000935 0.000436 0.000057 0.176629 0.000345
0.823257 0.000474 0.000896 0.000422 0.000058 0.174543 0.000351
0.825605 0.000448 0.000857 0.000416 0.000058 0.172276 0.000341
0.827664 0.000433 0.000850 0.000397 0.000056 0.170254 0.000346
0.829773 0.000420 0.000809 0.000381 0.000056 0.168212 0.000350
0.831794 0.000387 0.000775 0.000359 0.000060 0.166284 0.000342
0.833795 0.000388 0.000752 0.000334 0.000052 0.164333 0.000346
0.836057 0.000369 0.000717 0.000320 0.000053 0.162139 0.000345
0.838363 0.000355 0.000700 0.000304 0.000052 0.159873 0.000352
0.840376 0.000334 0.000675 0.000293 0.000051 0.157924 0.000346
0.842517 0.000326 0.000649 0.000284 0.000051 0.155829 0.000344
0.844477 0.000324 0.000627 0.000275 0.000050 0.153894 0.000353
0.846563 0.000291 0.000590 0.000260 0.000046 0.151900 0.000350
0.848118 0.000274 0.000565 0.000237 0.000042 0.150415 0.000349
0.850154 0.000280 0.000562 0.000235 0.000040 0.148377 0.000353
0.852285 0.000262 0.000542 0.000230 0.000037 0.146302 0.000343
0.854285 0.000254 0.000528 0.000225 0.000033 0.144328 0.000347
0.855803 0.000239 0.000516 0.000216 0.000035 0.142841 0.000349
0.857780 0.000232 0.000501 0.000219 0.000033 0.140894 0.000340
0.859458 0.000218 0.000478 0.000212 0.000032 0.139254 0.000348
0.861230 0.000204 0.000459 0.000202 0.000031 0.137529 0.000346
0.862959 0.000206 0.000454 0.000201 0.000031 0.135793 0.000355
0.864788 0.000189 0.000442 0.000193 0.000029 0.134014 0.000345
0.866530 0.000186 0.000416 0.000181 0.000029 0.132312 0.000346
0.868066 0.000172 0.000394 0.000174 0.000027 0.130823 0.000345
0.869878 0.000178 0.000401 0.000173 0.000025 0.129001 0.000344
0.871758 0.000167 0.000359 0.000160 0.000026 0.127187 0.000342
0.873685 0.000164 0.000361 0.000158 0.000027 0.125263 0.000342
0.875007 0.000160 0.000343 0.000154 0.000025 0.123963 0.000348
0.876612 0.000157 0.000342 0.000144 0.000024 0.122372 0.000349
0.878059 0.000161 0.000342 0.000143 0.000025 0.120922 0.000348
0.879906 0.000144 0.000329 0.000136 0.000025 0.119108 0.000351
0.881287 0.000158 0.000320 0.000126 0.000024 0.117738 0.000347
0.882694 0.000155 0.000324 0.000126 0.000023 0.116330 0.000347
0.884172 0.000153 0.000301 0.000123 0.000024 0.114885 0.000342
0.885519 0.000141 0.000294 0.000121 0.000020 0.113549 0.000356
0.887230 0.000132 0.000281 0.000112 0.000020 0.111884 0.000343
0.888581 0.000134 0.000263 0.000106 0.000018 0.110560 0.000337
0.890154 0.000134 0.000262 0.000104 0.000019 0.108989 0.000338
0.891558 0.000120 0.000261 0.000099 0.000019 0.107601 0.000342
0.892708 0.000121 0.000258 0.000101 0.000018 0.106450 0.000344
0.894086 0.000132 0.000248 0.000104 0.000016 0.105067 0.000346
0.895242 0.000132 0.000248 0.000101 0.000013 0.103933 0.000331
0.896605 0.000135 0.000237 0.000098 0.000012 0.102566 0.000347
0.897947 0.000142 0.000234 0.000093 0.000013 0.101232 0.000339
0.899483 0.000126 0.000225 0.000092 0.000010 0.099723 0.000341
0.900930 0.000121 0.000232 0.000096 0.000010 0.098276 0.000335
0.902413 0.000113 0.000221 0.000089 0.000012 0.096809 0.000342
0.903606 0.000118 0.000214 0.000086 0.000011 0.095626 0.000339
0.905002 0.000120 0.000212 0.000084 0.000011 0.094234 0.000337
0.906489 0.000127 0.000202 0.000078 0.000010 0.092760 0.000332
0.907493 0.000116 0.000189 0.000078 0.000011 0.091768 0.000345
0.909094 0.000116 0.000183 0.000065 0.000011 0.090202 0.000329
0.909976 0.000117 0.000187 0.000071 0.000013 0.089297 0.000339
0.911267 0.000121 0.000175 0.000062 0.000012 0.088021 0.000343
0.912406 0.000112 0.000176 0.000058 0.000010 0.086901 0.000337
0.913834 0.000105 0.000165 0.000067 0.000010 0.085473 0.000346
0.914733 0.000099 0.000162 0.000060 0.000010 0.084591 0.000345
0.915470 0.000111 0.000160 0.000063 0.000011 0.083835 0.000351
0.916691 0.000101 0.000163 0.000058 0.000012 0.082634 0.000341
0.917851 0.000099 0.000157 0.000060 0.000011 0.081485 0.000338
0.919252 0.000092 0.000153 0.000057 0.000010 0.080108 0.000327
0.920287 0.000110 0.000158 0.000054 0.000009 0.079048 0.000333
0.921617 0.000106 0.000146 0.000056 0.000010 0.077738 0.000328
0.922556 0.000086 0.000134 0.000055 0.000009 0.076839 0.000320
0.923244 0.000096 0.000150 0.000049 0.000008 0.076124 0.000328
0.924141 0.000095 0.000148 0.000054 0.000011 0.075223 0.000328
0.925692 0.000093 0.000136 0.000046 0.000008 0.073696 0.000329
0.926746 0.000118 0.000145 0.000048 0.000006 0.072609 0.000329
0.927194 0.000108 0.000147 0.000052 0.000005 0.072158 0.000335
0.928686 0.000110 0.000128 0.000052 0.000007 0.070697 0.000320
0.929718 0.000105 0.000138 0.000051 0.000007 0.069659 0.000322
0.930467 0.000104 0.000132 0.000049 0.000008 0.068928 0.000312
0.931151 0.000103 0.000136 0.000057 0.000008 0.068236 0.000310
0.932193 0.000110 0.000136 0.000049 0.000008 0.067196 0.000308
0.932750 0.000108 0.000126 0.000055 0.000009 0.066622 0.000330
0.933963 0.000099 0.000116 0.000053 0.000008 0.065451 0.000311
0.934358 0.000095 0.000120 0.000055 0.000008 0.065059 0.000305
0.935381 0.000085 0.000108 0.000050 0.000007 0.064059 0.000311
0.936180 0.000107 0.000141 0.000058 0.000004 0.063203 0.000308
0.937161 0.000106 0.000121 0.000056 0.000004 0.062263 0.000290
0.951862 0.000033 0.000039 0.000018 0.000002 0.047837 0.000209
