0.370329 0.061371 0.054423 0.031243 0.001974 0.475038 0.005621 1.551512
0.373005 0.058802 0.054275 0.031027 0.001983 0.475267 0.005642 1.557325
0.376487 0.055672 0.054043 0.030713 0.001973 0.475447 0.005666 1.562878
0.380602 0.052264 0.053748 0.030234 0.001972 0.475490 0.005690 1.568119
0.385006 0.048785 0.053364 0.029703 0.001971 0.475456 0.005715 1.573099
0.389683 0.045414 0.052701 0.029043 0.001984 0.475438 0.005737 1.577683
0.394622 0.042189 0.051775 0.028337 0.002000 0.475319 0.005759 1.581935
0.399725 0.039102 0.050787 0.027615 0.002004 0.474975 0.005793 1.585900
0.404974 0.036179 0.049649 0.026810 0.001999 0.474572 0.005816 1.589580
0.410178 0.033486 0.048474 0.025983 0.001982 0.474055 0.005842 1.592958
0.415533 0.030970 0.047229 0.025110 0.001983 0.473312 0.005865 1.596107
0.420909 0.028645 0.045910 0.024286 0.001980 0.472378 0.005893 1.599007
0.426216 0.026422 0.044563 0.023419 0.001966 0.471500 0.005914 1.601755
0.431625 0.024418 0.043226 0.022511 0.001953 0.470328 0.005939 1.604260
0.436959 0.022602 0.041763 0.021594 0.001931 0.469183 0.005968 1.606549
0.442439 0.020852 0.040393 0.020753 0.001907 0.467667 0.005989 1.608724
0.447850 0.019269 0.038932 0.019878 0.001883 0.466170 0.006018 1.610693
0.453221 0.017845 0.037433 0.019020 0.001853 0.464576 0.006052 1.612492
0.458701 0.016591 0.036044 0.018176 0.001828 0.462585 0.006075 1.614097
0.464067 0.015353 0.034571 0.017359 0.001814 0.460743 0.006093 1.615668
0.469535 0.014240 0.033262 0.016631 0.001779 0.458436 0.006116 1.617124
0.475007 0.013197 0.031794 0.015865 0.001750 0.456255 0.006132 1.618481
0.480353 0.012296 0.030393 0.015110 0.001727 0.453967 0.006153 1.619683
0.485754 0.011427 0.029024 0.014366 0.001700 0.451555 0.006175 1.620829
0.491029 0.010656 0.027674 0.013679 0.001688 0.449080 0.006196 1.621866
0.496397 0.009934 0.026467 0.013012 0.001662 0.446311 0.006217 1.622862
0.501631 0.009244 0.025258 0.012365 0.001637 0.443629 0.006238 1.623799
0.506935 0.008617 0.024160 0.011773 0.001599 0.440652 0.006263 1.624674
0.512215 0.008060 0.023048 0.011152 0.001576 0.437671 0.006279 1.625478
0.517413 0.007494 0.022010 0.010590 0.001535 0.434656 0.006303 1.626262
0.522552 0.007006 0.020951 0.010043 0.001502 0.431626 0.006320 1.626960
0.527760 0.006550 0.019936 0.009472 0.001464 0.428476 0.006342 1.627611
0.532920 0.006124 0.018941 0.008999 0.001424 0.425232 0.006361 1.628235
0.538059 0.005755 0.018013 0.008540 0.001390 0.421866 0.006378 1.628800
0.543247 0.005402 0.017148 0.008071 0.001352 0.418379 0.006401 1.629333
0.548356 0.005074 0.016285 0.007653 0.001320 0.414892 0.006419 1.629836
0.553328 0.004766 0.015470 0.007244 0.001293 0.411463 0.006437 1.630324
0.558303 0.004471 0.014717 0.006876 0.001264 0.407917 0.006452 1.630780
0.563287 0.004242 0.013966 0.006517 0.001227 0.404295 0.006466 1.631189
0.568156 0.004003 0.013285 0.006178 0.001197 0.400702 0.006480 1.631588
0.573059 0.003776 0.012600 0.005853 0.001171 0.397045 0.006496 1.631963
0.577931 0.003580 0.011971 0.005567 0.001138 0.393300 0.006513 1.632315
0.582717 0.003365 0.011365 0.005275 0.001112 0.389641 0.006526 1.632662
0.587451 0.003195 0.010840 0.005010 0.001082 0.385885 0.006538 1.632972
0.592077 0.002991 0.010322 0.004767 0.001062 0.382227 0.006554 1.633292
0.596638 0.002826 0.009802 0.004529 0.001024 0.378612 0.006569 1.633576
0.601233 0.002678 0.009342 0.004290 0.000997 0.374877 0.006582 1.633851
0.605827 0.002562 0.008867 0.004073 0.000971 0.371103 0.006599 1.634088
0.610191 0.002414 0.008441 0.003856 0.000944 0.367549 0.006607 1.634337
0.614653 0.002285 0.008003 0.003635 0.000922 0.363887 0.006616 1.634574
0.619011 0.002181 0.007606 0.003448 0.000900 0.360227 0.006629 1.634785
0.623422 0.002081 0.007204 0.003253 0.000879 0.356521 0.006640 1.634978
0.627773 0.001966 0.006840 0.003084 0.000854 0.352827 0.006656 1.635191
0.632056 0.001883 0.006497 0.002904 0.000827 0.349163 0.006671 1.635375
0.636240 0.001790 0.006204 0.002763 0.000796 0.345523 0.006684 1.635565
0.640431 0.001720 0.005906 0.002634 0.000767 0.341852 0.006692 1.635733
0.644658 0.001634 0.005603 0.002502 0.000753 0.338149 0.006701 1.635898
0.648740 0.001580 0.005313 0.002359 0.000730 0.334569 0.006712 1.636038
0.652778 0.001527 0.005035 0.002227 0.000707 0.331006 0.006721 1.636176
0.656857 0.001453 0.004789 0.002125 0.000687 0.327356 0.006734 1.636331
0.660869 0.001398 0.004546 0.002007 0.000667 0.323773 0.006740 1.636469
0.664806 0.001336 0.004312 0.001908 0.000644 0.320247 0.006748 1.636604
0.668662 0.001276 0.004114 0.001820 0.000624 0.316750 0.006755 1.636735
0.672492 0.001218 0.003892 0.001721 0.000606 0.313308 0.006763 1.636864
0.676336 0.001167 0.003702 0.001635 0.000588 0.309802 0.006770 1.636985
0.680149 0.001113 0.003551 0.001556 0.000564 0.306285 0.006783 1.637101
0.683879 0.001061 0.003399 0.001485 0.000545 0.302843 0.006790 1.637218
0.687532 0.001018 0.003228 0.001406 0.000526 0.299494 0.006797 1.637323
0.691222 0.000975 0.003064 0.001327 0.000508 0.296099 0.006804 1.637420
0.694853 0.000935 0.002906 0.001257 0.000494 0.292748 0.006809 1.637511
0.698445 0.000907 0.002763 0.001205 0.000482 0.289385 0.006813 1.637598
0.702022 0.000868 0.002632 0.001153 0.000464 0.286040 0.006822 1.637693
0.705491 0.000852 0.002498 0.001088 0.000456 0.282791 0.006826 1.637768
0.708924 0.000826 0.002370 0.001040 0.000444 0.279568 0.006830 1.637843
0.712399 0.000796 0.002257 0.000986 0.000426 0.276299 0.006837 1.637918
0.715777 0.000774 0.002153 0.000932 0.000413 0.273111 0.006841 1.637990
0.719112 0.000751 0.002042 0.000889 0.000397 0.269964 0.006847 1.638056
0.722442 0.000700 0.001967 0.000847 0.000379 0.266811 0.006855 1.638142
0.725699 0.000672 0.001878 0.000808 0.000365 0.263716 0.006863 1.638208
0.728973 0.000633 0.001792 0.000764 0.000352 0.260617 0.006871 1.638276
0.732189 0.000617 0.001699 0.000734 0.000341 0.257544 0.006878 1.638332
0.735355 0.000598 0.001613 0.000697 0.000333 0.254522 0.006881 1.638388
0.738450 0.000575 0.001533 0.000663 0.000322 0.251573 0.006885 1.638441
0.741428 0.000560 0.001458 0.000639 0.000303 0.248719 0.006894 1.638492
0.744456 0.000526 0.001403 0.000614 0.000292 0.245813 0.006897 1.638552
0.747524 0.000512 0.001331 0.000583 0.000283 0.242868 0.006902 1.638597
0.750486 0.000495 0.001278 0.000552 0.000275 0.240010 0.006905 1.638643
0.753460 0.000467 0.001233 0.000528 0.000268 0.237137 0.006909 1.638699
0.756322 0.000463 0.001179 0.000499 0.000259 0.234366 0.006913 1.638731
0.759210 0.000443 0.001116 0.000483 0.000251 0.231583 0.006916 1.638775
0.762072 0.000426 0.001070 0.000463 0.000237 0.228811 0.006921 1.638816
0.764828 0.000414 0.001016 0.000447 0.000227 0.226145 0.006923 1.638851
0.767656 0.000400 0.000977 0.000421 0.000219 0.223405 0.006925 1.638892
0.770511 0.000375 0.000932 0.000400 0.000207 0.220647 0.006929 1.638932
0.773264 0.000365 0.000886 0.000386 0.000203 0.217967 0.006930 1.638964
0.775957 0.000354 0.000853 0.000365 0.000198 0.215337 0.006936 1.638997
0.778550 0.000348 0.000816 0.000354 0.000193 0.212800 0.006939 1.639026
0.781132 0.000342 0.000778 0.000341 0.000184 0.210283 0.006940 1.639059
0.783735 0.000331 0.000751 0.000323 0.000177 0.207741 0.006943 1.639090
0.786326 0.000322 0.000720 0.000308 0.000170 0.205211 0.006944 1.639118
0.788795 0.000312 0.000689 0.000298 0.000162 0.202798 0.006946 1.639149
0.791246 0.000297 0.000662 0.000282 0.000158 0.200408 0.006948 1.639179
0.793727 0.000294 0.000636 0.000269 0.000151 0.197974 0.006949 1.639205
0.796140 0.000283 0.000614 0.000260 0.000148 0.195605 0.006951 1.639236
0.798534 0.000264 0.000591 0.000252 0.000141 0.193264 0.006955 1.639266
0.800968 0.000249 0.000571 0.000241 0.000135 0.190879 0.006957 1.639296
0.803354 0.000240 0.000551 0.000236 0.000128 0.188533 0.006959 1.639320
0.805661 0.000225 0.000535 0.000226 0.000125 0.186266 0.006962 1.639348
0.807985 0.000217 0.000506 0.000218 0.000117 0.183991 0.006966 1.639372
0.810267 0.000209 0.000481 0.000210 0.000113 0.181752 0.006969 1.639393
0.812536 0.000196 0.000468 0.000204 0.000110 0.179517 0.006970 1.639422
0.814738 0.000191 0.000450 0.000197 0.000106 0.177346 0.006972 1.639439
0.816954 0.000183 0.000436 0.000189 0.000101 0.175164 0.006973 1.639458
0.819114 0.000175 0.000410 0.000179 0.000097 0.173051 0.006973 1.639477
0.821229 0.000167 0.000401 0.000172 0.000094 0.170963 0.006974 1.639495
0.823328 0.000161 0.000383 0.000163 0.000093 0.168897 0.006975 1.639513
0.825356 0.000161 0.000361 0.000155 0.000091 0.166899 0.006976 1.639524
0.827411 0.000163 0.000347 0.000150 0.000090 0.164861 0.006978 1.639539
0.829388 0.000157 0.000338 0.000142 0.000085 0.162910 0.006980 1.639554
0.831375 0.000157 0.000321 0.000134 0.000082 0.160951 0.006981 1.639565
0.833314 0.000155 0.000312 0.000129 0.000079 0.159029 0.006982 1.639580
0.835284 0.000144 0.000298 0.000127 0.000076 0.157088 0.006983 1.639597
0.837163 0.000141 0.000283 0.000119 0.000074 0.155235 0.006985 1.639609
0.838969 0.000134 0.000272 0.000117 0.000071 0.153451 0.006986 1.639623
0.840818 0.000130 0.000260 0.000111 0.000071 0.151624 0.006986 1.639636
0.842658 0.000126 0.000255 0.000109 0.000068 0.149797 0.006986 1.639649
0.844419 0.000124 0.000242 0.000110 0.000065 0.148054 0.006987 1.639661
0.846157 0.000123 0.000232 0.000103 0.000063 0.146336 0.006988 1.639671
0.847815 0.000120 0.000226 0.000097 0.000058 0.144694 0.006989 1.639681
0.849536 0.000118 0.000216 0.000091 0.000058 0.142990 0.006990 1.639691
0.851172 0.000117 0.000210 0.000087 0.000058 0.141367 0.006990 1.639702
0.852757 0.000108 0.000204 0.000083 0.000056 0.139800 0.006991 1.639716
0.854339 0.000099 0.000199 0.000078 0.000055 0.138239 0.006991 1.639727
0.855875 0.000097 0.000192 0.000075 0.000054 0.136716 0.006991 1.639740
0.857377 0.000094 0.000189 0.000073 0.000052 0.135221 0.006993 1.639749
0.858847 0.000095 0.000185 0.000072 0.000049 0.133759 0.006994 1.639756
0.860306 0.000091 0.000180 0.000070 0.000047 0.132312 0.006994 1.639768
0.861672 0.000088 0.000169 0.000066 0.000046 0.130964 0.006994 1.639775
0.863114 0.000088 0.000158 0.000062 0.000044 0.129539 0.006995 1.639781
0.864506 0.000086 0.000151 0.000060 0.000043 0.128159 0.006995 1.639789
0.865811 0.000085 0.000144 0.000062 0.000041 0.126862 0.006995 1.639796
0.867126 0.000083 0.000140 0.000062 0.000041 0.125553 0.006995 1.639805
0.868366 0.000081 0.000134 0.000059 0.000041 0.124324 0.006995 1.639812
0.869665 0.000077 0.000127 0.000059 0.000040 0.123037 0.006995 1.639820
0.870888 0.000077 0.000121 0.000057 0.000036 0.121823 0.006998 1.639827
0.872099 0.000077 0.000120 0.000055 0.000035 0.120615 0.006999 1.639832
0.873257 0.000074 0.000115 0.000054 0.000033 0.119467 0.007000 1.639839
0.874348 0.000074 0.000112 0.000053 0.000031 0.118381 0.007001 1.639845
0.875473 0.000075 0.000107 0.000051 0.000030 0.117262 0.007001 1.639852
0.876500 0.000073 0.000102 0.000053 0.000029 0.116241 0.007002 1.639862
0.877474 0.000072 0.000100 0.000052 0.000027 0.115272 0.007003 1.639869
0.878455 0.000071 0.000096 0.000048 0.000027 0.114300 0.007004 1.639873
0.879405 0.000072 0.000093 0.000047 0.000026 0.113354 0.007004 1.639878
0.880344 0.000072 0.000089 0.000047 0.000025 0.112418 0.007004 1.639881
0.881237 0.000068 0.000085 0.000045 0.000025 0.111536 0.007004 1.639888
0.882133 0.000062 0.000087 0.000044 0.000024 0.110645 0.007005 1.639895
0.882963 0.000061 0.000085 0.000042 0.000022 0.109821 0.007005 1.639899
0.883745 0.000059 0.000080 0.000042 0.000023 0.109046 0.007005 1.639905
0.884513 0.000056 0.000083 0.000041 0.000022 0.108279 0.007006 1.639915
0.885292 0.000052 0.000079 0.000038 0.000021 0.107511 0.007006 1.639920
0.886010 0.000052 0.000079 0.000037 0.000021 0.106796 0.007006 1.639925
0.886717 0.000052 0.000076 0.000035 0.000021 0.106093 0.007006 1.639929
0.887393 0.000051 0.000072 0.000035 0.000021 0.105421 0.007007 1.639934
0.888055 0.000050 0.000068 0.000035 0.000020 0.104766 0.007007 1.639938
0.888723 0.000050 0.000063 0.000036 0.000020 0.104101 0.007007 1.639942
0.889350 0.000048 0.000061 0.000034 0.000018 0.103482 0.007008 1.639946
0.889949 0.000046 0.000061 0.000033 0.000017 0.102886 0.007009 1.639951
0.890489 0.000044 0.000058 0.000034 0.000015 0.102352 0.007009 1.639956
0.891014 0.000040 0.000061 0.000034 0.000013 0.101828 0.007011 1.639962
0.891569 0.000036 0.000063 0.000031 0.000012 0.101278 0.007011 1.639967
0.892049 0.000036 0.000061 0.000028 0.000012 0.100803 0.007012 1.639970
0.892514 0.000034 0.000062 0.000026 0.000011 0.100342 0.007012 1.639973
0.892962 0.000034 0.000059 0.000026 0.000011 0.099897 0.007012 1.639977
0.893387 0.000036 0.000055 0.000026 0.000009 0.099476 0.007013 1.639980
0.893807 0.000034 0.000053 0.000026 0.000009 0.099060 0.007013 1.639983
0.894208 0.000032 0.000050 0.000026 0.000008 0.098663 0.007013 1.639987
0.894585 0.000033 0.000049 0.000026 0.000008 0.098287 0.007014 1.639988
0.894937 0.000032 0.000048 0.000025 0.000008 0.097937 0.007014 1.639991
0.895290 0.000029 0.000048 0.000026 0.000008 0.097586 0.007014 1.639997
0.895653 0.000028 0.000049 0.000027 0.000008 0.097223 0.007014 1.640002
0.896002 0.000026 0.000047 0.000027 0.000008 0.096878 0.007014 1.640006
0.896297 0.000025 0.000043 0.000023 0.000007 0.096591 0.007014 1.640007
0.896604 0.000024 0.000041 0.000021 0.000007 0.096290 0.007014 1.640010
0.896907 0.000023 0.000039 0.000019 0.000007 0.095992 0.007014 1.640012
0.897159 0.000023 0.000040 0.000018 0.000007 0.095739 0.007014 1.640015
0.897413 0.000022 0.000039 0.000016 0.000006 0.095489 0.007014 1.640018
0.897664 0.000022 0.000040 0.000016 0.000006 0.095239 0.007014 1.640020
0.897915 0.000022 0.000037 0.000016 0.000006 0.094991 0.007014 1.640023
0.898141 0.000022 0.000036 0.000015 0.000005 0.094765 0.007016 1.640025
0.898371 0.000020 0.000036 0.000015 0.000005 0.094539 0.007016 1.640028
0.898571 0.000019 0.000033 0.000013 0.000006 0.094343 0.007016 1.640030
0.898779 0.000019 0.000033 0.000013 0.000006 0.094135 0.007016 1.640032
0.898982 0.000018 0.000031 0.000014 0.000005 0.093934 0.007016 1.640034
0.899164 0.000017 0.000030 0.000013 0.000006 0.093755 0.007016 1.640036
0.899349 0.000018 0.000029 0.000014 0.000006 0.093568 0.007016 1.640038
0.899520 0.000017 0.000028 0.000014 0.000006 0.093399 0.007016 1.640040
0.899671 0.000018 0.000027 0.000014 0.000006 0.093249 0.007016 1.640041
0.899827 0.000019 0.000026 0.000013 0.000006 0.093094 0.007016 1.640042
0.899971 0.000019 0.000024 0.000014 0.000005 0.092950 0.007017 1.640043
0.900121 0.000019 0.000025 0.000015 0.000005 0.092799 0.007017 1.640046
0.900270 0.000018 0.000023 0.000015 0.000005 0.092651 0.007017 1.640048
0.900423 0.000018 0.000024 0.000012 0.000005 0.092502 0.007017 1.640049
0.900567 0.000018 0.000022 0.000014 0.000004 0.092359 0.007017 1.640051
0.900716 0.000015 0.000023 0.000014 0.000004 0.092212 0.007017 1.640054
0.900839 0.000017 0.000022 0.000013 0.000004 0.092089 0.007017 1.640055
0.900964 0.000018 0.000021 0.000014 0.000004 0.091963 0.007017 1.640056
0.901091 0.000018 0.000020 0.000014 0.000004 0.091837 0.007017 1.640057
0.901216 0.000017 0.000022 0.000014 0.000004 0.091710 0.007017 1.640059
0.901352 0.000016 0.000023 0.000015 0.000005 0.091574 0.007017 1.640062
0.901474 0.000016 0.000023 0.000014 0.000005 0.091451 0.007017 1.640062
0.901580 0.000014 0.000024 0.000015 0.000005 0.091345 0.007017 1.640064
0.901693 0.000014 0.000023 0.000015 0.000005 0.091233 0.007018 1.640065
0.901796 0.000014 0.000021 0.000015 0.000005 0.091131 0.007018 1.640066
0.901899 0.000015 0.000020 0.000014 0.000004 0.091030 0.007018 1.640066
0.902005 0.000013 0.000022 0.000013 0.000004 0.090925 0.007018 1.640069
0.902098 0.000014 0.000020 0.000013 0.000004 0.090833 0.007018 1.640070
0.902199 0.000014 0.000020 0.000013 0.000004 0.090733 0.007018 1.640071
0.902292 0.000014 0.000019 0.000012 0.000004 0.090641 0.007018 1.640071
0.902386 0.000014 0.000020 0.000013 0.000004 0.090547 0.007018 1.640074
0.902472 0.000015 0.000018 0.000013 0.000004 0.090461 0.007018 1.640075
0.902554 0.000014 0.000019 0.000012 0.000004 0.090379 0.007018 1.640076
0.902635 0.000014 0.000019 0.000012 0.000004 0.090299 0.007018 1.640077
0.902701 0.000012 0.000020 0.000011 0.000004 0.090234 0.007018 1.640079
0.902767 0.000011 0.000019 0.000011 0.000004 0.090170 0.007018 1.640079
0.902827 0.000012 0.000018 0.000011 0.000004 0.090111 0.007018 1.640080
0.902899 0.000010 0.000018 0.000010 0.000004 0.090042 0.007018 1.640082
0.902962 0.000009 0.000017 0.000009 0.000003 0.089981 0.007019 1.640084
0.903024 0.000008 0.000018 0.000009 0.000003 0.089920 0.007019 1.640085
0.903077 0.000008 0.000018 0.000010 0.000003 0.089867 0.007019 1.640087
0.903127 0.000009 0.000017 0.000010 0.000003 0.089816 0.007019 1.640087
0.903182 0.000009 0.000015 0.000009 0.000003 0.089763 0.007019 1.640088
0.903232 0.000009 0.000015 0.000008 0.000003 0.089714 0.007019 1.640089
0.903284 0.000010 0.000016 0.000008 0.000003 0.089661 0.007019 1.640089
0.903329 0.000010 0.000015 0.000008 0.000002 0.089618 0.007019 1.640090
0.903378 0.000010 0.000014 0.000007 0.000002 0.089572 0.007019 1.640091
0.903422 0.000010 0.000012 0.000007 0.000002 0.089529 0.007019 1.640091
0.903459 0.000011 0.000012 0.000007 0.000002 0.089491 0.007019 1.640091
0.903493 0.000010 0.000012 0.000007 0.000002 0.089458 0.007019 1.640092
0.903533 0.000010 0.000011 0.000006 0.000002 0.089419 0.007019 1.640093
0.903571 0.000010 0.000011 0.000006 0.000002 0.089382 0.007019 1.640093
0.903610 0.000010 0.000011 0.000007 0.000002 0.089344 0.007019 1.640094
0.903643 0.000010 0.000010 0.000007 0.000002 0.089311 0.007019 1.640095
0.903672 0.000011 0.000010 0.000007 0.000002 0.089280 0.007019 1.640096
0.903704 0.000008 0.000011 0.000007 0.000002 0.089250 0.007019 1.640098
0.903734 0.000008 0.000012 0.000007 0.000002 0.089220 0.007019 1.640100
0.903761 0.000008 0.000011 0.000006 0.000002 0.089194 0.007019 1.640100
0.903783 0.000010 0.000010 0.000005 0.000002 0.089172 0.007019 1.640100
0.903807 0.000008 0.000012 0.000005 0.000002 0.089147 0.007019 1.640102
0.903837 0.000009 0.000011 0.000005 0.000002 0.089118 0.007019 1.640103
0.903864 0.000009 0.000012 0.000005 0.000002 0.089090 0.007019 1.640104
0.903894 0.000008 0.000012 0.000004 0.000002 0.089062 0.007019 1.640105
0.903919 0.000008 0.000012 0.000004 0.000002 0.089038 0.007019 1.640107
0.903943 0.000007 0.000012 0.000003 0.000002 0.089015 0.007019 1.640108
0.903962 0.000007 0.000012 0.000003 0.000002 0.088997 0.007019 1.640109
0.903984 0.000006 0.000011 0.000004 0.000002 0.088975 0.007019 1.640110
0.904005 0.000006 0.000010 0.000005 0.000001 0.088955 0.007019 1.640112
0.904028 0.000007 0.000010 0.000005 0.000001 0.088932 0.007019 1.640112
0.904052 0.000006 0.000010 0.000006 0.000001 0.088907 0.007019 1.640113
0.904074 0.000007 0.000010 0.000006 0.000001 0.088885 0.007019 1.640113
0.904093 0.000008 0.000010 0.000006 0.000001 0.088865 0.007019 1.640113
0.904114 0.000008 0.000010 0.000005 0.000001 0.088843 0.007019 1.640114
0.904136 0.000007 0.000010 0.000005 0.000001 0.088823 0.007019 1.640115
0.904154 0.000008 0.000010 0.000005 0.000001 0.088804 0.007019 1.640116
0.904171 0.000008 0.000010 0.000003 0.000001 0.088789 0.007019 1.640116
0.904193 0.000008 0.000008 0.000003 0.000001 0.088767 0.007019 1.640116
0.904213 0.000007 0.000009 0.000004 0.000001 0.088747 0.007019 1.640117
0.904232 0.000006 0.000008 0.000003 0.000001 0.088731 0.007019 1.640118
0.904248 0.000006 0.000008 0.000003 0.000001 0.088714 0.007019 1.640119
0.904261 0.000006 0.000008 0.000004 0.000001 0.088701 0.007019 1.640120
0.904275 0.000007 0.000008 0.000004 0.000001 0.088686 0.007019 1.640120
0.904288 0.000007 0.000009 0.000003 0.000001 0.088673 0.007019 1.640121
0.904301 0.000008 0.000008 0.000003 0.000001 0.088660 0.007019 1.640122
0.904315 0.000007 0.000008 0.000003 0.000001 0.088647 0.007019 1.640123
0.904326 0.000007 0.000008 0.000003 0.000000 0.088636 0.007019 1.640124
0.904339 0.000006 0.000009 0.000003 0.000000 0.088623 0.007019 1.640125
0.904347 0.000006 0.000009 0.000004 0.000000 0.088615 0.007019 1.640126
0.904360 0.000006 0.000009 0.000004 0.000000 0.088602 0.007019 1.640126
0.904372 0.000005 0.000011 0.000003 0.000000 0.088590 0.007019 1.640128
0.904381 0.000004 0.000011 0.000003 0.000000 0.088582 0.007019 1.640129
0.904393 0.000003 0.000010 0.000003 0.000000 0.088571 0.007019 1.640129
0.904406 0.000003 0.000009 0.000003 0.000000 0.088560 0.007019 1.640130
0.904416 0.000003 0.000009 0.000003 0.000000 0.088550 0.007019 1.640131
0.904428 0.000003 0.000008 0.000003 0.000000 0.088539 0.007019 1.640131
0.904440 0.000003 0.000008 0.000003 0.000000 0.088527 0.007019 1.640131
0.904451 0.000003 0.000008 0.000003 0.000000 0.088516 0.007019 1.640132
0.904462 0.000003 0.000008 0.000003 0.000000 0.088505 0.007019 1.640132
0.904471 0.000003 0.000006 0.000003 0.000000 0.088497 0.007019 1.640132
0.904479 0.000003 0.000005 0.000003 0.000000 0.088490 0.007019 1.640132
0.904485 0.000003 0.000005 0.000003 0.000000 0.088485 0.007019 1.640132
0.904492 0.000003 0.000004 0.000003 0.000000 0.088479 0.007019 1.640132
0.904497 0.000003 0.000005 0.000003 0.000000 0.088473 0.007019 1.640133
0.904505 0.000003 0.000005 0.000003 0.000000 0.088466 0.007019 1.640133
0.904513 0.000002 0.000004 0.000003 0.000000 0.088459 0.007019 1.640134
0.904518 0.000002 0.000004 0.000003 0.000000 0.088454 0.007019 1.640134
0.904527 0.000002 0.000004 0.000003 0.000000 0.088445 0.007019 1.640134
0.904532 0.000002 0.000003 0.000002 0.000000 0.088441 0.007019 1.640134
0.904539 0.000002 0.000003 0.000002 0.000000 0.088435 0.007019 1.640134
0.904544 0.000002 0.000003 0.000002 0.000000 0.088430 0.007019 1.640134
0.904548 0.000002 0.000003 0.000002 0.000000 0.088426 0.007019 1.640134
0.904552 0.000002 0.000003 0.000002 0.000000 0.088422 0.007019 1.640134
0.904559 0.000002 0.000003 0.000002 0.000000 0.088415 0.007019 1.640134
0.904565 0.000002 0.000003 0.000002 0.000000 0.088409 0.007019 1.640134
0.904572 0.000002 0.000003 0.000002 0.000000 0.088403 0.007019 1.640134
0.904576 0.000002 0.000003 0.000002 0.000000 0.088398 0.007019 1.640134
0.904581 0.000002 0.000003 0.000002 0.000000 0.088393 0.007019 1.640134
0.904583 0.000003 0.000003 0.000001 0.000000 0.088391 0.007019 1.640134
0.904587 0.000003 0.000003 0.000001 0.000000 0.088387 0.007019 1.640134
0.904591 0.000003 0.000003 0.000000 0.000000 0.088383 0.007019 1.640134
0.904595 0.000003 0.000003 0.000000 0.000000 0.088379 0.007019 1.640134
0.904599 0.000003 0.000003 0.000001 0.000000 0.088375 0.007019 1.640135
0.904602 0.000003 0.000003 0.000001 0.000000 0.088371 0.007019 1.640135
0.904606 0.000003 0.000003 0.000001 0.000000 0.088367 0.007020 1.640135
0.904608 0.000003 0.000003 0.000001 0.000000 0.088366 0.007020 1.640135
0.904610 0.000003 0.000003 0.000001 0.000000 0.088364 0.007020 1.640135
0.904612 0.000003 0.000003 0.000001 0.000000 0.088362 0.007020 1.640136
0.904615 0.000003 0.000003 0.000001 0.000000 0.088359 0.007020 1.640136
0.904619 0.000003 0.000003 0.000001 0.000000 0.088355 0.007020 1.640136
0.904621 0.000003 0.000003 0.000001 0.000000 0.088352 0.007020 1.640137
0.904624 0.000003 0.000003 0.000001 0.000000 0.088349 0.007020 1.640137
0.904626 0.000004 0.000003 0.000001 0.000000 0.088346 0.007020 1.640137
0.904629 0.000003 0.000005 0.000001 0.000000 0.088343 0.007020 1.640138
0.904632 0.000003 0.000005 0.000001 0.000000 0.088340 0.007020 1.640138
0.904634 0.000003 0.000005 0.000002 0.000000 0.088338 0.007020 1.640139
0.904636 0.000002 0.000006 0.000002 0.000000 0.088336 0.007020 1.640140
0.904637 0.000002 0.000006 0.000002 0.000000 0.088334 0.007020 1.640140
0.904639 0.000003 0.000005 0.000000 0.000000 0.088334 0.007020 1.640140
0.904639 0.000003 0.000003 0.000000 0.000000 0.088335 0.007020 1.640140
0.904641 0.000003 0.000003 0.000000 0.000000 0.088333 0.007020 1.640140
0.904643 0.000003 0.000003 0.000000 0.000000 0.088331 0.007020 1.640140
0.904642 0.000004 0.000003 0.000000 0.000000 0.088331 0.007020 1.640140
0.904644 0.000004 0.000003 0.000000 0.000000 0.088329 0.007020 1.640140
0.904647 0.000005 0.000003 0.000000 0.000000 0.088326 0.007020 1.640141
0.904649 0.000006 0.000004 0.000000 0.000000 0.088322 0.007020 1.640141
0.904650 0.000006 0.000003 0.000000 0.000000 0.088321 0.007020 1.640141
0.904650 0.000006 0.000003 0.000000 0.000000 0.088321 0.007020 1.640142
0.904650 0.000006 0.000003 0.000000 0.000000 0.088321 0.007020 1.640143
0.904653 0.000005 0.000003 0.000000 0.000000 0.088318 0.007020 1.640143
0.904656 0.000004 0.000005 0.000000 0.000000 0.088316 0.007020 1.640144
0.904656 0.000006 0.000005 0.000000 0.000000 0.088314 0.007020 1.640144
0.904658 0.000005 0.000005 0.000001 0.000000 0.088312 0.007020 1.640145
0.904660 0.000005 0.000005 0.000001 0.000000 0.088310 0.007020 1.640145
0.904661 0.000004 0.000006 0.000001 0.000000 0.088308 0.007020 1.640147
0.904664 0.000003 0.000007 0.000001 0.000000 0.088305 0.007020 1.640148
0.904664 0.000003 0.000007 0.000001 0.000000 0.088305 0.007020 1.640148
0.904664 0.000003 0.000008 0.000001 0.000000 0.088304 0.007020 1.640149
0.904665 0.000003 0.000008 0.000001 0.000000 0.088304 0.007020 1.640149
0.904667 0.000005 0.000007 0.000001 0.000000 0.088301 0.007020 1.640149
0.904668 0.000005 0.000007 0.000001 0.000000 0.088299 0.007020 1.640150
0.904670 0.000006 0.000007 0.000001 0.000000 0.088297 0.007020 1.640150
0.904670 0.000006 0.000007 0.000001 0.000000 0.088297 0.007020 1.640150
0.904672 0.000006 0.000007 0.000001 0.000000 0.088294 0.007020 1.640150
0.904672 0.000007 0.000006 0.000001 0.000000 0.088294 0.007020 1.640150
0.904673 0.000007 0.000006 0.000001 0.000000 0.088294 0.007020 1.640150
0.904672 0.000008 0.000006 0.000001 0.000000 0.088293 0.007020 1.640150
0.904673 0.000008 0.000006 0.000001 0.000000 0.088292 0.007020 1.640150
0.904673 0.000009 0.000005 0.000001 0.000000 0.088292 0.007020 1.640150
0.904674 0.000007 0.000004 0.000002 0.000000 0.088294 0.007020 1.640152
0.904675 0.000006 0.000005 0.000003 0.000000 0.088292 0.007020 1.640153
0.904677 0.000006 0.000005 0.000003 0.000000 0.088290 0.007020 1.640153
0.904677 0.000005 0.000006 0.000003 0.000000 0.088290 0.007020 1.640156
0.904678 0.000003 0.000006 0.000003 0.000000 0.088290 0.007020 1.640157
0.904679 0.000004 0.000006 0.000003 0.000000 0.088289 0.007020 1.640157
0.904678 0.000006 0.000006 0.000003 0.000000 0.088289 0.007020 1.640157
0.904678 0.000006 0.000006 0.000003 0.000000 0.088288 0.007020 1.640158
0.904678 0.000006 0.000006 0.000002 0.000000 0.088288 0.007020 1.640158
0.904679 0.000007 0.000006 0.000002 0.000000 0.088286 0.007020 1.640158
0.904679 0.000006 0.000006 0.000002 0.000000 0.088287 0.007020 1.640159
0.904679 0.000006 0.000005 0.000003 0.000000 0.088288 0.007020 1.640159
0.904679 0.000006 0.000005 0.000003 0.000000 0.088287 0.007020 1.640160
0.904680 0.000006 0.000005 0.000004 0.000000 0.088287 0.007020 1.640161
0.904680 0.000005 0.000004 0.000003 0.000000 0.088288 0.007020 1.640161
0.904679 0.000005 0.000003 0.000003 0.000000 0.088289 0.007020 1.640162
0.904680 0.000004 0.000004 0.000003 0.000000 0.088289 0.007020 1.640163
0.904680 0.000003 0.000004 0.000003 0.000000 0.088289 0.007020 1.640163
0.904680 0.000003 0.000005 0.000003 0.000000 0.088289 0.007020 1.640164
0.904681 0.000003 0.000005 0.000003 0.000000 0.088289 0.007020 1.640164
0.904681 0.000003 0.000005 0.000003 0.000000 0.088288 0.007020 1.640165
0.904682 0.000002 0.000006 0.000003 0.000000 0.088288 0.007020 1.640165
0.904682 0.000002 0.000005 0.000003 0.000000 0.088289 0.007020 1.640165
0.904683 0.000001 0.000005 0.000003 0.000000 0.088288 0.007020 1.640166
0.904684 0.000001 0.000005 0.000003 0.000000 0.088287 0.007020 1.640166
0.904684 0.000001 0.000004 0.000003 0.000000 0.088288 0.007020 1.640166
0.904684 0.000001 0.000003 0.000003 0.000000 0.088288 0.007020 1.640166
0.904684 0.000001 0.000003 0.000003 0.000000 0.088288 0.007020 1.640167
0.904685 0.000001 0.000003 0.000003 0.000000 0.088289 0.007020 1.640167
0.904685 0.000001 0.000003 0.000002 0.000000 0.088289 0.007020 1.640167
0.904686 0.000001 0.000003 0.000002 0.000000 0.088289 0.007020 1.640167
0.904687 0.000001 0.000003 0.000002 0.000000 0.088288 0.007020 1.640167
0.904686 0.000001 0.000003 0.000002 0.000000 0.088288 0.007020 1.640167
0.904687 0.000001 0.000003 0.000002 0.000000 0.088287 0.007020 1.640167
0.904687 0.000002 0.000001 0.000001 0.000000 0.088288 0.007020 1.640167
0.904688 0.000002 0.000001 0.000001 0.000000 0.088287 0.007020 1.640167
0.904688 0.000001 0.000002 0.000001 0.000000 0.088287 0.007020 1.640167
0.904689 0.000001 0.000001 0.000001 0.000000 0.088287 0.007020 1.640167
0.904691 0.000001 0.000001 0.000002 0.000000 0.088285 0.007020 1.640168
0.904691 0.000000 0.000002 0.000002 0.000000 0.088285 0.007020 1.640168
0.904691 0.000000 0.000001 0.000002 0.000000 0.088286 0.007020 1.640168
0.904692 0.000000 0.000001 0.000001 0.000000 0.088285 0.007020 1.640168
0.904692 0.000000 0.000001 0.000001 0.000000 0.088285 0.007020 1.640168
0.904692 0.000000 0.000001 0.000001 0.000000 0.088286 0.007020 1.640169
0.904692 0.000000 0.000001 0.000001 0.000000 0.088286 0.007020 1.640169
0.904693 0.000000 0.000001 0.000001 0.000000 0.088286 0.007020 1.640169
0.904693 0.000000 0.000001 0.000000 0.000000 0.088286 0.007020 1.640169
0.904694 0.000000 0.000001 0.000000 0.000000 0.088285 0.007020 1.640169
0.904694 0.000000 0.000001 0.000000 0.000000 0.088285 0.007020 1.640169
0.904695 0.000000 0.000001 0.000000 0.000000 0.088284 0.007020 1.640169
0.904696 0.000000 0.000001 0.000000 0.000000 0.088283 0.007020 1.640169
0.904697 0.000000 0.000001 0.000000 0.000000 0.088282 0.007020 1.640169
0.904697 0.000000 0.000000 0.000000 0.000000 0.088282 0.007020 1.640169
0.904698 0.000000 0.000000 0.000000 0.000000 0.088282 0.007020 1.640169
0.904698 0.000000 0.000000 0.000000 0.000000 0.088281 0.007020 1.640169
0.904699 0.000000 0.000000 0.000000 0.000000 0.088281 0.007020 1.640169
0.904699 0.000000 0.000000 0.000000 0.000000 0.088280 0.007020 1.640169
0.904700 0.000000 0.000000 0.000000 0.000000 0.088280 0.007020 1.640169
0.904700 0.000000 0.000000 0.000000 0.000000 0.088279 0.007020 1.640169
0.904701 0.000000 0.000000 0.000000 0.000000 0.088279 0.007020 1.640169
0.904701 0.000000 0.000000 0.000000 0.000000 0.088278 0.007020 1.640169
0.904702 0.000000 0.000000 0.000000 0.000000 0.088278 0.007020 1.640169
0.904702 0.000000 0.000000 0.000000 0.000000 0.088277 0.007020 1.640169
0.904703 0.000000 0.000000 0.000000 0.000000 0.088277 0.007020 1.640169
0.904703 0.000000 0.000000 0.000000 0.000000 0.088276 0.007020 1.640169
0.904704 0.000000 0.000000 0.000000 0.000000 0.088276 0.007020 1.640169
0.904704 0.000000 0.000000 0.000000 0.000000 0.088275 0.007020 1.640169
0.904705 0.000000 0.000000 0.000000 0.000000 0.088275 0.007020 1.640169
0.904705 0.000000 0.000000 0.000000 0.000000 0.088274 0.007020 1.640169
0.904706 0.000000 0.000000 0.000000 0.000000 0.088274 0.007020 1.640169
0.904706 0.000000 0.000000 0.000000 0.000000 0.088273 0.007020 1.640169
0.904707 0.000000 0.000000 0.000000 0.000000 0.088273 0.007020 1.640169
0.904707 0.000000 0.000000 0.000000 0.000000 0.088272 0.007020 1.640169
0.904708 0.000000 0.000000 0.000000 0.000000 0.088272 0.007020 1.640169
0.904708 0.000000 0.000000 0.000000 0.000000 0.088271 0.007020 1.640169
0.904709 0.000000 0.000000 0.000000 0.000000 0.088271 0.007020 1.640169
0.904709 0.000000 0.000000 0.000000 0.000000 0.088270 0.007020 1.640169
0.904710 0.000000 0.000000 0.000000 0.000000 0.088270 0.007020 1.640169
0.904710 0.000000 0.000000 0.000000 0.000000 0.088269 0.007020 1.640169
0.904711 0.000000 0.000000 0.000000 0.000000 0.088269 0.007020 1.640169
0.904711 0.000000 0.000000 0.000000 0.000000 0.088268 0.007020 1.640169
0.904712 0.000000 0.000000 0.000000 0.000000 0.088268 0.007020 1.640169
0.904712 0.000000 0.000000 0.000000 0.000000 0.088267 0.007020 1.640169
0.904713 0.000000 0.000000 0.000000 0.000000 0.088267 0.007020 1.640169
0.904713 0.000000 0.000000 0.000000 0.000000 0.088266 0.007020 1.640169
0.904714 0.000000 0.000000 0.000000 0.000000 0.088266 0.007020 1.640169
0.904714 0.000000 0.000000 0.000000 0.000000 0.088266 0.007020 1.640169
0.904714 0.000000 0.000000 0.000000 0.000000 0.088266 0.007020 1.640169
0.904715 0.000000 0.000000 0.000000 0.000000 0.088265 0.007020 1.640169
0.904715 0.000000 0.000000 0.000000 0.000000 0.088265 0.007020 1.640169
0.904716 0.000000 0.000000 0.000000 0.000000 0.088264 0.007020 1.640169
0.904716 0.000000 0.000000 0.000000 0.000000 0.088264 0.007020 1.640169
0.904717 0.000000 0.000000 0.000000 0.000000 0.088263 0.007020 1.640169
0.904717 0.000000 0.000000 0.000000 0.000000 0.088263 0.007020 1.640169
0.904717 0.000000 0.000000 0.000000 0.000000 0.088263 0.007020 1.640169
0.904717 0.000000 0.000000 0.000000 0.000000 0.088263 0.007020 1.640169
0.904717 0.000000 0.000000 0.000000 0.000000 0.088263 0.007020 1.640169
0.904717 0.000000 0.000000 0.000000 0.000000 0.088263 0.007020 1.640169
0.904717 0.000000 0.000000 0.000000 0.000000 0.088263 0.007020 1.640169
0.904717 0.000000 0.000000 0.000000 0.000000 0.088263 0.007020 1.640169
0.904717 0.000000 0.000000 0.000000 0.000000 0.088263 0.007020 1.640169
0.904717 0.000000 0.000000 0.000000 0.000000 0.088263 0.007020 1.640169
0.904717 0.000000 0.000000 0.000000 0.000000 0.088263 0.007020 1.640169
0.904717 0.000000 0.000000 0.000000 0.000000 0.088263 0.007020 1.640169
0.904717 0.000000 0.000000 0.000000 0.000000 0.088263 0.007020 1.640169
0.904717 0.000000 0.000000 0.000000 0.000000 0.088263 0.007020 1.640169
0.904717 0.000000 0.000000 0.000000 0.000000 0.088263 0.007020 1.640169
0.904717 0.000000 0.000000 0.000000 0.000000 0.088263 0.007020 1.640169
0.904717 0.000000 0.000000 0.000000 0.000000 0.088263 0.007020 1.640169
0.904717 0.000000 0.000000 0.000000 0.000000 0.088263 0.007020 1.640169
0.904717 0.000000 0.000000 0.000000 0.000000 0.088263 0.007020 1.640169
0.904717 0.000000 0.000000 0.000000 0.000000 0.088263 0.007020 1.640169
0.904717 0.000000 0.000000 0.000000 0.000000 0.088263 0.007020 1.640169
0.904717 0.000000 0.000000 0.000000 0.000000 0.088263 0.007020 1.640169
0.904717 0.000000 0.000000 0.000000 0.000000 0.088263 0.007020 1.640169
0.904717 0.000000 0.000000 0.000000 0.000000 0.088263 0.007020 1.640169
0.904717 0.000000 0.000000 0.000000 0.000000 0.088263 0.007020 1.640169
0.904717 0.000000 0.000000 0.000000 0.000000 0.088263 0.007020 1.640169
0.904717 0.000000 0.000000 0.000000 0.000000 0.088263 0.007020 1.640169
0.904717 0.000000 0.000000 0.000000 0.000000 0.088263 0.007020 1.640169
0.904717 0.000000 0.000000 0.000000 0.000000 0.088263 0.007020 1.640169
0.904717 0.000000 0.000000 0.000000 0.000000 0.088263 0.007020 1.640169
0.904717 0.000000 0.000000 0.000000 0.000000 0.088263 0.007020 1.640169
0.904717 0.000000 0.000000 0.000000 0.000000 0.088263 0.007020 1.640169
0.904717 0.000000 0.000000 0.000000 0.000000 0.088263 0.007020 1.640169
0.904717 0.000000 0.000000 0.000000 0.000000 0.088263 0.007020 1.640169
0.904717 0.000000 0.000000 0.000000 0.000000 0.088263 0.007020 1.640169
0.904717 0.000000 0.000000 0.000000 0.000000 0.088263 0.007020 1.640169
0.904717 0.000000 0.000000 0.000000 0.000000 0.088263 0.007020 1.640169
0.904717 0.000000 0.000000 0.000000 0.000000 0.088263 0.007020 1.640169
0.904717 0.000000 0.000000 0.000000 0.000000 0.088263 0.007020 1.640169
0.904717 0.000000 0.000000 0.000000 0.000000 0.088263 0.007020 1.640169
0.904717 0.000000 0.000000 0.000000 0.000000 0.088263 0.007020 1.640169
0.904717 0.000000 0.000000 0.000000 0.000000 0.088263 0.007020 1.640169
0.904717 0.000000 0.000000 0.000000 0.000000 0.088263 0.007020 1.640169
0.904717 0.000000 0.000000 0.000000 0.000000 0.088263 0.007020 1.640169
0.904717 0.000000 0.000000 0.000000 0.000000 0.088263 0.007020 1.640169
0.904717 0.000000 0.000000 0.000000 0.000000 0.088263 0.007020 1.640169
0.904717 0.000000 0.000000 0.000000 0.000000 0.088263 0.007020 1.640169
0.904717 0.000000 0.000000 0.000000 0.000000 0.088263 0.007020 1.640169
0.904717 0.000000 0.000000 0.000000 0.000000 0.088263 0.007020 1.640169
0.904717 0.000000 0.000000 0.000000 0.000000 0.088263 0.007020 1.640169
0.904717 0.000000 0.000000 0.000000 0.000000 0.088263 0.007020 1.640169
0.904717 0.000000 0.000000 0.000000 0.000000 0.088263 0.007020 1.640169
0.904717 0.000000 0.000000 0.000000 0.000000 0.088263 0.007020 1.640169
0.904717 0.000000 0.000000 0.000000 0.000000 0.088263 0.007020 1.640169
0.904717 0.000000 0.000000 0.000000 0.000000 0.088263 0.007020 1.640169
0.904717 0.000000 0.000000 0.000000 0.000000 0.088263 0.007020 1.640169
0.904717 0.000000 0.000000 0.000000 0.000000 0.088263 0.007020 1.640169
0.904717 0.000000 0.000000 0.000000 0.000000 0.088263 0.007020 1.640169
0.904717 0.000000 0.000000 0.000000 0.000000 0.088263 0.007020 1.640169
0.904717 0.000000 0.000000 0.000000 0.000000 0.088263 0.007020 1.640169
0.904717 0.000000 0.000000 0.000000 0.000000 0.088263 0.007020 1.640169
0.904717 0.000000 0.000000 0.000000 0.000000 0.088263 0.007020 1.640169
0.904717 0.000000 0.000000 0.000000 0.000000 0.088263 0.007020 1.640169
0.904717 0.000000 0.000000 0.000000 0.000000 0.088263 0.007020 1.640169
0.904717 0.000000 0.000000 0.000000 0.000000 0.088263 0.007020 1.640169
0.904717 0.000000 0.000000 0.000000 0.000000 0.088263 0.007020 1.640169
0.904717 0.000000 0.000000 0.000000 0.000000 0.088263 0.007020 1.640169
0.904717 0.000000 0.000000 0.000000 0.000000 0.088263 0.007020 1.640169
0.904717 0.000000 0.000000 0.000000 0.000000 0.088263 0.007020 1.640169
0.904717 0.000000 0.000000 0.000000 0.000000 0.088263 0.007020 1.640169
0.904717 0.000000 0.000000 0.000000 0.000000 0.088263 0.007020 1.640169
0.904717 0.000000 0.000000 0.000000 0.000000 0.088263 0.007020 1.640169
0.904717 0.000000 0.000000 0.000000 0.000000 0.088263 0.007020 1.640169
0.904717 0.000000 0.000000 0.000000 0.000000 0.088263 0.007020 1.640169
0.904717 0.000000 0.000000 0.000000 0.000000 0.088263 0.007020 1.640169
0.904717 0.000000 0.000000 0.000000 0.000000 0.088263 0.007020 1.640169
0.904717 0.000000 0.000000 0.000000 0.000000 0.088263 0.007020 1.640169
0.904717 0.000000 0.000000 0.000000 0.000000 0.088263 0.007020 1.640169
0.904717 0.000000 0.000000 0.000000 0.000000 0.088263 0.007020 1.640169
0.904717 0.000000 0.000000 0.000000 0.000000 0.088263 0.007020 1.640169
0.904717 0.000000 0.000000 0.000000 0.000000 0.088263 0.007020 1.640169
0.904717 0.000000 0.000000 0.000000 0.000000 0.088263 0.007020 1.640169
0.904717 0.000000 0.000000 0.000000 0.000000 0.088263 0.007020 1.640169
0.904717 0.000000 0.000000 0.000000 0.000000 0.088263 0.007020 1.640169
0.904717 0.000000 0.000000 0.000000 0.000000 0.088263 0.007020 1.640169
0.904717 0.000000 0.000000 0.000000 0.000000 0.088263 0.007020 1.640169
0.904717 0.000000 0.000000 0.000000 0.000000 0.088263 0.007020 1.640169
0.904717 0.000000 0.000000 0.000000 0.000000 0.088263 0.007020 1.640169
0.904717 0.000000 0.000000 0.000000 0.000000 0.088263 0.007020 1.640169
0.904717 0.000000 0.000000 0.000000 0.000000 0.088263 0.007020 1.640169
0.904717 0.000000 0.000000 0.000000 0.000000 0.088263 0.007020 1.640169
0.904717 0.000000 0.000000 0.000000 0.000000 0.088263 0.007020 1.640169
0.904717 0.000000 0.000000 0.000000 0.000000 0.088263 0.007020 1.640169
0.904717 0.000000 0.000000 0.000000 0.000000 0.088263 0.007020 1.640169
0.904717 0.000000 0.000000 0.000000 0.000000 0.088263 0.007020 1.640169
0.904717 0.000000 0.000000 0.000000 0.000000 0.088263 0.007020 1.640169
0.904717 0.000000 0.000000 0.000000 0.000000 0.088263 0.007020 1.640169
0.904717 0.000000 0.000000 0.000000 0.000000 0.088263 0.007020 1.640169
0.904717 0.000000 0.000000 0.000000 0.000000 0.088263 0.007020 1.640169
0.904717 0.000000 0.000000 0.000000 0.000000 0.088263 0.007020 1.640169
0.904717 0.000000 0.000000 0.000000 0.000000 0.088263 0.007020 1.640169
0.904717 0.000000 0.000000 0.000000 0.000000 0.088263 0.007020 1.640169
0.904717 0.000000 0.000000 0.000000 0.000000 0.088263 0.007020 1.640169
0.904717 0.000000 0.000000 0.000000 0.000000 0.088263 0.007020 1.640169
0.904717 0.000000 0.000000 0.000000 0.000000 0.088263 0.007020 1.640169
0.904717 0.000000 0.000000 0.000000 0.000000 0.088263 0.007020 1.640169
0.904717 0.000000 0.000000 0.000000 0.000000 0.088263 0.007020 1.640169
