0.361463 0.061219 0.054680 0.031194 0.002060 0.483594 0.005791 1.588125
0.363436 0.059384 0.054463 0.031184 0.002065 0.483651 0.005816 1.594066
0.365925 0.057284 0.054302 0.030949 0.002056 0.483640 0.005844 1.599747
0.368593 0.055046 0.054062 0.030671 0.002061 0.483692 0.005875 1.605264
0.371634 0.052794 0.053518 0.030361 0.002041 0.483752 0.005901 1.610535
0.374709 0.050612 0.052860 0.029940 0.002044 0.483911 0.005924 1.615579
0.378090 0.048429 0.052284 0.029620 0.002040 0.483583 0.005955 1.620425
0.381610 0.046354 0.051493 0.029136 0.002047 0.483383 0.005979 1.625067
0.385274 0.044307 0.050738 0.028665 0.002030 0.482984 0.006000 1.629544
0.388918 0.042340 0.049898 0.028139 0.002020 0.482659 0.006026 1.633837
0.392724 0.040543 0.048928 0.027588 0.002021 0.482148 0.006049 1.637850
0.396574 0.038710 0.047970 0.027058 0.002001 0.481612 0.006074 1.641809
0.400465 0.037108 0.047036 0.026418 0.001987 0.480883 0.006103 1.645548
0.404503 0.035491 0.046059 0.025794 0.001968 0.480058 0.006127 1.649208
0.408430 0.034044 0.045041 0.025167 0.001958 0.479206 0.006155 1.652623
0.412455 0.032690 0.043943 0.024542 0.001945 0.478245 0.006181 1.655864
0.416577 0.031435 0.042884 0.023931 0.001932 0.477043 0.006198 1.659000
0.420793 0.030242 0.041778 0.023317 0.001910 0.475738 0.006223 1.662002
0.424958 0.029017 0.040638 0.022688 0.001902 0.474548 0.006250 1.664910
0.429098 0.027968 0.039541 0.022082 0.001906 0.473140 0.006265 1.667680
0.433408 0.026910 0.038467 0.021466 0.001890 0.471567 0.006291 1.670385
0.437643 0.025934 0.037465 0.020852 0.001875 0.469917 0.006312 1.672994
0.441958 0.024946 0.036498 0.020228 0.001853 0.468176 0.006340 1.675542
0.446276 0.024065 0.035468 0.019662 0.001842 0.466329 0.006358 1.677951
0.450469 0.023291 0.034477 0.019056 0.001825 0.464501 0.006382 1.680279
0.454761 0.022557 0.033469 0.018486 0.001816 0.462507 0.006404 1.682475
0.459155 0.021859 0.032460 0.017964 0.001788 0.460349 0.006425 1.684609
0.463432 0.021219 0.031466 0.017447 0.001773 0.458213 0.006451 1.686675
0.467787 0.020613 0.030579 0.016918 0.001750 0.455884 0.006469 1.688619
0.472133 0.019970 0.029726 0.016407 0.001722 0.453547 0.006496 1.690600
0.476515 0.019326 0.028865 0.015910 0.001699 0.451168 0.006517 1.692548
0.480800 0.018785 0.028038 0.015400 0.001676 0.448761 0.006540 1.694394
0.485167 0.018243 0.027246 0.014998 0.001652 0.446132 0.006564 1.696228
0.489485 0.017728 0.026481 0.014510 0.001630 0.443580 0.006586 1.697970
0.493765 0.017281 0.025703 0.014106 0.001598 0.440935 0.006612 1.699666
0.498099 0.016785 0.024909 0.013720 0.001577 0.438279 0.006632 1.701316
0.502389 0.016339 0.024197 0.013336 0.001544 0.435545 0.006652 1.702956
0.506608 0.015914 0.023529 0.012939 0.001519 0.432821 0.006671 1.704524
0.510923 0.015499 0.022893 0.012574 0.001483 0.429935 0.006694 1.706091
0.515194 0.015075 0.022212 0.012218 0.001451 0.427140 0.006710 1.707628
0.519369 0.014718 0.021613 0.011879 0.001418 0.424272 0.006732 1.709085
0.523578 0.014346 0.021032 0.011545 0.001395 0.421354 0.006749 1.710523
0.527685 0.014020 0.020419 0.011268 0.001360 0.418477 0.006771 1.711905
0.531851 0.013654 0.019830 0.010983 0.001326 0.415560 0.006797 1.713278
0.536023 0.013333 0.019306 0.010682 0.001294 0.412544 0.006818 1.714619
0.540256 0.013035 0.018734 0.010379 0.001269 0.409490 0.006837 1.715889
0.544361 0.012793 0.018200 0.010093 0.001250 0.406449 0.006853 1.717144
0.548406 0.012568 0.017704 0.009867 0.001228 0.403362 0.006867 1.718377
0.552511 0.012354 0.017235 0.009582 0.001200 0.400241 0.006878 1.719572
0.556496 0.012104 0.016823 0.009357 0.001183 0.397146 0.006890 1.720790
0.560512 0.011884 0.016405 0.009100 0.001165 0.394025 0.006908 1.721937
0.564427 0.011673 0.015986 0.008838 0.001146 0.391009 0.006921 1.723100
0.568268 0.011475 0.015580 0.008593 0.001117 0.388029 0.006938 1.724234
0.572189 0.011205 0.015213 0.008383 0.001095 0.384961 0.006953 1.725400
0.576133 0.010974 0.014846 0.008168 0.001081 0.381832 0.006965 1.726493
0.579956 0.010770 0.014475 0.007963 0.001059 0.378802 0.006976 1.727570
0.583851 0.010576 0.014137 0.007773 0.001035 0.375639 0.006989 1.728616
0.587641 0.010402 0.013837 0.007593 0.001009 0.372515 0.007003 1.729642
0.591369 0.010241 0.013490 0.007422 0.000995 0.369468 0.007015 1.730655
0.595092 0.010114 0.013170 0.007270 0.000976 0.366349 0.007029 1.731642
0.598812 0.009976 0.012898 0.007095 0.000952 0.363223 0.007043 1.732625
0.602491 0.009858 0.012574 0.006948 0.000927 0.360150 0.007052 1.733576
0.606150 0.009710 0.012312 0.006783 0.000906 0.357073 0.007067 1.734525
0.609883 0.009601 0.012009 0.006615 0.000883 0.353928 0.007081 1.735441
0.613519 0.009475 0.011791 0.006465 0.000870 0.350789 0.007091 1.736373
0.616977 0.009388 0.011579 0.006350 0.000858 0.347746 0.007102 1.737331
0.620560 0.009254 0.011349 0.006217 0.000843 0.344666 0.007110 1.738263
0.624099 0.009174 0.011097 0.006082 0.000827 0.341602 0.007118 1.739149
0.627497 0.009064 0.010872 0.005974 0.000815 0.338648 0.007130 1.740041
0.630879 0.008953 0.010672 0.005865 0.000789 0.335699 0.007143 1.740941
0.634335 0.008777 0.010519 0.005746 0.000774 0.332692 0.007157 1.741851
0.637609 0.008718 0.010301 0.005633 0.000756 0.329817 0.007168 1.742701
0.640907 0.008602 0.010118 0.005533 0.000745 0.326916 0.007180 1.743580
0.644204 0.008541 0.009910 0.005444 0.000727 0.323981 0.007194 1.744406
0.647517 0.008456 0.009743 0.005341 0.000720 0.321023 0.007201 1.745219
0.650654 0.008367 0.009609 0.005245 0.000710 0.318207 0.007208 1.746060
0.653849 0.008270 0.009498 0.005159 0.000701 0.315309 0.007214 1.746912
0.657111 0.008136 0.009355 0.005079 0.000686 0.312413 0.007220 1.747750
0.660322 0.008047 0.009201 0.005001 0.000670 0.309528 0.007232 1.748552
0.663341 0.008037 0.009050 0.004924 0.000658 0.306750 0.007240 1.749333
0.666396 0.007986 0.008948 0.004858 0.000649 0.303918 0.007246 1.750148
0.669516 0.007944 0.008794 0.004764 0.000639 0.301089 0.007254 1.750895
0.672538 0.007922 0.008683 0.004683 0.000621 0.298287 0.007267 1.751661
0.675412 0.007887 0.008581 0.004656 0.000608 0.295581 0.007275 1.752460
0.678401 0.007803 0.008488 0.004593 0.000598 0.292833 0.007284 1.753271
0.681235 0.007830 0.008333 0.004504 0.000590 0.290214 0.007293 1.753993
0.684106 0.007790 0.008217 0.004459 0.000573 0.287550 0.007306 1.754754
0.686921 0.007758 0.008135 0.004410 0.000559 0.284905 0.007313 1.755529
0.689716 0.007751 0.008008 0.004350 0.000542 0.282313 0.007321 1.756280
0.692544 0.007698 0.007908 0.004298 0.000535 0.279690 0.007328 1.757052
0.695267 0.007733 0.007839 0.004252 0.000525 0.277049 0.007335 1.757778
0.697993 0.007683 0.007792 0.004206 0.000510 0.274469 0.007347 1.758554
0.700697 0.007636 0.007728 0.004196 0.000495 0.271891 0.007357 1.759321
0.703323 0.007621 0.007639 0.004181 0.000485 0.269386 0.007366 1.760068
0.705850 0.007612 0.007549 0.004158 0.000473 0.266983 0.007375 1.760805
0.708470 0.007580 0.007497 0.004136 0.000461 0.264472 0.007385 1.761563
0.710991 0.007567 0.007469 0.004091 0.000458 0.262034 0.007390 1.762301
0.713482 0.007571 0.007445 0.004028 0.000455 0.259623 0.007396 1.763035
0.715955 0.007572 0.007417 0.004010 0.000454 0.257193 0.007400 1.763771
0.718401 0.007607 0.007349 0.004004 0.000450 0.254783 0.007405 1.764502
0.720835 0.007626 0.007319 0.003957 0.000446 0.252405 0.007412 1.765226
0.723248 0.007643 0.007260 0.003940 0.000441 0.250052 0.007416 1.765953
0.725597 0.007612 0.007258 0.003958 0.000436 0.247719 0.007419 1.766727
0.727915 0.007648 0.007213 0.003940 0.000431 0.245428 0.007425 1.767478
0.730241 0.007603 0.007209 0.003946 0.000425 0.243147 0.007429 1.768258
0.732546 0.007572 0.007179 0.003948 0.000419 0.240899 0.007437 1.769020
0.734848 0.007569 0.007133 0.003928 0.000415 0.238665 0.007442 1.769772
0.737008 0.007600 0.007112 0.003908 0.000408 0.236518 0.007447 1.770515
0.739205 0.007639 0.007061 0.003887 0.000400 0.234357 0.007450 1.771242
0.741349 0.007665 0.007050 0.003878 0.000391 0.232211 0.007456 1.772002
0.743460 0.007660 0.007038 0.003880 0.000384 0.230116 0.007462 1.772775
0.745586 0.007666 0.007009 0.003885 0.000383 0.228005 0.007466 1.773546
0.747621 0.007675 0.006997 0.003881 0.000374 0.225980 0.007471 1.774295
0.749667 0.007675 0.007013 0.003861 0.000372 0.223936 0.007476 1.775063
0.751699 0.007627 0.007002 0.003862 0.000369 0.221959 0.007482 1.775861
0.753673 0.007612 0.007014 0.003863 0.000362 0.219991 0.007486 1.776629
0.755672 0.007599 0.007007 0.003851 0.000360 0.218022 0.007490 1.777406
0.757701 0.007611 0.006998 0.003859 0.000355 0.215981 0.007494 1.778157
0.759578 0.007629 0.007006 0.003859 0.000354 0.214076 0.007498 1.778921
0.761489 0.007625 0.007002 0.003837 0.000351 0.212193 0.007504 1.779677
0.763350 0.007652 0.006999 0.003825 0.000347 0.210320 0.007506 1.780449
0.765214 0.007689 0.006974 0.003809 0.000344 0.208461 0.007509 1.781174
0.767023 0.007759 0.006955 0.003790 0.000340 0.206619 0.007514 1.781918
0.768808 0.007788 0.006940 0.003809 0.000336 0.204799 0.007520 1.782671
0.770656 0.007747 0.006962 0.003818 0.000334 0.202959 0.007524 1.783457
0.772339 0.007786 0.006958 0.003834 0.000329 0.201225 0.007529 1.784237
0.773904 0.007843 0.006986 0.003840 0.000323 0.199568 0.007537 1.785028
0.775545 0.007909 0.007004 0.003814 0.000319 0.197870 0.007540 1.785781
0.777137 0.008015 0.007018 0.003801 0.000318 0.196166 0.007545 1.786553
0.778776 0.008074 0.007022 0.003779 0.000315 0.194485 0.007550 1.787316
0.780386 0.008158 0.006992 0.003758 0.000319 0.192832 0.007555 1.788055
0.781975 0.008182 0.007014 0.003793 0.000316 0.191160 0.007558 1.788863
0.783482 0.008232 0.007045 0.003808 0.000319 0.189551 0.007562 1.789680
0.784999 0.008221 0.007095 0.003820 0.000311 0.187986 0.007568 1.790528
0.786498 0.008268 0.007085 0.003826 0.000308 0.186443 0.007572 1.791332
0.788016 0.008301 0.007112 0.003833 0.000302 0.184858 0.007578 1.792151
0.789455 0.008332 0.007113 0.003842 0.000297 0.183378 0.007583 1.792970
0.790884 0.008394 0.007144 0.003865 0.000300 0.181827 0.007585 1.793800
0.792349 0.008407 0.007180 0.003863 0.000303 0.180311 0.007589 1.794627
0.793689 0.008437 0.007217 0.003875 0.000302 0.178887 0.007593 1.795466
0.794920 0.008531 0.007283 0.003881 0.000307 0.177483 0.007596 1.796309
0.796260 0.008570 0.007302 0.003921 0.000301 0.176047 0.007599 1.797154
0.797558 0.008580 0.007341 0.003943 0.000300 0.174672 0.007605 1.798022
0.798920 0.008624 0.007358 0.003943 0.000297 0.173248 0.007610 1.798851
0.800162 0.008747 0.007361 0.003950 0.000297 0.171871 0.007612 1.799673
0.801341 0.008864 0.007406 0.003949 0.000299 0.170529 0.007613 1.800506
0.802534 0.008900 0.007452 0.003974 0.000296 0.169226 0.007619 1.801396
0.803695 0.008986 0.007468 0.003983 0.000295 0.167950 0.007622 1.802247
0.804890 0.009060 0.007518 0.003979 0.000291 0.166635 0.007627 1.803136
0.805978 0.009194 0.007553 0.003991 0.000290 0.165361 0.007632 1.803972
0.807031 0.009308 0.007595 0.004013 0.000289 0.164128 0.007635 1.804860
0.808087 0.009386 0.007618 0.004054 0.000288 0.162929 0.007639 1.805774
0.809135 0.009449 0.007655 0.004094 0.000292 0.161732 0.007643 1.806684
0.810189 0.009520 0.007684 0.004116 0.000290 0.160551 0.007651 1.807599
0.811254 0.009574 0.007730 0.004135 0.000288 0.159365 0.007655 1.808529
0.812240 0.009636 0.007814 0.004170 0.000285 0.158198 0.007658 1.809488
0.813128 0.009749 0.007880 0.004179 0.000277 0.157129 0.007660 1.810420
0.814012 0.009823 0.007941 0.004209 0.000274 0.156078 0.007664 1.811383
0.814938 0.009900 0.008025 0.004237 0.000271 0.154961 0.007668 1.812361
0.815798 0.009955 0.008085 0.004276 0.000269 0.153946 0.007672 1.813362
0.816631 0.010075 0.008147 0.004285 0.000268 0.152918 0.007676 1.814350
0.817461 0.010234 0.008143 0.004291 0.000274 0.151920 0.007678 1.815275
0.818250 0.010323 0.008225 0.004356 0.000273 0.150891 0.007682 1.816302
0.819075 0.010387 0.008233 0.004376 0.000270 0.149975 0.007685 1.817294
0.819824 0.010507 0.008318 0.004403 0.000269 0.148991 0.007688 1.818289
0.820523 0.010572 0.008385 0.004495 0.000262 0.148073 0.007692 1.819360
0.821184 0.010705 0.008486 0.004497 0.000266 0.147169 0.007694 1.820375
0.821834 0.010769 0.008569 0.004599 0.000267 0.146268 0.007695 1.821449
0.822472 0.010826 0.008646 0.004660 0.000269 0.145428 0.007699 1.822556
0.823144 0.010900 0.008749 0.004684 0.000269 0.144552 0.007705 1.823621
0.823765 0.010987 0.008795 0.004727 0.000274 0.143745 0.007708 1.824675
0.824400 0.011082 0.008825 0.004746 0.000278 0.142959 0.007711 1.825739
0.824983 0.011196 0.008901 0.004771 0.000273 0.142163 0.007714 1.826802
0.825549 0.011350 0.008962 0.004776 0.000274 0.141372 0.007717 1.827867
0.826146 0.011465 0.009006 0.004816 0.000276 0.140573 0.007719 1.828966
0.826684 0.011549 0.009108 0.004874 0.000283 0.139782 0.007722 1.830090
0.827162 0.011655 0.009163 0.004914 0.000282 0.139102 0.007723 1.831209
0.827664 0.011801 0.009235 0.004953 0.000278 0.138340 0.007728 1.832318
0.828132 0.011936 0.009313 0.005003 0.000281 0.137606 0.007731 1.833441
0.828560 0.012051 0.009451 0.005044 0.000283 0.136877 0.007735 1.834649
0.828947 0.012112 0.009536 0.005089 0.000288 0.136292 0.007736 1.835843
0.829343 0.012226 0.009618 0.005158 0.000288 0.135629 0.007738 1.837034
0.829718 0.012291 0.009747 0.005195 0.000286 0.135021 0.007742 1.838264
0.830092 0.012434 0.009815 0.005232 0.000283 0.134395 0.007747 1.839476
0.830436 0.012532 0.009866 0.005270 0.000287 0.133859 0.007750 1.840687
0.830797 0.012629 0.009942 0.005309 0.000292 0.133279 0.007754 1.841914
0.831076 0.012750 0.010063 0.005361 0.000297 0.132697 0.007758 1.843171
0.831341 0.012852 0.010153 0.005414 0.000300 0.132181 0.007760 1.844432
0.831598 0.012977 0.010272 0.005428 0.000308 0.131656 0.007763 1.845668
0.831837 0.013058 0.010330 0.005515 0.000316 0.131178 0.007765 1.846969
0.832001 0.013227 0.010471 0.005526 0.000315 0.130691 0.007770 1.848260
0.832267 0.013311 0.010590 0.005572 0.000319 0.130165 0.007776 1.849558
0.832439 0.013440 0.010725 0.005618 0.000324 0.129676 0.007779 1.850882
0.832575 0.013543 0.010855 0.005625 0.000323 0.129297 0.007783 1.852200
0.832715 0.013607 0.010937 0.005689 0.000328 0.128936 0.007789 1.853565
0.832864 0.013726 0.011036 0.005736 0.000333 0.128513 0.007791 1.854909
0.832977 0.013878 0.011128 0.005792 0.000334 0.128096 0.007797 1.856250
0.833175 0.013954 0.011249 0.005820 0.000345 0.127659 0.007799 1.857616
0.833273 0.014100 0.011314 0.005896 0.000343 0.127274 0.007802 1.859010
0.833338 0.014285 0.011375 0.005941 0.000340 0.126916 0.007806 1.860336
0.833377 0.014403 0.011466 0.005977 0.000341 0.126627 0.007810 1.861758
0.833471 0.014445 0.011523 0.006053 0.000342 0.126354 0.007814 1.863202
0.833548 0.014525 0.011650 0.006113 0.000338 0.126005 0.007821 1.864645
0.833575 0.014635 0.011754 0.006192 0.000339 0.125681 0.007825 1.866109
0.833518 0.014768 0.011842 0.006260 0.000338 0.125445 0.007829 1.867560
0.833498 0.014923 0.011894 0.006288 0.000343 0.125220 0.007833 1.868954
0.833631 0.014933 0.011976 0.006363 0.000350 0.124911 0.007836 1.870424
0.833612 0.014995 0.012091 0.006439 0.000352 0.124669 0.007843 1.871918
0.833639 0.015088 0.012187 0.006474 0.000358 0.124407 0.007847 1.873392
0.833619 0.015194 0.012297 0.006510 0.000366 0.124164 0.007850 1.874850
0.833511 0.015336 0.012373 0.006565 0.000367 0.123995 0.007854 1.876333
0.833452 0.015380 0.012512 0.006613 0.000367 0.123815 0.007860 1.877893
0.833386 0.015470 0.012632 0.006656 0.000370 0.123623 0.007862 1.879418
0.833315 0.015581 0.012699 0.006715 0.000369 0.123451 0.007869 1.880911
0.833196 0.015702 0.012768 0.006785 0.000371 0.123302 0.007876 1.882460
0.833013 0.015803 0.012887 0.006843 0.000375 0.123198 0.007880 1.884041
0.832888 0.015943 0.012949 0.006892 0.000376 0.123067 0.007885 1.885559
0.832752 0.016051 0.013059 0.006948 0.000382 0.122918 0.007890 1.887140
0.832609 0.016182 0.013149 0.007031 0.000381 0.122757 0.007893 1.888722
0.832420 0.016267 0.013285 0.007050 0.000387 0.122695 0.007896 1.890317
0.832251 0.016363 0.013363 0.007087 0.000395 0.122644 0.007898 1.891914
0.832013 0.016519 0.013456 0.007134 0.000391 0.122584 0.007904 1.893507
0.831904 0.016570 0.013520 0.007187 0.000396 0.122516 0.007909 1.895117
0.831728 0.016632 0.013652 0.007274 0.000394 0.122407 0.007913 1.896770
0.831574 0.016703 0.013728 0.007350 0.000398 0.122329 0.007919 1.898400
0.831307 0.016875 0.013773 0.007365 0.000405 0.122352 0.007922 1.900033
0.831085 0.017002 0.013875 0.007381 0.000408 0.122324 0.007927 1.901666
0.830867 0.017119 0.013910 0.007410 0.000411 0.122351 0.007932 1.903296
0.830670 0.017181 0.013998 0.007442 0.000413 0.122358 0.007938 1.904975
0.830425 0.017254 0.014092 0.007489 0.000416 0.122381 0.007943 1.906673
0.830170 0.017361 0.014219 0.007501 0.000423 0.122380 0.007947 1.908366
0.829874 0.017490 0.014310 0.007558 0.000423 0.122393 0.007952 1.910078
0.829647 0.017500 0.014463 0.007604 0.000421 0.122404 0.007961 1.911817
0.829442 0.017537 0.014585 0.007661 0.000423 0.122388 0.007963 1.913571
0.829148 0.017591 0.014704 0.007728 0.000427 0.122433 0.007969 1.915330
0.828811 0.017660 0.014835 0.007792 0.000429 0.122497 0.007975 1.917107
0.828538 0.017784 0.014914 0.007824 0.000431 0.122526 0.007983 1.918817
0.828229 0.017923 0.014946 0.007871 0.000436 0.122609 0.007986 1.920540
0.827915 0.017973 0.015009 0.007919 0.000427 0.122761 0.007995 1.922319
0.827637 0.018005 0.015049 0.007958 0.000429 0.122921 0.008001 1.924095
0.827277 0.018074 0.015145 0.008053 0.000440 0.123005 0.008006 1.925891
0.826987 0.018147 0.015196 0.008123 0.000445 0.123091 0.008011 1.927654
0.826618 0.018232 0.015316 0.008147 0.000446 0.123223 0.008017 1.929445
0.826291 0.018345 0.015379 0.008162 0.000449 0.123348 0.008025 1.931171
0.825918 0.018429 0.015470 0.008194 0.000457 0.123504 0.008029 1.932970
0.825601 0.018455 0.015537 0.008235 0.000462 0.123675 0.008034 1.934779
0.825304 0.018436 0.015632 0.008287 0.000460 0.123841 0.008039 1.936625
0.824932 0.018501 0.015753 0.008287 0.000462 0.124019 0.008046 1.938466
0.824581 0.018506 0.015853 0.008366 0.000467 0.124175 0.008052 1.940343
0.824243 0.018540 0.015862 0.008409 0.000463 0.124424 0.008059 1.942187
0.823907 0.018634 0.015897 0.008460 0.000468 0.124571 0.008064 1.943984
0.823535 0.018702 0.015920 0.008497 0.000469 0.124807 0.008071 1.945817
0.823266 0.018765 0.015971 0.008505 0.000477 0.124942 0.008076 1.947601
0.822978 0.018768 0.016035 0.008534 0.000482 0.125120 0.008084 1.949446
0.822604 0.018851 0.016088 0.008535 0.000482 0.125350 0.008090 1.951278
0.822233 0.018867 0.016199 0.008591 0.000481 0.125530 0.008098 1.953182
0.821909 0.018860 0.016265 0.008566 0.000483 0.125816 0.008103 1.955022
0.821587 0.018854 0.016364 0.008571 0.000478 0.126039 0.008108 1.956894
0.821210 0.018906 0.016432 0.008584 0.000483 0.126271 0.008115 1.958752
0.820955 0.018972 0.016424 0.008589 0.000487 0.126458 0.008117 1.960559
0.820670 0.019020 0.016506 0.008606 0.000483 0.126592 0.008123 1.962420
0.820353 0.019005 0.016583 0.008631 0.000487 0.126811 0.008132 1.964321
0.820028 0.019055 0.016620 0.008654 0.000490 0.127016 0.008138 1.966176
0.819712 0.019120 0.016631 0.008688 0.000493 0.127213 0.008144 1.968020
0.819449 0.019151 0.016603 0.008729 0.000498 0.127420 0.008149 1.969833
0.819209 0.019218 0.016554 0.008779 0.000512 0.127577 0.008153 1.971671
0.818893 0.019284 0.016526 0.008813 0.000510 0.127814 0.008160 1.973503
0.818587 0.019299 0.016570 0.008868 0.000509 0.128003 0.008166 1.975405
0.818258 0.019376 0.016599 0.008870 0.000517 0.128210 0.008171 1.977238
0.817912 0.019438 0.016691 0.008894 0.000518 0.128370 0.008178 1.979134
0.817655 0.019483 0.016764 0.008886 0.000524 0.128505 0.008184 1.981018
0.817305 0.019520 0.016871 0.008934 0.000526 0.128655 0.008191 1.982947
0.816937 0.019594 0.016855 0.008991 0.000539 0.128888 0.008196 1.984830
0.816588 0.019615 0.016910 0.009013 0.000543 0.129127 0.008205 1.986750
0.816317 0.019636 0.016944 0.009042 0.000545 0.129304 0.008212 1.988658
0.815907 0.019725 0.016964 0.009053 0.000551 0.129581 0.008219 1.990552
0.815583 0.019763 0.017014 0.009043 0.000543 0.129826 0.008228 1.992468
0.815277 0.019790 0.017001 0.009030 0.000551 0.130115 0.008236 1.994379
0.814940 0.019790 0.017033 0.009048 0.000556 0.130393 0.008240 1.996323
0.814639 0.019726 0.017105 0.009063 0.000558 0.130661 0.008249 1.998293
0.814350 0.019643 0.017191 0.009100 0.000567 0.130895 0.008255 2.000304
0.814025 0.019684 0.017214 0.009075 0.000570 0.131170 0.008263 2.002193
0.813723 0.019661 0.017227 0.009087 0.000573 0.131457 0.008272 2.004114
0.813460 0.019610 0.017223 0.009101 0.000574 0.131750 0.008284 2.006035
0.813202 0.019586 0.017280 0.009104 0.000578 0.131955 0.008294 2.007974
0.812962 0.019617 0.017258 0.009116 0.000577 0.132170 0.008302 2.009870
0.812758 0.019583 0.017253 0.009125 0.000577 0.132397 0.008309 2.011782
0.812560 0.019494 0.017268 0.009153 0.000582 0.132629 0.008314 2.013713
0.812288 0.019477 0.017295 0.009190 0.000586 0.132846 0.008320 2.015662
0.812037 0.019457 0.017318 0.009148 0.000587 0.133127 0.008327 2.017612
0.811858 0.019409 0.017315 0.009179 0.000591 0.133314 0.008335 2.019538
0.811646 0.019330 0.017404 0.009171 0.000583 0.133522 0.008345 2.021483
0.811368 0.019307 0.017503 0.009193 0.000584 0.133694 0.008352 2.023463
0.811051 0.019296 0.017521 0.009208 0.000587 0.133978 0.008361 2.025421
0.810854 0.019274 0.017510 0.009195 0.000596 0.134203 0.008369 2.027361
0.810665 0.019274 0.017522 0.009171 0.000596 0.134394 0.008378 2.029224
0.810450 0.019227 0.017558 0.009158 0.000592 0.134631 0.008385 2.031163
0.810197 0.019271 0.017578 0.009142 0.000591 0.134826 0.008395 2.033067
0.809998 0.019270 0.017558 0.009178 0.000592 0.135000 0.008404 2.034962
0.809789 0.019289 0.017556 0.009177 0.000597 0.135183 0.008409 2.036852
0.809569 0.019294 0.017559 0.009148 0.000600 0.135414 0.008418 2.038756
0.809402 0.019258 0.017591 0.009149 0.000601 0.135571 0.008428 2.040658
0.809241 0.019196 0.017596 0.009174 0.000597 0.135761 0.008435 2.042592
0.809090 0.019192 0.017573 0.009134 0.000597 0.135974 0.008441 2.044453
0.808921 0.019101 0.017544 0.009236 0.000602 0.136151 0.008445 2.046376
0.808834 0.019054 0.017470 0.009223 0.000604 0.136362 0.008454 2.048246
0.808715 0.019051 0.017385 0.009208 0.000607 0.136574 0.008460 2.050085
0.808582 0.019063 0.017382 0.009159 0.000609 0.136736 0.008468 2.051930
0.808460 0.019100 0.017300 0.009136 0.000607 0.136920 0.008477 2.053724
0.808289 0.019048 0.017294 0.009144 0.000604 0.137135 0.008485 2.055633
0.808175 0.019067 0.017274 0.009148 0.000605 0.137240 0.008490 2.057480
0.808153 0.019015 0.017222 0.009165 0.000603 0.137347 0.008496 2.059341
0.808024 0.019006 0.017171 0.009155 0.000602 0.137538 0.008505 2.061181
0.807936 0.018916 0.017169 0.009170 0.000603 0.137691 0.008516 2.063081
0.807875 0.018920 0.017164 0.009193 0.000593 0.137731 0.008524 2.064944
0.807795 0.018909 0.017079 0.009200 0.000590 0.137898 0.008530 2.066799
0.807674 0.018948 0.016981 0.009175 0.000589 0.138097 0.008536 2.068580
0.807642 0.018858 0.016949 0.009144 0.000590 0.138275 0.008543 2.070432
0.807542 0.018864 0.016956 0.009091 0.000596 0.138403 0.008548 2.072258
0.807505 0.018855 0.016915 0.009066 0.000589 0.138514 0.008557 2.074042
0.807381 0.018807 0.016937 0.009076 0.000579 0.138654 0.008566 2.075896
0.807312 0.018740 0.016950 0.009065 0.000586 0.138775 0.008572 2.077767
0.807189 0.018714 0.016943 0.009089 0.000572 0.138911 0.008582 2.079623
0.807204 0.018637 0.017030 0.009045 0.000569 0.138928 0.008587 2.081475
0.807064 0.018593 0.017051 0.009036 0.000566 0.139096 0.008595 2.083357
0.807033 0.018643 0.016976 0.009007 0.000569 0.139172 0.008601 2.085122
0.807047 0.018556 0.016978 0.009009 0.000566 0.139235 0.008609 2.086966
0.806939 0.018545 0.016954 0.009001 0.000571 0.139375 0.008616 2.088795
0.806889 0.018584 0.016905 0.008999 0.000570 0.139429 0.008625 2.090586
0.806874 0.018542 0.016914 0.008977 0.000568 0.139494 0.008631 2.092394
0.806851 0.018488 0.016875 0.008966 0.000576 0.139605 0.008640 2.094190
0.806916 0.018336 0.016854 0.009018 0.000572 0.139656 0.008648 2.096054
0.806885 0.018295 0.016859 0.009021 0.000576 0.139712 0.008652 2.097857
0.806934 0.018205 0.016873 0.008980 0.000584 0.139767 0.008658 2.099674
0.807019 0.018112 0.016825 0.008944 0.000576 0.139861 0.008665 2.101465
0.807041 0.018114 0.016734 0.008856 0.000582 0.140003 0.008669 2.103192
0.807014 0.018121 0.016696 0.008851 0.000578 0.140065 0.008677 2.104935
0.807019 0.018111 0.016752 0.008816 0.000575 0.140041 0.008686 2.106713
0.807017 0.018147 0.016698 0.008766 0.000571 0.140107 0.008695 2.108430
0.807043 0.018065 0.016642 0.008757 0.000577 0.140217 0.008701 2.110250
0.807136 0.017981 0.016660 0.008736 0.000576 0.140199 0.008711 2.112015
0.807097 0.017975 0.016640 0.008726 0.000578 0.140269 0.008717 2.113770
0.807131 0.017894 0.016670 0.008722 0.000578 0.140284 0.008723 2.115533
0.807120 0.017865 0.016594 0.008767 0.000571 0.140350 0.008734 2.117282
0.807195 0.017855 0.016532 0.008719 0.000567 0.140391 0.008739 2.118974
0.807304 0.017756 0.016533 0.008743 0.000568 0.140349 0.008749 2.120772
0.807402 0.017709 0.016482 0.008738 0.000562 0.140349 0.008758 2.122500
0.807488 0.017642 0.016455 0.008713 0.000571 0.140368 0.008764 2.124241
0.807580 0.017579 0.016377 0.008719 0.000572 0.140403 0.008771 2.125994
0.807598 0.017600 0.016282 0.008709 0.000571 0.140463 0.008780 2.127687
0.807617 0.017560 0.016273 0.008705 0.000571 0.140488 0.008787 2.129440
0.807568 0.017562 0.016220 0.008666 0.000568 0.140621 0.008795 2.131185
0.807641 0.017524 0.016168 0.008632 0.000573 0.140662 0.008801 2.132914
0.807733 0.017507 0.016153 0.008594 0.000571 0.140635 0.008807 2.134598
0.807792 0.017466 0.016074 0.008600 0.000567 0.140689 0.008812 2.136308
0.807930 0.017396 0.016063 0.008579 0.000570 0.140646 0.008817 2.138016
0.808031 0.017353 0.016072 0.008564 0.000572 0.140586 0.008822 2.139743
0.808098 0.017293 0.016038 0.008551 0.000569 0.140624 0.008827 2.141472
0.808166 0.017344 0.015991 0.008513 0.000569 0.140586 0.008832 2.143094
0.808205 0.017341 0.015977 0.008477 0.000568 0.140595 0.008838 2.144795
0.808308 0.017265 0.015938 0.008487 0.000567 0.140590 0.008846 2.146520
0.808359 0.017272 0.015924 0.008432 0.000570 0.140593 0.008851 2.148224
0.808427 0.017313 0.015850 0.008417 0.000564 0.140572 0.008858 2.149871
0.808538 0.017277 0.015808 0.008404 0.000567 0.140544 0.008862 2.151569
0.808678 0.017211 0.015763 0.008382 0.000571 0.140527 0.008868 2.153256
0.808765 0.017204 0.015700 0.008359 0.000569 0.140528 0.008877 2.154929
0.808951 0.017155 0.015726 0.008330 0.000569 0.140390 0.008881 2.156617
0.809027 0.017134 0.015704 0.008313 0.000565 0.140368 0.008890 2.158272
0.809104 0.017130 0.015609 0.008279 0.000567 0.140416 0.008896 2.159946
0.809239 0.017142 0.015562 0.008289 0.000554 0.140306 0.008909 2.161612
0.809356 0.017132 0.015546 0.008273 0.000553 0.140225 0.008915 2.163298
0.809557 0.017000 0.015577 0.008308 0.000551 0.140084 0.008923 2.165024
0.809674 0.016952 0.015557 0.008286 0.000554 0.140047 0.008931 2.166697
0.809841 0.016989 0.015532 0.008230 0.000554 0.139919 0.008936 2.168304
0.809978 0.016927 0.015551 0.008242 0.000548 0.139807 0.008946 2.170012
0.810095 0.016899 0.015473 0.008190 0.000553 0.139838 0.008952 2.171643
0.810277 0.016853 0.015440 0.008176 0.000558 0.139739 0.008957 2.173286
0.810448 0.016766 0.015422 0.008166 0.000563 0.139670 0.008965 2.174942
0.810574 0.016779 0.015387 0.008115 0.000558 0.139614 0.008973 2.176591
0.810695 0.016742 0.015365 0.008120 0.000552 0.139543 0.008982 2.178254
0.810856 0.016797 0.015283 0.008079 0.000555 0.139442 0.008989 2.179794
0.811044 0.016756 0.015283 0.008048 0.000553 0.139320 0.008995 2.181443
0.811212 0.016728 0.015220 0.008050 0.000546 0.139242 0.009002 2.183075
0.811322 0.016701 0.015190 0.008092 0.000549 0.139136 0.009009 2.184716
0.811524 0.016604 0.015231 0.008072 0.000552 0.139001 0.009016 2.186386
0.811695 0.016603 0.015181 0.008048 0.000557 0.138892 0.009025 2.187995
0.811838 0.016557 0.015173 0.008041 0.000548 0.138810 0.009034 2.189627
0.811981 0.016588 0.015107 0.008011 0.000546 0.138723 0.009044 2.191189
0.812168 0.016465 0.015063 0.008020 0.000546 0.138686 0.009053 2.192865
0.812336 0.016451 0.015021 0.008022 0.000539 0.138571 0.009061 2.194479
0.812465 0.016473 0.015025 0.008022 0.000534 0.138411 0.009071 2.196087
0.812621 0.016498 0.014984 0.008017 0.000538 0.138265 0.009078 2.197670
0.812744 0.016461 0.014951 0.008039 0.000537 0.138185 0.009084 2.199279
0.812817 0.016459 0.014958 0.008014 0.000542 0.138124 0.009087 2.200890
0.812913 0.016387 0.015009 0.008008 0.000544 0.138048 0.009093 2.202553
0.813031 0.016285 0.015055 0.008003 0.000542 0.137986 0.009100 2.204224
0.813238 0.016202 0.015033 0.007974 0.000546 0.137902 0.009105 2.205865
0.813378 0.016167 0.015034 0.007989 0.000547 0.137774 0.009112 2.207469
0.813586 0.016147 0.015013 0.007941 0.000544 0.137650 0.009120 2.209044
0.813787 0.016096 0.014999 0.007894 0.000543 0.137556 0.009126 2.210634
0.813869 0.016163 0.014957 0.007840 0.000539 0.137500 0.009132 2.212171
0.814062 0.016142 0.014918 0.007800 0.000539 0.137398 0.009142 2.213744
0.814174 0.016178 0.014843 0.007779 0.000537 0.137342 0.009149 2.215299
0.814315 0.016208 0.014809 0.007754 0.000533 0.137225 0.009156 2.216868
0.814463 0.016214 0.014763 0.007750 0.000540 0.137112 0.009158 2.218436
0.814640 0.016168 0.014770 0.007708 0.000543 0.137008 0.009162 2.220018
0.814739 0.016193 0.014719 0.007698 0.000542 0.136939 0.009172 2.221566
0.814856 0.016172 0.014725 0.007691 0.000540 0.136836 0.009179 2.223166
0.814928 0.016180 0.014750 0.007705 0.000538 0.136712 0.009187 2.224788
0.815039 0.016158 0.014707 0.007718 0.000533 0.136651 0.009194 2.226399
0.815249 0.016094 0.014703 0.007695 0.000530 0.136527 0.009201 2.227991
0.815429 0.016068 0.014681 0.007689 0.000523 0.136397 0.009213 2.229566
0.815524 0.016112 0.014582 0.007713 0.000521 0.136329 0.009220 2.231129
0.815679 0.016123 0.014507 0.007695 0.000524 0.136243 0.009227 2.232668
0.815826 0.016105 0.014497 0.007712 0.000527 0.136098 0.009235 2.234252
0.815897 0.016170 0.014503 0.007694 0.000532 0.135966 0.009239 2.235794
0.816058 0.016142 0.014530 0.007705 0.000537 0.135784 0.009243 2.237410
0.816184 0.016124 0.014500 0.007711 0.000537 0.135693 0.009250 2.239015
0.816317 0.016167 0.014444 0.007674 0.000540 0.135605 0.009254 2.240548
0.816472 0.016108 0.014445 0.007679 0.000541 0.135496 0.009260 2.242162
0.816548 0.016137 0.014419 0.007671 0.000533 0.135427 0.009266 2.243728
0.816699 0.016154 0.014397 0.007657 0.000522 0.135295 0.009276 2.245270
0.816809 0.016104 0.014400 0.007666 0.000530 0.135212 0.009280 2.246871
0.816856 0.016118 0.014375 0.007674 0.000530 0.135159 0.009288 2.248438
0.816952 0.016093 0.014386 0.007650 0.000520 0.135103 0.009297 2.250030
0.817089 0.016079 0.014359 0.007633 0.000517 0.135020 0.009304 2.251600
0.817224 0.016060 0.014411 0.007607 0.000515 0.134872 0.009310 2.253201
0.817324 0.016030 0.014444 0.007632 0.000508 0.134747 0.009315 2.254807
0.817390 0.016081 0.014464 0.007632 0.000510 0.134602 0.009321 2.256378
0.817501 0.016090 0.014518 0.007602 0.000515 0.134449 0.009325 2.257967
0.817573 0.016106 0.014506 0.007627 0.000514 0.134340 0.009334 2.259537
0.817685 0.016104 0.014531 0.007599 0.000509 0.134229 0.009342 2.261100
0.817753 0.016106 0.014524 0.007599 0.000513 0.134157 0.009349 2.262672
0.817811 0.016177 0.014506 0.007588 0.000511 0.134050 0.009356 2.264232
0.817866 0.016213 0.014515 0.007601 0.000507 0.133934 0.009365 2.265825
0.817910 0.016175 0.014527 0.007602 0.000504 0.133911 0.009371 2.267443
0.818085 0.016103 0.014484 0.007615 0.000510 0.133826 0.009378 2.269056
0.818191 0.016127 0.014462 0.007599 0.000501 0.133736 0.009385 2.270604
0.818252 0.016182 0.014472 0.007612 0.000496 0.133591 0.009395 2.272191
0.818375 0.016102 0.014516 0.007637 0.000496 0.133474 0.009401 2.273836
0.818471 0.016081 0.014547 0.007662 0.000499 0.133333 0.009407 2.275423
0.818659 0.016048 0.014562 0.007687 0.000495 0.133138 0.009411 2.277000
0.818723 0.016025 0.014567 0.007687 0.000501 0.133081 0.009417 2.278574
0.818769 0.016089 0.014576 0.007684 0.000498 0.132960 0.009424 2.280132
0.818829 0.016088 0.014584 0.007685 0.000498 0.132883 0.009433 2.281741
0.818939 0.016033 0.014602 0.007726 0.000494 0.132770 0.009438 2.283370
0.818960 0.016063 0.014627 0.007709 0.000498 0.132699 0.009445 2.284953
0.819061 0.016070 0.014607 0.007706 0.000494 0.132610 0.009452 2.286532
0.819069 0.016129 0.014593 0.007693 0.000493 0.132565 0.009458 2.288086
0.819179 0.016098 0.014591 0.007713 0.000492 0.132463 0.009463 2.289654
0.819244 0.016071 0.014630 0.007739 0.000494 0.132356 0.009467 2.291257
0.819279 0.016071 0.014655 0.007713 0.000500 0.132312 0.009470 2.292856
0.819394 0.016007 0.014636 0.007765 0.000489 0.132233 0.009477 2.294451
0.819428 0.016025 0.014641 0.007749 0.000488 0.132188 0.009482 2.296032
0.819454 0.016068 0.014630 0.007739 0.000488 0.132136 0.009486 2.297584
0.819489 0.016040 0.014668 0.007727 0.000487 0.132099 0.009490 2.299218
0.819526 0.016053 0.014658 0.007741 0.000490 0.132038 0.009495 2.300815
0.819558 0.016099 0.014628 0.007739 0.000488 0.131987 0.009504 2.302397
0.819578 0.016109 0.014632 0.007720 0.000493 0.131958 0.009511 2.304005
0.819561 0.016107 0.014660 0.007723 0.000489 0.131941 0.009519 2.305619
0.819622 0.016111 0.014683 0.007704 0.000483 0.131871 0.009525 2.307205
0.819642 0.016118 0.014690 0.007694 0.000481 0.131846 0.009529 2.308815
0.819720 0.016131 0.014637 0.007682 0.000477 0.131821 0.009534 2.310380
0.819700 0.016165 0.014620 0.007687 0.000478 0.131813 0.009538 2.311982
0.819735 0.016214 0.014636 0.007638 0.000473 0.131758 0.009547 2.313533
0.819830 0.016196 0.014679 0.007628 0.000479 0.131640 0.009551 2.315127
0.819937 0.016133 0.014703 0.007618 0.000479 0.131575 0.009557 2.316767
0.820064 0.016071 0.014698 0.007593 0.000477 0.131534 0.009564 2.318338
0.820026 0.016116 0.014687 0.007568 0.000480 0.131552 0.009571 2.319885
0.820002 0.016152 0.014673 0.007613 0.000480 0.131504 0.009575 2.321462
0.820056 0.016156 0.014658 0.007621 0.000488 0.131441 0.009581 2.323067
0.820144 0.016143 0.014626 0.007617 0.000484 0.131399 0.009586 2.324652
0.820144 0.016169 0.014600 0.007639 0.000485 0.131372 0.009592 2.326252
0.820181 0.016189 0.014571 0.007641 0.000490 0.131328 0.009600 2.327843
0.820265 0.016199 0.014578 0.007621 0.000495 0.131232 0.009609 2.329387
0.820275 0.016208 0.014576 0.007635 0.000498 0.131193 0.009615 2.330976
0.820342 0.016217 0.014521 0.007633 0.000503 0.131165 0.009619 2.332540
0.820383 0.016261 0.014516 0.007621 0.000503 0.131088 0.009628 2.334103
0.820403 0.016333 0.014483 0.007607 0.000499 0.131040 0.009636 2.335652
0.820511 0.016292 0.014500 0.007586 0.000504 0.130965 0.009643 2.337231
0.820573 0.016346 0.014502 0.007598 0.000510 0.130826 0.009646 2.338808
0.820631 0.016379 0.014477 0.007590 0.000504 0.130768 0.009652 2.340409
0.820731 0.016347 0.014475 0.007592 0.000506 0.130692 0.009657 2.342005
0.820789 0.016355 0.014470 0.007607 0.000507 0.130613 0.009661 2.343607
0.820755 0.016317 0.014537 0.007659 0.000509 0.130557 0.009667 2.345293
0.820795 0.016305 0.014527 0.007663 0.000505 0.130534 0.009673 2.346890
0.820815 0.016326 0.014543 0.007685 0.000505 0.130447 0.009680 2.348478
0.820839 0.016300 0.014572 0.007703 0.000510 0.130391 0.009685 2.350111
0.820831 0.016355 0.014599 0.007660 0.000511 0.130352 0.009692 2.351686
0.820950 0.016246 0.014649 0.007668 0.000515 0.130278 0.009695 2.353344
0.821011 0.016251 0.014649 0.007663 0.000507 0.130218 0.009702 2.354938
0.821021 0.016261 0.014628 0.007647 0.000509 0.130225 0.009708 2.356534
0.821045 0.016303 0.014592 0.007630 0.000512 0.130202 0.009715 2.358090
0.821059 0.016350 0.014625 0.007655 0.000514 0.130078 0.009719 2.359689
0.821066 0.016343 0.014658 0.007672 0.000509 0.130025 0.009728 2.361299
0.821040 0.016355 0.014701 0.007675 0.000510 0.129988 0.009733 2.362914
0.821100 0.016293 0.014695 0.007718 0.000507 0.129949 0.009739 2.364564
0.821140 0.016274 0.014703 0.007705 0.000505 0.129929 0.009745 2.366148
0.821133 0.016297 0.014663 0.007691 0.000501 0.129964 0.009751 2.367735
0.821115 0.016310 0.014651 0.007676 0.000509 0.129981 0.009758 2.369326
0.821083 0.016402 0.014617 0.007694 0.000506 0.129932 0.009765 2.370897
0.821108 0.016401 0.014625 0.007710 0.000510 0.129875 0.009771 2.372505
0.821090 0.016441 0.014597 0.007715 0.000509 0.129871 0.009777 2.374139
0.821117 0.016443 0.014618 0.007713 0.000511 0.129815 0.009783 2.375754
0.821062 0.016467 0.014620 0.007727 0.000514 0.129821 0.009789 2.377369
0.821048 0.016482 0.014623 0.007753 0.000513 0.129785 0.009796 2.378982
0.821087 0.016442 0.014686 0.007725 0.000513 0.129746 0.009801 2.380613
0.821073 0.016421 0.014715 0.007717 0.000523 0.129746 0.009805 2.382256
0.821034 0.016433 0.014750 0.007749 0.000516 0.129705 0.009813 2.383912
0.820954 0.016491 0.014756 0.007754 0.000515 0.129709 0.009820 2.385551
0.820940 0.016503 0.014754 0.007801 0.000508 0.129666 0.009828 2.387201
0.820900 0.016602 0.014700 0.007794 0.000508 0.129662 0.009834 2.388755
0.820876 0.016644 0.014720 0.007777 0.000505 0.129635 0.009843 2.390363
0.820777 0.016628 0.014793 0.007758 0.000506 0.129687 0.009850 2.392030
0.820770 0.016625 0.014851 0.007779 0.000509 0.129611 0.009854 2.393690
0.820850 0.016608 0.014858 0.007810 0.000506 0.129505 0.009863 2.395334
0.820819 0.016670 0.014812 0.007832 0.000513 0.129485 0.009870 2.396940
0.820784 0.016704 0.014838 0.007841 0.000511 0.129444 0.009877 2.398569
0.820833 0.016685 0.014838 0.007840 0.000510 0.129409 0.009885 2.400179
0.820887 0.016617 0.014893 0.007852 0.000519 0.129340 0.009890 2.401836
0.820861 0.016633 0.014882 0.007871 0.000513 0.129342 0.009898 2.403462
0.820836 0.016698 0.014850 0.007891 0.000511 0.129308 0.009905 2.405072
0.820798 0.016699 0.014847 0.007933 0.000512 0.129300 0.009911 2.406736
0.820776 0.016667 0.014898 0.007965 0.000510 0.129265 0.009919 2.408421
0.820730 0.016681 0.014882 0.007969 0.000509 0.129308 0.009922 2.410076
0.820735 0.016669 0.014890 0.007962 0.000517 0.129297 0.009929 2.411722
0.820721 0.016733 0.014901 0.007953 0.000521 0.129234 0.009936 2.413311
0.820658 0.016792 0.014869 0.007980 0.000523 0.129237 0.009939 2.414928
0.820626 0.016804 0.014906 0.007994 0.000522 0.129202 0.009945 2.416588
0.820585 0.016822 0.014916 0.007991 0.000522 0.129210 0.009954 2.418249
0.820539 0.016827 0.014946 0.007973 0.000509 0.129244 0.009963 2.419917
0.820521 0.016821 0.014948 0.007938 0.000509 0.129292 0.009971 2.421538
0.820465 0.016794 0.014993 0.007978 0.000510 0.129283 0.009977 2.423228
0.820421 0.016811 0.014986 0.007955 0.000511 0.129334 0.009982 2.424888
0.820350 0.016823 0.015051 0.007972 0.000508 0.129307 0.009990 2.426541
0.820318 0.016834 0.015033 0.007982 0.000513 0.129327 0.009994 2.428195
0.820257 0.016825 0.015029 0.007975 0.000515 0.129403 0.009997 2.429887
0.820218 0.016792 0.015012 0.008023 0.000511 0.129441 0.010002 2.431552
0.820136 0.016833 0.015033 0.008048 0.000515 0.129425 0.010009 2.433199
0.820060 0.016779 0.015051 0.008054 0.000522 0.129518 0.010016 2.434881
0.820018 0.016785 0.015033 0.008076 0.000520 0.129544 0.010024 2.436541
0.819981 0.016781 0.015044 0.008089 0.000531 0.129544 0.010031 2.438167
0.819994 0.016779 0.015084 0.008066 0.000528 0.129511 0.010039 2.439785
0.819949 0.016831 0.015098 0.008061 0.000519 0.129495 0.010047 2.441415
0.819883 0.016804 0.015130 0.008096 0.000520 0.129515 0.010053 2.443148
0.819835 0.016793 0.015118 0.008102 0.000525 0.129570 0.010057 2.444765
0.819774 0.016822 0.015128 0.008069 0.000526 0.129617 0.010064 2.446365
0.819755 0.016793 0.015155 0.008083 0.000513 0.129627 0.010074 2.448022
0.819785 0.016790 0.015129 0.008079 0.000515 0.129622 0.010079 2.449625
0.819839 0.016788 0.015133 0.008045 0.000516 0.129595 0.010084 2.451269
0.819824 0.016786 0.015100 0.008023 0.000521 0.129656 0.010090 2.452873
0.819880 0.016785 0.015092 0.008034 0.000526 0.129587 0.010096 2.454492
0.819816 0.016822 0.015051 0.008024 0.000529 0.129659 0.010099 2.456084
0.819839 0.016847 0.014992 0.008009 0.000529 0.129677 0.010108 2.457687
0.819825 0.016813 0.014995 0.008042 0.000533 0.129678 0.010115 2.459368
