0.370192 0.061446 0.054496 0.031255 0.001963 0.475022 0.005626 1.551566
0.372583 0.059166 0.054443 0.031078 0.001960 0.475118 0.005652 1.557434
0.375632 0.056324 0.054285 0.030798 0.001961 0.475326 0.005674 1.563141
0.379205 0.053307 0.053959 0.030485 0.001958 0.475385 0.005702 1.568531
0.383062 0.050305 0.053536 0.030102 0.001961 0.475312 0.005723 1.573618
0.387169 0.047430 0.052834 0.029541 0.001969 0.475314 0.005743 1.578358
0.391567 0.044522 0.052154 0.028960 0.001967 0.475061 0.005769 1.582904
0.396004 0.041803 0.051380 0.028324 0.001959 0.474738 0.005794 1.587177
0.400455 0.039155 0.050451 0.027661 0.001974 0.474490 0.005815 1.591247
0.405083 0.036770 0.049369 0.026958 0.001983 0.474001 0.005837 1.594966
0.409821 0.034528 0.048238 0.026153 0.001975 0.473428 0.005857 1.598419
0.414510 0.032438 0.047084 0.025401 0.001964 0.472722 0.005881 1.601719
0.419279 0.030426 0.045861 0.024670 0.001950 0.471906 0.005906 1.604820
0.424049 0.028591 0.044560 0.023898 0.001961 0.471012 0.005928 1.607728
0.428971 0.026876 0.043279 0.023088 0.001958 0.469879 0.005948 1.610479
0.433842 0.025284 0.041934 0.022373 0.001933 0.468657 0.005976 1.613021
0.438704 0.023749 0.040620 0.021681 0.001910 0.467337 0.005999 1.615487
0.443648 0.022395 0.039326 0.020918 0.001885 0.465806 0.006023 1.617773
0.448629 0.021114 0.038005 0.020157 0.001872 0.464179 0.006044 1.619896
0.453583 0.019880 0.036713 0.019416 0.001854 0.462490 0.006064 1.621911
0.458605 0.018839 0.035348 0.018673 0.001822 0.460627 0.006087 1.623755
0.463595 0.017768 0.034065 0.017966 0.001802 0.458694 0.006110 1.625598
0.468661 0.016795 0.032799 0.017239 0.001762 0.456612 0.006131 1.627284
0.473668 0.015890 0.031631 0.016577 0.001747 0.454332 0.006155 1.628927
0.478518 0.015151 0.030386 0.015925 0.001725 0.452115 0.006180 1.630386
0.483528 0.014436 0.029207 0.015283 0.001702 0.449649 0.006196 1.631779
0.488617 0.013701 0.028071 0.014674 0.001674 0.447045 0.006218 1.633177
0.493538 0.013059 0.026981 0.014084 0.001648 0.444454 0.006237 1.634445
0.498486 0.012432 0.025947 0.013511 0.001616 0.441750 0.006258 1.635684
0.503404 0.011842 0.024935 0.012971 0.001590 0.438979 0.006280 1.636881
0.508310 0.011227 0.023949 0.012424 0.001555 0.436231 0.006305 1.638044
0.513159 0.010691 0.023013 0.011918 0.001515 0.433371 0.006332 1.639131
0.517963 0.010210 0.022129 0.011431 0.001477 0.430431 0.006360 1.640146
0.522733 0.009793 0.021174 0.010905 0.001454 0.427563 0.006377 1.641099
0.527544 0.009378 0.020313 0.010470 0.001415 0.424482 0.006398 1.642050
0.532316 0.009003 0.019487 0.010043 0.001397 0.421336 0.006418 1.642932
0.537136 0.008629 0.018684 0.009638 0.001364 0.418115 0.006434 1.643794
0.541799 0.008292 0.017895 0.009246 0.001349 0.414971 0.006449 1.644608
0.546487 0.007987 0.017157 0.008844 0.001331 0.411732 0.006462 1.645368
0.551107 0.007716 0.016434 0.008493 0.001302 0.408473 0.006475 1.646125
0.555882 0.007382 0.015791 0.008144 0.001270 0.405032 0.006498 1.646888
0.560657 0.007072 0.015188 0.007827 0.001241 0.401499 0.006515 1.647612
0.565218 0.006807 0.014544 0.007510 0.001210 0.398178 0.006532 1.648290
0.569835 0.006580 0.013915 0.007193 0.001177 0.394751 0.006550 1.648932
0.574310 0.006312 0.013392 0.006933 0.001148 0.391336 0.006568 1.649591
0.578821 0.006089 0.012856 0.006681 0.001110 0.387856 0.006588 1.650204
0.583240 0.005855 0.012347 0.006390 0.001084 0.384481 0.006605 1.650783
0.587655 0.005685 0.011833 0.006120 0.001048 0.381039 0.006620 1.651316
0.592066 0.005507 0.011369 0.005865 0.001023 0.377537 0.006633 1.651849
0.596406 0.005325 0.010952 0.005638 0.001000 0.374035 0.006645 1.652366
0.600769 0.005112 0.010529 0.005417 0.000972 0.370545 0.006657 1.652903
0.604987 0.004956 0.010142 0.005215 0.000943 0.367082 0.006674 1.653404
0.609263 0.004822 0.009726 0.005016 0.000922 0.363566 0.006685 1.653869
0.613475 0.004671 0.009380 0.004795 0.000894 0.360087 0.006700 1.654343
0.617690 0.004524 0.009014 0.004618 0.000873 0.356571 0.006710 1.654788
0.621835 0.004383 0.008672 0.004453 0.000842 0.353091 0.006724 1.655223
0.625863 0.004242 0.008346 0.004267 0.000821 0.349727 0.006733 1.655636
0.629978 0.004104 0.008043 0.004104 0.000798 0.346228 0.006745 1.656048
0.633925 0.003996 0.007754 0.003965 0.000775 0.342828 0.006758 1.656445
0.637813 0.003909 0.007467 0.003810 0.000756 0.339478 0.006768 1.656821
0.641680 0.003816 0.007205 0.003663 0.000740 0.336115 0.006781 1.657184
0.645619 0.003738 0.006937 0.003547 0.000719 0.332651 0.006789 1.657542
0.649485 0.003641 0.006691 0.003416 0.000699 0.329271 0.006798 1.657902
0.653352 0.003526 0.006446 0.003286 0.000680 0.325904 0.006806 1.658266
0.657147 0.003421 0.006229 0.003176 0.000667 0.322544 0.006815 1.658622
0.660963 0.003311 0.006024 0.003074 0.000650 0.319155 0.006823 1.658962
0.664655 0.003210 0.005821 0.002979 0.000635 0.315866 0.006833 1.659297
0.668432 0.003152 0.005610 0.002877 0.000622 0.312471 0.006838 1.659595
0.672109 0.003075 0.005431 0.002809 0.000603 0.309128 0.006846 1.659897
0.675761 0.002978 0.005247 0.002716 0.000590 0.305858 0.006852 1.660200
0.679360 0.002892 0.005077 0.002634 0.000579 0.302599 0.006859 1.660500
0.682848 0.002842 0.004922 0.002551 0.000564 0.299406 0.006868 1.660772
0.686396 0.002776 0.004770 0.002469 0.000555 0.296160 0.006875 1.661056
0.689902 0.002695 0.004631 0.002390 0.000531 0.292967 0.006885 1.661335
0.693259 0.002670 0.004467 0.002286 0.000524 0.289904 0.006892 1.661580
0.696703 0.002634 0.004320 0.002206 0.000516 0.286725 0.006898 1.661816
0.700068 0.002594 0.004163 0.002133 0.000503 0.283635 0.006904 1.662061
0.703425 0.002548 0.004044 0.002071 0.000493 0.280507 0.006912 1.662309
0.706763 0.002472 0.003938 0.002008 0.000476 0.277424 0.006922 1.662566
0.710039 0.002422 0.003831 0.001955 0.000464 0.274364 0.006926 1.662810
0.713285 0.002376 0.003714 0.001900 0.000461 0.271335 0.006931 1.663037
0.716499 0.002317 0.003628 0.001846 0.000448 0.268328 0.006934 1.663272
0.719678 0.002248 0.003534 0.001817 0.000429 0.265352 0.006943 1.663512
0.722748 0.002209 0.003437 0.001773 0.000413 0.262471 0.006949 1.663725
0.725798 0.002146 0.003348 0.001717 0.000399 0.259638 0.006955 1.663952
0.728874 0.002100 0.003258 0.001662 0.000388 0.256761 0.006959 1.664167
0.731957 0.002060 0.003151 0.001605 0.000379 0.253886 0.006964 1.664366
0.735005 0.002002 0.003081 0.001567 0.000365 0.251012 0.006968 1.664573
0.738018 0.001946 0.003000 0.001527 0.000354 0.248180 0.006975 1.664771
0.741023 0.001915 0.002905 0.001489 0.000349 0.245340 0.006980 1.664958
0.743894 0.001891 0.002827 0.001432 0.000338 0.242634 0.006985 1.665139
0.746798 0.001848 0.002742 0.001401 0.000330 0.239892 0.006989 1.665319
0.749648 0.001801 0.002671 0.001357 0.000322 0.237210 0.006992 1.665506
0.752453 0.001770 0.002591 0.001316 0.000313 0.234560 0.006997 1.665676
0.755217 0.001724 0.002529 0.001279 0.000303 0.231948 0.007001 1.665855
0.757997 0.001702 0.002438 0.001244 0.000296 0.229320 0.007005 1.666017
0.760732 0.001673 0.002369 0.001218 0.000287 0.226710 0.007011 1.666186
0.763427 0.001627 0.002309 0.001192 0.000279 0.224151 0.007016 1.666349
0.766091 0.001628 0.002224 0.001145 0.000271 0.221621 0.007020 1.666480
0.768674 0.001592 0.002172 0.001110 0.000262 0.219166 0.007025 1.666642
0.771159 0.001575 0.002127 0.001089 0.000252 0.216769 0.007031 1.666800
0.773745 0.001564 0.002062 0.001077 0.000246 0.214273 0.007034 1.666940
0.776327 0.001533 0.002016 0.001042 0.000240 0.211808 0.007036 1.667093
0.778846 0.001498 0.001976 0.001026 0.000237 0.209382 0.007037 1.667239
0.781298 0.001476 0.001931 0.000993 0.000228 0.207034 0.007041 1.667368
0.783829 0.001428 0.001892 0.000985 0.000221 0.204602 0.007044 1.667528
0.786329 0.001391 0.001865 0.000964 0.000214 0.202193 0.007046 1.667672
0.788700 0.001386 0.001800 0.000927 0.000207 0.199931 0.007050 1.667792
0.790966 0.001379 0.001749 0.000910 0.000203 0.197743 0.007051 1.667923
0.793276 0.001363 0.001718 0.000891 0.000199 0.195501 0.007053 1.668053
0.795540 0.001345 0.001687 0.000870 0.000196 0.193306 0.007056 1.668184
0.797881 0.001315 0.001663 0.000857 0.000190 0.191034 0.007061 1.668319
0.800122 0.001311 0.001629 0.000844 0.000186 0.188846 0.007063 1.668445
0.802293 0.001294 0.001599 0.000826 0.000179 0.186742 0.007067 1.668574
0.804521 0.001279 0.001552 0.000804 0.000173 0.184601 0.007070 1.668697
0.806737 0.001275 0.001523 0.000792 0.000166 0.182436 0.007072 1.668810
0.808939 0.001245 0.001499 0.000780 0.000160 0.180302 0.007076 1.668934
0.811077 0.001236 0.001470 0.000767 0.000157 0.178215 0.007078 1.669054
0.813171 0.001212 0.001451 0.000754 0.000153 0.176180 0.007080 1.669181
0.815288 0.001179 0.001435 0.000745 0.000149 0.174123 0.007082 1.669309
0.817386 0.001159 0.001408 0.000731 0.000143 0.172088 0.007085 1.669431
0.819411 0.001145 0.001381 0.000719 0.000142 0.170116 0.007086 1.669547
0.821360 0.001126 0.001366 0.000706 0.000138 0.168215 0.007089 1.669658
0.823304 0.001107 0.001336 0.000700 0.000134 0.166326 0.007093 1.669771
0.825232 0.001094 0.001320 0.000692 0.000128 0.164440 0.007096 1.669884
0.827177 0.001078 0.001297 0.000688 0.000123 0.162540 0.007098 1.669992
0.829089 0.001058 0.001286 0.000678 0.000117 0.160671 0.007101 1.670101
0.831030 0.001066 0.001265 0.000656 0.000117 0.158765 0.007101 1.670199
0.832903 0.001055 0.001236 0.000638 0.000112 0.156953 0.007104 1.670291
0.834716 0.001036 0.001199 0.000631 0.000110 0.155204 0.007104 1.670391
0.836574 0.001017 0.001190 0.000624 0.000106 0.153383 0.007107 1.670497
0.838353 0.001004 0.001176 0.000602 0.000103 0.151656 0.007107 1.670592
0.840166 0.000995 0.001168 0.000589 0.000101 0.149874 0.007108 1.670686
0.841965 0.000982 0.001141 0.000584 0.000097 0.148123 0.007109 1.670788
0.843744 0.000972 0.001118 0.000578 0.000094 0.146383 0.007112 1.670886
0.845431 0.000958 0.001098 0.000573 0.000092 0.144737 0.007113 1.670978
0.847184 0.000935 0.001084 0.000569 0.000091 0.143023 0.007114 1.671079
0.848904 0.000922 0.001075 0.000560 0.000089 0.141336 0.007114 1.671169
0.850529 0.000914 0.001050 0.000537 0.000089 0.139763 0.007116 1.671250
0.852194 0.000912 0.001032 0.000527 0.000087 0.138130 0.007119 1.671338
0.853816 0.000892 0.001026 0.000515 0.000086 0.136545 0.007121 1.671437
0.855411 0.000877 0.000998 0.000509 0.000085 0.135000 0.007121 1.671520
0.857006 0.000873 0.000970 0.000498 0.000084 0.133448 0.007122 1.671600
0.858604 0.000857 0.000954 0.000499 0.000082 0.131882 0.007122 1.671691
0.860166 0.000855 0.000928 0.000494 0.000081 0.130354 0.007123 1.671768
0.861706 0.000844 0.000915 0.000495 0.000081 0.128835 0.007124 1.671857
0.863262 0.000836 0.000906 0.000496 0.000082 0.127294 0.007124 1.671940
0.864726 0.000826 0.000899 0.000484 0.000080 0.125861 0.007125 1.672020
0.866185 0.000813 0.000887 0.000488 0.000079 0.124423 0.007126 1.672098
0.867636 0.000799 0.000879 0.000481 0.000077 0.123003 0.007127 1.672183
0.869095 0.000781 0.000885 0.000472 0.000075 0.121563 0.007129 1.672273
0.870562 0.000759 0.000873 0.000465 0.000073 0.120139 0.007130 1.672350
0.871978 0.000749 0.000857 0.000460 0.000072 0.118755 0.007131 1.672423
0.873353 0.000737 0.000845 0.000442 0.000070 0.117422 0.007132 1.672494
0.874735 0.000731 0.000834 0.000435 0.000068 0.116065 0.007132 1.672572
0.876061 0.000730 0.000826 0.000434 0.000065 0.114751 0.007134 1.672638
0.877408 0.000728 0.000813 0.000420 0.000064 0.113434 0.007134 1.672704
0.878750 0.000715 0.000792 0.000417 0.000064 0.112129 0.007135 1.672771
0.880046 0.000713 0.000782 0.000407 0.000065 0.110852 0.007136 1.672835
0.881382 0.000710 0.000780 0.000403 0.000063 0.109527 0.007136 1.672903
0.882710 0.000718 0.000765 0.000399 0.000060 0.108211 0.007138 1.672969
0.883982 0.000703 0.000770 0.000391 0.000060 0.106955 0.007139 1.673041
0.885271 0.000695 0.000758 0.000383 0.000058 0.105695 0.007140 1.673099
0.886525 0.000681 0.000736 0.000380 0.000059 0.104480 0.007140 1.673164
0.887781 0.000679 0.000724 0.000368 0.000058 0.103250 0.007141 1.673223
0.888970 0.000669 0.000714 0.000360 0.000059 0.102087 0.007142 1.673289
0.890178 0.000666 0.000707 0.000356 0.000058 0.100893 0.007143 1.673353
0.891327 0.000648 0.000704 0.000362 0.000056 0.099759 0.007145 1.673419
0.892511 0.000637 0.000690 0.000364 0.000054 0.098598 0.007147 1.673479
0.893646 0.000631 0.000675 0.000362 0.000053 0.097486 0.007147 1.673539
0.894752 0.000622 0.000663 0.000357 0.000051 0.096406 0.007149 1.673602
0.895849 0.000616 0.000654 0.000353 0.000051 0.095327 0.007150 1.673664
0.896966 0.000603 0.000651 0.000350 0.000051 0.094230 0.007150 1.673729
0.898034 0.000590 0.000646 0.000351 0.000051 0.093178 0.007150 1.673794
0.899104 0.000589 0.000638 0.000351 0.000050 0.092118 0.007150 1.673855
0.900131 0.000583 0.000627 0.000352 0.000049 0.091108 0.007150 1.673911
0.901161 0.000581 0.000623 0.000346 0.000048 0.090091 0.007151 1.673964
0.902141 0.000570 0.000619 0.000339 0.000048 0.089132 0.007151 1.674029
0.903170 0.000566 0.000609 0.000335 0.000046 0.088123 0.007152 1.674084
0.904181 0.000555 0.000601 0.000330 0.000046 0.087136 0.007152 1.674138
0.905164 0.000544 0.000590 0.000322 0.000046 0.086182 0.007152 1.674192
0.906093 0.000546 0.000580 0.000319 0.000045 0.085264 0.007153 1.674240
0.907010 0.000542 0.000581 0.000318 0.000043 0.084353 0.007154 1.674293
0.907922 0.000533 0.000576 0.000321 0.000043 0.083451 0.007154 1.674353
0.908883 0.000531 0.000573 0.000319 0.000041 0.082500 0.007155 1.674407
0.909779 0.000531 0.000561 0.000311 0.000042 0.081621 0.007156 1.674453
0.910652 0.000525 0.000555 0.000300 0.000041 0.080773 0.007156 1.674506
0.911498 0.000521 0.000546 0.000292 0.000041 0.079946 0.007157 1.674555
0.912360 0.000514 0.000531 0.000289 0.000039 0.079110 0.007158 1.674600
0.913252 0.000503 0.000526 0.000279 0.000038 0.078245 0.007158 1.674648
0.914091 0.000494 0.000515 0.000282 0.000036 0.077426 0.007158 1.674697
0.914963 0.000481 0.000523 0.000282 0.000036 0.076556 0.007159 1.674749
0.915775 0.000470 0.000523 0.000275 0.000034 0.075762 0.007161 1.674792
0.916561 0.000466 0.000519 0.000270 0.000031 0.074993 0.007162 1.674839
0.917366 0.000481 0.000503 0.000261 0.000031 0.074196 0.007163 1.674873
0.918167 0.000472 0.000500 0.000254 0.000031 0.073414 0.007163 1.674915
0.918985 0.000466 0.000501 0.000251 0.000029 0.072606 0.007164 1.674965
0.919742 0.000473 0.000496 0.000249 0.000029 0.071850 0.007164 1.675002
0.920473 0.000470 0.000486 0.000241 0.000029 0.071139 0.007164 1.675042
0.921204 0.000454 0.000480 0.000237 0.000029 0.070433 0.007165 1.675089
0.921930 0.000462 0.000472 0.000230 0.000028 0.069714 0.007165 1.675128
0.922605 0.000462 0.000476 0.000227 0.000027 0.069039 0.007165 1.675174
0.923300 0.000457 0.000476 0.000219 0.000028 0.068357 0.007165 1.675218
0.923957 0.000461 0.000467 0.000217 0.000028 0.067706 0.007166 1.675263
0.924617 0.000452 0.000460 0.000215 0.000026 0.067065 0.007166 1.675301
0.925264 0.000447 0.000460 0.000215 0.000026 0.066422 0.007166 1.675348
0.925915 0.000452 0.000453 0.000212 0.000024 0.065779 0.007166 1.675392
0.926556 0.000461 0.000448 0.000212 0.000024 0.065132 0.007167 1.675428
0.927203 0.000460 0.000443 0.000206 0.000023 0.064500 0.007167 1.675465
0.927835 0.000454 0.000443 0.000204 0.000022 0.063875 0.007168 1.675509
0.928433 0.000452 0.000444 0.000207 0.000021 0.063275 0.007169 1.675557
0.929019 0.000444 0.000438 0.000204 0.000021 0.062705 0.007169 1.675603
0.929612 0.000425 0.000443 0.000208 0.000021 0.062122 0.007169 1.675656
0.930194 0.000420 0.000447 0.000201 0.000020 0.061548 0.007170 1.675698
0.930744 0.000408 0.000460 0.000191 0.000020 0.061008 0.007170 1.675753
0.931279 0.000409 0.000464 0.000192 0.000020 0.060467 0.007171 1.675797
0.931851 0.000401 0.000449 0.000192 0.000020 0.059917 0.007171 1.675839
0.932403 0.000396 0.000433 0.000189 0.000020 0.059388 0.007171 1.675873
0.932936 0.000406 0.000425 0.000192 0.000020 0.058851 0.007171 1.675909
0.933437 0.000403 0.000429 0.000191 0.000021 0.058350 0.007171 1.675950
0.933972 0.000397 0.000422 0.000194 0.000021 0.057823 0.007171 1.675992
0.934476 0.000392 0.000419 0.000196 0.000022 0.057325 0.007171 1.676031
0.934957 0.000384 0.000418 0.000200 0.000022 0.056848 0.007171 1.676077
0.935440 0.000400 0.000422 0.000195 0.000023 0.056350 0.007171 1.676107
0.935904 0.000405 0.000417 0.000191 0.000023 0.055889 0.007171 1.676144
0.936378 0.000408 0.000411 0.000191 0.000023 0.055418 0.007172 1.676183
0.936847 0.000407 0.000394 0.000188 0.000024 0.054969 0.007172 1.676217
0.937336 0.000388 0.000402 0.000188 0.000024 0.054491 0.007173 1.676267
0.937790 0.000394 0.000395 0.000187 0.000024 0.054037 0.007173 1.676301
0.938240 0.000393 0.000391 0.000193 0.000024 0.053588 0.007173 1.676340
0.938645 0.000392 0.000384 0.000191 0.000023 0.053192 0.007173 1.676373
0.939068 0.000392 0.000379 0.000191 0.000022 0.052775 0.007173 1.676408
0.939502 0.000387 0.000382 0.000187 0.000022 0.052347 0.007173 1.676446
0.939909 0.000389 0.000375 0.000188 0.000023 0.051944 0.007173 1.676483
0.940273 0.000371 0.000379 0.000191 0.000022 0.051590 0.007174 1.676533
0.940697 0.000377 0.000377 0.000184 0.000023 0.051168 0.007174 1.676563
0.941051 0.000367 0.000379 0.000187 0.000022 0.050820 0.007174 1.676611
0.941432 0.000361 0.000376 0.000191 0.000023 0.050443 0.007174 1.676649
0.941817 0.000357 0.000377 0.000193 0.000023 0.050059 0.007175 1.676690
0.942170 0.000352 0.000374 0.000195 0.000024 0.049712 0.007175 1.676724
0.942541 0.000353 0.000368 0.000188 0.000024 0.049353 0.007175 1.676758
0.942931 0.000345 0.000360 0.000189 0.000023 0.048979 0.007175 1.676791
0.943299 0.000346 0.000357 0.000186 0.000023 0.048615 0.007175 1.676825
0.943662 0.000341 0.000351 0.000184 0.000022 0.048265 0.007175 1.676858
0.943986 0.000348 0.000350 0.000178 0.000021 0.047942 0.007175 1.676886
0.944329 0.000346 0.000348 0.000180 0.000021 0.047601 0.007175 1.676921
0.944661 0.000349 0.000339 0.000179 0.000019 0.047277 0.007176 1.676958
0.944989 0.000349 0.000332 0.000173 0.000018 0.046963 0.007176 1.676988
0.945323 0.000334 0.000325 0.000179 0.000018 0.046646 0.007176 1.677022
0.945650 0.000325 0.000324 0.000176 0.000017 0.046333 0.007177 1.677057
0.945964 0.000325 0.000323 0.000171 0.000015 0.046024 0.007177 1.677087
0.946263 0.000328 0.000325 0.000167 0.000015 0.045725 0.007177 1.677121
0.946568 0.000326 0.000326 0.000167 0.000015 0.045420 0.007177 1.677153
0.946852 0.000323 0.000318 0.000165 0.000014 0.045150 0.007178 1.677184
0.947122 0.000329 0.000316 0.000161 0.000015 0.044879 0.007178 1.677217
0.947406 0.000324 0.000310 0.000164 0.000016 0.044603 0.007178 1.677248
0.947671 0.000313 0.000301 0.000171 0.000016 0.044351 0.007178 1.677285
0.947929 0.000313 0.000291 0.000167 0.000016 0.044105 0.007179 1.677311
0.948177 0.000309 0.000290 0.000164 0.000015 0.043865 0.007179 1.677341
0.948417 0.000313 0.000284 0.000160 0.000015 0.043632 0.007179 1.677365
0.948701 0.000312 0.000280 0.000157 0.000015 0.043356 0.007179 1.677392
0.948942 0.000305 0.000282 0.000154 0.000015 0.043123 0.007179 1.677422
0.949179 0.000310 0.000278 0.000146 0.000014 0.042894 0.007179 1.677446
0.949398 0.000299 0.000277 0.000149 0.000014 0.042685 0.007179 1.677477
0.949631 0.000297 0.000280 0.000150 0.000015 0.042447 0.007179 1.677505
0.949859 0.000298 0.000279 0.000150 0.000015 0.042219 0.007179 1.677536
0.950097 0.000294 0.000277 0.000150 0.000015 0.041988 0.007179 1.677572
0.950303 0.000295 0.000280 0.000149 0.000015 0.041778 0.007179 1.677601
0.950508 0.000289 0.000273 0.000155 0.000016 0.041578 0.007179 1.677635
0.950724 0.000290 0.000269 0.000155 0.000015 0.041367 0.007179 1.677660
0.950940 0.000286 0.000262 0.000153 0.000015 0.041165 0.007179 1.677684
0.951166 0.000287 0.000261 0.000157 0.000014 0.040937 0.007180 1.677716
0.951342 0.000278 0.000262 0.000154 0.000013 0.040772 0.007180 1.677744
0.951521 0.000279 0.000262 0.000149 0.000013 0.040597 0.007180 1.677770
0.951700 0.000280 0.000263 0.000144 0.000012 0.040420 0.007181 1.677798
0.951871 0.000279 0.000268 0.000142 0.000012 0.040248 0.007181 1.677826
0.952051 0.000277 0.000271 0.000139 0.000013 0.040068 0.007181 1.677856
0.952210 0.000272 0.000268 0.000139 0.000012 0.039917 0.007181 1.677884
0.952384 0.000272 0.000259 0.000141 0.000012 0.039751 0.007181 1.677905
0.952556 0.000278 0.000253 0.000136 0.000011 0.039584 0.007181 1.677928
0.952715 0.000279 0.000252 0.000131 0.000011 0.039431 0.007182 1.677949
0.952881 0.000277 0.000242 0.000134 0.000011 0.039273 0.007182 1.677972
0.953023 0.000276 0.000237 0.000130 0.000011 0.039141 0.007183 1.677996
0.953174 0.000271 0.000231 0.000132 0.000011 0.038998 0.007183 1.678022
0.953318 0.000267 0.000236 0.000131 0.000011 0.038854 0.007183 1.678051
0.953474 0.000268 0.000237 0.000131 0.000011 0.038697 0.007183 1.678075
0.953620 0.000268 0.000233 0.000131 0.000010 0.038557 0.007183 1.678096
0.953751 0.000269 0.000233 0.000127 0.000010 0.038426 0.007184 1.678120
0.953890 0.000265 0.000239 0.000123 0.000010 0.038290 0.007184 1.678147
0.954041 0.000257 0.000241 0.000119 0.000010 0.038148 0.007184 1.678174
0.954172 0.000261 0.000237 0.000123 0.000010 0.038014 0.007184 1.678200
0.954299 0.000262 0.000233 0.000122 0.000010 0.037889 0.007184 1.678224
0.954431 0.000262 0.000227 0.000117 0.000009 0.037770 0.007184 1.678244
0.954552 0.000263 0.000225 0.000117 0.000010 0.037650 0.007184 1.678267
0.954694 0.000253 0.000223 0.000120 0.000010 0.037517 0.007184 1.678297
0.954789 0.000245 0.000230 0.000120 0.000010 0.037422 0.007185 1.678328
0.954916 0.000237 0.000234 0.000121 0.000009 0.037299 0.007185 1.678356
0.955026 0.000238 0.000236 0.000118 0.000009 0.037188 0.007185 1.678376
0.955134 0.000239 0.000237 0.000115 0.000010 0.037081 0.007185 1.678399
0.955246 0.000233 0.000236 0.000112 0.000008 0.036980 0.007185 1.678421
0.955360 0.000232 0.000239 0.000110 0.000009 0.036866 0.007185 1.678445
0.955473 0.000224 0.000244 0.000110 0.000010 0.036754 0.007185 1.678472
0.955592 0.000226 0.000238 0.000109 0.000010 0.036639 0.007185 1.678495
0.955698 0.000217 0.000238 0.000112 0.000010 0.036541 0.007185 1.678523
0.955805 0.000214 0.000231 0.000114 0.000010 0.036441 0.007185 1.678545
0.955902 0.000213 0.000228 0.000114 0.000011 0.036349 0.007185 1.678563
0.955988 0.000215 0.000222 0.000112 0.000011 0.036268 0.007185 1.678584
0.956090 0.000220 0.000219 0.000111 0.000011 0.036165 0.007185 1.678610
0.956184 0.000209 0.000219 0.000109 0.000011 0.036083 0.007185 1.678633
0.956265 0.000202 0.000222 0.000107 0.000012 0.036008 0.007185 1.678661
0.956336 0.000205 0.000210 0.000109 0.000012 0.035943 0.007185 1.678678
0.956437 0.000206 0.000202 0.000109 0.000011 0.035850 0.007185 1.678700
0.956529 0.000207 0.000199 0.000108 0.000011 0.035761 0.007186 1.678717
0.956630 0.000212 0.000200 0.000107 0.000011 0.035654 0.007186 1.678732
0.956701 0.000205 0.000200 0.000107 0.000011 0.035590 0.007186 1.678757
0.956779 0.000202 0.000202 0.000103 0.000010 0.035517 0.007187 1.678782
0.956860 0.000201 0.000203 0.000101 0.000010 0.035438 0.007187 1.678803
0.956941 0.000199 0.000200 0.000097 0.000010 0.035366 0.007187 1.678823
0.957036 0.000189 0.000202 0.000101 0.000010 0.035275 0.007187 1.678848
0.957119 0.000189 0.000208 0.000103 0.000010 0.035185 0.007188 1.678869
0.957191 0.000185 0.000201 0.000106 0.000010 0.035120 0.007188 1.678890
0.957263 0.000181 0.000194 0.000106 0.000010 0.035059 0.007188 1.678910
0.957342 0.000181 0.000189 0.000104 0.000009 0.034986 0.007188 1.678927
0.957427 0.000177 0.000189 0.000102 0.000009 0.034907 0.007188 1.678945
0.957489 0.000171 0.000191 0.000101 0.000008 0.034851 0.007189 1.678964
0.957560 0.000182 0.000178 0.000098 0.000008 0.034786 0.007189 1.678974
0.957630 0.000180 0.000173 0.000096 0.000008 0.034724 0.007189 1.678992
0.957696 0.000187 0.000172 0.000095 0.000008 0.034653 0.007189 1.679009
0.957762 0.000179 0.000175 0.000097 0.000008 0.034591 0.007189 1.679033
0.957827 0.000180 0.000175 0.000097 0.000007 0.034523 0.007190 1.679050
0.957891 0.000186 0.000174 0.000094 0.000007 0.034458 0.007190 1.679067
0.957951 0.000189 0.000172 0.000095 0.000007 0.034396 0.007190 1.679082
0.958008 0.000191 0.000175 0.000096 0.000007 0.034333 0.007190 1.679103
0.958058 0.000200 0.000178 0.000093 0.000008 0.034273 0.007190 1.679117
0.958110 0.000192 0.000180 0.000094 0.000008 0.034225 0.007190 1.679143
0.958154 0.000190 0.000173 0.000097 0.000009 0.034187 0.007190 1.679163
0.958204 0.000196 0.000168 0.000098 0.000010 0.034134 0.007190 1.679183
0.958256 0.000198 0.000168 0.000097 0.000010 0.034080 0.007191 1.679199
0.958303 0.000194 0.000166 0.000099 0.000010 0.034038 0.007191 1.679220
0.958356 0.000189 0.000170 0.000099 0.000010 0.033986 0.007191 1.679243
0.958399 0.000184 0.000168 0.000095 0.000010 0.033954 0.007191 1.679262
0.958454 0.000182 0.000165 0.000089 0.000010 0.033909 0.007191 1.679279
0.958498 0.000182 0.000162 0.000086 0.000010 0.033869 0.007191 1.679292
0.958547 0.000182 0.000160 0.000089 0.000010 0.033820 0.007191 1.679308
0.958595 0.000177 0.000157 0.000089 0.000011 0.033780 0.007191 1.679329
0.958639 0.000181 0.000150 0.000091 0.000011 0.033738 0.007191 1.679344
0.958691 0.000183 0.000149 0.000090 0.000010 0.033686 0.007192 1.679359
0.958737 0.000183 0.000147 0.000087 0.000009 0.033645 0.007192 1.679374
0.958786 0.000176 0.000153 0.000085 0.000009 0.033598 0.007192 1.679396
0.958827 0.000177 0.000153 0.000085 0.000009 0.033557 0.007192 1.679412
0.958867 0.000178 0.000154 0.000085 0.000009 0.033516 0.007192 1.679427
0.958902 0.000182 0.000151 0.000088 0.000009 0.033476 0.007192 1.679442
0.958936 0.000183 0.000153 0.000082 0.000009 0.033444 0.007192 1.679459
0.958977 0.000181 0.000159 0.000079 0.000010 0.033403 0.007192 1.679482
0.959003 0.000183 0.000166 0.000081 0.000010 0.033364 0.007192 1.679504
0.959044 0.000178 0.000164 0.000083 0.000010 0.033329 0.007192 1.679522
0.959080 0.000173 0.000162 0.000082 0.000011 0.033300 0.007192 1.679540
0.959116 0.000174 0.000156 0.000085 0.000010 0.033267 0.007192 1.679555
0.959166 0.000167 0.000156 0.000086 0.000010 0.033224 0.007192 1.679572
0.959186 0.000166 0.000159 0.000088 0.000010 0.033200 0.007192 1.679591
0.959212 0.000171 0.000155 0.000091 0.000010 0.033169 0.007192 1.679608
0.959248 0.000173 0.000152 0.000095 0.000009 0.033131 0.007193 1.679628
0.959289 0.000169 0.000159 0.000092 0.000010 0.033089 0.007193 1.679645
0.959303 0.000174 0.000160 0.000092 0.000010 0.033069 0.007193 1.679664
0.959331 0.000176 0.000158 0.000089 0.000009 0.033043 0.007193 1.679679
0.959367 0.000172 0.000161 0.000088 0.000010 0.033009 0.007193 1.679697
0.959389 0.000171 0.000161 0.000089 0.000010 0.032987 0.007193 1.679716
0.959409 0.000167 0.000165 0.000091 0.000008 0.032967 0.007194 1.679738
0.959438 0.000166 0.000165 0.000089 0.000009 0.032940 0.007194 1.679756
0.959453 0.000169 0.000164 0.000093 0.000009 0.032920 0.007194 1.679773
0.959491 0.000166 0.000160 0.000094 0.000009 0.032886 0.007195 1.679793
0.959522 0.000170 0.000157 0.000091 0.000009 0.032856 0.007195 1.679804
0.959544 0.000169 0.000156 0.000088 0.000009 0.032839 0.007195 1.679820
0.959569 0.000166 0.000158 0.000090 0.000008 0.032815 0.007195 1.679840
0.959593 0.000164 0.000157 0.000086 0.000008 0.032797 0.007195 1.679857
0.959616 0.000169 0.000152 0.000082 0.000008 0.032779 0.007195 1.679868
0.959634 0.000167 0.000151 0.000082 0.000008 0.032763 0.007195 1.679886
0.959661 0.000164 0.000150 0.000083 0.000009 0.032738 0.007195 1.679902
0.959685 0.000162 0.000156 0.000082 0.000009 0.032712 0.007195 1.679921
0.959702 0.000166 0.000157 0.000081 0.000009 0.032690 0.007195 1.679937
0.959716 0.000169 0.000151 0.000080 0.000009 0.032680 0.007195 1.679952
0.959733 0.000162 0.000160 0.000080 0.000011 0.032659 0.007195 1.679976
0.959743 0.000167 0.000154 0.000079 0.000010 0.032651 0.007195 1.679991
0.959760 0.000165 0.000157 0.000076 0.000009 0.032638 0.007195 1.680011
0.959784 0.000160 0.000160 0.000076 0.000009 0.032617 0.007195 1.680030
0.959811 0.000161 0.000159 0.000075 0.000009 0.032592 0.007195 1.680043
0.959835 0.000158 0.000158 0.000073 0.000010 0.032571 0.007195 1.680057
0.959868 0.000150 0.000154 0.000077 0.000010 0.032546 0.007195 1.680075
0.959902 0.000141 0.000152 0.000080 0.000009 0.032520 0.007195 1.680094
0.959924 0.000136 0.000150 0.000079 0.000009 0.032506 0.007195 1.680109
0.959946 0.000137 0.000146 0.000080 0.000009 0.032487 0.007195 1.680121
0.959969 0.000136 0.000145 0.000080 0.000009 0.032466 0.007195 1.680133
0.959993 0.000137 0.000146 0.000077 0.000008 0.032443 0.007196 1.680143
0.960015 0.000139 0.000146 0.000075 0.000008 0.032421 0.007196 1.680155
0.960047 0.000136 0.000147 0.000074 0.000008 0.032393 0.007196 1.680169
0.960064 0.000142 0.000141 0.000070 0.000007 0.032380 0.007196 1.680181
0.960087 0.000142 0.000136 0.000071 0.000007 0.032362 0.007196 1.680194
0.960099 0.000148 0.000139 0.000067 0.000007 0.032345 0.007196 1.680208
0.960122 0.000139 0.000140 0.000070 0.000006 0.032326 0.007196 1.680226
0.960142 0.000136 0.000141 0.000071 0.000007 0.032307 0.007196 1.680241
0.960151 0.000138 0.000144 0.000071 0.000007 0.032292 0.007196 1.680255
0.960174 0.000133 0.000148 0.000070 0.000007 0.032272 0.007196 1.680273
0.960192 0.000132 0.000144 0.000070 0.000006 0.032260 0.007196 1.680286
0.960204 0.000134 0.000145 0.000069 0.000006 0.032244 0.007196 1.680300
0.960219 0.000138 0.000145 0.000065 0.000006 0.032230 0.007196 1.680314
0.960239 0.000136 0.000141 0.000066 0.000006 0.032216 0.007196 1.680328
0.960261 0.000140 0.000140 0.000066 0.000006 0.032191 0.007196 1.680337
0.960274 0.000132 0.000144 0.000070 0.000005 0.032177 0.007197 1.680356
0.960291 0.000130 0.000145 0.000068 0.000005 0.032166 0.007197 1.680372
0.960303 0.000133 0.000138 0.000068 0.000005 0.032156 0.007197 1.680381
0.960318 0.000134 0.000139 0.000067 0.000004 0.032140 0.007197 1.680395
0.960324 0.000138 0.000138 0.000068 0.000004 0.032131 0.007197 1.680409
0.960349 0.000130 0.000138 0.000069 0.000004 0.032113 0.007197 1.680424
0.960376 0.000119 0.000136 0.000073 0.000004 0.032094 0.007197 1.680440
0.960388 0.000122 0.000134 0.000070 0.000004 0.032084 0.007197 1.680452
0.960402 0.000120 0.000134 0.000069 0.000005 0.032072 0.007197 1.680466
0.960411 0.000121 0.000137 0.000068 0.000005 0.032061 0.007197 1.680480
0.960424 0.000123 0.000132 0.000066 0.000004 0.032053 0.007197 1.680491
0.960445 0.000123 0.000134 0.000062 0.000004 0.032034 0.007197 1.680500
0.960460 0.000123 0.000134 0.000060 0.000003 0.032023 0.007197 1.680513
0.960471 0.000128 0.000127 0.000060 0.000003 0.032014 0.007197 1.680523
0.960487 0.000126 0.000128 0.000057 0.000003 0.032001 0.007197 1.680537
0.960509 0.000115 0.000131 0.000058 0.000003 0.031987 0.007197 1.680556
0.960521 0.000115 0.000128 0.000057 0.000003 0.031978 0.007197 1.680567
0.960534 0.000117 0.000127 0.000051 0.000004 0.031969 0.007197 1.680575
0.960550 0.000117 0.000132 0.000048 0.000003 0.031951 0.007197 1.680587
0.960566 0.000118 0.000134 0.000049 0.000005 0.031931 0.007197 1.680601
0.960580 0.000119 0.000133 0.000049 0.000005 0.031916 0.007197 1.680611
0.960589 0.000124 0.000130 0.000048 0.000005 0.031905 0.007197 1.680620
0.960608 0.000118 0.000129 0.000048 0.000005 0.031894 0.007197 1.680633
0.960618 0.000124 0.000122 0.000046 0.000006 0.031887 0.007197 1.680641
0.960634 0.000120 0.000122 0.000046 0.000006 0.031874 0.007197 1.680655
0.960650 0.000124 0.000123 0.000045 0.000006 0.031854 0.007197 1.680664
0.960660 0.000127 0.000118 0.000045 0.000006 0.031846 0.007197 1.680673
0.960669 0.000134 0.000113 0.000043 0.000006 0.031837 0.007197 1.680683
0.960685 0.000128 0.000116 0.000043 0.000006 0.031826 0.007197 1.680696
0.960696 0.000129 0.000116 0.000044 0.000006 0.031812 0.007197 1.680708
0.960707 0.000131 0.000117 0.000045 0.000006 0.031797 0.007197 1.680718
0.960721 0.000125 0.000117 0.000048 0.000006 0.031785 0.007197 1.680734
0.960728 0.000121 0.000115 0.000047 0.000005 0.031786 0.007198 1.680748
0.960736 0.000114 0.000122 0.000048 0.000005 0.031777 0.007198 1.680765
0.960743 0.000119 0.000121 0.000048 0.000005 0.031766 0.007198 1.680774
0.960755 0.000119 0.000119 0.000051 0.000005 0.031753 0.007198 1.680786
0.960769 0.000120 0.000119 0.000053 0.000005 0.031735 0.007198 1.680797
0.960781 0.000118 0.000112 0.000055 0.000006 0.031729 0.007198 1.680809
0.960788 0.000116 0.000116 0.000056 0.000006 0.031720 0.007198 1.680821
0.960793 0.000116 0.000115 0.000055 0.000006 0.031718 0.007198 1.680835
0.960805 0.000111 0.000115 0.000057 0.000005 0.031708 0.007198 1.680848
0.960815 0.000113 0.000110 0.000057 0.000005 0.031702 0.007198 1.680858
0.960831 0.000115 0.000108 0.000055 0.000004 0.031687 0.007198 1.680867
0.960840 0.000116 0.000103 0.000055 0.000004 0.031683 0.007198 1.680877
0.960858 0.000113 0.000098 0.000059 0.000004 0.031670 0.007198 1.680887
0.960870 0.000110 0.000096 0.000060 0.000004 0.031661 0.007198 1.680898
0.960886 0.000106 0.000097 0.000060 0.000004 0.031647 0.007198 1.680908
0.960897 0.000110 0.000090 0.000056 0.000003 0.031645 0.007199 1.680914
0.960909 0.000108 0.000089 0.000056 0.000003 0.031637 0.007199 1.680923
0.960919 0.000105 0.000088 0.000055 0.000002 0.031630 0.007199 1.680933
0.960925 0.000104 0.000092 0.000051 0.000004 0.031625 0.007199 1.680944
0.960944 0.000105 0.000095 0.000051 0.000003 0.031602 0.007200 1.680954
0.960952 0.000105 0.000097 0.000052 0.000003 0.031592 0.007200 1.680966
0.960958 0.000107 0.000094 0.000052 0.000003 0.031586 0.007200 1.680974
0.960967 0.000107 0.000092 0.000053 0.000002 0.031580 0.007200 1.680986
0.960966 0.000111 0.000093 0.000054 0.000003 0.031573 0.007200 1.680995
0.960977 0.000108 0.000093 0.000051 0.000002 0.031569 0.007200 1.681008
0.960983 0.000105 0.000090 0.000053 0.000002 0.031566 0.007200 1.681021
0.960994 0.000103 0.000093 0.000051 0.000002 0.031557 0.007200 1.681030
0.961004 0.000101 0.000092 0.000050 0.000003 0.031550 0.007200 1.681038
0.961013 0.000100 0.000095 0.000049 0.000003 0.031540 0.007200 1.681048
0.961021 0.000095 0.000095 0.000051 0.000003 0.031535 0.007200 1.681062
0.961031 0.000096 0.000096 0.000049 0.000003 0.031525 0.007200 1.681072
0.961047 0.000097 0.000094 0.000046 0.000003 0.031514 0.007200 1.681078
0.961054 0.000092 0.000096 0.000048 0.000003 0.031507 0.007200 1.681090
0.961066 0.000089 0.000099 0.000049 0.000003 0.031494 0.007200 1.681102
0.961078 0.000083 0.000099 0.000048 0.000003 0.031488 0.007200 1.681111
0.961092 0.000085 0.000094 0.000048 0.000003 0.031477 0.007200 1.681119
0.961095 0.000087 0.000094 0.000047 0.000003 0.031473 0.007200 1.681127
0.961104 0.000085 0.000096 0.000046 0.000003 0.031466 0.007200 1.681136
0.961113 0.000082 0.000095 0.000044 0.000003 0.031464 0.007200 1.681145
0.961119 0.000081 0.000092 0.000043 0.000003 0.031461 0.007200 1.681153
0.961126 0.000081 0.000092 0.000043 0.000003 0.031456 0.007200 1.681160
0.961135 0.000081 0.000087 0.000044 0.000003 0.031448 0.007200 1.681167
0.961139 0.000080 0.000088 0.000044 0.000003 0.031445 0.007200 1.681175
0.961147 0.000078 0.000087 0.000047 0.000003 0.031437 0.007200 1.681185
0.961149 0.000080 0.000085 0.000046 0.000003 0.031437 0.007200 1.681192
0.961155 0.000081 0.000084 0.000046 0.000003 0.031431 0.007200 1.681200
0.961158 0.000084 0.000082 0.000047 0.000003 0.031426 0.007200 1.681208
0.961174 0.000080 0.000082 0.000045 0.000003 0.031416 0.007200 1.681218
0.961179 0.000078 0.000081 0.000047 0.000003 0.031411 0.007200 1.681226
0.961188 0.000077 0.000079 0.000047 0.000003 0.031407 0.007200 1.681236
0.961187 0.000081 0.000075 0.000047 0.000002 0.031408 0.007200 1.681242
0.961190 0.000083 0.000074 0.000044 0.000003 0.031406 0.007200 1.681248
0.961195 0.000088 0.000071 0.000042 0.000003 0.031401 0.007200 1.681252
0.961198 0.000088 0.000072 0.000043 0.000003 0.031397 0.007200 1.681262
0.961201 0.000089 0.000069 0.000043 0.000003 0.031396 0.007200 1.681270
0.961206 0.000084 0.000071 0.000045 0.000003 0.031391 0.007200 1.681281
0.961217 0.000081 0.000069 0.000046 0.000003 0.031383 0.007200 1.681289
0.961221 0.000081 0.000071 0.000040 0.000002 0.031384 0.007201 1.681295
0.961228 0.000078 0.000073 0.000042 0.000002 0.031376 0.007201 1.681304
0.961229 0.000081 0.000076 0.000039 0.000002 0.031371 0.007201 1.681312
0.961227 0.000087 0.000074 0.000043 0.000002 0.031367 0.007201 1.681319
0.961232 0.000087 0.000077 0.000043 0.000003 0.031358 0.007201 1.681326
0.961233 0.000085 0.000076 0.000042 0.000003 0.031360 0.007201 1.681335
0.961234 0.000088 0.000076 0.000040 0.000003 0.031358 0.007201 1.681342
0.961237 0.000093 0.000073 0.000041 0.000002 0.031352 0.007201 1.681347
0.961241 0.000093 0.000075 0.000044 0.000002 0.031346 0.007201 1.681357
0.961243 0.000097 0.000072 0.000043 0.000002 0.031343 0.007201 1.681363
0.961249 0.000092 0.000074 0.000043 0.000002 0.031338 0.007201 1.681373
0.961255 0.000092 0.000074 0.000044 0.000002 0.031331 0.007201 1.681383
0.961257 0.000092 0.000077 0.000044 0.000002 0.031326 0.007201 1.681393
0.961259 0.000093 0.000078 0.000044 0.000002 0.031323 0.007201 1.681400
0.961268 0.000083 0.000083 0.000046 0.000002 0.031316 0.007201 1.681415
0.961273 0.000079 0.000083 0.000044 0.000003 0.031317 0.007201 1.681425
0.961275 0.000077 0.000084 0.000042 0.000003 0.031319 0.007201 1.681434
0.961278 0.000080 0.000082 0.000041 0.000003 0.031315 0.007201 1.681441
0.961278 0.000082 0.000082 0.000042 0.000003 0.031312 0.007201 1.681449
0.961278 0.000087 0.000080 0.000041 0.000003 0.031310 0.007201 1.681455
0.961284 0.000085 0.000081 0.000041 0.000003 0.031304 0.007201 1.681463
0.961287 0.000088 0.000079 0.000043 0.000002 0.031298 0.007201 1.681469
0.961287 0.000091 0.000077 0.000042 0.000002 0.031299 0.007201 1.681478
0.961287 0.000093 0.000080 0.000043 0.000002 0.031294 0.007202 1.681486
0.961286 0.000088 0.000078 0.000044 0.000002 0.031300 0.007202 1.681499
0.961286 0.000086 0.000073 0.000044 0.000002 0.031308 0.007202 1.681507
0.961288 0.000081 0.000074 0.000044 0.000002 0.031309 0.007202 1.681518
0.961291 0.000082 0.000078 0.000044 0.000002 0.031302 0.007202 1.681527
0.961294 0.000087 0.000074 0.000044 0.000001 0.031298 0.007202 1.681530
0.961292 0.000091 0.000077 0.000043 0.000001 0.031293 0.007202 1.681539
0.961296 0.000088 0.000079 0.000040 0.000001 0.031293 0.007202 1.681548
0.961301 0.000088 0.000083 0.000038 0.000000 0.031288 0.007203 1.681555
0.961303 0.000087 0.000083 0.000039 0.000000 0.031285 0.007203 1.681565
0.961304 0.000090 0.000082 0.000038 0.000000 0.031283 0.007203 1.681572
0.961303 0.000089 0.000081 0.000039 0.000000 0.031284 0.007203 1.681583
0.961298 0.000093 0.000077 0.000041 0.000000 0.031287 0.007203 1.681591
0.961298 0.000093 0.000078 0.000039 0.000000 0.031289 0.007203 1.681600
0.961302 0.000091 0.000081 0.000038 0.000000 0.031285 0.007203 1.681609
0.961300 0.000092 0.000085 0.000037 0.000000 0.031283 0.007203 1.681618
0.961297 0.000099 0.000084 0.000036 0.000000 0.031280 0.007203 1.681624
0.961300 0.000100 0.000084 0.000037 0.000001 0.031275 0.007203 1.681631
0.961305 0.000100 0.000088 0.000038 0.000001 0.031265 0.007203 1.681641
0.961301 0.000100 0.000088 0.000038 0.000001 0.031268 0.007203 1.681653
0.961303 0.000097 0.000087 0.000043 0.000001 0.031266 0.007203 1.681665
0.961308 0.000097 0.000088 0.000040 0.000001 0.031264 0.007203 1.681670
0.961312 0.000098 0.000083 0.000043 0.000001 0.031259 0.007203 1.681678
0.961310 0.000100 0.000084 0.000044 0.000001 0.031258 0.007204 1.681687
0.961304 0.000100 0.000086 0.000044 0.000001 0.031262 0.007204 1.681699
0.961304 0.000099 0.000082 0.000048 0.000002 0.031262 0.007204 1.681708
0.961305 0.000101 0.000082 0.000045 0.000002 0.031261 0.007204 1.681715
0.961309 0.000095 0.000080 0.000051 0.000002 0.031259 0.007204 1.681727
0.961314 0.000088 0.000082 0.000052 0.000002 0.031258 0.007204 1.681738
0.961313 0.000088 0.000079 0.000056 0.000002 0.031257 0.007204 1.681749
0.961319 0.000087 0.000080 0.000055 0.000003 0.031252 0.007204 1.681757
0.961325 0.000080 0.000081 0.000056 0.000003 0.031251 0.007204 1.681768
0.961327 0.000081 0.000080 0.000052 0.000003 0.031253 0.007204 1.681774
0.961326 0.000081 0.000081 0.000053 0.000003 0.031252 0.007204 1.681784
0.961324 0.000076 0.000083 0.000055 0.000003 0.031255 0.007204 1.681797
0.961324 0.000075 0.000079 0.000055 0.000003 0.031259 0.007204 1.681805
