0.999810 0.000147 0.000029 0.000015 0.000000 0.000000 0.000000
0.999732 0.000200 0.000022 0.000004 0.000000 0.000041 0.000000
0.999466 0.000449 0.000044 0.000014 0.000000 0.000027 0.000000
0.999058 0.000781 0.000077 0.000049 0.000000 0.000035 0.000000
0.998451 0.001313 0.000132 0.000067 0.000000 0.000037 0.000000
0.997448 0.002120 0.000248 0.000137 0.000000 0.000046 0.000000
0.996016 0.003274 0.000397 0.000242 0.000000 0.000071 0.000000
0.994118 0.004780 0.000616 0.000357 0.000000 0.000129 0.000000
0.991195 0.007077 0.000964 0.000545 0.000000 0.000219 0.000000
0.987426 0.009987 0.001448 0.000781 0.000000 0.000358 0.000000
0.982258 0.014103 0.002008 0.001058 0.000001 0.000572 0.000000
0.975166 0.019702 0.002856 0.001450 0.000001 0.000826 0.000000
0.966588 0.026316 0.004000 0.001969 0.000002 0.001125 0.000000
0.955022 0.035104 0.005577 0.002741 0.000001 0.001554 0.000000
0.941566 0.045113 0.007366 0.003768 0.000005 0.002181 0.000000
0.925629 0.056685 0.009601 0.005082 0.000013 0.002989 0.000000
0.907565 0.069308 0.012560 0.006625 0.000015 0.003927 0.000000
0.889126 0.081838 0.015603 0.008251 0.000017 0.005165 0.000000
0.869861 0.094367 0.019056 0.010084 0.000018 0.006612 0.000000
0.850607 0.106402 0.022676 0.011949 0.000025 0.008340 0.000000
0.830909 0.118236 0.026575 0.013889 0.000039 0.010352 0.000000
0.810754 0.129604 0.030958 0.016098 0.000049 0.012536 0.000000
0.790283 0.140604 0.035519 0.018424 0.000057 0.015112 0.000001
0.769879 0.151138 0.040144 0.020763 0.000077 0.017997 0.000001
0.749040 0.161255 0.045070 0.023408 0.000086 0.021140 0.000002
0.729183 0.169946 0.049985 0.026000 0.000097 0.024787 0.000003
0.709304 0.178134 0.054853 0.028712 0.000109 0.028885 0.000004
0.689690 0.185501 0.060011 0.031416 0.000124 0.033253 0.000004
0.668863 0.192415 0.065739 0.034522 0.000138 0.038320 0.000004
0.651263 0.196905 0.070912 0.037316 0.000153 0.043446 0.000005
0.634146 0.200403 0.076200 0.039978 0.000173 0.049096 0.000005
0.616323 0.203236 0.081786 0.042716 0.000192 0.055742 0.000005
0.601706 0.204279 0.086460 0.045218 0.000216 0.062115 0.000005
0.588070 0.204565 0.090808 0.047444 0.000244 0.068864 0.000005
0.574394 0.204063 0.095201 0.049762 0.000270 0.076303 0.000007
0.562241 0.202917 0.099059 0.051888 0.000298 0.083589 0.000007
0.550386 0.200708 0.102930 0.053774 0.000330 0.091864 0.000008
0.541567 0.198442 0.105630 0.055209 0.000349 0.098794 0.000008
0.532846 0.195761 0.108064 0.056552 0.000379 0.106390 0.000009
0.521415 0.193085 0.111431 0.058290 0.000409 0.115361 0.000009
0.510825 0.190846 0.114188 0.059823 0.000442 0.123866 0.000010
0.503155 0.187641 0.116094 0.060750 0.000469 0.131879 0.000012
0.494434 0.184629 0.118184 0.061803 0.000494 0.140444 0.000013
0.484408 0.181675 0.120148 0.062906 0.000530 0.150319 0.000014
0.476679 0.178478 0.121584 0.063670 0.000560 0.159012 0.000016
0.466965 0.175918 0.123535 0.064763 0.000587 0.168215 0.000017
0.457498 0.171889 0.125191 0.065784 0.000609 0.179007 0.000022
0.449974 0.168408 0.126200 0.066284 0.000628 0.188480 0.000026
0.441901 0.164509 0.127058 0.066893 0.000657 0.198955 0.000027
0.433792 0.160572 0.127996 0.067358 0.000698 0.209554 0.000031
0.426799 0.156492 0.128360 0.067742 0.000734 0.219840 0.000033
0.420174 0.151978 0.128685 0.068004 0.000753 0.230371 0.000035
0.413540 0.147226 0.128982 0.068139 0.000781 0.241294 0.000038
0.408663 0.142373 0.128693 0.068223 0.000817 0.251191 0.000039
0.404172 0.137926 0.128149 0.068187 0.000842 0.260685 0.000040
0.400355 0.132684 0.127124 0.067602 0.000874 0.271319 0.000041
0.395933 0.127837 0.126506 0.067233 0.000896 0.281549 0.000046
0.392713 0.122893 0.125413 0.066533 0.000928 0.291471 0.000049
0.389644 0.118585 0.124158 0.065890 0.000950 0.300724 0.000050
0.386892 0.114484 0.122767 0.065189 0.000958 0.309659 0.000052
0.384096 0.109449 0.120925 0.064308 0.000987 0.320181 0.000054
0.382240 0.105785 0.119347 0.063471 0.001019 0.328082 0.000056
0.380894 0.101812 0.117506 0.062655 0.001036 0.336039 0.000058
0.379554 0.097486 0.115230 0.061585 0.001056 0.345026 0.000062
0.378013 0.092947 0.112818 0.060383 0.001069 0.354702 0.000067
0.377747 0.089330 0.110817 0.059166 0.001065 0.361804 0.000071
0.377404 0.086034 0.108698 0.058057 0.001073 0.368658 0.000075
0.377537 0.082683 0.106179 0.056843 0.001082 0.375598 0.000078
0.378442 0.079639 0.103680 0.055484 0.001097 0.381581 0.000078
0.379927 0.075865 0.100723 0.053841 0.001099 0.388462 0.000083
0.380651 0.073230 0.098683 0.052617 0.001102 0.393630 0.000088
0.382903 0.070485 0.096169 0.051297 0.001104 0.397948 0.000093
0.384290 0.068033 0.093394 0.049931 0.001096 0.403158 0.000099
0.386412 0.066115 0.091070 0.048504 0.001080 0.406716 0.000103
0.387893 0.064114 0.088573 0.047166 0.001082 0.411065 0.000107
0.388829 0.062189 0.086122 0.045834 0.001089 0.415823 0.000114
0.390671 0.060743 0.083810 0.044657 0.001082 0.418919 0.000118
0.391803 0.058966 0.081273 0.043426 0.001076 0.423336 0.000120
0.393044 0.057479 0.079148 0.042383 0.001065 0.426756 0.000125
0.394807 0.056259 0.077123 0.041215 0.001065 0.429402 0.000128
0.395893 0.055173 0.075299 0.040313 0.001067 0.432124 0.000131
0.397576 0.053993 0.073375 0.039255 0.001061 0.434601 0.000138
0.399183 0.052778 0.071447 0.038222 0.001058 0.437168 0.000144
0.400417 0.051540 0.069785 0.037416 0.001058 0.439635 0.000148
0.402387 0.050381 0.067926 0.036485 0.001053 0.441616 0.000150
0.403996 0.049378 0.066404 0.035652 0.001041 0.443378 0.000151
0.406366 0.048296 0.064506 0.034643 0.001019 0.445013 0.000156
0.408147 0.047059 0.062796 0.033735 0.001001 0.447103 0.000160
0.410087 0.046129 0.061483 0.033055 0.000974 0.448106 0.000167
0.412518 0.045100 0.059834 0.032171 0.000969 0.449238 0.000169
0.414388 0.044483 0.058468 0.031471 0.000964 0.450054 0.000171
0.416753 0.043417 0.056873 0.030600 0.000956 0.451227 0.000174
0.418867 0.042764 0.055573 0.029902 0.000949 0.451769 0.000176
0.421172 0.041711 0.054045 0.029045 0.000926 0.452916 0.000185
0.423429 0.041069 0.053023 0.028385 0.000912 0.452997 0.000186
0.425803 0.040356 0.051685 0.027697 0.000900 0.453367 0.000191
0.428348 0.039803 0.050281 0.027031 0.000877 0.453463 0.000196
0.430282 0.039508 0.049391 0.026598 0.000872 0.453148 0.000200
0.432604 0.039035 0.048283 0.025998 0.000862 0.453012 0.000206
0.434774 0.038537 0.047302 0.025447 0.000852 0.452880 0.000208
0.437394 0.038205 0.046234 0.024874 0.000839 0.452238 0.000215
0.439360 0.037945 0.045546 0.024475 0.000811 0.451644 0.000219
0.441340 0.037667 0.044646 0.024060 0.000803 0.451259 0.000227
0.443649 0.037387 0.043680 0.023489 0.000795 0.450773 0.000227
0.445938 0.037154 0.042823 0.023004 0.000771 0.450076 0.000234
0.448069 0.037055 0.042082 0.022705 0.000753 0.449097 0.000239
0.450887 0.036818 0.041230 0.022196 0.000742 0.447887 0.000241
0.453463 0.036707 0.040661 0.021908 0.000730 0.446289 0.000243
0.455721 0.036820 0.040167 0.021563 0.000720 0.444761 0.000248
0.458177 0.036835 0.039695 0.021248 0.000719 0.443075 0.000251
0.461167 0.036769 0.039098 0.020931 0.000700 0.441080 0.000254
0.464258 0.036661 0.038496 0.020550 0.000690 0.439087 0.000258
0.466945 0.036799 0.038104 0.020372 0.000676 0.436843 0.000261
0.470592 0.037051 0.037622 0.020033 0.000665 0.433777 0.000261
0.472826 0.037429 0.037309 0.019781 0.000655 0.431738 0.000262
0.475843 0.037980 0.036972 0.019616 0.000642 0.428682 0.000264
0.478294 0.038534 0.036595 0.019457 0.000637 0.426215 0.000268
0.480224 0.039263 0.036506 0.019421 0.000623 0.423696 0.000265
0.481340 0.039873 0.036475 0.019375 0.000613 0.422054 0.000269
0.483165 0.040836 0.036440 0.019397 0.000594 0.419298 0.000269
0.483802 0.041579 0.036550 0.019443 0.000582 0.417774 0.000270
0.484133 0.042201 0.036596 0.019409 0.000582 0.416805 0.000273
0.484790 0.042475 0.036746 0.019357 0.000577 0.415779 0.000276
0.486104 0.041800 0.036877 0.019340 0.000567 0.415034 0.000279
0.487623 0.039971 0.036799 0.019124 0.000558 0.415644 0.000281
0.490355 0.038689 0.036932 0.018950 0.000552 0.414235 0.000287
0.493959 0.037290 0.036904 0.018726 0.000543 0.412294 0.000284
0.497194 0.035463 0.036821 0.018397 0.000538 0.411302 0.000284
0.500847 0.033705 0.036841 0.017938 0.000532 0.409851 0.000285
0.504324 0.031602 0.036538 0.017537 0.000525 0.409186 0.000287
0.508450 0.029811 0.036118 0.017102 0.000518 0.407710 0.000290
0.512320 0.027860 0.035477 0.016527 0.000511 0.407013 0.000291
0.516603 0.026240 0.035158 0.016055 0.000504 0.405149 0.000290
0.521178 0.024458 0.034414 0.015450 0.000491 0.403713 0.000296
0.525303 0.022760 0.033642 0.014906 0.000492 0.402599 0.000298
0.529988 0.021257 0.032801 0.014362 0.000490 0.400802 0.000301
0.534035 0.019946 0.032179 0.013884 0.000484 0.399166 0.000306
0.538870 0.018501 0.031227 0.013335 0.000474 0.397284 0.000309
0.543289 0.017103 0.030354 0.012829 0.000459 0.395654 0.000312
0.547899 0.016004 0.029748 0.012435 0.000456 0.393144 0.000314
0.552315 0.014790 0.028732 0.011855 0.000441 0.391555 0.000313
0.557268 0.013692 0.027732 0.011283 0.000431 0.389282 0.000312
0.561664 0.012640 0.026759 0.010807 0.000421 0.387400 0.000310
0.566602 0.011807 0.025928 0.010365 0.000406 0.384575 0.000316
0.570652 0.010950 0.025005 0.009855 0.000406 0.382814 0.000317
0.575175 0.010094 0.023986 0.009354 0.000396 0.380675 0.000319
0.579958 0.009391 0.023196 0.008936 0.000389 0.377808 0.000322
0.585008 0.008606 0.022189 0.008455 0.000375 0.375042 0.000325
0.589263 0.007885 0.021248 0.008015 0.000368 0.372893 0.000328
0.594077 0.007276 0.020420 0.007619 0.000363 0.369919 0.000327
0.598340 0.006694 0.019577 0.007257 0.000354 0.367448 0.000331
0.602615 0.006206 0.018811 0.006866 0.000345 0.364826 0.000333
0.607728 0.005720 0.017781 0.006479 0.000332 0.361633 0.000328
0.611894 0.005288 0.016959 0.006123 0.000319 0.359083 0.000333
0.616561 0.004862 0.016027 0.005748 0.000310 0.356158 0.000334
0.620848 0.004472 0.015327 0.005473 0.000304 0.353239 0.000338
0.625326 0.004128 0.014608 0.005214 0.000300 0.350087 0.000338
0.629486 0.003793 0.013896 0.004914 0.000293 0.347283 0.000336
0.633918 0.003493 0.013245 0.004639 0.000288 0.344082 0.000335
0.638023 0.003183 0.012497 0.004341 0.000274 0.341341 0.000340
0.642655 0.002964 0.011899 0.004095 0.000267 0.337780 0.000340
0.646703 0.002755 0.011359 0.003875 0.000261 0.334711 0.000336
0.650867 0.002527 0.010669 0.003607 0.000248 0.331738 0.000343
0.655148 0.002322 0.010091 0.003393 0.000241 0.328462 0.000343
0.659147 0.002163 0.009644 0.003222 0.000232 0.325251 0.000341
0.662731 0.002003 0.009131 0.003030 0.000223 0.322535 0.000348
0.667118 0.001835 0.008596 0.002839 0.000213 0.319052 0.000346
0.671409 0.001671 0.008159 0.002684 0.000208 0.315525 0.000343
0.675274 0.001535 0.007694 0.002506 0.000204 0.312442 0.000344
0.679271 0.001430 0.007324 0.002349 0.000203 0.309073 0.000350
0.683136 0.001317 0.006893 0.002205 0.000193 0.305909 0.000347
0.686862 0.001226 0.006494 0.002089 0.000186 0.302791 0.000351
0.690812 0.001124 0.006129 0.001965 0.000183 0.299437 0.000351
0.694388 0.001030 0.005782 0.001844 0.000180 0.296428 0.000348
0.698421 0.000937 0.005397 0.001748 0.000174 0.292977 0.000346
0.702398 0.000880 0.005096 0.001638 0.000167 0.289470 0.000351
0.705525 0.000830 0.004885 0.001566 0.000163 0.286678 0.000354
0.709292 0.000750 0.004575 0.001447 0.000160 0.283423 0.000354
0.712930 0.000702 0.004331 0.001344 0.000151 0.280188 0.000354
0.716294 0.000658 0.004114 0.001253 0.000143 0.277177 0.000361
0.719996 0.000602 0.003816 0.001163 0.000138 0.273927 0.000357
0.723342 0.000550 0.003590 0.001085 0.000133 0.270935 0.000365
0.726605 0.000513 0.003403 0.001035 0.000127 0.267963 0.000353
0.729895 0.000471 0.003210 0.000974 0.000125 0.264961 0.000362
0.733544 0.000435 0.002997 0.000921 0.000123 0.261615 0.000365
0.736890 0.000400 0.002814 0.000869 0.000121 0.258547 0.000360
0.740161 0.000371 0.002619 0.000827 0.000112 0.255548 0.000362
0.743459 0.000354 0.002456 0.000760 0.000110 0.252496 0.000366
0.746493 0.000322 0.002314 0.000701 0.000106 0.249706 0.000358
0.749880 0.000297 0.002123 0.000644 0.000102 0.246593 0.000361
0.752583 0.000279 0.002019 0.000613 0.000099 0.244046 0.000362
0.756082 0.000258 0.001908 0.000568 0.000094 0.240726 0.000363
0.758838 0.000234 0.001772 0.000523 0.000091 0.238179 0.000363
0.762007 0.000223 0.001686 0.000491 0.000092 0.235134 0.000367
0.764843 0.000203 0.001590 0.000466 0.000088 0.232447 0.000363
0.767859 0.000184 0.001502 0.000426 0.000083 0.229583 0.000363
0.770716 0.000168 0.001416 0.000411 0.000074 0.226849 0.000367
0.773432 0.000158 0.001340 0.000386 0.000074 0.224249 0.000361
0.776624 0.000145 0.001244 0.000356 0.000070 0.221194 0.000367
0.779195 0.000133 0.001193 0.000347 0.000069 0.218698 0.000365
0.781897 0.000117 0.001101 0.000320 0.000065 0.216126 0.000373
0.785328 0.000108 0.001032 0.000296 0.000064 0.212806 0.000367
0.787431 0.000104 0.000989 0.000281 0.000063 0.210763 0.000368
0.790146 0.000100 0.000923 0.000269 0.000058 0.208131 0.000373
0.792961 0.000097 0.000875 0.000249 0.000057 0.205399 0.000361
0.795353 0.000089 0.000814 0.000232 0.000052 0.203089 0.000371
0.798161 0.000080 0.000765 0.000216 0.000051 0.200362 0.000365
0.800296 0.000076 0.000739 0.000207 0.000050 0.198263 0.000369
0.803014 0.000066 0.000711 0.000197 0.000046 0.195591 0.000375
0.805794 0.000063 0.000670 0.000183 0.000044 0.192876 0.000369
0.808091 0.000056 0.000616 0.000166 0.000044 0.190659 0.000369
0.810610 0.000053 0.000584 0.000159 0.000040 0.188182 0.000372
0.812943 0.000049 0.000543 0.000145 0.000041 0.185913 0.000367
0.815264 0.000046 0.000507 0.000138 0.000036 0.183637 0.000372
0.817304 0.000047 0.000470 0.000128 0.000035 0.181644 0.000372
0.819591 0.000040 0.000440 0.000120 0.000033 0.179407 0.000368
0.822339 0.000036 0.000409 0.000112 0.000034 0.176704 0.000365
0.824184 0.000036 0.000390 0.000110 0.000030 0.174883 0.000367
0.826346 0.000029 0.000370 0.000098 0.000027 0.172768 0.000361
0.828809 0.000024 0.000347 0.000096 0.000029 0.170323 0.000372
0.830631 0.000024 0.000327 0.000087 0.000027 0.168538 0.000367
0.833192 0.000022 0.000301 0.000085 0.000027 0.166014 0.000359
0.835085 0.000022 0.000283 0.000078 0.000025 0.164145 0.000361
0.837179 0.000020 0.000272 0.000075 0.000025 0.162071 0.000359
0.839542 0.000019 0.000250 0.000069 0.000024 0.159735 0.000361
0.841450 0.000017 0.000248 0.000065 0.000022 0.157836 0.000361
0.843629 0.000014 0.000234 0.000065 0.000022 0.155672 0.000364
0.845390 0.000015 0.000230 0.000064 0.000018 0.153930 0.000354
0.847356 0.000012 0.000211 0.000061 0.000018 0.151984 0.000358
0.849321 0.000014 0.000194 0.000055 0.000018 0.150029 0.000369
0.851252 0.000014 0.000182 0.000050 0.000017 0.148124 0.000360
0.853530 0.000014 0.000176 0.000051 0.000015 0.145853 0.000361
0.855273 0.000013 0.000172 0.000049 0.000017 0.144114 0.000363
0.857415 0.000011 0.000169 0.000049 0.000017 0.141983 0.000357
0.859210 0.000012 0.000165 0.000044 0.000016 0.140197 0.000357
0.860887 0.000012 0.000160 0.000042 0.000016 0.138518 0.000365
0.862790 0.000011 0.000151 0.000039 0.000015 0.136631 0.000363
0.864539 0.000009 0.000144 0.000034 0.000014 0.134896 0.000363
0.866466 0.000008 0.000135 0.000034 0.000014 0.132982 0.000362
0.868395 0.000007 0.000126 0.000034 0.000013 0.131061 0.000365
0.870321 0.000008 0.000125 0.000032 0.000012 0.129148 0.000353
0.871803 0.000007 0.000122 0.000033 0.000014 0.127670 0.000351
0.873328 0.000008 0.000117 0.000027 0.000014 0.126153 0.000354
0.875131 0.000008 0.000115 0.000024 0.000013 0.124353 0.000356
0.876286 0.000005 0.000113 0.000025 0.000013 0.123206 0.000351
0.878567 0.000007 0.000111 0.000023 0.000016 0.120915 0.000360
0.879501 0.000007 0.000106 0.000025 0.000017 0.119992 0.000352
0.881820 0.000007 0.000103 0.000021 0.000014 0.117682 0.000354
0.882983 0.000007 0.000104 0.000023 0.000014 0.116529 0.000340
0.884704 0.000007 0.000102 0.000021 0.000014 0.114808 0.000344
0.886850 0.000006 0.000102 0.000019 0.000013 0.112676 0.000333
0.887308 0.000007 0.000094 0.000019 0.000013 0.112216 0.000343
0.889566 0.000005 0.000087 0.000020 0.000012 0.109966 0.000343
0.890726 0.000006 0.000080 0.000021 0.000009 0.108815 0.000343
0.892528 0.000004 0.000082 0.000019 0.000011 0.107016 0.000341
0.893903 0.000005 0.000081 0.000018 0.000011 0.105639 0.000342
0.896387 0.000004 0.000076 0.000016 0.000013 0.103183 0.000320
0.897010 0.000004 0.000085 0.000012 0.000012 0.102550 0.000327
0.898111 0.000006 0.000080 0.000014 0.000011 0.101455 0.000324
0.899884 0.000004 0.000073 0.000013 0.000012 0.099691 0.000323
0.901611 0.000005 0.000075 0.000010 0.000015 0.097975 0.000310
0.902757 0.000004 0.000071 0.000010 0.000014 0.096828 0.000316
0.904516 0.000003 0.000072 0.000008 0.000012 0.095074 0.000315
0.905720 0.000005 0.000068 0.000006 0.000011 0.093858 0.000332
0.906369 0.000006 0.000068 0.000005 0.000010 0.093205 0.000336
0.907685 0.000008 0.000064 0.000005 0.000010 0.091909 0.000320
0.908801 0.000006 0.000058 0.000007 0.000011 0.090788 0.000329
0.909723 0.000009 0.000061 0.000007 0.000009 0.089874 0.000316
0.910348 0.000008 0.000064 0.000007 0.000009 0.089257 0.000307
0.912364 0.000007 0.000054 0.000008 0.000011 0.087256 0.000300
0.912733 0.000005 0.000062 0.000008 0.000010 0.086886 0.000297
0.913433 0.000004 0.000052 0.000007 0.000009 0.086193 0.000301
0.914233 0.000004 0.000049 0.000008 0.000011 0.085384 0.000310
0.915242 0.000005 0.000044 0.000007 0.000010 0.084395 0.000297
0.916015 0.000004 0.000038 0.000008 0.000011 0.083642 0.000283
0.916231 0.000009 0.000039 0.000008 0.000008 0.083404 0.000300
0.917274 0.000003 0.000035 0.000008 0.000011 0.082385 0.000284
0.918040 0.000002 0.000034 0.000007 0.000010 0.081632 0.000275
0.918473 0.000003 0.000032 0.000006 0.000011 0.081195 0.000280
0.918906 0.000005 0.000034 0.000008 0.000011 0.080755 0.000282
0.919662 0.000000 0.000035 0.000008 0.000007 0.080003 0.000285
0.919975 0.000000 0.000032 0.000008 0.000012 0.079705 0.000269
0.920562 0.000000 0.000031 0.000006 0.000007 0.079128 0.000266
0.921135 0.000000 0.000027 0.000007 0.000010 0.078559 0.000261
0.921339 0.000000 0.000025 0.000007 0.000010 0.078366 0.000254
0.921697 0.000000 0.000028 0.000004 0.000011 0.077992 0.000267
0.922019 0.000000 0.000020 0.000006 0.000007 0.077679 0.000269
0.922211 0.000000 0.000017 0.000005 0.000005 0.077496 0.000266
0.922552 0.000000 0.000020 0.000005 0.000004 0.077133 0.000286
0.922429 0.000000 0.000013 0.000007 0.000005 0.077296 0.000250
0.922873 0.000000 0.000015 0.000008 0.000005 0.076833 0.000266
0.923289 0.000000 0.000012 0.000006 0.000010 0.076431 0.000253
0.922906 0.000000 0.000010 0.000004 0.000006 0.076827 0.000247
0.922930 0.000000 0.000009 0.000003 0.000007 0.076793 0.000258
0.922918 0.000000 0.000009 0.000002 0.000006 0.076818 0.000248
0.923321 0.000000 0.000010 0.000000 0.000008 0.076424 0.000237
0.922829 0.000000 0.000005 0.000000 0.000005 0.076925 0.000236
0.922464 0.000000 0.000005 0.000000 0.000003 0.077294 0.000234
0.922191 0.000000 0.000005 0.000000 0.000000 0.077569 0.000234
0.921791 0.000000 0.000000 0.000000 0.000000 0.077962 0.000245
