0.347916 0.061699 0.055516 0.031878 0.002108 0.494807 0.006076 1.619684
0.350581 0.059238 0.055366 0.031719 0.002090 0.494898 0.006108 1.625640
0.353895 0.056319 0.055139 0.031403 0.002111 0.494998 0.006136 1.631340
0.357692 0.053337 0.054661 0.031047 0.002103 0.495000 0.006160 1.636608
0.361860 0.050205 0.054108 0.030524 0.002110 0.495012 0.006182 1.641657
0.366389 0.046981 0.053409 0.030087 0.002118 0.494809 0.006207 1.646530
0.370947 0.043988 0.052542 0.029472 0.002112 0.494708 0.006232 1.651001
0.375824 0.041197 0.051587 0.028800 0.002107 0.494222 0.006263 1.655154
0.380774 0.038499 0.050585 0.028030 0.002107 0.493719 0.006286 1.659068
0.385775 0.036061 0.049424 0.027279 0.002096 0.493052 0.006313 1.662624
0.390883 0.033709 0.048153 0.026492 0.002089 0.492337 0.006337 1.666018
0.395991 0.031458 0.046886 0.025737 0.002081 0.491485 0.006362 1.669255
0.401253 0.029361 0.045609 0.024893 0.002059 0.490437 0.006388 1.672259
0.406642 0.027383 0.044307 0.024084 0.002039 0.489136 0.006408 1.675074
0.411956 0.025524 0.042998 0.023244 0.002009 0.487828 0.006441 1.677696
0.417308 0.023887 0.041515 0.022390 0.001989 0.486449 0.006462 1.680105
0.422617 0.022358 0.040197 0.021539 0.001965 0.484837 0.006486 1.682375
0.427995 0.020877 0.038859 0.020689 0.001944 0.483120 0.006515 1.684506
0.433295 0.019607 0.037385 0.019911 0.001930 0.481332 0.006540 1.686430
0.438689 0.018302 0.036050 0.019102 0.001901 0.479390 0.006566 1.688338
0.444055 0.017126 0.034778 0.018346 0.001887 0.477218 0.006593 1.690100
0.449518 0.016024 0.033440 0.017552 0.001860 0.474991 0.006616 1.691758
0.454820 0.015037 0.032121 0.016831 0.001830 0.472715 0.006647 1.693266
0.460152 0.014100 0.030773 0.016158 0.001802 0.470343 0.006672 1.694718
0.465512 0.013179 0.029563 0.015506 0.001780 0.467766 0.006695 1.696125
0.470874 0.012366 0.028402 0.014824 0.001759 0.465054 0.006722 1.697394
0.476227 0.011604 0.027262 0.014222 0.001726 0.462222 0.006737 1.698597
0.481605 0.010939 0.026121 0.013593 0.001702 0.459286 0.006754 1.699708
0.486966 0.010316 0.025045 0.012968 0.001677 0.456252 0.006775 1.700745
0.492296 0.009728 0.024017 0.012395 0.001644 0.453124 0.006797 1.701739
0.497499 0.009192 0.022953 0.011878 0.001614 0.450049 0.006816 1.702655
0.502697 0.008698 0.021980 0.011282 0.001583 0.446915 0.006844 1.703529
0.507898 0.008192 0.021007 0.010773 0.001550 0.443716 0.006865 1.704386
0.513111 0.007717 0.020029 0.010255 0.001514 0.440487 0.006887 1.705184
0.518230 0.007352 0.019156 0.009772 0.001484 0.437103 0.006903 1.705908
0.523436 0.007019 0.018252 0.009314 0.001456 0.433602 0.006921 1.706573
0.528465 0.006661 0.017442 0.008883 0.001427 0.430187 0.006936 1.707248
0.533530 0.006325 0.016644 0.008454 0.001406 0.426686 0.006954 1.707878
0.538604 0.006025 0.015856 0.008054 0.001384 0.423106 0.006971 1.708460
0.543659 0.005710 0.015135 0.007688 0.001349 0.419466 0.006993 1.709050
0.548686 0.005385 0.014445 0.007342 0.001317 0.415817 0.007008 1.709620
0.553540 0.005169 0.013779 0.006995 0.001286 0.412208 0.007024 1.710124
0.558466 0.004932 0.013111 0.006689 0.001251 0.408506 0.007045 1.710612
0.563335 0.004699 0.012503 0.006342 0.001225 0.404836 0.007061 1.711072
0.568104 0.004503 0.011925 0.006046 0.001201 0.401146 0.007076 1.711505
0.572802 0.004314 0.011376 0.005776 0.001169 0.397475 0.007088 1.711939
0.577597 0.004113 0.010819 0.005487 0.001150 0.393731 0.007103 1.712350
0.582281 0.003914 0.010352 0.005223 0.001109 0.390002 0.007120 1.712753
0.586892 0.003728 0.009879 0.005001 0.001084 0.386284 0.007132 1.713138
0.591496 0.003567 0.009447 0.004748 0.001059 0.382537 0.007145 1.713505
0.596168 0.003434 0.008983 0.004497 0.001027 0.378730 0.007162 1.713818
0.600738 0.003253 0.008585 0.004314 0.000994 0.374943 0.007174 1.714172
0.605299 0.003131 0.008176 0.004101 0.000976 0.371129 0.007189 1.714474
0.609714 0.002984 0.007842 0.003919 0.000948 0.367392 0.007202 1.714794
0.614036 0.002881 0.007483 0.003744 0.000924 0.363718 0.007214 1.715072
0.618480 0.002770 0.007161 0.003574 0.000895 0.359889 0.007231 1.715346
0.622800 0.002676 0.006859 0.003396 0.000875 0.356150 0.007245 1.715611
0.627130 0.002575 0.006558 0.003240 0.000842 0.352396 0.007260 1.715867
0.631308 0.002473 0.006308 0.003082 0.000821 0.348735 0.007273 1.716120
0.635502 0.002391 0.006021 0.002935 0.000802 0.345066 0.007282 1.716350
0.639618 0.002322 0.005764 0.002814 0.000784 0.341409 0.007291 1.716574
0.643698 0.002225 0.005536 0.002678 0.000764 0.337803 0.007297 1.716807
0.647663 0.002164 0.005262 0.002562 0.000746 0.334300 0.007303 1.717014
0.651678 0.002097 0.005035 0.002446 0.000724 0.330710 0.007311 1.717229
0.655648 0.002015 0.004830 0.002337 0.000698 0.327151 0.007321 1.717434
0.659637 0.001949 0.004634 0.002224 0.000679 0.323547 0.007331 1.717630
0.663589 0.001887 0.004446 0.002123 0.000660 0.319955 0.007341 1.717815
0.667392 0.001833 0.004268 0.002026 0.000634 0.316496 0.007352 1.718002
0.671257 0.001750 0.004095 0.001954 0.000611 0.312974 0.007361 1.718188
0.674976 0.001709 0.003922 0.001878 0.000592 0.309554 0.007370 1.718360
0.678807 0.001645 0.003750 0.001807 0.000576 0.306037 0.007378 1.718539
0.682483 0.001608 0.003581 0.001743 0.000554 0.302643 0.007388 1.718700
0.686123 0.001555 0.003436 0.001669 0.000535 0.299285 0.007396 1.718867
0.689753 0.001498 0.003314 0.001604 0.000522 0.295906 0.007403 1.719012
0.693329 0.001463 0.003190 0.001548 0.000506 0.292554 0.007411 1.719157
0.696886 0.001397 0.003066 0.001502 0.000488 0.289243 0.007418 1.719310
0.700442 0.001343 0.002958 0.001457 0.000469 0.285903 0.007427 1.719464
0.703948 0.001296 0.002815 0.001415 0.000459 0.282631 0.007437 1.719591
0.707378 0.001250 0.002718 0.001357 0.000447 0.279410 0.007440 1.719726
0.710802 0.001212 0.002609 0.001299 0.000439 0.276194 0.007446 1.719852
0.714163 0.001163 0.002505 0.001248 0.000426 0.273043 0.007453 1.719976
0.717498 0.001117 0.002417 0.001213 0.000410 0.269887 0.007459 1.720101
0.720815 0.001073 0.002329 0.001160 0.000395 0.266762 0.007467 1.720214
0.724082 0.001053 0.002240 0.001119 0.000384 0.263650 0.007473 1.720312
0.727190 0.001029 0.002153 0.001082 0.000375 0.260690 0.007481 1.720417
0.730345 0.001006 0.002056 0.001035 0.000364 0.257707 0.007487 1.720513
0.733472 0.000974 0.001985 0.000995 0.000356 0.254727 0.007491 1.720617
0.736634 0.000942 0.001918 0.000976 0.000348 0.251689 0.007494 1.720724
0.739762 0.000905 0.001851 0.000944 0.000335 0.248703 0.007501 1.720825
0.742735 0.000879 0.001770 0.000909 0.000325 0.245877 0.007507 1.720914
0.745775 0.000857 0.001707 0.000875 0.000312 0.242965 0.007509 1.720993
0.748716 0.000829 0.001640 0.000833 0.000301 0.240168 0.007513 1.721077
0.751648 0.000804 0.001593 0.000801 0.000296 0.237342 0.007516 1.721154
0.754498 0.000779 0.001539 0.000781 0.000285 0.234598 0.007520 1.721243
0.757352 0.000758 0.001477 0.000762 0.000276 0.231849 0.007526 1.721327
0.760198 0.000739 0.001403 0.000727 0.000270 0.229135 0.007528 1.721395
0.763027 0.000728 0.001359 0.000694 0.000261 0.226399 0.007533 1.721465
0.765782 0.000713 0.001308 0.000671 0.000256 0.223735 0.007535 1.721531
0.768515 0.000698 0.001260 0.000654 0.000248 0.221089 0.007538 1.721598
0.771173 0.000684 0.001217 0.000626 0.000238 0.218518 0.007544 1.721668
0.773828 0.000666 0.001169 0.000608 0.000230 0.215950 0.007549 1.721728
0.776438 0.000657 0.001128 0.000591 0.000223 0.213413 0.007550 1.721787
0.779074 0.000637 0.001089 0.000571 0.000211 0.210863 0.007556 1.721848
0.781671 0.000624 0.001050 0.000551 0.000206 0.208340 0.007558 1.721903
0.784215 0.000612 0.001025 0.000525 0.000197 0.205863 0.007564 1.721963
0.786735 0.000610 0.000996 0.000504 0.000188 0.203399 0.007568 1.722020
0.789150 0.000605 0.000944 0.000491 0.000184 0.201055 0.007571 1.722071
0.791581 0.000591 0.000917 0.000466 0.000173 0.198697 0.007576 1.722128
0.794037 0.000573 0.000888 0.000446 0.000167 0.196309 0.007581 1.722185
0.796406 0.000554 0.000857 0.000436 0.000162 0.194001 0.007584 1.722242
0.798777 0.000535 0.000834 0.000423 0.000156 0.191689 0.007586 1.722294
0.801094 0.000527 0.000822 0.000407 0.000152 0.189411 0.007588 1.722342
0.803410 0.000529 0.000789 0.000400 0.000145 0.187136 0.007590 1.722386
0.805725 0.000510 0.000778 0.000387 0.000143 0.184864 0.007592 1.722443
0.807997 0.000500 0.000753 0.000380 0.000140 0.182635 0.007595 1.722494
0.810238 0.000485 0.000738 0.000371 0.000130 0.180438 0.007599 1.722547
0.812441 0.000481 0.000718 0.000364 0.000126 0.178269 0.007602 1.722590
0.814623 0.000471 0.000702 0.000345 0.000124 0.176132 0.007604 1.722640
0.816808 0.000451 0.000686 0.000340 0.000122 0.173989 0.007605 1.722690
0.818933 0.000450 0.000660 0.000331 0.000117 0.171902 0.007607 1.722726
0.820962 0.000440 0.000646 0.000314 0.000116 0.169914 0.007609 1.722762
0.823025 0.000425 0.000636 0.000306 0.000114 0.167885 0.007609 1.722808
0.825153 0.000412 0.000616 0.000300 0.000110 0.165798 0.007611 1.722844
0.827215 0.000401 0.000596 0.000285 0.000106 0.163784 0.007613 1.722881
0.829195 0.000398 0.000577 0.000279 0.000102 0.161833 0.007616 1.722913
0.831180 0.000375 0.000575 0.000269 0.000097 0.159885 0.007619 1.722959
0.833110 0.000362 0.000552 0.000265 0.000094 0.157996 0.007620 1.722999
0.835072 0.000353 0.000543 0.000247 0.000090 0.156072 0.007621 1.723036
0.837003 0.000344 0.000535 0.000245 0.000089 0.154161 0.007623 1.723072
0.838857 0.000328 0.000520 0.000246 0.000084 0.152342 0.007624 1.723110
0.840730 0.000311 0.000509 0.000241 0.000081 0.150505 0.007625 1.723146
0.842546 0.000301 0.000494 0.000239 0.000077 0.148716 0.007626 1.723174
0.844328 0.000296 0.000477 0.000230 0.000074 0.146966 0.007628 1.723202
0.846097 0.000294 0.000464 0.000222 0.000070 0.145225 0.007629 1.723231
0.847850 0.000282 0.000449 0.000216 0.000068 0.143505 0.007630 1.723259
0.849543 0.000279 0.000437 0.000212 0.000068 0.141832 0.007630 1.723285
0.851239 0.000273 0.000421 0.000208 0.000068 0.140161 0.007631 1.723315
0.852904 0.000264 0.000417 0.000202 0.000065 0.138516 0.007632 1.723347
0.854490 0.000255 0.000408 0.000193 0.000063 0.136958 0.007633 1.723381
0.856163 0.000245 0.000402 0.000187 0.000060 0.135309 0.007634 1.723412
0.857752 0.000245 0.000386 0.000185 0.000055 0.133742 0.007636 1.723432
0.859267 0.000243 0.000363 0.000179 0.000054 0.132258 0.007636 1.723452
0.860820 0.000228 0.000360 0.000172 0.000053 0.130730 0.007637 1.723484
0.862382 0.000224 0.000349 0.000171 0.000049 0.129186 0.007638 1.723507
0.863890 0.000222 0.000335 0.000167 0.000049 0.127698 0.007638 1.723527
0.865407 0.000215 0.000334 0.000163 0.000048 0.126194 0.007640 1.723555
0.866926 0.000209 0.000324 0.000154 0.000044 0.124703 0.007640 1.723576
0.868350 0.000211 0.000314 0.000147 0.000044 0.123294 0.007640 1.723594
0.869759 0.000206 0.000313 0.000143 0.000044 0.121895 0.007640 1.723616
0.871209 0.000209 0.000298 0.000140 0.000044 0.120460 0.007640 1.723636
0.872593 0.000205 0.000295 0.000140 0.000042 0.119083 0.007642 1.723656
0.873916 0.000202 0.000281 0.000138 0.000042 0.117780 0.007642 1.723673
0.875264 0.000209 0.000270 0.000138 0.000041 0.116435 0.007644 1.723690
0.876578 0.000202 0.000270 0.000136 0.000040 0.115130 0.007644 1.723710
0.877873 0.000198 0.000264 0.000134 0.000038 0.113848 0.007645 1.723729
0.879152 0.000198 0.000258 0.000133 0.000037 0.112577 0.007645 1.723747
0.880401 0.000195 0.000258 0.000129 0.000035 0.111337 0.007645 1.723774
0.881586 0.000197 0.000247 0.000121 0.000033 0.110171 0.007646 1.723790
0.882714 0.000200 0.000244 0.000116 0.000031 0.109048 0.007647 1.723809
0.883802 0.000197 0.000247 0.000115 0.000030 0.107962 0.007647 1.723827
0.884914 0.000197 0.000240 0.000114 0.000030 0.106859 0.007647 1.723842
0.885987 0.000191 0.000234 0.000109 0.000029 0.105802 0.007647 1.723861
0.887036 0.000181 0.000231 0.000113 0.000029 0.104763 0.007647 1.723884
0.888047 0.000170 0.000232 0.000112 0.000028 0.103762 0.007647 1.723907
0.889104 0.000171 0.000225 0.000103 0.000027 0.102722 0.007648 1.723919
0.890100 0.000173 0.000223 0.000100 0.000026 0.101730 0.007648 1.723935
0.891034 0.000176 0.000216 0.000096 0.000026 0.100803 0.007649 1.723948
0.891954 0.000171 0.000213 0.000097 0.000024 0.099891 0.007650 1.723969
0.892872 0.000173 0.000210 0.000098 0.000024 0.098972 0.007650 1.723982
0.893771 0.000176 0.000201 0.000096 0.000023 0.098081 0.007651 1.723995
0.894634 0.000172 0.000204 0.000095 0.000023 0.097220 0.007651 1.724016
0.895516 0.000169 0.000202 0.000095 0.000023 0.096344 0.007651 1.724034
0.896365 0.000162 0.000198 0.000092 0.000022 0.095509 0.007651 1.724051
0.897215 0.000161 0.000193 0.000090 0.000021 0.094667 0.007651 1.724066
0.898044 0.000164 0.000191 0.000089 0.000019 0.093840 0.007653 1.724078
0.898828 0.000168 0.000184 0.000092 0.000019 0.093056 0.007653 1.724094
0.899612 0.000164 0.000188 0.000091 0.000018 0.092273 0.007653 1.724114
0.900385 0.000163 0.000187 0.000088 0.000019 0.091504 0.007653 1.724129
0.901161 0.000155 0.000190 0.000091 0.000018 0.090731 0.007654 1.724149
0.901912 0.000151 0.000189 0.000088 0.000019 0.089986 0.007654 1.724166
0.902646 0.000152 0.000186 0.000084 0.000019 0.089258 0.007654 1.724180
0.903342 0.000147 0.000184 0.000086 0.000017 0.088568 0.007655 1.724196
0.904031 0.000147 0.000182 0.000083 0.000016 0.087886 0.007655 1.724207
0.904716 0.000150 0.000176 0.000080 0.000016 0.087205 0.007655 1.724218
0.905387 0.000150 0.000167 0.000080 0.000017 0.086543 0.007655 1.724226
0.906034 0.000146 0.000160 0.000084 0.000016 0.085904 0.007655 1.724242
0.906636 0.000144 0.000157 0.000084 0.000015 0.085306 0.007656 1.724258
0.907219 0.000144 0.000151 0.000081 0.000016 0.084732 0.007656 1.724266
0.907763 0.000136 0.000152 0.000086 0.000014 0.084193 0.007656 1.724289
0.908307 0.000135 0.000150 0.000082 0.000014 0.083655 0.007656 1.724303
0.908842 0.000134 0.000148 0.000081 0.000014 0.083124 0.007656 1.724314
0.909391 0.000128 0.000150 0.000082 0.000014 0.082578 0.007656 1.724329
0.909927 0.000123 0.000149 0.000079 0.000013 0.082051 0.007656 1.724344
0.910442 0.000126 0.000143 0.000078 0.000013 0.081541 0.007656 1.724353
0.910929 0.000120 0.000142 0.000073 0.000013 0.081066 0.007656 1.724365
0.911406 0.000119 0.000138 0.000070 0.000012 0.080597 0.007656 1.724376
0.911848 0.000118 0.000135 0.000069 0.000012 0.080161 0.007656 1.724385
0.912335 0.000114 0.000132 0.000068 0.000012 0.079683 0.007656 1.724397
0.912788 0.000107 0.000124 0.000068 0.000012 0.079243 0.007656 1.724409
0.913234 0.000106 0.000122 0.000064 0.000012 0.078805 0.007657 1.724417
0.913637 0.000101 0.000124 0.000063 0.000011 0.078406 0.007658 1.724429
0.914066 0.000096 0.000127 0.000062 0.000011 0.077980 0.007658 1.724441
0.914470 0.000094 0.000123 0.000063 0.000011 0.077581 0.007658 1.724451
0.914881 0.000089 0.000124 0.000062 0.000010 0.077175 0.007658 1.724463
0.915263 0.000089 0.000125 0.000057 0.000010 0.076798 0.007658 1.724473
0.915620 0.000088 0.000123 0.000055 0.000010 0.076447 0.007658 1.724485
0.915979 0.000088 0.000120 0.000051 0.000009 0.076094 0.007659 1.724492
0.916342 0.000087 0.000119 0.000052 0.000009 0.075731 0.007659 1.724502
0.916684 0.000086 0.000118 0.000051 0.000008 0.075393 0.007660 1.724511
0.917027 0.000088 0.000113 0.000050 0.000008 0.075054 0.007660 1.724522
0.917340 0.000087 0.000112 0.000049 0.000009 0.074743 0.007660 1.724530
0.917648 0.000089 0.000108 0.000048 0.000009 0.074438 0.007660 1.724537
0.917925 0.000088 0.000108 0.000049 0.000008 0.074161 0.007660 1.724544
0.918204 0.000084 0.000106 0.000053 0.000008 0.073884 0.007660 1.724557
0.918499 0.000082 0.000106 0.000052 0.000008 0.073593 0.007660 1.724568
0.918767 0.000078 0.000108 0.000055 0.000007 0.073325 0.007660 1.724578
0.919043 0.000077 0.000103 0.000055 0.000007 0.073055 0.007660 1.724588
0.919302 0.000077 0.000101 0.000057 0.000007 0.072796 0.007660 1.724599
0.919561 0.000077 0.000097 0.000054 0.000007 0.072543 0.007660 1.724605
0.919796 0.000074 0.000097 0.000053 0.000007 0.072312 0.007660 1.724614
0.920012 0.000067 0.000099 0.000053 0.000007 0.072101 0.007660 1.724627
0.920243 0.000070 0.000096 0.000051 0.000007 0.071872 0.007660 1.724631
0.920475 0.000071 0.000091 0.000051 0.000006 0.071645 0.007660 1.724638
0.920688 0.000074 0.000091 0.000050 0.000006 0.071431 0.007660 1.724645
0.920886 0.000069 0.000089 0.000049 0.000006 0.071241 0.007660 1.724654
0.921078 0.000064 0.000091 0.000052 0.000006 0.071047 0.007660 1.724665
0.921265 0.000063 0.000089 0.000050 0.000006 0.070866 0.007660 1.724672
0.921446 0.000064 0.000084 0.000046 0.000005 0.070694 0.007660 1.724676
0.921629 0.000063 0.000080 0.000046 0.000005 0.070516 0.007660 1.724683
0.921802 0.000065 0.000082 0.000044 0.000005 0.070341 0.007660 1.724688
0.921986 0.000067 0.000079 0.000044 0.000005 0.070159 0.007660 1.724691
0.922145 0.000068 0.000077 0.000045 0.000005 0.069999 0.007660 1.724696
0.922315 0.000066 0.000079 0.000043 0.000005 0.069832 0.007660 1.724703
0.922476 0.000066 0.000078 0.000041 0.000005 0.069673 0.007661 1.724708
0.922632 0.000065 0.000077 0.000040 0.000005 0.069521 0.007661 1.724716
0.922792 0.000060 0.000076 0.000040 0.000005 0.069366 0.007661 1.724724
0.922944 0.000059 0.000072 0.000041 0.000005 0.069219 0.007661 1.724730
0.923097 0.000058 0.000073 0.000040 0.000005 0.069067 0.007661 1.724736
0.923241 0.000058 0.000071 0.000036 0.000006 0.068928 0.007661 1.724741
0.923375 0.000057 0.000073 0.000036 0.000005 0.068793 0.007661 1.724747
0.923506 0.000056 0.000074 0.000034 0.000005 0.068664 0.007661 1.724751
0.923655 0.000058 0.000069 0.000031 0.000005 0.068520 0.007661 1.724753
0.923777 0.000058 0.000071 0.000032 0.000005 0.068395 0.007661 1.724759
0.923921 0.000058 0.000070 0.000032 0.000005 0.068253 0.007661 1.724763
0.924035 0.000054 0.000069 0.000031 0.000005 0.068144 0.007661 1.724770
0.924147 0.000057 0.000066 0.000029 0.000005 0.068035 0.007661 1.724775
0.924270 0.000060 0.000064 0.000027 0.000005 0.067912 0.007661 1.724779
0.924377 0.000058 0.000064 0.000027 0.000005 0.067807 0.007662 1.724784
0.924507 0.000057 0.000064 0.000025 0.000004 0.067680 0.007663 1.724789
0.924614 0.000059 0.000062 0.000025 0.000004 0.067573 0.007663 1.724794
0.924725 0.000059 0.000058 0.000025 0.000004 0.067466 0.007663 1.724800
0.924823 0.000061 0.000060 0.000023 0.000004 0.067367 0.007663 1.724804
0.924912 0.000063 0.000060 0.000023 0.000003 0.067277 0.007663 1.724806
0.925019 0.000061 0.000058 0.000023 0.000003 0.067173 0.007663 1.724811
0.925112 0.000056 0.000060 0.000023 0.000003 0.067082 0.007663 1.724819
0.925207 0.000056 0.000057 0.000023 0.000003 0.066991 0.007663 1.724823
0.925305 0.000056 0.000057 0.000020 0.000003 0.066896 0.007663 1.724828
0.925407 0.000058 0.000056 0.000020 0.000003 0.066792 0.007663 1.724832
0.925491 0.000058 0.000057 0.000018 0.000003 0.066711 0.007663 1.724839
0.925562 0.000058 0.000055 0.000018 0.000003 0.066641 0.007663 1.724844
0.925630 0.000055 0.000053 0.000021 0.000003 0.066574 0.007663 1.724852
0.925703 0.000052 0.000053 0.000020 0.000003 0.066506 0.007663 1.724857
0.925785 0.000051 0.000051 0.000018 0.000004 0.066427 0.007663 1.724862
0.925854 0.000051 0.000051 0.000018 0.000004 0.066359 0.007663 1.724865
0.925907 0.000051 0.000050 0.000018 0.000003 0.066308 0.007664 1.724869
0.925957 0.000051 0.000049 0.000020 0.000003 0.066257 0.007664 1.724875
0.926013 0.000047 0.000050 0.000022 0.000003 0.066201 0.007664 1.724883
0.926074 0.000045 0.000048 0.000023 0.000003 0.066144 0.007664 1.724887
0.926134 0.000044 0.000049 0.000024 0.000004 0.066083 0.007664 1.724894
0.926193 0.000042 0.000050 0.000024 0.000004 0.066023 0.007664 1.724900
0.926257 0.000042 0.000051 0.000025 0.000004 0.065958 0.007664 1.724904
0.926313 0.000043 0.000049 0.000023 0.000004 0.065905 0.007664 1.724906
0.926369 0.000040 0.000051 0.000023 0.000004 0.065850 0.007664 1.724910
0.926413 0.000039 0.000054 0.000023 0.000004 0.065804 0.007664 1.724917
0.926463 0.000044 0.000053 0.000022 0.000003 0.065752 0.007664 1.724920
0.926519 0.000044 0.000052 0.000023 0.000003 0.065696 0.007664 1.724925
0.926569 0.000039 0.000053 0.000022 0.000003 0.065649 0.007664 1.724931
0.926614 0.000040 0.000052 0.000023 0.000003 0.065606 0.007664 1.724935
0.926654 0.000038 0.000049 0.000022 0.000003 0.065571 0.007664 1.724938
0.926700 0.000036 0.000050 0.000021 0.000003 0.065527 0.007664 1.724943
0.926739 0.000036 0.000048 0.000020 0.000003 0.065490 0.007664 1.724946
0.926782 0.000033 0.000046 0.000022 0.000003 0.065450 0.007664 1.724952
0.926825 0.000032 0.000045 0.000024 0.000003 0.065408 0.007664 1.724957
0.926866 0.000030 0.000046 0.000023 0.000004 0.065367 0.007664 1.724962
0.926904 0.000032 0.000043 0.000022 0.000004 0.065332 0.007664 1.724964
0.926943 0.000034 0.000042 0.000020 0.000004 0.065293 0.007664 1.724966
0.926978 0.000035 0.000041 0.000021 0.000004 0.065259 0.007664 1.724969
0.927023 0.000036 0.000040 0.000022 0.000004 0.065212 0.007664 1.724973
0.927063 0.000035 0.000040 0.000022 0.000004 0.065173 0.007664 1.724975
0.927095 0.000036 0.000038 0.000022 0.000004 0.065143 0.007664 1.724977
0.927133 0.000036 0.000038 0.000022 0.000004 0.065103 0.007664 1.724980
0.927163 0.000039 0.000037 0.000022 0.000004 0.065071 0.007664 1.724982
0.927189 0.000040 0.000039 0.000021 0.000004 0.065044 0.007664 1.724986
0.927221 0.000040 0.000040 0.000021 0.000004 0.065011 0.007664 1.724992
0.927253 0.000037 0.000043 0.000018 0.000004 0.064981 0.007664 1.724997
0.927286 0.000034 0.000045 0.000017 0.000005 0.064948 0.007664 1.725003
0.927322 0.000032 0.000044 0.000017 0.000005 0.064916 0.007664 1.725007
0.927353 0.000031 0.000044 0.000018 0.000005 0.064885 0.007664 1.725009
0.927376 0.000029 0.000040 0.000018 0.000005 0.064868 0.007664 1.725012
0.927404 0.000029 0.000041 0.000017 0.000005 0.064840 0.007664 1.725015
0.927434 0.000030 0.000040 0.000016 0.000005 0.064812 0.007664 1.725017
0.927460 0.000031 0.000040 0.000015 0.000005 0.064784 0.007664 1.725019
0.927491 0.000033 0.000039 0.000016 0.000005 0.064752 0.007664 1.725021
0.927527 0.000034 0.000040 0.000015 0.000004 0.064716 0.007664 1.725023
0.927549 0.000034 0.000039 0.000016 0.000004 0.064694 0.007664 1.725026
0.927573 0.000032 0.000040 0.000015 0.000004 0.064672 0.007664 1.725031
0.927598 0.000031 0.000039 0.000015 0.000004 0.064648 0.007664 1.725034
0.927625 0.000034 0.000039 0.000014 0.000004 0.064621 0.007664 1.725035
0.927646 0.000032 0.000039 0.000015 0.000004 0.064599 0.007664 1.725039
0.927663 0.000033 0.000040 0.000014 0.000004 0.064582 0.007664 1.725042
0.927685 0.000035 0.000036 0.000015 0.000004 0.064560 0.007664 1.725044
0.927712 0.000033 0.000035 0.000015 0.000004 0.064537 0.007664 1.725046
0.927728 0.000032 0.000035 0.000014 0.000004 0.064522 0.007664 1.725051
0.927744 0.000034 0.000035 0.000014 0.000004 0.064505 0.007664 1.725053
0.927764 0.000033 0.000037 0.000013 0.000004 0.064485 0.007664 1.725056
0.927785 0.000032 0.000037 0.000012 0.000004 0.064465 0.007664 1.725058
0.927800 0.000031 0.000037 0.000012 0.000004 0.064451 0.007664 1.725061
0.927819 0.000030 0.000036 0.000013 0.000004 0.064433 0.007664 1.725064
0.927840 0.000027 0.000036 0.000012 0.000004 0.064418 0.007664 1.725067
0.927862 0.000026 0.000034 0.000012 0.000004 0.064398 0.007664 1.725069
0.927882 0.000025 0.000034 0.000012 0.000004 0.064380 0.007664 1.725072
0.927902 0.000026 0.000032 0.000011 0.000004 0.064362 0.007664 1.725073
0.927916 0.000025 0.000032 0.000011 0.000004 0.064348 0.007664 1.725077
0.927931 0.000025 0.000033 0.000012 0.000004 0.064331 0.007664 1.725080
0.927946 0.000026 0.000033 0.000011 0.000004 0.064316 0.007664 1.725082
0.927963 0.000025 0.000032 0.000011 0.000004 0.064301 0.007664 1.725083
0.927979 0.000027 0.000028 0.000012 0.000004 0.064287 0.007664 1.725084
0.927990 0.000028 0.000028 0.000011 0.000004 0.064275 0.007664 1.725086
0.927998 0.000029 0.000027 0.000010 0.000004 0.064267 0.007664 1.725087
0.928012 0.000029 0.000027 0.000010 0.000004 0.064254 0.007664 1.725091
0.928029 0.000029 0.000027 0.000010 0.000004 0.064237 0.007665 1.725093
0.928048 0.000027 0.000027 0.000010 0.000003 0.064220 0.007665 1.725096
0.928064 0.000027 0.000029 0.000010 0.000003 0.064203 0.007665 1.725099
0.928082 0.000027 0.000029 0.000009 0.000003 0.064185 0.007665 1.725101
0.928095 0.000027 0.000031 0.000010 0.000003 0.064169 0.007665 1.725105
0.928108 0.000028 0.000030 0.000010 0.000003 0.064158 0.007665 1.725108
0.928120 0.000025 0.000029 0.000008 0.000003 0.064151 0.007665 1.725111
0.928131 0.000026 0.000029 0.000008 0.000003 0.064140 0.007665 1.725113
0.928139 0.000027 0.000027 0.000007 0.000003 0.064132 0.007665 1.725114
0.928154 0.000026 0.000027 0.000008 0.000003 0.064118 0.007665 1.725117
0.928164 0.000025 0.000025 0.000009 0.000003 0.064109 0.007665 1.725119
0.928173 0.000028 0.000025 0.000009 0.000003 0.064098 0.007665 1.725120
0.928184 0.000028 0.000024 0.000009 0.000003 0.064088 0.007665 1.725123
0.928196 0.000029 0.000024 0.000008 0.000003 0.064076 0.007665 1.725126
0.928206 0.000030 0.000024 0.000008 0.000003 0.064065 0.007665 1.725128
0.928218 0.000029 0.000022 0.000009 0.000003 0.064054 0.007665 1.725131
0.928227 0.000029 0.000024 0.000011 0.000003 0.064042 0.007665 1.725136
0.928236 0.000028 0.000024 0.000008 0.000003 0.064036 0.007665 1.725138
0.928248 0.000025 0.000026 0.000010 0.000003 0.064024 0.007665 1.725143
0.928257 0.000026 0.000025 0.000010 0.000003 0.064014 0.007665 1.725145
0.928264 0.000027 0.000025 0.000010 0.000003 0.064005 0.007665 1.725146
0.928276 0.000026 0.000026 0.000010 0.000002 0.063996 0.007665 1.725148
0.928284 0.000028 0.000026 0.000010 0.000002 0.063985 0.007665 1.725151
0.928295 0.000025 0.000027 0.000010 0.000002 0.063977 0.007665 1.725154
0.928305 0.000022 0.000027 0.000010 0.000003 0.063968 0.007665 1.725159
0.928311 0.000020 0.000027 0.000011 0.000003 0.063964 0.007665 1.725163
0.928317 0.000020 0.000024 0.000010 0.000002 0.063960 0.007666 1.725165
0.928327 0.000019 0.000025 0.000011 0.000002 0.063951 0.007666 1.725168
0.928334 0.000020 0.000026 0.000011 0.000002 0.063941 0.007666 1.725170
0.928340 0.000022 0.000024 0.000010 0.000002 0.063937 0.007666 1.725172
0.928348 0.000021 0.000026 0.000012 0.000002 0.063927 0.007666 1.725175
0.928351 0.000019 0.000027 0.000012 0.000002 0.063924 0.007666 1.725178
0.928357 0.000019 0.000026 0.000012 0.000002 0.063920 0.007666 1.725179
0.928363 0.000019 0.000023 0.000012 0.000002 0.063916 0.007666 1.725181
0.928373 0.000018 0.000021 0.000012 0.000002 0.063910 0.007666 1.725182
0.928378 0.000017 0.000019 0.000010 0.000002 0.063908 0.007666 1.725183
0.928383 0.000018 0.000017 0.000010 0.000002 0.063905 0.007666 1.725184
0.928388 0.000016 0.000016 0.000010 0.000002 0.063903 0.007666 1.725186
0.928394 0.000015 0.000017 0.000010 0.000002 0.063897 0.007666 1.725187
0.928397 0.000013 0.000017 0.000009 0.000002 0.063897 0.007666 1.725190
0.928406 0.000012 0.000018 0.000008 0.000002 0.063889 0.007666 1.725192
0.928410 0.000010 0.000019 0.000009 0.000002 0.063885 0.007666 1.725195
0.928417 0.000010 0.000018 0.000008 0.000002 0.063880 0.007666 1.725196
0.928422 0.000010 0.000018 0.000010 0.000002 0.063873 0.007666 1.725197
0.928428 0.000008 0.000015 0.000011 0.000002 0.063871 0.007666 1.725200
0.928432 0.000008 0.000015 0.000010 0.000002 0.063868 0.007666 1.725200
0.928436 0.000009 0.000015 0.000009 0.000002 0.063864 0.007666 1.725201
0.928438 0.000008 0.000014 0.000010 0.000002 0.063862 0.007666 1.725203
0.928444 0.000006 0.000014 0.000012 0.000002 0.063857 0.007666 1.725205
0.928450 0.000006 0.000014 0.000011 0.000002 0.063852 0.007666 1.725205
0.928454 0.000007 0.000013 0.000010 0.000002 0.063850 0.007666 1.725205
0.928459 0.000006 0.000012 0.000010 0.000002 0.063846 0.007666 1.725206
0.928465 0.000006 0.000013 0.000009 0.000002 0.063841 0.007666 1.725206
0.928472 0.000005 0.000013 0.000008 0.000002 0.063834 0.007666 1.725207
0.928476 0.000005 0.000013 0.000008 0.000002 0.063831 0.007666 1.725208
0.928480 0.000005 0.000013 0.000008 0.000002 0.063827 0.007666 1.725208
0.928486 0.000005 0.000011 0.000008 0.000002 0.063823 0.007666 1.725208
0.928489 0.000006 0.000010 0.000008 0.000002 0.063821 0.007666 1.725209
0.928494 0.000007 0.000010 0.000008 0.000002 0.063815 0.007666 1.725209
0.928496 0.000008 0.000008 0.000008 0.000002 0.063814 0.007666 1.725210
0.928502 0.000008 0.000008 0.000008 0.000002 0.063808 0.007666 1.725210
0.928507 0.000008 0.000008 0.000008 0.000001 0.063803 0.007666 1.725211
0.928510 0.000008 0.000008 0.000007 0.000001 0.063801 0.007666 1.725212
0.928513 0.000008 0.000009 0.000007 0.000001 0.063797 0.007666 1.725213
0.928516 0.000007 0.000010 0.000006 0.000002 0.063794 0.007666 1.725214
0.928518 0.000007 0.000009 0.000006 0.000002 0.063794 0.007666 1.725215
0.928521 0.000007 0.000009 0.000005 0.000002 0.063791 0.007666 1.725216
0.928526 0.000007 0.000009 0.000005 0.000002 0.063787 0.007666 1.725216
0.928530 0.000006 0.000009 0.000005 0.000002 0.063784 0.007666 1.725218
0.928533 0.000007 0.000009 0.000005 0.000002 0.063780 0.007666 1.725219
0.928536 0.000008 0.000009 0.000004 0.000001 0.063777 0.007666 1.725219
0.928539 0.000008 0.000008 0.000005 0.000001 0.063774 0.007666 1.725220
0.928541 0.000008 0.000009 0.000005 0.000001 0.063771 0.007666 1.725221
0.928543 0.000010 0.000008 0.000005 0.000001 0.063767 0.007666 1.725222
0.928547 0.000010 0.000009 0.000005 0.000001 0.063763 0.007666 1.725222
0.928551 0.000010 0.000010 0.000004 0.000001 0.063760 0.007666 1.725224
0.928555 0.000010 0.000010 0.000004 0.000001 0.063755 0.007666 1.725225
0.928558 0.000009 0.000011 0.000004 0.000001 0.063751 0.007666 1.725226
0.928561 0.000011 0.000009 0.000004 0.000002 0.063748 0.007666 1.725226
0.928563 0.000010 0.000010 0.000005 0.000001 0.063746 0.007666 1.725229
0.928563 0.000009 0.000012 0.000005 0.000000 0.063744 0.007666 1.725231
0.928567 0.000008 0.000013 0.000006 0.000000 0.063740 0.007666 1.725233
0.928569 0.000009 0.000013 0.000006 0.000000 0.063737 0.007666 1.725233
0.928573 0.000010 0.000012 0.000005 0.000000 0.063735 0.007666 1.725233
0.928577 0.000008 0.000011 0.000005 0.000000 0.063733 0.007666 1.725234
0.928579 0.000008 0.000009 0.000005 0.000000 0.063732 0.007666 1.725235
0.928580 0.000008 0.000010 0.000005 0.000000 0.063731 0.007666 1.725236
0.928582 0.000010 0.000010 0.000005 0.000000 0.063727 0.007666 1.725236
0.928585 0.000009 0.000010 0.000005 0.000000 0.063724 0.007666 1.725237
0.928586 0.000010 0.000011 0.000005 0.000000 0.063722 0.007666 1.725238
0.928586 0.000011 0.000010 0.000005 0.000000 0.063723 0.007666 1.725239
0.928586 0.000011 0.000008 0.000006 0.000000 0.063724 0.007666 1.725240
0.928588 0.000011 0.000008 0.000006 0.000000 0.063721 0.007666 1.725241
0.928587 0.000012 0.000008 0.000005 0.000000 0.063722 0.007666 1.725241
0.928588 0.000012 0.000008 0.000006 0.000000 0.063719 0.007666 1.725243
0.928590 0.000012 0.000007 0.000006 0.000001 0.063719 0.007666 1.725243
0.928591 0.000011 0.000007 0.000007 0.000001 0.063717 0.007666 1.725245
0.928589 0.000013 0.000008 0.000006 0.000001 0.063717 0.007666 1.725246
0.928592 0.000013 0.000009 0.000005 0.000001 0.063715 0.007666 1.725247
0.928592 0.000013 0.000010 0.000006 0.000001 0.063712 0.007666 1.725249
0.928591 0.000015 0.000010 0.000006 0.000001 0.063711 0.007666 1.725250
0.928592 0.000014 0.000011 0.000005 0.000001 0.063711 0.007666 1.725251
0.928594 0.000014 0.000011 0.000006 0.000001 0.063708 0.007666 1.725252
0.928593 0.000014 0.000011 0.000006 0.000001 0.063709 0.007666 1.725254
0.928594 0.000014 0.000011 0.000006 0.000001 0.063708 0.007666 1.725255
0.928594 0.000014 0.000011 0.000006 0.000001 0.063708 0.007666 1.725256
0.928595 0.000014 0.000012 0.000007 0.000001 0.063706 0.007666 1.725258
0.928597 0.000014 0.000010 0.000007 0.000001 0.063706 0.007666 1.725259
0.928598 0.000012 0.000011 0.000006 0.000001 0.063706 0.007666 1.725260
0.928599 0.000012 0.000010 0.000006 0.000000 0.063707 0.007667 1.725261
0.928598 0.000012 0.000011 0.000005 0.000000 0.063707 0.007667 1.725261
0.928598 0.000013 0.000011 0.000005 0.000000 0.063706 0.007667 1.725262
0.928599 0.000013 0.000011 0.000005 0.000000 0.063705 0.007667 1.725263
0.928598 0.000013 0.000012 0.000005 0.000000 0.063705 0.007667 1.725264
0.928600 0.000012 0.000012 0.000006 0.000000 0.063703 0.007667 1.725265
0.928602 0.000012 0.000011 0.000006 0.000000 0.063702 0.007667 1.725266
0.928602 0.000012 0.000012 0.000006 0.000000 0.063702 0.007667 1.725267
0.928602 0.000010 0.000010 0.000006 0.000000 0.063704 0.007667 1.725269
0.928599 0.000012 0.000011 0.000006 0.000000 0.063705 0.007667 1.725271
0.928600 0.000012 0.000009 0.000006 0.000000 0.063706 0.007667 1.725272
0.928601 0.000010 0.000010 0.000006 0.000000 0.063706 0.007667 1.725274
0.928600 0.000012 0.000010 0.000006 0.000000 0.063706 0.007667 1.725275
0.928602 0.000012 0.000010 0.000006 0.000000 0.063704 0.007667 1.725275
0.928604 0.000012 0.000010 0.000006 0.000000 0.063702 0.007667 1.725276
0.928605 0.000011 0.000011 0.000006 0.000000 0.063701 0.007667 1.725277
0.928605 0.000012 0.000011 0.000005 0.000000 0.063702 0.007667 1.725278
0.928604 0.000010 0.000012 0.000005 0.000000 0.063703 0.007667 1.725281
0.928605 0.000010 0.000012 0.000005 0.000000 0.063702 0.007667 1.725282
0.928606 0.000010 0.000011 0.000005 0.000000 0.063702 0.007667 1.725282
0.928607 0.000011 0.000011 0.000004 0.000000 0.063700 0.007667 1.725282
0.928607 0.000012 0.000009 0.000005 0.000000 0.063701 0.007667 1.725283
0.928607 0.000012 0.000010 0.000005 0.000000 0.063700 0.007667 1.725284
0.928606 0.000012 0.000009 0.000006 0.000000 0.063700 0.007667 1.725286
0.928606 0.000012 0.000010 0.000006 0.000000 0.063699 0.007667 1.725287
0.928604 0.000015 0.000009 0.000006 0.000000 0.063699 0.007667 1.725287
0.928604 0.000014 0.000010 0.000006 0.000000 0.063698 0.007667 1.725289
0.928604 0.000014 0.000011 0.000007 0.000000 0.063698 0.007667 1.725291
0.928602 0.000014 0.000012 0.000006 0.000000 0.063698 0.007667 1.725293
0.928602 0.000016 0.000009 0.000006 0.000000 0.063699 0.007667 1.725293
0.928601 0.000018 0.000008 0.000006 0.000000 0.063700 0.007667 1.725293
0.928602 0.000017 0.000008 0.000006 0.000000 0.063699 0.007667 1.725294
0.928602 0.000017 0.000009 0.000006 0.000000 0.063699 0.007667 1.725296
0.928602 0.000017 0.000008 0.000006 0.000000 0.063700 0.007667 1.725296
0.928601 0.000016 0.000008 0.000004 0.000000 0.063703 0.007667 1.725297
0.928601 0.000017 0.000009 0.000004 0.000000 0.063701 0.007667 1.725298
0.928603 0.000017 0.000008 0.000005 0.000000 0.063700 0.007667 1.725299
0.928603 0.000017 0.000009 0.000005 0.000000 0.063699 0.007667 1.725300
0.928604 0.000016 0.000008 0.000005 0.000000 0.063700 0.007667 1.725301
0.928603 0.000017 0.000008 0.000004 0.000000 0.063701 0.007667 1.725303
0.928600 0.000019 0.000009 0.000003 0.000000 0.063701 0.007667 1.725304
0.928601 0.000019 0.000009 0.000003 0.000000 0.063700 0.007667 1.725305
0.928601 0.000017 0.000008 0.000005 0.000000 0.063701 0.007667 1.725307
0.928601 0.000017 0.000009 0.000005 0.000000 0.063700 0.007667 1.725309
0.928601 0.000016 0.000009 0.000005 0.000000 0.063702 0.007667 1.725311
0.928600 0.000017 0.000009 0.000005 0.000000 0.063702 0.007667 1.725311
0.928599 0.000018 0.000008 0.000005 0.000000 0.063702 0.007667 1.725311
0.928598 0.000018 0.000006 0.000006 0.000000 0.063704 0.007667 1.725312
0.928599 0.000017 0.000006 0.000006 0.000000 0.063705 0.007667 1.725314
0.928599 0.000016 0.000006 0.000005 0.000000 0.063707 0.007667 1.725315
0.928599 0.000015 0.000007 0.000006 0.000000 0.063706 0.007667 1.725317
0.928598 0.000016 0.000008 0.000006 0.000000 0.063705 0.007667 1.725318
0.928599 0.000014 0.000008 0.000006 0.000001 0.063705 0.007667 1.725319
0.928598 0.000014 0.000009 0.000006 0.000001 0.063704 0.007667 1.725321
0.928599 0.000012 0.000008 0.000008 0.000001 0.063705 0.007667 1.725323
0.928599 0.000011 0.000010 0.000008 0.000001 0.063705 0.007667 1.725325
0.928600 0.000010 0.000011 0.000008 0.000001 0.063704 0.007667 1.725327
0.928601 0.000010 0.000010 0.000008 0.000001 0.063703 0.007667 1.725327
0.928602 0.000010 0.000010 0.000008 0.000001 0.063702 0.007667 1.725327
0.928602 0.000008 0.000010 0.000008 0.000001 0.063704 0.007667 1.725330
0.928602 0.000008 0.000011 0.000008 0.000001 0.063704 0.007667 1.725331
0.928603 0.000006 0.000011 0.000008 0.000001 0.063703 0.007667 1.725332
0.928603 0.000005 0.000010 0.000008 0.000001 0.063705 0.007667 1.725334
0.928604 0.000005 0.000011 0.000008 0.000001 0.063704 0.007667 1.725334
0.928605 0.000005 0.000010 0.000008 0.000001 0.063703 0.007667 1.725334
0.928606 0.000005 0.000009 0.000007 0.000002 0.063704 0.007667 1.725335
0.928605 0.000007 0.000008 0.000007 0.000002 0.063704 0.007667 1.725335
0.928605 0.000006 0.000008 0.000006 0.000002 0.063705 0.007667 1.725335
0.928606 0.000006 0.000008 0.000006 0.000002 0.063704 0.007667 1.725335
0.928607 0.000006 0.000008 0.000006 0.000002 0.063704 0.007667 1.725336
0.928608 0.000005 0.000008 0.000006 0.000002 0.063703 0.007668 1.725337
0.928611 0.000005 0.000008 0.000006 0.000002 0.063701 0.007668 1.725338
0.928611 0.000003 0.000009 0.000007 0.000002 0.063700 0.007668 1.725339
0.928612 0.000004 0.000008 0.000006 0.000002 0.063702 0.007668 1.725339
0.928613 0.000003 0.000008 0.000006 0.000002 0.063702 0.007668 1.725341
0.928613 0.000003 0.000008 0.000005 0.000002 0.063703 0.007668 1.725341
0.928613 0.000003 0.000008 0.000004 0.000002 0.063703 0.007668 1.725341
0.928612 0.000005 0.000007 0.000004 0.000002 0.063704 0.007668 1.725341
0.928613 0.000006 0.000006 0.000004 0.000002 0.063702 0.007668 1.725341
0.928614 0.000005 0.000006 0.000005 0.000002 0.063702 0.007668 1.725342
0.928615 0.000005 0.000006 0.000005 0.000002 0.063701 0.007668 1.725343
0.928615 0.000005 0.000006 0.000005 0.000002 0.063701 0.007668 1.725344
0.928616 0.000003 0.000006 0.000005 0.000002 0.063701 0.007668 1.725345
0.928615 0.000004 0.000006 0.000003 0.000002 0.063704 0.007668 1.725346
0.928618 0.000004 0.000005 0.000003 0.000002 0.063701 0.007668 1.725346
0.928621 0.000004 0.000005 0.000001 0.000002 0.063700 0.007668 1.725346
0.928621 0.000005 0.000005 0.000000 0.000002 0.063700 0.007668 1.725346
0.928621 0.000006 0.000005 0.000000 0.000002 0.063700 0.007668 1.725346
0.928622 0.000006 0.000005 0.000000 0.000002 0.063699 0.007668 1.725347
0.928623 0.000006 0.000004 0.000000 0.000002 0.063698 0.007668 1.725347
0.928623 0.000006 0.000003 0.000000 0.000002 0.063698 0.007668 1.725347
0.928624 0.000005 0.000004 0.000001 0.000002 0.063697 0.007668 1.725348
0.928626 0.000004 0.000004 0.000002 0.000002 0.063696 0.007668 1.725348
0.928626 0.000004 0.000004 0.000002 0.000002 0.063695 0.007668 1.725349
0.928626 0.000004 0.000005 0.000002 0.000002 0.063695 0.007668 1.725349
0.928626 0.000003 0.000005 0.000002 0.000002 0.063695 0.007668 1.725350
0.928628 0.000003 0.000005 0.000003 0.000002 0.063693 0.007668 1.725351
0.928629 0.000003 0.000005 0.000003 0.000002 0.063692 0.007668 1.725351
0.928630 0.000003 0.000005 0.000003 0.000002 0.063691 0.007668 1.725351
0.928631 0.000002 0.000005 0.000003 0.000002 0.063691 0.007668 1.725352
0.928632 0.000001 0.000005 0.000003 0.000002 0.063689 0.007668 1.725352
0.928632 0.000002 0.000005 0.000003 0.000002 0.063689 0.007668 1.725352
0.928631 0.000003 0.000005 0.000003 0.000002 0.063689 0.007668 1.725352
0.928632 0.000003 0.000005 0.000002 0.000002 0.063689 0.007668 1.725352
0.928633 0.000003 0.000005 0.000002 0.000002 0.063688 0.007668 1.725352
0.928634 0.000003 0.000005 0.000002 0.000002 0.063688 0.007668 1.725352
0.928634 0.000003 0.000003 0.000002 0.000002 0.063689 0.007668 1.725352
0.928634 0.000003 0.000003 0.000002 0.000002 0.063690 0.007668 1.725352
0.928635 0.000003 0.000003 0.000002 0.000002 0.063689 0.007668 1.725353
0.928635 0.000003 0.000003 0.000002 0.000001 0.063689 0.007668 1.725353
0.928635 0.000002 0.000003 0.000002 0.000001 0.063689 0.007668 1.725354
0.928636 0.000002 0.000003 0.000002 0.000001 0.063689 0.007668 1.725354
0.928636 0.000002 0.000003 0.000002 0.000001 0.063688 0.007668 1.725355
0.928636 0.000001 0.000003 0.000002 0.000001 0.063689 0.007668 1.725355
0.928637 0.000001 0.000003 0.000002 0.000001 0.063688 0.007668 1.725355
0.928637 0.000001 0.000004 0.000002 0.000001 0.063687 0.007668 1.725356
