0.347661 0.061862 0.055578 0.031938 0.002097 0.494791 0.006074 1.619701
0.349807 0.059925 0.055546 0.031749 0.002110 0.494764 0.006098 1.625683
0.352446 0.057659 0.055396 0.031542 0.002121 0.494708 0.006128 1.631454
0.355540 0.055304 0.055079 0.031251 0.002118 0.494558 0.006150 1.636951
0.358846 0.052800 0.054435 0.030968 0.002134 0.494642 0.006176 1.642257
0.362378 0.050434 0.053809 0.030522 0.002144 0.494513 0.006200 1.647294
0.366061 0.048173 0.053046 0.030080 0.002129 0.494289 0.006223 1.652043
0.369996 0.045898 0.052242 0.029502 0.002110 0.493995 0.006258 1.656605
0.373933 0.043782 0.051348 0.029006 0.002103 0.493544 0.006284 1.660976
0.377925 0.041655 0.050549 0.028455 0.002083 0.493022 0.006310 1.665251
0.382127 0.039687 0.049496 0.027875 0.002082 0.492401 0.006329 1.669230
0.386376 0.037752 0.048435 0.027269 0.002076 0.491730 0.006362 1.673045
0.390625 0.035944 0.047315 0.026623 0.002075 0.491030 0.006388 1.676688
0.394975 0.034247 0.046208 0.026018 0.002064 0.490070 0.006417 1.680156
0.399338 0.032806 0.045017 0.025318 0.002058 0.489017 0.006446 1.683379
0.403772 0.031332 0.043927 0.024644 0.002051 0.487806 0.006468 1.686507
0.408181 0.029899 0.042794 0.023973 0.002045 0.486616 0.006493 1.689526
0.412682 0.028475 0.041679 0.023357 0.002018 0.485268 0.006521 1.692462
0.417280 0.027264 0.040483 0.022629 0.001995 0.483800 0.006548 1.695127
0.421887 0.026096 0.039317 0.021933 0.001956 0.482233 0.006578 1.697747
0.426568 0.024988 0.038217 0.021290 0.001939 0.480392 0.006606 1.700258
0.431215 0.023924 0.037034 0.020653 0.001921 0.478623 0.006630 1.702648
0.436015 0.022955 0.035860 0.020014 0.001912 0.476592 0.006653 1.704934
0.440727 0.021949 0.034867 0.019401 0.001886 0.474489 0.006682 1.707173
0.445395 0.021043 0.033842 0.018759 0.001868 0.472391 0.006701 1.709253
0.449964 0.020266 0.032780 0.018101 0.001841 0.470317 0.006730 1.711273
0.454589 0.019487 0.031708 0.017547 0.001820 0.468095 0.006754 1.713246
0.459403 0.018766 0.030670 0.016914 0.001802 0.465664 0.006781 1.715085
0.464097 0.018028 0.029720 0.016382 0.001778 0.463193 0.006802 1.716953
0.468765 0.017413 0.028762 0.015863 0.001763 0.460607 0.006826 1.718656
0.473385 0.016783 0.027885 0.015305 0.001742 0.458054 0.006846 1.720360
0.478055 0.016192 0.026938 0.014802 0.001719 0.455428 0.006865 1.721973
0.482689 0.015646 0.026129 0.014262 0.001700 0.452679 0.006895 1.723541
0.487441 0.015141 0.025237 0.013758 0.001677 0.449822 0.006924 1.725025
0.492032 0.014632 0.024416 0.013289 0.001655 0.447033 0.006942 1.726496
0.496672 0.014163 0.023636 0.012838 0.001629 0.444097 0.006965 1.727913
0.501301 0.013659 0.022897 0.012455 0.001582 0.441116 0.006990 1.729313
0.505821 0.013229 0.022180 0.012036 0.001552 0.438168 0.007015 1.730649
0.510391 0.012871 0.021440 0.011644 0.001517 0.435094 0.007042 1.731914
0.514948 0.012537 0.020773 0.011242 0.001490 0.431952 0.007057 1.733132
0.519609 0.012126 0.020105 0.010840 0.001468 0.428784 0.007069 1.734338
0.524105 0.011784 0.019440 0.010484 0.001446 0.425659 0.007083 1.735517
0.528599 0.011486 0.018753 0.010144 0.001412 0.422501 0.007105 1.736625
0.533090 0.011193 0.018163 0.009846 0.001383 0.419204 0.007122 1.737751
0.537433 0.010910 0.017569 0.009523 0.001365 0.416060 0.007140 1.738810
0.541795 0.010629 0.017079 0.009224 0.001341 0.412779 0.007155 1.739874
0.546180 0.010391 0.016556 0.008934 0.001314 0.409455 0.007170 1.740874
0.550509 0.010150 0.016076 0.008686 0.001276 0.406111 0.007190 1.741883
0.554810 0.009947 0.015576 0.008395 0.001249 0.402811 0.007212 1.742864
0.559076 0.009665 0.015137 0.008136 0.001217 0.399542 0.007227 1.743852
0.563321 0.009453 0.014712 0.007896 0.001192 0.396184 0.007242 1.744804
0.567527 0.009228 0.014315 0.007646 0.001167 0.392852 0.007264 1.745727
0.571726 0.009064 0.013868 0.007403 0.001150 0.389513 0.007278 1.746597
0.575852 0.008860 0.013477 0.007181 0.001123 0.386217 0.007291 1.747482
0.580005 0.008683 0.013113 0.006974 0.001093 0.382821 0.007311 1.748354
0.584093 0.008491 0.012763 0.006767 0.001073 0.379495 0.007319 1.749189
0.588108 0.008340 0.012405 0.006571 0.001055 0.376191 0.007331 1.749999
0.592155 0.008204 0.012075 0.006402 0.001028 0.372791 0.007344 1.750814
0.596124 0.008085 0.011749 0.006234 0.001003 0.369453 0.007353 1.751588
0.600195 0.007938 0.011426 0.006059 0.000984 0.366032 0.007367 1.752361
0.604125 0.007836 0.011085 0.005863 0.000960 0.362749 0.007382 1.753101
0.607935 0.007742 0.010758 0.005692 0.000932 0.359544 0.007397 1.753824
0.611786 0.007637 0.010468 0.005543 0.000914 0.356243 0.007410 1.754551
0.615525 0.007494 0.010224 0.005412 0.000893 0.353035 0.007419 1.755310
0.619279 0.007373 0.009971 0.005304 0.000870 0.349771 0.007433 1.756032
0.623062 0.007249 0.009739 0.005186 0.000858 0.346466 0.007441 1.756770
0.626770 0.007161 0.009480 0.005068 0.000830 0.343237 0.007454 1.757446
0.630425 0.007075 0.009264 0.004944 0.000813 0.340016 0.007464 1.758152
0.634066 0.006990 0.009056 0.004841 0.000803 0.336772 0.007472 1.758849
0.637699 0.006915 0.008842 0.004750 0.000788 0.333523 0.007485 1.759505
0.641245 0.006807 0.008654 0.004656 0.000766 0.330374 0.007498 1.760167
0.644857 0.006709 0.008468 0.004576 0.000750 0.327131 0.007509 1.760826
0.648334 0.006640 0.008308 0.004497 0.000726 0.323972 0.007524 1.761478
0.651844 0.006559 0.008166 0.004411 0.000711 0.320777 0.007532 1.762148
0.655255 0.006481 0.008024 0.004304 0.000690 0.317702 0.007545 1.762782
0.658654 0.006424 0.007869 0.004225 0.000671 0.314603 0.007555 1.763398
0.662018 0.006298 0.007755 0.004144 0.000659 0.311564 0.007562 1.764050
0.665247 0.006245 0.007608 0.004074 0.000642 0.308616 0.007570 1.764670
0.668566 0.006169 0.007480 0.004002 0.000621 0.305585 0.007579 1.765292
0.671792 0.006137 0.007375 0.003902 0.000605 0.302600 0.007589 1.765882
0.675049 0.006084 0.007224 0.003839 0.000593 0.299614 0.007597 1.766481
0.678254 0.006042 0.007121 0.003779 0.000588 0.296610 0.007606 1.767086
0.681445 0.006033 0.006989 0.003724 0.000578 0.293620 0.007613 1.767680
0.684514 0.006025 0.006869 0.003652 0.000568 0.290750 0.007622 1.768259
0.687626 0.005994 0.006747 0.003601 0.000557 0.287849 0.007628 1.768805
0.690738 0.005971 0.006621 0.003542 0.000540 0.284953 0.007637 1.769378
0.693745 0.005931 0.006541 0.003510 0.000521 0.282109 0.007644 1.769971
0.696759 0.005892 0.006424 0.003435 0.000509 0.279326 0.007656 1.770531
0.699696 0.005874 0.006341 0.003384 0.000503 0.276540 0.007663 1.771106
0.702513 0.005850 0.006254 0.003347 0.000491 0.273877 0.007668 1.771685
0.705374 0.005807 0.006148 0.003304 0.000480 0.271214 0.007674 1.772242
0.708222 0.005776 0.006065 0.003237 0.000471 0.268548 0.007682 1.772798
0.711018 0.005745 0.005983 0.003214 0.000457 0.265892 0.007690 1.773362
0.713733 0.005746 0.005924 0.003164 0.000456 0.263285 0.007694 1.773912
0.716468 0.005732 0.005870 0.003116 0.000444 0.260667 0.007702 1.774460
0.719173 0.005714 0.005829 0.003094 0.000437 0.258043 0.007712 1.775012
0.721871 0.005671 0.005784 0.003025 0.000432 0.255498 0.007720 1.775567
0.724507 0.005649 0.005764 0.003019 0.000423 0.252914 0.007725 1.776132
0.727100 0.005631 0.005706 0.002991 0.000411 0.250432 0.007730 1.776686
0.729681 0.005574 0.005668 0.002977 0.000398 0.247965 0.007738 1.777242
0.732314 0.005519 0.005649 0.002939 0.000390 0.245447 0.007743 1.777806
0.734904 0.005515 0.005584 0.002910 0.000383 0.242954 0.007749 1.778337
0.737376 0.005497 0.005531 0.002909 0.000376 0.240557 0.007754 1.778890
0.739879 0.005475 0.005502 0.002895 0.000366 0.238123 0.007760 1.779439
0.742301 0.005450 0.005476 0.002885 0.000361 0.235763 0.007765 1.779982
0.744679 0.005463 0.005440 0.002847 0.000350 0.233451 0.007771 1.780514
0.747053 0.005471 0.005397 0.002825 0.000340 0.231140 0.007775 1.781060
0.749414 0.005492 0.005356 0.002804 0.000332 0.228822 0.007781 1.781571
0.751771 0.005490 0.005330 0.002788 0.000331 0.226505 0.007784 1.782107
0.754028 0.005478 0.005297 0.002774 0.000323 0.224308 0.007792 1.782639
0.756299 0.005509 0.005246 0.002764 0.000315 0.222069 0.007800 1.783173
0.758580 0.005513 0.005223 0.002762 0.000311 0.219808 0.007803 1.783717
0.760817 0.005516 0.005197 0.002749 0.000304 0.217613 0.007805 1.784249
0.762979 0.005529 0.005176 0.002717 0.000298 0.215490 0.007812 1.784780
0.765142 0.005521 0.005152 0.002712 0.000299 0.213359 0.007816 1.785332
0.767223 0.005536 0.005142 0.002696 0.000291 0.211291 0.007821 1.785880
0.769309 0.005517 0.005149 0.002697 0.000284 0.209218 0.007826 1.786438
0.771322 0.005553 0.005125 0.002709 0.000279 0.207181 0.007831 1.786971
0.773356 0.005564 0.005092 0.002721 0.000274 0.205160 0.007833 1.787508
0.775367 0.005595 0.005082 0.002722 0.000268 0.203128 0.007840 1.788047
0.777348 0.005605 0.005059 0.002720 0.000262 0.201163 0.007843 1.788583
0.779305 0.005616 0.005059 0.002688 0.000258 0.199225 0.007849 1.789141
0.781200 0.005647 0.005073 0.002685 0.000249 0.197292 0.007854 1.789692
0.783089 0.005659 0.005051 0.002677 0.000248 0.195419 0.007857 1.790259
0.784895 0.005692 0.005049 0.002675 0.000250 0.193579 0.007860 1.790807
0.786763 0.005711 0.005049 0.002671 0.000247 0.191694 0.007866 1.791349
0.788575 0.005717 0.005066 0.002701 0.000248 0.189826 0.007868 1.791935
0.790369 0.005718 0.005091 0.002711 0.000249 0.187991 0.007871 1.792515
0.792135 0.005756 0.005113 0.002722 0.000246 0.186154 0.007876 1.793086
0.793781 0.005818 0.005128 0.002710 0.000247 0.184437 0.007879 1.793645
0.795536 0.005853 0.005105 0.002703 0.000243 0.182679 0.007881 1.794205
0.797225 0.005915 0.005086 0.002711 0.000244 0.180934 0.007883 1.794745
0.798815 0.005964 0.005107 0.002733 0.000238 0.179257 0.007887 1.795313
0.800445 0.005964 0.005164 0.002741 0.000236 0.177562 0.007889 1.795930
0.802027 0.006060 0.005147 0.002735 0.000232 0.175907 0.007894 1.796482
0.803640 0.006080 0.005170 0.002766 0.000228 0.174219 0.007898 1.797074
0.805145 0.006124 0.005208 0.002763 0.000223 0.172634 0.007903 1.797678
0.806710 0.006134 0.005241 0.002782 0.000219 0.171007 0.007907 1.798292
0.808232 0.006162 0.005252 0.002762 0.000218 0.169463 0.007910 1.798879
0.809608 0.006245 0.005232 0.002781 0.000218 0.168003 0.007913 1.799502
0.810987 0.006288 0.005283 0.002801 0.000218 0.166506 0.007918 1.800132
0.812397 0.006338 0.005304 0.002816 0.000220 0.165005 0.007922 1.800751
0.813751 0.006389 0.005359 0.002806 0.000213 0.163557 0.007926 1.801388
0.815101 0.006395 0.005408 0.002834 0.000209 0.162125 0.007929 1.802037
0.816392 0.006456 0.005430 0.002859 0.000207 0.160725 0.007932 1.802681
0.817718 0.006506 0.005460 0.002878 0.000203 0.159300 0.007935 1.803326
0.819108 0.006514 0.005469 0.002902 0.000202 0.157868 0.007937 1.803955
0.820388 0.006562 0.005497 0.002915 0.000202 0.156495 0.007942 1.804607
0.821602 0.006596 0.005548 0.002938 0.000202 0.155170 0.007944 1.805270
0.822859 0.006654 0.005559 0.002932 0.000199 0.153850 0.007949 1.805899
0.824069 0.006690 0.005592 0.002961 0.000198 0.152538 0.007954 1.806560
0.825242 0.006748 0.005646 0.002955 0.000197 0.151256 0.007956 1.807227
0.826373 0.006806 0.005638 0.002990 0.000198 0.150038 0.007958 1.807879
0.827500 0.006886 0.005652 0.003017 0.000198 0.148786 0.007961 1.808540
0.828623 0.006853 0.005727 0.003068 0.000200 0.147565 0.007964 1.809279
0.829750 0.006876 0.005743 0.003074 0.000197 0.146392 0.007967 1.809953
0.830881 0.006957 0.005760 0.003068 0.000198 0.145167 0.007969 1.810599
0.831944 0.007022 0.005799 0.003087 0.000192 0.143982 0.007974 1.811288
0.832921 0.007085 0.005845 0.003109 0.000195 0.142869 0.007976 1.811988
0.833975 0.007155 0.005886 0.003128 0.000199 0.141679 0.007979 1.812679
0.834943 0.007210 0.005887 0.003183 0.000200 0.140595 0.007982 1.813386
0.835928 0.007261 0.005922 0.003185 0.000197 0.139523 0.007985 1.814091
0.836838 0.007325 0.005954 0.003195 0.000193 0.138505 0.007989 1.814819
0.837764 0.007400 0.006006 0.003212 0.000196 0.137432 0.007991 1.815533
0.838612 0.007451 0.006066 0.003248 0.000200 0.136430 0.007994 1.816310
0.839460 0.007530 0.006109 0.003268 0.000201 0.135436 0.007996 1.817033
0.840365 0.007611 0.006147 0.003293 0.000199 0.134387 0.007998 1.817769
0.841251 0.007697 0.006142 0.003318 0.000198 0.133395 0.008000 1.818490
0.842065 0.007771 0.006238 0.003351 0.000196 0.132376 0.008002 1.819256
0.842850 0.007827 0.006315 0.003421 0.000201 0.131381 0.008005 1.820047
0.843653 0.007889 0.006420 0.003438 0.000203 0.130390 0.008006 1.820824
0.844464 0.007932 0.006489 0.003462 0.000209 0.129434 0.008010 1.821615
0.845240 0.007991 0.006509 0.003505 0.000206 0.128536 0.008013 1.822398
0.846004 0.008034 0.006567 0.003540 0.000208 0.127633 0.008015 1.823201
0.846628 0.008199 0.006604 0.003531 0.000210 0.126812 0.008017 1.823972
0.847344 0.008287 0.006639 0.003557 0.000212 0.125945 0.008018 1.824747
0.848045 0.008348 0.006713 0.003580 0.000217 0.125078 0.008020 1.825562
0.848752 0.008400 0.006768 0.003606 0.000221 0.124230 0.008022 1.826373
0.849405 0.008484 0.006840 0.003597 0.000219 0.123431 0.008025 1.827191
0.849985 0.008529 0.006912 0.003619 0.000218 0.122710 0.008027 1.828064
0.850573 0.008637 0.006983 0.003654 0.000219 0.121908 0.008028 1.828911
0.851158 0.008690 0.007034 0.003687 0.000221 0.121182 0.008029 1.829769
0.851772 0.008783 0.007087 0.003718 0.000221 0.120387 0.008032 1.830611
0.852369 0.008862 0.007099 0.003758 0.000220 0.119659 0.008034 1.831454
0.852909 0.008945 0.007159 0.003777 0.000220 0.118951 0.008039 1.832307
0.853476 0.009007 0.007185 0.003831 0.000223 0.118237 0.008041 1.833193
0.854012 0.009043 0.007249 0.003892 0.000228 0.117532 0.008044 1.834095
0.854499 0.009116 0.007307 0.003926 0.000230 0.116874 0.008048 1.835009
0.854969 0.009181 0.007373 0.003958 0.000236 0.116234 0.008049 1.835945
0.855398 0.009310 0.007424 0.003984 0.000237 0.115598 0.008050 1.836827
0.855856 0.009387 0.007480 0.004020 0.000242 0.114962 0.008053 1.837724
0.856339 0.009453 0.007536 0.004049 0.000239 0.114327 0.008056 1.838654
0.856733 0.009558 0.007612 0.004085 0.000238 0.113715 0.008059 1.839570
0.857147 0.009549 0.007740 0.004135 0.000240 0.113130 0.008060 1.840568
0.857520 0.009623 0.007792 0.004169 0.000236 0.112597 0.008063 1.841522
0.857915 0.009739 0.007823 0.004214 0.000236 0.112007 0.008066 1.842453
0.858254 0.009864 0.007867 0.004277 0.000238 0.111432 0.008068 1.843392
0.858586 0.009951 0.007956 0.004299 0.000243 0.110895 0.008070 1.844376
0.858906 0.010078 0.008034 0.004299 0.000245 0.110364 0.008074 1.845341
0.859245 0.010149 0.008096 0.004320 0.000245 0.109868 0.008077 1.846337
0.859469 0.010225 0.008187 0.004345 0.000247 0.109446 0.008082 1.847383
0.859707 0.010357 0.008248 0.004353 0.000254 0.108994 0.008087 1.848374
0.859950 0.010495 0.008311 0.004394 0.000258 0.108502 0.008090 1.849376
0.860158 0.010629 0.008408 0.004407 0.000260 0.108044 0.008094 1.850405
0.860357 0.010728 0.008512 0.004460 0.000263 0.107581 0.008098 1.851469
0.860542 0.010819 0.008616 0.004505 0.000264 0.107155 0.008100 1.852534
0.860684 0.010955 0.008668 0.004528 0.000276 0.106787 0.008102 1.853563
0.860899 0.011072 0.008747 0.004576 0.000278 0.106321 0.008106 1.854644
0.861078 0.011150 0.008830 0.004613 0.000281 0.105937 0.008110 1.855731
0.861278 0.011235 0.008932 0.004648 0.000282 0.105513 0.008114 1.856820
0.861440 0.011291 0.009047 0.004698 0.000283 0.105124 0.008117 1.857950
0.861521 0.011403 0.009115 0.004743 0.000284 0.104814 0.008120 1.859086
0.861607 0.011486 0.009175 0.004802 0.000286 0.104521 0.008123 1.860201
0.861643 0.011588 0.009261 0.004824 0.000291 0.104266 0.008128 1.861323
0.861665 0.011700 0.009349 0.004866 0.000292 0.103995 0.008133 1.862468
0.861686 0.011845 0.009389 0.004921 0.000293 0.103729 0.008136 1.863622
0.861731 0.011949 0.009450 0.004979 0.000296 0.103455 0.008140 1.864763
0.861718 0.012054 0.009547 0.005013 0.000299 0.103225 0.008145 1.865931
0.861684 0.012165 0.009600 0.005055 0.000301 0.103046 0.008149 1.867113
0.861622 0.012331 0.009701 0.005084 0.000302 0.102806 0.008154 1.868278
0.861546 0.012433 0.009814 0.005134 0.000307 0.102608 0.008157 1.869489
0.861423 0.012565 0.009906 0.005212 0.000312 0.102421 0.008161 1.870745
0.861346 0.012631 0.010009 0.005252 0.000315 0.102283 0.008164 1.872019
0.861238 0.012729 0.010080 0.005332 0.000318 0.102136 0.008166 1.873273
0.861170 0.012798 0.010176 0.005375 0.000322 0.101990 0.008168 1.874542
0.861088 0.012906 0.010250 0.005443 0.000327 0.101814 0.008171 1.875810
0.861008 0.013025 0.010351 0.005509 0.000329 0.101604 0.008173 1.877067
0.860879 0.013103 0.010432 0.005566 0.000328 0.101514 0.008179 1.878366
0.860717 0.013246 0.010506 0.005627 0.000331 0.101388 0.008184 1.879648
0.860580 0.013408 0.010594 0.005650 0.000335 0.101245 0.008187 1.880915
0.860429 0.013488 0.010723 0.005709 0.000342 0.101118 0.008192 1.882269
0.860282 0.013576 0.010819 0.005753 0.000342 0.101033 0.008196 1.883591
0.860182 0.013636 0.010917 0.005785 0.000350 0.100931 0.008199 1.884920
0.860044 0.013673 0.011028 0.005840 0.000353 0.100858 0.008203 1.886266
0.859834 0.013774 0.011093 0.005921 0.000359 0.100813 0.008205 1.887626
0.859628 0.013907 0.011168 0.005945 0.000360 0.100779 0.008213 1.888987
0.859427 0.013986 0.011246 0.006003 0.000356 0.100765 0.008216 1.890346
0.859159 0.014095 0.011324 0.006043 0.000358 0.100800 0.008221 1.891707
0.858908 0.014201 0.011374 0.006092 0.000354 0.100843 0.008227 1.893080
0.858619 0.014352 0.011482 0.006117 0.000362 0.100835 0.008231 1.894470
0.858378 0.014439 0.011565 0.006163 0.000362 0.100857 0.008236 1.895899
0.858096 0.014529 0.011662 0.006220 0.000363 0.100888 0.008241 1.897318
0.857871 0.014583 0.011755 0.006238 0.000361 0.100945 0.008245 1.898735
0.857649 0.014623 0.011888 0.006288 0.000365 0.100934 0.008252 1.900167
0.857384 0.014687 0.011961 0.006342 0.000365 0.101005 0.008256 1.901609
0.857034 0.014833 0.011970 0.006381 0.000368 0.101152 0.008262 1.903027
0.856777 0.014906 0.012038 0.006457 0.000365 0.101188 0.008270 1.904464
0.856484 0.014988 0.012150 0.006468 0.000368 0.101266 0.008275 1.905915
0.856219 0.014997 0.012216 0.006523 0.000366 0.101399 0.008280 1.907377
0.855867 0.015177 0.012263 0.006567 0.000365 0.101474 0.008285 1.908802
0.855517 0.015269 0.012345 0.006613 0.000369 0.101595 0.008291 1.910302
0.855201 0.015334 0.012409 0.006680 0.000370 0.101709 0.008297 1.911809
0.854889 0.015501 0.012438 0.006677 0.000378 0.101816 0.008302 1.913235
0.854604 0.015593 0.012528 0.006716 0.000380 0.101870 0.008309 1.914726
0.854296 0.015668 0.012658 0.006749 0.000385 0.101931 0.008312 1.916250
0.853984 0.015730 0.012785 0.006807 0.000390 0.101987 0.008316 1.917816
0.853680 0.015782 0.012864 0.006907 0.000387 0.102058 0.008321 1.919380
0.853291 0.015927 0.012942 0.006945 0.000390 0.102179 0.008325 1.920887
0.852931 0.016026 0.013075 0.006950 0.000391 0.102298 0.008329 1.922439
0.852574 0.016134 0.013151 0.007004 0.000399 0.102406 0.008333 1.923976
0.852256 0.016159 0.013264 0.007052 0.000403 0.102528 0.008337 1.925573
0.851935 0.016186 0.013372 0.007091 0.000408 0.102664 0.008343 1.927163
0.851509 0.016316 0.013467 0.007109 0.000411 0.102840 0.008347 1.928729
0.851155 0.016429 0.013483 0.007172 0.000414 0.102998 0.008350 1.930265
0.850858 0.016399 0.013595 0.007175 0.000421 0.103194 0.008358 1.931915
0.850455 0.016494 0.013636 0.007186 0.000417 0.103446 0.008366 1.933504
0.850111 0.016530 0.013750 0.007230 0.000419 0.103588 0.008372 1.935130
0.849735 0.016568 0.013836 0.007228 0.000425 0.103833 0.008376 1.936733
0.849332 0.016611 0.013960 0.007266 0.000429 0.104021 0.008382 1.938372
0.848932 0.016656 0.014053 0.007332 0.000432 0.104208 0.008386 1.940030
0.848488 0.016749 0.014162 0.007351 0.000430 0.104426 0.008394 1.941664
0.848099 0.016827 0.014246 0.007388 0.000436 0.104607 0.008397 1.943286
0.847670 0.016930 0.014298 0.007424 0.000436 0.104839 0.008401 1.944917
0.847249 0.016983 0.014348 0.007452 0.000437 0.105123 0.008407 1.946600
0.846766 0.017070 0.014406 0.007524 0.000439 0.105380 0.008416 1.948269
0.846390 0.017136 0.014469 0.007562 0.000441 0.105578 0.008423 1.949933
0.845976 0.017167 0.014513 0.007623 0.000440 0.105852 0.008429 1.951616
0.845618 0.017205 0.014528 0.007661 0.000453 0.106103 0.008433 1.953264
0.845265 0.017248 0.014563 0.007718 0.000462 0.106305 0.008438 1.954935
0.844931 0.017211 0.014675 0.007767 0.000466 0.106504 0.008445 1.956658
0.844610 0.017213 0.014706 0.007780 0.000468 0.106771 0.008450 1.958335
0.844259 0.017236 0.014720 0.007827 0.000465 0.107036 0.008458 1.960019
0.843882 0.017262 0.014819 0.007849 0.000468 0.107257 0.008461 1.961735
0.843552 0.017298 0.014839 0.007851 0.000475 0.107519 0.008466 1.963385
0.843282 0.017284 0.014831 0.007837 0.000478 0.107815 0.008472 1.965027
0.842951 0.017299 0.014863 0.007845 0.000479 0.108083 0.008479 1.966700
0.842681 0.017258 0.014912 0.007864 0.000482 0.108318 0.008484 1.968374
0.842249 0.017292 0.014966 0.007849 0.000486 0.108667 0.008492 1.970077
0.841912 0.017337 0.014954 0.007866 0.000486 0.108947 0.008498 1.971741
0.841587 0.017389 0.014999 0.007885 0.000496 0.109140 0.008504 1.973398
0.841287 0.017375 0.015026 0.007881 0.000496 0.109425 0.008509 1.975088
0.840899 0.017402 0.015093 0.007932 0.000491 0.109663 0.008519 1.976840
0.840552 0.017459 0.015084 0.007934 0.000493 0.109953 0.008525 1.978492
0.840253 0.017498 0.015063 0.007910 0.000490 0.110256 0.008530 1.980133
0.839965 0.017575 0.015042 0.007907 0.000494 0.110481 0.008537 1.981766
0.839681 0.017543 0.015094 0.007893 0.000493 0.110755 0.008543 1.983470
0.839267 0.017565 0.015146 0.007926 0.000494 0.111049 0.008553 1.985219
0.838985 0.017568 0.015170 0.007961 0.000497 0.111256 0.008563 1.986914
0.838660 0.017567 0.015214 0.007979 0.000494 0.111515 0.008570 1.988631
0.838409 0.017542 0.015247 0.008016 0.000498 0.111714 0.008575 1.990324
0.838115 0.017471 0.015283 0.008043 0.000497 0.112011 0.008581 1.992054
0.837813 0.017490 0.015312 0.008047 0.000495 0.112257 0.008586 1.993743
0.837522 0.017493 0.015306 0.008060 0.000500 0.112527 0.008593 1.995415
0.837236 0.017453 0.015352 0.008079 0.000498 0.112783 0.008601 1.997153
0.836925 0.017435 0.015354 0.008130 0.000507 0.113044 0.008606 1.998882
0.836639 0.017407 0.015341 0.008118 0.000509 0.113376 0.008610 2.000575
0.836373 0.017426 0.015364 0.008113 0.000512 0.113595 0.008616 2.002270
0.836097 0.017405 0.015413 0.008122 0.000504 0.113836 0.008623 2.003965
0.835802 0.017413 0.015454 0.008148 0.000501 0.114047 0.008636 2.005692
0.835549 0.017393 0.015482 0.008146 0.000496 0.114291 0.008643 2.007416
0.835249 0.017392 0.015463 0.008172 0.000490 0.114583 0.008651 2.009106
0.835010 0.017436 0.015384 0.008178 0.000485 0.114848 0.008660 2.010750
0.834799 0.017420 0.015328 0.008186 0.000489 0.115114 0.008665 2.012409
0.834599 0.017444 0.015330 0.008161 0.000495 0.115299 0.008672 2.014077
0.834376 0.017412 0.015328 0.008158 0.000491 0.115552 0.008682 2.015770
0.834161 0.017351 0.015347 0.008180 0.000490 0.115781 0.008690 2.017493
0.833948 0.017305 0.015367 0.008186 0.000495 0.116001 0.008698 2.019191
0.833719 0.017316 0.015340 0.008203 0.000494 0.116222 0.008708 2.020868
0.833550 0.017230 0.015398 0.008182 0.000496 0.116434 0.008711 2.022568
0.833390 0.017143 0.015394 0.008207 0.000499 0.116650 0.008718 2.024256
0.833176 0.017145 0.015365 0.008183 0.000506 0.116899 0.008727 2.025915
0.832943 0.017174 0.015359 0.008172 0.000507 0.117108 0.008737 2.027584
0.832712 0.017154 0.015384 0.008136 0.000501 0.117367 0.008744 2.029271
0.832534 0.017087 0.015408 0.008149 0.000505 0.117570 0.008748 2.030969
0.832417 0.016986 0.015427 0.008149 0.000505 0.117766 0.008750 2.032681
0.832276 0.016988 0.015417 0.008116 0.000519 0.117927 0.008758 2.034326
0.832216 0.016904 0.015470 0.008060 0.000529 0.118056 0.008765 2.035982
0.832030 0.016903 0.015426 0.008055 0.000537 0.118280 0.008769 2.037633
0.831881 0.016881 0.015401 0.008025 0.000535 0.118501 0.008776 2.039287
0.831692 0.016869 0.015416 0.008009 0.000537 0.118692 0.008785 2.040957
0.831558 0.016840 0.015425 0.008006 0.000533 0.118847 0.008792 2.042627
0.831446 0.016780 0.015420 0.007984 0.000535 0.119035 0.008800 2.044286
0.831322 0.016726 0.015434 0.007997 0.000539 0.119177 0.008805 2.045977
0.831256 0.016659 0.015423 0.007981 0.000546 0.119325 0.008811 2.047624
0.831109 0.016652 0.015413 0.007972 0.000536 0.119500 0.008819 2.049257
0.830946 0.016628 0.015382 0.007999 0.000533 0.119688 0.008825 2.050920
0.830836 0.016575 0.015376 0.007959 0.000542 0.119879 0.008833 2.052556
0.830710 0.016515 0.015368 0.007974 0.000544 0.120048 0.008842 2.054231
0.830563 0.016507 0.015320 0.007980 0.000548 0.120232 0.008851 2.055853
0.830495 0.016441 0.015289 0.007991 0.000548 0.120376 0.008860 2.057486
0.830434 0.016411 0.015254 0.008007 0.000545 0.120483 0.008866 2.059086
0.830401 0.016346 0.015252 0.007996 0.000552 0.120584 0.008870 2.060711
0.830310 0.016322 0.015215 0.007991 0.000557 0.120728 0.008877 2.062304
0.830193 0.016356 0.015174 0.007927 0.000560 0.120904 0.008886 2.063891
0.830078 0.016336 0.015122 0.007906 0.000559 0.121106 0.008893 2.065507
0.830096 0.016321 0.015060 0.007876 0.000561 0.121185 0.008901 2.067060
0.829959 0.016361 0.014992 0.007864 0.000557 0.121359 0.008908 2.068644
0.829897 0.016282 0.015040 0.007859 0.000556 0.121450 0.008917 2.070299
0.829867 0.016262 0.014987 0.007817 0.000555 0.121586 0.008925 2.071868
0.829854 0.016250 0.014935 0.007777 0.000554 0.121699 0.008932 2.073458
0.829833 0.016220 0.014900 0.007726 0.000556 0.121828 0.008938 2.075022
0.829818 0.016182 0.014843 0.007728 0.000550 0.121937 0.008943 2.076616
0.829771 0.016167 0.014842 0.007694 0.000549 0.122029 0.008949 2.078206
0.829738 0.016087 0.014887 0.007685 0.000549 0.122098 0.008956 2.079834
0.829700 0.016065 0.014913 0.007676 0.000551 0.122131 0.008963 2.081411
0.829680 0.016042 0.014929 0.007645 0.000555 0.122180 0.008970 2.083003
0.829660 0.015988 0.014885 0.007649 0.000555 0.122287 0.008977 2.084587
0.829626 0.015972 0.014910 0.007609 0.000561 0.122340 0.008983 2.086162
0.829572 0.015977 0.014912 0.007559 0.000553 0.122438 0.008990 2.087708
0.829574 0.015893 0.014912 0.007568 0.000549 0.122506 0.008997 2.089315
0.829540 0.015894 0.014860 0.007552 0.000549 0.122603 0.009004 2.090849
0.829564 0.015828 0.014822 0.007535 0.000541 0.122699 0.009011 2.092401
0.829611 0.015799 0.014777 0.007540 0.000543 0.122714 0.009018 2.093959
0.829699 0.015726 0.014748 0.007519 0.000540 0.122744 0.009026 2.095509
0.829729 0.015743 0.014740 0.007489 0.000540 0.122729 0.009032 2.097036
0.829815 0.015688 0.014730 0.007468 0.000538 0.122720 0.009041 2.098573
0.829781 0.015714 0.014670 0.007475 0.000535 0.122776 0.009050 2.100102
0.829855 0.015732 0.014590 0.007478 0.000530 0.122760 0.009057 2.101619
0.829903 0.015681 0.014574 0.007452 0.000520 0.122804 0.009066 2.103151
0.829966 0.015608 0.014583 0.007472 0.000516 0.122784 0.009072 2.104726
0.829931 0.015673 0.014526 0.007454 0.000517 0.122824 0.009075 2.106227
0.829995 0.015682 0.014510 0.007449 0.000523 0.122759 0.009082 2.107733
0.830080 0.015568 0.014500 0.007472 0.000523 0.122769 0.009088 2.109314
0.830137 0.015489 0.014497 0.007481 0.000533 0.122768 0.009095 2.110870
0.830242 0.015412 0.014415 0.007448 0.000531 0.122849 0.009103 2.112363
0.830276 0.015355 0.014383 0.007422 0.000530 0.122929 0.009106 2.113904
0.830268 0.015359 0.014316 0.007412 0.000531 0.123003 0.009111 2.115395
0.830321 0.015374 0.014243 0.007399 0.000531 0.123015 0.009119 2.116856
0.830309 0.015393 0.014214 0.007408 0.000529 0.123021 0.009127 2.118370
0.830383 0.015342 0.014182 0.007402 0.000531 0.123028 0.009133 2.119874
0.830443 0.015331 0.014107 0.007369 0.000530 0.123080 0.009139 2.121340
0.830536 0.015308 0.014122 0.007315 0.000537 0.123038 0.009144 2.122846
0.830622 0.015275 0.014118 0.007279 0.000539 0.123015 0.009153 2.124365
0.830737 0.015240 0.014081 0.007270 0.000543 0.122971 0.009158 2.125844
0.830811 0.015210 0.014076 0.007276 0.000542 0.122919 0.009166 2.127354
0.830890 0.015170 0.014009 0.007280 0.000545 0.122933 0.009174 2.128821
0.830993 0.015089 0.013940 0.007304 0.000534 0.122959 0.009181 2.130325
0.831068 0.015075 0.013899 0.007282 0.000530 0.122959 0.009188 2.131788
0.831120 0.015071 0.013918 0.007249 0.000533 0.122917 0.009193 2.133270
0.831235 0.014987 0.013900 0.007250 0.000536 0.122896 0.009197 2.134768
0.831300 0.014984 0.013876 0.007228 0.000533 0.122873 0.009206 2.136223
0.831436 0.014955 0.013862 0.007196 0.000520 0.122818 0.009215 2.137683
0.831595 0.014893 0.013805 0.007170 0.000511 0.122804 0.009221 2.139125
0.831619 0.014891 0.013812 0.007151 0.000512 0.122790 0.009224 2.140591
0.831721 0.014861 0.013802 0.007130 0.000508 0.122746 0.009232 2.142038
0.831785 0.014849 0.013766 0.007128 0.000510 0.122728 0.009235 2.143505
0.831888 0.014797 0.013735 0.007140 0.000504 0.122693 0.009244 2.144977
0.832029 0.014758 0.013712 0.007113 0.000511 0.122631 0.009248 2.146433
0.832105 0.014755 0.013656 0.007088 0.000512 0.122630 0.009253 2.147853
0.832214 0.014796 0.013593 0.007055 0.000506 0.122574 0.009262 2.149250
0.832281 0.014775 0.013584 0.007055 0.000503 0.122533 0.009270 2.150686
0.832373 0.014750 0.013533 0.007030 0.000494 0.122541 0.009281 2.152131
0.832498 0.014737 0.013487 0.007026 0.000492 0.122474 0.009289 2.153561
0.832627 0.014738 0.013467 0.007001 0.000488 0.122383 0.009296 2.154988
0.832725 0.014724 0.013451 0.007017 0.000491 0.122293 0.009298 2.156412
0.832882 0.014670 0.013461 0.007001 0.000485 0.122192 0.009308 2.157871
0.832983 0.014673 0.013433 0.006981 0.000487 0.122131 0.009313 2.159280
0.833174 0.014565 0.013422 0.007007 0.000493 0.122022 0.009317 2.160747
0.833305 0.014549 0.013415 0.007018 0.000493 0.121897 0.009323 2.162165
0.833398 0.014535 0.013428 0.007016 0.000491 0.121804 0.009328 2.163596
0.833494 0.014541 0.013384 0.007015 0.000483 0.121745 0.009337 2.165038
0.833587 0.014524 0.013354 0.006990 0.000479 0.121725 0.009342 2.166452
0.833674 0.014513 0.013361 0.007019 0.000471 0.121615 0.009348 2.167905
0.833825 0.014517 0.013345 0.006983 0.000463 0.121511 0.009356 2.169292
0.833938 0.014466 0.013283 0.006999 0.000469 0.121485 0.009360 2.170732
0.834054 0.014400 0.013275 0.007033 0.000477 0.121396 0.009366 2.172188
0.834189 0.014398 0.013226 0.007004 0.000482 0.121329 0.009371 2.173583
0.834328 0.014402 0.013211 0.006993 0.000483 0.121207 0.009377 2.174972
0.834507 0.014352 0.013180 0.006947 0.000481 0.121153 0.009381 2.176381
0.834653 0.014270 0.013192 0.006990 0.000480 0.121025 0.009389 2.177844
0.834768 0.014255 0.013166 0.007005 0.000484 0.120928 0.009395 2.179283
0.834926 0.014248 0.013102 0.006991 0.000478 0.120855 0.009399 2.180674
0.835067 0.014200 0.013043 0.006994 0.000488 0.120806 0.009402 2.182074
0.835230 0.014144 0.013001 0.006991 0.000492 0.120734 0.009407 2.183473
0.835418 0.014149 0.012945 0.006927 0.000493 0.120653 0.009416 2.184804
0.835570 0.014087 0.012951 0.006904 0.000501 0.120564 0.009423 2.186188
0.835696 0.014071 0.012931 0.006878 0.000499 0.120495 0.009429 2.187556
0.835798 0.014082 0.012906 0.006835 0.000498 0.120448 0.009434 2.188923
0.835920 0.014073 0.012902 0.006865 0.000499 0.120302 0.009440 2.190330
0.836016 0.014050 0.012931 0.006833 0.000491 0.120229 0.009449 2.191732
0.836151 0.014058 0.012849 0.006816 0.000493 0.120179 0.009453 2.193093
0.836267 0.014065 0.012867 0.006750 0.000494 0.120100 0.009457 2.194437
0.836350 0.014107 0.012831 0.006729 0.000492 0.120030 0.009461 2.195773
0.836530 0.014033 0.012844 0.006703 0.000486 0.119937 0.009468 2.197201
0.836687 0.014053 0.012773 0.006692 0.000487 0.119836 0.009475 2.198542
0.836898 0.014002 0.012774 0.006682 0.000478 0.119686 0.009480 2.199922
0.836988 0.014009 0.012786 0.006681 0.000474 0.119575 0.009487 2.201302
0.837107 0.013955 0.012791 0.006731 0.000468 0.119456 0.009491 2.202725
0.837244 0.013950 0.012810 0.006675 0.000472 0.119355 0.009495 2.204073
0.837359 0.013942 0.012799 0.006704 0.000472 0.119223 0.009501 2.205440
0.837538 0.013947 0.012795 0.006704 0.000470 0.119041 0.009505 2.206780
0.837615 0.013972 0.012802 0.006684 0.000469 0.118950 0.009509 2.208137
0.837781 0.013948 0.012768 0.006691 0.000467 0.118832 0.009515 2.209516
0.837995 0.013899 0.012743 0.006657 0.000465 0.118721 0.009520 2.210875
0.838165 0.013868 0.012740 0.006627 0.000466 0.118608 0.009527 2.212241
0.838265 0.013845 0.012728 0.006611 0.000466 0.118553 0.009532 2.213595
0.838424 0.013828 0.012683 0.006590 0.000469 0.118468 0.009538 2.214927
0.838595 0.013785 0.012726 0.006560 0.000473 0.118317 0.009543 2.216303
0.838641 0.013837 0.012745 0.006606 0.000471 0.118151 0.009550 2.217669
0.838770 0.013822 0.012725 0.006591 0.000475 0.118061 0.009556 2.219025
0.838924 0.013830 0.012699 0.006581 0.000479 0.117925 0.009562 2.220380
0.839043 0.013813 0.012712 0.006580 0.000483 0.117803 0.009566 2.221760
0.839110 0.013840 0.012681 0.006574 0.000485 0.117740 0.009570 2.223116
0.839155 0.013863 0.012638 0.006581 0.000484 0.117701 0.009578 2.224464
0.839321 0.013840 0.012652 0.006591 0.000481 0.117533 0.009583 2.225814
0.839491 0.013793 0.012674 0.006580 0.000481 0.117391 0.009591 2.227188
0.839597 0.013830 0.012593 0.006560 0.000481 0.117342 0.009598 2.228486
0.839669 0.013814 0.012604 0.006551 0.000476 0.117282 0.009605 2.229846
0.839794 0.013802 0.012587 0.006566 0.000477 0.117164 0.009610 2.231215
0.839879 0.013868 0.012562 0.006548 0.000480 0.117050 0.009613 2.232545
0.839964 0.013881 0.012535 0.006546 0.000484 0.116970 0.009621 2.233864
0.840074 0.013892 0.012519 0.006567 0.000479 0.116845 0.009625 2.235219
0.840206 0.013868 0.012509 0.006577 0.000479 0.116729 0.009632 2.236584
0.840342 0.013855 0.012549 0.006581 0.000475 0.116559 0.009638 2.237939
0.840389 0.013887 0.012558 0.006584 0.000477 0.116462 0.009644 2.239279
0.840455 0.013906 0.012523 0.006581 0.000470 0.116416 0.009650 2.240619
0.840555 0.013861 0.012508 0.006580 0.000464 0.116375 0.009658 2.241971
0.840663 0.013834 0.012531 0.006557 0.000451 0.116298 0.009666 2.243338
0.840856 0.013821 0.012512 0.006530 0.000448 0.116159 0.009674 2.244646
0.840954 0.013857 0.012500 0.006504 0.000447 0.116055 0.009684 2.245962
0.841040 0.013922 0.012460 0.006503 0.000450 0.115936 0.009689 2.247291
0.841161 0.013882 0.012452 0.006515 0.000446 0.115849 0.009695 2.248643
0.841268 0.013846 0.012495 0.006493 0.000441 0.115756 0.009702 2.250041
0.841374 0.013848 0.012501 0.006496 0.000440 0.115637 0.009705 2.251409
0.841511 0.013827 0.012510 0.006501 0.000440 0.115500 0.009711 2.252759
0.841633 0.013786 0.012540 0.006470 0.000438 0.115417 0.009716 2.254119
0.841714 0.013801 0.012536 0.006476 0.000436 0.115315 0.009723 2.255494
0.841764 0.013858 0.012496 0.006455 0.000442 0.115256 0.009729 2.256838
0.841824 0.013830 0.012508 0.006471 0.000444 0.115189 0.009734 2.258235
0.841903 0.013865 0.012477 0.006479 0.000437 0.115101 0.009739 2.259565
0.841988 0.013821 0.012442 0.006478 0.000435 0.115091 0.009744 2.260923
0.842094 0.013818 0.012434 0.006494 0.000431 0.114977 0.009752 2.262254
0.842176 0.013790 0.012421 0.006542 0.000430 0.114885 0.009757 2.263613
0.842232 0.013804 0.012401 0.006530 0.000433 0.114842 0.009760 2.264956
0.842298 0.013832 0.012363 0.006536 0.000431 0.114775 0.009764 2.266282
0.842404 0.013778 0.012393 0.006548 0.000426 0.114678 0.009773 2.267652
0.842517 0.013735 0.012399 0.006575 0.000431 0.114565 0.009779 2.269014
0.842640 0.013732 0.012357 0.006550 0.000432 0.114506 0.009784 2.270366
0.842761 0.013710 0.012355 0.006554 0.000432 0.114400 0.009788 2.271723
0.842826 0.013749 0.012375 0.006532 0.000428 0.114300 0.009792 2.273052
0.842897 0.013740 0.012374 0.006515 0.000432 0.114246 0.009796 2.274408
0.842948 0.013801 0.012384 0.006493 0.000431 0.114140 0.009802 2.275718
0.843030 0.013795 0.012391 0.006503 0.000435 0.114038 0.009807 2.277090
0.843118 0.013765 0.012373 0.006510 0.000444 0.113981 0.009810 2.278440
0.843139 0.013788 0.012371 0.006517 0.000447 0.113923 0.009815 2.279798
0.843211 0.013799 0.012395 0.006532 0.000443 0.113799 0.009822 2.281149
0.843224 0.013900 0.012382 0.006506 0.000442 0.113719 0.009827 2.282451
0.843310 0.013909 0.012411 0.006492 0.000445 0.113601 0.009832 2.283798
0.843408 0.013945 0.012411 0.006495 0.000446 0.113461 0.009835 2.285138
0.843499 0.013939 0.012465 0.006470 0.000443 0.113342 0.009841 2.286498
0.843488 0.014060 0.012400 0.006441 0.000451 0.113314 0.009847 2.287789
0.843593 0.014057 0.012388 0.006477 0.000450 0.113182 0.009853 2.289155
0.843674 0.014033 0.012375 0.006495 0.000452 0.113115 0.009857 2.290552
0.843683 0.014091 0.012335 0.006527 0.000448 0.113053 0.009864 2.291871
0.843753 0.014088 0.012379 0.006494 0.000447 0.112972 0.009868 2.293248
0.843751 0.014084 0.012390 0.006518 0.000450 0.112933 0.009875 2.294655
0.843842 0.014085 0.012380 0.006499 0.000455 0.112861 0.009878 2.296003
0.843873 0.014090 0.012396 0.006530 0.000451 0.112775 0.009884 2.297405
0.843939 0.014078 0.012395 0.006547 0.000449 0.112705 0.009888 2.298777
0.843960 0.014105 0.012421 0.006541 0.000452 0.112627 0.009894 2.300155
0.843915 0.014196 0.012442 0.006547 0.000450 0.112551 0.009901 2.301511
0.843935 0.014190 0.012498 0.006550 0.000445 0.112475 0.009907 2.302892
0.843969 0.014170 0.012552 0.006572 0.000441 0.112379 0.009916 2.304287
0.843989 0.014112 0.012595 0.006598 0.000452 0.112335 0.009921 2.305724
0.843977 0.014139 0.012596 0.006584 0.000456 0.112322 0.009926 2.307111
0.843961 0.014157 0.012563 0.006607 0.000452 0.112329 0.009931 2.308503
0.843964 0.014212 0.012557 0.006612 0.000448 0.112271 0.009936 2.309869
0.843872 0.014311 0.012524 0.006608 0.000446 0.112295 0.009944 2.311242
0.843912 0.014239 0.012526 0.006664 0.000443 0.112269 0.009948 2.312676
0.843905 0.014232 0.012572 0.006679 0.000445 0.112213 0.009955 2.314066
0.843883 0.014278 0.012613 0.006660 0.000442 0.112162 0.009962 2.315464
0.843934 0.014225 0.012622 0.006645 0.000438 0.112170 0.009969 2.316875
0.843948 0.014193 0.012635 0.006644 0.000444 0.112166 0.009971 2.318275
0.843975 0.014188 0.012646 0.006607 0.000445 0.112163 0.009976 2.319655
0.844074 0.014167 0.012680 0.006598 0.000440 0.112059 0.009983 2.321051
0.844149 0.014153 0.012670 0.006625 0.000440 0.111973 0.009989 2.322419
0.844133 0.014182 0.012687 0.006658 0.000439 0.111908 0.009993 2.323819
0.844076 0.014166 0.012724 0.006674 0.000440 0.111922 0.009999 2.325251
0.844137 0.014095 0.012741 0.006699 0.000444 0.111880 0.010004 2.326672
0.844169 0.014090 0.012722 0.006678 0.000447 0.111884 0.010010 2.328059
0.844151 0.014127 0.012736 0.006663 0.000451 0.111857 0.010016 2.329431
0.844136 0.014165 0.012740 0.006671 0.000451 0.111817 0.010020 2.330812
0.844137 0.014183 0.012768 0.006682 0.000460 0.111747 0.010024 2.332210
0.844118 0.014220 0.012769 0.006675 0.000463 0.111726 0.010030 2.333592
0.844147 0.014224 0.012763 0.006716 0.000467 0.111648 0.010035 2.334961
0.844141 0.014199 0.012747 0.006725 0.000464 0.111683 0.010041 2.336380
0.844135 0.014194 0.012752 0.006713 0.000461 0.111695 0.010050 2.337807
0.844149 0.014199 0.012712 0.006741 0.000465 0.111679 0.010055 2.339196
0.844151 0.014213 0.012676 0.006726 0.000465 0.111711 0.010058 2.340542
0.844108 0.014241 0.012674 0.006708 0.000459 0.111747 0.010063 2.341915
0.844082 0.014250 0.012704 0.006674 0.000463 0.111760 0.010068 2.343299
0.844139 0.014183 0.012791 0.006691 0.000467 0.111655 0.010074 2.344731
0.844106 0.014185 0.012728 0.006707 0.000466 0.111730 0.010078 2.346114
0.844080 0.014215 0.012731 0.006674 0.000471 0.111745 0.010084 2.347487
0.844129 0.014199 0.012749 0.006652 0.000464 0.111716 0.010091 2.348877
0.844062 0.014239 0.012762 0.006610 0.000466 0.111764 0.010097 2.350274
0.844067 0.014279 0.012747 0.006603 0.000468 0.111737 0.010099 2.351644
0.844069 0.014265 0.012738 0.006649 0.000471 0.111705 0.010103 2.353053
0.844000 0.014338 0.012723 0.006657 0.000462 0.111707 0.010112 2.354427
0.843963 0.014328 0.012731 0.006669 0.000452 0.111735 0.010120 2.355835
0.843957 0.014324 0.012749 0.006694 0.000456 0.111694 0.010126 2.357253
0.843928 0.014312 0.012850 0.006685 0.000455 0.111636 0.010134 2.358703
0.843945 0.014343 0.012858 0.006701 0.000456 0.111558 0.010140 2.360113
0.843983 0.014326 0.012856 0.006706 0.000453 0.111530 0.010146 2.361527
0.843977 0.014359 0.012849 0.006700 0.000453 0.111510 0.010153 2.362918
