0.369717 0.061941 0.054391 0.031242 0.001977 0.475107 0.005626 1.551525
0.371201 0.060340 0.054368 0.031121 0.001977 0.475343 0.005651 1.557537
0.373231 0.058336 0.054312 0.030981 0.001989 0.475479 0.005674 1.563441
0.375736 0.056190 0.054099 0.030793 0.001988 0.475492 0.005701 1.569085
0.378219 0.054255 0.053660 0.030544 0.001985 0.475614 0.005722 1.574429
0.380955 0.052228 0.053256 0.030209 0.001992 0.475617 0.005743 1.579630
0.383770 0.050378 0.052653 0.029832 0.001985 0.475608 0.005775 1.584571
0.386793 0.048480 0.052010 0.029458 0.001986 0.475479 0.005794 1.589409
0.390014 0.046634 0.051392 0.028986 0.001991 0.475167 0.005816 1.594078
0.393113 0.044943 0.050697 0.028493 0.001990 0.474928 0.005836 1.598555
0.396423 0.043278 0.049895 0.028038 0.001987 0.474521 0.005858 1.602856
0.399771 0.041646 0.049077 0.027473 0.001988 0.474162 0.005883 1.607084
0.403106 0.040145 0.048288 0.026950 0.001995 0.473612 0.005904 1.611144
0.406454 0.038742 0.047383 0.026383 0.001993 0.473124 0.005921 1.615078
0.410014 0.037466 0.046393 0.025793 0.001984 0.472404 0.005946 1.618760
0.413496 0.036263 0.045444 0.025187 0.001964 0.471672 0.005974 1.622333
0.417092 0.035100 0.044588 0.024617 0.001945 0.470662 0.005996 1.625792
0.420770 0.033999 0.043636 0.024047 0.001922 0.469613 0.006013 1.629160
0.424399 0.033015 0.042570 0.023533 0.001903 0.468541 0.006038 1.632404
0.428064 0.031934 0.041612 0.023001 0.001903 0.467426 0.006061 1.635655
0.431700 0.031066 0.040640 0.022473 0.001878 0.466158 0.006084 1.638721
0.435374 0.030133 0.039663 0.021982 0.001870 0.464875 0.006104 1.641708
0.439108 0.029329 0.038671 0.021418 0.001842 0.463499 0.006131 1.644542
0.442769 0.028569 0.037768 0.020966 0.001839 0.461942 0.006148 1.647385
0.446585 0.027789 0.036914 0.020442 0.001821 0.460272 0.006177 1.650158
0.450423 0.027027 0.036102 0.019992 0.001802 0.458454 0.006202 1.652846
0.454212 0.026346 0.035251 0.019496 0.001776 0.456694 0.006226 1.655435
0.457916 0.025807 0.034376 0.019036 0.001746 0.454871 0.006247 1.657942
0.461717 0.025208 0.033570 0.018587 0.001724 0.452921 0.006274 1.660430
0.465426 0.024606 0.032791 0.018118 0.001701 0.451057 0.006300 1.662880
0.469140 0.024062 0.032023 0.017681 0.001661 0.449109 0.006325 1.665270
0.472885 0.023623 0.031207 0.017251 0.001631 0.447049 0.006353 1.667528
0.476774 0.023072 0.030520 0.016837 0.001619 0.444805 0.006372 1.669824
0.480478 0.022631 0.029811 0.016460 0.001600 0.442626 0.006395 1.672053
0.484136 0.022205 0.029128 0.016044 0.001575 0.440497 0.006414 1.674235
0.487840 0.021849 0.028438 0.015663 0.001554 0.438223 0.006433 1.676361
0.491502 0.021431 0.027746 0.015339 0.001529 0.436000 0.006452 1.678509
0.495238 0.021026 0.027179 0.015007 0.001503 0.433567 0.006479 1.680638
0.498957 0.020708 0.026582 0.014647 0.001474 0.431135 0.006496 1.682635
0.502591 0.020366 0.026031 0.014307 0.001466 0.428726 0.006513 1.684685
0.506179 0.020109 0.025460 0.013989 0.001436 0.426290 0.006537 1.686627
0.509828 0.019799 0.024994 0.013657 0.001424 0.423739 0.006558 1.688632
0.513466 0.019438 0.024509 0.013375 0.001405 0.421231 0.006577 1.690612
0.517054 0.019221 0.024014 0.013112 0.001385 0.418621 0.006592 1.692496
0.520548 0.018963 0.023493 0.012852 0.001365 0.416166 0.006612 1.694373
0.524047 0.018825 0.023025 0.012561 0.001346 0.413570 0.006626 1.696162
0.527598 0.018576 0.022598 0.012296 0.001319 0.410967 0.006646 1.698000
0.531078 0.018406 0.022176 0.012080 0.001298 0.408299 0.006663 1.699813
0.534608 0.018169 0.021781 0.011839 0.001286 0.405635 0.006683 1.701606
0.538089 0.017976 0.021384 0.011662 0.001264 0.402925 0.006699 1.703408
0.541517 0.017773 0.021052 0.011410 0.001247 0.400289 0.006714 1.705161
0.545003 0.017611 0.020700 0.011226 0.001233 0.397498 0.006729 1.706896
0.548379 0.017448 0.020361 0.011024 0.001214 0.394829 0.006744 1.708629
0.551746 0.017297 0.020043 0.010839 0.001196 0.392123 0.006758 1.710326
0.555118 0.017205 0.019701 0.010684 0.001172 0.389347 0.006773 1.711988
0.558463 0.017061 0.019421 0.010529 0.001150 0.386583 0.006793 1.713665
0.561709 0.016893 0.019140 0.010371 0.001114 0.383962 0.006811 1.715360
0.564916 0.016791 0.018810 0.010221 0.001098 0.381336 0.006827 1.716981
0.568093 0.016702 0.018541 0.010023 0.001078 0.378726 0.006838 1.718605
0.571187 0.016558 0.018335 0.009909 0.001059 0.376102 0.006850 1.720279
0.574301 0.016466 0.018087 0.009774 0.001038 0.373468 0.006866 1.721913
0.577454 0.016381 0.017815 0.009652 0.001029 0.370791 0.006878 1.723496
0.580447 0.016317 0.017564 0.009532 0.001014 0.368229 0.006896 1.725081
0.583528 0.016257 0.017413 0.009415 0.000996 0.365481 0.006911 1.726694
0.586481 0.016174 0.017257 0.009304 0.000979 0.362879 0.006927 1.728304
0.589502 0.016134 0.017010 0.009217 0.000972 0.360223 0.006941 1.729859
0.592560 0.016056 0.016805 0.009161 0.000954 0.357509 0.006956 1.731449
0.595498 0.016026 0.016655 0.009073 0.000938 0.354841 0.006968 1.733000
0.598370 0.016029 0.016477 0.009012 0.000928 0.352204 0.006980 1.734564
0.601276 0.015935 0.016354 0.008966 0.000917 0.349566 0.006987 1.736162
0.604130 0.015872 0.016189 0.008911 0.000900 0.346997 0.006999 1.737729
0.606913 0.015839 0.016033 0.008792 0.000898 0.344514 0.007012 1.739278
0.609674 0.015810 0.015910 0.008676 0.000885 0.342022 0.007023 1.740820
0.612446 0.015763 0.015787 0.008643 0.000872 0.339453 0.007035 1.742375
0.615194 0.015701 0.015641 0.008614 0.000864 0.336944 0.007042 1.743931
0.617892 0.015679 0.015510 0.008521 0.000853 0.334492 0.007053 1.745460
0.620549 0.015616 0.015377 0.008440 0.000839 0.332115 0.007064 1.747031
0.623227 0.015539 0.015274 0.008389 0.000829 0.329667 0.007076 1.748596
0.625833 0.015510 0.015120 0.008336 0.000817 0.327298 0.007087 1.750125
0.628424 0.015506 0.015030 0.008235 0.000797 0.324906 0.007102 1.751639
0.630934 0.015482 0.014958 0.008218 0.000787 0.322508 0.007114 1.753199
0.633420 0.015410 0.014889 0.008184 0.000773 0.320200 0.007124 1.754741
0.635919 0.015370 0.014830 0.008126 0.000760 0.317860 0.007135 1.756273
0.638293 0.015461 0.014764 0.008053 0.000734 0.315546 0.007151 1.757746
0.640598 0.015525 0.014660 0.008016 0.000725 0.313320 0.007156 1.759269
0.642890 0.015508 0.014573 0.008011 0.000705 0.311145 0.007170 1.760803
0.645228 0.015583 0.014474 0.007981 0.000695 0.308860 0.007180 1.762294
0.647564 0.015614 0.014443 0.007974 0.000688 0.306529 0.007188 1.763831
0.649885 0.015588 0.014406 0.007999 0.000679 0.304244 0.007199 1.765402
0.652040 0.015624 0.014381 0.007980 0.000675 0.302095 0.007205 1.766938
0.654261 0.015702 0.014327 0.007985 0.000671 0.299838 0.007216 1.768451
0.656406 0.015777 0.014311 0.007957 0.000661 0.297661 0.007227 1.770001
0.658464 0.015789 0.014294 0.007924 0.000659 0.295635 0.007236 1.771572
0.660519 0.015800 0.014259 0.007935 0.000648 0.293598 0.007242 1.773131
0.662564 0.015861 0.014224 0.007925 0.000644 0.291531 0.007252 1.774675
0.664647 0.015879 0.014233 0.007886 0.000639 0.289456 0.007261 1.776223
0.666663 0.015857 0.014221 0.007866 0.000629 0.287493 0.007271 1.777812
0.668600 0.015916 0.014260 0.007850 0.000622 0.285471 0.007281 1.779368
0.670475 0.015965 0.014305 0.007798 0.000623 0.283545 0.007288 1.780928
0.672430 0.016005 0.014313 0.007781 0.000623 0.281546 0.007302 1.782510
0.674207 0.016130 0.014299 0.007771 0.000617 0.279664 0.007311 1.784070
0.676059 0.016196 0.014228 0.007765 0.000616 0.277817 0.007319 1.785608
0.677863 0.016194 0.014231 0.007770 0.000623 0.275994 0.007325 1.787217
0.679646 0.016247 0.014233 0.007802 0.000620 0.274118 0.007333 1.788818
0.681384 0.016372 0.014230 0.007778 0.000613 0.272280 0.007343 1.790390
0.683153 0.016398 0.014297 0.007797 0.000608 0.270396 0.007350 1.792004
0.684846 0.016463 0.014273 0.007815 0.000601 0.268641 0.007362 1.793600
0.686566 0.016474 0.014312 0.007833 0.000597 0.266847 0.007370 1.795245
0.688131 0.016577 0.014336 0.007877 0.000594 0.265112 0.007375 1.796869
0.689730 0.016630 0.014343 0.007932 0.000595 0.263389 0.007380 1.798523
0.691329 0.016658 0.014374 0.007952 0.000587 0.261708 0.007391 1.800176
0.692884 0.016698 0.014361 0.007952 0.000595 0.260116 0.007396 1.801810
0.694456 0.016760 0.014322 0.007963 0.000591 0.258503 0.007404 1.803431
0.695878 0.016898 0.014363 0.007961 0.000583 0.256905 0.007412 1.805085
0.697268 0.017038 0.014411 0.007975 0.000582 0.255308 0.007419 1.806708
0.698686 0.017116 0.014488 0.007944 0.000578 0.253760 0.007428 1.808358
0.700041 0.017208 0.014548 0.007960 0.000579 0.252230 0.007434 1.810065
0.701432 0.017292 0.014621 0.007953 0.000578 0.250684 0.007442 1.811763
0.702849 0.017364 0.014704 0.007928 0.000571 0.249134 0.007449 1.813462
0.704160 0.017469 0.014725 0.007995 0.000568 0.247623 0.007460 1.815172
0.705490 0.017567 0.014767 0.008053 0.000565 0.246094 0.007464 1.816885
0.706736 0.017658 0.014847 0.008101 0.000560 0.244627 0.007471 1.818630
0.707932 0.017706 0.014924 0.008184 0.000558 0.243219 0.007477 1.820413
0.709175 0.017768 0.015035 0.008200 0.000557 0.241782 0.007483 1.822197
0.710302 0.017911 0.015121 0.008219 0.000563 0.240396 0.007489 1.823985
0.711471 0.018037 0.015181 0.008292 0.000565 0.238959 0.007496 1.825744
0.712494 0.018190 0.015249 0.008349 0.000567 0.237651 0.007501 1.827537
0.713455 0.018264 0.015313 0.008391 0.000565 0.236505 0.007508 1.829373
0.714462 0.018407 0.015403 0.008423 0.000568 0.235223 0.007515 1.831169
0.715526 0.018530 0.015497 0.008431 0.000572 0.233922 0.007522 1.832937
0.716471 0.018684 0.015588 0.008441 0.000566 0.232719 0.007531 1.834725
0.717400 0.018800 0.015680 0.008484 0.000563 0.231532 0.007540 1.836591
0.718280 0.018904 0.015820 0.008523 0.000556 0.230365 0.007553 1.838477
0.719229 0.019000 0.015911 0.008594 0.000553 0.229149 0.007565 1.840312
0.720136 0.019111 0.016009 0.008627 0.000553 0.227991 0.007573 1.842174
0.720926 0.019263 0.016064 0.008676 0.000547 0.226946 0.007580 1.844057
0.721734 0.019410 0.016095 0.008719 0.000544 0.225914 0.007584 1.845927
0.722522 0.019528 0.016214 0.008760 0.000543 0.224843 0.007589 1.847826
0.723171 0.019712 0.016285 0.008821 0.000547 0.223871 0.007594 1.849750
0.723882 0.019849 0.016393 0.008882 0.000540 0.222854 0.007601 1.851683
0.724585 0.019992 0.016450 0.008908 0.000544 0.221916 0.007606 1.853581
0.725212 0.020160 0.016528 0.008956 0.000536 0.220993 0.007615 1.855525
0.725912 0.020272 0.016641 0.009037 0.000536 0.219983 0.007619 1.857538
0.726571 0.020331 0.016770 0.009079 0.000540 0.219082 0.007627 1.859578
0.727180 0.020525 0.016823 0.009106 0.000539 0.218194 0.007634 1.861512
0.727774 0.020607 0.016943 0.009148 0.000539 0.217351 0.007639 1.863526
0.728408 0.020645 0.017044 0.009256 0.000548 0.216454 0.007646 1.865598
0.728931 0.020739 0.017124 0.009279 0.000551 0.215726 0.007651 1.867603
0.729470 0.020867 0.017202 0.009333 0.000552 0.214919 0.007656 1.869657
0.729991 0.020975 0.017245 0.009372 0.000549 0.214205 0.007664 1.871699
0.730459 0.021205 0.017338 0.009398 0.000548 0.213383 0.007670 1.873692
0.731032 0.021261 0.017482 0.009429 0.000554 0.212568 0.007676 1.875781
0.731507 0.021344 0.017575 0.009500 0.000557 0.211836 0.007683 1.877857
0.731919 0.021500 0.017660 0.009534 0.000554 0.211141 0.007691 1.879921
0.732335 0.021594 0.017808 0.009615 0.000544 0.210401 0.007703 1.882062
0.732717 0.021663 0.017933 0.009715 0.000553 0.209710 0.007709 1.884215
0.733095 0.021804 0.018043 0.009735 0.000556 0.209049 0.007718 1.886350
0.733453 0.021978 0.018091 0.009819 0.000547 0.208385 0.007727 1.888472
0.733771 0.022116 0.018192 0.009892 0.000544 0.207750 0.007735 1.890600
0.734121 0.022200 0.018280 0.009932 0.000552 0.207174 0.007741 1.892754
0.734417 0.022294 0.018407 0.010003 0.000561 0.206569 0.007749 1.894967
0.734677 0.022328 0.018579 0.010083 0.000567 0.206010 0.007756 1.897213
0.734862 0.022581 0.018639 0.010094 0.000574 0.205488 0.007762 1.899369
0.735170 0.022663 0.018680 0.010131 0.000582 0.205006 0.007769 1.901548
0.735454 0.022778 0.018745 0.010192 0.000583 0.204474 0.007775 1.903732
0.735687 0.022865 0.018879 0.010208 0.000582 0.203999 0.007779 1.905983
0.735954 0.022922 0.018975 0.010277 0.000589 0.203499 0.007785 1.908242
0.736206 0.022993 0.019028 0.010326 0.000597 0.203058 0.007791 1.910484
0.736373 0.023120 0.019141 0.010429 0.000584 0.202553 0.007800 1.912711
0.736609 0.023166 0.019261 0.010458 0.000586 0.202110 0.007808 1.914993
0.736760 0.023224 0.019389 0.010529 0.000590 0.201693 0.007815 1.917317
0.736925 0.023304 0.019514 0.010601 0.000594 0.201238 0.007824 1.919601
0.737106 0.023391 0.019613 0.010614 0.000595 0.200849 0.007832 1.921857
0.737227 0.023517 0.019640 0.010688 0.000594 0.200497 0.007837 1.924127
0.737413 0.023542 0.019757 0.010727 0.000594 0.200118 0.007847 1.926437
0.737599 0.023583 0.019864 0.010736 0.000597 0.199766 0.007855 1.928748
0.737648 0.023723 0.019929 0.010730 0.000603 0.199505 0.007862 1.931041
0.737794 0.023731 0.020018 0.010836 0.000602 0.199148 0.007872 1.933422
0.737913 0.023744 0.020088 0.010885 0.000604 0.198887 0.007879 1.935761
0.737995 0.023797 0.020223 0.010911 0.000598 0.198587 0.007890 1.938091
0.738001 0.023912 0.020231 0.010957 0.000603 0.198397 0.007900 1.940413
0.738023 0.024040 0.020299 0.010999 0.000604 0.198129 0.007908 1.942743
0.738129 0.024080 0.020408 0.011057 0.000613 0.197800 0.007915 1.945092
0.738190 0.024117 0.020469 0.011121 0.000615 0.197565 0.007924 1.947444
0.738161 0.024233 0.020587 0.011142 0.000622 0.197325 0.007930 1.949840
0.738269 0.024281 0.020574 0.011167 0.000634 0.197139 0.007937 1.952171
0.738335 0.024284 0.020641 0.011246 0.000634 0.196913 0.007947 1.954572
0.738351 0.024338 0.020752 0.011266 0.000641 0.196695 0.007956 1.956969
0.738364 0.024368 0.020798 0.011344 0.000637 0.196525 0.007963 1.959380
0.738465 0.024380 0.020841 0.011346 0.000643 0.196353 0.007972 1.961762
0.738540 0.024340 0.020915 0.011383 0.000643 0.196199 0.007980 1.964162
0.738471 0.024408 0.020962 0.011381 0.000656 0.196134 0.007988 1.966550
0.738542 0.024335 0.021085 0.011385 0.000653 0.196003 0.007997 1.969005
0.738624 0.024382 0.021110 0.011398 0.000659 0.195823 0.008004 1.971350
0.738680 0.024456 0.021098 0.011427 0.000665 0.195663 0.008011 1.973660
0.738682 0.024460 0.021187 0.011449 0.000662 0.195541 0.008020 1.976092
0.738667 0.024552 0.021285 0.011456 0.000663 0.195348 0.008028 1.978465
0.738724 0.024511 0.021287 0.011520 0.000664 0.195260 0.008035 1.980913
0.738693 0.024536 0.021330 0.011563 0.000664 0.195171 0.008043 1.983326
0.738673 0.024535 0.021371 0.011650 0.000665 0.195055 0.008049 1.985786
0.738658 0.024578 0.021387 0.011724 0.000667 0.194924 0.008060 1.988210
0.738556 0.024656 0.021498 0.011746 0.000667 0.194811 0.008067 1.990634
0.738524 0.024705 0.021515 0.011744 0.000668 0.194767 0.008077 1.993052
0.738471 0.024790 0.021476 0.011742 0.000670 0.194764 0.008087 1.995430
0.738372 0.024817 0.021536 0.011731 0.000679 0.194771 0.008095 1.997866
0.738234 0.024766 0.021618 0.011727 0.000679 0.194872 0.008105 2.000366
0.738299 0.024780 0.021640 0.011753 0.000688 0.194725 0.008114 2.002763
0.738304 0.024834 0.021677 0.011719 0.000699 0.194643 0.008124 2.005170
0.738243 0.024894 0.021713 0.011713 0.000702 0.194601 0.008134 2.007602
0.738232 0.024887 0.021721 0.011742 0.000716 0.194562 0.008141 2.010061
0.738157 0.024931 0.021729 0.011765 0.000723 0.194546 0.008149 2.012485
0.738169 0.024957 0.021769 0.011753 0.000734 0.194462 0.008155 2.014911
0.738101 0.024992 0.021794 0.011774 0.000730 0.194440 0.008168 2.017375
0.737992 0.025055 0.021849 0.011754 0.000724 0.194444 0.008182 2.019832
0.737977 0.025060 0.021813 0.011806 0.000728 0.194422 0.008195 2.022306
0.737967 0.025040 0.021809 0.011865 0.000729 0.194385 0.008206 2.024794
0.738032 0.024984 0.021811 0.011890 0.000737 0.194330 0.008216 2.027281
0.738058 0.024936 0.021883 0.011886 0.000736 0.194279 0.008224 2.029721
0.738069 0.024872 0.021874 0.011929 0.000740 0.194286 0.008230 2.032168
0.738152 0.024835 0.021873 0.011914 0.000730 0.194257 0.008240 2.034609
0.738182 0.024812 0.021886 0.011913 0.000733 0.194225 0.008250 2.037058
0.738162 0.024829 0.021885 0.011947 0.000738 0.194179 0.008260 2.039506
0.738100 0.024888 0.021813 0.011981 0.000732 0.194218 0.008270 2.041893
0.738028 0.024921 0.021859 0.011990 0.000726 0.194196 0.008280 2.044347
0.738068 0.024879 0.021904 0.011967 0.000742 0.194154 0.008287 2.046822
0.738120 0.024868 0.021922 0.011944 0.000748 0.194106 0.008293 2.049265
0.738108 0.024846 0.021949 0.011975 0.000750 0.194072 0.008300 2.051733
0.738094 0.024840 0.021867 0.012020 0.000751 0.194118 0.008310 2.054166
0.738048 0.024847 0.021912 0.012051 0.000747 0.194077 0.008320 2.056633
0.738082 0.024828 0.021891 0.012042 0.000742 0.194087 0.008329 2.059034
0.738102 0.024791 0.021897 0.012045 0.000747 0.194080 0.008339 2.061490
0.738079 0.024778 0.021939 0.012048 0.000752 0.194054 0.008350 2.063952
0.738099 0.024777 0.022017 0.012008 0.000757 0.193984 0.008359 2.066363
0.738165 0.024655 0.022044 0.012054 0.000753 0.193960 0.008370 2.068845
0.738200 0.024684 0.022030 0.012038 0.000761 0.193910 0.008377 2.071228
0.738209 0.024632 0.022079 0.012070 0.000752 0.193870 0.008390 2.073707
0.738169 0.024685 0.022043 0.012010 0.000757 0.193937 0.008399 2.076086
0.738146 0.024654 0.022030 0.012049 0.000752 0.193959 0.008410 2.078525
0.738143 0.024622 0.022058 0.012076 0.000754 0.193929 0.008419 2.081008
0.738060 0.024658 0.022037 0.012058 0.000748 0.194012 0.008429 2.083426
0.737971 0.024699 0.021952 0.012059 0.000741 0.194135 0.008442 2.085826
0.737957 0.024680 0.021933 0.012070 0.000742 0.194169 0.008449 2.088242
0.737945 0.024671 0.021967 0.012055 0.000736 0.194165 0.008460 2.090670
0.737961 0.024699 0.022029 0.012022 0.000738 0.194086 0.008465 2.093063
0.737974 0.024673 0.021989 0.012065 0.000742 0.194084 0.008473 2.095510
0.738040 0.024674 0.022010 0.012020 0.000746 0.194027 0.008482 2.097943
0.738136 0.024586 0.021993 0.012026 0.000744 0.194023 0.008491 2.100394
0.738121 0.024591 0.021973 0.012032 0.000749 0.194034 0.008500 2.102798
0.738163 0.024537 0.021944 0.012021 0.000755 0.194072 0.008509 2.105231
0.738278 0.024511 0.021860 0.012027 0.000752 0.194051 0.008521 2.107595
0.738225 0.024493 0.021885 0.011976 0.000765 0.194129 0.008526 2.110030
0.738328 0.024431 0.021906 0.011951 0.000759 0.194088 0.008537 2.112446
0.738335 0.024502 0.021865 0.011962 0.000759 0.194033 0.008545 2.114839
0.738415 0.024504 0.021862 0.011998 0.000751 0.193913 0.008557 2.117200
0.738483 0.024465 0.021826 0.011990 0.000755 0.193919 0.008564 2.119573
0.738452 0.024424 0.021814 0.011955 0.000751 0.194031 0.008573 2.122002
0.738474 0.024397 0.021852 0.011951 0.000744 0.193999 0.008583 2.124464
0.738464 0.024417 0.021798 0.011925 0.000737 0.194064 0.008596 2.126826
0.738548 0.024373 0.021767 0.011930 0.000740 0.194038 0.008605 2.129222
0.738573 0.024374 0.021824 0.011904 0.000738 0.193972 0.008616 2.131583
0.738607 0.024439 0.021814 0.011893 0.000744 0.193874 0.008628 2.133938
0.738659 0.024430 0.021803 0.011905 0.000748 0.193822 0.008633 2.136316
0.738715 0.024391 0.021821 0.011898 0.000746 0.193788 0.008642 2.138724
0.738806 0.024352 0.021790 0.011911 0.000749 0.193738 0.008655 2.141122
0.738869 0.024374 0.021750 0.011875 0.000748 0.193720 0.008664 2.143449
0.738920 0.024393 0.021750 0.011874 0.000748 0.193640 0.008675 2.145849
0.738937 0.024402 0.021719 0.011898 0.000751 0.193605 0.008689 2.148217
0.739017 0.024380 0.021710 0.011917 0.000754 0.193525 0.008698 2.150568
0.739137 0.024345 0.021706 0.011899 0.000749 0.193456 0.008709 2.152917
0.739266 0.024297 0.021724 0.011847 0.000750 0.193396 0.008719 2.155270
0.739332 0.024320 0.021753 0.011799 0.000760 0.193313 0.008724 2.157641
0.739523 0.024274 0.021716 0.011773 0.000763 0.193216 0.008736 2.159976
0.739507 0.024316 0.021747 0.011768 0.000774 0.193145 0.008745 2.162374
0.739576 0.024305 0.021699 0.011742 0.000764 0.193155 0.008760 2.164702
0.739632 0.024298 0.021631 0.011745 0.000777 0.193151 0.008767 2.167067
0.739569 0.024334 0.021661 0.011712 0.000771 0.193171 0.008783 2.169449
0.739645 0.024277 0.021691 0.011732 0.000780 0.193082 0.008793 2.171857
0.739740 0.024274 0.021652 0.011733 0.000772 0.193025 0.008804 2.174209
0.739782 0.024254 0.021635 0.011688 0.000774 0.193056 0.008813 2.176610
0.739847 0.024200 0.021598 0.011655 0.000772 0.193105 0.008824 2.178954
0.739921 0.024165 0.021631 0.011641 0.000767 0.193042 0.008834 2.181343
0.739953 0.024185 0.021593 0.011644 0.000777 0.193007 0.008843 2.183721
0.739966 0.024173 0.021594 0.011675 0.000770 0.192969 0.008853 2.186152
0.740012 0.024179 0.021537 0.011668 0.000767 0.192977 0.008862 2.188490
0.740033 0.024176 0.021548 0.011664 0.000762 0.192945 0.008875 2.190841
0.740168 0.024145 0.021559 0.011680 0.000749 0.192816 0.008884 2.193208
0.740131 0.024132 0.021573 0.011696 0.000757 0.192821 0.008890 2.195603
0.740116 0.024092 0.021569 0.011705 0.000753 0.192861 0.008904 2.197959
0.740161 0.024069 0.021562 0.011736 0.000764 0.192796 0.008913 2.200385
0.740194 0.024123 0.021578 0.011655 0.000767 0.192762 0.008922 2.202702
0.740191 0.024105 0.021577 0.011704 0.000771 0.192720 0.008931 2.205091
0.740196 0.024076 0.021548 0.011710 0.000766 0.192762 0.008942 2.207497
0.740324 0.024035 0.021577 0.011712 0.000772 0.192629 0.008950 2.209900
0.740379 0.024034 0.021539 0.011743 0.000762 0.192583 0.008961 2.212278
0.740478 0.024056 0.021478 0.011755 0.000751 0.192508 0.008972 2.214583
0.740604 0.024006 0.021503 0.011766 0.000752 0.192386 0.008984 2.216967
0.740632 0.024033 0.021454 0.011724 0.000749 0.192412 0.008997 2.219312
0.740648 0.024102 0.021452 0.011699 0.000752 0.192339 0.009007 2.221637
0.740704 0.024110 0.021462 0.011660 0.000763 0.192288 0.009014 2.223979
0.740813 0.024038 0.021533 0.011627 0.000768 0.192199 0.009023 2.226360
0.740899 0.023997 0.021557 0.011629 0.000768 0.192120 0.009032 2.228716
0.740857 0.024006 0.021538 0.011598 0.000774 0.192189 0.009038 2.231097
0.740903 0.024038 0.021492 0.011586 0.000774 0.192158 0.009050 2.233430
0.740923 0.023966 0.021516 0.011611 0.000779 0.192146 0.009059 2.235866
0.740947 0.023955 0.021505 0.011612 0.000780 0.192135 0.009068 2.238192
0.741011 0.023969 0.021555 0.011599 0.000780 0.192010 0.009076 2.240538
0.741024 0.023972 0.021577 0.011555 0.000780 0.192007 0.009085 2.242869
0.741038 0.023969 0.021532 0.011613 0.000779 0.191975 0.009095 2.245234
0.741036 0.024065 0.021547 0.011584 0.000774 0.191890 0.009105 2.247574
0.741052 0.024065 0.021553 0.011614 0.000774 0.191829 0.009113 2.249926
0.741114 0.024069 0.021541 0.011615 0.000778 0.191762 0.009122 2.252266
0.741165 0.024073 0.021521 0.011601 0.000773 0.191739 0.009129 2.254632
0.741213 0.024116 0.021494 0.011615 0.000769 0.191657 0.009135 2.256932
0.741280 0.024067 0.021486 0.011637 0.000776 0.191611 0.009145 2.259308
0.741316 0.024075 0.021467 0.011601 0.000781 0.191606 0.009154 2.261621
0.741367 0.024095 0.021486 0.011580 0.000783 0.191526 0.009163 2.263972
0.741412 0.024061 0.021461 0.011577 0.000779 0.191536 0.009175 2.266312
0.741471 0.024017 0.021435 0.011652 0.000772 0.191467 0.009187 2.268711
0.741579 0.023995 0.021443 0.011658 0.000773 0.191349 0.009203 2.271037
0.741731 0.023898 0.021511 0.011613 0.000778 0.191260 0.009210 2.273425
0.741815 0.023833 0.021572 0.011578 0.000782 0.191201 0.009219 2.275778
0.741979 0.023723 0.021596 0.011590 0.000779 0.191105 0.009230 2.278150
0.742072 0.023624 0.021577 0.011675 0.000765 0.191045 0.009242 2.280554
0.742196 0.023637 0.021503 0.011612 0.000752 0.191047 0.009255 2.282838
0.742263 0.023601 0.021456 0.011634 0.000754 0.191032 0.009260 2.285207
0.742257 0.023570 0.021450 0.011661 0.000755 0.191042 0.009266 2.287553
0.742404 0.023507 0.021486 0.011614 0.000760 0.190953 0.009277 2.289872
0.742561 0.023465 0.021457 0.011549 0.000756 0.190923 0.009291 2.292161
0.742637 0.023496 0.021420 0.011500 0.000758 0.190890 0.009299 2.294454
0.742734 0.023490 0.021374 0.011470 0.000763 0.190860 0.009310 2.296732
0.742796 0.023514 0.021338 0.011470 0.000760 0.190804 0.009319 2.299026
0.742941 0.023414 0.021328 0.011488 0.000756 0.190745 0.009329 2.301344
0.743060 0.023439 0.021292 0.011449 0.000765 0.190656 0.009340 2.303613
0.743166 0.023448 0.021251 0.011421 0.000765 0.190601 0.009347 2.305907
0.743271 0.023496 0.021142 0.011427 0.000763 0.190545 0.009356 2.308187
0.743452 0.023406 0.021087 0.011459 0.000753 0.190470 0.009372 2.310493
0.743620 0.023310 0.021127 0.011431 0.000764 0.190368 0.009381 2.312811
0.743844 0.023215 0.021111 0.011402 0.000771 0.190267 0.009390 2.315111
0.743968 0.023209 0.021069 0.011378 0.000769 0.190208 0.009400 2.317380
0.744144 0.023146 0.021057 0.011394 0.000763 0.190086 0.009410 2.319691
0.744257 0.023089 0.021070 0.011393 0.000760 0.190012 0.009419 2.322014
0.744434 0.023092 0.021025 0.011349 0.000768 0.189907 0.009426 2.324237
0.744612 0.023111 0.020975 0.011352 0.000767 0.189748 0.009434 2.326491
0.744638 0.023243 0.020889 0.011312 0.000765 0.189711 0.009444 2.328683
0.744619 0.023258 0.020900 0.011317 0.000770 0.189683 0.009452 2.330998
0.744656 0.023246 0.020927 0.011311 0.000767 0.189633 0.009461 2.333322
0.744810 0.023156 0.020848 0.011347 0.000767 0.189603 0.009469 2.335633
0.744826 0.023207 0.020842 0.011341 0.000758 0.189543 0.009484 2.337906
0.744943 0.023168 0.020844 0.011331 0.000768 0.189454 0.009492 2.340186
0.745036 0.023145 0.020890 0.011313 0.000778 0.189339 0.009498 2.342489
0.745209 0.023055 0.020913 0.011304 0.000788 0.189222 0.009509 2.344802
0.745353 0.023087 0.020867 0.011254 0.000793 0.189127 0.009519 2.346997
0.745440 0.023124 0.020870 0.011239 0.000794 0.189004 0.009529 2.349243
0.745582 0.023169 0.020840 0.011248 0.000793 0.188833 0.009536 2.351482
0.745761 0.023134 0.020788 0.011253 0.000788 0.188732 0.009545 2.353762
0.745856 0.023156 0.020779 0.011205 0.000790 0.188659 0.009554 2.356007
0.745876 0.023281 0.020780 0.011184 0.000773 0.188541 0.009564 2.358225
0.745952 0.023292 0.020765 0.011208 0.000779 0.188432 0.009572 2.360527
0.745988 0.023383 0.020701 0.011221 0.000772 0.188353 0.009583 2.362774
0.746043 0.023333 0.020793 0.011226 0.000765 0.188247 0.009594 2.365111
0.746135 0.023345 0.020817 0.011198 0.000757 0.188147 0.009602 2.367390
0.746202 0.023405 0.020806 0.011166 0.000761 0.188048 0.009612 2.369687
0.746122 0.023426 0.020791 0.011192 0.000759 0.188094 0.009617 2.371979
0.746160 0.023427 0.020793 0.011224 0.000751 0.188016 0.009628 2.374295
0.746188 0.023418 0.020771 0.011223 0.000747 0.188016 0.009638 2.376579
0.746285 0.023377 0.020748 0.011263 0.000737 0.187944 0.009648 2.378879
0.746244 0.023465 0.020812 0.011292 0.000734 0.187799 0.009655 2.381187
0.746202 0.023542 0.020771 0.011263 0.000736 0.187823 0.009664 2.383449
0.746212 0.023576 0.020756 0.011236 0.000740 0.187808 0.009673 2.385751
0.746224 0.023529 0.020799 0.011252 0.000735 0.187779 0.009684 2.388107
0.746244 0.023593 0.020765 0.011242 0.000729 0.187737 0.009692 2.390382
0.746300 0.023602 0.020779 0.011304 0.000721 0.187593 0.009701 2.392692
0.746310 0.023587 0.020814 0.011317 0.000719 0.187542 0.009711 2.394999
0.746344 0.023597 0.020837 0.011311 0.000720 0.187473 0.009718 2.397298
0.746403 0.023653 0.020797 0.011273 0.000722 0.187426 0.009728 2.399563
0.746397 0.023682 0.020863 0.011254 0.000714 0.187347 0.009742 2.401901
0.746404 0.023694 0.020887 0.011263 0.000713 0.187286 0.009753 2.404194
0.746420 0.023691 0.020959 0.011275 0.000717 0.187179 0.009761 2.406546
0.746449 0.023615 0.020976 0.011327 0.000716 0.187146 0.009771 2.408920
0.746417 0.023606 0.020984 0.011300 0.000709 0.187204 0.009780 2.411255
0.746374 0.023656 0.020982 0.011303 0.000705 0.187192 0.009790 2.413556
0.746326 0.023725 0.020941 0.011311 0.000705 0.187198 0.009795 2.415880
0.746456 0.023672 0.020931 0.011314 0.000704 0.187116 0.009808 2.418198
0.746481 0.023701 0.020910 0.011332 0.000707 0.187052 0.009816 2.420513
0.746483 0.023693 0.020894 0.011354 0.000705 0.187041 0.009831 2.422849
0.746441 0.023742 0.020958 0.011340 0.000698 0.186980 0.009842 2.425118
0.746427 0.023733 0.021007 0.011325 0.000693 0.186964 0.009851 2.427476
0.746356 0.023725 0.021059 0.011338 0.000696 0.186968 0.009859 2.429845
0.746429 0.023702 0.021076 0.011319 0.000693 0.186909 0.009871 2.432147
0.746402 0.023727 0.021071 0.011300 0.000693 0.186926 0.009881 2.434454
0.746385 0.023775 0.021018 0.011274 0.000693 0.186962 0.009893 2.436753
0.746516 0.023750 0.021052 0.011244 0.000698 0.186839 0.009902 2.439038
0.746480 0.023768 0.021042 0.011265 0.000700 0.186834 0.009910 2.441368
0.746514 0.023738 0.021041 0.011268 0.000700 0.186817 0.009923 2.443684
0.746524 0.023752 0.021000 0.011254 0.000700 0.186840 0.009930 2.445966
0.746614 0.023667 0.021012 0.011256 0.000704 0.186811 0.009937 2.448318
0.746708 0.023599 0.021055 0.011285 0.000703 0.186703 0.009946 2.450702
0.746785 0.023512 0.021067 0.011266 0.000705 0.186714 0.009953 2.453034
0.746765 0.023522 0.021066 0.011295 0.000703 0.186686 0.009964 2.455361
0.746729 0.023625 0.021032 0.011281 0.000695 0.186660 0.009978 2.457607
0.746770 0.023635 0.021032 0.011251 0.000681 0.186644 0.009986 2.459874
0.746817 0.023673 0.020984 0.011270 0.000673 0.186588 0.009996 2.462187
0.746888 0.023640 0.020987 0.011271 0.000677 0.186536 0.010002 2.464509
0.746888 0.023624 0.021028 0.011286 0.000680 0.186483 0.010011 2.466858
0.746914 0.023600 0.021014 0.011309 0.000686 0.186459 0.010019 2.469193
0.746885 0.023670 0.020975 0.011301 0.000692 0.186448 0.010028 2.471478
0.746880 0.023730 0.020951 0.011290 0.000695 0.186421 0.010034 2.473776
0.746894 0.023742 0.020970 0.011248 0.000697 0.186410 0.010040 2.476081
0.746917 0.023730 0.021024 0.011294 0.000696 0.186292 0.010049 2.478424
0.746939 0.023664 0.021037 0.011362 0.000694 0.186250 0.010055 2.480786
0.747006 0.023668 0.021018 0.011375 0.000694 0.186179 0.010060 2.483126
0.746982 0.023680 0.021035 0.011361 0.000696 0.186180 0.010068 2.485438
0.746993 0.023694 0.021064 0.011376 0.000696 0.186099 0.010079 2.487748
0.746924 0.023744 0.021045 0.011370 0.000696 0.186135 0.010088 2.490062
0.746967 0.023703 0.021054 0.011366 0.000704 0.186110 0.010096 2.492415
0.746976 0.023642 0.021068 0.011374 0.000703 0.186130 0.010108 2.494782
0.746954 0.023641 0.021052 0.011360 0.000719 0.186161 0.010114 2.497090
0.746904 0.023660 0.021056 0.011389 0.000721 0.186148 0.010123 2.499424
0.746844 0.023653 0.021082 0.011412 0.000721 0.186156 0.010132 2.501786
0.746802 0.023662 0.021074 0.011469 0.000719 0.186132 0.010142 2.504153
0.746817 0.023675 0.021002 0.011464 0.000727 0.186163 0.010152 2.506473
0.746713 0.023750 0.020991 0.011475 0.000721 0.186188 0.010164 2.508787
0.746665 0.023781 0.020957 0.011527 0.000712 0.186187 0.010171 2.511126
0.746677 0.023794 0.020928 0.011542 0.000714 0.186165 0.010181 2.513430
0.746651 0.023870 0.020933 0.011537 0.000710 0.186106 0.010192 2.515696
0.746673 0.023853 0.020972 0.011497 0.000718 0.186089 0.010198 2.518051
0.746700 0.023863 0.020949 0.011497 0.000707 0.186076 0.010208 2.520352
0.746655 0.023872 0.021039 0.011496 0.000705 0.186017 0.010217 2.522711
0.746677 0.023902 0.021014 0.011517 0.000703 0.185961 0.010227 2.525041
0.746666 0.023983 0.020978 0.011481 0.000698 0.185959 0.010236 2.527296
0.746670 0.023958 0.020968 0.011502 0.000697 0.185962 0.010244 2.529641
0.746641 0.023970 0.020983 0.011524 0.000702 0.185929 0.010252 2.531939
0.746586 0.024003 0.021004 0.011493 0.000699 0.185955 0.010261 2.534274
0.746567 0.023943 0.021051 0.011522 0.000691 0.185957 0.010269 2.536637
0.746551 0.024013 0.021021 0.011498 0.000692 0.185951 0.010276 2.538955
0.746606 0.023967 0.021091 0.011494 0.000688 0.185865 0.010288 2.541287
0.746659 0.023948 0.021079 0.011480 0.000693 0.185846 0.010297 2.543602
0.746572 0.023988 0.021102 0.011470 0.000696 0.185868 0.010304 2.545946
0.746565 0.023950 0.021102 0.011485 0.000702 0.185885 0.010311 2.548290
0.746480 0.023988 0.021091 0.011507 0.000696 0.185918 0.010321 2.550652
0.746507 0.023920 0.021101 0.011519 0.000704 0.185919 0.010331 2.552997
0.746529 0.023883 0.021124 0.011511 0.000712 0.185903 0.010338 2.555349
0.746475 0.023808 0.021160 0.011509 0.000715 0.185989 0.010345 2.557719
0.746505 0.023770 0.021142 0.011526 0.000720 0.185980 0.010357 2.560060
0.746477 0.023775 0.021129 0.011516 0.000715 0.186025 0.010364 2.562398
0.746492 0.023786 0.021123 0.011480 0.000713 0.186035 0.010372 2.564704
0.746512 0.023764 0.021164 0.011515 0.000709 0.185955 0.010381 2.567063
0.746499 0.023736 0.021163 0.011530 0.000706 0.185977 0.010389 2.569422
0.746484 0.023667 0.021205 0.011527 0.000706 0.186013 0.010399 2.571775
0.746455 0.023773 0.021172 0.011475 0.000704 0.186011 0.010409 2.574008
0.746450 0.023746 0.021191 0.011503 0.000715 0.185981 0.010415 2.576384
0.746393 0.023808 0.021209 0.011489 0.000714 0.185969 0.010419 2.578672
0.746355 0.023872 0.021134 0.011479 0.000714 0.186017 0.010429 2.580956
0.746316 0.023895 0.021166 0.011487 0.000714 0.185986 0.010438 2.583308
0.746375 0.023865 0.021114 0.011479 0.000710 0.186008 0.010450 2.585619
0.746406 0.023801 0.021184 0.011458 0.000715 0.185977 0.010459 2.588001
0.746448 0.023725 0.021228 0.011461 0.000713 0.185956 0.010469 2.590376
0.746479 0.023643 0.021257 0.011473 0.000714 0.185958 0.010477 2.592739
0.746528 0.023598 0.021225 0.011438 0.000702 0.186021 0.010488 2.595086
0.746533 0.023646 0.021185 0.011453 0.000702 0.185984 0.010498 2.597365
0.746448 0.023656 0.021225 0.011477 0.000708 0.185982 0.010504 2.599705
0.746463 0.023616 0.021224 0.011481 0.000709 0.185991 0.010516 2.602054
0.746415 0.023655 0.021200 0.011471 0.000712 0.186020 0.010528 2.604396
0.746443 0.023646 0.021192 0.011475 0.000715 0.185993 0.010538 2.606738
0.746395 0.023653 0.021180 0.011474 0.000716 0.186037 0.010546 2.609059
0.746380 0.023715 0.021173 0.011411 0.000709 0.186060 0.010552 2.611339
0.746367 0.023771 0.021143 0.011407 0.000712 0.186040 0.010561 2.613637
0.746395 0.023704 0.021176 0.011418 0.000719 0.186019 0.010569 2.616014
0.746429 0.023706 0.021151 0.011472 0.000725 0.185939 0.010578 2.618336
0.746486 0.023637 0.021186 0.011460 0.000730 0.185914 0.010587 2.620700
0.746525 0.023653 0.021172 0.011437 0.000729 0.185889 0.010597 2.623026
0.746552 0.023636 0.021135 0.011490 0.000731 0.185852 0.010606 2.625322
0.746565 0.023619 0.021124 0.011509 0.000734 0.185835 0.010614 2.627631
0.746568 0.023602 0.021143 0.011486 0.000738 0.185840 0.010623 2.629944
0.746580 0.023584 0.021121 0.011471 0.000736 0.185876 0.010633 2.632239
0.746617 0.023543 0.021144 0.011425 0.000734 0.185895 0.010643 2.634566
0.746632 0.023532 0.021103 0.011457 0.000731 0.185894 0.010651 2.636872
0.746633 0.023557 0.021045 0.011444 0.000738 0.185924 0.010659 2.639173
0.746657 0.023600 0.020976 0.011416 0.000748 0.185933 0.010669 2.641415
0.746693 0.023590 0.020998 0.011433 0.000754 0.185854 0.010679 2.643743
0.746827 0.023472 0.021051 0.011452 0.000759 0.185755 0.010684 2.646099
0.746709 0.023545 0.021005 0.011457 0.000761 0.185831 0.010693 2.648384
0.746731 0.023568 0.021023 0.011432 0.000765 0.185777 0.010705 2.650684
0.746763 0.023561 0.020990 0.011388 0.000760 0.185822 0.010715 2.652998
0.746736 0.023644 0.020979 0.011344 0.000762 0.185811 0.010725 2.655283
0.746740 0.023670 0.021024 0.011333 0.000759 0.185737 0.010737 2.657600
0.746746 0.023695 0.021001 0.011276 0.000758 0.185775 0.010749 2.659873
0.746809 0.023654 0.020988 0.011309 0.000751 0.185726 0.010762 2.662228
0.746866 0.023638 0.020992 0.011328 0.000755 0.185648 0.010772 2.664553
0.746937 0.023623 0.020986 0.011327 0.000753 0.185592 0.010783 2.666841
0.746930 0.023651 0.020996 0.011365 0.000751 0.185514 0.010792 2.669150
0.746921 0.023604 0.020996 0.011366 0.000751 0.185557 0.010805 2.671487
0.746971 0.023534 0.021006 0.011405 0.000759 0.185511 0.010814 2.673851
0.746972 0.023562 0.020971 0.011406 0.000757 0.185510 0.010823 2.676146
0.746994 0.023541 0.021009 0.011433 0.000751 0.185439 0.010833 2.678483
0.747112 0.023467 0.020993 0.011446 0.000746 0.185390 0.010846 2.680801
0.747196 0.023422 0.021068 0.011454 0.000743 0.185259 0.010857 2.683122
0.747217 0.023486 0.021022 0.011419 0.000747 0.185241 0.010870 2.685353
0.747277 0.023434 0.020980 0.011406 0.000759 0.185268 0.010876 2.687657
0.747318 0.023420 0.020991 0.011391 0.000760 0.185233 0.010886 2.689966
0.747336 0.023463 0.020959 0.011358 0.000752 0.185233 0.010900 2.692232
0.747345 0.023497 0.020969 0.011313 0.000744 0.185222 0.010910 2.694529
0.747339 0.023552 0.020925 0.011299 0.000743 0.185223 0.010919 2.696793
0.747329 0.023466 0.020966 0.011335 0.000741 0.185233 0.010930 2.699163
0.747313 0.023590 0.020889 0.011374 0.000747 0.185151 0.010937 2.701410
0.747284 0.023556 0.020973 0.011387 0.000753 0.185104 0.010943 2.703762
0.747346 0.023593 0.020997 0.011364 0.000745 0.185004 0.010952 2.706035
0.747363 0.023561 0.021015 0.011401 0.000734 0.184963 0.010963 2.708385
0.747372 0.023528 0.021014 0.011383 0.000731 0.184997 0.010973 2.710710
0.747298 0.023562 0.021060 0.011357 0.000729 0.185016 0.010978 2.713063
0.747318 0.023583 0.020982 0.011360 0.000731 0.185041 0.010984 2.715349
0.747288 0.023548 0.021054 0.011334 0.000737 0.185042 0.010996 2.717724
0.747251 0.023627 0.021069 0.011298 0.000726 0.185020 0.011008 2.719980
0.747242 0.023560 0.021090 0.011373 0.000734 0.184983 0.011018 2.722345
0.747381 0.023492 0.021033 0.011361 0.000738 0.184969 0.011027 2.724698
0.747468 0.023439 0.021029 0.011389 0.000741 0.184897 0.011038 2.727006
0.747458 0.023463 0.021029 0.011338 0.000742 0.184924 0.011048 2.729288
0.747503 0.023400 0.021013 0.011312 0.000738 0.184977 0.011057 2.731630
0.747544 0.023448 0.020946 0.011241 0.000742 0.185011 0.011067 2.733874
0.747551 0.023471 0.020959 0.011219 0.000736 0.184988 0.011076 2.736136
0.747510 0.023530 0.020961 0.011216 0.000726 0.184972 0.011084 2.738445
0.747500 0.023591 0.020936 0.011235 0.000724 0.184922 0.011092 2.740738
0.747471 0.023613 0.020928 0.011255 0.000726 0.184907 0.011100 2.743017
0.747452 0.023585 0.020941 0.011263 0.000721 0.184930 0.011110 2.745362
0.747453 0.023589 0.021017 0.011236 0.000732 0.184856 0.011117 2.747664
0.747379 0.023611 0.021022 0.011213 0.000735 0.184915 0.011125 2.749954
0.747362 0.023575 0.021039 0.011238 0.000737 0.184915 0.011134 2.752320
0.747412 0.023565 0.021092 0.011241 0.000740 0.184804 0.011146 2.754622
0.747369 0.023577 0.021130 0.011226 0.000742 0.184802 0.011154 2.756947
0.747439 0.023526 0.021185 0.011277 0.000743 0.184664 0.011164 2.759335
0.747466 0.023506 0.021225 0.011331 0.000745 0.184553 0.011173 2.761701
0.747469 0.023610 0.021215 0.011291 0.000737 0.184490 0.011188 2.763932
0.747418 0.023682 0.021187 0.011261 0.000737 0.184519 0.011198 2.766222
0.747373 0.023633 0.021228 0.011264 0.000731 0.184561 0.011209 2.768603
0.747329 0.023667 0.021256 0.011283 0.000723 0.184525 0.011217 2.770910
0.747367 0.023678 0.021229 0.011258 0.000723 0.184518 0.011225 2.773202
0.747313 0.023709 0.021191 0.011258 0.000725 0.184572 0.011231 2.775515
0.747222 0.023751 0.021167 0.011246 0.000718 0.184657 0.011240 2.777836
0.747209 0.023809 0.021147 0.011246 0.000720 0.184622 0.011247 2.780121
0.747128 0.023837 0.021087 0.011253 0.000714 0.184723 0.011260 2.782448
0.747052 0.023798 0.021192 0.011340 0.000717 0.184630 0.011273 2.784868
0.747075 0.023750 0.021207 0.011364 0.000714 0.184607 0.011284 2.787189
0.747029 0.023735 0.021235 0.011371 0.000723 0.184612 0.011293 2.789536
0.747028 0.023705 0.021342 0.011362 0.000729 0.184535 0.011300 2.791931
0.747021 0.023693 0.021312 0.011362 0.000727 0.184578 0.011307 2.794257
0.746973 0.023679 0.021348 0.011399 0.000720 0.184564 0.011317 2.796616
0.746946 0.023691 0.021326 0.011389 0.000725 0.184596 0.011328 2.798919
0.747003 0.023646 0.021336 0.011407 0.000737 0.184529 0.011341 2.801261
0.747042 0.023687 0.021310 0.011390 0.000735 0.184486 0.011350 2.803546
0.747027 0.023622 0.021341 0.011412 0.000730 0.184511 0.011357 2.805937
0.747000 0.023623 0.021317 0.011457 0.000720 0.184512 0.011371 2.808263
0.746939 0.023623 0.021341 0.011410 0.000722 0.184584 0.011381 2.810600
0.746874 0.023653 0.021270 0.011429 0.000731 0.184658 0.011387 2.812921
0.746937 0.023627 0.021307 0.011406 0.000736 0.184594 0.011395 2.815227
0.746950 0.023652 0.021293 0.011406 0.000738 0.184560 0.011401 2.817527
