0.360291 0.061648 0.055124 0.031668 0.002002 0.483459 0.005806 1.586822
0.362706 0.059348 0.055008 0.031511 0.001995 0.483600 0.005833 1.592688
0.365895 0.056411 0.054899 0.031225 0.001991 0.483721 0.005858 1.598436
0.369526 0.053401 0.054520 0.030856 0.001995 0.483816 0.005887 1.603799
0.373399 0.050285 0.054073 0.030440 0.001993 0.483898 0.005914 1.608983
0.377670 0.047331 0.053499 0.029876 0.002006 0.483681 0.005938 1.613742
0.382112 0.044490 0.052610 0.029239 0.002009 0.483580 0.005959 1.618160
0.386619 0.041633 0.051777 0.028607 0.002011 0.483373 0.005980 1.622506
0.391267 0.038952 0.050791 0.027911 0.002002 0.483076 0.006002 1.626534
0.396004 0.036464 0.049655 0.027192 0.002006 0.482654 0.006025 1.630249
0.400934 0.034110 0.048488 0.026456 0.001981 0.481981 0.006050 1.633775
0.405813 0.031980 0.047277 0.025656 0.001959 0.481241 0.006073 1.637053
0.410827 0.030036 0.045951 0.024802 0.001936 0.480350 0.006098 1.640024
0.415808 0.028192 0.044589 0.023991 0.001927 0.479373 0.006119 1.642885
0.420840 0.026386 0.043269 0.023144 0.001910 0.478303 0.006148 1.645590
0.425970 0.024754 0.041863 0.022299 0.001894 0.477055 0.006165 1.648083
0.431100 0.023209 0.040547 0.021469 0.001889 0.475598 0.006188 1.650455
0.436212 0.021763 0.039157 0.020733 0.001871 0.474054 0.006210 1.652702
0.441343 0.020425 0.037815 0.019964 0.001840 0.472383 0.006230 1.654776
0.446432 0.019176 0.036480 0.019170 0.001818 0.470676 0.006248 1.656745
0.451562 0.018037 0.035212 0.018409 0.001792 0.468711 0.006276 1.658595
0.456672 0.017001 0.033906 0.017680 0.001761 0.466677 0.006303 1.660320
0.461816 0.016022 0.032643 0.016967 0.001734 0.464491 0.006326 1.661955
0.466990 0.015118 0.031419 0.016254 0.001720 0.462154 0.006344 1.663481
0.472202 0.014311 0.030178 0.015593 0.001691 0.459661 0.006364 1.664899
0.477468 0.013508 0.028967 0.014920 0.001664 0.457092 0.006381 1.666249
0.482696 0.012739 0.027894 0.014262 0.001630 0.454373 0.006405 1.667553
0.487796 0.012037 0.026735 0.013681 0.001603 0.451722 0.006426 1.668796
0.492840 0.011464 0.025620 0.013078 0.001580 0.448970 0.006448 1.669906
0.497918 0.010829 0.024557 0.012576 0.001531 0.446122 0.006469 1.671026
0.502965 0.010252 0.023589 0.012041 0.001504 0.443161 0.006488 1.672086
0.507969 0.009782 0.022635 0.011496 0.001469 0.440141 0.006508 1.673037
0.512968 0.009324 0.021673 0.011003 0.001430 0.437073 0.006530 1.673946
0.517866 0.008891 0.020796 0.010535 0.001403 0.433963 0.006546 1.674857
0.522893 0.008443 0.019930 0.010071 0.001365 0.430737 0.006561 1.675717
0.527882 0.008041 0.019121 0.009668 0.001336 0.427374 0.006579 1.676543
0.532796 0.007661 0.018330 0.009222 0.001311 0.424083 0.006598 1.677320
0.537685 0.007334 0.017560 0.008796 0.001298 0.420716 0.006610 1.678027
0.542514 0.006997 0.016820 0.008386 0.001268 0.417386 0.006628 1.678730
0.547354 0.006657 0.016102 0.008013 0.001231 0.414001 0.006642 1.679415
0.552132 0.006352 0.015424 0.007634 0.001195 0.410607 0.006658 1.680063
0.556928 0.006062 0.014760 0.007292 0.001163 0.407123 0.006672 1.680676
0.561637 0.005779 0.014164 0.006954 0.001128 0.403648 0.006690 1.681260
0.566387 0.005530 0.013552 0.006650 0.001102 0.400077 0.006703 1.681820
0.570972 0.005315 0.013003 0.006338 0.001079 0.396580 0.006714 1.682345
0.575638 0.005104 0.012434 0.006027 0.001054 0.393013 0.006730 1.682852
0.580180 0.004920 0.011875 0.005758 0.001020 0.389506 0.006743 1.683337
0.584764 0.004728 0.011356 0.005515 0.000995 0.385887 0.006756 1.683802
0.589334 0.004532 0.010899 0.005265 0.000962 0.382240 0.006769 1.684247
0.593856 0.004350 0.010432 0.005031 0.000928 0.378620 0.006782 1.684689
0.598205 0.004207 0.009961 0.004804 0.000896 0.375131 0.006796 1.685095
0.602673 0.004052 0.009553 0.004634 0.000867 0.371412 0.006811 1.685514
0.607089 0.003895 0.009154 0.004437 0.000843 0.367762 0.006821 1.685916
0.611445 0.003744 0.008770 0.004261 0.000819 0.364130 0.006831 1.686289
0.615755 0.003594 0.008403 0.004092 0.000789 0.360524 0.006844 1.686658
0.620068 0.003453 0.008062 0.003881 0.000770 0.356915 0.006851 1.686999
0.624306 0.003329 0.007717 0.003702 0.000750 0.353339 0.006859 1.687337
0.628554 0.003190 0.007414 0.003535 0.000720 0.349718 0.006870 1.687666
0.632699 0.003092 0.007101 0.003369 0.000699 0.346163 0.006878 1.687962
0.636831 0.002998 0.006792 0.003233 0.000679 0.342578 0.006889 1.688259
0.640855 0.002902 0.006501 0.003102 0.000651 0.339087 0.006903 1.688531
0.644897 0.002806 0.006259 0.002962 0.000633 0.335532 0.006911 1.688825
0.648787 0.002731 0.006004 0.002808 0.000618 0.332132 0.006920 1.689088
0.652741 0.002661 0.005743 0.002698 0.000602 0.328625 0.006929 1.689336
0.656626 0.002556 0.005539 0.002566 0.000576 0.325192 0.006944 1.689602
0.660563 0.002455 0.005313 0.002469 0.000557 0.321689 0.006953 1.689872
0.664380 0.002381 0.005083 0.002357 0.000541 0.318300 0.006959 1.690098
0.668234 0.002297 0.004898 0.002256 0.000518 0.314830 0.006968 1.690330
0.672072 0.002230 0.004732 0.002160 0.000500 0.311330 0.006977 1.690561
0.675716 0.002172 0.004572 0.002066 0.000478 0.308013 0.006984 1.690784
0.679429 0.002101 0.004383 0.001985 0.000463 0.304650 0.006990 1.690988
0.683115 0.002042 0.004242 0.001920 0.000452 0.301232 0.006997 1.691199
0.686752 0.001981 0.004096 0.001846 0.000438 0.297883 0.007006 1.691392
0.690358 0.001935 0.003923 0.001788 0.000416 0.294567 0.007015 1.691567
0.693900 0.001894 0.003785 0.001721 0.000404 0.291278 0.007020 1.691749
0.697384 0.001842 0.003640 0.001644 0.000394 0.288072 0.007025 1.691924
0.700855 0.001816 0.003503 0.001580 0.000380 0.284837 0.007030 1.692079
0.704303 0.001738 0.003400 0.001531 0.000373 0.281623 0.007033 1.692270
0.707679 0.001688 0.003262 0.001479 0.000362 0.278493 0.007038 1.692433
0.710951 0.001630 0.003157 0.001436 0.000352 0.275434 0.007042 1.692605
0.714289 0.001579 0.003057 0.001391 0.000342 0.272297 0.007045 1.692774
0.717630 0.001525 0.002956 0.001347 0.000334 0.269159 0.007050 1.692942
0.720872 0.001495 0.002829 0.001294 0.000325 0.266132 0.007056 1.693077
0.724097 0.001453 0.002730 0.001251 0.000314 0.263094 0.007061 1.693226
0.727281 0.001422 0.002635 0.001201 0.000302 0.260096 0.007065 1.693362
0.730481 0.001383 0.002560 0.001162 0.000296 0.257050 0.007068 1.693499
0.733551 0.001341 0.002488 0.001125 0.000282 0.254136 0.007077 1.693637
0.736723 0.001305 0.002418 0.001083 0.000278 0.251114 0.007081 1.693779
0.739686 0.001272 0.002345 0.001041 0.000269 0.248305 0.007083 1.693905
0.742700 0.001243 0.002261 0.000999 0.000257 0.245454 0.007087 1.694029
0.745644 0.001215 0.002174 0.000974 0.000249 0.242654 0.007092 1.694146
0.748559 0.001184 0.002118 0.000927 0.000240 0.239880 0.007094 1.694265
0.751428 0.001154 0.002045 0.000898 0.000233 0.237144 0.007099 1.694380
0.754313 0.001125 0.001978 0.000867 0.000226 0.234391 0.007101 1.694495
0.757083 0.001094 0.001924 0.000855 0.000219 0.231721 0.007105 1.694609
0.759896 0.001088 0.001852 0.000829 0.000214 0.229015 0.007107 1.694704
0.762638 0.001058 0.001794 0.000802 0.000208 0.226391 0.007109 1.694804
0.765367 0.001022 0.001754 0.000790 0.000202 0.223754 0.007112 1.694918
0.768128 0.001005 0.001679 0.000766 0.000195 0.221114 0.007115 1.695006
0.770780 0.000982 0.001632 0.000750 0.000187 0.218551 0.007117 1.695105
0.773474 0.000936 0.001595 0.000736 0.000183 0.215956 0.007120 1.695209
0.776098 0.000907 0.001541 0.000703 0.000175 0.213455 0.007121 1.695300
0.778732 0.000890 0.001485 0.000678 0.000172 0.210922 0.007123 1.695387
0.781284 0.000870 0.001440 0.000658 0.000163 0.208458 0.007127 1.695477
0.783823 0.000856 0.001392 0.000646 0.000157 0.205998 0.007129 1.695561
0.786364 0.000843 0.001359 0.000620 0.000150 0.203533 0.007134 1.695645
0.788799 0.000835 0.001331 0.000609 0.000145 0.201145 0.007136 1.695728
0.791188 0.000805 0.001294 0.000591 0.000141 0.198844 0.007138 1.695812
0.793553 0.000777 0.001256 0.000576 0.000136 0.196562 0.007141 1.695889
0.795936 0.000751 0.001232 0.000550 0.000130 0.194258 0.007143 1.695964
0.798337 0.000733 0.001194 0.000543 0.000124 0.191925 0.007146 1.696042
0.800683 0.000732 0.001153 0.000526 0.000120 0.189638 0.007148 1.696101
0.802973 0.000711 0.001120 0.000507 0.000113 0.187426 0.007151 1.696173
0.805244 0.000695 0.001090 0.000490 0.000111 0.185217 0.007152 1.696238
0.807417 0.000699 0.001065 0.000481 0.000107 0.183079 0.007152 1.696302
0.809669 0.000675 0.001040 0.000471 0.000103 0.180890 0.007153 1.696370
0.811799 0.000661 0.001005 0.000460 0.000097 0.178824 0.007155 1.696433
0.813980 0.000651 0.000967 0.000449 0.000095 0.176704 0.007156 1.696491
0.816107 0.000635 0.000939 0.000441 0.000092 0.174628 0.007158 1.696552
0.818210 0.000634 0.000914 0.000426 0.000087 0.172569 0.007160 1.696605
0.820287 0.000631 0.000878 0.000415 0.000084 0.170545 0.007161 1.696663
0.822358 0.000625 0.000862 0.000405 0.000082 0.168506 0.007162 1.696725
0.824338 0.000620 0.000845 0.000401 0.000080 0.166553 0.007163 1.696786
0.826371 0.000605 0.000828 0.000398 0.000078 0.164557 0.007164 1.696846
0.828356 0.000578 0.000816 0.000386 0.000075 0.162624 0.007165 1.696916
0.830311 0.000573 0.000797 0.000379 0.000072 0.160702 0.007166 1.696970
0.832304 0.000575 0.000774 0.000363 0.000068 0.158747 0.007168 1.697019
0.834245 0.000556 0.000756 0.000354 0.000067 0.156854 0.007168 1.697075
0.836179 0.000545 0.000754 0.000348 0.000066 0.154940 0.007168 1.697140
0.838071 0.000540 0.000739 0.000340 0.000065 0.153078 0.007169 1.697185
0.839927 0.000535 0.000726 0.000329 0.000062 0.151252 0.007170 1.697237
0.841814 0.000518 0.000705 0.000320 0.000060 0.149412 0.007171 1.697289
0.843609 0.000506 0.000698 0.000317 0.000059 0.147640 0.007172 1.697344
0.845409 0.000499 0.000674 0.000310 0.000058 0.145877 0.007173 1.697391
0.847164 0.000491 0.000654 0.000306 0.000057 0.144155 0.007173 1.697437
0.848915 0.000494 0.000635 0.000303 0.000055 0.142425 0.007173 1.697478
0.850675 0.000490 0.000628 0.000291 0.000052 0.140691 0.007174 1.697526
0.852379 0.000483 0.000621 0.000278 0.000049 0.139016 0.007176 1.697564
0.854062 0.000479 0.000601 0.000274 0.000049 0.137360 0.007176 1.697603
0.855718 0.000461 0.000601 0.000266 0.000048 0.135731 0.007176 1.697655
0.857386 0.000450 0.000594 0.000262 0.000046 0.134086 0.007176 1.697703
0.858909 0.000442 0.000578 0.000265 0.000046 0.132585 0.007176 1.697749
0.860486 0.000428 0.000580 0.000258 0.000044 0.131028 0.007178 1.697805
0.862029 0.000427 0.000562 0.000252 0.000043 0.129509 0.007178 1.697848
0.863611 0.000425 0.000547 0.000243 0.000040 0.127956 0.007179 1.697884
0.865107 0.000414 0.000549 0.000234 0.000041 0.126476 0.007179 1.697928
0.866599 0.000404 0.000542 0.000232 0.000037 0.125006 0.007181 1.697969
0.868088 0.000402 0.000539 0.000223 0.000036 0.123530 0.007182 1.698007
0.869578 0.000402 0.000529 0.000223 0.000035 0.122052 0.007182 1.698045
0.871023 0.000397 0.000519 0.000216 0.000034 0.120628 0.007183 1.698081
0.872461 0.000396 0.000514 0.000214 0.000033 0.119200 0.007183 1.698120
0.873884 0.000388 0.000510 0.000204 0.000035 0.117798 0.007183 1.698157
0.875245 0.000387 0.000503 0.000200 0.000033 0.116450 0.007184 1.698193
0.876616 0.000385 0.000486 0.000201 0.000032 0.115097 0.007184 1.698226
0.877951 0.000369 0.000476 0.000201 0.000031 0.113789 0.007184 1.698269
0.879259 0.000359 0.000467 0.000206 0.000031 0.112494 0.007184 1.698309
0.880577 0.000361 0.000453 0.000203 0.000031 0.111192 0.007184 1.698342
0.881846 0.000361 0.000445 0.000200 0.000031 0.109934 0.007184 1.698371
0.883073 0.000359 0.000441 0.000189 0.000030 0.108725 0.007184 1.698402
0.884334 0.000360 0.000433 0.000181 0.000029 0.107478 0.007186 1.698428
0.885521 0.000351 0.000428 0.000179 0.000028 0.106309 0.007186 1.698466
0.886707 0.000342 0.000419 0.000184 0.000027 0.105136 0.007186 1.698505
0.887901 0.000341 0.000411 0.000182 0.000025 0.103954 0.007188 1.698535
0.889041 0.000337 0.000398 0.000185 0.000024 0.102826 0.007188 1.698569
0.890180 0.000325 0.000397 0.000184 0.000022 0.101704 0.007189 1.698605
0.891271 0.000322 0.000392 0.000187 0.000021 0.100618 0.007190 1.698637
0.892402 0.000316 0.000393 0.000185 0.000021 0.099494 0.007190 1.698671
0.893492 0.000308 0.000382 0.000180 0.000021 0.098426 0.007190 1.698705
0.894552 0.000307 0.000379 0.000175 0.000020 0.097377 0.007191 1.698736
0.895544 0.000299 0.000369 0.000172 0.000020 0.096406 0.007191 1.698766
0.896541 0.000298 0.000357 0.000166 0.000020 0.095427 0.007191 1.698793
0.897547 0.000285 0.000356 0.000165 0.000017 0.094438 0.007192 1.698826
0.898513 0.000281 0.000347 0.000162 0.000017 0.093488 0.007193 1.698854
0.899497 0.000275 0.000341 0.000163 0.000017 0.092514 0.007193 1.698882
0.900468 0.000264 0.000337 0.000157 0.000017 0.091564 0.007193 1.698911
0.901380 0.000265 0.000327 0.000152 0.000018 0.090666 0.007193 1.698935
0.902234 0.000261 0.000322 0.000149 0.000018 0.089823 0.007193 1.698962
0.903097 0.000263 0.000310 0.000145 0.000017 0.088974 0.007194 1.698983
0.903955 0.000260 0.000304 0.000143 0.000017 0.088127 0.007194 1.699008
0.904787 0.000257 0.000302 0.000138 0.000016 0.087307 0.007194 1.699035
0.905629 0.000247 0.000300 0.000139 0.000015 0.086476 0.007194 1.699063
0.906437 0.000234 0.000296 0.000139 0.000016 0.085684 0.007194 1.699087
0.907262 0.000229 0.000293 0.000134 0.000016 0.084871 0.007195 1.699110
0.908005 0.000225 0.000289 0.000132 0.000015 0.084140 0.007195 1.699136
0.908739 0.000228 0.000276 0.000126 0.000014 0.083422 0.007195 1.699152
0.909485 0.000223 0.000274 0.000124 0.000013 0.082686 0.007196 1.699178
0.910199 0.000224 0.000271 0.000119 0.000012 0.081978 0.007196 1.699200
0.910905 0.000223 0.000268 0.000121 0.000012 0.081274 0.007198 1.699223
0.911583 0.000225 0.000264 0.000115 0.000011 0.080605 0.007198 1.699243
0.912228 0.000229 0.000253 0.000115 0.000011 0.079966 0.007198 1.699260
0.912876 0.000231 0.000243 0.000110 0.000011 0.079331 0.007199 1.699277
0.913514 0.000224 0.000241 0.000110 0.000010 0.078702 0.007199 1.699302
0.914191 0.000225 0.000232 0.000107 0.000010 0.078037 0.007199 1.699319
0.914827 0.000228 0.000232 0.000104 0.000010 0.077400 0.007199 1.699341
0.915433 0.000228 0.000229 0.000104 0.000010 0.076798 0.007199 1.699361
0.916078 0.000228 0.000233 0.000099 0.000010 0.076154 0.007199 1.699383
0.916671 0.000225 0.000226 0.000099 0.000010 0.075571 0.007199 1.699403
0.917259 0.000219 0.000224 0.000098 0.000010 0.074992 0.007199 1.699425
0.917831 0.000211 0.000222 0.000097 0.000010 0.074431 0.007199 1.699447
0.918381 0.000207 0.000223 0.000094 0.000010 0.073887 0.007199 1.699472
0.918945 0.000208 0.000220 0.000096 0.000010 0.073323 0.007199 1.699489
0.919506 0.000214 0.000208 0.000097 0.000010 0.072767 0.007199 1.699504
0.920067 0.000208 0.000213 0.000095 0.000009 0.072211 0.007200 1.699525
0.920594 0.000203 0.000217 0.000095 0.000008 0.071683 0.007200 1.699547
0.921095 0.000195 0.000209 0.000097 0.000007 0.071197 0.007200 1.699569
0.921593 0.000191 0.000206 0.000097 0.000007 0.070707 0.007200 1.699587
0.922096 0.000187 0.000204 0.000092 0.000007 0.070215 0.007200 1.699606
0.922604 0.000189 0.000202 0.000093 0.000007 0.069706 0.007200 1.699626
0.923067 0.000195 0.000198 0.000089 0.000007 0.069245 0.007200 1.699644
0.923539 0.000194 0.000197 0.000091 0.000007 0.068773 0.007200 1.699664
0.923980 0.000186 0.000193 0.000095 0.000006 0.068341 0.007200 1.699688
0.924415 0.000184 0.000188 0.000097 0.000006 0.067910 0.007200 1.699709
0.924855 0.000177 0.000191 0.000094 0.000006 0.067475 0.007200 1.699731
0.925267 0.000168 0.000198 0.000094 0.000006 0.067066 0.007200 1.699756
0.925699 0.000170 0.000193 0.000095 0.000006 0.066637 0.007200 1.699772
0.926061 0.000168 0.000194 0.000093 0.000005 0.066279 0.007200 1.699792
0.926436 0.000158 0.000190 0.000093 0.000005 0.065917 0.007200 1.699811
0.926824 0.000155 0.000189 0.000090 0.000005 0.065537 0.007200 1.699826
0.927199 0.000159 0.000187 0.000083 0.000005 0.065166 0.007200 1.699836
0.927572 0.000155 0.000190 0.000085 0.000005 0.064793 0.007201 1.699856
0.927927 0.000153 0.000191 0.000083 0.000005 0.064441 0.007201 1.699872
0.928276 0.000151 0.000188 0.000084 0.000005 0.064095 0.007201 1.699885
0.928654 0.000151 0.000188 0.000081 0.000004 0.063719 0.007201 1.699899
0.928988 0.000155 0.000181 0.000078 0.000003 0.063393 0.007202 1.699909
0.929308 0.000155 0.000179 0.000076 0.000003 0.063078 0.007202 1.699924
0.929649 0.000150 0.000174 0.000071 0.000003 0.062752 0.007202 1.699940
0.929973 0.000147 0.000170 0.000072 0.000004 0.062433 0.007202 1.699955
0.930288 0.000146 0.000166 0.000071 0.000004 0.062122 0.007202 1.699968
0.930603 0.000152 0.000158 0.000071 0.000004 0.061810 0.007202 1.699977
0.930917 0.000151 0.000156 0.000070 0.000005 0.061499 0.007202 1.699990
0.931205 0.000147 0.000161 0.000070 0.000005 0.061209 0.007202 1.700008
0.931478 0.000147 0.000154 0.000070 0.000004 0.060944 0.007202 1.700024
0.931736 0.000145 0.000156 0.000073 0.000004 0.060683 0.007202 1.700043
0.932001 0.000141 0.000154 0.000072 0.000004 0.060425 0.007202 1.700057
0.932254 0.000143 0.000152 0.000075 0.000004 0.060170 0.007202 1.700069
0.932492 0.000142 0.000154 0.000074 0.000004 0.059932 0.007202 1.700085
0.932720 0.000140 0.000156 0.000074 0.000003 0.059703 0.007202 1.700099
0.932945 0.000138 0.000156 0.000069 0.000004 0.059484 0.007202 1.700112
0.933143 0.000139 0.000157 0.000069 0.000003 0.059285 0.007202 1.700126
0.933347 0.000130 0.000158 0.000069 0.000003 0.059090 0.007202 1.700146
0.933542 0.000134 0.000153 0.000065 0.000003 0.058900 0.007202 1.700155
0.933748 0.000130 0.000155 0.000067 0.000003 0.058695 0.007203 1.700170
0.933949 0.000134 0.000151 0.000067 0.000002 0.058494 0.007203 1.700180
0.934116 0.000138 0.000146 0.000069 0.000002 0.058326 0.007203 1.700191
0.934321 0.000133 0.000147 0.000069 0.000002 0.058123 0.007203 1.700208
0.934511 0.000135 0.000147 0.000068 0.000002 0.057934 0.007204 1.700221
0.934682 0.000136 0.000143 0.000067 0.000002 0.057766 0.007204 1.700232
0.934866 0.000132 0.000152 0.000067 0.000002 0.057577 0.007204 1.700247
0.935015 0.000129 0.000149 0.000067 0.000002 0.057435 0.007204 1.700262
0.935192 0.000126 0.000145 0.000066 0.000002 0.057265 0.007204 1.700272
0.935362 0.000125 0.000144 0.000065 0.000002 0.057098 0.007204 1.700286
0.935510 0.000133 0.000140 0.000063 0.000001 0.056949 0.007204 1.700298
0.935672 0.000130 0.000137 0.000063 0.000001 0.056792 0.007204 1.700312
0.935818 0.000129 0.000134 0.000059 0.000002 0.056653 0.007204 1.700323
0.935964 0.000127 0.000134 0.000058 0.000002 0.056510 0.007204 1.700335
0.936108 0.000126 0.000135 0.000057 0.000002 0.056369 0.007204 1.700348
0.936252 0.000126 0.000132 0.000052 0.000002 0.056232 0.007204 1.700362
0.936393 0.000129 0.000133 0.000051 0.000002 0.056088 0.007204 1.700372
0.936520 0.000135 0.000134 0.000051 0.000002 0.055955 0.007205 1.700385
0.936628 0.000137 0.000132 0.000053 0.000001 0.055845 0.007205 1.700397
0.936754 0.000140 0.000127 0.000053 0.000001 0.055719 0.007205 1.700405
0.936859 0.000142 0.000127 0.000053 0.000002 0.055611 0.007205 1.700415
0.936991 0.000142 0.000125 0.000054 0.000002 0.055481 0.007205 1.700428
0.937110 0.000144 0.000125 0.000054 0.000002 0.055360 0.007205 1.700441
0.937224 0.000142 0.000129 0.000052 0.000002 0.055245 0.007206 1.700458
0.937337 0.000142 0.000128 0.000050 0.000002 0.055135 0.007206 1.700470
0.937438 0.000143 0.000124 0.000050 0.000002 0.055037 0.007206 1.700481
0.937545 0.000140 0.000125 0.000051 0.000002 0.054930 0.007206 1.700498
0.937647 0.000150 0.000121 0.000053 0.000002 0.054821 0.007206 1.700509
0.937735 0.000153 0.000118 0.000052 0.000002 0.054734 0.007206 1.700521
0.937842 0.000147 0.000121 0.000052 0.000003 0.054629 0.007206 1.700537
0.937940 0.000145 0.000123 0.000055 0.000003 0.054529 0.007206 1.700552
0.938029 0.000137 0.000125 0.000058 0.000002 0.054442 0.007206 1.700570
0.938121 0.000133 0.000123 0.000059 0.000002 0.054356 0.007206 1.700583
0.938193 0.000133 0.000121 0.000059 0.000002 0.054287 0.007206 1.700596
0.938288 0.000129 0.000117 0.000058 0.000002 0.054200 0.007206 1.700606
0.938381 0.000128 0.000112 0.000057 0.000002 0.054113 0.007206 1.700616
0.938474 0.000123 0.000108 0.000057 0.000002 0.054029 0.007206 1.700630
0.938553 0.000121 0.000109 0.000058 0.000002 0.053951 0.007206 1.700641
0.938626 0.000124 0.000112 0.000056 0.000002 0.053875 0.007206 1.700653
0.938710 0.000119 0.000115 0.000058 0.000002 0.053791 0.007206 1.700666
0.938793 0.000120 0.000114 0.000057 0.000002 0.053708 0.007206 1.700675
0.938861 0.000119 0.000119 0.000056 0.000002 0.053637 0.007206 1.700689
0.938935 0.000113 0.000126 0.000059 0.000002 0.053558 0.007206 1.700707
0.938999 0.000115 0.000126 0.000058 0.000002 0.053493 0.007206 1.700717
0.939068 0.000116 0.000122 0.000055 0.000002 0.053429 0.007206 1.700727
0.939136 0.000118 0.000119 0.000053 0.000003 0.053365 0.007206 1.700737
0.939214 0.000115 0.000122 0.000054 0.000003 0.053285 0.007206 1.700750
0.939284 0.000114 0.000122 0.000055 0.000003 0.053215 0.007206 1.700765
0.939352 0.000117 0.000125 0.000051 0.000003 0.053146 0.007206 1.700775
0.939429 0.000115 0.000122 0.000051 0.000003 0.053074 0.007206 1.700784
0.939496 0.000112 0.000120 0.000053 0.000003 0.053010 0.007206 1.700795
0.939560 0.000106 0.000121 0.000052 0.000003 0.052951 0.007206 1.700810
0.939644 0.000097 0.000120 0.000052 0.000003 0.052877 0.007206 1.700826
0.939703 0.000093 0.000116 0.000055 0.000003 0.052822 0.007206 1.700838
0.939750 0.000096 0.000116 0.000055 0.000003 0.052773 0.007206 1.700847
0.939792 0.000096 0.000116 0.000055 0.000003 0.052732 0.007206 1.700856
0.939840 0.000099 0.000115 0.000055 0.000003 0.052682 0.007206 1.700865
0.939891 0.000100 0.000113 0.000053 0.000003 0.052635 0.007206 1.700873
0.939946 0.000094 0.000117 0.000051 0.000003 0.052583 0.007206 1.700886
0.939997 0.000096 0.000115 0.000052 0.000003 0.052530 0.007206 1.700893
0.940049 0.000095 0.000113 0.000052 0.000003 0.052482 0.007206 1.700902
0.940105 0.000095 0.000109 0.000051 0.000003 0.052431 0.007206 1.700911
0.940162 0.000096 0.000108 0.000048 0.000003 0.052376 0.007206 1.700918
0.940205 0.000095 0.000107 0.000047 0.000003 0.052337 0.007206 1.700928
0.940256 0.000092 0.000106 0.000049 0.000003 0.052289 0.007206 1.700940
0.940304 0.000091 0.000102 0.000049 0.000004 0.052243 0.007206 1.700948
0.940351 0.000092 0.000097 0.000047 0.000004 0.052203 0.007206 1.700954
0.940398 0.000096 0.000095 0.000046 0.000004 0.052156 0.007206 1.700962
0.940446 0.000095 0.000095 0.000048 0.000004 0.052106 0.007206 1.700975
0.940483 0.000096 0.000092 0.000046 0.000004 0.052073 0.007206 1.700984
0.940529 0.000095 0.000090 0.000049 0.000004 0.052028 0.007206 1.700995
0.940570 0.000100 0.000083 0.000049 0.000004 0.051988 0.007206 1.701002
0.940609 0.000100 0.000081 0.000045 0.000004 0.051954 0.007206 1.701009
0.940647 0.000102 0.000081 0.000047 0.000003 0.051913 0.007206 1.701018
0.940697 0.000099 0.000081 0.000047 0.000003 0.051866 0.007206 1.701027
0.940738 0.000095 0.000083 0.000048 0.000003 0.051827 0.007206 1.701039
0.940774 0.000091 0.000085 0.000048 0.000003 0.051792 0.007206 1.701051
0.940814 0.000088 0.000087 0.000046 0.000003 0.051755 0.007206 1.701061
0.940856 0.000090 0.000087 0.000044 0.000004 0.051713 0.007206 1.701069
0.940893 0.000089 0.000091 0.000040 0.000004 0.051677 0.007206 1.701077
0.940924 0.000085 0.000089 0.000040 0.000004 0.051652 0.007206 1.701087
0.940958 0.000089 0.000088 0.000039 0.000003 0.051616 0.007206 1.701094
0.940983 0.000082 0.000092 0.000041 0.000003 0.051593 0.007206 1.701108
0.941014 0.000079 0.000092 0.000042 0.000003 0.051564 0.007206 1.701117
0.941047 0.000076 0.000094 0.000040 0.000003 0.051534 0.007206 1.701124
0.941078 0.000075 0.000094 0.000042 0.000003 0.051501 0.007206 1.701133
0.941111 0.000071 0.000095 0.000040 0.000003 0.051475 0.007206 1.701141
0.941135 0.000074 0.000094 0.000039 0.000003 0.051448 0.007206 1.701151
0.941169 0.000076 0.000092 0.000039 0.000003 0.051415 0.007206 1.701156
0.941191 0.000079 0.000090 0.000039 0.000003 0.051391 0.007206 1.701164
0.941212 0.000082 0.000088 0.000036 0.000003 0.051372 0.007206 1.701170
0.941238 0.000085 0.000082 0.000035 0.000003 0.051350 0.007206 1.701174
0.941261 0.000081 0.000083 0.000034 0.000003 0.051331 0.007206 1.701182
0.941294 0.000074 0.000084 0.000034 0.000003 0.051304 0.007206 1.701194
0.941318 0.000070 0.000086 0.000033 0.000003 0.051284 0.007206 1.701204
0.941343 0.000070 0.000085 0.000034 0.000003 0.051258 0.007206 1.701211
0.941359 0.000071 0.000084 0.000035 0.000003 0.051242 0.007206 1.701220
0.941377 0.000069 0.000083 0.000034 0.000003 0.051228 0.007206 1.701229
0.941404 0.000069 0.000081 0.000035 0.000003 0.051202 0.007206 1.701234
0.941428 0.000069 0.000080 0.000031 0.000004 0.051181 0.007206 1.701241
0.941447 0.000071 0.000075 0.000031 0.000004 0.051164 0.007206 1.701247
0.941460 0.000075 0.000074 0.000031 0.000004 0.051149 0.007206 1.701254
0.941476 0.000080 0.000077 0.000030 0.000004 0.051127 0.007206 1.701260
0.941493 0.000078 0.000076 0.000030 0.000003 0.051111 0.007207 1.701267
0.941508 0.000081 0.000080 0.000027 0.000003 0.051093 0.007207 1.701275
0.941527 0.000083 0.000078 0.000029 0.000003 0.051073 0.007207 1.701282
0.941553 0.000078 0.000078 0.000031 0.000003 0.051049 0.007207 1.701290
0.941576 0.000077 0.000081 0.000030 0.000003 0.051026 0.007208 1.701298
0.941596 0.000077 0.000081 0.000032 0.000003 0.051004 0.007208 1.701304
0.941616 0.000075 0.000081 0.000031 0.000003 0.050986 0.007208 1.701313
0.941638 0.000073 0.000081 0.000033 0.000003 0.050964 0.007208 1.701321
0.941650 0.000077 0.000080 0.000032 0.000003 0.050951 0.007208 1.701326
0.941663 0.000073 0.000080 0.000033 0.000003 0.050940 0.007208 1.701337
0.941677 0.000077 0.000082 0.000032 0.000002 0.050921 0.007208 1.701343
0.941691 0.000074 0.000082 0.000033 0.000002 0.050910 0.007208 1.701352
0.941708 0.000077 0.000081 0.000035 0.000002 0.050891 0.007208 1.701358
0.941727 0.000075 0.000084 0.000035 0.000002 0.050869 0.007208 1.701367
0.941741 0.000075 0.000079 0.000035 0.000002 0.050859 0.007208 1.701373
0.941759 0.000081 0.000075 0.000033 0.000002 0.050843 0.007208 1.701378
0.941774 0.000081 0.000070 0.000032 0.000002 0.050833 0.007208 1.701383
0.941794 0.000077 0.000071 0.000031 0.000002 0.050817 0.007208 1.701393
0.941806 0.000074 0.000072 0.000032 0.000002 0.050805 0.007208 1.701402
0.941819 0.000076 0.000072 0.000030 0.000002 0.050793 0.007208 1.701407
0.941834 0.000075 0.000067 0.000032 0.000002 0.050782 0.007208 1.701412
0.941846 0.000076 0.000066 0.000033 0.000002 0.050769 0.007208 1.701420
0.941854 0.000079 0.000063 0.000033 0.000002 0.050763 0.007208 1.701425
0.941862 0.000079 0.000066 0.000032 0.000002 0.050753 0.007208 1.701433
0.941877 0.000077 0.000062 0.000034 0.000002 0.050741 0.007208 1.701441
0.941894 0.000076 0.000063 0.000033 0.000002 0.050725 0.007208 1.701447
0.941909 0.000071 0.000063 0.000035 0.000002 0.050712 0.007208 1.701457
0.941924 0.000066 0.000063 0.000035 0.000002 0.050702 0.007208 1.701465
0.941940 0.000066 0.000062 0.000036 0.000002 0.050686 0.007208 1.701472
0.941957 0.000066 0.000060 0.000036 0.000002 0.050673 0.007208 1.701476
0.941968 0.000062 0.000061 0.000036 0.000002 0.050665 0.007208 1.701484
0.941974 0.000066 0.000058 0.000033 0.000002 0.050659 0.007208 1.701488
0.941989 0.000066 0.000057 0.000033 0.000002 0.050646 0.007208 1.701493
0.942005 0.000067 0.000056 0.000033 0.000002 0.050630 0.007208 1.701498
0.942018 0.000069 0.000054 0.000028 0.000002 0.050621 0.007208 1.701500
0.942031 0.000070 0.000056 0.000027 0.000002 0.050607 0.007208 1.701507
0.942043 0.000068 0.000053 0.000024 0.000002 0.050602 0.007208 1.701511
0.942049 0.000068 0.000054 0.000025 0.000002 0.050593 0.007208 1.701518
0.942060 0.000066 0.000054 0.000027 0.000002 0.050583 0.007208 1.701526
0.942071 0.000066 0.000053 0.000026 0.000002 0.050574 0.007208 1.701531
0.942083 0.000063 0.000054 0.000027 0.000002 0.050564 0.007208 1.701539
0.942092 0.000062 0.000052 0.000029 0.000002 0.050555 0.007208 1.701545
0.942100 0.000061 0.000054 0.000029 0.000002 0.050547 0.007208 1.701552
0.942105 0.000062 0.000054 0.000027 0.000002 0.050542 0.007208 1.701557
0.942111 0.000061 0.000052 0.000029 0.000002 0.050538 0.007208 1.701563
0.942116 0.000062 0.000050 0.000028 0.000002 0.050534 0.007208 1.701567
0.942128 0.000058 0.000051 0.000029 0.000002 0.050525 0.007208 1.701575
0.942138 0.000057 0.000050 0.000027 0.000002 0.050518 0.007208 1.701579
0.942151 0.000054 0.000048 0.000028 0.000002 0.050509 0.007208 1.701584
0.942163 0.000054 0.000046 0.000029 0.000002 0.050500 0.007208 1.701588
0.942173 0.000057 0.000044 0.000029 0.000002 0.050488 0.007208 1.701591
0.942178 0.000054 0.000044 0.000030 0.000002 0.050484 0.007208 1.701597
0.942183 0.000053 0.000047 0.000029 0.000002 0.050477 0.007208 1.701606
0.942195 0.000051 0.000046 0.000029 0.000002 0.050469 0.007208 1.701611
0.942208 0.000050 0.000047 0.000028 0.000002 0.050458 0.007208 1.701616
0.942216 0.000048 0.000049 0.000027 0.000002 0.050449 0.007208 1.701622
0.942224 0.000050 0.000046 0.000025 0.000002 0.050444 0.007208 1.701624
0.942236 0.000049 0.000047 0.000025 0.000002 0.050433 0.007208 1.701629
0.942248 0.000048 0.000046 0.000023 0.000002 0.050425 0.007208 1.701634
0.942255 0.000049 0.000049 0.000021 0.000002 0.050416 0.007208 1.701639
0.942261 0.000051 0.000046 0.000022 0.000002 0.050410 0.007208 1.701643
0.942269 0.000051 0.000046 0.000022 0.000002 0.050402 0.007208 1.701646
0.942279 0.000051 0.000044 0.000022 0.000002 0.050394 0.007208 1.701649
0.942288 0.000048 0.000047 0.000022 0.000001 0.050386 0.007208 1.701655
0.942298 0.000046 0.000046 0.000023 0.000001 0.050377 0.007208 1.701660
0.942305 0.000043 0.000048 0.000022 0.000001 0.050373 0.007208 1.701667
0.942308 0.000045 0.000044 0.000023 0.000001 0.050370 0.007208 1.701670
0.942316 0.000047 0.000044 0.000022 0.000001 0.050363 0.007208 1.701674
0.942323 0.000045 0.000044 0.000021 0.000001 0.050356 0.007208 1.701678
0.942323 0.000049 0.000042 0.000020 0.000001 0.050356 0.007208 1.701682
0.942325 0.000048 0.000045 0.000020 0.000001 0.050353 0.007208 1.701687
0.942329 0.000050 0.000047 0.000018 0.000001 0.050347 0.007208 1.701692
0.942334 0.000049 0.000044 0.000019 0.000001 0.050345 0.007208 1.701696
0.942344 0.000049 0.000042 0.000020 0.000000 0.050337 0.007208 1.701699
0.942345 0.000051 0.000042 0.000021 0.000000 0.050331 0.007208 1.701704
0.942351 0.000048 0.000043 0.000024 0.000000 0.050326 0.007208 1.701711
0.942359 0.000047 0.000043 0.000025 0.000000 0.050318 0.007208 1.701715
0.942362 0.000050 0.000044 0.000023 0.000000 0.050313 0.007208 1.701719
0.942368 0.000050 0.000041 0.000024 0.000000 0.050308 0.007208 1.701724
0.942371 0.000051 0.000041 0.000024 0.000000 0.050305 0.007208 1.701728
0.942377 0.000050 0.000043 0.000024 0.000000 0.050298 0.007208 1.701732
0.942380 0.000048 0.000044 0.000024 0.000000 0.050295 0.007208 1.701738
0.942388 0.000048 0.000044 0.000024 0.000000 0.050288 0.007208 1.701742
0.942390 0.000048 0.000046 0.000023 0.000000 0.050285 0.007208 1.701748
0.942393 0.000048 0.000046 0.000022 0.000000 0.050282 0.007208 1.701753
0.942392 0.000048 0.000044 0.000023 0.000000 0.050283 0.007208 1.701759
0.942395 0.000046 0.000044 0.000023 0.000000 0.050284 0.007208 1.701766
0.942401 0.000044 0.000043 0.000024 0.000000 0.050278 0.007208 1.701770
0.942406 0.000044 0.000041 0.000024 0.000000 0.050275 0.007208 1.701774
0.942411 0.000043 0.000044 0.000024 0.000000 0.050270 0.007208 1.701780
0.942416 0.000042 0.000044 0.000024 0.000000 0.050264 0.007208 1.701783
0.942422 0.000043 0.000040 0.000025 0.000001 0.050261 0.007208 1.701786
0.942425 0.000039 0.000038 0.000026 0.000001 0.050263 0.007208 1.701791
0.942429 0.000039 0.000036 0.000025 0.000001 0.050261 0.007208 1.701795
0.942442 0.000037 0.000038 0.000025 0.000001 0.050248 0.007208 1.701798
0.942447 0.000038 0.000038 0.000024 0.000001 0.050242 0.007208 1.701802
0.942453 0.000036 0.000035 0.000025 0.000001 0.050240 0.007208 1.701805
0.942458 0.000036 0.000037 0.000026 0.000001 0.050235 0.007208 1.701809
0.942464 0.000036 0.000034 0.000024 0.000000 0.050233 0.007208 1.701810
0.942470 0.000036 0.000035 0.000022 0.000000 0.050228 0.007208 1.701813
0.942474 0.000038 0.000034 0.000019 0.000000 0.050226 0.007208 1.701815
0.942482 0.000034 0.000034 0.000021 0.000000 0.050220 0.007208 1.701821
0.942484 0.000035 0.000033 0.000020 0.000000 0.050219 0.007208 1.701823
0.942494 0.000034 0.000031 0.000018 0.000000 0.050214 0.007208 1.701825
0.942498 0.000035 0.000032 0.000017 0.000000 0.050209 0.007208 1.701827
0.942505 0.000035 0.000033 0.000017 0.000000 0.050203 0.007208 1.701830
0.942511 0.000033 0.000031 0.000017 0.000000 0.050199 0.007208 1.701832
0.942516 0.000034 0.000028 0.000015 0.000000 0.050198 0.007208 1.701832
0.942522 0.000033 0.000029 0.000015 0.000001 0.050192 0.007208 1.701835
0.942529 0.000031 0.000030 0.000014 0.000001 0.050187 0.007208 1.701838
0.942536 0.000031 0.000027 0.000014 0.000001 0.050183 0.007208 1.701840
0.942540 0.000030 0.000026 0.000014 0.000001 0.050180 0.007208 1.701843
0.942545 0.000028 0.000027 0.000014 0.000001 0.050177 0.007208 1.701847
0.942550 0.000027 0.000027 0.000013 0.000001 0.050174 0.007208 1.701848
0.942555 0.000027 0.000028 0.000013 0.000002 0.050169 0.007208 1.701850
0.942559 0.000027 0.000025 0.000013 0.000002 0.050167 0.007208 1.701852
0.942564 0.000024 0.000027 0.000013 0.000002 0.050162 0.007208 1.701855
0.942565 0.000024 0.000027 0.000013 0.000002 0.050161 0.007208 1.701858
0.942568 0.000024 0.000027 0.000012 0.000002 0.050159 0.007208 1.701861
0.942572 0.000025 0.000026 0.000012 0.000001 0.050155 0.007208 1.701864
0.942575 0.000026 0.000024 0.000012 0.000001 0.050154 0.007208 1.701866
0.942579 0.000024 0.000026 0.000014 0.000001 0.050148 0.007208 1.701870
0.942581 0.000021 0.000029 0.000012 0.000001 0.050148 0.007208 1.701874
0.942585 0.000022 0.000026 0.000012 0.000001 0.050146 0.007208 1.701875
0.942587 0.000023 0.000026 0.000010 0.000001 0.050145 0.007208 1.701876
0.942590 0.000021 0.000028 0.000011 0.000001 0.050141 0.007208 1.701881
0.942596 0.000019 0.000027 0.000012 0.000001 0.050137 0.007208 1.701884
0.942601 0.000021 0.000028 0.000010 0.000001 0.050131 0.007208 1.701886
0.942605 0.000022 0.000028 0.000011 0.000001 0.050124 0.007208 1.701887
0.942608 0.000022 0.000027 0.000011 0.000001 0.050123 0.007208 1.701888
0.942612 0.000022 0.000025 0.000012 0.000002 0.050120 0.007208 1.701890
0.942615 0.000018 0.000026 0.000012 0.000002 0.050119 0.007208 1.701894
0.942618 0.000018 0.000021 0.000010 0.000002 0.050122 0.007208 1.701894
0.942622 0.000017 0.000019 0.000010 0.000002 0.050122 0.007208 1.701896
0.942624 0.000015 0.000018 0.000010 0.000002 0.050123 0.007208 1.701899
0.942625 0.000018 0.000018 0.000008 0.000002 0.050121 0.007208 1.701899
0.942630 0.000018 0.000016 0.000008 0.000002 0.050119 0.007208 1.701900
0.942632 0.000019 0.000016 0.000008 0.000002 0.050115 0.007208 1.701901
0.942633 0.000019 0.000016 0.000008 0.000002 0.050116 0.007208 1.701903
0.942634 0.000020 0.000016 0.000008 0.000002 0.050112 0.007208 1.701905
0.942636 0.000022 0.000017 0.000008 0.000002 0.050108 0.007208 1.701907
0.942639 0.000021 0.000019 0.000007 0.000002 0.050104 0.007208 1.701908
0.942643 0.000019 0.000021 0.000007 0.000002 0.050100 0.007208 1.701910
0.942646 0.000022 0.000018 0.000007 0.000002 0.050097 0.007208 1.701911
0.942647 0.000024 0.000019 0.000006 0.000000 0.050096 0.007208 1.701913
0.942651 0.000022 0.000020 0.000006 0.000000 0.050091 0.007208 1.701916
0.942654 0.000024 0.000018 0.000006 0.000000 0.050090 0.007208 1.701917
0.942656 0.000021 0.000018 0.000006 0.000000 0.050091 0.007208 1.701921
0.942658 0.000019 0.000019 0.000008 0.000000 0.050089 0.007208 1.701924
0.942659 0.000019 0.000019 0.000008 0.000000 0.050086 0.007208 1.701925
0.942661 0.000019 0.000019 0.000007 0.000000 0.050086 0.007208 1.701926
0.942665 0.000019 0.000019 0.000006 0.000000 0.050082 0.007208 1.701927
0.942669 0.000018 0.000019 0.000007 0.000000 0.050079 0.007208 1.701929
0.942669 0.000018 0.000021 0.000007 0.000000 0.050077 0.007208 1.701931
0.942669 0.000019 0.000021 0.000007 0.000000 0.050075 0.007208 1.701933
0.942671 0.000019 0.000021 0.000008 0.000000 0.050072 0.007208 1.701935
0.942673 0.000019 0.000022 0.000007 0.000000 0.050069 0.007208 1.701937
0.942676 0.000019 0.000022 0.000007 0.000000 0.050067 0.007208 1.701938
0.942678 0.000019 0.000022 0.000008 0.000000 0.050063 0.007208 1.701942
0.942680 0.000020 0.000022 0.000008 0.000000 0.050062 0.007208 1.701943
0.942683 0.000020 0.000022 0.000007 0.000000 0.050060 0.007208 1.701945
0.942685 0.000019 0.000022 0.000007 0.000000 0.050059 0.007208 1.701947
0.942686 0.000019 0.000022 0.000007 0.000000 0.050058 0.007208 1.701949
0.942687 0.000019 0.000021 0.000007 0.000000 0.050058 0.007208 1.701950
0.942689 0.000019 0.000019 0.000007 0.000000 0.050057 0.007208 1.701952
0.942692 0.000018 0.000019 0.000008 0.000000 0.050055 0.007208 1.701953
0.942693 0.000017 0.000017 0.000008 0.000000 0.050057 0.007208 1.701957
0.942694 0.000018 0.000017 0.000008 0.000000 0.050054 0.007208 1.701958
0.942696 0.000018 0.000017 0.000009 0.000000 0.050052 0.007208 1.701959
0.942695 0.000020 0.000017 0.000008 0.000000 0.050051 0.007208 1.701960
0.942696 0.000019 0.000019 0.000009 0.000000 0.050049 0.007208 1.701963
0.942697 0.000017 0.000019 0.000009 0.000000 0.050049 0.007208 1.701966
0.942701 0.000016 0.000019 0.000008 0.000000 0.050047 0.007208 1.701967
0.942701 0.000017 0.000018 0.000007 0.000000 0.050048 0.007208 1.701967
0.942702 0.000017 0.000017 0.000007 0.000000 0.050048 0.007208 1.701969
0.942702 0.000019 0.000016 0.000006 0.000000 0.050048 0.007208 1.701969
0.942706 0.000016 0.000018 0.000008 0.000000 0.050045 0.007208 1.701972
0.942709 0.000016 0.000017 0.000008 0.000000 0.050042 0.007208 1.701974
0.942709 0.000017 0.000017 0.000008 0.000000 0.050041 0.007208 1.701975
0.942711 0.000017 0.000018 0.000007 0.000000 0.050038 0.007208 1.701976
0.942713 0.000017 0.000017 0.000006 0.000000 0.050037 0.007208 1.701976
0.942715 0.000017 0.000017 0.000006 0.000000 0.050035 0.007208 1.701978
0.942716 0.000018 0.000016 0.000006 0.000000 0.050035 0.007208 1.701979
0.942716 0.000020 0.000016 0.000006 0.000000 0.050033 0.007208 1.701980
0.942717 0.000017 0.000019 0.000006 0.000000 0.050033 0.007208 1.701984
0.942716 0.000017 0.000017 0.000007 0.000000 0.050035 0.007208 1.701985
0.942718 0.000016 0.000016 0.000008 0.000000 0.050034 0.007208 1.701987
0.942721 0.000014 0.000016 0.000008 0.000000 0.050033 0.007208 1.701989
0.942721 0.000014 0.000015 0.000008 0.000000 0.050034 0.007208 1.701990
0.942722 0.000014 0.000014 0.000008 0.000001 0.050033 0.007208 1.701991
0.942724 0.000013 0.000014 0.000008 0.000001 0.050033 0.007208 1.701992
0.942727 0.000013 0.000013 0.000008 0.000001 0.050031 0.007208 1.701993
0.942730 0.000012 0.000014 0.000008 0.000001 0.050027 0.007208 1.701995
0.942732 0.000010 0.000014 0.000009 0.000001 0.050026 0.007208 1.701997
0.942731 0.000012 0.000014 0.000008 0.000000 0.050027 0.007208 1.701998
0.942732 0.000011 0.000016 0.000007 0.000000 0.050026 0.007208 1.702000
0.942732 0.000011 0.000014 0.000008 0.000000 0.050027 0.007208 1.702001
0.942733 0.000013 0.000014 0.000007 0.000000 0.050026 0.007208 1.702001
0.942735 0.000011 0.000013 0.000008 0.000000 0.050024 0.007208 1.702003
0.942737 0.000012 0.000012 0.000008 0.000000 0.050024 0.007208 1.702003
0.942739 0.000011 0.000011 0.000008 0.000000 0.050023 0.007208 1.702004
0.942740 0.000010 0.000012 0.000008 0.000000 0.050022 0.007208 1.702006
0.942742 0.000008 0.000013 0.000007 0.000000 0.050022 0.007208 1.702008
0.942742 0.000009 0.000013 0.000007 0.000000 0.050020 0.007208 1.702009
0.942745 0.000010 0.000012 0.000006 0.000000 0.050019 0.007208 1.702009
0.942746 0.000009 0.000011 0.000006 0.000000 0.050020 0.007208 1.702010
0.942747 0.000009 0.000010 0.000006 0.000000 0.050019 0.007208 1.702010
0.942750 0.000008 0.000011 0.000005 0.000000 0.050018 0.007208 1.702011
0.942750 0.000007 0.000012 0.000005 0.000000 0.050018 0.007208 1.702013
0.942753 0.000006 0.000011 0.000005 0.000000 0.050016 0.007208 1.702014
0.942756 0.000006 0.000010 0.000004 0.000000 0.050015 0.007208 1.702014
