0.368605 0.061580 0.054863 0.031580 0.002002 0.475715 0.005656 1.555290
0.371181 0.059089 0.054760 0.031363 0.002006 0.475918 0.005682 1.561187
0.374455 0.056070 0.054593 0.031015 0.002008 0.476154 0.005704 1.566828
0.378380 0.052917 0.054164 0.030617 0.001999 0.476190 0.005733 1.572110
0.382530 0.049713 0.053621 0.030211 0.002010 0.476155 0.005761 1.577171
0.386892 0.046728 0.052971 0.029610 0.002028 0.475987 0.005783 1.581827
0.391504 0.043703 0.052093 0.029079 0.002011 0.475798 0.005813 1.586306
0.396099 0.040848 0.051158 0.028369 0.002009 0.475682 0.005836 1.590439
0.400832 0.038172 0.050181 0.027620 0.001994 0.475339 0.005863 1.594279
0.405666 0.035653 0.049044 0.026888 0.001994 0.474870 0.005885 1.597936
0.410585 0.033259 0.047821 0.026117 0.001969 0.474340 0.005910 1.601335
0.415510 0.031017 0.046609 0.025365 0.001952 0.473614 0.005933 1.604542
0.420508 0.029005 0.045242 0.024560 0.001947 0.472781 0.005958 1.607455
0.425521 0.027083 0.043877 0.023786 0.001927 0.471821 0.005985 1.610208
0.430621 0.025288 0.042415 0.022951 0.001895 0.470816 0.006013 1.612769
0.435758 0.023704 0.041024 0.022147 0.001882 0.469450 0.006036 1.615117
0.440950 0.022171 0.039616 0.021334 0.001862 0.468005 0.006062 1.617368
0.446062 0.020731 0.038248 0.020547 0.001836 0.466486 0.006090 1.619476
0.451236 0.019409 0.036820 0.019715 0.001817 0.464892 0.006112 1.621427
0.456358 0.018188 0.035399 0.018910 0.001800 0.463215 0.006131 1.623264
0.461524 0.017053 0.034060 0.018186 0.001782 0.461244 0.006151 1.624995
0.466677 0.015983 0.032802 0.017444 0.001744 0.459173 0.006176 1.626648
0.471848 0.015004 0.031508 0.016730 0.001729 0.456986 0.006195 1.628166
0.476984 0.014112 0.030291 0.016034 0.001710 0.454649 0.006219 1.629599
0.482205 0.013282 0.029063 0.015347 0.001675 0.452181 0.006247 1.630915
0.487486 0.012487 0.027846 0.014703 0.001655 0.449557 0.006267 1.632167
0.492682 0.011738 0.026698 0.014044 0.001632 0.446913 0.006293 1.633360
0.497863 0.011019 0.025565 0.013416 0.001602 0.444218 0.006317 1.634473
0.502952 0.010364 0.024418 0.012911 0.001570 0.441443 0.006341 1.635535
0.508067 0.009767 0.023362 0.012334 0.001536 0.438567 0.006368 1.636526
0.513154 0.009217 0.022344 0.011832 0.001517 0.435555 0.006382 1.637437
0.518192 0.008715 0.021364 0.011285 0.001486 0.432559 0.006399 1.638303
0.523222 0.008246 0.020380 0.010761 0.001457 0.429518 0.006418 1.639120
0.528294 0.007809 0.019503 0.010255 0.001434 0.426271 0.006436 1.639903
0.533179 0.007442 0.018633 0.009765 0.001421 0.423109 0.006451 1.640631
0.538140 0.007061 0.017806 0.009296 0.001393 0.419836 0.006470 1.641334
0.543046 0.006708 0.017056 0.008869 0.001370 0.416468 0.006483 1.641989
0.548044 0.006367 0.016306 0.008462 0.001333 0.412985 0.006503 1.642611
0.552795 0.006041 0.015559 0.008083 0.001305 0.409696 0.006523 1.643209
0.557540 0.005739 0.014846 0.007712 0.001279 0.406344 0.006538 1.643787
0.562344 0.005463 0.014130 0.007347 0.001247 0.402918 0.006552 1.644315
0.567182 0.005190 0.013532 0.006972 0.001206 0.399347 0.006570 1.644826
0.571929 0.004913 0.012961 0.006652 0.001176 0.395784 0.006585 1.645346
0.576531 0.004674 0.012389 0.006322 0.001148 0.392337 0.006599 1.645817
0.581253 0.004476 0.011777 0.006038 0.001125 0.388723 0.006610 1.646243
0.585861 0.004294 0.011257 0.005727 0.001096 0.385139 0.006627 1.646660
0.590435 0.004093 0.010708 0.005447 0.001076 0.381601 0.006641 1.647074
0.595058 0.003935 0.010222 0.005162 0.001052 0.377914 0.006657 1.647443
0.599546 0.003765 0.009779 0.004911 0.001035 0.374296 0.006668 1.647819
0.603994 0.003565 0.009366 0.004701 0.001012 0.370685 0.006679 1.648205
0.608365 0.003413 0.008952 0.004482 0.000980 0.367112 0.006697 1.648541
0.612729 0.003283 0.008546 0.004283 0.000960 0.363492 0.006708 1.648870
0.617164 0.003125 0.008177 0.004075 0.000932 0.359803 0.006725 1.649180
0.621450 0.002988 0.007813 0.003884 0.000917 0.356216 0.006732 1.649483
0.625692 0.002867 0.007453 0.003672 0.000901 0.352676 0.006740 1.649772
0.629929 0.002749 0.007118 0.003497 0.000883 0.349074 0.006752 1.650051
0.634074 0.002626 0.006802 0.003315 0.000858 0.345559 0.006765 1.650327
0.638165 0.002510 0.006529 0.003179 0.000834 0.342006 0.006779 1.650602
0.642324 0.002414 0.006238 0.003018 0.000809 0.338405 0.006792 1.650841
0.646501 0.002307 0.005965 0.002888 0.000785 0.334753 0.006802 1.651076
0.650558 0.002236 0.005705 0.002748 0.000759 0.331181 0.006815 1.651282
0.654521 0.002132 0.005462 0.002619 0.000742 0.327705 0.006820 1.651502
0.658496 0.002033 0.005224 0.002504 0.000725 0.324190 0.006829 1.651715
0.662430 0.001942 0.004964 0.002394 0.000705 0.320728 0.006837 1.651911
0.666326 0.001866 0.004776 0.002298 0.000686 0.317204 0.006844 1.652108
0.670108 0.001807 0.004567 0.002217 0.000666 0.313781 0.006854 1.652291
0.673857 0.001747 0.004377 0.002123 0.000648 0.310386 0.006863 1.652468
0.677610 0.001680 0.004193 0.002031 0.000622 0.306994 0.006872 1.652646
0.681307 0.001618 0.004021 0.001946 0.000600 0.303625 0.006883 1.652807
0.685006 0.001537 0.003874 0.001855 0.000582 0.300253 0.006894 1.652985
0.688633 0.001488 0.003717 0.001752 0.000570 0.296940 0.006901 1.653139
0.692278 0.001416 0.003553 0.001668 0.000549 0.293628 0.006908 1.653292
0.695789 0.001387 0.003397 0.001599 0.000530 0.290381 0.006918 1.653428
0.699368 0.001340 0.003248 0.001531 0.000514 0.287073 0.006927 1.653558
0.702780 0.001306 0.003107 0.001457 0.000500 0.283918 0.006932 1.653693
0.706171 0.001285 0.002963 0.001408 0.000488 0.280748 0.006937 1.653812
0.709627 0.001252 0.002855 0.001338 0.000467 0.277516 0.006946 1.653929
0.713016 0.001205 0.002724 0.001287 0.000453 0.274364 0.006952 1.654054
0.716349 0.001171 0.002617 0.001236 0.000440 0.271228 0.006960 1.654172
0.719713 0.001139 0.002518 0.001188 0.000428 0.268051 0.006964 1.654282
0.723046 0.001105 0.002406 0.001127 0.000412 0.264932 0.006971 1.654390
0.726233 0.001083 0.002277 0.001067 0.000398 0.261966 0.006978 1.654487
0.729477 0.001033 0.002207 0.001035 0.000388 0.258879 0.006982 1.654606
0.732611 0.000996 0.002126 0.001009 0.000375 0.255897 0.006987 1.654710
0.735725 0.000960 0.002028 0.000975 0.000363 0.252959 0.006992 1.654806
0.738731 0.000915 0.001966 0.000944 0.000345 0.250102 0.006998 1.654913
0.741818 0.000888 0.001886 0.000904 0.000338 0.247166 0.007001 1.654997
0.744815 0.000845 0.001798 0.000872 0.000332 0.244335 0.007005 1.655086
0.747818 0.000830 0.001721 0.000843 0.000323 0.241456 0.007009 1.655171
0.750778 0.000817 0.001672 0.000803 0.000316 0.238603 0.007013 1.655244
0.753692 0.000796 0.001598 0.000773 0.000311 0.235813 0.007016 1.655319
0.756503 0.000788 0.001533 0.000740 0.000295 0.233119 0.007021 1.655385
0.759336 0.000766 0.001471 0.000723 0.000289 0.230393 0.007023 1.655459
0.762114 0.000756 0.001415 0.000691 0.000271 0.227721 0.007034 1.655531
0.764917 0.000743 0.001368 0.000669 0.000265 0.225004 0.007034 1.655604
0.767599 0.000718 0.001326 0.000648 0.000261 0.222410 0.007038 1.655677
0.770308 0.000713 0.001279 0.000625 0.000252 0.219782 0.007040 1.655743
0.772919 0.000697 0.001247 0.000600 0.000244 0.217249 0.007044 1.655803
0.775583 0.000663 0.001212 0.000583 0.000233 0.214680 0.007048 1.655874
0.778205 0.000641 0.001169 0.000566 0.000226 0.212143 0.007052 1.655944
0.780807 0.000616 0.001143 0.000551 0.000222 0.209606 0.007056 1.656013
0.783397 0.000599 0.001104 0.000533 0.000214 0.207095 0.007060 1.656074
0.785956 0.000576 0.001083 0.000507 0.000208 0.204608 0.007063 1.656135
0.788427 0.000564 0.001046 0.000494 0.000205 0.202200 0.007065 1.656186
0.790911 0.000557 0.000998 0.000479 0.000197 0.199788 0.007070 1.656239
0.793366 0.000558 0.000968 0.000456 0.000191 0.197390 0.007072 1.656285
0.795779 0.000541 0.000938 0.000441 0.000185 0.195040 0.007075 1.656337
0.798120 0.000525 0.000902 0.000430 0.000180 0.192766 0.007077 1.656392
0.800503 0.000514 0.000868 0.000413 0.000173 0.190451 0.007078 1.656437
0.802836 0.000498 0.000849 0.000395 0.000167 0.188176 0.007079 1.656488
0.805160 0.000478 0.000826 0.000378 0.000164 0.185912 0.007081 1.656531
0.807446 0.000459 0.000807 0.000371 0.000158 0.183675 0.007085 1.656583
0.809754 0.000440 0.000788 0.000360 0.000152 0.181418 0.007089 1.656631
0.811972 0.000429 0.000757 0.000353 0.000149 0.179250 0.007090 1.656670
0.814209 0.000414 0.000729 0.000347 0.000144 0.177066 0.007093 1.656713
0.816385 0.000399 0.000708 0.000340 0.000139 0.174933 0.007095 1.656754
0.818514 0.000385 0.000687 0.000329 0.000136 0.172852 0.007099 1.656797
0.820632 0.000383 0.000659 0.000319 0.000131 0.170776 0.007101 1.656829
0.822751 0.000380 0.000640 0.000306 0.000127 0.168694 0.007103 1.656861
0.824860 0.000369 0.000625 0.000291 0.000121 0.166628 0.007106 1.656898
0.826954 0.000351 0.000615 0.000285 0.000118 0.164569 0.007108 1.656941
0.828928 0.000346 0.000596 0.000275 0.000113 0.162632 0.007111 1.656974
0.830880 0.000333 0.000575 0.000276 0.000110 0.160715 0.007113 1.657015
0.832855 0.000323 0.000546 0.000270 0.000107 0.158786 0.007114 1.657044
0.834728 0.000307 0.000529 0.000259 0.000104 0.156959 0.007115 1.657077
0.836623 0.000304 0.000514 0.000247 0.000101 0.155094 0.007117 1.657105
0.838521 0.000300 0.000498 0.000241 0.000100 0.153224 0.007117 1.657131
0.840436 0.000296 0.000478 0.000231 0.000100 0.151340 0.007118 1.657159
0.842303 0.000280 0.000468 0.000227 0.000096 0.149508 0.007118 1.657191
0.844164 0.000266 0.000459 0.000218 0.000092 0.147680 0.007120 1.657225
0.845994 0.000259 0.000444 0.000211 0.000091 0.145881 0.007120 1.657251
0.847791 0.000259 0.000425 0.000199 0.000086 0.144117 0.007122 1.657272
0.849502 0.000257 0.000405 0.000198 0.000084 0.142431 0.007124 1.657292
0.851260 0.000245 0.000400 0.000188 0.000080 0.140701 0.007127 1.657320
0.852961 0.000242 0.000385 0.000177 0.000075 0.139029 0.007130 1.657340
0.854668 0.000234 0.000366 0.000174 0.000072 0.137353 0.007132 1.657364
0.856372 0.000221 0.000353 0.000174 0.000071 0.135676 0.007132 1.657390
0.857986 0.000215 0.000342 0.000167 0.000068 0.134089 0.007133 1.657416
0.859579 0.000202 0.000332 0.000162 0.000067 0.132524 0.007133 1.657443
0.861201 0.000196 0.000326 0.000159 0.000065 0.130918 0.007135 1.657463
0.862828 0.000185 0.000325 0.000153 0.000063 0.129309 0.007136 1.657486
0.864418 0.000181 0.000316 0.000153 0.000062 0.127732 0.007137 1.657507
0.865889 0.000172 0.000310 0.000150 0.000060 0.126282 0.007137 1.657529
0.867324 0.000172 0.000296 0.000141 0.000058 0.124871 0.007138 1.657544
0.868781 0.000171 0.000282 0.000132 0.000057 0.123437 0.007139 1.657560
0.870283 0.000173 0.000275 0.000126 0.000056 0.121948 0.007139 1.657576
0.871682 0.000169 0.000261 0.000123 0.000053 0.120569 0.007141 1.657592
0.873101 0.000160 0.000260 0.000123 0.000053 0.119161 0.007142 1.657618
0.874459 0.000161 0.000254 0.000119 0.000051 0.117813 0.007142 1.657634
0.875779 0.000161 0.000248 0.000119 0.000047 0.116502 0.007143 1.657647
0.877080 0.000150 0.000250 0.000111 0.000045 0.115219 0.007144 1.657668
0.878368 0.000150 0.000242 0.000109 0.000045 0.113941 0.007144 1.657680
0.879584 0.000145 0.000232 0.000105 0.000044 0.112744 0.007145 1.657695
0.880795 0.000143 0.000220 0.000102 0.000043 0.111552 0.007146 1.657706
0.882012 0.000142 0.000218 0.000096 0.000041 0.110344 0.007147 1.657718
0.883212 0.000140 0.000210 0.000096 0.000040 0.109154 0.007148 1.657729
0.884351 0.000135 0.000206 0.000093 0.000039 0.108028 0.007148 1.657745
0.885475 0.000130 0.000200 0.000093 0.000038 0.106915 0.007149 1.657759
0.886599 0.000127 0.000199 0.000091 0.000037 0.105796 0.007150 1.657774
0.887692 0.000129 0.000190 0.000091 0.000036 0.104711 0.007150 1.657785
0.888808 0.000124 0.000188 0.000086 0.000034 0.103608 0.007151 1.657796
0.889837 0.000123 0.000187 0.000086 0.000033 0.102583 0.007152 1.657810
0.890872 0.000120 0.000188 0.000085 0.000032 0.101549 0.007152 1.657825
0.891869 0.000120 0.000181 0.000081 0.000030 0.100565 0.007153 1.657834
0.892806 0.000124 0.000173 0.000081 0.000029 0.099634 0.007153 1.657843
0.893719 0.000123 0.000166 0.000075 0.000027 0.098735 0.007154 1.657850
0.894594 0.000118 0.000162 0.000074 0.000025 0.097871 0.007155 1.657863
0.895457 0.000114 0.000157 0.000075 0.000024 0.097016 0.007156 1.657875
0.896319 0.000113 0.000158 0.000075 0.000023 0.096155 0.007156 1.657890
0.897169 0.000105 0.000151 0.000074 0.000023 0.095320 0.007156 1.657903
0.898005 0.000100 0.000149 0.000074 0.000022 0.094493 0.007157 1.657914
0.898807 0.000097 0.000144 0.000074 0.000022 0.093699 0.007157 1.657923
0.899616 0.000094 0.000142 0.000072 0.000021 0.092897 0.007157 1.657931
0.900396 0.000091 0.000137 0.000070 0.000021 0.092128 0.007157 1.657939
0.901119 0.000091 0.000131 0.000067 0.000020 0.091414 0.007157 1.657945
0.901839 0.000083 0.000132 0.000066 0.000020 0.090702 0.007157 1.657957
0.902511 0.000079 0.000131 0.000063 0.000019 0.090038 0.007157 1.657967
0.903227 0.000077 0.000128 0.000062 0.000019 0.089328 0.007158 1.657973
0.903876 0.000070 0.000126 0.000060 0.000017 0.088692 0.007159 1.657984
0.904469 0.000071 0.000118 0.000057 0.000017 0.088108 0.007159 1.657990
0.905080 0.000073 0.000111 0.000054 0.000018 0.087504 0.007159 1.657994
0.905713 0.000069 0.000104 0.000054 0.000016 0.086883 0.007160 1.658001
0.906283 0.000066 0.000101 0.000050 0.000017 0.086322 0.007160 1.658007
0.906851 0.000063 0.000097 0.000048 0.000016 0.085763 0.007160 1.658013
0.907407 0.000063 0.000097 0.000046 0.000016 0.085209 0.007161 1.658018
0.907920 0.000063 0.000098 0.000044 0.000015 0.084698 0.007161 1.658025
0.908436 0.000062 0.000093 0.000041 0.000014 0.084192 0.007161 1.658029
0.908941 0.000060 0.000089 0.000041 0.000014 0.083693 0.007161 1.658035
0.909440 0.000062 0.000088 0.000039 0.000014 0.083196 0.007161 1.658038
0.909924 0.000060 0.000087 0.000039 0.000013 0.082716 0.007161 1.658045
0.910412 0.000060 0.000086 0.000041 0.000013 0.082228 0.007161 1.658050
0.910864 0.000058 0.000084 0.000040 0.000012 0.081780 0.007161 1.658055
0.911317 0.000051 0.000084 0.000041 0.000012 0.081333 0.007161 1.658065
0.911766 0.000051 0.000082 0.000040 0.000011 0.080887 0.007162 1.658069
0.912194 0.000053 0.000076 0.000040 0.000011 0.080465 0.007162 1.658073
0.912612 0.000050 0.000075 0.000037 0.000012 0.080052 0.007162 1.658079
0.912987 0.000051 0.000073 0.000037 0.000012 0.079678 0.007162 1.658084
0.913356 0.000052 0.000069 0.000035 0.000012 0.079315 0.007162 1.658087
0.913721 0.000055 0.000065 0.000035 0.000011 0.078950 0.007163 1.658091
0.914076 0.000054 0.000061 0.000033 0.000010 0.078602 0.007163 1.658095
0.914410 0.000052 0.000060 0.000032 0.000010 0.078273 0.007163 1.658100
0.914732 0.000050 0.000060 0.000030 0.000010 0.077955 0.007164 1.658106
0.915078 0.000048 0.000061 0.000028 0.000010 0.077612 0.007164 1.658110
0.915376 0.000050 0.000057 0.000028 0.000010 0.077316 0.007164 1.658114
0.915679 0.000048 0.000054 0.000031 0.000010 0.077016 0.007164 1.658119
0.915943 0.000051 0.000052 0.000030 0.000010 0.076752 0.007164 1.658122
0.916237 0.000051 0.000052 0.000030 0.000010 0.076457 0.007164 1.658124
0.916503 0.000047 0.000051 0.000029 0.000010 0.076196 0.007164 1.658131
0.916765 0.000048 0.000050 0.000028 0.000010 0.075935 0.007164 1.658135
0.917043 0.000046 0.000050 0.000028 0.000010 0.075659 0.007164 1.658142
0.917283 0.000048 0.000047 0.000028 0.000010 0.075421 0.007164 1.658144
0.917539 0.000046 0.000047 0.000029 0.000010 0.075166 0.007164 1.658150
0.917774 0.000046 0.000044 0.000027 0.000010 0.074934 0.007164 1.658153
0.918023 0.000044 0.000041 0.000029 0.000009 0.074691 0.007164 1.658157
0.918251 0.000044 0.000039 0.000030 0.000009 0.074462 0.007164 1.658160
0.918480 0.000041 0.000041 0.000032 0.000009 0.074233 0.007164 1.658167
0.918706 0.000043 0.000041 0.000029 0.000008 0.074008 0.007165 1.658170
0.918897 0.000041 0.000041 0.000028 0.000008 0.073820 0.007165 1.658173
0.919099 0.000043 0.000038 0.000028 0.000007 0.073622 0.007165 1.658176
0.919290 0.000043 0.000040 0.000028 0.000007 0.073429 0.007165 1.658180
0.919486 0.000042 0.000039 0.000028 0.000007 0.073234 0.007165 1.658182
0.919665 0.000040 0.000041 0.000026 0.000006 0.073057 0.007166 1.658188
0.919830 0.000040 0.000040 0.000026 0.000006 0.072892 0.007166 1.658192
0.919995 0.000040 0.000040 0.000024 0.000006 0.072729 0.007166 1.658194
0.920163 0.000037 0.000042 0.000024 0.000006 0.072562 0.007166 1.658198
0.920338 0.000034 0.000047 0.000024 0.000006 0.072386 0.007166 1.658205
0.920500 0.000033 0.000047 0.000023 0.000006 0.072224 0.007166 1.658208
0.920648 0.000037 0.000044 0.000022 0.000007 0.072078 0.007166 1.658209
0.920772 0.000036 0.000046 0.000020 0.000007 0.071954 0.007166 1.658214
0.920921 0.000039 0.000045 0.000019 0.000007 0.071803 0.007166 1.658216
0.921062 0.000037 0.000044 0.000019 0.000007 0.071664 0.007166 1.658221
0.921195 0.000036 0.000045 0.000019 0.000007 0.071532 0.007166 1.658225
0.921322 0.000036 0.000042 0.000018 0.000007 0.071408 0.007166 1.658227
0.921443 0.000039 0.000039 0.000018 0.000007 0.071289 0.007167 1.658228
0.921566 0.000035 0.000040 0.000017 0.000007 0.071169 0.007167 1.658233
0.921684 0.000032 0.000039 0.000017 0.000007 0.071055 0.007167 1.658236
0.921808 0.000029 0.000040 0.000017 0.000006 0.070933 0.007167 1.658240
0.921929 0.000031 0.000037 0.000016 0.000006 0.070814 0.007167 1.658241
0.922033 0.000031 0.000037 0.000017 0.000006 0.070709 0.007167 1.658246
0.922122 0.000029 0.000037 0.000018 0.000006 0.070621 0.007167 1.658250
0.922229 0.000029 0.000036 0.000018 0.000006 0.070516 0.007167 1.658252
0.922328 0.000029 0.000034 0.000019 0.000006 0.070418 0.007167 1.658255
0.922427 0.000028 0.000035 0.000017 0.000006 0.070319 0.007167 1.658257
0.922534 0.000029 0.000036 0.000016 0.000005 0.070212 0.007168 1.658260
0.922632 0.000030 0.000033 0.000015 0.000005 0.070117 0.007168 1.658261
0.922718 0.000030 0.000031 0.000014 0.000005 0.070035 0.007168 1.658264
0.922811 0.000029 0.000031 0.000013 0.000005 0.069944 0.007168 1.658267
0.922896 0.000027 0.000030 0.000013 0.000005 0.069862 0.007168 1.658269
0.922974 0.000025 0.000029 0.000014 0.000004 0.069786 0.007168 1.658273
0.923050 0.000023 0.000028 0.000015 0.000004 0.069713 0.007168 1.658276
0.923121 0.000023 0.000027 0.000013 0.000003 0.069644 0.007168 1.658277
0.923192 0.000021 0.000028 0.000012 0.000003 0.069575 0.007168 1.658280
0.923272 0.000020 0.000028 0.000012 0.000003 0.069497 0.007168 1.658282
0.923335 0.000021 0.000026 0.000012 0.000003 0.069434 0.007168 1.658283
0.923407 0.000019 0.000025 0.000012 0.000003 0.069366 0.007168 1.658286
0.923472 0.000018 0.000025 0.000012 0.000003 0.069302 0.007168 1.658288
0.923538 0.000018 0.000025 0.000011 0.000003 0.069237 0.007168 1.658290
0.923600 0.000019 0.000026 0.000010 0.000003 0.069175 0.007168 1.658290
0.923666 0.000017 0.000028 0.000010 0.000003 0.069109 0.007168 1.658292
0.923720 0.000017 0.000028 0.000010 0.000002 0.069056 0.007169 1.658294
0.923765 0.000017 0.000026 0.000009 0.000002 0.069013 0.007169 1.658295
0.923808 0.000016 0.000024 0.000008 0.000002 0.068973 0.007169 1.658296
0.923854 0.000013 0.000024 0.000009 0.000002 0.068930 0.007169 1.658301
0.923900 0.000014 0.000024 0.000008 0.000002 0.068885 0.007169 1.658302
0.923949 0.000013 0.000021 0.000008 0.000002 0.068839 0.007169 1.658303
0.923986 0.000013 0.000019 0.000007 0.000001 0.068804 0.007170 1.658303
0.924026 0.000013 0.000019 0.000005 0.000001 0.068766 0.007170 1.658306
0.924058 0.000012 0.000019 0.000006 0.000001 0.068735 0.007170 1.658308
0.924095 0.000011 0.000018 0.000007 0.000001 0.068699 0.007170 1.658309
0.924126 0.000011 0.000018 0.000007 0.000001 0.068669 0.007170 1.658310
0.924161 0.000010 0.000017 0.000007 0.000001 0.068634 0.007170 1.658311
0.924195 0.000011 0.000017 0.000007 0.000001 0.068600 0.007170 1.658312
0.924220 0.000010 0.000016 0.000006 0.000000 0.068577 0.007170 1.658313
0.924238 0.000010 0.000018 0.000006 0.000000 0.068557 0.007170 1.658316
0.924265 0.000010 0.000018 0.000007 0.000000 0.068529 0.007170 1.658317
0.924291 0.000010 0.000018 0.000007 0.000000 0.068503 0.007170 1.658318
0.924309 0.000012 0.000018 0.000006 0.000000 0.068484 0.007170 1.658319
0.924331 0.000012 0.000018 0.000007 0.000000 0.068462 0.007170 1.658320
0.924346 0.000013 0.000018 0.000007 0.000000 0.068446 0.007170 1.658321
0.924369 0.000012 0.000017 0.000006 0.000000 0.068425 0.007170 1.658322
0.924387 0.000015 0.000017 0.000006 0.000000 0.068405 0.007170 1.658323
0.924401 0.000013 0.000019 0.000007 0.000000 0.068390 0.007170 1.658327
0.924417 0.000013 0.000019 0.000008 0.000000 0.068374 0.007170 1.658328
0.924434 0.000011 0.000019 0.000008 0.000000 0.068358 0.007170 1.658331
0.924449 0.000010 0.000018 0.000008 0.000001 0.068344 0.007170 1.658331
0.924464 0.000010 0.000017 0.000007 0.000000 0.068331 0.007171 1.658333
0.924479 0.000008 0.000017 0.000008 0.000000 0.068318 0.007171 1.658335
0.924492 0.000009 0.000015 0.000007 0.000000 0.068307 0.007171 1.658335
0.924505 0.000008 0.000014 0.000007 0.000000 0.068295 0.007171 1.658336
0.924516 0.000007 0.000013 0.000008 0.000000 0.068285 0.007171 1.658337
0.924533 0.000007 0.000012 0.000007 0.000000 0.068271 0.007171 1.658337
0.924546 0.000008 0.000011 0.000007 0.000001 0.068258 0.007171 1.658338
0.924557 0.000008 0.000011 0.000006 0.000001 0.068247 0.007171 1.658338
0.924568 0.000008 0.000011 0.000006 0.000001 0.068237 0.007171 1.658339
0.924579 0.000006 0.000011 0.000006 0.000001 0.068226 0.007171 1.658340
0.924590 0.000006 0.000012 0.000006 0.000000 0.068215 0.007171 1.658341
0.924602 0.000006 0.000011 0.000006 0.000000 0.068205 0.007171 1.658342
0.924609 0.000006 0.000011 0.000005 0.000000 0.068198 0.007171 1.658342
0.924619 0.000006 0.000009 0.000004 0.000000 0.068191 0.007171 1.658342
0.924625 0.000007 0.000008 0.000004 0.000000 0.068185 0.007171 1.658342
0.924631 0.000007 0.000008 0.000004 0.000000 0.068179 0.007171 1.658342
0.924641 0.000008 0.000008 0.000004 0.000000 0.068169 0.007171 1.658343
0.924649 0.000008 0.000007 0.000004 0.000000 0.068162 0.007171 1.658343
0.924660 0.000007 0.000008 0.000004 0.000000 0.068150 0.007171 1.658344
0.924667 0.000008 0.000008 0.000004 0.000000 0.068143 0.007171 1.658345
0.924678 0.000006 0.000008 0.000004 0.000000 0.068133 0.007171 1.658346
0.924685 0.000006 0.000008 0.000005 0.000000 0.068125 0.007171 1.658347
0.924691 0.000006 0.000008 0.000005 0.000000 0.068120 0.007171 1.658348
0.924695 0.000006 0.000007 0.000005 0.000000 0.068115 0.007171 1.658348
0.924698 0.000006 0.000007 0.000005 0.000000 0.068112 0.007171 1.658349
0.924704 0.000006 0.000006 0.000004 0.000000 0.068108 0.007171 1.658349
0.924708 0.000007 0.000006 0.000004 0.000000 0.068104 0.007171 1.658349
0.924714 0.000008 0.000006 0.000003 0.000000 0.068099 0.007171 1.658349
0.924718 0.000007 0.000006 0.000003 0.000000 0.068095 0.007171 1.658350
0.924724 0.000007 0.000006 0.000003 0.000000 0.068089 0.007171 1.658351
0.924733 0.000005 0.000005 0.000003 0.000000 0.068083 0.007171 1.658353
0.924737 0.000003 0.000004 0.000004 0.000000 0.068081 0.007171 1.658354
0.924742 0.000005 0.000004 0.000003 0.000000 0.068075 0.007171 1.658354
0.924745 0.000006 0.000004 0.000003 0.000000 0.068072 0.007171 1.658354
0.924748 0.000005 0.000004 0.000003 0.000000 0.068068 0.007171 1.658356
0.924753 0.000006 0.000004 0.000003 0.000000 0.068063 0.007171 1.658356
0.924756 0.000005 0.000004 0.000003 0.000000 0.068060 0.007171 1.658356
0.924760 0.000005 0.000005 0.000003 0.000000 0.068056 0.007171 1.658357
0.924763 0.000006 0.000005 0.000003 0.000000 0.068053 0.007171 1.658357
0.924767 0.000006 0.000005 0.000003 0.000000 0.068048 0.007171 1.658358
0.924770 0.000005 0.000005 0.000003 0.000000 0.068046 0.007171 1.658359
0.924773 0.000005 0.000006 0.000003 0.000000 0.068042 0.007171 1.658360
0.924777 0.000006 0.000006 0.000003 0.000000 0.068038 0.007171 1.658360
0.924781 0.000006 0.000005 0.000003 0.000000 0.068034 0.007171 1.658360
0.924786 0.000006 0.000005 0.000003 0.000000 0.068030 0.007171 1.658360
0.924790 0.000006 0.000005 0.000003 0.000000 0.068025 0.007171 1.658360
0.924796 0.000006 0.000005 0.000003 0.000000 0.068020 0.007171 1.658360
0.924801 0.000005 0.000005 0.000004 0.000000 0.068015 0.007171 1.658361
0.924804 0.000005 0.000004 0.000004 0.000000 0.068012 0.007171 1.658361
0.924807 0.000006 0.000004 0.000003 0.000000 0.068010 0.007171 1.658361
0.924808 0.000005 0.000004 0.000003 0.000000 0.068010 0.007171 1.658362
0.924810 0.000005 0.000004 0.000003 0.000000 0.068007 0.007171 1.658362
0.924811 0.000005 0.000005 0.000003 0.000000 0.068006 0.007171 1.658363
0.924814 0.000005 0.000005 0.000003 0.000000 0.068002 0.007171 1.658363
0.924817 0.000006 0.000005 0.000003 0.000000 0.067998 0.007171 1.658364
0.924821 0.000006 0.000005 0.000003 0.000000 0.067995 0.007171 1.658364
0.924823 0.000006 0.000004 0.000003 0.000000 0.067994 0.007171 1.658364
0.924827 0.000005 0.000005 0.000003 0.000000 0.067990 0.007171 1.658365
0.924830 0.000005 0.000005 0.000002 0.000000 0.067987 0.007171 1.658365
0.924832 0.000005 0.000005 0.000002 0.000000 0.067985 0.007171 1.658365
0.924835 0.000005 0.000005 0.000002 0.000000 0.067983 0.007171 1.658366
0.924836 0.000006 0.000005 0.000002 0.000000 0.067981 0.007171 1.658366
0.924837 0.000005 0.000006 0.000002 0.000000 0.067979 0.007171 1.658367
0.924841 0.000006 0.000005 0.000002 0.000000 0.067976 0.007171 1.658367
0.924843 0.000006 0.000005 0.000002 0.000000 0.067974 0.007171 1.658367
0.924847 0.000005 0.000004 0.000002 0.000000 0.067971 0.007171 1.658368
0.924850 0.000005 0.000004 0.000002 0.000000 0.067968 0.007171 1.658368
0.924852 0.000005 0.000005 0.000002 0.000000 0.067966 0.007171 1.658369
0.924854 0.000003 0.000005 0.000003 0.000000 0.067965 0.007171 1.658371
0.924855 0.000003 0.000005 0.000003 0.000000 0.067963 0.007171 1.658371
0.924857 0.000003 0.000005 0.000003 0.000000 0.067961 0.007171 1.658372
0.924859 0.000002 0.000005 0.000003 0.000000 0.067960 0.007171 1.658372
0.924860 0.000003 0.000005 0.000003 0.000000 0.067958 0.007171 1.658372
0.924862 0.000003 0.000005 0.000004 0.000000 0.067956 0.007171 1.658373
0.924864 0.000002 0.000005 0.000005 0.000000 0.067954 0.007171 1.658373
0.924867 0.000002 0.000005 0.000004 0.000000 0.067951 0.007171 1.658373
0.924869 0.000002 0.000005 0.000003 0.000000 0.067950 0.007171 1.658373
0.924870 0.000001 0.000005 0.000003 0.000000 0.067949 0.007171 1.658374
0.924873 0.000001 0.000003 0.000003 0.000000 0.067949 0.007171 1.658374
0.924876 0.000001 0.000003 0.000003 0.000000 0.067947 0.007171 1.658374
0.924878 0.000001 0.000003 0.000001 0.000000 0.067945 0.007171 1.658374
0.924882 0.000001 0.000003 0.000001 0.000000 0.067942 0.007171 1.658374
0.924883 0.000001 0.000003 0.000001 0.000000 0.067940 0.007171 1.658374
0.924885 0.000001 0.000003 0.000001 0.000000 0.067938 0.007171 1.658374
0.924888 0.000001 0.000003 0.000001 0.000000 0.067935 0.007171 1.658374
0.924888 0.000002 0.000002 0.000001 0.000000 0.067935 0.007171 1.658374
0.924889 0.000002 0.000002 0.000001 0.000000 0.067934 0.007171 1.658374
0.924891 0.000001 0.000003 0.000001 0.000000 0.067933 0.007171 1.658375
0.924893 0.000001 0.000003 0.000001 0.000000 0.067931 0.007171 1.658375
0.924893 0.000001 0.000002 0.000001 0.000000 0.067931 0.007171 1.658375
0.924894 0.000001 0.000002 0.000001 0.000000 0.067930 0.007171 1.658375
0.924896 0.000001 0.000001 0.000001 0.000000 0.067929 0.007171 1.658375
0.924897 0.000001 0.000001 0.000001 0.000000 0.067929 0.007171 1.658375
0.924898 0.000001 0.000001 0.000001 0.000000 0.067928 0.007171 1.658375
0.924897 0.000001 0.000001 0.000001 0.000000 0.067928 0.007171 1.658375
0.924899 0.000001 0.000001 0.000001 0.000000 0.067926 0.007171 1.658375
0.924899 0.000001 0.000001 0.000001 0.000000 0.067926 0.007171 1.658375
0.924899 0.000001 0.000001 0.000001 0.000000 0.067926 0.007171 1.658376
0.924899 0.000001 0.000001 0.000001 0.000000 0.067926 0.007171 1.658376
0.924899 0.000001 0.000001 0.000001 0.000000 0.067925 0.007171 1.658376
0.924899 0.000002 0.000001 0.000001 0.000000 0.067925 0.007171 1.658376
0.924899 0.000002 0.000001 0.000001 0.000000 0.067925 0.007171 1.658376
0.924900 0.000001 0.000002 0.000001 0.000000 0.067925 0.007171 1.658376
0.924900 0.000001 0.000002 0.000001 0.000000 0.067924 0.007171 1.658377
0.924902 0.000001 0.000002 0.000001 0.000000 0.067923 0.007171 1.658377
0.924902 0.000001 0.000002 0.000001 0.000000 0.067922 0.007171 1.658377
0.924903 0.000001 0.000001 0.000001 0.000000 0.067922 0.007171 1.658377
0.924903 0.000001 0.000001 0.000001 0.000000 0.067923 0.007171 1.658377
0.924903 0.000001 0.000001 0.000001 0.000000 0.067922 0.007171 1.658377
0.924903 0.000001 0.000000 0.000001 0.000000 0.067923 0.007171 1.658377
0.924904 0.000000 0.000001 0.000001 0.000000 0.067922 0.007171 1.658377
0.924905 0.000000 0.000001 0.000001 0.000000 0.067921 0.007171 1.658377
0.924906 0.000000 0.000001 0.000001 0.000000 0.067920 0.007171 1.658377
0.924906 0.000000 0.000001 0.000001 0.000000 0.067921 0.007171 1.658377
0.924907 0.000000 0.000001 0.000001 0.000000 0.067920 0.007171 1.658377
0.924907 0.000000 0.000001 0.000000 0.000000 0.067920 0.007171 1.658377
0.924908 0.000000 0.000001 0.000000 0.000000 0.067919 0.007171 1.658377
0.924909 0.000000 0.000001 0.000000 0.000000 0.067918 0.007171 1.658377
0.924909 0.000000 0.000001 0.000000 0.000000 0.067918 0.007171 1.658377
0.924909 0.000000 0.000001 0.000001 0.000000 0.067918 0.007171 1.658378
0.924910 0.000000 0.000001 0.000001 0.000000 0.067917 0.007171 1.658378
0.924910 0.000000 0.000001 0.000000 0.000000 0.067918 0.007171 1.658378
0.924910 0.000000 0.000001 0.000000 0.000000 0.067917 0.007171 1.658378
0.924910 0.000000 0.000001 0.000000 0.000000 0.067917 0.007171 1.658378
0.924910 0.000000 0.000001 0.000000 0.000000 0.067917 0.007171 1.658378
0.924910 0.000000 0.000000 0.000000 0.000000 0.067917 0.007171 1.658378
0.924911 0.000000 0.000000 0.000000 0.000000 0.067917 0.007171 1.658378
0.924911 0.000000 0.000000 0.000000 0.000000 0.067917 0.007171 1.658378
0.924912 0.000000 0.000000 0.000000 0.000000 0.067916 0.007171 1.658378
0.924912 0.000000 0.000000 0.000000 0.000000 0.067916 0.007171 1.658378
0.924913 0.000000 0.000000 0.000000 0.000000 0.067915 0.007171 1.658378
0.924914 0.000000 0.000000 0.000000 0.000000 0.067914 0.007171 1.658378
0.924915 0.000000 0.000000 0.000000 0.000000 0.067913 0.007171 1.658378
0.924916 0.000000 0.000000 0.000000 0.000000 0.067912 0.007171 1.658378
0.924917 0.000000 0.000000 0.000000 0.000000 0.067911 0.007171 1.658378
0.924918 0.000000 0.000000 0.000000 0.000000 0.067910 0.007171 1.658378
0.924919 0.000000 0.000000 0.000000 0.000000 0.067909 0.007171 1.658378
0.924919 0.000000 0.000000 0.000000 0.000000 0.067909 0.007171 1.658378
0.924919 0.000000 0.000000 0.000000 0.000000 0.067909 0.007171 1.658378
0.924919 0.000000 0.000000 0.000000 0.000000 0.067909 0.007171 1.658378
0.924920 0.000000 0.000000 0.000000 0.000000 0.067909 0.007171 1.658378
0.924920 0.000000 0.000000 0.000000 0.000000 0.067908 0.007171 1.658378
0.924921 0.000000 0.000000 0.000000 0.000000 0.067908 0.007171 1.658378
0.924921 0.000000 0.000000 0.000000 0.000000 0.067907 0.007171 1.658378
0.924922 0.000000 0.000000 0.000000 0.000000 0.067907 0.007171 1.658378
0.924922 0.000000 0.000000 0.000000 0.000000 0.067906 0.007171 1.658378
0.924923 0.000000 0.000000 0.000000 0.000000 0.067906 0.007171 1.658378
0.924923 0.000000 0.000000 0.000000 0.000000 0.067906 0.007171 1.658378
0.924923 0.000000 0.000000 0.000000 0.000000 0.067906 0.007171 1.658378
0.924923 0.000000 0.000000 0.000000 0.000000 0.067906 0.007171 1.658378
0.924923 0.000000 0.000000 0.000000 0.000000 0.067906 0.007171 1.658378
0.924923 0.000000 0.000000 0.000000 0.000000 0.067906 0.007171 1.658378
0.924923 0.000000 0.000000 0.000000 0.000000 0.067906 0.007171 1.658378
0.924923 0.000000 0.000000 0.000000 0.000000 0.067906 0.007171 1.658378
0.924923 0.000000 0.000000 0.000000 0.000000 0.067906 0.007171 1.658378
0.924923 0.000000 0.000000 0.000000 0.000000 0.067906 0.007171 1.658378
0.924923 0.000000 0.000000 0.000000 0.000000 0.067906 0.007171 1.658378
0.924923 0.000000 0.000000 0.000000 0.000000 0.067906 0.007171 1.658378
0.924923 0.000000 0.000000 0.000000 0.000000 0.067906 0.007171 1.658378
0.924923 0.000000 0.000000 0.000000 0.000000 0.067906 0.007171 1.658378
0.924923 0.000000 0.000000 0.000000 0.000000 0.067906 0.007171 1.658378
0.924923 0.000000 0.000000 0.000000 0.000000 0.067906 0.007171 1.658378
0.924923 0.000000 0.000000 0.000000 0.000000 0.067906 0.007171 1.658378
0.924923 0.000000 0.000000 0.000000 0.000000 0.067906 0.007171 1.658378
0.924923 0.000000 0.000000 0.000000 0.000000 0.067906 0.007171 1.658378
0.924923 0.000000 0.000000 0.000000 0.000000 0.067906 0.007171 1.658378
0.924923 0.000000 0.000000 0.000000 0.000000 0.067906 0.007171 1.658378
0.924923 0.000000 0.000000 0.000000 0.000000 0.067906 0.007171 1.658378
0.924923 0.000000 0.000000 0.000000 0.000000 0.067906 0.007171 1.658378
0.924923 0.000000 0.000000 0.000000 0.000000 0.067906 0.007171 1.658378
0.924923 0.000000 0.000000 0.000000 0.000000 0.067906 0.007171 1.658378
0.924923 0.000000 0.000000 0.000000 0.000000 0.067906 0.007171 1.658378
0.924923 0.000000 0.000000 0.000000 0.000000 0.067906 0.007171 1.658378
0.924923 0.000000 0.000000 0.000000 0.000000 0.067906 0.007171 1.658378
0.924923 0.000000 0.000000 0.000000 0.000000 0.067906 0.007171 1.658378
0.924923 0.000000 0.000000 0.000000 0.000000 0.067906 0.007171 1.658378
0.924923 0.000000 0.000000 0.000000 0.000000 0.067906 0.007171 1.658378
0.924923 0.000000 0.000000 0.000000 0.000000 0.067906 0.007171 1.658378
0.924923 0.000000 0.000000 0.000000 0.000000 0.067906 0.007171 1.658378
0.924923 0.000000 0.000000 0.000000 0.000000 0.067906 0.007171 1.658378
0.924923 0.000000 0.000000 0.000000 0.000000 0.067906 0.007171 1.658378
0.924923 0.000000 0.000000 0.000000 0.000000 0.067906 0.007171 1.658378
0.924923 0.000000 0.000000 0.000000 0.000000 0.067906 0.007171 1.658378
0.924923 0.000000 0.000000 0.000000 0.000000 0.067906 0.007171 1.658378
0.924923 0.000000 0.000000 0.000000 0.000000 0.067906 0.007171 1.658378
0.924923 0.000000 0.000000 0.000000 0.000000 0.067906 0.007171 1.658378
0.924923 0.000000 0.000000 0.000000 0.000000 0.067906 0.007171 1.658378
0.924923 0.000000 0.000000 0.000000 0.000000 0.067906 0.007171 1.658378
0.924923 0.000000 0.000000 0.000000 0.000000 0.067906 0.007171 1.658378
0.924923 0.000000 0.000000 0.000000 0.000000 0.067906 0.007171 1.658378
0.924923 0.000000 0.000000 0.000000 0.000000 0.067906 0.007171 1.658378
0.924923 0.000000 0.000000 0.000000 0.000000 0.067906 0.007171 1.658378
0.924923 0.000000 0.000000 0.000000 0.000000 0.067906 0.007171 1.658378
0.924923 0.000000 0.000000 0.000000 0.000000 0.067906 0.007171 1.658378
0.924923 0.000000 0.000000 0.000000 0.000000 0.067906 0.007171 1.658378
0.924923 0.000000 0.000000 0.000000 0.000000 0.067906 0.007171 1.658378
0.924923 0.000000 0.000000 0.000000 0.000000 0.067906 0.007171 1.658378
0.924923 0.000000 0.000000 0.000000 0.000000 0.067906 0.007171 1.658378
0.924923 0.000000 0.000000 0.000000 0.000000 0.067906 0.007171 1.658378
0.924923 0.000000 0.000000 0.000000 0.000000 0.067906 0.007171 1.658378
0.924923 0.000000 0.000000 0.000000 0.000000 0.067906 0.007171 1.658378
0.924923 0.000000 0.000000 0.000000 0.000000 0.067906 0.007171 1.658378
0.924923 0.000000 0.000000 0.000000 0.000000 0.067906 0.007171 1.658378
0.924923 0.000000 0.000000 0.000000 0.000000 0.067906 0.007171 1.658378
0.924923 0.000000 0.000000 0.000000 0.000000 0.067906 0.007171 1.658378
0.924923 0.000000 0.000000 0.000000 0.000000 0.067906 0.007171 1.658378
0.924923 0.000000 0.000000 0.000000 0.000000 0.067906 0.007171 1.658378
0.924923 0.000000 0.000000 0.000000 0.000000 0.067906 0.007171 1.658378
0.924923 0.000000 0.000000 0.000000 0.000000 0.067906 0.007171 1.658378
0.924923 0.000000 0.000000 0.000000 0.000000 0.067906 0.007171 1.658378
0.924923 0.000000 0.000000 0.000000 0.000000 0.067906 0.007171 1.658378
0.924923 0.000000 0.000000 0.000000 0.000000 0.067906 0.007171 1.658378
0.924923 0.000000 0.000000 0.000000 0.000000 0.067906 0.007171 1.658378
0.924923 0.000000 0.000000 0.000000 0.000000 0.067906 0.007171 1.658378
0.924923 0.000000 0.000000 0.000000 0.000000 0.067906 0.007171 1.658378
0.924923 0.000000 0.000000 0.000000 0.000000 0.067906 0.007171 1.658378
0.924923 0.000000 0.000000 0.000000 0.000000 0.067906 0.007171 1.658378
0.924923 0.000000 0.000000 0.000000 0.000000 0.067906 0.007171 1.658378
0.924923 0.000000 0.000000 0.000000 0.000000 0.067906 0.007171 1.658378
0.924923 0.000000 0.000000 0.000000 0.000000 0.067906 0.007171 1.658378
0.924923 0.000000 0.000000 0.000000 0.000000 0.067906 0.007171 1.658378
0.924923 0.000000 0.000000 0.000000 0.000000 0.067906 0.007171 1.658378
0.924923 0.000000 0.000000 0.000000 0.000000 0.067906 0.007171 1.658378
0.924923 0.000000 0.000000 0.000000 0.000000 0.067906 0.007171 1.658378
0.924923 0.000000 0.000000 0.000000 0.000000 0.067906 0.007171 1.658378
0.924923 0.000000 0.000000 0.000000 0.000000 0.067906 0.007171 1.658378
0.924923 0.000000 0.000000 0.000000 0.000000 0.067906 0.007171 1.658378
0.924923 0.000000 0.000000 0.000000 0.000000 0.067906 0.007171 1.658378
0.924923 0.000000 0.000000 0.000000 0.000000 0.067906 0.007171 1.658378
0.924923 0.000000 0.000000 0.000000 0.000000 0.067906 0.007171 1.658378
0.924923 0.000000 0.000000 0.000000 0.000000 0.067906 0.007171 1.658378
0.924923 0.000000 0.000000 0.000000 0.000000 0.067906 0.007171 1.658378
0.924923 0.000000 0.000000 0.000000 0.000000 0.067906 0.007171 1.658378
0.924923 0.000000 0.000000 0.000000 0.000000 0.067906 0.007171 1.658378
0.924923 0.000000 0.000000 0.000000 0.000000 0.067906 0.007171 1.658378
0.924923 0.000000 0.000000 0.000000 0.000000 0.067906 0.007171 1.658378
0.924923 0.000000 0.000000 0.000000 0.000000 0.067906 0.007171 1.658378
0.924923 0.000000 0.000000 0.000000 0.000000 0.067906 0.007171 1.658378
0.924923 0.000000 0.000000 0.000000 0.000000 0.067906 0.007171 1.658378
0.924923 0.000000 0.000000 0.000000 0.000000 0.067906 0.007171 1.658378
0.924923 0.000000 0.000000 0.000000 0.000000 0.067906 0.007171 1.658378
0.924923 0.000000 0.000000 0.000000 0.000000 0.067906 0.007171 1.658378
0.924923 0.000000 0.000000 0.000000 0.000000 0.067906 0.007171 1.658378
0.924923 0.000000 0.000000 0.000000 0.000000 0.067906 0.007171 1.658378
0.924923 0.000000 0.000000 0.000000 0.000000 0.067906 0.007171 1.658378
0.924923 0.000000 0.000000 0.000000 0.000000 0.067906 0.007171 1.658378
0.924923 0.000000 0.000000 0.000000 0.000000 0.067906 0.007171 1.658378
0.924923 0.000000 0.000000 0.000000 0.000000 0.067906 0.007171 1.658378
0.924923 0.000000 0.000000 0.000000 0.000000 0.067906 0.007171 1.658378
0.924923 0.000000 0.000000 0.000000 0.000000 0.067906 0.007171 1.658378
0.924923 0.000000 0.000000 0.000000 0.000000 0.067906 0.007171 1.658378
0.924923 0.000000 0.000000 0.000000 0.000000 0.067906 0.007171 1.658378
0.924923 0.000000 0.000000 0.000000 0.000000 0.067906 0.007171 1.658378
0.924923 0.000000 0.000000 0.000000 0.000000 0.067906 0.007171 1.658378
0.924923 0.000000 0.000000 0.000000 0.000000 0.067906 0.007171 1.658378
0.924923 0.000000 0.000000 0.000000 0.000000 0.067906 0.007171 1.658378
0.924923 0.000000 0.000000 0.000000 0.000000 0.067906 0.007171 1.658378
0.924923 0.000000 0.000000 0.000000 0.000000 0.067906 0.007171 1.658378
0.924923 0.000000 0.000000 0.000000 0.000000 0.067906 0.007171 1.658378
0.924923 0.000000 0.000000 0.000000 0.000000 0.067906 0.007171 1.658378
0.924923 0.000000 0.000000 0.000000 0.000000 0.067906 0.007171 1.658378
0.924923 0.000000 0.000000 0.000000 0.000000 0.067906 0.007171 1.658378
0.924923 0.000000 0.000000 0.000000 0.000000 0.067906 0.007171 1.658378
0.924923 0.000000 0.000000 0.000000 0.000000 0.067906 0.007171 1.658378
0.924923 0.000000 0.000000 0.000000 0.000000 0.067906 0.007171 1.658378
0.924923 0.000000 0.000000 0.000000 0.000000 0.067906 0.007171 1.658378
0.924923 0.000000 0.000000 0.000000 0.000000 0.067906 0.007171 1.658378
0.924923 0.000000 0.000000 0.000000 0.000000 0.067906 0.007171 1.658378
0.924923 0.000000 0.000000 0.000000 0.000000 0.067906 0.007171 1.658378
0.924923 0.000000 0.000000 0.000000 0.000000 0.067906 0.007171 1.658378
