0.369504 0.061370 0.054676 0.031242 0.001966 0.475606 0.005635 1.552918
0.371932 0.059056 0.054477 0.031064 0.001957 0.475853 0.005661 1.558790
0.375138 0.056113 0.054386 0.030789 0.001957 0.475931 0.005685 1.564491
0.378847 0.053066 0.054074 0.030437 0.001956 0.475910 0.005710 1.569871
0.382774 0.049958 0.053592 0.030026 0.001945 0.475965 0.005741 1.574997
0.386867 0.047026 0.052843 0.029482 0.001929 0.476079 0.005775 1.579727
0.391254 0.044217 0.051964 0.028955 0.001923 0.475883 0.005804 1.584175
0.395823 0.041396 0.051127 0.028346 0.001903 0.475572 0.005833 1.588417
0.400525 0.038729 0.050184 0.027640 0.001915 0.475155 0.005854 1.592417
0.405212 0.036368 0.049051 0.026940 0.001910 0.474643 0.005877 1.596068
0.409946 0.034077 0.047889 0.026168 0.001901 0.474116 0.005902 1.599520
0.414812 0.031987 0.046609 0.025404 0.001894 0.473367 0.005926 1.602704
0.419784 0.029936 0.045409 0.024590 0.001892 0.472442 0.005946 1.605749
0.424654 0.028134 0.044075 0.023789 0.001885 0.471495 0.005969 1.608546
0.429684 0.026402 0.042720 0.022980 0.001863 0.470352 0.005998 1.611217
0.434803 0.024794 0.041368 0.022193 0.001828 0.468990 0.006024 1.613699
0.439935 0.023251 0.040079 0.021435 0.001806 0.467445 0.006049 1.616059
0.445016 0.021836 0.038675 0.020641 0.001783 0.465977 0.006072 1.618253
0.450055 0.020580 0.037293 0.019853 0.001757 0.464374 0.006089 1.620286
0.455080 0.019475 0.036004 0.019050 0.001744 0.462542 0.006105 1.622161
0.460175 0.018274 0.034781 0.018360 0.001720 0.460565 0.006126 1.624067
0.465291 0.017181 0.033491 0.017680 0.001689 0.458518 0.006149 1.625849
0.470316 0.016212 0.032223 0.016961 0.001665 0.456445 0.006177 1.627452
0.475466 0.015241 0.031049 0.016291 0.001640 0.454119 0.006193 1.629020
0.480522 0.014399 0.029819 0.015596 0.001614 0.451841 0.006209 1.630448
0.485704 0.013635 0.028608 0.014955 0.001583 0.449280 0.006234 1.631789
0.490692 0.012906 0.027464 0.014351 0.001561 0.446777 0.006249 1.633067
0.495672 0.012196 0.026351 0.013763 0.001539 0.444210 0.006269 1.634281
0.500721 0.011555 0.025301 0.013159 0.001510 0.441467 0.006285 1.635399
0.505638 0.010961 0.024232 0.012588 0.001476 0.438794 0.006311 1.636477
0.510641 0.010356 0.023297 0.012065 0.001451 0.435863 0.006328 1.637570
0.515555 0.009812 0.022274 0.011570 0.001415 0.433026 0.006349 1.638561
0.520457 0.009312 0.021345 0.011112 0.001398 0.430013 0.006365 1.639524
0.525336 0.008892 0.020446 0.010600 0.001366 0.426982 0.006379 1.640387
0.530272 0.008445 0.019618 0.010112 0.001337 0.423820 0.006397 1.641236
0.535262 0.008000 0.018766 0.009680 0.001308 0.420573 0.006410 1.642058
0.540132 0.007596 0.017962 0.009246 0.001280 0.417358 0.006425 1.642835
0.544958 0.007285 0.017156 0.008783 0.001253 0.414126 0.006439 1.643536
0.549631 0.006946 0.016448 0.008360 0.001224 0.410935 0.006455 1.644244
0.554341 0.006609 0.015786 0.007968 0.001196 0.407633 0.006467 1.644924
0.559190 0.006298 0.015113 0.007615 0.001162 0.404133 0.006489 1.645583
0.563904 0.006019 0.014448 0.007255 0.001134 0.400733 0.006507 1.646203
0.568556 0.005753 0.013835 0.006929 0.001099 0.397302 0.006525 1.646793
0.573188 0.005495 0.013265 0.006625 0.001072 0.393819 0.006537 1.647347
0.577778 0.005261 0.012677 0.006328 0.001044 0.390363 0.006550 1.647870
0.582366 0.005018 0.012156 0.006043 0.001016 0.386838 0.006563 1.648391
0.587023 0.004801 0.011681 0.005780 0.000994 0.383146 0.006574 1.648893
0.591485 0.004597 0.011160 0.005539 0.000972 0.379660 0.006586 1.649348
0.595986 0.004419 0.010735 0.005317 0.000940 0.376001 0.006602 1.649811
0.600398 0.004262 0.010244 0.005092 0.000916 0.372469 0.006619 1.650228
0.604730 0.004108 0.009797 0.004839 0.000887 0.369011 0.006629 1.650630
0.609065 0.003946 0.009389 0.004621 0.000865 0.365477 0.006638 1.651031
0.613364 0.003802 0.008984 0.004406 0.000835 0.361961 0.006648 1.651409
0.617710 0.003657 0.008614 0.004225 0.000809 0.358325 0.006660 1.651768
0.621973 0.003523 0.008262 0.004029 0.000791 0.354757 0.006665 1.652123
0.626197 0.003380 0.007921 0.003883 0.000767 0.351177 0.006675 1.652481
0.630369 0.003272 0.007590 0.003710 0.000747 0.347631 0.006681 1.652797
0.634454 0.003179 0.007254 0.003537 0.000723 0.344162 0.006691 1.653108
0.638510 0.003048 0.006988 0.003381 0.000700 0.340673 0.006700 1.653434
0.642589 0.002962 0.006681 0.003244 0.000678 0.337139 0.006709 1.653718
0.646639 0.002863 0.006430 0.003105 0.000659 0.333586 0.006719 1.654006
0.650602 0.002720 0.006154 0.002998 0.000646 0.330157 0.006725 1.654307
0.654541 0.002641 0.005897 0.002873 0.000626 0.326687 0.006735 1.654571
0.658501 0.002551 0.005655 0.002764 0.000609 0.323175 0.006744 1.654826
0.662325 0.002472 0.005434 0.002652 0.000595 0.319769 0.006753 1.655081
0.666088 0.002391 0.005213 0.002531 0.000574 0.316441 0.006763 1.655322
0.669810 0.002330 0.005025 0.002424 0.000557 0.313081 0.006772 1.655545
0.673633 0.002255 0.004831 0.002308 0.000542 0.309651 0.006781 1.655763
0.677352 0.002184 0.004622 0.002221 0.000520 0.306314 0.006788 1.655979
0.681037 0.002114 0.004443 0.002134 0.000503 0.302977 0.006793 1.656190
0.684660 0.002060 0.004272 0.002050 0.000489 0.299672 0.006798 1.656397
0.688235 0.001989 0.004121 0.001969 0.000477 0.296407 0.006803 1.656609
0.691849 0.001921 0.003969 0.001903 0.000466 0.293084 0.006808 1.656803
0.695332 0.001881 0.003814 0.001822 0.000463 0.289875 0.006813 1.656980
0.698829 0.001847 0.003682 0.001740 0.000453 0.286632 0.006817 1.657143
0.702266 0.001796 0.003550 0.001682 0.000438 0.283448 0.006822 1.657314
0.705655 0.001754 0.003415 0.001603 0.000425 0.280322 0.006827 1.657479
0.709032 0.001703 0.003272 0.001546 0.000412 0.277204 0.006831 1.657649
0.712388 0.001669 0.003149 0.001470 0.000398 0.274090 0.006837 1.657793
0.715660 0.001653 0.003020 0.001407 0.000380 0.271037 0.006844 1.657935
0.718907 0.001601 0.002922 0.001361 0.000375 0.267988 0.006847 1.658095
0.722173 0.001562 0.002814 0.001313 0.000366 0.264921 0.006851 1.658251
0.725338 0.001523 0.002729 0.001278 0.000355 0.261922 0.006855 1.658406
0.728417 0.001490 0.002648 0.001237 0.000347 0.259002 0.006860 1.658563
0.731554 0.001443 0.002556 0.001203 0.000336 0.256047 0.006862 1.658722
0.734629 0.001422 0.002465 0.001148 0.000318 0.253152 0.006867 1.658848
0.737685 0.001375 0.002395 0.001120 0.000305 0.250251 0.006869 1.658991
0.740701 0.001330 0.002334 0.001081 0.000293 0.247390 0.006873 1.659139
0.743688 0.001283 0.002256 0.001048 0.000284 0.244566 0.006877 1.659276
0.746618 0.001247 0.002165 0.001008 0.000277 0.241804 0.006881 1.659399
0.749526 0.001218 0.002098 0.000969 0.000278 0.239030 0.006882 1.659523
0.752461 0.001183 0.002015 0.000953 0.000270 0.236235 0.006885 1.659646
0.755319 0.001150 0.001944 0.000918 0.000259 0.233520 0.006890 1.659761
0.758183 0.001115 0.001912 0.000878 0.000249 0.230770 0.006893 1.659886
0.760987 0.001088 0.001861 0.000859 0.000241 0.228069 0.006895 1.659994
0.763776 0.001052 0.001799 0.000843 0.000230 0.225401 0.006900 1.660109
0.766511 0.001034 0.001761 0.000815 0.000224 0.222752 0.006903 1.660213
0.769227 0.001017 0.001698 0.000785 0.000218 0.220151 0.006906 1.660312
0.771831 0.000998 0.001639 0.000760 0.000212 0.217652 0.006909 1.660407
0.774535 0.000969 0.001575 0.000735 0.000208 0.215067 0.006911 1.660502
0.777120 0.000928 0.001522 0.000719 0.000201 0.212597 0.006914 1.660602
0.779650 0.000915 0.001472 0.000693 0.000193 0.210159 0.006918 1.660690
0.782166 0.000912 0.001434 0.000660 0.000187 0.207722 0.006919 1.660773
0.784705 0.000896 0.001382 0.000649 0.000183 0.205264 0.006921 1.660855
0.787154 0.000889 0.001335 0.000633 0.000179 0.202887 0.006923 1.660936
0.789667 0.000872 0.001301 0.000627 0.000173 0.200436 0.006926 1.661024
0.792108 0.000845 0.001278 0.000602 0.000167 0.198072 0.006929 1.661113
0.794527 0.000818 0.001259 0.000587 0.000162 0.195717 0.006931 1.661197
0.796902 0.000800 0.001226 0.000562 0.000158 0.193419 0.006933 1.661274
0.799200 0.000798 0.001186 0.000544 0.000150 0.191187 0.006935 1.661342
0.801559 0.000797 0.001150 0.000536 0.000145 0.188876 0.006938 1.661410
0.803874 0.000777 0.001124 0.000526 0.000142 0.186619 0.006940 1.661482
0.806136 0.000747 0.001101 0.000508 0.000138 0.184428 0.006941 1.661566
0.808405 0.000724 0.001073 0.000494 0.000129 0.182227 0.006947 1.661634
0.810672 0.000717 0.001038 0.000472 0.000125 0.180027 0.006950 1.661695
0.812798 0.000713 0.001016 0.000463 0.000122 0.177936 0.006951 1.661758
0.814936 0.000698 0.000974 0.000458 0.000118 0.175864 0.006953 1.661831
0.817107 0.000672 0.000950 0.000457 0.000112 0.173746 0.006956 1.661907
0.819144 0.000662 0.000933 0.000448 0.000109 0.171745 0.006958 1.661976
0.821251 0.000656 0.000904 0.000425 0.000107 0.169696 0.006961 1.662027
0.823265 0.000643 0.000882 0.000415 0.000104 0.167730 0.006962 1.662094
0.825332 0.000632 0.000856 0.000401 0.000102 0.165715 0.006962 1.662153
0.827357 0.000621 0.000828 0.000383 0.000097 0.163751 0.006964 1.662215
0.829328 0.000610 0.000808 0.000377 0.000090 0.161820 0.006967 1.662277
0.831329 0.000591 0.000778 0.000366 0.000089 0.159878 0.006968 1.662335
0.833326 0.000581 0.000750 0.000356 0.000086 0.157930 0.006970 1.662386
0.835271 0.000570 0.000739 0.000352 0.000082 0.156012 0.006973 1.662442
0.837156 0.000550 0.000735 0.000348 0.000081 0.154156 0.006974 1.662504
0.839028 0.000532 0.000729 0.000341 0.000077 0.152318 0.006976 1.662561
0.840900 0.000515 0.000715 0.000337 0.000074 0.150484 0.006976 1.662617
0.842741 0.000499 0.000700 0.000326 0.000072 0.148685 0.006976 1.662667
0.844556 0.000479 0.000679 0.000315 0.000070 0.146924 0.006977 1.662715
0.846314 0.000459 0.000667 0.000305 0.000067 0.145209 0.006979 1.662766
0.848094 0.000447 0.000650 0.000305 0.000067 0.143457 0.006979 1.662813
0.849743 0.000442 0.000641 0.000287 0.000066 0.141841 0.006980 1.662854
0.851486 0.000439 0.000619 0.000276 0.000066 0.140134 0.006980 1.662890
0.853159 0.000429 0.000606 0.000272 0.000064 0.138491 0.006980 1.662934
0.854809 0.000423 0.000580 0.000269 0.000061 0.136877 0.006982 1.662979
0.856429 0.000411 0.000567 0.000260 0.000058 0.135292 0.006984 1.663021
0.858058 0.000396 0.000567 0.000248 0.000057 0.133690 0.006984 1.663065
0.859655 0.000389 0.000549 0.000244 0.000054 0.132125 0.006985 1.663100
0.861225 0.000377 0.000525 0.000238 0.000053 0.130597 0.006985 1.663137
0.862785 0.000366 0.000521 0.000229 0.000051 0.129062 0.006986 1.663176
0.864309 0.000359 0.000509 0.000220 0.000051 0.127566 0.006986 1.663211
0.865765 0.000362 0.000492 0.000207 0.000051 0.126137 0.006987 1.663237
0.867258 0.000350 0.000472 0.000208 0.000048 0.124676 0.006987 1.663274
0.868748 0.000334 0.000464 0.000207 0.000047 0.123213 0.006987 1.663312
0.870179 0.000340 0.000445 0.000200 0.000046 0.121801 0.006988 1.663340
0.871577 0.000335 0.000434 0.000195 0.000045 0.120426 0.006989 1.663371
0.872930 0.000339 0.000425 0.000191 0.000043 0.119082 0.006990 1.663404
0.874321 0.000335 0.000414 0.000188 0.000038 0.117712 0.006992 1.663432
0.875648 0.000330 0.000411 0.000186 0.000036 0.116396 0.006992 1.663464
0.877011 0.000332 0.000398 0.000184 0.000035 0.115046 0.006993 1.663492
0.878333 0.000330 0.000394 0.000181 0.000034 0.113734 0.006993 1.663526
0.879673 0.000326 0.000386 0.000180 0.000033 0.112409 0.006993 1.663562
0.880942 0.000319 0.000387 0.000175 0.000031 0.111153 0.006994 1.663594
0.882138 0.000315 0.000376 0.000173 0.000031 0.109974 0.006994 1.663625
0.883346 0.000305 0.000368 0.000170 0.000030 0.108787 0.006994 1.663658
0.884519 0.000296 0.000368 0.000162 0.000030 0.107631 0.006994 1.663687
0.885704 0.000289 0.000358 0.000154 0.000030 0.106472 0.006994 1.663715
0.886844 0.000290 0.000346 0.000150 0.000028 0.105348 0.006994 1.663738
0.887978 0.000289 0.000342 0.000146 0.000029 0.104221 0.006994 1.663764
0.889046 0.000285 0.000344 0.000147 0.000027 0.103158 0.006995 1.663799
0.890106 0.000280 0.000343 0.000141 0.000026 0.102108 0.006995 1.663820
0.891152 0.000273 0.000342 0.000139 0.000026 0.101073 0.006995 1.663846
0.892153 0.000269 0.000340 0.000142 0.000026 0.100075 0.006995 1.663873
0.893133 0.000273 0.000330 0.000139 0.000026 0.099105 0.006995 1.663896
0.894119 0.000262 0.000326 0.000140 0.000025 0.098133 0.006995 1.663921
0.895119 0.000250 0.000326 0.000134 0.000024 0.097152 0.006996 1.663951
0.896093 0.000248 0.000316 0.000132 0.000022 0.096192 0.006996 1.663973
0.897019 0.000240 0.000313 0.000127 0.000022 0.095283 0.006997 1.663996
0.897935 0.000236 0.000305 0.000121 0.000021 0.094385 0.006997 1.664017
0.898826 0.000232 0.000298 0.000113 0.000021 0.093513 0.006997 1.664038
0.899710 0.000219 0.000296 0.000113 0.000019 0.092644 0.006998 1.664063
0.900539 0.000211 0.000290 0.000115 0.000018 0.091829 0.006998 1.664087
0.901379 0.000211 0.000284 0.000110 0.000018 0.091001 0.006998 1.664104
0.902212 0.000200 0.000284 0.000112 0.000017 0.090176 0.006999 1.664130
0.903029 0.000207 0.000275 0.000111 0.000016 0.089361 0.007000 1.664144
0.903800 0.000204 0.000273 0.000109 0.000016 0.088599 0.007000 1.664167
0.904582 0.000197 0.000272 0.000108 0.000016 0.087825 0.007000 1.664188
0.905355 0.000189 0.000266 0.000109 0.000016 0.087064 0.007000 1.664211
0.906107 0.000188 0.000257 0.000105 0.000016 0.086327 0.007000 1.664229
0.906849 0.000193 0.000249 0.000103 0.000015 0.085590 0.007000 1.664246
0.907577 0.000188 0.000246 0.000104 0.000014 0.084871 0.007000 1.664267
0.908257 0.000185 0.000244 0.000101 0.000014 0.084198 0.007000 1.664283
0.908930 0.000185 0.000237 0.000100 0.000014 0.083531 0.007000 1.664298
0.909562 0.000183 0.000232 0.000095 0.000014 0.082913 0.007000 1.664319
0.910214 0.000174 0.000231 0.000097 0.000014 0.082269 0.007001 1.664340
0.910890 0.000166 0.000217 0.000097 0.000014 0.081613 0.007001 1.664356
0.911523 0.000161 0.000217 0.000094 0.000014 0.080990 0.007001 1.664373
0.912160 0.000162 0.000208 0.000089 0.000012 0.080367 0.007002 1.664387
0.912753 0.000160 0.000196 0.000087 0.000011 0.079791 0.007002 1.664399
0.913327 0.000153 0.000198 0.000084 0.000011 0.079224 0.007002 1.664416
0.913899 0.000144 0.000191 0.000082 0.000010 0.078670 0.007003 1.664434
0.914472 0.000130 0.000195 0.000087 0.000010 0.078103 0.007003 1.664457
0.915016 0.000130 0.000185 0.000084 0.000010 0.077573 0.007003 1.664469
0.915564 0.000127 0.000178 0.000082 0.000010 0.077036 0.007003 1.664483
0.916082 0.000122 0.000177 0.000080 0.000010 0.076525 0.007003 1.664496
0.916607 0.000124 0.000172 0.000078 0.000011 0.076005 0.007003 1.664508
0.917108 0.000130 0.000160 0.000073 0.000010 0.075515 0.007003 1.664514
0.917578 0.000129 0.000157 0.000068 0.000011 0.075053 0.007003 1.664525
0.918034 0.000130 0.000155 0.000067 0.000011 0.074599 0.007003 1.664536
0.918526 0.000128 0.000149 0.000067 0.000011 0.074116 0.007003 1.664548
0.918974 0.000127 0.000148 0.000065 0.000010 0.073672 0.007004 1.664560
0.919400 0.000129 0.000146 0.000062 0.000010 0.073249 0.007004 1.664570
0.919853 0.000128 0.000147 0.000060 0.000009 0.072799 0.007004 1.664582
0.920261 0.000129 0.000136 0.000060 0.000008 0.072401 0.007004 1.664589
0.920677 0.000120 0.000137 0.000059 0.000008 0.071993 0.007004 1.664606
0.921088 0.000120 0.000139 0.000059 0.000008 0.071581 0.007004 1.664618
0.921485 0.000116 0.000135 0.000062 0.000008 0.071189 0.007004 1.664630
0.921848 0.000115 0.000133 0.000059 0.000008 0.070833 0.007004 1.664639
0.922212 0.000118 0.000130 0.000058 0.000008 0.070470 0.007004 1.664647
0.922586 0.000115 0.000130 0.000055 0.000007 0.070102 0.007005 1.664657
0.922946 0.000115 0.000128 0.000055 0.000007 0.069743 0.007006 1.664666
0.923318 0.000114 0.000121 0.000057 0.000006 0.069377 0.007006 1.664676
0.923666 0.000114 0.000121 0.000056 0.000006 0.069030 0.007006 1.664687
0.923992 0.000108 0.000120 0.000057 0.000006 0.068711 0.007006 1.664699
0.924309 0.000104 0.000122 0.000055 0.000005 0.068400 0.007006 1.664710
0.924619 0.000097 0.000120 0.000053 0.000005 0.068099 0.007006 1.664722
0.924928 0.000098 0.000115 0.000050 0.000005 0.067798 0.007006 1.664728
0.925230 0.000099 0.000112 0.000050 0.000005 0.067498 0.007006 1.664737
0.925535 0.000095 0.000106 0.000051 0.000005 0.067201 0.007006 1.664747
0.925832 0.000093 0.000107 0.000051 0.000005 0.066907 0.007006 1.664756
0.926136 0.000094 0.000102 0.000051 0.000005 0.066606 0.007006 1.664762
0.926404 0.000092 0.000101 0.000051 0.000006 0.066340 0.007006 1.664770
0.926665 0.000090 0.000103 0.000053 0.000004 0.066078 0.007006 1.664780
0.926890 0.000095 0.000100 0.000051 0.000004 0.065853 0.007006 1.664784
0.927145 0.000094 0.000100 0.000050 0.000004 0.065601 0.007006 1.664794
0.927388 0.000092 0.000101 0.000051 0.000004 0.065358 0.007006 1.664804
0.927610 0.000090 0.000098 0.000051 0.000004 0.065141 0.007006 1.664813
0.927846 0.000089 0.000099 0.000045 0.000004 0.064911 0.007006 1.664819
0.928050 0.000087 0.000098 0.000043 0.000004 0.064712 0.007006 1.664829
0.928279 0.000081 0.000101 0.000044 0.000004 0.064484 0.007006 1.664842
0.928472 0.000084 0.000098 0.000044 0.000004 0.064291 0.007006 1.664847
0.928711 0.000082 0.000099 0.000042 0.000004 0.064056 0.007006 1.664853
0.928926 0.000078 0.000103 0.000042 0.000004 0.063840 0.007006 1.664863
0.929132 0.000079 0.000099 0.000042 0.000004 0.063637 0.007006 1.664869
0.929318 0.000082 0.000098 0.000040 0.000004 0.063452 0.007006 1.664876
0.929485 0.000083 0.000095 0.000041 0.000004 0.063285 0.007006 1.664884
0.929674 0.000081 0.000096 0.000040 0.000004 0.063099 0.007006 1.664892
0.929836 0.000080 0.000097 0.000040 0.000004 0.062937 0.007006 1.664900
0.930001 0.000077 0.000097 0.000042 0.000004 0.062772 0.007006 1.664909
0.930163 0.000075 0.000097 0.000040 0.000004 0.062615 0.007006 1.664918
0.930308 0.000077 0.000095 0.000040 0.000004 0.062471 0.007006 1.664924
0.930489 0.000073 0.000097 0.000041 0.000004 0.062290 0.007006 1.664935
0.930644 0.000076 0.000094 0.000041 0.000004 0.062135 0.007006 1.664940
0.930796 0.000076 0.000090 0.000039 0.000004 0.061990 0.007006 1.664945
0.930928 0.000075 0.000088 0.000039 0.000004 0.061859 0.007006 1.664951
0.931093 0.000070 0.000086 0.000037 0.000004 0.061704 0.007006 1.664959
0.931218 0.000069 0.000088 0.000038 0.000004 0.061577 0.007006 1.664968
0.931344 0.000071 0.000086 0.000039 0.000004 0.061451 0.007006 1.664977
0.931473 0.000075 0.000083 0.000039 0.000004 0.061321 0.007006 1.664983
0.931611 0.000073 0.000080 0.000039 0.000004 0.061186 0.007006 1.664990
0.931757 0.000072 0.000081 0.000040 0.000004 0.061041 0.007006 1.664998
0.931887 0.000070 0.000080 0.000040 0.000004 0.060914 0.007006 1.665004
0.932010 0.000070 0.000083 0.000040 0.000003 0.060787 0.007006 1.665012
0.932132 0.000067 0.000083 0.000039 0.000003 0.060670 0.007006 1.665019
0.932257 0.000065 0.000078 0.000038 0.000003 0.060552 0.007006 1.665023
0.932369 0.000065 0.000076 0.000039 0.000002 0.060443 0.007006 1.665029
0.932470 0.000059 0.000078 0.000039 0.000002 0.060346 0.007006 1.665037
0.932580 0.000057 0.000079 0.000037 0.000002 0.060239 0.007006 1.665042
0.932673 0.000058 0.000076 0.000036 0.000002 0.060148 0.007006 1.665047
0.932776 0.000056 0.000072 0.000034 0.000002 0.060053 0.007006 1.665053
0.932881 0.000057 0.000070 0.000033 0.000002 0.059950 0.007006 1.665058
0.932978 0.000057 0.000064 0.000031 0.000002 0.059861 0.007006 1.665060
0.933061 0.000056 0.000061 0.000031 0.000002 0.059782 0.007006 1.665065
0.933156 0.000051 0.000063 0.000028 0.000002 0.059694 0.007006 1.665074
0.933247 0.000051 0.000063 0.000029 0.000002 0.059601 0.007006 1.665080
0.933339 0.000047 0.000061 0.000029 0.000002 0.059515 0.007006 1.665086
0.933419 0.000049 0.000060 0.000026 0.000002 0.059437 0.007006 1.665089
0.933506 0.000053 0.000059 0.000024 0.000002 0.059350 0.007006 1.665092
0.933582 0.000051 0.000057 0.000024 0.000002 0.059277 0.007006 1.665096
0.933658 0.000056 0.000056 0.000023 0.000003 0.059198 0.007006 1.665098
0.933729 0.000059 0.000054 0.000022 0.000003 0.059127 0.007006 1.665102
0.933807 0.000059 0.000054 0.000019 0.000003 0.059051 0.007006 1.665107
0.933874 0.000058 0.000057 0.000018 0.000003 0.058983 0.007006 1.665114
0.933940 0.000052 0.000056 0.000021 0.000003 0.058922 0.007006 1.665122
0.934009 0.000051 0.000057 0.000020 0.000003 0.058853 0.007006 1.665126
0.934075 0.000050 0.000055 0.000020 0.000003 0.058790 0.007006 1.665130
0.934136 0.000048 0.000053 0.000021 0.000003 0.058733 0.007006 1.665134
0.934191 0.000045 0.000055 0.000021 0.000003 0.058680 0.007006 1.665140
0.934248 0.000043 0.000055 0.000021 0.000003 0.058624 0.007006 1.665144
0.934301 0.000042 0.000050 0.000020 0.000003 0.058577 0.007006 1.665149
0.934342 0.000042 0.000047 0.000021 0.000003 0.058537 0.007006 1.665154
0.934394 0.000041 0.000047 0.000019 0.000003 0.058489 0.007006 1.665157
0.934450 0.000040 0.000047 0.000020 0.000003 0.058434 0.007006 1.665162
0.934505 0.000041 0.000045 0.000020 0.000003 0.058380 0.007006 1.665164
0.934553 0.000037 0.000048 0.000022 0.000003 0.058331 0.007006 1.665171
0.934610 0.000039 0.000045 0.000021 0.000003 0.058276 0.007006 1.665172
0.934668 0.000041 0.000044 0.000019 0.000003 0.058218 0.007006 1.665175
0.934720 0.000036 0.000040 0.000021 0.000003 0.058173 0.007006 1.665180
0.934778 0.000035 0.000040 0.000022 0.000003 0.058117 0.007006 1.665184
0.934822 0.000035 0.000038 0.000021 0.000003 0.058074 0.007006 1.665186
0.934868 0.000034 0.000038 0.000020 0.000003 0.058031 0.007006 1.665189
0.934908 0.000037 0.000039 0.000020 0.000003 0.057988 0.007006 1.665193
0.934953 0.000035 0.000038 0.000020 0.000002 0.057945 0.007006 1.665198
0.934991 0.000033 0.000036 0.000020 0.000002 0.057911 0.007006 1.665202
0.935029 0.000034 0.000038 0.000019 0.000002 0.057871 0.007006 1.665205
0.935069 0.000033 0.000040 0.000017 0.000002 0.057833 0.007006 1.665209
0.935105 0.000030 0.000040 0.000016 0.000002 0.057801 0.007006 1.665212
0.935136 0.000032 0.000039 0.000015 0.000002 0.057770 0.007006 1.665215
0.935168 0.000031 0.000038 0.000015 0.000002 0.057740 0.007006 1.665219
0.935194 0.000031 0.000035 0.000014 0.000002 0.057719 0.007006 1.665221
0.935221 0.000031 0.000034 0.000013 0.000002 0.057693 0.007006 1.665222
0.935259 0.000031 0.000035 0.000012 0.000002 0.057654 0.007006 1.665224
0.935293 0.000030 0.000036 0.000012 0.000002 0.057620 0.007006 1.665228
0.935327 0.000026 0.000038 0.000013 0.000002 0.057588 0.007006 1.665233
0.935357 0.000025 0.000040 0.000013 0.000002 0.057557 0.007006 1.665236
0.935385 0.000027 0.000040 0.000012 0.000002 0.057527 0.007006 1.665237
0.935412 0.000023 0.000043 0.000011 0.000002 0.057502 0.007006 1.665242
0.935441 0.000021 0.000042 0.000011 0.000003 0.057476 0.007006 1.665245
0.935462 0.000020 0.000040 0.000010 0.000003 0.057458 0.007006 1.665246
0.935496 0.000019 0.000042 0.000009 0.000003 0.057425 0.007006 1.665248
0.935524 0.000019 0.000040 0.000009 0.000003 0.057399 0.007006 1.665249
0.935554 0.000021 0.000038 0.000008 0.000003 0.057371 0.007006 1.665250
0.935580 0.000020 0.000037 0.000008 0.000003 0.057345 0.007006 1.665253
0.935609 0.000021 0.000036 0.000008 0.000003 0.057316 0.007006 1.665253
0.935638 0.000021 0.000034 0.000008 0.000004 0.057289 0.007006 1.665255
0.935661 0.000021 0.000032 0.000008 0.000004 0.057268 0.007006 1.665257
0.935681 0.000019 0.000031 0.000009 0.000003 0.057250 0.007007 1.665259
0.935706 0.000020 0.000030 0.000009 0.000002 0.057226 0.007007 1.665260
0.935727 0.000019 0.000029 0.000008 0.000002 0.057208 0.007007 1.665263
0.935750 0.000019 0.000028 0.000007 0.000002 0.057186 0.007007 1.665264
0.935772 0.000017 0.000028 0.000008 0.000002 0.057166 0.007007 1.665269
0.935795 0.000017 0.000025 0.000009 0.000002 0.057145 0.007007 1.665269
0.935814 0.000014 0.000026 0.000010 0.000002 0.057127 0.007007 1.665272
0.935831 0.000014 0.000024 0.000010 0.000002 0.057112 0.007007 1.665274
0.935854 0.000012 0.000024 0.000009 0.000002 0.057093 0.007007 1.665276
0.935873 0.000012 0.000024 0.000009 0.000002 0.057073 0.007007 1.665277
0.935891 0.000011 0.000024 0.000009 0.000002 0.057057 0.007007 1.665279
0.935907 0.000010 0.000022 0.000008 0.000002 0.057044 0.007007 1.665281
0.935928 0.000009 0.000018 0.000008 0.000002 0.057028 0.007007 1.665281
0.935947 0.000009 0.000018 0.000007 0.000002 0.057009 0.007007 1.665282
0.935963 0.000010 0.000017 0.000007 0.000002 0.056995 0.007007 1.665283
0.935976 0.000010 0.000017 0.000006 0.000002 0.056982 0.007007 1.665283
0.935989 0.000009 0.000018 0.000006 0.000002 0.056969 0.007007 1.665285
0.936011 0.000010 0.000018 0.000006 0.000002 0.056947 0.007007 1.665285
0.936024 0.000011 0.000016 0.000006 0.000002 0.056934 0.007007 1.665285
0.936036 0.000011 0.000016 0.000005 0.000002 0.056924 0.007007 1.665285
0.936046 0.000010 0.000016 0.000004 0.000001 0.056916 0.007007 1.665286
0.936056 0.000009 0.000016 0.000005 0.000001 0.056906 0.007007 1.665288
0.936068 0.000008 0.000016 0.000006 0.000001 0.056895 0.007007 1.665289
0.936082 0.000008 0.000015 0.000006 0.000001 0.056881 0.007007 1.665289
0.936095 0.000008 0.000015 0.000005 0.000001 0.056869 0.007007 1.665289
0.936108 0.000008 0.000014 0.000005 0.000001 0.056857 0.007007 1.665289
0.936117 0.000008 0.000013 0.000004 0.000001 0.056850 0.007007 1.665290
0.936128 0.000008 0.000013 0.000004 0.000001 0.056840 0.007007 1.665292
0.936136 0.000008 0.000012 0.000004 0.000001 0.056832 0.007007 1.665292
0.936147 0.000008 0.000012 0.000004 0.000001 0.056821 0.007007 1.665293
0.936157 0.000008 0.000012 0.000004 0.000001 0.056811 0.007007 1.665294
0.936166 0.000008 0.000011 0.000004 0.000001 0.056804 0.007007 1.665294
0.936182 0.000007 0.000010 0.000005 0.000001 0.056788 0.007007 1.665295
0.936192 0.000007 0.000009 0.000005 0.000001 0.056779 0.007007 1.665295
0.936200 0.000007 0.000008 0.000005 0.000001 0.056772 0.007007 1.665296
0.936214 0.000007 0.000008 0.000005 0.000001 0.056758 0.007007 1.665296
0.936225 0.000007 0.000007 0.000005 0.000001 0.056748 0.007007 1.665297
0.936234 0.000007 0.000008 0.000005 0.000001 0.056739 0.007007 1.665298
0.936240 0.000007 0.000008 0.000004 0.000001 0.056733 0.007007 1.665299
0.936246 0.000006 0.000006 0.000005 0.000000 0.056730 0.007007 1.665300
0.936251 0.000005 0.000006 0.000005 0.000000 0.056726 0.007007 1.665301
0.936259 0.000005 0.000006 0.000004 0.000000 0.056719 0.007007 1.665301
0.936266 0.000004 0.000006 0.000004 0.000000 0.056712 0.007007 1.665302
0.936273 0.000004 0.000005 0.000004 0.000000 0.056706 0.007007 1.665302
0.936278 0.000003 0.000005 0.000005 0.000000 0.056700 0.007007 1.665304
0.936284 0.000004 0.000005 0.000005 0.000000 0.056694 0.007007 1.665304
0.936288 0.000005 0.000005 0.000005 0.000000 0.056689 0.007008 1.665304
0.936290 0.000005 0.000006 0.000006 0.000000 0.056686 0.007008 1.665305
0.936294 0.000006 0.000005 0.000005 0.000000 0.056682 0.007008 1.665305
0.936298 0.000006 0.000006 0.000005 0.000000 0.056677 0.007008 1.665306
0.936301 0.000006 0.000006 0.000005 0.000000 0.056674 0.007008 1.665306
0.936308 0.000006 0.000006 0.000005 0.000000 0.056668 0.007008 1.665307
0.936311 0.000007 0.000005 0.000005 0.000000 0.056665 0.007008 1.665307
0.936313 0.000007 0.000005 0.000005 0.000000 0.056663 0.007008 1.665307
0.936320 0.000007 0.000005 0.000006 0.000000 0.056655 0.007008 1.665308
0.936322 0.000008 0.000005 0.000006 0.000000 0.056652 0.007008 1.665308
0.936327 0.000007 0.000006 0.000006 0.000000 0.056647 0.007008 1.665309
0.936330 0.000007 0.000006 0.000006 0.000000 0.056644 0.007008 1.665311
0.936332 0.000007 0.000005 0.000006 0.000000 0.056643 0.007008 1.665311
0.936334 0.000007 0.000005 0.000006 0.000000 0.056641 0.007008 1.665311
0.936338 0.000005 0.000005 0.000007 0.000000 0.056638 0.007008 1.665313
0.936339 0.000005 0.000005 0.000007 0.000000 0.056636 0.007008 1.665314
0.936341 0.000005 0.000005 0.000007 0.000000 0.056634 0.007008 1.665314
0.936344 0.000006 0.000004 0.000007 0.000000 0.056631 0.007008 1.665314
0.936346 0.000005 0.000004 0.000006 0.000000 0.056630 0.007008 1.665315
0.936348 0.000005 0.000005 0.000006 0.000000 0.056629 0.007008 1.665315
0.936350 0.000004 0.000005 0.000006 0.000000 0.056627 0.007008 1.665316
0.936350 0.000005 0.000005 0.000005 0.000000 0.056627 0.007008 1.665316
0.936351 0.000005 0.000005 0.000005 0.000000 0.056626 0.007008 1.665316
0.936352 0.000005 0.000005 0.000005 0.000000 0.056627 0.007008 1.665316
0.936355 0.000004 0.000004 0.000005 0.000000 0.056624 0.007008 1.665317
0.936356 0.000004 0.000005 0.000005 0.000000 0.056623 0.007008 1.665317
0.936358 0.000003 0.000005 0.000005 0.000000 0.056621 0.007008 1.665318
0.936359 0.000003 0.000005 0.000005 0.000000 0.056620 0.007008 1.665318
0.936361 0.000003 0.000003 0.000005 0.000000 0.056619 0.007008 1.665318
0.936363 0.000003 0.000004 0.000006 0.000000 0.056617 0.007008 1.665319
0.936365 0.000003 0.000003 0.000006 0.000000 0.056615 0.007008 1.665319
0.936367 0.000003 0.000003 0.000006 0.000000 0.056613 0.007008 1.665319
0.936368 0.000003 0.000003 0.000006 0.000000 0.056612 0.007008 1.665319
0.936370 0.000003 0.000003 0.000006 0.000000 0.056611 0.007008 1.665320
0.936372 0.000003 0.000003 0.000006 0.000000 0.056608 0.007008 1.665320
0.936375 0.000003 0.000003 0.000006 0.000000 0.056605 0.007008 1.665320
0.936377 0.000003 0.000003 0.000006 0.000000 0.056604 0.007008 1.665320
0.936378 0.000003 0.000003 0.000006 0.000000 0.056603 0.007008 1.665320
0.936380 0.000003 0.000003 0.000005 0.000000 0.056602 0.007008 1.665320
0.936381 0.000003 0.000003 0.000005 0.000000 0.056600 0.007008 1.665320
0.936383 0.000003 0.000003 0.000005 0.000000 0.056599 0.007008 1.665320
0.936385 0.000003 0.000003 0.000005 0.000000 0.056597 0.007008 1.665321
0.936387 0.000003 0.000003 0.000005 0.000000 0.056596 0.007008 1.665321
0.936389 0.000003 0.000003 0.000005 0.000000 0.056594 0.007008 1.665321
0.936390 0.000002 0.000003 0.000005 0.000000 0.056593 0.007008 1.665321
0.936391 0.000002 0.000003 0.000005 0.000000 0.056592 0.007008 1.665322
0.936392 0.000001 0.000003 0.000004 0.000000 0.056592 0.007008 1.665322
0.936393 0.000001 0.000003 0.000003 0.000000 0.056592 0.007008 1.665322
0.936396 0.000001 0.000003 0.000003 0.000000 0.056589 0.007008 1.665322
0.936397 0.000001 0.000003 0.000003 0.000000 0.056589 0.007008 1.665322
0.936398 0.000001 0.000003 0.000003 0.000000 0.056587 0.007008 1.665322
0.936399 0.000002 0.000003 0.000003 0.000000 0.056586 0.007008 1.665322
0.936400 0.000002 0.000003 0.000003 0.000000 0.056585 0.007008 1.665322
0.936401 0.000002 0.000003 0.000003 0.000000 0.056584 0.007008 1.665323
0.936402 0.000002 0.000003 0.000003 0.000000 0.056583 0.007008 1.665323
0.936403 0.000001 0.000003 0.000002 0.000000 0.056583 0.007008 1.665323
0.936404 0.000001 0.000003 0.000002 0.000000 0.056582 0.007008 1.665323
0.936406 0.000001 0.000003 0.000002 0.000000 0.056580 0.007008 1.665323
0.936406 0.000001 0.000003 0.000002 0.000000 0.056580 0.007008 1.665323
0.936406 0.000002 0.000002 0.000002 0.000000 0.056581 0.007008 1.665323
0.936406 0.000002 0.000002 0.000002 0.000000 0.056580 0.007008 1.665323
0.936406 0.000001 0.000003 0.000002 0.000000 0.056580 0.007008 1.665324
0.936406 0.000000 0.000003 0.000002 0.000000 0.056580 0.007008 1.665325
0.936407 0.000000 0.000003 0.000002 0.000000 0.056579 0.007008 1.665325
0.936407 0.000001 0.000003 0.000002 0.000000 0.056579 0.007008 1.665325
0.936407 0.000001 0.000003 0.000002 0.000000 0.056578 0.007008 1.665325
0.936408 0.000001 0.000003 0.000002 0.000000 0.056578 0.007008 1.665325
0.936408 0.000001 0.000002 0.000002 0.000000 0.056578 0.007008 1.665325
0.936409 0.000001 0.000002 0.000002 0.000000 0.056577 0.007008 1.665325
0.936410 0.000001 0.000002 0.000002 0.000000 0.056576 0.007008 1.665325
0.936411 0.000001 0.000002 0.000002 0.000000 0.056575 0.007008 1.665325
0.936412 0.000001 0.000002 0.000002 0.000000 0.056575 0.007008 1.665325
0.936412 0.000001 0.000002 0.000002 0.000000 0.056575 0.007008 1.665325
0.936412 0.000002 0.000002 0.000002 0.000000 0.056574 0.007008 1.665325
0.936414 0.000002 0.000001 0.000002 0.000000 0.056573 0.007008 1.665325
0.936415 0.000002 0.000001 0.000002 0.000000 0.056572 0.007008 1.665325
0.936415 0.000001 0.000001 0.000002 0.000000 0.056571 0.007008 1.665326
0.936415 0.000001 0.000001 0.000002 0.000000 0.056572 0.007008 1.665326
0.936416 0.000001 0.000001 0.000002 0.000000 0.056572 0.007008 1.665326
0.936417 0.000001 0.000000 0.000002 0.000000 0.056571 0.007008 1.665326
0.936417 0.000001 0.000001 0.000001 0.000000 0.056572 0.007008 1.665327
0.936417 0.000000 0.000001 0.000001 0.000000 0.056572 0.007008 1.665327
0.936417 0.000000 0.000002 0.000001 0.000000 0.056572 0.007008 1.665328
0.936417 0.000000 0.000002 0.000001 0.000000 0.056571 0.007008 1.665328
0.936418 0.000000 0.000002 0.000001 0.000000 0.056571 0.007008 1.665328
0.936418 0.000000 0.000002 0.000000 0.000000 0.056571 0.007008 1.665328
0.936418 0.000000 0.000001 0.000000 0.000000 0.056572 0.007008 1.665328
0.936418 0.000000 0.000001 0.000000 0.000000 0.056571 0.007008 1.665328
0.936419 0.000000 0.000001 0.000000 0.000000 0.056571 0.007008 1.665328
0.936419 0.000000 0.000001 0.000000 0.000000 0.056571 0.007008 1.665328
0.936419 0.000000 0.000001 0.000000 0.000000 0.056571 0.007008 1.665328
0.936420 0.000000 0.000001 0.000000 0.000000 0.056570 0.007008 1.665328
0.936420 0.000000 0.000001 0.000000 0.000000 0.056570 0.007008 1.665328
0.936421 0.000000 0.000001 0.000000 0.000000 0.056569 0.007008 1.665328
0.936420 0.000000 0.000001 0.000000 0.000000 0.056569 0.007008 1.665328
0.936420 0.000001 0.000001 0.000000 0.000000 0.056569 0.007008 1.665328
0.936420 0.000001 0.000000 0.000000 0.000000 0.056570 0.007008 1.665328
0.936420 0.000001 0.000000 0.000000 0.000000 0.056569 0.007008 1.665328
0.936421 0.000001 0.000000 0.000000 0.000000 0.056569 0.007008 1.665328
0.936421 0.000001 0.000000 0.000000 0.000000 0.056569 0.007008 1.665328
0.936421 0.000001 0.000000 0.000000 0.000000 0.056569 0.007008 1.665328
0.936422 0.000001 0.000000 0.000000 0.000000 0.056568 0.007008 1.665328
0.936422 0.000001 0.000000 0.000000 0.000000 0.056568 0.007008 1.665328
0.936422 0.000000 0.000000 0.000000 0.000000 0.056568 0.007008 1.665328
0.936423 0.000000 0.000000 0.000000 0.000000 0.056567 0.007008 1.665328
0.936423 0.000000 0.000001 0.000000 0.000000 0.056567 0.007008 1.665329
0.936422 0.000000 0.000001 0.000000 0.000000 0.056567 0.007008 1.665329
0.936423 0.000000 0.000001 0.000000 0.000000 0.056567 0.007008 1.665329
0.936423 0.000000 0.000001 0.000000 0.000000 0.056566 0.007008 1.665329
0.936423 0.000000 0.000001 0.000000 0.000000 0.056567 0.007008 1.665329
0.936424 0.000000 0.000001 0.000000 0.000000 0.056566 0.007008 1.665329
0.936424 0.000000 0.000001 0.000000 0.000000 0.056566 0.007008 1.665329
0.936425 0.000000 0.000001 0.000000 0.000000 0.056565 0.007008 1.665329
0.936425 0.000000 0.000001 0.000000 0.000000 0.056565 0.007008 1.665329
0.936425 0.000000 0.000000 0.000000 0.000000 0.056565 0.007008 1.665329
0.936425 0.000001 0.000000 0.000000 0.000000 0.056565 0.007008 1.665329
0.936425 0.000001 0.000000 0.000000 0.000000 0.056566 0.007008 1.665329
0.936425 0.000001 0.000000 0.000000 0.000000 0.056565 0.007008 1.665329
0.936426 0.000001 0.000000 0.000000 0.000000 0.056565 0.007008 1.665329
0.936426 0.000001 0.000000 0.000000 0.000000 0.056564 0.007008 1.665329
0.936426 0.000000 0.000000 0.000000 0.000000 0.056564 0.007008 1.665329
0.936427 0.000000 0.000000 0.000000 0.000000 0.056564 0.007008 1.665329
0.936426 0.000001 0.000000 0.000000 0.000000 0.056564 0.007008 1.665329
0.936426 0.000000 0.000001 0.000000 0.000000 0.056564 0.007008 1.665330
0.936426 0.000000 0.000000 0.000000 0.000000 0.056564 0.007008 1.665330
0.936426 0.000000 0.000001 0.000000 0.000000 0.056564 0.007008 1.665330
0.936427 0.000000 0.000001 0.000000 0.000000 0.056564 0.007008 1.665330
0.936427 0.000000 0.000000 0.000000 0.000000 0.056564 0.007008 1.665330
0.936427 0.000000 0.000000 0.000000 0.000000 0.056564 0.007008 1.665330
0.936428 0.000000 0.000000 0.000000 0.000000 0.056563 0.007008 1.665330
0.936428 0.000000 0.000000 0.000000 0.000000 0.056563 0.007008 1.665330
0.936428 0.000000 0.000000 0.000000 0.000000 0.056563 0.007008 1.665330
0.936428 0.000000 0.000000 0.000000 0.000000 0.056563 0.007008 1.665330
0.936428 0.000000 0.000000 0.000000 0.000000 0.056563 0.007008 1.665330
0.936428 0.000000 0.000000 0.000000 0.000000 0.056563 0.007008 1.665330
0.936428 0.000000 0.000000 0.000000 0.000000 0.056563 0.007008 1.665330
0.936428 0.000000 0.000000 0.000000 0.000000 0.056563 0.007008 1.665330
0.936428 0.000000 0.000000 0.000000 0.000000 0.056563 0.007008 1.665330
0.936428 0.000000 0.000000 0.000000 0.000000 0.056563 0.007008 1.665330
0.936428 0.000000 0.000000 0.000000 0.000000 0.056563 0.007008 1.665330
0.936428 0.000000 0.000000 0.000000 0.000000 0.056563 0.007008 1.665330
0.936428 0.000000 0.000000 0.000000 0.000000 0.056563 0.007008 1.665330
0.936428 0.000000 0.000000 0.000000 0.000000 0.056563 0.007008 1.665330
0.936428 0.000000 0.000000 0.000000 0.000000 0.056563 0.007008 1.665330
0.936428 0.000000 0.000000 0.000000 0.000000 0.056563 0.007008 1.665330
0.936428 0.000000 0.000000 0.000000 0.000000 0.056563 0.007008 1.665330
0.936428 0.000000 0.000000 0.000000 0.000000 0.056563 0.007008 1.665330
0.936428 0.000000 0.000000 0.000000 0.000000 0.056563 0.007008 1.665330
0.936428 0.000000 0.000000 0.000000 0.000000 0.056563 0.007008 1.665330
0.936428 0.000000 0.000000 0.000000 0.000000 0.056563 0.007008 1.665330
0.936428 0.000000 0.000000 0.000000 0.000000 0.056563 0.007008 1.665330
0.936428 0.000000 0.000000 0.000000 0.000000 0.056563 0.007008 1.665330
0.936428 0.000000 0.000000 0.000000 0.000000 0.056563 0.007008 1.665330
0.936428 0.000000 0.000000 0.000000 0.000000 0.056563 0.007008 1.665330
0.936428 0.000000 0.000000 0.000000 0.000000 0.056563 0.007008 1.665330
0.936428 0.000000 0.000000 0.000000 0.000000 0.056563 0.007008 1.665330
0.936428 0.000000 0.000000 0.000000 0.000000 0.056563 0.007008 1.665330
0.936428 0.000000 0.000000 0.000000 0.000000 0.056563 0.007008 1.665330
0.936428 0.000000 0.000000 0.000000 0.000000 0.056563 0.007008 1.665330
0.936428 0.000000 0.000000 0.000000 0.000000 0.056563 0.007008 1.665330
0.936428 0.000000 0.000000 0.000000 0.000000 0.056563 0.007008 1.665330
0.936428 0.000000 0.000000 0.000000 0.000000 0.056563 0.007008 1.665330
0.936428 0.000000 0.000000 0.000000 0.000000 0.056563 0.007008 1.665330
0.936428 0.000000 0.000000 0.000000 0.000000 0.056563 0.007008 1.665330
0.936428 0.000000 0.000000 0.000000 0.000000 0.056563 0.007008 1.665330
0.936428 0.000000 0.000000 0.000000 0.000000 0.056563 0.007008 1.665330
0.936428 0.000000 0.000000 0.000000 0.000000 0.056563 0.007008 1.665330
0.936428 0.000000 0.000000 0.000000 0.000000 0.056563 0.007008 1.665330
0.936428 0.000000 0.000000 0.000000 0.000000 0.056563 0.007008 1.665330
0.936428 0.000000 0.000000 0.000000 0.000000 0.056563 0.007008 1.665330
0.936428 0.000000 0.000000 0.000000 0.000000 0.056563 0.007008 1.665330
0.936428 0.000000 0.000000 0.000000 0.000000 0.056563 0.007008 1.665330
0.936428 0.000000 0.000000 0.000000 0.000000 0.056563 0.007008 1.665330
0.936428 0.000000 0.000000 0.000000 0.000000 0.056563 0.007008 1.665330
0.936428 0.000000 0.000000 0.000000 0.000000 0.056563 0.007008 1.665330
0.936428 0.000000 0.000000 0.000000 0.000000 0.056563 0.007008 1.665330
0.936428 0.000000 0.000000 0.000000 0.000000 0.056563 0.007008 1.665330
0.936428 0.000000 0.000000 0.000000 0.000000 0.056563 0.007008 1.665330
0.936428 0.000000 0.000000 0.000000 0.000000 0.056563 0.007008 1.665330
0.936428 0.000000 0.000000 0.000000 0.000000 0.056563 0.007008 1.665330
0.936428 0.000000 0.000000 0.000000 0.000000 0.056563 0.007008 1.665330
0.936428 0.000000 0.000000 0.000000 0.000000 0.056563 0.007008 1.665330
0.936428 0.000000 0.000000 0.000000 0.000000 0.056563 0.007008 1.665330
0.936428 0.000000 0.000000 0.000000 0.000000 0.056563 0.007008 1.665330
0.936428 0.000000 0.000000 0.000000 0.000000 0.056563 0.007008 1.665330
0.936428 0.000000 0.000000 0.000000 0.000000 0.056563 0.007008 1.665330
0.936428 0.000000 0.000000 0.000000 0.000000 0.056563 0.007008 1.665330
0.936428 0.000000 0.000000 0.000000 0.000000 0.056563 0.007008 1.665330
0.936428 0.000000 0.000000 0.000000 0.000000 0.056563 0.007008 1.665330
0.936428 0.000000 0.000000 0.000000 0.000000 0.056563 0.007008 1.665330
