0.360136 0.061922 0.055170 0.031750 0.001989 0.483220 0.005813 1.586787
0.361771 0.060278 0.055057 0.031597 0.001986 0.483469 0.005843 1.592797
0.364010 0.058198 0.054968 0.031463 0.001988 0.483511 0.005864 1.598739
0.366650 0.056094 0.054672 0.031174 0.001996 0.483527 0.005887 1.604308
0.369437 0.053934 0.054362 0.030826 0.001999 0.483528 0.005916 1.609692
0.372384 0.051869 0.053858 0.030447 0.002000 0.483504 0.005939 1.614831
0.375636 0.049732 0.053208 0.030094 0.001982 0.483388 0.005960 1.619832
0.378969 0.047686 0.052599 0.029653 0.001970 0.483137 0.005987 1.624619
0.382459 0.045644 0.051943 0.029173 0.001970 0.482799 0.006013 1.629300
0.385916 0.043761 0.051165 0.028591 0.001967 0.482561 0.006039 1.633725
0.389363 0.042084 0.050290 0.028036 0.001969 0.482196 0.006062 1.637901
0.392968 0.040439 0.049424 0.027436 0.001965 0.481688 0.006080 1.641978
0.396631 0.038896 0.048509 0.026774 0.001957 0.481130 0.006104 1.645869
0.400354 0.037418 0.047537 0.026199 0.001956 0.480408 0.006128 1.649625
0.404114 0.036085 0.046397 0.025570 0.001945 0.479740 0.006151 1.653200
0.407966 0.034764 0.045302 0.024987 0.001931 0.478880 0.006170 1.656618
0.411827 0.033431 0.044279 0.024450 0.001909 0.477910 0.006194 1.660021
0.415801 0.032196 0.043386 0.023823 0.001899 0.476679 0.006218 1.663272
0.419747 0.031030 0.042338 0.023199 0.001877 0.475569 0.006241 1.666434
0.423708 0.030005 0.041273 0.022557 0.001867 0.474324 0.006267 1.669385
0.427842 0.028945 0.040216 0.022031 0.001858 0.472820 0.006288 1.672335
0.431882 0.028066 0.039169 0.021475 0.001823 0.471273 0.006313 1.675091
0.435966 0.027172 0.038214 0.020919 0.001813 0.469585 0.006332 1.677823
0.440064 0.026345 0.037302 0.020308 0.001787 0.467839 0.006356 1.680452
0.444105 0.025604 0.036383 0.019824 0.001755 0.465951 0.006379 1.683031
0.448085 0.024867 0.035494 0.019271 0.001720 0.464159 0.006404 1.685497
0.452234 0.024157 0.034512 0.018786 0.001688 0.462196 0.006427 1.687871
0.456326 0.023516 0.033631 0.018247 0.001669 0.460163 0.006449 1.690195
0.460265 0.022938 0.032766 0.017745 0.001642 0.458175 0.006470 1.692472
0.464290 0.022438 0.031826 0.017240 0.001625 0.456092 0.006488 1.694630
0.468368 0.021853 0.031040 0.016735 0.001590 0.453901 0.006513 1.696792
0.472487 0.021278 0.030238 0.016314 0.001559 0.451589 0.006535 1.698930
0.476517 0.020700 0.029477 0.015909 0.001522 0.449317 0.006557 1.701042
0.480676 0.020144 0.028775 0.015474 0.001484 0.446864 0.006582 1.703074
0.484784 0.019653 0.028039 0.015064 0.001453 0.444406 0.006603 1.705067
0.488806 0.019234 0.027306 0.014684 0.001424 0.441922 0.006625 1.706985
0.492957 0.018839 0.026629 0.014298 0.001394 0.439241 0.006643 1.708850
0.496965 0.018438 0.025998 0.013945 0.001362 0.436632 0.006660 1.710739
0.501107 0.018079 0.025401 0.013553 0.001339 0.433843 0.006678 1.712520
0.505080 0.017722 0.024763 0.013220 0.001332 0.431193 0.006691 1.714301
0.509077 0.017324 0.024191 0.012844 0.001309 0.428545 0.006710 1.716027
0.513027 0.017034 0.023531 0.012528 0.001286 0.425872 0.006723 1.717677
0.517017 0.016701 0.022969 0.012235 0.001261 0.423077 0.006742 1.719331
0.520939 0.016403 0.022400 0.011906 0.001235 0.420358 0.006758 1.720930
0.524811 0.016274 0.021792 0.011582 0.001207 0.417561 0.006772 1.722439
0.528707 0.015973 0.021306 0.011301 0.001183 0.414741 0.006789 1.724066
0.532445 0.015750 0.020835 0.011040 0.001159 0.411967 0.006802 1.725615
0.536171 0.015523 0.020371 0.010764 0.001133 0.409222 0.006816 1.727168
0.539943 0.015259 0.019992 0.010475 0.001108 0.406399 0.006826 1.728699
0.543740 0.015077 0.019518 0.010242 0.001084 0.403498 0.006840 1.730180
0.547372 0.014935 0.019076 0.010008 0.001063 0.400694 0.006852 1.731599
0.551080 0.014775 0.018688 0.009753 0.001044 0.397794 0.006866 1.733042
0.554830 0.014653 0.018260 0.009546 0.001021 0.394811 0.006881 1.734447
0.558447 0.014476 0.017931 0.009374 0.000998 0.391874 0.006900 1.735913
0.562083 0.014397 0.017572 0.009156 0.000982 0.388896 0.006915 1.737275
0.565687 0.014251 0.017217 0.009007 0.000954 0.385955 0.006929 1.738673
0.569225 0.014115 0.016956 0.008830 0.000931 0.383001 0.006942 1.740070
0.572567 0.014016 0.016657 0.008666 0.000896 0.380244 0.006954 1.741437
0.576069 0.013897 0.016369 0.008493 0.000879 0.377328 0.006964 1.742780
0.579503 0.013837 0.016021 0.008350 0.000851 0.374460 0.006976 1.744109
0.582837 0.013781 0.015776 0.008215 0.000827 0.371572 0.006992 1.745435
0.586220 0.013685 0.015530 0.008105 0.000800 0.368653 0.007007 1.746769
0.589548 0.013610 0.015258 0.007984 0.000776 0.365809 0.007015 1.748059
0.592874 0.013512 0.015002 0.007863 0.000760 0.362966 0.007023 1.749372
0.596169 0.013441 0.014803 0.007738 0.000756 0.360067 0.007028 1.750680
0.599405 0.013341 0.014610 0.007620 0.000742 0.357243 0.007039 1.751978
0.602694 0.013225 0.014489 0.007519 0.000719 0.354305 0.007049 1.753307
0.605911 0.013189 0.014323 0.007392 0.000701 0.351429 0.007056 1.754564
0.608988 0.013142 0.014125 0.007300 0.000692 0.348689 0.007065 1.755856
0.612092 0.013117 0.013973 0.007203 0.000676 0.345865 0.007075 1.757132
0.615127 0.013079 0.013877 0.007089 0.000663 0.343080 0.007086 1.758396
0.618197 0.013078 0.013718 0.007040 0.000653 0.340223 0.007093 1.759685
0.621259 0.013038 0.013601 0.006975 0.000638 0.337389 0.007101 1.760954
0.624275 0.013031 0.013479 0.006921 0.000625 0.334562 0.007108 1.762240
0.627216 0.013029 0.013317 0.006874 0.000622 0.331829 0.007114 1.763529
0.630112 0.013029 0.013180 0.006837 0.000614 0.329108 0.007121 1.764797
0.632933 0.012977 0.013099 0.006799 0.000600 0.326465 0.007128 1.766100
0.635609 0.013011 0.013010 0.006750 0.000586 0.323900 0.007134 1.767380
0.638280 0.013019 0.012930 0.006691 0.000578 0.321362 0.007139 1.768650
0.640978 0.013075 0.012843 0.006653 0.000561 0.318744 0.007146 1.769894
0.643625 0.013040 0.012784 0.006592 0.000548 0.316258 0.007153 1.771177
0.646320 0.013030 0.012700 0.006558 0.000537 0.313697 0.007158 1.772436
0.648854 0.013069 0.012674 0.006540 0.000523 0.311178 0.007162 1.773721
0.651445 0.013068 0.012634 0.006502 0.000505 0.308674 0.007171 1.775019
0.653985 0.013109 0.012565 0.006438 0.000500 0.306225 0.007177 1.776277
0.656407 0.013156 0.012542 0.006411 0.000487 0.303812 0.007184 1.777583
0.658842 0.013150 0.012477 0.006392 0.000479 0.301472 0.007188 1.778865
0.661190 0.013236 0.012417 0.006369 0.000469 0.299126 0.007194 1.780139
0.663651 0.013253 0.012397 0.006354 0.000460 0.296686 0.007199 1.781428
0.665922 0.013371 0.012388 0.006297 0.000458 0.294363 0.007202 1.782711
0.668253 0.013392 0.012334 0.006305 0.000453 0.292056 0.007208 1.784049
0.670548 0.013412 0.012354 0.006310 0.000455 0.289710 0.007213 1.785393
0.672804 0.013452 0.012304 0.006322 0.000448 0.287453 0.007217 1.786708
0.674955 0.013550 0.012251 0.006339 0.000442 0.285239 0.007223 1.788000
0.677080 0.013613 0.012270 0.006338 0.000431 0.283037 0.007232 1.789331
0.679225 0.013647 0.012262 0.006360 0.000425 0.280846 0.007236 1.790667
0.681249 0.013722 0.012266 0.006365 0.000417 0.278742 0.007239 1.791995
0.683334 0.013849 0.012274 0.006346 0.000410 0.276538 0.007248 1.793303
0.685428 0.013896 0.012274 0.006358 0.000405 0.274387 0.007252 1.794661
0.687453 0.013929 0.012291 0.006371 0.000404 0.272294 0.007257 1.795997
0.689413 0.014014 0.012317 0.006424 0.000401 0.270171 0.007260 1.797388
0.691258 0.014136 0.012352 0.006461 0.000396 0.268135 0.007264 1.798786
0.693067 0.014266 0.012359 0.006471 0.000387 0.266181 0.007269 1.800156
0.694867 0.014390 0.012389 0.006470 0.000380 0.264233 0.007272 1.801541
0.696577 0.014543 0.012437 0.006461 0.000371 0.262334 0.007277 1.802930
0.698307 0.014595 0.012551 0.006506 0.000370 0.260391 0.007280 1.804416
0.699942 0.014742 0.012600 0.006534 0.000365 0.258533 0.007284 1.805849
0.701569 0.014849 0.012704 0.006547 0.000356 0.256685 0.007290 1.807299
0.703193 0.014999 0.012727 0.006555 0.000352 0.254881 0.007292 1.808755
0.704771 0.015179 0.012767 0.006625 0.000349 0.253013 0.007296 1.810205
0.706360 0.015291 0.012850 0.006695 0.000346 0.251158 0.007299 1.811705
0.707828 0.015440 0.012958 0.006735 0.000347 0.249390 0.007303 1.813219
0.709319 0.015640 0.012968 0.006746 0.000344 0.247678 0.007306 1.814682
0.710742 0.015751 0.013071 0.006806 0.000338 0.245982 0.007309 1.816250
0.712168 0.015836 0.013185 0.006842 0.000330 0.244323 0.007315 1.817828
0.713520 0.015994 0.013276 0.006868 0.000324 0.242697 0.007320 1.819379
0.714841 0.016115 0.013384 0.006897 0.000322 0.241119 0.007323 1.820952
0.716167 0.016259 0.013454 0.006908 0.000320 0.239567 0.007326 1.822514
0.717356 0.016403 0.013550 0.006984 0.000316 0.238061 0.007331 1.824131
0.718661 0.016503 0.013614 0.006985 0.000315 0.236587 0.007334 1.825678
0.719858 0.016668 0.013719 0.007037 0.000317 0.235064 0.007337 1.827282
0.720907 0.016916 0.013782 0.007062 0.000316 0.233674 0.007341 1.828890
0.722074 0.017065 0.013850 0.007125 0.000310 0.232233 0.007344 1.830531
0.723090 0.017224 0.014017 0.007185 0.000317 0.230822 0.007345 1.832247
0.724171 0.017389 0.014105 0.007229 0.000318 0.229440 0.007348 1.833910
0.725169 0.017467 0.014283 0.007304 0.000317 0.228109 0.007351 1.835671
0.726106 0.017692 0.014386 0.007369 0.000314 0.226779 0.007353 1.837368
0.727001 0.017810 0.014509 0.007465 0.000309 0.225548 0.007357 1.839140
0.727818 0.017949 0.014619 0.007461 0.000312 0.224482 0.007359 1.840928
0.728637 0.018137 0.014693 0.007565 0.000312 0.223295 0.007360 1.842705
0.729436 0.018277 0.014807 0.007657 0.000311 0.222150 0.007363 1.844524
0.730203 0.018483 0.014929 0.007719 0.000307 0.220991 0.007368 1.846337
0.731098 0.018543 0.015057 0.007777 0.000307 0.219848 0.007371 1.848181
0.731838 0.018733 0.015197 0.007840 0.000307 0.218712 0.007374 1.850014
0.732510 0.018913 0.015328 0.007921 0.000309 0.217642 0.007376 1.851872
0.733089 0.019134 0.015469 0.007942 0.000308 0.216676 0.007381 1.853733
0.733766 0.019301 0.015603 0.008042 0.000304 0.215598 0.007384 1.855632
0.734389 0.019417 0.015807 0.008094 0.000303 0.214600 0.007390 1.857569
0.734992 0.019605 0.015884 0.008193 0.000305 0.213628 0.007393 1.859429
0.735575 0.019784 0.015959 0.008281 0.000303 0.212701 0.007397 1.861335
0.736044 0.019987 0.016117 0.008324 0.000302 0.211823 0.007402 1.863273
0.736538 0.020178 0.016257 0.008364 0.000304 0.210955 0.007404 1.865217
0.737005 0.020370 0.016379 0.008425 0.000301 0.210113 0.007406 1.867184
0.737398 0.020559 0.016512 0.008510 0.000303 0.209308 0.007410 1.869224
0.737698 0.020817 0.016657 0.008581 0.000306 0.208529 0.007412 1.871249
0.738103 0.020966 0.016841 0.008667 0.000309 0.207697 0.007416 1.873314
0.738449 0.021108 0.017026 0.008769 0.000310 0.206918 0.007420 1.875426
0.738716 0.021306 0.017179 0.008805 0.000316 0.206258 0.007421 1.877463
0.738991 0.021432 0.017384 0.008904 0.000319 0.205548 0.007422 1.879588
0.739215 0.021673 0.017529 0.008959 0.000326 0.204873 0.007425 1.881676
0.739471 0.021855 0.017767 0.008998 0.000331 0.204151 0.007427 1.883789
0.739686 0.021964 0.017996 0.009090 0.000342 0.203493 0.007428 1.886009
0.739932 0.022147 0.018154 0.009126 0.000336 0.202874 0.007431 1.888138
0.740085 0.022382 0.018285 0.009177 0.000337 0.202296 0.007437 1.890314
0.740180 0.022671 0.018407 0.009238 0.000338 0.201728 0.007438 1.892464
0.740296 0.022880 0.018558 0.009357 0.000338 0.201128 0.007443 1.894684
0.740353 0.023112 0.018743 0.009453 0.000336 0.200555 0.007448 1.896934
0.740420 0.023246 0.018958 0.009536 0.000335 0.200051 0.007453 1.899230
0.740428 0.023423 0.019125 0.009651 0.000339 0.199581 0.007454 1.901501
0.740402 0.023638 0.019292 0.009738 0.000345 0.199130 0.007456 1.903826
0.740402 0.023786 0.019439 0.009814 0.000346 0.198756 0.007458 1.906147
0.740410 0.023949 0.019614 0.009870 0.000354 0.198343 0.007461 1.908466
0.740301 0.024205 0.019740 0.009944 0.000348 0.197998 0.007465 1.910748
0.740126 0.024404 0.019892 0.010119 0.000344 0.197646 0.007469 1.913126
0.740076 0.024553 0.020036 0.010189 0.000342 0.197330 0.007474 1.915525
0.739992 0.024814 0.020166 0.010215 0.000346 0.196991 0.007476 1.917889
0.739797 0.024931 0.020379 0.010289 0.000344 0.196777 0.007484 1.920345
0.739653 0.025053 0.020480 0.010407 0.000353 0.196567 0.007487 1.922798
0.739471 0.025272 0.020607 0.010495 0.000355 0.196310 0.007491 1.925199
0.739248 0.025467 0.020774 0.010552 0.000364 0.196101 0.007494 1.927669
0.739034 0.025627 0.020951 0.010667 0.000365 0.195858 0.007498 1.930193
0.738862 0.025747 0.021122 0.010749 0.000375 0.195644 0.007501 1.932730
0.738688 0.025858 0.021254 0.010816 0.000380 0.195500 0.007504 1.935226
0.738470 0.025988 0.021468 0.010931 0.000382 0.195255 0.007509 1.937775
0.738159 0.026076 0.021692 0.011014 0.000388 0.195162 0.007510 1.940387
0.737902 0.026193 0.021849 0.011097 0.000387 0.195060 0.007513 1.942995
0.737567 0.026423 0.021902 0.011123 0.000390 0.195077 0.007518 1.945470
0.737274 0.026548 0.022159 0.011171 0.000391 0.194936 0.007521 1.948093
0.736854 0.026710 0.022324 0.011283 0.000395 0.194910 0.007523 1.950735
0.736439 0.026879 0.022504 0.011335 0.000399 0.194918 0.007528 1.953394
0.736133 0.026986 0.022560 0.011464 0.000400 0.194925 0.007533 1.956057
0.735841 0.027065 0.022692 0.011571 0.000401 0.194891 0.007538 1.958731
0.735455 0.027180 0.022864 0.011654 0.000402 0.194905 0.007542 1.961396
0.735132 0.027230 0.023043 0.011732 0.000407 0.194910 0.007547 1.964093
0.734793 0.027321 0.023157 0.011765 0.000409 0.195005 0.007552 1.966753
0.734489 0.027350 0.023243 0.011800 0.000409 0.195155 0.007556 1.969437
0.734177 0.027426 0.023345 0.011839 0.000413 0.195241 0.007559 1.972085
0.733886 0.027483 0.023461 0.011889 0.000419 0.195301 0.007562 1.974778
0.733556 0.027524 0.023590 0.011932 0.000415 0.195418 0.007566 1.977479
0.733270 0.027647 0.023655 0.011932 0.000417 0.195509 0.007570 1.980115
0.732907 0.027735 0.023684 0.011997 0.000408 0.195694 0.007576 1.982842
0.732527 0.027824 0.023777 0.012054 0.000409 0.195830 0.007580 1.985565
0.732234 0.027807 0.023899 0.012082 0.000408 0.195988 0.007583 1.988324
0.731917 0.027888 0.023980 0.012167 0.000409 0.196051 0.007588 1.991007
0.731574 0.027970 0.024072 0.012224 0.000417 0.196151 0.007592 1.993742
0.731249 0.028027 0.024175 0.012249 0.000418 0.196286 0.007596 1.996466
0.730807 0.028109 0.024306 0.012293 0.000422 0.196463 0.007600 1.999265
0.730484 0.028092 0.024442 0.012373 0.000424 0.196581 0.007603 2.002066
0.730112 0.028094 0.024538 0.012405 0.000428 0.196817 0.007606 2.004830
0.729788 0.028148 0.024561 0.012460 0.000432 0.197002 0.007610 2.007598
0.729399 0.028071 0.024760 0.012517 0.000431 0.197207 0.007615 2.010475
0.728986 0.028157 0.024804 0.012575 0.000430 0.197426 0.007622 2.013256
0.728605 0.028241 0.024926 0.012596 0.000435 0.197571 0.007626 2.016020
0.728298 0.028212 0.024968 0.012657 0.000438 0.197799 0.007629 2.018823
0.728007 0.028196 0.025010 0.012715 0.000448 0.197989 0.007635 2.021639
0.727607 0.028236 0.025074 0.012709 0.000457 0.198279 0.007639 2.024417
0.727204 0.028348 0.025119 0.012748 0.000458 0.198479 0.007643 2.027177
0.726893 0.028400 0.025192 0.012728 0.000457 0.198683 0.007647 2.029925
0.726552 0.028420 0.025236 0.012779 0.000457 0.198904 0.007651 2.032713
0.726322 0.028383 0.025328 0.012800 0.000461 0.199051 0.007654 2.035539
0.725969 0.028401 0.025373 0.012795 0.000468 0.199336 0.007658 2.038367
0.725691 0.028389 0.025338 0.012842 0.000468 0.199609 0.007663 2.041150
0.725438 0.028340 0.025391 0.012872 0.000466 0.199827 0.007666 2.043928
0.725125 0.028422 0.025448 0.012886 0.000473 0.199977 0.007670 2.046674
0.724919 0.028362 0.025471 0.012934 0.000480 0.200162 0.007673 2.049467
0.724671 0.028324 0.025417 0.012959 0.000484 0.200468 0.007677 2.052218
0.724411 0.028301 0.025407 0.012983 0.000484 0.200734 0.007682 2.054997
0.724153 0.028300 0.025423 0.013000 0.000484 0.200953 0.007687 2.057753
0.723945 0.028328 0.025418 0.012937 0.000491 0.201190 0.007690 2.060475
0.723739 0.028242 0.025514 0.012928 0.000495 0.201386 0.007696 2.063270
0.723536 0.028205 0.025519 0.012974 0.000498 0.201568 0.007701 2.066051
0.723422 0.028151 0.025505 0.012970 0.000505 0.201739 0.007707 2.068793
0.723196 0.028139 0.025482 0.012958 0.000504 0.202010 0.007713 2.071485
0.723058 0.028027 0.025468 0.012991 0.000502 0.202236 0.007717 2.074299
0.722811 0.028032 0.025491 0.012947 0.000509 0.202487 0.007724 2.077021
0.722629 0.027994 0.025549 0.012935 0.000513 0.202655 0.007726 2.079749
0.722488 0.027938 0.025482 0.012974 0.000517 0.202873 0.007729 2.082482
0.722327 0.027858 0.025459 0.012974 0.000510 0.203135 0.007736 2.085213
0.722283 0.027722 0.025424 0.012957 0.000513 0.203360 0.007742 2.087933
0.722054 0.027745 0.025464 0.012954 0.000513 0.203524 0.007745 2.090660
0.721978 0.027653 0.025415 0.012961 0.000511 0.203732 0.007751 2.093346
0.721891 0.027600 0.025372 0.012971 0.000511 0.203898 0.007758 2.096062
0.721819 0.027520 0.025397 0.012888 0.000509 0.204104 0.007764 2.098764
0.721666 0.027454 0.025419 0.012883 0.000511 0.204297 0.007770 2.101482
0.721607 0.027484 0.025323 0.012864 0.000507 0.204438 0.007777 2.104111
0.721415 0.027493 0.025252 0.012824 0.000513 0.204723 0.007780 2.106793
0.721332 0.027468 0.025259 0.012799 0.000512 0.204843 0.007788 2.109491
0.721283 0.027471 0.025161 0.012817 0.000513 0.204963 0.007794 2.112156
0.721167 0.027392 0.025154 0.012835 0.000512 0.205141 0.007800 2.114885
0.721100 0.027273 0.025207 0.012821 0.000509 0.205284 0.007806 2.117577
0.721163 0.027174 0.025221 0.012793 0.000510 0.205331 0.007808 2.120240
0.721070 0.027175 0.025126 0.012789 0.000515 0.205511 0.007812 2.122906
0.720931 0.027128 0.025075 0.012786 0.000510 0.205748 0.007821 2.125580
0.720853 0.027079 0.025020 0.012808 0.000508 0.205907 0.007826 2.128249
0.720822 0.027043 0.024966 0.012762 0.000509 0.206068 0.007830 2.130909
0.720799 0.027045 0.024897 0.012752 0.000511 0.206161 0.007835 2.133543
0.720804 0.026945 0.024884 0.012771 0.000509 0.206248 0.007839 2.136234
0.720837 0.026895 0.024790 0.012770 0.000511 0.206356 0.007843 2.138815
0.720810 0.026825 0.024774 0.012721 0.000510 0.206511 0.007849 2.141437
0.720806 0.026747 0.024785 0.012698 0.000515 0.206599 0.007852 2.144067
0.720801 0.026713 0.024752 0.012671 0.000513 0.206692 0.007859 2.146655
0.720820 0.026689 0.024788 0.012633 0.000508 0.206699 0.007863 2.149266
0.720904 0.026650 0.024707 0.012614 0.000510 0.206746 0.007869 2.151877
0.720980 0.026558 0.024725 0.012542 0.000512 0.206810 0.007873 2.154521
0.720920 0.026587 0.024679 0.012488 0.000513 0.206934 0.007879 2.157103
0.720984 0.026427 0.024718 0.012546 0.000515 0.206928 0.007881 2.159825
0.720992 0.026374 0.024592 0.012508 0.000518 0.207129 0.007886 2.162422
0.720969 0.026350 0.024511 0.012469 0.000519 0.207290 0.007892 2.165047
0.721006 0.026308 0.024446 0.012484 0.000525 0.207334 0.007897 2.167664
0.721141 0.026219 0.024419 0.012485 0.000518 0.207316 0.007904 2.170250
0.721230 0.026132 0.024347 0.012497 0.000515 0.207371 0.007908 2.172831
0.721322 0.025978 0.024286 0.012482 0.000518 0.207501 0.007914 2.175426
0.721431 0.025871 0.024302 0.012476 0.000520 0.207482 0.007919 2.178045
0.721510 0.025805 0.024231 0.012449 0.000522 0.207560 0.007922 2.180595
0.721703 0.025674 0.024188 0.012435 0.000518 0.207554 0.007928 2.183146
0.721792 0.025669 0.024146 0.012388 0.000521 0.207553 0.007932 2.185659
0.721960 0.025633 0.024048 0.012379 0.000519 0.207523 0.007938 2.188163
0.722064 0.025558 0.024057 0.012328 0.000510 0.207540 0.007945 2.190693
0.722147 0.025501 0.024027 0.012268 0.000512 0.207594 0.007952 2.193208
0.722303 0.025476 0.023967 0.012201 0.000516 0.207579 0.007958 2.195708
0.722481 0.025511 0.023926 0.012121 0.000515 0.207485 0.007963 2.198117
0.722748 0.025377 0.023883 0.012118 0.000516 0.207391 0.007968 2.200620
0.722912 0.025323 0.023835 0.012085 0.000517 0.207355 0.007973 2.203126
0.723022 0.025336 0.023778 0.012004 0.000515 0.207366 0.007980 2.205560
0.723204 0.025242 0.023745 0.011969 0.000515 0.207339 0.007986 2.208043
0.723363 0.025206 0.023678 0.011919 0.000520 0.207323 0.007991 2.210504
0.723550 0.025169 0.023575 0.011931 0.000518 0.207263 0.007994 2.212940
0.723673 0.025124 0.023554 0.011927 0.000522 0.207201 0.007999 2.215436
0.723857 0.025107 0.023479 0.011859 0.000521 0.207170 0.008006 2.217852
0.724075 0.025029 0.023483 0.011830 0.000517 0.207054 0.008012 2.220335
0.724238 0.024996 0.023435 0.011843 0.000515 0.206954 0.008019 2.222788
0.724395 0.024951 0.023397 0.011821 0.000516 0.206897 0.008023 2.225259
0.724561 0.024902 0.023308 0.011834 0.000515 0.206853 0.008027 2.227712
0.724822 0.024808 0.023245 0.011820 0.000509 0.206761 0.008034 2.230173
0.724974 0.024792 0.023204 0.011792 0.000512 0.206687 0.008038 2.232577
0.725206 0.024752 0.023172 0.011801 0.000509 0.206518 0.008043 2.235010
0.725394 0.024674 0.023106 0.011795 0.000509 0.206470 0.008052 2.237443
0.725522 0.024642 0.023104 0.011768 0.000512 0.206397 0.008055 2.239856
0.725691 0.024598 0.023023 0.011762 0.000511 0.206356 0.008059 2.242278
0.725943 0.024508 0.022998 0.011762 0.000509 0.206215 0.008064 2.244730
0.726132 0.024480 0.022896 0.011705 0.000514 0.206203 0.008069 2.247088
0.726285 0.024472 0.022818 0.011701 0.000512 0.206138 0.008073 2.249438
0.726468 0.024434 0.022848 0.011700 0.000506 0.205965 0.008080 2.251841
0.726716 0.024411 0.022796 0.011610 0.000496 0.205887 0.008085 2.254196
0.726893 0.024481 0.022737 0.011555 0.000494 0.205753 0.008089 2.256545
0.727114 0.024408 0.022754 0.011508 0.000495 0.205628 0.008092 2.258987
0.727315 0.024364 0.022695 0.011521 0.000486 0.205522 0.008097 2.261388
0.727567 0.024248 0.022692 0.011539 0.000484 0.205370 0.008102 2.263828
0.727797 0.024183 0.022592 0.011539 0.000483 0.205301 0.008106 2.266209
0.727975 0.024142 0.022568 0.011527 0.000487 0.205191 0.008111 2.268584
0.728261 0.024070 0.022532 0.011488 0.000482 0.205047 0.008121 2.270946
0.728399 0.024128 0.022463 0.011440 0.000489 0.204956 0.008125 2.273277
0.728649 0.024109 0.022470 0.011421 0.000488 0.204734 0.008130 2.275625
0.728893 0.023994 0.022529 0.011421 0.000490 0.204537 0.008137 2.278089
0.729215 0.023960 0.022492 0.011364 0.000483 0.204346 0.008141 2.280449
0.729467 0.023929 0.022455 0.011331 0.000483 0.204188 0.008147 2.282812
0.729671 0.023921 0.022488 0.011320 0.000480 0.203967 0.008154 2.285165
0.729903 0.023921 0.022435 0.011280 0.000478 0.203822 0.008160 2.287505
0.730143 0.023913 0.022419 0.011240 0.000481 0.203640 0.008165 2.289837
0.730258 0.023962 0.022322 0.011252 0.000482 0.203554 0.008169 2.292218
0.730540 0.023991 0.022250 0.011248 0.000476 0.203319 0.008175 2.294543
0.730828 0.023876 0.022227 0.011270 0.000477 0.203142 0.008180 2.296934
0.731011 0.023857 0.022202 0.011246 0.000475 0.203022 0.008187 2.299270
0.731285 0.023872 0.022141 0.011202 0.000470 0.202838 0.008191 2.301591
0.731513 0.023814 0.022160 0.011222 0.000467 0.202626 0.008196 2.303959
0.731699 0.023843 0.022103 0.011229 0.000469 0.202455 0.008202 2.306265
0.731995 0.023819 0.022045 0.011168 0.000472 0.202292 0.008210 2.308508
0.732148 0.023782 0.021990 0.011146 0.000470 0.202250 0.008214 2.310850
0.732321 0.023806 0.021963 0.011140 0.000471 0.202082 0.008218 2.313175
0.732563 0.023818 0.021963 0.011133 0.000478 0.201827 0.008219 2.315503
0.732803 0.023745 0.021938 0.011135 0.000471 0.201682 0.008226 2.317880
0.733017 0.023694 0.021960 0.011169 0.000467 0.201461 0.008232 2.320277
0.733186 0.023691 0.021999 0.011182 0.000467 0.201239 0.008236 2.322681
0.733366 0.023743 0.021951 0.011177 0.000467 0.201055 0.008242 2.324969
0.733480 0.023844 0.021889 0.011155 0.000467 0.200917 0.008247 2.327237
0.733714 0.023828 0.021889 0.011134 0.000471 0.200713 0.008251 2.329580
0.733943 0.023865 0.021798 0.011088 0.000465 0.200582 0.008259 2.331862
0.734021 0.023857 0.021795 0.011089 0.000474 0.200502 0.008262 2.334237
0.734145 0.023881 0.021833 0.011076 0.000468 0.200330 0.008268 2.336588
0.734335 0.023910 0.021870 0.011069 0.000468 0.200076 0.008273 2.338936
0.734559 0.023898 0.021847 0.011066 0.000469 0.199884 0.008278 2.341267
0.734720 0.023951 0.021901 0.011048 0.000471 0.199628 0.008282 2.343621
0.734890 0.023959 0.021850 0.011078 0.000471 0.199467 0.008286 2.345931
0.735099 0.023944 0.021889 0.011053 0.000467 0.199256 0.008291 2.348267
0.735262 0.023976 0.021836 0.011044 0.000462 0.199126 0.008294 2.350547
0.735412 0.024075 0.021806 0.011037 0.000460 0.198912 0.008299 2.352855
0.735589 0.024052 0.021761 0.011044 0.000457 0.198791 0.008305 2.355184
0.735787 0.024060 0.021786 0.011035 0.000461 0.198561 0.008310 2.357524
0.735932 0.024020 0.021803 0.011077 0.000460 0.198392 0.008315 2.359886
0.735990 0.024015 0.021785 0.011094 0.000459 0.198338 0.008319 2.362251
0.736055 0.024087 0.021824 0.011086 0.000464 0.198158 0.008326 2.364623
0.736152 0.024101 0.021860 0.011076 0.000462 0.198018 0.008332 2.366977
0.736187 0.024107 0.021875 0.011145 0.000465 0.197885 0.008336 2.369357
0.736373 0.024098 0.021824 0.011146 0.000466 0.197753 0.008340 2.371726
0.736548 0.024106 0.021854 0.011116 0.000471 0.197561 0.008343 2.374067
0.736625 0.024100 0.021893 0.011147 0.000466 0.197417 0.008352 2.376477
0.736689 0.024110 0.021881 0.011163 0.000472 0.197328 0.008356 2.378830
0.736816 0.024121 0.021889 0.011141 0.000469 0.197202 0.008363 2.381209
0.736812 0.024180 0.021912 0.011160 0.000467 0.197104 0.008366 2.383580
0.736869 0.024162 0.021997 0.011189 0.000469 0.196943 0.008371 2.386023
0.736919 0.024209 0.021954 0.011187 0.000464 0.196893 0.008375 2.388343
0.736965 0.024291 0.021942 0.011174 0.000462 0.196788 0.008378 2.390664
0.737040 0.024318 0.021991 0.011177 0.000463 0.196626 0.008384 2.393046
0.737068 0.024323 0.022040 0.011184 0.000466 0.196532 0.008388 2.395446
0.737134 0.024320 0.022045 0.011184 0.000459 0.196468 0.008392 2.397820
0.737221 0.024344 0.022021 0.011198 0.000461 0.196357 0.008396 2.400154
0.737224 0.024369 0.022025 0.011208 0.000462 0.196313 0.008400 2.402536
0.737270 0.024344 0.022063 0.011226 0.000461 0.196233 0.008403 2.404946
0.737344 0.024347 0.022100 0.011192 0.000466 0.196140 0.008410 2.407337
0.737380 0.024344 0.022089 0.011164 0.000462 0.196145 0.008416 2.409702
0.737448 0.024389 0.022052 0.011132 0.000462 0.196095 0.008420 2.412015
0.737552 0.024365 0.022086 0.011119 0.000472 0.195983 0.008423 2.414408
0.737551 0.024341 0.022186 0.011138 0.000469 0.195887 0.008428 2.416842
0.737574 0.024394 0.022174 0.011135 0.000467 0.195825 0.008431 2.419214
0.737616 0.024391 0.022179 0.011185 0.000470 0.195724 0.008436 2.421623
0.737520 0.024510 0.022176 0.011170 0.000471 0.195713 0.008441 2.423971
0.737581 0.024466 0.022216 0.011217 0.000467 0.195610 0.008444 2.426445
0.737638 0.024501 0.022199 0.011190 0.000464 0.195558 0.008450 2.428822
0.737723 0.024506 0.022210 0.011168 0.000464 0.195476 0.008454 2.431198
0.737727 0.024516 0.022217 0.011178 0.000463 0.195439 0.008461 2.433632
0.737775 0.024534 0.022235 0.011130 0.000469 0.195393 0.008464 2.436039
0.737781 0.024533 0.022236 0.011164 0.000470 0.195347 0.008469 2.438470
0.737738 0.024570 0.022266 0.011143 0.000473 0.195334 0.008476 2.440867
0.737764 0.024557 0.022286 0.011176 0.000473 0.195263 0.008482 2.443275
0.737887 0.024530 0.022290 0.011190 0.000475 0.195142 0.008486 2.445695
0.737898 0.024499 0.022309 0.011211 0.000470 0.195117 0.008494 2.448134
0.737893 0.024566 0.022306 0.011255 0.000468 0.195012 0.008498 2.450517
0.737935 0.024579 0.022325 0.011251 0.000462 0.194948 0.008501 2.452915
0.738048 0.024578 0.022339 0.011229 0.000468 0.194835 0.008504 2.455306
0.738062 0.024549 0.022347 0.011230 0.000471 0.194834 0.008507 2.457745
0.737988 0.024653 0.022330 0.011238 0.000471 0.194808 0.008511 2.460150
0.737992 0.024689 0.022276 0.011257 0.000474 0.194797 0.008515 2.462565
0.738056 0.024619 0.022247 0.011316 0.000470 0.194770 0.008524 2.465019
0.738004 0.024669 0.022254 0.011318 0.000472 0.194756 0.008528 2.467417
0.737997 0.024677 0.022260 0.011353 0.000469 0.194713 0.008531 2.469851
0.737973 0.024723 0.022286 0.011350 0.000469 0.194665 0.008535 2.472253
0.738002 0.024685 0.022348 0.011304 0.000468 0.194653 0.008541 2.474637
0.738001 0.024614 0.022360 0.011331 0.000470 0.194679 0.008545 2.477086
0.738041 0.024654 0.022342 0.011314 0.000471 0.194627 0.008550 2.479453
0.738012 0.024699 0.022358 0.011312 0.000470 0.194595 0.008556 2.481877
0.737965 0.024640 0.022420 0.011345 0.000472 0.194599 0.008560 2.484389
0.738006 0.024609 0.022406 0.011384 0.000466 0.194564 0.008565 2.486824
0.737947 0.024548 0.022466 0.011323 0.000464 0.194681 0.008571 2.489282
0.737848 0.024662 0.022449 0.011318 0.000466 0.194681 0.008575 2.491644
0.737816 0.024660 0.022462 0.011323 0.000467 0.194694 0.008580 2.494073
0.737781 0.024578 0.022552 0.011330 0.000468 0.194708 0.008583 2.496574
0.737754 0.024652 0.022506 0.011358 0.000471 0.194670 0.008589 2.498958
0.737733 0.024691 0.022490 0.011354 0.000470 0.194668 0.008594 2.501335
0.737793 0.024702 0.022430 0.011352 0.000473 0.194651 0.008599 2.503704
0.737743 0.024706 0.022445 0.011352 0.000474 0.194676 0.008604 2.506148
0.737775 0.024696 0.022407 0.011345 0.000473 0.194697 0.008607 2.508542
0.737798 0.024693 0.022369 0.011385 0.000468 0.194676 0.008612 2.510975
0.737858 0.024583 0.022409 0.011449 0.000473 0.194614 0.008615 2.513475
0.737865 0.024593 0.022405 0.011403 0.000471 0.194643 0.008619 2.515856
0.737953 0.024551 0.022401 0.011433 0.000474 0.194564 0.008624 2.518296
0.738016 0.024496 0.022450 0.011448 0.000473 0.194485 0.008632 2.520747
0.737993 0.024544 0.022408 0.011449 0.000471 0.194501 0.008635 2.523133
0.737938 0.024556 0.022431 0.011404 0.000478 0.194557 0.008637 2.525569
0.737896 0.024666 0.022400 0.011352 0.000481 0.194561 0.008643 2.527910
0.737939 0.024684 0.022390 0.011314 0.000480 0.194547 0.008648 2.530304
0.737945 0.024739 0.022373 0.011282 0.000482 0.194527 0.008654 2.532681
0.737900 0.024716 0.022433 0.011321 0.000482 0.194490 0.008656 2.535138
0.737936 0.024699 0.022407 0.011328 0.000479 0.194491 0.008661 2.537547
0.737896 0.024703 0.022516 0.011314 0.000483 0.194423 0.008665 2.539992
0.737955 0.024633 0.022518 0.011365 0.000474 0.194382 0.008672 2.542448
0.737863 0.024691 0.022514 0.011382 0.000479 0.194396 0.008675 2.544870
0.737795 0.024797 0.022554 0.011359 0.000478 0.194336 0.008682 2.547266
0.737723 0.024819 0.022553 0.011371 0.000482 0.194367 0.008686 2.549733
0.737765 0.024776 0.022591 0.011401 0.000485 0.194292 0.008690 2.552205
0.737769 0.024772 0.022592 0.011375 0.000478 0.194318 0.008696 2.554660
0.737710 0.024764 0.022563 0.011421 0.000474 0.194365 0.008704 2.557105
0.737778 0.024729 0.022565 0.011396 0.000480 0.194342 0.008710 2.559520
0.737766 0.024777 0.022520 0.011396 0.000483 0.194345 0.008714 2.561910
0.737772 0.024793 0.022547 0.011429 0.000476 0.194262 0.008720 2.564312
0.737714 0.024792 0.022564 0.011456 0.000477 0.194274 0.008724 2.566729
0.737732 0.024728 0.022552 0.011453 0.000478 0.194329 0.008726 2.569154
0.737813 0.024732 0.022550 0.011456 0.000477 0.194241 0.008731 2.571576
0.737870 0.024705 0.022517 0.011483 0.000483 0.194208 0.008735 2.573989
0.737864 0.024693 0.022484 0.011477 0.000480 0.194258 0.008743 2.576412
0.737931 0.024728 0.022414 0.011425 0.000478 0.194276 0.008749 2.578758
0.737912 0.024763 0.022383 0.011443 0.000475 0.194268 0.008754 2.581164
0.737936 0.024790 0.022441 0.011434 0.000469 0.194171 0.008758 2.583583
0.737947 0.024775 0.022424 0.011435 0.000469 0.194181 0.008767 2.585995
0.738051 0.024706 0.022533 0.011423 0.000470 0.194048 0.008770 2.588454
0.738024 0.024811 0.022479 0.011401 0.000467 0.194043 0.008775 2.590830
0.738014 0.024854 0.022530 0.011316 0.000467 0.194043 0.008776 2.593278
0.737998 0.024842 0.022509 0.011309 0.000463 0.194095 0.008782 2.595685
0.737997 0.024816 0.022566 0.011358 0.000456 0.194021 0.008786 2.598164
0.737998 0.024848 0.022583 0.011366 0.000460 0.193954 0.008792 2.600584
0.737946 0.024896 0.022584 0.011359 0.000467 0.193955 0.008794 2.603015
0.737862 0.024997 0.022523 0.011372 0.000461 0.193986 0.008800 2.605427
0.737777 0.025051 0.022516 0.011416 0.000456 0.193978 0.008806 2.607866
0.737778 0.025107 0.022526 0.011389 0.000456 0.193933 0.008810 2.610268
0.737737 0.025081 0.022554 0.011417 0.000455 0.193939 0.008816 2.612704
0.737743 0.025045 0.022583 0.011410 0.000458 0.193939 0.008821 2.615168
0.737666 0.025075 0.022560 0.011471 0.000462 0.193940 0.008827 2.617620
0.737631 0.025041 0.022677 0.011502 0.000456 0.193862 0.008831 2.620089
0.737543 0.025041 0.022669 0.011466 0.000456 0.193990 0.008835 2.622540
0.737532 0.025051 0.022704 0.011475 0.000456 0.193940 0.008843 2.625011
0.737534 0.025044 0.022702 0.011509 0.000455 0.193906 0.008851 2.627481
0.737571 0.025007 0.022706 0.011511 0.000449 0.193902 0.008854 2.629936
0.737525 0.025031 0.022741 0.011518 0.000447 0.193884 0.008855 2.632403
0.737551 0.025073 0.022737 0.011498 0.000451 0.193830 0.008860 2.634814
0.737619 0.025048 0.022723 0.011482 0.000445 0.193817 0.008866 2.637230
0.737535 0.025101 0.022634 0.011502 0.000449 0.193907 0.008871 2.639623
0.737498 0.025112 0.022606 0.011541 0.000453 0.193914 0.008877 2.642077
0.737436 0.025210 0.022584 0.011515 0.000459 0.193916 0.008880 2.644506
0.737401 0.025237 0.022597 0.011492 0.000462 0.193929 0.008883 2.646945
0.737392 0.025231 0.022649 0.011489 0.000459 0.193894 0.008886 2.649413
0.737273 0.025346 0.022690 0.011477 0.000458 0.193868 0.008889 2.651855
0.737106 0.025410 0.022703 0.011519 0.000460 0.193910 0.008893 2.654363
0.737062 0.025388 0.022773 0.011531 0.000456 0.193893 0.008897 2.656859
0.736954 0.025438 0.022751 0.011526 0.000452 0.193978 0.008902 2.659329
0.736879 0.025460 0.022745 0.011509 0.000460 0.194041 0.008907 2.661777
0.736837 0.025533 0.022756 0.011499 0.000465 0.193999 0.008911 2.664216
0.736684 0.025584 0.022773 0.011513 0.000468 0.194062 0.008916 2.666683
0.736638 0.025531 0.022838 0.011522 0.000467 0.194085 0.008920 2.669227
0.736587 0.025495 0.022894 0.011530 0.000465 0.194107 0.008923 2.671716
0.736493 0.025457 0.022968 0.011546 0.000471 0.194141 0.008926 2.674232
0.736408 0.025501 0.022942 0.011548 0.000471 0.194198 0.008931 2.676685
0.736425 0.025567 0.022845 0.011566 0.000477 0.194187 0.008933 2.679090
0.736300 0.025604 0.022865 0.011588 0.000476 0.194232 0.008936 2.681577
0.736259 0.025481 0.022941 0.011650 0.000475 0.194253 0.008940 2.684151
0.736113 0.025553 0.022951 0.011624 0.000475 0.194339 0.008945 2.686622
0.736040 0.025496 0.022979 0.011620 0.000475 0.194439 0.008951 2.689146
0.735951 0.025470 0.022998 0.011608 0.000477 0.194540 0.008956 2.691655
0.735925 0.025489 0.022981 0.011628 0.000479 0.194536 0.008963 2.694119
0.735946 0.025433 0.022951 0.011624 0.000475 0.194604 0.008966 2.696587
0.735863 0.025507 0.022889 0.011620 0.000482 0.194669 0.008969 2.699030
0.735748 0.025560 0.022906 0.011618 0.000487 0.194710 0.008973 2.701508
0.735702 0.025584 0.022928 0.011625 0.000490 0.194692 0.008980 2.703982
0.735686 0.025499 0.022935 0.011656 0.000488 0.194753 0.008984 2.706525
0.735594 0.025490 0.022990 0.011657 0.000488 0.194793 0.008991 2.709049
0.735656 0.025330 0.023037 0.011680 0.000486 0.194818 0.008994 2.711610
0.735668 0.025280 0.023046 0.011697 0.000480 0.194830 0.008999 2.714152
0.735682 0.025271 0.023069 0.011685 0.000484 0.194807 0.009003 2.716632
0.735593 0.025279 0.023005 0.011674 0.000475 0.194967 0.009008 2.719132
0.735460 0.025325 0.023064 0.011721 0.000479 0.194938 0.009013 2.721667
0.735477 0.025347 0.023016 0.011732 0.000476 0.194932 0.009020 2.724129
0.735525 0.025350 0.023102 0.011732 0.000481 0.194786 0.009025 2.726620
0.735531 0.025309 0.023153 0.011704 0.000477 0.194793 0.009032 2.729115
0.735516 0.025332 0.023169 0.011667 0.000475 0.194803 0.009037 2.731582
0.735510 0.025328 0.023221 0.011675 0.000468 0.194758 0.009040 2.734040
0.735551 0.025286 0.023198 0.011688 0.000470 0.194761 0.009047 2.736514
0.735456 0.025226 0.023257 0.011725 0.000469 0.194817 0.009051 2.739066
0.735368 0.025173 0.023249 0.011714 0.000474 0.194968 0.009054 2.741568
0.735376 0.025159 0.023247 0.011711 0.000477 0.194971 0.009060 2.744033
0.735240 0.025214 0.023266 0.011702 0.000474 0.195040 0.009064 2.746506
0.735144 0.025248 0.023261 0.011692 0.000475 0.195112 0.009069 2.748977
0.735128 0.025241 0.023248 0.011674 0.000482 0.195155 0.009073 2.751451
0.735108 0.025288 0.023186 0.011659 0.000481 0.195200 0.009079 2.753908
0.735062 0.025257 0.023172 0.011656 0.000482 0.195288 0.009084 2.756436
0.734987 0.025291 0.023146 0.011676 0.000475 0.195338 0.009087 2.758882
0.734889 0.025285 0.023184 0.011665 0.000477 0.195413 0.009089 2.761378
0.734816 0.025313 0.023116 0.011718 0.000486 0.195462 0.009091 2.763829
0.734697 0.025314 0.023102 0.011750 0.000489 0.195554 0.009093 2.766328
0.734734 0.025235 0.023148 0.011755 0.000485 0.195544 0.009099 2.768806
0.734790 0.025224 0.023111 0.011713 0.000485 0.195576 0.009103 2.771269
0.734751 0.025226 0.023098 0.011684 0.000491 0.195643 0.009108 2.773762
0.734732 0.025319 0.023072 0.011635 0.000493 0.195636 0.009114 2.776169
0.734677 0.025402 0.023057 0.011637 0.000492 0.195620 0.009116 2.778581
0.734576 0.025432 0.023012 0.011641 0.000479 0.195736 0.009123 2.781067
0.734457 0.025457 0.023041 0.011645 0.000478 0.195798 0.009125 2.783578
0.734432 0.025442 0.023064 0.011614 0.000476 0.195845 0.009129 2.786069
0.734432 0.025422 0.023033 0.011617 0.000473 0.195890 0.009134 2.788520
0.734447 0.025345 0.023017 0.011634 0.000476 0.195942 0.009139 2.790996
0.734409 0.025358 0.023057 0.011668 0.000476 0.195888 0.009145 2.793476
0.734322 0.025358 0.023027 0.011670 0.000473 0.195998 0.009152 2.795970
0.734291 0.025355 0.023067 0.011644 0.000473 0.196017 0.009154 2.798449
0.734228 0.025386 0.023060 0.011702 0.000474 0.195993 0.009157 2.800939
0.734181 0.025342 0.023149 0.011663 0.000472 0.196034 0.009159 2.803439
0.734178 0.025350 0.023172 0.011624 0.000474 0.196038 0.009165 2.805892
0.734102 0.025332 0.023228 0.011621 0.000471 0.196075 0.009171 2.808415
0.734071 0.025402 0.023188 0.011619 0.000471 0.196076 0.009174 2.810869
0.734082 0.025307 0.023249 0.011675 0.000471 0.196035 0.009181 2.813433
0.733957 0.025280 0.023238 0.011706 0.000473 0.196163 0.009184 2.815930
0.733981 0.025202 0.023282 0.011692 0.000473 0.196183 0.009188 2.818403
0.733941 0.025194 0.023301 0.011653 0.000471 0.196242 0.009197 2.820890
0.733904 0.025232 0.023243 0.011620 0.000475 0.196325 0.009202 2.823321
0.733919 0.025194 0.023247 0.011609 0.000474 0.196351 0.009207 2.825813
0.733947 0.025128 0.023206 0.011617 0.000466 0.196422 0.009215 2.828263
0.733854 0.025123 0.023204 0.011624 0.000467 0.196510 0.009218 2.830732
0.733884 0.025079 0.023165 0.011655 0.000465 0.196529 0.009224 2.833234
0.733917 0.025058 0.023126 0.011678 0.000466 0.196530 0.009227 2.835678
0.733834 0.025073 0.023147 0.011704 0.000472 0.196543 0.009229 2.838173
0.733850 0.025024 0.023106 0.011697 0.000473 0.196617 0.009235 2.840625
0.733779 0.025134 0.023029 0.011696 0.000467 0.196656 0.009240 2.843037
0.733758 0.025208 0.022921 0.011696 0.000465 0.196706 0.009246 2.845446
0.733807 0.025200 0.022912 0.011695 0.000461 0.196673 0.009252 2.847870
0.733876 0.025185 0.022909 0.011688 0.000459 0.196626 0.009257 2.850333
0.733783 0.025191 0.022943 0.011666 0.000464 0.196692 0.009261 2.852811
0.733784 0.025127 0.022921 0.011668 0.000461 0.196773 0.009267 2.855296
0.733804 0.025126 0.022924 0.011678 0.000459 0.196738 0.009270 2.857719
0.733871 0.025093 0.022895 0.011706 0.000463 0.196695 0.009277 2.860184
0.733856 0.025083 0.022863 0.011704 0.000465 0.196749 0.009279 2.862619
0.733951 0.025016 0.022827 0.011676 0.000467 0.196780 0.009284 2.865071
0.733961 0.025004 0.022863 0.011643 0.000465 0.196774 0.009289 2.867551
0.733992 0.024943 0.022902 0.011651 0.000468 0.196748 0.009296 2.870015
0.734095 0.024876 0.022881 0.011661 0.000470 0.196718 0.009300 2.872459
0.734037 0.024880 0.022876 0.011655 0.000468 0.196779 0.009305 2.874876
0.734061 0.024797 0.022880 0.011666 0.000472 0.196816 0.009308 2.877347
0.734081 0.024763 0.022826 0.011643 0.000471 0.196904 0.009312 2.879764
0.734143 0.024704 0.022855 0.011601 0.000483 0.196901 0.009314 2.882192
0.734234 0.024651 0.022863 0.011611 0.000486 0.196837 0.009320 2.884639
0.734268 0.024668 0.022835 0.011636 0.000487 0.196782 0.009324 2.887075
