0.368253 0.061768 0.054879 0.031582 0.002000 0.475866 0.005653 1.555338
0.370092 0.059940 0.054660 0.031423 0.002008 0.476199 0.005678 1.561232
0.372613 0.057568 0.054494 0.031166 0.002008 0.476450 0.005703 1.567042
0.375558 0.055110 0.054150 0.030885 0.002014 0.476557 0.005726 1.572540
0.378640 0.052729 0.053799 0.030574 0.002011 0.476491 0.005756 1.577819
0.382015 0.050280 0.053285 0.030165 0.002009 0.476470 0.005776 1.582863
0.385456 0.048019 0.052607 0.029764 0.002000 0.476344 0.005810 1.587671
0.389068 0.045779 0.051921 0.029237 0.001998 0.476156 0.005840 1.592239
0.392730 0.043595 0.051066 0.028733 0.002000 0.476011 0.005864 1.596665
0.396672 0.041495 0.050136 0.028169 0.001993 0.475647 0.005888 1.600882
0.400608 0.039577 0.049197 0.027538 0.001983 0.475187 0.005911 1.604844
0.404568 0.037824 0.048177 0.026926 0.001979 0.474591 0.005937 1.608577
0.408646 0.036087 0.047107 0.026241 0.001956 0.473998 0.005965 1.612192
0.412750 0.034488 0.045948 0.025605 0.001930 0.473286 0.005993 1.615611
0.416913 0.032910 0.044899 0.024950 0.001924 0.472387 0.006018 1.618945
0.421136 0.031443 0.043786 0.024307 0.001916 0.471373 0.006041 1.622067
0.425426 0.029943 0.042685 0.023695 0.001915 0.470276 0.006059 1.625147
0.429791 0.028602 0.041537 0.023081 0.001911 0.469001 0.006078 1.628041
0.434196 0.027439 0.040402 0.022482 0.001909 0.467471 0.006101 1.630729
0.438549 0.026303 0.039220 0.021771 0.001887 0.466140 0.006129 1.633330
0.443067 0.025151 0.038008 0.021182 0.001881 0.464561 0.006150 1.635844
0.447561 0.024091 0.036885 0.020505 0.001864 0.462916 0.006177 1.638219
0.452054 0.023153 0.035761 0.019871 0.001848 0.461112 0.006203 1.640485
0.456605 0.022161 0.034703 0.019296 0.001828 0.459179 0.006230 1.642733
0.461117 0.021288 0.033631 0.018674 0.001798 0.457242 0.006252 1.644850
0.465554 0.020465 0.032544 0.018067 0.001778 0.455317 0.006275 1.646863
0.470086 0.019678 0.031493 0.017451 0.001752 0.453240 0.006299 1.648794
0.474584 0.018934 0.030441 0.016928 0.001725 0.451065 0.006323 1.650669
0.479148 0.018161 0.029560 0.016441 0.001701 0.448639 0.006349 1.652560
0.483685 0.017410 0.028669 0.015953 0.001677 0.446235 0.006369 1.654369
0.488250 0.016726 0.027759 0.015430 0.001662 0.443786 0.006387 1.656078
0.492881 0.016082 0.026833 0.014965 0.001635 0.441197 0.006407 1.657699
0.497394 0.015518 0.025941 0.014469 0.001623 0.438632 0.006421 1.659248
0.501829 0.015024 0.025086 0.013975 0.001597 0.436046 0.006441 1.660729
0.506266 0.014483 0.024239 0.013517 0.001575 0.433462 0.006459 1.662198
0.510606 0.014011 0.023419 0.013048 0.001540 0.430891 0.006483 1.663574
0.515129 0.013556 0.022636 0.012634 0.001509 0.428035 0.006501 1.664890
0.519603 0.013120 0.021884 0.012212 0.001482 0.425177 0.006522 1.666201
0.524072 0.012719 0.021191 0.011766 0.001457 0.422254 0.006540 1.667445
0.528563 0.012300 0.020492 0.011351 0.001419 0.419311 0.006565 1.668657
0.532989 0.011897 0.019836 0.010975 0.001401 0.416322 0.006579 1.669858
0.537379 0.011484 0.019244 0.010618 0.001367 0.413310 0.006599 1.671053
0.541742 0.011098 0.018626 0.010259 0.001338 0.410317 0.006620 1.672173
0.546166 0.010787 0.017993 0.009893 0.001319 0.407205 0.006638 1.673233
0.550459 0.010460 0.017383 0.009584 0.001300 0.404162 0.006652 1.674267
0.554841 0.010110 0.016873 0.009243 0.001269 0.400993 0.006672 1.675304
0.559098 0.009817 0.016372 0.008936 0.001255 0.397838 0.006684 1.676295
0.563423 0.009550 0.015877 0.008655 0.001230 0.394558 0.006708 1.677244
0.567611 0.009303 0.015352 0.008379 0.001201 0.391429 0.006724 1.678158
0.571842 0.009027 0.014841 0.008093 0.001170 0.388288 0.006739 1.679059
0.576055 0.008784 0.014381 0.007830 0.001133 0.385056 0.006761 1.679945
0.580228 0.008538 0.013963 0.007562 0.001110 0.381826 0.006774 1.680817
0.584278 0.008320 0.013499 0.007285 0.001083 0.378742 0.006795 1.681642
0.588371 0.008166 0.013077 0.007036 0.001065 0.375475 0.006809 1.682442
0.592400 0.007994 0.012636 0.006782 0.001042 0.372326 0.006820 1.683222
0.596375 0.007803 0.012273 0.006566 0.001025 0.369124 0.006834 1.684002
0.600382 0.007661 0.011863 0.006370 0.001000 0.365878 0.006846 1.684732
0.604372 0.007502 0.011528 0.006190 0.000972 0.362576 0.006859 1.685471
0.608298 0.007328 0.011217 0.005987 0.000954 0.359343 0.006871 1.686216
0.612225 0.007135 0.010904 0.005854 0.000932 0.356066 0.006885 1.686929
0.616041 0.006996 0.010605 0.005670 0.000905 0.352880 0.006903 1.687629
0.619921 0.006857 0.010311 0.005495 0.000888 0.349616 0.006913 1.688298
0.623683 0.006737 0.010039 0.005300 0.000871 0.346450 0.006922 1.688941
0.627558 0.006599 0.009758 0.005149 0.000848 0.343150 0.006938 1.689593
0.631302 0.006415 0.009538 0.005010 0.000825 0.339956 0.006954 1.690265
0.635011 0.006311 0.009256 0.004874 0.000810 0.336778 0.006962 1.690889
0.638732 0.006169 0.008987 0.004706 0.000792 0.333642 0.006973 1.691504
0.642472 0.006039 0.008748 0.004580 0.000775 0.330401 0.006983 1.692093
0.646161 0.005926 0.008534 0.004455 0.000766 0.327168 0.006991 1.692690
0.649697 0.005797 0.008306 0.004343 0.000747 0.324107 0.007003 1.693277
0.653249 0.005651 0.008114 0.004227 0.000731 0.321020 0.007009 1.693880
0.656861 0.005537 0.007899 0.004141 0.000711 0.317827 0.007023 1.694452
0.660353 0.005460 0.007689 0.004068 0.000685 0.314710 0.007036 1.695002
0.663831 0.005333 0.007529 0.003981 0.000668 0.311612 0.007046 1.695554
0.667260 0.005245 0.007339 0.003885 0.000659 0.308561 0.007052 1.696084
0.670682 0.005147 0.007191 0.003778 0.000643 0.305498 0.007061 1.696601
0.674065 0.005078 0.007010 0.003674 0.000627 0.302477 0.007069 1.697080
0.677381 0.005006 0.006836 0.003580 0.000619 0.299507 0.007073 1.697561
0.680751 0.004892 0.006689 0.003537 0.000602 0.296447 0.007083 1.698077
0.683932 0.004826 0.006492 0.003440 0.000583 0.293637 0.007090 1.698557
0.687225 0.004705 0.006345 0.003356 0.000572 0.290697 0.007100 1.699033
0.690516 0.004616 0.006194 0.003268 0.000557 0.287743 0.007107 1.699502
0.693714 0.004541 0.006023 0.003172 0.000546 0.284888 0.007117 1.699934
0.696940 0.004463 0.005872 0.003101 0.000531 0.281966 0.007127 1.700390
0.700147 0.004406 0.005756 0.003018 0.000520 0.279020 0.007133 1.700820
0.703229 0.004326 0.005639 0.002934 0.000509 0.276225 0.007139 1.701259
0.706253 0.004251 0.005523 0.002875 0.000497 0.273457 0.007145 1.701693
0.709296 0.004156 0.005401 0.002820 0.000486 0.270688 0.007152 1.702134
0.712389 0.004067 0.005271 0.002765 0.000473 0.267873 0.007162 1.702539
0.715368 0.004056 0.005158 0.002690 0.000463 0.265097 0.007168 1.702916
0.718362 0.004005 0.005071 0.002634 0.000456 0.262299 0.007174 1.703316
0.721293 0.003917 0.004946 0.002589 0.000446 0.259626 0.007184 1.703696
0.724209 0.003847 0.004858 0.002542 0.000440 0.256916 0.007189 1.704086
0.727040 0.003809 0.004732 0.002491 0.000433 0.254302 0.007195 1.704453
0.729891 0.003791 0.004637 0.002441 0.000422 0.251615 0.007202 1.704817
0.732704 0.003724 0.004576 0.002406 0.000414 0.248968 0.007209 1.705203
0.735451 0.003700 0.004502 0.002367 0.000406 0.246359 0.007215 1.705561
0.738228 0.003624 0.004425 0.002328 0.000398 0.243781 0.007217 1.705941
0.740852 0.003565 0.004351 0.002298 0.000393 0.241322 0.007220 1.706313
0.743552 0.003527 0.004285 0.002231 0.000386 0.238793 0.007226 1.706657
0.746248 0.003515 0.004205 0.002201 0.000373 0.236228 0.007230 1.706983
0.748974 0.003464 0.004125 0.002143 0.000366 0.233692 0.007236 1.707335
0.751603 0.003423 0.004047 0.002103 0.000356 0.231229 0.007240 1.707668
0.754166 0.003371 0.003995 0.002079 0.000352 0.228796 0.007242 1.708024
0.756707 0.003317 0.003942 0.002060 0.000343 0.226383 0.007247 1.708352
0.759197 0.003318 0.003867 0.002020 0.000342 0.224006 0.007250 1.708660
0.761727 0.003261 0.003804 0.001989 0.000334 0.221629 0.007255 1.708983
0.764106 0.003233 0.003775 0.001946 0.000328 0.219353 0.007260 1.709300
0.766468 0.003181 0.003721 0.001924 0.000319 0.217123 0.007265 1.709626
0.768893 0.003142 0.003659 0.001911 0.000318 0.214810 0.007268 1.709945
0.771356 0.003084 0.003626 0.001878 0.000310 0.212476 0.007270 1.710265
0.773778 0.003073 0.003574 0.001838 0.000304 0.210160 0.007275 1.710560
0.776133 0.003047 0.003507 0.001809 0.000295 0.207930 0.007280 1.710861
0.778474 0.003019 0.003458 0.001778 0.000290 0.205696 0.007285 1.711162
0.780751 0.002970 0.003420 0.001749 0.000286 0.203536 0.007287 1.711470
0.783000 0.002960 0.003358 0.001722 0.000278 0.201391 0.007291 1.711765
0.785336 0.002919 0.003302 0.001706 0.000270 0.199172 0.007295 1.712048
0.787490 0.002868 0.003246 0.001701 0.000266 0.197131 0.007300 1.712343
0.789686 0.002852 0.003206 0.001684 0.000257 0.195014 0.007302 1.712620
0.791829 0.002809 0.003172 0.001663 0.000252 0.192971 0.007304 1.712915
0.794037 0.002764 0.003124 0.001641 0.000241 0.190884 0.007309 1.713197
0.796151 0.002753 0.003080 0.001609 0.000236 0.188861 0.007311 1.713460
0.798258 0.002747 0.003020 0.001585 0.000232 0.186841 0.007317 1.713715
0.800327 0.002716 0.002976 0.001565 0.000228 0.184868 0.007321 1.713983
0.802360 0.002694 0.002940 0.001538 0.000227 0.182919 0.007323 1.714253
0.804446 0.002679 0.002897 0.001525 0.000218 0.180909 0.007327 1.714509
0.806471 0.002663 0.002865 0.001514 0.000210 0.178949 0.007330 1.714782
0.808425 0.002641 0.002832 0.001496 0.000206 0.177069 0.007332 1.715032
0.810444 0.002601 0.002818 0.001467 0.000202 0.175132 0.007337 1.715300
0.812432 0.002580 0.002775 0.001444 0.000190 0.173237 0.007343 1.715549
0.814397 0.002552 0.002743 0.001422 0.000187 0.171354 0.007346 1.715786
0.816311 0.002535 0.002710 0.001392 0.000180 0.169523 0.007351 1.716034
0.818166 0.002519 0.002674 0.001375 0.000179 0.167734 0.007353 1.716272
0.820040 0.002488 0.002648 0.001353 0.000178 0.165938 0.007355 1.716512
0.821871 0.002484 0.002620 0.001340 0.000173 0.164155 0.007357 1.716743
0.823752 0.002475 0.002595 0.001328 0.000167 0.162324 0.007360 1.716972
0.825537 0.002480 0.002563 0.001315 0.000161 0.160582 0.007362 1.717208
0.827309 0.002467 0.002520 0.001310 0.000157 0.158874 0.007364 1.717445
0.829057 0.002446 0.002505 0.001284 0.000156 0.157187 0.007366 1.717679
0.830818 0.002434 0.002498 0.001268 0.000149 0.155464 0.007370 1.717920
0.832522 0.002412 0.002486 0.001269 0.000148 0.153794 0.007370 1.718162
0.834224 0.002422 0.002461 0.001250 0.000147 0.152125 0.007372 1.718384
0.835911 0.002398 0.002437 0.001249 0.000146 0.150486 0.007373 1.718629
0.837521 0.002400 0.002414 0.001248 0.000142 0.148900 0.007375 1.718860
0.839141 0.002420 0.002396 0.001237 0.000137 0.147292 0.007379 1.719083
0.840755 0.002388 0.002387 0.001242 0.000131 0.145716 0.007381 1.719330
0.842363 0.002395 0.002356 0.001227 0.000129 0.144149 0.007382 1.719547
0.843898 0.002377 0.002352 0.001227 0.000124 0.142639 0.007384 1.719784
0.845422 0.002364 0.002320 0.001214 0.000121 0.141174 0.007385 1.720006
0.846957 0.002343 0.002318 0.001196 0.000120 0.139680 0.007386 1.720234
0.848512 0.002312 0.002288 0.001193 0.000121 0.138188 0.007386 1.720457
0.850070 0.002288 0.002262 0.001211 0.000119 0.136662 0.007389 1.720678
0.851561 0.002281 0.002250 0.001199 0.000117 0.135200 0.007392 1.720903
0.853054 0.002249 0.002223 0.001188 0.000114 0.133778 0.007394 1.721128
0.854495 0.002222 0.002215 0.001176 0.000112 0.132384 0.007396 1.721349
0.855940 0.002199 0.002197 0.001171 0.000108 0.130988 0.007398 1.721568
0.857358 0.002165 0.002186 0.001184 0.000108 0.129599 0.007400 1.721796
0.858783 0.002146 0.002162 0.001173 0.000105 0.128228 0.007402 1.722009
0.860154 0.002123 0.002151 0.001153 0.000101 0.126916 0.007403 1.722218
0.861546 0.002108 0.002138 0.001135 0.000095 0.125573 0.007406 1.722430
0.862919 0.002082 0.002128 0.001130 0.000097 0.124237 0.007406 1.722644
0.864280 0.002060 0.002107 0.001117 0.000093 0.122936 0.007408 1.722849
0.865587 0.002064 0.002087 0.001105 0.000094 0.121656 0.007409 1.723048
0.866943 0.002047 0.002072 0.001082 0.000094 0.120353 0.007410 1.723251
0.868288 0.002042 0.002048 0.001072 0.000095 0.119043 0.007411 1.723441
0.869615 0.002034 0.002029 0.001064 0.000095 0.117752 0.007412 1.723632
0.870908 0.002038 0.002019 0.001051 0.000097 0.116474 0.007413 1.723824
0.872200 0.002016 0.002000 0.001035 0.000095 0.115240 0.007414 1.724021
0.873464 0.002016 0.001965 0.001018 0.000096 0.114026 0.007416 1.724202
0.874725 0.002021 0.001952 0.001007 0.000094 0.112784 0.007418 1.724391
0.875913 0.002026 0.001949 0.001006 0.000094 0.111593 0.007419 1.724586
0.877145 0.002032 0.001927 0.001007 0.000094 0.110375 0.007421 1.724769
0.878338 0.002024 0.001928 0.001006 0.000096 0.109186 0.007422 1.724978
0.879536 0.002016 0.001917 0.001011 0.000094 0.108004 0.007422 1.725184
0.880692 0.002031 0.001898 0.000999 0.000091 0.106866 0.007424 1.725366
0.881820 0.002002 0.001907 0.001001 0.000090 0.105756 0.007425 1.725588
0.882962 0.001977 0.001927 0.000993 0.000091 0.104625 0.007426 1.725798
0.884068 0.001968 0.001912 0.000985 0.000088 0.103551 0.007428 1.725988
0.885177 0.001975 0.001924 0.000989 0.000088 0.102419 0.007428 1.726177
0.886259 0.001984 0.001892 0.000986 0.000088 0.101360 0.007430 1.726359
0.887323 0.001988 0.001890 0.000971 0.000084 0.100313 0.007430 1.726558
0.888373 0.001998 0.001866 0.000955 0.000086 0.099293 0.007431 1.726737
0.889406 0.001999 0.001883 0.000959 0.000089 0.098232 0.007432 1.726943
0.890447 0.002005 0.001882 0.000954 0.000087 0.097192 0.007434 1.727137
0.891425 0.002015 0.001878 0.000959 0.000086 0.096202 0.007436 1.727324
0.892422 0.002009 0.001882 0.000971 0.000084 0.095195 0.007438 1.727521
0.893389 0.002021 0.001887 0.000963 0.000086 0.094217 0.007439 1.727721
0.894347 0.002017 0.001885 0.000959 0.000082 0.093269 0.007442 1.727916
0.895292 0.002031 0.001883 0.000954 0.000082 0.092317 0.007443 1.728108
0.896231 0.002039 0.001872 0.000955 0.000081 0.091379 0.007444 1.728305
0.897144 0.002043 0.001875 0.000947 0.000083 0.090462 0.007445 1.728510
0.898060 0.002051 0.001874 0.000940 0.000083 0.089546 0.007446 1.728699
0.899003 0.002053 0.001862 0.000939 0.000081 0.088614 0.007447 1.728897
0.899906 0.002031 0.001862 0.000947 0.000082 0.087726 0.007447 1.729109
0.900838 0.002028 0.001861 0.000940 0.000083 0.086803 0.007448 1.729300
0.901733 0.002014 0.001855 0.000952 0.000084 0.085913 0.007449 1.729503
0.902598 0.002012 0.001854 0.000944 0.000085 0.085058 0.007449 1.729692
0.903448 0.002021 0.001853 0.000920 0.000084 0.084225 0.007449 1.729883
0.904320 0.002009 0.001860 0.000930 0.000085 0.083347 0.007450 1.730095
0.905158 0.001979 0.001860 0.000940 0.000083 0.082530 0.007451 1.730302
0.905971 0.002000 0.001842 0.000941 0.000082 0.081712 0.007451 1.730484
0.906836 0.001989 0.001826 0.000943 0.000085 0.080870 0.007452 1.730678
0.907612 0.002007 0.001801 0.000938 0.000084 0.080104 0.007453 1.730855
0.908423 0.002016 0.001792 0.000936 0.000084 0.079297 0.007453 1.731042
0.909177 0.002040 0.001789 0.000934 0.000084 0.078523 0.007453 1.731234
0.909917 0.002032 0.001779 0.000941 0.000087 0.077790 0.007455 1.731434
0.910669 0.002018 0.001778 0.000940 0.000083 0.077056 0.007456 1.731627
0.911396 0.002034 0.001764 0.000943 0.000083 0.076323 0.007458 1.731817
0.912160 0.002036 0.001776 0.000928 0.000083 0.075557 0.007460 1.732008
0.912911 0.002023 0.001787 0.000944 0.000083 0.074790 0.007462 1.732213
0.913646 0.002018 0.001797 0.000959 0.000082 0.074035 0.007464 1.732415
0.914358 0.002016 0.001809 0.000949 0.000081 0.073324 0.007465 1.732614
0.915076 0.002004 0.001810 0.000944 0.000080 0.072619 0.007467 1.732808
0.915791 0.002002 0.001818 0.000942 0.000079 0.071898 0.007468 1.733019
0.916494 0.001993 0.001808 0.000952 0.000079 0.071205 0.007469 1.733213
0.917179 0.001992 0.001809 0.000944 0.000081 0.070527 0.007469 1.733404
0.917893 0.001984 0.001825 0.000941 0.000082 0.069806 0.007470 1.733607
0.918576 0.001986 0.001808 0.000950 0.000081 0.069129 0.007472 1.733793
0.919265 0.001994 0.001815 0.000946 0.000079 0.068429 0.007474 1.733979
0.919905 0.001971 0.001816 0.000946 0.000080 0.067808 0.007474 1.734172
0.920533 0.001977 0.001811 0.000945 0.000080 0.067179 0.007476 1.734365
0.921164 0.001979 0.001805 0.000943 0.000075 0.066554 0.007479 1.734554
0.921787 0.002006 0.001804 0.000933 0.000074 0.065917 0.007479 1.734728
0.922429 0.001979 0.001822 0.000937 0.000075 0.065279 0.007480 1.734947
0.923038 0.001989 0.001811 0.000946 0.000073 0.064661 0.007482 1.735140
0.923632 0.001990 0.001791 0.000947 0.000073 0.064086 0.007483 1.735333
0.924216 0.001975 0.001794 0.000961 0.000071 0.063501 0.007483 1.735545
0.924795 0.001981 0.001779 0.000963 0.000069 0.062930 0.007484 1.735734
0.925361 0.002006 0.001766 0.000954 0.000067 0.062361 0.007486 1.735917
0.925916 0.002019 0.001762 0.000942 0.000066 0.061809 0.007486 1.736100
0.926488 0.002002 0.001779 0.000948 0.000068 0.061227 0.007487 1.736312
0.927042 0.002018 0.001768 0.000946 0.000067 0.060672 0.007488 1.736499
0.927586 0.002022 0.001774 0.000949 0.000068 0.060112 0.007489 1.736700
0.928108 0.002034 0.001773 0.000952 0.000068 0.059577 0.007490 1.736890
0.928629 0.002033 0.001778 0.000961 0.000066 0.059044 0.007490 1.737091
0.929179 0.002024 0.001795 0.000960 0.000066 0.058487 0.007491 1.737298
0.929677 0.002013 0.001809 0.000959 0.000068 0.057983 0.007492 1.737504
0.930201 0.001995 0.001826 0.000964 0.000066 0.057456 0.007493 1.737711
0.930714 0.001989 0.001826 0.000960 0.000066 0.056949 0.007495 1.737913
0.931197 0.002002 0.001835 0.000954 0.000065 0.056452 0.007495 1.738098
0.931653 0.001989 0.001829 0.000954 0.000064 0.056013 0.007497 1.738291
0.932164 0.001993 0.001829 0.000955 0.000064 0.055497 0.007499 1.738482
0.932615 0.001995 0.001823 0.000955 0.000063 0.055048 0.007501 1.738672
0.933057 0.002003 0.001828 0.000933 0.000065 0.054613 0.007501 1.738857
0.933518 0.002031 0.001817 0.000939 0.000065 0.054129 0.007502 1.739037
0.933958 0.002034 0.001808 0.000935 0.000063 0.053701 0.007502 1.739238
0.934414 0.002018 0.001811 0.000930 0.000063 0.053263 0.007502 1.739450
0.934896 0.002023 0.001804 0.000927 0.000066 0.052781 0.007503 1.739639
0.935318 0.002038 0.001805 0.000925 0.000066 0.052344 0.007504 1.739830
0.935736 0.002046 0.001814 0.000934 0.000065 0.051901 0.007504 1.740033
0.936157 0.002035 0.001828 0.000940 0.000063 0.051473 0.007505 1.740245
0.936570 0.002040 0.001818 0.000948 0.000064 0.051056 0.007505 1.740447
0.936997 0.002035 0.001825 0.000964 0.000063 0.050610 0.007505 1.740641
0.937423 0.002029 0.001826 0.000967 0.000065 0.050185 0.007506 1.740843
0.937845 0.002043 0.001818 0.000958 0.000064 0.049766 0.007507 1.741037
0.938234 0.002042 0.001821 0.000963 0.000061 0.049368 0.007511 1.741235
0.938626 0.002026 0.001835 0.000963 0.000061 0.048978 0.007512 1.741442
0.938988 0.002037 0.001837 0.000957 0.000060 0.048610 0.007512 1.741638
0.939349 0.002049 0.001839 0.000970 0.000060 0.048220 0.007513 1.741843
0.939721 0.002039 0.001847 0.000971 0.000062 0.047846 0.007513 1.742054
0.940105 0.002033 0.001859 0.000984 0.000064 0.047442 0.007513 1.742268
0.940484 0.002050 0.001861 0.000988 0.000063 0.047042 0.007513 1.742461
0.940904 0.002041 0.001840 0.000985 0.000064 0.046652 0.007514 1.742655
0.941279 0.002030 0.001835 0.000981 0.000065 0.046297 0.007515 1.742861
0.941615 0.002037 0.001822 0.000978 0.000064 0.045970 0.007516 1.743061
0.941994 0.002049 0.001805 0.000983 0.000068 0.045585 0.007516 1.743260
0.942387 0.002046 0.001809 0.000981 0.000068 0.045194 0.007516 1.743460
0.942714 0.002052 0.001819 0.000979 0.000069 0.044849 0.007517 1.743658
0.943076 0.002034 0.001835 0.000983 0.000069 0.044485 0.007518 1.743869
0.943446 0.002034 0.001842 0.000976 0.000070 0.044114 0.007519 1.744064
0.943741 0.002054 0.001847 0.000991 0.000072 0.043776 0.007520 1.744268
0.944058 0.002056 0.001845 0.000984 0.000073 0.043463 0.007521 1.744471
0.944372 0.002082 0.001855 0.000985 0.000073 0.043112 0.007523 1.744668
0.944656 0.002088 0.001848 0.000984 0.000073 0.042828 0.007524 1.744879
0.944967 0.002089 0.001860 0.000974 0.000075 0.042512 0.007524 1.745097
0.945264 0.002122 0.001839 0.000983 0.000074 0.042194 0.007525 1.745279
0.945557 0.002156 0.001836 0.000976 0.000072 0.041877 0.007526 1.745472
0.945838 0.002157 0.001859 0.000988 0.000069 0.041559 0.007529 1.745684
0.946106 0.002157 0.001858 0.000973 0.000068 0.041307 0.007531 1.745881
0.946394 0.002172 0.001857 0.000975 0.000069 0.041003 0.007531 1.746090
0.946620 0.002192 0.001868 0.000991 0.000070 0.040729 0.007532 1.746314
0.946920 0.002170 0.001874 0.000996 0.000070 0.040436 0.007533 1.746535
0.947202 0.002161 0.001874 0.000999 0.000071 0.040159 0.007535 1.746742
0.947472 0.002165 0.001879 0.001005 0.000068 0.039876 0.007536 1.746951
0.947719 0.002189 0.001882 0.000999 0.000066 0.039609 0.007536 1.747155
0.947993 0.002149 0.001902 0.000998 0.000069 0.039352 0.007537 1.747388
0.948218 0.002155 0.001889 0.001004 0.000067 0.039127 0.007540 1.747601
0.948466 0.002147 0.001905 0.001017 0.000066 0.038859 0.007541 1.747820
0.948725 0.002145 0.001905 0.001014 0.000067 0.038602 0.007542 1.748024
0.948977 0.002159 0.001892 0.001018 0.000065 0.038346 0.007542 1.748217
0.949187 0.002165 0.001910 0.001003 0.000066 0.038127 0.007542 1.748429
0.949418 0.002200 0.001892 0.001003 0.000067 0.037878 0.007543 1.748626
0.949639 0.002213 0.001900 0.000998 0.000068 0.037639 0.007544 1.748828
0.949886 0.002223 0.001901 0.000991 0.000070 0.037384 0.007545 1.749027
0.950102 0.002237 0.001913 0.001009 0.000070 0.037124 0.007546 1.749240
0.950309 0.002255 0.001910 0.001019 0.000072 0.036889 0.007546 1.749460
0.950529 0.002237 0.001921 0.001039 0.000071 0.036658 0.007547 1.749697
0.950711 0.002258 0.001941 0.001045 0.000068 0.036428 0.007549 1.749914
0.950889 0.002247 0.001976 0.001037 0.000067 0.036234 0.007550 1.750157
0.951111 0.002227 0.001992 0.001034 0.000066 0.036020 0.007550 1.750383
0.951290 0.002237 0.002021 0.001035 0.000067 0.035800 0.007551 1.750599
0.951475 0.002256 0.002017 0.001032 0.000066 0.035604 0.007551 1.750810
0.951649 0.002233 0.002033 0.001042 0.000067 0.035425 0.007552 1.751061
0.951824 0.002248 0.002033 0.001037 0.000072 0.035235 0.007552 1.751275
0.952014 0.002250 0.002028 0.001026 0.000072 0.035059 0.007552 1.751490
0.952154 0.002277 0.002037 0.001034 0.000072 0.034873 0.007553 1.751712
0.952320 0.002295 0.002035 0.001030 0.000070 0.034697 0.007554 1.751917
0.952475 0.002317 0.002038 0.001030 0.000069 0.034516 0.007555 1.752141
0.952620 0.002349 0.002040 0.001028 0.000072 0.034336 0.007556 1.752354
0.952773 0.002350 0.002048 0.001047 0.000071 0.034155 0.007557 1.752596
0.952959 0.002356 0.002051 0.001046 0.000070 0.033960 0.007558 1.752814
0.953112 0.002352 0.002049 0.001051 0.000069 0.033808 0.007559 1.753054
0.953256 0.002397 0.002038 0.001046 0.000070 0.033635 0.007560 1.753263
0.953372 0.002427 0.002041 0.001048 0.000066 0.033486 0.007561 1.753486
0.953483 0.002464 0.002050 0.001061 0.000068 0.033313 0.007561 1.753723
0.953618 0.002473 0.002049 0.001061 0.000068 0.033170 0.007562 1.753955
0.953759 0.002465 0.002040 0.001089 0.000067 0.033017 0.007563 1.754205
0.953871 0.002465 0.002064 0.001106 0.000066 0.032865 0.007564 1.754455
0.954012 0.002470 0.002070 0.001097 0.000065 0.032722 0.007566 1.754677
0.954127 0.002470 0.002094 0.001112 0.000062 0.032568 0.007568 1.754926
0.954255 0.002453 0.002090 0.001115 0.000060 0.032457 0.007571 1.755169
0.954382 0.002447 0.002097 0.001130 0.000060 0.032312 0.007572 1.755411
0.954492 0.002429 0.002129 0.001131 0.000057 0.032190 0.007572 1.755668
0.954592 0.002442 0.002129 0.001109 0.000058 0.032098 0.007574 1.755908
0.954698 0.002464 0.002136 0.001103 0.000058 0.031967 0.007574 1.756140
0.954803 0.002457 0.002162 0.001109 0.000056 0.031839 0.007575 1.756387
0.954913 0.002453 0.002160 0.001114 0.000056 0.031728 0.007576 1.756634
0.954992 0.002476 0.002151 0.001124 0.000053 0.031627 0.007577 1.756867
0.955080 0.002506 0.002150 0.001123 0.000055 0.031509 0.007578 1.757103
0.955178 0.002481 0.002163 0.001122 0.000058 0.031419 0.007579 1.757365
0.955291 0.002485 0.002158 0.001137 0.000058 0.031291 0.007580 1.757605
0.955365 0.002495 0.002164 0.001127 0.000058 0.031210 0.007580 1.757849
0.955497 0.002498 0.002165 0.001123 0.000058 0.031080 0.007580 1.758086
0.955577 0.002519 0.002165 0.001138 0.000057 0.030963 0.007581 1.758319
0.955701 0.002506 0.002177 0.001137 0.000054 0.030840 0.007583 1.758564
0.955791 0.002520 0.002181 0.001148 0.000058 0.030720 0.007583 1.758803
0.955902 0.002501 0.002195 0.001167 0.000059 0.030593 0.007584 1.759067
0.955985 0.002502 0.002220 0.001150 0.000061 0.030498 0.007584 1.759315
0.956068 0.002501 0.002218 0.001149 0.000060 0.030418 0.007585 1.759562
0.956142 0.002518 0.002206 0.001150 0.000063 0.030336 0.007585 1.759799
0.956208 0.002521 0.002207 0.001133 0.000062 0.030282 0.007587 1.760046
0.956278 0.002505 0.002220 0.001145 0.000061 0.030202 0.007588 1.760308
0.956337 0.002510 0.002231 0.001142 0.000059 0.030131 0.007589 1.760559
0.956433 0.002471 0.002257 0.001155 0.000063 0.030032 0.007590 1.760830
0.956497 0.002482 0.002254 0.001166 0.000064 0.029947 0.007590 1.761069
0.956582 0.002512 0.002229 0.001169 0.000065 0.029852 0.007591 1.761285
0.956678 0.002523 0.002228 0.001175 0.000063 0.029741 0.007593 1.761529
0.956759 0.002539 0.002221 0.001174 0.000059 0.029653 0.007595 1.761766
0.956839 0.002524 0.002230 0.001173 0.000058 0.029581 0.007596 1.762017
0.956943 0.002531 0.002204 0.001174 0.000058 0.029494 0.007597 1.762251
0.956998 0.002556 0.002205 0.001170 0.000058 0.029416 0.007598 1.762490
0.957052 0.002551 0.002237 0.001166 0.000060 0.029335 0.007599 1.762747
0.957141 0.002541 0.002240 0.001179 0.000063 0.029237 0.007599 1.763007
0.957198 0.002537 0.002250 0.001186 0.000062 0.029168 0.007600 1.763267
0.957256 0.002562 0.002233 0.001185 0.000064 0.029100 0.007600 1.763499
0.957317 0.002525 0.002264 0.001197 0.000065 0.029029 0.007602 1.763771
0.957343 0.002538 0.002262 0.001206 0.000066 0.028982 0.007602 1.764023
0.957393 0.002546 0.002266 0.001212 0.000070 0.028911 0.007602 1.764278
0.957436 0.002581 0.002256 0.001216 0.000067 0.028839 0.007604 1.764526
0.957498 0.002585 0.002268 0.001216 0.000064 0.028763 0.007605 1.764770
0.957555 0.002575 0.002284 0.001223 0.000066 0.028692 0.007606 1.765029
0.957580 0.002609 0.002281 0.001208 0.000066 0.028651 0.007606 1.765276
0.957604 0.002620 0.002280 0.001200 0.000067 0.028622 0.007606 1.765525
0.957633 0.002628 0.002284 0.001201 0.000068 0.028579 0.007607 1.765775
0.957676 0.002635 0.002292 0.001203 0.000071 0.028515 0.007608 1.766025
0.957724 0.002590 0.002315 0.001213 0.000070 0.028479 0.007608 1.766314
0.957768 0.002619 0.002317 0.001214 0.000070 0.028404 0.007608 1.766555
0.957777 0.002629 0.002324 0.001210 0.000070 0.028380 0.007609 1.766817
0.957800 0.002624 0.002325 0.001213 0.000070 0.028360 0.007610 1.767078
0.957841 0.002614 0.002350 0.001215 0.000068 0.028301 0.007612 1.767351
0.957874 0.002625 0.002344 0.001215 0.000069 0.028257 0.007616 1.767607
0.957904 0.002632 0.002356 0.001214 0.000070 0.028209 0.007616 1.767878
0.957915 0.002634 0.002371 0.001222 0.000069 0.028173 0.007616 1.768150
0.957962 0.002637 0.002356 0.001222 0.000069 0.028136 0.007618 1.768396
0.957995 0.002618 0.002370 0.001227 0.000069 0.028104 0.007619 1.768678
0.958014 0.002650 0.002365 0.001227 0.000068 0.028056 0.007620 1.768922
0.958069 0.002674 0.002343 0.001237 0.000069 0.027989 0.007620 1.769176
0.958085 0.002672 0.002359 0.001234 0.000069 0.027961 0.007621 1.769441
0.958101 0.002669 0.002376 0.001249 0.000068 0.027917 0.007622 1.769721
0.958105 0.002670 0.002381 0.001266 0.000069 0.027887 0.007622 1.769994
0.958134 0.002669 0.002382 0.001262 0.000069 0.027862 0.007622 1.770258
0.958153 0.002686 0.002389 0.001252 0.000070 0.027827 0.007623 1.770518
0.958142 0.002731 0.002384 0.001259 0.000071 0.027790 0.007623 1.770768
0.958183 0.002745 0.002379 0.001247 0.000071 0.027751 0.007624 1.771025
0.958168 0.002757 0.002381 0.001277 0.000071 0.027721 0.007625 1.771319
0.958161 0.002749 0.002402 0.001292 0.000070 0.027701 0.007626 1.771608
0.958154 0.002768 0.002414 0.001301 0.000070 0.027666 0.007626 1.771870
0.958146 0.002759 0.002410 0.001311 0.000070 0.027678 0.007627 1.772150
0.958158 0.002775 0.002401 0.001312 0.000070 0.027657 0.007628 1.772409
0.958194 0.002761 0.002421 0.001316 0.000072 0.027608 0.007628 1.772685
0.958210 0.002761 0.002453 0.001291 0.000076 0.027581 0.007628 1.772965
0.958209 0.002761 0.002463 0.001282 0.000077 0.027578 0.007629 1.773242
0.958190 0.002779 0.002472 0.001288 0.000075 0.027567 0.007631 1.773523
0.958185 0.002802 0.002469 0.001292 0.000074 0.027546 0.007632 1.773794
0.958171 0.002838 0.002470 0.001287 0.000077 0.027525 0.007633 1.774062
0.958149 0.002861 0.002493 0.001289 0.000077 0.027499 0.007633 1.774345
0.958166 0.002856 0.002498 0.001290 0.000081 0.027475 0.007634 1.774630
0.958192 0.002847 0.002520 0.001304 0.000082 0.027421 0.007635 1.774922
0.958134 0.002857 0.002510 0.001309 0.000081 0.027472 0.007637 1.775216
0.958122 0.002862 0.002518 0.001305 0.000079 0.027479 0.007637 1.775506
0.958117 0.002864 0.002522 0.001309 0.000077 0.027474 0.007638 1.775795
0.958098 0.002897 0.002508 0.001295 0.000079 0.027485 0.007638 1.776056
0.958105 0.002893 0.002518 0.001309 0.000078 0.027457 0.007640 1.776343
0.958106 0.002917 0.002535 0.001315 0.000078 0.027410 0.007640 1.776621
0.958069 0.002936 0.002519 0.001325 0.000077 0.027433 0.007641 1.776900
0.958040 0.002927 0.002544 0.001349 0.000078 0.027421 0.007641 1.777212
0.958054 0.002921 0.002541 0.001358 0.000078 0.027405 0.007642 1.777499
0.958037 0.002920 0.002539 0.001361 0.000076 0.027423 0.007644 1.777796
0.958014 0.002922 0.002550 0.001381 0.000075 0.027411 0.007646 1.778093
0.958000 0.002913 0.002538 0.001392 0.000078 0.027433 0.007647 1.778383
0.958016 0.002903 0.002548 0.001401 0.000075 0.027409 0.007649 1.778667
0.957976 0.002948 0.002559 0.001402 0.000076 0.027390 0.007649 1.778942
0.957974 0.002941 0.002584 0.001395 0.000078 0.027379 0.007650 1.779237
0.957958 0.002938 0.002577 0.001388 0.000080 0.027409 0.007650 1.779532
0.957951 0.002947 0.002589 0.001383 0.000084 0.027397 0.007651 1.779820
0.957900 0.002979 0.002599 0.001378 0.000088 0.027406 0.007651 1.780106
0.957860 0.002975 0.002604 0.001380 0.000089 0.027440 0.007652 1.780404
0.957864 0.002975 0.002605 0.001394 0.000084 0.027425 0.007655 1.780693
0.957834 0.002973 0.002613 0.001401 0.000084 0.027440 0.007656 1.780990
0.957836 0.002976 0.002602 0.001394 0.000085 0.027449 0.007658 1.781264
0.957813 0.002995 0.002598 0.001402 0.000087 0.027447 0.007659 1.781555
0.957803 0.002994 0.002585 0.001403 0.000090 0.027466 0.007659 1.781847
0.957811 0.002979 0.002602 0.001395 0.000088 0.027465 0.007661 1.782133
0.957813 0.002991 0.002599 0.001384 0.000085 0.027465 0.007663 1.782418
0.957779 0.003021 0.002620 0.001373 0.000083 0.027458 0.007665 1.782703
0.957780 0.002995 0.002632 0.001390 0.000084 0.027451 0.007667 1.783004
0.957764 0.003010 0.002643 0.001388 0.000084 0.027443 0.007667 1.783295
0.957766 0.002988 0.002678 0.001373 0.000083 0.027443 0.007669 1.783596
0.957739 0.002987 0.002662 0.001388 0.000084 0.027472 0.007669 1.783900
0.957723 0.003001 0.002670 0.001382 0.000087 0.027468 0.007670 1.784186
0.957700 0.003016 0.002673 0.001389 0.000086 0.027466 0.007671 1.784484
0.957676 0.003017 0.002693 0.001384 0.000084 0.027474 0.007673 1.784786
0.957652 0.003014 0.002682 0.001413 0.000083 0.027483 0.007674 1.785086
0.957655 0.003017 0.002684 0.001416 0.000085 0.027469 0.007675 1.785370
0.957610 0.003020 0.002684 0.001428 0.000085 0.027499 0.007676 1.785665
0.957568 0.003066 0.002676 0.001417 0.000085 0.027512 0.007677 1.785935
0.957534 0.003089 0.002674 0.001403 0.000085 0.027536 0.007678 1.786231
0.957525 0.003107 0.002668 0.001416 0.000085 0.027520 0.007680 1.786527
0.957507 0.003094 0.002689 0.001436 0.000085 0.027509 0.007680 1.786851
0.957456 0.003124 0.002698 0.001435 0.000086 0.027519 0.007682 1.787150
0.957420 0.003129 0.002705 0.001444 0.000085 0.027534 0.007684 1.787464
0.957404 0.003125 0.002705 0.001436 0.000084 0.027559 0.007686 1.787752
0.957386 0.003114 0.002744 0.001434 0.000087 0.027549 0.007686 1.788068
0.957362 0.003144 0.002735 0.001435 0.000087 0.027549 0.007689 1.788356
0.957327 0.003149 0.002747 0.001449 0.000085 0.027553 0.007690 1.788670
0.957324 0.003133 0.002765 0.001454 0.000083 0.027551 0.007690 1.788985
0.957290 0.003117 0.002772 0.001469 0.000085 0.027575 0.007691 1.789319
0.957248 0.003135 0.002802 0.001464 0.000087 0.027572 0.007693 1.789618
0.957200 0.003163 0.002782 0.001458 0.000089 0.027614 0.007693 1.789912
0.957186 0.003148 0.002786 0.001465 0.000087 0.027634 0.007693 1.790234
0.957139 0.003150 0.002789 0.001459 0.000088 0.027681 0.007694 1.790542
0.957128 0.003144 0.002782 0.001470 0.000089 0.027693 0.007695 1.790856
0.957105 0.003163 0.002769 0.001474 0.000088 0.027705 0.007696 1.791149
0.957052 0.003205 0.002752 0.001472 0.000090 0.027731 0.007698 1.791430
0.957013 0.003206 0.002754 0.001487 0.000090 0.027753 0.007698 1.791737
0.956995 0.003192 0.002764 0.001488 0.000091 0.027771 0.007698 1.792058
0.956987 0.003185 0.002764 0.001498 0.000091 0.027774 0.007701 1.792368
0.956977 0.003151 0.002775 0.001495 0.000092 0.027807 0.007703 1.792691
0.956927 0.003169 0.002776 0.001495 0.000093 0.027836 0.007704 1.792989
0.956908 0.003132 0.002792 0.001496 0.000090 0.027875 0.007707 1.793327
0.956886 0.003144 0.002785 0.001484 0.000088 0.027906 0.007708 1.793622
0.956850 0.003170 0.002776 0.001472 0.000088 0.027936 0.007709 1.793916
0.956827 0.003153 0.002799 0.001479 0.000089 0.027942 0.007710 1.794240
0.956814 0.003147 0.002779 0.001485 0.000089 0.027974 0.007711 1.794549
0.956776 0.003175 0.002769 0.001471 0.000090 0.028007 0.007711 1.794838
0.956754 0.003143 0.002796 0.001475 0.000092 0.028026 0.007713 1.795165
0.956707 0.003162 0.002802 0.001486 0.000095 0.028035 0.007713 1.795475
0.956675 0.003171 0.002805 0.001488 0.000096 0.028051 0.007715 1.795784
0.956656 0.003144 0.002810 0.001498 0.000096 0.028079 0.007716 1.796104
0.956621 0.003143 0.002817 0.001507 0.000095 0.028100 0.007717 1.796417
0.956607 0.003129 0.002830 0.001505 0.000095 0.028114 0.007719 1.796730
0.956553 0.003187 0.002808 0.001485 0.000099 0.028148 0.007720 1.797006
0.956523 0.003206 0.002802 0.001484 0.000096 0.028167 0.007721 1.797314
0.956487 0.003191 0.002828 0.001477 0.000097 0.028199 0.007723 1.797636
0.956451 0.003205 0.002829 0.001477 0.000097 0.028217 0.007724 1.797946
0.956441 0.003197 0.002826 0.001485 0.000098 0.028228 0.007725 1.798255
0.956404 0.003220 0.002812 0.001482 0.000097 0.028258 0.007725 1.798555
0.956402 0.003208 0.002835 0.001467 0.000098 0.028263 0.007725 1.798871
0.956397 0.003191 0.002829 0.001461 0.000099 0.028297 0.007726 1.799187
0.956359 0.003197 0.002808 0.001469 0.000099 0.028341 0.007727 1.799498
0.956341 0.003186 0.002802 0.001475 0.000099 0.028367 0.007729 1.799817
0.956307 0.003187 0.002797 0.001481 0.000100 0.028396 0.007731 1.800133
0.956275 0.003209 0.002790 0.001473 0.000098 0.028421 0.007733 1.800425
0.956230 0.003207 0.002792 0.001479 0.000095 0.028463 0.007734 1.800754
0.956219 0.003212 0.002771 0.001489 0.000095 0.028480 0.007734 1.801057
0.956186 0.003214 0.002781 0.001494 0.000091 0.028498 0.007737 1.801366
0.956161 0.003234 0.002765 0.001504 0.000090 0.028510 0.007737 1.801663
0.956142 0.003227 0.002793 0.001503 0.000089 0.028507 0.007738 1.801977
0.956116 0.003206 0.002803 0.001510 0.000089 0.028534 0.007741 1.802303
0.956093 0.003197 0.002818 0.001514 0.000091 0.028545 0.007742 1.802620
0.956071 0.003212 0.002807 0.001510 0.000092 0.028564 0.007743 1.802922
0.956018 0.003196 0.002827 0.001520 0.000092 0.028603 0.007745 1.803262
0.955983 0.003201 0.002825 0.001516 0.000089 0.028641 0.007745 1.803579
0.955975 0.003164 0.002846 0.001525 0.000086 0.028655 0.007749 1.803902
0.955959 0.003157 0.002842 0.001527 0.000084 0.028679 0.007751 1.804214
0.955933 0.003207 0.002822 0.001524 0.000086 0.028675 0.007752 1.804507
0.955911 0.003189 0.002845 0.001520 0.000087 0.028695 0.007753 1.804833
0.955894 0.003172 0.002860 0.001519 0.000087 0.028714 0.007755 1.805158
0.955859 0.003184 0.002863 0.001510 0.000087 0.028739 0.007758 1.805469
0.955844 0.003182 0.002873 0.001508 0.000090 0.028743 0.007760 1.805788
0.955792 0.003174 0.002885 0.001514 0.000091 0.028784 0.007760 1.806117
0.955725 0.003196 0.002859 0.001513 0.000088 0.028857 0.007762 1.806424
0.955699 0.003168 0.002876 0.001513 0.000090 0.028891 0.007763 1.806771
0.955684 0.003159 0.002859 0.001524 0.000090 0.028919 0.007763 1.807087
0.955620 0.003190 0.002864 0.001527 0.000091 0.028944 0.007765 1.807399
0.955581 0.003217 0.002870 0.001508 0.000092 0.028967 0.007765 1.807703
0.955562 0.003233 0.002853 0.001503 0.000093 0.028987 0.007767 1.807994
0.955512 0.003242 0.002873 0.001487 0.000093 0.029025 0.007768 1.808306
0.955492 0.003252 0.002860 0.001475 0.000097 0.029055 0.007768 1.808616
0.955456 0.003284 0.002863 0.001473 0.000100 0.029055 0.007769 1.808922
0.955394 0.003304 0.002881 0.001479 0.000098 0.029070 0.007773 1.809248
0.955401 0.003280 0.002917 0.001489 0.000096 0.029043 0.007775 1.809579
0.955342 0.003274 0.002913 0.001491 0.000096 0.029107 0.007776 1.809911
0.955305 0.003289 0.002893 0.001491 0.000097 0.029148 0.007776 1.810219
0.955291 0.003290 0.002869 0.001490 0.000099 0.029183 0.007777 1.810530
0.955261 0.003295 0.002863 0.001494 0.000101 0.029206 0.007779 1.810843
0.955228 0.003292 0.002863 0.001518 0.000103 0.029215 0.007782 1.811168
0.955241 0.003280 0.002860 0.001515 0.000100 0.029221 0.007783 1.811485
0.955218 0.003292 0.002860 0.001510 0.000099 0.029236 0.007785 1.811793
0.955190 0.003310 0.002856 0.001523 0.000098 0.029237 0.007786 1.812100
0.955164 0.003316 0.002873 0.001533 0.000098 0.029229 0.007787 1.812423
0.955150 0.003295 0.002913 0.001535 0.000093 0.029225 0.007789 1.812769
0.955099 0.003302 0.002913 0.001532 0.000092 0.029270 0.007790 1.813103
0.955050 0.003291 0.002914 0.001534 0.000089 0.029330 0.007792 1.813433
0.955004 0.003288 0.002906 0.001548 0.000094 0.029365 0.007794 1.813760
0.954959 0.003302 0.002926 0.001560 0.000096 0.029362 0.007795 1.814090
0.954928 0.003312 0.002939 0.001557 0.000096 0.029371 0.007797 1.814409
0.954883 0.003310 0.002942 0.001552 0.000097 0.029416 0.007798 1.814740
0.954843 0.003302 0.002966 0.001560 0.000098 0.029433 0.007798 1.815076
0.954847 0.003261 0.002974 0.001552 0.000097 0.029468 0.007800 1.815408
0.954836 0.003270 0.002986 0.001551 0.000098 0.029457 0.007800 1.815725
0.954810 0.003271 0.002973 0.001527 0.000099 0.029516 0.007802 1.816038
0.954790 0.003245 0.002974 0.001523 0.000102 0.029563 0.007802 1.816372
0.954765 0.003242 0.002977 0.001509 0.000104 0.029598 0.007803 1.816684
0.954766 0.003226 0.002982 0.001517 0.000105 0.029600 0.007803 1.817007
0.954759 0.003238 0.002966 0.001500 0.000104 0.029626 0.007805 1.817315
0.954729 0.003240 0.002975 0.001496 0.000106 0.029646 0.007807 1.817628
0.954704 0.003244 0.002953 0.001513 0.000107 0.029672 0.007807 1.817944
0.954708 0.003222 0.002970 0.001528 0.000103 0.029659 0.007809 1.818281
0.954695 0.003226 0.002954 0.001539 0.000102 0.029675 0.007809 1.818596
0.954665 0.003219 0.002963 0.001532 0.000102 0.029709 0.007810 1.818917
0.954674 0.003213 0.002952 0.001513 0.000101 0.029736 0.007811 1.819221
0.954655 0.003208 0.002955 0.001528 0.000102 0.029739 0.007812 1.819556
0.954602 0.003220 0.002966 0.001539 0.000100 0.029759 0.007814 1.819892
0.954561 0.003210 0.002986 0.001568 0.000099 0.029758 0.007816 1.820242
0.954538 0.003233 0.002974 0.001543 0.000102 0.029793 0.007817 1.820543
0.954485 0.003281 0.002961 0.001532 0.000101 0.029822 0.007817 1.820849
0.954465 0.003303 0.002964 0.001520 0.000106 0.029823 0.007818 1.821170
0.954428 0.003295 0.002971 0.001527 0.000103 0.029855 0.007820 1.821510
0.954434 0.003297 0.002965 0.001518 0.000105 0.029860 0.007820 1.821824
0.954417 0.003306 0.002947 0.001532 0.000102 0.029872 0.007824 1.822143
0.954428 0.003285 0.002955 0.001520 0.000106 0.029882 0.007825 1.822478
0.954409 0.003301 0.002941 0.001501 0.000106 0.029916 0.007826 1.822783
0.954354 0.003303 0.002958 0.001512 0.000107 0.029936 0.007828 1.823124
0.954326 0.003292 0.002959 0.001536 0.000106 0.029951 0.007830 1.823471
