0.348154 0.062218 0.055584 0.031880 0.002096 0.494084 0.005985 1.619804
0.350738 0.059754 0.055494 0.031696 0.002100 0.494202 0.006017 1.625811
0.354195 0.056780 0.055306 0.031431 0.002090 0.494154 0.006044 1.631550
0.358120 0.053532 0.054930 0.031061 0.002086 0.494195 0.006076 1.636985
0.362280 0.050491 0.054331 0.030558 0.002077 0.494156 0.006106 1.641957
0.366806 0.047357 0.053604 0.030042 0.002072 0.493989 0.006130 1.646749
0.371505 0.044210 0.052896 0.029464 0.002057 0.493707 0.006161 1.651347
0.376393 0.041231 0.052082 0.028840 0.002052 0.493211 0.006190 1.655653
0.381381 0.038475 0.051052 0.028146 0.002054 0.492680 0.006213 1.659586
0.386354 0.036008 0.049858 0.027400 0.002049 0.492093 0.006236 1.663170
0.391485 0.033582 0.048598 0.026655 0.002034 0.491384 0.006262 1.666605
0.396708 0.031343 0.047233 0.025844 0.002019 0.490574 0.006280 1.669801
0.402018 0.029266 0.045973 0.024991 0.002007 0.489434 0.006312 1.672754
0.407336 0.027319 0.044586 0.024085 0.001984 0.488353 0.006336 1.675509
0.412622 0.025497 0.043223 0.023232 0.001965 0.487099 0.006360 1.678106
0.417977 0.023789 0.041817 0.022453 0.001950 0.485625 0.006388 1.680562
0.423447 0.022221 0.040381 0.021602 0.001941 0.483995 0.006413 1.682806
0.428776 0.020773 0.038915 0.020799 0.001936 0.482364 0.006437 1.684919
0.434152 0.019409 0.037562 0.020039 0.001925 0.480453 0.006460 1.686947
0.439494 0.018151 0.036174 0.019149 0.001910 0.478634 0.006487 1.688768
0.444891 0.016992 0.034765 0.018412 0.001866 0.476558 0.006516 1.690484
0.450317 0.015929 0.033394 0.017687 0.001851 0.474284 0.006536 1.692079
0.455758 0.014953 0.032063 0.016931 0.001820 0.471916 0.006559 1.693562
0.461240 0.014048 0.030785 0.016231 0.001799 0.469316 0.006580 1.694975
0.466603 0.013178 0.029590 0.015528 0.001769 0.466731 0.006601 1.696331
0.471954 0.012359 0.028323 0.014874 0.001734 0.464127 0.006629 1.697585
0.477310 0.011620 0.027181 0.014200 0.001704 0.461338 0.006647 1.698761
0.482699 0.010918 0.026054 0.013605 0.001668 0.458382 0.006672 1.699873
0.487996 0.010289 0.024945 0.012995 0.001638 0.455445 0.006692 1.700903
0.493197 0.009698 0.023850 0.012352 0.001603 0.452583 0.006718 1.701863
0.498435 0.009124 0.022824 0.011772 0.001569 0.449538 0.006739 1.702812
0.503768 0.008607 0.021787 0.011218 0.001539 0.446324 0.006756 1.703673
0.509043 0.008095 0.020863 0.010702 0.001514 0.443008 0.006774 1.704527
0.514235 0.007632 0.019916 0.010214 0.001474 0.439736 0.006795 1.705316
0.519429 0.007219 0.019032 0.009746 0.001434 0.436323 0.006818 1.706051
0.524562 0.006831 0.018173 0.009277 0.001395 0.432928 0.006835 1.706735
0.529621 0.006485 0.017316 0.008841 0.001366 0.429520 0.006851 1.707372
0.534692 0.006180 0.016528 0.008401 0.001335 0.425992 0.006872 1.707963
0.539689 0.005884 0.015748 0.008004 0.001301 0.422482 0.006892 1.708530
0.544704 0.005581 0.015042 0.007609 0.001272 0.418882 0.006911 1.709104
0.549686 0.005296 0.014407 0.007251 0.001239 0.415189 0.006931 1.709653
0.554656 0.005016 0.013693 0.006898 0.001202 0.411584 0.006952 1.710181
0.559537 0.004787 0.013047 0.006571 0.001175 0.407919 0.006964 1.710645
0.564377 0.004556 0.012380 0.006268 0.001153 0.404288 0.006978 1.711097
0.569067 0.004365 0.011771 0.005983 0.001125 0.400693 0.006996 1.711518
0.573806 0.004144 0.011234 0.005697 0.001093 0.397016 0.007011 1.711948
0.578495 0.003957 0.010708 0.005440 0.001078 0.393301 0.007021 1.712343
0.583107 0.003769 0.010187 0.005198 0.001052 0.389651 0.007037 1.712745
0.587769 0.003603 0.009730 0.004960 0.001025 0.385864 0.007049 1.713104
0.592355 0.003475 0.009266 0.004748 0.000995 0.382091 0.007069 1.713431
0.596898 0.003287 0.008864 0.004521 0.000973 0.378374 0.007082 1.713791
0.601478 0.003173 0.008413 0.004292 0.000950 0.374604 0.007090 1.714079
0.605874 0.003043 0.008014 0.004103 0.000926 0.370940 0.007099 1.714389
0.610399 0.002916 0.007620 0.003902 0.000903 0.367153 0.007108 1.714676
0.614951 0.002786 0.007291 0.003712 0.000878 0.363262 0.007120 1.714958
0.619327 0.002680 0.006946 0.003528 0.000852 0.359541 0.007126 1.715221
0.623623 0.002565 0.006633 0.003373 0.000824 0.355845 0.007138 1.715482
0.627883 0.002457 0.006338 0.003206 0.000805 0.352160 0.007152 1.715731
0.632062 0.002381 0.006034 0.003057 0.000782 0.348520 0.007164 1.715949
0.636217 0.002296 0.005746 0.002905 0.000751 0.344910 0.007175 1.716166
0.640417 0.002217 0.005486 0.002760 0.000725 0.341207 0.007188 1.716380
0.644540 0.002131 0.005224 0.002634 0.000695 0.337576 0.007201 1.716589
0.648652 0.002053 0.004981 0.002519 0.000678 0.333908 0.007209 1.716791
0.652656 0.001985 0.004770 0.002388 0.000662 0.330324 0.007216 1.716980
0.656715 0.001907 0.004566 0.002280 0.000640 0.326666 0.007226 1.717178
0.660685 0.001850 0.004340 0.002174 0.000621 0.323096 0.007236 1.717357
0.664559 0.001778 0.004135 0.002089 0.000603 0.319595 0.007242 1.717530
0.668418 0.001707 0.003964 0.002000 0.000587 0.316074 0.007251 1.717707
0.672215 0.001638 0.003783 0.001925 0.000579 0.312605 0.007257 1.717878
0.676047 0.001589 0.003628 0.001849 0.000560 0.309060 0.007267 1.718030
0.679825 0.001530 0.003455 0.001777 0.000543 0.305593 0.007276 1.718190
0.683466 0.001476 0.003298 0.001688 0.000531 0.302257 0.007284 1.718337
0.687101 0.001421 0.003163 0.001606 0.000514 0.298904 0.007293 1.718485
0.690603 0.001394 0.003028 0.001528 0.000494 0.295656 0.007299 1.718613
0.694211 0.001351 0.002888 0.001459 0.000481 0.292308 0.007304 1.718745
0.697718 0.001307 0.002769 0.001402 0.000463 0.289033 0.007309 1.718872
0.701200 0.001263 0.002673 0.001344 0.000454 0.285755 0.007313 1.719002
0.704659 0.001211 0.002578 0.001294 0.000438 0.282503 0.007318 1.719131
0.708154 0.001174 0.002480 0.001240 0.000426 0.279202 0.007325 1.719253
0.711559 0.001143 0.002355 0.001171 0.000412 0.276030 0.007332 1.719347
0.714942 0.001116 0.002265 0.001123 0.000397 0.272817 0.007340 1.719450
0.718268 0.001074 0.002201 0.001078 0.000383 0.269651 0.007346 1.719567
0.721579 0.001044 0.002133 0.001033 0.000367 0.266493 0.007351 1.719673
0.724781 0.001022 0.002053 0.000987 0.000355 0.263445 0.007358 1.719774
0.727988 0.000982 0.001962 0.000968 0.000344 0.260393 0.007363 1.719881
0.731139 0.000952 0.001899 0.000924 0.000335 0.257385 0.007367 1.719972
0.734216 0.000926 0.001833 0.000883 0.000326 0.254446 0.007372 1.720061
0.737303 0.000882 0.001763 0.000858 0.000318 0.251502 0.007375 1.720161
0.740389 0.000859 0.001689 0.000825 0.000309 0.248548 0.007381 1.720241
0.743439 0.000847 0.001622 0.000793 0.000297 0.245616 0.007387 1.720322
0.746411 0.000844 0.001548 0.000767 0.000289 0.242752 0.007391 1.720391
0.749419 0.000805 0.001506 0.000740 0.000278 0.239856 0.007397 1.720482
0.752374 0.000776 0.001452 0.000709 0.000266 0.237022 0.007403 1.720559
0.755267 0.000754 0.001400 0.000690 0.000254 0.234228 0.007409 1.720635
0.758178 0.000736 0.001354 0.000663 0.000245 0.231410 0.007416 1.720699
0.760983 0.000720 0.001313 0.000641 0.000239 0.228688 0.007418 1.720770
0.763840 0.000696 0.001276 0.000618 0.000229 0.225921 0.007422 1.720847
0.766585 0.000673 0.001244 0.000597 0.000221 0.223254 0.007427 1.720922
0.769294 0.000646 0.001204 0.000580 0.000215 0.220634 0.007429 1.720994
0.771949 0.000626 0.001164 0.000555 0.000207 0.218068 0.007432 1.721059
0.774601 0.000615 0.001111 0.000534 0.000200 0.215506 0.007434 1.721114
0.777237 0.000606 0.001071 0.000514 0.000194 0.212945 0.007435 1.721170
0.779867 0.000594 0.001030 0.000498 0.000188 0.210384 0.007440 1.721226
0.782435 0.000580 0.000997 0.000487 0.000181 0.207880 0.007442 1.721290
0.784936 0.000569 0.000964 0.000473 0.000176 0.205440 0.007443 1.721342
0.787449 0.000544 0.000941 0.000458 0.000171 0.202995 0.007444 1.721402
0.789898 0.000525 0.000908 0.000447 0.000166 0.200611 0.007446 1.721458
0.792392 0.000507 0.000885 0.000434 0.000160 0.198173 0.007450 1.721508
0.794856 0.000490 0.000851 0.000418 0.000155 0.195778 0.007452 1.721557
0.797225 0.000481 0.000832 0.000402 0.000152 0.193456 0.007453 1.721604
0.799628 0.000468 0.000813 0.000385 0.000148 0.191104 0.007456 1.721651
0.801933 0.000449 0.000794 0.000381 0.000143 0.188842 0.007459 1.721706
0.804313 0.000448 0.000761 0.000372 0.000139 0.186509 0.007460 1.721743
0.806576 0.000443 0.000726 0.000356 0.000138 0.184301 0.007461 1.721783
0.808742 0.000427 0.000716 0.000346 0.000135 0.182171 0.007462 1.721833
0.810927 0.000412 0.000696 0.000335 0.000130 0.180036 0.007465 1.721878
0.813159 0.000398 0.000672 0.000324 0.000128 0.177853 0.007466 1.721922
0.815293 0.000400 0.000655 0.000315 0.000123 0.175746 0.007470 1.721959
0.817427 0.000388 0.000642 0.000305 0.000120 0.173646 0.007473 1.722003
0.819602 0.000381 0.000626 0.000298 0.000115 0.171504 0.007474 1.722042
0.821720 0.000370 0.000615 0.000287 0.000112 0.169421 0.007476 1.722079
0.823794 0.000363 0.000593 0.000277 0.000108 0.167387 0.007479 1.722108
0.825853 0.000361 0.000576 0.000268 0.000103 0.165359 0.007480 1.722136
0.827876 0.000354 0.000561 0.000261 0.000100 0.163368 0.007481 1.722172
0.829885 0.000340 0.000545 0.000254 0.000097 0.161398 0.007482 1.722210
0.831912 0.000337 0.000528 0.000243 0.000094 0.159404 0.007482 1.722236
0.833879 0.000328 0.000515 0.000236 0.000091 0.157468 0.007483 1.722272
0.835771 0.000328 0.000493 0.000227 0.000089 0.155608 0.007484 1.722296
0.837702 0.000318 0.000478 0.000220 0.000085 0.153710 0.007487 1.722327
0.839532 0.000311 0.000461 0.000217 0.000081 0.151910 0.007489 1.722353
0.841391 0.000298 0.000455 0.000215 0.000077 0.150074 0.007491 1.722387
0.843189 0.000284 0.000450 0.000207 0.000072 0.148305 0.007494 1.722417
0.844978 0.000284 0.000436 0.000205 0.000067 0.146535 0.007495 1.722442
0.846726 0.000282 0.000424 0.000199 0.000065 0.144808 0.007496 1.722468
0.848444 0.000275 0.000410 0.000193 0.000063 0.143119 0.007497 1.722495
0.850170 0.000266 0.000391 0.000185 0.000063 0.141429 0.007498 1.722521
0.851834 0.000264 0.000377 0.000181 0.000060 0.139786 0.007499 1.722540
0.853461 0.000255 0.000371 0.000177 0.000060 0.138177 0.007499 1.722567
0.855126 0.000255 0.000357 0.000170 0.000057 0.136535 0.007500 1.722586
0.856704 0.000251 0.000352 0.000165 0.000055 0.134971 0.007502 1.722609
0.858272 0.000252 0.000341 0.000160 0.000056 0.133416 0.007502 1.722628
0.859807 0.000252 0.000326 0.000155 0.000054 0.131903 0.007502 1.722648
0.861361 0.000243 0.000320 0.000155 0.000050 0.130367 0.007505 1.722676
0.862851 0.000239 0.000314 0.000150 0.000048 0.128892 0.007506 1.722700
0.864316 0.000234 0.000310 0.000144 0.000046 0.127442 0.007508 1.722722
0.865816 0.000233 0.000301 0.000133 0.000044 0.125964 0.007509 1.722740
0.867280 0.000221 0.000295 0.000133 0.000044 0.124519 0.007509 1.722766
0.868668 0.000217 0.000285 0.000130 0.000043 0.123148 0.007509 1.722784
0.870035 0.000213 0.000281 0.000127 0.000043 0.121791 0.007510 1.722809
0.871414 0.000202 0.000281 0.000123 0.000042 0.120428 0.007510 1.722831
0.872754 0.000194 0.000273 0.000123 0.000041 0.119104 0.007511 1.722856
0.874026 0.000190 0.000263 0.000122 0.000042 0.117846 0.007511 1.722875
0.875288 0.000189 0.000257 0.000118 0.000041 0.116596 0.007512 1.722888
0.876472 0.000176 0.000257 0.000120 0.000040 0.115423 0.007512 1.722915
0.877699 0.000174 0.000248 0.000116 0.000040 0.114211 0.007513 1.722931
0.878848 0.000168 0.000239 0.000113 0.000040 0.113080 0.007513 1.722946
0.880011 0.000163 0.000229 0.000107 0.000040 0.111936 0.007513 1.722960
0.881070 0.000160 0.000221 0.000104 0.000038 0.110893 0.007515 1.722973
0.882185 0.000151 0.000211 0.000104 0.000037 0.109798 0.007515 1.722992
0.883256 0.000147 0.000208 0.000099 0.000036 0.108739 0.007515 1.723007
0.884291 0.000145 0.000202 0.000101 0.000034 0.107712 0.007516 1.723022
0.885349 0.000137 0.000197 0.000102 0.000033 0.106666 0.007517 1.723037
0.886345 0.000133 0.000192 0.000100 0.000031 0.105680 0.007518 1.723052
0.887264 0.000131 0.000188 0.000096 0.000031 0.104772 0.007518 1.723065
0.888214 0.000126 0.000192 0.000094 0.000029 0.103827 0.007519 1.723081
0.889130 0.000123 0.000185 0.000090 0.000027 0.102925 0.007519 1.723094
0.890047 0.000120 0.000177 0.000091 0.000025 0.102019 0.007520 1.723110
0.890940 0.000118 0.000175 0.000089 0.000024 0.101132 0.007521 1.723122
0.891818 0.000117 0.000176 0.000084 0.000023 0.100261 0.007522 1.723135
0.892716 0.000118 0.000167 0.000081 0.000023 0.099373 0.007523 1.723144
0.893564 0.000119 0.000162 0.000077 0.000022 0.098532 0.007523 1.723155
0.894363 0.000117 0.000151 0.000079 0.000022 0.097745 0.007523 1.723171
0.895137 0.000115 0.000142 0.000079 0.000022 0.096981 0.007523 1.723186
0.895882 0.000117 0.000139 0.000073 0.000022 0.096243 0.007524 1.723195
0.896646 0.000121 0.000137 0.000068 0.000022 0.095482 0.007524 1.723202
0.897357 0.000117 0.000135 0.000067 0.000020 0.094777 0.007525 1.723217
0.898044 0.000117 0.000134 0.000067 0.000020 0.094092 0.007525 1.723230
0.898743 0.000119 0.000131 0.000063 0.000020 0.093397 0.007526 1.723241
0.899434 0.000119 0.000133 0.000062 0.000021 0.092705 0.007526 1.723254
0.900121 0.000115 0.000131 0.000061 0.000020 0.092026 0.007526 1.723267
0.900757 0.000113 0.000130 0.000062 0.000020 0.091392 0.007526 1.723278
0.901400 0.000111 0.000128 0.000059 0.000019 0.090755 0.007527 1.723289
0.901997 0.000111 0.000122 0.000059 0.000018 0.090165 0.007527 1.723299
0.902568 0.000106 0.000123 0.000057 0.000017 0.089601 0.007528 1.723311
0.903147 0.000107 0.000125 0.000051 0.000016 0.089026 0.007528 1.723321
0.903679 0.000104 0.000123 0.000050 0.000013 0.088500 0.007529 1.723332
0.904203 0.000107 0.000118 0.000050 0.000013 0.087980 0.007529 1.723339
0.904717 0.000106 0.000117 0.000049 0.000013 0.087469 0.007529 1.723348
0.905224 0.000109 0.000115 0.000048 0.000012 0.086964 0.007529 1.723356
0.905724 0.000105 0.000112 0.000048 0.000012 0.086470 0.007529 1.723366
0.906214 0.000102 0.000115 0.000046 0.000012 0.085980 0.007529 1.723375
0.906687 0.000105 0.000110 0.000044 0.000012 0.085514 0.007529 1.723381
0.907142 0.000104 0.000110 0.000045 0.000012 0.085056 0.007529 1.723390
0.907572 0.000104 0.000104 0.000047 0.000012 0.084630 0.007529 1.723398
0.908020 0.000103 0.000105 0.000046 0.000012 0.084186 0.007529 1.723407
0.908461 0.000102 0.000106 0.000046 0.000012 0.083743 0.007529 1.723414
0.908884 0.000099 0.000107 0.000043 0.000010 0.083327 0.007529 1.723424
0.909278 0.000098 0.000109 0.000043 0.000010 0.082932 0.007530 1.723432
0.909669 0.000098 0.000103 0.000041 0.000010 0.082549 0.007530 1.723440
0.910056 0.000095 0.000107 0.000039 0.000010 0.082164 0.007530 1.723450
0.910406 0.000093 0.000107 0.000044 0.000010 0.081811 0.007530 1.723461
0.910757 0.000091 0.000102 0.000041 0.000010 0.081470 0.007530 1.723469
0.911108 0.000091 0.000102 0.000038 0.000010 0.081122 0.007530 1.723476
0.911434 0.000094 0.000098 0.000041 0.000010 0.080794 0.007530 1.723483
0.911735 0.000096 0.000102 0.000042 0.000010 0.080486 0.007530 1.723492
0.912062 0.000103 0.000097 0.000040 0.000010 0.080159 0.007530 1.723498
0.912361 0.000105 0.000093 0.000044 0.000009 0.079857 0.007530 1.723505
0.912679 0.000102 0.000092 0.000047 0.000009 0.079541 0.007530 1.723516
0.912937 0.000108 0.000094 0.000046 0.000008 0.079276 0.007531 1.723525
0.913215 0.000100 0.000099 0.000045 0.000008 0.079002 0.007531 1.723537
0.913466 0.000097 0.000096 0.000047 0.000008 0.078756 0.007531 1.723548
0.913747 0.000094 0.000095 0.000046 0.000007 0.078480 0.007531 1.723557
0.914000 0.000087 0.000094 0.000046 0.000008 0.078235 0.007531 1.723571
0.914255 0.000090 0.000094 0.000047 0.000007 0.077974 0.007532 1.723579
0.914492 0.000092 0.000092 0.000044 0.000007 0.077742 0.007532 1.723587
0.914715 0.000087 0.000091 0.000043 0.000007 0.077528 0.007532 1.723597
0.914907 0.000079 0.000090 0.000042 0.000007 0.077345 0.007532 1.723608
0.915140 0.000076 0.000089 0.000037 0.000006 0.077120 0.007532 1.723616
0.915352 0.000076 0.000087 0.000038 0.000005 0.076912 0.007532 1.723622
0.915551 0.000078 0.000084 0.000038 0.000005 0.076712 0.007532 1.723628
0.915760 0.000076 0.000085 0.000039 0.000005 0.076503 0.007532 1.723638
0.915945 0.000080 0.000084 0.000039 0.000005 0.076316 0.007532 1.723644
0.916134 0.000081 0.000083 0.000039 0.000005 0.076126 0.007532 1.723653
0.916304 0.000082 0.000084 0.000036 0.000004 0.075957 0.007532 1.723657
0.916464 0.000082 0.000077 0.000036 0.000004 0.075806 0.007532 1.723664
0.916630 0.000080 0.000076 0.000038 0.000004 0.075640 0.007532 1.723672
0.916815 0.000080 0.000075 0.000036 0.000004 0.075458 0.007532 1.723679
0.916982 0.000078 0.000074 0.000033 0.000004 0.075297 0.007532 1.723686
0.917155 0.000081 0.000074 0.000031 0.000004 0.075124 0.007532 1.723692
0.917317 0.000080 0.000072 0.000030 0.000004 0.074965 0.007533 1.723700
0.917479 0.000076 0.000071 0.000029 0.000004 0.074808 0.007533 1.723706
0.917650 0.000073 0.000074 0.000030 0.000004 0.074637 0.007533 1.723714
0.917805 0.000074 0.000071 0.000029 0.000004 0.074485 0.007533 1.723717
0.917946 0.000070 0.000072 0.000029 0.000004 0.074346 0.007533 1.723724
0.918091 0.000076 0.000071 0.000028 0.000004 0.074198 0.007533 1.723728
0.918226 0.000078 0.000067 0.000026 0.000005 0.074065 0.007533 1.723732
0.918362 0.000072 0.000071 0.000028 0.000005 0.073929 0.007533 1.723744
0.918499 0.000073 0.000068 0.000027 0.000005 0.073796 0.007533 1.723750
0.918618 0.000072 0.000068 0.000026 0.000005 0.073677 0.007533 1.723755
0.918719 0.000071 0.000067 0.000027 0.000005 0.073579 0.007533 1.723761
0.918823 0.000072 0.000064 0.000026 0.000005 0.073478 0.007533 1.723766
0.918936 0.000071 0.000064 0.000028 0.000005 0.073364 0.007533 1.723774
0.919056 0.000070 0.000064 0.000027 0.000005 0.073245 0.007533 1.723779
0.919163 0.000068 0.000066 0.000027 0.000005 0.073138 0.007533 1.723786
0.919279 0.000067 0.000063 0.000029 0.000005 0.073025 0.007533 1.723793
0.919372 0.000065 0.000070 0.000027 0.000005 0.072928 0.007533 1.723801
0.919476 0.000064 0.000070 0.000026 0.000005 0.072826 0.007533 1.723806
0.919577 0.000065 0.000072 0.000025 0.000005 0.072723 0.007533 1.723813
0.919689 0.000064 0.000073 0.000026 0.000005 0.072610 0.007533 1.723819
0.919777 0.000063 0.000071 0.000026 0.000005 0.072525 0.007533 1.723825
0.919860 0.000060 0.000071 0.000030 0.000005 0.072440 0.007533 1.723835
0.919947 0.000061 0.000067 0.000031 0.000005 0.072357 0.007533 1.723840
0.920028 0.000065 0.000066 0.000030 0.000005 0.072273 0.007533 1.723845
0.920115 0.000070 0.000065 0.000029 0.000005 0.072183 0.007533 1.723849
0.920189 0.000073 0.000064 0.000029 0.000004 0.072108 0.007534 1.723854
0.920266 0.000071 0.000066 0.000026 0.000004 0.072033 0.007534 1.723859
0.920333 0.000065 0.000067 0.000028 0.000004 0.071970 0.007534 1.723870
0.920397 0.000065 0.000068 0.000029 0.000004 0.071904 0.007534 1.723876
0.920481 0.000065 0.000067 0.000029 0.000004 0.071820 0.007534 1.723880
0.920539 0.000063 0.000070 0.000028 0.000004 0.071762 0.007534 1.723888
0.920611 0.000063 0.000069 0.000028 0.000004 0.071692 0.007534 1.723892
0.920683 0.000064 0.000070 0.000027 0.000004 0.071620 0.007534 1.723898
0.920743 0.000065 0.000066 0.000027 0.000004 0.071562 0.007534 1.723903
0.920810 0.000064 0.000065 0.000027 0.000004 0.071497 0.007534 1.723908
0.920879 0.000063 0.000067 0.000029 0.000004 0.071426 0.007534 1.723915
0.920932 0.000063 0.000068 0.000029 0.000004 0.071371 0.007534 1.723921
0.920986 0.000064 0.000061 0.000028 0.000004 0.071324 0.007534 1.723926
0.921049 0.000065 0.000060 0.000029 0.000005 0.071259 0.007534 1.723931
0.921113 0.000059 0.000061 0.000029 0.000005 0.071200 0.007534 1.723941
0.921165 0.000060 0.000061 0.000029 0.000005 0.071148 0.007534 1.723948
0.921222 0.000058 0.000062 0.000028 0.000005 0.071091 0.007534 1.723955
0.921265 0.000059 0.000060 0.000030 0.000005 0.071048 0.007534 1.723962
0.921318 0.000061 0.000059 0.000031 0.000005 0.070994 0.007534 1.723966
0.921388 0.000062 0.000059 0.000028 0.000005 0.070925 0.007534 1.723972
0.921426 0.000061 0.000058 0.000029 0.000005 0.070889 0.007534 1.723977
0.921469 0.000061 0.000055 0.000029 0.000005 0.070849 0.007534 1.723982
0.921522 0.000058 0.000056 0.000027 0.000005 0.070798 0.007535 1.723987
0.921559 0.000060 0.000056 0.000023 0.000005 0.070764 0.007535 1.723991
0.921605 0.000057 0.000056 0.000023 0.000005 0.070720 0.007535 1.723997
0.921639 0.000057 0.000055 0.000023 0.000005 0.070687 0.007535 1.724001
0.921677 0.000056 0.000056 0.000023 0.000004 0.070650 0.007535 1.724006
0.921711 0.000055 0.000053 0.000025 0.000004 0.070618 0.007535 1.724011
0.921748 0.000052 0.000054 0.000024 0.000003 0.070583 0.007536 1.724017
0.921784 0.000056 0.000053 0.000023 0.000003 0.070545 0.007536 1.724019
0.921819 0.000053 0.000054 0.000023 0.000004 0.070511 0.007536 1.724026
0.921848 0.000053 0.000053 0.000024 0.000004 0.070483 0.007536 1.724030
0.921886 0.000047 0.000054 0.000024 0.000004 0.070450 0.007536 1.724038
0.921910 0.000050 0.000053 0.000026 0.000004 0.070422 0.007536 1.724041
0.921944 0.000048 0.000050 0.000027 0.000004 0.070391 0.007536 1.724046
0.921977 0.000047 0.000051 0.000027 0.000004 0.070359 0.007536 1.724051
0.922004 0.000047 0.000048 0.000026 0.000005 0.070336 0.007536 1.724053
0.922030 0.000046 0.000046 0.000026 0.000005 0.070312 0.007536 1.724058
0.922069 0.000044 0.000047 0.000026 0.000005 0.070274 0.007536 1.724063
0.922107 0.000040 0.000051 0.000026 0.000005 0.070236 0.007536 1.724070
0.922137 0.000040 0.000049 0.000026 0.000005 0.070208 0.007536 1.724073
0.922167 0.000041 0.000047 0.000025 0.000005 0.070180 0.007536 1.724078
0.922199 0.000043 0.000046 0.000024 0.000005 0.070148 0.007536 1.724080
0.922234 0.000039 0.000046 0.000027 0.000005 0.070114 0.007536 1.724087
0.922258 0.000037 0.000044 0.000025 0.000005 0.070095 0.007536 1.724090
0.922286 0.000038 0.000043 0.000023 0.000005 0.070071 0.007536 1.724092
0.922314 0.000034 0.000041 0.000022 0.000005 0.070047 0.007536 1.724097
0.922335 0.000034 0.000040 0.000022 0.000005 0.070028 0.007536 1.724101
0.922360 0.000035 0.000040 0.000020 0.000005 0.070004 0.007536 1.724104
0.922383 0.000039 0.000042 0.000019 0.000005 0.069978 0.007536 1.724105
0.922405 0.000041 0.000041 0.000020 0.000005 0.069952 0.007536 1.724109
0.922432 0.000042 0.000040 0.000020 0.000004 0.069925 0.007537 1.724113
0.922453 0.000043 0.000042 0.000021 0.000004 0.069901 0.007537 1.724118
0.922482 0.000041 0.000043 0.000021 0.000004 0.069873 0.007537 1.724124
0.922500 0.000044 0.000040 0.000021 0.000004 0.069855 0.007537 1.724127
0.922515 0.000043 0.000042 0.000021 0.000005 0.069838 0.007537 1.724134
0.922539 0.000041 0.000041 0.000022 0.000005 0.069816 0.007537 1.724138
0.922555 0.000041 0.000042 0.000023 0.000005 0.069798 0.007537 1.724142
0.922578 0.000038 0.000040 0.000024 0.000005 0.069779 0.007537 1.724146
0.922607 0.000039 0.000035 0.000023 0.000005 0.069755 0.007537 1.724149
0.922623 0.000039 0.000034 0.000023 0.000004 0.069740 0.007537 1.724151
0.922639 0.000040 0.000034 0.000023 0.000004 0.069723 0.007538 1.724155
0.922657 0.000040 0.000036 0.000023 0.000004 0.069704 0.007538 1.724159
0.922674 0.000039 0.000034 0.000022 0.000004 0.069690 0.007538 1.724163
0.922691 0.000040 0.000035 0.000024 0.000004 0.069669 0.007538 1.724168
0.922701 0.000040 0.000035 0.000025 0.000004 0.069658 0.007538 1.724172
0.922720 0.000040 0.000033 0.000024 0.000004 0.069643 0.007538 1.724174
0.922736 0.000037 0.000035 0.000023 0.000004 0.069628 0.007538 1.724179
0.922752 0.000038 0.000035 0.000024 0.000004 0.069611 0.007538 1.724182
0.922771 0.000036 0.000037 0.000022 0.000004 0.069595 0.007538 1.724187
0.922787 0.000033 0.000038 0.000022 0.000003 0.069581 0.007538 1.724191
0.922808 0.000033 0.000034 0.000023 0.000003 0.069562 0.007538 1.724194
0.922828 0.000031 0.000033 0.000022 0.000003 0.069545 0.007538 1.724196
0.922843 0.000032 0.000032 0.000021 0.000003 0.069532 0.007538 1.724198
0.922852 0.000034 0.000033 0.000021 0.000003 0.069521 0.007538 1.724200
0.922867 0.000033 0.000033 0.000019 0.000003 0.069508 0.007538 1.724203
0.922877 0.000034 0.000034 0.000020 0.000003 0.069496 0.007538 1.724207
0.922893 0.000034 0.000034 0.000019 0.000003 0.069480 0.007538 1.724210
0.922907 0.000032 0.000033 0.000019 0.000003 0.069469 0.007538 1.724213
0.922924 0.000029 0.000033 0.000019 0.000004 0.069455 0.007538 1.724217
0.922938 0.000032 0.000031 0.000019 0.000003 0.069440 0.007538 1.724220
0.922954 0.000029 0.000033 0.000019 0.000003 0.069425 0.007538 1.724226
0.922970 0.000027 0.000032 0.000019 0.000003 0.069411 0.007538 1.724228
0.922984 0.000026 0.000031 0.000018 0.000003 0.069402 0.007538 1.724232
0.922997 0.000026 0.000029 0.000017 0.000003 0.069392 0.007538 1.724233
0.923013 0.000025 0.000029 0.000017 0.000003 0.069376 0.007538 1.724236
0.923026 0.000027 0.000029 0.000016 0.000002 0.069364 0.007538 1.724237
0.923036 0.000027 0.000028 0.000017 0.000002 0.069353 0.007538 1.724239
0.923048 0.000024 0.000027 0.000017 0.000002 0.069345 0.007538 1.724243
0.923056 0.000024 0.000028 0.000017 0.000002 0.069337 0.007538 1.724246
0.923064 0.000023 0.000027 0.000017 0.000002 0.069331 0.007538 1.724250
0.923074 0.000024 0.000027 0.000016 0.000002 0.069321 0.007538 1.724251
0.923084 0.000025 0.000026 0.000016 0.000001 0.069310 0.007538 1.724252
0.923096 0.000024 0.000025 0.000017 0.000001 0.069300 0.007538 1.724255
0.923102 0.000024 0.000025 0.000017 0.000001 0.069293 0.007538 1.724257
0.923114 0.000024 0.000027 0.000018 0.000002 0.069279 0.007538 1.724260
0.923126 0.000024 0.000026 0.000017 0.000002 0.069268 0.007538 1.724262
0.923135 0.000023 0.000026 0.000019 0.000002 0.069259 0.007538 1.724266
0.923143 0.000023 0.000027 0.000017 0.000001 0.069253 0.007538 1.724268
0.923151 0.000024 0.000026 0.000014 0.000001 0.069246 0.007538 1.724270
0.923158 0.000022 0.000027 0.000013 0.000001 0.069241 0.007538 1.724274
0.923166 0.000022 0.000027 0.000013 0.000000 0.069235 0.007538 1.724275
0.923169 0.000023 0.000025 0.000014 0.000000 0.069231 0.007538 1.724280
0.923181 0.000024 0.000024 0.000013 0.000000 0.069221 0.007538 1.724282
0.923188 0.000026 0.000023 0.000012 0.000000 0.069213 0.007538 1.724283
0.923194 0.000027 0.000022 0.000013 0.000000 0.069207 0.007538 1.724285
0.923201 0.000027 0.000021 0.000013 0.000000 0.069201 0.007538 1.724288
0.923210 0.000027 0.000019 0.000014 0.000000 0.069193 0.007538 1.724290
0.923215 0.000029 0.000021 0.000014 0.000000 0.069184 0.007538 1.724293
0.923224 0.000027 0.000021 0.000014 0.000000 0.069178 0.007538 1.724297
0.923231 0.000026 0.000022 0.000013 0.000000 0.069171 0.007538 1.724301
0.923235 0.000026 0.000021 0.000013 0.000000 0.069169 0.007538 1.724302
0.923242 0.000024 0.000023 0.000013 0.000000 0.069161 0.007538 1.724304
0.923248 0.000024 0.000024 0.000013 0.000000 0.069154 0.007538 1.724306
0.923251 0.000026 0.000024 0.000012 0.000000 0.069150 0.007538 1.724308
0.923262 0.000026 0.000023 0.000013 0.000000 0.069140 0.007538 1.724310
0.923269 0.000023 0.000024 0.000015 0.000000 0.069131 0.007538 1.724314
0.923273 0.000024 0.000024 0.000014 0.000000 0.069127 0.007538 1.724316
0.923274 0.000024 0.000026 0.000014 0.000000 0.069124 0.007538 1.724319
0.923279 0.000025 0.000025 0.000014 0.000000 0.069119 0.007538 1.724321
0.923282 0.000026 0.000026 0.000014 0.000000 0.069115 0.007538 1.724322
0.923289 0.000026 0.000022 0.000014 0.000000 0.069111 0.007538 1.724323
0.923292 0.000026 0.000020 0.000014 0.000000 0.069109 0.007538 1.724326
0.923297 0.000026 0.000022 0.000013 0.000000 0.069104 0.007538 1.724328
0.923301 0.000027 0.000021 0.000013 0.000000 0.069100 0.007538 1.724329
0.923304 0.000026 0.000023 0.000013 0.000000 0.069097 0.007538 1.724332
0.923308 0.000025 0.000024 0.000012 0.000000 0.069094 0.007538 1.724334
0.923311 0.000023 0.000024 0.000013 0.000000 0.069090 0.007538 1.724338
0.923317 0.000025 0.000022 0.000014 0.000000 0.069084 0.007538 1.724339
0.923321 0.000025 0.000022 0.000013 0.000000 0.069082 0.007538 1.724341
0.923324 0.000024 0.000023 0.000013 0.000000 0.069079 0.007538 1.724343
0.923326 0.000023 0.000026 0.000014 0.000000 0.069074 0.007538 1.724347
0.923331 0.000021 0.000027 0.000013 0.000000 0.069069 0.007538 1.724351
0.923336 0.000022 0.000028 0.000015 0.000000 0.069062 0.007538 1.724354
0.923338 0.000021 0.000028 0.000015 0.000001 0.069060 0.007538 1.724357
0.923341 0.000020 0.000027 0.000016 0.000001 0.069058 0.007538 1.724358
0.923346 0.000020 0.000027 0.000015 0.000001 0.069054 0.007538 1.724360
0.923346 0.000019 0.000029 0.000014 0.000001 0.069052 0.007538 1.724363
0.923348 0.000017 0.000030 0.000016 0.000001 0.069051 0.007538 1.724366
0.923349 0.000017 0.000029 0.000016 0.000001 0.069051 0.007538 1.724369
0.923353 0.000018 0.000029 0.000014 0.000001 0.069048 0.007538 1.724370
0.923356 0.000017 0.000027 0.000015 0.000001 0.069048 0.007538 1.724372
0.923355 0.000016 0.000024 0.000015 0.000001 0.069051 0.007538 1.724375
0.923355 0.000016 0.000024 0.000014 0.000001 0.069051 0.007538 1.724379
0.923358 0.000017 0.000023 0.000012 0.000001 0.069052 0.007538 1.724379
0.923360 0.000017 0.000023 0.000012 0.000001 0.069050 0.007538 1.724381
0.923364 0.000016 0.000022 0.000012 0.000001 0.069047 0.007538 1.724382
0.923367 0.000017 0.000020 0.000012 0.000001 0.069046 0.007538 1.724383
0.923371 0.000017 0.000019 0.000012 0.000001 0.069043 0.007538 1.724383
0.923372 0.000017 0.000018 0.000012 0.000001 0.069042 0.007538 1.724385
0.923374 0.000014 0.000019 0.000012 0.000002 0.069042 0.007538 1.724388
0.923377 0.000014 0.000019 0.000011 0.000002 0.069040 0.007538 1.724390
0.923381 0.000013 0.000019 0.000012 0.000001 0.069037 0.007538 1.724392
0.923382 0.000013 0.000020 0.000012 0.000001 0.069035 0.007538 1.724393
0.923384 0.000012 0.000022 0.000012 0.000001 0.069032 0.007538 1.724396
0.923387 0.000012 0.000022 0.000011 0.000001 0.069030 0.007538 1.724397
0.923393 0.000012 0.000021 0.000010 0.000001 0.069026 0.007538 1.724399
0.923398 0.000013 0.000021 0.000008 0.000002 0.069021 0.007538 1.724399
0.923401 0.000013 0.000020 0.000008 0.000002 0.069020 0.007538 1.724399
0.923404 0.000013 0.000018 0.000008 0.000002 0.069018 0.007538 1.724399
0.923406 0.000014 0.000017 0.000008 0.000002 0.069016 0.007538 1.724399
0.923407 0.000016 0.000015 0.000008 0.000002 0.069015 0.007538 1.724400
0.923410 0.000014 0.000016 0.000007 0.000002 0.069013 0.007538 1.724401
0.923411 0.000014 0.000016 0.000006 0.000002 0.069013 0.007538 1.724403
0.923412 0.000016 0.000016 0.000005 0.000002 0.069012 0.007538 1.724404
0.923412 0.000016 0.000016 0.000004 0.000001 0.069014 0.007538 1.724407
0.923414 0.000016 0.000014 0.000003 0.000001 0.069013 0.007538 1.724407
0.923414 0.000016 0.000016 0.000004 0.000001 0.069012 0.007538 1.724409
0.923416 0.000014 0.000016 0.000004 0.000001 0.069011 0.007538 1.724411
0.923419 0.000014 0.000015 0.000005 0.000001 0.069010 0.007538 1.724414
0.923420 0.000013 0.000014 0.000005 0.000000 0.069010 0.007538 1.724416
0.923420 0.000014 0.000013 0.000005 0.000000 0.069009 0.007538 1.724416
0.923421 0.000016 0.000013 0.000005 0.000000 0.069007 0.007538 1.724416
0.923422 0.000017 0.000013 0.000006 0.000000 0.069004 0.007538 1.724418
0.923423 0.000017 0.000011 0.000006 0.000000 0.069005 0.007538 1.724419
0.923424 0.000017 0.000012 0.000006 0.000000 0.069002 0.007538 1.724420
0.923423 0.000017 0.000011 0.000006 0.000000 0.069003 0.007538 1.724423
0.923425 0.000018 0.000013 0.000006 0.000000 0.068999 0.007538 1.724425
0.923427 0.000017 0.000013 0.000007 0.000000 0.068998 0.007538 1.724427
0.923428 0.000016 0.000014 0.000006 0.000000 0.068998 0.007538 1.724428
0.923430 0.000016 0.000014 0.000006 0.000000 0.068997 0.007538 1.724429
0.923430 0.000015 0.000015 0.000006 0.000000 0.068996 0.007538 1.724431
0.923431 0.000016 0.000015 0.000006 0.000000 0.068995 0.007538 1.724432
0.923433 0.000014 0.000014 0.000006 0.000000 0.068995 0.007538 1.724434
0.923437 0.000012 0.000016 0.000005 0.000000 0.068992 0.007538 1.724436
0.923439 0.000010 0.000017 0.000005 0.000000 0.068990 0.007538 1.724438
0.923442 0.000009 0.000017 0.000005 0.000000 0.068988 0.007538 1.724440
0.923444 0.000010 0.000017 0.000005 0.000000 0.068986 0.007538 1.724440
0.923443 0.000012 0.000017 0.000005 0.000000 0.068985 0.007538 1.724442
0.923444 0.000012 0.000017 0.000005 0.000000 0.068984 0.007538 1.724444
0.923446 0.000012 0.000017 0.000006 0.000000 0.068982 0.007538 1.724445
0.923446 0.000012 0.000018 0.000006 0.000000 0.068980 0.007538 1.724447
0.923448 0.000012 0.000018 0.000006 0.000000 0.068979 0.007538 1.724448
0.923447 0.000012 0.000020 0.000005 0.000000 0.068978 0.007538 1.724450
0.923447 0.000012 0.000021 0.000005 0.000000 0.068978 0.007538 1.724452
0.923449 0.000010 0.000022 0.000005 0.000000 0.068977 0.007538 1.724455
0.923450 0.000010 0.000021 0.000006 0.000000 0.068976 0.007538 1.724456
0.923451 0.000011 0.000020 0.000006 0.000000 0.068974 0.007538 1.724457
0.923452 0.000012 0.000018 0.000005 0.000000 0.068976 0.007538 1.724457
0.923454 0.000012 0.000018 0.000005 0.000000 0.068974 0.007538 1.724458
0.923457 0.000014 0.000016 0.000005 0.000000 0.068970 0.007538 1.724458
0.923460 0.000015 0.000015 0.000004 0.000000 0.068969 0.007538 1.724459
0.923462 0.000014 0.000016 0.000003 0.000000 0.068967 0.007538 1.724461
0.923463 0.000014 0.000017 0.000004 0.000000 0.068965 0.007538 1.724462
0.923465 0.000014 0.000017 0.000003 0.000000 0.068963 0.007538 1.724463
0.923467 0.000014 0.000016 0.000003 0.000000 0.068963 0.007538 1.724464
0.923469 0.000014 0.000014 0.000003 0.000000 0.068962 0.007538 1.724465
0.923470 0.000015 0.000013 0.000003 0.000000 0.068960 0.007538 1.724465
0.923471 0.000013 0.000013 0.000003 0.000000 0.068962 0.007538 1.724467
0.923472 0.000013 0.000014 0.000003 0.000000 0.068961 0.007538 1.724468
0.923473 0.000013 0.000013 0.000003 0.000000 0.068960 0.007538 1.724469
0.923474 0.000012 0.000013 0.000003 0.000000 0.068960 0.007538 1.724469
0.923474 0.000012 0.000013 0.000003 0.000000 0.068960 0.007538 1.724470
0.923479 0.000009 0.000013 0.000005 0.000000 0.068956 0.007538 1.724473
0.923483 0.000006 0.000014 0.000006 0.000000 0.068953 0.007538 1.724475
0.923486 0.000006 0.000012 0.000005 0.000000 0.068952 0.007538 1.724475
0.923488 0.000006 0.000012 0.000005 0.000000 0.068951 0.007538 1.724476
0.923488 0.000007 0.000011 0.000003 0.000000 0.068952 0.007538 1.724476
0.923491 0.000006 0.000010 0.000004 0.000000 0.068951 0.007538 1.724478
0.923492 0.000006 0.000010 0.000005 0.000000 0.068950 0.007538 1.724478
0.923495 0.000006 0.000009 0.000005 0.000000 0.068947 0.007538 1.724479
0.923495 0.000007 0.000009 0.000005 0.000000 0.068946 0.007538 1.724479
0.923498 0.000007 0.000008 0.000005 0.000000 0.068943 0.007538 1.724479
0.923497 0.000007 0.000010 0.000005 0.000000 0.068944 0.007538 1.724481
0.923498 0.000006 0.000008 0.000005 0.000000 0.068944 0.007538 1.724483
0.923498 0.000006 0.000008 0.000004 0.000000 0.068946 0.007538 1.724484
0.923499 0.000005 0.000007 0.000003 0.000001 0.068947 0.007538 1.724484
0.923499 0.000005 0.000008 0.000003 0.000001 0.068946 0.007538 1.724485
0.923499 0.000006 0.000008 0.000003 0.000001 0.068946 0.007538 1.724485
0.923500 0.000006 0.000006 0.000003 0.000001 0.068945 0.007538 1.724485
0.923501 0.000007 0.000006 0.000003 0.000001 0.068944 0.007538 1.724486
0.923502 0.000006 0.000007 0.000003 0.000001 0.068943 0.007538 1.724487
0.923503 0.000006 0.000008 0.000003 0.000001 0.068942 0.007538 1.724487
0.923505 0.000007 0.000006 0.000003 0.000001 0.068941 0.007538 1.724487
0.923505 0.000008 0.000006 0.000003 0.000001 0.068939 0.007538 1.724487
0.923509 0.000007 0.000007 0.000003 0.000001 0.068935 0.007538 1.724488
0.923511 0.000006 0.000008 0.000003 0.000001 0.068934 0.007538 1.724489
0.923511 0.000007 0.000008 0.000003 0.000001 0.068933 0.007538 1.724489
0.923511 0.000008 0.000007 0.000003 0.000001 0.068933 0.007538 1.724489
0.923512 0.000008 0.000006 0.000002 0.000001 0.068933 0.007538 1.724490
0.923512 0.000008 0.000008 0.000002 0.000001 0.068932 0.007538 1.724491
0.923513 0.000008 0.000008 0.000002 0.000001 0.068930 0.007538 1.724491
0.923515 0.000008 0.000009 0.000001 0.000001 0.068928 0.007538 1.724492
0.923514 0.000010 0.000008 0.000002 0.000001 0.068928 0.007538 1.724493
0.923514 0.000010 0.000008 0.000002 0.000000 0.068927 0.007538 1.724494
0.923514 0.000010 0.000008 0.000002 0.000000 0.068927 0.007538 1.724495
0.923514 0.000009 0.000010 0.000002 0.000000 0.068927 0.007538 1.724496
0.923516 0.000009 0.000010 0.000002 0.000000 0.068926 0.007538 1.724497
0.923515 0.000010 0.000010 0.000002 0.000000 0.068926 0.007538 1.724497
0.923517 0.000009 0.000010 0.000003 0.000000 0.068923 0.007538 1.724499
0.923519 0.000008 0.000011 0.000003 0.000000 0.068922 0.007538 1.724500
0.923520 0.000007 0.000010 0.000003 0.000000 0.068922 0.007538 1.724501
0.923520 0.000007 0.000010 0.000003 0.000000 0.068922 0.007538 1.724502
0.923520 0.000007 0.000011 0.000004 0.000000 0.068922 0.007538 1.724503
0.923518 0.000008 0.000008 0.000005 0.000000 0.068924 0.007538 1.724504
0.923519 0.000008 0.000008 0.000004 0.000000 0.068923 0.007538 1.724504
0.923520 0.000007 0.000007 0.000004 0.000000 0.068924 0.007538 1.724505
0.923520 0.000006 0.000008 0.000004 0.000000 0.068925 0.007538 1.724507
0.923521 0.000006 0.000008 0.000003 0.000000 0.068923 0.007538 1.724508
0.923524 0.000006 0.000008 0.000003 0.000000 0.068922 0.007538 1.724508
0.923524 0.000007 0.000008 0.000003 0.000000 0.068921 0.007538 1.724508
0.923525 0.000006 0.000008 0.000003 0.000000 0.068921 0.007538 1.724509
0.923526 0.000007 0.000007 0.000003 0.000000 0.068921 0.007538 1.724509
0.923527 0.000006 0.000006 0.000003 0.000000 0.068920 0.007538 1.724509
0.923527 0.000008 0.000006 0.000003 0.000000 0.068919 0.007538 1.724510
0.923529 0.000007 0.000006 0.000003 0.000000 0.068917 0.007538 1.724510
0.923532 0.000006 0.000007 0.000003 0.000000 0.068915 0.007538 1.724511
0.923533 0.000006 0.000006 0.000003 0.000000 0.068914 0.007538 1.724512
0.923533 0.000006 0.000006 0.000003 0.000000 0.068915 0.007538 1.724513
0.923535 0.000006 0.000006 0.000002 0.000000 0.068915 0.007538 1.724513
0.923535 0.000006 0.000006 0.000002 0.000000 0.068915 0.007538 1.724514
0.923535 0.000006 0.000006 0.000002 0.000000 0.068913 0.007538 1.724514
0.923536 0.000006 0.000006 0.000002 0.000000 0.068912 0.007538 1.724515
0.923538 0.000007 0.000005 0.000002 0.000000 0.068911 0.007538 1.724515
0.923538 0.000007 0.000006 0.000002 0.000000 0.068911 0.007538 1.724516
0.923538 0.000006 0.000008 0.000002 0.000000 0.068909 0.007538 1.724518
0.923539 0.000006 0.000007 0.000002 0.000000 0.068909 0.007538 1.724518
0.923540 0.000006 0.000007 0.000002 0.000000 0.068907 0.007538 1.724518
0.923541 0.000006 0.000007 0.000002 0.000000 0.068906 0.007538 1.724519
0.923543 0.000006 0.000007 0.000003 0.000000 0.068903 0.007538 1.724520
0.923543 0.000006 0.000008 0.000003 0.000000 0.068902 0.007538 1.724521
0.923543 0.000007 0.000007 0.000003 0.000000 0.068901 0.007538 1.724521
0.923544 0.000007 0.000010 0.000003 0.000000 0.068899 0.007538 1.724523
0.923545 0.000006 0.000010 0.000003 0.000000 0.068899 0.007538 1.724524
0.923547 0.000005 0.000011 0.000003 0.000000 0.068897 0.007538 1.724526
0.923548 0.000005 0.000010 0.000003 0.000000 0.068895 0.007538 1.724526
0.923549 0.000005 0.000009 0.000003 0.000000 0.068897 0.007538 1.724527
0.923549 0.000005 0.000009 0.000003 0.000000 0.068896 0.007538 1.724527
0.923550 0.000006 0.000008 0.000002 0.000000 0.068897 0.007538 1.724527
0.923550 0.000006 0.000008 0.000002 0.000000 0.068897 0.007538 1.724528
0.923550 0.000006 0.000007 0.000002 0.000000 0.068896 0.007538 1.724528
0.923551 0.000006 0.000007 0.000001 0.000000 0.068897 0.007538 1.724528
0.923552 0.000005 0.000007 0.000003 0.000000 0.068896 0.007538 1.724530
0.923554 0.000004 0.000008 0.000003 0.000000 0.068895 0.007538 1.724530
0.923554 0.000003 0.000007 0.000003 0.000000 0.068896 0.007538 1.724531
0.923554 0.000004 0.000008 0.000003 0.000000 0.068894 0.007538 1.724531
0.923553 0.000006 0.000007 0.000002 0.000000 0.068894 0.007538 1.724531
0.923552 0.000007 0.000008 0.000002 0.000000 0.068893 0.007538 1.724532
0.923552 0.000007 0.000007 0.000003 0.000000 0.068893 0.007538 1.724532
0.923554 0.000007 0.000007 0.000003 0.000000 0.068892 0.007538 1.724532
0.923554 0.000007 0.000006 0.000003 0.000000 0.068892 0.007538 1.724532
