0.348173 0.061960 0.055772 0.032019 0.002034 0.494115 0.005927 1.620625
0.350692 0.059557 0.055621 0.031929 0.002041 0.494210 0.005948 1.626647
0.353944 0.056754 0.055391 0.031558 0.002063 0.494322 0.005969 1.632381
0.357762 0.053733 0.054962 0.031189 0.002065 0.494294 0.005995 1.637801
0.361926 0.050746 0.054493 0.030734 0.002059 0.494014 0.006027 1.642875
0.366325 0.047674 0.053921 0.030211 0.002058 0.493759 0.006053 1.647692
0.370910 0.044700 0.053186 0.029614 0.002053 0.493463 0.006074 1.652274
0.375586 0.041854 0.052319 0.028897 0.002057 0.493191 0.006097 1.656568
0.380341 0.039199 0.051268 0.028148 0.002062 0.492862 0.006121 1.660552
0.385382 0.036666 0.050184 0.027384 0.002052 0.492187 0.006144 1.664251
0.390336 0.034228 0.048942 0.026683 0.002040 0.491598 0.006173 1.667776
0.395383 0.031980 0.047679 0.025892 0.002040 0.490832 0.006194 1.671067
0.400481 0.029877 0.046378 0.025053 0.002023 0.489965 0.006225 1.674153
0.405805 0.027993 0.044998 0.024206 0.002012 0.488739 0.006248 1.676928
0.411108 0.026209 0.043705 0.023353 0.001997 0.487358 0.006272 1.679580
0.416324 0.024514 0.042291 0.022531 0.001978 0.486061 0.006300 1.682083
0.421632 0.023026 0.040893 0.021753 0.001943 0.484426 0.006326 1.684368
0.426870 0.021561 0.039519 0.020924 0.001921 0.482852 0.006353 1.686584
0.432184 0.020250 0.038121 0.020042 0.001908 0.481119 0.006377 1.688603
0.437585 0.018977 0.036745 0.019282 0.001882 0.479123 0.006406 1.690526
0.442890 0.017838 0.035451 0.018507 0.001853 0.477027 0.006434 1.692325
0.448154 0.016779 0.034061 0.017761 0.001823 0.474964 0.006458 1.693993
0.453489 0.015800 0.032795 0.017025 0.001790 0.472616 0.006484 1.695556
0.458714 0.014852 0.031520 0.016305 0.001771 0.470331 0.006507 1.697062
0.463964 0.013999 0.030305 0.015618 0.001743 0.467840 0.006529 1.698464
0.469220 0.013228 0.029055 0.014926 0.001702 0.465317 0.006553 1.699780
0.474572 0.012467 0.027933 0.014275 0.001657 0.462513 0.006581 1.701037
0.479903 0.011783 0.026761 0.013641 0.001617 0.459683 0.006611 1.702187
0.485140 0.011132 0.025708 0.013053 0.001582 0.456756 0.006629 1.703317
0.490366 0.010473 0.024673 0.012493 0.001547 0.453799 0.006649 1.704412
0.495616 0.009913 0.023634 0.011945 0.001512 0.450710 0.006671 1.705407
0.500779 0.009388 0.022647 0.011469 0.001475 0.447550 0.006693 1.706377
0.505969 0.008897 0.021697 0.010977 0.001437 0.444310 0.006714 1.707291
0.511190 0.008421 0.020835 0.010476 0.001405 0.440944 0.006730 1.708143
0.516386 0.007974 0.019928 0.009981 0.001373 0.437612 0.006748 1.708942
0.521440 0.007616 0.019055 0.009501 0.001337 0.434280 0.006770 1.709697
0.526514 0.007239 0.018225 0.009073 0.001301 0.430857 0.006790 1.710430
0.531517 0.006877 0.017417 0.008688 0.001262 0.427427 0.006812 1.711137
0.536518 0.006578 0.016636 0.008287 0.001236 0.423915 0.006830 1.711764
0.541557 0.006227 0.015916 0.007926 0.001194 0.420331 0.006850 1.712409
0.546474 0.005908 0.015230 0.007557 0.001160 0.416802 0.006869 1.713004
0.551398 0.005659 0.014539 0.007203 0.001137 0.413181 0.006883 1.713564
0.556265 0.005409 0.013902 0.006851 0.001104 0.409567 0.006903 1.714102
0.561054 0.005201 0.013262 0.006527 0.001083 0.405950 0.006922 1.714595
0.565789 0.004938 0.012732 0.006224 0.001046 0.402337 0.006935 1.715125
0.570508 0.004754 0.012188 0.005964 0.001027 0.398613 0.006946 1.715589
0.575121 0.004527 0.011697 0.005705 0.000998 0.394993 0.006960 1.716042
0.579738 0.004361 0.011188 0.005442 0.000978 0.391322 0.006972 1.716473
0.584371 0.004159 0.010707 0.005195 0.000957 0.387623 0.006987 1.716911
0.589017 0.003986 0.010238 0.004943 0.000927 0.383890 0.006999 1.717307
0.593552 0.003809 0.009785 0.004725 0.000897 0.380217 0.007014 1.717706
0.598074 0.003670 0.009327 0.004538 0.000872 0.376498 0.007021 1.718065
0.602582 0.003546 0.008911 0.004331 0.000844 0.372756 0.007030 1.718412
0.607001 0.003403 0.008549 0.004149 0.000815 0.369043 0.007040 1.718761
0.611354 0.003276 0.008181 0.003971 0.000799 0.365371 0.007047 1.719099
0.615664 0.003173 0.007827 0.003779 0.000775 0.361724 0.007059 1.719408
0.619973 0.003061 0.007462 0.003618 0.000749 0.358068 0.007069 1.719706
0.624226 0.002951 0.007136 0.003455 0.000726 0.354426 0.007080 1.719998
0.628531 0.002857 0.006817 0.003295 0.000709 0.350701 0.007090 1.720270
0.632652 0.002739 0.006559 0.003158 0.000694 0.347104 0.007095 1.720557
0.636876 0.002656 0.006308 0.003016 0.000678 0.343361 0.007104 1.720818
0.640980 0.002575 0.006040 0.002881 0.000647 0.339760 0.007117 1.721072
0.645084 0.002513 0.005794 0.002774 0.000627 0.336085 0.007125 1.721315
0.649120 0.002419 0.005547 0.002668 0.000610 0.332504 0.007131 1.721561
0.653170 0.002344 0.005325 0.002537 0.000588 0.328894 0.007142 1.721793
0.657103 0.002260 0.005120 0.002436 0.000562 0.325367 0.007151 1.722041
0.661018 0.002192 0.004928 0.002344 0.000552 0.321808 0.007157 1.722259
0.664858 0.002144 0.004710 0.002233 0.000537 0.318357 0.007162 1.722451
0.668629 0.002083 0.004522 0.002140 0.000514 0.314945 0.007168 1.722658
0.672407 0.002016 0.004368 0.002048 0.000493 0.311492 0.007178 1.722859
0.676129 0.001963 0.004210 0.001961 0.000473 0.308082 0.007183 1.723046
0.679796 0.001900 0.004063 0.001889 0.000451 0.304709 0.007193 1.723243
0.683493 0.001842 0.003880 0.001816 0.000439 0.301332 0.007198 1.723420
0.687132 0.001785 0.003726 0.001739 0.000424 0.297992 0.007202 1.723607
0.690669 0.001746 0.003578 0.001659 0.000411 0.294729 0.007211 1.723773
0.694257 0.001688 0.003434 0.001591 0.000400 0.291416 0.007215 1.723946
0.697807 0.001638 0.003318 0.001531 0.000391 0.288097 0.007219 1.724114
0.701303 0.001595 0.003189 0.001465 0.000382 0.284844 0.007224 1.724264
0.704667 0.001580 0.003055 0.001403 0.000365 0.281701 0.007230 1.724395
0.708032 0.001518 0.002951 0.001361 0.000356 0.278548 0.007234 1.724556
0.711474 0.001485 0.002843 0.001317 0.000343 0.275298 0.007239 1.724697
0.714799 0.001460 0.002748 0.001268 0.000333 0.272149 0.007244 1.724834
0.718059 0.001428 0.002676 0.001218 0.000325 0.269045 0.007249 1.724977
0.721247 0.001393 0.002570 0.001179 0.000315 0.266042 0.007254 1.725115
0.724504 0.001353 0.002479 0.001134 0.000306 0.262966 0.007258 1.725253
0.727672 0.001319 0.002394 0.001090 0.000292 0.259967 0.007266 1.725378
0.730907 0.001282 0.002306 0.001054 0.000288 0.256896 0.007269 1.725503
0.733958 0.001248 0.002230 0.001016 0.000279 0.253995 0.007275 1.725634
0.737063 0.001201 0.002165 0.000985 0.000272 0.251038 0.007278 1.725761
0.740152 0.001176 0.002083 0.000947 0.000262 0.248099 0.007282 1.725875
0.743186 0.001140 0.002024 0.000926 0.000257 0.245182 0.007286 1.726004
0.746088 0.001123 0.001956 0.000902 0.000246 0.242396 0.007290 1.726117
0.749047 0.001099 0.001864 0.000883 0.000239 0.239577 0.007292 1.726222
0.751894 0.001076 0.001820 0.000858 0.000233 0.236826 0.007295 1.726330
0.754770 0.001054 0.001762 0.000830 0.000223 0.234062 0.007301 1.726431
0.757589 0.001039 0.001701 0.000800 0.000215 0.231354 0.007304 1.726526
0.760330 0.001027 0.001657 0.000777 0.000208 0.228697 0.007305 1.726614
0.763113 0.001002 0.001603 0.000751 0.000200 0.226022 0.007309 1.726714
0.765838 0.000976 0.001558 0.000733 0.000194 0.223392 0.007310 1.726810
0.768516 0.000960 0.001515 0.000702 0.000184 0.220811 0.007313 1.726909
0.771150 0.000946 0.001484 0.000679 0.000178 0.218249 0.007314 1.726998
0.773781 0.000920 0.001442 0.000659 0.000171 0.215709 0.007318 1.727095
0.776365 0.000904 0.001399 0.000644 0.000166 0.213204 0.007319 1.727181
0.778913 0.000875 0.001375 0.000640 0.000161 0.210716 0.007320 1.727287
0.781414 0.000871 0.001331 0.000617 0.000155 0.208291 0.007322 1.727363
0.783941 0.000857 0.001291 0.000595 0.000150 0.205843 0.007325 1.727446
0.786423 0.000846 0.001253 0.000574 0.000142 0.203432 0.007330 1.727515
0.788836 0.000825 0.001221 0.000561 0.000138 0.201088 0.007331 1.727604
0.791314 0.000808 0.001198 0.000539 0.000132 0.198678 0.007332 1.727683
0.793670 0.000775 0.001171 0.000529 0.000129 0.196393 0.007333 1.727769
0.796101 0.000775 0.001137 0.000513 0.000126 0.194014 0.007335 1.727838
0.798413 0.000755 0.001120 0.000505 0.000122 0.191747 0.007337 1.727923
0.800703 0.000745 0.001091 0.000490 0.000120 0.189514 0.007338 1.727991
0.803080 0.000733 0.001054 0.000477 0.000118 0.187197 0.007340 1.728056
0.805370 0.000718 0.001024 0.000464 0.000111 0.184971 0.007342 1.728131
0.807654 0.000702 0.000996 0.000449 0.000109 0.182746 0.007344 1.728196
0.809828 0.000690 0.000980 0.000445 0.000108 0.180605 0.007344 1.728268
0.812050 0.000689 0.000950 0.000434 0.000106 0.178426 0.007345 1.728326
0.814176 0.000680 0.000921 0.000426 0.000103 0.176349 0.007346 1.728401
0.816312 0.000671 0.000902 0.000414 0.000099 0.174255 0.007348 1.728466
0.818413 0.000659 0.000881 0.000414 0.000097 0.172188 0.007348 1.728533
0.820562 0.000657 0.000863 0.000395 0.000098 0.170077 0.007349 1.728593
0.822655 0.000634 0.000849 0.000387 0.000094 0.168030 0.007350 1.728661
0.824666 0.000617 0.000833 0.000375 0.000090 0.166068 0.007352 1.728726
0.826631 0.000602 0.000817 0.000369 0.000087 0.164142 0.007352 1.728786
0.828615 0.000583 0.000792 0.000366 0.000085 0.162205 0.007355 1.728847
0.830568 0.000575 0.000760 0.000361 0.000083 0.160296 0.007356 1.728902
0.832521 0.000566 0.000750 0.000355 0.000081 0.158371 0.007357 1.728959
0.834462 0.000564 0.000737 0.000340 0.000076 0.156462 0.007360 1.729007
0.836339 0.000558 0.000720 0.000341 0.000076 0.154607 0.007360 1.729061
0.838219 0.000546 0.000708 0.000334 0.000074 0.152758 0.007362 1.729123
0.840087 0.000526 0.000695 0.000332 0.000071 0.150927 0.007363 1.729179
0.841969 0.000524 0.000679 0.000326 0.000068 0.149070 0.007364 1.729221
0.843761 0.000524 0.000659 0.000316 0.000063 0.147312 0.007366 1.729264
0.845522 0.000506 0.000645 0.000309 0.000063 0.145590 0.007366 1.729321
0.847280 0.000484 0.000637 0.000314 0.000059 0.143860 0.007367 1.729382
0.849013 0.000487 0.000614 0.000306 0.000057 0.142156 0.007367 1.729424
0.850768 0.000468 0.000613 0.000302 0.000055 0.140426 0.007368 1.729481
0.852511 0.000452 0.000592 0.000299 0.000053 0.138725 0.007369 1.729533
0.854201 0.000439 0.000597 0.000295 0.000051 0.137048 0.007370 1.729584
0.855795 0.000434 0.000575 0.000290 0.000049 0.135488 0.007371 1.729624
0.857428 0.000430 0.000566 0.000282 0.000045 0.133879 0.007371 1.729667
0.859005 0.000434 0.000555 0.000275 0.000044 0.132317 0.007372 1.729708
0.860645 0.000423 0.000544 0.000267 0.000043 0.130708 0.007372 1.729753
0.862214 0.000408 0.000538 0.000262 0.000041 0.129165 0.007373 1.729798
0.863780 0.000412 0.000529 0.000258 0.000040 0.127609 0.007373 1.729838
0.865298 0.000415 0.000518 0.000250 0.000041 0.126106 0.007374 1.729871
0.866762 0.000412 0.000505 0.000244 0.000039 0.124663 0.007375 1.729902
0.868253 0.000402 0.000498 0.000234 0.000039 0.123201 0.007375 1.729947
0.869733 0.000399 0.000488 0.000235 0.000039 0.121733 0.007375 1.729989
0.871197 0.000392 0.000478 0.000225 0.000039 0.120294 0.007375 1.730026
0.872574 0.000387 0.000470 0.000227 0.000037 0.118931 0.007376 1.730064
0.873986 0.000384 0.000457 0.000221 0.000034 0.117544 0.007376 1.730100
0.875376 0.000389 0.000441 0.000218 0.000034 0.116166 0.007376 1.730134
0.876709 0.000387 0.000441 0.000213 0.000034 0.114842 0.007376 1.730171
0.878040 0.000386 0.000434 0.000204 0.000032 0.113529 0.007377 1.730205
0.879374 0.000384 0.000424 0.000203 0.000031 0.112208 0.007378 1.730237
0.880659 0.000370 0.000420 0.000205 0.000030 0.110939 0.007378 1.730285
0.881967 0.000367 0.000416 0.000204 0.000029 0.109639 0.007379 1.730324
0.883247 0.000363 0.000410 0.000199 0.000029 0.108374 0.007379 1.730360
0.884512 0.000355 0.000410 0.000195 0.000029 0.107120 0.007379 1.730397
0.885760 0.000351 0.000405 0.000195 0.000029 0.105881 0.007379 1.730429
0.886964 0.000351 0.000399 0.000194 0.000029 0.104684 0.007380 1.730460
0.888189 0.000334 0.000392 0.000198 0.000028 0.103478 0.007380 1.730500
0.889364 0.000333 0.000384 0.000196 0.000028 0.102316 0.007380 1.730532
0.890498 0.000341 0.000378 0.000194 0.000027 0.101184 0.007380 1.730559
0.891632 0.000332 0.000371 0.000187 0.000025 0.100072 0.007381 1.730594
0.892734 0.000332 0.000365 0.000183 0.000025 0.098981 0.007381 1.730622
0.893808 0.000338 0.000357 0.000178 0.000025 0.097914 0.007381 1.730650
0.894886 0.000330 0.000356 0.000172 0.000025 0.096850 0.007381 1.730683
0.895957 0.000328 0.000355 0.000166 0.000024 0.095790 0.007381 1.730712
0.896999 0.000324 0.000359 0.000169 0.000024 0.094745 0.007381 1.730753
0.897982 0.000315 0.000352 0.000165 0.000023 0.093782 0.007381 1.730784
0.898986 0.000307 0.000353 0.000159 0.000023 0.092790 0.007381 1.730822
0.899987 0.000299 0.000352 0.000158 0.000021 0.091801 0.007382 1.730856
0.900923 0.000301 0.000342 0.000153 0.000022 0.090877 0.007382 1.730883
0.901821 0.000297 0.000335 0.000151 0.000021 0.089993 0.007382 1.730911
0.902742 0.000292 0.000335 0.000150 0.000020 0.089079 0.007383 1.730944
0.903615 0.000281 0.000341 0.000147 0.000020 0.088212 0.007383 1.730978
0.904495 0.000268 0.000339 0.000146 0.000020 0.087348 0.007383 1.731014
0.905369 0.000270 0.000332 0.000143 0.000021 0.086483 0.007383 1.731038
0.906236 0.000261 0.000331 0.000138 0.000020 0.085631 0.007384 1.731068
0.907071 0.000252 0.000327 0.000137 0.000020 0.084810 0.007384 1.731094
0.907901 0.000249 0.000320 0.000135 0.000019 0.083992 0.007384 1.731119
0.908764 0.000245 0.000315 0.000135 0.000017 0.083137 0.007386 1.731149
0.909587 0.000246 0.000310 0.000132 0.000015 0.082324 0.007387 1.731173
0.910356 0.000248 0.000306 0.000129 0.000015 0.081559 0.007387 1.731196
0.911107 0.000246 0.000303 0.000125 0.000014 0.080817 0.007388 1.731221
0.911847 0.000246 0.000295 0.000125 0.000013 0.080086 0.007388 1.731241
0.912579 0.000247 0.000282 0.000125 0.000012 0.079366 0.007389 1.731261
0.913285 0.000237 0.000283 0.000131 0.000010 0.078667 0.007389 1.731290
0.913930 0.000225 0.000283 0.000127 0.000010 0.078037 0.007389 1.731314
0.914591 0.000221 0.000280 0.000127 0.000010 0.077383 0.007389 1.731338
0.915215 0.000221 0.000276 0.000123 0.000009 0.076767 0.007389 1.731360
0.915818 0.000222 0.000271 0.000123 0.000009 0.076168 0.007389 1.731381
0.916410 0.000216 0.000268 0.000123 0.000009 0.075586 0.007389 1.731404
0.916960 0.000214 0.000265 0.000118 0.000009 0.075045 0.007389 1.731421
0.917537 0.000215 0.000264 0.000114 0.000009 0.074472 0.007389 1.731440
0.918104 0.000205 0.000264 0.000114 0.000008 0.073915 0.007390 1.731469
0.918648 0.000206 0.000262 0.000115 0.000007 0.073374 0.007390 1.731490
0.919158 0.000205 0.000261 0.000113 0.000007 0.072867 0.007390 1.731513
0.919667 0.000205 0.000256 0.000112 0.000008 0.072363 0.007390 1.731535
0.920169 0.000208 0.000250 0.000108 0.000007 0.071869 0.007390 1.731555
0.920604 0.000207 0.000247 0.000107 0.000008 0.071437 0.007390 1.731577
0.921090 0.000211 0.000244 0.000101 0.000007 0.070957 0.007390 1.731593
0.921556 0.000203 0.000242 0.000104 0.000007 0.070497 0.007390 1.731616
0.921995 0.000200 0.000243 0.000096 0.000007 0.070069 0.007390 1.731638
0.922410 0.000204 0.000245 0.000091 0.000007 0.069652 0.007390 1.731658
0.922831 0.000215 0.000240 0.000089 0.000007 0.069229 0.007390 1.731672
0.923239 0.000206 0.000240 0.000092 0.000007 0.068825 0.007390 1.731700
0.923649 0.000206 0.000228 0.000095 0.000007 0.068424 0.007390 1.731719
0.924066 0.000205 0.000223 0.000096 0.000007 0.068012 0.007390 1.731739
0.924469 0.000204 0.000220 0.000094 0.000007 0.067616 0.007390 1.731758
0.924865 0.000198 0.000218 0.000095 0.000006 0.067229 0.007390 1.731782
0.925245 0.000195 0.000218 0.000091 0.000006 0.066854 0.007390 1.731800
0.925627 0.000198 0.000214 0.000092 0.000007 0.066472 0.007390 1.731817
0.925996 0.000192 0.000214 0.000091 0.000007 0.066110 0.007390 1.731840
0.926343 0.000194 0.000208 0.000091 0.000007 0.065768 0.007390 1.731853
0.926688 0.000187 0.000202 0.000090 0.000006 0.065436 0.007391 1.731873
0.927027 0.000186 0.000207 0.000091 0.000006 0.065093 0.007391 1.731892
0.927339 0.000191 0.000206 0.000088 0.000006 0.064781 0.007391 1.731906
0.927670 0.000195 0.000207 0.000087 0.000005 0.064446 0.007391 1.731922
0.927976 0.000193 0.000210 0.000087 0.000005 0.064139 0.007391 1.731941
0.928290 0.000195 0.000208 0.000083 0.000005 0.063828 0.007391 1.731958
0.928598 0.000197 0.000200 0.000084 0.000005 0.063525 0.007391 1.731976
0.928890 0.000197 0.000202 0.000085 0.000004 0.063230 0.007391 1.731996
0.929163 0.000197 0.000200 0.000085 0.000004 0.062961 0.007391 1.732010
0.929418 0.000204 0.000193 0.000086 0.000004 0.062705 0.007391 1.732026
0.929674 0.000206 0.000194 0.000082 0.000003 0.062450 0.007391 1.732046
0.929941 0.000204 0.000193 0.000085 0.000004 0.062182 0.007391 1.732067
0.930183 0.000208 0.000194 0.000084 0.000004 0.061937 0.007391 1.732088
0.930436 0.000210 0.000192 0.000082 0.000004 0.061685 0.007391 1.732104
0.930666 0.000204 0.000200 0.000086 0.000004 0.061449 0.007391 1.732128
0.930904 0.000200 0.000201 0.000087 0.000004 0.061214 0.007391 1.732150
0.931117 0.000200 0.000202 0.000090 0.000004 0.060996 0.007391 1.732169
0.931335 0.000192 0.000201 0.000090 0.000004 0.060787 0.007391 1.732190
0.931541 0.000187 0.000203 0.000092 0.000005 0.060581 0.007391 1.732213
0.931749 0.000181 0.000200 0.000095 0.000005 0.060378 0.007391 1.732235
0.931960 0.000189 0.000194 0.000095 0.000005 0.060166 0.007391 1.732246
0.932151 0.000184 0.000195 0.000097 0.000005 0.059977 0.007391 1.732269
0.932349 0.000178 0.000196 0.000095 0.000005 0.059784 0.007391 1.732287
0.932543 0.000178 0.000192 0.000092 0.000006 0.059598 0.007391 1.732302
0.932732 0.000178 0.000190 0.000090 0.000006 0.059413 0.007391 1.732322
0.932902 0.000176 0.000185 0.000092 0.000006 0.059247 0.007391 1.732339
0.933091 0.000178 0.000184 0.000092 0.000006 0.059056 0.007391 1.732356
0.933277 0.000175 0.000183 0.000094 0.000006 0.058874 0.007392 1.732374
0.933461 0.000173 0.000186 0.000092 0.000006 0.058691 0.007392 1.732394
0.933617 0.000172 0.000190 0.000087 0.000006 0.058536 0.007392 1.732411
0.933768 0.000174 0.000187 0.000088 0.000006 0.058385 0.007392 1.732428
0.933930 0.000171 0.000188 0.000090 0.000006 0.058223 0.007392 1.732448
0.934081 0.000171 0.000191 0.000089 0.000005 0.058071 0.007392 1.732467
0.934242 0.000172 0.000187 0.000086 0.000005 0.057916 0.007392 1.732481
0.934413 0.000174 0.000185 0.000085 0.000005 0.057745 0.007392 1.732497
0.934583 0.000169 0.000187 0.000082 0.000004 0.057583 0.007392 1.732514
0.934731 0.000176 0.000187 0.000079 0.000004 0.057431 0.007392 1.732530
0.934879 0.000169 0.000194 0.000078 0.000004 0.057283 0.007392 1.732552
0.935015 0.000173 0.000187 0.000072 0.000004 0.057157 0.007392 1.732566
0.935148 0.000167 0.000191 0.000076 0.000004 0.057021 0.007392 1.732588
0.935285 0.000170 0.000192 0.000070 0.000004 0.056886 0.007392 1.732605
0.935411 0.000169 0.000190 0.000072 0.000004 0.056762 0.007392 1.732623
0.935570 0.000164 0.000191 0.000073 0.000003 0.056606 0.007393 1.732640
0.935697 0.000163 0.000192 0.000075 0.000003 0.056477 0.007393 1.732660
0.935827 0.000163 0.000189 0.000076 0.000003 0.056349 0.007393 1.732677
0.935970 0.000170 0.000185 0.000075 0.000003 0.056205 0.007393 1.732689
0.936097 0.000171 0.000178 0.000076 0.000003 0.056082 0.007393 1.732706
0.936221 0.000177 0.000176 0.000076 0.000003 0.055954 0.007393 1.732718
0.936341 0.000167 0.000181 0.000075 0.000003 0.055840 0.007393 1.732739
0.936453 0.000162 0.000185 0.000074 0.000003 0.055729 0.007393 1.732759
0.936580 0.000169 0.000179 0.000072 0.000002 0.055604 0.007393 1.732770
0.936697 0.000169 0.000173 0.000070 0.000003 0.055495 0.007393 1.732785
0.936812 0.000175 0.000168 0.000069 0.000003 0.055381 0.007393 1.732798
0.936927 0.000169 0.000171 0.000070 0.000003 0.055268 0.007393 1.732819
0.937027 0.000166 0.000171 0.000068 0.000003 0.055173 0.007393 1.732836
0.937127 0.000169 0.000169 0.000069 0.000004 0.055069 0.007393 1.732849
0.937219 0.000176 0.000167 0.000066 0.000004 0.054974 0.007393 1.732863
0.937310 0.000172 0.000169 0.000070 0.000004 0.054883 0.007393 1.732886
0.937406 0.000173 0.000167 0.000071 0.000004 0.054787 0.007393 1.732901
0.937502 0.000180 0.000163 0.000069 0.000004 0.054689 0.007393 1.732913
0.937585 0.000181 0.000159 0.000069 0.000005 0.054608 0.007393 1.732930
0.937687 0.000179 0.000161 0.000074 0.000005 0.054502 0.007393 1.732950
0.937778 0.000171 0.000159 0.000076 0.000005 0.054419 0.007393 1.732968
0.937869 0.000168 0.000161 0.000076 0.000004 0.054329 0.007393 1.732984
0.937954 0.000166 0.000156 0.000075 0.000004 0.054253 0.007393 1.732998
0.938044 0.000163 0.000153 0.000073 0.000004 0.054170 0.007393 1.733011
0.938131 0.000158 0.000154 0.000076 0.000004 0.054085 0.007393 1.733027
0.938217 0.000152 0.000154 0.000076 0.000003 0.054004 0.007393 1.733046
0.938298 0.000145 0.000155 0.000072 0.000003 0.053934 0.007393 1.733062
0.938378 0.000144 0.000152 0.000070 0.000003 0.053859 0.007393 1.733075
0.938456 0.000148 0.000150 0.000072 0.000003 0.053778 0.007393 1.733086
0.938521 0.000151 0.000145 0.000071 0.000003 0.053715 0.007393 1.733096
0.938601 0.000153 0.000145 0.000067 0.000003 0.053638 0.007393 1.733109
0.938667 0.000154 0.000143 0.000064 0.000003 0.053575 0.007393 1.733122
0.938723 0.000154 0.000141 0.000070 0.000002 0.053517 0.007393 1.733137
0.938778 0.000150 0.000140 0.000074 0.000002 0.053461 0.007393 1.733153
0.938855 0.000139 0.000144 0.000074 0.000002 0.053392 0.007393 1.733173
0.938926 0.000129 0.000147 0.000075 0.000002 0.053327 0.007393 1.733191
0.938991 0.000127 0.000147 0.000074 0.000002 0.053266 0.007393 1.733204
0.939047 0.000125 0.000146 0.000072 0.000002 0.053215 0.007393 1.733221
0.939099 0.000127 0.000145 0.000073 0.000001 0.053162 0.007393 1.733234
0.939155 0.000129 0.000149 0.000074 0.000001 0.053099 0.007393 1.733245
0.939211 0.000126 0.000144 0.000073 0.000001 0.053051 0.007393 1.733256
0.939260 0.000127 0.000144 0.000073 0.000001 0.053002 0.007393 1.733271
0.939315 0.000129 0.000141 0.000071 0.000002 0.052948 0.007393 1.733282
0.939360 0.000131 0.000135 0.000068 0.000001 0.052911 0.007393 1.733292
0.939406 0.000129 0.000138 0.000066 0.000001 0.052867 0.007393 1.733303
0.939458 0.000125 0.000138 0.000065 0.000002 0.052819 0.007393 1.733319
0.939503 0.000126 0.000131 0.000065 0.000002 0.052780 0.007393 1.733330
0.939558 0.000125 0.000132 0.000062 0.000003 0.052726 0.007393 1.733342
0.939609 0.000126 0.000124 0.000064 0.000002 0.052682 0.007393 1.733353
0.939660 0.000128 0.000125 0.000059 0.000002 0.052632 0.007393 1.733362
0.939698 0.000131 0.000124 0.000056 0.000003 0.052593 0.007393 1.733371
0.939736 0.000136 0.000118 0.000058 0.000003 0.052555 0.007393 1.733380
0.939775 0.000139 0.000117 0.000060 0.000003 0.052513 0.007393 1.733392
0.939824 0.000135 0.000121 0.000055 0.000004 0.052468 0.007393 1.733405
0.939864 0.000132 0.000121 0.000054 0.000004 0.052432 0.007393 1.733418
0.939906 0.000134 0.000117 0.000055 0.000004 0.052390 0.007393 1.733430
0.939950 0.000137 0.000115 0.000055 0.000004 0.052347 0.007393 1.733439
0.939996 0.000129 0.000119 0.000058 0.000004 0.052302 0.007393 1.733455
0.940038 0.000126 0.000119 0.000056 0.000004 0.052265 0.007393 1.733469
0.940074 0.000127 0.000117 0.000056 0.000005 0.052228 0.007393 1.733480
0.940114 0.000125 0.000113 0.000058 0.000005 0.052193 0.007393 1.733491
0.940152 0.000130 0.000111 0.000056 0.000005 0.052153 0.007393 1.733501
0.940189 0.000126 0.000114 0.000057 0.000005 0.052116 0.007393 1.733514
0.940224 0.000128 0.000112 0.000057 0.000004 0.052082 0.007393 1.733524
0.940271 0.000121 0.000113 0.000058 0.000004 0.052040 0.007393 1.733538
0.940302 0.000117 0.000110 0.000059 0.000003 0.052015 0.007394 1.733551
0.940332 0.000119 0.000105 0.000059 0.000003 0.051988 0.007394 1.733561
0.940357 0.000115 0.000107 0.000059 0.000003 0.051967 0.007394 1.733575
0.940386 0.000116 0.000101 0.000061 0.000003 0.051938 0.007394 1.733583
0.940418 0.000109 0.000102 0.000063 0.000003 0.051911 0.007394 1.733599
0.940448 0.000111 0.000100 0.000066 0.000003 0.051879 0.007394 1.733611
0.940478 0.000107 0.000100 0.000066 0.000003 0.051852 0.007394 1.733623
0.940508 0.000107 0.000098 0.000064 0.000003 0.051826 0.007394 1.733633
0.940537 0.000102 0.000098 0.000066 0.000003 0.051800 0.007394 1.733646
0.940568 0.000097 0.000098 0.000066 0.000003 0.051773 0.007394 1.733658
0.940585 0.000100 0.000098 0.000064 0.000003 0.051757 0.007394 1.733668
0.940610 0.000095 0.000097 0.000063 0.000003 0.051738 0.007394 1.733679
0.940630 0.000097 0.000097 0.000064 0.000003 0.051715 0.007394 1.733689
0.940649 0.000090 0.000102 0.000063 0.000004 0.051699 0.007394 1.733703
0.940668 0.000088 0.000102 0.000060 0.000004 0.051683 0.007394 1.733711
0.940702 0.000082 0.000095 0.000059 0.000004 0.051663 0.007394 1.733721
0.940724 0.000082 0.000094 0.000058 0.000003 0.051644 0.007394 1.733731
0.940744 0.000084 0.000092 0.000058 0.000003 0.051623 0.007394 1.733737
0.940762 0.000087 0.000090 0.000058 0.000003 0.051606 0.007394 1.733747
0.940789 0.000086 0.000092 0.000055 0.000003 0.051582 0.007394 1.733756
0.940810 0.000085 0.000090 0.000050 0.000003 0.051568 0.007394 1.733763
0.940831 0.000084 0.000087 0.000047 0.000003 0.051554 0.007394 1.733770
0.940853 0.000086 0.000090 0.000045 0.000003 0.051529 0.007394 1.733780
0.940866 0.000087 0.000090 0.000041 0.000003 0.051519 0.007394 1.733790
0.940880 0.000083 0.000091 0.000045 0.000003 0.051504 0.007394 1.733802
0.940893 0.000087 0.000088 0.000044 0.000003 0.051491 0.007394 1.733809
0.940915 0.000091 0.000085 0.000044 0.000003 0.051469 0.007394 1.733816
0.940937 0.000091 0.000084 0.000040 0.000003 0.051451 0.007394 1.733822
0.940959 0.000090 0.000085 0.000039 0.000003 0.051430 0.007394 1.733831
0.940977 0.000088 0.000086 0.000040 0.000003 0.051412 0.007394 1.733842
0.940994 0.000094 0.000082 0.000040 0.000003 0.051393 0.007394 1.733849
0.941018 0.000090 0.000081 0.000041 0.000003 0.051373 0.007394 1.733859
0.941040 0.000089 0.000082 0.000041 0.000003 0.051350 0.007394 1.733866
0.941061 0.000089 0.000082 0.000043 0.000003 0.051328 0.007394 1.733877
0.941080 0.000089 0.000081 0.000041 0.000003 0.051310 0.007394 1.733885
0.941097 0.000090 0.000080 0.000043 0.000003 0.051293 0.007394 1.733892
0.941113 0.000090 0.000081 0.000042 0.000003 0.051277 0.007394 1.733902
0.941132 0.000091 0.000083 0.000042 0.000003 0.051254 0.007394 1.733911
0.941159 0.000088 0.000083 0.000043 0.000003 0.051229 0.007394 1.733920
0.941176 0.000089 0.000079 0.000043 0.000003 0.051215 0.007394 1.733927
0.941197 0.000085 0.000080 0.000045 0.000004 0.051195 0.007394 1.733939
0.941219 0.000083 0.000081 0.000044 0.000003 0.051176 0.007394 1.733947
0.941233 0.000086 0.000077 0.000044 0.000003 0.051161 0.007394 1.733953
0.941256 0.000086 0.000076 0.000043 0.000003 0.051142 0.007394 1.733959
0.941277 0.000082 0.000078 0.000045 0.000003 0.051121 0.007394 1.733971
0.941287 0.000078 0.000080 0.000044 0.000004 0.051112 0.007394 1.733982
0.941306 0.000078 0.000081 0.000043 0.000004 0.051094 0.007394 1.733992
0.941320 0.000078 0.000081 0.000040 0.000004 0.051082 0.007394 1.733998
0.941341 0.000081 0.000079 0.000038 0.000004 0.051063 0.007394 1.734003
0.941365 0.000076 0.000078 0.000037 0.000004 0.051046 0.007394 1.734011
0.941375 0.000079 0.000075 0.000037 0.000004 0.051036 0.007394 1.734017
0.941386 0.000075 0.000076 0.000038 0.000004 0.051026 0.007394 1.734028
0.941407 0.000068 0.000081 0.000039 0.000004 0.051007 0.007394 1.734039
0.941419 0.000070 0.000080 0.000038 0.000004 0.050994 0.007394 1.734043
0.941427 0.000074 0.000077 0.000036 0.000004 0.050988 0.007394 1.734050
0.941440 0.000077 0.000073 0.000032 0.000004 0.050980 0.007394 1.734056
0.941453 0.000082 0.000074 0.000032 0.000004 0.050961 0.007394 1.734063
0.941460 0.000075 0.000078 0.000035 0.000004 0.050953 0.007394 1.734078
0.941470 0.000079 0.000076 0.000035 0.000004 0.050942 0.007394 1.734085
0.941484 0.000083 0.000073 0.000034 0.000004 0.050927 0.007394 1.734090
0.941500 0.000078 0.000073 0.000036 0.000004 0.050914 0.007394 1.734101
0.941513 0.000078 0.000071 0.000036 0.000004 0.050902 0.007394 1.734107
0.941527 0.000082 0.000069 0.000035 0.000003 0.050889 0.007394 1.734112
0.941542 0.000081 0.000070 0.000034 0.000004 0.050875 0.007394 1.734119
0.941559 0.000079 0.000069 0.000034 0.000004 0.050861 0.007394 1.734127
0.941575 0.000079 0.000068 0.000034 0.000004 0.050845 0.007394 1.734133
0.941586 0.000082 0.000067 0.000035 0.000004 0.050831 0.007394 1.734138
0.941601 0.000084 0.000069 0.000033 0.000003 0.050815 0.007394 1.734144
0.941609 0.000085 0.000073 0.000031 0.000004 0.050804 0.007394 1.734153
0.941616 0.000086 0.000074 0.000031 0.000004 0.050794 0.007394 1.734161
0.941620 0.000082 0.000081 0.000033 0.000004 0.050786 0.007394 1.734173
0.941631 0.000074 0.000084 0.000034 0.000003 0.050779 0.007394 1.734186
0.941641 0.000073 0.000081 0.000035 0.000003 0.050772 0.007394 1.734193
0.941650 0.000074 0.000081 0.000033 0.000003 0.050765 0.007394 1.734199
0.941652 0.000077 0.000083 0.000032 0.000003 0.050759 0.007394 1.734206
0.941660 0.000076 0.000085 0.000034 0.000003 0.050748 0.007394 1.734216
0.941667 0.000078 0.000085 0.000030 0.000002 0.050743 0.007394 1.734223
0.941670 0.000078 0.000083 0.000031 0.000002 0.050740 0.007394 1.734232
0.941676 0.000083 0.000082 0.000030 0.000002 0.050731 0.007394 1.734238
0.941685 0.000086 0.000083 0.000032 0.000002 0.050718 0.007394 1.734245
0.941691 0.000084 0.000082 0.000033 0.000002 0.050713 0.007394 1.734255
0.941698 0.000084 0.000085 0.000033 0.000002 0.050704 0.007394 1.734263
0.941710 0.000081 0.000085 0.000033 0.000002 0.050695 0.007394 1.734273
0.941717 0.000083 0.000084 0.000033 0.000002 0.050687 0.007394 1.734279
0.941720 0.000083 0.000082 0.000036 0.000002 0.050682 0.007394 1.734288
0.941724 0.000087 0.000081 0.000035 0.000002 0.050676 0.007394 1.734294
0.941726 0.000090 0.000080 0.000037 0.000002 0.050671 0.007395 1.734301
0.941741 0.000091 0.000077 0.000038 0.000002 0.050657 0.007395 1.734309
0.941747 0.000093 0.000079 0.000038 0.000002 0.050647 0.007395 1.734318
0.941747 0.000098 0.000076 0.000037 0.000002 0.050645 0.007395 1.734322
0.941748 0.000100 0.000082 0.000039 0.000002 0.050634 0.007395 1.734332
0.941751 0.000101 0.000081 0.000040 0.000002 0.050631 0.007395 1.734341
0.941750 0.000101 0.000083 0.000039 0.000002 0.050631 0.007395 1.734352
0.941752 0.000105 0.000081 0.000036 0.000002 0.050628 0.007395 1.734357
0.941754 0.000108 0.000079 0.000038 0.000002 0.050624 0.007395 1.734364
0.941755 0.000106 0.000080 0.000040 0.000002 0.050622 0.007395 1.734376
0.941756 0.000108 0.000079 0.000043 0.000002 0.050617 0.007395 1.734387
0.941755 0.000115 0.000079 0.000044 0.000002 0.050610 0.007395 1.734394
0.941759 0.000116 0.000078 0.000045 0.000002 0.050605 0.007395 1.734403
0.941758 0.000117 0.000078 0.000044 0.000002 0.050605 0.007395 1.734414
0.941761 0.000113 0.000080 0.000045 0.000002 0.050604 0.007395 1.734428
0.941767 0.000110 0.000083 0.000044 0.000002 0.050599 0.007395 1.734435
0.941769 0.000110 0.000085 0.000045 0.000002 0.050594 0.007395 1.734446
0.941771 0.000111 0.000084 0.000046 0.000002 0.050591 0.007395 1.734457
0.941770 0.000111 0.000090 0.000043 0.000001 0.050589 0.007395 1.734468
0.941770 0.000109 0.000090 0.000047 0.000001 0.050588 0.007395 1.734481
0.941772 0.000107 0.000091 0.000047 0.000001 0.050587 0.007395 1.734493
0.941774 0.000104 0.000093 0.000049 0.000000 0.050584 0.007395 1.734504
0.941773 0.000109 0.000091 0.000048 0.000000 0.050584 0.007395 1.734512
0.941767 0.000110 0.000096 0.000047 0.000000 0.050583 0.007395 1.734526
0.941766 0.000114 0.000093 0.000050 0.000000 0.050580 0.007395 1.734536
0.941765 0.000117 0.000095 0.000050 0.000000 0.050578 0.007395 1.734546
0.941769 0.000118 0.000091 0.000051 0.000000 0.050574 0.007395 1.734557
0.941774 0.000111 0.000095 0.000052 0.000000 0.050572 0.007396 1.734571
0.941766 0.000112 0.000096 0.000054 0.000000 0.050576 0.007396 1.734585
0.941766 0.000113 0.000093 0.000053 0.000000 0.050578 0.007396 1.734594
0.941766 0.000116 0.000093 0.000053 0.000000 0.050575 0.007396 1.734602
0.941768 0.000112 0.000097 0.000054 0.000000 0.050572 0.007396 1.734615
0.941765 0.000115 0.000096 0.000054 0.000000 0.050573 0.007396 1.734625
0.941767 0.000116 0.000095 0.000051 0.000000 0.050573 0.007396 1.734632
0.941762 0.000124 0.000095 0.000051 0.000000 0.050572 0.007396 1.734641
0.941761 0.000126 0.000098 0.000050 0.000000 0.050569 0.007396 1.734650
0.941757 0.000126 0.000102 0.000048 0.000000 0.050570 0.007396 1.734661
0.941758 0.000126 0.000106 0.000050 0.000000 0.050564 0.007396 1.734672
0.941757 0.000122 0.000108 0.000051 0.000000 0.050565 0.007396 1.734689
0.941757 0.000127 0.000107 0.000049 0.000000 0.050564 0.007396 1.734694
0.941755 0.000127 0.000110 0.000048 0.000000 0.050563 0.007396 1.734708
0.941755 0.000124 0.000109 0.000051 0.000000 0.050563 0.007396 1.734721
0.941752 0.000126 0.000107 0.000052 0.000000 0.050566 0.007396 1.734733
0.941756 0.000121 0.000106 0.000050 0.000000 0.050570 0.007396 1.734744
0.941754 0.000120 0.000113 0.000051 0.000000 0.050566 0.007396 1.734758
0.941756 0.000113 0.000111 0.000052 0.000000 0.050571 0.007396 1.734773
0.941755 0.000112 0.000112 0.000052 0.000000 0.050573 0.007396 1.734785
0.941758 0.000108 0.000113 0.000047 0.000002 0.050576 0.007396 1.734797
0.941758 0.000109 0.000111 0.000047 0.000002 0.050579 0.007396 1.734805
0.941756 0.000102 0.000117 0.000047 0.000002 0.050581 0.007396 1.734820
0.941760 0.000097 0.000118 0.000046 0.000002 0.050581 0.007396 1.734831
0.941760 0.000092 0.000118 0.000048 0.000002 0.050584 0.007396 1.734844
0.941763 0.000091 0.000114 0.000049 0.000002 0.050585 0.007396 1.734853
0.941764 0.000089 0.000111 0.000047 0.000002 0.050592 0.007396 1.734861
0.941770 0.000081 0.000113 0.000045 0.000002 0.050593 0.007396 1.734874
0.941773 0.000083 0.000107 0.000045 0.000002 0.050594 0.007396 1.734879
0.941773 0.000081 0.000109 0.000044 0.000002 0.050594 0.007396 1.734890
0.941774 0.000086 0.000105 0.000043 0.000002 0.050594 0.007396 1.734897
0.941779 0.000082 0.000102 0.000044 0.000002 0.050595 0.007396 1.734904
0.941779 0.000081 0.000100 0.000040 0.000003 0.050601 0.007396 1.734913
0.941776 0.000079 0.000099 0.000043 0.000003 0.050605 0.007396 1.734922
0.941782 0.000080 0.000097 0.000041 0.000002 0.050602 0.007396 1.734929
0.941782 0.000081 0.000095 0.000041 0.000002 0.050604 0.007396 1.734936
0.941784 0.000081 0.000093 0.000039 0.000002 0.050605 0.007396 1.734942
0.941783 0.000083 0.000094 0.000035 0.000002 0.050607 0.007396 1.734948
0.941785 0.000082 0.000089 0.000037 0.000002 0.050608 0.007396 1.734956
0.941785 0.000082 0.000089 0.000038 0.000002 0.050608 0.007396 1.734964
0.941782 0.000078 0.000093 0.000037 0.000002 0.050613 0.007396 1.734976
0.941787 0.000075 0.000088 0.000039 0.000002 0.050612 0.007396 1.734982
0.941790 0.000076 0.000091 0.000042 0.000002 0.050604 0.007396 1.734991
0.941794 0.000076 0.000088 0.000040 0.000003 0.050603 0.007396 1.734997
0.941795 0.000077 0.000082 0.000040 0.000002 0.050607 0.007396 1.735002
0.941795 0.000073 0.000083 0.000040 0.000002 0.050612 0.007396 1.735013
0.941792 0.000077 0.000083 0.000040 0.000002 0.050611 0.007396 1.735021
0.941797 0.000073 0.000081 0.000040 0.000002 0.050610 0.007396 1.735028
0.941798 0.000075 0.000077 0.000040 0.000002 0.050613 0.007396 1.735032
0.941800 0.000073 0.000077 0.000041 0.000002 0.050611 0.007396 1.735041
0.941797 0.000075 0.000077 0.000044 0.000002 0.050610 0.007396 1.735048
0.941799 0.000077 0.000076 0.000044 0.000002 0.050606 0.007396 1.735055
0.941805 0.000074 0.000073 0.000044 0.000002 0.050607 0.007396 1.735060
0.941814 0.000073 0.000074 0.000044 0.000002 0.050598 0.007396 1.735067
0.941819 0.000066 0.000077 0.000045 0.000002 0.050595 0.007396 1.735078
0.941821 0.000070 0.000075 0.000046 0.000002 0.050591 0.007396 1.735081
0.941821 0.000070 0.000078 0.000044 0.000002 0.050589 0.007396 1.735090
0.941821 0.000068 0.000080 0.000044 0.000002 0.050589 0.007396 1.735100
0.941823 0.000068 0.000080 0.000042 0.000002 0.050590 0.007396 1.735107
0.941834 0.000064 0.000074 0.000043 0.000002 0.050587 0.007396 1.735114
0.941838 0.000063 0.000072 0.000042 0.000003 0.050588 0.007396 1.735119
0.941840 0.000061 0.000069 0.000040 0.000003 0.050590 0.007396 1.735123
0.941839 0.000064 0.000068 0.000041 0.000003 0.050589 0.007396 1.735127
0.941841 0.000067 0.000067 0.000041 0.000003 0.050585 0.007396 1.735131
0.941848 0.000064 0.000071 0.000040 0.000003 0.050578 0.007396 1.735139
0.941849 0.000063 0.000071 0.000041 0.000003 0.050576 0.007396 1.735148
0.941849 0.000065 0.000068 0.000041 0.000002 0.050578 0.007396 1.735154
0.941855 0.000060 0.000070 0.000040 0.000002 0.050576 0.007396 1.735161
0.941854 0.000064 0.000069 0.000040 0.000002 0.050575 0.007396 1.735165
0.941858 0.000062 0.000068 0.000040 0.000001 0.050574 0.007396 1.735172
0.941859 0.000060 0.000068 0.000041 0.000002 0.050573 0.007396 1.735180
0.941860 0.000063 0.000071 0.000040 0.000002 0.050569 0.007396 1.735187
0.941869 0.000061 0.000074 0.000040 0.000002 0.050559 0.007396 1.735193
0.941873 0.000062 0.000071 0.000039 0.000002 0.050557 0.007396 1.735201
0.941880 0.000059 0.000072 0.000037 0.000002 0.050554 0.007396 1.735209
0.941883 0.000057 0.000070 0.000036 0.000002 0.050556 0.007396 1.735215
0.941888 0.000058 0.000070 0.000035 0.000002 0.050550 0.007396 1.735219
0.941888 0.000059 0.000067 0.000034 0.000002 0.050554 0.007396 1.735223
0.941896 0.000057 0.000068 0.000033 0.000002 0.050548 0.007396 1.735232
0.941900 0.000053 0.000071 0.000035 0.000002 0.050543 0.007396 1.735241
0.941901 0.000053 0.000068 0.000034 0.000002 0.050545 0.007396 1.735247
0.941901 0.000055 0.000064 0.000033 0.000002 0.050549 0.007396 1.735251
0.941904 0.000055 0.000064 0.000034 0.000002 0.050545 0.007396 1.735256
0.941905 0.000055 0.000060 0.000031 0.000002 0.050550 0.007396 1.735262
0.941910 0.000057 0.000056 0.000032 0.000002 0.050547 0.007396 1.735265
0.941915 0.000057 0.000054 0.000033 0.000002 0.050543 0.007396 1.735270
0.941919 0.000054 0.000056 0.000034 0.000002 0.050539 0.007396 1.735276
0.941922 0.000055 0.000053 0.000032 0.000002 0.050540 0.007396 1.735282
0.941927 0.000057 0.000052 0.000033 0.000002 0.050533 0.007396 1.735286
0.941930 0.000056 0.000052 0.000031 0.000002 0.050532 0.007396 1.735291
0.941938 0.000056 0.000052 0.000030 0.000002 0.050525 0.007396 1.735296
0.941940 0.000054 0.000054 0.000030 0.000002 0.050524 0.007396 1.735304
0.941941 0.000054 0.000053 0.000030 0.000003 0.050523 0.007396 1.735309
0.941945 0.000049 0.000054 0.000031 0.000003 0.050522 0.007396 1.735317
0.941948 0.000051 0.000051 0.000029 0.000003 0.050522 0.007396 1.735321
0.941951 0.000050 0.000052 0.000028 0.000003 0.050520 0.007396 1.735325
0.941955 0.000051 0.000049 0.000028 0.000003 0.050518 0.007396 1.735328
0.941956 0.000053 0.000049 0.000027 0.000003 0.050516 0.007396 1.735332
0.941961 0.000051 0.000051 0.000024 0.000003 0.050513 0.007396 1.735336
0.941959 0.000051 0.000049 0.000023 0.000003 0.050518 0.007396 1.735341
0.941963 0.000051 0.000049 0.000022 0.000003 0.050515 0.007396 1.735344
0.941963 0.000050 0.000048 0.000026 0.000003 0.050514 0.007396 1.735350
0.941971 0.000048 0.000048 0.000023 0.000003 0.050511 0.007396 1.735353
0.941974 0.000049 0.000048 0.000024 0.000002 0.050507 0.007396 1.735358
0.941976 0.000050 0.000048 0.000024 0.000002 0.050503 0.007396 1.735362
0.941977 0.000051 0.000048 0.000024 0.000002 0.050502 0.007396 1.735367
0.941981 0.000052 0.000050 0.000023 0.000002 0.050495 0.007396 1.735370
0.941982 0.000050 0.000047 0.000027 0.000003 0.050496 0.007396 1.735376
0.941982 0.000051 0.000050 0.000023 0.000003 0.050495 0.007397 1.735381
0.941984 0.000049 0.000051 0.000024 0.000003 0.050492 0.007397 1.735387
0.941986 0.000048 0.000050 0.000025 0.000003 0.050492 0.007397 1.735391
0.941983 0.000050 0.000050 0.000027 0.000003 0.050491 0.007397 1.735398
0.941983 0.000051 0.000051 0.000026 0.000002 0.050489 0.007397 1.735403
0.941988 0.000048 0.000051 0.000024 0.000002 0.050489 0.007397 1.735410
0.941988 0.000050 0.000049 0.000024 0.000002 0.050490 0.007397 1.735414
0.941985 0.000054 0.000046 0.000024 0.000002 0.050492 0.007397 1.735418
0.941989 0.000051 0.000050 0.000024 0.000002 0.050487 0.007397 1.735425
