0.360517 0.061411 0.055195 0.031778 0.001999 0.483295 0.005806 1.586865
0.363321 0.058805 0.055124 0.031596 0.001989 0.483329 0.005837 1.592733
0.367007 0.055584 0.054932 0.031210 0.001991 0.483422 0.005855 1.598326
0.371206 0.052069 0.054577 0.030755 0.001980 0.483532 0.005882 1.603683
0.375805 0.048679 0.053956 0.030151 0.001982 0.483521 0.005907 1.608572
0.380561 0.045342 0.053181 0.029510 0.001970 0.483508 0.005930 1.613144
0.385515 0.042119 0.052272 0.028827 0.001958 0.483356 0.005952 1.617424
0.390676 0.039016 0.051277 0.028036 0.001942 0.483076 0.005977 1.621428
0.395905 0.036226 0.050078 0.027148 0.001954 0.482688 0.006001 1.625025
0.401242 0.033437 0.048943 0.026315 0.001945 0.482098 0.006022 1.628516
0.406579 0.030854 0.047730 0.025473 0.001941 0.481379 0.006044 1.631736
0.411993 0.028514 0.046462 0.024527 0.001919 0.480516 0.006070 1.634654
0.417512 0.026341 0.045013 0.023594 0.001912 0.479526 0.006103 1.637330
0.423062 0.024381 0.043536 0.022724 0.001899 0.478275 0.006125 1.639793
0.428545 0.022618 0.042058 0.021765 0.001882 0.476979 0.006154 1.642027
0.434051 0.020943 0.040531 0.020832 0.001853 0.475615 0.006176 1.644121
0.439435 0.019417 0.039040 0.019951 0.001830 0.474124 0.006202 1.646060
0.445032 0.017989 0.037562 0.019085 0.001810 0.472294 0.006229 1.647860
0.450563 0.016693 0.036081 0.018290 0.001784 0.470338 0.006252 1.649539
0.456168 0.015476 0.034600 0.017415 0.001761 0.468300 0.006281 1.651090
0.461726 0.014304 0.033208 0.016600 0.001741 0.466122 0.006300 1.652569
0.467204 0.013239 0.031839 0.015838 0.001721 0.463843 0.006316 1.653922
0.472650 0.012306 0.030449 0.015096 0.001689 0.461472 0.006339 1.655135
0.478120 0.011441 0.029153 0.014370 0.001657 0.458900 0.006360 1.656296
0.483535 0.010626 0.027891 0.013658 0.001626 0.456284 0.006379 1.657390
0.488957 0.009875 0.026619 0.012996 0.001597 0.453555 0.006399 1.658400
0.494413 0.009171 0.025391 0.012349 0.001572 0.450686 0.006420 1.659346
0.499862 0.008532 0.024261 0.011779 0.001544 0.447584 0.006439 1.660222
0.505340 0.007923 0.023182 0.011193 0.001510 0.444398 0.006455 1.661056
0.510656 0.007383 0.022080 0.010616 0.001476 0.441317 0.006472 1.661810
0.515917 0.006896 0.021052 0.010101 0.001448 0.438097 0.006490 1.662511
0.521174 0.006458 0.019988 0.009565 0.001403 0.434901 0.006511 1.663154
0.526483 0.006031 0.019027 0.009061 0.001373 0.431499 0.006529 1.663774
0.531745 0.005650 0.018162 0.008578 0.001342 0.427977 0.006547 1.664343
0.536862 0.005280 0.017292 0.008143 0.001311 0.424549 0.006564 1.664896
0.542023 0.004935 0.016492 0.007716 0.001280 0.420974 0.006580 1.665405
0.547074 0.004612 0.015711 0.007346 0.001243 0.417416 0.006598 1.665889
0.552024 0.004346 0.014933 0.006953 0.001210 0.413923 0.006613 1.666321
0.557019 0.004078 0.014204 0.006601 0.001178 0.410288 0.006633 1.666754
0.562081 0.003846 0.013456 0.006250 0.001148 0.406570 0.006649 1.667129
0.566951 0.003617 0.012733 0.005935 0.001113 0.402988 0.006664 1.667501
0.571848 0.003419 0.012118 0.005642 0.001082 0.399212 0.006680 1.667841
0.576697 0.003223 0.011531 0.005354 0.001051 0.395454 0.006691 1.668172
0.581458 0.003053 0.010944 0.005065 0.001025 0.391751 0.006703 1.668470
0.586318 0.002884 0.010406 0.004821 0.000998 0.387859 0.006715 1.668768
0.591010 0.002742 0.009867 0.004557 0.000970 0.384128 0.006726 1.669043
0.595699 0.002618 0.009360 0.004307 0.000945 0.380331 0.006740 1.669289
0.600333 0.002465 0.008903 0.004062 0.000920 0.376565 0.006754 1.669543
0.604863 0.002347 0.008430 0.003848 0.000891 0.372854 0.006767 1.669761
0.609462 0.002207 0.008019 0.003643 0.000869 0.369022 0.006778 1.669994
0.613991 0.002088 0.007621 0.003456 0.000841 0.365212 0.006792 1.670211
0.618438 0.001987 0.007219 0.003270 0.000811 0.361471 0.006806 1.670403
0.622864 0.001887 0.006846 0.003081 0.000787 0.357717 0.006818 1.670586
0.627225 0.001803 0.006523 0.002916 0.000766 0.353942 0.006826 1.670767
0.631512 0.001719 0.006178 0.002768 0.000740 0.350247 0.006836 1.670940
0.635766 0.001626 0.005879 0.002622 0.000720 0.346542 0.006846 1.671114
0.639981 0.001541 0.005590 0.002503 0.000700 0.342826 0.006860 1.671285
0.644170 0.001461 0.005309 0.002350 0.000676 0.339163 0.006870 1.671433
0.648256 0.001393 0.005046 0.002228 0.000654 0.335542 0.006881 1.671579
0.652351 0.001336 0.004829 0.002108 0.000632 0.331851 0.006895 1.671715
0.656405 0.001296 0.004546 0.001999 0.000611 0.328238 0.006906 1.671834
0.660494 0.001222 0.004327 0.001895 0.000594 0.324557 0.006912 1.671965
0.664519 0.001164 0.004131 0.001806 0.000572 0.320886 0.006922 1.672089
0.668477 0.001108 0.003920 0.001734 0.000549 0.317283 0.006930 1.672211
0.672291 0.001067 0.003729 0.001649 0.000531 0.313797 0.006936 1.672316
0.676141 0.001037 0.003537 0.001546 0.000513 0.310281 0.006945 1.672411
0.679950 0.000998 0.003366 0.001458 0.000488 0.306785 0.006956 1.672509
0.683711 0.000968 0.003198 0.001386 0.000473 0.303305 0.006960 1.672590
0.687421 0.000925 0.003030 0.001308 0.000455 0.299895 0.006967 1.672676
0.691113 0.000879 0.002868 0.001238 0.000441 0.296487 0.006973 1.672768
0.694722 0.000830 0.002742 0.001182 0.000430 0.293114 0.006979 1.672869
0.698295 0.000807 0.002601 0.001114 0.000420 0.289781 0.006984 1.672941
0.701832 0.000776 0.002489 0.001059 0.000406 0.286448 0.006991 1.673017
0.705319 0.000752 0.002386 0.001010 0.000390 0.283146 0.006998 1.673092
0.708838 0.000715 0.002276 0.000956 0.000376 0.279836 0.007004 1.673166
0.712318 0.000698 0.002164 0.000899 0.000365 0.276549 0.007009 1.673227
0.715742 0.000656 0.002083 0.000855 0.000354 0.273300 0.007012 1.673307
0.719020 0.000643 0.001978 0.000804 0.000346 0.270196 0.007016 1.673364
0.722381 0.000615 0.001896 0.000759 0.000338 0.266992 0.007020 1.673423
0.725717 0.000593 0.001808 0.000724 0.000323 0.263811 0.007025 1.673485
0.728960 0.000562 0.001730 0.000690 0.000317 0.260714 0.007028 1.673555
0.732136 0.000547 0.001649 0.000661 0.000310 0.257668 0.007031 1.673606
0.735229 0.000528 0.001558 0.000622 0.000298 0.254728 0.007037 1.673655
0.738417 0.000514 0.001482 0.000598 0.000288 0.251662 0.007039 1.673706
0.741533 0.000489 0.001408 0.000566 0.000279 0.248685 0.007042 1.673760
0.744583 0.000469 0.001347 0.000534 0.000268 0.245754 0.007046 1.673804
0.747592 0.000464 0.001287 0.000512 0.000258 0.242838 0.007050 1.673848
0.750592 0.000447 0.001230 0.000500 0.000249 0.239928 0.007054 1.673894
0.753534 0.000435 0.001178 0.000477 0.000240 0.237078 0.007059 1.673936
0.756415 0.000427 0.001113 0.000458 0.000232 0.234292 0.007064 1.673975
0.759213 0.000406 0.001068 0.000440 0.000227 0.231579 0.007067 1.674018
0.762010 0.000389 0.001016 0.000426 0.000222 0.228868 0.007069 1.674059
0.764836 0.000375 0.000975 0.000411 0.000218 0.226117 0.007071 1.674100
0.767613 0.000361 0.000931 0.000396 0.000209 0.223416 0.007075 1.674137
0.770366 0.000350 0.000876 0.000382 0.000201 0.220746 0.007080 1.674171
0.773030 0.000337 0.000834 0.000368 0.000195 0.218154 0.007084 1.674202
0.775775 0.000327 0.000803 0.000346 0.000188 0.215475 0.007087 1.674233
0.778409 0.000324 0.000759 0.000331 0.000182 0.212908 0.007088 1.674255
0.781088 0.000305 0.000728 0.000320 0.000171 0.210298 0.007090 1.674292
0.783718 0.000289 0.000705 0.000310 0.000165 0.207722 0.007092 1.674326
0.786270 0.000276 0.000683 0.000297 0.000162 0.205220 0.007092 1.674357
0.788803 0.000268 0.000655 0.000279 0.000154 0.202745 0.007096 1.674380
0.791381 0.000262 0.000623 0.000264 0.000144 0.200226 0.007101 1.674402
0.793859 0.000256 0.000594 0.000257 0.000138 0.197793 0.007103 1.674421
0.796322 0.000247 0.000576 0.000242 0.000133 0.195374 0.007106 1.674449
0.798755 0.000239 0.000552 0.000235 0.000127 0.192984 0.007109 1.674472
0.801137 0.000235 0.000528 0.000226 0.000122 0.190642 0.007111 1.674493
0.803505 0.000226 0.000494 0.000215 0.000117 0.188330 0.007113 1.674512
0.805849 0.000214 0.000482 0.000207 0.000114 0.186020 0.007115 1.674537
0.808116 0.000205 0.000456 0.000194 0.000111 0.183801 0.007117 1.674559
0.810395 0.000203 0.000443 0.000184 0.000106 0.181550 0.007119 1.674576
0.812609 0.000194 0.000430 0.000177 0.000103 0.179367 0.007121 1.674599
0.814792 0.000187 0.000408 0.000168 0.000096 0.177225 0.007124 1.674617
0.816904 0.000182 0.000393 0.000162 0.000094 0.175142 0.007124 1.674635
0.819165 0.000170 0.000378 0.000159 0.000090 0.172911 0.007126 1.674660
0.821325 0.000167 0.000362 0.000155 0.000085 0.170778 0.007128 1.674675
0.823444 0.000162 0.000351 0.000146 0.000082 0.168686 0.007129 1.674691
0.825465 0.000149 0.000342 0.000137 0.000080 0.166696 0.007130 1.674712
0.827437 0.000148 0.000326 0.000130 0.000077 0.164750 0.007131 1.674724
0.829401 0.000141 0.000318 0.000128 0.000073 0.162806 0.007133 1.674741
0.831322 0.000138 0.000300 0.000123 0.000070 0.160913 0.007134 1.674752
0.833313 0.000133 0.000286 0.000120 0.000068 0.158946 0.007135 1.674766
0.835230 0.000131 0.000274 0.000115 0.000064 0.157050 0.007137 1.674777
0.837101 0.000127 0.000259 0.000114 0.000063 0.155198 0.007137 1.674787
0.838912 0.000124 0.000251 0.000109 0.000060 0.153405 0.007139 1.674801
0.840731 0.000119 0.000236 0.000104 0.000057 0.151612 0.007141 1.674814
0.842520 0.000115 0.000229 0.000101 0.000054 0.149838 0.007142 1.674826
0.844266 0.000111 0.000224 0.000097 0.000051 0.148107 0.007143 1.674839
0.845955 0.000109 0.000213 0.000094 0.000050 0.146435 0.007144 1.674848
0.847654 0.000109 0.000209 0.000088 0.000048 0.144746 0.007145 1.674859
0.849331 0.000107 0.000204 0.000083 0.000047 0.143081 0.007147 1.674867
0.850846 0.000104 0.000199 0.000077 0.000046 0.141580 0.007147 1.674881
0.852410 0.000097 0.000195 0.000076 0.000044 0.140030 0.007148 1.674895
0.853968 0.000092 0.000200 0.000070 0.000042 0.138479 0.007149 1.674908
0.855442 0.000091 0.000198 0.000066 0.000040 0.137014 0.007150 1.674916
0.856892 0.000084 0.000200 0.000063 0.000037 0.135572 0.007151 1.674929
0.858370 0.000082 0.000190 0.000060 0.000036 0.134110 0.007153 1.674936
0.859743 0.000079 0.000181 0.000059 0.000034 0.132750 0.007153 1.674946
0.861066 0.000081 0.000170 0.000057 0.000031 0.131440 0.007154 1.674951
0.862416 0.000078 0.000156 0.000056 0.000032 0.130108 0.007154 1.674961
0.863692 0.000073 0.000150 0.000051 0.000030 0.128847 0.007155 1.674968
0.864942 0.000074 0.000143 0.000045 0.000029 0.127611 0.007155 1.674973
0.866136 0.000072 0.000138 0.000046 0.000028 0.126425 0.007155 1.674979
0.867326 0.000069 0.000136 0.000045 0.000027 0.125241 0.007156 1.674988
0.868462 0.000067 0.000126 0.000044 0.000026 0.124119 0.007157 1.674994
0.869623 0.000065 0.000122 0.000042 0.000026 0.122966 0.007157 1.675000
0.870733 0.000065 0.000117 0.000042 0.000025 0.121859 0.007158 1.675007
0.871787 0.000061 0.000115 0.000042 0.000024 0.120812 0.007159 1.675016
0.872863 0.000060 0.000111 0.000040 0.000023 0.119743 0.007160 1.675021
0.873874 0.000061 0.000105 0.000040 0.000022 0.118737 0.007160 1.675027
0.874823 0.000062 0.000104 0.000039 0.000020 0.117790 0.007162 1.675032
0.875767 0.000060 0.000100 0.000040 0.000020 0.116851 0.007162 1.675039
0.876684 0.000060 0.000097 0.000038 0.000019 0.115939 0.007163 1.675043
0.877559 0.000058 0.000097 0.000037 0.000019 0.115069 0.007163 1.675050
0.878436 0.000055 0.000095 0.000034 0.000017 0.114201 0.007163 1.675056
0.879229 0.000052 0.000093 0.000034 0.000017 0.113413 0.007163 1.675062
0.880037 0.000052 0.000092 0.000034 0.000016 0.112606 0.007163 1.675068
0.880807 0.000051 0.000088 0.000034 0.000016 0.111840 0.007163 1.675074
0.881564 0.000055 0.000084 0.000033 0.000015 0.111085 0.007163 1.675077
0.882290 0.000051 0.000080 0.000033 0.000015 0.110368 0.007164 1.675084
0.882974 0.000049 0.000076 0.000031 0.000014 0.109692 0.007164 1.675089
0.883670 0.000047 0.000077 0.000030 0.000014 0.108997 0.007164 1.675094
0.884336 0.000046 0.000074 0.000030 0.000014 0.108336 0.007164 1.675098
0.884961 0.000046 0.000071 0.000029 0.000013 0.107717 0.007164 1.675100
0.885555 0.000046 0.000064 0.000030 0.000012 0.107128 0.007165 1.675104
0.886113 0.000047 0.000061 0.000030 0.000012 0.106573 0.007165 1.675108
0.886652 0.000046 0.000056 0.000029 0.000011 0.106041 0.007165 1.675110
0.887177 0.000046 0.000054 0.000028 0.000012 0.105519 0.007165 1.675113
0.887666 0.000044 0.000054 0.000026 0.000010 0.105036 0.007165 1.675117
0.888164 0.000044 0.000052 0.000024 0.000010 0.104542 0.007165 1.675120
0.888652 0.000043 0.000052 0.000024 0.000009 0.104057 0.007165 1.675125
0.889118 0.000040 0.000053 0.000022 0.000009 0.103594 0.007165 1.675129
0.889563 0.000040 0.000053 0.000021 0.000009 0.103149 0.007165 1.675131
0.889999 0.000039 0.000051 0.000020 0.000009 0.102717 0.007165 1.675135
0.890398 0.000038 0.000047 0.000020 0.000008 0.102324 0.007165 1.675137
0.890767 0.000039 0.000045 0.000020 0.000008 0.101956 0.007165 1.675140
0.891138 0.000034 0.000049 0.000020 0.000008 0.101587 0.007165 1.675149
0.891493 0.000033 0.000045 0.000020 0.000007 0.101237 0.007165 1.675152
0.891843 0.000031 0.000045 0.000022 0.000007 0.100888 0.007165 1.675157
0.892176 0.000031 0.000042 0.000022 0.000006 0.100557 0.007166 1.675159
0.892497 0.000031 0.000040 0.000020 0.000006 0.100241 0.007166 1.675159
0.892811 0.000032 0.000037 0.000019 0.000006 0.099930 0.007166 1.675162
0.893074 0.000033 0.000037 0.000015 0.000006 0.099670 0.007166 1.675164
0.893353 0.000032 0.000037 0.000016 0.000006 0.099391 0.007166 1.675167
0.893622 0.000028 0.000036 0.000016 0.000006 0.099127 0.007166 1.675172
0.893887 0.000028 0.000037 0.000017 0.000006 0.098861 0.007166 1.675175
0.894153 0.000026 0.000036 0.000016 0.000005 0.098598 0.007166 1.675178
0.894394 0.000027 0.000034 0.000015 0.000005 0.098360 0.007166 1.675179
0.894629 0.000025 0.000035 0.000015 0.000005 0.098126 0.007166 1.675182
0.894862 0.000026 0.000034 0.000015 0.000005 0.097892 0.007166 1.675183
0.895069 0.000027 0.000034 0.000014 0.000005 0.097685 0.007166 1.675185
0.895284 0.000028 0.000031 0.000014 0.000005 0.097473 0.007166 1.675185
0.895505 0.000025 0.000030 0.000014 0.000005 0.097256 0.007166 1.675188
0.895717 0.000023 0.000029 0.000013 0.000005 0.097047 0.007166 1.675191
0.895912 0.000020 0.000030 0.000014 0.000005 0.096852 0.007166 1.675195
0.896094 0.000018 0.000027 0.000015 0.000005 0.096675 0.007166 1.675198
0.896293 0.000018 0.000026 0.000014 0.000006 0.096478 0.007166 1.675200
0.896465 0.000017 0.000027 0.000013 0.000006 0.096305 0.007166 1.675203
0.896635 0.000018 0.000025 0.000014 0.000006 0.096136 0.007166 1.675205
0.896800 0.000019 0.000023 0.000012 0.000006 0.095974 0.007166 1.675206
0.896968 0.000017 0.000021 0.000013 0.000005 0.095809 0.007166 1.675208
0.897102 0.000018 0.000018 0.000012 0.000005 0.095679 0.007166 1.675209
0.897228 0.000018 0.000018 0.000010 0.000005 0.095555 0.007166 1.675210
0.897349 0.000017 0.000019 0.000010 0.000005 0.095435 0.007166 1.675213
0.897455 0.000015 0.000019 0.000010 0.000005 0.095331 0.007166 1.675216
0.897551 0.000015 0.000019 0.000009 0.000005 0.095235 0.007166 1.675218
0.897660 0.000014 0.000020 0.000008 0.000005 0.095128 0.007166 1.675221
0.897750 0.000013 0.000021 0.000008 0.000005 0.095037 0.007166 1.675223
0.897832 0.000011 0.000022 0.000008 0.000004 0.094957 0.007166 1.675224
0.897904 0.000010 0.000020 0.000008 0.000004 0.094888 0.007166 1.675226
0.897975 0.000010 0.000021 0.000007 0.000004 0.094818 0.007166 1.675228
0.898062 0.000011 0.000020 0.000008 0.000004 0.094730 0.007166 1.675230
0.898137 0.000010 0.000020 0.000007 0.000004 0.094657 0.007166 1.675231
0.898191 0.000010 0.000019 0.000006 0.000004 0.094604 0.007166 1.675232
0.898252 0.000011 0.000019 0.000006 0.000004 0.094543 0.007166 1.675232
0.898311 0.000011 0.000018 0.000006 0.000004 0.094486 0.007166 1.675233
0.898374 0.000012 0.000017 0.000006 0.000004 0.094423 0.007166 1.675234
0.898428 0.000012 0.000016 0.000006 0.000004 0.094368 0.007166 1.675236
0.898485 0.000012 0.000016 0.000005 0.000004 0.094313 0.007166 1.675237
0.898536 0.000010 0.000017 0.000005 0.000003 0.094263 0.007166 1.675239
0.898582 0.000008 0.000017 0.000005 0.000003 0.094218 0.007166 1.675241
0.898630 0.000009 0.000016 0.000005 0.000003 0.094172 0.007166 1.675243
0.898676 0.000009 0.000016 0.000005 0.000003 0.094126 0.007166 1.675243
0.898715 0.000009 0.000014 0.000005 0.000003 0.094089 0.007166 1.675243
0.898755 0.000008 0.000014 0.000005 0.000003 0.094050 0.007166 1.675245
0.898797 0.000009 0.000013 0.000005 0.000003 0.094008 0.007166 1.675245
0.898836 0.000010 0.000014 0.000005 0.000003 0.093968 0.007166 1.675245
0.898868 0.000010 0.000012 0.000005 0.000003 0.093938 0.007166 1.675246
0.898907 0.000008 0.000012 0.000006 0.000003 0.093899 0.007166 1.675247
0.898940 0.000008 0.000012 0.000006 0.000003 0.093867 0.007166 1.675248
0.898983 0.000008 0.000010 0.000006 0.000003 0.093826 0.007166 1.675248
0.899015 0.000010 0.000008 0.000006 0.000003 0.093793 0.007166 1.675248
0.899047 0.000010 0.000008 0.000005 0.000003 0.093762 0.007166 1.675249
0.899081 0.000010 0.000008 0.000005 0.000003 0.093728 0.007166 1.675250
0.899115 0.000010 0.000008 0.000005 0.000002 0.093695 0.007166 1.675251
0.899143 0.000010 0.000009 0.000005 0.000002 0.093665 0.007166 1.675251
0.899172 0.000010 0.000009 0.000006 0.000002 0.093637 0.007166 1.675253
0.899199 0.000009 0.000009 0.000006 0.000002 0.093610 0.007166 1.675254
0.899231 0.000010 0.000008 0.000006 0.000002 0.093578 0.007166 1.675254
0.899258 0.000009 0.000008 0.000006 0.000002 0.093552 0.007166 1.675255
0.899282 0.000009 0.000008 0.000007 0.000002 0.093527 0.007166 1.675256
0.899310 0.000008 0.000010 0.000007 0.000002 0.093499 0.007166 1.675258
0.899342 0.000007 0.000009 0.000007 0.000002 0.093468 0.007166 1.675258
0.899370 0.000007 0.000008 0.000006 0.000002 0.093441 0.007166 1.675258
0.899398 0.000007 0.000008 0.000006 0.000002 0.093414 0.007167 1.675259
0.899426 0.000006 0.000008 0.000006 0.000002 0.093387 0.007167 1.675259
0.899451 0.000005 0.000010 0.000006 0.000002 0.093361 0.007167 1.675261
0.899474 0.000005 0.000008 0.000006 0.000002 0.093340 0.007167 1.675261
0.899491 0.000005 0.000008 0.000006 0.000002 0.093322 0.007167 1.675262
0.899516 0.000005 0.000008 0.000006 0.000002 0.093298 0.007167 1.675262
0.899536 0.000005 0.000007 0.000006 0.000002 0.093279 0.007167 1.675262
0.899554 0.000005 0.000007 0.000005 0.000001 0.093262 0.007167 1.675263
0.899569 0.000005 0.000007 0.000005 0.000001 0.093248 0.007167 1.675263
0.899586 0.000006 0.000007 0.000005 0.000001 0.093229 0.007167 1.675263
0.899605 0.000006 0.000007 0.000006 0.000001 0.093210 0.007167 1.675264
0.899620 0.000006 0.000007 0.000006 0.000001 0.093195 0.007167 1.675265
0.899638 0.000006 0.000006 0.000005 0.000001 0.093179 0.007167 1.675265
0.899662 0.000005 0.000007 0.000005 0.000001 0.093154 0.007167 1.675266
0.899677 0.000005 0.000007 0.000005 0.000001 0.093140 0.007167 1.675266
0.899692 0.000005 0.000007 0.000004 0.000000 0.093126 0.007167 1.675267
0.899706 0.000005 0.000007 0.000003 0.000000 0.093113 0.007167 1.675267
0.899721 0.000006 0.000006 0.000003 0.000000 0.093097 0.007167 1.675267
0.899736 0.000006 0.000006 0.000003 0.000000 0.093083 0.007167 1.675267
0.899754 0.000005 0.000006 0.000003 0.000000 0.093065 0.007167 1.675268
0.899766 0.000006 0.000006 0.000003 0.000000 0.093052 0.007167 1.675268
0.899784 0.000006 0.000006 0.000003 0.000000 0.093035 0.007167 1.675268
0.899798 0.000005 0.000007 0.000003 0.000000 0.093020 0.007167 1.675270
0.899812 0.000003 0.000007 0.000003 0.000000 0.093008 0.007167 1.675271
0.899826 0.000003 0.000007 0.000003 0.000000 0.092995 0.007167 1.675271
0.899838 0.000003 0.000006 0.000003 0.000000 0.092984 0.007167 1.675271
0.899854 0.000003 0.000006 0.000003 0.000000 0.092968 0.007167 1.675272
0.899865 0.000003 0.000006 0.000003 0.000000 0.092957 0.007167 1.675272
0.899874 0.000003 0.000006 0.000003 0.000000 0.092948 0.007167 1.675272
0.899885 0.000003 0.000006 0.000003 0.000000 0.092937 0.007167 1.675272
0.899897 0.000003 0.000005 0.000003 0.000000 0.092926 0.007167 1.675272
0.899909 0.000003 0.000006 0.000003 0.000000 0.092913 0.007167 1.675272
0.899922 0.000003 0.000006 0.000002 0.000000 0.092901 0.007167 1.675272
0.899931 0.000002 0.000006 0.000002 0.000000 0.092892 0.007167 1.675273
0.899941 0.000002 0.000006 0.000003 0.000000 0.092883 0.007167 1.675273
0.899950 0.000002 0.000005 0.000003 0.000000 0.092873 0.007167 1.675273
0.899963 0.000003 0.000005 0.000002 0.000000 0.092860 0.007167 1.675273
0.899970 0.000003 0.000005 0.000003 0.000000 0.092853 0.007167 1.675274
0.899979 0.000002 0.000005 0.000003 0.000000 0.092845 0.007167 1.675274
0.899987 0.000002 0.000005 0.000003 0.000000 0.092837 0.007167 1.675275
0.899998 0.000001 0.000005 0.000003 0.000000 0.092826 0.007167 1.675275
0.900005 0.000002 0.000005 0.000003 0.000000 0.092818 0.007167 1.675275
0.900015 0.000001 0.000005 0.000003 0.000000 0.092809 0.007167 1.675276
0.900025 0.000000 0.000005 0.000003 0.000000 0.092799 0.007167 1.675276
0.900039 0.000000 0.000005 0.000003 0.000000 0.092785 0.007167 1.675276
0.900048 0.000000 0.000005 0.000003 0.000000 0.092777 0.007167 1.675276
0.900055 0.000000 0.000004 0.000003 0.000000 0.092771 0.007167 1.675276
0.900064 0.000000 0.000003 0.000003 0.000000 0.092762 0.007167 1.675276
0.900068 0.000000 0.000003 0.000003 0.000000 0.092759 0.007167 1.675276
0.900075 0.000000 0.000003 0.000003 0.000000 0.092752 0.007167 1.675276
0.900080 0.000000 0.000003 0.000003 0.000000 0.092748 0.007167 1.675277
0.900083 0.000000 0.000003 0.000002 0.000000 0.092746 0.007167 1.675277
0.900086 0.000000 0.000003 0.000002 0.000000 0.092744 0.007167 1.675277
0.900088 0.000000 0.000003 0.000002 0.000000 0.092741 0.007167 1.675277
0.900090 0.000000 0.000002 0.000002 0.000000 0.092740 0.007167 1.675277
0.900095 0.000000 0.000002 0.000002 0.000000 0.092735 0.007167 1.675277
0.900102 0.000000 0.000002 0.000001 0.000000 0.092728 0.007167 1.675277
0.900104 0.000000 0.000002 0.000001 0.000000 0.092726 0.007167 1.675277
0.900106 0.000000 0.000002 0.000001 0.000000 0.092724 0.007167 1.675277
0.900108 0.000000 0.000002 0.000001 0.000000 0.092723 0.007167 1.675277
0.900109 0.000000 0.000002 0.000001 0.000000 0.092722 0.007167 1.675277
0.900112 0.000000 0.000001 0.000001 0.000000 0.092719 0.007167 1.675277
0.900115 0.000000 0.000001 0.000001 0.000000 0.092716 0.007167 1.675277
0.900117 0.000000 0.000001 0.000001 0.000000 0.092714 0.007167 1.675277
0.900119 0.000000 0.000001 0.000001 0.000000 0.092712 0.007167 1.675277
0.900120 0.000000 0.000001 0.000001 0.000000 0.092711 0.007167 1.675277
0.900124 0.000000 0.000001 0.000001 0.000000 0.092707 0.007167 1.675277
0.900125 0.000000 0.000001 0.000001 0.000000 0.092706 0.007167 1.675277
0.900127 0.000000 0.000001 0.000001 0.000000 0.092704 0.007167 1.675277
0.900129 0.000000 0.000001 0.000001 0.000000 0.092702 0.007167 1.675277
0.900132 0.000000 0.000001 0.000000 0.000000 0.092700 0.007167 1.675277
0.900134 0.000000 0.000001 0.000000 0.000000 0.092698 0.007167 1.675277
0.900137 0.000000 0.000001 0.000000 0.000000 0.092695 0.007167 1.675277
0.900139 0.000000 0.000001 0.000000 0.000000 0.092693 0.007167 1.675277
0.900142 0.000001 0.000001 0.000000 0.000000 0.092689 0.007167 1.675277
0.900145 0.000001 0.000001 0.000000 0.000000 0.092687 0.007167 1.675277
0.900146 0.000001 0.000001 0.000000 0.000000 0.092685 0.007167 1.675277
0.900147 0.000001 0.000001 0.000000 0.000000 0.092684 0.007167 1.675277
0.900148 0.000001 0.000002 0.000000 0.000000 0.092683 0.007167 1.675277
0.900150 0.000001 0.000002 0.000000 0.000000 0.092681 0.007167 1.675277
0.900151 0.000001 0.000001 0.000000 0.000000 0.092681 0.007167 1.675277
0.900152 0.000000 0.000001 0.000000 0.000000 0.092680 0.007167 1.675278
0.900153 0.000000 0.000000 0.000000 0.000000 0.092679 0.007167 1.675278
0.900154 0.000001 0.000000 0.000000 0.000000 0.092678 0.007167 1.675278
0.900156 0.000001 0.000000 0.000000 0.000000 0.092676 0.007167 1.675278
0.900157 0.000001 0.000001 0.000000 0.000000 0.092675 0.007167 1.675278
0.900159 0.000000 0.000001 0.000000 0.000000 0.092673 0.007167 1.675279
0.900160 0.000000 0.000001 0.000000 0.000000 0.092672 0.007167 1.675279
0.900161 0.000000 0.000001 0.000000 0.000000 0.092671 0.007167 1.675279
0.900162 0.000000 0.000001 0.000000 0.000000 0.092670 0.007167 1.675279
0.900164 0.000000 0.000001 0.000000 0.000000 0.092668 0.007167 1.675279
0.900166 0.000000 0.000001 0.000000 0.000000 0.092666 0.007167 1.675279
0.900168 0.000000 0.000001 0.000000 0.000000 0.092664 0.007167 1.675279
0.900170 0.000000 0.000001 0.000000 0.000000 0.092662 0.007167 1.675279
0.900170 0.000000 0.000001 0.000000 0.000000 0.092661 0.007167 1.675279
0.900172 0.000000 0.000001 0.000000 0.000000 0.092659 0.007167 1.675279
0.900173 0.000000 0.000001 0.000000 0.000000 0.092658 0.007167 1.675279
0.900175 0.000000 0.000001 0.000000 0.000000 0.092657 0.007167 1.675279
0.900175 0.000001 0.000001 0.000000 0.000000 0.092656 0.007167 1.675279
0.900176 0.000001 0.000001 0.000000 0.000000 0.092655 0.007167 1.675279
0.900178 0.000001 0.000001 0.000000 0.000000 0.092653 0.007167 1.675279
0.900179 0.000001 0.000001 0.000000 0.000000 0.092652 0.007167 1.675279
0.900180 0.000001 0.000001 0.000000 0.000000 0.092651 0.007167 1.675279
0.900181 0.000001 0.000001 0.000000 0.000000 0.092650 0.007167 1.675279
0.900182 0.000001 0.000001 0.000000 0.000000 0.092649 0.007167 1.675279
0.900183 0.000001 0.000001 0.000000 0.000000 0.092648 0.007167 1.675279
0.900185 0.000001 0.000001 0.000000 0.000000 0.092646 0.007167 1.675279
0.900186 0.000001 0.000001 0.000000 0.000000 0.092646 0.007167 1.675279
0.900187 0.000001 0.000001 0.000000 0.000000 0.092645 0.007167 1.675279
0.900188 0.000001 0.000001 0.000000 0.000000 0.092644 0.007167 1.675279
0.900190 0.000001 0.000001 0.000000 0.000000 0.092642 0.007167 1.675279
0.900191 0.000001 0.000001 0.000000 0.000000 0.092641 0.007167 1.675279
0.900192 0.000001 0.000000 0.000000 0.000000 0.092640 0.007167 1.675279
0.900194 0.000001 0.000000 0.000000 0.000000 0.092639 0.007167 1.675279
0.900195 0.000001 0.000000 0.000000 0.000000 0.092638 0.007167 1.675279
0.900195 0.000001 0.000000 0.000000 0.000000 0.092637 0.007167 1.675279
0.900195 0.000000 0.000000 0.000000 0.000000 0.092637 0.007167 1.675280
0.900196 0.000000 0.000000 0.000000 0.000000 0.092637 0.007167 1.675280
0.900196 0.000000 0.000000 0.000000 0.000000 0.092636 0.007167 1.675280
0.900196 0.000000 0.000000 0.000000 0.000000 0.092636 0.007167 1.675280
0.900197 0.000000 0.000000 0.000000 0.000000 0.092636 0.007167 1.675280
0.900197 0.000000 0.000000 0.000000 0.000000 0.092635 0.007167 1.675280
0.900198 0.000000 0.000000 0.000000 0.000000 0.092635 0.007167 1.675280
0.900198 0.000000 0.000000 0.000000 0.000000 0.092634 0.007167 1.675280
0.900199 0.000000 0.000000 0.000000 0.000000 0.092634 0.007167 1.675280
0.900199 0.000000 0.000000 0.000000 0.000000 0.092633 0.007167 1.675280
0.900200 0.000000 0.000000 0.000000 0.000000 0.092633 0.007167 1.675280
0.900200 0.000000 0.000000 0.000000 0.000000 0.092632 0.007167 1.675280
0.900201 0.000000 0.000000 0.000000 0.000000 0.092632 0.007167 1.675280
0.900201 0.000000 0.000000 0.000000 0.000000 0.092632 0.007167 1.675280
0.900201 0.000000 0.000000 0.000000 0.000000 0.092632 0.007167 1.675280
0.900202 0.000000 0.000000 0.000000 0.000000 0.092631 0.007167 1.675280
0.900202 0.000000 0.000000 0.000000 0.000000 0.092631 0.007167 1.675280
0.900203 0.000000 0.000000 0.000000 0.000000 0.092630 0.007167 1.675280
0.900203 0.000000 0.000000 0.000000 0.000000 0.092630 0.007167 1.675280
0.900203 0.000000 0.000000 0.000000 0.000000 0.092630 0.007167 1.675280
0.900203 0.000000 0.000001 0.000000 0.000000 0.092630 0.007167 1.675281
0.900203 0.000000 0.000001 0.000000 0.000000 0.092629 0.007167 1.675281
0.900204 0.000000 0.000001 0.000000 0.000000 0.092629 0.007167 1.675281
0.900204 0.000000 0.000001 0.000000 0.000000 0.092628 0.007167 1.675281
0.900204 0.000000 0.000001 0.000000 0.000000 0.092628 0.007167 1.675281
0.900204 0.000000 0.000001 0.000000 0.000000 0.092628 0.007167 1.675281
0.900205 0.000000 0.000001 0.000000 0.000000 0.092627 0.007167 1.675281
0.900205 0.000000 0.000001 0.000000 0.000000 0.092627 0.007167 1.675281
0.900206 0.000000 0.000001 0.000000 0.000000 0.092626 0.007167 1.675281
0.900206 0.000000 0.000001 0.000000 0.000000 0.092626 0.007167 1.675281
0.900207 0.000000 0.000001 0.000000 0.000000 0.092625 0.007167 1.675281
0.900207 0.000000 0.000001 0.000000 0.000000 0.092625 0.007167 1.675281
0.900208 0.000000 0.000001 0.000000 0.000000 0.092624 0.007167 1.675281
0.900208 0.000000 0.000001 0.000000 0.000000 0.092624 0.007167 1.675281
0.900209 0.000000 0.000001 0.000000 0.000000 0.092623 0.007167 1.675281
0.900209 0.000000 0.000001 0.000000 0.000000 0.092623 0.007167 1.675281
0.900211 0.000000 0.000001 0.000000 0.000000 0.092621 0.007167 1.675281
0.900211 0.000000 0.000001 0.000000 0.000000 0.092621 0.007167 1.675281
0.900213 0.000000 0.000001 0.000000 0.000000 0.092619 0.007167 1.675281
0.900214 0.000000 0.000001 0.000000 0.000000 0.092618 0.007167 1.675281
0.900214 0.000000 0.000001 0.000000 0.000000 0.092618 0.007167 1.675281
0.900215 0.000000 0.000001 0.000000 0.000000 0.092617 0.007167 1.675281
0.900215 0.000000 0.000001 0.000000 0.000000 0.092617 0.007167 1.675281
0.900215 0.000000 0.000000 0.000000 0.000000 0.092617 0.007167 1.675281
0.900216 0.000000 0.000000 0.000000 0.000000 0.092617 0.007167 1.675281
0.900216 0.000000 0.000000 0.000000 0.000000 0.092616 0.007167 1.675281
0.900217 0.000000 0.000000 0.000000 0.000000 0.092616 0.007167 1.675281
0.900217 0.000000 0.000000 0.000000 0.000000 0.092615 0.007167 1.675281
0.900218 0.000000 0.000000 0.000000 0.000000 0.092615 0.007167 1.675281
0.900218 0.000000 0.000000 0.000000 0.000000 0.092614 0.007167 1.675281
0.900219 0.000000 0.000000 0.000000 0.000000 0.092614 0.007167 1.675281
0.900219 0.000000 0.000000 0.000000 0.000000 0.092613 0.007167 1.675281
0.900220 0.000000 0.000000 0.000000 0.000000 0.092613 0.007167 1.675281
0.900220 0.000000 0.000000 0.000000 0.000000 0.092612 0.007167 1.675281
0.900220 0.000000 0.000000 0.000000 0.000000 0.092613 0.007167 1.675281
0.900220 0.000000 0.000000 0.000000 0.000000 0.092613 0.007167 1.675281
0.900220 0.000000 0.000000 0.000000 0.000000 0.092613 0.007167 1.675281
0.900220 0.000000 0.000000 0.000000 0.000000 0.092612 0.007167 1.675281
0.900221 0.000000 0.000000 0.000000 0.000000 0.092612 0.007167 1.675281
0.900221 0.000000 0.000000 0.000000 0.000000 0.092611 0.007167 1.675281
0.900222 0.000000 0.000000 0.000000 0.000000 0.092611 0.007167 1.675281
0.900222 0.000000 0.000000 0.000000 0.000000 0.092610 0.007167 1.675281
0.900223 0.000000 0.000000 0.000000 0.000000 0.092610 0.007167 1.675281
0.900223 0.000000 0.000000 0.000000 0.000000 0.092609 0.007167 1.675281
0.900224 0.000000 0.000000 0.000000 0.000000 0.092609 0.007167 1.675281
0.900224 0.000000 0.000000 0.000000 0.000000 0.092609 0.007167 1.675281
0.900224 0.000000 0.000000 0.000000 0.000000 0.092609 0.007167 1.675282
0.900224 0.000000 0.000000 0.000000 0.000000 0.092610 0.007167 1.675282
0.900224 0.000000 0.000000 0.000000 0.000000 0.092610 0.007167 1.675282
0.900224 0.000000 0.000000 0.000000 0.000000 0.092610 0.007167 1.675282
0.900224 0.000000 0.000000 0.000000 0.000000 0.092610 0.007167 1.675282
0.900224 0.000000 0.000000 0.000000 0.000000 0.092610 0.007167 1.675282
0.900224 0.000000 0.000000 0.000000 0.000000 0.092610 0.007167 1.675282
0.900224 0.000000 0.000000 0.000000 0.000000 0.092610 0.007167 1.675282
0.900224 0.000000 0.000000 0.000000 0.000000 0.092610 0.007167 1.675282
0.900224 0.000000 0.000000 0.000000 0.000000 0.092610 0.007167 1.675282
0.900224 0.000000 0.000000 0.000000 0.000000 0.092610 0.007167 1.675282
0.900224 0.000000 0.000000 0.000000 0.000000 0.092610 0.007167 1.675282
0.900224 0.000000 0.000000 0.000000 0.000000 0.092610 0.007167 1.675282
0.900224 0.000000 0.000000 0.000000 0.000000 0.092610 0.007167 1.675282
0.900224 0.000000 0.000000 0.000000 0.000000 0.092610 0.007167 1.675282
0.900224 0.000000 0.000000 0.000000 0.000000 0.092610 0.007167 1.675282
0.900224 0.000000 0.000000 0.000000 0.000000 0.092610 0.007167 1.675282
0.900224 0.000000 0.000000 0.000000 0.000000 0.092610 0.007167 1.675282
0.900224 0.000000 0.000000 0.000000 0.000000 0.092610 0.007167 1.675282
0.900224 0.000000 0.000000 0.000000 0.000000 0.092610 0.007167 1.675282
0.900224 0.000000 0.000000 0.000000 0.000000 0.092610 0.007167 1.675282
0.900224 0.000000 0.000000 0.000000 0.000000 0.092610 0.007167 1.675282
0.900224 0.000000 0.000000 0.000000 0.000000 0.092610 0.007167 1.675282
0.900224 0.000000 0.000000 0.000000 0.000000 0.092610 0.007167 1.675282
0.900224 0.000000 0.000000 0.000000 0.000000 0.092610 0.007167 1.675282
0.900224 0.000000 0.000000 0.000000 0.000000 0.092610 0.007167 1.675282
0.900224 0.000000 0.000000 0.000000 0.000000 0.092610 0.007167 1.675282
0.900224 0.000000 0.000000 0.000000 0.000000 0.092610 0.007167 1.675282
0.900224 0.000000 0.000000 0.000000 0.000000 0.092610 0.007167 1.675282
0.900224 0.000000 0.000000 0.000000 0.000000 0.092610 0.007167 1.675282
0.900224 0.000000 0.000000 0.000000 0.000000 0.092610 0.007167 1.675282
0.900224 0.000000 0.000000 0.000000 0.000000 0.092610 0.007167 1.675282
0.900224 0.000000 0.000000 0.000000 0.000000 0.092610 0.007167 1.675282
0.900224 0.000000 0.000000 0.000000 0.000000 0.092610 0.007167 1.675282
0.900224 0.000000 0.000000 0.000000 0.000000 0.092610 0.007167 1.675282
0.900224 0.000000 0.000000 0.000000 0.000000 0.092610 0.007167 1.675282
0.900224 0.000000 0.000000 0.000000 0.000000 0.092610 0.007167 1.675282
0.900224 0.000000 0.000000 0.000000 0.000000 0.092610 0.007167 1.675282
0.900224 0.000000 0.000000 0.000000 0.000000 0.092610 0.007167 1.675282
0.900224 0.000000 0.000000 0.000000 0.000000 0.092610 0.007167 1.675282
0.900224 0.000000 0.000000 0.000000 0.000000 0.092610 0.007167 1.675282
0.900224 0.000000 0.000000 0.000000 0.000000 0.092610 0.007167 1.675282
0.900224 0.000000 0.000000 0.000000 0.000000 0.092610 0.007167 1.675282
0.900224 0.000000 0.000000 0.000000 0.000000 0.092610 0.007167 1.675282
0.900224 0.000000 0.000000 0.000000 0.000000 0.092610 0.007167 1.675282
0.900224 0.000000 0.000000 0.000000 0.000000 0.092610 0.007167 1.675282
0.900224 0.000000 0.000000 0.000000 0.000000 0.092610 0.007167 1.675282
0.900224 0.000000 0.000000 0.000000 0.000000 0.092610 0.007167 1.675282
0.900224 0.000000 0.000000 0.000000 0.000000 0.092610 0.007167 1.675282
0.900224 0.000000 0.000000 0.000000 0.000000 0.092610 0.007167 1.675282
0.900224 0.000000 0.000000 0.000000 0.000000 0.092610 0.007167 1.675282
0.900224 0.000000 0.000000 0.000000 0.000000 0.092610 0.007167 1.675282
0.900224 0.000000 0.000000 0.000000 0.000000 0.092610 0.007167 1.675282
0.900224 0.000000 0.000000 0.000000 0.000000 0.092610 0.007167 1.675282
0.900224 0.000000 0.000000 0.000000 0.000000 0.092610 0.007167 1.675282
0.900224 0.000000 0.000000 0.000000 0.000000 0.092610 0.007167 1.675282
0.900224 0.000000 0.000000 0.000000 0.000000 0.092610 0.007167 1.675282
0.900224 0.000000 0.000000 0.000000 0.000000 0.092610 0.007167 1.675282
0.900224 0.000000 0.000000 0.000000 0.000000 0.092610 0.007167 1.675282
0.900224 0.000000 0.000000 0.000000 0.000000 0.092610 0.007167 1.675282
0.900224 0.000000 0.000000 0.000000 0.000000 0.092610 0.007167 1.675282
0.900224 0.000000 0.000000 0.000000 0.000000 0.092610 0.007167 1.675282
0.900224 0.000000 0.000000 0.000000 0.000000 0.092610 0.007167 1.675282
0.900224 0.000000 0.000000 0.000000 0.000000 0.092610 0.007167 1.675282
0.900224 0.000000 0.000000 0.000000 0.000000 0.092610 0.007167 1.675282
0.900224 0.000000 0.000000 0.000000 0.000000 0.092610 0.007167 1.675282
0.900224 0.000000 0.000000 0.000000 0.000000 0.092610 0.007167 1.675282
0.900224 0.000000 0.000000 0.000000 0.000000 0.092610 0.007167 1.675282
0.900224 0.000000 0.000000 0.000000 0.000000 0.092610 0.007167 1.675282
0.900224 0.000000 0.000000 0.000000 0.000000 0.092610 0.007167 1.675282
0.900224 0.000000 0.000000 0.000000 0.000000 0.092610 0.007167 1.675282
0.900224 0.000000 0.000000 0.000000 0.000000 0.092610 0.007167 1.675282
0.900224 0.000000 0.000000 0.000000 0.000000 0.092610 0.007167 1.675282
0.900224 0.000000 0.000000 0.000000 0.000000 0.092610 0.007167 1.675282
0.900224 0.000000 0.000000 0.000000 0.000000 0.092610 0.007167 1.675282
0.900224 0.000000 0.000000 0.000000 0.000000 0.092610 0.007167 1.675282
0.900224 0.000000 0.000000 0.000000 0.000000 0.092610 0.007167 1.675282
0.900224 0.000000 0.000000 0.000000 0.000000 0.092610 0.007167 1.675282
0.900224 0.000000 0.000000 0.000000 0.000000 0.092610 0.007167 1.675282
0.900224 0.000000 0.000000 0.000000 0.000000 0.092610 0.007167 1.675282
0.900224 0.000000 0.000000 0.000000 0.000000 0.092610 0.007167 1.675282
0.900224 0.000000 0.000000 0.000000 0.000000 0.092610 0.007167 1.675282
0.900224 0.000000 0.000000 0.000000 0.000000 0.092610 0.007167 1.675282
0.900224 0.000000 0.000000 0.000000 0.000000 0.092610 0.007167 1.675282
0.900224 0.000000 0.000000 0.000000 0.000000 0.092610 0.007167 1.675282
0.900224 0.000000 0.000000 0.000000 0.000000 0.092610 0.007167 1.675282
0.900224 0.000000 0.000000 0.000000 0.000000 0.092610 0.007167 1.675282
0.900224 0.000000 0.000000 0.000000 0.000000 0.092610 0.007167 1.675282
0.900224 0.000000 0.000000 0.000000 0.000000 0.092610 0.007167 1.675282
0.900224 0.000000 0.000000 0.000000 0.000000 0.092610 0.007167 1.675282
0.900224 0.000000 0.000000 0.000000 0.000000 0.092610 0.007167 1.675282
0.900224 0.000000 0.000000 0.000000 0.000000 0.092610 0.007167 1.675282
0.900224 0.000000 0.000000 0.000000 0.000000 0.092610 0.007167 1.675282
0.900224 0.000000 0.000000 0.000000 0.000000 0.092610 0.007167 1.675282
0.900224 0.000000 0.000000 0.000000 0.000000 0.092610 0.007167 1.675282
0.900224 0.000000 0.000000 0.000000 0.000000 0.092610 0.007167 1.675282
0.900224 0.000000 0.000000 0.000000 0.000000 0.092610 0.007167 1.675282
0.900224 0.000000 0.000000 0.000000 0.000000 0.092610 0.007167 1.675282
0.900224 0.000000 0.000000 0.000000 0.000000 0.092610 0.007167 1.675282
0.900224 0.000000 0.000000 0.000000 0.000000 0.092610 0.007167 1.675282
0.900224 0.000000 0.000000 0.000000 0.000000 0.092610 0.007167 1.675282
0.900224 0.000000 0.000000 0.000000 0.000000 0.092610 0.007167 1.675282
0.900224 0.000000 0.000000 0.000000 0.000000 0.092610 0.007167 1.675282
0.900224 0.000000 0.000000 0.000000 0.000000 0.092610 0.007167 1.675282
0.900224 0.000000 0.000000 0.000000 0.000000 0.092610 0.007167 1.675282
0.900224 0.000000 0.000000 0.000000 0.000000 0.092610 0.007167 1.675282
0.900224 0.000000 0.000000 0.000000 0.000000 0.092610 0.007167 1.675282
0.900224 0.000000 0.000000 0.000000 0.000000 0.092610 0.007167 1.675282
0.900224 0.000000 0.000000 0.000000 0.000000 0.092610 0.007167 1.675282
0.900224 0.000000 0.000000 0.000000 0.000000 0.092610 0.007167 1.675282
0.900224 0.000000 0.000000 0.000000 0.000000 0.092610 0.007167 1.675282
0.900224 0.000000 0.000000 0.000000 0.000000 0.092610 0.007167 1.675282
0.900224 0.000000 0.000000 0.000000 0.000000 0.092610 0.007167 1.675282
0.900224 0.000000 0.000000 0.000000 0.000000 0.092610 0.007167 1.675282
0.900224 0.000000 0.000000 0.000000 0.000000 0.092610 0.007167 1.675282
0.900224 0.000000 0.000000 0.000000 0.000000 0.092610 0.007167 1.675282
0.900224 0.000000 0.000000 0.000000 0.000000 0.092610 0.007167 1.675282
0.900224 0.000000 0.000000 0.000000 0.000000 0.092610 0.007167 1.675282
0.900224 0.000000 0.000000 0.000000 0.000000 0.092610 0.007167 1.675282
0.900224 0.000000 0.000000 0.000000 0.000000 0.092610 0.007167 1.675282
0.900224 0.000000 0.000000 0.000000 0.000000 0.092610 0.007167 1.675282
0.900224 0.000000 0.000000 0.000000 0.000000 0.092610 0.007167 1.675282
0.900224 0.000000 0.000000 0.000000 0.000000 0.092610 0.007167 1.675282
0.900224 0.000000 0.000000 0.000000 0.000000 0.092610 0.007167 1.675282
0.900224 0.000000 0.000000 0.000000 0.000000 0.092610 0.007167 1.675282
0.900224 0.000000 0.000000 0.000000 0.000000 0.092610 0.007167 1.675282
0.900224 0.000000 0.000000 0.000000 0.000000 0.092610 0.007167 1.675282
0.900224 0.000000 0.000000 0.000000 0.000000 0.092610 0.007167 1.675282
0.900224 0.000000 0.000000 0.000000 0.000000 0.092610 0.007167 1.675282
