0.347982 0.062428 0.055550 0.031863 0.002086 0.494107 0.005986 1.619742
0.350104 0.060468 0.055392 0.031697 0.002089 0.494239 0.006011 1.625750
0.352645 0.058197 0.055205 0.031524 0.002081 0.494303 0.006045 1.631624
0.355769 0.055671 0.054871 0.031184 0.002075 0.494350 0.006081 1.637182
0.359219 0.053129 0.054371 0.030879 0.002081 0.494218 0.006104 1.642527
0.362916 0.050506 0.053808 0.030512 0.002069 0.494062 0.006128 1.647675
0.366693 0.048100 0.053036 0.029993 0.002069 0.493949 0.006158 1.652444
0.370651 0.045756 0.052254 0.029494 0.002063 0.493591 0.006192 1.657052
0.374707 0.043539 0.051337 0.028969 0.002075 0.493157 0.006217 1.661382
0.378795 0.041454 0.050382 0.028373 0.002068 0.492687 0.006243 1.665547
0.382992 0.039381 0.049379 0.027784 0.002052 0.492142 0.006270 1.669518
0.387354 0.037445 0.048312 0.027142 0.002029 0.491424 0.006293 1.673281
0.391792 0.035638 0.047190 0.026524 0.002028 0.490507 0.006320 1.676857
0.396412 0.033831 0.046063 0.025870 0.002042 0.489440 0.006342 1.680241
0.400933 0.032269 0.044960 0.025118 0.002035 0.488317 0.006367 1.683456
0.405576 0.030665 0.043754 0.024426 0.002029 0.487162 0.006389 1.686578
0.410194 0.029128 0.042550 0.023796 0.001993 0.485925 0.006413 1.689528
0.414886 0.027735 0.041353 0.023123 0.001975 0.484497 0.006431 1.692292
0.419708 0.026492 0.040084 0.022420 0.001952 0.482885 0.006459 1.694896
0.424375 0.025280 0.038884 0.021776 0.001937 0.481265 0.006484 1.697437
0.429126 0.024149 0.037701 0.021082 0.001921 0.479510 0.006510 1.699839
0.433923 0.023020 0.036536 0.020367 0.001903 0.477721 0.006530 1.702161
0.438727 0.021966 0.035408 0.019790 0.001876 0.475679 0.006555 1.704416
0.443610 0.021018 0.034290 0.019102 0.001858 0.473541 0.006580 1.706494
0.448508 0.020067 0.033168 0.018524 0.001822 0.471301 0.006609 1.708518
0.453408 0.019162 0.032089 0.017910 0.001803 0.468997 0.006631 1.710471
0.458205 0.018336 0.031042 0.017309 0.001779 0.466673 0.006658 1.712317
0.462913 0.017630 0.030006 0.016711 0.001759 0.464306 0.006675 1.714054
0.467669 0.016969 0.029008 0.016089 0.001731 0.461834 0.006699 1.715742
0.472486 0.016256 0.028042 0.015535 0.001698 0.459258 0.006724 1.717393
0.477199 0.015649 0.027088 0.014978 0.001675 0.456665 0.006745 1.718935
0.481968 0.015016 0.026149 0.014444 0.001640 0.454021 0.006762 1.720459
0.486728 0.014470 0.025273 0.013857 0.001614 0.451270 0.006786 1.721876
0.491397 0.013889 0.024428 0.013382 0.001596 0.448501 0.006807 1.723316
0.496119 0.013384 0.023563 0.012875 0.001569 0.445663 0.006829 1.724672
0.500820 0.012866 0.022756 0.012431 0.001541 0.442737 0.006850 1.725992
0.505519 0.012404 0.021984 0.012027 0.001509 0.439687 0.006869 1.727256
0.510218 0.011993 0.021174 0.011595 0.001475 0.436655 0.006890 1.728444
0.514822 0.011603 0.020460 0.011188 0.001451 0.433567 0.006910 1.729612
0.519528 0.011214 0.019722 0.010804 0.001420 0.430383 0.006929 1.730730
0.524223 0.010870 0.019033 0.010409 0.001393 0.427121 0.006950 1.731781
0.528840 0.010516 0.018390 0.010049 0.001359 0.423876 0.006970 1.732829
0.533349 0.010185 0.017794 0.009688 0.001335 0.420659 0.006991 1.733847
0.537867 0.009886 0.017170 0.009354 0.001315 0.417404 0.007005 1.734845
0.542404 0.009611 0.016573 0.009020 0.001291 0.414081 0.007019 1.735770
0.546953 0.009350 0.015972 0.008743 0.001275 0.410677 0.007030 1.736679
0.551377 0.009107 0.015440 0.008435 0.001244 0.407353 0.007044 1.737567
0.555856 0.008835 0.014884 0.008167 0.001219 0.403972 0.007067 1.738450
0.560315 0.008583 0.014395 0.007850 0.001202 0.400571 0.007084 1.739273
0.564704 0.008379 0.013934 0.007558 0.001174 0.397149 0.007103 1.740077
0.569021 0.008172 0.013486 0.007306 0.001139 0.393755 0.007121 1.740882
0.573384 0.007918 0.013122 0.007065 0.001112 0.390266 0.007133 1.741693
0.577648 0.007781 0.012738 0.006800 0.001086 0.386798 0.007150 1.742443
0.581807 0.007582 0.012355 0.006581 0.001064 0.383451 0.007161 1.743218
0.586018 0.007394 0.011947 0.006383 0.001036 0.380051 0.007172 1.743939
0.590209 0.007209 0.011566 0.006212 0.001010 0.376608 0.007188 1.744661
0.594345 0.007059 0.011223 0.006011 0.000988 0.373173 0.007203 1.745351
0.598477 0.006933 0.010857 0.005806 0.000966 0.369747 0.007215 1.745998
0.602556 0.006735 0.010544 0.005649 0.000948 0.366340 0.007228 1.746694
0.606615 0.006622 0.010191 0.005483 0.000930 0.362919 0.007241 1.747330
0.610667 0.006468 0.009908 0.005323 0.000907 0.359471 0.007256 1.747980
0.614850 0.006314 0.009590 0.005179 0.000883 0.355915 0.007269 1.748587
0.618819 0.006185 0.009311 0.005025 0.000862 0.352513 0.007285 1.749214
0.622731 0.006086 0.009085 0.004864 0.000851 0.349091 0.007292 1.749795
0.626637 0.005945 0.008855 0.004677 0.000822 0.345759 0.007306 1.750381
0.630423 0.005857 0.008599 0.004544 0.000806 0.342456 0.007315 1.750940
0.634187 0.005753 0.008349 0.004440 0.000778 0.339163 0.007331 1.751515
0.637948 0.005652 0.008112 0.004360 0.000760 0.335827 0.007342 1.752083
0.641651 0.005567 0.007865 0.004242 0.000737 0.332582 0.007355 1.752604
0.645263 0.005466 0.007673 0.004118 0.000722 0.329393 0.007365 1.753135
0.648936 0.005392 0.007440 0.004025 0.000702 0.326132 0.007374 1.753654
0.652505 0.005319 0.007261 0.003916 0.000685 0.322929 0.007386 1.754172
0.656077 0.005244 0.007103 0.003792 0.000671 0.319717 0.007396 1.754677
0.659556 0.005157 0.006933 0.003681 0.000656 0.316614 0.007404 1.755190
0.663104 0.005091 0.006772 0.003593 0.000643 0.313385 0.007411 1.755686
0.666575 0.005044 0.006592 0.003512 0.000627 0.310231 0.007420 1.756166
0.670028 0.004946 0.006463 0.003453 0.000616 0.307065 0.007429 1.756664
0.673422 0.004835 0.006351 0.003372 0.000608 0.303975 0.007437 1.757169
0.676855 0.004755 0.006196 0.003310 0.000591 0.300847 0.007446 1.757648
0.680122 0.004700 0.006080 0.003224 0.000578 0.297842 0.007455 1.758121
0.683436 0.004661 0.005952 0.003153 0.000567 0.294769 0.007463 1.758563
0.686702 0.004602 0.005811 0.003075 0.000555 0.291784 0.007472 1.758994
0.689928 0.004554 0.005672 0.003033 0.000539 0.288796 0.007479 1.759438
0.693047 0.004526 0.005555 0.002982 0.000522 0.285881 0.007487 1.759875
0.696269 0.004416 0.005472 0.002931 0.000510 0.282911 0.007492 1.760356
0.699335 0.004351 0.005376 0.002873 0.000496 0.280071 0.007500 1.760779
0.702373 0.004307 0.005280 0.002818 0.000486 0.277230 0.007506 1.761187
0.705437 0.004290 0.005162 0.002748 0.000474 0.274378 0.007512 1.761580
0.708497 0.004214 0.005076 0.002675 0.000465 0.271554 0.007520 1.761995
0.711527 0.004135 0.005012 0.002637 0.000460 0.268707 0.007522 1.762424
0.714520 0.004080 0.004917 0.002607 0.000448 0.265899 0.007529 1.762844
0.717418 0.004039 0.004836 0.002537 0.000441 0.263195 0.007535 1.763240
0.720298 0.004009 0.004750 0.002505 0.000429 0.260468 0.007542 1.763637
0.723144 0.003968 0.004655 0.002456 0.000420 0.257809 0.007550 1.764023
0.726052 0.003890 0.004601 0.002414 0.000409 0.255076 0.007557 1.764444
0.728838 0.003842 0.004520 0.002364 0.000401 0.252476 0.007561 1.764829
0.731622 0.003829 0.004421 0.002313 0.000399 0.249852 0.007564 1.765177
0.734386 0.003805 0.004329 0.002274 0.000388 0.247249 0.007571 1.765551
0.737109 0.003796 0.004276 0.002229 0.000378 0.244637 0.007575 1.765909
0.739788 0.003763 0.004192 0.002183 0.000368 0.242124 0.007583 1.766265
0.742454 0.003718 0.004120 0.002162 0.000360 0.239598 0.007588 1.766642
0.745116 0.003692 0.004079 0.002131 0.000352 0.237038 0.007593 1.766997
0.747731 0.003646 0.004037 0.002102 0.000346 0.234541 0.007597 1.767355
0.750310 0.003655 0.003950 0.002071 0.000344 0.232070 0.007600 1.767694
0.752885 0.003635 0.003884 0.002052 0.000335 0.229604 0.007605 1.768048
0.755344 0.003605 0.003836 0.002029 0.000328 0.227250 0.007609 1.768409
0.757844 0.003554 0.003828 0.002022 0.000320 0.224821 0.007612 1.768794
0.760358 0.003505 0.003782 0.001996 0.000316 0.222430 0.007614 1.769158
0.762820 0.003495 0.003757 0.001960 0.000311 0.220042 0.007615 1.769489
0.765225 0.003511 0.003700 0.001943 0.000300 0.217701 0.007620 1.769805
0.767603 0.003482 0.003661 0.001922 0.000297 0.215415 0.007621 1.770155
0.769949 0.003459 0.003642 0.001901 0.000283 0.213138 0.007628 1.770503
0.772297 0.003454 0.003604 0.001879 0.000274 0.210858 0.007635 1.770833
0.774540 0.003423 0.003540 0.001878 0.000268 0.208714 0.007638 1.771186
0.776855 0.003403 0.003518 0.001851 0.000259 0.206473 0.007642 1.771514
0.779025 0.003388 0.003520 0.001835 0.000253 0.204333 0.007647 1.771869
0.781252 0.003392 0.003479 0.001827 0.000247 0.202153 0.007652 1.772187
0.783431 0.003371 0.003450 0.001803 0.000244 0.200047 0.007654 1.772523
0.785562 0.003386 0.003422 0.001780 0.000242 0.197953 0.007656 1.772850
0.787720 0.003398 0.003368 0.001746 0.000237 0.195871 0.007660 1.773150
0.789843 0.003388 0.003363 0.001723 0.000229 0.193790 0.007664 1.773486
0.791966 0.003411 0.003334 0.001732 0.000223 0.191667 0.007667 1.773813
0.794084 0.003411 0.003303 0.001740 0.000219 0.189573 0.007670 1.774147
0.796142 0.003407 0.003272 0.001734 0.000218 0.187555 0.007673 1.774469
0.798172 0.003409 0.003244 0.001728 0.000210 0.185559 0.007678 1.774796
0.800157 0.003451 0.003204 0.001709 0.000205 0.183594 0.007681 1.775108
0.802113 0.003446 0.003220 0.001693 0.000204 0.181641 0.007683 1.775437
0.804089 0.003456 0.003186 0.001683 0.000198 0.179703 0.007686 1.775753
0.806027 0.003472 0.003162 0.001687 0.000194 0.177772 0.007686 1.776084
0.807842 0.003476 0.003149 0.001656 0.000193 0.175995 0.007689 1.776425
0.809693 0.003484 0.003141 0.001650 0.000188 0.174155 0.007690 1.776766
0.811476 0.003480 0.003131 0.001648 0.000188 0.172386 0.007692 1.777104
0.813292 0.003498 0.003114 0.001628 0.000182 0.170592 0.007694 1.777424
0.815031 0.003509 0.003096 0.001628 0.000180 0.168860 0.007696 1.777761
0.816812 0.003494 0.003109 0.001620 0.000180 0.167088 0.007697 1.778101
0.818621 0.003490 0.003123 0.001618 0.000173 0.165275 0.007701 1.778449
0.820362 0.003487 0.003125 0.001630 0.000170 0.163522 0.007705 1.778793
0.822069 0.003482 0.003137 0.001640 0.000168 0.161796 0.007708 1.779144
0.823775 0.003493 0.003119 0.001638 0.000165 0.160100 0.007710 1.779472
0.825415 0.003467 0.003113 0.001640 0.000163 0.158489 0.007713 1.779828
0.827032 0.003466 0.003120 0.001649 0.000163 0.156856 0.007714 1.780185
0.828613 0.003491 0.003110 0.001644 0.000161 0.155264 0.007717 1.780513
0.830197 0.003513 0.003126 0.001625 0.000161 0.153660 0.007719 1.780845
0.831809 0.003506 0.003142 0.001638 0.000162 0.152023 0.007720 1.781192
0.833319 0.003512 0.003158 0.001642 0.000161 0.150486 0.007723 1.781545
0.834827 0.003530 0.003161 0.001636 0.000156 0.148964 0.007726 1.781884
0.836323 0.003567 0.003164 0.001629 0.000153 0.147435 0.007729 1.782233
0.837751 0.003609 0.003191 0.001633 0.000150 0.145934 0.007732 1.782585
0.839208 0.003636 0.003195 0.001644 0.000149 0.144434 0.007735 1.782930
0.840689 0.003647 0.003202 0.001645 0.000147 0.142933 0.007737 1.783276
0.842104 0.003671 0.003192 0.001633 0.000144 0.141518 0.007738 1.783602
0.843499 0.003696 0.003190 0.001634 0.000144 0.140098 0.007740 1.783956
0.844888 0.003712 0.003213 0.001642 0.000144 0.138660 0.007741 1.784323
0.846257 0.003705 0.003234 0.001647 0.000145 0.137271 0.007742 1.784703
0.847612 0.003715 0.003228 0.001652 0.000144 0.135905 0.007744 1.785062
0.848911 0.003748 0.003268 0.001673 0.000143 0.134512 0.007745 1.785434
0.850192 0.003762 0.003282 0.001664 0.000141 0.133215 0.007745 1.785791
0.851466 0.003782 0.003293 0.001666 0.000138 0.131909 0.007746 1.786148
0.852702 0.003828 0.003280 0.001666 0.000136 0.130640 0.007748 1.786498
0.853912 0.003842 0.003312 0.001689 0.000136 0.129358 0.007751 1.786891
0.855108 0.003854 0.003354 0.001692 0.000140 0.128102 0.007751 1.787300
0.856288 0.003894 0.003395 0.001682 0.000136 0.126850 0.007755 1.787683
0.857459 0.003922 0.003396 0.001723 0.000136 0.125608 0.007756 1.788080
0.858602 0.003968 0.003382 0.001742 0.000137 0.124412 0.007756 1.788455
0.859734 0.003958 0.003374 0.001757 0.000139 0.123283 0.007757 1.788847
0.860860 0.003967 0.003391 0.001768 0.000137 0.122119 0.007759 1.789243
0.861946 0.003973 0.003417 0.001767 0.000134 0.121002 0.007762 1.789644
0.863073 0.004013 0.003419 0.001763 0.000137 0.119832 0.007764 1.790029
0.864121 0.004024 0.003434 0.001777 0.000136 0.118746 0.007764 1.790436
0.865144 0.004058 0.003441 0.001772 0.000136 0.117682 0.007766 1.790832
0.866180 0.004110 0.003472 0.001772 0.000137 0.116560 0.007768 1.791227
0.867187 0.004164 0.003471 0.001801 0.000134 0.115474 0.007769 1.791626
0.868215 0.004183 0.003509 0.001819 0.000135 0.114370 0.007770 1.792040
0.869182 0.004228 0.003537 0.001818 0.000137 0.113326 0.007771 1.792443
0.870149 0.004253 0.003593 0.001825 0.000140 0.112267 0.007773 1.792865
0.871139 0.004266 0.003604 0.001830 0.000143 0.111244 0.007774 1.793292
0.872084 0.004305 0.003643 0.001837 0.000141 0.110211 0.007778 1.793727
0.872967 0.004331 0.003674 0.001847 0.000139 0.109263 0.007778 1.794154
0.873843 0.004410 0.003668 0.001882 0.000138 0.108280 0.007779 1.794574
0.874715 0.004455 0.003670 0.001896 0.000141 0.107342 0.007780 1.795001
0.875588 0.004468 0.003689 0.001924 0.000141 0.106408 0.007782 1.795469
0.876412 0.004503 0.003719 0.001952 0.000137 0.105494 0.007784 1.795911
0.877225 0.004547 0.003756 0.001935 0.000136 0.104615 0.007785 1.796349
0.878019 0.004628 0.003786 0.001957 0.000137 0.103686 0.007786 1.796791
0.878796 0.004650 0.003810 0.002003 0.000134 0.102820 0.007788 1.797256
0.879562 0.004676 0.003864 0.002037 0.000135 0.101936 0.007790 1.797762
0.880311 0.004722 0.003881 0.002051 0.000138 0.101105 0.007792 1.798233
0.881038 0.004766 0.003944 0.002082 0.000137 0.100238 0.007795 1.798715
0.881827 0.004796 0.003962 0.002101 0.000137 0.099382 0.007795 1.799199
0.882535 0.004817 0.004029 0.002109 0.000137 0.098577 0.007797 1.799691
0.883208 0.004891 0.004007 0.002116 0.000141 0.097837 0.007798 1.800160
0.883879 0.004952 0.004035 0.002144 0.000142 0.097051 0.007799 1.800646
0.884514 0.005014 0.004078 0.002162 0.000142 0.096289 0.007801 1.801131
0.885153 0.005060 0.004120 0.002169 0.000143 0.095554 0.007802 1.801607
0.885781 0.005129 0.004138 0.002187 0.000140 0.094822 0.007803 1.802096
0.886451 0.005162 0.004169 0.002197 0.000139 0.094079 0.007803 1.802595
0.887099 0.005184 0.004201 0.002216 0.000139 0.093356 0.007805 1.803120
0.887713 0.005259 0.004240 0.002217 0.000137 0.092626 0.007808 1.803611
0.888325 0.005309 0.004266 0.002242 0.000135 0.091912 0.007810 1.804123
0.888908 0.005380 0.004319 0.002269 0.000137 0.091177 0.007811 1.804640
0.889478 0.005436 0.004371 0.002282 0.000137 0.090481 0.007814 1.805168
0.889964 0.005510 0.004428 0.002314 0.000137 0.089833 0.007815 1.805725
0.890462 0.005586 0.004459 0.002339 0.000137 0.089200 0.007817 1.806246
0.890973 0.005644 0.004512 0.002367 0.000138 0.088548 0.007818 1.806795
0.891447 0.005694 0.004543 0.002402 0.000138 0.087956 0.007821 1.807351
0.891925 0.005751 0.004575 0.002432 0.000137 0.087357 0.007823 1.807911
0.892382 0.005817 0.004629 0.002452 0.000137 0.086758 0.007825 1.808468
0.892861 0.005859 0.004668 0.002476 0.000138 0.086170 0.007827 1.809045
0.893247 0.005931 0.004713 0.002489 0.000135 0.085656 0.007830 1.809624
0.893703 0.005994 0.004738 0.002518 0.000137 0.085079 0.007830 1.810207
0.894151 0.006068 0.004785 0.002543 0.000137 0.084485 0.007832 1.810786
0.894545 0.006111 0.004843 0.002561 0.000139 0.083967 0.007833 1.811406
0.894877 0.006182 0.004876 0.002577 0.000145 0.083509 0.007834 1.811991
0.895319 0.006257 0.004913 0.002614 0.000144 0.082916 0.007837 1.812585
0.895713 0.006301 0.004964 0.002631 0.000147 0.082406 0.007839 1.813201
0.896013 0.006392 0.004967 0.002658 0.000149 0.081982 0.007840 1.813808
0.896375 0.006418 0.005023 0.002676 0.000153 0.081515 0.007840 1.814436
0.896677 0.006468 0.005087 0.002714 0.000154 0.081058 0.007842 1.815081
0.897057 0.006513 0.005143 0.002715 0.000155 0.080573 0.007845 1.815706
0.897346 0.006573 0.005184 0.002744 0.000156 0.080152 0.007846 1.816340
0.897658 0.006623 0.005261 0.002765 0.000159 0.079687 0.007847 1.816989
0.897918 0.006674 0.005332 0.002811 0.000156 0.079258 0.007851 1.817657
0.898168 0.006720 0.005396 0.002836 0.000156 0.078871 0.007852 1.818316
0.898406 0.006797 0.005445 0.002856 0.000161 0.078481 0.007854 1.818976
0.898684 0.006818 0.005476 0.002885 0.000160 0.078119 0.007857 1.819660
0.898977 0.006869 0.005503 0.002916 0.000162 0.077715 0.007858 1.820333
0.899322 0.006841 0.005564 0.002931 0.000164 0.077317 0.007860 1.821038
0.899581 0.006883 0.005631 0.002950 0.000166 0.076927 0.007862 1.821719
0.899760 0.007003 0.005653 0.002970 0.000168 0.076584 0.007863 1.822369
0.899957 0.007054 0.005723 0.002985 0.000170 0.076246 0.007864 1.823068
0.900106 0.007150 0.005739 0.002996 0.000173 0.075970 0.007866 1.823744
0.900277 0.007203 0.005790 0.003008 0.000176 0.075676 0.007870 1.824453
0.900484 0.007236 0.005851 0.003052 0.000175 0.075329 0.007871 1.825176
0.900660 0.007284 0.005892 0.003078 0.000177 0.075035 0.007873 1.825902
0.900802 0.007357 0.005951 0.003110 0.000177 0.074726 0.007876 1.826608
0.900937 0.007447 0.005979 0.003138 0.000181 0.074440 0.007878 1.827293
0.901108 0.007522 0.006004 0.003144 0.000181 0.074159 0.007883 1.827984
0.901230 0.007559 0.006070 0.003188 0.000181 0.073886 0.007888 1.828731
0.901307 0.007639 0.006110 0.003190 0.000181 0.073682 0.007891 1.829455
0.901412 0.007675 0.006168 0.003219 0.000180 0.073451 0.007895 1.830223
0.901478 0.007786 0.006194 0.003246 0.000177 0.073223 0.007896 1.830957
0.901528 0.007865 0.006246 0.003259 0.000183 0.073022 0.007898 1.831724
0.901581 0.007912 0.006305 0.003318 0.000187 0.072798 0.007900 1.832525
0.901645 0.008002 0.006343 0.003333 0.000188 0.072585 0.007904 1.833267
0.901723 0.008069 0.006432 0.003366 0.000181 0.072321 0.007908 1.834066
0.901743 0.008170 0.006484 0.003377 0.000183 0.072133 0.007909 1.834818
0.901810 0.008193 0.006587 0.003425 0.000183 0.071887 0.007913 1.835632
0.901829 0.008243 0.006676 0.003465 0.000191 0.071682 0.007914 1.836457
0.901809 0.008373 0.006722 0.003485 0.000191 0.071505 0.007915 1.837240
0.901763 0.008447 0.006764 0.003529 0.000190 0.071391 0.007915 1.838072
0.901802 0.008499 0.006831 0.003548 0.000195 0.071207 0.007918 1.838894
0.901812 0.008547 0.006898 0.003578 0.000194 0.071050 0.007920 1.839737
0.901772 0.008602 0.006952 0.003607 0.000197 0.070948 0.007923 1.840579
0.901721 0.008704 0.006971 0.003623 0.000199 0.070858 0.007924 1.841385
0.901629 0.008751 0.007032 0.003698 0.000201 0.070762 0.007925 1.842280
0.901595 0.008800 0.007097 0.003710 0.000207 0.070665 0.007927 1.843147
0.901515 0.008893 0.007138 0.003744 0.000210 0.070571 0.007929 1.844008
0.901420 0.008987 0.007223 0.003799 0.000211 0.070430 0.007931 1.844898
0.901288 0.009095 0.007276 0.003854 0.000213 0.070343 0.007933 1.845780
0.901212 0.009154 0.007311 0.003899 0.000219 0.070270 0.007934 1.846660
0.901147 0.009220 0.007370 0.003893 0.000220 0.070214 0.007937 1.847528
0.901001 0.009329 0.007422 0.003948 0.000217 0.070145 0.007938 1.848433
0.900902 0.009322 0.007545 0.003973 0.000219 0.070097 0.007942 1.849390
0.900793 0.009394 0.007574 0.003994 0.000217 0.070084 0.007946 1.850276
0.900721 0.009433 0.007656 0.004021 0.000213 0.070004 0.007953 1.851207
0.900613 0.009465 0.007716 0.004033 0.000214 0.070005 0.007954 1.852135
0.900526 0.009513 0.007775 0.004067 0.000217 0.069945 0.007957 1.853060
0.900410 0.009547 0.007817 0.004085 0.000215 0.069965 0.007961 1.853995
0.900282 0.009627 0.007874 0.004118 0.000221 0.069913 0.007965 1.854923
0.900188 0.009664 0.007932 0.004133 0.000221 0.069892 0.007968 1.855844
0.900038 0.009751 0.008015 0.004163 0.000222 0.069843 0.007969 1.856798
0.899883 0.009847 0.008056 0.004225 0.000225 0.069793 0.007971 1.857755
0.899681 0.009895 0.008146 0.004251 0.000227 0.069825 0.007975 1.858737
0.899601 0.009899 0.008224 0.004276 0.000237 0.069786 0.007977 1.859706
0.899420 0.009943 0.008287 0.004301 0.000241 0.069829 0.007979 1.860675
0.899258 0.010008 0.008322 0.004326 0.000244 0.069860 0.007982 1.861636
0.899142 0.010065 0.008339 0.004355 0.000243 0.069873 0.007985 1.862586
0.898922 0.010158 0.008378 0.004398 0.000240 0.069916 0.007989 1.863588
0.898730 0.010246 0.008438 0.004436 0.000242 0.069917 0.007991 1.864581
0.898505 0.010354 0.008454 0.004447 0.000247 0.070000 0.007993 1.865555
0.898321 0.010403 0.008517 0.004490 0.000251 0.070021 0.007998 1.866595
0.898101 0.010481 0.008569 0.004512 0.000249 0.070085 0.008002 1.867617
0.897881 0.010521 0.008655 0.004542 0.000249 0.070147 0.008006 1.868656
0.897671 0.010566 0.008743 0.004568 0.000256 0.070187 0.008010 1.869706
0.897448 0.010612 0.008819 0.004602 0.000255 0.070251 0.008013 1.870750
0.897219 0.010684 0.008863 0.004607 0.000255 0.070355 0.008016 1.871782
0.896992 0.010733 0.008932 0.004646 0.000260 0.070420 0.008017 1.872870
0.896792 0.010753 0.008980 0.004677 0.000261 0.070516 0.008022 1.873925
0.896540 0.010825 0.009064 0.004731 0.000262 0.070553 0.008025 1.874990
0.896314 0.010861 0.009130 0.004773 0.000261 0.070631 0.008028 1.876068
0.896070 0.010943 0.009192 0.004791 0.000268 0.070704 0.008032 1.877126
0.895818 0.011019 0.009229 0.004814 0.000271 0.070814 0.008034 1.878179
0.895513 0.011137 0.009304 0.004842 0.000275 0.070890 0.008038 1.879248
0.895215 0.011181 0.009371 0.004899 0.000279 0.071013 0.008043 1.880357
0.894903 0.011261 0.009392 0.004955 0.000283 0.071161 0.008045 1.881444
0.894636 0.011326 0.009393 0.004963 0.000291 0.071345 0.008047 1.882544
0.894366 0.011375 0.009442 0.004969 0.000291 0.071504 0.008053 1.883671
0.894068 0.011389 0.009511 0.004985 0.000295 0.071698 0.008054 1.884822
0.893754 0.011466 0.009554 0.005018 0.000302 0.071851 0.008057 1.885946
0.893423 0.011552 0.009636 0.005043 0.000304 0.071981 0.008060 1.887073
0.893124 0.011610 0.009674 0.005100 0.000306 0.072124 0.008063 1.888202
0.892825 0.011666 0.009719 0.005118 0.000317 0.072290 0.008066 1.889363
0.892546 0.011690 0.009753 0.005187 0.000319 0.072438 0.008068 1.890507
0.892240 0.011785 0.009754 0.005199 0.000325 0.072626 0.008073 1.891621
0.891947 0.011827 0.009826 0.005203 0.000327 0.072794 0.008076 1.892769
0.891682 0.011848 0.009872 0.005215 0.000326 0.072978 0.008080 1.893911
0.891371 0.011846 0.009911 0.005241 0.000323 0.073224 0.008085 1.895106
0.891123 0.011872 0.009973 0.005253 0.000322 0.073366 0.008092 1.896262
0.890831 0.011937 0.010006 0.005261 0.000324 0.073543 0.008098 1.897424
0.890565 0.011908 0.010092 0.005302 0.000330 0.073704 0.008100 1.898643
0.890234 0.011982 0.010137 0.005306 0.000333 0.073905 0.008104 1.899822
0.889946 0.012033 0.010133 0.005335 0.000332 0.074112 0.008109 1.900988
0.889671 0.012100 0.010146 0.005350 0.000339 0.074282 0.008114 1.902141
0.889420 0.012077 0.010180 0.005367 0.000344 0.074497 0.008116 1.903312
0.889130 0.012100 0.010247 0.005390 0.000342 0.074667 0.008124 1.904503
0.888817 0.012127 0.010310 0.005415 0.000340 0.074863 0.008130 1.905686
0.888539 0.012148 0.010358 0.005451 0.000346 0.075028 0.008132 1.906870
0.888294 0.012113 0.010416 0.005494 0.000341 0.075204 0.008139 1.908090
0.887971 0.012100 0.010475 0.005540 0.000334 0.075433 0.008147 1.909334
0.887712 0.012133 0.010525 0.005543 0.000329 0.075608 0.008150 1.910512
0.887393 0.012214 0.010603 0.005538 0.000326 0.075771 0.008155 1.911711
0.887102 0.012201 0.010664 0.005562 0.000329 0.075984 0.008158 1.912954
0.886817 0.012264 0.010671 0.005581 0.000329 0.076177 0.008163 1.914117
0.886520 0.012299 0.010693 0.005593 0.000322 0.076407 0.008167 1.915316
0.886220 0.012411 0.010729 0.005585 0.000327 0.076556 0.008173 1.916485
0.885985 0.012416 0.010755 0.005601 0.000334 0.076732 0.008176 1.917691
0.885671 0.012465 0.010779 0.005636 0.000336 0.076936 0.008179 1.918912
0.885306 0.012515 0.010828 0.005632 0.000337 0.077197 0.008185 1.920133
0.884977 0.012569 0.010826 0.005649 0.000337 0.077453 0.008189 1.921324
0.884664 0.012543 0.010897 0.005674 0.000333 0.077694 0.008195 1.922587
0.884311 0.012579 0.010922 0.005705 0.000335 0.077952 0.008197 1.923829
0.884006 0.012606 0.010969 0.005714 0.000335 0.078167 0.008202 1.925066
0.883735 0.012593 0.010985 0.005725 0.000337 0.078417 0.008208 1.926331
0.883431 0.012603 0.011052 0.005742 0.000335 0.078627 0.008211 1.927600
0.883128 0.012645 0.011081 0.005745 0.000348 0.078839 0.008214 1.928840
0.882883 0.012660 0.011149 0.005778 0.000351 0.078961 0.008219 1.930094
0.882644 0.012634 0.011156 0.005776 0.000356 0.079212 0.008222 1.931352
0.882425 0.012583 0.011235 0.005769 0.000356 0.079407 0.008225 1.932607
0.882228 0.012521 0.011265 0.005798 0.000360 0.079598 0.008230 1.933870
0.881974 0.012507 0.011315 0.005820 0.000361 0.079789 0.008234 1.935114
0.881756 0.012487 0.011317 0.005840 0.000354 0.080008 0.008240 1.936352
0.881525 0.012475 0.011291 0.005848 0.000352 0.080262 0.008247 1.937596
0.881284 0.012484 0.011290 0.005860 0.000350 0.080480 0.008253 1.938819
0.881033 0.012529 0.011331 0.005859 0.000350 0.080641 0.008257 1.940063
0.880758 0.012557 0.011301 0.005887 0.000351 0.080884 0.008262 1.941303
0.880545 0.012620 0.011296 0.005856 0.000352 0.081069 0.008263 1.942496
0.880302 0.012622 0.011329 0.005872 0.000362 0.081247 0.008266 1.943750
0.880080 0.012632 0.011331 0.005848 0.000367 0.081473 0.008271 1.944975
0.879861 0.012611 0.011327 0.005886 0.000372 0.081670 0.008274 1.946220
0.879559 0.012675 0.011322 0.005845 0.000369 0.081949 0.008281 1.947424
0.879392 0.012621 0.011318 0.005851 0.000369 0.082163 0.008286 1.948661
0.879194 0.012590 0.011320 0.005844 0.000367 0.082393 0.008293 1.949906
0.879042 0.012518 0.011337 0.005838 0.000359 0.082604 0.008300 1.951166
0.878856 0.012561 0.011318 0.005805 0.000359 0.082797 0.008306 1.952332
0.878629 0.012613 0.011300 0.005797 0.000357 0.082993 0.008311 1.953542
0.878434 0.012576 0.011361 0.005781 0.000356 0.083177 0.008316 1.954812
0.878314 0.012511 0.011405 0.005797 0.000359 0.083295 0.008321 1.956061
0.878058 0.012583 0.011411 0.005803 0.000357 0.083466 0.008324 1.957256
0.877879 0.012620 0.011414 0.005787 0.000362 0.083611 0.008327 1.958464
0.877723 0.012624 0.011423 0.005802 0.000365 0.083735 0.008330 1.959685
0.877545 0.012552 0.011468 0.005814 0.000367 0.083921 0.008335 1.960946
0.877367 0.012531 0.011520 0.005795 0.000364 0.084085 0.008340 1.962187
0.877242 0.012490 0.011506 0.005809 0.000369 0.084242 0.008343 1.963431
0.877039 0.012554 0.011492 0.005812 0.000368 0.084390 0.008346 1.964623
0.876850 0.012589 0.011438 0.005792 0.000368 0.084616 0.008348 1.965825
0.876615 0.012607 0.011422 0.005777 0.000377 0.084849 0.008353 1.967041
0.876465 0.012525 0.011460 0.005742 0.000380 0.085071 0.008357 1.968289
0.876305 0.012528 0.011399 0.005764 0.000380 0.085262 0.008362 1.969520
0.876095 0.012544 0.011364 0.005771 0.000378 0.085484 0.008365 1.970731
0.875990 0.012481 0.011351 0.005784 0.000380 0.085645 0.008370 1.971980
0.875850 0.012429 0.011369 0.005795 0.000379 0.085804 0.008375 1.973205
0.875694 0.012420 0.011407 0.005777 0.000384 0.085939 0.008380 1.974430
0.875547 0.012394 0.011429 0.005771 0.000384 0.086094 0.008382 1.975658
0.875396 0.012338 0.011431 0.005819 0.000380 0.086248 0.008389 1.976906
0.875311 0.012282 0.011477 0.005809 0.000388 0.086342 0.008391 1.978134
0.875169 0.012279 0.011439 0.005804 0.000377 0.086534 0.008398 1.979345
0.875114 0.012251 0.011445 0.005793 0.000371 0.086623 0.008403 1.980557
0.875004 0.012254 0.011420 0.005800 0.000378 0.086738 0.008407 1.981778
0.874872 0.012264 0.011416 0.005779 0.000377 0.086881 0.008412 1.982963
0.874762 0.012254 0.011363 0.005811 0.000376 0.087018 0.008417 1.984164
0.874630 0.012308 0.011291 0.005783 0.000375 0.087190 0.008422 1.985297
0.874469 0.012316 0.011298 0.005774 0.000373 0.087342 0.008428 1.986516
0.874355 0.012256 0.011309 0.005781 0.000373 0.087494 0.008432 1.987764
0.874257 0.012269 0.011250 0.005795 0.000371 0.087621 0.008437 1.988938
0.874158 0.012233 0.011264 0.005776 0.000367 0.087760 0.008443 1.990146
0.874089 0.012262 0.011227 0.005794 0.000371 0.087808 0.008449 1.991296
0.874026 0.012215 0.011201 0.005814 0.000371 0.087921 0.008454 1.992506
0.873898 0.012165 0.011152 0.005863 0.000368 0.088098 0.008457 1.993739
0.873781 0.012198 0.011166 0.005820 0.000365 0.088208 0.008462 1.994916
0.873731 0.012191 0.011111 0.005806 0.000364 0.088332 0.008466 1.996085
0.873626 0.012197 0.011061 0.005779 0.000365 0.088501 0.008472 1.997267
0.873548 0.012193 0.011024 0.005787 0.000371 0.088603 0.008475 1.998446
0.873448 0.012152 0.011060 0.005782 0.000377 0.088705 0.008477 1.999656
0.873341 0.012075 0.011133 0.005778 0.000368 0.088823 0.008484 2.000920
0.873290 0.012053 0.011117 0.005754 0.000372 0.088929 0.008486 2.002088
0.873251 0.011988 0.011119 0.005769 0.000369 0.089013 0.008492 2.003309
0.873257 0.011884 0.011154 0.005755 0.000368 0.089087 0.008496 2.004534
0.873191 0.011860 0.011091 0.005758 0.000377 0.089223 0.008499 2.005713
0.873165 0.011785 0.011078 0.005756 0.000371 0.089340 0.008506 2.006926
0.873110 0.011797 0.011018 0.005727 0.000368 0.089469 0.008511 2.008066
0.873050 0.011776 0.011007 0.005725 0.000372 0.089556 0.008514 2.009256
0.873017 0.011811 0.010970 0.005706 0.000376 0.089600 0.008521 2.010380
0.872957 0.011788 0.011012 0.005684 0.000376 0.089655 0.008528 2.011573
0.872885 0.011762 0.010977 0.005669 0.000373 0.089802 0.008533 2.012749
0.872923 0.011756 0.010880 0.005661 0.000367 0.089874 0.008540 2.013861
0.872869 0.011811 0.010809 0.005642 0.000364 0.089963 0.008543 2.014984
0.872869 0.011786 0.010776 0.005655 0.000368 0.090001 0.008546 2.016131
0.872819 0.011773 0.010748 0.005665 0.000366 0.090074 0.008554 2.017278
0.872815 0.011746 0.010702 0.005641 0.000368 0.090168 0.008560 2.018420
0.872820 0.011715 0.010699 0.005635 0.000373 0.090193 0.008566 2.019581
0.872849 0.011704 0.010666 0.005632 0.000370 0.090209 0.008572 2.020716
0.872788 0.011790 0.010650 0.005609 0.000366 0.090220 0.008578 2.021831
0.872801 0.011784 0.010609 0.005614 0.000365 0.090247 0.008581 2.022971
0.872779 0.011749 0.010611 0.005560 0.000370 0.090343 0.008588 2.024117
0.872726 0.011741 0.010597 0.005561 0.000371 0.090410 0.008594 2.025277
0.872724 0.011732 0.010576 0.005552 0.000371 0.090447 0.008599 2.026401
0.872630 0.011764 0.010552 0.005545 0.000378 0.090530 0.008601 2.027541
0.872658 0.011748 0.010520 0.005507 0.000379 0.090582 0.008605 2.028674
0.872704 0.011730 0.010510 0.005527 0.000384 0.090538 0.008608 2.029810
0.872698 0.011677 0.010508 0.005546 0.000375 0.090580 0.008618 2.030981
0.872749 0.011635 0.010514 0.005534 0.000377 0.090574 0.008619 2.032117
0.872730 0.011633 0.010496 0.005523 0.000380 0.090617 0.008623 2.033231
0.872768 0.011616 0.010464 0.005523 0.000379 0.090622 0.008628 2.034341
0.872766 0.011624 0.010478 0.005500 0.000375 0.090622 0.008635 2.035440
0.872819 0.011536 0.010508 0.005494 0.000382 0.090625 0.008638 2.036583
0.872829 0.011543 0.010485 0.005502 0.000385 0.090613 0.008643 2.037697
0.872889 0.011418 0.010508 0.005522 0.000380 0.090635 0.008648 2.038870
0.872966 0.011352 0.010557 0.005479 0.000384 0.090610 0.008653 2.040021
0.873014 0.011300 0.010558 0.005440 0.000387 0.090644 0.008658 2.041128
0.873037 0.011274 0.010529 0.005396 0.000385 0.090719 0.008661 2.042214
0.873060 0.011235 0.010491 0.005408 0.000387 0.090756 0.008664 2.043320
0.873056 0.011249 0.010430 0.005392 0.000387 0.090818 0.008669 2.044409
0.873078 0.011260 0.010411 0.005373 0.000383 0.090823 0.008672 2.045486
0.873097 0.011258 0.010394 0.005342 0.000385 0.090847 0.008678 2.046581
0.873074 0.011268 0.010385 0.005330 0.000379 0.090882 0.008682 2.047678
0.873112 0.011272 0.010338 0.005312 0.000379 0.090901 0.008686 2.048751
0.873169 0.011213 0.010353 0.005300 0.000373 0.090898 0.008694 2.049901
0.873196 0.011150 0.010359 0.005311 0.000372 0.090912 0.008698 2.051042
0.873235 0.011132 0.010311 0.005313 0.000373 0.090935 0.008702 2.052119
0.873269 0.011112 0.010329 0.005272 0.000374 0.090935 0.008707 2.053228
0.873384 0.011104 0.010297 0.005260 0.000370 0.090871 0.008713 2.054312
0.873456 0.011069 0.010287 0.005249 0.000368 0.090853 0.008717 2.055411
0.873557 0.011021 0.010314 0.005244 0.000370 0.090772 0.008721 2.056522
0.873556 0.011041 0.010275 0.005250 0.000362 0.090785 0.008731 2.057593
0.873590 0.011036 0.010235 0.005228 0.000360 0.090819 0.008733 2.058678
0.873657 0.011033 0.010224 0.005200 0.000360 0.090787 0.008738 2.059764
0.873770 0.011010 0.010215 0.005211 0.000354 0.090696 0.008743 2.060858
0.873830 0.010994 0.010177 0.005230 0.000354 0.090666 0.008748 2.061953
0.873851 0.010997 0.010123 0.005211 0.000358 0.090709 0.008753 2.063018
0.873911 0.011004 0.010092 0.005211 0.000354 0.090669 0.008760 2.064076
0.873895 0.011052 0.010084 0.005153 0.000352 0.090698 0.008765 2.065128
0.873941 0.011052 0.010087 0.005156 0.000353 0.090643 0.008768 2.066189
0.873961 0.011038 0.010046 0.005149 0.000354 0.090681 0.008772 2.067253
0.874053 0.011017 0.010091 0.005145 0.000348 0.090570 0.008776 2.068355
0.874119 0.011029 0.010069 0.005138 0.000354 0.090513 0.008779 2.069398
0.874186 0.010988 0.010046 0.005144 0.000357 0.090496 0.008783 2.070486
0.874230 0.010937 0.010056 0.005143 0.000361 0.090487 0.008786 2.071594
0.874243 0.010991 0.010022 0.005144 0.000355 0.090456 0.008789 2.072636
0.874269 0.010988 0.010027 0.005107 0.000355 0.090460 0.008793 2.073713
0.874367 0.010982 0.010018 0.005104 0.000355 0.090377 0.008798 2.074782
0.874464 0.010938 0.010045 0.005093 0.000352 0.090306 0.008803 2.075855
0.874512 0.010909 0.009994 0.005092 0.000347 0.090338 0.008807 2.076924
0.874533 0.010901 0.010032 0.005092 0.000345 0.090283 0.008813 2.078027
0.874540 0.010931 0.009997 0.005111 0.000344 0.090258 0.008819 2.079101
0.874634 0.010892 0.010005 0.005130 0.000348 0.090167 0.008825 2.080169
0.874729 0.010869 0.009978 0.005135 0.000343 0.090116 0.008829 2.081218
0.874756 0.010868 0.009933 0.005141 0.000346 0.090124 0.008832 2.082289
0.874804 0.010857 0.009920 0.005114 0.000350 0.090119 0.008835 2.083343
0.874913 0.010820 0.009923 0.005095 0.000352 0.090057 0.008840 2.084404
0.874956 0.010818 0.009951 0.005117 0.000346 0.089964 0.008849 2.085488
0.874970 0.010824 0.009950 0.005136 0.000343 0.089922 0.008854 2.086571
0.874998 0.010832 0.009939 0.005127 0.000339 0.089905 0.008859 2.087645
0.875011 0.010819 0.009949 0.005147 0.000341 0.089873 0.008861 2.088734
0.875103 0.010832 0.009942 0.005103 0.000340 0.089817 0.008864 2.089757
0.875141 0.010837 0.009907 0.005098 0.000340 0.089806 0.008870 2.090813
0.875192 0.010836 0.009862 0.005136 0.000337 0.089761 0.008876 2.091868
0.875332 0.010828 0.009804 0.005122 0.000336 0.089697 0.008881 2.092879
0.875350 0.010890 0.009747 0.005108 0.000334 0.089683 0.008889 2.093909
0.875409 0.010862 0.009701 0.005126 0.000331 0.089676 0.008894 2.094971
0.875426 0.010925 0.009675 0.005116 0.000336 0.089627 0.008895 2.096009
0.875550 0.010864 0.009726 0.005122 0.000338 0.089503 0.008898 2.097070
0.875622 0.010833 0.009741 0.005139 0.000340 0.089420 0.008905 2.098150
0.875679 0.010848 0.009694 0.005161 0.000343 0.089369 0.008907 2.099187
0.875682 0.010899 0.009690 0.005143 0.000345 0.089331 0.008910 2.100223
0.875641 0.010927 0.009709 0.005171 0.000341 0.089296 0.008916 2.101298
0.875688 0.010892 0.009723 0.005185 0.000340 0.089252 0.008921 2.102368
0.875734 0.010852 0.009781 0.005183 0.000339 0.089186 0.008925 2.103466
0.875774 0.010852 0.009785 0.005210 0.000337 0.089111 0.008932 2.104537
0.875882 0.010797 0.009831 0.005209 0.000334 0.089009 0.008938 2.105608
0.875932 0.010762 0.009893 0.005212 0.000335 0.088922 0.008944 2.106687
0.875962 0.010734 0.009938 0.005205 0.000343 0.088871 0.008947 2.107773
0.876045 0.010689 0.009924 0.005222 0.000342 0.088824 0.008953 2.108847
0.876076 0.010699 0.009914 0.005173 0.000335 0.088842 0.008961 2.109884
0.876069 0.010765 0.009849 0.005158 0.000337 0.088857 0.008965 2.110899
0.876140 0.010734 0.009849 0.005160 0.000338 0.088812 0.008968 2.111973
0.876162 0.010731 0.009906 0.005114 0.000338 0.088775 0.008973 2.113041
0.876243 0.010688 0.009875 0.005127 0.000341 0.088749 0.008976 2.114102
0.876324 0.010658 0.009896 0.005124 0.000333 0.088682 0.008983 2.115168
0.876411 0.010631 0.009901 0.005114 0.000329 0.088625 0.008990 2.116228
0.876509 0.010598 0.009880 0.005109 0.000332 0.088578 0.008994 2.117278
0.876500 0.010675 0.009828 0.005075 0.000338 0.088586 0.008999 2.118271
0.876531 0.010682 0.009824 0.005080 0.000338 0.088540 0.009005 2.119341
0.876627 0.010668 0.009811 0.005079 0.000338 0.088467 0.009009 2.120390
0.876704 0.010675 0.009790 0.005076 0.000335 0.088408 0.009012 2.121416
0.876734 0.010670 0.009819 0.005065 0.000341 0.088355 0.009016 2.122474
0.876776 0.010682 0.009784 0.005071 0.000342 0.088324 0.009020 2.123508
0.876817 0.010696 0.009797 0.005048 0.000346 0.088273 0.009024 2.124552
0.876850 0.010684 0.009785 0.005025 0.000348 0.088282 0.009026 2.125606
0.876859 0.010728 0.009814 0.005027 0.000343 0.088200 0.009031 2.126685
0.876825 0.010736 0.009841 0.005033 0.000352 0.088182 0.009032 2.127750
0.876879 0.010765 0.009821 0.005013 0.000345 0.088140 0.009038 2.128766
0.876980 0.010740 0.009832 0.005036 0.000348 0.088022 0.009042 2.129841
0.877007 0.010752 0.009820 0.005021 0.000347 0.088006 0.009047 2.130908
0.877011 0.010738 0.009866 0.005043 0.000343 0.087948 0.009051 2.132001
0.877019 0.010778 0.009850 0.005032 0.000343 0.087922 0.009056 2.133029
0.877076 0.010750 0.009807 0.005011 0.000341 0.087951 0.009063 2.134073
0.877115 0.010750 0.009776 0.005001 0.000340 0.087949 0.009068 2.135103
0.877138 0.010758 0.009756 0.005039 0.000341 0.087893 0.009074 2.136160
0.877182 0.010767 0.009740 0.005068 0.000345 0.087820 0.009078 2.137207
0.877228 0.010763 0.009708 0.005094 0.000343 0.087781 0.009083 2.138265
0.877315 0.010705 0.009707 0.005087 0.000344 0.087752 0.009089 2.139324
0.877409 0.010641 0.009701 0.005099 0.000343 0.087711 0.009095 2.140373
0.877415 0.010629 0.009693 0.005108 0.000344 0.087712 0.009099 2.141437
0.877425 0.010646 0.009670 0.005075 0.000347 0.087736 0.009101 2.142458
0.877500 0.010621 0.009655 0.005079 0.000345 0.087695 0.009104 2.143512
0.877541 0.010639 0.009619 0.005098 0.000342 0.087652 0.009110 2.144529
0.877597 0.010615 0.009616 0.005072 0.000345 0.087643 0.009112 2.145563
0.877632 0.010637 0.009609 0.005081 0.000349 0.087577 0.009116 2.146590
0.877655 0.010656 0.009603 0.005074 0.000349 0.087543 0.009121 2.147626
0.877727 0.010662 0.009622 0.005039 0.000350 0.087474 0.009126 2.148651
0.877760 0.010685 0.009623 0.005023 0.000347 0.087429 0.009132 2.149701
0.877790 0.010717 0.009588 0.004985 0.000342 0.087441 0.009138 2.150699
0.877776 0.010703 0.009622 0.004979 0.000339 0.087437 0.009144 2.151781
0.877835 0.010686 0.009638 0.004979 0.000345 0.087371 0.009146 2.152818
0.877876 0.010700 0.009650 0.004972 0.000349 0.087302 0.009150 2.153851
0.877855 0.010725 0.009624 0.004950 0.000345 0.087345 0.009157 2.154884
0.877884 0.010740 0.009628 0.004956 0.000345 0.087285 0.009162 2.155944
0.877982 0.010699 0.009633 0.004935 0.000344 0.087241 0.009166 2.156977
0.877984 0.010715 0.009626 0.004951 0.000347 0.087210 0.009168 2.158001
0.878021 0.010727 0.009608 0.004979 0.000343 0.087148 0.009174 2.159035
0.878065 0.010795 0.009584 0.004989 0.000347 0.087042 0.009178 2.160038
0.878114 0.010819 0.009581 0.004961 0.000351 0.086991 0.009183 2.161052
0.878113 0.010828 0.009580 0.004974 0.000348 0.086968 0.009188 2.162089
0.878142 0.010859 0.009560 0.004968 0.000350 0.086926 0.009195 2.163102
0.878122 0.010874 0.009602 0.004965 0.000349 0.086888 0.009201 2.164156
0.878184 0.010849 0.009567 0.005001 0.000350 0.086846 0.009205 2.165200
0.878213 0.010888 0.009605 0.004972 0.000348 0.086763 0.009210 2.166232
0.878231 0.010914 0.009577 0.004951 0.000347 0.086769 0.009212 2.167252
0.878235 0.010864 0.009602 0.005003 0.000347 0.086733 0.009216 2.168372
0.878276 0.010846 0.009617 0.005004 0.000348 0.086690 0.009219 2.169426
0.878272 0.010812 0.009624 0.005006 0.000340 0.086718 0.009227 2.170486
0.878264 0.010827 0.009643 0.005005 0.000339 0.086693 0.009230 2.171529
0.878235 0.010893 0.009633 0.005007 0.000339 0.086663 0.009232 2.172565
0.878251 0.010882 0.009667 0.005018 0.000341 0.086605 0.009235 2.173629
0.878273 0.010935 0.009635 0.005017 0.000339 0.086560 0.009241 2.174652
