0.361081 0.061199 0.055011 0.031396 0.002041 0.483477 0.005796 1.586021
0.363665 0.058775 0.054959 0.031184 0.002035 0.483563 0.005818 1.591885
0.366979 0.055907 0.054683 0.030898 0.002036 0.483648 0.005848 1.597509
0.370839 0.052743 0.054351 0.030519 0.002025 0.483656 0.005869 1.602879
0.374954 0.049634 0.053832 0.030039 0.002020 0.483630 0.005892 1.607898
0.379285 0.046616 0.053126 0.029480 0.002027 0.483555 0.005913 1.612588
0.383946 0.043588 0.052397 0.028906 0.002026 0.483201 0.005936 1.617063
0.388648 0.040806 0.051450 0.028196 0.002020 0.482906 0.005973 1.621213
0.393404 0.038199 0.050304 0.027508 0.001999 0.482581 0.006007 1.625043
0.398329 0.035706 0.049125 0.026813 0.001996 0.481999 0.006033 1.628651
0.403279 0.033330 0.047965 0.026051 0.001986 0.481336 0.006053 1.632085
0.408320 0.031109 0.046659 0.025318 0.001975 0.480545 0.006074 1.635234
0.413359 0.029056 0.045306 0.024553 0.001967 0.479665 0.006096 1.638172
0.418433 0.027200 0.043884 0.023647 0.001964 0.478752 0.006120 1.640860
0.423537 0.025363 0.042591 0.022847 0.001960 0.477563 0.006138 1.643465
0.428767 0.023667 0.041235 0.021998 0.001954 0.476215 0.006165 1.645894
0.433986 0.022134 0.039864 0.021181 0.001950 0.474700 0.006185 1.648143
0.439260 0.020713 0.038481 0.020343 0.001937 0.473057 0.006209 1.650250
0.444662 0.019324 0.037151 0.019601 0.001899 0.471135 0.006228 1.652272
0.449950 0.018075 0.035757 0.018826 0.001877 0.469265 0.006250 1.654127
0.455263 0.016964 0.034452 0.018013 0.001853 0.467177 0.006278 1.655812
0.460518 0.015921 0.033120 0.017290 0.001824 0.465029 0.006299 1.657421
0.465921 0.014928 0.031788 0.016558 0.001799 0.462680 0.006326 1.658938
0.471085 0.014034 0.030475 0.015832 0.001764 0.460458 0.006353 1.660328
0.476369 0.013160 0.029332 0.015154 0.001738 0.457876 0.006371 1.661671
0.481716 0.012349 0.028157 0.014458 0.001711 0.455212 0.006397 1.662940
0.486893 0.011619 0.026959 0.013843 0.001686 0.452579 0.006422 1.664136
0.492115 0.010950 0.025844 0.013213 0.001661 0.449774 0.006444 1.665241
0.497320 0.010308 0.024799 0.012614 0.001633 0.446860 0.006466 1.666295
0.502461 0.009719 0.023706 0.012049 0.001610 0.443967 0.006489 1.667279
0.507636 0.009115 0.022696 0.011510 0.001593 0.440945 0.006506 1.668252
0.512730 0.008568 0.021685 0.011017 0.001559 0.437919 0.006524 1.669148
0.517747 0.008120 0.020689 0.010512 0.001545 0.434846 0.006541 1.669962
0.522859 0.007674 0.019769 0.010036 0.001516 0.431581 0.006566 1.670742
0.527930 0.007253 0.018925 0.009619 0.001485 0.428204 0.006583 1.671474
0.532964 0.006863 0.018047 0.009189 0.001451 0.424882 0.006604 1.672181
0.537972 0.006517 0.017238 0.008791 0.001409 0.421451 0.006623 1.672854
0.542896 0.006173 0.016503 0.008389 0.001382 0.418019 0.006639 1.673499
0.547852 0.005890 0.015752 0.007995 0.001351 0.414500 0.006659 1.674077
0.552748 0.005591 0.015017 0.007601 0.001325 0.411038 0.006679 1.674661
0.557612 0.005307 0.014316 0.007250 0.001281 0.407530 0.006703 1.675202
0.562396 0.005005 0.013718 0.006920 0.001247 0.403995 0.006719 1.675747
0.567289 0.004742 0.013098 0.006593 0.001211 0.400333 0.006734 1.676235
0.572109 0.004523 0.012510 0.006290 0.001183 0.396630 0.006755 1.676693
0.576853 0.004339 0.011912 0.005976 0.001149 0.392999 0.006773 1.677112
0.581624 0.004129 0.011359 0.005712 0.001124 0.389267 0.006786 1.677537
0.586230 0.003935 0.010841 0.005440 0.001099 0.385656 0.006800 1.677945
0.590855 0.003724 0.010353 0.005196 0.001071 0.381985 0.006815 1.678344
0.595384 0.003545 0.009879 0.004947 0.001043 0.378372 0.006831 1.678708
0.599935 0.003403 0.009390 0.004720 0.001014 0.374689 0.006849 1.679030
0.604463 0.003247 0.008932 0.004510 0.000986 0.371003 0.006860 1.679358
0.608918 0.003124 0.008520 0.004278 0.000961 0.367324 0.006875 1.679664
0.613235 0.003032 0.008126 0.004072 0.000936 0.363710 0.006888 1.679940
0.617617 0.002917 0.007726 0.003878 0.000914 0.360049 0.006899 1.680227
0.621935 0.002789 0.007391 0.003700 0.000889 0.356388 0.006908 1.680517
0.626237 0.002681 0.007067 0.003541 0.000858 0.352697 0.006920 1.680790
0.630460 0.002581 0.006723 0.003380 0.000839 0.349085 0.006933 1.681044
0.634677 0.002471 0.006398 0.003204 0.000813 0.345492 0.006945 1.681296
0.638912 0.002383 0.006130 0.003064 0.000789 0.341766 0.006958 1.681527
0.642993 0.002302 0.005826 0.002937 0.000760 0.338211 0.006971 1.681756
0.646978 0.002223 0.005582 0.002812 0.000734 0.334686 0.006986 1.681977
0.650943 0.002142 0.005322 0.002685 0.000718 0.331197 0.006994 1.682187
0.655022 0.002063 0.005083 0.002570 0.000697 0.327566 0.007000 1.682384
0.658991 0.001985 0.004858 0.002447 0.000680 0.324031 0.007009 1.682576
0.662916 0.001904 0.004649 0.002341 0.000671 0.320505 0.007014 1.682775
0.666824 0.001816 0.004466 0.002236 0.000650 0.316987 0.007021 1.682964
0.670734 0.001759 0.004245 0.002147 0.000632 0.313455 0.007030 1.683136
0.674515 0.001694 0.004066 0.002049 0.000618 0.310023 0.007037 1.683310
0.678314 0.001641 0.003891 0.001965 0.000598 0.306546 0.007047 1.683465
0.682031 0.001581 0.003711 0.001885 0.000580 0.303163 0.007050 1.683622
0.685728 0.001521 0.003554 0.001795 0.000563 0.299783 0.007057 1.683777
0.689418 0.001451 0.003409 0.001728 0.000545 0.296384 0.007067 1.683932
0.692950 0.001397 0.003266 0.001647 0.000525 0.293140 0.007077 1.684083
0.696519 0.001345 0.003131 0.001578 0.000504 0.289837 0.007086 1.684217
0.700010 0.001307 0.003009 0.001497 0.000487 0.286598 0.007092 1.684346
0.703471 0.001260 0.002879 0.001422 0.000473 0.283397 0.007099 1.684468
0.706904 0.001230 0.002760 0.001332 0.000458 0.280212 0.007104 1.684578
0.710300 0.001184 0.002643 0.001280 0.000441 0.277042 0.007110 1.684700
0.713649 0.001136 0.002534 0.001231 0.000428 0.273904 0.007118 1.684817
0.716944 0.001091 0.002437 0.001176 0.000414 0.270812 0.007126 1.684941
0.720183 0.001063 0.002347 0.001120 0.000402 0.267756 0.007130 1.685033
0.723427 0.001029 0.002273 0.001073 0.000389 0.264675 0.007136 1.685142
0.726568 0.001019 0.002168 0.001033 0.000373 0.261695 0.007144 1.685223
0.729745 0.000989 0.002106 0.000983 0.000356 0.258671 0.007151 1.685323
0.732941 0.000954 0.002027 0.000948 0.000347 0.255628 0.007156 1.685415
0.736008 0.000925 0.001956 0.000914 0.000339 0.252700 0.007159 1.685501
0.739067 0.000889 0.001887 0.000875 0.000330 0.249791 0.007163 1.685592
0.742093 0.000869 0.001816 0.000832 0.000315 0.246905 0.007170 1.685674
0.745121 0.000848 0.001744 0.000797 0.000306 0.244008 0.007177 1.685759
0.748067 0.000839 0.001661 0.000769 0.000299 0.241190 0.007177 1.685834
0.751004 0.000807 0.001609 0.000749 0.000290 0.238359 0.007183 1.685920
0.753928 0.000772 0.001562 0.000725 0.000280 0.235548 0.007187 1.686004
0.756788 0.000761 0.001502 0.000696 0.000270 0.232793 0.007191 1.686077
0.759592 0.000745 0.001448 0.000670 0.000258 0.230092 0.007197 1.686154
0.762320 0.000730 0.001390 0.000648 0.000251 0.227463 0.007200 1.686220
0.765153 0.000712 0.001346 0.000623 0.000239 0.224724 0.007204 1.686276
0.767989 0.000696 0.001296 0.000599 0.000233 0.221982 0.007207 1.686346
0.770661 0.000674 0.001254 0.000579 0.000222 0.219401 0.007211 1.686409
0.773413 0.000657 0.001217 0.000554 0.000214 0.216732 0.007214 1.686471
0.776065 0.000635 0.001175 0.000530 0.000206 0.214173 0.007217 1.686532
0.778676 0.000610 0.001132 0.000512 0.000203 0.211649 0.007220 1.686605
0.781256 0.000590 0.001093 0.000492 0.000196 0.209150 0.007224 1.686666
0.783793 0.000578 0.001059 0.000475 0.000189 0.206682 0.007227 1.686719
0.786287 0.000563 0.001020 0.000462 0.000180 0.204259 0.007230 1.686780
0.788726 0.000557 0.000984 0.000440 0.000173 0.201889 0.007232 1.686832
0.791164 0.000552 0.000941 0.000425 0.000167 0.199516 0.007234 1.686882
0.793619 0.000540 0.000900 0.000416 0.000158 0.197128 0.007240 1.686938
0.796040 0.000526 0.000878 0.000401 0.000154 0.194761 0.007241 1.686991
0.798452 0.000513 0.000853 0.000390 0.000148 0.192401 0.007244 1.687038
0.800822 0.000502 0.000824 0.000384 0.000145 0.190080 0.007244 1.687084
0.803179 0.000482 0.000808 0.000374 0.000144 0.187770 0.007244 1.687136
0.805502 0.000473 0.000784 0.000366 0.000142 0.185487 0.007247 1.687186
0.807771 0.000462 0.000756 0.000353 0.000139 0.183273 0.007248 1.687228
0.810026 0.000444 0.000729 0.000340 0.000132 0.181077 0.007254 1.687273
0.812269 0.000427 0.000702 0.000333 0.000127 0.178887 0.007255 1.687324
0.814525 0.000417 0.000690 0.000328 0.000123 0.176662 0.007256 1.687368
0.816652 0.000412 0.000669 0.000315 0.000120 0.174575 0.007258 1.687406
0.818739 0.000403 0.000647 0.000307 0.000115 0.172530 0.007260 1.687448
0.820899 0.000387 0.000622 0.000306 0.000112 0.170415 0.007261 1.687486
0.822961 0.000381 0.000600 0.000291 0.000106 0.168399 0.007264 1.687525
0.825025 0.000373 0.000589 0.000281 0.000105 0.166364 0.007265 1.687561
0.827089 0.000360 0.000574 0.000272 0.000103 0.164337 0.007266 1.687601
0.829133 0.000361 0.000558 0.000261 0.000101 0.162319 0.007267 1.687632
0.831092 0.000349 0.000542 0.000254 0.000099 0.160395 0.007269 1.687672
0.833038 0.000337 0.000528 0.000243 0.000094 0.158490 0.007272 1.687706
0.834991 0.000330 0.000513 0.000231 0.000091 0.156572 0.007272 1.687739
0.836915 0.000327 0.000501 0.000224 0.000089 0.154671 0.007273 1.687769
0.838849 0.000314 0.000486 0.000222 0.000086 0.152769 0.007275 1.687804
0.840771 0.000306 0.000473 0.000215 0.000085 0.150876 0.007275 1.687835
0.842601 0.000304 0.000464 0.000210 0.000081 0.149063 0.007276 1.687864
0.844423 0.000290 0.000447 0.000206 0.000078 0.147279 0.007278 1.687899
0.846250 0.000278 0.000436 0.000198 0.000072 0.145487 0.007279 1.687928
0.847999 0.000272 0.000420 0.000191 0.000069 0.143772 0.007279 1.687949
0.849729 0.000268 0.000397 0.000182 0.000066 0.142078 0.007280 1.687970
0.851460 0.000262 0.000388 0.000170 0.000066 0.140373 0.007280 1.687995
0.853147 0.000259 0.000379 0.000164 0.000064 0.138706 0.007281 1.688016
0.854880 0.000251 0.000364 0.000166 0.000063 0.136995 0.007282 1.688044
0.856556 0.000240 0.000356 0.000161 0.000061 0.135343 0.007283 1.688074
0.858187 0.000227 0.000349 0.000160 0.000059 0.133734 0.007284 1.688100
0.859736 0.000219 0.000345 0.000155 0.000057 0.132204 0.007285 1.688128
0.861352 0.000222 0.000329 0.000149 0.000055 0.130607 0.007286 1.688145
0.862932 0.000216 0.000324 0.000150 0.000054 0.129036 0.007287 1.688169
0.864452 0.000216 0.000315 0.000143 0.000054 0.127534 0.007287 1.688188
0.865950 0.000213 0.000311 0.000141 0.000053 0.126045 0.007287 1.688210
0.867468 0.000202 0.000305 0.000138 0.000051 0.124548 0.007287 1.688234
0.868972 0.000199 0.000301 0.000134 0.000051 0.123055 0.007287 1.688252
0.870401 0.000191 0.000286 0.000134 0.000048 0.121651 0.007290 1.688275
0.871873 0.000187 0.000279 0.000130 0.000048 0.120193 0.007290 1.688293
0.873273 0.000178 0.000274 0.000127 0.000047 0.118810 0.007290 1.688313
0.874673 0.000175 0.000261 0.000125 0.000046 0.117429 0.007291 1.688330
0.875965 0.000171 0.000254 0.000121 0.000045 0.116152 0.007292 1.688346
0.877258 0.000166 0.000239 0.000120 0.000044 0.114881 0.007292 1.688361
0.878522 0.000159 0.000233 0.000116 0.000043 0.113634 0.007292 1.688379
0.879788 0.000151 0.000227 0.000113 0.000040 0.112388 0.007294 1.688397
0.881032 0.000152 0.000222 0.000111 0.000040 0.111149 0.007294 1.688411
0.882252 0.000145 0.000218 0.000110 0.000038 0.109944 0.007295 1.688429
0.883417 0.000145 0.000211 0.000105 0.000036 0.108792 0.007295 1.688443
0.884560 0.000146 0.000206 0.000102 0.000036 0.107654 0.007295 1.688454
0.885696 0.000137 0.000200 0.000099 0.000035 0.106538 0.007295 1.688470
0.886795 0.000140 0.000195 0.000101 0.000034 0.105440 0.007295 1.688483
0.887915 0.000136 0.000189 0.000100 0.000032 0.104330 0.007298 1.688498
0.888939 0.000136 0.000186 0.000096 0.000031 0.103314 0.007298 1.688509
0.890003 0.000136 0.000190 0.000092 0.000030 0.102250 0.007299 1.688526
0.891022 0.000131 0.000190 0.000092 0.000027 0.101236 0.007301 1.688540
0.891973 0.000128 0.000187 0.000089 0.000027 0.100294 0.007301 1.688554
0.892934 0.000127 0.000184 0.000084 0.000028 0.099342 0.007301 1.688565
0.893864 0.000126 0.000177 0.000083 0.000027 0.098421 0.007302 1.688575
0.894776 0.000125 0.000171 0.000084 0.000026 0.097516 0.007302 1.688589
0.895635 0.000121 0.000163 0.000084 0.000025 0.096669 0.007303 1.688600
0.896529 0.000120 0.000152 0.000086 0.000024 0.095784 0.007303 1.688613
0.897388 0.000121 0.000151 0.000085 0.000022 0.094927 0.007304 1.688623
0.898226 0.000114 0.000150 0.000084 0.000021 0.094101 0.007304 1.688637
0.899033 0.000112 0.000145 0.000086 0.000019 0.093300 0.007304 1.688650
0.899827 0.000108 0.000146 0.000082 0.000019 0.092515 0.007304 1.688659
0.900569 0.000106 0.000144 0.000079 0.000018 0.091779 0.007304 1.688670
0.901314 0.000101 0.000145 0.000079 0.000018 0.091038 0.007304 1.688682
0.902050 0.000097 0.000146 0.000077 0.000018 0.090307 0.007304 1.688692
0.902797 0.000096 0.000140 0.000074 0.000018 0.089570 0.007304 1.688702
0.903516 0.000097 0.000137 0.000074 0.000016 0.088855 0.007305 1.688712
0.904203 0.000092 0.000135 0.000074 0.000016 0.088175 0.007305 1.688723
0.904889 0.000089 0.000135 0.000071 0.000015 0.087494 0.007305 1.688734
0.905558 0.000090 0.000134 0.000068 0.000016 0.086829 0.007305 1.688741
0.906178 0.000090 0.000129 0.000068 0.000015 0.086213 0.007305 1.688753
0.906791 0.000090 0.000124 0.000066 0.000015 0.085608 0.007305 1.688760
0.907364 0.000085 0.000121 0.000063 0.000015 0.085045 0.007305 1.688768
0.907941 0.000080 0.000122 0.000060 0.000015 0.084475 0.007305 1.688778
0.908470 0.000077 0.000121 0.000057 0.000014 0.083954 0.007306 1.688788
0.909028 0.000075 0.000118 0.000056 0.000014 0.083401 0.007306 1.688795
0.909553 0.000076 0.000116 0.000055 0.000013 0.082880 0.007307 1.688803
0.910051 0.000078 0.000116 0.000054 0.000014 0.082380 0.007307 1.688809
0.910539 0.000077 0.000110 0.000052 0.000014 0.081900 0.007307 1.688814
0.911009 0.000075 0.000106 0.000050 0.000014 0.081438 0.007307 1.688823
0.911457 0.000071 0.000103 0.000050 0.000013 0.080998 0.007307 1.688832
0.911888 0.000070 0.000102 0.000047 0.000013 0.080573 0.007307 1.688840
0.912327 0.000071 0.000099 0.000044 0.000012 0.080138 0.007308 1.688845
0.912755 0.000069 0.000098 0.000044 0.000012 0.079712 0.007308 1.688855
0.913160 0.000067 0.000097 0.000043 0.000012 0.079312 0.007308 1.688863
0.913563 0.000064 0.000095 0.000042 0.000012 0.078915 0.007309 1.688871
0.913924 0.000063 0.000090 0.000043 0.000012 0.078558 0.007309 1.688878
0.914313 0.000064 0.000089 0.000042 0.000012 0.078171 0.007309 1.688883
0.914689 0.000065 0.000085 0.000041 0.000012 0.077800 0.007309 1.688887
0.915041 0.000069 0.000082 0.000040 0.000011 0.077449 0.007309 1.688892
0.915367 0.000068 0.000082 0.000038 0.000011 0.077125 0.007309 1.688900
0.915669 0.000063 0.000082 0.000036 0.000011 0.076830 0.007309 1.688909
0.915987 0.000065 0.000078 0.000035 0.000011 0.076514 0.007309 1.688913
0.916288 0.000066 0.000075 0.000035 0.000010 0.076216 0.007309 1.688917
0.916583 0.000063 0.000075 0.000037 0.000010 0.075922 0.007309 1.688926
0.916893 0.000065 0.000074 0.000035 0.000010 0.075613 0.007309 1.688932
0.917177 0.000065 0.000074 0.000035 0.000010 0.075330 0.007309 1.688938
0.917463 0.000063 0.000074 0.000033 0.000009 0.075048 0.007310 1.688943
0.917745 0.000061 0.000071 0.000033 0.000009 0.074770 0.007310 1.688948
0.917989 0.000058 0.000072 0.000036 0.000009 0.074526 0.007310 1.688956
0.918256 0.000056 0.000075 0.000038 0.000009 0.074256 0.007310 1.688963
0.918533 0.000055 0.000076 0.000039 0.000008 0.073978 0.007311 1.688969
0.918791 0.000057 0.000074 0.000040 0.000008 0.073719 0.007311 1.688975
0.919057 0.000058 0.000074 0.000037 0.000008 0.073455 0.007311 1.688980
0.919294 0.000054 0.000079 0.000038 0.000008 0.073217 0.007311 1.688989
0.919524 0.000056 0.000075 0.000039 0.000008 0.072989 0.007311 1.688994
0.919785 0.000053 0.000073 0.000039 0.000008 0.072730 0.007311 1.689000
0.920016 0.000052 0.000071 0.000039 0.000008 0.072503 0.007311 1.689005
0.920234 0.000048 0.000066 0.000036 0.000009 0.072295 0.007311 1.689012
0.920452 0.000047 0.000064 0.000035 0.000009 0.072082 0.007311 1.689016
0.920663 0.000047 0.000064 0.000033 0.000009 0.071873 0.007311 1.689020
0.920876 0.000045 0.000063 0.000033 0.000009 0.071664 0.007311 1.689025
0.921087 0.000043 0.000064 0.000033 0.000008 0.071454 0.007311 1.689031
0.921267 0.000044 0.000061 0.000031 0.000007 0.071280 0.007311 1.689033
0.921447 0.000046 0.000061 0.000031 0.000007 0.071097 0.007311 1.689037
0.921622 0.000044 0.000060 0.000031 0.000007 0.070925 0.007311 1.689040
0.921801 0.000041 0.000062 0.000030 0.000007 0.070748 0.007311 1.689047
0.921974 0.000042 0.000061 0.000028 0.000007 0.070579 0.007311 1.689051
0.922157 0.000042 0.000059 0.000027 0.000005 0.070397 0.007313 1.689054
0.922318 0.000043 0.000056 0.000027 0.000005 0.070239 0.007313 1.689057
0.922475 0.000041 0.000058 0.000027 0.000004 0.070082 0.007313 1.689062
0.922614 0.000042 0.000056 0.000026 0.000004 0.069945 0.007313 1.689066
0.922784 0.000043 0.000053 0.000023 0.000004 0.069780 0.007313 1.689068
0.922958 0.000041 0.000052 0.000024 0.000004 0.069607 0.007313 1.689072
0.923106 0.000041 0.000054 0.000024 0.000004 0.069458 0.007313 1.689076
0.923259 0.000040 0.000052 0.000024 0.000004 0.069308 0.007313 1.689081
0.923418 0.000039 0.000051 0.000024 0.000004 0.069151 0.007313 1.689085
0.923535 0.000036 0.000051 0.000024 0.000004 0.069038 0.007313 1.689090
0.923651 0.000035 0.000051 0.000023 0.000004 0.068922 0.007313 1.689095
0.923774 0.000037 0.000047 0.000022 0.000004 0.068803 0.007313 1.689095
0.923911 0.000031 0.000046 0.000022 0.000005 0.068673 0.007313 1.689102
0.924022 0.000031 0.000044 0.000021 0.000004 0.068564 0.007314 1.689104
0.924131 0.000032 0.000042 0.000018 0.000005 0.068460 0.007314 1.689106
0.924234 0.000033 0.000042 0.000019 0.000005 0.068355 0.007314 1.689108
0.924330 0.000030 0.000041 0.000022 0.000005 0.068258 0.007314 1.689114
0.924419 0.000029 0.000042 0.000021 0.000005 0.068171 0.007314 1.689117
0.924506 0.000030 0.000041 0.000019 0.000005 0.068086 0.007314 1.689119
0.924592 0.000032 0.000037 0.000019 0.000005 0.068002 0.007314 1.689121
0.924686 0.000032 0.000036 0.000018 0.000004 0.067911 0.007314 1.689124
0.924779 0.000030 0.000038 0.000019 0.000003 0.067818 0.007315 1.689128
0.924850 0.000026 0.000039 0.000018 0.000003 0.067749 0.007315 1.689133
0.924930 0.000027 0.000037 0.000017 0.000003 0.067672 0.007315 1.689135
0.925015 0.000028 0.000034 0.000018 0.000003 0.067588 0.007315 1.689137
0.925079 0.000032 0.000033 0.000017 0.000003 0.067521 0.007315 1.689138
0.925153 0.000031 0.000032 0.000018 0.000003 0.067447 0.007315 1.689142
0.925224 0.000030 0.000032 0.000018 0.000003 0.067377 0.007315 1.689145
0.925291 0.000029 0.000034 0.000017 0.000003 0.067311 0.007315 1.689151
0.925361 0.000029 0.000032 0.000016 0.000003 0.067244 0.007315 1.689152
0.925418 0.000029 0.000031 0.000016 0.000002 0.067188 0.007316 1.689154
0.925487 0.000026 0.000033 0.000017 0.000002 0.067120 0.007316 1.689157
0.925547 0.000025 0.000035 0.000016 0.000002 0.067061 0.007316 1.689159
0.925605 0.000023 0.000034 0.000015 0.000002 0.067005 0.007316 1.689162
0.925667 0.000024 0.000034 0.000015 0.000002 0.066943 0.007316 1.689164
0.925726 0.000025 0.000032 0.000011 0.000002 0.066889 0.007316 1.689164
0.925780 0.000026 0.000031 0.000013 0.000002 0.066834 0.007316 1.689167
0.925831 0.000026 0.000030 0.000012 0.000002 0.066784 0.007316 1.689169
0.925882 0.000024 0.000028 0.000013 0.000002 0.066736 0.007316 1.689172
0.925929 0.000025 0.000027 0.000013 0.000002 0.066690 0.007316 1.689173
0.925968 0.000024 0.000027 0.000012 0.000003 0.066652 0.007316 1.689176
0.926005 0.000022 0.000029 0.000012 0.000003 0.066614 0.007316 1.689179
0.926055 0.000019 0.000027 0.000011 0.000003 0.066569 0.007316 1.689182
0.926096 0.000016 0.000030 0.000011 0.000003 0.066528 0.007316 1.689186
0.926133 0.000018 0.000026 0.000011 0.000003 0.066494 0.007316 1.689186
0.926174 0.000018 0.000028 0.000010 0.000003 0.066453 0.007316 1.689188
0.926208 0.000017 0.000028 0.000011 0.000003 0.066418 0.007316 1.689191
0.926241 0.000018 0.000028 0.000011 0.000003 0.066385 0.007316 1.689192
0.926282 0.000018 0.000028 0.000010 0.000003 0.066343 0.007316 1.689194
0.926322 0.000016 0.000028 0.000010 0.000003 0.066306 0.007316 1.689197
0.926352 0.000016 0.000029 0.000009 0.000003 0.066277 0.007316 1.689198
0.926385 0.000017 0.000027 0.000008 0.000003 0.066245 0.007316 1.689198
0.926413 0.000017 0.000027 0.000008 0.000002 0.066217 0.007316 1.689200
0.926446 0.000017 0.000026 0.000008 0.000002 0.066185 0.007316 1.689201
0.926476 0.000018 0.000027 0.000008 0.000002 0.066154 0.007316 1.689203
0.926497 0.000017 0.000027 0.000008 0.000002 0.066132 0.007316 1.689205
0.926530 0.000019 0.000027 0.000008 0.000002 0.066098 0.007316 1.689205
0.926553 0.000018 0.000024 0.000009 0.000002 0.066078 0.007316 1.689207
0.926587 0.000019 0.000024 0.000009 0.000002 0.066043 0.007316 1.689208
0.926616 0.000017 0.000024 0.000009 0.000002 0.066015 0.007316 1.689210
0.926650 0.000016 0.000025 0.000008 0.000002 0.065983 0.007316 1.689211
0.926675 0.000013 0.000024 0.000010 0.000002 0.065960 0.007316 1.689215
0.926707 0.000011 0.000027 0.000009 0.000002 0.065928 0.007316 1.689218
0.926732 0.000010 0.000027 0.000010 0.000002 0.065904 0.007316 1.689220
0.926761 0.000010 0.000025 0.000008 0.000002 0.065879 0.007316 1.689221
0.926787 0.000008 0.000025 0.000008 0.000002 0.065854 0.007316 1.689222
0.926806 0.000010 0.000024 0.000008 0.000002 0.065834 0.007316 1.689223
0.926830 0.000009 0.000023 0.000008 0.000002 0.065813 0.007316 1.689226
0.926851 0.000010 0.000024 0.000008 0.000002 0.065789 0.007316 1.689227
0.926873 0.000010 0.000023 0.000008 0.000003 0.065767 0.007316 1.689227
0.926897 0.000010 0.000021 0.000008 0.000003 0.065745 0.007316 1.689228
0.926920 0.000010 0.000021 0.000008 0.000003 0.065723 0.007316 1.689230
0.926945 0.000010 0.000019 0.000008 0.000003 0.065699 0.007316 1.689230
0.926967 0.000011 0.000018 0.000007 0.000003 0.065679 0.007316 1.689231
0.926989 0.000013 0.000016 0.000007 0.000003 0.065657 0.007316 1.689231
0.927011 0.000012 0.000016 0.000006 0.000003 0.065636 0.007316 1.689233
0.927030 0.000012 0.000016 0.000006 0.000003 0.065617 0.007316 1.689233
0.927045 0.000012 0.000016 0.000006 0.000003 0.065602 0.007316 1.689235
0.927060 0.000012 0.000015 0.000006 0.000003 0.065588 0.007316 1.689236
0.927077 0.000015 0.000013 0.000006 0.000003 0.065571 0.007316 1.689237
0.927096 0.000014 0.000013 0.000006 0.000003 0.065553 0.007316 1.689238
0.927111 0.000015 0.000013 0.000006 0.000002 0.065538 0.007317 1.689238
0.927123 0.000016 0.000013 0.000006 0.000002 0.065524 0.007317 1.689239
0.927137 0.000016 0.000013 0.000006 0.000002 0.065510 0.007317 1.689240
0.927151 0.000016 0.000014 0.000006 0.000002 0.065495 0.007317 1.689241
0.927165 0.000017 0.000013 0.000006 0.000002 0.065481 0.007317 1.689242
0.927181 0.000015 0.000015 0.000004 0.000002 0.065467 0.007317 1.689244
0.927196 0.000014 0.000014 0.000005 0.000002 0.065452 0.007317 1.689245
0.927211 0.000017 0.000014 0.000005 0.000002 0.065436 0.007317 1.689245
0.927227 0.000016 0.000015 0.000005 0.000002 0.065419 0.007317 1.689248
0.927236 0.000016 0.000015 0.000005 0.000003 0.065409 0.007317 1.689248
0.927249 0.000014 0.000015 0.000005 0.000003 0.065398 0.007317 1.689251
0.927267 0.000016 0.000014 0.000004 0.000003 0.065380 0.007317 1.689251
0.927281 0.000016 0.000014 0.000005 0.000003 0.065365 0.007317 1.689252
0.927290 0.000017 0.000015 0.000007 0.000003 0.065354 0.007317 1.689254
0.927301 0.000016 0.000014 0.000007 0.000003 0.065344 0.007317 1.689256
0.927312 0.000017 0.000013 0.000006 0.000003 0.065333 0.007317 1.689256
0.927322 0.000018 0.000013 0.000007 0.000002 0.065322 0.007317 1.689257
0.927333 0.000019 0.000013 0.000007 0.000002 0.065310 0.007317 1.689258
0.927345 0.000019 0.000013 0.000006 0.000002 0.065298 0.007318 1.689259
0.927351 0.000018 0.000013 0.000007 0.000002 0.065293 0.007318 1.689262
0.927358 0.000014 0.000012 0.000008 0.000002 0.065289 0.007318 1.689265
0.927364 0.000015 0.000012 0.000006 0.000002 0.065284 0.007318 1.689266
0.927372 0.000014 0.000011 0.000006 0.000002 0.065279 0.007318 1.689266
0.927382 0.000013 0.000012 0.000006 0.000002 0.065268 0.007318 1.689268
0.927390 0.000014 0.000013 0.000006 0.000002 0.065258 0.007318 1.689269
0.927396 0.000014 0.000013 0.000005 0.000002 0.065252 0.007318 1.689270
0.927404 0.000014 0.000013 0.000006 0.000002 0.065244 0.007318 1.689271
0.927416 0.000014 0.000012 0.000006 0.000001 0.065233 0.007318 1.689271
0.927425 0.000015 0.000012 0.000005 0.000001 0.065224 0.007318 1.689271
0.927432 0.000012 0.000012 0.000006 0.000001 0.065220 0.007318 1.689274
0.927440 0.000012 0.000010 0.000005 0.000001 0.065214 0.007318 1.689276
0.927451 0.000010 0.000011 0.000005 0.000001 0.065204 0.007318 1.689278
0.927461 0.000010 0.000010 0.000005 0.000001 0.065196 0.007318 1.689279
0.927466 0.000010 0.000011 0.000004 0.000001 0.065190 0.007318 1.689280
0.927474 0.000010 0.000010 0.000004 0.000001 0.065184 0.007318 1.689280
0.927481 0.000011 0.000010 0.000004 0.000001 0.065176 0.007318 1.689281
0.927485 0.000010 0.000009 0.000005 0.000001 0.065172 0.007318 1.689282
0.927495 0.000010 0.000010 0.000004 0.000001 0.065162 0.007318 1.689283
0.927502 0.000009 0.000010 0.000003 0.000001 0.065157 0.007318 1.689284
0.927507 0.000009 0.000011 0.000003 0.000000 0.065150 0.007319 1.689286
0.927515 0.000008 0.000012 0.000004 0.000000 0.065143 0.007319 1.689288
0.927520 0.000007 0.000012 0.000004 0.000000 0.065138 0.007319 1.689289
0.927526 0.000006 0.000012 0.000005 0.000000 0.065132 0.007319 1.689290
0.927531 0.000005 0.000012 0.000004 0.000000 0.065129 0.007319 1.689291
0.927538 0.000005 0.000013 0.000004 0.000000 0.065122 0.007319 1.689292
0.927544 0.000006 0.000011 0.000004 0.000000 0.065117 0.007319 1.689292
0.927550 0.000005 0.000012 0.000003 0.000000 0.065112 0.007319 1.689293
0.927557 0.000005 0.000012 0.000003 0.000000 0.065105 0.007319 1.689293
0.927560 0.000006 0.000010 0.000004 0.000000 0.065103 0.007319 1.689294
0.927563 0.000005 0.000009 0.000003 0.000000 0.065101 0.007319 1.689295
0.927566 0.000005 0.000009 0.000003 0.000000 0.065099 0.007319 1.689295
0.927570 0.000003 0.000008 0.000002 0.000000 0.065098 0.007319 1.689296
0.927574 0.000003 0.000008 0.000002 0.000000 0.065094 0.007319 1.689296
0.927578 0.000003 0.000007 0.000003 0.000000 0.065091 0.007319 1.689297
0.927582 0.000003 0.000007 0.000003 0.000000 0.065088 0.007319 1.689297
0.927584 0.000003 0.000006 0.000003 0.000000 0.065087 0.007319 1.689297
0.927584 0.000004 0.000006 0.000003 0.000000 0.065085 0.007319 1.689298
0.927587 0.000005 0.000006 0.000003 0.000000 0.065080 0.007319 1.689298
0.927590 0.000005 0.000006 0.000003 0.000000 0.065078 0.007319 1.689299
0.927592 0.000005 0.000006 0.000003 0.000000 0.065075 0.007319 1.689299
0.927593 0.000006 0.000006 0.000003 0.000000 0.065073 0.007319 1.689299
0.927593 0.000006 0.000006 0.000003 0.000000 0.065073 0.007319 1.689300
0.927596 0.000006 0.000006 0.000003 0.000000 0.065071 0.007319 1.689300
0.927600 0.000005 0.000006 0.000003 0.000000 0.065067 0.007319 1.689301
0.927600 0.000006 0.000007 0.000003 0.000000 0.065065 0.007319 1.689301
0.927603 0.000006 0.000006 0.000003 0.000000 0.065063 0.007319 1.689302
0.927605 0.000005 0.000006 0.000004 0.000000 0.065062 0.007319 1.689303
0.927605 0.000005 0.000006 0.000004 0.000000 0.065062 0.007319 1.689304
0.927607 0.000005 0.000006 0.000005 0.000000 0.065059 0.007319 1.689304
0.927607 0.000005 0.000006 0.000004 0.000000 0.065059 0.007319 1.689305
0.927609 0.000005 0.000006 0.000004 0.000000 0.065057 0.007319 1.689305
0.927612 0.000005 0.000006 0.000005 0.000000 0.065054 0.007319 1.689305
0.927613 0.000005 0.000006 0.000005 0.000000 0.065053 0.007319 1.689306
0.927614 0.000005 0.000005 0.000003 0.000000 0.065054 0.007319 1.689306
0.927615 0.000005 0.000005 0.000003 0.000000 0.065054 0.007319 1.689306
0.927617 0.000005 0.000005 0.000003 0.000000 0.065052 0.007319 1.689306
0.927618 0.000003 0.000006 0.000004 0.000000 0.065050 0.007319 1.689308
0.927619 0.000003 0.000006 0.000004 0.000000 0.065049 0.007319 1.689309
0.927621 0.000003 0.000006 0.000004 0.000000 0.065048 0.007319 1.689309
0.927621 0.000004 0.000005 0.000004 0.000000 0.065047 0.007319 1.689309
0.927621 0.000004 0.000005 0.000003 0.000000 0.065048 0.007319 1.689310
0.927620 0.000005 0.000005 0.000003 0.000000 0.065048 0.007319 1.689310
0.927621 0.000003 0.000005 0.000004 0.000000 0.065049 0.007319 1.689311
0.927622 0.000004 0.000005 0.000004 0.000000 0.065047 0.007319 1.689312
0.927624 0.000004 0.000006 0.000004 0.000000 0.065044 0.007319 1.689312
0.927624 0.000004 0.000005 0.000003 0.000000 0.065045 0.007319 1.689313
0.927626 0.000002 0.000006 0.000003 0.000000 0.065045 0.007319 1.689316
0.927626 0.000002 0.000005 0.000003 0.000000 0.065045 0.007319 1.689316
0.927627 0.000002 0.000005 0.000003 0.000000 0.065044 0.007319 1.689316
0.927627 0.000003 0.000003 0.000003 0.000000 0.065046 0.007319 1.689316
0.927627 0.000003 0.000003 0.000003 0.000000 0.065045 0.007319 1.689316
0.927628 0.000003 0.000003 0.000002 0.000000 0.065046 0.007319 1.689316
0.927628 0.000003 0.000003 0.000003 0.000000 0.065046 0.007319 1.689317
0.927628 0.000003 0.000003 0.000003 0.000000 0.065045 0.007319 1.689318
0.927630 0.000002 0.000003 0.000003 0.000000 0.065044 0.007319 1.689318
0.927630 0.000003 0.000003 0.000003 0.000000 0.065043 0.007319 1.689318
0.927630 0.000003 0.000003 0.000003 0.000000 0.065043 0.007319 1.689318
0.927631 0.000003 0.000003 0.000003 0.000000 0.065041 0.007319 1.689319
0.927631 0.000004 0.000003 0.000003 0.000000 0.065040 0.007319 1.689319
0.927632 0.000004 0.000003 0.000003 0.000000 0.065039 0.007319 1.689319
0.927632 0.000005 0.000003 0.000002 0.000000 0.065040 0.007319 1.689319
0.927633 0.000005 0.000003 0.000002 0.000000 0.065040 0.007319 1.689319
0.927632 0.000005 0.000003 0.000003 0.000000 0.065040 0.007319 1.689319
0.927632 0.000006 0.000003 0.000002 0.000000 0.065040 0.007319 1.689319
0.927632 0.000006 0.000003 0.000002 0.000000 0.065039 0.007319 1.689320
0.927633 0.000006 0.000003 0.000002 0.000000 0.065038 0.007319 1.689320
0.927633 0.000006 0.000003 0.000002 0.000000 0.065037 0.007319 1.689320
0.927634 0.000006 0.000002 0.000002 0.000000 0.065037 0.007319 1.689320
0.927636 0.000006 0.000003 0.000002 0.000000 0.065036 0.007319 1.689320
0.927636 0.000005 0.000003 0.000002 0.000000 0.065036 0.007319 1.689321
0.927637 0.000005 0.000003 0.000002 0.000000 0.065036 0.007319 1.689321
0.927637 0.000005 0.000003 0.000002 0.000000 0.065035 0.007319 1.689321
0.927639 0.000005 0.000002 0.000002 0.000000 0.065034 0.007319 1.689322
0.927640 0.000005 0.000002 0.000003 0.000000 0.065033 0.007319 1.689322
0.927642 0.000005 0.000002 0.000002 0.000000 0.065031 0.007319 1.689323
0.927642 0.000005 0.000002 0.000002 0.000000 0.065031 0.007319 1.689323
0.927643 0.000005 0.000002 0.000002 0.000000 0.065029 0.007319 1.689323
0.927644 0.000005 0.000002 0.000003 0.000000 0.065029 0.007319 1.689324
0.927645 0.000004 0.000003 0.000003 0.000000 0.065028 0.007319 1.689325
0.927646 0.000003 0.000003 0.000003 0.000000 0.065027 0.007319 1.689325
0.927647 0.000003 0.000003 0.000002 0.000000 0.065026 0.007319 1.689325
0.927648 0.000003 0.000003 0.000002 0.000000 0.065025 0.007319 1.689325
0.927650 0.000003 0.000003 0.000001 0.000000 0.065024 0.007319 1.689326
0.927650 0.000003 0.000003 0.000001 0.000000 0.065024 0.007319 1.689326
0.927650 0.000003 0.000003 0.000001 0.000000 0.065024 0.007319 1.689326
0.927651 0.000003 0.000003 0.000001 0.000000 0.065023 0.007319 1.689326
0.927653 0.000003 0.000003 0.000001 0.000000 0.065021 0.007319 1.689326
0.927652 0.000005 0.000003 0.000001 0.000000 0.065021 0.007319 1.689326
0.927652 0.000004 0.000003 0.000001 0.000000 0.065021 0.007319 1.689327
0.927652 0.000005 0.000003 0.000000 0.000000 0.065021 0.007319 1.689327
0.927652 0.000003 0.000003 0.000001 0.000000 0.065022 0.007319 1.689328
0.927654 0.000003 0.000003 0.000001 0.000000 0.065021 0.007319 1.689328
0.927655 0.000003 0.000002 0.000001 0.000000 0.065020 0.007319 1.689328
0.927655 0.000003 0.000003 0.000000 0.000000 0.065020 0.007319 1.689328
0.927656 0.000003 0.000002 0.000000 0.000000 0.065020 0.007319 1.689328
0.927656 0.000004 0.000002 0.000000 0.000000 0.065019 0.007319 1.689328
0.927656 0.000003 0.000003 0.000000 0.000000 0.065019 0.007319 1.689329
0.927656 0.000003 0.000003 0.000000 0.000000 0.065020 0.007319 1.689330
0.927657 0.000003 0.000003 0.000000 0.000000 0.065019 0.007319 1.689330
0.927659 0.000003 0.000002 0.000000 0.000000 0.065018 0.007319 1.689330
0.927660 0.000002 0.000002 0.000001 0.000000 0.065017 0.007319 1.689330
0.927661 0.000002 0.000003 0.000001 0.000000 0.065016 0.007319 1.689331
0.927663 0.000001 0.000003 0.000000 0.000000 0.065014 0.007319 1.689331
0.927664 0.000001 0.000003 0.000000 0.000000 0.065013 0.007319 1.689331
0.927664 0.000002 0.000003 0.000000 0.000000 0.065013 0.007319 1.689331
0.927665 0.000002 0.000003 0.000000 0.000000 0.065012 0.007319 1.689331
0.927666 0.000001 0.000003 0.000000 0.000000 0.065011 0.007319 1.689332
0.927667 0.000001 0.000003 0.000000 0.000000 0.065010 0.007319 1.689332
0.927667 0.000002 0.000003 0.000000 0.000000 0.065010 0.007319 1.689332
0.927668 0.000001 0.000003 0.000001 0.000000 0.065008 0.007319 1.689332
0.927670 0.000001 0.000003 0.000000 0.000000 0.065007 0.007319 1.689332
0.927671 0.000001 0.000003 0.000000 0.000000 0.065006 0.007319 1.689332
0.927671 0.000002 0.000003 0.000000 0.000000 0.065006 0.007319 1.689332
0.927671 0.000002 0.000002 0.000000 0.000000 0.065006 0.007319 1.689332
0.927672 0.000002 0.000002 0.000000 0.000000 0.065006 0.007319 1.689332
0.927672 0.000003 0.000001 0.000000 0.000000 0.065006 0.007319 1.689332
0.927672 0.000002 0.000001 0.000000 0.000000 0.065006 0.007319 1.689333
0.927672 0.000002 0.000001 0.000001 0.000000 0.065006 0.007319 1.689333
0.927673 0.000002 0.000001 0.000000 0.000000 0.065005 0.007319 1.689333
0.927673 0.000001 0.000001 0.000000 0.000000 0.065005 0.007319 1.689334
0.927674 0.000001 0.000001 0.000000 0.000000 0.065004 0.007319 1.689334
0.927674 0.000001 0.000001 0.000000 0.000000 0.065004 0.007319 1.689334
0.927674 0.000001 0.000002 0.000000 0.000000 0.065003 0.007319 1.689334
0.927674 0.000001 0.000003 0.000000 0.000000 0.065003 0.007319 1.689335
0.927675 0.000001 0.000003 0.000000 0.000000 0.065003 0.007319 1.689335
0.927675 0.000001 0.000002 0.000000 0.000000 0.065003 0.007319 1.689335
0.927675 0.000001 0.000002 0.000000 0.000000 0.065003 0.007319 1.689335
0.927676 0.000001 0.000001 0.000000 0.000000 0.065003 0.007319 1.689335
0.927676 0.000000 0.000002 0.000000 0.000000 0.065003 0.007319 1.689335
0.927676 0.000000 0.000002 0.000000 0.000000 0.065002 0.007319 1.689335
0.927677 0.000000 0.000002 0.000000 0.000000 0.065002 0.007319 1.689335
0.927677 0.000000 0.000002 0.000000 0.000000 0.065001 0.007319 1.689335
0.927678 0.000000 0.000002 0.000000 0.000000 0.065001 0.007319 1.689335
0.927678 0.000000 0.000002 0.000000 0.000000 0.065000 0.007319 1.689335
0.927678 0.000000 0.000001 0.000000 0.000000 0.065001 0.007319 1.689335
0.927678 0.000000 0.000001 0.000001 0.000000 0.065001 0.007319 1.689336
0.927679 0.000000 0.000001 0.000001 0.000000 0.065000 0.007319 1.689336
0.927679 0.000000 0.000001 0.000001 0.000000 0.065000 0.007319 1.689336
0.927680 0.000000 0.000001 0.000001 0.000000 0.064999 0.007319 1.689336
0.927680 0.000000 0.000001 0.000001 0.000000 0.065000 0.007319 1.689336
0.927681 0.000000 0.000001 0.000001 0.000000 0.064998 0.007319 1.689336
0.927682 0.000000 0.000001 0.000001 0.000000 0.064998 0.007319 1.689336
0.927682 0.000000 0.000001 0.000001 0.000000 0.064997 0.007319 1.689336
0.927683 0.000000 0.000001 0.000001 0.000000 0.064997 0.007319 1.689336
0.927683 0.000000 0.000001 0.000001 0.000000 0.064996 0.007319 1.689336
0.927684 0.000000 0.000001 0.000001 0.000000 0.064996 0.007319 1.689336
0.927683 0.000000 0.000001 0.000001 0.000000 0.064996 0.007319 1.689336
0.927684 0.000000 0.000001 0.000001 0.000000 0.064995 0.007319 1.689336
0.927684 0.000000 0.000000 0.000001 0.000000 0.064996 0.007319 1.689336
0.927684 0.000000 0.000000 0.000001 0.000000 0.064995 0.007319 1.689336
0.927684 0.000000 0.000001 0.000001 0.000000 0.064995 0.007319 1.689336
0.927685 0.000000 0.000001 0.000001 0.000000 0.064995 0.007319 1.689336
0.927685 0.000000 0.000000 0.000001 0.000000 0.064995 0.007319 1.689336
0.927685 0.000000 0.000000 0.000000 0.000000 0.064996 0.007319 1.689336
0.927685 0.000000 0.000000 0.000000 0.000000 0.064995 0.007319 1.689336
0.927686 0.000000 0.000000 0.000000 0.000000 0.064995 0.007319 1.689336
0.927686 0.000000 0.000000 0.000000 0.000000 0.064995 0.007319 1.689336
0.927686 0.000000 0.000000 0.000000 0.000000 0.064995 0.007319 1.689336
0.927686 0.000000 0.000000 0.000000 0.000000 0.064995 0.007319 1.689336
0.927686 0.000000 0.000000 0.000000 0.000000 0.064995 0.007319 1.689336
0.927686 0.000000 0.000000 0.000000 0.000000 0.064995 0.007319 1.689336
0.927686 0.000000 0.000000 0.000000 0.000000 0.064995 0.007319 1.689336
0.927686 0.000000 0.000000 0.000000 0.000000 0.064995 0.007319 1.689336
0.927686 0.000000 0.000000 0.000000 0.000000 0.064995 0.007319 1.689336
0.927686 0.000000 0.000000 0.000000 0.000000 0.064995 0.007319 1.689336
0.927686 0.000000 0.000000 0.000000 0.000000 0.064995 0.007319 1.689336
0.927686 0.000000 0.000000 0.000000 0.000000 0.064995 0.007319 1.689336
0.927686 0.000000 0.000000 0.000000 0.000000 0.064995 0.007319 1.689336
0.927686 0.000000 0.000000 0.000000 0.000000 0.064995 0.007319 1.689336
0.927686 0.000000 0.000000 0.000000 0.000000 0.064995 0.007319 1.689336
0.927686 0.000000 0.000000 0.000000 0.000000 0.064995 0.007319 1.689336
0.927686 0.000000 0.000000 0.000000 0.000000 0.064995 0.007319 1.689336
0.927686 0.000000 0.000000 0.000000 0.000000 0.064995 0.007319 1.689336
0.927686 0.000000 0.000000 0.000000 0.000000 0.064995 0.007319 1.689336
0.927686 0.000000 0.000000 0.000000 0.000000 0.064995 0.007319 1.689336
0.927686 0.000000 0.000000 0.000000 0.000000 0.064995 0.007319 1.689336
0.927686 0.000000 0.000000 0.000000 0.000000 0.064995 0.007319 1.689336
0.927686 0.000000 0.000000 0.000000 0.000000 0.064995 0.007319 1.689336
0.927686 0.000000 0.000000 0.000000 0.000000 0.064995 0.007319 1.689336
0.927686 0.000000 0.000000 0.000000 0.000000 0.064995 0.007319 1.689336
0.927686 0.000000 0.000000 0.000000 0.000000 0.064995 0.007319 1.689336
0.927686 0.000000 0.000000 0.000000 0.000000 0.064995 0.007319 1.689336
0.927686 0.000000 0.000000 0.000000 0.000000 0.064995 0.007319 1.689336
0.927686 0.000000 0.000000 0.000000 0.000000 0.064995 0.007319 1.689336
0.927686 0.000000 0.000000 0.000000 0.000000 0.064995 0.007319 1.689336
0.927686 0.000000 0.000000 0.000000 0.000000 0.064995 0.007319 1.689336
0.927686 0.000000 0.000000 0.000000 0.000000 0.064995 0.007319 1.689336
0.927686 0.000000 0.000000 0.000000 0.000000 0.064995 0.007319 1.689336
0.927686 0.000000 0.000000 0.000000 0.000000 0.064995 0.007319 1.689336
0.927686 0.000000 0.000000 0.000000 0.000000 0.064995 0.007319 1.689336
0.927686 0.000000 0.000000 0.000000 0.000000 0.064995 0.007319 1.689336
0.927686 0.000000 0.000000 0.000000 0.000000 0.064995 0.007319 1.689336
0.927686 0.000000 0.000000 0.000000 0.000000 0.064995 0.007319 1.689336
0.927686 0.000000 0.000000 0.000000 0.000000 0.064995 0.007319 1.689336
0.927686 0.000000 0.000000 0.000000 0.000000 0.064995 0.007319 1.689336
0.927686 0.000000 0.000000 0.000000 0.000000 0.064995 0.007319 1.689336
0.927686 0.000000 0.000000 0.000000 0.000000 0.064995 0.007319 1.689336
0.927686 0.000000 0.000000 0.000000 0.000000 0.064995 0.007319 1.689336
0.927686 0.000000 0.000000 0.000000 0.000000 0.064995 0.007319 1.689336
0.927686 0.000000 0.000000 0.000000 0.000000 0.064995 0.007319 1.689336
0.927686 0.000000 0.000000 0.000000 0.000000 0.064995 0.007319 1.689336
0.927686 0.000000 0.000000 0.000000 0.000000 0.064995 0.007319 1.689336
0.927686 0.000000 0.000000 0.000000 0.000000 0.064995 0.007319 1.689336
0.927686 0.000000 0.000000 0.000000 0.000000 0.064995 0.007319 1.689336
