0.369297 0.061621 0.054636 0.031277 0.001971 0.475564 0.005633 1.552848
0.371099 0.059803 0.054576 0.031254 0.001955 0.475654 0.005660 1.558880
0.373286 0.057852 0.054385 0.031105 0.001955 0.475733 0.005685 1.564636
0.375731 0.055738 0.054162 0.030850 0.001945 0.475860 0.005715 1.570231
0.378480 0.053709 0.053690 0.030450 0.001953 0.475974 0.005743 1.575525
0.381304 0.051636 0.053161 0.030060 0.001962 0.476106 0.005771 1.580660
0.384321 0.049634 0.052530 0.029619 0.001945 0.476153 0.005800 1.585541
0.387559 0.047546 0.051919 0.029240 0.001938 0.475975 0.005822 1.590284
0.390788 0.045600 0.051270 0.028754 0.001925 0.475811 0.005852 1.594911
0.394119 0.043822 0.050569 0.028260 0.001933 0.475421 0.005876 1.599282
0.397575 0.042077 0.049801 0.027732 0.001926 0.474987 0.005901 1.603512
0.401144 0.040358 0.048895 0.027179 0.001918 0.474585 0.005923 1.607585
0.404854 0.038747 0.047929 0.026621 0.001902 0.473998 0.005949 1.611499
0.408568 0.037243 0.046922 0.026099 0.001890 0.473304 0.005974 1.615205
0.412347 0.035845 0.045909 0.025476 0.001874 0.472550 0.005999 1.618782
0.416149 0.034476 0.044865 0.024925 0.001863 0.471698 0.006023 1.622214
0.419980 0.033290 0.043831 0.024328 0.001856 0.470667 0.006048 1.625503
0.423883 0.032096 0.042807 0.023728 0.001828 0.469583 0.006074 1.628719
0.427745 0.031032 0.041863 0.023087 0.001821 0.468361 0.006090 1.631759
0.431753 0.029868 0.040862 0.022528 0.001796 0.467084 0.006109 1.634775
0.435690 0.028859 0.039806 0.021957 0.001780 0.465775 0.006132 1.637642
0.439578 0.027907 0.038832 0.021372 0.001750 0.464399 0.006163 1.640431
0.443521 0.027003 0.037844 0.020850 0.001732 0.462866 0.006185 1.643139
0.447476 0.026168 0.036915 0.020236 0.001716 0.461286 0.006205 1.645761
0.451492 0.025343 0.035982 0.019687 0.001698 0.459573 0.006225 1.648278
0.455376 0.024653 0.035065 0.019177 0.001672 0.457810 0.006247 1.650731
0.459398 0.023963 0.034107 0.018685 0.001637 0.455940 0.006269 1.653096
0.463425 0.023295 0.033226 0.018174 0.001610 0.453977 0.006291 1.655405
0.467504 0.022639 0.032383 0.017621 0.001579 0.451956 0.006317 1.657659
0.471559 0.022054 0.031593 0.017143 0.001556 0.449757 0.006338 1.659853
0.475533 0.021488 0.030759 0.016656 0.001535 0.447668 0.006361 1.661952
0.479605 0.020986 0.029929 0.016184 0.001503 0.445408 0.006385 1.663999
0.483609 0.020508 0.029197 0.015712 0.001480 0.443090 0.006404 1.666010
0.487538 0.019992 0.028433 0.015296 0.001466 0.440851 0.006423 1.668048
0.491484 0.019508 0.027729 0.014883 0.001438 0.438513 0.006444 1.670003
0.495522 0.018969 0.027062 0.014496 0.001419 0.436073 0.006458 1.671944
0.499494 0.018589 0.026293 0.014099 0.001390 0.433662 0.006474 1.673789
0.503442 0.018242 0.025659 0.013627 0.001360 0.431181 0.006489 1.675543
0.507382 0.017924 0.025036 0.013294 0.001338 0.428522 0.006504 1.677304
0.511331 0.017604 0.024403 0.012887 0.001318 0.425933 0.006524 1.679019
0.515246 0.017331 0.023719 0.012563 0.001296 0.423301 0.006543 1.680685
0.519114 0.017039 0.023186 0.012226 0.001273 0.420604 0.006557 1.682343
0.523032 0.016751 0.022620 0.011918 0.001261 0.417846 0.006572 1.684011
0.526929 0.016480 0.022079 0.011641 0.001240 0.415045 0.006586 1.685643
0.530772 0.016248 0.021612 0.011345 0.001206 0.412212 0.006605 1.687198
0.534541 0.015988 0.021065 0.011081 0.001169 0.409536 0.006621 1.688750
0.538310 0.015719 0.020597 0.010793 0.001144 0.406799 0.006639 1.690277
0.542047 0.015449 0.020126 0.010497 0.001120 0.404107 0.006653 1.691801
0.545742 0.015245 0.019635 0.010286 0.001100 0.401327 0.006664 1.693295
0.549390 0.014995 0.019205 0.010087 0.001073 0.398574 0.006677 1.694788
0.553193 0.014767 0.018819 0.009864 0.001046 0.395623 0.006687 1.696248
0.556772 0.014613 0.018467 0.009635 0.001019 0.392793 0.006702 1.697649
0.560480 0.014402 0.018068 0.009439 0.000999 0.389898 0.006714 1.699062
0.564158 0.014213 0.017722 0.009243 0.000977 0.386961 0.006726 1.700471
0.567689 0.014055 0.017382 0.009079 0.000951 0.384105 0.006739 1.701877
0.571321 0.013903 0.017108 0.008859 0.000933 0.381123 0.006754 1.703224
0.574856 0.013776 0.016783 0.008692 0.000904 0.378225 0.006765 1.704545
0.578486 0.013639 0.016479 0.008495 0.000888 0.375239 0.006775 1.705877
0.582015 0.013461 0.016198 0.008364 0.000871 0.372308 0.006784 1.707219
0.585530 0.013317 0.015945 0.008210 0.000855 0.369351 0.006793 1.708539
0.588950 0.013173 0.015682 0.008092 0.000838 0.366461 0.006804 1.709848
0.592284 0.013065 0.015415 0.007973 0.000807 0.363637 0.006820 1.711144
0.595592 0.012974 0.015190 0.007852 0.000788 0.360776 0.006829 1.712432
0.599012 0.012905 0.014906 0.007733 0.000772 0.357838 0.006835 1.713669
0.602320 0.012764 0.014681 0.007605 0.000754 0.355032 0.006844 1.714939
0.605603 0.012681 0.014474 0.007515 0.000736 0.352137 0.006855 1.716175
0.608903 0.012521 0.014298 0.007424 0.000718 0.349272 0.006864 1.717460
0.612069 0.012477 0.014075 0.007277 0.000693 0.346535 0.006873 1.718652
0.615373 0.012403 0.013907 0.007167 0.000682 0.343587 0.006881 1.719860
0.618491 0.012301 0.013679 0.007045 0.000674 0.340921 0.006889 1.721040
0.621696 0.012273 0.013477 0.006940 0.000669 0.338048 0.006895 1.722200
0.624760 0.012177 0.013332 0.006854 0.000652 0.335320 0.006904 1.723405
0.627734 0.012090 0.013210 0.006747 0.000633 0.332672 0.006913 1.724603
0.630808 0.012021 0.013056 0.006675 0.000621 0.329900 0.006920 1.725765
0.633855 0.011959 0.012924 0.006603 0.000610 0.327123 0.006926 1.726941
0.636741 0.011913 0.012776 0.006528 0.000599 0.324512 0.006931 1.728117
0.639724 0.011871 0.012625 0.006428 0.000581 0.321829 0.006943 1.729271
0.642596 0.011845 0.012501 0.006353 0.000570 0.319187 0.006949 1.730412
0.645414 0.011852 0.012314 0.006293 0.000563 0.316608 0.006956 1.731538
0.648254 0.011832 0.012228 0.006259 0.000553 0.313912 0.006962 1.732705
0.651049 0.011823 0.012130 0.006205 0.000542 0.311283 0.006967 1.733854
0.653831 0.011781 0.012028 0.006137 0.000528 0.308721 0.006974 1.735041
0.656633 0.011732 0.011920 0.006109 0.000517 0.306107 0.006982 1.736196
0.659334 0.011744 0.011823 0.006076 0.000508 0.303529 0.006986 1.737313
0.661994 0.011658 0.011759 0.006039 0.000495 0.301061 0.006994 1.738499
0.664514 0.011667 0.011678 0.006030 0.000483 0.298628 0.007000 1.739676
0.667083 0.011648 0.011558 0.005982 0.000474 0.296253 0.007004 1.740790
0.669607 0.011642 0.011460 0.005901 0.000472 0.293910 0.007007 1.741910
0.672040 0.011632 0.011375 0.005869 0.000461 0.291611 0.007012 1.743045
0.674632 0.011608 0.011356 0.005801 0.000451 0.289136 0.007018 1.744168
0.677150 0.011537 0.011309 0.005775 0.000445 0.286762 0.007023 1.745330
0.679660 0.011489 0.011235 0.005734 0.000434 0.284419 0.007029 1.746475
0.682042 0.011505 0.011150 0.005713 0.000425 0.282131 0.007033 1.747603
0.684432 0.011538 0.011092 0.005695 0.000420 0.279787 0.007036 1.748706
0.686840 0.011555 0.010995 0.005707 0.000409 0.277452 0.007042 1.749829
0.689134 0.011576 0.011015 0.005703 0.000407 0.275118 0.007047 1.751019
0.691414 0.011572 0.010977 0.005676 0.000403 0.272907 0.007050 1.752156
0.693639 0.011645 0.010967 0.005649 0.000393 0.270652 0.007055 1.753281
0.695895 0.011609 0.010948 0.005639 0.000386 0.268462 0.007061 1.754443
0.698048 0.011658 0.010934 0.005616 0.000378 0.266301 0.007066 1.755569
0.700109 0.011695 0.010887 0.005606 0.000373 0.264263 0.007068 1.756712
0.702092 0.011767 0.010879 0.005572 0.000369 0.262252 0.007071 1.757823
0.704168 0.011803 0.010864 0.005566 0.000362 0.260163 0.007076 1.758976
0.706154 0.011866 0.010846 0.005565 0.000355 0.258134 0.007082 1.760142
0.708158 0.011905 0.010875 0.005559 0.000340 0.256078 0.007086 1.761324
0.710178 0.011881 0.010869 0.005574 0.000329 0.254077 0.007091 1.762542
0.712199 0.011872 0.010872 0.005564 0.000327 0.252072 0.007095 1.763738
0.714090 0.011902 0.010872 0.005585 0.000327 0.250127 0.007098 1.764931
0.715996 0.011960 0.010823 0.005575 0.000328 0.248217 0.007101 1.766083
0.717906 0.012045 0.010809 0.005566 0.000333 0.246240 0.007103 1.767247
0.719811 0.012097 0.010814 0.005558 0.000329 0.244285 0.007106 1.768418
0.721633 0.012173 0.010840 0.005593 0.000321 0.242329 0.007111 1.769610
0.723356 0.012202 0.010859 0.005631 0.000318 0.240519 0.007114 1.770819
0.725113 0.012251 0.010841 0.005622 0.000317 0.238738 0.007117 1.771998
0.726803 0.012363 0.010863 0.005580 0.000315 0.236957 0.007119 1.773175
0.728578 0.012393 0.010887 0.005587 0.000311 0.235118 0.007125 1.774388
0.730212 0.012433 0.010931 0.005568 0.000304 0.233423 0.007129 1.775590
0.731928 0.012467 0.010906 0.005591 0.000296 0.231679 0.007133 1.776790
0.733548 0.012487 0.010949 0.005613 0.000296 0.229973 0.007135 1.778037
0.735126 0.012544 0.010962 0.005606 0.000293 0.228332 0.007137 1.779260
0.736693 0.012599 0.011012 0.005625 0.000293 0.226640 0.007140 1.780509
0.738225 0.012651 0.011003 0.005658 0.000289 0.225031 0.007143 1.781740
0.739688 0.012707 0.011044 0.005697 0.000284 0.223434 0.007146 1.782992
0.741090 0.012745 0.011057 0.005736 0.000282 0.221941 0.007149 1.784265
0.742569 0.012812 0.011126 0.005769 0.000280 0.220294 0.007150 1.785517
0.743904 0.012892 0.011199 0.005809 0.000278 0.218762 0.007155 1.786811
0.745253 0.012930 0.011234 0.005830 0.000271 0.217325 0.007158 1.788113
0.746541 0.013060 0.011276 0.005862 0.000270 0.215830 0.007161 1.789408
0.747854 0.013169 0.011337 0.005891 0.000264 0.214323 0.007164 1.790698
0.749140 0.013289 0.011374 0.005910 0.000262 0.212859 0.007168 1.791972
0.750377 0.013434 0.011403 0.005885 0.000263 0.211469 0.007169 1.793272
0.751572 0.013534 0.011483 0.005855 0.000263 0.210123 0.007172 1.794592
0.752711 0.013682 0.011506 0.005864 0.000260 0.208802 0.007175 1.795892
0.753930 0.013756 0.011579 0.005924 0.000257 0.207377 0.007178 1.797251
0.755084 0.013873 0.011617 0.005955 0.000252 0.206039 0.007181 1.798577
0.756162 0.014035 0.011643 0.005995 0.000251 0.204733 0.007182 1.799891
0.757161 0.014151 0.011760 0.006025 0.000254 0.203467 0.007183 1.801292
0.758206 0.014268 0.011880 0.006076 0.000258 0.202127 0.007185 1.802714
0.759176 0.014419 0.011946 0.006144 0.000258 0.200869 0.007188 1.804099
0.760149 0.014472 0.012034 0.006205 0.000260 0.199691 0.007189 1.805536
0.761012 0.014677 0.012068 0.006225 0.000263 0.198565 0.007191 1.806923
0.761926 0.014755 0.012130 0.006297 0.000258 0.197439 0.007195 1.808342
0.762790 0.014882 0.012209 0.006331 0.000254 0.196335 0.007200 1.809789
0.763657 0.015030 0.012302 0.006393 0.000253 0.195164 0.007201 1.811248
0.764481 0.015194 0.012373 0.006398 0.000258 0.194093 0.007203 1.812711
0.765308 0.015305 0.012512 0.006472 0.000258 0.192941 0.007205 1.814239
0.766098 0.015435 0.012595 0.006485 0.000256 0.191922 0.007209 1.815716
0.766831 0.015560 0.012694 0.006550 0.000249 0.190903 0.007214 1.817226
0.767568 0.015666 0.012782 0.006588 0.000251 0.189931 0.007215 1.818744
0.768280 0.015831 0.012864 0.006613 0.000251 0.188942 0.007220 1.820256
0.768930 0.015991 0.012928 0.006663 0.000252 0.188011 0.007225 1.821780
0.769627 0.016072 0.013044 0.006726 0.000250 0.187051 0.007229 1.823357
0.770281 0.016166 0.013136 0.006804 0.000251 0.186132 0.007231 1.824960
0.770792 0.016364 0.013212 0.006885 0.000256 0.185260 0.007231 1.826547
0.771342 0.016448 0.013340 0.006897 0.000258 0.184482 0.007234 1.828184
0.771872 0.016540 0.013451 0.006971 0.000260 0.183669 0.007237 1.829838
0.772375 0.016650 0.013571 0.007045 0.000258 0.182861 0.007241 1.831502
0.772849 0.016734 0.013705 0.007098 0.000259 0.182113 0.007243 1.833188
0.773326 0.016930 0.013776 0.007129 0.000256 0.181337 0.007248 1.834781
0.773801 0.017030 0.013900 0.007216 0.000259 0.180545 0.007250 1.836487
0.774196 0.017209 0.014016 0.007241 0.000260 0.179826 0.007253 1.838157
0.774662 0.017329 0.014135 0.007292 0.000258 0.179070 0.007254 1.839842
0.775141 0.017405 0.014275 0.007359 0.000256 0.178308 0.007257 1.841543
0.775551 0.017527 0.014405 0.007404 0.000259 0.177595 0.007259 1.843270
0.775893 0.017664 0.014530 0.007450 0.000262 0.176938 0.007263 1.845014
0.776183 0.017815 0.014632 0.007490 0.000262 0.176352 0.007266 1.846763
0.776499 0.017947 0.014708 0.007518 0.000265 0.175795 0.007269 1.848517
0.776827 0.018101 0.014825 0.007580 0.000265 0.175130 0.007272 1.850273
0.777146 0.018273 0.014911 0.007648 0.000262 0.174486 0.007275 1.852039
0.777350 0.018439 0.015047 0.007687 0.000268 0.173934 0.007276 1.853814
0.777560 0.018588 0.015178 0.007764 0.000274 0.173359 0.007277 1.855626
0.777649 0.018785 0.015291 0.007810 0.000278 0.172909 0.007278 1.857446
0.777888 0.018873 0.015466 0.007881 0.000287 0.172325 0.007281 1.859325
0.778087 0.018991 0.015537 0.007940 0.000291 0.171871 0.007284 1.861202
0.778185 0.019161 0.015673 0.007984 0.000287 0.171425 0.007286 1.863042
0.778340 0.019244 0.015770 0.008066 0.000294 0.171000 0.007286 1.864924
0.778476 0.019377 0.015908 0.008112 0.000293 0.170541 0.007293 1.866807
0.778532 0.019555 0.016006 0.008177 0.000296 0.170141 0.007295 1.868708
0.778602 0.019690 0.016119 0.008250 0.000297 0.169745 0.007298 1.870624
0.778603 0.019792 0.016255 0.008313 0.000289 0.169445 0.007303 1.872584
0.778668 0.019887 0.016374 0.008394 0.000289 0.169080 0.007309 1.874567
0.778666 0.019989 0.016540 0.008447 0.000292 0.168755 0.007312 1.876546
0.778668 0.020096 0.016673 0.008542 0.000293 0.168414 0.007314 1.878534
0.778582 0.020189 0.016878 0.008580 0.000296 0.168159 0.007318 1.880571
0.778485 0.020363 0.016973 0.008621 0.000295 0.167941 0.007321 1.882577
0.778411 0.020534 0.017123 0.008637 0.000301 0.167671 0.007325 1.884578
0.778412 0.020622 0.017202 0.008716 0.000304 0.167416 0.007328 1.886610
0.778349 0.020711 0.017381 0.008775 0.000308 0.167146 0.007331 1.888688
0.778217 0.020896 0.017472 0.008874 0.000305 0.166902 0.007335 1.890709
0.778118 0.021012 0.017622 0.008923 0.000307 0.166679 0.007339 1.892774
0.777972 0.021104 0.017745 0.009022 0.000312 0.166503 0.007342 1.894908
0.777766 0.021281 0.017810 0.009047 0.000309 0.166438 0.007348 1.896965
0.777606 0.021448 0.017883 0.009132 0.000308 0.166271 0.007353 1.899021
0.777474 0.021568 0.018011 0.009183 0.000303 0.166106 0.007356 1.901132
0.777298 0.021689 0.018141 0.009268 0.000304 0.165942 0.007359 1.903289
0.777189 0.021900 0.018208 0.009317 0.000303 0.165722 0.007362 1.905341
0.776986 0.022093 0.018317 0.009339 0.000302 0.165598 0.007365 1.907443
0.776693 0.022283 0.018478 0.009414 0.000308 0.165457 0.007368 1.909628
0.776480 0.022368 0.018595 0.009498 0.000315 0.165373 0.007372 1.911842
0.776274 0.022491 0.018691 0.009519 0.000321 0.165330 0.007375 1.914002
0.776010 0.022570 0.018883 0.009610 0.000323 0.165226 0.007378 1.916277
0.775725 0.022663 0.018994 0.009699 0.000325 0.165212 0.007381 1.918514
0.775481 0.022756 0.019124 0.009729 0.000332 0.165194 0.007384 1.920741
0.775240 0.022857 0.019216 0.009753 0.000335 0.165210 0.007388 1.922924
0.774997 0.022913 0.019313 0.009845 0.000336 0.165204 0.007391 1.925181
0.774605 0.023119 0.019446 0.009906 0.000332 0.165201 0.007393 1.927412
0.774246 0.023201 0.019622 0.009976 0.000338 0.165222 0.007395 1.929739
0.773962 0.023213 0.019763 0.010063 0.000340 0.165261 0.007398 1.932092
0.773704 0.023250 0.019891 0.010086 0.000346 0.165323 0.007400 1.934380
0.773401 0.023307 0.019974 0.010149 0.000348 0.165416 0.007403 1.936700
0.773025 0.023492 0.019997 0.010204 0.000347 0.165530 0.007406 1.938943
0.772614 0.023657 0.020082 0.010272 0.000349 0.165616 0.007411 1.941245
0.772331 0.023607 0.020257 0.010318 0.000354 0.165720 0.007414 1.943630
0.771976 0.023661 0.020376 0.010299 0.000360 0.165912 0.007416 1.945965
0.771577 0.023751 0.020465 0.010331 0.000364 0.166094 0.007418 1.948302
0.771140 0.023872 0.020534 0.010360 0.000362 0.166310 0.007422 1.950623
0.770762 0.023970 0.020657 0.010405 0.000363 0.166419 0.007426 1.952986
0.770385 0.024095 0.020676 0.010452 0.000363 0.166599 0.007430 1.955332
0.770030 0.024173 0.020769 0.010493 0.000362 0.166739 0.007434 1.957668
0.769705 0.024196 0.020866 0.010561 0.000370 0.166863 0.007439 1.960072
0.769387 0.024142 0.020964 0.010643 0.000372 0.167048 0.007444 1.962488
0.769066 0.024201 0.021010 0.010650 0.000379 0.167245 0.007449 1.964840
0.768616 0.024320 0.021041 0.010718 0.000378 0.167475 0.007450 1.967228
0.768352 0.024311 0.021105 0.010736 0.000387 0.167654 0.007455 1.969620
0.768009 0.024434 0.021091 0.010763 0.000386 0.167857 0.007460 1.971970
0.767616 0.024553 0.021132 0.010803 0.000395 0.168038 0.007463 1.974387
0.767261 0.024669 0.021199 0.010824 0.000395 0.168182 0.007470 1.976739
0.766916 0.024674 0.021282 0.010879 0.000396 0.168378 0.007475 1.979157
0.766603 0.024643 0.021376 0.010893 0.000394 0.168612 0.007479 1.981596
0.766317 0.024543 0.021547 0.010953 0.000395 0.168765 0.007481 1.984122
0.766011 0.024603 0.021573 0.010978 0.000396 0.168958 0.007482 1.986504
0.765651 0.024576 0.021670 0.011030 0.000396 0.169190 0.007488 1.988950
0.765421 0.024546 0.021687 0.011087 0.000396 0.169370 0.007492 1.991350
0.765000 0.024611 0.021721 0.011109 0.000393 0.169666 0.007498 1.993779
0.764736 0.024622 0.021721 0.011146 0.000398 0.169876 0.007501 1.996188
0.764373 0.024732 0.021776 0.011109 0.000403 0.170103 0.007503 1.998547
0.764137 0.024808 0.021752 0.011112 0.000408 0.170276 0.007507 2.000918
0.763862 0.024806 0.021836 0.011133 0.000406 0.170446 0.007510 2.003362
0.763425 0.024938 0.021852 0.011163 0.000405 0.170701 0.007514 2.005757
0.763115 0.024998 0.021862 0.011190 0.000405 0.170911 0.007520 2.008150
0.762746 0.025108 0.021847 0.011210 0.000404 0.171163 0.007522 2.010521
0.762319 0.025160 0.021896 0.011266 0.000405 0.171430 0.007525 2.012968
0.761992 0.025170 0.021962 0.011282 0.000409 0.171657 0.007529 2.015421
0.761628 0.025160 0.022003 0.011324 0.000409 0.171946 0.007532 2.017902
0.761332 0.025139 0.022083 0.011341 0.000418 0.172151 0.007536 2.020371
0.761030 0.025146 0.022143 0.011368 0.000419 0.172354 0.007541 2.022823
0.760784 0.025143 0.022169 0.011374 0.000414 0.172569 0.007547 2.025252
0.760518 0.025111 0.022276 0.011396 0.000419 0.172731 0.007548 2.027718
0.760268 0.025018 0.022291 0.011472 0.000425 0.172976 0.007550 2.030205
0.760033 0.024970 0.022329 0.011469 0.000428 0.173217 0.007555 2.032647
0.759767 0.024941 0.022360 0.011484 0.000429 0.173459 0.007559 2.035094
0.759563 0.024917 0.022417 0.011485 0.000431 0.173625 0.007561 2.037546
0.759308 0.024929 0.022458 0.011516 0.000437 0.173788 0.007565 2.039965
0.759045 0.024944 0.022523 0.011521 0.000436 0.173961 0.007570 2.042411
0.758827 0.024858 0.022557 0.011522 0.000442 0.174221 0.007573 2.044911
0.758534 0.024825 0.022610 0.011563 0.000445 0.174445 0.007577 2.047416
0.758220 0.024808 0.022713 0.011582 0.000447 0.174649 0.007581 2.049920
0.757986 0.024760 0.022804 0.011560 0.000445 0.174857 0.007587 2.052397
0.757705 0.024733 0.022803 0.011572 0.000444 0.175152 0.007592 2.054859
0.757400 0.024779 0.022781 0.011571 0.000446 0.175426 0.007597 2.057269
0.757223 0.024796 0.022733 0.011559 0.000444 0.175646 0.007600 2.059662
0.757007 0.024782 0.022747 0.011543 0.000444 0.175871 0.007605 2.062081
0.756861 0.024782 0.022671 0.011546 0.000440 0.176089 0.007612 2.064475
0.756566 0.024843 0.022584 0.011544 0.000442 0.176404 0.007617 2.066895
0.756388 0.024760 0.022640 0.011561 0.000439 0.176592 0.007621 2.069352
0.756162 0.024754 0.022586 0.011557 0.000449 0.176868 0.007624 2.071762
0.756024 0.024709 0.022576 0.011582 0.000453 0.177029 0.007627 2.074191
0.755829 0.024715 0.022611 0.011587 0.000454 0.177173 0.007631 2.076640
0.755590 0.024744 0.022587 0.011583 0.000452 0.177409 0.007636 2.079061
0.755448 0.024691 0.022550 0.011589 0.000452 0.177630 0.007640 2.081485
0.755224 0.024703 0.022572 0.011579 0.000453 0.177823 0.007646 2.083908
0.755095 0.024663 0.022697 0.011558 0.000453 0.177883 0.007651 2.086324
0.754958 0.024641 0.022668 0.011560 0.000453 0.178066 0.007654 2.088738
0.754895 0.024565 0.022659 0.011582 0.000449 0.178190 0.007660 2.091159
0.754666 0.024637 0.022561 0.011591 0.000457 0.178424 0.007664 2.093537
0.754547 0.024599 0.022512 0.011557 0.000455 0.178662 0.007668 2.095949
0.754420 0.024563 0.022553 0.011504 0.000455 0.178831 0.007673 2.098382
0.754373 0.024518 0.022540 0.011500 0.000458 0.178934 0.007678 2.100793
0.754298 0.024442 0.022480 0.011531 0.000466 0.179105 0.007680 2.103168
0.754178 0.024438 0.022401 0.011533 0.000471 0.179295 0.007683 2.105548
0.754107 0.024472 0.022369 0.011489 0.000475 0.179403 0.007686 2.107892
0.754104 0.024402 0.022347 0.011494 0.000468 0.179497 0.007689 2.110272
0.753963 0.024369 0.022344 0.011457 0.000463 0.179707 0.007697 2.112663
0.753951 0.024288 0.022358 0.011423 0.000465 0.179813 0.007702 2.115052
0.753887 0.024264 0.022322 0.011446 0.000469 0.179906 0.007707 2.117448
0.753842 0.024183 0.022276 0.011417 0.000470 0.180103 0.007709 2.119809
0.753783 0.024121 0.022295 0.011391 0.000473 0.180223 0.007713 2.122195
0.753613 0.024194 0.022238 0.011334 0.000482 0.180420 0.007718 2.124495
0.753506 0.024200 0.022121 0.011345 0.000475 0.180628 0.007724 2.126827
0.753424 0.024158 0.022098 0.011295 0.000471 0.180828 0.007727 2.129189
0.753356 0.023996 0.022157 0.011323 0.000476 0.180960 0.007732 2.131676
0.753307 0.023931 0.022178 0.011304 0.000473 0.181069 0.007737 2.134069
0.753295 0.023871 0.022208 0.011266 0.000469 0.181148 0.007743 2.136457
0.753234 0.023912 0.022190 0.011200 0.000464 0.181247 0.007754 2.138755
0.753196 0.023911 0.022112 0.011200 0.000458 0.181364 0.007759 2.141069
0.753166 0.023887 0.022134 0.011118 0.000458 0.181475 0.007762 2.143397
0.753212 0.023884 0.022092 0.011086 0.000465 0.181496 0.007765 2.145701
0.753225 0.023855 0.022025 0.011071 0.000461 0.181593 0.007771 2.147992
0.753183 0.023914 0.022015 0.011027 0.000461 0.181625 0.007775 2.150285
0.753110 0.023957 0.021949 0.011013 0.000458 0.181732 0.007782 2.152590
0.753099 0.023957 0.021832 0.011024 0.000456 0.181845 0.007788 2.154885
0.753087 0.023887 0.021800 0.011016 0.000456 0.181958 0.007794 2.157226
0.753030 0.023809 0.021796 0.011077 0.000449 0.182039 0.007800 2.159615
0.753065 0.023685 0.021823 0.011117 0.000442 0.182057 0.007811 2.161989
0.753065 0.023627 0.021798 0.011147 0.000432 0.182115 0.007817 2.164336
0.753078 0.023508 0.021772 0.011151 0.000433 0.182238 0.007820 2.166665
0.753124 0.023410 0.021757 0.011143 0.000434 0.182307 0.007825 2.168988
0.753160 0.023315 0.021735 0.011110 0.000440 0.182412 0.007829 2.171318
0.753245 0.023232 0.021724 0.011044 0.000445 0.182477 0.007832 2.173579
0.753299 0.023140 0.021723 0.011057 0.000444 0.182503 0.007834 2.175890
0.753257 0.023171 0.021709 0.010982 0.000450 0.182593 0.007838 2.178143
0.753246 0.023125 0.021701 0.011016 0.000447 0.182620 0.007846 2.180462
0.753278 0.023071 0.021705 0.011011 0.000446 0.182639 0.007850 2.182752
0.753370 0.023021 0.021687 0.010987 0.000438 0.182642 0.007855 2.185012
0.753427 0.022893 0.021742 0.011017 0.000438 0.182621 0.007862 2.187371
0.753493 0.022864 0.021617 0.011011 0.000449 0.182702 0.007864 2.189606
0.753611 0.022894 0.021557 0.010944 0.000452 0.182673 0.007869 2.191817
0.753675 0.022832 0.021506 0.010899 0.000446 0.182768 0.007873 2.194061
0.753628 0.022880 0.021482 0.010868 0.000448 0.182819 0.007877 2.196307
0.753725 0.022755 0.021455 0.010863 0.000448 0.182873 0.007880 2.198604
0.753853 0.022736 0.021317 0.010851 0.000450 0.182908 0.007885 2.200832
0.753940 0.022709 0.021289 0.010815 0.000447 0.182913 0.007887 2.203014
0.754048 0.022693 0.021287 0.010789 0.000448 0.182843 0.007892 2.205249
0.754076 0.022727 0.021205 0.010813 0.000443 0.182837 0.007900 2.207443
0.754128 0.022726 0.021138 0.010771 0.000440 0.182891 0.007905 2.209648
0.754199 0.022663 0.021107 0.010764 0.000439 0.182919 0.007909 2.211911
0.754253 0.022701 0.021104 0.010714 0.000441 0.182875 0.007912 2.214118
0.754349 0.022635 0.021054 0.010652 0.000439 0.182953 0.007918 2.216331
0.754464 0.022633 0.020965 0.010626 0.000431 0.182957 0.007926 2.218476
0.754531 0.022574 0.020961 0.010598 0.000434 0.182973 0.007930 2.220706
0.754664 0.022537 0.020902 0.010570 0.000432 0.182962 0.007933 2.222897
0.754747 0.022441 0.020856 0.010592 0.000431 0.182999 0.007935 2.225147
0.754989 0.022333 0.020844 0.010582 0.000434 0.182877 0.007940 2.227355
0.755038 0.022342 0.020807 0.010572 0.000428 0.182868 0.007946 2.229554
0.755111 0.022330 0.020830 0.010554 0.000425 0.182799 0.007952 2.231728
0.755204 0.022321 0.020700 0.010581 0.000423 0.182816 0.007957 2.233889
0.755393 0.022289 0.020616 0.010526 0.000417 0.182798 0.007962 2.236016
0.755562 0.022194 0.020584 0.010530 0.000421 0.182743 0.007965 2.238228
0.755664 0.022249 0.020479 0.010467 0.000423 0.182749 0.007968 2.240341
0.755863 0.022150 0.020476 0.010483 0.000422 0.182633 0.007973 2.242531
0.756021 0.022096 0.020460 0.010442 0.000428 0.182578 0.007975 2.244689
0.756241 0.021981 0.020466 0.010405 0.000429 0.182500 0.007979 2.246858
0.756468 0.021870 0.020385 0.010423 0.000428 0.182442 0.007984 2.249054
0.756628 0.021792 0.020341 0.010380 0.000420 0.182447 0.007991 2.251208
0.756824 0.021712 0.020356 0.010361 0.000417 0.182335 0.007995 2.253352
0.756983 0.021651 0.020346 0.010382 0.000415 0.182222 0.008000 2.255523
0.757170 0.021639 0.020260 0.010385 0.000420 0.182121 0.008005 2.257628
0.757403 0.021576 0.020276 0.010386 0.000423 0.181930 0.008007 2.259768
0.757480 0.021570 0.020215 0.010368 0.000420 0.181933 0.008014 2.261862
0.757680 0.021542 0.020096 0.010368 0.000416 0.181879 0.008020 2.263932
0.757844 0.021468 0.020106 0.010342 0.000416 0.181803 0.008023 2.266069
0.758016 0.021456 0.020061 0.010319 0.000417 0.181706 0.008025 2.268175
0.758187 0.021445 0.020010 0.010306 0.000418 0.181606 0.008027 2.270262
0.758357 0.021388 0.019990 0.010277 0.000415 0.181541 0.008032 2.272368
0.758530 0.021400 0.019935 0.010230 0.000416 0.181453 0.008037 2.274436
0.758728 0.021348 0.019874 0.010188 0.000418 0.181405 0.008039 2.276537
0.758977 0.021303 0.019851 0.010160 0.000413 0.181251 0.008044 2.278630
0.759210 0.021237 0.019793 0.010161 0.000413 0.181139 0.008046 2.280718
0.759447 0.021206 0.019785 0.010103 0.000420 0.180990 0.008050 2.282799
0.759618 0.021222 0.019712 0.010046 0.000430 0.180920 0.008051 2.284864
0.759859 0.021172 0.019719 0.010039 0.000426 0.180728 0.008057 2.286958
0.759983 0.021233 0.019646 0.010015 0.000426 0.180636 0.008062 2.289010
0.760198 0.021178 0.019656 0.009983 0.000429 0.180489 0.008066 2.291103
0.760341 0.021192 0.019660 0.009956 0.000427 0.180356 0.008067 2.293171
0.760545 0.021104 0.019678 0.009968 0.000428 0.180206 0.008071 2.295276
0.760666 0.021176 0.019551 0.009949 0.000423 0.180158 0.008077 2.297314
0.760854 0.021184 0.019495 0.009909 0.000415 0.180063 0.008082 2.299369
0.761059 0.021182 0.019475 0.009922 0.000419 0.179858 0.008087 2.301476
0.761234 0.021122 0.019477 0.009933 0.000422 0.179721 0.008092 2.303569
0.761383 0.021179 0.019456 0.009921 0.000414 0.179550 0.008097 2.305630
0.761503 0.021243 0.019432 0.009898 0.000416 0.179409 0.008099 2.307679
0.761653 0.021304 0.019395 0.009894 0.000419 0.179234 0.008101 2.309740
0.761848 0.021294 0.019354 0.009886 0.000418 0.179094 0.008107 2.311778
0.761981 0.021268 0.019405 0.009911 0.000421 0.178902 0.008113 2.313892
0.762202 0.021218 0.019439 0.009862 0.000420 0.178741 0.008117 2.315983
0.762396 0.021225 0.019437 0.009859 0.000414 0.178547 0.008121 2.318069
0.762563 0.021201 0.019451 0.009890 0.000413 0.178357 0.008127 2.320168
0.762744 0.021164 0.019408 0.009925 0.000410 0.178219 0.008129 2.322272
0.762939 0.021160 0.019424 0.009864 0.000406 0.178074 0.008133 2.324354
0.763069 0.021184 0.019417 0.009860 0.000402 0.177929 0.008139 2.326407
0.763221 0.021106 0.019394 0.009902 0.000396 0.177838 0.008144 2.328518
0.763417 0.021064 0.019405 0.009890 0.000395 0.177683 0.008147 2.330571
0.763617 0.021082 0.019368 0.009852 0.000401 0.177531 0.008148 2.332591
0.763777 0.021092 0.019399 0.009833 0.000400 0.177345 0.008154 2.334681
0.763878 0.021122 0.019339 0.009828 0.000403 0.177273 0.008158 2.336719
0.763932 0.021175 0.019340 0.009803 0.000402 0.177188 0.008160 2.338775
0.764057 0.021174 0.019391 0.009789 0.000403 0.177022 0.008164 2.340889
0.764088 0.021238 0.019371 0.009786 0.000397 0.176949 0.008170 2.342988
0.764266 0.021180 0.019366 0.009797 0.000396 0.176822 0.008172 2.345067
0.764407 0.021143 0.019379 0.009760 0.000397 0.176739 0.008175 2.347152
0.764496 0.021201 0.019389 0.009750 0.000399 0.176587 0.008178 2.349201
0.764660 0.021193 0.019348 0.009752 0.000400 0.176464 0.008182 2.351278
0.764746 0.021190 0.019297 0.009744 0.000397 0.176437 0.008190 2.353377
0.764868 0.021178 0.019254 0.009750 0.000403 0.176357 0.008192 2.355467
0.764945 0.021165 0.019241 0.009732 0.000398 0.176319 0.008199 2.357546
0.765064 0.021196 0.019223 0.009745 0.000400 0.176171 0.008201 2.359587
0.765124 0.021241 0.019221 0.009711 0.000394 0.176103 0.008206 2.361632
0.765164 0.021304 0.019282 0.009704 0.000395 0.175940 0.008211 2.363705
0.765247 0.021325 0.019308 0.009717 0.000396 0.175794 0.008215 2.365760
0.765410 0.021289 0.019372 0.009755 0.000396 0.175559 0.008218 2.367879
0.765579 0.021211 0.019376 0.009809 0.000394 0.175409 0.008222 2.369986
0.765631 0.021177 0.019419 0.009805 0.000387 0.175356 0.008226 2.372096
0.765700 0.021227 0.019409 0.009780 0.000387 0.175269 0.008230 2.374163
0.765818 0.021226 0.019377 0.009769 0.000392 0.175186 0.008233 2.376227
0.765970 0.021115 0.019417 0.009826 0.000394 0.175041 0.008237 2.378389
0.766047 0.021167 0.019361 0.009809 0.000394 0.174980 0.008241 2.380448
0.766119 0.021259 0.019312 0.009801 0.000388 0.174876 0.008245 2.382482
0.766234 0.021287 0.019254 0.009782 0.000384 0.174812 0.008248 2.384515
0.766318 0.021288 0.019247 0.009769 0.000386 0.174743 0.008251 2.386610
0.766461 0.021205 0.019289 0.009794 0.000384 0.174612 0.008255 2.388742
0.766520 0.021183 0.019284 0.009846 0.000387 0.174524 0.008257 2.390883
0.766521 0.021212 0.019283 0.009825 0.000390 0.174505 0.008264 2.392950
0.766612 0.021171 0.019331 0.009851 0.000394 0.174376 0.008266 2.395085
0.766618 0.021242 0.019308 0.009802 0.000389 0.174371 0.008271 2.397112
0.766694 0.021266 0.019289 0.009792 0.000389 0.174296 0.008274 2.399202
0.766824 0.021225 0.019368 0.009768 0.000398 0.174138 0.008279 2.401313
0.766917 0.021236 0.019359 0.009766 0.000400 0.174039 0.008283 2.403399
0.766987 0.021191 0.019373 0.009803 0.000399 0.173960 0.008287 2.405510
0.767064 0.021203 0.019343 0.009773 0.000398 0.173928 0.008289 2.407573
0.767123 0.021257 0.019319 0.009773 0.000403 0.173829 0.008294 2.409633
0.767197 0.021317 0.019282 0.009781 0.000398 0.173727 0.008298 2.411696
0.767268 0.021361 0.019265 0.009796 0.000397 0.173609 0.008304 2.413778
0.767386 0.021316 0.019304 0.009792 0.000399 0.173495 0.008309 2.415874
0.767488 0.021313 0.019318 0.009767 0.000394 0.173406 0.008313 2.417954
0.767622 0.021358 0.019286 0.009724 0.000395 0.173295 0.008320 2.419975
0.767671 0.021350 0.019340 0.009747 0.000396 0.173173 0.008324 2.422089
0.767698 0.021354 0.019349 0.009749 0.000394 0.173127 0.008331 2.424150
0.767799 0.021358 0.019357 0.009761 0.000394 0.172996 0.008335 2.426229
0.767857 0.021347 0.019380 0.009823 0.000393 0.172861 0.008338 2.428322
0.767882 0.021386 0.019390 0.009787 0.000395 0.172819 0.008342 2.430423
0.767997 0.021369 0.019372 0.009748 0.000393 0.172776 0.008345 2.432490
0.768033 0.021413 0.019359 0.009713 0.000396 0.172736 0.008349 2.434568
0.768107 0.021410 0.019372 0.009694 0.000397 0.172667 0.008353 2.436638
0.768192 0.021366 0.019416 0.009678 0.000396 0.172595 0.008357 2.438757
0.768180 0.021427 0.019490 0.009708 0.000393 0.172440 0.008362 2.440885
0.768255 0.021476 0.019454 0.009700 0.000392 0.172355 0.008368 2.442965
0.768343 0.021473 0.019499 0.009737 0.000386 0.172188 0.008373 2.445097
0.768351 0.021464 0.019497 0.009737 0.000384 0.172190 0.008377 2.447213
0.768308 0.021545 0.019483 0.009766 0.000385 0.172132 0.008381 2.449297
0.768324 0.021679 0.019442 0.009760 0.000381 0.172032 0.008383 2.451364
0.768363 0.021707 0.019439 0.009755 0.000383 0.171966 0.008387 2.453470
0.768274 0.021748 0.019493 0.009736 0.000385 0.171975 0.008389 2.455619
0.768305 0.021756 0.019511 0.009739 0.000381 0.171917 0.008391 2.457762
0.768330 0.021763 0.019518 0.009769 0.000382 0.171843 0.008395 2.459907
0.768363 0.021695 0.019554 0.009831 0.000376 0.171781 0.008400 2.462089
0.768304 0.021777 0.019561 0.009827 0.000374 0.171753 0.008405 2.464189
0.768364 0.021752 0.019606 0.009852 0.000376 0.171643 0.008407 2.466347
0.768359 0.021748 0.019590 0.009863 0.000377 0.171650 0.008413 2.468454
0.768374 0.021723 0.019698 0.009857 0.000383 0.171545 0.008419 2.470613
0.768322 0.021805 0.019683 0.009879 0.000381 0.171509 0.008422 2.472743
0.768242 0.021823 0.019632 0.009888 0.000380 0.171607 0.008428 2.474863
0.768333 0.021733 0.019672 0.009887 0.000382 0.171562 0.008431 2.477021
0.768372 0.021692 0.019692 0.009933 0.000375 0.171504 0.008432 2.479210
0.768343 0.021726 0.019689 0.009977 0.000373 0.171457 0.008435 2.481318
0.768374 0.021697 0.019681 0.009973 0.000371 0.171463 0.008440 2.483459
0.768438 0.021620 0.019718 0.010012 0.000364 0.171403 0.008445 2.485649
0.768515 0.021641 0.019661 0.010042 0.000363 0.171331 0.008448 2.487759
0.768503 0.021628 0.019628 0.010012 0.000368 0.171410 0.008451 2.489872
0.768539 0.021734 0.019516 0.009987 0.000372 0.171396 0.008455 2.491912
0.768558 0.021694 0.019526 0.010025 0.000373 0.171366 0.008457 2.494049
0.768597 0.021683 0.019591 0.010031 0.000377 0.171263 0.008459 2.496168
0.768631 0.021697 0.019629 0.009986 0.000378 0.171215 0.008464 2.498264
0.768596 0.021729 0.019666 0.009966 0.000375 0.171200 0.008467 2.500397
0.768618 0.021728 0.019677 0.009980 0.000380 0.171146 0.008471 2.502523
0.768598 0.021701 0.019710 0.009984 0.000384 0.171149 0.008475 2.504692
0.768598 0.021710 0.019740 0.009991 0.000384 0.171098 0.008479 2.506838
0.768575 0.021772 0.019759 0.009921 0.000389 0.171102 0.008482 2.508957
0.768579 0.021715 0.019742 0.009963 0.000392 0.171123 0.008488 2.511136
0.768636 0.021641 0.019779 0.009986 0.000392 0.171075 0.008490 2.513291
0.768550 0.021677 0.019805 0.009982 0.000395 0.171100 0.008492 2.515436
0.768526 0.021743 0.019747 0.009994 0.000395 0.171099 0.008496 2.517524
0.768549 0.021762 0.019723 0.010019 0.000399 0.171047 0.008501 2.519649
0.768508 0.021819 0.019705 0.010016 0.000398 0.171051 0.008504 2.521782
0.768454 0.021826 0.019728 0.010027 0.000398 0.171057 0.008510 2.523928
0.768450 0.021844 0.019735 0.010055 0.000407 0.170998 0.008511 2.526077
0.768417 0.021898 0.019732 0.010068 0.000416 0.170956 0.008514 2.528219
0.768401 0.021905 0.019722 0.010043 0.000409 0.171000 0.008520 2.530361
0.768400 0.021931 0.019679 0.010029 0.000412 0.171021 0.008528 2.532473
0.768367 0.021939 0.019681 0.010027 0.000414 0.171037 0.008534 2.534626
0.768292 0.021980 0.019720 0.010053 0.000410 0.171006 0.008538 2.536770
0.768277 0.021989 0.019748 0.010066 0.000406 0.170970 0.008543 2.538914
0.768207 0.022000 0.019808 0.010075 0.000407 0.170957 0.008547 2.541073
0.768141 0.022032 0.019826 0.010042 0.000415 0.170993 0.008553 2.543237
0.768065 0.022039 0.019902 0.010016 0.000414 0.171006 0.008556 2.545425
0.767952 0.022068 0.019910 0.010060 0.000409 0.171041 0.008561 2.547640
0.767838 0.022157 0.019912 0.010085 0.000412 0.171035 0.008562 2.549766
0.767773 0.022182 0.019961 0.010109 0.000407 0.171002 0.008565 2.551975
0.767694 0.022218 0.020009 0.010075 0.000407 0.171028 0.008569 2.554136
0.767631 0.022286 0.020002 0.010053 0.000405 0.171048 0.008575 2.556256
0.767554 0.022304 0.019988 0.009994 0.000407 0.171172 0.008579 2.558437
0.767466 0.022402 0.019976 0.010018 0.000403 0.171153 0.008582 2.560572
0.767408 0.022444 0.020015 0.010002 0.000407 0.171138 0.008587 2.562746
0.767316 0.022492 0.020092 0.010012 0.000405 0.171092 0.008592 2.564923
0.767217 0.022450 0.020117 0.010076 0.000402 0.171145 0.008594 2.567153
0.767192 0.022419 0.020193 0.010126 0.000400 0.171073 0.008598 2.569386
0.767103 0.022460 0.020171 0.010128 0.000404 0.171131 0.008602 2.571578
0.767072 0.022444 0.020153 0.010127 0.000406 0.171189 0.008607 2.573774
0.767027 0.022437 0.020206 0.010128 0.000408 0.171181 0.008611 2.575995
0.766974 0.022419 0.020218 0.010109 0.000417 0.171249 0.008614 2.578216
0.766947 0.022409 0.020225 0.010167 0.000414 0.171220 0.008618 2.580387
0.766884 0.022416 0.020281 0.010182 0.000409 0.171208 0.008620 2.582604
0.766814 0.022457 0.020306 0.010190 0.000413 0.171198 0.008624 2.584783
0.766682 0.022508 0.020289 0.010207 0.000414 0.171272 0.008628 2.586981
0.766634 0.022463 0.020291 0.010225 0.000421 0.171337 0.008629 2.589188
0.766558 0.022466 0.020291 0.010233 0.000427 0.171394 0.008632 2.591396
0.766497 0.022450 0.020314 0.010273 0.000422 0.171407 0.008636 2.593601
0.766474 0.022428 0.020359 0.010231 0.000417 0.171452 0.008640 2.595813
0.766437 0.022450 0.020380 0.010205 0.000417 0.171467 0.008645 2.598028
0.766399 0.022508 0.020377 0.010218 0.000415 0.171433 0.008649 2.600179
0.766289 0.022566 0.020362 0.010204 0.000419 0.171510 0.008652 2.602351
0.766134 0.022597 0.020346 0.010235 0.000423 0.171608 0.008658 2.604551
0.766082 0.022610 0.020381 0.010233 0.000422 0.171609 0.008663 2.606802
0.765941 0.022655 0.020343 0.010242 0.000423 0.171733 0.008664 2.609007
0.765882 0.022650 0.020363 0.010275 0.000417 0.171746 0.008668 2.611249
0.765803 0.022610 0.020428 0.010284 0.000420 0.171784 0.008671 2.613507
0.765717 0.022613 0.020420 0.010304 0.000417 0.171855 0.008675 2.615680
0.765657 0.022603 0.020434 0.010332 0.000420 0.171875 0.008679 2.617919
0.765574 0.022551 0.020434 0.010358 0.000414 0.171987 0.008682 2.620147
0.765541 0.022467 0.020475 0.010387 0.000412 0.172031 0.008687 2.622394
0.765560 0.022453 0.020439 0.010374 0.000415 0.172068 0.008691 2.624564
0.765557 0.022412 0.020446 0.010390 0.000408 0.172092 0.008695 2.626764
0.765537 0.022388 0.020438 0.010377 0.000411 0.172149 0.008699 2.628954
0.765429 0.022514 0.020429 0.010353 0.000409 0.172164 0.008703 2.631115
0.765387 0.022486 0.020433 0.010348 0.000404 0.172234 0.008708 2.633337
0.765351 0.022507 0.020480 0.010347 0.000408 0.172195 0.008712 2.635526
0.765297 0.022474 0.020486 0.010330 0.000403 0.172291 0.008720 2.637728
0.765241 0.022518 0.020487 0.010301 0.000401 0.172329 0.008723 2.639900
0.765158 0.022565 0.020488 0.010291 0.000405 0.172363 0.008730 2.642082
0.765098 0.022600 0.020480 0.010314 0.000405 0.172369 0.008737 2.644291
0.765127 0.022595 0.020447 0.010315 0.000409 0.172365 0.008743 2.646428
0.765049 0.022623 0.020495 0.010312 0.000415 0.172360 0.008747 2.648642
0.765004 0.022625 0.020460 0.010291 0.000418 0.172451 0.008752 2.650859
0.764915 0.022624 0.020488 0.010314 0.000413 0.172490 0.008756 2.653062
0.764859 0.022592 0.020534 0.010306 0.000422 0.172528 0.008760 2.655293
0.764784 0.022681 0.020540 0.010279 0.000415 0.172538 0.008764 2.657459
0.764673 0.022771 0.020495 0.010262 0.000416 0.172617 0.008768 2.659610
0.764580 0.022775 0.020515 0.010278 0.000415 0.172666 0.008773 2.661828
0.764569 0.022683 0.020558 0.010314 0.000410 0.172692 0.008775 2.664105
0.764460 0.022737 0.020479 0.010309 0.000408 0.172829 0.008778 2.666278
0.764321 0.022753 0.020490 0.010335 0.000411 0.172911 0.008780 2.668522
0.764252 0.022749 0.020510 0.010304 0.000411 0.172993 0.008782 2.670757
0.764218 0.022742 0.020435 0.010357 0.000406 0.173057 0.008785 2.672994
0.764111 0.022836 0.020412 0.010369 0.000409 0.173074 0.008791 2.675181
0.764033 0.022879 0.020419 0.010375 0.000408 0.173094 0.008794 2.677387
0.763997 0.022809 0.020421 0.010367 0.000409 0.173198 0.008799 2.679619
0.763965 0.022810 0.020446 0.010407 0.000407 0.173162 0.008804 2.681823
0.763970 0.022802 0.020456 0.010414 0.000412 0.173139 0.008807 2.684042
0.763946 0.022811 0.020482 0.010395 0.000416 0.173138 0.008813 2.686259
0.763922 0.022694 0.020554 0.010468 0.000424 0.173124 0.008814 2.688565
0.763953 0.022670 0.020599 0.010420 0.000427 0.173111 0.008819 2.690778
0.763887 0.022696 0.020643 0.010436 0.000429 0.173089 0.008821 2.693009
0.763775 0.022637 0.020660 0.010416 0.000438 0.173248 0.008826 2.695276
0.763782 0.022609 0.020664 0.010417 0.000432 0.173266 0.008832 2.697482
0.763795 0.022611 0.020642 0.010406 0.000428 0.173283 0.008836 2.699670
0.763728 0.022594 0.020667 0.010443 0.000428 0.173298 0.008842 2.701916
