0.360803 0.061657 0.054927 0.031312 0.002041 0.483458 0.005802 1.585975
0.362780 0.059818 0.054786 0.031241 0.002047 0.483504 0.005824 1.591886
0.365302 0.057549 0.054553 0.031133 0.002051 0.483562 0.005850 1.597619
0.368172 0.055189 0.054173 0.030821 0.002048 0.483723 0.005876 1.603076
0.371299 0.052854 0.053720 0.030456 0.002051 0.483723 0.005897 1.608339
0.374669 0.050519 0.053159 0.030058 0.002047 0.483631 0.005916 1.613358
0.378212 0.048232 0.052477 0.029553 0.002034 0.483553 0.005941 1.618122
0.381841 0.045963 0.051714 0.029044 0.002026 0.483441 0.005972 1.622751
0.385684 0.043732 0.050927 0.028531 0.002015 0.483116 0.005996 1.627160
0.389557 0.041724 0.050014 0.027950 0.002013 0.482718 0.006024 1.631338
0.393547 0.039847 0.049076 0.027377 0.001995 0.482106 0.006053 1.635268
0.397559 0.037987 0.048088 0.026856 0.001982 0.481447 0.006081 1.639090
0.401714 0.036316 0.047019 0.026276 0.001986 0.480584 0.006106 1.642669
0.406002 0.034619 0.045893 0.025637 0.001977 0.479740 0.006133 1.646142
0.410333 0.033048 0.044774 0.025048 0.001957 0.478683 0.006157 1.649414
0.414678 0.031527 0.043700 0.024408 0.001947 0.477557 0.006185 1.652609
0.418935 0.030158 0.042584 0.023761 0.001945 0.476412 0.006207 1.655617
0.423169 0.028830 0.041486 0.023105 0.001927 0.475254 0.006229 1.658533
0.427541 0.027529 0.040348 0.022399 0.001908 0.474023 0.006253 1.661321
0.431937 0.026356 0.039193 0.021743 0.001884 0.472605 0.006281 1.663962
0.436494 0.025219 0.038111 0.021027 0.001868 0.470973 0.006310 1.666492
0.441053 0.024178 0.036979 0.020391 0.001849 0.469215 0.006334 1.668891
0.445468 0.023214 0.035851 0.019763 0.001833 0.467513 0.006359 1.671168
0.449990 0.022306 0.034830 0.019221 0.001815 0.465456 0.006382 1.673389
0.454509 0.021424 0.033755 0.018664 0.001787 0.463447 0.006414 1.675537
0.459075 0.020622 0.032746 0.018045 0.001774 0.461305 0.006434 1.677593
0.463663 0.019873 0.031682 0.017452 0.001764 0.459109 0.006456 1.679509
0.468176 0.019177 0.030635 0.016882 0.001726 0.456921 0.006483 1.681365
0.472774 0.018410 0.029637 0.016372 0.001696 0.454604 0.006507 1.683218
0.477404 0.017724 0.028733 0.015865 0.001670 0.452079 0.006526 1.685003
0.481961 0.017125 0.027817 0.015308 0.001641 0.449597 0.006550 1.686667
0.486584 0.016508 0.026936 0.014821 0.001629 0.446948 0.006574 1.688302
0.491192 0.015874 0.026149 0.014380 0.001600 0.444212 0.006594 1.689958
0.495835 0.015306 0.025323 0.013904 0.001576 0.441440 0.006616 1.691492
0.500524 0.014788 0.024555 0.013452 0.001551 0.438499 0.006632 1.692995
0.505068 0.014331 0.023746 0.012996 0.001527 0.435681 0.006652 1.694378
0.509489 0.013871 0.023031 0.012545 0.001501 0.432889 0.006674 1.695751
0.514071 0.013450 0.022225 0.012092 0.001474 0.429994 0.006694 1.697042
0.518494 0.013015 0.021533 0.011677 0.001450 0.427113 0.006719 1.698366
0.522897 0.012650 0.020845 0.011247 0.001425 0.424198 0.006739 1.699602
0.527317 0.012216 0.020181 0.010920 0.001396 0.421213 0.006757 1.700874
0.531695 0.011868 0.019511 0.010595 0.001371 0.418185 0.006774 1.702056
0.536181 0.011508 0.018857 0.010220 0.001359 0.415087 0.006789 1.703210
0.540599 0.011154 0.018284 0.009866 0.001331 0.411959 0.006807 1.704327
0.545088 0.010805 0.017758 0.009498 0.001300 0.408727 0.006825 1.705452
0.549360 0.010444 0.017226 0.009251 0.001268 0.405611 0.006841 1.706538
0.553689 0.010119 0.016718 0.008964 0.001242 0.402414 0.006854 1.707552
0.557918 0.009845 0.016176 0.008667 0.001216 0.399306 0.006873 1.708519
0.562181 0.009624 0.015618 0.008370 0.001182 0.396134 0.006891 1.709436
0.566473 0.009337 0.015128 0.008130 0.001161 0.392866 0.006905 1.710403
0.570692 0.009066 0.014686 0.007880 0.001140 0.389618 0.006917 1.711351
0.574890 0.008806 0.014237 0.007612 0.001107 0.386412 0.006935 1.712267
0.579102 0.008591 0.013773 0.007402 0.001089 0.383091 0.006952 1.713127
0.583167 0.008391 0.013357 0.007184 0.001066 0.379869 0.006966 1.713972
0.587350 0.008142 0.012976 0.006967 0.001039 0.376543 0.006983 1.714807
0.591396 0.007955 0.012588 0.006742 0.001009 0.373311 0.006997 1.715595
0.595461 0.007794 0.012164 0.006529 0.000983 0.370054 0.007015 1.716366
0.599494 0.007597 0.011857 0.006359 0.000955 0.366710 0.007030 1.717142
0.603527 0.007391 0.011505 0.006136 0.000931 0.363467 0.007041 1.717901
0.607469 0.007200 0.011145 0.005961 0.000903 0.360267 0.007056 1.718642
0.611468 0.007093 0.010792 0.005783 0.000879 0.356913 0.007072 1.719297
0.615322 0.006969 0.010522 0.005624 0.000849 0.353629 0.007084 1.719986
0.619111 0.006875 0.010205 0.005433 0.000837 0.350444 0.007095 1.720644
0.622951 0.006768 0.009922 0.005285 0.000811 0.347153 0.007111 1.721305
0.626676 0.006645 0.009652 0.005145 0.000797 0.343966 0.007119 1.721965
0.630392 0.006533 0.009367 0.004991 0.000783 0.340807 0.007128 1.722596
0.634059 0.006465 0.009081 0.004819 0.000764 0.337674 0.007138 1.723190
0.637805 0.006324 0.008826 0.004701 0.000748 0.334449 0.007148 1.723819
0.641403 0.006205 0.008620 0.004553 0.000725 0.331336 0.007158 1.724430
0.645001 0.006066 0.008417 0.004438 0.000712 0.328198 0.007169 1.725048
0.648618 0.005947 0.008255 0.004315 0.000690 0.324998 0.007178 1.725647
0.652115 0.005855 0.008042 0.004234 0.000672 0.321896 0.007187 1.726233
0.655656 0.005751 0.007841 0.004140 0.000657 0.318762 0.007193 1.726803
0.659190 0.005652 0.007664 0.004030 0.000639 0.315623 0.007203 1.727368
0.662631 0.005607 0.007443 0.003935 0.000623 0.312545 0.007217 1.727889
0.666088 0.005538 0.007217 0.003852 0.000612 0.309469 0.007224 1.728404
0.669494 0.005462 0.007065 0.003752 0.000601 0.306394 0.007233 1.728923
0.672834 0.005372 0.006899 0.003651 0.000586 0.303418 0.007242 1.729455
0.676159 0.005290 0.006750 0.003565 0.000575 0.300411 0.007251 1.729987
0.679431 0.005203 0.006615 0.003482 0.000558 0.297451 0.007260 1.730506
0.682712 0.005094 0.006478 0.003387 0.000551 0.294513 0.007265 1.731007
0.685933 0.005046 0.006344 0.003318 0.000524 0.291560 0.007275 1.731480
0.689164 0.004956 0.006235 0.003254 0.000506 0.288598 0.007287 1.731966
0.692355 0.004914 0.006067 0.003181 0.000490 0.285700 0.007293 1.732431
0.695558 0.004827 0.005932 0.003133 0.000478 0.282773 0.007299 1.732912
0.698712 0.004743 0.005814 0.003063 0.000466 0.279896 0.007307 1.733376
0.701798 0.004690 0.005699 0.002981 0.000449 0.277068 0.007315 1.733818
0.704810 0.004652 0.005573 0.002933 0.000440 0.274270 0.007322 1.734266
0.707810 0.004590 0.005485 0.002896 0.000430 0.271460 0.007330 1.734737
0.710814 0.004561 0.005369 0.002857 0.000417 0.268644 0.007338 1.735186
0.713718 0.004522 0.005278 0.002841 0.000406 0.265891 0.007345 1.735627
0.716541 0.004485 0.005192 0.002792 0.000402 0.263240 0.007349 1.736069
0.719375 0.004457 0.005123 0.002746 0.000394 0.260553 0.007354 1.736498
0.722232 0.004391 0.005057 0.002729 0.000385 0.257847 0.007360 1.736950
0.725043 0.004337 0.004988 0.002691 0.000373 0.255202 0.007365 1.737384
0.727773 0.004281 0.004914 0.002648 0.000363 0.252649 0.007371 1.737806
0.730501 0.004215 0.004855 0.002630 0.000350 0.250074 0.007377 1.738252
0.733221 0.004166 0.004774 0.002587 0.000347 0.247523 0.007383 1.738668
0.735886 0.004126 0.004700 0.002535 0.000341 0.245024 0.007389 1.739081
0.738622 0.004068 0.004611 0.002488 0.000337 0.242479 0.007396 1.739477
0.741257 0.003995 0.004574 0.002447 0.000324 0.240001 0.007402 1.739889
0.743888 0.003950 0.004533 0.002395 0.000322 0.237508 0.007405 1.740277
0.746519 0.003939 0.004469 0.002362 0.000319 0.234982 0.007411 1.740652
0.749065 0.003888 0.004432 0.002315 0.000313 0.232573 0.007414 1.741047
0.751606 0.003842 0.004415 0.002297 0.000311 0.230111 0.007418 1.741453
0.754133 0.003844 0.004335 0.002272 0.000304 0.227689 0.007423 1.741805
0.756609 0.003791 0.004272 0.002243 0.000296 0.225361 0.007427 1.742193
0.759088 0.003776 0.004187 0.002217 0.000286 0.223016 0.007430 1.742562
0.761527 0.003739 0.004124 0.002186 0.000284 0.220707 0.007432 1.742920
0.763896 0.003704 0.004066 0.002165 0.000277 0.218453 0.007438 1.743287
0.766255 0.003635 0.004048 0.002136 0.000272 0.216212 0.007442 1.743673
0.768603 0.003605 0.004017 0.002097 0.000264 0.213968 0.007447 1.744044
0.770862 0.003606 0.003974 0.002047 0.000258 0.211803 0.007451 1.744403
0.773177 0.003590 0.003918 0.002035 0.000253 0.209573 0.007453 1.744756
0.775494 0.003573 0.003873 0.002045 0.000247 0.207311 0.007457 1.745109
0.777792 0.003545 0.003840 0.002030 0.000244 0.205090 0.007461 1.745462
0.780014 0.003531 0.003793 0.002000 0.000240 0.202958 0.007465 1.745800
0.782207 0.003510 0.003736 0.001964 0.000232 0.200882 0.007470 1.746134
0.784411 0.003498 0.003699 0.001943 0.000233 0.198743 0.007474 1.746476
0.786468 0.003503 0.003666 0.001921 0.000229 0.196735 0.007478 1.746810
0.788588 0.003502 0.003658 0.001914 0.000229 0.194630 0.007480 1.747166
0.790676 0.003514 0.003619 0.001895 0.000229 0.192583 0.007484 1.747491
0.792753 0.003490 0.003605 0.001854 0.000225 0.190584 0.007489 1.747829
0.794756 0.003457 0.003575 0.001837 0.000223 0.188663 0.007489 1.748176
0.796671 0.003433 0.003533 0.001836 0.000223 0.186814 0.007491 1.748522
0.798694 0.003407 0.003501 0.001818 0.000218 0.184867 0.007495 1.748857
0.800689 0.003394 0.003472 0.001800 0.000215 0.182933 0.007497 1.749196
0.802669 0.003372 0.003442 0.001794 0.000217 0.181009 0.007498 1.749528
0.804598 0.003360 0.003425 0.001799 0.000214 0.179104 0.007499 1.749871
0.806520 0.003312 0.003417 0.001802 0.000206 0.177238 0.007505 1.750212
0.808438 0.003308 0.003393 0.001770 0.000201 0.175383 0.007507 1.750538
0.810299 0.003302 0.003352 0.001748 0.000197 0.173594 0.007509 1.750850
0.812215 0.003287 0.003310 0.001706 0.000192 0.171777 0.007513 1.751148
0.814014 0.003293 0.003285 0.001688 0.000192 0.170013 0.007515 1.751465
0.815809 0.003295 0.003255 0.001658 0.000190 0.168276 0.007517 1.751779
0.817606 0.003306 0.003211 0.001654 0.000190 0.166514 0.007520 1.752082
0.819374 0.003296 0.003190 0.001658 0.000187 0.164775 0.007520 1.752410
0.821111 0.003276 0.003162 0.001659 0.000180 0.163088 0.007523 1.752742
0.822848 0.003264 0.003167 0.001649 0.000179 0.161368 0.007524 1.753057
0.824560 0.003265 0.003146 0.001642 0.000179 0.159681 0.007527 1.753353
0.826276 0.003214 0.003147 0.001635 0.000176 0.158021 0.007530 1.753686
0.827917 0.003222 0.003115 0.001640 0.000171 0.156404 0.007532 1.753996
0.829582 0.003203 0.003097 0.001658 0.000173 0.154754 0.007533 1.754320
0.831250 0.003179 0.003093 0.001658 0.000173 0.153113 0.007535 1.754639
0.832812 0.003170 0.003092 0.001650 0.000169 0.151567 0.007540 1.754956
0.834425 0.003160 0.003073 0.001648 0.000167 0.149985 0.007541 1.755258
0.835996 0.003172 0.003036 0.001617 0.000169 0.148468 0.007542 1.755543
0.837597 0.003130 0.003021 0.001616 0.000167 0.146922 0.007547 1.755873
0.839186 0.003148 0.003014 0.001598 0.000159 0.145343 0.007552 1.756159
0.840704 0.003128 0.002989 0.001608 0.000160 0.143859 0.007552 1.756470
0.842223 0.003112 0.002967 0.001611 0.000158 0.142374 0.007555 1.756763
0.843697 0.003095 0.002977 0.001600 0.000156 0.140917 0.007559 1.757082
0.845211 0.003079 0.002968 0.001605 0.000152 0.139425 0.007561 1.757399
0.846637 0.003085 0.002961 0.001596 0.000151 0.138009 0.007562 1.757703
0.848070 0.003093 0.002945 0.001579 0.000148 0.136602 0.007563 1.758002
0.849491 0.003087 0.002932 0.001572 0.000147 0.135207 0.007564 1.758312
0.850843 0.003081 0.002915 0.001560 0.000145 0.133891 0.007566 1.758626
0.852209 0.003066 0.002904 0.001556 0.000146 0.132552 0.007567 1.758929
0.853546 0.003068 0.002907 0.001553 0.000143 0.131212 0.007570 1.759236
0.854820 0.003063 0.002870 0.001555 0.000140 0.129978 0.007574 1.759531
0.856103 0.003070 0.002842 0.001540 0.000137 0.128732 0.007576 1.759826
0.857387 0.003057 0.002841 0.001535 0.000136 0.127468 0.007578 1.760132
0.858722 0.003047 0.002854 0.001522 0.000133 0.126140 0.007581 1.760434
0.860047 0.003053 0.002844 0.001525 0.000133 0.124814 0.007583 1.760745
0.861349 0.003049 0.002815 0.001524 0.000131 0.123547 0.007586 1.761039
0.862564 0.003050 0.002800 0.001527 0.000128 0.122343 0.007588 1.761340
0.863792 0.003052 0.002794 0.001519 0.000127 0.121127 0.007589 1.761641
0.865024 0.003056 0.002781 0.001514 0.000123 0.119909 0.007593 1.761924
0.866184 0.003061 0.002772 0.001515 0.000126 0.118748 0.007594 1.762228
0.867350 0.003068 0.002777 0.001511 0.000127 0.117572 0.007595 1.762533
0.868493 0.003076 0.002786 0.001505 0.000124 0.116419 0.007597 1.762827
0.869625 0.003067 0.002785 0.001490 0.000122 0.115312 0.007599 1.763125
0.870752 0.003056 0.002774 0.001481 0.000121 0.114215 0.007601 1.763429
0.871887 0.003047 0.002785 0.001484 0.000117 0.113080 0.007602 1.763738
0.872948 0.003045 0.002794 0.001487 0.000117 0.112006 0.007603 1.764041
0.874030 0.003056 0.002809 0.001482 0.000115 0.110904 0.007603 1.764347
0.875095 0.003072 0.002801 0.001479 0.000114 0.109834 0.007606 1.764640
0.876150 0.003074 0.002821 0.001488 0.000115 0.108744 0.007608 1.764954
0.877210 0.003064 0.002828 0.001500 0.000115 0.107674 0.007609 1.765273
0.878259 0.003068 0.002826 0.001478 0.000115 0.106643 0.007611 1.765580
0.879280 0.003073 0.002832 0.001468 0.000114 0.105621 0.007612 1.765875
0.880288 0.003128 0.002811 0.001459 0.000113 0.104588 0.007613 1.766151
0.881289 0.003155 0.002819 0.001453 0.000110 0.103558 0.007616 1.766439
0.882252 0.003143 0.002815 0.001453 0.000108 0.102613 0.007617 1.766749
0.883210 0.003146 0.002813 0.001458 0.000111 0.101645 0.007619 1.767053
0.884147 0.003134 0.002820 0.001466 0.000112 0.100702 0.007620 1.767360
0.885090 0.003137 0.002838 0.001448 0.000109 0.099756 0.007621 1.767652
0.885982 0.003179 0.002841 0.001445 0.000108 0.098824 0.007622 1.767966
0.886857 0.003216 0.002859 0.001452 0.000110 0.097884 0.007623 1.768279
0.887759 0.003269 0.002855 0.001459 0.000106 0.096926 0.007625 1.768579
0.888606 0.003285 0.002863 0.001466 0.000108 0.096046 0.007625 1.768898
0.889461 0.003293 0.002847 0.001475 0.000108 0.095189 0.007627 1.769209
0.890292 0.003314 0.002879 0.001468 0.000107 0.094309 0.007629 1.769536
0.891117 0.003353 0.002876 0.001468 0.000104 0.093449 0.007631 1.769843
0.891930 0.003373 0.002877 0.001460 0.000104 0.092623 0.007632 1.770178
0.892756 0.003366 0.002891 0.001465 0.000102 0.091784 0.007634 1.770513
0.893561 0.003350 0.002893 0.001480 0.000102 0.090977 0.007636 1.770854
0.894365 0.003377 0.002918 0.001480 0.000104 0.090119 0.007637 1.771180
0.895133 0.003356 0.002947 0.001488 0.000102 0.089335 0.007639 1.771534
0.895879 0.003349 0.002973 0.001504 0.000100 0.088556 0.007640 1.771899
0.896609 0.003383 0.002982 0.001524 0.000100 0.087759 0.007641 1.772213
0.897338 0.003410 0.002981 0.001542 0.000102 0.086984 0.007642 1.772552
0.898045 0.003437 0.002980 0.001558 0.000103 0.086232 0.007643 1.772873
0.898766 0.003510 0.002990 0.001555 0.000102 0.085431 0.007646 1.773199
0.899443 0.003544 0.002998 0.001553 0.000099 0.084714 0.007648 1.773532
0.900089 0.003570 0.003018 0.001561 0.000103 0.084011 0.007649 1.773887
0.900772 0.003563 0.003041 0.001569 0.000102 0.083303 0.007650 1.774252
0.901466 0.003589 0.003036 0.001571 0.000100 0.082586 0.007651 1.774588
0.902123 0.003621 0.003036 0.001587 0.000098 0.081878 0.007655 1.774926
0.902853 0.003616 0.003058 0.001602 0.000097 0.081119 0.007656 1.775282
0.903490 0.003653 0.003066 0.001602 0.000095 0.080435 0.007659 1.775617
0.904134 0.003679 0.003070 0.001623 0.000094 0.079741 0.007660 1.775974
0.904741 0.003686 0.003083 0.001625 0.000100 0.079104 0.007661 1.776332
0.905340 0.003693 0.003075 0.001633 0.000099 0.078499 0.007662 1.776690
0.905911 0.003713 0.003070 0.001636 0.000104 0.077905 0.007662 1.777041
0.906480 0.003718 0.003093 0.001637 0.000104 0.077304 0.007664 1.777408
0.907032 0.003762 0.003112 0.001639 0.000105 0.076683 0.007666 1.777768
0.907585 0.003772 0.003132 0.001654 0.000105 0.076081 0.007669 1.778143
0.908158 0.003797 0.003163 0.001648 0.000104 0.075460 0.007670 1.778519
0.908688 0.003811 0.003193 0.001669 0.000108 0.074862 0.007670 1.778896
0.909226 0.003823 0.003183 0.001681 0.000106 0.074309 0.007671 1.779271
0.909753 0.003843 0.003214 0.001700 0.000107 0.073709 0.007673 1.779643
0.910301 0.003860 0.003245 0.001679 0.000109 0.073131 0.007674 1.780011
0.910807 0.003876 0.003260 0.001695 0.000110 0.072576 0.007675 1.780381
0.911361 0.003885 0.003267 0.001701 0.000112 0.071996 0.007677 1.780763
0.911881 0.003888 0.003288 0.001697 0.000112 0.071454 0.007679 1.781150
0.912337 0.003891 0.003311 0.001711 0.000114 0.070955 0.007680 1.781545
0.912834 0.003880 0.003349 0.001734 0.000114 0.070408 0.007682 1.781938
0.913297 0.003901 0.003373 0.001755 0.000115 0.069876 0.007683 1.782344
0.913716 0.003953 0.003377 0.001768 0.000112 0.069388 0.007685 1.782721
0.914152 0.003957 0.003421 0.001762 0.000112 0.068908 0.007687 1.783130
0.914600 0.003967 0.003444 0.001770 0.000109 0.068420 0.007689 1.783529
0.915012 0.004007 0.003458 0.001769 0.000110 0.067955 0.007690 1.783906
0.915411 0.004045 0.003461 0.001776 0.000109 0.067506 0.007691 1.784291
0.915837 0.004055 0.003504 0.001800 0.000109 0.067001 0.007694 1.784701
0.916227 0.004100 0.003509 0.001792 0.000111 0.066565 0.007696 1.785090
0.916666 0.004111 0.003520 0.001788 0.000113 0.066105 0.007697 1.785473
0.917047 0.004150 0.003523 0.001784 0.000115 0.065681 0.007699 1.785869
0.917427 0.004220 0.003499 0.001787 0.000113 0.065253 0.007701 1.786241
0.917798 0.004213 0.003494 0.001808 0.000112 0.064871 0.007703 1.786660
0.918173 0.004218 0.003538 0.001833 0.000113 0.064423 0.007703 1.787080
0.918499 0.004220 0.003574 0.001850 0.000113 0.064039 0.007705 1.787503
0.918882 0.004233 0.003609 0.001867 0.000117 0.063585 0.007706 1.787929
0.919261 0.004235 0.003627 0.001870 0.000118 0.063180 0.007708 1.788348
0.919626 0.004262 0.003656 0.001855 0.000118 0.062772 0.007711 1.788769
0.919945 0.004272 0.003674 0.001877 0.000114 0.062405 0.007713 1.789196
0.920274 0.004312 0.003681 0.001880 0.000115 0.062024 0.007714 1.789608
0.920627 0.004381 0.003682 0.001861 0.000112 0.061621 0.007717 1.790012
0.920969 0.004396 0.003704 0.001879 0.000112 0.061222 0.007718 1.790451
0.921257 0.004419 0.003736 0.001898 0.000111 0.060858 0.007720 1.790890
0.921562 0.004453 0.003789 0.001888 0.000116 0.060470 0.007721 1.791328
0.921872 0.004472 0.003789 0.001901 0.000117 0.060125 0.007723 1.791752
0.922161 0.004465 0.003828 0.001924 0.000119 0.059777 0.007725 1.792210
0.922404 0.004512 0.003833 0.001926 0.000116 0.059483 0.007727 1.792656
0.922671 0.004574 0.003841 0.001932 0.000119 0.059135 0.007728 1.793082
0.922918 0.004596 0.003885 0.001948 0.000119 0.058803 0.007730 1.793547
0.923143 0.004663 0.003904 0.001943 0.000119 0.058496 0.007732 1.793976
0.923327 0.004737 0.003939 0.001955 0.000121 0.058189 0.007733 1.794445
0.923536 0.004795 0.003953 0.001973 0.000122 0.057886 0.007734 1.794904
0.923740 0.004819 0.003990 0.002001 0.000121 0.057593 0.007736 1.795390
0.923918 0.004881 0.004009 0.002014 0.000121 0.057320 0.007737 1.795853
0.924107 0.004920 0.004036 0.002023 0.000119 0.057057 0.007739 1.796335
0.924310 0.004941 0.004090 0.002043 0.000121 0.056754 0.007740 1.796832
0.924488 0.004961 0.004116 0.002066 0.000123 0.056507 0.007740 1.797324
0.924651 0.005010 0.004123 0.002081 0.000121 0.056271 0.007742 1.797807
0.924819 0.005054 0.004144 0.002096 0.000125 0.056019 0.007743 1.798290
0.924961 0.005108 0.004184 0.002112 0.000126 0.055764 0.007745 1.798790
0.925099 0.005134 0.004198 0.002153 0.000124 0.055544 0.007746 1.799311
0.925258 0.005150 0.004224 0.002164 0.000123 0.055335 0.007747 1.799825
0.925424 0.005167 0.004236 0.002182 0.000125 0.055119 0.007747 1.800339
0.925565 0.005205 0.004276 0.002210 0.000125 0.054870 0.007749 1.800856
0.925691 0.005216 0.004338 0.002225 0.000129 0.054651 0.007750 1.801390
0.925832 0.005258 0.004362 0.002236 0.000132 0.054429 0.007750 1.801901
0.925952 0.005293 0.004391 0.002254 0.000131 0.054227 0.007752 1.802418
0.926101 0.005315 0.004431 0.002270 0.000128 0.054001 0.007754 1.802950
0.926196 0.005364 0.004424 0.002277 0.000129 0.053853 0.007756 1.803454
0.926295 0.005379 0.004456 0.002302 0.000131 0.053679 0.007757 1.804008
0.926375 0.005405 0.004449 0.002319 0.000135 0.053559 0.007757 1.804529
0.926474 0.005449 0.004465 0.002333 0.000137 0.053383 0.007759 1.805051
0.926568 0.005485 0.004503 0.002340 0.000134 0.053206 0.007763 1.805583
0.926668 0.005526 0.004544 0.002348 0.000136 0.053015 0.007764 1.806112
0.926739 0.005566 0.004589 0.002366 0.000139 0.052836 0.007765 1.806662
0.926791 0.005555 0.004613 0.002411 0.000140 0.052722 0.007767 1.807238
0.926874 0.005586 0.004629 0.002423 0.000141 0.052579 0.007769 1.807785
0.926971 0.005575 0.004673 0.002440 0.000138 0.052430 0.007772 1.808346
0.927051 0.005630 0.004693 0.002449 0.000140 0.052264 0.007773 1.808883
0.927096 0.005666 0.004711 0.002461 0.000142 0.052149 0.007775 1.809435
0.927120 0.005721 0.004747 0.002474 0.000146 0.052016 0.007776 1.809984
0.927174 0.005738 0.004769 0.002490 0.000149 0.051903 0.007777 1.810542
0.927215 0.005747 0.004831 0.002510 0.000144 0.051774 0.007780 1.811127
0.927288 0.005767 0.004846 0.002515 0.000148 0.051656 0.007781 1.811684
0.927298 0.005784 0.004878 0.002518 0.000147 0.051589 0.007784 1.812257
0.927290 0.005788 0.004913 0.002562 0.000148 0.051514 0.007785 1.812855
0.927357 0.005791 0.004957 0.002591 0.000149 0.051368 0.007787 1.813435
0.927404 0.005814 0.004965 0.002609 0.000156 0.051263 0.007788 1.814020
0.927450 0.005894 0.004990 0.002591 0.000156 0.051129 0.007790 1.814547
0.927472 0.005942 0.005007 0.002617 0.000156 0.051013 0.007793 1.815135
0.927447 0.005998 0.005048 0.002627 0.000154 0.050930 0.007796 1.815724
0.927457 0.006045 0.005085 0.002636 0.000155 0.050824 0.007798 1.816312
0.927450 0.006104 0.005098 0.002643 0.000152 0.050753 0.007800 1.816888
0.927401 0.006197 0.005094 0.002671 0.000158 0.050677 0.007802 1.817472
0.927388 0.006250 0.005097 0.002688 0.000161 0.050613 0.007804 1.818058
0.927396 0.006293 0.005128 0.002699 0.000166 0.050514 0.007805 1.818666
0.927380 0.006339 0.005169 0.002721 0.000162 0.050421 0.007807 1.819276
0.927319 0.006382 0.005192 0.002724 0.000164 0.050409 0.007810 1.819880
0.927292 0.006419 0.005242 0.002752 0.000162 0.050317 0.007814 1.820515
0.927256 0.006446 0.005252 0.002785 0.000163 0.050282 0.007816 1.821142
0.927236 0.006425 0.005339 0.002807 0.000164 0.050209 0.007819 1.821798
0.927186 0.006459 0.005329 0.002818 0.000170 0.050216 0.007822 1.822424
0.927138 0.006483 0.005346 0.002844 0.000172 0.050194 0.007824 1.823056
0.927102 0.006499 0.005384 0.002880 0.000164 0.050143 0.007827 1.823709
0.927087 0.006485 0.005427 0.002885 0.000162 0.050125 0.007830 1.824350
0.927033 0.006566 0.005432 0.002881 0.000165 0.050090 0.007833 1.824963
0.926988 0.006624 0.005444 0.002887 0.000165 0.050056 0.007835 1.825569
0.926955 0.006606 0.005496 0.002912 0.000163 0.050030 0.007838 1.826238
0.926917 0.006612 0.005552 0.002915 0.000169 0.049995 0.007840 1.826909
0.926852 0.006634 0.005592 0.002936 0.000171 0.049973 0.007842 1.827574
0.926795 0.006653 0.005627 0.002949 0.000168 0.049964 0.007843 1.828212
0.926719 0.006713 0.005659 0.002951 0.000170 0.049944 0.007844 1.828840
0.926611 0.006733 0.005721 0.002986 0.000169 0.049933 0.007846 1.829529
0.926525 0.006771 0.005731 0.002984 0.000174 0.049965 0.007848 1.830197
0.926420 0.006803 0.005767 0.002993 0.000175 0.049992 0.007849 1.830887
0.926287 0.006903 0.005751 0.003005 0.000175 0.050027 0.007852 1.831518
0.926190 0.006908 0.005800 0.003040 0.000178 0.050031 0.007853 1.832205
0.926105 0.006963 0.005804 0.003037 0.000179 0.050055 0.007856 1.832845
0.925972 0.006997 0.005819 0.003062 0.000180 0.050112 0.007858 1.833544
0.925889 0.006999 0.005852 0.003095 0.000181 0.050123 0.007861 1.834261
0.925807 0.007013 0.005897 0.003096 0.000181 0.050144 0.007862 1.834953
0.925711 0.007047 0.005937 0.003085 0.000181 0.050172 0.007866 1.835629
0.925617 0.007124 0.005953 0.003101 0.000183 0.050154 0.007868 1.836276
0.925520 0.007143 0.005989 0.003138 0.000182 0.050157 0.007871 1.836969
0.925390 0.007198 0.006028 0.003150 0.000182 0.050181 0.007872 1.837669
0.925281 0.007236 0.006035 0.003162 0.000181 0.050231 0.007874 1.838356
0.925138 0.007306 0.006088 0.003159 0.000182 0.050251 0.007877 1.839054
0.925006 0.007300 0.006165 0.003189 0.000181 0.050281 0.007878 1.839814
0.924890 0.007311 0.006193 0.003211 0.000184 0.050332 0.007880 1.840542
0.924770 0.007359 0.006203 0.003232 0.000186 0.050367 0.007883 1.841239
0.924707 0.007349 0.006226 0.003250 0.000189 0.050393 0.007885 1.841965
0.924573 0.007390 0.006275 0.003275 0.000193 0.050406 0.007887 1.842678
0.924453 0.007418 0.006276 0.003278 0.000196 0.050491 0.007888 1.843380
0.924301 0.007466 0.006278 0.003303 0.000193 0.050571 0.007890 1.844087
0.924140 0.007479 0.006302 0.003312 0.000197 0.050677 0.007893 1.844831
0.924006 0.007510 0.006323 0.003312 0.000199 0.050755 0.007895 1.845568
0.923880 0.007557 0.006343 0.003336 0.000199 0.050787 0.007898 1.846289
0.923732 0.007592 0.006387 0.003364 0.000198 0.050828 0.007899 1.847042
0.923566 0.007604 0.006447 0.003380 0.000205 0.050899 0.007900 1.847825
0.923411 0.007618 0.006480 0.003394 0.000208 0.050988 0.007902 1.848577
0.923240 0.007625 0.006523 0.003433 0.000210 0.051067 0.007904 1.849370
0.923064 0.007669 0.006547 0.003461 0.000203 0.051145 0.007909 1.850122
0.922888 0.007696 0.006582 0.003475 0.000210 0.051240 0.007909 1.850895
0.922659 0.007763 0.006624 0.003493 0.000211 0.051338 0.007913 1.851660
0.922506 0.007797 0.006605 0.003539 0.000205 0.051432 0.007915 1.852413
0.922372 0.007852 0.006637 0.003554 0.000208 0.051458 0.007917 1.853167
0.922186 0.007859 0.006696 0.003535 0.000218 0.051588 0.007918 1.853950
0.922029 0.007886 0.006749 0.003548 0.000219 0.051646 0.007922 1.854733
0.921892 0.007871 0.006779 0.003569 0.000215 0.051746 0.007927 1.855528
0.921770 0.007892 0.006748 0.003598 0.000219 0.051843 0.007929 1.856275
0.921603 0.007961 0.006771 0.003564 0.000225 0.051947 0.007931 1.857014
0.921444 0.008018 0.006838 0.003559 0.000229 0.051979 0.007934 1.857775
0.921263 0.007982 0.006848 0.003622 0.000225 0.052122 0.007938 1.858588
0.921111 0.008025 0.006871 0.003636 0.000223 0.052193 0.007941 1.859379
0.920945 0.008052 0.006891 0.003658 0.000228 0.052283 0.007944 1.860181
0.920767 0.008068 0.006941 0.003670 0.000233 0.052377 0.007945 1.860997
0.920571 0.008124 0.006976 0.003696 0.000233 0.052450 0.007949 1.861788
0.920344 0.008186 0.007006 0.003688 0.000229 0.052592 0.007954 1.862565
0.920171 0.008224 0.007012 0.003687 0.000228 0.052721 0.007957 1.863350
0.920015 0.008218 0.007035 0.003686 0.000225 0.052862 0.007959 1.864160
0.919779 0.008257 0.007095 0.003711 0.000228 0.052969 0.007960 1.864972
0.919555 0.008315 0.007079 0.003696 0.000228 0.053162 0.007963 1.865759
0.919386 0.008330 0.007073 0.003716 0.000227 0.053303 0.007965 1.866577
0.919252 0.008333 0.007132 0.003717 0.000224 0.053373 0.007969 1.867395
0.919075 0.008351 0.007160 0.003719 0.000225 0.053498 0.007972 1.868216
0.918859 0.008370 0.007198 0.003748 0.000221 0.053631 0.007974 1.869062
0.918677 0.008385 0.007189 0.003781 0.000225 0.053763 0.007979 1.869856
0.918531 0.008411 0.007175 0.003781 0.000230 0.053889 0.007983 1.870637
0.918366 0.008411 0.007242 0.003778 0.000228 0.053989 0.007985 1.871472
0.918153 0.008459 0.007242 0.003783 0.000225 0.054150 0.007987 1.872291
0.917942 0.008510 0.007242 0.003819 0.000227 0.054268 0.007992 1.873115
0.917731 0.008562 0.007277 0.003832 0.000228 0.054375 0.007995 1.873966
0.917543 0.008590 0.007305 0.003823 0.000241 0.054501 0.007997 1.874802
0.917347 0.008643 0.007304 0.003852 0.000248 0.054606 0.008000 1.875636
0.917133 0.008668 0.007302 0.003881 0.000248 0.054767 0.008002 1.876477
0.916944 0.008665 0.007325 0.003901 0.000248 0.054912 0.008006 1.877328
0.916711 0.008700 0.007356 0.003918 0.000247 0.055060 0.008009 1.878173
0.916501 0.008697 0.007405 0.003951 0.000255 0.055182 0.008009 1.879043
0.916292 0.008712 0.007427 0.003977 0.000259 0.055320 0.008012 1.879905
0.916109 0.008730 0.007441 0.003973 0.000266 0.055467 0.008013 1.880752
0.915926 0.008702 0.007467 0.003989 0.000267 0.055633 0.008016 1.881636
0.915718 0.008712 0.007484 0.004014 0.000267 0.055785 0.008020 1.882512
0.915485 0.008751 0.007523 0.004006 0.000270 0.055942 0.008023 1.883356
0.915304 0.008754 0.007568 0.004031 0.000265 0.056051 0.008027 1.884230
0.915084 0.008799 0.007553 0.004036 0.000268 0.056230 0.008030 1.885075
0.914893 0.008835 0.007565 0.004039 0.000270 0.056365 0.008033 1.885947
0.914728 0.008824 0.007592 0.004056 0.000267 0.056498 0.008037 1.886840
0.914522 0.008842 0.007602 0.004062 0.000264 0.056669 0.008040 1.887698
0.914343 0.008912 0.007625 0.004021 0.000259 0.056795 0.008046 1.888530
0.914183 0.008847 0.007658 0.004042 0.000260 0.056961 0.008049 1.889442
0.913977 0.008917 0.007674 0.004074 0.000262 0.057044 0.008052 1.890294
0.913810 0.008874 0.007729 0.004099 0.000263 0.057169 0.008056 1.891187
0.913671 0.008845 0.007739 0.004113 0.000263 0.057310 0.008061 1.892068
0.913504 0.008858 0.007779 0.004085 0.000269 0.057441 0.008064 1.892938
0.913345 0.008860 0.007789 0.004104 0.000271 0.057565 0.008067 1.893830
0.913128 0.008867 0.007824 0.004099 0.000270 0.057744 0.008070 1.894724
0.912989 0.008879 0.007838 0.004110 0.000268 0.057842 0.008075 1.895591
0.912807 0.008872 0.007880 0.004115 0.000271 0.057977 0.008077 1.896471
0.912603 0.008913 0.007890 0.004155 0.000276 0.058084 0.008079 1.897349
0.912467 0.008875 0.007903 0.004156 0.000276 0.058241 0.008082 1.898249
0.912323 0.008873 0.007932 0.004134 0.000273 0.058381 0.008084 1.899110
0.912160 0.008870 0.007899 0.004153 0.000275 0.058557 0.008087 1.899980
0.911987 0.008906 0.007963 0.004124 0.000272 0.058659 0.008089 1.900845
0.911843 0.008913 0.007969 0.004152 0.000271 0.058761 0.008091 1.901727
0.911658 0.008924 0.007942 0.004146 0.000274 0.058960 0.008095 1.902595
0.911420 0.008960 0.007973 0.004165 0.000275 0.059108 0.008097 1.903502
0.911234 0.008984 0.007989 0.004180 0.000278 0.059235 0.008101 1.904396
0.911097 0.009050 0.007966 0.004175 0.000277 0.059328 0.008106 1.905238
0.910901 0.009055 0.007969 0.004168 0.000279 0.059520 0.008110 1.906118
0.910713 0.009078 0.007997 0.004177 0.000278 0.059645 0.008112 1.907021
0.910576 0.009065 0.008028 0.004193 0.000274 0.059748 0.008117 1.907923
0.910411 0.009091 0.008015 0.004201 0.000273 0.059888 0.008121 1.908789
0.910229 0.009074 0.008089 0.004217 0.000275 0.059991 0.008125 1.909724
0.910070 0.009112 0.008055 0.004221 0.000271 0.060144 0.008127 1.910605
0.909905 0.009170 0.008057 0.004208 0.000274 0.060257 0.008129 1.911469
0.909729 0.009120 0.008078 0.004256 0.000277 0.060407 0.008132 1.912425
0.909580 0.009113 0.008099 0.004265 0.000276 0.060532 0.008136 1.913326
0.909391 0.009142 0.008134 0.004284 0.000277 0.060633 0.008139 1.914222
0.909186 0.009178 0.008124 0.004308 0.000273 0.060791 0.008141 1.915113
0.909051 0.009168 0.008124 0.004294 0.000280 0.060940 0.008144 1.916014
0.908928 0.009145 0.008155 0.004302 0.000281 0.061042 0.008149 1.916940
0.908774 0.009175 0.008150 0.004324 0.000278 0.061147 0.008152 1.917824
0.908603 0.009201 0.008163 0.004324 0.000280 0.061273 0.008155 1.918734
0.908466 0.009223 0.008174 0.004329 0.000279 0.061371 0.008159 1.919638
0.908296 0.009210 0.008225 0.004345 0.000280 0.061482 0.008163 1.920556
0.908128 0.009257 0.008203 0.004330 0.000284 0.061632 0.008167 1.921415
0.908028 0.009218 0.008218 0.004329 0.000284 0.061752 0.008172 1.922325
0.907888 0.009243 0.008230 0.004306 0.000282 0.061872 0.008179 1.923228
0.907707 0.009276 0.008243 0.004339 0.000282 0.061971 0.008183 1.924129
0.907564 0.009272 0.008264 0.004331 0.000285 0.062099 0.008186 1.925052
0.907398 0.009295 0.008288 0.004319 0.000284 0.062227 0.008190 1.925941
0.907196 0.009324 0.008296 0.004320 0.000288 0.062382 0.008194 1.926866
0.907070 0.009329 0.008297 0.004306 0.000283 0.062518 0.008198 1.927768
0.906883 0.009359 0.008327 0.004306 0.000283 0.062640 0.008203 1.928693
0.906677 0.009373 0.008327 0.004309 0.000278 0.062828 0.008209 1.929603
0.906496 0.009334 0.008333 0.004336 0.000279 0.063012 0.008211 1.930562
0.906354 0.009340 0.008378 0.004328 0.000274 0.063113 0.008214 1.931492
0.906244 0.009344 0.008405 0.004329 0.000279 0.063184 0.008216 1.932402
0.906120 0.009333 0.008402 0.004342 0.000277 0.063306 0.008220 1.933309
0.905985 0.009334 0.008422 0.004355 0.000275 0.063407 0.008223 1.934226
0.905831 0.009414 0.008341 0.004378 0.000276 0.063535 0.008226 1.935086
0.905643 0.009511 0.008328 0.004367 0.000275 0.063646 0.008230 1.935967
0.905494 0.009537 0.008330 0.004380 0.000274 0.063751 0.008234 1.936882
0.905342 0.009564 0.008334 0.004365 0.000280 0.063877 0.008239 1.937803
0.905189 0.009566 0.008337 0.004383 0.000281 0.064004 0.008241 1.938741
0.905086 0.009525 0.008370 0.004401 0.000282 0.064091 0.008245 1.939696
0.904957 0.009489 0.008393 0.004410 0.000286 0.064217 0.008249 1.940635
0.904792 0.009506 0.008392 0.004437 0.000289 0.064334 0.008252 1.941564
0.904711 0.009504 0.008376 0.004451 0.000289 0.064412 0.008258 1.942477
0.904551 0.009508 0.008382 0.004447 0.000284 0.064566 0.008261 1.943401
0.904490 0.009473 0.008385 0.004450 0.000287 0.064652 0.008265 1.944323
0.904348 0.009480 0.008386 0.004482 0.000288 0.064748 0.008269 1.945252
0.904249 0.009439 0.008423 0.004466 0.000290 0.064860 0.008272 1.946186
0.904113 0.009440 0.008405 0.004477 0.000291 0.064999 0.008276 1.947128
0.904023 0.009440 0.008406 0.004476 0.000290 0.065085 0.008280 1.948040
0.903891 0.009447 0.008423 0.004471 0.000290 0.065196 0.008283 1.948955
0.903770 0.009404 0.008469 0.004501 0.000290 0.065280 0.008286 1.949920
0.903667 0.009391 0.008456 0.004488 0.000288 0.065420 0.008290 1.950850
0.903538 0.009396 0.008507 0.004472 0.000289 0.065503 0.008295 1.951788
0.903432 0.009383 0.008509 0.004473 0.000290 0.065614 0.008300 1.952714
0.903352 0.009359 0.008506 0.004467 0.000293 0.065721 0.008304 1.953633
0.903219 0.009356 0.008481 0.004497 0.000298 0.065841 0.008308 1.954572
0.903083 0.009395 0.008483 0.004500 0.000300 0.065930 0.008309 1.955477
0.902979 0.009389 0.008470 0.004511 0.000296 0.066043 0.008312 1.956414
0.902843 0.009385 0.008455 0.004537 0.000297 0.066167 0.008316 1.957346
0.902762 0.009395 0.008470 0.004533 0.000298 0.066221 0.008321 1.958238
0.902676 0.009376 0.008494 0.004479 0.000295 0.066352 0.008327 1.959148
0.902547 0.009372 0.008485 0.004484 0.000301 0.066481 0.008330 1.960086
0.902448 0.009371 0.008482 0.004461 0.000298 0.066605 0.008335 1.961022
0.902340 0.009393 0.008440 0.004426 0.000300 0.066763 0.008338 1.961912
0.902235 0.009401 0.008409 0.004422 0.000299 0.066891 0.008342 1.962822
0.902152 0.009408 0.008419 0.004423 0.000296 0.066956 0.008346 1.963752
0.902093 0.009404 0.008418 0.004439 0.000294 0.067003 0.008350 1.964672
0.901987 0.009403 0.008394 0.004445 0.000300 0.067119 0.008353 1.965589
0.901893 0.009400 0.008389 0.004437 0.000297 0.067227 0.008357 1.966515
0.901860 0.009366 0.008392 0.004447 0.000298 0.067276 0.008362 1.967443
0.901772 0.009371 0.008379 0.004437 0.000297 0.067377 0.008367 1.968345
0.901608 0.009437 0.008343 0.004398 0.000296 0.067549 0.008370 1.969226
0.901557 0.009409 0.008351 0.004402 0.000301 0.067608 0.008373 1.970142
0.901459 0.009394 0.008388 0.004400 0.000303 0.067680 0.008376 1.971081
0.901414 0.009419 0.008354 0.004395 0.000302 0.067737 0.008381 1.971959
0.901361 0.009409 0.008355 0.004378 0.000301 0.067813 0.008384 1.972851
0.901254 0.009418 0.008376 0.004404 0.000297 0.067863 0.008388 1.973791
0.901200 0.009336 0.008431 0.004405 0.000299 0.067938 0.008392 1.974742
0.901141 0.009331 0.008412 0.004399 0.000295 0.068026 0.008396 1.975656
0.901098 0.009376 0.008396 0.004373 0.000301 0.068058 0.008398 1.976515
0.901037 0.009330 0.008418 0.004367 0.000300 0.068146 0.008403 1.977440
0.900950 0.009312 0.008432 0.004362 0.000304 0.068234 0.008407 1.978368
0.900893 0.009338 0.008400 0.004379 0.000301 0.068276 0.008413 1.979260
0.900833 0.009318 0.008402 0.004390 0.000296 0.068345 0.008416 1.980177
0.900776 0.009277 0.008409 0.004405 0.000291 0.068422 0.008420 1.981096
0.900731 0.009253 0.008397 0.004406 0.000291 0.068497 0.008426 1.981989
0.900693 0.009240 0.008390 0.004418 0.000286 0.068545 0.008429 1.982889
0.900673 0.009209 0.008368 0.004414 0.000282 0.068621 0.008431 1.983772
0.900584 0.009236 0.008360 0.004384 0.000285 0.068717 0.008433 1.984662
0.900516 0.009248 0.008346 0.004353 0.000290 0.068811 0.008437 1.985547
0.900436 0.009238 0.008355 0.004343 0.000287 0.068902 0.008439 1.986467
0.900348 0.009239 0.008337 0.004351 0.000287 0.068997 0.008442 1.987368
0.900259 0.009234 0.008337 0.004348 0.000289 0.069086 0.008447 1.988279
0.900190 0.009260 0.008322 0.004339 0.000288 0.069152 0.008449 1.989162
0.900138 0.009227 0.008365 0.004360 0.000280 0.069176 0.008455 1.990110
0.900091 0.009246 0.008354 0.004343 0.000282 0.069226 0.008458 1.990989
0.900079 0.009255 0.008383 0.004347 0.000288 0.069189 0.008461 1.991917
0.900023 0.009228 0.008376 0.004373 0.000286 0.069250 0.008465 1.992850
0.899948 0.009250 0.008370 0.004361 0.000290 0.069313 0.008468 1.993758
0.899904 0.009216 0.008371 0.004394 0.000285 0.069358 0.008474 1.994688
0.899873 0.009190 0.008402 0.004399 0.000284 0.069372 0.008480 1.995617
0.899835 0.009187 0.008384 0.004381 0.000285 0.069444 0.008483 1.996497
0.899803 0.009197 0.008357 0.004368 0.000281 0.069507 0.008487 1.997377
0.899750 0.009140 0.008374 0.004352 0.000281 0.069616 0.008488 1.998313
0.899725 0.009163 0.008384 0.004346 0.000276 0.069614 0.008493 1.999203
0.899691 0.009151 0.008355 0.004333 0.000278 0.069696 0.008496 2.000123
0.899655 0.009130 0.008342 0.004368 0.000272 0.069734 0.008499 2.001023
0.899571 0.009165 0.008319 0.004357 0.000275 0.069812 0.008502 2.001931
0.899463 0.009174 0.008318 0.004352 0.000277 0.069912 0.008504 2.002829
0.899464 0.009168 0.008326 0.004349 0.000277 0.069908 0.008507 2.003722
0.899391 0.009178 0.008316 0.004364 0.000273 0.069968 0.008511 2.004610
0.899356 0.009200 0.008334 0.004351 0.000275 0.069970 0.008513 2.005485
0.899301 0.009204 0.008361 0.004333 0.000274 0.070009 0.008519 2.006393
0.899300 0.009165 0.008374 0.004342 0.000278 0.070019 0.008523 2.007292
0.899273 0.009138 0.008352 0.004331 0.000280 0.070103 0.008525 2.008181
0.899203 0.009168 0.008294 0.004329 0.000279 0.070199 0.008528 2.009054
0.899169 0.009147 0.008276 0.004321 0.000282 0.070273 0.008531 2.009937
0.899142 0.009148 0.008294 0.004290 0.000286 0.070306 0.008534 2.010838
0.899097 0.009158 0.008266 0.004304 0.000283 0.070353 0.008538 2.011735
0.899045 0.009161 0.008288 0.004309 0.000284 0.070370 0.008543 2.012661
0.899029 0.009139 0.008305 0.004290 0.000283 0.070409 0.008547 2.013552
0.898994 0.009173 0.008290 0.004264 0.000282 0.070446 0.008550 2.014459
0.898949 0.009198 0.008278 0.004290 0.000285 0.070446 0.008554 2.015356
0.898871 0.009223 0.008296 0.004266 0.000284 0.070502 0.008557 2.016246
0.898825 0.009241 0.008281 0.004290 0.000275 0.070528 0.008561 2.017143
0.898776 0.009246 0.008301 0.004281 0.000274 0.070556 0.008566 2.018056
0.898764 0.009181 0.008351 0.004283 0.000279 0.070574 0.008568 2.019008
0.898740 0.009161 0.008332 0.004298 0.000286 0.070612 0.008570 2.019917
0.898695 0.009160 0.008337 0.004290 0.000287 0.070659 0.008573 2.020817
0.898590 0.009195 0.008331 0.004277 0.000289 0.070740 0.008578 2.021719
0.898584 0.009192 0.008320 0.004272 0.000284 0.070766 0.008582 2.022608
0.898570 0.009167 0.008332 0.004272 0.000279 0.070794 0.008586 2.023527
0.898578 0.009107 0.008375 0.004270 0.000278 0.070804 0.008588 2.024459
0.898503 0.009168 0.008369 0.004257 0.000280 0.070831 0.008592 2.025352
0.898493 0.009180 0.008371 0.004277 0.000286 0.070799 0.008595 2.026263
0.898437 0.009185 0.008387 0.004256 0.000287 0.070848 0.008600 2.027177
0.898404 0.009186 0.008382 0.004263 0.000289 0.070874 0.008602 2.028082
0.898436 0.009148 0.008365 0.004260 0.000287 0.070898 0.008607 2.028995
0.898408 0.009118 0.008374 0.004244 0.000287 0.070960 0.008610 2.029896
0.898360 0.009142 0.008359 0.004247 0.000283 0.070996 0.008614 2.030791
0.898331 0.009123 0.008358 0.004259 0.000284 0.071030 0.008616 2.031703
0.898335 0.009113 0.008347 0.004249 0.000278 0.071059 0.008621 2.032576
