0.999820 0.000132 0.000031 0.000016 0.000000 0.000000 0.000000
0.999759 0.000164 0.000027 0.000004 0.000000 0.000046 0.000000
0.999513 0.000382 0.000057 0.000019 0.000000 0.000028 0.000000
0.999237 0.000607 0.000077 0.000034 0.000000 0.000044 0.000000
0.998721 0.001025 0.000138 0.000062 0.000000 0.000054 0.000000
0.997898 0.001706 0.000207 0.000113 0.000000 0.000076 0.000000
0.996689 0.002709 0.000333 0.000168 0.000002 0.000099 0.000000
0.994943 0.004102 0.000554 0.000256 0.000003 0.000142 0.000000
0.991788 0.006612 0.000917 0.000423 0.000004 0.000256 0.000000
0.987642 0.009948 0.001343 0.000681 0.000004 0.000381 0.000000
0.982415 0.013981 0.002060 0.001017 0.000005 0.000522 0.000000
0.975989 0.019038 0.002891 0.001365 0.000004 0.000713 0.000000
0.966966 0.025961 0.004013 0.001979 0.000006 0.001075 0.000000
0.957003 0.033381 0.005451 0.002724 0.000005 0.001435 0.000000
0.944427 0.042679 0.007127 0.003711 0.000005 0.002051 0.000000
0.931725 0.051777 0.009025 0.004696 0.000006 0.002771 0.000000
0.915963 0.062937 0.011494 0.006017 0.000013 0.003576 0.000000
0.900566 0.073405 0.014212 0.007267 0.000017 0.004533 0.000000
0.883316 0.084908 0.017241 0.008802 0.000023 0.005711 0.000000
0.864360 0.097295 0.020597 0.010616 0.000030 0.007101 0.000000
0.844852 0.109437 0.024237 0.012556 0.000039 0.008879 0.000000
0.825718 0.120932 0.028018 0.014509 0.000047 0.010777 0.000000
0.803205 0.133829 0.032847 0.016945 0.000056 0.013117 0.000000
0.782451 0.145115 0.037418 0.019226 0.000071 0.015719 0.000000
0.759743 0.156956 0.042520 0.021844 0.000074 0.018863 0.000000
0.735896 0.168514 0.048138 0.024671 0.000081 0.022700 0.000000
0.715767 0.177095 0.053242 0.027367 0.000097 0.026432 0.000000
0.693315 0.185999 0.059088 0.030446 0.000116 0.031036 0.000000
0.673982 0.192498 0.064281 0.033355 0.000138 0.035747 0.000000
0.653877 0.198060 0.070164 0.036522 0.000165 0.041212 0.000000
0.636684 0.201810 0.075454 0.039210 0.000183 0.046658 0.000001
0.618026 0.205202 0.081286 0.042125 0.000197 0.053162 0.000001
0.598773 0.208031 0.087353 0.045163 0.000222 0.060456 0.000001
0.582686 0.209126 0.092431 0.047828 0.000253 0.067675 0.000001
0.566461 0.209601 0.097436 0.050617 0.000274 0.075610 0.000001
0.553394 0.208366 0.101700 0.052990 0.000311 0.083238 0.000001
0.539183 0.206185 0.106291 0.055585 0.000343 0.092410 0.000003
0.528401 0.203297 0.109655 0.057552 0.000380 0.100710 0.000005
0.517945 0.199816 0.112808 0.059328 0.000404 0.109691 0.000007
0.508062 0.195980 0.115745 0.060827 0.000435 0.118942 0.000008
0.500316 0.192328 0.117753 0.061859 0.000465 0.127268 0.000010
0.492716 0.188162 0.119648 0.062788 0.000480 0.136191 0.000015
0.483203 0.184630 0.121885 0.063945 0.000513 0.145808 0.000017
0.475365 0.180690 0.123448 0.064724 0.000542 0.155213 0.000018
0.468049 0.176381 0.124594 0.065434 0.000568 0.164955 0.000019
0.460965 0.172726 0.125807 0.066060 0.000591 0.173832 0.000019
0.452808 0.168423 0.126851 0.066830 0.000609 0.184457 0.000023
0.446752 0.164145 0.127241 0.067139 0.000630 0.194066 0.000026
0.439040 0.159964 0.127934 0.067534 0.000659 0.204841 0.000027
0.432681 0.155901 0.128288 0.067838 0.000703 0.214561 0.000028
0.426890 0.152021 0.128415 0.067908 0.000733 0.224002 0.000030
0.420772 0.147781 0.128590 0.067864 0.000754 0.234207 0.000032
0.414756 0.143301 0.128657 0.067881 0.000785 0.244584 0.000036
0.410012 0.138669 0.128011 0.067852 0.000812 0.254607 0.000037
0.405297 0.134346 0.127418 0.067715 0.000833 0.264354 0.000037
0.401199 0.129851 0.126499 0.067254 0.000857 0.274301 0.000039
0.398203 0.124921 0.125162 0.066517 0.000873 0.284284 0.000041
0.395646 0.120346 0.123833 0.065872 0.000882 0.293378 0.000043
0.392887 0.115833 0.122439 0.065126 0.000893 0.302773 0.000048
0.390567 0.111889 0.121027 0.064252 0.000920 0.311296 0.000050
0.388499 0.107680 0.119236 0.063194 0.000942 0.320396 0.000053
0.387343 0.104165 0.117328 0.062138 0.000968 0.328002 0.000056
0.385793 0.099866 0.115362 0.061141 0.000996 0.336782 0.000060
0.385348 0.096210 0.113211 0.060056 0.001010 0.344101 0.000063
0.385472 0.092527 0.110579 0.058769 0.001011 0.351575 0.000067
0.385059 0.088726 0.108239 0.057621 0.001017 0.359266 0.000071
0.385455 0.085742 0.106184 0.056504 0.001017 0.365022 0.000076
0.384937 0.082618 0.103922 0.055359 0.001031 0.372057 0.000076
0.386589 0.080812 0.101442 0.054066 0.001035 0.375979 0.000078
0.386185 0.077504 0.098810 0.052692 0.001041 0.383686 0.000082
0.386233 0.075201 0.096659 0.051559 0.001035 0.389227 0.000085
0.386858 0.072902 0.094570 0.050416 0.001020 0.394144 0.000090
0.387138 0.070795 0.092421 0.049234 0.001006 0.399312 0.000094
0.387559 0.068794 0.090455 0.048218 0.001007 0.403870 0.000097
0.387771 0.066107 0.088083 0.047077 0.001023 0.409840 0.000099
0.389225 0.064695 0.086170 0.045861 0.001019 0.412929 0.000102
0.389704 0.062367 0.084052 0.044670 0.001010 0.418092 0.000105
0.390843 0.060433 0.082019 0.043471 0.001004 0.422123 0.000107
0.392227 0.058907 0.080350 0.042459 0.001005 0.424943 0.000110
0.393526 0.056987 0.078061 0.041237 0.001007 0.429070 0.000112
0.394953 0.054861 0.075906 0.040079 0.001008 0.433075 0.000118
0.396415 0.053343 0.074208 0.039176 0.001014 0.435725 0.000119
0.397958 0.051923 0.072413 0.038249 0.001016 0.438319 0.000122
0.400248 0.050188 0.070069 0.036972 0.001009 0.441391 0.000123
0.402218 0.049387 0.068559 0.036191 0.001007 0.442514 0.000125
0.403834 0.048081 0.066971 0.035273 0.001016 0.444699 0.000126
0.406207 0.046985 0.065055 0.034228 0.001007 0.446388 0.000130
0.408123 0.046117 0.063409 0.033297 0.000998 0.447921 0.000134
0.410369 0.044991 0.061595 0.032358 0.000976 0.449571 0.000138
0.412653 0.044046 0.059968 0.031499 0.000964 0.450731 0.000140
0.414960 0.043195 0.058283 0.030590 0.000939 0.451887 0.000147
0.417560 0.042436 0.056646 0.029811 0.000914 0.452483 0.000151
0.419670 0.042002 0.055428 0.029221 0.000899 0.452626 0.000154
0.422084 0.041196 0.053938 0.028491 0.000889 0.453248 0.000154
0.424349 0.040545 0.052795 0.027897 0.000878 0.453379 0.000158
0.426890 0.039921 0.051516 0.027223 0.000876 0.453416 0.000159
0.429457 0.039182 0.050124 0.026496 0.000868 0.453710 0.000163
0.431988 0.038719 0.048946 0.025831 0.000848 0.453499 0.000168
0.434184 0.038431 0.047995 0.025369 0.000838 0.453013 0.000170
0.436411 0.037886 0.047036 0.024755 0.000823 0.452915 0.000174
0.438782 0.037694 0.046191 0.024282 0.000817 0.452057 0.000176
0.440742 0.037557 0.045288 0.023772 0.000811 0.451651 0.000177
0.443049 0.037373 0.044458 0.023347 0.000803 0.450789 0.000180
0.445647 0.037041 0.043429 0.022781 0.000789 0.450131 0.000182
0.447600 0.037000 0.042902 0.022503 0.000772 0.449036 0.000187
0.449776 0.036961 0.042043 0.022067 0.000746 0.448217 0.000190
0.451952 0.036809 0.041392 0.021782 0.000740 0.447134 0.000191
0.453980 0.036690 0.040624 0.021433 0.000725 0.446353 0.000195
0.456094 0.036711 0.040206 0.021229 0.000711 0.444852 0.000197
0.458202 0.036624 0.039804 0.020963 0.000703 0.443502 0.000201
0.460442 0.036621 0.039248 0.020728 0.000687 0.442072 0.000203
0.462545 0.036657 0.038753 0.020433 0.000679 0.440728 0.000205
0.464546 0.036795 0.038382 0.020224 0.000666 0.439179 0.000207
0.466199 0.037106 0.038045 0.020052 0.000658 0.437733 0.000208
0.467953 0.037207 0.037722 0.019828 0.000645 0.436435 0.000210
0.469943 0.037297 0.037427 0.019617 0.000639 0.434864 0.000213
0.471696 0.037410 0.037157 0.019459 0.000633 0.433431 0.000214
0.473000 0.037623 0.036943 0.019357 0.000617 0.432245 0.000214
0.474766 0.037837 0.036659 0.019212 0.000608 0.430702 0.000217
0.476448 0.037974 0.036382 0.019053 0.000600 0.429320 0.000222
0.477952 0.038354 0.036230 0.018926 0.000587 0.427727 0.000224
0.479271 0.038645 0.036030 0.018845 0.000575 0.426405 0.000229
0.480830 0.038676 0.035893 0.018779 0.000562 0.425029 0.000232
0.482998 0.038234 0.035852 0.018640 0.000558 0.423484 0.000234
0.485035 0.037426 0.035808 0.018499 0.000552 0.422443 0.000237
0.488071 0.036239 0.035693 0.018365 0.000542 0.420852 0.000239
0.491793 0.034745 0.035586 0.018074 0.000533 0.419030 0.000239
0.495080 0.033250 0.035322 0.017776 0.000535 0.417792 0.000244
0.498818 0.031730 0.035016 0.017476 0.000533 0.416184 0.000243
0.502540 0.030250 0.034713 0.017126 0.000528 0.414599 0.000243
0.506211 0.028578 0.034242 0.016702 0.000536 0.413485 0.000246
0.510789 0.026987 0.033779 0.016272 0.000536 0.411389 0.000248
0.515122 0.025362 0.033228 0.015829 0.000529 0.409677 0.000254
0.519288 0.023826 0.032637 0.015348 0.000521 0.408127 0.000253
0.523811 0.022365 0.031995 0.014870 0.000509 0.406195 0.000255
0.527953 0.020948 0.031375 0.014402 0.000504 0.404560 0.000257
0.532509 0.019621 0.030559 0.013875 0.000488 0.402688 0.000260
0.537146 0.018430 0.029717 0.013392 0.000477 0.400577 0.000261
0.541816 0.017280 0.028907 0.012910 0.000461 0.398360 0.000266
0.546640 0.016185 0.028027 0.012397 0.000465 0.396017 0.000269
0.551067 0.015172 0.027185 0.011923 0.000453 0.393931 0.000268
0.555843 0.014158 0.026414 0.011480 0.000437 0.391395 0.000274
0.560249 0.013244 0.025563 0.010996 0.000425 0.389249 0.000274
0.564978 0.012407 0.024688 0.010572 0.000422 0.386660 0.000274
0.569125 0.011488 0.023846 0.010163 0.000423 0.384676 0.000278
0.573736 0.010771 0.023047 0.009695 0.000415 0.382062 0.000274
0.578235 0.010113 0.022208 0.009260 0.000403 0.379504 0.000277
0.582866 0.009469 0.021261 0.008873 0.000393 0.376862 0.000276
0.587615 0.008867 0.020429 0.008465 0.000380 0.373967 0.000277
0.592047 0.008299 0.019667 0.008116 0.000368 0.371225 0.000278
0.596228 0.007743 0.018874 0.007774 0.000364 0.368733 0.000283
0.600572 0.007248 0.018022 0.007410 0.000360 0.366108 0.000281
0.605372 0.006793 0.017237 0.007031 0.000354 0.362931 0.000282
0.609684 0.006387 0.016440 0.006695 0.000344 0.360168 0.000283
0.614326 0.005993 0.015744 0.006372 0.000339 0.356941 0.000285
0.618482 0.005603 0.015040 0.006062 0.000325 0.354202 0.000286
0.623258 0.005241 0.014339 0.005798 0.000314 0.350758 0.000292
0.627385 0.004944 0.013641 0.005528 0.000309 0.347904 0.000289
0.631495 0.004661 0.013066 0.005255 0.000297 0.344936 0.000289
0.636106 0.004407 0.012475 0.004977 0.000292 0.341450 0.000293
0.640341 0.004143 0.011905 0.004731 0.000285 0.338303 0.000292
0.644558 0.003894 0.011394 0.004515 0.000273 0.335073 0.000293
0.648068 0.003667 0.010890 0.004282 0.000269 0.332525 0.000298
0.652159 0.003458 0.010339 0.004052 0.000266 0.329432 0.000294
0.656661 0.003281 0.009832 0.003832 0.000258 0.325841 0.000294
0.660658 0.003084 0.009433 0.003634 0.000249 0.322644 0.000297
0.664571 0.002957 0.008991 0.003466 0.000241 0.319480 0.000294
0.668476 0.002779 0.008522 0.003293 0.000240 0.316395 0.000295
0.672260 0.002611 0.008180 0.003162 0.000234 0.313257 0.000297
0.676082 0.002486 0.007821 0.002987 0.000229 0.310099 0.000295
0.680067 0.002353 0.007414 0.002841 0.000219 0.306805 0.000300
0.684117 0.002225 0.007080 0.002709 0.000215 0.303355 0.000299
0.687750 0.002112 0.006756 0.002583 0.000206 0.300295 0.000298
0.691568 0.002013 0.006426 0.002462 0.000199 0.297032 0.000300
0.695367 0.001890 0.006108 0.002323 0.000193 0.293820 0.000299
0.698547 0.001804 0.005800 0.002215 0.000186 0.291149 0.000299
0.702417 0.001729 0.005547 0.002097 0.000180 0.287730 0.000300
0.706090 0.001630 0.005248 0.002002 0.000177 0.284554 0.000298
0.709146 0.001558 0.005015 0.001912 0.000170 0.281897 0.000301
0.712986 0.001468 0.004753 0.001821 0.000161 0.278506 0.000305
0.716322 0.001388 0.004545 0.001739 0.000144 0.275556 0.000306
0.719984 0.001335 0.004311 0.001627 0.000138 0.272303 0.000302
0.723709 0.001283 0.004106 0.001534 0.000136 0.268928 0.000305
0.727167 0.001227 0.003898 0.001455 0.000132 0.265818 0.000302
0.729879 0.001156 0.003708 0.001411 0.000129 0.263415 0.000302
0.733501 0.001104 0.003514 0.001361 0.000128 0.260086 0.000306
0.737046 0.001032 0.003332 0.001312 0.000126 0.256846 0.000305
0.740167 0.000992 0.003144 0.001260 0.000120 0.254008 0.000308
0.743366 0.000941 0.002956 0.001221 0.000118 0.251089 0.000309
0.746347 0.000909 0.002826 0.001158 0.000111 0.248341 0.000307
0.749753 0.000848 0.002695 0.001086 0.000107 0.245197 0.000314
0.752787 0.000815 0.002563 0.001034 0.000101 0.242392 0.000309
0.755646 0.000785 0.002424 0.000999 0.000096 0.239743 0.000308
0.758740 0.000754 0.002324 0.000955 0.000093 0.236828 0.000307
0.761257 0.000718 0.002216 0.000920 0.000090 0.234492 0.000307
0.764493 0.000674 0.002095 0.000872 0.000087 0.231462 0.000317
0.767817 0.000641 0.002013 0.000828 0.000084 0.228310 0.000308
0.770533 0.000615 0.001912 0.000777 0.000082 0.225770 0.000312
0.773205 0.000599 0.001813 0.000733 0.000080 0.223257 0.000312
0.775876 0.000591 0.001756 0.000703 0.000079 0.220683 0.000311
0.778614 0.000567 0.001671 0.000673 0.000079 0.218082 0.000313
0.781646 0.000561 0.001578 0.000638 0.000075 0.215194 0.000308
0.784101 0.000546 0.001516 0.000622 0.000070 0.212838 0.000307
0.786795 0.000529 0.001418 0.000599 0.000069 0.210276 0.000315
0.789365 0.000516 0.001380 0.000567 0.000071 0.207785 0.000317
0.791955 0.000497 0.001323 0.000552 0.000067 0.205300 0.000307
0.794468 0.000482 0.001265 0.000530 0.000064 0.202886 0.000306
0.797073 0.000465 0.001196 0.000512 0.000061 0.200386 0.000307
0.799652 0.000450 0.001127 0.000491 0.000057 0.197916 0.000308
0.802150 0.000436 0.001102 0.000462 0.000052 0.195490 0.000309
0.804670 0.000406 0.001076 0.000443 0.000050 0.193050 0.000305
0.807378 0.000386 0.001015 0.000420 0.000050 0.190437 0.000315
0.809278 0.000370 0.000997 0.000403 0.000046 0.188594 0.000312
0.812075 0.000355 0.000959 0.000388 0.000046 0.185868 0.000309
0.814283 0.000335 0.000912 0.000369 0.000047 0.183745 0.000308
0.816581 0.000330 0.000876 0.000347 0.000042 0.181512 0.000312
0.819140 0.000315 0.000829 0.000334 0.000042 0.179026 0.000313
0.821268 0.000299 0.000810 0.000315 0.000042 0.176954 0.000311
0.823454 0.000278 0.000768 0.000302 0.000039 0.174848 0.000311
0.825558 0.000277 0.000746 0.000299 0.000038 0.172773 0.000309
0.827746 0.000270 0.000690 0.000289 0.000036 0.170657 0.000312
0.830109 0.000254 0.000666 0.000262 0.000037 0.168361 0.000310
0.832612 0.000241 0.000651 0.000260 0.000035 0.165892 0.000309
0.834473 0.000238 0.000633 0.000247 0.000033 0.164066 0.000310
0.836420 0.000237 0.000588 0.000238 0.000031 0.162171 0.000315
0.838172 0.000239 0.000553 0.000228 0.000029 0.160468 0.000312
0.840354 0.000225 0.000531 0.000216 0.000031 0.158337 0.000306
0.842439 0.000221 0.000519 0.000214 0.000027 0.156270 0.000310
0.844445 0.000212 0.000489 0.000203 0.000029 0.154312 0.000311
0.846541 0.000218 0.000478 0.000201 0.000027 0.152227 0.000307
0.848402 0.000216 0.000457 0.000193 0.000025 0.150401 0.000306
0.850285 0.000220 0.000427 0.000183 0.000025 0.148548 0.000314
0.852241 0.000204 0.000415 0.000179 0.000025 0.146632 0.000305
0.854182 0.000203 0.000389 0.000177 0.000020 0.144723 0.000306
0.856248 0.000198 0.000372 0.000172 0.000022 0.142682 0.000306
0.857956 0.000180 0.000362 0.000159 0.000023 0.141008 0.000312
0.859660 0.000186 0.000346 0.000140 0.000021 0.139335 0.000313
0.861744 0.000182 0.000335 0.000138 0.000018 0.137274 0.000308
0.863364 0.000181 0.000341 0.000137 0.000020 0.135647 0.000310
0.865225 0.000168 0.000325 0.000133 0.000019 0.133826 0.000304
0.866928 0.000164 0.000325 0.000120 0.000021 0.132135 0.000306
0.868324 0.000165 0.000320 0.000121 0.000019 0.130749 0.000303
0.870117 0.000148 0.000304 0.000110 0.000018 0.128997 0.000307
0.871874 0.000149 0.000303 0.000104 0.000016 0.127243 0.000311
0.873478 0.000148 0.000304 0.000099 0.000016 0.125651 0.000305
0.875150 0.000148 0.000301 0.000094 0.000015 0.123985 0.000308
0.876636 0.000146 0.000282 0.000091 0.000016 0.122526 0.000303
0.878238 0.000144 0.000276 0.000093 0.000016 0.120922 0.000310
0.879595 0.000132 0.000261 0.000091 0.000014 0.119601 0.000306
0.881137 0.000128 0.000264 0.000098 0.000011 0.118058 0.000303
0.882884 0.000119 0.000252 0.000092 0.000009 0.116336 0.000309
0.884216 0.000107 0.000233 0.000093 0.000010 0.115036 0.000304
0.886407 0.000110 0.000228 0.000087 0.000011 0.112858 0.000300
0.887559 0.000109 0.000211 0.000087 0.000012 0.111717 0.000305
0.889308 0.000106 0.000199 0.000081 0.000012 0.109996 0.000298
0.890935 0.000111 0.000189 0.000079 0.000011 0.108372 0.000304
0.892012 0.000112 0.000186 0.000077 0.000011 0.107294 0.000307
0.893143 0.000111 0.000188 0.000073 0.000010 0.106168 0.000306
0.894930 0.000107 0.000184 0.000070 0.000010 0.104395 0.000303
0.896351 0.000105 0.000186 0.000067 0.000009 0.102979 0.000303
0.897418 0.000114 0.000170 0.000073 0.000009 0.101912 0.000304
0.898875 0.000109 0.000168 0.000065 0.000011 0.100467 0.000305
0.900758 0.000112 0.000159 0.000067 0.000011 0.098586 0.000308
0.901436 0.000106 0.000155 0.000067 0.000010 0.097926 0.000300
0.903147 0.000096 0.000141 0.000063 0.000011 0.096246 0.000296
0.904385 0.000101 0.000158 0.000066 0.000010 0.094989 0.000291
0.906023 0.000098 0.000158 0.000065 0.000010 0.093350 0.000296
0.907649 0.000098 0.000149 0.000059 0.000010 0.091733 0.000301
0.908581 0.000097 0.000154 0.000065 0.000012 0.090795 0.000297
0.909589 0.000091 0.000144 0.000060 0.000010 0.089816 0.000290
0.911055 0.000104 0.000145 0.000061 0.000009 0.088340 0.000287
0.912046 0.000094 0.000153 0.000058 0.000009 0.087354 0.000287
0.913172 0.000097 0.000144 0.000060 0.000009 0.086235 0.000284
0.914773 0.000090 0.000133 0.000059 0.000011 0.084644 0.000289
0.915996 0.000088 0.000137 0.000059 0.000010 0.083410 0.000300
0.916764 0.000089 0.000130 0.000057 0.000009 0.082665 0.000286
0.918109 0.000086 0.000125 0.000063 0.000011 0.081321 0.000284
0.919242 0.000095 0.000124 0.000056 0.000013 0.080188 0.000284
0.920093 0.000095 0.000121 0.000059 0.000013 0.079335 0.000285
0.920955 0.000091 0.000124 0.000052 0.000012 0.078484 0.000282
0.922717 0.000099 0.000123 0.000053 0.000012 0.076728 0.000267
0.923476 0.000108 0.000120 0.000054 0.000011 0.075959 0.000272
0.924414 0.000100 0.000127 0.000050 0.000009 0.075022 0.000278
0.925644 0.000104 0.000138 0.000053 0.000008 0.073791 0.000262
0.926704 0.000082 0.000122 0.000050 0.000008 0.072769 0.000264
0.927437 0.000087 0.000121 0.000049 0.000009 0.072031 0.000266
0.928154 0.000074 0.000111 0.000043 0.000011 0.071341 0.000266
0.929445 0.000072 0.000110 0.000043 0.000011 0.070055 0.000263
0.929935 0.000076 0.000118 0.000044 0.000010 0.069546 0.000271
0.931452 0.000066 0.000110 0.000042 0.000007 0.068052 0.000270
0.932429 0.000056 0.000100 0.000037 0.000009 0.067101 0.000267
0.933392 0.000060 0.000105 0.000041 0.000010 0.066127 0.000265
0.934917 0.000052 0.000116 0.000033 0.000008 0.064640 0.000234
0.934937 0.000068 0.000116 0.000037 0.000008 0.064571 0.000262
0.935679 0.000066 0.000111 0.000032 0.000009 0.063835 0.000268
0.936536 0.000059 0.000109 0.000033 0.000008 0.062996 0.000259
0.937220 0.000066 0.000104 0.000030 0.000008 0.062298 0.000273
0.938168 0.000059 0.000102 0.000024 0.000008 0.061383 0.000256
0.939146 0.000057 0.000102 0.000029 0.000009 0.060402 0.000255
0.950648 0.000017 0.000030 0.000009 0.000003 0.049107 0.000186
