0.347616 0.062406 0.055794 0.031991 0.002052 0.494214 0.005928 1.620623
0.349427 0.060767 0.055664 0.031964 0.002059 0.494162 0.005959 1.626657
0.351667 0.058652 0.055573 0.031779 0.002057 0.494289 0.005983 1.632607
0.354298 0.056575 0.055264 0.031495 0.002060 0.494297 0.006013 1.638195
0.357092 0.054403 0.054794 0.031150 0.002053 0.494471 0.006038 1.643599
0.360147 0.052237 0.054352 0.030768 0.002047 0.494387 0.006062 1.648845
0.363526 0.050131 0.053597 0.030341 0.002049 0.494266 0.006090 1.653777
0.367047 0.048136 0.052860 0.029775 0.002033 0.494038 0.006112 1.658477
0.370557 0.046154 0.052059 0.029287 0.002033 0.493777 0.006134 1.663051
0.374226 0.044281 0.051268 0.028813 0.002032 0.493219 0.006160 1.667458
0.378004 0.042447 0.050387 0.028262 0.002020 0.492688 0.006192 1.671703
0.381920 0.040650 0.049559 0.027727 0.002016 0.491911 0.006217 1.675778
0.385834 0.038960 0.048579 0.027059 0.002006 0.491318 0.006245 1.679706
0.389796 0.037493 0.047486 0.026379 0.001992 0.490582 0.006272 1.683396
0.393733 0.036063 0.046463 0.025803 0.001976 0.489664 0.006298 1.686973
0.397769 0.034647 0.045476 0.025155 0.001964 0.488671 0.006317 1.690455
0.401873 0.033286 0.044488 0.024501 0.001944 0.487570 0.006339 1.693804
0.405990 0.032011 0.043473 0.023909 0.001935 0.486325 0.006357 1.697035
0.410225 0.030872 0.042415 0.023281 0.001921 0.484903 0.006382 1.700110
0.414425 0.029827 0.041313 0.022642 0.001907 0.483475 0.006412 1.703038
0.418675 0.028798 0.040325 0.022011 0.001876 0.481876 0.006440 1.705932
0.422840 0.027908 0.039276 0.021457 0.001854 0.480201 0.006464 1.708681
0.427145 0.026971 0.038340 0.020857 0.001820 0.478379 0.006487 1.711406
0.431318 0.026157 0.037356 0.020317 0.001803 0.476538 0.006511 1.713995
0.435409 0.025454 0.036353 0.019740 0.001769 0.474743 0.006530 1.716449
0.439627 0.024805 0.035409 0.019176 0.001756 0.472674 0.006552 1.718837
0.443787 0.024126 0.034448 0.018635 0.001738 0.470690 0.006575 1.721211
0.448045 0.023468 0.033564 0.018124 0.001718 0.468487 0.006595 1.723545
0.452149 0.022904 0.032663 0.017567 0.001693 0.466407 0.006616 1.725770
0.456222 0.022433 0.031792 0.017071 0.001668 0.464181 0.006632 1.727929
0.460444 0.021929 0.030965 0.016574 0.001642 0.461796 0.006651 1.730032
0.464635 0.021383 0.030282 0.016128 0.001610 0.459292 0.006670 1.732181
0.468848 0.020915 0.029460 0.015705 0.001580 0.456798 0.006694 1.734219
0.473045 0.020405 0.028734 0.015290 0.001550 0.454260 0.006716 1.736272
0.477271 0.019954 0.027997 0.014904 0.001509 0.451628 0.006738 1.738253
0.481327 0.019558 0.027292 0.014503 0.001474 0.449089 0.006759 1.740189
0.485480 0.019230 0.026594 0.014099 0.001457 0.446367 0.006773 1.742044
0.489587 0.018829 0.025894 0.013773 0.001430 0.443696 0.006792 1.743892
0.493693 0.018456 0.025269 0.013424 0.001408 0.440943 0.006805 1.745734
0.497717 0.018164 0.024613 0.013051 0.001369 0.438260 0.006827 1.747507
0.501697 0.017863 0.024059 0.012751 0.001342 0.435443 0.006845 1.749287
0.505736 0.017609 0.023489 0.012447 0.001311 0.432547 0.006862 1.751014
0.509760 0.017282 0.023004 0.012152 0.001287 0.429637 0.006879 1.752752
0.513634 0.017046 0.022427 0.011837 0.001257 0.426905 0.006892 1.754413
0.517566 0.016790 0.021942 0.011590 0.001228 0.423976 0.006909 1.756052
0.521371 0.016645 0.021411 0.011306 0.001199 0.421139 0.006930 1.757630
0.525209 0.016477 0.020933 0.011081 0.001172 0.418183 0.006945 1.759220
0.528958 0.016353 0.020525 0.010833 0.001143 0.415226 0.006961 1.760794
0.532720 0.016176 0.020138 0.010601 0.001117 0.412272 0.006977 1.762384
0.536390 0.016097 0.019759 0.010397 0.001090 0.409274 0.006993 1.763939
0.540179 0.015985 0.019385 0.010162 0.001062 0.406222 0.007006 1.765496
0.543843 0.015860 0.019034 0.009999 0.001034 0.403209 0.007021 1.767027
0.547355 0.015807 0.018727 0.009832 0.001016 0.400234 0.007029 1.768551
0.550941 0.015690 0.018399 0.009674 0.000993 0.397262 0.007041 1.770073
0.554435 0.015640 0.018096 0.009508 0.000970 0.394299 0.007052 1.771597
0.557892 0.015496 0.017790 0.009360 0.000950 0.391450 0.007062 1.773136
0.561291 0.015393 0.017542 0.009226 0.000921 0.388552 0.007075 1.774699
0.564815 0.015208 0.017309 0.009075 0.000907 0.385602 0.007086 1.776214
0.568269 0.015166 0.017059 0.008938 0.000888 0.382579 0.007101 1.777661
0.571658 0.015114 0.016825 0.008794 0.000873 0.379627 0.007109 1.779131
0.574937 0.015077 0.016621 0.008644 0.000866 0.376736 0.007120 1.780608
0.578165 0.015064 0.016436 0.008517 0.000844 0.373842 0.007134 1.782059
0.581363 0.014985 0.016251 0.008413 0.000829 0.371015 0.007145 1.783540
0.584546 0.014959 0.016104 0.008289 0.000813 0.368136 0.007154 1.784991
0.587678 0.014960 0.015918 0.008176 0.000791 0.365312 0.007167 1.786440
0.590762 0.014981 0.015714 0.008082 0.000774 0.362510 0.007177 1.787886
0.593875 0.014989 0.015578 0.008034 0.000762 0.359577 0.007185 1.789354
0.596849 0.014939 0.015466 0.007955 0.000756 0.356843 0.007192 1.790858
0.599878 0.014880 0.015374 0.007904 0.000740 0.354023 0.007201 1.792352
0.602859 0.014770 0.015237 0.007865 0.000726 0.351338 0.007206 1.793856
0.605697 0.014798 0.015127 0.007812 0.000726 0.348628 0.007213 1.795306
0.608594 0.014742 0.015001 0.007776 0.000704 0.345958 0.007225 1.796780
0.611479 0.014735 0.014877 0.007737 0.000691 0.343249 0.007233 1.798229
0.614225 0.014816 0.014747 0.007686 0.000670 0.340612 0.007245 1.799638
0.616899 0.014850 0.014665 0.007645 0.000653 0.338033 0.007255 1.801114
0.619684 0.014850 0.014548 0.007571 0.000639 0.335446 0.007263 1.802541
0.622365 0.014895 0.014485 0.007526 0.000633 0.332827 0.007269 1.803981
0.624993 0.014940 0.014420 0.007492 0.000618 0.330263 0.007275 1.805449
0.627604 0.014949 0.014355 0.007454 0.000609 0.327748 0.007281 1.806937
0.630201 0.014956 0.014340 0.007396 0.000599 0.325220 0.007289 1.808407
0.632685 0.015020 0.014317 0.007371 0.000583 0.322728 0.007295 1.809874
0.635246 0.015048 0.014235 0.007330 0.000569 0.320271 0.007301 1.811345
0.637721 0.015125 0.014217 0.007320 0.000555 0.317752 0.007310 1.812834
0.640115 0.015191 0.014172 0.007318 0.000540 0.315345 0.007320 1.814336
0.642428 0.015307 0.014117 0.007269 0.000534 0.313021 0.007325 1.815797
0.644748 0.015384 0.014119 0.007304 0.000518 0.310592 0.007333 1.817324
0.646995 0.015522 0.014054 0.007333 0.000516 0.308243 0.007337 1.818824
0.649230 0.015671 0.014033 0.007314 0.000509 0.305900 0.007343 1.820311
0.651376 0.015766 0.014044 0.007309 0.000503 0.303652 0.007349 1.821855
0.653537 0.015875 0.014079 0.007326 0.000491 0.301338 0.007354 1.823438
0.655649 0.015978 0.014067 0.007301 0.000481 0.299165 0.007359 1.824999
0.657682 0.016129 0.014088 0.007298 0.000476 0.296966 0.007362 1.826548
0.659701 0.016279 0.014093 0.007315 0.000464 0.294778 0.007369 1.828080
0.661668 0.016409 0.014109 0.007359 0.000454 0.292625 0.007376 1.829687
0.663562 0.016477 0.014196 0.007438 0.000449 0.290499 0.007380 1.831374
0.665416 0.016640 0.014274 0.007449 0.000439 0.288397 0.007386 1.832970
0.667258 0.016701 0.014356 0.007466 0.000434 0.286393 0.007392 1.834661
0.669136 0.016784 0.014412 0.007504 0.000434 0.284335 0.007396 1.836328
0.670904 0.016923 0.014461 0.007525 0.000426 0.282359 0.007402 1.837986
0.672632 0.017049 0.014485 0.007527 0.000421 0.280480 0.007407 1.839643
0.674290 0.017206 0.014517 0.007580 0.000419 0.278579 0.007410 1.841307
0.675876 0.017425 0.014570 0.007591 0.000404 0.276719 0.007415 1.842975
0.677380 0.017645 0.014665 0.007590 0.000393 0.274906 0.007422 1.844672
0.678810 0.017855 0.014767 0.007634 0.000387 0.273119 0.007428 1.846412
0.680327 0.017985 0.014876 0.007695 0.000378 0.271307 0.007432 1.848203
0.681770 0.018175 0.014988 0.007702 0.000376 0.269554 0.007435 1.849969
0.683278 0.018325 0.015131 0.007760 0.000374 0.267692 0.007440 1.851770
0.684655 0.018510 0.015255 0.007827 0.000372 0.265938 0.007445 1.853576
0.685991 0.018742 0.015359 0.007883 0.000371 0.264208 0.007447 1.855392
0.687228 0.018947 0.015484 0.007960 0.000368 0.262562 0.007452 1.857229
0.688433 0.019141 0.015623 0.008035 0.000368 0.260945 0.007455 1.859070
0.689564 0.019300 0.015779 0.008085 0.000364 0.259448 0.007461 1.860983
0.690735 0.019421 0.015908 0.008153 0.000363 0.257957 0.007463 1.862916
0.691769 0.019656 0.016097 0.008244 0.000356 0.256410 0.007469 1.864887
0.692850 0.019921 0.016169 0.008285 0.000349 0.254950 0.007476 1.866785
0.693866 0.020091 0.016281 0.008342 0.000351 0.253589 0.007481 1.868747
0.694830 0.020314 0.016390 0.008407 0.000352 0.252223 0.007484 1.870692
0.695748 0.020473 0.016577 0.008474 0.000351 0.250892 0.007487 1.872751
0.696650 0.020705 0.016703 0.008573 0.000346 0.249533 0.007489 1.874750
0.697473 0.020890 0.016882 0.008630 0.000345 0.248286 0.007494 1.876805
0.698309 0.021149 0.017006 0.008710 0.000339 0.246988 0.007499 1.878847
0.699088 0.021401 0.017138 0.008772 0.000334 0.245765 0.007502 1.880903
0.699817 0.021659 0.017300 0.008843 0.000339 0.244539 0.007504 1.882975
0.700431 0.021923 0.017429 0.008921 0.000339 0.243449 0.007508 1.885087
0.701045 0.022151 0.017619 0.009034 0.000335 0.242306 0.007510 1.887258
0.701705 0.022316 0.017796 0.009102 0.000334 0.241236 0.007512 1.889448
0.702344 0.022508 0.017957 0.009197 0.000339 0.240141 0.007515 1.891607
0.702953 0.022637 0.018112 0.009337 0.000336 0.239108 0.007518 1.893874
0.703549 0.022814 0.018332 0.009427 0.000334 0.238021 0.007524 1.896109
0.704136 0.022982 0.018507 0.009524 0.000332 0.236993 0.007528 1.898350
0.704664 0.023121 0.018671 0.009613 0.000329 0.236072 0.007531 1.900620
0.705182 0.023340 0.018855 0.009679 0.000332 0.235078 0.007534 1.902900
0.705624 0.023608 0.019067 0.009700 0.000330 0.234134 0.007537 1.905166
0.706030 0.023843 0.019242 0.009751 0.000336 0.233259 0.007540 1.907487
0.706476 0.023995 0.019456 0.009851 0.000337 0.232344 0.007543 1.909868
0.706737 0.024281 0.019619 0.009964 0.000340 0.231514 0.007546 1.912219
0.707026 0.024500 0.019766 0.010096 0.000342 0.230722 0.007549 1.914600
0.707234 0.024774 0.019973 0.010135 0.000344 0.229990 0.007552 1.917000
0.707467 0.024907 0.020139 0.010228 0.000344 0.229363 0.007554 1.919490
0.707706 0.025092 0.020314 0.010315 0.000345 0.228673 0.007556 1.921940
0.707940 0.025248 0.020453 0.010489 0.000349 0.227963 0.007559 1.924418
0.708105 0.025397 0.020629 0.010537 0.000357 0.227413 0.007562 1.926917
0.708239 0.025548 0.020882 0.010636 0.000358 0.226769 0.007567 1.929451
0.708323 0.025795 0.021026 0.010729 0.000361 0.226198 0.007569 1.931944
0.708353 0.026053 0.021197 0.010843 0.000358 0.225623 0.007574 1.934491
0.708403 0.026311 0.021350 0.010922 0.000364 0.225076 0.007576 1.937021
0.708512 0.026528 0.021463 0.011049 0.000358 0.224511 0.007579 1.939563
0.708560 0.026699 0.021597 0.011109 0.000358 0.224094 0.007584 1.942147
0.708519 0.026868 0.021769 0.011225 0.000362 0.223673 0.007586 1.944757
0.708570 0.026927 0.021994 0.011338 0.000371 0.223211 0.007589 1.947439
0.708518 0.027104 0.022143 0.011449 0.000377 0.222817 0.007591 1.950078
0.708489 0.027296 0.022209 0.011571 0.000387 0.222455 0.007594 1.952706
0.708535 0.027331 0.022359 0.011657 0.000391 0.222131 0.007597 1.955418
0.708413 0.027462 0.022588 0.011706 0.000390 0.221839 0.007603 1.958126
0.708301 0.027585 0.022777 0.011772 0.000395 0.221562 0.007607 1.960839
0.708340 0.027667 0.022922 0.011848 0.000399 0.221214 0.007610 1.963553
0.708250 0.027834 0.023023 0.011872 0.000411 0.220996 0.007615 1.966256
0.708193 0.027976 0.023141 0.011953 0.000411 0.220709 0.007618 1.968980
0.708169 0.027969 0.023323 0.012045 0.000409 0.220463 0.007622 1.971792
0.708027 0.028150 0.023385 0.012088 0.000412 0.220310 0.007628 1.974503
0.707917 0.028293 0.023475 0.012156 0.000417 0.220112 0.007630 1.977208
0.707749 0.028399 0.023691 0.012295 0.000426 0.219807 0.007633 1.980029
0.707615 0.028463 0.023804 0.012367 0.000427 0.219688 0.007638 1.982832
0.707511 0.028623 0.023957 0.012400 0.000429 0.219441 0.007640 1.985592
0.707315 0.028758 0.024030 0.012391 0.000439 0.219424 0.007644 1.988329
0.707087 0.028857 0.024215 0.012482 0.000438 0.219274 0.007648 1.991177
0.706908 0.028897 0.024376 0.012599 0.000439 0.219128 0.007653 1.994028
0.706705 0.029020 0.024571 0.012589 0.000436 0.219023 0.007656 1.996851
0.706557 0.029057 0.024672 0.012624 0.000438 0.218992 0.007659 1.999687
0.706412 0.029141 0.024759 0.012669 0.000446 0.218912 0.007661 2.002504
0.706183 0.029251 0.024856 0.012726 0.000453 0.218865 0.007665 2.005350
0.706092 0.029239 0.024944 0.012774 0.000455 0.218827 0.007670 2.008217
0.705887 0.029320 0.025033 0.012860 0.000460 0.218767 0.007673 2.011035
0.705770 0.029292 0.025115 0.012888 0.000463 0.218794 0.007678 2.013926
0.705613 0.029297 0.025220 0.012936 0.000471 0.218782 0.007680 2.016811
0.705447 0.029320 0.025310 0.012972 0.000479 0.218789 0.007684 2.019671
0.705280 0.029383 0.025392 0.013017 0.000478 0.218761 0.007689 2.022525
0.705153 0.029339 0.025489 0.013078 0.000478 0.218769 0.007694 2.025433
0.704987 0.029310 0.025613 0.013158 0.000479 0.218752 0.007701 2.028365
0.704882 0.029189 0.025762 0.013194 0.000482 0.218785 0.007706 2.031327
0.704686 0.029200 0.025780 0.013249 0.000488 0.218885 0.007711 2.034263
0.704489 0.029257 0.025770 0.013262 0.000493 0.219013 0.007715 2.037069
0.704372 0.029222 0.025903 0.013279 0.000487 0.219016 0.007722 2.039987
0.704161 0.029231 0.025918 0.013334 0.000493 0.219140 0.007723 2.042882
0.703956 0.029266 0.025937 0.013369 0.000491 0.219252 0.007728 2.045725
0.703817 0.029301 0.025997 0.013379 0.000493 0.219281 0.007732 2.048614
0.703658 0.029338 0.026041 0.013420 0.000498 0.219307 0.007737 2.051482
0.703505 0.029296 0.026066 0.013422 0.000499 0.219469 0.007743 2.054366
0.703413 0.029230 0.026067 0.013431 0.000507 0.219602 0.007749 2.057266
0.703386 0.029329 0.026012 0.013391 0.000505 0.219622 0.007756 2.060002
0.703216 0.029415 0.026022 0.013401 0.000513 0.219675 0.007757 2.062818
0.703161 0.029345 0.026009 0.013449 0.000513 0.219763 0.007760 2.065692
0.703147 0.029343 0.026014 0.013446 0.000520 0.219769 0.007762 2.068511
0.703069 0.029320 0.026001 0.013452 0.000518 0.219873 0.007767 2.071309
0.702940 0.029290 0.026050 0.013451 0.000521 0.219977 0.007769 2.074206
0.702869 0.029298 0.026041 0.013470 0.000525 0.220025 0.007772 2.077024
0.702845 0.029172 0.026121 0.013398 0.000525 0.220162 0.007779 2.079934
0.702830 0.029137 0.026132 0.013406 0.000532 0.220180 0.007782 2.082754
0.702828 0.029017 0.026189 0.013436 0.000531 0.220210 0.007789 2.085654
0.702881 0.028919 0.026167 0.013466 0.000532 0.220244 0.007792 2.088499
0.702870 0.028941 0.026196 0.013426 0.000536 0.220233 0.007798 2.091272
0.702763 0.028975 0.026169 0.013441 0.000527 0.220322 0.007802 2.094076
0.702791 0.028863 0.026125 0.013423 0.000523 0.220468 0.007809 2.096945
0.702792 0.028827 0.026139 0.013432 0.000520 0.220477 0.007813 2.099762
0.702793 0.028767 0.026099 0.013396 0.000519 0.220607 0.007819 2.102582
0.702774 0.028650 0.026148 0.013385 0.000523 0.220697 0.007823 2.105449
0.702787 0.028629 0.026068 0.013375 0.000534 0.220779 0.007826 2.108188
0.702891 0.028560 0.026042 0.013342 0.000531 0.220803 0.007831 2.110964
0.702853 0.028506 0.025993 0.013325 0.000532 0.220955 0.007836 2.113752
0.702934 0.028354 0.025992 0.013358 0.000527 0.220992 0.007843 2.116555
0.702969 0.028290 0.026011 0.013371 0.000528 0.220983 0.007847 2.119358
0.702989 0.028192 0.025980 0.013371 0.000534 0.221080 0.007855 2.122155
0.703113 0.028055 0.025921 0.013346 0.000539 0.221163 0.007862 2.124934
0.703226 0.027975 0.025940 0.013325 0.000539 0.221129 0.007865 2.127707
0.703420 0.027904 0.025843 0.013252 0.000541 0.221170 0.007870 2.130380
0.703512 0.027852 0.025879 0.013254 0.000542 0.221084 0.007877 2.133097
0.703557 0.027859 0.025796 0.013218 0.000538 0.221151 0.007880 2.135776
0.703590 0.027797 0.025827 0.013173 0.000543 0.221183 0.007886 2.138531
0.703654 0.027769 0.025805 0.013130 0.000551 0.221202 0.007889 2.141240
0.703795 0.027706 0.025770 0.013091 0.000550 0.221194 0.007894 2.143926
0.703896 0.027697 0.025701 0.013083 0.000542 0.221183 0.007898 2.146609
0.704139 0.027622 0.025580 0.013054 0.000539 0.221160 0.007906 2.149280
0.704332 0.027517 0.025565 0.013041 0.000533 0.221098 0.007914 2.151984
0.704492 0.027470 0.025483 0.013023 0.000531 0.221083 0.007918 2.154629
0.704651 0.027299 0.025539 0.013023 0.000527 0.221040 0.007924 2.157394
0.704789 0.027291 0.025434 0.012960 0.000520 0.221074 0.007932 2.160022
0.704987 0.027242 0.025353 0.012938 0.000520 0.221023 0.007935 2.162665
0.705239 0.027182 0.025347 0.012882 0.000521 0.220888 0.007941 2.165296
0.705499 0.027045 0.025326 0.012814 0.000527 0.220841 0.007947 2.167935
0.705593 0.027116 0.025217 0.012788 0.000525 0.220810 0.007952 2.170534
0.705766 0.027021 0.025151 0.012766 0.000522 0.220819 0.007956 2.173222
0.705969 0.026925 0.025149 0.012769 0.000516 0.220711 0.007962 2.175895
0.706145 0.026849 0.025117 0.012727 0.000514 0.220680 0.007968 2.178544
0.706350 0.026788 0.025017 0.012694 0.000513 0.220665 0.007972 2.181120
0.706569 0.026681 0.024943 0.012720 0.000513 0.220595 0.007979 2.183773
0.706720 0.026570 0.024870 0.012687 0.000515 0.220656 0.007983 2.186385
0.706989 0.026454 0.024860 0.012661 0.000519 0.220529 0.007988 2.189023
0.707262 0.026401 0.024824 0.012600 0.000522 0.220395 0.007995 2.191621
0.707479 0.026374 0.024746 0.012572 0.000516 0.220313 0.008000 2.194185
0.707690 0.026270 0.024754 0.012551 0.000512 0.220219 0.008004 2.196823
0.707811 0.026233 0.024678 0.012576 0.000511 0.220186 0.008007 2.199411
0.708009 0.026273 0.024600 0.012536 0.000509 0.220061 0.008012 2.201923
0.708183 0.026294 0.024559 0.012506 0.000510 0.219930 0.008017 2.204485
0.708314 0.026333 0.024469 0.012461 0.000516 0.219886 0.008021 2.207022
0.708566 0.026229 0.024521 0.012433 0.000508 0.219714 0.008028 2.209678
0.708757 0.026234 0.024451 0.012365 0.000512 0.219644 0.008036 2.212242
0.709005 0.026195 0.024413 0.012325 0.000515 0.219507 0.008039 2.214802
0.709249 0.026183 0.024369 0.012300 0.000518 0.219339 0.008043 2.217353
0.709460 0.026122 0.024321 0.012294 0.000525 0.219230 0.008049 2.219938
0.709717 0.026050 0.024230 0.012323 0.000520 0.219107 0.008053 2.222474
0.709998 0.026038 0.024192 0.012250 0.000520 0.218944 0.008057 2.224998
0.710162 0.026024 0.024095 0.012256 0.000520 0.218880 0.008063 2.227530
0.710360 0.025976 0.024084 0.012234 0.000518 0.218760 0.008069 2.230074
0.710581 0.025929 0.023998 0.012218 0.000510 0.218690 0.008074 2.232594
0.710735 0.025948 0.023970 0.012210 0.000507 0.218550 0.008079 2.235137
0.710967 0.025886 0.023912 0.012215 0.000503 0.218431 0.008085 2.237682
0.711182 0.025932 0.023823 0.012150 0.000499 0.218322 0.008091 2.240176
0.711345 0.025955 0.023793 0.012143 0.000499 0.218170 0.008095 2.242695
0.711604 0.025907 0.023780 0.012115 0.000493 0.217998 0.008103 2.245226
0.711837 0.025866 0.023766 0.012147 0.000494 0.217781 0.008109 2.247754
0.712118 0.025860 0.023722 0.012112 0.000493 0.217583 0.008111 2.250221
0.712406 0.025810 0.023662 0.012092 0.000494 0.217422 0.008115 2.252689
0.712647 0.025661 0.023722 0.012091 0.000492 0.217266 0.008120 2.255282
0.712927 0.025581 0.023753 0.012107 0.000492 0.217017 0.008122 2.257826
0.713064 0.025593 0.023742 0.012103 0.000498 0.216875 0.008126 2.260320
0.713361 0.025582 0.023685 0.012044 0.000500 0.216696 0.008132 2.262779
0.713656 0.025551 0.023660 0.012035 0.000493 0.216468 0.008136 2.265263
0.713974 0.025475 0.023623 0.012009 0.000495 0.216284 0.008142 2.267762
0.714281 0.025422 0.023612 0.012013 0.000493 0.216033 0.008145 2.270274
0.714594 0.025366 0.023558 0.012002 0.000498 0.215835 0.008148 2.272747
0.714732 0.025342 0.023555 0.012004 0.000495 0.215720 0.008152 2.275226
0.714929 0.025306 0.023516 0.012048 0.000486 0.215557 0.008158 2.277722
0.715179 0.025294 0.023446 0.011994 0.000485 0.215439 0.008164 2.280198
0.715338 0.025301 0.023472 0.011967 0.000482 0.215272 0.008168 2.282683
0.715562 0.025384 0.023350 0.011920 0.000487 0.215124 0.008174 2.285073
0.715867 0.025250 0.023355 0.011922 0.000487 0.214941 0.008178 2.287587
0.716062 0.025338 0.023304 0.011913 0.000482 0.214719 0.008182 2.289998
0.716259 0.025297 0.023280 0.011864 0.000495 0.214618 0.008187 2.292500
0.716493 0.025306 0.023262 0.011822 0.000499 0.214427 0.008192 2.294966
0.716653 0.025323 0.023188 0.011863 0.000493 0.214285 0.008195 2.297415
0.716921 0.025235 0.023220 0.011814 0.000496 0.214116 0.008198 2.299924
0.717133 0.025262 0.023203 0.011774 0.000491 0.213935 0.008203 2.302352
0.717323 0.025225 0.023207 0.011763 0.000492 0.213780 0.008210 2.304844
0.717524 0.025255 0.023204 0.011713 0.000489 0.213596 0.008218 2.307287
0.717788 0.025201 0.023158 0.011704 0.000486 0.213442 0.008221 2.309763
0.717944 0.025201 0.023138 0.011726 0.000483 0.213285 0.008224 2.312257
0.718250 0.025213 0.023084 0.011704 0.000481 0.213038 0.008229 2.314674
0.718492 0.025228 0.022990 0.011665 0.000482 0.212907 0.008235 2.317087
0.718564 0.025286 0.023010 0.011626 0.000484 0.212786 0.008243 2.319536
0.718730 0.025249 0.022999 0.011631 0.000484 0.212660 0.008247 2.322016
0.719003 0.025222 0.023043 0.011592 0.000491 0.212397 0.008251 2.324491
0.719095 0.025327 0.023005 0.011592 0.000490 0.212237 0.008256 2.326915
0.719290 0.025330 0.023033 0.011589 0.000484 0.212012 0.008261 2.329393
0.719430 0.025367 0.023013 0.011596 0.000489 0.211840 0.008265 2.331864
0.719587 0.025341 0.022963 0.011599 0.000485 0.211755 0.008270 2.334351
0.719693 0.025322 0.022980 0.011614 0.000486 0.211633 0.008273 2.336826
0.719801 0.025339 0.023024 0.011605 0.000490 0.211465 0.008277 2.339323
0.719991 0.025355 0.022997 0.011613 0.000499 0.211264 0.008281 2.341795
0.720062 0.025366 0.022973 0.011596 0.000500 0.211219 0.008285 2.344292
0.720222 0.025340 0.023021 0.011559 0.000503 0.211066 0.008288 2.346778
0.720308 0.025406 0.023026 0.011597 0.000496 0.210872 0.008295 2.349243
0.720533 0.025321 0.023048 0.011664 0.000490 0.210647 0.008298 2.351772
0.720617 0.025374 0.022998 0.011669 0.000482 0.210556 0.008305 2.354257
0.720705 0.025434 0.022966 0.011673 0.000480 0.210433 0.008310 2.356742
0.720838 0.025415 0.023006 0.011697 0.000486 0.210244 0.008314 2.359233
0.720983 0.025411 0.023004 0.011741 0.000488 0.210056 0.008318 2.361730
0.721209 0.025326 0.023030 0.011767 0.000494 0.209852 0.008323 2.364262
0.721377 0.025382 0.023002 0.011719 0.000488 0.209706 0.008325 2.366735
0.721531 0.025288 0.022997 0.011758 0.000487 0.209609 0.008330 2.369261
0.721725 0.025240 0.022977 0.011758 0.000477 0.209490 0.008333 2.371741
0.721772 0.025388 0.022910 0.011746 0.000480 0.209364 0.008340 2.374142
0.721965 0.025353 0.022958 0.011758 0.000475 0.209143 0.008347 2.376663
0.722070 0.025332 0.022974 0.011782 0.000477 0.209011 0.008353 2.379184
0.722103 0.025391 0.022982 0.011731 0.000476 0.208962 0.008355 2.381662
0.722109 0.025375 0.023008 0.011759 0.000474 0.208916 0.008359 2.384179
0.722172 0.025419 0.023045 0.011772 0.000476 0.208753 0.008363 2.386680
0.722270 0.025403 0.023104 0.011774 0.000481 0.208602 0.008365 2.389203
0.722381 0.025513 0.023031 0.011772 0.000482 0.208451 0.008371 2.391645
0.722516 0.025487 0.023039 0.011784 0.000479 0.208319 0.008375 2.394149
0.722574 0.025593 0.022998 0.011777 0.000483 0.208197 0.008378 2.396604
0.722669 0.025590 0.023064 0.011790 0.000486 0.208018 0.008383 2.399136
0.722726 0.025639 0.023137 0.011797 0.000483 0.207830 0.008387 2.401623
0.722679 0.025686 0.023148 0.011841 0.000476 0.207777 0.008393 2.404162
0.722764 0.025705 0.023147 0.011852 0.000478 0.207656 0.008399 2.406647
0.722876 0.025627 0.023241 0.011810 0.000472 0.207571 0.008403 2.409200
0.722929 0.025625 0.023264 0.011764 0.000474 0.207535 0.008407 2.411741
0.722932 0.025658 0.023369 0.011738 0.000475 0.207420 0.008410 2.414299
0.722976 0.025761 0.023365 0.011716 0.000472 0.207295 0.008415 2.416746
0.722924 0.025834 0.023293 0.011774 0.000481 0.207276 0.008418 2.419278
0.722950 0.025814 0.023330 0.011820 0.000472 0.207193 0.008422 2.421856
0.722998 0.025877 0.023344 0.011860 0.000475 0.207023 0.008425 2.424379
0.723039 0.025872 0.023348 0.011890 0.000475 0.206947 0.008429 2.426950
0.723046 0.025886 0.023365 0.011901 0.000473 0.206898 0.008431 2.429486
0.723067 0.025819 0.023356 0.011970 0.000476 0.206875 0.008436 2.432096
0.723123 0.025864 0.023343 0.011941 0.000482 0.206805 0.008442 2.434625
0.723200 0.025893 0.023399 0.011898 0.000481 0.206680 0.008449 2.437118
0.723255 0.025946 0.023399 0.011888 0.000480 0.206578 0.008454 2.439657
0.723333 0.025909 0.023544 0.011912 0.000483 0.206360 0.008458 2.442260
0.723340 0.025989 0.023493 0.011914 0.000481 0.206320 0.008463 2.444730
0.723348 0.026040 0.023480 0.011894 0.000483 0.206290 0.008466 2.447236
0.723365 0.026039 0.023485 0.011925 0.000484 0.206231 0.008470 2.449815
0.723313 0.026175 0.023473 0.011889 0.000487 0.206188 0.008475 2.452275
0.723264 0.026237 0.023578 0.011877 0.000490 0.206072 0.008481 2.454815
0.723237 0.026221 0.023648 0.011868 0.000494 0.206047 0.008484 2.457413
0.723221 0.026333 0.023580 0.011832 0.000499 0.206047 0.008489 2.459926
0.723188 0.026379 0.023524 0.011884 0.000500 0.206034 0.008492 2.462501
0.723321 0.026351 0.023531 0.011873 0.000507 0.205921 0.008496 2.465013
0.723261 0.026316 0.023598 0.011947 0.000519 0.205859 0.008500 2.467664
0.723225 0.026347 0.023605 0.011980 0.000523 0.205817 0.008504 2.470230
0.723269 0.026312 0.023623 0.012047 0.000519 0.205723 0.008506 2.472833
0.723369 0.026297 0.023605 0.012069 0.000514 0.205631 0.008516 2.475370
0.723320 0.026306 0.023661 0.012080 0.000516 0.205599 0.008519 2.477950
0.723225 0.026420 0.023695 0.012048 0.000513 0.205573 0.008526 2.480527
0.723300 0.026386 0.023694 0.012098 0.000511 0.205477 0.008534 2.483135
0.723287 0.026438 0.023711 0.012054 0.000509 0.205462 0.008540 2.485687
0.723342 0.026345 0.023707 0.012055 0.000508 0.205502 0.008542 2.488275
0.723213 0.026408 0.023688 0.012101 0.000508 0.205532 0.008549 2.490857
0.723259 0.026387 0.023795 0.012126 0.000497 0.205380 0.008557 2.493452
0.723279 0.026394 0.023777 0.012131 0.000496 0.205364 0.008561 2.496005
0.723259 0.026397 0.023758 0.012164 0.000497 0.205362 0.008563 2.498601
0.723187 0.026482 0.023718 0.012179 0.000499 0.205366 0.008568 2.501123
0.723095 0.026576 0.023686 0.012163 0.000490 0.205417 0.008574 2.503678
0.723058 0.026620 0.023711 0.012179 0.000486 0.205368 0.008578 2.506285
0.722940 0.026631 0.023767 0.012239 0.000486 0.205354 0.008582 2.508921
0.722865 0.026653 0.023789 0.012273 0.000495 0.205340 0.008585 2.511537
0.722674 0.026756 0.023772 0.012293 0.000494 0.205422 0.008590 2.514114
0.722625 0.026766 0.023763 0.012297 0.000491 0.205463 0.008595 2.516747
0.722555 0.026711 0.023810 0.012342 0.000501 0.205477 0.008603 2.519398
0.722395 0.026822 0.023761 0.012371 0.000494 0.205547 0.008608 2.521944
0.722404 0.026851 0.023752 0.012381 0.000492 0.205503 0.008617 2.524520
0.722348 0.026874 0.023749 0.012401 0.000487 0.205515 0.008625 2.527115
0.722445 0.026707 0.023895 0.012425 0.000494 0.205402 0.008631 2.529796
0.722444 0.026714 0.023916 0.012448 0.000495 0.205345 0.008638 2.532424
0.722343 0.026695 0.023939 0.012473 0.000493 0.205413 0.008644 2.535068
0.722234 0.026737 0.023943 0.012475 0.000490 0.205473 0.008649 2.537657
0.722186 0.026725 0.023954 0.012459 0.000488 0.205528 0.008660 2.540294
0.722170 0.026857 0.023866 0.012435 0.000491 0.205515 0.008666 2.542819
0.722200 0.026804 0.023869 0.012478 0.000493 0.205485 0.008673 2.545419
0.722183 0.026765 0.023909 0.012507 0.000494 0.205465 0.008677 2.548065
0.722164 0.026814 0.023906 0.012534 0.000505 0.205394 0.008683 2.550630
0.722164 0.026775 0.023893 0.012555 0.000504 0.205421 0.008689 2.553242
0.722075 0.026783 0.023929 0.012544 0.000511 0.205465 0.008692 2.555890
0.722031 0.026806 0.023958 0.012516 0.000508 0.205485 0.008698 2.558502
0.722010 0.026802 0.023978 0.012511 0.000511 0.205489 0.008701 2.561116
0.722007 0.026726 0.023992 0.012573 0.000509 0.205489 0.008704 2.563764
0.721963 0.026746 0.023948 0.012546 0.000519 0.205574 0.008705 2.566343
0.721913 0.026719 0.024030 0.012519 0.000511 0.205598 0.008711 2.568985
0.721882 0.026600 0.024088 0.012530 0.000513 0.205673 0.008714 2.571673
0.721843 0.026615 0.024049 0.012527 0.000514 0.205732 0.008719 2.574253
0.721799 0.026583 0.024098 0.012476 0.000508 0.205812 0.008726 2.576867
0.721746 0.026566 0.024092 0.012474 0.000514 0.205878 0.008731 2.579461
0.721687 0.026587 0.024135 0.012437 0.000507 0.205910 0.008737 2.582090
0.721626 0.026506 0.024237 0.012437 0.000506 0.205945 0.008743 2.584759
0.721579 0.026542 0.024252 0.012416 0.000504 0.205957 0.008750 2.587338
0.721637 0.026503 0.024212 0.012390 0.000500 0.206003 0.008756 2.589941
0.721622 0.026387 0.024252 0.012465 0.000499 0.206015 0.008761 2.592621
0.721587 0.026422 0.024204 0.012435 0.000507 0.206081 0.008765 2.595196
0.721690 0.026391 0.024120 0.012402 0.000510 0.206117 0.008771 2.597743
0.721672 0.026386 0.024103 0.012361 0.000510 0.206189 0.008779 2.600292
0.721745 0.026361 0.024130 0.012322 0.000514 0.206143 0.008786 2.602874
0.721713 0.026365 0.024111 0.012312 0.000511 0.206195 0.008794 2.605426
0.721652 0.026376 0.024064 0.012237 0.000513 0.206360 0.008797 2.607995
0.721705 0.026274 0.024115 0.012249 0.000506 0.206350 0.008802 2.610630
0.721723 0.026200 0.024088 0.012224 0.000503 0.206455 0.008808 2.613230
0.721749 0.026230 0.024072 0.012186 0.000502 0.206446 0.008815 2.615759
0.721817 0.026164 0.024051 0.012222 0.000502 0.206426 0.008819 2.618357
0.721889 0.026095 0.024097 0.012192 0.000505 0.206402 0.008821 2.620936
0.721850 0.026082 0.024132 0.012198 0.000503 0.206408 0.008827 2.623538
0.721794 0.026125 0.024054 0.012160 0.000502 0.206533 0.008832 2.626067
0.721813 0.026139 0.024008 0.012151 0.000501 0.206549 0.008840 2.628590
0.721928 0.026090 0.023931 0.012153 0.000488 0.206564 0.008847 2.631088
0.722031 0.026071 0.023869 0.012118 0.000492 0.206570 0.008851 2.633629
0.722156 0.026053 0.023863 0.012101 0.000493 0.206478 0.008856 2.636185
0.722162 0.026049 0.023823 0.012100 0.000496 0.206509 0.008861 2.638719
0.722190 0.026059 0.023813 0.012109 0.000498 0.206461 0.008869 2.641291
0.722207 0.026086 0.023803 0.012075 0.000496 0.206457 0.008877 2.643813
0.722218 0.026105 0.023838 0.012047 0.000494 0.206416 0.008882 2.646343
0.722317 0.026034 0.023838 0.012004 0.000498 0.206424 0.008886 2.648904
0.722379 0.026030 0.023779 0.012028 0.000494 0.206399 0.008891 2.651422
0.722472 0.025948 0.023758 0.012046 0.000486 0.206394 0.008897 2.653993
0.722500 0.025998 0.023762 0.011985 0.000482 0.206369 0.008903 2.656482
0.722498 0.025985 0.023740 0.011969 0.000479 0.206421 0.008908 2.659029
0.722548 0.025974 0.023714 0.011974 0.000480 0.206398 0.008911 2.661569
0.722568 0.026081 0.023674 0.011971 0.000477 0.206311 0.008918 2.664047
0.722535 0.026098 0.023785 0.011875 0.000486 0.206297 0.008924 2.666611
0.722527 0.026096 0.023789 0.011866 0.000477 0.206314 0.008931 2.669151
0.722609 0.026009 0.023812 0.011885 0.000481 0.206270 0.008934 2.671730
0.722605 0.025980 0.023841 0.011944 0.000480 0.206213 0.008939 2.674314
0.722627 0.025934 0.023788 0.011947 0.000485 0.206274 0.008945 2.676893
0.722650 0.025954 0.023752 0.011962 0.000487 0.206249 0.008947 2.679428
0.722651 0.025932 0.023786 0.011970 0.000483 0.206227 0.008952 2.682023
0.722749 0.025851 0.023764 0.012009 0.000481 0.206187 0.008958 2.684594
0.722776 0.025881 0.023739 0.011994 0.000485 0.206163 0.008963 2.687097
0.722814 0.025878 0.023755 0.011980 0.000490 0.206115 0.008969 2.689633
0.722842 0.025898 0.023729 0.011957 0.000490 0.206111 0.008973 2.692153
0.722812 0.025920 0.023688 0.011948 0.000489 0.206168 0.008976 2.694680
0.722819 0.025929 0.023716 0.011915 0.000484 0.206157 0.008982 2.697218
0.722892 0.025897 0.023697 0.011908 0.000486 0.206133 0.008986 2.699760
0.722997 0.025850 0.023721 0.011871 0.000483 0.206085 0.008993 2.702285
0.723001 0.025823 0.023761 0.011896 0.000484 0.206038 0.008998 2.704857
0.723026 0.025840 0.023763 0.011925 0.000492 0.205952 0.009001 2.707380
0.722974 0.025902 0.023735 0.011953 0.000496 0.205933 0.009007 2.709906
0.723029 0.025902 0.023698 0.011921 0.000492 0.205949 0.009010 2.712421
0.723091 0.025864 0.023701 0.011923 0.000495 0.205911 0.009016 2.715004
0.723061 0.025883 0.023675 0.011926 0.000495 0.205939 0.009021 2.717557
0.723093 0.025896 0.023673 0.011921 0.000489 0.205904 0.009026 2.720104
0.723101 0.025926 0.023636 0.011923 0.000490 0.205896 0.009030 2.722625
0.723063 0.025991 0.023642 0.011952 0.000479 0.205837 0.009038 2.725168
0.723122 0.025972 0.023604 0.011993 0.000478 0.205786 0.009044 2.727731
0.723185 0.025944 0.023552 0.012006 0.000469 0.205793 0.009051 2.730287
0.723235 0.025932 0.023531 0.012017 0.000463 0.205765 0.009057 2.732874
0.723221 0.025974 0.023561 0.011973 0.000468 0.205743 0.009062 2.735440
0.723238 0.025997 0.023545 0.011931 0.000474 0.205750 0.009066 2.737949
0.723267 0.026012 0.023553 0.011954 0.000465 0.205678 0.009072 2.740471
0.723276 0.026005 0.023600 0.011996 0.000472 0.205574 0.009077 2.743024
0.723302 0.025961 0.023647 0.011980 0.000477 0.205551 0.009083 2.745583
0.723334 0.025966 0.023659 0.011950 0.000486 0.205520 0.009087 2.748124
0.723394 0.025890 0.023738 0.011965 0.000484 0.205436 0.009092 2.750729
0.723445 0.025828 0.023750 0.011960 0.000481 0.205439 0.009098 2.753296
0.723441 0.025873 0.023691 0.011985 0.000486 0.205423 0.009103 2.755812
0.723394 0.025874 0.023643 0.012005 0.000490 0.205488 0.009107 2.758397
0.723326 0.025920 0.023591 0.012038 0.000489 0.205523 0.009115 2.760919
0.723350 0.025856 0.023565 0.012058 0.000482 0.205571 0.009119 2.763458
0.723415 0.025890 0.023582 0.012045 0.000483 0.205461 0.009123 2.765992
0.723391 0.025945 0.023596 0.012057 0.000482 0.205402 0.009128 2.768531
0.723486 0.025939 0.023560 0.012038 0.000479 0.205364 0.009135 2.771053
0.723548 0.025989 0.023579 0.011959 0.000482 0.205305 0.009139 2.773556
0.723594 0.025971 0.023593 0.011926 0.000491 0.205281 0.009145 2.776062
0.723634 0.025941 0.023594 0.011943 0.000494 0.205240 0.009154 2.778610
0.723533 0.026080 0.023584 0.011929 0.000490 0.205224 0.009161 2.781118
0.723539 0.026143 0.023617 0.011884 0.000486 0.205164 0.009168 2.783610
0.723497 0.026135 0.023595 0.011877 0.000498 0.205225 0.009172 2.786157
0.723474 0.026106 0.023619 0.011894 0.000498 0.205234 0.009176 2.788740
0.723413 0.026215 0.023609 0.011868 0.000491 0.205224 0.009180 2.791230
0.723410 0.026276 0.023540 0.011901 0.000497 0.205192 0.009185 2.793746
0.723488 0.026275 0.023585 0.011888 0.000497 0.205077 0.009190 2.796289
0.723533 0.026290 0.023596 0.011881 0.000498 0.205009 0.009194 2.798836
0.723571 0.026240 0.023646 0.011876 0.000502 0.204968 0.009197 2.801435
0.723591 0.026267 0.023655 0.011877 0.000501 0.204907 0.009201 2.803960
0.723556 0.026292 0.023667 0.011877 0.000504 0.204899 0.009205 2.806502
0.723486 0.026309 0.023680 0.011852 0.000504 0.204960 0.009209 2.809074
0.723510 0.026209 0.023682 0.011898 0.000511 0.204979 0.009212 2.811678
0.723605 0.026185 0.023664 0.011875 0.000514 0.204942 0.009218 2.814217
0.723609 0.026170 0.023718 0.011889 0.000513 0.204880 0.009222 2.816811
0.723638 0.026142 0.023730 0.011914 0.000504 0.204845 0.009228 2.819358
0.723669 0.026087 0.023749 0.011929 0.000501 0.204832 0.009232 2.821957
0.723585 0.026203 0.023778 0.011928 0.000502 0.204772 0.009234 2.824483
0.723547 0.026237 0.023763 0.011938 0.000501 0.204775 0.009239 2.827058
0.723523 0.026272 0.023789 0.011957 0.000499 0.204716 0.009245 2.829606
0.723478 0.026265 0.023776 0.011957 0.000489 0.204785 0.009250 2.832172
0.723430 0.026260 0.023806 0.011946 0.000490 0.204813 0.009256 2.834749
0.723362 0.026243 0.023842 0.011973 0.000490 0.204831 0.009259 2.837382
0.723268 0.026278 0.023872 0.011957 0.000497 0.204866 0.009262 2.839967
0.723310 0.026270 0.023887 0.011954 0.000492 0.204821 0.009267 2.842510
0.723257 0.026293 0.023879 0.011956 0.000493 0.204853 0.009269 2.845083
0.723262 0.026267 0.023889 0.011994 0.000496 0.204818 0.009275 2.847699
0.723179 0.026315 0.023878 0.011985 0.000490 0.204872 0.009282 2.850224
0.723171 0.026374 0.023857 0.011949 0.000490 0.204872 0.009289 2.852763
0.723135 0.026408 0.023873 0.011967 0.000489 0.204834 0.009295 2.855344
0.723091 0.026439 0.023894 0.011982 0.000488 0.204809 0.009298 2.857924
0.723144 0.026372 0.023916 0.012056 0.000488 0.204722 0.009303 2.860543
0.723075 0.026339 0.023982 0.012106 0.000483 0.204704 0.009311 2.863187
0.723134 0.026342 0.023937 0.012080 0.000488 0.204705 0.009314 2.865750
0.723145 0.026287 0.023880 0.012108 0.000489 0.204774 0.009319 2.868343
0.723090 0.026329 0.023860 0.012138 0.000491 0.204769 0.009323 2.870921
0.723018 0.026358 0.023900 0.012158 0.000492 0.204749 0.009326 2.873507
0.722976 0.026375 0.023893 0.012132 0.000499 0.204797 0.009328 2.876107
0.722866 0.026398 0.023923 0.012097 0.000503 0.204881 0.009334 2.878727
0.722902 0.026313 0.023871 0.012122 0.000508 0.204948 0.009337 2.881356
0.722913 0.026318 0.023842 0.012147 0.000495 0.204948 0.009340 2.883910
0.722899 0.026281 0.023865 0.012154 0.000495 0.204963 0.009342 2.886528
0.722920 0.026298 0.023927 0.012158 0.000500 0.204852 0.009346 2.889094
0.722967 0.026291 0.023918 0.012146 0.000496 0.204833 0.009350 2.891616
0.722923 0.026275 0.023946 0.012185 0.000492 0.204827 0.009353 2.894238
0.722928 0.026286 0.023922 0.012156 0.000501 0.204852 0.009356 2.896795
0.722935 0.026286 0.023888 0.012158 0.000511 0.204859 0.009363 2.899375
0.722905 0.026389 0.023851 0.012159 0.000503 0.204824 0.009369 2.901922
0.722854 0.026367 0.023860 0.012141 0.000499 0.204906 0.009373 2.904505
0.722949 0.026343 0.023821 0.012146 0.000496 0.204866 0.009380 2.907044
0.722944 0.026319 0.023874 0.012143 0.000494 0.204841 0.009386 2.909657
0.723018 0.026225 0.023907 0.012146 0.000494 0.204819 0.009390 2.912248
0.723053 0.026139 0.023903 0.012135 0.000496 0.204878 0.009395 2.914823
0.723070 0.026063 0.023915 0.012128 0.000493 0.204934 0.009398 2.917375
0.723197 0.025950 0.023892 0.012148 0.000490 0.204922 0.009401 2.919967
0.723209 0.026010 0.023973 0.012152 0.000487 0.204762 0.009407 2.922535
0.723164 0.026085 0.023921 0.012114 0.000489 0.204817 0.009412 2.925040
0.723160 0.026069 0.023895 0.012114 0.000485 0.204861 0.009416 2.927583
0.723186 0.026060 0.023832 0.012121 0.000488 0.204891 0.009422 2.930128
0.723228 0.026091 0.023812 0.012093 0.000487 0.204861 0.009429 2.932648
0.723290 0.026020 0.023847 0.012081 0.000480 0.204848 0.009434 2.935236
0.723318 0.026028 0.023839 0.012058 0.000483 0.204837 0.009437 2.937773
0.723319 0.026045 0.023866 0.012076 0.000487 0.204765 0.009442 2.940326
0.723283 0.026146 0.023827 0.012021 0.000483 0.204793 0.009449 2.942821
0.723282 0.026163 0.023835 0.012037 0.000485 0.204742 0.009454 2.945383
0.723397 0.026145 0.023820 0.012061 0.000479 0.204637 0.009461 2.947924
0.723380 0.026072 0.023877 0.012039 0.000482 0.204685 0.009466 2.950502
0.723312 0.026128 0.023865 0.011970 0.000483 0.204773 0.009470 2.953019
0.723322 0.026077 0.023914 0.011976 0.000484 0.204753 0.009474 2.955602
0.723285 0.026055 0.023941 0.012014 0.000478 0.204747 0.009478 2.958204
0.723336 0.026018 0.023899 0.012007 0.000472 0.204784 0.009484 2.960770
0.723349 0.026022 0.023911 0.011987 0.000475 0.204770 0.009487 2.963300
0.723425 0.025995 0.023863 0.012037 0.000480 0.204710 0.009490 2.965849
0.723416 0.025993 0.023824 0.012066 0.000479 0.204728 0.009495 2.968390
0.723422 0.026046 0.023753 0.012091 0.000482 0.204706 0.009500 2.970892
0.723382 0.026066 0.023735 0.012084 0.000486 0.204742 0.009506 2.973449
0.723405 0.026099 0.023769 0.012060 0.000486 0.204671 0.009511 2.975986
0.723297 0.026168 0.023734 0.012074 0.000493 0.204721 0.009514 2.978532
0.723310 0.026155 0.023762 0.012074 0.000495 0.204686 0.009519 2.981100
0.723297 0.026109 0.023789 0.012073 0.000488 0.204721 0.009525 2.983684
0.723312 0.026112 0.023794 0.012027 0.000494 0.204732 0.009529 2.986231
0.723287 0.026155 0.023772 0.012053 0.000494 0.204708 0.009533 2.988807
0.723382 0.026127 0.023778 0.012040 0.000487 0.204646 0.009541 2.991380
0.723421 0.026162 0.023789 0.012019 0.000484 0.204578 0.009549 2.993904
0.723426 0.026231 0.023788 0.012022 0.000481 0.204500 0.009554 2.996409
0.723416 0.026189 0.023866 0.012079 0.000485 0.204410 0.009557 2.999037
