0.999804 0.000153 0.000030 0.000013 0.000000 0.000001 0.000000
0.999745 0.000179 0.000028 0.000006 0.000000 0.000042 0.000000
0.999519 0.000370 0.000063 0.000022 0.000000 0.000026 0.000000
0.999227 0.000623 0.000086 0.000032 0.000000 0.000033 0.000000
0.998616 0.001139 0.000149 0.000057 0.000000 0.000038 0.000000
0.997817 0.001802 0.000231 0.000092 0.000000 0.000058 0.000000
0.996387 0.002944 0.000402 0.000176 0.000000 0.000091 0.000000
0.995037 0.003983 0.000561 0.000286 0.000000 0.000133 0.000000
0.992429 0.006058 0.000867 0.000436 0.000000 0.000210 0.000000
0.989025 0.008659 0.001313 0.000673 0.000000 0.000330 0.000000
0.984753 0.011893 0.001862 0.000986 0.000001 0.000504 0.000000
0.978400 0.016850 0.002617 0.001355 0.000001 0.000776 0.000000
0.970809 0.022621 0.003618 0.001893 0.000002 0.001058 0.000000
0.961927 0.029188 0.004967 0.002502 0.000002 0.001415 0.000000
0.950553 0.037649 0.006506 0.003353 0.000005 0.001935 0.000000
0.936747 0.047845 0.008394 0.004451 0.000008 0.002555 0.000000
0.921869 0.058533 0.010644 0.005728 0.000014 0.003212 0.000000
0.904135 0.071026 0.013378 0.007138 0.000016 0.004307 0.000000
0.887076 0.082364 0.016347 0.008671 0.000020 0.005522 0.000000
0.867390 0.095299 0.019837 0.010472 0.000031 0.006970 0.000000
0.846022 0.108769 0.023790 0.012493 0.000036 0.008890 0.000000
0.825204 0.121437 0.027861 0.014609 0.000045 0.010843 0.000000
0.803690 0.133988 0.032302 0.016842 0.000054 0.013124 0.000000
0.781139 0.146294 0.037342 0.019403 0.000067 0.015755 0.000000
0.757924 0.158106 0.042735 0.022226 0.000082 0.018927 0.000000
0.734352 0.169215 0.048505 0.025114 0.000102 0.022712 0.000000
0.712316 0.178551 0.054187 0.028076 0.000114 0.026757 0.000000
0.690802 0.187086 0.059782 0.030920 0.000127 0.031284 0.000000
0.669894 0.194039 0.065544 0.033993 0.000151 0.036380 0.000000
0.649644 0.199732 0.071424 0.037060 0.000183 0.041956 0.000001
0.630260 0.204030 0.077392 0.040169 0.000202 0.047944 0.000002
0.611707 0.206830 0.083332 0.043201 0.000224 0.054704 0.000002
0.593180 0.208925 0.089094 0.046400 0.000245 0.062154 0.000003
0.578112 0.209100 0.093938 0.049024 0.000277 0.069546 0.000003
0.562834 0.208741 0.098832 0.051581 0.000307 0.077701 0.000004
0.549647 0.207334 0.103094 0.053938 0.000336 0.085645 0.000005
0.535534 0.205546 0.107480 0.056419 0.000361 0.094655 0.000006
0.524714 0.202362 0.110798 0.058233 0.000381 0.103506 0.000006
0.514419 0.199036 0.113802 0.059820 0.000409 0.112506 0.000007
0.503907 0.195351 0.116841 0.061464 0.000442 0.121988 0.000008
0.494789 0.191211 0.119361 0.062612 0.000480 0.131539 0.000009
0.486748 0.187204 0.121297 0.063474 0.000505 0.140762 0.000010
0.479692 0.183061 0.122841 0.064327 0.000534 0.149533 0.000012
0.472833 0.178375 0.123993 0.065006 0.000568 0.159212 0.000013
0.465979 0.173941 0.124980 0.065546 0.000591 0.168948 0.000014
0.459708 0.169508 0.125646 0.066125 0.000609 0.178388 0.000016
0.453834 0.165213 0.126242 0.066464 0.000624 0.187602 0.000021
0.448157 0.161187 0.126383 0.066651 0.000644 0.196953 0.000025
0.441338 0.157428 0.126925 0.066804 0.000684 0.206793 0.000027
0.434160 0.153390 0.127466 0.067008 0.000735 0.217214 0.000028
0.428022 0.150528 0.127517 0.067116 0.000759 0.226028 0.000030
0.421200 0.146884 0.127555 0.067164 0.000786 0.236378 0.000032
0.414705 0.142750 0.127668 0.067201 0.000814 0.246823 0.000039
0.408538 0.138439 0.127455 0.067230 0.000839 0.257457 0.000042
0.403414 0.134399 0.126883 0.066991 0.000868 0.267400 0.000044
0.398252 0.129810 0.126314 0.066763 0.000905 0.277906 0.000049
0.394513 0.125002 0.125344 0.066153 0.000929 0.288009 0.000050
0.390686 0.120375 0.124324 0.065735 0.000940 0.297888 0.000052
0.387893 0.116144 0.122964 0.065050 0.000953 0.306940 0.000056
0.384727 0.111457 0.121645 0.064406 0.000969 0.316737 0.000059
0.382164 0.106955 0.120039 0.063434 0.000999 0.326344 0.000063
0.380770 0.103582 0.118324 0.062560 0.001015 0.333682 0.000066
0.378666 0.098532 0.116176 0.061637 0.001038 0.343881 0.000070
0.377772 0.094648 0.114173 0.060541 0.001062 0.351731 0.000072
0.377145 0.090807 0.111919 0.059360 0.001072 0.359618 0.000079
0.376605 0.086566 0.109439 0.058095 0.001076 0.368136 0.000083
0.376479 0.083618 0.107492 0.057087 0.001090 0.374149 0.000085
0.376498 0.080071 0.104830 0.055641 0.001091 0.381780 0.000088
0.376904 0.077141 0.102545 0.054507 0.001098 0.387715 0.000090
0.377334 0.073420 0.099733 0.052979 0.001117 0.395325 0.000092
0.378101 0.070542 0.097456 0.051698 0.001123 0.400982 0.000097
0.379006 0.068231 0.095348 0.050489 0.001123 0.405702 0.000101
0.380149 0.065612 0.092562 0.049045 0.001118 0.411410 0.000104
0.381337 0.063372 0.090054 0.047790 0.001126 0.416212 0.000109
0.382708 0.060902 0.087230 0.046500 0.001128 0.421420 0.000113
0.384181 0.058902 0.085022 0.045192 0.001133 0.425451 0.000118
0.385741 0.057161 0.082885 0.044055 0.001128 0.428905 0.000125
0.387774 0.054982 0.080293 0.042582 0.001125 0.433115 0.000129
0.389646 0.053165 0.077832 0.041378 0.001117 0.436730 0.000130
0.391559 0.051784 0.075680 0.040372 0.001111 0.439361 0.000133
0.393456 0.050466 0.073571 0.039314 0.001105 0.441947 0.000141
0.395607 0.049005 0.071418 0.038107 0.001092 0.444625 0.000146
0.397701 0.047783 0.069472 0.037050 0.001078 0.446764 0.000152
0.399805 0.046693 0.067636 0.035986 0.001078 0.448648 0.000154
0.402271 0.045680 0.065649 0.034984 0.001060 0.450198 0.000158
0.404407 0.044637 0.063903 0.034050 0.001049 0.451792 0.000162
0.406787 0.043541 0.062099 0.033003 0.001026 0.453376 0.000169
0.408878 0.042968 0.060672 0.032133 0.001015 0.454163 0.000172
0.411413 0.042102 0.059096 0.031280 0.001002 0.454931 0.000176
0.413998 0.041388 0.057542 0.030567 0.000991 0.455336 0.000179
0.416358 0.040622 0.056155 0.029857 0.000985 0.455841 0.000181
0.419170 0.039854 0.054329 0.028909 0.000973 0.456577 0.000186
0.421446 0.039405 0.053031 0.028202 0.000967 0.456761 0.000188
0.423744 0.038877 0.051817 0.027605 0.000961 0.456807 0.000188
0.426113 0.038375 0.050702 0.026880 0.000952 0.456787 0.000192
0.428685 0.037894 0.049530 0.026248 0.000928 0.456517 0.000198
0.431181 0.037524 0.048386 0.025632 0.000912 0.456164 0.000201
0.433579 0.037268 0.047300 0.025065 0.000895 0.455686 0.000207
0.435757 0.036950 0.046245 0.024536 0.000873 0.455430 0.000209
0.438142 0.036657 0.045319 0.024031 0.000853 0.454782 0.000215
0.440402 0.036464 0.044520 0.023498 0.000827 0.454071 0.000219
0.442372 0.036359 0.043719 0.023097 0.000810 0.453424 0.000219
0.444827 0.036236 0.042793 0.022638 0.000793 0.452491 0.000222
0.447269 0.036076 0.042075 0.022208 0.000782 0.451367 0.000224
0.449588 0.035877 0.041526 0.021829 0.000765 0.450186 0.000228
0.451759 0.035814 0.040905 0.021420 0.000759 0.449111 0.000232
0.453820 0.035852 0.040386 0.021101 0.000741 0.447868 0.000232
0.456078 0.035829 0.039685 0.020804 0.000727 0.446641 0.000235
0.458145 0.035865 0.039228 0.020554 0.000711 0.445258 0.000239
0.460146 0.035843 0.038740 0.020330 0.000708 0.443989 0.000243
0.461999 0.036064 0.038319 0.020111 0.000699 0.442563 0.000245
0.464275 0.036121 0.037843 0.019839 0.000696 0.440980 0.000246
0.466098 0.036214 0.037409 0.019706 0.000686 0.439641 0.000246
0.467960 0.036262 0.037063 0.019536 0.000676 0.438255 0.000247
0.469629 0.036519 0.036724 0.019415 0.000664 0.436800 0.000249
0.471467 0.036670 0.036362 0.019316 0.000656 0.435278 0.000251
0.473434 0.036885 0.036053 0.019145 0.000647 0.433583 0.000253
0.474990 0.037052 0.035832 0.019029 0.000634 0.432209 0.000254
0.476588 0.037276 0.035652 0.018932 0.000623 0.430671 0.000257
0.478087 0.037506 0.035526 0.018851 0.000609 0.429163 0.000258
0.479704 0.037729 0.035413 0.018752 0.000595 0.427545 0.000261
0.480922 0.037876 0.035319 0.018712 0.000588 0.426319 0.000265
0.482722 0.037997 0.035249 0.018582 0.000573 0.424612 0.000265
0.484629 0.037598 0.035323 0.018461 0.000572 0.423149 0.000269
0.487085 0.036852 0.035302 0.018292 0.000563 0.421638 0.000268
0.490117 0.035733 0.035203 0.018043 0.000563 0.420068 0.000272
0.493410 0.034397 0.035060 0.017817 0.000557 0.418489 0.000269
0.496998 0.032931 0.034812 0.017501 0.000550 0.416935 0.000273
0.500525 0.031315 0.034677 0.017181 0.000543 0.415484 0.000275
0.504361 0.029737 0.034369 0.016815 0.000538 0.413901 0.000278
0.508481 0.028074 0.033895 0.016416 0.000532 0.412323 0.000279
0.512545 0.026496 0.033486 0.016010 0.000520 0.410658 0.000283
0.517065 0.024899 0.032923 0.015593 0.000516 0.408720 0.000284
0.521180 0.023467 0.032239 0.015155 0.000518 0.407159 0.000282
0.525368 0.022139 0.031513 0.014687 0.000520 0.405488 0.000284
0.530156 0.020794 0.030813 0.014257 0.000512 0.403181 0.000287
0.534347 0.019534 0.030074 0.013778 0.000499 0.401476 0.000292
0.539052 0.018321 0.029334 0.013242 0.000489 0.399271 0.000292
0.543283 0.017149 0.028602 0.012796 0.000474 0.397401 0.000295
0.548066 0.015986 0.027765 0.012309 0.000460 0.395118 0.000297
0.552471 0.014912 0.026975 0.011865 0.000449 0.393029 0.000299
0.557365 0.014010 0.026155 0.011396 0.000435 0.390340 0.000299
0.561723 0.013106 0.025282 0.010963 0.000426 0.388197 0.000302
0.566376 0.012318 0.024412 0.010526 0.000421 0.385646 0.000302
0.570601 0.011557 0.023403 0.010100 0.000415 0.383617 0.000306
0.575118 0.010834 0.022502 0.009694 0.000408 0.381140 0.000305
0.579408 0.010131 0.021730 0.009334 0.000394 0.378696 0.000309
0.584096 0.009435 0.020838 0.008963 0.000382 0.375973 0.000312
0.588666 0.008873 0.020022 0.008582 0.000369 0.373177 0.000312
0.592733 0.008302 0.019290 0.008195 0.000366 0.370799 0.000315
0.597221 0.007776 0.018552 0.007805 0.000358 0.367971 0.000317
0.601788 0.007276 0.017763 0.007440 0.000346 0.365072 0.000316
0.606233 0.006791 0.017089 0.007124 0.000338 0.362108 0.000317
0.610165 0.006371 0.016352 0.006788 0.000328 0.359676 0.000321
0.614777 0.005934 0.015626 0.006494 0.000321 0.356524 0.000323
0.618982 0.005565 0.014927 0.006106 0.000310 0.353787 0.000323
0.623377 0.005206 0.014234 0.005833 0.000304 0.350718 0.000327
0.627623 0.004914 0.013629 0.005529 0.000303 0.347677 0.000325
0.632106 0.004599 0.013046 0.005214 0.000297 0.344414 0.000325
0.636239 0.004335 0.012401 0.004963 0.000292 0.341444 0.000326
0.640644 0.004046 0.011849 0.004731 0.000283 0.338117 0.000329
0.644509 0.003757 0.011279 0.004524 0.000280 0.335322 0.000330
0.648895 0.003559 0.010737 0.004274 0.000267 0.331934 0.000333
0.652777 0.003359 0.010247 0.004053 0.000255 0.328980 0.000329
0.657139 0.003154 0.009751 0.003858 0.000253 0.325513 0.000333
0.660838 0.002968 0.009277 0.003676 0.000246 0.322666 0.000330
0.664996 0.002790 0.008836 0.003498 0.000245 0.319301 0.000334
0.668795 0.002613 0.008458 0.003363 0.000234 0.316205 0.000333
0.672820 0.002463 0.008028 0.003175 0.000233 0.312951 0.000329
0.676597 0.002338 0.007641 0.003031 0.000226 0.309831 0.000335
0.680703 0.002211 0.007268 0.002860 0.000216 0.306406 0.000335
0.684135 0.002081 0.006910 0.002675 0.000215 0.303648 0.000336
0.688011 0.001992 0.006580 0.002542 0.000204 0.300334 0.000337
0.691761 0.001883 0.006253 0.002402 0.000205 0.297161 0.000335
0.695188 0.001813 0.005974 0.002296 0.000198 0.294195 0.000337
0.698958 0.001708 0.005666 0.002180 0.000188 0.290959 0.000340
0.702676 0.001623 0.005429 0.002098 0.000180 0.287657 0.000338
0.705969 0.001518 0.005144 0.001992 0.000178 0.284857 0.000342
0.709693 0.001452 0.004904 0.001876 0.000171 0.281561 0.000343
0.713276 0.001411 0.004640 0.001780 0.000160 0.278395 0.000338
0.716601 0.001357 0.004418 0.001699 0.000165 0.275421 0.000340
0.720082 0.001281 0.004232 0.001604 0.000163 0.272295 0.000343
0.723661 0.001226 0.004027 0.001517 0.000158 0.269069 0.000342
0.726741 0.001168 0.003792 0.001442 0.000157 0.266359 0.000342
0.730258 0.001106 0.003598 0.001382 0.000150 0.263165 0.000342
0.733124 0.001064 0.003426 0.001312 0.000146 0.260580 0.000348
0.736608 0.001000 0.003263 0.001247 0.000142 0.257395 0.000345
0.739636 0.000956 0.003108 0.001176 0.000136 0.254643 0.000346
0.742902 0.000937 0.002955 0.001118 0.000133 0.251609 0.000346
0.746246 0.000891 0.002806 0.001063 0.000125 0.248521 0.000348
0.749195 0.000853 0.002675 0.001030 0.000125 0.245779 0.000343
0.752294 0.000817 0.002577 0.000978 0.000120 0.242874 0.000340
0.755161 0.000771 0.002414 0.000918 0.000115 0.240276 0.000344
0.758412 0.000721 0.002284 0.000878 0.000115 0.237244 0.000345
0.761169 0.000698 0.002170 0.000853 0.000110 0.234652 0.000349
0.764440 0.000659 0.002078 0.000815 0.000106 0.231551 0.000350
0.767037 0.000658 0.001969 0.000765 0.000099 0.229125 0.000347
0.770007 0.000638 0.001884 0.000725 0.000093 0.226309 0.000344
0.772735 0.000632 0.001795 0.000701 0.000091 0.223698 0.000348
0.775509 0.000605 0.001711 0.000658 0.000088 0.221078 0.000350
0.778223 0.000587 0.001662 0.000626 0.000083 0.218470 0.000349
0.780987 0.000565 0.001589 0.000600 0.000086 0.215821 0.000353
0.783718 0.000548 0.001531 0.000565 0.000076 0.213214 0.000348
0.786594 0.000543 0.001465 0.000537 0.000079 0.210434 0.000349
0.789094 0.000534 0.001384 0.000508 0.000071 0.208064 0.000346
0.791576 0.000522 0.001325 0.000487 0.000071 0.205671 0.000348
0.794335 0.000503 0.001267 0.000470 0.000071 0.203006 0.000348
0.796656 0.000476 0.001189 0.000447 0.000068 0.200812 0.000351
0.799622 0.000454 0.001158 0.000431 0.000066 0.197918 0.000350
0.801922 0.000436 0.001121 0.000411 0.000065 0.195691 0.000352
0.804430 0.000407 0.001088 0.000402 0.000062 0.193264 0.000347
0.806816 0.000394 0.001036 0.000386 0.000058 0.190962 0.000348
0.809051 0.000392 0.000989 0.000368 0.000055 0.188793 0.000352
0.811408 0.000382 0.000938 0.000361 0.000053 0.186502 0.000356
0.813872 0.000369 0.000897 0.000348 0.000050 0.184112 0.000351
0.816068 0.000360 0.000860 0.000339 0.000052 0.181974 0.000348
0.818455 0.000347 0.000823 0.000331 0.000047 0.179645 0.000352
0.820608 0.000331 0.000789 0.000319 0.000046 0.177554 0.000353
0.823096 0.000315 0.000756 0.000297 0.000047 0.175140 0.000350
0.825169 0.000306 0.000736 0.000287 0.000045 0.173103 0.000354
0.827467 0.000307 0.000711 0.000271 0.000044 0.170841 0.000358
0.829722 0.000291 0.000663 0.000258 0.000042 0.168668 0.000356
0.831642 0.000285 0.000653 0.000255 0.000040 0.166776 0.000350
0.833772 0.000272 0.000629 0.000240 0.000039 0.164694 0.000355
0.835778 0.000265 0.000621 0.000223 0.000038 0.162723 0.000352
0.837944 0.000249 0.000592 0.000207 0.000036 0.160620 0.000352
0.840176 0.000237 0.000565 0.000199 0.000036 0.158435 0.000351
0.842434 0.000229 0.000551 0.000193 0.000036 0.156201 0.000357
0.844109 0.000212 0.000520 0.000176 0.000038 0.154593 0.000353
0.846161 0.000200 0.000499 0.000176 0.000032 0.152578 0.000353
0.847759 0.000197 0.000486 0.000168 0.000035 0.151000 0.000355
0.850115 0.000189 0.000461 0.000163 0.000032 0.148683 0.000358
0.851881 0.000185 0.000441 0.000160 0.000031 0.146942 0.000361
0.853533 0.000195 0.000422 0.000154 0.000030 0.145307 0.000358
0.855497 0.000174 0.000391 0.000151 0.000029 0.143407 0.000351
0.857557 0.000177 0.000386 0.000153 0.000028 0.141345 0.000353
0.859269 0.000167 0.000363 0.000154 0.000025 0.139666 0.000356
0.860937 0.000159 0.000344 0.000146 0.000029 0.138030 0.000354
0.862818 0.000148 0.000338 0.000139 0.000025 0.136182 0.000351
0.864865 0.000136 0.000312 0.000137 0.000022 0.134172 0.000356
0.866498 0.000132 0.000309 0.000132 0.000022 0.132552 0.000354
0.867909 0.000134 0.000310 0.000122 0.000019 0.131152 0.000354
0.869893 0.000124 0.000290 0.000127 0.000022 0.129190 0.000354
0.871575 0.000119 0.000282 0.000117 0.000021 0.127532 0.000353
0.872937 0.000121 0.000263 0.000104 0.000022 0.126199 0.000353
0.874675 0.000117 0.000250 0.000099 0.000022 0.124489 0.000349
0.876248 0.000113 0.000238 0.000093 0.000019 0.122938 0.000351
0.877861 0.000109 0.000233 0.000093 0.000017 0.121331 0.000356
0.879332 0.000113 0.000225 0.000090 0.000014 0.119877 0.000349
0.880886 0.000106 0.000228 0.000098 0.000016 0.118324 0.000343
0.882687 0.000101 0.000209 0.000097 0.000017 0.116547 0.000343
0.884160 0.000104 0.000214 0.000093 0.000017 0.115073 0.000339
0.885375 0.000099 0.000209 0.000093 0.000015 0.113860 0.000349
0.887465 0.000088 0.000199 0.000092 0.000019 0.111785 0.000353
0.888550 0.000088 0.000190 0.000084 0.000015 0.110722 0.000351
0.889878 0.000092 0.000179 0.000083 0.000015 0.109405 0.000350
0.891376 0.000094 0.000185 0.000076 0.000016 0.107905 0.000348
0.892853 0.000080 0.000185 0.000074 0.000017 0.106452 0.000339
0.894447 0.000083 0.000184 0.000071 0.000015 0.104858 0.000341
0.895750 0.000089 0.000159 0.000067 0.000012 0.103579 0.000344
0.897099 0.000074 0.000152 0.000059 0.000012 0.102255 0.000349
0.898388 0.000085 0.000152 0.000059 0.000012 0.100960 0.000343
0.900006 0.000083 0.000158 0.000058 0.000014 0.099340 0.000340
0.901655 0.000073 0.000158 0.000060 0.000013 0.097701 0.000339
0.902323 0.000071 0.000150 0.000055 0.000013 0.097049 0.000338
0.903615 0.000074 0.000142 0.000056 0.000013 0.095771 0.000330
0.905292 0.000076 0.000146 0.000060 0.000012 0.094082 0.000332
0.906160 0.000075 0.000141 0.000051 0.000011 0.093241 0.000322
0.907070 0.000083 0.000141 0.000051 0.000013 0.092321 0.000322
0.908482 0.000078 0.000139 0.000053 0.000010 0.090912 0.000325
0.909577 0.000078 0.000141 0.000046 0.000014 0.089820 0.000323
0.910820 0.000076 0.000141 0.000047 0.000014 0.088580 0.000322
0.912311 0.000070 0.000146 0.000043 0.000013 0.087089 0.000328
0.912981 0.000063 0.000134 0.000043 0.000013 0.086443 0.000323
0.914250 0.000075 0.000139 0.000052 0.000010 0.085145 0.000329
0.915547 0.000069 0.000123 0.000047 0.000009 0.083881 0.000324
0.916564 0.000069 0.000123 0.000051 0.000012 0.082853 0.000328
0.917235 0.000063 0.000113 0.000049 0.000010 0.082193 0.000337
0.918771 0.000061 0.000112 0.000050 0.000012 0.080672 0.000322
0.920003 0.000054 0.000111 0.000050 0.000012 0.079450 0.000322
0.920748 0.000053 0.000121 0.000044 0.000010 0.078710 0.000312
0.921616 0.000059 0.000118 0.000046 0.000010 0.077833 0.000319
0.922447 0.000058 0.000113 0.000045 0.000008 0.077009 0.000319
0.923407 0.000057 0.000105 0.000047 0.000009 0.076053 0.000322
0.924401 0.000054 0.000105 0.000042 0.000008 0.075069 0.000320
0.925614 0.000059 0.000117 0.000046 0.000004 0.073849 0.000312
0.926665 0.000056 0.000114 0.000042 0.000006 0.072798 0.000320
0.927416 0.000053 0.000110 0.000042 0.000006 0.072057 0.000316
0.928461 0.000046 0.000110 0.000037 0.000006 0.071016 0.000324
0.929040 0.000044 0.000111 0.000041 0.000006 0.070445 0.000313
0.930188 0.000039 0.000106 0.000038 0.000006 0.069318 0.000307
0.931137 0.000038 0.000101 0.000041 0.000008 0.068368 0.000308
0.931607 0.000043 0.000106 0.000037 0.000004 0.067893 0.000310
0.932483 0.000045 0.000107 0.000039 0.000005 0.067014 0.000306
0.932865 0.000056 0.000111 0.000042 0.000005 0.066611 0.000310
0.934162 0.000051 0.000089 0.000042 0.000006 0.065350 0.000301
0.935326 0.000050 0.000095 0.000039 0.000003 0.064186 0.000301
0.936268 0.000035 0.000081 0.000040 0.000006 0.063272 0.000298
0.936411 0.000056 0.000095 0.000034 0.000005 0.063098 0.000301
0.943815 0.000012 0.000022 0.000009 0.000002 0.055915 0.000227
