0.369520 0.061396 0.054516 0.031394 0.001973 0.475536 0.005667 1.549449
0.371937 0.059085 0.054419 0.031272 0.001977 0.475623 0.005687 1.555352
0.375094 0.056195 0.054289 0.031037 0.001992 0.475684 0.005711 1.561053
0.378820 0.053162 0.053971 0.030686 0.002001 0.475625 0.005735 1.566394
0.382648 0.050139 0.053478 0.030241 0.002008 0.475727 0.005760 1.571514
0.386645 0.047215 0.052827 0.029746 0.002006 0.475779 0.005782 1.576328
0.390873 0.044435 0.052045 0.029132 0.002003 0.475704 0.005808 1.580804
0.395229 0.041690 0.051147 0.028498 0.002004 0.475595 0.005837 1.585067
0.399839 0.039275 0.050002 0.027803 0.001994 0.475227 0.005860 1.588905
0.404556 0.036813 0.048985 0.027116 0.001992 0.474652 0.005886 1.592704
0.409267 0.034561 0.047848 0.026354 0.001980 0.474079 0.005911 1.596169
0.413976 0.032498 0.046707 0.025489 0.001985 0.473411 0.005936 1.599431
0.418755 0.030431 0.045434 0.024715 0.001977 0.472731 0.005957 1.602534
0.423579 0.028506 0.044175 0.023979 0.001959 0.471821 0.005981 1.605494
0.428543 0.026769 0.042815 0.023191 0.001945 0.470731 0.006006 1.608182
0.433530 0.025178 0.041503 0.022393 0.001926 0.469441 0.006028 1.610715
0.438461 0.023705 0.040223 0.021646 0.001897 0.468016 0.006054 1.613114
0.443520 0.022319 0.038931 0.020891 0.001871 0.466386 0.006081 1.615372
0.448503 0.021029 0.037622 0.020118 0.001852 0.464771 0.006105 1.617493
0.453488 0.019778 0.036265 0.019389 0.001820 0.463135 0.006125 1.619500
0.458459 0.018685 0.035025 0.018609 0.001802 0.461274 0.006146 1.621369
0.463464 0.017650 0.033767 0.017875 0.001780 0.459294 0.006169 1.623144
0.468430 0.016685 0.032532 0.017246 0.001758 0.457157 0.006191 1.624798
0.473380 0.015775 0.031289 0.016567 0.001738 0.455040 0.006211 1.626383
0.478424 0.014948 0.030104 0.015924 0.001703 0.452657 0.006239 1.627890
0.483408 0.014149 0.028922 0.015319 0.001669 0.450266 0.006266 1.629338
0.488379 0.013473 0.027740 0.014643 0.001646 0.447832 0.006287 1.630642
0.493342 0.012791 0.026617 0.014023 0.001620 0.445302 0.006305 1.631927
0.498299 0.012211 0.025567 0.013465 0.001592 0.442542 0.006324 1.633144
0.503308 0.011576 0.024573 0.012896 0.001570 0.439732 0.006346 1.634333
0.508230 0.010954 0.023629 0.012374 0.001547 0.436901 0.006365 1.635491
0.513175 0.010483 0.022614 0.011829 0.001513 0.433996 0.006391 1.636496
0.517968 0.009999 0.021679 0.011333 0.001489 0.431119 0.006412 1.637494
0.522862 0.009551 0.020783 0.010854 0.001458 0.428056 0.006435 1.638439
0.527742 0.009110 0.019973 0.010430 0.001423 0.424864 0.006458 1.639364
0.532594 0.008726 0.019112 0.010013 0.001402 0.421682 0.006473 1.640229
0.537389 0.008332 0.018374 0.009576 0.001374 0.418466 0.006488 1.641063
0.542161 0.007952 0.017660 0.009180 0.001349 0.415197 0.006503 1.641895
0.546908 0.007636 0.016928 0.008806 0.001324 0.411879 0.006521 1.642656
0.551560 0.007362 0.016189 0.008438 0.001293 0.408623 0.006535 1.643383
0.556220 0.007042 0.015550 0.008116 0.001263 0.405260 0.006549 1.644118
0.560903 0.006789 0.014906 0.007762 0.001246 0.401832 0.006561 1.644786
0.565452 0.006548 0.014331 0.007441 0.001218 0.398431 0.006579 1.645452
0.570076 0.006324 0.013698 0.007122 0.001183 0.395002 0.006595 1.646068
0.574622 0.006070 0.013169 0.006853 0.001154 0.391524 0.006609 1.646706
0.579013 0.005866 0.012621 0.006588 0.001129 0.388161 0.006622 1.647293
0.583385 0.005652 0.012102 0.006303 0.001101 0.384817 0.006641 1.647860
0.587872 0.005463 0.011591 0.006032 0.001069 0.381319 0.006653 1.648385
0.592244 0.005279 0.011164 0.005794 0.001034 0.377820 0.006666 1.648914
0.596615 0.005087 0.010719 0.005547 0.001005 0.374344 0.006683 1.649442
0.600884 0.004899 0.010318 0.005335 0.000979 0.370888 0.006697 1.649958
0.605202 0.004765 0.009889 0.005107 0.000958 0.367374 0.006707 1.650407
0.609390 0.004607 0.009517 0.004911 0.000932 0.363928 0.006715 1.650873
0.613647 0.004448 0.009182 0.004727 0.000908 0.360355 0.006733 1.651328
0.617814 0.004324 0.008821 0.004542 0.000893 0.356862 0.006744 1.651749
0.622022 0.004189 0.008488 0.004358 0.000871 0.353317 0.006756 1.652171
0.626185 0.004056 0.008143 0.004182 0.000855 0.349815 0.006764 1.652568
0.630246 0.003969 0.007812 0.004004 0.000833 0.346358 0.006777 1.652929
0.634312 0.003866 0.007530 0.003845 0.000813 0.342849 0.006785 1.653310
0.638222 0.003764 0.007263 0.003713 0.000790 0.339454 0.006795 1.653691
0.642155 0.003667 0.006982 0.003555 0.000770 0.336065 0.006806 1.654061
0.646104 0.003549 0.006767 0.003431 0.000753 0.332581 0.006815 1.654431
0.650009 0.003441 0.006533 0.003292 0.000726 0.329169 0.006829 1.654778
0.653859 0.003339 0.006315 0.003167 0.000703 0.325777 0.006841 1.655103
0.657702 0.003282 0.006074 0.003041 0.000679 0.322370 0.006853 1.655395
0.661500 0.003218 0.005843 0.002927 0.000654 0.318994 0.006863 1.655699
0.665230 0.003166 0.005650 0.002806 0.000631 0.315646 0.006872 1.656003
0.668890 0.003088 0.005467 0.002733 0.000610 0.312331 0.006882 1.656311
0.672571 0.003002 0.005269 0.002634 0.000598 0.309035 0.006891 1.656608
0.676191 0.002936 0.005086 0.002543 0.000581 0.305763 0.006899 1.656886
0.679734 0.002899 0.004910 0.002453 0.000568 0.302532 0.006905 1.657174
0.683317 0.002830 0.004756 0.002362 0.000547 0.299273 0.006915 1.657451
0.686832 0.002742 0.004603 0.002277 0.000535 0.296090 0.006921 1.657732
0.690429 0.002665 0.004478 0.002199 0.000523 0.292779 0.006927 1.657993
0.693925 0.002597 0.004326 0.002138 0.000508 0.289574 0.006932 1.658250
0.697342 0.002529 0.004177 0.002068 0.000495 0.286450 0.006939 1.658504
0.700785 0.002471 0.004040 0.001993 0.000484 0.283281 0.006945 1.658739
0.704131 0.002405 0.003920 0.001936 0.000469 0.280189 0.006950 1.658977
0.707471 0.002340 0.003778 0.001881 0.000460 0.277113 0.006957 1.659219
0.710682 0.002286 0.003656 0.001833 0.000446 0.274135 0.006961 1.659444
0.713909 0.002236 0.003542 0.001778 0.000430 0.271135 0.006969 1.659671
0.717153 0.002184 0.003468 0.001730 0.000416 0.268075 0.006975 1.659904
0.720259 0.002135 0.003371 0.001679 0.000405 0.265170 0.006982 1.660114
0.723442 0.002086 0.003280 0.001617 0.000394 0.262196 0.006987 1.660324
0.726572 0.002040 0.003189 0.001579 0.000382 0.259246 0.006992 1.660526
0.729675 0.001993 0.003119 0.001537 0.000372 0.256308 0.006996 1.660732
0.732653 0.001946 0.003012 0.001498 0.000360 0.253530 0.007001 1.660926
0.735713 0.001891 0.002931 0.001445 0.000349 0.250664 0.007006 1.661123
0.738689 0.001859 0.002851 0.001396 0.000336 0.247857 0.007012 1.661302
0.741598 0.001810 0.002770 0.001366 0.000324 0.245114 0.007019 1.661489
0.744471 0.001774 0.002689 0.001346 0.000313 0.242388 0.007020 1.661676
0.747318 0.001732 0.002603 0.001301 0.000310 0.239713 0.007023 1.661858
0.750146 0.001691 0.002538 0.001259 0.000298 0.237040 0.007029 1.662032
0.752925 0.001664 0.002461 0.001224 0.000290 0.234405 0.007033 1.662190
0.755721 0.001638 0.002397 0.001188 0.000280 0.231740 0.007037 1.662349
0.758455 0.001621 0.002322 0.001166 0.000269 0.229126 0.007042 1.662504
0.761253 0.001571 0.002287 0.001148 0.000260 0.226435 0.007047 1.662682
0.763923 0.001534 0.002236 0.001127 0.000254 0.223877 0.007050 1.662852
0.766599 0.001498 0.002182 0.001080 0.000252 0.221339 0.007052 1.662995
0.769286 0.001481 0.002115 0.001036 0.000243 0.218782 0.007058 1.663132
0.771915 0.001446 0.002055 0.001008 0.000235 0.216281 0.007060 1.663278
0.774511 0.001430 0.001996 0.000983 0.000231 0.213786 0.007063 1.663415
0.776982 0.001405 0.001941 0.000954 0.000225 0.211424 0.007068 1.663546
0.779528 0.001391 0.001889 0.000948 0.000221 0.208955 0.007070 1.663685
0.781994 0.001386 0.001840 0.000921 0.000214 0.206571 0.007074 1.663806
0.784400 0.001368 0.001804 0.000901 0.000206 0.204245 0.007076 1.663935
0.786805 0.001363 0.001773 0.000882 0.000202 0.201894 0.007082 1.664071
0.789233 0.001352 0.001724 0.000860 0.000196 0.199551 0.007084 1.664185
0.791618 0.001325 0.001700 0.000837 0.000191 0.197243 0.007086 1.664325
0.793942 0.001321 0.001644 0.000821 0.000183 0.194999 0.007090 1.664438
0.796271 0.001308 0.001612 0.000796 0.000176 0.192745 0.007092 1.664552
0.798574 0.001281 0.001587 0.000785 0.000172 0.190506 0.007095 1.664676
0.800882 0.001230 0.001565 0.000768 0.000168 0.188290 0.007097 1.664815
0.803074 0.001213 0.001539 0.000760 0.000164 0.186151 0.007099 1.664934
0.805318 0.001201 0.001507 0.000752 0.000162 0.183961 0.007099 1.665052
0.807513 0.001176 0.001488 0.000743 0.000157 0.181822 0.007100 1.665172
0.809705 0.001157 0.001457 0.000724 0.000155 0.179699 0.007103 1.665276
0.811870 0.001135 0.001415 0.000717 0.000151 0.177610 0.007103 1.665383
0.813983 0.001123 0.001389 0.000709 0.000146 0.175546 0.007104 1.665494
0.816086 0.001091 0.001351 0.000698 0.000144 0.173524 0.007107 1.665601
0.818196 0.001063 0.001339 0.000681 0.000141 0.171472 0.007109 1.665703
0.820259 0.001051 0.001300 0.000661 0.000138 0.169481 0.007110 1.665793
0.822354 0.001023 0.001271 0.000651 0.000130 0.167458 0.007113 1.665893
0.824399 0.001005 0.001255 0.000632 0.000129 0.165467 0.007114 1.665992
0.826403 0.000999 0.001229 0.000621 0.000127 0.163506 0.007116 1.666088
0.828368 0.000972 0.001228 0.000618 0.000123 0.161575 0.007117 1.666197
0.830288 0.000949 0.001197 0.000606 0.000118 0.159721 0.007121 1.666301
0.832164 0.000939 0.001172 0.000599 0.000115 0.157888 0.007123 1.666391
0.834005 0.000941 0.001138 0.000590 0.000112 0.156089 0.007125 1.666480
0.835880 0.000911 0.001121 0.000588 0.000108 0.154267 0.007126 1.666575
0.837764 0.000906 0.001099 0.000576 0.000106 0.152421 0.007128 1.666662
0.839576 0.000894 0.001081 0.000564 0.000102 0.150652 0.007130 1.666752
0.841380 0.000881 0.001060 0.000550 0.000100 0.148898 0.007132 1.666832
0.843151 0.000853 0.001053 0.000540 0.000098 0.147171 0.007133 1.666927
0.844892 0.000832 0.001023 0.000535 0.000096 0.145487 0.007135 1.667012
0.846631 0.000809 0.000996 0.000528 0.000093 0.143805 0.007137 1.667095
0.848344 0.000792 0.000982 0.000524 0.000091 0.142128 0.007140 1.667180
0.850046 0.000780 0.000950 0.000516 0.000090 0.140477 0.007142 1.667257
0.851714 0.000764 0.000932 0.000512 0.000089 0.138847 0.007143 1.667334
0.853368 0.000735 0.000917 0.000504 0.000085 0.137248 0.007144 1.667420
0.855047 0.000742 0.000897 0.000484 0.000083 0.135603 0.007145 1.667478
0.856647 0.000721 0.000882 0.000472 0.000081 0.134052 0.007145 1.667556
0.858293 0.000715 0.000869 0.000465 0.000081 0.132431 0.007146 1.667627
0.859906 0.000696 0.000849 0.000469 0.000079 0.130855 0.007147 1.667703
0.861441 0.000681 0.000835 0.000467 0.000075 0.129353 0.007148 1.667776
0.863002 0.000673 0.000813 0.000449 0.000071 0.127842 0.007150 1.667839
0.864510 0.000668 0.000810 0.000435 0.000070 0.126354 0.007152 1.667905
0.866022 0.000672 0.000792 0.000425 0.000068 0.124868 0.007154 1.667966
0.867514 0.000673 0.000769 0.000416 0.000065 0.123409 0.007155 1.668022
0.868992 0.000674 0.000747 0.000406 0.000063 0.121961 0.007157 1.668078
0.870441 0.000680 0.000731 0.000401 0.000057 0.120532 0.007159 1.668129
0.871861 0.000680 0.000713 0.000401 0.000054 0.119129 0.007162 1.668196
0.873299 0.000672 0.000692 0.000396 0.000054 0.117725 0.007162 1.668251
0.874726 0.000658 0.000683 0.000396 0.000054 0.116321 0.007163 1.668315
0.876119 0.000645 0.000685 0.000385 0.000052 0.114951 0.007164 1.668375
0.877486 0.000638 0.000680 0.000376 0.000051 0.113604 0.007165 1.668435
0.878864 0.000624 0.000668 0.000370 0.000050 0.112260 0.007166 1.668495
0.880220 0.000616 0.000665 0.000363 0.000047 0.110923 0.007167 1.668553
0.881539 0.000608 0.000650 0.000359 0.000047 0.109630 0.007167 1.668606
0.882864 0.000592 0.000642 0.000356 0.000046 0.108332 0.007168 1.668671
0.884165 0.000563 0.000646 0.000354 0.000045 0.107059 0.007169 1.668740
0.885431 0.000549 0.000641 0.000356 0.000044 0.105810 0.007169 1.668801
0.886723 0.000542 0.000632 0.000338 0.000044 0.104551 0.007170 1.668850
0.888016 0.000539 0.000620 0.000327 0.000042 0.103287 0.007170 1.668894
0.889228 0.000531 0.000619 0.000322 0.000043 0.102087 0.007170 1.668947
0.890459 0.000522 0.000610 0.000317 0.000043 0.100880 0.007170 1.668998
0.891640 0.000523 0.000592 0.000305 0.000042 0.099728 0.007170 1.669040
0.892801 0.000508 0.000581 0.000307 0.000040 0.098592 0.007171 1.669091
0.893969 0.000519 0.000566 0.000300 0.000038 0.097438 0.007172 1.669131
0.895109 0.000521 0.000557 0.000288 0.000038 0.096315 0.007172 1.669172
0.896209 0.000517 0.000553 0.000284 0.000037 0.095228 0.007173 1.669219
0.897354 0.000501 0.000545 0.000286 0.000034 0.094108 0.007173 1.669273
0.898438 0.000492 0.000533 0.000283 0.000035 0.093047 0.007173 1.669323
0.899521 0.000497 0.000523 0.000278 0.000036 0.091972 0.007174 1.669370
0.900577 0.000483 0.000525 0.000277 0.000035 0.090928 0.007175 1.669428
0.901637 0.000469 0.000513 0.000280 0.000034 0.089894 0.007175 1.669471
0.902679 0.000463 0.000511 0.000275 0.000032 0.088864 0.007176 1.669519
0.903740 0.000459 0.000505 0.000270 0.000032 0.087818 0.007176 1.669570
0.904766 0.000458 0.000490 0.000267 0.000033 0.086810 0.007177 1.669607
0.905812 0.000461 0.000486 0.000261 0.000032 0.085771 0.007177 1.669647
0.906779 0.000456 0.000489 0.000259 0.000032 0.084808 0.007177 1.669698
0.907761 0.000444 0.000484 0.000261 0.000031 0.083841 0.007178 1.669744
0.908697 0.000445 0.000479 0.000253 0.000030 0.082918 0.007179 1.669781
0.909627 0.000424 0.000478 0.000257 0.000029 0.082006 0.007179 1.669835
0.910550 0.000420 0.000472 0.000253 0.000029 0.081097 0.007179 1.669877
0.911433 0.000426 0.000460 0.000246 0.000027 0.080230 0.007179 1.669917
0.912297 0.000418 0.000444 0.000240 0.000027 0.079394 0.007180 1.669954
0.913171 0.000410 0.000442 0.000235 0.000027 0.078536 0.007180 1.669993
0.914018 0.000400 0.000442 0.000232 0.000027 0.077701 0.007181 1.670033
0.914860 0.000396 0.000426 0.000234 0.000027 0.076877 0.007181 1.670069
0.915657 0.000388 0.000421 0.000227 0.000028 0.076098 0.007182 1.670110
0.916446 0.000379 0.000414 0.000221 0.000027 0.075332 0.007182 1.670151
0.917222 0.000384 0.000406 0.000216 0.000025 0.074564 0.007183 1.670186
0.918031 0.000375 0.000401 0.000211 0.000026 0.073773 0.007183 1.670223
0.918836 0.000370 0.000396 0.000205 0.000025 0.072986 0.007183 1.670259
0.919598 0.000356 0.000398 0.000205 0.000024 0.072234 0.007185 1.670299
0.920367 0.000352 0.000397 0.000200 0.000023 0.071478 0.007185 1.670331
0.921065 0.000335 0.000394 0.000205 0.000022 0.070794 0.007186 1.670374
0.921803 0.000334 0.000388 0.000199 0.000022 0.070069 0.007186 1.670408
0.922510 0.000335 0.000387 0.000194 0.000020 0.069369 0.007186 1.670442
0.923234 0.000334 0.000376 0.000192 0.000019 0.068658 0.007186 1.670471
0.923923 0.000329 0.000375 0.000197 0.000019 0.067972 0.007187 1.670509
0.924597 0.000330 0.000371 0.000188 0.000018 0.067309 0.007187 1.670539
0.925248 0.000334 0.000363 0.000187 0.000018 0.066664 0.007188 1.670567
0.925938 0.000324 0.000361 0.000180 0.000019 0.065989 0.007188 1.670599
0.926592 0.000326 0.000356 0.000183 0.000019 0.065337 0.007188 1.670630
0.927216 0.000322 0.000353 0.000176 0.000019 0.064726 0.007188 1.670658
0.927844 0.000323 0.000352 0.000168 0.000018 0.064106 0.007188 1.670686
0.928435 0.000317 0.000352 0.000169 0.000019 0.063519 0.007188 1.670719
0.929065 0.000309 0.000347 0.000169 0.000019 0.062903 0.007188 1.670749
0.929660 0.000302 0.000346 0.000168 0.000019 0.062316 0.007188 1.670782
0.930238 0.000297 0.000341 0.000170 0.000017 0.061748 0.007188 1.670813
0.930814 0.000289 0.000342 0.000175 0.000016 0.061175 0.007189 1.670843
0.931371 0.000280 0.000339 0.000167 0.000015 0.060638 0.007189 1.670872
0.931930 0.000280 0.000337 0.000162 0.000014 0.060086 0.007189 1.670899
0.932492 0.000277 0.000333 0.000158 0.000014 0.059537 0.007189 1.670928
0.933028 0.000281 0.000333 0.000155 0.000015 0.058999 0.007189 1.670954
0.933538 0.000282 0.000330 0.000159 0.000013 0.058486 0.007190 1.670981
0.934032 0.000289 0.000315 0.000157 0.000012 0.058003 0.007191 1.671003
0.934544 0.000276 0.000317 0.000153 0.000012 0.057506 0.007191 1.671035
0.935044 0.000275 0.000306 0.000153 0.000012 0.057019 0.007191 1.671056
0.935539 0.000272 0.000303 0.000150 0.000012 0.056533 0.007191 1.671081
0.936004 0.000267 0.000294 0.000148 0.000012 0.056084 0.007191 1.671108
0.936456 0.000259 0.000292 0.000150 0.000012 0.055641 0.007191 1.671135
0.936908 0.000250 0.000291 0.000149 0.000012 0.055199 0.007192 1.671163
0.937357 0.000242 0.000289 0.000145 0.000012 0.054763 0.007192 1.671186
0.937790 0.000235 0.000286 0.000144 0.000012 0.054342 0.007192 1.671213
0.938210 0.000230 0.000280 0.000137 0.000013 0.053937 0.007192 1.671237
0.938613 0.000226 0.000263 0.000134 0.000014 0.053558 0.007192 1.671258
0.939019 0.000223 0.000257 0.000125 0.000015 0.053168 0.007192 1.671277
0.939419 0.000219 0.000255 0.000125 0.000014 0.052775 0.007193 1.671299
0.939798 0.000215 0.000253 0.000125 0.000014 0.052401 0.007193 1.671321
0.940191 0.000209 0.000253 0.000125 0.000014 0.052014 0.007193 1.671345
0.940577 0.000207 0.000245 0.000124 0.000014 0.051640 0.007193 1.671362
0.940922 0.000192 0.000238 0.000129 0.000013 0.051310 0.007194 1.671390
0.941297 0.000188 0.000239 0.000126 0.000013 0.050944 0.007194 1.671414
0.941631 0.000190 0.000239 0.000121 0.000012 0.050613 0.007195 1.671434
0.941968 0.000189 0.000232 0.000120 0.000012 0.050284 0.007195 1.671453
0.942336 0.000190 0.000226 0.000117 0.000012 0.049924 0.007195 1.671468
0.942689 0.000185 0.000224 0.000114 0.000011 0.049583 0.007195 1.671490
0.943004 0.000180 0.000216 0.000115 0.000012 0.049278 0.007195 1.671510
0.943340 0.000180 0.000205 0.000111 0.000012 0.048957 0.007195 1.671525
0.943647 0.000177 0.000201 0.000112 0.000012 0.048657 0.007195 1.671542
0.943920 0.000186 0.000192 0.000107 0.000010 0.048389 0.007196 1.671555
0.944231 0.000184 0.000193 0.000106 0.000010 0.048080 0.007196 1.671574
0.944532 0.000186 0.000186 0.000110 0.000010 0.047780 0.007196 1.671590
0.944816 0.000176 0.000186 0.000112 0.000009 0.047503 0.007198 1.671614
0.945088 0.000172 0.000186 0.000110 0.000009 0.047239 0.007198 1.671631
0.945353 0.000169 0.000179 0.000110 0.000010 0.046982 0.007198 1.671648
0.945612 0.000164 0.000181 0.000108 0.000011 0.046727 0.007198 1.671666
0.945880 0.000162 0.000179 0.000104 0.000010 0.046467 0.007198 1.671684
0.946147 0.000170 0.000175 0.000098 0.000010 0.046203 0.007198 1.671695
0.946395 0.000162 0.000171 0.000098 0.000011 0.045964 0.007198 1.671714
0.946643 0.000163 0.000169 0.000093 0.000012 0.045720 0.007198 1.671730
0.946897 0.000159 0.000171 0.000093 0.000012 0.045470 0.007199 1.671746
0.947119 0.000162 0.000171 0.000089 0.000011 0.045248 0.007199 1.671758
0.947372 0.000159 0.000164 0.000090 0.000011 0.045004 0.007199 1.671774
0.947598 0.000152 0.000164 0.000090 0.000010 0.044786 0.007200 1.671791
0.947812 0.000151 0.000160 0.000087 0.000011 0.044580 0.007200 1.671805
0.948027 0.000154 0.000162 0.000086 0.000010 0.044361 0.007200 1.671821
0.948245 0.000156 0.000155 0.000082 0.000010 0.044152 0.007200 1.671830
0.948455 0.000155 0.000150 0.000081 0.000009 0.043951 0.007200 1.671841
0.948661 0.000157 0.000146 0.000079 0.000009 0.043749 0.007200 1.671852
0.948857 0.000153 0.000146 0.000072 0.000009 0.043563 0.007200 1.671867
0.949059 0.000151 0.000148 0.000071 0.000009 0.043361 0.007200 1.671881
0.949243 0.000143 0.000146 0.000073 0.000009 0.043186 0.007201 1.671901
0.949438 0.000136 0.000148 0.000074 0.000008 0.042994 0.007201 1.671918
0.949618 0.000133 0.000145 0.000074 0.000008 0.042820 0.007201 1.671931
0.949784 0.000136 0.000137 0.000072 0.000008 0.042662 0.007201 1.671940
0.949946 0.000141 0.000138 0.000073 0.000008 0.042493 0.007201 1.671953
0.950100 0.000143 0.000137 0.000073 0.000007 0.042338 0.007202 1.671965
0.950279 0.000144 0.000138 0.000073 0.000007 0.042156 0.007202 1.671977
0.950444 0.000137 0.000140 0.000073 0.000007 0.041997 0.007202 1.671994
0.950609 0.000133 0.000136 0.000072 0.000007 0.041839 0.007202 1.672007
0.950752 0.000131 0.000137 0.000073 0.000007 0.041699 0.007202 1.672020
0.950907 0.000121 0.000136 0.000076 0.000007 0.041551 0.007202 1.672037
0.951060 0.000119 0.000127 0.000076 0.000007 0.041409 0.007202 1.672050
0.951205 0.000122 0.000126 0.000074 0.000007 0.041264 0.007202 1.672058
0.951328 0.000121 0.000125 0.000072 0.000007 0.041145 0.007202 1.672068
0.951460 0.000123 0.000126 0.000071 0.000007 0.041011 0.007202 1.672076
0.951590 0.000120 0.000125 0.000070 0.000007 0.040886 0.007202 1.672090
0.951706 0.000115 0.000124 0.000073 0.000006 0.040773 0.007203 1.672109
0.951840 0.000117 0.000125 0.000068 0.000006 0.040641 0.007203 1.672119
0.951969 0.000122 0.000122 0.000064 0.000006 0.040514 0.007203 1.672128
0.952081 0.000117 0.000121 0.000062 0.000006 0.040410 0.007203 1.672143
0.952202 0.000117 0.000118 0.000061 0.000007 0.040291 0.007203 1.672152
0.952323 0.000114 0.000118 0.000064 0.000007 0.040172 0.007203 1.672165
0.952426 0.000116 0.000115 0.000060 0.000006 0.040073 0.007203 1.672173
0.952534 0.000114 0.000114 0.000063 0.000006 0.039967 0.007203 1.672184
0.952640 0.000115 0.000107 0.000060 0.000006 0.039870 0.007203 1.672191
0.952750 0.000114 0.000112 0.000058 0.000006 0.039756 0.007203 1.672203
0.952859 0.000114 0.000112 0.000057 0.000006 0.039649 0.007203 1.672214
0.952952 0.000112 0.000114 0.000060 0.000006 0.039553 0.007203 1.672227
0.953054 0.000107 0.000112 0.000061 0.000005 0.039458 0.007203 1.672238
0.953140 0.000105 0.000113 0.000060 0.000005 0.039374 0.007203 1.672250
0.953225 0.000107 0.000110 0.000059 0.000005 0.039290 0.007203 1.672257
0.953320 0.000099 0.000112 0.000057 0.000005 0.039203 0.007203 1.672270
0.953402 0.000100 0.000110 0.000056 0.000005 0.039125 0.007203 1.672277
0.953484 0.000103 0.000110 0.000051 0.000005 0.039044 0.007203 1.672286
0.953554 0.000103 0.000111 0.000051 0.000004 0.038974 0.007203 1.672298
0.953626 0.000101 0.000108 0.000054 0.000004 0.038905 0.007203 1.672308
0.953706 0.000097 0.000112 0.000050 0.000004 0.038828 0.007203 1.672321
0.953785 0.000090 0.000109 0.000051 0.000003 0.038759 0.007203 1.672334
0.953854 0.000091 0.000105 0.000050 0.000003 0.038694 0.007203 1.672341
0.953923 0.000095 0.000103 0.000050 0.000003 0.038622 0.007203 1.672349
0.953986 0.000094 0.000102 0.000050 0.000004 0.038560 0.007203 1.672359
0.954068 0.000094 0.000102 0.000049 0.000004 0.038480 0.007203 1.672369
0.954141 0.000095 0.000096 0.000047 0.000004 0.038414 0.007203 1.672375
0.954202 0.000094 0.000092 0.000048 0.000004 0.038357 0.007203 1.672385
0.954271 0.000089 0.000090 0.000050 0.000004 0.038293 0.007203 1.672395
0.954334 0.000086 0.000089 0.000047 0.000004 0.038237 0.007203 1.672402
0.954406 0.000081 0.000088 0.000049 0.000004 0.038171 0.007203 1.672412
0.954473 0.000076 0.000090 0.000050 0.000004 0.038105 0.007203 1.672424
0.954534 0.000079 0.000085 0.000050 0.000004 0.038045 0.007203 1.672431
0.954594 0.000076 0.000088 0.000048 0.000004 0.037987 0.007203 1.672443
0.954641 0.000077 0.000082 0.000048 0.000004 0.037945 0.007203 1.672451
0.954694 0.000078 0.000081 0.000046 0.000003 0.037895 0.007203 1.672456
0.954738 0.000080 0.000079 0.000045 0.000003 0.037851 0.007203 1.672460
0.954790 0.000078 0.000081 0.000044 0.000003 0.037801 0.007203 1.672469
0.954845 0.000076 0.000079 0.000043 0.000003 0.037752 0.007203 1.672476
0.954906 0.000072 0.000083 0.000042 0.000003 0.037691 0.007203 1.672484
0.954957 0.000075 0.000079 0.000039 0.000002 0.037644 0.007204 1.672488
0.955010 0.000074 0.000074 0.000038 0.000002 0.037599 0.007204 1.672494
0.955060 0.000075 0.000073 0.000039 0.000002 0.037548 0.007204 1.672503
0.955105 0.000075 0.000072 0.000039 0.000002 0.037502 0.007204 1.672511
0.955150 0.000075 0.000069 0.000040 0.000002 0.037459 0.007204 1.672515
0.955193 0.000071 0.000068 0.000038 0.000002 0.037424 0.007204 1.672525
0.955230 0.000069 0.000069 0.000039 0.000002 0.037387 0.007204 1.672534
0.955265 0.000069 0.000065 0.000040 0.000002 0.037355 0.007204 1.672538
0.955301 0.000066 0.000063 0.000040 0.000002 0.037325 0.007204 1.672546
0.955332 0.000064 0.000068 0.000040 0.000002 0.037291 0.007204 1.672554
0.955362 0.000064 0.000064 0.000040 0.000002 0.037265 0.007204 1.672560
0.955400 0.000066 0.000062 0.000041 0.000002 0.037226 0.007204 1.672565
0.955426 0.000065 0.000063 0.000038 0.000003 0.037201 0.007204 1.672571
0.955457 0.000064 0.000063 0.000039 0.000003 0.037171 0.007204 1.672578
0.955483 0.000063 0.000064 0.000039 0.000003 0.037145 0.007204 1.672586
0.955512 0.000060 0.000065 0.000039 0.000002 0.037119 0.007204 1.672593
0.955542 0.000058 0.000067 0.000039 0.000002 0.037088 0.007204 1.672601
0.955572 0.000058 0.000069 0.000038 0.000002 0.037057 0.007204 1.672608
0.955611 0.000056 0.000067 0.000038 0.000002 0.037023 0.007204 1.672614
0.955645 0.000055 0.000064 0.000037 0.000003 0.036993 0.007204 1.672618
0.955676 0.000055 0.000061 0.000038 0.000003 0.036965 0.007204 1.672623
0.955708 0.000053 0.000060 0.000038 0.000003 0.036935 0.007204 1.672630
0.955742 0.000056 0.000062 0.000035 0.000003 0.036898 0.007204 1.672633
0.955772 0.000059 0.000058 0.000034 0.000003 0.036870 0.007204 1.672634
0.955802 0.000062 0.000059 0.000033 0.000003 0.036838 0.007204 1.672641
0.955828 0.000059 0.000061 0.000033 0.000003 0.036813 0.007204 1.672649
0.955856 0.000055 0.000063 0.000032 0.000003 0.036788 0.007204 1.672656
0.955883 0.000054 0.000059 0.000032 0.000003 0.036765 0.007204 1.672659
0.955909 0.000051 0.000060 0.000030 0.000003 0.036744 0.007204 1.672666
0.955936 0.000052 0.000060 0.000029 0.000002 0.036718 0.007204 1.672671
0.955960 0.000055 0.000058 0.000026 0.000002 0.036694 0.007205 1.672675
0.955991 0.000053 0.000056 0.000026 0.000002 0.036669 0.007205 1.672680
0.956014 0.000051 0.000056 0.000029 0.000002 0.036643 0.007205 1.672687
0.956029 0.000053 0.000052 0.000029 0.000002 0.036630 0.007205 1.672691
0.956053 0.000052 0.000050 0.000028 0.000002 0.036611 0.007205 1.672697
0.956076 0.000049 0.000053 0.000028 0.000002 0.036589 0.007205 1.672703
0.956097 0.000046 0.000053 0.000026 0.000002 0.036572 0.007205 1.672709
0.956122 0.000046 0.000051 0.000026 0.000002 0.036549 0.007205 1.672712
0.956139 0.000049 0.000052 0.000025 0.000002 0.036528 0.007205 1.672715
0.956162 0.000045 0.000047 0.000029 0.000002 0.036510 0.007205 1.672721
0.956183 0.000045 0.000047 0.000030 0.000002 0.036489 0.007205 1.672727
0.956204 0.000044 0.000047 0.000030 0.000002 0.036470 0.007205 1.672731
0.956226 0.000039 0.000049 0.000030 0.000002 0.036450 0.007205 1.672738
0.956251 0.000037 0.000049 0.000031 0.000002 0.036426 0.007205 1.672743
0.956271 0.000041 0.000047 0.000030 0.000002 0.036404 0.007205 1.672745
0.956291 0.000042 0.000047 0.000029 0.000002 0.036384 0.007205 1.672748
0.956309 0.000042 0.000047 0.000028 0.000002 0.036367 0.007205 1.672754
0.956327 0.000042 0.000049 0.000027 0.000003 0.036348 0.007205 1.672758
0.956338 0.000049 0.000048 0.000026 0.000003 0.036332 0.007205 1.672760
0.956355 0.000051 0.000047 0.000027 0.000002 0.036313 0.007205 1.672764
0.956372 0.000056 0.000049 0.000025 0.000002 0.036291 0.007205 1.672767
0.956381 0.000056 0.000050 0.000025 0.000002 0.036281 0.007205 1.672775
0.956402 0.000056 0.000050 0.000025 0.000002 0.036261 0.007205 1.672781
0.956417 0.000053 0.000052 0.000024 0.000002 0.036248 0.007205 1.672787
0.956438 0.000056 0.000049 0.000024 0.000002 0.036227 0.007205 1.672789
0.956456 0.000055 0.000047 0.000025 0.000002 0.036210 0.007205 1.672794
0.956474 0.000056 0.000048 0.000025 0.000002 0.036191 0.007205 1.672800
0.956491 0.000057 0.000048 0.000024 0.000002 0.036173 0.007205 1.672803
0.956506 0.000055 0.000049 0.000023 0.000002 0.036160 0.007205 1.672810
0.956518 0.000050 0.000051 0.000019 0.000002 0.036156 0.007205 1.672817
0.956531 0.000054 0.000049 0.000018 0.000002 0.036141 0.007205 1.672820
0.956551 0.000051 0.000050 0.000018 0.000002 0.036124 0.007205 1.672826
0.956569 0.000048 0.000050 0.000018 0.000002 0.036108 0.007205 1.672833
0.956582 0.000049 0.000050 0.000017 0.000002 0.036095 0.007205 1.672836
0.956594 0.000052 0.000047 0.000017 0.000002 0.036082 0.007205 1.672838
0.956608 0.000049 0.000047 0.000018 0.000002 0.036071 0.007205 1.672842
0.956623 0.000048 0.000045 0.000018 0.000002 0.036060 0.007205 1.672846
0.956640 0.000046 0.000045 0.000019 0.000002 0.036043 0.007205 1.672852
0.956647 0.000048 0.000044 0.000019 0.000002 0.036036 0.007205 1.672856
0.956656 0.000047 0.000046 0.000021 0.000002 0.036024 0.007205 1.672864
0.956671 0.000045 0.000047 0.000019 0.000001 0.036012 0.007205 1.672867
0.956682 0.000047 0.000045 0.000018 0.000001 0.036001 0.007205 1.672869
0.956694 0.000046 0.000045 0.000019 0.000002 0.035990 0.007205 1.672874
0.956703 0.000045 0.000045 0.000020 0.000002 0.035981 0.007205 1.672878
0.956717 0.000042 0.000046 0.000020 0.000001 0.035969 0.007205 1.672882
0.956726 0.000041 0.000048 0.000020 0.000001 0.035959 0.007205 1.672885
0.956736 0.000040 0.000045 0.000022 0.000001 0.035951 0.007205 1.672889
0.956747 0.000040 0.000043 0.000019 0.000001 0.035945 0.007205 1.672891
0.956753 0.000037 0.000043 0.000022 0.000001 0.035939 0.007205 1.672897
0.956762 0.000037 0.000043 0.000021 0.000001 0.035931 0.007205 1.672900
0.956769 0.000036 0.000044 0.000020 0.000002 0.035924 0.007205 1.672904
0.956781 0.000033 0.000046 0.000020 0.000002 0.035914 0.007205 1.672908
0.956788 0.000032 0.000045 0.000020 0.000002 0.035908 0.007205 1.672912
0.956797 0.000030 0.000044 0.000020 0.000002 0.035903 0.007205 1.672916
0.956810 0.000030 0.000044 0.000019 0.000002 0.035890 0.007205 1.672918
0.956818 0.000029 0.000041 0.000019 0.000002 0.035886 0.007205 1.672921
0.956830 0.000028 0.000041 0.000017 0.000002 0.035877 0.007205 1.672925
0.956838 0.000027 0.000041 0.000016 0.000002 0.035870 0.007205 1.672928
0.956843 0.000029 0.000039 0.000016 0.000002 0.035865 0.007205 1.672930
0.956853 0.000029 0.000039 0.000016 0.000002 0.035856 0.007205 1.672932
0.956863 0.000027 0.000040 0.000016 0.000002 0.035848 0.007205 1.672934
0.956868 0.000028 0.000038 0.000016 0.000002 0.035845 0.007205 1.672937
0.956878 0.000029 0.000037 0.000016 0.000002 0.035834 0.007205 1.672938
0.956884 0.000030 0.000036 0.000015 0.000002 0.035830 0.007205 1.672940
0.956889 0.000031 0.000038 0.000015 0.000002 0.035822 0.007205 1.672944
0.956894 0.000032 0.000038 0.000015 0.000002 0.035814 0.007205 1.672946
0.956899 0.000033 0.000039 0.000014 0.000002 0.035808 0.007205 1.672948
0.956907 0.000033 0.000036 0.000013 0.000002 0.035804 0.007205 1.672951
0.956911 0.000033 0.000036 0.000012 0.000002 0.035801 0.007205 1.672953
0.956918 0.000034 0.000034 0.000013 0.000001 0.035794 0.007205 1.672957
0.956922 0.000037 0.000034 0.000014 0.000001 0.035786 0.007205 1.672960
0.956933 0.000035 0.000037 0.000014 0.000001 0.035775 0.007205 1.672963
0.956939 0.000037 0.000036 0.000013 0.000001 0.035769 0.007205 1.672967
0.956947 0.000037 0.000034 0.000013 0.000000 0.035763 0.007206 1.672968
0.956955 0.000035 0.000036 0.000011 0.000000 0.035756 0.007206 1.672973
0.956959 0.000033 0.000034 0.000014 0.000000 0.035754 0.007206 1.672978
0.956964 0.000035 0.000035 0.000013 0.000000 0.035747 0.007206 1.672981
0.956969 0.000034 0.000037 0.000015 0.000000 0.035740 0.007206 1.672987
0.956976 0.000036 0.000037 0.000014 0.000000 0.035731 0.007206 1.672990
0.956982 0.000035 0.000036 0.000014 0.000000 0.035725 0.007206 1.672994
0.956987 0.000037 0.000033 0.000014 0.000000 0.035723 0.007206 1.672997
0.956994 0.000036 0.000033 0.000016 0.000000 0.035715 0.007206 1.673002
0.957000 0.000035 0.000031 0.000016 0.000000 0.035712 0.007206 1.673005
0.957006 0.000032 0.000033 0.000016 0.000001 0.035706 0.007206 1.673010
0.957017 0.000032 0.000031 0.000016 0.000001 0.035697 0.007206 1.673012
0.957023 0.000029 0.000035 0.000015 0.000001 0.035692 0.007206 1.673017
0.957028 0.000028 0.000034 0.000013 0.000001 0.035690 0.007206 1.673020
0.957035 0.000028 0.000033 0.000012 0.000001 0.035686 0.007206 1.673023
0.957040 0.000027 0.000033 0.000012 0.000002 0.035681 0.007206 1.673025
0.957042 0.000030 0.000032 0.000010 0.000002 0.035679 0.007206 1.673028
0.957045 0.000029 0.000033 0.000010 0.000002 0.035676 0.007206 1.673032
0.957049 0.000027 0.000033 0.000010 0.000001 0.035674 0.007206 1.673034
0.957057 0.000026 0.000035 0.000010 0.000001 0.035665 0.007206 1.673038
0.957063 0.000026 0.000032 0.000009 0.000001 0.035663 0.007206 1.673039
0.957065 0.000025 0.000031 0.000010 0.000000 0.035662 0.007206 1.673043
0.957073 0.000023 0.000031 0.000010 0.000000 0.035655 0.007206 1.673046
0.957079 0.000021 0.000031 0.000012 0.000000 0.035650 0.007206 1.673051
0.957084 0.000020 0.000032 0.000010 0.000000 0.035646 0.007206 1.673053
0.957087 0.000021 0.000031 0.000010 0.000000 0.035643 0.007206 1.673055
0.957090 0.000022 0.000030 0.000010 0.000000 0.035641 0.007206 1.673056
0.957097 0.000021 0.000029 0.000010 0.000000 0.035637 0.007206 1.673058
0.957102 0.000019 0.000030 0.000009 0.000000 0.035633 0.007206 1.673061
0.957112 0.000019 0.000029 0.000009 0.000000 0.035624 0.007206 1.673062
0.957113 0.000021 0.000028 0.000009 0.000000 0.035621 0.007206 1.673063
0.957114 0.000023 0.000025 0.000008 0.000000 0.035623 0.007206 1.673064
0.957118 0.000021 0.000025 0.000009 0.000000 0.035619 0.007206 1.673067
0.957123 0.000022 0.000024 0.000009 0.000000 0.035615 0.007206 1.673068
0.957128 0.000019 0.000023 0.000010 0.000000 0.035613 0.007206 1.673071
0.957132 0.000020 0.000022 0.000009 0.000000 0.035610 0.007206 1.673072
0.957134 0.000021 0.000021 0.000009 0.000000 0.035609 0.007206 1.673075
0.957138 0.000017 0.000024 0.000009 0.000000 0.035605 0.007206 1.673079
0.957144 0.000017 0.000023 0.000011 0.000000 0.035599 0.007206 1.673081
0.957150 0.000016 0.000023 0.000011 0.000000 0.035594 0.007206 1.673084
0.957155 0.000016 0.000022 0.000011 0.000000 0.035590 0.007206 1.673085
0.957158 0.000017 0.000021 0.000011 0.000001 0.035586 0.007206 1.673085
0.957163 0.000018 0.000019 0.000010 0.000000 0.035583 0.007206 1.673086
0.957168 0.000018 0.000019 0.000010 0.000000 0.035577 0.007206 1.673087
0.957169 0.000018 0.000017 0.000011 0.000000 0.035579 0.007206 1.673088
0.957173 0.000019 0.000016 0.000011 0.000000 0.035576 0.007206 1.673089
0.957178 0.000019 0.000015 0.000010 0.000000 0.035571 0.007206 1.673090
0.957182 0.000019 0.000017 0.000010 0.000000 0.035567 0.007206 1.673091
0.957186 0.000019 0.000017 0.000010 0.000000 0.035562 0.007206 1.673093
0.957190 0.000017 0.000017 0.000010 0.000000 0.035559 0.007206 1.673095
0.957193 0.000016 0.000019 0.000011 0.000000 0.035555 0.007206 1.673098
0.957197 0.000017 0.000020 0.000010 0.000000 0.035550 0.007206 1.673099
0.957198 0.000017 0.000019 0.000009 0.000000 0.035551 0.007206 1.673100
0.957202 0.000017 0.000017 0.000010 0.000000 0.035548 0.007206 1.673102
0.957203 0.000016 0.000018 0.000010 0.000000 0.035546 0.007206 1.673104
0.957207 0.000015 0.000017 0.000010 0.000000 0.035544 0.007206 1.673105
0.957210 0.000017 0.000017 0.000010 0.000000 0.035541 0.007206 1.673106
0.957212 0.000018 0.000016 0.000009 0.000000 0.035539 0.007206 1.673106
0.957217 0.000018 0.000014 0.000008 0.000000 0.035535 0.007206 1.673106
0.957221 0.000018 0.000015 0.000008 0.000000 0.035531 0.007206 1.673107
0.957224 0.000017 0.000014 0.000008 0.000000 0.035531 0.007206 1.673108
0.957225 0.000019 0.000013 0.000007 0.000000 0.035530 0.007206 1.673109
0.957227 0.000020 0.000013 0.000007 0.000000 0.035527 0.007206 1.673110
0.957227 0.000021 0.000013 0.000007 0.000000 0.035526 0.007206 1.673111
0.957230 0.000021 0.000011 0.000006 0.000000 0.035525 0.007206 1.673112
0.957230 0.000024 0.000012 0.000006 0.000000 0.035522 0.007206 1.673114
0.957231 0.000023 0.000013 0.000006 0.000000 0.035522 0.007206 1.673116
0.957233 0.000020 0.000014 0.000006 0.000000 0.035520 0.007206 1.673119
0.957235 0.000019 0.000015 0.000006 0.000000 0.035518 0.007206 1.673122
0.957237 0.000020 0.000014 0.000006 0.000000 0.035517 0.007206 1.673123
0.957237 0.000021 0.000015 0.000006 0.000000 0.035516 0.007206 1.673124
0.957241 0.000020 0.000016 0.000006 0.000000 0.035510 0.007206 1.673126
0.957242 0.000021 0.000016 0.000006 0.000000 0.035509 0.007206 1.673127
0.957244 0.000022 0.000016 0.000006 0.000000 0.035507 0.007206 1.673128
0.957248 0.000021 0.000014 0.000006 0.000000 0.035505 0.007206 1.673129
0.957251 0.000021 0.000013 0.000006 0.000000 0.035502 0.007206 1.673130
0.957250 0.000023 0.000013 0.000006 0.000000 0.035502 0.007206 1.673131
0.957252 0.000022 0.000015 0.000006 0.000000 0.035499 0.007206 1.673133
0.957251 0.000023 0.000014 0.000005 0.000000 0.035501 0.007206 1.673134
0.957251 0.000023 0.000015 0.000005 0.000000 0.035500 0.007206 1.673136
0.957251 0.000022 0.000017 0.000004 0.000000 0.035500 0.007206 1.673138
0.957252 0.000022 0.000015 0.000007 0.000000 0.035498 0.007206 1.673141
0.957253 0.000023 0.000014 0.000006 0.000000 0.035497 0.007206 1.673142
0.957251 0.000022 0.000016 0.000006 0.000000 0.035498 0.007206 1.673145
0.957253 0.000022 0.000017 0.000006 0.000000 0.035495 0.007206 1.673146
0.957254 0.000022 0.000018 0.000005 0.000000 0.035494 0.007206 1.673148
0.957253 0.000021 0.000017 0.000006 0.000000 0.035497 0.007206 1.673150
0.957253 0.000020 0.000018 0.000006 0.000001 0.035496 0.007206 1.673152
0.957254 0.000021 0.000017 0.000005 0.000001 0.035496 0.007206 1.673153
0.957255 0.000020 0.000017 0.000007 0.000001 0.035494 0.007206 1.673155
0.957256 0.000021 0.000017 0.000008 0.000001 0.035492 0.007206 1.673156
0.957258 0.000019 0.000017 0.000008 0.000001 0.035491 0.007206 1.673158
0.957259 0.000017 0.000017 0.000008 0.000001 0.035492 0.007206 1.673161
0.957260 0.000016 0.000018 0.000010 0.000001 0.035489 0.007206 1.673163
0.957262 0.000017 0.000018 0.000010 0.000001 0.035487 0.007206 1.673164
0.957263 0.000017 0.000018 0.000010 0.000001 0.035485 0.007206 1.673165
0.957261 0.000021 0.000018 0.000010 0.000001 0.035483 0.007206 1.673165
0.957261 0.000020 0.000018 0.000008 0.000002 0.035484 0.007206 1.673167
0.957262 0.000022 0.000018 0.000008 0.000002 0.035483 0.007206 1.673168
0.957262 0.000021 0.000019 0.000009 0.000002 0.035481 0.007206 1.673171
0.957261 0.000021 0.000020 0.000007 0.000002 0.035483 0.007206 1.673173
0.957260 0.000019 0.000021 0.000008 0.000002 0.035483 0.007206 1.673177
0.957259 0.000022 0.000022 0.000008 0.000002 0.035481 0.007206 1.673178
0.957260 0.000021 0.000022 0.000008 0.000002 0.035481 0.007206 1.673180
0.957262 0.000022 0.000022 0.000007 0.000002 0.035479 0.007206 1.673181
0.957262 0.000023 0.000022 0.000007 0.000002 0.035478 0.007206 1.673182
0.957263 0.000021 0.000023 0.000008 0.000002 0.035477 0.007206 1.673186
0.957262 0.000021 0.000022 0.000008 0.000002 0.035480 0.007206 1.673188
0.957260 0.000024 0.000018 0.000008 0.000002 0.035482 0.007206 1.673189
0.957260 0.000024 0.000018 0.000008 0.000002 0.035482 0.007206 1.673191
0.957259 0.000023 0.000019 0.000008 0.000002 0.035483 0.007206 1.673193
0.957259 0.000023 0.000018 0.000008 0.000002 0.035484 0.007206 1.673195
0.957259 0.000024 0.000016 0.000009 0.000002 0.035485 0.007206 1.673197
0.957259 0.000023 0.000017 0.000009 0.000000 0.035485 0.007207 1.673199
0.957259 0.000020 0.000018 0.000010 0.000000 0.035485 0.007207 1.673203
0.957260 0.000021 0.000017 0.000010 0.000000 0.035485 0.007207 1.673204
0.957262 0.000022 0.000016 0.000011 0.000000 0.035483 0.007207 1.673205
0.957263 0.000022 0.000014 0.000010 0.000000 0.035483 0.007207 1.673206
0.957265 0.000021 0.000015 0.000011 0.000000 0.035481 0.007207 1.673208
0.957267 0.000019 0.000015 0.000010 0.000000 0.035481 0.007207 1.673210
0.957268 0.000019 0.000016 0.000010 0.000000 0.035479 0.007207 1.673212
0.957269 0.000018 0.000017 0.000010 0.000000 0.035478 0.007207 1.673214
0.957269 0.000017 0.000017 0.000012 0.000000 0.035478 0.007207 1.673217
0.957269 0.000017 0.000018 0.000010 0.000000 0.035479 0.007207 1.673218
0.957269 0.000018 0.000019 0.000010 0.000000 0.035477 0.007207 1.673220
0.957272 0.000017 0.000020 0.000010 0.000000 0.035473 0.007207 1.673222
0.957275 0.000016 0.000020 0.000010 0.000000 0.035472 0.007207 1.673224
0.957275 0.000015 0.000019 0.000011 0.000000 0.035472 0.007207 1.673226
0.957275 0.000016 0.000019 0.000010 0.000000 0.035472 0.007207 1.673228
0.957273 0.000018 0.000019 0.000010 0.000000 0.035474 0.007207 1.673229
0.957273 0.000016 0.000019 0.000009 0.000000 0.035475 0.007207 1.673231
