0.999806 0.000153 0.000028 0.000013 0.000000 0.000000 0.000000
0.999745 0.000180 0.000030 0.000006 0.000000 0.000039 0.000000
0.999467 0.000439 0.000053 0.000016 0.000000 0.000025 0.000000
0.999092 0.000766 0.000067 0.000030 0.000000 0.000046 0.000000
0.998637 0.001146 0.000116 0.000045 0.000000 0.000055 0.000000
0.997809 0.001820 0.000191 0.000112 0.000000 0.000069 0.000000
0.996368 0.003022 0.000327 0.000178 0.000000 0.000105 0.000000
0.995024 0.004104 0.000463 0.000265 0.000000 0.000145 0.000000
0.992660 0.005931 0.000764 0.000428 0.000000 0.000217 0.000000
0.989710 0.008121 0.001183 0.000654 0.000000 0.000332 0.000000
0.985372 0.011537 0.001714 0.000914 0.000001 0.000463 0.000000
0.979556 0.016142 0.002407 0.001251 0.000002 0.000642 0.000000
0.971421 0.022401 0.003434 0.001783 0.000006 0.000956 0.000000
0.962193 0.029430 0.004633 0.002365 0.000004 0.001374 0.000000
0.949790 0.038720 0.006338 0.003239 0.000004 0.001908 0.000000
0.935389 0.049259 0.008419 0.004338 0.000005 0.002589 0.000000
0.919092 0.060841 0.011071 0.005582 0.000011 0.003403 0.000000
0.903304 0.071877 0.013613 0.006877 0.000013 0.004317 0.000000
0.883927 0.084956 0.016973 0.008557 0.000021 0.005565 0.000000
0.864226 0.097836 0.020493 0.010361 0.000033 0.007051 0.000000
0.843460 0.110876 0.024368 0.012340 0.000036 0.008920 0.000000
0.822837 0.123127 0.028546 0.014456 0.000040 0.010993 0.000001
0.801537 0.135125 0.032991 0.016902 0.000046 0.013398 0.000001
0.779221 0.147211 0.037903 0.019503 0.000058 0.016103 0.000001
0.757464 0.158219 0.042965 0.022110 0.000071 0.019170 0.000001
0.735323 0.168589 0.048357 0.024864 0.000080 0.022786 0.000001
0.712895 0.178120 0.054291 0.027701 0.000101 0.026891 0.000001
0.692034 0.185968 0.059906 0.030553 0.000120 0.031418 0.000002
0.673563 0.191504 0.065147 0.033355 0.000141 0.036287 0.000002
0.657046 0.195308 0.070141 0.036077 0.000161 0.041265 0.000002
0.639701 0.198467 0.075684 0.038905 0.000179 0.047062 0.000002
0.624244 0.200565 0.080461 0.041589 0.000198 0.052939 0.000004
0.608639 0.202240 0.085237 0.044237 0.000221 0.059421 0.000005
0.593442 0.203492 0.089874 0.046620 0.000250 0.066317 0.000006
0.578384 0.204351 0.094389 0.049034 0.000279 0.073556 0.000008
0.564734 0.204348 0.098600 0.051207 0.000308 0.080794 0.000009
0.550567 0.203695 0.102885 0.053577 0.000335 0.088932 0.000010
0.537918 0.202506 0.106562 0.055548 0.000360 0.097096 0.000010
0.527005 0.200440 0.109745 0.057300 0.000382 0.105115 0.000012
0.514272 0.197956 0.113450 0.059253 0.000417 0.114638 0.000014
0.502675 0.195117 0.116712 0.060986 0.000452 0.124044 0.000015
0.493587 0.191674 0.119025 0.062232 0.000480 0.132985 0.000017
0.483237 0.188323 0.121563 0.063576 0.000506 0.142777 0.000019
0.472871 0.184738 0.123839 0.064702 0.000538 0.153291 0.000020
0.464603 0.180940 0.125529 0.065658 0.000565 0.162684 0.000022
0.456038 0.176630 0.127284 0.066748 0.000598 0.172678 0.000024
0.447803 0.171731 0.128674 0.067732 0.000616 0.183418 0.000026
0.441048 0.167007 0.129391 0.068152 0.000634 0.193738 0.000030
0.434857 0.161768 0.129879 0.068312 0.000676 0.204478 0.000030
0.429098 0.157014 0.130287 0.068329 0.000711 0.214531 0.000031
0.425016 0.152394 0.129978 0.068241 0.000731 0.223607 0.000033
0.420079 0.147275 0.129651 0.068095 0.000759 0.234108 0.000034
0.416339 0.142680 0.129265 0.067992 0.000782 0.242906 0.000037
0.413380 0.137427 0.128172 0.067534 0.000811 0.252637 0.000039
0.409916 0.133281 0.127150 0.067205 0.000846 0.261563 0.000040
0.407722 0.128187 0.125686 0.066463 0.000888 0.271013 0.000042
0.405981 0.124195 0.124079 0.065690 0.000905 0.279106 0.000043
0.403453 0.120518 0.122619 0.065050 0.000935 0.287377 0.000047
0.401089 0.116607 0.120997 0.064170 0.000958 0.296125 0.000054
0.398649 0.113366 0.119487 0.063288 0.000964 0.304189 0.000057
0.396304 0.109326 0.117616 0.062289 0.000978 0.313426 0.000061
0.394108 0.107095 0.116316 0.061576 0.000987 0.319856 0.000062
0.392029 0.103580 0.114512 0.060701 0.001003 0.328113 0.000063
0.389373 0.100493 0.112715 0.059844 0.001015 0.336492 0.000068
0.387682 0.097351 0.110764 0.058806 0.001020 0.344303 0.000073
0.385971 0.093782 0.108957 0.057893 0.001030 0.352289 0.000077
0.384427 0.090835 0.107491 0.057081 0.001048 0.359036 0.000082
0.383511 0.087683 0.105344 0.055959 0.001062 0.366358 0.000083
0.382750 0.084444 0.103195 0.054864 0.001058 0.373602 0.000086
0.382209 0.081281 0.101191 0.053744 0.001062 0.380424 0.000090
0.382252 0.078666 0.099392 0.052691 0.001056 0.385850 0.000093
0.382170 0.075365 0.097133 0.051449 0.001066 0.392719 0.000098
0.382635 0.072779 0.094912 0.050340 0.001057 0.398175 0.000101
0.383237 0.070153 0.092766 0.049268 0.001059 0.403412 0.000105
0.384059 0.067763 0.090325 0.048225 0.001064 0.408455 0.000109
0.384921 0.065042 0.088001 0.046933 0.001074 0.413913 0.000116
0.386030 0.062996 0.086026 0.045813 0.001073 0.417945 0.000118
0.387509 0.060838 0.083643 0.044562 0.001072 0.422257 0.000120
0.388799 0.058783 0.081719 0.043444 0.001063 0.426069 0.000123
0.390398 0.057009 0.079726 0.042357 0.001069 0.429314 0.000125
0.392136 0.054916 0.077392 0.041075 0.001059 0.433293 0.000129
0.393910 0.053338 0.075520 0.040016 0.001058 0.436025 0.000133
0.395546 0.051732 0.073417 0.039015 0.001058 0.439094 0.000137
0.397918 0.049939 0.070915 0.037748 0.001052 0.442283 0.000143
0.399806 0.048872 0.069240 0.036920 0.001036 0.443979 0.000147
0.401938 0.047736 0.067501 0.035977 0.001036 0.445664 0.000148
0.404202 0.046620 0.065807 0.034994 0.001020 0.447204 0.000153
0.406199 0.045591 0.064286 0.034095 0.001007 0.448666 0.000156
0.408521 0.044523 0.062395 0.033105 0.000997 0.450295 0.000165
0.410969 0.043444 0.060555 0.032113 0.000988 0.451760 0.000172
0.413382 0.042706 0.058882 0.031196 0.000979 0.452677 0.000177
0.416018 0.041732 0.057011 0.030248 0.000961 0.453848 0.000182
0.418361 0.041103 0.055516 0.029505 0.000940 0.454386 0.000188
0.420545 0.040479 0.054311 0.028935 0.000930 0.454611 0.000188
0.422900 0.039813 0.053000 0.028189 0.000927 0.454977 0.000193
0.425715 0.039179 0.051447 0.027354 0.000902 0.455203 0.000200
0.428187 0.038756 0.050244 0.026689 0.000876 0.455039 0.000208
0.430659 0.038413 0.048945 0.025963 0.000873 0.454937 0.000210
0.432634 0.038162 0.047955 0.025502 0.000863 0.454668 0.000216
0.434918 0.037891 0.047024 0.024955 0.000844 0.454145 0.000223
0.437362 0.037509 0.046041 0.024373 0.000829 0.453659 0.000227
0.439288 0.037305 0.045301 0.023930 0.000817 0.453130 0.000229
0.442266 0.036937 0.044032 0.023312 0.000806 0.452415 0.000230
0.444295 0.036805 0.043470 0.022980 0.000798 0.451421 0.000232
0.446596 0.036651 0.042694 0.022564 0.000776 0.450485 0.000235
0.449026 0.036576 0.041899 0.022145 0.000761 0.449355 0.000237
0.451260 0.036479 0.041174 0.021715 0.000757 0.448377 0.000238
0.453490 0.036482 0.040502 0.021376 0.000746 0.447163 0.000241
0.455732 0.036553 0.039800 0.021118 0.000728 0.445823 0.000245
0.457357 0.036533 0.039434 0.020973 0.000733 0.444722 0.000249
0.459631 0.036513 0.038913 0.020735 0.000726 0.443232 0.000250
0.461680 0.036536 0.038536 0.020463 0.000721 0.441809 0.000254
0.463670 0.036728 0.038077 0.020249 0.000711 0.440307 0.000257
0.465559 0.036812 0.037742 0.020043 0.000693 0.438889 0.000261
0.467183 0.036935 0.037366 0.019849 0.000678 0.437728 0.000262
0.469191 0.037060 0.037013 0.019683 0.000658 0.436129 0.000265
0.471118 0.037245 0.036698 0.019540 0.000655 0.434476 0.000269
0.472432 0.037288 0.036543 0.019495 0.000644 0.433329 0.000269
0.474517 0.037409 0.036284 0.019262 0.000637 0.431619 0.000272
0.475932 0.037607 0.036107 0.019086 0.000627 0.430368 0.000274
0.477549 0.037806 0.036014 0.018935 0.000610 0.428807 0.000278
0.478766 0.037983 0.035962 0.018857 0.000608 0.427543 0.000279
0.480485 0.038084 0.035825 0.018753 0.000597 0.425978 0.000279
0.482412 0.037575 0.035863 0.018695 0.000591 0.424580 0.000284
0.484802 0.036789 0.035864 0.018525 0.000574 0.423161 0.000285
0.487438 0.035723 0.035747 0.018308 0.000567 0.421928 0.000289
0.490779 0.034371 0.035640 0.018073 0.000557 0.420289 0.000292
0.494426 0.032913 0.035371 0.017760 0.000551 0.418687 0.000292
0.498124 0.031447 0.034972 0.017405 0.000542 0.417215 0.000295
0.501832 0.030016 0.034523 0.016987 0.000543 0.415805 0.000295
0.505542 0.028523 0.034113 0.016638 0.000539 0.414350 0.000294
0.509521 0.027070 0.033622 0.016129 0.000534 0.412825 0.000298
0.513738 0.025589 0.033146 0.015741 0.000533 0.410953 0.000300
0.517808 0.024040 0.032582 0.015289 0.000521 0.409458 0.000302
0.521955 0.022657 0.031990 0.014867 0.000513 0.407713 0.000306
0.526505 0.021291 0.031325 0.014405 0.000497 0.405668 0.000309
0.530619 0.020129 0.030485 0.013956 0.000498 0.404002 0.000311
0.535407 0.018915 0.029657 0.013429 0.000495 0.401786 0.000312
0.539745 0.017752 0.028825 0.012959 0.000482 0.399924 0.000313
0.544081 0.016672 0.028107 0.012491 0.000469 0.397865 0.000315
0.548765 0.015677 0.027346 0.012039 0.000462 0.395396 0.000315
0.553310 0.014747 0.026452 0.011605 0.000449 0.393123 0.000315
0.557846 0.013863 0.025546 0.011172 0.000435 0.390824 0.000314
0.562124 0.013051 0.024806 0.010782 0.000419 0.388497 0.000322
0.566902 0.012302 0.023887 0.010304 0.000414 0.385867 0.000324
0.571097 0.011591 0.023048 0.009902 0.000407 0.383630 0.000325
0.575653 0.010921 0.022167 0.009470 0.000404 0.381057 0.000328
0.580179 0.010245 0.021315 0.009092 0.000394 0.378447 0.000328
0.584738 0.009641 0.020550 0.008733 0.000386 0.375619 0.000332
0.589083 0.009033 0.019729 0.008411 0.000376 0.373035 0.000332
0.593638 0.008516 0.018954 0.008096 0.000352 0.370112 0.000331
0.598080 0.008019 0.018153 0.007737 0.000344 0.367335 0.000331
0.602307 0.007538 0.017510 0.007398 0.000341 0.364570 0.000336
0.606723 0.007078 0.016841 0.007063 0.000329 0.361623 0.000342
0.610728 0.006640 0.016157 0.006779 0.000326 0.359029 0.000342
0.615138 0.006273 0.015453 0.006506 0.000318 0.355970 0.000341
0.619598 0.005915 0.014815 0.006224 0.000313 0.352792 0.000343
0.623627 0.005610 0.014238 0.005978 0.000301 0.349903 0.000344
0.627705 0.005304 0.013620 0.005701 0.000291 0.347033 0.000347
0.632156 0.005064 0.013005 0.005440 0.000283 0.343707 0.000345
0.636012 0.004802 0.012459 0.005198 0.000283 0.340900 0.000346
0.640504 0.004532 0.011911 0.004953 0.000276 0.337474 0.000350
0.644389 0.004292 0.011266 0.004685 0.000272 0.334749 0.000347
0.648330 0.004066 0.010786 0.004478 0.000266 0.331726 0.000348
0.652551 0.003868 0.010326 0.004269 0.000259 0.328376 0.000351
0.656664 0.003683 0.009903 0.004055 0.000251 0.325096 0.000349
0.660220 0.003501 0.009471 0.003850 0.000246 0.322369 0.000344
0.664278 0.003356 0.008973 0.003654 0.000236 0.319156 0.000348
0.668091 0.003192 0.008593 0.003488 0.000233 0.316052 0.000351
0.671944 0.003026 0.008174 0.003314 0.000229 0.312964 0.000349
0.675655 0.002865 0.007812 0.003161 0.000225 0.309930 0.000351
0.679302 0.002739 0.007469 0.003031 0.000226 0.306879 0.000354
0.683285 0.002593 0.007158 0.002904 0.000216 0.303493 0.000351
0.686775 0.002467 0.006869 0.002782 0.000213 0.300543 0.000352
0.690525 0.002365 0.006513 0.002669 0.000206 0.297367 0.000354
0.694037 0.002276 0.006239 0.002549 0.000202 0.294346 0.000351
0.697419 0.002175 0.005950 0.002417 0.000196 0.291492 0.000350
0.701284 0.002073 0.005674 0.002337 0.000192 0.288085 0.000354
0.705194 0.001960 0.005417 0.002234 0.000187 0.284655 0.000352
0.708639 0.001870 0.005135 0.002125 0.000175 0.281701 0.000355
0.711968 0.001798 0.004924 0.002034 0.000171 0.278756 0.000349
0.715145 0.001715 0.004691 0.001925 0.000174 0.275998 0.000351
0.718889 0.001653 0.004490 0.001840 0.000164 0.272608 0.000357
0.721929 0.001583 0.004321 0.001775 0.000160 0.269872 0.000360
0.725433 0.001492 0.004094 0.001698 0.000159 0.266771 0.000353
0.728336 0.001442 0.003921 0.001627 0.000153 0.264161 0.000359
0.732234 0.001362 0.003758 0.001570 0.000142 0.260573 0.000362
0.735305 0.001331 0.003554 0.001484 0.000142 0.257827 0.000357
0.738142 0.001299 0.003382 0.001424 0.000132 0.255265 0.000356
0.741604 0.001226 0.003243 0.001351 0.000131 0.252087 0.000359
0.744820 0.001166 0.003102 0.001287 0.000122 0.249147 0.000357
0.747880 0.001129 0.002940 0.001235 0.000119 0.246336 0.000361
0.750869 0.001074 0.002817 0.001180 0.000114 0.243585 0.000361
0.753963 0.001030 0.002692 0.001126 0.000111 0.240720 0.000359
0.756792 0.000994 0.002577 0.001077 0.000112 0.238082 0.000365
0.759610 0.000953 0.002469 0.001029 0.000109 0.235469 0.000360
0.762696 0.000920 0.002363 0.000959 0.000102 0.232599 0.000360
0.765334 0.000880 0.002256 0.000921 0.000097 0.230150 0.000362
0.768339 0.000835 0.002164 0.000877 0.000094 0.227327 0.000364
0.771364 0.000815 0.002073 0.000838 0.000094 0.224451 0.000364
0.774131 0.000784 0.002005 0.000795 0.000091 0.221826 0.000368
0.776938 0.000733 0.001899 0.000776 0.000087 0.219198 0.000369
0.779771 0.000716 0.001815 0.000736 0.000081 0.216516 0.000365
0.782252 0.000677 0.001730 0.000700 0.000077 0.214203 0.000362
0.784911 0.000651 0.001669 0.000669 0.000077 0.211657 0.000366
0.787650 0.000616 0.001586 0.000623 0.000072 0.209090 0.000363
0.790347 0.000611 0.001493 0.000608 0.000068 0.206509 0.000363
0.792743 0.000616 0.001443 0.000579 0.000064 0.204198 0.000359
0.795553 0.000586 0.001384 0.000548 0.000064 0.201498 0.000367
0.798000 0.000551 0.001335 0.000534 0.000065 0.199154 0.000361
0.800582 0.000532 0.001288 0.000515 0.000061 0.196656 0.000366
0.803169 0.000509 0.001225 0.000493 0.000060 0.194180 0.000365
0.805407 0.000491 0.001172 0.000478 0.000055 0.192029 0.000367
0.807899 0.000472 0.001125 0.000452 0.000054 0.189633 0.000365
0.810074 0.000447 0.001095 0.000441 0.000051 0.187528 0.000364
0.812237 0.000441 0.001066 0.000426 0.000050 0.185411 0.000368
0.814850 0.000435 0.000999 0.000403 0.000047 0.182909 0.000358
0.817330 0.000417 0.000960 0.000381 0.000045 0.180509 0.000358
0.819755 0.000396 0.000920 0.000362 0.000043 0.178158 0.000365
0.821481 0.000393 0.000891 0.000343 0.000042 0.176485 0.000364
0.823980 0.000373 0.000848 0.000332 0.000047 0.174056 0.000365
0.826017 0.000372 0.000824 0.000323 0.000042 0.172060 0.000362
0.828240 0.000350 0.000787 0.000312 0.000045 0.169903 0.000363
0.830612 0.000343 0.000740 0.000294 0.000040 0.167609 0.000363
0.832486 0.000328 0.000710 0.000289 0.000041 0.165781 0.000365
0.834514 0.000328 0.000681 0.000288 0.000040 0.163789 0.000361
0.836307 0.000316 0.000658 0.000277 0.000036 0.162045 0.000360
0.838445 0.000309 0.000644 0.000264 0.000037 0.159933 0.000367
0.840456 0.000299 0.000621 0.000259 0.000033 0.157967 0.000364
0.842652 0.000288 0.000588 0.000246 0.000031 0.155830 0.000366
0.844323 0.000283 0.000565 0.000238 0.000028 0.154199 0.000363
0.846258 0.000261 0.000549 0.000228 0.000026 0.152313 0.000365
0.848237 0.000253 0.000534 0.000220 0.000029 0.150359 0.000367
0.850414 0.000251 0.000499 0.000214 0.000025 0.148241 0.000357
0.852271 0.000241 0.000487 0.000206 0.000027 0.146406 0.000363
0.854087 0.000228 0.000458 0.000195 0.000023 0.144644 0.000365
0.855664 0.000242 0.000440 0.000192 0.000022 0.143071 0.000367
0.857784 0.000238 0.000431 0.000180 0.000022 0.140990 0.000356
0.859774 0.000229 0.000419 0.000171 0.000022 0.139019 0.000366
0.861097 0.000213 0.000405 0.000160 0.000019 0.137750 0.000356
0.862962 0.000205 0.000381 0.000158 0.000019 0.135918 0.000356
0.864860 0.000205 0.000378 0.000159 0.000017 0.134012 0.000369
0.866478 0.000200 0.000365 0.000162 0.000018 0.132414 0.000364
0.868257 0.000197 0.000349 0.000148 0.000017 0.130678 0.000354
0.869895 0.000190 0.000356 0.000157 0.000017 0.129023 0.000361
0.871524 0.000175 0.000337 0.000151 0.000018 0.127431 0.000364
0.872960 0.000174 0.000336 0.000140 0.000018 0.126011 0.000362
0.874805 0.000169 0.000313 0.000140 0.000017 0.124200 0.000355
0.876068 0.000164 0.000311 0.000147 0.000018 0.122936 0.000356
0.877786 0.000155 0.000294 0.000131 0.000015 0.121262 0.000357
0.879395 0.000157 0.000288 0.000134 0.000014 0.119655 0.000357
0.880773 0.000154 0.000267 0.000129 0.000015 0.118308 0.000353
0.882499 0.000146 0.000251 0.000116 0.000012 0.116619 0.000357
0.883919 0.000148 0.000238 0.000115 0.000012 0.115211 0.000358
0.885253 0.000152 0.000244 0.000111 0.000013 0.113868 0.000359
0.886888 0.000143 0.000245 0.000107 0.000012 0.112238 0.000367
0.887999 0.000146 0.000236 0.000112 0.000012 0.111130 0.000366
0.889591 0.000142 0.000232 0.000103 0.000010 0.109556 0.000366
0.891142 0.000134 0.000220 0.000098 0.000011 0.108030 0.000365
0.892446 0.000131 0.000220 0.000095 0.000012 0.106728 0.000368
0.894149 0.000138 0.000233 0.000096 0.000015 0.105016 0.000355
0.895535 0.000135 0.000225 0.000089 0.000013 0.103645 0.000358
0.896736 0.000128 0.000217 0.000089 0.000012 0.102456 0.000362
0.898380 0.000128 0.000209 0.000087 0.000010 0.100826 0.000360
0.899662 0.000130 0.000214 0.000078 0.000010 0.099549 0.000356
0.901095 0.000129 0.000201 0.000083 0.000009 0.098133 0.000350
0.901894 0.000115 0.000192 0.000076 0.000010 0.097356 0.000357
0.903147 0.000112 0.000188 0.000072 0.000009 0.096115 0.000357
0.904142 0.000120 0.000189 0.000071 0.000010 0.095114 0.000354
0.906052 0.000118 0.000180 0.000071 0.000010 0.093209 0.000360
0.906755 0.000114 0.000181 0.000067 0.000009 0.092519 0.000354
0.908130 0.000105 0.000172 0.000071 0.000007 0.091156 0.000358
0.908826 0.000105 0.000165 0.000068 0.000009 0.090463 0.000365
0.910325 0.000102 0.000167 0.000072 0.000008 0.088978 0.000348
0.911555 0.000103 0.000172 0.000067 0.000007 0.087741 0.000354
0.913190 0.000115 0.000171 0.000067 0.000007 0.086094 0.000357
0.914580 0.000097 0.000161 0.000069 0.000007 0.084731 0.000354
0.915465 0.000099 0.000169 0.000063 0.000009 0.083863 0.000332
0.916240 0.000115 0.000173 0.000069 0.000010 0.083057 0.000337
0.917844 0.000106 0.000157 0.000061 0.000007 0.081481 0.000344
0.918619 0.000109 0.000161 0.000068 0.000007 0.080703 0.000333
0.920117 0.000099 0.000161 0.000067 0.000007 0.079208 0.000342
0.921143 0.000106 0.000148 0.000064 0.000008 0.078189 0.000342
0.921903 0.000103 0.000148 0.000059 0.000009 0.077444 0.000335
0.923109 0.000101 0.000149 0.000070 0.000009 0.076233 0.000330
0.923831 0.000101 0.000150 0.000066 0.000008 0.075511 0.000332
0.924759 0.000088 0.000137 0.000064 0.000007 0.074610 0.000334
0.926071 0.000080 0.000148 0.000064 0.000010 0.073290 0.000338
0.926394 0.000081 0.000149 0.000063 0.000009 0.072965 0.000338
0.927483 0.000085 0.000146 0.000057 0.000010 0.071896 0.000323
0.928367 0.000077 0.000141 0.000060 0.000010 0.071014 0.000330
0.929374 0.000080 0.000126 0.000049 0.000010 0.070044 0.000316
0.930453 0.000081 0.000134 0.000049 0.000009 0.068962 0.000312
0.931149 0.000079 0.000137 0.000053 0.000012 0.068256 0.000313
0.931814 0.000078 0.000147 0.000054 0.000010 0.067580 0.000318
0.933103 0.000080 0.000134 0.000046 0.000006 0.066326 0.000304
0.933875 0.000084 0.000128 0.000040 0.000007 0.065552 0.000315
0.934149 0.000086 0.000146 0.000052 0.000009 0.065244 0.000314
0.935023 0.000064 0.000132 0.000044 0.000007 0.064407 0.000322
0.946595 0.000026 0.000049 0.000016 0.000003 0.053070 0.000240
