0.347355 0.061987 0.055649 0.031942 0.002065 0.495034 0.005968 1.622710
0.350209 0.059361 0.055571 0.031659 0.002062 0.495146 0.005993 1.628663
0.353855 0.056205 0.055341 0.031211 0.002072 0.495294 0.006022 1.634271
0.358129 0.052789 0.054901 0.030821 0.002074 0.495233 0.006054 1.639559
0.362802 0.049229 0.054463 0.030255 0.002065 0.495105 0.006082 1.644591
0.367760 0.045791 0.053740 0.029578 0.002058 0.494959 0.006114 1.649232
0.372869 0.042455 0.052833 0.028827 0.002060 0.494813 0.006143 1.653604
0.378171 0.039260 0.051880 0.028126 0.002055 0.494337 0.006171 1.657674
0.383467 0.036387 0.050847 0.027315 0.002032 0.493758 0.006195 1.661357
0.389021 0.033712 0.049518 0.026439 0.002024 0.493069 0.006217 1.664717
0.394529 0.031077 0.048310 0.025561 0.002031 0.492255 0.006237 1.667953
0.400072 0.028652 0.046941 0.024696 0.002024 0.491350 0.006266 1.670910
0.405884 0.026390 0.045586 0.023818 0.002010 0.490022 0.006291 1.673694
0.411480 0.024419 0.044059 0.022883 0.001996 0.488847 0.006316 1.676119
0.417208 0.022568 0.042506 0.021969 0.001985 0.487423 0.006341 1.678385
0.422841 0.020842 0.041057 0.021033 0.001973 0.485891 0.006364 1.680513
0.428603 0.019295 0.039574 0.020130 0.001952 0.484057 0.006391 1.682430
0.434298 0.017808 0.038039 0.019323 0.001919 0.482192 0.006423 1.684262
0.439850 0.016460 0.036546 0.018457 0.001907 0.480337 0.006444 1.685965
0.445551 0.015230 0.035040 0.017638 0.001868 0.478205 0.006468 1.687513
0.451188 0.014139 0.033602 0.016861 0.001842 0.475877 0.006491 1.688899
0.456853 0.013084 0.032165 0.016106 0.001822 0.473457 0.006513 1.690231
0.462442 0.012121 0.030808 0.015314 0.001802 0.470986 0.006528 1.691472
0.468032 0.011219 0.029463 0.014604 0.001777 0.468357 0.006547 1.692632
0.473695 0.010391 0.028209 0.013917 0.001742 0.465476 0.006570 1.693710
0.479303 0.009621 0.026938 0.013248 0.001706 0.462590 0.006594 1.694693
0.484951 0.008920 0.025706 0.012626 0.001677 0.459503 0.006616 1.695611
0.490375 0.008277 0.024562 0.011977 0.001631 0.456542 0.006636 1.696469
0.495875 0.007703 0.023385 0.011374 0.001597 0.453405 0.006662 1.697247
0.501346 0.007170 0.022292 0.010776 0.001557 0.450174 0.006686 1.697974
0.506693 0.006651 0.021257 0.010229 0.001528 0.446935 0.006706 1.698678
0.512095 0.006209 0.020194 0.009701 0.001491 0.443586 0.006724 1.699310
0.517437 0.005788 0.019186 0.009193 0.001451 0.440202 0.006742 1.699905
0.522792 0.005421 0.018223 0.008727 0.001419 0.436658 0.006761 1.700436
0.528072 0.005101 0.017326 0.008241 0.001383 0.433098 0.006779 1.700920
0.533260 0.004759 0.016478 0.007800 0.001344 0.429559 0.006799 1.701421
0.538506 0.004461 0.015673 0.007362 0.001315 0.425872 0.006811 1.701867
0.543649 0.004187 0.014861 0.006967 0.001285 0.422223 0.006828 1.702300
0.548743 0.003932 0.014078 0.006616 0.001252 0.418540 0.006839 1.702705
0.553726 0.003680 0.013392 0.006286 0.001231 0.414831 0.006852 1.703093
0.558792 0.003457 0.012724 0.005934 0.001202 0.411023 0.006866 1.703445
0.563892 0.003255 0.012064 0.005625 0.001168 0.407119 0.006878 1.703774
0.568899 0.003070 0.011431 0.005302 0.001141 0.403267 0.006890 1.704076
0.573872 0.002875 0.010834 0.005028 0.001116 0.399375 0.006902 1.704386
0.578728 0.002717 0.010278 0.004775 0.001083 0.395497 0.006921 1.704663
0.583642 0.002558 0.009765 0.004501 0.001059 0.391542 0.006934 1.704921
0.588411 0.002419 0.009243 0.004263 0.001036 0.387679 0.006950 1.705156
0.593119 0.002296 0.008783 0.004025 0.001009 0.383804 0.006964 1.705388
0.597796 0.002172 0.008320 0.003771 0.000979 0.379987 0.006977 1.705610
0.602369 0.002083 0.007882 0.003539 0.000955 0.376187 0.006985 1.705793
0.606970 0.001964 0.007489 0.003359 0.000917 0.372299 0.007002 1.706012
0.611487 0.001873 0.007096 0.003175 0.000895 0.368460 0.007014 1.706189
0.615964 0.001784 0.006728 0.002994 0.000871 0.364632 0.007027 1.706370
0.620399 0.001701 0.006344 0.002855 0.000846 0.360814 0.007040 1.706540
0.624727 0.001627 0.005993 0.002711 0.000825 0.357065 0.007052 1.706691
0.629057 0.001546 0.005686 0.002580 0.000803 0.353268 0.007060 1.706853
0.633436 0.001466 0.005414 0.002433 0.000780 0.349401 0.007070 1.707009
0.637648 0.001401 0.005140 0.002300 0.000748 0.345682 0.007080 1.707152
0.641867 0.001338 0.004875 0.002186 0.000726 0.341920 0.007088 1.707284
0.646076 0.001283 0.004608 0.002064 0.000698 0.338166 0.007104 1.707404
0.650197 0.001232 0.004381 0.001960 0.000669 0.334446 0.007116 1.707527
0.654312 0.001178 0.004158 0.001870 0.000649 0.330710 0.007123 1.707645
0.658366 0.001125 0.003946 0.001764 0.000634 0.327035 0.007130 1.707756
0.662339 0.001063 0.003728 0.001671 0.000611 0.323449 0.007139 1.707866
0.666272 0.001019 0.003535 0.001582 0.000599 0.319849 0.007145 1.707969
0.670226 0.000986 0.003355 0.001502 0.000583 0.316195 0.007152 1.708065
0.674055 0.000930 0.003197 0.001419 0.000564 0.312675 0.007160 1.708165
0.677846 0.000877 0.003034 0.001346 0.000544 0.309188 0.007166 1.708262
0.681606 0.000846 0.002885 0.001280 0.000525 0.305686 0.007174 1.708339
0.685414 0.000821 0.002725 0.001211 0.000512 0.302135 0.007183 1.708416
0.689068 0.000778 0.002596 0.001150 0.000494 0.298722 0.007192 1.708501
0.692700 0.000750 0.002453 0.001086 0.000481 0.295332 0.007198 1.708567
0.696398 0.000720 0.002340 0.001031 0.000465 0.291846 0.007201 1.708637
0.699953 0.000682 0.002243 0.000985 0.000455 0.288479 0.007204 1.708710
0.703539 0.000647 0.002130 0.000938 0.000442 0.285095 0.007211 1.708776
0.707101 0.000614 0.002032 0.000894 0.000424 0.281715 0.007221 1.708844
0.710540 0.000605 0.001928 0.000840 0.000413 0.278450 0.007225 1.708898
0.713950 0.000589 0.001850 0.000796 0.000401 0.275184 0.007231 1.708959
0.717328 0.000570 0.001753 0.000761 0.000389 0.271966 0.007234 1.709014
0.720637 0.000549 0.001664 0.000726 0.000376 0.268808 0.007241 1.709067
0.723905 0.000534 0.001584 0.000686 0.000363 0.265680 0.007247 1.709107
0.727161 0.000509 0.001514 0.000652 0.000353 0.262560 0.007252 1.709160
0.730399 0.000488 0.001427 0.000617 0.000337 0.259473 0.007259 1.709204
0.733591 0.000474 0.001363 0.000586 0.000330 0.256395 0.007261 1.709247
0.736785 0.000455 0.001315 0.000553 0.000312 0.253315 0.007266 1.709294
0.739986 0.000457 0.001248 0.000526 0.000300 0.250213 0.007272 1.709324
0.743079 0.000443 0.001186 0.000511 0.000293 0.247213 0.007275 1.709364
0.746180 0.000421 0.001141 0.000491 0.000284 0.244206 0.007278 1.709406
0.749196 0.000406 0.001075 0.000469 0.000271 0.241303 0.007281 1.709444
0.752144 0.000385 0.001034 0.000444 0.000261 0.238448 0.007285 1.709486
0.755124 0.000377 0.000980 0.000428 0.000252 0.235550 0.007290 1.709520
0.757982 0.000368 0.000934 0.000408 0.000242 0.232771 0.007296 1.709548
0.760848 0.000348 0.000881 0.000396 0.000232 0.229995 0.007300 1.709589
0.763702 0.000336 0.000841 0.000382 0.000224 0.227213 0.007302 1.709618
0.766515 0.000319 0.000798 0.000359 0.000221 0.224485 0.007305 1.709653
0.769269 0.000303 0.000769 0.000344 0.000212 0.221793 0.007310 1.709683
0.772107 0.000287 0.000740 0.000337 0.000205 0.219014 0.007311 1.709713
0.774745 0.000279 0.000706 0.000319 0.000196 0.216443 0.007315 1.709735
0.777396 0.000275 0.000668 0.000302 0.000187 0.213854 0.007318 1.709756
0.780067 0.000266 0.000647 0.000290 0.000180 0.211229 0.007321 1.709781
0.782669 0.000256 0.000614 0.000277 0.000172 0.208687 0.007326 1.709811
0.785256 0.000248 0.000592 0.000262 0.000166 0.206148 0.007329 1.709835
0.787813 0.000243 0.000561 0.000251 0.000161 0.203640 0.007331 1.709854
0.790340 0.000233 0.000537 0.000245 0.000156 0.201156 0.007334 1.709875
0.792867 0.000233 0.000517 0.000227 0.000150 0.198672 0.007335 1.709896
0.795291 0.000221 0.000496 0.000220 0.000145 0.196289 0.007338 1.709922
0.797720 0.000214 0.000472 0.000213 0.000139 0.193903 0.007340 1.709942
0.800118 0.000207 0.000452 0.000205 0.000133 0.191542 0.007343 1.709964
0.802493 0.000196 0.000434 0.000198 0.000129 0.189205 0.007344 1.709985
0.804777 0.000188 0.000422 0.000192 0.000129 0.186948 0.007345 1.710002
0.807082 0.000177 0.000411 0.000185 0.000126 0.184671 0.007346 1.710021
0.809366 0.000172 0.000389 0.000175 0.000123 0.182427 0.007348 1.710036
0.811596 0.000161 0.000369 0.000168 0.000119 0.180236 0.007350 1.710052
0.813862 0.000158 0.000356 0.000160 0.000116 0.177995 0.007351 1.710067
0.816119 0.000150 0.000348 0.000155 0.000111 0.175764 0.007353 1.710084
0.818285 0.000145 0.000335 0.000153 0.000107 0.173619 0.007355 1.710096
0.820406 0.000136 0.000317 0.000145 0.000103 0.171537 0.007356 1.710113
0.822502 0.000131 0.000307 0.000137 0.000101 0.169464 0.007357 1.710126
0.824627 0.000128 0.000290 0.000131 0.000097 0.167368 0.007358 1.710136
0.826651 0.000122 0.000274 0.000126 0.000093 0.165374 0.007359 1.710150
0.828625 0.000116 0.000266 0.000118 0.000089 0.163425 0.007360 1.710162
0.830642 0.000110 0.000259 0.000115 0.000085 0.161428 0.007361 1.710177
0.832650 0.000108 0.000246 0.000110 0.000082 0.159442 0.007362 1.710189
0.834661 0.000108 0.000237 0.000107 0.000080 0.157443 0.007363 1.710199
0.836590 0.000110 0.000232 0.000105 0.000076 0.155522 0.007365 1.710209
0.838456 0.000107 0.000224 0.000099 0.000073 0.153674 0.007366 1.710219
0.840355 0.000104 0.000215 0.000096 0.000070 0.151793 0.007367 1.710230
0.842195 0.000102 0.000205 0.000091 0.000067 0.149972 0.007367 1.710238
0.844021 0.000099 0.000193 0.000091 0.000064 0.148164 0.007368 1.710247
0.845836 0.000096 0.000186 0.000092 0.000061 0.146359 0.007370 1.710256
0.847588 0.000084 0.000185 0.000090 0.000060 0.144622 0.007370 1.710271
0.849247 0.000077 0.000179 0.000090 0.000060 0.142976 0.007370 1.710283
0.850917 0.000069 0.000171 0.000088 0.000058 0.141326 0.007371 1.710296
0.852549 0.000069 0.000163 0.000086 0.000056 0.139706 0.007371 1.710301
0.854143 0.000062 0.000159 0.000084 0.000054 0.138124 0.007373 1.710312
0.855688 0.000063 0.000155 0.000081 0.000052 0.136586 0.007374 1.710316
0.857193 0.000059 0.000152 0.000075 0.000049 0.135095 0.007375 1.710326
0.858720 0.000058 0.000146 0.000071 0.000047 0.133582 0.007376 1.710331
0.860089 0.000055 0.000139 0.000067 0.000046 0.132226 0.007376 1.710337
0.861472 0.000053 0.000137 0.000063 0.000045 0.130853 0.007376 1.710344
0.862847 0.000050 0.000134 0.000060 0.000044 0.129487 0.007376 1.710350
0.864164 0.000052 0.000125 0.000058 0.000043 0.128180 0.007376 1.710355
0.865477 0.000050 0.000117 0.000058 0.000043 0.126879 0.007376 1.710360
0.866759 0.000048 0.000117 0.000056 0.000040 0.125602 0.007377 1.710367
0.867929 0.000048 0.000111 0.000055 0.000040 0.124440 0.007377 1.710371
0.869075 0.000047 0.000108 0.000053 0.000037 0.123301 0.007378 1.710377
0.870229 0.000048 0.000104 0.000051 0.000035 0.122153 0.007379 1.710381
0.871343 0.000049 0.000097 0.000049 0.000034 0.121048 0.007379 1.710383
0.872418 0.000047 0.000096 0.000048 0.000032 0.119980 0.007380 1.710389
0.873473 0.000044 0.000092 0.000048 0.000031 0.118932 0.007380 1.710395
0.874531 0.000042 0.000088 0.000046 0.000031 0.117881 0.007380 1.710400
0.875544 0.000040 0.000086 0.000045 0.000031 0.116874 0.007380 1.710405
0.876549 0.000039 0.000082 0.000043 0.000030 0.115876 0.007380 1.710410
0.877475 0.000036 0.000079 0.000041 0.000028 0.114960 0.007381 1.710415
0.878401 0.000035 0.000075 0.000039 0.000026 0.114043 0.007382 1.710418
0.879300 0.000034 0.000069 0.000037 0.000024 0.113153 0.007383 1.710421
0.880207 0.000032 0.000069 0.000037 0.000023 0.112248 0.007383 1.710426
0.881056 0.000031 0.000065 0.000037 0.000023 0.111405 0.007383 1.710429
0.881897 0.000030 0.000064 0.000038 0.000022 0.110565 0.007384 1.710433
0.882702 0.000028 0.000064 0.000038 0.000022 0.109762 0.007384 1.710438
0.883495 0.000025 0.000062 0.000036 0.000022 0.108976 0.007384 1.710441
0.884254 0.000021 0.000059 0.000034 0.000021 0.108225 0.007384 1.710445
0.884940 0.000020 0.000057 0.000033 0.000021 0.107543 0.007384 1.710447
0.885694 0.000021 0.000055 0.000032 0.000021 0.106793 0.007384 1.710448
0.886329 0.000020 0.000050 0.000032 0.000020 0.106164 0.007384 1.710449
0.886931 0.000021 0.000049 0.000027 0.000021 0.105565 0.007384 1.710451
0.887548 0.000023 0.000047 0.000026 0.000020 0.104951 0.007384 1.710453
0.888169 0.000021 0.000046 0.000026 0.000020 0.104333 0.007384 1.710456
0.888729 0.000018 0.000044 0.000025 0.000019 0.103780 0.007384 1.710459
0.889303 0.000017 0.000043 0.000024 0.000018 0.103211 0.007384 1.710460
0.889833 0.000017 0.000044 0.000024 0.000017 0.102680 0.007385 1.710463
0.890322 0.000018 0.000040 0.000023 0.000017 0.102194 0.007385 1.710464
0.890810 0.000019 0.000039 0.000022 0.000017 0.101707 0.007385 1.710465
0.891310 0.000020 0.000037 0.000020 0.000017 0.101210 0.007385 1.710466
0.891751 0.000017 0.000040 0.000020 0.000017 0.100771 0.007385 1.710470
0.892203 0.000016 0.000036 0.000019 0.000017 0.100324 0.007385 1.710471
0.892632 0.000015 0.000036 0.000017 0.000017 0.099897 0.007385 1.710473
0.893016 0.000015 0.000032 0.000016 0.000016 0.099519 0.007385 1.710473
0.893381 0.000016 0.000029 0.000017 0.000016 0.099156 0.007385 1.710474
0.893720 0.000016 0.000027 0.000016 0.000015 0.098820 0.007386 1.710474
0.894045 0.000013 0.000028 0.000015 0.000013 0.098498 0.007388 1.710478
0.894339 0.000016 0.000023 0.000013 0.000012 0.098208 0.007389 1.710478
0.894629 0.000015 0.000022 0.000012 0.000012 0.097923 0.007389 1.710479
0.894883 0.000014 0.000020 0.000012 0.000011 0.097671 0.007389 1.710480
0.895154 0.000014 0.000018 0.000011 0.000011 0.097403 0.007389 1.710480
0.895407 0.000014 0.000017 0.000010 0.000011 0.097153 0.007389 1.710481
0.895666 0.000014 0.000017 0.000011 0.000010 0.096893 0.007390 1.710484
0.895922 0.000014 0.000015 0.000009 0.000009 0.096640 0.007391 1.710485
0.896133 0.000013 0.000015 0.000009 0.000008 0.096431 0.007391 1.710487
0.896320 0.000013 0.000014 0.000010 0.000007 0.096244 0.007391 1.710489
0.896501 0.000012 0.000014 0.000011 0.000007 0.096064 0.007391 1.710491
0.896674 0.000012 0.000014 0.000011 0.000007 0.095890 0.007391 1.710492
0.896841 0.000012 0.000015 0.000011 0.000007 0.095724 0.007391 1.710494
0.897002 0.000010 0.000015 0.000010 0.000007 0.095565 0.007391 1.710495
0.897163 0.000010 0.000015 0.000009 0.000006 0.095406 0.007391 1.710497
0.897306 0.000011 0.000012 0.000008 0.000006 0.095265 0.007391 1.710497
0.897440 0.000012 0.000013 0.000008 0.000006 0.095130 0.007391 1.710498
0.897591 0.000012 0.000012 0.000007 0.000006 0.094981 0.007391 1.710499
0.897722 0.000011 0.000011 0.000008 0.000006 0.094852 0.007391 1.710500
0.897856 0.000011 0.000010 0.000007 0.000006 0.094719 0.007391 1.710501
0.897980 0.000011 0.000010 0.000008 0.000006 0.094595 0.007391 1.710502
0.898098 0.000010 0.000011 0.000007 0.000006 0.094477 0.007391 1.710504
0.898217 0.000011 0.000011 0.000007 0.000005 0.094358 0.007391 1.710504
0.898326 0.000009 0.000013 0.000006 0.000005 0.094250 0.007391 1.710506
0.898427 0.000009 0.000012 0.000006 0.000005 0.094150 0.007391 1.710507
0.898523 0.000009 0.000012 0.000006 0.000005 0.094055 0.007391 1.710507
0.898630 0.000008 0.000010 0.000006 0.000005 0.093949 0.007391 1.710508
0.898721 0.000010 0.000010 0.000006 0.000005 0.093858 0.007391 1.710508
0.898811 0.000011 0.000008 0.000006 0.000005 0.093768 0.007391 1.710509
0.898901 0.000012 0.000008 0.000006 0.000004 0.093678 0.007392 1.710509
0.898986 0.000012 0.000007 0.000006 0.000004 0.093593 0.007392 1.710510
0.899069 0.000010 0.000008 0.000007 0.000004 0.093511 0.007392 1.710511
0.899145 0.000011 0.000008 0.000006 0.000004 0.093435 0.007392 1.710512
0.899219 0.000010 0.000007 0.000006 0.000003 0.093363 0.007392 1.710513
0.899273 0.000010 0.000008 0.000006 0.000003 0.093308 0.007392 1.710514
0.899327 0.000010 0.000008 0.000006 0.000003 0.093255 0.007392 1.710516
0.899382 0.000010 0.000007 0.000005 0.000003 0.093200 0.007392 1.710516
0.899435 0.000010 0.000007 0.000005 0.000003 0.093149 0.007392 1.710516
0.899488 0.000008 0.000007 0.000006 0.000003 0.093096 0.007392 1.710518
0.899546 0.000008 0.000006 0.000007 0.000003 0.093038 0.007392 1.710519
0.899596 0.000008 0.000007 0.000007 0.000003 0.092988 0.007392 1.710520
0.899638 0.000008 0.000007 0.000006 0.000003 0.092946 0.007393 1.710520
0.899689 0.000007 0.000009 0.000006 0.000003 0.092895 0.007393 1.710522
0.899727 0.000007 0.000009 0.000006 0.000003 0.092856 0.007393 1.710523
0.899772 0.000007 0.000008 0.000006 0.000003 0.092812 0.007393 1.710523
0.899813 0.000007 0.000008 0.000006 0.000002 0.092771 0.007393 1.710523
0.899855 0.000007 0.000007 0.000006 0.000002 0.092731 0.007393 1.710523
0.899890 0.000006 0.000007 0.000006 0.000002 0.092697 0.007393 1.710523
0.899923 0.000005 0.000007 0.000006 0.000002 0.092666 0.007393 1.710525
0.899959 0.000004 0.000008 0.000006 0.000002 0.092629 0.007393 1.710526
0.899995 0.000003 0.000010 0.000006 0.000002 0.092593 0.007393 1.710527
0.900038 0.000003 0.000008 0.000005 0.000002 0.092551 0.007393 1.710528
0.900065 0.000003 0.000009 0.000004 0.000001 0.092526 0.007393 1.710529
0.900090 0.000003 0.000009 0.000003 0.000001 0.092501 0.007393 1.710529
0.900117 0.000003 0.000008 0.000003 0.000001 0.092476 0.007393 1.710529
0.900145 0.000003 0.000007 0.000003 0.000001 0.092449 0.007393 1.710529
0.900166 0.000002 0.000008 0.000003 0.000001 0.092428 0.007393 1.710529
0.900184 0.000002 0.000007 0.000003 0.000000 0.092410 0.007393 1.710530
0.900201 0.000002 0.000007 0.000003 0.000000 0.092394 0.007393 1.710530
0.900220 0.000003 0.000007 0.000003 0.000000 0.092374 0.007393 1.710530
0.900236 0.000003 0.000007 0.000003 0.000000 0.092357 0.007393 1.710530
0.900253 0.000003 0.000007 0.000003 0.000000 0.092341 0.007393 1.710530
0.900270 0.000003 0.000007 0.000003 0.000000 0.092325 0.007393 1.710530
0.900284 0.000003 0.000008 0.000003 0.000000 0.092310 0.007393 1.710532
0.900304 0.000003 0.000007 0.000003 0.000000 0.092291 0.007393 1.710532
0.900315 0.000002 0.000007 0.000003 0.000000 0.092280 0.007393 1.710532
0.900329 0.000002 0.000007 0.000003 0.000000 0.092266 0.007393 1.710533
0.900345 0.000002 0.000007 0.000003 0.000000 0.092251 0.007393 1.710533
0.900358 0.000002 0.000007 0.000002 0.000000 0.092238 0.007393 1.710533
0.900365 0.000003 0.000006 0.000002 0.000000 0.092230 0.007393 1.710533
0.900380 0.000004 0.000005 0.000002 0.000000 0.092216 0.007393 1.710533
0.900391 0.000003 0.000005 0.000003 0.000000 0.092205 0.007393 1.710534
0.900401 0.000003 0.000003 0.000003 0.000000 0.092197 0.007393 1.710534
0.900411 0.000003 0.000003 0.000003 0.000000 0.092187 0.007393 1.710534
0.900421 0.000003 0.000003 0.000002 0.000000 0.092178 0.007393 1.710534
0.900429 0.000003 0.000004 0.000002 0.000000 0.092169 0.007393 1.710535
0.900441 0.000003 0.000004 0.000002 0.000000 0.092157 0.007393 1.710535
0.900448 0.000003 0.000004 0.000002 0.000000 0.092149 0.007393 1.710535
0.900456 0.000003 0.000004 0.000001 0.000000 0.092143 0.007393 1.710535
0.900461 0.000003 0.000003 0.000001 0.000000 0.092138 0.007393 1.710535
0.900465 0.000003 0.000003 0.000001 0.000000 0.092134 0.007393 1.710535
0.900470 0.000003 0.000003 0.000000 0.000000 0.092130 0.007393 1.710536
0.900471 0.000003 0.000003 0.000000 0.000000 0.092129 0.007393 1.710536
0.900472 0.000003 0.000003 0.000000 0.000000 0.092129 0.007393 1.710536
0.900474 0.000003 0.000003 0.000000 0.000000 0.092126 0.007393 1.710536
0.900477 0.000003 0.000003 0.000000 0.000000 0.092123 0.007393 1.710537
0.900481 0.000003 0.000003 0.000000 0.000000 0.092119 0.007393 1.710537
0.900486 0.000003 0.000003 0.000000 0.000000 0.092115 0.007393 1.710537
0.900491 0.000003 0.000003 0.000000 0.000000 0.092110 0.007393 1.710537
0.900495 0.000003 0.000003 0.000000 0.000000 0.092106 0.007393 1.710537
0.900497 0.000003 0.000003 0.000000 0.000000 0.092104 0.007393 1.710537
0.900500 0.000003 0.000003 0.000000 0.000000 0.092102 0.007393 1.710537
0.900504 0.000003 0.000002 0.000000 0.000000 0.092098 0.007393 1.710537
0.900508 0.000003 0.000002 0.000000 0.000000 0.092094 0.007393 1.710537
0.900510 0.000002 0.000003 0.000000 0.000000 0.092092 0.007393 1.710538
0.900515 0.000001 0.000003 0.000000 0.000000 0.092087 0.007393 1.710538
0.900518 0.000002 0.000003 0.000000 0.000000 0.092083 0.007393 1.710538
0.900521 0.000001 0.000003 0.000000 0.000000 0.092081 0.007393 1.710539
0.900526 0.000001 0.000003 0.000000 0.000000 0.092075 0.007393 1.710539
0.900529 0.000001 0.000003 0.000000 0.000000 0.092073 0.007393 1.710539
0.900531 0.000001 0.000003 0.000000 0.000000 0.092071 0.007393 1.710540
0.900532 0.000000 0.000003 0.000001 0.000000 0.092069 0.007393 1.710541
0.900534 0.000001 0.000003 0.000001 0.000000 0.092068 0.007393 1.710541
0.900535 0.000001 0.000003 0.000001 0.000000 0.092066 0.007393 1.710541
0.900537 0.000001 0.000003 0.000000 0.000000 0.092065 0.007393 1.710541
0.900539 0.000001 0.000003 0.000000 0.000000 0.092063 0.007393 1.710541
0.900539 0.000002 0.000003 0.000000 0.000000 0.092062 0.007393 1.710541
0.900540 0.000001 0.000003 0.000001 0.000000 0.092061 0.007393 1.710542
0.900543 0.000001 0.000002 0.000001 0.000000 0.092059 0.007393 1.710542
0.900545 0.000001 0.000002 0.000001 0.000000 0.092057 0.007393 1.710542
0.900547 0.000002 0.000002 0.000001 0.000000 0.092054 0.007393 1.710542
0.900549 0.000002 0.000001 0.000000 0.000000 0.092053 0.007393 1.710542
0.900551 0.000003 0.000001 0.000000 0.000000 0.092051 0.007393 1.710542
0.900551 0.000003 0.000001 0.000000 0.000000 0.092052 0.007393 1.710542
0.900551 0.000003 0.000001 0.000000 0.000000 0.092051 0.007393 1.710542
0.900553 0.000001 0.000002 0.000000 0.000000 0.092050 0.007393 1.710543
0.900555 0.000000 0.000002 0.000001 0.000000 0.092048 0.007393 1.710543
0.900555 0.000001 0.000002 0.000001 0.000000 0.092047 0.007393 1.710543
0.900556 0.000001 0.000002 0.000001 0.000000 0.092047 0.007393 1.710543
0.900556 0.000001 0.000002 0.000001 0.000000 0.092046 0.007393 1.710543
0.900558 0.000001 0.000002 0.000000 0.000000 0.092045 0.007393 1.710543
0.900559 0.000001 0.000002 0.000000 0.000000 0.092045 0.007393 1.710543
0.900560 0.000001 0.000002 0.000000 0.000000 0.092044 0.007393 1.710543
0.900560 0.000001 0.000002 0.000000 0.000000 0.092043 0.007393 1.710543
0.900561 0.000001 0.000001 0.000000 0.000000 0.092043 0.007393 1.710543
0.900565 0.000001 0.000001 0.000000 0.000000 0.092039 0.007393 1.710543
0.900566 0.000001 0.000000 0.000000 0.000000 0.092038 0.007393 1.710543
0.900567 0.000001 0.000000 0.000000 0.000000 0.092038 0.007393 1.710543
0.900569 0.000001 0.000000 0.000000 0.000000 0.092036 0.007393 1.710543
0.900570 0.000001 0.000001 0.000000 0.000000 0.092034 0.007393 1.710544
0.900573 0.000000 0.000001 0.000000 0.000000 0.092032 0.007393 1.710545
0.900574 0.000000 0.000001 0.000000 0.000000 0.092030 0.007393 1.710545
0.900576 0.000000 0.000001 0.000000 0.000000 0.092029 0.007393 1.710545
0.900576 0.000000 0.000001 0.000000 0.000000 0.092028 0.007393 1.710545
0.900577 0.000000 0.000001 0.000000 0.000000 0.092028 0.007393 1.710545
0.900578 0.000000 0.000000 0.000000 0.000000 0.092027 0.007393 1.710545
0.900579 0.000000 0.000000 0.000000 0.000000 0.092027 0.007393 1.710545
0.900579 0.000000 0.000000 0.000000 0.000000 0.092026 0.007393 1.710545
0.900580 0.000000 0.000000 0.000000 0.000000 0.092025 0.007393 1.710545
0.900582 0.000000 0.000000 0.000000 0.000000 0.092024 0.007393 1.710545
0.900583 0.000000 0.000000 0.000000 0.000000 0.092022 0.007393 1.710545
0.900584 0.000000 0.000001 0.000000 0.000000 0.092021 0.007393 1.710545
0.900585 0.000000 0.000001 0.000000 0.000000 0.092020 0.007393 1.710545
0.900587 0.000000 0.000001 0.000000 0.000000 0.092018 0.007393 1.710545
0.900588 0.000000 0.000001 0.000000 0.000000 0.092017 0.007393 1.710545
0.900589 0.000000 0.000001 0.000000 0.000000 0.092017 0.007393 1.710545
0.900590 0.000000 0.000001 0.000000 0.000000 0.092016 0.007393 1.710545
0.900591 0.000000 0.000001 0.000000 0.000000 0.092015 0.007393 1.710545
0.900591 0.000000 0.000001 0.000000 0.000000 0.092014 0.007393 1.710545
0.900592 0.000000 0.000001 0.000000 0.000000 0.092014 0.007393 1.710545
0.900592 0.000000 0.000001 0.000000 0.000000 0.092013 0.007393 1.710545
0.900593 0.000000 0.000001 0.000000 0.000000 0.092013 0.007393 1.710545
0.900593 0.000000 0.000001 0.000000 0.000000 0.092012 0.007393 1.710545
0.900594 0.000000 0.000001 0.000000 0.000000 0.092012 0.007393 1.710545
0.900594 0.000000 0.000001 0.000000 0.000000 0.092011 0.007393 1.710545
0.900595 0.000000 0.000001 0.000000 0.000000 0.092011 0.007393 1.710545
0.900595 0.000000 0.000001 0.000000 0.000000 0.092010 0.007393 1.710545
0.900596 0.000000 0.000001 0.000000 0.000000 0.092010 0.007393 1.710545
0.900596 0.000000 0.000001 0.000000 0.000000 0.092009 0.007393 1.710545
0.900597 0.000000 0.000001 0.000000 0.000000 0.092009 0.007393 1.710545
0.900597 0.000000 0.000001 0.000000 0.000000 0.092008 0.007393 1.710545
0.900598 0.000000 0.000001 0.000000 0.000000 0.092008 0.007393 1.710545
0.900599 0.000000 0.000001 0.000000 0.000000 0.092006 0.007393 1.710545
0.900601 0.000000 0.000001 0.000000 0.000000 0.092005 0.007393 1.710545
0.900602 0.000000 0.000001 0.000000 0.000000 0.092004 0.007393 1.710545
0.900602 0.000000 0.000001 0.000000 0.000000 0.092003 0.007393 1.710545
0.900603 0.000000 0.000001 0.000000 0.000000 0.092002 0.007393 1.710545
0.900603 0.000000 0.000001 0.000000 0.000000 0.092002 0.007393 1.710545
0.900604 0.000000 0.000001 0.000000 0.000000 0.092001 0.007393 1.710545
0.900604 0.000001 0.000001 0.000000 0.000000 0.092001 0.007393 1.710545
0.900604 0.000000 0.000001 0.000000 0.000000 0.092001 0.007393 1.710546
0.900605 0.000000 0.000002 0.000000 0.000000 0.091999 0.007393 1.710546
0.900606 0.000000 0.000001 0.000000 0.000000 0.091999 0.007393 1.710546
0.900607 0.000000 0.000001 0.000000 0.000000 0.091998 0.007393 1.710546
0.900608 0.000000 0.000001 0.000000 0.000000 0.091997 0.007393 1.710546
0.900609 0.000000 0.000001 0.000000 0.000000 0.091996 0.007393 1.710546
0.900609 0.000000 0.000001 0.000000 0.000000 0.091996 0.007393 1.710546
0.900610 0.000000 0.000001 0.000000 0.000000 0.091995 0.007393 1.710546
0.900610 0.000000 0.000001 0.000000 0.000000 0.091995 0.007393 1.710546
0.900610 0.000001 0.000001 0.000000 0.000000 0.091995 0.007393 1.710546
0.900610 0.000001 0.000001 0.000000 0.000000 0.091994 0.007393 1.710546
0.900610 0.000001 0.000001 0.000000 0.000000 0.091994 0.007393 1.710547
0.900611 0.000001 0.000001 0.000000 0.000000 0.091993 0.007393 1.710547
0.900611 0.000000 0.000001 0.000001 0.000000 0.091993 0.007393 1.710548
0.900611 0.000000 0.000001 0.000000 0.000000 0.091993 0.007393 1.710548
0.900612 0.000000 0.000001 0.000000 0.000000 0.091993 0.007393 1.710548
0.900613 0.000000 0.000001 0.000000 0.000000 0.091992 0.007393 1.710548
0.900613 0.000000 0.000001 0.000000 0.000000 0.091992 0.007393 1.710548
0.900614 0.000000 0.000001 0.000000 0.000000 0.091991 0.007393 1.710548
0.900614 0.000000 0.000001 0.000000 0.000000 0.091991 0.007393 1.710548
0.900615 0.000000 0.000001 0.000000 0.000000 0.091990 0.007393 1.710548
0.900615 0.000000 0.000001 0.000000 0.000000 0.091990 0.007393 1.710548
0.900616 0.000000 0.000001 0.000000 0.000000 0.091989 0.007393 1.710548
0.900616 0.000000 0.000001 0.000000 0.000000 0.091989 0.007393 1.710548
0.900617 0.000000 0.000001 0.000000 0.000000 0.091988 0.007393 1.710548
0.900617 0.000000 0.000001 0.000000 0.000000 0.091988 0.007393 1.710548
0.900617 0.000000 0.000000 0.000000 0.000000 0.091988 0.007393 1.710548
0.900618 0.000000 0.000000 0.000000 0.000000 0.091988 0.007393 1.710548
0.900618 0.000000 0.000000 0.000000 0.000000 0.091987 0.007393 1.710548
0.900619 0.000000 0.000000 0.000000 0.000000 0.091987 0.007393 1.710548
0.900619 0.000000 0.000000 0.000000 0.000000 0.091986 0.007393 1.710548
0.900620 0.000000 0.000000 0.000000 0.000000 0.091986 0.007393 1.710548
0.900620 0.000000 0.000000 0.000000 0.000000 0.091986 0.007393 1.710548
0.900620 0.000000 0.000000 0.000000 0.000000 0.091986 0.007393 1.710548
0.900620 0.000000 0.000000 0.000000 0.000000 0.091986 0.007393 1.710548
0.900621 0.000000 0.000000 0.000000 0.000000 0.091985 0.007393 1.710548
0.900621 0.000000 0.000000 0.000000 0.000000 0.091985 0.007393 1.710548
0.900622 0.000000 0.000000 0.000000 0.000000 0.091984 0.007393 1.710548
0.900622 0.000000 0.000000 0.000000 0.000000 0.091984 0.007393 1.710548
0.900623 0.000000 0.000000 0.000000 0.000000 0.091983 0.007393 1.710548
0.900623 0.000000 0.000000 0.000000 0.000000 0.091983 0.007393 1.710548
0.900625 0.000000 0.000000 0.000000 0.000000 0.091981 0.007393 1.710548
0.900626 0.000000 0.000000 0.000000 0.000000 0.091980 0.007393 1.710548
0.900626 0.000000 0.000000 0.000000 0.000000 0.091980 0.007393 1.710548
0.900627 0.000000 0.000000 0.000000 0.000000 0.091979 0.007393 1.710548
0.900628 0.000000 0.000000 0.000000 0.000000 0.091978 0.007393 1.710548
0.900629 0.000000 0.000000 0.000000 0.000000 0.091977 0.007393 1.710548
0.900629 0.000000 0.000000 0.000000 0.000000 0.091977 0.007393 1.710548
0.900630 0.000000 0.000000 0.000000 0.000000 0.091976 0.007393 1.710548
0.900630 0.000000 0.000000 0.000000 0.000000 0.091976 0.007393 1.710548
0.900631 0.000000 0.000000 0.000000 0.000000 0.091975 0.007393 1.710548
0.900631 0.000000 0.000000 0.000000 0.000000 0.091975 0.007393 1.710548
0.900632 0.000000 0.000000 0.000000 0.000000 0.091974 0.007393 1.710548
0.900632 0.000000 0.000000 0.000000 0.000000 0.091974 0.007393 1.710548
0.900633 0.000000 0.000000 0.000000 0.000000 0.091973 0.007393 1.710548
0.900633 0.000000 0.000000 0.000000 0.000000 0.091973 0.007393 1.710548
0.900634 0.000000 0.000000 0.000000 0.000000 0.091972 0.007393 1.710548
0.900634 0.000000 0.000000 0.000000 0.000000 0.091972 0.007393 1.710548
0.900635 0.000000 0.000000 0.000000 0.000000 0.091971 0.007393 1.710548
0.900635 0.000000 0.000000 0.000000 0.000000 0.091971 0.007393 1.710548
0.900636 0.000000 0.000000 0.000000 0.000000 0.091970 0.007393 1.710548
0.900636 0.000000 0.000000 0.000000 0.000000 0.091970 0.007393 1.710548
0.900637 0.000000 0.000000 0.000000 0.000000 0.091969 0.007393 1.710548
0.900637 0.000000 0.000000 0.000000 0.000000 0.091969 0.007393 1.710548
0.900638 0.000000 0.000000 0.000000 0.000000 0.091968 0.007393 1.710548
0.900638 0.000000 0.000000 0.000000 0.000000 0.091969 0.007393 1.710548
0.900638 0.000000 0.000000 0.000000 0.000000 0.091969 0.007393 1.710548
0.900638 0.000000 0.000000 0.000000 0.000000 0.091969 0.007393 1.710548
0.900638 0.000000 0.000000 0.000000 0.000000 0.091969 0.007393 1.710548
0.900638 0.000000 0.000000 0.000000 0.000000 0.091969 0.007393 1.710548
0.900638 0.000000 0.000000 0.000000 0.000000 0.091969 0.007393 1.710548
0.900638 0.000000 0.000000 0.000000 0.000000 0.091969 0.007393 1.710548
0.900638 0.000000 0.000000 0.000000 0.000000 0.091969 0.007393 1.710548
0.900638 0.000000 0.000000 0.000000 0.000000 0.091969 0.007393 1.710548
0.900638 0.000000 0.000000 0.000000 0.000000 0.091969 0.007393 1.710548
0.900638 0.000000 0.000000 0.000000 0.000000 0.091969 0.007393 1.710548
0.900638 0.000000 0.000000 0.000000 0.000000 0.091969 0.007393 1.710548
0.900638 0.000000 0.000000 0.000000 0.000000 0.091969 0.007393 1.710548
0.900638 0.000000 0.000000 0.000000 0.000000 0.091969 0.007393 1.710548
0.900638 0.000000 0.000000 0.000000 0.000000 0.091969 0.007393 1.710548
0.900638 0.000000 0.000000 0.000000 0.000000 0.091969 0.007393 1.710548
0.900638 0.000000 0.000000 0.000000 0.000000 0.091969 0.007393 1.710548
0.900638 0.000000 0.000000 0.000000 0.000000 0.091969 0.007393 1.710548
0.900638 0.000000 0.000000 0.000000 0.000000 0.091969 0.007393 1.710548
0.900638 0.000000 0.000000 0.000000 0.000000 0.091969 0.007393 1.710548
0.900638 0.000000 0.000000 0.000000 0.000000 0.091969 0.007393 1.710548
0.900638 0.000000 0.000000 0.000000 0.000000 0.091969 0.007393 1.710548
0.900638 0.000000 0.000000 0.000000 0.000000 0.091969 0.007393 1.710548
0.900638 0.000000 0.000000 0.000000 0.000000 0.091969 0.007393 1.710548
0.900638 0.000000 0.000000 0.000000 0.000000 0.091969 0.007393 1.710548
0.900638 0.000000 0.000000 0.000000 0.000000 0.091969 0.007393 1.710548
0.900638 0.000000 0.000000 0.000000 0.000000 0.091969 0.007393 1.710548
0.900638 0.000000 0.000000 0.000000 0.000000 0.091969 0.007393 1.710548
0.900638 0.000000 0.000000 0.000000 0.000000 0.091969 0.007393 1.710548
0.900638 0.000000 0.000000 0.000000 0.000000 0.091969 0.007393 1.710548
0.900638 0.000000 0.000000 0.000000 0.000000 0.091969 0.007393 1.710548
0.900638 0.000000 0.000000 0.000000 0.000000 0.091969 0.007393 1.710548
0.900638 0.000000 0.000000 0.000000 0.000000 0.091969 0.007393 1.710548
0.900638 0.000000 0.000000 0.000000 0.000000 0.091969 0.007393 1.710548
0.900638 0.000000 0.000000 0.000000 0.000000 0.091969 0.007393 1.710548
0.900638 0.000000 0.000000 0.000000 0.000000 0.091969 0.007393 1.710548
0.900638 0.000000 0.000000 0.000000 0.000000 0.091969 0.007393 1.710548
0.900638 0.000000 0.000000 0.000000 0.000000 0.091969 0.007393 1.710548
0.900638 0.000000 0.000000 0.000000 0.000000 0.091969 0.007393 1.710548
0.900638 0.000000 0.000000 0.000000 0.000000 0.091969 0.007393 1.710548
0.900638 0.000000 0.000000 0.000000 0.000000 0.091969 0.007393 1.710548
0.900638 0.000000 0.000000 0.000000 0.000000 0.091969 0.007393 1.710548
0.900638 0.000000 0.000000 0.000000 0.000000 0.091969 0.007393 1.710548
0.900638 0.000000 0.000000 0.000000 0.000000 0.091969 0.007393 1.710548
0.900638 0.000000 0.000000 0.000000 0.000000 0.091969 0.007393 1.710548
0.900638 0.000000 0.000000 0.000000 0.000000 0.091969 0.007393 1.710548
0.900638 0.000000 0.000000 0.000000 0.000000 0.091969 0.007393 1.710548
0.900638 0.000000 0.000000 0.000000 0.000000 0.091969 0.007393 1.710548
0.900638 0.000000 0.000000 0.000000 0.000000 0.091969 0.007393 1.710548
0.900638 0.000000 0.000000 0.000000 0.000000 0.091969 0.007393 1.710548
0.900638 0.000000 0.000000 0.000000 0.000000 0.091969 0.007393 1.710548
0.900638 0.000000 0.000000 0.000000 0.000000 0.091969 0.007393 1.710548
0.900638 0.000000 0.000000 0.000000 0.000000 0.091969 0.007393 1.710548
0.900638 0.000000 0.000000 0.000000 0.000000 0.091969 0.007393 1.710548
0.900638 0.000000 0.000000 0.000000 0.000000 0.091969 0.007393 1.710548
0.900638 0.000000 0.000000 0.000000 0.000000 0.091969 0.007393 1.710548
0.900638 0.000000 0.000000 0.000000 0.000000 0.091969 0.007393 1.710548
0.900638 0.000000 0.000000 0.000000 0.000000 0.091969 0.007393 1.710548
0.900638 0.000000 0.000000 0.000000 0.000000 0.091969 0.007393 1.710548
0.900638 0.000000 0.000000 0.000000 0.000000 0.091969 0.007393 1.710548
0.900638 0.000000 0.000000 0.000000 0.000000 0.091969 0.007393 1.710548
0.900638 0.000000 0.000000 0.000000 0.000000 0.091969 0.007393 1.710548
0.900638 0.000000 0.000000 0.000000 0.000000 0.091969 0.007393 1.710548
0.900638 0.000000 0.000000 0.000000 0.000000 0.091969 0.007393 1.710548
0.900638 0.000000 0.000000 0.000000 0.000000 0.091969 0.007393 1.710548
0.900638 0.000000 0.000000 0.000000 0.000000 0.091969 0.007393 1.710548
0.900638 0.000000 0.000000 0.000000 0.000000 0.091969 0.007393 1.710548
0.900638 0.000000 0.000000 0.000000 0.000000 0.091969 0.007393 1.710548
0.900638 0.000000 0.000000 0.000000 0.000000 0.091969 0.007393 1.710548
0.900638 0.000000 0.000000 0.000000 0.000000 0.091969 0.007393 1.710548
0.900638 0.000000 0.000000 0.000000 0.000000 0.091969 0.007393 1.710548
0.900638 0.000000 0.000000 0.000000 0.000000 0.091969 0.007393 1.710548
0.900638 0.000000 0.000000 0.000000 0.000000 0.091969 0.007393 1.710548
0.900638 0.000000 0.000000 0.000000 0.000000 0.091969 0.007393 1.710548
0.900638 0.000000 0.000000 0.000000 0.000000 0.091969 0.007393 1.710548
0.900638 0.000000 0.000000 0.000000 0.000000 0.091969 0.007393 1.710548
0.900638 0.000000 0.000000 0.000000 0.000000 0.091969 0.007393 1.710548
0.900638 0.000000 0.000000 0.000000 0.000000 0.091969 0.007393 1.710548
0.900638 0.000000 0.000000 0.000000 0.000000 0.091969 0.007393 1.710548
0.900638 0.000000 0.000000 0.000000 0.000000 0.091969 0.007393 1.710548
0.900638 0.000000 0.000000 0.000000 0.000000 0.091969 0.007393 1.710548
0.900638 0.000000 0.000000 0.000000 0.000000 0.091969 0.007393 1.710548
0.900638 0.000000 0.000000 0.000000 0.000000 0.091969 0.007393 1.710548
0.900638 0.000000 0.000000 0.000000 0.000000 0.091969 0.007393 1.710548
0.900638 0.000000 0.000000 0.000000 0.000000 0.091969 0.007393 1.710548
0.900638 0.000000 0.000000 0.000000 0.000000 0.091969 0.007393 1.710548
0.900638 0.000000 0.000000 0.000000 0.000000 0.091969 0.007393 1.710548
0.900638 0.000000 0.000000 0.000000 0.000000 0.091969 0.007393 1.710548
0.900638 0.000000 0.000000 0.000000 0.000000 0.091969 0.007393 1.710548
0.900638 0.000000 0.000000 0.000000 0.000000 0.091969 0.007393 1.710548
0.900638 0.000000 0.000000 0.000000 0.000000 0.091969 0.007393 1.710548
0.900638 0.000000 0.000000 0.000000 0.000000 0.091969 0.007393 1.710548
0.900638 0.000000 0.000000 0.000000 0.000000 0.091969 0.007393 1.710548
0.900638 0.000000 0.000000 0.000000 0.000000 0.091969 0.007393 1.710548
0.900638 0.000000 0.000000 0.000000 0.000000 0.091969 0.007393 1.710548
0.900638 0.000000 0.000000 0.000000 0.000000 0.091969 0.007393 1.710548
0.900638 0.000000 0.000000 0.000000 0.000000 0.091969 0.007393 1.710548
0.900638 0.000000 0.000000 0.000000 0.000000 0.091969 0.007393 1.710548
0.900638 0.000000 0.000000 0.000000 0.000000 0.091969 0.007393 1.710548
0.900638 0.000000 0.000000 0.000000 0.000000 0.091969 0.007393 1.710548
0.900638 0.000000 0.000000 0.000000 0.000000 0.091969 0.007393 1.710548
0.900638 0.000000 0.000000 0.000000 0.000000 0.091969 0.007393 1.710548
0.900638 0.000000 0.000000 0.000000 0.000000 0.091969 0.007393 1.710548
0.900638 0.000000 0.000000 0.000000 0.000000 0.091969 0.007393 1.710548
0.900638 0.000000 0.000000 0.000000 0.000000 0.091969 0.007393 1.710548
0.900638 0.000000 0.000000 0.000000 0.000000 0.091969 0.007393 1.710548
0.900638 0.000000 0.000000 0.000000 0.000000 0.091969 0.007393 1.710548
0.900638 0.000000 0.000000 0.000000 0.000000 0.091969 0.007393 1.710548
0.900638 0.000000 0.000000 0.000000 0.000000 0.091969 0.007393 1.710548
0.900638 0.000000 0.000000 0.000000 0.000000 0.091969 0.007393 1.710548
0.900638 0.000000 0.000000 0.000000 0.000000 0.091969 0.007393 1.710548
0.900638 0.000000 0.000000 0.000000 0.000000 0.091969 0.007393 1.710548
0.900638 0.000000 0.000000 0.000000 0.000000 0.091969 0.007393 1.710548
0.900638 0.000000 0.000000 0.000000 0.000000 0.091969 0.007393 1.710548
0.900638 0.000000 0.000000 0.000000 0.000000 0.091969 0.007393 1.710548
0.900638 0.000000 0.000000 0.000000 0.000000 0.091969 0.007393 1.710548
0.900638 0.000000 0.000000 0.000000 0.000000 0.091969 0.007393 1.710548
0.900638 0.000000 0.000000 0.000000 0.000000 0.091969 0.007393 1.710548
0.900638 0.000000 0.000000 0.000000 0.000000 0.091969 0.007393 1.710548
0.900638 0.000000 0.000000 0.000000 0.000000 0.091969 0.007393 1.710548
0.900638 0.000000 0.000000 0.000000 0.000000 0.091969 0.007393 1.710548
0.900638 0.000000 0.000000 0.000000 0.000000 0.091969 0.007393 1.710548
0.900638 0.000000 0.000000 0.000000 0.000000 0.091969 0.007393 1.710548
0.900638 0.000000 0.000000 0.000000 0.000000 0.091969 0.007393 1.710548
0.900638 0.000000 0.000000 0.000000 0.000000 0.091969 0.007393 1.710548
0.900638 0.000000 0.000000 0.000000 0.000000 0.091969 0.007393 1.710548
0.900638 0.000000 0.000000 0.000000 0.000000 0.091969 0.007393 1.710548
0.900638 0.000000 0.000000 0.000000 0.000000 0.091969 0.007393 1.710548
0.900638 0.000000 0.000000 0.000000 0.000000 0.091969 0.007393 1.710548
0.900638 0.000000 0.000000 0.000000 0.000000 0.091969 0.007393 1.710548
0.900638 0.000000 0.000000 0.000000 0.000000 0.091969 0.007393 1.710548
0.900638 0.000000 0.000000 0.000000 0.000000 0.091969 0.007393 1.710548
0.900638 0.000000 0.000000 0.000000 0.000000 0.091969 0.007393 1.710548
0.900638 0.000000 0.000000 0.000000 0.000000 0.091969 0.007393 1.710548
0.900638 0.000000 0.000000 0.000000 0.000000 0.091969 0.007393 1.710548
0.900638 0.000000 0.000000 0.000000 0.000000 0.091969 0.007393 1.710548
0.900638 0.000000 0.000000 0.000000 0.000000 0.091969 0.007393 1.710548
0.900638 0.000000 0.000000 0.000000 0.000000 0.091969 0.007393 1.710548
0.900638 0.000000 0.000000 0.000000 0.000000 0.091969 0.007393 1.710548
0.900638 0.000000 0.000000 0.000000 0.000000 0.091969 0.007393 1.710548
