0.360705 0.061252 0.055083 0.031492 0.002097 0.483634 0.005736 1.587035
0.363246 0.058838 0.055057 0.031319 0.002092 0.483688 0.005760 1.592966
0.366466 0.055939 0.054927 0.031033 0.002100 0.483745 0.005790 1.598639
0.370227 0.052804 0.054581 0.030632 0.002093 0.483850 0.005814 1.604022
0.374122 0.049783 0.054064 0.030198 0.002086 0.483907 0.005840 1.609070
0.378441 0.046744 0.053286 0.029674 0.002101 0.483888 0.005866 1.613816
0.382871 0.043922 0.052402 0.029080 0.002086 0.483742 0.005897 1.618200
0.387388 0.041182 0.051449 0.028388 0.002073 0.483592 0.005927 1.622370
0.392122 0.038542 0.050365 0.027718 0.002068 0.483237 0.005948 1.626288
0.396897 0.036098 0.049211 0.027008 0.002057 0.482753 0.005977 1.629946
0.401843 0.033866 0.047984 0.026127 0.002061 0.482123 0.005996 1.633280
0.406746 0.031699 0.046772 0.025287 0.002049 0.481426 0.006021 1.636507
0.411888 0.029611 0.045604 0.024533 0.002029 0.480289 0.006047 1.639589
0.416972 0.027748 0.044313 0.023711 0.002002 0.479181 0.006073 1.642392
0.421988 0.026016 0.042933 0.022911 0.001972 0.478075 0.006105 1.645022
0.427141 0.024398 0.041519 0.022139 0.001963 0.476710 0.006131 1.647497
0.432441 0.022808 0.040249 0.021346 0.001953 0.475047 0.006157 1.649867
0.437645 0.021425 0.038870 0.020579 0.001942 0.473355 0.006184 1.652037
0.442889 0.020142 0.037465 0.019825 0.001929 0.471547 0.006206 1.654052
0.448063 0.018941 0.035994 0.019019 0.001921 0.469838 0.006226 1.655937
0.453249 0.017777 0.034599 0.018254 0.001901 0.467974 0.006246 1.657746
0.458483 0.016733 0.033320 0.017506 0.001886 0.465808 0.006264 1.659407
0.463649 0.015781 0.032129 0.016782 0.001857 0.463512 0.006291 1.661007
0.468860 0.014891 0.030898 0.016089 0.001816 0.461129 0.006317 1.662488
0.474101 0.014035 0.029706 0.015443 0.001794 0.458579 0.006341 1.663912
0.479338 0.013194 0.028534 0.014860 0.001772 0.455942 0.006361 1.665279
0.484523 0.012469 0.027400 0.014257 0.001723 0.453246 0.006383 1.666532
0.489575 0.011792 0.026310 0.013634 0.001700 0.450586 0.006405 1.667716
0.494748 0.011196 0.025190 0.013045 0.001669 0.447726 0.006427 1.668810
0.499799 0.010561 0.024207 0.012477 0.001648 0.444864 0.006445 1.669904
0.504815 0.009995 0.023205 0.011956 0.001611 0.441950 0.006468 1.670959
0.509864 0.009444 0.022180 0.011444 0.001581 0.438996 0.006492 1.671937
0.514925 0.008929 0.021235 0.010932 0.001548 0.435920 0.006511 1.672857
0.519957 0.008494 0.020351 0.010473 0.001514 0.432683 0.006528 1.673705
0.524930 0.008043 0.019553 0.009989 0.001483 0.429454 0.006548 1.674545
0.529879 0.007671 0.018713 0.009531 0.001453 0.426187 0.006566 1.675326
0.534782 0.007296 0.017906 0.009121 0.001421 0.422891 0.006583 1.676055
0.539792 0.006970 0.017040 0.008732 0.001388 0.419477 0.006601 1.676734
0.544651 0.006648 0.016313 0.008340 0.001369 0.416061 0.006619 1.677422
0.549455 0.006362 0.015638 0.007953 0.001345 0.412613 0.006634 1.678053
0.554274 0.006062 0.014962 0.007603 0.001313 0.409133 0.006654 1.678679
0.558986 0.005757 0.014340 0.007259 0.001280 0.405707 0.006672 1.679295
0.563818 0.005542 0.013715 0.006895 0.001249 0.402095 0.006687 1.679828
0.568518 0.005291 0.013154 0.006599 0.001217 0.398520 0.006701 1.680380
0.573209 0.005052 0.012614 0.006314 0.001184 0.394906 0.006722 1.680909
0.577916 0.004834 0.012022 0.006023 0.001154 0.391314 0.006736 1.681387
0.582480 0.004641 0.011507 0.005759 0.001111 0.387750 0.006753 1.681860
0.587108 0.004463 0.011010 0.005508 0.001083 0.384059 0.006769 1.682304
0.591706 0.004281 0.010534 0.005242 0.001059 0.380394 0.006783 1.682734
0.596276 0.004117 0.010057 0.004998 0.001034 0.376721 0.006798 1.683137
0.600714 0.003965 0.009612 0.004784 0.001003 0.373113 0.006810 1.683520
0.605189 0.003808 0.009201 0.004557 0.000987 0.369440 0.006818 1.683900
0.609561 0.003676 0.008815 0.004357 0.000957 0.365804 0.006830 1.684261
0.613923 0.003548 0.008426 0.004159 0.000929 0.362171 0.006846 1.684607
0.618159 0.003413 0.008061 0.003972 0.000907 0.358630 0.006857 1.684943
0.622446 0.003310 0.007714 0.003803 0.000882 0.354975 0.006870 1.685256
0.626720 0.003184 0.007402 0.003647 0.000852 0.351312 0.006884 1.685589
0.630822 0.003100 0.007088 0.003503 0.000826 0.347765 0.006897 1.685879
0.634926 0.002982 0.006812 0.003328 0.000805 0.344237 0.006909 1.686165
0.639039 0.002868 0.006520 0.003176 0.000780 0.340696 0.006921 1.686452
0.643101 0.002771 0.006253 0.003048 0.000757 0.337140 0.006930 1.686733
0.647154 0.002665 0.005972 0.002954 0.000739 0.333579 0.006938 1.687008
0.651169 0.002572 0.005744 0.002833 0.000719 0.330015 0.006947 1.687276
0.655116 0.002483 0.005523 0.002711 0.000693 0.326518 0.006957 1.687524
0.659011 0.002394 0.005297 0.002589 0.000673 0.323067 0.006969 1.687771
0.662915 0.002311 0.005102 0.002480 0.000651 0.319561 0.006979 1.688001
0.666740 0.002248 0.004910 0.002363 0.000631 0.316123 0.006986 1.688213
0.670534 0.002187 0.004696 0.002262 0.000614 0.312714 0.006995 1.688424
0.674301 0.002102 0.004511 0.002175 0.000595 0.309312 0.007004 1.688643
0.677987 0.002035 0.004320 0.002089 0.000582 0.305977 0.007010 1.688843
0.681713 0.002001 0.004154 0.002006 0.000575 0.302534 0.007016 1.689022
0.685351 0.001946 0.003987 0.001938 0.000557 0.299199 0.007023 1.689210
0.688934 0.001888 0.003848 0.001856 0.000540 0.295904 0.007030 1.689400
0.692460 0.001838 0.003717 0.001784 0.000527 0.292638 0.007037 1.689587
0.695975 0.001759 0.003593 0.001730 0.000515 0.289386 0.007043 1.689773
0.699439 0.001694 0.003468 0.001659 0.000500 0.286192 0.007050 1.689956
0.702852 0.001623 0.003340 0.001607 0.000487 0.283037 0.007055 1.690138
0.706252 0.001590 0.003226 0.001544 0.000472 0.279856 0.007061 1.690287
0.709670 0.001544 0.003118 0.001493 0.000464 0.276647 0.007066 1.690440
0.712952 0.001497 0.003024 0.001436 0.000449 0.273568 0.007074 1.690590
0.716304 0.001454 0.002918 0.001381 0.000436 0.270426 0.007082 1.690737
0.719603 0.001421 0.002790 0.001323 0.000425 0.267352 0.007087 1.690870
0.722830 0.001383 0.002698 0.001268 0.000413 0.264316 0.007093 1.691006
0.726070 0.001352 0.002592 0.001221 0.000397 0.261268 0.007101 1.691127
0.729240 0.001318 0.002506 0.001173 0.000388 0.258270 0.007106 1.691252
0.732260 0.001303 0.002401 0.001135 0.000383 0.255409 0.007110 1.691375
0.735343 0.001262 0.002326 0.001092 0.000372 0.252489 0.007117 1.691499
0.738348 0.001227 0.002256 0.001055 0.000356 0.249638 0.007123 1.691625
0.741371 0.001198 0.002156 0.001020 0.000350 0.246779 0.007128 1.691744
0.744402 0.001159 0.002098 0.000983 0.000340 0.243884 0.007135 1.691866
0.747337 0.001138 0.002041 0.000935 0.000331 0.241079 0.007140 1.691979
0.750254 0.001092 0.001976 0.000907 0.000320 0.238306 0.007147 1.692108
0.753093 0.001085 0.001894 0.000874 0.000309 0.235594 0.007151 1.692201
0.755956 0.001063 0.001833 0.000842 0.000297 0.232856 0.007155 1.692300
0.758746 0.001030 0.001781 0.000815 0.000290 0.230181 0.007159 1.692402
0.761566 0.001001 0.001738 0.000786 0.000277 0.227470 0.007163 1.692513
0.764372 0.000982 0.001678 0.000752 0.000271 0.224780 0.007166 1.692596
0.767095 0.000976 0.001615 0.000735 0.000262 0.222149 0.007169 1.692677
0.769839 0.000947 0.001570 0.000721 0.000258 0.219494 0.007172 1.692777
0.772501 0.000924 0.001510 0.000697 0.000250 0.216940 0.007178 1.692867
0.775156 0.000912 0.001457 0.000673 0.000239 0.214382 0.007183 1.692951
0.777687 0.000892 0.001425 0.000651 0.000231 0.211931 0.007184 1.693039
0.780238 0.000868 0.001379 0.000633 0.000223 0.209472 0.007188 1.693125
0.782743 0.000854 0.001307 0.000615 0.000213 0.207076 0.007193 1.693199
0.785292 0.000821 0.001276 0.000603 0.000205 0.204606 0.007198 1.693284
0.787737 0.000804 0.001237 0.000591 0.000201 0.202228 0.007202 1.693363
0.790165 0.000776 0.001206 0.000575 0.000192 0.199881 0.007207 1.693446
0.792631 0.000755 0.001179 0.000558 0.000186 0.197482 0.007211 1.693517
0.795004 0.000736 0.001134 0.000549 0.000181 0.195183 0.007215 1.693591
0.797313 0.000721 0.001101 0.000538 0.000176 0.192935 0.007216 1.693666
0.799612 0.000695 0.001070 0.000520 0.000172 0.190715 0.007218 1.693739
0.801908 0.000672 0.001050 0.000509 0.000167 0.188473 0.007221 1.693811
0.804228 0.000654 0.001027 0.000491 0.000163 0.186215 0.007223 1.693875
0.806493 0.000653 0.000989 0.000479 0.000159 0.184004 0.007224 1.693934
0.808732 0.000636 0.000958 0.000470 0.000154 0.181822 0.007228 1.694001
0.810965 0.000625 0.000928 0.000447 0.000151 0.179655 0.007230 1.694058
0.813139 0.000618 0.000893 0.000439 0.000149 0.177532 0.007232 1.694115
0.815292 0.000604 0.000872 0.000428 0.000144 0.175424 0.007236 1.694172
0.817382 0.000607 0.000841 0.000413 0.000141 0.173380 0.007236 1.694225
0.819496 0.000606 0.000823 0.000409 0.000136 0.171292 0.007238 1.694276
0.821596 0.000587 0.000802 0.000401 0.000130 0.169243 0.007240 1.694341
0.823669 0.000568 0.000789 0.000397 0.000126 0.167210 0.007242 1.694400
0.825720 0.000546 0.000768 0.000395 0.000122 0.165205 0.007244 1.694462
0.827745 0.000522 0.000751 0.000389 0.000122 0.163227 0.007245 1.694523
0.829768 0.000509 0.000726 0.000371 0.000118 0.161261 0.007246 1.694569
0.831716 0.000500 0.000717 0.000359 0.000116 0.159345 0.007247 1.694621
0.833594 0.000493 0.000697 0.000350 0.000113 0.157505 0.007250 1.694669
0.835523 0.000483 0.000681 0.000341 0.000112 0.155611 0.007250 1.694721
0.837410 0.000477 0.000667 0.000331 0.000112 0.153753 0.007251 1.694768
0.839341 0.000462 0.000654 0.000328 0.000111 0.151852 0.007252 1.694816
0.841151 0.000446 0.000639 0.000325 0.000108 0.150078 0.007254 1.694859
0.842870 0.000434 0.000633 0.000315 0.000104 0.148390 0.007255 1.694910
0.844690 0.000428 0.000616 0.000301 0.000103 0.146608 0.007256 1.694947
0.846579 0.000422 0.000597 0.000293 0.000100 0.144752 0.007257 1.694983
0.848340 0.000411 0.000589 0.000286 0.000097 0.143020 0.007258 1.695024
0.850137 0.000411 0.000572 0.000279 0.000092 0.141249 0.007260 1.695059
0.851825 0.000399 0.000573 0.000271 0.000089 0.139582 0.007262 1.695104
0.853541 0.000397 0.000555 0.000265 0.000084 0.137896 0.007264 1.695141
0.855163 0.000389 0.000538 0.000263 0.000081 0.136301 0.007264 1.695179
0.856790 0.000385 0.000528 0.000257 0.000080 0.134696 0.007264 1.695212
0.858479 0.000378 0.000515 0.000248 0.000078 0.133038 0.007265 1.695247
0.860090 0.000370 0.000505 0.000244 0.000071 0.131455 0.007266 1.695283
0.861668 0.000372 0.000498 0.000240 0.000070 0.129885 0.007267 1.695319
0.863276 0.000366 0.000486 0.000234 0.000069 0.128301 0.007268 1.695354
0.864860 0.000357 0.000479 0.000234 0.000066 0.126735 0.007269 1.695390
0.866398 0.000347 0.000464 0.000236 0.000065 0.125219 0.007270 1.695427
0.867908 0.000332 0.000448 0.000228 0.000063 0.123750 0.007271 1.695460
0.869374 0.000323 0.000436 0.000224 0.000063 0.122310 0.007271 1.695490
0.870807 0.000323 0.000428 0.000216 0.000063 0.120891 0.007271 1.695514
0.872257 0.000321 0.000423 0.000208 0.000060 0.119460 0.007272 1.695545
0.873676 0.000311 0.000420 0.000205 0.000059 0.118056 0.007273 1.695576
0.875093 0.000300 0.000402 0.000204 0.000057 0.116671 0.007275 1.695606
0.876433 0.000286 0.000403 0.000195 0.000053 0.115355 0.007276 1.695638
0.877783 0.000282 0.000391 0.000191 0.000051 0.114026 0.007277 1.695663
0.879088 0.000277 0.000387 0.000183 0.000048 0.112739 0.007278 1.695689
0.880450 0.000265 0.000382 0.000175 0.000046 0.111403 0.007279 1.695720
0.881753 0.000261 0.000372 0.000170 0.000046 0.110119 0.007280 1.695745
0.883067 0.000245 0.000362 0.000167 0.000043 0.108834 0.007281 1.695777
0.884334 0.000231 0.000358 0.000168 0.000040 0.107587 0.007283 1.695810
0.885575 0.000223 0.000345 0.000162 0.000038 0.106372 0.007285 1.695832
0.886842 0.000219 0.000336 0.000163 0.000038 0.105118 0.007285 1.695856
0.888052 0.000218 0.000326 0.000156 0.000039 0.103925 0.007285 1.695873
0.889252 0.000217 0.000320 0.000154 0.000037 0.102734 0.007286 1.695895
0.890471 0.000212 0.000312 0.000145 0.000035 0.101539 0.007287 1.695914
0.891598 0.000208 0.000307 0.000142 0.000034 0.100423 0.007288 1.695936
0.892701 0.000199 0.000301 0.000137 0.000034 0.099340 0.007288 1.695958
0.893765 0.000198 0.000291 0.000137 0.000031 0.098290 0.007289 1.695976
0.894810 0.000186 0.000285 0.000136 0.000028 0.097265 0.007291 1.696001
0.895836 0.000173 0.000282 0.000136 0.000027 0.096256 0.007291 1.696025
0.896862 0.000169 0.000279 0.000134 0.000027 0.095237 0.007291 1.696047
0.897813 0.000165 0.000274 0.000129 0.000027 0.094301 0.007291 1.696064
0.898828 0.000165 0.000266 0.000128 0.000027 0.093294 0.007291 1.696079
0.899824 0.000165 0.000256 0.000126 0.000026 0.092310 0.007292 1.696096
0.900764 0.000158 0.000251 0.000122 0.000026 0.091388 0.007292 1.696115
0.901693 0.000162 0.000240 0.000117 0.000025 0.090472 0.007292 1.696128
0.902617 0.000159 0.000236 0.000119 0.000025 0.089551 0.007293 1.696144
0.903486 0.000154 0.000228 0.000116 0.000024 0.088700 0.007293 1.696165
0.904403 0.000158 0.000220 0.000110 0.000024 0.087792 0.007293 1.696175
0.905239 0.000156 0.000211 0.000110 0.000023 0.086967 0.007294 1.696189
0.906070 0.000155 0.000205 0.000104 0.000022 0.086150 0.007294 1.696200
0.906847 0.000154 0.000203 0.000100 0.000020 0.085381 0.007294 1.696216
0.907615 0.000148 0.000200 0.000098 0.000020 0.084623 0.007295 1.696233
0.908420 0.000151 0.000199 0.000094 0.000019 0.083822 0.007295 1.696243
0.909165 0.000152 0.000194 0.000094 0.000018 0.083081 0.007296 1.696258
0.909902 0.000148 0.000196 0.000095 0.000017 0.082346 0.007296 1.696277
0.910655 0.000141 0.000196 0.000092 0.000017 0.081602 0.007296 1.696293
0.911392 0.000137 0.000196 0.000092 0.000017 0.080871 0.007296 1.696308
0.912075 0.000141 0.000196 0.000092 0.000016 0.080184 0.007296 1.696324
0.912747 0.000139 0.000193 0.000090 0.000015 0.079520 0.007296 1.696337
0.913425 0.000132 0.000184 0.000092 0.000015 0.078857 0.007296 1.696354
0.914063 0.000129 0.000180 0.000092 0.000014 0.078225 0.007297 1.696368
0.914647 0.000124 0.000178 0.000091 0.000015 0.077647 0.007297 1.696384
0.915241 0.000120 0.000177 0.000089 0.000014 0.077061 0.007297 1.696397
0.915836 0.000123 0.000173 0.000085 0.000014 0.076472 0.007297 1.696408
0.916399 0.000119 0.000169 0.000085 0.000013 0.075918 0.007298 1.696422
0.916918 0.000124 0.000166 0.000079 0.000012 0.075402 0.007298 1.696429
0.917447 0.000124 0.000162 0.000075 0.000012 0.074882 0.007298 1.696441
0.917941 0.000122 0.000153 0.000076 0.000011 0.074399 0.007299 1.696453
0.918383 0.000122 0.000147 0.000073 0.000011 0.073965 0.007299 1.696465
0.918855 0.000118 0.000143 0.000073 0.000009 0.073502 0.007300 1.696476
0.919304 0.000117 0.000140 0.000070 0.000008 0.073059 0.007300 1.696485
0.919751 0.000117 0.000135 0.000071 0.000008 0.072618 0.007300 1.696495
0.920171 0.000115 0.000133 0.000069 0.000007 0.072204 0.007300 1.696505
0.920586 0.000111 0.000130 0.000067 0.000008 0.071798 0.007300 1.696515
0.920968 0.000110 0.000127 0.000069 0.000007 0.071418 0.007300 1.696526
0.921364 0.000111 0.000120 0.000070 0.000007 0.071027 0.007300 1.696534
0.921743 0.000108 0.000117 0.000070 0.000007 0.070655 0.007300 1.696543
0.922115 0.000108 0.000112 0.000072 0.000007 0.070285 0.007300 1.696554
0.922462 0.000100 0.000114 0.000073 0.000007 0.069943 0.007300 1.696570
0.922816 0.000098 0.000113 0.000072 0.000007 0.069593 0.007300 1.696579
0.923149 0.000094 0.000114 0.000072 0.000007 0.069264 0.007300 1.696590
0.923491 0.000088 0.000111 0.000070 0.000007 0.068932 0.007300 1.696601
0.923794 0.000090 0.000110 0.000066 0.000007 0.068631 0.007300 1.696608
0.924087 0.000089 0.000108 0.000064 0.000007 0.068344 0.007300 1.696616
0.924396 0.000088 0.000110 0.000062 0.000007 0.068037 0.007300 1.696624
0.924683 0.000084 0.000111 0.000061 0.000006 0.067754 0.007300 1.696636
0.924964 0.000081 0.000109 0.000061 0.000006 0.067479 0.007301 1.696646
0.925257 0.000080 0.000108 0.000059 0.000006 0.067189 0.007301 1.696654
0.925525 0.000080 0.000099 0.000059 0.000006 0.066930 0.007301 1.696660
0.925768 0.000077 0.000099 0.000056 0.000006 0.066693 0.007301 1.696667
0.926044 0.000079 0.000097 0.000056 0.000006 0.066418 0.007301 1.696671
0.926297 0.000077 0.000093 0.000058 0.000006 0.066168 0.007301 1.696679
0.926543 0.000074 0.000093 0.000058 0.000005 0.065925 0.007301 1.696689
0.926798 0.000077 0.000090 0.000056 0.000005 0.065672 0.007301 1.696695
0.927030 0.000081 0.000088 0.000053 0.000006 0.065441 0.007301 1.696700
0.927257 0.000077 0.000089 0.000053 0.000006 0.065216 0.007301 1.696708
0.927479 0.000074 0.000087 0.000054 0.000006 0.064998 0.007301 1.696715
0.927712 0.000066 0.000086 0.000055 0.000006 0.064773 0.007301 1.696726
0.927933 0.000066 0.000084 0.000056 0.000006 0.064553 0.007301 1.696733
0.928165 0.000065 0.000084 0.000055 0.000006 0.064323 0.007301 1.696740
0.928364 0.000064 0.000083 0.000055 0.000006 0.064127 0.007301 1.696746
0.928567 0.000060 0.000082 0.000053 0.000005 0.063930 0.007301 1.696754
0.928782 0.000060 0.000080 0.000052 0.000005 0.063720 0.007301 1.696760
0.928978 0.000061 0.000080 0.000049 0.000005 0.063525 0.007301 1.696765
0.929164 0.000062 0.000080 0.000047 0.000006 0.063340 0.007301 1.696771
0.929347 0.000058 0.000082 0.000047 0.000006 0.063158 0.007301 1.696780
0.929527 0.000060 0.000082 0.000044 0.000007 0.062979 0.007301 1.696786
0.929719 0.000057 0.000082 0.000042 0.000006 0.062792 0.007301 1.696793
0.929892 0.000055 0.000081 0.000040 0.000006 0.062624 0.007301 1.696799
0.930050 0.000054 0.000081 0.000039 0.000006 0.062469 0.007301 1.696804
0.930218 0.000057 0.000076 0.000037 0.000006 0.062304 0.007301 1.696808
0.930384 0.000055 0.000073 0.000039 0.000006 0.062142 0.007302 1.696814
0.930546 0.000057 0.000070 0.000038 0.000005 0.061982 0.007302 1.696820
0.930696 0.000051 0.000070 0.000037 0.000005 0.061839 0.007302 1.696828
0.930842 0.000054 0.000068 0.000035 0.000005 0.061695 0.007302 1.696831
0.930988 0.000053 0.000067 0.000034 0.000005 0.061551 0.007302 1.696837
0.931118 0.000053 0.000065 0.000031 0.000005 0.061426 0.007302 1.696841
0.931244 0.000053 0.000067 0.000030 0.000005 0.061300 0.007302 1.696846
0.931368 0.000053 0.000064 0.000029 0.000005 0.061180 0.007302 1.696849
0.931483 0.000053 0.000066 0.000028 0.000004 0.061064 0.007302 1.696857
0.931595 0.000054 0.000065 0.000028 0.000004 0.060952 0.007303 1.696861
0.931726 0.000052 0.000063 0.000027 0.000004 0.060826 0.007303 1.696865
0.931848 0.000052 0.000064 0.000025 0.000004 0.060706 0.007303 1.696871
0.931966 0.000053 0.000061 0.000026 0.000004 0.060589 0.007303 1.696876
0.932058 0.000053 0.000059 0.000026 0.000004 0.060497 0.007303 1.696881
0.932165 0.000055 0.000058 0.000024 0.000004 0.060391 0.007303 1.696884
0.932243 0.000053 0.000060 0.000026 0.000004 0.060311 0.007303 1.696892
0.932319 0.000049 0.000057 0.000026 0.000004 0.060242 0.007303 1.696900
0.932400 0.000047 0.000055 0.000026 0.000003 0.060166 0.007303 1.696906
0.932482 0.000047 0.000054 0.000025 0.000003 0.060086 0.007303 1.696910
0.932555 0.000047 0.000056 0.000026 0.000003 0.060010 0.007303 1.696916
0.932639 0.000047 0.000054 0.000027 0.000003 0.059927 0.007304 1.696920
0.932721 0.000048 0.000055 0.000026 0.000003 0.059843 0.007304 1.696923
0.932789 0.000046 0.000053 0.000024 0.000003 0.059781 0.007304 1.696926
0.932859 0.000048 0.000050 0.000023 0.000003 0.059713 0.007304 1.696929
0.932922 0.000047 0.000052 0.000021 0.000003 0.059651 0.007304 1.696935
0.932981 0.000049 0.000048 0.000020 0.000003 0.059594 0.007304 1.696938
0.933044 0.000047 0.000049 0.000020 0.000003 0.059533 0.007304 1.696943
0.933108 0.000047 0.000046 0.000021 0.000003 0.059471 0.007304 1.696947
0.933160 0.000046 0.000044 0.000021 0.000003 0.059422 0.007304 1.696951
0.933211 0.000043 0.000043 0.000021 0.000003 0.059376 0.007304 1.696955
0.933268 0.000043 0.000043 0.000019 0.000003 0.059320 0.007304 1.696957
0.933323 0.000042 0.000044 0.000017 0.000003 0.059266 0.007304 1.696961
0.933371 0.000043 0.000046 0.000017 0.000004 0.059216 0.007304 1.696963
0.933423 0.000044 0.000044 0.000016 0.000004 0.059165 0.007304 1.696967
0.933469 0.000043 0.000043 0.000017 0.000003 0.059120 0.007304 1.696971
0.933515 0.000041 0.000041 0.000019 0.000003 0.059076 0.007304 1.696976
0.933565 0.000037 0.000043 0.000020 0.000003 0.059027 0.007304 1.696983
0.933611 0.000036 0.000042 0.000019 0.000003 0.058985 0.007304 1.696986
0.933662 0.000035 0.000041 0.000018 0.000003 0.058936 0.007304 1.696989
0.933698 0.000036 0.000043 0.000018 0.000003 0.058899 0.007304 1.696992
0.933751 0.000034 0.000044 0.000018 0.000003 0.058846 0.007304 1.696996
0.933795 0.000034 0.000042 0.000018 0.000003 0.058805 0.007304 1.697000
0.933833 0.000033 0.000041 0.000016 0.000003 0.058770 0.007304 1.697004
0.933871 0.000030 0.000043 0.000017 0.000003 0.058731 0.007304 1.697010
0.933920 0.000031 0.000043 0.000015 0.000003 0.058684 0.007304 1.697012
0.933960 0.000030 0.000043 0.000015 0.000003 0.058645 0.007304 1.697016
0.934011 0.000027 0.000044 0.000014 0.000003 0.058595 0.007304 1.697020
0.934050 0.000029 0.000044 0.000014 0.000003 0.058556 0.007304 1.697022
0.934082 0.000029 0.000042 0.000014 0.000003 0.058525 0.007304 1.697024
0.934113 0.000031 0.000040 0.000013 0.000003 0.058494 0.007304 1.697027
0.934147 0.000032 0.000040 0.000014 0.000003 0.058460 0.007304 1.697030
0.934186 0.000030 0.000040 0.000014 0.000003 0.058424 0.007304 1.697033
0.934224 0.000030 0.000038 0.000014 0.000003 0.058388 0.007304 1.697036
0.934256 0.000031 0.000039 0.000012 0.000003 0.058355 0.007304 1.697039
0.934284 0.000030 0.000039 0.000011 0.000003 0.058330 0.007304 1.697043
0.934319 0.000029 0.000037 0.000012 0.000003 0.058297 0.007304 1.697045
0.934350 0.000027 0.000036 0.000012 0.000004 0.058268 0.007304 1.697046
0.934379 0.000026 0.000038 0.000011 0.000004 0.058239 0.007304 1.697049
0.934410 0.000027 0.000038 0.000011 0.000004 0.058207 0.007304 1.697051
0.934432 0.000031 0.000037 0.000011 0.000004 0.058182 0.007304 1.697053
0.934461 0.000033 0.000036 0.000012 0.000004 0.058150 0.007304 1.697056
0.934489 0.000031 0.000036 0.000013 0.000004 0.058122 0.007304 1.697060
0.934511 0.000030 0.000033 0.000014 0.000004 0.058105 0.007304 1.697063
0.934538 0.000027 0.000030 0.000014 0.000004 0.058084 0.007304 1.697067
0.934560 0.000028 0.000027 0.000014 0.000003 0.058065 0.007304 1.697068
0.934580 0.000026 0.000026 0.000013 0.000004 0.058048 0.007304 1.697071
0.934598 0.000024 0.000027 0.000013 0.000004 0.058029 0.007304 1.697076
0.934619 0.000023 0.000027 0.000015 0.000004 0.058009 0.007304 1.697079
0.934638 0.000024 0.000027 0.000014 0.000004 0.057989 0.007304 1.697081
0.934665 0.000024 0.000027 0.000014 0.000004 0.057963 0.007304 1.697083
0.934685 0.000024 0.000026 0.000013 0.000004 0.057945 0.007304 1.697085
0.934701 0.000023 0.000024 0.000014 0.000003 0.057930 0.007304 1.697088
0.934716 0.000022 0.000023 0.000014 0.000003 0.057917 0.007304 1.697091
0.934735 0.000023 0.000022 0.000014 0.000003 0.057898 0.007304 1.697093
0.934748 0.000022 0.000024 0.000013 0.000003 0.057886 0.007304 1.697095
0.934766 0.000022 0.000023 0.000013 0.000003 0.057869 0.007304 1.697097
0.934783 0.000022 0.000021 0.000013 0.000003 0.057854 0.007304 1.697098
0.934801 0.000021 0.000021 0.000013 0.000003 0.057837 0.007304 1.697100
0.934820 0.000022 0.000021 0.000012 0.000003 0.057818 0.007304 1.697102
0.934836 0.000022 0.000020 0.000011 0.000003 0.057805 0.007304 1.697103
0.934856 0.000022 0.000018 0.000010 0.000003 0.057787 0.007304 1.697104
0.934870 0.000022 0.000018 0.000010 0.000003 0.057773 0.007304 1.697107
0.934890 0.000022 0.000017 0.000011 0.000003 0.057754 0.007304 1.697109
0.934902 0.000020 0.000019 0.000011 0.000003 0.057741 0.007304 1.697113
0.934918 0.000020 0.000018 0.000010 0.000003 0.057727 0.007305 1.697115
0.934934 0.000019 0.000016 0.000010 0.000003 0.057713 0.007305 1.697117
0.934948 0.000018 0.000016 0.000011 0.000002 0.057700 0.007305 1.697119
0.934962 0.000019 0.000014 0.000010 0.000002 0.057688 0.007305 1.697119
0.934976 0.000021 0.000015 0.000010 0.000002 0.057672 0.007305 1.697120
0.934994 0.000021 0.000014 0.000008 0.000002 0.057658 0.007305 1.697120
0.935005 0.000019 0.000013 0.000008 0.000002 0.057648 0.007305 1.697122
0.935021 0.000018 0.000014 0.000007 0.000003 0.057633 0.007305 1.697125
0.935035 0.000019 0.000014 0.000006 0.000003 0.057618 0.007305 1.697126
0.935048 0.000018 0.000014 0.000006 0.000003 0.057607 0.007305 1.697128
0.935061 0.000018 0.000014 0.000006 0.000003 0.057594 0.007305 1.697130
0.935075 0.000019 0.000014 0.000007 0.000003 0.057578 0.007305 1.697131
0.935087 0.000019 0.000016 0.000006 0.000003 0.057565 0.007305 1.697133
0.935098 0.000017 0.000019 0.000007 0.000002 0.057552 0.007306 1.697138
0.935113 0.000017 0.000018 0.000007 0.000002 0.057539 0.007306 1.697140
0.935128 0.000017 0.000017 0.000007 0.000002 0.057524 0.007306 1.697141
0.935139 0.000017 0.000018 0.000005 0.000002 0.057514 0.007306 1.697142
0.935153 0.000016 0.000019 0.000006 0.000002 0.057499 0.007306 1.697145
0.935163 0.000017 0.000019 0.000006 0.000002 0.057487 0.007306 1.697147
0.935172 0.000018 0.000017 0.000006 0.000002 0.057479 0.007306 1.697147
0.935178 0.000019 0.000017 0.000006 0.000001 0.057473 0.007306 1.697147
0.935189 0.000020 0.000017 0.000006 0.000001 0.057462 0.007306 1.697148
0.935198 0.000019 0.000018 0.000006 0.000001 0.057452 0.007306 1.697150
0.935206 0.000020 0.000019 0.000006 0.000001 0.057443 0.007306 1.697152
0.935215 0.000018 0.000019 0.000006 0.000001 0.057436 0.007306 1.697154
0.935221 0.000017 0.000019 0.000006 0.000001 0.057431 0.007306 1.697155
0.935228 0.000016 0.000019 0.000008 0.000001 0.057422 0.007306 1.697159
0.935232 0.000016 0.000019 0.000009 0.000001 0.057418 0.007306 1.697160
0.935239 0.000014 0.000017 0.000010 0.000001 0.057414 0.007306 1.697162
0.935245 0.000013 0.000017 0.000010 0.000002 0.057408 0.007306 1.697164
0.935256 0.000013 0.000017 0.000008 0.000002 0.057399 0.007306 1.697165
0.935261 0.000011 0.000018 0.000008 0.000002 0.057395 0.007306 1.697167
0.935268 0.000012 0.000017 0.000007 0.000002 0.057390 0.007306 1.697167
0.935275 0.000012 0.000015 0.000008 0.000002 0.057384 0.007306 1.697168
0.935280 0.000014 0.000014 0.000006 0.000002 0.057379 0.007306 1.697168
0.935286 0.000014 0.000014 0.000006 0.000002 0.057374 0.007306 1.697169
0.935294 0.000013 0.000016 0.000005 0.000002 0.057366 0.007306 1.697171
0.935300 0.000013 0.000014 0.000004 0.000002 0.057362 0.007306 1.697171
0.935306 0.000014 0.000014 0.000004 0.000002 0.057356 0.007306 1.697172
0.935311 0.000014 0.000014 0.000004 0.000002 0.057350 0.007306 1.697172
0.935315 0.000013 0.000015 0.000005 0.000002 0.057346 0.007306 1.697175
0.935319 0.000013 0.000015 0.000004 0.000002 0.057343 0.007306 1.697176
0.935325 0.000011 0.000016 0.000004 0.000002 0.057338 0.007306 1.697179
0.935331 0.000012 0.000014 0.000004 0.000002 0.057332 0.007306 1.697179
0.935337 0.000012 0.000015 0.000005 0.000002 0.057325 0.007306 1.697180
0.935341 0.000011 0.000016 0.000005 0.000002 0.057320 0.007306 1.697182
0.935345 0.000011 0.000014 0.000006 0.000002 0.057318 0.007306 1.697183
0.935345 0.000013 0.000014 0.000005 0.000001 0.057317 0.007306 1.697184
0.935349 0.000012 0.000014 0.000005 0.000001 0.057314 0.007306 1.697185
0.935354 0.000013 0.000013 0.000005 0.000001 0.057308 0.007306 1.697185
0.935360 0.000012 0.000014 0.000005 0.000001 0.057302 0.007306 1.697186
0.935362 0.000013 0.000014 0.000004 0.000001 0.057299 0.007306 1.697187
0.935365 0.000012 0.000014 0.000005 0.000001 0.057298 0.007306 1.697190
0.935368 0.000012 0.000014 0.000005 0.000001 0.057294 0.007306 1.697191
0.935373 0.000013 0.000014 0.000005 0.000001 0.057289 0.007306 1.697191
0.935378 0.000013 0.000014 0.000003 0.000001 0.057286 0.007306 1.697192
0.935383 0.000014 0.000013 0.000003 0.000001 0.057280 0.007306 1.697192
0.935387 0.000014 0.000012 0.000003 0.000001 0.057277 0.007306 1.697193
0.935389 0.000015 0.000013 0.000003 0.000001 0.057273 0.007306 1.697195
0.935391 0.000014 0.000014 0.000004 0.000001 0.057270 0.007306 1.697197
0.935393 0.000015 0.000014 0.000004 0.000001 0.057267 0.007306 1.697198
0.935396 0.000015 0.000015 0.000004 0.000001 0.057264 0.007306 1.697200
0.935401 0.000014 0.000015 0.000004 0.000000 0.057259 0.007307 1.697201
0.935403 0.000013 0.000016 0.000003 0.000000 0.057258 0.007307 1.697202
0.935406 0.000013 0.000015 0.000003 0.000000 0.057256 0.007307 1.697203
0.935411 0.000014 0.000014 0.000003 0.000000 0.057250 0.007307 1.697203
0.935413 0.000014 0.000015 0.000002 0.000000 0.057249 0.007307 1.697204
0.935415 0.000014 0.000014 0.000003 0.000000 0.057247 0.007307 1.697206
0.935418 0.000013 0.000014 0.000002 0.000000 0.057246 0.007307 1.697207
0.935422 0.000013 0.000013 0.000003 0.000000 0.057242 0.007307 1.697208
0.935426 0.000013 0.000013 0.000003 0.000000 0.057238 0.007307 1.697209
0.935430 0.000012 0.000014 0.000003 0.000000 0.057234 0.007307 1.697211
0.935433 0.000010 0.000015 0.000003 0.000000 0.057232 0.007307 1.697213
0.935437 0.000010 0.000015 0.000003 0.000000 0.057229 0.007307 1.697215
0.935439 0.000010 0.000015 0.000003 0.000000 0.057226 0.007307 1.697216
0.935440 0.000010 0.000016 0.000005 0.000000 0.057224 0.007307 1.697218
0.935444 0.000009 0.000015 0.000004 0.000000 0.057221 0.007307 1.697218
0.935446 0.000010 0.000015 0.000003 0.000000 0.057220 0.007307 1.697219
0.935447 0.000009 0.000015 0.000004 0.000001 0.057218 0.007307 1.697221
0.935448 0.000010 0.000014 0.000003 0.000000 0.057219 0.007307 1.697222
0.935449 0.000010 0.000013 0.000004 0.000000 0.057218 0.007307 1.697223
0.935451 0.000009 0.000013 0.000004 0.000000 0.057216 0.007307 1.697224
0.935453 0.000010 0.000012 0.000005 0.000000 0.057214 0.007307 1.697225
0.935456 0.000010 0.000010 0.000005 0.000000 0.057213 0.007307 1.697226
0.935459 0.000010 0.000009 0.000004 0.000000 0.057212 0.007307 1.697226
0.935462 0.000008 0.000010 0.000005 0.000000 0.057209 0.007307 1.697228
0.935464 0.000008 0.000008 0.000005 0.000000 0.057208 0.007307 1.697229
0.935468 0.000005 0.000009 0.000005 0.000000 0.057205 0.007307 1.697231
0.935472 0.000005 0.000009 0.000004 0.000000 0.057203 0.007307 1.697231
0.935475 0.000005 0.000009 0.000004 0.000000 0.057201 0.007307 1.697232
0.935477 0.000004 0.000008 0.000004 0.000000 0.057200 0.007307 1.697233
0.935479 0.000005 0.000008 0.000004 0.000000 0.057198 0.007307 1.697233
0.935482 0.000005 0.000008 0.000003 0.000000 0.057196 0.007307 1.697234
0.935483 0.000005 0.000007 0.000003 0.000000 0.057195 0.007307 1.697234
0.935486 0.000004 0.000008 0.000003 0.000000 0.057192 0.007307 1.697235
0.935491 0.000005 0.000006 0.000003 0.000000 0.057188 0.007307 1.697235
0.935492 0.000005 0.000006 0.000003 0.000000 0.057187 0.007307 1.697236
0.935493 0.000005 0.000006 0.000003 0.000000 0.057187 0.007307 1.697237
0.935495 0.000004 0.000006 0.000003 0.000000 0.057185 0.007307 1.697238
0.935498 0.000003 0.000007 0.000003 0.000000 0.057182 0.007307 1.697238
0.935500 0.000003 0.000006 0.000003 0.000000 0.057181 0.007307 1.697239
0.935502 0.000003 0.000006 0.000003 0.000000 0.057179 0.007307 1.697239
0.935504 0.000003 0.000005 0.000003 0.000000 0.057178 0.007307 1.697239
0.935507 0.000003 0.000006 0.000003 0.000000 0.057176 0.007307 1.697240
0.935508 0.000003 0.000004 0.000003 0.000000 0.057176 0.007307 1.697240
0.935511 0.000003 0.000004 0.000002 0.000000 0.057173 0.007307 1.697240
0.935512 0.000003 0.000003 0.000002 0.000000 0.057173 0.007307 1.697240
0.935513 0.000003 0.000003 0.000002 0.000000 0.057172 0.007307 1.697240
0.935515 0.000003 0.000003 0.000002 0.000000 0.057170 0.007307 1.697240
0.935516 0.000002 0.000003 0.000003 0.000000 0.057169 0.007307 1.697241
0.935518 0.000002 0.000003 0.000003 0.000000 0.057168 0.007307 1.697241
0.935519 0.000002 0.000003 0.000003 0.000000 0.057167 0.007307 1.697241
0.935520 0.000002 0.000003 0.000003 0.000000 0.057167 0.007307 1.697241
0.935519 0.000003 0.000003 0.000003 0.000000 0.057166 0.007307 1.697241
0.935519 0.000003 0.000003 0.000002 0.000000 0.057166 0.007307 1.697242
0.935520 0.000003 0.000003 0.000002 0.000000 0.057165 0.007307 1.697242
0.935521 0.000003 0.000003 0.000002 0.000000 0.057164 0.007307 1.697242
0.935522 0.000002 0.000004 0.000002 0.000000 0.057163 0.007307 1.697243
0.935524 0.000002 0.000004 0.000002 0.000000 0.057161 0.007307 1.697243
0.935525 0.000002 0.000004 0.000002 0.000000 0.057160 0.007307 1.697243
0.935527 0.000002 0.000004 0.000002 0.000000 0.057159 0.007307 1.697243
0.935527 0.000003 0.000004 0.000002 0.000000 0.057158 0.007307 1.697243
0.935528 0.000003 0.000003 0.000001 0.000000 0.057158 0.007307 1.697243
0.935529 0.000003 0.000003 0.000002 0.000000 0.057157 0.007307 1.697244
0.935530 0.000003 0.000003 0.000002 0.000000 0.057156 0.007307 1.697244
0.935531 0.000003 0.000002 0.000002 0.000000 0.057155 0.007307 1.697244
0.935532 0.000003 0.000003 0.000002 0.000000 0.057154 0.007307 1.697244
0.935533 0.000003 0.000003 0.000002 0.000000 0.057152 0.007307 1.697244
0.935533 0.000004 0.000003 0.000001 0.000000 0.057152 0.007307 1.697244
0.935535 0.000003 0.000003 0.000001 0.000000 0.057150 0.007307 1.697245
0.935535 0.000005 0.000003 0.000001 0.000000 0.057149 0.007307 1.697245
0.935536 0.000003 0.000004 0.000001 0.000000 0.057149 0.007307 1.697246
0.935536 0.000003 0.000004 0.000001 0.000000 0.057149 0.007307 1.697247
0.935537 0.000003 0.000005 0.000000 0.000000 0.057148 0.007307 1.697248
0.935538 0.000003 0.000003 0.000000 0.000000 0.057148 0.007307 1.697248
0.935539 0.000002 0.000003 0.000001 0.000000 0.057147 0.007307 1.697248
0.935541 0.000002 0.000003 0.000001 0.000000 0.057145 0.007307 1.697248
0.935542 0.000002 0.000003 0.000001 0.000000 0.057145 0.007307 1.697248
0.935545 0.000002 0.000003 0.000001 0.000000 0.057142 0.007307 1.697248
0.935545 0.000003 0.000003 0.000001 0.000000 0.057141 0.007307 1.697249
0.935546 0.000003 0.000003 0.000001 0.000000 0.057141 0.007307 1.697249
0.935546 0.000003 0.000003 0.000001 0.000000 0.057140 0.007307 1.697250
0.935548 0.000003 0.000003 0.000001 0.000000 0.057138 0.007307 1.697250
0.935548 0.000003 0.000003 0.000001 0.000000 0.057138 0.007307 1.697250
0.935549 0.000003 0.000003 0.000001 0.000000 0.057137 0.007307 1.697250
0.935551 0.000003 0.000002 0.000001 0.000000 0.057136 0.007307 1.697250
0.935551 0.000003 0.000001 0.000001 0.000000 0.057136 0.007307 1.697250
0.935551 0.000003 0.000002 0.000001 0.000000 0.057135 0.007307 1.697250
0.935552 0.000004 0.000002 0.000001 0.000000 0.057134 0.007307 1.697250
0.935553 0.000003 0.000002 0.000002 0.000000 0.057133 0.007307 1.697251
0.935553 0.000004 0.000002 0.000002 0.000000 0.057133 0.007307 1.697251
0.935554 0.000004 0.000002 0.000002 0.000000 0.057132 0.007307 1.697251
0.935555 0.000004 0.000002 0.000002 0.000000 0.057131 0.007307 1.697251
0.935555 0.000004 0.000002 0.000001 0.000000 0.057131 0.007307 1.697251
0.935555 0.000005 0.000002 0.000001 0.000000 0.057131 0.007307 1.697251
0.935554 0.000005 0.000001 0.000001 0.000000 0.057132 0.007307 1.697251
0.935554 0.000005 0.000001 0.000001 0.000000 0.057132 0.007307 1.697251
0.935555 0.000004 0.000003 0.000001 0.000000 0.057130 0.007307 1.697252
0.935556 0.000004 0.000003 0.000001 0.000000 0.057130 0.007307 1.697253
0.935556 0.000004 0.000002 0.000001 0.000000 0.057130 0.007307 1.697253
0.935555 0.000004 0.000001 0.000001 0.000000 0.057131 0.007307 1.697254
0.935555 0.000004 0.000001 0.000001 0.000000 0.057131 0.007307 1.697254
0.935555 0.000003 0.000001 0.000001 0.000000 0.057131 0.007307 1.697254
0.935555 0.000003 0.000002 0.000002 0.000000 0.057131 0.007307 1.697255
0.935555 0.000002 0.000003 0.000002 0.000000 0.057131 0.007307 1.697256
0.935555 0.000003 0.000003 0.000002 0.000000 0.057131 0.007307 1.697256
0.935556 0.000003 0.000001 0.000001 0.000000 0.057131 0.007307 1.697256
0.935557 0.000003 0.000001 0.000001 0.000000 0.057132 0.007307 1.697256
0.935557 0.000002 0.000001 0.000001 0.000000 0.057132 0.007307 1.697256
0.935558 0.000002 0.000001 0.000001 0.000000 0.057131 0.007307 1.697256
0.935557 0.000003 0.000001 0.000000 0.000000 0.057132 0.007307 1.697256
0.935558 0.000003 0.000001 0.000000 0.000000 0.057131 0.007307 1.697256
0.935558 0.000003 0.000000 0.000000 0.000000 0.057131 0.007307 1.697256
0.935559 0.000003 0.000000 0.000000 0.000000 0.057131 0.007307 1.697256
0.935559 0.000003 0.000000 0.000000 0.000000 0.057130 0.007307 1.697256
0.935561 0.000003 0.000000 0.000000 0.000000 0.057129 0.007307 1.697256
0.935561 0.000002 0.000000 0.000001 0.000000 0.057128 0.007307 1.697257
0.935562 0.000002 0.000000 0.000001 0.000000 0.057128 0.007307 1.697257
0.935564 0.000002 0.000000 0.000001 0.000000 0.057126 0.007307 1.697257
0.935565 0.000002 0.000000 0.000001 0.000000 0.057125 0.007307 1.697257
0.935565 0.000002 0.000000 0.000001 0.000000 0.057124 0.007307 1.697257
0.935565 0.000001 0.000000 0.000001 0.000000 0.057124 0.007307 1.697257
0.935566 0.000001 0.000000 0.000001 0.000000 0.057124 0.007307 1.697257
0.935568 0.000001 0.000000 0.000000 0.000000 0.057123 0.007307 1.697257
0.935568 0.000001 0.000001 0.000000 0.000000 0.057123 0.007307 1.697258
0.935567 0.000001 0.000001 0.000000 0.000000 0.057123 0.007307 1.697258
0.935567 0.000001 0.000000 0.000000 0.000000 0.057123 0.007307 1.697258
0.935568 0.000001 0.000000 0.000000 0.000000 0.057123 0.007307 1.697258
0.935568 0.000001 0.000000 0.000000 0.000000 0.057122 0.007307 1.697258
0.935569 0.000001 0.000000 0.000000 0.000000 0.057122 0.007307 1.697258
0.935569 0.000001 0.000000 0.000001 0.000000 0.057122 0.007307 1.697258
0.935569 0.000001 0.000000 0.000001 0.000000 0.057121 0.007307 1.697258
0.935569 0.000001 0.000000 0.000001 0.000000 0.057121 0.007307 1.697258
0.935569 0.000001 0.000000 0.000001 0.000000 0.057121 0.007307 1.697258
0.935570 0.000001 0.000000 0.000001 0.000000 0.057120 0.007307 1.697258
0.935570 0.000001 0.000000 0.000001 0.000000 0.057120 0.007307 1.697258
0.935571 0.000001 0.000001 0.000000 0.000000 0.057119 0.007307 1.697259
0.935571 0.000001 0.000001 0.000000 0.000000 0.057119 0.007307 1.697259
0.935572 0.000001 0.000001 0.000000 0.000000 0.057118 0.007307 1.697259
0.935572 0.000001 0.000001 0.000001 0.000000 0.057118 0.007307 1.697259
0.935572 0.000000 0.000001 0.000001 0.000000 0.057118 0.007307 1.697260
0.935572 0.000000 0.000001 0.000001 0.000000 0.057118 0.007307 1.697260
0.935572 0.000001 0.000001 0.000001 0.000000 0.057118 0.007307 1.697260
0.935571 0.000001 0.000001 0.000001 0.000000 0.057118 0.007307 1.697260
0.935573 0.000001 0.000001 0.000000 0.000000 0.057117 0.007307 1.697260
0.935573 0.000001 0.000002 0.000000 0.000000 0.057117 0.007307 1.697260
0.935572 0.000001 0.000003 0.000000 0.000000 0.057117 0.007307 1.697261
0.935573 0.000000 0.000003 0.000000 0.000000 0.057117 0.007307 1.697261
0.935572 0.000001 0.000003 0.000000 0.000000 0.057116 0.007307 1.697261
0.935572 0.000002 0.000003 0.000000 0.000000 0.057116 0.007307 1.697261
0.935572 0.000002 0.000003 0.000000 0.000000 0.057117 0.007307 1.697261
0.935572 0.000001 0.000003 0.000000 0.000000 0.057117 0.007307 1.697262
0.935573 0.000001 0.000003 0.000000 0.000000 0.057116 0.007307 1.697262
0.935573 0.000001 0.000003 0.000000 0.000000 0.057116 0.007307 1.697262
0.935573 0.000001 0.000003 0.000000 0.000000 0.057116 0.007307 1.697262
0.935573 0.000001 0.000003 0.000000 0.000000 0.057116 0.007307 1.697263
0.935573 0.000001 0.000003 0.000000 0.000000 0.057117 0.007307 1.697263
0.935573 0.000000 0.000003 0.000000 0.000000 0.057117 0.007307 1.697263
0.935573 0.000001 0.000003 0.000000 0.000000 0.057116 0.007307 1.697263
0.935574 0.000000 0.000003 0.000000 0.000000 0.057115 0.007307 1.697264
0.935573 0.000001 0.000003 0.000000 0.000000 0.057115 0.007307 1.697264
0.935573 0.000001 0.000003 0.000000 0.000000 0.057115 0.007307 1.697264
0.935574 0.000001 0.000003 0.000000 0.000000 0.057114 0.007307 1.697264
0.935574 0.000001 0.000003 0.000000 0.000000 0.057114 0.007307 1.697264
0.935575 0.000001 0.000003 0.000001 0.000000 0.057113 0.007307 1.697264
0.935575 0.000001 0.000003 0.000001 0.000000 0.057113 0.007307 1.697264
0.935575 0.000001 0.000003 0.000001 0.000000 0.057113 0.007307 1.697264
0.935575 0.000001 0.000003 0.000001 0.000000 0.057113 0.007307 1.697264
0.935575 0.000001 0.000002 0.000001 0.000000 0.057113 0.007307 1.697264
0.935576 0.000001 0.000002 0.000001 0.000000 0.057113 0.007307 1.697264
