0.369345 0.061619 0.054610 0.031255 0.001993 0.475515 0.005664 1.549454
0.371135 0.059922 0.054492 0.031135 0.001992 0.475634 0.005690 1.555368
0.373451 0.057885 0.054283 0.030914 0.001992 0.475765 0.005710 1.561070
0.376046 0.055666 0.054021 0.030735 0.001988 0.475811 0.005734 1.566672
0.378945 0.053464 0.053624 0.030427 0.001993 0.475786 0.005762 1.571975
0.381841 0.051245 0.053063 0.030092 0.001996 0.475977 0.005787 1.577120
0.384913 0.049157 0.052479 0.029701 0.001994 0.475947 0.005809 1.582036
0.388270 0.047052 0.051827 0.029285 0.001986 0.475742 0.005840 1.586800
0.391725 0.045147 0.051084 0.028779 0.001968 0.475431 0.005866 1.591252
0.395229 0.043263 0.050326 0.028246 0.001968 0.475070 0.005897 1.595582
0.398876 0.041546 0.049375 0.027660 0.001968 0.474655 0.005921 1.599611
0.402634 0.039873 0.048423 0.027105 0.001959 0.474056 0.005950 1.603577
0.406264 0.038286 0.047439 0.026601 0.001943 0.473493 0.005974 1.607433
0.410021 0.036772 0.046483 0.025988 0.001947 0.472794 0.005995 1.611102
0.413768 0.035355 0.045540 0.025398 0.001944 0.471975 0.006020 1.614627
0.417656 0.033950 0.044469 0.024837 0.001928 0.471117 0.006045 1.618037
0.421518 0.032682 0.043388 0.024171 0.001922 0.470252 0.006066 1.621276
0.425542 0.031474 0.042355 0.023579 0.001905 0.469052 0.006093 1.624417
0.429530 0.030235 0.041316 0.023029 0.001890 0.467879 0.006120 1.627528
0.433472 0.029163 0.040205 0.022442 0.001870 0.466705 0.006143 1.630424
0.437472 0.028208 0.039166 0.021864 0.001869 0.465255 0.006166 1.633197
0.441591 0.027278 0.038106 0.021243 0.001848 0.463739 0.006196 1.635864
0.445677 0.026337 0.037136 0.020659 0.001819 0.462148 0.006223 1.638479
0.449788 0.025498 0.036158 0.020049 0.001809 0.460453 0.006246 1.641004
0.453840 0.024638 0.035213 0.019536 0.001787 0.458716 0.006270 1.643482
0.457899 0.023899 0.034272 0.018987 0.001776 0.456875 0.006292 1.645879
0.462163 0.023072 0.033428 0.018442 0.001747 0.454833 0.006315 1.648234
0.466354 0.022287 0.032549 0.017966 0.001719 0.452790 0.006334 1.650524
0.470519 0.021562 0.031673 0.017492 0.001688 0.450703 0.006363 1.652708
0.474690 0.020986 0.030737 0.016987 0.001664 0.448554 0.006383 1.654789
0.478864 0.020403 0.029864 0.016509 0.001636 0.446319 0.006404 1.656822
0.482992 0.019868 0.029056 0.016033 0.001620 0.444006 0.006424 1.658779
0.487116 0.019358 0.028250 0.015588 0.001594 0.441647 0.006448 1.660705
0.491196 0.019003 0.027421 0.015120 0.001575 0.439215 0.006469 1.662488
0.495324 0.018499 0.026716 0.014675 0.001545 0.436751 0.006489 1.664336
0.499387 0.018055 0.025954 0.014247 0.001528 0.434321 0.006508 1.666094
0.503417 0.017592 0.025269 0.013890 0.001510 0.431790 0.006531 1.667889
0.507527 0.017156 0.024627 0.013485 0.001486 0.429170 0.006548 1.669573
0.511495 0.016792 0.023992 0.013123 0.001469 0.426562 0.006568 1.671221
0.515511 0.016396 0.023328 0.012779 0.001453 0.423948 0.006586 1.672861
0.519427 0.015987 0.022807 0.012460 0.001433 0.421282 0.006605 1.674511
0.523528 0.015628 0.022196 0.012134 0.001418 0.418474 0.006622 1.676056
0.527557 0.015353 0.021573 0.011843 0.001386 0.415652 0.006638 1.677557
0.531480 0.015045 0.021019 0.011548 0.001364 0.412891 0.006653 1.679061
0.535418 0.014793 0.020456 0.011237 0.001348 0.410077 0.006673 1.680539
0.539398 0.014452 0.020010 0.010931 0.001325 0.407193 0.006693 1.681982
0.543438 0.014175 0.019493 0.010650 0.001294 0.404238 0.006714 1.683355
0.547296 0.013960 0.019031 0.010360 0.001259 0.401366 0.006728 1.684713
0.551161 0.013769 0.018565 0.010083 0.001241 0.398439 0.006742 1.686048
0.555010 0.013546 0.018139 0.009878 0.001216 0.395452 0.006761 1.687389
0.558835 0.013342 0.017702 0.009660 0.001197 0.392488 0.006776 1.688694
0.562680 0.013094 0.017346 0.009452 0.001172 0.389460 0.006796 1.690012
0.566566 0.012880 0.016938 0.009256 0.001139 0.386407 0.006812 1.691297
0.570246 0.012729 0.016542 0.009035 0.001120 0.383499 0.006829 1.692534
0.573928 0.012561 0.016192 0.008796 0.001111 0.380574 0.006838 1.693765
0.577572 0.012362 0.015827 0.008583 0.001089 0.377711 0.006856 1.694991
0.581196 0.012158 0.015537 0.008417 0.001068 0.374755 0.006869 1.696210
0.584837 0.012054 0.015149 0.008240 0.001053 0.371786 0.006883 1.697382
0.588435 0.011918 0.014826 0.008048 0.001042 0.368839 0.006893 1.698518
0.592056 0.011706 0.014501 0.007913 0.001027 0.365890 0.006906 1.699711
0.595667 0.011558 0.014182 0.007790 0.001004 0.362881 0.006917 1.700843
0.599199 0.011406 0.013932 0.007616 0.000992 0.359930 0.006925 1.701995
0.602678 0.011292 0.013686 0.007424 0.000975 0.357010 0.006935 1.703085
0.606079 0.011189 0.013346 0.007285 0.000951 0.354204 0.006946 1.704179
0.609654 0.011045 0.013092 0.007137 0.000933 0.351179 0.006961 1.705283
0.613130 0.010924 0.012828 0.007031 0.000916 0.348199 0.006971 1.706344
0.616501 0.010810 0.012608 0.006892 0.000896 0.345311 0.006983 1.707370
0.619878 0.010748 0.012350 0.006742 0.000880 0.342408 0.006994 1.708391
0.623171 0.010597 0.012156 0.006631 0.000868 0.339570 0.007006 1.709472
0.626378 0.010519 0.011956 0.006533 0.000851 0.336742 0.007021 1.710523
0.629696 0.010384 0.011805 0.006428 0.000832 0.333819 0.007037 1.711580
0.632954 0.010251 0.011663 0.006311 0.000816 0.330955 0.007049 1.712607
0.636201 0.010210 0.011458 0.006223 0.000799 0.328049 0.007060 1.713564
0.639378 0.010148 0.011303 0.006103 0.000777 0.325223 0.007068 1.714558
0.642502 0.010128 0.011154 0.005993 0.000760 0.322384 0.007080 1.715519
0.645615 0.010042 0.010980 0.005886 0.000743 0.319644 0.007090 1.716511
0.648733 0.009965 0.010864 0.005797 0.000732 0.316811 0.007098 1.717510
0.651762 0.009881 0.010693 0.005715 0.000726 0.314118 0.007108 1.718478
0.654679 0.009780 0.010618 0.005625 0.000717 0.311465 0.007117 1.719475
0.657709 0.009708 0.010470 0.005573 0.000709 0.308706 0.007126 1.720478
0.660691 0.009642 0.010326 0.005501 0.000699 0.306005 0.007137 1.721427
0.663634 0.009622 0.010183 0.005413 0.000691 0.303315 0.007144 1.722356
0.666540 0.009534 0.010084 0.005361 0.000678 0.300650 0.007154 1.723279
0.669403 0.009481 0.009975 0.005307 0.000661 0.298006 0.007168 1.724216
0.672238 0.009402 0.009846 0.005258 0.000649 0.295430 0.007177 1.725143
0.674999 0.009391 0.009713 0.005202 0.000642 0.292868 0.007186 1.726036
0.677823 0.009281 0.009626 0.005160 0.000632 0.290287 0.007194 1.726984
0.680588 0.009182 0.009532 0.005121 0.000617 0.287759 0.007201 1.727904
0.683369 0.009153 0.009402 0.005078 0.000607 0.285184 0.007207 1.728795
0.686114 0.009102 0.009306 0.005051 0.000592 0.282619 0.007216 1.729684
0.688694 0.009039 0.009229 0.004970 0.000576 0.280265 0.007227 1.730580
0.691412 0.009020 0.009162 0.004898 0.000570 0.277706 0.007233 1.731457
0.693902 0.009000 0.009098 0.004872 0.000568 0.275322 0.007238 1.732354
0.696465 0.008981 0.009021 0.004832 0.000564 0.272893 0.007243 1.733240
0.699017 0.008895 0.008994 0.004799 0.000563 0.270482 0.007250 1.734156
0.701632 0.008802 0.008906 0.004758 0.000559 0.268088 0.007255 1.735025
0.704241 0.008743 0.008845 0.004731 0.000553 0.265626 0.007261 1.735913
0.706724 0.008707 0.008771 0.004699 0.000534 0.263296 0.007269 1.736776
0.709224 0.008641 0.008732 0.004641 0.000530 0.260956 0.007276 1.737627
0.711603 0.008616 0.008640 0.004619 0.000518 0.258720 0.007285 1.738449
0.713996 0.008594 0.008527 0.004595 0.000505 0.256490 0.007294 1.739283
0.716392 0.008534 0.008511 0.004572 0.000497 0.254194 0.007300 1.740140
0.718771 0.008485 0.008470 0.004527 0.000493 0.251947 0.007307 1.740989
0.721105 0.008477 0.008402 0.004513 0.000491 0.249702 0.007311 1.741818
0.723369 0.008453 0.008314 0.004483 0.000484 0.247578 0.007319 1.742633
0.725634 0.008443 0.008274 0.004473 0.000473 0.245374 0.007329 1.743465
0.727799 0.008453 0.008208 0.004431 0.000467 0.243309 0.007334 1.744285
0.730098 0.008382 0.008148 0.004431 0.000457 0.241139 0.007345 1.745107
0.732380 0.008374 0.008083 0.004406 0.000453 0.238955 0.007350 1.745904
0.734604 0.008312 0.008049 0.004398 0.000449 0.236831 0.007355 1.746748
0.736726 0.008267 0.008024 0.004356 0.000444 0.234821 0.007362 1.747576
0.738840 0.008271 0.007976 0.004313 0.000438 0.232796 0.007367 1.748397
0.740999 0.008277 0.007913 0.004302 0.000430 0.230708 0.007371 1.749202
0.743046 0.008280 0.007876 0.004259 0.000418 0.228745 0.007377 1.750001
0.745168 0.008232 0.007804 0.004240 0.000417 0.226756 0.007385 1.750794
0.747224 0.008167 0.007797 0.004237 0.000411 0.224775 0.007390 1.751618
0.749238 0.008136 0.007745 0.004203 0.000407 0.222879 0.007394 1.752406
0.751201 0.008114 0.007746 0.004193 0.000404 0.220942 0.007400 1.753206
0.753215 0.008069 0.007723 0.004184 0.000399 0.219005 0.007405 1.754014
0.755118 0.008045 0.007724 0.004158 0.000385 0.217159 0.007411 1.754821
0.756914 0.008039 0.007694 0.004126 0.000381 0.215432 0.007416 1.755629
0.758819 0.008046 0.007650 0.004124 0.000386 0.213559 0.007417 1.756388
0.760607 0.008099 0.007617 0.004101 0.000387 0.211769 0.007419 1.757141
0.762442 0.008099 0.007570 0.004109 0.000379 0.209977 0.007424 1.757924
0.764297 0.008083 0.007532 0.004080 0.000379 0.208199 0.007430 1.758693
0.766119 0.008115 0.007495 0.004047 0.000376 0.206410 0.007438 1.759451
0.767899 0.008064 0.007489 0.004033 0.000374 0.204699 0.007443 1.760266
0.769652 0.008067 0.007467 0.004014 0.000370 0.202986 0.007445 1.761046
0.771390 0.008075 0.007415 0.003991 0.000366 0.201314 0.007450 1.761812
0.773102 0.008065 0.007371 0.003958 0.000361 0.199689 0.007455 1.762569
0.774837 0.008014 0.007345 0.003961 0.000365 0.198019 0.007459 1.763371
0.776547 0.007947 0.007343 0.003978 0.000357 0.196364 0.007465 1.764178
0.778329 0.007924 0.007321 0.003976 0.000350 0.194628 0.007472 1.764970
0.779994 0.007892 0.007311 0.003961 0.000345 0.193021 0.007478 1.765765
0.781669 0.007821 0.007302 0.003949 0.000340 0.191435 0.007484 1.766559
0.783292 0.007804 0.007246 0.003944 0.000333 0.189896 0.007487 1.767314
0.784918 0.007799 0.007208 0.003961 0.000329 0.188292 0.007491 1.768086
0.786457 0.007764 0.007214 0.003949 0.000328 0.186795 0.007493 1.768868
0.788046 0.007762 0.007136 0.003937 0.000324 0.185299 0.007496 1.769627
0.789542 0.007746 0.007130 0.003927 0.000319 0.183837 0.007500 1.770388
0.791084 0.007725 0.007155 0.003899 0.000312 0.182321 0.007505 1.771162
0.792687 0.007678 0.007089 0.003931 0.000303 0.180803 0.007511 1.771941
0.794195 0.007687 0.007059 0.003937 0.000304 0.179306 0.007513 1.772686
0.795643 0.007695 0.007022 0.003913 0.000295 0.177915 0.007517 1.773429
0.797154 0.007659 0.006985 0.003892 0.000298 0.176494 0.007520 1.774181
0.798662 0.007608 0.006981 0.003892 0.000299 0.175035 0.007524 1.774953
0.800121 0.007584 0.006955 0.003897 0.000301 0.173617 0.007527 1.775707
0.801585 0.007542 0.006932 0.003863 0.000299 0.172249 0.007530 1.776446
0.803027 0.007570 0.006897 0.003850 0.000300 0.170821 0.007534 1.777176
0.804403 0.007603 0.006858 0.003827 0.000301 0.169471 0.007536 1.777892
0.805708 0.007602 0.006849 0.003821 0.000299 0.168183 0.007540 1.778665
0.807078 0.007623 0.006840 0.003809 0.000295 0.166812 0.007542 1.779412
0.808442 0.007636 0.006820 0.003773 0.000287 0.165494 0.007548 1.780142
0.809687 0.007672 0.006792 0.003755 0.000288 0.164254 0.007553 1.780875
0.811011 0.007676 0.006791 0.003752 0.000289 0.162924 0.007557 1.781623
0.812340 0.007651 0.006801 0.003747 0.000283 0.161615 0.007562 1.782383
0.813600 0.007663 0.006782 0.003730 0.000275 0.160386 0.007565 1.783106
0.814824 0.007685 0.006765 0.003749 0.000273 0.159138 0.007567 1.783856
0.816019 0.007716 0.006763 0.003755 0.000267 0.157911 0.007569 1.784617
0.817208 0.007728 0.006741 0.003751 0.000262 0.156736 0.007573 1.785360
0.818409 0.007732 0.006753 0.003738 0.000264 0.155526 0.007577 1.786114
0.819558 0.007674 0.006800 0.003761 0.000265 0.154361 0.007581 1.786906
0.820695 0.007670 0.006793 0.003766 0.000266 0.153226 0.007584 1.787662
0.821813 0.007679 0.006775 0.003742 0.000268 0.152136 0.007586 1.788411
0.822958 0.007686 0.006791 0.003737 0.000264 0.150975 0.007589 1.789153
0.824012 0.007687 0.006788 0.003740 0.000263 0.149919 0.007593 1.789915
0.825144 0.007650 0.006828 0.003749 0.000260 0.148775 0.007594 1.790693
0.826335 0.007628 0.006831 0.003733 0.000260 0.147616 0.007597 1.791448
0.827463 0.007613 0.006812 0.003722 0.000254 0.146533 0.007603 1.792185
0.828473 0.007618 0.006844 0.003718 0.000249 0.145490 0.007608 1.792928
0.829607 0.007587 0.006870 0.003707 0.000247 0.144372 0.007612 1.793690
0.830678 0.007595 0.006836 0.003696 0.000247 0.143334 0.007615 1.794395
0.831703 0.007607 0.006823 0.003696 0.000250 0.142306 0.007616 1.795127
0.832761 0.007646 0.006819 0.003703 0.000249 0.141205 0.007619 1.795857
0.833776 0.007641 0.006843 0.003702 0.000248 0.140171 0.007622 1.796591
0.834808 0.007661 0.006847 0.003699 0.000246 0.139114 0.007625 1.797336
0.835820 0.007625 0.006857 0.003697 0.000248 0.138127 0.007627 1.798106
0.836818 0.007591 0.006859 0.003673 0.000253 0.137176 0.007630 1.798856
0.837729 0.007636 0.006848 0.003679 0.000254 0.136219 0.007634 1.799596
0.838692 0.007658 0.006842 0.003700 0.000251 0.135219 0.007638 1.800340
0.839611 0.007703 0.006840 0.003685 0.000246 0.134272 0.007644 1.801087
0.840511 0.007719 0.006853 0.003691 0.000243 0.133337 0.007647 1.801847
0.841381 0.007754 0.006863 0.003702 0.000242 0.132408 0.007650 1.802613
0.842211 0.007788 0.006870 0.003699 0.000240 0.131540 0.007653 1.803366
0.843031 0.007784 0.006868 0.003750 0.000242 0.130672 0.007655 1.804161
0.843848 0.007798 0.006847 0.003759 0.000238 0.129850 0.007659 1.804926
0.844720 0.007787 0.006855 0.003753 0.000237 0.128985 0.007663 1.805693
0.845517 0.007808 0.006844 0.003753 0.000240 0.128171 0.007666 1.806457
0.846328 0.007800 0.006848 0.003748 0.000242 0.127367 0.007668 1.807248
0.847107 0.007869 0.006860 0.003724 0.000243 0.126525 0.007671 1.807991
0.847946 0.007856 0.006900 0.003715 0.000245 0.125665 0.007674 1.808768
0.848715 0.007898 0.006876 0.003707 0.000245 0.124884 0.007676 1.809540
0.849461 0.007944 0.006886 0.003702 0.000246 0.124084 0.007678 1.810313
0.850231 0.007919 0.006899 0.003706 0.000245 0.123318 0.007683 1.811114
0.850940 0.007910 0.006894 0.003727 0.000243 0.122598 0.007688 1.811912
0.851678 0.007928 0.006894 0.003736 0.000241 0.121831 0.007692 1.812678
0.852375 0.007955 0.006892 0.003737 0.000240 0.121106 0.007695 1.813473
0.853074 0.007987 0.006881 0.003740 0.000237 0.120383 0.007699 1.814248
0.853760 0.008001 0.006908 0.003742 0.000237 0.119649 0.007704 1.815038
0.854454 0.008029 0.006930 0.003733 0.000236 0.118913 0.007706 1.815810
0.855109 0.008103 0.006957 0.003739 0.000236 0.118148 0.007709 1.816566
0.855712 0.008185 0.006980 0.003768 0.000236 0.117407 0.007712 1.817341
0.856367 0.008213 0.006976 0.003740 0.000239 0.116751 0.007715 1.818144
0.857051 0.008177 0.007019 0.003761 0.000243 0.116032 0.007719 1.818977
0.857661 0.008226 0.007039 0.003744 0.000241 0.115367 0.007722 1.819765
0.858191 0.008227 0.007086 0.003793 0.000238 0.114737 0.007728 1.820608
0.858840 0.008221 0.007099 0.003800 0.000235 0.114074 0.007731 1.821421
0.859489 0.008241 0.007103 0.003780 0.000236 0.113417 0.007736 1.822211
0.860128 0.008247 0.007114 0.003786 0.000235 0.112751 0.007739 1.823022
0.860673 0.008279 0.007109 0.003822 0.000233 0.112142 0.007742 1.823821
0.861261 0.008333 0.007092 0.003818 0.000234 0.111519 0.007744 1.824580
0.861814 0.008337 0.007105 0.003831 0.000234 0.110931 0.007748 1.825408
0.862395 0.008347 0.007116 0.003857 0.000234 0.110300 0.007751 1.826217
0.862883 0.008381 0.007144 0.003852 0.000241 0.109746 0.007755 1.827041
0.863469 0.008395 0.007156 0.003875 0.000240 0.109108 0.007758 1.827844
0.863929 0.008441 0.007195 0.003894 0.000235 0.108545 0.007762 1.828680
0.864436 0.008437 0.007226 0.003907 0.000237 0.107991 0.007766 1.829532
0.864940 0.008481 0.007255 0.003918 0.000233 0.107402 0.007770 1.830339
0.865467 0.008498 0.007246 0.003907 0.000236 0.106874 0.007771 1.831136
0.865990 0.008498 0.007219 0.003915 0.000239 0.106362 0.007775 1.831971
0.866542 0.008463 0.007239 0.003938 0.000239 0.105803 0.007777 1.832809
0.867014 0.008489 0.007279 0.003947 0.000243 0.105248 0.007781 1.833646
0.867510 0.008475 0.007263 0.003955 0.000240 0.104771 0.007787 1.834467
0.867946 0.008491 0.007257 0.003953 0.000246 0.104320 0.007788 1.835317
0.868446 0.008471 0.007304 0.003940 0.000245 0.103804 0.007790 1.836154
0.868918 0.008462 0.007302 0.003955 0.000244 0.103328 0.007793 1.836977
0.869410 0.008441 0.007277 0.003965 0.000242 0.102868 0.007796 1.837817
0.869867 0.008434 0.007328 0.003964 0.000246 0.102362 0.007798 1.838661
0.870289 0.008458 0.007356 0.003953 0.000244 0.101900 0.007800 1.839486
0.870692 0.008435 0.007376 0.003971 0.000246 0.101478 0.007802 1.840333
0.871149 0.008448 0.007383 0.003963 0.000243 0.101008 0.007806 1.841152
0.871563 0.008458 0.007385 0.004014 0.000243 0.100529 0.007809 1.841993
0.872006 0.008466 0.007376 0.004026 0.000245 0.100069 0.007812 1.842835
0.872341 0.008526 0.007410 0.004018 0.000245 0.099645 0.007816 1.843647
0.872777 0.008570 0.007386 0.004024 0.000244 0.099180 0.007820 1.844453
0.873214 0.008582 0.007411 0.004016 0.000249 0.098707 0.007823 1.845281
0.873580 0.008613 0.007409 0.004017 0.000246 0.098310 0.007827 1.846118
0.873966 0.008599 0.007445 0.004033 0.000247 0.097880 0.007830 1.846999
0.874301 0.008605 0.007504 0.004048 0.000250 0.097461 0.007832 1.847865
0.874601 0.008683 0.007478 0.004063 0.000250 0.097092 0.007834 1.848681
0.874936 0.008675 0.007532 0.004063 0.000255 0.096703 0.007835 1.849569
0.875205 0.008749 0.007548 0.004071 0.000259 0.096331 0.007837 1.850397
0.875521 0.008778 0.007596 0.004085 0.000258 0.095922 0.007840 1.851253
0.875780 0.008809 0.007570 0.004091 0.000252 0.095657 0.007842 1.852112
0.876107 0.008835 0.007604 0.004087 0.000253 0.095268 0.007847 1.852961
0.876366 0.008865 0.007637 0.004101 0.000248 0.094932 0.007851 1.853817
0.876644 0.008919 0.007620 0.004109 0.000253 0.094600 0.007855 1.854670
0.876953 0.008932 0.007627 0.004117 0.000248 0.094266 0.007857 1.855564
0.877289 0.008889 0.007650 0.004164 0.000252 0.093895 0.007861 1.856465
0.877618 0.008933 0.007641 0.004164 0.000252 0.093529 0.007864 1.857306
0.877918 0.008974 0.007682 0.004156 0.000249 0.093152 0.007869 1.858177
0.878177 0.008993 0.007744 0.004130 0.000246 0.092839 0.007872 1.859057
0.878407 0.009039 0.007763 0.004139 0.000249 0.092527 0.007876 1.859942
0.878726 0.009036 0.007752 0.004168 0.000243 0.092195 0.007880 1.860832
0.878969 0.009020 0.007774 0.004164 0.000247 0.091946 0.007882 1.861725
0.879184 0.009050 0.007772 0.004184 0.000250 0.091675 0.007885 1.862600
0.879390 0.009086 0.007807 0.004198 0.000256 0.091379 0.007886 1.863487
0.879626 0.009105 0.007812 0.004193 0.000257 0.091117 0.007890 1.864376
0.879863 0.009150 0.007848 0.004177 0.000260 0.090812 0.007892 1.865247
0.880016 0.009220 0.007870 0.004197 0.000256 0.090546 0.007893 1.866123
0.880201 0.009334 0.007847 0.004219 0.000253 0.090250 0.007896 1.866989
0.880410 0.009350 0.007917 0.004256 0.000255 0.089912 0.007901 1.867919
0.880582 0.009407 0.007907 0.004274 0.000261 0.089667 0.007903 1.868809
0.880778 0.009442 0.007939 0.004261 0.000266 0.089406 0.007907 1.869697
0.880973 0.009456 0.007975 0.004267 0.000268 0.089150 0.007910 1.870612
0.881117 0.009503 0.008005 0.004281 0.000270 0.088911 0.007913 1.871531
0.881234 0.009536 0.008054 0.004290 0.000273 0.088699 0.007915 1.872471
0.881347 0.009573 0.008046 0.004295 0.000279 0.088543 0.007917 1.873387
0.881524 0.009544 0.008059 0.004339 0.000281 0.088334 0.007921 1.874325
0.881632 0.009538 0.008094 0.004370 0.000280 0.088162 0.007925 1.875295
0.881754 0.009535 0.008114 0.004369 0.000279 0.088021 0.007928 1.876251
0.881846 0.009604 0.008142 0.004381 0.000281 0.087812 0.007932 1.877180
0.881924 0.009623 0.008131 0.004418 0.000282 0.087687 0.007935 1.878125
0.882007 0.009658 0.008146 0.004438 0.000281 0.087530 0.007939 1.879071
0.882107 0.009676 0.008172 0.004484 0.000281 0.087339 0.007942 1.880032
0.882235 0.009685 0.008220 0.004498 0.000281 0.087131 0.007949 1.880983
0.882295 0.009728 0.008265 0.004489 0.000280 0.086988 0.007956 1.881935
0.882432 0.009738 0.008282 0.004491 0.000276 0.086821 0.007961 1.882885
0.882548 0.009764 0.008260 0.004509 0.000276 0.086679 0.007964 1.883818
0.882664 0.009740 0.008314 0.004535 0.000276 0.086503 0.007969 1.884807
0.882739 0.009732 0.008344 0.004511 0.000280 0.086424 0.007971 1.885773
0.882851 0.009760 0.008334 0.004503 0.000279 0.086300 0.007975 1.886694
0.882951 0.009773 0.008332 0.004504 0.000282 0.086178 0.007980 1.887656
0.882995 0.009810 0.008336 0.004509 0.000286 0.086079 0.007986 1.888613
0.883082 0.009824 0.008365 0.004513 0.000283 0.085942 0.007989 1.889554
0.883126 0.009843 0.008444 0.004524 0.000282 0.085788 0.007991 1.890548
0.883216 0.009854 0.008477 0.004538 0.000284 0.085637 0.007995 1.891516
0.883345 0.009866 0.008474 0.004535 0.000287 0.085497 0.007997 1.892462
0.883431 0.009880 0.008500 0.004530 0.000287 0.085374 0.008000 1.893445
0.883507 0.009914 0.008509 0.004566 0.000285 0.085217 0.008003 1.894409
0.883609 0.009909 0.008559 0.004614 0.000281 0.085019 0.008008 1.895412
0.883635 0.009923 0.008588 0.004600 0.000281 0.084959 0.008014 1.896384
0.883627 0.009960 0.008619 0.004585 0.000277 0.084914 0.008017 1.897355
0.883625 0.010033 0.008667 0.004589 0.000281 0.084784 0.008021 1.898308
0.883660 0.010125 0.008629 0.004612 0.000281 0.084667 0.008027 1.899261
0.883732 0.010129 0.008668 0.004612 0.000282 0.084547 0.008031 1.900256
0.883759 0.010133 0.008749 0.004627 0.000284 0.084414 0.008035 1.901268
0.883786 0.010169 0.008786 0.004636 0.000279 0.084306 0.008040 1.902265
0.883859 0.010152 0.008812 0.004659 0.000277 0.084198 0.008044 1.903291
0.883877 0.010218 0.008814 0.004685 0.000279 0.084080 0.008046 1.904254
0.883870 0.010274 0.008835 0.004698 0.000276 0.083997 0.008050 1.905240
0.883890 0.010342 0.008858 0.004682 0.000276 0.083900 0.008053 1.906224
0.883925 0.010383 0.008860 0.004718 0.000272 0.083787 0.008056 1.907223
0.883991 0.010414 0.008889 0.004731 0.000275 0.083641 0.008059 1.908226
0.883955 0.010477 0.008894 0.004725 0.000279 0.083609 0.008061 1.909224
0.883980 0.010425 0.008947 0.004779 0.000281 0.083524 0.008065 1.910305
0.883968 0.010465 0.008988 0.004811 0.000284 0.083416 0.008069 1.911325
0.883986 0.010511 0.009027 0.004817 0.000284 0.083303 0.008072 1.912340
0.883941 0.010546 0.009037 0.004817 0.000282 0.083303 0.008074 1.913369
0.884000 0.010541 0.009058 0.004820 0.000280 0.083222 0.008078 1.914381
0.883975 0.010546 0.009103 0.004828 0.000282 0.083186 0.008082 1.915437
0.883939 0.010600 0.009115 0.004843 0.000282 0.083137 0.008084 1.916466
0.883946 0.010639 0.009097 0.004862 0.000284 0.083083 0.008090 1.917471
0.883912 0.010670 0.009109 0.004867 0.000288 0.083063 0.008092 1.918484
0.883837 0.010717 0.009167 0.004850 0.000292 0.083042 0.008095 1.919541
0.883820 0.010769 0.009181 0.004862 0.000291 0.082979 0.008099 1.920558
0.883799 0.010794 0.009221 0.004880 0.000297 0.082906 0.008102 1.921614
0.883795 0.010811 0.009234 0.004913 0.000294 0.082850 0.008104 1.922663
0.883711 0.010840 0.009254 0.004927 0.000294 0.082867 0.008108 1.923708
0.883671 0.010832 0.009271 0.004942 0.000292 0.082882 0.008112 1.924774
0.883624 0.010851 0.009295 0.004988 0.000292 0.082837 0.008115 1.925833
0.883547 0.010836 0.009363 0.004999 0.000295 0.082842 0.008119 1.926932
0.883560 0.010888 0.009379 0.005005 0.000302 0.082747 0.008120 1.927948
0.883569 0.010889 0.009407 0.005016 0.000303 0.082692 0.008125 1.929014
0.883565 0.010871 0.009432 0.005037 0.000307 0.082660 0.008127 1.930115
0.883576 0.010883 0.009407 0.005046 0.000304 0.082654 0.008132 1.931138
0.883582 0.010825 0.009417 0.005065 0.000296 0.082678 0.008139 1.932217
0.883527 0.010789 0.009425 0.005106 0.000295 0.082716 0.008142 1.933324
0.883498 0.010751 0.009474 0.005138 0.000304 0.082694 0.008143 1.934442
0.883395 0.010833 0.009529 0.005104 0.000306 0.082685 0.008148 1.935471
0.883376 0.010879 0.009546 0.005103 0.000304 0.082640 0.008154 1.936517
0.883294 0.010904 0.009546 0.005117 0.000306 0.082673 0.008160 1.937602
0.883244 0.010915 0.009560 0.005119 0.000303 0.082695 0.008165 1.938652
0.883196 0.010941 0.009594 0.005143 0.000304 0.082654 0.008168 1.939737
0.883164 0.010926 0.009610 0.005146 0.000300 0.082682 0.008173 1.940832
0.883148 0.010907 0.009591 0.005142 0.000301 0.082735 0.008177 1.941892
0.883121 0.010928 0.009618 0.005146 0.000298 0.082708 0.008181 1.942955
0.883074 0.010923 0.009652 0.005147 0.000293 0.082727 0.008185 1.944015
0.882950 0.010998 0.009659 0.005172 0.000295 0.082738 0.008189 1.945071
0.882837 0.011062 0.009656 0.005189 0.000294 0.082771 0.008192 1.946126
0.882822 0.011066 0.009698 0.005205 0.000291 0.082720 0.008199 1.947237
0.882736 0.011059 0.009715 0.005234 0.000296 0.082761 0.008200 1.948339
0.882654 0.011160 0.009681 0.005254 0.000304 0.082745 0.008202 1.949388
0.882582 0.011169 0.009710 0.005275 0.000305 0.082751 0.008208 1.950499
0.882513 0.011182 0.009732 0.005254 0.000298 0.082807 0.008214 1.951602
0.882406 0.011173 0.009735 0.005278 0.000298 0.082892 0.008219 1.952708
0.882337 0.011246 0.009660 0.005291 0.000301 0.082944 0.008222 1.953724
0.882234 0.011260 0.009733 0.005275 0.000302 0.082970 0.008226 1.954846
0.882173 0.011315 0.009748 0.005264 0.000304 0.082966 0.008232 1.955940
0.882053 0.011352 0.009802 0.005274 0.000313 0.082973 0.008234 1.957040
0.882008 0.011343 0.009820 0.005281 0.000317 0.082996 0.008236 1.958161
0.881898 0.011318 0.009859 0.005322 0.000316 0.083048 0.008240 1.959318
0.881804 0.011306 0.009875 0.005335 0.000316 0.083121 0.008244 1.960433
0.881772 0.011273 0.009910 0.005356 0.000316 0.083125 0.008248 1.961561
0.881685 0.011327 0.009908 0.005358 0.000319 0.083153 0.008249 1.962635
0.881583 0.011388 0.009938 0.005315 0.000324 0.083199 0.008254 1.963720
0.881460 0.011349 0.009979 0.005335 0.000323 0.083295 0.008258 1.964881
0.881370 0.011391 0.009972 0.005328 0.000315 0.083360 0.008264 1.965962
0.881276 0.011424 0.009933 0.005337 0.000319 0.083444 0.008268 1.967057
0.881156 0.011493 0.009927 0.005327 0.000315 0.083512 0.008271 1.968168
0.881044 0.011460 0.009995 0.005347 0.000316 0.083566 0.008273 1.969307
0.880916 0.011493 0.009998 0.005339 0.000320 0.083657 0.008277 1.970419
0.880821 0.011499 0.009986 0.005360 0.000317 0.083737 0.008281 1.971568
0.880728 0.011544 0.009979 0.005397 0.000313 0.083753 0.008287 1.972671
0.880586 0.011544 0.010051 0.005432 0.000320 0.083779 0.008291 1.973839
0.880463 0.011586 0.010063 0.005446 0.000319 0.083828 0.008296 1.974966
0.880330 0.011612 0.010081 0.005465 0.000316 0.083892 0.008305 1.976100
0.880264 0.011633 0.010122 0.005467 0.000314 0.083894 0.008308 1.977235
0.880125 0.011650 0.010163 0.005483 0.000310 0.083955 0.008314 1.978381
0.880049 0.011641 0.010219 0.005474 0.000312 0.083990 0.008317 1.979526
0.879960 0.011635 0.010211 0.005486 0.000312 0.084078 0.008320 1.980671
0.879848 0.011689 0.010221 0.005508 0.000315 0.084095 0.008325 1.981793
0.879773 0.011711 0.010225 0.005497 0.000322 0.084145 0.008328 1.982925
0.879699 0.011751 0.010178 0.005482 0.000324 0.084234 0.008332 1.984038
0.879568 0.011769 0.010186 0.005510 0.000320 0.084313 0.008336 1.985194
0.879434 0.011836 0.010203 0.005482 0.000323 0.084383 0.008340 1.986302
0.879348 0.011837 0.010213 0.005490 0.000322 0.084447 0.008344 1.987459
0.879209 0.011877 0.010226 0.005513 0.000331 0.084498 0.008348 1.988638
0.879043 0.011940 0.010272 0.005530 0.000331 0.084533 0.008352 1.989792
0.878943 0.011929 0.010341 0.005509 0.000331 0.084589 0.008358 1.990963
0.878743 0.011990 0.010368 0.005515 0.000332 0.084691 0.008361 1.992123
0.878631 0.011956 0.010459 0.005526 0.000335 0.084729 0.008365 1.993323
0.878475 0.011999 0.010438 0.005525 0.000341 0.084854 0.008368 1.994488
0.878348 0.011970 0.010462 0.005558 0.000344 0.084946 0.008373 1.995689
0.878183 0.012006 0.010448 0.005534 0.000342 0.085108 0.008379 1.996864
0.877989 0.012051 0.010484 0.005541 0.000340 0.085211 0.008383 1.998045
0.877841 0.012062 0.010520 0.005591 0.000340 0.085257 0.008389 1.999233
0.877745 0.012084 0.010544 0.005600 0.000340 0.085293 0.008394 2.000405
0.877600 0.012089 0.010588 0.005585 0.000340 0.085401 0.008397 2.001595
0.877467 0.012110 0.010627 0.005605 0.000341 0.085448 0.008402 2.002776
0.877330 0.012154 0.010628 0.005614 0.000343 0.085524 0.008406 2.003954
0.877191 0.012229 0.010632 0.005609 0.000337 0.085593 0.008408 2.005119
0.877056 0.012276 0.010602 0.005590 0.000336 0.085724 0.008415 2.006285
0.876936 0.012202 0.010664 0.005607 0.000335 0.085837 0.008419 2.007536
0.876775 0.012239 0.010654 0.005641 0.000339 0.085931 0.008421 2.008722
0.876606 0.012252 0.010672 0.005637 0.000340 0.086069 0.008424 2.009926
0.876481 0.012245 0.010727 0.005629 0.000339 0.086148 0.008431 2.011136
0.876357 0.012253 0.010735 0.005643 0.000347 0.086232 0.008434 2.012343
0.876225 0.012280 0.010766 0.005658 0.000351 0.086281 0.008438 2.013523
0.876079 0.012269 0.010792 0.005696 0.000349 0.086374 0.008441 2.014743
0.875961 0.012306 0.010767 0.005678 0.000349 0.086495 0.008445 2.015949
0.875792 0.012319 0.010816 0.005666 0.000345 0.086614 0.008449 2.017179
0.875626 0.012367 0.010782 0.005685 0.000342 0.086745 0.008454 2.018363
0.875445 0.012447 0.010803 0.005712 0.000342 0.086792 0.008459 2.019560
0.875317 0.012396 0.010852 0.005720 0.000342 0.086910 0.008463 2.020803
0.875193 0.012356 0.010872 0.005767 0.000349 0.086996 0.008467 2.022045
0.875134 0.012405 0.010846 0.005800 0.000350 0.086993 0.008472 2.023200
0.874981 0.012411 0.010892 0.005812 0.000353 0.087076 0.008476 2.024432
0.874839 0.012439 0.010900 0.005864 0.000352 0.087126 0.008481 2.025645
0.874633 0.012470 0.010921 0.005872 0.000346 0.087272 0.008486 2.026879
0.874471 0.012500 0.010952 0.005851 0.000353 0.087383 0.008490 2.028088
0.874288 0.012535 0.010944 0.005867 0.000351 0.087522 0.008494 2.029306
0.874142 0.012613 0.010927 0.005881 0.000351 0.087587 0.008499 2.030525
0.874020 0.012600 0.010970 0.005912 0.000360 0.087635 0.008503 2.031789
0.873891 0.012600 0.010989 0.005945 0.000364 0.087707 0.008505 2.033019
0.873663 0.012668 0.010986 0.005937 0.000363 0.087875 0.008507 2.034243
0.873513 0.012701 0.010948 0.005936 0.000360 0.088030 0.008512 2.035467
0.873367 0.012697 0.011001 0.005931 0.000365 0.088122 0.008516 2.036710
0.873173 0.012736 0.010982 0.005948 0.000366 0.088276 0.008519 2.037931
0.873040 0.012742 0.011016 0.005958 0.000370 0.088351 0.008523 2.039186
0.872896 0.012732 0.011048 0.005996 0.000369 0.088433 0.008526 2.040461
0.872805 0.012734 0.011056 0.006004 0.000368 0.088504 0.008529 2.041718
0.872657 0.012695 0.011084 0.006025 0.000368 0.088633 0.008537 2.042997
0.872547 0.012668 0.011124 0.006042 0.000366 0.088710 0.008543 2.044284
0.872456 0.012644 0.011136 0.006058 0.000366 0.088795 0.008546 2.045533
0.872299 0.012678 0.011163 0.006062 0.000365 0.088883 0.008551 2.046760
0.872236 0.012669 0.011173 0.006032 0.000372 0.088963 0.008556 2.047989
0.872129 0.012670 0.011170 0.005994 0.000372 0.089100 0.008565 2.049224
0.872020 0.012677 0.011164 0.006014 0.000370 0.089186 0.008569 2.050466
0.871859 0.012712 0.011189 0.006006 0.000371 0.089288 0.008575 2.051715
0.871742 0.012687 0.011200 0.006015 0.000373 0.089402 0.008580 2.052977
0.871640 0.012650 0.011255 0.006030 0.000375 0.089465 0.008585 2.054248
0.871512 0.012653 0.011277 0.006046 0.000373 0.089548 0.008590 2.055516
0.871384 0.012704 0.011234 0.006047 0.000375 0.089661 0.008596 2.056709
0.871277 0.012720 0.011226 0.006034 0.000373 0.089768 0.008602 2.057941
0.871121 0.012741 0.011184 0.006027 0.000370 0.089950 0.008608 2.059163
0.871030 0.012755 0.011228 0.006031 0.000370 0.089973 0.008612 2.060395
0.870915 0.012727 0.011206 0.006056 0.000370 0.090107 0.008618 2.061660
0.870810 0.012703 0.011219 0.006061 0.000370 0.090211 0.008625 2.062885
0.870642 0.012772 0.011198 0.006061 0.000375 0.090321 0.008631 2.064113
0.870537 0.012780 0.011171 0.006080 0.000370 0.090426 0.008637 2.065353
0.870409 0.012790 0.011226 0.006077 0.000372 0.090484 0.008641 2.066610
0.870291 0.012785 0.011220 0.006101 0.000372 0.090584 0.008647 2.067867
0.870142 0.012864 0.011215 0.006090 0.000380 0.090660 0.008649 2.069072
0.870049 0.012867 0.011250 0.006098 0.000382 0.090702 0.008653 2.070319
0.869890 0.012954 0.011224 0.006121 0.000384 0.090771 0.008656 2.071530
0.869696 0.012959 0.011246 0.006103 0.000383 0.090954 0.008659 2.072819
0.869575 0.012895 0.011255 0.006134 0.000379 0.091097 0.008665 2.074122
0.869399 0.012902 0.011251 0.006132 0.000371 0.091271 0.008674 2.075384
0.869256 0.012926 0.011300 0.006134 0.000381 0.091324 0.008678 2.076654
0.869157 0.012883 0.011309 0.006120 0.000385 0.091464 0.008681 2.077922
0.869073 0.012809 0.011391 0.006154 0.000389 0.091499 0.008686 2.079227
0.868962 0.012791 0.011378 0.006131 0.000388 0.091657 0.008692 2.080482
0.868763 0.012800 0.011420 0.006162 0.000392 0.091764 0.008698 2.081804
0.868643 0.012772 0.011397 0.006150 0.000394 0.091942 0.008701 2.083088
0.868546 0.012731 0.011417 0.006166 0.000400 0.092033 0.008707 2.084356
0.868420 0.012750 0.011434 0.006186 0.000401 0.092097 0.008712 2.085613
0.868340 0.012819 0.011443 0.006162 0.000403 0.092119 0.008715 2.086810
0.868185 0.012835 0.011498 0.006168 0.000404 0.092191 0.008718 2.088091
0.868073 0.012867 0.011471 0.006159 0.000408 0.092296 0.008725 2.089344
0.867989 0.012896 0.011436 0.006159 0.000410 0.092379 0.008730 2.090581
0.867865 0.012891 0.011415 0.006181 0.000407 0.092503 0.008737 2.091840
0.867828 0.012820 0.011374 0.006184 0.000414 0.092640 0.008741 2.093107
0.867725 0.012814 0.011361 0.006201 0.000423 0.092733 0.008744 2.094370
0.867619 0.012807 0.011345 0.006215 0.000422 0.092839 0.008750 2.095641
0.867565 0.012772 0.011337 0.006219 0.000428 0.092925 0.008755 2.096890
0.867527 0.012722 0.011272 0.006223 0.000439 0.093058 0.008758 2.098124
0.867446 0.012681 0.011252 0.006234 0.000447 0.093174 0.008765 2.099369
0.867390 0.012630 0.011257 0.006227 0.000448 0.093278 0.008771 2.100618
0.867304 0.012631 0.011308 0.006188 0.000443 0.093348 0.008778 2.101868
0.867249 0.012611 0.011289 0.006178 0.000446 0.093441 0.008785 2.103096
0.867220 0.012579 0.011252 0.006176 0.000450 0.093534 0.008790 2.104341
0.867200 0.012523 0.011234 0.006212 0.000445 0.093589 0.008798 2.105590
0.867155 0.012517 0.011263 0.006185 0.000450 0.093626 0.008804 2.106808
0.867137 0.012518 0.011223 0.006165 0.000450 0.093698 0.008810 2.108009
0.867116 0.012490 0.011229 0.006143 0.000451 0.093755 0.008817 2.109227
0.867124 0.012477 0.011205 0.006156 0.000449 0.093765 0.008824 2.110462
0.867138 0.012442 0.011175 0.006147 0.000446 0.093821 0.008830 2.111673
0.867125 0.012438 0.011164 0.006117 0.000448 0.093873 0.008834 2.112878
0.867083 0.012454 0.011126 0.006082 0.000442 0.093975 0.008838 2.114088
0.867108 0.012399 0.011104 0.006066 0.000443 0.094036 0.008845 2.115306
0.867071 0.012427 0.011089 0.006040 0.000440 0.094081 0.008851 2.116489
0.867055 0.012439 0.011120 0.006020 0.000445 0.094066 0.008856 2.117692
0.867024 0.012394 0.011161 0.005988 0.000444 0.094125 0.008863 2.118954
0.867000 0.012421 0.011118 0.005970 0.000448 0.094176 0.008867 2.120139
0.866953 0.012445 0.011109 0.005954 0.000443 0.094223 0.008873 2.121362
0.866879 0.012502 0.011116 0.005961 0.000444 0.094220 0.008878 2.122549
0.866886 0.012494 0.011124 0.005960 0.000443 0.094208 0.008884 2.123766
0.866794 0.012504 0.011071 0.005999 0.000439 0.094303 0.008890 2.125001
0.866802 0.012485 0.011025 0.006009 0.000436 0.094344 0.008898 2.126191
0.866794 0.012450 0.011007 0.006023 0.000436 0.094387 0.008903 2.127398
0.866780 0.012446 0.011017 0.006008 0.000429 0.094410 0.008911 2.128627
0.866718 0.012453 0.011050 0.006031 0.000429 0.094404 0.008916 2.129856
0.866696 0.012439 0.011073 0.006020 0.000421 0.094430 0.008921 2.131089
0.866696 0.012392 0.011058 0.006050 0.000418 0.094460 0.008926 2.132314
0.866674 0.012422 0.011017 0.006019 0.000413 0.094522 0.008932 2.133502
0.866683 0.012419 0.011020 0.006006 0.000418 0.094517 0.008937 2.134697
0.866670 0.012445 0.010997 0.006003 0.000420 0.094522 0.008942 2.135893
0.866649 0.012416 0.010997 0.006033 0.000422 0.094538 0.008944 2.137112
0.866658 0.012438 0.010992 0.006008 0.000423 0.094530 0.008949 2.138304
0.866594 0.012428 0.010987 0.006023 0.000422 0.094590 0.008955 2.139524
0.866603 0.012402 0.010956 0.006046 0.000420 0.094616 0.008957 2.140730
0.866573 0.012438 0.010964 0.006007 0.000421 0.094637 0.008961 2.141921
0.866582 0.012363 0.010992 0.006013 0.000412 0.094670 0.008968 2.143158
0.866512 0.012415 0.010982 0.006030 0.000406 0.094679 0.008975 2.144355
0.866484 0.012458 0.010963 0.006028 0.000402 0.094681 0.008984 2.145517
0.866457 0.012494 0.010906 0.006046 0.000404 0.094703 0.008989 2.146688
0.866406 0.012474 0.010909 0.006035 0.000406 0.094776 0.008996 2.147914
0.866342 0.012521 0.010881 0.005996 0.000407 0.094853 0.009001 2.149096
0.866364 0.012509 0.010838 0.005991 0.000410 0.094883 0.009005 2.150289
0.866318 0.012484 0.010900 0.005981 0.000410 0.094898 0.009009 2.151549
0.866312 0.012435 0.010925 0.006002 0.000407 0.094902 0.009017 2.152807
0.866353 0.012391 0.010944 0.005984 0.000412 0.094895 0.009022 2.154011
0.866360 0.012408 0.010930 0.006002 0.000409 0.094860 0.009031 2.155186
0.866312 0.012464 0.010865 0.005973 0.000412 0.094937 0.009036 2.156331
0.866289 0.012407 0.010859 0.005968 0.000408 0.095028 0.009042 2.157551
0.866260 0.012369 0.010878 0.005931 0.000406 0.095109 0.009046 2.158785
0.866221 0.012400 0.010897 0.005892 0.000407 0.095131 0.009054 2.159972
0.866218 0.012365 0.010903 0.005880 0.000420 0.095157 0.009057 2.161195
0.866160 0.012359 0.010910 0.005878 0.000419 0.095213 0.009062 2.162402
0.866159 0.012356 0.010913 0.005869 0.000419 0.095215 0.009067 2.163610
0.866138 0.012354 0.010936 0.005857 0.000422 0.095221 0.009073 2.164816
0.866072 0.012381 0.010912 0.005849 0.000419 0.095287 0.009079 2.166008
0.866064 0.012394 0.010917 0.005859 0.000414 0.095267 0.009086 2.167206
0.866113 0.012330 0.010919 0.005838 0.000413 0.095295 0.009092 2.168445
0.866162 0.012282 0.010913 0.005852 0.000414 0.095283 0.009094 2.169654
0.866140 0.012279 0.010911 0.005838 0.000411 0.095322 0.009100 2.170848
0.866196 0.012209 0.010920 0.005810 0.000404 0.095357 0.009104 2.172056
0.866261 0.012111 0.010961 0.005811 0.000404 0.095344 0.009108 2.173288
0.866245 0.012129 0.010971 0.005799 0.000400 0.095341 0.009115 2.174468
0.866271 0.012126 0.010940 0.005766 0.000395 0.095382 0.009121 2.175639
0.866291 0.012087 0.010939 0.005780 0.000393 0.095386 0.009125 2.176847
0.866304 0.012074 0.010956 0.005780 0.000388 0.095367 0.009132 2.178028
0.866328 0.012070 0.010936 0.005795 0.000381 0.095351 0.009139 2.179235
0.866309 0.012134 0.010863 0.005757 0.000381 0.095408 0.009148 2.180384
0.866281 0.012146 0.010850 0.005759 0.000383 0.095430 0.009153 2.181580
0.866271 0.012145 0.010856 0.005765 0.000382 0.095424 0.009157 2.182757
0.866303 0.012191 0.010815 0.005760 0.000380 0.095389 0.009161 2.183881
0.866295 0.012206 0.010805 0.005784 0.000383 0.095362 0.009165 2.185061
0.866280 0.012245 0.010801 0.005811 0.000383 0.095312 0.009170 2.186243
0.866315 0.012184 0.010818 0.005856 0.000382 0.095269 0.009176 2.187480
0.866354 0.012137 0.010787 0.005875 0.000386 0.095279 0.009180 2.188679
0.866418 0.012132 0.010782 0.005881 0.000382 0.095223 0.009184 2.189852
0.866364 0.012164 0.010788 0.005916 0.000382 0.095196 0.009191 2.191042
0.866332 0.012214 0.010786 0.005902 0.000389 0.095183 0.009195 2.192210
0.866322 0.012232 0.010775 0.005905 0.000387 0.095180 0.009199 2.193386
0.866416 0.012176 0.010791 0.005903 0.000390 0.095120 0.009204 2.194578
0.866341 0.012188 0.010783 0.005897 0.000386 0.095197 0.009209 2.195791
0.866343 0.012157 0.010800 0.005910 0.000387 0.095188 0.009214 2.196998
0.866333 0.012191 0.010833 0.005876 0.000381 0.095166 0.009219 2.198175
0.866338 0.012189 0.010868 0.005860 0.000380 0.095142 0.009224 2.199366
0.866302 0.012206 0.010844 0.005864 0.000382 0.095174 0.009229 2.200590
0.866266 0.012221 0.010795 0.005851 0.000380 0.095254 0.009234 2.201785
0.866219 0.012271 0.010778 0.005866 0.000374 0.095253 0.009240 2.202972
0.866193 0.012292 0.010816 0.005895 0.000370 0.095188 0.009247 2.204175
