0.347154 0.062023 0.055633 0.031886 0.002099 0.495246 0.005960 1.622810
0.349816 0.059615 0.055535 0.031715 0.002082 0.495249 0.005988 1.628766
0.353189 0.056722 0.055301 0.031421 0.002087 0.495270 0.006012 1.634500
0.357007 0.053687 0.054892 0.030968 0.002089 0.495318 0.006040 1.639861
0.361181 0.050551 0.054363 0.030423 0.002088 0.495324 0.006071 1.644921
0.365713 0.047424 0.053610 0.029859 0.002076 0.495220 0.006098 1.649713
0.370360 0.044430 0.052824 0.029255 0.002075 0.494935 0.006123 1.654165
0.375229 0.041583 0.051878 0.028589 0.002059 0.494509 0.006153 1.658336
0.380148 0.038795 0.050918 0.027879 0.002045 0.494032 0.006184 1.662345
0.385186 0.036243 0.049668 0.027206 0.002037 0.493446 0.006214 1.666023
0.390276 0.033879 0.048401 0.026424 0.002019 0.492762 0.006240 1.669468
0.395413 0.031575 0.047110 0.025647 0.002015 0.491977 0.006263 1.672727
0.400573 0.029532 0.045766 0.024821 0.001991 0.491028 0.006289 1.675680
0.405849 0.027613 0.044306 0.024011 0.001974 0.489936 0.006311 1.678456
0.411162 0.025734 0.043028 0.023206 0.001948 0.488582 0.006340 1.681097
0.416557 0.024017 0.041620 0.022391 0.001922 0.487126 0.006367 1.683580
0.421989 0.022448 0.040256 0.021576 0.001901 0.485440 0.006389 1.685853
0.427309 0.021036 0.038782 0.020775 0.001870 0.483819 0.006410 1.687956
0.432663 0.019678 0.037397 0.019955 0.001860 0.482014 0.006434 1.689966
0.437962 0.018432 0.035993 0.019194 0.001846 0.480113 0.006459 1.691841
0.443383 0.017277 0.034618 0.018434 0.001832 0.477977 0.006479 1.693582
0.448830 0.016269 0.033315 0.017642 0.001794 0.475642 0.006507 1.695175
0.454289 0.015287 0.032006 0.016926 0.001775 0.473192 0.006528 1.696707
0.459694 0.014370 0.030717 0.016220 0.001757 0.470688 0.006555 1.698140
0.465129 0.013466 0.029505 0.015543 0.001737 0.468043 0.006578 1.699524
0.470480 0.012596 0.028276 0.014865 0.001711 0.465470 0.006603 1.700854
0.475865 0.011859 0.027104 0.014254 0.001676 0.462620 0.006621 1.702046
0.481140 0.011171 0.026024 0.013619 0.001648 0.459755 0.006644 1.703190
0.486449 0.010532 0.024897 0.013027 0.001620 0.456809 0.006665 1.704270
0.491716 0.009970 0.023785 0.012458 0.001593 0.453789 0.006691 1.705270
0.496973 0.009391 0.022771 0.011894 0.001571 0.450691 0.006709 1.706251
0.502147 0.008879 0.021783 0.011380 0.001544 0.447539 0.006727 1.707147
0.507359 0.008369 0.020813 0.010821 0.001518 0.444375 0.006744 1.708009
0.512509 0.007941 0.019862 0.010329 0.001496 0.441098 0.006764 1.708805
0.517679 0.007521 0.018989 0.009846 0.001465 0.437717 0.006784 1.709549
0.522740 0.007149 0.018139 0.009433 0.001430 0.434306 0.006804 1.710248
0.527838 0.006778 0.017267 0.009011 0.001398 0.430883 0.006824 1.710924
0.532875 0.006424 0.016499 0.008598 0.001370 0.427391 0.006843 1.711594
0.537935 0.006085 0.015749 0.008192 0.001348 0.423831 0.006859 1.712201
0.542904 0.005767 0.015044 0.007838 0.001323 0.420247 0.006877 1.712791
0.547864 0.005485 0.014382 0.007464 0.001294 0.416618 0.006894 1.713353
0.552722 0.005191 0.013781 0.007101 0.001255 0.413035 0.006916 1.713906
0.557646 0.004955 0.013103 0.006773 0.001232 0.409360 0.006933 1.714378
0.562438 0.004698 0.012518 0.006469 0.001201 0.405728 0.006948 1.714873
0.567246 0.004443 0.011931 0.006210 0.001168 0.402039 0.006964 1.715337
0.572008 0.004244 0.011367 0.005922 0.001137 0.398343 0.006980 1.715760
0.576768 0.004026 0.010870 0.005663 0.001096 0.394579 0.006997 1.716195
0.581497 0.003841 0.010415 0.005396 0.001056 0.390778 0.007017 1.716600
0.586097 0.003685 0.009919 0.005142 0.001031 0.387098 0.007029 1.716955
0.590686 0.003536 0.009502 0.004884 0.001003 0.383347 0.007041 1.717312
0.595282 0.003395 0.009075 0.004661 0.000982 0.379555 0.007050 1.717671
0.599875 0.003257 0.008664 0.004420 0.000951 0.375769 0.007065 1.717993
0.604384 0.003099 0.008278 0.004220 0.000934 0.372011 0.007075 1.718331
0.608845 0.002997 0.007912 0.004013 0.000910 0.368239 0.007085 1.718614
0.613255 0.002862 0.007552 0.003821 0.000892 0.364524 0.007094 1.718908
0.617602 0.002766 0.007214 0.003636 0.000873 0.360808 0.007101 1.719167
0.621912 0.002663 0.006887 0.003456 0.000850 0.357117 0.007114 1.719435
0.626165 0.002544 0.006621 0.003307 0.000825 0.353414 0.007126 1.719696
0.630422 0.002448 0.006317 0.003146 0.000802 0.349729 0.007135 1.719935
0.634639 0.002370 0.006025 0.003012 0.000779 0.346028 0.007149 1.720175
0.638796 0.002283 0.005731 0.002860 0.000767 0.342407 0.007157 1.720403
0.642906 0.002219 0.005454 0.002726 0.000746 0.338780 0.007168 1.720604
0.647008 0.002130 0.005218 0.002618 0.000715 0.335128 0.007183 1.720830
0.650981 0.002051 0.005000 0.002516 0.000695 0.331565 0.007193 1.721038
0.655027 0.001973 0.004769 0.002385 0.000677 0.327972 0.007198 1.721233
0.659015 0.001913 0.004559 0.002279 0.000658 0.324368 0.007209 1.721414
0.662872 0.001864 0.004360 0.002179 0.000638 0.320872 0.007215 1.721589
0.666690 0.001819 0.004171 0.002100 0.000618 0.317379 0.007224 1.721764
0.670445 0.001748 0.003992 0.002008 0.000607 0.313970 0.007230 1.721946
0.674282 0.001703 0.003810 0.001916 0.000592 0.310459 0.007238 1.722097
0.678017 0.001642 0.003655 0.001839 0.000574 0.307025 0.007249 1.722268
0.681793 0.001571 0.003493 0.001763 0.000562 0.303567 0.007252 1.722431
0.685471 0.001504 0.003363 0.001685 0.000547 0.300175 0.007257 1.722595
0.689178 0.001473 0.003214 0.001620 0.000529 0.296720 0.007266 1.722731
0.692761 0.001433 0.003096 0.001548 0.000509 0.293381 0.007274 1.722869
0.696279 0.001392 0.002973 0.001497 0.000489 0.290090 0.007281 1.723010
0.699800 0.001340 0.002873 0.001426 0.000474 0.286801 0.007286 1.723144
0.703333 0.001298 0.002762 0.001382 0.000463 0.283472 0.007291 1.723271
0.706748 0.001265 0.002655 0.001322 0.000447 0.280261 0.007301 1.723395
0.710151 0.001213 0.002551 0.001269 0.000434 0.277076 0.007307 1.723524
0.713476 0.001169 0.002450 0.001209 0.000428 0.273958 0.007311 1.723641
0.716828 0.001118 0.002357 0.001173 0.000413 0.270796 0.007316 1.723767
0.720096 0.001093 0.002263 0.001122 0.000406 0.267699 0.007321 1.723871
0.723301 0.001061 0.002166 0.001084 0.000397 0.264665 0.007326 1.723978
0.726522 0.001016 0.002093 0.001045 0.000384 0.261607 0.007334 1.724081
0.729717 0.001002 0.002023 0.000985 0.000377 0.258558 0.007339 1.724178
0.732831 0.000967 0.001955 0.000940 0.000363 0.255600 0.007346 1.724272
0.735945 0.000950 0.001890 0.000901 0.000353 0.252610 0.007352 1.724361
0.738987 0.000937 0.001813 0.000861 0.000344 0.249701 0.007357 1.724444
0.742055 0.000902 0.001750 0.000835 0.000332 0.246765 0.007361 1.724541
0.745075 0.000880 0.001681 0.000811 0.000321 0.243866 0.007365 1.724633
0.748006 0.000851 0.001626 0.000779 0.000310 0.241057 0.007372 1.724724
0.750996 0.000821 0.001575 0.000754 0.000303 0.238177 0.007374 1.724812
0.753876 0.000798 0.001523 0.000729 0.000300 0.235400 0.007375 1.724892
0.756743 0.000785 0.001455 0.000693 0.000287 0.232659 0.007380 1.724960
0.759577 0.000776 0.001393 0.000669 0.000279 0.229922 0.007385 1.725027
0.762277 0.000763 0.001347 0.000644 0.000267 0.227309 0.007393 1.725098
0.765061 0.000748 0.001296 0.000623 0.000255 0.224621 0.007397 1.725170
0.767863 0.000721 0.001253 0.000601 0.000243 0.221918 0.007402 1.725248
0.770556 0.000700 0.001209 0.000586 0.000236 0.219310 0.007404 1.725320
0.773281 0.000681 0.001171 0.000565 0.000225 0.216669 0.007409 1.725391
0.775956 0.000669 0.001122 0.000556 0.000214 0.214071 0.007412 1.725455
0.778601 0.000653 0.001105 0.000539 0.000205 0.211482 0.007416 1.725524
0.781123 0.000647 0.001061 0.000524 0.000197 0.209027 0.007421 1.725580
0.783632 0.000625 0.001033 0.000515 0.000191 0.206582 0.007424 1.725648
0.786149 0.000606 0.001020 0.000493 0.000184 0.204121 0.007427 1.725716
0.788632 0.000597 0.000995 0.000472 0.000178 0.201698 0.007429 1.725776
0.791044 0.000571 0.000958 0.000466 0.000172 0.199358 0.007430 1.725839
0.793436 0.000557 0.000936 0.000453 0.000169 0.197017 0.007432 1.725900
0.795837 0.000543 0.000909 0.000448 0.000163 0.194664 0.007436 1.725953
0.798226 0.000546 0.000875 0.000426 0.000157 0.192330 0.007440 1.726000
0.800559 0.000539 0.000839 0.000408 0.000150 0.190063 0.007442 1.726049
0.802875 0.000531 0.000821 0.000395 0.000144 0.187789 0.007445 1.726097
0.805149 0.000503 0.000816 0.000388 0.000137 0.185559 0.007449 1.726160
0.807392 0.000498 0.000780 0.000378 0.000132 0.183368 0.007452 1.726199
0.809599 0.000489 0.000762 0.000359 0.000127 0.181208 0.007456 1.726247
0.811825 0.000474 0.000746 0.000351 0.000122 0.179025 0.007457 1.726295
0.813990 0.000453 0.000722 0.000347 0.000119 0.176909 0.007460 1.726344
0.816183 0.000435 0.000700 0.000338 0.000115 0.174769 0.007462 1.726392
0.818305 0.000438 0.000672 0.000329 0.000111 0.172682 0.007464 1.726425
0.820398 0.000428 0.000657 0.000319 0.000107 0.170626 0.007465 1.726466
0.822453 0.000421 0.000635 0.000305 0.000103 0.168616 0.007467 1.726505
0.824483 0.000417 0.000623 0.000299 0.000099 0.166611 0.007469 1.726546
0.826466 0.000408 0.000613 0.000292 0.000094 0.164656 0.007472 1.726593
0.828491 0.000401 0.000602 0.000284 0.000089 0.162659 0.007474 1.726633
0.830486 0.000403 0.000569 0.000279 0.000087 0.160702 0.007475 1.726667
0.832440 0.000388 0.000554 0.000275 0.000084 0.158783 0.007476 1.726707
0.834355 0.000373 0.000538 0.000269 0.000081 0.156908 0.007478 1.726748
0.836238 0.000367 0.000532 0.000262 0.000077 0.155045 0.007479 1.726784
0.838099 0.000351 0.000529 0.000252 0.000075 0.153217 0.007479 1.726824
0.839954 0.000347 0.000514 0.000253 0.000072 0.151380 0.007481 1.726859
0.841804 0.000329 0.000509 0.000253 0.000070 0.149553 0.007482 1.726905
0.843562 0.000322 0.000497 0.000239 0.000069 0.147829 0.007482 1.726940
0.845395 0.000319 0.000481 0.000233 0.000066 0.146023 0.007484 1.726968
0.847174 0.000300 0.000471 0.000233 0.000066 0.144273 0.007484 1.727009
0.848901 0.000291 0.000457 0.000227 0.000064 0.142575 0.007485 1.727040
0.850606 0.000291 0.000442 0.000226 0.000063 0.140888 0.007485 1.727069
0.852256 0.000290 0.000431 0.000222 0.000060 0.139255 0.007486 1.727092
0.853934 0.000289 0.000418 0.000216 0.000057 0.137599 0.007488 1.727116
0.855570 0.000280 0.000411 0.000210 0.000055 0.135985 0.007489 1.727146
0.857141 0.000270 0.000392 0.000211 0.000052 0.134446 0.007490 1.727172
0.858709 0.000265 0.000388 0.000206 0.000050 0.132892 0.007491 1.727201
0.860272 0.000262 0.000375 0.000198 0.000050 0.131352 0.007492 1.727223
0.861807 0.000260 0.000362 0.000199 0.000048 0.129834 0.007492 1.727249
0.863314 0.000256 0.000349 0.000190 0.000048 0.128351 0.007493 1.727271
0.864843 0.000247 0.000345 0.000185 0.000047 0.126840 0.007494 1.727296
0.866309 0.000245 0.000326 0.000181 0.000046 0.125399 0.007494 1.727318
0.867751 0.000240 0.000315 0.000175 0.000045 0.123980 0.007495 1.727343
0.869191 0.000229 0.000313 0.000168 0.000043 0.122559 0.007497 1.727370
0.870567 0.000219 0.000305 0.000161 0.000042 0.121208 0.007497 1.727394
0.871905 0.000207 0.000295 0.000154 0.000042 0.119899 0.007498 1.727420
0.873250 0.000202 0.000282 0.000148 0.000042 0.118579 0.007498 1.727440
0.874545 0.000195 0.000277 0.000143 0.000041 0.117300 0.007498 1.727461
0.875854 0.000191 0.000274 0.000139 0.000040 0.116004 0.007498 1.727480
0.877119 0.000191 0.000264 0.000130 0.000040 0.114758 0.007498 1.727500
0.878320 0.000191 0.000254 0.000124 0.000039 0.113573 0.007499 1.727515
0.879512 0.000180 0.000254 0.000122 0.000040 0.112393 0.007499 1.727537
0.880679 0.000176 0.000245 0.000117 0.000040 0.111243 0.007500 1.727551
0.881871 0.000166 0.000243 0.000121 0.000037 0.110062 0.007500 1.727576
0.883001 0.000164 0.000233 0.000118 0.000034 0.108950 0.007501 1.727589
0.884091 0.000164 0.000232 0.000112 0.000030 0.107869 0.007503 1.727603
0.885162 0.000152 0.000233 0.000109 0.000028 0.106814 0.007503 1.727625
0.886239 0.000139 0.000233 0.000109 0.000027 0.105750 0.007503 1.727646
0.887252 0.000137 0.000221 0.000108 0.000027 0.104752 0.007503 1.727660
0.888255 0.000135 0.000214 0.000107 0.000026 0.103760 0.007503 1.727675
0.889236 0.000133 0.000202 0.000104 0.000025 0.102797 0.007503 1.727688
0.890175 0.000135 0.000191 0.000101 0.000024 0.101870 0.007504 1.727695
0.891120 0.000142 0.000187 0.000098 0.000022 0.100925 0.007504 1.727707
0.892057 0.000137 0.000182 0.000097 0.000024 0.099999 0.007504 1.727719
0.892963 0.000132 0.000170 0.000093 0.000022 0.099115 0.007505 1.727729
0.893836 0.000132 0.000162 0.000092 0.000022 0.098250 0.007506 1.727738
0.894678 0.000132 0.000155 0.000094 0.000021 0.097413 0.007506 1.727749
0.895517 0.000132 0.000146 0.000089 0.000021 0.096588 0.007506 1.727759
0.896359 0.000127 0.000140 0.000086 0.000021 0.095759 0.007506 1.727771
0.897161 0.000130 0.000136 0.000087 0.000021 0.094958 0.007506 1.727780
0.897962 0.000130 0.000132 0.000087 0.000020 0.094161 0.007507 1.727794
0.898780 0.000122 0.000132 0.000087 0.000018 0.093352 0.007508 1.727806
0.899567 0.000116 0.000128 0.000085 0.000018 0.092577 0.007508 1.727817
0.900329 0.000114 0.000127 0.000085 0.000017 0.091820 0.007508 1.727828
0.901055 0.000108 0.000128 0.000081 0.000018 0.091101 0.007508 1.727842
0.901749 0.000105 0.000129 0.000077 0.000017 0.090414 0.007508 1.727851
0.902422 0.000103 0.000123 0.000075 0.000016 0.089750 0.007509 1.727861
0.903071 0.000099 0.000122 0.000073 0.000015 0.089110 0.007510 1.727871
0.903696 0.000100 0.000120 0.000071 0.000015 0.088488 0.007510 1.727879
0.904279 0.000096 0.000122 0.000067 0.000013 0.087911 0.007510 1.727892
0.904885 0.000096 0.000119 0.000067 0.000013 0.087309 0.007510 1.727898
0.905449 0.000095 0.000117 0.000064 0.000013 0.086750 0.007510 1.727905
0.906006 0.000091 0.000112 0.000062 0.000012 0.086206 0.007511 1.727914
0.906553 0.000089 0.000108 0.000058 0.000012 0.085668 0.007511 1.727919
0.907129 0.000086 0.000106 0.000056 0.000012 0.085100 0.007511 1.727928
0.907659 0.000085 0.000104 0.000052 0.000012 0.084577 0.007511 1.727934
0.908224 0.000078 0.000102 0.000052 0.000013 0.084019 0.007511 1.727943
0.908709 0.000078 0.000105 0.000052 0.000012 0.083531 0.007512 1.727952
0.909237 0.000074 0.000107 0.000051 0.000012 0.083006 0.007512 1.727965
0.909704 0.000072 0.000102 0.000050 0.000012 0.082548 0.007513 1.727972
0.910138 0.000070 0.000098 0.000047 0.000011 0.082124 0.007513 1.727976
0.910588 0.000074 0.000096 0.000046 0.000010 0.081673 0.007513 1.727983
0.911020 0.000075 0.000089 0.000045 0.000010 0.081248 0.007513 1.727989
0.911444 0.000074 0.000082 0.000046 0.000010 0.080830 0.007513 1.727997
0.911821 0.000074 0.000080 0.000046 0.000010 0.080456 0.007513 1.728004
0.912211 0.000070 0.000079 0.000048 0.000010 0.080070 0.007513 1.728012
0.912590 0.000071 0.000077 0.000046 0.000010 0.079694 0.007513 1.728017
0.912984 0.000072 0.000076 0.000041 0.000010 0.079304 0.007513 1.728023
0.913344 0.000069 0.000077 0.000043 0.000009 0.078945 0.007514 1.728032
0.913700 0.000067 0.000078 0.000042 0.000009 0.078591 0.007514 1.728039
0.914018 0.000063 0.000081 0.000040 0.000009 0.078276 0.007514 1.728048
0.914360 0.000066 0.000076 0.000038 0.000009 0.077937 0.007514 1.728052
0.914645 0.000069 0.000077 0.000035 0.000009 0.077651 0.007514 1.728057
0.914916 0.000070 0.000077 0.000032 0.000008 0.077384 0.007514 1.728062
0.915200 0.000072 0.000076 0.000030 0.000007 0.077100 0.007515 1.728067
0.915451 0.000069 0.000078 0.000032 0.000007 0.076847 0.007515 1.728076
0.915715 0.000063 0.000081 0.000032 0.000006 0.076587 0.007515 1.728086
0.915958 0.000066 0.000078 0.000032 0.000006 0.076344 0.007515 1.728089
0.916190 0.000066 0.000078 0.000035 0.000005 0.076110 0.007515 1.728097
0.916438 0.000066 0.000079 0.000035 0.000005 0.075862 0.007515 1.728103
0.916678 0.000064 0.000081 0.000035 0.000005 0.075622 0.007515 1.728111
0.916898 0.000062 0.000074 0.000039 0.000004 0.075408 0.007515 1.728118
0.917121 0.000060 0.000074 0.000038 0.000004 0.075187 0.007516 1.728125
0.917336 0.000058 0.000073 0.000037 0.000004 0.074975 0.007516 1.728132
0.917531 0.000062 0.000072 0.000036 0.000004 0.074780 0.007516 1.728137
0.917722 0.000066 0.000069 0.000038 0.000004 0.074585 0.007516 1.728140
0.917910 0.000068 0.000068 0.000037 0.000004 0.074397 0.007516 1.728144
0.918098 0.000064 0.000069 0.000035 0.000004 0.074215 0.007516 1.728151
0.918277 0.000066 0.000065 0.000034 0.000004 0.074037 0.007516 1.728154
0.918442 0.000063 0.000066 0.000034 0.000004 0.073875 0.007516 1.728161
0.918633 0.000061 0.000064 0.000032 0.000004 0.073691 0.007516 1.728164
0.918801 0.000063 0.000063 0.000033 0.000004 0.073520 0.007516 1.728169
0.918949 0.000062 0.000064 0.000032 0.000003 0.073374 0.007516 1.728176
0.919103 0.000056 0.000067 0.000032 0.000003 0.073224 0.007516 1.728184
0.919266 0.000057 0.000068 0.000030 0.000003 0.073060 0.007516 1.728189
0.919403 0.000058 0.000070 0.000027 0.000004 0.072922 0.007516 1.728195
0.919553 0.000054 0.000072 0.000026 0.000004 0.072775 0.007516 1.728202
0.919686 0.000056 0.000069 0.000026 0.000004 0.072643 0.007516 1.728204
0.919818 0.000055 0.000065 0.000026 0.000005 0.072515 0.007516 1.728210
0.919943 0.000055 0.000063 0.000026 0.000005 0.072393 0.007516 1.728216
0.920059 0.000057 0.000060 0.000028 0.000004 0.072277 0.007516 1.728222
0.920181 0.000052 0.000056 0.000028 0.000004 0.072162 0.007516 1.728231
0.920311 0.000053 0.000053 0.000026 0.000005 0.072036 0.007516 1.728234
0.920428 0.000048 0.000054 0.000028 0.000005 0.071920 0.007517 1.728244
0.920546 0.000047 0.000053 0.000027 0.000005 0.071806 0.007517 1.728248
0.920651 0.000048 0.000053 0.000026 0.000005 0.071700 0.007517 1.728253
0.920767 0.000044 0.000056 0.000026 0.000005 0.071585 0.007517 1.728259
0.920884 0.000041 0.000054 0.000026 0.000005 0.071474 0.007517 1.728266
0.920987 0.000041 0.000052 0.000025 0.000004 0.071374 0.007517 1.728271
0.921098 0.000039 0.000054 0.000026 0.000004 0.071262 0.007517 1.728277
0.921184 0.000039 0.000054 0.000026 0.000004 0.071178 0.007517 1.728281
0.921270 0.000038 0.000055 0.000026 0.000004 0.071090 0.007517 1.728287
0.921341 0.000037 0.000052 0.000026 0.000004 0.071022 0.007517 1.728289
0.921431 0.000039 0.000051 0.000025 0.000004 0.070933 0.007517 1.728293
0.921513 0.000040 0.000048 0.000024 0.000004 0.070855 0.007517 1.728294
0.921593 0.000040 0.000050 0.000022 0.000004 0.070774 0.007517 1.728298
0.921663 0.000041 0.000049 0.000022 0.000004 0.070704 0.007517 1.728301
0.921746 0.000038 0.000051 0.000022 0.000004 0.070622 0.007517 1.728306
0.921822 0.000034 0.000052 0.000022 0.000004 0.070548 0.007517 1.728311
0.921905 0.000037 0.000051 0.000020 0.000004 0.070466 0.007517 1.728313
0.921982 0.000035 0.000048 0.000021 0.000004 0.070392 0.007517 1.728318
0.922048 0.000034 0.000048 0.000020 0.000004 0.070328 0.007518 1.728321
0.922120 0.000033 0.000046 0.000020 0.000003 0.070260 0.007518 1.728324
0.922190 0.000032 0.000047 0.000020 0.000003 0.070189 0.007518 1.728328
0.922244 0.000031 0.000048 0.000021 0.000004 0.070135 0.007518 1.728331
0.922312 0.000032 0.000045 0.000021 0.000004 0.070068 0.007518 1.728334
0.922376 0.000035 0.000044 0.000020 0.000004 0.070004 0.007518 1.728336
0.922438 0.000037 0.000041 0.000022 0.000004 0.069941 0.007518 1.728338
0.922509 0.000036 0.000043 0.000021 0.000003 0.069871 0.007518 1.728341
0.922571 0.000034 0.000043 0.000022 0.000003 0.069810 0.007518 1.728346
0.922621 0.000034 0.000040 0.000021 0.000003 0.069764 0.007518 1.728349
0.922674 0.000033 0.000042 0.000020 0.000003 0.069710 0.007518 1.728354
0.922746 0.000034 0.000038 0.000019 0.000003 0.069643 0.007518 1.728356
0.922793 0.000034 0.000037 0.000019 0.000003 0.069598 0.007518 1.728359
0.922838 0.000031 0.000038 0.000019 0.000003 0.069554 0.007518 1.728364
0.922880 0.000030 0.000039 0.000019 0.000003 0.069511 0.007518 1.728368
0.922925 0.000030 0.000037 0.000017 0.000003 0.069470 0.007518 1.728370
0.922966 0.000029 0.000037 0.000019 0.000003 0.069428 0.007518 1.728374
0.923018 0.000029 0.000035 0.000017 0.000003 0.069380 0.007518 1.728376
0.923064 0.000027 0.000036 0.000017 0.000003 0.069337 0.007518 1.728380
0.923106 0.000026 0.000036 0.000017 0.000003 0.069296 0.007518 1.728384
0.923138 0.000025 0.000037 0.000017 0.000003 0.069262 0.007518 1.728386
0.923171 0.000024 0.000037 0.000015 0.000003 0.069231 0.007518 1.728390
0.923207 0.000024 0.000037 0.000015 0.000003 0.069198 0.007518 1.728394
0.923241 0.000024 0.000035 0.000015 0.000003 0.069164 0.007518 1.728396
0.923272 0.000026 0.000032 0.000016 0.000003 0.069133 0.007518 1.728398
0.923314 0.000023 0.000034 0.000014 0.000003 0.069094 0.007518 1.728402
0.923343 0.000025 0.000034 0.000014 0.000003 0.069063 0.007518 1.728403
0.923374 0.000023 0.000032 0.000015 0.000003 0.069035 0.007518 1.728408
0.923412 0.000024 0.000030 0.000015 0.000003 0.068999 0.007518 1.728408
0.923441 0.000024 0.000029 0.000015 0.000002 0.068971 0.007519 1.728410
0.923471 0.000025 0.000029 0.000014 0.000002 0.068941 0.007519 1.728412
0.923506 0.000027 0.000026 0.000013 0.000003 0.068908 0.007519 1.728413
0.923541 0.000025 0.000027 0.000013 0.000002 0.068875 0.007519 1.728415
0.923571 0.000023 0.000027 0.000013 0.000002 0.068845 0.007519 1.728418
0.923596 0.000023 0.000027 0.000012 0.000002 0.068822 0.007519 1.728420
0.923627 0.000022 0.000027 0.000012 0.000002 0.068791 0.007519 1.728422
0.923657 0.000023 0.000027 0.000011 0.000002 0.068761 0.007519 1.728423
0.923682 0.000021 0.000028 0.000010 0.000002 0.068738 0.007519 1.728426
0.923705 0.000023 0.000024 0.000011 0.000002 0.068717 0.007519 1.728427
0.923724 0.000020 0.000024 0.000011 0.000002 0.068700 0.007519 1.728432
0.923744 0.000020 0.000025 0.000010 0.000002 0.068681 0.007519 1.728432
0.923772 0.000018 0.000023 0.000012 0.000002 0.068656 0.007519 1.728435
0.923795 0.000016 0.000020 0.000012 0.000002 0.068636 0.007519 1.728436
0.923818 0.000017 0.000020 0.000011 0.000002 0.068613 0.007519 1.728438
0.923839 0.000017 0.000019 0.000011 0.000001 0.068593 0.007520 1.728438
0.923860 0.000017 0.000020 0.000010 0.000001 0.068573 0.007520 1.728440
0.923875 0.000017 0.000019 0.000009 0.000001 0.068559 0.007520 1.728440
0.923890 0.000016 0.000020 0.000009 0.000001 0.068545 0.007520 1.728442
0.923906 0.000014 0.000021 0.000010 0.000001 0.068529 0.007520 1.728445
0.923925 0.000014 0.000021 0.000008 0.000000 0.068513 0.007520 1.728446
0.923942 0.000016 0.000018 0.000008 0.000000 0.068496 0.007520 1.728446
0.923961 0.000016 0.000019 0.000008 0.000000 0.068477 0.007520 1.728447
0.923975 0.000017 0.000020 0.000008 0.000000 0.068460 0.007520 1.728449
0.923992 0.000016 0.000019 0.000008 0.000000 0.068444 0.007520 1.728450
0.924004 0.000015 0.000019 0.000009 0.000000 0.068433 0.007520 1.728452
0.924024 0.000015 0.000018 0.000010 0.000000 0.068414 0.007520 1.728453
0.924031 0.000017 0.000020 0.000010 0.000000 0.068403 0.007520 1.728455
0.924042 0.000016 0.000019 0.000010 0.000000 0.068393 0.007520 1.728458
0.924057 0.000015 0.000019 0.000010 0.000000 0.068379 0.007520 1.728460
0.924070 0.000016 0.000019 0.000010 0.000000 0.068366 0.007520 1.728463
0.924081 0.000016 0.000018 0.000010 0.000000 0.068355 0.007520 1.728465
0.924100 0.000018 0.000018 0.000010 0.000000 0.068334 0.007520 1.728466
0.924114 0.000016 0.000018 0.000012 0.000000 0.068321 0.007520 1.728470
0.924131 0.000016 0.000015 0.000011 0.000000 0.068307 0.007520 1.728470
0.924144 0.000015 0.000014 0.000011 0.000000 0.068296 0.007520 1.728472
0.924154 0.000015 0.000014 0.000011 0.000000 0.068286 0.007520 1.728474
0.924170 0.000016 0.000013 0.000008 0.000000 0.068273 0.007520 1.728474
0.924180 0.000015 0.000013 0.000009 0.000000 0.068264 0.007520 1.728476
0.924190 0.000014 0.000013 0.000010 0.000000 0.068254 0.007520 1.728478
0.924203 0.000014 0.000013 0.000008 0.000000 0.068242 0.007520 1.728479
0.924213 0.000014 0.000015 0.000008 0.000000 0.068230 0.007520 1.728481
0.924222 0.000014 0.000014 0.000008 0.000000 0.068221 0.007520 1.728482
0.924232 0.000016 0.000013 0.000008 0.000000 0.068211 0.007520 1.728482
0.924240 0.000016 0.000013 0.000007 0.000000 0.068204 0.007520 1.728484
0.924250 0.000014 0.000013 0.000007 0.000000 0.068196 0.007520 1.728486
0.924257 0.000014 0.000013 0.000007 0.000000 0.068189 0.007520 1.728488
0.924264 0.000016 0.000014 0.000007 0.000000 0.068180 0.007520 1.728489
0.924268 0.000017 0.000013 0.000006 0.000000 0.068177 0.007520 1.728490
0.924275 0.000019 0.000012 0.000005 0.000000 0.068169 0.007520 1.728490
0.924281 0.000020 0.000012 0.000005 0.000000 0.068162 0.007520 1.728491
0.924289 0.000018 0.000013 0.000006 0.000000 0.068154 0.007520 1.728494
0.924300 0.000017 0.000013 0.000006 0.000000 0.068144 0.007520 1.728496
0.924303 0.000019 0.000013 0.000005 0.000000 0.068139 0.007520 1.728498
0.924312 0.000021 0.000012 0.000005 0.000000 0.068131 0.007520 1.728498
0.924319 0.000020 0.000013 0.000006 0.000000 0.068123 0.007520 1.728499
0.924325 0.000019 0.000014 0.000006 0.000000 0.068117 0.007520 1.728502
0.924330 0.000018 0.000014 0.000006 0.000000 0.068113 0.007520 1.728504
0.924334 0.000016 0.000014 0.000008 0.000000 0.068108 0.007520 1.728507
0.924339 0.000016 0.000012 0.000008 0.000000 0.068105 0.007520 1.728508
0.924342 0.000016 0.000012 0.000009 0.000000 0.068102 0.007520 1.728509
0.924348 0.000017 0.000010 0.000008 0.000000 0.068097 0.007520 1.728510
0.924353 0.000016 0.000009 0.000007 0.000000 0.068094 0.007520 1.728510
0.924361 0.000016 0.000008 0.000007 0.000000 0.068088 0.007520 1.728511
0.924366 0.000014 0.000009 0.000008 0.000000 0.068083 0.007520 1.728514
0.924370 0.000012 0.000012 0.000009 0.000000 0.068077 0.007520 1.728517
0.924377 0.000012 0.000012 0.000008 0.000001 0.068071 0.007520 1.728518
0.924380 0.000012 0.000010 0.000008 0.000001 0.068069 0.007520 1.728520
0.924385 0.000013 0.000010 0.000008 0.000001 0.068065 0.007520 1.728520
0.924387 0.000014 0.000010 0.000008 0.000001 0.068062 0.007520 1.728521
0.924388 0.000014 0.000008 0.000008 0.000001 0.068061 0.007520 1.728522
0.924391 0.000013 0.000008 0.000008 0.000001 0.068059 0.007520 1.728524
0.924397 0.000012 0.000010 0.000008 0.000001 0.068054 0.007520 1.728525
0.924402 0.000011 0.000008 0.000008 0.000001 0.068051 0.007520 1.728526
0.924406 0.000011 0.000008 0.000006 0.000001 0.068049 0.007520 1.728526
0.924411 0.000012 0.000008 0.000005 0.000000 0.068045 0.007520 1.728526
0.924413 0.000012 0.000008 0.000005 0.000000 0.068042 0.007520 1.728527
0.924418 0.000010 0.000008 0.000005 0.000000 0.068039 0.007520 1.728529
0.924420 0.000011 0.000008 0.000005 0.000000 0.068036 0.007520 1.728530
0.924425 0.000012 0.000008 0.000006 0.000000 0.068031 0.007520 1.728530
0.924426 0.000012 0.000008 0.000006 0.000000 0.068030 0.007520 1.728532
0.924427 0.000012 0.000008 0.000005 0.000000 0.068029 0.007520 1.728533
0.924430 0.000013 0.000008 0.000004 0.000000 0.068026 0.007520 1.728533
0.924434 0.000013 0.000007 0.000003 0.000000 0.068024 0.007520 1.728534
0.924435 0.000014 0.000007 0.000002 0.000000 0.068022 0.007520 1.728534
0.924438 0.000014 0.000008 0.000002 0.000000 0.068020 0.007520 1.728536
0.924441 0.000013 0.000008 0.000002 0.000000 0.068017 0.007520 1.728537
0.924444 0.000013 0.000008 0.000002 0.000000 0.068013 0.007520 1.728537
0.924446 0.000013 0.000009 0.000002 0.000000 0.068011 0.007520 1.728538
0.924449 0.000013 0.000009 0.000002 0.000000 0.068007 0.007520 1.728538
0.924452 0.000013 0.000008 0.000002 0.000000 0.068006 0.007520 1.728540
0.924453 0.000010 0.000009 0.000003 0.000000 0.068005 0.007520 1.728543
0.924457 0.000010 0.000009 0.000002 0.000000 0.068002 0.007520 1.728543
0.924458 0.000010 0.000009 0.000001 0.000000 0.068002 0.007520 1.728544
0.924459 0.000012 0.000010 0.000001 0.000000 0.067999 0.007520 1.728545
0.924460 0.000012 0.000010 0.000000 0.000000 0.067999 0.007520 1.728546
0.924464 0.000012 0.000010 0.000000 0.000000 0.067994 0.007520 1.728546
0.924467 0.000013 0.000008 0.000001 0.000000 0.067991 0.007520 1.728547
0.924469 0.000013 0.000009 0.000001 0.000000 0.067989 0.007520 1.728548
0.924471 0.000014 0.000008 0.000001 0.000000 0.067986 0.007520 1.728548
0.924471 0.000014 0.000010 0.000001 0.000000 0.067985 0.007520 1.728550
0.924473 0.000014 0.000009 0.000002 0.000000 0.067984 0.007520 1.728551
0.924472 0.000014 0.000010 0.000002 0.000000 0.067983 0.007520 1.728554
0.924473 0.000014 0.000010 0.000003 0.000000 0.067980 0.007520 1.728555
0.924476 0.000014 0.000010 0.000004 0.000000 0.067977 0.007520 1.728557
0.924476 0.000014 0.000010 0.000004 0.000000 0.067976 0.007520 1.728558
0.924480 0.000014 0.000012 0.000003 0.000000 0.067971 0.007520 1.728559
0.924481 0.000014 0.000012 0.000004 0.000000 0.067970 0.007520 1.728561
0.924481 0.000015 0.000010 0.000005 0.000000 0.067970 0.007520 1.728562
0.924480 0.000015 0.000010 0.000005 0.000000 0.067970 0.007520 1.728565
0.924485 0.000014 0.000010 0.000006 0.000000 0.067966 0.007520 1.728567
0.924487 0.000014 0.000010 0.000005 0.000000 0.067965 0.007520 1.728567
0.924488 0.000014 0.000010 0.000005 0.000000 0.067962 0.007520 1.728567
0.924490 0.000017 0.000008 0.000005 0.000000 0.067961 0.007520 1.728567
0.924492 0.000016 0.000010 0.000006 0.000000 0.067958 0.007520 1.728569
0.924494 0.000013 0.000012 0.000007 0.000000 0.067955 0.007520 1.728573
0.924493 0.000014 0.000013 0.000006 0.000000 0.067954 0.007520 1.728574
0.924494 0.000013 0.000014 0.000006 0.000000 0.067953 0.007520 1.728576
0.924495 0.000012 0.000014 0.000008 0.000000 0.067952 0.007520 1.728579
0.924498 0.000011 0.000014 0.000008 0.000000 0.067950 0.007520 1.728580
0.924500 0.000011 0.000014 0.000008 0.000000 0.067948 0.007520 1.728581
0.924501 0.000011 0.000015 0.000008 0.000000 0.067946 0.007520 1.728582
0.924502 0.000011 0.000014 0.000008 0.000000 0.067946 0.007520 1.728583
0.924502 0.000010 0.000014 0.000008 0.000000 0.067946 0.007520 1.728585
0.924504 0.000009 0.000016 0.000008 0.000000 0.067944 0.007520 1.728587
0.924505 0.000010 0.000015 0.000008 0.000000 0.067942 0.007520 1.728588
0.924507 0.000010 0.000014 0.000008 0.000000 0.067942 0.007520 1.728589
0.924511 0.000011 0.000014 0.000008 0.000000 0.067937 0.007520 1.728589
0.924514 0.000010 0.000015 0.000008 0.000000 0.067934 0.007520 1.728592
0.924515 0.000009 0.000014 0.000008 0.000000 0.067935 0.007520 1.728593
0.924517 0.000010 0.000014 0.000007 0.000000 0.067933 0.007520 1.728593
0.924518 0.000009 0.000014 0.000008 0.000000 0.067931 0.007520 1.728595
0.924518 0.000010 0.000013 0.000008 0.000000 0.067932 0.007520 1.728595
0.924519 0.000009 0.000013 0.000007 0.000000 0.067932 0.007520 1.728596
0.924523 0.000009 0.000012 0.000006 0.000000 0.067930 0.007520 1.728597
0.924525 0.000010 0.000012 0.000006 0.000000 0.067927 0.007520 1.728597
0.924526 0.000010 0.000012 0.000006 0.000000 0.067927 0.007520 1.728597
0.924526 0.000012 0.000012 0.000005 0.000000 0.067926 0.007520 1.728597
0.924527 0.000012 0.000012 0.000004 0.000000 0.067925 0.007520 1.728598
0.924527 0.000014 0.000013 0.000004 0.000000 0.067923 0.007520 1.728599
0.924527 0.000014 0.000013 0.000005 0.000000 0.067922 0.007520 1.728600
0.924527 0.000016 0.000013 0.000005 0.000000 0.067921 0.007520 1.728601
0.924527 0.000016 0.000014 0.000005 0.000000 0.067919 0.007520 1.728603
0.924526 0.000017 0.000014 0.000004 0.000000 0.067920 0.007520 1.728604
0.924527 0.000016 0.000013 0.000006 0.000000 0.067918 0.007520 1.728607
0.924526 0.000017 0.000013 0.000006 0.000000 0.067920 0.007520 1.728607
0.924523 0.000016 0.000013 0.000006 0.000000 0.067923 0.007520 1.728611
0.924522 0.000017 0.000013 0.000005 0.000000 0.067923 0.007520 1.728612
0.924523 0.000016 0.000014 0.000005 0.000000 0.067923 0.007520 1.728614
0.924522 0.000015 0.000016 0.000005 0.000000 0.067923 0.007520 1.728617
0.924523 0.000014 0.000016 0.000003 0.000000 0.067925 0.007520 1.728618
0.924523 0.000013 0.000017 0.000003 0.000000 0.067926 0.007520 1.728620
0.924524 0.000012 0.000017 0.000003 0.000000 0.067924 0.007520 1.728622
0.924526 0.000011 0.000017 0.000003 0.000000 0.067923 0.007520 1.728625
0.924526 0.000012 0.000016 0.000003 0.000000 0.067923 0.007520 1.728625
0.924527 0.000013 0.000015 0.000003 0.000000 0.067921 0.007520 1.728625
0.924528 0.000012 0.000015 0.000004 0.000000 0.067922 0.007520 1.728627
0.924527 0.000014 0.000013 0.000004 0.000000 0.067923 0.007520 1.728628
0.924528 0.000012 0.000013 0.000005 0.000000 0.067923 0.007520 1.728630
0.924527 0.000013 0.000012 0.000006 0.000000 0.067923 0.007520 1.728632
0.924526 0.000014 0.000013 0.000006 0.000000 0.067923 0.007520 1.728633
0.924526 0.000014 0.000013 0.000006 0.000000 0.067923 0.007520 1.728634
0.924527 0.000013 0.000014 0.000005 0.000000 0.067922 0.007520 1.728637
0.924529 0.000013 0.000013 0.000005 0.000000 0.067921 0.007520 1.728637
0.924529 0.000014 0.000013 0.000005 0.000000 0.067921 0.007520 1.728637
0.924529 0.000014 0.000014 0.000003 0.000000 0.067920 0.007520 1.728638
0.924529 0.000014 0.000014 0.000003 0.000000 0.067919 0.007520 1.728641
0.924531 0.000012 0.000015 0.000003 0.000000 0.067919 0.007520 1.728642
0.924531 0.000012 0.000016 0.000003 0.000000 0.067918 0.007520 1.728643
0.924530 0.000010 0.000016 0.000003 0.000000 0.067920 0.007520 1.728645
0.924531 0.000012 0.000015 0.000004 0.000000 0.067919 0.007520 1.728646
0.924532 0.000012 0.000014 0.000005 0.000000 0.067917 0.007520 1.728646
0.924533 0.000009 0.000015 0.000006 0.000000 0.067917 0.007520 1.728650
0.924533 0.000008 0.000014 0.000005 0.000000 0.067919 0.007520 1.728652
0.924534 0.000008 0.000013 0.000005 0.000000 0.067920 0.007520 1.728652
0.924535 0.000009 0.000012 0.000005 0.000000 0.067919 0.007520 1.728652
0.924536 0.000010 0.000012 0.000005 0.000000 0.067916 0.007520 1.728652
0.924537 0.000011 0.000012 0.000005 0.000000 0.067916 0.007520 1.728653
0.924535 0.000013 0.000010 0.000005 0.000000 0.067917 0.007520 1.728654
0.924536 0.000010 0.000011 0.000007 0.000000 0.067916 0.007520 1.728656
0.924536 0.000010 0.000012 0.000008 0.000000 0.067915 0.007520 1.728658
0.924534 0.000012 0.000012 0.000008 0.000000 0.067915 0.007520 1.728658
0.924535 0.000012 0.000011 0.000008 0.000000 0.067916 0.007520 1.728660
0.924534 0.000014 0.000011 0.000007 0.000000 0.067915 0.007520 1.728660
0.924536 0.000013 0.000010 0.000006 0.000000 0.067914 0.007520 1.728660
0.924537 0.000011 0.000012 0.000006 0.000000 0.067914 0.007520 1.728662
0.924537 0.000010 0.000013 0.000007 0.000000 0.067914 0.007520 1.728664
0.924538 0.000010 0.000013 0.000006 0.000000 0.067912 0.007520 1.728666
0.924539 0.000011 0.000012 0.000006 0.000001 0.067912 0.007520 1.728667
0.924539 0.000011 0.000010 0.000006 0.000000 0.067913 0.007520 1.728667
0.924539 0.000012 0.000009 0.000006 0.000000 0.067914 0.007520 1.728667
0.924540 0.000012 0.000009 0.000006 0.000000 0.067913 0.007520 1.728669
0.924540 0.000012 0.000010 0.000006 0.000000 0.067912 0.007520 1.728670
0.924541 0.000013 0.000009 0.000006 0.000000 0.067911 0.007520 1.728670
0.924544 0.000013 0.000009 0.000006 0.000000 0.067908 0.007520 1.728670
0.924541 0.000015 0.000008 0.000006 0.000000 0.067909 0.007520 1.728671
0.924541 0.000015 0.000008 0.000005 0.000000 0.067911 0.007520 1.728672
0.924540 0.000017 0.000008 0.000005 0.000000 0.067910 0.007520 1.728672
0.924542 0.000016 0.000009 0.000006 0.000000 0.067907 0.007520 1.728675
0.924542 0.000017 0.000008 0.000006 0.000000 0.067907 0.007520 1.728676
0.924541 0.000016 0.000010 0.000006 0.000000 0.067907 0.007520 1.728678
0.924541 0.000015 0.000009 0.000007 0.000000 0.067908 0.007520 1.728679
0.924543 0.000015 0.000010 0.000008 0.000000 0.067905 0.007520 1.728680
0.924543 0.000014 0.000010 0.000006 0.000000 0.067907 0.007520 1.728682
0.924543 0.000014 0.000010 0.000006 0.000000 0.067906 0.007520 1.728683
0.924544 0.000014 0.000010 0.000006 0.000000 0.067906 0.007520 1.728684
0.924543 0.000015 0.000010 0.000008 0.000000 0.067905 0.007520 1.728685
0.924543 0.000013 0.000011 0.000008 0.000000 0.067905 0.007520 1.728689
0.924545 0.000012 0.000012 0.000008 0.000000 0.067904 0.007520 1.728689
0.924547 0.000013 0.000012 0.000007 0.000000 0.067901 0.007520 1.728690
0.924547 0.000013 0.000013 0.000006 0.000000 0.067901 0.007520 1.728691
0.924548 0.000013 0.000013 0.000007 0.000000 0.067899 0.007520 1.728693
0.924551 0.000010 0.000013 0.000008 0.000000 0.067898 0.007520 1.728695
0.924552 0.000010 0.000011 0.000008 0.000000 0.067898 0.007520 1.728695
0.924552 0.000011 0.000010 0.000007 0.000000 0.067900 0.007520 1.728696
0.924552 0.000013 0.000010 0.000006 0.000000 0.067899 0.007520 1.728696
0.924553 0.000013 0.000008 0.000006 0.000000 0.067900 0.007520 1.728696
0.924553 0.000013 0.000007 0.000006 0.000000 0.067900 0.007520 1.728697
0.924554 0.000012 0.000008 0.000008 0.000000 0.067900 0.007520 1.728699
0.924557 0.000010 0.000008 0.000007 0.000000 0.067898 0.007520 1.728700
0.924558 0.000009 0.000008 0.000007 0.000000 0.067898 0.007520 1.728701
0.924560 0.000010 0.000007 0.000006 0.000000 0.067896 0.007520 1.728701
0.924562 0.000009 0.000008 0.000005 0.000000 0.067895 0.007520 1.728702
0.924563 0.000009 0.000008 0.000005 0.000000 0.067895 0.007520 1.728703
0.924564 0.000009 0.000008 0.000005 0.000000 0.067894 0.007520 1.728704
0.924564 0.000009 0.000008 0.000005 0.000000 0.067894 0.007520 1.728705
0.924565 0.000009 0.000008 0.000005 0.000000 0.067893 0.007520 1.728706
0.924567 0.000009 0.000007 0.000005 0.000000 0.067892 0.007520 1.728706
0.924568 0.000009 0.000008 0.000005 0.000000 0.067890 0.007520 1.728708
0.924569 0.000008 0.000008 0.000005 0.000000 0.067889 0.007520 1.728709
0.924569 0.000008 0.000008 0.000005 0.000000 0.067889 0.007520 1.728710
0.924571 0.000005 0.000010 0.000005 0.000000 0.067888 0.007520 1.728712
0.924571 0.000006 0.000010 0.000004 0.000000 0.067889 0.007520 1.728712
0.924571 0.000006 0.000010 0.000004 0.000000 0.067888 0.007520 1.728713
0.924571 0.000006 0.000010 0.000005 0.000000 0.067887 0.007520 1.728714
0.924571 0.000005 0.000010 0.000005 0.000000 0.067889 0.007520 1.728716
0.924570 0.000006 0.000009 0.000005 0.000000 0.067891 0.007520 1.728716
0.924571 0.000005 0.000009 0.000005 0.000000 0.067890 0.007520 1.728717
0.924572 0.000006 0.000008 0.000004 0.000000 0.067889 0.007520 1.728717
0.924573 0.000006 0.000008 0.000004 0.000000 0.067888 0.007520 1.728717
0.924574 0.000005 0.000008 0.000004 0.000000 0.067888 0.007520 1.728719
0.924575 0.000005 0.000008 0.000005 0.000000 0.067887 0.007521 1.728719
0.924576 0.000004 0.000009 0.000005 0.000000 0.067886 0.007521 1.728720
0.924576 0.000003 0.000009 0.000004 0.000000 0.067887 0.007521 1.728721
0.924577 0.000003 0.000008 0.000004 0.000000 0.067888 0.007521 1.728721
0.924578 0.000003 0.000008 0.000003 0.000000 0.067888 0.007521 1.728721
0.924579 0.000002 0.000009 0.000003 0.000000 0.067887 0.007521 1.728723
0.924580 0.000001 0.000008 0.000002 0.000000 0.067887 0.007521 1.728723
0.924580 0.000003 0.000008 0.000002 0.000000 0.067887 0.007521 1.728723
0.924580 0.000003 0.000008 0.000002 0.000000 0.067886 0.007521 1.728723
0.924580 0.000003 0.000009 0.000002 0.000000 0.067886 0.007521 1.728724
0.924581 0.000003 0.000008 0.000002 0.000000 0.067886 0.007521 1.728724
0.924580 0.000005 0.000008 0.000002 0.000000 0.067885 0.007521 1.728724
0.924581 0.000005 0.000007 0.000001 0.000000 0.067885 0.007521 1.728724
0.924581 0.000004 0.000008 0.000001 0.000000 0.067885 0.007521 1.728725
0.924582 0.000004 0.000008 0.000001 0.000000 0.067883 0.007521 1.728725
0.924583 0.000003 0.000008 0.000001 0.000000 0.067883 0.007521 1.728725
0.924584 0.000003 0.000009 0.000001 0.000000 0.067882 0.007521 1.728726
0.924585 0.000003 0.000009 0.000001 0.000000 0.067881 0.007521 1.728726
0.924585 0.000003 0.000009 0.000001 0.000000 0.067881 0.007521 1.728726
0.924586 0.000003 0.000009 0.000001 0.000000 0.067880 0.007521 1.728726
0.924586 0.000003 0.000008 0.000001 0.000000 0.067880 0.007521 1.728726
0.924587 0.000004 0.000008 0.000001 0.000000 0.067879 0.007521 1.728726
0.924587 0.000005 0.000008 0.000001 0.000000 0.067879 0.007521 1.728726
0.924588 0.000005 0.000008 0.000001 0.000000 0.067877 0.007521 1.728726
0.924590 0.000005 0.000006 0.000001 0.000000 0.067877 0.007521 1.728726
0.924590 0.000006 0.000006 0.000001 0.000000 0.067875 0.007521 1.728726
0.924590 0.000005 0.000007 0.000001 0.000000 0.067875 0.007521 1.728727
0.924590 0.000006 0.000006 0.000001 0.000000 0.067875 0.007521 1.728727
0.924591 0.000006 0.000006 0.000003 0.000000 0.067874 0.007521 1.728728
