0.347028 0.062066 0.055776 0.031971 0.002079 0.495116 0.005965 1.622905
0.349098 0.060169 0.055620 0.031865 0.002088 0.495168 0.005992 1.628911
0.351760 0.057908 0.055433 0.031606 0.002086 0.495196 0.006012 1.634699
0.354826 0.055520 0.055138 0.031269 0.002079 0.495126 0.006043 1.640185
0.358171 0.053012 0.054633 0.030889 0.002078 0.495146 0.006071 1.645510
0.361750 0.050578 0.054063 0.030524 0.002059 0.494926 0.006102 1.650578
0.365334 0.048204 0.053368 0.030079 0.002047 0.494839 0.006130 1.655431
0.369181 0.045840 0.052625 0.029541 0.002038 0.494615 0.006160 1.660091
0.373057 0.043671 0.051850 0.028996 0.002045 0.494194 0.006188 1.664498
0.377140 0.041514 0.050893 0.028461 0.002033 0.493746 0.006213 1.668727
0.381328 0.039542 0.049875 0.027780 0.002032 0.493202 0.006242 1.672716
0.385485 0.037700 0.048794 0.027207 0.002024 0.492522 0.006269 1.676479
0.389699 0.035896 0.047718 0.026562 0.002029 0.491805 0.006292 1.680166
0.393987 0.034176 0.046553 0.025922 0.002017 0.491023 0.006322 1.683621
0.398404 0.032623 0.045349 0.025280 0.002002 0.489998 0.006344 1.686864
0.402837 0.031094 0.044214 0.024683 0.001994 0.488803 0.006375 1.690057
0.407315 0.029796 0.042985 0.024005 0.001969 0.487532 0.006399 1.692946
0.411823 0.028466 0.041833 0.023305 0.001968 0.486187 0.006419 1.695771
0.416367 0.027312 0.040594 0.022612 0.001950 0.484721 0.006445 1.698396
0.420988 0.026052 0.039477 0.021982 0.001948 0.483090 0.006462 1.701044
0.425548 0.024990 0.038301 0.021326 0.001929 0.481418 0.006488 1.703528
0.430174 0.023930 0.037202 0.020629 0.001922 0.479633 0.006511 1.705913
0.434918 0.022944 0.036079 0.019958 0.001895 0.477670 0.006538 1.708190
0.439507 0.021992 0.034984 0.019341 0.001885 0.475733 0.006560 1.710406
0.444158 0.021111 0.033832 0.018753 0.001870 0.473694 0.006582 1.712541
0.448895 0.020270 0.032703 0.018229 0.001839 0.471454 0.006609 1.714557
0.453713 0.019466 0.031707 0.017556 0.001808 0.469118 0.006631 1.716536
0.458390 0.018755 0.030709 0.016985 0.001792 0.466715 0.006654 1.718413
0.463105 0.018061 0.029711 0.016440 0.001770 0.464240 0.006672 1.720186
0.467854 0.017425 0.028702 0.015901 0.001750 0.461670 0.006698 1.721921
0.472513 0.016776 0.027790 0.015381 0.001724 0.459091 0.006724 1.723603
0.477362 0.016196 0.026973 0.014860 0.001691 0.456168 0.006750 1.725201
0.482033 0.015586 0.026067 0.014394 0.001658 0.453488 0.006776 1.726777
0.486694 0.015036 0.025223 0.013873 0.001628 0.450748 0.006798 1.728277
0.491340 0.014545 0.024391 0.013456 0.001613 0.447842 0.006813 1.729731
0.496016 0.014136 0.023554 0.012943 0.001579 0.444935 0.006836 1.731058
0.500705 0.013666 0.022778 0.012479 0.001556 0.441961 0.006855 1.732412
0.505361 0.013205 0.022025 0.012058 0.001524 0.438945 0.006883 1.733740
0.509962 0.012818 0.021230 0.011622 0.001496 0.435977 0.006895 1.734955
0.514588 0.012446 0.020562 0.011235 0.001474 0.432782 0.006913 1.736172
0.519238 0.012111 0.019832 0.010890 0.001436 0.429561 0.006932 1.737357
0.523836 0.011804 0.019215 0.010529 0.001413 0.426254 0.006951 1.738508
0.528375 0.011503 0.018548 0.010192 0.001388 0.423026 0.006968 1.739614
0.532883 0.011217 0.017926 0.009842 0.001361 0.419784 0.006987 1.740687
0.537296 0.010887 0.017399 0.009535 0.001345 0.416536 0.007002 1.741776
0.541738 0.010622 0.016842 0.009215 0.001310 0.413250 0.007022 1.742811
0.546047 0.010366 0.016371 0.008902 0.001288 0.409990 0.007036 1.743856
0.550516 0.010114 0.015860 0.008618 0.001258 0.406580 0.007055 1.744841
0.554903 0.009883 0.015383 0.008355 0.001243 0.403168 0.007066 1.745810
0.559201 0.009659 0.014915 0.008051 0.001215 0.399879 0.007081 1.746771
0.563445 0.009383 0.014511 0.007839 0.001191 0.396536 0.007096 1.747736
0.567616 0.009152 0.014097 0.007601 0.001168 0.393258 0.007108 1.748660
0.571798 0.008956 0.013646 0.007364 0.001139 0.389973 0.007125 1.749553
0.575934 0.008796 0.013234 0.007151 0.001121 0.386627 0.007137 1.750421
0.580039 0.008637 0.012826 0.006946 0.001102 0.383304 0.007146 1.751250
0.584104 0.008485 0.012450 0.006719 0.001081 0.380000 0.007160 1.752084
0.588158 0.008335 0.012082 0.006519 0.001052 0.376677 0.007177 1.752877
0.592177 0.008173 0.011760 0.006359 0.001027 0.373318 0.007186 1.753689
0.596202 0.008022 0.011405 0.006168 0.001001 0.370000 0.007201 1.754465
0.600230 0.007904 0.011048 0.005986 0.000974 0.366641 0.007216 1.755205
0.604187 0.007773 0.010804 0.005843 0.000949 0.363214 0.007230 1.755970
0.608040 0.007666 0.010533 0.005674 0.000931 0.359911 0.007243 1.756708
0.611973 0.007495 0.010273 0.005556 0.000907 0.356542 0.007255 1.757478
0.615796 0.007371 0.010013 0.005433 0.000883 0.353233 0.007271 1.758220
0.619637 0.007230 0.009747 0.005320 0.000864 0.349922 0.007281 1.758916
0.623446 0.007123 0.009483 0.005196 0.000846 0.346609 0.007297 1.759588
0.627174 0.007006 0.009270 0.005087 0.000834 0.343322 0.007308 1.760292
0.630856 0.006909 0.009044 0.004964 0.000815 0.340093 0.007320 1.760952
0.634435 0.006836 0.008874 0.004869 0.000798 0.336855 0.007333 1.761615
0.638039 0.006723 0.008672 0.004740 0.000781 0.333702 0.007344 1.762275
0.641587 0.006649 0.008501 0.004633 0.000770 0.330504 0.007357 1.762931
0.645178 0.006540 0.008330 0.004511 0.000754 0.327323 0.007365 1.763556
0.648693 0.006420 0.008126 0.004406 0.000723 0.324250 0.007381 1.764194
0.652185 0.006343 0.007953 0.004301 0.000701 0.321125 0.007392 1.764827
0.655601 0.006273 0.007785 0.004207 0.000690 0.318042 0.007401 1.765440
0.659024 0.006164 0.007641 0.004134 0.000681 0.314948 0.007407 1.766053
0.662349 0.006098 0.007506 0.004049 0.000669 0.311912 0.007418 1.766662
0.665623 0.006027 0.007335 0.003979 0.000649 0.308964 0.007424 1.767267
0.668959 0.005967 0.007203 0.003893 0.000634 0.305911 0.007433 1.767849
0.672192 0.005898 0.007096 0.003801 0.000617 0.302953 0.007442 1.768442
0.675417 0.005825 0.006978 0.003728 0.000602 0.300000 0.007450 1.769020
0.678638 0.005750 0.006850 0.003659 0.000584 0.297058 0.007459 1.769586
0.681787 0.005716 0.006719 0.003596 0.000568 0.294146 0.007469 1.770156
0.684884 0.005693 0.006596 0.003526 0.000552 0.291272 0.007478 1.770717
0.688042 0.005621 0.006494 0.003466 0.000541 0.288350 0.007485 1.771280
0.691195 0.005583 0.006364 0.003366 0.000539 0.285462 0.007491 1.771804
0.694240 0.005522 0.006258 0.003336 0.000522 0.282622 0.007499 1.772352
0.697198 0.005518 0.006192 0.003256 0.000506 0.279824 0.007505 1.772884
0.700154 0.005510 0.006077 0.003212 0.000492 0.277041 0.007514 1.773403
0.703041 0.005519 0.006018 0.003165 0.000480 0.274257 0.007520 1.773916
0.705963 0.005501 0.005904 0.003125 0.000471 0.271510 0.007528 1.774440
0.708903 0.005459 0.005821 0.003082 0.000456 0.268739 0.007539 1.774973
0.711740 0.005408 0.005765 0.003042 0.000447 0.266054 0.007543 1.775522
0.714578 0.005348 0.005698 0.002989 0.000444 0.263396 0.007548 1.776057
0.717340 0.005269 0.005670 0.002987 0.000435 0.260746 0.007553 1.776622
0.720083 0.005237 0.005597 0.002938 0.000428 0.258162 0.007556 1.777141
0.722771 0.005194 0.005529 0.002905 0.000415 0.255621 0.007564 1.777673
0.725446 0.005186 0.005462 0.002859 0.000409 0.253067 0.007570 1.778163
0.728137 0.005161 0.005385 0.002832 0.000401 0.250508 0.007576 1.778688
0.730800 0.005126 0.005338 0.002798 0.000391 0.247965 0.007582 1.779202
0.733394 0.005098 0.005305 0.002781 0.000384 0.245452 0.007586 1.779719
0.735998 0.005047 0.005280 0.002783 0.000378 0.242920 0.007594 1.780247
0.738508 0.005034 0.005260 0.002750 0.000374 0.240478 0.007596 1.780760
0.740929 0.005028 0.005187 0.002737 0.000371 0.238149 0.007600 1.781260
0.743469 0.005032 0.005112 0.002720 0.000368 0.235695 0.007605 1.781730
0.745917 0.004979 0.005083 0.002705 0.000359 0.233347 0.007611 1.782243
0.748382 0.004970 0.005046 0.002676 0.000352 0.230956 0.007617 1.782736
0.750761 0.004967 0.005022 0.002662 0.000347 0.228620 0.007622 1.783234
0.753053 0.004971 0.004953 0.002668 0.000347 0.226381 0.007626 1.783724
0.755366 0.004933 0.004919 0.002667 0.000340 0.224145 0.007630 1.784223
0.757650 0.004926 0.004868 0.002656 0.000336 0.221932 0.007632 1.784720
0.759941 0.004935 0.004819 0.002634 0.000334 0.219704 0.007632 1.785185
0.762142 0.004948 0.004807 0.002603 0.000327 0.217536 0.007638 1.785673
0.764353 0.004985 0.004757 0.002595 0.000324 0.215344 0.007641 1.786135
0.766482 0.004990 0.004746 0.002592 0.000322 0.213223 0.007644 1.786633
0.768623 0.005031 0.004717 0.002589 0.000318 0.211074 0.007648 1.787104
0.770725 0.005032 0.004695 0.002582 0.000311 0.209003 0.007653 1.787608
0.772832 0.005051 0.004665 0.002561 0.000304 0.206929 0.007658 1.788086
0.774921 0.005064 0.004678 0.002514 0.000295 0.204866 0.007663 1.788569
0.776997 0.005088 0.004678 0.002525 0.000290 0.202754 0.007669 1.789074
0.779012 0.005132 0.004681 0.002525 0.000285 0.200691 0.007674 1.789567
0.781011 0.005138 0.004650 0.002535 0.000280 0.198707 0.007679 1.790064
0.783026 0.005135 0.004661 0.002543 0.000275 0.196678 0.007683 1.790580
0.784936 0.005182 0.004652 0.002516 0.000273 0.194757 0.007686 1.791069
0.786869 0.005201 0.004640 0.002500 0.000266 0.192833 0.007690 1.791595
0.788695 0.005243 0.004660 0.002523 0.000264 0.190923 0.007693 1.792108
0.790594 0.005203 0.004666 0.002530 0.000262 0.189048 0.007696 1.792648
0.792372 0.005262 0.004663 0.002533 0.000256 0.187211 0.007702 1.793143
0.794178 0.005259 0.004680 0.002531 0.000247 0.185397 0.007708 1.793663
0.795937 0.005263 0.004678 0.002530 0.000243 0.183637 0.007713 1.794172
0.797741 0.005258 0.004700 0.002535 0.000239 0.181811 0.007717 1.794699
0.799486 0.005225 0.004721 0.002540 0.000239 0.180071 0.007718 1.795240
0.801174 0.005231 0.004737 0.002532 0.000237 0.178368 0.007721 1.795793
0.802879 0.005255 0.004732 0.002528 0.000235 0.176645 0.007725 1.796301
0.804515 0.005282 0.004704 0.002516 0.000233 0.175020 0.007729 1.796797
0.806090 0.005334 0.004702 0.002514 0.000236 0.173396 0.007729 1.797302
0.807729 0.005319 0.004732 0.002548 0.000232 0.171708 0.007732 1.797863
0.809307 0.005317 0.004751 0.002543 0.000227 0.170123 0.007733 1.798406
0.810845 0.005393 0.004718 0.002531 0.000220 0.168554 0.007740 1.798887
0.812356 0.005431 0.004725 0.002530 0.000221 0.166994 0.007744 1.799399
0.813887 0.005443 0.004731 0.002540 0.000224 0.165426 0.007748 1.799945
0.815325 0.005476 0.004725 0.002551 0.000227 0.163946 0.007750 1.800477
0.816781 0.005556 0.004722 0.002536 0.000225 0.162426 0.007755 1.800984
0.818224 0.005578 0.004763 0.002541 0.000225 0.160912 0.007758 1.801556
0.819605 0.005637 0.004786 0.002565 0.000217 0.159427 0.007763 1.802117
0.820975 0.005711 0.004801 0.002555 0.000215 0.157977 0.007767 1.802661
0.822309 0.005763 0.004804 0.002579 0.000210 0.156563 0.007773 1.803211
0.823579 0.005833 0.004832 0.002583 0.000208 0.155188 0.007776 1.803776
0.824859 0.005874 0.004858 0.002608 0.000206 0.153817 0.007777 1.804354
0.826140 0.005922 0.004908 0.002618 0.000204 0.152429 0.007779 1.804929
0.827413 0.005946 0.004935 0.002635 0.000201 0.151088 0.007782 1.805513
0.828658 0.006012 0.004968 0.002660 0.000203 0.149713 0.007786 1.806097
0.829878 0.006077 0.004995 0.002688 0.000199 0.148375 0.007789 1.806699
0.831159 0.006054 0.005028 0.002705 0.000201 0.147061 0.007792 1.807303
0.832358 0.006093 0.005091 0.002729 0.000200 0.145732 0.007796 1.807905
0.833497 0.006135 0.005115 0.002745 0.000196 0.144513 0.007799 1.808502
0.834608 0.006232 0.005157 0.002748 0.000202 0.143252 0.007800 1.809097
0.835780 0.006259 0.005173 0.002764 0.000205 0.142018 0.007803 1.809718
0.836880 0.006308 0.005190 0.002790 0.000206 0.140820 0.007806 1.810337
0.837960 0.006404 0.005200 0.002807 0.000204 0.139614 0.007811 1.810944
0.838938 0.006480 0.005247 0.002826 0.000203 0.138491 0.007814 1.811577
0.840009 0.006499 0.005302 0.002857 0.000201 0.137314 0.007818 1.812223
0.841001 0.006532 0.005331 0.002878 0.000204 0.136234 0.007821 1.812882
0.841971 0.006636 0.005356 0.002875 0.000204 0.135136 0.007822 1.813496
0.842907 0.006715 0.005393 0.002899 0.000198 0.134061 0.007827 1.814141
0.843824 0.006811 0.005439 0.002929 0.000203 0.132965 0.007829 1.814811
0.844746 0.006881 0.005498 0.002975 0.000195 0.131869 0.007835 1.815495
0.845555 0.006968 0.005568 0.002998 0.000192 0.130882 0.007838 1.816159
0.846316 0.007036 0.005626 0.003032 0.000193 0.129955 0.007841 1.816848
0.847211 0.007104 0.005675 0.003069 0.000192 0.128906 0.007843 1.817551
0.848038 0.007177 0.005713 0.003090 0.000189 0.127949 0.007845 1.818237
0.848812 0.007257 0.005751 0.003095 0.000195 0.127043 0.007846 1.818942
0.849524 0.007357 0.005829 0.003117 0.000199 0.126128 0.007847 1.819678
0.850267 0.007417 0.005914 0.003160 0.000204 0.125188 0.007850 1.820431
0.850962 0.007578 0.005969 0.003189 0.000200 0.124249 0.007854 1.821137
0.851715 0.007644 0.006012 0.003223 0.000199 0.123349 0.007858 1.821866
0.852407 0.007732 0.006070 0.003251 0.000199 0.122481 0.007861 1.822607
0.853052 0.007829 0.006113 0.003300 0.000201 0.121640 0.007865 1.823385
0.853675 0.007924 0.006148 0.003321 0.000199 0.120864 0.007869 1.824158
0.854290 0.008043 0.006223 0.003347 0.000197 0.120029 0.007873 1.824913
0.854864 0.008136 0.006272 0.003388 0.000195 0.119272 0.007874 1.825697
0.855416 0.008307 0.006259 0.003432 0.000196 0.118513 0.007877 1.826438
0.856034 0.008383 0.006345 0.003439 0.000196 0.117723 0.007880 1.827234
0.856625 0.008483 0.006448 0.003482 0.000199 0.116880 0.007883 1.828068
0.857157 0.008603 0.006525 0.003512 0.000203 0.116116 0.007886 1.828895
0.857687 0.008660 0.006595 0.003579 0.000203 0.115388 0.007888 1.829742
0.858193 0.008697 0.006685 0.003656 0.000205 0.114675 0.007890 1.830621
0.858717 0.008789 0.006774 0.003671 0.000209 0.113948 0.007892 1.831470
0.859225 0.008827 0.006833 0.003718 0.000211 0.113292 0.007894 1.832344
0.859673 0.008949 0.006915 0.003750 0.000211 0.112604 0.007899 1.833204
0.860117 0.009014 0.007038 0.003799 0.000211 0.111919 0.007902 1.834108
0.860492 0.009147 0.007098 0.003848 0.000213 0.111296 0.007906 1.835002
0.860894 0.009260 0.007157 0.003884 0.000219 0.110678 0.007909 1.835888
0.861288 0.009352 0.007208 0.003899 0.000224 0.110115 0.007912 1.836766
0.861650 0.009415 0.007310 0.003955 0.000220 0.109533 0.007918 1.837718
0.862019 0.009515 0.007398 0.003969 0.000217 0.108959 0.007922 1.838637
0.862346 0.009569 0.007480 0.004027 0.000221 0.108432 0.007926 1.839601
0.862730 0.009602 0.007547 0.004071 0.000218 0.107904 0.007929 1.840566
0.862991 0.009693 0.007634 0.004082 0.000220 0.107450 0.007931 1.841525
0.863331 0.009745 0.007733 0.004119 0.000220 0.106917 0.007935 1.842507
0.863540 0.009895 0.007801 0.004158 0.000222 0.106445 0.007938 1.843455
0.863779 0.009977 0.007870 0.004203 0.000228 0.106001 0.007942 1.844448
0.864050 0.010096 0.007946 0.004209 0.000232 0.105524 0.007944 1.845417
0.864242 0.010198 0.008002 0.004241 0.000232 0.105137 0.007948 1.846414
0.864485 0.010265 0.008071 0.004274 0.000232 0.104722 0.007952 1.847405
0.864750 0.010326 0.008161 0.004330 0.000233 0.104246 0.007955 1.848440
0.864950 0.010398 0.008246 0.004371 0.000236 0.103842 0.007958 1.849464
0.865098 0.010484 0.008342 0.004440 0.000239 0.103440 0.007960 1.850510
0.865280 0.010545 0.008439 0.004487 0.000244 0.103043 0.007963 1.851569
0.865486 0.010591 0.008527 0.004520 0.000245 0.102666 0.007966 1.852615
0.865618 0.010680 0.008578 0.004551 0.000249 0.102357 0.007969 1.853651
0.865725 0.010771 0.008664 0.004606 0.000254 0.102008 0.007973 1.854719
0.865859 0.010870 0.008714 0.004651 0.000255 0.101680 0.007973 1.855792
0.865948 0.010940 0.008781 0.004704 0.000258 0.101392 0.007977 1.856869
0.866014 0.011054 0.008819 0.004731 0.000256 0.101146 0.007980 1.857955
0.866118 0.011151 0.008907 0.004753 0.000252 0.100833 0.007986 1.859052
0.866182 0.011239 0.008955 0.004779 0.000255 0.100600 0.007991 1.860136
0.866267 0.011355 0.009045 0.004773 0.000264 0.100301 0.007995 1.861221
0.866400 0.011390 0.009119 0.004859 0.000268 0.099966 0.007999 1.862339
0.866469 0.011506 0.009179 0.004880 0.000266 0.099695 0.008005 1.863444
0.866457 0.011615 0.009268 0.004907 0.000266 0.099480 0.008008 1.864584
0.866390 0.011704 0.009391 0.004956 0.000264 0.099285 0.008011 1.865799
0.866362 0.011833 0.009481 0.004988 0.000266 0.099055 0.008016 1.866949
0.866340 0.011922 0.009557 0.005028 0.000271 0.098864 0.008018 1.868114
0.866277 0.012083 0.009601 0.005100 0.000274 0.098642 0.008023 1.869266
0.866198 0.012175 0.009701 0.005150 0.000274 0.098479 0.008024 1.870487
0.866176 0.012251 0.009775 0.005186 0.000276 0.098308 0.008028 1.871677
0.866061 0.012355 0.009879 0.005233 0.000287 0.098156 0.008030 1.872900
0.866017 0.012367 0.009951 0.005306 0.000291 0.098034 0.008034 1.874148
0.866009 0.012458 0.010000 0.005375 0.000298 0.097824 0.008036 1.875353
0.865831 0.012597 0.010104 0.005396 0.000305 0.097726 0.008041 1.876581
0.865646 0.012742 0.010161 0.005469 0.000310 0.097628 0.008044 1.877808
0.865499 0.012852 0.010251 0.005510 0.000313 0.097528 0.008048 1.879072
0.865406 0.012929 0.010318 0.005529 0.000316 0.097451 0.008053 1.880287
0.865238 0.012999 0.010430 0.005599 0.000318 0.097359 0.008057 1.881569
0.865119 0.013033 0.010500 0.005678 0.000321 0.097287 0.008062 1.882860
0.864914 0.013124 0.010625 0.005717 0.000324 0.097231 0.008066 1.884161
0.864770 0.013261 0.010672 0.005740 0.000327 0.097160 0.008070 1.885402
0.864560 0.013338 0.010762 0.005764 0.000326 0.097178 0.008073 1.886744
0.864367 0.013400 0.010870 0.005813 0.000330 0.097141 0.008078 1.888082
0.864176 0.013522 0.010959 0.005802 0.000336 0.097125 0.008082 1.889373
0.863984 0.013678 0.010992 0.005861 0.000337 0.097062 0.008087 1.890674
0.863758 0.013803 0.011117 0.005863 0.000346 0.097023 0.008089 1.892023
0.863446 0.013992 0.011177 0.005880 0.000350 0.097063 0.008092 1.893338
0.863203 0.014094 0.011249 0.005956 0.000347 0.097054 0.008098 1.894707
0.862930 0.014175 0.011355 0.006006 0.000351 0.097082 0.008101 1.896110
0.862607 0.014360 0.011397 0.006058 0.000349 0.097123 0.008105 1.897451
0.862308 0.014457 0.011501 0.006091 0.000352 0.097180 0.008112 1.898860
0.862015 0.014487 0.011610 0.006132 0.000353 0.097286 0.008116 1.900287
0.861771 0.014573 0.011670 0.006187 0.000352 0.097325 0.008122 1.901694
0.861495 0.014667 0.011771 0.006266 0.000358 0.097317 0.008125 1.903114
0.861153 0.014758 0.011932 0.006290 0.000356 0.097383 0.008129 1.904556
0.860795 0.014860 0.012016 0.006383 0.000359 0.097453 0.008135 1.906037
0.860482 0.014958 0.012095 0.006406 0.000364 0.097557 0.008138 1.907462
0.860133 0.015069 0.012200 0.006469 0.000366 0.097622 0.008142 1.908935
0.859775 0.015122 0.012247 0.006534 0.000372 0.097806 0.008145 1.910413
0.859454 0.015195 0.012333 0.006589 0.000371 0.097910 0.008148 1.911889
0.859132 0.015224 0.012450 0.006661 0.000373 0.098007 0.008154 1.913424
0.858828 0.015234 0.012556 0.006769 0.000374 0.098081 0.008159 1.914972
0.858475 0.015292 0.012659 0.006830 0.000375 0.098206 0.008164 1.916477
0.858065 0.015404 0.012752 0.006853 0.000374 0.098381 0.008172 1.917973
0.857781 0.015436 0.012821 0.006879 0.000382 0.098525 0.008176 1.919465
0.857410 0.015546 0.012847 0.006929 0.000388 0.098698 0.008181 1.920980
0.857029 0.015599 0.012956 0.006903 0.000398 0.098930 0.008184 1.922516
0.856658 0.015697 0.013010 0.006904 0.000401 0.099142 0.008188 1.924016
0.856392 0.015703 0.013044 0.006987 0.000404 0.099277 0.008193 1.925552
0.856011 0.015798 0.013121 0.007004 0.000410 0.099461 0.008196 1.927068
0.855711 0.015818 0.013146 0.007061 0.000413 0.099651 0.008201 1.928611
0.855411 0.015832 0.013207 0.007128 0.000413 0.099803 0.008205 1.930161
0.855002 0.015920 0.013228 0.007146 0.000415 0.100078 0.008211 1.931712
0.854575 0.016004 0.013284 0.007162 0.000419 0.100340 0.008217 1.933264
0.854200 0.016038 0.013380 0.007222 0.000422 0.100517 0.008221 1.934861
0.853850 0.016123 0.013420 0.007213 0.000428 0.100739 0.008228 1.936403
0.853472 0.016222 0.013515 0.007215 0.000426 0.100917 0.008234 1.937938
0.853083 0.016263 0.013554 0.007237 0.000426 0.101195 0.008242 1.939528
0.852725 0.016358 0.013548 0.007242 0.000428 0.101454 0.008244 1.941089
0.852349 0.016456 0.013592 0.007234 0.000432 0.101687 0.008251 1.942616
0.851970 0.016465 0.013688 0.007255 0.000432 0.101932 0.008258 1.944247
0.851665 0.016478 0.013718 0.007279 0.000434 0.102163 0.008265 1.945834
0.851282 0.016514 0.013819 0.007312 0.000438 0.102365 0.008271 1.947450
0.850869 0.016525 0.013977 0.007320 0.000447 0.102585 0.008278 1.949128
0.850458 0.016603 0.013997 0.007316 0.000455 0.102891 0.008281 1.950716
0.850165 0.016509 0.014117 0.007399 0.000452 0.103071 0.008287 1.952420
0.849747 0.016595 0.014176 0.007426 0.000456 0.103305 0.008293 1.954025
0.849358 0.016641 0.014248 0.007458 0.000451 0.103545 0.008300 1.955644
0.848952 0.016702 0.014321 0.007468 0.000459 0.103792 0.008306 1.957267
0.848627 0.016657 0.014369 0.007489 0.000458 0.104089 0.008311 1.958913
0.848265 0.016673 0.014401 0.007514 0.000457 0.104372 0.008318 1.960548
0.847924 0.016655 0.014421 0.007572 0.000460 0.104646 0.008323 1.962210
0.847557 0.016668 0.014483 0.007617 0.000460 0.104889 0.008327 1.963854
0.847202 0.016692 0.014543 0.007665 0.000461 0.105104 0.008333 1.965489
0.846822 0.016749 0.014611 0.007685 0.000465 0.105332 0.008338 1.967164
0.846519 0.016821 0.014610 0.007710 0.000468 0.105530 0.008342 1.968777
0.846149 0.016774 0.014707 0.007747 0.000475 0.105799 0.008349 1.970482
0.845817 0.016778 0.014750 0.007767 0.000478 0.106056 0.008355 1.972147
0.845496 0.016809 0.014743 0.007766 0.000475 0.106349 0.008362 1.973764
0.845149 0.016836 0.014800 0.007780 0.000469 0.106595 0.008371 1.975414
0.844860 0.016803 0.014850 0.007775 0.000474 0.106862 0.008377 1.977069
0.844522 0.016847 0.014863 0.007765 0.000484 0.107137 0.008383 1.978689
0.844234 0.016822 0.014852 0.007781 0.000487 0.107434 0.008390 1.980330
0.843961 0.016841 0.014833 0.007817 0.000485 0.107667 0.008397 1.981945
0.843712 0.016756 0.014883 0.007829 0.000496 0.107922 0.008402 1.983664
0.843374 0.016794 0.014931 0.007801 0.000492 0.108200 0.008408 1.985310
0.843110 0.016733 0.015004 0.007775 0.000496 0.108471 0.008413 1.986957
0.842778 0.016723 0.014999 0.007817 0.000495 0.108767 0.008422 1.988635
0.842513 0.016724 0.014956 0.007828 0.000493 0.109060 0.008428 1.990285
0.842198 0.016733 0.014946 0.007853 0.000491 0.109345 0.008435 1.991931
0.841954 0.016707 0.014942 0.007854 0.000487 0.109616 0.008441 1.993569
0.841675 0.016798 0.014855 0.007867 0.000486 0.109873 0.008445 1.995144
0.841452 0.016805 0.014880 0.007869 0.000480 0.110060 0.008454 1.996782
0.841279 0.016687 0.014925 0.007924 0.000483 0.110239 0.008462 1.998473
0.841005 0.016697 0.014919 0.007939 0.000488 0.110487 0.008465 2.000088
0.840802 0.016690 0.014921 0.007955 0.000492 0.110672 0.008469 2.001740
0.840584 0.016704 0.014869 0.007970 0.000494 0.110905 0.008474 2.003316
0.840302 0.016731 0.014862 0.007977 0.000503 0.111148 0.008477 2.004942
0.840113 0.016720 0.014805 0.007960 0.000504 0.111415 0.008483 2.006529
0.839925 0.016624 0.014827 0.007994 0.000504 0.111637 0.008490 2.008193
0.839651 0.016629 0.014830 0.007963 0.000501 0.111929 0.008497 2.009837
0.839454 0.016632 0.014863 0.007949 0.000500 0.112096 0.008506 2.011460
0.839177 0.016685 0.014897 0.007919 0.000503 0.112307 0.008511 2.013047
0.838962 0.016679 0.014918 0.007899 0.000502 0.112523 0.008517 2.014686
0.838798 0.016642 0.014967 0.007882 0.000499 0.112691 0.008522 2.016313
0.838614 0.016586 0.014946 0.007893 0.000505 0.112930 0.008528 2.017950
0.838443 0.016576 0.014918 0.007900 0.000501 0.113127 0.008536 2.019542
0.838233 0.016565 0.014860 0.007924 0.000502 0.113372 0.008543 2.021177
0.838099 0.016544 0.014843 0.007914 0.000510 0.113544 0.008546 2.022781
0.837932 0.016519 0.014837 0.007917 0.000509 0.113735 0.008552 2.024393
0.837802 0.016497 0.014812 0.007894 0.000508 0.113930 0.008557 2.025986
0.837668 0.016438 0.014797 0.007896 0.000510 0.114131 0.008561 2.027616
0.837515 0.016414 0.014770 0.007897 0.000507 0.114331 0.008567 2.029235
0.837371 0.016418 0.014743 0.007882 0.000513 0.114497 0.008576 2.030819
0.837264 0.016345 0.014794 0.007865 0.000511 0.114639 0.008582 2.032452
0.837132 0.016349 0.014787 0.007851 0.000510 0.114779 0.008592 2.034021
0.837026 0.016324 0.014771 0.007821 0.000496 0.114962 0.008600 2.035597
0.836855 0.016322 0.014770 0.007808 0.000508 0.115132 0.008606 2.037192
0.836722 0.016346 0.014753 0.007794 0.000509 0.115265 0.008611 2.038734
0.836574 0.016288 0.014792 0.007793 0.000511 0.115427 0.008617 2.040364
0.836423 0.016296 0.014713 0.007795 0.000509 0.115643 0.008620 2.041929
0.836372 0.016227 0.014711 0.007757 0.000512 0.115797 0.008624 2.043495
0.836251 0.016186 0.014740 0.007698 0.000516 0.115977 0.008632 2.045082
0.836146 0.016148 0.014716 0.007693 0.000522 0.116137 0.008637 2.046679
0.836054 0.016143 0.014690 0.007734 0.000518 0.116218 0.008644 2.048266
0.836019 0.016100 0.014661 0.007718 0.000519 0.116333 0.008650 2.049844
0.835974 0.016101 0.014610 0.007736 0.000517 0.116404 0.008657 2.051389
0.835907 0.016058 0.014626 0.007745 0.000516 0.116484 0.008664 2.052967
0.835837 0.015965 0.014680 0.007740 0.000514 0.116593 0.008670 2.054575
0.835771 0.015922 0.014704 0.007750 0.000520 0.116655 0.008679 2.056191
0.835643 0.015908 0.014677 0.007736 0.000514 0.116837 0.008685 2.057756
0.835550 0.015920 0.014703 0.007680 0.000525 0.116935 0.008687 2.059294
0.835470 0.015915 0.014659 0.007663 0.000529 0.117071 0.008694 2.060825
0.835347 0.015945 0.014630 0.007673 0.000530 0.117176 0.008699 2.062370
0.835198 0.015988 0.014588 0.007686 0.000522 0.117315 0.008703 2.063929
0.835104 0.015988 0.014553 0.007649 0.000521 0.117475 0.008711 2.065483
0.835035 0.015946 0.014558 0.007658 0.000529 0.117556 0.008717 2.067070
0.835000 0.015860 0.014539 0.007654 0.000531 0.117695 0.008722 2.068652
0.834934 0.015845 0.014534 0.007630 0.000532 0.117798 0.008728 2.070194
0.834826 0.015834 0.014528 0.007582 0.000536 0.117960 0.008735 2.071750
0.834832 0.015779 0.014481 0.007564 0.000533 0.118068 0.008742 2.073304
0.834751 0.015784 0.014440 0.007585 0.000531 0.118159 0.008750 2.074847
0.834697 0.015781 0.014456 0.007554 0.000535 0.118222 0.008754 2.076373
0.834734 0.015687 0.014426 0.007542 0.000537 0.118314 0.008759 2.077933
0.834747 0.015654 0.014412 0.007553 0.000530 0.118334 0.008769 2.079463
0.834766 0.015564 0.014369 0.007575 0.000531 0.118422 0.008774 2.081018
0.834715 0.015540 0.014353 0.007579 0.000530 0.118502 0.008780 2.082582
0.834718 0.015488 0.014339 0.007580 0.000526 0.118560 0.008789 2.084111
0.834728 0.015483 0.014268 0.007542 0.000524 0.118656 0.008798 2.085582
0.834696 0.015496 0.014232 0.007576 0.000518 0.118675 0.008806 2.087112
0.834724 0.015430 0.014276 0.007571 0.000517 0.118670 0.008812 2.088656
0.834674 0.015448 0.014226 0.007519 0.000523 0.118793 0.008817 2.090156
0.834682 0.015329 0.014206 0.007509 0.000521 0.118927 0.008826 2.091731
0.834666 0.015278 0.014206 0.007500 0.000518 0.118996 0.008836 2.093259
0.834679 0.015231 0.014225 0.007475 0.000519 0.119028 0.008842 2.094792
0.834712 0.015181 0.014240 0.007493 0.000514 0.119013 0.008847 2.096319
0.834718 0.015136 0.014155 0.007455 0.000506 0.119173 0.008857 2.097793
0.834782 0.015092 0.014087 0.007429 0.000501 0.119244 0.008864 2.099249
0.834809 0.015106 0.014000 0.007430 0.000497 0.119286 0.008871 2.100700
0.834843 0.015088 0.013971 0.007383 0.000492 0.119343 0.008881 2.102152
0.834901 0.015057 0.013968 0.007347 0.000490 0.119350 0.008887 2.103626
0.834978 0.015019 0.013988 0.007382 0.000489 0.119254 0.008891 2.105129
0.835029 0.014959 0.013935 0.007371 0.000482 0.119324 0.008899 2.106604
0.835109 0.014889 0.013909 0.007349 0.000478 0.119361 0.008907 2.108090
0.835165 0.014870 0.013856 0.007323 0.000480 0.119396 0.008911 2.109540
0.835262 0.014825 0.013814 0.007282 0.000481 0.119419 0.008917 2.110977
0.835380 0.014756 0.013838 0.007257 0.000479 0.119367 0.008923 2.112463
0.835451 0.014778 0.013765 0.007207 0.000475 0.119395 0.008929 2.113850
0.835525 0.014775 0.013727 0.007197 0.000482 0.119360 0.008935 2.115292
0.835610 0.014752 0.013692 0.007170 0.000481 0.119353 0.008942 2.116710
0.835574 0.014800 0.013698 0.007177 0.000475 0.119326 0.008951 2.118139
0.835673 0.014740 0.013663 0.007162 0.000472 0.119332 0.008958 2.119609
0.835734 0.014707 0.013635 0.007196 0.000474 0.119290 0.008964 2.121071
0.835835 0.014655 0.013595 0.007145 0.000478 0.119321 0.008970 2.122524
0.835925 0.014639 0.013632 0.007121 0.000477 0.119230 0.008976 2.123962
0.836056 0.014553 0.013625 0.007116 0.000482 0.119185 0.008982 2.125426
0.836224 0.014447 0.013625 0.007069 0.000480 0.119167 0.008988 2.126883
0.836322 0.014474 0.013549 0.007035 0.000477 0.119147 0.008995 2.128265
0.836423 0.014473 0.013466 0.007065 0.000469 0.119100 0.009004 2.129662
0.836571 0.014465 0.013423 0.006998 0.000470 0.119064 0.009008 2.131031
0.836625 0.014461 0.013395 0.006982 0.000472 0.119052 0.009014 2.132448
0.836787 0.014415 0.013371 0.006952 0.000481 0.118975 0.009020 2.133813
0.836907 0.014436 0.013302 0.006956 0.000475 0.118898 0.009025 2.135181
0.837015 0.014369 0.013277 0.006944 0.000473 0.118890 0.009031 2.136633
0.837119 0.014344 0.013264 0.006916 0.000473 0.118849 0.009034 2.138033
0.837248 0.014317 0.013210 0.006896 0.000467 0.118821 0.009041 2.139430
0.837341 0.014326 0.013212 0.006875 0.000467 0.118731 0.009049 2.140837
0.837512 0.014252 0.013209 0.006900 0.000471 0.118602 0.009055 2.142268
0.837602 0.014212 0.013193 0.006895 0.000467 0.118573 0.009059 2.143657
0.837715 0.014209 0.013202 0.006889 0.000465 0.118453 0.009066 2.145048
0.837856 0.014204 0.013200 0.006833 0.000465 0.118369 0.009074 2.146405
0.838010 0.014172 0.013134 0.006810 0.000465 0.118327 0.009082 2.147771
0.838122 0.014139 0.013115 0.006818 0.000465 0.118255 0.009087 2.149171
0.838173 0.014177 0.013131 0.006790 0.000461 0.118176 0.009093 2.150540
0.838285 0.014137 0.013117 0.006800 0.000460 0.118104 0.009097 2.151947
0.838403 0.014109 0.013125 0.006804 0.000458 0.117998 0.009102 2.153336
0.838531 0.014106 0.013056 0.006794 0.000455 0.117947 0.009110 2.154694
0.838716 0.014070 0.013022 0.006785 0.000455 0.117836 0.009115 2.156065
0.838858 0.014031 0.013033 0.006754 0.000469 0.117735 0.009120 2.157450
0.838936 0.014090 0.013022 0.006710 0.000464 0.117652 0.009127 2.158782
0.839101 0.014086 0.012984 0.006667 0.000468 0.117558 0.009134 2.160126
0.839214 0.014099 0.012960 0.006663 0.000465 0.117461 0.009137 2.161493
0.839348 0.014114 0.012886 0.006625 0.000463 0.117419 0.009145 2.162824
0.839410 0.014070 0.012876 0.006627 0.000461 0.117404 0.009152 2.164227
0.839518 0.014075 0.012885 0.006603 0.000456 0.117305 0.009158 2.165582
0.839628 0.014070 0.012847 0.006605 0.000450 0.117236 0.009165 2.166939
0.839776 0.013971 0.012825 0.006635 0.000452 0.117172 0.009169 2.168327
0.839896 0.013910 0.012818 0.006634 0.000455 0.117112 0.009175 2.169747
0.840015 0.013883 0.012807 0.006618 0.000455 0.117042 0.009181 2.171109
0.840178 0.013870 0.012772 0.006587 0.000458 0.116951 0.009184 2.172431
0.840354 0.013820 0.012761 0.006609 0.000462 0.116806 0.009189 2.173810
0.840499 0.013743 0.012758 0.006590 0.000457 0.116757 0.009196 2.175197
0.840675 0.013756 0.012715 0.006559 0.000467 0.116630 0.009198 2.176491
0.840823 0.013713 0.012728 0.006534 0.000474 0.116524 0.009203 2.177828
0.840984 0.013680 0.012715 0.006523 0.000470 0.116416 0.009211 2.179184
0.841132 0.013639 0.012734 0.006498 0.000461 0.116314 0.009222 2.180526
0.841269 0.013586 0.012754 0.006499 0.000461 0.116206 0.009226 2.181868
0.841398 0.013577 0.012740 0.006513 0.000456 0.116085 0.009232 2.183207
0.841626 0.013509 0.012696 0.006495 0.000455 0.115982 0.009238 2.184539
0.841754 0.013477 0.012706 0.006545 0.000454 0.115821 0.009243 2.185882
0.841870 0.013454 0.012698 0.006533 0.000446 0.115748 0.009252 2.187214
0.841952 0.013534 0.012637 0.006481 0.000447 0.115693 0.009256 2.188492
0.842049 0.013533 0.012604 0.006476 0.000436 0.115640 0.009263 2.189795
0.842127 0.013521 0.012582 0.006482 0.000443 0.115579 0.009267 2.191170
0.842226 0.013549 0.012529 0.006500 0.000441 0.115483 0.009272 2.192496
0.842346 0.013519 0.012519 0.006493 0.000442 0.115405 0.009277 2.193818
0.842457 0.013508 0.012458 0.006486 0.000437 0.115370 0.009284 2.195138
0.842571 0.013486 0.012388 0.006491 0.000435 0.115340 0.009290 2.196461
0.842747 0.013463 0.012326 0.006490 0.000436 0.115243 0.009294 2.197738
0.842926 0.013399 0.012330 0.006521 0.000433 0.115091 0.009300 2.199080
0.843116 0.013341 0.012337 0.006500 0.000438 0.114962 0.009305 2.200400
0.843133 0.013308 0.012362 0.006548 0.000430 0.114909 0.009312 2.201755
0.843302 0.013262 0.012333 0.006522 0.000426 0.114839 0.009317 2.203070
0.843378 0.013302 0.012286 0.006492 0.000430 0.114789 0.009323 2.204366
0.843556 0.013245 0.012297 0.006471 0.000431 0.114673 0.009326 2.205710
0.843726 0.013274 0.012245 0.006432 0.000432 0.114559 0.009332 2.206974
0.843841 0.013248 0.012248 0.006443 0.000429 0.114454 0.009338 2.208298
0.843947 0.013258 0.012199 0.006452 0.000429 0.114373 0.009342 2.209596
0.844075 0.013256 0.012215 0.006438 0.000434 0.114236 0.009347 2.210899
0.844221 0.013270 0.012160 0.006413 0.000436 0.114150 0.009351 2.212166
0.844343 0.013298 0.012107 0.006381 0.000436 0.114081 0.009354 2.213418
0.844441 0.013259 0.012121 0.006380 0.000433 0.114007 0.009359 2.214755
0.844610 0.013250 0.012081 0.006344 0.000426 0.113924 0.009366 2.216018
0.844723 0.013292 0.012035 0.006337 0.000424 0.113820 0.009370 2.217306
0.844824 0.013299 0.012049 0.006330 0.000428 0.113696 0.009375 2.218628
0.844950 0.013348 0.012002 0.006338 0.000424 0.113557 0.009380 2.219889
0.845130 0.013333 0.011991 0.006377 0.000421 0.113365 0.009384 2.221186
0.845261 0.013330 0.011986 0.006380 0.000425 0.113230 0.009387 2.222489
0.845442 0.013345 0.011946 0.006391 0.000432 0.113053 0.009390 2.223782
0.845564 0.013325 0.011985 0.006363 0.000428 0.112938 0.009397 2.225092
0.845680 0.013330 0.012006 0.006378 0.000426 0.112775 0.009405 2.226416
0.845722 0.013376 0.012043 0.006367 0.000424 0.112660 0.009408 2.227704
0.845822 0.013409 0.012004 0.006365 0.000424 0.112562 0.009413 2.228978
0.845901 0.013446 0.012015 0.006358 0.000431 0.112429 0.009420 2.230291
0.845954 0.013410 0.012058 0.006368 0.000440 0.112344 0.009425 2.231660
0.846039 0.013444 0.012063 0.006388 0.000433 0.112200 0.009433 2.232981
0.846181 0.013428 0.012066 0.006392 0.000436 0.112058 0.009440 2.234293
0.846255 0.013420 0.012059 0.006418 0.000437 0.111966 0.009445 2.235632
0.846367 0.013360 0.012035 0.006406 0.000436 0.111948 0.009450 2.236993
0.846398 0.013356 0.012019 0.006415 0.000434 0.111924 0.009456 2.238306
0.846533 0.013343 0.012028 0.006386 0.000435 0.111816 0.009460 2.239606
0.846720 0.013292 0.012028 0.006378 0.000444 0.111675 0.009465 2.240922
0.846807 0.013261 0.012052 0.006377 0.000443 0.111591 0.009470 2.242264
0.846848 0.013309 0.012034 0.006359 0.000436 0.111537 0.009478 2.243535
0.846883 0.013316 0.012068 0.006362 0.000434 0.111456 0.009481 2.244843
0.846979 0.013323 0.012094 0.006353 0.000440 0.111326 0.009486 2.246162
0.847046 0.013319 0.012101 0.006367 0.000438 0.111234 0.009495 2.247470
0.847088 0.013371 0.012077 0.006351 0.000434 0.111176 0.009503 2.248748
0.847113 0.013361 0.012097 0.006368 0.000436 0.111114 0.009510 2.250094
0.847202 0.013350 0.012058 0.006418 0.000433 0.111023 0.009515 2.251393
0.847265 0.013408 0.012006 0.006414 0.000434 0.110953 0.009519 2.252674
0.847315 0.013424 0.012036 0.006407 0.000433 0.110860 0.009525 2.254000
0.847407 0.013419 0.012030 0.006418 0.000435 0.110764 0.009528 2.255317
0.847444 0.013412 0.012038 0.006399 0.000436 0.110738 0.009533 2.256654
0.847553 0.013399 0.012019 0.006415 0.000434 0.110641 0.009539 2.257958
0.847723 0.013374 0.011997 0.006411 0.000427 0.110518 0.009550 2.259264
0.847740 0.013456 0.011948 0.006403 0.000428 0.110469 0.009556 2.260527
0.847828 0.013414 0.011967 0.006388 0.000437 0.110406 0.009560 2.261853
0.847880 0.013408 0.011970 0.006378 0.000438 0.110360 0.009567 2.263189
0.847953 0.013441 0.011963 0.006379 0.000445 0.110250 0.009570 2.264469
0.848001 0.013478 0.011987 0.006379 0.000439 0.110135 0.009580 2.265773
0.848122 0.013466 0.011982 0.006372 0.000439 0.110030 0.009588 2.267053
0.848239 0.013424 0.011994 0.006402 0.000438 0.109912 0.009592 2.268385
0.848379 0.013372 0.011984 0.006390 0.000438 0.109840 0.009597 2.269704
0.848440 0.013317 0.012040 0.006383 0.000437 0.109780 0.009602 2.271042
0.848482 0.013347 0.012031 0.006338 0.000444 0.109751 0.009607 2.272330
0.848539 0.013389 0.011991 0.006348 0.000441 0.109678 0.009614 2.273607
0.848556 0.013416 0.011999 0.006358 0.000442 0.109610 0.009618 2.274921
0.848639 0.013404 0.011996 0.006363 0.000436 0.109540 0.009622 2.276229
0.848719 0.013411 0.012009 0.006349 0.000439 0.109445 0.009629 2.277532
0.848735 0.013444 0.012040 0.006301 0.000435 0.109410 0.009637 2.278813
0.848765 0.013451 0.012099 0.006297 0.000431 0.109314 0.009644 2.280160
0.848770 0.013528 0.012044 0.006281 0.000433 0.109292 0.009651 2.281407
0.848882 0.013476 0.012053 0.006301 0.000437 0.109195 0.009657 2.282768
0.848868 0.013452 0.012103 0.006297 0.000435 0.109183 0.009662 2.284110
0.848907 0.013435 0.012129 0.006292 0.000436 0.109134 0.009666 2.285440
0.848997 0.013353 0.012172 0.006317 0.000437 0.109053 0.009672 2.286809
0.849017 0.013382 0.012107 0.006326 0.000432 0.109058 0.009677 2.288108
0.849017 0.013404 0.012124 0.006300 0.000439 0.109035 0.009682 2.289416
0.849069 0.013381 0.012161 0.006310 0.000444 0.108949 0.009687 2.290761
0.849083 0.013412 0.012150 0.006312 0.000447 0.108905 0.009691 2.292079
0.849124 0.013406 0.012092 0.006348 0.000443 0.108890 0.009696 2.293373
0.849141 0.013424 0.012076 0.006354 0.000436 0.108866 0.009703 2.294673
0.849171 0.013445 0.012073 0.006366 0.000432 0.108806 0.009707 2.295977
0.849177 0.013504 0.012054 0.006379 0.000432 0.108746 0.009709 2.297270
0.849215 0.013521 0.012050 0.006389 0.000438 0.108675 0.009713 2.298573
0.849225 0.013497 0.012108 0.006412 0.000437 0.108605 0.009719 2.299935
0.849237 0.013563 0.012077 0.006382 0.000440 0.108577 0.009724 2.301210
0.849343 0.013488 0.012111 0.006364 0.000438 0.108524 0.009731 2.302559
0.849401 0.013491 0.012135 0.006336 0.000443 0.108456 0.009738 2.303868
0.849472 0.013521 0.012113 0.006339 0.000443 0.108367 0.009745 2.305162
0.849519 0.013542 0.012079 0.006343 0.000436 0.108326 0.009754 2.306458
0.849573 0.013529 0.012082 0.006400 0.000437 0.108220 0.009759 2.307801
0.849572 0.013512 0.012098 0.006366 0.000431 0.108256 0.009766 2.309125
0.849660 0.013514 0.012127 0.006346 0.000432 0.108147 0.009774 2.310420
0.849667 0.013559 0.012125 0.006383 0.000428 0.108058 0.009782 2.311721
0.849690 0.013571 0.012136 0.006365 0.000431 0.108021 0.009787 2.313044
0.849700 0.013546 0.012187 0.006377 0.000429 0.107969 0.009793 2.314431
0.849701 0.013588 0.012131 0.006396 0.000429 0.107955 0.009799 2.315736
0.849737 0.013596 0.012128 0.006415 0.000430 0.107889 0.009805 2.317051
0.849762 0.013615 0.012131 0.006413 0.000434 0.107836 0.009811 2.318365
0.849764 0.013632 0.012140 0.006412 0.000432 0.107806 0.009815 2.319709
0.849836 0.013583 0.012144 0.006416 0.000434 0.107769 0.009820 2.321048
0.849861 0.013560 0.012160 0.006421 0.000434 0.107739 0.009825 2.322383
0.849889 0.013546 0.012167 0.006400 0.000436 0.107732 0.009829 2.323711
0.849900 0.013525 0.012202 0.006422 0.000429 0.107688 0.009835 2.325073
0.849887 0.013527 0.012255 0.006432 0.000430 0.107629 0.009840 2.326439
0.849920 0.013517 0.012257 0.006439 0.000431 0.107591 0.009847 2.327781
0.849854 0.013595 0.012199 0.006421 0.000435 0.107647 0.009850 2.329074
0.849802 0.013613 0.012225 0.006434 0.000435 0.107637 0.009856 2.330437
0.849794 0.013692 0.012159 0.006405 0.000428 0.107660 0.009861 2.331721
0.849731 0.013772 0.012110 0.006382 0.000432 0.107709 0.009866 2.333010
0.849753 0.013734 0.012119 0.006421 0.000427 0.107675 0.009871 2.334367
0.849752 0.013702 0.012171 0.006416 0.000433 0.107650 0.009877 2.335761
0.849817 0.013683 0.012182 0.006411 0.000428 0.107596 0.009885 2.337084
0.849839 0.013658 0.012242 0.006424 0.000435 0.107514 0.009888 2.338445
0.849871 0.013685 0.012214 0.006438 0.000435 0.107460 0.009898 2.339747
0.849869 0.013669 0.012226 0.006467 0.000430 0.107436 0.009904 2.341115
