0.360558 0.061464 0.055032 0.031447 0.002110 0.483655 0.005733 1.587087
0.362429 0.059610 0.054934 0.031290 0.002105 0.483874 0.005759 1.593071
0.364901 0.057424 0.054794 0.031123 0.002102 0.483870 0.005786 1.598873
0.367817 0.055087 0.054492 0.030860 0.002093 0.483838 0.005814 1.604417
0.370873 0.052742 0.054010 0.030594 0.002092 0.483846 0.005844 1.609722
0.374288 0.050514 0.053404 0.030158 0.002102 0.483668 0.005867 1.614686
0.377685 0.048265 0.052818 0.029696 0.002102 0.483541 0.005893 1.619587
0.381101 0.046186 0.052052 0.029181 0.002094 0.483468 0.005919 1.624196
0.384809 0.044171 0.051206 0.028655 0.002091 0.483117 0.005951 1.628602
0.388511 0.042138 0.050384 0.028109 0.002082 0.482801 0.005975 1.632920
0.392325 0.040335 0.049365 0.027561 0.002059 0.482352 0.006003 1.636887
0.396242 0.038599 0.048412 0.026999 0.002053 0.481668 0.006028 1.640789
0.400178 0.036940 0.047316 0.026486 0.002033 0.480995 0.006052 1.644509
0.404157 0.035425 0.046229 0.025887 0.002016 0.480213 0.006074 1.648004
0.408179 0.033978 0.045131 0.025289 0.002002 0.479319 0.006102 1.651398
0.412331 0.032574 0.044108 0.024624 0.001979 0.478256 0.006127 1.654611
0.416528 0.031168 0.043078 0.023975 0.001965 0.477134 0.006152 1.657776
0.420837 0.029887 0.041978 0.023316 0.001951 0.475850 0.006181 1.660804
0.425089 0.028757 0.040904 0.022657 0.001936 0.474457 0.006201 1.663648
0.429407 0.027586 0.039840 0.022042 0.001904 0.472987 0.006234 1.666439
0.433735 0.026568 0.038733 0.021447 0.001896 0.471366 0.006255 1.669035
0.438062 0.025473 0.037715 0.020795 0.001885 0.469786 0.006284 1.671647
0.442514 0.024527 0.036714 0.020193 0.001875 0.467875 0.006303 1.674111
0.446871 0.023639 0.035697 0.019613 0.001870 0.465993 0.006318 1.676478
0.451272 0.022713 0.034723 0.019044 0.001835 0.464068 0.006344 1.678777
0.455673 0.021918 0.033700 0.018543 0.001804 0.461986 0.006376 1.680977
0.460060 0.021149 0.032687 0.017983 0.001785 0.459935 0.006400 1.683103
0.464484 0.020385 0.031715 0.017458 0.001768 0.457771 0.006420 1.685147
0.468834 0.019659 0.030789 0.016941 0.001748 0.455591 0.006437 1.687183
0.473347 0.019095 0.029796 0.016394 0.001723 0.453183 0.006461 1.689032
0.477765 0.018532 0.028927 0.015892 0.001711 0.450687 0.006485 1.690840
0.482162 0.017974 0.028070 0.015393 0.001685 0.448213 0.006502 1.692628
0.486500 0.017423 0.027226 0.014942 0.001656 0.445719 0.006534 1.694359
0.490914 0.016895 0.026425 0.014481 0.001635 0.443097 0.006552 1.696054
0.495361 0.016370 0.025678 0.014079 0.001616 0.440322 0.006573 1.697722
0.499649 0.015922 0.024861 0.013609 0.001583 0.437781 0.006596 1.699285
0.503988 0.015480 0.024100 0.013155 0.001568 0.435094 0.006615 1.700787
0.508290 0.015078 0.023368 0.012799 0.001541 0.432294 0.006631 1.702302
0.512610 0.014681 0.022682 0.012418 0.001507 0.429449 0.006654 1.703761
0.516898 0.014268 0.022024 0.011998 0.001476 0.426663 0.006674 1.705202
0.521207 0.013886 0.021321 0.011617 0.001452 0.423826 0.006690 1.706581
0.525413 0.013556 0.020672 0.011244 0.001425 0.420983 0.006708 1.707900
0.529691 0.013281 0.020013 0.010855 0.001405 0.418025 0.006729 1.709161
0.533911 0.012977 0.019385 0.010575 0.001382 0.415022 0.006747 1.710427
0.538208 0.012672 0.018848 0.010261 0.001354 0.411893 0.006765 1.711680
0.542365 0.012298 0.018408 0.009967 0.001334 0.408849 0.006780 1.712950
0.546569 0.012029 0.017851 0.009667 0.001309 0.405779 0.006797 1.714127
0.550740 0.011782 0.017324 0.009388 0.001289 0.402658 0.006817 1.715266
0.554934 0.011546 0.016863 0.009099 0.001267 0.399459 0.006832 1.716388
0.559091 0.011306 0.016406 0.008831 0.001235 0.396281 0.006851 1.717496
0.563117 0.011130 0.015964 0.008545 0.001210 0.393167 0.006868 1.718556
0.567142 0.010940 0.015516 0.008346 0.001178 0.389997 0.006881 1.719618
0.571098 0.010703 0.015131 0.008142 0.001152 0.386883 0.006891 1.720688
0.575069 0.010530 0.014720 0.007926 0.001124 0.383721 0.006910 1.721727
0.579061 0.010313 0.014360 0.007699 0.001099 0.380544 0.006923 1.722754
0.582925 0.010157 0.013999 0.007513 0.001070 0.377396 0.006940 1.723726
0.586740 0.009972 0.013677 0.007343 0.001041 0.374270 0.006957 1.724729
0.590648 0.009783 0.013339 0.007135 0.001022 0.371105 0.006968 1.725686
0.594536 0.009582 0.013014 0.006964 0.001003 0.367923 0.006978 1.726641
0.598239 0.009450 0.012669 0.006828 0.000978 0.364843 0.006992 1.727568
0.601965 0.009347 0.012367 0.006665 0.000960 0.361692 0.007003 1.728471
0.605663 0.009207 0.012077 0.006513 0.000939 0.358585 0.007016 1.729391
0.609295 0.009041 0.011809 0.006354 0.000929 0.355540 0.007032 1.730294
0.612949 0.008919 0.011548 0.006227 0.000906 0.352401 0.007050 1.731169
0.616609 0.008769 0.011299 0.006101 0.000890 0.349270 0.007062 1.732039
0.620301 0.008691 0.011038 0.005978 0.000872 0.346046 0.007073 1.732870
0.623948 0.008586 0.010791 0.005828 0.000854 0.342905 0.007087 1.733698
0.627561 0.008503 0.010543 0.005679 0.000845 0.339772 0.007097 1.734501
0.631072 0.008376 0.010342 0.005547 0.000825 0.336726 0.007112 1.735347
0.634665 0.008256 0.010115 0.005441 0.000806 0.333592 0.007124 1.736133
0.638101 0.008178 0.009900 0.005335 0.000792 0.330560 0.007134 1.736918
0.641472 0.008059 0.009690 0.005252 0.000779 0.327605 0.007142 1.737726
0.644778 0.008002 0.009503 0.005124 0.000763 0.324677 0.007152 1.738501
0.648204 0.007879 0.009328 0.005031 0.000748 0.321649 0.007161 1.739283
0.651498 0.007794 0.009186 0.004958 0.000738 0.318656 0.007170 1.740052
0.654805 0.007677 0.009024 0.004865 0.000716 0.315732 0.007181 1.740816
0.657989 0.007599 0.008861 0.004803 0.000702 0.312856 0.007192 1.741564
0.661215 0.007537 0.008703 0.004746 0.000688 0.309908 0.007202 1.742309
0.664443 0.007458 0.008542 0.004618 0.000679 0.307047 0.007214 1.743009
0.667538 0.007394 0.008443 0.004516 0.000660 0.304226 0.007224 1.743727
0.670619 0.007280 0.008346 0.004447 0.000643 0.301430 0.007234 1.744458
0.673777 0.007185 0.008191 0.004359 0.000633 0.298613 0.007243 1.745151
0.676961 0.007114 0.008046 0.004277 0.000623 0.295728 0.007251 1.745839
0.680034 0.007055 0.007919 0.004222 0.000613 0.292900 0.007257 1.746531
0.683014 0.007021 0.007819 0.004155 0.000605 0.290118 0.007268 1.747228
0.685997 0.006967 0.007735 0.004101 0.000589 0.287334 0.007278 1.747922
0.689024 0.006919 0.007624 0.004050 0.000578 0.284517 0.007288 1.748592
0.691934 0.006824 0.007560 0.003993 0.000560 0.281829 0.007301 1.749292
0.694889 0.006730 0.007447 0.003952 0.000544 0.279128 0.007311 1.749988
0.697812 0.006633 0.007375 0.003909 0.000537 0.276417 0.007319 1.750664
0.700667 0.006603 0.007282 0.003862 0.000518 0.273741 0.007327 1.751299
0.703478 0.006569 0.007211 0.003802 0.000501 0.271099 0.007340 1.751960
0.706275 0.006489 0.007141 0.003775 0.000498 0.268475 0.007346 1.752613
0.709019 0.006469 0.007017 0.003719 0.000489 0.265934 0.007354 1.753223
0.711703 0.006467 0.006945 0.003649 0.000481 0.263396 0.007359 1.753838
0.714365 0.006427 0.006890 0.003611 0.000467 0.260875 0.007366 1.754489
0.717030 0.006379 0.006820 0.003569 0.000466 0.258368 0.007369 1.755113
0.719648 0.006358 0.006746 0.003548 0.000456 0.255867 0.007377 1.755742
0.722171 0.006334 0.006626 0.003522 0.000455 0.253510 0.007383 1.756363
0.724766 0.006260 0.006587 0.003508 0.000451 0.251041 0.007388 1.756998
0.727250 0.006271 0.006495 0.003468 0.000437 0.248684 0.007395 1.757579
0.729733 0.006249 0.006429 0.003416 0.000427 0.246345 0.007401 1.758189
0.732333 0.006221 0.006353 0.003387 0.000421 0.243877 0.007409 1.758805
0.734696 0.006211 0.006316 0.003343 0.000414 0.241606 0.007415 1.759403
0.737124 0.006221 0.006232 0.003324 0.000407 0.239274 0.007418 1.759974
0.739495 0.006192 0.006173 0.003299 0.000399 0.237018 0.007424 1.760586
0.741861 0.006164 0.006146 0.003304 0.000389 0.234704 0.007431 1.761224
0.744169 0.006157 0.006122 0.003266 0.000380 0.232468 0.007438 1.761821
0.746489 0.006084 0.006080 0.003281 0.000372 0.230249 0.007444 1.762471
0.748728 0.006085 0.006040 0.003269 0.000365 0.228064 0.007450 1.763076
0.750960 0.006033 0.006031 0.003241 0.000357 0.225923 0.007456 1.763693
0.753186 0.006045 0.005981 0.003211 0.000349 0.223769 0.007460 1.764280
0.755370 0.006044 0.005930 0.003200 0.000345 0.221648 0.007464 1.764867
0.757486 0.006058 0.005888 0.003159 0.000341 0.219601 0.007467 1.765457
0.759607 0.006045 0.005855 0.003143 0.000340 0.217538 0.007471 1.766068
0.761756 0.006035 0.005847 0.003114 0.000338 0.215435 0.007476 1.766682
0.763839 0.005997 0.005855 0.003090 0.000330 0.213410 0.007480 1.767296
0.765829 0.006018 0.005831 0.003076 0.000320 0.211443 0.007484 1.767912
0.767883 0.006005 0.005785 0.003057 0.000310 0.209472 0.007488 1.768497
0.769850 0.006003 0.005736 0.003032 0.000309 0.207579 0.007493 1.769076
0.771805 0.006022 0.005729 0.003033 0.000300 0.205614 0.007498 1.769665
0.773792 0.006036 0.005707 0.003043 0.000297 0.203624 0.007501 1.770257
0.775717 0.006046 0.005691 0.003010 0.000298 0.201736 0.007502 1.770847
0.777673 0.006011 0.005676 0.003012 0.000294 0.199829 0.007506 1.771453
0.779559 0.006004 0.005663 0.003001 0.000289 0.197972 0.007511 1.772066
0.781496 0.005973 0.005696 0.002983 0.000286 0.196052 0.007515 1.772680
0.783304 0.005947 0.005652 0.002961 0.000278 0.194338 0.007520 1.773287
0.785137 0.005936 0.005662 0.002935 0.000278 0.192530 0.007522 1.773905
0.786954 0.005936 0.005648 0.002952 0.000275 0.190708 0.007526 1.774502
0.788756 0.005950 0.005629 0.002933 0.000273 0.188930 0.007530 1.775081
0.790540 0.005968 0.005614 0.002917 0.000270 0.187159 0.007533 1.775672
0.792311 0.005983 0.005588 0.002900 0.000266 0.185414 0.007538 1.776254
0.794055 0.005942 0.005601 0.002910 0.000260 0.183688 0.007542 1.776870
0.795759 0.005996 0.005576 0.002912 0.000257 0.181952 0.007547 1.777427
0.797490 0.005963 0.005564 0.002936 0.000252 0.180244 0.007551 1.778048
0.799182 0.005959 0.005533 0.002917 0.000247 0.178608 0.007554 1.778640
0.800881 0.005980 0.005522 0.002902 0.000242 0.176916 0.007557 1.779223
0.802468 0.005981 0.005493 0.002896 0.000247 0.175355 0.007561 1.779816
0.803996 0.005996 0.005499 0.002901 0.000245 0.173800 0.007563 1.780409
0.805573 0.006063 0.005502 0.002878 0.000241 0.172175 0.007567 1.780977
0.807099 0.006056 0.005509 0.002884 0.000240 0.170643 0.007569 1.781590
0.808577 0.006070 0.005508 0.002888 0.000233 0.169151 0.007573 1.782203
0.810108 0.006059 0.005510 0.002913 0.000233 0.167601 0.007576 1.782815
0.811568 0.006058 0.005506 0.002935 0.000228 0.166127 0.007578 1.783438
0.813018 0.006103 0.005519 0.002922 0.000229 0.164631 0.007580 1.784028
0.814422 0.006177 0.005515 0.002942 0.000230 0.163132 0.007581 1.784628
0.815833 0.006235 0.005498 0.002945 0.000233 0.161673 0.007583 1.785223
0.817238 0.006263 0.005479 0.002932 0.000228 0.160272 0.007588 1.785827
0.818512 0.006317 0.005458 0.002941 0.000229 0.158953 0.007590 1.786436
0.819857 0.006344 0.005460 0.002943 0.000225 0.157578 0.007594 1.787042
0.821155 0.006338 0.005487 0.002961 0.000222 0.156237 0.007600 1.787690
0.822489 0.006400 0.005467 0.002980 0.000220 0.154841 0.007603 1.788290
0.823766 0.006410 0.005488 0.002989 0.000217 0.153525 0.007605 1.788933
0.825024 0.006428 0.005495 0.003002 0.000215 0.152227 0.007609 1.789566
0.826234 0.006461 0.005532 0.003011 0.000222 0.150930 0.007611 1.790206
0.827409 0.006555 0.005546 0.003004 0.000219 0.149653 0.007613 1.790800
0.828643 0.006551 0.005560 0.003023 0.000219 0.148388 0.007616 1.791470
0.829839 0.006605 0.005580 0.003033 0.000221 0.147103 0.007618 1.792106
0.831000 0.006676 0.005576 0.003039 0.000217 0.145871 0.007621 1.792741
0.832162 0.006729 0.005571 0.003045 0.000217 0.144650 0.007624 1.793361
0.833277 0.006757 0.005620 0.003050 0.000216 0.143453 0.007627 1.794038
0.834388 0.006741 0.005625 0.003087 0.000213 0.142316 0.007631 1.794718
0.835506 0.006789 0.005629 0.003084 0.000213 0.141147 0.007632 1.795360
0.836515 0.006825 0.005685 0.003127 0.000207 0.140006 0.007636 1.796059
0.837508 0.006900 0.005721 0.003130 0.000206 0.138898 0.007638 1.796705
0.838414 0.006987 0.005776 0.003145 0.000208 0.137831 0.007640 1.797389
0.839496 0.007027 0.005793 0.003150 0.000206 0.136685 0.007644 1.798064
0.840486 0.007058 0.005831 0.003142 0.000199 0.135635 0.007648 1.798742
0.841441 0.007088 0.005888 0.003185 0.000191 0.134554 0.007653 1.799451
0.842366 0.007133 0.005921 0.003187 0.000191 0.133547 0.007654 1.800133
0.843313 0.007153 0.005947 0.003212 0.000193 0.132526 0.007655 1.800829
0.844262 0.007155 0.005993 0.003236 0.000188 0.131508 0.007658 1.801540
0.845143 0.007208 0.006025 0.003227 0.000195 0.130542 0.007660 1.802233
0.846025 0.007253 0.006063 0.003240 0.000189 0.129566 0.007664 1.802926
0.846912 0.007284 0.006102 0.003242 0.000188 0.128606 0.007667 1.803642
0.847854 0.007307 0.006109 0.003272 0.000191 0.127598 0.007668 1.804370
0.848704 0.007347 0.006141 0.003289 0.000186 0.126659 0.007673 1.805072
0.849481 0.007442 0.006161 0.003297 0.000185 0.125759 0.007675 1.805779
0.850304 0.007484 0.006233 0.003293 0.000190 0.124819 0.007676 1.806489
0.851096 0.007507 0.006249 0.003303 0.000189 0.123976 0.007680 1.807220
0.851899 0.007554 0.006269 0.003336 0.000190 0.123072 0.007681 1.807956
0.852652 0.007609 0.006314 0.003328 0.000195 0.122220 0.007683 1.808699
0.853368 0.007667 0.006374 0.003347 0.000193 0.121367 0.007683 1.809464
0.854040 0.007749 0.006395 0.003394 0.000190 0.120546 0.007685 1.810198
0.854765 0.007817 0.006391 0.003418 0.000188 0.119732 0.007688 1.810919
0.855475 0.007868 0.006416 0.003448 0.000189 0.118913 0.007691 1.811671
0.856164 0.007872 0.006496 0.003479 0.000194 0.118101 0.007694 1.812491
0.856783 0.007942 0.006527 0.003503 0.000197 0.117354 0.007696 1.813249
0.857357 0.008054 0.006566 0.003537 0.000194 0.116593 0.007699 1.814020
0.857907 0.008116 0.006580 0.003609 0.000189 0.115897 0.007704 1.814832
0.858519 0.008159 0.006618 0.003639 0.000189 0.115170 0.007707 1.815629
0.859098 0.008193 0.006691 0.003647 0.000194 0.114468 0.007708 1.816437
0.859647 0.008286 0.006712 0.003657 0.000202 0.113789 0.007708 1.817238
0.860145 0.008323 0.006731 0.003699 0.000198 0.113192 0.007711 1.818077
0.860719 0.008405 0.006740 0.003727 0.000201 0.112494 0.007713 1.818871
0.861200 0.008481 0.006786 0.003751 0.000203 0.111863 0.007716 1.819699
0.861764 0.008554 0.006838 0.003762 0.000207 0.111159 0.007717 1.820512
0.862293 0.008592 0.006915 0.003787 0.000208 0.110486 0.007720 1.821348
0.862853 0.008613 0.006960 0.003787 0.000214 0.109851 0.007723 1.822182
0.863349 0.008644 0.007017 0.003837 0.000216 0.109207 0.007729 1.823041
0.863887 0.008684 0.007073 0.003861 0.000214 0.108550 0.007731 1.823870
0.864381 0.008726 0.007101 0.003900 0.000210 0.107947 0.007735 1.824691
0.864766 0.008820 0.007165 0.003923 0.000208 0.107381 0.007737 1.825557
0.865200 0.008907 0.007176 0.003930 0.000212 0.106836 0.007739 1.826387
0.865601 0.008955 0.007239 0.003984 0.000213 0.106267 0.007741 1.827283
0.866014 0.009018 0.007313 0.003986 0.000218 0.105706 0.007745 1.828172
0.866367 0.009114 0.007394 0.004011 0.000224 0.105143 0.007747 1.829045
0.866714 0.009163 0.007502 0.004040 0.000228 0.104606 0.007748 1.829971
0.867057 0.009221 0.007554 0.004070 0.000229 0.104118 0.007751 1.830880
0.867374 0.009257 0.007613 0.004093 0.000231 0.103677 0.007755 1.831805
0.867620 0.009392 0.007649 0.004083 0.000232 0.103266 0.007758 1.832696
0.867931 0.009478 0.007696 0.004114 0.000234 0.102789 0.007759 1.833617
0.868141 0.009613 0.007687 0.004137 0.000229 0.102432 0.007761 1.834509
0.868425 0.009678 0.007751 0.004159 0.000226 0.101997 0.007764 1.835446
0.868690 0.009735 0.007844 0.004163 0.000228 0.101574 0.007766 1.836374
0.868986 0.009738 0.007878 0.004226 0.000231 0.101173 0.007768 1.837363
0.869185 0.009842 0.007941 0.004251 0.000235 0.100775 0.007772 1.838320
0.869503 0.009809 0.008042 0.004291 0.000239 0.100342 0.007774 1.839325
0.869754 0.009898 0.008099 0.004310 0.000244 0.099919 0.007776 1.840274
0.869921 0.010020 0.008123 0.004326 0.000248 0.099584 0.007779 1.841235
0.870095 0.010112 0.008185 0.004365 0.000247 0.099212 0.007783 1.842213
0.870197 0.010183 0.008243 0.004395 0.000246 0.098949 0.007786 1.843221
0.870338 0.010294 0.008300 0.004401 0.000254 0.098627 0.007787 1.844190
0.870512 0.010335 0.008344 0.004458 0.000257 0.098304 0.007789 1.845201
0.870686 0.010354 0.008400 0.004528 0.000260 0.097981 0.007792 1.846230
0.870811 0.010377 0.008495 0.004549 0.000258 0.097712 0.007797 1.847256
0.870927 0.010458 0.008570 0.004579 0.000260 0.097404 0.007802 1.848279
0.871101 0.010474 0.008616 0.004600 0.000260 0.097145 0.007804 1.849309
0.871261 0.010507 0.008689 0.004628 0.000259 0.096849 0.007806 1.850356
0.871349 0.010607 0.008736 0.004668 0.000262 0.096569 0.007809 1.851392
0.871477 0.010622 0.008750 0.004705 0.000262 0.096370 0.007813 1.852442
0.871552 0.010740 0.008791 0.004711 0.000266 0.096126 0.007814 1.853451
0.871607 0.010791 0.008877 0.004746 0.000268 0.095895 0.007816 1.854526
0.871670 0.010853 0.008913 0.004780 0.000268 0.095697 0.007819 1.855602
0.871731 0.010912 0.008996 0.004809 0.000267 0.095462 0.007823 1.856671
0.871739 0.010995 0.009074 0.004812 0.000265 0.095288 0.007827 1.857751
0.871870 0.011026 0.009123 0.004857 0.000267 0.095027 0.007830 1.858818
0.871907 0.011101 0.009148 0.004877 0.000269 0.094866 0.007833 1.859900
0.871890 0.011211 0.009191 0.004914 0.000270 0.094687 0.007836 1.860965
0.871933 0.011278 0.009235 0.004934 0.000272 0.094509 0.007838 1.862076
0.871829 0.011420 0.009273 0.004976 0.000274 0.094387 0.007841 1.863180
0.871869 0.011422 0.009336 0.004993 0.000280 0.094257 0.007845 1.864291
0.871876 0.011464 0.009378 0.005035 0.000281 0.094117 0.007849 1.865420
0.871847 0.011510 0.009456 0.005078 0.000284 0.093972 0.007854 1.866558
0.871835 0.011582 0.009497 0.005133 0.000279 0.093814 0.007860 1.867688
0.871789 0.011592 0.009553 0.005184 0.000280 0.093739 0.007864 1.868850
0.871787 0.011692 0.009595 0.005209 0.000280 0.093570 0.007868 1.869949
0.871678 0.011753 0.009657 0.005258 0.000277 0.093505 0.007873 1.871144
0.871607 0.011814 0.009732 0.005283 0.000274 0.093413 0.007879 1.872322
0.871537 0.011893 0.009774 0.005292 0.000276 0.093349 0.007880 1.873458
0.871478 0.011951 0.009801 0.005292 0.000282 0.093312 0.007884 1.874624
0.871412 0.012010 0.009870 0.005349 0.000284 0.093191 0.007885 1.875796
0.871324 0.012058 0.009973 0.005394 0.000293 0.093071 0.007887 1.876989
0.871216 0.012117 0.010024 0.005411 0.000300 0.093042 0.007889 1.878196
0.871068 0.012178 0.010148 0.005417 0.000306 0.092990 0.007892 1.879417
0.870973 0.012275 0.010141 0.005475 0.000308 0.092932 0.007895 1.880612
0.870817 0.012344 0.010217 0.005511 0.000306 0.092903 0.007902 1.881821
0.870719 0.012419 0.010256 0.005533 0.000311 0.092857 0.007905 1.883008
0.870559 0.012500 0.010323 0.005584 0.000316 0.092811 0.007908 1.884242
0.870394 0.012561 0.010387 0.005605 0.000310 0.092829 0.007914 1.885496
0.870222 0.012606 0.010474 0.005654 0.000314 0.092811 0.007918 1.886751
0.870095 0.012729 0.010487 0.005658 0.000316 0.092792 0.007924 1.887928
0.869895 0.012815 0.010552 0.005690 0.000322 0.092799 0.007928 1.889167
0.869747 0.012926 0.010610 0.005688 0.000319 0.092778 0.007931 1.890384
0.869582 0.013062 0.010664 0.005670 0.000324 0.092764 0.007934 1.891617
0.869426 0.013069 0.010706 0.005707 0.000329 0.092825 0.007937 1.892909
0.869344 0.013060 0.010769 0.005758 0.000329 0.092799 0.007942 1.894203
0.869199 0.013135 0.010803 0.005772 0.000329 0.092815 0.007946 1.895473
0.869107 0.013199 0.010873 0.005789 0.000332 0.092753 0.007947 1.896720
0.868916 0.013261 0.011013 0.005807 0.000334 0.092718 0.007952 1.898034
0.868651 0.013332 0.011078 0.005876 0.000332 0.092777 0.007954 1.899379
0.868418 0.013410 0.011120 0.005933 0.000336 0.092824 0.007959 1.900693
0.868194 0.013453 0.011208 0.005948 0.000338 0.092895 0.007963 1.902021
0.867988 0.013500 0.011312 0.005959 0.000344 0.092928 0.007968 1.903353
0.867738 0.013568 0.011400 0.005977 0.000345 0.092999 0.007972 1.904674
0.867462 0.013700 0.011470 0.005986 0.000348 0.093059 0.007976 1.905972
0.867275 0.013734 0.011523 0.006007 0.000346 0.093135 0.007980 1.907291
0.866999 0.013794 0.011607 0.006013 0.000346 0.093258 0.007984 1.908652
0.866729 0.013891 0.011661 0.006025 0.000352 0.093359 0.007985 1.909988
0.866427 0.013948 0.011745 0.006077 0.000347 0.093465 0.007991 1.911363
0.866190 0.014017 0.011846 0.006106 0.000352 0.093495 0.007995 1.912723
0.866009 0.014044 0.011886 0.006185 0.000354 0.093522 0.008000 1.914103
0.865756 0.014110 0.011917 0.006202 0.000349 0.093662 0.008004 1.915468
0.865379 0.014238 0.011960 0.006232 0.000349 0.093833 0.008011 1.916847
0.865076 0.014338 0.012028 0.006288 0.000346 0.093904 0.008019 1.918233
0.864725 0.014427 0.012053 0.006347 0.000348 0.094075 0.008025 1.919633
0.864457 0.014491 0.012133 0.006377 0.000348 0.094166 0.008028 1.921056
0.864172 0.014505 0.012212 0.006430 0.000349 0.094299 0.008033 1.922498
0.863931 0.014518 0.012275 0.006487 0.000355 0.094396 0.008038 1.923946
0.863627 0.014539 0.012337 0.006535 0.000361 0.094559 0.008043 1.925384
0.863244 0.014683 0.012414 0.006535 0.000362 0.094715 0.008046 1.926788
0.862896 0.014810 0.012480 0.006580 0.000364 0.094819 0.008051 1.928205
0.862578 0.014884 0.012552 0.006575 0.000365 0.094991 0.008055 1.929636
0.862278 0.014874 0.012619 0.006601 0.000362 0.095205 0.008060 1.931132
0.861984 0.014888 0.012667 0.006627 0.000365 0.095406 0.008064 1.932584
0.861648 0.014927 0.012733 0.006631 0.000368 0.095625 0.008068 1.934042
0.861348 0.014977 0.012797 0.006629 0.000372 0.095803 0.008074 1.935471
0.860967 0.015110 0.012846 0.006642 0.000372 0.095984 0.008079 1.936921
0.860635 0.015146 0.012913 0.006656 0.000374 0.096192 0.008085 1.938393
0.860275 0.015188 0.012921 0.006674 0.000376 0.096476 0.008090 1.939895
0.859906 0.015230 0.012955 0.006722 0.000378 0.096713 0.008095 1.941387
0.859557 0.015351 0.013012 0.006727 0.000384 0.096870 0.008099 1.942838
0.859161 0.015449 0.013049 0.006737 0.000384 0.097115 0.008105 1.944333
0.858778 0.015561 0.013056 0.006785 0.000384 0.097328 0.008110 1.945833
0.858515 0.015560 0.013087 0.006816 0.000390 0.097517 0.008114 1.947359
0.858213 0.015540 0.013151 0.006879 0.000394 0.097705 0.008120 1.948914
0.857883 0.015604 0.013224 0.006918 0.000396 0.097851 0.008124 1.950438
0.857519 0.015672 0.013252 0.006944 0.000399 0.098084 0.008129 1.951928
0.857189 0.015723 0.013265 0.007011 0.000403 0.098275 0.008134 1.953442
0.856829 0.015768 0.013377 0.007042 0.000399 0.098444 0.008141 1.955009
0.856502 0.015803 0.013396 0.007060 0.000403 0.098691 0.008144 1.956554
0.856179 0.015812 0.013453 0.007076 0.000401 0.098930 0.008149 1.958087
0.855859 0.015831 0.013540 0.007076 0.000402 0.099137 0.008156 1.959637
0.855567 0.015845 0.013610 0.007076 0.000410 0.099333 0.008160 1.961194
0.855130 0.015934 0.013681 0.007100 0.000412 0.099580 0.008163 1.962745
0.854781 0.015983 0.013689 0.007149 0.000414 0.099817 0.008169 1.964316
0.854459 0.015997 0.013754 0.007193 0.000415 0.100011 0.008172 1.965881
0.854164 0.015952 0.013829 0.007216 0.000421 0.100244 0.008176 1.967456
0.853865 0.015938 0.013909 0.007243 0.000419 0.100445 0.008182 1.969044
0.853538 0.016018 0.013898 0.007245 0.000425 0.100688 0.008189 1.970563
0.853189 0.016003 0.013966 0.007282 0.000423 0.100947 0.008191 1.972164
0.852818 0.016036 0.013992 0.007313 0.000433 0.101215 0.008195 1.973755
0.852517 0.016063 0.014026 0.007323 0.000433 0.101440 0.008199 1.975338
0.852188 0.016025 0.014057 0.007392 0.000434 0.101699 0.008205 1.976977
0.851872 0.016046 0.014109 0.007402 0.000435 0.101922 0.008213 1.978553
0.851526 0.016155 0.014103 0.007388 0.000447 0.102167 0.008215 1.980083
0.851171 0.016188 0.014162 0.007387 0.000451 0.102419 0.008222 1.981670
0.850800 0.016217 0.014221 0.007387 0.000453 0.102695 0.008228 1.983253
0.850453 0.016270 0.014234 0.007454 0.000452 0.102903 0.008234 1.984844
0.850088 0.016335 0.014253 0.007455 0.000458 0.103175 0.008237 1.986409
0.849755 0.016317 0.014315 0.007475 0.000460 0.103435 0.008244 1.988046
0.849450 0.016291 0.014339 0.007513 0.000462 0.103696 0.008250 1.989666
0.849174 0.016285 0.014412 0.007535 0.000465 0.103874 0.008255 1.991286
0.848858 0.016282 0.014448 0.007581 0.000469 0.104103 0.008260 1.992904
0.848588 0.016262 0.014458 0.007619 0.000472 0.104339 0.008264 1.994519
0.848348 0.016271 0.014459 0.007649 0.000469 0.104532 0.008273 1.996107
0.848038 0.016345 0.014461 0.007651 0.000477 0.104753 0.008277 1.997683
0.847743 0.016382 0.014480 0.007636 0.000479 0.104996 0.008285 1.999264
0.847429 0.016429 0.014520 0.007637 0.000479 0.105220 0.008287 2.000848
0.847157 0.016385 0.014552 0.007694 0.000476 0.105444 0.008293 2.002515
0.846843 0.016420 0.014536 0.007691 0.000483 0.105729 0.008298 2.004101
0.846478 0.016432 0.014587 0.007707 0.000480 0.106013 0.008305 2.005734
0.846224 0.016402 0.014638 0.007722 0.000480 0.106224 0.008310 2.007385
0.845997 0.016315 0.014726 0.007727 0.000481 0.106440 0.008315 2.009046
0.845699 0.016334 0.014715 0.007722 0.000489 0.106720 0.008323 2.010674
0.845388 0.016363 0.014704 0.007738 0.000488 0.106989 0.008331 2.012267
0.845061 0.016370 0.014719 0.007727 0.000481 0.107302 0.008340 2.013870
0.844840 0.016320 0.014735 0.007741 0.000476 0.107541 0.008348 2.015494
0.844507 0.016421 0.014667 0.007751 0.000467 0.107832 0.008356 2.017066
0.844270 0.016369 0.014719 0.007739 0.000482 0.108060 0.008361 2.018697
0.844005 0.016298 0.014726 0.007790 0.000485 0.108330 0.008367 2.020357
0.843683 0.016373 0.014712 0.007784 0.000489 0.108587 0.008372 2.021952
0.843400 0.016396 0.014701 0.007775 0.000490 0.108863 0.008376 2.023550
0.843168 0.016434 0.014697 0.007751 0.000494 0.109072 0.008383 2.025148
0.842890 0.016394 0.014704 0.007749 0.000511 0.109366 0.008388 2.026828
0.842660 0.016391 0.014727 0.007754 0.000505 0.109570 0.008392 2.028435
0.842410 0.016428 0.014697 0.007756 0.000508 0.109804 0.008397 2.030005
0.842260 0.016368 0.014707 0.007760 0.000506 0.109998 0.008402 2.031630
0.842067 0.016384 0.014664 0.007784 0.000503 0.110191 0.008407 2.033207
0.841800 0.016431 0.014613 0.007781 0.000507 0.110456 0.008412 2.034790
0.841598 0.016337 0.014642 0.007795 0.000513 0.110691 0.008423 2.036468
0.841382 0.016330 0.014639 0.007809 0.000521 0.110892 0.008428 2.038046
0.841244 0.016307 0.014655 0.007775 0.000523 0.111064 0.008432 2.039628
0.840989 0.016331 0.014675 0.007784 0.000521 0.111260 0.008440 2.041241
0.840876 0.016261 0.014676 0.007738 0.000524 0.111477 0.008449 2.042849
0.840642 0.016316 0.014683 0.007745 0.000524 0.111636 0.008455 2.044424
0.840498 0.016275 0.014754 0.007754 0.000526 0.111733 0.008460 2.046047
0.840321 0.016191 0.014783 0.007733 0.000519 0.111989 0.008463 2.047682
0.840113 0.016221 0.014694 0.007751 0.000517 0.112234 0.008471 2.049249
0.839904 0.016248 0.014645 0.007743 0.000516 0.112467 0.008476 2.050813
0.839735 0.016256 0.014573 0.007756 0.000518 0.112684 0.008479 2.052377
0.839604 0.016191 0.014633 0.007726 0.000517 0.112846 0.008483 2.053965
0.839404 0.016215 0.014600 0.007730 0.000524 0.113041 0.008487 2.055557
0.839308 0.016201 0.014652 0.007715 0.000520 0.113113 0.008490 2.057142
0.839122 0.016219 0.014627 0.007700 0.000518 0.113320 0.008494 2.058753
0.838971 0.016260 0.014606 0.007677 0.000523 0.113462 0.008502 2.060322
0.838813 0.016265 0.014595 0.007662 0.000524 0.113635 0.008507 2.061893
0.838657 0.016226 0.014616 0.007646 0.000522 0.113819 0.008515 2.063494
0.838542 0.016140 0.014672 0.007637 0.000518 0.113970 0.008521 2.065122
0.838405 0.016083 0.014688 0.007664 0.000509 0.114122 0.008528 2.066719
0.838290 0.016073 0.014710 0.007662 0.000511 0.114222 0.008531 2.068335
0.838179 0.016066 0.014699 0.007658 0.000504 0.114354 0.008540 2.069893
0.838066 0.016031 0.014697 0.007644 0.000502 0.114512 0.008548 2.071485
0.837993 0.015986 0.014707 0.007621 0.000502 0.114633 0.008559 2.073046
0.837863 0.015970 0.014747 0.007606 0.000497 0.114755 0.008563 2.074630
0.837710 0.015936 0.014769 0.007620 0.000498 0.114899 0.008568 2.076229
0.837638 0.015919 0.014708 0.007590 0.000501 0.115072 0.008573 2.077754
0.837513 0.015960 0.014666 0.007563 0.000500 0.115217 0.008580 2.079284
0.837402 0.016017 0.014596 0.007556 0.000505 0.115337 0.008587 2.080799
0.837234 0.016026 0.014609 0.007574 0.000503 0.115459 0.008595 2.082370
0.837164 0.015944 0.014613 0.007598 0.000496 0.115582 0.008603 2.083972
0.837127 0.015873 0.014592 0.007589 0.000494 0.115715 0.008611 2.085532
0.837043 0.015853 0.014579 0.007591 0.000499 0.115818 0.008618 2.087088
0.836861 0.015921 0.014539 0.007573 0.000498 0.115983 0.008626 2.088612
0.836735 0.015955 0.014474 0.007556 0.000497 0.116147 0.008635 2.090145
0.836686 0.015916 0.014486 0.007565 0.000492 0.116211 0.008645 2.091690
0.836553 0.015971 0.014425 0.007528 0.000495 0.116377 0.008653 2.093185
0.836498 0.015924 0.014431 0.007498 0.000489 0.116496 0.008664 2.094756
0.836443 0.015838 0.014461 0.007497 0.000487 0.116605 0.008670 2.096375
0.836398 0.015843 0.014404 0.007498 0.000480 0.116699 0.008677 2.097935
0.836309 0.015806 0.014376 0.007504 0.000486 0.116834 0.008684 2.099495
0.836161 0.015763 0.014382 0.007542 0.000487 0.116976 0.008688 2.101103
0.836122 0.015739 0.014352 0.007528 0.000484 0.117080 0.008696 2.102634
0.836130 0.015653 0.014364 0.007516 0.000484 0.117152 0.008701 2.104215
0.836085 0.015619 0.014360 0.007496 0.000487 0.117247 0.008707 2.105758
0.835986 0.015644 0.014305 0.007490 0.000484 0.117377 0.008714 2.107280
0.835989 0.015554 0.014266 0.007498 0.000477 0.117493 0.008723 2.108837
0.835976 0.015539 0.014272 0.007479 0.000483 0.117523 0.008729 2.110325
0.835958 0.015556 0.014223 0.007446 0.000486 0.117595 0.008735 2.111802
0.835897 0.015585 0.014158 0.007450 0.000482 0.117688 0.008742 2.113305
0.835894 0.015566 0.014134 0.007427 0.000484 0.117748 0.008748 2.114793
0.835821 0.015568 0.014111 0.007417 0.000485 0.117845 0.008753 2.116325
0.835846 0.015475 0.014063 0.007413 0.000484 0.117960 0.008759 2.117870
0.835850 0.015445 0.014082 0.007395 0.000487 0.117972 0.008770 2.119378
0.835819 0.015386 0.014091 0.007379 0.000490 0.118062 0.008773 2.120903
0.835760 0.015391 0.014022 0.007364 0.000491 0.118195 0.008778 2.122406
0.835761 0.015353 0.013988 0.007390 0.000487 0.118241 0.008781 2.123922
0.835803 0.015187 0.014018 0.007391 0.000482 0.118333 0.008786 2.125485
0.835863 0.015109 0.014032 0.007395 0.000482 0.118327 0.008792 2.126990
0.835865 0.015073 0.014010 0.007374 0.000481 0.118401 0.008797 2.128487
0.835952 0.014993 0.014032 0.007352 0.000481 0.118387 0.008803 2.130006
0.836011 0.014974 0.013962 0.007324 0.000485 0.118436 0.008809 2.131450
0.836094 0.014918 0.013907 0.007313 0.000490 0.118464 0.008814 2.132959
0.836156 0.014921 0.013807 0.007287 0.000491 0.118518 0.008820 2.134414
0.836200 0.014907 0.013791 0.007253 0.000490 0.118536 0.008823 2.135874
0.836262 0.014820 0.013777 0.007236 0.000494 0.118582 0.008829 2.137346
0.836314 0.014790 0.013801 0.007214 0.000491 0.118551 0.008836 2.138842
0.836378 0.014788 0.013780 0.007169 0.000490 0.118551 0.008842 2.140279
0.836350 0.014798 0.013797 0.007152 0.000485 0.118567 0.008849 2.141745
0.836376 0.014727 0.013776 0.007154 0.000488 0.118622 0.008855 2.143231
0.836471 0.014726 0.013683 0.007163 0.000486 0.118612 0.008860 2.144659
0.836525 0.014701 0.013649 0.007163 0.000472 0.118621 0.008870 2.146082
0.836542 0.014705 0.013603 0.007148 0.000469 0.118659 0.008875 2.147505
0.836642 0.014687 0.013587 0.007163 0.000473 0.118569 0.008880 2.148955
0.836753 0.014650 0.013590 0.007119 0.000472 0.118531 0.008885 2.150392
0.836805 0.014691 0.013583 0.007089 0.000468 0.118472 0.008892 2.151798
0.836838 0.014703 0.013536 0.007135 0.000464 0.118430 0.008895 2.153239
0.836934 0.014702 0.013533 0.007119 0.000469 0.118345 0.008898 2.154661
0.836937 0.014730 0.013501 0.007108 0.000472 0.118348 0.008904 2.156081
0.837012 0.014687 0.013496 0.007118 0.000471 0.118306 0.008910 2.157525
0.837093 0.014623 0.013485 0.007087 0.000474 0.118324 0.008915 2.158978
0.837109 0.014591 0.013446 0.007081 0.000474 0.118383 0.008917 2.160428
0.837202 0.014512 0.013447 0.007070 0.000475 0.118372 0.008922 2.161871
0.837350 0.014526 0.013387 0.007055 0.000476 0.118279 0.008927 2.163271
0.837412 0.014469 0.013392 0.007039 0.000486 0.118270 0.008931 2.164717
0.837484 0.014492 0.013372 0.007049 0.000492 0.118173 0.008937 2.166144
0.837587 0.014403 0.013360 0.007046 0.000485 0.118178 0.008942 2.167576
0.837651 0.014407 0.013337 0.007030 0.000483 0.118142 0.008951 2.168992
0.837757 0.014409 0.013305 0.007004 0.000486 0.118082 0.008957 2.170378
0.837889 0.014385 0.013258 0.006998 0.000481 0.118023 0.008966 2.171779
0.837965 0.014374 0.013239 0.006982 0.000479 0.117988 0.008973 2.173173
0.837969 0.014418 0.013185 0.006944 0.000479 0.118025 0.008980 2.174549
0.838061 0.014420 0.013163 0.006895 0.000481 0.117994 0.008987 2.175918
0.838129 0.014394 0.013111 0.006925 0.000477 0.117971 0.008993 2.177309
0.838295 0.014364 0.013093 0.006919 0.000477 0.117855 0.008998 2.178689
0.838341 0.014314 0.013135 0.006903 0.000471 0.117834 0.009003 2.180106
0.838373 0.014329 0.013120 0.006901 0.000470 0.117796 0.009011 2.181528
0.838459 0.014286 0.013091 0.006878 0.000469 0.117800 0.009017 2.182951
0.838603 0.014245 0.013051 0.006894 0.000462 0.117721 0.009024 2.184324
0.838753 0.014193 0.013060 0.006890 0.000455 0.117619 0.009028 2.185730
0.838859 0.014171 0.013032 0.006863 0.000455 0.117587 0.009033 2.187105
0.838958 0.014151 0.012982 0.006855 0.000449 0.117564 0.009039 2.188471
0.839070 0.014118 0.012947 0.006856 0.000450 0.117515 0.009042 2.189857
0.839150 0.014145 0.012880 0.006818 0.000450 0.117511 0.009045 2.191196
0.839332 0.014071 0.012900 0.006805 0.000453 0.117388 0.009052 2.192593
0.839422 0.014025 0.012912 0.006787 0.000451 0.117341 0.009059 2.193993
0.839510 0.014018 0.012910 0.006794 0.000449 0.117254 0.009064 2.195379
0.839655 0.013990 0.012867 0.006811 0.000450 0.117158 0.009070 2.196720
0.839718 0.013978 0.012834 0.006824 0.000450 0.117121 0.009076 2.198103
0.839834 0.013970 0.012823 0.006804 0.000453 0.117036 0.009081 2.199481
0.839942 0.013945 0.012790 0.006774 0.000451 0.117010 0.009088 2.200855
0.840024 0.013944 0.012769 0.006755 0.000456 0.116956 0.009094 2.202211
0.840148 0.013869 0.012748 0.006769 0.000457 0.116907 0.009101 2.203623
0.840295 0.013839 0.012752 0.006754 0.000457 0.116797 0.009106 2.204982
0.840438 0.013756 0.012784 0.006763 0.000459 0.116688 0.009112 2.206401
0.840573 0.013700 0.012776 0.006738 0.000460 0.116636 0.009117 2.207790
0.840679 0.013736 0.012705 0.006737 0.000458 0.116561 0.009123 2.209112
0.840823 0.013708 0.012680 0.006724 0.000462 0.116470 0.009132 2.210433
0.840957 0.013659 0.012692 0.006682 0.000457 0.116414 0.009140 2.211805
0.841098 0.013619 0.012691 0.006636 0.000456 0.116354 0.009146 2.213131
0.841247 0.013590 0.012680 0.006620 0.000450 0.116260 0.009153 2.214494
0.841335 0.013613 0.012663 0.006575 0.000451 0.116205 0.009158 2.215815
0.841539 0.013565 0.012604 0.006564 0.000445 0.116115 0.009168 2.217154
0.841654 0.013509 0.012592 0.006586 0.000447 0.116038 0.009174 2.218527
0.841779 0.013545 0.012568 0.006576 0.000437 0.115905 0.009189 2.219821
0.841975 0.013479 0.012554 0.006565 0.000437 0.115794 0.009196 2.221182
0.842097 0.013495 0.012509 0.006551 0.000438 0.115709 0.009201 2.222475
0.842213 0.013449 0.012462 0.006560 0.000435 0.115675 0.009208 2.223838
0.842410 0.013412 0.012373 0.006556 0.000441 0.115595 0.009214 2.225148
0.842518 0.013379 0.012374 0.006523 0.000444 0.115543 0.009218 2.226495
0.842734 0.013342 0.012338 0.006515 0.000447 0.115402 0.009224 2.227808
0.842923 0.013336 0.012316 0.006502 0.000446 0.115248 0.009229 2.229124
0.843021 0.013359 0.012287 0.006483 0.000445 0.115170 0.009236 2.230437
0.843125 0.013373 0.012266 0.006476 0.000444 0.115077 0.009240 2.231760
0.843275 0.013342 0.012255 0.006475 0.000443 0.114964 0.009246 2.233094
0.843375 0.013404 0.012198 0.006490 0.000441 0.114838 0.009253 2.234386
0.843490 0.013475 0.012177 0.006460 0.000441 0.114701 0.009258 2.235653
0.843618 0.013406 0.012218 0.006477 0.000436 0.114580 0.009264 2.237007
0.843730 0.013418 0.012183 0.006471 0.000436 0.114495 0.009269 2.238320
0.843914 0.013406 0.012148 0.006482 0.000434 0.114341 0.009275 2.239615
0.844017 0.013418 0.012168 0.006461 0.000438 0.114219 0.009279 2.240948
0.844106 0.013415 0.012194 0.006434 0.000441 0.114128 0.009283 2.242270
0.844277 0.013409 0.012137 0.006462 0.000438 0.113988 0.009289 2.243558
0.844406 0.013430 0.012079 0.006454 0.000444 0.113895 0.009292 2.244853
0.844514 0.013355 0.012162 0.006442 0.000445 0.113786 0.009296 2.246225
0.844669 0.013358 0.012135 0.006450 0.000443 0.113642 0.009302 2.247530
0.844820 0.013339 0.012153 0.006445 0.000439 0.113496 0.009308 2.248837
0.844898 0.013328 0.012191 0.006461 0.000437 0.113372 0.009313 2.250185
0.845008 0.013306 0.012169 0.006459 0.000435 0.113305 0.009317 2.251513
0.845107 0.013329 0.012193 0.006435 0.000431 0.113181 0.009324 2.252817
0.845191 0.013350 0.012166 0.006437 0.000428 0.113094 0.009333 2.254114
0.845265 0.013368 0.012162 0.006438 0.000430 0.112999 0.009338 2.255433
0.845376 0.013401 0.012166 0.006421 0.000437 0.112858 0.009341 2.256742
0.845413 0.013435 0.012148 0.006401 0.000434 0.112822 0.009346 2.258060
0.845542 0.013430 0.012108 0.006404 0.000426 0.112739 0.009352 2.259363
0.845684 0.013408 0.012073 0.006404 0.000426 0.112645 0.009361 2.260673
0.845797 0.013378 0.012101 0.006386 0.000428 0.112542 0.009369 2.262014
0.845834 0.013466 0.012066 0.006378 0.000431 0.112454 0.009371 2.263284
0.845930 0.013507 0.012035 0.006372 0.000425 0.112352 0.009379 2.264573
0.846022 0.013522 0.012039 0.006367 0.000432 0.112233 0.009384 2.265886
0.846188 0.013436 0.012063 0.006375 0.000432 0.112116 0.009390 2.267233
0.846253 0.013372 0.012067 0.006403 0.000434 0.112078 0.009394 2.268591
0.846394 0.013384 0.012069 0.006380 0.000433 0.111945 0.009396 2.269912
0.846465 0.013424 0.012097 0.006345 0.000431 0.111837 0.009401 2.271195
0.846567 0.013460 0.012072 0.006331 0.000430 0.111733 0.009408 2.272449
0.846665 0.013435 0.012054 0.006395 0.000424 0.111612 0.009415 2.273777
0.846745 0.013465 0.012032 0.006421 0.000425 0.111493 0.009419 2.275087
0.846840 0.013389 0.012037 0.006431 0.000413 0.111463 0.009427 2.276433
0.846948 0.013360 0.012054 0.006414 0.000421 0.111372 0.009431 2.277743
0.847073 0.013366 0.012076 0.006423 0.000419 0.111207 0.009437 2.279063
0.847120 0.013354 0.012121 0.006410 0.000419 0.111135 0.009440 2.280390
0.847163 0.013392 0.012075 0.006422 0.000414 0.111089 0.009445 2.281661
0.847318 0.013334 0.012138 0.006432 0.000412 0.110914 0.009452 2.283005
0.847416 0.013376 0.012135 0.006406 0.000411 0.110797 0.009457 2.284281
0.847521 0.013344 0.012100 0.006436 0.000414 0.110723 0.009461 2.285611
0.847612 0.013338 0.012068 0.006415 0.000411 0.110686 0.009469 2.286913
0.847643 0.013391 0.012034 0.006407 0.000413 0.110638 0.009475 2.288206
0.847748 0.013390 0.012052 0.006411 0.000411 0.110509 0.009479 2.289497
0.847799 0.013373 0.012045 0.006419 0.000412 0.110466 0.009485 2.290816
0.847846 0.013364 0.011993 0.006447 0.000415 0.110447 0.009489 2.292143
0.847935 0.013354 0.011990 0.006428 0.000413 0.110387 0.009493 2.293479
0.848043 0.013327 0.011991 0.006415 0.000412 0.110314 0.009498 2.294787
0.848157 0.013357 0.011963 0.006354 0.000415 0.110252 0.009502 2.296062
0.848206 0.013369 0.011988 0.006375 0.000410 0.110144 0.009508 2.297362
0.848246 0.013334 0.011990 0.006380 0.000405 0.110130 0.009514 2.298687
0.848279 0.013342 0.011992 0.006377 0.000416 0.110076 0.009519 2.299994
0.848402 0.013319 0.011956 0.006380 0.000415 0.110003 0.009523 2.301296
0.848406 0.013326 0.011966 0.006383 0.000414 0.109974 0.009531 2.302633
0.848485 0.013350 0.011967 0.006379 0.000416 0.109869 0.009534 2.303937
0.848550 0.013406 0.011943 0.006357 0.000411 0.109792 0.009542 2.305214
0.848662 0.013451 0.011919 0.006304 0.000406 0.109711 0.009547 2.306460
0.848690 0.013427 0.011968 0.006306 0.000412 0.109648 0.009549 2.307817
0.848717 0.013459 0.011985 0.006300 0.000409 0.109576 0.009555 2.309135
0.848715 0.013524 0.011985 0.006288 0.000405 0.109524 0.009559 2.310430
0.848793 0.013535 0.011990 0.006291 0.000407 0.109422 0.009563 2.311758
