0.369451 0.061465 0.054755 0.031356 0.002010 0.475264 0.005697 1.549939
0.371157 0.059736 0.054667 0.031195 0.002025 0.475496 0.005723 1.555913
0.373319 0.057594 0.054539 0.031006 0.002014 0.475783 0.005747 1.561711
0.376155 0.055180 0.054378 0.030674 0.002008 0.475829 0.005776 1.567258
0.379236 0.052841 0.053983 0.030282 0.002006 0.475845 0.005807 1.572503
0.382590 0.050443 0.053622 0.029783 0.001997 0.475729 0.005836 1.577547
0.386179 0.048123 0.053053 0.029315 0.001990 0.475478 0.005862 1.582384
0.389727 0.045926 0.052314 0.028828 0.001984 0.475335 0.005886 1.587004
0.393406 0.043784 0.051562 0.028243 0.001975 0.475116 0.005915 1.591399
0.397222 0.041838 0.050784 0.027579 0.001969 0.474675 0.005933 1.595568
0.401090 0.039887 0.049970 0.026981 0.001968 0.474143 0.005961 1.599588
0.404942 0.038087 0.049062 0.026329 0.001956 0.473634 0.005990 1.603469
0.408951 0.036395 0.048051 0.025670 0.001934 0.472982 0.006017 1.607136
0.412864 0.034870 0.047044 0.024998 0.001919 0.472262 0.006044 1.610605
0.416849 0.033468 0.046008 0.024309 0.001897 0.471399 0.006069 1.613932
0.420791 0.032057 0.044990 0.023648 0.001886 0.470530 0.006098 1.617203
0.424777 0.030849 0.043940 0.022935 0.001867 0.469508 0.006123 1.620250
0.428905 0.029668 0.042852 0.022265 0.001850 0.468311 0.006150 1.623205
0.433043 0.028569 0.041797 0.021563 0.001823 0.467027 0.006179 1.626004
0.437271 0.027550 0.040795 0.020918 0.001813 0.465454 0.006198 1.628705
0.441323 0.026692 0.039733 0.020250 0.001791 0.463990 0.006222 1.631336
0.445289 0.025795 0.038739 0.019639 0.001755 0.462536 0.006248 1.633932
0.449356 0.025008 0.037686 0.019031 0.001733 0.460919 0.006267 1.636427
0.453344 0.024302 0.036647 0.018450 0.001712 0.459259 0.006286 1.638809
0.457466 0.023620 0.035656 0.017874 0.001692 0.457389 0.006303 1.641121
0.461607 0.022934 0.034756 0.017321 0.001665 0.455389 0.006329 1.643444
0.465733 0.022320 0.033844 0.016759 0.001640 0.453362 0.006342 1.645653
0.469787 0.021768 0.032905 0.016228 0.001621 0.451336 0.006357 1.647792
0.473758 0.021280 0.032025 0.015768 0.001583 0.449209 0.006377 1.649874
0.477788 0.020755 0.031217 0.015333 0.001562 0.446952 0.006393 1.651967
0.481785 0.020316 0.030377 0.014911 0.001530 0.444672 0.006408 1.653959
0.485681 0.019939 0.029617 0.014478 0.001494 0.442362 0.006428 1.655922
0.489663 0.019598 0.028805 0.014037 0.001458 0.439993 0.006447 1.657807
0.493579 0.019208 0.028098 0.013675 0.001420 0.437552 0.006469 1.659697
0.497442 0.018825 0.027355 0.013334 0.001387 0.435172 0.006485 1.661593
0.501358 0.018503 0.026664 0.012945 0.001357 0.432670 0.006504 1.663442
0.505109 0.018228 0.026034 0.012581 0.001330 0.430198 0.006518 1.665214
0.508898 0.017914 0.025393 0.012256 0.001294 0.427707 0.006536 1.667003
0.512750 0.017650 0.024854 0.011923 0.001253 0.425015 0.006554 1.668715
0.516516 0.017347 0.024340 0.011654 0.001220 0.422354 0.006571 1.670479
0.520294 0.017102 0.023783 0.011366 0.001191 0.419677 0.006587 1.672168
0.524143 0.016931 0.023179 0.011086 0.001163 0.416897 0.006601 1.673773
0.527758 0.016778 0.022689 0.010799 0.001143 0.414219 0.006615 1.675417
0.531504 0.016627 0.022146 0.010578 0.001116 0.411399 0.006629 1.677042
0.535080 0.016528 0.021693 0.010366 0.001093 0.408596 0.006644 1.678641
0.538695 0.016427 0.021249 0.010164 0.001076 0.405736 0.006654 1.680276
0.542336 0.016327 0.020850 0.009945 0.001059 0.402816 0.006667 1.681808
0.545832 0.016218 0.020491 0.009684 0.001035 0.400062 0.006679 1.683396
0.549464 0.015980 0.020163 0.009531 0.001005 0.397165 0.006692 1.685027
0.552995 0.015869 0.019790 0.009333 0.000978 0.394330 0.006705 1.686556
0.556501 0.015756 0.019449 0.009123 0.000958 0.391496 0.006717 1.688117
0.559910 0.015701 0.019112 0.008983 0.000931 0.388633 0.006730 1.689652
0.563302 0.015624 0.018824 0.008821 0.000917 0.385774 0.006740 1.691161
0.566559 0.015585 0.018523 0.008663 0.000890 0.383026 0.006753 1.692710
0.569878 0.015543 0.018315 0.008467 0.000870 0.380161 0.006765 1.694234
0.573095 0.015489 0.018057 0.008349 0.000846 0.377387 0.006776 1.695775
0.576335 0.015444 0.017821 0.008213 0.000816 0.374585 0.006786 1.697290
0.579584 0.015373 0.017585 0.008060 0.000788 0.371811 0.006800 1.698820
0.582655 0.015351 0.017419 0.007928 0.000760 0.369076 0.006810 1.700354
0.585799 0.015366 0.017158 0.007858 0.000746 0.366256 0.006816 1.701809
0.588906 0.015353 0.016969 0.007797 0.000731 0.363417 0.006826 1.703325
0.592059 0.015252 0.016790 0.007712 0.000720 0.360632 0.006835 1.704839
0.595062 0.015263 0.016638 0.007664 0.000708 0.357820 0.006845 1.706348
0.598059 0.015231 0.016526 0.007595 0.000692 0.355042 0.006854 1.707866
0.600953 0.015237 0.016385 0.007518 0.000679 0.352363 0.006865 1.709345
0.603884 0.015150 0.016311 0.007473 0.000666 0.349643 0.006872 1.710864
0.606668 0.015206 0.016186 0.007426 0.000648 0.346984 0.006881 1.712370
0.609429 0.015285 0.016018 0.007363 0.000634 0.344382 0.006890 1.713815
0.612197 0.015305 0.015952 0.007325 0.000625 0.341701 0.006896 1.715320
0.614986 0.015333 0.015817 0.007265 0.000612 0.339083 0.006904 1.716827
0.617685 0.015325 0.015764 0.007235 0.000600 0.336480 0.006911 1.718383
0.620342 0.015313 0.015720 0.007172 0.000584 0.333951 0.006918 1.719926
0.623033 0.015260 0.015668 0.007105 0.000576 0.331436 0.006922 1.721481
0.625590 0.015245 0.015554 0.007069 0.000561 0.329052 0.006929 1.723017
0.628191 0.015289 0.015494 0.007031 0.000552 0.326510 0.006934 1.724504
0.630716 0.015354 0.015395 0.007000 0.000535 0.324058 0.006942 1.725981
0.633157 0.015413 0.015336 0.006983 0.000523 0.321643 0.006946 1.727499
0.635627 0.015470 0.015312 0.006932 0.000514 0.319194 0.006952 1.729018
0.637955 0.015554 0.015254 0.006940 0.000496 0.316846 0.006957 1.730541
0.640426 0.015595 0.015156 0.006917 0.000485 0.314459 0.006962 1.732039
0.642804 0.015645 0.015117 0.006912 0.000470 0.312083 0.006969 1.733559
0.645122 0.015705 0.015036 0.006882 0.000453 0.309825 0.006978 1.735041
0.647392 0.015819 0.014953 0.006877 0.000445 0.307532 0.006982 1.736566
0.649666 0.015772 0.014999 0.006886 0.000432 0.305258 0.006987 1.738168
0.651834 0.015895 0.014974 0.006868 0.000423 0.303016 0.006991 1.739674
0.653980 0.015979 0.014993 0.006852 0.000421 0.300782 0.006994 1.741216
0.656067 0.016079 0.014925 0.006867 0.000417 0.298646 0.006999 1.742765
0.658157 0.016121 0.014946 0.006858 0.000412 0.296506 0.007001 1.744364
0.660209 0.016184 0.014933 0.006843 0.000408 0.294418 0.007006 1.745915
0.662135 0.016236 0.014956 0.006853 0.000395 0.292413 0.007012 1.747506
0.664045 0.016338 0.015020 0.006858 0.000381 0.290341 0.007016 1.749120
0.665938 0.016432 0.015072 0.006865 0.000369 0.288302 0.007023 1.750737
0.667862 0.016499 0.015172 0.006871 0.000364 0.286207 0.007026 1.752369
0.669682 0.016595 0.015191 0.006882 0.000354 0.284267 0.007030 1.753991
0.671513 0.016696 0.015205 0.006904 0.000348 0.282302 0.007033 1.755617
0.673390 0.016705 0.015227 0.006984 0.000344 0.280313 0.007038 1.757299
0.675184 0.016841 0.015260 0.007004 0.000342 0.278328 0.007041 1.758906
0.676947 0.016865 0.015399 0.007047 0.000337 0.276364 0.007042 1.760630
0.678610 0.016946 0.015453 0.007032 0.000337 0.274577 0.007045 1.762296
0.680211 0.017090 0.015462 0.007007 0.000334 0.272848 0.007049 1.763933
0.681780 0.017181 0.015508 0.007068 0.000329 0.271083 0.007051 1.765616
0.683425 0.017299 0.015561 0.007089 0.000323 0.269248 0.007056 1.767296
0.684949 0.017397 0.015641 0.007104 0.000323 0.267526 0.007059 1.769028
0.686442 0.017488 0.015644 0.007130 0.000318 0.265915 0.007063 1.770733
0.687886 0.017608 0.015730 0.007198 0.000313 0.264198 0.007066 1.772488
0.689309 0.017723 0.015789 0.007258 0.000310 0.262543 0.007069 1.774260
0.690706 0.017865 0.015878 0.007292 0.000308 0.260881 0.007070 1.776012
0.692052 0.017940 0.016021 0.007303 0.000302 0.259309 0.007072 1.777804
0.693473 0.018058 0.016080 0.007358 0.000298 0.257658 0.007075 1.779557
0.694784 0.018166 0.016131 0.007371 0.000296 0.256173 0.007079 1.781306
0.695929 0.018342 0.016238 0.007401 0.000300 0.254710 0.007080 1.783091
0.697147 0.018464 0.016324 0.007453 0.000298 0.253229 0.007084 1.784928
0.698292 0.018658 0.016392 0.007479 0.000298 0.251794 0.007087 1.786720
0.699478 0.018740 0.016488 0.007516 0.000297 0.250393 0.007089 1.788571
0.700632 0.018852 0.016571 0.007532 0.000288 0.249032 0.007093 1.790379
0.701662 0.019062 0.016633 0.007586 0.000286 0.247676 0.007096 1.792229
0.702789 0.019272 0.016685 0.007602 0.000283 0.246271 0.007098 1.794058
0.703790 0.019325 0.016833 0.007667 0.000281 0.245001 0.007102 1.795996
0.704912 0.019480 0.016929 0.007672 0.000279 0.243623 0.007104 1.797862
0.705812 0.019710 0.016996 0.007731 0.000274 0.242369 0.007108 1.799761
0.706659 0.019947 0.017095 0.007786 0.000271 0.241131 0.007111 1.801658
0.707565 0.020077 0.017229 0.007841 0.000268 0.239908 0.007113 1.803618
0.708385 0.020164 0.017350 0.007888 0.000267 0.238831 0.007115 1.805611
0.709318 0.020278 0.017452 0.007965 0.000264 0.237605 0.007117 1.807617
0.710071 0.020434 0.017535 0.008028 0.000262 0.236550 0.007120 1.809602
0.710832 0.020642 0.017653 0.008084 0.000262 0.235405 0.007122 1.811605
0.711619 0.020769 0.017736 0.008164 0.000258 0.234325 0.007127 1.813644
0.712347 0.020903 0.017842 0.008219 0.000258 0.233300 0.007130 1.815675
0.713006 0.021081 0.017957 0.008257 0.000259 0.232306 0.007133 1.817722
0.713755 0.021212 0.018111 0.008310 0.000255 0.231220 0.007137 1.819767
0.714386 0.021332 0.018244 0.008382 0.000254 0.230263 0.007139 1.821884
0.715042 0.021420 0.018353 0.008462 0.000250 0.229331 0.007141 1.824000
0.715698 0.021526 0.018433 0.008525 0.000250 0.228424 0.007144 1.826089
0.716338 0.021649 0.018551 0.008588 0.000248 0.227481 0.007144 1.828212
0.716919 0.021810 0.018660 0.008632 0.000250 0.226583 0.007146 1.830320
0.717592 0.021872 0.018820 0.008692 0.000251 0.225625 0.007148 1.832496
0.718185 0.021999 0.018930 0.008741 0.000251 0.224741 0.007151 1.834648
0.718652 0.022149 0.019029 0.008755 0.000254 0.224008 0.007153 1.836777
0.719108 0.022296 0.019136 0.008771 0.000249 0.223281 0.007157 1.838941
0.719538 0.022488 0.019227 0.008816 0.000254 0.222520 0.007157 1.841117
0.719923 0.022622 0.019400 0.008854 0.000254 0.221789 0.007159 1.843328
0.720401 0.022694 0.019564 0.008871 0.000256 0.221050 0.007163 1.845575
0.720934 0.022741 0.019746 0.008921 0.000256 0.220237 0.007165 1.847835
0.721350 0.022834 0.019864 0.008974 0.000258 0.219552 0.007167 1.850054
0.721710 0.022974 0.020044 0.009021 0.000259 0.218823 0.007169 1.852317
0.722029 0.023184 0.020082 0.009062 0.000267 0.218204 0.007171 1.854528
0.722391 0.023337 0.020200 0.009082 0.000270 0.217546 0.007173 1.856783
0.722687 0.023483 0.020323 0.009141 0.000270 0.216922 0.007175 1.859058
0.722859 0.023629 0.020390 0.009215 0.000269 0.216461 0.007178 1.861389
0.723108 0.023787 0.020548 0.009285 0.000263 0.215829 0.007180 1.863689
0.723465 0.023929 0.020584 0.009307 0.000260 0.215273 0.007182 1.865947
0.723710 0.024009 0.020747 0.009383 0.000261 0.214705 0.007185 1.868321
0.723858 0.024135 0.020862 0.009418 0.000264 0.214278 0.007186 1.870683
0.724071 0.024250 0.020970 0.009518 0.000265 0.213737 0.007190 1.873072
0.724271 0.024317 0.021101 0.009600 0.000264 0.213253 0.007194 1.875443
0.724418 0.024332 0.021260 0.009661 0.000263 0.212870 0.007197 1.877872
0.724527 0.024480 0.021347 0.009715 0.000265 0.212467 0.007200 1.880288
0.724651 0.024648 0.021438 0.009719 0.000275 0.212067 0.007202 1.882627
0.724697 0.024764 0.021580 0.009791 0.000272 0.211691 0.007205 1.885058
0.724873 0.024837 0.021724 0.009813 0.000274 0.211274 0.007207 1.887479
0.724957 0.024945 0.021779 0.009837 0.000279 0.210996 0.007208 1.889860
0.724997 0.025081 0.021889 0.009917 0.000279 0.210627 0.007210 1.892300
0.725076 0.025198 0.022034 0.009978 0.000281 0.210220 0.007214 1.894746
0.725131 0.025310 0.022099 0.009996 0.000279 0.209969 0.007216 1.897202
0.725242 0.025424 0.022182 0.010049 0.000279 0.209604 0.007219 1.899639
0.725272 0.025497 0.022330 0.010108 0.000280 0.209292 0.007221 1.902139
0.725350 0.025541 0.022440 0.010157 0.000285 0.209004 0.007223 1.904638
0.725422 0.025573 0.022607 0.010190 0.000283 0.208699 0.007226 1.907161
0.725475 0.025672 0.022679 0.010220 0.000289 0.208436 0.007229 1.909644
0.725506 0.025725 0.022756 0.010278 0.000293 0.208213 0.007230 1.912161
0.725535 0.025810 0.022882 0.010345 0.000290 0.207905 0.007234 1.914710
0.725529 0.025863 0.022945 0.010452 0.000289 0.207687 0.007236 1.917225
0.725546 0.025911 0.023038 0.010515 0.000296 0.207455 0.007239 1.919783
0.725527 0.025897 0.023169 0.010587 0.000291 0.207287 0.007241 1.922342
0.725471 0.025913 0.023367 0.010630 0.000297 0.207079 0.007243 1.924904
0.725466 0.025991 0.023429 0.010646 0.000297 0.206925 0.007246 1.927424
0.725440 0.026054 0.023524 0.010655 0.000295 0.206782 0.007250 1.929961
0.725406 0.026096 0.023581 0.010682 0.000297 0.206685 0.007253 1.932546
0.725421 0.026154 0.023658 0.010680 0.000301 0.206532 0.007256 1.935105
0.725514 0.026131 0.023754 0.010715 0.000302 0.206325 0.007259 1.937702
0.725531 0.026207 0.023833 0.010766 0.000302 0.206099 0.007262 1.940253
0.725559 0.026221 0.023893 0.010767 0.000306 0.205988 0.007265 1.942790
0.725557 0.026218 0.024006 0.010779 0.000309 0.205863 0.007267 1.945381
0.725466 0.026290 0.024064 0.010801 0.000316 0.205793 0.007269 1.947960
0.725413 0.026307 0.024160 0.010772 0.000321 0.205757 0.007272 1.950495
0.725365 0.026349 0.024250 0.010830 0.000319 0.205613 0.007276 1.953093
0.725273 0.026338 0.024303 0.010886 0.000318 0.205605 0.007278 1.955690
0.725177 0.026397 0.024312 0.010918 0.000318 0.205598 0.007280 1.958250
0.725123 0.026434 0.024387 0.010926 0.000318 0.205529 0.007283 1.960860
0.725086 0.026452 0.024439 0.010915 0.000315 0.205505 0.007287 1.963421
0.725061 0.026429 0.024483 0.010871 0.000321 0.205546 0.007289 1.966023
0.725077 0.026417 0.024471 0.010878 0.000326 0.205538 0.007293 1.968597
0.725081 0.026483 0.024481 0.010893 0.000332 0.205435 0.007295 1.971138
0.725010 0.026501 0.024552 0.010920 0.000336 0.205383 0.007297 1.973767
0.724985 0.026516 0.024628 0.010906 0.000340 0.205325 0.007301 1.976342
0.724999 0.026465 0.024667 0.010949 0.000337 0.205278 0.007304 1.978947
0.724969 0.026460 0.024687 0.010946 0.000341 0.205288 0.007308 1.981499
0.724930 0.026454 0.024675 0.010981 0.000347 0.205301 0.007311 1.984084
0.724966 0.026402 0.024684 0.011040 0.000350 0.205243 0.007314 1.986655
0.724976 0.026402 0.024690 0.011071 0.000352 0.205190 0.007319 1.989220
0.724981 0.026347 0.024723 0.011124 0.000359 0.205144 0.007322 1.991820
0.724931 0.026378 0.024812 0.011121 0.000361 0.205072 0.007324 1.994405
0.724946 0.026275 0.024863 0.011134 0.000364 0.205090 0.007328 1.997040
0.724907 0.026310 0.024903 0.011118 0.000356 0.205075 0.007331 1.999619
0.724948 0.026307 0.024885 0.011111 0.000357 0.205057 0.007333 2.002172
0.725060 0.026164 0.024863 0.011149 0.000356 0.205071 0.007336 2.004789
0.725196 0.026028 0.024928 0.011174 0.000358 0.204976 0.007339 2.007414
0.725191 0.026012 0.024982 0.011171 0.000359 0.204941 0.007343 2.009995
0.725349 0.025951 0.024968 0.011158 0.000366 0.204864 0.007345 2.012537
0.725339 0.025948 0.024931 0.011157 0.000362 0.204914 0.007349 2.015077
0.725299 0.025915 0.024907 0.011152 0.000360 0.205015 0.007351 2.017625
0.725314 0.025934 0.024881 0.011102 0.000358 0.205055 0.007354 2.020112
0.725432 0.025895 0.024855 0.011072 0.000358 0.205033 0.007356 2.022637
0.725501 0.025839 0.024873 0.011060 0.000356 0.205012 0.007359 2.025199
0.725597 0.025738 0.024828 0.011078 0.000356 0.205041 0.007362 2.027755
0.725651 0.025695 0.024861 0.011043 0.000358 0.205028 0.007364 2.030320
0.725717 0.025663 0.024818 0.011029 0.000355 0.205052 0.007366 2.032839
0.725895 0.025569 0.024795 0.011006 0.000352 0.205010 0.007371 2.035358
0.726039 0.025507 0.024770 0.011001 0.000351 0.204957 0.007375 2.037857
0.726065 0.025453 0.024719 0.010983 0.000351 0.205051 0.007378 2.040400
0.726133 0.025413 0.024706 0.010973 0.000358 0.205035 0.007381 2.042926
0.726273 0.025414 0.024708 0.010922 0.000358 0.204942 0.007384 2.045403
0.726308 0.025392 0.024736 0.010920 0.000352 0.204905 0.007387 2.047916
0.726355 0.025380 0.024694 0.010885 0.000354 0.204942 0.007390 2.050403
0.726514 0.025281 0.024717 0.010875 0.000354 0.204866 0.007393 2.052922
0.726647 0.025247 0.024682 0.010874 0.000354 0.204800 0.007396 2.055410
0.726741 0.025262 0.024600 0.010850 0.000356 0.204792 0.007399 2.057815
0.726867 0.025217 0.024546 0.010798 0.000358 0.204811 0.007403 2.060290
0.727012 0.025247 0.024464 0.010757 0.000358 0.204754 0.007407 2.062668
0.727143 0.025174 0.024417 0.010792 0.000355 0.204708 0.007412 2.065172
0.727225 0.025175 0.024413 0.010776 0.000358 0.204640 0.007414 2.067651
0.727278 0.025169 0.024372 0.010783 0.000356 0.204624 0.007417 2.070098
0.727352 0.025187 0.024328 0.010774 0.000352 0.204587 0.007420 2.072539
0.727419 0.025213 0.024357 0.010753 0.000355 0.204480 0.007422 2.075007
0.727631 0.025119 0.024266 0.010783 0.000354 0.204423 0.007424 2.077466
0.727818 0.025053 0.024228 0.010760 0.000359 0.204352 0.007428 2.079920
0.727959 0.025038 0.024153 0.010726 0.000360 0.204331 0.007433 2.082324
0.728122 0.024959 0.024144 0.010705 0.000363 0.204271 0.007436 2.084798
0.728291 0.024911 0.024140 0.010686 0.000363 0.204173 0.007436 2.087226
0.728457 0.024840 0.024096 0.010680 0.000363 0.204125 0.007439 2.089663
0.728586 0.024783 0.024060 0.010750 0.000359 0.204021 0.007442 2.092140
0.728710 0.024748 0.023970 0.010754 0.000358 0.204017 0.007443 2.094580
0.729021 0.024606 0.023946 0.010704 0.000360 0.203918 0.007445 2.096999
0.729286 0.024531 0.023868 0.010676 0.000363 0.203829 0.007448 2.099386
0.729429 0.024497 0.023827 0.010662 0.000363 0.203769 0.007453 2.101769
0.729545 0.024443 0.023705 0.010675 0.000369 0.203808 0.007456 2.104195
0.729769 0.024335 0.023705 0.010663 0.000370 0.203699 0.007459 2.106603
0.729935 0.024279 0.023632 0.010654 0.000372 0.203666 0.007463 2.108996
0.730146 0.024196 0.023596 0.010604 0.000374 0.203620 0.007465 2.111387
0.730331 0.024176 0.023558 0.010589 0.000374 0.203504 0.007468 2.113740
0.730514 0.024093 0.023473 0.010591 0.000370 0.203491 0.007470 2.116143
0.730737 0.024083 0.023447 0.010542 0.000375 0.203343 0.007473 2.118511
0.730977 0.023984 0.023418 0.010547 0.000376 0.203224 0.007476 2.120905
0.731286 0.023916 0.023347 0.010536 0.000376 0.203061 0.007479 2.123237
0.731542 0.023897 0.023328 0.010449 0.000374 0.202928 0.007482 2.125532
0.731813 0.023854 0.023277 0.010468 0.000366 0.202737 0.007485 2.127871
0.732117 0.023804 0.023176 0.010444 0.000364 0.202609 0.007487 2.130181
0.732363 0.023767 0.023140 0.010439 0.000360 0.202438 0.007492 2.132483
0.732695 0.023615 0.023147 0.010422 0.000360 0.202265 0.007496 2.134874
0.732879 0.023604 0.023064 0.010380 0.000361 0.202215 0.007497 2.137197
0.733137 0.023599 0.022929 0.010330 0.000366 0.202139 0.007500 2.139482
0.733432 0.023565 0.022862 0.010352 0.000367 0.201919 0.007503 2.141809
0.733663 0.023533 0.022873 0.010326 0.000360 0.201741 0.007506 2.144159
0.733976 0.023502 0.022792 0.010317 0.000358 0.201546 0.007509 2.146440
0.734216 0.023497 0.022752 0.010253 0.000362 0.201408 0.007512 2.148729
0.734482 0.023450 0.022733 0.010188 0.000362 0.201270 0.007515 2.151033
0.734740 0.023417 0.022760 0.010108 0.000359 0.201099 0.007517 2.153340
0.734894 0.023509 0.022629 0.010109 0.000363 0.200975 0.007520 2.155564
0.735079 0.023616 0.022553 0.010044 0.000356 0.200828 0.007524 2.157792
0.735260 0.023618 0.022534 0.010053 0.000354 0.200655 0.007527 2.160121
0.735433 0.023637 0.022506 0.010008 0.000352 0.200533 0.007531 2.162414
0.735696 0.023522 0.022553 0.009979 0.000356 0.200360 0.007534 2.164746
0.735878 0.023636 0.022497 0.009934 0.000354 0.200161 0.007539 2.166954
0.736195 0.023561 0.022565 0.009916 0.000359 0.199863 0.007541 2.169270
0.736415 0.023544 0.022591 0.009981 0.000350 0.199576 0.007545 2.171607
0.736520 0.023567 0.022554 0.009971 0.000352 0.199487 0.007548 2.173919
0.736718 0.023604 0.022539 0.009947 0.000345 0.199295 0.007552 2.176256
0.736923 0.023581 0.022550 0.009975 0.000346 0.199072 0.007555 2.178619
0.737044 0.023623 0.022546 0.009945 0.000348 0.198938 0.007557 2.180922
0.737108 0.023702 0.022560 0.009942 0.000344 0.198786 0.007559 2.183239
0.737224 0.023683 0.022598 0.009932 0.000343 0.198658 0.007562 2.185613
0.737383 0.023661 0.022561 0.009943 0.000342 0.198546 0.007565 2.187941
0.737528 0.023716 0.022585 0.009959 0.000341 0.198303 0.007569 2.190254
0.737665 0.023692 0.022606 0.009981 0.000337 0.198148 0.007571 2.192614
0.737788 0.023665 0.022552 0.009993 0.000340 0.198090 0.007573 2.194968
0.737995 0.023675 0.022523 0.009975 0.000335 0.197919 0.007578 2.197276
0.738164 0.023677 0.022508 0.009985 0.000334 0.197750 0.007582 2.199570
0.738372 0.023696 0.022455 0.009987 0.000334 0.197573 0.007584 2.201831
0.738424 0.023754 0.022464 0.010005 0.000334 0.197434 0.007586 2.204187
0.738571 0.023727 0.022423 0.010036 0.000329 0.197324 0.007589 2.206535
0.738799 0.023597 0.022489 0.010036 0.000329 0.197156 0.007594 2.208908
0.738918 0.023554 0.022562 0.010060 0.000330 0.196980 0.007597 2.211271
0.738946 0.023624 0.022470 0.010032 0.000325 0.197004 0.007599 2.213557
0.739109 0.023545 0.022519 0.010059 0.000328 0.196841 0.007600 2.215909
0.739311 0.023534 0.022581 0.010020 0.000330 0.196621 0.007602 2.218198
0.739494 0.023502 0.022606 0.010014 0.000329 0.196451 0.007604 2.220511
0.739580 0.023568 0.022526 0.009993 0.000336 0.196392 0.007606 2.222795
0.739703 0.023629 0.022509 0.009992 0.000333 0.196226 0.007609 2.225088
0.739759 0.023628 0.022565 0.009973 0.000338 0.196125 0.007612 2.227457
0.739878 0.023636 0.022538 0.010034 0.000338 0.195963 0.007614 2.229806
0.740058 0.023574 0.022600 0.009979 0.000339 0.195834 0.007616 2.232134
0.740116 0.023618 0.022566 0.009950 0.000333 0.195798 0.007620 2.234435
0.740266 0.023648 0.022561 0.009924 0.000330 0.195650 0.007621 2.236701
0.740357 0.023660 0.022572 0.009906 0.000335 0.195547 0.007624 2.239025
0.740436 0.023584 0.022658 0.009879 0.000334 0.195481 0.007629 2.241396
0.740524 0.023649 0.022621 0.009884 0.000327 0.195362 0.007634 2.243706
0.740595 0.023694 0.022607 0.009908 0.000330 0.195232 0.007635 2.246041
0.740631 0.023755 0.022592 0.009946 0.000334 0.195105 0.007637 2.248358
0.740730 0.023681 0.022649 0.009968 0.000332 0.194999 0.007641 2.250738
0.740835 0.023726 0.022637 0.009977 0.000334 0.194848 0.007644 2.253052
0.740902 0.023766 0.022607 0.009967 0.000334 0.194776 0.007647 2.255397
0.741070 0.023769 0.022572 0.009968 0.000331 0.194642 0.007649 2.257688
0.741119 0.023769 0.022578 0.009951 0.000326 0.194605 0.007652 2.260047
0.741198 0.023884 0.022517 0.009977 0.000327 0.194444 0.007654 2.262320
0.741244 0.023925 0.022529 0.009993 0.000324 0.194329 0.007656 2.264673
0.741385 0.023935 0.022447 0.010002 0.000325 0.194248 0.007658 2.266949
0.741524 0.023864 0.022467 0.010008 0.000322 0.194157 0.007659 2.269316
0.741648 0.023975 0.022405 0.009984 0.000323 0.194003 0.007662 2.271571
0.741677 0.024002 0.022490 0.010021 0.000332 0.193813 0.007664 2.273943
0.741783 0.024027 0.022469 0.010060 0.000337 0.193658 0.007666 2.276264
0.741844 0.023982 0.022506 0.010094 0.000340 0.193567 0.007669 2.278674
0.742001 0.023754 0.022645 0.010135 0.000339 0.193454 0.007672 2.281143
0.742093 0.023783 0.022614 0.010109 0.000338 0.193387 0.007676 2.283442
0.742214 0.023748 0.022574 0.010077 0.000339 0.193369 0.007680 2.285774
0.742303 0.023718 0.022598 0.010070 0.000338 0.193293 0.007681 2.288130
0.742367 0.023759 0.022545 0.010119 0.000334 0.193191 0.007684 2.290472
0.742363 0.023806 0.022540 0.010134 0.000332 0.193136 0.007688 2.292795
0.742442 0.023742 0.022591 0.010123 0.000335 0.193076 0.007691 2.295182
0.742494 0.023760 0.022618 0.010123 0.000330 0.192978 0.007697 2.297544
0.742642 0.023785 0.022582 0.010112 0.000330 0.192851 0.007699 2.299833
0.742670 0.023841 0.022553 0.010110 0.000326 0.192798 0.007703 2.302166
0.742600 0.023899 0.022550 0.010106 0.000334 0.192806 0.007706 2.304504
0.742654 0.023919 0.022570 0.010081 0.000331 0.192736 0.007709 2.306854
0.742653 0.024005 0.022602 0.010036 0.000330 0.192662 0.007712 2.309168
0.742691 0.024022 0.022657 0.010047 0.000331 0.192539 0.007713 2.311539
0.742769 0.024103 0.022627 0.010002 0.000325 0.192458 0.007715 2.313822
0.742829 0.024127 0.022616 0.009996 0.000319 0.192394 0.007719 2.316155
0.742873 0.024199 0.022594 0.010009 0.000324 0.192281 0.007720 2.318490
0.742801 0.024191 0.022653 0.010044 0.000320 0.192270 0.007723 2.320934
0.742840 0.024152 0.022700 0.010071 0.000321 0.192192 0.007724 2.323338
0.742789 0.024136 0.022730 0.010088 0.000324 0.192207 0.007726 2.325756
0.742803 0.024206 0.022744 0.010124 0.000325 0.192068 0.007729 2.328094
0.742867 0.024157 0.022771 0.010117 0.000327 0.192029 0.007731 2.330471
0.742896 0.024155 0.022769 0.010177 0.000330 0.191936 0.007737 2.332885
0.742883 0.024196 0.022810 0.010155 0.000334 0.191883 0.007738 2.335240
0.742944 0.024234 0.022832 0.010120 0.000335 0.191796 0.007739 2.337579
0.742989 0.024164 0.022844 0.010187 0.000342 0.191733 0.007740 2.339992
0.742962 0.024248 0.022808 0.010156 0.000339 0.191746 0.007742 2.342316
0.742880 0.024275 0.022838 0.010204 0.000338 0.191720 0.007744 2.344704
0.742928 0.024197 0.022950 0.010237 0.000337 0.191602 0.007749 2.347121
0.742957 0.024206 0.022906 0.010231 0.000338 0.191610 0.007752 2.349470
0.742957 0.024180 0.022877 0.010250 0.000341 0.191641 0.007755 2.351842
0.742989 0.024198 0.022895 0.010258 0.000340 0.191565 0.007757 2.354217
0.743012 0.024205 0.022927 0.010255 0.000337 0.191503 0.007761 2.356596
0.743002 0.024237 0.022937 0.010223 0.000341 0.191498 0.007763 2.358980
0.742913 0.024317 0.022914 0.010263 0.000340 0.191487 0.007767 2.361320
0.742983 0.024315 0.022960 0.010242 0.000343 0.191387 0.007770 2.363704
0.743110 0.024311 0.022943 0.010235 0.000340 0.191283 0.007777 2.366052
0.743133 0.024265 0.022981 0.010220 0.000338 0.191283 0.007779 2.368427
0.743076 0.024330 0.022986 0.010225 0.000340 0.191262 0.007782 2.370828
0.742985 0.024431 0.022978 0.010228 0.000345 0.191248 0.007785 2.373196
0.743017 0.024369 0.023002 0.010226 0.000344 0.191253 0.007788 2.375648
0.742936 0.024386 0.023012 0.010231 0.000347 0.191298 0.007791 2.378058
0.742924 0.024396 0.023013 0.010247 0.000344 0.191281 0.007795 2.380443
0.742919 0.024375 0.023117 0.010260 0.000338 0.191192 0.007799 2.382866
0.742835 0.024405 0.023133 0.010271 0.000335 0.191215 0.007806 2.385254
0.742801 0.024323 0.023202 0.010311 0.000336 0.191221 0.007807 2.387727
0.742849 0.024322 0.023207 0.010307 0.000332 0.191173 0.007809 2.390115
0.742876 0.024284 0.023182 0.010325 0.000328 0.191191 0.007813 2.392521
0.742795 0.024270 0.023169 0.010337 0.000329 0.191285 0.007816 2.394895
0.742793 0.024311 0.023168 0.010355 0.000327 0.191227 0.007819 2.397244
0.742765 0.024278 0.023221 0.010350 0.000325 0.191237 0.007823 2.399667
0.742696 0.024328 0.023296 0.010347 0.000327 0.191181 0.007825 2.402078
0.742721 0.024386 0.023286 0.010360 0.000335 0.191084 0.007828 2.404426
0.742706 0.024353 0.023286 0.010380 0.000336 0.191107 0.007832 2.406880
0.742713 0.024296 0.023344 0.010389 0.000336 0.191088 0.007833 2.409300
0.742675 0.024362 0.023287 0.010389 0.000337 0.191113 0.007837 2.411651
0.742604 0.024444 0.023307 0.010357 0.000336 0.191110 0.007841 2.414029
0.742670 0.024392 0.023361 0.010363 0.000331 0.191036 0.007846 2.416467
0.742597 0.024392 0.023340 0.010361 0.000332 0.191128 0.007850 2.418846
0.742613 0.024379 0.023322 0.010341 0.000327 0.191165 0.007853 2.421243
0.742650 0.024332 0.023274 0.010364 0.000323 0.191201 0.007855 2.423648
0.742669 0.024313 0.023251 0.010391 0.000325 0.191196 0.007856 2.426033
0.742672 0.024285 0.023292 0.010320 0.000324 0.191249 0.007858 2.428459
0.742611 0.024340 0.023282 0.010312 0.000324 0.191271 0.007860 2.430859
0.742579 0.024350 0.023334 0.010300 0.000328 0.191247 0.007862 2.433278
0.742638 0.024335 0.023318 0.010275 0.000329 0.191239 0.007865 2.435634
0.742590 0.024359 0.023282 0.010302 0.000324 0.191276 0.007867 2.437987
0.742523 0.024445 0.023204 0.010298 0.000321 0.191340 0.007869 2.440311
0.742534 0.024423 0.023193 0.010349 0.000320 0.191311 0.007872 2.442716
0.742494 0.024424 0.023234 0.010388 0.000319 0.191269 0.007874 2.445106
0.742523 0.024424 0.023246 0.010387 0.000315 0.191229 0.007876 2.447507
0.742582 0.024395 0.023214 0.010394 0.000318 0.191219 0.007879 2.449892
0.742563 0.024434 0.023160 0.010353 0.000313 0.191293 0.007884 2.452235
0.742619 0.024429 0.023131 0.010367 0.000314 0.191254 0.007887 2.454620
0.742615 0.024450 0.023127 0.010356 0.000317 0.191245 0.007890 2.457020
0.742589 0.024454 0.023189 0.010325 0.000313 0.191236 0.007895 2.459396
0.742546 0.024519 0.023167 0.010356 0.000309 0.191205 0.007898 2.461787
0.742537 0.024504 0.023211 0.010340 0.000307 0.191200 0.007902 2.464211
0.742563 0.024441 0.023203 0.010376 0.000317 0.191196 0.007905 2.466604
0.742514 0.024504 0.023183 0.010357 0.000323 0.191212 0.007907 2.468974
0.742455 0.024565 0.023147 0.010363 0.000323 0.191237 0.007909 2.471346
0.742470 0.024580 0.023177 0.010331 0.000323 0.191205 0.007914 2.473734
0.742395 0.024622 0.023169 0.010334 0.000323 0.191239 0.007918 2.476116
0.742413 0.024647 0.023194 0.010339 0.000317 0.191170 0.007920 2.478502
0.742430 0.024673 0.023176 0.010350 0.000320 0.191128 0.007923 2.480892
0.742345 0.024677 0.023206 0.010396 0.000314 0.191136 0.007926 2.483329
0.742294 0.024704 0.023257 0.010376 0.000318 0.191124 0.007928 2.485738
0.742293 0.024674 0.023252 0.010400 0.000314 0.191137 0.007931 2.488158
0.742232 0.024664 0.023294 0.010416 0.000309 0.191152 0.007933 2.490584
0.742168 0.024717 0.023280 0.010416 0.000310 0.191175 0.007936 2.492979
0.742050 0.024757 0.023352 0.010428 0.000308 0.191167 0.007939 2.495407
0.742052 0.024747 0.023372 0.010450 0.000308 0.191131 0.007940 2.497806
0.742044 0.024625 0.023407 0.010475 0.000304 0.191204 0.007942 2.500290
0.742045 0.024511 0.023395 0.010528 0.000309 0.191269 0.007944 2.502739
0.741978 0.024536 0.023401 0.010528 0.000315 0.191299 0.007945 2.505133
0.741994 0.024490 0.023406 0.010532 0.000315 0.191317 0.007946 2.507548
0.742112 0.024426 0.023412 0.010501 0.000318 0.191281 0.007949 2.509949
0.742083 0.024450 0.023359 0.010473 0.000314 0.191367 0.007954 2.512311
0.742060 0.024423 0.023362 0.010456 0.000307 0.191436 0.007957 2.514705
0.742026 0.024354 0.023387 0.010494 0.000307 0.191473 0.007959 2.517146
0.742004 0.024391 0.023342 0.010474 0.000309 0.191520 0.007961 2.519528
0.741979 0.024434 0.023387 0.010429 0.000307 0.191498 0.007966 2.521937
0.742025 0.024369 0.023361 0.010449 0.000306 0.191522 0.007968 2.524352
0.742002 0.024385 0.023361 0.010442 0.000303 0.191537 0.007971 2.526733
0.742056 0.024300 0.023334 0.010430 0.000303 0.191604 0.007973 2.529154
0.742032 0.024298 0.023361 0.010394 0.000308 0.191632 0.007975 2.531554
0.741997 0.024353 0.023288 0.010392 0.000311 0.191682 0.007978 2.533911
0.741982 0.024390 0.023262 0.010366 0.000308 0.191712 0.007980 2.536246
0.741965 0.024490 0.023218 0.010291 0.000310 0.191743 0.007983 2.538532
0.741990 0.024510 0.023168 0.010293 0.000323 0.191732 0.007987 2.540910
0.742024 0.024485 0.023162 0.010332 0.000319 0.191689 0.007989 2.543337
0.742113 0.024397 0.023174 0.010352 0.000324 0.191649 0.007992 2.545763
0.742246 0.024258 0.023189 0.010343 0.000321 0.191649 0.007995 2.548223
0.742250 0.024229 0.023212 0.010354 0.000322 0.191636 0.007998 2.550642
0.742278 0.024185 0.023205 0.010337 0.000320 0.191674 0.008001 2.553037
0.742270 0.024259 0.023168 0.010275 0.000318 0.191705 0.008004 2.555333
0.742365 0.024229 0.023126 0.010294 0.000318 0.191661 0.008006 2.557698
0.742452 0.024249 0.023074 0.010265 0.000316 0.191634 0.008010 2.560018
0.742558 0.024152 0.023093 0.010221 0.000319 0.191644 0.008013 2.562407
0.742522 0.024182 0.023108 0.010181 0.000316 0.191677 0.008015 2.564747
0.742562 0.024208 0.023062 0.010164 0.000319 0.191670 0.008016 2.567074
0.742602 0.024196 0.023019 0.010147 0.000319 0.191700 0.008018 2.569436
0.742641 0.024177 0.022945 0.010118 0.000320 0.191780 0.008019 2.571784
0.742769 0.024082 0.022921 0.010168 0.000319 0.191720 0.008022 2.574173
0.742881 0.023994 0.022952 0.010141 0.000320 0.191689 0.008024 2.576550
0.742856 0.024001 0.022937 0.010179 0.000322 0.191680 0.008026 2.578951
0.742996 0.023876 0.022982 0.010195 0.000322 0.191602 0.008028 2.581311
0.743066 0.023896 0.023014 0.010153 0.000323 0.191518 0.008030 2.583618
0.743187 0.023802 0.023049 0.010192 0.000326 0.191411 0.008033 2.585997
0.743147 0.023829 0.022989 0.010183 0.000329 0.191490 0.008033 2.588348
0.743148 0.023864 0.022969 0.010161 0.000329 0.191494 0.008036 2.590705
0.743261 0.023931 0.022860 0.010167 0.000321 0.191421 0.008040 2.592951
0.743196 0.023998 0.022809 0.010173 0.000321 0.191459 0.008044 2.595280
0.743334 0.023918 0.022753 0.010188 0.000321 0.191438 0.008048 2.597641
0.743299 0.023874 0.022732 0.010261 0.000325 0.191459 0.008050 2.600009
0.743411 0.023860 0.022724 0.010256 0.000324 0.191375 0.008050 2.602372
0.743417 0.023926 0.022672 0.010237 0.000325 0.191371 0.008053 2.604635
0.743416 0.023947 0.022639 0.010225 0.000326 0.191394 0.008054 2.606973
0.743539 0.023837 0.022655 0.010239 0.000330 0.191344 0.008057 2.609324
0.743611 0.023731 0.022722 0.010245 0.000332 0.191301 0.008059 2.611744
0.743757 0.023651 0.022700 0.010220 0.000339 0.191274 0.008060 2.614092
0.743837 0.023682 0.022650 0.010191 0.000334 0.191245 0.008063 2.616395
0.743916 0.023674 0.022624 0.010190 0.000334 0.191198 0.008065 2.618739
0.743994 0.023695 0.022585 0.010212 0.000330 0.191119 0.008066 2.621038
0.744110 0.023711 0.022621 0.010202 0.000328 0.190960 0.008070 2.623358
0.744205 0.023667 0.022643 0.010208 0.000327 0.190878 0.008072 2.625706
0.744278 0.023603 0.022669 0.010218 0.000325 0.190832 0.008075 2.628078
0.744317 0.023593 0.022651 0.010196 0.000323 0.190846 0.008077 2.630421
0.744379 0.023556 0.022624 0.010192 0.000316 0.190853 0.008082 2.632758
0.744394 0.023546 0.022644 0.010200 0.000312 0.190820 0.008085 2.635116
0.744401 0.023603 0.022600 0.010155 0.000309 0.190843 0.008089 2.637411
0.744402 0.023643 0.022581 0.010174 0.000312 0.190794 0.008094 2.639720
0.744382 0.023761 0.022516 0.010174 0.000310 0.190760 0.008098 2.641996
0.744382 0.023739 0.022559 0.010197 0.000313 0.190710 0.008099 2.644382
0.744356 0.023799 0.022529 0.010162 0.000314 0.190740 0.008101 2.646692
0.744395 0.023831 0.022512 0.010128 0.000313 0.190717 0.008104 2.648995
0.744448 0.023833 0.022503 0.010142 0.000311 0.190654 0.008109 2.651336
0.744479 0.023873 0.022486 0.010166 0.000314 0.190571 0.008111 2.653649
0.744531 0.023850 0.022527 0.010143 0.000317 0.190518 0.008114 2.655993
0.744549 0.023765 0.022600 0.010104 0.000317 0.190545 0.008120 2.658397
0.744623 0.023735 0.022655 0.010083 0.000318 0.190464 0.008121 2.660715
0.744694 0.023784 0.022603 0.010071 0.000316 0.190409 0.008124 2.663003
0.744760 0.023766 0.022627 0.010048 0.000317 0.190357 0.008126 2.665373
0.744685 0.023810 0.022634 0.010063 0.000314 0.190365 0.008130 2.667735
0.744694 0.023778 0.022633 0.010082 0.000313 0.190370 0.008132 2.670102
0.744645 0.023825 0.022588 0.010070 0.000311 0.190425 0.008135 2.672413
0.744703 0.023851 0.022594 0.010078 0.000306 0.190330 0.008138 2.674722
0.744691 0.023815 0.022608 0.010086 0.000306 0.190355 0.008142 2.677093
0.744738 0.023845 0.022591 0.010025 0.000310 0.190346 0.008146 2.679406
0.744756 0.023774 0.022584 0.010013 0.000308 0.190417 0.008147 2.681786
0.744753 0.023785 0.022597 0.010008 0.000310 0.190399 0.008148 2.684130
0.744789 0.023788 0.022664 0.009991 0.000315 0.190305 0.008149 2.686491
0.744796 0.023811 0.022672 0.009979 0.000312 0.190278 0.008150 2.688814
0.744804 0.023829 0.022657 0.010006 0.000309 0.190241 0.008155 2.691165
0.744856 0.023883 0.022646 0.009994 0.000304 0.190160 0.008157 2.693497
0.744947 0.023881 0.022626 0.010002 0.000303 0.190081 0.008160 2.695834
0.744929 0.023950 0.022596 0.010004 0.000305 0.190051 0.008164 2.698145
0.745068 0.023819 0.022543 0.010074 0.000302 0.190028 0.008166 2.700545
0.745116 0.023761 0.022614 0.010041 0.000306 0.189993 0.008169 2.702910
0.745206 0.023669 0.022643 0.010052 0.000307 0.189950 0.008172 2.705263
0.745308 0.023688 0.022601 0.010025 0.000307 0.189894 0.008177 2.707548
0.745392 0.023665 0.022565 0.010042 0.000311 0.189847 0.008179 2.709859
0.745443 0.023657 0.022596 0.010070 0.000309 0.189743 0.008183 2.712210
0.745561 0.023616 0.022593 0.010066 0.000306 0.189674 0.008184 2.714518
0.745581 0.023597 0.022639 0.010095 0.000300 0.189599 0.008189 2.716855
0.745625 0.023566 0.022642 0.010099 0.000295 0.189582 0.008191 2.719196
0.745639 0.023643 0.022630 0.010094 0.000293 0.189508 0.008192 2.721469
0.745639 0.023683 0.022640 0.010067 0.000296 0.189481 0.008194 2.723787
0.745624 0.023719 0.022678 0.010057 0.000304 0.189424 0.008195 2.726139
0.745676 0.023735 0.022682 0.010033 0.000303 0.189373 0.008199 2.728498
0.745706 0.023721 0.022757 0.010029 0.000301 0.189284 0.008202 2.730885
0.745670 0.023771 0.022705 0.010058 0.000305 0.189286 0.008206 2.733189
0.745645 0.023790 0.022733 0.010055 0.000306 0.189263 0.008208 2.735506
0.745635 0.023835 0.022693 0.010056 0.000309 0.189260 0.008211 2.737798
0.745666 0.023794 0.022721 0.010064 0.000307 0.189236 0.008213 2.740178
0.745744 0.023764 0.022706 0.010101 0.000304 0.189166 0.008216 2.742549
0.745862 0.023719 0.022740 0.010090 0.000303 0.189070 0.008218 2.744885
0.745948 0.023641 0.022711 0.010100 0.000308 0.189073 0.008219 2.747260
0.745938 0.023713 0.022748 0.010098 0.000304 0.188977 0.008222 2.749604
0.745894 0.023738 0.022758 0.010096 0.000299 0.188989 0.008226 2.751953
0.745879 0.023788 0.022812 0.010078 0.000300 0.188915 0.008229 2.754282
0.745859 0.023799 0.022761 0.010154 0.000300 0.188896 0.008232 2.756617
0.745940 0.023801 0.022761 0.010153 0.000305 0.188808 0.008233 2.758931
0.745946 0.023835 0.022726 0.010146 0.000303 0.188808 0.008237 2.761234
0.746036 0.023784 0.022683 0.010144 0.000303 0.188812 0.008239 2.763581
0.746032 0.023821 0.022752 0.010119 0.000302 0.188732 0.008242 2.765926
0.745961 0.023872 0.022730 0.010118 0.000301 0.188774 0.008245 2.768258
0.745874 0.023957 0.022701 0.010144 0.000304 0.188774 0.008248 2.770613
0.745858 0.024004 0.022676 0.010141 0.000309 0.188763 0.008250 2.772963
0.745814 0.024019 0.022702 0.010203 0.000312 0.188697 0.008252 2.775347
0.745749 0.024047 0.022698 0.010192 0.000317 0.188743 0.008255 2.777681
0.745793 0.024083 0.022595 0.010201 0.000319 0.188751 0.008259 2.779984
0.745800 0.024121 0.022622 0.010178 0.000320 0.188699 0.008260 2.782308
0.745809 0.024112 0.022612 0.010178 0.000317 0.188708 0.008263 2.784667
0.745800 0.024130 0.022607 0.010179 0.000321 0.188696 0.008266 2.787013
0.745846 0.024091 0.022669 0.010201 0.000318 0.188606 0.008268 2.789398
0.745873 0.024183 0.022684 0.010188 0.000320 0.188481 0.008271 2.791685
0.745877 0.024190 0.022684 0.010159 0.000318 0.188498 0.008275 2.793981
0.745916 0.024228 0.022709 0.010158 0.000314 0.188397 0.008278 2.796326
0.745895 0.024209 0.022799 0.010146 0.000313 0.188357 0.008281 2.798723
0.745846 0.024193 0.022717 0.010210 0.000311 0.188440 0.008282 2.801109
0.745864 0.024170 0.022745 0.010211 0.000311 0.188414 0.008285 2.803479
0.745926 0.024085 0.022766 0.010206 0.000313 0.188417 0.008286 2.805849
0.745899 0.024069 0.022806 0.010222 0.000315 0.188401 0.008288 2.808237
0.745892 0.024059 0.022810 0.010211 0.000316 0.188421 0.008290 2.810614
0.745745 0.024094 0.022833 0.010255 0.000311 0.188469 0.008293 2.813022
0.745652 0.024178 0.022893 0.010253 0.000306 0.188422 0.008295 2.815367
0.745655 0.024167 0.022917 0.010214 0.000310 0.188438 0.008298 2.817735
0.745638 0.024194 0.022942 0.010224 0.000310 0.188391 0.008301 2.820098
0.745555 0.024277 0.022957 0.010242 0.000313 0.188354 0.008302 2.822461
0.745525 0.024297 0.022939 0.010215 0.000314 0.188406 0.008304 2.824824
0.745407 0.024292 0.022951 0.010227 0.000311 0.188506 0.008306 2.827228
0.745447 0.024264 0.023019 0.010240 0.000315 0.188405 0.008310 2.829629
0.745348 0.024229 0.023074 0.010273 0.000315 0.188448 0.008315 2.832072
