0.360552 0.061954 0.055223 0.031731 0.002031 0.482709 0.005802 1.586619
0.362257 0.060285 0.055129 0.031554 0.002043 0.482902 0.005830 1.592586
0.364591 0.058024 0.055084 0.031362 0.002036 0.483045 0.005857 1.598473
0.367504 0.055626 0.054950 0.031088 0.002034 0.482911 0.005887 1.604086
0.370687 0.053204 0.054616 0.030702 0.002034 0.482846 0.005911 1.609449
0.373971 0.050904 0.054053 0.030264 0.002018 0.482849 0.005940 1.614473
0.377578 0.048595 0.053439 0.029719 0.002019 0.482685 0.005965 1.619303
0.381162 0.046442 0.052695 0.029145 0.002014 0.482550 0.005992 1.623916
0.384858 0.044388 0.051889 0.028494 0.002020 0.482341 0.006011 1.628302
0.388708 0.042291 0.051048 0.027805 0.002004 0.482107 0.006037 1.632589
0.392605 0.040443 0.050152 0.027083 0.001979 0.481671 0.006066 1.636610
0.396489 0.038663 0.049313 0.026444 0.001965 0.481033 0.006094 1.640534
0.400426 0.036940 0.048372 0.025774 0.001951 0.480426 0.006111 1.644254
0.404476 0.035282 0.047371 0.025108 0.001932 0.479699 0.006134 1.647862
0.408674 0.033855 0.046331 0.024401 0.001906 0.478681 0.006152 1.651197
0.412759 0.032569 0.045230 0.023727 0.001882 0.477656 0.006176 1.654383
0.416843 0.031345 0.044063 0.023004 0.001869 0.476673 0.006204 1.657500
0.420902 0.030158 0.043061 0.022374 0.001852 0.475427 0.006226 1.660528
0.425038 0.029003 0.042044 0.021771 0.001835 0.474058 0.006250 1.663479
0.429162 0.028048 0.040945 0.021151 0.001816 0.472606 0.006273 1.666240
0.433308 0.027123 0.039876 0.020556 0.001791 0.471056 0.006291 1.668971
0.437484 0.026199 0.038756 0.019945 0.001772 0.469531 0.006314 1.671590
0.441737 0.025324 0.037779 0.019353 0.001744 0.467728 0.006336 1.674135
0.445961 0.024569 0.036776 0.018770 0.001728 0.465842 0.006354 1.676585
0.450105 0.023903 0.035871 0.018160 0.001703 0.463883 0.006374 1.678934
0.454277 0.023191 0.034886 0.017624 0.001674 0.461948 0.006401 1.681287
0.458361 0.022534 0.033958 0.017068 0.001647 0.460018 0.006416 1.683536
0.462434 0.021991 0.033048 0.016551 0.001622 0.457913 0.006441 1.685708
0.466617 0.021511 0.032132 0.016068 0.001601 0.455612 0.006460 1.687813
0.470747 0.021006 0.031223 0.015609 0.001574 0.453363 0.006478 1.689881
0.474773 0.020561 0.030460 0.015152 0.001534 0.451024 0.006495 1.691923
0.478743 0.020191 0.029655 0.014696 0.001498 0.448701 0.006515 1.693902
0.482777 0.019725 0.028903 0.014311 0.001476 0.446277 0.006532 1.695881
0.486742 0.019317 0.028233 0.013919 0.001425 0.443815 0.006550 1.697855
0.490710 0.019011 0.027432 0.013465 0.001395 0.441424 0.006565 1.699677
0.494728 0.018701 0.026806 0.013112 0.001358 0.438710 0.006586 1.701514
0.498652 0.018459 0.026147 0.012753 0.001334 0.436052 0.006604 1.703295
0.502562 0.018180 0.025592 0.012437 0.001305 0.433302 0.006623 1.705134
0.506342 0.017922 0.025047 0.012131 0.001272 0.430643 0.006642 1.706919
0.510159 0.017630 0.024551 0.011830 0.001238 0.427934 0.006659 1.708700
0.513990 0.017426 0.024022 0.011556 0.001201 0.425130 0.006675 1.710416
0.517729 0.017199 0.023531 0.011286 0.001173 0.422389 0.006693 1.712123
0.521495 0.016994 0.023064 0.010988 0.001137 0.419607 0.006714 1.713790
0.525298 0.016814 0.022615 0.010731 0.001108 0.416705 0.006729 1.715448
0.529049 0.016682 0.022232 0.010493 0.001080 0.413721 0.006743 1.717102
0.532707 0.016504 0.021791 0.010265 0.001068 0.410910 0.006756 1.718752
0.536299 0.016408 0.021388 0.010035 0.001051 0.408051 0.006768 1.720370
0.539894 0.016276 0.020949 0.009845 0.001037 0.405221 0.006777 1.721968
0.543291 0.016217 0.020614 0.009644 0.001016 0.402429 0.006790 1.723590
0.546820 0.016153 0.020241 0.009420 0.000998 0.399571 0.006799 1.725165
0.550324 0.016058 0.019906 0.009235 0.000970 0.396694 0.006813 1.726732
0.553733 0.015980 0.019586 0.009075 0.000945 0.393852 0.006829 1.728324
0.557099 0.015992 0.019242 0.008956 0.000921 0.390948 0.006842 1.729883
0.560509 0.015905 0.018923 0.008822 0.000893 0.388095 0.006853 1.731446
0.563875 0.015886 0.018648 0.008662 0.000861 0.385204 0.006863 1.732997
0.567174 0.015819 0.018374 0.008525 0.000854 0.382384 0.006870 1.734556
0.570449 0.015751 0.018123 0.008410 0.000828 0.379559 0.006881 1.736108
0.573702 0.015714 0.017942 0.008279 0.000802 0.376668 0.006894 1.737679
0.576861 0.015698 0.017696 0.008170 0.000779 0.373894 0.006902 1.739238
0.579893 0.015718 0.017502 0.008057 0.000759 0.371159 0.006912 1.740778
0.582995 0.015726 0.017299 0.007979 0.000739 0.368338 0.006924 1.742314
0.586025 0.015799 0.017101 0.007864 0.000720 0.365559 0.006932 1.743809
0.589035 0.015799 0.016957 0.007768 0.000705 0.362797 0.006939 1.745331
0.591993 0.015808 0.016853 0.007682 0.000683 0.360031 0.006951 1.746879
0.594850 0.015813 0.016714 0.007651 0.000666 0.357349 0.006958 1.748429
0.597743 0.015856 0.016548 0.007599 0.000647 0.354644 0.006964 1.749977
0.600627 0.015872 0.016419 0.007546 0.000632 0.351931 0.006972 1.751539
0.603411 0.015916 0.016312 0.007501 0.000624 0.349256 0.006980 1.753075
0.606182 0.015995 0.016196 0.007451 0.000614 0.346575 0.006986 1.754608
0.608962 0.016031 0.016120 0.007392 0.000596 0.343906 0.006994 1.756179
0.611597 0.016143 0.016040 0.007327 0.000576 0.341318 0.007000 1.757710
0.614173 0.016231 0.015990 0.007315 0.000560 0.338726 0.007006 1.759293
0.616723 0.016350 0.015953 0.007297 0.000542 0.336124 0.007010 1.760893
0.619222 0.016411 0.015932 0.007301 0.000530 0.333584 0.007020 1.762534
0.621722 0.016486 0.015908 0.007264 0.000519 0.331075 0.007027 1.764130
0.624188 0.016533 0.015861 0.007249 0.000507 0.328629 0.007034 1.765722
0.626622 0.016537 0.015866 0.007250 0.000496 0.326191 0.007039 1.767380
0.628878 0.016652 0.015880 0.007221 0.000486 0.323835 0.007046 1.768953
0.631122 0.016818 0.015828 0.007194 0.000477 0.321508 0.007053 1.770540
0.633303 0.016914 0.015831 0.007183 0.000467 0.319245 0.007059 1.772203
0.635481 0.017065 0.015827 0.007208 0.000459 0.316894 0.007066 1.773871
0.637651 0.017241 0.015805 0.007227 0.000444 0.314558 0.007075 1.775476
0.639719 0.017367 0.015843 0.007221 0.000438 0.312336 0.007078 1.777157
0.641773 0.017472 0.015886 0.007251 0.000431 0.310106 0.007083 1.778896
0.643795 0.017606 0.015935 0.007253 0.000425 0.307899 0.007086 1.780594
0.645824 0.017651 0.015999 0.007289 0.000416 0.305731 0.007091 1.782365
0.647803 0.017789 0.016044 0.007307 0.000411 0.303552 0.007095 1.784106
0.649726 0.017974 0.016078 0.007284 0.000403 0.301437 0.007098 1.785813
0.651472 0.018192 0.016170 0.007292 0.000399 0.299373 0.007102 1.787574
0.653274 0.018329 0.016232 0.007312 0.000395 0.297353 0.007106 1.789362
0.654969 0.018442 0.016331 0.007359 0.000388 0.295402 0.007111 1.791195
0.656668 0.018644 0.016382 0.007413 0.000381 0.293397 0.007115 1.792980
0.658294 0.018797 0.016471 0.007450 0.000376 0.291494 0.007118 1.794827
0.659907 0.018954 0.016592 0.007509 0.000366 0.289547 0.007125 1.796687
0.661557 0.019001 0.016668 0.007596 0.000358 0.287692 0.007128 1.798587
0.663159 0.019178 0.016758 0.007644 0.000354 0.285775 0.007130 1.800448
0.664607 0.019361 0.016835 0.007687 0.000348 0.284026 0.007135 1.802341
0.666155 0.019455 0.017001 0.007752 0.000342 0.282155 0.007139 1.804293
0.667618 0.019669 0.017114 0.007783 0.000341 0.280330 0.007145 1.806188
0.668934 0.019903 0.017205 0.007850 0.000338 0.278622 0.007148 1.808125
0.670289 0.020135 0.017304 0.007898 0.000333 0.276888 0.007153 1.810051
0.671668 0.020248 0.017347 0.007961 0.000330 0.275288 0.007158 1.812046
0.672881 0.020461 0.017522 0.008039 0.000328 0.273609 0.007160 1.814087
0.674064 0.020694 0.017605 0.008056 0.000328 0.272091 0.007163 1.816029
0.675319 0.020830 0.017796 0.008085 0.000327 0.270477 0.007166 1.818077
0.676418 0.021078 0.017939 0.008152 0.000324 0.268920 0.007169 1.820107
0.677611 0.021216 0.018084 0.008214 0.000314 0.267385 0.007177 1.822221
0.678714 0.021441 0.018205 0.008274 0.000310 0.265877 0.007180 1.824330
0.679791 0.021639 0.018299 0.008369 0.000308 0.264412 0.007182 1.826407
0.680668 0.021866 0.018527 0.008434 0.000312 0.263010 0.007183 1.828583
0.681549 0.022131 0.018674 0.008515 0.000304 0.261641 0.007186 1.830727
0.682462 0.022305 0.018770 0.008598 0.000297 0.260377 0.007191 1.832887
0.683387 0.022370 0.018969 0.008651 0.000295 0.259132 0.007195 1.835117
0.684239 0.022566 0.019125 0.008696 0.000297 0.257880 0.007198 1.837296
0.685021 0.022759 0.019289 0.008768 0.000292 0.256668 0.007203 1.839528
0.685819 0.022947 0.019429 0.008845 0.000291 0.255464 0.007205 1.841746
0.686545 0.023156 0.019583 0.008927 0.000296 0.254284 0.007209 1.843987
0.687259 0.023377 0.019797 0.008970 0.000291 0.253095 0.007212 1.846295
0.687864 0.023537 0.020004 0.009099 0.000290 0.251991 0.007215 1.848655
0.688446 0.023751 0.020175 0.009137 0.000292 0.250983 0.007217 1.850983
0.689070 0.023985 0.020318 0.009176 0.000285 0.249946 0.007220 1.853274
0.689660 0.024192 0.020465 0.009242 0.000283 0.248937 0.007223 1.855618
0.690102 0.024424 0.020654 0.009326 0.000286 0.247984 0.007225 1.858015
0.690697 0.024609 0.020828 0.009415 0.000288 0.246937 0.007228 1.860372
0.691181 0.024815 0.020976 0.009508 0.000288 0.246004 0.007230 1.862729
0.691607 0.025066 0.021121 0.009559 0.000290 0.245124 0.007234 1.865126
0.691999 0.025181 0.021292 0.009658 0.000292 0.244341 0.007237 1.867606
0.692420 0.025282 0.021505 0.009716 0.000292 0.243548 0.007238 1.870140
0.692766 0.025494 0.021699 0.009778 0.000292 0.242730 0.007241 1.872631
0.693110 0.025685 0.021903 0.009836 0.000301 0.241923 0.007243 1.875132
0.693506 0.025827 0.022062 0.009891 0.000305 0.241164 0.007245 1.877647
0.693829 0.025984 0.022180 0.010010 0.000308 0.240443 0.007247 1.880172
0.694076 0.026128 0.022327 0.010090 0.000304 0.239826 0.007249 1.882748
0.694404 0.026346 0.022443 0.010140 0.000308 0.239110 0.007250 1.885261
0.694650 0.026501 0.022606 0.010195 0.000313 0.238484 0.007251 1.887826
0.694984 0.026575 0.022819 0.010293 0.000315 0.237760 0.007254 1.890481
0.695217 0.026700 0.022993 0.010389 0.000314 0.237132 0.007256 1.893094
0.695429 0.026895 0.023126 0.010451 0.000307 0.236530 0.007260 1.895659
0.695478 0.027054 0.023352 0.010526 0.000312 0.236015 0.007264 1.898307
0.695651 0.027095 0.023546 0.010623 0.000309 0.235509 0.007268 1.901030
0.695782 0.027230 0.023685 0.010724 0.000306 0.235004 0.007270 1.903689
0.695969 0.027354 0.023847 0.010762 0.000300 0.234495 0.007273 1.906354
0.696057 0.027481 0.024010 0.010848 0.000303 0.234027 0.007274 1.909071
0.696277 0.027517 0.024132 0.010946 0.000306 0.233546 0.007277 1.911772
0.696411 0.027622 0.024240 0.011036 0.000300 0.233109 0.007281 1.914450
0.696535 0.027717 0.024361 0.011082 0.000304 0.232719 0.007283 1.917156
0.696671 0.027665 0.024531 0.011145 0.000313 0.232391 0.007283 1.919924
0.696843 0.027815 0.024579 0.011179 0.000313 0.231985 0.007286 1.922597
0.696954 0.027841 0.024688 0.011226 0.000316 0.231688 0.007289 1.925324
0.697061 0.027875 0.024759 0.011277 0.000310 0.231427 0.007291 1.928039
0.697167 0.027936 0.024841 0.011392 0.000314 0.231058 0.007293 1.930780
0.697287 0.028012 0.024943 0.011402 0.000313 0.230748 0.007296 1.933472
0.697424 0.028009 0.025081 0.011435 0.000313 0.230440 0.007298 1.936200
0.697555 0.027991 0.025210 0.011455 0.000321 0.230167 0.007301 1.939000
0.697621 0.028068 0.025320 0.011496 0.000325 0.229865 0.007305 1.941739
0.697750 0.028057 0.025407 0.011523 0.000326 0.229628 0.007309 1.944497
0.697800 0.028181 0.025481 0.011550 0.000331 0.229347 0.007311 1.947215
0.697981 0.028109 0.025619 0.011588 0.000333 0.229059 0.007312 1.950034
0.698142 0.028108 0.025643 0.011593 0.000339 0.228860 0.007315 1.952765
0.698109 0.028135 0.025688 0.011614 0.000339 0.228797 0.007318 1.955518
0.698187 0.028126 0.025803 0.011651 0.000346 0.228567 0.007321 1.958296
0.698243 0.028100 0.025948 0.011714 0.000347 0.228324 0.007323 1.961084
0.698376 0.028092 0.025994 0.011699 0.000345 0.228169 0.007326 1.963841
0.698463 0.028110 0.026071 0.011698 0.000348 0.227982 0.007328 1.966567
0.698551 0.028050 0.026101 0.011685 0.000348 0.227935 0.007331 1.969336
0.698622 0.028094 0.026152 0.011639 0.000350 0.227808 0.007334 1.972052
0.698759 0.028100 0.026224 0.011658 0.000346 0.227578 0.007337 1.974789
0.698930 0.028055 0.026213 0.011654 0.000353 0.227456 0.007340 1.977509
0.699084 0.028034 0.026206 0.011631 0.000352 0.227349 0.007345 1.980243
0.699249 0.027984 0.026219 0.011590 0.000349 0.227263 0.007347 1.982937
0.699368 0.027854 0.026309 0.011600 0.000350 0.227169 0.007349 1.985734
0.699514 0.027831 0.026332 0.011631 0.000355 0.226985 0.007352 1.988461
0.699636 0.027830 0.026316 0.011637 0.000352 0.226872 0.007356 1.991159
0.699838 0.027803 0.026264 0.011662 0.000356 0.226718 0.007358 1.993868
0.700062 0.027710 0.026278 0.011678 0.000353 0.226557 0.007362 1.996579
0.700227 0.027741 0.026248 0.011633 0.000355 0.226429 0.007366 1.999250
0.700439 0.027743 0.026263 0.011653 0.000350 0.226178 0.007372 2.001936
0.700589 0.027733 0.026154 0.011673 0.000350 0.226127 0.007375 2.004565
0.700784 0.027687 0.026197 0.011658 0.000354 0.225942 0.007379 2.007287
0.700949 0.027634 0.026143 0.011661 0.000351 0.225881 0.007381 2.009978
0.701144 0.027565 0.026119 0.011654 0.000350 0.225787 0.007382 2.012690
0.701315 0.027511 0.026127 0.011658 0.000354 0.225650 0.007386 2.015395
0.701515 0.027457 0.026191 0.011657 0.000348 0.225446 0.007388 2.018098
0.701730 0.027394 0.026159 0.011690 0.000343 0.225292 0.007392 2.020768
0.701932 0.027375 0.026082 0.011646 0.000347 0.225223 0.007396 2.023402
0.702119 0.027317 0.025975 0.011671 0.000346 0.225175 0.007399 2.026090
0.702278 0.027272 0.026020 0.011677 0.000347 0.225005 0.007401 2.028773
0.702494 0.027186 0.026017 0.011645 0.000350 0.224907 0.007403 2.031432
0.702704 0.027145 0.025998 0.011656 0.000353 0.224739 0.007405 2.034065
0.702922 0.027103 0.026044 0.011630 0.000352 0.224543 0.007407 2.036726
0.703030 0.027053 0.026026 0.011636 0.000351 0.224493 0.007412 2.039384
0.703289 0.026965 0.025990 0.011636 0.000348 0.224357 0.007416 2.042046
0.703559 0.026894 0.025968 0.011640 0.000351 0.224170 0.007418 2.044709
0.703821 0.026811 0.025876 0.011610 0.000353 0.224109 0.007420 2.047318
0.704019 0.026752 0.025854 0.011575 0.000354 0.224025 0.007422 2.049929
0.704219 0.026648 0.025868 0.011582 0.000352 0.223908 0.007425 2.052566
0.704465 0.026636 0.025790 0.011572 0.000353 0.223757 0.007427 2.055140
0.704685 0.026566 0.025818 0.011504 0.000354 0.223644 0.007430 2.057795
0.704937 0.026441 0.025770 0.011520 0.000350 0.223550 0.007432 2.060421
0.705105 0.026446 0.025740 0.011495 0.000350 0.223428 0.007437 2.063032
0.705389 0.026345 0.025688 0.011433 0.000350 0.223358 0.007439 2.065665
0.705602 0.026235 0.025658 0.011361 0.000352 0.223352 0.007441 2.068303
0.705848 0.026254 0.025627 0.011302 0.000349 0.223179 0.007442 2.070815
0.706079 0.026219 0.025550 0.011335 0.000351 0.223018 0.007446 2.073411
0.706402 0.026123 0.025505 0.011314 0.000349 0.222858 0.007450 2.075988
0.706683 0.026064 0.025479 0.011327 0.000347 0.222648 0.007452 2.078598
0.706967 0.026020 0.025392 0.011314 0.000348 0.222505 0.007455 2.081114
0.707160 0.025982 0.025354 0.011322 0.000345 0.222380 0.007457 2.083709
0.707407 0.025996 0.025247 0.011327 0.000346 0.222218 0.007461 2.086211
0.707677 0.025909 0.025234 0.011329 0.000349 0.222040 0.007462 2.088792
0.707902 0.025902 0.025190 0.011302 0.000351 0.221890 0.007463 2.091312
0.708151 0.025920 0.025186 0.011238 0.000352 0.221683 0.007470 2.093827
0.708473 0.025823 0.025126 0.011204 0.000361 0.221543 0.007470 2.096353
0.708744 0.025743 0.025128 0.011204 0.000356 0.221352 0.007473 2.098928
0.709020 0.025635 0.025149 0.011172 0.000352 0.221197 0.007476 2.101457
0.709285 0.025579 0.025072 0.011135 0.000350 0.221097 0.007481 2.103959
0.709652 0.025460 0.025024 0.011107 0.000353 0.220920 0.007483 2.106493
0.709982 0.025471 0.024881 0.011099 0.000352 0.220730 0.007485 2.108945
0.710302 0.025430 0.024842 0.011053 0.000345 0.220535 0.007491 2.111435
0.710546 0.025474 0.024781 0.010976 0.000343 0.220387 0.007494 2.113892
0.710855 0.025440 0.024749 0.011025 0.000342 0.220090 0.007496 2.116407
0.711242 0.025288 0.024787 0.011035 0.000349 0.219801 0.007499 2.118949
0.711572 0.025307 0.024676 0.010977 0.000354 0.219613 0.007501 2.121356
0.711701 0.025390 0.024649 0.010933 0.000355 0.219470 0.007503 2.123817
0.711955 0.025400 0.024594 0.010916 0.000360 0.219270 0.007504 2.126299
0.712240 0.025253 0.024583 0.010951 0.000359 0.219105 0.007508 2.128880
0.712513 0.025207 0.024583 0.010926 0.000356 0.218903 0.007510 2.131395
0.712800 0.025148 0.024604 0.010929 0.000355 0.218652 0.007512 2.133919
0.713057 0.025118 0.024499 0.010954 0.000354 0.218504 0.007514 2.136389
0.713301 0.025139 0.024460 0.010975 0.000355 0.218251 0.007519 2.138829
0.713607 0.025066 0.024443 0.010931 0.000350 0.218078 0.007524 2.141312
0.713927 0.024987 0.024450 0.010857 0.000346 0.217905 0.007528 2.143790
0.714187 0.025009 0.024424 0.010868 0.000344 0.217639 0.007532 2.146216
0.714495 0.025034 0.024338 0.010836 0.000344 0.217418 0.007535 2.148617
0.714820 0.025000 0.024317 0.010854 0.000348 0.217124 0.007539 2.151088
0.715050 0.025021 0.024252 0.010847 0.000346 0.216942 0.007541 2.153506
0.715359 0.025006 0.024193 0.010852 0.000343 0.216704 0.007544 2.155940
0.715679 0.024965 0.024173 0.010818 0.000351 0.216469 0.007546 2.158381
0.715956 0.024937 0.024197 0.010813 0.000348 0.216201 0.007547 2.160854
0.716245 0.024970 0.024153 0.010754 0.000353 0.215977 0.007548 2.163263
0.716440 0.025002 0.024086 0.010782 0.000357 0.215782 0.007550 2.165689
0.716755 0.024973 0.024094 0.010759 0.000346 0.215520 0.007552 2.168165
0.717054 0.024867 0.024120 0.010822 0.000345 0.215237 0.007556 2.170712
0.717340 0.024856 0.024043 0.010797 0.000346 0.215062 0.007556 2.173128
0.717621 0.024793 0.024039 0.010787 0.000342 0.214859 0.007560 2.175609
0.717870 0.024792 0.024003 0.010780 0.000347 0.214644 0.007564 2.178024
0.718025 0.024869 0.023930 0.010768 0.000345 0.214496 0.007568 2.180431
0.718293 0.024864 0.023933 0.010722 0.000345 0.214272 0.007570 2.182831
0.718575 0.024841 0.023919 0.010701 0.000342 0.214050 0.007573 2.185268
0.718848 0.024846 0.023895 0.010680 0.000341 0.213816 0.007575 2.187680
0.719023 0.024826 0.023917 0.010679 0.000341 0.213638 0.007576 2.190135
0.719275 0.024845 0.023778 0.010677 0.000342 0.213509 0.007577 2.192538
0.719521 0.024824 0.023772 0.010668 0.000346 0.213291 0.007579 2.194996
0.719770 0.024791 0.023729 0.010680 0.000346 0.213103 0.007582 2.197452
0.719942 0.024902 0.023704 0.010654 0.000348 0.212867 0.007585 2.199839
0.720192 0.024869 0.023696 0.010641 0.000350 0.212666 0.007587 2.202301
0.720380 0.024945 0.023660 0.010634 0.000348 0.212445 0.007589 2.204666
0.720602 0.025013 0.023571 0.010598 0.000345 0.212282 0.007591 2.207051
0.720850 0.024941 0.023496 0.010627 0.000341 0.212153 0.007593 2.209485
0.721067 0.024941 0.023468 0.010626 0.000343 0.211961 0.007596 2.211896
0.721233 0.024981 0.023461 0.010616 0.000333 0.211777 0.007601 2.214325
0.721387 0.024945 0.023496 0.010646 0.000331 0.211590 0.007605 2.216822
0.721601 0.025005 0.023519 0.010608 0.000333 0.211326 0.007608 2.219233
0.721744 0.025019 0.023480 0.010658 0.000333 0.211156 0.007610 2.221698
0.721908 0.024994 0.023523 0.010648 0.000330 0.210983 0.007614 2.224155
0.722116 0.024946 0.023551 0.010629 0.000325 0.210816 0.007618 2.226619
0.722277 0.024863 0.023612 0.010657 0.000324 0.210646 0.007621 2.229152
0.722409 0.024879 0.023653 0.010670 0.000324 0.210443 0.007623 2.231599
0.722495 0.024960 0.023658 0.010703 0.000322 0.210238 0.007625 2.234015
0.722684 0.024931 0.023725 0.010685 0.000319 0.210031 0.007626 2.236490
0.722940 0.024860 0.023733 0.010666 0.000316 0.209853 0.007633 2.238946
0.723103 0.024870 0.023726 0.010660 0.000314 0.209692 0.007635 2.241377
0.723308 0.024934 0.023659 0.010657 0.000313 0.209493 0.007637 2.243769
0.723463 0.024916 0.023661 0.010676 0.000312 0.209334 0.007639 2.246233
0.723633 0.024874 0.023652 0.010687 0.000309 0.209204 0.007642 2.248695
0.723836 0.024866 0.023644 0.010722 0.000306 0.208981 0.007645 2.251150
0.723994 0.024882 0.023596 0.010700 0.000308 0.208874 0.007647 2.253584
0.724190 0.024901 0.023609 0.010644 0.000313 0.208696 0.007648 2.255997
0.724287 0.024992 0.023562 0.010626 0.000308 0.208573 0.007652 2.258403
0.724470 0.024933 0.023618 0.010590 0.000312 0.208421 0.007656 2.260904
0.724654 0.024953 0.023617 0.010598 0.000312 0.208207 0.007659 2.263305
0.724866 0.024906 0.023658 0.010591 0.000311 0.208008 0.007661 2.265755
0.725049 0.024901 0.023713 0.010563 0.000311 0.207799 0.007664 2.268175
0.725220 0.024920 0.023744 0.010528 0.000312 0.207610 0.007667 2.270608
0.725465 0.024826 0.023762 0.010548 0.000309 0.207421 0.007669 2.273082
0.725610 0.024834 0.023714 0.010547 0.000305 0.207318 0.007672 2.275527
0.725755 0.024827 0.023762 0.010554 0.000314 0.207113 0.007675 2.277994
0.725857 0.024883 0.023709 0.010573 0.000316 0.206984 0.007678 2.280433
0.725992 0.024917 0.023659 0.010588 0.000308 0.206856 0.007681 2.282846
0.726125 0.024915 0.023707 0.010536 0.000312 0.206718 0.007687 2.285278
0.726188 0.024971 0.023662 0.010521 0.000314 0.206655 0.007690 2.287716
0.726262 0.025020 0.023662 0.010523 0.000315 0.206524 0.007694 2.290155
0.726365 0.024956 0.023717 0.010520 0.000322 0.206426 0.007695 2.292671
0.726521 0.024963 0.023678 0.010553 0.000323 0.206265 0.007698 2.295099
0.726652 0.024959 0.023692 0.010528 0.000326 0.206141 0.007703 2.297565
0.726740 0.024982 0.023737 0.010506 0.000327 0.206004 0.007705 2.300036
0.726819 0.025046 0.023718 0.010549 0.000323 0.205838 0.007708 2.302480
0.726868 0.025081 0.023754 0.010546 0.000318 0.205721 0.007712 2.304959
0.726944 0.025138 0.023798 0.010573 0.000317 0.205518 0.007713 2.307429
0.727036 0.025169 0.023777 0.010580 0.000317 0.205406 0.007715 2.309883
0.727071 0.025225 0.023772 0.010575 0.000305 0.205333 0.007720 2.312348
0.727108 0.025248 0.023763 0.010567 0.000314 0.205279 0.007721 2.314848
0.727245 0.025236 0.023763 0.010578 0.000323 0.205132 0.007722 2.317320
0.727275 0.025286 0.023811 0.010598 0.000323 0.204986 0.007723 2.319803
0.727328 0.025294 0.023830 0.010616 0.000330 0.204877 0.007725 2.322292
0.727361 0.025357 0.023770 0.010604 0.000338 0.204843 0.007727 2.324732
0.727369 0.025372 0.023725 0.010615 0.000339 0.204851 0.007729 2.327235
0.727375 0.025443 0.023790 0.010589 0.000340 0.204729 0.007735 2.329716
0.727392 0.025397 0.023866 0.010600 0.000338 0.204669 0.007738 2.332259
0.727403 0.025405 0.023888 0.010603 0.000336 0.204622 0.007743 2.334767
0.727508 0.025342 0.023867 0.010642 0.000343 0.204551 0.007746 2.337274
0.727712 0.025302 0.023901 0.010658 0.000345 0.204334 0.007748 2.339739
0.727782 0.025230 0.023962 0.010708 0.000340 0.204223 0.007755 2.342263
0.727817 0.025233 0.023928 0.010723 0.000343 0.204198 0.007759 2.344744
0.727917 0.025204 0.023894 0.010785 0.000343 0.204095 0.007761 2.347251
0.727999 0.025245 0.023852 0.010731 0.000347 0.204063 0.007763 2.349680
0.728029 0.025226 0.023865 0.010747 0.000341 0.204024 0.007767 2.352161
0.728080 0.025269 0.023880 0.010778 0.000342 0.203883 0.007768 2.354625
0.728179 0.025220 0.023989 0.010798 0.000343 0.203701 0.007769 2.357154
0.728246 0.025239 0.023964 0.010756 0.000342 0.203681 0.007772 2.359598
0.728237 0.025282 0.023962 0.010771 0.000346 0.203629 0.007774 2.362065
0.728354 0.025252 0.023982 0.010730 0.000346 0.203557 0.007779 2.364523
0.728440 0.025245 0.023976 0.010752 0.000345 0.203459 0.007783 2.366979
0.728639 0.025246 0.023959 0.010743 0.000340 0.203285 0.007787 2.369420
0.728691 0.025266 0.023961 0.010677 0.000340 0.203276 0.007790 2.371894
0.728706 0.025320 0.023961 0.010663 0.000342 0.203219 0.007790 2.374360
0.728792 0.025290 0.023981 0.010692 0.000345 0.203109 0.007793 2.376855
0.728849 0.025286 0.024008 0.010704 0.000347 0.203010 0.007797 2.379362
0.728796 0.025396 0.024045 0.010689 0.000356 0.202922 0.007798 2.381848
0.728827 0.025470 0.024086 0.010661 0.000356 0.202801 0.007800 2.384321
0.728808 0.025516 0.024167 0.010619 0.000360 0.202728 0.007803 2.386845
0.728765 0.025577 0.024157 0.010654 0.000365 0.202677 0.007805 2.389336
0.728669 0.025661 0.024147 0.010688 0.000358 0.202666 0.007810 2.391834
0.728614 0.025631 0.024215 0.010696 0.000355 0.202678 0.007811 2.394418
0.728618 0.025644 0.024258 0.010673 0.000356 0.202639 0.007813 2.396946
0.728545 0.025651 0.024335 0.010685 0.000350 0.202618 0.007817 2.399541
0.728496 0.025694 0.024319 0.010702 0.000351 0.202619 0.007819 2.402017
0.728581 0.025637 0.024324 0.010741 0.000347 0.202548 0.007822 2.404520
0.728570 0.025720 0.024297 0.010734 0.000346 0.202510 0.007822 2.406974
0.728506 0.025823 0.024256 0.010729 0.000348 0.202515 0.007825 2.409485
0.728545 0.025760 0.024289 0.010762 0.000348 0.202471 0.007826 2.412018
0.728595 0.025739 0.024330 0.010773 0.000348 0.202386 0.007830 2.414565
0.728650 0.025651 0.024346 0.010810 0.000345 0.202365 0.007832 2.417140
0.728543 0.025757 0.024305 0.010822 0.000351 0.202388 0.007835 2.419654
0.728531 0.025779 0.024359 0.010832 0.000350 0.202313 0.007836 2.422196
0.728539 0.025757 0.024413 0.010859 0.000349 0.202244 0.007838 2.424765
0.728586 0.025755 0.024401 0.010863 0.000351 0.202204 0.007841 2.427276
0.728492 0.025857 0.024407 0.010866 0.000348 0.202186 0.007844 2.429770
0.728531 0.025905 0.024361 0.010828 0.000350 0.202180 0.007847 2.432230
0.728536 0.025927 0.024404 0.010874 0.000349 0.202062 0.007848 2.434794
0.728461 0.025942 0.024361 0.010899 0.000352 0.202135 0.007850 2.437332
0.728407 0.025960 0.024426 0.010890 0.000350 0.202114 0.007853 2.439872
0.728371 0.025942 0.024462 0.010911 0.000346 0.202112 0.007857 2.442451
0.728264 0.025995 0.024507 0.010885 0.000348 0.202142 0.007860 2.445008
0.728197 0.026063 0.024486 0.010889 0.000354 0.202149 0.007862 2.447550
0.728207 0.026124 0.024492 0.010887 0.000355 0.202072 0.007864 2.450061
0.728197 0.026061 0.024514 0.010926 0.000351 0.202085 0.007867 2.452669
0.728162 0.026044 0.024507 0.010947 0.000358 0.202115 0.007868 2.455252
0.728092 0.026101 0.024520 0.010953 0.000354 0.202110 0.007870 2.457781
0.728052 0.026075 0.024582 0.010959 0.000353 0.202105 0.007875 2.460370
0.727970 0.026074 0.024605 0.010962 0.000350 0.202162 0.007878 2.462964
0.727917 0.026106 0.024633 0.010934 0.000350 0.202179 0.007881 2.465510
0.727934 0.026073 0.024681 0.010933 0.000354 0.202142 0.007884 2.468062
0.727937 0.026101 0.024671 0.010904 0.000352 0.202148 0.007888 2.470556
0.727965 0.026112 0.024632 0.010927 0.000356 0.202115 0.007893 2.473102
0.727952 0.026161 0.024630 0.010952 0.000361 0.202049 0.007896 2.475654
0.727905 0.026093 0.024660 0.010949 0.000365 0.202130 0.007899 2.478261
0.727782 0.026185 0.024602 0.010900 0.000362 0.202267 0.007903 2.480776
0.727744 0.026271 0.024588 0.010913 0.000369 0.202210 0.007904 2.483262
0.727637 0.026351 0.024563 0.010934 0.000369 0.202240 0.007906 2.485799
0.727722 0.026261 0.024635 0.010954 0.000363 0.202155 0.007909 2.488398
0.727704 0.026209 0.024650 0.010949 0.000358 0.202215 0.007915 2.490985
0.727759 0.026161 0.024648 0.010965 0.000356 0.202196 0.007916 2.493547
0.727796 0.026149 0.024621 0.010972 0.000353 0.202190 0.007919 2.496078
0.727812 0.026102 0.024559 0.010940 0.000357 0.202307 0.007923 2.498634
0.727794 0.026100 0.024580 0.010981 0.000356 0.202262 0.007928 2.501209
0.727814 0.025978 0.024654 0.010990 0.000358 0.202278 0.007929 2.503832
0.727803 0.025991 0.024662 0.010995 0.000357 0.202259 0.007932 2.506375
0.727731 0.026019 0.024641 0.010969 0.000349 0.202356 0.007936 2.508923
0.727781 0.026013 0.024687 0.011007 0.000350 0.202223 0.007939 2.511470
0.727810 0.025992 0.024695 0.011020 0.000358 0.202185 0.007942 2.514027
0.727767 0.025988 0.024775 0.010990 0.000362 0.202174 0.007943 2.516577
0.727715 0.025970 0.024757 0.011024 0.000363 0.202225 0.007946 2.519143
0.727706 0.025999 0.024720 0.011014 0.000365 0.202246 0.007950 2.521672
0.727708 0.025981 0.024680 0.011013 0.000369 0.202294 0.007955 2.524198
0.727732 0.025931 0.024670 0.011041 0.000367 0.202299 0.007960 2.526757
0.727813 0.025877 0.024685 0.011054 0.000364 0.202242 0.007964 2.529302
0.727794 0.025848 0.024692 0.011058 0.000367 0.202270 0.007971 2.531860
0.727781 0.025862 0.024627 0.011071 0.000364 0.202323 0.007973 2.534348
0.727734 0.025865 0.024554 0.011075 0.000364 0.202431 0.007976 2.536854
0.727720 0.025919 0.024551 0.011065 0.000357 0.202410 0.007978 2.539357
0.727645 0.025979 0.024539 0.011076 0.000354 0.202428 0.007980 2.541899
0.727601 0.026000 0.024578 0.011064 0.000355 0.202421 0.007982 2.544410
0.727574 0.026007 0.024583 0.011040 0.000358 0.202455 0.007983 2.546950
0.727566 0.026031 0.024535 0.011021 0.000356 0.202504 0.007988 2.549484
0.727559 0.025967 0.024517 0.010988 0.000357 0.202619 0.007994 2.552028
0.727555 0.025948 0.024505 0.011007 0.000352 0.202636 0.007998 2.554583
0.727497 0.025903 0.024485 0.011045 0.000349 0.202718 0.008002 2.557148
0.727459 0.025889 0.024574 0.011036 0.000345 0.202692 0.008006 2.559691
0.727472 0.025872 0.024615 0.010987 0.000347 0.202698 0.008010 2.562201
0.727498 0.025879 0.024604 0.010944 0.000340 0.202722 0.008014 2.564684
0.727505 0.025863 0.024582 0.010982 0.000335 0.202716 0.008019 2.567249
0.727488 0.025818 0.024593 0.010995 0.000336 0.202750 0.008021 2.569809
0.727510 0.025903 0.024520 0.010957 0.000336 0.202750 0.008024 2.572281
0.727533 0.025871 0.024516 0.010969 0.000331 0.202752 0.008029 2.574829
0.727571 0.025796 0.024546 0.010971 0.000332 0.202751 0.008033 2.577399
0.727700 0.025714 0.024572 0.010957 0.000331 0.202689 0.008038 2.579924
0.727764 0.025713 0.024563 0.010917 0.000330 0.202674 0.008040 2.582415
0.727790 0.025635 0.024552 0.010914 0.000333 0.202734 0.008043 2.584997
0.727799 0.025709 0.024491 0.010880 0.000333 0.202743 0.008046 2.587418
0.727799 0.025727 0.024425 0.010920 0.000340 0.202740 0.008050 2.589906
0.727832 0.025657 0.024454 0.010917 0.000332 0.202752 0.008056 2.592474
0.727817 0.025668 0.024487 0.010896 0.000332 0.202741 0.008060 2.594957
0.727853 0.025615 0.024416 0.010889 0.000340 0.202826 0.008062 2.597472
0.727921 0.025665 0.024315 0.010899 0.000339 0.202796 0.008065 2.599915
0.728041 0.025670 0.024367 0.010858 0.000336 0.202661 0.008068 2.602445
0.728156 0.025614 0.024398 0.010830 0.000333 0.202596 0.008073 2.604957
0.728177 0.025556 0.024440 0.010838 0.000332 0.202583 0.008074 2.607527
0.728217 0.025576 0.024431 0.010802 0.000336 0.202562 0.008077 2.610005
0.728211 0.025624 0.024407 0.010834 0.000329 0.202515 0.008079 2.612464
0.728261 0.025632 0.024407 0.010817 0.000328 0.202474 0.008080 2.614969
0.728321 0.025588 0.024417 0.010830 0.000332 0.202430 0.008083 2.617471
0.728305 0.025567 0.024416 0.010849 0.000336 0.202442 0.008084 2.620009
0.728313 0.025605 0.024380 0.010810 0.000333 0.202470 0.008089 2.622484
0.728324 0.025644 0.024292 0.010810 0.000335 0.202504 0.008092 2.624983
0.728399 0.025532 0.024374 0.010825 0.000332 0.202441 0.008096 2.627574
0.728430 0.025573 0.024273 0.010877 0.000338 0.202410 0.008099 2.630053
0.728424 0.025684 0.024238 0.010794 0.000346 0.202410 0.008104 2.632499
0.728448 0.025716 0.024159 0.010845 0.000345 0.202381 0.008107 2.634988
0.728480 0.025689 0.024202 0.010890 0.000346 0.202284 0.008110 2.637547
0.728517 0.025618 0.024247 0.010873 0.000350 0.202285 0.008111 2.640090
0.728593 0.025552 0.024279 0.010870 0.000345 0.202246 0.008115 2.642617
0.728617 0.025500 0.024321 0.010909 0.000345 0.202189 0.008118 2.645177
0.728703 0.025508 0.024321 0.010889 0.000342 0.202116 0.008121 2.647637
0.728716 0.025501 0.024294 0.010874 0.000347 0.202143 0.008126 2.650101
0.728810 0.025400 0.024307 0.010887 0.000346 0.202119 0.008129 2.652673
0.728916 0.025447 0.024270 0.010868 0.000343 0.202020 0.008135 2.655108
0.729014 0.025406 0.024318 0.010909 0.000341 0.201871 0.008141 2.657631
0.729118 0.025376 0.024301 0.010863 0.000339 0.201862 0.008141 2.660100
0.729116 0.025357 0.024296 0.010873 0.000338 0.201876 0.008144 2.662616
0.729191 0.025337 0.024272 0.010895 0.000338 0.201820 0.008146 2.665110
0.729222 0.025351 0.024194 0.010884 0.000349 0.201854 0.008146 2.667555
0.729256 0.025362 0.024181 0.010858 0.000346 0.201848 0.008149 2.670017
0.729269 0.025355 0.024190 0.010816 0.000346 0.201871 0.008153 2.672535
0.729304 0.025400 0.024114 0.010785 0.000357 0.201885 0.008155 2.674981
0.729349 0.025443 0.024091 0.010798 0.000358 0.201805 0.008157 2.677436
0.729403 0.025455 0.024090 0.010794 0.000358 0.201742 0.008159 2.679879
0.729403 0.025428 0.024140 0.010764 0.000366 0.201737 0.008161 2.682407
0.729363 0.025486 0.024140 0.010758 0.000354 0.201733 0.008167 2.684874
0.729395 0.025531 0.024073 0.010763 0.000358 0.201712 0.008169 2.687336
0.729457 0.025463 0.024089 0.010822 0.000357 0.201641 0.008172 2.689906
0.729544 0.025424 0.024098 0.010834 0.000367 0.201561 0.008173 2.692424
0.729617 0.025466 0.024080 0.010828 0.000373 0.201462 0.008174 2.694852
0.729600 0.025471 0.024085 0.010827 0.000367 0.201475 0.008176 2.697353
0.729547 0.025539 0.024055 0.010861 0.000367 0.201453 0.008177 2.699847
0.729563 0.025571 0.024080 0.010838 0.000368 0.201402 0.008179 2.702345
0.729547 0.025550 0.024119 0.010820 0.000361 0.201420 0.008183 2.704865
0.729555 0.025579 0.024142 0.010789 0.000357 0.201393 0.008185 2.707377
0.729484 0.025612 0.024184 0.010803 0.000353 0.201376 0.008186 2.709876
0.729567 0.025562 0.024189 0.010789 0.000355 0.201348 0.008188 2.712399
0.729563 0.025606 0.024128 0.010760 0.000356 0.201397 0.008191 2.714873
0.729638 0.025623 0.024023 0.010733 0.000355 0.201434 0.008194 2.717288
0.729673 0.025492 0.024053 0.010787 0.000353 0.201444 0.008197 2.719897
0.729743 0.025457 0.024022 0.010837 0.000350 0.201390 0.008201 2.722401
0.729802 0.025428 0.024043 0.010797 0.000347 0.201379 0.008205 2.724872
0.730022 0.025349 0.024046 0.010826 0.000344 0.201202 0.008210 2.727343
0.729994 0.025353 0.024060 0.010756 0.000348 0.201274 0.008214 2.729837
0.729973 0.025335 0.024124 0.010766 0.000346 0.201239 0.008218 2.732335
0.730037 0.025231 0.024173 0.010753 0.000346 0.201238 0.008222 2.734895
0.730087 0.025254 0.024130 0.010759 0.000345 0.201201 0.008224 2.737328
0.730092 0.025303 0.024033 0.010755 0.000347 0.201244 0.008226 2.739751
0.730101 0.025281 0.024092 0.010803 0.000345 0.201146 0.008232 2.742267
0.730134 0.025302 0.024073 0.010826 0.000343 0.201088 0.008235 2.744753
0.730212 0.025314 0.024009 0.010832 0.000340 0.201054 0.008239 2.747211
0.730208 0.025284 0.024024 0.010803 0.000344 0.201096 0.008241 2.749706
0.730328 0.025221 0.024040 0.010775 0.000345 0.201047 0.008244 2.752184
0.730366 0.025211 0.023997 0.010784 0.000345 0.201052 0.008245 2.754630
0.730357 0.025197 0.024022 0.010768 0.000346 0.201063 0.008247 2.757137
0.730524 0.025158 0.024010 0.010748 0.000344 0.200967 0.008249 2.759588
0.730565 0.025114 0.024078 0.010709 0.000353 0.200931 0.008250 2.762074
0.730550 0.025250 0.023993 0.010689 0.000355 0.200912 0.008252 2.764475
0.730482 0.025346 0.023917 0.010678 0.000360 0.200966 0.008252 2.766937
0.730589 0.025271 0.023941 0.010687 0.000354 0.200902 0.008256 2.769438
0.730595 0.025341 0.023908 0.010701 0.000352 0.200842 0.008261 2.771880
0.730550 0.025431 0.023932 0.010714 0.000350 0.200757 0.008265 2.774348
0.730546 0.025462 0.023958 0.010682 0.000358 0.200726 0.008269 2.776837
0.730544 0.025502 0.023925 0.010708 0.000354 0.200694 0.008272 2.779311
0.730455 0.025574 0.023924 0.010705 0.000355 0.200713 0.008274 2.781782
0.730485 0.025578 0.023983 0.010743 0.000354 0.200578 0.008279 2.784293
0.730483 0.025605 0.024014 0.010746 0.000348 0.200520 0.008283 2.786786
0.730484 0.025689 0.023998 0.010731 0.000339 0.200474 0.008286 2.789229
0.730473 0.025653 0.024045 0.010783 0.000336 0.200420 0.008289 2.791805
0.730556 0.025632 0.024036 0.010742 0.000342 0.200402 0.008291 2.794292
0.730538 0.025739 0.023965 0.010736 0.000344 0.200385 0.008294 2.796732
0.730544 0.025686 0.024046 0.010725 0.000344 0.200357 0.008297 2.799266
0.730528 0.025642 0.023992 0.010738 0.000348 0.200452 0.008298 2.801760
0.730481 0.025568 0.024068 0.010776 0.000349 0.200458 0.008300 2.804353
0.730495 0.025568 0.024107 0.010746 0.000342 0.200440 0.008303 2.806870
0.730517 0.025526 0.024114 0.010740 0.000345 0.200453 0.008305 2.809398
0.730529 0.025520 0.024160 0.010732 0.000352 0.200398 0.008308 2.811920
0.730456 0.025492 0.024229 0.010761 0.000349 0.200402 0.008311 2.814500
0.730437 0.025464 0.024219 0.010767 0.000344 0.200455 0.008314 2.816975
0.730482 0.025428 0.024291 0.010767 0.000339 0.200373 0.008319 2.819525
0.730504 0.025388 0.024263 0.010789 0.000340 0.200393 0.008322 2.822046
0.730555 0.025289 0.024309 0.010777 0.000337 0.200406 0.008326 2.824605
0.730525 0.025335 0.024335 0.010745 0.000336 0.200397 0.008328 2.827072
0.730481 0.025315 0.024346 0.010771 0.000338 0.200417 0.008331 2.829587
0.730467 0.025412 0.024305 0.010738 0.000337 0.200405 0.008334 2.832007
0.730404 0.025420 0.024286 0.010754 0.000341 0.200459 0.008336 2.834527
0.730432 0.025425 0.024246 0.010779 0.000343 0.200434 0.008340 2.837040
0.730469 0.025431 0.024280 0.010793 0.000346 0.200336 0.008344 2.839549
0.730432 0.025482 0.024306 0.010786 0.000341 0.200305 0.008348 2.842026
0.730417 0.025578 0.024276 0.010788 0.000348 0.200243 0.008351 2.844490
0.730456 0.025581 0.024211 0.010768 0.000347 0.200283 0.008354 2.846952
0.730458 0.025598 0.024199 0.010763 0.000344 0.200278 0.008359 2.849459
0.730424 0.025671 0.024170 0.010757 0.000347 0.200268 0.008363 2.851936
0.730541 0.025597 0.024209 0.010802 0.000349 0.200136 0.008365 2.854496
0.730686 0.025498 0.024243 0.010819 0.000355 0.200031 0.008370 2.857038
0.730632 0.025589 0.024237 0.010835 0.000347 0.199985 0.008374 2.859543
0.730568 0.025633 0.024227 0.010859 0.000348 0.199989 0.008377 2.862026
0.730559 0.025668 0.024225 0.010837 0.000353 0.199978 0.008379 2.864528
0.730553 0.025726 0.024217 0.010854 0.000348 0.199921 0.008382 2.867013
0.730581 0.025682 0.024268 0.010850 0.000347 0.199889 0.008384 2.869555
0.730632 0.025635 0.024256 0.010832 0.000344 0.199912 0.008389 2.872051
0.730605 0.025603 0.024290 0.010840 0.000342 0.199928 0.008393 2.874586
0.730643 0.025573 0.024280 0.010872 0.000344 0.199891 0.008397 2.877104
0.730573 0.025636 0.024236 0.010888 0.000345 0.199923 0.008400 2.879593
0.730555 0.025695 0.024175 0.010891 0.000343 0.199940 0.008402 2.882030
0.730561 0.025713 0.024222 0.010883 0.000346 0.199872 0.008403 2.884514
0.730547 0.025674 0.024257 0.010913 0.000343 0.199861 0.008407 2.887052
0.730576 0.025626 0.024245 0.010930 0.000351 0.199865 0.008408 2.889551
0.730509 0.025615 0.024217 0.010949 0.000350 0.199949 0.008411 2.892061
0.730484 0.025627 0.024215 0.010937 0.000353 0.199972 0.008413 2.894580
0.730520 0.025624 0.024209 0.010928 0.000356 0.199950 0.008413 2.897078
0.730483 0.025651 0.024250 0.010921 0.000359 0.199922 0.008415 2.899581
0.730439 0.025697 0.024264 0.010892 0.000360 0.199933 0.008417 2.902112
0.730401 0.025726 0.024256 0.010896 0.000362 0.199940 0.008419 2.904632
0.730372 0.025701 0.024337 0.010876 0.000369 0.199924 0.008422 2.907182
0.730306 0.025746 0.024335 0.010856 0.000374 0.199960 0.008424 2.909669
0.730286 0.025799 0.024355 0.010811 0.000379 0.199943 0.008428 2.912161
0.730350 0.025680 0.024351 0.010831 0.000375 0.199980 0.008433 2.914718
0.730269 0.025725 0.024425 0.010885 0.000366 0.199892 0.008437 2.917224
0.730196 0.025709 0.024458 0.010894 0.000360 0.199944 0.008439 2.919773
0.730121 0.025640 0.024508 0.010894 0.000360 0.200037 0.008440 2.922336
0.730035 0.025680 0.024498 0.010882 0.000363 0.200100 0.008442 2.924858
0.730049 0.025653 0.024562 0.010906 0.000363 0.200022 0.008445 2.927448
0.730061 0.025547 0.024573 0.010904 0.000365 0.200101 0.008450 2.930019
0.730049 0.025546 0.024572 0.010877 0.000364 0.200137 0.008454 2.932523
0.730092 0.025502 0.024548 0.010864 0.000368 0.200171 0.008455 2.935045
0.730054 0.025539 0.024505 0.010811 0.000367 0.200265 0.008459 2.937527
0.730092 0.025510 0.024483 0.010806 0.000365 0.200284 0.008462 2.940015
0.730024 0.025505 0.024564 0.010842 0.000364 0.200236 0.008466 2.942599
0.730000 0.025504 0.024596 0.010863 0.000366 0.200203 0.008469 2.945121
0.729967 0.025588 0.024553 0.010861 0.000363 0.200197 0.008471 2.947589
0.729971 0.025564 0.024519 0.010872 0.000359 0.200242 0.008472 2.950093
