0.360114 0.062358 0.055177 0.031719 0.002022 0.482812 0.005797 1.586668
0.361069 0.061428 0.055092 0.031645 0.002018 0.482918 0.005830 1.592754
0.362133 0.060514 0.054911 0.031547 0.002022 0.483018 0.005856 1.598632
0.363379 0.059370 0.054800 0.031407 0.002019 0.483135 0.005890 1.604514
0.364812 0.058231 0.054532 0.031211 0.002015 0.483285 0.005913 1.610248
0.366461 0.056999 0.054327 0.030989 0.002002 0.483284 0.005938 1.615843
0.368231 0.055880 0.054051 0.030658 0.001991 0.483220 0.005970 1.621318
0.369931 0.054731 0.053655 0.030386 0.001985 0.483324 0.005990 1.626689
0.371842 0.053603 0.053248 0.030157 0.001985 0.483149 0.006017 1.631952
0.373666 0.052484 0.052888 0.029783 0.001974 0.483158 0.006048 1.637198
0.375637 0.051445 0.052453 0.029487 0.001958 0.482944 0.006076 1.642289
0.377586 0.050358 0.052083 0.029186 0.001950 0.482734 0.006101 1.647427
0.379505 0.049639 0.051562 0.028761 0.001937 0.482465 0.006130 1.652184
0.381557 0.048833 0.051057 0.028434 0.001909 0.482046 0.006163 1.657002
0.383853 0.047919 0.050568 0.028084 0.001888 0.481501 0.006187 1.661779
0.385900 0.047187 0.050002 0.027753 0.001870 0.481075 0.006213 1.666470
0.387944 0.046523 0.049461 0.027384 0.001862 0.480588 0.006238 1.671065
0.390073 0.045895 0.048905 0.027089 0.001845 0.479933 0.006260 1.675575
0.392182 0.045378 0.048318 0.026739 0.001830 0.479275 0.006279 1.679989
0.394374 0.044718 0.047711 0.026439 0.001808 0.478647 0.006304 1.684440
0.396534 0.044194 0.047142 0.026081 0.001797 0.477930 0.006322 1.688783
0.398695 0.043669 0.046565 0.025751 0.001771 0.477209 0.006342 1.693127
0.400927 0.043227 0.045963 0.025455 0.001752 0.476314 0.006363 1.697375
0.403114 0.042820 0.045412 0.025141 0.001732 0.475403 0.006379 1.701581
0.405245 0.042450 0.044866 0.024865 0.001706 0.474470 0.006397 1.705716
0.407415 0.042085 0.044290 0.024611 0.001688 0.473488 0.006423 1.709811
0.409539 0.041755 0.043800 0.024364 0.001669 0.472427 0.006445 1.713933
0.411532 0.041511 0.043315 0.024036 0.001642 0.471498 0.006467 1.718021
0.413653 0.041167 0.042912 0.023869 0.001615 0.470296 0.006489 1.722134
0.415629 0.040902 0.042460 0.023601 0.001590 0.469312 0.006508 1.726162
0.417732 0.040633 0.041984 0.023384 0.001559 0.468184 0.006522 1.730162
0.419877 0.040482 0.041516 0.023105 0.001532 0.466945 0.006543 1.734038
0.421923 0.040358 0.041134 0.022875 0.001501 0.465642 0.006570 1.737982
0.423880 0.040185 0.040825 0.022621 0.001476 0.464428 0.006585 1.741953
0.425959 0.039899 0.040497 0.022447 0.001458 0.463138 0.006602 1.745980
0.427989 0.039783 0.040181 0.022234 0.001427 0.461765 0.006622 1.749909
0.429970 0.039670 0.039843 0.022069 0.001399 0.460407 0.006642 1.753831
0.431988 0.039691 0.039440 0.021833 0.001373 0.459018 0.006658 1.757628
0.433926 0.039612 0.039096 0.021638 0.001353 0.457698 0.006676 1.761513
0.435778 0.039558 0.038828 0.021531 0.001338 0.456279 0.006688 1.765395
0.437701 0.039428 0.038556 0.021399 0.001305 0.454907 0.006705 1.769307
0.439606 0.039332 0.038390 0.021241 0.001281 0.453432 0.006719 1.773200
0.441459 0.039257 0.038126 0.021139 0.001246 0.452040 0.006734 1.777049
0.443234 0.039273 0.037918 0.020950 0.001226 0.450653 0.006744 1.780874
0.444973 0.039269 0.037659 0.020784 0.001206 0.449356 0.006753 1.784680
0.446665 0.039355 0.037483 0.020600 0.001196 0.447935 0.006767 1.788500
0.448065 0.039610 0.037283 0.020503 0.001181 0.446581 0.006778 1.792314
0.449725 0.039675 0.037154 0.020380 0.001153 0.445124 0.006790 1.796156
0.451328 0.039675 0.037028 0.020314 0.001129 0.443726 0.006800 1.800074
0.452905 0.039697 0.036951 0.020245 0.001094 0.442293 0.006817 1.804023
0.454624 0.039638 0.036868 0.020223 0.001066 0.440753 0.006829 1.807936
0.456186 0.039714 0.036704 0.020141 0.001048 0.439363 0.006844 1.811809
0.457605 0.039888 0.036602 0.020103 0.001033 0.437914 0.006855 1.815673
0.459078 0.040013 0.036527 0.020037 0.001015 0.436462 0.006869 1.819581
0.460572 0.040005 0.036567 0.019972 0.000993 0.435010 0.006881 1.823565
0.462088 0.040095 0.036516 0.019877 0.000983 0.433545 0.006895 1.827458
0.463586 0.040102 0.036469 0.019849 0.000967 0.432118 0.006909 1.831428
0.464902 0.040208 0.036465 0.019826 0.000950 0.430728 0.006919 1.835394
0.466247 0.040266 0.036342 0.019839 0.000939 0.429439 0.006928 1.839400
0.467529 0.040350 0.036261 0.019885 0.000926 0.428112 0.006938 1.843421
0.468763 0.040543 0.036188 0.019838 0.000911 0.426806 0.006953 1.847378
0.469927 0.040715 0.036289 0.019755 0.000897 0.425453 0.006963 1.851346
0.471056 0.040846 0.036326 0.019703 0.000884 0.424212 0.006973 1.855374
0.472148 0.040965 0.036331 0.019744 0.000867 0.422962 0.006984 1.859423
0.473270 0.041041 0.036348 0.019824 0.000856 0.421668 0.006993 1.863484
0.474366 0.041281 0.036372 0.019793 0.000852 0.420336 0.007001 1.867439
0.475274 0.041518 0.036385 0.019853 0.000844 0.419120 0.007007 1.871493
0.476235 0.041741 0.036399 0.019817 0.000831 0.417963 0.007015 1.875510
0.477203 0.041801 0.036465 0.019833 0.000821 0.416853 0.007024 1.879656
0.478160 0.041973 0.036515 0.019854 0.000817 0.415653 0.007030 1.883775
0.479200 0.042069 0.036594 0.019843 0.000809 0.414451 0.007036 1.887886
0.480068 0.042287 0.036603 0.019872 0.000808 0.413319 0.007044 1.891973
0.480887 0.042466 0.036664 0.019893 0.000791 0.412247 0.007052 1.896094
0.481744 0.042645 0.036684 0.019931 0.000787 0.411153 0.007058 1.900219
0.482568 0.042774 0.036821 0.020011 0.000772 0.409990 0.007065 1.904400
0.483197 0.043086 0.036886 0.020049 0.000770 0.408942 0.007071 1.908527
0.483983 0.043251 0.036986 0.020091 0.000763 0.407847 0.007078 1.912742
0.484638 0.043458 0.037075 0.020155 0.000757 0.406832 0.007087 1.916999
0.485383 0.043633 0.037211 0.020213 0.000754 0.405717 0.007090 1.921231
0.485932 0.043807 0.037371 0.020259 0.000752 0.404784 0.007097 1.925545
0.486546 0.043870 0.037617 0.020341 0.000739 0.403783 0.007105 1.929941
0.487085 0.044030 0.037757 0.020362 0.000726 0.402929 0.007113 1.934234
0.487766 0.044022 0.037840 0.020430 0.000727 0.402095 0.007120 1.938593
0.488423 0.044031 0.037971 0.020545 0.000722 0.401185 0.007124 1.942967
0.489048 0.044076 0.038051 0.020590 0.000716 0.400392 0.007129 1.947272
0.489667 0.044124 0.038157 0.020622 0.000709 0.399588 0.007134 1.951609
0.490200 0.044206 0.038299 0.020679 0.000699 0.398772 0.007145 1.955933
0.490748 0.044329 0.038398 0.020754 0.000698 0.397924 0.007149 1.960306
0.491246 0.044491 0.038451 0.020775 0.000700 0.397186 0.007151 1.964607
0.491646 0.044714 0.038485 0.020807 0.000694 0.396495 0.007158 1.968920
0.492076 0.044899 0.038517 0.020884 0.000686 0.395772 0.007165 1.973279
0.492526 0.045078 0.038503 0.020969 0.000693 0.395061 0.007170 1.977651
0.492912 0.045144 0.038629 0.021036 0.000689 0.394415 0.007176 1.982096
0.493278 0.045396 0.038668 0.021004 0.000701 0.393773 0.007180 1.986444
0.493672 0.045422 0.038829 0.021111 0.000703 0.393080 0.007184 1.990977
0.494102 0.045492 0.038935 0.021200 0.000696 0.392383 0.007192 1.995418
0.494462 0.045576 0.039073 0.021212 0.000683 0.391796 0.007199 1.999868
0.494885 0.045610 0.039212 0.021240 0.000684 0.391168 0.007203 2.004373
0.495172 0.045731 0.039285 0.021308 0.000678 0.390616 0.007211 2.008780
0.495530 0.045896 0.039267 0.021313 0.000673 0.390106 0.007216 2.013197
0.495873 0.045897 0.039313 0.021334 0.000662 0.389703 0.007219 2.017688
0.496137 0.046042 0.039337 0.021386 0.000662 0.389212 0.007224 2.022137
0.496389 0.046121 0.039456 0.021455 0.000669 0.388681 0.007230 2.026652
0.496619 0.046171 0.039628 0.021481 0.000670 0.388199 0.007233 2.031216
0.496834 0.046256 0.039696 0.021558 0.000668 0.387754 0.007235 2.035764
0.497069 0.046340 0.039801 0.021520 0.000661 0.387365 0.007244 2.040262
0.497288 0.046369 0.039891 0.021586 0.000653 0.386962 0.007252 2.044830
0.497502 0.046378 0.039928 0.021637 0.000661 0.386639 0.007255 2.049393
0.497796 0.046391 0.039957 0.021657 0.000660 0.386281 0.007259 2.053916
0.498030 0.046404 0.040079 0.021645 0.000668 0.385911 0.007264 2.058408
0.498293 0.046479 0.040075 0.021732 0.000669 0.385485 0.007268 2.062892
0.498388 0.046576 0.040152 0.021798 0.000667 0.385146 0.007273 2.067436
0.498586 0.046624 0.040242 0.021860 0.000674 0.384738 0.007278 2.072006
0.498732 0.046632 0.040400 0.021903 0.000668 0.384383 0.007283 2.076600
0.498951 0.046717 0.040443 0.021906 0.000660 0.384032 0.007289 2.081086
0.499117 0.046804 0.040471 0.021940 0.000660 0.383716 0.007293 2.085599
0.499271 0.046811 0.040497 0.021876 0.000664 0.383583 0.007299 2.090120
0.499489 0.046792 0.040560 0.021961 0.000661 0.383234 0.007304 2.094743
0.499701 0.046879 0.040665 0.021988 0.000663 0.382791 0.007312 2.099297
0.500040 0.046829 0.040749 0.022097 0.000661 0.382307 0.007316 2.103874
0.500181 0.046822 0.040878 0.022179 0.000658 0.381963 0.007319 2.108504
0.500425 0.046766 0.040913 0.022278 0.000656 0.381637 0.007325 2.113140
0.500731 0.046682 0.040881 0.022332 0.000653 0.381390 0.007330 2.117715
0.500949 0.046618 0.040876 0.022339 0.000647 0.381235 0.007336 2.122286
0.501141 0.046476 0.041015 0.022394 0.000652 0.380983 0.007339 2.126942
0.501320 0.046559 0.041017 0.022389 0.000646 0.380724 0.007346 2.131467
0.501498 0.046591 0.041095 0.022370 0.000648 0.380450 0.007348 2.136043
0.501754 0.046582 0.041106 0.022367 0.000652 0.380186 0.007353 2.140571
0.501966 0.046608 0.041137 0.022373 0.000650 0.379908 0.007358 2.145149
0.502123 0.046625 0.041201 0.022393 0.000655 0.379641 0.007362 2.149702
0.502235 0.046655 0.041175 0.022445 0.000655 0.379471 0.007365 2.154258
0.502386 0.046652 0.041181 0.022453 0.000653 0.379303 0.007372 2.158799
0.502576 0.046701 0.041169 0.022463 0.000653 0.379062 0.007377 2.163362
0.502678 0.046736 0.041182 0.022523 0.000645 0.378852 0.007385 2.167971
0.502859 0.046656 0.041217 0.022545 0.000651 0.378681 0.007391 2.172523
0.502995 0.046754 0.041260 0.022467 0.000653 0.378477 0.007394 2.177073
0.503168 0.046762 0.041309 0.022531 0.000648 0.378179 0.007402 2.181689
0.503430 0.046739 0.041288 0.022515 0.000650 0.377969 0.007408 2.186222
0.503514 0.046718 0.041381 0.022419 0.000649 0.377906 0.007412 2.190805
0.503669 0.046729 0.041363 0.022405 0.000650 0.377765 0.007418 2.195298
0.503736 0.046718 0.041474 0.022459 0.000653 0.377534 0.007425 2.199923
0.503923 0.046706 0.041513 0.022490 0.000652 0.377286 0.007430 2.204465
0.504058 0.046599 0.041500 0.022551 0.000643 0.377208 0.007441 2.209091
0.504334 0.046457 0.041562 0.022576 0.000644 0.376982 0.007445 2.213746
0.504534 0.046447 0.041540 0.022527 0.000636 0.376863 0.007452 2.218242
0.504607 0.046552 0.041611 0.022425 0.000634 0.376712 0.007459 2.222792
0.504837 0.046422 0.041560 0.022440 0.000633 0.376643 0.007465 2.227393
0.504988 0.046437 0.041491 0.022467 0.000632 0.376515 0.007470 2.231952
0.505060 0.046418 0.041516 0.022547 0.000629 0.376358 0.007473 2.236566
0.505302 0.046284 0.041530 0.022552 0.000630 0.376226 0.007476 2.241174
0.505508 0.046290 0.041471 0.022485 0.000630 0.376134 0.007482 2.245683
0.505631 0.046387 0.041379 0.022479 0.000633 0.376003 0.007488 2.250116
0.505861 0.046215 0.041291 0.022531 0.000631 0.375977 0.007494 2.254699
0.506180 0.046147 0.041342 0.022475 0.000632 0.375724 0.007500 2.259227
0.506423 0.046093 0.041352 0.022408 0.000630 0.375588 0.007507 2.263739
0.506648 0.045898 0.041438 0.022413 0.000629 0.375464 0.007511 2.268368
0.506954 0.045835 0.041387 0.022393 0.000626 0.375288 0.007518 2.272833
0.507213 0.045730 0.041417 0.022353 0.000638 0.375128 0.007522 2.277353
0.507428 0.045799 0.041442 0.022320 0.000635 0.374850 0.007526 2.281820
0.507728 0.045733 0.041343 0.022277 0.000641 0.374751 0.007528 2.286256
0.508046 0.045652 0.041311 0.022240 0.000649 0.374571 0.007529 2.290735
0.508328 0.045691 0.041232 0.022224 0.000649 0.374340 0.007535 2.295142
0.508567 0.045674 0.041120 0.022201 0.000651 0.374249 0.007537 2.299578
0.508802 0.045601 0.041047 0.022259 0.000659 0.374091 0.007541 2.304079
0.509015 0.045580 0.041038 0.022231 0.000660 0.373928 0.007547 2.308532
0.509335 0.045513 0.040900 0.022201 0.000657 0.373839 0.007554 2.313000
0.509608 0.045598 0.040892 0.022086 0.000655 0.373602 0.007559 2.317417
0.509823 0.045651 0.040844 0.022148 0.000651 0.373316 0.007567 2.321899
0.510042 0.045733 0.040737 0.022103 0.000651 0.373161 0.007572 2.326273
0.510118 0.045772 0.040705 0.022081 0.000660 0.373090 0.007575 2.330700
0.510324 0.045725 0.040755 0.022108 0.000656 0.372850 0.007583 2.335190
0.510416 0.045790 0.040764 0.022136 0.000664 0.372643 0.007587 2.339655
0.510609 0.045739 0.040797 0.022138 0.000660 0.372466 0.007592 2.344149
0.510784 0.045685 0.040807 0.022137 0.000666 0.372326 0.007596 2.348666
0.510972 0.045802 0.040757 0.022103 0.000676 0.372089 0.007601 2.353071
0.511145 0.045860 0.040679 0.022059 0.000671 0.371979 0.007607 2.357460
0.511378 0.045799 0.040741 0.022083 0.000675 0.371715 0.007611 2.361950
0.511507 0.045816 0.040794 0.022064 0.000677 0.371527 0.007616 2.366438
0.511662 0.045888 0.040760 0.022052 0.000680 0.371339 0.007620 2.370897
0.511749 0.045904 0.040720 0.022100 0.000668 0.371236 0.007623 2.375414
0.511876 0.045920 0.040702 0.022178 0.000667 0.371030 0.007628 2.379928
0.511992 0.045852 0.040821 0.022147 0.000668 0.370889 0.007631 2.384454
0.512115 0.045933 0.040818 0.022097 0.000662 0.370741 0.007634 2.388872
0.512301 0.045839 0.040755 0.022139 0.000658 0.370671 0.007637 2.393404
0.512457 0.045822 0.040722 0.022188 0.000656 0.370510 0.007644 2.397861
0.512505 0.045785 0.040697 0.022174 0.000653 0.370539 0.007648 2.402323
0.512668 0.045777 0.040681 0.022191 0.000649 0.370382 0.007652 2.406801
0.512901 0.045671 0.040661 0.022178 0.000650 0.370281 0.007659 2.411314
0.513120 0.045572 0.040733 0.022164 0.000649 0.370099 0.007663 2.415826
0.513246 0.045553 0.040779 0.022116 0.000658 0.369980 0.007668 2.420373
0.513310 0.045666 0.040715 0.022132 0.000661 0.369845 0.007672 2.424793
0.513362 0.045685 0.040693 0.022092 0.000657 0.369835 0.007676 2.429229
0.513475 0.045667 0.040682 0.022013 0.000652 0.369826 0.007684 2.433693
0.513678 0.045663 0.040749 0.022036 0.000654 0.369530 0.007689 2.438139
0.513922 0.045564 0.040806 0.022055 0.000655 0.369303 0.007695 2.442633
0.514106 0.045530 0.040867 0.022017 0.000657 0.369126 0.007698 2.447080
0.514184 0.045641 0.040764 0.022028 0.000650 0.369032 0.007702 2.451467
0.514340 0.045644 0.040762 0.022019 0.000655 0.368873 0.007708 2.455922
0.514476 0.045742 0.040660 0.022063 0.000649 0.368697 0.007712 2.460312
0.514620 0.045793 0.040620 0.021997 0.000657 0.368595 0.007720 2.464735
0.514758 0.045810 0.040506 0.022015 0.000664 0.368525 0.007724 2.469157
0.514873 0.045803 0.040495 0.022018 0.000662 0.368423 0.007728 2.473638
0.514902 0.045907 0.040584 0.021994 0.000665 0.368215 0.007733 2.478106
0.515144 0.045807 0.040625 0.021916 0.000670 0.368098 0.007738 2.482585
0.515283 0.045833 0.040627 0.021888 0.000659 0.367966 0.007744 2.487031
0.515339 0.045787 0.040659 0.021943 0.000654 0.367871 0.007748 2.491571
0.515439 0.045843 0.040595 0.021982 0.000657 0.367731 0.007753 2.496021
0.515596 0.045820 0.040650 0.021887 0.000655 0.367631 0.007760 2.500492
0.515704 0.045776 0.040616 0.021871 0.000652 0.367617 0.007765 2.504965
0.515877 0.045784 0.040617 0.021877 0.000656 0.367419 0.007769 2.509417
0.515957 0.045853 0.040640 0.021915 0.000646 0.367211 0.007778 2.513887
0.516087 0.045845 0.040642 0.021902 0.000649 0.367094 0.007782 2.518363
0.516015 0.045825 0.040667 0.021924 0.000638 0.367146 0.007785 2.522891
0.516132 0.045945 0.040710 0.021900 0.000641 0.366883 0.007789 2.527350
0.516204 0.046022 0.040670 0.021855 0.000648 0.366806 0.007795 2.531770
0.516199 0.046033 0.040606 0.021909 0.000656 0.366797 0.007800 2.536275
0.516304 0.046020 0.040604 0.021883 0.000660 0.366723 0.007806 2.540768
0.516302 0.046007 0.040637 0.021977 0.000665 0.366602 0.007810 2.545376
0.516417 0.045945 0.040720 0.021975 0.000670 0.366460 0.007812 2.549916
0.516529 0.045850 0.040744 0.022020 0.000674 0.366367 0.007816 2.554466
0.516603 0.045831 0.040814 0.022011 0.000671 0.366247 0.007823 2.558941
0.516662 0.045863 0.040856 0.021959 0.000664 0.366167 0.007829 2.563419
0.516557 0.045937 0.040866 0.021946 0.000666 0.366194 0.007835 2.567882
0.516641 0.045979 0.040906 0.021958 0.000660 0.366015 0.007841 2.572395
0.516621 0.046129 0.040952 0.021922 0.000664 0.365868 0.007844 2.576860
0.516674 0.046083 0.041013 0.021924 0.000675 0.365783 0.007849 2.581424
0.516801 0.046029 0.041009 0.021924 0.000676 0.365708 0.007853 2.585924
0.516881 0.045999 0.040974 0.021922 0.000677 0.365691 0.007856 2.590444
0.517022 0.045932 0.041007 0.021930 0.000671 0.365573 0.007864 2.594953
0.517216 0.045895 0.040954 0.021984 0.000671 0.365412 0.007867 2.599466
0.517277 0.045888 0.040906 0.021932 0.000670 0.365457 0.007871 2.603984
0.517384 0.045875 0.040915 0.021989 0.000673 0.365288 0.007875 2.608483
0.517408 0.045950 0.040884 0.022014 0.000668 0.365194 0.007881 2.612951
0.517596 0.045885 0.040926 0.022013 0.000669 0.365025 0.007886 2.617454
0.517632 0.045863 0.041040 0.022063 0.000668 0.364842 0.007891 2.622023
0.517665 0.045956 0.040939 0.022106 0.000666 0.364774 0.007895 2.626447
0.517666 0.046042 0.040940 0.022153 0.000658 0.364644 0.007898 2.630950
0.517653 0.046050 0.040994 0.022208 0.000652 0.364542 0.007902 2.635526
0.517730 0.046020 0.041033 0.022173 0.000654 0.364482 0.007908 2.640054
0.517711 0.046043 0.041104 0.022176 0.000658 0.364397 0.007912 2.644625
0.517541 0.046193 0.041180 0.022215 0.000661 0.364295 0.007917 2.649169
0.517636 0.046182 0.041093 0.022239 0.000664 0.364265 0.007921 2.653644
0.517663 0.046198 0.041043 0.022224 0.000662 0.364287 0.007924 2.658168
0.517686 0.046237 0.041063 0.022207 0.000658 0.364219 0.007930 2.662647
0.517692 0.046191 0.041129 0.022152 0.000654 0.364247 0.007934 2.667202
0.517829 0.046047 0.041151 0.022196 0.000657 0.364184 0.007936 2.671780
0.517859 0.046041 0.041194 0.022181 0.000659 0.364127 0.007939 2.676307
0.517903 0.046088 0.041151 0.022233 0.000656 0.364025 0.007945 2.680822
0.517956 0.046122 0.041105 0.022236 0.000658 0.363972 0.007951 2.685311
0.517997 0.046160 0.041049 0.022208 0.000659 0.363974 0.007954 2.689762
0.518104 0.046032 0.040993 0.022243 0.000658 0.364010 0.007960 2.694320
0.518213 0.045986 0.040995 0.022163 0.000659 0.364018 0.007966 2.698850
0.518216 0.046108 0.040928 0.022182 0.000653 0.363941 0.007972 2.703285
0.518279 0.046122 0.040874 0.022203 0.000647 0.363890 0.007984 2.707766
0.518373 0.046153 0.040875 0.022127 0.000652 0.363831 0.007989 2.712244
0.518313 0.046201 0.040972 0.022101 0.000647 0.363768 0.007997 2.716734
0.518231 0.046185 0.040960 0.022144 0.000650 0.363828 0.008001 2.721280
0.518344 0.046083 0.041029 0.022183 0.000647 0.363705 0.008010 2.725874
0.518330 0.046152 0.040974 0.022146 0.000657 0.363726 0.008014 2.730318
0.518298 0.046175 0.041001 0.022174 0.000659 0.363672 0.008020 2.734828
0.518308 0.046186 0.041028 0.022190 0.000648 0.363614 0.008026 2.739353
0.518407 0.046056 0.041139 0.022182 0.000652 0.363532 0.008032 2.743968
0.518518 0.046144 0.041152 0.022129 0.000657 0.363364 0.008037 2.748410
0.518491 0.046161 0.041176 0.022077 0.000652 0.363403 0.008041 2.752941
0.518490 0.046214 0.041173 0.022069 0.000650 0.363357 0.008046 2.757443
0.518447 0.046240 0.041075 0.022107 0.000653 0.363426 0.008053 2.761937
0.518408 0.046337 0.041119 0.022023 0.000649 0.363407 0.008057 2.766414
0.518537 0.046316 0.041077 0.022059 0.000652 0.363300 0.008060 2.770884
0.518602 0.046277 0.041111 0.022072 0.000652 0.363221 0.008065 2.775405
0.518483 0.046341 0.041111 0.022071 0.000652 0.363270 0.008073 2.779909
0.518523 0.046330 0.041019 0.022080 0.000643 0.363329 0.008076 2.784382
0.518622 0.046364 0.041032 0.022061 0.000639 0.363200 0.008083 2.788807
0.518688 0.046322 0.040978 0.022090 0.000636 0.363201 0.008086 2.793361
0.518852 0.046157 0.041093 0.022090 0.000639 0.363076 0.008093 2.797962
0.518990 0.046047 0.041100 0.022120 0.000639 0.363008 0.008097 2.802505
0.518997 0.046039 0.041124 0.022097 0.000636 0.363005 0.008104 2.806998
0.518890 0.046075 0.041147 0.022175 0.000643 0.362961 0.008110 2.811508
0.519028 0.046081 0.041225 0.022191 0.000648 0.362714 0.008112 2.815997
0.519096 0.046103 0.041130 0.022201 0.000655 0.362697 0.008118 2.820433
0.519196 0.046057 0.041106 0.022215 0.000656 0.362648 0.008123 2.824925
0.519370 0.045922 0.041090 0.022192 0.000645 0.362655 0.008127 2.829462
0.519272 0.046024 0.041142 0.022200 0.000649 0.362581 0.008131 2.833980
0.519214 0.046118 0.041107 0.022202 0.000653 0.362571 0.008135 2.838434
0.519201 0.046153 0.041042 0.022244 0.000651 0.362568 0.008142 2.842941
0.519334 0.046094 0.041020 0.022273 0.000651 0.362483 0.008145 2.847468
0.519396 0.046068 0.040983 0.022275 0.000650 0.362479 0.008150 2.851939
0.519492 0.045954 0.040966 0.022261 0.000653 0.362517 0.008158 2.856451
0.519475 0.045919 0.041005 0.022297 0.000648 0.362489 0.008166 2.861006
0.519605 0.045862 0.040981 0.022287 0.000653 0.362442 0.008170 2.865454
0.519624 0.045884 0.040977 0.022297 0.000646 0.362396 0.008176 2.869952
0.519705 0.045857 0.040959 0.022340 0.000643 0.362315 0.008181 2.874440
0.519812 0.045803 0.041026 0.022332 0.000643 0.362199 0.008185 2.878949
0.519957 0.045766 0.040955 0.022288 0.000642 0.362202 0.008190 2.883412
0.519988 0.045916 0.040840 0.022258 0.000647 0.362158 0.008195 2.887776
0.520117 0.045831 0.040880 0.022232 0.000646 0.362096 0.008198 2.892258
0.520134 0.045809 0.040876 0.022136 0.000645 0.362197 0.008204 2.896747
0.520250 0.045775 0.040813 0.022191 0.000645 0.362120 0.008207 2.901207
0.520396 0.045792 0.040824 0.022096 0.000654 0.362029 0.008210 2.905641
0.520429 0.045723 0.040810 0.022099 0.000654 0.362070 0.008216 2.910192
0.520506 0.045700 0.040757 0.022138 0.000657 0.362020 0.008222 2.914695
0.520498 0.045693 0.040795 0.022220 0.000648 0.361919 0.008227 2.919231
0.520517 0.045870 0.040744 0.022127 0.000648 0.361862 0.008231 2.923572
0.520569 0.045796 0.040733 0.022134 0.000653 0.361879 0.008236 2.928079
0.520642 0.045829 0.040750 0.022117 0.000662 0.361759 0.008241 2.932552
0.520602 0.045888 0.040739 0.022123 0.000661 0.361742 0.008245 2.937013
0.520601 0.045910 0.040696 0.022102 0.000652 0.361788 0.008252 2.941518
0.520533 0.045923 0.040684 0.022023 0.000658 0.361918 0.008261 2.946005
0.520695 0.045908 0.040633 0.022034 0.000671 0.361794 0.008265 2.950453
0.520650 0.045941 0.040728 0.022060 0.000670 0.361680 0.008271 2.954952
0.520648 0.045892 0.040797 0.022068 0.000669 0.361649 0.008277 2.959512
0.520619 0.045934 0.040775 0.022062 0.000675 0.361651 0.008285 2.964002
0.520671 0.045846 0.040790 0.022105 0.000660 0.361637 0.008292 2.968544
0.520678 0.045829 0.040783 0.022139 0.000657 0.361616 0.008299 2.973084
0.520746 0.045895 0.040777 0.022139 0.000653 0.361487 0.008302 2.977494
0.520658 0.045947 0.040814 0.022129 0.000655 0.361490 0.008306 2.982007
0.520771 0.045925 0.040781 0.022139 0.000652 0.361420 0.008312 2.986493
0.520891 0.045919 0.040770 0.022081 0.000650 0.361374 0.008318 2.990954
0.521041 0.045894 0.040719 0.022044 0.000654 0.361326 0.008322 2.995405
0.521055 0.045852 0.040739 0.022035 0.000649 0.361345 0.008326 2.999897
0.521086 0.045755 0.040787 0.022011 0.000657 0.361373 0.008332 3.004459
0.521049 0.045771 0.040770 0.022039 0.000655 0.361378 0.008338 3.008954
0.521007 0.045850 0.040737 0.022024 0.000657 0.361384 0.008343 3.013383
0.521017 0.045923 0.040833 0.021985 0.000657 0.361238 0.008348 3.017903
0.521059 0.045872 0.040875 0.022021 0.000655 0.361164 0.008356 3.022439
0.521113 0.045883 0.040787 0.022027 0.000648 0.361182 0.008361 3.026911
0.521092 0.045935 0.040761 0.022071 0.000653 0.361125 0.008365 3.031400
0.521109 0.045967 0.040793 0.022069 0.000646 0.361047 0.008369 3.035883
0.521098 0.046001 0.040835 0.022051 0.000651 0.360992 0.008372 3.040397
0.521121 0.045961 0.040861 0.022056 0.000649 0.360976 0.008376 3.044913
0.521172 0.045943 0.040837 0.022056 0.000647 0.360964 0.008381 3.049417
0.521154 0.045874 0.040933 0.022051 0.000651 0.360951 0.008385 3.053972
0.521056 0.045944 0.040964 0.022009 0.000650 0.360988 0.008390 3.058439
0.521068 0.046009 0.040969 0.021975 0.000652 0.360931 0.008396 3.062884
0.521016 0.045971 0.040987 0.022058 0.000649 0.360920 0.008400 3.067481
0.521011 0.046016 0.040938 0.022086 0.000652 0.360894 0.008404 3.071945
0.520962 0.045958 0.040929 0.022083 0.000654 0.361006 0.008408 3.076433
0.520992 0.045959 0.040878 0.022052 0.000654 0.361054 0.008413 3.080938
0.521034 0.045954 0.040848 0.022046 0.000652 0.361047 0.008421 3.085390
0.521026 0.045991 0.040769 0.022025 0.000653 0.361112 0.008425 3.089854
0.521012 0.046017 0.040811 0.022099 0.000654 0.360980 0.008428 3.094392
0.521126 0.045989 0.040850 0.022038 0.000660 0.360902 0.008436 3.098892
0.521164 0.045929 0.040926 0.022034 0.000650 0.360855 0.008442 3.103419
0.521010 0.045964 0.041016 0.022036 0.000651 0.360879 0.008445 3.107949
0.521073 0.045979 0.040954 0.021996 0.000651 0.360899 0.008449 3.112391
0.521162 0.046002 0.040942 0.021960 0.000650 0.360833 0.008452 3.116821
0.521173 0.045944 0.040908 0.021980 0.000658 0.360880 0.008457 3.121386
0.521139 0.045915 0.040874 0.022024 0.000667 0.360921 0.008461 3.125898
0.521146 0.045946 0.040903 0.021969 0.000671 0.360900 0.008465 3.130355
0.521190 0.045879 0.040821 0.022073 0.000666 0.360899 0.008472 3.134861
0.521208 0.045878 0.040815 0.022081 0.000663 0.360879 0.008477 3.139336
0.521239 0.045811 0.040862 0.022078 0.000659 0.360868 0.008484 3.143863
0.521138 0.045940 0.040853 0.022023 0.000662 0.360894 0.008490 3.148318
0.521128 0.045853 0.040887 0.022085 0.000660 0.360894 0.008494 3.152876
0.521212 0.045863 0.040786 0.022050 0.000661 0.360932 0.008498 3.157332
0.521209 0.046004 0.040744 0.022010 0.000653 0.360876 0.008505 3.161757
0.521279 0.045945 0.040762 0.022027 0.000651 0.360827 0.008509 3.166276
0.521353 0.045859 0.040768 0.022086 0.000650 0.360772 0.008513 3.170806
0.521370 0.045884 0.040709 0.022051 0.000647 0.360824 0.008516 3.175265
0.521393 0.045841 0.040707 0.022081 0.000645 0.360812 0.008520 3.179789
0.521483 0.045779 0.040750 0.022142 0.000648 0.360674 0.008526 3.184309
0.521518 0.045681 0.040743 0.022179 0.000656 0.360694 0.008530 3.188852
0.521596 0.045733 0.040693 0.022155 0.000658 0.360630 0.008535 3.193262
0.521703 0.045645 0.040750 0.022166 0.000651 0.360546 0.008540 3.197814
0.521685 0.045631 0.040768 0.022141 0.000652 0.360579 0.008544 3.202304
0.521753 0.045658 0.040767 0.022147 0.000647 0.360476 0.008552 3.206776
0.521837 0.045714 0.040769 0.022187 0.000643 0.360291 0.008558 3.211205
0.521799 0.045846 0.040885 0.022192 0.000640 0.360077 0.008562 3.215639
0.521741 0.045919 0.040863 0.022153 0.000640 0.360114 0.008570 3.220106
0.521750 0.045909 0.040890 0.022134 0.000647 0.360100 0.008572 3.224630
0.521763 0.045956 0.040823 0.022128 0.000639 0.360115 0.008577 3.229069
0.521759 0.046030 0.040819 0.022053 0.000646 0.360113 0.008580 3.233522
0.521755 0.045927 0.040906 0.022079 0.000648 0.360102 0.008583 3.238117
0.521722 0.045890 0.040891 0.022104 0.000647 0.360159 0.008587 3.242640
0.521706 0.045847 0.040834 0.022067 0.000650 0.360305 0.008592 3.247133
0.521636 0.045947 0.040822 0.022009 0.000651 0.360337 0.008598 3.251573
0.521631 0.045823 0.040909 0.022080 0.000652 0.360302 0.008604 3.256149
0.521605 0.045700 0.040949 0.022131 0.000648 0.360359 0.008609 3.260747
0.521545 0.045849 0.040800 0.022134 0.000647 0.360413 0.008614 3.265150
0.521566 0.045804 0.040851 0.022167 0.000636 0.360357 0.008619 3.269666
0.521539 0.045821 0.040795 0.022215 0.000639 0.360369 0.008623 3.274185
0.521583 0.045826 0.040748 0.022219 0.000644 0.360355 0.008625 3.278686
0.521692 0.045679 0.040814 0.022274 0.000640 0.360270 0.008631 3.283250
0.521724 0.045711 0.040851 0.022233 0.000643 0.360201 0.008637 3.287692
0.521764 0.045691 0.040933 0.022224 0.000642 0.360104 0.008642 3.292180
0.521860 0.045691 0.040970 0.022176 0.000647 0.360010 0.008646 3.296654
0.521933 0.045641 0.041011 0.022160 0.000652 0.359952 0.008652 3.301133
0.522018 0.045597 0.040974 0.022157 0.000653 0.359946 0.008656 3.305641
0.521935 0.045590 0.041029 0.022156 0.000658 0.359971 0.008661 3.310161
0.521995 0.045584 0.041066 0.022117 0.000652 0.359918 0.008667 3.314608
0.522065 0.045575 0.041024 0.022074 0.000653 0.359938 0.008672 3.319031
0.522148 0.045565 0.040958 0.022035 0.000647 0.359970 0.008678 3.323485
0.522060 0.045630 0.040888 0.022014 0.000651 0.360075 0.008682 3.327954
0.522052 0.045576 0.040891 0.021971 0.000642 0.360179 0.008689 3.332475
0.522042 0.045613 0.040862 0.021955 0.000645 0.360190 0.008693 3.336876
0.522024 0.045580 0.040923 0.021979 0.000650 0.360149 0.008697 3.341377
0.522106 0.045621 0.040898 0.021986 0.000652 0.360036 0.008702 3.345854
0.522148 0.045673 0.040867 0.021957 0.000652 0.359996 0.008707 3.350283
0.522155 0.045664 0.040896 0.021925 0.000653 0.359998 0.008710 3.354791
0.522192 0.045695 0.040831 0.021906 0.000645 0.360014 0.008716 3.359237
0.522064 0.045783 0.040733 0.021880 0.000655 0.360166 0.008719 3.363628
0.522160 0.045760 0.040774 0.021853 0.000654 0.360072 0.008728 3.368075
0.522028 0.045816 0.040800 0.021835 0.000657 0.360128 0.008735 3.372569
0.522101 0.045701 0.040827 0.021877 0.000661 0.360095 0.008739 3.377079
0.522240 0.045629 0.040829 0.021930 0.000663 0.359965 0.008744 3.381596
0.522334 0.045592 0.040841 0.021948 0.000657 0.359879 0.008750 3.386115
0.522390 0.045548 0.040841 0.021895 0.000651 0.359919 0.008756 3.390595
0.522362 0.045638 0.040761 0.021886 0.000652 0.359942 0.008759 3.395010
0.522365 0.045643 0.040799 0.021872 0.000660 0.359898 0.008764 3.399487
0.522496 0.045539 0.040814 0.021875 0.000664 0.359840 0.008773 3.404024
0.522624 0.045399 0.040875 0.021960 0.000656 0.359707 0.008777 3.408572
0.522569 0.045435 0.040772 0.021965 0.000652 0.359827 0.008782 3.413025
0.522609 0.045519 0.040667 0.021993 0.000650 0.359775 0.008787 3.417417
0.522687 0.045431 0.040666 0.021992 0.000650 0.359785 0.008791 3.421938
0.522682 0.045506 0.040617 0.021990 0.000653 0.359756 0.008797 3.426324
0.522841 0.045436 0.040534 0.022023 0.000650 0.359715 0.008800 3.430788
0.522913 0.045476 0.040572 0.022000 0.000649 0.359583 0.008808 3.435209
0.522940 0.045436 0.040664 0.022049 0.000656 0.359443 0.008813 3.439759
0.523025 0.045425 0.040771 0.021974 0.000660 0.359329 0.008817 3.444204
0.522936 0.045358 0.040884 0.021988 0.000652 0.359360 0.008823 3.448771
0.522925 0.045365 0.040899 0.022039 0.000651 0.359296 0.008826 3.453242
0.522960 0.045375 0.040840 0.021996 0.000658 0.359342 0.008829 3.457662
0.523035 0.045388 0.040830 0.021944 0.000656 0.359314 0.008834 3.462105
0.523028 0.045475 0.040786 0.021914 0.000658 0.359300 0.008839 3.466524
0.522998 0.045589 0.040736 0.021889 0.000656 0.359292 0.008842 3.470989
0.523026 0.045577 0.040781 0.021894 0.000661 0.359215 0.008847 3.475439
0.523019 0.045541 0.040771 0.021941 0.000669 0.359208 0.008852 3.479944
0.523031 0.045594 0.040777 0.021923 0.000665 0.359154 0.008856 3.484379
0.522981 0.045694 0.040760 0.021943 0.000663 0.359100 0.008861 3.488837
0.523044 0.045707 0.040733 0.021910 0.000665 0.359074 0.008868 3.493303
0.522976 0.045720 0.040793 0.021866 0.000661 0.359108 0.008876 3.497763
0.522963 0.045721 0.040748 0.021862 0.000656 0.359168 0.008882 3.502220
0.522945 0.045801 0.040696 0.021888 0.000656 0.359125 0.008889 3.506634
0.523002 0.045849 0.040703 0.021904 0.000651 0.358997 0.008894 3.511101
0.523037 0.045860 0.040704 0.021847 0.000662 0.358993 0.008896 3.515568
0.522980 0.045928 0.040719 0.021801 0.000667 0.359002 0.008903 3.520038
0.522988 0.045936 0.040700 0.021827 0.000659 0.358979 0.008910 3.524525
0.522974 0.046019 0.040718 0.021799 0.000666 0.358911 0.008913 3.528930
0.522923 0.046094 0.040739 0.021795 0.000655 0.358876 0.008919 3.533472
0.522959 0.046054 0.040682 0.021836 0.000659 0.358888 0.008923 3.537980
0.522916 0.046093 0.040721 0.021858 0.000665 0.358820 0.008926 3.542509
0.522966 0.046046 0.040692 0.021901 0.000653 0.358809 0.008932 3.547050
0.522941 0.046090 0.040674 0.021920 0.000653 0.358779 0.008941 3.551538
0.522882 0.046027 0.040676 0.021936 0.000654 0.358876 0.008948 3.556069
0.522836 0.046024 0.040746 0.021936 0.000647 0.358858 0.008952 3.560592
0.522730 0.046136 0.040724 0.021985 0.000653 0.358814 0.008958 3.565080
0.522665 0.046173 0.040670 0.021995 0.000664 0.358870 0.008963 3.569576
0.522623 0.046156 0.040696 0.022001 0.000662 0.358893 0.008969 3.574086
0.522577 0.046123 0.040700 0.022053 0.000669 0.358904 0.008973 3.578623
0.522539 0.045998 0.040824 0.022131 0.000665 0.358867 0.008975 3.583234
0.522536 0.045925 0.040914 0.022128 0.000670 0.358848 0.008978 3.587808
0.522616 0.045929 0.040960 0.022134 0.000663 0.358714 0.008984 3.592308
0.522671 0.045863 0.041075 0.022108 0.000661 0.358634 0.008989 3.596850
0.522611 0.045942 0.041077 0.022103 0.000667 0.358605 0.008995 3.601349
0.522668 0.045985 0.041097 0.022083 0.000660 0.358505 0.009003 3.605781
0.522632 0.046033 0.041095 0.022088 0.000668 0.358477 0.009007 3.610248
0.522686 0.046036 0.041034 0.022013 0.000667 0.358551 0.009014 3.614692
0.522735 0.046012 0.041142 0.021955 0.000666 0.358473 0.009018 3.619181
0.522610 0.046112 0.041122 0.021894 0.000658 0.358578 0.009026 3.623699
0.522514 0.046127 0.041153 0.021942 0.000651 0.358581 0.009032 3.628207
0.522564 0.046151 0.041044 0.022015 0.000650 0.358536 0.009041 3.632678
0.522556 0.046112 0.041055 0.022010 0.000650 0.358571 0.009046 3.637188
0.522458 0.046153 0.041122 0.022043 0.000650 0.358519 0.009054 3.641707
0.522421 0.046118 0.041126 0.022096 0.000641 0.358539 0.009059 3.646302
0.522437 0.046093 0.041140 0.022048 0.000639 0.358581 0.009062 3.650798
0.522406 0.046123 0.041065 0.022045 0.000641 0.358652 0.009068 3.655269
0.522468 0.046129 0.041045 0.022010 0.000637 0.358637 0.009075 3.659709
0.522307 0.046125 0.041088 0.022000 0.000629 0.358772 0.009081 3.664260
0.522311 0.046181 0.041008 0.022041 0.000631 0.358746 0.009084 3.668672
0.522263 0.046179 0.040979 0.022051 0.000630 0.358808 0.009090 3.673202
0.522106 0.046180 0.041073 0.022069 0.000641 0.358838 0.009092 3.677795
0.522036 0.046104 0.041089 0.022089 0.000638 0.358945 0.009101 3.682380
0.522014 0.046020 0.041178 0.022080 0.000643 0.358963 0.009104 3.686984
0.522102 0.045879 0.041234 0.022083 0.000632 0.358960 0.009111 3.691544
0.522145 0.045816 0.041128 0.022127 0.000628 0.359041 0.009115 3.695977
0.522045 0.045883 0.041161 0.022090 0.000628 0.359075 0.009119 3.700462
0.521984 0.046019 0.041188 0.022024 0.000632 0.359031 0.009122 3.704890
0.522031 0.045934 0.041259 0.022031 0.000632 0.358988 0.009127 3.709449
0.521969 0.046016 0.041207 0.021992 0.000639 0.359049 0.009130 3.713892
0.521953 0.045966 0.041168 0.022058 0.000639 0.359078 0.009139 3.718441
0.521921 0.045941 0.041179 0.022064 0.000636 0.359116 0.009144 3.722950
0.522044 0.045813 0.041158 0.022103 0.000644 0.359088 0.009150 3.727479
0.521977 0.045882 0.041126 0.022112 0.000656 0.359091 0.009155 3.731973
0.521939 0.045989 0.041035 0.022034 0.000658 0.359185 0.009160 3.736370
0.521879 0.046042 0.041074 0.021980 0.000664 0.359195 0.009166 3.740847
0.522035 0.045957 0.040966 0.022010 0.000666 0.359197 0.009169 3.745329
0.522138 0.045896 0.040918 0.022029 0.000665 0.359178 0.009175 3.749844
0.522092 0.045886 0.040998 0.021991 0.000667 0.359186 0.009180 3.754333
0.521966 0.045946 0.041027 0.022009 0.000660 0.359208 0.009185 3.758844
0.521938 0.045916 0.040964 0.022004 0.000663 0.359327 0.009187 3.763356
0.521976 0.045901 0.040959 0.022000 0.000669 0.359304 0.009191 3.767806
0.522072 0.045911 0.040935 0.021923 0.000672 0.359290 0.009198 3.772282
0.522111 0.045914 0.040837 0.021872 0.000675 0.359391 0.009201 3.776720
0.522115 0.045799 0.040937 0.021970 0.000681 0.359293 0.009206 3.781278
0.522199 0.045775 0.040890 0.021972 0.000666 0.359286 0.009213 3.785725
0.522216 0.045848 0.040817 0.021955 0.000662 0.359286 0.009219 3.790188
0.522315 0.045840 0.040752 0.021955 0.000665 0.359251 0.009223 3.794645
0.522237 0.045873 0.040765 0.021937 0.000666 0.359295 0.009227 3.799126
0.522254 0.045912 0.040713 0.021952 0.000671 0.359268 0.009231 3.803596
0.522315 0.045775 0.040767 0.021995 0.000666 0.359245 0.009237 3.808177
0.522333 0.045666 0.040776 0.022077 0.000671 0.359239 0.009239 3.812742
0.522410 0.045564 0.040815 0.022070 0.000675 0.359226 0.009242 3.817299
0.522358 0.045626 0.040785 0.022054 0.000675 0.359255 0.009247 3.821746
0.522330 0.045627 0.040891 0.022085 0.000674 0.359141 0.009252 3.826261
0.522271 0.045748 0.040887 0.021963 0.000672 0.359200 0.009260 3.830664
0.522341 0.045671 0.040950 0.022035 0.000664 0.359073 0.009267 3.835205
0.522282 0.045663 0.040930 0.022036 0.000667 0.359149 0.009272 3.839730
0.522264 0.045709 0.040937 0.022041 0.000666 0.359109 0.009273 3.844172
0.522266 0.045679 0.040975 0.022012 0.000677 0.359114 0.009279 3.848673
0.522353 0.045635 0.041081 0.021991 0.000677 0.358983 0.009281 3.853158
0.522404 0.045612 0.041078 0.022018 0.000676 0.358929 0.009284 3.857664
0.522458 0.045583 0.041065 0.022006 0.000673 0.358925 0.009291 3.862115
0.522555 0.045515 0.041016 0.021994 0.000666 0.358959 0.009295 3.866575
0.522528 0.045569 0.040992 0.022026 0.000671 0.358915 0.009298 3.871062
0.522520 0.045654 0.040969 0.022052 0.000668 0.358835 0.009301 3.875512
0.522558 0.045572 0.040985 0.022106 0.000659 0.358810 0.009310 3.880035
0.522612 0.045585 0.040989 0.022062 0.000660 0.358779 0.009314 3.884464
0.522584 0.045550 0.040972 0.022035 0.000652 0.358885 0.009322 3.888940
0.522574 0.045583 0.040907 0.022042 0.000659 0.358909 0.009325 3.893399
0.522634 0.045477 0.040935 0.022031 0.000658 0.358934 0.009331 3.897928
0.522719 0.045376 0.040921 0.021994 0.000660 0.358999 0.009333 3.902402
0.522796 0.045424 0.040841 0.021984 0.000661 0.358954 0.009340 3.906766
0.522756 0.045402 0.040875 0.021988 0.000660 0.358974 0.009345 3.911255
0.522911 0.045305 0.040875 0.021964 0.000659 0.358936 0.009349 3.915725
0.522964 0.045322 0.040833 0.021944 0.000658 0.358922 0.009357 3.920141
0.523019 0.045256 0.040853 0.021929 0.000667 0.358913 0.009363 3.924644
0.523042 0.045225 0.040873 0.021895 0.000661 0.358935 0.009371 3.929111
0.522926 0.045325 0.040835 0.021884 0.000668 0.358985 0.009376 3.933510
0.522955 0.045358 0.040840 0.021871 0.000669 0.358926 0.009381 3.937969
0.522918 0.045470 0.040772 0.021831 0.000673 0.358948 0.009387 3.942337
0.522892 0.045576 0.040700 0.021840 0.000677 0.358923 0.009392 3.946748
0.522825 0.045636 0.040658 0.021895 0.000684 0.358905 0.009396 3.951216
0.522755 0.045698 0.040755 0.021871 0.000681 0.358840 0.009400 3.955736
0.522658 0.045641 0.040793 0.021943 0.000680 0.358878 0.009406 3.960294
0.522717 0.045627 0.040840 0.021973 0.000681 0.358752 0.009411 3.964791
0.522658 0.045739 0.040715 0.021948 0.000682 0.358843 0.009415 3.969193
0.522674 0.045714 0.040704 0.022040 0.000679 0.358763 0.009425 3.973706
0.522718 0.045686 0.040674 0.022040 0.000677 0.358777 0.009430 3.978176
0.522601 0.045752 0.040674 0.022049 0.000676 0.358814 0.009435 3.982664
0.522568 0.045700 0.040818 0.022059 0.000679 0.358739 0.009439 3.987238
0.522610 0.045686 0.040801 0.022041 0.000690 0.358730 0.009443 3.991755
0.522420 0.045725 0.040783 0.022089 0.000688 0.358844 0.009450 3.996274
0.522419 0.045730 0.040845 0.022069 0.000687 0.358796 0.009454 4.000822
0.522471 0.045704 0.040856 0.021990 0.000695 0.358826 0.009458 4.005302
0.522524 0.045715 0.040816 0.022009 0.000681 0.358788 0.009467 4.009767
0.522381 0.045775 0.040866 0.022014 0.000677 0.358815 0.009472 4.014302
0.522313 0.045794 0.040896 0.021989 0.000676 0.358856 0.009476 4.018806
0.522215 0.045824 0.040850 0.022052 0.000670 0.358908 0.009481 4.023302
0.522237 0.045939 0.040862 0.022045 0.000668 0.358761 0.009488 4.027702
0.522194 0.045888 0.040793 0.022087 0.000666 0.358873 0.009497 4.032222
0.522110 0.045994 0.040683 0.022026 0.000669 0.359014 0.009503 4.036634
0.522170 0.046046 0.040706 0.021986 0.000668 0.358915 0.009508 4.041089
0.522040 0.046081 0.040752 0.022025 0.000677 0.358913 0.009513 4.045627
0.522102 0.046055 0.040769 0.022037 0.000685 0.358836 0.009517 4.050096
0.522111 0.046089 0.040822 0.022005 0.000685 0.358768 0.009520 4.054570
0.522088 0.046163 0.040805 0.022052 0.000683 0.358683 0.009527 4.059035
