0.347504 0.062126 0.055805 0.031757 0.002132 0.494732 0.005944 1.620318
0.349412 0.060418 0.055675 0.031522 0.002147 0.494861 0.005965 1.626265
0.351985 0.058316 0.055444 0.031224 0.002154 0.494883 0.005994 1.632029
0.354914 0.055863 0.055310 0.030901 0.002141 0.494842 0.006029 1.637684
0.358206 0.053372 0.055050 0.030451 0.002140 0.494730 0.006051 1.643113
0.361554 0.050980 0.054530 0.030001 0.002138 0.494715 0.006083 1.648224
0.365277 0.048547 0.053847 0.029515 0.002138 0.494560 0.006115 1.653143
0.368993 0.046365 0.053101 0.028943 0.002126 0.494325 0.006146 1.657764
0.372834 0.044237 0.052390 0.028357 0.002095 0.493908 0.006179 1.662208
0.376796 0.042215 0.051530 0.027702 0.002059 0.493484 0.006214 1.666423
0.380844 0.040321 0.050577 0.027078 0.002038 0.492900 0.006243 1.670464
0.384913 0.038461 0.049653 0.026439 0.002016 0.492247 0.006271 1.674354
0.388996 0.036885 0.048644 0.025793 0.001988 0.491395 0.006299 1.678061
0.393162 0.035313 0.047599 0.025129 0.001980 0.490498 0.006320 1.681598
0.397251 0.033962 0.046597 0.024402 0.001959 0.489483 0.006346 1.684932
0.401375 0.032614 0.045511 0.023734 0.001949 0.488451 0.006367 1.688174
0.405693 0.031391 0.044396 0.023091 0.001924 0.487108 0.006396 1.691285
0.409796 0.030245 0.043295 0.022386 0.001911 0.485951 0.006416 1.694258
0.414075 0.029170 0.042254 0.021672 0.001888 0.484494 0.006448 1.697164
0.418290 0.028104 0.041256 0.021003 0.001854 0.483017 0.006475 1.700001
0.422545 0.027160 0.040205 0.020363 0.001823 0.481405 0.006499 1.702700
0.426763 0.026384 0.039111 0.019739 0.001793 0.479688 0.006522 1.705240
0.431006 0.025529 0.038103 0.019158 0.001763 0.477900 0.006542 1.707812
0.435286 0.024739 0.037163 0.018583 0.001714 0.475943 0.006573 1.710299
0.439525 0.024046 0.036206 0.018033 0.001681 0.473914 0.006596 1.712691
0.443694 0.023506 0.035141 0.017434 0.001648 0.471956 0.006621 1.714949
0.447997 0.022873 0.034245 0.016917 0.001621 0.469707 0.006640 1.717203
0.452131 0.022267 0.033393 0.016478 0.001590 0.467476 0.006664 1.719491
0.456315 0.021741 0.032509 0.016007 0.001564 0.465181 0.006683 1.721677
0.460434 0.021236 0.031646 0.015527 0.001526 0.462924 0.006709 1.723781
0.464640 0.020843 0.030809 0.015085 0.001486 0.460411 0.006726 1.725801
0.468904 0.020379 0.030007 0.014659 0.001448 0.457856 0.006748 1.727834
0.473037 0.020045 0.029266 0.014261 0.001430 0.455197 0.006763 1.729781
0.477168 0.019731 0.028595 0.013834 0.001400 0.452489 0.006784 1.731700
0.481262 0.019370 0.027926 0.013486 0.001374 0.449781 0.006802 1.733626
0.485358 0.019062 0.027226 0.013067 0.001344 0.447124 0.006819 1.735494
0.489333 0.018869 0.026491 0.012716 0.001312 0.444441 0.006839 1.737282
0.493371 0.018592 0.025848 0.012395 0.001278 0.441659 0.006857 1.739117
0.497244 0.018309 0.025282 0.012088 0.001254 0.438944 0.006878 1.740934
0.501227 0.018102 0.024730 0.011794 0.001226 0.436032 0.006889 1.742726
0.505110 0.017854 0.024265 0.011496 0.001210 0.433159 0.006906 1.744509
0.509065 0.017656 0.023698 0.011223 0.001177 0.430259 0.006922 1.746235
0.512994 0.017456 0.023190 0.010972 0.001150 0.427304 0.006934 1.747972
0.516890 0.017203 0.022766 0.010751 0.001124 0.424317 0.006948 1.749727
0.520563 0.017077 0.022361 0.010523 0.001098 0.421415 0.006964 1.751407
0.524251 0.016967 0.021878 0.010284 0.001067 0.418573 0.006981 1.753039
0.527903 0.016865 0.021462 0.010083 0.001042 0.415657 0.006989 1.754695
0.531435 0.016774 0.021129 0.009944 0.001018 0.412697 0.007003 1.756415
0.534964 0.016687 0.020782 0.009754 0.000995 0.409802 0.007017 1.758089
0.538449 0.016500 0.020513 0.009615 0.000971 0.406922 0.007030 1.759824
0.541982 0.016410 0.020244 0.009449 0.000947 0.403929 0.007039 1.761474
0.545422 0.016373 0.019913 0.009258 0.000923 0.401061 0.007050 1.763069
0.548833 0.016276 0.019612 0.009125 0.000897 0.398196 0.007062 1.764723
0.552302 0.016215 0.019308 0.008996 0.000867 0.395241 0.007071 1.766323
0.555628 0.016240 0.019093 0.008849 0.000857 0.392252 0.007081 1.767931
0.558904 0.016243 0.018831 0.008727 0.000834 0.389371 0.007092 1.769520
0.562211 0.016198 0.018630 0.008620 0.000818 0.386422 0.007101 1.771157
0.565425 0.016186 0.018398 0.008529 0.000799 0.383552 0.007112 1.772771
0.568575 0.016212 0.018171 0.008440 0.000777 0.380703 0.007123 1.774362
0.571637 0.016271 0.018006 0.008321 0.000757 0.377874 0.007134 1.775978
0.574749 0.016282 0.017850 0.008247 0.000745 0.374985 0.007142 1.777612
0.577705 0.016337 0.017661 0.008142 0.000726 0.372278 0.007151 1.779204
0.580739 0.016327 0.017583 0.008052 0.000705 0.369433 0.007160 1.780842
0.583732 0.016382 0.017401 0.007929 0.000690 0.366701 0.007165 1.782409
0.586636 0.016380 0.017297 0.007857 0.000674 0.363985 0.007171 1.784049
0.589548 0.016443 0.017224 0.007823 0.000657 0.361124 0.007182 1.785692
0.592373 0.016553 0.017083 0.007755 0.000640 0.358407 0.007189 1.787262
0.595170 0.016660 0.016976 0.007705 0.000616 0.355676 0.007198 1.788886
0.597735 0.016754 0.016917 0.007652 0.000594 0.353142 0.007205 1.790528
0.600417 0.016874 0.016813 0.007642 0.000578 0.350463 0.007213 1.792147
0.602959 0.016986 0.016814 0.007598 0.000566 0.347857 0.007220 1.793828
0.605551 0.017016 0.016808 0.007592 0.000552 0.345257 0.007226 1.795566
0.608182 0.017137 0.016723 0.007573 0.000537 0.342614 0.007234 1.797233
0.610616 0.017212 0.016699 0.007534 0.000524 0.340176 0.007240 1.798937
0.613049 0.017287 0.016635 0.007567 0.000508 0.337708 0.007248 1.800667
0.615438 0.017378 0.016681 0.007575 0.000492 0.335181 0.007256 1.802371
0.617768 0.017496 0.016662 0.007611 0.000476 0.332724 0.007264 1.804087
0.620088 0.017722 0.016613 0.007597 0.000472 0.330238 0.007271 1.805744
0.622318 0.017869 0.016664 0.007594 0.000467 0.327812 0.007276 1.807508
0.624564 0.017954 0.016731 0.007616 0.000462 0.325395 0.007279 1.809315
0.626619 0.018110 0.016774 0.007618 0.000453 0.323142 0.007285 1.811063
0.628626 0.018291 0.016784 0.007633 0.000442 0.320937 0.007289 1.812848
0.630691 0.018398 0.016810 0.007653 0.000430 0.318721 0.007297 1.814654
0.632663 0.018547 0.016872 0.007672 0.000419 0.316527 0.007300 1.816498
0.634625 0.018750 0.016866 0.007712 0.000411 0.314329 0.007307 1.818310
0.636548 0.018874 0.016963 0.007810 0.000401 0.312091 0.007313 1.820202
0.638391 0.019041 0.017053 0.007855 0.000392 0.309951 0.007318 1.822074
0.640177 0.019215 0.017063 0.007901 0.000386 0.307935 0.007324 1.823966
0.642074 0.019433 0.017094 0.007914 0.000386 0.305772 0.007328 1.825808
0.643815 0.019584 0.017229 0.007917 0.000377 0.303744 0.007333 1.827716
0.645463 0.019819 0.017304 0.007952 0.000366 0.301758 0.007338 1.829613
0.647042 0.020072 0.017374 0.007993 0.000362 0.299817 0.007340 1.831525
0.648733 0.020217 0.017498 0.008058 0.000363 0.297789 0.007342 1.833504
0.650217 0.020443 0.017620 0.008055 0.000360 0.295959 0.007347 1.835496
0.651663 0.020671 0.017736 0.008070 0.000356 0.294151 0.007352 1.837462
0.653108 0.020820 0.017875 0.008113 0.000352 0.292379 0.007355 1.839522
0.654510 0.021068 0.017970 0.008140 0.000347 0.290610 0.007357 1.841534
0.655902 0.021209 0.018113 0.008235 0.000343 0.288839 0.007360 1.843623
0.657188 0.021367 0.018261 0.008291 0.000338 0.287192 0.007363 1.845751
0.658450 0.021547 0.018390 0.008330 0.000335 0.285584 0.007364 1.847874
0.659720 0.021751 0.018519 0.008341 0.000336 0.283967 0.007367 1.849963
0.660834 0.021957 0.018698 0.008431 0.000333 0.282376 0.007371 1.852126
0.661923 0.022164 0.018872 0.008515 0.000329 0.280820 0.007375 1.854279
0.662979 0.022474 0.019035 0.008559 0.000323 0.279251 0.007379 1.856464
0.663972 0.022764 0.019137 0.008619 0.000324 0.277803 0.007381 1.858639
0.664944 0.022963 0.019335 0.008728 0.000324 0.276323 0.007382 1.860927
0.665972 0.023165 0.019514 0.008814 0.000315 0.274835 0.007386 1.863174
0.666758 0.023394 0.019637 0.008879 0.000315 0.273629 0.007389 1.865445
0.667597 0.023601 0.019793 0.008963 0.000315 0.272340 0.007392 1.867759
0.668443 0.023784 0.019936 0.009102 0.000316 0.271025 0.007394 1.870108
0.669252 0.023995 0.020107 0.009180 0.000320 0.269751 0.007396 1.872463
0.670193 0.024074 0.020343 0.009292 0.000318 0.268380 0.007400 1.874869
0.670943 0.024233 0.020574 0.009358 0.000313 0.267175 0.007403 1.877315
0.671661 0.024443 0.020788 0.009408 0.000312 0.265983 0.007405 1.879680
0.672307 0.024633 0.020954 0.009535 0.000318 0.264849 0.007405 1.882152
0.672869 0.024850 0.021135 0.009631 0.000318 0.263790 0.007408 1.884597
0.673549 0.024988 0.021318 0.009714 0.000318 0.262705 0.007409 1.887073
0.674156 0.025157 0.021479 0.009788 0.000318 0.261690 0.007410 1.889563
0.674764 0.025286 0.021621 0.009883 0.000319 0.260715 0.007412 1.892093
0.675283 0.025563 0.021747 0.009938 0.000323 0.259733 0.007414 1.894551
0.675871 0.025788 0.021936 0.009998 0.000329 0.258664 0.007415 1.897043
0.676410 0.026018 0.022070 0.010016 0.000320 0.257745 0.007420 1.899526
0.676811 0.026228 0.022237 0.010131 0.000317 0.256854 0.007423 1.902075
0.677275 0.026448 0.022402 0.010196 0.000316 0.255937 0.007425 1.904642
0.677722 0.026573 0.022556 0.010257 0.000318 0.255148 0.007426 1.907244
0.678181 0.026756 0.022696 0.010320 0.000317 0.254301 0.007428 1.909816
0.678579 0.026902 0.022871 0.010393 0.000312 0.253512 0.007432 1.912441
0.679009 0.027008 0.023118 0.010473 0.000322 0.252636 0.007433 1.915102
0.679370 0.027193 0.023225 0.010498 0.000324 0.251953 0.007437 1.917687
0.679740 0.027313 0.023331 0.010588 0.000312 0.251272 0.007442 1.920326
0.680009 0.027477 0.023440 0.010656 0.000313 0.250661 0.007443 1.922943
0.680363 0.027571 0.023645 0.010750 0.000316 0.249910 0.007445 1.925650
0.680656 0.027692 0.023839 0.010856 0.000322 0.249187 0.007447 1.928361
0.680995 0.027800 0.023939 0.010934 0.000319 0.248561 0.007452 1.931030
0.681281 0.027840 0.024096 0.011039 0.000318 0.247972 0.007455 1.933797
0.681599 0.027901 0.024283 0.011088 0.000315 0.247357 0.007458 1.936549
0.681817 0.028039 0.024417 0.011119 0.000318 0.246827 0.007462 1.939239
0.682021 0.028171 0.024503 0.011172 0.000319 0.246350 0.007465 1.941947
0.682299 0.028236 0.024653 0.011224 0.000313 0.245807 0.007467 1.944684
0.682511 0.028303 0.024774 0.011251 0.000314 0.245378 0.007470 1.947472
0.682793 0.028291 0.024946 0.011286 0.000314 0.244896 0.007473 1.950251
0.683053 0.028338 0.025040 0.011351 0.000317 0.244428 0.007475 1.953053
0.683277 0.028439 0.025170 0.011393 0.000319 0.243923 0.007478 1.955822
0.683461 0.028514 0.025242 0.011432 0.000320 0.243549 0.007482 1.958607
0.683629 0.028592 0.025319 0.011490 0.000318 0.243169 0.007484 1.961365
0.683756 0.028585 0.025472 0.011600 0.000311 0.242788 0.007488 1.964253
0.683945 0.028619 0.025567 0.011676 0.000315 0.242390 0.007489 1.967089
0.684065 0.028707 0.025710 0.011725 0.000313 0.241990 0.007491 1.969901
0.684232 0.028702 0.025814 0.011773 0.000313 0.241674 0.007493 1.972739
0.684376 0.028626 0.025894 0.011820 0.000319 0.241471 0.007495 1.975637
0.684615 0.028631 0.025969 0.011828 0.000328 0.241135 0.007496 1.978457
0.684716 0.028644 0.026082 0.011872 0.000329 0.240856 0.007501 1.981305
0.684890 0.028698 0.026181 0.011869 0.000331 0.240528 0.007503 1.984089
0.685018 0.028663 0.026262 0.011961 0.000338 0.240255 0.007504 1.986955
0.685186 0.028735 0.026247 0.011935 0.000338 0.240055 0.007505 1.989726
0.685363 0.028743 0.026323 0.011920 0.000338 0.239807 0.007507 1.992526
0.685519 0.028761 0.026334 0.011910 0.000339 0.239629 0.007509 1.995330
0.685694 0.028688 0.026391 0.011934 0.000339 0.239444 0.007511 1.998188
0.685862 0.028689 0.026464 0.011985 0.000344 0.239139 0.007517 2.000988
0.686038 0.028636 0.026479 0.012055 0.000353 0.238921 0.007519 2.003828
0.686182 0.028615 0.026575 0.012036 0.000352 0.238718 0.007524 2.006659
0.686394 0.028612 0.026662 0.012054 0.000354 0.238396 0.007527 2.009492
0.686561 0.028541 0.026677 0.012089 0.000353 0.238249 0.007530 2.012317
0.686815 0.028424 0.026706 0.012089 0.000358 0.238077 0.007532 2.015098
0.687078 0.028324 0.026669 0.012119 0.000360 0.237917 0.007534 2.017911
0.687346 0.028218 0.026674 0.012101 0.000357 0.237766 0.007538 2.020713
0.687697 0.028161 0.026656 0.012103 0.000356 0.237488 0.007540 2.023474
0.687973 0.028024 0.026678 0.012070 0.000357 0.237358 0.007541 2.026254
0.688294 0.027988 0.026615 0.012103 0.000358 0.237099 0.007543 2.028985
0.688491 0.028043 0.026551 0.012132 0.000360 0.236878 0.007545 2.031697
0.688703 0.028118 0.026519 0.012057 0.000355 0.236700 0.007548 2.034388
0.689050 0.028023 0.026591 0.012027 0.000351 0.236407 0.007552 2.037139
0.689279 0.027980 0.026583 0.012062 0.000348 0.236195 0.007554 2.039915
0.689620 0.027934 0.026601 0.012030 0.000343 0.235916 0.007557 2.042603
0.689811 0.027966 0.026512 0.011997 0.000344 0.235811 0.007560 2.045308
0.690059 0.028003 0.026498 0.011952 0.000344 0.235583 0.007562 2.047975
0.690218 0.027981 0.026466 0.011964 0.000350 0.235459 0.007563 2.050701
0.690459 0.027869 0.026547 0.011962 0.000350 0.235247 0.007566 2.053433
0.690748 0.027805 0.026541 0.011958 0.000349 0.235029 0.007571 2.056170
0.691028 0.027689 0.026573 0.011981 0.000343 0.234814 0.007574 2.058929
0.691193 0.027660 0.026572 0.012030 0.000346 0.234624 0.007576 2.061658
0.691486 0.027634 0.026505 0.012011 0.000341 0.234445 0.007579 2.064338
0.691798 0.027545 0.026452 0.011968 0.000340 0.234313 0.007584 2.067035
0.692133 0.027433 0.026415 0.011947 0.000339 0.234142 0.007590 2.069728
0.692384 0.027505 0.026275 0.011870 0.000337 0.234038 0.007592 2.072296
0.692610 0.027477 0.026203 0.011833 0.000336 0.233946 0.007595 2.074979
0.692901 0.027493 0.026128 0.011763 0.000339 0.233779 0.007597 2.077612
0.693111 0.027446 0.026131 0.011738 0.000335 0.233638 0.007602 2.080337
0.693457 0.027390 0.026077 0.011742 0.000330 0.233400 0.007604 2.082999
0.693745 0.027425 0.026030 0.011691 0.000328 0.233175 0.007607 2.085608
0.694086 0.027343 0.026016 0.011676 0.000328 0.232941 0.007610 2.088265
0.694411 0.027321 0.025969 0.011685 0.000333 0.232671 0.007611 2.090925
0.694664 0.027340 0.025965 0.011654 0.000333 0.232430 0.007614 2.093582
0.694967 0.027241 0.025930 0.011678 0.000333 0.232235 0.007618 2.096232
0.695254 0.027211 0.025873 0.011704 0.000334 0.232003 0.007621 2.098878
0.695592 0.027115 0.025841 0.011657 0.000334 0.231836 0.007624 2.101536
0.695914 0.027060 0.025854 0.011633 0.000341 0.231573 0.007626 2.104218
0.696169 0.027045 0.025849 0.011596 0.000341 0.231369 0.007631 2.106860
0.696529 0.026958 0.025806 0.011546 0.000342 0.231186 0.007634 2.109481
0.696841 0.026863 0.025785 0.011533 0.000341 0.230997 0.007638 2.112107
0.697147 0.026796 0.025784 0.011566 0.000345 0.230723 0.007639 2.114748
0.697507 0.026700 0.025778 0.011567 0.000347 0.230458 0.007643 2.117375
0.697761 0.026628 0.025743 0.011553 0.000349 0.230323 0.007645 2.119994
0.698037 0.026701 0.025648 0.011541 0.000349 0.230078 0.007647 2.122569
0.698390 0.026638 0.025569 0.011530 0.000354 0.229872 0.007648 2.125182
0.698748 0.026534 0.025513 0.011549 0.000348 0.229656 0.007654 2.127797
0.699151 0.026504 0.025389 0.011500 0.000347 0.229451 0.007657 2.130362
0.699426 0.026419 0.025422 0.011519 0.000352 0.229203 0.007660 2.133019
0.699788 0.026306 0.025444 0.011546 0.000353 0.228901 0.007663 2.135656
0.700089 0.026316 0.025399 0.011469 0.000357 0.228706 0.007665 2.138222
0.700449 0.026276 0.025347 0.011445 0.000363 0.228452 0.007669 2.140781
0.700858 0.026167 0.025329 0.011448 0.000367 0.228160 0.007670 2.143396
0.701105 0.026153 0.025310 0.011405 0.000366 0.227986 0.007675 2.145968
0.701490 0.025977 0.025284 0.011453 0.000366 0.227753 0.007677 2.148579
0.701755 0.026013 0.025199 0.011402 0.000360 0.227590 0.007682 2.151152
0.702007 0.025941 0.025157 0.011419 0.000360 0.227434 0.007683 2.153748
0.702356 0.025909 0.025053 0.011373 0.000362 0.227262 0.007685 2.156265
0.702594 0.025916 0.025060 0.011318 0.000362 0.227063 0.007689 2.158816
0.702982 0.025847 0.025068 0.011250 0.000363 0.226800 0.007692 2.161337
0.703365 0.025757 0.025032 0.011178 0.000368 0.226605 0.007695 2.163876
0.703683 0.025706 0.024937 0.011166 0.000366 0.226443 0.007699 2.166370
0.704027 0.025696 0.024834 0.011128 0.000369 0.226245 0.007701 2.168846
0.704303 0.025644 0.024894 0.011141 0.000363 0.225953 0.007703 2.171424
0.704571 0.025723 0.024812 0.011125 0.000361 0.225702 0.007706 2.173878
0.704754 0.025761 0.024784 0.011130 0.000359 0.225505 0.007708 2.176404
0.705042 0.025720 0.024807 0.011083 0.000361 0.225280 0.007710 2.178974
0.705245 0.025766 0.024726 0.010998 0.000369 0.225185 0.007711 2.181486
0.705517 0.025754 0.024732 0.010958 0.000361 0.224964 0.007715 2.183988
0.705766 0.025718 0.024751 0.010955 0.000366 0.224726 0.007718 2.186544
0.705997 0.025783 0.024675 0.010940 0.000367 0.224516 0.007723 2.189001
0.706278 0.025803 0.024681 0.010962 0.000369 0.224182 0.007726 2.191522
0.706467 0.025837 0.024692 0.010962 0.000365 0.223948 0.007730 2.194102
0.706738 0.025857 0.024626 0.010981 0.000373 0.223692 0.007733 2.196599
0.707035 0.025872 0.024588 0.010961 0.000372 0.223435 0.007738 2.199094
0.707379 0.025806 0.024593 0.010917 0.000377 0.223188 0.007741 2.201619
0.707583 0.025783 0.024602 0.010996 0.000379 0.222913 0.007744 2.204175
0.707809 0.025710 0.024630 0.011009 0.000375 0.222724 0.007744 2.206759
0.708116 0.025666 0.024640 0.010985 0.000377 0.222465 0.007751 2.209308
0.708320 0.025644 0.024613 0.010976 0.000379 0.222316 0.007754 2.211856
0.708569 0.025604 0.024613 0.011013 0.000380 0.222064 0.007758 2.214390
0.708795 0.025612 0.024611 0.010999 0.000380 0.221844 0.007759 2.216906
0.709047 0.025629 0.024606 0.011017 0.000384 0.221557 0.007761 2.219439
0.709312 0.025642 0.024513 0.011006 0.000384 0.221379 0.007765 2.221907
0.709590 0.025658 0.024500 0.011008 0.000384 0.221092 0.007768 2.224379
0.709708 0.025735 0.024490 0.010980 0.000385 0.220930 0.007771 2.226895
0.709957 0.025773 0.024474 0.010937 0.000383 0.220701 0.007775 2.229361
0.710198 0.025768 0.024441 0.010916 0.000386 0.220513 0.007779 2.231849
0.710430 0.025740 0.024444 0.010954 0.000383 0.220267 0.007781 2.234425
0.710670 0.025708 0.024397 0.010947 0.000387 0.220108 0.007784 2.236946
0.710852 0.025750 0.024391 0.010956 0.000383 0.219880 0.007788 2.239442
0.710985 0.025833 0.024410 0.010904 0.000386 0.219692 0.007791 2.241922
0.711114 0.025901 0.024427 0.010876 0.000385 0.219504 0.007795 2.244391
0.711286 0.025930 0.024446 0.010838 0.000390 0.219312 0.007797 2.246927
0.711493 0.025957 0.024454 0.010837 0.000392 0.219067 0.007801 2.249473
0.711686 0.025952 0.024417 0.010837 0.000389 0.218914 0.007804 2.252010
0.711793 0.026011 0.024431 0.010852 0.000389 0.218717 0.007808 2.254536
0.712078 0.025899 0.024487 0.010883 0.000389 0.218454 0.007810 2.257122
0.712282 0.025877 0.024520 0.010882 0.000383 0.218239 0.007817 2.259681
0.712477 0.025796 0.024583 0.010908 0.000390 0.218027 0.007818 2.262241
0.712734 0.025749 0.024525 0.010926 0.000385 0.217860 0.007820 2.264777
0.712910 0.025722 0.024513 0.010967 0.000384 0.217683 0.007822 2.267371
0.713058 0.025723 0.024534 0.010997 0.000382 0.217480 0.007826 2.269859
0.713127 0.025846 0.024524 0.010990 0.000378 0.217306 0.007828 2.272333
0.713257 0.025887 0.024557 0.010988 0.000376 0.217104 0.007831 2.274843
0.713440 0.025862 0.024567 0.010989 0.000376 0.216931 0.007835 2.277400
0.713656 0.025866 0.024562 0.010990 0.000375 0.216714 0.007837 2.279935
0.713908 0.025784 0.024561 0.010997 0.000376 0.216535 0.007840 2.282463
0.714069 0.025808 0.024580 0.010986 0.000376 0.216339 0.007842 2.284955
0.714262 0.025829 0.024566 0.010944 0.000371 0.216183 0.007846 2.287449
0.714354 0.025929 0.024582 0.010937 0.000370 0.215981 0.007848 2.289932
0.714518 0.025980 0.024592 0.010901 0.000375 0.215784 0.007850 2.292409
0.714667 0.025910 0.024650 0.010908 0.000379 0.215636 0.007851 2.295022
0.714837 0.025883 0.024651 0.010922 0.000373 0.215479 0.007855 2.297626
0.715024 0.025885 0.024678 0.010933 0.000372 0.215250 0.007859 2.300149
0.715066 0.025975 0.024676 0.010925 0.000370 0.215126 0.007863 2.302700
0.715124 0.026018 0.024710 0.010921 0.000371 0.214990 0.007866 2.305248
0.715308 0.026037 0.024755 0.010899 0.000368 0.214764 0.007868 2.307824
0.715410 0.026063 0.024714 0.010899 0.000365 0.214680 0.007870 2.310377
0.715630 0.025983 0.024692 0.010917 0.000361 0.214545 0.007872 2.312949
0.715689 0.025981 0.024706 0.010933 0.000365 0.214450 0.007877 2.315507
0.715803 0.026056 0.024699 0.010947 0.000366 0.214252 0.007879 2.318050
0.715921 0.026098 0.024638 0.010930 0.000361 0.214169 0.007883 2.320559
0.716034 0.026072 0.024711 0.010951 0.000367 0.213981 0.007885 2.323171
0.716141 0.026135 0.024687 0.010897 0.000360 0.213893 0.007889 2.325680
0.716302 0.026152 0.024725 0.010894 0.000366 0.213667 0.007894 2.328231
0.716343 0.026170 0.024756 0.010908 0.000363 0.213562 0.007898 2.330825
0.716431 0.026217 0.024844 0.010882 0.000364 0.213364 0.007899 2.333401
0.716593 0.026315 0.024747 0.010875 0.000363 0.213204 0.007903 2.335855
0.716554 0.026362 0.024743 0.010902 0.000367 0.213165 0.007906 2.338454
0.716669 0.026345 0.024791 0.010915 0.000376 0.212996 0.007909 2.341051
0.716688 0.026328 0.024893 0.010882 0.000375 0.212924 0.007911 2.343643
0.716704 0.026372 0.024839 0.010921 0.000368 0.212882 0.007914 2.346238
0.716720 0.026435 0.024848 0.010850 0.000369 0.212861 0.007917 2.348782
0.716811 0.026494 0.024893 0.010857 0.000372 0.212653 0.007920 2.351317
0.716755 0.026566 0.024884 0.010863 0.000376 0.212635 0.007922 2.353893
0.716759 0.026647 0.024879 0.010885 0.000374 0.212531 0.007925 2.356456
0.716843 0.026574 0.024911 0.010948 0.000369 0.212427 0.007928 2.359090
0.716920 0.026659 0.024934 0.010930 0.000367 0.212258 0.007932 2.361629
0.716920 0.026638 0.024975 0.011003 0.000368 0.212164 0.007934 2.364293
0.717072 0.026677 0.024913 0.010991 0.000368 0.212041 0.007938 2.366838
0.717026 0.026688 0.024913 0.011044 0.000369 0.212021 0.007940 2.369458
0.717068 0.026683 0.024957 0.011063 0.000369 0.211915 0.007944 2.372096
0.717120 0.026681 0.024971 0.011089 0.000368 0.211825 0.007947 2.374690
0.717147 0.026690 0.024940 0.011162 0.000369 0.211742 0.007949 2.377305
0.717216 0.026698 0.024958 0.011167 0.000367 0.211640 0.007954 2.379891
0.717261 0.026685 0.024994 0.011158 0.000375 0.211572 0.007957 2.382496
0.717303 0.026645 0.024977 0.011182 0.000379 0.211554 0.007961 2.385126
0.717367 0.026577 0.025068 0.011210 0.000369 0.211442 0.007968 2.387794
0.717423 0.026591 0.024995 0.011244 0.000367 0.211409 0.007971 2.390323
0.717524 0.026639 0.024890 0.011274 0.000361 0.211338 0.007975 2.392855
0.717548 0.026607 0.024927 0.011297 0.000362 0.211283 0.007976 2.395489
0.717568 0.026647 0.024942 0.011270 0.000366 0.211230 0.007979 2.398095
0.717618 0.026656 0.024980 0.011270 0.000370 0.211126 0.007981 2.400714
0.717588 0.026572 0.025068 0.011265 0.000370 0.211151 0.007987 2.403383
0.717627 0.026618 0.025093 0.011260 0.000367 0.211048 0.007988 2.405976
0.717604 0.026659 0.025040 0.011281 0.000362 0.211062 0.007993 2.408531
0.717720 0.026594 0.025101 0.011297 0.000358 0.210934 0.007997 2.411160
0.717709 0.026586 0.025094 0.011285 0.000361 0.210965 0.008000 2.413792
0.717795 0.026580 0.025097 0.011245 0.000361 0.210918 0.008004 2.416378
0.717813 0.026569 0.025170 0.011244 0.000361 0.210837 0.008007 2.418995
0.717920 0.026573 0.025179 0.011216 0.000366 0.210737 0.008010 2.421570
0.717877 0.026568 0.025168 0.011233 0.000367 0.210774 0.008012 2.424188
0.717804 0.026666 0.025193 0.011252 0.000365 0.210707 0.008014 2.426772
0.717936 0.026587 0.025276 0.011277 0.000363 0.210544 0.008018 2.429410
0.717997 0.026572 0.025332 0.011277 0.000371 0.210431 0.008021 2.431998
0.718055 0.026523 0.025340 0.011300 0.000374 0.210384 0.008025 2.434636
0.718006 0.026627 0.025277 0.011281 0.000374 0.210407 0.008028 2.437195
0.718028 0.026644 0.025241 0.011274 0.000373 0.210409 0.008031 2.439750
0.718013 0.026646 0.025258 0.011261 0.000370 0.210417 0.008035 2.442381
0.718046 0.026666 0.025216 0.011273 0.000374 0.210388 0.008038 2.444974
0.718144 0.026611 0.025201 0.011265 0.000373 0.210364 0.008042 2.447568
0.718235 0.026497 0.025272 0.011279 0.000371 0.210299 0.008047 2.450198
0.718284 0.026518 0.025233 0.011252 0.000374 0.210289 0.008050 2.452796
0.718344 0.026513 0.025233 0.011270 0.000371 0.210219 0.008052 2.455421
0.718420 0.026415 0.025268 0.011286 0.000371 0.210186 0.008055 2.458075
0.718328 0.026517 0.025297 0.011234 0.000372 0.210193 0.008059 2.460647
0.718386 0.026499 0.025321 0.011247 0.000362 0.210120 0.008065 2.463292
0.718488 0.026508 0.025331 0.011222 0.000358 0.210025 0.008069 2.465861
0.718418 0.026594 0.025294 0.011199 0.000366 0.210060 0.008071 2.468454
0.718418 0.026652 0.025277 0.011164 0.000362 0.210054 0.008074 2.471030
0.718414 0.026637 0.025281 0.011160 0.000365 0.210068 0.008077 2.473638
0.718408 0.026614 0.025248 0.011234 0.000359 0.210058 0.008081 2.476272
0.718487 0.026603 0.025291 0.011207 0.000353 0.209976 0.008084 2.478876
0.718544 0.026573 0.025240 0.011204 0.000359 0.209994 0.008086 2.481446
0.718520 0.026639 0.025148 0.011173 0.000350 0.210079 0.008091 2.484010
0.718581 0.026656 0.025102 0.011173 0.000348 0.210045 0.008096 2.486582
0.718561 0.026661 0.025089 0.011199 0.000356 0.210036 0.008098 2.489193
0.718585 0.026676 0.025076 0.011206 0.000356 0.210000 0.008101 2.491772
0.718564 0.026728 0.025128 0.011181 0.000352 0.209943 0.008106 2.494339
0.718541 0.026749 0.025147 0.011199 0.000353 0.209903 0.008109 2.496985
0.718550 0.026765 0.025148 0.011211 0.000356 0.209858 0.008112 2.499572
0.718489 0.026769 0.025181 0.011188 0.000354 0.209903 0.008116 2.502237
0.718492 0.026685 0.025224 0.011225 0.000357 0.209899 0.008118 2.504931
0.718499 0.026710 0.025139 0.011248 0.000358 0.209924 0.008121 2.507543
0.718463 0.026706 0.025202 0.011251 0.000360 0.209895 0.008121 2.510192
0.718361 0.026705 0.025252 0.011229 0.000365 0.209963 0.008124 2.512841
0.718368 0.026659 0.025292 0.011274 0.000365 0.209914 0.008128 2.515467
0.718379 0.026673 0.025295 0.011258 0.000368 0.209897 0.008130 2.518048
0.718366 0.026705 0.025251 0.011270 0.000366 0.209909 0.008133 2.520641
0.718344 0.026699 0.025253 0.011236 0.000368 0.209964 0.008136 2.523268
0.718358 0.026597 0.025319 0.011222 0.000376 0.209990 0.008137 2.525947
0.718346 0.026572 0.025302 0.011228 0.000382 0.210029 0.008140 2.528562
0.718340 0.026566 0.025261 0.011154 0.000382 0.210156 0.008141 2.531152
0.718401 0.026604 0.025224 0.011168 0.000378 0.210080 0.008144 2.533705
0.718493 0.026602 0.025211 0.011148 0.000378 0.210021 0.008147 2.536300
0.718631 0.026529 0.025210 0.011153 0.000377 0.209949 0.008151 2.538903
0.718604 0.026573 0.025170 0.011167 0.000379 0.209954 0.008152 2.541488
0.718696 0.026505 0.025175 0.011142 0.000376 0.209950 0.008155 2.544102
0.718644 0.026517 0.025150 0.011168 0.000379 0.209981 0.008159 2.546726
0.718647 0.026472 0.025148 0.011151 0.000378 0.210041 0.008163 2.549357
0.718681 0.026365 0.025164 0.011234 0.000374 0.210019 0.008165 2.552032
0.718711 0.026385 0.025204 0.011248 0.000369 0.209916 0.008168 2.554626
0.718692 0.026358 0.025143 0.011213 0.000373 0.210051 0.008171 2.557218
0.718662 0.026377 0.025144 0.011182 0.000376 0.210084 0.008174 2.559802
0.718739 0.026352 0.025112 0.011193 0.000372 0.210056 0.008177 2.562349
0.718782 0.026304 0.025143 0.011162 0.000370 0.210060 0.008180 2.564950
0.718822 0.026276 0.025098 0.011133 0.000375 0.210113 0.008183 2.567523
0.718938 0.026218 0.025038 0.011130 0.000373 0.210115 0.008188 2.570095
0.718931 0.026229 0.025036 0.011115 0.000374 0.210126 0.008190 2.572677
0.718979 0.026265 0.025025 0.011089 0.000376 0.210075 0.008191 2.575227
0.719036 0.026193 0.025045 0.011167 0.000377 0.209985 0.008197 2.577854
0.718980 0.026213 0.025030 0.011148 0.000376 0.210051 0.008201 2.580456
0.718966 0.026216 0.025001 0.011181 0.000373 0.210056 0.008206 2.583067
0.719014 0.026225 0.025003 0.011158 0.000379 0.210012 0.008208 2.585620
0.719002 0.026255 0.024992 0.011141 0.000376 0.210022 0.008212 2.588156
0.719073 0.026263 0.024956 0.011130 0.000377 0.209984 0.008217 2.590706
0.719159 0.026227 0.024943 0.011126 0.000376 0.209951 0.008219 2.593299
0.719204 0.026276 0.024928 0.011103 0.000384 0.209884 0.008221 2.595819
0.719250 0.026269 0.024900 0.011064 0.000376 0.209915 0.008227 2.598380
0.719340 0.026330 0.024907 0.011068 0.000379 0.209747 0.008229 2.600899
0.719363 0.026311 0.024968 0.011057 0.000378 0.209690 0.008232 2.603529
0.719434 0.026290 0.024983 0.011047 0.000381 0.209630 0.008236 2.606125
0.719463 0.026303 0.024976 0.010985 0.000379 0.209652 0.008241 2.608675
0.719501 0.026233 0.025006 0.011033 0.000376 0.209607 0.008245 2.611299
0.719493 0.026239 0.025023 0.011088 0.000376 0.209533 0.008247 2.613910
0.719565 0.026242 0.025002 0.011081 0.000372 0.209487 0.008251 2.616460
0.719579 0.026343 0.025015 0.011067 0.000371 0.209370 0.008255 2.618982
0.719606 0.026348 0.025047 0.011094 0.000359 0.209289 0.008259 2.621575
0.719640 0.026351 0.025044 0.011064 0.000359 0.209280 0.008262 2.624175
0.719697 0.026359 0.024989 0.011071 0.000358 0.209260 0.008266 2.626756
0.719706 0.026291 0.025009 0.011054 0.000358 0.209315 0.008268 2.629409
0.719714 0.026333 0.024975 0.011070 0.000361 0.209275 0.008273 2.631991
0.719724 0.026371 0.024957 0.011064 0.000362 0.209247 0.008275 2.634531
0.719774 0.026401 0.024916 0.011040 0.000364 0.209227 0.008278 2.637097
0.719816 0.026460 0.024915 0.011047 0.000365 0.209114 0.008281 2.639648
0.719847 0.026455 0.024893 0.011047 0.000367 0.209106 0.008284 2.642261
0.719867 0.026427 0.024881 0.011037 0.000373 0.209127 0.008287 2.644856
0.719892 0.026438 0.024948 0.010969 0.000378 0.209084 0.008292 2.647433
0.719979 0.026418 0.024938 0.010971 0.000382 0.209019 0.008294 2.650010
0.719952 0.026511 0.024935 0.010970 0.000384 0.208949 0.008297 2.652570
0.719919 0.026521 0.025010 0.010979 0.000383 0.208890 0.008300 2.655242
0.719847 0.026581 0.024977 0.010969 0.000389 0.208938 0.008300 2.657812
0.719775 0.026622 0.024986 0.011006 0.000393 0.208915 0.008304 2.660433
0.719790 0.026625 0.025036 0.010984 0.000389 0.208872 0.008305 2.663027
0.719809 0.026550 0.025064 0.011050 0.000388 0.208833 0.008306 2.665684
0.719820 0.026558 0.025029 0.011068 0.000389 0.208827 0.008311 2.668264
0.719776 0.026527 0.025069 0.011101 0.000385 0.208829 0.008313 2.670893
0.719678 0.026537 0.025111 0.011126 0.000387 0.208843 0.008316 2.673497
0.719646 0.026547 0.025047 0.011140 0.000389 0.208910 0.008320 2.676070
0.719646 0.026563 0.025008 0.011158 0.000388 0.208912 0.008325 2.678640
0.719643 0.026596 0.025016 0.011175 0.000391 0.208849 0.008330 2.681236
0.719672 0.026604 0.025033 0.011131 0.000387 0.208838 0.008335 2.683791
0.719644 0.026616 0.025055 0.011134 0.000385 0.208828 0.008340 2.686441
0.719586 0.026609 0.025060 0.011155 0.000388 0.208859 0.008342 2.689076
0.719608 0.026570 0.025032 0.011204 0.000390 0.208852 0.008344 2.691691
0.719651 0.026613 0.025012 0.011151 0.000388 0.208837 0.008348 2.694251
0.719670 0.026653 0.025037 0.011151 0.000391 0.208748 0.008350 2.696832
0.719738 0.026579 0.025063 0.011215 0.000383 0.208668 0.008354 2.699483
0.719880 0.026475 0.025102 0.011229 0.000385 0.208572 0.008358 2.702079
0.719845 0.026463 0.025176 0.011259 0.000384 0.208514 0.008360 2.704719
0.719829 0.026470 0.025206 0.011213 0.000382 0.208536 0.008363 2.707343
0.719835 0.026531 0.025130 0.011185 0.000387 0.208566 0.008365 2.709890
0.719948 0.026486 0.025056 0.011221 0.000380 0.208542 0.008367 2.712460
0.719934 0.026513 0.025088 0.011159 0.000385 0.208550 0.008371 2.715039
0.719973 0.026563 0.025041 0.011170 0.000385 0.208494 0.008374 2.717591
0.719963 0.026556 0.025128 0.011205 0.000380 0.208389 0.008380 2.720261
0.719957 0.026522 0.025158 0.011179 0.000375 0.208426 0.008383 2.722859
0.719959 0.026571 0.025124 0.011218 0.000375 0.208368 0.008385 2.725428
0.720032 0.026509 0.025145 0.011204 0.000376 0.208347 0.008387 2.728037
0.720015 0.026511 0.025155 0.011175 0.000380 0.208372 0.008391 2.730654
0.720023 0.026537 0.025197 0.011154 0.000376 0.208320 0.008395 2.733244
0.720009 0.026481 0.025236 0.011181 0.000376 0.208322 0.008396 2.735885
0.720037 0.026487 0.025218 0.011174 0.000379 0.208307 0.008398 2.738493
0.720009 0.026455 0.025183 0.011207 0.000378 0.208365 0.008405 2.741102
0.720031 0.026520 0.025107 0.011238 0.000380 0.208318 0.008406 2.743632
0.720081 0.026422 0.025182 0.011230 0.000385 0.208293 0.008408 2.746259
0.720006 0.026433 0.025151 0.011243 0.000380 0.208372 0.008414 2.748854
0.719957 0.026439 0.025134 0.011244 0.000378 0.208434 0.008415 2.751432
0.719916 0.026492 0.025086 0.011238 0.000378 0.208469 0.008420 2.754007
0.719915 0.026525 0.025010 0.011279 0.000375 0.208472 0.008425 2.756592
0.719998 0.026500 0.025038 0.011246 0.000377 0.208411 0.008429 2.759195
0.719997 0.026473 0.025012 0.011206 0.000380 0.208499 0.008433 2.761784
0.720049 0.026440 0.025027 0.011196 0.000377 0.208472 0.008438 2.764400
0.720078 0.026387 0.025117 0.011194 0.000374 0.208408 0.008442 2.767061
0.720019 0.026481 0.025104 0.011187 0.000376 0.208390 0.008445 2.769612
0.720071 0.026427 0.025112 0.011190 0.000373 0.208379 0.008448 2.772176
0.720121 0.026395 0.025169 0.011184 0.000382 0.208298 0.008450 2.774763
0.720203 0.026355 0.025172 0.011206 0.000382 0.208230 0.008451 2.777367
0.720249 0.026336 0.025201 0.011148 0.000382 0.208229 0.008454 2.779955
0.720231 0.026320 0.025214 0.011183 0.000376 0.208219 0.008456 2.782585
0.720212 0.026320 0.025281 0.011145 0.000373 0.208209 0.008460 2.785183
0.720184 0.026362 0.025282 0.011168 0.000375 0.208166 0.008464 2.787767
0.720183 0.026443 0.025270 0.011149 0.000375 0.208114 0.008466 2.790282
0.720141 0.026528 0.025213 0.011134 0.000373 0.208143 0.008469 2.792815
0.720204 0.026468 0.025261 0.011184 0.000369 0.208044 0.008471 2.795431
0.720200 0.026461 0.025236 0.011143 0.000365 0.208122 0.008474 2.797992
0.720277 0.026409 0.025244 0.011151 0.000353 0.208089 0.008478 2.800617
0.720264 0.026442 0.025284 0.011164 0.000348 0.208017 0.008482 2.803211
0.720226 0.026506 0.025222 0.011132 0.000351 0.208077 0.008486 2.805775
0.720244 0.026402 0.025251 0.011132 0.000351 0.208133 0.008489 2.808422
0.720196 0.026405 0.025279 0.011092 0.000354 0.208182 0.008492 2.810994
0.720102 0.026471 0.025216 0.011134 0.000356 0.208227 0.008496 2.813571
0.720089 0.026521 0.025248 0.011123 0.000353 0.208167 0.008498 2.816151
0.720031 0.026510 0.025274 0.011142 0.000352 0.208193 0.008500 2.818787
0.720060 0.026503 0.025233 0.011162 0.000351 0.208186 0.008504 2.821396
0.720050 0.026481 0.025237 0.011163 0.000351 0.208210 0.008507 2.823999
0.720026 0.026532 0.025205 0.011143 0.000353 0.208230 0.008510 2.826556
0.719998 0.026590 0.025168 0.011178 0.000356 0.208198 0.008513 2.829126
0.720083 0.026584 0.025112 0.011175 0.000358 0.208170 0.008518 2.831684
0.720131 0.026635 0.025142 0.011134 0.000360 0.208076 0.008522 2.834214
0.720218 0.026615 0.025132 0.011121 0.000360 0.208025 0.008527 2.836777
0.720259 0.026589 0.025130 0.011096 0.000355 0.208039 0.008532 2.839372
0.720141 0.026713 0.025095 0.011113 0.000353 0.208049 0.008536 2.841923
0.720128 0.026696 0.025132 0.011138 0.000356 0.208012 0.008537 2.844553
0.720053 0.026743 0.025157 0.011168 0.000358 0.207982 0.008540 2.847151
0.720073 0.026738 0.025158 0.011193 0.000358 0.207935 0.008544 2.849766
0.720010 0.026703 0.025226 0.011221 0.000360 0.207935 0.008545 2.852450
0.720036 0.026658 0.025264 0.011253 0.000362 0.207880 0.008548 2.855050
0.719972 0.026703 0.025272 0.011236 0.000358 0.207907 0.008553 2.857636
0.719869 0.026666 0.025361 0.011241 0.000356 0.207952 0.008556 2.860291
0.719866 0.026661 0.025383 0.011187 0.000362 0.207985 0.008558 2.862878
0.719892 0.026685 0.025383 0.011202 0.000357 0.207919 0.008562 2.865438
0.719882 0.026625 0.025390 0.011201 0.000359 0.207979 0.008564 2.868086
0.719845 0.026620 0.025456 0.011215 0.000357 0.207938 0.008568 2.870771
0.719775 0.026657 0.025450 0.011174 0.000355 0.208019 0.008570 2.873372
0.719785 0.026586 0.025504 0.011196 0.000352 0.208001 0.008575 2.876044
0.719735 0.026615 0.025483 0.011191 0.000352 0.208047 0.008577 2.878651
0.719750 0.026645 0.025451 0.011201 0.000354 0.208017 0.008581 2.881257
0.719704 0.026631 0.025418 0.011218 0.000365 0.208080 0.008584 2.883873
0.719628 0.026702 0.025418 0.011210 0.000362 0.208092 0.008587 2.886478
0.719668 0.026610 0.025468 0.011206 0.000360 0.208097 0.008593 2.889132
0.719636 0.026580 0.025465 0.011218 0.000357 0.208150 0.008596 2.891753
0.719600 0.026549 0.025470 0.011219 0.000357 0.208208 0.008598 2.894361
0.719592 0.026578 0.025456 0.011200 0.000356 0.208218 0.008601 2.896951
0.719548 0.026634 0.025457 0.011174 0.000358 0.208225 0.008604 2.899549
0.719493 0.026691 0.025461 0.011173 0.000355 0.208222 0.008606 2.902136
0.719508 0.026657 0.025385 0.011212 0.000360 0.208270 0.008608 2.904780
0.719501 0.026601 0.025404 0.011235 0.000362 0.208288 0.008609 2.907418
0.719412 0.026635 0.025367 0.011232 0.000365 0.208375 0.008613 2.910046
0.719358 0.026647 0.025373 0.011182 0.000366 0.208456 0.008618 2.912636
0.719371 0.026633 0.025428 0.011195 0.000363 0.208390 0.008620 2.915259
0.719439 0.026539 0.025468 0.011170 0.000361 0.208402 0.008623 2.917905
0.719421 0.026602 0.025478 0.011143 0.000356 0.208374 0.008626 2.920475
0.719425 0.026595 0.025435 0.011146 0.000355 0.208415 0.008629 2.923073
0.719450 0.026606 0.025393 0.011127 0.000355 0.208436 0.008634 2.925622
0.719476 0.026637 0.025337 0.011164 0.000358 0.208392 0.008636 2.928207
0.719503 0.026636 0.025295 0.011164 0.000359 0.208404 0.008639 2.930754
0.719517 0.026599 0.025301 0.011192 0.000362 0.208387 0.008641 2.933350
0.719550 0.026611 0.025274 0.011165 0.000364 0.208390 0.008645 2.935908
0.719524 0.026632 0.025216 0.011167 0.000366 0.208445 0.008649 2.938471
0.719536 0.026591 0.025258 0.011141 0.000369 0.208453 0.008652 2.941105
0.719575 0.026624 0.025272 0.011123 0.000370 0.208381 0.008655 2.943682
0.719643 0.026543 0.025318 0.011099 0.000363 0.208376 0.008659 2.946309
0.719627 0.026536 0.025322 0.011089 0.000361 0.208403 0.008663 2.948915
0.719611 0.026508 0.025329 0.011139 0.000367 0.208380 0.008667 2.951530
0.719588 0.026565 0.025344 0.011140 0.000369 0.208325 0.008669 2.954102
0.719663 0.026517 0.025373 0.011165 0.000368 0.208242 0.008671 2.956668
0.719615 0.026595 0.025385 0.011194 0.000366 0.208170 0.008674 2.959215
0.719670 0.026587 0.025322 0.011154 0.000370 0.208219 0.008679 2.961802
0.719648 0.026613 0.025317 0.011167 0.000367 0.208206 0.008682 2.964428
0.719594 0.026669 0.025318 0.011140 0.000360 0.208235 0.008684 2.966978
0.719485 0.026663 0.025338 0.011143 0.000358 0.208327 0.008686 2.969588
0.719476 0.026659 0.025367 0.011131 0.000356 0.208325 0.008686 2.972214
0.719508 0.026612 0.025339 0.011140 0.000362 0.208348 0.008689 2.974844
0.719540 0.026632 0.025320 0.011172 0.000361 0.208282 0.008693 2.977433
0.719498 0.026625 0.025297 0.011175 0.000369 0.208339 0.008696 2.980027
0.719551 0.026584 0.025322 0.011195 0.000370 0.208279 0.008699 2.982637
0.719477 0.026659 0.025302 0.011151 0.000373 0.208337 0.008701 2.985198
0.719526 0.026634 0.025302 0.011147 0.000373 0.208315 0.008704 2.987794
0.719475 0.026651 0.025277 0.011208 0.000373 0.208312 0.008705 2.990409
0.719492 0.026598 0.025303 0.011191 0.000364 0.208345 0.008708 2.992999
0.719574 0.026573 0.025315 0.011170 0.000366 0.208292 0.008710 2.995582
0.719579 0.026534 0.025383 0.011175 0.000365 0.208250 0.008713 2.998243
0.719598 0.026544 0.025381 0.011171 0.000363 0.208226 0.008717 3.000852
0.719608 0.026531 0.025369 0.011187 0.000355 0.208226 0.008724 3.003474
0.719661 0.026449 0.025313 0.011196 0.000355 0.208300 0.008726 3.006103
0.719658 0.026472 0.025311 0.011209 0.000354 0.208267 0.008729 3.008687
0.719727 0.026454 0.025204 0.011227 0.000346 0.208308 0.008732 3.011273
0.719747 0.026397 0.025205 0.011261 0.000352 0.208304 0.008735 3.013877
0.719784 0.026297 0.025283 0.011221 0.000341 0.208333 0.008741 3.016513
0.719804 0.026317 0.025287 0.011199 0.000343 0.208305 0.008745 3.019062
0.719791 0.026355 0.025314 0.011200 0.000347 0.208245 0.008748 3.021656
0.719808 0.026320 0.025345 0.011203 0.000349 0.208224 0.008752 3.024258
0.719840 0.026372 0.025287 0.011153 0.000349 0.208244 0.008756 3.026793
0.719965 0.026371 0.025179 0.011179 0.000351 0.208195 0.008760 3.029302
