0.347011 0.062632 0.055879 0.031850 0.002152 0.494542 0.005934 1.620298
0.347913 0.061654 0.055877 0.031779 0.002148 0.494662 0.005966 1.626483
0.349099 0.060720 0.055648 0.031557 0.002127 0.494853 0.005996 1.632395
0.350629 0.059489 0.055483 0.031414 0.002117 0.494840 0.006028 1.638327
0.352255 0.058160 0.055325 0.031154 0.002114 0.494939 0.006052 1.644139
0.354072 0.057047 0.054989 0.030938 0.002113 0.494761 0.006081 1.649669
0.355932 0.055795 0.054739 0.030736 0.002111 0.494584 0.006104 1.655229
0.357915 0.054552 0.054402 0.030457 0.002094 0.494442 0.006138 1.660666
0.359987 0.053444 0.054092 0.030192 0.002084 0.494039 0.006162 1.666014
0.362141 0.052234 0.053723 0.029916 0.002064 0.493730 0.006193 1.671277
0.364242 0.051184 0.053252 0.029606 0.002050 0.493451 0.006217 1.676364
0.366312 0.050247 0.052631 0.029286 0.002042 0.493239 0.006244 1.681403
0.368366 0.049360 0.052032 0.028939 0.002006 0.493020 0.006279 1.686307
0.370555 0.048523 0.051396 0.028593 0.001989 0.492640 0.006303 1.691072
0.372746 0.047760 0.050790 0.028151 0.001972 0.492253 0.006330 1.695763
0.374992 0.047082 0.050235 0.027777 0.001953 0.491607 0.006355 1.700370
0.377061 0.046440 0.049708 0.027413 0.001929 0.491070 0.006380 1.704985
0.379415 0.045872 0.049138 0.027036 0.001915 0.490217 0.006407 1.709476
0.381555 0.045368 0.048541 0.026635 0.001905 0.489569 0.006427 1.713919
0.383805 0.044840 0.047961 0.026271 0.001893 0.488779 0.006453 1.718277
0.385958 0.044379 0.047421 0.025999 0.001874 0.487894 0.006475 1.722654
0.388227 0.043881 0.046884 0.025731 0.001838 0.486938 0.006501 1.726971
0.390490 0.043404 0.046269 0.025515 0.001816 0.485981 0.006525 1.731269
0.392653 0.043078 0.045760 0.025150 0.001791 0.485024 0.006544 1.735467
0.394915 0.042694 0.045198 0.024884 0.001760 0.483979 0.006570 1.739678
0.397245 0.042306 0.044684 0.024606 0.001748 0.482818 0.006593 1.743826
0.399396 0.041989 0.044222 0.024298 0.001742 0.481742 0.006611 1.747993
0.401556 0.041686 0.043763 0.024015 0.001717 0.480634 0.006629 1.752093
0.403666 0.041440 0.043242 0.023860 0.001688 0.479459 0.006645 1.756190
0.405739 0.041322 0.042805 0.023510 0.001669 0.478291 0.006664 1.760198
0.407897 0.041100 0.042405 0.023301 0.001634 0.476979 0.006684 1.764241
0.410041 0.040865 0.041954 0.023116 0.001612 0.475708 0.006704 1.768313
0.412122 0.040655 0.041591 0.022920 0.001579 0.474407 0.006725 1.772371
0.414102 0.040593 0.041160 0.022659 0.001569 0.473174 0.006743 1.776294
0.416095 0.040452 0.040919 0.022494 0.001540 0.471739 0.006761 1.780324
0.418148 0.040293 0.040618 0.022337 0.001520 0.470308 0.006776 1.784319
0.420271 0.040175 0.040272 0.022120 0.001494 0.468873 0.006795 1.788200
0.422307 0.040129 0.040001 0.021941 0.001471 0.467339 0.006813 1.792132
0.424193 0.040099 0.039625 0.021743 0.001443 0.466069 0.006828 1.796037
0.426127 0.039990 0.039366 0.021596 0.001423 0.464658 0.006842 1.800004
0.428079 0.039965 0.039104 0.021437 0.001404 0.463158 0.006855 1.803912
0.429806 0.039969 0.038842 0.021293 0.001370 0.461843 0.006876 1.807876
0.431658 0.040033 0.038594 0.021131 0.001355 0.460340 0.006889 1.811777
0.433453 0.039989 0.038386 0.020984 0.001329 0.458952 0.006908 1.815745
0.434933 0.040180 0.038109 0.020814 0.001293 0.457747 0.006925 1.819618
0.436750 0.040143 0.038030 0.020664 0.001279 0.456196 0.006937 1.823551
0.438538 0.040122 0.037927 0.020624 0.001252 0.454586 0.006952 1.827488
0.440256 0.040124 0.037748 0.020527 0.001232 0.453148 0.006965 1.831447
0.441870 0.040195 0.037635 0.020533 0.001214 0.451574 0.006979 1.835433
0.443499 0.040137 0.037574 0.020465 0.001202 0.450130 0.006992 1.839463
0.445051 0.040315 0.037397 0.020393 0.001183 0.448654 0.007006 1.843329
0.446629 0.040453 0.037338 0.020301 0.001166 0.447097 0.007017 1.847274
0.448159 0.040529 0.037255 0.020312 0.001149 0.445571 0.007027 1.851324
0.449699 0.040542 0.037258 0.020264 0.001128 0.444069 0.007039 1.855339
0.451091 0.040657 0.037207 0.020277 0.001111 0.442605 0.007052 1.859373
0.452460 0.040836 0.037118 0.020253 0.001094 0.441174 0.007064 1.863356
0.453870 0.040838 0.037065 0.020261 0.001072 0.439818 0.007077 1.867393
0.455225 0.040858 0.037025 0.020339 0.001046 0.438414 0.007094 1.871524
0.456427 0.041173 0.036939 0.020252 0.001027 0.437073 0.007108 1.875473
0.457672 0.041445 0.036975 0.020191 0.001009 0.435589 0.007119 1.879481
0.458962 0.041576 0.036959 0.020206 0.001001 0.434165 0.007130 1.883544
0.460153 0.041703 0.036926 0.020228 0.000987 0.432867 0.007138 1.887624
0.461229 0.041821 0.036929 0.020265 0.000974 0.431634 0.007148 1.891740
0.462281 0.041910 0.036973 0.020263 0.000963 0.430454 0.007157 1.895917
0.463357 0.042089 0.037000 0.020232 0.000954 0.429199 0.007169 1.900013
0.464420 0.042279 0.037013 0.020287 0.000945 0.427874 0.007182 1.904147
0.465423 0.042458 0.037046 0.020271 0.000928 0.426681 0.007194 1.908306
0.466477 0.042684 0.037033 0.020273 0.000914 0.425413 0.007207 1.912429
0.467309 0.043032 0.037093 0.020295 0.000892 0.424157 0.007223 1.916579
0.468245 0.043196 0.037176 0.020345 0.000880 0.422925 0.007235 1.920798
0.469146 0.043354 0.037262 0.020406 0.000860 0.421730 0.007243 1.925034
0.469974 0.043543 0.037338 0.020472 0.000848 0.420570 0.007254 1.929293
0.470767 0.043703 0.037461 0.020517 0.000839 0.419449 0.007264 1.933580
0.471463 0.043860 0.037592 0.020561 0.000822 0.418429 0.007273 1.937921
0.472219 0.043893 0.037693 0.020667 0.000811 0.417436 0.007280 1.942290
0.473037 0.044087 0.037714 0.020770 0.000809 0.416294 0.007288 1.946588
0.473751 0.044206 0.037797 0.020857 0.000796 0.415292 0.007301 1.950992
0.474533 0.044358 0.037862 0.020919 0.000789 0.414232 0.007307 1.955310
0.475166 0.044522 0.038020 0.020958 0.000793 0.413231 0.007311 1.959709
0.475765 0.044633 0.038208 0.021023 0.000782 0.412268 0.007323 1.964145
0.476439 0.044710 0.038316 0.021039 0.000773 0.411391 0.007332 1.968495
0.477017 0.044944 0.038390 0.021078 0.000768 0.410466 0.007338 1.972858
0.477669 0.045178 0.038372 0.021098 0.000767 0.409573 0.007343 1.977180
0.478303 0.045261 0.038458 0.021185 0.000761 0.408678 0.007356 1.981602
0.478850 0.045372 0.038645 0.021223 0.000763 0.407787 0.007359 1.986046
0.479312 0.045561 0.038784 0.021242 0.000758 0.406979 0.007364 1.990456
0.479795 0.045610 0.038950 0.021286 0.000757 0.406229 0.007373 1.994999
0.480331 0.045720 0.039097 0.021337 0.000753 0.405380 0.007382 1.999519
0.480766 0.045837 0.039309 0.021374 0.000743 0.404579 0.007392 2.004036
0.481108 0.045931 0.039369 0.021477 0.000738 0.403976 0.007401 2.008566
0.481548 0.046038 0.039418 0.021539 0.000727 0.403320 0.007411 2.013121
0.482070 0.046114 0.039520 0.021550 0.000716 0.402607 0.007422 2.017625
0.482381 0.046277 0.039655 0.021529 0.000715 0.402013 0.007431 2.022112
0.482721 0.046457 0.039767 0.021565 0.000713 0.401342 0.007435 2.026645
0.483049 0.046551 0.039923 0.021553 0.000711 0.400774 0.007440 2.031202
0.483290 0.046764 0.040018 0.021583 0.000700 0.400196 0.007449 2.035715
0.483594 0.046869 0.040062 0.021677 0.000705 0.399638 0.007457 2.040266
0.483968 0.046918 0.040223 0.021751 0.000695 0.398978 0.007468 2.044923
0.484188 0.047068 0.040380 0.021816 0.000698 0.398376 0.007474 2.049571
0.484527 0.047074 0.040446 0.021947 0.000692 0.397836 0.007479 2.054220
0.484778 0.047095 0.040573 0.022005 0.000688 0.397377 0.007484 2.058832
0.485044 0.047257 0.040606 0.022058 0.000689 0.396856 0.007490 2.063370
0.485441 0.047322 0.040639 0.022073 0.000684 0.396347 0.007494 2.067927
0.485622 0.047461 0.040686 0.022107 0.000681 0.395939 0.007503 2.072493
0.485956 0.047445 0.040844 0.022140 0.000678 0.395426 0.007510 2.077161
0.486179 0.047555 0.040880 0.022188 0.000676 0.395006 0.007515 2.081786
0.486442 0.047447 0.040966 0.022325 0.000668 0.394631 0.007520 2.086518
0.486646 0.047540 0.040945 0.022359 0.000667 0.394317 0.007526 2.091103
0.486863 0.047621 0.041090 0.022344 0.000665 0.393887 0.007531 2.095749
0.487301 0.047493 0.041185 0.022434 0.000667 0.393384 0.007535 2.100461
0.487506 0.047460 0.041217 0.022405 0.000665 0.393206 0.007541 2.105078
0.487663 0.047541 0.041206 0.022479 0.000667 0.392896 0.007548 2.109713
0.487820 0.047660 0.041218 0.022529 0.000666 0.392556 0.007552 2.114301
0.487947 0.047688 0.041306 0.022524 0.000664 0.392316 0.007556 2.118996
0.488228 0.047555 0.041477 0.022601 0.000666 0.391914 0.007559 2.123749
0.488398 0.047558 0.041602 0.022690 0.000667 0.391522 0.007563 2.128503
0.488541 0.047567 0.041657 0.022745 0.000669 0.391257 0.007565 2.133184
0.488839 0.047565 0.041748 0.022695 0.000666 0.390911 0.007575 2.137834
0.489057 0.047633 0.041766 0.022620 0.000664 0.390682 0.007578 2.142419
0.489276 0.047613 0.041765 0.022624 0.000662 0.390479 0.007581 2.147100
0.489495 0.047707 0.041752 0.022644 0.000661 0.390154 0.007587 2.151674
0.489833 0.047615 0.041778 0.022650 0.000659 0.389872 0.007593 2.156382
0.489995 0.047548 0.041857 0.022663 0.000657 0.389677 0.007602 2.161066
0.490194 0.047451 0.041925 0.022685 0.000660 0.389479 0.007606 2.165775
0.490526 0.047315 0.042047 0.022675 0.000664 0.389162 0.007611 2.170385
0.490787 0.047221 0.042113 0.022650 0.000662 0.388952 0.007615 2.175061
0.491063 0.047290 0.041979 0.022678 0.000656 0.388715 0.007621 2.179617
0.491276 0.047271 0.042014 0.022752 0.000660 0.388401 0.007625 2.184261
0.491497 0.047173 0.042024 0.022772 0.000663 0.388240 0.007632 2.188944
0.491781 0.047039 0.042060 0.022768 0.000666 0.388052 0.007636 2.193631
0.492001 0.047100 0.042016 0.022700 0.000660 0.387882 0.007642 2.198215
0.492190 0.047207 0.041983 0.022692 0.000650 0.387632 0.007647 2.202751
0.492401 0.047228 0.042042 0.022683 0.000653 0.387344 0.007650 2.207365
0.492549 0.047268 0.042007 0.022722 0.000653 0.387147 0.007654 2.211937
0.492696 0.047305 0.041939 0.022751 0.000641 0.387010 0.007659 2.216541
0.492853 0.047289 0.041886 0.022759 0.000651 0.386899 0.007664 2.221162
0.493076 0.047241 0.041883 0.022717 0.000649 0.386765 0.007669 2.225770
0.493406 0.047178 0.041774 0.022689 0.000650 0.386631 0.007673 2.230343
0.493663 0.047022 0.041814 0.022695 0.000653 0.386477 0.007677 2.235056
0.493941 0.047086 0.041857 0.022690 0.000656 0.386088 0.007682 2.239597
0.494161 0.047097 0.041836 0.022724 0.000663 0.385832 0.007687 2.244191
0.494351 0.047071 0.041840 0.022698 0.000665 0.385683 0.007692 2.248806
0.494561 0.047072 0.041872 0.022703 0.000660 0.385435 0.007698 2.253411
0.494845 0.046910 0.041924 0.022694 0.000660 0.385263 0.007704 2.258100
0.495026 0.046826 0.041903 0.022675 0.000666 0.385197 0.007708 2.262725
0.495206 0.046813 0.041834 0.022597 0.000672 0.385164 0.007714 2.267301
0.495420 0.046788 0.041918 0.022586 0.000667 0.384899 0.007720 2.271946
0.495693 0.046778 0.041875 0.022535 0.000664 0.384728 0.007727 2.276452
0.496022 0.046647 0.041862 0.022609 0.000672 0.384454 0.007734 2.281068
0.496437 0.046524 0.041897 0.022592 0.000670 0.384142 0.007739 2.285685
0.496533 0.046729 0.041907 0.022447 0.000676 0.383969 0.007741 2.290165
0.496721 0.046687 0.041871 0.022541 0.000671 0.383762 0.007748 2.294828
0.497025 0.046705 0.041841 0.022519 0.000674 0.383481 0.007755 2.299361
0.497360 0.046625 0.041840 0.022519 0.000674 0.383223 0.007760 2.303952
0.497457 0.046663 0.041874 0.022529 0.000673 0.383041 0.007764 2.308513
0.497684 0.046632 0.041913 0.022525 0.000666 0.382810 0.007772 2.313112
0.497863 0.046614 0.041903 0.022523 0.000669 0.382650 0.007780 2.317668
0.498018 0.046594 0.041915 0.022520 0.000665 0.382503 0.007785 2.322252
0.498257 0.046610 0.041857 0.022529 0.000674 0.382286 0.007787 2.326814
0.498421 0.046574 0.041882 0.022484 0.000672 0.382178 0.007790 2.331391
0.498660 0.046583 0.041853 0.022471 0.000673 0.381967 0.007795 2.335908
0.498822 0.046643 0.041876 0.022485 0.000668 0.381703 0.007804 2.340443
0.499100 0.046522 0.041920 0.022434 0.000673 0.381544 0.007808 2.345077
0.499361 0.046484 0.041843 0.022508 0.000669 0.381321 0.007815 2.349572
0.499538 0.046459 0.041749 0.022498 0.000663 0.381269 0.007823 2.354148
0.499754 0.046389 0.041699 0.022474 0.000665 0.381189 0.007830 2.358730
0.500087 0.046306 0.041680 0.022498 0.000655 0.380938 0.007836 2.363304
0.500226 0.046377 0.041585 0.022450 0.000655 0.380863 0.007845 2.367809
0.500319 0.046475 0.041465 0.022455 0.000652 0.380785 0.007849 2.372276
0.500513 0.046456 0.041503 0.022410 0.000645 0.380621 0.007853 2.376807
0.500714 0.046340 0.041487 0.022391 0.000643 0.380567 0.007859 2.381395
0.500994 0.046291 0.041491 0.022342 0.000641 0.380377 0.007865 2.385950
0.501259 0.046283 0.041440 0.022349 0.000636 0.380167 0.007867 2.390450
0.501586 0.046149 0.041510 0.022375 0.000631 0.379876 0.007874 2.395058
0.501778 0.046102 0.041474 0.022421 0.000631 0.379713 0.007881 2.399631
0.502128 0.046038 0.041433 0.022411 0.000636 0.379468 0.007886 2.404126
0.502280 0.046004 0.041458 0.022388 0.000636 0.379343 0.007892 2.408697
0.502418 0.046019 0.041391 0.022366 0.000633 0.379277 0.007896 2.413188
0.502689 0.045999 0.041423 0.022334 0.000629 0.379022 0.007905 2.417766
0.502864 0.045977 0.041382 0.022307 0.000630 0.378930 0.007910 2.422330
0.503019 0.046010 0.041402 0.022285 0.000624 0.378742 0.007917 2.426816
0.503259 0.045988 0.041423 0.022294 0.000637 0.378478 0.007921 2.431305
0.503529 0.046025 0.041378 0.022263 0.000637 0.378244 0.007926 2.435763
0.503650 0.046105 0.041318 0.022251 0.000645 0.378099 0.007931 2.440243
0.503898 0.046091 0.041347 0.022259 0.000643 0.377829 0.007933 2.444765
0.503987 0.046209 0.041282 0.022223 0.000651 0.377712 0.007936 2.449243
0.504213 0.046232 0.041232 0.022173 0.000656 0.377554 0.007940 2.453743
0.504426 0.046283 0.041220 0.022114 0.000648 0.377364 0.007946 2.458216
0.504613 0.046294 0.041225 0.022093 0.000648 0.377176 0.007952 2.462685
0.504860 0.046303 0.041263 0.022086 0.000638 0.376894 0.007957 2.467214
0.504975 0.046279 0.041202 0.022127 0.000640 0.376813 0.007962 2.471804
0.505067 0.046388 0.041252 0.022095 0.000632 0.376599 0.007967 2.476328
0.505206 0.046350 0.041298 0.022120 0.000633 0.376422 0.007973 2.480916
0.505442 0.046315 0.041309 0.022060 0.000640 0.376257 0.007977 2.485443
0.505592 0.046322 0.041317 0.022105 0.000645 0.376038 0.007981 2.489999
0.505737 0.046312 0.041298 0.022112 0.000644 0.375909 0.007988 2.494508
0.505912 0.046354 0.041386 0.022099 0.000644 0.375615 0.007990 2.499023
0.505961 0.046293 0.041475 0.022132 0.000631 0.375512 0.007995 2.503642
0.505926 0.046375 0.041487 0.022132 0.000638 0.375441 0.008001 2.508166
0.506054 0.046322 0.041415 0.022216 0.000645 0.375345 0.008004 2.512769
0.506184 0.046281 0.041461 0.022231 0.000651 0.375185 0.008008 2.517356
0.506296 0.046294 0.041461 0.022238 0.000650 0.375044 0.008017 2.521873
0.506418 0.046346 0.041439 0.022169 0.000647 0.374957 0.008025 2.526383
0.506472 0.046221 0.041590 0.022279 0.000643 0.374765 0.008030 2.531114
0.506582 0.046269 0.041576 0.022284 0.000638 0.374614 0.008037 2.535658
0.506774 0.046250 0.041632 0.022324 0.000643 0.374336 0.008040 2.540256
0.506855 0.046222 0.041669 0.022339 0.000646 0.374224 0.008046 2.544833
0.506906 0.046280 0.041621 0.022345 0.000641 0.374156 0.008052 2.549356
0.506880 0.046341 0.041623 0.022418 0.000644 0.374037 0.008057 2.553913
0.506962 0.046293 0.041680 0.022440 0.000649 0.373914 0.008063 2.558549
0.507198 0.046261 0.041634 0.022454 0.000641 0.373744 0.008068 2.563098
0.507358 0.046185 0.041635 0.022472 0.000640 0.373638 0.008072 2.567680
0.507506 0.046292 0.041551 0.022403 0.000640 0.373529 0.008077 2.572129
0.507600 0.046335 0.041530 0.022404 0.000644 0.373404 0.008083 2.576704
0.507737 0.046383 0.041473 0.022405 0.000639 0.373273 0.008089 2.581216
0.507852 0.046281 0.041499 0.022375 0.000644 0.373258 0.008092 2.585831
0.508062 0.046123 0.041525 0.022398 0.000639 0.373156 0.008097 2.590475
0.508094 0.046138 0.041506 0.022392 0.000643 0.373129 0.008099 2.595028
0.508179 0.046109 0.041460 0.022381 0.000646 0.373122 0.008103 2.599588
0.508334 0.046263 0.041391 0.022375 0.000654 0.372877 0.008107 2.604014
0.508431 0.046263 0.041408 0.022344 0.000662 0.372781 0.008111 2.608557
0.508482 0.046354 0.041308 0.022361 0.000658 0.372721 0.008116 2.613035
0.508573 0.046351 0.041387 0.022362 0.000658 0.372545 0.008123 2.617618
0.508598 0.046453 0.041349 0.022225 0.000655 0.372590 0.008131 2.622073
0.508646 0.046463 0.041309 0.022277 0.000657 0.372516 0.008133 2.626601
0.508859 0.046335 0.041335 0.022262 0.000652 0.372420 0.008139 2.631178
0.508989 0.046386 0.041321 0.022187 0.000650 0.372324 0.008144 2.635700
0.509044 0.046349 0.041285 0.022221 0.000640 0.372311 0.008151 2.640239
0.509164 0.046345 0.041359 0.022193 0.000642 0.372144 0.008154 2.644793
0.509206 0.046247 0.041369 0.022206 0.000649 0.372164 0.008160 2.649361
0.509306 0.046325 0.041381 0.022179 0.000655 0.371991 0.008163 2.653886
0.509436 0.046343 0.041434 0.022208 0.000653 0.371759 0.008167 2.658395
0.509563 0.046307 0.041449 0.022166 0.000659 0.371683 0.008173 2.662938
0.509677 0.046365 0.041443 0.022093 0.000656 0.371590 0.008176 2.667399
0.509678 0.046405 0.041464 0.022064 0.000654 0.371556 0.008180 2.671923
0.509701 0.046522 0.041372 0.022062 0.000651 0.371505 0.008188 2.676383
0.509732 0.046612 0.041429 0.022066 0.000653 0.371317 0.008191 2.680910
0.509902 0.046485 0.041408 0.022152 0.000654 0.371204 0.008196 2.685508
0.509942 0.046514 0.041415 0.022186 0.000654 0.371086 0.008202 2.690069
0.509952 0.046592 0.041369 0.022174 0.000651 0.371054 0.008207 2.694606
0.509926 0.046569 0.041466 0.022213 0.000655 0.370961 0.008209 2.699207
0.510105 0.046450 0.041504 0.022217 0.000663 0.370845 0.008215 2.703780
0.510196 0.046470 0.041377 0.022156 0.000665 0.370917 0.008219 2.708232
0.510165 0.046479 0.041452 0.022207 0.000666 0.370808 0.008225 2.712823
0.510042 0.046620 0.041451 0.022214 0.000674 0.370771 0.008229 2.717394
0.510201 0.046569 0.041474 0.022200 0.000671 0.370651 0.008235 2.721974
0.510340 0.046466 0.041522 0.022232 0.000674 0.370526 0.008239 2.726567
0.510453 0.046511 0.041438 0.022225 0.000670 0.370457 0.008247 2.731052
0.510563 0.046447 0.041470 0.022192 0.000675 0.370403 0.008250 2.735613
0.510592 0.046648 0.041413 0.022178 0.000678 0.370238 0.008254 2.740099
0.510585 0.046666 0.041379 0.022186 0.000672 0.370252 0.008260 2.744655
0.510579 0.046787 0.041315 0.022169 0.000678 0.370209 0.008264 2.749135
0.510627 0.046833 0.041348 0.022130 0.000674 0.370118 0.008270 2.753644
0.510644 0.046819 0.041340 0.022161 0.000666 0.370093 0.008277 2.758219
0.510679 0.046797 0.041355 0.022205 0.000669 0.370012 0.008283 2.762802
0.510690 0.046802 0.041466 0.022214 0.000675 0.369868 0.008286 2.767406
0.510612 0.046812 0.041487 0.022231 0.000670 0.369897 0.008292 2.772010
0.510649 0.046859 0.041550 0.022223 0.000663 0.369755 0.008301 2.776576
0.510622 0.046860 0.041627 0.022264 0.000663 0.369660 0.008305 2.781187
0.510827 0.046879 0.041625 0.022231 0.000658 0.369468 0.008312 2.785717
0.510878 0.046801 0.041528 0.022232 0.000664 0.369577 0.008321 2.790326
0.510890 0.046859 0.041504 0.022218 0.000660 0.369540 0.008330 2.794892
0.510949 0.046848 0.041536 0.022264 0.000656 0.369412 0.008335 2.799490
0.510958 0.046833 0.041656 0.022298 0.000661 0.369258 0.008338 2.804109
0.510957 0.046821 0.041683 0.022363 0.000671 0.369163 0.008343 2.808727
0.510988 0.046777 0.041743 0.022383 0.000669 0.369093 0.008348 2.813338
0.511066 0.046847 0.041718 0.022367 0.000670 0.368975 0.008358 2.817916
0.511061 0.046864 0.041776 0.022415 0.000667 0.368856 0.008361 2.822558
0.511096 0.046825 0.041772 0.022430 0.000670 0.368839 0.008368 2.827170
0.511151 0.046935 0.041725 0.022374 0.000672 0.368770 0.008373 2.831644
0.511120 0.046954 0.041796 0.022360 0.000669 0.368721 0.008381 2.836264
0.510988 0.047072 0.041758 0.022384 0.000672 0.368741 0.008384 2.840807
0.511067 0.047020 0.041761 0.022350 0.000676 0.368737 0.008390 2.845383
0.511135 0.046913 0.041826 0.022351 0.000679 0.368701 0.008394 2.850017
0.511227 0.046844 0.041869 0.022319 0.000676 0.368668 0.008399 2.854656
0.511242 0.046854 0.041806 0.022394 0.000682 0.368616 0.008405 2.859283
0.511248 0.046945 0.041774 0.022417 0.000682 0.368523 0.008411 2.863812
0.511003 0.047124 0.041747 0.022453 0.000684 0.368572 0.008419 2.868409
0.510931 0.047175 0.041759 0.022405 0.000685 0.368620 0.008424 2.873027
0.510973 0.047177 0.041755 0.022442 0.000686 0.368541 0.008427 2.877585
0.511020 0.047074 0.041772 0.022434 0.000688 0.368578 0.008434 2.882226
0.511002 0.047072 0.041793 0.022430 0.000686 0.368575 0.008441 2.886892
0.511107 0.046997 0.041746 0.022482 0.000677 0.368541 0.008451 2.891501
0.511211 0.046913 0.041769 0.022506 0.000679 0.368466 0.008455 2.896104
0.511209 0.046842 0.041723 0.022528 0.000690 0.368547 0.008461 2.900732
0.511314 0.046792 0.041777 0.022490 0.000687 0.368471 0.008470 2.905312
0.511415 0.046688 0.041843 0.022520 0.000693 0.368367 0.008475 2.909950
0.511407 0.046655 0.041880 0.022445 0.000693 0.368444 0.008479 2.914542
0.511469 0.046726 0.041793 0.022502 0.000693 0.368332 0.008485 2.919104
0.511547 0.046609 0.041847 0.022547 0.000687 0.368275 0.008490 2.923748
0.511563 0.046688 0.041848 0.022442 0.000693 0.368270 0.008496 2.928259
0.511584 0.046761 0.041822 0.022443 0.000687 0.368201 0.008502 2.932802
0.511590 0.046779 0.041760 0.022437 0.000683 0.368242 0.008510 2.937363
0.511492 0.046886 0.041806 0.022426 0.000683 0.368194 0.008512 2.941977
0.511558 0.046861 0.041815 0.022429 0.000685 0.368135 0.008518 2.946523
0.511588 0.046947 0.041807 0.022327 0.000688 0.368120 0.008523 2.951028
0.511580 0.047039 0.041840 0.022343 0.000686 0.367984 0.008530 2.955587
0.511650 0.047047 0.041709 0.022357 0.000688 0.368015 0.008534 2.960141
0.511673 0.047010 0.041723 0.022430 0.000679 0.367944 0.008540 2.964778
0.511710 0.046949 0.041756 0.022423 0.000679 0.367936 0.008546 2.969400
0.511696 0.046805 0.041824 0.022430 0.000680 0.368013 0.008551 2.974061
0.511700 0.046740 0.041939 0.022439 0.000682 0.367945 0.008555 2.978711
0.511688 0.046857 0.041904 0.022418 0.000690 0.367882 0.008561 2.983263
0.511669 0.046808 0.042023 0.022430 0.000686 0.367814 0.008570 2.987865
0.511553 0.046921 0.042054 0.022360 0.000690 0.367847 0.008576 2.992432
0.511726 0.046920 0.042019 0.022413 0.000679 0.367662 0.008583 2.996945
0.511708 0.046887 0.041976 0.022448 0.000689 0.367705 0.008587 3.001554
0.511810 0.046756 0.042066 0.022475 0.000691 0.367613 0.008590 3.006216
0.511781 0.046728 0.042103 0.022523 0.000698 0.367573 0.008596 3.010820
0.511802 0.046721 0.042136 0.022508 0.000701 0.367535 0.008599 3.015371
0.511747 0.046774 0.042159 0.022523 0.000701 0.367493 0.008604 3.019971
0.511844 0.046705 0.042191 0.022574 0.000701 0.367377 0.008609 3.024596
0.511903 0.046706 0.042190 0.022535 0.000700 0.367355 0.008612 3.029147
0.511946 0.046824 0.042032 0.022478 0.000697 0.367408 0.008616 3.033624
0.511833 0.046870 0.041991 0.022488 0.000694 0.367501 0.008622 3.038172
0.511724 0.046903 0.041973 0.022530 0.000694 0.367547 0.008629 3.042774
0.511621 0.047005 0.041940 0.022514 0.000690 0.367594 0.008636 3.047377
0.511626 0.046996 0.041877 0.022566 0.000677 0.367615 0.008643 3.051980
0.511630 0.047048 0.041833 0.022562 0.000674 0.367607 0.008646 3.056569
0.511589 0.047048 0.041855 0.022538 0.000671 0.367650 0.008650 3.061195
0.511600 0.047055 0.041858 0.022586 0.000673 0.367573 0.008653 3.065802
0.511651 0.046926 0.041819 0.022650 0.000678 0.367616 0.008660 3.070449
0.511848 0.046747 0.041871 0.022614 0.000689 0.367568 0.008664 3.075135
0.511813 0.046837 0.041885 0.022639 0.000691 0.367467 0.008669 3.079665
0.511788 0.046853 0.041876 0.022614 0.000693 0.367504 0.008673 3.084243
0.511774 0.046844 0.041888 0.022679 0.000701 0.367434 0.008679 3.088842
0.511648 0.046985 0.041890 0.022671 0.000700 0.367420 0.008686 3.093375
0.511657 0.046868 0.041971 0.022717 0.000699 0.367397 0.008691 3.098082
0.511696 0.046886 0.041886 0.022735 0.000699 0.367398 0.008700 3.102617
0.511684 0.046927 0.041882 0.022707 0.000711 0.367388 0.008703 3.107187
0.511645 0.047037 0.041729 0.022678 0.000712 0.367493 0.008708 3.111696
0.511686 0.046967 0.041726 0.022645 0.000711 0.367552 0.008713 3.116301
0.511753 0.046994 0.041737 0.022633 0.000706 0.367459 0.008718 3.120902
0.511841 0.046854 0.041864 0.022575 0.000714 0.367427 0.008725 3.125526
0.511851 0.046910 0.041826 0.022554 0.000710 0.367419 0.008730 3.130123
0.511888 0.046926 0.041764 0.022519 0.000708 0.367459 0.008736 3.134659
0.511840 0.047081 0.041812 0.022474 0.000712 0.367340 0.008741 3.139206
0.511734 0.047036 0.041879 0.022513 0.000713 0.367375 0.008751 3.143856
0.511727 0.047017 0.041981 0.022584 0.000700 0.367231 0.008759 3.148516
0.511622 0.047022 0.041927 0.022615 0.000694 0.367353 0.008768 3.153137
0.511541 0.047115 0.041848 0.022582 0.000692 0.367449 0.008773 3.157686
0.511518 0.047181 0.041738 0.022653 0.000691 0.367442 0.008778 3.162282
0.511561 0.047099 0.041765 0.022688 0.000679 0.367423 0.008785 3.166931
0.511538 0.047028 0.041750 0.022705 0.000689 0.367504 0.008787 3.171562
0.511499 0.047009 0.041810 0.022668 0.000686 0.367536 0.008793 3.176175
0.511467 0.047039 0.041852 0.022679 0.000679 0.367488 0.008796 3.180751
0.511531 0.046995 0.041894 0.022634 0.000688 0.367459 0.008800 3.185400
0.511425 0.046998 0.041914 0.022588 0.000685 0.367585 0.008805 3.190004
0.511459 0.047063 0.041829 0.022582 0.000688 0.367567 0.008812 3.194498
0.511369 0.047054 0.041831 0.022630 0.000687 0.367611 0.008818 3.199119
0.511339 0.047090 0.041859 0.022614 0.000680 0.367592 0.008825 3.203746
0.511330 0.047090 0.041943 0.022653 0.000688 0.367466 0.008830 3.208425
0.511321 0.047041 0.041907 0.022657 0.000693 0.367544 0.008837 3.213069
0.511387 0.046968 0.041897 0.022648 0.000693 0.367567 0.008842 3.217633
0.511394 0.046976 0.041940 0.022719 0.000693 0.367428 0.008849 3.222218
0.511551 0.046888 0.041886 0.022692 0.000691 0.367439 0.008854 3.226794
0.511478 0.047009 0.041830 0.022660 0.000687 0.367477 0.008859 3.231288
0.511489 0.046979 0.041875 0.022663 0.000683 0.367450 0.008863 3.235937
0.511470 0.046916 0.041868 0.022686 0.000686 0.367509 0.008866 3.240576
0.511405 0.046873 0.041917 0.022714 0.000685 0.367536 0.008872 3.245219
0.511409 0.046879 0.041924 0.022723 0.000685 0.367499 0.008880 3.249840
0.511310 0.046953 0.041877 0.022699 0.000701 0.367575 0.008886 3.254388
0.511390 0.046960 0.041908 0.022745 0.000694 0.367411 0.008893 3.258996
0.511521 0.046859 0.041907 0.022709 0.000695 0.367412 0.008897 3.263628
0.511504 0.046831 0.041943 0.022661 0.000695 0.367464 0.008901 3.268257
0.511404 0.046862 0.041946 0.022657 0.000698 0.367529 0.008905 3.272860
0.511343 0.046795 0.041975 0.022632 0.000699 0.367647 0.008908 3.277489
0.511294 0.046813 0.041965 0.022552 0.000695 0.367770 0.008913 3.282025
0.511311 0.046819 0.041927 0.022592 0.000693 0.367740 0.008918 3.286604
0.511316 0.046772 0.041832 0.022603 0.000697 0.367858 0.008923 3.291167
0.511304 0.046741 0.041795 0.022598 0.000698 0.367937 0.008928 3.295793
0.511333 0.046718 0.041787 0.022622 0.000693 0.367914 0.008933 3.300372
0.511440 0.046701 0.041781 0.022643 0.000694 0.367804 0.008938 3.304929
0.511454 0.046713 0.041820 0.022624 0.000697 0.367748 0.008946 3.309503
0.511412 0.046749 0.041849 0.022573 0.000702 0.367763 0.008951 3.314076
0.511475 0.046577 0.041841 0.022632 0.000696 0.367823 0.008955 3.318747
0.511586 0.046502 0.041812 0.022655 0.000698 0.367789 0.008959 3.323336
0.511659 0.046441 0.041952 0.022599 0.000692 0.367694 0.008963 3.327930
0.511611 0.046429 0.041928 0.022544 0.000684 0.367836 0.008969 3.332503
0.511710 0.046442 0.041947 0.022491 0.000683 0.367754 0.008974 3.337023
0.511733 0.046499 0.041932 0.022447 0.000682 0.367727 0.008980 3.341546
0.511731 0.046440 0.041958 0.022416 0.000685 0.367783 0.008988 3.346141
0.511679 0.046386 0.042046 0.022422 0.000684 0.367788 0.008996 3.350741
0.511639 0.046495 0.042013 0.022359 0.000681 0.367811 0.009001 3.355260
0.511686 0.046529 0.041926 0.022357 0.000686 0.367810 0.009005 3.359802
0.511746 0.046592 0.041828 0.022408 0.000682 0.367733 0.009012 3.364315
0.511766 0.046638 0.041843 0.022348 0.000687 0.367703 0.009016 3.368801
0.511709 0.046628 0.041916 0.022343 0.000692 0.367692 0.009021 3.373436
0.511867 0.046525 0.041964 0.022391 0.000681 0.367547 0.009026 3.377999
0.511890 0.046493 0.041875 0.022398 0.000681 0.367632 0.009032 3.382597
0.511973 0.046478 0.041885 0.022339 0.000678 0.367609 0.009039 3.387116
0.512018 0.046518 0.041854 0.022349 0.000677 0.367543 0.009041 3.391663
0.512102 0.046423 0.041892 0.022380 0.000678 0.367479 0.009047 3.396263
0.512178 0.046426 0.041849 0.022372 0.000683 0.367441 0.009050 3.400788
0.512163 0.046415 0.041808 0.022396 0.000692 0.367470 0.009057 3.405374
0.512207 0.046432 0.041787 0.022396 0.000692 0.367426 0.009060 3.409886
0.512127 0.046503 0.041673 0.022417 0.000698 0.367519 0.009065 3.414404
0.512054 0.046510 0.041701 0.022366 0.000687 0.367610 0.009074 3.418983
0.512116 0.046487 0.041648 0.022358 0.000682 0.367631 0.009079 3.423524
0.512260 0.046416 0.041603 0.022404 0.000674 0.367559 0.009085 3.428099
0.512211 0.046505 0.041546 0.022372 0.000672 0.367607 0.009089 3.432584
0.512206 0.046592 0.041514 0.022302 0.000678 0.367616 0.009094 3.437121
0.512280 0.046613 0.041568 0.022336 0.000678 0.367428 0.009098 3.441711
0.512328 0.046632 0.041487 0.022382 0.000679 0.367388 0.009106 3.446250
0.512361 0.046620 0.041451 0.022387 0.000674 0.367395 0.009111 3.450817
0.512437 0.046573 0.041545 0.022398 0.000673 0.367259 0.009116 3.455410
0.512418 0.046683 0.041493 0.022385 0.000675 0.367225 0.009120 3.459876
0.512383 0.046758 0.041505 0.022339 0.000674 0.367216 0.009125 3.464414
0.512370 0.046633 0.041584 0.022339 0.000673 0.367270 0.009132 3.469045
0.512301 0.046734 0.041593 0.022281 0.000678 0.367274 0.009139 3.473533
0.512458 0.046656 0.041615 0.022268 0.000673 0.367186 0.009144 3.478090
0.512453 0.046679 0.041714 0.022286 0.000675 0.367047 0.009147 3.482688
0.512490 0.046731 0.041577 0.022308 0.000673 0.367071 0.009150 3.487187
0.512548 0.046752 0.041625 0.022229 0.000672 0.367024 0.009153 3.491706
0.512470 0.046753 0.041644 0.022303 0.000677 0.366997 0.009156 3.496344
0.512470 0.046760 0.041647 0.022352 0.000672 0.366935 0.009163 3.500944
0.512507 0.046707 0.041748 0.022330 0.000677 0.366862 0.009169 3.505509
0.512362 0.046837 0.041687 0.022336 0.000669 0.366934 0.009176 3.510044
0.512403 0.046844 0.041691 0.022339 0.000664 0.366878 0.009184 3.514597
0.512417 0.046884 0.041721 0.022366 0.000664 0.366758 0.009190 3.519154
0.512385 0.046813 0.041697 0.022396 0.000662 0.366850 0.009197 3.523821
0.512243 0.046881 0.041702 0.022417 0.000650 0.366904 0.009203 3.528456
0.512344 0.046793 0.041705 0.022429 0.000650 0.366873 0.009206 3.533076
0.512377 0.046851 0.041800 0.022422 0.000646 0.366692 0.009211 3.537652
0.512419 0.046816 0.041756 0.022410 0.000638 0.366748 0.009215 3.542244
0.512500 0.046728 0.041767 0.022432 0.000636 0.366721 0.009217 3.546849
0.512511 0.046702 0.041670 0.022423 0.000639 0.366833 0.009221 3.551424
0.512488 0.046673 0.041674 0.022414 0.000652 0.366873 0.009226 3.556072
0.512513 0.046670 0.041691 0.022422 0.000653 0.366820 0.009231 3.560632
0.512612 0.046694 0.041674 0.022435 0.000654 0.366695 0.009237 3.565166
0.512668 0.046677 0.041640 0.022430 0.000653 0.366690 0.009242 3.569758
0.512565 0.046809 0.041592 0.022402 0.000656 0.366730 0.009246 3.574242
0.512616 0.046763 0.041621 0.022378 0.000663 0.366707 0.009253 3.578869
0.512715 0.046725 0.041618 0.022358 0.000656 0.366671 0.009256 3.583383
0.512697 0.046771 0.041557 0.022312 0.000658 0.366742 0.009263 3.587915
0.512599 0.046852 0.041528 0.022263 0.000667 0.366821 0.009270 3.592460
0.512687 0.046884 0.041553 0.022206 0.000663 0.366730 0.009278 3.597028
0.512691 0.046787 0.041657 0.022278 0.000656 0.366645 0.009286 3.601742
0.512589 0.046932 0.041618 0.022262 0.000655 0.366655 0.009290 3.606231
0.512519 0.046939 0.041675 0.022288 0.000655 0.366628 0.009296 3.610842
0.512368 0.046961 0.041747 0.022311 0.000669 0.366643 0.009301 3.615520
0.512420 0.046930 0.041728 0.022372 0.000671 0.366571 0.009308 3.620114
0.512426 0.046915 0.041678 0.022376 0.000677 0.366618 0.009311 3.624676
0.512324 0.047057 0.041695 0.022363 0.000681 0.366567 0.009313 3.629217
0.512250 0.047125 0.041755 0.022288 0.000680 0.366584 0.009319 3.633770
0.512246 0.047103 0.041816 0.022299 0.000686 0.366527 0.009323 3.638388
0.512326 0.047075 0.041856 0.022299 0.000690 0.366424 0.009329 3.642967
0.512287 0.047178 0.041880 0.022238 0.000692 0.366395 0.009331 3.647476
0.512283 0.047120 0.041875 0.022297 0.000685 0.366403 0.009338 3.652119
0.512310 0.047110 0.041934 0.022262 0.000688 0.366353 0.009343 3.656764
0.512424 0.047019 0.041910 0.022266 0.000684 0.366350 0.009347 3.661341
0.512461 0.047031 0.041928 0.022248 0.000683 0.366297 0.009353 3.665898
0.512419 0.047092 0.042038 0.022262 0.000686 0.366145 0.009358 3.670510
0.512346 0.047070 0.042044 0.022278 0.000682 0.366217 0.009363 3.675152
0.512439 0.047030 0.041982 0.022314 0.000682 0.366186 0.009368 3.679692
0.512491 0.047026 0.041960 0.022315 0.000690 0.366148 0.009372 3.684270
0.512500 0.047006 0.041941 0.022333 0.000686 0.366158 0.009376 3.688847
0.512419 0.047075 0.041931 0.022286 0.000679 0.366227 0.009383 3.693395
0.512405 0.047060 0.041932 0.022301 0.000684 0.366230 0.009389 3.698019
0.512407 0.047066 0.041934 0.022312 0.000679 0.366208 0.009394 3.702584
0.512476 0.047002 0.042005 0.022270 0.000686 0.366163 0.009397 3.707193
0.512581 0.046945 0.041907 0.022382 0.000686 0.366095 0.009403 3.711812
0.512598 0.046835 0.041977 0.022392 0.000678 0.366109 0.009411 3.716452
0.512597 0.046762 0.041923 0.022381 0.000678 0.366245 0.009414 3.721033
0.512673 0.046679 0.041927 0.022370 0.000678 0.366252 0.009420 3.725630
0.512646 0.046769 0.041929 0.022333 0.000677 0.366221 0.009425 3.730152
0.512689 0.046714 0.041819 0.022291 0.000671 0.366386 0.009431 3.734667
0.512741 0.046626 0.041858 0.022361 0.000668 0.366309 0.009438 3.739285
0.512746 0.046584 0.041794 0.022389 0.000670 0.366375 0.009442 3.743835
0.512784 0.046557 0.041778 0.022428 0.000668 0.366338 0.009446 3.748453
0.512766 0.046625 0.041725 0.022391 0.000677 0.366364 0.009451 3.752965
0.512756 0.046690 0.041719 0.022360 0.000676 0.366341 0.009458 3.757496
0.512842 0.046674 0.041616 0.022349 0.000671 0.366385 0.009464 3.762059
0.512862 0.046751 0.041556 0.022345 0.000670 0.366348 0.009468 3.766563
0.513015 0.046713 0.041617 0.022304 0.000670 0.366207 0.009475 3.771139
0.513059 0.046725 0.041724 0.022319 0.000671 0.366020 0.009483 3.775711
0.513046 0.046788 0.041825 0.022312 0.000671 0.365872 0.009488 3.780305
0.513100 0.046756 0.041799 0.022309 0.000677 0.365868 0.009493 3.784871
0.513110 0.046751 0.041739 0.022309 0.000673 0.365921 0.009498 3.789493
0.513238 0.046654 0.041695 0.022310 0.000678 0.365921 0.009503 3.794063
0.513211 0.046737 0.041694 0.022299 0.000683 0.365868 0.009509 3.798594
0.513187 0.046768 0.041731 0.022282 0.000677 0.365844 0.009511 3.803167
0.513174 0.046757 0.041814 0.022261 0.000682 0.365796 0.009517 3.807736
0.513171 0.046697 0.041812 0.022288 0.000688 0.365820 0.009524 3.812359
0.513160 0.046679 0.041947 0.022264 0.000692 0.365730 0.009529 3.816925
0.513096 0.046697 0.041903 0.022238 0.000696 0.365837 0.009534 3.821483
0.513102 0.046692 0.041934 0.022205 0.000702 0.365824 0.009541 3.826050
0.512969 0.046765 0.041882 0.022211 0.000707 0.365920 0.009548 3.830568
0.512956 0.046850 0.041890 0.022195 0.000704 0.365853 0.009553 3.835088
0.512982 0.046880 0.041844 0.022215 0.000706 0.365814 0.009559 3.839655
0.513051 0.046963 0.041783 0.022242 0.000698 0.365700 0.009564 3.844154
0.513062 0.046950 0.041791 0.022210 0.000697 0.365721 0.009569 3.848793
0.513025 0.046996 0.041829 0.022200 0.000692 0.365685 0.009574 3.853344
0.512914 0.047014 0.041834 0.022281 0.000686 0.365692 0.009580 3.857995
0.512863 0.047098 0.041824 0.022310 0.000691 0.365630 0.009585 3.862560
0.512822 0.047078 0.041874 0.022341 0.000682 0.365613 0.009591 3.867201
0.512816 0.046961 0.041907 0.022340 0.000678 0.365701 0.009598 3.871846
0.512739 0.046970 0.041851 0.022367 0.000671 0.365799 0.009603 3.876417
0.512763 0.046915 0.041836 0.022419 0.000673 0.365785 0.009609 3.881069
0.512861 0.046892 0.041777 0.022423 0.000668 0.365763 0.009617 3.885597
0.512906 0.046776 0.041780 0.022427 0.000673 0.365817 0.009622 3.890266
0.512954 0.046823 0.041683 0.022415 0.000669 0.365829 0.009628 3.894801
0.513061 0.046737 0.041692 0.022372 0.000669 0.365838 0.009633 3.899417
0.513090 0.046754 0.041706 0.022351 0.000660 0.365800 0.009639 3.903967
0.513199 0.046748 0.041702 0.022312 0.000660 0.365735 0.009645 3.908512
0.513119 0.046856 0.041797 0.022305 0.000656 0.365622 0.009647 3.913155
0.513027 0.046816 0.041776 0.022289 0.000656 0.365783 0.009653 3.917809
0.513111 0.046741 0.041724 0.022292 0.000654 0.365821 0.009657 3.922368
0.513017 0.046684 0.041778 0.022366 0.000654 0.365838 0.009665 3.927012
0.512936 0.046703 0.041774 0.022387 0.000660 0.365870 0.009671 3.931582
0.513057 0.046637 0.041814 0.022441 0.000660 0.365716 0.009675 3.936209
0.513000 0.046617 0.041750 0.022516 0.000655 0.365781 0.009682 3.940813
0.512953 0.046666 0.041612 0.022465 0.000661 0.365959 0.009686 3.945326
0.512919 0.046707 0.041552 0.022450 0.000658 0.366025 0.009690 3.949869
0.512876 0.046782 0.041518 0.022352 0.000662 0.366115 0.009694 3.954416
0.512810 0.046842 0.041473 0.022431 0.000658 0.366088 0.009698 3.958939
0.512866 0.046726 0.041536 0.022525 0.000659 0.365984 0.009703 3.963574
0.512903 0.046764 0.041506 0.022488 0.000665 0.365967 0.009707 3.968081
0.512916 0.046701 0.041472 0.022514 0.000667 0.366020 0.009711 3.972662
0.512840 0.046797 0.041424 0.022510 0.000669 0.366044 0.009716 3.977200
0.512888 0.046676 0.041503 0.022508 0.000668 0.366037 0.009720 3.981865
0.512802 0.046760 0.041514 0.022470 0.000664 0.366068 0.009723 3.986458
0.512763 0.046707 0.041617 0.022516 0.000661 0.366006 0.009731 3.991113
0.512720 0.046788 0.041563 0.022497 0.000659 0.366038 0.009736 3.995664
0.512751 0.046753 0.041622 0.022502 0.000660 0.365974 0.009739 4.000255
0.512719 0.046789 0.041710 0.022523 0.000657 0.365855 0.009746 4.004859
0.512754 0.046747 0.041664 0.022495 0.000656 0.365934 0.009751 4.009382
0.512712 0.046704 0.041652 0.022526 0.000653 0.365996 0.009756 4.013944
0.512866 0.046582 0.041707 0.022497 0.000666 0.365921 0.009762 4.018562
0.512919 0.046621 0.041722 0.022383 0.000667 0.365922 0.009767 4.023083
0.512932 0.046663 0.041686 0.022344 0.000665 0.365940 0.009771 4.027623
0.512922 0.046637 0.041664 0.022356 0.000661 0.365983 0.009776 4.032233
0.512887 0.046641 0.041670 0.022342 0.000667 0.366013 0.009781 4.036808
0.512905 0.046614 0.041667 0.022345 0.000662 0.366022 0.009786 4.041382
0.512899 0.046566 0.041674 0.022351 0.000665 0.366056 0.009789 4.046016
0.512809 0.046679 0.041604 0.022326 0.000671 0.366118 0.009794 4.050493
0.512787 0.046620 0.041644 0.022373 0.000675 0.366103 0.009799 4.055123
0.512819 0.046580 0.041637 0.022469 0.000672 0.366016 0.009806 4.059748
0.512782 0.046691 0.041604 0.022392 0.000680 0.366041 0.009810 4.064260
0.512740 0.046724 0.041591 0.022442 0.000683 0.366005 0.009815 4.068840
0.512741 0.046689 0.041574 0.022498 0.000682 0.365996 0.009821 4.073436
0.512728 0.046733 0.041512 0.022484 0.000681 0.366037 0.009827 4.077951
0.512713 0.046728 0.041542 0.022446 0.000679 0.366059 0.009834 4.082520
0.512742 0.046708 0.041544 0.022484 0.000671 0.366010 0.009839 4.087084
0.512619 0.046742 0.041484 0.022449 0.000670 0.366189 0.009846 4.091623
0.512654 0.046748 0.041510 0.022397 0.000672 0.366167 0.009852 4.096184
0.512716 0.046777 0.041547 0.022366 0.000669 0.366066 0.009858 4.100768
0.512808 0.046736 0.041534 0.022369 0.000671 0.366014 0.009868 4.105304
0.512795 0.046745 0.041619 0.022358 0.000667 0.365942 0.009873 4.109859
0.512911 0.046689 0.041657 0.022357 0.000662 0.365848 0.009877 4.114445
0.512821 0.046762 0.041629 0.022368 0.000658 0.365883 0.009881 4.119025
0.512864 0.046705 0.041659 0.022387 0.000651 0.365846 0.009887 4.123661
0.512873 0.046714 0.041764 0.022351 0.000656 0.365753 0.009890 4.128236
0.512793 0.046626 0.041819 0.022419 0.000651 0.365800 0.009894 4.132880
0.512622 0.046709 0.041759 0.022437 0.000649 0.365925 0.009900 4.137448
