0.999811 0.000140 0.000036 0.000013 0.000000 0.000000 0.000000
0.999714 0.000206 0.000029 0.000006 0.000000 0.000045 0.000000
0.999418 0.000474 0.000058 0.000019 0.000000 0.000032 0.000000
0.999125 0.000728 0.000068 0.000038 0.000000 0.000040 0.000000
0.998508 0.001248 0.000124 0.000063 0.000000 0.000058 0.000000
0.997292 0.002290 0.000216 0.000127 0.000000 0.000075 0.000000
0.995441 0.003783 0.000420 0.000249 0.000000 0.000107 0.000000
0.993583 0.005267 0.000666 0.000333 0.000000 0.000151 0.000000
0.990974 0.007227 0.001079 0.000494 0.000000 0.000226 0.000000
0.987265 0.010067 0.001601 0.000731 0.000000 0.000336 0.000000
0.982289 0.013947 0.002186 0.001068 0.000002 0.000508 0.000000
0.976483 0.018367 0.002936 0.001452 0.000005 0.000757 0.000000
0.968037 0.024773 0.004121 0.001965 0.000007 0.001097 0.000000
0.958289 0.032037 0.005450 0.002672 0.000006 0.001547 0.000000
0.947197 0.040149 0.007046 0.003449 0.000005 0.002153 0.000000
0.932526 0.050590 0.009273 0.004693 0.000005 0.002913 0.000000
0.916793 0.061716 0.011784 0.005981 0.000008 0.003717 0.000000
0.901418 0.072545 0.014169 0.007240 0.000008 0.004621 0.000000
0.883821 0.084496 0.017180 0.008688 0.000015 0.005801 0.000000
0.863715 0.097533 0.020812 0.010556 0.000026 0.007359 0.000000
0.842522 0.110766 0.024821 0.012657 0.000039 0.009194 0.000000
0.823005 0.122427 0.028731 0.014582 0.000052 0.011203 0.000000
0.802301 0.134233 0.032978 0.016866 0.000057 0.013564 0.000000
0.780100 0.146608 0.037600 0.019311 0.000073 0.016308 0.000000
0.757121 0.158307 0.042849 0.022139 0.000083 0.019501 0.000000
0.735241 0.168809 0.048122 0.024728 0.000093 0.023007 0.000000
0.712879 0.178577 0.053751 0.027583 0.000103 0.027108 0.000000
0.691582 0.186664 0.059493 0.030636 0.000120 0.031504 0.000000
0.671245 0.193519 0.064973 0.033645 0.000141 0.036476 0.000000
0.650503 0.199383 0.070997 0.036911 0.000172 0.042031 0.000002
0.630432 0.204272 0.076901 0.039953 0.000195 0.048245 0.000002
0.611783 0.207229 0.082834 0.042940 0.000213 0.054997 0.000003
0.593622 0.209579 0.088633 0.045888 0.000228 0.062045 0.000005
0.576845 0.210510 0.094077 0.048622 0.000259 0.069681 0.000006
0.561392 0.210593 0.098799 0.051384 0.000282 0.077543 0.000006
0.547763 0.208882 0.103213 0.053978 0.000311 0.085846 0.000007
0.535029 0.206452 0.107283 0.056250 0.000352 0.094626 0.000007
0.525902 0.201951 0.110375 0.057916 0.000394 0.103454 0.000008
0.518025 0.197625 0.112893 0.059275 0.000415 0.111759 0.000009
0.510480 0.192734 0.115388 0.060652 0.000445 0.120292 0.000009
0.503569 0.188043 0.117328 0.061584 0.000480 0.128983 0.000012
0.498716 0.183292 0.118306 0.062066 0.000504 0.137103 0.000013
0.493236 0.179016 0.119418 0.062538 0.000540 0.145236 0.000015
0.487805 0.175018 0.120116 0.063066 0.000577 0.153401 0.000018
0.481209 0.171935 0.121054 0.063569 0.000600 0.161612 0.000020
0.474938 0.168703 0.121774 0.063838 0.000630 0.170095 0.000022
0.469190 0.165627 0.122210 0.064063 0.000635 0.178250 0.000024
0.462819 0.162776 0.122607 0.064393 0.000644 0.186732 0.000028
0.455416 0.159382 0.123156 0.064797 0.000674 0.196545 0.000031
0.448663 0.156559 0.123785 0.065063 0.000701 0.205196 0.000034
0.442653 0.153459 0.123995 0.065346 0.000716 0.213796 0.000034
0.436043 0.149901 0.124156 0.065443 0.000730 0.223692 0.000035
0.429881 0.146650 0.124284 0.065603 0.000744 0.232799 0.000039
0.424144 0.143080 0.124273 0.065690 0.000756 0.242016 0.000040
0.419715 0.140044 0.124084 0.065619 0.000771 0.249724 0.000043
0.413721 0.135397 0.123749 0.065516 0.000795 0.260777 0.000046
0.409615 0.132126 0.122984 0.065125 0.000820 0.269282 0.000049
0.404638 0.127943 0.122284 0.064914 0.000847 0.279324 0.000051
0.400670 0.124086 0.121355 0.064380 0.000870 0.288581 0.000057
0.397349 0.120258 0.120631 0.063780 0.000895 0.297026 0.000061
0.392821 0.115860 0.119778 0.063233 0.000917 0.307326 0.000066
0.390172 0.112415 0.118516 0.062664 0.000944 0.315222 0.000067
0.387635 0.107754 0.116914 0.062005 0.000969 0.324654 0.000069
0.385573 0.103886 0.115274 0.061247 0.000993 0.332954 0.000072
0.384215 0.099704 0.113301 0.060138 0.000999 0.341567 0.000076
0.382737 0.095308 0.111467 0.059132 0.001000 0.350276 0.000080
0.382433 0.092213 0.109818 0.058115 0.001008 0.356330 0.000083
0.381778 0.088443 0.107553 0.056933 0.001023 0.364182 0.000088
0.381820 0.084752 0.105114 0.055809 0.001036 0.371376 0.000093
0.382632 0.080809 0.102479 0.054496 0.001051 0.378439 0.000095
0.383932 0.077748 0.100255 0.053338 0.001055 0.383577 0.000097
0.386196 0.074557 0.097699 0.051936 0.001060 0.388452 0.000100
0.388205 0.071954 0.095083 0.050699 0.001061 0.392895 0.000103
0.389869 0.069430 0.092653 0.049406 0.001058 0.397476 0.000107
0.392660 0.067731 0.090133 0.048174 0.001058 0.400132 0.000112
0.394621 0.065752 0.087559 0.046652 0.001059 0.404238 0.000119
0.396479 0.064199 0.085231 0.045439 0.001067 0.407463 0.000121
0.398291 0.062635 0.083084 0.044155 0.001069 0.410640 0.000125
0.400885 0.061372 0.081049 0.042951 0.001063 0.412552 0.000127
0.401901 0.059712 0.079058 0.041961 0.001062 0.416175 0.000131
0.404581 0.058647 0.076596 0.040637 0.001049 0.418354 0.000136
0.406416 0.057927 0.074796 0.039647 0.001043 0.420034 0.000136
0.408255 0.057317 0.073075 0.038686 0.001048 0.421480 0.000139
0.410111 0.056731 0.071353 0.037763 0.001039 0.422861 0.000140
0.410625 0.056130 0.069909 0.037096 0.001024 0.425073 0.000142
0.411911 0.055688 0.068438 0.036356 0.001003 0.426460 0.000144
0.413350 0.054893 0.066797 0.035489 0.000995 0.428326 0.000150
0.413438 0.053922 0.065499 0.034818 0.000989 0.431184 0.000151
0.414866 0.053336 0.064157 0.034100 0.000987 0.432401 0.000154
0.416204 0.052335 0.062858 0.033481 0.000978 0.433987 0.000156
0.417883 0.051603 0.061382 0.032767 0.000960 0.435247 0.000158
0.419375 0.050633 0.060205 0.032143 0.000942 0.436542 0.000160
0.420856 0.048752 0.058755 0.031320 0.000928 0.439225 0.000164
0.422467 0.047881 0.057864 0.030712 0.000914 0.439998 0.000165
0.423913 0.047017 0.056927 0.030210 0.000902 0.440864 0.000168
0.426016 0.046121 0.055733 0.029610 0.000880 0.441467 0.000173
0.427819 0.045108 0.054697 0.029019 0.000865 0.442313 0.000180
0.429938 0.043918 0.053324 0.028295 0.000856 0.443486 0.000183
0.431675 0.043559 0.052560 0.028050 0.000860 0.443109 0.000186
0.433780 0.042467 0.051404 0.027405 0.000856 0.443898 0.000191
0.435897 0.042141 0.050587 0.026943 0.000844 0.443395 0.000194
0.437807 0.041333 0.049361 0.026375 0.000834 0.444091 0.000199
0.440008 0.040857 0.048365 0.025892 0.000828 0.443846 0.000205
0.442414 0.040046 0.047097 0.025287 0.000817 0.444132 0.000206
0.444310 0.039764 0.046412 0.025008 0.000797 0.443497 0.000212
0.446243 0.039779 0.045891 0.024727 0.000800 0.442347 0.000214
0.448421 0.039170 0.044915 0.024122 0.000787 0.442370 0.000216
0.450101 0.039075 0.044283 0.023694 0.000774 0.441855 0.000218
0.452721 0.038901 0.043531 0.023210 0.000766 0.440649 0.000222
0.454707 0.038520 0.042655 0.022704 0.000761 0.440427 0.000227
0.457059 0.038434 0.042021 0.022373 0.000751 0.439130 0.000231
0.459297 0.038115 0.041236 0.021913 0.000744 0.438458 0.000237
0.461165 0.038165 0.040777 0.021728 0.000741 0.437187 0.000238
0.462969 0.038126 0.040149 0.021409 0.000727 0.436384 0.000237
0.464870 0.038215 0.039566 0.021117 0.000723 0.435269 0.000239
0.466481 0.038182 0.039154 0.020953 0.000721 0.434267 0.000241
0.468163 0.038337 0.038816 0.020781 0.000712 0.432946 0.000244
0.469742 0.038428 0.038466 0.020653 0.000699 0.431769 0.000244
0.471964 0.038381 0.037943 0.020391 0.000683 0.430389 0.000248
0.473739 0.038399 0.037688 0.020242 0.000666 0.429012 0.000253
0.475350 0.038523 0.037431 0.019952 0.000647 0.427839 0.000257
0.476977 0.038628 0.037145 0.019810 0.000643 0.426535 0.000262
0.478997 0.038551 0.036818 0.019626 0.000635 0.425113 0.000260
0.480458 0.038415 0.036822 0.019613 0.000629 0.423798 0.000265
0.482715 0.037939 0.036609 0.019412 0.000610 0.422448 0.000267
0.485386 0.037021 0.036432 0.019190 0.000604 0.421096 0.000270
0.487911 0.035952 0.036442 0.019113 0.000594 0.419718 0.000270
0.490710 0.034910 0.036254 0.018865 0.000587 0.418403 0.000272
0.493904 0.033796 0.035917 0.018481 0.000575 0.417053 0.000274
0.496834 0.032750 0.035554 0.018237 0.000573 0.415779 0.000273
0.499711 0.031623 0.035235 0.017884 0.000566 0.414707 0.000274
0.502970 0.030465 0.034991 0.017520 0.000551 0.413224 0.000278
0.506733 0.029383 0.034412 0.017077 0.000544 0.411571 0.000281
0.510402 0.028286 0.033922 0.016643 0.000540 0.409922 0.000286
0.514252 0.027247 0.033423 0.016194 0.000527 0.408074 0.000283
0.517136 0.026207 0.033066 0.015858 0.000520 0.406927 0.000286
0.521010 0.025219 0.032552 0.015410 0.000511 0.405009 0.000289
0.524682 0.024219 0.031885 0.014999 0.000503 0.403419 0.000293
0.528197 0.023377 0.031283 0.014677 0.000486 0.401685 0.000294
0.532477 0.022499 0.030554 0.014249 0.000477 0.399449 0.000296
0.536235 0.021714 0.029987 0.013841 0.000472 0.397454 0.000297
0.539747 0.020930 0.029418 0.013421 0.000468 0.395715 0.000300
0.543515 0.020154 0.028714 0.013065 0.000459 0.393793 0.000300
0.547107 0.019444 0.028062 0.012733 0.000446 0.391908 0.000300
0.550702 0.018814 0.027483 0.012378 0.000433 0.389886 0.000305
0.554609 0.018275 0.026759 0.011991 0.000417 0.387644 0.000304
0.558305 0.017709 0.026046 0.011616 0.000412 0.385604 0.000308
0.562218 0.017141 0.025304 0.011229 0.000403 0.383396 0.000308
0.565609 0.016712 0.024792 0.010896 0.000399 0.381280 0.000312
0.569568 0.016231 0.024112 0.010646 0.000391 0.378741 0.000312
0.573159 0.015790 0.023570 0.010362 0.000386 0.376418 0.000314
0.577195 0.015396 0.022933 0.010031 0.000374 0.373756 0.000315
0.580443 0.015045 0.022379 0.009767 0.000362 0.371684 0.000320
0.583826 0.014667 0.021768 0.009537 0.000349 0.369534 0.000318
0.587257 0.014310 0.021282 0.009294 0.000344 0.367194 0.000320
0.591053 0.014019 0.020821 0.009032 0.000347 0.364404 0.000323
0.594667 0.013644 0.020332 0.008829 0.000342 0.361858 0.000328
0.598152 0.013363 0.019846 0.008597 0.000326 0.359390 0.000325
0.601722 0.013098 0.019407 0.008397 0.000324 0.356726 0.000325
0.605175 0.012812 0.018901 0.008166 0.000320 0.354297 0.000329
0.608556 0.012670 0.018437 0.007991 0.000307 0.351706 0.000334
0.611873 0.012436 0.017953 0.007768 0.000306 0.349328 0.000336
0.615290 0.012256 0.017506 0.007570 0.000303 0.346736 0.000338
0.618772 0.012101 0.017057 0.007360 0.000296 0.344077 0.000337
0.621658 0.011917 0.016690 0.007205 0.000295 0.341894 0.000340
0.625649 0.011749 0.016247 0.007021 0.000288 0.338706 0.000340
0.628895 0.011584 0.015897 0.006863 0.000276 0.336141 0.000343
0.631997 0.011470 0.015570 0.006699 0.000277 0.333644 0.000344
0.635150 0.011237 0.015263 0.006549 0.000273 0.331184 0.000344
0.638399 0.011161 0.014912 0.006411 0.000258 0.328512 0.000347
0.641645 0.010988 0.014523 0.006289 0.000244 0.325965 0.000346
0.644778 0.010950 0.014331 0.006172 0.000242 0.323175 0.000351
0.647841 0.010893 0.014128 0.006041 0.000230 0.320517 0.000350
0.650760 0.010758 0.013861 0.005964 0.000227 0.318078 0.000352
0.653901 0.010704 0.013594 0.005845 0.000225 0.315381 0.000351
0.657293 0.010632 0.013286 0.005754 0.000217 0.312470 0.000348
0.659975 0.010533 0.013086 0.005666 0.000211 0.310177 0.000351
0.662933 0.010493 0.012839 0.005596 0.000203 0.307580 0.000357
0.666019 0.010372 0.012633 0.005501 0.000198 0.304921 0.000357
0.668460 0.010385 0.012460 0.005459 0.000193 0.302687 0.000356
0.671614 0.010265 0.012340 0.005409 0.000194 0.299821 0.000357
0.674675 0.010163 0.012135 0.005332 0.000195 0.297142 0.000357
0.677447 0.010174 0.012073 0.005236 0.000186 0.294522 0.000361
0.679989 0.010127 0.011821 0.005162 0.000182 0.292363 0.000356
0.682758 0.010127 0.011698 0.005086 0.000178 0.289797 0.000356
0.685518 0.010034 0.011534 0.005043 0.000172 0.287341 0.000359
0.687861 0.010034 0.011429 0.004977 0.000169 0.285174 0.000356
0.690719 0.010014 0.011242 0.004938 0.000165 0.282563 0.000360
0.692904 0.009981 0.011090 0.004869 0.000160 0.280635 0.000361
0.695639 0.009910 0.010977 0.004817 0.000159 0.278135 0.000362
0.698043 0.009907 0.010891 0.004811 0.000158 0.275828 0.000362
0.700600 0.009937 0.010735 0.004746 0.000159 0.273465 0.000359
0.703006 0.009959 0.010663 0.004721 0.000153 0.271138 0.000361
0.705382 0.010031 0.010624 0.004660 0.000152 0.268789 0.000361
0.707562 0.010086 0.010566 0.004660 0.000148 0.266611 0.000367
0.709916 0.010122 0.010502 0.004646 0.000145 0.264307 0.000361
0.711978 0.010141 0.010451 0.004619 0.000140 0.262309 0.000363
0.714301 0.010268 0.010379 0.004595 0.000135 0.259958 0.000364
0.716787 0.010377 0.010262 0.004511 0.000134 0.257563 0.000366
0.718789 0.010494 0.010156 0.004499 0.000132 0.255567 0.000362
0.720929 0.010602 0.010191 0.004505 0.000129 0.253272 0.000371
0.722571 0.010621 0.010195 0.004500 0.000128 0.251616 0.000369
0.724922 0.010677 0.010216 0.004453 0.000126 0.249240 0.000366
0.727101 0.010734 0.010229 0.004440 0.000122 0.247010 0.000364
0.728797 0.010856 0.010265 0.004423 0.000118 0.245166 0.000375
0.730882 0.010980 0.010229 0.004422 0.000118 0.242996 0.000373
0.732714 0.011030 0.010163 0.004461 0.000113 0.241150 0.000368
0.734630 0.011013 0.010223 0.004460 0.000117 0.239188 0.000370
0.736487 0.011035 0.010295 0.004507 0.000115 0.237189 0.000373
0.738611 0.010949 0.010255 0.004460 0.000110 0.235242 0.000373
0.740227 0.011104 0.010366 0.004481 0.000110 0.233342 0.000371
0.741740 0.011216 0.010399 0.004524 0.000111 0.231633 0.000376
0.743617 0.011257 0.010434 0.004561 0.000112 0.229648 0.000372
0.745199 0.011381 0.010407 0.004537 0.000118 0.227984 0.000375
0.746962 0.011523 0.010462 0.004552 0.000119 0.226006 0.000376
0.748605 0.011667 0.010526 0.004550 0.000119 0.224164 0.000369
0.749978 0.011812 0.010565 0.004623 0.000115 0.222534 0.000373
0.751305 0.011998 0.010637 0.004657 0.000109 0.220913 0.000380
0.753035 0.012118 0.010645 0.004628 0.000107 0.219094 0.000373
0.754449 0.012239 0.010750 0.004671 0.000105 0.217412 0.000373
0.755980 0.012256 0.010848 0.004678 0.000103 0.215755 0.000381
0.757296 0.012435 0.010898 0.004707 0.000104 0.214184 0.000375
0.758479 0.012640 0.011038 0.004743 0.000105 0.212618 0.000377
0.759881 0.012710 0.011079 0.004771 0.000101 0.211085 0.000373
0.761076 0.012848 0.011213 0.004796 0.000101 0.209590 0.000376
0.762026 0.013130 0.011344 0.004895 0.000102 0.208127 0.000376
0.763076 0.013245 0.011454 0.004978 0.000099 0.206776 0.000373
0.764105 0.013396 0.011535 0.005025 0.000100 0.205460 0.000378
0.765579 0.013440 0.011490 0.005031 0.000097 0.203986 0.000377
0.766326 0.013694 0.011641 0.005104 0.000101 0.202759 0.000374
0.767859 0.013738 0.011706 0.005098 0.000099 0.201122 0.000377
0.768268 0.013960 0.011920 0.005192 0.000099 0.200185 0.000376
0.769028 0.014208 0.012109 0.005234 0.000099 0.198940 0.000381
0.769966 0.014408 0.012212 0.005271 0.000104 0.197661 0.000379
0.770971 0.014581 0.012273 0.005314 0.000103 0.196380 0.000378
0.771723 0.014733 0.012405 0.005409 0.000104 0.195253 0.000372
0.772843 0.014824 0.012475 0.005436 0.000103 0.193939 0.000380
0.773713 0.015002 0.012605 0.005480 0.000100 0.192717 0.000384
0.774734 0.015023 0.012675 0.005523 0.000101 0.191560 0.000384
0.775283 0.015221 0.012832 0.005628 0.000102 0.190556 0.000379
0.776061 0.015284 0.012950 0.005671 0.000102 0.189556 0.000376
0.776814 0.015430 0.013061 0.005729 0.000108 0.188479 0.000379
0.777506 0.015537 0.013197 0.005823 0.000111 0.187447 0.000379
0.777934 0.015609 0.013341 0.005927 0.000112 0.186695 0.000380
0.778972 0.015685 0.013392 0.005919 0.000114 0.185540 0.000379
0.779707 0.015885 0.013537 0.005946 0.000115 0.184429 0.000381
0.780116 0.016134 0.013667 0.005963 0.000111 0.183627 0.000382
0.780647 0.016241 0.013758 0.005942 0.000112 0.182921 0.000380
0.781691 0.016342 0.013769 0.005932 0.000109 0.181775 0.000382
0.782072 0.016422 0.014019 0.006033 0.000110 0.180963 0.000382
0.781938 0.016772 0.014260 0.006107 0.000110 0.180426 0.000387
0.782824 0.016905 0.014256 0.006152 0.000109 0.179372 0.000382
0.783183 0.017004 0.014438 0.006282 0.000112 0.178598 0.000382
0.784088 0.016944 0.014518 0.006314 0.000120 0.177630 0.000386
0.783948 0.017144 0.014745 0.006400 0.000124 0.177259 0.000381
0.784300 0.017210 0.014890 0.006453 0.000122 0.176637 0.000387
0.784740 0.017401 0.014996 0.006487 0.000122 0.175868 0.000386
0.784928 0.017545 0.015172 0.006524 0.000120 0.175327 0.000384
0.785870 0.017647 0.015194 0.006548 0.000124 0.174230 0.000387
0.786019 0.017824 0.015322 0.006584 0.000124 0.173739 0.000387
0.786404 0.017946 0.015560 0.006582 0.000129 0.172997 0.000381
0.786730 0.018056 0.015601 0.006646 0.000127 0.172452 0.000387
0.786789 0.018244 0.015771 0.006745 0.000128 0.171939 0.000383
0.786994 0.018480 0.015832 0.006797 0.000129 0.171377 0.000391
0.787499 0.018566 0.015903 0.006846 0.000133 0.170663 0.000390
0.787520 0.018743 0.015989 0.006908 0.000135 0.170319 0.000387
0.787904 0.018918 0.016118 0.006944 0.000133 0.169593 0.000390
0.788485 0.018960 0.016213 0.006972 0.000134 0.168851 0.000385
0.788029 0.019141 0.016436 0.007042 0.000135 0.168825 0.000392
0.787904 0.019362 0.016652 0.007116 0.000133 0.168445 0.000389
0.788636 0.019306 0.016719 0.007130 0.000134 0.167683 0.000391
0.788732 0.019477 0.016815 0.007251 0.000137 0.167192 0.000396
0.788640 0.019629 0.016958 0.007274 0.000134 0.166974 0.000392
0.788599 0.019831 0.017087 0.007347 0.000129 0.166616 0.000391
0.788819 0.019857 0.017183 0.007394 0.000131 0.166223 0.000393
0.789294 0.019909 0.017350 0.007414 0.000125 0.165516 0.000392
0.788781 0.020090 0.017525 0.007456 0.000123 0.165631 0.000394
0.789032 0.020168 0.017609 0.007529 0.000125 0.165143 0.000393
0.789194 0.020275 0.017696 0.007557 0.000125 0.164763 0.000390
0.789322 0.020273 0.017711 0.007551 0.000129 0.164620 0.000394
0.789169 0.020406 0.017917 0.007602 0.000131 0.164378 0.000396
0.789489 0.020410 0.017936 0.007642 0.000133 0.163997 0.000394
0.789055 0.020445 0.018102 0.007716 0.000132 0.164153 0.000397
0.789585 0.020386 0.018258 0.007761 0.000131 0.163475 0.000404
0.789419 0.020318 0.018462 0.007855 0.000134 0.163410 0.000402
0.789672 0.020301 0.018554 0.007912 0.000133 0.163030 0.000398
0.789758 0.020295 0.018536 0.007957 0.000133 0.162919 0.000402
0.789353 0.020446 0.018753 0.007955 0.000136 0.162955 0.000402
0.789977 0.020521 0.018786 0.007976 0.000135 0.162204 0.000402
0.789481 0.020556 0.018907 0.008026 0.000138 0.162492 0.000400
0.789694 0.020576 0.018927 0.008044 0.000143 0.162217 0.000399
0.789796 0.020692 0.019065 0.008113 0.000140 0.161793 0.000399
0.790234 0.020679 0.019070 0.008094 0.000139 0.161384 0.000400
0.790025 0.020778 0.019150 0.008098 0.000143 0.161401 0.000405
0.790076 0.020761 0.019214 0.008161 0.000141 0.161240 0.000406
0.789587 0.020779 0.019341 0.008206 0.000143 0.161538 0.000406
0.789833 0.020812 0.019284 0.008209 0.000138 0.161319 0.000404
0.789718 0.020810 0.019336 0.008192 0.000135 0.161399 0.000410
0.789378 0.020911 0.019470 0.008238 0.000132 0.161461 0.000410
0.883816 0.011402 0.010656 0.004532 0.000071 0.089294 0.000229
