0.369814 0.061045 0.054903 0.031285 0.002011 0.475241 0.005701 1.550029
0.372253 0.058691 0.054873 0.031028 0.002005 0.475425 0.005725 1.555897
0.375487 0.055806 0.054639 0.030678 0.002003 0.475625 0.005760 1.561458
0.379332 0.052598 0.054351 0.030221 0.002005 0.475710 0.005783 1.566839
0.383447 0.049398 0.053815 0.029771 0.002003 0.475758 0.005810 1.571852
0.387866 0.046122 0.053228 0.029194 0.001996 0.475756 0.005838 1.576650
0.392429 0.043110 0.052526 0.028463 0.001989 0.475619 0.005865 1.581058
0.397224 0.040214 0.051625 0.027784 0.001980 0.475284 0.005891 1.585191
0.402022 0.037563 0.050612 0.026987 0.001987 0.474914 0.005916 1.588962
0.406847 0.035016 0.049449 0.026194 0.001983 0.474570 0.005943 1.592545
0.411708 0.032680 0.048318 0.025407 0.001965 0.473952 0.005970 1.595857
0.416803 0.030456 0.047089 0.024553 0.001942 0.473158 0.006000 1.598934
0.421928 0.028386 0.045783 0.023672 0.001924 0.472282 0.006026 1.601837
0.426962 0.026539 0.044471 0.022810 0.001913 0.471265 0.006041 1.604509
0.432063 0.024830 0.043134 0.021958 0.001883 0.470065 0.006066 1.606987
0.437310 0.023197 0.041838 0.021108 0.001865 0.468592 0.006090 1.609343
0.442435 0.021722 0.040387 0.020275 0.001853 0.467214 0.006113 1.611504
0.447628 0.020292 0.039078 0.019493 0.001831 0.465541 0.006137 1.613587
0.452771 0.019060 0.037682 0.018649 0.001796 0.463884 0.006158 1.615478
0.457943 0.017905 0.036277 0.017845 0.001774 0.462075 0.006182 1.617251
0.462978 0.016800 0.034916 0.017128 0.001753 0.460223 0.006202 1.618938
0.468148 0.015747 0.033607 0.016436 0.001733 0.458108 0.006220 1.620563
0.473301 0.014778 0.032316 0.015750 0.001699 0.455917 0.006239 1.622068
0.478483 0.013914 0.031006 0.015103 0.001676 0.453555 0.006262 1.623476
0.483709 0.013062 0.029760 0.014424 0.001647 0.451114 0.006286 1.624813
0.488812 0.012315 0.028566 0.013772 0.001609 0.448615 0.006311 1.626069
0.493978 0.011642 0.027395 0.013149 0.001569 0.445937 0.006331 1.627254
0.499013 0.010998 0.026264 0.012534 0.001535 0.443304 0.006351 1.628382
0.504051 0.010442 0.025145 0.011990 0.001494 0.440505 0.006374 1.629426
0.509070 0.009910 0.024098 0.011485 0.001459 0.437584 0.006394 1.630428
0.514076 0.009448 0.023088 0.010913 0.001427 0.434638 0.006412 1.631361
0.519065 0.009017 0.022098 0.010384 0.001399 0.431611 0.006426 1.632248
0.524024 0.008601 0.021198 0.009876 0.001373 0.428486 0.006443 1.633106
0.528980 0.008198 0.020275 0.009365 0.001354 0.425375 0.006454 1.633914
0.533882 0.007834 0.019417 0.008910 0.001319 0.422164 0.006474 1.634677
0.538655 0.007490 0.018604 0.008506 0.001289 0.418967 0.006489 1.635447
0.543555 0.007168 0.017801 0.008129 0.001256 0.415586 0.006506 1.636139
0.548384 0.006847 0.017075 0.007734 0.001232 0.412206 0.006521 1.636846
0.553104 0.006583 0.016388 0.007390 0.001194 0.408803 0.006537 1.637512
0.557822 0.006304 0.015725 0.007019 0.001164 0.405408 0.006558 1.638168
0.562550 0.006044 0.015068 0.006701 0.001139 0.401925 0.006574 1.638792
0.567176 0.005849 0.014460 0.006366 0.001108 0.398452 0.006588 1.639345
0.571684 0.005695 0.013847 0.006074 0.001077 0.395019 0.006604 1.639884
0.576350 0.005470 0.013295 0.005819 0.001055 0.391396 0.006616 1.640456
0.580902 0.005287 0.012751 0.005528 0.001020 0.387884 0.006629 1.640980
0.585435 0.005132 0.012186 0.005285 0.000994 0.384324 0.006643 1.641482
0.589804 0.004976 0.011680 0.005060 0.000976 0.380850 0.006653 1.641988
0.594218 0.004789 0.011251 0.004838 0.000952 0.377288 0.006664 1.642482
0.598589 0.004642 0.010773 0.004642 0.000924 0.373754 0.006677 1.642948
0.602900 0.004516 0.010336 0.004451 0.000908 0.370203 0.006686 1.643387
0.607139 0.004405 0.009882 0.004252 0.000888 0.366738 0.006695 1.643796
0.611528 0.004250 0.009451 0.004078 0.000863 0.363122 0.006707 1.644224
0.615681 0.004130 0.009077 0.003879 0.000844 0.359667 0.006720 1.644641
0.619822 0.004015 0.008757 0.003717 0.000826 0.356134 0.006730 1.645045
0.623912 0.003935 0.008391 0.003546 0.000803 0.352672 0.006741 1.645407
0.628021 0.003845 0.008073 0.003389 0.000777 0.349145 0.006750 1.645767
0.632038 0.003725 0.007743 0.003276 0.000754 0.345703 0.006760 1.646144
0.636091 0.003623 0.007451 0.003129 0.000732 0.342206 0.006769 1.646506
0.640174 0.003506 0.007171 0.003023 0.000712 0.338636 0.006778 1.646866
0.644138 0.003388 0.006924 0.002904 0.000689 0.335168 0.006788 1.647228
0.648050 0.003328 0.006712 0.002775 0.000676 0.331663 0.006796 1.647567
0.651877 0.003260 0.006449 0.002647 0.000655 0.328311 0.006801 1.647871
0.655646 0.003190 0.006214 0.002551 0.000637 0.324956 0.006807 1.648188
0.659547 0.003110 0.006012 0.002461 0.000614 0.321439 0.006817 1.648487
0.663232 0.003040 0.005838 0.002375 0.000592 0.318099 0.006824 1.648811
0.666904 0.002974 0.005651 0.002272 0.000575 0.314791 0.006834 1.649109
0.670588 0.002921 0.005455 0.002189 0.000560 0.311447 0.006841 1.649388
0.674192 0.002873 0.005269 0.002113 0.000542 0.308163 0.006848 1.649672
0.677812 0.002830 0.005087 0.002034 0.000526 0.304856 0.006855 1.649947
0.681345 0.002781 0.004898 0.001976 0.000504 0.301631 0.006865 1.650212
0.684820 0.002727 0.004721 0.001910 0.000495 0.298457 0.006870 1.650479
0.688310 0.002699 0.004546 0.001846 0.000476 0.295246 0.006878 1.650726
0.691738 0.002642 0.004437 0.001775 0.000458 0.292063 0.006887 1.650990
0.695152 0.002593 0.004330 0.001724 0.000450 0.288860 0.006892 1.651247
0.698599 0.002541 0.004184 0.001675 0.000436 0.285668 0.006899 1.651490
0.702023 0.002494 0.004067 0.001622 0.000420 0.282469 0.006903 1.651734
0.705333 0.002444 0.003975 0.001562 0.000413 0.279364 0.006910 1.651984
0.708684 0.002387 0.003862 0.001512 0.000402 0.276239 0.006914 1.652219
0.711930 0.002341 0.003763 0.001469 0.000387 0.273190 0.006921 1.652458
0.715197 0.002286 0.003658 0.001434 0.000371 0.270128 0.006926 1.652684
0.718310 0.002240 0.003585 0.001408 0.000361 0.267163 0.006932 1.652922
0.721434 0.002225 0.003461 0.001361 0.000350 0.264235 0.006935 1.653126
0.724534 0.002207 0.003359 0.001315 0.000334 0.261312 0.006940 1.653341
0.727660 0.002158 0.003295 0.001280 0.000324 0.258339 0.006943 1.653563
0.730652 0.002141 0.003198 0.001226 0.000318 0.255519 0.006946 1.653757
0.733690 0.002107 0.003116 0.001210 0.000308 0.252617 0.006952 1.653973
0.736629 0.002082 0.003039 0.001184 0.000300 0.249809 0.006957 1.654169
0.739552 0.002045 0.002946 0.001169 0.000286 0.247040 0.006961 1.654378
0.742394 0.002003 0.002883 0.001132 0.000278 0.244344 0.006965 1.654584
0.745256 0.001981 0.002827 0.001111 0.000269 0.241589 0.006968 1.654776
0.748114 0.001959 0.002759 0.001094 0.000257 0.238847 0.006970 1.654964
0.750932 0.001941 0.002716 0.001053 0.000249 0.236136 0.006974 1.655152
0.753679 0.001903 0.002662 0.001044 0.000237 0.233497 0.006977 1.655354
0.756367 0.001885 0.002593 0.001027 0.000229 0.230917 0.006982 1.655537
0.759021 0.001857 0.002535 0.001008 0.000221 0.228373 0.006985 1.655721
0.761650 0.001841 0.002489 0.000992 0.000211 0.225828 0.006990 1.655897
0.764318 0.001830 0.002433 0.000971 0.000204 0.223252 0.006994 1.656079
0.767023 0.001791 0.002386 0.000959 0.000201 0.220643 0.006996 1.656259
0.769667 0.001768 0.002336 0.000939 0.000189 0.218100 0.007000 1.656427
0.772277 0.001738 0.002298 0.000909 0.000182 0.215594 0.007003 1.656589
0.774821 0.001727 0.002252 0.000899 0.000177 0.213118 0.007006 1.656757
0.777340 0.001710 0.002220 0.000882 0.000170 0.210671 0.007007 1.656916
0.779819 0.001686 0.002177 0.000861 0.000166 0.208283 0.007009 1.657086
0.782335 0.001671 0.002129 0.000841 0.000160 0.205854 0.007011 1.657242
0.784706 0.001647 0.002103 0.000841 0.000154 0.203538 0.007011 1.657416
0.787089 0.001629 0.002077 0.000817 0.000145 0.201229 0.007014 1.657573
0.789445 0.001614 0.002039 0.000799 0.000139 0.198948 0.007016 1.657726
0.791760 0.001604 0.002025 0.000789 0.000134 0.196670 0.007018 1.657890
0.794071 0.001592 0.001983 0.000773 0.000131 0.194431 0.007020 1.658040
0.796416 0.001571 0.001969 0.000757 0.000126 0.192140 0.007021 1.658195
0.798691 0.001563 0.001924 0.000741 0.000120 0.189937 0.007024 1.658340
0.800883 0.001537 0.001912 0.000734 0.000118 0.187792 0.007024 1.658495
0.803088 0.001512 0.001891 0.000722 0.000118 0.185644 0.007025 1.658654
0.805246 0.001494 0.001885 0.000724 0.000113 0.183511 0.007027 1.658817
0.807407 0.001492 0.001861 0.000700 0.000111 0.181401 0.007028 1.658956
0.809529 0.001486 0.001835 0.000699 0.000109 0.179311 0.007030 1.659102
0.811567 0.001465 0.001815 0.000690 0.000105 0.177327 0.007031 1.659252
0.813646 0.001435 0.001784 0.000700 0.000102 0.175300 0.007033 1.659419
0.815670 0.001417 0.001772 0.000691 0.000100 0.173317 0.007033 1.659566
0.817713 0.001406 0.001735 0.000680 0.000095 0.171336 0.007037 1.659705
0.819688 0.001385 0.001721 0.000675 0.000092 0.169401 0.007038 1.659842
0.821678 0.001366 0.001709 0.000666 0.000089 0.167453 0.007039 1.659983
0.823630 0.001336 0.001700 0.000654 0.000086 0.165554 0.007040 1.660129
0.825582 0.001310 0.001675 0.000650 0.000082 0.163658 0.007043 1.660270
0.827517 0.001319 0.001629 0.000641 0.000080 0.161772 0.007044 1.660391
0.829343 0.001303 0.001612 0.000625 0.000081 0.159993 0.007044 1.660532
0.831190 0.001310 0.001592 0.000618 0.000081 0.158164 0.007045 1.660662
0.833055 0.001313 0.001559 0.000613 0.000080 0.156335 0.007046 1.660789
0.834823 0.001302 0.001532 0.000608 0.000078 0.154610 0.007048 1.660911
0.836636 0.001329 0.001496 0.000601 0.000075 0.152814 0.007049 1.661022
0.838367 0.001319 0.001484 0.000592 0.000074 0.151114 0.007050 1.661149
0.840147 0.001303 0.001472 0.000587 0.000071 0.149370 0.007050 1.661283
0.841902 0.001271 0.001449 0.000593 0.000069 0.147665 0.007051 1.661414
0.843642 0.001252 0.001451 0.000587 0.000068 0.145948 0.007052 1.661551
0.845329 0.001242 0.001451 0.000584 0.000064 0.144277 0.007053 1.661686
0.846977 0.001254 0.001427 0.000576 0.000064 0.142647 0.007055 1.661801
0.848604 0.001244 0.001407 0.000574 0.000062 0.141053 0.007057 1.661927
0.850222 0.001250 0.001402 0.000565 0.000059 0.139444 0.007057 1.662049
0.851815 0.001239 0.001391 0.000568 0.000059 0.137870 0.007057 1.662168
0.853420 0.001222 0.001380 0.000565 0.000057 0.136297 0.007058 1.662290
0.855003 0.001206 0.001370 0.000570 0.000055 0.134739 0.007058 1.662408
0.856557 0.001208 0.001355 0.000553 0.000053 0.133216 0.007059 1.662527
0.858021 0.001199 0.001341 0.000541 0.000051 0.131785 0.007061 1.662650
0.859469 0.001188 0.001320 0.000542 0.000051 0.130369 0.007062 1.662770
0.860979 0.001185 0.001309 0.000537 0.000049 0.128878 0.007062 1.662880
0.862475 0.001173 0.001298 0.000529 0.000047 0.127417 0.007063 1.662990
0.863960 0.001167 0.001289 0.000526 0.000046 0.125950 0.007063 1.663106
0.865396 0.001166 0.001277 0.000514 0.000043 0.124542 0.007064 1.663222
0.866797 0.001177 0.001270 0.000502 0.000044 0.123146 0.007065 1.663337
0.868192 0.001184 0.001258 0.000496 0.000044 0.121761 0.007065 1.663447
0.869615 0.001176 0.001242 0.000502 0.000043 0.120357 0.007065 1.663556
0.871005 0.001145 0.001247 0.000509 0.000042 0.118986 0.007066 1.663687
0.872341 0.001150 0.001245 0.000503 0.000040 0.117655 0.007066 1.663794
0.873644 0.001143 0.001253 0.000498 0.000039 0.116355 0.007067 1.663913
0.874913 0.001143 0.001260 0.000492 0.000041 0.115084 0.007067 1.664030
0.876184 0.001148 0.001247 0.000485 0.000040 0.113830 0.007067 1.664144
0.877468 0.001137 0.001241 0.000477 0.000041 0.112568 0.007068 1.664258
0.878688 0.001156 0.001245 0.000471 0.000041 0.111331 0.007068 1.664365
0.879943 0.001157 0.001249 0.000455 0.000040 0.110088 0.007069 1.664482
0.881165 0.001163 0.001236 0.000443 0.000039 0.108884 0.007070 1.664590
0.882336 0.001182 0.001231 0.000444 0.000038 0.107699 0.007071 1.664699
0.883497 0.001186 0.001229 0.000447 0.000037 0.106533 0.007071 1.664818
0.884695 0.001189 0.001216 0.000451 0.000036 0.105342 0.007072 1.664930
0.885901 0.001185 0.001200 0.000451 0.000037 0.104156 0.007072 1.665041
0.887032 0.001182 0.001186 0.000444 0.000037 0.103046 0.007072 1.665151
0.888170 0.001185 0.001155 0.000454 0.000036 0.101928 0.007072 1.665264
0.889273 0.001165 0.001158 0.000451 0.000034 0.100847 0.007073 1.665394
0.890405 0.001147 0.001153 0.000445 0.000033 0.099745 0.007073 1.665509
0.891459 0.001144 0.001131 0.000451 0.000032 0.098710 0.007074 1.665617
0.892501 0.001134 0.001128 0.000455 0.000032 0.097676 0.007074 1.665733
0.893544 0.001121 0.001133 0.000455 0.000032 0.096642 0.007074 1.665853
0.894572 0.001110 0.001140 0.000466 0.000032 0.095606 0.007074 1.665971
0.895579 0.001117 0.001122 0.000457 0.000031 0.094620 0.007074 1.666070
0.896559 0.001089 0.001133 0.000459 0.000031 0.093655 0.007074 1.666191
0.897569 0.001082 0.001144 0.000462 0.000029 0.092641 0.007075 1.666311
0.898572 0.001068 0.001141 0.000460 0.000029 0.091656 0.007075 1.666424
0.899576 0.001082 0.001121 0.000446 0.000028 0.090674 0.007075 1.666520
0.900531 0.001079 0.001127 0.000443 0.000027 0.089719 0.007075 1.666631
0.901424 0.001095 0.001117 0.000443 0.000028 0.088818 0.007075 1.666726
0.902294 0.001080 0.001115 0.000447 0.000027 0.087962 0.007075 1.666842
0.903167 0.001091 0.001117 0.000454 0.000024 0.087073 0.007075 1.666952
0.904070 0.001099 0.001119 0.000446 0.000025 0.086165 0.007076 1.667058
0.904918 0.001105 0.001123 0.000449 0.000025 0.085304 0.007076 1.667166
0.905783 0.001107 0.001131 0.000443 0.000024 0.084434 0.007076 1.667274
0.906627 0.001130 0.001113 0.000438 0.000023 0.083592 0.007076 1.667374
0.907490 0.001132 0.001099 0.000441 0.000023 0.082738 0.007076 1.667482
0.908328 0.001121 0.001105 0.000435 0.000024 0.081913 0.007076 1.667593
0.909145 0.001116 0.001110 0.000436 0.000022 0.081094 0.007076 1.667703
0.909921 0.001134 0.001107 0.000436 0.000022 0.080303 0.007077 1.667810
0.910740 0.001130 0.001113 0.000437 0.000025 0.079479 0.007077 1.667929
0.911509 0.001121 0.001107 0.000436 0.000023 0.078727 0.007078 1.668042
0.912240 0.001121 0.001113 0.000446 0.000020 0.077982 0.007079 1.668156
0.912986 0.001127 0.001116 0.000437 0.000021 0.077235 0.007079 1.668267
0.913714 0.001128 0.001127 0.000431 0.000021 0.076500 0.007079 1.668377
0.914425 0.001118 0.001127 0.000435 0.000020 0.075795 0.007079 1.668498
0.915130 0.001130 0.001127 0.000437 0.000019 0.075078 0.007079 1.668608
0.915829 0.001141 0.001120 0.000430 0.000020 0.074381 0.007079 1.668713
0.916534 0.001139 0.001130 0.000433 0.000018 0.073665 0.007081 1.668828
0.917234 0.001135 0.001126 0.000441 0.000018 0.072965 0.007081 1.668949
0.917900 0.001127 0.001130 0.000456 0.000017 0.072288 0.007081 1.669064
0.918567 0.001133 0.001130 0.000449 0.000017 0.071622 0.007081 1.669171
0.919233 0.001139 0.001131 0.000453 0.000019 0.070944 0.007081 1.669276
0.919866 0.001157 0.001129 0.000449 0.000019 0.070299 0.007081 1.669386
0.920466 0.001165 0.001116 0.000457 0.000019 0.069695 0.007081 1.669509
0.921095 0.001170 0.001110 0.000455 0.000020 0.069068 0.007081 1.669623
0.921673 0.001169 0.001123 0.000456 0.000019 0.068478 0.007082 1.669745
0.922304 0.001182 0.001095 0.000449 0.000020 0.067867 0.007083 1.669848
0.922873 0.001190 0.001085 0.000459 0.000019 0.067291 0.007083 1.669968
0.923451 0.001198 0.001089 0.000457 0.000020 0.066702 0.007083 1.670075
0.923998 0.001217 0.001096 0.000457 0.000019 0.066128 0.007084 1.670183
0.924561 0.001230 0.001089 0.000456 0.000019 0.065562 0.007084 1.670293
0.925102 0.001227 0.001101 0.000462 0.000018 0.065006 0.007084 1.670427
0.925671 0.001216 0.001123 0.000468 0.000019 0.064419 0.007084 1.670562
0.926239 0.001214 0.001143 0.000465 0.000019 0.063836 0.007084 1.670693
0.926745 0.001211 0.001154 0.000470 0.000019 0.063317 0.007084 1.670827
0.927249 0.001213 0.001155 0.000474 0.000019 0.062806 0.007084 1.670948
0.927763 0.001209 0.001169 0.000472 0.000020 0.062281 0.007084 1.671082
0.928269 0.001216 0.001191 0.000476 0.000020 0.061745 0.007084 1.671207
0.928749 0.001239 0.001176 0.000474 0.000019 0.061258 0.007084 1.671317
0.929214 0.001237 0.001190 0.000485 0.000020 0.060770 0.007085 1.671452
0.929695 0.001252 0.001192 0.000486 0.000020 0.060269 0.007085 1.671571
0.930169 0.001244 0.001201 0.000479 0.000020 0.059802 0.007085 1.671703
0.930638 0.001243 0.001198 0.000478 0.000021 0.059338 0.007085 1.671834
0.931108 0.001253 0.001183 0.000486 0.000021 0.058863 0.007085 1.671955
0.931549 0.001256 0.001177 0.000484 0.000018 0.058431 0.007085 1.672072
0.931988 0.001244 0.001179 0.000494 0.000018 0.057992 0.007086 1.672209
0.932437 0.001247 0.001179 0.000498 0.000018 0.057535 0.007086 1.672330
0.932873 0.001249 0.001176 0.000499 0.000017 0.057098 0.007087 1.672457
0.933275 0.001277 0.001167 0.000493 0.000017 0.056682 0.007087 1.672558
0.933682 0.001281 0.001174 0.000497 0.000017 0.056262 0.007087 1.672680
0.934051 0.001295 0.001156 0.000503 0.000018 0.055890 0.007087 1.672805
0.934446 0.001300 0.001153 0.000505 0.000018 0.055490 0.007087 1.672932
0.934818 0.001319 0.001152 0.000508 0.000018 0.055097 0.007087 1.673055
0.935183 0.001334 0.001163 0.000495 0.000019 0.054719 0.007087 1.673174
0.935547 0.001317 0.001183 0.000501 0.000018 0.054345 0.007088 1.673315
0.935895 0.001312 0.001200 0.000506 0.000019 0.053980 0.007088 1.673451
0.936215 0.001325 0.001208 0.000506 0.000020 0.053639 0.007088 1.673586
0.936541 0.001323 0.001224 0.000511 0.000020 0.053292 0.007088 1.673722
0.936866 0.001318 0.001221 0.000537 0.000021 0.052948 0.007088 1.673862
0.937191 0.001325 0.001224 0.000537 0.000020 0.052616 0.007088 1.674003
0.937528 0.001327 0.001242 0.000545 0.000020 0.052249 0.007088 1.674141
0.937882 0.001339 0.001250 0.000529 0.000021 0.051890 0.007088 1.674263
0.938231 0.001347 0.001241 0.000523 0.000020 0.051549 0.007088 1.674384
0.938569 0.001348 0.001245 0.000526 0.000020 0.051202 0.007089 1.674513
0.938883 0.001348 0.001259 0.000532 0.000019 0.050869 0.007089 1.674645
0.939194 0.001344 0.001268 0.000541 0.000018 0.050545 0.007089 1.674782
0.939498 0.001348 0.001275 0.000537 0.000018 0.050235 0.007089 1.674913
0.939810 0.001339 0.001281 0.000537 0.000019 0.049923 0.007090 1.675048
0.940077 0.001354 0.001276 0.000527 0.000018 0.049658 0.007090 1.675177
0.940331 0.001365 0.001282 0.000540 0.000019 0.049371 0.007090 1.675318
0.940621 0.001372 0.001296 0.000543 0.000020 0.049058 0.007091 1.675459
0.940893 0.001386 0.001299 0.000536 0.000020 0.048774 0.007091 1.675581
0.941162 0.001396 0.001296 0.000540 0.000020 0.048496 0.007091 1.675723
0.941415 0.001401 0.001295 0.000540 0.000020 0.048237 0.007091 1.675858
0.941677 0.001417 0.001310 0.000535 0.000019 0.047952 0.007091 1.675997
0.941918 0.001420 0.001319 0.000536 0.000018 0.047698 0.007091 1.676130
0.942147 0.001420 0.001331 0.000546 0.000018 0.047447 0.007091 1.676279
0.942372 0.001429 0.001359 0.000545 0.000017 0.047187 0.007091 1.676424
0.942630 0.001429 0.001355 0.000551 0.000016 0.046927 0.007091 1.676564
0.942851 0.001447 0.001363 0.000563 0.000016 0.046668 0.007092 1.676704
0.943099 0.001456 0.001366 0.000559 0.000015 0.046412 0.007092 1.676847
0.943311 0.001462 0.001380 0.000570 0.000015 0.046168 0.007092 1.676999
0.943546 0.001478 0.001378 0.000563 0.000016 0.045926 0.007092 1.677139
0.943782 0.001473 0.001388 0.000583 0.000016 0.045665 0.007093 1.677294
0.943973 0.001484 0.001382 0.000584 0.000016 0.045468 0.007093 1.677447
0.944188 0.001476 0.001388 0.000581 0.000014 0.045258 0.007093 1.677601
0.944391 0.001475 0.001400 0.000592 0.000014 0.045036 0.007093 1.677765
0.944585 0.001482 0.001389 0.000588 0.000015 0.044848 0.007093 1.677909
0.944778 0.001515 0.001392 0.000587 0.000015 0.044619 0.007094 1.678044
0.945017 0.001489 0.001419 0.000591 0.000015 0.044376 0.007094 1.678203
0.945207 0.001486 0.001422 0.000597 0.000016 0.044177 0.007094 1.678354
0.945388 0.001489 0.001431 0.000596 0.000017 0.043985 0.007094 1.678498
0.945583 0.001487 0.001435 0.000595 0.000017 0.043788 0.007094 1.678646
0.945743 0.001505 0.001435 0.000576 0.000017 0.043630 0.007094 1.678790
0.945897 0.001511 0.001457 0.000578 0.000017 0.043445 0.007094 1.678951
0.946079 0.001513 0.001468 0.000576 0.000017 0.043250 0.007095 1.679098
0.946263 0.001518 0.001486 0.000584 0.000019 0.043035 0.007095 1.679260
0.946444 0.001532 0.001483 0.000576 0.000018 0.042852 0.007095 1.679405
0.946585 0.001557 0.001473 0.000576 0.000019 0.042694 0.007096 1.679548
0.946730 0.001572 0.001480 0.000579 0.000019 0.042523 0.007096 1.679696
0.946883 0.001585 0.001477 0.000585 0.000019 0.042354 0.007096 1.679844
0.946996 0.001600 0.001472 0.000582 0.000021 0.042234 0.007096 1.679998
0.947107 0.001610 0.001484 0.000593 0.000021 0.042089 0.007096 1.680165
0.947246 0.001632 0.001474 0.000590 0.000021 0.041940 0.007096 1.680317
0.947395 0.001619 0.001494 0.000595 0.000020 0.041780 0.007096 1.680488
0.947518 0.001640 0.001484 0.000603 0.000019 0.041640 0.007097 1.680648
0.947659 0.001648 0.001494 0.000602 0.000020 0.041479 0.007097 1.680808
0.947780 0.001662 0.001510 0.000599 0.000020 0.041332 0.007097 1.680974
0.947886 0.001684 0.001516 0.000600 0.000021 0.041196 0.007097 1.681127
0.947998 0.001678 0.001520 0.000616 0.000019 0.041073 0.007097 1.681294
0.948118 0.001690 0.001536 0.000610 0.000018 0.040931 0.007097 1.681456
0.948222 0.001712 0.001509 0.000615 0.000017 0.040828 0.007097 1.681606
0.948304 0.001726 0.001525 0.000623 0.000017 0.040709 0.007097 1.681780
0.948420 0.001734 0.001547 0.000627 0.000018 0.040558 0.007097 1.681952
0.948503 0.001760 0.001547 0.000635 0.000018 0.040439 0.007097 1.682116
0.948615 0.001786 0.001545 0.000643 0.000019 0.040295 0.007097 1.682283
0.948678 0.001808 0.001563 0.000642 0.000018 0.040193 0.007097 1.682457
0.948770 0.001808 0.001593 0.000636 0.000018 0.040077 0.007098 1.682643
0.948863 0.001809 0.001599 0.000643 0.000018 0.039968 0.007098 1.682814
0.948964 0.001813 0.001620 0.000649 0.000019 0.039838 0.007098 1.682994
0.949060 0.001819 0.001641 0.000650 0.000019 0.039713 0.007098 1.683178
0.949129 0.001833 0.001656 0.000656 0.000017 0.039610 0.007099 1.683353
0.949205 0.001850 0.001664 0.000662 0.000016 0.039502 0.007099 1.683526
0.949267 0.001883 0.001650 0.000660 0.000016 0.039424 0.007100 1.683693
0.949315 0.001894 0.001650 0.000670 0.000017 0.039353 0.007100 1.683880
0.949369 0.001899 0.001665 0.000684 0.000018 0.039265 0.007100 1.684071
0.949455 0.001875 0.001692 0.000689 0.000019 0.039170 0.007100 1.684280
0.949535 0.001862 0.001692 0.000701 0.000020 0.039091 0.007100 1.684474
0.949606 0.001873 0.001688 0.000700 0.000023 0.039010 0.007100 1.684650
0.949653 0.001907 0.001700 0.000697 0.000023 0.038920 0.007100 1.684828
0.949715 0.001904 0.001709 0.000711 0.000023 0.038837 0.007100 1.685028
0.949759 0.001914 0.001723 0.000715 0.000025 0.038764 0.007100 1.685219
0.949807 0.001936 0.001725 0.000707 0.000026 0.038699 0.007100 1.685397
0.949850 0.001938 0.001754 0.000706 0.000027 0.038625 0.007100 1.685594
0.949918 0.001942 0.001752 0.000698 0.000028 0.038562 0.007100 1.685779
0.949974 0.001961 0.001725 0.000707 0.000030 0.038502 0.007100 1.685955
0.950012 0.001973 0.001735 0.000704 0.000029 0.038446 0.007101 1.686146
0.950061 0.001967 0.001743 0.000711 0.000029 0.038389 0.007101 1.686349
0.950103 0.001965 0.001776 0.000726 0.000028 0.038302 0.007101 1.686551
0.950145 0.001981 0.001784 0.000736 0.000029 0.038223 0.007101 1.686747
0.950187 0.001993 0.001799 0.000737 0.000028 0.038155 0.007101 1.686938
0.950209 0.002021 0.001810 0.000742 0.000029 0.038088 0.007101 1.687134
0.950243 0.002014 0.001824 0.000742 0.000029 0.038047 0.007101 1.687354
0.950272 0.002014 0.001849 0.000737 0.000029 0.037997 0.007101 1.687554
0.950292 0.002021 0.001871 0.000732 0.000029 0.037953 0.007102 1.687754
0.950346 0.002003 0.001902 0.000738 0.000031 0.037880 0.007102 1.687970
0.950368 0.002021 0.001896 0.000742 0.000032 0.037839 0.007102 1.688175
0.950401 0.002042 0.001907 0.000737 0.000033 0.037778 0.007102 1.688370
0.950398 0.002069 0.001940 0.000743 0.000034 0.037713 0.007102 1.688577
0.950404 0.002100 0.001954 0.000750 0.000034 0.037655 0.007103 1.688774
0.950408 0.002117 0.001962 0.000758 0.000033 0.037617 0.007104 1.688984
0.950417 0.002133 0.001978 0.000757 0.000033 0.037578 0.007105 1.689195
0.950460 0.002142 0.001965 0.000766 0.000032 0.037530 0.007105 1.689390
0.950467 0.002152 0.001973 0.000776 0.000032 0.037495 0.007105 1.689593
0.950509 0.002150 0.001989 0.000773 0.000031 0.037443 0.007105 1.689805
0.950512 0.002137 0.002014 0.000782 0.000030 0.037419 0.007106 1.690032
0.950517 0.002151 0.002038 0.000792 0.000031 0.037365 0.007106 1.690241
0.950526 0.002140 0.002061 0.000790 0.000032 0.037345 0.007106 1.690465
0.950519 0.002165 0.002088 0.000790 0.000031 0.037302 0.007106 1.690676
0.950504 0.002155 0.002095 0.000801 0.000030 0.037309 0.007106 1.690906
0.950512 0.002159 0.002090 0.000807 0.000030 0.037296 0.007107 1.691121
0.950504 0.002162 0.002088 0.000809 0.000027 0.037301 0.007108 1.691338
0.950506 0.002190 0.002089 0.000800 0.000028 0.037280 0.007108 1.691541
0.950503 0.002218 0.002092 0.000802 0.000029 0.037248 0.007108 1.691744
0.950522 0.002221 0.002108 0.000795 0.000030 0.037213 0.007108 1.691964
0.950524 0.002216 0.002127 0.000794 0.000030 0.037202 0.007108 1.692195
0.950529 0.002218 0.002128 0.000800 0.000032 0.037184 0.007108 1.692409
0.950536 0.002201 0.002132 0.000811 0.000031 0.037180 0.007108 1.692635
0.950511 0.002221 0.002125 0.000809 0.000032 0.037195 0.007108 1.692851
0.950497 0.002231 0.002137 0.000810 0.000032 0.037184 0.007109 1.693073
0.950508 0.002217 0.002153 0.000819 0.000032 0.037162 0.007109 1.693298
0.950520 0.002227 0.002159 0.000817 0.000033 0.037135 0.007109 1.693515
0.950518 0.002248 0.002148 0.000826 0.000033 0.037117 0.007110 1.693719
0.950539 0.002255 0.002147 0.000830 0.000034 0.037084 0.007111 1.693933
0.950522 0.002259 0.002151 0.000837 0.000033 0.037087 0.007111 1.694157
0.950511 0.002266 0.002157 0.000839 0.000035 0.037080 0.007112 1.694384
0.950495 0.002272 0.002165 0.000849 0.000033 0.037075 0.007112 1.694608
0.950468 0.002277 0.002166 0.000855 0.000031 0.037090 0.007112 1.694832
0.950464 0.002270 0.002179 0.000863 0.000033 0.037079 0.007112 1.695070
0.950467 0.002289 0.002192 0.000863 0.000033 0.037044 0.007112 1.695282
0.950427 0.002290 0.002209 0.000859 0.000032 0.037069 0.007113 1.695517
0.950407 0.002309 0.002214 0.000864 0.000033 0.037059 0.007113 1.695743
0.950412 0.002313 0.002211 0.000873 0.000035 0.037042 0.007113 1.695964
0.950421 0.002305 0.002199 0.000878 0.000035 0.037048 0.007114 1.696185
0.950418 0.002307 0.002198 0.000873 0.000035 0.037054 0.007115 1.696403
0.950414 0.002325 0.002197 0.000874 0.000035 0.037039 0.007115 1.696618
0.950398 0.002348 0.002195 0.000874 0.000036 0.037034 0.007116 1.696830
0.950373 0.002339 0.002209 0.000873 0.000035 0.037054 0.007116 1.697067
0.950354 0.002365 0.002201 0.000864 0.000035 0.037063 0.007117 1.697284
0.950340 0.002359 0.002207 0.000876 0.000033 0.037067 0.007117 1.697524
0.950311 0.002356 0.002216 0.000879 0.000035 0.037085 0.007118 1.697754
0.950307 0.002349 0.002214 0.000884 0.000037 0.037092 0.007118 1.697992
0.950306 0.002359 0.002226 0.000878 0.000037 0.037076 0.007118 1.698222
0.950310 0.002348 0.002262 0.000875 0.000036 0.037051 0.007119 1.698456
0.950282 0.002356 0.002276 0.000882 0.000035 0.037049 0.007120 1.698692
0.950257 0.002350 0.002296 0.000882 0.000037 0.037058 0.007120 1.698931
0.950235 0.002347 0.002313 0.000880 0.000036 0.037067 0.007121 1.699174
0.950199 0.002367 0.002321 0.000882 0.000036 0.037074 0.007121 1.699405
0.950152 0.002384 0.002335 0.000879 0.000036 0.037094 0.007122 1.699635
0.950116 0.002392 0.002339 0.000884 0.000035 0.037113 0.007122 1.699873
0.950096 0.002392 0.002357 0.000889 0.000036 0.037108 0.007122 1.700123
0.950065 0.002415 0.002355 0.000892 0.000037 0.037115 0.007122 1.700354
0.950072 0.002397 0.002345 0.000889 0.000037 0.037138 0.007122 1.700582
0.950059 0.002406 0.002337 0.000884 0.000037 0.037154 0.007122 1.700805
0.950029 0.002398 0.002336 0.000906 0.000038 0.037169 0.007123 1.701053
0.950019 0.002406 0.002314 0.000908 0.000038 0.037192 0.007123 1.701277
0.950018 0.002380 0.002324 0.000913 0.000038 0.037204 0.007123 1.701530
0.949997 0.002354 0.002344 0.000917 0.000037 0.037228 0.007124 1.701774
0.949985 0.002363 0.002340 0.000924 0.000039 0.037226 0.007124 1.702008
0.949966 0.002363 0.002333 0.000932 0.000039 0.037244 0.007124 1.702242
0.949948 0.002369 0.002344 0.000933 0.000039 0.037243 0.007124 1.702470
0.949916 0.002368 0.002347 0.000932 0.000040 0.037273 0.007125 1.702704
0.949913 0.002369 0.002333 0.000924 0.000038 0.037298 0.007125 1.702926
0.949891 0.002367 0.002319 0.000918 0.000039 0.037341 0.007125 1.703160
0.949856 0.002381 0.002315 0.000935 0.000038 0.037349 0.007126 1.703395
0.949832 0.002390 0.002313 0.000929 0.000037 0.037374 0.007126 1.703621
0.949843 0.002373 0.002325 0.000932 0.000040 0.037363 0.007126 1.703862
0.949829 0.002374 0.002313 0.000936 0.000037 0.037383 0.007126 1.704103
0.949820 0.002367 0.002305 0.000943 0.000039 0.037400 0.007126 1.704330
0.949816 0.002355 0.002302 0.000933 0.000040 0.037425 0.007127 1.704558
0.949812 0.002367 0.002301 0.000933 0.000041 0.037418 0.007127 1.704784
0.949793 0.002368 0.002309 0.000926 0.000040 0.037435 0.007128 1.705026
0.949804 0.002380 0.002336 0.000934 0.000038 0.037379 0.007129 1.705261
0.949784 0.002351 0.002349 0.000949 0.000037 0.037400 0.007130 1.705511
0.949762 0.002356 0.002362 0.000952 0.000038 0.037403 0.007130 1.705740
0.949769 0.002331 0.002366 0.000943 0.000036 0.037423 0.007131 1.705971
0.949778 0.002326 0.002358 0.000946 0.000038 0.037423 0.007132 1.706197
0.949774 0.002316 0.002360 0.000937 0.000038 0.037443 0.007132 1.706424
0.949789 0.002283 0.002374 0.000944 0.000039 0.037438 0.007132 1.706660
0.949797 0.002291 0.002357 0.000941 0.000039 0.037441 0.007133 1.706871
0.949777 0.002313 0.002338 0.000931 0.000038 0.037468 0.007134 1.707085
0.949782 0.002313 0.002306 0.000928 0.000041 0.037495 0.007134 1.707292
0.949756 0.002330 0.002296 0.000926 0.000041 0.037515 0.007135 1.707518
0.949742 0.002314 0.002300 0.000918 0.000041 0.037549 0.007135 1.707760
0.949723 0.002317 0.002319 0.000909 0.000041 0.037555 0.007135 1.707993
0.949722 0.002295 0.002324 0.000921 0.000042 0.037560 0.007135 1.708240
0.949725 0.002300 0.002316 0.000916 0.000044 0.037564 0.007135 1.708467
0.949708 0.002318 0.002316 0.000910 0.000042 0.037569 0.007137 1.708689
0.949687 0.002321 0.002321 0.000912 0.000042 0.037580 0.007137 1.708918
0.949683 0.002306 0.002328 0.000906 0.000042 0.037599 0.007138 1.709151
0.949701 0.002306 0.002338 0.000890 0.000042 0.037586 0.007138 1.709379
0.949689 0.002294 0.002357 0.000884 0.000041 0.037597 0.007138 1.709613
0.949683 0.002294 0.002350 0.000890 0.000040 0.037604 0.007138 1.709843
0.949692 0.002299 0.002344 0.000871 0.000041 0.037613 0.007139 1.710067
0.949687 0.002294 0.002343 0.000882 0.000039 0.037613 0.007141 1.710296
0.949706 0.002303 0.002320 0.000888 0.000039 0.037601 0.007142 1.710505
0.949695 0.002323 0.002295 0.000884 0.000038 0.037623 0.007143 1.710718
0.949683 0.002329 0.002298 0.000882 0.000038 0.037628 0.007143 1.710941
0.949681 0.002328 0.002293 0.000881 0.000037 0.037637 0.007143 1.711163
0.949688 0.002316 0.002305 0.000889 0.000036 0.037624 0.007143 1.711396
0.949698 0.002331 0.002299 0.000885 0.000034 0.037610 0.007143 1.711600
0.949688 0.002339 0.002291 0.000893 0.000034 0.037613 0.007143 1.711830
0.949673 0.002355 0.002271 0.000892 0.000034 0.037631 0.007143 1.712054
0.949661 0.002357 0.002274 0.000905 0.000031 0.037627 0.007144 1.712286
0.949644 0.002365 0.002286 0.000887 0.000032 0.037642 0.007144 1.712514
0.949620 0.002399 0.002276 0.000896 0.000031 0.037635 0.007144 1.712731
0.949617 0.002395 0.002265 0.000905 0.000030 0.037644 0.007145 1.712958
0.949607 0.002393 0.002262 0.000907 0.000033 0.037656 0.007145 1.713187
0.949618 0.002376 0.002265 0.000902 0.000034 0.037660 0.007145 1.713419
0.949625 0.002373 0.002254 0.000904 0.000034 0.037664 0.007146 1.713646
0.949599 0.002387 0.002242 0.000898 0.000036 0.037692 0.007146 1.713867
0.949590 0.002376 0.002263 0.000900 0.000034 0.037690 0.007146 1.714110
0.949576 0.002391 0.002249 0.000907 0.000034 0.037697 0.007146 1.714328
0.949558 0.002390 0.002267 0.000907 0.000034 0.037697 0.007147 1.714554
0.949556 0.002378 0.002274 0.000918 0.000033 0.037693 0.007147 1.714796
0.949535 0.002404 0.002276 0.000923 0.000033 0.037681 0.007148 1.715016
0.949499 0.002422 0.002275 0.000933 0.000032 0.037691 0.007148 1.715257
0.949505 0.002424 0.002279 0.000944 0.000032 0.037668 0.007148 1.715491
0.949485 0.002409 0.002298 0.000942 0.000033 0.037685 0.007148 1.715734
0.949482 0.002382 0.002309 0.000960 0.000032 0.037687 0.007148 1.715988
0.949477 0.002392 0.002304 0.000952 0.000031 0.037695 0.007149 1.716213
0.949494 0.002358 0.002298 0.000963 0.000033 0.037705 0.007149 1.716463
0.949479 0.002345 0.002311 0.000977 0.000032 0.037707 0.007150 1.716706
0.949467 0.002368 0.002301 0.000971 0.000030 0.037712 0.007151 1.716925
0.949463 0.002359 0.002306 0.000966 0.000031 0.037724 0.007151 1.717164
0.949442 0.002377 0.002316 0.000965 0.000030 0.037720 0.007151 1.717395
0.949459 0.002383 0.002290 0.000967 0.000030 0.037719 0.007152 1.717615
0.949439 0.002379 0.002313 0.000960 0.000029 0.037726 0.007153 1.717865
0.949421 0.002366 0.002327 0.000950 0.000030 0.037754 0.007153 1.718108
0.949423 0.002345 0.002338 0.000949 0.000030 0.037762 0.007153 1.718352
0.949425 0.002329 0.002336 0.000946 0.000028 0.037781 0.007155 1.718579
0.949415 0.002333 0.002320 0.000943 0.000029 0.037804 0.007156 1.718799
0.949401 0.002325 0.002330 0.000938 0.000029 0.037820 0.007156 1.719029
0.949397 0.002309 0.002336 0.000940 0.000029 0.037832 0.007156 1.719261
0.949404 0.002308 0.002341 0.000922 0.000031 0.037837 0.007157 1.719496
0.949384 0.002312 0.002350 0.000913 0.000033 0.037852 0.007157 1.719727
0.949400 0.002331 0.002332 0.000900 0.000033 0.037846 0.007158 1.719932
0.949383 0.002332 0.002336 0.000891 0.000033 0.037867 0.007158 1.720158
0.949411 0.002320 0.002342 0.000895 0.000032 0.037843 0.007159 1.720381
0.949404 0.002326 0.002321 0.000893 0.000033 0.037864 0.007160 1.720597
0.949407 0.002342 0.002298 0.000898 0.000031 0.037865 0.007160 1.720810
0.949387 0.002339 0.002313 0.000906 0.000030 0.037864 0.007161 1.721048
0.949378 0.002315 0.002322 0.000909 0.000031 0.037884 0.007161 1.721290
0.949376 0.002321 0.002302 0.000905 0.000030 0.037905 0.007162 1.721513
0.949387 0.002309 0.002290 0.000910 0.000030 0.037912 0.007162 1.721747
0.949359 0.002298 0.002311 0.000908 0.000032 0.037930 0.007162 1.721986
0.949350 0.002297 0.002300 0.000917 0.000030 0.037943 0.007163 1.722210
0.949373 0.002289 0.002301 0.000919 0.000032 0.037924 0.007163 1.722439
0.949381 0.002256 0.002310 0.000923 0.000031 0.037936 0.007163 1.722686
0.949392 0.002240 0.002304 0.000923 0.000031 0.037947 0.007163 1.722909
0.949401 0.002253 0.002290 0.000916 0.000031 0.037947 0.007163 1.723132
0.949411 0.002253 0.002289 0.000900 0.000031 0.037954 0.007163 1.723346
0.949390 0.002278 0.002287 0.000899 0.000033 0.037951 0.007163 1.723559
0.949359 0.002287 0.002301 0.000904 0.000032 0.037955 0.007163 1.723791
0.949366 0.002279 0.002307 0.000899 0.000031 0.037954 0.007164 1.724017
0.949377 0.002278 0.002308 0.000898 0.000031 0.037946 0.007164 1.724238
0.949384 0.002278 0.002296 0.000903 0.000033 0.037943 0.007164 1.724456
0.949380 0.002281 0.002284 0.000898 0.000032 0.037962 0.007164 1.724673
0.949365 0.002293 0.002275 0.000891 0.000034 0.037979 0.007165 1.724891
0.949381 0.002299 0.002249 0.000884 0.000033 0.037990 0.007165 1.725106
0.949420 0.002283 0.002242 0.000884 0.000036 0.037972 0.007165 1.725323
0.949421 0.002281 0.002260 0.000882 0.000035 0.037957 0.007165 1.725547
0.949414 0.002293 0.002265 0.000879 0.000035 0.037949 0.007166 1.725771
0.949421 0.002293 0.002247 0.000881 0.000035 0.037959 0.007166 1.725988
0.949412 0.002286 0.002250 0.000875 0.000035 0.037977 0.007167 1.726225
0.949438 0.002252 0.002256 0.000882 0.000034 0.037973 0.007167 1.726456
0.949459 0.002248 0.002252 0.000881 0.000034 0.037960 0.007167 1.726677
0.949488 0.002237 0.002249 0.000878 0.000034 0.037947 0.007168 1.726883
0.949497 0.002232 0.002244 0.000874 0.000035 0.037950 0.007169 1.727116
0.949514 0.002235 0.002225 0.000869 0.000035 0.037953 0.007169 1.727322
0.949545 0.002211 0.002221 0.000868 0.000038 0.037949 0.007169 1.727548
0.949567 0.002210 0.002207 0.000872 0.000036 0.037939 0.007169 1.727748
0.949587 0.002206 0.002195 0.000870 0.000034 0.037937 0.007171 1.727964
0.949594 0.002210 0.002189 0.000864 0.000034 0.037938 0.007171 1.728159
0.949605 0.002187 0.002210 0.000859 0.000033 0.037936 0.007171 1.728389
0.949609 0.002153 0.002220 0.000863 0.000031 0.037952 0.007172 1.728625
0.949604 0.002142 0.002220 0.000857 0.000030 0.037974 0.007173 1.728846
0.949615 0.002159 0.002209 0.000853 0.000030 0.037961 0.007173 1.729047
0.949596 0.002151 0.002212 0.000848 0.000029 0.037992 0.007173 1.729274
0.949625 0.002136 0.002187 0.000854 0.000033 0.037994 0.007173 1.729484
0.949633 0.002145 0.002181 0.000843 0.000034 0.037992 0.007173 1.729691
0.949634 0.002166 0.002162 0.000838 0.000034 0.037994 0.007173 1.729888
0.949651 0.002192 0.002156 0.000827 0.000035 0.037967 0.007173 1.730073
0.949652 0.002185 0.002156 0.000839 0.000033 0.037962 0.007173 1.730293
0.949659 0.002175 0.002152 0.000848 0.000035 0.037958 0.007173 1.730510
0.949663 0.002197 0.002147 0.000848 0.000034 0.037938 0.007174 1.730704
0.949675 0.002207 0.002133 0.000842 0.000035 0.037934 0.007174 1.730905
0.949692 0.002203 0.002149 0.000849 0.000032 0.037901 0.007175 1.731131
0.949726 0.002169 0.002146 0.000850 0.000032 0.037902 0.007175 1.731348
0.949767 0.002149 0.002141 0.000837 0.000030 0.037901 0.007175 1.731560
0.949797 0.002113 0.002155 0.000827 0.000030 0.037902 0.007176 1.731785
0.949825 0.002117 0.002136 0.000812 0.000032 0.037903 0.007177 1.731971
0.949847 0.002114 0.002138 0.000810 0.000031 0.037884 0.007177 1.732178
0.949873 0.002114 0.002128 0.000817 0.000031 0.037860 0.007178 1.732386
0.949884 0.002103 0.002147 0.000811 0.000030 0.037846 0.007179 1.732606
0.949909 0.002098 0.002130 0.000813 0.000031 0.037841 0.007179 1.732819
0.949957 0.002079 0.002123 0.000819 0.000032 0.037811 0.007179 1.733029
0.949987 0.002056 0.002116 0.000814 0.000032 0.037816 0.007180 1.733244
0.950033 0.002054 0.002106 0.000804 0.000031 0.037792 0.007180 1.733437
0.950079 0.002057 0.002092 0.000809 0.000029 0.037755 0.007180 1.733628
0.950122 0.002037 0.002066 0.000810 0.000031 0.037755 0.007180 1.733818
0.950145 0.002028 0.002076 0.000812 0.000032 0.037728 0.007180 1.734034
0.950178 0.002013 0.002071 0.000791 0.000032 0.037735 0.007181 1.734232
0.950191 0.001995 0.002072 0.000796 0.000032 0.037734 0.007181 1.734441
0.950222 0.001997 0.002044 0.000809 0.000034 0.037715 0.007181 1.734636
0.950250 0.002000 0.002037 0.000800 0.000034 0.037699 0.007182 1.734830
0.950273 0.001994 0.002005 0.000807 0.000033 0.037705 0.007182 1.735032
0.950298 0.002007 0.002002 0.000793 0.000034 0.037686 0.007183 1.735223
0.950314 0.002012 0.001986 0.000796 0.000032 0.037676 0.007183 1.735414
0.950346 0.002013 0.001982 0.000788 0.000033 0.037656 0.007183 1.735607
0.950392 0.002031 0.001982 0.000781 0.000032 0.037597 0.007184 1.735778
0.950432 0.002020 0.001993 0.000779 0.000032 0.037560 0.007184 1.735983
0.950453 0.001984 0.002014 0.000785 0.000033 0.037547 0.007184 1.736201
0.950475 0.001988 0.002010 0.000777 0.000033 0.037535 0.007184 1.736394
0.950517 0.002002 0.001993 0.000769 0.000033 0.037502 0.007185 1.736572
0.950546 0.002010 0.001969 0.000764 0.000034 0.037494 0.007185 1.736751
0.950562 0.002009 0.001955 0.000775 0.000034 0.037481 0.007185 1.736948
0.950589 0.002017 0.001957 0.000785 0.000033 0.037435 0.007186 1.737135
0.950608 0.002008 0.001955 0.000783 0.000033 0.037427 0.007186 1.737326
0.950636 0.001998 0.001946 0.000781 0.000032 0.037421 0.007187 1.737531
0.950677 0.002006 0.001953 0.000779 0.000032 0.037367 0.007187 1.737718
0.950697 0.002005 0.001950 0.000774 0.000033 0.037354 0.007187 1.737915
0.950734 0.002003 0.001961 0.000770 0.000033 0.037312 0.007188 1.738109
0.950755 0.002008 0.001949 0.000771 0.000033 0.037296 0.007188 1.738295
0.950782 0.002001 0.001956 0.000773 0.000034 0.037267 0.007188 1.738498
