0.347909 0.061902 0.055755 0.031732 0.002129 0.494634 0.005938 1.620213
0.350477 0.059563 0.055667 0.031575 0.002135 0.494615 0.005968 1.626174
0.353787 0.056644 0.055494 0.031278 0.002134 0.494668 0.005994 1.631886
0.357621 0.053535 0.055213 0.030819 0.002112 0.494670 0.006031 1.637271
0.361969 0.050270 0.054792 0.030251 0.002116 0.494542 0.006060 1.642407
0.366593 0.047110 0.054159 0.029635 0.002105 0.494311 0.006089 1.647170
0.371366 0.044145 0.053403 0.028930 0.002086 0.493952 0.006118 1.651605
0.376154 0.041143 0.052551 0.028189 0.002078 0.493744 0.006141 1.655844
0.381115 0.038366 0.051569 0.027482 0.002056 0.493243 0.006168 1.659783
0.386246 0.035868 0.050431 0.026597 0.002041 0.492619 0.006199 1.663378
0.391438 0.033375 0.049306 0.025714 0.002024 0.491918 0.006226 1.666818
0.396697 0.031012 0.048125 0.024918 0.002021 0.490969 0.006258 1.670055
0.402027 0.028894 0.046767 0.024027 0.002017 0.489986 0.006282 1.673033
0.407407 0.027019 0.045389 0.023184 0.001995 0.488700 0.006307 1.675726
0.412780 0.025267 0.043996 0.022291 0.001982 0.487359 0.006326 1.678244
0.418153 0.023594 0.042575 0.021405 0.001958 0.485962 0.006354 1.680664
0.423476 0.022084 0.041118 0.020586 0.001945 0.484418 0.006374 1.682891
0.428813 0.020727 0.039656 0.019746 0.001908 0.482746 0.006403 1.684972
0.434052 0.019392 0.038290 0.018963 0.001880 0.480997 0.006427 1.686957
0.439375 0.018220 0.036927 0.018199 0.001843 0.478982 0.006453 1.688783
0.444720 0.017128 0.035530 0.017410 0.001814 0.476924 0.006475 1.690504
0.450070 0.016111 0.034137 0.016654 0.001779 0.474756 0.006491 1.692103
0.455427 0.015136 0.032855 0.015914 0.001749 0.472410 0.006509 1.693649
0.460733 0.014276 0.031557 0.015207 0.001723 0.469974 0.006528 1.695087
0.465963 0.013493 0.030285 0.014480 0.001702 0.467525 0.006551 1.696441
0.471291 0.012735 0.029013 0.013805 0.001675 0.464904 0.006577 1.697709
0.476587 0.012022 0.027857 0.013159 0.001643 0.462140 0.006593 1.698945
0.481836 0.011444 0.026705 0.012534 0.001613 0.459257 0.006611 1.700057
0.487029 0.010857 0.025632 0.011967 0.001575 0.456309 0.006632 1.701124
0.492158 0.010325 0.024601 0.011442 0.001545 0.453272 0.006656 1.702150
0.497288 0.009768 0.023579 0.010957 0.001511 0.450224 0.006674 1.703166
0.502524 0.009302 0.022606 0.010452 0.001470 0.446951 0.006695 1.704093
0.507634 0.008858 0.021664 0.009951 0.001438 0.443742 0.006713 1.704978
0.512690 0.008441 0.020808 0.009512 0.001411 0.440410 0.006730 1.705855
0.517731 0.008097 0.019972 0.009056 0.001382 0.437013 0.006751 1.706628
0.522820 0.007724 0.019143 0.008691 0.001353 0.433500 0.006769 1.707418
0.527849 0.007392 0.018337 0.008275 0.001320 0.430041 0.006787 1.708150
0.532716 0.007095 0.017600 0.007902 0.001279 0.426601 0.006807 1.708871
0.537616 0.006842 0.016832 0.007501 0.001239 0.423144 0.006827 1.709521
0.542415 0.006574 0.016185 0.007153 0.001213 0.419623 0.006836 1.710191
0.547257 0.006295 0.015552 0.006840 0.001172 0.416030 0.006856 1.710872
0.552039 0.006104 0.014879 0.006503 0.001144 0.412459 0.006873 1.711441
0.556813 0.005910 0.014292 0.006215 0.001116 0.408770 0.006886 1.712019
0.561517 0.005703 0.013735 0.005913 0.001087 0.405148 0.006898 1.712590
0.566204 0.005507 0.013170 0.005630 0.001063 0.401515 0.006912 1.713114
0.570845 0.005366 0.012660 0.005383 0.001034 0.397787 0.006926 1.713624
0.575414 0.005214 0.012143 0.005132 0.001004 0.394156 0.006938 1.714121
0.579919 0.005057 0.011674 0.004904 0.000976 0.390519 0.006952 1.714622
0.584519 0.004869 0.011220 0.004711 0.000957 0.386767 0.006958 1.715119
0.588988 0.004699 0.010778 0.004508 0.000922 0.383134 0.006972 1.715610
0.593406 0.004555 0.010341 0.004332 0.000893 0.379494 0.006980 1.716063
0.597799 0.004452 0.009968 0.004145 0.000862 0.375782 0.006992 1.716499
0.602130 0.004300 0.009622 0.003973 0.000841 0.372133 0.007002 1.716969
0.606422 0.004191 0.009243 0.003825 0.000812 0.368495 0.007013 1.717386
0.610749 0.004077 0.008904 0.003657 0.000794 0.364796 0.007023 1.717803
0.614982 0.003985 0.008566 0.003522 0.000766 0.361142 0.007038 1.718193
0.619201 0.003874 0.008271 0.003379 0.000743 0.357486 0.007047 1.718591
0.623368 0.003781 0.007990 0.003234 0.000723 0.353848 0.007056 1.718983
0.627531 0.003681 0.007678 0.003103 0.000699 0.350245 0.007064 1.719355
0.631648 0.003629 0.007401 0.002972 0.000677 0.346602 0.007073 1.719721
0.635657 0.003559 0.007137 0.002874 0.000652 0.343037 0.007084 1.720085
0.639591 0.003487 0.006874 0.002760 0.000638 0.339560 0.007090 1.720427
0.643556 0.003417 0.006644 0.002654 0.000614 0.336016 0.007099 1.720762
0.647413 0.003380 0.006403 0.002572 0.000598 0.332529 0.007105 1.721088
0.651380 0.003297 0.006197 0.002471 0.000577 0.328967 0.007111 1.721415
0.655215 0.003258 0.005984 0.002379 0.000556 0.325487 0.007121 1.721732
0.658950 0.003213 0.005812 0.002315 0.000538 0.322044 0.007129 1.722056
0.662701 0.003146 0.005640 0.002254 0.000525 0.318598 0.007137 1.722378
0.666448 0.003076 0.005463 0.002180 0.000504 0.315183 0.007147 1.722670
0.670152 0.003030 0.005304 0.002113 0.000487 0.311761 0.007153 1.722971
0.673710 0.002997 0.005156 0.002031 0.000470 0.308478 0.007159 1.723272
0.677298 0.002971 0.005000 0.001970 0.000455 0.305137 0.007168 1.723545
0.680834 0.002918 0.004884 0.001899 0.000448 0.301846 0.007172 1.723843
0.684300 0.002877 0.004756 0.001837 0.000436 0.298616 0.007178 1.724117
0.687730 0.002829 0.004633 0.001792 0.000419 0.295412 0.007185 1.724404
0.691182 0.002798 0.004496 0.001746 0.000409 0.292181 0.007189 1.724669
0.694643 0.002779 0.004365 0.001703 0.000396 0.288921 0.007193 1.724928
0.698030 0.002770 0.004251 0.001661 0.000389 0.285701 0.007198 1.725192
0.701382 0.002732 0.004135 0.001616 0.000380 0.282554 0.007201 1.725462
0.704608 0.002712 0.004017 0.001586 0.000370 0.279499 0.007208 1.725734
0.707798 0.002675 0.003936 0.001551 0.000358 0.276469 0.007214 1.726005
0.710980 0.002640 0.003856 0.001512 0.000344 0.273451 0.007218 1.726260
0.714095 0.002611 0.003775 0.001491 0.000336 0.270473 0.007220 1.726535
0.717235 0.002580 0.003702 0.001449 0.000327 0.267484 0.007225 1.726790
0.720330 0.002559 0.003620 0.001420 0.000313 0.264529 0.007230 1.727042
0.723377 0.002555 0.003519 0.001384 0.000302 0.261628 0.007234 1.727279
0.726342 0.002531 0.003434 0.001353 0.000291 0.258810 0.007239 1.727526
0.729381 0.002515 0.003373 0.001334 0.000281 0.255873 0.007244 1.727769
0.732306 0.002476 0.003312 0.001309 0.000270 0.253081 0.007247 1.728034
0.735181 0.002443 0.003261 0.001288 0.000256 0.250318 0.007253 1.728276
0.738073 0.002440 0.003204 0.001262 0.000248 0.247517 0.007257 1.728501
0.740932 0.002436 0.003152 0.001236 0.000242 0.244743 0.007261 1.728736
0.743792 0.002412 0.003085 0.001211 0.000235 0.242001 0.007264 1.728970
0.746557 0.002400 0.003038 0.001199 0.000229 0.239311 0.007267 1.729219
0.749346 0.002367 0.003007 0.001165 0.000223 0.236622 0.007270 1.729462
0.752038 0.002332 0.002964 0.001151 0.000216 0.234025 0.007274 1.729702
0.754665 0.002303 0.002924 0.001122 0.000206 0.231501 0.007280 1.729939
0.757260 0.002301 0.002895 0.001094 0.000197 0.228969 0.007284 1.730164
0.759836 0.002321 0.002838 0.001084 0.000190 0.226445 0.007287 1.730373
0.762351 0.002324 0.002792 0.001064 0.000182 0.223997 0.007289 1.730581
0.764921 0.002295 0.002748 0.001058 0.000175 0.221512 0.007291 1.730806
0.767446 0.002277 0.002719 0.001044 0.000171 0.219051 0.007292 1.731046
0.769977 0.002283 0.002674 0.001058 0.000166 0.216551 0.007293 1.731276
0.772435 0.002250 0.002673 0.001047 0.000161 0.214139 0.007295 1.731513
0.774827 0.002241 0.002645 0.001048 0.000157 0.211784 0.007298 1.731743
0.777271 0.002250 0.002622 0.001033 0.000153 0.209370 0.007300 1.731952
0.779623 0.002230 0.002595 0.001029 0.000151 0.207072 0.007302 1.732171
0.781963 0.002228 0.002582 0.001005 0.000145 0.204773 0.007305 1.732384
0.784273 0.002219 0.002553 0.001001 0.000141 0.202507 0.007306 1.732605
0.786539 0.002208 0.002527 0.000990 0.000137 0.200292 0.007308 1.732830
0.788814 0.002203 0.002501 0.000992 0.000132 0.198049 0.007310 1.733058
0.791098 0.002218 0.002456 0.000970 0.000127 0.195819 0.007313 1.733253
0.793316 0.002218 0.002444 0.000946 0.000122 0.193638 0.007315 1.733472
0.795541 0.002214 0.002429 0.000949 0.000118 0.191435 0.007315 1.733698
0.797746 0.002203 0.002418 0.000941 0.000113 0.189263 0.007316 1.733913
0.799931 0.002181 0.002398 0.000940 0.000110 0.187123 0.007316 1.734135
0.802085 0.002174 0.002372 0.000917 0.000107 0.185026 0.007319 1.734346
0.804165 0.002194 0.002331 0.000918 0.000104 0.182967 0.007321 1.734541
0.806206 0.002213 0.002304 0.000914 0.000102 0.180938 0.007322 1.734744
0.808285 0.002187 0.002308 0.000918 0.000100 0.178879 0.007324 1.734969
0.810298 0.002199 0.002301 0.000920 0.000099 0.176859 0.007325 1.735180
0.812298 0.002220 0.002307 0.000912 0.000098 0.174841 0.007326 1.735392
0.814219 0.002200 0.002288 0.000917 0.000097 0.172953 0.007326 1.735623
0.816090 0.002211 0.002286 0.000915 0.000095 0.171077 0.007327 1.735831
0.817976 0.002210 0.002272 0.000908 0.000093 0.169211 0.007330 1.736050
0.819938 0.002207 0.002256 0.000902 0.000090 0.167276 0.007331 1.736256
0.821837 0.002216 0.002255 0.000899 0.000088 0.165374 0.007331 1.736479
0.823709 0.002233 0.002216 0.000886 0.000085 0.163539 0.007332 1.736671
0.825507 0.002252 0.002203 0.000880 0.000084 0.161742 0.007332 1.736881
0.827302 0.002246 0.002210 0.000879 0.000084 0.159947 0.007333 1.737100
0.829052 0.002252 0.002206 0.000876 0.000081 0.158200 0.007334 1.737314
0.830833 0.002235 0.002217 0.000868 0.000079 0.156433 0.007335 1.737550
0.832558 0.002230 0.002235 0.000870 0.000079 0.154691 0.007336 1.737777
0.834255 0.002226 0.002231 0.000886 0.000078 0.152986 0.007338 1.738004
0.835931 0.002230 0.002247 0.000885 0.000077 0.151292 0.007339 1.738238
0.837591 0.002249 0.002232 0.000888 0.000077 0.149623 0.007339 1.738457
0.839175 0.002280 0.002232 0.000886 0.000077 0.148010 0.007340 1.738673
0.840764 0.002290 0.002236 0.000885 0.000074 0.146410 0.007341 1.738897
0.842380 0.002303 0.002260 0.000881 0.000073 0.144761 0.007341 1.739122
0.843915 0.002319 0.002271 0.000878 0.000074 0.143202 0.007342 1.739361
0.845450 0.002343 0.002277 0.000867 0.000075 0.141646 0.007343 1.739589
0.846963 0.002377 0.002270 0.000871 0.000071 0.140103 0.007344 1.739802
0.848467 0.002403 0.002267 0.000875 0.000072 0.138572 0.007344 1.740021
0.849898 0.002420 0.002273 0.000887 0.000071 0.137107 0.007344 1.740261
0.851317 0.002422 0.002271 0.000895 0.000069 0.135680 0.007344 1.740501
0.852703 0.002448 0.002288 0.000895 0.000068 0.134254 0.007345 1.740741
0.854102 0.002455 0.002297 0.000906 0.000069 0.132826 0.007345 1.740998
0.855514 0.002453 0.002314 0.000920 0.000067 0.131386 0.007345 1.741246
0.856888 0.002466 0.002308 0.000913 0.000069 0.130010 0.007345 1.741474
0.858271 0.002491 0.002309 0.000926 0.000067 0.128589 0.007347 1.741730
0.859624 0.002511 0.002324 0.000925 0.000066 0.127201 0.007349 1.741974
0.860980 0.002525 0.002344 0.000927 0.000063 0.125810 0.007351 1.742228
0.862258 0.002521 0.002367 0.000935 0.000062 0.124507 0.007351 1.742494
0.863511 0.002527 0.002378 0.000937 0.000059 0.123234 0.007353 1.742746
0.864792 0.002547 0.002380 0.000948 0.000056 0.121923 0.007354 1.743000
0.866001 0.002553 0.002404 0.000944 0.000056 0.120688 0.007354 1.743254
0.867282 0.002550 0.002414 0.000948 0.000057 0.119396 0.007354 1.743513
0.868431 0.002582 0.002427 0.000943 0.000057 0.118206 0.007355 1.743758
0.869648 0.002601 0.002420 0.000951 0.000056 0.116968 0.007355 1.744014
0.870802 0.002622 0.002450 0.000948 0.000055 0.115767 0.007356 1.744279
0.872001 0.002660 0.002453 0.000959 0.000054 0.114515 0.007357 1.744523
0.873089 0.002710 0.002467 0.000955 0.000053 0.113369 0.007357 1.744781
0.874194 0.002741 0.002488 0.000956 0.000051 0.112212 0.007359 1.745039
0.875237 0.002799 0.002503 0.000972 0.000051 0.111079 0.007359 1.745300
0.876292 0.002832 0.002499 0.000968 0.000050 0.109999 0.007359 1.745554
0.877332 0.002881 0.002515 0.000978 0.000048 0.108885 0.007360 1.745824
0.878374 0.002902 0.002540 0.000974 0.000046 0.107802 0.007361 1.746101
0.879355 0.002928 0.002542 0.000986 0.000044 0.106781 0.007363 1.746391
0.880385 0.002968 0.002562 0.001000 0.000042 0.105679 0.007364 1.746678
0.881367 0.002984 0.002599 0.001016 0.000042 0.104628 0.007365 1.746985
0.882312 0.003035 0.002605 0.001037 0.000041 0.103605 0.007366 1.747269
0.883211 0.003078 0.002625 0.001063 0.000042 0.102615 0.007367 1.747574
0.884182 0.003101 0.002639 0.001072 0.000040 0.101597 0.007368 1.747865
0.885051 0.003108 0.002673 0.001081 0.000038 0.100680 0.007369 1.748182
0.885989 0.003118 0.002698 0.001099 0.000038 0.099689 0.007369 1.748485
0.886902 0.003155 0.002701 0.001119 0.000038 0.098716 0.007369 1.748779
0.887783 0.003197 0.002719 0.001141 0.000038 0.097751 0.007370 1.749094
0.888682 0.003196 0.002746 0.001151 0.000039 0.096815 0.007371 1.749400
0.889510 0.003241 0.002777 0.001157 0.000042 0.095902 0.007371 1.749709
0.890368 0.003232 0.002824 0.001171 0.000042 0.094992 0.007371 1.750045
0.891220 0.003276 0.002840 0.001170 0.000042 0.094080 0.007371 1.750348
0.892058 0.003290 0.002857 0.001178 0.000044 0.093200 0.007372 1.750662
0.892810 0.003325 0.002889 0.001182 0.000044 0.092377 0.007373 1.750985
0.893594 0.003381 0.002921 0.001193 0.000043 0.091495 0.007373 1.751299
0.894368 0.003402 0.002946 0.001216 0.000044 0.090651 0.007373 1.751628
0.895140 0.003423 0.002982 0.001218 0.000045 0.089818 0.007374 1.751969
0.895880 0.003427 0.003000 0.001236 0.000044 0.089039 0.007374 1.752309
0.896590 0.003455 0.003020 0.001232 0.000044 0.088285 0.007374 1.752645
0.897262 0.003472 0.003069 0.001244 0.000042 0.087535 0.007374 1.752993
0.897910 0.003502 0.003124 0.001274 0.000042 0.086774 0.007375 1.753358
0.898587 0.003526 0.003145 0.001284 0.000041 0.086041 0.007376 1.753707
0.899240 0.003573 0.003168 0.001292 0.000040 0.085311 0.007377 1.754050
0.899882 0.003603 0.003200 0.001302 0.000040 0.084597 0.007377 1.754403
0.900498 0.003661 0.003235 0.001311 0.000041 0.083877 0.007377 1.754769
0.901121 0.003726 0.003258 0.001300 0.000046 0.083171 0.007377 1.755122
0.901771 0.003741 0.003291 0.001298 0.000047 0.082474 0.007378 1.755491
0.902382 0.003776 0.003293 0.001334 0.000046 0.081790 0.007378 1.755854
0.902949 0.003849 0.003304 0.001355 0.000046 0.081119 0.007378 1.756221
0.903546 0.003889 0.003353 0.001365 0.000044 0.080424 0.007379 1.756612
0.904082 0.003961 0.003371 0.001367 0.000043 0.079797 0.007379 1.756965
0.904588 0.004020 0.003390 0.001387 0.000043 0.079194 0.007379 1.757346
0.905101 0.004066 0.003454 0.001414 0.000041 0.078543 0.007380 1.757759
0.905641 0.004124 0.003487 0.001438 0.000043 0.077887 0.007380 1.758161
0.906135 0.004136 0.003552 0.001442 0.000044 0.077311 0.007380 1.758589
0.906623 0.004137 0.003590 0.001480 0.000044 0.076746 0.007381 1.759014
0.907090 0.004205 0.003634 0.001486 0.000041 0.076162 0.007382 1.759413
0.907603 0.004240 0.003663 0.001503 0.000041 0.075567 0.007383 1.759827
0.908057 0.004292 0.003728 0.001507 0.000042 0.074991 0.007384 1.760251
0.908558 0.004316 0.003785 0.001526 0.000042 0.074389 0.007385 1.760694
0.908994 0.004370 0.003827 0.001537 0.000045 0.073843 0.007385 1.761127
0.909422 0.004406 0.003859 0.001549 0.000048 0.073332 0.007385 1.761565
0.909890 0.004455 0.003876 0.001556 0.000047 0.072791 0.007385 1.761988
0.910249 0.004513 0.003891 0.001580 0.000045 0.072337 0.007386 1.762410
0.910684 0.004551 0.003925 0.001608 0.000045 0.071800 0.007387 1.762860
0.911009 0.004616 0.003946 0.001624 0.000045 0.071371 0.007388 1.763295
0.911356 0.004648 0.004006 0.001658 0.000049 0.070893 0.007389 1.763764
0.911670 0.004701 0.004026 0.001674 0.000050 0.070489 0.007390 1.764212
0.911995 0.004745 0.004068 0.001685 0.000049 0.070067 0.007391 1.764672
0.912338 0.004790 0.004092 0.001695 0.000048 0.069645 0.007392 1.765146
0.912661 0.004823 0.004148 0.001705 0.000050 0.069222 0.007392 1.765623
0.912966 0.004855 0.004173 0.001711 0.000048 0.068854 0.007393 1.766093
0.913292 0.004905 0.004215 0.001716 0.000051 0.068428 0.007394 1.766568
0.913597 0.004957 0.004278 0.001720 0.000051 0.068003 0.007394 1.767047
0.913857 0.004971 0.004343 0.001730 0.000050 0.067654 0.007394 1.767554
0.914115 0.005022 0.004418 0.001732 0.000050 0.067267 0.007395 1.768056
0.914409 0.005036 0.004479 0.001762 0.000052 0.066867 0.007395 1.768569
0.914618 0.005112 0.004512 0.001770 0.000053 0.066538 0.007395 1.769057
0.914865 0.005185 0.004543 0.001772 0.000054 0.066184 0.007396 1.769533
0.915085 0.005230 0.004593 0.001780 0.000055 0.065860 0.007396 1.770061
0.915312 0.005275 0.004618 0.001799 0.000057 0.065541 0.007396 1.770562
0.915573 0.005298 0.004668 0.001802 0.000060 0.065201 0.007397 1.771094
0.915775 0.005360 0.004707 0.001818 0.000062 0.064880 0.007398 1.771613
0.915982 0.005376 0.004747 0.001841 0.000063 0.064592 0.007399 1.772148
0.916151 0.005438 0.004785 0.001863 0.000065 0.064299 0.007400 1.772678
0.916359 0.005465 0.004849 0.001885 0.000064 0.063977 0.007401 1.773229
0.916473 0.005536 0.004898 0.001903 0.000064 0.063725 0.007401 1.773776
0.916583 0.005593 0.004962 0.001916 0.000064 0.063479 0.007402 1.774334
0.916704 0.005649 0.005019 0.001937 0.000065 0.063223 0.007402 1.774893
0.916907 0.005646 0.005055 0.001978 0.000065 0.062945 0.007403 1.775481
0.917043 0.005706 0.005104 0.002002 0.000065 0.062675 0.007404 1.776057
0.917189 0.005706 0.005174 0.002017 0.000065 0.062445 0.007404 1.776646
0.917331 0.005734 0.005232 0.002023 0.000066 0.062209 0.007405 1.777219
0.917433 0.005789 0.005273 0.002045 0.000066 0.061989 0.007405 1.777781
0.917540 0.005865 0.005296 0.002056 0.000065 0.061770 0.007407 1.778333
0.917640 0.005923 0.005313 0.002054 0.000067 0.061595 0.007408 1.778909
0.917705 0.006015 0.005317 0.002077 0.000069 0.061409 0.007409 1.779479
0.917779 0.006100 0.005372 0.002094 0.000065 0.061180 0.007410 1.780051
0.917859 0.006174 0.005374 0.002100 0.000068 0.061015 0.007410 1.780628
0.917989 0.006204 0.005373 0.002113 0.000070 0.060841 0.007410 1.781206
0.918002 0.006319 0.005417 0.002131 0.000070 0.060649 0.007412 1.781796
0.918044 0.006360 0.005470 0.002155 0.000069 0.060488 0.007413 1.782409
0.918095 0.006397 0.005526 0.002182 0.000073 0.060313 0.007414 1.783042
0.918139 0.006433 0.005592 0.002202 0.000073 0.060146 0.007416 1.783688
0.918238 0.006484 0.005613 0.002204 0.000073 0.059971 0.007417 1.784290
0.918258 0.006502 0.005635 0.002230 0.000072 0.059886 0.007417 1.784940
0.918285 0.006546 0.005715 0.002234 0.000072 0.059731 0.007417 1.785576
0.918312 0.006597 0.005754 0.002246 0.000072 0.059600 0.007418 1.786201
0.918301 0.006640 0.005806 0.002258 0.000071 0.059504 0.007419 1.786847
0.918358 0.006631 0.005862 0.002283 0.000071 0.059375 0.007420 1.787514
0.918342 0.006708 0.005872 0.002317 0.000072 0.059268 0.007421 1.788151
0.918375 0.006774 0.005875 0.002335 0.000071 0.059149 0.007422 1.788788
0.918328 0.006831 0.005956 0.002373 0.000074 0.059017 0.007422 1.789466
0.918361 0.006828 0.006042 0.002384 0.000077 0.058886 0.007422 1.790164
0.918324 0.006849 0.006151 0.002402 0.000077 0.058774 0.007423 1.790865
0.918338 0.006878 0.006182 0.002427 0.000079 0.058673 0.007423 1.791551
0.918348 0.006908 0.006231 0.002446 0.000079 0.058565 0.007423 1.792219
0.918282 0.006930 0.006289 0.002475 0.000082 0.058518 0.007424 1.792921
0.918247 0.006961 0.006304 0.002468 0.000082 0.058510 0.007426 1.793600
0.918247 0.006981 0.006360 0.002492 0.000086 0.058407 0.007427 1.794301
0.918176 0.007035 0.006375 0.002513 0.000086 0.058388 0.007428 1.794999
0.918121 0.007134 0.006349 0.002537 0.000089 0.058341 0.007429 1.795658
0.918101 0.007173 0.006392 0.002539 0.000089 0.058276 0.007430 1.796335
0.918034 0.007224 0.006431 0.002553 0.000093 0.058234 0.007430 1.797030
0.917953 0.007228 0.006485 0.002568 0.000095 0.058241 0.007430 1.797767
0.917934 0.007255 0.006548 0.002581 0.000095 0.058155 0.007430 1.798463
0.917926 0.007218 0.006592 0.002603 0.000096 0.058134 0.007432 1.799214
0.917814 0.007274 0.006652 0.002611 0.000098 0.058119 0.007432 1.799918
0.917762 0.007327 0.006691 0.002630 0.000102 0.058055 0.007432 1.800628
0.917640 0.007385 0.006734 0.002641 0.000103 0.058064 0.007433 1.801349
0.917508 0.007447 0.006772 0.002682 0.000104 0.058054 0.007434 1.802075
0.917426 0.007437 0.006815 0.002695 0.000102 0.058090 0.007434 1.802808
0.917351 0.007491 0.006886 0.002699 0.000104 0.058034 0.007435 1.803531
0.917234 0.007527 0.006952 0.002725 0.000102 0.058023 0.007436 1.804281
0.917175 0.007548 0.006976 0.002717 0.000105 0.058043 0.007437 1.805006
0.917124 0.007553 0.007023 0.002725 0.000104 0.058034 0.007438 1.805754
0.917076 0.007538 0.007039 0.002749 0.000103 0.058052 0.007440 1.806498
0.917021 0.007544 0.007081 0.002751 0.000105 0.058056 0.007442 1.807244
0.916922 0.007562 0.007127 0.002748 0.000105 0.058093 0.007442 1.807979
0.916844 0.007584 0.007138 0.002754 0.000104 0.058131 0.007444 1.808720
0.916757 0.007609 0.007173 0.002764 0.000105 0.058146 0.007446 1.809462
0.916659 0.007626 0.007210 0.002779 0.000104 0.058174 0.007449 1.810222
0.916534 0.007662 0.007241 0.002805 0.000103 0.058206 0.007449 1.810979
0.916420 0.007678 0.007314 0.002812 0.000102 0.058225 0.007450 1.811754
0.916347 0.007702 0.007325 0.002817 0.000104 0.058254 0.007451 1.812491
0.916266 0.007757 0.007321 0.002823 0.000102 0.058279 0.007452 1.813213
0.916199 0.007756 0.007383 0.002821 0.000103 0.058284 0.007454 1.813993
0.916098 0.007736 0.007415 0.002849 0.000105 0.058342 0.007455 1.814774
0.915984 0.007797 0.007471 0.002860 0.000105 0.058327 0.007457 1.815551
0.915946 0.007755 0.007454 0.002887 0.000107 0.058394 0.007458 1.816334
0.915845 0.007732 0.007482 0.002910 0.000105 0.058466 0.007459 1.817136
0.915770 0.007768 0.007464 0.002885 0.000106 0.058547 0.007459 1.817885
0.915679 0.007783 0.007467 0.002899 0.000104 0.058607 0.007460 1.818653
0.915590 0.007764 0.007500 0.002893 0.000107 0.058685 0.007462 1.819427
0.915494 0.007794 0.007490 0.002874 0.000111 0.058775 0.007462 1.820180
0.915386 0.007814 0.007509 0.002869 0.000115 0.058843 0.007463 1.820961
0.915329 0.007800 0.007498 0.002874 0.000116 0.058918 0.007464 1.821726
0.915263 0.007832 0.007538 0.002872 0.000116 0.058915 0.007465 1.822482
0.915142 0.007839 0.007519 0.002913 0.000117 0.059004 0.007466 1.823266
0.915075 0.007846 0.007524 0.002925 0.000119 0.059046 0.007466 1.824024
0.914987 0.007876 0.007512 0.002944 0.000117 0.059097 0.007469 1.824799
0.914959 0.007856 0.007530 0.002937 0.000118 0.059129 0.007470 1.825575
0.914859 0.007889 0.007565 0.002951 0.000120 0.059146 0.007470 1.826339
0.914796 0.007866 0.007609 0.002950 0.000120 0.059187 0.007471 1.827111
0.914722 0.007860 0.007613 0.002974 0.000115 0.059243 0.007473 1.827891
0.914666 0.007854 0.007627 0.002985 0.000111 0.059281 0.007475 1.828658
0.914612 0.007840 0.007638 0.002997 0.000111 0.059327 0.007476 1.829442
0.914522 0.007842 0.007651 0.002979 0.000110 0.059419 0.007478 1.830230
0.914473 0.007853 0.007647 0.002972 0.000109 0.059467 0.007478 1.830981
0.914440 0.007844 0.007643 0.002983 0.000105 0.059506 0.007479 1.831767
0.914351 0.007855 0.007657 0.002987 0.000106 0.059564 0.007480 1.832537
0.914322 0.007832 0.007655 0.002994 0.000104 0.059611 0.007482 1.833306
0.914235 0.007862 0.007652 0.002978 0.000105 0.059686 0.007483 1.834054
0.914166 0.007897 0.007653 0.002979 0.000103 0.059719 0.007483 1.834810
0.914150 0.007895 0.007672 0.002968 0.000105 0.059727 0.007484 1.835591
0.914088 0.007874 0.007689 0.002988 0.000103 0.059773 0.007485 1.836370
0.914103 0.007815 0.007718 0.002990 0.000101 0.059788 0.007485 1.837157
0.914074 0.007785 0.007737 0.002977 0.000102 0.059839 0.007486 1.837931
0.913987 0.007796 0.007716 0.002999 0.000101 0.059914 0.007487 1.838696
0.913904 0.007807 0.007711 0.003020 0.000103 0.059967 0.007488 1.839486
0.913849 0.007798 0.007755 0.003008 0.000104 0.059998 0.007489 1.840269
0.913791 0.007763 0.007754 0.003009 0.000109 0.060085 0.007490 1.841053
0.913713 0.007787 0.007758 0.003007 0.000110 0.060133 0.007491 1.841818
0.913665 0.007755 0.007775 0.003012 0.000111 0.060190 0.007491 1.842613
0.913635 0.007726 0.007802 0.003019 0.000114 0.060212 0.007492 1.843378
0.913610 0.007700 0.007824 0.002995 0.000115 0.060261 0.007494 1.844151
0.913563 0.007672 0.007827 0.003004 0.000115 0.060324 0.007496 1.844913
0.913506 0.007704 0.007790 0.003006 0.000114 0.060382 0.007498 1.845660
0.913452 0.007692 0.007786 0.002994 0.000112 0.060462 0.007500 1.846422
0.913452 0.007643 0.007803 0.003021 0.000110 0.060467 0.007503 1.847201
0.913389 0.007651 0.007803 0.002994 0.000111 0.060547 0.007504 1.847953
0.913281 0.007686 0.007785 0.003006 0.000112 0.060625 0.007506 1.848706
0.913223 0.007687 0.007787 0.003006 0.000111 0.060679 0.007508 1.849447
0.913169 0.007673 0.007807 0.003002 0.000110 0.060729 0.007510 1.850214
0.913118 0.007684 0.007818 0.003003 0.000112 0.060755 0.007511 1.850979
0.913073 0.007679 0.007822 0.002999 0.000110 0.060806 0.007512 1.851735
0.913068 0.007662 0.007816 0.003019 0.000109 0.060812 0.007514 1.852503
0.913037 0.007696 0.007806 0.003004 0.000108 0.060835 0.007515 1.853242
0.912999 0.007736 0.007770 0.003002 0.000103 0.060874 0.007516 1.853970
0.912929 0.007758 0.007749 0.003010 0.000104 0.060934 0.007517 1.854736
0.912894 0.007734 0.007752 0.003024 0.000100 0.060976 0.007519 1.855515
0.912891 0.007722 0.007755 0.002996 0.000105 0.061012 0.007520 1.856279
0.912856 0.007694 0.007735 0.002988 0.000106 0.061102 0.007520 1.857042
0.912814 0.007693 0.007735 0.002990 0.000106 0.061140 0.007522 1.857811
0.912744 0.007694 0.007732 0.002987 0.000108 0.061211 0.007524 1.858580
0.912706 0.007695 0.007717 0.002988 0.000110 0.061257 0.007526 1.859328
0.912704 0.007667 0.007700 0.002997 0.000109 0.061296 0.007527 1.860092
0.912697 0.007646 0.007656 0.003017 0.000111 0.061345 0.007528 1.860845
0.912655 0.007607 0.007645 0.003024 0.000109 0.061430 0.007528 1.861636
0.912637 0.007607 0.007624 0.003003 0.000110 0.061490 0.007529 1.862380
0.912643 0.007614 0.007587 0.003005 0.000109 0.061512 0.007529 1.863110
0.912667 0.007563 0.007613 0.002999 0.000110 0.061519 0.007531 1.863869
0.912624 0.007582 0.007592 0.002992 0.000109 0.061568 0.007533 1.864609
0.912628 0.007594 0.007561 0.002973 0.000110 0.061599 0.007534 1.865332
0.912613 0.007591 0.007590 0.002960 0.000112 0.061599 0.007535 1.866087
0.912652 0.007560 0.007573 0.002963 0.000113 0.061604 0.007535 1.866831
0.912607 0.007540 0.007611 0.002975 0.000117 0.061613 0.007536 1.867601
0.912626 0.007523 0.007585 0.002973 0.000115 0.061640 0.007537 1.868333
0.912637 0.007488 0.007582 0.002983 0.000115 0.061657 0.007537 1.869084
0.912684 0.007423 0.007585 0.003000 0.000117 0.061653 0.007539 1.869827
0.912725 0.007373 0.007585 0.003015 0.000115 0.061644 0.007542 1.870561
0.912720 0.007351 0.007591 0.003012 0.000117 0.061665 0.007543 1.871293
0.912742 0.007359 0.007552 0.003007 0.000113 0.061683 0.007543 1.871993
0.912814 0.007344 0.007519 0.002979 0.000117 0.061683 0.007545 1.872705
0.912859 0.007298 0.007499 0.002963 0.000118 0.061718 0.007546 1.873425
0.912894 0.007266 0.007480 0.002970 0.000115 0.061729 0.007547 1.874149
0.912921 0.007248 0.007469 0.002959 0.000118 0.061738 0.007548 1.874883
0.912978 0.007219 0.007450 0.002962 0.000117 0.061726 0.007549 1.875604
0.913016 0.007196 0.007424 0.002931 0.000116 0.061767 0.007551 1.876298
0.913053 0.007221 0.007366 0.002895 0.000113 0.061797 0.007554 1.876970
0.913057 0.007216 0.007365 0.002912 0.000114 0.061781 0.007555 1.877687
0.913140 0.007198 0.007328 0.002899 0.000115 0.061763 0.007556 1.878368
0.913119 0.007197 0.007318 0.002894 0.000117 0.061797 0.007557 1.879084
0.913184 0.007201 0.007259 0.002889 0.000116 0.061792 0.007559 1.879786
0.913228 0.007177 0.007225 0.002881 0.000113 0.061815 0.007560 1.880491
0.913308 0.007189 0.007162 0.002870 0.000111 0.061798 0.007561 1.881165
0.913370 0.007160 0.007165 0.002860 0.000110 0.061773 0.007563 1.881871
0.913432 0.007151 0.007143 0.002844 0.000111 0.061756 0.007564 1.882570
0.913479 0.007130 0.007111 0.002835 0.000111 0.061769 0.007564 1.883263
0.913533 0.007134 0.007087 0.002837 0.000110 0.061734 0.007564 1.883969
0.913556 0.007128 0.007073 0.002862 0.000109 0.061706 0.007566 1.884682
0.913608 0.007121 0.007069 0.002848 0.000112 0.061675 0.007568 1.885402
0.913710 0.007095 0.007052 0.002858 0.000107 0.061608 0.007569 1.886089
0.913759 0.007085 0.007017 0.002816 0.000107 0.061646 0.007571 1.886772
0.913791 0.007081 0.007013 0.002802 0.000106 0.061635 0.007573 1.887480
0.913861 0.007040 0.007016 0.002812 0.000107 0.061588 0.007575 1.888190
0.913928 0.007002 0.007045 0.002820 0.000107 0.061523 0.007576 1.888902
0.913953 0.007002 0.007035 0.002815 0.000109 0.061510 0.007577 1.889586
0.914010 0.007032 0.006990 0.002801 0.000107 0.061482 0.007579 1.890248
0.914087 0.007030 0.006953 0.002762 0.000111 0.061474 0.007581 1.890914
0.914108 0.006986 0.006939 0.002771 0.000111 0.061501 0.007584 1.891635
0.914149 0.006981 0.006912 0.002770 0.000109 0.061493 0.007585 1.892301
0.914184 0.006952 0.006909 0.002768 0.000109 0.061491 0.007587 1.893000
0.914284 0.006941 0.006890 0.002753 0.000107 0.061436 0.007588 1.893664
0.914348 0.006923 0.006866 0.002761 0.000106 0.061408 0.007589 1.894346
0.914404 0.006908 0.006843 0.002766 0.000105 0.061384 0.007590 1.895011
0.914454 0.006939 0.006831 0.002771 0.000107 0.061308 0.007591 1.895682
0.914482 0.006885 0.006862 0.002761 0.000108 0.061312 0.007591 1.896389
0.914518 0.006872 0.006890 0.002747 0.000107 0.061275 0.007593 1.897080
0.914585 0.006857 0.006895 0.002723 0.000106 0.061240 0.007595 1.897750
0.914683 0.006820 0.006903 0.002701 0.000107 0.061191 0.007595 1.898435
0.914746 0.006830 0.006884 0.002683 0.000108 0.061155 0.007595 1.899081
0.914789 0.006818 0.006867 0.002679 0.000108 0.061142 0.007596 1.899744
0.914833 0.006840 0.006871 0.002681 0.000108 0.061069 0.007598 1.900392
0.914951 0.006825 0.006857 0.002655 0.000111 0.061003 0.007599 1.901035
0.915044 0.006785 0.006840 0.002661 0.000109 0.060962 0.007600 1.901702
0.915080 0.006783 0.006854 0.002675 0.000106 0.060901 0.007601 1.902381
0.915119 0.006833 0.006800 0.002664 0.000108 0.060875 0.007601 1.903020
0.915177 0.006815 0.006765 0.002681 0.000104 0.060853 0.007604 1.903671
0.915262 0.006759 0.006763 0.002678 0.000105 0.060828 0.007606 1.904350
0.915353 0.006732 0.006732 0.002657 0.000103 0.060816 0.007607 1.905001
0.915414 0.006700 0.006749 0.002648 0.000098 0.060780 0.007610 1.905661
0.915498 0.006684 0.006732 0.002654 0.000098 0.060723 0.007610 1.906328
0.915523 0.006710 0.006690 0.002643 0.000095 0.060729 0.007611 1.906959
0.915616 0.006715 0.006678 0.002634 0.000095 0.060651 0.007612 1.907596
0.915680 0.006713 0.006669 0.002651 0.000096 0.060579 0.007612 1.908246
0.915741 0.006706 0.006630 0.002648 0.000098 0.060564 0.007613 1.908893
0.915844 0.006657 0.006630 0.002630 0.000094 0.060531 0.007615 1.909558
0.915903 0.006653 0.006635 0.002631 0.000092 0.060470 0.007617 1.910225
0.916021 0.006627 0.006642 0.002634 0.000095 0.060365 0.007617 1.910892
0.916167 0.006586 0.006653 0.002610 0.000093 0.060273 0.007619 1.911540
0.916282 0.006581 0.006628 0.002600 0.000095 0.060196 0.007620 1.912176
0.916339 0.006572 0.006630 0.002582 0.000096 0.060161 0.007620 1.912827
0.916407 0.006529 0.006646 0.002569 0.000094 0.060133 0.007621 1.913503
0.916483 0.006517 0.006628 0.002569 0.000094 0.060088 0.007621 1.914140
0.916555 0.006541 0.006575 0.002563 0.000098 0.060047 0.007621 1.914747
0.916639 0.006530 0.006572 0.002580 0.000099 0.059958 0.007622 1.915395
0.916736 0.006547 0.006529 0.002558 0.000098 0.059908 0.007624 1.915999
0.916758 0.006556 0.006505 0.002579 0.000096 0.059880 0.007625 1.916639
0.916867 0.006522 0.006515 0.002591 0.000094 0.059784 0.007627 1.917279
0.917006 0.006514 0.006484 0.002582 0.000096 0.059690 0.007627 1.917899
0.917098 0.006494 0.006495 0.002569 0.000096 0.059621 0.007628 1.918524
0.917190 0.006475 0.006484 0.002581 0.000101 0.059541 0.007628 1.919165
0.917265 0.006482 0.006458 0.002577 0.000102 0.059488 0.007628 1.919787
0.917328 0.006514 0.006435 0.002580 0.000097 0.059416 0.007631 1.920403
0.917386 0.006514 0.006431 0.002579 0.000097 0.059363 0.007631 1.921036
0.917464 0.006525 0.006434 0.002564 0.000095 0.059285 0.007633 1.921649
0.917526 0.006521 0.006459 0.002570 0.000094 0.059199 0.007633 1.922295
0.917581 0.006515 0.006458 0.002561 0.000091 0.059157 0.007636 1.922940
0.917693 0.006476 0.006441 0.002557 0.000091 0.059103 0.007638 1.923574
0.917753 0.006481 0.006450 0.002533 0.000090 0.059054 0.007638 1.924205
0.917842 0.006479 0.006431 0.002512 0.000087 0.059009 0.007640 1.924816
0.917923 0.006475 0.006459 0.002498 0.000088 0.058917 0.007640 1.925418
0.918019 0.006443 0.006467 0.002479 0.000088 0.058863 0.007641 1.926058
0.918078 0.006408 0.006483 0.002475 0.000089 0.058826 0.007641 1.926696
0.918138 0.006435 0.006454 0.002473 0.000089 0.058770 0.007642 1.927306
0.918197 0.006406 0.006469 0.002503 0.000090 0.058692 0.007643 1.927954
0.918273 0.006385 0.006469 0.002484 0.000092 0.058652 0.007644 1.928570
0.918359 0.006365 0.006448 0.002494 0.000093 0.058597 0.007644 1.929206
0.918434 0.006372 0.006417 0.002474 0.000094 0.058566 0.007645 1.929823
0.918500 0.006379 0.006405 0.002469 0.000092 0.058508 0.007646 1.930447
0.918589 0.006351 0.006390 0.002481 0.000091 0.058451 0.007647 1.931080
0.918669 0.006307 0.006405 0.002462 0.000091 0.058417 0.007649 1.931719
0.918740 0.006294 0.006443 0.002456 0.000090 0.058327 0.007650 1.932367
0.918847 0.006229 0.006458 0.002468 0.000093 0.058255 0.007651 1.933025
0.918902 0.006253 0.006418 0.002470 0.000093 0.058211 0.007652 1.933615
0.918968 0.006232 0.006424 0.002475 0.000093 0.058154 0.007653 1.934261
0.919047 0.006221 0.006422 0.002475 0.000094 0.058087 0.007655 1.934885
0.919100 0.006226 0.006419 0.002450 0.000094 0.058055 0.007655 1.935484
0.919183 0.006251 0.006401 0.002422 0.000095 0.057992 0.007656 1.936064
0.919233 0.006260 0.006400 0.002408 0.000092 0.057950 0.007657 1.936673
0.919310 0.006266 0.006348 0.002402 0.000093 0.057922 0.007658 1.937253
0.919377 0.006260 0.006353 0.002397 0.000092 0.057861 0.007659 1.937874
0.919418 0.006313 0.006348 0.002388 0.000091 0.057781 0.007661 1.938458
0.919450 0.006315 0.006355 0.002401 0.000089 0.057728 0.007663 1.939104
0.919501 0.006273 0.006387 0.002427 0.000090 0.057660 0.007663 1.939761
0.919548 0.006298 0.006395 0.002420 0.000090 0.057584 0.007665 1.940378
0.919648 0.006303 0.006374 0.002438 0.000090 0.057482 0.007665 1.940993
0.919732 0.006300 0.006339 0.002441 0.000092 0.057430 0.007665 1.941610
0.919786 0.006340 0.006333 0.002436 0.000094 0.057346 0.007667 1.942208
0.919875 0.006293 0.006319 0.002438 0.000094 0.057312 0.007667 1.942821
0.919955 0.006265 0.006341 0.002438 0.000096 0.057237 0.007668 1.943437
0.919976 0.006235 0.006359 0.002441 0.000098 0.057222 0.007668 1.944089
0.920040 0.006268 0.006301 0.002438 0.000095 0.057188 0.007670 1.944686
0.920128 0.006253 0.006279 0.002430 0.000095 0.057145 0.007670 1.945295
0.920193 0.006262 0.006264 0.002422 0.000094 0.057095 0.007670 1.945891
0.920236 0.006237 0.006289 0.002417 0.000097 0.057053 0.007670 1.946537
0.920258 0.006215 0.006305 0.002430 0.000101 0.057023 0.007670 1.947194
0.920288 0.006227 0.006291 0.002418 0.000101 0.057003 0.007671 1.947810
0.920317 0.006233 0.006255 0.002421 0.000102 0.056999 0.007672 1.948440
0.920392 0.006249 0.006205 0.002425 0.000104 0.056953 0.007673 1.949034
0.920424 0.006296 0.006151 0.002443 0.000105 0.056907 0.007674 1.949637
0.920520 0.006297 0.006146 0.002450 0.000107 0.056808 0.007674 1.950223
0.920560 0.006317 0.006157 0.002434 0.000106 0.056751 0.007675 1.950831
0.920608 0.006321 0.006156 0.002437 0.000105 0.056696 0.007677 1.951438
0.920626 0.006342 0.006140 0.002425 0.000107 0.056681 0.007679 1.952068
0.920659 0.006327 0.006165 0.002422 0.000106 0.056639 0.007681 1.952694
0.920722 0.006332 0.006169 0.002427 0.000107 0.056562 0.007681 1.953304
0.920747 0.006301 0.006197 0.002418 0.000106 0.056549 0.007682 1.953959
0.920810 0.006310 0.006210 0.002404 0.000104 0.056481 0.007682 1.954565
0.920870 0.006299 0.006218 0.002406 0.000104 0.056417 0.007685 1.955175
0.920894 0.006288 0.006230 0.002412 0.000104 0.056386 0.007686 1.955803
0.920943 0.006281 0.006211 0.002413 0.000104 0.056363 0.007686 1.956418
0.920996 0.006264 0.006216 0.002398 0.000103 0.056337 0.007687 1.957028
0.920984 0.006290 0.006224 0.002412 0.000103 0.056298 0.007689 1.957665
0.920965 0.006307 0.006237 0.002428 0.000103 0.056269 0.007690 1.958298
0.920995 0.006278 0.006246 0.002421 0.000102 0.056266 0.007691 1.958932
0.921013 0.006276 0.006276 0.002415 0.000101 0.056227 0.007692 1.959571
0.921075 0.006268 0.006251 0.002419 0.000102 0.056193 0.007692 1.960171
0.921122 0.006312 0.006224 0.002412 0.000100 0.056137 0.007693 1.960751
0.921197 0.006322 0.006238 0.002414 0.000097 0.056038 0.007695 1.961357
0.921239 0.006326 0.006220 0.002415 0.000097 0.056007 0.007695 1.961961
0.921280 0.006310 0.006208 0.002403 0.000098 0.056003 0.007698 1.962586
0.921330 0.006283 0.006211 0.002411 0.000095 0.055972 0.007699 1.963197
0.921365 0.006308 0.006235 0.002409 0.000095 0.055887 0.007700 1.963824
0.921416 0.006269 0.006237 0.002416 0.000095 0.055866 0.007701 1.964469
0.921426 0.006314 0.006242 0.002407 0.000099 0.055809 0.007701 1.965072
0.921421 0.006337 0.006257 0.002411 0.000099 0.055772 0.007703 1.965718
0.921493 0.006349 0.006249 0.002399 0.000100 0.055704 0.007705 1.966326
0.921531 0.006407 0.006206 0.002410 0.000102 0.055640 0.007705 1.966924
0.921562 0.006400 0.006199 0.002425 0.000106 0.055602 0.007705 1.967571
0.921599 0.006396 0.006200 0.002450 0.000104 0.055545 0.007707 1.968210
0.921638 0.006370 0.006209 0.002443 0.000103 0.055529 0.007708 1.968837
0.921706 0.006353 0.006195 0.002440 0.000102 0.055493 0.007710 1.969445
0.921762 0.006328 0.006211 0.002434 0.000104 0.055451 0.007710 1.970078
0.921743 0.006377 0.006217 0.002441 0.000105 0.055405 0.007712 1.970686
0.921755 0.006375 0.006246 0.002462 0.000105 0.055346 0.007713 1.971336
0.921775 0.006394 0.006259 0.002442 0.000105 0.055312 0.007714 1.971949
0.921800 0.006376 0.006271 0.002496 0.000104 0.055238 0.007714 1.972596
0.921812 0.006413 0.006278 0.002483 0.000103 0.055198 0.007715 1.973217
0.921836 0.006423 0.006288 0.002474 0.000102 0.055160 0.007716 1.973841
0.921826 0.006430 0.006314 0.002470 0.000099 0.055145 0.007717 1.974480
0.921878 0.006431 0.006308 0.002473 0.000096 0.055095 0.007719 1.975094
0.921888 0.006445 0.006312 0.002486 0.000096 0.055054 0.007720 1.975741
0.921889 0.006441 0.006320 0.002484 0.000095 0.055050 0.007721 1.976381
0.921903 0.006470 0.006293 0.002492 0.000095 0.055025 0.007723 1.976989
0.921888 0.006486 0.006302 0.002442 0.000098 0.055059 0.007724 1.977607
0.921900 0.006450 0.006306 0.002459 0.000097 0.055064 0.007724 1.978252
0.921911 0.006440 0.006304 0.002473 0.000096 0.055050 0.007725 1.978889
0.921968 0.006449 0.006314 0.002456 0.000096 0.054992 0.007726 1.979493
0.921987 0.006442 0.006323 0.002469 0.000096 0.054957 0.007727 1.980142
0.921986 0.006463 0.006339 0.002455 0.000098 0.054931 0.007728 1.980774
0.922017 0.006484 0.006340 0.002430 0.000096 0.054902 0.007729 1.981399
0.922007 0.006485 0.006356 0.002435 0.000096 0.054892 0.007730 1.982039
0.922052 0.006450 0.006347 0.002467 0.000095 0.054859 0.007730 1.982682
0.922076 0.006395 0.006375 0.002475 0.000095 0.054854 0.007731 1.983343
0.922075 0.006381 0.006374 0.002500 0.000097 0.054843 0.007731 1.983988
0.922093 0.006368 0.006392 0.002514 0.000100 0.054801 0.007732 1.984635
0.922087 0.006342 0.006401 0.002517 0.000102 0.054819 0.007732 1.985294
0.922090 0.006346 0.006386 0.002523 0.000103 0.054819 0.007732 1.985929
0.922132 0.006320 0.006395 0.002535 0.000106 0.054780 0.007732 1.986564
0.922164 0.006291 0.006392 0.002551 0.000108 0.054763 0.007732 1.987208
0.922180 0.006292 0.006381 0.002530 0.000106 0.054777 0.007734 1.987836
0.922227 0.006318 0.006353 0.002511 0.000107 0.054751 0.007735 1.988431
0.922249 0.006323 0.006349 0.002507 0.000108 0.054727 0.007736 1.989064
0.922255 0.006323 0.006344 0.002527 0.000106 0.054709 0.007737 1.989690
