0.360928 0.061524 0.055209 0.031666 0.002054 0.482826 0.005794 1.586672
0.363388 0.059186 0.055156 0.031469 0.002060 0.482922 0.005821 1.592608
0.366517 0.056299 0.055015 0.031104 0.002054 0.483159 0.005849 1.598280
0.370377 0.053055 0.054727 0.030639 0.002043 0.483284 0.005875 1.603732
0.374638 0.049831 0.054335 0.030134 0.002031 0.483128 0.005903 1.608762
0.379138 0.046679 0.053629 0.029478 0.002019 0.483126 0.005930 1.613479
0.383823 0.043639 0.052805 0.028753 0.002017 0.483005 0.005959 1.617909
0.388642 0.040689 0.051981 0.028038 0.002011 0.482659 0.005981 1.622101
0.393563 0.038012 0.050904 0.027320 0.001989 0.482197 0.006014 1.625916
0.398526 0.035448 0.049756 0.026467 0.001983 0.481779 0.006040 1.629546
0.403537 0.033068 0.048572 0.025637 0.001969 0.481149 0.006067 1.632907
0.408578 0.030834 0.047413 0.024784 0.001964 0.480335 0.006091 1.636046
0.413716 0.028790 0.046102 0.023964 0.001937 0.479374 0.006116 1.638966
0.418812 0.026861 0.044754 0.023106 0.001917 0.478410 0.006139 1.641690
0.423971 0.025184 0.043354 0.022223 0.001905 0.477202 0.006160 1.644150
0.429208 0.023550 0.041985 0.021380 0.001876 0.475818 0.006184 1.646537
0.434468 0.022050 0.040643 0.020483 0.001856 0.474288 0.006211 1.648750
0.439779 0.020715 0.039170 0.019664 0.001828 0.472609 0.006236 1.650769
0.445058 0.019372 0.037801 0.018855 0.001804 0.470857 0.006254 1.652768
0.450310 0.018195 0.036413 0.018068 0.001791 0.468946 0.006278 1.654601
0.455596 0.017114 0.035096 0.017312 0.001761 0.466823 0.006301 1.656298
0.460742 0.016093 0.033800 0.016593 0.001739 0.464710 0.006324 1.657938
0.466004 0.015151 0.032501 0.015885 0.001696 0.462407 0.006356 1.659438
0.471147 0.014175 0.031272 0.015230 0.001665 0.460135 0.006377 1.660965
0.476344 0.013337 0.030058 0.014595 0.001626 0.457639 0.006401 1.662343
0.481530 0.012567 0.028883 0.013919 0.001604 0.455077 0.006422 1.663634
0.486707 0.011930 0.027698 0.013265 0.001561 0.452388 0.006450 1.664784
0.491761 0.011325 0.026598 0.012665 0.001536 0.449646 0.006471 1.665902
0.496905 0.010749 0.025516 0.012069 0.001502 0.446763 0.006496 1.666965
0.502007 0.010260 0.024473 0.011484 0.001477 0.443786 0.006513 1.667963
0.506953 0.009728 0.023482 0.010963 0.001439 0.440898 0.006538 1.668965
0.512034 0.009264 0.022500 0.010462 0.001404 0.437778 0.006558 1.669880
0.516912 0.008861 0.021542 0.010001 0.001371 0.434738 0.006576 1.670732
0.521915 0.008452 0.020672 0.009577 0.001341 0.431454 0.006589 1.671593
0.526945 0.008043 0.019840 0.009137 0.001307 0.428119 0.006609 1.672405
0.531785 0.007753 0.018953 0.008693 0.001280 0.424912 0.006625 1.673152
0.536604 0.007440 0.018166 0.008323 0.001246 0.421574 0.006647 1.673892
0.541398 0.007135 0.017389 0.007931 0.001215 0.418269 0.006664 1.674619
0.546296 0.006843 0.016647 0.007578 0.001186 0.414770 0.006681 1.675307
0.551030 0.006565 0.015956 0.007240 0.001142 0.411365 0.006701 1.675953
0.555827 0.006301 0.015299 0.006907 0.001114 0.407834 0.006718 1.676586
0.560490 0.006076 0.014654 0.006594 0.001090 0.404363 0.006733 1.677180
0.565079 0.005842 0.014074 0.006278 0.001063 0.400918 0.006746 1.677778
0.569801 0.005609 0.013529 0.006009 0.001036 0.397259 0.006757 1.678363
0.574416 0.005419 0.013006 0.005720 0.000996 0.393671 0.006772 1.678901
0.578931 0.005229 0.012468 0.005455 0.000966 0.390164 0.006788 1.679423
0.583364 0.005074 0.011908 0.005245 0.000938 0.386673 0.006800 1.679906
0.587911 0.004922 0.011437 0.004994 0.000912 0.383013 0.006812 1.680379
0.592344 0.004776 0.010983 0.004774 0.000892 0.379408 0.006823 1.680852
0.596697 0.004623 0.010564 0.004566 0.000864 0.375845 0.006841 1.681313
0.601082 0.004479 0.010144 0.004373 0.000843 0.372230 0.006850 1.681767
0.605457 0.004358 0.009750 0.004182 0.000816 0.368573 0.006863 1.682194
0.609761 0.004245 0.009357 0.004014 0.000792 0.364958 0.006872 1.682596
0.613990 0.004166 0.008976 0.003850 0.000767 0.361370 0.006881 1.682985
0.618237 0.004027 0.008648 0.003697 0.000746 0.357754 0.006892 1.683405
0.622399 0.003898 0.008356 0.003559 0.000725 0.354161 0.006903 1.683822
0.626446 0.003785 0.008050 0.003418 0.000704 0.350685 0.006913 1.684218
0.630586 0.003696 0.007747 0.003271 0.000683 0.347093 0.006925 1.684591
0.634571 0.003622 0.007446 0.003153 0.000662 0.343612 0.006934 1.684949
0.638596 0.003542 0.007155 0.003043 0.000647 0.340075 0.006942 1.685306
0.642539 0.003464 0.006914 0.002928 0.000628 0.336577 0.006949 1.685651
0.646397 0.003389 0.006683 0.002831 0.000606 0.333135 0.006959 1.685989
0.650252 0.003337 0.006403 0.002737 0.000582 0.329722 0.006968 1.686310
0.654148 0.003279 0.006163 0.002646 0.000562 0.326229 0.006973 1.686633
0.657932 0.003218 0.005956 0.002545 0.000545 0.322825 0.006979 1.686954
0.661695 0.003150 0.005767 0.002439 0.000528 0.319436 0.006984 1.687268
0.665408 0.003102 0.005579 0.002361 0.000513 0.316045 0.006991 1.687586
0.669130 0.003031 0.005391 0.002296 0.000491 0.312661 0.007000 1.687892
0.672798 0.002962 0.005245 0.002214 0.000477 0.309299 0.007005 1.688201
0.676358 0.002920 0.005092 0.002121 0.000456 0.306040 0.007013 1.688469
0.679971 0.002893 0.004931 0.002042 0.000441 0.302706 0.007017 1.688734
0.683488 0.002847 0.004791 0.001954 0.000429 0.299468 0.007023 1.689014
0.686929 0.002802 0.004674 0.001894 0.000415 0.296257 0.007030 1.689280
0.690427 0.002747 0.004557 0.001837 0.000401 0.292997 0.007035 1.689560
0.693865 0.002717 0.004440 0.001787 0.000389 0.289761 0.007043 1.689832
0.697175 0.002643 0.004333 0.001740 0.000378 0.286685 0.007046 1.690126
0.700403 0.002614 0.004233 0.001677 0.000366 0.283653 0.007053 1.690379
0.703706 0.002554 0.004139 0.001631 0.000352 0.280560 0.007059 1.690649
0.706942 0.002535 0.004017 0.001599 0.000341 0.277502 0.007065 1.690906
0.710167 0.002509 0.003935 0.001548 0.000334 0.274442 0.007067 1.691157
0.713363 0.002468 0.003852 0.001514 0.000323 0.271408 0.007072 1.691413
0.716558 0.002424 0.003773 0.001474 0.000315 0.268384 0.007074 1.691670
0.719633 0.002417 0.003666 0.001432 0.000305 0.265468 0.007080 1.691897
0.722739 0.002406 0.003576 0.001406 0.000296 0.262491 0.007087 1.692122
0.725784 0.002356 0.003484 0.001373 0.000289 0.259624 0.007090 1.692362
0.728787 0.002362 0.003405 0.001329 0.000279 0.256745 0.007094 1.692566
0.731756 0.002347 0.003359 0.001294 0.000277 0.253873 0.007095 1.692802
0.734655 0.002326 0.003271 0.001265 0.000269 0.251115 0.007100 1.693023
0.737627 0.002326 0.003195 0.001240 0.000261 0.248248 0.007102 1.693245
0.740453 0.002335 0.003138 0.001195 0.000253 0.245522 0.007105 1.693461
0.743328 0.002292 0.003088 0.001169 0.000244 0.242773 0.007108 1.693687
0.746151 0.002277 0.003052 0.001136 0.000236 0.240040 0.007110 1.693909
0.748932 0.002273 0.002982 0.001120 0.000230 0.237351 0.007114 1.694121
0.751650 0.002234 0.002955 0.001107 0.000223 0.234715 0.007117 1.694361
0.754374 0.002216 0.002914 0.001095 0.000215 0.232068 0.007120 1.694582
0.757057 0.002197 0.002883 0.001072 0.000209 0.229461 0.007122 1.694804
0.759772 0.002172 0.002830 0.001058 0.000202 0.226841 0.007126 1.695014
0.762384 0.002157 0.002760 0.001039 0.000195 0.224338 0.007128 1.695221
0.764988 0.002168 0.002717 0.001012 0.000190 0.221795 0.007131 1.695416
0.767546 0.002148 0.002687 0.000998 0.000181 0.219304 0.007136 1.695634
0.770085 0.002122 0.002653 0.000997 0.000172 0.216833 0.007137 1.695846
0.772560 0.002113 0.002598 0.000981 0.000167 0.214441 0.007141 1.696043
0.774938 0.002122 0.002548 0.000985 0.000163 0.212103 0.007142 1.696239
0.777373 0.002113 0.002523 0.000974 0.000158 0.209716 0.007145 1.696438
0.779735 0.002121 0.002495 0.000955 0.000151 0.207397 0.007147 1.696631
0.782081 0.002131 0.002452 0.000927 0.000144 0.205117 0.007150 1.696828
0.784372 0.002115 0.002432 0.000924 0.000137 0.202867 0.007152 1.697032
0.786697 0.002100 0.002413 0.000924 0.000131 0.200582 0.007155 1.697245
0.788992 0.002066 0.002400 0.000914 0.000126 0.198344 0.007158 1.697451
0.791288 0.002049 0.002379 0.000908 0.000126 0.196093 0.007158 1.697666
0.793545 0.002047 0.002344 0.000906 0.000121 0.193878 0.007161 1.697856
0.795781 0.002049 0.002313 0.000895 0.000117 0.191681 0.007164 1.698052
0.797991 0.002016 0.002310 0.000890 0.000111 0.189515 0.007167 1.698279
0.800149 0.002019 0.002273 0.000885 0.000106 0.187399 0.007169 1.698473
0.802319 0.002005 0.002267 0.000870 0.000101 0.185266 0.007172 1.698675
0.804423 0.001988 0.002249 0.000861 0.000097 0.183210 0.007172 1.698875
0.806468 0.001988 0.002219 0.000850 0.000099 0.181204 0.007173 1.699070
0.808478 0.001979 0.002194 0.000843 0.000098 0.179236 0.007173 1.699273
0.810490 0.001963 0.002166 0.000833 0.000098 0.177277 0.007173 1.699466
0.812507 0.001972 0.002141 0.000831 0.000095 0.175281 0.007174 1.699650
0.814511 0.001964 0.002115 0.000822 0.000093 0.173320 0.007176 1.699840
0.816441 0.001935 0.002123 0.000818 0.000091 0.171415 0.007177 1.700051
0.818397 0.001935 0.002124 0.000814 0.000088 0.169465 0.007179 1.700249
0.820310 0.001936 0.002115 0.000803 0.000087 0.167571 0.007179 1.700437
0.822203 0.001939 0.002104 0.000798 0.000083 0.165692 0.007181 1.700642
0.824057 0.001954 0.002096 0.000801 0.000085 0.163827 0.007182 1.700834
0.825875 0.001967 0.002082 0.000809 0.000081 0.162002 0.007183 1.701033
0.827696 0.001967 0.002103 0.000821 0.000080 0.160150 0.007184 1.701238
0.829508 0.001994 0.002085 0.000810 0.000079 0.158340 0.007184 1.701415
0.831284 0.001985 0.002057 0.000812 0.000077 0.156599 0.007185 1.701613
0.833091 0.001938 0.002064 0.000809 0.000078 0.154836 0.007185 1.701827
0.834800 0.001956 0.002054 0.000798 0.000073 0.153132 0.007188 1.702007
0.836514 0.001967 0.002047 0.000793 0.000071 0.151418 0.007190 1.702194
0.838207 0.001958 0.002031 0.000785 0.000069 0.149759 0.007191 1.702389
0.839860 0.001962 0.002006 0.000783 0.000067 0.148131 0.007192 1.702568
0.841550 0.001961 0.001999 0.000767 0.000067 0.146464 0.007192 1.702750
0.843184 0.001980 0.001976 0.000772 0.000064 0.144831 0.007193 1.702927
0.844756 0.001992 0.001977 0.000765 0.000064 0.143253 0.007194 1.703120
0.846360 0.001986 0.001974 0.000769 0.000063 0.141654 0.007194 1.703316
0.847883 0.001981 0.001985 0.000773 0.000062 0.140121 0.007195 1.703514
0.849409 0.001982 0.001979 0.000763 0.000060 0.138612 0.007196 1.703703
0.850942 0.001995 0.001971 0.000757 0.000059 0.137080 0.007197 1.703886
0.852511 0.002004 0.001980 0.000748 0.000059 0.135501 0.007198 1.704075
0.854001 0.001995 0.001972 0.000746 0.000060 0.134028 0.007198 1.704271
0.855466 0.002020 0.001972 0.000754 0.000060 0.132528 0.007199 1.704472
0.856868 0.002040 0.001968 0.000752 0.000058 0.131114 0.007200 1.704668
0.858229 0.002056 0.001981 0.000753 0.000055 0.129724 0.007202 1.704868
0.859645 0.002055 0.001974 0.000753 0.000055 0.128316 0.007202 1.705071
0.860971 0.002054 0.001989 0.000766 0.000055 0.126964 0.007202 1.705286
0.862316 0.002076 0.002002 0.000764 0.000054 0.125584 0.007203 1.705481
0.863644 0.002105 0.001994 0.000767 0.000055 0.124232 0.007204 1.705674
0.864925 0.002125 0.001998 0.000775 0.000056 0.122916 0.007205 1.705873
0.866174 0.002133 0.002005 0.000771 0.000053 0.121657 0.007206 1.706083
0.867449 0.002133 0.002006 0.000776 0.000051 0.120378 0.007208 1.706299
0.868717 0.002156 0.002015 0.000777 0.000051 0.119075 0.007209 1.706504
0.869928 0.002177 0.002010 0.000782 0.000049 0.117843 0.007210 1.706708
0.871109 0.002179 0.002012 0.000781 0.000049 0.116659 0.007210 1.706920
0.872315 0.002191 0.002025 0.000775 0.000050 0.115434 0.007211 1.707130
0.873494 0.002224 0.002023 0.000776 0.000049 0.114224 0.007211 1.707331
0.874642 0.002251 0.002044 0.000796 0.000048 0.113007 0.007211 1.707553
0.875754 0.002262 0.002060 0.000812 0.000047 0.111855 0.007212 1.707774
0.876854 0.002294 0.002063 0.000812 0.000047 0.110717 0.007212 1.707987
0.877958 0.002318 0.002068 0.000823 0.000047 0.109573 0.007212 1.708202
0.879075 0.002335 0.002090 0.000835 0.000048 0.108405 0.007212 1.708430
0.880124 0.002354 0.002124 0.000842 0.000050 0.107294 0.007212 1.708673
0.881227 0.002365 0.002136 0.000843 0.000048 0.106170 0.007213 1.708900
0.882278 0.002367 0.002164 0.000867 0.000047 0.105065 0.007213 1.709154
0.883298 0.002400 0.002177 0.000863 0.000048 0.104000 0.007214 1.709381
0.884256 0.002438 0.002204 0.000869 0.000047 0.102973 0.007214 1.709618
0.885233 0.002469 0.002200 0.000875 0.000047 0.101962 0.007214 1.709860
0.886225 0.002482 0.002228 0.000885 0.000048 0.100919 0.007214 1.710100
0.887162 0.002508 0.002240 0.000895 0.000048 0.099933 0.007215 1.710339
0.888072 0.002527 0.002265 0.000905 0.000047 0.098969 0.007216 1.710588
0.889016 0.002562 0.002283 0.000894 0.000045 0.097983 0.007216 1.710827
0.889901 0.002575 0.002307 0.000911 0.000044 0.097046 0.007216 1.711091
0.890797 0.002592 0.002306 0.000910 0.000045 0.096135 0.007217 1.711345
0.891733 0.002586 0.002329 0.000918 0.000045 0.095173 0.007217 1.711590
0.892588 0.002596 0.002349 0.000938 0.000045 0.094268 0.007217 1.711848
0.893441 0.002616 0.002372 0.000946 0.000046 0.093363 0.007217 1.712092
0.894259 0.002636 0.002383 0.000956 0.000046 0.092503 0.007217 1.712352
0.895102 0.002680 0.002374 0.000947 0.000046 0.091636 0.007217 1.712591
0.895918 0.002701 0.002386 0.000953 0.000044 0.090781 0.007218 1.712848
0.896731 0.002695 0.002397 0.000958 0.000043 0.089959 0.007218 1.713111
0.897494 0.002698 0.002418 0.000969 0.000044 0.089159 0.007219 1.713382
0.898282 0.002713 0.002443 0.000976 0.000041 0.088326 0.007220 1.713657
0.899023 0.002757 0.002451 0.000967 0.000042 0.087542 0.007220 1.713907
0.899752 0.002765 0.002464 0.000992 0.000043 0.086765 0.007220 1.714184
0.900528 0.002811 0.002470 0.001002 0.000040 0.085928 0.007222 1.714441
0.901229 0.002837 0.002489 0.001021 0.000039 0.085163 0.007222 1.714719
0.901934 0.002851 0.002506 0.001022 0.000041 0.084424 0.007223 1.714987
0.902639 0.002881 0.002550 0.001028 0.000043 0.083637 0.007223 1.715259
0.903331 0.002898 0.002571 0.001036 0.000044 0.082899 0.007223 1.715543
0.904037 0.002924 0.002572 0.001037 0.000046 0.082162 0.007223 1.715825
0.904720 0.002945 0.002583 0.001034 0.000044 0.081450 0.007223 1.716097
0.905336 0.002989 0.002622 0.001032 0.000044 0.080753 0.007223 1.716388
0.905958 0.003014 0.002635 0.001039 0.000047 0.080082 0.007223 1.716682
0.906572 0.003006 0.002688 0.001053 0.000045 0.079413 0.007223 1.717003
0.907185 0.003012 0.002715 0.001072 0.000043 0.078748 0.007224 1.717305
0.907772 0.003037 0.002710 0.001087 0.000041 0.078128 0.007224 1.717602
0.908380 0.003071 0.002739 0.001096 0.000040 0.077449 0.007225 1.717907
0.908957 0.003117 0.002749 0.001102 0.000039 0.076811 0.007225 1.718195
0.909549 0.003130 0.002768 0.001108 0.000039 0.076182 0.007226 1.718491
0.910105 0.003158 0.002787 0.001106 0.000039 0.075579 0.007227 1.718787
0.910629 0.003159 0.002836 0.001105 0.000038 0.075007 0.007227 1.719122
0.911197 0.003162 0.002870 0.001129 0.000039 0.074377 0.007227 1.719450
0.911720 0.003182 0.002871 0.001148 0.000037 0.073812 0.007230 1.719771
0.912240 0.003188 0.002897 0.001161 0.000036 0.073247 0.007230 1.720085
0.912729 0.003237 0.002921 0.001171 0.000035 0.072677 0.007230 1.720397
0.913231 0.003272 0.002955 0.001164 0.000034 0.072112 0.007231 1.720712
0.913689 0.003314 0.002961 0.001163 0.000034 0.071607 0.007231 1.721022
0.914163 0.003347 0.002962 0.001173 0.000036 0.071089 0.007231 1.721353
0.914627 0.003360 0.002957 0.001194 0.000035 0.070597 0.007231 1.721678
0.915060 0.003391 0.002981 0.001215 0.000035 0.070088 0.007231 1.722015
0.915524 0.003417 0.002991 0.001243 0.000036 0.069559 0.007232 1.722349
0.916001 0.003417 0.003011 0.001245 0.000037 0.069058 0.007232 1.722692
0.916411 0.003458 0.003053 0.001261 0.000039 0.068547 0.007232 1.723042
0.916824 0.003489 0.003078 0.001271 0.000038 0.068067 0.007233 1.723387
0.917254 0.003534 0.003105 0.001269 0.000037 0.067569 0.007233 1.723722
0.917664 0.003575 0.003136 0.001262 0.000039 0.067091 0.007233 1.724063
0.918017 0.003615 0.003144 0.001263 0.000041 0.066687 0.007233 1.724414
0.918394 0.003646 0.003156 0.001273 0.000039 0.066258 0.007234 1.724765
0.918748 0.003705 0.003180 0.001279 0.000040 0.065816 0.007234 1.725129
0.919100 0.003706 0.003231 0.001308 0.000041 0.065381 0.007234 1.725513
0.919450 0.003740 0.003269 0.001322 0.000040 0.064946 0.007235 1.725876
0.919796 0.003795 0.003309 0.001315 0.000040 0.064509 0.007236 1.726240
0.920132 0.003809 0.003360 0.001334 0.000040 0.064089 0.007236 1.726626
0.920441 0.003829 0.003400 0.001354 0.000040 0.063700 0.007238 1.727012
0.920769 0.003855 0.003427 0.001358 0.000041 0.063313 0.007238 1.727383
0.921050 0.003900 0.003431 0.001366 0.000043 0.062972 0.007239 1.727765
0.921320 0.003927 0.003487 0.001385 0.000045 0.062597 0.007239 1.728173
0.921586 0.003977 0.003505 0.001393 0.000043 0.062256 0.007240 1.728553
0.921829 0.004044 0.003548 0.001423 0.000041 0.061874 0.007241 1.728936
0.922074 0.004082 0.003578 0.001447 0.000040 0.061537 0.007242 1.729335
0.922375 0.004114 0.003621 0.001446 0.000040 0.061163 0.007242 1.729739
0.922647 0.004166 0.003654 0.001455 0.000039 0.060797 0.007243 1.730136
0.922884 0.004178 0.003713 0.001475 0.000039 0.060467 0.007244 1.730570
0.923104 0.004194 0.003769 0.001481 0.000039 0.060171 0.007244 1.730986
0.923315 0.004235 0.003819 0.001476 0.000042 0.059870 0.007244 1.731411
0.923524 0.004294 0.003860 0.001491 0.000043 0.059544 0.007244 1.731848
0.923729 0.004337 0.003884 0.001503 0.000044 0.059258 0.007244 1.732280
0.923946 0.004398 0.003891 0.001504 0.000046 0.058971 0.007244 1.732686
0.924175 0.004421 0.003901 0.001506 0.000048 0.058704 0.007245 1.733119
0.924416 0.004435 0.003914 0.001519 0.000050 0.058423 0.007245 1.733545
0.924579 0.004478 0.003931 0.001542 0.000051 0.058174 0.007245 1.733981
0.924791 0.004478 0.003954 0.001570 0.000050 0.057908 0.007247 1.734431
0.924974 0.004531 0.003954 0.001560 0.000050 0.057682 0.007248 1.734849
0.925150 0.004550 0.004003 0.001578 0.000050 0.057421 0.007248 1.735306
0.925365 0.004546 0.004042 0.001590 0.000051 0.057157 0.007249 1.735756
0.925527 0.004563 0.004058 0.001608 0.000052 0.056943 0.007249 1.736199
0.925701 0.004601 0.004078 0.001623 0.000053 0.056696 0.007249 1.736632
0.925831 0.004642 0.004130 0.001638 0.000056 0.056454 0.007249 1.737098
0.925961 0.004665 0.004154 0.001650 0.000056 0.056266 0.007249 1.737545
0.926106 0.004688 0.004175 0.001657 0.000058 0.056067 0.007249 1.738006
0.926236 0.004725 0.004220 0.001664 0.000056 0.055849 0.007249 1.738468
0.926339 0.004765 0.004232 0.001671 0.000057 0.055685 0.007251 1.738931
0.926449 0.004814 0.004248 0.001679 0.000055 0.055503 0.007251 1.739387
0.926519 0.004865 0.004310 0.001684 0.000052 0.055319 0.007252 1.739870
0.926647 0.004901 0.004330 0.001696 0.000052 0.055121 0.007253 1.740334
0.926715 0.004940 0.004375 0.001723 0.000052 0.054942 0.007254 1.740817
0.926783 0.005006 0.004400 0.001739 0.000052 0.054765 0.007255 1.741283
0.926878 0.005052 0.004432 0.001761 0.000051 0.054572 0.007255 1.741782
0.926906 0.005118 0.004441 0.001771 0.000053 0.054455 0.007255 1.742262
0.927032 0.005099 0.004483 0.001784 0.000053 0.054293 0.007256 1.742751
0.927122 0.005118 0.004513 0.001797 0.000052 0.054140 0.007258 1.743245
0.927206 0.005081 0.004591 0.001816 0.000051 0.053997 0.007258 1.743791
0.927246 0.005096 0.004648 0.001832 0.000051 0.053867 0.007259 1.744320
0.927316 0.005080 0.004693 0.001855 0.000052 0.053742 0.007260 1.744853
0.927389 0.005081 0.004734 0.001854 0.000051 0.053631 0.007260 1.745356
0.927481 0.005103 0.004750 0.001855 0.000052 0.053500 0.007260 1.745855
0.927553 0.005145 0.004744 0.001868 0.000052 0.053378 0.007260 1.746345
0.927589 0.005133 0.004770 0.001914 0.000054 0.053279 0.007260 1.746889
0.927609 0.005157 0.004813 0.001925 0.000055 0.053180 0.007261 1.747414
0.927637 0.005183 0.004839 0.001949 0.000057 0.053074 0.007261 1.747937
0.927689 0.005183 0.004888 0.001965 0.000056 0.052957 0.007262 1.748468
0.927733 0.005216 0.004891 0.001961 0.000058 0.052878 0.007263 1.748960
0.927740 0.005282 0.004925 0.001968 0.000060 0.052762 0.007263 1.749472
0.927769 0.005321 0.004946 0.001940 0.000060 0.052698 0.007265 1.749972
0.927782 0.005377 0.004927 0.001963 0.000061 0.052624 0.007266 1.750490
0.927799 0.005406 0.004953 0.001959 0.000060 0.052556 0.007267 1.751030
0.927806 0.005425 0.004995 0.001961 0.000059 0.052485 0.007267 1.751582
0.927798 0.005434 0.005040 0.001985 0.000059 0.052417 0.007267 1.752160
0.927830 0.005438 0.005058 0.001997 0.000060 0.052350 0.007267 1.752709
0.927820 0.005494 0.005042 0.002020 0.000060 0.052296 0.007268 1.753228
0.927795 0.005531 0.005075 0.002048 0.000058 0.052224 0.007269 1.753778
0.927790 0.005542 0.005111 0.002055 0.000061 0.052172 0.007269 1.754347
0.927803 0.005552 0.005149 0.002054 0.000064 0.052109 0.007269 1.754909
0.927842 0.005535 0.005190 0.002063 0.000067 0.052035 0.007269 1.755492
0.927797 0.005600 0.005190 0.002072 0.000068 0.052002 0.007270 1.756019
0.927794 0.005647 0.005194 0.002077 0.000070 0.051949 0.007270 1.756554
0.927757 0.005647 0.005229 0.002095 0.000069 0.051932 0.007271 1.757136
0.927753 0.005712 0.005232 0.002097 0.000072 0.051863 0.007271 1.757662
0.927695 0.005750 0.005275 0.002107 0.000070 0.051830 0.007272 1.758214
0.927684 0.005775 0.005312 0.002114 0.000070 0.051772 0.007273 1.758783
0.927671 0.005759 0.005375 0.002116 0.000070 0.051734 0.007274 1.759372
0.927632 0.005795 0.005383 0.002135 0.000073 0.051708 0.007274 1.759926
0.927640 0.005816 0.005389 0.002139 0.000073 0.051667 0.007275 1.760496
0.927619 0.005817 0.005384 0.002150 0.000071 0.051684 0.007275 1.761064
0.927592 0.005829 0.005399 0.002169 0.000071 0.051663 0.007276 1.761655
0.927569 0.005825 0.005435 0.002186 0.000076 0.051631 0.007276 1.762247
0.927551 0.005857 0.005444 0.002214 0.000077 0.051580 0.007277 1.762812
0.927502 0.005940 0.005458 0.002190 0.000079 0.051553 0.007277 1.763337
0.927503 0.005915 0.005493 0.002210 0.000081 0.051520 0.007278 1.763940
0.927557 0.005888 0.005514 0.002217 0.000082 0.051465 0.007278 1.764520
0.927554 0.005865 0.005541 0.002247 0.000081 0.051434 0.007279 1.765120
0.927496 0.005895 0.005579 0.002245 0.000081 0.051425 0.007279 1.765683
0.927487 0.005887 0.005578 0.002259 0.000078 0.051430 0.007280 1.766273
0.927454 0.005886 0.005578 0.002265 0.000079 0.051456 0.007282 1.766858
0.927421 0.005935 0.005564 0.002264 0.000082 0.051451 0.007283 1.767410
0.927383 0.005961 0.005595 0.002253 0.000077 0.051446 0.007285 1.767985
0.927373 0.005940 0.005625 0.002260 0.000079 0.051438 0.007285 1.768580
0.927353 0.005922 0.005668 0.002261 0.000079 0.051432 0.007285 1.769180
0.927326 0.005932 0.005695 0.002267 0.000081 0.051415 0.007285 1.769771
0.927313 0.005940 0.005701 0.002259 0.000083 0.051417 0.007286 1.770344
0.927329 0.005966 0.005720 0.002264 0.000086 0.051349 0.007286 1.770901
0.927273 0.005968 0.005710 0.002298 0.000083 0.051378 0.007288 1.771491
0.927219 0.005993 0.005724 0.002296 0.000083 0.051395 0.007289 1.772077
0.927161 0.006038 0.005704 0.002304 0.000084 0.051420 0.007289 1.772653
0.927079 0.006003 0.005721 0.002321 0.000084 0.051502 0.007291 1.773286
0.927040 0.005987 0.005721 0.002323 0.000085 0.051553 0.007291 1.773872
0.926980 0.005973 0.005767 0.002319 0.000086 0.051584 0.007292 1.774478
0.926938 0.006018 0.005804 0.002311 0.000086 0.051552 0.007293 1.775054
0.926909 0.006032 0.005830 0.002300 0.000087 0.051548 0.007294 1.775648
0.926844 0.006087 0.005797 0.002299 0.000087 0.051592 0.007294 1.776221
0.926823 0.006086 0.005806 0.002286 0.000086 0.051619 0.007295 1.776810
0.926783 0.006101 0.005795 0.002287 0.000084 0.051655 0.007295 1.777392
0.926767 0.006120 0.005789 0.002262 0.000085 0.051682 0.007296 1.777963
0.926735 0.006133 0.005793 0.002260 0.000085 0.051698 0.007297 1.778559
0.926679 0.006119 0.005808 0.002293 0.000083 0.051721 0.007297 1.779174
0.926640 0.006113 0.005807 0.002293 0.000085 0.051764 0.007298 1.779777
0.926578 0.006154 0.005808 0.002281 0.000085 0.051797 0.007298 1.780355
0.926574 0.006124 0.005828 0.002309 0.000086 0.051780 0.007300 1.780972
0.926580 0.006094 0.005837 0.002306 0.000086 0.051796 0.007300 1.781577
0.926537 0.006116 0.005832 0.002323 0.000086 0.051803 0.007301 1.782153
0.926517 0.006116 0.005823 0.002311 0.000085 0.051844 0.007303 1.782742
0.926536 0.006102 0.005835 0.002301 0.000086 0.051837 0.007303 1.783340
0.926493 0.006121 0.005840 0.002289 0.000085 0.051869 0.007303 1.783920
0.926471 0.006109 0.005843 0.002307 0.000087 0.051878 0.007305 1.784533
0.926431 0.006086 0.005863 0.002299 0.000085 0.051930 0.007307 1.785153
0.926397 0.006048 0.005885 0.002303 0.000087 0.051974 0.007307 1.785775
0.926388 0.006058 0.005873 0.002294 0.000086 0.051992 0.007308 1.786346
0.926405 0.006041 0.005866 0.002307 0.000084 0.051989 0.007309 1.786952
0.926368 0.006050 0.005858 0.002313 0.000086 0.052015 0.007309 1.787540
0.926327 0.006027 0.005880 0.002318 0.000086 0.052052 0.007310 1.788159
0.926293 0.006003 0.005889 0.002327 0.000085 0.052091 0.007311 1.788756
0.926230 0.006033 0.005896 0.002304 0.000089 0.052138 0.007311 1.789325
0.926222 0.006000 0.005883 0.002316 0.000091 0.052177 0.007311 1.789916
0.926185 0.005993 0.005879 0.002322 0.000090 0.052219 0.007312 1.790516
0.926165 0.006006 0.005912 0.002318 0.000091 0.052196 0.007313 1.791115
0.926091 0.006044 0.005899 0.002336 0.000093 0.052225 0.007313 1.791688
0.926054 0.006071 0.005899 0.002347 0.000092 0.052223 0.007314 1.792277
0.925980 0.006097 0.005902 0.002378 0.000091 0.052237 0.007315 1.792872
0.925946 0.006056 0.005944 0.002392 0.000092 0.052256 0.007315 1.793489
0.925904 0.006061 0.005931 0.002383 0.000089 0.052316 0.007316 1.794069
0.925846 0.006078 0.005933 0.002392 0.000090 0.052346 0.007316 1.794657
0.925834 0.006093 0.005919 0.002394 0.000091 0.052353 0.007317 1.795222
0.925828 0.006087 0.005939 0.002378 0.000090 0.052361 0.007318 1.795819
0.925814 0.006090 0.005940 0.002414 0.000088 0.052333 0.007319 1.796422
0.925798 0.006123 0.005932 0.002411 0.000088 0.052329 0.007320 1.796987
0.925767 0.006082 0.005954 0.002403 0.000089 0.052385 0.007320 1.797621
0.925774 0.006055 0.005946 0.002414 0.000095 0.052397 0.007320 1.798221
0.925741 0.006023 0.005973 0.002413 0.000093 0.052436 0.007322 1.798839
0.925692 0.006049 0.005935 0.002382 0.000094 0.052526 0.007323 1.799407
0.925639 0.006043 0.005972 0.002380 0.000095 0.052549 0.007323 1.800017
0.925630 0.006027 0.005953 0.002361 0.000094 0.052611 0.007325 1.800622
0.925592 0.006048 0.005918 0.002356 0.000094 0.052665 0.007327 1.801203
0.925573 0.006038 0.005969 0.002334 0.000092 0.052666 0.007328 1.801811
0.925564 0.006022 0.005999 0.002325 0.000093 0.052667 0.007329 1.802421
0.925487 0.006025 0.006019 0.002332 0.000093 0.052715 0.007330 1.803031
0.925498 0.005990 0.006057 0.002323 0.000089 0.052712 0.007332 1.803632
0.925510 0.005976 0.006045 0.002315 0.000090 0.052731 0.007333 1.804214
0.925492 0.006005 0.006032 0.002310 0.000091 0.052738 0.007333 1.804777
0.925475 0.006011 0.006043 0.002306 0.000093 0.052738 0.007334 1.805365
0.925486 0.005981 0.006040 0.002286 0.000093 0.052779 0.007336 1.805952
0.925466 0.005981 0.006004 0.002301 0.000094 0.052819 0.007336 1.806541
0.925465 0.005943 0.006010 0.002299 0.000093 0.052852 0.007338 1.807147
0.925462 0.005907 0.006022 0.002299 0.000090 0.052877 0.007342 1.807744
0.925440 0.005911 0.005996 0.002311 0.000091 0.052908 0.007344 1.808325
0.925458 0.005884 0.006005 0.002317 0.000090 0.052901 0.007345 1.808911
0.925484 0.005847 0.005968 0.002329 0.000088 0.052938 0.007346 1.809501
0.925501 0.005836 0.005959 0.002346 0.000088 0.052924 0.007346 1.810083
0.925513 0.005841 0.005956 0.002330 0.000089 0.052925 0.007347 1.810655
0.925541 0.005849 0.005974 0.002318 0.000089 0.052882 0.007347 1.811220
0.925576 0.005836 0.005947 0.002342 0.000090 0.052862 0.007348 1.811793
0.925550 0.005863 0.005943 0.002352 0.000091 0.052851 0.007349 1.812374
0.925570 0.005823 0.005945 0.002354 0.000092 0.052866 0.007349 1.812978
0.925577 0.005796 0.005968 0.002358 0.000089 0.052863 0.007350 1.813573
0.925587 0.005758 0.005977 0.002363 0.000088 0.052877 0.007351 1.814165
0.925583 0.005724 0.005976 0.002346 0.000086 0.052934 0.007352 1.814770
0.925592 0.005717 0.005942 0.002336 0.000088 0.052974 0.007352 1.815338
0.925574 0.005705 0.005928 0.002352 0.000086 0.053002 0.007354 1.815918
0.925598 0.005683 0.005888 0.002350 0.000086 0.053041 0.007355 1.816468
0.925650 0.005697 0.005840 0.002319 0.000088 0.053051 0.007356 1.817008
0.925633 0.005677 0.005832 0.002314 0.000087 0.053102 0.007356 1.817580
0.925662 0.005657 0.005820 0.002317 0.000085 0.053103 0.007356 1.818159
0.925633 0.005697 0.005798 0.002300 0.000087 0.053129 0.007356 1.818705
0.925656 0.005670 0.005803 0.002289 0.000084 0.053139 0.007359 1.819275
0.925670 0.005680 0.005814 0.002274 0.000085 0.053116 0.007360 1.819832
0.925670 0.005726 0.005777 0.002248 0.000085 0.053135 0.007360 1.820355
0.925655 0.005760 0.005755 0.002239 0.000085 0.053146 0.007361 1.820880
0.925663 0.005791 0.005725 0.002243 0.000087 0.053130 0.007362 1.821422
0.925681 0.005788 0.005730 0.002237 0.000087 0.053115 0.007362 1.821992
0.925677 0.005770 0.005721 0.002231 0.000088 0.053151 0.007363 1.822570
0.925657 0.005782 0.005710 0.002223 0.000086 0.053179 0.007364 1.823126
0.925664 0.005802 0.005729 0.002207 0.000083 0.053150 0.007365 1.823673
0.925692 0.005789 0.005744 0.002218 0.000081 0.053110 0.007366 1.824253
0.925685 0.005791 0.005779 0.002204 0.000077 0.053095 0.007367 1.824828
0.925637 0.005819 0.005767 0.002190 0.000080 0.053140 0.007367 1.825418
0.925644 0.005782 0.005779 0.002200 0.000079 0.053146 0.007369 1.826009
0.925666 0.005746 0.005766 0.002222 0.000082 0.053148 0.007371 1.826588
0.925691 0.005711 0.005746 0.002237 0.000080 0.053163 0.007373 1.827178
0.925680 0.005719 0.005711 0.002251 0.000081 0.053185 0.007374 1.827752
0.925694 0.005727 0.005689 0.002244 0.000081 0.053191 0.007375 1.828311
0.925677 0.005727 0.005677 0.002233 0.000084 0.053229 0.007375 1.828878
0.925705 0.005730 0.005674 0.002242 0.000083 0.053191 0.007375 1.829435
0.925737 0.005695 0.005684 0.002245 0.000082 0.053183 0.007376 1.830022
0.925810 0.005686 0.005667 0.002235 0.000082 0.053143 0.007377 1.830569
0.925843 0.005671 0.005674 0.002214 0.000084 0.053136 0.007377 1.831135
0.925834 0.005694 0.005654 0.002214 0.000081 0.053145 0.007377 1.831689
0.925833 0.005710 0.005624 0.002213 0.000078 0.053163 0.007379 1.832235
0.925883 0.005706 0.005626 0.002225 0.000083 0.053099 0.007379 1.832786
0.925948 0.005681 0.005611 0.002245 0.000082 0.053053 0.007379 1.833342
0.925989 0.005668 0.005575 0.002251 0.000084 0.053053 0.007380 1.833891
0.926024 0.005701 0.005538 0.002250 0.000085 0.053023 0.007380 1.834406
0.926053 0.005722 0.005515 0.002251 0.000087 0.052992 0.007380 1.834955
0.926077 0.005683 0.005556 0.002273 0.000089 0.052941 0.007381 1.835541
0.926075 0.005711 0.005540 0.002274 0.000089 0.052928 0.007382 1.836079
0.926126 0.005681 0.005539 0.002288 0.000090 0.052892 0.007384 1.836648
0.926178 0.005687 0.005532 0.002295 0.000089 0.052835 0.007385 1.837203
0.926174 0.005676 0.005539 0.002306 0.000090 0.052830 0.007385 1.837777
0.926194 0.005662 0.005515 0.002307 0.000090 0.052847 0.007386 1.838320
0.926237 0.005630 0.005546 0.002281 0.000091 0.052827 0.007387 1.838865
0.926286 0.005622 0.005522 0.002281 0.000090 0.052810 0.007388 1.839413
0.926322 0.005645 0.005523 0.002263 0.000090 0.052768 0.007389 1.839944
0.926384 0.005627 0.005544 0.002262 0.000088 0.052704 0.007391 1.840512
0.926433 0.005640 0.005546 0.002260 0.000087 0.052642 0.007392 1.841047
0.926510 0.005603 0.005567 0.002238 0.000087 0.052605 0.007392 1.841605
0.926545 0.005616 0.005514 0.002241 0.000087 0.052605 0.007392 1.842117
0.926558 0.005601 0.005524 0.002240 0.000090 0.052596 0.007392 1.842683
0.926593 0.005579 0.005558 0.002241 0.000091 0.052546 0.007393 1.843249
0.926636 0.005560 0.005574 0.002217 0.000090 0.052530 0.007394 1.843799
0.926669 0.005559 0.005538 0.002227 0.000089 0.052521 0.007396 1.844328
0.926708 0.005566 0.005530 0.002230 0.000089 0.052480 0.007397 1.844869
0.926737 0.005519 0.005536 0.002224 0.000090 0.052497 0.007397 1.845436
0.926808 0.005516 0.005532 0.002216 0.000090 0.052439 0.007400 1.845972
0.926830 0.005503 0.005513 0.002206 0.000091 0.052456 0.007401 1.846516
0.926879 0.005479 0.005513 0.002191 0.000093 0.052445 0.007402 1.847052
0.926924 0.005490 0.005498 0.002192 0.000096 0.052398 0.007402 1.847585
0.926931 0.005502 0.005480 0.002195 0.000096 0.052394 0.007403 1.848129
0.926938 0.005500 0.005481 0.002166 0.000094 0.052415 0.007405 1.848654
0.927010 0.005453 0.005458 0.002165 0.000093 0.052416 0.007406 1.849210
0.927063 0.005415 0.005474 0.002189 0.000090 0.052362 0.007408 1.849761
0.927075 0.005478 0.005443 0.002152 0.000086 0.052358 0.007409 1.850256
0.927117 0.005454 0.005454 0.002164 0.000086 0.052317 0.007409 1.850802
0.927184 0.005434 0.005442 0.002167 0.000088 0.052277 0.007410 1.851329
0.927213 0.005436 0.005421 0.002147 0.000086 0.052287 0.007411 1.851857
0.927257 0.005395 0.005462 0.002144 0.000086 0.052244 0.007413 1.852424
0.927335 0.005358 0.005451 0.002151 0.000086 0.052207 0.007414 1.852961
0.927384 0.005365 0.005439 0.002153 0.000086 0.052158 0.007415 1.853469
0.927408 0.005372 0.005403 0.002152 0.000088 0.052162 0.007415 1.853984
0.927432 0.005369 0.005395 0.002125 0.000086 0.052176 0.007417 1.854499
0.927491 0.005331 0.005404 0.002126 0.000087 0.052144 0.007418 1.855032
0.927566 0.005294 0.005397 0.002126 0.000089 0.052111 0.007418 1.855564
0.927643 0.005265 0.005405 0.002123 0.000091 0.052056 0.007418 1.856099
0.927687 0.005253 0.005399 0.002136 0.000089 0.052017 0.007419 1.856634
0.927720 0.005280 0.005370 0.002126 0.000086 0.051999 0.007419 1.857135
0.927754 0.005254 0.005365 0.002127 0.000089 0.051991 0.007419 1.857677
0.927782 0.005247 0.005401 0.002120 0.000086 0.051945 0.007420 1.858211
0.927841 0.005255 0.005380 0.002116 0.000085 0.051901 0.007421 1.858705
0.927886 0.005262 0.005351 0.002118 0.000084 0.051878 0.007422 1.859212
0.927969 0.005193 0.005379 0.002097 0.000086 0.051853 0.007423 1.859754
0.928005 0.005236 0.005325 0.002103 0.000087 0.051819 0.007425 1.860241
0.928067 0.005196 0.005334 0.002105 0.000089 0.051784 0.007426 1.860781
0.928098 0.005215 0.005316 0.002095 0.000086 0.051764 0.007427 1.861283
0.928171 0.005215 0.005279 0.002090 0.000084 0.051733 0.007428 1.861783
0.928239 0.005198 0.005277 0.002102 0.000083 0.051673 0.007429 1.862301
0.928255 0.005213 0.005275 0.002091 0.000085 0.051652 0.007429 1.862825
0.928289 0.005187 0.005291 0.002089 0.000084 0.051630 0.007430 1.863355
0.928335 0.005151 0.005309 0.002096 0.000084 0.051593 0.007431 1.863913
0.928385 0.005159 0.005264 0.002105 0.000084 0.051572 0.007431 1.864413
0.928428 0.005187 0.005238 0.002089 0.000083 0.051544 0.007431 1.864914
0.928495 0.005157 0.005191 0.002092 0.000084 0.051549 0.007432 1.865421
0.928533 0.005156 0.005185 0.002109 0.000082 0.051502 0.007432 1.865939
0.928594 0.005151 0.005181 0.002079 0.000079 0.051482 0.007434 1.866439
0.928656 0.005161 0.005166 0.002077 0.000078 0.051428 0.007435 1.866952
0.928701 0.005137 0.005149 0.002073 0.000078 0.051426 0.007436 1.867459
0.928710 0.005175 0.005156 0.002051 0.000079 0.051393 0.007436 1.867946
0.928804 0.005158 0.005153 0.002049 0.000080 0.051320 0.007437 1.868462
0.928862 0.005146 0.005147 0.002062 0.000084 0.051263 0.007437 1.868992
0.928895 0.005157 0.005122 0.002051 0.000083 0.051253 0.007438 1.869490
0.928965 0.005142 0.005139 0.002041 0.000083 0.051192 0.007438 1.870004
0.928995 0.005122 0.005142 0.002040 0.000080 0.051182 0.007439 1.870530
0.929071 0.005108 0.005128 0.002021 0.000080 0.051153 0.007440 1.871026
0.929120 0.005094 0.005141 0.002015 0.000080 0.051108 0.007442 1.871532
0.929166 0.005076 0.005169 0.002025 0.000080 0.051042 0.007442 1.872054
0.929214 0.005082 0.005160 0.002020 0.000081 0.051000 0.007443 1.872546
0.929224 0.005112 0.005143 0.002009 0.000084 0.050986 0.007443 1.873040
0.929271 0.005114 0.005154 0.001988 0.000086 0.050944 0.007444 1.873531
0.929310 0.005150 0.005134 0.001968 0.000087 0.050907 0.007445 1.874014
0.929334 0.005193 0.005118 0.001973 0.000088 0.050848 0.007445 1.874488
0.929359 0.005191 0.005112 0.001987 0.000088 0.050819 0.007445 1.875001
0.929337 0.005226 0.005100 0.001995 0.000086 0.050810 0.007446 1.875492
0.929327 0.005256 0.005113 0.001991 0.000085 0.050782 0.007447 1.876017
0.929336 0.005276 0.005106 0.001973 0.000084 0.050779 0.007448 1.876518
0.929397 0.005254 0.005141 0.001971 0.000086 0.050704 0.007448 1.877037
0.929443 0.005266 0.005135 0.001968 0.000087 0.050652 0.007449 1.877544
0.929470 0.005253 0.005166 0.001976 0.000087 0.050599 0.007450 1.878072
0.929492 0.005266 0.005157 0.001960 0.000086 0.050588 0.007451 1.878583
0.929503 0.005267 0.005148 0.001983 0.000086 0.050559 0.007452 1.879110
0.929508 0.005291 0.005130 0.001986 0.000087 0.050546 0.007453 1.879624
0.929536 0.005316 0.005116 0.001995 0.000084 0.050499 0.007454 1.880137
0.929529 0.005332 0.005133 0.001999 0.000084 0.050470 0.007454 1.880671
0.929575 0.005320 0.005144 0.001980 0.000086 0.050440 0.007455 1.881185
0.929576 0.005330 0.005150 0.001997 0.000088 0.050404 0.007455 1.881707
0.929615 0.005311 0.005170 0.002009 0.000091 0.050349 0.007456 1.882242
0.929590 0.005360 0.005181 0.002004 0.000091 0.050317 0.007456 1.882737
0.929631 0.005356 0.005193 0.002000 0.000091 0.050274 0.007456 1.883241
0.929630 0.005385 0.005196 0.001983 0.000087 0.050264 0.007457 1.883752
0.929630 0.005383 0.005202 0.001980 0.000085 0.050261 0.007459 1.884278
0.929652 0.005383 0.005217 0.001976 0.000086 0.050227 0.007460 1.884805
0.929626 0.005403 0.005206 0.002001 0.000083 0.050219 0.007461 1.885347
0.929627 0.005380 0.005259 0.002004 0.000082 0.050187 0.007462 1.885901
0.929632 0.005379 0.005252 0.002017 0.000084 0.050173 0.007463 1.886431
0.929669 0.005399 0.005218 0.002014 0.000084 0.050153 0.007463 1.886943
0.929669 0.005367 0.005274 0.002021 0.000083 0.050122 0.007465 1.887512
0.929670 0.005373 0.005285 0.002013 0.000083 0.050111 0.007466 1.888035
0.929672 0.005412 0.005280 0.002021 0.000084 0.050066 0.007466 1.888541
0.929727 0.005395 0.005284 0.002039 0.000083 0.050005 0.007466 1.889059
0.929725 0.005431 0.005296 0.002018 0.000085 0.049979 0.007467 1.889562
0.929751 0.005410 0.005310 0.002035 0.000086 0.049941 0.007467 1.890102
0.929777 0.005416 0.005289 0.002034 0.000085 0.049931 0.007467 1.890602
0.929750 0.005412 0.005286 0.002016 0.000087 0.049981 0.007468 1.891141
0.929731 0.005411 0.005282 0.002023 0.000086 0.049998 0.007469 1.891675
0.929772 0.005371 0.005293 0.002021 0.000084 0.049988 0.007471 1.892205
0.929809 0.005334 0.005319 0.002022 0.000083 0.049964 0.007471 1.892742
0.929816 0.005341 0.005334 0.002003 0.000083 0.049951 0.007472 1.893247
0.929802 0.005367 0.005308 0.002006 0.000086 0.049959 0.007473 1.893765
0.929817 0.005363 0.005277 0.002024 0.000085 0.049962 0.007473 1.894293
0.929814 0.005360 0.005290 0.002029 0.000085 0.049948 0.007473 1.894833
0.929809 0.005358 0.005287 0.002044 0.000087 0.049939 0.007475 1.895365
0.929850 0.005348 0.005278 0.002047 0.000088 0.049914 0.007475 1.895883
0.929868 0.005339 0.005295 0.002054 0.000089 0.049881 0.007475 1.896410
0.929849 0.005331 0.005300 0.002066 0.000090 0.049888 0.007476 1.896956
0.929828 0.005357 0.005312 0.002066 0.000091 0.049870 0.007476 1.897474
0.929845 0.005342 0.005323 0.002075 0.000087 0.049850 0.007478 1.898018
0.929864 0.005354 0.005336 0.002064 0.000087 0.049816 0.007479 1.898547
0.929828 0.005385 0.005317 0.002066 0.000091 0.049833 0.007480 1.899061
0.929867 0.005325 0.005338 0.002069 0.000093 0.049828 0.007480 1.899607
0.929881 0.005338 0.005352 0.002074 0.000093 0.049781 0.007481 1.900136
0.929875 0.005352 0.005379 0.002067 0.000089 0.049754 0.007484 1.900669
0.929911 0.005306 0.005417 0.002080 0.000088 0.049714 0.007485 1.901234
0.929936 0.005317 0.005391 0.002080 0.000087 0.049703 0.007486 1.901735
0.929944 0.005339 0.005382 0.002068 0.000086 0.049695 0.007487 1.902227
0.929947 0.005326 0.005397 0.002078 0.000086 0.049678 0.007487 1.902761
0.929927 0.005316 0.005404 0.002089 0.000087 0.049691 0.007487 1.903303
0.929919 0.005344 0.005408 0.002065 0.000088 0.049688 0.007488 1.903816
