0.369065 0.061795 0.054825 0.031404 0.002012 0.475204 0.005696 1.550019
0.369830 0.060941 0.054745 0.031260 0.001997 0.475508 0.005719 1.555975
0.370857 0.059829 0.054701 0.031168 0.002001 0.475706 0.005739 1.561955
0.372206 0.058678 0.054502 0.030937 0.002025 0.475891 0.005761 1.567661
0.373567 0.057557 0.054325 0.030752 0.002026 0.475986 0.005788 1.573354
0.375069 0.056430 0.054057 0.030568 0.002026 0.476036 0.005815 1.578941
0.376794 0.055170 0.053760 0.030322 0.002024 0.476087 0.005843 1.584396
0.378478 0.054089 0.053377 0.029997 0.002023 0.476171 0.005865 1.589745
0.380237 0.053026 0.052888 0.029738 0.002016 0.476207 0.005887 1.594932
0.382116 0.051950 0.052425 0.029403 0.002018 0.476173 0.005914 1.600104
0.383969 0.050980 0.052045 0.029094 0.002019 0.475959 0.005934 1.605125
0.385859 0.050072 0.051636 0.028743 0.002007 0.475731 0.005954 1.610034
0.387856 0.049139 0.051111 0.028392 0.001995 0.475524 0.005984 1.614896
0.389872 0.048337 0.050593 0.028013 0.001993 0.475181 0.006012 1.619681
0.392023 0.047446 0.050119 0.027663 0.001972 0.474738 0.006039 1.624384
0.394048 0.046721 0.049606 0.027278 0.001952 0.474331 0.006064 1.628990
0.396086 0.046022 0.049020 0.026982 0.001935 0.473865 0.006089 1.633538
0.398002 0.045398 0.048373 0.026651 0.001920 0.473545 0.006112 1.638011
0.400128 0.044714 0.047840 0.026343 0.001895 0.472948 0.006133 1.642483
0.402373 0.044013 0.047309 0.026030 0.001872 0.472243 0.006160 1.646863
0.404628 0.043464 0.046725 0.025666 0.001857 0.471480 0.006182 1.651136
0.406891 0.042882 0.046196 0.025435 0.001846 0.470548 0.006203 1.655402
0.409062 0.042423 0.045610 0.025131 0.001829 0.469724 0.006224 1.659551
0.411142 0.042025 0.045065 0.024830 0.001806 0.468892 0.006242 1.663681
0.413359 0.041590 0.044429 0.024518 0.001780 0.468061 0.006265 1.667770
0.415622 0.041246 0.043892 0.024116 0.001733 0.467101 0.006290 1.671764
0.417808 0.040874 0.043453 0.023824 0.001703 0.466027 0.006313 1.675861
0.419839 0.040635 0.042880 0.023583 0.001676 0.465051 0.006337 1.679855
0.421899 0.040357 0.042431 0.023331 0.001652 0.463975 0.006355 1.683837
0.423919 0.040199 0.041997 0.023107 0.001627 0.462771 0.006381 1.687735
0.426073 0.039886 0.041589 0.022844 0.001603 0.461609 0.006397 1.691702
0.428046 0.039680 0.041187 0.022612 0.001577 0.460480 0.006418 1.695620
0.430177 0.039480 0.040725 0.022400 0.001543 0.459237 0.006439 1.699498
0.432326 0.039221 0.040303 0.022184 0.001503 0.457999 0.006463 1.703352
0.434355 0.039067 0.039912 0.022025 0.001471 0.456689 0.006482 1.707241
0.436365 0.038893 0.039598 0.021835 0.001456 0.455357 0.006496 1.711084
0.438333 0.038739 0.039316 0.021622 0.001419 0.454057 0.006514 1.714939
0.440363 0.038559 0.038965 0.021394 0.001401 0.452787 0.006530 1.718738
0.442310 0.038395 0.038676 0.021239 0.001388 0.451447 0.006547 1.722563
0.444263 0.038333 0.038241 0.021022 0.001370 0.450216 0.006556 1.726292
0.446209 0.038331 0.037901 0.020800 0.001340 0.448844 0.006575 1.730007
0.448077 0.038257 0.037667 0.020591 0.001309 0.447507 0.006592 1.733831
0.449907 0.038248 0.037457 0.020424 0.001287 0.446067 0.006609 1.737556
0.451799 0.038187 0.037324 0.020237 0.001261 0.444564 0.006629 1.741306
0.453754 0.038162 0.037046 0.020163 0.001245 0.442987 0.006644 1.745017
0.455498 0.038105 0.036795 0.020056 0.001232 0.441658 0.006656 1.748797
0.457406 0.037965 0.036606 0.019973 0.001209 0.440171 0.006671 1.752552
0.459120 0.037992 0.036401 0.019898 0.001191 0.438712 0.006686 1.756269
0.460917 0.038037 0.036190 0.019761 0.001167 0.437225 0.006703 1.759988
0.462689 0.038018 0.035976 0.019687 0.001152 0.435763 0.006716 1.763758
0.464320 0.038111 0.035755 0.019600 0.001124 0.434361 0.006729 1.767456
0.466068 0.038176 0.035620 0.019443 0.001107 0.432846 0.006742 1.771157
0.467689 0.038213 0.035566 0.019334 0.001088 0.431359 0.006752 1.774922
0.469234 0.038308 0.035454 0.019281 0.001071 0.429888 0.006764 1.778678
0.470744 0.038347 0.035299 0.019238 0.001049 0.428548 0.006775 1.782433
0.472200 0.038458 0.035183 0.019236 0.001028 0.427110 0.006786 1.786175
0.473666 0.038506 0.035171 0.019184 0.001017 0.425663 0.006794 1.789952
0.475159 0.038561 0.035088 0.019130 0.001003 0.424255 0.006804 1.793713
0.476546 0.038564 0.035066 0.019096 0.000992 0.422927 0.006810 1.797560
0.477843 0.038696 0.035021 0.019047 0.000970 0.421602 0.006822 1.801356
0.479302 0.038773 0.034974 0.019021 0.000952 0.420146 0.006832 1.805117
0.480545 0.038901 0.034888 0.019010 0.000932 0.418882 0.006842 1.808887
0.481786 0.038991 0.034869 0.018963 0.000907 0.417632 0.006853 1.812727
0.483139 0.039108 0.034812 0.018941 0.000897 0.416239 0.006863 1.816515
0.484352 0.039321 0.034746 0.018993 0.000881 0.414833 0.006874 1.820307
0.485582 0.039388 0.034794 0.018964 0.000869 0.413519 0.006884 1.824183
0.486740 0.039546 0.034760 0.018989 0.000856 0.412212 0.006896 1.828045
0.487910 0.039697 0.034781 0.018939 0.000843 0.410924 0.006906 1.831841
0.489034 0.039829 0.034809 0.018998 0.000832 0.409581 0.006916 1.835679
0.490074 0.039818 0.034880 0.019053 0.000823 0.408429 0.006924 1.839643
0.491127 0.039889 0.034947 0.019067 0.000813 0.407225 0.006931 1.843584
0.492184 0.039936 0.035021 0.019110 0.000810 0.406002 0.006937 1.847532
0.493147 0.040036 0.035047 0.019143 0.000797 0.404886 0.006945 1.851455
0.494189 0.040091 0.035102 0.019172 0.000783 0.403711 0.006954 1.855389
0.495225 0.040245 0.035176 0.019157 0.000774 0.402464 0.006961 1.859293
0.496069 0.040496 0.035259 0.019222 0.000769 0.401215 0.006970 1.863268
0.497025 0.040654 0.035223 0.019244 0.000756 0.400120 0.006978 1.867206
0.497892 0.040794 0.035251 0.019326 0.000757 0.398994 0.006987 1.871204
0.498692 0.040809 0.035354 0.019354 0.000755 0.398044 0.006992 1.875284
0.499461 0.040969 0.035376 0.019395 0.000745 0.397053 0.007001 1.879337
0.500201 0.041071 0.035420 0.019464 0.000745 0.396093 0.007007 1.883412
0.501046 0.041121 0.035510 0.019550 0.000739 0.395022 0.007012 1.887534
0.501891 0.041217 0.035577 0.019616 0.000732 0.393948 0.007020 1.891620
0.502589 0.041339 0.035662 0.019628 0.000724 0.393032 0.007026 1.895684
0.503402 0.041444 0.035751 0.019683 0.000728 0.391962 0.007029 1.899736
0.504123 0.041627 0.035815 0.019689 0.000721 0.390989 0.007037 1.903746
0.504661 0.041789 0.035935 0.019732 0.000709 0.390129 0.007045 1.907855
0.505302 0.041994 0.036005 0.019816 0.000703 0.389130 0.007052 1.911965
0.505869 0.042206 0.036065 0.019895 0.000700 0.388207 0.007058 1.916059
0.506414 0.042364 0.036208 0.019907 0.000694 0.387348 0.007065 1.920194
0.506911 0.042564 0.036316 0.019908 0.000682 0.386545 0.007075 1.924320
0.507405 0.042715 0.036363 0.019960 0.000680 0.385797 0.007081 1.928451
0.507854 0.042932 0.036431 0.019983 0.000667 0.385042 0.007091 1.932584
0.508372 0.043159 0.036499 0.020044 0.000659 0.384171 0.007097 1.936720
0.508780 0.043243 0.036652 0.020088 0.000656 0.383477 0.007103 1.940999
0.509173 0.043348 0.036705 0.020133 0.000656 0.382876 0.007110 1.945269
0.509640 0.043358 0.036874 0.020135 0.000646 0.382232 0.007115 1.949531
0.509993 0.043442 0.037046 0.020199 0.000641 0.381563 0.007117 1.953807
0.510285 0.043609 0.037189 0.020272 0.000644 0.380881 0.007121 1.958092
0.510579 0.043736 0.037305 0.020379 0.000647 0.380226 0.007127 1.962389
0.510954 0.043867 0.037333 0.020442 0.000643 0.379630 0.007132 1.966627
0.511208 0.043959 0.037491 0.020473 0.000649 0.379085 0.007135 1.970968
0.511502 0.044062 0.037611 0.020541 0.000652 0.378492 0.007142 1.975316
0.511835 0.044187 0.037647 0.020654 0.000647 0.377884 0.007147 1.979609
0.512109 0.044310 0.037826 0.020725 0.000649 0.377232 0.007148 1.983976
0.512380 0.044501 0.037908 0.020771 0.000649 0.376634 0.007156 1.988297
0.512638 0.044630 0.038002 0.020805 0.000653 0.376110 0.007162 1.992595
0.512902 0.044731 0.038106 0.020857 0.000655 0.375585 0.007164 1.996958
0.513034 0.044815 0.038246 0.020951 0.000652 0.375133 0.007169 2.001391
0.513322 0.044816 0.038401 0.020922 0.000665 0.374700 0.007173 2.005766
0.513549 0.044860 0.038489 0.021007 0.000669 0.374248 0.007178 2.010181
0.513717 0.045003 0.038570 0.021068 0.000664 0.373792 0.007185 2.014535
0.513980 0.044999 0.038688 0.021105 0.000666 0.373370 0.007192 2.018955
0.514151 0.045064 0.038765 0.021146 0.000658 0.373021 0.007196 2.023391
0.514259 0.045166 0.038896 0.021247 0.000663 0.372569 0.007200 2.027858
0.514281 0.045370 0.038949 0.021310 0.000655 0.372231 0.007206 2.032260
0.514379 0.045496 0.038918 0.021258 0.000663 0.372075 0.007211 2.036624
0.514502 0.045675 0.038973 0.021273 0.000657 0.371703 0.007217 2.041011
0.514605 0.045803 0.039040 0.021285 0.000652 0.371395 0.007219 2.045467
0.514686 0.045787 0.039101 0.021379 0.000655 0.371168 0.007224 2.049961
0.514844 0.045780 0.039145 0.021531 0.000651 0.370817 0.007232 2.054452
0.515057 0.045700 0.039226 0.021534 0.000654 0.370593 0.007236 2.058915
0.515219 0.045833 0.039261 0.021495 0.000653 0.370297 0.007242 2.063288
0.515443 0.045795 0.039364 0.021539 0.000650 0.369960 0.007248 2.067781
0.515506 0.045827 0.039510 0.021550 0.000654 0.369700 0.007252 2.072266
0.515629 0.045804 0.039572 0.021581 0.000652 0.369506 0.007255 2.076765
0.515732 0.045795 0.039618 0.021637 0.000648 0.369308 0.007262 2.081290
0.515911 0.045784 0.039617 0.021685 0.000655 0.369084 0.007265 2.085766
0.516193 0.045722 0.039629 0.021747 0.000645 0.368793 0.007272 2.090310
0.516258 0.045774 0.039702 0.021771 0.000644 0.368572 0.007280 2.094801
0.516309 0.045868 0.039813 0.021757 0.000647 0.368322 0.007284 2.099282
0.516519 0.045874 0.039824 0.021788 0.000643 0.368062 0.007289 2.103730
0.516655 0.045907 0.039837 0.021777 0.000646 0.367884 0.007294 2.108218
0.516775 0.045809 0.039993 0.021863 0.000647 0.367615 0.007299 2.112766
0.516849 0.045929 0.039953 0.021852 0.000648 0.367468 0.007303 2.117180
0.516991 0.045975 0.039943 0.021857 0.000651 0.367278 0.007304 2.121625
0.517075 0.046113 0.039993 0.021817 0.000649 0.367045 0.007310 2.126047
0.517174 0.046058 0.040108 0.021792 0.000646 0.366907 0.007315 2.130584
0.517320 0.046053 0.040146 0.021781 0.000641 0.366736 0.007323 2.135082
0.517347 0.046026 0.040271 0.021816 0.000635 0.366578 0.007327 2.139612
0.517453 0.046017 0.040302 0.021809 0.000633 0.366454 0.007331 2.144139
0.517512 0.045982 0.040371 0.021836 0.000628 0.366337 0.007334 2.148698
0.517616 0.045997 0.040422 0.021846 0.000631 0.366150 0.007339 2.153174
0.517670 0.046017 0.040497 0.021874 0.000627 0.365974 0.007342 2.157685
0.517770 0.045990 0.040593 0.021865 0.000626 0.365810 0.007345 2.162225
0.517869 0.045916 0.040632 0.021902 0.000620 0.365708 0.007352 2.166757
0.517978 0.045901 0.040607 0.021875 0.000619 0.365663 0.007356 2.171256
0.518167 0.045794 0.040645 0.021832 0.000621 0.365580 0.007360 2.175788
0.518061 0.045915 0.040611 0.021862 0.000618 0.365570 0.007363 2.180227
0.518149 0.045764 0.040750 0.021997 0.000606 0.365362 0.007372 2.184904
0.518204 0.045750 0.040654 0.022080 0.000607 0.365330 0.007376 2.189381
0.518223 0.045635 0.040715 0.022183 0.000607 0.365259 0.007379 2.193942
0.518325 0.045590 0.040663 0.022206 0.000604 0.365229 0.007383 2.198396
0.518539 0.045507 0.040655 0.022239 0.000599 0.365074 0.007388 2.202838
0.518737 0.045430 0.040618 0.022219 0.000603 0.365002 0.007391 2.207317
0.519032 0.045233 0.040614 0.022211 0.000601 0.364911 0.007397 2.211836
0.519262 0.045247 0.040603 0.022169 0.000590 0.364725 0.007404 2.216231
0.519249 0.045336 0.040589 0.022148 0.000592 0.364676 0.007409 2.220636
0.519425 0.045245 0.040609 0.022131 0.000592 0.364585 0.007413 2.225116
0.519575 0.045268 0.040551 0.022096 0.000587 0.364505 0.007418 2.229525
0.519824 0.045044 0.040594 0.022036 0.000592 0.364488 0.007422 2.234045
0.520111 0.044970 0.040569 0.021999 0.000594 0.364329 0.007426 2.238447
0.520284 0.044932 0.040528 0.021911 0.000597 0.364315 0.007434 2.242825
0.520404 0.045087 0.040474 0.021852 0.000595 0.364148 0.007440 2.247106
0.520550 0.044985 0.040469 0.021857 0.000592 0.364104 0.007443 2.251604
0.520769 0.044831 0.040453 0.021877 0.000591 0.364029 0.007450 2.256063
0.520987 0.044760 0.040436 0.021870 0.000596 0.363895 0.007455 2.260505
0.521261 0.044812 0.040454 0.021869 0.000603 0.363543 0.007459 2.264857
0.521350 0.044832 0.040420 0.021837 0.000603 0.363495 0.007461 2.269260
0.521518 0.044738 0.040463 0.021779 0.000618 0.363419 0.007464 2.273672
0.521667 0.044695 0.040363 0.021759 0.000615 0.363433 0.007469 2.278088
0.521807 0.044765 0.040243 0.021746 0.000612 0.363352 0.007475 2.282416
0.521992 0.044744 0.040207 0.021730 0.000614 0.363231 0.007483 2.286780
0.522052 0.044762 0.040202 0.021687 0.000613 0.363194 0.007491 2.291209
0.522234 0.044711 0.040181 0.021746 0.000616 0.363014 0.007498 2.295618
0.522382 0.044786 0.040175 0.021688 0.000615 0.362852 0.007502 2.299989
0.522638 0.044755 0.040156 0.021661 0.000617 0.362667 0.007506 2.304351
0.522783 0.044789 0.040140 0.021621 0.000613 0.362544 0.007510 2.308681
0.522980 0.044725 0.040112 0.021667 0.000612 0.362389 0.007515 2.313119
0.523183 0.044729 0.040074 0.021596 0.000622 0.362276 0.007520 2.317473
0.523173 0.044852 0.039972 0.021600 0.000621 0.362257 0.007526 2.321788
0.523264 0.044779 0.040036 0.021608 0.000621 0.362162 0.007529 2.326239
0.523374 0.044863 0.040002 0.021625 0.000638 0.361963 0.007534 2.330609
0.523593 0.044866 0.040001 0.021622 0.000638 0.361742 0.007539 2.334975
0.523877 0.044899 0.039836 0.021592 0.000641 0.361611 0.007544 2.339251
0.523989 0.044956 0.039828 0.021576 0.000638 0.361465 0.007549 2.343583
0.524080 0.045036 0.039784 0.021512 0.000640 0.361396 0.007552 2.347969
0.524187 0.044993 0.039823 0.021525 0.000645 0.361270 0.007558 2.352418
0.524305 0.045021 0.039774 0.021553 0.000637 0.361148 0.007563 2.356781
0.524353 0.045012 0.039785 0.021568 0.000633 0.361081 0.007568 2.361197
0.524485 0.044984 0.039795 0.021600 0.000628 0.360938 0.007571 2.365569
0.524636 0.044947 0.039800 0.021595 0.000629 0.360817 0.007576 2.369949
0.524818 0.044894 0.039799 0.021592 0.000639 0.360677 0.007580 2.374313
0.524855 0.044955 0.039828 0.021582 0.000640 0.360556 0.007584 2.378734
0.525008 0.044955 0.039812 0.021565 0.000642 0.360431 0.007588 2.383087
0.525115 0.044920 0.039969 0.021510 0.000649 0.360246 0.007593 2.387478
0.525292 0.044886 0.039913 0.021549 0.000643 0.360120 0.007598 2.391879
0.525566 0.044764 0.040020 0.021549 0.000642 0.359854 0.007604 2.396281
0.525749 0.044776 0.040047 0.021537 0.000637 0.359643 0.007610 2.400658
0.525837 0.044717 0.040034 0.021585 0.000635 0.359579 0.007614 2.405079
0.525915 0.044787 0.040058 0.021696 0.000634 0.359291 0.007618 2.409472
0.526022 0.044851 0.040017 0.021708 0.000637 0.359143 0.007621 2.413866
0.526091 0.044906 0.040054 0.021726 0.000640 0.358960 0.007623 2.418244
0.526141 0.044920 0.040001 0.021761 0.000646 0.358905 0.007626 2.422657
0.526149 0.044890 0.039963 0.021777 0.000652 0.358942 0.007628 2.427075
0.526199 0.044843 0.039906 0.021760 0.000649 0.359012 0.007631 2.431488
0.526177 0.044867 0.039945 0.021726 0.000646 0.359004 0.007634 2.435917
0.526192 0.044974 0.039915 0.021697 0.000652 0.358930 0.007639 2.440240
0.526328 0.044943 0.040021 0.021654 0.000662 0.358749 0.007644 2.444635
0.526515 0.044886 0.040007 0.021681 0.000656 0.358608 0.007647 2.449050
0.526436 0.045035 0.039967 0.021610 0.000657 0.358644 0.007651 2.453403
0.526512 0.045059 0.040024 0.021639 0.000654 0.358457 0.007656 2.457829
0.526589 0.045173 0.039967 0.021635 0.000649 0.358326 0.007661 2.462143
0.526725 0.045172 0.039939 0.021702 0.000645 0.358154 0.007664 2.466526
0.526874 0.045022 0.040002 0.021748 0.000643 0.358044 0.007668 2.470976
0.527068 0.044844 0.040074 0.021770 0.000645 0.357924 0.007674 2.475438
0.527172 0.044777 0.040087 0.021783 0.000652 0.357849 0.007679 2.479854
0.527272 0.044781 0.040040 0.021730 0.000652 0.357839 0.007685 2.484207
0.527436 0.044677 0.040069 0.021766 0.000666 0.357700 0.007688 2.488635
0.527460 0.044698 0.040095 0.021762 0.000670 0.357621 0.007693 2.493052
0.527572 0.044664 0.040037 0.021767 0.000676 0.357586 0.007698 2.497435
0.527668 0.044689 0.039978 0.021742 0.000678 0.357543 0.007702 2.501808
0.527712 0.044657 0.039939 0.021738 0.000667 0.357577 0.007711 2.506252
0.527774 0.044675 0.039943 0.021696 0.000671 0.357527 0.007715 2.510630
0.527871 0.044717 0.039928 0.021664 0.000665 0.357428 0.007725 2.515000
0.527964 0.044712 0.039949 0.021681 0.000659 0.357301 0.007734 2.519385
0.527983 0.044688 0.039949 0.021701 0.000666 0.357272 0.007740 2.523813
0.528061 0.044708 0.039896 0.021680 0.000663 0.357246 0.007747 2.528210
0.528151 0.044647 0.039911 0.021652 0.000657 0.357231 0.007751 2.532616
0.528280 0.044668 0.039864 0.021640 0.000662 0.357133 0.007755 2.536970
0.528261 0.044645 0.039903 0.021734 0.000661 0.357037 0.007760 2.541397
0.528294 0.044751 0.039880 0.021664 0.000665 0.356983 0.007763 2.545719
0.528345 0.044731 0.039868 0.021711 0.000665 0.356914 0.007767 2.550132
0.528444 0.044648 0.039804 0.021746 0.000664 0.356922 0.007771 2.554521
0.528502 0.044639 0.039743 0.021784 0.000657 0.356899 0.007777 2.558865
0.528675 0.044525 0.039858 0.021703 0.000664 0.356797 0.007778 2.563296
0.528743 0.044600 0.039800 0.021668 0.000665 0.356740 0.007784 2.567634
0.528769 0.044768 0.039780 0.021597 0.000667 0.356632 0.007789 2.571897
0.528946 0.044709 0.039810 0.021549 0.000665 0.356526 0.007795 2.576266
0.528852 0.044773 0.039869 0.021516 0.000663 0.356523 0.007803 2.580668
0.528933 0.044852 0.039821 0.021522 0.000666 0.356400 0.007806 2.585022
0.528918 0.044906 0.039833 0.021397 0.000665 0.356469 0.007811 2.589341
0.529081 0.044976 0.039785 0.021419 0.000666 0.356259 0.007815 2.593661
0.529095 0.045022 0.039780 0.021462 0.000665 0.356157 0.007819 2.598079
0.529123 0.045026 0.039748 0.021461 0.000672 0.356146 0.007824 2.602495
0.529204 0.045039 0.039789 0.021461 0.000676 0.356002 0.007829 2.606914
0.529147 0.045119 0.039799 0.021451 0.000678 0.355971 0.007836 2.611283
0.529267 0.045156 0.039764 0.021422 0.000677 0.355876 0.007840 2.615651
0.529183 0.045182 0.039839 0.021454 0.000674 0.355824 0.007843 2.620048
0.529171 0.045097 0.039975 0.021438 0.000670 0.355801 0.007849 2.624534
0.529237 0.044974 0.040069 0.021453 0.000671 0.355743 0.007853 2.629034
0.529162 0.045064 0.040100 0.021464 0.000670 0.355684 0.007857 2.633415
0.529123 0.045071 0.040028 0.021519 0.000665 0.355730 0.007864 2.637790
0.529206 0.044972 0.040029 0.021549 0.000665 0.355710 0.007868 2.642244
0.529249 0.045047 0.039930 0.021583 0.000664 0.355656 0.007872 2.646553
0.529265 0.045093 0.039877 0.021681 0.000658 0.355549 0.007877 2.650951
0.529355 0.045123 0.039825 0.021715 0.000650 0.355449 0.007883 2.655326
0.529447 0.045055 0.039891 0.021723 0.000652 0.355344 0.007888 2.659774
0.529664 0.044892 0.039832 0.021790 0.000644 0.355282 0.007896 2.664179
0.529753 0.044834 0.039901 0.021789 0.000645 0.355178 0.007900 2.668641
0.529784 0.044756 0.039965 0.021799 0.000644 0.355146 0.007907 2.673138
0.529896 0.044810 0.039904 0.021755 0.000648 0.355076 0.007911 2.677452
0.529817 0.044872 0.039902 0.021750 0.000651 0.355092 0.007917 2.681852
0.529747 0.044932 0.039948 0.021699 0.000657 0.355097 0.007921 2.686251
0.529898 0.044796 0.039929 0.021742 0.000658 0.355050 0.007926 2.690713
0.529905 0.044787 0.039919 0.021737 0.000655 0.355069 0.007928 2.695116
0.529968 0.044728 0.039969 0.021776 0.000660 0.354964 0.007934 2.699596
0.529949 0.044738 0.039923 0.021788 0.000653 0.355012 0.007938 2.703974
0.530032 0.044709 0.039954 0.021752 0.000654 0.354956 0.007942 2.708355
0.530079 0.044821 0.039917 0.021662 0.000662 0.354911 0.007947 2.712651
0.530128 0.044826 0.039911 0.021636 0.000659 0.354885 0.007955 2.717064
0.530109 0.044836 0.039937 0.021643 0.000660 0.354856 0.007959 2.721519
0.530015 0.044837 0.040033 0.021643 0.000660 0.354849 0.007963 2.725944
0.530069 0.044805 0.040097 0.021642 0.000664 0.354755 0.007969 2.730363
0.530140 0.044813 0.040052 0.021668 0.000663 0.354692 0.007973 2.734705
0.530158 0.044889 0.039957 0.021629 0.000663 0.354726 0.007980 2.739045
0.530217 0.044959 0.039946 0.021611 0.000664 0.354620 0.007984 2.743406
0.530205 0.044890 0.039952 0.021666 0.000661 0.354638 0.007989 2.747845
0.530249 0.044788 0.039954 0.021733 0.000666 0.354613 0.007997 2.752293
0.530324 0.044860 0.039856 0.021673 0.000657 0.354629 0.008000 2.756587
0.530260 0.044816 0.039958 0.021694 0.000653 0.354614 0.008005 2.761077
0.530181 0.044817 0.039974 0.021679 0.000653 0.354686 0.008010 2.765481
0.530153 0.044917 0.040044 0.021628 0.000656 0.354590 0.008012 2.769843
0.530312 0.044877 0.040068 0.021569 0.000662 0.354493 0.008019 2.774197
0.530420 0.044884 0.040077 0.021609 0.000657 0.354327 0.008025 2.778611
0.530386 0.044965 0.040024 0.021636 0.000647 0.354309 0.008032 2.783030
0.530433 0.044927 0.039992 0.021652 0.000641 0.354318 0.008038 2.787476
0.530463 0.044882 0.040077 0.021658 0.000650 0.354224 0.008044 2.791948
0.530383 0.044949 0.040075 0.021695 0.000652 0.354195 0.008050 2.796373
0.530591 0.044942 0.040063 0.021757 0.000645 0.353949 0.008054 2.800726
0.530706 0.044896 0.039984 0.021755 0.000644 0.353954 0.008059 2.805114
0.530816 0.044834 0.039975 0.021815 0.000645 0.353853 0.008063 2.809532
0.530811 0.044877 0.039953 0.021702 0.000648 0.353937 0.008071 2.813874
0.530786 0.044833 0.039984 0.021730 0.000649 0.353941 0.008077 2.818288
0.530833 0.044831 0.040004 0.021738 0.000651 0.353862 0.008082 2.822658
0.530801 0.044802 0.039990 0.021690 0.000651 0.353977 0.008089 2.827046
0.530866 0.044659 0.039976 0.021779 0.000656 0.353971 0.008093 2.831488
0.530923 0.044664 0.040000 0.021745 0.000662 0.353910 0.008096 2.835861
0.530982 0.044611 0.040024 0.021707 0.000667 0.353909 0.008101 2.840224
0.531123 0.044595 0.039896 0.021657 0.000659 0.353964 0.008106 2.844568
0.531235 0.044508 0.039846 0.021616 0.000655 0.354032 0.008108 2.848963
0.531188 0.044639 0.039736 0.021553 0.000659 0.354109 0.008115 2.853240
0.531148 0.044772 0.039688 0.021514 0.000660 0.354098 0.008119 2.857512
0.531150 0.044753 0.039679 0.021525 0.000658 0.354113 0.008122 2.861926
0.531277 0.044752 0.039642 0.021479 0.000662 0.354066 0.008124 2.866238
0.531344 0.044705 0.039599 0.021506 0.000668 0.354051 0.008126 2.870646
0.531522 0.044718 0.039551 0.021515 0.000658 0.353902 0.008133 2.874966
0.531618 0.044682 0.039605 0.021490 0.000659 0.353809 0.008138 2.879373
0.531607 0.044786 0.039516 0.021496 0.000654 0.353797 0.008144 2.883684
0.531724 0.044776 0.039533 0.021521 0.000651 0.353646 0.008150 2.888004
0.531767 0.044734 0.039628 0.021540 0.000655 0.353523 0.008153 2.892455
0.531694 0.044792 0.039594 0.021521 0.000652 0.353590 0.008155 2.896819
0.531723 0.044872 0.039611 0.021514 0.000656 0.353467 0.008157 2.901186
0.531865 0.044751 0.039595 0.021528 0.000656 0.353440 0.008164 2.905587
0.531806 0.044752 0.039694 0.021509 0.000663 0.353407 0.008169 2.910041
0.531817 0.044714 0.039666 0.021504 0.000652 0.353472 0.008176 2.914415
0.531910 0.044716 0.039671 0.021477 0.000652 0.353391 0.008184 2.918784
0.531986 0.044653 0.039682 0.021523 0.000645 0.353320 0.008191 2.923189
0.532052 0.044598 0.039675 0.021476 0.000646 0.353357 0.008197 2.927543
0.532126 0.044657 0.039676 0.021426 0.000645 0.353269 0.008202 2.931867
0.532273 0.044663 0.039712 0.021411 0.000650 0.353082 0.008210 2.936201
0.532330 0.044650 0.039752 0.021384 0.000652 0.353018 0.008213 2.940554
0.532341 0.044662 0.039778 0.021449 0.000652 0.352900 0.008218 2.944954
0.532350 0.044730 0.039769 0.021434 0.000654 0.352839 0.008224 2.949305
0.532349 0.044764 0.039719 0.021464 0.000655 0.352820 0.008228 2.953646
0.532401 0.044726 0.039816 0.021475 0.000656 0.352690 0.008235 2.958125
0.532286 0.044845 0.039847 0.021487 0.000644 0.352650 0.008241 2.962506
0.532249 0.044888 0.039841 0.021483 0.000649 0.352648 0.008244 2.966919
0.532249 0.044847 0.039858 0.021496 0.000649 0.352651 0.008249 2.971327
0.532244 0.044824 0.039876 0.021585 0.000648 0.352569 0.008254 2.975774
0.532213 0.044853 0.039839 0.021548 0.000653 0.352635 0.008261 2.980152
0.532288 0.044808 0.039908 0.021561 0.000649 0.352523 0.008263 2.984604
0.532373 0.044812 0.039831 0.021573 0.000642 0.352500 0.008268 2.988905
0.532394 0.044740 0.039967 0.021594 0.000653 0.352380 0.008272 2.993371
0.532295 0.044809 0.039918 0.021594 0.000648 0.352461 0.008275 2.997719
0.532291 0.044756 0.040004 0.021561 0.000648 0.352458 0.008280 3.002169
0.532389 0.044776 0.040010 0.021477 0.000646 0.352417 0.008285 3.006483
0.532441 0.044748 0.040090 0.021500 0.000654 0.352276 0.008290 3.010902
0.532299 0.044792 0.040135 0.021534 0.000647 0.352297 0.008297 3.015288
0.532348 0.044712 0.040148 0.021526 0.000652 0.352311 0.008302 3.019738
0.532232 0.044817 0.040075 0.021497 0.000658 0.352414 0.008307 3.024067
0.532239 0.044789 0.040126 0.021501 0.000653 0.352379 0.008313 3.028488
0.532154 0.044917 0.040105 0.021531 0.000644 0.352332 0.008316 3.032883
0.532114 0.044944 0.040173 0.021540 0.000641 0.352271 0.008318 3.037283
0.532183 0.044849 0.040224 0.021629 0.000641 0.352150 0.008325 3.041792
0.532214 0.044873 0.040091 0.021639 0.000647 0.352208 0.008330 3.046111
0.532208 0.044900 0.040090 0.021572 0.000651 0.352244 0.008335 3.050497
0.532187 0.044887 0.040010 0.021618 0.000652 0.352304 0.008343 3.054890
0.532207 0.044825 0.040044 0.021633 0.000656 0.352286 0.008350 3.059296
0.532216 0.044864 0.040092 0.021593 0.000657 0.352221 0.008357 3.063658
0.532166 0.044865 0.040033 0.021585 0.000646 0.352339 0.008367 3.068030
0.532128 0.044923 0.040063 0.021492 0.000637 0.352387 0.008372 3.072398
0.532101 0.045033 0.039982 0.021503 0.000634 0.352367 0.008380 3.076733
0.532115 0.044968 0.040023 0.021552 0.000626 0.352332 0.008384 3.081166
0.532131 0.045007 0.040097 0.021557 0.000619 0.352201 0.008389 3.085563
0.532138 0.044938 0.040005 0.021614 0.000628 0.352282 0.008394 3.089965
0.532076 0.044998 0.040026 0.021585 0.000627 0.352284 0.008403 3.094393
0.532073 0.045101 0.039960 0.021565 0.000622 0.352270 0.008410 3.098754
0.532106 0.045089 0.039960 0.021576 0.000627 0.352228 0.008414 3.103189
0.532099 0.045040 0.039923 0.021592 0.000640 0.352292 0.008415 3.107612
0.532031 0.045024 0.039942 0.021609 0.000637 0.352337 0.008420 3.112054
0.531921 0.045108 0.039982 0.021634 0.000642 0.352291 0.008423 3.116464
0.531862 0.045171 0.040011 0.021618 0.000641 0.352270 0.008429 3.120836
0.531743 0.045230 0.039999 0.021609 0.000639 0.352348 0.008432 3.125287
0.531663 0.045243 0.040084 0.021615 0.000642 0.352314 0.008439 3.129702
0.531625 0.045267 0.040065 0.021628 0.000634 0.352339 0.008443 3.134138
0.531609 0.045258 0.040004 0.021642 0.000626 0.352411 0.008451 3.138525
0.531568 0.045316 0.040020 0.021633 0.000623 0.352385 0.008457 3.142929
0.531488 0.045367 0.040058 0.021571 0.000627 0.352428 0.008461 3.147322
0.531402 0.045397 0.040042 0.021569 0.000629 0.352497 0.008465 3.151781
0.531380 0.045416 0.040036 0.021575 0.000631 0.352494 0.008468 3.156215
0.531452 0.045399 0.040040 0.021581 0.000625 0.352430 0.008473 3.160664
0.531368 0.045414 0.040060 0.021615 0.000625 0.352440 0.008479 3.165099
0.531233 0.045446 0.040023 0.021603 0.000623 0.352589 0.008483 3.169515
0.531126 0.045469 0.040058 0.021628 0.000628 0.352604 0.008487 3.173960
0.531131 0.045420 0.040109 0.021657 0.000634 0.352557 0.008493 3.178445
0.531029 0.045457 0.040120 0.021646 0.000634 0.352619 0.008496 3.182873
0.530973 0.045430 0.040192 0.021645 0.000633 0.352627 0.008501 3.187355
0.530828 0.045402 0.040153 0.021672 0.000634 0.352809 0.008504 3.191794
0.530851 0.045370 0.040211 0.021671 0.000633 0.352755 0.008510 3.196209
0.530745 0.045390 0.040318 0.021687 0.000629 0.352716 0.008514 3.200651
0.530724 0.045270 0.040496 0.021785 0.000627 0.352582 0.008517 3.205193
0.530753 0.045156 0.040531 0.021729 0.000631 0.352680 0.008520 3.209659
0.530663 0.045254 0.040434 0.021688 0.000627 0.352811 0.008523 3.213982
0.530801 0.045172 0.040443 0.021648 0.000624 0.352783 0.008530 3.218397
0.530792 0.045163 0.040441 0.021670 0.000619 0.352781 0.008534 3.222824
0.530781 0.045176 0.040463 0.021670 0.000627 0.352746 0.008537 3.227265
0.530775 0.045121 0.040408 0.021708 0.000625 0.352823 0.008541 3.231679
0.530739 0.044979 0.040493 0.021703 0.000628 0.352914 0.008544 3.236196
0.530711 0.044830 0.040527 0.021675 0.000625 0.353084 0.008548 3.240663
0.530846 0.044741 0.040490 0.021639 0.000621 0.353111 0.008553 3.245030
0.530873 0.044712 0.040479 0.021583 0.000625 0.353171 0.008559 3.249438
0.530826 0.044765 0.040460 0.021621 0.000624 0.353138 0.008567 3.253856
0.530928 0.044659 0.040481 0.021623 0.000624 0.353113 0.008573 3.258254
0.530939 0.044632 0.040438 0.021646 0.000631 0.353139 0.008577 3.262673
0.531214 0.044528 0.040373 0.021620 0.000637 0.353048 0.008581 3.267025
0.531207 0.044535 0.040389 0.021563 0.000624 0.353097 0.008584 3.271429
0.531354 0.044440 0.040302 0.021579 0.000624 0.353117 0.008586 3.275838
0.531430 0.044473 0.040311 0.021551 0.000635 0.353010 0.008590 3.280176
0.531442 0.044464 0.040324 0.021492 0.000638 0.353048 0.008593 3.284581
0.531612 0.044449 0.040231 0.021530 0.000640 0.352937 0.008602 3.288985
0.531597 0.044476 0.040162 0.021468 0.000638 0.353049 0.008610 3.293315
0.531631 0.044510 0.040151 0.021400 0.000645 0.353050 0.008614 3.297654
0.531688 0.044498 0.040105 0.021354 0.000649 0.353088 0.008618 3.301985
0.531827 0.044387 0.040109 0.021311 0.000643 0.353101 0.008623 3.306327
0.531865 0.044354 0.040145 0.021336 0.000647 0.353027 0.008627 3.310736
0.531896 0.044281 0.040156 0.021334 0.000654 0.353050 0.008629 3.315133
0.531911 0.044410 0.040028 0.021318 0.000650 0.353047 0.008636 3.319419
0.531901 0.044374 0.040021 0.021341 0.000644 0.353080 0.008641 3.323777
0.531992 0.044415 0.039960 0.021319 0.000649 0.353022 0.008642 3.328088
0.532025 0.044443 0.039975 0.021288 0.000640 0.352981 0.008648 3.332403
0.532147 0.044450 0.040001 0.021267 0.000640 0.352844 0.008652 3.336779
0.532288 0.044428 0.039952 0.021242 0.000642 0.352792 0.008657 3.341084
0.532220 0.044513 0.039938 0.021229 0.000645 0.352795 0.008660 3.345412
0.532224 0.044462 0.039923 0.021247 0.000646 0.352834 0.008665 3.349799
0.532363 0.044539 0.039881 0.021200 0.000648 0.352700 0.008670 3.354075
0.532516 0.044377 0.039888 0.021263 0.000644 0.352635 0.008678 3.358538
0.532481 0.044484 0.039920 0.021180 0.000650 0.352602 0.008684 3.362874
0.532565 0.044542 0.039802 0.021151 0.000646 0.352606 0.008688 3.367119
0.532500 0.044605 0.039755 0.021207 0.000645 0.352597 0.008692 3.371478
0.532540 0.044538 0.039744 0.021240 0.000637 0.352605 0.008697 3.375915
0.532637 0.044496 0.039770 0.021180 0.000636 0.352578 0.008703 3.380280
0.532720 0.044524 0.039717 0.021196 0.000644 0.352496 0.008705 3.384598
0.532718 0.044426 0.039716 0.021265 0.000637 0.352531 0.008709 3.388984
0.532681 0.044457 0.039717 0.021283 0.000636 0.352511 0.008717 3.393365
0.532808 0.044428 0.039699 0.021249 0.000640 0.352459 0.008718 3.397713
0.532744 0.044511 0.039691 0.021243 0.000641 0.352447 0.008725 3.402026
0.532816 0.044475 0.039725 0.021270 0.000637 0.352345 0.008733 3.406443
0.532878 0.044434 0.039816 0.021290 0.000638 0.352205 0.008740 3.410875
0.533047 0.044442 0.039726 0.021259 0.000631 0.352149 0.008747 3.415175
0.533056 0.044524 0.039776 0.021242 0.000631 0.352018 0.008753 3.419492
0.533014 0.044624 0.039776 0.021231 0.000634 0.351965 0.008756 3.423846
0.533073 0.044592 0.039764 0.021200 0.000635 0.351976 0.008760 3.428209
0.533052 0.044609 0.039808 0.021231 0.000627 0.351906 0.008767 3.432614
0.533161 0.044616 0.039789 0.021223 0.000629 0.351812 0.008770 3.436942
0.533217 0.044655 0.039752 0.021266 0.000635 0.351701 0.008774 3.441299
0.533126 0.044715 0.039735 0.021315 0.000638 0.351693 0.008780 3.445658
0.533217 0.044639 0.039784 0.021344 0.000635 0.351596 0.008786 3.450087
0.533336 0.044575 0.039747 0.021342 0.000641 0.351569 0.008791 3.454508
0.533318 0.044682 0.039606 0.021333 0.000646 0.351621 0.008797 3.458793
0.533372 0.044764 0.039526 0.021261 0.000649 0.351624 0.008803 3.463127
0.533374 0.044750 0.039662 0.021302 0.000647 0.351456 0.008809 3.467611
0.533330 0.044887 0.039651 0.021341 0.000654 0.351323 0.008813 3.471911
0.533332 0.044907 0.039694 0.021363 0.000655 0.351233 0.008816 3.476318
0.533263 0.044990 0.039651 0.021407 0.000664 0.351205 0.008821 3.480667
0.533276 0.044975 0.039591 0.021423 0.000653 0.351257 0.008826 3.485081
0.533161 0.045028 0.039609 0.021472 0.000652 0.351250 0.008830 3.489461
0.533111 0.045054 0.039637 0.021452 0.000661 0.351252 0.008833 3.493896
0.533111 0.045017 0.039680 0.021463 0.000654 0.351236 0.008839 3.498299
0.533178 0.044955 0.039760 0.021402 0.000663 0.351200 0.008843 3.502703
0.533069 0.044999 0.039767 0.021391 0.000656 0.351268 0.008850 3.507135
0.533194 0.044928 0.039826 0.021478 0.000647 0.351070 0.008857 3.511610
0.533275 0.044834 0.039892 0.021465 0.000653 0.351020 0.008862 3.516006
0.533301 0.044794 0.039812 0.021507 0.000665 0.351055 0.008867 3.520368
0.533293 0.044731 0.039869 0.021475 0.000666 0.351095 0.008872 3.524784
0.533344 0.044751 0.039802 0.021435 0.000659 0.351132 0.008877 3.529086
0.533305 0.044763 0.039813 0.021419 0.000657 0.351164 0.008881 3.533481
0.533265 0.044748 0.039767 0.021451 0.000662 0.351222 0.008887 3.537939
0.533321 0.044860 0.039705 0.021398 0.000662 0.351165 0.008891 3.542202
0.533245 0.044872 0.039696 0.021391 0.000664 0.351237 0.008896 3.546579
0.533206 0.044905 0.039641 0.021463 0.000673 0.351214 0.008899 3.550992
0.533197 0.044918 0.039692 0.021500 0.000670 0.351118 0.008905 3.555386
0.533211 0.044920 0.039702 0.021556 0.000666 0.351035 0.008910 3.559744
0.533246 0.044892 0.039683 0.021552 0.000659 0.351053 0.008917 3.564147
0.533352 0.044834 0.039728 0.021510 0.000660 0.350990 0.008925 3.568554
0.533389 0.044747 0.039821 0.021554 0.000658 0.350902 0.008930 3.573035
0.533301 0.044795 0.039844 0.021520 0.000657 0.350948 0.008935 3.577431
0.533205 0.044820 0.039842 0.021546 0.000654 0.350992 0.008940 3.581856
0.533204 0.044813 0.039835 0.021604 0.000664 0.350936 0.008944 3.586218
0.533201 0.044801 0.039842 0.021632 0.000668 0.350906 0.008951 3.590641
0.533242 0.044769 0.039879 0.021611 0.000669 0.350874 0.008957 3.595064
0.533295 0.044770 0.039898 0.021618 0.000663 0.350793 0.008964 3.599434
0.533287 0.044724 0.040012 0.021617 0.000666 0.350729 0.008966 3.603879
0.533379 0.044664 0.039930 0.021657 0.000655 0.350742 0.008975 3.608300
0.533266 0.044689 0.039933 0.021663 0.000654 0.350815 0.008979 3.612706
0.533172 0.044740 0.039881 0.021642 0.000653 0.350928 0.008986 3.617056
0.533109 0.044816 0.039801 0.021662 0.000656 0.350968 0.008988 3.621422
0.533161 0.044801 0.039784 0.021648 0.000653 0.350958 0.008994 3.625822
0.533167 0.044824 0.039818 0.021638 0.000645 0.350906 0.009003 3.630214
0.533163 0.044737 0.039841 0.021649 0.000646 0.350953 0.009011 3.634648
0.533134 0.044786 0.039839 0.021653 0.000648 0.350924 0.009017 3.639031
0.533111 0.044910 0.039730 0.021663 0.000645 0.350921 0.009021 3.643335
0.533100 0.044948 0.039720 0.021650 0.000635 0.350923 0.009024 3.647694
0.533057 0.044910 0.039837 0.021637 0.000651 0.350882 0.009027 3.652150
0.532882 0.044945 0.039866 0.021614 0.000649 0.351013 0.009032 3.656611
0.532863 0.044883 0.039893 0.021648 0.000650 0.351026 0.009036 3.661052
0.532903 0.044837 0.039864 0.021652 0.000645 0.351058 0.009042 3.665444
0.532880 0.044926 0.039814 0.021591 0.000641 0.351102 0.009046 3.669756
0.532760 0.045000 0.039773 0.021634 0.000637 0.351140 0.009056 3.674101
0.532697 0.045032 0.039709 0.021631 0.000633 0.351239 0.009061 3.678466
0.532758 0.045028 0.039613 0.021621 0.000632 0.351279 0.009068 3.682832
0.532716 0.044993 0.039625 0.021627 0.000620 0.351343 0.009077 3.687293
0.532759 0.044956 0.039717 0.021618 0.000613 0.351255 0.009084 3.691713
0.532758 0.044984 0.039765 0.021611 0.000612 0.351181 0.009089 3.696120
0.532721 0.044999 0.039754 0.021590 0.000612 0.351232 0.009092 3.700505
0.532568 0.045049 0.039874 0.021615 0.000625 0.351173 0.009096 3.704973
0.532515 0.045090 0.039876 0.021530 0.000619 0.351272 0.009099 3.709389
0.532420 0.045110 0.039969 0.021526 0.000611 0.351260 0.009103 3.713820
0.532473 0.045121 0.039857 0.021533 0.000612 0.351298 0.009106 3.718168
0.532420 0.045123 0.039826 0.021556 0.000612 0.351353 0.009110 3.722599
0.532485 0.045050 0.039804 0.021602 0.000615 0.351327 0.009117 3.726986
0.532510 0.044973 0.039883 0.021571 0.000613 0.351328 0.009122 3.731443
0.532469 0.044907 0.039891 0.021574 0.000617 0.351417 0.009126 3.735892
0.532453 0.044773 0.039894 0.021668 0.000616 0.351464 0.009130 3.740396
0.532418 0.044773 0.039873 0.021662 0.000616 0.351522 0.009136 3.744777
0.532385 0.044704 0.039959 0.021689 0.000622 0.351496 0.009145 3.749225
0.532502 0.044643 0.039917 0.021679 0.000625 0.351484 0.009151 3.753609
0.532563 0.044592 0.039860 0.021681 0.000633 0.351515 0.009157 3.757991
0.532566 0.044664 0.039871 0.021601 0.000644 0.351495 0.009160 3.762291
0.532483 0.044719 0.039884 0.021560 0.000643 0.351546 0.009167 3.766632
0.532502 0.044742 0.039864 0.021586 0.000637 0.351496 0.009172 3.771010
0.532391 0.044768 0.039854 0.021628 0.000632 0.351552 0.009176 3.775455
0.532450 0.044719 0.039858 0.021598 0.000632 0.351563 0.009181 3.779861
0.532420 0.044802 0.039760 0.021594 0.000625 0.351610 0.009189 3.784166
0.532485 0.044762 0.039692 0.021607 0.000628 0.351634 0.009192 3.788564
0.532473 0.044816 0.039629 0.021541 0.000635 0.351709 0.009198 3.792840
0.532487 0.044825 0.039657 0.021570 0.000639 0.351621 0.009202 3.797218
0.532503 0.044830 0.039698 0.021502 0.000640 0.351623 0.009205 3.801556
0.532596 0.044762 0.039756 0.021565 0.000641 0.351470 0.009210 3.805942
0.532623 0.044750 0.039781 0.021539 0.000642 0.351450 0.009216 3.810303
0.532535 0.044748 0.039793 0.021562 0.000646 0.351499 0.009219 3.814723
0.532598 0.044642 0.039734 0.021605 0.000649 0.351550 0.009222 3.819153
0.532540 0.044720 0.039783 0.021576 0.000659 0.351495 0.009227 3.823543
0.532490 0.044745 0.039853 0.021587 0.000656 0.351436 0.009234 3.828023
0.532430 0.044765 0.039843 0.021585 0.000661 0.351481 0.009236 3.832408
0.532433 0.044743 0.039820 0.021611 0.000664 0.351489 0.009240 3.836801
0.532502 0.044704 0.039851 0.021638 0.000669 0.351391 0.009246 3.841200
0.532546 0.044603 0.039834 0.021687 0.000671 0.351410 0.009248 3.845638
0.532618 0.044599 0.039786 0.021680 0.000669 0.351392 0.009256 3.850038
0.532561 0.044735 0.039742 0.021682 0.000669 0.351351 0.009261 3.854344
0.532638 0.044768 0.039705 0.021602 0.000671 0.351351 0.009266 3.858650
0.532496 0.044751 0.039800 0.021645 0.000672 0.351365 0.009270 3.863148
0.532502 0.044712 0.039859 0.021623 0.000671 0.351358 0.009277 3.867540
0.532696 0.044614 0.039787 0.021696 0.000674 0.351248 0.009284 3.871921
0.532766 0.044532 0.039723 0.021702 0.000676 0.351315 0.009286 3.876309
0.532782 0.044533 0.039731 0.021675 0.000689 0.351300 0.009289 3.880689
0.532842 0.044588 0.039617 0.021713 0.000699 0.351250 0.009292 3.885025
0.532978 0.044613 0.039612 0.021650 0.000698 0.351152 0.009297 3.889329
0.532992 0.044557 0.039590 0.021636 0.000700 0.351222 0.009304 3.893685
0.533064 0.044611 0.039623 0.021642 0.000695 0.351054 0.009312 3.898062
0.533123 0.044528 0.039680 0.021694 0.000688 0.350968 0.009319 3.902473
0.533233 0.044453 0.039629 0.021654 0.000689 0.351018 0.009324 3.906839
0.533183 0.044450 0.039649 0.021672 0.000688 0.351028 0.009329 3.911227
0.533170 0.044489 0.039560 0.021663 0.000678 0.351104 0.009335 3.915576
0.533144 0.044426 0.039607 0.021675 0.000672 0.351135 0.009341 3.919913
0.533223 0.044327 0.039643 0.021642 0.000671 0.351149 0.009344 3.924307
0.533183 0.044427 0.039625 0.021601 0.000672 0.351142 0.009349 3.928565
0.533173 0.044493 0.039637 0.021595 0.000675 0.351072 0.009355 3.932871
0.533119 0.044522 0.039635 0.021536 0.000687 0.351141 0.009360 3.937222
0.533128 0.044623 0.039749 0.021429 0.000692 0.351014 0.009365 3.941543
0.533069 0.044661 0.039783 0.021356 0.000682 0.351077 0.009374 3.945911
0.533201 0.044544 0.039771 0.021307 0.000684 0.351116 0.009378 3.950290
0.533264 0.044459 0.039794 0.021285 0.000683 0.351131 0.009385 3.954717
0.533246 0.044448 0.039824 0.021315 0.000680 0.351095 0.009393 3.959127
0.533340 0.044373 0.039920 0.021316 0.000682 0.350971 0.009398 3.963554
