0.360799 0.061893 0.054843 0.031402 0.002044 0.483164 0.005854 1.584647
0.362727 0.060154 0.054764 0.031229 0.002058 0.483190 0.005878 1.590617
0.365103 0.058034 0.054561 0.031072 0.002046 0.483278 0.005905 1.596415
0.367773 0.055837 0.054275 0.030808 0.002040 0.483341 0.005926 1.601950
0.370803 0.053556 0.053880 0.030495 0.002038 0.483278 0.005950 1.607294
0.374044 0.051327 0.053290 0.030146 0.002030 0.483176 0.005986 1.612391
0.377324 0.049127 0.052661 0.029736 0.002044 0.483097 0.006012 1.617320
0.380657 0.047101 0.051940 0.029320 0.002044 0.482904 0.006034 1.622061
0.384247 0.045062 0.051228 0.028836 0.002044 0.482528 0.006054 1.626612
0.387937 0.043071 0.050399 0.028369 0.002037 0.482110 0.006078 1.630948
0.391600 0.041261 0.049500 0.027821 0.002025 0.481690 0.006103 1.635077
0.395451 0.039569 0.048500 0.027243 0.002021 0.481087 0.006129 1.639038
0.399306 0.037887 0.047624 0.026632 0.002016 0.480382 0.006153 1.642866
0.403185 0.036373 0.046510 0.026062 0.002029 0.479664 0.006177 1.646473
0.407113 0.034910 0.045508 0.025490 0.002021 0.478752 0.006206 1.650010
0.411104 0.033553 0.044477 0.024853 0.002000 0.477782 0.006232 1.653354
0.415167 0.032155 0.043528 0.024217 0.001976 0.476694 0.006263 1.656657
0.419244 0.030924 0.042468 0.023600 0.001961 0.475513 0.006292 1.659752
0.423312 0.029913 0.041295 0.022965 0.001933 0.474265 0.006317 1.662621
0.427342 0.028796 0.040220 0.022322 0.001920 0.473059 0.006342 1.665491
0.431483 0.027874 0.039138 0.021731 0.001896 0.471508 0.006369 1.668186
0.435638 0.026945 0.038065 0.021147 0.001896 0.469920 0.006391 1.670814
0.439913 0.026010 0.036984 0.020585 0.001887 0.468208 0.006415 1.673367
0.444099 0.025157 0.036010 0.019998 0.001886 0.466419 0.006432 1.675865
0.448307 0.024365 0.035012 0.019426 0.001859 0.464575 0.006456 1.678287
0.452506 0.023710 0.033970 0.018858 0.001819 0.462655 0.006481 1.680562
0.456784 0.022983 0.033037 0.018346 0.001805 0.460539 0.006506 1.682851
0.461080 0.022228 0.032216 0.017850 0.001784 0.458313 0.006529 1.685101
0.465357 0.021582 0.031352 0.017313 0.001762 0.456083 0.006551 1.687226
0.469615 0.020882 0.030504 0.016860 0.001739 0.453823 0.006577 1.689372
0.473847 0.020329 0.029682 0.016368 0.001716 0.451457 0.006603 1.691359
0.478126 0.019797 0.028890 0.015890 0.001699 0.448976 0.006623 1.693301
0.482324 0.019227 0.028064 0.015449 0.001663 0.446625 0.006649 1.695272
0.486517 0.018732 0.027282 0.015027 0.001638 0.444132 0.006673 1.697158
0.490760 0.018371 0.026456 0.014575 0.001613 0.441531 0.006694 1.698879
0.494872 0.017922 0.025783 0.014162 0.001583 0.438958 0.006721 1.700681
0.499029 0.017481 0.025058 0.013767 0.001563 0.436354 0.006749 1.702388
0.503117 0.017053 0.024363 0.013431 0.001544 0.433725 0.006768 1.704103
0.507185 0.016698 0.023696 0.013080 0.001518 0.431036 0.006786 1.705723
0.511375 0.016271 0.023072 0.012670 0.001492 0.428317 0.006804 1.707380
0.515489 0.015933 0.022444 0.012340 0.001467 0.425504 0.006823 1.708942
0.519642 0.015621 0.021874 0.011964 0.001442 0.422612 0.006846 1.710452
0.523827 0.015313 0.021329 0.011644 0.001415 0.419607 0.006865 1.711927
0.527881 0.015032 0.020772 0.011349 0.001380 0.416701 0.006886 1.713404
0.531902 0.014743 0.020184 0.011066 0.001355 0.413846 0.006904 1.714821
0.535934 0.014452 0.019714 0.010785 0.001333 0.410861 0.006921 1.716253
0.539960 0.014178 0.019265 0.010512 0.001311 0.407838 0.006936 1.717664
0.543918 0.013913 0.018763 0.010262 0.001288 0.404903 0.006954 1.719044
0.547798 0.013693 0.018248 0.010001 0.001262 0.402026 0.006972 1.720390
0.551729 0.013433 0.017924 0.009757 0.001230 0.398938 0.006990 1.721759
0.555623 0.013244 0.017463 0.009563 0.001205 0.395894 0.007008 1.723050
0.559455 0.013018 0.017082 0.009350 0.001187 0.392890 0.007018 1.724391
0.563298 0.012829 0.016665 0.009157 0.001168 0.389848 0.007036 1.725673
0.567084 0.012590 0.016328 0.008958 0.001143 0.386848 0.007049 1.726942
0.570870 0.012403 0.015971 0.008744 0.001128 0.383817 0.007066 1.728163
0.574592 0.012282 0.015611 0.008531 0.001102 0.380794 0.007088 1.729359
0.578259 0.012090 0.015326 0.008342 0.001084 0.377799 0.007100 1.730588
0.581838 0.011915 0.015007 0.008169 0.001061 0.374894 0.007115 1.731796
0.585388 0.011817 0.014672 0.007976 0.001049 0.371968 0.007129 1.732924
0.589013 0.011676 0.014368 0.007802 0.001041 0.368959 0.007141 1.734069
0.592633 0.011576 0.014015 0.007623 0.001025 0.365978 0.007151 1.735170
0.596127 0.011474 0.013760 0.007465 0.001007 0.363003 0.007164 1.736326
0.599678 0.011383 0.013494 0.007327 0.000983 0.359956 0.007180 1.737424
0.603238 0.011246 0.013251 0.007201 0.000967 0.356908 0.007189 1.738552
0.606774 0.011126 0.013040 0.007058 0.000951 0.353851 0.007201 1.739652
0.610230 0.011041 0.012857 0.006914 0.000934 0.350807 0.007218 1.740730
0.613575 0.010947 0.012658 0.006794 0.000920 0.347875 0.007231 1.741828
0.616975 0.010869 0.012484 0.006697 0.000913 0.344819 0.007243 1.742908
0.620448 0.010747 0.012368 0.006584 0.000899 0.341704 0.007250 1.743999
0.623765 0.010655 0.012185 0.006487 0.000880 0.338768 0.007260 1.745057
0.627013 0.010589 0.012013 0.006397 0.000867 0.335846 0.007274 1.746095
0.630247 0.010549 0.011831 0.006281 0.000855 0.332949 0.007287 1.747111
0.633543 0.010451 0.011697 0.006179 0.000834 0.329998 0.007297 1.748155
0.636697 0.010392 0.011513 0.006085 0.000824 0.327184 0.007306 1.749158
0.639887 0.010247 0.011371 0.006006 0.000808 0.324367 0.007315 1.750208
0.643032 0.010191 0.011207 0.005967 0.000781 0.321493 0.007331 1.751209
0.646110 0.010158 0.011028 0.005847 0.000771 0.318747 0.007339 1.752170
0.649133 0.010106 0.010865 0.005764 0.000761 0.316022 0.007349 1.753165
0.652117 0.010094 0.010719 0.005687 0.000759 0.313270 0.007355 1.754139
0.655139 0.010001 0.010623 0.005622 0.000745 0.310506 0.007363 1.755132
0.658046 0.010001 0.010508 0.005583 0.000736 0.307751 0.007376 1.756102
0.660978 0.009942 0.010372 0.005527 0.000727 0.305066 0.007388 1.757093
0.663867 0.009863 0.010271 0.005485 0.000718 0.302398 0.007398 1.758101
0.666668 0.009815 0.010170 0.005438 0.000712 0.299793 0.007406 1.759071
0.669540 0.009758 0.010065 0.005397 0.000703 0.297122 0.007414 1.760054
0.672214 0.009799 0.009933 0.005347 0.000689 0.294596 0.007422 1.760980
0.674986 0.009735 0.009875 0.005286 0.000673 0.292013 0.007431 1.761950
0.677702 0.009727 0.009786 0.005222 0.000672 0.289455 0.007436 1.762880
0.680392 0.009735 0.009673 0.005184 0.000667 0.286905 0.007445 1.763811
0.683104 0.009724 0.009542 0.005157 0.000659 0.284360 0.007454 1.764742
0.685620 0.009729 0.009464 0.005117 0.000648 0.281961 0.007461 1.765683
0.688173 0.009700 0.009433 0.005041 0.000639 0.279543 0.007471 1.766625
0.690806 0.009651 0.009383 0.005011 0.000624 0.277045 0.007480 1.767573
0.693286 0.009643 0.009340 0.004975 0.000614 0.274651 0.007490 1.768528
0.695751 0.009624 0.009299 0.004947 0.000608 0.272276 0.007496 1.769470
0.698111 0.009608 0.009273 0.004908 0.000590 0.270004 0.007506 1.770431
0.700548 0.009580 0.009216 0.004910 0.000579 0.267655 0.007513 1.771386
0.702915 0.009666 0.009135 0.004879 0.000566 0.265317 0.007523 1.772293
0.705298 0.009638 0.009113 0.004875 0.000554 0.262991 0.007531 1.773264
0.707635 0.009632 0.009079 0.004842 0.000537 0.260739 0.007537 1.774198
0.709953 0.009700 0.009015 0.004813 0.000531 0.258443 0.007543 1.775097
0.712195 0.009716 0.008987 0.004788 0.000526 0.256237 0.007551 1.776045
0.714418 0.009676 0.008965 0.004776 0.000521 0.254087 0.007559 1.777022
0.716665 0.009685 0.008944 0.004788 0.000511 0.251841 0.007566 1.777984
0.718861 0.009715 0.008902 0.004770 0.000506 0.249675 0.007572 1.778927
0.720988 0.009727 0.008889 0.004735 0.000500 0.247583 0.007579 1.779881
0.723082 0.009734 0.008875 0.004729 0.000495 0.245500 0.007585 1.780837
0.725133 0.009745 0.008876 0.004742 0.000484 0.243429 0.007591 1.781789
0.727245 0.009748 0.008855 0.004753 0.000469 0.241330 0.007600 1.782774
0.729224 0.009755 0.008863 0.004798 0.000466 0.239286 0.007607 1.783767
0.731171 0.009813 0.008842 0.004776 0.000463 0.237321 0.007614 1.784727
0.733124 0.009887 0.008867 0.004749 0.000461 0.235297 0.007617 1.785687
0.735097 0.009957 0.008840 0.004743 0.000458 0.233279 0.007627 1.786610
0.737052 0.010001 0.008834 0.004714 0.000453 0.231311 0.007636 1.787573
0.738948 0.009986 0.008840 0.004720 0.000449 0.229417 0.007640 1.788556
0.740805 0.009960 0.008828 0.004733 0.000430 0.227593 0.007651 1.789550
0.742641 0.009999 0.008842 0.004757 0.000427 0.225678 0.007656 1.790548
0.744446 0.009997 0.008872 0.004759 0.000423 0.223844 0.007661 1.791535
0.746227 0.010017 0.008846 0.004765 0.000420 0.222059 0.007666 1.792504
0.747930 0.010087 0.008805 0.004779 0.000423 0.220307 0.007670 1.793468
0.749655 0.010114 0.008823 0.004808 0.000424 0.218505 0.007672 1.794475
0.751305 0.010193 0.008870 0.004810 0.000422 0.216723 0.007677 1.795471
0.752956 0.010268 0.008877 0.004841 0.000416 0.214960 0.007683 1.796479
0.754567 0.010343 0.008891 0.004871 0.000412 0.213227 0.007689 1.797510
0.756123 0.010393 0.008903 0.004885 0.000401 0.211598 0.007697 1.798531
0.757653 0.010451 0.008890 0.004897 0.000399 0.210006 0.007706 1.799535
0.759229 0.010495 0.008928 0.004895 0.000392 0.208351 0.007712 1.800569
0.760753 0.010541 0.008925 0.004895 0.000383 0.206785 0.007718 1.801583
0.762309 0.010557 0.008966 0.004923 0.000385 0.205140 0.007719 1.802630
0.763727 0.010632 0.008991 0.004962 0.000389 0.203577 0.007723 1.803669
0.765195 0.010683 0.009043 0.004956 0.000383 0.202013 0.007728 1.804701
0.766616 0.010783 0.009070 0.004973 0.000382 0.200442 0.007733 1.805739
0.767928 0.010846 0.009081 0.005002 0.000378 0.199027 0.007739 1.806804
0.769296 0.010926 0.009095 0.005006 0.000378 0.197553 0.007745 1.807835
0.770633 0.010950 0.009220 0.005036 0.000370 0.196044 0.007747 1.808945
0.771923 0.011026 0.009297 0.005054 0.000367 0.194582 0.007752 1.810032
0.773214 0.011077 0.009341 0.005072 0.000367 0.193173 0.007757 1.811133
0.774465 0.011146 0.009362 0.005097 0.000369 0.191802 0.007759 1.812222
0.775650 0.011234 0.009408 0.005107 0.000365 0.190471 0.007765 1.813316
0.776888 0.011236 0.009477 0.005155 0.000358 0.189113 0.007772 1.814458
0.778051 0.011294 0.009535 0.005176 0.000355 0.187809 0.007780 1.815586
0.779274 0.011362 0.009514 0.005205 0.000345 0.186513 0.007787 1.816655
0.780435 0.011426 0.009583 0.005212 0.000342 0.185211 0.007791 1.817774
0.781517 0.011513 0.009629 0.005241 0.000345 0.183960 0.007795 1.818900
0.782616 0.011553 0.009683 0.005263 0.000344 0.182743 0.007799 1.820054
0.783751 0.011625 0.009772 0.005298 0.000349 0.181403 0.007802 1.821205
0.784711 0.011730 0.009767 0.005328 0.000350 0.180309 0.007806 1.822346
0.785664 0.011801 0.009828 0.005364 0.000348 0.179190 0.007807 1.823541
0.786615 0.011926 0.009875 0.005362 0.000346 0.178064 0.007813 1.824676
0.787533 0.012020 0.009919 0.005396 0.000345 0.176970 0.007818 1.825861
0.788365 0.012100 0.010001 0.005424 0.000345 0.175944 0.007822 1.827064
0.789330 0.012171 0.010032 0.005462 0.000343 0.174834 0.007828 1.828258
0.790275 0.012294 0.010093 0.005468 0.000350 0.173691 0.007829 1.829443
0.791145 0.012401 0.010160 0.005498 0.000348 0.172613 0.007836 1.830647
0.791904 0.012523 0.010209 0.005516 0.000353 0.171656 0.007839 1.831852
0.792672 0.012641 0.010320 0.005542 0.000352 0.170627 0.007844 1.833095
0.793421 0.012824 0.010352 0.005603 0.000353 0.169601 0.007847 1.834308
0.794183 0.012826 0.010453 0.005686 0.000353 0.168648 0.007851 1.835624
0.794880 0.012875 0.010555 0.005736 0.000351 0.167746 0.007857 1.836956
0.795573 0.012975 0.010621 0.005741 0.000351 0.166876 0.007863 1.838232
0.796304 0.013068 0.010693 0.005791 0.000355 0.165921 0.007867 1.839505
0.796939 0.013168 0.010748 0.005852 0.000350 0.165075 0.007871 1.840822
0.797624 0.013250 0.010818 0.005897 0.000347 0.164190 0.007874 1.842123
0.798230 0.013352 0.010902 0.005941 0.000351 0.163345 0.007880 1.843430
0.798841 0.013410 0.010958 0.006012 0.000355 0.162539 0.007885 1.844772
0.799466 0.013547 0.011024 0.006027 0.000359 0.161688 0.007891 1.846067
0.799984 0.013742 0.011065 0.006040 0.000358 0.160918 0.007894 1.847361
0.800499 0.013852 0.011170 0.006097 0.000358 0.160125 0.007901 1.848716
0.801002 0.013971 0.011237 0.006148 0.000355 0.159383 0.007905 1.850090
0.801482 0.014097 0.011308 0.006180 0.000350 0.158672 0.007911 1.851461
0.801977 0.014189 0.011420 0.006246 0.000350 0.157903 0.007915 1.852877
0.802405 0.014252 0.011570 0.006283 0.000355 0.157215 0.007920 1.854324
0.802929 0.014311 0.011654 0.006327 0.000359 0.156496 0.007925 1.855736
0.803355 0.014428 0.011736 0.006388 0.000360 0.155799 0.007934 1.857151
0.803761 0.014553 0.011834 0.006413 0.000361 0.155139 0.007939 1.858568
0.804132 0.014743 0.011909 0.006444 0.000367 0.154463 0.007942 1.859989
0.804523 0.014780 0.012039 0.006517 0.000365 0.153827 0.007948 1.861491
0.804883 0.014869 0.012114 0.006523 0.000370 0.153289 0.007952 1.862940
0.805218 0.014975 0.012169 0.006592 0.000379 0.152714 0.007954 1.864404
0.805495 0.015090 0.012272 0.006636 0.000384 0.152165 0.007958 1.865890
0.805798 0.015224 0.012348 0.006672 0.000392 0.151604 0.007962 1.867360
0.806058 0.015374 0.012461 0.006717 0.000390 0.151034 0.007968 1.868866
0.806304 0.015481 0.012544 0.006772 0.000385 0.150537 0.007976 1.870387
0.806549 0.015594 0.012652 0.006813 0.000392 0.150020 0.007980 1.871900
0.806794 0.015729 0.012742 0.006862 0.000398 0.149491 0.007983 1.873432
0.806963 0.015843 0.012829 0.006949 0.000396 0.149030 0.007990 1.875019
0.807185 0.015971 0.012876 0.007021 0.000396 0.148557 0.007994 1.876572
0.807347 0.016072 0.013002 0.007077 0.000396 0.148106 0.007999 1.878176
0.807548 0.016152 0.013108 0.007129 0.000401 0.147659 0.008004 1.879760
0.807677 0.016304 0.013185 0.007222 0.000400 0.147201 0.008011 1.881369
0.807840 0.016360 0.013359 0.007255 0.000401 0.146771 0.008015 1.883024
0.807832 0.016516 0.013490 0.007306 0.000406 0.146430 0.008021 1.884659
0.807876 0.016623 0.013585 0.007380 0.000400 0.146104 0.008031 1.886318
0.807943 0.016691 0.013735 0.007433 0.000405 0.145757 0.008037 1.887972
0.808117 0.016748 0.013820 0.007456 0.000405 0.145413 0.008040 1.889596
0.808202 0.016815 0.013912 0.007501 0.000405 0.145116 0.008050 1.891265
0.808238 0.016897 0.014006 0.007564 0.000412 0.144829 0.008055 1.892939
0.808309 0.016962 0.014086 0.007623 0.000417 0.144543 0.008061 1.894637
0.808399 0.017004 0.014160 0.007655 0.000419 0.144300 0.008064 1.896296
0.808404 0.017137 0.014223 0.007695 0.000427 0.144046 0.008069 1.897960
0.808486 0.017205 0.014313 0.007704 0.000435 0.143784 0.008073 1.899628
0.808486 0.017275 0.014369 0.007763 0.000435 0.143591 0.008081 1.901338
0.808554 0.017311 0.014439 0.007770 0.000436 0.143404 0.008086 1.903035
0.808470 0.017452 0.014496 0.007777 0.000444 0.143271 0.008091 1.904707
0.808412 0.017532 0.014592 0.007813 0.000447 0.143107 0.008098 1.906456
0.808346 0.017647 0.014647 0.007873 0.000446 0.142938 0.008104 1.908181
0.808275 0.017818 0.014705 0.007907 0.000443 0.142742 0.008110 1.909853
0.808157 0.017934 0.014788 0.007968 0.000442 0.142593 0.008119 1.911630
0.807987 0.018140 0.014851 0.007942 0.000450 0.142505 0.008125 1.913338
0.807828 0.018251 0.014960 0.008021 0.000452 0.142358 0.008131 1.915127
0.807737 0.018356 0.015059 0.008024 0.000457 0.142231 0.008137 1.916909
0.807605 0.018457 0.015134 0.008094 0.000457 0.142108 0.008146 1.918714
0.807408 0.018599 0.015201 0.008130 0.000462 0.142048 0.008153 1.920512
0.807257 0.018728 0.015313 0.008190 0.000461 0.141889 0.008162 1.922337
0.807105 0.018800 0.015437 0.008263 0.000468 0.141759 0.008168 1.924176
0.806907 0.018906 0.015529 0.008330 0.000470 0.141685 0.008175 1.926013
0.806725 0.018981 0.015602 0.008365 0.000469 0.141676 0.008182 1.927875
0.806504 0.019092 0.015716 0.008423 0.000469 0.141608 0.008188 1.929737
0.806354 0.019154 0.015837 0.008470 0.000471 0.141523 0.008191 1.931581
0.806208 0.019237 0.015901 0.008492 0.000472 0.141492 0.008198 1.933413
0.806074 0.019262 0.015940 0.008538 0.000476 0.141508 0.008204 1.935308
0.805865 0.019314 0.016082 0.008596 0.000480 0.141449 0.008213 1.937239
0.805592 0.019407 0.016239 0.008600 0.000487 0.141456 0.008219 1.939169
0.805428 0.019470 0.016269 0.008621 0.000485 0.141503 0.008225 1.941018
0.805219 0.019509 0.016343 0.008707 0.000488 0.141503 0.008231 1.942955
0.805045 0.019511 0.016448 0.008700 0.000502 0.141560 0.008235 1.944873
0.804835 0.019601 0.016505 0.008797 0.000511 0.141510 0.008242 1.946794
0.804589 0.019660 0.016597 0.008803 0.000520 0.141580 0.008251 1.948696
0.804327 0.019760 0.016672 0.008805 0.000526 0.141655 0.008256 1.950562
0.804125 0.019823 0.016757 0.008838 0.000528 0.141667 0.008263 1.952495
0.804013 0.019892 0.016785 0.008873 0.000525 0.141640 0.008272 1.954398
0.803769 0.019935 0.016850 0.008866 0.000533 0.141769 0.008279 1.956346
0.803472 0.020023 0.016922 0.008918 0.000540 0.141837 0.008288 1.958326
0.803218 0.020118 0.016949 0.008975 0.000538 0.141910 0.008292 1.960248
0.803015 0.020136 0.017029 0.008999 0.000540 0.141986 0.008296 1.962219
0.802707 0.020212 0.017115 0.009053 0.000542 0.142066 0.008305 1.964222
0.802463 0.020263 0.017186 0.009078 0.000546 0.142151 0.008314 1.966219
0.802210 0.020305 0.017235 0.009116 0.000546 0.142264 0.008324 1.968212
0.802004 0.020319 0.017295 0.009198 0.000542 0.142312 0.008330 1.970223
0.801740 0.020388 0.017374 0.009229 0.000547 0.142385 0.008337 1.972223
0.801469 0.020492 0.017426 0.009248 0.000543 0.142483 0.008340 1.974178
0.801249 0.020539 0.017489 0.009241 0.000557 0.142577 0.008347 1.976179
0.800954 0.020638 0.017540 0.009252 0.000562 0.142700 0.008353 1.978173
0.800699 0.020598 0.017692 0.009315 0.000569 0.142765 0.008361 1.980245
0.800451 0.020610 0.017767 0.009331 0.000578 0.142897 0.008366 1.982274
0.800134 0.020609 0.017888 0.009350 0.000582 0.143061 0.008376 1.984333
0.799810 0.020718 0.017965 0.009339 0.000597 0.143187 0.008385 1.986354
0.799536 0.020726 0.017983 0.009383 0.000593 0.143387 0.008392 1.988399
0.799308 0.020824 0.018001 0.009413 0.000595 0.143461 0.008398 1.990370
0.799078 0.020819 0.018101 0.009424 0.000600 0.143573 0.008404 1.992426
0.798773 0.020873 0.018148 0.009455 0.000601 0.143741 0.008410 1.994471
0.798443 0.020889 0.018258 0.009462 0.000606 0.143927 0.008417 1.996572
0.798070 0.020933 0.018369 0.009495 0.000602 0.144100 0.008431 1.998665
0.797787 0.021027 0.018384 0.009524 0.000607 0.144232 0.008439 2.000674
0.797494 0.020990 0.018475 0.009574 0.000609 0.144411 0.008446 2.002787
0.797214 0.021017 0.018543 0.009597 0.000611 0.144563 0.008453 2.004869
0.796884 0.021032 0.018591 0.009607 0.000610 0.144813 0.008465 2.006943
0.796596 0.021095 0.018588 0.009605 0.000601 0.145040 0.008475 2.008973
0.796343 0.021145 0.018582 0.009631 0.000613 0.145208 0.008478 2.010980
0.796082 0.021185 0.018566 0.009676 0.000613 0.145390 0.008488 2.013055
0.795811 0.021259 0.018602 0.009721 0.000605 0.145506 0.008497 2.015125
0.795591 0.021191 0.018659 0.009787 0.000610 0.145661 0.008502 2.017252
0.795376 0.021081 0.018700 0.009822 0.000611 0.145901 0.008509 2.019369
0.795091 0.021123 0.018746 0.009845 0.000614 0.146063 0.008519 2.021469
0.794826 0.021155 0.018754 0.009841 0.000614 0.146283 0.008529 2.023527
0.794490 0.021198 0.018788 0.009836 0.000619 0.146536 0.008534 2.025618
0.794286 0.021169 0.018812 0.009838 0.000616 0.146737 0.008544 2.027684
0.793947 0.021212 0.018814 0.009864 0.000619 0.146991 0.008553 2.029768
0.793671 0.021202 0.018827 0.009871 0.000617 0.147253 0.008558 2.031860
0.793420 0.021223 0.018831 0.009923 0.000620 0.147420 0.008565 2.033959
0.793121 0.021254 0.018895 0.009895 0.000618 0.147643 0.008574 2.036046
0.792825 0.021271 0.018947 0.009912 0.000615 0.147847 0.008582 2.038159
0.792674 0.021221 0.018944 0.009927 0.000614 0.148029 0.008592 2.040250
0.792414 0.021251 0.018962 0.009920 0.000616 0.148236 0.008601 2.042329
0.792246 0.021203 0.018944 0.009891 0.000622 0.148485 0.008609 2.044409
0.791967 0.021230 0.018904 0.009920 0.000626 0.148736 0.008617 2.046467
0.791805 0.021200 0.018850 0.009909 0.000626 0.148984 0.008626 2.048544
0.791662 0.021160 0.018827 0.009912 0.000627 0.149183 0.008631 2.050616
0.791504 0.021154 0.018855 0.009902 0.000630 0.149318 0.008637 2.052656
0.791280 0.021163 0.018839 0.009880 0.000624 0.149569 0.008645 2.054708
0.791047 0.021182 0.018852 0.009875 0.000625 0.149767 0.008652 2.056767
0.790905 0.021178 0.018847 0.009886 0.000629 0.149897 0.008659 2.058808
0.790711 0.021172 0.018856 0.009907 0.000637 0.150049 0.008669 2.060900
0.790537 0.021160 0.018802 0.009901 0.000639 0.150284 0.008676 2.062990
0.790344 0.021163 0.018747 0.009923 0.000636 0.150502 0.008684 2.065077
0.790137 0.021102 0.018760 0.009971 0.000639 0.150700 0.008693 2.067182
0.790038 0.021036 0.018719 0.010039 0.000647 0.150825 0.008697 2.069257
0.789835 0.021052 0.018746 0.010006 0.000649 0.151007 0.008705 2.071319
0.789706 0.021010 0.018762 0.009993 0.000647 0.151173 0.008708 2.073396
0.789541 0.021039 0.018751 0.009983 0.000651 0.151315 0.008720 2.075412
0.789392 0.020991 0.018736 0.010030 0.000649 0.151476 0.008726 2.077488
0.789215 0.021024 0.018715 0.010018 0.000653 0.151640 0.008736 2.079540
0.789064 0.021068 0.018675 0.010035 0.000655 0.151759 0.008743 2.081595
0.788911 0.021049 0.018689 0.010033 0.000652 0.151912 0.008753 2.083658
0.788811 0.021016 0.018651 0.010031 0.000657 0.152075 0.008759 2.085707
0.788652 0.020968 0.018618 0.009992 0.000661 0.152343 0.008767 2.087771
0.788475 0.020928 0.018660 0.009957 0.000665 0.152541 0.008775 2.089847
0.788464 0.020767 0.018726 0.009952 0.000660 0.152649 0.008783 2.091950
0.788371 0.020766 0.018725 0.009910 0.000656 0.152781 0.008792 2.093957
0.788454 0.020677 0.018703 0.009886 0.000663 0.152822 0.008796 2.095965
0.788358 0.020735 0.018643 0.009894 0.000654 0.152912 0.008804 2.097926
0.788264 0.020745 0.018637 0.009881 0.000662 0.153000 0.008813 2.099916
0.788267 0.020618 0.018624 0.009881 0.000670 0.153120 0.008820 2.102006
0.788203 0.020614 0.018593 0.009848 0.000673 0.153246 0.008824 2.104001
0.788179 0.020498 0.018629 0.009872 0.000666 0.153318 0.008838 2.106042
0.788098 0.020489 0.018637 0.009856 0.000668 0.153403 0.008851 2.108063
0.787883 0.020482 0.018578 0.009861 0.000670 0.153668 0.008860 2.110096
0.787897 0.020473 0.018525 0.009863 0.000677 0.153697 0.008868 2.112056
0.787774 0.020479 0.018500 0.009870 0.000685 0.153815 0.008877 2.114067
0.787744 0.020412 0.018521 0.009869 0.000686 0.153881 0.008886 2.116107
0.787677 0.020404 0.018573 0.009830 0.000682 0.153941 0.008893 2.118101
0.787659 0.020384 0.018564 0.009800 0.000683 0.154012 0.008899 2.120074
0.787646 0.020306 0.018541 0.009786 0.000683 0.154130 0.008907 2.122082
0.787573 0.020297 0.018510 0.009792 0.000677 0.154235 0.008915 2.124088
0.787550 0.020276 0.018519 0.009745 0.000675 0.154309 0.008927 2.126055
0.787512 0.020172 0.018499 0.009749 0.000678 0.154454 0.008935 2.128084
0.787620 0.020019 0.018495 0.009770 0.000679 0.154472 0.008945 2.130070
0.787564 0.020027 0.018474 0.009742 0.000675 0.154568 0.008952 2.132003
0.787543 0.020019 0.018402 0.009740 0.000665 0.154671 0.008961 2.133955
0.787526 0.019956 0.018376 0.009683 0.000665 0.154829 0.008966 2.135929
0.787609 0.019879 0.018313 0.009667 0.000666 0.154893 0.008973 2.137884
0.787687 0.019807 0.018270 0.009661 0.000671 0.154924 0.008981 2.139850
0.787722 0.019788 0.018218 0.009656 0.000670 0.154959 0.008987 2.141763
0.787710 0.019850 0.018209 0.009620 0.000669 0.154947 0.008995 2.143683
0.787737 0.019783 0.018205 0.009583 0.000668 0.155023 0.009002 2.145651
0.787775 0.019734 0.018157 0.009582 0.000667 0.155074 0.009011 2.147606
0.787802 0.019676 0.018156 0.009579 0.000672 0.155098 0.009017 2.149562
0.787782 0.019656 0.018110 0.009591 0.000671 0.155162 0.009029 2.151499
0.787832 0.019637 0.018025 0.009604 0.000664 0.155200 0.009040 2.153404
0.787898 0.019656 0.017928 0.009552 0.000660 0.155256 0.009050 2.155253
0.787945 0.019665 0.017886 0.009507 0.000660 0.155277 0.009062 2.157157
0.788045 0.019593 0.017880 0.009488 0.000657 0.155267 0.009070 2.159090
0.788086 0.019565 0.017897 0.009455 0.000665 0.155256 0.009076 2.161033
0.788067 0.019557 0.017907 0.009442 0.000659 0.155283 0.009084 2.162955
0.788078 0.019538 0.017873 0.009437 0.000656 0.155332 0.009088 2.164881
0.788149 0.019518 0.017861 0.009399 0.000652 0.155324 0.009096 2.166791
0.788220 0.019493 0.017797 0.009334 0.000655 0.155396 0.009105 2.168652
0.788239 0.019425 0.017780 0.009348 0.000654 0.155440 0.009114 2.170622
0.788358 0.019355 0.017704 0.009344 0.000652 0.155467 0.009121 2.172527
0.788452 0.019322 0.017655 0.009321 0.000653 0.155472 0.009126 2.174406
0.788567 0.019255 0.017635 0.009287 0.000648 0.155474 0.009135 2.176310
0.788715 0.019136 0.017614 0.009317 0.000647 0.155430 0.009142 2.178256
0.788782 0.019065 0.017661 0.009343 0.000643 0.155356 0.009150 2.180197
0.788860 0.019062 0.017603 0.009320 0.000643 0.155355 0.009158 2.182068
0.788925 0.019027 0.017592 0.009318 0.000639 0.155333 0.009167 2.183950
0.788963 0.019013 0.017590 0.009281 0.000633 0.155342 0.009179 2.185825
0.789003 0.018935 0.017579 0.009282 0.000626 0.155386 0.009189 2.187748
0.789033 0.018953 0.017563 0.009250 0.000629 0.155378 0.009195 2.189617
0.789131 0.018968 0.017510 0.009261 0.000627 0.155300 0.009202 2.191474
0.789264 0.018919 0.017507 0.009214 0.000632 0.155255 0.009208 2.193331
0.789364 0.018945 0.017435 0.009195 0.000633 0.155210 0.009218 2.195156
0.789435 0.018979 0.017403 0.009171 0.000630 0.155156 0.009226 2.197022
0.789465 0.019027 0.017302 0.009161 0.000635 0.155173 0.009236 2.198854
0.789653 0.018962 0.017285 0.009131 0.000642 0.155086 0.009241 2.200692
0.789762 0.018938 0.017253 0.009101 0.000646 0.155052 0.009249 2.202548
0.789909 0.018917 0.017218 0.009061 0.000651 0.154988 0.009256 2.204366
0.790034 0.018925 0.017153 0.009038 0.000648 0.154939 0.009264 2.206168
0.790126 0.018900 0.017114 0.009009 0.000655 0.154924 0.009274 2.207994
0.790227 0.018829 0.017120 0.009023 0.000647 0.154875 0.009279 2.209877
0.790332 0.018807 0.017136 0.009010 0.000657 0.154773 0.009284 2.211731
0.790455 0.018806 0.017088 0.009019 0.000658 0.154685 0.009289 2.213552
0.790476 0.018795 0.017032 0.009033 0.000652 0.154713 0.009298 2.215432
0.790574 0.018839 0.016943 0.009001 0.000650 0.154684 0.009309 2.217193
0.790705 0.018814 0.016943 0.009003 0.000654 0.154562 0.009318 2.219026
0.790792 0.018818 0.016932 0.008974 0.000648 0.154509 0.009327 2.220828
0.790934 0.018759 0.016942 0.009013 0.000646 0.154372 0.009335 2.222675
0.790995 0.018824 0.016872 0.008954 0.000645 0.154365 0.009344 2.224454
0.791141 0.018682 0.016909 0.008990 0.000640 0.154282 0.009357 2.226381
0.791298 0.018650 0.016866 0.008963 0.000634 0.154222 0.009366 2.228191
0.791376 0.018626 0.016876 0.008958 0.000634 0.154158 0.009373 2.230044
0.791523 0.018593 0.016894 0.008937 0.000638 0.154033 0.009381 2.231866
0.791609 0.018616 0.016937 0.008910 0.000640 0.153902 0.009387 2.233672
0.791765 0.018552 0.016906 0.008879 0.000637 0.153865 0.009396 2.235516
0.791915 0.018505 0.016905 0.008842 0.000637 0.153792 0.009404 2.237327
0.792030 0.018499 0.016914 0.008787 0.000636 0.153726 0.009409 2.239134
0.792132 0.018473 0.016909 0.008772 0.000638 0.153661 0.009415 2.240951
0.792236 0.018475 0.016861 0.008738 0.000637 0.153629 0.009425 2.242743
0.792394 0.018476 0.016855 0.008725 0.000638 0.153477 0.009435 2.244535
0.792513 0.018429 0.016868 0.008754 0.000647 0.153347 0.009442 2.246386
0.792658 0.018453 0.016779 0.008760 0.000646 0.153255 0.009450 2.248138
0.792812 0.018431 0.016724 0.008760 0.000641 0.153173 0.009460 2.249939
0.792952 0.018380 0.016770 0.008787 0.000642 0.153002 0.009468 2.251801
0.793088 0.018397 0.016758 0.008773 0.000641 0.152865 0.009479 2.253581
0.793169 0.018466 0.016732 0.008716 0.000637 0.152794 0.009485 2.255351
0.793228 0.018517 0.016711 0.008759 0.000636 0.152654 0.009495 2.257155
0.793354 0.018497 0.016678 0.008757 0.000634 0.152577 0.009504 2.259010
0.793379 0.018477 0.016666 0.008788 0.000628 0.152550 0.009512 2.260825
0.793459 0.018474 0.016668 0.008812 0.000623 0.152447 0.009518 2.262659
0.793539 0.018514 0.016642 0.008774 0.000616 0.152388 0.009528 2.264428
0.793584 0.018473 0.016706 0.008798 0.000611 0.152293 0.009534 2.266279
0.793655 0.018487 0.016731 0.008790 0.000609 0.152186 0.009542 2.268107
0.793808 0.018417 0.016708 0.008789 0.000610 0.152118 0.009550 2.269939
0.793904 0.018384 0.016691 0.008807 0.000606 0.152050 0.009558 2.271770
0.794011 0.018394 0.016666 0.008788 0.000604 0.151969 0.009567 2.273553
0.794055 0.018394 0.016680 0.008782 0.000597 0.151912 0.009579 2.275348
0.794111 0.018386 0.016657 0.008778 0.000601 0.151885 0.009584 2.277148
0.794234 0.018351 0.016654 0.008788 0.000608 0.151772 0.009593 2.278977
0.794305 0.018367 0.016593 0.008762 0.000610 0.151763 0.009600 2.280764
0.794460 0.018324 0.016599 0.008759 0.000607 0.151643 0.009608 2.282585
0.794545 0.018283 0.016598 0.008765 0.000603 0.151591 0.009614 2.284398
0.794598 0.018246 0.016694 0.008728 0.000599 0.151518 0.009618 2.286221
0.794707 0.018198 0.016730 0.008701 0.000601 0.151439 0.009623 2.288046
0.794857 0.018087 0.016785 0.008721 0.000600 0.151321 0.009630 2.289900
0.794919 0.018135 0.016720 0.008747 0.000599 0.151239 0.009640 2.291684
0.795022 0.018217 0.016656 0.008708 0.000596 0.151152 0.009649 2.293412
0.795135 0.018189 0.016665 0.008753 0.000611 0.150991 0.009655 2.295261
0.795273 0.018139 0.016658 0.008740 0.000612 0.150916 0.009662 2.297065
0.795381 0.018152 0.016667 0.008742 0.000610 0.150775 0.009673 2.298847
0.795487 0.018169 0.016615 0.008722 0.000606 0.150721 0.009678 2.300604
0.795535 0.018164 0.016562 0.008718 0.000610 0.150728 0.009683 2.302412
0.795581 0.018231 0.016559 0.008689 0.000612 0.150639 0.009688 2.304168
0.795648 0.018230 0.016556 0.008709 0.000609 0.150550 0.009697 2.305956
0.795757 0.018227 0.016541 0.008673 0.000608 0.150491 0.009702 2.307732
0.795903 0.018256 0.016484 0.008612 0.000614 0.150422 0.009709 2.309480
0.796090 0.018265 0.016459 0.008617 0.000613 0.150235 0.009720 2.311241
0.796221 0.018243 0.016465 0.008637 0.000615 0.150093 0.009726 2.313029
0.796298 0.018231 0.016461 0.008641 0.000610 0.150025 0.009734 2.314814
0.796358 0.018290 0.016441 0.008661 0.000605 0.149903 0.009743 2.316568
0.796476 0.018265 0.016412 0.008660 0.000603 0.149832 0.009753 2.318333
0.796456 0.018323 0.016418 0.008656 0.000602 0.149790 0.009757 2.320124
0.796551 0.018289 0.016384 0.008647 0.000598 0.149767 0.009764 2.321928
0.796578 0.018262 0.016458 0.008601 0.000600 0.149730 0.009771 2.323748
0.796658 0.018267 0.016459 0.008554 0.000596 0.149684 0.009782 2.325522
0.796772 0.018288 0.016410 0.008559 0.000592 0.149587 0.009792 2.327282
0.796845 0.018308 0.016330 0.008589 0.000596 0.149536 0.009797 2.329035
0.796893 0.018363 0.016342 0.008589 0.000594 0.149416 0.009803 2.330798
0.796936 0.018431 0.016344 0.008579 0.000587 0.149310 0.009813 2.332579
0.797047 0.018418 0.016372 0.008584 0.000590 0.149169 0.009820 2.334388
0.797052 0.018439 0.016396 0.008589 0.000591 0.149104 0.009829 2.336210
0.797130 0.018393 0.016432 0.008599 0.000589 0.149020 0.009837 2.338046
0.797217 0.018320 0.016474 0.008612 0.000591 0.148940 0.009846 2.339871
0.797287 0.018327 0.016432 0.008593 0.000587 0.148920 0.009853 2.341662
0.797413 0.018285 0.016427 0.008607 0.000584 0.148824 0.009861 2.343456
0.797497 0.018263 0.016434 0.008661 0.000581 0.148697 0.009868 2.345291
0.797593 0.018267 0.016431 0.008655 0.000584 0.148597 0.009873 2.347079
0.797640 0.018335 0.016367 0.008674 0.000584 0.148519 0.009881 2.348869
0.797758 0.018317 0.016395 0.008667 0.000578 0.148396 0.009888 2.350695
0.797792 0.018347 0.016421 0.008680 0.000585 0.148278 0.009896 2.352504
0.797871 0.018333 0.016343 0.008709 0.000590 0.148254 0.009901 2.354302
0.797890 0.018335 0.016356 0.008716 0.000589 0.148206 0.009908 2.356099
0.797996 0.018379 0.016298 0.008704 0.000585 0.148124 0.009914 2.357808
0.798041 0.018333 0.016302 0.008726 0.000586 0.148092 0.009921 2.359642
0.798106 0.018276 0.016304 0.008739 0.000586 0.148061 0.009928 2.361471
0.798171 0.018249 0.016303 0.008738 0.000580 0.148021 0.009937 2.363273
0.798186 0.018298 0.016317 0.008761 0.000573 0.147920 0.009945 2.365065
0.798341 0.018298 0.016374 0.008757 0.000573 0.147705 0.009952 2.366836
0.798419 0.018299 0.016463 0.008722 0.000574 0.147560 0.009963 2.368615
0.798404 0.018280 0.016533 0.008705 0.000572 0.147536 0.009971 2.370443
0.798427 0.018278 0.016456 0.008727 0.000568 0.147565 0.009980 2.372234
0.798461 0.018396 0.016428 0.008720 0.000571 0.147437 0.009987 2.373996
0.798522 0.018421 0.016422 0.008709 0.000577 0.147357 0.009993 2.375765
0.798534 0.018438 0.016385 0.008719 0.000567 0.147355 0.010003 2.377550
0.798540 0.018499 0.016414 0.008714 0.000563 0.147259 0.010011 2.379329
0.798618 0.018464 0.016453 0.008727 0.000566 0.147155 0.010018 2.381156
0.798640 0.018506 0.016438 0.008719 0.000570 0.147105 0.010022 2.382935
0.798709 0.018485 0.016483 0.008723 0.000568 0.147000 0.010031 2.384780
0.798768 0.018438 0.016514 0.008770 0.000568 0.146903 0.010040 2.386615
0.798770 0.018442 0.016526 0.008761 0.000556 0.146897 0.010048 2.388453
0.798760 0.018465 0.016506 0.008722 0.000563 0.146928 0.010056 2.390267
0.798846 0.018449 0.016526 0.008763 0.000557 0.146792 0.010065 2.392080
0.798815 0.018492 0.016514 0.008785 0.000559 0.146762 0.010075 2.393868
0.798788 0.018562 0.016461 0.008785 0.000561 0.146764 0.010080 2.395629
0.798739 0.018593 0.016463 0.008794 0.000555 0.146767 0.010089 2.397470
0.798699 0.018613 0.016514 0.008776 0.000556 0.146747 0.010097 2.399319
0.798674 0.018681 0.016500 0.008727 0.000569 0.146749 0.010100 2.401114
0.798675 0.018663 0.016518 0.008748 0.000574 0.146719 0.010104 2.402954
0.798658 0.018665 0.016507 0.008759 0.000570 0.146729 0.010112 2.404775
0.798659 0.018663 0.016561 0.008785 0.000569 0.146641 0.010121 2.406637
0.798606 0.018681 0.016599 0.008788 0.000574 0.146625 0.010128 2.408485
0.798632 0.018637 0.016607 0.008782 0.000582 0.146623 0.010137 2.410315
0.798544 0.018694 0.016594 0.008779 0.000581 0.146665 0.010144 2.412133
0.798499 0.018713 0.016602 0.008764 0.000585 0.146686 0.010148 2.413967
0.798579 0.018656 0.016578 0.008770 0.000578 0.146684 0.010155 2.415801
0.798500 0.018667 0.016573 0.008801 0.000585 0.146712 0.010161 2.417644
0.798586 0.018592 0.016589 0.008828 0.000590 0.146644 0.010171 2.419484
0.798599 0.018657 0.016524 0.008842 0.000589 0.146610 0.010179 2.421257
0.798648 0.018630 0.016565 0.008853 0.000588 0.146530 0.010186 2.423095
0.798640 0.018670 0.016565 0.008866 0.000587 0.146478 0.010194 2.424920
0.798739 0.018572 0.016589 0.008876 0.000587 0.146436 0.010202 2.426786
0.798727 0.018555 0.016586 0.008878 0.000585 0.146461 0.010209 2.428635
0.798716 0.018539 0.016596 0.008847 0.000578 0.146506 0.010218 2.430491
0.798679 0.018596 0.016608 0.008816 0.000572 0.146503 0.010225 2.432281
0.798661 0.018653 0.016648 0.008791 0.000576 0.146444 0.010228 2.434072
0.798616 0.018645 0.016675 0.008796 0.000580 0.146455 0.010234 2.435941
0.798641 0.018654 0.016680 0.008799 0.000581 0.146406 0.010238 2.437753
0.798640 0.018659 0.016688 0.008807 0.000575 0.146386 0.010246 2.439582
0.798594 0.018708 0.016685 0.008820 0.000571 0.146368 0.010255 2.441416
0.798561 0.018771 0.016669 0.008776 0.000571 0.146391 0.010262 2.443231
0.798556 0.018776 0.016682 0.008771 0.000574 0.146371 0.010271 2.445056
0.798593 0.018828 0.016706 0.008711 0.000584 0.146302 0.010276 2.446865
0.798613 0.018773 0.016755 0.008725 0.000579 0.146269 0.010287 2.448720
0.798530 0.018814 0.016728 0.008762 0.000574 0.146298 0.010294 2.450557
0.798450 0.018823 0.016714 0.008766 0.000574 0.146371 0.010302 2.452392
0.798402 0.018843 0.016690 0.008791 0.000575 0.146389 0.010312 2.454265
0.798343 0.018882 0.016728 0.008819 0.000569 0.146341 0.010320 2.456123
0.798294 0.018831 0.016761 0.008842 0.000565 0.146381 0.010326 2.458006
0.798222 0.018854 0.016810 0.008833 0.000566 0.146383 0.010331 2.459865
0.798255 0.018806 0.016790 0.008865 0.000564 0.146383 0.010337 2.461706
0.798252 0.018769 0.016809 0.008877 0.000571 0.146378 0.010346 2.463565
0.798234 0.018766 0.016828 0.008829 0.000575 0.146415 0.010353 2.465404
0.798191 0.018765 0.016840 0.008859 0.000583 0.146406 0.010358 2.467279
0.798179 0.018782 0.016827 0.008846 0.000581 0.146420 0.010365 2.469108
0.798202 0.018814 0.016798 0.008860 0.000580 0.146372 0.010374 2.470927
0.798152 0.018775 0.016812 0.008877 0.000586 0.146418 0.010380 2.472812
0.798128 0.018776 0.016822 0.008857 0.000589 0.146444 0.010385 2.474676
0.798130 0.018790 0.016780 0.008872 0.000588 0.146446 0.010396 2.476495
0.798187 0.018784 0.016776 0.008839 0.000583 0.146423 0.010406 2.478302
0.798137 0.018817 0.016805 0.008851 0.000587 0.146389 0.010414 2.480149
0.798216 0.018762 0.016854 0.008822 0.000589 0.146332 0.010425 2.482009
0.798128 0.018840 0.016750 0.008862 0.000589 0.146401 0.010430 2.483802
0.798160 0.018822 0.016713 0.008875 0.000593 0.146401 0.010437 2.485638
0.798156 0.018789 0.016694 0.008913 0.000593 0.146415 0.010441 2.487483
0.798130 0.018802 0.016661 0.008917 0.000592 0.146453 0.010447 2.489303
0.798176 0.018796 0.016628 0.008981 0.000591 0.146375 0.010454 2.491125
0.798147 0.018840 0.016633 0.008997 0.000586 0.146333 0.010464 2.492962
0.798067 0.018857 0.016620 0.008994 0.000583 0.146408 0.010471 2.494811
0.798092 0.018859 0.016591 0.008969 0.000582 0.146430 0.010477 2.496624
0.798051 0.018930 0.016598 0.008941 0.000581 0.146420 0.010481 2.498427
0.797982 0.018959 0.016604 0.008936 0.000594 0.146437 0.010489 2.500257
0.798019 0.018867 0.016699 0.008934 0.000580 0.146398 0.010504 2.502156
0.798052 0.018828 0.016737 0.008958 0.000577 0.146336 0.010513 2.504010
0.798079 0.018837 0.016769 0.008948 0.000579 0.146265 0.010523 2.505856
0.798023 0.018777 0.016846 0.008978 0.000576 0.146268 0.010532 2.507760
0.798004 0.018769 0.016862 0.008979 0.000583 0.146263 0.010539 2.509618
0.797949 0.018849 0.016815 0.008978 0.000577 0.146282 0.010550 2.511425
0.797964 0.018892 0.016799 0.008929 0.000574 0.146287 0.010556 2.513216
0.797950 0.018870 0.016813 0.008942 0.000569 0.146294 0.010562 2.515111
0.797917 0.018885 0.016797 0.008950 0.000574 0.146308 0.010569 2.516928
0.797776 0.018928 0.016778 0.008973 0.000571 0.146396 0.010578 2.518767
0.797736 0.018875 0.016851 0.008979 0.000571 0.146405 0.010584 2.520683
0.797769 0.018859 0.016808 0.008997 0.000572 0.146406 0.010590 2.522516
0.797744 0.018878 0.016822 0.008957 0.000575 0.146427 0.010597 2.524359
0.797742 0.018834 0.016904 0.008970 0.000573 0.146371 0.010607 2.526260
0.797697 0.018800 0.016950 0.008986 0.000570 0.146382 0.010615 2.528135
0.797640 0.018806 0.017030 0.009001 0.000564 0.146335 0.010625 2.530026
0.797648 0.018856 0.016975 0.008972 0.000563 0.146356 0.010631 2.531839
0.797630 0.018915 0.016945 0.008957 0.000570 0.146347 0.010638 2.533646
0.797562 0.018996 0.016947 0.008924 0.000567 0.146360 0.010644 2.535468
0.797586 0.018988 0.016998 0.008862 0.000566 0.146350 0.010650 2.537323
0.797544 0.018964 0.017023 0.008870 0.000575 0.146366 0.010657 2.539183
0.797485 0.018965 0.017067 0.008862 0.000574 0.146383 0.010665 2.541059
0.797481 0.018923 0.017133 0.008862 0.000569 0.146362 0.010670 2.542923
0.797384 0.018906 0.017135 0.008884 0.000573 0.146442 0.010676 2.544814
0.797352 0.018869 0.017127 0.008925 0.000576 0.146471 0.010681 2.546693
0.797359 0.018880 0.017020 0.008937 0.000574 0.146540 0.010690 2.548517
0.797320 0.018867 0.017028 0.008905 0.000576 0.146607 0.010698 2.550397
0.797250 0.018902 0.016997 0.008932 0.000576 0.146636 0.010707 2.552230
0.797280 0.018833 0.017003 0.008985 0.000570 0.146616 0.010715 2.554145
0.797217 0.018865 0.017002 0.008992 0.000576 0.146628 0.010722 2.556013
0.797167 0.018829 0.017014 0.008988 0.000570 0.146701 0.010730 2.557886
0.797161 0.018830 0.016975 0.008971 0.000582 0.146743 0.010738 2.559729
0.797150 0.018906 0.016906 0.008909 0.000586 0.146800 0.010744 2.561512
0.797150 0.018946 0.016929 0.008851 0.000585 0.146788 0.010752 2.563320
0.797136 0.018896 0.016955 0.008873 0.000587 0.146792 0.010761 2.565198
0.797125 0.018855 0.016927 0.008898 0.000588 0.146839 0.010767 2.567041
