0.361196 0.061469 0.054839 0.031461 0.002047 0.483135 0.005853 1.584774
0.363869 0.058933 0.054848 0.031268 0.002049 0.483151 0.005883 1.590747
0.367203 0.055929 0.054712 0.031057 0.002036 0.483154 0.005910 1.596472
0.370998 0.052751 0.054398 0.030707 0.002039 0.483170 0.005937 1.601864
0.375120 0.049582 0.053903 0.030246 0.002034 0.483152 0.005964 1.606919
0.379557 0.046495 0.053168 0.029739 0.002026 0.483021 0.005995 1.611618
0.384143 0.043601 0.052390 0.029110 0.002031 0.482711 0.006014 1.616021
0.388817 0.040746 0.051532 0.028389 0.002032 0.482442 0.006042 1.620219
0.393584 0.038225 0.050396 0.027646 0.002027 0.482057 0.006065 1.624009
0.398561 0.035753 0.049219 0.026893 0.002015 0.481467 0.006092 1.627606
0.403616 0.033416 0.047970 0.026080 0.002014 0.480791 0.006114 1.630985
0.408610 0.031164 0.046743 0.025355 0.002011 0.479979 0.006139 1.634220
0.413633 0.029082 0.045501 0.024522 0.002003 0.479094 0.006165 1.637202
0.418676 0.027226 0.044146 0.023685 0.001987 0.478089 0.006189 1.639948
0.423756 0.025541 0.042737 0.022878 0.001976 0.476900 0.006211 1.642484
0.428945 0.023873 0.041296 0.022100 0.001948 0.475600 0.006237 1.644923
0.433995 0.022366 0.039905 0.021345 0.001936 0.474192 0.006260 1.647188
0.439322 0.020952 0.038520 0.020559 0.001911 0.472453 0.006283 1.649327
0.444493 0.019650 0.037146 0.019775 0.001872 0.470753 0.006311 1.651300
0.449674 0.018428 0.035784 0.018990 0.001866 0.468925 0.006332 1.653163
0.454956 0.017276 0.034451 0.018252 0.001853 0.466859 0.006354 1.654912
0.460177 0.016225 0.033147 0.017472 0.001829 0.464770 0.006380 1.656543
0.465433 0.015249 0.031839 0.016745 0.001786 0.462545 0.006405 1.658086
0.470734 0.014353 0.030592 0.016066 0.001755 0.460070 0.006431 1.659532
0.475964 0.013514 0.029333 0.015387 0.001735 0.457611 0.006455 1.660879
0.481255 0.012701 0.028166 0.014741 0.001706 0.454948 0.006483 1.662193
0.486396 0.011971 0.027016 0.014136 0.001681 0.452297 0.006502 1.663409
0.491526 0.011335 0.025835 0.013490 0.001649 0.449638 0.006527 1.664513
0.496739 0.010653 0.024786 0.012913 0.001610 0.446745 0.006554 1.665639
0.501883 0.010071 0.023730 0.012355 0.001585 0.443804 0.006574 1.666677
0.507020 0.009499 0.022743 0.011831 0.001562 0.440751 0.006593 1.667655
0.512094 0.008986 0.021789 0.011308 0.001539 0.437675 0.006611 1.668577
0.517124 0.008491 0.020849 0.010794 0.001502 0.434610 0.006632 1.669430
0.522103 0.008064 0.019960 0.010320 0.001474 0.431428 0.006652 1.670239
0.527176 0.007623 0.019050 0.009827 0.001436 0.428219 0.006670 1.671024
0.532133 0.007265 0.018176 0.009380 0.001399 0.424965 0.006682 1.671738
0.537103 0.006883 0.017393 0.008968 0.001359 0.421593 0.006701 1.672432
0.542077 0.006510 0.016671 0.008554 0.001323 0.418145 0.006719 1.673119
0.547025 0.006231 0.015875 0.008151 0.001285 0.414693 0.006740 1.673709
0.551890 0.005954 0.015134 0.007764 0.001257 0.411239 0.006761 1.674288
0.556751 0.005660 0.014481 0.007389 0.001221 0.407714 0.006784 1.674871
0.561577 0.005388 0.013895 0.007032 0.001198 0.404109 0.006803 1.675431
0.566186 0.005149 0.013301 0.006730 0.001169 0.400647 0.006818 1.675956
0.570967 0.004920 0.012662 0.006428 0.001138 0.397044 0.006840 1.676430
0.575708 0.004693 0.012125 0.006135 0.001107 0.393372 0.006861 1.676914
0.580328 0.004497 0.011554 0.005843 0.001079 0.389824 0.006874 1.677362
0.584966 0.004291 0.011075 0.005590 0.001046 0.386145 0.006888 1.677797
0.589518 0.004101 0.010597 0.005328 0.001022 0.382534 0.006901 1.678220
0.594056 0.003911 0.010102 0.005080 0.000992 0.378939 0.006918 1.678613
0.598588 0.003746 0.009645 0.004856 0.000963 0.375270 0.006933 1.678982
0.602988 0.003577 0.009232 0.004616 0.000940 0.371705 0.006941 1.679360
0.607410 0.003423 0.008786 0.004404 0.000917 0.368107 0.006954 1.679708
0.611829 0.003290 0.008382 0.004204 0.000893 0.364437 0.006965 1.680030
0.616159 0.003136 0.008010 0.004006 0.000863 0.360847 0.006980 1.680359
0.620451 0.003003 0.007649 0.003828 0.000835 0.357240 0.006995 1.680681
0.624670 0.002931 0.007304 0.003657 0.000814 0.353616 0.007009 1.680938
0.628945 0.002817 0.006981 0.003484 0.000796 0.349960 0.007017 1.681214
0.633044 0.002701 0.006690 0.003351 0.000772 0.346412 0.007031 1.681490
0.637205 0.002586 0.006397 0.003195 0.000759 0.342818 0.007041 1.681755
0.641266 0.002500 0.006090 0.003065 0.000735 0.339286 0.007057 1.682004
0.645348 0.002423 0.005815 0.002923 0.000722 0.335700 0.007068 1.682236
0.649469 0.002338 0.005591 0.002774 0.000701 0.332048 0.007080 1.682474
0.653389 0.002239 0.005360 0.002648 0.000679 0.328597 0.007089 1.682710
0.657327 0.002144 0.005150 0.002551 0.000659 0.325072 0.007097 1.682929
0.661260 0.002073 0.004901 0.002440 0.000645 0.321577 0.007104 1.683132
0.665085 0.001981 0.004715 0.002344 0.000620 0.318140 0.007116 1.683351
0.668992 0.001908 0.004493 0.002244 0.000604 0.314636 0.007124 1.683544
0.672808 0.001836 0.004292 0.002151 0.000584 0.311200 0.007131 1.683729
0.676517 0.001765 0.004093 0.002055 0.000564 0.307868 0.007138 1.683908
0.680225 0.001687 0.003924 0.001981 0.000542 0.304496 0.007146 1.684095
0.683872 0.001623 0.003757 0.001894 0.000524 0.301178 0.007153 1.684263
0.687617 0.001570 0.003595 0.001813 0.000506 0.297738 0.007162 1.684426
0.691203 0.001520 0.003453 0.001743 0.000491 0.294422 0.007169 1.684583
0.694762 0.001471 0.003307 0.001680 0.000475 0.291129 0.007176 1.684727
0.698291 0.001432 0.003175 0.001611 0.000461 0.287851 0.007178 1.684876
0.701779 0.001392 0.003035 0.001541 0.000452 0.284619 0.007182 1.685015
0.705185 0.001351 0.002917 0.001466 0.000433 0.281458 0.007191 1.685156
0.708576 0.001322 0.002819 0.001407 0.000420 0.278258 0.007198 1.685276
0.711963 0.001291 0.002708 0.001352 0.000410 0.275074 0.007202 1.685397
0.715302 0.001247 0.002614 0.001299 0.000399 0.271931 0.007209 1.685531
0.718492 0.001213 0.002514 0.001249 0.000386 0.268928 0.007219 1.685661
0.721798 0.001159 0.002435 0.001206 0.000375 0.265803 0.007225 1.685785
0.725025 0.001129 0.002337 0.001150 0.000366 0.262767 0.007228 1.685892
0.728293 0.001092 0.002246 0.001100 0.000355 0.259681 0.007234 1.686000
0.731463 0.001045 0.002167 0.001058 0.000345 0.256682 0.007241 1.686107
0.734547 0.001015 0.002092 0.001010 0.000333 0.253759 0.007246 1.686204
0.737606 0.001017 0.001996 0.000963 0.000316 0.250849 0.007253 1.686283
0.740535 0.000995 0.001915 0.000934 0.000306 0.248059 0.007258 1.686373
0.743574 0.000973 0.001836 0.000894 0.000300 0.245162 0.007260 1.686465
0.746493 0.000935 0.001775 0.000864 0.000292 0.242378 0.007263 1.686570
0.749488 0.000902 0.001707 0.000841 0.000280 0.239514 0.007269 1.686667
0.752426 0.000867 0.001656 0.000808 0.000276 0.236695 0.007272 1.686756
0.755307 0.000853 0.001603 0.000767 0.000267 0.233928 0.007276 1.686838
0.758167 0.000832 0.001549 0.000749 0.000256 0.231166 0.007281 1.686923
0.761024 0.000814 0.001497 0.000721 0.000249 0.228410 0.007286 1.687004
0.763867 0.000791 0.001445 0.000692 0.000243 0.225674 0.007288 1.687076
0.766550 0.000781 0.001395 0.000671 0.000233 0.223076 0.007293 1.687148
0.769298 0.000768 0.001352 0.000649 0.000227 0.220410 0.007298 1.687221
0.771979 0.000758 0.001314 0.000628 0.000219 0.217801 0.007301 1.687284
0.774659 0.000747 0.001253 0.000601 0.000210 0.215226 0.007305 1.687350
0.777248 0.000729 0.001219 0.000575 0.000202 0.212720 0.007308 1.687426
0.779843 0.000713 0.001181 0.000557 0.000192 0.210202 0.007312 1.687497
0.782404 0.000691 0.001153 0.000549 0.000185 0.207706 0.007314 1.687572
0.784989 0.000684 0.001107 0.000523 0.000177 0.205202 0.007319 1.687626
0.787493 0.000664 0.001079 0.000515 0.000171 0.202758 0.007322 1.687696
0.790018 0.000643 0.001044 0.000504 0.000163 0.200304 0.007324 1.687759
0.792425 0.000634 0.001008 0.000490 0.000161 0.197957 0.007327 1.687813
0.794878 0.000607 0.000973 0.000478 0.000154 0.195582 0.007329 1.687883
0.797301 0.000596 0.000943 0.000458 0.000151 0.193221 0.007331 1.687932
0.799696 0.000571 0.000933 0.000445 0.000149 0.190875 0.007332 1.688000
0.801989 0.000554 0.000906 0.000431 0.000145 0.188641 0.007334 1.688055
0.804267 0.000543 0.000869 0.000416 0.000140 0.186429 0.007337 1.688101
0.806557 0.000522 0.000834 0.000412 0.000138 0.184201 0.007338 1.688157
0.808815 0.000506 0.000801 0.000393 0.000131 0.182014 0.007342 1.688208
0.811073 0.000489 0.000765 0.000389 0.000129 0.179813 0.007343 1.688254
0.813300 0.000478 0.000749 0.000381 0.000125 0.177623 0.007345 1.688304
0.815452 0.000463 0.000737 0.000370 0.000121 0.175511 0.007347 1.688354
0.817617 0.000452 0.000718 0.000365 0.000119 0.173382 0.007348 1.688403
0.819774 0.000437 0.000682 0.000351 0.000118 0.171290 0.007350 1.688444
0.821841 0.000424 0.000664 0.000346 0.000113 0.169260 0.007352 1.688492
0.823888 0.000414 0.000638 0.000331 0.000108 0.167266 0.007354 1.688528
0.825932 0.000398 0.000626 0.000314 0.000103 0.165271 0.007356 1.688572
0.827893 0.000394 0.000615 0.000304 0.000100 0.163338 0.007357 1.688607
0.829923 0.000391 0.000594 0.000299 0.000096 0.161339 0.007358 1.688640
0.831871 0.000375 0.000567 0.000295 0.000093 0.159441 0.007359 1.688678
0.833806 0.000357 0.000554 0.000289 0.000090 0.157544 0.007361 1.688721
0.835769 0.000344 0.000541 0.000277 0.000087 0.155620 0.007361 1.688753
0.837682 0.000327 0.000532 0.000268 0.000084 0.153744 0.007364 1.688790
0.839510 0.000321 0.000507 0.000257 0.000077 0.151962 0.007367 1.688817
0.841355 0.000310 0.000492 0.000251 0.000073 0.150150 0.007369 1.688853
0.843118 0.000310 0.000474 0.000241 0.000073 0.148414 0.007371 1.688881
0.844907 0.000302 0.000454 0.000233 0.000069 0.146662 0.007373 1.688910
0.846698 0.000306 0.000444 0.000226 0.000068 0.144885 0.007375 1.688936
0.848466 0.000300 0.000430 0.000220 0.000068 0.143141 0.007376 1.688965
0.850138 0.000295 0.000418 0.000218 0.000065 0.141490 0.007377 1.688997
0.851848 0.000281 0.000407 0.000213 0.000066 0.139808 0.007377 1.689028
0.853546 0.000274 0.000404 0.000204 0.000062 0.138133 0.007378 1.689055
0.855234 0.000269 0.000392 0.000196 0.000060 0.136470 0.007379 1.689082
0.856904 0.000266 0.000372 0.000193 0.000060 0.134825 0.007380 1.689104
0.858513 0.000265 0.000356 0.000192 0.000057 0.133238 0.007381 1.689126
0.860069 0.000259 0.000349 0.000189 0.000055 0.131698 0.007381 1.689151
0.861607 0.000252 0.000339 0.000186 0.000052 0.130182 0.007382 1.689175
0.863109 0.000244 0.000333 0.000180 0.000052 0.128700 0.007383 1.689200
0.864635 0.000240 0.000319 0.000170 0.000050 0.127203 0.007385 1.689218
0.866178 0.000234 0.000306 0.000165 0.000049 0.125683 0.007386 1.689239
0.867638 0.000225 0.000307 0.000161 0.000047 0.124236 0.007387 1.689263
0.869088 0.000227 0.000288 0.000154 0.000047 0.122811 0.007387 1.689279
0.870479 0.000222 0.000283 0.000150 0.000046 0.121433 0.007387 1.689297
0.871853 0.000213 0.000282 0.000149 0.000044 0.120072 0.007388 1.689319
0.873200 0.000207 0.000277 0.000149 0.000043 0.118735 0.007389 1.689343
0.874583 0.000197 0.000280 0.000140 0.000041 0.117371 0.007389 1.689364
0.875920 0.000197 0.000270 0.000134 0.000041 0.116050 0.007389 1.689377
0.877172 0.000193 0.000262 0.000131 0.000039 0.114814 0.007389 1.689396
0.878423 0.000190 0.000256 0.000126 0.000040 0.113575 0.007389 1.689413
0.879696 0.000186 0.000253 0.000127 0.000040 0.112310 0.007389 1.689434
0.880926 0.000181 0.000247 0.000123 0.000036 0.111097 0.007391 1.689453
0.882109 0.000180 0.000244 0.000117 0.000035 0.109924 0.007391 1.689469
0.883315 0.000168 0.000234 0.000119 0.000034 0.108740 0.007391 1.689491
0.884500 0.000168 0.000222 0.000114 0.000035 0.107569 0.007392 1.689504
0.885609 0.000167 0.000219 0.000110 0.000035 0.106467 0.007392 1.689522
0.886695 0.000167 0.000213 0.000108 0.000034 0.105391 0.007392 1.689536
0.887774 0.000163 0.000205 0.000103 0.000032 0.104330 0.007393 1.689550
0.888859 0.000162 0.000199 0.000101 0.000031 0.103254 0.007394 1.689568
0.889880 0.000153 0.000198 0.000102 0.000030 0.102243 0.007394 1.689587
0.890879 0.000147 0.000199 0.000096 0.000029 0.101253 0.007395 1.689601
0.891835 0.000140 0.000193 0.000094 0.000029 0.100313 0.007395 1.689616
0.892768 0.000131 0.000191 0.000098 0.000027 0.099389 0.007396 1.689635
0.893702 0.000130 0.000180 0.000100 0.000024 0.098466 0.007397 1.689645
0.894616 0.000127 0.000178 0.000094 0.000024 0.097564 0.007397 1.689659
0.895504 0.000125 0.000168 0.000091 0.000022 0.096692 0.007397 1.689672
0.896384 0.000124 0.000166 0.000087 0.000021 0.095820 0.007397 1.689682
0.897264 0.000122 0.000160 0.000084 0.000022 0.094949 0.007398 1.689695
0.898110 0.000119 0.000154 0.000081 0.000021 0.094116 0.007398 1.689703
0.898955 0.000116 0.000147 0.000079 0.000020 0.093284 0.007399 1.689714
0.899788 0.000115 0.000138 0.000080 0.000019 0.092460 0.007400 1.689722
0.900549 0.000118 0.000136 0.000078 0.000018 0.091699 0.007401 1.689733
0.901305 0.000120 0.000135 0.000077 0.000017 0.090943 0.007401 1.689743
0.902034 0.000116 0.000135 0.000077 0.000016 0.090219 0.007401 1.689756
0.902739 0.000109 0.000141 0.000073 0.000016 0.089519 0.007401 1.689771
0.903453 0.000112 0.000138 0.000072 0.000016 0.088806 0.007401 1.689781
0.904116 0.000111 0.000137 0.000072 0.000016 0.088145 0.007401 1.689790
0.904830 0.000107 0.000136 0.000070 0.000015 0.087439 0.007401 1.689800
0.905517 0.000098 0.000135 0.000071 0.000014 0.086763 0.007401 1.689816
0.906164 0.000095 0.000131 0.000070 0.000014 0.086125 0.007401 1.689826
0.906777 0.000093 0.000129 0.000066 0.000013 0.085519 0.007402 1.689838
0.907384 0.000089 0.000126 0.000066 0.000012 0.084920 0.007402 1.689847
0.907968 0.000084 0.000125 0.000065 0.000012 0.084344 0.007402 1.689860
0.908555 0.000083 0.000123 0.000063 0.000012 0.083762 0.007402 1.689869
0.909126 0.000090 0.000119 0.000058 0.000010 0.083192 0.007404 1.689873
0.909712 0.000086 0.000118 0.000057 0.000010 0.082613 0.007404 1.689883
0.910226 0.000088 0.000118 0.000056 0.000010 0.082097 0.007404 1.689890
0.910753 0.000092 0.000116 0.000054 0.000010 0.081570 0.007404 1.689897
0.911263 0.000095 0.000113 0.000054 0.000010 0.081059 0.007404 1.689905
0.911741 0.000094 0.000111 0.000050 0.000010 0.080589 0.007404 1.689915
0.912205 0.000088 0.000112 0.000048 0.000010 0.080132 0.007404 1.689928
0.912676 0.000082 0.000116 0.000047 0.000010 0.079663 0.007404 1.689940
0.913113 0.000084 0.000113 0.000044 0.000010 0.079231 0.007404 1.689949
0.913512 0.000079 0.000111 0.000044 0.000009 0.078840 0.007405 1.689959
0.913899 0.000080 0.000108 0.000043 0.000009 0.078455 0.007405 1.689964
0.914290 0.000074 0.000110 0.000042 0.000009 0.078069 0.007405 1.689974
0.914673 0.000070 0.000107 0.000041 0.000009 0.077695 0.007405 1.689983
0.915013 0.000069 0.000105 0.000041 0.000009 0.077357 0.007405 1.689989
0.915377 0.000069 0.000105 0.000039 0.000010 0.076996 0.007405 1.689996
0.915727 0.000070 0.000102 0.000038 0.000009 0.076649 0.007405 1.690000
0.916066 0.000068 0.000099 0.000038 0.000009 0.076315 0.007405 1.690006
0.916370 0.000065 0.000100 0.000037 0.000008 0.076014 0.007405 1.690014
0.916679 0.000068 0.000096 0.000039 0.000008 0.075704 0.007405 1.690019
0.916994 0.000069 0.000094 0.000038 0.000008 0.075390 0.007405 1.690025
0.917305 0.000068 0.000094 0.000039 0.000008 0.075081 0.007405 1.690033
0.917594 0.000065 0.000090 0.000038 0.000008 0.074799 0.007405 1.690039
0.917886 0.000070 0.000087 0.000034 0.000009 0.074508 0.007405 1.690042
0.918166 0.000068 0.000087 0.000035 0.000008 0.074231 0.007405 1.690049
0.918421 0.000066 0.000086 0.000036 0.000008 0.073978 0.007405 1.690057
0.918668 0.000066 0.000086 0.000035 0.000008 0.073732 0.007405 1.690062
0.918916 0.000066 0.000086 0.000036 0.000007 0.073482 0.007405 1.690069
0.919148 0.000068 0.000085 0.000033 0.000007 0.073254 0.007405 1.690074
0.919384 0.000065 0.000087 0.000031 0.000007 0.073020 0.007405 1.690081
0.919609 0.000063 0.000083 0.000034 0.000007 0.072799 0.007405 1.690087
0.919835 0.000060 0.000081 0.000036 0.000007 0.072576 0.007405 1.690096
0.920052 0.000062 0.000078 0.000033 0.000007 0.072362 0.007405 1.690100
0.920274 0.000061 0.000077 0.000032 0.000006 0.072146 0.007405 1.690106
0.920475 0.000064 0.000072 0.000031 0.000006 0.071946 0.007405 1.690110
0.920693 0.000065 0.000076 0.000031 0.000006 0.071723 0.007405 1.690117
0.920887 0.000067 0.000076 0.000029 0.000005 0.071530 0.007405 1.690123
0.921071 0.000068 0.000075 0.000027 0.000005 0.071348 0.007405 1.690128
0.921261 0.000067 0.000076 0.000028 0.000005 0.071158 0.007405 1.690134
0.921442 0.000070 0.000074 0.000026 0.000004 0.070978 0.007406 1.690138
0.921605 0.000068 0.000071 0.000027 0.000004 0.070818 0.007406 1.690145
0.921775 0.000072 0.000068 0.000027 0.000004 0.070649 0.007406 1.690148
0.921927 0.000069 0.000061 0.000029 0.000004 0.070504 0.007406 1.690153
0.922071 0.000068 0.000059 0.000029 0.000004 0.070362 0.007406 1.690159
0.922221 0.000071 0.000055 0.000028 0.000004 0.070215 0.007406 1.690164
0.922364 0.000072 0.000054 0.000027 0.000004 0.070071 0.007406 1.690169
0.922495 0.000072 0.000052 0.000028 0.000004 0.069942 0.007406 1.690174
0.922610 0.000072 0.000055 0.000027 0.000003 0.069826 0.007407 1.690180
0.922735 0.000065 0.000057 0.000031 0.000003 0.069702 0.007407 1.690190
0.922858 0.000063 0.000055 0.000031 0.000003 0.069583 0.007407 1.690195
0.922983 0.000058 0.000055 0.000035 0.000003 0.069459 0.007407 1.690203
0.923092 0.000059 0.000056 0.000034 0.000003 0.069349 0.007407 1.690209
0.923194 0.000058 0.000056 0.000034 0.000003 0.069249 0.007407 1.690214
0.923301 0.000052 0.000058 0.000033 0.000003 0.069144 0.007407 1.690224
0.923408 0.000050 0.000058 0.000032 0.000003 0.069041 0.007407 1.690229
0.923517 0.000047 0.000060 0.000031 0.000003 0.068935 0.007407 1.690235
0.923605 0.000047 0.000059 0.000031 0.000002 0.068848 0.007408 1.690239
0.923706 0.000045 0.000059 0.000030 0.000002 0.068751 0.007408 1.690243
0.923811 0.000044 0.000058 0.000030 0.000002 0.068647 0.007408 1.690249
0.923906 0.000043 0.000057 0.000029 0.000002 0.068555 0.007408 1.690253
0.923998 0.000044 0.000054 0.000028 0.000002 0.068467 0.007408 1.690257
0.924091 0.000045 0.000053 0.000027 0.000002 0.068374 0.007408 1.690259
0.924171 0.000046 0.000054 0.000027 0.000002 0.068294 0.007408 1.690263
0.924248 0.000045 0.000055 0.000025 0.000002 0.068219 0.007408 1.690268
0.924317 0.000045 0.000054 0.000024 0.000002 0.068151 0.007408 1.690271
0.924395 0.000043 0.000054 0.000022 0.000002 0.068076 0.007408 1.690276
0.924461 0.000044 0.000052 0.000022 0.000002 0.068012 0.007408 1.690280
0.924533 0.000044 0.000050 0.000019 0.000002 0.067945 0.007408 1.690282
0.924605 0.000047 0.000046 0.000019 0.000003 0.067873 0.007408 1.690285
0.924660 0.000047 0.000046 0.000019 0.000003 0.067818 0.007408 1.690289
0.924722 0.000051 0.000044 0.000019 0.000003 0.067753 0.007408 1.690291
0.924782 0.000045 0.000043 0.000022 0.000003 0.067698 0.007408 1.690300
0.924828 0.000046 0.000043 0.000023 0.000003 0.067650 0.007408 1.690303
0.924878 0.000045 0.000038 0.000022 0.000003 0.067605 0.007408 1.690306
0.924937 0.000045 0.000039 0.000020 0.000003 0.067549 0.007408 1.690309
0.924994 0.000044 0.000040 0.000019 0.000003 0.067492 0.007408 1.690313
0.925047 0.000041 0.000043 0.000019 0.000003 0.067439 0.007408 1.690321
0.925097 0.000040 0.000044 0.000019 0.000003 0.067390 0.007408 1.690323
0.925146 0.000040 0.000044 0.000019 0.000003 0.067339 0.007408 1.690329
0.925193 0.000040 0.000045 0.000021 0.000003 0.067291 0.007408 1.690334
0.925243 0.000040 0.000045 0.000020 0.000003 0.067241 0.007408 1.690336
0.925284 0.000040 0.000043 0.000021 0.000003 0.067201 0.007408 1.690339
0.925333 0.000039 0.000041 0.000021 0.000003 0.067156 0.007408 1.690342
0.925373 0.000041 0.000040 0.000021 0.000002 0.067114 0.007408 1.690344
0.925420 0.000040 0.000039 0.000020 0.000002 0.067072 0.007408 1.690348
0.925455 0.000039 0.000039 0.000020 0.000002 0.067038 0.007408 1.690352
0.925500 0.000037 0.000040 0.000019 0.000002 0.066994 0.007408 1.690355
0.925538 0.000035 0.000039 0.000021 0.000002 0.066958 0.007408 1.690360
0.925578 0.000033 0.000038 0.000020 0.000002 0.066923 0.007408 1.690362
0.925620 0.000033 0.000037 0.000019 0.000002 0.066882 0.007408 1.690365
0.925659 0.000032 0.000034 0.000017 0.000002 0.066847 0.007408 1.690366
0.925695 0.000033 0.000034 0.000017 0.000003 0.066810 0.007408 1.690370
0.925740 0.000032 0.000034 0.000017 0.000003 0.066766 0.007408 1.690373
0.925774 0.000033 0.000036 0.000017 0.000003 0.066729 0.007408 1.690376
0.925814 0.000032 0.000038 0.000016 0.000003 0.066690 0.007408 1.690379
0.925850 0.000031 0.000035 0.000016 0.000003 0.066656 0.007408 1.690384
0.925886 0.000030 0.000033 0.000016 0.000003 0.066623 0.007408 1.690386
0.925925 0.000029 0.000033 0.000016 0.000003 0.066586 0.007408 1.690387
0.925954 0.000030 0.000032 0.000014 0.000003 0.066559 0.007408 1.690388
0.925985 0.000026 0.000030 0.000014 0.000003 0.066533 0.007408 1.690393
0.926012 0.000027 0.000029 0.000014 0.000002 0.066507 0.007408 1.690395
0.926050 0.000027 0.000029 0.000015 0.000002 0.066469 0.007408 1.690399
0.926081 0.000028 0.000030 0.000013 0.000002 0.066438 0.007408 1.690400
0.926112 0.000028 0.000028 0.000013 0.000002 0.066407 0.007408 1.690402
0.926137 0.000029 0.000028 0.000015 0.000002 0.066382 0.007408 1.690405
0.926169 0.000030 0.000025 0.000014 0.000003 0.066352 0.007408 1.690405
0.926199 0.000029 0.000026 0.000014 0.000003 0.066322 0.007408 1.690408
0.926225 0.000028 0.000026 0.000013 0.000003 0.066297 0.007408 1.690411
0.926253 0.000027 0.000027 0.000013 0.000003 0.066269 0.007408 1.690414
0.926279 0.000026 0.000027 0.000013 0.000003 0.066244 0.007408 1.690417
0.926305 0.000028 0.000026 0.000013 0.000004 0.066217 0.007408 1.690417
0.926333 0.000025 0.000027 0.000013 0.000004 0.066190 0.007408 1.690422
0.926359 0.000024 0.000027 0.000014 0.000004 0.066163 0.007408 1.690426
0.926382 0.000026 0.000025 0.000013 0.000004 0.066142 0.007408 1.690427
0.926405 0.000024 0.000022 0.000012 0.000003 0.066123 0.007409 1.690429
0.926431 0.000024 0.000022 0.000013 0.000003 0.066097 0.007409 1.690432
0.926456 0.000024 0.000021 0.000013 0.000003 0.066075 0.007409 1.690433
0.926478 0.000023 0.000021 0.000013 0.000003 0.066053 0.007409 1.690434
0.926500 0.000020 0.000022 0.000013 0.000003 0.066032 0.007409 1.690437
0.926519 0.000020 0.000024 0.000014 0.000003 0.066012 0.007409 1.690440
0.926539 0.000018 0.000025 0.000016 0.000003 0.065991 0.007409 1.690445
0.926564 0.000018 0.000024 0.000016 0.000003 0.065967 0.007409 1.690445
0.926589 0.000016 0.000025 0.000014 0.000003 0.065944 0.007409 1.690448
0.926606 0.000017 0.000023 0.000013 0.000003 0.065929 0.007409 1.690448
0.926628 0.000018 0.000024 0.000012 0.000004 0.065905 0.007409 1.690450
0.926653 0.000019 0.000023 0.000011 0.000004 0.065880 0.007409 1.690451
0.926667 0.000020 0.000023 0.000011 0.000004 0.065866 0.007409 1.690453
0.926682 0.000021 0.000022 0.000012 0.000003 0.065850 0.007410 1.690454
0.926697 0.000020 0.000022 0.000011 0.000003 0.065838 0.007410 1.690456
0.926714 0.000020 0.000022 0.000010 0.000003 0.065821 0.007410 1.690457
0.926727 0.000019 0.000022 0.000010 0.000002 0.065809 0.007410 1.690459
0.926737 0.000020 0.000022 0.000009 0.000002 0.065800 0.007410 1.690460
0.926752 0.000020 0.000022 0.000009 0.000002 0.065785 0.007410 1.690463
0.926765 0.000019 0.000021 0.000008 0.000002 0.065774 0.007410 1.690464
0.926778 0.000018 0.000022 0.000008 0.000002 0.065763 0.007410 1.690467
0.926788 0.000017 0.000023 0.000008 0.000002 0.065751 0.007410 1.690469
0.926801 0.000018 0.000020 0.000008 0.000002 0.065740 0.007410 1.690469
0.926815 0.000019 0.000019 0.000009 0.000002 0.065726 0.007410 1.690471
0.926825 0.000017 0.000020 0.000009 0.000002 0.065717 0.007410 1.690474
0.926841 0.000016 0.000020 0.000009 0.000002 0.065702 0.007410 1.690475
0.926859 0.000016 0.000020 0.000008 0.000002 0.065684 0.007410 1.690476
0.926870 0.000016 0.000020 0.000008 0.000001 0.065674 0.007411 1.690476
0.926878 0.000017 0.000022 0.000008 0.000001 0.065663 0.007411 1.690478
0.926891 0.000016 0.000022 0.000008 0.000001 0.065653 0.007411 1.690480
0.926899 0.000014 0.000024 0.000008 0.000001 0.065643 0.007411 1.690483
0.926906 0.000014 0.000023 0.000008 0.000001 0.065636 0.007411 1.690484
0.926914 0.000014 0.000023 0.000008 0.000001 0.065628 0.007411 1.690486
0.926921 0.000012 0.000023 0.000009 0.000001 0.065623 0.007411 1.690489
0.926930 0.000011 0.000023 0.000008 0.000001 0.065615 0.007411 1.690490
0.926941 0.000012 0.000022 0.000008 0.000001 0.065605 0.007411 1.690491
0.926951 0.000010 0.000020 0.000008 0.000001 0.065598 0.007411 1.690493
0.926960 0.000010 0.000020 0.000008 0.000001 0.065589 0.007411 1.690493
0.926967 0.000010 0.000021 0.000007 0.000001 0.065584 0.007411 1.690494
0.926976 0.000010 0.000021 0.000006 0.000001 0.065575 0.007411 1.690495
0.926987 0.000009 0.000020 0.000007 0.000001 0.065565 0.007411 1.690496
0.926992 0.000010 0.000018 0.000007 0.000001 0.065561 0.007411 1.690496
0.926999 0.000011 0.000018 0.000007 0.000001 0.065553 0.007411 1.690496
0.927009 0.000011 0.000018 0.000007 0.000001 0.065543 0.007411 1.690496
0.927016 0.000009 0.000018 0.000008 0.000001 0.065537 0.007411 1.690498
0.927022 0.000011 0.000016 0.000007 0.000001 0.065533 0.007411 1.690498
0.927027 0.000012 0.000014 0.000007 0.000001 0.065528 0.007411 1.690499
0.927033 0.000010 0.000016 0.000006 0.000001 0.065524 0.007411 1.690502
0.927042 0.000010 0.000015 0.000006 0.000001 0.065516 0.007411 1.690503
0.927048 0.000010 0.000013 0.000005 0.000001 0.065513 0.007411 1.690503
0.927054 0.000010 0.000013 0.000005 0.000001 0.065507 0.007411 1.690503
0.927061 0.000010 0.000011 0.000005 0.000001 0.065501 0.007411 1.690503
0.927069 0.000011 0.000010 0.000004 0.000001 0.065496 0.007411 1.690503
0.927072 0.000011 0.000010 0.000003 0.000001 0.065493 0.007411 1.690503
0.927078 0.000009 0.000010 0.000004 0.000001 0.065488 0.007411 1.690506
0.927083 0.000008 0.000010 0.000005 0.000001 0.065482 0.007411 1.690507
0.927090 0.000008 0.000008 0.000004 0.000001 0.065478 0.007411 1.690508
0.927095 0.000007 0.000010 0.000004 0.000001 0.065473 0.007411 1.690509
0.927101 0.000006 0.000010 0.000004 0.000001 0.065468 0.007411 1.690510
0.927105 0.000007 0.000009 0.000004 0.000001 0.065464 0.007411 1.690510
0.927110 0.000007 0.000010 0.000004 0.000001 0.065458 0.007411 1.690510
0.927116 0.000006 0.000009 0.000004 0.000001 0.065454 0.007411 1.690511
0.927121 0.000006 0.000009 0.000003 0.000001 0.065449 0.007411 1.690512
0.927128 0.000005 0.000009 0.000004 0.000001 0.065443 0.007411 1.690513
0.927132 0.000005 0.000010 0.000004 0.000001 0.065438 0.007411 1.690514
0.927138 0.000005 0.000009 0.000004 0.000001 0.065433 0.007411 1.690514
0.927142 0.000005 0.000009 0.000004 0.000001 0.065429 0.007411 1.690514
0.927145 0.000003 0.000008 0.000004 0.000001 0.065428 0.007411 1.690515
0.927155 0.000003 0.000008 0.000004 0.000001 0.065418 0.007411 1.690516
0.927163 0.000003 0.000008 0.000004 0.000000 0.065411 0.007411 1.690516
0.927168 0.000003 0.000008 0.000002 0.000000 0.065407 0.007411 1.690516
0.927172 0.000003 0.000007 0.000002 0.000000 0.065404 0.007411 1.690516
0.927180 0.000003 0.000007 0.000002 0.000000 0.065397 0.007411 1.690517
0.927184 0.000004 0.000006 0.000002 0.000000 0.065393 0.007411 1.690517
0.927188 0.000004 0.000006 0.000002 0.000000 0.065389 0.007411 1.690517
0.927193 0.000003 0.000006 0.000002 0.000000 0.065385 0.007411 1.690517
0.927198 0.000003 0.000006 0.000002 0.000000 0.065380 0.007411 1.690517
0.927204 0.000003 0.000006 0.000002 0.000000 0.065374 0.007411 1.690517
0.927208 0.000003 0.000006 0.000002 0.000000 0.065370 0.007411 1.690517
0.927212 0.000004 0.000005 0.000002 0.000000 0.065366 0.007411 1.690517
0.927216 0.000004 0.000005 0.000002 0.000000 0.065362 0.007411 1.690517
0.927218 0.000003 0.000006 0.000002 0.000000 0.065360 0.007411 1.690519
0.927221 0.000003 0.000006 0.000002 0.000000 0.065357 0.007411 1.690519
0.927225 0.000003 0.000006 0.000002 0.000000 0.065353 0.007411 1.690519
0.927228 0.000003 0.000006 0.000001 0.000000 0.065351 0.007411 1.690519
0.927232 0.000002 0.000006 0.000002 0.000000 0.065346 0.007411 1.690520
0.927236 0.000002 0.000006 0.000002 0.000000 0.065343 0.007412 1.690520
0.927239 0.000002 0.000006 0.000001 0.000000 0.065340 0.007412 1.690520
0.927243 0.000003 0.000006 0.000001 0.000000 0.065336 0.007412 1.690520
0.927246 0.000003 0.000005 0.000001 0.000000 0.065333 0.007412 1.690520
0.927249 0.000002 0.000005 0.000001 0.000000 0.065331 0.007412 1.690520
0.927252 0.000003 0.000005 0.000001 0.000000 0.065328 0.007412 1.690520
0.927255 0.000003 0.000005 0.000001 0.000000 0.065324 0.007412 1.690521
0.927258 0.000002 0.000005 0.000001 0.000000 0.065322 0.007412 1.690521
0.927261 0.000002 0.000006 0.000001 0.000000 0.065319 0.007412 1.690522
0.927266 0.000002 0.000005 0.000001 0.000000 0.065314 0.007412 1.690522
0.927270 0.000002 0.000005 0.000001 0.000000 0.065311 0.007412 1.690522
0.927274 0.000002 0.000005 0.000001 0.000000 0.065307 0.007412 1.690522
0.927276 0.000001 0.000004 0.000002 0.000000 0.065305 0.007412 1.690522
0.927281 0.000000 0.000004 0.000002 0.000000 0.065301 0.007412 1.690523
0.927283 0.000001 0.000004 0.000002 0.000000 0.065299 0.007412 1.690523
0.927286 0.000001 0.000003 0.000002 0.000000 0.065297 0.007412 1.690523
0.927290 0.000001 0.000003 0.000002 0.000000 0.065293 0.007412 1.690523
0.927294 0.000001 0.000003 0.000002 0.000000 0.065289 0.007412 1.690523
0.927296 0.000001 0.000003 0.000002 0.000000 0.065287 0.007412 1.690523
0.927298 0.000001 0.000003 0.000002 0.000000 0.065284 0.007412 1.690523
0.927300 0.000001 0.000003 0.000002 0.000000 0.065283 0.007412 1.690523
0.927302 0.000001 0.000002 0.000002 0.000000 0.065281 0.007412 1.690523
0.927305 0.000001 0.000002 0.000001 0.000000 0.065280 0.007412 1.690523
0.927306 0.000001 0.000002 0.000000 0.000000 0.065279 0.007412 1.690523
0.927309 0.000001 0.000002 0.000000 0.000000 0.065276 0.007412 1.690523
0.927310 0.000001 0.000001 0.000000 0.000000 0.065275 0.007412 1.690523
0.927311 0.000002 0.000001 0.000000 0.000000 0.065274 0.007412 1.690523
0.927313 0.000001 0.000002 0.000000 0.000000 0.065272 0.007412 1.690524
0.927314 0.000001 0.000002 0.000001 0.000000 0.065271 0.007412 1.690524
0.927315 0.000001 0.000002 0.000001 0.000000 0.065269 0.007412 1.690524
0.927317 0.000000 0.000002 0.000001 0.000000 0.065267 0.007412 1.690525
0.927319 0.000000 0.000002 0.000001 0.000000 0.065266 0.007412 1.690525
0.927320 0.000000 0.000003 0.000001 0.000000 0.065265 0.007412 1.690525
0.927320 0.000000 0.000002 0.000001 0.000000 0.065265 0.007412 1.690525
0.927321 0.000000 0.000002 0.000000 0.000000 0.065264 0.007412 1.690525
0.927322 0.000000 0.000002 0.000000 0.000000 0.065263 0.007412 1.690525
0.927323 0.000000 0.000002 0.000000 0.000000 0.065262 0.007412 1.690525
0.927324 0.000000 0.000002 0.000000 0.000000 0.065261 0.007412 1.690525
0.927324 0.000000 0.000001 0.000000 0.000000 0.065262 0.007412 1.690525
0.927325 0.000000 0.000001 0.000000 0.000000 0.065261 0.007412 1.690525
0.927325 0.000000 0.000002 0.000000 0.000000 0.065261 0.007412 1.690526
0.927326 0.000000 0.000001 0.000000 0.000000 0.065261 0.007412 1.690526
0.927326 0.000000 0.000000 0.000000 0.000000 0.065262 0.007412 1.690526
0.927326 0.000000 0.000000 0.000000 0.000000 0.065261 0.007412 1.690526
0.927327 0.000000 0.000000 0.000000 0.000000 0.065261 0.007412 1.690526
0.927327 0.000000 0.000000 0.000000 0.000000 0.065260 0.007412 1.690526
0.927328 0.000000 0.000000 0.000000 0.000000 0.065260 0.007412 1.690526
0.927328 0.000000 0.000000 0.000000 0.000000 0.065259 0.007412 1.690526
0.927329 0.000000 0.000000 0.000000 0.000000 0.065259 0.007412 1.690526
0.927329 0.000000 0.000000 0.000000 0.000000 0.065258 0.007412 1.690526
0.927330 0.000000 0.000000 0.000000 0.000000 0.065258 0.007412 1.690526
0.927330 0.000000 0.000000 0.000000 0.000000 0.065258 0.007412 1.690526
0.927330 0.000000 0.000000 0.000000 0.000000 0.065258 0.007412 1.690526
0.927330 0.000000 0.000000 0.000000 0.000000 0.065258 0.007412 1.690526
0.927330 0.000000 0.000000 0.000000 0.000000 0.065258 0.007412 1.690526
0.927330 0.000000 0.000000 0.000000 0.000000 0.065258 0.007412 1.690526
0.927330 0.000000 0.000000 0.000000 0.000000 0.065258 0.007412 1.690526
0.927330 0.000000 0.000000 0.000000 0.000000 0.065258 0.007412 1.690526
0.927330 0.000000 0.000000 0.000000 0.000000 0.065258 0.007412 1.690526
0.927330 0.000000 0.000000 0.000000 0.000000 0.065258 0.007412 1.690526
0.927330 0.000000 0.000000 0.000000 0.000000 0.065258 0.007412 1.690526
0.927330 0.000000 0.000000 0.000000 0.000000 0.065258 0.007412 1.690526
0.927330 0.000000 0.000000 0.000000 0.000000 0.065258 0.007412 1.690526
0.927330 0.000000 0.000000 0.000000 0.000000 0.065258 0.007412 1.690526
0.927330 0.000000 0.000000 0.000000 0.000000 0.065258 0.007412 1.690526
0.927330 0.000000 0.000000 0.000000 0.000000 0.065258 0.007412 1.690526
0.927330 0.000000 0.000000 0.000000 0.000000 0.065258 0.007412 1.690526
0.927330 0.000000 0.000000 0.000000 0.000000 0.065258 0.007412 1.690526
0.927330 0.000000 0.000000 0.000000 0.000000 0.065258 0.007412 1.690526
0.927330 0.000000 0.000000 0.000000 0.000000 0.065258 0.007412 1.690526
0.927330 0.000000 0.000000 0.000000 0.000000 0.065258 0.007412 1.690526
0.927330 0.000000 0.000000 0.000000 0.000000 0.065258 0.007412 1.690526
0.927330 0.000000 0.000000 0.000000 0.000000 0.065258 0.007412 1.690526
0.927330 0.000000 0.000000 0.000000 0.000000 0.065258 0.007412 1.690526
0.927330 0.000000 0.000000 0.000000 0.000000 0.065258 0.007412 1.690526
0.927330 0.000000 0.000000 0.000000 0.000000 0.065258 0.007412 1.690526
0.927330 0.000000 0.000000 0.000000 0.000000 0.065258 0.007412 1.690526
0.927330 0.000000 0.000000 0.000000 0.000000 0.065258 0.007412 1.690526
0.927330 0.000000 0.000000 0.000000 0.000000 0.065258 0.007412 1.690526
0.927330 0.000000 0.000000 0.000000 0.000000 0.065258 0.007412 1.690526
0.927330 0.000000 0.000000 0.000000 0.000000 0.065258 0.007412 1.690526
0.927330 0.000000 0.000000 0.000000 0.000000 0.065258 0.007412 1.690526
0.927330 0.000000 0.000000 0.000000 0.000000 0.065258 0.007412 1.690526
0.927330 0.000000 0.000000 0.000000 0.000000 0.065258 0.007412 1.690526
0.927330 0.000000 0.000000 0.000000 0.000000 0.065258 0.007412 1.690526
0.927330 0.000000 0.000000 0.000000 0.000000 0.065258 0.007412 1.690526
0.927330 0.000000 0.000000 0.000000 0.000000 0.065258 0.007412 1.690526
0.927330 0.000000 0.000000 0.000000 0.000000 0.065258 0.007412 1.690526
0.927330 0.000000 0.000000 0.000000 0.000000 0.065258 0.007412 1.690526
0.927330 0.000000 0.000000 0.000000 0.000000 0.065258 0.007412 1.690526
0.927330 0.000000 0.000000 0.000000 0.000000 0.065258 0.007412 1.690526
0.927330 0.000000 0.000000 0.000000 0.000000 0.065258 0.007412 1.690526
0.927330 0.000000 0.000000 0.000000 0.000000 0.065258 0.007412 1.690526
0.927330 0.000000 0.000000 0.000000 0.000000 0.065258 0.007412 1.690526
0.927330 0.000000 0.000000 0.000000 0.000000 0.065258 0.007412 1.690526
0.927330 0.000000 0.000000 0.000000 0.000000 0.065258 0.007412 1.690526
0.927330 0.000000 0.000000 0.000000 0.000000 0.065258 0.007412 1.690526
0.927330 0.000000 0.000000 0.000000 0.000000 0.065258 0.007412 1.690526
0.927330 0.000000 0.000000 0.000000 0.000000 0.065258 0.007412 1.690526
0.927330 0.000000 0.000000 0.000000 0.000000 0.065258 0.007412 1.690526
0.927330 0.000000 0.000000 0.000000 0.000000 0.065258 0.007412 1.690526
0.927330 0.000000 0.000000 0.000000 0.000000 0.065258 0.007412 1.690526
0.927330 0.000000 0.000000 0.000000 0.000000 0.065258 0.007412 1.690526
0.927330 0.000000 0.000000 0.000000 0.000000 0.065258 0.007412 1.690526
0.927330 0.000000 0.000000 0.000000 0.000000 0.065258 0.007412 1.690526
0.927330 0.000000 0.000000 0.000000 0.000000 0.065258 0.007412 1.690526
0.927330 0.000000 0.000000 0.000000 0.000000 0.065258 0.007412 1.690526
0.927330 0.000000 0.000000 0.000000 0.000000 0.065258 0.007412 1.690526
0.927330 0.000000 0.000000 0.000000 0.000000 0.065258 0.007412 1.690526
0.927330 0.000000 0.000000 0.000000 0.000000 0.065258 0.007412 1.690526
0.927330 0.000000 0.000000 0.000000 0.000000 0.065258 0.007412 1.690526
0.927330 0.000000 0.000000 0.000000 0.000000 0.065258 0.007412 1.690526
0.927330 0.000000 0.000000 0.000000 0.000000 0.065258 0.007412 1.690526
0.927330 0.000000 0.000000 0.000000 0.000000 0.065258 0.007412 1.690526
0.927330 0.000000 0.000000 0.000000 0.000000 0.065258 0.007412 1.690526
0.927330 0.000000 0.000000 0.000000 0.000000 0.065258 0.007412 1.690526
0.927330 0.000000 0.000000 0.000000 0.000000 0.065258 0.007412 1.690526
0.927330 0.000000 0.000000 0.000000 0.000000 0.065258 0.007412 1.690526
0.927330 0.000000 0.000000 0.000000 0.000000 0.065258 0.007412 1.690526
0.927330 0.000000 0.000000 0.000000 0.000000 0.065258 0.007412 1.690526
0.927330 0.000000 0.000000 0.000000 0.000000 0.065258 0.007412 1.690526
0.927330 0.000000 0.000000 0.000000 0.000000 0.065258 0.007412 1.690526
0.927330 0.000000 0.000000 0.000000 0.000000 0.065258 0.007412 1.690526
0.927330 0.000000 0.000000 0.000000 0.000000 0.065258 0.007412 1.690526
0.927330 0.000000 0.000000 0.000000 0.000000 0.065258 0.007412 1.690526
0.927330 0.000000 0.000000 0.000000 0.000000 0.065258 0.007412 1.690526
0.927330 0.000000 0.000000 0.000000 0.000000 0.065258 0.007412 1.690526
0.927330 0.000000 0.000000 0.000000 0.000000 0.065258 0.007412 1.690526
0.927330 0.000000 0.000000 0.000000 0.000000 0.065258 0.007412 1.690526
0.927330 0.000000 0.000000 0.000000 0.000000 0.065258 0.007412 1.690526
0.927330 0.000000 0.000000 0.000000 0.000000 0.065258 0.007412 1.690526
0.927330 0.000000 0.000000 0.000000 0.000000 0.065258 0.007412 1.690526
0.927330 0.000000 0.000000 0.000000 0.000000 0.065258 0.007412 1.690526
0.927330 0.000000 0.000000 0.000000 0.000000 0.065258 0.007412 1.690526
0.927330 0.000000 0.000000 0.000000 0.000000 0.065258 0.007412 1.690526
0.927330 0.000000 0.000000 0.000000 0.000000 0.065258 0.007412 1.690526
0.927330 0.000000 0.000000 0.000000 0.000000 0.065258 0.007412 1.690526
0.927330 0.000000 0.000000 0.000000 0.000000 0.065258 0.007412 1.690526
0.927330 0.000000 0.000000 0.000000 0.000000 0.065258 0.007412 1.690526
0.927330 0.000000 0.000000 0.000000 0.000000 0.065258 0.007412 1.690526
0.927330 0.000000 0.000000 0.000000 0.000000 0.065258 0.007412 1.690526
0.927330 0.000000 0.000000 0.000000 0.000000 0.065258 0.007412 1.690526
0.927330 0.000000 0.000000 0.000000 0.000000 0.065258 0.007412 1.690526
0.927330 0.000000 0.000000 0.000000 0.000000 0.065258 0.007412 1.690526
0.927330 0.000000 0.000000 0.000000 0.000000 0.065258 0.007412 1.690526
0.927330 0.000000 0.000000 0.000000 0.000000 0.065258 0.007412 1.690526
0.927330 0.000000 0.000000 0.000000 0.000000 0.065258 0.007412 1.690526
0.927330 0.000000 0.000000 0.000000 0.000000 0.065258 0.007412 1.690526
0.927330 0.000000 0.000000 0.000000 0.000000 0.065258 0.007412 1.690526
0.927330 0.000000 0.000000 0.000000 0.000000 0.065258 0.007412 1.690526
0.927330 0.000000 0.000000 0.000000 0.000000 0.065258 0.007412 1.690526
0.927330 0.000000 0.000000 0.000000 0.000000 0.065258 0.007412 1.690526
0.927330 0.000000 0.000000 0.000000 0.000000 0.065258 0.007412 1.690526
0.927330 0.000000 0.000000 0.000000 0.000000 0.065258 0.007412 1.690526
0.927330 0.000000 0.000000 0.000000 0.000000 0.065258 0.007412 1.690526
0.927330 0.000000 0.000000 0.000000 0.000000 0.065258 0.007412 1.690526
0.927330 0.000000 0.000000 0.000000 0.000000 0.065258 0.007412 1.690526
0.927330 0.000000 0.000000 0.000000 0.000000 0.065258 0.007412 1.690526
0.927330 0.000000 0.000000 0.000000 0.000000 0.065258 0.007412 1.690526
0.927330 0.000000 0.000000 0.000000 0.000000 0.065258 0.007412 1.690526
0.927330 0.000000 0.000000 0.000000 0.000000 0.065258 0.007412 1.690526
0.927330 0.000000 0.000000 0.000000 0.000000 0.065258 0.007412 1.690526
0.927330 0.000000 0.000000 0.000000 0.000000 0.065258 0.007412 1.690526
0.927330 0.000000 0.000000 0.000000 0.000000 0.065258 0.007412 1.690526
0.927330 0.000000 0.000000 0.000000 0.000000 0.065258 0.007412 1.690526
0.927330 0.000000 0.000000 0.000000 0.000000 0.065258 0.007412 1.690526
0.927330 0.000000 0.000000 0.000000 0.000000 0.065258 0.007412 1.690526
0.927330 0.000000 0.000000 0.000000 0.000000 0.065258 0.007412 1.690526
