0.999819 0.000135 0.000030 0.000016 0.000000 0.000000 0.000000
0.999768 0.000155 0.000027 0.000007 0.000000 0.000043 0.000000
0.999609 0.000294 0.000052 0.000017 0.000000 0.000028 0.000000
0.999391 0.000474 0.000071 0.000025 0.000000 0.000038 0.000000
0.999062 0.000742 0.000096 0.000048 0.000000 0.000053 0.000000
0.998481 0.001214 0.000154 0.000087 0.000003 0.000061 0.000000
0.997580 0.001951 0.000237 0.000130 0.000003 0.000099 0.000000
0.996422 0.002928 0.000331 0.000190 0.000002 0.000127 0.000000
0.994324 0.004673 0.000547 0.000276 0.000003 0.000177 0.000000
0.991541 0.006894 0.000874 0.000449 0.000002 0.000240 0.000000
0.987157 0.010406 0.001438 0.000634 0.000003 0.000362 0.000000
0.981476 0.014888 0.002161 0.000948 0.000002 0.000525 0.000000
0.974214 0.020513 0.003080 0.001397 0.000002 0.000793 0.000000
0.964887 0.027578 0.004352 0.002011 0.000003 0.001168 0.000000
0.953386 0.036158 0.005939 0.002866 0.000004 0.001646 0.000000
0.937484 0.048000 0.008122 0.004044 0.000009 0.002341 0.000000
0.920281 0.060521 0.010622 0.005385 0.000022 0.003168 0.000000
0.901405 0.073935 0.013462 0.006908 0.000022 0.004267 0.000000
0.878983 0.089484 0.017123 0.008725 0.000032 0.005653 0.000000
0.856276 0.104474 0.021049 0.010852 0.000044 0.007306 0.000000
0.831086 0.120189 0.025823 0.013416 0.000057 0.009429 0.000000
0.806801 0.134496 0.030833 0.015974 0.000065 0.011831 0.000000
0.782031 0.148346 0.036169 0.018758 0.000071 0.014626 0.000000
0.759241 0.159797 0.041556 0.021523 0.000087 0.017796 0.000000
0.735273 0.170917 0.047545 0.024656 0.000102 0.021506 0.000000
0.713321 0.180045 0.053221 0.027651 0.000119 0.025643 0.000001
0.693767 0.187059 0.058681 0.030522 0.000130 0.029839 0.000002
0.673152 0.193685 0.064569 0.033511 0.000144 0.034937 0.000002
0.655904 0.197770 0.069718 0.036387 0.000165 0.040054 0.000002
0.637115 0.201772 0.075395 0.039345 0.000190 0.046180 0.000003
0.621024 0.203974 0.080569 0.041945 0.000207 0.052277 0.000004
0.607539 0.204451 0.085082 0.044297 0.000230 0.058396 0.000005
0.591809 0.205149 0.090153 0.046938 0.000248 0.065698 0.000005
0.577594 0.205055 0.094739 0.049233 0.000284 0.073091 0.000005
0.565074 0.203773 0.098780 0.051381 0.000308 0.080678 0.000006
0.554722 0.201254 0.102210 0.053276 0.000330 0.088200 0.000007
0.543465 0.199137 0.105554 0.055189 0.000356 0.096292 0.000007
0.534139 0.196319 0.108379 0.056584 0.000375 0.104196 0.000009
0.525732 0.192945 0.110762 0.057916 0.000400 0.112232 0.000012
0.516542 0.190141 0.113238 0.059031 0.000429 0.120606 0.000015
0.509206 0.186858 0.115065 0.059959 0.000454 0.128441 0.000017
0.502768 0.183113 0.116505 0.060644 0.000482 0.136469 0.000019
0.495590 0.179595 0.118136 0.061391 0.000515 0.144754 0.000020
0.488145 0.176386 0.119488 0.062083 0.000550 0.153328 0.000020
0.481280 0.173230 0.120217 0.062736 0.000566 0.161948 0.000022
0.475741 0.170494 0.120740 0.063122 0.000582 0.169297 0.000025
0.468518 0.166942 0.121665 0.063654 0.000603 0.178592 0.000027
0.461562 0.163933 0.122486 0.064036 0.000626 0.187327 0.000030
0.454610 0.160865 0.123175 0.064426 0.000646 0.196248 0.000031
0.447858 0.157641 0.123857 0.064646 0.000670 0.205295 0.000033
0.441679 0.155072 0.124088 0.064815 0.000684 0.213627 0.000035
0.434643 0.150869 0.124497 0.065028 0.000710 0.224215 0.000038
0.428879 0.147132 0.124645 0.065192 0.000732 0.233378 0.000043
0.424689 0.143791 0.124319 0.065089 0.000739 0.241330 0.000043
0.419931 0.139650 0.123936 0.064947 0.000762 0.250728 0.000046
0.415487 0.135940 0.123610 0.064855 0.000790 0.259271 0.000047
0.411353 0.131640 0.122827 0.064430 0.000821 0.268881 0.000049
0.407734 0.127665 0.121848 0.063918 0.000843 0.277942 0.000051
0.404391 0.123875 0.120877 0.063383 0.000840 0.286580 0.000055
0.401946 0.120927 0.119931 0.062883 0.000843 0.293411 0.000059
0.398636 0.116539 0.118751 0.062135 0.000860 0.303016 0.000063
0.395639 0.113093 0.117735 0.061601 0.000886 0.310979 0.000066
0.394256 0.109129 0.115899 0.060872 0.000897 0.318880 0.000067
0.392352 0.105186 0.114028 0.060108 0.000919 0.327338 0.000070
0.391228 0.101555 0.111982 0.059153 0.000935 0.335073 0.000074
0.390070 0.098202 0.110500 0.058305 0.000951 0.341895 0.000078
0.388602 0.094518 0.108576 0.057362 0.000964 0.349898 0.000081
0.388008 0.091537 0.106740 0.056305 0.000978 0.356349 0.000083
0.386561 0.088452 0.104860 0.055367 0.000995 0.363680 0.000085
0.386208 0.085236 0.102537 0.054229 0.001000 0.370703 0.000088
0.386467 0.082947 0.100632 0.053222 0.000995 0.375647 0.000090
0.385415 0.080108 0.098984 0.052473 0.000993 0.381934 0.000094
0.385418 0.077211 0.096649 0.051456 0.000988 0.388182 0.000096
0.385415 0.074638 0.094514 0.050350 0.001003 0.393982 0.000098
0.385944 0.071935 0.091993 0.049082 0.001010 0.399936 0.000100
0.386317 0.069114 0.089835 0.047928 0.001010 0.405690 0.000106
0.386993 0.066848 0.087679 0.046826 0.001008 0.410537 0.000109
0.388141 0.064626 0.085428 0.045711 0.001013 0.414970 0.000111
0.389235 0.062994 0.083418 0.044677 0.001013 0.418547 0.000117
0.390390 0.061044 0.081514 0.043619 0.001020 0.422291 0.000121
0.391954 0.058875 0.079247 0.042398 0.001004 0.426398 0.000125
0.393786 0.056714 0.077008 0.041279 0.001014 0.430069 0.000130
0.395440 0.055018 0.075159 0.040335 0.001018 0.432899 0.000131
0.397288 0.053020 0.072797 0.039153 0.001016 0.436590 0.000135
0.399168 0.051806 0.071187 0.038352 0.000995 0.438351 0.000142
0.401220 0.050188 0.069358 0.037334 0.001003 0.440754 0.000144
0.403196 0.048842 0.067584 0.036262 0.000989 0.442975 0.000152
0.405178 0.047748 0.065868 0.035322 0.000977 0.444752 0.000155
0.407626 0.046332 0.064048 0.034256 0.000966 0.446614 0.000158
0.409534 0.045259 0.062468 0.033520 0.000960 0.448098 0.000161
0.412297 0.044269 0.060418 0.032563 0.000954 0.449333 0.000167
0.414963 0.042997 0.058330 0.031561 0.000939 0.451041 0.000169
0.416622 0.042537 0.057421 0.031060 0.000917 0.451274 0.000169
0.419108 0.041586 0.055849 0.030126 0.000902 0.452256 0.000173
0.421569 0.040827 0.054625 0.029383 0.000900 0.452518 0.000177
0.423979 0.040162 0.053399 0.028628 0.000888 0.452764 0.000182
0.426753 0.039525 0.051856 0.027715 0.000863 0.453100 0.000187
0.428999 0.039043 0.050705 0.027060 0.000858 0.453145 0.000190
0.431204 0.038669 0.049676 0.026547 0.000861 0.452853 0.000190
0.433314 0.038343 0.048654 0.026011 0.000846 0.452639 0.000193
0.436044 0.037849 0.047319 0.025310 0.000827 0.452451 0.000199
0.438199 0.037600 0.046386 0.024860 0.000814 0.451941 0.000200
0.440766 0.037270 0.045181 0.024245 0.000808 0.451525 0.000204
0.442873 0.037201 0.044444 0.023834 0.000797 0.450640 0.000210
0.444916 0.036961 0.043770 0.023499 0.000779 0.449865 0.000211
0.447490 0.036761 0.042893 0.023030 0.000755 0.448853 0.000218
0.449555 0.036565 0.042239 0.022644 0.000744 0.448034 0.000219
0.451821 0.036470 0.041473 0.022214 0.000727 0.447070 0.000225
0.454404 0.036496 0.040787 0.021833 0.000712 0.445540 0.000228
0.456309 0.036563 0.040234 0.021572 0.000710 0.444380 0.000232
0.457916 0.036547 0.039898 0.021395 0.000702 0.443309 0.000234
0.460553 0.036467 0.039264 0.021026 0.000696 0.441757 0.000236
0.462454 0.036494 0.038799 0.020814 0.000682 0.440516 0.000241
0.464531 0.036457 0.038284 0.020605 0.000660 0.439222 0.000242
0.466359 0.036596 0.037889 0.020338 0.000647 0.437926 0.000245
0.468319 0.036712 0.037613 0.020040 0.000642 0.436428 0.000247
0.470294 0.036857 0.037181 0.019846 0.000642 0.434929 0.000251
0.471912 0.036996 0.036853 0.019757 0.000620 0.433610 0.000252
0.473717 0.037247 0.036601 0.019579 0.000614 0.431988 0.000254
0.475443 0.037469 0.036338 0.019391 0.000599 0.430503 0.000257
0.476910 0.037648 0.036276 0.019227 0.000574 0.429106 0.000260
0.478445 0.037860 0.036086 0.019107 0.000571 0.427670 0.000262
0.480166 0.038014 0.035877 0.019036 0.000561 0.426081 0.000266
0.482151 0.037534 0.035906 0.018934 0.000558 0.424647 0.000271
0.484992 0.036643 0.035816 0.018687 0.000551 0.423039 0.000272
0.487889 0.035568 0.035758 0.018457 0.000546 0.421509 0.000274
0.491156 0.034183 0.035676 0.018234 0.000543 0.419933 0.000274
0.495158 0.032714 0.035407 0.017886 0.000540 0.418021 0.000273
0.498765 0.031185 0.035184 0.017542 0.000536 0.416510 0.000278
0.502255 0.029691 0.034888 0.017119 0.000528 0.415241 0.000277
0.506269 0.028068 0.034503 0.016740 0.000521 0.413621 0.000277
0.510419 0.026521 0.033934 0.016269 0.000516 0.412058 0.000283
0.514648 0.025028 0.033324 0.015779 0.000508 0.410430 0.000283
0.518589 0.023591 0.032622 0.015331 0.000500 0.409084 0.000282
0.522897 0.022169 0.031891 0.014824 0.000489 0.407444 0.000287
0.527561 0.020846 0.031089 0.014372 0.000482 0.405360 0.000290
0.531725 0.019509 0.030398 0.013894 0.000486 0.403698 0.000291
0.536436 0.018292 0.029621 0.013326 0.000483 0.401548 0.000293
0.540684 0.017096 0.028899 0.012866 0.000476 0.399685 0.000294
0.545409 0.016084 0.028066 0.012385 0.000463 0.397298 0.000295
0.550391 0.015118 0.027139 0.011832 0.000457 0.394764 0.000298
0.554957 0.014147 0.026313 0.011374 0.000440 0.392470 0.000299
0.559115 0.013234 0.025468 0.010885 0.000432 0.390564 0.000303
0.564007 0.012420 0.024585 0.010434 0.000417 0.387829 0.000308
0.568204 0.011645 0.023697 0.010017 0.000409 0.385718 0.000310
0.573008 0.010944 0.022814 0.009544 0.000405 0.382977 0.000308
0.577410 0.010236 0.021930 0.009140 0.000384 0.380591 0.000309
0.581888 0.009586 0.021081 0.008724 0.000369 0.378042 0.000310
0.586450 0.009060 0.020238 0.008372 0.000359 0.375213 0.000308
0.590467 0.008468 0.019529 0.007995 0.000347 0.372882 0.000312
0.595212 0.007885 0.018689 0.007605 0.000340 0.369950 0.000319
0.599586 0.007399 0.018001 0.007292 0.000330 0.367077 0.000314
0.604111 0.006929 0.017248 0.006925 0.000321 0.364148 0.000318
0.608677 0.006511 0.016496 0.006595 0.000319 0.361088 0.000314
0.613100 0.006128 0.015749 0.006311 0.000315 0.358076 0.000321
0.617019 0.005760 0.015019 0.006000 0.000307 0.355577 0.000319
0.621718 0.005420 0.014398 0.005743 0.000290 0.352106 0.000326
0.626266 0.005112 0.013702 0.005445 0.000282 0.348873 0.000321
0.630649 0.004786 0.013141 0.005189 0.000274 0.345640 0.000321
0.634566 0.004500 0.012590 0.004949 0.000261 0.342807 0.000327
0.638949 0.004237 0.011968 0.004705 0.000254 0.339559 0.000328
0.642797 0.003948 0.011466 0.004465 0.000250 0.336746 0.000329
0.646858 0.003733 0.010963 0.004254 0.000240 0.333624 0.000327
0.650910 0.003540 0.010434 0.004062 0.000234 0.330494 0.000327
0.655481 0.003311 0.009916 0.003862 0.000226 0.326871 0.000332
0.659062 0.003171 0.009510 0.003690 0.000222 0.324011 0.000333
0.663450 0.002937 0.009027 0.003486 0.000221 0.320542 0.000337
0.667194 0.002790 0.008611 0.003318 0.000212 0.317540 0.000336
0.671080 0.002662 0.008173 0.003174 0.000206 0.314369 0.000337
0.674989 0.002505 0.007819 0.003023 0.000195 0.311134 0.000336
0.678679 0.002352 0.007459 0.002902 0.000196 0.308077 0.000335
0.682813 0.002209 0.007093 0.002751 0.000185 0.304610 0.000339
0.686511 0.002090 0.006720 0.002639 0.000183 0.301514 0.000343
0.690356 0.001964 0.006413 0.002501 0.000175 0.298251 0.000340
0.693933 0.001878 0.006141 0.002397 0.000172 0.295128 0.000351
0.697548 0.001803 0.005831 0.002282 0.000168 0.292018 0.000350
0.701213 0.001723 0.005490 0.002164 0.000165 0.288898 0.000347
0.705096 0.001636 0.005257 0.002057 0.000159 0.285446 0.000348
0.708614 0.001542 0.004964 0.001982 0.000153 0.282393 0.000352
0.711884 0.001470 0.004727 0.001886 0.000149 0.279536 0.000348
0.715220 0.001410 0.004464 0.001767 0.000145 0.276643 0.000351
0.719097 0.001351 0.004235 0.001689 0.000137 0.273142 0.000349
0.722384 0.001296 0.004010 0.001592 0.000134 0.270234 0.000351
0.725501 0.001249 0.003839 0.001516 0.000132 0.267416 0.000346
0.729086 0.001209 0.003625 0.001444 0.000126 0.264156 0.000355
0.732309 0.001159 0.003443 0.001389 0.000115 0.261229 0.000356
0.735848 0.001120 0.003267 0.001307 0.000111 0.257996 0.000352
0.738683 0.001066 0.003125 0.001255 0.000106 0.255410 0.000354
0.742233 0.001013 0.002966 0.001185 0.000099 0.252144 0.000360
0.745264 0.000961 0.002842 0.001134 0.000092 0.249353 0.000355
0.748387 0.000932 0.002712 0.001071 0.000091 0.246446 0.000360
0.751834 0.000882 0.002601 0.001013 0.000089 0.243217 0.000363
0.754604 0.000823 0.002475 0.000982 0.000085 0.240676 0.000356
0.757221 0.000812 0.002375 0.000913 0.000085 0.238237 0.000357
0.760573 0.000765 0.002260 0.000884 0.000083 0.235074 0.000361
0.763083 0.000729 0.002170 0.000854 0.000080 0.232729 0.000354
0.766368 0.000697 0.002065 0.000819 0.000077 0.229618 0.000355
0.769276 0.000669 0.001986 0.000783 0.000075 0.226854 0.000357
0.771878 0.000649 0.001901 0.000736 0.000081 0.224397 0.000358
0.774936 0.000633 0.001797 0.000689 0.000079 0.221506 0.000360
0.777478 0.000602 0.001714 0.000651 0.000074 0.219125 0.000356
0.780451 0.000588 0.001645 0.000630 0.000072 0.216252 0.000361
0.783166 0.000553 0.001566 0.000608 0.000072 0.213673 0.000362
0.785627 0.000551 0.001506 0.000580 0.000070 0.211311 0.000356
0.788233 0.000535 0.001414 0.000548 0.000067 0.208845 0.000359
0.791252 0.000491 0.001362 0.000528 0.000064 0.205945 0.000357
0.793817 0.000487 0.001299 0.000514 0.000063 0.203460 0.000359
0.796601 0.000461 0.001234 0.000491 0.000062 0.200797 0.000353
0.798859 0.000436 0.001180 0.000458 0.000060 0.198654 0.000353
0.801512 0.000414 0.001134 0.000444 0.000062 0.196076 0.000359
0.804117 0.000402 0.001094 0.000410 0.000058 0.193563 0.000357
0.806656 0.000388 0.001049 0.000382 0.000056 0.191115 0.000354
0.808762 0.000384 0.001005 0.000382 0.000054 0.189058 0.000355
0.811526 0.000367 0.000963 0.000362 0.000052 0.186371 0.000358
0.813623 0.000348 0.000908 0.000347 0.000051 0.184366 0.000358
0.815957 0.000351 0.000895 0.000331 0.000050 0.182057 0.000361
0.818419 0.000343 0.000855 0.000321 0.000051 0.179647 0.000365
0.820575 0.000333 0.000830 0.000302 0.000053 0.177549 0.000359
0.822697 0.000317 0.000793 0.000298 0.000050 0.175488 0.000358
0.824775 0.000308 0.000769 0.000281 0.000049 0.173457 0.000361
0.827310 0.000291 0.000737 0.000265 0.000048 0.170986 0.000363
0.829220 0.000293 0.000708 0.000258 0.000044 0.169110 0.000366
0.831497 0.000284 0.000682 0.000246 0.000044 0.166884 0.000362
0.833555 0.000267 0.000661 0.000235 0.000043 0.164882 0.000356
0.835664 0.000265 0.000628 0.000234 0.000041 0.162807 0.000361
0.837616 0.000256 0.000598 0.000222 0.000039 0.160912 0.000357
0.839805 0.000253 0.000591 0.000211 0.000040 0.158736 0.000364
0.841708 0.000238 0.000546 0.000205 0.000038 0.156903 0.000363
0.843591 0.000239 0.000517 0.000194 0.000037 0.155061 0.000361
0.845697 0.000226 0.000497 0.000186 0.000037 0.152990 0.000365
0.847580 0.000230 0.000467 0.000179 0.000035 0.151156 0.000354
0.849870 0.000224 0.000450 0.000168 0.000034 0.148889 0.000366
0.851347 0.000209 0.000434 0.000156 0.000035 0.147455 0.000365
0.853143 0.000204 0.000417 0.000150 0.000032 0.145695 0.000359
0.855149 0.000188 0.000395 0.000148 0.000030 0.143725 0.000364
0.857156 0.000189 0.000390 0.000147 0.000029 0.141725 0.000364
0.858972 0.000180 0.000375 0.000138 0.000027 0.139952 0.000356
0.860754 0.000172 0.000355 0.000137 0.000030 0.138194 0.000358
0.862366 0.000164 0.000344 0.000131 0.000028 0.136612 0.000355
0.864232 0.000160 0.000332 0.000126 0.000029 0.134766 0.000356
0.866185 0.000162 0.000312 0.000130 0.000026 0.132831 0.000354
0.867463 0.000150 0.000305 0.000116 0.000028 0.131578 0.000361
0.869606 0.000145 0.000285 0.000116 0.000025 0.129456 0.000367
0.871266 0.000147 0.000271 0.000110 0.000024 0.127820 0.000361
0.873055 0.000144 0.000271 0.000111 0.000024 0.126042 0.000353
0.874576 0.000143 0.000266 0.000107 0.000021 0.124531 0.000355
0.876060 0.000129 0.000248 0.000102 0.000019 0.123085 0.000357
0.877631 0.000132 0.000240 0.000102 0.000019 0.121518 0.000359
0.879559 0.000126 0.000236 0.000094 0.000019 0.119608 0.000358
0.881089 0.000125 0.000227 0.000088 0.000018 0.118089 0.000364
0.882759 0.000116 0.000217 0.000088 0.000016 0.116450 0.000354
0.884207 0.000108 0.000202 0.000083 0.000017 0.115030 0.000353
0.885694 0.000106 0.000202 0.000078 0.000016 0.113554 0.000351
0.887351 0.000105 0.000202 0.000079 0.000016 0.111894 0.000353
0.888580 0.000093 0.000200 0.000077 0.000014 0.110683 0.000352
0.889870 0.000096 0.000193 0.000079 0.000014 0.109389 0.000358
0.891675 0.000090 0.000181 0.000072 0.000015 0.107613 0.000354
0.893363 0.000091 0.000185 0.000073 0.000014 0.105929 0.000345
0.894087 0.000078 0.000178 0.000068 0.000016 0.105224 0.000349
0.895973 0.000087 0.000175 0.000068 0.000015 0.103321 0.000362
0.897603 0.000083 0.000162 0.000063 0.000014 0.101721 0.000355
0.898762 0.000095 0.000164 0.000069 0.000015 0.100550 0.000346
0.900697 0.000094 0.000145 0.000064 0.000014 0.098636 0.000350
0.901931 0.000098 0.000154 0.000070 0.000013 0.097395 0.000340
0.902740 0.000087 0.000150 0.000062 0.000015 0.096585 0.000360
0.904293 0.000077 0.000152 0.000061 0.000017 0.095046 0.000354
0.906137 0.000071 0.000149 0.000060 0.000014 0.093219 0.000350
0.906855 0.000074 0.000145 0.000062 0.000017 0.092504 0.000343
0.908184 0.000073 0.000146 0.000059 0.000011 0.091180 0.000346
0.909310 0.000068 0.000142 0.000053 0.000012 0.090067 0.000348
0.910612 0.000074 0.000134 0.000046 0.000012 0.088777 0.000344
0.912129 0.000081 0.000132 0.000048 0.000010 0.087254 0.000345
0.913194 0.000077 0.000126 0.000055 0.000013 0.086202 0.000333
0.914316 0.000077 0.000123 0.000051 0.000009 0.085086 0.000338
0.915545 0.000085 0.000136 0.000056 0.000006 0.083835 0.000336
0.917565 0.000081 0.000122 0.000050 0.000007 0.081849 0.000325
0.918406 0.000083 0.000115 0.000040 0.000007 0.080999 0.000351
0.919038 0.000075 0.000132 0.000039 0.000007 0.080373 0.000335
0.919817 0.000073 0.000119 0.000037 0.000006 0.079602 0.000345
0.921513 0.000077 0.000121 0.000038 0.000008 0.077902 0.000341
0.922403 0.000070 0.000110 0.000031 0.000008 0.077038 0.000339
0.923224 0.000075 0.000118 0.000031 0.000009 0.076195 0.000349
0.924337 0.000071 0.000121 0.000033 0.000008 0.075091 0.000339
0.924928 0.000060 0.000110 0.000030 0.000009 0.074531 0.000331
0.926697 0.000057 0.000104 0.000030 0.000007 0.072770 0.000334
0.927029 0.000050 0.000095 0.000030 0.000007 0.072454 0.000336
0.927983 0.000061 0.000095 0.000030 0.000007 0.071478 0.000346
0.928858 0.000058 0.000090 0.000025 0.000007 0.070621 0.000341
0.929737 0.000059 0.000086 0.000020 0.000006 0.069755 0.000337
0.931550 0.000052 0.000079 0.000020 0.000006 0.067969 0.000324
0.931641 0.000061 0.000092 0.000026 0.000005 0.067849 0.000328
0.932450 0.000052 0.000093 0.000022 0.000005 0.067051 0.000327
0.933099 0.000047 0.000089 0.000023 0.000003 0.066431 0.000307
0.934227 0.000049 0.000094 0.000024 0.000002 0.065294 0.000311
0.935430 0.000048 0.000089 0.000023 0.000003 0.064082 0.000325
0.935865 0.000036 0.000090 0.000024 0.000002 0.063682 0.000302
0.937108 0.000041 0.000081 0.000028 0.000001 0.062437 0.000303
0.938197 0.000039 0.000090 0.000023 0.000002 0.061352 0.000297
0.937803 0.000043 0.000085 0.000025 0.000002 0.061724 0.000319
0.948191 0.000011 0.000021 0.000007 0.000000 0.051553 0.000218
