0.369252 0.062025 0.054869 0.031352 0.002025 0.474719 0.005757 1.550976
0.371014 0.060196 0.054749 0.031318 0.002027 0.474917 0.005779 1.557001
0.373177 0.058143 0.054512 0.031213 0.002022 0.475128 0.005805 1.562816
0.375708 0.055979 0.054246 0.030935 0.002030 0.475269 0.005833 1.568365
0.378372 0.053910 0.053857 0.030717 0.002047 0.475243 0.005854 1.573668
0.381316 0.051804 0.053319 0.030331 0.002050 0.475299 0.005880 1.578804
0.384351 0.049778 0.052708 0.029981 0.002052 0.475226 0.005905 1.583737
0.387607 0.047773 0.051956 0.029525 0.002028 0.475184 0.005927 1.588449
0.390808 0.045927 0.051270 0.029003 0.002017 0.475023 0.005953 1.593031
0.394221 0.044009 0.050485 0.028576 0.002008 0.474720 0.005980 1.597453
0.397815 0.042221 0.049653 0.028079 0.001991 0.474236 0.006006 1.601687
0.401512 0.040494 0.048835 0.027595 0.001995 0.473541 0.006030 1.605796
0.405080 0.038886 0.047875 0.026989 0.001996 0.473118 0.006057 1.609680
0.408820 0.037335 0.047009 0.026441 0.001981 0.472333 0.006081 1.613477
0.412462 0.035949 0.045959 0.025867 0.001976 0.471683 0.006105 1.617066
0.416167 0.034648 0.044975 0.025237 0.001975 0.470871 0.006129 1.620544
0.419873 0.033417 0.043994 0.024611 0.001969 0.469982 0.006155 1.623903
0.423694 0.032199 0.042926 0.024023 0.001939 0.469039 0.006180 1.627136
0.427671 0.031069 0.041934 0.023391 0.001926 0.467807 0.006201 1.630254
0.431608 0.029977 0.040968 0.022771 0.001908 0.466537 0.006232 1.633273
0.435436 0.029049 0.039884 0.022217 0.001884 0.465272 0.006258 1.636144
0.439382 0.028133 0.038848 0.021605 0.001863 0.463887 0.006283 1.638889
0.443348 0.027250 0.037792 0.021077 0.001836 0.462386 0.006311 1.641599
0.447303 0.026478 0.036800 0.020555 0.001802 0.460729 0.006332 1.644199
0.451299 0.025726 0.035914 0.019972 0.001794 0.458944 0.006352 1.646727
0.455304 0.024949 0.035008 0.019493 0.001768 0.457101 0.006377 1.649222
0.459151 0.024208 0.034124 0.018973 0.001755 0.455390 0.006399 1.651688
0.463213 0.023546 0.033232 0.018456 0.001737 0.453392 0.006424 1.654028
0.467168 0.022967 0.032273 0.017972 0.001728 0.451451 0.006442 1.656287
0.471158 0.022411 0.031380 0.017483 0.001707 0.449399 0.006462 1.658475
0.475230 0.021872 0.030533 0.016969 0.001680 0.447236 0.006480 1.660581
0.479300 0.021375 0.029675 0.016494 0.001663 0.444993 0.006498 1.662646
0.483389 0.020857 0.028860 0.016056 0.001649 0.442671 0.006518 1.664712
0.487393 0.020411 0.028102 0.015633 0.001628 0.440294 0.006540 1.666705
0.491467 0.019919 0.027417 0.015260 0.001603 0.437769 0.006564 1.668690
0.495369 0.019529 0.026742 0.014892 0.001583 0.435302 0.006584 1.670587
0.499457 0.019055 0.026061 0.014526 0.001566 0.432732 0.006602 1.672494
0.503289 0.018682 0.025479 0.014148 0.001537 0.430242 0.006623 1.674357
0.507245 0.018346 0.024851 0.013752 0.001522 0.427642 0.006642 1.676138
0.511193 0.017974 0.024290 0.013418 0.001500 0.424963 0.006662 1.677931
0.515088 0.017633 0.023658 0.013111 0.001471 0.422357 0.006681 1.679673
0.518946 0.017295 0.023083 0.012848 0.001448 0.419680 0.006698 1.681428
0.522742 0.016974 0.022589 0.012558 0.001423 0.416992 0.006721 1.683179
0.526636 0.016704 0.022082 0.012242 0.001396 0.414201 0.006740 1.684811
0.530505 0.016496 0.021648 0.011938 0.001366 0.411291 0.006758 1.686425
0.534146 0.016292 0.021151 0.011668 0.001343 0.408630 0.006771 1.688022
0.537852 0.016201 0.020614 0.011388 0.001318 0.405833 0.006793 1.689531
0.541649 0.015910 0.020166 0.011147 0.001294 0.403024 0.006812 1.691134
0.545365 0.015715 0.019801 0.010874 0.001274 0.400138 0.006833 1.692690
0.548933 0.015549 0.019357 0.010668 0.001240 0.397403 0.006849 1.694183
0.552469 0.015407 0.019018 0.010425 0.001217 0.394594 0.006870 1.695700
0.556022 0.015324 0.018594 0.010186 0.001199 0.391790 0.006886 1.697114
0.559608 0.015165 0.018280 0.009985 0.001175 0.388885 0.006902 1.698607
0.563203 0.015013 0.017941 0.009830 0.001157 0.385943 0.006913 1.700082
0.566691 0.014891 0.017591 0.009652 0.001137 0.383109 0.006929 1.701518
0.570193 0.014809 0.017289 0.009477 0.001119 0.380168 0.006944 1.702941
0.573627 0.014684 0.016982 0.009298 0.001104 0.377350 0.006956 1.704372
0.577029 0.014536 0.016667 0.009163 0.001090 0.374548 0.006968 1.705797
0.580405 0.014358 0.016377 0.009061 0.001073 0.371745 0.006980 1.707213
0.583813 0.014220 0.016112 0.008908 0.001058 0.368899 0.006992 1.708619
0.587036 0.014061 0.015946 0.008815 0.001033 0.366104 0.007006 1.710099
0.590251 0.013957 0.015707 0.008694 0.001015 0.363360 0.007017 1.711457
0.593545 0.013863 0.015540 0.008551 0.001002 0.360470 0.007029 1.712828
0.596783 0.013778 0.015293 0.008387 0.000985 0.357732 0.007042 1.714182
0.600021 0.013713 0.015020 0.008254 0.000962 0.354974 0.007058 1.715532
0.603179 0.013610 0.014837 0.008186 0.000948 0.352172 0.007067 1.716897
0.606217 0.013570 0.014583 0.008054 0.000926 0.349566 0.007084 1.718183
0.609305 0.013472 0.014445 0.007953 0.000902 0.346825 0.007097 1.719504
0.612382 0.013359 0.014280 0.007857 0.000885 0.344128 0.007109 1.720825
0.615367 0.013261 0.014066 0.007743 0.000870 0.341572 0.007119 1.722126
0.618413 0.013243 0.013923 0.007628 0.000860 0.338803 0.007131 1.723399
0.621290 0.013203 0.013761 0.007550 0.000848 0.336207 0.007141 1.724675
0.624223 0.013225 0.013589 0.007479 0.000832 0.333497 0.007155 1.725948
0.627136 0.013215 0.013429 0.007400 0.000818 0.330836 0.007167 1.727220
0.630036 0.013179 0.013329 0.007331 0.000803 0.328146 0.007177 1.728503
0.632925 0.013104 0.013229 0.007277 0.000795 0.325481 0.007190 1.729774
0.635796 0.013053 0.013079 0.007196 0.000779 0.322899 0.007199 1.731042
0.638603 0.012999 0.012923 0.007124 0.000764 0.320380 0.007207 1.732304
0.641398 0.012971 0.012810 0.007066 0.000750 0.317788 0.007219 1.733583
0.644123 0.012933 0.012766 0.007015 0.000740 0.315193 0.007230 1.734853
0.646776 0.012906 0.012701 0.006971 0.000734 0.312674 0.007237 1.736146
0.649423 0.012806 0.012623 0.006935 0.000721 0.310244 0.007249 1.737435
0.652056 0.012735 0.012513 0.006894 0.000713 0.307829 0.007262 1.738696
0.654618 0.012752 0.012455 0.006827 0.000713 0.305368 0.007267 1.739936
0.657220 0.012738 0.012356 0.006805 0.000704 0.302901 0.007275 1.741158
0.659790 0.012773 0.012266 0.006751 0.000693 0.300439 0.007288 1.742383
0.662241 0.012772 0.012205 0.006708 0.000682 0.298094 0.007298 1.743636
0.664760 0.012780 0.012162 0.006679 0.000665 0.295648 0.007307 1.744880
0.667256 0.012793 0.012110 0.006625 0.000655 0.293247 0.007314 1.746107
0.669725 0.012715 0.012091 0.006626 0.000639 0.290882 0.007322 1.747387
0.672071 0.012728 0.012044 0.006579 0.000629 0.288620 0.007330 1.748609
0.674573 0.012737 0.011996 0.006540 0.000624 0.286193 0.007336 1.749834
0.676875 0.012766 0.011905 0.006513 0.000618 0.283981 0.007343 1.751083
0.679143 0.012780 0.011915 0.006492 0.000616 0.281706 0.007350 1.752365
0.681375 0.012754 0.011860 0.006474 0.000608 0.279570 0.007359 1.753642
0.683546 0.012767 0.011829 0.006468 0.000599 0.277423 0.007367 1.754914
0.685724 0.012776 0.011786 0.006479 0.000595 0.275264 0.007377 1.756196
0.687879 0.012833 0.011754 0.006461 0.000584 0.273106 0.007382 1.757419
0.689919 0.012850 0.011781 0.006462 0.000576 0.271025 0.007387 1.758706
0.692067 0.012924 0.011738 0.006418 0.000574 0.268882 0.007397 1.759931
0.694145 0.012967 0.011721 0.006384 0.000569 0.266811 0.007404 1.761181
0.696171 0.012997 0.011728 0.006375 0.000569 0.264749 0.007411 1.762460
0.698175 0.013028 0.011683 0.006368 0.000563 0.262766 0.007416 1.763733
0.700065 0.013107 0.011672 0.006348 0.000564 0.260821 0.007424 1.765009
0.701927 0.013184 0.011648 0.006313 0.000567 0.258932 0.007429 1.766245
0.703844 0.013171 0.011653 0.006335 0.000560 0.257001 0.007435 1.767560
0.705739 0.013161 0.011641 0.006367 0.000553 0.255097 0.007442 1.768880
0.707558 0.013289 0.011634 0.006315 0.000548 0.253204 0.007451 1.770124
0.709402 0.013323 0.011656 0.006308 0.000553 0.251301 0.007457 1.771452
0.711168 0.013290 0.011703 0.006315 0.000544 0.249515 0.007465 1.772805
0.712880 0.013373 0.011753 0.006308 0.000542 0.247671 0.007472 1.774111
0.714622 0.013375 0.011760 0.006312 0.000537 0.245915 0.007481 1.775435
0.716258 0.013437 0.011742 0.006296 0.000530 0.244246 0.007491 1.776730
0.717927 0.013497 0.011763 0.006289 0.000525 0.242504 0.007495 1.778023
0.719577 0.013571 0.011827 0.006308 0.000526 0.240690 0.007501 1.779332
0.721253 0.013626 0.011879 0.006302 0.000524 0.238909 0.007507 1.780661
0.722783 0.013668 0.011873 0.006311 0.000518 0.237333 0.007514 1.782004
0.724347 0.013717 0.011880 0.006298 0.000511 0.235728 0.007519 1.783324
0.725943 0.013753 0.011893 0.006314 0.000509 0.234061 0.007526 1.784678
0.727438 0.013785 0.011887 0.006341 0.000502 0.232513 0.007533 1.786058
0.728859 0.013897 0.011924 0.006352 0.000505 0.230926 0.007536 1.787415
0.730326 0.013904 0.011909 0.006388 0.000509 0.229422 0.007541 1.788798
0.731700 0.013975 0.011951 0.006415 0.000497 0.227913 0.007549 1.790145
0.733124 0.014001 0.012030 0.006436 0.000494 0.226360 0.007556 1.791564
0.734491 0.014049 0.012024 0.006461 0.000485 0.224925 0.007565 1.792945
0.735901 0.014072 0.012032 0.006508 0.000476 0.223439 0.007573 1.794369
0.737160 0.014187 0.012009 0.006522 0.000468 0.222073 0.007582 1.795722
0.738447 0.014289 0.012058 0.006529 0.000465 0.220625 0.007586 1.797114
0.739737 0.014359 0.012119 0.006537 0.000462 0.219191 0.007595 1.798552
0.740964 0.014419 0.012183 0.006578 0.000455 0.217800 0.007600 1.799965
0.742273 0.014498 0.012242 0.006612 0.000452 0.216317 0.007606 1.801365
0.743426 0.014618 0.012269 0.006617 0.000455 0.215002 0.007612 1.802771
0.744592 0.014673 0.012340 0.006658 0.000449 0.213675 0.007614 1.804204
0.745740 0.014733 0.012363 0.006699 0.000445 0.212400 0.007622 1.805636
0.746887 0.014741 0.012445 0.006703 0.000447 0.211151 0.007628 1.807120
0.747984 0.014765 0.012531 0.006739 0.000432 0.209913 0.007635 1.808588
0.749033 0.014897 0.012557 0.006772 0.000438 0.208664 0.007640 1.809992
0.750192 0.014903 0.012604 0.006751 0.000437 0.207467 0.007647 1.811459
0.751250 0.014933 0.012671 0.006765 0.000440 0.206290 0.007651 1.812928
0.752269 0.015072 0.012671 0.006791 0.000451 0.205095 0.007653 1.814357
0.753262 0.015105 0.012755 0.006819 0.000451 0.203949 0.007659 1.815844
0.754304 0.015081 0.012805 0.006856 0.000443 0.202847 0.007665 1.817318
0.755338 0.015123 0.012848 0.006859 0.000447 0.201718 0.007667 1.818793
0.756298 0.015145 0.012884 0.006892 0.000454 0.200654 0.007673 1.820266
0.757229 0.015252 0.012865 0.006954 0.000455 0.199569 0.007677 1.821735
0.758179 0.015237 0.012961 0.007009 0.000447 0.198483 0.007684 1.823281
0.759147 0.015281 0.012979 0.007046 0.000450 0.197407 0.007690 1.824743
0.760048 0.015306 0.013063 0.007053 0.000456 0.196379 0.007695 1.826269
0.760939 0.015373 0.013122 0.007053 0.000457 0.195355 0.007701 1.827763
0.761805 0.015473 0.013149 0.007049 0.000461 0.194357 0.007706 1.829246
0.762635 0.015606 0.013188 0.007084 0.000463 0.193310 0.007714 1.830748
0.763411 0.015723 0.013218 0.007095 0.000466 0.192368 0.007719 1.832257
0.764120 0.015832 0.013270 0.007115 0.000466 0.191475 0.007722 1.833785
0.764896 0.015830 0.013349 0.007163 0.000460 0.190576 0.007728 1.835376
0.765591 0.015920 0.013454 0.007165 0.000463 0.189675 0.007734 1.836949
0.766383 0.015952 0.013505 0.007168 0.000462 0.188792 0.007739 1.838516
0.767106 0.016038 0.013568 0.007227 0.000463 0.187855 0.007745 1.840079
0.767845 0.016073 0.013640 0.007271 0.000465 0.186957 0.007750 1.841651
0.768533 0.016151 0.013669 0.007288 0.000470 0.186135 0.007757 1.843206
0.769147 0.016250 0.013711 0.007344 0.000473 0.185313 0.007762 1.844799
0.769823 0.016267 0.013767 0.007416 0.000470 0.184487 0.007770 1.846415
0.770454 0.016378 0.013851 0.007418 0.000470 0.183656 0.007775 1.848003
0.771040 0.016507 0.013931 0.007422 0.000470 0.182851 0.007779 1.849603
0.771720 0.016532 0.014005 0.007427 0.000472 0.182060 0.007785 1.851223
0.772330 0.016620 0.014026 0.007432 0.000474 0.181327 0.007791 1.852837
0.772899 0.016710 0.014063 0.007520 0.000474 0.180538 0.007798 1.854437
0.773408 0.016829 0.014125 0.007563 0.000476 0.179797 0.007801 1.856108
0.773861 0.017043 0.014090 0.007608 0.000486 0.179107 0.007806 1.857696
0.774372 0.017101 0.014165 0.007648 0.000487 0.178415 0.007812 1.859357
0.774865 0.017161 0.014232 0.007676 0.000483 0.177767 0.007817 1.861018
0.775329 0.017243 0.014278 0.007709 0.000485 0.177134 0.007823 1.862693
0.775789 0.017258 0.014376 0.007779 0.000486 0.176483 0.007829 1.864408
0.776248 0.017257 0.014553 0.007782 0.000491 0.175835 0.007835 1.866150
0.776647 0.017248 0.014663 0.007826 0.000496 0.175281 0.007839 1.867900
0.777073 0.017345 0.014715 0.007823 0.000497 0.174702 0.007843 1.869539
0.777457 0.017430 0.014741 0.007855 0.000502 0.174167 0.007848 1.871234
0.777802 0.017523 0.014800 0.007872 0.000505 0.173642 0.007856 1.872933
0.778185 0.017620 0.014833 0.007895 0.000508 0.173097 0.007863 1.874610
0.778511 0.017749 0.014927 0.007892 0.000509 0.172542 0.007870 1.876310
0.778856 0.017839 0.014989 0.007950 0.000509 0.171978 0.007878 1.878025
0.779250 0.017878 0.015061 0.008004 0.000508 0.171412 0.007888 1.879765
0.779594 0.017923 0.015162 0.008060 0.000511 0.170857 0.007893 1.881533
0.780027 0.017933 0.015257 0.008101 0.000508 0.170274 0.007900 1.883292
0.780331 0.018073 0.015299 0.008105 0.000504 0.169779 0.007910 1.885006
0.780646 0.018106 0.015373 0.008146 0.000509 0.169305 0.007915 1.886791
0.781006 0.018131 0.015418 0.008215 0.000509 0.168797 0.007925 1.888592
0.781283 0.018234 0.015437 0.008246 0.000514 0.168354 0.007933 1.890313
0.781495 0.018368 0.015470 0.008266 0.000511 0.167951 0.007938 1.892052
0.781686 0.018455 0.015579 0.008303 0.000505 0.167526 0.007946 1.893864
0.781825 0.018613 0.015624 0.008304 0.000507 0.167175 0.007954 1.895642
0.782026 0.018648 0.015727 0.008335 0.000504 0.166798 0.007961 1.897492
0.782299 0.018736 0.015769 0.008341 0.000504 0.166385 0.007966 1.899260
0.782490 0.018804 0.015805 0.008424 0.000506 0.166000 0.007971 1.901079
0.782745 0.018872 0.015924 0.008429 0.000507 0.165546 0.007978 1.902895
0.783008 0.018827 0.015985 0.008475 0.000510 0.165214 0.007982 1.904768
0.783168 0.018915 0.016041 0.008484 0.000512 0.164890 0.007991 1.906572
0.783299 0.018962 0.016079 0.008525 0.000511 0.164630 0.007995 1.908435
0.783480 0.018922 0.016186 0.008582 0.000508 0.164323 0.008000 1.910358
0.783674 0.018923 0.016251 0.008575 0.000511 0.164056 0.008010 1.912237
0.783810 0.018999 0.016334 0.008597 0.000508 0.163735 0.008018 1.914067
0.783919 0.019065 0.016383 0.008633 0.000517 0.163461 0.008023 1.915919
0.783991 0.019102 0.016401 0.008705 0.000513 0.163257 0.008032 1.917811
0.784076 0.019206 0.016434 0.008729 0.000518 0.162999 0.008039 1.919664
0.784163 0.019264 0.016557 0.008751 0.000523 0.162696 0.008047 1.921567
0.784231 0.019309 0.016586 0.008807 0.000521 0.162493 0.008053 1.923475
0.784395 0.019338 0.016620 0.008822 0.000529 0.162239 0.008058 1.925350
0.784472 0.019382 0.016639 0.008818 0.000532 0.162089 0.008069 1.927234
0.784590 0.019456 0.016677 0.008821 0.000534 0.161846 0.008077 1.929099
0.784643 0.019534 0.016696 0.008835 0.000535 0.161671 0.008087 1.930958
0.784733 0.019547 0.016783 0.008862 0.000540 0.161443 0.008093 1.932896
0.784901 0.019530 0.016805 0.008896 0.000550 0.161220 0.008098 1.934828
0.784912 0.019620 0.016810 0.008922 0.000549 0.161085 0.008103 1.936722
0.784954 0.019679 0.016818 0.008954 0.000548 0.160935 0.008114 1.938633
0.784901 0.019741 0.016894 0.009019 0.000552 0.160774 0.008120 1.940597
0.784976 0.019725 0.016923 0.009057 0.000551 0.160641 0.008126 1.942520
0.784969 0.019821 0.016899 0.009080 0.000548 0.160549 0.008133 1.944400
0.784993 0.019853 0.016952 0.009099 0.000550 0.160416 0.008138 1.946328
0.785048 0.019873 0.016974 0.009129 0.000558 0.160278 0.008141 1.948267
0.785062 0.019926 0.017040 0.009137 0.000567 0.160122 0.008147 1.950180
0.785040 0.019917 0.017125 0.009171 0.000566 0.160025 0.008156 1.952158
0.785032 0.019964 0.017200 0.009190 0.000569 0.159883 0.008162 1.954117
0.785035 0.020035 0.017252 0.009217 0.000573 0.159723 0.008166 1.956049
0.785006 0.020080 0.017327 0.009225 0.000570 0.159618 0.008173 1.958028
0.784956 0.020034 0.017447 0.009264 0.000572 0.159549 0.008179 1.960059
0.784988 0.020079 0.017433 0.009291 0.000576 0.159449 0.008186 1.962004
0.785039 0.020019 0.017519 0.009323 0.000576 0.159329 0.008194 1.964030
0.785162 0.019999 0.017538 0.009357 0.000573 0.159171 0.008202 1.965996
0.785203 0.019977 0.017584 0.009365 0.000573 0.159088 0.008211 1.968000
0.785181 0.020003 0.017580 0.009375 0.000566 0.159076 0.008219 1.969994
0.785152 0.020008 0.017609 0.009408 0.000575 0.159024 0.008224 1.971980
0.785181 0.020006 0.017609 0.009409 0.000578 0.158987 0.008230 1.973963
0.785143 0.020088 0.017610 0.009426 0.000572 0.158922 0.008238 1.975916
0.785160 0.020067 0.017667 0.009466 0.000579 0.158812 0.008250 1.977938
0.785139 0.020102 0.017657 0.009451 0.000578 0.158816 0.008256 1.979910
0.785070 0.020132 0.017687 0.009469 0.000577 0.158805 0.008260 1.981904
0.785087 0.020121 0.017664 0.009460 0.000583 0.158819 0.008266 1.983869
0.785129 0.020210 0.017678 0.009466 0.000590 0.158653 0.008275 1.985774
0.785068 0.020191 0.017751 0.009485 0.000586 0.158633 0.008285 1.987807
0.785060 0.020195 0.017769 0.009476 0.000589 0.158620 0.008292 1.989814
0.785024 0.020172 0.017891 0.009477 0.000587 0.158545 0.008304 1.991829
0.784972 0.020217 0.017936 0.009491 0.000579 0.158493 0.008313 1.993813
0.784946 0.020197 0.017946 0.009490 0.000591 0.158510 0.008320 1.995827
0.784870 0.020253 0.017961 0.009557 0.000591 0.158441 0.008327 1.997808
0.784778 0.020239 0.018017 0.009550 0.000602 0.158482 0.008332 1.999865
0.784744 0.020273 0.018014 0.009578 0.000601 0.158450 0.008341 2.001833
0.784670 0.020317 0.017962 0.009642 0.000614 0.158449 0.008347 2.003870
0.784632 0.020325 0.017952 0.009629 0.000611 0.158497 0.008354 2.005866
0.784600 0.020320 0.018012 0.009671 0.000613 0.158421 0.008362 2.007890
0.784592 0.020385 0.017988 0.009649 0.000616 0.158397 0.008372 2.009833
0.784648 0.020403 0.017955 0.009635 0.000612 0.158365 0.008382 2.011796
0.784585 0.020374 0.017953 0.009666 0.000608 0.158424 0.008390 2.013796
0.784548 0.020418 0.017975 0.009661 0.000605 0.158396 0.008398 2.015779
0.784558 0.020426 0.018016 0.009670 0.000607 0.158320 0.008404 2.017753
0.784509 0.020431 0.017976 0.009726 0.000607 0.158337 0.008414 2.019743
0.784502 0.020442 0.017934 0.009691 0.000606 0.158405 0.008420 2.021712
0.784468 0.020422 0.017978 0.009715 0.000608 0.158382 0.008426 2.023745
0.784469 0.020429 0.017965 0.009735 0.000603 0.158365 0.008433 2.025704
0.784452 0.020473 0.017983 0.009698 0.000605 0.158346 0.008442 2.027696
0.784422 0.020472 0.017977 0.009685 0.000612 0.158382 0.008450 2.029691
0.784325 0.020579 0.017934 0.009691 0.000611 0.158403 0.008458 2.031663
0.784298 0.020523 0.017995 0.009691 0.000603 0.158421 0.008470 2.033706
0.784280 0.020561 0.017975 0.009682 0.000614 0.158414 0.008475 2.035680
0.784250 0.020574 0.017975 0.009685 0.000611 0.158423 0.008484 2.037661
0.784156 0.020587 0.017946 0.009652 0.000604 0.158563 0.008492 2.039653
0.784145 0.020621 0.018002 0.009667 0.000595 0.158470 0.008501 2.041654
0.784103 0.020590 0.018040 0.009760 0.000592 0.158405 0.008510 2.043732
0.784058 0.020581 0.018079 0.009733 0.000594 0.158435 0.008520 2.045731
0.784061 0.020577 0.018075 0.009742 0.000588 0.158434 0.008525 2.047736
0.784004 0.020602 0.018053 0.009779 0.000594 0.158434 0.008535 2.049720
0.783956 0.020699 0.018042 0.009709 0.000599 0.158452 0.008543 2.051665
0.783920 0.020721 0.018066 0.009716 0.000603 0.158426 0.008548 2.053696
0.783858 0.020757 0.018111 0.009748 0.000605 0.158364 0.008556 2.055721
0.783837 0.020746 0.018141 0.009714 0.000607 0.158392 0.008562 2.057733
0.783863 0.020694 0.018165 0.009700 0.000615 0.158394 0.008570 2.059772
0.783825 0.020699 0.018168 0.009708 0.000621 0.158402 0.008577 2.061766
0.783748 0.020643 0.018208 0.009713 0.000623 0.158479 0.008587 2.063816
0.783717 0.020660 0.018253 0.009729 0.000617 0.158428 0.008596 2.065847
0.783702 0.020708 0.018267 0.009728 0.000619 0.158375 0.008603 2.067822
0.783599 0.020759 0.018273 0.009765 0.000617 0.158378 0.008610 2.069852
0.783581 0.020750 0.018278 0.009806 0.000620 0.158346 0.008620 2.071902
0.783474 0.020785 0.018291 0.009839 0.000619 0.158364 0.008628 2.073926
0.783461 0.020737 0.018366 0.009871 0.000620 0.158309 0.008636 2.076006
0.783371 0.020680 0.018402 0.009882 0.000617 0.158402 0.008645 2.078095
0.783280 0.020701 0.018471 0.009846 0.000622 0.158430 0.008650 2.080134
0.783157 0.020729 0.018442 0.009846 0.000636 0.158535 0.008656 2.082165
0.783039 0.020629 0.018462 0.009851 0.000629 0.158727 0.008663 2.084270
0.783049 0.020548 0.018476 0.009860 0.000639 0.158757 0.008672 2.086315
0.783058 0.020541 0.018432 0.009845 0.000631 0.158810 0.008683 2.088292
0.783098 0.020527 0.018418 0.009853 0.000642 0.158773 0.008689 2.090321
0.783093 0.020481 0.018440 0.009852 0.000639 0.158797 0.008697 2.092365
0.783018 0.020421 0.018517 0.009857 0.000638 0.158841 0.008707 2.094427
0.783063 0.020316 0.018481 0.009860 0.000637 0.158924 0.008719 2.096472
0.783100 0.020379 0.018403 0.009844 0.000635 0.158912 0.008728 2.098412
0.783070 0.020415 0.018361 0.009847 0.000639 0.158933 0.008736 2.100396
0.783047 0.020404 0.018347 0.009841 0.000640 0.158976 0.008746 2.102404
0.783058 0.020408 0.018339 0.009823 0.000649 0.158967 0.008755 2.104399
0.783130 0.020377 0.018345 0.009789 0.000652 0.158943 0.008762 2.106405
0.783068 0.020443 0.018304 0.009820 0.000656 0.158938 0.008771 2.108376
0.782998 0.020451 0.018304 0.009850 0.000665 0.158953 0.008780 2.110411
0.782950 0.020415 0.018277 0.009871 0.000663 0.159033 0.008791 2.112431
0.782946 0.020418 0.018269 0.009886 0.000657 0.159024 0.008802 2.114440
0.782982 0.020324 0.018307 0.009927 0.000657 0.158991 0.008812 2.116500
0.783020 0.020276 0.018263 0.009926 0.000652 0.159044 0.008821 2.118491
0.782953 0.020299 0.018293 0.009915 0.000658 0.159050 0.008831 2.120471
0.782869 0.020353 0.018246 0.009890 0.000658 0.159146 0.008838 2.122427
0.782839 0.020370 0.018248 0.009879 0.000663 0.159158 0.008843 2.124422
0.782800 0.020374 0.018277 0.009885 0.000658 0.159158 0.008848 2.126437
0.782891 0.020299 0.018219 0.009928 0.000645 0.159160 0.008859 2.128438
0.782911 0.020246 0.018270 0.009901 0.000641 0.159162 0.008869 2.130438
0.782845 0.020270 0.018269 0.009890 0.000631 0.159212 0.008885 2.132426
0.783006 0.020217 0.018266 0.009883 0.000638 0.159096 0.008894 2.134413
0.782948 0.020293 0.018294 0.009849 0.000644 0.159074 0.008898 2.136394
0.782983 0.020266 0.018270 0.009869 0.000649 0.159060 0.008902 2.138431
0.782951 0.020191 0.018299 0.009868 0.000653 0.159128 0.008911 2.140491
0.782981 0.020122 0.018297 0.009883 0.000651 0.159147 0.008920 2.142517
0.782927 0.020117 0.018366 0.009901 0.000645 0.159119 0.008926 2.144550
0.782993 0.020068 0.018316 0.009906 0.000641 0.159138 0.008939 2.146504
0.782989 0.020122 0.018288 0.009900 0.000650 0.159106 0.008946 2.148465
0.783008 0.020109 0.018285 0.009895 0.000643 0.159105 0.008956 2.150436
0.782964 0.020105 0.018238 0.009908 0.000639 0.159183 0.008964 2.152474
0.782943 0.020126 0.018237 0.009890 0.000645 0.159188 0.008972 2.154433
0.782900 0.020108 0.018245 0.009910 0.000639 0.159216 0.008984 2.156433
0.782877 0.020120 0.018291 0.009876 0.000632 0.159214 0.008991 2.158426
0.782913 0.020111 0.018275 0.009825 0.000629 0.159245 0.009001 2.160407
0.782870 0.020152 0.018297 0.009807 0.000630 0.159234 0.009010 2.162385
0.782893 0.020120 0.018239 0.009806 0.000628 0.159296 0.009018 2.164362
0.782934 0.020161 0.018238 0.009776 0.000630 0.159235 0.009026 2.166310
0.782886 0.020186 0.018216 0.009775 0.000621 0.159281 0.009037 2.168318
0.782847 0.020175 0.018199 0.009767 0.000623 0.159346 0.009043 2.170335
0.782818 0.020133 0.018233 0.009771 0.000621 0.159375 0.009050 2.172361
0.782787 0.020157 0.018218 0.009754 0.000622 0.159406 0.009057 2.174335
0.782781 0.020187 0.018196 0.009723 0.000628 0.159422 0.009064 2.176295
0.782824 0.020143 0.018183 0.009713 0.000629 0.159435 0.009073 2.178303
0.782793 0.020134 0.018208 0.009681 0.000635 0.159469 0.009080 2.180305
0.782762 0.020210 0.018158 0.009663 0.000634 0.159488 0.009086 2.182241
0.782757 0.020241 0.018184 0.009664 0.000637 0.159419 0.009098 2.184198
0.782777 0.020236 0.018180 0.009653 0.000644 0.159409 0.009103 2.186190
0.782796 0.020278 0.018233 0.009641 0.000643 0.159300 0.009110 2.188166
0.782819 0.020344 0.018218 0.009591 0.000644 0.159268 0.009116 2.190106
0.782749 0.020389 0.018259 0.009598 0.000651 0.159230 0.009124 2.192137
0.782751 0.020415 0.018183 0.009611 0.000655 0.159254 0.009132 2.194121
0.782735 0.020364 0.018247 0.009605 0.000650 0.159259 0.009141 2.196173
0.782778 0.020298 0.018273 0.009617 0.000654 0.159232 0.009148 2.198191
0.782658 0.020340 0.018255 0.009599 0.000653 0.159339 0.009156 2.200154
0.782690 0.020289 0.018290 0.009638 0.000646 0.159285 0.009164 2.202192
0.782743 0.020287 0.018276 0.009615 0.000643 0.159261 0.009175 2.204171
0.782708 0.020294 0.018245 0.009611 0.000649 0.159307 0.009185 2.206160
0.782708 0.020244 0.018226 0.009629 0.000652 0.159346 0.009194 2.208167
0.782692 0.020289 0.018225 0.009611 0.000650 0.159329 0.009204 2.210118
0.782708 0.020225 0.018179 0.009639 0.000643 0.159391 0.009215 2.212140
0.782675 0.020229 0.018204 0.009630 0.000649 0.159392 0.009220 2.214109
0.782682 0.020250 0.018190 0.009647 0.000656 0.159350 0.009225 2.216103
0.782668 0.020244 0.018204 0.009610 0.000665 0.159377 0.009232 2.218120
0.782683 0.020301 0.018240 0.009595 0.000659 0.159281 0.009243 2.220085
0.782716 0.020346 0.018202 0.009574 0.000660 0.159252 0.009249 2.222001
0.782688 0.020423 0.018165 0.009569 0.000659 0.159237 0.009261 2.223959
0.782754 0.020339 0.018180 0.009591 0.000666 0.159203 0.009267 2.226004
0.782818 0.020309 0.018230 0.009593 0.000655 0.159119 0.009276 2.228014
0.782818 0.020285 0.018221 0.009613 0.000657 0.159124 0.009283 2.230041
0.782756 0.020305 0.018204 0.009633 0.000648 0.159161 0.009294 2.232052
0.782755 0.020287 0.018228 0.009610 0.000638 0.159179 0.009303 2.234070
0.782792 0.020182 0.018285 0.009631 0.000630 0.159170 0.009312 2.236089
0.782807 0.020230 0.018254 0.009603 0.000625 0.159162 0.009320 2.238008
0.782815 0.020240 0.018209 0.009594 0.000628 0.159186 0.009328 2.239984
0.782815 0.020238 0.018228 0.009570 0.000635 0.159175 0.009339 2.241975
0.782793 0.020226 0.018266 0.009597 0.000640 0.159132 0.009347 2.243986
0.782855 0.020206 0.018278 0.009593 0.000642 0.159067 0.009359 2.245965
0.782905 0.020236 0.018201 0.009577 0.000648 0.159068 0.009365 2.247911
0.782945 0.020268 0.018206 0.009564 0.000644 0.159001 0.009373 2.249878
0.783038 0.020241 0.018177 0.009592 0.000644 0.158931 0.009378 2.251860
0.783045 0.020253 0.018183 0.009621 0.000645 0.158869 0.009384 2.253856
0.783135 0.020155 0.018197 0.009650 0.000646 0.158826 0.009391 2.255899
0.783170 0.020149 0.018160 0.009646 0.000640 0.158833 0.009401 2.257850
0.783188 0.020175 0.018132 0.009622 0.000643 0.158828 0.009413 2.259836
0.783159 0.020206 0.018091 0.009642 0.000638 0.158844 0.009420 2.261809
0.783215 0.020208 0.018084 0.009608 0.000638 0.158822 0.009426 2.263765
0.783151 0.020243 0.018089 0.009633 0.000636 0.158817 0.009431 2.265765
0.783082 0.020215 0.018118 0.009661 0.000636 0.158847 0.009442 2.267792
0.783068 0.020191 0.018140 0.009654 0.000644 0.158857 0.009448 2.269781
0.783011 0.020175 0.018218 0.009632 0.000644 0.158865 0.009456 2.271806
0.782963 0.020217 0.018290 0.009624 0.000641 0.158801 0.009466 2.273824
0.782938 0.020294 0.018259 0.009638 0.000648 0.158751 0.009472 2.275782
0.782849 0.020291 0.018363 0.009634 0.000656 0.158726 0.009482 2.277843
0.782836 0.020327 0.018345 0.009618 0.000653 0.158733 0.009488 2.279822
0.782900 0.020302 0.018272 0.009628 0.000645 0.158758 0.009496 2.281799
0.782835 0.020374 0.018285 0.009661 0.000647 0.158698 0.009501 2.283798
0.782816 0.020392 0.018271 0.009689 0.000646 0.158679 0.009508 2.285780
0.782793 0.020405 0.018245 0.009711 0.000645 0.158683 0.009519 2.287794
0.782678 0.020460 0.018260 0.009676 0.000651 0.158750 0.009526 2.289793
0.782611 0.020513 0.018246 0.009688 0.000644 0.158763 0.009536 2.291790
0.782628 0.020499 0.018268 0.009669 0.000641 0.158751 0.009546 2.293787
0.782626 0.020499 0.018276 0.009658 0.000639 0.158746 0.009557 2.295763
0.782519 0.020522 0.018244 0.009676 0.000640 0.158833 0.009568 2.297785
0.782440 0.020524 0.018256 0.009646 0.000638 0.158918 0.009578 2.299795
0.782453 0.020476 0.018230 0.009672 0.000637 0.158947 0.009586 2.301797
0.782466 0.020471 0.018277 0.009654 0.000639 0.158901 0.009594 2.303781
0.782431 0.020464 0.018335 0.009665 0.000632 0.158872 0.009603 2.305814
0.782387 0.020422 0.018347 0.009700 0.000638 0.158895 0.009611 2.307851
0.782480 0.020427 0.018317 0.009724 0.000641 0.158791 0.009621 2.309805
0.782481 0.020438 0.018283 0.009719 0.000638 0.158812 0.009628 2.311799
0.782579 0.020358 0.018266 0.009682 0.000650 0.158832 0.009634 2.313786
0.782541 0.020386 0.018240 0.009683 0.000646 0.158859 0.009644 2.315759
0.782624 0.020325 0.018265 0.009692 0.000643 0.158801 0.009651 2.317772
0.782632 0.020337 0.018255 0.009688 0.000641 0.158789 0.009658 2.319740
0.782569 0.020370 0.018267 0.009703 0.000645 0.158782 0.009664 2.321742
0.782610 0.020346 0.018283 0.009702 0.000644 0.158738 0.009676 2.323740
0.782669 0.020289 0.018305 0.009720 0.000648 0.158686 0.009683 2.325731
0.782710 0.020229 0.018307 0.009760 0.000648 0.158656 0.009690 2.327738
0.782656 0.020247 0.018343 0.009749 0.000643 0.158668 0.009695 2.329744
0.782740 0.020194 0.018344 0.009765 0.000650 0.158606 0.009703 2.331748
0.782742 0.020176 0.018317 0.009778 0.000646 0.158631 0.009710 2.333738
0.782736 0.020188 0.018319 0.009793 0.000645 0.158603 0.009717 2.335732
0.782819 0.020108 0.018315 0.009789 0.000637 0.158608 0.009724 2.337721
0.782812 0.020173 0.018281 0.009758 0.000634 0.158608 0.009734 2.339686
0.782772 0.020141 0.018290 0.009751 0.000635 0.158672 0.009741 2.341708
0.782804 0.020142 0.018240 0.009728 0.000634 0.158704 0.009749 2.343654
0.782796 0.020158 0.018207 0.009733 0.000632 0.158721 0.009753 2.345643
0.782921 0.020161 0.018148 0.009711 0.000630 0.158669 0.009761 2.347572
0.782845 0.020169 0.018130 0.009689 0.000633 0.158767 0.009768 2.349595
0.782802 0.020206 0.018123 0.009693 0.000636 0.158765 0.009776 2.351553
0.782754 0.020229 0.018091 0.009669 0.000635 0.158840 0.009783 2.353494
0.782811 0.020222 0.018053 0.009652 0.000632 0.158839 0.009791 2.355419
0.782845 0.020165 0.018074 0.009643 0.000631 0.158845 0.009798 2.357430
0.782849 0.020096 0.018123 0.009635 0.000627 0.158862 0.009807 2.359460
0.782853 0.020118 0.018081 0.009644 0.000621 0.158868 0.009816 2.361424
0.782919 0.020141 0.018049 0.009659 0.000624 0.158786 0.009822 2.363381
0.782865 0.020098 0.018105 0.009652 0.000618 0.158832 0.009832 2.365401
0.782873 0.020091 0.018066 0.009653 0.000610 0.158865 0.009843 2.367368
0.782907 0.020097 0.017994 0.009666 0.000608 0.158878 0.009851 2.369288
0.782882 0.020072 0.018031 0.009655 0.000609 0.158897 0.009855 2.371273
0.782934 0.020086 0.018060 0.009655 0.000610 0.158794 0.009862 2.373215
0.782966 0.020067 0.018048 0.009659 0.000610 0.158780 0.009871 2.375210
0.782948 0.020055 0.018030 0.009626 0.000619 0.158844 0.009878 2.377173
0.782842 0.020113 0.018014 0.009634 0.000617 0.158891 0.009888 2.379189
0.782910 0.020033 0.017996 0.009625 0.000615 0.158925 0.009896 2.381165
0.782953 0.020020 0.018007 0.009639 0.000613 0.158862 0.009905 2.383132
0.783020 0.020060 0.017984 0.009614 0.000617 0.158793 0.009913 2.385054
0.783002 0.020072 0.017947 0.009621 0.000617 0.158824 0.009918 2.387003
0.783064 0.020002 0.017976 0.009608 0.000621 0.158807 0.009923 2.388994
0.783020 0.020017 0.017980 0.009636 0.000623 0.158793 0.009930 2.390973
0.783008 0.020048 0.017947 0.009611 0.000629 0.158820 0.009937 2.392914
0.783089 0.020011 0.017911 0.009636 0.000627 0.158782 0.009943 2.394905
0.783122 0.020018 0.017903 0.009609 0.000629 0.158768 0.009951 2.396853
0.783140 0.020053 0.017945 0.009586 0.000623 0.158689 0.009963 2.398784
0.783112 0.020099 0.017948 0.009603 0.000609 0.158652 0.009976 2.400724
0.783144 0.020136 0.017917 0.009609 0.000612 0.158600 0.009983 2.402653
0.783173 0.020108 0.017916 0.009612 0.000619 0.158581 0.009992 2.404628
0.783197 0.020117 0.017917 0.009588 0.000613 0.158567 0.010001 2.406574
0.783275 0.020050 0.017927 0.009557 0.000609 0.158575 0.010007 2.408562
0.783377 0.019944 0.017961 0.009569 0.000609 0.158524 0.010016 2.410601
0.783322 0.019904 0.017994 0.009560 0.000605 0.158592 0.010023 2.412598
0.783428 0.019897 0.017988 0.009554 0.000614 0.158487 0.010032 2.414527
0.783377 0.020008 0.017938 0.009562 0.000610 0.158464 0.010043 2.416416
0.783331 0.020121 0.017874 0.009512 0.000611 0.158500 0.010051 2.418302
0.783390 0.020047 0.017928 0.009487 0.000608 0.158477 0.010062 2.420305
0.783408 0.020035 0.017862 0.009505 0.000600 0.158515 0.010074 2.422242
0.783459 0.020069 0.017895 0.009486 0.000599 0.158409 0.010082 2.424181
0.783500 0.020014 0.017942 0.009470 0.000604 0.158381 0.010090 2.426174
0.783492 0.019933 0.017952 0.009497 0.000604 0.158425 0.010097 2.428191
0.783549 0.019932 0.017947 0.009486 0.000606 0.158373 0.010106 2.430125
0.783579 0.019970 0.017906 0.009485 0.000608 0.158340 0.010111 2.432076
0.783600 0.019957 0.017894 0.009475 0.000617 0.158338 0.010118 2.434035
0.783649 0.019940 0.017845 0.009461 0.000617 0.158361 0.010126 2.435968
0.783674 0.019976 0.017895 0.009460 0.000612 0.158247 0.010136 2.437899
0.783725 0.019982 0.017852 0.009446 0.000613 0.158241 0.010141 2.439840
0.783742 0.019918 0.017880 0.009491 0.000605 0.158210 0.010154 2.441865
0.783777 0.019919 0.017886 0.009469 0.000608 0.158176 0.010164 2.443837
0.783715 0.019959 0.017898 0.009465 0.000605 0.158183 0.010175 2.445803
0.783638 0.020085 0.017893 0.009406 0.000613 0.158182 0.010182 2.447690
0.783729 0.020063 0.017915 0.009352 0.000613 0.158139 0.010189 2.449632
0.783743 0.020037 0.017864 0.009393 0.000612 0.158154 0.010199 2.451631
0.783744 0.019977 0.017892 0.009426 0.000611 0.158142 0.010208 2.453650
0.783753 0.019987 0.017866 0.009427 0.000616 0.158134 0.010217 2.455622
0.783815 0.019978 0.017847 0.009438 0.000616 0.158081 0.010226 2.457575
0.783816 0.020012 0.017904 0.009450 0.000611 0.157972 0.010235 2.459547
0.783840 0.020040 0.017907 0.009471 0.000609 0.157890 0.010241 2.461505
0.783948 0.020017 0.017896 0.009457 0.000620 0.157816 0.010246 2.463449
0.783977 0.020002 0.017909 0.009448 0.000623 0.157787 0.010254 2.465396
0.783960 0.020013 0.017916 0.009428 0.000616 0.157803 0.010264 2.467349
0.783983 0.019992 0.017952 0.009426 0.000617 0.157759 0.010271 2.469355
0.783952 0.019984 0.017988 0.009475 0.000621 0.157703 0.010278 2.471340
0.783938 0.020012 0.017978 0.009469 0.000626 0.157691 0.010285 2.473318
0.783972 0.020036 0.017984 0.009426 0.000626 0.157661 0.010295 2.475271
0.783981 0.020044 0.017923 0.009434 0.000627 0.157686 0.010305 2.477210
0.783914 0.020058 0.017961 0.009443 0.000634 0.157676 0.010313 2.479192
0.784006 0.019984 0.017981 0.009486 0.000631 0.157588 0.010325 2.481169
0.783983 0.020072 0.017942 0.009456 0.000633 0.157584 0.010331 2.483063
0.783959 0.020068 0.017955 0.009478 0.000632 0.157567 0.010340 2.485033
0.783879 0.020122 0.017926 0.009492 0.000639 0.157595 0.010347 2.486981
0.783847 0.020179 0.017916 0.009483 0.000635 0.157585 0.010355 2.488889
0.783801 0.020196 0.017945 0.009506 0.000625 0.157568 0.010361 2.490848
0.783820 0.020211 0.017942 0.009491 0.000627 0.157542 0.010368 2.492825
0.783847 0.020224 0.017971 0.009502 0.000633 0.157449 0.010375 2.494805
0.783807 0.020284 0.017959 0.009517 0.000625 0.157425 0.010384 2.496782
0.783819 0.020266 0.018008 0.009522 0.000624 0.157370 0.010391 2.498760
0.783804 0.020246 0.018016 0.009562 0.000625 0.157346 0.010401 2.500726
0.783860 0.020194 0.017978 0.009584 0.000623 0.157355 0.010408 2.502692
0.783903 0.020135 0.018004 0.009635 0.000618 0.157289 0.010417 2.504711
0.783911 0.020099 0.017976 0.009635 0.000623 0.157334 0.010423 2.506668
0.783874 0.020139 0.017986 0.009581 0.000622 0.157365 0.010432 2.508621
0.783855 0.020221 0.017972 0.009562 0.000617 0.157335 0.010438 2.510554
0.783836 0.020259 0.017954 0.009565 0.000615 0.157324 0.010447 2.512507
0.783858 0.020209 0.018029 0.009575 0.000621 0.157258 0.010451 2.514516
0.783936 0.020124 0.018004 0.009571 0.000623 0.157284 0.010459 2.516501
0.783927 0.020123 0.017986 0.009591 0.000618 0.157290 0.010466 2.518495
0.783902 0.020071 0.018013 0.009612 0.000624 0.157304 0.010474 2.520527
0.783910 0.020073 0.017984 0.009601 0.000627 0.157322 0.010483 2.522455
0.783990 0.020014 0.018018 0.009618 0.000630 0.157241 0.010489 2.524427
0.784024 0.019990 0.018029 0.009634 0.000628 0.157198 0.010497 2.526428
0.784028 0.019959 0.018101 0.009668 0.000638 0.157102 0.010503 2.528454
0.783985 0.019976 0.018036 0.009664 0.000645 0.157184 0.010510 2.530397
0.783962 0.020003 0.018042 0.009608 0.000648 0.157221 0.010518 2.532359
0.783976 0.020038 0.018012 0.009595 0.000652 0.157203 0.010524 2.534298
0.783949 0.020072 0.017976 0.009588 0.000653 0.157227 0.010536 2.536222
0.783921 0.020109 0.017954 0.009573 0.000661 0.157241 0.010542 2.538181
0.783938 0.020101 0.017950 0.009593 0.000660 0.157205 0.010553 2.540157
0.783984 0.020142 0.017924 0.009534 0.000672 0.157188 0.010556 2.542061
0.783959 0.020095 0.017949 0.009589 0.000670 0.157176 0.010562 2.544057
0.783956 0.020074 0.017961 0.009602 0.000665 0.157169 0.010574 2.546035
0.784025 0.019989 0.017961 0.009624 0.000662 0.157154 0.010585 2.548036
0.784044 0.019980 0.017951 0.009590 0.000652 0.157186 0.010596 2.549975
0.784093 0.019911 0.017961 0.009578 0.000652 0.157195 0.010610 2.551938
0.784244 0.019834 0.017950 0.009582 0.000653 0.157121 0.010616 2.553862
0.784345 0.019823 0.017953 0.009543 0.000650 0.157059 0.010627 2.555771
0.784392 0.019812 0.017965 0.009526 0.000664 0.157010 0.010632 2.557715
0.784313 0.019803 0.017942 0.009578 0.000662 0.157064 0.010638 2.559690
0.784283 0.019860 0.017882 0.009546 0.000662 0.157119 0.010649 2.561607
0.784360 0.019867 0.017918 0.009484 0.000662 0.157053 0.010656 2.563526
0.784368 0.019914 0.017911 0.009516 0.000663 0.156965 0.010663 2.565469
0.784394 0.019897 0.017880 0.009516 0.000666 0.156978 0.010671 2.567406
0.784503 0.019810 0.017899 0.009524 0.000661 0.156922 0.010682 2.569352
0.784526 0.019816 0.017881 0.009515 0.000656 0.156917 0.010690 2.571295
0.784543 0.019823 0.017908 0.009507 0.000660 0.156863 0.010696 2.573230
0.784550 0.019805 0.017902 0.009510 0.000661 0.156870 0.010704 2.575205
0.784625 0.019836 0.017833 0.009466 0.000653 0.156872 0.010715 2.577102
0.784579 0.019880 0.017780 0.009473 0.000653 0.156913 0.010721 2.579042
0.784633 0.019870 0.017790 0.009494 0.000651 0.156831 0.010731 2.580991
0.784586 0.019936 0.017726 0.009492 0.000652 0.156867 0.010743 2.582919
0.784618 0.019917 0.017743 0.009492 0.000653 0.156830 0.010747 2.584896
0.784545 0.019974 0.017772 0.009459 0.000654 0.156838 0.010757 2.586853
0.784503 0.020029 0.017787 0.009415 0.000654 0.156846 0.010767 2.588785
0.784507 0.020051 0.017810 0.009429 0.000661 0.156768 0.010775 2.590733
0.784490 0.020035 0.017797 0.009446 0.000660 0.156789 0.010783 2.592704
0.784544 0.019979 0.017842 0.009471 0.000658 0.156716 0.010790 2.594697
0.784548 0.020054 0.017829 0.009430 0.000655 0.156688 0.010797 2.596597
0.784550 0.020048 0.017800 0.009441 0.000655 0.156702 0.010805 2.598576
0.784571 0.020063 0.017807 0.009451 0.000654 0.156645 0.010811 2.600527
0.784471 0.020161 0.017758 0.009500 0.000653 0.156639 0.010820 2.602466
0.784467 0.020125 0.017772 0.009483 0.000642 0.156685 0.010828 2.604458
0.784396 0.020192 0.017787 0.009500 0.000640 0.156652 0.010835 2.606421
0.784359 0.020198 0.017825 0.009511 0.000644 0.156621 0.010843 2.608438
0.784305 0.020249 0.017851 0.009502 0.000649 0.156591 0.010853 2.610409
0.784356 0.020210 0.017886 0.009534 0.000640 0.156515 0.010860 2.612432
0.784299 0.020239 0.017917 0.009537 0.000635 0.156505 0.010868 2.614391
0.784306 0.020249 0.017930 0.009507 0.000634 0.156499 0.010875 2.616348
