0.348369 0.062007 0.055602 0.032078 0.002089 0.493829 0.006027 1.619345
0.350924 0.059569 0.055484 0.031944 0.002093 0.493930 0.006056 1.625357
0.354334 0.056591 0.055323 0.031643 0.002091 0.493937 0.006082 1.631064
0.358349 0.053519 0.054804 0.031234 0.002086 0.493888 0.006120 1.636328
0.362721 0.050190 0.054375 0.030771 0.002062 0.493735 0.006146 1.641526
0.367300 0.047081 0.053616 0.030226 0.002059 0.493549 0.006170 1.646292
0.371937 0.044021 0.052872 0.029586 0.002055 0.493334 0.006195 1.650790
0.376863 0.041227 0.051865 0.028811 0.002082 0.492937 0.006215 1.654911
0.381799 0.038559 0.050747 0.028081 0.002081 0.492490 0.006244 1.658780
0.386912 0.035944 0.049547 0.027375 0.002073 0.491876 0.006273 1.662476
0.392058 0.033578 0.048323 0.026621 0.002044 0.491066 0.006309 1.665874
0.397213 0.031359 0.047007 0.025818 0.002036 0.490230 0.006336 1.669053
0.402384 0.029289 0.045719 0.025004 0.002019 0.489223 0.006362 1.672044
0.407650 0.027357 0.044413 0.024160 0.002000 0.488033 0.006387 1.674841
0.412976 0.025576 0.042988 0.023355 0.001984 0.486711 0.006410 1.677405
0.418274 0.023935 0.041588 0.022504 0.001971 0.485292 0.006436 1.679792
0.423588 0.022360 0.040153 0.021682 0.001951 0.483808 0.006459 1.682074
0.428889 0.020913 0.038709 0.020821 0.001925 0.482255 0.006489 1.684177
0.434255 0.019574 0.037262 0.020075 0.001901 0.480422 0.006511 1.686151
0.439693 0.018359 0.035805 0.019320 0.001886 0.478402 0.006534 1.687986
0.445075 0.017199 0.034504 0.018533 0.001858 0.476270 0.006563 1.689745
0.450515 0.016157 0.033180 0.017795 0.001829 0.473942 0.006582 1.691362
0.455899 0.015094 0.031946 0.017067 0.001811 0.471582 0.006602 1.692949
0.461267 0.014156 0.030647 0.016332 0.001790 0.469187 0.006621 1.694379
0.466668 0.013317 0.029377 0.015609 0.001781 0.466602 0.006646 1.695707
0.472029 0.012491 0.028176 0.014959 0.001758 0.463923 0.006664 1.697022
0.477334 0.011739 0.027024 0.014310 0.001734 0.461171 0.006688 1.698218
0.482731 0.011006 0.025911 0.013662 0.001712 0.458268 0.006711 1.699379
0.488031 0.010320 0.024856 0.013082 0.001693 0.455285 0.006734 1.700488
0.493388 0.009761 0.023763 0.012514 0.001667 0.452146 0.006760 1.701448
0.498632 0.009195 0.022760 0.011933 0.001640 0.449059 0.006782 1.702392
0.503792 0.008668 0.021795 0.011342 0.001600 0.446004 0.006801 1.703290
0.509005 0.008201 0.020811 0.010820 0.001580 0.442763 0.006819 1.704116
0.514078 0.007773 0.019925 0.010341 0.001559 0.439487 0.006837 1.704901
0.519186 0.007356 0.019028 0.009850 0.001528 0.436195 0.006857 1.705638
0.524293 0.006976 0.018159 0.009382 0.001499 0.432819 0.006873 1.706334
0.529446 0.006630 0.017316 0.008917 0.001479 0.429322 0.006890 1.706986
0.534484 0.006300 0.016490 0.008518 0.001440 0.425858 0.006910 1.707617
0.539476 0.005981 0.015725 0.008112 0.001417 0.422366 0.006923 1.708219
0.544464 0.005660 0.015043 0.007717 0.001385 0.418783 0.006948 1.708797
0.549402 0.005394 0.014355 0.007373 0.001352 0.415153 0.006971 1.709343
0.554260 0.005144 0.013720 0.006996 0.001325 0.411560 0.006995 1.709851
0.559098 0.004904 0.013132 0.006625 0.001298 0.407934 0.007010 1.710348
0.563952 0.004663 0.012527 0.006333 0.001267 0.404236 0.007023 1.710816
0.568826 0.004462 0.011934 0.006041 0.001236 0.400463 0.007038 1.711256
0.573610 0.004277 0.011401 0.005778 0.001207 0.396677 0.007051 1.711680
0.578328 0.004075 0.010875 0.005521 0.001178 0.392957 0.007066 1.712090
0.582997 0.003922 0.010370 0.005234 0.001143 0.389249 0.007085 1.712460
0.587604 0.003754 0.009856 0.004974 0.001113 0.385596 0.007103 1.712828
0.592258 0.003621 0.009375 0.004723 0.001086 0.381818 0.007119 1.713156
0.596742 0.003444 0.008953 0.004515 0.001050 0.378154 0.007141 1.713513
0.601172 0.003312 0.008539 0.004280 0.001013 0.374530 0.007154 1.713839
0.605596 0.003219 0.008167 0.004098 0.000994 0.370762 0.007165 1.714134
0.609976 0.003111 0.007803 0.003897 0.000964 0.367069 0.007181 1.714431
0.614436 0.002990 0.007447 0.003734 0.000939 0.363257 0.007196 1.714721
0.618674 0.002857 0.007131 0.003579 0.000908 0.359643 0.007208 1.715005
0.622997 0.002737 0.006783 0.003425 0.000878 0.355959 0.007222 1.715273
0.627322 0.002639 0.006493 0.003283 0.000859 0.352172 0.007233 1.715527
0.631521 0.002539 0.006191 0.003133 0.000833 0.348540 0.007244 1.715774
0.635736 0.002454 0.005915 0.003003 0.000808 0.344831 0.007252 1.716014
0.639859 0.002351 0.005656 0.002868 0.000787 0.341216 0.007263 1.716255
0.643941 0.002234 0.005411 0.002755 0.000760 0.337624 0.007275 1.716501
0.647949 0.002151 0.005149 0.002635 0.000737 0.334093 0.007286 1.716718
0.651997 0.002071 0.004910 0.002509 0.000719 0.330503 0.007293 1.716932
0.655972 0.001986 0.004723 0.002389 0.000699 0.326932 0.007300 1.717136
0.659946 0.001926 0.004509 0.002259 0.000670 0.323375 0.007315 1.717311
0.663880 0.001856 0.004327 0.002152 0.000658 0.319806 0.007322 1.717499
0.667708 0.001792 0.004145 0.002070 0.000637 0.316314 0.007335 1.717681
0.671568 0.001736 0.003958 0.001969 0.000621 0.312803 0.007346 1.717851
0.675266 0.001679 0.003792 0.001883 0.000601 0.309426 0.007354 1.718018
0.678950 0.001610 0.003651 0.001817 0.000588 0.306026 0.007358 1.718190
0.682690 0.001556 0.003525 0.001715 0.000565 0.302581 0.007370 1.718344
0.686410 0.001523 0.003371 0.001656 0.000548 0.299113 0.007379 1.718497
0.690075 0.001457 0.003247 0.001588 0.000533 0.295715 0.007386 1.718646
0.693655 0.001406 0.003124 0.001516 0.000518 0.292387 0.007396 1.718783
0.697166 0.001349 0.003008 0.001462 0.000500 0.289113 0.007403 1.718922
0.700659 0.001318 0.002899 0.001409 0.000484 0.285822 0.007411 1.719046
0.704154 0.001274 0.002780 0.001353 0.000470 0.282552 0.007417 1.719169
0.707612 0.001235 0.002660 0.001290 0.000459 0.279319 0.007425 1.719292
0.710953 0.001200 0.002549 0.001239 0.000444 0.276187 0.007431 1.719405
0.714274 0.001182 0.002431 0.001178 0.000432 0.273068 0.007435 1.719511
0.717604 0.001141 0.002343 0.001127 0.000414 0.269929 0.007443 1.719630
0.720899 0.001111 0.002269 0.001072 0.000400 0.266800 0.007451 1.719742
0.724072 0.001094 0.002169 0.001023 0.000383 0.263803 0.007457 1.719847
0.727265 0.001061 0.002089 0.000994 0.000375 0.260758 0.007461 1.719955
0.730498 0.001024 0.002011 0.000964 0.000362 0.257678 0.007465 1.720060
0.733678 0.001015 0.001946 0.000918 0.000351 0.254620 0.007472 1.720146
0.736755 0.000983 0.001882 0.000882 0.000341 0.251681 0.007477 1.720244
0.739763 0.000941 0.001826 0.000852 0.000331 0.248805 0.007482 1.720349
0.742755 0.000925 0.001756 0.000829 0.000320 0.245929 0.007487 1.720446
0.745776 0.000896 0.001681 0.000789 0.000310 0.243056 0.007493 1.720525
0.748722 0.000866 0.001614 0.000765 0.000303 0.240235 0.007496 1.720619
0.751645 0.000828 0.001571 0.000734 0.000290 0.237432 0.007502 1.720713
0.754532 0.000800 0.001524 0.000701 0.000282 0.234657 0.007505 1.720802
0.757376 0.000790 0.001453 0.000678 0.000277 0.231920 0.007507 1.720873
0.760220 0.000773 0.001411 0.000654 0.000265 0.229166 0.007511 1.720946
0.763051 0.000745 0.001377 0.000636 0.000258 0.226419 0.007516 1.721028
0.765889 0.000718 0.001329 0.000615 0.000252 0.223680 0.007518 1.721101
0.768577 0.000699 0.001279 0.000593 0.000246 0.221087 0.007521 1.721168
0.771323 0.000683 0.001236 0.000565 0.000235 0.218432 0.007526 1.721235
0.774010 0.000670 0.001190 0.000548 0.000227 0.215826 0.007530 1.721300
0.776623 0.000651 0.001151 0.000541 0.000219 0.213282 0.007534 1.721371
0.779208 0.000639 0.001117 0.000530 0.000210 0.210759 0.007538 1.721439
0.781812 0.000625 0.001078 0.000510 0.000205 0.208230 0.007541 1.721499
0.784352 0.000606 0.001047 0.000502 0.000198 0.205753 0.007543 1.721562
0.786843 0.000597 0.001007 0.000483 0.000193 0.203334 0.007543 1.721615
0.789335 0.000572 0.000973 0.000468 0.000188 0.200917 0.007547 1.721676
0.791833 0.000556 0.000944 0.000444 0.000184 0.198492 0.007549 1.721728
0.794315 0.000542 0.000906 0.000430 0.000175 0.196079 0.007554 1.721785
0.796725 0.000538 0.000874 0.000421 0.000170 0.193716 0.007557 1.721836
0.799053 0.000540 0.000835 0.000409 0.000163 0.191443 0.007559 1.721882
0.801396 0.000527 0.000810 0.000396 0.000159 0.189152 0.007561 1.721934
0.803702 0.000522 0.000790 0.000380 0.000153 0.186889 0.007564 1.721981
0.805957 0.000506 0.000764 0.000372 0.000149 0.184686 0.007566 1.722034
0.808229 0.000483 0.000747 0.000360 0.000144 0.182471 0.007567 1.722093
0.810427 0.000481 0.000727 0.000349 0.000141 0.180307 0.007569 1.722134
0.812620 0.000473 0.000706 0.000341 0.000135 0.178154 0.007571 1.722177
0.814796 0.000457 0.000693 0.000334 0.000130 0.176014 0.007576 1.722224
0.816967 0.000441 0.000674 0.000329 0.000130 0.173884 0.007577 1.722272
0.819082 0.000428 0.000664 0.000322 0.000126 0.171799 0.007579 1.722318
0.821166 0.000412 0.000645 0.000316 0.000122 0.169759 0.007580 1.722365
0.823255 0.000403 0.000630 0.000308 0.000119 0.167704 0.007583 1.722409
0.825312 0.000404 0.000610 0.000302 0.000115 0.165672 0.007585 1.722444
0.827400 0.000398 0.000592 0.000294 0.000112 0.163618 0.007586 1.722484
0.829407 0.000385 0.000577 0.000289 0.000110 0.161646 0.007586 1.722523
0.831397 0.000381 0.000552 0.000280 0.000105 0.159697 0.007588 1.722556
0.833357 0.000371 0.000535 0.000279 0.000102 0.157766 0.007591 1.722597
0.835235 0.000376 0.000515 0.000268 0.000099 0.155915 0.007593 1.722627
0.837186 0.000366 0.000500 0.000261 0.000096 0.153997 0.007595 1.722666
0.839010 0.000360 0.000488 0.000253 0.000090 0.152201 0.007598 1.722700
0.840839 0.000347 0.000483 0.000245 0.000085 0.150402 0.007599 1.722739
0.842671 0.000353 0.000466 0.000238 0.000084 0.148588 0.007600 1.722770
0.844498 0.000346 0.000454 0.000232 0.000082 0.146789 0.007600 1.722800
0.846294 0.000336 0.000443 0.000227 0.000079 0.145018 0.007603 1.722836
0.848061 0.000334 0.000433 0.000222 0.000079 0.143268 0.007603 1.722867
0.849742 0.000332 0.000429 0.000221 0.000076 0.141597 0.007604 1.722898
0.851513 0.000320 0.000419 0.000213 0.000071 0.139859 0.007606 1.722932
0.853209 0.000309 0.000412 0.000209 0.000070 0.138187 0.007606 1.722966
0.854843 0.000310 0.000405 0.000207 0.000069 0.136561 0.007607 1.722992
0.856480 0.000306 0.000399 0.000202 0.000067 0.134939 0.007607 1.723023
0.858085 0.000289 0.000403 0.000202 0.000064 0.133349 0.007608 1.723060
0.859629 0.000289 0.000389 0.000200 0.000063 0.131823 0.007608 1.723085
0.861181 0.000286 0.000367 0.000198 0.000062 0.130298 0.007608 1.723108
0.862683 0.000278 0.000364 0.000197 0.000060 0.128808 0.007610 1.723139
0.864138 0.000281 0.000359 0.000194 0.000058 0.127359 0.007611 1.723162
0.865594 0.000275 0.000353 0.000186 0.000056 0.125924 0.007613 1.723191
0.867023 0.000274 0.000343 0.000179 0.000055 0.124513 0.007614 1.723216
0.868449 0.000271 0.000335 0.000179 0.000055 0.123099 0.007614 1.723243
0.869819 0.000264 0.000337 0.000176 0.000052 0.121736 0.007615 1.723271
0.871133 0.000261 0.000327 0.000175 0.000049 0.120440 0.007616 1.723300
0.872462 0.000260 0.000314 0.000173 0.000048 0.119125 0.007617 1.723317
0.873778 0.000254 0.000310 0.000173 0.000046 0.117821 0.007619 1.723344
0.875026 0.000245 0.000308 0.000166 0.000045 0.116590 0.007620 1.723371
0.876264 0.000235 0.000299 0.000164 0.000045 0.115372 0.007620 1.723396
0.877505 0.000237 0.000291 0.000160 0.000045 0.114142 0.007620 1.723415
0.878630 0.000233 0.000290 0.000154 0.000044 0.113029 0.007621 1.723440
0.879787 0.000227 0.000289 0.000151 0.000043 0.111881 0.007622 1.723469
0.880916 0.000228 0.000278 0.000145 0.000042 0.110769 0.007622 1.723486
0.882030 0.000224 0.000276 0.000138 0.000040 0.109669 0.007623 1.723511
0.883121 0.000220 0.000266 0.000139 0.000037 0.108595 0.007624 1.723531
0.884243 0.000225 0.000260 0.000136 0.000036 0.107477 0.007624 1.723552
0.885299 0.000208 0.000263 0.000137 0.000036 0.106432 0.007624 1.723584
0.886318 0.000199 0.000264 0.000137 0.000036 0.105424 0.007624 1.723610
0.887364 0.000192 0.000255 0.000131 0.000037 0.104397 0.007624 1.723627
0.888396 0.000188 0.000253 0.000127 0.000035 0.103377 0.007624 1.723649
0.889380 0.000182 0.000251 0.000122 0.000034 0.102406 0.007625 1.723670
0.890358 0.000186 0.000243 0.000119 0.000033 0.101436 0.007625 1.723686
0.891323 0.000191 0.000235 0.000120 0.000033 0.100473 0.007626 1.723701
0.892301 0.000183 0.000232 0.000117 0.000032 0.099508 0.007627 1.723719
0.893218 0.000183 0.000233 0.000115 0.000030 0.098595 0.007627 1.723738
0.894143 0.000175 0.000226 0.000110 0.000030 0.097688 0.007628 1.723756
0.895022 0.000177 0.000220 0.000108 0.000030 0.096817 0.007628 1.723772
0.895843 0.000177 0.000210 0.000107 0.000028 0.096006 0.007629 1.723788
0.896690 0.000173 0.000209 0.000108 0.000028 0.095163 0.007629 1.723806
0.897493 0.000172 0.000201 0.000105 0.000027 0.094372 0.007630 1.723820
0.898304 0.000168 0.000192 0.000102 0.000027 0.093577 0.007630 1.723835
0.899080 0.000162 0.000195 0.000101 0.000026 0.092807 0.007630 1.723852
0.899826 0.000163 0.000190 0.000099 0.000025 0.092067 0.007630 1.723867
0.900567 0.000152 0.000185 0.000098 0.000025 0.091343 0.007630 1.723884
0.901279 0.000150 0.000179 0.000099 0.000024 0.090638 0.007631 1.723896
0.901936 0.000152 0.000171 0.000098 0.000023 0.089988 0.007632 1.723910
0.902569 0.000148 0.000165 0.000098 0.000022 0.089366 0.007633 1.723924
0.903183 0.000147 0.000163 0.000096 0.000022 0.088756 0.007633 1.723938
0.903795 0.000142 0.000162 0.000090 0.000024 0.088154 0.007634 1.723953
0.904412 0.000134 0.000162 0.000092 0.000022 0.087545 0.007634 1.723969
0.904992 0.000135 0.000154 0.000089 0.000021 0.086974 0.007634 1.723979
0.905553 0.000131 0.000153 0.000088 0.000020 0.086420 0.007634 1.723993
0.906087 0.000130 0.000149 0.000089 0.000019 0.085890 0.007635 1.724007
0.906607 0.000128 0.000148 0.000086 0.000019 0.085377 0.007635 1.724018
0.907103 0.000124 0.000146 0.000085 0.000021 0.084887 0.007635 1.724033
0.907594 0.000124 0.000141 0.000083 0.000020 0.084403 0.007635 1.724046
0.908093 0.000115 0.000142 0.000078 0.000019 0.083917 0.007636 1.724060
0.908548 0.000119 0.000134 0.000078 0.000019 0.083467 0.007636 1.724070
0.908997 0.000115 0.000134 0.000073 0.000018 0.083026 0.007636 1.724081
0.909439 0.000113 0.000134 0.000073 0.000018 0.082587 0.007636 1.724095
0.909884 0.000111 0.000128 0.000072 0.000017 0.082151 0.007636 1.724105
0.910312 0.000114 0.000122 0.000069 0.000016 0.081728 0.007637 1.724117
0.910736 0.000113 0.000120 0.000066 0.000016 0.081312 0.007637 1.724126
0.911150 0.000114 0.000116 0.000066 0.000016 0.080900 0.007637 1.724136
0.911558 0.000110 0.000118 0.000066 0.000016 0.080495 0.007637 1.724147
0.911972 0.000105 0.000122 0.000066 0.000016 0.080080 0.007637 1.724160
0.912348 0.000101 0.000119 0.000065 0.000015 0.079714 0.007638 1.724168
0.912724 0.000101 0.000120 0.000062 0.000015 0.079338 0.007638 1.724178
0.913097 0.000099 0.000121 0.000061 0.000014 0.078969 0.007639 1.724188
0.913456 0.000095 0.000119 0.000062 0.000014 0.078615 0.007639 1.724200
0.913807 0.000090 0.000122 0.000059 0.000014 0.078269 0.007639 1.724211
0.914149 0.000085 0.000118 0.000058 0.000013 0.077935 0.007639 1.724222
0.914509 0.000081 0.000120 0.000059 0.000013 0.077576 0.007640 1.724234
0.914847 0.000083 0.000114 0.000057 0.000012 0.077245 0.007640 1.724241
0.915200 0.000082 0.000115 0.000055 0.000012 0.076895 0.007641 1.724252
0.915535 0.000082 0.000115 0.000054 0.000012 0.076562 0.007641 1.724259
0.915836 0.000085 0.000113 0.000051 0.000011 0.076263 0.007641 1.724266
0.916144 0.000085 0.000108 0.000049 0.000010 0.075962 0.007642 1.724275
0.916454 0.000083 0.000105 0.000049 0.000010 0.075656 0.007642 1.724283
0.916772 0.000079 0.000100 0.000051 0.000010 0.075345 0.007643 1.724292
0.917071 0.000075 0.000101 0.000051 0.000009 0.075051 0.007643 1.724301
0.917351 0.000078 0.000099 0.000050 0.000008 0.074771 0.007643 1.724307
0.917599 0.000076 0.000097 0.000049 0.000008 0.074527 0.007644 1.724315
0.917868 0.000078 0.000091 0.000047 0.000008 0.074263 0.007644 1.724321
0.918126 0.000074 0.000091 0.000045 0.000008 0.074012 0.007644 1.724328
0.918385 0.000072 0.000087 0.000043 0.000008 0.073761 0.007644 1.724334
0.918610 0.000069 0.000086 0.000044 0.000009 0.073537 0.007644 1.724344
0.918876 0.000069 0.000084 0.000042 0.000009 0.073276 0.007644 1.724349
0.919115 0.000067 0.000083 0.000040 0.000009 0.073043 0.007644 1.724355
0.919318 0.000068 0.000080 0.000039 0.000008 0.072843 0.007644 1.724361
0.919515 0.000065 0.000081 0.000037 0.000008 0.072650 0.007644 1.724369
0.919716 0.000069 0.000078 0.000037 0.000008 0.072449 0.007644 1.724372
0.919929 0.000064 0.000081 0.000037 0.000007 0.072238 0.007644 1.724382
0.920146 0.000061 0.000083 0.000037 0.000007 0.072021 0.007644 1.724390
0.920339 0.000063 0.000080 0.000036 0.000007 0.071831 0.007644 1.724394
0.920517 0.000061 0.000078 0.000033 0.000007 0.071660 0.007644 1.724402
0.920690 0.000062 0.000076 0.000032 0.000007 0.071488 0.007644 1.724407
0.920878 0.000062 0.000076 0.000034 0.000007 0.071299 0.007644 1.724413
0.921047 0.000059 0.000076 0.000032 0.000007 0.071135 0.007644 1.724419
0.921194 0.000062 0.000071 0.000032 0.000007 0.070991 0.007644 1.724422
0.921359 0.000063 0.000066 0.000033 0.000007 0.070826 0.007644 1.724426
0.921511 0.000064 0.000065 0.000031 0.000007 0.070678 0.007644 1.724432
0.921658 0.000064 0.000065 0.000030 0.000007 0.070532 0.007644 1.724437
0.921792 0.000062 0.000064 0.000030 0.000006 0.070403 0.007644 1.724443
0.921929 0.000061 0.000063 0.000027 0.000006 0.070269 0.007644 1.724448
0.922060 0.000059 0.000061 0.000028 0.000006 0.070141 0.007644 1.724453
0.922169 0.000062 0.000063 0.000030 0.000007 0.070025 0.007644 1.724461
0.922297 0.000060 0.000063 0.000032 0.000007 0.069897 0.007644 1.724469
0.922416 0.000059 0.000062 0.000031 0.000007 0.069780 0.007645 1.724476
0.922528 0.000056 0.000063 0.000031 0.000006 0.069670 0.007645 1.724484
0.922645 0.000055 0.000063 0.000032 0.000006 0.069555 0.007645 1.724488
0.922750 0.000056 0.000063 0.000032 0.000006 0.069449 0.007645 1.724495
0.922862 0.000058 0.000064 0.000032 0.000005 0.069334 0.007645 1.724498
0.922966 0.000061 0.000063 0.000029 0.000005 0.069231 0.007645 1.724503
0.923069 0.000064 0.000063 0.000029 0.000005 0.069125 0.007645 1.724506
0.923169 0.000063 0.000061 0.000031 0.000005 0.069026 0.007645 1.724513
0.923276 0.000063 0.000058 0.000029 0.000005 0.068924 0.007645 1.724518
0.923371 0.000059 0.000060 0.000029 0.000005 0.068832 0.007645 1.724526
0.923479 0.000059 0.000058 0.000028 0.000005 0.068727 0.007645 1.724529
0.923576 0.000058 0.000058 0.000027 0.000005 0.068630 0.007645 1.724533
0.923667 0.000057 0.000057 0.000026 0.000005 0.068543 0.007645 1.724539
0.923754 0.000056 0.000061 0.000024 0.000005 0.068456 0.007645 1.724549
0.923828 0.000058 0.000059 0.000026 0.000004 0.068379 0.007646 1.724554
0.923909 0.000058 0.000061 0.000026 0.000004 0.068296 0.007646 1.724560
0.923984 0.000057 0.000059 0.000027 0.000004 0.068224 0.007646 1.724566
0.924064 0.000056 0.000059 0.000028 0.000004 0.068143 0.007646 1.724571
0.924145 0.000051 0.000058 0.000029 0.000004 0.068068 0.007646 1.724579
0.924218 0.000052 0.000058 0.000027 0.000004 0.067995 0.007646 1.724581
0.924282 0.000051 0.000058 0.000026 0.000005 0.067932 0.007646 1.724585
0.924346 0.000052 0.000057 0.000025 0.000004 0.067870 0.007646 1.724589
0.924410 0.000051 0.000058 0.000025 0.000004 0.067807 0.007646 1.724596
0.924480 0.000054 0.000055 0.000024 0.000004 0.067737 0.007646 1.724598
0.924533 0.000052 0.000055 0.000023 0.000004 0.067687 0.007646 1.724603
0.924593 0.000052 0.000056 0.000021 0.000004 0.067626 0.007646 1.724607
0.924656 0.000051 0.000055 0.000021 0.000003 0.067568 0.007646 1.724611
0.924718 0.000048 0.000057 0.000023 0.000003 0.067505 0.007646 1.724618
0.924769 0.000050 0.000053 0.000024 0.000003 0.067456 0.007646 1.724621
0.924812 0.000047 0.000053 0.000025 0.000004 0.067414 0.007646 1.724628
0.924872 0.000048 0.000052 0.000024 0.000004 0.067354 0.007646 1.724631
0.924935 0.000046 0.000050 0.000026 0.000003 0.067294 0.007647 1.724637
0.924992 0.000044 0.000050 0.000025 0.000003 0.067239 0.007647 1.724643
0.925039 0.000046 0.000048 0.000023 0.000003 0.067193 0.007647 1.724645
0.925080 0.000047 0.000044 0.000023 0.000003 0.067155 0.007647 1.724647
0.925122 0.000044 0.000048 0.000025 0.000003 0.067112 0.007647 1.724655
0.925160 0.000043 0.000048 0.000026 0.000003 0.067074 0.007647 1.724660
0.925198 0.000044 0.000052 0.000024 0.000003 0.067033 0.007647 1.724665
0.925239 0.000042 0.000051 0.000024 0.000003 0.066994 0.007647 1.724671
0.925285 0.000043 0.000049 0.000024 0.000003 0.066949 0.007647 1.724675
0.925326 0.000040 0.000048 0.000024 0.000003 0.066911 0.007647 1.724680
0.925367 0.000040 0.000049 0.000024 0.000003 0.066870 0.007647 1.724684
0.925412 0.000041 0.000048 0.000024 0.000003 0.066825 0.007647 1.724687
0.925449 0.000040 0.000049 0.000024 0.000003 0.066789 0.007647 1.724694
0.925489 0.000040 0.000051 0.000024 0.000003 0.066748 0.007647 1.724698
0.925529 0.000041 0.000051 0.000021 0.000003 0.066708 0.007647 1.724702
0.925570 0.000042 0.000047 0.000022 0.000004 0.066669 0.007647 1.724706
0.925608 0.000043 0.000045 0.000022 0.000004 0.066633 0.007647 1.724709
0.925642 0.000045 0.000043 0.000021 0.000004 0.066600 0.007647 1.724711
0.925683 0.000045 0.000042 0.000023 0.000004 0.066556 0.007647 1.724716
0.925716 0.000042 0.000046 0.000022 0.000003 0.066525 0.007647 1.724721
0.925747 0.000038 0.000046 0.000024 0.000003 0.066496 0.007647 1.724728
0.925784 0.000036 0.000046 0.000023 0.000003 0.066461 0.007647 1.724733
0.925813 0.000039 0.000043 0.000021 0.000003 0.066436 0.007647 1.724734
0.925851 0.000037 0.000043 0.000022 0.000003 0.066397 0.007647 1.724738
0.925881 0.000038 0.000045 0.000021 0.000003 0.066367 0.007647 1.724742
0.925903 0.000038 0.000044 0.000021 0.000003 0.066346 0.007647 1.724745
0.925929 0.000038 0.000041 0.000021 0.000003 0.066321 0.007647 1.724747
0.925956 0.000035 0.000041 0.000022 0.000003 0.066297 0.007647 1.724753
0.925987 0.000033 0.000044 0.000021 0.000004 0.066264 0.007647 1.724758
0.926018 0.000032 0.000043 0.000019 0.000003 0.066239 0.007647 1.724761
0.926043 0.000033 0.000042 0.000018 0.000004 0.066213 0.007647 1.724764
0.926065 0.000032 0.000039 0.000017 0.000004 0.066197 0.007647 1.724767
0.926090 0.000031 0.000040 0.000017 0.000003 0.066171 0.007647 1.724771
0.926119 0.000031 0.000040 0.000018 0.000003 0.066143 0.007647 1.724774
0.926139 0.000033 0.000040 0.000018 0.000003 0.066119 0.007647 1.724776
0.926164 0.000036 0.000039 0.000017 0.000003 0.066094 0.007647 1.724778
0.926191 0.000037 0.000037 0.000019 0.000003 0.066067 0.007647 1.724780
0.926208 0.000034 0.000040 0.000021 0.000003 0.066047 0.007647 1.724789
0.926226 0.000034 0.000039 0.000021 0.000003 0.066031 0.007647 1.724793
0.926246 0.000035 0.000036 0.000020 0.000003 0.066013 0.007647 1.724795
0.926268 0.000037 0.000037 0.000020 0.000003 0.065987 0.007647 1.724798
0.926288 0.000036 0.000037 0.000021 0.000003 0.065968 0.007647 1.724803
0.926313 0.000034 0.000039 0.000021 0.000004 0.065943 0.007647 1.724808
0.926335 0.000036 0.000037 0.000019 0.000004 0.065922 0.007647 1.724810
0.926354 0.000035 0.000037 0.000018 0.000003 0.065907 0.007647 1.724814
0.926372 0.000036 0.000037 0.000019 0.000003 0.065886 0.007647 1.724817
0.926386 0.000037 0.000036 0.000018 0.000003 0.065873 0.007648 1.724822
0.926405 0.000041 0.000036 0.000017 0.000003 0.065851 0.007648 1.724825
0.926424 0.000040 0.000033 0.000018 0.000003 0.065836 0.007648 1.724829
0.926441 0.000040 0.000032 0.000015 0.000003 0.065821 0.007648 1.724832
0.926456 0.000036 0.000031 0.000016 0.000003 0.065810 0.007648 1.724837
0.926474 0.000034 0.000033 0.000016 0.000003 0.065794 0.007648 1.724843
0.926490 0.000037 0.000033 0.000016 0.000003 0.065774 0.007648 1.724846
0.926507 0.000039 0.000032 0.000016 0.000003 0.065756 0.007648 1.724849
0.926524 0.000039 0.000034 0.000014 0.000003 0.065739 0.007648 1.724852
0.926542 0.000037 0.000036 0.000014 0.000003 0.065721 0.007648 1.724856
0.926561 0.000033 0.000036 0.000016 0.000003 0.065704 0.007648 1.724861
0.926579 0.000031 0.000037 0.000014 0.000003 0.065688 0.007648 1.724864
0.926596 0.000035 0.000036 0.000014 0.000003 0.065669 0.007648 1.724865
0.926607 0.000035 0.000036 0.000013 0.000003 0.065658 0.007648 1.724869
0.926622 0.000034 0.000035 0.000013 0.000003 0.065646 0.007648 1.724871
0.926641 0.000034 0.000034 0.000014 0.000003 0.065628 0.007648 1.724874
0.926652 0.000032 0.000034 0.000015 0.000003 0.065616 0.007648 1.724878
0.926673 0.000030 0.000034 0.000016 0.000003 0.065597 0.007648 1.724881
0.926687 0.000030 0.000030 0.000017 0.000003 0.065586 0.007648 1.724883
0.926701 0.000030 0.000031 0.000016 0.000002 0.065573 0.007648 1.724886
0.926709 0.000030 0.000030 0.000016 0.000002 0.065564 0.007648 1.724890
0.926725 0.000031 0.000032 0.000016 0.000002 0.065546 0.007648 1.724893
0.926741 0.000032 0.000032 0.000016 0.000002 0.065530 0.007648 1.724896
0.926756 0.000030 0.000035 0.000017 0.000002 0.065513 0.007648 1.724900
0.926770 0.000029 0.000035 0.000016 0.000002 0.065501 0.007648 1.724903
0.926787 0.000029 0.000033 0.000014 0.000002 0.065489 0.007648 1.724904
0.926801 0.000027 0.000033 0.000013 0.000002 0.065477 0.007648 1.724907
0.926812 0.000025 0.000034 0.000012 0.000002 0.065467 0.007648 1.724910
0.926824 0.000026 0.000030 0.000012 0.000002 0.065459 0.007648 1.724911
0.926834 0.000029 0.000029 0.000012 0.000002 0.065448 0.007648 1.724912
0.926846 0.000028 0.000027 0.000012 0.000001 0.065438 0.007648 1.724914
0.926854 0.000029 0.000027 0.000012 0.000001 0.065430 0.007648 1.724917
0.926864 0.000029 0.000026 0.000012 0.000001 0.065421 0.007648 1.724918
0.926869 0.000030 0.000024 0.000012 0.000001 0.065416 0.007648 1.724920
0.926877 0.000027 0.000023 0.000013 0.000001 0.065410 0.007648 1.724924
0.926886 0.000028 0.000024 0.000014 0.000001 0.065400 0.007648 1.724927
0.926897 0.000027 0.000023 0.000014 0.000001 0.065390 0.007648 1.724929
0.926903 0.000027 0.000024 0.000014 0.000001 0.065382 0.007648 1.724931
0.926912 0.000028 0.000023 0.000016 0.000001 0.065372 0.007648 1.724935
0.926923 0.000028 0.000023 0.000017 0.000001 0.065361 0.007648 1.724937
0.926927 0.000030 0.000022 0.000017 0.000001 0.065356 0.007648 1.724938
0.926939 0.000029 0.000022 0.000019 0.000001 0.065343 0.007648 1.724941
0.926950 0.000030 0.000022 0.000018 0.000001 0.065330 0.007648 1.724943
0.926957 0.000030 0.000023 0.000019 0.000001 0.065323 0.007648 1.724946
0.926958 0.000032 0.000024 0.000017 0.000001 0.065320 0.007648 1.724948
0.926966 0.000031 0.000025 0.000016 0.000001 0.065313 0.007649 1.724952
0.926973 0.000030 0.000025 0.000016 0.000001 0.065306 0.007649 1.724954
0.926982 0.000030 0.000027 0.000016 0.000000 0.065296 0.007649 1.724956
0.926983 0.000033 0.000026 0.000017 0.000000 0.065292 0.007649 1.724959
0.926987 0.000034 0.000027 0.000015 0.000000 0.065288 0.007649 1.724961
0.926994 0.000033 0.000027 0.000016 0.000000 0.065281 0.007649 1.724964
0.927001 0.000031 0.000028 0.000016 0.000000 0.065275 0.007649 1.724968
0.927005 0.000032 0.000025 0.000016 0.000000 0.065273 0.007649 1.724970
0.927009 0.000032 0.000026 0.000015 0.000000 0.065268 0.007649 1.724973
0.927015 0.000030 0.000027 0.000014 0.000000 0.065263 0.007649 1.724977
0.927021 0.000029 0.000029 0.000014 0.000000 0.065257 0.007649 1.724980
0.927029 0.000029 0.000026 0.000014 0.000000 0.065253 0.007649 1.724982
0.927036 0.000026 0.000027 0.000013 0.000000 0.065250 0.007649 1.724986
0.927041 0.000024 0.000027 0.000012 0.000000 0.065247 0.007649 1.724988
0.927046 0.000023 0.000027 0.000012 0.000000 0.065242 0.007649 1.724991
0.927055 0.000023 0.000027 0.000013 0.000000 0.065233 0.007649 1.724993
0.927060 0.000024 0.000024 0.000013 0.000000 0.065230 0.007649 1.724995
0.927064 0.000023 0.000022 0.000013 0.000000 0.065229 0.007649 1.724997
0.927070 0.000024 0.000022 0.000014 0.000000 0.065221 0.007649 1.724999
0.927074 0.000025 0.000022 0.000016 0.000000 0.065214 0.007649 1.725001
0.927081 0.000022 0.000023 0.000017 0.000000 0.065208 0.007649 1.725005
0.927084 0.000024 0.000024 0.000014 0.000001 0.065203 0.007649 1.725008
0.927089 0.000024 0.000024 0.000014 0.000002 0.065199 0.007649 1.725011
0.927091 0.000022 0.000023 0.000014 0.000000 0.065199 0.007650 1.725014
0.927095 0.000022 0.000022 0.000014 0.000000 0.065197 0.007650 1.725016
0.927097 0.000024 0.000020 0.000014 0.000000 0.065195 0.007650 1.725017
0.927101 0.000024 0.000018 0.000015 0.000000 0.065193 0.007650 1.725019
0.927105 0.000024 0.000018 0.000014 0.000000 0.065189 0.007650 1.725021
0.927111 0.000020 0.000018 0.000015 0.000000 0.065185 0.007650 1.725025
0.927114 0.000018 0.000019 0.000014 0.000000 0.065184 0.007650 1.725029
0.927115 0.000019 0.000021 0.000015 0.000000 0.065181 0.007650 1.725031
0.927116 0.000020 0.000017 0.000014 0.000000 0.065181 0.007650 1.725033
0.927123 0.000019 0.000017 0.000013 0.000000 0.065177 0.007650 1.725034
0.927128 0.000019 0.000017 0.000013 0.000000 0.065172 0.007650 1.725037
0.927132 0.000018 0.000017 0.000012 0.000000 0.065171 0.007650 1.725038
0.927140 0.000017 0.000017 0.000012 0.000000 0.065163 0.007650 1.725041
0.927148 0.000016 0.000017 0.000013 0.000000 0.065156 0.007650 1.725043
0.927149 0.000016 0.000018 0.000012 0.000000 0.065155 0.007650 1.725044
0.927152 0.000015 0.000019 0.000012 0.000000 0.065152 0.007650 1.725046
0.927155 0.000017 0.000017 0.000010 0.000000 0.065149 0.007650 1.725046
0.927163 0.000016 0.000017 0.000010 0.000000 0.065144 0.007650 1.725048
0.927167 0.000015 0.000017 0.000010 0.000000 0.065140 0.007650 1.725049
0.927172 0.000016 0.000017 0.000010 0.000000 0.065135 0.007650 1.725050
0.927176 0.000016 0.000016 0.000010 0.000000 0.065132 0.007650 1.725052
0.927179 0.000016 0.000017 0.000010 0.000000 0.065129 0.007650 1.725054
0.927182 0.000017 0.000016 0.000009 0.000000 0.065125 0.007650 1.725055
0.927186 0.000016 0.000015 0.000010 0.000000 0.065123 0.007650 1.725058
0.927189 0.000017 0.000014 0.000011 0.000000 0.065119 0.007650 1.725058
0.927192 0.000019 0.000013 0.000010 0.000000 0.065116 0.007650 1.725058
0.927196 0.000017 0.000016 0.000010 0.000000 0.065112 0.007650 1.725062
0.927199 0.000014 0.000017 0.000009 0.000000 0.065110 0.007651 1.725065
0.927202 0.000015 0.000017 0.000010 0.000000 0.065106 0.007651 1.725066
0.927205 0.000015 0.000016 0.000008 0.000000 0.065105 0.007651 1.725067
0.927209 0.000014 0.000016 0.000009 0.000000 0.065102 0.007651 1.725069
0.927211 0.000013 0.000016 0.000010 0.000000 0.065100 0.007651 1.725073
0.927217 0.000012 0.000016 0.000010 0.000000 0.065095 0.007651 1.725074
0.927219 0.000014 0.000015 0.000010 0.000000 0.065092 0.007651 1.725075
0.927223 0.000013 0.000013 0.000010 0.000000 0.065090 0.007651 1.725076
0.927226 0.000011 0.000014 0.000011 0.000000 0.065088 0.007651 1.725079
0.927230 0.000008 0.000014 0.000011 0.000000 0.065086 0.007651 1.725081
0.927234 0.000008 0.000014 0.000011 0.000000 0.065082 0.007651 1.725082
0.927239 0.000008 0.000013 0.000012 0.000000 0.065078 0.007651 1.725083
0.927244 0.000008 0.000011 0.000013 0.000000 0.065074 0.007651 1.725084
0.927248 0.000006 0.000012 0.000012 0.000000 0.065071 0.007651 1.725086
0.927253 0.000007 0.000012 0.000012 0.000000 0.065066 0.007651 1.725087
0.927255 0.000008 0.000009 0.000012 0.000000 0.065066 0.007651 1.725087
0.927259 0.000008 0.000008 0.000010 0.000000 0.065064 0.007651 1.725087
0.927263 0.000007 0.000008 0.000008 0.000000 0.065062 0.007651 1.725087
0.927267 0.000007 0.000009 0.000006 0.000000 0.065060 0.007651 1.725089
0.927267 0.000007 0.000008 0.000006 0.000000 0.065060 0.007651 1.725089
0.927270 0.000006 0.000008 0.000007 0.000000 0.065058 0.007651 1.725091
0.927274 0.000005 0.000008 0.000008 0.000000 0.065055 0.007651 1.725091
0.927277 0.000005 0.000008 0.000008 0.000000 0.065053 0.007651 1.725091
0.927280 0.000005 0.000006 0.000007 0.000000 0.065051 0.007651 1.725091
0.927279 0.000006 0.000006 0.000007 0.000000 0.065050 0.007651 1.725092
0.927282 0.000005 0.000005 0.000008 0.000000 0.065049 0.007651 1.725093
0.927285 0.000005 0.000005 0.000006 0.000000 0.065047 0.007651 1.725094
0.927289 0.000005 0.000005 0.000006 0.000000 0.065045 0.007651 1.725094
0.927292 0.000005 0.000005 0.000006 0.000000 0.065041 0.007651 1.725094
0.927295 0.000005 0.000006 0.000006 0.000000 0.065038 0.007651 1.725095
0.927296 0.000006 0.000006 0.000006 0.000000 0.065036 0.007651 1.725095
0.927298 0.000005 0.000006 0.000005 0.000000 0.065035 0.007651 1.725095
0.927301 0.000005 0.000006 0.000005 0.000000 0.065032 0.007651 1.725095
0.927303 0.000005 0.000007 0.000003 0.000000 0.065030 0.007651 1.725096
0.927307 0.000005 0.000007 0.000004 0.000000 0.065027 0.007651 1.725097
0.927310 0.000005 0.000007 0.000003 0.000000 0.065025 0.007651 1.725097
0.927311 0.000004 0.000008 0.000003 0.000000 0.065024 0.007651 1.725098
0.927315 0.000005 0.000008 0.000003 0.000000 0.065018 0.007651 1.725098
0.927316 0.000005 0.000008 0.000003 0.000000 0.065018 0.007651 1.725099
0.927319 0.000005 0.000008 0.000002 0.000000 0.065015 0.007651 1.725100
0.927319 0.000005 0.000009 0.000002 0.000000 0.065014 0.007651 1.725101
0.927319 0.000005 0.000008 0.000001 0.000000 0.065015 0.007651 1.725101
0.927321 0.000005 0.000009 0.000001 0.000000 0.065013 0.007651 1.725101
0.927322 0.000005 0.000009 0.000002 0.000000 0.065012 0.007651 1.725102
0.927324 0.000005 0.000009 0.000002 0.000000 0.065010 0.007651 1.725102
0.927326 0.000006 0.000008 0.000002 0.000000 0.065007 0.007651 1.725102
0.927327 0.000006 0.000009 0.000001 0.000000 0.065006 0.007651 1.725103
0.927329 0.000005 0.000009 0.000002 0.000000 0.065004 0.007651 1.725104
0.927332 0.000004 0.000009 0.000002 0.000000 0.065002 0.007651 1.725105
0.927333 0.000003 0.000009 0.000002 0.000000 0.065002 0.007651 1.725105
0.927334 0.000003 0.000008 0.000002 0.000000 0.065003 0.007651 1.725106
0.927336 0.000003 0.000007 0.000002 0.000000 0.065002 0.007651 1.725106
0.927338 0.000003 0.000007 0.000002 0.000000 0.065000 0.007651 1.725107
0.927338 0.000003 0.000007 0.000002 0.000000 0.065000 0.007651 1.725107
0.927340 0.000003 0.000006 0.000002 0.000000 0.064999 0.007651 1.725107
0.927340 0.000003 0.000006 0.000002 0.000000 0.064999 0.007651 1.725108
0.927343 0.000003 0.000006 0.000001 0.000000 0.064996 0.007651 1.725108
0.927343 0.000004 0.000006 0.000001 0.000000 0.064995 0.007651 1.725108
0.927345 0.000002 0.000008 0.000001 0.000000 0.064994 0.007651 1.725109
0.927347 0.000003 0.000007 0.000001 0.000000 0.064991 0.007651 1.725110
0.927348 0.000002 0.000007 0.000002 0.000000 0.064990 0.007651 1.725110
0.927351 0.000002 0.000007 0.000002 0.000000 0.064988 0.007651 1.725110
0.927351 0.000002 0.000006 0.000003 0.000000 0.064988 0.007651 1.725110
0.927352 0.000002 0.000005 0.000003 0.000000 0.064988 0.007651 1.725111
0.927353 0.000002 0.000005 0.000003 0.000000 0.064986 0.007651 1.725111
0.927353 0.000002 0.000006 0.000002 0.000000 0.064987 0.007651 1.725112
0.927354 0.000003 0.000006 0.000002 0.000000 0.064986 0.007651 1.725112
0.927354 0.000003 0.000005 0.000001 0.000000 0.064986 0.007651 1.725112
0.927355 0.000003 0.000004 0.000001 0.000000 0.064987 0.007651 1.725112
0.927355 0.000003 0.000003 0.000001 0.000000 0.064987 0.007651 1.725112
0.927356 0.000002 0.000003 0.000002 0.000000 0.064986 0.007651 1.725113
0.927357 0.000002 0.000003 0.000002 0.000000 0.064985 0.007651 1.725113
0.927358 0.000002 0.000003 0.000002 0.000000 0.064984 0.007651 1.725113
0.927359 0.000002 0.000003 0.000002 0.000000 0.064983 0.007651 1.725113
0.927360 0.000002 0.000003 0.000002 0.000000 0.064982 0.007651 1.725113
0.927360 0.000002 0.000003 0.000003 0.000000 0.064981 0.007651 1.725113
0.927361 0.000002 0.000003 0.000002 0.000000 0.064981 0.007651 1.725113
0.927362 0.000002 0.000003 0.000002 0.000000 0.064980 0.007651 1.725113
0.927363 0.000002 0.000003 0.000002 0.000000 0.064979 0.007651 1.725113
0.927363 0.000002 0.000004 0.000002 0.000000 0.064978 0.007651 1.725114
0.927364 0.000002 0.000003 0.000002 0.000000 0.064978 0.007651 1.725114
0.927365 0.000002 0.000003 0.000002 0.000000 0.064977 0.007651 1.725114
0.927366 0.000001 0.000003 0.000002 0.000000 0.064977 0.007651 1.725114
0.927367 0.000001 0.000003 0.000001 0.000000 0.064977 0.007651 1.725114
0.927369 0.000001 0.000003 0.000001 0.000000 0.064975 0.007651 1.725114
0.927371 0.000000 0.000005 0.000001 0.000000 0.064973 0.007651 1.725116
0.927371 0.000000 0.000004 0.000001 0.000000 0.064973 0.007651 1.725116
0.927371 0.000000 0.000003 0.000001 0.000000 0.064973 0.007651 1.725116
0.927372 0.000000 0.000003 0.000001 0.000000 0.064972 0.007651 1.725116
0.927374 0.000000 0.000003 0.000001 0.000000 0.064971 0.007651 1.725116
0.927374 0.000001 0.000003 0.000001 0.000000 0.064970 0.007651 1.725116
0.927374 0.000001 0.000003 0.000000 0.000000 0.064970 0.007651 1.725116
0.927375 0.000001 0.000003 0.000000 0.000000 0.064969 0.007651 1.725116
0.927375 0.000001 0.000003 0.000000 0.000000 0.064969 0.007651 1.725116
0.927376 0.000001 0.000003 0.000001 0.000000 0.064968 0.007651 1.725116
0.927374 0.000003 0.000003 0.000001 0.000000 0.064968 0.007651 1.725116
0.927376 0.000002 0.000003 0.000001 0.000000 0.064967 0.007651 1.725117
0.927377 0.000002 0.000003 0.000001 0.000000 0.064966 0.007651 1.725117
0.927377 0.000003 0.000003 0.000001 0.000000 0.064966 0.007651 1.725117
0.927377 0.000003 0.000003 0.000001 0.000000 0.064965 0.007651 1.725118
0.927377 0.000004 0.000003 0.000001 0.000000 0.064964 0.007651 1.725118
0.927378 0.000004 0.000003 0.000001 0.000000 0.064963 0.007651 1.725118
0.927379 0.000003 0.000003 0.000000 0.000000 0.064962 0.007651 1.725118
0.927377 0.000006 0.000003 0.000000 0.000000 0.064962 0.007651 1.725118
0.927376 0.000006 0.000003 0.000001 0.000000 0.064962 0.007651 1.725120
0.927376 0.000008 0.000003 0.000001 0.000000 0.064961 0.007651 1.725120
0.927376 0.000007 0.000003 0.000001 0.000000 0.064962 0.007651 1.725121
0.927377 0.000007 0.000003 0.000001 0.000000 0.064962 0.007651 1.725121
0.927377 0.000006 0.000003 0.000001 0.000000 0.064962 0.007651 1.725121
0.927377 0.000007 0.000003 0.000000 0.000000 0.064962 0.007651 1.725121
0.927376 0.000007 0.000003 0.000001 0.000000 0.064963 0.007651 1.725122
0.927374 0.000008 0.000003 0.000001 0.000000 0.064963 0.007651 1.725123
0.927374 0.000008 0.000002 0.000002 0.000000 0.064963 0.007651 1.725124
0.927373 0.000010 0.000002 0.000002 0.000000 0.064963 0.007651 1.725124
0.927373 0.000008 0.000003 0.000003 0.000000 0.064962 0.007651 1.725124
0.927374 0.000008 0.000003 0.000003 0.000000 0.064962 0.007651 1.725126
0.927374 0.000008 0.000003 0.000003 0.000000 0.064962 0.007651 1.725126
0.927372 0.000009 0.000003 0.000003 0.000000 0.064962 0.007651 1.725126
0.927372 0.000008 0.000003 0.000004 0.000000 0.064962 0.007651 1.725127
0.927372 0.000008 0.000003 0.000003 0.000000 0.064962 0.007651 1.725127
0.927371 0.000010 0.000003 0.000004 0.000000 0.064961 0.007651 1.725128
0.927370 0.000010 0.000005 0.000003 0.000000 0.064962 0.007651 1.725129
0.927369 0.000010 0.000005 0.000004 0.000000 0.064962 0.007651 1.725130
0.927368 0.000009 0.000006 0.000004 0.000000 0.064962 0.007651 1.725132
0.927369 0.000010 0.000004 0.000004 0.000000 0.064962 0.007651 1.725132
0.927368 0.000008 0.000005 0.000005 0.000000 0.064963 0.007651 1.725134
0.927368 0.000008 0.000005 0.000005 0.000000 0.064962 0.007651 1.725135
0.927368 0.000006 0.000006 0.000006 0.000000 0.064963 0.007651 1.725137
0.927368 0.000007 0.000006 0.000005 0.000000 0.064964 0.007651 1.725137
0.927369 0.000007 0.000005 0.000003 0.000000 0.064965 0.007651 1.725137
0.927369 0.000007 0.000005 0.000003 0.000000 0.064965 0.007651 1.725137
0.927368 0.000007 0.000006 0.000003 0.000000 0.064965 0.007651 1.725138
0.927368 0.000007 0.000006 0.000003 0.000000 0.064965 0.007651 1.725138
0.927369 0.000007 0.000006 0.000003 0.000000 0.064965 0.007651 1.725138
0.927369 0.000006 0.000005 0.000002 0.000001 0.064965 0.007651 1.725138
0.927370 0.000006 0.000005 0.000003 0.000001 0.064965 0.007651 1.725140
0.927369 0.000006 0.000006 0.000003 0.000001 0.064965 0.007651 1.725140
0.927368 0.000006 0.000006 0.000003 0.000001 0.064966 0.007651 1.725140
0.927366 0.000007 0.000006 0.000003 0.000001 0.064966 0.007651 1.725142
0.927367 0.000006 0.000006 0.000003 0.000001 0.064966 0.007651 1.725143
