0.348031 0.062208 0.055567 0.032121 0.002095 0.493951 0.006027 1.619408
0.349960 0.060530 0.055478 0.031916 0.002111 0.493952 0.006053 1.625373
0.352353 0.058465 0.055194 0.031698 0.002099 0.494114 0.006078 1.631114
0.355308 0.056130 0.054789 0.031447 0.002092 0.494128 0.006107 1.636712
0.358542 0.053708 0.054300 0.031164 0.002085 0.494066 0.006135 1.642096
0.362001 0.051358 0.053842 0.030796 0.002087 0.493754 0.006162 1.647295
0.365514 0.048995 0.053291 0.030329 0.002099 0.493584 0.006189 1.652244
0.369123 0.046865 0.052576 0.029839 0.002085 0.493296 0.006216 1.656956
0.372727 0.044854 0.051752 0.029282 0.002072 0.493069 0.006245 1.661428
0.376490 0.042890 0.050927 0.028766 0.002056 0.492593 0.006278 1.665787
0.380336 0.040958 0.049958 0.028223 0.002058 0.492161 0.006307 1.669938
0.384242 0.039109 0.049015 0.027623 0.002051 0.491632 0.006328 1.673920
0.388355 0.037429 0.047965 0.026962 0.002046 0.490892 0.006351 1.677666
0.392606 0.035829 0.046916 0.026258 0.002042 0.489978 0.006371 1.681230
0.396875 0.034271 0.045805 0.025653 0.002028 0.488975 0.006394 1.684635
0.401016 0.032916 0.044633 0.025019 0.002016 0.487976 0.006424 1.687884
0.405188 0.031590 0.043561 0.024326 0.001997 0.486888 0.006450 1.691075
0.409604 0.030266 0.042436 0.023679 0.001995 0.485547 0.006473 1.694105
0.413908 0.029067 0.041394 0.023033 0.001978 0.484123 0.006498 1.697033
0.418217 0.027896 0.040269 0.022445 0.001957 0.482688 0.006528 1.699881
0.422702 0.026902 0.039147 0.021789 0.001948 0.480962 0.006551 1.702527
0.426992 0.025959 0.038073 0.021136 0.001934 0.479328 0.006578 1.705088
0.431324 0.025057 0.037035 0.020508 0.001914 0.477560 0.006602 1.707596
0.435737 0.024153 0.035995 0.019911 0.001897 0.475674 0.006634 1.710008
0.440121 0.023372 0.034973 0.019302 0.001869 0.473702 0.006660 1.712322
0.444561 0.022583 0.033936 0.018764 0.001839 0.471631 0.006686 1.714520
0.448991 0.021874 0.032930 0.018166 0.001807 0.469523 0.006710 1.716714
0.453414 0.021173 0.032020 0.017612 0.001792 0.467258 0.006731 1.718826
0.457863 0.020548 0.031137 0.017108 0.001775 0.464815 0.006755 1.720864
0.462233 0.019898 0.030213 0.016608 0.001755 0.462514 0.006780 1.722863
0.466697 0.019325 0.029396 0.016155 0.001736 0.459885 0.006806 1.724817
0.471027 0.018790 0.028476 0.015663 0.001725 0.457490 0.006829 1.726678
0.475413 0.018322 0.027606 0.015122 0.001709 0.454980 0.006847 1.728459
0.479866 0.017788 0.026836 0.014659 0.001667 0.452312 0.006873 1.730237
0.484198 0.017326 0.026102 0.014223 0.001649 0.449611 0.006891 1.731939
0.488596 0.016898 0.025427 0.013828 0.001627 0.446712 0.006912 1.733605
0.492959 0.016529 0.024689 0.013423 0.001603 0.443863 0.006934 1.735205
0.497262 0.016119 0.023955 0.013051 0.001568 0.441086 0.006960 1.736814
0.501577 0.015810 0.023234 0.012664 0.001540 0.438201 0.006973 1.738338
0.505891 0.015478 0.022583 0.012251 0.001520 0.435287 0.006991 1.739846
0.510254 0.015139 0.021941 0.011946 0.001492 0.432215 0.007014 1.741321
0.514572 0.014753 0.021348 0.011633 0.001466 0.429196 0.007032 1.742817
0.518773 0.014478 0.020738 0.011293 0.001435 0.426236 0.007048 1.744224
0.523019 0.014231 0.020151 0.010979 0.001411 0.423143 0.007067 1.745601
0.527234 0.013956 0.019677 0.010671 0.001381 0.419994 0.007087 1.746974
0.531383 0.013681 0.019169 0.010420 0.001353 0.416887 0.007109 1.748333
0.535330 0.013472 0.018656 0.010110 0.001338 0.413966 0.007128 1.749664
0.539443 0.013212 0.018190 0.009838 0.001323 0.410849 0.007145 1.750983
0.543484 0.013027 0.017719 0.009566 0.001296 0.407746 0.007162 1.752218
0.547522 0.012835 0.017264 0.009345 0.001279 0.404578 0.007178 1.753474
0.551490 0.012626 0.016867 0.009125 0.001262 0.401439 0.007190 1.754738
0.555368 0.012494 0.016479 0.008906 0.001246 0.398303 0.007204 1.755961
0.559301 0.012299 0.016142 0.008727 0.001218 0.395090 0.007223 1.757198
0.563138 0.012129 0.015768 0.008549 0.001197 0.391982 0.007238 1.758383
0.567060 0.011951 0.015426 0.008343 0.001176 0.388789 0.007256 1.759566
0.570910 0.011804 0.015115 0.008181 0.001157 0.385561 0.007273 1.760736
0.574687 0.011670 0.014796 0.008031 0.001137 0.382392 0.007288 1.761897
0.578572 0.011510 0.014528 0.007905 0.001113 0.379074 0.007299 1.763049
0.582177 0.011470 0.014229 0.007710 0.001092 0.376009 0.007314 1.764144
0.585827 0.011435 0.013943 0.007592 0.001064 0.372810 0.007328 1.765235
0.589514 0.011354 0.013641 0.007451 0.001038 0.369658 0.007343 1.766332
0.593115 0.011208 0.013411 0.007323 0.001022 0.366566 0.007355 1.767439
0.596726 0.011086 0.013198 0.007183 0.001009 0.363430 0.007368 1.768566
0.600251 0.011006 0.012987 0.007016 0.000990 0.360365 0.007384 1.769644
0.603715 0.010983 0.012731 0.006912 0.000967 0.357296 0.007396 1.770689
0.607127 0.010975 0.012521 0.006803 0.000949 0.354219 0.007406 1.771748
0.610562 0.010907 0.012327 0.006704 0.000923 0.351156 0.007420 1.772789
0.613899 0.010818 0.012137 0.006605 0.000898 0.348207 0.007436 1.773870
0.617282 0.010749 0.011974 0.006502 0.000883 0.345161 0.007449 1.774938
0.620646 0.010652 0.011846 0.006367 0.000868 0.342161 0.007460 1.776010
0.623833 0.010579 0.011701 0.006279 0.000854 0.339285 0.007469 1.777053
0.627054 0.010535 0.011525 0.006212 0.000840 0.336354 0.007479 1.778083
0.630229 0.010497 0.011327 0.006120 0.000831 0.333504 0.007491 1.779102
0.633411 0.010487 0.011183 0.006022 0.000819 0.330573 0.007504 1.780128
0.636562 0.010418 0.011079 0.005958 0.000804 0.327667 0.007513 1.781167
0.639614 0.010431 0.010950 0.005862 0.000786 0.324835 0.007522 1.782158
0.642676 0.010433 0.010857 0.005800 0.000766 0.321935 0.007532 1.783157
0.645695 0.010450 0.010758 0.005749 0.000746 0.319058 0.007545 1.784158
0.648652 0.010474 0.010688 0.005705 0.000723 0.316198 0.007559 1.785180
0.651604 0.010457 0.010574 0.005664 0.000710 0.313420 0.007571 1.786225
0.654541 0.010435 0.010519 0.005598 0.000700 0.310627 0.007580 1.787269
0.657357 0.010416 0.010464 0.005550 0.000682 0.307939 0.007592 1.788306
0.660189 0.010411 0.010326 0.005529 0.000668 0.305273 0.007604 1.789327
0.662878 0.010396 0.010260 0.005500 0.000658 0.302694 0.007613 1.790369
0.665541 0.010449 0.010152 0.005439 0.000651 0.300150 0.007619 1.791366
0.668219 0.010458 0.010117 0.005406 0.000641 0.297530 0.007630 1.792405
0.670914 0.010469 0.010114 0.005400 0.000620 0.294834 0.007647 1.793456
0.673513 0.010538 0.010054 0.005351 0.000610 0.292278 0.007657 1.794455
0.676049 0.010546 0.010025 0.005351 0.000598 0.289764 0.007667 1.795511
0.678542 0.010594 0.009944 0.005314 0.000585 0.287344 0.007677 1.796549
0.681077 0.010622 0.009916 0.005315 0.000580 0.284805 0.007686 1.797596
0.683575 0.010649 0.009886 0.005297 0.000586 0.282317 0.007692 1.798642
0.686069 0.010692 0.009911 0.005281 0.000577 0.279770 0.007700 1.799704
0.688446 0.010730 0.009868 0.005274 0.000576 0.277402 0.007705 1.800753
0.690807 0.010880 0.009838 0.005245 0.000565 0.274953 0.007711 1.801751
0.693095 0.010887 0.009848 0.005259 0.000557 0.272635 0.007720 1.802826
0.695328 0.010964 0.009800 0.005269 0.000550 0.270361 0.007728 1.803878
0.697455 0.011043 0.009792 0.005234 0.000544 0.268194 0.007737 1.804938
0.699638 0.011097 0.009794 0.005269 0.000543 0.265916 0.007743 1.806028
0.701792 0.011126 0.009786 0.005243 0.000541 0.263762 0.007750 1.807103
0.703939 0.011173 0.009831 0.005233 0.000537 0.261530 0.007758 1.808242
0.706098 0.011149 0.009871 0.005246 0.000535 0.259339 0.007762 1.809385
0.708141 0.011272 0.009863 0.005261 0.000526 0.257169 0.007768 1.810445
0.710126 0.011351 0.009924 0.005250 0.000520 0.255053 0.007777 1.811554
0.712168 0.011378 0.009919 0.005263 0.000517 0.252971 0.007784 1.812680
0.714028 0.011482 0.009946 0.005297 0.000515 0.250942 0.007792 1.813797
0.716018 0.011502 0.009975 0.005341 0.000511 0.248856 0.007798 1.814954
0.717866 0.011627 0.010015 0.005327 0.000500 0.246858 0.007807 1.816063
0.719599 0.011725 0.010083 0.005343 0.000499 0.244938 0.007814 1.817215
0.721411 0.011827 0.010100 0.005381 0.000493 0.242967 0.007821 1.818367
0.723123 0.011867 0.010178 0.005410 0.000490 0.241102 0.007830 1.819570
0.724848 0.011996 0.010205 0.005415 0.000492 0.239209 0.007835 1.820727
0.726637 0.012145 0.010212 0.005422 0.000479 0.237263 0.007841 1.821861
0.728283 0.012249 0.010237 0.005436 0.000481 0.235465 0.007848 1.823053
0.729896 0.012376 0.010345 0.005454 0.000476 0.233598 0.007856 1.824266
0.731538 0.012481 0.010366 0.005513 0.000472 0.231770 0.007861 1.825487
0.733065 0.012579 0.010412 0.005566 0.000465 0.230045 0.007868 1.826722
0.734535 0.012683 0.010511 0.005591 0.000461 0.228345 0.007874 1.827960
0.735988 0.012806 0.010599 0.005633 0.000449 0.226645 0.007881 1.829219
0.737428 0.012857 0.010713 0.005658 0.000452 0.225005 0.007887 1.830538
0.738849 0.012937 0.010812 0.005689 0.000449 0.223370 0.007894 1.831816
0.740199 0.013059 0.010870 0.005753 0.000456 0.221767 0.007898 1.833100
0.741552 0.013183 0.010930 0.005792 0.000455 0.220185 0.007904 1.834386
0.742861 0.013308 0.010986 0.005852 0.000457 0.218628 0.007910 1.835704
0.744192 0.013382 0.011097 0.005893 0.000456 0.217067 0.007916 1.837057
0.745400 0.013554 0.011145 0.005927 0.000464 0.215589 0.007921 1.838347
0.746606 0.013669 0.011247 0.005964 0.000459 0.214128 0.007927 1.839694
0.747796 0.013794 0.011321 0.006017 0.000456 0.212683 0.007933 1.841053
0.748898 0.013966 0.011410 0.006048 0.000456 0.211283 0.007938 1.842402
0.750033 0.014082 0.011532 0.006127 0.000449 0.209830 0.007947 1.843814
0.751180 0.014165 0.011611 0.006164 0.000438 0.208489 0.007954 1.845217
0.752252 0.014343 0.011673 0.006209 0.000437 0.207128 0.007958 1.846574
0.753281 0.014464 0.011737 0.006280 0.000436 0.205841 0.007962 1.847992
0.754298 0.014601 0.011830 0.006324 0.000446 0.204532 0.007967 1.849384
0.755277 0.014787 0.011877 0.006381 0.000445 0.203259 0.007974 1.850788
0.756204 0.014909 0.011924 0.006457 0.000441 0.202085 0.007980 1.852242
0.757101 0.015029 0.012010 0.006486 0.000440 0.200944 0.007990 1.853676
0.758051 0.015140 0.012121 0.006531 0.000438 0.199723 0.007997 1.855187
0.758883 0.015304 0.012203 0.006573 0.000436 0.198598 0.008003 1.856649
0.759652 0.015444 0.012288 0.006648 0.000434 0.197521 0.008012 1.858162
0.760486 0.015584 0.012342 0.006722 0.000434 0.196409 0.008022 1.859672
0.761387 0.015596 0.012479 0.006794 0.000430 0.195287 0.008027 1.861283
0.762101 0.015694 0.012585 0.006885 0.000433 0.194271 0.008032 1.862870
0.762880 0.015749 0.012727 0.006915 0.000439 0.193253 0.008038 1.864457
0.763612 0.015904 0.012892 0.006979 0.000440 0.192130 0.008044 1.866017
0.764381 0.016026 0.012982 0.007017 0.000439 0.191105 0.008050 1.867578
0.765021 0.016196 0.013106 0.007075 0.000436 0.190112 0.008054 1.869144
0.765688 0.016318 0.013180 0.007122 0.000436 0.189194 0.008061 1.870700
0.766338 0.016434 0.013250 0.007184 0.000434 0.188292 0.008069 1.872304
0.766892 0.016626 0.013361 0.007246 0.000434 0.187366 0.008075 1.873920
0.767441 0.016773 0.013444 0.007325 0.000436 0.186499 0.008081 1.875579
0.768004 0.016816 0.013588 0.007402 0.000436 0.185671 0.008083 1.877287
0.768573 0.016927 0.013748 0.007434 0.000436 0.184790 0.008092 1.878959
0.769137 0.017055 0.013878 0.007468 0.000442 0.183920 0.008100 1.880608
0.769722 0.017148 0.014010 0.007450 0.000449 0.183116 0.008105 1.882269
0.770240 0.017209 0.014096 0.007530 0.000447 0.182369 0.008109 1.883990
0.770649 0.017339 0.014175 0.007601 0.000455 0.181666 0.008115 1.885682
0.771011 0.017492 0.014293 0.007670 0.000465 0.180950 0.008120 1.887398
0.771458 0.017592 0.014429 0.007704 0.000476 0.180216 0.008126 1.889155
0.771854 0.017706 0.014517 0.007725 0.000484 0.179583 0.008131 1.890885
0.772156 0.017905 0.014600 0.007755 0.000490 0.178963 0.008133 1.892621
0.772531 0.017994 0.014673 0.007826 0.000493 0.178346 0.008137 1.894385
0.772849 0.018144 0.014780 0.007844 0.000492 0.177747 0.008146 1.896139
0.773142 0.018270 0.014903 0.007879 0.000492 0.177159 0.008154 1.897895
0.773410 0.018421 0.014997 0.007920 0.000493 0.176596 0.008163 1.899671
0.773634 0.018499 0.015120 0.007995 0.000495 0.176090 0.008168 1.901546
0.773875 0.018657 0.015239 0.008081 0.000492 0.175481 0.008174 1.903373
0.774099 0.018847 0.015351 0.008127 0.000498 0.174899 0.008179 1.905195
0.774279 0.018951 0.015432 0.008221 0.000506 0.174422 0.008189 1.907067
0.774450 0.019044 0.015532 0.008287 0.000513 0.173979 0.008195 1.908917
0.774750 0.019079 0.015655 0.008381 0.000514 0.173420 0.008200 1.910806
0.774905 0.019236 0.015756 0.008418 0.000513 0.172964 0.008208 1.912672
0.775030 0.019340 0.015857 0.008486 0.000515 0.172557 0.008215 1.914598
0.775133 0.019443 0.015975 0.008540 0.000518 0.172168 0.008223 1.916547
0.775230 0.019630 0.016047 0.008586 0.000522 0.171753 0.008232 1.918398
0.775412 0.019716 0.016177 0.008647 0.000523 0.171289 0.008236 1.920283
0.775578 0.019839 0.016283 0.008694 0.000525 0.170839 0.008242 1.922213
0.775632 0.019975 0.016346 0.008705 0.000529 0.170565 0.008248 1.924093
0.775761 0.020040 0.016468 0.008748 0.000540 0.170190 0.008251 1.926061
0.775883 0.020059 0.016550 0.008822 0.000548 0.169881 0.008257 1.928083
0.775938 0.020197 0.016582 0.008870 0.000555 0.169594 0.008264 1.929995
0.775987 0.020317 0.016644 0.008947 0.000559 0.169276 0.008270 1.931942
0.775957 0.020425 0.016788 0.009016 0.000557 0.168980 0.008278 1.933951
0.775954 0.020544 0.016876 0.009070 0.000573 0.168700 0.008284 1.935964
0.775943 0.020670 0.016941 0.009145 0.000572 0.168437 0.008292 1.937951
0.775889 0.020821 0.017051 0.009162 0.000568 0.168209 0.008301 1.939946
0.775910 0.020879 0.017141 0.009191 0.000586 0.167985 0.008307 1.941981
0.775850 0.020947 0.017255 0.009235 0.000578 0.167819 0.008316 1.944047
0.775792 0.021013 0.017354 0.009284 0.000578 0.167657 0.008321 1.946064
0.775748 0.021028 0.017481 0.009352 0.000575 0.167487 0.008330 1.948173
0.775718 0.021092 0.017578 0.009404 0.000572 0.167295 0.008342 1.950223
0.775665 0.021131 0.017649 0.009484 0.000576 0.167146 0.008349 1.952318
0.775635 0.021206 0.017762 0.009524 0.000577 0.166939 0.008357 1.954386
0.775643 0.021228 0.017843 0.009544 0.000586 0.166791 0.008365 1.956465
0.775567 0.021274 0.017982 0.009541 0.000585 0.166679 0.008373 1.958564
0.775522 0.021291 0.018048 0.009591 0.000586 0.166581 0.008380 1.960645
0.775444 0.021341 0.018123 0.009661 0.000580 0.166465 0.008386 1.962748
0.775410 0.021384 0.018172 0.009700 0.000582 0.166357 0.008395 1.964840
0.775365 0.021482 0.018226 0.009759 0.000585 0.166181 0.008401 1.966891
0.775245 0.021532 0.018310 0.009801 0.000589 0.166119 0.008404 1.969027
0.775182 0.021601 0.018305 0.009845 0.000592 0.166069 0.008407 1.971123
0.775149 0.021608 0.018407 0.009917 0.000596 0.165910 0.008412 1.973254
0.775024 0.021646 0.018455 0.009949 0.000603 0.165902 0.008422 1.975384
0.774988 0.021583 0.018515 0.009998 0.000595 0.165889 0.008433 1.977523
0.774888 0.021565 0.018590 0.010018 0.000604 0.165893 0.008441 1.979681
0.774840 0.021564 0.018637 0.010050 0.000610 0.165853 0.008446 1.981780
0.774798 0.021547 0.018705 0.010054 0.000608 0.165835 0.008453 1.983898
0.774686 0.021587 0.018758 0.010035 0.000613 0.165860 0.008460 1.985996
0.774673 0.021539 0.018791 0.010039 0.000614 0.165880 0.008465 1.988165
0.774576 0.021551 0.018807 0.010061 0.000614 0.165920 0.008472 1.990315
0.774508 0.021565 0.018894 0.010048 0.000621 0.165888 0.008477 1.992432
0.774421 0.021587 0.018923 0.010090 0.000622 0.165872 0.008485 1.994551
0.774340 0.021627 0.018955 0.010090 0.000619 0.165873 0.008496 1.996649
0.774246 0.021691 0.019010 0.010045 0.000623 0.165884 0.008502 1.998743
0.774128 0.021700 0.019029 0.010072 0.000620 0.165945 0.008507 2.000889
0.774162 0.021669 0.019052 0.010124 0.000620 0.165855 0.008517 2.003022
0.774017 0.021692 0.019087 0.010202 0.000620 0.165855 0.008528 2.005180
0.773910 0.021742 0.019184 0.010169 0.000627 0.165833 0.008535 2.007317
0.773823 0.021784 0.019217 0.010178 0.000630 0.165822 0.008546 2.009450
0.773757 0.021801 0.019219 0.010189 0.000637 0.165844 0.008554 2.011580
0.773622 0.021838 0.019246 0.010206 0.000636 0.165890 0.008563 2.013700
0.773626 0.021848 0.019307 0.010211 0.000644 0.165794 0.008570 2.015830
0.773528 0.021791 0.019327 0.010230 0.000645 0.165902 0.008578 2.018023
0.773371 0.021838 0.019356 0.010245 0.000648 0.165956 0.008586 2.020185
0.773370 0.021794 0.019355 0.010255 0.000655 0.165976 0.008595 2.022344
0.773209 0.021805 0.019410 0.010255 0.000661 0.166056 0.008603 2.024521
0.773210 0.021810 0.019358 0.010299 0.000668 0.166041 0.008613 2.026650
0.773177 0.021821 0.019363 0.010269 0.000665 0.166085 0.008621 2.028779
0.773091 0.021834 0.019381 0.010258 0.000663 0.166142 0.008631 2.030916
0.772990 0.021871 0.019362 0.010196 0.000662 0.166273 0.008645 2.033007
0.772956 0.021853 0.019364 0.010173 0.000680 0.166324 0.008650 2.035101
0.772871 0.021805 0.019356 0.010203 0.000673 0.166433 0.008659 2.037251
0.772910 0.021756 0.019340 0.010241 0.000681 0.166404 0.008667 2.039373
0.772906 0.021712 0.019360 0.010252 0.000693 0.166403 0.008673 2.041506
0.772813 0.021760 0.019335 0.010267 0.000693 0.166451 0.008682 2.043601
0.772740 0.021784 0.019334 0.010277 0.000696 0.166478 0.008692 2.045693
0.772713 0.021862 0.019355 0.010221 0.000687 0.166459 0.008703 2.047768
0.772651 0.021905 0.019396 0.010225 0.000694 0.166421 0.008708 2.049870
0.772655 0.021892 0.019363 0.010222 0.000699 0.166453 0.008716 2.051989
0.772613 0.021888 0.019377 0.010224 0.000704 0.166470 0.008725 2.054118
0.772604 0.021840 0.019418 0.010244 0.000702 0.166459 0.008733 2.056254
0.772565 0.021886 0.019382 0.010255 0.000702 0.166468 0.008743 2.058360
0.772541 0.021805 0.019452 0.010269 0.000697 0.166482 0.008755 2.060528
0.772549 0.021774 0.019480 0.010244 0.000694 0.166494 0.008765 2.062649
0.772546 0.021661 0.019542 0.010310 0.000699 0.166469 0.008773 2.064874
0.772492 0.021671 0.019570 0.010336 0.000690 0.166456 0.008785 2.067000
0.772396 0.021665 0.019558 0.010377 0.000683 0.166519 0.008801 2.069134
0.772353 0.021665 0.019537 0.010371 0.000686 0.166578 0.008809 2.071236
0.772357 0.021683 0.019539 0.010323 0.000686 0.166594 0.008818 2.073352
0.772401 0.021544 0.019557 0.010289 0.000687 0.166697 0.008826 2.075520
0.772340 0.021547 0.019570 0.010285 0.000691 0.166734 0.008833 2.077620
0.772305 0.021503 0.019545 0.010261 0.000696 0.166850 0.008839 2.079751
0.772320 0.021485 0.019544 0.010224 0.000695 0.166879 0.008852 2.081855
0.772364 0.021410 0.019572 0.010203 0.000686 0.166898 0.008868 2.083982
0.772409 0.021362 0.019513 0.010212 0.000685 0.166944 0.008875 2.086100
0.772433 0.021313 0.019546 0.010225 0.000687 0.166914 0.008882 2.088243
0.772412 0.021374 0.019514 0.010157 0.000686 0.166964 0.008894 2.090291
0.772505 0.021331 0.019481 0.010105 0.000696 0.166983 0.008901 2.092337
0.772541 0.021266 0.019438 0.010078 0.000688 0.167075 0.008914 2.094418
0.772620 0.021256 0.019446 0.010091 0.000679 0.166984 0.008925 2.096509
0.772792 0.021140 0.019415 0.010070 0.000671 0.166972 0.008939 2.098610
0.772738 0.021151 0.019387 0.010076 0.000667 0.167032 0.008949 2.100694
0.772833 0.021064 0.019374 0.010071 0.000663 0.167035 0.008959 2.102787
0.772890 0.021064 0.019381 0.010043 0.000666 0.166989 0.008968 2.104845
0.772984 0.021066 0.019319 0.010029 0.000658 0.166965 0.008980 2.106864
0.772953 0.021019 0.019354 0.009999 0.000665 0.167021 0.008989 2.108968
0.773025 0.021016 0.019294 0.009998 0.000667 0.167002 0.008998 2.111015
0.773054 0.020941 0.019274 0.010018 0.000665 0.167040 0.009008 2.113113
0.773148 0.020889 0.019273 0.010046 0.000666 0.166962 0.009017 2.115198
0.773207 0.020867 0.019177 0.010043 0.000656 0.167017 0.009031 2.117209
0.773217 0.020867 0.019113 0.010021 0.000658 0.167083 0.009040 2.119231
0.773301 0.020847 0.019129 0.009950 0.000657 0.167068 0.009047 2.121263
0.773333 0.020848 0.019085 0.009953 0.000668 0.167058 0.009055 2.123297
0.773347 0.020832 0.019073 0.009982 0.000659 0.167041 0.009066 2.125341
0.773411 0.020817 0.019122 0.009982 0.000643 0.166947 0.009077 2.127416
0.773486 0.020889 0.019055 0.009964 0.000652 0.166870 0.009084 2.129461
0.773549 0.020865 0.019050 0.009948 0.000651 0.166844 0.009092 2.131515
0.773620 0.020797 0.019082 0.009904 0.000659 0.166837 0.009102 2.133572
0.773675 0.020801 0.018994 0.009892 0.000663 0.166862 0.009113 2.135592
0.773640 0.020787 0.018978 0.009856 0.000665 0.166954 0.009119 2.137635
0.773750 0.020754 0.018972 0.009863 0.000667 0.166864 0.009130 2.139698
0.773916 0.020666 0.018972 0.009865 0.000664 0.166776 0.009141 2.141749
0.773966 0.020692 0.018864 0.009848 0.000659 0.166819 0.009152 2.143737
0.774075 0.020712 0.018829 0.009854 0.000658 0.166711 0.009161 2.145743
0.774186 0.020683 0.018766 0.009878 0.000653 0.166660 0.009175 2.147774
0.774192 0.020681 0.018789 0.009846 0.000651 0.166656 0.009185 2.149791
0.774345 0.020585 0.018811 0.009832 0.000657 0.166576 0.009194 2.151823
0.774388 0.020571 0.018775 0.009854 0.000653 0.166554 0.009205 2.153844
0.774516 0.020529 0.018713 0.009839 0.000649 0.166544 0.009210 2.155864
0.774554 0.020553 0.018672 0.009783 0.000656 0.166567 0.009215 2.157864
0.774580 0.020599 0.018671 0.009786 0.000649 0.166488 0.009227 2.159844
0.774657 0.020640 0.018665 0.009772 0.000658 0.166376 0.009234 2.161842
0.774793 0.020597 0.018664 0.009787 0.000662 0.166253 0.009244 2.163868
0.774830 0.020595 0.018653 0.009790 0.000670 0.166210 0.009253 2.165870
0.774855 0.020726 0.018547 0.009744 0.000665 0.166200 0.009263 2.167798
0.774928 0.020620 0.018572 0.009782 0.000671 0.166161 0.009268 2.169897
0.775003 0.020566 0.018656 0.009745 0.000678 0.166073 0.009278 2.171930
0.775027 0.020541 0.018690 0.009792 0.000680 0.165981 0.009289 2.173980
0.775013 0.020655 0.018610 0.009801 0.000677 0.165944 0.009299 2.175942
0.775093 0.020632 0.018596 0.009842 0.000675 0.165855 0.009307 2.177981
0.775236 0.020601 0.018571 0.009852 0.000682 0.165746 0.009312 2.179978
0.775240 0.020648 0.018579 0.009820 0.000679 0.165710 0.009326 2.181923
0.775281 0.020619 0.018650 0.009822 0.000681 0.165613 0.009332 2.183971
0.775340 0.020656 0.018540 0.009781 0.000690 0.165653 0.009340 2.185935
0.775417 0.020638 0.018577 0.009756 0.000689 0.165573 0.009350 2.187948
0.775535 0.020657 0.018537 0.009765 0.000685 0.165460 0.009361 2.189963
0.775578 0.020631 0.018539 0.009811 0.000680 0.165391 0.009370 2.192024
0.775603 0.020612 0.018508 0.009818 0.000674 0.165402 0.009382 2.194081
0.775665 0.020622 0.018502 0.009799 0.000669 0.165351 0.009392 2.196079
0.775694 0.020630 0.018559 0.009763 0.000666 0.165287 0.009401 2.198101
0.775751 0.020688 0.018505 0.009754 0.000663 0.165231 0.009409 2.200054
0.775807 0.020679 0.018510 0.009746 0.000661 0.165178 0.009420 2.202079
0.775875 0.020603 0.018561 0.009750 0.000661 0.165120 0.009430 2.204132
0.775946 0.020594 0.018557 0.009764 0.000659 0.165044 0.009438 2.206146
0.775925 0.020604 0.018635 0.009748 0.000657 0.164985 0.009447 2.208190
0.775942 0.020586 0.018631 0.009778 0.000651 0.164959 0.009455 2.210213
0.775989 0.020550 0.018601 0.009784 0.000651 0.164962 0.009463 2.212245
0.776062 0.020562 0.018540 0.009762 0.000651 0.164953 0.009471 2.214206
0.776089 0.020529 0.018515 0.009827 0.000655 0.164908 0.009478 2.216259
0.776152 0.020450 0.018564 0.009839 0.000666 0.164845 0.009485 2.218327
0.776171 0.020432 0.018583 0.009834 0.000677 0.164811 0.009493 2.220378
0.776232 0.020478 0.018562 0.009825 0.000680 0.164725 0.009499 2.222344
0.776296 0.020439 0.018547 0.009827 0.000685 0.164696 0.009510 2.224368
0.776425 0.020480 0.018488 0.009773 0.000692 0.164625 0.009517 2.226336
0.776502 0.020411 0.018483 0.009768 0.000696 0.164613 0.009525 2.228326
0.776595 0.020339 0.018449 0.009817 0.000691 0.164572 0.009537 2.230333
0.776696 0.020281 0.018502 0.009765 0.000693 0.164518 0.009547 2.232371
0.776744 0.020302 0.018478 0.009830 0.000690 0.164403 0.009555 2.234354
0.776765 0.020293 0.018485 0.009795 0.000689 0.164410 0.009563 2.236358
0.776869 0.020260 0.018450 0.009766 0.000688 0.164392 0.009574 2.238335
0.776889 0.020351 0.018406 0.009785 0.000684 0.164305 0.009582 2.240318
0.776956 0.020315 0.018404 0.009760 0.000685 0.164294 0.009587 2.242312
0.777010 0.020363 0.018329 0.009721 0.000685 0.164295 0.009597 2.244255
0.776991 0.020395 0.018317 0.009677 0.000681 0.164332 0.009608 2.246219
0.777046 0.020329 0.018349 0.009721 0.000669 0.164272 0.009614 2.248247
0.777168 0.020359 0.018335 0.009720 0.000668 0.164127 0.009626 2.250188
0.777127 0.020432 0.018353 0.009687 0.000654 0.164111 0.009636 2.252191
0.777166 0.020376 0.018370 0.009683 0.000651 0.164111 0.009644 2.254205
0.777163 0.020366 0.018410 0.009738 0.000649 0.164017 0.009658 2.256221
0.777183 0.020377 0.018450 0.009696 0.000651 0.163979 0.009665 2.258210
0.777200 0.020456 0.018391 0.009690 0.000651 0.163940 0.009672 2.260168
0.777233 0.020428 0.018394 0.009728 0.000646 0.163891 0.009682 2.262204
0.777225 0.020454 0.018360 0.009802 0.000649 0.163818 0.009693 2.264214
0.777340 0.020484 0.018354 0.009775 0.000657 0.163690 0.009701 2.266189
0.777384 0.020462 0.018401 0.009741 0.000657 0.163643 0.009710 2.268215
0.777388 0.020460 0.018359 0.009756 0.000661 0.163657 0.009720 2.270232
0.777468 0.020480 0.018356 0.009708 0.000662 0.163596 0.009730 2.272216
0.777512 0.020524 0.018241 0.009710 0.000665 0.163610 0.009740 2.274148
0.777453 0.020575 0.018267 0.009713 0.000671 0.163572 0.009749 2.276185
0.777398 0.020668 0.018288 0.009659 0.000674 0.163558 0.009756 2.278178
0.777501 0.020604 0.018343 0.009659 0.000678 0.163454 0.009760 2.280224
0.777548 0.020607 0.018348 0.009714 0.000676 0.163339 0.009769 2.282264
0.777569 0.020597 0.018326 0.009749 0.000671 0.163311 0.009778 2.284317
0.777553 0.020580 0.018364 0.009704 0.000675 0.163340 0.009784 2.286335
0.777556 0.020517 0.018421 0.009718 0.000671 0.163326 0.009792 2.288388
0.777516 0.020612 0.018400 0.009739 0.000666 0.163266 0.009803 2.290377
0.777562 0.020615 0.018392 0.009691 0.000661 0.163267 0.009813 2.292357
0.777456 0.020660 0.018437 0.009656 0.000665 0.163304 0.009823 2.294399
0.777471 0.020710 0.018396 0.009671 0.000665 0.163256 0.009832 2.296383
0.777512 0.020639 0.018391 0.009685 0.000660 0.163271 0.009843 2.298408
0.777542 0.020613 0.018416 0.009658 0.000661 0.163261 0.009850 2.300431
0.777641 0.020571 0.018412 0.009615 0.000666 0.163236 0.009859 2.302435
0.777658 0.020516 0.018404 0.009632 0.000662 0.163261 0.009868 2.304461
0.777610 0.020563 0.018387 0.009645 0.000666 0.163254 0.009875 2.306482
0.777705 0.020587 0.018375 0.009606 0.000663 0.163183 0.009883 2.308482
0.777748 0.020535 0.018400 0.009641 0.000663 0.163119 0.009895 2.310507
0.777738 0.020522 0.018446 0.009628 0.000656 0.163103 0.009906 2.312514
0.777844 0.020498 0.018486 0.009635 0.000647 0.162972 0.009918 2.314514
0.777823 0.020521 0.018470 0.009663 0.000650 0.162947 0.009926 2.316518
0.777860 0.020514 0.018487 0.009689 0.000646 0.162867 0.009937 2.318541
0.777924 0.020554 0.018510 0.009639 0.000640 0.162786 0.009948 2.320538
0.777967 0.020599 0.018498 0.009605 0.000649 0.162729 0.009953 2.322487
0.777931 0.020557 0.018563 0.009633 0.000646 0.162706 0.009964 2.324548
0.777953 0.020557 0.018500 0.009643 0.000649 0.162726 0.009973 2.326524
0.777876 0.020660 0.018510 0.009616 0.000650 0.162706 0.009983 2.328498
0.777861 0.020700 0.018548 0.009605 0.000652 0.162644 0.009990 2.330501
0.777812 0.020686 0.018572 0.009626 0.000657 0.162648 0.009999 2.332544
0.777844 0.020676 0.018555 0.009647 0.000658 0.162612 0.010008 2.334591
0.777776 0.020702 0.018548 0.009679 0.000659 0.162615 0.010022 2.336603
0.777826 0.020661 0.018570 0.009688 0.000654 0.162572 0.010030 2.338650
0.777844 0.020680 0.018534 0.009752 0.000657 0.162496 0.010038 2.340653
0.777826 0.020672 0.018582 0.009757 0.000665 0.162455 0.010044 2.342684
0.777889 0.020669 0.018655 0.009747 0.000668 0.162322 0.010051 2.344704
0.777905 0.020667 0.018645 0.009752 0.000674 0.162300 0.010057 2.346715
0.777928 0.020645 0.018620 0.009723 0.000670 0.162352 0.010063 2.348734
0.777947 0.020669 0.018651 0.009678 0.000672 0.162313 0.010070 2.350725
0.777900 0.020708 0.018648 0.009677 0.000677 0.162309 0.010081 2.352742
0.777918 0.020711 0.018656 0.009694 0.000674 0.162256 0.010091 2.354781
0.777928 0.020710 0.018635 0.009690 0.000670 0.162269 0.010100 2.356832
0.777904 0.020745 0.018635 0.009695 0.000680 0.162235 0.010107 2.358840
0.777906 0.020797 0.018585 0.009685 0.000683 0.162233 0.010112 2.360838
0.777941 0.020770 0.018532 0.009700 0.000688 0.162254 0.010117 2.362873
0.777953 0.020734 0.018542 0.009751 0.000692 0.162203 0.010125 2.364935
0.777962 0.020760 0.018529 0.009739 0.000697 0.162181 0.010132 2.366938
0.777972 0.020748 0.018512 0.009740 0.000691 0.162196 0.010141 2.368951
0.778037 0.020673 0.018533 0.009736 0.000684 0.162185 0.010153 2.370999
0.777989 0.020671 0.018562 0.009790 0.000685 0.162142 0.010161 2.373042
0.778077 0.020636 0.018606 0.009787 0.000690 0.162032 0.010172 2.375065
0.778093 0.020593 0.018645 0.009759 0.000683 0.162046 0.010182 2.377102
0.778109 0.020623 0.018616 0.009788 0.000686 0.161992 0.010187 2.379077
0.778201 0.020605 0.018608 0.009772 0.000686 0.161932 0.010196 2.381087
0.778130 0.020631 0.018623 0.009738 0.000691 0.161982 0.010206 2.383116
0.778139 0.020622 0.018549 0.009759 0.000700 0.162019 0.010212 2.385112
0.778208 0.020570 0.018548 0.009820 0.000704 0.161930 0.010221 2.387179
0.778232 0.020520 0.018632 0.009837 0.000702 0.161849 0.010228 2.389234
0.778233 0.020516 0.018624 0.009853 0.000687 0.161845 0.010243 2.391249
0.778165 0.020533 0.018620 0.009811 0.000688 0.161932 0.010251 2.393263
0.778233 0.020459 0.018630 0.009848 0.000689 0.161883 0.010259 2.395298
0.778289 0.020464 0.018648 0.009820 0.000685 0.161825 0.010269 2.397281
0.778389 0.020398 0.018677 0.009814 0.000685 0.161760 0.010278 2.399310
0.778438 0.020385 0.018646 0.009818 0.000682 0.161746 0.010287 2.401317
0.778378 0.020473 0.018649 0.009788 0.000678 0.161736 0.010298 2.403309
0.778307 0.020538 0.018668 0.009720 0.000678 0.161784 0.010307 2.405319
0.778225 0.020585 0.018653 0.009707 0.000680 0.161836 0.010315 2.407347
0.778238 0.020600 0.018625 0.009747 0.000676 0.161794 0.010322 2.409360
0.778201 0.020660 0.018644 0.009715 0.000677 0.161773 0.010331 2.411341
0.778193 0.020668 0.018655 0.009721 0.000682 0.161741 0.010340 2.413386
0.778148 0.020627 0.018657 0.009705 0.000678 0.161836 0.010348 2.415453
0.778157 0.020649 0.018624 0.009755 0.000682 0.161775 0.010357 2.417471
0.778201 0.020624 0.018600 0.009767 0.000685 0.161762 0.010363 2.419454
0.778248 0.020546 0.018625 0.009800 0.000686 0.161726 0.010369 2.421494
0.778240 0.020593 0.018578 0.009803 0.000679 0.161730 0.010378 2.423495
0.778260 0.020608 0.018575 0.009758 0.000681 0.161730 0.010388 2.425498
0.778297 0.020598 0.018565 0.009749 0.000676 0.161718 0.010397 2.427537
0.778275 0.020605 0.018594 0.009727 0.000681 0.161714 0.010405 2.429566
0.778282 0.020614 0.018560 0.009760 0.000682 0.161693 0.010409 2.431599
0.778282 0.020584 0.018597 0.009807 0.000677 0.161634 0.010421 2.433642
0.778249 0.020633 0.018591 0.009791 0.000673 0.161634 0.010430 2.435671
0.778336 0.020647 0.018584 0.009797 0.000668 0.161528 0.010439 2.437685
0.778388 0.020567 0.018585 0.009841 0.000669 0.161501 0.010450 2.439742
0.778343 0.020647 0.018630 0.009793 0.000672 0.161455 0.010460 2.441738
0.778309 0.020663 0.018661 0.009767 0.000669 0.161463 0.010467 2.443761
0.778302 0.020661 0.018717 0.009720 0.000667 0.161460 0.010474 2.445768
0.778242 0.020693 0.018673 0.009707 0.000665 0.161541 0.010480 2.447780
0.778271 0.020651 0.018729 0.009725 0.000666 0.161476 0.010485 2.449823
0.778168 0.020778 0.018644 0.009733 0.000656 0.161527 0.010495 2.451799
0.778159 0.020754 0.018675 0.009730 0.000651 0.161527 0.010505 2.453872
0.778194 0.020706 0.018662 0.009737 0.000652 0.161535 0.010514 2.455892
0.778213 0.020771 0.018547 0.009703 0.000646 0.161597 0.010524 2.457842
0.778221 0.020783 0.018554 0.009707 0.000641 0.161562 0.010533 2.459865
0.778300 0.020734 0.018543 0.009713 0.000653 0.161519 0.010539 2.461908
0.778305 0.020791 0.018542 0.009690 0.000653 0.161477 0.010544 2.463884
0.778349 0.020711 0.018528 0.009698 0.000652 0.161511 0.010551 2.465926
0.778373 0.020703 0.018517 0.009649 0.000649 0.161547 0.010562 2.467927
0.778342 0.020709 0.018558 0.009629 0.000641 0.161553 0.010569 2.469964
0.778381 0.020657 0.018595 0.009634 0.000636 0.161523 0.010574 2.472012
0.778334 0.020706 0.018535 0.009585 0.000645 0.161613 0.010580 2.473995
0.778343 0.020684 0.018531 0.009604 0.000644 0.161605 0.010589 2.476020
0.778271 0.020686 0.018593 0.009593 0.000646 0.161616 0.010595 2.478080
0.778227 0.020590 0.018628 0.009630 0.000639 0.161681 0.010605 2.480172
0.778264 0.020572 0.018613 0.009631 0.000637 0.161673 0.010609 2.482202
0.778205 0.020642 0.018604 0.009623 0.000638 0.161668 0.010620 2.484196
0.778203 0.020672 0.018579 0.009633 0.000643 0.161642 0.010628 2.486209
0.778212 0.020643 0.018610 0.009646 0.000640 0.161613 0.010635 2.488266
0.778241 0.020591 0.018609 0.009652 0.000638 0.161626 0.010643 2.490281
0.778260 0.020543 0.018588 0.009671 0.000647 0.161643 0.010648 2.492289
0.778208 0.020542 0.018611 0.009620 0.000648 0.161712 0.010659 2.494311
0.778274 0.020463 0.018688 0.009639 0.000643 0.161626 0.010667 2.496367
0.778227 0.020485 0.018684 0.009621 0.000652 0.161659 0.010674 2.498388
0.778224 0.020542 0.018656 0.009625 0.000651 0.161619 0.010682 2.500374
0.778217 0.020536 0.018686 0.009675 0.000644 0.161549 0.010693 2.502432
0.778224 0.020566 0.018625 0.009653 0.000639 0.161590 0.010703 2.504419
0.778149 0.020569 0.018650 0.009670 0.000643 0.161610 0.010709 2.506463
0.778236 0.020478 0.018658 0.009671 0.000647 0.161592 0.010719 2.508502
0.778267 0.020444 0.018701 0.009634 0.000658 0.161567 0.010729 2.510513
0.778337 0.020428 0.018694 0.009642 0.000650 0.161512 0.010738 2.512523
0.778352 0.020426 0.018728 0.009636 0.000646 0.161468 0.010745 2.514517
0.778352 0.020456 0.018681 0.009623 0.000636 0.161497 0.010756 2.516494
0.778350 0.020522 0.018617 0.009646 0.000637 0.161463 0.010765 2.518478
0.778338 0.020568 0.018614 0.009599 0.000639 0.161468 0.010773 2.520483
0.778374 0.020543 0.018663 0.009586 0.000639 0.161416 0.010779 2.522511
0.778333 0.020583 0.018654 0.009569 0.000644 0.161432 0.010784 2.524509
0.778290 0.020630 0.018629 0.009585 0.000639 0.161434 0.010792 2.526512
0.778270 0.020611 0.018684 0.009572 0.000641 0.161419 0.010802 2.528574
0.778323 0.020617 0.018667 0.009635 0.000636 0.161312 0.010811 2.530587
0.778336 0.020664 0.018625 0.009606 0.000633 0.161317 0.010819 2.532567
0.778357 0.020646 0.018627 0.009629 0.000639 0.161278 0.010825 2.534618
0.778338 0.020552 0.018710 0.009626 0.000638 0.161303 0.010832 2.536702
0.778305 0.020567 0.018657 0.009642 0.000635 0.161352 0.010842 2.538718
0.778225 0.020520 0.018699 0.009691 0.000636 0.161381 0.010847 2.540782
0.778204 0.020508 0.018703 0.009672 0.000633 0.161426 0.010854 2.542799
0.778277 0.020398 0.018657 0.009668 0.000636 0.161500 0.010862 2.544845
0.778228 0.020457 0.018672 0.009674 0.000642 0.161455 0.010872 2.546865
0.778175 0.020489 0.018666 0.009671 0.000637 0.161480 0.010881 2.548874
0.778206 0.020459 0.018684 0.009641 0.000644 0.161478 0.010888 2.550878
0.778202 0.020426 0.018679 0.009685 0.000637 0.161471 0.010900 2.552882
0.778262 0.020403 0.018681 0.009654 0.000635 0.161457 0.010909 2.554895
0.778292 0.020374 0.018728 0.009650 0.000642 0.161397 0.010918 2.556955
0.778260 0.020420 0.018745 0.009608 0.000645 0.161394 0.010927 2.558942
0.778276 0.020421 0.018812 0.009561 0.000645 0.161351 0.010935 2.560959
0.778237 0.020504 0.018759 0.009538 0.000639 0.161375 0.010949 2.562932
0.778295 0.020481 0.018708 0.009559 0.000645 0.161353 0.010959 2.564931
0.778280 0.020486 0.018677 0.009576 0.000639 0.161372 0.010970 2.566936
0.778299 0.020480 0.018643 0.009584 0.000640 0.161374 0.010979 2.568959
0.778294 0.020514 0.018650 0.009592 0.000647 0.161319 0.010984 2.570965
0.778275 0.020494 0.018661 0.009566 0.000652 0.161358 0.010994 2.573018
0.778288 0.020528 0.018597 0.009557 0.000656 0.161374 0.010999 2.574984
0.778253 0.020531 0.018548 0.009580 0.000657 0.161424 0.011007 2.576983
0.778265 0.020522 0.018600 0.009601 0.000656 0.161341 0.011016 2.578997
0.778348 0.020450 0.018550 0.009668 0.000645 0.161312 0.011028 2.581006
0.778361 0.020442 0.018554 0.009655 0.000643 0.161307 0.011037 2.583015
0.778378 0.020434 0.018576 0.009636 0.000643 0.161289 0.011044 2.585061
0.778419 0.020453 0.018546 0.009607 0.000652 0.161273 0.011051 2.587009
0.778447 0.020466 0.018514 0.009585 0.000651 0.161276 0.011060 2.589009
0.778479 0.020452 0.018520 0.009570 0.000651 0.161262 0.011066 2.591023
0.778497 0.020379 0.018590 0.009566 0.000646 0.161244 0.011076 2.593062
0.778537 0.020348 0.018532 0.009621 0.000650 0.161229 0.011083 2.595065
0.778542 0.020362 0.018536 0.009611 0.000651 0.161206 0.011091 2.597074
0.778554 0.020289 0.018588 0.009592 0.000656 0.161223 0.011098 2.599121
0.778605 0.020209 0.018613 0.009625 0.000654 0.161186 0.011106 2.601176
0.778624 0.020202 0.018606 0.009649 0.000649 0.161150 0.011121 2.603197
0.778619 0.020249 0.018604 0.009607 0.000658 0.161135 0.011129 2.605183
0.778548 0.020300 0.018519 0.009617 0.000655 0.161223 0.011138 2.607165
0.778572 0.020246 0.018583 0.009624 0.000664 0.161164 0.011147 2.609224
0.778576 0.020222 0.018563 0.009631 0.000658 0.161190 0.011161 2.611238
0.778627 0.020161 0.018565 0.009637 0.000649 0.161195 0.011168 2.613253
0.778644 0.020149 0.018541 0.009613 0.000655 0.161220 0.011177 2.615251
0.778646 0.020250 0.018492 0.009585 0.000653 0.161187 0.011186 2.617182
0.778678 0.020320 0.018434 0.009565 0.000649 0.161160 0.011194 2.619117
0.778667 0.020349 0.018405 0.009531 0.000654 0.161192 0.011202 2.621093
0.778617 0.020381 0.018408 0.009522 0.000655 0.161210 0.011209 2.623095
0.778653 0.020433 0.018426 0.009530 0.000650 0.161089 0.011219 2.625053
0.778611 0.020526 0.018363 0.009553 0.000649 0.161065 0.011233 2.627017
0.778564 0.020544 0.018312 0.009535 0.000647 0.161156 0.011242 2.629010
0.778557 0.020588 0.018307 0.009510 0.000643 0.161147 0.011249 2.631003
0.778540 0.020646 0.018303 0.009507 0.000647 0.161102 0.011256 2.632991
0.778506 0.020698 0.018336 0.009502 0.000654 0.161044 0.011261 2.634995
0.778484 0.020620 0.018336 0.009565 0.000653 0.161077 0.011265 2.637092
0.778461 0.020607 0.018327 0.009578 0.000648 0.161105 0.011274 2.639126
0.778462 0.020576 0.018327 0.009634 0.000645 0.161074 0.011283 2.641158
0.778505 0.020508 0.018324 0.009643 0.000637 0.161090 0.011293 2.643216
0.778422 0.020560 0.018355 0.009646 0.000633 0.161081 0.011304 2.645233
0.778446 0.020596 0.018331 0.009673 0.000622 0.161017 0.011315 2.647233
0.778401 0.020660 0.018356 0.009653 0.000624 0.160984 0.011323 2.649210
0.778369 0.020727 0.018342 0.009636 0.000629 0.160969 0.011327 2.651189
0.778366 0.020673 0.018384 0.009674 0.000631 0.160938 0.011334 2.653293
0.778341 0.020701 0.018342 0.009667 0.000637 0.160973 0.011340 2.655259
0.778306 0.020738 0.018352 0.009651 0.000631 0.160971 0.011352 2.657246
0.778230 0.020724 0.018394 0.009674 0.000629 0.160988 0.011363 2.659301
0.778192 0.020724 0.018396 0.009678 0.000624 0.161016 0.011372 2.661336
0.778142 0.020734 0.018421 0.009653 0.000620 0.161049 0.011381 2.663382
0.778164 0.020701 0.018378 0.009668 0.000621 0.161078 0.011391 2.665398
0.778167 0.020701 0.018413 0.009639 0.000615 0.161064 0.011401 2.667417
0.778195 0.020665 0.018427 0.009644 0.000615 0.161043 0.011412 2.669487
0.778091 0.020703 0.018414 0.009627 0.000621 0.161125 0.011419 2.671505
0.778011 0.020758 0.018435 0.009627 0.000621 0.161122 0.011426 2.673536
0.778068 0.020691 0.018433 0.009623 0.000628 0.161124 0.011433 2.675596
0.778027 0.020673 0.018477 0.009626 0.000629 0.161127 0.011442 2.677606
0.777973 0.020683 0.018507 0.009650 0.000626 0.161108 0.011451 2.679661
0.777905 0.020709 0.018501 0.009680 0.000631 0.161113 0.011463 2.681692
0.777945 0.020662 0.018553 0.009665 0.000633 0.161070 0.011472 2.683705
0.777984 0.020570 0.018580 0.009685 0.000628 0.161070 0.011482 2.685756
0.778029 0.020549 0.018536 0.009668 0.000627 0.161102 0.011491 2.687768
0.778056 0.020474 0.018511 0.009697 0.000629 0.161137 0.011496 2.689794
0.778003 0.020507 0.018572 0.009645 0.000621 0.161151 0.011503 2.691787
