0.369768 0.061467 0.054915 0.031327 0.002010 0.474747 0.005765 1.551040
0.372505 0.058718 0.054934 0.031113 0.002012 0.474926 0.005792 1.556981
0.376034 0.055503 0.054634 0.030814 0.002020 0.475185 0.005811 1.562566
0.380096 0.052008 0.054408 0.030415 0.002017 0.475222 0.005834 1.567888
0.384711 0.048545 0.053827 0.029877 0.002018 0.475164 0.005857 1.572786
0.389428 0.045194 0.053085 0.029180 0.002014 0.475218 0.005881 1.577365
0.394338 0.041914 0.052197 0.028535 0.002007 0.475108 0.005902 1.581620
0.399383 0.038804 0.051314 0.027769 0.001997 0.474805 0.005928 1.585597
0.404605 0.035836 0.050230 0.026991 0.001998 0.474396 0.005946 1.589309
0.409883 0.033092 0.049103 0.026093 0.001997 0.473861 0.005972 1.592687
0.415195 0.030589 0.047809 0.025213 0.001990 0.473212 0.005994 1.595786
0.420537 0.028293 0.046373 0.024373 0.001967 0.472438 0.006019 1.598649
0.425996 0.026150 0.044885 0.023514 0.001946 0.471466 0.006043 1.601276
0.431383 0.024188 0.043446 0.022631 0.001946 0.470347 0.006060 1.603699
0.436877 0.022278 0.042016 0.021678 0.001931 0.469139 0.006082 1.606011
0.442317 0.020591 0.040465 0.020795 0.001907 0.467818 0.006106 1.608093
0.447759 0.019003 0.038982 0.019941 0.001888 0.466293 0.006134 1.610050
0.453173 0.017597 0.037438 0.019100 0.001855 0.464678 0.006159 1.611797
0.458688 0.016272 0.036021 0.018225 0.001828 0.462782 0.006183 1.613435
0.464227 0.015066 0.034595 0.017349 0.001807 0.460748 0.006209 1.614928
0.469577 0.013922 0.033237 0.016564 0.001775 0.458695 0.006230 1.616373
0.475049 0.012858 0.031866 0.015796 0.001748 0.456428 0.006255 1.617709
0.480491 0.011890 0.030485 0.015049 0.001721 0.454084 0.006279 1.618939
0.485868 0.011038 0.029193 0.014310 0.001689 0.451601 0.006301 1.620062
0.491286 0.010266 0.027905 0.013660 0.001665 0.448895 0.006321 1.621099
0.496667 0.009514 0.026632 0.012977 0.001638 0.446233 0.006340 1.622068
0.501931 0.008832 0.025417 0.012313 0.001618 0.443530 0.006359 1.622979
0.507179 0.008254 0.024206 0.011693 0.001577 0.440716 0.006377 1.623782
0.512425 0.007636 0.023075 0.011136 0.001541 0.437793 0.006395 1.624599
0.517761 0.007080 0.022030 0.010569 0.001496 0.434647 0.006418 1.625344
0.523004 0.006620 0.020974 0.010015 0.001458 0.431491 0.006438 1.626002
0.528172 0.006189 0.019975 0.009486 0.001428 0.428297 0.006454 1.626620
0.533345 0.005787 0.018982 0.009030 0.001399 0.424980 0.006476 1.627200
0.538413 0.005420 0.018060 0.008563 0.001375 0.421675 0.006493 1.627747
0.543504 0.005065 0.017160 0.008128 0.001336 0.418295 0.006513 1.628258
0.548567 0.004766 0.016302 0.007681 0.001310 0.414845 0.006530 1.628723
0.553547 0.004460 0.015489 0.007271 0.001278 0.411410 0.006543 1.629182
0.558522 0.004186 0.014751 0.006874 0.001254 0.407859 0.006554 1.629604
0.563457 0.003952 0.014011 0.006468 0.001226 0.404319 0.006568 1.629983
0.568420 0.003699 0.013277 0.006134 0.001199 0.400691 0.006581 1.630356
0.573252 0.003466 0.012617 0.005800 0.001170 0.397100 0.006595 1.630711
0.578081 0.003262 0.011998 0.005485 0.001137 0.393425 0.006612 1.631041
0.582771 0.003073 0.011401 0.005198 0.001107 0.389826 0.006625 1.631355
0.587458 0.002906 0.010794 0.004942 0.001077 0.386188 0.006636 1.631650
0.592068 0.002731 0.010256 0.004644 0.001050 0.382604 0.006647 1.631942
0.596677 0.002604 0.009747 0.004396 0.001010 0.378908 0.006658 1.632194
0.601353 0.002472 0.009209 0.004159 0.000984 0.375156 0.006668 1.632440
0.605945 0.002336 0.008719 0.003929 0.000956 0.371435 0.006681 1.632674
0.610413 0.002212 0.008263 0.003730 0.000926 0.367764 0.006692 1.632898
0.614875 0.002081 0.007874 0.003533 0.000896 0.364038 0.006704 1.633120
0.619314 0.001979 0.007487 0.003339 0.000867 0.360297 0.006718 1.633307
0.623690 0.001861 0.007101 0.003170 0.000846 0.356607 0.006728 1.633509
0.628043 0.001763 0.006724 0.003002 0.000826 0.352901 0.006743 1.633694
0.632336 0.001680 0.006385 0.002828 0.000805 0.349211 0.006756 1.633870
0.636633 0.001578 0.006051 0.002680 0.000783 0.345510 0.006765 1.634041
0.640814 0.001506 0.005757 0.002532 0.000752 0.341867 0.006774 1.634190
0.645021 0.001440 0.005438 0.002387 0.000739 0.338194 0.006782 1.634331
0.649152 0.001359 0.005171 0.002251 0.000719 0.334559 0.006791 1.634471
0.653232 0.001301 0.004907 0.002138 0.000699 0.330924 0.006799 1.634600
0.657238 0.001237 0.004666 0.002026 0.000680 0.327346 0.006809 1.634720
0.661175 0.001165 0.004440 0.001920 0.000655 0.323829 0.006816 1.634855
0.665114 0.001107 0.004226 0.001822 0.000638 0.320271 0.006822 1.634974
0.669032 0.001071 0.004000 0.001717 0.000618 0.316730 0.006832 1.635070
0.672923 0.001030 0.003777 0.001618 0.000602 0.313211 0.006839 1.635168
0.676769 0.001000 0.003572 0.001539 0.000578 0.309695 0.006848 1.635258
0.680519 0.000948 0.003409 0.001453 0.000567 0.306252 0.006853 1.635366
0.684257 0.000906 0.003210 0.001376 0.000552 0.302839 0.006860 1.635454
0.687938 0.000871 0.003045 0.001317 0.000532 0.299431 0.006866 1.635540
0.691623 0.000833 0.002891 0.001255 0.000518 0.296007 0.006872 1.635623
0.695284 0.000798 0.002764 0.001190 0.000501 0.292587 0.006878 1.635703
0.698884 0.000771 0.002630 0.001136 0.000484 0.289210 0.006885 1.635785
0.702446 0.000747 0.002491 0.001070 0.000471 0.285886 0.006890 1.635857
0.705983 0.000725 0.002358 0.001016 0.000458 0.282567 0.006894 1.635924
0.709367 0.000691 0.002239 0.000965 0.000437 0.279400 0.006901 1.635991
0.712773 0.000683 0.002134 0.000921 0.000421 0.276164 0.006904 1.636053
0.716169 0.000657 0.002035 0.000869 0.000412 0.272949 0.006910 1.636122
0.719490 0.000630 0.001936 0.000826 0.000396 0.269802 0.006921 1.636183
0.722860 0.000603 0.001869 0.000791 0.000381 0.266570 0.006927 1.636252
0.726125 0.000578 0.001778 0.000756 0.000369 0.263463 0.006932 1.636315
0.729361 0.000552 0.001694 0.000722 0.000362 0.260374 0.006936 1.636375
0.732568 0.000535 0.001609 0.000677 0.000353 0.257320 0.006940 1.636418
0.735781 0.000511 0.001532 0.000651 0.000340 0.254242 0.006944 1.636474
0.738905 0.000487 0.001465 0.000621 0.000326 0.251247 0.006949 1.636524
0.741999 0.000463 0.001388 0.000593 0.000314 0.248289 0.006954 1.636578
0.745025 0.000454 0.001335 0.000562 0.000304 0.245364 0.006957 1.636618
0.748093 0.000440 0.001274 0.000530 0.000294 0.242409 0.006960 1.636662
0.751074 0.000416 0.001212 0.000509 0.000285 0.239541 0.006964 1.636712
0.753991 0.000400 0.001154 0.000479 0.000269 0.236738 0.006969 1.636751
0.756936 0.000388 0.001107 0.000461 0.000263 0.233874 0.006972 1.636789
0.759865 0.000380 0.001051 0.000439 0.000254 0.231038 0.006975 1.636821
0.762753 0.000369 0.001003 0.000424 0.000247 0.228228 0.006977 1.636853
0.765637 0.000354 0.000945 0.000411 0.000244 0.225432 0.006978 1.636889
0.768416 0.000337 0.000905 0.000394 0.000235 0.222732 0.006983 1.636923
0.771167 0.000318 0.000870 0.000378 0.000227 0.220054 0.006987 1.636956
0.773827 0.000308 0.000821 0.000362 0.000216 0.217474 0.006992 1.636985
0.776469 0.000297 0.000793 0.000348 0.000211 0.214888 0.006995 1.637017
0.779136 0.000287 0.000754 0.000335 0.000206 0.212286 0.006996 1.637049
0.781762 0.000282 0.000718 0.000314 0.000200 0.209726 0.006998 1.637073
0.784373 0.000267 0.000684 0.000305 0.000195 0.207177 0.006999 1.637104
0.786960 0.000256 0.000659 0.000288 0.000189 0.204648 0.007000 1.637130
0.789511 0.000248 0.000628 0.000280 0.000184 0.202148 0.007001 1.637155
0.792005 0.000238 0.000601 0.000265 0.000179 0.199709 0.007003 1.637179
0.794447 0.000238 0.000572 0.000257 0.000172 0.197308 0.007006 1.637196
0.796855 0.000230 0.000549 0.000249 0.000164 0.194943 0.007011 1.637218
0.799164 0.000217 0.000528 0.000235 0.000160 0.192685 0.007012 1.637243
0.801505 0.000215 0.000504 0.000224 0.000153 0.190386 0.007014 1.637263
0.803855 0.000208 0.000480 0.000213 0.000150 0.188081 0.007015 1.637283
0.806119 0.000195 0.000456 0.000201 0.000145 0.185870 0.007016 1.637307
0.808410 0.000185 0.000444 0.000194 0.000142 0.183608 0.007017 1.637328
0.810700 0.000176 0.000427 0.000183 0.000136 0.181359 0.007020 1.637345
0.812936 0.000165 0.000407 0.000177 0.000130 0.179163 0.007022 1.637367
0.815145 0.000159 0.000388 0.000158 0.000126 0.176999 0.007024 1.637383
0.817367 0.000159 0.000368 0.000149 0.000119 0.174810 0.007026 1.637398
0.819507 0.000155 0.000349 0.000142 0.000114 0.172706 0.007028 1.637412
0.821640 0.000148 0.000336 0.000139 0.000110 0.170596 0.007030 1.637426
0.823804 0.000141 0.000322 0.000135 0.000107 0.168458 0.007031 1.637441
0.825887 0.000139 0.000304 0.000127 0.000102 0.166406 0.007033 1.637449
0.827928 0.000136 0.000287 0.000124 0.000096 0.164391 0.007036 1.637463
0.829947 0.000133 0.000273 0.000121 0.000093 0.162394 0.007037 1.637474
0.831962 0.000126 0.000265 0.000114 0.000089 0.160404 0.007039 1.637490
0.833859 0.000122 0.000253 0.000111 0.000084 0.158531 0.007041 1.637503
0.835773 0.000116 0.000243 0.000105 0.000082 0.156637 0.007043 1.637514
0.837603 0.000115 0.000232 0.000101 0.000079 0.154825 0.007044 1.637522
0.839506 0.000110 0.000225 0.000096 0.000078 0.152940 0.007045 1.637534
0.841332 0.000102 0.000215 0.000096 0.000075 0.151134 0.007046 1.637547
0.843108 0.000099 0.000208 0.000090 0.000075 0.149374 0.007046 1.637556
0.844918 0.000099 0.000198 0.000088 0.000072 0.147578 0.007047 1.637564
0.846679 0.000096 0.000187 0.000083 0.000071 0.145835 0.007047 1.637570
0.848405 0.000093 0.000180 0.000081 0.000068 0.144123 0.007049 1.637581
0.850054 0.000088 0.000180 0.000080 0.000064 0.142483 0.007051 1.637590
0.851729 0.000089 0.000173 0.000079 0.000065 0.140813 0.007051 1.637597
0.853372 0.000088 0.000168 0.000075 0.000064 0.139180 0.007051 1.637605
0.855010 0.000080 0.000163 0.000074 0.000061 0.137558 0.007052 1.637616
0.856618 0.000078 0.000155 0.000072 0.000058 0.135966 0.007053 1.637624
0.858151 0.000078 0.000147 0.000069 0.000056 0.134446 0.007053 1.637631
0.859655 0.000073 0.000143 0.000067 0.000053 0.132954 0.007054 1.637638
0.861109 0.000068 0.000135 0.000066 0.000049 0.131517 0.007056 1.637647
0.862497 0.000064 0.000133 0.000061 0.000046 0.130141 0.007057 1.637656
0.863849 0.000061 0.000126 0.000060 0.000045 0.128802 0.007057 1.637662
0.865160 0.000059 0.000123 0.000055 0.000042 0.127502 0.007058 1.637668
0.866471 0.000056 0.000118 0.000054 0.000042 0.126201 0.007058 1.637673
0.867703 0.000058 0.000112 0.000052 0.000041 0.124975 0.007059 1.637677
0.868928 0.000058 0.000108 0.000047 0.000039 0.123761 0.007059 1.637682
0.870072 0.000057 0.000103 0.000044 0.000036 0.122628 0.007060 1.637685
0.871187 0.000053 0.000099 0.000044 0.000034 0.121522 0.007061 1.637690
0.872289 0.000057 0.000093 0.000043 0.000034 0.120423 0.007061 1.637692
0.873370 0.000055 0.000092 0.000043 0.000032 0.119347 0.007061 1.637698
0.874375 0.000052 0.000087 0.000042 0.000030 0.118352 0.007062 1.637704
0.875335 0.000050 0.000083 0.000043 0.000029 0.117398 0.007063 1.637708
0.876294 0.000049 0.000077 0.000043 0.000028 0.116445 0.007064 1.637711
0.877215 0.000044 0.000078 0.000041 0.000027 0.115530 0.007065 1.637720
0.878075 0.000042 0.000079 0.000038 0.000026 0.114674 0.007065 1.637726
0.878939 0.000041 0.000076 0.000036 0.000026 0.113817 0.007065 1.637729
0.879767 0.000041 0.000072 0.000034 0.000025 0.112996 0.007065 1.637733
0.880596 0.000039 0.000071 0.000031 0.000025 0.112173 0.007065 1.637737
0.881376 0.000036 0.000068 0.000028 0.000024 0.111402 0.007066 1.637742
0.882139 0.000036 0.000066 0.000028 0.000023 0.110642 0.007066 1.637744
0.882891 0.000035 0.000063 0.000026 0.000022 0.109898 0.007066 1.637747
0.883603 0.000033 0.000061 0.000024 0.000022 0.109190 0.007066 1.637750
0.884295 0.000033 0.000058 0.000022 0.000021 0.108503 0.007067 1.637753
0.884932 0.000031 0.000058 0.000022 0.000021 0.107869 0.007067 1.637757
0.885541 0.000030 0.000056 0.000022 0.000021 0.107265 0.007067 1.637760
0.886119 0.000026 0.000056 0.000022 0.000020 0.106689 0.007067 1.637765
0.886727 0.000027 0.000053 0.000021 0.000020 0.106085 0.007067 1.637767
0.887283 0.000027 0.000050 0.000019 0.000019 0.105535 0.007068 1.637770
0.887843 0.000025 0.000050 0.000020 0.000019 0.104975 0.007068 1.637774
0.888326 0.000023 0.000048 0.000018 0.000019 0.104497 0.007068 1.637775
0.888800 0.000024 0.000048 0.000018 0.000019 0.104023 0.007068 1.637777
0.889253 0.000025 0.000045 0.000017 0.000018 0.103575 0.007068 1.637778
0.889719 0.000023 0.000044 0.000015 0.000018 0.103113 0.007069 1.637781
0.890162 0.000021 0.000042 0.000015 0.000017 0.102674 0.007069 1.637784
0.890630 0.000020 0.000037 0.000015 0.000016 0.102211 0.007069 1.637785
0.891057 0.000020 0.000034 0.000015 0.000016 0.101786 0.007069 1.637787
0.891453 0.000018 0.000036 0.000013 0.000014 0.101394 0.007070 1.637790
0.891861 0.000018 0.000035 0.000013 0.000014 0.100988 0.007070 1.637791
0.892266 0.000019 0.000033 0.000013 0.000014 0.100585 0.007070 1.637792
0.892625 0.000020 0.000032 0.000012 0.000013 0.100227 0.007070 1.637793
0.892975 0.000019 0.000032 0.000011 0.000012 0.099881 0.007070 1.637795
0.893294 0.000017 0.000033 0.000011 0.000012 0.099562 0.007070 1.637798
0.893637 0.000017 0.000031 0.000010 0.000012 0.099223 0.007070 1.637800
0.893970 0.000018 0.000027 0.000009 0.000010 0.098895 0.007070 1.637800
0.894283 0.000020 0.000027 0.000010 0.000010 0.098580 0.007071 1.637801
0.894592 0.000022 0.000027 0.000010 0.000009 0.098270 0.007071 1.637803
0.894867 0.000019 0.000028 0.000010 0.000008 0.097997 0.007071 1.637805
0.895101 0.000017 0.000026 0.000010 0.000008 0.097767 0.007071 1.637809
0.895344 0.000016 0.000024 0.000009 0.000008 0.097529 0.007071 1.637811
0.895557 0.000015 0.000021 0.000008 0.000008 0.097321 0.007071 1.637812
0.895755 0.000015 0.000019 0.000008 0.000008 0.097124 0.007071 1.637813
0.895961 0.000014 0.000019 0.000008 0.000007 0.096919 0.007071 1.637814
0.896149 0.000011 0.000021 0.000007 0.000007 0.096735 0.007071 1.637818
0.896333 0.000012 0.000019 0.000006 0.000007 0.096552 0.007071 1.637818
0.896503 0.000010 0.000018 0.000006 0.000007 0.096384 0.007071 1.637819
0.896683 0.000009 0.000016 0.000007 0.000006 0.096208 0.007072 1.637821
0.896842 0.000009 0.000014 0.000007 0.000006 0.096050 0.007072 1.637822
0.896982 0.000008 0.000014 0.000008 0.000006 0.095909 0.007072 1.637823
0.897129 0.000008 0.000015 0.000008 0.000006 0.095764 0.007072 1.637824
0.897242 0.000007 0.000016 0.000008 0.000006 0.095650 0.007072 1.637826
0.897368 0.000006 0.000014 0.000008 0.000005 0.095527 0.007072 1.637827
0.897475 0.000007 0.000013 0.000007 0.000005 0.095421 0.007073 1.637827
0.897574 0.000006 0.000013 0.000007 0.000005 0.095323 0.007073 1.637828
0.897680 0.000007 0.000013 0.000007 0.000005 0.095215 0.007073 1.637829
0.897793 0.000006 0.000014 0.000008 0.000005 0.095103 0.007073 1.637831
0.897909 0.000006 0.000015 0.000007 0.000005 0.094987 0.007073 1.637832
0.898011 0.000006 0.000014 0.000007 0.000005 0.094886 0.007073 1.637832
0.898111 0.000004 0.000015 0.000007 0.000005 0.094786 0.007073 1.637834
0.898200 0.000003 0.000014 0.000007 0.000005 0.094698 0.007073 1.637835
0.898286 0.000003 0.000014 0.000006 0.000005 0.094613 0.007073 1.637835
0.898367 0.000004 0.000013 0.000005 0.000005 0.094534 0.007073 1.637835
0.898458 0.000004 0.000012 0.000005 0.000004 0.094444 0.007073 1.637835
0.898541 0.000004 0.000012 0.000004 0.000003 0.094363 0.007073 1.637835
0.898622 0.000003 0.000011 0.000005 0.000003 0.094283 0.007073 1.637836
0.898695 0.000003 0.000010 0.000004 0.000003 0.094212 0.007073 1.637836
0.898759 0.000003 0.000009 0.000004 0.000003 0.094149 0.007073 1.637836
0.898821 0.000004 0.000008 0.000003 0.000003 0.094088 0.007073 1.637836
0.898877 0.000005 0.000008 0.000003 0.000003 0.094032 0.007073 1.637836
0.898943 0.000006 0.000008 0.000003 0.000003 0.093964 0.007073 1.637836
0.899009 0.000005 0.000007 0.000003 0.000003 0.093900 0.007074 1.637837
0.899061 0.000004 0.000007 0.000003 0.000002 0.093849 0.007074 1.637838
0.899105 0.000005 0.000006 0.000003 0.000002 0.093806 0.007074 1.637838
0.899147 0.000006 0.000005 0.000003 0.000002 0.093764 0.007074 1.637838
0.899187 0.000005 0.000005 0.000003 0.000002 0.093724 0.007074 1.637838
0.899225 0.000007 0.000006 0.000003 0.000002 0.093684 0.007074 1.637839
0.899269 0.000006 0.000006 0.000003 0.000001 0.093641 0.007075 1.637840
0.899306 0.000005 0.000007 0.000003 0.000002 0.093603 0.007075 1.637841
0.899344 0.000005 0.000007 0.000003 0.000002 0.093565 0.007075 1.637841
0.899385 0.000005 0.000007 0.000003 0.000002 0.093525 0.007075 1.637841
0.899430 0.000005 0.000006 0.000002 0.000002 0.093480 0.007075 1.637841
0.899469 0.000005 0.000006 0.000002 0.000002 0.093441 0.007075 1.637841
0.899501 0.000005 0.000006 0.000002 0.000002 0.093410 0.007075 1.637841
0.899534 0.000003 0.000006 0.000003 0.000002 0.093377 0.007075 1.637842
0.899562 0.000003 0.000006 0.000003 0.000002 0.093350 0.007075 1.637842
0.899590 0.000003 0.000006 0.000003 0.000001 0.093323 0.007075 1.637842
0.899609 0.000003 0.000006 0.000002 0.000001 0.093304 0.007075 1.637843
0.899626 0.000003 0.000006 0.000002 0.000001 0.093286 0.007075 1.637844
0.899643 0.000003 0.000006 0.000002 0.000001 0.093270 0.007075 1.637844
0.899663 0.000005 0.000006 0.000003 0.000000 0.093249 0.007075 1.637844
0.899679 0.000004 0.000006 0.000003 0.000000 0.093233 0.007075 1.637845
0.899696 0.000004 0.000006 0.000003 0.000000 0.093216 0.007075 1.637846
0.899717 0.000004 0.000005 0.000003 0.000000 0.093197 0.007075 1.637846
0.899728 0.000005 0.000004 0.000003 0.000000 0.093185 0.007075 1.637846
0.899746 0.000005 0.000004 0.000003 0.000000 0.093166 0.007075 1.637846
0.899759 0.000005 0.000005 0.000003 0.000000 0.093153 0.007075 1.637847
0.899777 0.000005 0.000005 0.000003 0.000000 0.093135 0.007075 1.637847
0.899795 0.000004 0.000005 0.000004 0.000000 0.093117 0.007075 1.637848
0.899811 0.000004 0.000005 0.000004 0.000000 0.093102 0.007075 1.637848
0.899830 0.000004 0.000005 0.000003 0.000000 0.093084 0.007075 1.637849
0.899841 0.000004 0.000005 0.000003 0.000000 0.093072 0.007075 1.637849
0.899850 0.000005 0.000005 0.000002 0.000000 0.093063 0.007075 1.637849
0.899861 0.000004 0.000006 0.000003 0.000000 0.093051 0.007075 1.637851
0.899872 0.000003 0.000005 0.000003 0.000000 0.093041 0.007075 1.637851
0.899883 0.000003 0.000004 0.000003 0.000000 0.093032 0.007075 1.637852
0.899888 0.000003 0.000004 0.000003 0.000000 0.093027 0.007075 1.637852
0.899896 0.000003 0.000004 0.000003 0.000000 0.093019 0.007075 1.637852
0.899908 0.000003 0.000003 0.000003 0.000000 0.093008 0.007075 1.637852
0.899914 0.000003 0.000003 0.000004 0.000000 0.093000 0.007075 1.637853
0.899919 0.000003 0.000003 0.000003 0.000000 0.092996 0.007075 1.637853
0.899928 0.000003 0.000003 0.000003 0.000000 0.092987 0.007075 1.637853
0.899933 0.000003 0.000004 0.000003 0.000000 0.092982 0.007075 1.637854
0.899938 0.000003 0.000004 0.000003 0.000000 0.092977 0.007075 1.637854
0.899944 0.000003 0.000004 0.000003 0.000000 0.092971 0.007075 1.637854
0.899951 0.000002 0.000005 0.000003 0.000000 0.092965 0.007075 1.637854
0.899956 0.000003 0.000004 0.000002 0.000000 0.092960 0.007075 1.637854
0.899962 0.000003 0.000003 0.000002 0.000000 0.092955 0.007075 1.637854
0.899970 0.000003 0.000003 0.000002 0.000000 0.092948 0.007075 1.637854
0.899975 0.000003 0.000003 0.000002 0.000000 0.092942 0.007075 1.637854
0.899985 0.000003 0.000003 0.000001 0.000000 0.092933 0.007075 1.637854
0.899990 0.000003 0.000003 0.000001 0.000000 0.092928 0.007075 1.637854
0.899995 0.000002 0.000003 0.000002 0.000000 0.092923 0.007075 1.637855
0.899998 0.000002 0.000003 0.000002 0.000000 0.092921 0.007075 1.637855
0.900002 0.000002 0.000003 0.000001 0.000000 0.092917 0.007075 1.637855
0.900010 0.000002 0.000003 0.000002 0.000000 0.092909 0.007075 1.637855
0.900014 0.000002 0.000003 0.000002 0.000000 0.092906 0.007075 1.637855
0.900017 0.000002 0.000003 0.000002 0.000000 0.092902 0.007075 1.637855
0.900022 0.000002 0.000003 0.000002 0.000000 0.092898 0.007075 1.637855
0.900026 0.000002 0.000003 0.000002 0.000000 0.092893 0.007075 1.637855
0.900030 0.000001 0.000003 0.000002 0.000000 0.092889 0.007075 1.637857
0.900038 0.000001 0.000003 0.000002 0.000000 0.092881 0.007075 1.637857
0.900042 0.000001 0.000003 0.000002 0.000000 0.092877 0.007075 1.637857
0.900048 0.000001 0.000003 0.000002 0.000000 0.092871 0.007075 1.637857
0.900054 0.000000 0.000003 0.000001 0.000000 0.092866 0.007075 1.637857
0.900058 0.000000 0.000003 0.000002 0.000000 0.092862 0.007075 1.637857
0.900062 0.000000 0.000003 0.000002 0.000000 0.092858 0.007075 1.637857
0.900066 0.000000 0.000003 0.000001 0.000000 0.092855 0.007075 1.637857
0.900069 0.000000 0.000003 0.000001 0.000000 0.092852 0.007075 1.637857
0.900075 0.000000 0.000003 0.000001 0.000000 0.092847 0.007075 1.637857
0.900080 0.000000 0.000003 0.000001 0.000000 0.092842 0.007075 1.637857
0.900086 0.000000 0.000003 0.000001 0.000000 0.092836 0.007075 1.637857
0.900088 0.000000 0.000002 0.000001 0.000000 0.092834 0.007075 1.637857
0.900089 0.000000 0.000002 0.000001 0.000000 0.092833 0.007075 1.637857
0.900090 0.000000 0.000002 0.000001 0.000000 0.092831 0.007075 1.637857
0.900094 0.000000 0.000002 0.000001 0.000000 0.092828 0.007075 1.637857
0.900097 0.000000 0.000001 0.000001 0.000000 0.092826 0.007075 1.637857
0.900100 0.000000 0.000001 0.000000 0.000000 0.092823 0.007075 1.637857
0.900103 0.000000 0.000000 0.000000 0.000000 0.092820 0.007075 1.637857
0.900106 0.000000 0.000000 0.000000 0.000000 0.092817 0.007075 1.637857
0.900112 0.000000 0.000000 0.000000 0.000000 0.092812 0.007075 1.637857
0.900115 0.000000 0.000000 0.000000 0.000000 0.092809 0.007075 1.637857
0.900117 0.000000 0.000000 0.000000 0.000000 0.092807 0.007075 1.637857
0.900120 0.000000 0.000000 0.000000 0.000000 0.092803 0.007075 1.637857
0.900123 0.000000 0.000000 0.000000 0.000000 0.092800 0.007075 1.637857
0.900126 0.000000 0.000000 0.000000 0.000000 0.092797 0.007075 1.637857
0.900127 0.000001 0.000000 0.000000 0.000000 0.092796 0.007075 1.637857
0.900128 0.000001 0.000000 0.000000 0.000000 0.092795 0.007075 1.637857
0.900133 0.000000 0.000001 0.000000 0.000000 0.092790 0.007075 1.637858
0.900134 0.000001 0.000001 0.000000 0.000000 0.092789 0.007075 1.637858
0.900136 0.000001 0.000001 0.000000 0.000000 0.092787 0.007075 1.637858
0.900137 0.000001 0.000001 0.000000 0.000000 0.092786 0.007075 1.637858
0.900138 0.000000 0.000001 0.000000 0.000000 0.092784 0.007075 1.637859
0.900139 0.000000 0.000001 0.000000 0.000000 0.092783 0.007075 1.637859
0.900140 0.000001 0.000001 0.000000 0.000000 0.092782 0.007075 1.637859
0.900141 0.000001 0.000001 0.000000 0.000000 0.092781 0.007075 1.637859
0.900142 0.000001 0.000002 0.000000 0.000000 0.092779 0.007075 1.637859
0.900144 0.000001 0.000002 0.000000 0.000000 0.092777 0.007075 1.637859
0.900147 0.000001 0.000001 0.000000 0.000000 0.092775 0.007075 1.637859
0.900150 0.000001 0.000001 0.000000 0.000000 0.092772 0.007075 1.637860
0.900152 0.000001 0.000001 0.000000 0.000000 0.092770 0.007075 1.637860
0.900154 0.000001 0.000001 0.000000 0.000000 0.092768 0.007075 1.637860
0.900155 0.000001 0.000001 0.000000 0.000000 0.092767 0.007075 1.637860
0.900158 0.000001 0.000001 0.000000 0.000000 0.092764 0.007075 1.637860
0.900161 0.000001 0.000001 0.000000 0.000000 0.092761 0.007075 1.637860
0.900162 0.000001 0.000001 0.000000 0.000000 0.092760 0.007075 1.637860
0.900166 0.000001 0.000001 0.000000 0.000000 0.092756 0.007075 1.637860
0.900167 0.000000 0.000001 0.000000 0.000000 0.092755 0.007075 1.637861
0.900170 0.000000 0.000001 0.000000 0.000000 0.092753 0.007075 1.637861
0.900172 0.000000 0.000000 0.000000 0.000000 0.092751 0.007075 1.637861
0.900174 0.000000 0.000001 0.000000 0.000000 0.092749 0.007075 1.637861
0.900176 0.000000 0.000001 0.000000 0.000000 0.092747 0.007075 1.637861
0.900179 0.000000 0.000001 0.000000 0.000000 0.092745 0.007075 1.637861
0.900180 0.000000 0.000001 0.000000 0.000000 0.092743 0.007075 1.637861
0.900182 0.000000 0.000001 0.000000 0.000000 0.092741 0.007075 1.637861
0.900184 0.000000 0.000001 0.000000 0.000000 0.092740 0.007075 1.637861
0.900185 0.000000 0.000001 0.000000 0.000000 0.092739 0.007075 1.637861
0.900186 0.000000 0.000001 0.000000 0.000000 0.092737 0.007075 1.637861
0.900187 0.000000 0.000001 0.000000 0.000000 0.092736 0.007075 1.637861
0.900188 0.000000 0.000001 0.000000 0.000000 0.092735 0.007075 1.637861
0.900189 0.000000 0.000001 0.000000 0.000000 0.092734 0.007075 1.637861
0.900192 0.000000 0.000001 0.000000 0.000000 0.092732 0.007075 1.637861
0.900193 0.000000 0.000001 0.000000 0.000000 0.092731 0.007075 1.637861
0.900194 0.000000 0.000001 0.000000 0.000000 0.092730 0.007075 1.637861
0.900196 0.000000 0.000001 0.000000 0.000000 0.092728 0.007075 1.637861
0.900197 0.000000 0.000001 0.000000 0.000000 0.092727 0.007075 1.637861
0.900198 0.000000 0.000001 0.000000 0.000000 0.092726 0.007075 1.637861
0.900198 0.000000 0.000001 0.000000 0.000000 0.092726 0.007075 1.637861
0.900199 0.000000 0.000001 0.000000 0.000000 0.092725 0.007075 1.637861
0.900200 0.000000 0.000001 0.000000 0.000000 0.092724 0.007075 1.637861
0.900201 0.000000 0.000001 0.000000 0.000000 0.092724 0.007075 1.637861
0.900201 0.000000 0.000001 0.000000 0.000000 0.092723 0.007075 1.637861
0.900202 0.000000 0.000001 0.000000 0.000000 0.092722 0.007075 1.637861
0.900202 0.000000 0.000001 0.000000 0.000000 0.092722 0.007075 1.637861
0.900203 0.000000 0.000001 0.000000 0.000000 0.092721 0.007075 1.637861
0.900204 0.000000 0.000001 0.000000 0.000000 0.092720 0.007075 1.637861
0.900204 0.000000 0.000001 0.000000 0.000000 0.092720 0.007075 1.637861
0.900205 0.000000 0.000001 0.000000 0.000000 0.092719 0.007075 1.637861
0.900205 0.000000 0.000001 0.000000 0.000000 0.092719 0.007075 1.637861
0.900206 0.000000 0.000001 0.000000 0.000000 0.092718 0.007075 1.637861
0.900206 0.000000 0.000001 0.000000 0.000000 0.092718 0.007075 1.637861
0.900207 0.000000 0.000001 0.000000 0.000000 0.092717 0.007075 1.637861
0.900208 0.000000 0.000001 0.000000 0.000000 0.092716 0.007075 1.637861
0.900208 0.000000 0.000001 0.000000 0.000000 0.092716 0.007075 1.637861
0.900209 0.000000 0.000001 0.000000 0.000000 0.092715 0.007075 1.637861
0.900210 0.000000 0.000001 0.000000 0.000000 0.092714 0.007075 1.637861
0.900210 0.000000 0.000000 0.000000 0.000000 0.092714 0.007075 1.637861
0.900211 0.000000 0.000000 0.000000 0.000000 0.092714 0.007075 1.637861
0.900211 0.000000 0.000000 0.000000 0.000000 0.092713 0.007075 1.637861
0.900212 0.000000 0.000000 0.000000 0.000000 0.092713 0.007075 1.637861
0.900211 0.000000 0.000000 0.000000 0.000000 0.092713 0.007075 1.637861
0.900211 0.000000 0.000001 0.000000 0.000000 0.092712 0.007075 1.637862
0.900212 0.000000 0.000001 0.000000 0.000000 0.092711 0.007075 1.637862
0.900212 0.000000 0.000001 0.000000 0.000000 0.092711 0.007075 1.637862
0.900213 0.000000 0.000001 0.000000 0.000000 0.092711 0.007075 1.637862
0.900213 0.000000 0.000001 0.000000 0.000000 0.092710 0.007075 1.637862
0.900214 0.000000 0.000001 0.000000 0.000000 0.092710 0.007075 1.637862
0.900213 0.000000 0.000001 0.000000 0.000000 0.092710 0.007075 1.637862
0.900214 0.000000 0.000001 0.000000 0.000000 0.092709 0.007075 1.637862
0.900215 0.000000 0.000001 0.000000 0.000000 0.092708 0.007075 1.637862
0.900216 0.000000 0.000001 0.000000 0.000000 0.092707 0.007075 1.637862
0.900217 0.000000 0.000001 0.000000 0.000000 0.092706 0.007075 1.637862
0.900217 0.000000 0.000001 0.000000 0.000000 0.092706 0.007075 1.637862
0.900217 0.000001 0.000001 0.000000 0.000000 0.092705 0.007075 1.637862
0.900217 0.000001 0.000002 0.000000 0.000000 0.092705 0.007075 1.637863
0.900216 0.000001 0.000002 0.000000 0.000000 0.092705 0.007075 1.637863
0.900216 0.000002 0.000002 0.000000 0.000000 0.092705 0.007075 1.637863
0.900217 0.000001 0.000002 0.000000 0.000000 0.092704 0.007075 1.637863
0.900217 0.000001 0.000003 0.000000 0.000000 0.092704 0.007075 1.637864
0.900216 0.000001 0.000003 0.000000 0.000000 0.092704 0.007075 1.637864
0.900216 0.000001 0.000002 0.000001 0.000000 0.092705 0.007075 1.637864
0.900216 0.000001 0.000002 0.000001 0.000000 0.092704 0.007075 1.637864
0.900217 0.000001 0.000002 0.000001 0.000000 0.092704 0.007075 1.637864
0.900217 0.000001 0.000002 0.000001 0.000000 0.092703 0.007075 1.637864
0.900218 0.000001 0.000001 0.000001 0.000000 0.092703 0.007075 1.637864
0.900219 0.000001 0.000001 0.000001 0.000000 0.092702 0.007075 1.637864
0.900219 0.000001 0.000001 0.000001 0.000000 0.092702 0.007075 1.637864
0.900219 0.000001 0.000001 0.000001 0.000000 0.092702 0.007075 1.637864
0.900219 0.000002 0.000001 0.000001 0.000000 0.092702 0.007075 1.637864
0.900219 0.000001 0.000001 0.000001 0.000000 0.092702 0.007075 1.637865
0.900218 0.000001 0.000002 0.000001 0.000000 0.092702 0.007075 1.637865
0.900219 0.000001 0.000002 0.000001 0.000000 0.092701 0.007075 1.637865
0.900218 0.000001 0.000003 0.000001 0.000000 0.092701 0.007075 1.637866
0.900219 0.000001 0.000003 0.000001 0.000000 0.092701 0.007075 1.637867
0.900219 0.000001 0.000003 0.000001 0.000000 0.092701 0.007075 1.637867
0.900219 0.000002 0.000002 0.000001 0.000000 0.092701 0.007075 1.637867
0.900219 0.000002 0.000001 0.000001 0.000000 0.092701 0.007075 1.637867
0.900219 0.000003 0.000001 0.000001 0.000000 0.092701 0.007075 1.637867
0.900219 0.000003 0.000001 0.000001 0.000000 0.092700 0.007075 1.637867
0.900219 0.000003 0.000001 0.000001 0.000000 0.092700 0.007075 1.637867
0.900219 0.000003 0.000001 0.000002 0.000000 0.092700 0.007075 1.637868
0.900220 0.000003 0.000001 0.000002 0.000000 0.092699 0.007075 1.637868
0.900220 0.000002 0.000002 0.000002 0.000000 0.092699 0.007075 1.637868
0.900220 0.000002 0.000001 0.000002 0.000000 0.092700 0.007075 1.637868
0.900220 0.000002 0.000001 0.000002 0.000000 0.092699 0.007075 1.637868
0.900220 0.000002 0.000001 0.000001 0.000000 0.092700 0.007075 1.637868
0.900220 0.000001 0.000001 0.000002 0.000000 0.092700 0.007075 1.637869
0.900221 0.000000 0.000002 0.000002 0.000000 0.092700 0.007075 1.637870
0.900221 0.000000 0.000002 0.000002 0.000000 0.092699 0.007075 1.637870
0.900221 0.000000 0.000001 0.000002 0.000000 0.092700 0.007075 1.637870
0.900221 0.000000 0.000001 0.000002 0.000000 0.092700 0.007075 1.637870
0.900221 0.000000 0.000000 0.000002 0.000000 0.092701 0.007075 1.637870
0.900221 0.000000 0.000000 0.000001 0.000000 0.092701 0.007075 1.637870
0.900222 0.000000 0.000000 0.000001 0.000000 0.092701 0.007075 1.637870
0.900222 0.000000 0.000000 0.000001 0.000000 0.092701 0.007075 1.637870
0.900222 0.000000 0.000000 0.000001 0.000000 0.092702 0.007075 1.637870
0.900222 0.000000 0.000000 0.000001 0.000000 0.092702 0.007075 1.637870
0.900222 0.000000 0.000000 0.000001 0.000000 0.092701 0.007075 1.637870
0.900223 0.000000 0.000000 0.000001 0.000000 0.092701 0.007075 1.637870
0.900223 0.000000 0.000000 0.000001 0.000000 0.092701 0.007075 1.637870
0.900223 0.000000 0.000000 0.000001 0.000000 0.092701 0.007075 1.637870
0.900224 0.000000 0.000000 0.000001 0.000000 0.092700 0.007075 1.637870
0.900224 0.000000 0.000000 0.000000 0.000000 0.092701 0.007075 1.637870
0.900224 0.000000 0.000000 0.000000 0.000000 0.092700 0.007075 1.637870
0.900224 0.000000 0.000000 0.000000 0.000000 0.092701 0.007075 1.637870
0.900224 0.000000 0.000000 0.000000 0.000000 0.092701 0.007075 1.637870
0.900224 0.000000 0.000000 0.000000 0.000000 0.092701 0.007075 1.637870
0.900224 0.000000 0.000000 0.000000 0.000000 0.092701 0.007075 1.637870
0.900224 0.000000 0.000000 0.000000 0.000000 0.092701 0.007075 1.637870
0.900224 0.000000 0.000000 0.000000 0.000000 0.092701 0.007075 1.637870
0.900224 0.000000 0.000000 0.000000 0.000000 0.092701 0.007075 1.637870
0.900224 0.000000 0.000000 0.000000 0.000000 0.092701 0.007075 1.637870
0.900224 0.000000 0.000000 0.000000 0.000000 0.092701 0.007075 1.637870
0.900224 0.000000 0.000000 0.000000 0.000000 0.092701 0.007075 1.637870
0.900224 0.000000 0.000000 0.000000 0.000000 0.092701 0.007075 1.637870
0.900224 0.000000 0.000000 0.000000 0.000000 0.092701 0.007075 1.637870
0.900224 0.000000 0.000000 0.000000 0.000000 0.092701 0.007075 1.637870
0.900224 0.000000 0.000000 0.000000 0.000000 0.092701 0.007075 1.637870
0.900224 0.000000 0.000000 0.000000 0.000000 0.092701 0.007075 1.637870
0.900224 0.000000 0.000000 0.000000 0.000000 0.092701 0.007075 1.637870
0.900224 0.000000 0.000000 0.000000 0.000000 0.092701 0.007075 1.637870
0.900224 0.000000 0.000000 0.000000 0.000000 0.092701 0.007075 1.637870
0.900224 0.000000 0.000000 0.000000 0.000000 0.092701 0.007075 1.637870
0.900224 0.000000 0.000000 0.000000 0.000000 0.092701 0.007075 1.637870
0.900224 0.000000 0.000000 0.000000 0.000000 0.092701 0.007075 1.637870
0.900224 0.000000 0.000000 0.000000 0.000000 0.092701 0.007075 1.637870
0.900224 0.000000 0.000000 0.000000 0.000000 0.092701 0.007075 1.637870
0.900224 0.000000 0.000000 0.000000 0.000000 0.092701 0.007075 1.637870
0.900224 0.000000 0.000000 0.000000 0.000000 0.092701 0.007075 1.637870
0.900224 0.000000 0.000000 0.000000 0.000000 0.092701 0.007075 1.637870
0.900224 0.000000 0.000000 0.000000 0.000000 0.092701 0.007075 1.637870
0.900224 0.000000 0.000000 0.000000 0.000000 0.092701 0.007075 1.637870
0.900224 0.000000 0.000000 0.000000 0.000000 0.092701 0.007075 1.637870
0.900224 0.000000 0.000000 0.000000 0.000000 0.092701 0.007075 1.637870
0.900224 0.000000 0.000000 0.000000 0.000000 0.092701 0.007075 1.637870
0.900224 0.000000 0.000000 0.000000 0.000000 0.092701 0.007075 1.637870
0.900224 0.000000 0.000000 0.000000 0.000000 0.092701 0.007075 1.637870
0.900224 0.000000 0.000000 0.000000 0.000000 0.092701 0.007075 1.637870
0.900224 0.000000 0.000000 0.000000 0.000000 0.092701 0.007075 1.637870
0.900224 0.000000 0.000000 0.000000 0.000000 0.092701 0.007075 1.637870
0.900224 0.000000 0.000000 0.000000 0.000000 0.092701 0.007075 1.637870
0.900224 0.000000 0.000000 0.000000 0.000000 0.092701 0.007075 1.637870
0.900224 0.000000 0.000000 0.000000 0.000000 0.092701 0.007075 1.637870
0.900224 0.000000 0.000000 0.000000 0.000000 0.092701 0.007075 1.637870
0.900224 0.000000 0.000000 0.000000 0.000000 0.092701 0.007075 1.637870
0.900224 0.000000 0.000000 0.000000 0.000000 0.092701 0.007075 1.637870
0.900224 0.000000 0.000000 0.000000 0.000000 0.092701 0.007075 1.637870
0.900224 0.000000 0.000000 0.000000 0.000000 0.092701 0.007075 1.637870
0.900224 0.000000 0.000000 0.000000 0.000000 0.092701 0.007075 1.637870
0.900224 0.000000 0.000000 0.000000 0.000000 0.092701 0.007075 1.637870
0.900224 0.000000 0.000000 0.000000 0.000000 0.092701 0.007075 1.637870
0.900224 0.000000 0.000000 0.000000 0.000000 0.092701 0.007075 1.637870
0.900224 0.000000 0.000000 0.000000 0.000000 0.092701 0.007075 1.637870
0.900224 0.000000 0.000000 0.000000 0.000000 0.092701 0.007075 1.637870
0.900224 0.000000 0.000000 0.000000 0.000000 0.092701 0.007075 1.637870
0.900224 0.000000 0.000000 0.000000 0.000000 0.092701 0.007075 1.637870
0.900224 0.000000 0.000000 0.000000 0.000000 0.092701 0.007075 1.637870
0.900224 0.000000 0.000000 0.000000 0.000000 0.092701 0.007075 1.637870
0.900224 0.000000 0.000000 0.000000 0.000000 0.092701 0.007075 1.637870
0.900224 0.000000 0.000000 0.000000 0.000000 0.092701 0.007075 1.637870
0.900224 0.000000 0.000000 0.000000 0.000000 0.092701 0.007075 1.637870
0.900224 0.000000 0.000000 0.000000 0.000000 0.092701 0.007075 1.637870
0.900224 0.000000 0.000000 0.000000 0.000000 0.092701 0.007075 1.637870
0.900224 0.000000 0.000000 0.000000 0.000000 0.092701 0.007075 1.637870
0.900224 0.000000 0.000000 0.000000 0.000000 0.092701 0.007075 1.637870
0.900224 0.000000 0.000000 0.000000 0.000000 0.092701 0.007075 1.637870
0.900224 0.000000 0.000000 0.000000 0.000000 0.092701 0.007075 1.637870
0.900224 0.000000 0.000000 0.000000 0.000000 0.092701 0.007075 1.637870
0.900224 0.000000 0.000000 0.000000 0.000000 0.092701 0.007075 1.637870
0.900224 0.000000 0.000000 0.000000 0.000000 0.092701 0.007075 1.637870
0.900224 0.000000 0.000000 0.000000 0.000000 0.092701 0.007075 1.637870
0.900224 0.000000 0.000000 0.000000 0.000000 0.092701 0.007075 1.637870
0.900224 0.000000 0.000000 0.000000 0.000000 0.092701 0.007075 1.637870
0.900224 0.000000 0.000000 0.000000 0.000000 0.092701 0.007075 1.637870
0.900224 0.000000 0.000000 0.000000 0.000000 0.092701 0.007075 1.637870
0.900224 0.000000 0.000000 0.000000 0.000000 0.092701 0.007075 1.637870
0.900224 0.000000 0.000000 0.000000 0.000000 0.092701 0.007075 1.637870
0.900224 0.000000 0.000000 0.000000 0.000000 0.092701 0.007075 1.637870
0.900224 0.000000 0.000000 0.000000 0.000000 0.092701 0.007075 1.637870
0.900224 0.000000 0.000000 0.000000 0.000000 0.092701 0.007075 1.637870
0.900224 0.000000 0.000000 0.000000 0.000000 0.092701 0.007075 1.637870
0.900224 0.000000 0.000000 0.000000 0.000000 0.092701 0.007075 1.637870
0.900224 0.000000 0.000000 0.000000 0.000000 0.092701 0.007075 1.637870
0.900224 0.000000 0.000000 0.000000 0.000000 0.092701 0.007075 1.637870
0.900224 0.000000 0.000000 0.000000 0.000000 0.092701 0.007075 1.637870
0.900224 0.000000 0.000000 0.000000 0.000000 0.092701 0.007075 1.637870
0.900224 0.000000 0.000000 0.000000 0.000000 0.092701 0.007075 1.637870
0.900224 0.000000 0.000000 0.000000 0.000000 0.092701 0.007075 1.637870
0.900224 0.000000 0.000000 0.000000 0.000000 0.092701 0.007075 1.637870
0.900224 0.000000 0.000000 0.000000 0.000000 0.092701 0.007075 1.637870
0.900224 0.000000 0.000000 0.000000 0.000000 0.092701 0.007075 1.637870
0.900224 0.000000 0.000000 0.000000 0.000000 0.092701 0.007075 1.637870
0.900224 0.000000 0.000000 0.000000 0.000000 0.092701 0.007075 1.637870
0.900224 0.000000 0.000000 0.000000 0.000000 0.092701 0.007075 1.637870
0.900224 0.000000 0.000000 0.000000 0.000000 0.092701 0.007075 1.637870
0.900224 0.000000 0.000000 0.000000 0.000000 0.092701 0.007075 1.637870
0.900224 0.000000 0.000000 0.000000 0.000000 0.092701 0.007075 1.637870
0.900224 0.000000 0.000000 0.000000 0.000000 0.092701 0.007075 1.637870
0.900224 0.000000 0.000000 0.000000 0.000000 0.092701 0.007075 1.637870
0.900224 0.000000 0.000000 0.000000 0.000000 0.092701 0.007075 1.637870
0.900224 0.000000 0.000000 0.000000 0.000000 0.092701 0.007075 1.637870
0.900224 0.000000 0.000000 0.000000 0.000000 0.092701 0.007075 1.637870
0.900224 0.000000 0.000000 0.000000 0.000000 0.092701 0.007075 1.637870
0.900224 0.000000 0.000000 0.000000 0.000000 0.092701 0.007075 1.637870
0.900224 0.000000 0.000000 0.000000 0.000000 0.092701 0.007075 1.637870
0.900224 0.000000 0.000000 0.000000 0.000000 0.092701 0.007075 1.637870
0.900224 0.000000 0.000000 0.000000 0.000000 0.092701 0.007075 1.637870
0.900224 0.000000 0.000000 0.000000 0.000000 0.092701 0.007075 1.637870
0.900224 0.000000 0.000000 0.000000 0.000000 0.092701 0.007075 1.637870
0.900224 0.000000 0.000000 0.000000 0.000000 0.092701 0.007075 1.637870
0.900224 0.000000 0.000000 0.000000 0.000000 0.092701 0.007075 1.637870
0.900224 0.000000 0.000000 0.000000 0.000000 0.092701 0.007075 1.637870
0.900224 0.000000 0.000000 0.000000 0.000000 0.092701 0.007075 1.637870
0.900224 0.000000 0.000000 0.000000 0.000000 0.092701 0.007075 1.637870
0.900224 0.000000 0.000000 0.000000 0.000000 0.092701 0.007075 1.637870
0.900224 0.000000 0.000000 0.000000 0.000000 0.092701 0.007075 1.637870
0.900224 0.000000 0.000000 0.000000 0.000000 0.092701 0.007075 1.637870
0.900224 0.000000 0.000000 0.000000 0.000000 0.092701 0.007075 1.637870
0.900224 0.000000 0.000000 0.000000 0.000000 0.092701 0.007075 1.637870
0.900224 0.000000 0.000000 0.000000 0.000000 0.092701 0.007075 1.637870
0.900224 0.000000 0.000000 0.000000 0.000000 0.092701 0.007075 1.637870
0.900224 0.000000 0.000000 0.000000 0.000000 0.092701 0.007075 1.637870
0.900224 0.000000 0.000000 0.000000 0.000000 0.092701 0.007075 1.637870
0.900224 0.000000 0.000000 0.000000 0.000000 0.092701 0.007075 1.637870
0.900224 0.000000 0.000000 0.000000 0.000000 0.092701 0.007075 1.637870
0.900224 0.000000 0.000000 0.000000 0.000000 0.092701 0.007075 1.637870
0.900224 0.000000 0.000000 0.000000 0.000000 0.092701 0.007075 1.637870
0.900224 0.000000 0.000000 0.000000 0.000000 0.092701 0.007075 1.637870
0.900224 0.000000 0.000000 0.000000 0.000000 0.092701 0.007075 1.637870
0.900224 0.000000 0.000000 0.000000 0.000000 0.092701 0.007075 1.637870
