0.369573 0.061608 0.054901 0.031394 0.002006 0.474761 0.005757 1.551046
0.372022 0.059146 0.054793 0.031202 0.002005 0.475042 0.005791 1.557026
0.375175 0.056184 0.054647 0.030954 0.001998 0.475224 0.005818 1.562704
0.378975 0.053167 0.054188 0.030534 0.002000 0.475294 0.005842 1.567948
0.382946 0.049989 0.053700 0.030103 0.002013 0.475390 0.005859 1.573046
0.387176 0.046887 0.053068 0.029561 0.002024 0.475405 0.005879 1.577794
0.391633 0.043932 0.052251 0.028968 0.002012 0.475299 0.005904 1.582216
0.396256 0.041100 0.051403 0.028354 0.002005 0.474959 0.005923 1.586403
0.401008 0.038457 0.050367 0.027603 0.002001 0.474615 0.005949 1.590289
0.405743 0.035963 0.049181 0.026898 0.001976 0.474267 0.005973 1.593942
0.410598 0.033622 0.047906 0.026160 0.001973 0.473747 0.005995 1.597364
0.415518 0.031422 0.046615 0.025437 0.001954 0.473030 0.006025 1.600589
0.420497 0.029342 0.045365 0.024667 0.001944 0.472136 0.006049 1.603605
0.425471 0.027460 0.043981 0.023906 0.001937 0.471172 0.006070 1.606396
0.430484 0.025767 0.042610 0.023049 0.001923 0.470074 0.006094 1.608950
0.435676 0.024175 0.041224 0.022290 0.001895 0.468619 0.006120 1.611368
0.440822 0.022612 0.039872 0.021552 0.001866 0.467133 0.006143 1.613705
0.445870 0.021219 0.038424 0.020750 0.001843 0.465728 0.006167 1.615822
0.451044 0.019900 0.037059 0.019958 0.001831 0.464022 0.006186 1.617820
0.456150 0.018731 0.035665 0.019124 0.001813 0.462308 0.006209 1.619654
0.461209 0.017615 0.034314 0.018367 0.001800 0.460461 0.006232 1.621427
0.466442 0.016505 0.033036 0.017646 0.001782 0.458330 0.006258 1.623103
0.471586 0.015574 0.031765 0.016915 0.001761 0.456119 0.006281 1.624640
0.476764 0.014685 0.030523 0.016257 0.001727 0.453732 0.006312 1.626103
0.481920 0.013834 0.029367 0.015523 0.001695 0.451324 0.006336 1.627472
0.487075 0.012982 0.028205 0.014919 0.001673 0.448790 0.006357 1.628843
0.492114 0.012251 0.027062 0.014310 0.001648 0.446234 0.006381 1.630077
0.497248 0.011592 0.025927 0.013650 0.001629 0.443552 0.006402 1.631243
0.502304 0.010957 0.024870 0.013095 0.001600 0.440751 0.006424 1.632344
0.507378 0.010321 0.023883 0.012527 0.001580 0.437870 0.006442 1.633438
0.512356 0.009820 0.022850 0.011938 0.001558 0.435018 0.006461 1.634371
0.517318 0.009313 0.021902 0.011411 0.001528 0.432042 0.006487 1.635311
0.522281 0.008784 0.020976 0.010924 0.001505 0.429026 0.006504 1.636238
0.527268 0.008302 0.020137 0.010431 0.001472 0.425869 0.006522 1.637089
0.532152 0.007863 0.019307 0.009950 0.001445 0.422739 0.006545 1.637888
0.537107 0.007478 0.018478 0.009535 0.001411 0.419425 0.006566 1.638638
0.541960 0.007104 0.017620 0.009108 0.001390 0.416238 0.006579 1.639356
0.546819 0.006723 0.016875 0.008686 0.001361 0.412942 0.006593 1.640063
0.551696 0.006398 0.016131 0.008255 0.001327 0.409584 0.006609 1.640703
0.556443 0.006114 0.015380 0.007848 0.001294 0.406297 0.006625 1.641309
0.561126 0.005835 0.014676 0.007478 0.001261 0.402982 0.006641 1.641872
0.565887 0.005611 0.014002 0.007087 0.001234 0.399518 0.006660 1.642408
0.570730 0.005353 0.013373 0.006759 0.001210 0.395892 0.006682 1.642931
0.575364 0.005117 0.012773 0.006480 0.001168 0.392401 0.006698 1.643444
0.580027 0.004899 0.012197 0.006196 0.001139 0.388833 0.006710 1.643918
0.584579 0.004676 0.011661 0.005894 0.001113 0.385353 0.006724 1.644389
0.589044 0.004476 0.011155 0.005646 0.001088 0.381855 0.006737 1.644841
0.593564 0.004248 0.010689 0.005402 0.001059 0.378285 0.006752 1.645292
0.598071 0.004073 0.010245 0.005136 0.001038 0.374671 0.006767 1.645700
0.602514 0.003910 0.009779 0.004892 0.001006 0.371118 0.006782 1.646081
0.606854 0.003750 0.009333 0.004635 0.000981 0.367653 0.006792 1.646450
0.611207 0.003577 0.008935 0.004430 0.000961 0.364088 0.006802 1.646830
0.615550 0.003424 0.008568 0.004273 0.000926 0.360448 0.006811 1.647190
0.619921 0.003309 0.008168 0.004096 0.000900 0.356786 0.006820 1.647505
0.624104 0.003175 0.007812 0.003935 0.000876 0.353262 0.006834 1.647838
0.628304 0.003062 0.007451 0.003784 0.000859 0.349696 0.006844 1.648140
0.632414 0.002934 0.007126 0.003599 0.000838 0.346232 0.006856 1.648443
0.636523 0.002826 0.006826 0.003443 0.000817 0.342700 0.006866 1.648726
0.640637 0.002733 0.006522 0.003301 0.000798 0.339136 0.006874 1.648995
0.644703 0.002654 0.006242 0.003163 0.000781 0.335573 0.006884 1.649248
0.648789 0.002545 0.005976 0.003019 0.000761 0.332020 0.006891 1.649511
0.652689 0.002477 0.005725 0.002892 0.000736 0.328580 0.006901 1.649749
0.656657 0.002385 0.005483 0.002767 0.000721 0.325077 0.006910 1.649987
0.660491 0.002313 0.005240 0.002634 0.000694 0.321705 0.006923 1.650211
0.664361 0.002240 0.005041 0.002499 0.000672 0.318254 0.006932 1.650430
0.668206 0.002178 0.004812 0.002386 0.000657 0.314824 0.006938 1.650636
0.671959 0.002106 0.004610 0.002285 0.000633 0.311457 0.006950 1.650842
0.675687 0.002035 0.004421 0.002189 0.000612 0.308094 0.006963 1.651056
0.679461 0.001964 0.004236 0.002107 0.000591 0.304668 0.006973 1.651239
0.683149 0.001904 0.004056 0.002021 0.000583 0.301313 0.006976 1.651419
0.686766 0.001839 0.003895 0.001928 0.000567 0.298024 0.006981 1.651607
0.690457 0.001762 0.003757 0.001849 0.000545 0.294637 0.006993 1.651797
0.693956 0.001714 0.003600 0.001777 0.000521 0.291427 0.007004 1.651956
0.697462 0.001638 0.003471 0.001732 0.000503 0.288180 0.007015 1.652142
0.700937 0.001585 0.003332 0.001668 0.000487 0.284970 0.007022 1.652299
0.704354 0.001546 0.003178 0.001605 0.000475 0.281813 0.007030 1.652451
0.707806 0.001498 0.003043 0.001549 0.000462 0.278607 0.007037 1.652602
0.711197 0.001434 0.002932 0.001483 0.000451 0.275463 0.007041 1.652747
0.714497 0.001407 0.002804 0.001428 0.000434 0.272383 0.007047 1.652873
0.717831 0.001371 0.002684 0.001374 0.000416 0.269272 0.007053 1.653007
0.721077 0.001327 0.002592 0.001327 0.000402 0.266219 0.007057 1.653136
0.724264 0.001308 0.002493 0.001263 0.000387 0.263224 0.007063 1.653253
0.727512 0.001262 0.002413 0.001212 0.000371 0.260162 0.007069 1.653385
0.730710 0.001218 0.002330 0.001185 0.000352 0.257130 0.007075 1.653509
0.733742 0.001170 0.002232 0.001139 0.000335 0.254305 0.007079 1.653627
0.736815 0.001133 0.002148 0.001100 0.000329 0.251390 0.007084 1.653743
0.739916 0.001114 0.002068 0.001061 0.000319 0.248433 0.007089 1.653834
0.742924 0.001081 0.001988 0.001019 0.000302 0.245590 0.007096 1.653942
0.745937 0.001042 0.001924 0.000985 0.000290 0.242721 0.007101 1.654048
0.748877 0.001019 0.001850 0.000943 0.000276 0.239930 0.007105 1.654144
0.751734 0.000985 0.001787 0.000922 0.000267 0.237197 0.007109 1.654247
0.754634 0.000968 0.001720 0.000890 0.000262 0.234414 0.007112 1.654334
0.757475 0.000929 0.001686 0.000863 0.000254 0.231679 0.007116 1.654438
0.760253 0.000898 0.001631 0.000831 0.000246 0.229024 0.007119 1.654527
0.762941 0.000881 0.001572 0.000801 0.000239 0.226446 0.007121 1.654607
0.765656 0.000867 0.001526 0.000769 0.000234 0.223822 0.007125 1.654687
0.768378 0.000852 0.001471 0.000739 0.000230 0.221203 0.007128 1.654774
0.771198 0.000824 0.001431 0.000709 0.000224 0.218484 0.007130 1.654856
0.773880 0.000808 0.001376 0.000680 0.000220 0.215902 0.007135 1.654930
0.776508 0.000780 0.001325 0.000656 0.000217 0.213377 0.007137 1.655005
0.779087 0.000740 0.001288 0.000635 0.000208 0.210901 0.007142 1.655092
0.781648 0.000736 0.001238 0.000615 0.000201 0.208416 0.007145 1.655152
0.784283 0.000716 0.001198 0.000598 0.000195 0.205863 0.007147 1.655224
0.786842 0.000700 0.001152 0.000572 0.000196 0.203390 0.007150 1.655288
0.789360 0.000681 0.001128 0.000550 0.000191 0.200938 0.007152 1.655355
0.791799 0.000665 0.001086 0.000534 0.000183 0.198579 0.007156 1.655423
0.794192 0.000652 0.001047 0.000516 0.000179 0.196259 0.007156 1.655479
0.796577 0.000625 0.001024 0.000503 0.000171 0.193942 0.007159 1.655550
0.798987 0.000597 0.000998 0.000487 0.000165 0.191604 0.007162 1.655609
0.801334 0.000591 0.000965 0.000478 0.000161 0.189307 0.007164 1.655654
0.803645 0.000574 0.000922 0.000469 0.000158 0.187066 0.007166 1.655714
0.805973 0.000555 0.000895 0.000457 0.000153 0.184798 0.007168 1.655774
0.808234 0.000549 0.000867 0.000443 0.000147 0.182588 0.007172 1.655828
0.810451 0.000535 0.000838 0.000437 0.000142 0.180424 0.007174 1.655880
0.812639 0.000531 0.000819 0.000420 0.000135 0.178280 0.007176 1.655929
0.814835 0.000525 0.000805 0.000405 0.000130 0.176123 0.007177 1.655973
0.816983 0.000516 0.000786 0.000394 0.000128 0.174015 0.007179 1.656023
0.819067 0.000496 0.000777 0.000385 0.000124 0.171973 0.007180 1.656079
0.821185 0.000482 0.000751 0.000368 0.000120 0.169913 0.007183 1.656127
0.823294 0.000469 0.000741 0.000358 0.000118 0.167838 0.007183 1.656174
0.825373 0.000457 0.000715 0.000356 0.000115 0.165800 0.007185 1.656216
0.827425 0.000449 0.000696 0.000345 0.000111 0.163787 0.007187 1.656257
0.829404 0.000442 0.000671 0.000334 0.000109 0.161851 0.007189 1.656298
0.831401 0.000427 0.000659 0.000320 0.000105 0.159898 0.007190 1.656343
0.833397 0.000420 0.000636 0.000316 0.000104 0.157937 0.007190 1.656384
0.835311 0.000403 0.000619 0.000308 0.000101 0.156066 0.007192 1.656422
0.837231 0.000389 0.000601 0.000293 0.000096 0.154196 0.007194 1.656460
0.839107 0.000373 0.000585 0.000282 0.000093 0.152365 0.007195 1.656498
0.840971 0.000376 0.000569 0.000272 0.000089 0.150527 0.007198 1.656528
0.842889 0.000359 0.000559 0.000265 0.000087 0.148644 0.007198 1.656568
0.844664 0.000349 0.000542 0.000256 0.000086 0.146905 0.007198 1.656603
0.846427 0.000338 0.000530 0.000251 0.000086 0.145171 0.007199 1.656637
0.848164 0.000321 0.000519 0.000246 0.000083 0.143469 0.007199 1.656674
0.849824 0.000307 0.000502 0.000240 0.000082 0.141845 0.007201 1.656707
0.851536 0.000303 0.000477 0.000235 0.000081 0.140167 0.007202 1.656733
0.853232 0.000307 0.000458 0.000224 0.000079 0.138497 0.007203 1.656752
0.854892 0.000304 0.000446 0.000224 0.000077 0.136855 0.007204 1.656779
0.856544 0.000297 0.000439 0.000218 0.000072 0.135226 0.007206 1.656807
0.858144 0.000293 0.000428 0.000210 0.000070 0.133647 0.007207 1.656837
0.859749 0.000287 0.000426 0.000202 0.000069 0.132061 0.007208 1.656865
0.861354 0.000279 0.000410 0.000203 0.000064 0.130481 0.007209 1.656891
0.862890 0.000266 0.000400 0.000193 0.000061 0.128981 0.007210 1.656918
0.864456 0.000268 0.000383 0.000190 0.000058 0.127434 0.007211 1.656942
0.865971 0.000263 0.000368 0.000183 0.000057 0.125947 0.007211 1.656967
0.867514 0.000259 0.000356 0.000176 0.000055 0.124427 0.007213 1.656992
0.868969 0.000256 0.000345 0.000167 0.000054 0.122995 0.007213 1.657012
0.870452 0.000241 0.000341 0.000165 0.000052 0.121536 0.007213 1.657041
0.871830 0.000229 0.000329 0.000159 0.000050 0.120189 0.007214 1.657066
0.873175 0.000225 0.000314 0.000156 0.000048 0.118868 0.007214 1.657088
0.874590 0.000218 0.000304 0.000149 0.000045 0.117480 0.007215 1.657110
0.875911 0.000213 0.000300 0.000144 0.000044 0.116173 0.007216 1.657135
0.877216 0.000207 0.000290 0.000139 0.000044 0.114888 0.007216 1.657155
0.878466 0.000203 0.000284 0.000138 0.000043 0.113651 0.007216 1.657177
0.879740 0.000200 0.000278 0.000139 0.000041 0.112384 0.007216 1.657198
0.880976 0.000193 0.000281 0.000138 0.000041 0.111154 0.007216 1.657220
0.882194 0.000194 0.000272 0.000136 0.000041 0.109946 0.007217 1.657236
0.883392 0.000178 0.000265 0.000138 0.000040 0.108768 0.007217 1.657262
0.884607 0.000174 0.000259 0.000135 0.000039 0.107567 0.007219 1.657280
0.885725 0.000169 0.000263 0.000132 0.000038 0.106454 0.007219 1.657300
0.886867 0.000174 0.000250 0.000129 0.000035 0.105324 0.007220 1.657314
0.887969 0.000163 0.000246 0.000127 0.000033 0.104240 0.007221 1.657336
0.889058 0.000159 0.000238 0.000120 0.000030 0.103173 0.007221 1.657350
0.890050 0.000162 0.000231 0.000115 0.000030 0.102189 0.007221 1.657365
0.891092 0.000166 0.000224 0.000110 0.000031 0.101154 0.007221 1.657375
0.892134 0.000155 0.000220 0.000109 0.000030 0.100128 0.007222 1.657394
0.893112 0.000149 0.000216 0.000105 0.000030 0.099164 0.007222 1.657413
0.894088 0.000147 0.000206 0.000101 0.000029 0.098205 0.007222 1.657426
0.895036 0.000141 0.000207 0.000097 0.000028 0.097267 0.007222 1.657443
0.896002 0.000143 0.000198 0.000097 0.000029 0.096309 0.007222 1.657454
0.896901 0.000137 0.000191 0.000094 0.000027 0.095426 0.007223 1.657466
0.897809 0.000133 0.000183 0.000090 0.000025 0.094536 0.007223 1.657479
0.898732 0.000124 0.000181 0.000090 0.000025 0.093623 0.007223 1.657495
0.899585 0.000125 0.000172 0.000087 0.000024 0.092781 0.007223 1.657504
0.900409 0.000120 0.000169 0.000088 0.000022 0.091966 0.007225 1.657519
0.901245 0.000119 0.000162 0.000090 0.000021 0.091137 0.007225 1.657532
0.902087 0.000112 0.000159 0.000089 0.000022 0.090305 0.007225 1.657547
0.902854 0.000106 0.000151 0.000087 0.000020 0.089556 0.007225 1.657558
0.903631 0.000102 0.000145 0.000084 0.000020 0.088790 0.007226 1.657570
0.904410 0.000103 0.000138 0.000080 0.000020 0.088022 0.007226 1.657578
0.905140 0.000104 0.000134 0.000079 0.000020 0.087295 0.007226 1.657587
0.905854 0.000105 0.000135 0.000075 0.000020 0.086584 0.007226 1.657594
0.906548 0.000100 0.000133 0.000073 0.000020 0.085898 0.007226 1.657606
0.907205 0.000101 0.000130 0.000070 0.000020 0.085246 0.007227 1.657614
0.907865 0.000098 0.000123 0.000072 0.000020 0.084594 0.007227 1.657625
0.908502 0.000096 0.000119 0.000071 0.000019 0.083964 0.007227 1.657636
0.909141 0.000092 0.000122 0.000070 0.000019 0.083327 0.007228 1.657647
0.909724 0.000095 0.000119 0.000070 0.000019 0.082743 0.007228 1.657657
0.910330 0.000095 0.000119 0.000069 0.000018 0.082140 0.007228 1.657667
0.910884 0.000093 0.000117 0.000066 0.000018 0.081593 0.007228 1.657675
0.911413 0.000098 0.000117 0.000063 0.000018 0.081061 0.007228 1.657681
0.911926 0.000090 0.000114 0.000064 0.000017 0.080559 0.007228 1.657694
0.912459 0.000085 0.000112 0.000064 0.000018 0.080033 0.007228 1.657704
0.912988 0.000084 0.000109 0.000061 0.000017 0.079510 0.007228 1.657712
0.913482 0.000080 0.000111 0.000059 0.000017 0.079021 0.007228 1.657721
0.913962 0.000081 0.000104 0.000056 0.000016 0.078550 0.007229 1.657726
0.914432 0.000081 0.000102 0.000055 0.000016 0.078084 0.007229 1.657733
0.914905 0.000079 0.000103 0.000053 0.000016 0.077614 0.007229 1.657743
0.915310 0.000075 0.000105 0.000052 0.000016 0.077212 0.007229 1.657752
0.915720 0.000070 0.000102 0.000053 0.000015 0.076810 0.007229 1.657761
0.916118 0.000073 0.000097 0.000049 0.000014 0.076420 0.007229 1.657768
0.916505 0.000073 0.000094 0.000047 0.000015 0.076036 0.007229 1.657775
0.916896 0.000069 0.000094 0.000047 0.000014 0.075650 0.007229 1.657786
0.917247 0.000066 0.000092 0.000046 0.000014 0.075304 0.007229 1.657791
0.917602 0.000062 0.000091 0.000045 0.000013 0.074956 0.007229 1.657800
0.917948 0.000065 0.000089 0.000040 0.000013 0.074616 0.007229 1.657804
0.918284 0.000058 0.000087 0.000041 0.000014 0.074286 0.007229 1.657813
0.918596 0.000054 0.000088 0.000040 0.000013 0.073979 0.007229 1.657823
0.918916 0.000056 0.000085 0.000040 0.000013 0.073660 0.007229 1.657829
0.919226 0.000049 0.000084 0.000043 0.000012 0.073356 0.007229 1.657839
0.919537 0.000050 0.000081 0.000042 0.000012 0.073048 0.007229 1.657844
0.919833 0.000050 0.000080 0.000039 0.000012 0.072756 0.007229 1.657850
0.920146 0.000048 0.000077 0.000038 0.000012 0.072449 0.007229 1.657854
0.920444 0.000047 0.000076 0.000037 0.000011 0.072155 0.007230 1.657858
0.920717 0.000047 0.000073 0.000035 0.000011 0.071887 0.007230 1.657861
0.921000 0.000046 0.000072 0.000031 0.000011 0.071611 0.007230 1.657866
0.921313 0.000044 0.000071 0.000029 0.000010 0.071303 0.007230 1.657871
0.921584 0.000041 0.000070 0.000029 0.000010 0.071035 0.007230 1.657877
0.921857 0.000037 0.000071 0.000028 0.000010 0.070767 0.007230 1.657883
0.922102 0.000038 0.000070 0.000024 0.000010 0.070526 0.007230 1.657886
0.922350 0.000036 0.000069 0.000026 0.000010 0.070279 0.007230 1.657891
0.922586 0.000038 0.000066 0.000026 0.000009 0.070045 0.007230 1.657894
0.922812 0.000041 0.000063 0.000026 0.000009 0.069818 0.007230 1.657896
0.923031 0.000043 0.000060 0.000026 0.000009 0.069602 0.007230 1.657899
0.923257 0.000041 0.000060 0.000024 0.000009 0.069378 0.007230 1.657902
0.923460 0.000039 0.000058 0.000026 0.000009 0.069178 0.007230 1.657908
0.923660 0.000040 0.000057 0.000025 0.000008 0.068979 0.007231 1.657911
0.923865 0.000037 0.000056 0.000026 0.000008 0.068777 0.007231 1.657916
0.924066 0.000038 0.000054 0.000025 0.000008 0.068577 0.007231 1.657918
0.924244 0.000037 0.000052 0.000024 0.000006 0.068404 0.007232 1.657922
0.924402 0.000040 0.000051 0.000022 0.000006 0.068247 0.007232 1.657925
0.924569 0.000039 0.000049 0.000022 0.000006 0.068083 0.007232 1.657928
0.924714 0.000040 0.000047 0.000021 0.000005 0.067939 0.007233 1.657930
0.924853 0.000041 0.000043 0.000020 0.000005 0.067804 0.007233 1.657933
0.925012 0.000045 0.000042 0.000018 0.000005 0.067644 0.007233 1.657933
0.925141 0.000044 0.000042 0.000020 0.000004 0.067515 0.007233 1.657938
0.925278 0.000045 0.000040 0.000022 0.000005 0.067378 0.007233 1.657941
0.925416 0.000043 0.000036 0.000023 0.000005 0.067244 0.007233 1.657947
0.925553 0.000044 0.000038 0.000022 0.000004 0.067105 0.007233 1.657950
0.925671 0.000044 0.000035 0.000022 0.000004 0.066990 0.007233 1.657952
0.925797 0.000040 0.000035 0.000022 0.000004 0.066867 0.007233 1.657957
0.925898 0.000038 0.000036 0.000024 0.000004 0.066766 0.007233 1.657964
0.926005 0.000040 0.000035 0.000023 0.000004 0.066659 0.007233 1.657966
0.926111 0.000040 0.000036 0.000023 0.000004 0.066553 0.007233 1.657970
0.926222 0.000039 0.000037 0.000023 0.000004 0.066442 0.007233 1.657973
0.926330 0.000039 0.000037 0.000022 0.000004 0.066336 0.007233 1.657976
0.926427 0.000036 0.000033 0.000024 0.000004 0.066244 0.007233 1.657980
0.926526 0.000033 0.000035 0.000021 0.000004 0.066147 0.007233 1.657985
0.926627 0.000031 0.000037 0.000020 0.000004 0.066047 0.007233 1.657989
0.926718 0.000029 0.000036 0.000020 0.000004 0.065959 0.007233 1.657993
0.926805 0.000030 0.000034 0.000020 0.000004 0.065874 0.007233 1.657995
0.926876 0.000031 0.000034 0.000020 0.000004 0.065801 0.007233 1.657998
0.926947 0.000030 0.000036 0.000020 0.000004 0.065731 0.007233 1.658004
0.927011 0.000027 0.000038 0.000020 0.000004 0.065666 0.007233 1.658008
0.927083 0.000026 0.000038 0.000020 0.000004 0.065595 0.007233 1.658011
0.927148 0.000026 0.000037 0.000019 0.000004 0.065532 0.007233 1.658015
0.927207 0.000028 0.000037 0.000017 0.000004 0.065474 0.007233 1.658017
0.927259 0.000029 0.000036 0.000016 0.000004 0.065422 0.007233 1.658019
0.927322 0.000029 0.000034 0.000016 0.000003 0.065361 0.007233 1.658019
0.927381 0.000028 0.000033 0.000017 0.000003 0.065304 0.007234 1.658022
0.927444 0.000028 0.000032 0.000016 0.000003 0.065243 0.007234 1.658024
0.927500 0.000025 0.000030 0.000015 0.000003 0.065192 0.007234 1.658028
0.927557 0.000023 0.000028 0.000016 0.000003 0.065138 0.007234 1.658030
0.927612 0.000024 0.000027 0.000016 0.000003 0.065084 0.007234 1.658031
0.927666 0.000022 0.000027 0.000017 0.000002 0.065031 0.007234 1.658034
0.927713 0.000019 0.000030 0.000016 0.000002 0.064986 0.007234 1.658039
0.927759 0.000019 0.000028 0.000014 0.000002 0.064944 0.007234 1.658040
0.927803 0.000017 0.000025 0.000015 0.000002 0.064904 0.007234 1.658042
0.927840 0.000018 0.000022 0.000014 0.000002 0.064869 0.007234 1.658043
0.927874 0.000016 0.000021 0.000014 0.000002 0.064838 0.007234 1.658045
0.927900 0.000015 0.000023 0.000013 0.000001 0.064813 0.007234 1.658047
0.927930 0.000018 0.000022 0.000011 0.000001 0.064784 0.007234 1.658047
0.927963 0.000018 0.000021 0.000012 0.000001 0.064750 0.007234 1.658049
0.927999 0.000017 0.000023 0.000011 0.000002 0.064714 0.007234 1.658051
0.928038 0.000016 0.000022 0.000010 0.000002 0.064677 0.007234 1.658052
0.928061 0.000016 0.000022 0.000011 0.000002 0.064656 0.007234 1.658054
0.928091 0.000016 0.000022 0.000009 0.000002 0.064627 0.007234 1.658055
0.928124 0.000017 0.000019 0.000008 0.000002 0.064596 0.007234 1.658056
0.928149 0.000015 0.000019 0.000008 0.000002 0.064573 0.007234 1.658059
0.928176 0.000013 0.000020 0.000008 0.000002 0.064547 0.007234 1.658062
0.928200 0.000013 0.000018 0.000008 0.000002 0.064525 0.007234 1.658063
0.928231 0.000012 0.000019 0.000008 0.000002 0.064495 0.007234 1.658065
0.928262 0.000012 0.000016 0.000008 0.000002 0.064467 0.007234 1.658066
0.928277 0.000011 0.000015 0.000009 0.000002 0.064452 0.007234 1.658067
0.928299 0.000011 0.000015 0.000010 0.000002 0.064430 0.007234 1.658069
0.928321 0.000012 0.000014 0.000009 0.000002 0.064408 0.007234 1.658069
0.928342 0.000012 0.000015 0.000007 0.000002 0.064389 0.007234 1.658071
0.928360 0.000013 0.000016 0.000007 0.000002 0.064370 0.007234 1.658071
0.928374 0.000013 0.000015 0.000006 0.000002 0.064355 0.007234 1.658071
0.928393 0.000016 0.000015 0.000006 0.000002 0.064334 0.007234 1.658072
0.928406 0.000015 0.000016 0.000005 0.000002 0.064321 0.007234 1.658074
0.928417 0.000019 0.000015 0.000005 0.000002 0.064308 0.007234 1.658074
0.928434 0.000021 0.000014 0.000005 0.000001 0.064291 0.007234 1.658075
0.928449 0.000019 0.000014 0.000006 0.000002 0.064277 0.007234 1.658077
0.928462 0.000019 0.000015 0.000005 0.000002 0.064264 0.007234 1.658079
0.928480 0.000018 0.000015 0.000006 0.000002 0.064245 0.007234 1.658081
0.928492 0.000019 0.000013 0.000007 0.000002 0.064234 0.007234 1.658082
0.928506 0.000021 0.000013 0.000005 0.000002 0.064219 0.007234 1.658083
0.928516 0.000021 0.000013 0.000005 0.000002 0.064210 0.007234 1.658085
0.928533 0.000022 0.000011 0.000006 0.000002 0.064193 0.007234 1.658086
0.928543 0.000023 0.000012 0.000006 0.000002 0.064181 0.007234 1.658087
0.928554 0.000022 0.000013 0.000005 0.000002 0.064171 0.007234 1.658090
0.928569 0.000020 0.000016 0.000005 0.000002 0.064154 0.007234 1.658093
0.928578 0.000020 0.000014 0.000005 0.000002 0.064147 0.007234 1.658094
0.928587 0.000021 0.000015 0.000005 0.000002 0.064137 0.007234 1.658096
0.928592 0.000021 0.000015 0.000005 0.000002 0.064132 0.007234 1.658097
0.928600 0.000019 0.000014 0.000006 0.000002 0.064125 0.007234 1.658099
0.928608 0.000021 0.000014 0.000006 0.000002 0.064115 0.007234 1.658100
0.928618 0.000021 0.000012 0.000006 0.000002 0.064107 0.007234 1.658102
0.928628 0.000019 0.000012 0.000006 0.000002 0.064098 0.007234 1.658103
0.928639 0.000018 0.000013 0.000008 0.000002 0.064086 0.007234 1.658105
0.928654 0.000018 0.000012 0.000008 0.000002 0.064072 0.007234 1.658106
0.928665 0.000020 0.000012 0.000008 0.000002 0.064059 0.007234 1.658106
0.928672 0.000020 0.000013 0.000008 0.000002 0.064051 0.007234 1.658108
0.928686 0.000022 0.000013 0.000007 0.000002 0.064036 0.007234 1.658109
0.928694 0.000022 0.000012 0.000007 0.000002 0.064029 0.007234 1.658110
0.928701 0.000021 0.000014 0.000007 0.000002 0.064020 0.007234 1.658112
0.928712 0.000022 0.000013 0.000008 0.000002 0.064010 0.007234 1.658114
0.928717 0.000023 0.000015 0.000008 0.000002 0.064001 0.007234 1.658116
0.928720 0.000024 0.000016 0.000009 0.000002 0.063995 0.007234 1.658119
0.928728 0.000021 0.000016 0.000010 0.000002 0.063988 0.007235 1.658122
0.928734 0.000021 0.000016 0.000010 0.000002 0.063982 0.007235 1.658124
0.928743 0.000020 0.000016 0.000010 0.000002 0.063975 0.007235 1.658125
0.928746 0.000020 0.000014 0.000011 0.000002 0.063972 0.007235 1.658128
0.928758 0.000021 0.000015 0.000011 0.000002 0.063959 0.007235 1.658130
0.928763 0.000020 0.000016 0.000011 0.000002 0.063954 0.007235 1.658133
0.928768 0.000022 0.000016 0.000010 0.000002 0.063948 0.007235 1.658133
0.928771 0.000022 0.000016 0.000010 0.000002 0.063945 0.007235 1.658134
0.928778 0.000022 0.000017 0.000011 0.000002 0.063937 0.007235 1.658137
0.928787 0.000019 0.000018 0.000010 0.000002 0.063930 0.007235 1.658140
0.928795 0.000021 0.000019 0.000010 0.000002 0.063918 0.007235 1.658142
0.928801 0.000020 0.000019 0.000009 0.000002 0.063913 0.007235 1.658143
0.928807 0.000021 0.000018 0.000009 0.000002 0.063908 0.007235 1.658144
0.928813 0.000021 0.000018 0.000008 0.000002 0.063903 0.007235 1.658144
0.928822 0.000019 0.000019 0.000008 0.000002 0.063895 0.007235 1.658147
0.928826 0.000019 0.000018 0.000008 0.000002 0.063892 0.007235 1.658149
0.928828 0.000019 0.000019 0.000008 0.000002 0.063889 0.007235 1.658152
0.928832 0.000019 0.000018 0.000007 0.000002 0.063887 0.007235 1.658153
0.928835 0.000017 0.000018 0.000009 0.000002 0.063884 0.007235 1.658157
0.928839 0.000016 0.000019 0.000009 0.000001 0.063882 0.007235 1.658159
0.928844 0.000018 0.000018 0.000006 0.000001 0.063878 0.007235 1.658160
0.928848 0.000017 0.000018 0.000006 0.000001 0.063875 0.007235 1.658163
0.928856 0.000014 0.000019 0.000006 0.000001 0.063869 0.007235 1.658165
0.928857 0.000016 0.000019 0.000007 0.000001 0.063865 0.007235 1.658167
0.928862 0.000015 0.000018 0.000008 0.000001 0.063862 0.007235 1.658168
0.928864 0.000014 0.000018 0.000008 0.000001 0.063860 0.007235 1.658171
0.928868 0.000013 0.000015 0.000008 0.000000 0.063861 0.007235 1.658172
0.928871 0.000012 0.000014 0.000008 0.000000 0.063859 0.007235 1.658174
0.928876 0.000011 0.000014 0.000008 0.000000 0.063855 0.007235 1.658175
0.928878 0.000011 0.000014 0.000008 0.000000 0.063853 0.007235 1.658176
0.928882 0.000013 0.000014 0.000007 0.000000 0.063849 0.007235 1.658176
0.928887 0.000013 0.000013 0.000007 0.000000 0.063845 0.007235 1.658176
0.928889 0.000013 0.000014 0.000006 0.000000 0.063842 0.007235 1.658178
0.928892 0.000014 0.000013 0.000007 0.000000 0.063838 0.007235 1.658178
0.928895 0.000016 0.000012 0.000007 0.000000 0.063835 0.007235 1.658179
0.928895 0.000017 0.000010 0.000008 0.000000 0.063835 0.007235 1.658180
0.928894 0.000016 0.000012 0.000008 0.000000 0.063834 0.007235 1.658184
0.928898 0.000018 0.000012 0.000008 0.000000 0.063829 0.007235 1.658185
0.928897 0.000019 0.000013 0.000008 0.000000 0.063827 0.007235 1.658187
0.928898 0.000018 0.000013 0.000007 0.000000 0.063829 0.007235 1.658190
0.928899 0.000019 0.000013 0.000005 0.000000 0.063828 0.007235 1.658191
0.928900 0.000018 0.000013 0.000006 0.000000 0.063828 0.007235 1.658192
0.928901 0.000017 0.000014 0.000006 0.000000 0.063826 0.007235 1.658194
0.928904 0.000017 0.000012 0.000005 0.000000 0.063826 0.007235 1.658194
0.928905 0.000018 0.000011 0.000005 0.000000 0.063826 0.007235 1.658195
0.928908 0.000016 0.000012 0.000005 0.000000 0.063824 0.007235 1.658197
0.928911 0.000017 0.000011 0.000005 0.000000 0.063821 0.007235 1.658197
0.928914 0.000014 0.000012 0.000005 0.000000 0.063820 0.007235 1.658200
0.928915 0.000013 0.000012 0.000006 0.000000 0.063819 0.007235 1.658202
0.928917 0.000012 0.000012 0.000006 0.000000 0.063818 0.007235 1.658204
0.928917 0.000012 0.000013 0.000006 0.000000 0.063817 0.007235 1.658205
0.928918 0.000012 0.000013 0.000006 0.000000 0.063816 0.007235 1.658206
0.928920 0.000012 0.000012 0.000006 0.000000 0.063814 0.007235 1.658207
0.928919 0.000013 0.000012 0.000006 0.000000 0.063814 0.007235 1.658208
0.928921 0.000013 0.000013 0.000007 0.000000 0.063811 0.007235 1.658209
0.928924 0.000013 0.000012 0.000006 0.000000 0.063811 0.007235 1.658210
0.928927 0.000010 0.000013 0.000006 0.000000 0.063808 0.007235 1.658212
0.928929 0.000011 0.000012 0.000006 0.000000 0.063807 0.007235 1.658212
0.928932 0.000009 0.000013 0.000007 0.000000 0.063804 0.007235 1.658215
0.928934 0.000008 0.000011 0.000008 0.000000 0.063804 0.007235 1.658217
0.928936 0.000008 0.000011 0.000006 0.000000 0.063803 0.007235 1.658217
0.928937 0.000009 0.000010 0.000005 0.000000 0.063803 0.007235 1.658218
0.928940 0.000009 0.000010 0.000005 0.000000 0.063800 0.007235 1.658218
0.928943 0.000009 0.000009 0.000005 0.000000 0.063798 0.007235 1.658219
0.928944 0.000009 0.000008 0.000005 0.000000 0.063798 0.007235 1.658220
0.928948 0.000008 0.000008 0.000006 0.000000 0.063795 0.007235 1.658221
0.928950 0.000008 0.000008 0.000006 0.000000 0.063792 0.007235 1.658221
0.928952 0.000009 0.000008 0.000005 0.000000 0.063790 0.007235 1.658222
0.928951 0.000010 0.000008 0.000006 0.000000 0.063791 0.007235 1.658222
0.928952 0.000010 0.000008 0.000006 0.000000 0.063789 0.007235 1.658224
0.928953 0.000010 0.000008 0.000005 0.000000 0.063789 0.007235 1.658224
0.928953 0.000012 0.000006 0.000005 0.000000 0.063788 0.007235 1.658225
0.928955 0.000011 0.000008 0.000005 0.000000 0.063785 0.007235 1.658226
0.928954 0.000012 0.000009 0.000005 0.000000 0.063784 0.007235 1.658228
0.928956 0.000012 0.000009 0.000005 0.000000 0.063783 0.007235 1.658229
0.928958 0.000012 0.000008 0.000005 0.000000 0.063780 0.007235 1.658229
0.928960 0.000010 0.000010 0.000006 0.000000 0.063778 0.007235 1.658231
0.928960 0.000010 0.000010 0.000005 0.000000 0.063779 0.007235 1.658231
0.928962 0.000010 0.000010 0.000005 0.000000 0.063779 0.007235 1.658232
0.928963 0.000008 0.000010 0.000005 0.000000 0.063779 0.007235 1.658233
0.928965 0.000008 0.000010 0.000004 0.000000 0.063778 0.007235 1.658234
0.928968 0.000007 0.000010 0.000004 0.000000 0.063776 0.007235 1.658235
0.928970 0.000007 0.000010 0.000003 0.000000 0.063775 0.007235 1.658235
0.928972 0.000004 0.000010 0.000005 0.000000 0.063774 0.007235 1.658238
0.928972 0.000004 0.000010 0.000004 0.000000 0.063774 0.007235 1.658238
0.928973 0.000004 0.000010 0.000004 0.000000 0.063774 0.007235 1.658238
0.928976 0.000003 0.000009 0.000005 0.000000 0.063772 0.007235 1.658239
0.928979 0.000003 0.000008 0.000005 0.000000 0.063769 0.007235 1.658240
0.928980 0.000003 0.000008 0.000005 0.000000 0.063768 0.007235 1.658240
0.928980 0.000003 0.000008 0.000005 0.000000 0.063769 0.007235 1.658240
0.928982 0.000003 0.000008 0.000004 0.000000 0.063767 0.007235 1.658240
0.928987 0.000003 0.000005 0.000003 0.000000 0.063766 0.007235 1.658240
0.928989 0.000004 0.000005 0.000002 0.000000 0.063764 0.007235 1.658240
0.928990 0.000003 0.000006 0.000002 0.000000 0.063763 0.007235 1.658241
0.928991 0.000003 0.000006 0.000002 0.000000 0.063762 0.007235 1.658241
0.928993 0.000003 0.000006 0.000002 0.000000 0.063761 0.007235 1.658241
0.928996 0.000002 0.000006 0.000002 0.000000 0.063759 0.007235 1.658243
0.928997 0.000002 0.000006 0.000002 0.000000 0.063758 0.007235 1.658243
0.929000 0.000001 0.000006 0.000003 0.000000 0.063755 0.007235 1.658244
0.929002 0.000001 0.000005 0.000002 0.000000 0.063754 0.007235 1.658244
0.929005 0.000000 0.000004 0.000003 0.000000 0.063752 0.007235 1.658244
0.929007 0.000000 0.000003 0.000003 0.000000 0.063752 0.007235 1.658244
0.929008 0.000000 0.000003 0.000003 0.000000 0.063750 0.007235 1.658244
0.929009 0.000000 0.000003 0.000003 0.000000 0.063750 0.007235 1.658244
0.929010 0.000000 0.000003 0.000003 0.000000 0.063749 0.007235 1.658244
0.929012 0.000000 0.000003 0.000003 0.000000 0.063747 0.007235 1.658245
0.929013 0.000000 0.000003 0.000003 0.000000 0.063746 0.007235 1.658245
0.929015 0.000000 0.000003 0.000003 0.000000 0.063744 0.007235 1.658245
0.929017 0.000000 0.000003 0.000003 0.000000 0.063742 0.007235 1.658245
0.929018 0.000000 0.000002 0.000002 0.000000 0.063743 0.007235 1.658245
0.929019 0.000000 0.000002 0.000002 0.000000 0.063742 0.007235 1.658245
0.929021 0.000000 0.000001 0.000002 0.000000 0.063741 0.007235 1.658245
0.929021 0.000000 0.000001 0.000002 0.000000 0.063740 0.007235 1.658245
0.929022 0.000000 0.000001 0.000002 0.000000 0.063739 0.007235 1.658245
0.929023 0.000000 0.000001 0.000002 0.000000 0.063738 0.007235 1.658245
0.929025 0.000000 0.000001 0.000001 0.000000 0.063737 0.007235 1.658245
0.929027 0.000000 0.000001 0.000001 0.000000 0.063735 0.007235 1.658245
0.929028 0.000000 0.000001 0.000001 0.000000 0.063734 0.007235 1.658245
0.929029 0.000000 0.000001 0.000001 0.000000 0.063733 0.007235 1.658245
0.929029 0.000001 0.000001 0.000001 0.000000 0.063732 0.007235 1.658245
0.929030 0.000001 0.000001 0.000001 0.000000 0.063731 0.007235 1.658245
0.929031 0.000001 0.000001 0.000001 0.000000 0.063730 0.007235 1.658245
0.929033 0.000001 0.000001 0.000001 0.000000 0.063728 0.007235 1.658245
0.929033 0.000003 0.000001 0.000001 0.000000 0.063727 0.007235 1.658245
0.929034 0.000003 0.000001 0.000001 0.000000 0.063726 0.007235 1.658245
0.929035 0.000003 0.000001 0.000001 0.000000 0.063725 0.007235 1.658245
0.929036 0.000003 0.000001 0.000001 0.000000 0.063724 0.007235 1.658245
0.929037 0.000003 0.000001 0.000001 0.000000 0.063723 0.007235 1.658245
0.929038 0.000003 0.000001 0.000000 0.000000 0.063723 0.007235 1.658245
0.929038 0.000003 0.000001 0.000001 0.000000 0.063722 0.007235 1.658246
0.929040 0.000002 0.000001 0.000001 0.000000 0.063720 0.007235 1.658246
0.929041 0.000003 0.000001 0.000001 0.000000 0.063718 0.007235 1.658246
0.929042 0.000002 0.000001 0.000002 0.000000 0.063718 0.007235 1.658247
0.929044 0.000001 0.000001 0.000002 0.000000 0.063716 0.007235 1.658247
0.929045 0.000002 0.000001 0.000002 0.000000 0.063715 0.007235 1.658247
0.929046 0.000001 0.000002 0.000002 0.000000 0.063713 0.007235 1.658248
0.929046 0.000001 0.000002 0.000002 0.000000 0.063713 0.007235 1.658248
0.929047 0.000001 0.000002 0.000002 0.000000 0.063712 0.007235 1.658248
0.929048 0.000001 0.000002 0.000002 0.000000 0.063711 0.007235 1.658248
0.929048 0.000002 0.000001 0.000002 0.000000 0.063711 0.007235 1.658248
0.929049 0.000002 0.000001 0.000002 0.000000 0.063710 0.007235 1.658248
0.929051 0.000002 0.000001 0.000002 0.000000 0.063708 0.007235 1.658248
0.929052 0.000002 0.000001 0.000002 0.000000 0.063707 0.007235 1.658248
0.929053 0.000002 0.000001 0.000002 0.000000 0.063707 0.007235 1.658248
0.929053 0.000003 0.000001 0.000002 0.000000 0.063706 0.007235 1.658248
0.929053 0.000003 0.000001 0.000002 0.000000 0.063705 0.007235 1.658248
0.929053 0.000003 0.000001 0.000002 0.000000 0.063705 0.007235 1.658250
0.929055 0.000002 0.000001 0.000002 0.000000 0.063704 0.007235 1.658250
0.929056 0.000003 0.000001 0.000002 0.000000 0.063703 0.007235 1.658250
0.929056 0.000002 0.000002 0.000002 0.000000 0.063702 0.007235 1.658251
0.929057 0.000001 0.000003 0.000002 0.000000 0.063701 0.007235 1.658251
0.929057 0.000001 0.000003 0.000002 0.000000 0.063701 0.007235 1.658252
0.929059 0.000001 0.000003 0.000002 0.000000 0.063700 0.007235 1.658252
0.929060 0.000001 0.000003 0.000002 0.000000 0.063698 0.007235 1.658252
0.929063 0.000001 0.000003 0.000001 0.000000 0.063696 0.007235 1.658252
0.929064 0.000001 0.000003 0.000001 0.000000 0.063696 0.007235 1.658252
0.929064 0.000001 0.000002 0.000000 0.000000 0.063698 0.007235 1.658252
0.929064 0.000000 0.000003 0.000000 0.000000 0.063697 0.007235 1.658253
0.929065 0.000000 0.000003 0.000000 0.000000 0.063697 0.007235 1.658253
0.929065 0.000000 0.000003 0.000000 0.000000 0.063696 0.007235 1.658253
0.929065 0.000001 0.000003 0.000000 0.000000 0.063696 0.007235 1.658253
0.929065 0.000000 0.000003 0.000000 0.000000 0.063696 0.007235 1.658253
0.929065 0.000001 0.000003 0.000000 0.000000 0.063696 0.007235 1.658253
0.929065 0.000001 0.000002 0.000000 0.000000 0.063697 0.007235 1.658253
0.929064 0.000001 0.000002 0.000000 0.000000 0.063697 0.007235 1.658253
0.929064 0.000002 0.000002 0.000000 0.000000 0.063696 0.007235 1.658253
0.929064 0.000003 0.000002 0.000000 0.000000 0.063696 0.007235 1.658253
0.929065 0.000002 0.000003 0.000000 0.000000 0.063695 0.007235 1.658254
0.929065 0.000001 0.000003 0.000000 0.000000 0.063696 0.007235 1.658255
0.929065 0.000001 0.000003 0.000000 0.000000 0.063695 0.007235 1.658255
0.929066 0.000001 0.000003 0.000000 0.000000 0.063695 0.007235 1.658255
0.929066 0.000001 0.000003 0.000000 0.000000 0.063695 0.007235 1.658255
0.929066 0.000001 0.000003 0.000000 0.000000 0.063694 0.007235 1.658255
0.929067 0.000001 0.000003 0.000000 0.000000 0.063694 0.007235 1.658255
0.929067 0.000001 0.000003 0.000000 0.000000 0.063693 0.007235 1.658255
0.929067 0.000002 0.000003 0.000000 0.000000 0.063693 0.007235 1.658255
0.929066 0.000002 0.000003 0.000000 0.000000 0.063693 0.007235 1.658256
0.929067 0.000003 0.000003 0.000000 0.000000 0.063692 0.007235 1.658256
0.929068 0.000001 0.000003 0.000001 0.000000 0.063691 0.007235 1.658257
0.929068 0.000001 0.000003 0.000001 0.000000 0.063691 0.007235 1.658257
0.929068 0.000002 0.000003 0.000001 0.000000 0.063691 0.007235 1.658257
0.929067 0.000003 0.000003 0.000001 0.000000 0.063691 0.007235 1.658257
0.929067 0.000003 0.000003 0.000000 0.000000 0.063691 0.007235 1.658257
0.929067 0.000002 0.000003 0.000001 0.000000 0.063692 0.007235 1.658258
0.929068 0.000002 0.000003 0.000001 0.000000 0.063691 0.007235 1.658258
0.929069 0.000001 0.000003 0.000001 0.000000 0.063690 0.007235 1.658259
0.929069 0.000001 0.000003 0.000001 0.000000 0.063690 0.007235 1.658259
0.929069 0.000001 0.000003 0.000001 0.000000 0.063690 0.007235 1.658259
0.929069 0.000001 0.000003 0.000001 0.000000 0.063690 0.007235 1.658260
0.929069 0.000001 0.000003 0.000001 0.000000 0.063689 0.007235 1.658260
0.929070 0.000002 0.000003 0.000001 0.000000 0.063688 0.007235 1.658260
0.929070 0.000001 0.000003 0.000001 0.000000 0.063689 0.007235 1.658261
0.929070 0.000001 0.000003 0.000001 0.000000 0.063689 0.007235 1.658261
0.929070 0.000001 0.000003 0.000001 0.000000 0.063690 0.007235 1.658261
0.929070 0.000001 0.000003 0.000001 0.000000 0.063690 0.007235 1.658261
0.929070 0.000001 0.000003 0.000001 0.000000 0.063690 0.007235 1.658261
0.929071 0.000000 0.000002 0.000001 0.000000 0.063690 0.007235 1.658261
0.929071 0.000000 0.000002 0.000000 0.000000 0.063691 0.007235 1.658262
0.929071 0.000000 0.000001 0.000000 0.000000 0.063691 0.007235 1.658262
0.929072 0.000000 0.000001 0.000000 0.000000 0.063690 0.007235 1.658262
0.929073 0.000000 0.000001 0.000000 0.000000 0.063690 0.007235 1.658262
0.929073 0.000000 0.000001 0.000000 0.000000 0.063689 0.007235 1.658262
0.929074 0.000000 0.000001 0.000000 0.000000 0.063689 0.007235 1.658262
0.929074 0.000000 0.000001 0.000000 0.000000 0.063688 0.007235 1.658262
0.929075 0.000000 0.000001 0.000000 0.000000 0.063687 0.007235 1.658262
0.929076 0.000000 0.000001 0.000000 0.000000 0.063686 0.007235 1.658262
0.929076 0.000000 0.000001 0.000000 0.000000 0.063687 0.007235 1.658262
0.929076 0.000000 0.000000 0.000000 0.000000 0.063687 0.007235 1.658262
0.929076 0.000000 0.000000 0.000000 0.000000 0.063687 0.007235 1.658262
0.929076 0.000000 0.000000 0.000000 0.000000 0.063687 0.007235 1.658262
0.929077 0.000000 0.000000 0.000000 0.000000 0.063686 0.007235 1.658262
0.929077 0.000000 0.000000 0.000000 0.000000 0.063686 0.007235 1.658262
0.929078 0.000000 0.000000 0.000000 0.000000 0.063685 0.007235 1.658262
0.929078 0.000000 0.000000 0.000000 0.000000 0.063685 0.007235 1.658262
0.929079 0.000000 0.000000 0.000000 0.000000 0.063684 0.007235 1.658262
0.929079 0.000000 0.000000 0.000000 0.000000 0.063684 0.007235 1.658262
0.929080 0.000000 0.000000 0.000000 0.000000 0.063683 0.007235 1.658262
0.929080 0.000000 0.000000 0.000000 0.000000 0.063683 0.007235 1.658262
0.929081 0.000000 0.000000 0.000000 0.000000 0.063682 0.007235 1.658262
0.929081 0.000000 0.000000 0.000000 0.000000 0.063682 0.007235 1.658262
0.929081 0.000000 0.000000 0.000000 0.000000 0.063682 0.007235 1.658262
0.929081 0.000000 0.000001 0.000000 0.000000 0.063682 0.007235 1.658262
0.929082 0.000000 0.000001 0.000000 0.000000 0.063681 0.007235 1.658262
0.929082 0.000000 0.000000 0.000000 0.000000 0.063682 0.007235 1.658262
0.929082 0.000000 0.000000 0.000000 0.000000 0.063681 0.007235 1.658262
0.929082 0.000000 0.000000 0.000000 0.000000 0.063681 0.007235 1.658262
0.929082 0.000000 0.000000 0.000000 0.000000 0.063681 0.007235 1.658262
0.929082 0.000000 0.000000 0.000000 0.000000 0.063681 0.007235 1.658262
0.929082 0.000000 0.000000 0.000000 0.000000 0.063682 0.007235 1.658262
0.929083 0.000000 0.000000 0.000000 0.000000 0.063681 0.007235 1.658262
0.929083 0.000000 0.000000 0.000000 0.000000 0.063681 0.007235 1.658262
0.929084 0.000000 0.000000 0.000000 0.000000 0.063680 0.007235 1.658262
0.929084 0.000000 0.000000 0.000000 0.000000 0.063680 0.007235 1.658262
0.929085 0.000000 0.000000 0.000000 0.000000 0.063679 0.007235 1.658262
0.929085 0.000000 0.000000 0.000000 0.000000 0.063679 0.007235 1.658262
0.929086 0.000000 0.000000 0.000000 0.000000 0.063678 0.007235 1.658262
