0.368726 0.062060 0.054933 0.031186 0.002071 0.475378 0.005646 1.553859
0.370652 0.060133 0.054857 0.031121 0.002071 0.475496 0.005670 1.559838
0.373109 0.057942 0.054615 0.030942 0.002065 0.475626 0.005701 1.565564
0.376033 0.055436 0.054239 0.030741 0.002083 0.475743 0.005724 1.571155
0.379097 0.052970 0.053696 0.030462 0.002094 0.475939 0.005743 1.576433
0.382440 0.050625 0.053138 0.030077 0.002092 0.475866 0.005763 1.581453
0.385946 0.048187 0.052510 0.029680 0.002079 0.475811 0.005788 1.586347
0.389432 0.046060 0.051655 0.029187 0.002068 0.475788 0.005811 1.590893
0.393169 0.043836 0.050842 0.028678 0.002072 0.475568 0.005835 1.595332
0.397048 0.041735 0.049906 0.028167 0.002069 0.475216 0.005860 1.599560
0.401013 0.039791 0.048928 0.027510 0.002052 0.474822 0.005885 1.603479
0.404989 0.037864 0.047925 0.026914 0.002049 0.474351 0.005909 1.607325
0.408963 0.036092 0.046818 0.026298 0.002054 0.473844 0.005932 1.610952
0.413144 0.034401 0.045829 0.025681 0.002047 0.472943 0.005955 1.614448
0.417455 0.032797 0.044623 0.025052 0.002024 0.472066 0.005983 1.617724
0.421683 0.031337 0.043520 0.024406 0.002001 0.471042 0.006009 1.620808
0.426037 0.029915 0.042341 0.023785 0.001989 0.469905 0.006029 1.623807
0.430327 0.028592 0.041216 0.023115 0.001965 0.468731 0.006055 1.626664
0.434651 0.027274 0.040089 0.022469 0.001952 0.467491 0.006073 1.629432
0.439053 0.026068 0.038930 0.021807 0.001937 0.466107 0.006099 1.632056
0.443346 0.024918 0.037775 0.021212 0.001922 0.464706 0.006121 1.634576
0.447761 0.023818 0.036638 0.020491 0.001892 0.463249 0.006150 1.636957
0.452241 0.022810 0.035532 0.019912 0.001862 0.461469 0.006174 1.639244
0.456672 0.021863 0.034403 0.019304 0.001838 0.459720 0.006200 1.641394
0.461208 0.020943 0.033329 0.018732 0.001815 0.457745 0.006227 1.643535
0.465773 0.020102 0.032306 0.018100 0.001796 0.455677 0.006246 1.645534
0.470314 0.019269 0.031258 0.017540 0.001765 0.453585 0.006270 1.647495
0.474899 0.018479 0.030255 0.016980 0.001735 0.451360 0.006292 1.649390
0.479488 0.017853 0.029217 0.016412 0.001697 0.449014 0.006319 1.651078
0.484102 0.017200 0.028248 0.015813 0.001666 0.446627 0.006344 1.652751
0.488665 0.016489 0.027365 0.015313 0.001652 0.444152 0.006364 1.654495
0.493247 0.015854 0.026515 0.014759 0.001634 0.441611 0.006380 1.656063
0.497942 0.015248 0.025659 0.014261 0.001603 0.438886 0.006401 1.657608
0.502526 0.014735 0.024770 0.013800 0.001565 0.436182 0.006421 1.659053
0.507156 0.014203 0.023920 0.013344 0.001552 0.433387 0.006438 1.660487
0.511722 0.013673 0.023115 0.012852 0.001525 0.430654 0.006459 1.661883
0.516250 0.013223 0.022325 0.012410 0.001510 0.427806 0.006477 1.663185
0.520705 0.012841 0.021561 0.011988 0.001478 0.424925 0.006502 1.664430
0.525097 0.012391 0.020891 0.011573 0.001450 0.422073 0.006524 1.665725
0.529645 0.011978 0.020202 0.011208 0.001415 0.419009 0.006544 1.666897
0.534152 0.011616 0.019476 0.010812 0.001392 0.415992 0.006560 1.668027
0.538552 0.011220 0.018834 0.010416 0.001365 0.413030 0.006584 1.669154
0.542909 0.010889 0.018226 0.010045 0.001336 0.409994 0.006601 1.670241
0.547273 0.010549 0.017660 0.009742 0.001305 0.406853 0.006618 1.671308
0.551665 0.010277 0.017091 0.009415 0.001277 0.403642 0.006633 1.672284
0.556043 0.009984 0.016511 0.009091 0.001251 0.400471 0.006650 1.673275
0.560421 0.009674 0.015998 0.008803 0.001225 0.397214 0.006663 1.674224
0.564724 0.009384 0.015561 0.008528 0.001200 0.393920 0.006683 1.675193
0.568973 0.009152 0.015063 0.008216 0.001185 0.390710 0.006701 1.676080
0.573213 0.008907 0.014601 0.007878 0.001172 0.387515 0.006714 1.676953
0.577426 0.008654 0.014079 0.007601 0.001160 0.384350 0.006730 1.677815
0.581630 0.008461 0.013644 0.007337 0.001137 0.381047 0.006746 1.678624
0.585756 0.008260 0.013241 0.007101 0.001106 0.377768 0.006768 1.679432
0.589846 0.008027 0.012864 0.006881 0.001081 0.374520 0.006781 1.680244
0.593943 0.007806 0.012502 0.006686 0.001061 0.371206 0.006795 1.681036
0.598088 0.007653 0.012090 0.006460 0.001038 0.367865 0.006807 1.681750
0.602079 0.007476 0.011734 0.006238 0.001018 0.364632 0.006824 1.682490
0.606169 0.007316 0.011357 0.006041 0.000995 0.361284 0.006837 1.683204
0.610164 0.007123 0.011063 0.005878 0.000970 0.357949 0.006853 1.683920
0.614077 0.006965 0.010757 0.005743 0.000948 0.354648 0.006863 1.684629
0.618039 0.006823 0.010453 0.005568 0.000928 0.351311 0.006877 1.685310
0.621928 0.006668 0.010156 0.005413 0.000904 0.348040 0.006892 1.685966
0.625754 0.006513 0.009859 0.005246 0.000887 0.344836 0.006903 1.686622
0.629522 0.006396 0.009567 0.005087 0.000850 0.341653 0.006924 1.687239
0.633318 0.006277 0.009320 0.004929 0.000840 0.338384 0.006933 1.687870
0.637068 0.006105 0.009081 0.004816 0.000824 0.335164 0.006942 1.688502
0.640785 0.005994 0.008817 0.004682 0.000801 0.331970 0.006952 1.689077
0.644567 0.005841 0.008563 0.004558 0.000784 0.328720 0.006966 1.689675
0.648235 0.005748 0.008334 0.004393 0.000760 0.325553 0.006978 1.690228
0.651917 0.005661 0.008100 0.004273 0.000732 0.322328 0.006989 1.690754
0.655504 0.005535 0.007876 0.004163 0.000718 0.319212 0.006992 1.691313
0.659016 0.005431 0.007677 0.004069 0.000704 0.316103 0.007000 1.691842
0.662465 0.005335 0.007480 0.003962 0.000685 0.313059 0.007014 1.692360
0.665953 0.005229 0.007328 0.003884 0.000670 0.309911 0.007023 1.692893
0.669467 0.005088 0.007155 0.003802 0.000658 0.306800 0.007029 1.693429
0.672858 0.005006 0.006995 0.003669 0.000648 0.303789 0.007035 1.693934
0.676252 0.004883 0.006834 0.003583 0.000632 0.300772 0.007045 1.694445
0.679611 0.004809 0.006650 0.003499 0.000620 0.297758 0.007053 1.694903
0.682913 0.004720 0.006492 0.003411 0.000605 0.294798 0.007061 1.695376
0.686167 0.004630 0.006362 0.003345 0.000591 0.291835 0.007072 1.695865
0.689484 0.004558 0.006218 0.003266 0.000573 0.288817 0.007084 1.696314
0.692703 0.004507 0.006090 0.003203 0.000563 0.285843 0.007090 1.696758
0.695865 0.004447 0.005934 0.003143 0.000550 0.282961 0.007100 1.697197
0.698995 0.004395 0.005792 0.003090 0.000533 0.280088 0.007109 1.697624
0.702173 0.004329 0.005684 0.003008 0.000521 0.277170 0.007115 1.698055
0.705245 0.004265 0.005555 0.002951 0.000508 0.274355 0.007121 1.698495
0.708242 0.004222 0.005426 0.002868 0.000492 0.271619 0.007132 1.698914
0.711215 0.004177 0.005324 0.002789 0.000481 0.268875 0.007139 1.699314
0.714303 0.004133 0.005198 0.002734 0.000474 0.266011 0.007147 1.699718
0.717207 0.004066 0.005079 0.002663 0.000463 0.263367 0.007153 1.700114
0.720163 0.004041 0.004978 0.002611 0.000444 0.260598 0.007164 1.700498
0.723055 0.003987 0.004888 0.002554 0.000428 0.257915 0.007172 1.700890
0.725897 0.003946 0.004789 0.002527 0.000422 0.255242 0.007177 1.701283
0.728729 0.003892 0.004710 0.002462 0.000408 0.252616 0.007183 1.701666
0.731484 0.003787 0.004641 0.002423 0.000396 0.250075 0.007193 1.702088
0.734278 0.003742 0.004579 0.002365 0.000386 0.247450 0.007199 1.702455
0.737076 0.003677 0.004484 0.002323 0.000375 0.244862 0.007204 1.702830
0.739814 0.003607 0.004414 0.002307 0.000369 0.242282 0.007208 1.703207
0.742538 0.003585 0.004334 0.002255 0.000365 0.239709 0.007214 1.703544
0.745148 0.003543 0.004260 0.002188 0.000354 0.237287 0.007219 1.703892
0.747699 0.003512 0.004198 0.002164 0.000348 0.234855 0.007224 1.704249
0.750333 0.003493 0.004100 0.002118 0.000340 0.232388 0.007228 1.704567
0.752870 0.003452 0.004028 0.002084 0.000332 0.230002 0.007232 1.704910
0.755394 0.003403 0.003992 0.002056 0.000327 0.227594 0.007234 1.705264
0.757988 0.003363 0.003926 0.002013 0.000321 0.225153 0.007236 1.705608
0.760488 0.003305 0.003854 0.002008 0.000310 0.222793 0.007244 1.705949
0.762945 0.003266 0.003788 0.001970 0.000301 0.220483 0.007248 1.706286
0.765339 0.003206 0.003763 0.001929 0.000296 0.218216 0.007252 1.706626
0.767690 0.003142 0.003722 0.001889 0.000286 0.216013 0.007259 1.706962
0.770169 0.003121 0.003672 0.001848 0.000282 0.213648 0.007261 1.707272
0.772572 0.003086 0.003612 0.001811 0.000276 0.211379 0.007265 1.707564
0.774871 0.003072 0.003561 0.001775 0.000265 0.209188 0.007270 1.707865
0.777197 0.003044 0.003506 0.001766 0.000257 0.206958 0.007273 1.708155
0.779516 0.003039 0.003439 0.001745 0.000259 0.204728 0.007274 1.708445
0.781825 0.002992 0.003401 0.001707 0.000258 0.202539 0.007279 1.708756
0.784035 0.002987 0.003357 0.001668 0.000250 0.200420 0.007283 1.709031
0.786266 0.002995 0.003303 0.001654 0.000247 0.198248 0.007288 1.709306
0.788486 0.002978 0.003265 0.001624 0.000241 0.196113 0.007294 1.709597
0.790692 0.002943 0.003229 0.001601 0.000237 0.194000 0.007297 1.709884
0.792851 0.002922 0.003175 0.001575 0.000235 0.191942 0.007301 1.710169
0.794991 0.002887 0.003103 0.001570 0.000228 0.189914 0.007307 1.710449
0.797110 0.002874 0.003064 0.001538 0.000227 0.187880 0.007308 1.710720
0.799194 0.002849 0.003042 0.001521 0.000222 0.185861 0.007311 1.710984
0.801285 0.002805 0.002986 0.001505 0.000217 0.183890 0.007313 1.711253
0.803337 0.002772 0.002949 0.001497 0.000214 0.181917 0.007315 1.711540
0.805398 0.002733 0.002935 0.001493 0.000208 0.179914 0.007318 1.711823
0.807420 0.002700 0.002905 0.001481 0.000203 0.177971 0.007321 1.712089
0.809307 0.002675 0.002893 0.001470 0.000195 0.176134 0.007326 1.712367
0.811266 0.002664 0.002838 0.001456 0.000191 0.174257 0.007328 1.712613
0.813166 0.002637 0.002782 0.001433 0.000189 0.172464 0.007331 1.712858
0.815106 0.002590 0.002766 0.001426 0.000185 0.170591 0.007335 1.713128
0.816978 0.002558 0.002729 0.001418 0.000180 0.168800 0.007338 1.713398
0.818861 0.002538 0.002685 0.001408 0.000181 0.166984 0.007342 1.713643
0.820694 0.002530 0.002660 0.001387 0.000175 0.165212 0.007342 1.713894
0.822493 0.002537 0.002624 0.001373 0.000174 0.163456 0.007344 1.714128
0.824254 0.002529 0.002584 0.001367 0.000167 0.161752 0.007346 1.714370
0.826040 0.002487 0.002591 0.001344 0.000163 0.160027 0.007350 1.714626
0.827835 0.002460 0.002566 0.001321 0.000162 0.158305 0.007350 1.714872
0.829593 0.002429 0.002542 0.001316 0.000157 0.156610 0.007353 1.715105
0.831315 0.002368 0.002523 0.001296 0.000155 0.154988 0.007355 1.715369
0.833076 0.002336 0.002495 0.001283 0.000153 0.153302 0.007356 1.715608
0.834760 0.002306 0.002480 0.001283 0.000151 0.151662 0.007359 1.715851
0.836355 0.002300 0.002455 0.001249 0.000151 0.150129 0.007361 1.716073
0.837997 0.002272 0.002443 0.001218 0.000150 0.148558 0.007363 1.716295
0.839618 0.002258 0.002404 0.001195 0.000146 0.147014 0.007365 1.716505
0.841280 0.002237 0.002376 0.001187 0.000145 0.145408 0.007367 1.716736
0.842887 0.002215 0.002352 0.001187 0.000139 0.143850 0.007369 1.716961
0.844507 0.002201 0.002329 0.001190 0.000134 0.142268 0.007372 1.717176
0.846061 0.002194 0.002313 0.001185 0.000132 0.140744 0.007372 1.717394
0.847549 0.002196 0.002269 0.001170 0.000132 0.139311 0.007374 1.717599
0.849125 0.002180 0.002247 0.001158 0.000128 0.137784 0.007378 1.717804
0.850626 0.002164 0.002229 0.001146 0.000125 0.136330 0.007379 1.718014
0.852124 0.002147 0.002204 0.001138 0.000119 0.134886 0.007382 1.718230
0.853581 0.002155 0.002162 0.001132 0.000115 0.133470 0.007385 1.718427
0.855094 0.002126 0.002149 0.001125 0.000114 0.132006 0.007386 1.718634
0.856555 0.002114 0.002126 0.001112 0.000115 0.130592 0.007388 1.718843
0.857975 0.002106 0.002096 0.001110 0.000115 0.129209 0.007389 1.719048
0.859339 0.002110 0.002090 0.001088 0.000112 0.127869 0.007392 1.719255
0.860727 0.002097 0.002076 0.001082 0.000110 0.126516 0.007393 1.719459
0.862173 0.002077 0.002056 0.001072 0.000104 0.125124 0.007394 1.719658
0.863542 0.002087 0.002029 0.001055 0.000101 0.123789 0.007397 1.719856
0.864901 0.002036 0.002019 0.001053 0.000096 0.122495 0.007400 1.720074
0.866210 0.002030 0.002006 0.001059 0.000093 0.121201 0.007402 1.720277
0.867560 0.002003 0.002001 0.001071 0.000091 0.119871 0.007403 1.720494
0.868836 0.001995 0.001993 0.001065 0.000091 0.118616 0.007404 1.720704
0.870158 0.002004 0.001974 0.001054 0.000089 0.117312 0.007408 1.720894
0.871437 0.001997 0.001957 0.001039 0.000088 0.116073 0.007409 1.721083
0.872698 0.001994 0.001947 0.001018 0.000087 0.114846 0.007411 1.721264
0.873917 0.002001 0.001936 0.001017 0.000086 0.113632 0.007411 1.721455
0.875125 0.002015 0.001924 0.001002 0.000085 0.112435 0.007414 1.721643
0.876335 0.001993 0.001923 0.001000 0.000084 0.111251 0.007415 1.721848
0.877543 0.001977 0.001914 0.000996 0.000083 0.110070 0.007416 1.722045
0.878707 0.001969 0.001903 0.000997 0.000084 0.108923 0.007417 1.722246
0.879895 0.001940 0.001917 0.000997 0.000085 0.107747 0.007419 1.722450
0.881014 0.001949 0.001906 0.000975 0.000082 0.106653 0.007421 1.722641
0.882177 0.001925 0.001901 0.000984 0.000080 0.105509 0.007423 1.722837
0.883272 0.001932 0.001880 0.000980 0.000079 0.104433 0.007424 1.723029
0.884355 0.001937 0.001867 0.000975 0.000079 0.103361 0.007425 1.723210
0.885392 0.001946 0.001843 0.000986 0.000080 0.102327 0.007426 1.723404
0.886548 0.001933 0.001832 0.000988 0.000080 0.101193 0.007427 1.723586
0.887626 0.001948 0.001824 0.000971 0.000080 0.100123 0.007427 1.723758
0.888618 0.001940 0.001824 0.000970 0.000080 0.099142 0.007428 1.723966
0.889664 0.001918 0.001831 0.000974 0.000083 0.098101 0.007429 1.724167
0.890701 0.001909 0.001848 0.000965 0.000081 0.097065 0.007430 1.724363
0.891758 0.001897 0.001825 0.000960 0.000079 0.096050 0.007431 1.724553
0.892752 0.001892 0.001810 0.000958 0.000078 0.095079 0.007432 1.724742
0.893743 0.001918 0.001793 0.000938 0.000079 0.094096 0.007432 1.724909
0.894729 0.001893 0.001784 0.000941 0.000079 0.093140 0.007433 1.725103
0.895694 0.001862 0.001791 0.000945 0.000079 0.092195 0.007434 1.725306
0.896705 0.001860 0.001781 0.000927 0.000078 0.091213 0.007435 1.725488
0.897707 0.001857 0.001771 0.000919 0.000079 0.090229 0.007436 1.725656
0.898700 0.001863 0.001746 0.000906 0.000078 0.089271 0.007436 1.725822
0.899635 0.001867 0.001730 0.000897 0.000081 0.088355 0.007436 1.725992
0.900519 0.001886 0.001705 0.000899 0.000081 0.087475 0.007436 1.726157
0.901418 0.001869 0.001691 0.000912 0.000080 0.086594 0.007437 1.726343
0.902332 0.001880 0.001674 0.000911 0.000082 0.085685 0.007437 1.726511
0.903232 0.001881 0.001667 0.000907 0.000080 0.084795 0.007437 1.726688
0.904072 0.001901 0.001664 0.000898 0.000079 0.083946 0.007439 1.726851
0.904935 0.001872 0.001664 0.000913 0.000077 0.083099 0.007440 1.727043
0.905782 0.001846 0.001668 0.000906 0.000078 0.082280 0.007440 1.727232
0.906595 0.001841 0.001672 0.000898 0.000074 0.081477 0.007443 1.727421
0.907420 0.001851 0.001667 0.000892 0.000071 0.080655 0.007444 1.727587
0.908251 0.001828 0.001670 0.000905 0.000071 0.079832 0.007444 1.727773
0.909054 0.001834 0.001653 0.000918 0.000070 0.079026 0.007444 1.727942
0.909813 0.001835 0.001666 0.000913 0.000071 0.078257 0.007444 1.728132
0.910639 0.001843 0.001644 0.000915 0.000070 0.077443 0.007446 1.728305
0.911445 0.001837 0.001641 0.000914 0.000069 0.076647 0.007448 1.728481
0.912216 0.001839 0.001635 0.000913 0.000070 0.075878 0.007449 1.728659
0.912970 0.001830 0.001639 0.000916 0.000071 0.075124 0.007450 1.728844
0.913696 0.001828 0.001650 0.000914 0.000072 0.074390 0.007451 1.729024
0.914427 0.001817 0.001661 0.000915 0.000074 0.073653 0.007452 1.729216
0.915193 0.001829 0.001640 0.000903 0.000073 0.072910 0.007452 1.729383
0.915851 0.001853 0.001630 0.000894 0.000075 0.072246 0.007453 1.729546
0.916573 0.001859 0.001624 0.000891 0.000075 0.071524 0.007454 1.729722
0.917290 0.001852 0.001623 0.000898 0.000074 0.070808 0.007455 1.729905
0.917983 0.001865 0.001627 0.000889 0.000071 0.070108 0.007457 1.730067
0.918670 0.001837 0.001633 0.000891 0.000071 0.069439 0.007457 1.730259
0.919343 0.001832 0.001631 0.000872 0.000072 0.068791 0.007458 1.730437
0.919971 0.001847 0.001633 0.000858 0.000071 0.068159 0.007460 1.730616
0.920639 0.001833 0.001649 0.000867 0.000070 0.067481 0.007461 1.730803
0.921309 0.001832 0.001652 0.000851 0.000069 0.066825 0.007462 1.730973
0.921960 0.001837 0.001653 0.000849 0.000067 0.066172 0.007462 1.731141
0.922570 0.001846 0.001658 0.000856 0.000066 0.065540 0.007463 1.731320
0.923160 0.001828 0.001665 0.000858 0.000064 0.064961 0.007464 1.731507
0.923764 0.001826 0.001652 0.000851 0.000063 0.064380 0.007465 1.731680
0.924377 0.001816 0.001665 0.000852 0.000062 0.063763 0.007466 1.731866
0.924993 0.001822 0.001657 0.000848 0.000063 0.063151 0.007466 1.732037
0.925628 0.001816 0.001640 0.000846 0.000063 0.062539 0.007467 1.732208
0.926214 0.001803 0.001645 0.000849 0.000062 0.061959 0.007468 1.732387
0.926764 0.001791 0.001660 0.000847 0.000063 0.061407 0.007468 1.732571
0.927334 0.001785 0.001672 0.000833 0.000066 0.060840 0.007468 1.732743
0.927947 0.001755 0.001674 0.000826 0.000068 0.060261 0.007469 1.732919
0.928510 0.001750 0.001680 0.000827 0.000070 0.059694 0.007469 1.733105
0.929062 0.001756 0.001668 0.000833 0.000069 0.059142 0.007470 1.733274
0.929605 0.001764 0.001651 0.000834 0.000068 0.058605 0.007471 1.733435
0.930138 0.001776 0.001643 0.000830 0.000071 0.058070 0.007472 1.733598
0.930667 0.001755 0.001630 0.000832 0.000070 0.057572 0.007473 1.733774
0.931169 0.001778 0.001602 0.000836 0.000070 0.057072 0.007473 1.733924
0.931701 0.001774 0.001581 0.000841 0.000071 0.056558 0.007474 1.734102
0.932201 0.001784 0.001578 0.000840 0.000074 0.056049 0.007475 1.734269
0.932682 0.001776 0.001589 0.000834 0.000072 0.055570 0.007477 1.734455
0.933176 0.001781 0.001594 0.000826 0.000070 0.055076 0.007478 1.734633
0.933637 0.001776 0.001597 0.000829 0.000071 0.054611 0.007479 1.734817
0.934111 0.001756 0.001607 0.000835 0.000072 0.054140 0.007480 1.735004
0.934575 0.001756 0.001603 0.000844 0.000071 0.053668 0.007483 1.735174
0.935029 0.001747 0.001594 0.000846 0.000069 0.053230 0.007484 1.735343
0.935503 0.001727 0.001606 0.000843 0.000070 0.052768 0.007485 1.735525
0.935926 0.001744 0.001599 0.000845 0.000068 0.052331 0.007486 1.735695
0.936377 0.001744 0.001599 0.000852 0.000068 0.051874 0.007486 1.735865
0.936804 0.001762 0.001599 0.000841 0.000067 0.051440 0.007487 1.736020
0.937251 0.001739 0.001609 0.000840 0.000064 0.051009 0.007488 1.736212
0.937698 0.001750 0.001600 0.000830 0.000065 0.050567 0.007489 1.736370
0.938112 0.001758 0.001609 0.000831 0.000062 0.050137 0.007491 1.736544
0.938492 0.001778 0.001606 0.000836 0.000062 0.049736 0.007492 1.736720
0.938941 0.001762 0.001615 0.000837 0.000063 0.049291 0.007492 1.736916
0.939354 0.001766 0.001606 0.000831 0.000064 0.048886 0.007492 1.737088
0.939737 0.001792 0.001601 0.000833 0.000063 0.048481 0.007494 1.737257
0.940132 0.001812 0.001587 0.000838 0.000061 0.048075 0.007494 1.737422
0.940501 0.001819 0.001600 0.000846 0.000058 0.047680 0.007495 1.737607
0.940919 0.001846 0.001579 0.000860 0.000059 0.047243 0.007496 1.737783
0.941280 0.001843 0.001588 0.000857 0.000060 0.046875 0.007497 1.737972
0.941638 0.001846 0.001591 0.000853 0.000057 0.046516 0.007499 1.738150
0.941978 0.001864 0.001598 0.000858 0.000058 0.046146 0.007499 1.738341
0.942306 0.001856 0.001627 0.000878 0.000057 0.045775 0.007500 1.738543
0.942621 0.001886 0.001623 0.000881 0.000055 0.045433 0.007501 1.738715
0.942964 0.001894 0.001640 0.000890 0.000055 0.045055 0.007502 1.738914
0.943323 0.001923 0.001632 0.000886 0.000056 0.044678 0.007503 1.739082
0.943645 0.001931 0.001655 0.000883 0.000055 0.044326 0.007505 1.739263
0.943972 0.001943 0.001643 0.000884 0.000054 0.043997 0.007507 1.739437
0.944287 0.001931 0.001651 0.000885 0.000053 0.043686 0.007507 1.739625
0.944602 0.001935 0.001647 0.000899 0.000054 0.043356 0.007507 1.739815
0.944876 0.001938 0.001659 0.000894 0.000053 0.043071 0.007508 1.739998
0.945169 0.001932 0.001674 0.000910 0.000053 0.042755 0.007508 1.740200
0.945438 0.001936 0.001688 0.000913 0.000055 0.042460 0.007509 1.740401
0.945736 0.001934 0.001696 0.000916 0.000058 0.042151 0.007509 1.740593
0.946011 0.001926 0.001725 0.000917 0.000057 0.041854 0.007510 1.740795
0.946291 0.001916 0.001729 0.000922 0.000058 0.041573 0.007510 1.740997
0.946600 0.001906 0.001747 0.000915 0.000058 0.041263 0.007511 1.741188
0.946891 0.001920 0.001752 0.000910 0.000057 0.040960 0.007511 1.741361
0.947155 0.001935 0.001739 0.000907 0.000056 0.040695 0.007512 1.741536
0.947407 0.001954 0.001739 0.000897 0.000056 0.040434 0.007512 1.741720
0.947640 0.001963 0.001738 0.000896 0.000058 0.040192 0.007513 1.741902
0.947881 0.001968 0.001742 0.000892 0.000058 0.039945 0.007515 1.742094
0.948124 0.001956 0.001752 0.000891 0.000060 0.039702 0.007515 1.742291
0.948359 0.001952 0.001747 0.000893 0.000059 0.039474 0.007515 1.742493
0.948615 0.001961 0.001746 0.000892 0.000058 0.039213 0.007516 1.742666
0.948860 0.001959 0.001751 0.000903 0.000058 0.038954 0.007516 1.742860
0.949079 0.001948 0.001760 0.000912 0.000058 0.038726 0.007517 1.743064
0.949302 0.001935 0.001761 0.000928 0.000058 0.038498 0.007518 1.743258
0.949536 0.001944 0.001756 0.000935 0.000056 0.038254 0.007519 1.743445
0.949765 0.001918 0.001767 0.000944 0.000055 0.038031 0.007519 1.743654
0.949986 0.001925 0.001755 0.000954 0.000053 0.037808 0.007520 1.743840
0.950242 0.001906 0.001747 0.000951 0.000055 0.037579 0.007520 1.744031
0.950426 0.001927 0.001731 0.000943 0.000054 0.037398 0.007521 1.744210
0.950632 0.001931 0.001731 0.000922 0.000053 0.037208 0.007522 1.744397
0.950851 0.001953 0.001734 0.000922 0.000052 0.036965 0.007523 1.744580
0.951041 0.001949 0.001731 0.000915 0.000053 0.036788 0.007523 1.744768
0.951229 0.001961 0.001738 0.000901 0.000054 0.036594 0.007523 1.744947
0.951427 0.001978 0.001740 0.000900 0.000056 0.036375 0.007525 1.745127
0.951605 0.001980 0.001752 0.000908 0.000057 0.036172 0.007526 1.745330
0.951796 0.001975 0.001752 0.000905 0.000057 0.035988 0.007526 1.745527
0.951975 0.001987 0.001749 0.000899 0.000057 0.035804 0.007528 1.745717
0.952185 0.001971 0.001750 0.000919 0.000058 0.035588 0.007529 1.745907
0.952377 0.001982 0.001757 0.000921 0.000055 0.035377 0.007530 1.746108
0.952517 0.002004 0.001754 0.000920 0.000054 0.035219 0.007531 1.746298
0.952677 0.002029 0.001742 0.000915 0.000054 0.035049 0.007532 1.746482
0.952853 0.002048 0.001746 0.000907 0.000055 0.034859 0.007532 1.746664
0.952970 0.002071 0.001744 0.000913 0.000054 0.034715 0.007533 1.746856
0.953157 0.002074 0.001753 0.000927 0.000054 0.034501 0.007534 1.747056
0.953312 0.002076 0.001759 0.000921 0.000055 0.034342 0.007534 1.747263
0.953462 0.002066 0.001800 0.000916 0.000056 0.034166 0.007534 1.747475
0.953590 0.002057 0.001808 0.000914 0.000059 0.034037 0.007535 1.747676
0.953730 0.002041 0.001828 0.000925 0.000058 0.033882 0.007535 1.747899
0.953880 0.002061 0.001835 0.000919 0.000057 0.033713 0.007537 1.748093
0.954029 0.002051 0.001848 0.000915 0.000057 0.033564 0.007537 1.748301
0.954181 0.002049 0.001841 0.000920 0.000060 0.033413 0.007537 1.748498
0.954313 0.002062 0.001849 0.000907 0.000060 0.033272 0.007537 1.748699
0.954426 0.002070 0.001860 0.000926 0.000060 0.033122 0.007537 1.748914
0.954564 0.002071 0.001862 0.000911 0.000058 0.032994 0.007539 1.749109
0.954707 0.002062 0.001877 0.000928 0.000057 0.032828 0.007541 1.749317
0.954829 0.002054 0.001889 0.000943 0.000055 0.032688 0.007541 1.749526
0.954951 0.002080 0.001881 0.000936 0.000055 0.032554 0.007541 1.749708
0.955079 0.002120 0.001873 0.000926 0.000056 0.032404 0.007541 1.749887
0.955168 0.002152 0.001871 0.000940 0.000056 0.032273 0.007541 1.750093
0.955274 0.002140 0.001910 0.000948 0.000055 0.032130 0.007542 1.750332
0.955372 0.002162 0.001913 0.000947 0.000056 0.032005 0.007545 1.750534
0.955501 0.002150 0.001910 0.000967 0.000058 0.031869 0.007545 1.750748
0.955594 0.002154 0.001911 0.000971 0.000058 0.031764 0.007547 1.750964
0.955696 0.002170 0.001903 0.000971 0.000060 0.031653 0.007547 1.751165
0.955787 0.002178 0.001910 0.000968 0.000060 0.031549 0.007548 1.751373
0.955904 0.002187 0.001909 0.000979 0.000060 0.031411 0.007549 1.751584
0.955968 0.002209 0.001917 0.000978 0.000060 0.031318 0.007549 1.751801
0.956030 0.002211 0.001921 0.000977 0.000060 0.031251 0.007550 1.752030
0.956098 0.002223 0.001931 0.000969 0.000061 0.031166 0.007551 1.752244
0.956169 0.002236 0.001906 0.000975 0.000060 0.031103 0.007552 1.752448
0.956254 0.002214 0.001926 0.000995 0.000058 0.031001 0.007553 1.752687
0.956334 0.002204 0.001956 0.000997 0.000058 0.030896 0.007553 1.752925
0.956416 0.002196 0.001973 0.000999 0.000058 0.030805 0.007554 1.753154
0.956490 0.002200 0.001956 0.001011 0.000058 0.030730 0.007554 1.753378
0.956544 0.002214 0.001959 0.001016 0.000059 0.030652 0.007556 1.753600
0.956646 0.002205 0.001949 0.001023 0.000060 0.030560 0.007557 1.753812
0.956729 0.002219 0.001928 0.001028 0.000063 0.030476 0.007557 1.754031
0.956803 0.002215 0.001940 0.001033 0.000062 0.030389 0.007558 1.754262
0.956885 0.002198 0.001950 0.001043 0.000061 0.030306 0.007559 1.754484
0.956976 0.002208 0.001962 0.001041 0.000063 0.030191 0.007559 1.754694
0.957044 0.002204 0.001965 0.001044 0.000062 0.030122 0.007559 1.754906
0.957114 0.002206 0.001976 0.001030 0.000061 0.030054 0.007560 1.755129
0.957159 0.002223 0.001985 0.001036 0.000064 0.029973 0.007560 1.755346
0.957250 0.002244 0.001962 0.001026 0.000065 0.029891 0.007560 1.755547
0.957277 0.002263 0.001978 0.001034 0.000063 0.029824 0.007561 1.755766
0.957355 0.002248 0.001989 0.001047 0.000064 0.029735 0.007561 1.755994
0.957421 0.002272 0.001989 0.001038 0.000062 0.029656 0.007563 1.756208
0.957480 0.002275 0.001998 0.001049 0.000059 0.029575 0.007564 1.756435
0.957533 0.002284 0.001997 0.001051 0.000060 0.029510 0.007564 1.756645
0.957590 0.002285 0.002020 0.001054 0.000061 0.029425 0.007564 1.756883
0.957650 0.002302 0.002016 0.001049 0.000060 0.029358 0.007565 1.757102
0.957699 0.002327 0.001999 0.001050 0.000063 0.029296 0.007565 1.757316
0.957754 0.002335 0.001988 0.001044 0.000063 0.029250 0.007566 1.757525
0.957810 0.002325 0.001998 0.001047 0.000064 0.029188 0.007567 1.757756
0.957890 0.002303 0.002030 0.001065 0.000065 0.029079 0.007568 1.758006
0.957966 0.002270 0.002032 0.001057 0.000065 0.029040 0.007569 1.758250
0.958015 0.002271 0.002035 0.001050 0.000066 0.028991 0.007570 1.758472
0.958081 0.002273 0.002029 0.001042 0.000067 0.028936 0.007570 1.758692
0.958135 0.002277 0.002035 0.001032 0.000065 0.028885 0.007572 1.758927
0.958203 0.002261 0.002075 0.001049 0.000065 0.028775 0.007572 1.759171
0.958237 0.002284 0.002067 0.001042 0.000064 0.028733 0.007574 1.759382
0.958271 0.002296 0.002072 0.001043 0.000065 0.028678 0.007574 1.759605
0.958302 0.002311 0.002062 0.001042 0.000066 0.028640 0.007574 1.759830
0.958347 0.002315 0.002063 0.001045 0.000065 0.028588 0.007575 1.760050
0.958376 0.002299 0.002075 0.001050 0.000064 0.028558 0.007578 1.760289
0.958410 0.002288 0.002081 0.001052 0.000064 0.028527 0.007578 1.760528
0.958465 0.002277 0.002072 0.001063 0.000062 0.028481 0.007578 1.760756
0.958482 0.002288 0.002068 0.001070 0.000063 0.028449 0.007579 1.760985
0.958525 0.002279 0.002049 0.001082 0.000063 0.028421 0.007580 1.761210
0.958547 0.002285 0.002058 0.001086 0.000062 0.028381 0.007580 1.761440
0.958572 0.002307 0.002062 0.001077 0.000061 0.028340 0.007582 1.761650
0.958616 0.002290 0.002088 0.001074 0.000061 0.028288 0.007583 1.761896
0.958639 0.002301 0.002091 0.001080 0.000062 0.028243 0.007583 1.762129
0.958673 0.002309 0.002095 0.001070 0.000059 0.028209 0.007584 1.762353
0.958687 0.002327 0.002101 0.001068 0.000060 0.028171 0.007584 1.762587
0.958704 0.002357 0.002098 0.001075 0.000062 0.028121 0.007584 1.762818
0.958741 0.002354 0.002097 0.001071 0.000060 0.028092 0.007585 1.763052
0.958759 0.002353 0.002101 0.001066 0.000065 0.028069 0.007585 1.763289
0.958771 0.002376 0.002097 0.001076 0.000065 0.028029 0.007585 1.763515
0.958758 0.002420 0.002096 0.001088 0.000062 0.027990 0.007586 1.763740
0.958778 0.002419 0.002108 0.001100 0.000063 0.027945 0.007587 1.763983
0.958799 0.002399 0.002128 0.001099 0.000062 0.027925 0.007588 1.764240
0.958796 0.002418 0.002105 0.001102 0.000064 0.027927 0.007588 1.764464
0.958818 0.002414 0.002101 0.001102 0.000064 0.027914 0.007588 1.764693
0.958819 0.002430 0.002105 0.001096 0.000064 0.027896 0.007589 1.764922
0.958830 0.002450 0.002093 0.001094 0.000066 0.027876 0.007589 1.765157
0.958860 0.002452 0.002087 0.001103 0.000069 0.027840 0.007589 1.765399
0.958843 0.002489 0.002104 0.001101 0.000067 0.027804 0.007591 1.765639
0.958857 0.002484 0.002109 0.001110 0.000066 0.027780 0.007593 1.765888
0.958868 0.002533 0.002100 0.001098 0.000064 0.027742 0.007594 1.766090
0.958883 0.002536 0.002115 0.001100 0.000064 0.027707 0.007594 1.766336
0.958906 0.002525 0.002109 0.001117 0.000065 0.027683 0.007595 1.766576
0.958913 0.002531 0.002123 0.001133 0.000066 0.027638 0.007596 1.766822
0.958923 0.002524 0.002118 0.001137 0.000066 0.027636 0.007596 1.767064
0.958919 0.002533 0.002119 0.001136 0.000066 0.027630 0.007597 1.767308
0.958922 0.002530 0.002131 0.001144 0.000065 0.027608 0.007599 1.767557
0.958914 0.002528 0.002152 0.001132 0.000064 0.027610 0.007600 1.767817
0.958952 0.002510 0.002176 0.001138 0.000063 0.027561 0.007601 1.768072
0.958962 0.002505 0.002187 0.001141 0.000062 0.027541 0.007601 1.768319
0.958948 0.002510 0.002189 0.001154 0.000062 0.027535 0.007602 1.768558
0.958958 0.002502 0.002207 0.001165 0.000062 0.027501 0.007603 1.768809
0.958954 0.002524 0.002206 0.001156 0.000061 0.027492 0.007605 1.769041
0.958934 0.002536 0.002213 0.001153 0.000063 0.027494 0.007606 1.769289
0.958914 0.002566 0.002225 0.001146 0.000065 0.027476 0.007606 1.769524
0.958933 0.002553 0.002252 0.001144 0.000064 0.027447 0.007606 1.769783
0.958950 0.002525 0.002256 0.001159 0.000065 0.027438 0.007607 1.770043
0.958926 0.002530 0.002256 0.001167 0.000066 0.027448 0.007607 1.770291
0.958910 0.002543 0.002255 0.001152 0.000066 0.027466 0.007609 1.770518
0.958913 0.002545 0.002248 0.001155 0.000066 0.027463 0.007609 1.770762
0.958903 0.002550 0.002261 0.001154 0.000066 0.027456 0.007609 1.771016
0.958910 0.002546 0.002255 0.001162 0.000066 0.027451 0.007611 1.771269
0.958890 0.002572 0.002239 0.001154 0.000068 0.027465 0.007611 1.771512
0.958886 0.002583 0.002224 0.001151 0.000069 0.027474 0.007612 1.771752
0.958874 0.002604 0.002226 0.001152 0.000068 0.027461 0.007614 1.771985
0.958852 0.002588 0.002236 0.001162 0.000071 0.027476 0.007614 1.772257
0.958854 0.002587 0.002253 0.001171 0.000069 0.027450 0.007615 1.772512
0.958855 0.002589 0.002244 0.001180 0.000068 0.027446 0.007617 1.772760
0.958843 0.002603 0.002251 0.001174 0.000068 0.027442 0.007618 1.773005
0.958868 0.002582 0.002251 0.001178 0.000071 0.027431 0.007620 1.773260
0.958850 0.002590 0.002275 0.001178 0.000071 0.027416 0.007620 1.773521
0.958835 0.002606 0.002286 0.001184 0.000071 0.027396 0.007621 1.773778
0.958838 0.002622 0.002277 0.001195 0.000071 0.027374 0.007623 1.774012
0.958836 0.002616 0.002276 0.001196 0.000071 0.027381 0.007623 1.774268
0.958815 0.002618 0.002309 0.001190 0.000072 0.027373 0.007623 1.774537
0.958828 0.002606 0.002311 0.001197 0.000074 0.027361 0.007623 1.774790
0.958802 0.002628 0.002311 0.001202 0.000073 0.027360 0.007624 1.775040
0.958794 0.002627 0.002316 0.001178 0.000073 0.027387 0.007624 1.775289
0.958780 0.002655 0.002321 0.001165 0.000075 0.027378 0.007624 1.775529
0.958733 0.002691 0.002343 0.001160 0.000074 0.027372 0.007625 1.775776
0.958727 0.002719 0.002340 0.001170 0.000074 0.027344 0.007625 1.776022
0.958732 0.002716 0.002332 0.001182 0.000078 0.027333 0.007626 1.776281
0.958697 0.002731 0.002339 0.001195 0.000079 0.027331 0.007626 1.776562
0.958686 0.002723 0.002339 0.001203 0.000077 0.027343 0.007628 1.776830
0.958629 0.002739 0.002346 0.001225 0.000077 0.027354 0.007629 1.777096
0.958581 0.002766 0.002364 0.001218 0.000078 0.027363 0.007630 1.777365
0.958565 0.002771 0.002370 0.001217 0.000079 0.027368 0.007630 1.777626
0.958536 0.002779 0.002385 0.001222 0.000077 0.027368 0.007632 1.777894
0.958508 0.002802 0.002368 0.001225 0.000075 0.027390 0.007633 1.778148
0.958450 0.002815 0.002376 0.001234 0.000075 0.027416 0.007633 1.778420
0.958449 0.002807 0.002384 0.001236 0.000076 0.027412 0.007635 1.778690
0.958392 0.002822 0.002391 0.001248 0.000077 0.027434 0.007636 1.778969
0.958370 0.002812 0.002388 0.001272 0.000076 0.027444 0.007638 1.779248
0.958376 0.002780 0.002418 0.001270 0.000074 0.027442 0.007640 1.779535
0.958326 0.002782 0.002427 0.001280 0.000072 0.027469 0.007642 1.779818
0.958303 0.002794 0.002438 0.001280 0.000072 0.027470 0.007642 1.780090
0.958272 0.002800 0.002450 0.001282 0.000072 0.027481 0.007643 1.780373
0.958255 0.002805 0.002451 0.001277 0.000075 0.027492 0.007644 1.780644
0.958234 0.002823 0.002438 0.001283 0.000072 0.027503 0.007645 1.780903
0.958215 0.002824 0.002418 0.001286 0.000072 0.027537 0.007646 1.781162
0.958187 0.002821 0.002418 0.001283 0.000072 0.027571 0.007647 1.781437
0.958160 0.002839 0.002437 0.001279 0.000070 0.027567 0.007647 1.781709
0.958123 0.002823 0.002449 0.001287 0.000072 0.027598 0.007647 1.781999
0.958096 0.002819 0.002467 0.001290 0.000072 0.027608 0.007648 1.782280
0.958082 0.002806 0.002473 0.001298 0.000073 0.027620 0.007648 1.782560
0.958074 0.002800 0.002471 0.001306 0.000073 0.027628 0.007648 1.782842
0.958058 0.002799 0.002477 0.001322 0.000074 0.027620 0.007649 1.783115
0.958026 0.002795 0.002494 0.001318 0.000071 0.027645 0.007651 1.783398
0.958008 0.002774 0.002512 0.001321 0.000072 0.027660 0.007652 1.783678
0.957965 0.002780 0.002492 0.001315 0.000070 0.027725 0.007653 1.783949
0.957933 0.002768 0.002507 0.001300 0.000072 0.027766 0.007654 1.784230
0.957897 0.002778 0.002499 0.001297 0.000071 0.027802 0.007655 1.784496
0.957895 0.002770 0.002503 0.001304 0.000072 0.027799 0.007656 1.784777
0.957863 0.002763 0.002494 0.001296 0.000073 0.027852 0.007657 1.785057
0.957841 0.002770 0.002476 0.001302 0.000072 0.027880 0.007659 1.785318
0.957831 0.002754 0.002477 0.001315 0.000071 0.027891 0.007660 1.785606
0.957792 0.002771 0.002487 0.001305 0.000073 0.027910 0.007661 1.785876
0.957743 0.002799 0.002496 0.001295 0.000072 0.027932 0.007662 1.786138
0.957707 0.002780 0.002498 0.001302 0.000072 0.027978 0.007662 1.786438
0.957716 0.002772 0.002494 0.001316 0.000070 0.027966 0.007665 1.786715
0.957683 0.002773 0.002507 0.001316 0.000071 0.027983 0.007666 1.786997
0.957658 0.002793 0.002489 0.001318 0.000076 0.027997 0.007668 1.787263
0.957640 0.002794 0.002485 0.001323 0.000074 0.028013 0.007669 1.787538
0.957613 0.002782 0.002483 0.001330 0.000074 0.028047 0.007670 1.787812
0.957606 0.002799 0.002483 0.001329 0.000075 0.028038 0.007670 1.788075
0.957608 0.002801 0.002462 0.001327 0.000077 0.028053 0.007671 1.788336
0.957606 0.002789 0.002462 0.001334 0.000076 0.028061 0.007672 1.788607
0.957606 0.002791 0.002472 0.001325 0.000078 0.028054 0.007673 1.788877
0.957586 0.002809 0.002468 0.001334 0.000078 0.028050 0.007674 1.789140
0.957578 0.002808 0.002476 0.001334 0.000080 0.028049 0.007674 1.789411
0.957536 0.002848 0.002443 0.001336 0.000080 0.028080 0.007675 1.789656
0.957532 0.002856 0.002451 0.001327 0.000080 0.028076 0.007677 1.789918
0.957518 0.002850 0.002464 0.001329 0.000083 0.028078 0.007677 1.790207
0.957498 0.002861 0.002454 0.001316 0.000080 0.028112 0.007679 1.790471
0.957468 0.002840 0.002481 0.001319 0.000079 0.028131 0.007680 1.790759
0.957474 0.002831 0.002498 0.001325 0.000080 0.028111 0.007680 1.791035
0.957454 0.002837 0.002496 0.001333 0.000080 0.028120 0.007680 1.791302
0.957412 0.002839 0.002507 0.001313 0.000079 0.028167 0.007682 1.791576
0.957393 0.002833 0.002513 0.001311 0.000081 0.028185 0.007683 1.791861
0.957382 0.002814 0.002524 0.001323 0.000082 0.028191 0.007683 1.792159
0.957364 0.002806 0.002549 0.001313 0.000083 0.028201 0.007684 1.792450
0.957363 0.002805 0.002549 0.001305 0.000085 0.028206 0.007686 1.792712
0.957351 0.002801 0.002563 0.001304 0.000085 0.028210 0.007686 1.792987
0.957328 0.002817 0.002550 0.001296 0.000087 0.028234 0.007687 1.793248
0.957327 0.002802 0.002577 0.001311 0.000085 0.028209 0.007688 1.793543
0.957302 0.002796 0.002573 0.001309 0.000082 0.028249 0.007689 1.793822
0.957279 0.002791 0.002560 0.001301 0.000081 0.028297 0.007690 1.794088
0.957266 0.002820 0.002530 0.001305 0.000082 0.028303 0.007692 1.794342
0.957245 0.002832 0.002529 0.001301 0.000084 0.028315 0.007693 1.794614
0.957188 0.002829 0.002540 0.001300 0.000084 0.028364 0.007693 1.794913
0.957139 0.002829 0.002537 0.001299 0.000082 0.028418 0.007695 1.795195
0.957129 0.002843 0.002527 0.001285 0.000082 0.028435 0.007697 1.795454
0.957084 0.002855 0.002527 0.001274 0.000085 0.028477 0.007698 1.795733
0.957070 0.002872 0.002527 0.001282 0.000084 0.028465 0.007699 1.796006
0.957003 0.002905 0.002521 0.001288 0.000085 0.028497 0.007700 1.796289
0.956968 0.002916 0.002527 0.001290 0.000087 0.028511 0.007700 1.796564
0.956951 0.002925 0.002536 0.001303 0.000085 0.028499 0.007700 1.796842
0.956931 0.002925 0.002547 0.001323 0.000088 0.028486 0.007700 1.797135
0.956934 0.002918 0.002546 0.001315 0.000087 0.028498 0.007701 1.797420
0.956898 0.002926 0.002551 0.001314 0.000087 0.028519 0.007704 1.797696
0.956860 0.002939 0.002543 0.001313 0.000087 0.028553 0.007704 1.797970
0.956847 0.002935 0.002564 0.001313 0.000087 0.028548 0.007705 1.798272
0.956810 0.002945 0.002570 0.001314 0.000089 0.028564 0.007706 1.798556
0.956783 0.002912 0.002583 0.001337 0.000090 0.028587 0.007707 1.798866
0.956762 0.002919 0.002587 0.001322 0.000090 0.028611 0.007708 1.799138
0.956725 0.002938 0.002598 0.001324 0.000089 0.028616 0.007710 1.799432
0.956731 0.002901 0.002598 0.001338 0.000091 0.028630 0.007710 1.799714
0.956702 0.002904 0.002623 0.001332 0.000091 0.028634 0.007712 1.800007
0.956687 0.002891 0.002639 0.001323 0.000093 0.028656 0.007712 1.800295
0.956651 0.002875 0.002646 0.001319 0.000092 0.028703 0.007713 1.800597
0.956664 0.002871 0.002609 0.001308 0.000091 0.028741 0.007714 1.800862
0.956652 0.002848 0.002602 0.001326 0.000090 0.028766 0.007715 1.801153
0.956631 0.002853 0.002613 0.001321 0.000087 0.028778 0.007716 1.801438
0.956602 0.002867 0.002617 0.001334 0.000087 0.028775 0.007717 1.801716
0.956599 0.002858 0.002632 0.001340 0.000088 0.028763 0.007719 1.802001
0.956586 0.002873 0.002628 0.001346 0.000085 0.028760 0.007721 1.802274
0.956584 0.002874 0.002625 0.001343 0.000085 0.028767 0.007722 1.802549
0.956551 0.002882 0.002632 0.001355 0.000087 0.028771 0.007722 1.802834
0.956552 0.002877 0.002634 0.001359 0.000089 0.028764 0.007724 1.803117
0.956550 0.002881 0.002604 0.001355 0.000091 0.028791 0.007726 1.803391
0.956511 0.002885 0.002615 0.001370 0.000092 0.028799 0.007727 1.803689
0.956462 0.002916 0.002612 0.001365 0.000093 0.028822 0.007729 1.803953
0.956455 0.002891 0.002635 0.001362 0.000091 0.028834 0.007730 1.804245
0.956421 0.002893 0.002637 0.001373 0.000089 0.028855 0.007731 1.804522
0.956410 0.002898 0.002634 0.001373 0.000094 0.028860 0.007732 1.804813
0.956366 0.002919 0.002639 0.001369 0.000091 0.028882 0.007734 1.805098
0.956332 0.002937 0.002648 0.001364 0.000091 0.028892 0.007735 1.805375
0.956316 0.002905 0.002651 0.001370 0.000089 0.028932 0.007736 1.805677
0.956288 0.002921 0.002650 0.001348 0.000091 0.028964 0.007737 1.805944
0.956269 0.002937 0.002643 0.001340 0.000090 0.028980 0.007739 1.806220
0.956264 0.002919 0.002663 0.001341 0.000090 0.028981 0.007741 1.806512
0.956250 0.002913 0.002651 0.001344 0.000085 0.029013 0.007743 1.806789
0.956214 0.002916 0.002660 0.001354 0.000083 0.029028 0.007745 1.807086
0.956182 0.002917 0.002646 0.001348 0.000083 0.029078 0.007745 1.807376
0.956157 0.002909 0.002645 0.001345 0.000085 0.029113 0.007745 1.807659
0.956147 0.002902 0.002641 0.001360 0.000085 0.029117 0.007747 1.807956
0.956142 0.002896 0.002657 0.001360 0.000082 0.029112 0.007749 1.808242
0.956097 0.002910 0.002655 0.001357 0.000080 0.029150 0.007750 1.808525
0.956082 0.002927 0.002651 0.001351 0.000081 0.029157 0.007750 1.808792
0.956058 0.002916 0.002657 0.001362 0.000083 0.029171 0.007751 1.809089
0.956036 0.002910 0.002656 0.001366 0.000083 0.029197 0.007752 1.809386
