0.347201 0.062458 0.055811 0.031854 0.002159 0.494444 0.006072 1.620532
0.349338 0.060524 0.055590 0.031708 0.002141 0.494606 0.006095 1.626517
0.352036 0.058094 0.055455 0.031524 0.002144 0.494628 0.006118 1.632375
0.355142 0.055663 0.055037 0.031232 0.002144 0.494642 0.006139 1.637894
0.358539 0.053103 0.054608 0.030878 0.002120 0.494579 0.006173 1.643198
0.362213 0.050580 0.054000 0.030498 0.002117 0.494396 0.006197 1.648273
0.366011 0.048194 0.053255 0.030017 0.002113 0.494190 0.006221 1.653049
0.370068 0.045702 0.052515 0.029458 0.002102 0.493906 0.006249 1.657674
0.374195 0.043422 0.051583 0.028865 0.002102 0.493559 0.006274 1.662016
0.378368 0.041287 0.050479 0.028333 0.002095 0.493136 0.006301 1.666122
0.382607 0.039349 0.049387 0.027686 0.002096 0.492549 0.006326 1.669973
0.387000 0.037339 0.048316 0.027061 0.002098 0.491836 0.006350 1.673784
0.391438 0.035388 0.047264 0.026467 0.002098 0.490971 0.006375 1.677407
0.395936 0.033744 0.046129 0.025754 0.002084 0.489952 0.006400 1.680704
0.400516 0.032094 0.044909 0.025109 0.002071 0.488871 0.006430 1.683927
0.405194 0.030481 0.043863 0.024426 0.002048 0.487538 0.006451 1.687064
0.409722 0.029053 0.042651 0.023690 0.002045 0.486363 0.006477 1.689952
0.414369 0.027661 0.041466 0.023047 0.002012 0.484937 0.006508 1.692773
0.419110 0.026302 0.040348 0.022366 0.001997 0.483340 0.006539 1.695468
0.423769 0.025046 0.039177 0.021657 0.001975 0.481816 0.006560 1.698039
0.428482 0.023965 0.037947 0.020926 0.001962 0.480139 0.006579 1.700377
0.433191 0.022927 0.036723 0.020249 0.001937 0.478363 0.006611 1.702666
0.437876 0.021925 0.035494 0.019686 0.001908 0.476473 0.006638 1.704879
0.442629 0.020932 0.034331 0.019080 0.001879 0.474482 0.006666 1.707003
0.447514 0.019945 0.033128 0.018505 0.001852 0.472367 0.006689 1.709036
0.452463 0.019082 0.032062 0.017836 0.001811 0.470028 0.006717 1.710954
0.457345 0.018250 0.031013 0.017255 0.001790 0.467605 0.006742 1.712803
0.462122 0.017466 0.029969 0.016687 0.001762 0.465229 0.006766 1.714559
0.467039 0.016742 0.028991 0.016085 0.001750 0.462600 0.006793 1.716230
0.471961 0.016018 0.027988 0.015520 0.001704 0.459986 0.006824 1.717880
0.476659 0.015372 0.027079 0.014970 0.001678 0.457400 0.006843 1.719463
0.481507 0.014788 0.026142 0.014425 0.001651 0.454624 0.006862 1.720886
0.486145 0.014232 0.025257 0.013911 0.001633 0.451938 0.006883 1.722331
0.490984 0.013766 0.024375 0.013371 0.001616 0.448986 0.006903 1.723645
0.495719 0.013244 0.023492 0.012913 0.001588 0.446122 0.006922 1.724977
0.500486 0.012732 0.022687 0.012506 0.001559 0.443085 0.006944 1.726266
0.505270 0.012264 0.021901 0.012046 0.001538 0.440014 0.006969 1.727509
0.509987 0.011873 0.021121 0.011594 0.001513 0.436925 0.006988 1.728662
0.514610 0.011492 0.020414 0.011192 0.001478 0.433800 0.007016 1.729814
0.519249 0.011153 0.019748 0.010771 0.001429 0.430610 0.007041 1.730891
0.523860 0.010827 0.019016 0.010420 0.001394 0.427418 0.007064 1.731929
0.528487 0.010473 0.018346 0.010086 0.001367 0.424164 0.007079 1.732998
0.533112 0.010160 0.017725 0.009710 0.001337 0.420853 0.007102 1.733991
0.537689 0.009877 0.017090 0.009348 0.001315 0.417563 0.007117 1.734949
0.542187 0.009571 0.016526 0.009058 0.001289 0.414237 0.007133 1.735903
0.546648 0.009289 0.015969 0.008739 0.001264 0.410945 0.007147 1.736810
0.551089 0.009022 0.015379 0.008441 0.001235 0.407667 0.007167 1.737723
0.555614 0.008731 0.014880 0.008160 0.001206 0.404218 0.007191 1.738608
0.560021 0.008467 0.014377 0.007900 0.001176 0.400853 0.007206 1.739474
0.564327 0.008242 0.013896 0.007600 0.001147 0.397567 0.007221 1.740292
0.568761 0.007982 0.013466 0.007327 0.001125 0.394098 0.007240 1.741104
0.573066 0.007831 0.013038 0.007030 0.001097 0.390688 0.007249 1.741837
0.577405 0.007634 0.012594 0.006820 0.001077 0.387207 0.007264 1.742586
0.581680 0.007443 0.012202 0.006560 0.001057 0.383783 0.007277 1.743315
0.585870 0.007239 0.011817 0.006319 0.001034 0.380432 0.007291 1.744021
0.590148 0.007039 0.011444 0.006108 0.001022 0.376939 0.007301 1.744724
0.594277 0.006872 0.011118 0.005903 0.000999 0.373515 0.007317 1.745418
0.598425 0.006724 0.010760 0.005720 0.000975 0.370067 0.007330 1.746083
0.602505 0.006530 0.010476 0.005537 0.000958 0.366654 0.007341 1.746757
0.606594 0.006386 0.010196 0.005338 0.000931 0.363200 0.007355 1.747405
0.610674 0.006244 0.009858 0.005173 0.000905 0.359773 0.007371 1.748009
0.614662 0.006133 0.009578 0.005007 0.000882 0.356354 0.007382 1.748598
0.618552 0.006027 0.009292 0.004849 0.000860 0.353024 0.007395 1.749184
0.622578 0.005898 0.008994 0.004703 0.000833 0.349584 0.007409 1.749759
0.626366 0.005820 0.008724 0.004573 0.000813 0.346282 0.007422 1.750332
0.630323 0.005677 0.008499 0.004444 0.000796 0.342827 0.007435 1.750914
0.634139 0.005577 0.008256 0.004322 0.000764 0.339494 0.007449 1.751465
0.637875 0.005496 0.008016 0.004195 0.000747 0.336213 0.007458 1.751984
0.641648 0.005377 0.007823 0.004078 0.000737 0.332870 0.007467 1.752527
0.645414 0.005286 0.007610 0.003986 0.000725 0.329503 0.007476 1.753056
0.649086 0.005228 0.007421 0.003833 0.000708 0.326239 0.007486 1.753546
0.652803 0.005140 0.007244 0.003745 0.000690 0.322883 0.007495 1.754051
0.656360 0.005070 0.007052 0.003664 0.000679 0.319672 0.007503 1.754552
0.659845 0.005011 0.006872 0.003560 0.000659 0.316537 0.007515 1.755041
0.663358 0.004942 0.006703 0.003461 0.000644 0.313371 0.007521 1.755511
0.666866 0.004860 0.006544 0.003378 0.000626 0.310196 0.007531 1.756002
0.670304 0.004785 0.006397 0.003317 0.000611 0.307044 0.007543 1.756473
0.673697 0.004720 0.006260 0.003230 0.000594 0.303945 0.007555 1.756937
0.677105 0.004657 0.006108 0.003157 0.000588 0.300826 0.007560 1.757397
0.680410 0.004625 0.005981 0.003047 0.000581 0.297787 0.007568 1.757840
0.683726 0.004602 0.005853 0.002982 0.000568 0.294692 0.007577 1.758284
0.686965 0.004566 0.005734 0.002919 0.000551 0.291677 0.007589 1.758726
0.690232 0.004534 0.005596 0.002857 0.000539 0.288646 0.007595 1.759142
0.693397 0.004484 0.005511 0.002806 0.000531 0.285670 0.007601 1.759587
0.696513 0.004430 0.005437 0.002746 0.000517 0.282750 0.007608 1.760011
0.699627 0.004389 0.005326 0.002696 0.000510 0.279838 0.007614 1.760430
0.702639 0.004367 0.005231 0.002649 0.000499 0.276994 0.007621 1.760854
0.705703 0.004364 0.005170 0.002589 0.000484 0.274065 0.007626 1.761271
0.708708 0.004342 0.005038 0.002528 0.000472 0.271274 0.007636 1.761678
0.711651 0.004337 0.004949 0.002506 0.000466 0.268450 0.007640 1.762097
0.714655 0.004285 0.004876 0.002458 0.000451 0.265626 0.007650 1.762533
0.717621 0.004257 0.004782 0.002447 0.000441 0.262796 0.007655 1.762939
0.720542 0.004178 0.004753 0.002430 0.000435 0.260002 0.007661 1.763393
0.723400 0.004178 0.004677 0.002378 0.000427 0.257276 0.007665 1.763790
0.726213 0.004139 0.004616 0.002365 0.000418 0.254578 0.007671 1.764215
0.729018 0.004124 0.004550 0.002312 0.000407 0.251912 0.007676 1.764612
0.731743 0.004110 0.004482 0.002289 0.000397 0.249298 0.007682 1.765018
0.734486 0.004078 0.004432 0.002264 0.000385 0.246667 0.007688 1.765424
0.737152 0.004045 0.004376 0.002225 0.000378 0.244133 0.007693 1.765822
0.739791 0.004047 0.004309 0.002204 0.000368 0.241583 0.007700 1.766209
0.742377 0.004046 0.004259 0.002180 0.000355 0.239074 0.007708 1.766588
0.744970 0.004012 0.004222 0.002164 0.000346 0.236576 0.007712 1.766990
0.747565 0.003954 0.004206 0.002148 0.000340 0.234070 0.007717 1.767396
0.750190 0.003918 0.004141 0.002124 0.000335 0.231572 0.007722 1.767769
0.752738 0.003912 0.004080 0.002092 0.000324 0.229126 0.007729 1.768154
0.755272 0.003855 0.004038 0.002084 0.000316 0.226702 0.007734 1.768552
0.757630 0.003855 0.003984 0.002058 0.000313 0.224423 0.007737 1.768914
0.760040 0.003827 0.003955 0.002030 0.000307 0.222099 0.007743 1.769291
0.762413 0.003821 0.003919 0.002029 0.000300 0.219772 0.007747 1.769672
0.764779 0.003781 0.003892 0.002020 0.000295 0.217482 0.007751 1.770066
0.767148 0.003748 0.003880 0.001998 0.000285 0.215183 0.007757 1.770465
0.769413 0.003727 0.003842 0.001966 0.000278 0.213013 0.007761 1.770836
0.771708 0.003729 0.003823 0.001948 0.000274 0.210755 0.007764 1.771193
0.773916 0.003691 0.003811 0.001936 0.000269 0.208609 0.007767 1.771575
0.776144 0.003715 0.003749 0.001943 0.000265 0.206412 0.007771 1.771922
0.778376 0.003699 0.003713 0.001917 0.000260 0.204259 0.007775 1.772279
0.780541 0.003719 0.003685 0.001901 0.000252 0.202124 0.007778 1.772625
0.782726 0.003689 0.003691 0.001891 0.000250 0.199971 0.007782 1.773007
0.784846 0.003706 0.003677 0.001860 0.000248 0.197878 0.007785 1.773354
0.786986 0.003689 0.003643 0.001863 0.000246 0.195786 0.007787 1.773720
0.789091 0.003681 0.003606 0.001888 0.000239 0.193706 0.007790 1.774080
0.791126 0.003712 0.003571 0.001882 0.000228 0.191686 0.007796 1.774443
0.793159 0.003676 0.003544 0.001884 0.000220 0.189715 0.007801 1.774813
0.795163 0.003682 0.003532 0.001871 0.000221 0.187728 0.007804 1.775161
0.797167 0.003675 0.003516 0.001856 0.000215 0.185764 0.007808 1.775518
0.799155 0.003686 0.003490 0.001839 0.000213 0.183806 0.007810 1.775867
0.801139 0.003696 0.003455 0.001846 0.000207 0.181843 0.007814 1.776211
0.803034 0.003697 0.003435 0.001821 0.000204 0.179992 0.007816 1.776552
0.804888 0.003689 0.003416 0.001807 0.000199 0.178182 0.007819 1.776909
0.806762 0.003672 0.003419 0.001801 0.000195 0.176331 0.007821 1.777275
0.808637 0.003683 0.003412 0.001797 0.000194 0.174454 0.007823 1.777635
0.810448 0.003673 0.003399 0.001789 0.000195 0.172672 0.007824 1.778006
0.812292 0.003661 0.003385 0.001800 0.000191 0.170845 0.007827 1.778374
0.814078 0.003653 0.003382 0.001792 0.000184 0.169082 0.007830 1.778721
0.815742 0.003664 0.003397 0.001781 0.000179 0.167404 0.007832 1.779083
0.817475 0.003627 0.003391 0.001790 0.000178 0.165704 0.007834 1.779459
0.819254 0.003652 0.003375 0.001775 0.000177 0.163932 0.007835 1.779791
0.820993 0.003669 0.003364 0.001758 0.000178 0.162201 0.007836 1.780147
0.822692 0.003667 0.003367 0.001761 0.000170 0.160502 0.007841 1.780502
0.824300 0.003677 0.003347 0.001759 0.000170 0.158902 0.007844 1.780847
0.825929 0.003680 0.003349 0.001753 0.000169 0.157275 0.007845 1.781204
0.827541 0.003652 0.003344 0.001775 0.000164 0.155677 0.007847 1.781575
0.829078 0.003653 0.003357 0.001768 0.000162 0.154134 0.007848 1.781930
0.830598 0.003664 0.003359 0.001764 0.000158 0.152606 0.007851 1.782292
0.832098 0.003676 0.003364 0.001769 0.000158 0.151081 0.007853 1.782666
0.833599 0.003700 0.003372 0.001762 0.000156 0.149555 0.007856 1.783030
0.835140 0.003731 0.003376 0.001774 0.000151 0.147970 0.007857 1.783396
0.836579 0.003741 0.003378 0.001776 0.000152 0.146516 0.007858 1.783761
0.838005 0.003768 0.003366 0.001768 0.000153 0.145080 0.007860 1.784112
0.839411 0.003776 0.003377 0.001780 0.000151 0.143643 0.007862 1.784499
0.840819 0.003791 0.003383 0.001759 0.000145 0.142238 0.007864 1.784851
0.842141 0.003831 0.003395 0.001770 0.000139 0.140857 0.007867 1.785216
0.843476 0.003850 0.003374 0.001789 0.000140 0.139502 0.007869 1.785588
0.844823 0.003877 0.003372 0.001790 0.000136 0.138130 0.007872 1.785976
0.846099 0.003892 0.003355 0.001795 0.000131 0.136850 0.007876 1.786341
0.847405 0.003902 0.003366 0.001787 0.000127 0.135533 0.007879 1.786701
0.848699 0.003880 0.003413 0.001793 0.000127 0.134206 0.007882 1.787121
0.849963 0.003919 0.003402 0.001789 0.000125 0.132916 0.007886 1.787486
0.851244 0.003959 0.003387 0.001790 0.000127 0.131607 0.007887 1.787864
0.852442 0.003985 0.003403 0.001787 0.000131 0.130364 0.007888 1.788255
0.853611 0.004005 0.003399 0.001803 0.000132 0.129158 0.007892 1.788648
0.854837 0.004037 0.003409 0.001814 0.000132 0.127878 0.007894 1.789041
0.856011 0.004057 0.003430 0.001834 0.000132 0.126642 0.007895 1.789451
0.857132 0.004084 0.003458 0.001838 0.000134 0.125459 0.007897 1.789853
0.858293 0.004093 0.003478 0.001847 0.000134 0.124257 0.007898 1.790273
0.859375 0.004123 0.003502 0.001842 0.000131 0.123126 0.007900 1.790673
0.860497 0.004128 0.003508 0.001869 0.000127 0.121969 0.007902 1.791092
0.861577 0.004138 0.003510 0.001879 0.000125 0.120868 0.007904 1.791505
0.862731 0.004148 0.003526 0.001881 0.000126 0.119684 0.007905 1.791909
0.863782 0.004209 0.003521 0.001890 0.000129 0.118564 0.007905 1.792302
0.864827 0.004212 0.003538 0.001915 0.000129 0.117472 0.007907 1.792730
0.865804 0.004247 0.003560 0.001923 0.000130 0.116427 0.007909 1.793159
0.866768 0.004305 0.003592 0.001924 0.000129 0.115373 0.007909 1.793575
0.867760 0.004366 0.003618 0.001928 0.000130 0.114287 0.007911 1.793984
0.868745 0.004374 0.003651 0.001945 0.000131 0.113243 0.007911 1.794419
0.869693 0.004424 0.003673 0.001948 0.000129 0.112219 0.007914 1.794852
0.870547 0.004482 0.003683 0.001940 0.000132 0.111302 0.007914 1.795279
0.871461 0.004515 0.003718 0.001963 0.000129 0.110300 0.007915 1.795724
0.872356 0.004573 0.003736 0.001966 0.000127 0.109324 0.007919 1.796150
0.873228 0.004633 0.003770 0.001959 0.000126 0.108365 0.007920 1.796602
0.874112 0.004683 0.003791 0.001968 0.000121 0.107403 0.007922 1.797042
0.874907 0.004709 0.003825 0.001979 0.000123 0.106534 0.007924 1.797497
0.875735 0.004751 0.003849 0.002005 0.000120 0.105614 0.007926 1.797960
0.876546 0.004788 0.003877 0.002018 0.000123 0.104721 0.007927 1.798404
0.877368 0.004851 0.003894 0.002032 0.000123 0.103803 0.007930 1.798865
0.878146 0.004842 0.003936 0.002069 0.000122 0.102955 0.007932 1.799367
0.878934 0.004872 0.003967 0.002076 0.000124 0.102093 0.007934 1.799844
0.879740 0.004893 0.004014 0.002095 0.000124 0.101200 0.007934 1.800344
0.880478 0.004944 0.004052 0.002100 0.000125 0.100367 0.007935 1.800823
0.881182 0.005028 0.004042 0.002116 0.000125 0.099570 0.007936 1.801279
0.881809 0.005058 0.004110 0.002138 0.000130 0.098818 0.007937 1.801792
0.882469 0.005110 0.004154 0.002144 0.000131 0.098053 0.007939 1.802285
0.883152 0.005164 0.004189 0.002154 0.000134 0.097266 0.007941 1.802774
0.883818 0.005217 0.004230 0.002163 0.000135 0.096494 0.007943 1.803284
0.884447 0.005276 0.004257 0.002208 0.000135 0.095732 0.007945 1.803793
0.885073 0.005315 0.004334 0.002223 0.000137 0.094972 0.007947 1.804330
0.885625 0.005370 0.004372 0.002249 0.000138 0.094299 0.007948 1.804856
0.886216 0.005419 0.004417 0.002284 0.000139 0.093578 0.007949 1.805378
0.886816 0.005469 0.004445 0.002313 0.000135 0.092870 0.007952 1.805914
0.887392 0.005500 0.004464 0.002333 0.000132 0.092225 0.007954 1.806457
0.887937 0.005550 0.004490 0.002363 0.000134 0.091572 0.007955 1.807013
0.888458 0.005573 0.004517 0.002407 0.000136 0.090953 0.007956 1.807585
0.888973 0.005636 0.004543 0.002448 0.000131 0.090309 0.007959 1.808139
0.889444 0.005725 0.004554 0.002460 0.000130 0.089725 0.007961 1.808679
0.889976 0.005768 0.004585 0.002470 0.000133 0.089106 0.007963 1.809246
0.890506 0.005794 0.004632 0.002513 0.000132 0.088457 0.007966 1.809826
0.890938 0.005868 0.004668 0.002539 0.000133 0.087885 0.007969 1.810391
0.891371 0.005951 0.004710 0.002567 0.000135 0.087296 0.007970 1.810951
0.891780 0.006022 0.004768 0.002572 0.000136 0.086749 0.007972 1.811542
0.892220 0.006100 0.004805 0.002573 0.000137 0.086192 0.007973 1.812116
0.892587 0.006186 0.004856 0.002595 0.000141 0.085660 0.007976 1.812704
0.893001 0.006219 0.004927 0.002615 0.000144 0.085116 0.007979 1.813318
0.893384 0.006275 0.004956 0.002657 0.000142 0.084605 0.007980 1.813939
0.893747 0.006335 0.005038 0.002705 0.000144 0.084048 0.007982 1.814576
0.894175 0.006387 0.005091 0.002711 0.000147 0.083503 0.007985 1.815179
0.894554 0.006449 0.005138 0.002727 0.000148 0.082993 0.007989 1.815794
0.894915 0.006513 0.005163 0.002744 0.000149 0.082525 0.007990 1.816408
0.895232 0.006550 0.005231 0.002782 0.000150 0.082063 0.007991 1.817077
0.895522 0.006633 0.005292 0.002784 0.000153 0.081624 0.007992 1.817709
0.895801 0.006717 0.005326 0.002818 0.000155 0.081188 0.007994 1.818366
0.896072 0.006801 0.005365 0.002825 0.000156 0.080784 0.007998 1.819006
0.896329 0.006882 0.005439 0.002846 0.000158 0.080348 0.007999 1.819683
0.896605 0.006922 0.005499 0.002889 0.000157 0.079927 0.008001 1.820385
0.896906 0.006973 0.005529 0.002928 0.000158 0.079503 0.008004 1.821047
0.897190 0.007013 0.005583 0.002962 0.000156 0.079090 0.008006 1.821740
0.897472 0.007083 0.005621 0.002965 0.000158 0.078692 0.008009 1.822403
0.897731 0.007124 0.005684 0.002995 0.000155 0.078298 0.008012 1.823104
0.897902 0.007200 0.005749 0.003013 0.000156 0.077967 0.008014 1.823819
0.898084 0.007264 0.005780 0.003061 0.000161 0.077633 0.008017 1.824522
0.898251 0.007336 0.005856 0.003094 0.000157 0.077285 0.008020 1.825247
0.898433 0.007448 0.005895 0.003099 0.000161 0.076942 0.008022 1.825945
0.898567 0.007511 0.005953 0.003123 0.000159 0.076663 0.008025 1.826673
0.898738 0.007567 0.006038 0.003149 0.000158 0.076323 0.008026 1.827418
0.898795 0.007722 0.006068 0.003178 0.000157 0.076050 0.008028 1.828142
0.898952 0.007773 0.006120 0.003232 0.000159 0.075734 0.008031 1.828900
0.899036 0.007887 0.006162 0.003251 0.000160 0.075469 0.008034 1.829629
0.899193 0.007880 0.006264 0.003285 0.000163 0.075178 0.008035 1.830434
0.899280 0.007939 0.006345 0.003333 0.000164 0.074901 0.008037 1.831212
0.899404 0.007968 0.006439 0.003366 0.000161 0.074621 0.008041 1.832028
0.899441 0.008043 0.006514 0.003390 0.000159 0.074406 0.008046 1.832828
0.899532 0.008061 0.006573 0.003434 0.000163 0.074187 0.008049 1.833647
0.899610 0.008126 0.006615 0.003452 0.000167 0.073979 0.008050 1.834426
0.899626 0.008219 0.006673 0.003461 0.000172 0.073798 0.008052 1.835228
0.899674 0.008290 0.006756 0.003487 0.000172 0.073567 0.008054 1.836058
0.899678 0.008413 0.006797 0.003518 0.000173 0.073364 0.008056 1.836840
0.899683 0.008478 0.006842 0.003531 0.000176 0.073233 0.008058 1.837669
0.899659 0.008550 0.006884 0.003580 0.000177 0.073093 0.008059 1.838522
0.899674 0.008618 0.006901 0.003612 0.000180 0.072955 0.008060 1.839340
0.899664 0.008681 0.006937 0.003647 0.000184 0.072826 0.008062 1.840180
0.899639 0.008769 0.007023 0.003635 0.000188 0.072679 0.008065 1.841027
0.899653 0.008809 0.007102 0.003647 0.000196 0.072526 0.008067 1.841900
0.899621 0.008881 0.007131 0.003667 0.000195 0.072432 0.008072 1.842735
0.899540 0.008947 0.007201 0.003727 0.000193 0.072318 0.008075 1.843629
0.899444 0.009048 0.007260 0.003770 0.000193 0.072206 0.008078 1.844527
0.899338 0.009110 0.007323 0.003810 0.000197 0.072140 0.008082 1.845426
0.899311 0.009162 0.007353 0.003852 0.000199 0.072040 0.008083 1.846312
0.899230 0.009200 0.007428 0.003868 0.000202 0.071986 0.008086 1.847234
0.899181 0.009233 0.007494 0.003918 0.000202 0.071884 0.008088 1.848145
0.899109 0.009298 0.007540 0.003935 0.000207 0.071822 0.008090 1.849031
0.899047 0.009370 0.007560 0.003928 0.000201 0.071799 0.008094 1.849906
0.898988 0.009438 0.007607 0.003942 0.000199 0.071728 0.008097 1.850800
0.898883 0.009531 0.007649 0.003993 0.000202 0.071641 0.008100 1.851700
0.898773 0.009575 0.007735 0.004019 0.000207 0.071588 0.008102 1.852648
0.898731 0.009584 0.007778 0.004073 0.000217 0.071514 0.008104 1.853598
0.898679 0.009593 0.007834 0.004105 0.000221 0.071461 0.008106 1.854562
0.898583 0.009654 0.007893 0.004139 0.000225 0.071398 0.008108 1.855518
0.898459 0.009716 0.007956 0.004157 0.000229 0.071373 0.008110 1.856474
0.898312 0.009812 0.008018 0.004169 0.000227 0.071348 0.008113 1.857424
0.898163 0.009870 0.008042 0.004196 0.000227 0.071386 0.008115 1.858375
0.898034 0.009938 0.008109 0.004224 0.000227 0.071350 0.008119 1.859352
0.897870 0.010011 0.008171 0.004276 0.000231 0.071320 0.008122 1.860325
0.897767 0.010040 0.008224 0.004282 0.000233 0.071327 0.008128 1.861291
0.897631 0.010085 0.008304 0.004286 0.000244 0.071321 0.008130 1.862277
0.897465 0.010143 0.008367 0.004326 0.000243 0.071324 0.008132 1.863287
0.897265 0.010254 0.008434 0.004344 0.000248 0.071320 0.008135 1.864251
0.897122 0.010283 0.008558 0.004386 0.000249 0.071263 0.008140 1.865276
0.896934 0.010350 0.008629 0.004403 0.000252 0.071291 0.008143 1.866281
0.896707 0.010438 0.008694 0.004413 0.000256 0.071346 0.008147 1.867301
0.896455 0.010483 0.008769 0.004458 0.000250 0.071434 0.008151 1.868364
0.896303 0.010506 0.008815 0.004500 0.000255 0.071468 0.008154 1.869414
0.896057 0.010601 0.008830 0.004514 0.000254 0.071588 0.008157 1.870426
0.895830 0.010692 0.008896 0.004534 0.000260 0.071629 0.008158 1.871436
0.895656 0.010698 0.008962 0.004566 0.000265 0.071694 0.008161 1.872502
0.895452 0.010729 0.009059 0.004601 0.000263 0.071732 0.008164 1.873555
0.895212 0.010823 0.009103 0.004627 0.000260 0.071807 0.008170 1.874601
0.894956 0.010931 0.009149 0.004651 0.000260 0.071879 0.008174 1.875669
0.894737 0.010958 0.009220 0.004677 0.000267 0.071964 0.008176 1.876737
0.894485 0.011032 0.009241 0.004712 0.000264 0.072086 0.008180 1.877822
0.894232 0.011092 0.009266 0.004746 0.000269 0.072210 0.008184 1.878881
0.893918 0.011213 0.009300 0.004775 0.000270 0.072335 0.008188 1.879952
0.893671 0.011250 0.009342 0.004824 0.000273 0.072449 0.008190 1.881064
0.893448 0.011292 0.009325 0.004843 0.000273 0.072623 0.008194 1.882142
0.893181 0.011355 0.009357 0.004841 0.000277 0.072794 0.008195 1.883237
0.892938 0.011439 0.009415 0.004895 0.000276 0.072838 0.008200 1.884331
0.892675 0.011477 0.009496 0.004970 0.000278 0.072902 0.008203 1.885479
0.892348 0.011581 0.009559 0.004988 0.000272 0.073043 0.008208 1.886606
0.892070 0.011594 0.009653 0.005003 0.000277 0.073193 0.008210 1.887767
0.891772 0.011656 0.009768 0.005059 0.000280 0.073252 0.008214 1.888928
0.891518 0.011698 0.009816 0.005072 0.000277 0.073400 0.008219 1.890040
0.891209 0.011780 0.009841 0.005073 0.000283 0.073595 0.008221 1.891181
0.890926 0.011779 0.009944 0.005134 0.000282 0.073707 0.008228 1.892367
0.890659 0.011826 0.009997 0.005146 0.000285 0.073857 0.008232 1.893502
0.890461 0.011813 0.010085 0.005141 0.000286 0.073980 0.008235 1.894661
0.890177 0.011844 0.010152 0.005179 0.000291 0.074120 0.008238 1.895832
0.889938 0.011862 0.010183 0.005218 0.000295 0.074262 0.008243 1.897007
0.889641 0.011908 0.010191 0.005242 0.000294 0.074477 0.008247 1.898158
0.889386 0.011976 0.010191 0.005256 0.000300 0.074640 0.008251 1.899287
0.889075 0.012083 0.010196 0.005289 0.000296 0.074807 0.008255 1.900418
0.888847 0.012070 0.010280 0.005315 0.000292 0.074937 0.008260 1.901608
0.888529 0.012109 0.010373 0.005356 0.000294 0.075076 0.008264 1.902832
0.888243 0.012182 0.010356 0.005397 0.000292 0.075263 0.008267 1.903989
0.887979 0.012171 0.010406 0.005416 0.000291 0.075467 0.008270 1.905207
0.887705 0.012190 0.010395 0.005430 0.000297 0.075709 0.008274 1.906395
0.887395 0.012230 0.010396 0.005461 0.000302 0.075938 0.008278 1.907576
0.887143 0.012254 0.010425 0.005471 0.000302 0.076120 0.008284 1.908758
0.886830 0.012298 0.010503 0.005494 0.000296 0.076292 0.008288 1.909961
0.886551 0.012296 0.010535 0.005519 0.000298 0.076508 0.008291 1.911177
0.886297 0.012324 0.010577 0.005543 0.000309 0.076658 0.008292 1.912374
0.886030 0.012289 0.010619 0.005586 0.000309 0.076870 0.008298 1.913607
0.885781 0.012301 0.010680 0.005588 0.000309 0.077040 0.008302 1.914833
0.885482 0.012356 0.010702 0.005591 0.000317 0.077249 0.008304 1.916050
0.885153 0.012354 0.010776 0.005598 0.000319 0.077493 0.008307 1.917294
0.884889 0.012376 0.010816 0.005609 0.000322 0.077680 0.008310 1.918514
0.884621 0.012442 0.010844 0.005592 0.000324 0.077864 0.008313 1.919693
0.884294 0.012490 0.010867 0.005603 0.000325 0.078105 0.008316 1.920917
0.883973 0.012521 0.010903 0.005632 0.000336 0.078319 0.008318 1.922154
0.883718 0.012518 0.010894 0.005624 0.000339 0.078588 0.008321 1.923374
0.883464 0.012553 0.010930 0.005615 0.000337 0.078775 0.008325 1.924592
0.883150 0.012513 0.010969 0.005654 0.000337 0.079051 0.008328 1.925879
0.882918 0.012534 0.010976 0.005692 0.000336 0.079212 0.008331 1.927081
0.882696 0.012467 0.011033 0.005704 0.000339 0.079426 0.008335 1.928358
0.882449 0.012466 0.011048 0.005741 0.000342 0.079618 0.008338 1.929599
0.882170 0.012501 0.010992 0.005764 0.000347 0.079885 0.008342 1.930797
0.881902 0.012554 0.011042 0.005722 0.000349 0.080086 0.008346 1.932019
0.881594 0.012613 0.011062 0.005738 0.000355 0.080288 0.008349 1.933256
0.881336 0.012703 0.011069 0.005712 0.000356 0.080470 0.008355 1.934425
0.881064 0.012709 0.011127 0.005730 0.000357 0.080656 0.008358 1.935690
0.880757 0.012767 0.011133 0.005770 0.000356 0.080856 0.008361 1.936892
0.880567 0.012700 0.011184 0.005788 0.000360 0.081036 0.008365 1.938136
0.880274 0.012713 0.011223 0.005802 0.000356 0.081264 0.008368 1.939396
0.879993 0.012772 0.011246 0.005839 0.000360 0.081418 0.008373 1.940659
0.879725 0.012825 0.011255 0.005837 0.000354 0.081626 0.008378 1.941901
0.879454 0.012837 0.011300 0.005833 0.000360 0.081835 0.008382 1.943156
0.879180 0.012898 0.011318 0.005804 0.000363 0.082053 0.008385 1.944377
0.878927 0.012923 0.011391 0.005821 0.000369 0.082184 0.008385 1.945632
0.878675 0.012962 0.011427 0.005850 0.000366 0.082329 0.008390 1.946876
0.878496 0.012931 0.011410 0.005877 0.000375 0.082518 0.008393 1.948156
0.878275 0.012892 0.011465 0.005921 0.000371 0.082679 0.008398 1.949449
0.877997 0.012917 0.011495 0.005933 0.000374 0.082882 0.008402 1.950715
0.877757 0.012936 0.011504 0.005930 0.000377 0.083089 0.008407 1.951959
0.877519 0.012951 0.011487 0.005938 0.000378 0.083315 0.008412 1.953217
0.877278 0.012972 0.011487 0.005943 0.000377 0.083529 0.008416 1.954455
0.877022 0.012948 0.011507 0.005941 0.000384 0.083780 0.008420 1.955740
0.876807 0.012955 0.011528 0.005922 0.000385 0.083980 0.008423 1.957000
0.876592 0.012926 0.011520 0.005923 0.000377 0.084232 0.008429 1.958281
0.876357 0.012973 0.011473 0.005952 0.000372 0.084436 0.008436 1.959530
0.876151 0.012961 0.011465 0.005950 0.000363 0.084664 0.008446 1.960792
0.875897 0.012968 0.011490 0.005994 0.000365 0.084833 0.008453 1.962076
0.875681 0.012922 0.011584 0.006025 0.000361 0.084968 0.008460 1.963400
0.875461 0.012870 0.011573 0.006049 0.000365 0.085219 0.008463 1.964684
0.875271 0.012900 0.011581 0.006033 0.000367 0.085382 0.008466 1.965927
0.875118 0.012863 0.011580 0.006046 0.000367 0.085552 0.008475 1.967184
0.874948 0.012845 0.011586 0.006058 0.000366 0.085719 0.008480 1.968434
0.874792 0.012768 0.011619 0.006069 0.000365 0.085903 0.008485 1.969735
0.874604 0.012760 0.011568 0.006091 0.000362 0.086126 0.008490 1.970983
0.874422 0.012712 0.011578 0.006081 0.000363 0.086350 0.008494 1.972267
0.874216 0.012753 0.011559 0.006067 0.000367 0.086540 0.008499 1.973479
0.874070 0.012694 0.011605 0.006081 0.000367 0.086678 0.008504 1.974761
0.873929 0.012625 0.011579 0.006114 0.000365 0.086876 0.008511 1.976049
0.873770 0.012558 0.011618 0.006077 0.000371 0.087089 0.008517 1.977334
0.873617 0.012582 0.011568 0.006042 0.000371 0.087299 0.008521 1.978546
0.873475 0.012592 0.011559 0.006006 0.000373 0.087469 0.008527 1.979765
0.873342 0.012539 0.011571 0.006017 0.000371 0.087627 0.008534 1.981035
0.873254 0.012551 0.011534 0.005971 0.000369 0.087783 0.008539 1.982243
0.873131 0.012502 0.011534 0.005963 0.000374 0.087954 0.008543 1.983487
0.872983 0.012541 0.011545 0.005922 0.000382 0.088079 0.008548 1.984693
0.872880 0.012506 0.011549 0.005911 0.000379 0.088221 0.008555 1.985904
0.872715 0.012501 0.011592 0.005917 0.000381 0.088333 0.008559 1.987172
0.872608 0.012433 0.011605 0.005911 0.000381 0.088499 0.008563 1.988434
0.872461 0.012425 0.011601 0.005906 0.000386 0.088652 0.008568 1.989659
0.872340 0.012465 0.011593 0.005874 0.000390 0.088764 0.008574 1.990844
0.872240 0.012413 0.011620 0.005868 0.000387 0.088891 0.008580 1.992095
0.872139 0.012410 0.011580 0.005840 0.000385 0.089061 0.008585 1.993300
0.872052 0.012423 0.011543 0.005864 0.000381 0.089146 0.008592 1.994525
0.871979 0.012378 0.011531 0.005883 0.000376 0.089257 0.008596 1.995757
0.871904 0.012401 0.011479 0.005832 0.000376 0.089405 0.008603 1.996926
0.871802 0.012375 0.011452 0.005816 0.000374 0.089570 0.008609 1.998149
0.871751 0.012325 0.011449 0.005824 0.000379 0.089656 0.008616 1.999385
0.871723 0.012309 0.011435 0.005785 0.000381 0.089746 0.008620 2.000594
0.871728 0.012279 0.011402 0.005782 0.000382 0.089803 0.008624 2.001790
0.871665 0.012233 0.011410 0.005791 0.000384 0.089893 0.008625 2.003022
0.871593 0.012188 0.011387 0.005809 0.000379 0.090015 0.008628 2.004227
0.871538 0.012209 0.011346 0.005805 0.000383 0.090084 0.008635 2.005399
0.871449 0.012208 0.011295 0.005801 0.000382 0.090223 0.008643 2.006576
0.871424 0.012202 0.011257 0.005799 0.000387 0.090284 0.008646 2.007751
0.871395 0.012149 0.011236 0.005803 0.000386 0.090380 0.008651 2.008961
0.871357 0.012124 0.011186 0.005818 0.000390 0.090469 0.008656 2.010126
0.871314 0.012133 0.011155 0.005810 0.000398 0.090529 0.008661 2.011279
0.871269 0.012082 0.011149 0.005818 0.000405 0.090613 0.008665 2.012490
0.871224 0.011990 0.011164 0.005801 0.000402 0.090749 0.008671 2.013725
0.871195 0.011934 0.011180 0.005809 0.000403 0.090803 0.008676 2.014942
0.871170 0.011964 0.011108 0.005804 0.000398 0.090879 0.008679 2.016084
0.871133 0.011923 0.011114 0.005767 0.000400 0.090981 0.008683 2.017275
0.871126 0.011878 0.011116 0.005716 0.000402 0.091073 0.008690 2.018455
0.871127 0.011863 0.011098 0.005678 0.000402 0.091137 0.008694 2.019608
0.871167 0.011797 0.011088 0.005691 0.000402 0.091154 0.008700 2.020779
0.871175 0.011766 0.011067 0.005649 0.000408 0.091229 0.008707 2.021931
0.871202 0.011784 0.011014 0.005651 0.000401 0.091234 0.008715 2.023035
0.871226 0.011729 0.010980 0.005671 0.000398 0.091277 0.008720 2.024215
0.871248 0.011676 0.010947 0.005649 0.000403 0.091355 0.008723 2.025388
0.871275 0.011620 0.010912 0.005635 0.000408 0.091420 0.008730 2.026536
0.871316 0.011621 0.010871 0.005643 0.000408 0.091405 0.008737 2.027640
0.871332 0.011550 0.010824 0.005650 0.000409 0.091492 0.008743 2.028798
0.871350 0.011539 0.010793 0.005626 0.000409 0.091535 0.008747 2.029927
0.871390 0.011503 0.010817 0.005590 0.000401 0.091546 0.008754 2.031070
0.871462 0.011461 0.010760 0.005588 0.000395 0.091576 0.008759 2.032193
0.871534 0.011376 0.010750 0.005589 0.000389 0.091601 0.008762 2.033337
0.871614 0.011331 0.010754 0.005543 0.000385 0.091604 0.008769 2.034470
0.871738 0.011295 0.010756 0.005496 0.000388 0.091551 0.008775 2.035572
0.871800 0.011287 0.010704 0.005463 0.000386 0.091581 0.008779 2.036653
0.871848 0.011312 0.010648 0.005439 0.000390 0.091581 0.008784 2.037720
0.871884 0.011281 0.010613 0.005446 0.000384 0.091600 0.008793 2.038837
0.871931 0.011282 0.010563 0.005460 0.000374 0.091588 0.008802 2.039921
0.872035 0.011268 0.010535 0.005442 0.000378 0.091534 0.008807 2.041003
0.872101 0.011208 0.010561 0.005449 0.000380 0.091490 0.008810 2.042116
0.872147 0.011245 0.010532 0.005427 0.000377 0.091458 0.008814 2.043172
0.872258 0.011171 0.010493 0.005429 0.000381 0.091450 0.008818 2.044294
0.872332 0.011097 0.010493 0.005444 0.000378 0.091434 0.008821 2.045425
0.872389 0.011067 0.010458 0.005412 0.000378 0.091470 0.008826 2.046513
0.872444 0.011017 0.010436 0.005404 0.000378 0.091488 0.008833 2.047626
0.872548 0.011010 0.010405 0.005364 0.000380 0.091456 0.008837 2.048662
0.872624 0.010974 0.010386 0.005340 0.000382 0.091453 0.008843 2.049753
0.872734 0.010900 0.010341 0.005300 0.000384 0.091496 0.008847 2.050834
0.872749 0.010874 0.010307 0.005272 0.000387 0.091559 0.008851 2.051932
0.872854 0.010812 0.010300 0.005283 0.000382 0.091513 0.008856 2.053048
0.872981 0.010793 0.010258 0.005274 0.000385 0.091448 0.008862 2.054116
0.873077 0.010742 0.010266 0.005249 0.000383 0.091417 0.008866 2.055198
0.873121 0.010752 0.010223 0.005239 0.000383 0.091413 0.008870 2.056265
0.873217 0.010736 0.010176 0.005243 0.000383 0.091371 0.008873 2.057327
0.873379 0.010681 0.010174 0.005218 0.000379 0.091289 0.008881 2.058388
0.873442 0.010671 0.010166 0.005190 0.000376 0.091268 0.008889 2.059435
0.873550 0.010709 0.010093 0.005200 0.000382 0.091173 0.008893 2.060471
0.873669 0.010706 0.010004 0.005188 0.000381 0.091155 0.008899 2.061501
0.873763 0.010620 0.010001 0.005172 0.000375 0.091166 0.008904 2.062578
0.873863 0.010587 0.009989 0.005186 0.000375 0.091094 0.008908 2.063654
0.874011 0.010550 0.009911 0.005185 0.000370 0.091061 0.008913 2.064687
0.874121 0.010530 0.009885 0.005158 0.000376 0.091013 0.008916 2.065737
0.874292 0.010496 0.009880 0.005119 0.000375 0.090916 0.008922 2.066763
0.874342 0.010518 0.009850 0.005117 0.000372 0.090876 0.008927 2.067810
0.874456 0.010476 0.009820 0.005112 0.000366 0.090835 0.008935 2.068852
0.874565 0.010476 0.009798 0.005065 0.000370 0.090786 0.008941 2.069876
0.874714 0.010463 0.009746 0.005041 0.000367 0.090721 0.008947 2.070871
0.874844 0.010431 0.009744 0.005048 0.000362 0.090620 0.008952 2.071923
0.874989 0.010436 0.009775 0.005014 0.000365 0.090467 0.008955 2.072953
0.875061 0.010462 0.009702 0.004994 0.000364 0.090459 0.008960 2.073952
0.875171 0.010444 0.009645 0.005016 0.000360 0.090399 0.008965 2.074971
0.875253 0.010420 0.009653 0.005001 0.000360 0.090345 0.008969 2.076007
0.875416 0.010429 0.009626 0.004965 0.000356 0.090238 0.008970 2.076995
0.875509 0.010393 0.009626 0.004956 0.000350 0.090189 0.008977 2.078052
0.875672 0.010371 0.009620 0.004963 0.000352 0.090040 0.008981 2.079077
0.875722 0.010399 0.009613 0.004964 0.000352 0.089966 0.008985 2.080090
0.875823 0.010364 0.009602 0.004967 0.000350 0.089905 0.008989 2.081135
0.875882 0.010376 0.009599 0.004975 0.000354 0.089823 0.008991 2.082163
0.875950 0.010406 0.009556 0.004967 0.000351 0.089774 0.008997 2.083163
0.876112 0.010358 0.009549 0.004961 0.000344 0.089678 0.009000 2.084182
0.876248 0.010321 0.009565 0.004986 0.000342 0.089537 0.009002 2.085228
0.876346 0.010308 0.009548 0.004989 0.000342 0.089461 0.009007 2.086235
0.876479 0.010276 0.009546 0.005000 0.000343 0.089346 0.009010 2.087261
0.876662 0.010252 0.009496 0.004971 0.000338 0.089266 0.009015 2.088227
0.876762 0.010249 0.009484 0.004956 0.000337 0.089193 0.009021 2.089237
0.876868 0.010249 0.009465 0.004950 0.000335 0.089106 0.009026 2.090235
0.876969 0.010241 0.009427 0.004930 0.000332 0.089072 0.009031 2.091238
0.877129 0.010211 0.009428 0.004905 0.000338 0.088955 0.009035 2.092223
0.877172 0.010278 0.009445 0.004870 0.000341 0.088857 0.009037 2.093217
0.877272 0.010279 0.009420 0.004885 0.000342 0.088763 0.009040 2.094217
0.877368 0.010278 0.009423 0.004874 0.000336 0.088676 0.009045 2.095219
0.877440 0.010298 0.009408 0.004867 0.000337 0.088601 0.009050 2.096233
0.877577 0.010294 0.009355 0.004856 0.000338 0.088525 0.009055 2.097195
0.877702 0.010268 0.009334 0.004846 0.000339 0.088449 0.009062 2.098204
0.877772 0.010276 0.009372 0.004835 0.000335 0.088344 0.009066 2.099217
0.877846 0.010279 0.009367 0.004816 0.000332 0.088288 0.009072 2.100218
0.877961 0.010271 0.009354 0.004835 0.000327 0.088176 0.009076 2.101226
0.878051 0.010290 0.009359 0.004840 0.000330 0.088049 0.009080 2.102212
0.878191 0.010280 0.009288 0.004834 0.000334 0.087991 0.009082 2.103185
0.878313 0.010252 0.009277 0.004840 0.000338 0.087895 0.009086 2.104193
0.878385 0.010248 0.009279 0.004824 0.000332 0.087840 0.009091 2.105191
0.878533 0.010190 0.009268 0.004816 0.000332 0.087766 0.009095 2.106217
0.878647 0.010192 0.009239 0.004795 0.000327 0.087697 0.009101 2.107194
0.878678 0.010211 0.009215 0.004801 0.000332 0.087657 0.009106 2.108205
0.878754 0.010228 0.009199 0.004832 0.000329 0.087547 0.009111 2.109208
0.878819 0.010264 0.009206 0.004826 0.000325 0.087443 0.009116 2.110204
0.878892 0.010199 0.009240 0.004800 0.000330 0.087418 0.009120 2.111238
0.878975 0.010196 0.009235 0.004796 0.000328 0.087343 0.009127 2.112236
0.879086 0.010208 0.009233 0.004765 0.000331 0.087246 0.009131 2.113227
0.879179 0.010127 0.009258 0.004777 0.000327 0.087197 0.009135 2.114268
0.879251 0.010118 0.009286 0.004780 0.000326 0.087100 0.009140 2.115299
0.879284 0.010148 0.009294 0.004781 0.000320 0.087029 0.009144 2.116308
0.879330 0.010141 0.009313 0.004761 0.000324 0.086983 0.009148 2.117342
0.879370 0.010166 0.009307 0.004740 0.000324 0.086941 0.009153 2.118347
0.879445 0.010139 0.009342 0.004740 0.000329 0.086848 0.009158 2.119378
0.879532 0.010190 0.009304 0.004718 0.000334 0.086761 0.009162 2.120347
0.879660 0.010191 0.009283 0.004732 0.000329 0.086639 0.009168 2.121321
0.879748 0.010200 0.009243 0.004735 0.000339 0.086568 0.009169 2.122286
0.879823 0.010194 0.009246 0.004725 0.000343 0.086495 0.009175 2.123274
0.879993 0.010167 0.009251 0.004715 0.000345 0.086351 0.009179 2.124271
0.880055 0.010193 0.009222 0.004741 0.000343 0.086262 0.009184 2.125249
0.880170 0.010186 0.009185 0.004719 0.000341 0.086209 0.009189 2.126218
0.880278 0.010135 0.009201 0.004717 0.000340 0.086137 0.009191 2.127230
0.880379 0.010115 0.009181 0.004726 0.000348 0.086058 0.009194 2.128226
0.880446 0.010085 0.009192 0.004725 0.000348 0.086007 0.009197 2.129255
0.880469 0.010107 0.009194 0.004735 0.000347 0.085947 0.009202 2.130265
0.880513 0.010138 0.009184 0.004724 0.000344 0.085891 0.009206 2.131255
0.880580 0.010121 0.009206 0.004739 0.000340 0.085806 0.009209 2.132263
0.880663 0.010098 0.009209 0.004713 0.000336 0.085767 0.009214 2.133263
0.880692 0.010125 0.009220 0.004720 0.000335 0.085688 0.009220 2.134255
0.880709 0.010162 0.009191 0.004745 0.000333 0.085636 0.009225 2.135257
0.880815 0.010137 0.009176 0.004712 0.000329 0.085597 0.009232 2.136233
0.880899 0.010130 0.009145 0.004717 0.000325 0.085547 0.009238 2.137213
0.880975 0.010087 0.009157 0.004734 0.000321 0.085481 0.009243 2.138244
0.881082 0.010083 0.009209 0.004725 0.000319 0.085336 0.009247 2.139246
0.881179 0.010057 0.009196 0.004713 0.000324 0.085284 0.009248 2.140227
0.881267 0.010021 0.009218 0.004690 0.000324 0.085230 0.009252 2.141233
0.881285 0.010070 0.009183 0.004676 0.000318 0.085213 0.009256 2.142196
0.881389 0.010088 0.009127 0.004691 0.000313 0.085130 0.009264 2.143164
0.881461 0.010083 0.009121 0.004687 0.000308 0.085072 0.009269 2.144140
0.881466 0.010089 0.009141 0.004713 0.000311 0.085008 0.009273 2.145152
0.881514 0.010163 0.009095 0.004711 0.000308 0.084932 0.009277 2.146100
0.881557 0.010151 0.009108 0.004710 0.000304 0.084889 0.009281 2.147113
0.881620 0.010121 0.009125 0.004703 0.000305 0.084841 0.009284 2.148142
0.881653 0.010141 0.009155 0.004675 0.000303 0.084785 0.009288 2.149131
0.881712 0.010174 0.009137 0.004671 0.000300 0.084718 0.009290 2.150114
0.881737 0.010176 0.009134 0.004698 0.000307 0.084656 0.009291 2.151120
0.881782 0.010131 0.009193 0.004747 0.000306 0.084547 0.009295 2.152172
0.881823 0.010150 0.009214 0.004729 0.000308 0.084477 0.009298 2.153168
0.881925 0.010121 0.009230 0.004739 0.000314 0.084368 0.009303 2.154181
0.881988 0.010098 0.009215 0.004758 0.000318 0.084319 0.009304 2.155182
0.882003 0.010124 0.009204 0.004790 0.000320 0.084251 0.009309 2.156173
0.882068 0.010080 0.009228 0.004805 0.000322 0.084183 0.009313 2.157188
0.882117 0.010062 0.009192 0.004815 0.000320 0.084177 0.009317 2.158180
0.882164 0.010041 0.009201 0.004830 0.000318 0.084125 0.009321 2.159184
0.882265 0.010006 0.009168 0.004824 0.000312 0.084098 0.009326 2.160173
0.882349 0.009966 0.009163 0.004831 0.000312 0.084049 0.009330 2.161175
0.882340 0.010003 0.009136 0.004848 0.000314 0.084026 0.009334 2.162164
0.882391 0.010039 0.009148 0.004838 0.000315 0.083931 0.009339 2.163146
0.882434 0.010008 0.009185 0.004840 0.000314 0.083875 0.009345 2.164146
0.882490 0.010027 0.009181 0.004826 0.000312 0.083815 0.009350 2.165118
0.882553 0.010018 0.009200 0.004846 0.000312 0.083717 0.009355 2.166131
0.882616 0.010003 0.009201 0.004844 0.000314 0.083664 0.009358 2.167143
0.882671 0.009971 0.009191 0.004860 0.000313 0.083632 0.009363 2.168127
0.882709 0.009946 0.009187 0.004856 0.000319 0.083618 0.009367 2.169124
0.882796 0.009895 0.009174 0.004832 0.000320 0.083612 0.009371 2.170134
0.882914 0.009914 0.009122 0.004812 0.000318 0.083548 0.009373 2.171087
0.882982 0.009976 0.009079 0.004768 0.000314 0.083504 0.009378 2.172013
0.883053 0.009988 0.009051 0.004757 0.000314 0.083455 0.009382 2.172963
0.883079 0.009969 0.009074 0.004739 0.000324 0.083430 0.009386 2.173955
