0.347391 0.062068 0.055849 0.031956 0.002136 0.494519 0.006082 1.620617
0.350103 0.059673 0.055740 0.031751 0.002114 0.494507 0.006112 1.626506
0.353620 0.056670 0.055540 0.031494 0.002106 0.494430 0.006140 1.632248
0.357634 0.053419 0.055181 0.031100 0.002096 0.494404 0.006167 1.637689
0.361889 0.050319 0.054480 0.030632 0.002099 0.494389 0.006193 1.642733
0.366307 0.047164 0.053717 0.030082 0.002084 0.494422 0.006223 1.647536
0.370985 0.044163 0.052836 0.029510 0.002073 0.494185 0.006248 1.652023
0.375889 0.041222 0.051900 0.028818 0.002054 0.493844 0.006274 1.656228
0.380934 0.038434 0.050939 0.028083 0.002036 0.493270 0.006305 1.660142
0.386044 0.035843 0.049815 0.027372 0.002031 0.492569 0.006326 1.663828
0.391250 0.033489 0.048502 0.026583 0.002020 0.491807 0.006350 1.667171
0.396477 0.031232 0.047247 0.025728 0.002013 0.490933 0.006371 1.670346
0.401754 0.029156 0.045954 0.024902 0.002001 0.489840 0.006392 1.673286
0.407014 0.027150 0.044609 0.024103 0.001986 0.488717 0.006422 1.676118
0.412394 0.025272 0.043262 0.023327 0.001954 0.487343 0.006450 1.678755
0.417764 0.023585 0.041787 0.022460 0.001943 0.485988 0.006474 1.681171
0.423137 0.021989 0.040370 0.021621 0.001939 0.484447 0.006499 1.683472
0.428538 0.020603 0.038891 0.020807 0.001901 0.482735 0.006525 1.685530
0.433940 0.019294 0.037456 0.019965 0.001881 0.480914 0.006548 1.687465
0.439345 0.018091 0.036030 0.019146 0.001855 0.478959 0.006574 1.689268
0.444751 0.016951 0.034639 0.018399 0.001833 0.476824 0.006603 1.690968
0.450188 0.015914 0.033271 0.017645 0.001806 0.474548 0.006627 1.692533
0.455719 0.014884 0.031909 0.016842 0.001781 0.472214 0.006651 1.694043
0.461071 0.013962 0.030662 0.016143 0.001755 0.469728 0.006679 1.695452
0.466417 0.013080 0.029419 0.015451 0.001726 0.467203 0.006704 1.696795
0.471719 0.012285 0.028241 0.014794 0.001710 0.464531 0.006719 1.698054
0.476985 0.011572 0.026990 0.014146 0.001677 0.461888 0.006741 1.699203
0.482310 0.010901 0.025811 0.013548 0.001651 0.459016 0.006763 1.700310
0.487730 0.010241 0.024783 0.012986 0.001614 0.455855 0.006789 1.701363
0.493069 0.009648 0.023727 0.012401 0.001594 0.452751 0.006810 1.702332
0.498384 0.009053 0.022694 0.011856 0.001557 0.449623 0.006832 1.703267
0.503492 0.008525 0.021704 0.011298 0.001528 0.446594 0.006858 1.704147
0.508698 0.008079 0.020742 0.010770 0.001491 0.443335 0.006884 1.704947
0.513891 0.007587 0.019828 0.010273 0.001454 0.440068 0.006901 1.705766
0.519133 0.007175 0.018967 0.009773 0.001422 0.436615 0.006915 1.706477
0.524284 0.006784 0.018111 0.009336 0.001393 0.433163 0.006930 1.707167
0.529382 0.006444 0.017276 0.008849 0.001360 0.429740 0.006950 1.707797
0.534388 0.006108 0.016484 0.008409 0.001322 0.426318 0.006971 1.708434
0.539373 0.005827 0.015706 0.007988 0.001289 0.422828 0.006988 1.708992
0.544377 0.005554 0.014965 0.007589 0.001261 0.419246 0.007008 1.709524
0.549404 0.005245 0.014303 0.007232 0.001232 0.415563 0.007021 1.710064
0.554294 0.004989 0.013651 0.006888 0.001206 0.411934 0.007039 1.710551
0.559185 0.004730 0.013010 0.006576 0.001178 0.408265 0.007057 1.711029
0.563908 0.004500 0.012408 0.006264 0.001143 0.404701 0.007076 1.711492
0.568715 0.004280 0.011817 0.005971 0.001119 0.401007 0.007089 1.711938
0.573492 0.004069 0.011258 0.005697 0.001094 0.397289 0.007101 1.712344
0.578130 0.003872 0.010717 0.005444 0.001067 0.393656 0.007115 1.712729
0.582771 0.003708 0.010230 0.005144 0.001044 0.389973 0.007131 1.713082
0.587430 0.003552 0.009768 0.004914 0.001020 0.386171 0.007145 1.713435
0.592138 0.003404 0.009288 0.004690 0.001003 0.382316 0.007160 1.713767
0.596723 0.003262 0.008871 0.004460 0.000973 0.378537 0.007174 1.714077
0.601215 0.003133 0.008468 0.004262 0.000946 0.374788 0.007188 1.714384
0.605641 0.003007 0.008068 0.004083 0.000915 0.371086 0.007202 1.714677
0.610162 0.002884 0.007713 0.003894 0.000897 0.367240 0.007210 1.714966
0.614617 0.002770 0.007351 0.003710 0.000876 0.363454 0.007224 1.715238
0.619049 0.002668 0.007008 0.003557 0.000847 0.359638 0.007235 1.715499
0.623392 0.002566 0.006713 0.003368 0.000819 0.355895 0.007247 1.715746
0.627713 0.002454 0.006431 0.003220 0.000792 0.352132 0.007260 1.716006
0.631982 0.002349 0.006166 0.003069 0.000776 0.348391 0.007269 1.716253
0.636202 0.002277 0.005898 0.002932 0.000752 0.344658 0.007282 1.716478
0.640451 0.002171 0.005656 0.002788 0.000732 0.340910 0.007293 1.716702
0.644544 0.002081 0.005400 0.002667 0.000714 0.337291 0.007303 1.716918
0.648588 0.002027 0.005144 0.002545 0.000694 0.333692 0.007311 1.717101
0.652669 0.001964 0.004917 0.002446 0.000678 0.330006 0.007320 1.717298
0.656669 0.001902 0.004707 0.002349 0.000659 0.326386 0.007329 1.717488
0.660581 0.001838 0.004493 0.002243 0.000642 0.322867 0.007336 1.717671
0.664536 0.001774 0.004320 0.002148 0.000630 0.319248 0.007345 1.717857
0.668481 0.001727 0.004119 0.002050 0.000616 0.315655 0.007352 1.718019
0.672323 0.001681 0.003923 0.001966 0.000591 0.312153 0.007362 1.718182
0.676100 0.001618 0.003788 0.001870 0.000571 0.308684 0.007370 1.718352
0.679855 0.001569 0.003635 0.001775 0.000552 0.305236 0.007378 1.718497
0.683499 0.001509 0.003508 0.001697 0.000534 0.301867 0.007385 1.718654
0.687146 0.001467 0.003365 0.001623 0.000513 0.298492 0.007395 1.718810
0.690846 0.001413 0.003227 0.001548 0.000496 0.295066 0.007404 1.718949
0.694487 0.001371 0.003080 0.001487 0.000479 0.291682 0.007414 1.719083
0.698039 0.001341 0.002952 0.001429 0.000464 0.288356 0.007420 1.719210
0.701492 0.001288 0.002854 0.001370 0.000447 0.285124 0.007426 1.719341
0.704941 0.001247 0.002749 0.001312 0.000435 0.281885 0.007431 1.719467
0.708342 0.001201 0.002642 0.001262 0.000428 0.278690 0.007435 1.719595
0.711816 0.001170 0.002533 0.001200 0.000416 0.275424 0.007442 1.719710
0.715199 0.001135 0.002437 0.001152 0.000411 0.272222 0.007445 1.719824
0.718549 0.001102 0.002340 0.001106 0.000392 0.269060 0.007451 1.719932
0.721821 0.001066 0.002245 0.001068 0.000381 0.265961 0.007458 1.720047
0.725074 0.001042 0.002168 0.001030 0.000363 0.262859 0.007466 1.720154
0.728247 0.000997 0.002093 0.000991 0.000348 0.259850 0.007475 1.720264
0.731404 0.000965 0.002033 0.000936 0.000335 0.256847 0.007481 1.720369
0.734528 0.000943 0.001971 0.000911 0.000324 0.253840 0.007484 1.720468
0.737608 0.000922 0.001886 0.000875 0.000313 0.250904 0.007491 1.720566
0.740681 0.000896 0.001811 0.000841 0.000308 0.247970 0.007493 1.720658
0.743684 0.000879 0.001735 0.000811 0.000298 0.245097 0.007498 1.720741
0.746612 0.000867 0.001672 0.000771 0.000288 0.242289 0.007502 1.720827
0.749562 0.000861 0.001591 0.000733 0.000281 0.239466 0.007506 1.720891
0.752427 0.000836 0.001543 0.000707 0.000274 0.236705 0.007508 1.720974
0.755244 0.000809 0.001485 0.000686 0.000268 0.233997 0.007512 1.721054
0.758099 0.000788 0.001443 0.000654 0.000261 0.231242 0.007514 1.721129
0.760872 0.000761 0.001395 0.000629 0.000252 0.228573 0.007519 1.721217
0.763648 0.000758 0.001330 0.000603 0.000240 0.225897 0.007525 1.721278
0.766395 0.000734 0.001289 0.000584 0.000228 0.223241 0.007529 1.721353
0.769087 0.000727 0.001224 0.000569 0.000221 0.220642 0.007532 1.721413
0.771834 0.000703 0.001187 0.000559 0.000215 0.217968 0.007535 1.721481
0.774500 0.000690 0.001155 0.000529 0.000205 0.215384 0.007539 1.721544
0.777119 0.000667 0.001116 0.000516 0.000198 0.212845 0.007541 1.721608
0.779677 0.000647 0.001079 0.000502 0.000192 0.210359 0.007544 1.721679
0.782214 0.000608 0.001064 0.000496 0.000184 0.207887 0.007549 1.721753
0.784796 0.000597 0.001024 0.000471 0.000177 0.205384 0.007552 1.721808
0.787296 0.000578 0.000993 0.000456 0.000166 0.202957 0.007554 1.721875
0.789804 0.000567 0.000966 0.000442 0.000165 0.200502 0.007555 1.721927
0.792201 0.000556 0.000935 0.000436 0.000160 0.198155 0.007556 1.721987
0.794582 0.000545 0.000909 0.000424 0.000156 0.195827 0.007558 1.722037
0.796962 0.000539 0.000884 0.000407 0.000152 0.193495 0.007560 1.722086
0.799268 0.000536 0.000860 0.000383 0.000147 0.191245 0.007561 1.722136
0.801639 0.000525 0.000846 0.000371 0.000141 0.188913 0.007565 1.722192
0.803929 0.000521 0.000823 0.000364 0.000138 0.186658 0.007567 1.722237
0.806194 0.000504 0.000799 0.000349 0.000133 0.184452 0.007569 1.722285
0.808467 0.000491 0.000778 0.000343 0.000129 0.182221 0.007571 1.722331
0.810688 0.000474 0.000768 0.000338 0.000126 0.180035 0.007572 1.722386
0.812921 0.000462 0.000746 0.000327 0.000121 0.177848 0.007575 1.722431
0.815063 0.000453 0.000723 0.000319 0.000117 0.175748 0.007577 1.722474
0.817250 0.000448 0.000699 0.000306 0.000112 0.173605 0.007579 1.722518
0.819342 0.000440 0.000671 0.000303 0.000110 0.171555 0.007580 1.722562
0.821421 0.000428 0.000647 0.000298 0.000104 0.169521 0.007582 1.722604
0.823517 0.000413 0.000631 0.000293 0.000099 0.167462 0.007585 1.722649
0.825562 0.000394 0.000619 0.000290 0.000095 0.165455 0.007586 1.722700
0.827657 0.000395 0.000596 0.000287 0.000094 0.163385 0.007587 1.722730
0.829679 0.000383 0.000577 0.000282 0.000093 0.161400 0.007587 1.722764
0.831667 0.000377 0.000551 0.000273 0.000089 0.159453 0.007589 1.722799
0.833590 0.000365 0.000539 0.000255 0.000087 0.157574 0.007590 1.722836
0.835503 0.000364 0.000530 0.000247 0.000086 0.155679 0.007590 1.722870
0.837399 0.000353 0.000515 0.000241 0.000080 0.153820 0.007592 1.722906
0.839252 0.000348 0.000500 0.000234 0.000077 0.151997 0.007592 1.722939
0.841159 0.000343 0.000488 0.000232 0.000074 0.150110 0.007595 1.722971
0.842935 0.000352 0.000471 0.000225 0.000071 0.148350 0.007596 1.722999
0.844815 0.000348 0.000467 0.000221 0.000069 0.146482 0.007597 1.723030
0.846599 0.000335 0.000461 0.000216 0.000068 0.144724 0.007597 1.723067
0.848368 0.000334 0.000449 0.000205 0.000068 0.142979 0.007597 1.723097
0.850065 0.000329 0.000440 0.000206 0.000067 0.141294 0.007598 1.723131
0.851817 0.000319 0.000431 0.000200 0.000067 0.139569 0.007598 1.723162
0.853540 0.000318 0.000413 0.000191 0.000063 0.137876 0.007599 1.723189
0.855114 0.000319 0.000400 0.000191 0.000062 0.136314 0.007600 1.723218
0.856768 0.000312 0.000390 0.000189 0.000060 0.134682 0.007601 1.723249
0.858402 0.000304 0.000381 0.000189 0.000059 0.133063 0.007602 1.723280
0.859988 0.000305 0.000375 0.000186 0.000058 0.131486 0.007602 1.723308
0.861538 0.000295 0.000361 0.000181 0.000057 0.129965 0.007603 1.723338
0.863056 0.000285 0.000356 0.000176 0.000054 0.128470 0.007604 1.723370
0.864545 0.000275 0.000357 0.000175 0.000050 0.126993 0.007605 1.723401
0.866017 0.000268 0.000345 0.000174 0.000050 0.125540 0.007605 1.723427
0.867468 0.000254 0.000349 0.000172 0.000050 0.124101 0.007605 1.723458
0.868953 0.000253 0.000335 0.000167 0.000048 0.122638 0.007606 1.723479
0.870327 0.000244 0.000332 0.000165 0.000048 0.121279 0.007606 1.723513
0.871635 0.000247 0.000332 0.000162 0.000047 0.119970 0.007606 1.723536
0.872966 0.000244 0.000314 0.000162 0.000046 0.118662 0.007606 1.723561
0.874287 0.000244 0.000309 0.000157 0.000043 0.117352 0.007608 1.723586
0.875537 0.000238 0.000306 0.000154 0.000043 0.116114 0.007608 1.723608
0.876778 0.000233 0.000303 0.000152 0.000042 0.114884 0.007608 1.723629
0.878052 0.000228 0.000298 0.000147 0.000040 0.113626 0.007609 1.723650
0.879278 0.000229 0.000293 0.000146 0.000037 0.112406 0.007611 1.723672
0.880474 0.000225 0.000291 0.000144 0.000035 0.111220 0.007612 1.723695
0.881638 0.000212 0.000290 0.000143 0.000034 0.110070 0.007612 1.723722
0.882798 0.000209 0.000282 0.000141 0.000033 0.108925 0.007612 1.723741
0.883878 0.000201 0.000277 0.000135 0.000032 0.107864 0.007613 1.723761
0.884936 0.000198 0.000275 0.000135 0.000031 0.106812 0.007613 1.723784
0.885981 0.000199 0.000269 0.000130 0.000030 0.105775 0.007615 1.723802
0.887060 0.000197 0.000264 0.000129 0.000029 0.104706 0.007615 1.723826
0.888085 0.000199 0.000260 0.000125 0.000029 0.103687 0.007615 1.723842
0.889088 0.000198 0.000254 0.000118 0.000027 0.102699 0.007616 1.723861
0.890059 0.000197 0.000247 0.000114 0.000026 0.101741 0.007616 1.723875
0.891062 0.000193 0.000239 0.000106 0.000028 0.100757 0.007616 1.723891
0.892000 0.000184 0.000239 0.000107 0.000026 0.099829 0.007616 1.723914
0.892884 0.000181 0.000231 0.000103 0.000026 0.098959 0.007616 1.723933
0.893792 0.000176 0.000225 0.000105 0.000026 0.098059 0.007617 1.723950
0.894681 0.000169 0.000222 0.000105 0.000025 0.097180 0.007617 1.723968
0.895552 0.000161 0.000214 0.000105 0.000024 0.096326 0.007617 1.723984
0.896336 0.000156 0.000211 0.000106 0.000024 0.095550 0.007617 1.724004
0.897160 0.000160 0.000203 0.000104 0.000023 0.094732 0.007617 1.724018
0.898023 0.000157 0.000199 0.000099 0.000022 0.093881 0.007617 1.724030
0.898801 0.000157 0.000191 0.000098 0.000022 0.093114 0.007618 1.724044
0.899570 0.000158 0.000191 0.000097 0.000021 0.092345 0.007618 1.724060
0.900332 0.000148 0.000183 0.000096 0.000021 0.091600 0.007619 1.724080
0.901063 0.000150 0.000177 0.000094 0.000019 0.090876 0.007619 1.724093
0.901833 0.000149 0.000178 0.000089 0.000018 0.090112 0.007620 1.724107
0.902530 0.000146 0.000173 0.000090 0.000017 0.089422 0.007622 1.724122
0.903242 0.000144 0.000172 0.000087 0.000017 0.088715 0.007622 1.724135
0.903899 0.000135 0.000168 0.000084 0.000017 0.088074 0.007622 1.724149
0.904553 0.000130 0.000162 0.000084 0.000017 0.087431 0.007622 1.724163
0.905186 0.000133 0.000159 0.000084 0.000016 0.086798 0.007622 1.724174
0.905810 0.000130 0.000157 0.000080 0.000015 0.086183 0.007624 1.724186
0.906435 0.000127 0.000154 0.000077 0.000015 0.085566 0.007624 1.724198
0.906999 0.000125 0.000154 0.000075 0.000015 0.085007 0.007624 1.724211
0.907561 0.000126 0.000151 0.000072 0.000015 0.084449 0.007624 1.724222
0.908129 0.000120 0.000153 0.000071 0.000013 0.083888 0.007624 1.724236
0.908651 0.000121 0.000149 0.000069 0.000013 0.083370 0.007624 1.724248
0.909186 0.000120 0.000148 0.000065 0.000013 0.082843 0.007625 1.724258
0.909690 0.000119 0.000142 0.000060 0.000013 0.082351 0.007625 1.724269
0.910170 0.000124 0.000140 0.000060 0.000013 0.081867 0.007625 1.724277
0.910643 0.000126 0.000134 0.000057 0.000013 0.081402 0.007625 1.724287
0.911066 0.000125 0.000128 0.000057 0.000012 0.080986 0.007625 1.724298
0.911502 0.000117 0.000133 0.000056 0.000012 0.080554 0.007625 1.724316
0.911932 0.000115 0.000130 0.000058 0.000013 0.080127 0.007625 1.724325
0.912358 0.000111 0.000132 0.000057 0.000013 0.079702 0.007625 1.724337
0.912788 0.000115 0.000130 0.000055 0.000012 0.079273 0.007625 1.724346
0.913178 0.000114 0.000126 0.000055 0.000012 0.078889 0.007626 1.724357
0.913586 0.000113 0.000125 0.000052 0.000011 0.078484 0.007627 1.724366
0.913974 0.000115 0.000120 0.000052 0.000011 0.078101 0.007627 1.724373
0.914361 0.000108 0.000122 0.000053 0.000010 0.077718 0.007628 1.724385
0.914753 0.000107 0.000115 0.000050 0.000010 0.077337 0.007628 1.724391
0.915114 0.000104 0.000113 0.000050 0.000008 0.076982 0.007629 1.724400
0.915469 0.000107 0.000111 0.000048 0.000008 0.076628 0.007629 1.724406
0.915816 0.000102 0.000106 0.000048 0.000008 0.076290 0.007629 1.724416
0.916131 0.000100 0.000108 0.000048 0.000007 0.075975 0.007629 1.724428
0.916469 0.000098 0.000108 0.000050 0.000007 0.075638 0.007629 1.724437
0.916782 0.000094 0.000112 0.000051 0.000006 0.075325 0.007629 1.724451
0.917099 0.000095 0.000113 0.000051 0.000006 0.075006 0.007629 1.724460
0.917383 0.000095 0.000111 0.000049 0.000006 0.074726 0.007630 1.724471
0.917668 0.000097 0.000110 0.000048 0.000006 0.074440 0.007630 1.724480
0.917946 0.000096 0.000110 0.000048 0.000006 0.074163 0.007630 1.724489
0.918193 0.000091 0.000113 0.000049 0.000005 0.073918 0.007630 1.724502
0.918462 0.000081 0.000113 0.000049 0.000005 0.073659 0.007630 1.724514
0.918734 0.000079 0.000112 0.000049 0.000005 0.073392 0.007630 1.724524
0.918961 0.000075 0.000113 0.000049 0.000004 0.073167 0.007631 1.724533
0.919177 0.000076 0.000110 0.000047 0.000004 0.072956 0.007631 1.724539
0.919390 0.000078 0.000110 0.000046 0.000004 0.072740 0.007631 1.724546
0.919586 0.000079 0.000105 0.000048 0.000004 0.072547 0.007631 1.724553
0.919807 0.000079 0.000103 0.000046 0.000005 0.072328 0.007631 1.724558
0.919999 0.000084 0.000102 0.000046 0.000004 0.072134 0.007631 1.724565
0.920188 0.000090 0.000100 0.000046 0.000003 0.071941 0.007631 1.724574
0.920356 0.000089 0.000096 0.000048 0.000003 0.071776 0.007631 1.724583
0.920545 0.000082 0.000098 0.000048 0.000003 0.071593 0.007631 1.724597
0.920709 0.000082 0.000097 0.000047 0.000003 0.071430 0.007631 1.724607
0.920872 0.000084 0.000096 0.000050 0.000003 0.071264 0.007631 1.724619
0.921055 0.000084 0.000097 0.000049 0.000003 0.071081 0.007631 1.724628
0.921201 0.000086 0.000094 0.000047 0.000003 0.070937 0.007631 1.724635
0.921348 0.000085 0.000096 0.000045 0.000002 0.070792 0.007631 1.724645
0.921492 0.000084 0.000096 0.000047 0.000002 0.070647 0.007631 1.724657
0.921644 0.000084 0.000098 0.000045 0.000002 0.070495 0.007631 1.724665
0.921774 0.000082 0.000095 0.000047 0.000002 0.070369 0.007631 1.724675
0.921911 0.000083 0.000096 0.000045 0.000002 0.070231 0.007631 1.724682
0.922041 0.000081 0.000093 0.000045 0.000002 0.070107 0.007631 1.724689
0.922172 0.000078 0.000096 0.000045 0.000003 0.069975 0.007631 1.724699
0.922299 0.000071 0.000099 0.000046 0.000003 0.069850 0.007631 1.724712
0.922425 0.000068 0.000099 0.000044 0.000002 0.069730 0.007632 1.724722
0.922528 0.000075 0.000095 0.000041 0.000002 0.069627 0.007632 1.724725
0.922643 0.000076 0.000094 0.000039 0.000002 0.069515 0.007632 1.724730
0.922762 0.000078 0.000092 0.000037 0.000002 0.069397 0.007632 1.724734
0.922873 0.000072 0.000094 0.000040 0.000002 0.069287 0.007632 1.724748
0.922983 0.000072 0.000094 0.000040 0.000002 0.069177 0.007632 1.724756
0.923073 0.000070 0.000093 0.000039 0.000002 0.069090 0.007632 1.724764
0.923165 0.000075 0.000093 0.000036 0.000002 0.068996 0.007632 1.724771
0.923269 0.000075 0.000092 0.000039 0.000002 0.068891 0.007632 1.724780
0.923366 0.000072 0.000094 0.000036 0.000002 0.068798 0.007632 1.724788
0.923449 0.000073 0.000091 0.000038 0.000002 0.068716 0.007632 1.724795
0.923552 0.000071 0.000092 0.000037 0.000002 0.068614 0.007632 1.724801
0.923642 0.000070 0.000090 0.000035 0.000002 0.068529 0.007632 1.724809
0.923725 0.000067 0.000089 0.000037 0.000002 0.068448 0.007632 1.724818
0.923804 0.000060 0.000093 0.000039 0.000002 0.068369 0.007632 1.724830
0.923877 0.000059 0.000092 0.000040 0.000002 0.068298 0.007632 1.724839
0.923960 0.000061 0.000089 0.000038 0.000001 0.068220 0.007632 1.724845
0.924030 0.000063 0.000086 0.000036 0.000001 0.068153 0.007632 1.724847
0.924102 0.000067 0.000084 0.000037 0.000001 0.068077 0.007632 1.724852
0.924174 0.000064 0.000088 0.000037 0.000001 0.068004 0.007632 1.724863
0.924252 0.000068 0.000085 0.000038 0.000001 0.067925 0.007632 1.724867
0.924315 0.000068 0.000084 0.000039 0.000001 0.067860 0.007632 1.724874
0.924383 0.000071 0.000082 0.000040 0.000001 0.067790 0.007632 1.724880
0.924458 0.000074 0.000080 0.000040 0.000001 0.067716 0.007632 1.724884
0.924518 0.000073 0.000077 0.000038 0.000001 0.067660 0.007632 1.724892
0.924585 0.000073 0.000071 0.000039 0.000001 0.067599 0.007632 1.724900
0.924642 0.000071 0.000068 0.000040 0.000001 0.067546 0.007632 1.724909
0.924709 0.000073 0.000068 0.000038 0.000001 0.067479 0.007632 1.724916
0.924770 0.000076 0.000062 0.000038 0.000001 0.067421 0.007632 1.724921
0.924827 0.000077 0.000063 0.000036 0.000001 0.067364 0.007632 1.724926
0.924878 0.000077 0.000063 0.000035 0.000001 0.067314 0.007632 1.724934
0.924935 0.000077 0.000063 0.000035 0.000001 0.067258 0.007632 1.724940
0.924988 0.000074 0.000064 0.000038 0.000001 0.067203 0.007632 1.724949
0.925034 0.000078 0.000061 0.000036 0.000001 0.067158 0.007632 1.724954
0.925096 0.000076 0.000062 0.000035 0.000002 0.067098 0.007632 1.724960
0.925144 0.000069 0.000065 0.000035 0.000002 0.067053 0.007632 1.724971
0.925203 0.000070 0.000063 0.000032 0.000001 0.066999 0.007632 1.724975
0.925249 0.000068 0.000061 0.000031 0.000001 0.066957 0.007632 1.724983
0.925300 0.000070 0.000058 0.000032 0.000001 0.066907 0.007632 1.724988
0.925357 0.000072 0.000056 0.000031 0.000002 0.066851 0.007632 1.724992
0.925404 0.000071 0.000056 0.000029 0.000002 0.066805 0.007632 1.724998
0.925456 0.000065 0.000058 0.000030 0.000001 0.066758 0.007632 1.725006
0.925513 0.000062 0.000058 0.000032 0.000001 0.066702 0.007632 1.725012
0.925568 0.000056 0.000060 0.000032 0.000001 0.066652 0.007632 1.725021
0.925610 0.000054 0.000060 0.000032 0.000000 0.066611 0.007632 1.725028
0.925647 0.000055 0.000061 0.000031 0.000000 0.066574 0.007632 1.725033
0.925702 0.000055 0.000058 0.000031 0.000000 0.066521 0.007632 1.725035
0.925746 0.000055 0.000057 0.000032 0.000000 0.066478 0.007632 1.725041
0.925787 0.000056 0.000055 0.000032 0.000000 0.066437 0.007632 1.725046
0.925829 0.000057 0.000054 0.000034 0.000000 0.066393 0.007632 1.725050
0.925869 0.000057 0.000058 0.000032 0.000000 0.066350 0.007632 1.725057
0.925905 0.000059 0.000060 0.000031 0.000000 0.066312 0.007632 1.725063
0.925947 0.000057 0.000054 0.000032 0.000000 0.066278 0.007632 1.725068
0.925975 0.000059 0.000056 0.000030 0.000000 0.066246 0.007632 1.725073
0.926010 0.000063 0.000058 0.000031 0.000000 0.066206 0.007632 1.725078
0.926038 0.000062 0.000057 0.000032 0.000001 0.066179 0.007632 1.725085
0.926072 0.000061 0.000054 0.000032 0.000000 0.066148 0.007632 1.725090
0.926105 0.000057 0.000054 0.000032 0.000000 0.066120 0.007632 1.725098
0.926138 0.000059 0.000053 0.000032 0.000000 0.066085 0.007632 1.725102
0.926172 0.000057 0.000051 0.000034 0.000000 0.066054 0.007632 1.725107
0.926201 0.000058 0.000051 0.000032 0.000002 0.066024 0.007632 1.725113
0.926227 0.000055 0.000051 0.000031 0.000002 0.066003 0.007632 1.725120
0.926251 0.000058 0.000050 0.000030 0.000001 0.065978 0.007632 1.725125
0.926283 0.000060 0.000048 0.000028 0.000001 0.065947 0.007632 1.725129
0.926308 0.000059 0.000046 0.000029 0.000001 0.065924 0.007632 1.725136
0.926345 0.000055 0.000045 0.000030 0.000001 0.065891 0.007632 1.725144
0.926379 0.000053 0.000046 0.000028 0.000001 0.065862 0.007632 1.725150
0.926407 0.000054 0.000043 0.000026 0.000001 0.065838 0.007632 1.725154
0.926430 0.000055 0.000040 0.000027 0.000001 0.065815 0.007632 1.725157
0.926453 0.000056 0.000042 0.000028 0.000001 0.065789 0.007632 1.725163
0.926474 0.000056 0.000042 0.000028 0.000001 0.065766 0.007632 1.725166
0.926493 0.000056 0.000043 0.000027 0.000001 0.065747 0.007632 1.725172
0.926511 0.000055 0.000044 0.000026 0.000000 0.065732 0.007632 1.725177
0.926529 0.000055 0.000047 0.000022 0.000000 0.065713 0.007632 1.725183
0.926548 0.000056 0.000045 0.000024 0.000000 0.065694 0.007632 1.725188
0.926568 0.000055 0.000044 0.000024 0.000000 0.065675 0.007632 1.725192
0.926585 0.000057 0.000045 0.000027 0.000000 0.065653 0.007632 1.725199
0.926607 0.000055 0.000046 0.000026 0.000000 0.065633 0.007632 1.725205
0.926628 0.000052 0.000046 0.000029 0.000000 0.065614 0.007632 1.725211
0.926647 0.000051 0.000049 0.000028 0.000000 0.065593 0.007632 1.725217
0.926660 0.000051 0.000050 0.000028 0.000000 0.065578 0.007632 1.725223
0.926675 0.000051 0.000052 0.000027 0.000000 0.065562 0.007632 1.725228
0.926692 0.000049 0.000052 0.000027 0.000000 0.065547 0.007632 1.725233
0.926710 0.000048 0.000051 0.000026 0.000000 0.065531 0.007632 1.725236
0.926727 0.000051 0.000048 0.000024 0.000000 0.065516 0.007632 1.725239
0.926749 0.000047 0.000048 0.000024 0.000000 0.065498 0.007632 1.725244
0.926767 0.000046 0.000046 0.000027 0.000000 0.065480 0.007632 1.725249
0.926790 0.000044 0.000047 0.000024 0.000000 0.065462 0.007632 1.725254
0.926814 0.000040 0.000047 0.000024 0.000000 0.065441 0.007632 1.725258
0.926834 0.000041 0.000047 0.000025 0.000000 0.065419 0.007632 1.725260
0.926848 0.000040 0.000045 0.000025 0.000000 0.065409 0.007632 1.725264
0.926864 0.000040 0.000046 0.000022 0.000000 0.065396 0.007632 1.725269
0.926887 0.000038 0.000045 0.000022 0.000000 0.065375 0.007632 1.725272
0.926902 0.000037 0.000044 0.000022 0.000000 0.065361 0.007632 1.725276
0.926918 0.000035 0.000045 0.000021 0.000000 0.065349 0.007632 1.725281
0.926932 0.000040 0.000042 0.000020 0.000000 0.065332 0.007632 1.725283
0.926946 0.000041 0.000038 0.000019 0.000000 0.065322 0.007632 1.725285
0.926960 0.000041 0.000037 0.000019 0.000000 0.065310 0.007632 1.725290
0.926976 0.000037 0.000038 0.000022 0.000000 0.065294 0.007632 1.725298
0.926995 0.000035 0.000038 0.000022 0.000000 0.065277 0.007632 1.725303
0.927005 0.000034 0.000039 0.000020 0.000000 0.065268 0.007632 1.725307
0.927018 0.000033 0.000039 0.000018 0.000000 0.065259 0.007632 1.725310
0.927027 0.000034 0.000039 0.000018 0.000000 0.065249 0.007632 1.725314
0.927039 0.000031 0.000041 0.000019 0.000000 0.065237 0.007632 1.725318
0.927054 0.000031 0.000040 0.000019 0.000000 0.065223 0.007632 1.725321
0.927064 0.000033 0.000038 0.000015 0.000000 0.065217 0.007632 1.725323
0.927075 0.000036 0.000038 0.000016 0.000000 0.065203 0.007632 1.725325
0.927084 0.000038 0.000036 0.000016 0.000000 0.065193 0.007632 1.725328
0.927095 0.000036 0.000038 0.000014 0.000000 0.065183 0.007632 1.725331
0.927109 0.000035 0.000038 0.000014 0.000001 0.065170 0.007632 1.725334
0.927117 0.000037 0.000038 0.000013 0.000001 0.065161 0.007632 1.725336
0.927121 0.000037 0.000038 0.000014 0.000001 0.065156 0.007632 1.725340
0.927125 0.000036 0.000035 0.000014 0.000000 0.065156 0.007632 1.725344
0.927131 0.000036 0.000034 0.000014 0.000000 0.065152 0.007632 1.725347
0.927139 0.000034 0.000036 0.000013 0.000000 0.065144 0.007632 1.725351
0.927153 0.000032 0.000035 0.000015 0.000000 0.065131 0.007632 1.725355
0.927157 0.000034 0.000035 0.000015 0.000000 0.065127 0.007632 1.725358
0.927157 0.000037 0.000036 0.000013 0.000000 0.065124 0.007632 1.725359
0.927165 0.000035 0.000037 0.000014 0.000000 0.065116 0.007632 1.725363
0.927171 0.000036 0.000036 0.000014 0.000000 0.065110 0.007632 1.725365
0.927175 0.000036 0.000036 0.000013 0.000000 0.065107 0.007632 1.725368
0.927181 0.000038 0.000033 0.000014 0.000000 0.065101 0.007632 1.725369
0.927186 0.000040 0.000034 0.000013 0.000000 0.065094 0.007632 1.725372
0.927194 0.000037 0.000035 0.000013 0.000000 0.065088 0.007632 1.725377
0.927202 0.000036 0.000035 0.000015 0.000000 0.065079 0.007632 1.725381
0.927211 0.000036 0.000036 0.000015 0.000000 0.065069 0.007632 1.725382
0.927216 0.000036 0.000038 0.000015 0.000000 0.065062 0.007632 1.725386
0.927220 0.000036 0.000039 0.000014 0.000000 0.065059 0.007632 1.725389
0.927226 0.000035 0.000039 0.000016 0.000000 0.065053 0.007632 1.725394
0.927227 0.000035 0.000040 0.000015 0.000000 0.065049 0.007632 1.725398
0.927231 0.000034 0.000045 0.000014 0.000000 0.065043 0.007632 1.725403
0.927231 0.000036 0.000043 0.000014 0.000000 0.065043 0.007632 1.725407
0.927236 0.000037 0.000041 0.000014 0.000000 0.065040 0.007632 1.725410
0.927241 0.000038 0.000040 0.000014 0.000000 0.065034 0.007632 1.725412
0.927248 0.000039 0.000038 0.000012 0.000000 0.065031 0.007632 1.725414
0.927254 0.000037 0.000037 0.000012 0.000000 0.065027 0.007632 1.725418
0.927256 0.000039 0.000036 0.000013 0.000000 0.065022 0.007632 1.725421
0.927257 0.000039 0.000038 0.000014 0.000000 0.065019 0.007632 1.725427
0.927265 0.000039 0.000037 0.000015 0.000000 0.065012 0.007632 1.725429
0.927271 0.000040 0.000037 0.000016 0.000000 0.065004 0.007632 1.725433
0.927281 0.000039 0.000035 0.000018 0.000000 0.064995 0.007632 1.725437
0.927285 0.000038 0.000034 0.000016 0.000000 0.064995 0.007632 1.725440
0.927291 0.000036 0.000034 0.000015 0.000000 0.064992 0.007632 1.725445
0.927292 0.000037 0.000035 0.000015 0.000000 0.064989 0.007632 1.725449
0.927304 0.000035 0.000034 0.000014 0.000000 0.064981 0.007632 1.725453
0.927308 0.000036 0.000036 0.000014 0.000000 0.064974 0.007632 1.725456
0.927317 0.000036 0.000035 0.000014 0.000000 0.064965 0.007632 1.725458
0.927319 0.000038 0.000034 0.000014 0.000000 0.064963 0.007632 1.725460
0.927324 0.000035 0.000034 0.000013 0.000000 0.064960 0.007632 1.725464
0.927330 0.000034 0.000035 0.000012 0.000000 0.064955 0.007632 1.725467
0.927337 0.000034 0.000034 0.000012 0.000000 0.064950 0.007632 1.725469
0.927344 0.000033 0.000034 0.000012 0.000000 0.064944 0.007632 1.725472
0.927348 0.000031 0.000035 0.000013 0.000000 0.064939 0.007632 1.725477
0.927353 0.000032 0.000035 0.000012 0.000000 0.064935 0.007632 1.725479
0.927357 0.000032 0.000032 0.000013 0.000000 0.064933 0.007632 1.725482
0.927360 0.000034 0.000033 0.000013 0.000000 0.064927 0.007632 1.725484
0.927361 0.000037 0.000029 0.000013 0.000000 0.064927 0.007632 1.725486
0.927366 0.000036 0.000028 0.000013 0.000000 0.064923 0.007632 1.725487
0.927367 0.000038 0.000027 0.000013 0.000000 0.064922 0.007632 1.725489
0.927371 0.000036 0.000028 0.000013 0.000000 0.064919 0.007632 1.725495
0.927378 0.000035 0.000027 0.000013 0.000000 0.064913 0.007632 1.725499
0.927382 0.000037 0.000024 0.000014 0.000000 0.064910 0.007632 1.725500
0.927387 0.000032 0.000027 0.000015 0.000000 0.064906 0.007632 1.725507
0.927389 0.000033 0.000029 0.000013 0.000000 0.064903 0.007632 1.725509
0.927394 0.000032 0.000030 0.000013 0.000000 0.064897 0.007632 1.725513
0.927400 0.000031 0.000029 0.000014 0.000000 0.064894 0.007632 1.725516
0.927403 0.000031 0.000027 0.000014 0.000000 0.064891 0.007632 1.725518
0.927408 0.000030 0.000027 0.000016 0.000000 0.064886 0.007632 1.725523
0.927413 0.000031 0.000027 0.000016 0.000000 0.064881 0.007632 1.725525
0.927419 0.000029 0.000029 0.000016 0.000000 0.064874 0.007632 1.725529
0.927424 0.000027 0.000031 0.000016 0.000000 0.064869 0.007632 1.725535
0.927430 0.000025 0.000029 0.000014 0.000000 0.064868 0.007633 1.725536
0.927433 0.000024 0.000031 0.000014 0.000000 0.064864 0.007633 1.725539
0.927437 0.000025 0.000029 0.000014 0.000000 0.064861 0.007633 1.725541
0.927439 0.000025 0.000028 0.000016 0.000000 0.064859 0.007633 1.725544
0.927439 0.000023 0.000029 0.000016 0.000000 0.064860 0.007633 1.725547
0.927443 0.000022 0.000027 0.000016 0.000000 0.064858 0.007633 1.725550
0.927447 0.000022 0.000027 0.000014 0.000000 0.064856 0.007633 1.725551
0.927453 0.000022 0.000024 0.000014 0.000000 0.064854 0.007633 1.725552
0.927457 0.000022 0.000024 0.000013 0.000000 0.064852 0.007633 1.725553
0.927463 0.000021 0.000024 0.000012 0.000000 0.064847 0.007633 1.725555
0.927467 0.000020 0.000023 0.000013 0.000000 0.064844 0.007633 1.725557
0.927468 0.000021 0.000022 0.000014 0.000000 0.064842 0.007633 1.725560
0.927473 0.000021 0.000022 0.000012 0.000000 0.064838 0.007633 1.725562
0.927478 0.000022 0.000023 0.000011 0.000000 0.064833 0.007633 1.725564
0.927480 0.000022 0.000022 0.000012 0.000000 0.064832 0.007633 1.725566
0.927481 0.000022 0.000022 0.000012 0.000000 0.064830 0.007633 1.725569
0.927486 0.000022 0.000022 0.000010 0.000000 0.064825 0.007633 1.725570
0.927490 0.000022 0.000022 0.000009 0.000000 0.064823 0.007633 1.725572
0.927489 0.000026 0.000022 0.000008 0.000000 0.064823 0.007633 1.725573
0.927491 0.000025 0.000023 0.000008 0.000000 0.064819 0.007633 1.725577
0.927494 0.000026 0.000022 0.000008 0.000000 0.064817 0.007633 1.725578
0.927496 0.000026 0.000022 0.000008 0.000000 0.064815 0.007633 1.725580
0.927499 0.000025 0.000023 0.000008 0.000000 0.064811 0.007633 1.725583
0.927504 0.000023 0.000021 0.000009 0.000000 0.064809 0.007633 1.725585
0.927508 0.000024 0.000023 0.000010 0.000000 0.064803 0.007633 1.725587
0.927516 0.000025 0.000022 0.000008 0.000000 0.064795 0.007633 1.725588
0.927521 0.000023 0.000022 0.000008 0.000000 0.064793 0.007633 1.725591
0.927525 0.000025 0.000022 0.000007 0.000000 0.064788 0.007633 1.725592
0.927526 0.000026 0.000023 0.000008 0.000000 0.064785 0.007633 1.725595
0.927529 0.000025 0.000021 0.000008 0.000000 0.064783 0.007633 1.725597
0.927530 0.000027 0.000021 0.000008 0.000000 0.064780 0.007633 1.725599
0.927531 0.000026 0.000023 0.000010 0.000000 0.064777 0.007633 1.725603
0.927535 0.000028 0.000024 0.000010 0.000000 0.064771 0.007633 1.725605
0.927537 0.000029 0.000023 0.000009 0.000000 0.064768 0.007633 1.725606
0.927540 0.000029 0.000023 0.000008 0.000000 0.064766 0.007633 1.725609
0.927544 0.000026 0.000024 0.000009 0.000000 0.064763 0.007633 1.725613
0.927546 0.000027 0.000025 0.000008 0.000000 0.064760 0.007633 1.725615
0.927550 0.000024 0.000027 0.000010 0.000000 0.064757 0.007633 1.725620
0.927550 0.000025 0.000026 0.000010 0.000000 0.064757 0.007633 1.725621
0.927552 0.000022 0.000026 0.000011 0.000000 0.064755 0.007633 1.725625
0.927551 0.000023 0.000024 0.000011 0.000000 0.064758 0.007633 1.725627
0.927552 0.000024 0.000024 0.000011 0.000000 0.064756 0.007633 1.725628
0.927554 0.000026 0.000021 0.000011 0.000000 0.064755 0.007633 1.725630
0.927554 0.000029 0.000021 0.000010 0.000000 0.064753 0.007633 1.725631
0.927557 0.000029 0.000021 0.000010 0.000000 0.064750 0.007633 1.725633
0.927559 0.000031 0.000021 0.000007 0.000000 0.064749 0.007633 1.725634
0.927561 0.000029 0.000022 0.000006 0.000000 0.064748 0.007633 1.725638
0.927562 0.000029 0.000022 0.000008 0.000000 0.064747 0.007633 1.725641
0.927564 0.000026 0.000022 0.000009 0.000000 0.064746 0.007633 1.725644
0.927566 0.000024 0.000022 0.000008 0.000000 0.064745 0.007633 1.725646
0.927570 0.000023 0.000020 0.000010 0.000000 0.064744 0.007633 1.725648
0.927568 0.000024 0.000018 0.000010 0.000000 0.064746 0.007633 1.725650
0.927571 0.000022 0.000018 0.000010 0.000000 0.064745 0.007633 1.725653
0.927574 0.000021 0.000018 0.000010 0.000000 0.064743 0.007633 1.725656
0.927575 0.000018 0.000018 0.000012 0.000000 0.064744 0.007633 1.725660
0.927577 0.000019 0.000018 0.000011 0.000000 0.064742 0.007633 1.725661
0.927578 0.000019 0.000016 0.000012 0.000000 0.064741 0.007633 1.725662
0.927578 0.000021 0.000015 0.000011 0.000000 0.064742 0.007633 1.725663
0.927578 0.000024 0.000013 0.000011 0.000000 0.064741 0.007633 1.725663
0.927579 0.000024 0.000014 0.000011 0.000000 0.064739 0.007633 1.725665
0.927580 0.000024 0.000017 0.000009 0.000000 0.064737 0.007633 1.725668
0.927582 0.000023 0.000016 0.000010 0.000000 0.064736 0.007633 1.725670
0.927582 0.000024 0.000016 0.000010 0.000000 0.064735 0.007633 1.725671
0.927583 0.000024 0.000017 0.000010 0.000000 0.064733 0.007633 1.725673
0.927585 0.000024 0.000016 0.000008 0.000000 0.064732 0.007633 1.725674
0.927586 0.000024 0.000017 0.000008 0.000000 0.064731 0.007633 1.725676
0.927585 0.000026 0.000017 0.000008 0.000000 0.064729 0.007633 1.725678
0.927587 0.000027 0.000018 0.000008 0.000000 0.064726 0.007633 1.725679
0.927586 0.000028 0.000019 0.000007 0.000000 0.064726 0.007633 1.725681
0.927589 0.000026 0.000018 0.000008 0.000000 0.064725 0.007633 1.725684
0.927588 0.000026 0.000017 0.000009 0.000001 0.064726 0.007633 1.725688
0.927588 0.000025 0.000018 0.000010 0.000000 0.064725 0.007633 1.725690
0.927588 0.000024 0.000018 0.000010 0.000000 0.064726 0.007633 1.725692
0.927591 0.000022 0.000020 0.000011 0.000000 0.064721 0.007633 1.725695
0.927591 0.000022 0.000019 0.000011 0.000000 0.064721 0.007633 1.725697
0.927592 0.000022 0.000020 0.000012 0.000000 0.064721 0.007633 1.725699
0.927591 0.000022 0.000021 0.000012 0.000000 0.064720 0.007633 1.725702
0.927590 0.000024 0.000021 0.000012 0.000000 0.064719 0.007633 1.725703
0.927590 0.000023 0.000023 0.000012 0.000000 0.064718 0.007633 1.725706
0.927589 0.000024 0.000022 0.000013 0.000000 0.064717 0.007633 1.725708
0.927588 0.000025 0.000022 0.000012 0.000000 0.064717 0.007633 1.725710
0.927588 0.000024 0.000021 0.000012 0.000000 0.064719 0.007633 1.725712
0.927591 0.000024 0.000022 0.000010 0.000000 0.064719 0.007633 1.725714
0.927592 0.000025 0.000022 0.000010 0.000000 0.064716 0.007633 1.725715
0.927594 0.000023 0.000022 0.000012 0.000000 0.064715 0.007633 1.725719
0.927594 0.000025 0.000021 0.000011 0.000000 0.064715 0.007633 1.725720
0.927598 0.000023 0.000020 0.000011 0.000000 0.064713 0.007633 1.725722
0.927597 0.000025 0.000019 0.000012 0.000000 0.064713 0.007633 1.725723
0.927597 0.000024 0.000019 0.000012 0.000000 0.064714 0.007633 1.725726
0.927596 0.000025 0.000018 0.000012 0.000000 0.064715 0.007633 1.725727
0.927597 0.000025 0.000019 0.000012 0.000000 0.064713 0.007633 1.725730
0.927600 0.000026 0.000019 0.000011 0.000000 0.064710 0.007633 1.725732
0.927597 0.000027 0.000021 0.000012 0.000000 0.064710 0.007633 1.725735
0.927599 0.000027 0.000022 0.000012 0.000000 0.064707 0.007633 1.725736
0.927600 0.000025 0.000022 0.000013 0.000000 0.064705 0.007633 1.725738
0.927600 0.000026 0.000019 0.000013 0.000000 0.064708 0.007633 1.725739
0.927601 0.000027 0.000020 0.000012 0.000000 0.064706 0.007633 1.725740
0.927601 0.000027 0.000019 0.000013 0.000000 0.064705 0.007633 1.725743
0.927601 0.000027 0.000018 0.000012 0.000000 0.064707 0.007633 1.725744
0.927598 0.000031 0.000019 0.000011 0.000000 0.064708 0.007633 1.725746
0.927600 0.000029 0.000018 0.000012 0.000000 0.064708 0.007633 1.725750
0.927600 0.000028 0.000017 0.000012 0.000000 0.064709 0.007633 1.725752
0.927600 0.000029 0.000016 0.000011 0.000000 0.064711 0.007633 1.725754
0.927601 0.000027 0.000017 0.000011 0.000000 0.064711 0.007633 1.725756
0.927601 0.000026 0.000017 0.000010 0.000000 0.064712 0.007634 1.725759
0.927601 0.000025 0.000019 0.000008 0.000000 0.064712 0.007634 1.725762
0.927601 0.000025 0.000019 0.000008 0.000000 0.064711 0.007634 1.725764
0.927604 0.000026 0.000019 0.000009 0.000000 0.064707 0.007634 1.725765
0.927605 0.000026 0.000021 0.000010 0.000000 0.064704 0.007634 1.725767
0.927604 0.000028 0.000020 0.000012 0.000000 0.064702 0.007634 1.725769
0.927606 0.000024 0.000024 0.000010 0.000000 0.064701 0.007634 1.725774
0.927606 0.000023 0.000026 0.000010 0.000000 0.064700 0.007634 1.725777
0.927605 0.000023 0.000027 0.000012 0.000000 0.064699 0.007634 1.725780
0.927606 0.000021 0.000025 0.000013 0.000000 0.064700 0.007634 1.725783
0.927605 0.000023 0.000023 0.000013 0.000000 0.064702 0.007634 1.725783
0.927607 0.000023 0.000022 0.000013 0.000000 0.064702 0.007634 1.725784
0.927606 0.000023 0.000021 0.000012 0.000000 0.064703 0.007634 1.725785
0.927606 0.000024 0.000021 0.000012 0.000000 0.064703 0.007634 1.725787
0.927607 0.000024 0.000021 0.000013 0.000000 0.064702 0.007634 1.725789
0.927606 0.000023 0.000019 0.000013 0.000000 0.064704 0.007634 1.725792
0.927607 0.000022 0.000019 0.000013 0.000000 0.064704 0.007634 1.725794
0.927608 0.000023 0.000017 0.000012 0.000000 0.064705 0.007634 1.725794
0.927605 0.000027 0.000017 0.000012 0.000000 0.064704 0.007634 1.725795
0.927604 0.000027 0.000016 0.000012 0.000000 0.064705 0.007634 1.725796
0.927606 0.000025 0.000017 0.000013 0.000000 0.064705 0.007634 1.725800
0.927607 0.000024 0.000018 0.000013 0.000000 0.064704 0.007634 1.725802
0.927610 0.000023 0.000018 0.000014 0.000000 0.064700 0.007634 1.725804
0.927611 0.000022 0.000017 0.000015 0.000000 0.064700 0.007634 1.725806
0.927612 0.000022 0.000018 0.000013 0.000001 0.064701 0.007634 1.725808
0.927611 0.000022 0.000018 0.000013 0.000001 0.064701 0.007634 1.725809
0.927611 0.000019 0.000018 0.000014 0.000001 0.064702 0.007634 1.725813
0.927611 0.000019 0.000019 0.000014 0.000001 0.064703 0.007634 1.725816
0.927611 0.000019 0.000019 0.000013 0.000001 0.064703 0.007634 1.725817
0.927613 0.000017 0.000019 0.000013 0.000001 0.064702 0.007634 1.725819
0.927612 0.000019 0.000019 0.000013 0.000001 0.064703 0.007634 1.725820
0.927614 0.000018 0.000019 0.000013 0.000001 0.064700 0.007634 1.725822
0.927615 0.000018 0.000019 0.000012 0.000001 0.064702 0.007634 1.725823
0.927614 0.000017 0.000018 0.000010 0.000002 0.064704 0.007634 1.725825
0.927612 0.000019 0.000017 0.000011 0.000002 0.064706 0.007634 1.725826
0.927613 0.000017 0.000018 0.000011 0.000002 0.064705 0.007634 1.725828
0.927611 0.000019 0.000017 0.000010 0.000002 0.064707 0.007634 1.725830
0.927614 0.000019 0.000016 0.000009 0.000002 0.064707 0.007634 1.725831
0.927615 0.000017 0.000018 0.000010 0.000002 0.064705 0.007634 1.725835
0.927617 0.000016 0.000018 0.000010 0.000002 0.064704 0.007634 1.725836
0.927619 0.000014 0.000019 0.000010 0.000002 0.064702 0.007634 1.725839
