0.360536 0.061173 0.054837 0.031627 0.002013 0.483923 0.005891 1.588356
0.363113 0.058685 0.054719 0.031561 0.002006 0.484002 0.005913 1.594276
0.366444 0.055756 0.054342 0.031327 0.002008 0.484180 0.005943 1.599890
0.370231 0.052592 0.054037 0.030941 0.002006 0.484225 0.005970 1.605263
0.374427 0.049526 0.053368 0.030468 0.002013 0.484204 0.005995 1.610207
0.378870 0.046526 0.052644 0.029841 0.002026 0.484079 0.006013 1.614827
0.383417 0.043548 0.051921 0.029209 0.002017 0.483845 0.006043 1.619261
0.388152 0.040767 0.051032 0.028541 0.002007 0.483430 0.006071 1.623332
0.393028 0.038235 0.049924 0.027748 0.001990 0.482979 0.006097 1.627131
0.397955 0.035667 0.048785 0.027020 0.001978 0.482472 0.006123 1.630773
0.403055 0.033264 0.047621 0.026292 0.001967 0.481655 0.006147 1.634188
0.408038 0.031002 0.046418 0.025539 0.001954 0.480876 0.006174 1.637414
0.413040 0.028975 0.045138 0.024651 0.001961 0.480044 0.006193 1.640356
0.418238 0.027048 0.043840 0.023796 0.001948 0.478907 0.006222 1.643139
0.423446 0.025200 0.042553 0.022966 0.001928 0.477661 0.006246 1.645760
0.428642 0.023575 0.041145 0.022179 0.001914 0.476280 0.006265 1.648174
0.433832 0.022086 0.039699 0.021364 0.001897 0.474834 0.006289 1.650373
0.439120 0.020681 0.038319 0.020567 0.001874 0.473128 0.006311 1.652444
0.444442 0.019415 0.037001 0.019807 0.001843 0.471159 0.006334 1.654355
0.449741 0.018167 0.035717 0.019020 0.001825 0.469164 0.006365 1.656227
0.454964 0.017024 0.034373 0.018286 0.001794 0.467159 0.006400 1.657957
0.460198 0.015961 0.033048 0.017561 0.001773 0.465033 0.006427 1.659582
0.465360 0.014965 0.031838 0.016833 0.001748 0.462808 0.006448 1.661118
0.470734 0.014046 0.030614 0.016084 0.001714 0.460337 0.006470 1.662523
0.476063 0.013173 0.029400 0.015398 0.001689 0.457784 0.006494 1.663862
0.481291 0.012373 0.028207 0.014741 0.001662 0.455206 0.006520 1.665118
0.486634 0.011630 0.027058 0.014123 0.001635 0.452378 0.006542 1.666280
0.491909 0.010934 0.025948 0.013490 0.001611 0.449541 0.006566 1.667398
0.497127 0.010309 0.024800 0.012858 0.001595 0.446724 0.006586 1.668431
0.502314 0.009704 0.023685 0.012273 0.001575 0.443840 0.006608 1.669419
0.507510 0.009185 0.022634 0.011695 0.001543 0.440806 0.006628 1.670312
0.512578 0.008736 0.021599 0.011154 0.001519 0.437766 0.006648 1.671137
0.517663 0.008241 0.020589 0.010662 0.001489 0.434688 0.006666 1.671971
0.522762 0.007790 0.019701 0.010158 0.001458 0.431441 0.006691 1.672768
0.527834 0.007358 0.018819 0.009701 0.001419 0.428163 0.006706 1.673518
0.532853 0.006970 0.017996 0.009237 0.001391 0.424829 0.006725 1.674228
0.537865 0.006602 0.017198 0.008779 0.001368 0.421449 0.006740 1.674890
0.542800 0.006270 0.016480 0.008371 0.001341 0.417986 0.006752 1.675524
0.547725 0.005942 0.015739 0.007964 0.001302 0.414561 0.006768 1.676132
0.552634 0.005644 0.015029 0.007588 0.001271 0.411046 0.006786 1.676701
0.557514 0.005344 0.014351 0.007196 0.001255 0.407541 0.006798 1.677244
0.562312 0.005087 0.013651 0.006882 0.001226 0.404029 0.006813 1.677748
0.567152 0.004848 0.013027 0.006575 0.001200 0.400368 0.006829 1.678231
0.571878 0.004619 0.012439 0.006280 0.001163 0.396776 0.006846 1.678697
0.576663 0.004400 0.011825 0.005987 0.001139 0.393125 0.006860 1.679144
0.581261 0.004215 0.011275 0.005724 0.001110 0.389542 0.006873 1.679554
0.585781 0.004041 0.010765 0.005462 0.001079 0.385983 0.006890 1.679958
0.590390 0.003843 0.010278 0.005202 0.001053 0.382332 0.006902 1.680353
0.595010 0.003677 0.009772 0.004943 0.001030 0.378653 0.006915 1.680716
0.599477 0.003500 0.009358 0.004712 0.001007 0.375018 0.006929 1.681082
0.603910 0.003354 0.008902 0.004489 0.000985 0.371419 0.006941 1.681414
0.608350 0.003172 0.008526 0.004281 0.000955 0.367765 0.006952 1.681774
0.612822 0.003041 0.008134 0.004055 0.000930 0.364052 0.006967 1.682067
0.617183 0.002924 0.007783 0.003848 0.000907 0.360380 0.006974 1.682366
0.621447 0.002793 0.007429 0.003656 0.000884 0.356807 0.006985 1.682652
0.625683 0.002672 0.007136 0.003475 0.000861 0.353177 0.006997 1.682924
0.629865 0.002569 0.006818 0.003320 0.000837 0.349583 0.007009 1.683193
0.634095 0.002450 0.006499 0.003174 0.000812 0.345949 0.007020 1.683442
0.638276 0.002372 0.006206 0.002994 0.000789 0.342336 0.007029 1.683658
0.642417 0.002255 0.005923 0.002872 0.000767 0.338727 0.007039 1.683898
0.646529 0.002169 0.005660 0.002734 0.000737 0.335123 0.007049 1.684107
0.650542 0.002118 0.005398 0.002594 0.000715 0.331574 0.007061 1.684298
0.654504 0.002026 0.005158 0.002485 0.000696 0.328061 0.007070 1.684503
0.658504 0.001961 0.004914 0.002379 0.000672 0.324489 0.007082 1.684689
0.662462 0.001897 0.004709 0.002253 0.000657 0.320935 0.007089 1.684865
0.666364 0.001821 0.004506 0.002176 0.000633 0.317401 0.007100 1.685053
0.670151 0.001754 0.004342 0.002100 0.000620 0.313924 0.007108 1.685226
0.673923 0.001684 0.004134 0.002014 0.000602 0.310528 0.007116 1.685396
0.677643 0.001608 0.003958 0.001945 0.000586 0.307140 0.007122 1.685573
0.681393 0.001548 0.003782 0.001840 0.000568 0.303738 0.007132 1.685720
0.685116 0.001495 0.003629 0.001759 0.000556 0.300307 0.007139 1.685868
0.688754 0.001465 0.003473 0.001688 0.000537 0.296936 0.007148 1.686002
0.692351 0.001422 0.003335 0.001603 0.000522 0.293615 0.007154 1.686141
0.695830 0.001373 0.003216 0.001531 0.000503 0.290388 0.007160 1.686277
0.699330 0.001352 0.003084 0.001461 0.000494 0.287115 0.007164 1.686400
0.702780 0.001309 0.002968 0.001396 0.000481 0.283897 0.007170 1.686525
0.706334 0.001263 0.002875 0.001352 0.000467 0.280533 0.007176 1.686662
0.709653 0.001240 0.002745 0.001300 0.000447 0.277431 0.007184 1.686773
0.712985 0.001210 0.002629 0.001236 0.000435 0.274316 0.007190 1.686884
0.716336 0.001161 0.002532 0.001178 0.000421 0.271179 0.007194 1.687008
0.719683 0.001118 0.002438 0.001138 0.000411 0.268015 0.007198 1.687119
0.722927 0.001079 0.002329 0.001088 0.000392 0.264979 0.007207 1.687230
0.726172 0.001029 0.002243 0.001051 0.000381 0.261911 0.007214 1.687340
0.729362 0.000984 0.002170 0.001019 0.000366 0.258880 0.007221 1.687456
0.732489 0.000966 0.002083 0.000965 0.000356 0.255919 0.007223 1.687553
0.735522 0.000945 0.001996 0.000936 0.000344 0.253030 0.007228 1.687641
0.738664 0.000899 0.001923 0.000906 0.000331 0.250044 0.007233 1.687742
0.741785 0.000871 0.001853 0.000847 0.000319 0.247085 0.007239 1.687825
0.744807 0.000846 0.001785 0.000800 0.000308 0.244212 0.007243 1.687911
0.747812 0.000821 0.001722 0.000775 0.000294 0.241329 0.007248 1.687994
0.750799 0.000799 0.001672 0.000744 0.000286 0.238447 0.007253 1.688072
0.753745 0.000778 0.001613 0.000721 0.000278 0.235608 0.007257 1.688154
0.756564 0.000758 0.001548 0.000696 0.000271 0.232904 0.007261 1.688228
0.759341 0.000750 0.001481 0.000675 0.000264 0.230226 0.007265 1.688294
0.762171 0.000735 0.001427 0.000660 0.000257 0.227485 0.007266 1.688365
0.765056 0.000715 0.001367 0.000636 0.000251 0.224707 0.007268 1.688431
0.767771 0.000700 0.001321 0.000609 0.000243 0.222086 0.007271 1.688498
0.770495 0.000680 0.001279 0.000586 0.000233 0.219450 0.007276 1.688564
0.773209 0.000663 0.001240 0.000571 0.000228 0.216812 0.007279 1.688633
0.775861 0.000637 0.001211 0.000555 0.000220 0.214237 0.007282 1.688700
0.778409 0.000619 0.001161 0.000528 0.000216 0.211784 0.007285 1.688760
0.781033 0.000608 0.001119 0.000505 0.000212 0.209238 0.007286 1.688814
0.783531 0.000593 0.001073 0.000490 0.000207 0.206818 0.007287 1.688869
0.786062 0.000573 0.001029 0.000466 0.000204 0.204376 0.007290 1.688928
0.788547 0.000554 0.000994 0.000454 0.000197 0.201961 0.007294 1.688987
0.790991 0.000538 0.000971 0.000436 0.000191 0.199577 0.007297 1.689045
0.793419 0.000527 0.000933 0.000416 0.000183 0.197222 0.007301 1.689091
0.795818 0.000513 0.000897 0.000407 0.000176 0.194887 0.007304 1.689146
0.798226 0.000492 0.000874 0.000392 0.000168 0.192541 0.007308 1.689196
0.800612 0.000477 0.000855 0.000378 0.000159 0.190207 0.007313 1.689249
0.802921 0.000468 0.000821 0.000369 0.000154 0.187954 0.007313 1.689292
0.805219 0.000454 0.000790 0.000357 0.000148 0.185718 0.007315 1.689335
0.807472 0.000444 0.000770 0.000349 0.000141 0.183507 0.007318 1.689386
0.809763 0.000431 0.000755 0.000334 0.000137 0.181259 0.007322 1.689433
0.811947 0.000413 0.000730 0.000321 0.000134 0.179132 0.007323 1.689480
0.814114 0.000398 0.000711 0.000318 0.000129 0.177004 0.007326 1.689526
0.816279 0.000388 0.000692 0.000301 0.000123 0.174888 0.007329 1.689565
0.818451 0.000375 0.000674 0.000297 0.000119 0.172754 0.007330 1.689606
0.820547 0.000363 0.000653 0.000288 0.000117 0.170700 0.007331 1.689639
0.822666 0.000349 0.000632 0.000282 0.000114 0.168626 0.007333 1.689677
0.824766 0.000352 0.000604 0.000273 0.000111 0.166560 0.007334 1.689706
0.826807 0.000346 0.000588 0.000264 0.000107 0.164552 0.007336 1.689735
0.828821 0.000332 0.000557 0.000255 0.000104 0.162595 0.007337 1.689768
0.830864 0.000332 0.000535 0.000250 0.000102 0.160581 0.007337 1.689794
0.832822 0.000324 0.000522 0.000247 0.000098 0.158649 0.007339 1.689825
0.834738 0.000317 0.000506 0.000235 0.000099 0.156767 0.007339 1.689853
0.836654 0.000302 0.000497 0.000228 0.000094 0.154886 0.007340 1.689890
0.838591 0.000293 0.000489 0.000220 0.000091 0.152975 0.007341 1.689918
0.840404 0.000287 0.000477 0.000208 0.000088 0.151195 0.007343 1.689946
0.842250 0.000286 0.000472 0.000193 0.000087 0.149369 0.007343 1.689972
0.844132 0.000273 0.000468 0.000190 0.000082 0.147512 0.007345 1.690005
0.845915 0.000271 0.000451 0.000183 0.000079 0.145756 0.007345 1.690029
0.847702 0.000269 0.000439 0.000174 0.000077 0.143992 0.007347 1.690054
0.849433 0.000269 0.000421 0.000171 0.000075 0.142284 0.007347 1.690076
0.851194 0.000260 0.000417 0.000165 0.000072 0.140542 0.007350 1.690105
0.852885 0.000257 0.000394 0.000162 0.000069 0.138882 0.007351 1.690123
0.854567 0.000245 0.000385 0.000158 0.000066 0.137228 0.007351 1.690151
0.856270 0.000240 0.000372 0.000152 0.000062 0.135551 0.007354 1.690179
0.857885 0.000232 0.000365 0.000148 0.000060 0.133955 0.007355 1.690204
0.859467 0.000223 0.000351 0.000145 0.000059 0.132398 0.007356 1.690227
0.861015 0.000224 0.000344 0.000142 0.000058 0.130861 0.007357 1.690246
0.862533 0.000215 0.000329 0.000140 0.000056 0.129370 0.007358 1.690270
0.864040 0.000200 0.000316 0.000137 0.000056 0.127893 0.007358 1.690298
0.865463 0.000197 0.000310 0.000131 0.000055 0.126485 0.007359 1.690319
0.866929 0.000194 0.000304 0.000123 0.000053 0.125038 0.007360 1.690340
0.868325 0.000189 0.000298 0.000118 0.000051 0.123658 0.007361 1.690358
0.869777 0.000179 0.000291 0.000116 0.000049 0.122228 0.007361 1.690378
0.871173 0.000177 0.000287 0.000110 0.000046 0.120844 0.007363 1.690395
0.872498 0.000174 0.000276 0.000105 0.000044 0.119538 0.007364 1.690411
0.873815 0.000171 0.000272 0.000103 0.000043 0.118232 0.007365 1.690427
0.875110 0.000166 0.000261 0.000100 0.000041 0.116956 0.007365 1.690444
0.876358 0.000167 0.000255 0.000095 0.000038 0.115721 0.007367 1.690459
0.877578 0.000161 0.000248 0.000096 0.000036 0.114511 0.007370 1.690476
0.878777 0.000161 0.000241 0.000093 0.000032 0.113325 0.007371 1.690490
0.879938 0.000155 0.000238 0.000090 0.000031 0.112177 0.007372 1.690507
0.881080 0.000155 0.000227 0.000083 0.000029 0.111053 0.007373 1.690517
0.882240 0.000150 0.000221 0.000084 0.000029 0.109903 0.007373 1.690531
0.883330 0.000147 0.000213 0.000082 0.000029 0.108826 0.007373 1.690543
0.884385 0.000146 0.000204 0.000081 0.000025 0.107784 0.007374 1.690554
0.885449 0.000143 0.000195 0.000079 0.000023 0.106735 0.007375 1.690568
0.886499 0.000142 0.000194 0.000077 0.000023 0.105689 0.007375 1.690580
0.887522 0.000135 0.000188 0.000078 0.000022 0.104680 0.007375 1.690596
0.888437 0.000130 0.000183 0.000072 0.000021 0.103782 0.007376 1.690611
0.889357 0.000125 0.000185 0.000070 0.000020 0.102866 0.007376 1.690625
0.890277 0.000120 0.000178 0.000072 0.000019 0.101957 0.007377 1.690639
0.891177 0.000113 0.000170 0.000071 0.000019 0.101075 0.007377 1.690652
0.892045 0.000108 0.000170 0.000066 0.000019 0.100216 0.007377 1.690665
0.892897 0.000102 0.000164 0.000065 0.000017 0.099375 0.007378 1.690675
0.893723 0.000101 0.000159 0.000065 0.000016 0.098557 0.007379 1.690683
0.894513 0.000098 0.000154 0.000065 0.000014 0.097775 0.007379 1.690695
0.895285 0.000098 0.000143 0.000065 0.000014 0.097015 0.007380 1.690703
0.896006 0.000099 0.000142 0.000065 0.000014 0.096295 0.007380 1.690716
0.896738 0.000094 0.000136 0.000064 0.000013 0.095574 0.007380 1.690725
0.897443 0.000091 0.000131 0.000063 0.000012 0.094878 0.007381 1.690733
0.898145 0.000092 0.000123 0.000060 0.000012 0.094187 0.007381 1.690740
0.898809 0.000090 0.000123 0.000057 0.000013 0.093526 0.007381 1.690747
0.899439 0.000094 0.000119 0.000058 0.000012 0.092897 0.007381 1.690753
0.900101 0.000088 0.000117 0.000059 0.000012 0.092241 0.007381 1.690764
0.900699 0.000087 0.000113 0.000056 0.000011 0.091653 0.007381 1.690773
0.901265 0.000087 0.000104 0.000053 0.000010 0.091098 0.007382 1.690778
0.901798 0.000082 0.000102 0.000049 0.000010 0.090576 0.007382 1.690784
0.902339 0.000073 0.000106 0.000048 0.000010 0.090041 0.007382 1.690798
0.902844 0.000072 0.000106 0.000045 0.000009 0.089543 0.007382 1.690806
0.903312 0.000070 0.000102 0.000043 0.000009 0.089081 0.007382 1.690812
0.903802 0.000067 0.000101 0.000044 0.000009 0.088594 0.007382 1.690820
0.904263 0.000065 0.000096 0.000042 0.000009 0.088142 0.007382 1.690826
0.904712 0.000062 0.000095 0.000043 0.000008 0.087697 0.007382 1.690833
0.905164 0.000060 0.000094 0.000043 0.000008 0.087248 0.007383 1.690838
0.905585 0.000057 0.000094 0.000040 0.000008 0.086834 0.007383 1.690847
0.905993 0.000055 0.000092 0.000040 0.000007 0.086430 0.007383 1.690852
0.906386 0.000051 0.000092 0.000040 0.000007 0.086042 0.007384 1.690859
0.906743 0.000048 0.000091 0.000038 0.000007 0.085688 0.007384 1.690865
0.907133 0.000049 0.000087 0.000038 0.000007 0.085303 0.007384 1.690870
0.907479 0.000048 0.000084 0.000036 0.000007 0.084961 0.007384 1.690874
0.907827 0.000049 0.000084 0.000037 0.000007 0.084612 0.007384 1.690880
0.908177 0.000053 0.000082 0.000036 0.000007 0.084260 0.007384 1.690882
0.908491 0.000051 0.000085 0.000035 0.000007 0.083947 0.007384 1.690890
0.908806 0.000048 0.000081 0.000035 0.000007 0.083639 0.007384 1.690894
0.909125 0.000046 0.000078 0.000032 0.000008 0.083326 0.007384 1.690900
0.909427 0.000045 0.000077 0.000031 0.000007 0.083028 0.007384 1.690904
0.909718 0.000044 0.000078 0.000029 0.000007 0.082741 0.007384 1.690910
0.910021 0.000043 0.000074 0.000031 0.000007 0.082440 0.007384 1.690915
0.910315 0.000042 0.000068 0.000032 0.000007 0.082152 0.007384 1.690919
0.910592 0.000042 0.000066 0.000032 0.000007 0.081877 0.007384 1.690923
0.910875 0.000041 0.000061 0.000033 0.000007 0.081600 0.007384 1.690927
0.911146 0.000039 0.000056 0.000033 0.000007 0.081335 0.007384 1.690931
0.911429 0.000036 0.000053 0.000031 0.000007 0.081059 0.007384 1.690936
0.911663 0.000033 0.000054 0.000029 0.000007 0.080832 0.007384 1.690941
0.911898 0.000033 0.000052 0.000031 0.000006 0.080594 0.007385 1.690947
0.912117 0.000029 0.000054 0.000029 0.000006 0.080381 0.007385 1.690953
0.912362 0.000029 0.000048 0.000031 0.000006 0.080140 0.007385 1.690955
0.912572 0.000024 0.000050 0.000031 0.000006 0.079933 0.007385 1.690961
0.912795 0.000025 0.000047 0.000031 0.000005 0.079711 0.007386 1.690962
0.913007 0.000027 0.000041 0.000027 0.000005 0.079507 0.007386 1.690964
0.913231 0.000029 0.000039 0.000028 0.000004 0.079284 0.007386 1.690964
0.913414 0.000029 0.000039 0.000026 0.000004 0.079103 0.007386 1.690968
0.913590 0.000029 0.000038 0.000023 0.000004 0.078931 0.007386 1.690970
0.913760 0.000029 0.000037 0.000021 0.000003 0.078762 0.007387 1.690973
0.913913 0.000028 0.000034 0.000021 0.000003 0.078613 0.007387 1.690976
0.914057 0.000027 0.000032 0.000022 0.000003 0.078472 0.007387 1.690978
0.914209 0.000027 0.000032 0.000021 0.000003 0.078321 0.007387 1.690979
0.914353 0.000026 0.000029 0.000021 0.000003 0.078180 0.007387 1.690982
0.914492 0.000026 0.000029 0.000021 0.000003 0.078042 0.007388 1.690984
0.914619 0.000028 0.000029 0.000020 0.000003 0.077914 0.007388 1.690985
0.914742 0.000028 0.000028 0.000019 0.000003 0.077793 0.007388 1.690987
0.914886 0.000026 0.000027 0.000016 0.000003 0.077654 0.007388 1.690990
0.914997 0.000026 0.000025 0.000016 0.000003 0.077546 0.007388 1.690991
0.915102 0.000027 0.000024 0.000016 0.000003 0.077440 0.007388 1.690993
0.915209 0.000026 0.000023 0.000016 0.000003 0.077336 0.007388 1.690994
0.915324 0.000026 0.000022 0.000016 0.000003 0.077221 0.007388 1.690996
0.915423 0.000027 0.000022 0.000015 0.000003 0.077124 0.007388 1.690998
0.915527 0.000025 0.000019 0.000015 0.000003 0.077023 0.007388 1.690999
0.915606 0.000026 0.000019 0.000016 0.000003 0.076943 0.007388 1.691001
0.915699 0.000025 0.000020 0.000017 0.000003 0.076848 0.007388 1.691004
0.915781 0.000025 0.000019 0.000015 0.000003 0.076768 0.007388 1.691006
0.915862 0.000023 0.000021 0.000015 0.000003 0.076689 0.007388 1.691011
0.915933 0.000021 0.000022 0.000014 0.000003 0.076620 0.007388 1.691014
0.916001 0.000021 0.000020 0.000013 0.000002 0.076555 0.007388 1.691016
0.916067 0.000019 0.000018 0.000013 0.000002 0.076494 0.007388 1.691019
0.916125 0.000018 0.000017 0.000013 0.000002 0.076437 0.007388 1.691020
0.916179 0.000020 0.000017 0.000014 0.000002 0.076381 0.007388 1.691022
0.916231 0.000021 0.000016 0.000014 0.000002 0.076329 0.007388 1.691023
0.916280 0.000019 0.000016 0.000013 0.000002 0.076282 0.007388 1.691025
0.916333 0.000018 0.000016 0.000013 0.000001 0.076232 0.007389 1.691027
0.916378 0.000020 0.000016 0.000012 0.000001 0.076185 0.007389 1.691028
0.916420 0.000020 0.000016 0.000011 0.000001 0.076143 0.007389 1.691030
0.916475 0.000018 0.000017 0.000012 0.000001 0.076088 0.007389 1.691032
0.916511 0.000020 0.000018 0.000012 0.000001 0.076050 0.007389 1.691033
0.916557 0.000019 0.000018 0.000012 0.000001 0.076005 0.007389 1.691035
0.916596 0.000019 0.000019 0.000012 0.000001 0.075965 0.007389 1.691038
0.916643 0.000017 0.000018 0.000013 0.000001 0.075919 0.007389 1.691040
0.916694 0.000015 0.000019 0.000013 0.000000 0.075870 0.007389 1.691043
0.916734 0.000015 0.000019 0.000013 0.000000 0.075831 0.007389 1.691044
0.916768 0.000014 0.000018 0.000013 0.000000 0.075798 0.007389 1.691045
0.916801 0.000014 0.000016 0.000013 0.000000 0.075767 0.007389 1.691045
0.916834 0.000012 0.000016 0.000014 0.000000 0.075734 0.007389 1.691048
0.916864 0.000010 0.000017 0.000014 0.000000 0.075705 0.007389 1.691050
0.916894 0.000008 0.000016 0.000014 0.000000 0.075680 0.007389 1.691053
0.916925 0.000008 0.000016 0.000013 0.000000 0.075649 0.007389 1.691054
0.916945 0.000008 0.000015 0.000012 0.000000 0.075632 0.007389 1.691055
0.916966 0.000007 0.000016 0.000013 0.000000 0.075610 0.007389 1.691057
0.916989 0.000007 0.000016 0.000013 0.000000 0.075586 0.007389 1.691058
0.917014 0.000006 0.000014 0.000013 0.000000 0.075564 0.007389 1.691059
0.917036 0.000005 0.000016 0.000012 0.000000 0.075542 0.007389 1.691060
0.917061 0.000006 0.000016 0.000012 0.000000 0.075517 0.007389 1.691060
0.917088 0.000007 0.000014 0.000011 0.000000 0.075491 0.007389 1.691061
0.917109 0.000008 0.000014 0.000010 0.000000 0.075471 0.007389 1.691061
0.917129 0.000006 0.000014 0.000010 0.000000 0.075453 0.007389 1.691063
0.917150 0.000006 0.000012 0.000008 0.000000 0.075436 0.007389 1.691063
0.917174 0.000006 0.000011 0.000008 0.000000 0.075412 0.007389 1.691063
0.917191 0.000006 0.000011 0.000008 0.000000 0.075396 0.007389 1.691064
0.917212 0.000006 0.000012 0.000008 0.000000 0.075373 0.007389 1.691065
0.917231 0.000007 0.000010 0.000008 0.000000 0.075355 0.007389 1.691065
0.917250 0.000007 0.000011 0.000008 0.000000 0.075335 0.007389 1.691066
0.917272 0.000007 0.000011 0.000008 0.000000 0.075313 0.007389 1.691066
0.917289 0.000007 0.000011 0.000008 0.000000 0.075297 0.007389 1.691066
0.917308 0.000007 0.000010 0.000008 0.000000 0.075279 0.007389 1.691067
0.917328 0.000007 0.000010 0.000008 0.000000 0.075259 0.007389 1.691067
0.917345 0.000007 0.000009 0.000008 0.000000 0.075243 0.007389 1.691068
0.917363 0.000006 0.000009 0.000008 0.000000 0.075225 0.007389 1.691068
0.917380 0.000008 0.000009 0.000008 0.000000 0.075206 0.007389 1.691068
0.917399 0.000008 0.000008 0.000006 0.000000 0.075189 0.007389 1.691069
0.917419 0.000008 0.000008 0.000007 0.000000 0.075169 0.007389 1.691070
0.917438 0.000008 0.000008 0.000007 0.000000 0.075150 0.007389 1.691070
0.917457 0.000008 0.000006 0.000007 0.000000 0.075134 0.007389 1.691070
0.917466 0.000008 0.000007 0.000005 0.000000 0.075126 0.007389 1.691071
0.917484 0.000008 0.000006 0.000005 0.000000 0.075108 0.007389 1.691071
0.917493 0.000006 0.000006 0.000006 0.000000 0.075100 0.007389 1.691072
0.917501 0.000007 0.000006 0.000006 0.000000 0.075092 0.007389 1.691072
0.917512 0.000008 0.000006 0.000006 0.000000 0.075080 0.007389 1.691072
0.917521 0.000008 0.000006 0.000005 0.000000 0.075071 0.007389 1.691073
0.917532 0.000007 0.000007 0.000005 0.000000 0.075060 0.007389 1.691074
0.917546 0.000007 0.000007 0.000005 0.000000 0.075046 0.007389 1.691074
0.917556 0.000005 0.000008 0.000005 0.000000 0.075036 0.007389 1.691076
0.917566 0.000006 0.000008 0.000005 0.000000 0.075026 0.007389 1.691076
0.917575 0.000006 0.000008 0.000005 0.000000 0.075018 0.007389 1.691077
0.917580 0.000007 0.000008 0.000005 0.000000 0.075012 0.007389 1.691077
0.917586 0.000006 0.000009 0.000005 0.000000 0.075005 0.007389 1.691078
0.917591 0.000006 0.000010 0.000005 0.000000 0.075000 0.007389 1.691079
0.917600 0.000005 0.000010 0.000005 0.000001 0.074991 0.007389 1.691080
0.917610 0.000005 0.000010 0.000005 0.000001 0.074981 0.007389 1.691080
0.917618 0.000006 0.000009 0.000005 0.000001 0.074973 0.007389 1.691081
0.917626 0.000005 0.000008 0.000005 0.000001 0.074966 0.007389 1.691082
0.917637 0.000006 0.000008 0.000005 0.000001 0.074956 0.007389 1.691082
0.917646 0.000006 0.000008 0.000005 0.000001 0.074947 0.007389 1.691083
0.917654 0.000006 0.000007 0.000004 0.000001 0.074941 0.007389 1.691083
0.917662 0.000005 0.000007 0.000004 0.000000 0.074934 0.007389 1.691083
0.917668 0.000005 0.000008 0.000004 0.000000 0.074927 0.007389 1.691084
0.917674 0.000003 0.000008 0.000004 0.000000 0.074922 0.007389 1.691085
0.917682 0.000003 0.000008 0.000004 0.000000 0.074914 0.007389 1.691086
0.917686 0.000005 0.000008 0.000004 0.000000 0.074908 0.007389 1.691086
0.917692 0.000004 0.000008 0.000004 0.000000 0.074903 0.007389 1.691086
0.917698 0.000004 0.000007 0.000004 0.000000 0.074899 0.007389 1.691086
0.917704 0.000005 0.000006 0.000004 0.000000 0.074893 0.007389 1.691086
0.917707 0.000005 0.000007 0.000003 0.000000 0.074889 0.007389 1.691087
0.917713 0.000005 0.000006 0.000004 0.000000 0.074883 0.007389 1.691088
0.917718 0.000006 0.000006 0.000004 0.000000 0.074878 0.007389 1.691088
0.917724 0.000006 0.000006 0.000005 0.000000 0.074872 0.007389 1.691088
0.917728 0.000005 0.000005 0.000005 0.000000 0.074868 0.007389 1.691089
0.917736 0.000005 0.000005 0.000005 0.000000 0.074861 0.007389 1.691089
0.917744 0.000004 0.000004 0.000005 0.000000 0.074854 0.007389 1.691090
0.917750 0.000003 0.000005 0.000005 0.000000 0.074849 0.007389 1.691091
0.917755 0.000003 0.000005 0.000004 0.000001 0.074844 0.007389 1.691091
0.917760 0.000003 0.000004 0.000004 0.000001 0.074840 0.007389 1.691091
0.917763 0.000003 0.000005 0.000004 0.000001 0.074836 0.007389 1.691091
0.917768 0.000003 0.000004 0.000004 0.000001 0.074832 0.007389 1.691092
0.917774 0.000003 0.000003 0.000004 0.000001 0.074828 0.007389 1.691093
0.917775 0.000003 0.000003 0.000004 0.000001 0.074827 0.007389 1.691093
0.917780 0.000003 0.000003 0.000004 0.000001 0.074821 0.007389 1.691093
0.917784 0.000003 0.000003 0.000004 0.000001 0.074818 0.007389 1.691093
0.917787 0.000003 0.000004 0.000004 0.000001 0.074814 0.007389 1.691094
0.917792 0.000003 0.000004 0.000004 0.000001 0.074809 0.007389 1.691094
0.917797 0.000003 0.000004 0.000003 0.000001 0.074804 0.007389 1.691095
0.917802 0.000003 0.000004 0.000003 0.000001 0.074800 0.007389 1.691095
0.917805 0.000003 0.000004 0.000004 0.000001 0.074796 0.007389 1.691096
0.917807 0.000003 0.000004 0.000003 0.000001 0.074794 0.007389 1.691096
0.917810 0.000003 0.000003 0.000003 0.000001 0.074792 0.007389 1.691097
0.917811 0.000003 0.000003 0.000003 0.000001 0.074790 0.007389 1.691097
0.917814 0.000003 0.000003 0.000003 0.000001 0.074788 0.007389 1.691097
0.917817 0.000003 0.000003 0.000003 0.000000 0.074785 0.007389 1.691097
0.917819 0.000003 0.000003 0.000002 0.000000 0.074784 0.007389 1.691097
0.917821 0.000003 0.000003 0.000002 0.000000 0.074782 0.007389 1.691097
0.917824 0.000003 0.000003 0.000002 0.000000 0.074779 0.007389 1.691097
0.917825 0.000003 0.000003 0.000002 0.000000 0.074778 0.007389 1.691097
0.917829 0.000003 0.000003 0.000002 0.000000 0.074775 0.007389 1.691098
0.917829 0.000003 0.000003 0.000001 0.000000 0.074775 0.007389 1.691098
0.917829 0.000003 0.000003 0.000001 0.000000 0.074775 0.007389 1.691098
0.917830 0.000003 0.000003 0.000001 0.000000 0.074774 0.007389 1.691098
0.917830 0.000002 0.000003 0.000001 0.000000 0.074774 0.007389 1.691099
0.917832 0.000001 0.000003 0.000001 0.000000 0.074773 0.007389 1.691099
0.917831 0.000003 0.000003 0.000001 0.000000 0.074773 0.007389 1.691099
0.917831 0.000001 0.000005 0.000001 0.000000 0.074773 0.007389 1.691100
0.917831 0.000001 0.000005 0.000001 0.000000 0.074773 0.007389 1.691101
0.917831 0.000000 0.000006 0.000001 0.000000 0.074773 0.007389 1.691101
0.917832 0.000000 0.000005 0.000001 0.000000 0.074773 0.007389 1.691101
0.917833 0.000000 0.000005 0.000001 0.000000 0.074772 0.007389 1.691101
0.917833 0.000001 0.000005 0.000001 0.000000 0.074772 0.007389 1.691101
0.917836 0.000001 0.000004 0.000001 0.000000 0.074770 0.007389 1.691101
0.917837 0.000001 0.000004 0.000001 0.000000 0.074769 0.007389 1.691101
0.917837 0.000000 0.000003 0.000001 0.000000 0.074769 0.007389 1.691102
0.917837 0.000000 0.000003 0.000001 0.000000 0.074769 0.007389 1.691102
0.917838 0.000000 0.000003 0.000001 0.000000 0.074768 0.007389 1.691102
0.917838 0.000000 0.000003 0.000001 0.000000 0.074768 0.007389 1.691102
0.917838 0.000001 0.000003 0.000001 0.000000 0.074768 0.007389 1.691102
0.917839 0.000001 0.000003 0.000001 0.000000 0.074766 0.007389 1.691102
0.917839 0.000001 0.000003 0.000001 0.000000 0.074766 0.007389 1.691102
0.917840 0.000001 0.000003 0.000001 0.000000 0.074766 0.007389 1.691102
0.917841 0.000001 0.000002 0.000001 0.000000 0.074766 0.007389 1.691102
0.917842 0.000001 0.000001 0.000001 0.000000 0.074765 0.007389 1.691102
0.917843 0.000001 0.000001 0.000001 0.000000 0.074765 0.007389 1.691102
0.917843 0.000001 0.000001 0.000001 0.000000 0.074764 0.007389 1.691102
0.917843 0.000002 0.000001 0.000001 0.000000 0.074764 0.007389 1.691102
0.917843 0.000001 0.000002 0.000001 0.000000 0.074764 0.007389 1.691103
0.917843 0.000002 0.000002 0.000001 0.000000 0.074764 0.007389 1.691103
0.917842 0.000003 0.000001 0.000001 0.000000 0.074763 0.007389 1.691103
0.917843 0.000004 0.000001 0.000001 0.000000 0.074762 0.007389 1.691103
0.917843 0.000004 0.000002 0.000001 0.000000 0.074762 0.007389 1.691103
0.917842 0.000003 0.000003 0.000001 0.000000 0.074762 0.007389 1.691104
0.917843 0.000003 0.000003 0.000001 0.000000 0.074761 0.007389 1.691104
0.917842 0.000004 0.000003 0.000001 0.000000 0.074761 0.007389 1.691104
0.917842 0.000004 0.000003 0.000001 0.000000 0.074761 0.007389 1.691105
0.917843 0.000003 0.000003 0.000002 0.000000 0.074760 0.007389 1.691105
0.917843 0.000003 0.000003 0.000002 0.000000 0.074760 0.007389 1.691105
0.917844 0.000003 0.000003 0.000002 0.000000 0.074759 0.007389 1.691105
0.917844 0.000003 0.000003 0.000002 0.000000 0.074760 0.007389 1.691105
0.917844 0.000003 0.000002 0.000003 0.000000 0.074760 0.007389 1.691106
0.917844 0.000003 0.000003 0.000003 0.000000 0.074759 0.007389 1.691106
0.917845 0.000003 0.000003 0.000002 0.000000 0.074759 0.007389 1.691106
0.917844 0.000003 0.000003 0.000002 0.000000 0.074759 0.007389 1.691107
0.917844 0.000003 0.000003 0.000002 0.000000 0.074760 0.007389 1.691107
0.917844 0.000001 0.000003 0.000003 0.000000 0.074760 0.007389 1.691108
0.917844 0.000001 0.000003 0.000003 0.000000 0.074760 0.007389 1.691108
0.917845 0.000001 0.000002 0.000003 0.000000 0.074760 0.007389 1.691108
0.917845 0.000001 0.000001 0.000003 0.000000 0.074760 0.007389 1.691109
0.917846 0.000001 0.000001 0.000002 0.000000 0.074761 0.007389 1.691109
0.917846 0.000001 0.000001 0.000001 0.000000 0.074761 0.007389 1.691109
0.917846 0.000001 0.000001 0.000001 0.000000 0.074762 0.007389 1.691109
0.917846 0.000001 0.000000 0.000001 0.000000 0.074762 0.007389 1.691109
0.917846 0.000001 0.000000 0.000001 0.000000 0.074762 0.007389 1.691109
0.917846 0.000001 0.000000 0.000001 0.000000 0.074761 0.007389 1.691109
0.917848 0.000001 0.000000 0.000001 0.000000 0.074760 0.007389 1.691109
0.917849 0.000001 0.000000 0.000001 0.000000 0.074759 0.007389 1.691109
0.917850 0.000001 0.000000 0.000001 0.000000 0.074758 0.007389 1.691109
0.917852 0.000001 0.000000 0.000001 0.000000 0.074757 0.007389 1.691109
0.917852 0.000001 0.000000 0.000001 0.000000 0.074757 0.007389 1.691109
0.917852 0.000001 0.000000 0.000001 0.000000 0.074757 0.007389 1.691109
0.917853 0.000001 0.000000 0.000001 0.000000 0.074756 0.007389 1.691109
0.917854 0.000001 0.000000 0.000001 0.000000 0.074755 0.007389 1.691109
0.917855 0.000001 0.000000 0.000001 0.000000 0.074754 0.007389 1.691109
0.917855 0.000001 0.000000 0.000001 0.000000 0.074753 0.007389 1.691109
0.917855 0.000000 0.000000 0.000001 0.000000 0.074753 0.007389 1.691110
0.917856 0.000001 0.000000 0.000001 0.000000 0.074752 0.007389 1.691110
0.917856 0.000000 0.000000 0.000002 0.000000 0.074751 0.007389 1.691110
0.917857 0.000000 0.000000 0.000002 0.000000 0.074751 0.007389 1.691110
0.917857 0.000000 0.000000 0.000002 0.000000 0.074750 0.007389 1.691110
0.917858 0.000000 0.000000 0.000002 0.000000 0.074750 0.007389 1.691110
0.917858 0.000000 0.000000 0.000001 0.000000 0.074750 0.007389 1.691110
0.917859 0.000000 0.000000 0.000001 0.000000 0.074750 0.007389 1.691110
0.917860 0.000000 0.000000 0.000001 0.000000 0.074749 0.007389 1.691110
0.917860 0.000000 0.000000 0.000001 0.000000 0.074749 0.007389 1.691110
0.917861 0.000000 0.000000 0.000001 0.000000 0.074748 0.007389 1.691110
0.917861 0.000000 0.000000 0.000001 0.000000 0.074749 0.007389 1.691110
0.917861 0.000000 0.000000 0.000001 0.000000 0.074748 0.007389 1.691110
0.917862 0.000000 0.000000 0.000001 0.000000 0.074748 0.007389 1.691110
0.917862 0.000000 0.000000 0.000001 0.000000 0.074747 0.007389 1.691110
0.917863 0.000000 0.000000 0.000001 0.000000 0.074747 0.007389 1.691110
0.917863 0.000000 0.000000 0.000001 0.000000 0.074747 0.007389 1.691110
0.917863 0.000000 0.000000 0.000001 0.000000 0.074747 0.007389 1.691111
0.917864 0.000000 0.000000 0.000001 0.000000 0.074746 0.007389 1.691111
0.917864 0.000000 0.000000 0.000001 0.000000 0.074746 0.007389 1.691111
0.917864 0.000000 0.000000 0.000001 0.000000 0.074746 0.007389 1.691111
0.917865 0.000000 0.000000 0.000001 0.000000 0.074745 0.007389 1.691111
0.917865 0.000000 0.000000 0.000001 0.000000 0.074745 0.007389 1.691111
0.917866 0.000000 0.000000 0.000001 0.000000 0.074744 0.007389 1.691111
0.917866 0.000000 0.000000 0.000001 0.000000 0.074744 0.007389 1.691111
0.917867 0.000000 0.000000 0.000001 0.000000 0.074743 0.007389 1.691111
0.917867 0.000000 0.000000 0.000000 0.000000 0.074744 0.007389 1.691111
0.917867 0.000000 0.000000 0.000000 0.000000 0.074743 0.007389 1.691111
0.917868 0.000000 0.000000 0.000000 0.000000 0.074743 0.007389 1.691111
0.917868 0.000000 0.000000 0.000000 0.000000 0.074743 0.007389 1.691111
0.917868 0.000000 0.000000 0.000000 0.000000 0.074743 0.007389 1.691111
0.917868 0.000000 0.000000 0.000000 0.000000 0.074743 0.007389 1.691111
0.917868 0.000000 0.000000 0.000000 0.000000 0.074743 0.007389 1.691111
0.917868 0.000000 0.000000 0.000000 0.000000 0.074743 0.007389 1.691111
0.917868 0.000000 0.000000 0.000000 0.000000 0.074743 0.007389 1.691111
0.917868 0.000000 0.000000 0.000000 0.000000 0.074743 0.007389 1.691111
0.917868 0.000000 0.000000 0.000000 0.000000 0.074743 0.007389 1.691111
0.917868 0.000000 0.000000 0.000000 0.000000 0.074743 0.007389 1.691111
0.917868 0.000000 0.000000 0.000000 0.000000 0.074743 0.007389 1.691111
0.917868 0.000000 0.000000 0.000000 0.000000 0.074743 0.007389 1.691111
0.917868 0.000000 0.000000 0.000000 0.000000 0.074743 0.007389 1.691111
0.917868 0.000000 0.000000 0.000000 0.000000 0.074743 0.007389 1.691111
0.917868 0.000000 0.000000 0.000000 0.000000 0.074743 0.007389 1.691111
0.917868 0.000000 0.000000 0.000000 0.000000 0.074743 0.007389 1.691111
0.917868 0.000000 0.000000 0.000000 0.000000 0.074743 0.007389 1.691111
0.917868 0.000000 0.000000 0.000000 0.000000 0.074743 0.007389 1.691111
0.917868 0.000000 0.000000 0.000000 0.000000 0.074743 0.007389 1.691111
0.917868 0.000000 0.000000 0.000000 0.000000 0.074743 0.007389 1.691111
0.917868 0.000000 0.000000 0.000000 0.000000 0.074743 0.007389 1.691111
0.917868 0.000000 0.000000 0.000000 0.000000 0.074743 0.007389 1.691111
0.917868 0.000000 0.000000 0.000000 0.000000 0.074743 0.007389 1.691111
0.917868 0.000000 0.000000 0.000000 0.000000 0.074743 0.007389 1.691111
0.917868 0.000000 0.000000 0.000000 0.000000 0.074743 0.007389 1.691111
0.917868 0.000000 0.000000 0.000000 0.000000 0.074743 0.007389 1.691111
0.917868 0.000000 0.000000 0.000000 0.000000 0.074743 0.007389 1.691111
0.917868 0.000000 0.000000 0.000000 0.000000 0.074743 0.007389 1.691111
0.917868 0.000000 0.000000 0.000000 0.000000 0.074743 0.007389 1.691111
0.917868 0.000000 0.000000 0.000000 0.000000 0.074743 0.007389 1.691111
0.917868 0.000000 0.000000 0.000000 0.000000 0.074743 0.007389 1.691111
0.917868 0.000000 0.000000 0.000000 0.000000 0.074743 0.007389 1.691111
0.917868 0.000000 0.000000 0.000000 0.000000 0.074743 0.007389 1.691111
0.917868 0.000000 0.000000 0.000000 0.000000 0.074743 0.007389 1.691111
0.917868 0.000000 0.000000 0.000000 0.000000 0.074743 0.007389 1.691111
0.917868 0.000000 0.000000 0.000000 0.000000 0.074743 0.007389 1.691111
0.917868 0.000000 0.000000 0.000000 0.000000 0.074743 0.007389 1.691111
0.917868 0.000000 0.000000 0.000000 0.000000 0.074743 0.007389 1.691111
0.917868 0.000000 0.000000 0.000000 0.000000 0.074743 0.007389 1.691111
0.917868 0.000000 0.000000 0.000000 0.000000 0.074743 0.007389 1.691111
0.917868 0.000000 0.000000 0.000000 0.000000 0.074743 0.007389 1.691111
0.917868 0.000000 0.000000 0.000000 0.000000 0.074743 0.007389 1.691111
0.917868 0.000000 0.000000 0.000000 0.000000 0.074743 0.007389 1.691111
0.917868 0.000000 0.000000 0.000000 0.000000 0.074743 0.007389 1.691111
0.917868 0.000000 0.000000 0.000000 0.000000 0.074743 0.007389 1.691111
0.917868 0.000000 0.000000 0.000000 0.000000 0.074743 0.007389 1.691111
0.917868 0.000000 0.000000 0.000000 0.000000 0.074743 0.007389 1.691111
0.917868 0.000000 0.000000 0.000000 0.000000 0.074743 0.007389 1.691111
0.917868 0.000000 0.000000 0.000000 0.000000 0.074743 0.007389 1.691111
0.917868 0.000000 0.000000 0.000000 0.000000 0.074743 0.007389 1.691111
0.917868 0.000000 0.000000 0.000000 0.000000 0.074743 0.007389 1.691111
0.917868 0.000000 0.000000 0.000000 0.000000 0.074743 0.007389 1.691111
0.917868 0.000000 0.000000 0.000000 0.000000 0.074743 0.007389 1.691111
0.917868 0.000000 0.000000 0.000000 0.000000 0.074743 0.007389 1.691111
0.917868 0.000000 0.000000 0.000000 0.000000 0.074743 0.007389 1.691111
0.917868 0.000000 0.000000 0.000000 0.000000 0.074743 0.007389 1.691111
0.917868 0.000000 0.000000 0.000000 0.000000 0.074743 0.007389 1.691111
0.917868 0.000000 0.000000 0.000000 0.000000 0.074743 0.007389 1.691111
0.917868 0.000000 0.000000 0.000000 0.000000 0.074743 0.007389 1.691111
0.917868 0.000000 0.000000 0.000000 0.000000 0.074743 0.007389 1.691111
0.917868 0.000000 0.000000 0.000000 0.000000 0.074743 0.007389 1.691111
0.917868 0.000000 0.000000 0.000000 0.000000 0.074743 0.007389 1.691111
0.917868 0.000000 0.000000 0.000000 0.000000 0.074743 0.007389 1.691111
0.917868 0.000000 0.000000 0.000000 0.000000 0.074743 0.007389 1.691111
0.917868 0.000000 0.000000 0.000000 0.000000 0.074743 0.007389 1.691111
0.917868 0.000000 0.000000 0.000000 0.000000 0.074743 0.007389 1.691111
0.917868 0.000000 0.000000 0.000000 0.000000 0.074743 0.007389 1.691111
0.917868 0.000000 0.000000 0.000000 0.000000 0.074743 0.007389 1.691111
0.917868 0.000000 0.000000 0.000000 0.000000 0.074743 0.007389 1.691111
0.917868 0.000000 0.000000 0.000000 0.000000 0.074743 0.007389 1.691111
0.917868 0.000000 0.000000 0.000000 0.000000 0.074743 0.007389 1.691111
0.917868 0.000000 0.000000 0.000000 0.000000 0.074743 0.007389 1.691111
0.917868 0.000000 0.000000 0.000000 0.000000 0.074743 0.007389 1.691111
0.917868 0.000000 0.000000 0.000000 0.000000 0.074743 0.007389 1.691111
0.917868 0.000000 0.000000 0.000000 0.000000 0.074743 0.007389 1.691111
0.917868 0.000000 0.000000 0.000000 0.000000 0.074743 0.007389 1.691111
0.917868 0.000000 0.000000 0.000000 0.000000 0.074743 0.007389 1.691111
0.917868 0.000000 0.000000 0.000000 0.000000 0.074743 0.007389 1.691111
0.917868 0.000000 0.000000 0.000000 0.000000 0.074743 0.007389 1.691111
0.917868 0.000000 0.000000 0.000000 0.000000 0.074743 0.007389 1.691111
0.917868 0.000000 0.000000 0.000000 0.000000 0.074743 0.007389 1.691111
0.917868 0.000000 0.000000 0.000000 0.000000 0.074743 0.007389 1.691111
0.917868 0.000000 0.000000 0.000000 0.000000 0.074743 0.007389 1.691111
0.917868 0.000000 0.000000 0.000000 0.000000 0.074743 0.007389 1.691111
0.917868 0.000000 0.000000 0.000000 0.000000 0.074743 0.007389 1.691111
0.917868 0.000000 0.000000 0.000000 0.000000 0.074743 0.007389 1.691111
0.917868 0.000000 0.000000 0.000000 0.000000 0.074743 0.007389 1.691111
0.917868 0.000000 0.000000 0.000000 0.000000 0.074743 0.007389 1.691111
0.917868 0.000000 0.000000 0.000000 0.000000 0.074743 0.007389 1.691111
0.917868 0.000000 0.000000 0.000000 0.000000 0.074743 0.007389 1.691111
0.917868 0.000000 0.000000 0.000000 0.000000 0.074743 0.007389 1.691111
0.917868 0.000000 0.000000 0.000000 0.000000 0.074743 0.007389 1.691111
0.917868 0.000000 0.000000 0.000000 0.000000 0.074743 0.007389 1.691111
0.917868 0.000000 0.000000 0.000000 0.000000 0.074743 0.007389 1.691111
0.917868 0.000000 0.000000 0.000000 0.000000 0.074743 0.007389 1.691111
0.917868 0.000000 0.000000 0.000000 0.000000 0.074743 0.007389 1.691111
0.917868 0.000000 0.000000 0.000000 0.000000 0.074743 0.007389 1.691111
0.917868 0.000000 0.000000 0.000000 0.000000 0.074743 0.007389 1.691111
0.917868 0.000000 0.000000 0.000000 0.000000 0.074743 0.007389 1.691111
0.917868 0.000000 0.000000 0.000000 0.000000 0.074743 0.007389 1.691111
0.917868 0.000000 0.000000 0.000000 0.000000 0.074743 0.007389 1.691111
0.917868 0.000000 0.000000 0.000000 0.000000 0.074743 0.007389 1.691111
0.917868 0.000000 0.000000 0.000000 0.000000 0.074743 0.007389 1.691111
0.917868 0.000000 0.000000 0.000000 0.000000 0.074743 0.007389 1.691111
0.917868 0.000000 0.000000 0.000000 0.000000 0.074743 0.007389 1.691111
0.917868 0.000000 0.000000 0.000000 0.000000 0.074743 0.007389 1.691111
0.917868 0.000000 0.000000 0.000000 0.000000 0.074743 0.007389 1.691111
0.917868 0.000000 0.000000 0.000000 0.000000 0.074743 0.007389 1.691111
0.917868 0.000000 0.000000 0.000000 0.000000 0.074743 0.007389 1.691111
0.917868 0.000000 0.000000 0.000000 0.000000 0.074743 0.007389 1.691111
0.917868 0.000000 0.000000 0.000000 0.000000 0.074743 0.007389 1.691111
0.917868 0.000000 0.000000 0.000000 0.000000 0.074743 0.007389 1.691111
0.917868 0.000000 0.000000 0.000000 0.000000 0.074743 0.007389 1.691111
0.917868 0.000000 0.000000 0.000000 0.000000 0.074743 0.007389 1.691111
0.917868 0.000000 0.000000 0.000000 0.000000 0.074743 0.007389 1.691111
0.917868 0.000000 0.000000 0.000000 0.000000 0.074743 0.007389 1.691111
0.917868 0.000000 0.000000 0.000000 0.000000 0.074743 0.007389 1.691111
