0.360205 0.061409 0.054839 0.031675 0.002010 0.483969 0.005893 1.588429
0.362213 0.059550 0.054775 0.031505 0.002025 0.484014 0.005918 1.594356
0.364957 0.057263 0.054531 0.031325 0.002019 0.483966 0.005940 1.600057
0.367899 0.054839 0.054198 0.031004 0.002031 0.484068 0.005959 1.605602
0.371101 0.052421 0.053763 0.030699 0.002027 0.484005 0.005985 1.610887
0.374504 0.050076 0.053268 0.030206 0.002025 0.483909 0.006014 1.615838
0.378070 0.047792 0.052529 0.029778 0.002019 0.483773 0.006040 1.620596
0.381761 0.045572 0.051699 0.029336 0.002004 0.483566 0.006062 1.625165
0.385576 0.043366 0.050901 0.028785 0.001995 0.483291 0.006086 1.629561
0.389501 0.041298 0.050046 0.028166 0.002011 0.482876 0.006103 1.633741
0.393397 0.039392 0.049078 0.027512 0.002003 0.482490 0.006128 1.637724
0.397569 0.037573 0.047985 0.026880 0.002004 0.481834 0.006154 1.641480
0.401714 0.035833 0.046840 0.026222 0.002001 0.481213 0.006176 1.645091
0.406020 0.034161 0.045739 0.025552 0.002009 0.480317 0.006202 1.648512
0.410272 0.032511 0.044672 0.024992 0.001994 0.479329 0.006229 1.651840
0.414648 0.031083 0.043508 0.024310 0.001990 0.478209 0.006253 1.654925
0.419119 0.029602 0.042436 0.023679 0.001975 0.476910 0.006280 1.657973
0.423469 0.028356 0.041287 0.023046 0.001963 0.475576 0.006303 1.660770
0.427850 0.027122 0.040183 0.022364 0.001935 0.474212 0.006333 1.663482
0.432365 0.025957 0.039056 0.021723 0.001922 0.472618 0.006358 1.666070
0.436802 0.024783 0.037941 0.021100 0.001902 0.471085 0.006385 1.668608
0.441367 0.023761 0.036786 0.020415 0.001885 0.469378 0.006407 1.670962
0.445950 0.022779 0.035651 0.019770 0.001857 0.467567 0.006427 1.673242
0.450517 0.021859 0.034626 0.019148 0.001833 0.465565 0.006451 1.675426
0.455094 0.021013 0.033533 0.018595 0.001826 0.463465 0.006474 1.677506
0.459724 0.020141 0.032448 0.018004 0.001811 0.461373 0.006499 1.679532
0.464267 0.019398 0.031364 0.017442 0.001777 0.459228 0.006525 1.681444
0.468990 0.018632 0.030397 0.016865 0.001753 0.456819 0.006545 1.683329
0.473606 0.017978 0.029322 0.016320 0.001728 0.454479 0.006566 1.685070
0.478164 0.017277 0.028411 0.015776 0.001698 0.452086 0.006588 1.686813
0.482754 0.016640 0.027478 0.015212 0.001676 0.449632 0.006608 1.688475
0.487404 0.016081 0.026562 0.014684 0.001658 0.446981 0.006631 1.690046
0.491947 0.015506 0.025698 0.014145 0.001632 0.444419 0.006652 1.691578
0.496438 0.014982 0.024837 0.013666 0.001604 0.441800 0.006673 1.693073
0.501045 0.014470 0.024036 0.013196 0.001584 0.438980 0.006690 1.694509
0.505566 0.013981 0.023275 0.012749 0.001570 0.436155 0.006705 1.695896
0.510223 0.013499 0.022561 0.012307 0.001544 0.433143 0.006724 1.697259
0.514774 0.013095 0.021814 0.011881 0.001506 0.430185 0.006746 1.698537
0.519345 0.012681 0.021117 0.011485 0.001478 0.427130 0.006763 1.699820
0.523906 0.012309 0.020421 0.011089 0.001448 0.424046 0.006782 1.700995
0.528301 0.011947 0.019721 0.010741 0.001419 0.421069 0.006804 1.702171
0.532823 0.011593 0.019085 0.010377 0.001397 0.417897 0.006827 1.703316
0.537154 0.011219 0.018560 0.010055 0.001363 0.414799 0.006851 1.704470
0.541626 0.010865 0.017951 0.009730 0.001337 0.411625 0.006868 1.705569
0.545924 0.010514 0.017385 0.009427 0.001309 0.408551 0.006891 1.706638
0.550202 0.010259 0.016802 0.009101 0.001290 0.405434 0.006912 1.707655
0.554557 0.009961 0.016253 0.008812 0.001268 0.402221 0.006928 1.708651
0.558902 0.009720 0.015757 0.008533 0.001241 0.398903 0.006946 1.709624
0.563121 0.009462 0.015260 0.008245 0.001205 0.395744 0.006964 1.710553
0.567422 0.009235 0.014779 0.007963 0.001185 0.392441 0.006976 1.711449
0.571571 0.009002 0.014275 0.007682 0.001153 0.389325 0.006991 1.712333
0.575833 0.008781 0.013820 0.007468 0.001128 0.385965 0.007005 1.713197
0.580066 0.008541 0.013410 0.007234 0.001097 0.382627 0.007025 1.714048
0.584215 0.008361 0.012972 0.007040 0.001070 0.379300 0.007042 1.714837
0.588315 0.008134 0.012610 0.006836 0.001054 0.375999 0.007052 1.715675
0.592498 0.007893 0.012259 0.006630 0.001034 0.372622 0.007064 1.716491
0.596584 0.007696 0.011926 0.006431 0.001017 0.369273 0.007073 1.717274
0.600544 0.007477 0.011591 0.006264 0.000993 0.366041 0.007090 1.718066
0.604547 0.007308 0.011285 0.006050 0.000972 0.362737 0.007101 1.718795
0.608419 0.007183 0.010924 0.005878 0.000947 0.359533 0.007116 1.719490
0.612399 0.007028 0.010571 0.005681 0.000930 0.356266 0.007127 1.720173
0.616281 0.006893 0.010278 0.005487 0.000908 0.353009 0.007144 1.720838
0.620196 0.006711 0.009996 0.005322 0.000881 0.349734 0.007160 1.721518
0.623978 0.006552 0.009720 0.005189 0.000857 0.346529 0.007175 1.722192
0.627708 0.006435 0.009453 0.005063 0.000828 0.343325 0.007190 1.722824
0.631492 0.006286 0.009184 0.004932 0.000808 0.340096 0.007203 1.723446
0.635146 0.006208 0.008917 0.004795 0.000787 0.336933 0.007215 1.724049
0.638868 0.006097 0.008672 0.004670 0.000771 0.333697 0.007225 1.724639
0.642544 0.005951 0.008471 0.004555 0.000755 0.330490 0.007234 1.725248
0.646171 0.005879 0.008245 0.004439 0.000734 0.327287 0.007245 1.725798
0.649769 0.005791 0.008026 0.004324 0.000719 0.324116 0.007255 1.726352
0.653254 0.005716 0.007855 0.004227 0.000697 0.320985 0.007266 1.726933
0.656864 0.005642 0.007657 0.004108 0.000679 0.317778 0.007274 1.727463
0.660387 0.005555 0.007482 0.004009 0.000661 0.314624 0.007283 1.727994
0.663852 0.005445 0.007341 0.003894 0.000641 0.311531 0.007296 1.728545
0.667352 0.005359 0.007186 0.003782 0.000629 0.308391 0.007302 1.729079
0.670735 0.005258 0.007019 0.003708 0.000615 0.305357 0.007308 1.729610
0.674135 0.005204 0.006853 0.003620 0.000603 0.302267 0.007317 1.730098
0.677531 0.005110 0.006701 0.003536 0.000583 0.299214 0.007324 1.730591
0.680834 0.005031 0.006553 0.003462 0.000577 0.296218 0.007326 1.731095
0.684117 0.004946 0.006413 0.003395 0.000564 0.293231 0.007333 1.731589
0.687284 0.004892 0.006278 0.003344 0.000553 0.290309 0.007339 1.732089
0.690546 0.004811 0.006144 0.003290 0.000538 0.287324 0.007347 1.732570
0.693731 0.004701 0.006050 0.003215 0.000528 0.284421 0.007355 1.733058
0.696890 0.004612 0.005938 0.003138 0.000514 0.281547 0.007362 1.733526
0.699987 0.004557 0.005832 0.003098 0.000502 0.278653 0.007370 1.733981
0.703043 0.004510 0.005702 0.003027 0.000488 0.275852 0.007378 1.734419
0.706084 0.004452 0.005588 0.002979 0.000473 0.273039 0.007385 1.734876
0.709092 0.004401 0.005485 0.002929 0.000465 0.270241 0.007389 1.735312
0.712108 0.004338 0.005385 0.002865 0.000449 0.267459 0.007395 1.735742
0.715014 0.004280 0.005276 0.002830 0.000434 0.264765 0.007402 1.736180
0.718034 0.004213 0.005170 0.002754 0.000426 0.261998 0.007406 1.736593
0.720972 0.004163 0.005072 0.002678 0.000417 0.259284 0.007413 1.737009
0.723791 0.004113 0.004952 0.002628 0.000407 0.256690 0.007421 1.737419
0.726697 0.004061 0.004848 0.002586 0.000395 0.253985 0.007429 1.737821
0.729510 0.004006 0.004763 0.002526 0.000385 0.251375 0.007434 1.738212
0.732306 0.003967 0.004683 0.002481 0.000384 0.248743 0.007437 1.738603
0.735028 0.003926 0.004628 0.002419 0.000372 0.246182 0.007444 1.738994
0.737787 0.003896 0.004547 0.002362 0.000363 0.243595 0.007451 1.739365
0.740489 0.003872 0.004477 0.002318 0.000357 0.241031 0.007456 1.739741
0.743141 0.003830 0.004442 0.002269 0.000345 0.238510 0.007462 1.740136
0.745742 0.003806 0.004390 0.002224 0.000331 0.236039 0.007469 1.740502
0.748303 0.003781 0.004347 0.002189 0.000327 0.233582 0.007472 1.740876
0.750889 0.003777 0.004259 0.002160 0.000325 0.231113 0.007477 1.741228
0.753381 0.003741 0.004208 0.002137 0.000319 0.228733 0.007481 1.741604
0.755939 0.003680 0.004168 0.002095 0.000310 0.226322 0.007486 1.741968
0.758478 0.003652 0.004116 0.002065 0.000306 0.223892 0.007492 1.742322
0.760965 0.003619 0.004070 0.002051 0.000300 0.221500 0.007496 1.742681
0.763349 0.003618 0.003993 0.002034 0.000293 0.219214 0.007500 1.743032
0.765756 0.003580 0.003969 0.002033 0.000287 0.216870 0.007505 1.743400
0.768127 0.003581 0.003911 0.002004 0.000278 0.214590 0.007509 1.743733
0.770433 0.003538 0.003881 0.001962 0.000273 0.212401 0.007513 1.744092
0.772741 0.003495 0.003841 0.001967 0.000265 0.210175 0.007516 1.744454
0.775048 0.003481 0.003792 0.001944 0.000260 0.207955 0.007520 1.744784
0.777361 0.003461 0.003729 0.001930 0.000257 0.205740 0.007522 1.745135
0.779530 0.003447 0.003715 0.001918 0.000250 0.203615 0.007526 1.745488
0.781710 0.003416 0.003698 0.001898 0.000246 0.201503 0.007530 1.745845
0.783886 0.003430 0.003626 0.001902 0.000243 0.199382 0.007532 1.746161
0.786037 0.003412 0.003574 0.001887 0.000238 0.197318 0.007535 1.746488
0.788259 0.003351 0.003525 0.001875 0.000235 0.195219 0.007538 1.746830
0.790342 0.003361 0.003472 0.001847 0.000231 0.193206 0.007542 1.747131
0.792500 0.003355 0.003426 0.001829 0.000229 0.191118 0.007544 1.747435
0.794563 0.003338 0.003409 0.001806 0.000220 0.189115 0.007550 1.747770
0.796586 0.003304 0.003413 0.001763 0.000219 0.187162 0.007553 1.748104
0.798620 0.003292 0.003386 0.001764 0.000215 0.185169 0.007555 1.748432
0.800551 0.003272 0.003351 0.001739 0.000214 0.183319 0.007555 1.748757
0.802516 0.003292 0.003333 0.001719 0.000212 0.181372 0.007558 1.749056
0.804473 0.003289 0.003317 0.001707 0.000212 0.179443 0.007561 1.749376
0.806361 0.003295 0.003288 0.001692 0.000208 0.177592 0.007565 1.749701
0.808263 0.003272 0.003282 0.001666 0.000204 0.175746 0.007568 1.750029
0.810205 0.003278 0.003238 0.001660 0.000203 0.173847 0.007570 1.750338
0.812046 0.003266 0.003237 0.001654 0.000200 0.172024 0.007573 1.750663
0.813891 0.003255 0.003186 0.001629 0.000200 0.170266 0.007575 1.750968
0.815696 0.003239 0.003202 0.001627 0.000200 0.168459 0.007577 1.751305
0.817499 0.003228 0.003176 0.001631 0.000197 0.166690 0.007579 1.751636
0.819289 0.003233 0.003139 0.001608 0.000193 0.164956 0.007583 1.751931
0.821014 0.003202 0.003139 0.001611 0.000189 0.163261 0.007586 1.752257
0.822767 0.003177 0.003110 0.001611 0.000186 0.161562 0.007589 1.752572
0.824451 0.003203 0.003107 0.001600 0.000184 0.159865 0.007590 1.752873
0.826179 0.003194 0.003086 0.001570 0.000177 0.158201 0.007594 1.753167
0.827811 0.003170 0.003092 0.001567 0.000172 0.156592 0.007597 1.753505
0.829466 0.003181 0.003077 0.001550 0.000172 0.154957 0.007598 1.753803
0.831075 0.003176 0.003062 0.001543 0.000167 0.153377 0.007601 1.754112
0.832669 0.003152 0.003052 0.001527 0.000163 0.151835 0.007604 1.754425
0.834162 0.003154 0.003048 0.001551 0.000160 0.150317 0.007608 1.754760
0.835772 0.003141 0.003021 0.001552 0.000163 0.148742 0.007610 1.755072
0.837282 0.003137 0.002995 0.001556 0.000159 0.147257 0.007613 1.755388
0.838850 0.003128 0.002978 0.001533 0.000156 0.145738 0.007617 1.755703
0.840307 0.003135 0.002958 0.001531 0.000157 0.144293 0.007619 1.756017
0.841824 0.003139 0.002949 0.001529 0.000156 0.142783 0.007621 1.756325
0.843241 0.003148 0.002938 0.001527 0.000155 0.141370 0.007622 1.756632
0.844739 0.003160 0.002922 0.001522 0.000152 0.139882 0.007624 1.756930
0.846132 0.003187 0.002914 0.001519 0.000150 0.138472 0.007625 1.757228
0.847512 0.003191 0.002913 0.001508 0.000148 0.137101 0.007628 1.757530
0.848914 0.003208 0.002889 0.001515 0.000148 0.135696 0.007631 1.757818
0.850256 0.003196 0.002897 0.001524 0.000143 0.134351 0.007634 1.758151
0.851621 0.003168 0.002914 0.001520 0.000140 0.133003 0.007635 1.758478
0.852981 0.003133 0.002920 0.001507 0.000138 0.131684 0.007637 1.758817
0.854283 0.003128 0.002917 0.001512 0.000135 0.130387 0.007638 1.759143
0.855603 0.003140 0.002908 0.001505 0.000135 0.129071 0.007639 1.759436
0.856879 0.003156 0.002910 0.001502 0.000133 0.127779 0.007641 1.759740
0.858135 0.003147 0.002906 0.001508 0.000132 0.126531 0.007641 1.760036
0.859393 0.003103 0.002905 0.001518 0.000130 0.125306 0.007644 1.760369
0.860678 0.003076 0.002922 0.001524 0.000129 0.124024 0.007647 1.760697
0.861899 0.003103 0.002895 0.001524 0.000126 0.122805 0.007648 1.760988
0.863172 0.003075 0.002877 0.001525 0.000123 0.121578 0.007650 1.761301
0.864348 0.003091 0.002885 0.001525 0.000123 0.120379 0.007650 1.761620
0.865546 0.003073 0.002890 0.001529 0.000126 0.119185 0.007652 1.761937
0.866635 0.003096 0.002895 0.001522 0.000128 0.118071 0.007653 1.762240
0.867784 0.003105 0.002878 0.001524 0.000126 0.116928 0.007655 1.762547
0.868958 0.003090 0.002879 0.001530 0.000127 0.115760 0.007656 1.762858
0.870075 0.003118 0.002875 0.001526 0.000127 0.114621 0.007657 1.763176
0.871208 0.003113 0.002876 0.001524 0.000128 0.113494 0.007658 1.763497
0.872278 0.003116 0.002880 0.001518 0.000130 0.112421 0.007658 1.763800
0.873350 0.003127 0.002890 0.001505 0.000130 0.111337 0.007661 1.764103
0.874423 0.003119 0.002902 0.001510 0.000131 0.110254 0.007662 1.764429
0.875505 0.003127 0.002912 0.001514 0.000132 0.109146 0.007665 1.764752
0.876547 0.003134 0.002898 0.001524 0.000131 0.108100 0.007666 1.765065
0.877599 0.003128 0.002913 0.001528 0.000132 0.107034 0.007666 1.765396
0.878667 0.003151 0.002886 0.001523 0.000133 0.105973 0.007667 1.765685
0.879656 0.003164 0.002878 0.001532 0.000133 0.104968 0.007668 1.765996
0.880644 0.003131 0.002886 0.001551 0.000130 0.103989 0.007670 1.766334
0.881600 0.003140 0.002879 0.001558 0.000130 0.103023 0.007670 1.766643
0.882569 0.003154 0.002864 0.001557 0.000130 0.102054 0.007673 1.766955
0.883532 0.003185 0.002853 0.001551 0.000128 0.101077 0.007674 1.767248
0.884452 0.003187 0.002879 0.001534 0.000127 0.100145 0.007676 1.767570
0.885343 0.003222 0.002887 0.001534 0.000126 0.099211 0.007677 1.767872
0.886319 0.003245 0.002863 0.001520 0.000127 0.098249 0.007678 1.768168
0.887191 0.003256 0.002851 0.001523 0.000128 0.097373 0.007679 1.768480
0.888097 0.003253 0.002848 0.001514 0.000130 0.096478 0.007681 1.768800
0.888969 0.003266 0.002859 0.001541 0.000131 0.095552 0.007682 1.769122
0.889822 0.003286 0.002861 0.001551 0.000130 0.094669 0.007682 1.769433
0.890666 0.003293 0.002873 0.001555 0.000130 0.093800 0.007684 1.769764
0.891545 0.003314 0.002870 0.001550 0.000127 0.092909 0.007685 1.770075
0.892405 0.003339 0.002885 0.001562 0.000127 0.091997 0.007686 1.770396
0.893224 0.003343 0.002894 0.001550 0.000122 0.091180 0.007688 1.770713
0.893981 0.003365 0.002900 0.001557 0.000121 0.090387 0.007689 1.771040
0.894790 0.003374 0.002923 0.001563 0.000120 0.089540 0.007690 1.771380
0.895570 0.003387 0.002933 0.001567 0.000119 0.088733 0.007690 1.771711
0.896347 0.003390 0.002959 0.001570 0.000122 0.087920 0.007691 1.772052
0.897047 0.003403 0.002967 0.001588 0.000119 0.087182 0.007693 1.772395
0.897795 0.003405 0.002974 0.001586 0.000118 0.086427 0.007695 1.772718
0.898455 0.003436 0.002972 0.001579 0.000118 0.085745 0.007696 1.773048
0.899103 0.003501 0.002992 0.001578 0.000117 0.085010 0.007699 1.773375
0.899806 0.003512 0.003004 0.001599 0.000117 0.084259 0.007702 1.773718
0.900453 0.003549 0.002989 0.001609 0.000118 0.083579 0.007704 1.774044
0.901134 0.003574 0.003021 0.001586 0.000116 0.082863 0.007706 1.774392
0.901791 0.003587 0.003059 0.001583 0.000119 0.082155 0.007706 1.774749
0.902447 0.003611 0.003074 0.001596 0.000118 0.081446 0.007708 1.775106
0.903048 0.003631 0.003059 0.001616 0.000116 0.080820 0.007712 1.775461
0.903693 0.003640 0.003077 0.001643 0.000116 0.080117 0.007713 1.775830
0.904336 0.003649 0.003079 0.001655 0.000115 0.079452 0.007714 1.776188
0.904905 0.003688 0.003090 0.001659 0.000115 0.078828 0.007715 1.776549
0.905545 0.003687 0.003110 0.001658 0.000117 0.078166 0.007716 1.776919
0.906139 0.003710 0.003136 0.001682 0.000115 0.077500 0.007717 1.777284
0.906720 0.003747 0.003136 0.001693 0.000112 0.076871 0.007721 1.777629
0.907290 0.003762 0.003120 0.001699 0.000113 0.076294 0.007723 1.777980
0.907867 0.003760 0.003147 0.001702 0.000111 0.075688 0.007724 1.778362
0.908469 0.003773 0.003166 0.001685 0.000109 0.075071 0.007726 1.778722
0.909028 0.003792 0.003193 0.001695 0.000110 0.074457 0.007727 1.779095
0.909564 0.003824 0.003238 0.001697 0.000109 0.073840 0.007728 1.779462
0.910071 0.003858 0.003257 0.001697 0.000111 0.073278 0.007729 1.779841
0.910576 0.003854 0.003277 0.001729 0.000111 0.072724 0.007729 1.780233
0.911040 0.003891 0.003290 0.001721 0.000116 0.072210 0.007731 1.780616
0.911522 0.003908 0.003304 0.001747 0.000113 0.071674 0.007732 1.781007
0.912005 0.003907 0.003348 0.001771 0.000113 0.071122 0.007734 1.781428
0.912480 0.003962 0.003343 0.001770 0.000114 0.070597 0.007735 1.781789
0.912927 0.003997 0.003326 0.001775 0.000120 0.070118 0.007736 1.782175
0.913370 0.004018 0.003339 0.001773 0.000119 0.069645 0.007738 1.782570
0.913817 0.004041 0.003339 0.001792 0.000117 0.069154 0.007739 1.782975
0.914262 0.004070 0.003371 0.001794 0.000117 0.068644 0.007741 1.783372
0.914724 0.004077 0.003390 0.001812 0.000119 0.068137 0.007742 1.783777
0.915136 0.004102 0.003398 0.001811 0.000122 0.067688 0.007743 1.784168
0.915520 0.004144 0.003425 0.001818 0.000126 0.067223 0.007744 1.784568
0.915928 0.004132 0.003461 0.001835 0.000123 0.066777 0.007745 1.784985
0.916311 0.004131 0.003491 0.001845 0.000124 0.066352 0.007747 1.785407
0.916675 0.004167 0.003507 0.001865 0.000119 0.065919 0.007748 1.785813
0.917065 0.004219 0.003501 0.001861 0.000121 0.065482 0.007751 1.786198
0.917480 0.004227 0.003508 0.001865 0.000125 0.065044 0.007751 1.786606
0.917855 0.004261 0.003509 0.001856 0.000129 0.064638 0.007751 1.787012
0.918213 0.004288 0.003544 0.001861 0.000128 0.064211 0.007754 1.787428
0.918566 0.004339 0.003555 0.001873 0.000131 0.063781 0.007754 1.787830
0.918958 0.004326 0.003584 0.001889 0.000131 0.063357 0.007756 1.788270
0.919316 0.004353 0.003586 0.001926 0.000130 0.062931 0.007758 1.788712
0.919628 0.004372 0.003604 0.001935 0.000126 0.062575 0.007761 1.789127
0.919959 0.004426 0.003612 0.001937 0.000125 0.062178 0.007763 1.789531
0.920324 0.004415 0.003646 0.001960 0.000123 0.061766 0.007766 1.789975
0.920634 0.004441 0.003667 0.001982 0.000122 0.061386 0.007768 1.790399
0.920940 0.004458 0.003698 0.001994 0.000123 0.061018 0.007768 1.790838
0.921254 0.004473 0.003732 0.002002 0.000125 0.060644 0.007769 1.791269
0.921557 0.004510 0.003717 0.002024 0.000123 0.060298 0.007770 1.791705
0.921826 0.004522 0.003756 0.002020 0.000122 0.059981 0.007773 1.792156
0.922171 0.004535 0.003777 0.002042 0.000122 0.059578 0.007774 1.792585
0.922453 0.004560 0.003795 0.002040 0.000124 0.059252 0.007775 1.793019
0.922708 0.004581 0.003825 0.002050 0.000127 0.058933 0.007775 1.793474
0.922949 0.004607 0.003828 0.002076 0.000127 0.058636 0.007776 1.793938
0.923214 0.004609 0.003850 0.002099 0.000126 0.058323 0.007778 1.794398
0.923471 0.004629 0.003862 0.002112 0.000127 0.058019 0.007779 1.794847
0.923702 0.004673 0.003875 0.002102 0.000127 0.057739 0.007781 1.795296
0.923916 0.004723 0.003878 0.002113 0.000125 0.057462 0.007783 1.795741
0.924120 0.004734 0.003904 0.002129 0.000127 0.057201 0.007784 1.796204
0.924313 0.004711 0.003962 0.002165 0.000125 0.056939 0.007785 1.796711
0.924505 0.004733 0.004022 0.002144 0.000126 0.056683 0.007787 1.797193
0.924679 0.004755 0.004054 0.002144 0.000127 0.056452 0.007788 1.797672
0.924866 0.004844 0.004054 0.002162 0.000127 0.056157 0.007790 1.798121
0.925021 0.004930 0.004077 0.002188 0.000123 0.055869 0.007792 1.798581
0.925198 0.004965 0.004113 0.002209 0.000122 0.055600 0.007794 1.799067
0.925360 0.004999 0.004159 0.002216 0.000122 0.055349 0.007795 1.799557
0.925561 0.005049 0.004165 0.002230 0.000125 0.055072 0.007798 1.800031
0.925699 0.005083 0.004176 0.002247 0.000123 0.054871 0.007801 1.800520
0.925824 0.005143 0.004170 0.002259 0.000120 0.054681 0.007803 1.801006
0.925959 0.005140 0.004211 0.002292 0.000123 0.054470 0.007804 1.801534
0.926120 0.005150 0.004212 0.002290 0.000125 0.054297 0.007806 1.802024
0.926261 0.005167 0.004245 0.002314 0.000125 0.054079 0.007807 1.802543
0.926389 0.005200 0.004244 0.002322 0.000129 0.053907 0.007808 1.803051
0.926511 0.005268 0.004266 0.002334 0.000131 0.053681 0.007809 1.803554
0.926653 0.005289 0.004327 0.002341 0.000127 0.053453 0.007810 1.804081
0.926763 0.005316 0.004386 0.002357 0.000131 0.053235 0.007812 1.804611
0.926881 0.005335 0.004429 0.002386 0.000137 0.053020 0.007812 1.805152
0.927010 0.005310 0.004473 0.002388 0.000136 0.052868 0.007813 1.805704
0.927103 0.005330 0.004503 0.002392 0.000136 0.052722 0.007813 1.806248
0.927204 0.005371 0.004523 0.002408 0.000141 0.052537 0.007814 1.806773
0.927350 0.005376 0.004535 0.002408 0.000143 0.052370 0.007816 1.807297
0.927426 0.005403 0.004531 0.002420 0.000139 0.052262 0.007819 1.807814
0.927537 0.005441 0.004559 0.002420 0.000145 0.052077 0.007820 1.808352
0.927650 0.005454 0.004579 0.002413 0.000147 0.051936 0.007821 1.808886
0.927731 0.005487 0.004607 0.002427 0.000143 0.051780 0.007824 1.809410
0.927797 0.005515 0.004618 0.002454 0.000144 0.051647 0.007825 1.809942
0.927852 0.005542 0.004604 0.002478 0.000145 0.051552 0.007826 1.810484
0.927949 0.005536 0.004661 0.002503 0.000143 0.051380 0.007828 1.811055
0.928001 0.005562 0.004685 0.002517 0.000145 0.051258 0.007831 1.811609
0.928017 0.005660 0.004691 0.002514 0.000145 0.051141 0.007832 1.812123
0.928071 0.005665 0.004725 0.002515 0.000146 0.051045 0.007833 1.812678
0.928121 0.005682 0.004751 0.002500 0.000148 0.050963 0.007834 1.813230
0.928172 0.005733 0.004735 0.002510 0.000149 0.050864 0.007837 1.813769
0.928141 0.005821 0.004745 0.002534 0.000151 0.050768 0.007839 1.814319
0.928182 0.005835 0.004806 0.002551 0.000152 0.050633 0.007840 1.814896
0.928199 0.005880 0.004833 0.002559 0.000150 0.050535 0.007843 1.815469
0.928257 0.005860 0.004880 0.002567 0.000150 0.050439 0.007846 1.816051
0.928300 0.005877 0.004911 0.002592 0.000148 0.050323 0.007849 1.816630
0.928312 0.005882 0.004962 0.002619 0.000147 0.050227 0.007851 1.817224
0.928322 0.005911 0.004976 0.002640 0.000150 0.050145 0.007854 1.817795
0.928354 0.005928 0.005014 0.002659 0.000151 0.050039 0.007855 1.818378
0.928333 0.005970 0.005075 0.002660 0.000156 0.049951 0.007855 1.818985
0.928289 0.006043 0.005087 0.002660 0.000160 0.049905 0.007857 1.819558
0.928291 0.006094 0.005128 0.002657 0.000158 0.049814 0.007857 1.820144
0.928265 0.006135 0.005136 0.002678 0.000160 0.049767 0.007859 1.820734
0.928290 0.006098 0.005183 0.002707 0.000159 0.049702 0.007861 1.821355
0.928314 0.006149 0.005205 0.002711 0.000159 0.049601 0.007862 1.821940
0.928284 0.006162 0.005228 0.002753 0.000162 0.049546 0.007864 1.822566
0.928241 0.006242 0.005244 0.002763 0.000162 0.049482 0.007866 1.823163
0.928211 0.006282 0.005304 0.002794 0.000162 0.049377 0.007869 1.823782
0.928166 0.006337 0.005315 0.002819 0.000163 0.049328 0.007873 1.824384
0.928123 0.006367 0.005337 0.002819 0.000162 0.049317 0.007874 1.824993
0.928040 0.006427 0.005361 0.002825 0.000164 0.049308 0.007877 1.825603
0.927967 0.006482 0.005375 0.002826 0.000164 0.049307 0.007879 1.826210
0.927919 0.006501 0.005402 0.002847 0.000162 0.049288 0.007881 1.826839
0.927839 0.006556 0.005398 0.002867 0.000161 0.049297 0.007882 1.827458
0.927792 0.006608 0.005413 0.002857 0.000162 0.049285 0.007883 1.828071
0.927689 0.006689 0.005430 0.002863 0.000162 0.049282 0.007885 1.828696
0.927661 0.006734 0.005449 0.002860 0.000169 0.049240 0.007886 1.829307
0.927550 0.006807 0.005489 0.002879 0.000171 0.049213 0.007890 1.829936
0.927467 0.006873 0.005536 0.002898 0.000174 0.049161 0.007891 1.830577
0.927356 0.006902 0.005595 0.002919 0.000178 0.049158 0.007892 1.831260
0.927226 0.006958 0.005664 0.002915 0.000179 0.049164 0.007893 1.831929
0.927111 0.007002 0.005679 0.002952 0.000176 0.049185 0.007896 1.832608
0.927015 0.006987 0.005707 0.002972 0.000176 0.049243 0.007899 1.833306
0.926931 0.006981 0.005738 0.003016 0.000178 0.049253 0.007902 1.834011
0.926784 0.007061 0.005751 0.003040 0.000179 0.049281 0.007904 1.834670
0.926610 0.007116 0.005831 0.003055 0.000179 0.049301 0.007908 1.835366
0.926548 0.007095 0.005882 0.003080 0.000179 0.049304 0.007911 1.836072
0.926450 0.007137 0.005919 0.003102 0.000175 0.049303 0.007914 1.836761
0.926328 0.007178 0.005938 0.003128 0.000172 0.049339 0.007918 1.837455
0.926198 0.007210 0.005992 0.003143 0.000176 0.049361 0.007919 1.838184
0.926051 0.007256 0.006014 0.003156 0.000175 0.049426 0.007920 1.838888
0.925895 0.007286 0.006053 0.003187 0.000176 0.049479 0.007923 1.839623
0.925757 0.007354 0.006064 0.003187 0.000175 0.049535 0.007927 1.840320
0.925620 0.007366 0.006101 0.003215 0.000177 0.049592 0.007928 1.841066
0.925451 0.007383 0.006163 0.003236 0.000179 0.049657 0.007931 1.841808
0.925302 0.007403 0.006220 0.003234 0.000174 0.049731 0.007934 1.842544
0.925113 0.007436 0.006284 0.003282 0.000169 0.049777 0.007938 1.843297
0.924932 0.007496 0.006330 0.003284 0.000172 0.049845 0.007940 1.844023
0.924811 0.007539 0.006339 0.003287 0.000176 0.049905 0.007942 1.844732
0.924658 0.007576 0.006390 0.003311 0.000178 0.049943 0.007944 1.845462
0.924515 0.007600 0.006419 0.003327 0.000176 0.050016 0.007945 1.846218
0.924342 0.007614 0.006479 0.003325 0.000186 0.050110 0.007946 1.846999
0.924149 0.007660 0.006488 0.003330 0.000188 0.050238 0.007948 1.847736
0.923929 0.007722 0.006502 0.003361 0.000188 0.050347 0.007950 1.848493
0.923788 0.007741 0.006555 0.003377 0.000189 0.050400 0.007951 1.849266
0.923589 0.007793 0.006535 0.003413 0.000189 0.050528 0.007954 1.850019
0.923441 0.007802 0.006552 0.003425 0.000193 0.050628 0.007957 1.850790
0.923251 0.007866 0.006577 0.003433 0.000199 0.050717 0.007959 1.851502
0.923100 0.007919 0.006572 0.003428 0.000204 0.050817 0.007960 1.852254
0.922932 0.007952 0.006629 0.003444 0.000199 0.050881 0.007964 1.853018
0.922735 0.007997 0.006672 0.003474 0.000204 0.050952 0.007965 1.853805
0.922500 0.008049 0.006695 0.003488 0.000204 0.051094 0.007970 1.854584
0.922361 0.008054 0.006729 0.003510 0.000204 0.051169 0.007973 1.855357
0.922152 0.008109 0.006771 0.003533 0.000206 0.051254 0.007975 1.856134
0.921958 0.008161 0.006795 0.003551 0.000204 0.051353 0.007979 1.856896
0.921817 0.008158 0.006824 0.003582 0.000206 0.051430 0.007982 1.857707
0.921626 0.008180 0.006902 0.003603 0.000205 0.051497 0.007986 1.858522
0.921408 0.008232 0.006881 0.003621 0.000206 0.051664 0.007989 1.859314
0.921180 0.008315 0.006889 0.003635 0.000205 0.051783 0.007993 1.860085
0.920990 0.008334 0.006958 0.003662 0.000202 0.051858 0.007995 1.860922
0.920852 0.008337 0.006998 0.003704 0.000202 0.051911 0.007996 1.861739
0.920649 0.008322 0.007043 0.003727 0.000204 0.052056 0.007998 1.862565
0.920472 0.008362 0.007067 0.003736 0.000199 0.052160 0.008003 1.863376
0.920310 0.008409 0.007071 0.003765 0.000205 0.052233 0.008006 1.864181
0.920116 0.008436 0.007088 0.003766 0.000209 0.052375 0.008009 1.864987
0.919931 0.008461 0.007099 0.003788 0.000208 0.052501 0.008012 1.865797
0.919723 0.008467 0.007134 0.003794 0.000211 0.052657 0.008013 1.866625
0.919476 0.008543 0.007146 0.003792 0.000218 0.052809 0.008015 1.867440
0.919236 0.008595 0.007161 0.003782 0.000220 0.052988 0.008018 1.868262
0.918995 0.008661 0.007177 0.003803 0.000221 0.053120 0.008024 1.869079
0.918748 0.008696 0.007232 0.003820 0.000224 0.053255 0.008026 1.869941
0.918475 0.008776 0.007255 0.003812 0.000228 0.053426 0.008029 1.870763
0.918233 0.008785 0.007348 0.003823 0.000230 0.053550 0.008032 1.871636
0.917950 0.008808 0.007407 0.003859 0.000235 0.053708 0.008033 1.872526
0.917761 0.008782 0.007432 0.003884 0.000239 0.053866 0.008036 1.873382
0.917510 0.008741 0.007500 0.003941 0.000245 0.054025 0.008038 1.874295
0.917312 0.008729 0.007567 0.003962 0.000251 0.054139 0.008041 1.875158
0.917113 0.008710 0.007593 0.003992 0.000249 0.054296 0.008046 1.876036
0.916924 0.008693 0.007622 0.004016 0.000251 0.054443 0.008051 1.876903
0.916682 0.008741 0.007635 0.004032 0.000249 0.054609 0.008052 1.877754
0.916487 0.008772 0.007602 0.004074 0.000252 0.054758 0.008055 1.878610
0.916244 0.008864 0.007577 0.004099 0.000252 0.054907 0.008058 1.879447
0.916043 0.008888 0.007601 0.004112 0.000254 0.055043 0.008061 1.880302
0.915859 0.008899 0.007612 0.004130 0.000251 0.055181 0.008067 1.881168
0.915632 0.008898 0.007653 0.004121 0.000250 0.055376 0.008069 1.882038
0.915435 0.008905 0.007710 0.004137 0.000251 0.055488 0.008075 1.882920
0.915188 0.008986 0.007729 0.004118 0.000250 0.055651 0.008079 1.883778
0.914959 0.008981 0.007777 0.004138 0.000251 0.055812 0.008081 1.884691
0.914747 0.009034 0.007759 0.004137 0.000257 0.055981 0.008084 1.885516
0.914538 0.009030 0.007793 0.004157 0.000260 0.056135 0.008087 1.886424
0.914261 0.009096 0.007852 0.004150 0.000262 0.056289 0.008090 1.887318
0.914065 0.009092 0.007871 0.004188 0.000263 0.056429 0.008093 1.888227
0.913839 0.009114 0.007877 0.004213 0.000262 0.056598 0.008098 1.889118
0.913649 0.009131 0.007895 0.004228 0.000259 0.056739 0.008098 1.890012
0.913435 0.009153 0.007910 0.004213 0.000255 0.056929 0.008105 1.890889
0.913243 0.009190 0.007927 0.004223 0.000258 0.057052 0.008107 1.891746
0.913003 0.009209 0.007969 0.004230 0.000263 0.057216 0.008110 1.892672
0.912745 0.009272 0.007966 0.004262 0.000264 0.057378 0.008113 1.893571
0.912599 0.009241 0.007985 0.004269 0.000267 0.057523 0.008115 1.894473
0.912424 0.009244 0.008025 0.004247 0.000270 0.057675 0.008117 1.895369
0.912229 0.009271 0.008053 0.004227 0.000272 0.057825 0.008122 1.896272
0.912022 0.009286 0.008073 0.004218 0.000272 0.058007 0.008123 1.897177
0.911830 0.009345 0.008066 0.004227 0.000269 0.058134 0.008127 1.898044
0.911595 0.009363 0.008078 0.004271 0.000271 0.058294 0.008128 1.898985
0.911356 0.009334 0.008141 0.004299 0.000270 0.058469 0.008132 1.899954
0.911163 0.009323 0.008148 0.004332 0.000269 0.058628 0.008137 1.900890
0.911000 0.009313 0.008138 0.004335 0.000268 0.058805 0.008142 1.901764
0.910821 0.009270 0.008190 0.004359 0.000267 0.058948 0.008145 1.902725
0.910590 0.009310 0.008174 0.004338 0.000272 0.059170 0.008148 1.903622
0.910478 0.009283 0.008176 0.004336 0.000270 0.059305 0.008153 1.904541
0.910247 0.009321 0.008187 0.004336 0.000268 0.059483 0.008158 1.905470
0.910062 0.009322 0.008160 0.004307 0.000268 0.059718 0.008163 1.906366
0.909862 0.009358 0.008171 0.004314 0.000271 0.059858 0.008166 1.907271
0.909685 0.009349 0.008180 0.004351 0.000276 0.059988 0.008169 1.908188
0.909489 0.009339 0.008217 0.004372 0.000284 0.060128 0.008171 1.909140
0.909297 0.009370 0.008219 0.004367 0.000290 0.060284 0.008173 1.910046
0.909066 0.009386 0.008257 0.004369 0.000287 0.060459 0.008177 1.910976
0.908860 0.009376 0.008307 0.004380 0.000280 0.060616 0.008181 1.911919
0.908682 0.009381 0.008299 0.004417 0.000286 0.060751 0.008184 1.912850
0.908501 0.009395 0.008311 0.004421 0.000281 0.060900 0.008189 1.913771
0.908314 0.009352 0.008339 0.004432 0.000281 0.061085 0.008196 1.914724
0.908098 0.009348 0.008328 0.004455 0.000277 0.061292 0.008201 1.915675
0.907919 0.009344 0.008347 0.004443 0.000280 0.061464 0.008202 1.916602
0.907722 0.009401 0.008344 0.004409 0.000280 0.061637 0.008206 1.917484
0.907548 0.009430 0.008369 0.004402 0.000277 0.061766 0.008208 1.918386
0.907356 0.009470 0.008385 0.004405 0.000278 0.061894 0.008212 1.919297
0.907202 0.009446 0.008424 0.004424 0.000277 0.062012 0.008216 1.920233
0.907031 0.009436 0.008416 0.004455 0.000278 0.062164 0.008220 1.921159
0.906847 0.009480 0.008407 0.004455 0.000280 0.062308 0.008222 1.922071
0.906696 0.009436 0.008442 0.004457 0.000286 0.062459 0.008225 1.923026
0.906503 0.009456 0.008475 0.004489 0.000281 0.062567 0.008229 1.923977
0.906332 0.009491 0.008488 0.004483 0.000278 0.062696 0.008232 1.924892
0.906163 0.009463 0.008508 0.004485 0.000276 0.062868 0.008236 1.925854
0.906046 0.009442 0.008513 0.004509 0.000278 0.062976 0.008238 1.926781
0.905926 0.009425 0.008500 0.004524 0.000278 0.063104 0.008244 1.927702
0.905816 0.009378 0.008514 0.004518 0.000281 0.063245 0.008248 1.928636
0.905640 0.009385 0.008541 0.004504 0.000281 0.063396 0.008253 1.929575
0.905463 0.009435 0.008501 0.004479 0.000284 0.063583 0.008256 1.930441
0.905336 0.009416 0.008483 0.004491 0.000279 0.063739 0.008258 1.931387
0.905251 0.009404 0.008456 0.004473 0.000273 0.063877 0.008267 1.932290
0.905136 0.009375 0.008444 0.004479 0.000271 0.064025 0.008270 1.933203
0.905089 0.009324 0.008416 0.004470 0.000268 0.064160 0.008273 1.934123
0.904942 0.009324 0.008417 0.004455 0.000275 0.064313 0.008274 1.935043
0.904821 0.009283 0.008461 0.004466 0.000276 0.064417 0.008277 1.935994
0.904732 0.009246 0.008467 0.004454 0.000276 0.064545 0.008281 1.936903
0.904585 0.009263 0.008450 0.004470 0.000281 0.064668 0.008283 1.937826
0.904519 0.009216 0.008455 0.004464 0.000284 0.064773 0.008288 1.938741
0.904380 0.009254 0.008434 0.004462 0.000288 0.064890 0.008291 1.939633
0.904219 0.009285 0.008414 0.004465 0.000279 0.065039 0.008299 1.940551
0.904115 0.009282 0.008415 0.004440 0.000280 0.065166 0.008303 1.941460
0.903975 0.009342 0.008405 0.004419 0.000280 0.065270 0.008310 1.942358
0.903906 0.009288 0.008402 0.004436 0.000279 0.065376 0.008312 1.943307
0.903792 0.009299 0.008417 0.004451 0.000279 0.065450 0.008314 1.944236
0.903695 0.009260 0.008435 0.004468 0.000285 0.065540 0.008317 1.945193
0.903604 0.009244 0.008448 0.004472 0.000284 0.065628 0.008319 1.946126
0.903480 0.009302 0.008444 0.004470 0.000282 0.065701 0.008321 1.947028
0.903405 0.009305 0.008409 0.004439 0.000285 0.065835 0.008323 1.947907
0.903333 0.009330 0.008399 0.004412 0.000290 0.065910 0.008326 1.948807
0.903293 0.009290 0.008388 0.004397 0.000285 0.066017 0.008331 1.949727
0.903191 0.009250 0.008405 0.004410 0.000289 0.066119 0.008337 1.950669
0.903061 0.009263 0.008439 0.004400 0.000286 0.066209 0.008342 1.951596
0.902950 0.009316 0.008383 0.004402 0.000286 0.066317 0.008347 1.952484
0.902840 0.009379 0.008369 0.004380 0.000282 0.066400 0.008350 1.953358
0.902694 0.009390 0.008363 0.004407 0.000285 0.066509 0.008353 1.954302
0.902620 0.009361 0.008384 0.004431 0.000286 0.066561 0.008357 1.955248
0.902475 0.009432 0.008398 0.004440 0.000286 0.066611 0.008360 1.956151
0.902381 0.009413 0.008385 0.004465 0.000293 0.066703 0.008360 1.957095
0.902280 0.009358 0.008364 0.004487 0.000294 0.066853 0.008366 1.958028
0.902173 0.009354 0.008374 0.004489 0.000294 0.066948 0.008369 1.958948
0.902102 0.009349 0.008373 0.004497 0.000302 0.067008 0.008371 1.959864
0.902023 0.009333 0.008352 0.004507 0.000298 0.067113 0.008376 1.960773
0.901891 0.009380 0.008320 0.004521 0.000301 0.067208 0.008379 1.961682
0.901811 0.009387 0.008314 0.004522 0.000305 0.067282 0.008380 1.962585
0.901699 0.009468 0.008312 0.004532 0.000305 0.067299 0.008384 1.963459
0.901591 0.009452 0.008300 0.004516 0.000302 0.067451 0.008387 1.964382
0.901466 0.009452 0.008356 0.004521 0.000300 0.067516 0.008390 1.965330
0.901399 0.009454 0.008349 0.004527 0.000298 0.067581 0.008393 1.966235
0.901329 0.009415 0.008361 0.004521 0.000296 0.067680 0.008398 1.967175
0.901290 0.009375 0.008381 0.004501 0.000295 0.067755 0.008402 1.968108
0.901226 0.009305 0.008387 0.004500 0.000294 0.067883 0.008405 1.969074
0.901153 0.009316 0.008410 0.004483 0.000297 0.067930 0.008410 1.969980
0.901077 0.009339 0.008394 0.004491 0.000295 0.067988 0.008415 1.970859
0.901024 0.009306 0.008388 0.004504 0.000302 0.068058 0.008419 1.971783
0.900984 0.009276 0.008420 0.004471 0.000306 0.068119 0.008424 1.972712
0.900873 0.009332 0.008412 0.004463 0.000315 0.068180 0.008426 1.973601
0.900808 0.009357 0.008383 0.004441 0.000314 0.068272 0.008427 1.974481
0.900720 0.009361 0.008434 0.004435 0.000309 0.068311 0.008431 1.975420
0.900652 0.009370 0.008430 0.004407 0.000308 0.068399 0.008436 1.976331
0.900566 0.009383 0.008440 0.004400 0.000309 0.068463 0.008439 1.977256
0.900462 0.009401 0.008424 0.004422 0.000309 0.068541 0.008441 1.978165
0.900439 0.009409 0.008452 0.004411 0.000310 0.068536 0.008444 1.979055
0.900402 0.009376 0.008477 0.004423 0.000315 0.068561 0.008448 1.979999
0.900323 0.009349 0.008492 0.004455 0.000316 0.068615 0.008451 1.980951
0.900271 0.009352 0.008491 0.004466 0.000320 0.068648 0.008454 1.981868
0.900202 0.009355 0.008491 0.004477 0.000318 0.068701 0.008457 1.982779
0.900137 0.009343 0.008458 0.004478 0.000319 0.068808 0.008459 1.983695
0.900063 0.009361 0.008431 0.004481 0.000323 0.068878 0.008464 1.984605
0.900022 0.009300 0.008453 0.004458 0.000322 0.068976 0.008469 1.985541
0.900000 0.009311 0.008422 0.004462 0.000322 0.069011 0.008474 1.986410
0.899910 0.009263 0.008451 0.004484 0.000328 0.069090 0.008476 1.987389
0.899844 0.009316 0.008425 0.004454 0.000331 0.069150 0.008480 1.988264
0.899769 0.009336 0.008436 0.004461 0.000325 0.069187 0.008486 1.989156
0.899734 0.009283 0.008453 0.004456 0.000330 0.069255 0.008490 1.990088
0.899663 0.009308 0.008406 0.004442 0.000331 0.069357 0.008493 1.990981
0.899632 0.009274 0.008463 0.004439 0.000330 0.069366 0.008497 1.991905
0.899587 0.009231 0.008482 0.004436 0.000332 0.069434 0.008499 1.992838
0.899566 0.009146 0.008479 0.004439 0.000329 0.069540 0.008502 1.993772
0.899522 0.009199 0.008415 0.004395 0.000328 0.069634 0.008507 1.994611
0.899461 0.009221 0.008415 0.004400 0.000324 0.069669 0.008510 1.995517
0.899407 0.009193 0.008375 0.004404 0.000323 0.069782 0.008517 1.996454
0.899315 0.009214 0.008415 0.004367 0.000324 0.069843 0.008522 1.997351
0.899260 0.009213 0.008434 0.004365 0.000323 0.069877 0.008528 1.998270
0.899173 0.009212 0.008453 0.004376 0.000317 0.069937 0.008532 1.999183
0.899150 0.009182 0.008414 0.004382 0.000315 0.070022 0.008537 2.000082
0.899160 0.009120 0.008407 0.004403 0.000312 0.070056 0.008541 2.000993
0.899146 0.009124 0.008377 0.004391 0.000317 0.070101 0.008544 2.001872
0.899132 0.009128 0.008386 0.004392 0.000313 0.070102 0.008549 2.002768
0.899044 0.009108 0.008409 0.004400 0.000313 0.070172 0.008554 2.003702
0.899040 0.009110 0.008415 0.004389 0.000310 0.070179 0.008558 2.004587
0.898990 0.009115 0.008389 0.004393 0.000311 0.070242 0.008561 2.005487
0.898973 0.009043 0.008411 0.004433 0.000306 0.070268 0.008566 2.006423
0.898962 0.009027 0.008405 0.004409 0.000308 0.070321 0.008569 2.007315
0.898938 0.009022 0.008417 0.004399 0.000306 0.070345 0.008574 2.008223
0.898912 0.009038 0.008360 0.004392 0.000310 0.070410 0.008577 2.009088
0.898919 0.009026 0.008375 0.004360 0.000309 0.070432 0.008580 2.009978
0.898935 0.009021 0.008324 0.004378 0.000303 0.070458 0.008581 2.010856
0.898930 0.009015 0.008265 0.004396 0.000297 0.070511 0.008586 2.011738
0.898940 0.008999 0.008302 0.004386 0.000296 0.070489 0.008588 2.012621
0.898954 0.009000 0.008253 0.004377 0.000298 0.070529 0.008591 2.013472
0.898983 0.008970 0.008230 0.004361 0.000290 0.070570 0.008596 2.014358
0.899049 0.008927 0.008219 0.004367 0.000291 0.070552 0.008597 2.015235
0.899076 0.008886 0.008236 0.004346 0.000287 0.070567 0.008602 2.016131
0.899074 0.008887 0.008224 0.004357 0.000286 0.070568 0.008605 2.017019
0.899058 0.008893 0.008183 0.004326 0.000289 0.070645 0.008606 2.017868
0.899046 0.008910 0.008170 0.004297 0.000293 0.070677 0.008608 2.018730
0.899074 0.008857 0.008207 0.004286 0.000291 0.070672 0.008612 2.019625
0.899061 0.008887 0.008208 0.004275 0.000292 0.070661 0.008617 2.020485
0.899101 0.008874 0.008183 0.004256 0.000292 0.070674 0.008620 2.021357
0.899151 0.008839 0.008195 0.004223 0.000292 0.070676 0.008624 2.022237
0.899157 0.008794 0.008165 0.004230 0.000287 0.070739 0.008629 2.023098
0.899159 0.008769 0.008123 0.004237 0.000280 0.070798 0.008633 2.023968
0.899161 0.008770 0.008117 0.004219 0.000283 0.070816 0.008636 2.024830
0.899216 0.008736 0.008086 0.004198 0.000284 0.070842 0.008638 2.025677
0.899213 0.008739 0.008093 0.004176 0.000282 0.070853 0.008645 2.026543
0.899269 0.008709 0.008069 0.004149 0.000284 0.070874 0.008647 2.027396
0.899253 0.008720 0.008062 0.004121 0.000288 0.070906 0.008649 2.028242
0.899309 0.008667 0.008038 0.004141 0.000286 0.070905 0.008656 2.029120
0.899340 0.008634 0.008050 0.004120 0.000284 0.070912 0.008660 2.029976
0.899363 0.008630 0.008042 0.004127 0.000280 0.070892 0.008666 2.030827
0.899359 0.008676 0.008014 0.004106 0.000281 0.070897 0.008668 2.031653
0.899422 0.008655 0.007996 0.004117 0.000279 0.070858 0.008673 2.032504
