0.369890 0.061909 0.054648 0.031295 0.001908 0.474648 0.005701 1.551456
0.371065 0.060729 0.054554 0.031265 0.001899 0.474756 0.005730 1.557414
0.372549 0.059344 0.054461 0.031061 0.001904 0.474925 0.005757 1.563292
0.374387 0.057743 0.054361 0.030875 0.001911 0.474941 0.005782 1.569035
0.376388 0.056131 0.054191 0.030686 0.001913 0.474883 0.005809 1.574583
0.378443 0.054609 0.053821 0.030339 0.001922 0.475033 0.005834 1.579908
0.380768 0.052939 0.053462 0.030113 0.001920 0.474937 0.005862 1.585194
0.383186 0.051408 0.052926 0.029797 0.001934 0.474864 0.005885 1.590258
0.385479 0.049937 0.052489 0.029448 0.001942 0.474793 0.005912 1.595301
0.387976 0.048627 0.051884 0.029068 0.001933 0.474575 0.005937 1.600088
0.390628 0.047265 0.051220 0.028620 0.001936 0.474369 0.005961 1.604757
0.393217 0.046077 0.050549 0.028240 0.001939 0.473988 0.005989 1.609299
0.396021 0.044845 0.049834 0.027887 0.001944 0.473455 0.006014 1.613780
0.398680 0.043718 0.049117 0.027461 0.001949 0.473033 0.006043 1.618134
0.401438 0.042533 0.048479 0.027048 0.001952 0.472484 0.006067 1.622439
0.404206 0.041460 0.047748 0.026614 0.001953 0.471929 0.006092 1.626573
0.407106 0.040502 0.046959 0.026180 0.001937 0.471201 0.006117 1.630570
0.409862 0.039610 0.046269 0.025704 0.001933 0.470483 0.006140 1.634523
0.412868 0.038735 0.045523 0.025201 0.001917 0.469584 0.006172 1.638362
0.415774 0.037950 0.044736 0.024785 0.001912 0.468647 0.006196 1.642136
0.418628 0.037172 0.043941 0.024354 0.001899 0.467790 0.006216 1.645848
0.421480 0.036554 0.043134 0.023865 0.001882 0.466838 0.006249 1.649406
0.424420 0.035836 0.042351 0.023459 0.001873 0.465794 0.006268 1.652997
0.427263 0.035328 0.041590 0.023057 0.001857 0.464620 0.006287 1.656433
0.430221 0.034671 0.040985 0.022630 0.001825 0.463362 0.006308 1.659888
0.433193 0.034062 0.040254 0.022239 0.001814 0.462106 0.006332 1.663278
0.436121 0.033544 0.039490 0.021836 0.001811 0.460848 0.006350 1.666611
0.439097 0.033156 0.038808 0.021436 0.001800 0.459333 0.006370 1.669819
0.442135 0.032753 0.038166 0.021051 0.001786 0.457711 0.006398 1.673011
0.445090 0.032402 0.037543 0.020674 0.001773 0.456099 0.006418 1.676176
0.448059 0.032044 0.036843 0.020283 0.001758 0.454575 0.006439 1.679280
0.451008 0.031597 0.036329 0.020025 0.001730 0.452853 0.006459 1.682480
0.453828 0.031336 0.035741 0.019720 0.001722 0.451176 0.006478 1.685569
0.456741 0.031145 0.035185 0.019403 0.001702 0.449325 0.006499 1.688570
0.459593 0.030827 0.034695 0.019134 0.001684 0.447546 0.006521 1.691640
0.462377 0.030541 0.034202 0.018846 0.001673 0.445819 0.006542 1.694652
0.465282 0.030318 0.033604 0.018608 0.001662 0.443966 0.006558 1.697572
0.467995 0.030136 0.033105 0.018294 0.001642 0.442249 0.006580 1.700492
0.470726 0.029972 0.032672 0.018092 0.001616 0.440317 0.006604 1.703473
0.473476 0.029739 0.032250 0.017877 0.001592 0.438437 0.006628 1.706436
0.476092 0.029614 0.031885 0.017602 0.001571 0.436587 0.006650 1.709365
0.478786 0.029420 0.031525 0.017351 0.001543 0.434698 0.006676 1.712277
0.481539 0.029262 0.031137 0.017158 0.001520 0.432690 0.006694 1.715141
0.484146 0.029158 0.030768 0.016881 0.001501 0.430828 0.006717 1.717975
0.486753 0.029042 0.030391 0.016651 0.001479 0.428948 0.006736 1.720813
0.489377 0.028914 0.030020 0.016481 0.001441 0.427008 0.006759 1.723648
0.492107 0.028708 0.029696 0.016335 0.001419 0.424957 0.006780 1.726486
0.494684 0.028651 0.029348 0.016215 0.001415 0.422892 0.006795 1.729289
0.497213 0.028521 0.029117 0.016076 0.001403 0.420858 0.006811 1.732131
0.499674 0.028441 0.028885 0.015916 0.001382 0.418870 0.006834 1.734971
0.502125 0.028424 0.028586 0.015777 0.001366 0.416873 0.006850 1.737741
0.504484 0.028401 0.028338 0.015685 0.001355 0.414870 0.006867 1.740558
0.506878 0.028410 0.028097 0.015536 0.001344 0.412843 0.006891 1.743353
0.509174 0.028439 0.027872 0.015400 0.001320 0.410884 0.006910 1.746114
0.511474 0.028466 0.027717 0.015285 0.001302 0.408826 0.006929 1.748933
0.513776 0.028413 0.027575 0.015162 0.001299 0.406827 0.006947 1.751717
0.516059 0.028412 0.027439 0.015073 0.001293 0.404763 0.006961 1.754530
0.518242 0.028462 0.027344 0.015014 0.001276 0.402682 0.006980 1.757352
0.520478 0.028438 0.027200 0.014921 0.001262 0.400709 0.006992 1.760123
0.522683 0.028463 0.027097 0.014907 0.001244 0.398598 0.007008 1.762920
0.524826 0.028426 0.026984 0.014810 0.001232 0.396701 0.007022 1.765736
0.526845 0.028447 0.026894 0.014758 0.001225 0.394796 0.007035 1.768532
0.529006 0.028416 0.026788 0.014659 0.001210 0.392868 0.007052 1.771352
0.531019 0.028460 0.026696 0.014579 0.001194 0.390985 0.007066 1.774143
0.533113 0.028426 0.026543 0.014540 0.001189 0.389109 0.007080 1.776969
0.535124 0.028525 0.026379 0.014470 0.001185 0.387224 0.007094 1.779736
0.537125 0.028609 0.026350 0.014426 0.001164 0.385215 0.007110 1.782545
0.539060 0.028633 0.026234 0.014425 0.001149 0.383375 0.007125 1.785377
0.540961 0.028716 0.026145 0.014319 0.001127 0.381587 0.007145 1.788142
0.542768 0.028800 0.026176 0.014289 0.001096 0.379712 0.007158 1.791011
0.544551 0.028883 0.026109 0.014301 0.001087 0.377899 0.007169 1.793810
0.546256 0.028932 0.026111 0.014280 0.001069 0.376169 0.007183 1.796647
0.547934 0.029068 0.026134 0.014244 0.001065 0.374358 0.007198 1.799480
0.549584 0.029172 0.026117 0.014227 0.001049 0.372642 0.007211 1.802344
0.551178 0.029336 0.026068 0.014245 0.001041 0.370908 0.007224 1.805208
0.552847 0.029369 0.026094 0.014260 0.001033 0.369161 0.007235 1.808126
0.554503 0.029491 0.026071 0.014265 0.001025 0.367395 0.007249 1.810999
0.555976 0.029669 0.026151 0.014226 0.001008 0.365709 0.007262 1.813897
0.557523 0.029767 0.026154 0.014287 0.001003 0.363992 0.007274 1.816775
0.559067 0.029825 0.026208 0.014296 0.000986 0.362331 0.007286 1.819745
0.560542 0.030012 0.026181 0.014265 0.000982 0.360718 0.007301 1.822618
0.561934 0.030053 0.026204 0.014300 0.000975 0.359226 0.007309 1.825622
0.563259 0.030185 0.026224 0.014376 0.000977 0.357660 0.007319 1.828620
0.564608 0.030320 0.026226 0.014422 0.000968 0.356124 0.007332 1.831633
0.565896 0.030479 0.026310 0.014421 0.000958 0.354594 0.007342 1.834640
0.567085 0.030603 0.026384 0.014466 0.000961 0.353155 0.007348 1.837718
0.568321 0.030757 0.026443 0.014518 0.000952 0.351651 0.007359 1.840733
0.569516 0.030933 0.026487 0.014588 0.000933 0.350169 0.007374 1.843770
0.570667 0.031168 0.026561 0.014646 0.000928 0.348645 0.007387 1.846801
0.571794 0.031229 0.026691 0.014671 0.000914 0.347301 0.007400 1.849899
0.572883 0.031344 0.026840 0.014677 0.000905 0.345936 0.007415 1.852985
0.573981 0.031524 0.026972 0.014675 0.000897 0.344522 0.007429 1.856025
0.575000 0.031703 0.027084 0.014701 0.000902 0.343170 0.007440 1.859131
0.576007 0.031855 0.027200 0.014797 0.000906 0.341786 0.007451 1.862286
0.576956 0.032053 0.027169 0.014835 0.000896 0.340624 0.007466 1.865350
0.577774 0.032217 0.027301 0.014914 0.000898 0.339417 0.007479 1.868580
0.578722 0.032384 0.027297 0.014969 0.000896 0.338238 0.007493 1.871706
0.579538 0.032738 0.027345 0.014960 0.000893 0.337022 0.007504 1.874797
0.580356 0.032858 0.027519 0.015008 0.000895 0.335848 0.007517 1.878064
0.581110 0.032991 0.027643 0.015108 0.000891 0.334725 0.007530 1.881357
0.581863 0.033146 0.027792 0.015186 0.000891 0.333585 0.007537 1.884632
0.582575 0.033325 0.027853 0.015235 0.000897 0.332569 0.007546 1.887834
0.583299 0.033473 0.028003 0.015271 0.000894 0.331500 0.007561 1.891096
0.583956 0.033740 0.028105 0.015337 0.000898 0.330394 0.007570 1.894385
0.584492 0.033957 0.028172 0.015365 0.000900 0.329532 0.007582 1.897695
0.585051 0.033964 0.028310 0.015539 0.000914 0.328632 0.007591 1.901155
0.585532 0.034135 0.028389 0.015694 0.000921 0.327730 0.007601 1.904491
0.586041 0.034417 0.028526 0.015732 0.000930 0.326740 0.007614 1.907814
0.586581 0.034613 0.028651 0.015786 0.000930 0.325815 0.007625 1.911187
0.587144 0.034770 0.028806 0.015819 0.000932 0.324896 0.007634 1.914531
0.587635 0.034963 0.028995 0.015880 0.000937 0.323943 0.007647 1.917923
0.588164 0.035078 0.029134 0.015940 0.000934 0.323095 0.007657 1.921346
0.588491 0.035304 0.029237 0.016020 0.000935 0.322344 0.007670 1.924795
0.588830 0.035483 0.029381 0.016106 0.000934 0.321586 0.007681 1.928251
0.589213 0.035637 0.029501 0.016213 0.000929 0.320813 0.007694 1.931738
0.589503 0.035832 0.029685 0.016295 0.000928 0.320049 0.007708 1.935221
0.589826 0.036017 0.029801 0.016335 0.000931 0.319374 0.007716 1.938704
0.590031 0.036191 0.029997 0.016402 0.000940 0.318717 0.007722 1.942274
0.590312 0.036343 0.030138 0.016559 0.000941 0.317979 0.007728 1.945874
0.590648 0.036421 0.030298 0.016580 0.000936 0.317375 0.007741 1.949444
0.590884 0.036635 0.030393 0.016630 0.000946 0.316766 0.007746 1.952935
0.590996 0.036914 0.030583 0.016679 0.000950 0.316119 0.007759 1.956499
0.591175 0.037057 0.030744 0.016727 0.000947 0.315578 0.007772 1.960103
0.591442 0.037076 0.030876 0.016870 0.000948 0.315009 0.007780 1.963780
0.591628 0.037232 0.030981 0.016919 0.000938 0.314513 0.007788 1.967392
0.591829 0.037381 0.031128 0.016980 0.000934 0.313945 0.007803 1.971016
0.592081 0.037432 0.031269 0.017034 0.000946 0.313426 0.007812 1.974654
0.592319 0.037539 0.031431 0.017086 0.000949 0.312851 0.007827 1.978286
0.592486 0.037642 0.031577 0.017201 0.000949 0.312303 0.007842 1.981955
0.592496 0.037768 0.031765 0.017247 0.000945 0.311927 0.007853 1.985663
0.592591 0.037856 0.031954 0.017292 0.000945 0.311497 0.007866 1.989376
0.592635 0.037960 0.032130 0.017359 0.000951 0.311086 0.007880 1.993101
0.592716 0.038018 0.032250 0.017491 0.000957 0.310679 0.007889 1.996865
0.592668 0.038220 0.032307 0.017519 0.000954 0.310432 0.007901 2.000508
0.592658 0.038356 0.032453 0.017561 0.000951 0.310110 0.007912 2.004214
0.592711 0.038426 0.032625 0.017650 0.000943 0.309722 0.007925 2.008013
0.592726 0.038520 0.032701 0.017690 0.000953 0.309474 0.007936 2.011782
0.592819 0.038620 0.032802 0.017703 0.000953 0.309157 0.007945 2.015514
0.592808 0.038653 0.032976 0.017810 0.000962 0.308833 0.007959 2.019383
0.592662 0.038841 0.033046 0.017861 0.000971 0.308648 0.007972 2.023161
0.592610 0.038928 0.033203 0.017913 0.000968 0.308393 0.007985 2.026996
0.592544 0.039004 0.033308 0.017949 0.000977 0.308222 0.007996 2.030813
0.592435 0.039045 0.033398 0.018048 0.000983 0.308081 0.008011 2.034705
0.592356 0.039117 0.033519 0.018127 0.000988 0.307864 0.008029 2.038530
0.592265 0.039115 0.033693 0.018143 0.000998 0.307747 0.008039 2.042410
0.592225 0.039104 0.033798 0.018177 0.001001 0.307646 0.008047 2.046294
0.592100 0.039111 0.033829 0.018200 0.000999 0.307696 0.008064 2.050153
0.592150 0.039087 0.033946 0.018202 0.001000 0.307540 0.008074 2.054035
0.592115 0.039097 0.034016 0.018256 0.001010 0.307421 0.008084 2.057863
0.592139 0.039155 0.034053 0.018249 0.001011 0.307292 0.008101 2.061672
0.592104 0.039245 0.034119 0.018295 0.001003 0.307119 0.008113 2.065478
0.592008 0.039318 0.034168 0.018372 0.001009 0.307003 0.008122 2.069332
0.591973 0.039334 0.034276 0.018402 0.001013 0.306868 0.008133 2.073236
0.591911 0.039318 0.034345 0.018484 0.001011 0.306781 0.008150 2.077119
0.591890 0.039304 0.034452 0.018488 0.001025 0.306681 0.008160 2.081007
0.591883 0.039314 0.034486 0.018458 0.001026 0.306658 0.008175 2.084862
0.591783 0.039391 0.034511 0.018568 0.001030 0.306530 0.008187 2.088685
0.591684 0.039440 0.034524 0.018615 0.001031 0.306505 0.008201 2.092499
0.591606 0.039461 0.034506 0.018635 0.001041 0.306536 0.008214 2.096353
0.591585 0.039524 0.034546 0.018646 0.001043 0.306427 0.008229 2.100210
0.591513 0.039502 0.034619 0.018665 0.001048 0.306417 0.008237 2.104100
0.591436 0.039508 0.034722 0.018646 0.001053 0.306384 0.008251 2.107983
0.591468 0.039435 0.034755 0.018741 0.001050 0.306283 0.008269 2.111860
0.591347 0.039423 0.034807 0.018775 0.001048 0.306316 0.008285 2.115750
0.591242 0.039464 0.034827 0.018790 0.001045 0.306333 0.008301 2.119570
0.591320 0.039314 0.034888 0.018798 0.001047 0.306324 0.008311 2.123466
0.591234 0.039303 0.034898 0.018845 0.001045 0.306344 0.008332 2.127385
0.591246 0.039248 0.034933 0.018818 0.001051 0.306358 0.008345 2.131282
0.591321 0.039184 0.034876 0.018797 0.001062 0.306408 0.008352 2.135136
0.591219 0.039218 0.034818 0.018763 0.001053 0.306563 0.008366 2.138962
0.591113 0.039211 0.034827 0.018767 0.001057 0.306645 0.008379 2.142844
0.591138 0.039165 0.034860 0.018740 0.001052 0.306651 0.008393 2.146720
0.591211 0.039124 0.034866 0.018717 0.001044 0.306631 0.008408 2.150563
0.591244 0.039135 0.034955 0.018717 0.001058 0.306473 0.008418 2.154388
0.591301 0.039108 0.034984 0.018755 0.001065 0.306354 0.008433 2.158223
0.591335 0.039129 0.034918 0.018718 0.001046 0.306404 0.008450 2.161981
0.591350 0.039149 0.034936 0.018687 0.001050 0.306370 0.008459 2.165775
0.591438 0.039115 0.034961 0.018704 0.001056 0.306253 0.008473 2.169580
0.591488 0.039033 0.034992 0.018644 0.001062 0.306292 0.008489 2.173408
0.591492 0.039105 0.035026 0.018615 0.001059 0.306195 0.008508 2.177195
0.591596 0.039120 0.035035 0.018646 0.001063 0.306022 0.008519 2.180989
0.591588 0.039057 0.035103 0.018659 0.001059 0.305999 0.008534 2.184864
0.591612 0.039042 0.035047 0.018704 0.001062 0.305989 0.008543 2.188673
0.591605 0.039006 0.035016 0.018715 0.001074 0.306029 0.008556 2.192514
0.591657 0.038960 0.034939 0.018758 0.001084 0.306036 0.008566 2.196365
0.591714 0.038901 0.034852 0.018798 0.001081 0.306075 0.008579 2.200185
0.591715 0.038892 0.034902 0.018743 0.001088 0.306066 0.008594 2.204012
0.591782 0.038926 0.034861 0.018668 0.001101 0.306055 0.008608 2.207750
0.591857 0.038960 0.034796 0.018678 0.001104 0.305989 0.008617 2.211484
0.591995 0.038845 0.034820 0.018677 0.001093 0.305933 0.008638 2.215332
0.592019 0.038790 0.034863 0.018698 0.001086 0.305893 0.008651 2.219220
0.592185 0.038631 0.034887 0.018687 0.001099 0.305847 0.008663 2.223084
0.592293 0.038644 0.034825 0.018613 0.001102 0.305845 0.008679 2.226793
0.592292 0.038631 0.034868 0.018617 0.001099 0.305800 0.008694 2.230633
0.592310 0.038692 0.034794 0.018624 0.001107 0.305766 0.008707 2.234336
0.592429 0.038586 0.034833 0.018633 0.001114 0.305683 0.008722 2.238193
0.592514 0.038513 0.034715 0.018668 0.001110 0.305746 0.008734 2.241938
0.592579 0.038464 0.034688 0.018649 0.001115 0.305761 0.008745 2.245695
0.592639 0.038422 0.034585 0.018675 0.001123 0.305801 0.008756 2.249442
0.592704 0.038436 0.034550 0.018620 0.001136 0.305788 0.008766 2.253157
0.592790 0.038426 0.034520 0.018624 0.001142 0.305715 0.008783 2.256909
0.592852 0.038362 0.034482 0.018631 0.001133 0.305747 0.008795 2.260679
0.592960 0.038278 0.034548 0.018600 0.001130 0.305678 0.008805 2.264453
0.593071 0.038209 0.034548 0.018610 0.001125 0.305619 0.008818 2.268205
0.593195 0.038135 0.034503 0.018603 0.001123 0.305608 0.008833 2.271991
0.593284 0.038059 0.034512 0.018581 0.001126 0.305591 0.008848 2.275758
0.593454 0.037990 0.034461 0.018581 0.001128 0.305525 0.008860 2.279501
0.593561 0.037956 0.034406 0.018591 0.001130 0.305483 0.008874 2.283265
0.593674 0.037896 0.034383 0.018573 0.001133 0.305451 0.008890 2.287019
0.593763 0.037760 0.034322 0.018609 0.001127 0.305518 0.008902 2.290750
0.593979 0.037648 0.034301 0.018589 0.001122 0.305448 0.008914 2.294476
0.594207 0.037600 0.034224 0.018535 0.001118 0.305389 0.008926 2.298161
0.594342 0.037585 0.034142 0.018493 0.001115 0.305382 0.008942 2.301788
0.594504 0.037558 0.034158 0.018444 0.001106 0.305269 0.008962 2.305498
0.594732 0.037543 0.034156 0.018396 0.001104 0.305091 0.008977 2.309165
0.594966 0.037485 0.034138 0.018404 0.001109 0.304909 0.008990 2.312862
0.595295 0.037396 0.034086 0.018376 0.001102 0.304739 0.009006 2.316532
0.595416 0.037402 0.033977 0.018387 0.001105 0.304703 0.009011 2.320168
0.595534 0.037375 0.034002 0.018309 0.001098 0.304654 0.009027 2.323830
0.595708 0.037358 0.033931 0.018281 0.001100 0.304585 0.009038 2.327508
0.595851 0.037332 0.033894 0.018258 0.001103 0.304512 0.009051 2.331192
0.596039 0.037315 0.033915 0.018251 0.001100 0.304317 0.009064 2.334828
0.596177 0.037399 0.033892 0.018228 0.001105 0.304129 0.009071 2.338474
0.596090 0.037451 0.033810 0.018212 0.001104 0.304251 0.009082 2.342167
0.596188 0.037443 0.033774 0.018162 0.001110 0.304226 0.009097 2.345824
0.596348 0.037428 0.033711 0.018193 0.001106 0.304102 0.009112 2.349499
0.596447 0.037377 0.033629 0.018192 0.001100 0.304131 0.009125 2.353166
0.596695 0.037254 0.033637 0.018193 0.001100 0.303985 0.009138 2.356865
0.596839 0.037296 0.033632 0.018178 0.001093 0.303814 0.009149 2.360500
0.596959 0.037285 0.033619 0.018182 0.001110 0.303685 0.009161 2.364177
0.597138 0.037269 0.033593 0.018219 0.001105 0.303505 0.009171 2.367812
0.597238 0.037126 0.033684 0.018227 0.001094 0.303445 0.009186 2.371541
0.597407 0.037149 0.033603 0.018163 0.001097 0.303383 0.009198 2.375143
0.597547 0.037117 0.033572 0.018175 0.001092 0.303289 0.009208 2.378794
0.597737 0.037098 0.033505 0.018108 0.001099 0.303235 0.009218 2.382398
0.597870 0.037012 0.033536 0.018125 0.001099 0.303128 0.009229 2.386095
0.598061 0.036954 0.033526 0.018079 0.001112 0.303025 0.009243 2.389730
0.598193 0.036940 0.033545 0.018074 0.001105 0.302884 0.009258 2.393422
0.598440 0.036884 0.033485 0.018054 0.001100 0.302762 0.009275 2.397021
0.598602 0.036815 0.033537 0.018059 0.001096 0.302603 0.009289 2.400688
0.598807 0.036811 0.033462 0.017969 0.001100 0.302547 0.009305 2.404262
0.599049 0.036746 0.033367 0.017953 0.001098 0.302467 0.009321 2.407852
0.599216 0.036695 0.033273 0.017969 0.001104 0.302411 0.009332 2.411502
0.599397 0.036650 0.033216 0.017955 0.001102 0.302333 0.009348 2.415189
0.599644 0.036494 0.033206 0.018005 0.001097 0.302192 0.009361 2.418840
0.599880 0.036508 0.033085 0.017952 0.001090 0.302110 0.009376 2.422379
0.600138 0.036452 0.033107 0.017888 0.001090 0.301939 0.009387 2.425975
0.600349 0.036410 0.033075 0.017889 0.001099 0.301779 0.009400 2.429574
0.600543 0.036401 0.033120 0.017871 0.001097 0.301553 0.009417 2.433204
0.600622 0.036390 0.033114 0.017866 0.001104 0.301474 0.009430 2.436794
0.600744 0.036400 0.033059 0.017804 0.001111 0.301446 0.009437 2.440357
0.600921 0.036398 0.033088 0.017763 0.001101 0.301274 0.009454 2.443921
0.601080 0.036438 0.033083 0.017720 0.001100 0.301112 0.009467 2.447500
0.601184 0.036497 0.033024 0.017734 0.001092 0.300985 0.009485 2.451061
0.601410 0.036516 0.033067 0.017669 0.001091 0.300752 0.009496 2.454630
0.601609 0.036538 0.032926 0.017666 0.001089 0.300664 0.009509 2.458151
0.601836 0.036570 0.032831 0.017655 0.001088 0.300503 0.009517 2.461720
0.602029 0.036544 0.032853 0.017637 0.001080 0.300327 0.009529 2.465338
0.602172 0.036554 0.032848 0.017626 0.001077 0.300180 0.009543 2.468932
0.602379 0.036549 0.032778 0.017604 0.001080 0.300060 0.009550 2.472487
0.602502 0.036526 0.032795 0.017547 0.001092 0.299979 0.009560 2.476093
0.602754 0.036479 0.032825 0.017527 0.001097 0.299745 0.009573 2.479687
0.602835 0.036533 0.032779 0.017541 0.001090 0.299633 0.009588 2.483271
0.602981 0.036579 0.032755 0.017566 0.001086 0.299433 0.009599 2.486854
0.603153 0.036557 0.032816 0.017540 0.001084 0.299235 0.009615 2.490445
0.603172 0.036619 0.032832 0.017487 0.001078 0.299183 0.009630 2.494045
0.603348 0.036614 0.032821 0.017454 0.001072 0.299044 0.009646 2.497628
0.603465 0.036568 0.032821 0.017513 0.001070 0.298904 0.009660 2.501272
0.603466 0.036763 0.032780 0.017519 0.001072 0.298730 0.009671 2.504827
0.603568 0.036726 0.032867 0.017463 0.001068 0.298624 0.009684 2.508465
0.603723 0.036736 0.032829 0.017440 0.001071 0.298503 0.009699 2.512071
0.603878 0.036691 0.032869 0.017458 0.001074 0.298317 0.009713 2.515719
0.603928 0.036709 0.032902 0.017488 0.001064 0.298183 0.009727 2.519338
0.604043 0.036717 0.032900 0.017525 0.001065 0.298010 0.009740 2.522902
0.604113 0.036642 0.032925 0.017527 0.001069 0.297969 0.009754 2.526565
0.604313 0.036548 0.032921 0.017506 0.001067 0.297880 0.009765 2.530171
0.604350 0.036709 0.032872 0.017538 0.001075 0.297684 0.009773 2.533729
0.604475 0.036680 0.032843 0.017513 0.001080 0.297623 0.009786 2.537317
0.604594 0.036629 0.032873 0.017580 0.001078 0.297448 0.009799 2.540980
0.604745 0.036606 0.032879 0.017653 0.001083 0.297223 0.009812 2.544640
0.604813 0.036610 0.032911 0.017632 0.001084 0.297133 0.009819 2.548270
0.604973 0.036561 0.032905 0.017623 0.001089 0.297017 0.009832 2.551866
0.604984 0.036599 0.032958 0.017655 0.001086 0.296876 0.009843 2.555475
0.605162 0.036516 0.032976 0.017630 0.001089 0.296769 0.009859 2.559120
0.605366 0.036515 0.032979 0.017652 0.001074 0.296544 0.009872 2.562713
0.605459 0.036573 0.032955 0.017678 0.001062 0.296382 0.009891 2.566288
0.605530 0.036625 0.032863 0.017648 0.001068 0.296366 0.009903 2.569894
0.605672 0.036671 0.032816 0.017635 0.001053 0.296235 0.009917 2.573430
0.605706 0.036672 0.032898 0.017635 0.001053 0.296103 0.009932 2.577054
0.605710 0.036774 0.032869 0.017639 0.001040 0.296021 0.009948 2.580620
0.605792 0.036747 0.032820 0.017643 0.001033 0.296004 0.009961 2.584247
0.605853 0.036776 0.032790 0.017699 0.001031 0.295876 0.009974 2.587857
0.605953 0.036853 0.032800 0.017677 0.001030 0.295699 0.009989 2.591430
0.605932 0.036952 0.032789 0.017688 0.001039 0.295600 0.009999 2.595022
0.605967 0.037021 0.032729 0.017686 0.001027 0.295559 0.010011 2.598578
0.605921 0.037043 0.032759 0.017723 0.001025 0.295505 0.010023 2.602223
0.605966 0.037083 0.032802 0.017712 0.001041 0.295361 0.010035 2.605837
0.606109 0.037138 0.032785 0.017745 0.001045 0.295135 0.010045 2.609416
0.606146 0.037226 0.032780 0.017720 0.001030 0.295040 0.010059 2.612975
0.606225 0.037171 0.032874 0.017710 0.001022 0.294928 0.010072 2.616644
0.606233 0.037193 0.032800 0.017739 0.001026 0.294923 0.010086 2.620298
0.606237 0.037130 0.032875 0.017792 0.001036 0.294837 0.010092 2.624018
0.606333 0.037114 0.032892 0.017786 0.001036 0.294736 0.010104 2.627665
0.606369 0.037164 0.033000 0.017774 0.001032 0.294547 0.010114 2.631318
0.606413 0.037219 0.032921 0.017774 0.001028 0.294518 0.010127 2.634877
0.606396 0.037160 0.032958 0.017798 0.001026 0.294517 0.010145 2.638575
0.606362 0.037264 0.032926 0.017770 0.001026 0.294495 0.010155 2.642190
0.606373 0.037233 0.032963 0.017773 0.001030 0.294463 0.010165 2.645889
0.606300 0.037205 0.033076 0.017697 0.001029 0.294514 0.010180 2.649583
0.606352 0.037234 0.033126 0.017675 0.001037 0.294385 0.010193 2.653207
0.606409 0.037133 0.033177 0.017712 0.001032 0.294332 0.010204 2.656945
0.606365 0.037134 0.033148 0.017777 0.001027 0.294335 0.010214 2.660638
0.606344 0.037126 0.033127 0.017798 0.001029 0.294348 0.010228 2.664263
0.606270 0.037191 0.033048 0.017780 0.001037 0.294436 0.010239 2.667882
0.606271 0.037107 0.033027 0.017783 0.001036 0.294524 0.010253 2.671565
0.606308 0.036992 0.033177 0.017801 0.001030 0.294429 0.010264 2.675316
0.606300 0.037107 0.033073 0.017799 0.001025 0.294421 0.010276 2.678860
0.606191 0.037179 0.033116 0.017867 0.001029 0.294335 0.010284 2.682508
0.606162 0.037104 0.033141 0.017851 0.001030 0.294414 0.010299 2.686212
0.606136 0.037157 0.033072 0.017860 0.001027 0.294437 0.010311 2.689832
0.606176 0.037164 0.033115 0.017851 0.001026 0.294347 0.010322 2.693442
0.606173 0.037211 0.033125 0.017864 0.001027 0.294269 0.010332 2.697043
0.606133 0.037335 0.033082 0.017866 0.001031 0.294210 0.010343 2.700657
0.606234 0.037285 0.033118 0.017873 0.001030 0.294108 0.010353 2.704327
0.606238 0.037292 0.033118 0.017847 0.001038 0.294102 0.010365 2.707974
0.606267 0.037391 0.033122 0.017795 0.001046 0.294000 0.010379 2.711571
0.606206 0.037435 0.033116 0.017793 0.001049 0.294009 0.010393 2.715225
0.606229 0.037469 0.033109 0.017766 0.001049 0.293973 0.010406 2.718850
0.606161 0.037521 0.033105 0.017829 0.001050 0.293917 0.010417 2.722512
0.606251 0.037531 0.033165 0.017809 0.001047 0.293763 0.010433 2.726143
0.606203 0.037637 0.033208 0.017804 0.001059 0.293645 0.010444 2.729790
0.606106 0.037719 0.033280 0.017771 0.001062 0.293604 0.010458 2.733462
0.606174 0.037567 0.033350 0.017829 0.001065 0.293549 0.010467 2.737187
0.606177 0.037562 0.033426 0.017862 0.001053 0.293443 0.010478 2.740920
0.606162 0.037554 0.033461 0.017822 0.001051 0.293460 0.010491 2.744617
0.606214 0.037495 0.033462 0.017894 0.001058 0.293374 0.010503 2.748317
0.606177 0.037478 0.033499 0.017904 0.001055 0.293374 0.010513 2.752015
0.606107 0.037577 0.033480 0.017841 0.001047 0.293423 0.010525 2.755624
0.606085 0.037592 0.033520 0.017835 0.001045 0.293378 0.010545 2.759301
0.606067 0.037624 0.033539 0.017829 0.001055 0.293330 0.010555 2.762951
0.606046 0.037607 0.033598 0.017822 0.001061 0.293300 0.010566 2.766657
0.606034 0.037592 0.033592 0.017808 0.001061 0.293335 0.010577 2.770350
0.606015 0.037608 0.033534 0.017889 0.001060 0.293305 0.010589 2.774027
0.605995 0.037584 0.033621 0.017895 0.001062 0.293237 0.010606 2.777753
0.606014 0.037518 0.033552 0.017863 0.001064 0.293371 0.010618 2.781455
0.605959 0.037592 0.033489 0.017871 0.001055 0.293402 0.010631 2.785097
0.605878 0.037652 0.033467 0.017908 0.001048 0.293403 0.010643 2.788775
0.605793 0.037713 0.033497 0.017949 0.001052 0.293337 0.010658 2.792520
0.605841 0.037741 0.033496 0.018020 0.001063 0.293169 0.010670 2.796206
0.605801 0.037708 0.033553 0.018017 0.001072 0.293167 0.010683 2.799967
0.605745 0.037764 0.033516 0.018025 0.001078 0.293178 0.010695 2.803658
0.605794 0.037696 0.033574 0.018069 0.001071 0.293088 0.010708 2.807392
0.605697 0.037708 0.033587 0.018020 0.001068 0.293199 0.010721 2.811069
0.605615 0.037740 0.033564 0.017987 0.001071 0.293293 0.010731 2.814736
0.605513 0.037785 0.033538 0.017977 0.001084 0.293364 0.010739 2.818430
0.605426 0.037817 0.033531 0.018014 0.001078 0.293382 0.010752 2.822102
0.605406 0.037772 0.033529 0.018031 0.001070 0.293424 0.010768 2.825825
0.605496 0.037698 0.033538 0.018028 0.001056 0.293402 0.010783 2.829483
0.605497 0.037606 0.033541 0.018063 0.001051 0.293449 0.010792 2.833262
0.605368 0.037587 0.033527 0.018077 0.001049 0.293586 0.010805 2.836986
0.605386 0.037573 0.033509 0.018105 0.001042 0.293562 0.010822 2.840664
0.605371 0.037440 0.033548 0.018100 0.001046 0.293660 0.010835 2.844377
0.605324 0.037521 0.033513 0.018039 0.001042 0.293714 0.010847 2.847973
0.605314 0.037505 0.033449 0.018060 0.001044 0.293767 0.010860 2.851668
0.605372 0.037436 0.033472 0.018052 0.001046 0.293750 0.010872 2.855379
0.605328 0.037487 0.033444 0.018048 0.001045 0.293762 0.010886 2.859012
0.605370 0.037430 0.033518 0.018074 0.001052 0.293656 0.010899 2.862688
0.605425 0.037472 0.033489 0.018062 0.001049 0.293594 0.010909 2.866325
0.605498 0.037457 0.033508 0.018026 0.001048 0.293543 0.010919 2.869974
0.605460 0.037500 0.033498 0.018060 0.001034 0.293513 0.010934 2.873639
0.605536 0.037515 0.033499 0.018027 0.001032 0.293446 0.010944 2.877314
0.605634 0.037472 0.033415 0.018025 0.001035 0.293461 0.010959 2.880989
0.605634 0.037460 0.033465 0.018016 0.001025 0.293429 0.010972 2.884670
0.605582 0.037496 0.033451 0.017991 0.001030 0.293466 0.010984 2.888326
0.605604 0.037478 0.033439 0.017936 0.001040 0.293510 0.010993 2.891970
0.605557 0.037474 0.033398 0.018023 0.001043 0.293502 0.011004 2.895693
0.605661 0.037497 0.033387 0.018031 0.001041 0.293370 0.011013 2.899335
0.605669 0.037432 0.033421 0.017995 0.001032 0.293427 0.011025 2.903014
0.605611 0.037464 0.033315 0.017985 0.001031 0.293560 0.011034 2.906623
0.605702 0.037407 0.033293 0.017993 0.001023 0.293535 0.011047 2.910315
0.605793 0.037247 0.033361 0.018018 0.001024 0.293493 0.011063 2.914089
0.605850 0.037228 0.033375 0.017971 0.001023 0.293479 0.011075 2.917687
0.605905 0.037129 0.033435 0.018030 0.001015 0.293397 0.011089 2.921433
0.605985 0.037080 0.033478 0.018035 0.001013 0.293305 0.011103 2.925069
0.606020 0.037122 0.033405 0.018002 0.001018 0.293317 0.011116 2.928683
0.606073 0.037082 0.033378 0.018014 0.001025 0.293298 0.011129 2.932360
0.606058 0.037085 0.033340 0.017978 0.001027 0.293372 0.011140 2.936006
0.606130 0.037227 0.033306 0.017954 0.001039 0.293191 0.011154 2.939549
0.606084 0.037249 0.033299 0.017941 0.001024 0.293235 0.011168 2.943249
0.606192 0.037171 0.033338 0.017904 0.001019 0.293197 0.011180 2.946913
0.606247 0.037139 0.033421 0.017861 0.001009 0.293128 0.011195 2.950580
0.606225 0.037145 0.033356 0.017839 0.001014 0.293215 0.011207 2.954225
0.606239 0.037124 0.033293 0.017889 0.001007 0.293233 0.011215 2.957871
0.606279 0.037062 0.033328 0.017898 0.001015 0.293191 0.011227 2.961548
0.606411 0.036973 0.033262 0.017891 0.001022 0.293203 0.011238 2.965196
0.606384 0.037029 0.033242 0.017855 0.001025 0.293213 0.011252 2.968796
0.606438 0.036980 0.033247 0.017864 0.001021 0.293187 0.011263 2.972480
0.606562 0.037003 0.033161 0.017870 0.001018 0.293112 0.011273 2.976045
0.606590 0.036951 0.033211 0.017869 0.001027 0.293065 0.011287 2.979721
0.606558 0.037022 0.033138 0.017856 0.001029 0.293096 0.011301 2.983291
0.606639 0.036979 0.033093 0.017825 0.001022 0.293124 0.011317 2.986862
0.606641 0.037022 0.033049 0.017830 0.001027 0.293104 0.011327 2.990443
0.606702 0.036966 0.033031 0.017931 0.001025 0.293006 0.011340 2.994134
0.606740 0.036977 0.033010 0.017900 0.001036 0.292986 0.011351 2.997764
0.606883 0.036970 0.033025 0.017861 0.001042 0.292859 0.011361 3.001356
0.606957 0.036964 0.032959 0.017830 0.001046 0.292874 0.011371 3.004958
0.606906 0.037035 0.032868 0.017813 0.001047 0.292944 0.011385 3.008544
0.606980 0.036921 0.032917 0.017849 0.001048 0.292891 0.011395 3.012223
0.607038 0.036894 0.032922 0.017874 0.001043 0.292821 0.011407 3.015848
0.607084 0.036867 0.032961 0.017862 0.001048 0.292756 0.011421 3.019495
0.607155 0.036915 0.032949 0.017827 0.001047 0.292674 0.011434 3.023122
0.607225 0.036911 0.032908 0.017801 0.001048 0.292660 0.011447 3.026764
0.607245 0.036950 0.032901 0.017790 0.001060 0.292595 0.011459 3.030376
0.607229 0.036974 0.032903 0.017744 0.001059 0.292618 0.011473 3.033986
0.607304 0.037002 0.032814 0.017755 0.001053 0.292588 0.011486 3.037554
0.607270 0.037000 0.032833 0.017790 0.001054 0.292558 0.011496 3.041205
0.607285 0.037003 0.032858 0.017774 0.001051 0.292523 0.011508 3.044817
0.607328 0.037037 0.032838 0.017792 0.001055 0.292430 0.011519 3.048371
0.607282 0.037164 0.032886 0.017744 0.001062 0.292333 0.011530 3.051950
0.607296 0.037145 0.032860 0.017746 0.001063 0.292347 0.011542 3.055594
0.607250 0.037180 0.032856 0.017733 0.001060 0.292366 0.011556 3.059216
0.607264 0.037113 0.032842 0.017789 0.001067 0.292360 0.011565 3.062903
0.607378 0.037035 0.032975 0.017718 0.001070 0.292246 0.011578 3.066548
0.607338 0.037013 0.033040 0.017752 0.001072 0.292196 0.011589 3.070219
0.607443 0.037023 0.033072 0.017743 0.001068 0.292045 0.011604 3.073855
0.607474 0.037032 0.033053 0.017700 0.001073 0.292053 0.011614 3.077470
0.607469 0.037038 0.033018 0.017692 0.001084 0.292075 0.011625 3.081120
0.607427 0.037013 0.033074 0.017630 0.001089 0.292134 0.011633 3.084778
0.607518 0.036996 0.033096 0.017623 0.001084 0.292036 0.011648 3.088381
0.607499 0.037025 0.033094 0.017646 0.001084 0.291993 0.011659 3.091978
0.607462 0.037132 0.032999 0.017699 0.001076 0.291961 0.011671 3.095550
0.607471 0.037178 0.032968 0.017677 0.001083 0.291940 0.011683 3.099130
0.607462 0.037186 0.033008 0.017665 0.001078 0.291903 0.011698 3.102789
0.607395 0.037177 0.033064 0.017695 0.001068 0.291887 0.011715 3.106490
0.607342 0.037231 0.033122 0.017636 0.001071 0.291872 0.011727 3.110093
0.607337 0.037234 0.033159 0.017623 0.001063 0.291844 0.011741 3.113718
0.607342 0.037173 0.033137 0.017630 0.001060 0.291903 0.011756 3.117379
0.607347 0.037204 0.033128 0.017643 0.001065 0.291850 0.011763 3.121022
0.607378 0.037192 0.033181 0.017653 0.001058 0.291764 0.011775 3.124690
0.607394 0.037143 0.033177 0.017675 0.001054 0.291771 0.011787 3.128383
0.607405 0.037185 0.033170 0.017682 0.001056 0.291705 0.011797 3.132017
0.607386 0.037109 0.033197 0.017713 0.001058 0.291726 0.011810 3.135706
0.607363 0.037156 0.033217 0.017767 0.001057 0.291620 0.011820 3.139373
0.607218 0.037201 0.033260 0.017760 0.001043 0.291683 0.011835 3.143034
0.607116 0.037266 0.033249 0.017763 0.001047 0.291712 0.011848 3.146642
0.607225 0.037173 0.033256 0.017754 0.001047 0.291683 0.011862 3.150311
0.607275 0.037029 0.033307 0.017760 0.001037 0.291719 0.011874 3.154039
0.607199 0.037005 0.033402 0.017744 0.001037 0.291726 0.011888 3.157713
0.607248 0.037025 0.033390 0.017768 0.001033 0.291634 0.011901 3.161309
0.607211 0.037066 0.033385 0.017763 0.001035 0.291624 0.011915 3.164933
0.607250 0.037011 0.033331 0.017753 0.001036 0.291691 0.011928 3.168585
0.607295 0.036959 0.033321 0.017740 0.001041 0.291704 0.011941 3.172227
0.607255 0.037081 0.033240 0.017676 0.001046 0.291749 0.011952 3.175793
0.607224 0.037123 0.033167 0.017680 0.001041 0.291800 0.011966 3.179389
0.607203 0.037181 0.033190 0.017678 0.001041 0.291727 0.011980 3.183029
0.607197 0.037088 0.033229 0.017762 0.001045 0.291684 0.011994 3.186737
0.607244 0.037013 0.033238 0.017757 0.001046 0.291698 0.012003 3.190410
0.607226 0.037057 0.033177 0.017748 0.001048 0.291730 0.012016 3.194013
0.607089 0.037146 0.033154 0.017738 0.001048 0.291798 0.012027 3.197628
0.607073 0.037202 0.033123 0.017699 0.001040 0.291820 0.012043 3.201225
0.607068 0.037276 0.033081 0.017664 0.001056 0.291803 0.012053 3.204777
0.607017 0.037274 0.033134 0.017665 0.001058 0.291790 0.012062 3.208403
0.607112 0.037233 0.033213 0.017698 0.001053 0.291618 0.012073 3.212040
0.607140 0.037161 0.033326 0.017707 0.001057 0.291527 0.012083 3.215768
0.607250 0.037035 0.033358 0.017691 0.001066 0.291511 0.012090 3.219455
0.607249 0.036981 0.033370 0.017673 0.001055 0.291567 0.012105 3.223120
0.607231 0.037057 0.033376 0.017686 0.001061 0.291474 0.012116 3.226709
0.607308 0.037009 0.033417 0.017685 0.001061 0.291391 0.012129 3.230363
0.607284 0.036976 0.033440 0.017721 0.001065 0.291371 0.012143 3.234058
0.607299 0.037000 0.033450 0.017693 0.001060 0.291346 0.012152 3.237654
0.607268 0.037004 0.033486 0.017654 0.001054 0.291373 0.012163 3.241273
0.607281 0.037081 0.033450 0.017660 0.001050 0.291302 0.012177 3.244842
0.607237 0.037013 0.033454 0.017686 0.001047 0.291372 0.012191 3.248522
0.607306 0.036918 0.033513 0.017700 0.001047 0.291313 0.012203 3.252193
0.607458 0.036884 0.033426 0.017692 0.001056 0.291267 0.012217 3.255802
0.607285 0.037025 0.033364 0.017715 0.001060 0.291321 0.012231 3.259407
0.607279 0.037098 0.033299 0.017754 0.001057 0.291268 0.012246 3.262994
0.607250 0.037169 0.033262 0.017745 0.001057 0.291259 0.012260 3.266594
0.607206 0.037143 0.033339 0.017732 0.001056 0.291255 0.012269 3.270257
0.607222 0.037110 0.033288 0.017811 0.001052 0.291237 0.012282 3.273931
0.607137 0.037182 0.033255 0.017819 0.001052 0.291264 0.012292 3.277528
0.607152 0.037124 0.033269 0.017856 0.001057 0.291237 0.012306 3.281173
0.607230 0.037016 0.033271 0.017866 0.001054 0.291243 0.012320 3.284821
0.607201 0.037099 0.033271 0.017895 0.001052 0.291150 0.012330 3.288413
0.607190 0.037123 0.033277 0.017849 0.001054 0.291166 0.012341 3.292040
0.607244 0.037098 0.033303 0.017901 0.001042 0.291058 0.012354 3.295691
0.607264 0.037100 0.033261 0.017833 0.001037 0.291142 0.012365 3.299324
0.607251 0.037123 0.033248 0.017778 0.001028 0.291192 0.012382 3.302921
0.607108 0.037165 0.033300 0.017762 0.001028 0.291244 0.012392 3.306617
0.607122 0.037185 0.033288 0.017815 0.001023 0.291161 0.012406 3.310258
0.607066 0.037118 0.033301 0.017809 0.001026 0.291259 0.012422 3.313948
0.607052 0.037162 0.033151 0.017776 0.001023 0.291403 0.012432 3.317535
0.606970 0.037239 0.033204 0.017730 0.001026 0.291382 0.012448 3.321116
0.606964 0.037174 0.033179 0.017794 0.001027 0.291396 0.012466 3.324826
0.606867 0.037277 0.033199 0.017794 0.001025 0.291360 0.012479 3.328441
0.606753 0.037405 0.033195 0.017789 0.001020 0.291346 0.012493 3.332029
0.606609 0.037410 0.033220 0.017849 0.001023 0.291380 0.012510 3.335729
0.606653 0.037228 0.033317 0.017881 0.001029 0.291370 0.012523 3.339468
0.606595 0.037162 0.033351 0.017941 0.001028 0.291389 0.012533 3.343191
0.606552 0.037192 0.033294 0.017993 0.001019 0.291399 0.012550 3.346855
0.606646 0.037174 0.033194 0.017928 0.001024 0.291473 0.012561 3.350430
0.606688 0.037145 0.033179 0.017963 0.001028 0.291428 0.012568 3.354085
0.606735 0.037085 0.033197 0.017961 0.001029 0.291414 0.012580 3.357721
0.606755 0.037074 0.033183 0.017983 0.001016 0.291401 0.012589 3.361304
0.606758 0.037034 0.033235 0.017985 0.001026 0.291360 0.012602 3.365002
0.606792 0.037002 0.033264 0.017944 0.001034 0.291350 0.012613 3.368649
0.606869 0.037014 0.033214 0.017889 0.001037 0.291351 0.012627 3.372215
0.606858 0.036954 0.033260 0.017898 0.001039 0.291353 0.012638 3.375904
0.606881 0.037025 0.033251 0.017873 0.001029 0.291287 0.012654 3.379494
0.606896 0.037055 0.033195 0.017858 0.001028 0.291304 0.012664 3.383100
0.606882 0.037031 0.033232 0.017843 0.001028 0.291305 0.012678 3.386715
0.606953 0.036992 0.033238 0.017840 0.001031 0.291255 0.012691 3.390368
0.606998 0.037011 0.033166 0.017846 0.001026 0.291255 0.012700 3.393984
0.606918 0.037073 0.033134 0.017879 0.001035 0.291251 0.012710 3.397603
0.606820 0.037150 0.033146 0.017851 0.001036 0.291275 0.012722 3.401242
0.606803 0.037141 0.033182 0.017878 0.001045 0.291215 0.012736 3.404903
0.606791 0.037199 0.033195 0.017820 0.001042 0.291208 0.012747 3.408529
0.606819 0.037185 0.033203 0.017845 0.001044 0.291147 0.012757 3.412183
0.606748 0.037287 0.033199 0.017858 0.001043 0.291095 0.012770 3.415785
0.606757 0.037233 0.033211 0.017871 0.001030 0.291116 0.012781 3.419451
0.606697 0.037234 0.033200 0.017926 0.001024 0.291124 0.012795 3.423125
0.606667 0.037277 0.033166 0.017907 0.001026 0.291152 0.012804 3.426734
0.606592 0.037366 0.033183 0.017878 0.001021 0.291144 0.012815 3.430354
0.606577 0.037302 0.033147 0.017834 0.001028 0.291285 0.012828 3.434020
0.606483 0.037364 0.033141 0.017708 0.001032 0.291430 0.012842 3.437597
0.606444 0.037406 0.033165 0.017678 0.001037 0.291416 0.012855 3.441242
0.606548 0.037378 0.033172 0.017672 0.001042 0.291320 0.012867 3.444886
0.606504 0.037306 0.033243 0.017705 0.001048 0.291319 0.012876 3.448594
0.606540 0.037328 0.033170 0.017729 0.001040 0.291300 0.012893 3.452205
0.606624 0.037319 0.033199 0.017719 0.001037 0.291194 0.012907 3.455830
0.606597 0.037418 0.033210 0.017741 0.001033 0.291083 0.012920 3.459427
0.606519 0.037514 0.033207 0.017750 0.001035 0.291046 0.012928 3.463089
0.606450 0.037530 0.033227 0.017775 0.001025 0.291049 0.012943 3.466718
0.606449 0.037591 0.033255 0.017738 0.001029 0.290981 0.012956 3.470374
0.606406 0.037511 0.033278 0.017766 0.001038 0.291031 0.012971 3.474127
0.606417 0.037496 0.033261 0.017739 0.001030 0.291071 0.012987 3.477763
0.606388 0.037546 0.033278 0.017740 0.001020 0.291026 0.013001 3.481398
0.606435 0.037495 0.033286 0.017770 0.001026 0.290977 0.013011 3.485059
0.606394 0.037501 0.033312 0.017805 0.001027 0.290938 0.013024 3.488725
0.606335 0.037471 0.033358 0.017827 0.001029 0.290942 0.013037 3.492460
0.606348 0.037457 0.033356 0.017873 0.001026 0.290887 0.013053 3.496149
0.606295 0.037498 0.033347 0.017907 0.001020 0.290865 0.013068 3.499863
0.606243 0.037562 0.033360 0.017877 0.001016 0.290862 0.013080 3.503508
0.606199 0.037582 0.033385 0.017907 0.001013 0.290821 0.013092 3.507225
0.606104 0.037561 0.033451 0.017942 0.000999 0.290837 0.013106 3.510951
0.606146 0.037607 0.033413 0.017964 0.001004 0.290749 0.013118 3.514580
0.606030 0.037606 0.033441 0.018000 0.001008 0.290784 0.013130 3.518344
0.606065 0.037540 0.033506 0.017972 0.001016 0.290758 0.013142 3.522039
0.605930 0.037622 0.033478 0.017952 0.001018 0.290846 0.013153 3.525666
0.605832 0.037579 0.033480 0.018004 0.001022 0.290915 0.013167 3.529430
0.605729 0.037568 0.033472 0.018029 0.001029 0.290992 0.013181 3.533162
0.605566 0.037619 0.033444 0.018027 0.001037 0.291114 0.013193 3.536822
0.605523 0.037619 0.033323 0.018029 0.001043 0.291258 0.013206 3.540483
0.605566 0.037458 0.033405 0.018016 0.001041 0.291296 0.013218 3.544254
0.605556 0.037435 0.033410 0.018058 0.001034 0.291279 0.013229 3.547943
