0.370649 0.061407 0.054690 0.031247 0.001905 0.474402 0.005699 1.551365
0.373274 0.058801 0.054669 0.031057 0.001916 0.474562 0.005722 1.557335
0.376738 0.055826 0.054446 0.030710 0.001930 0.474603 0.005745 1.562846
0.380572 0.052712 0.054138 0.030211 0.001935 0.474663 0.005768 1.568059
0.384777 0.049419 0.053662 0.029727 0.001944 0.474678 0.005793 1.573062
0.389253 0.046201 0.052989 0.029095 0.001940 0.474700 0.005821 1.577722
0.393789 0.043118 0.052075 0.028392 0.001934 0.474841 0.005851 1.582099
0.398614 0.040156 0.051291 0.027697 0.001918 0.474441 0.005884 1.586232
0.403547 0.037305 0.050376 0.026982 0.001911 0.473968 0.005911 1.590101
0.408582 0.034548 0.049285 0.026159 0.001901 0.473581 0.005944 1.593735
0.413723 0.032074 0.048158 0.025352 0.001895 0.472830 0.005969 1.597065
0.418878 0.029892 0.046805 0.024515 0.001889 0.472023 0.005998 1.600035
0.424085 0.027848 0.045485 0.023665 0.001879 0.471014 0.006023 1.602831
0.429207 0.025933 0.044089 0.022798 0.001886 0.470042 0.006047 1.605427
0.434599 0.024084 0.042718 0.021937 0.001875 0.468714 0.006073 1.607910
0.439856 0.022397 0.041341 0.021133 0.001852 0.467328 0.006095 1.610210
0.445122 0.020854 0.039870 0.020290 0.001824 0.465924 0.006119 1.612350
0.450408 0.019448 0.038467 0.019456 0.001799 0.464277 0.006147 1.614330
0.455642 0.018217 0.037008 0.018646 0.001770 0.462543 0.006175 1.616111
0.460883 0.017064 0.035622 0.017879 0.001752 0.460605 0.006195 1.617799
0.466128 0.015925 0.034257 0.017132 0.001722 0.458616 0.006221 1.619439
0.471489 0.014924 0.032895 0.016397 0.001704 0.456350 0.006241 1.620928
0.476694 0.014040 0.031537 0.015651 0.001674 0.454136 0.006268 1.622293
0.481871 0.013135 0.030333 0.014931 0.001642 0.451795 0.006293 1.623643
0.487025 0.012318 0.029097 0.014271 0.001611 0.449357 0.006321 1.624880
0.492267 0.011539 0.027819 0.013586 0.001591 0.446855 0.006343 1.626053
0.497445 0.010818 0.026644 0.012976 0.001566 0.444187 0.006365 1.627197
0.502640 0.010195 0.025429 0.012385 0.001528 0.441436 0.006387 1.628209
0.507870 0.009576 0.024365 0.011825 0.001493 0.438465 0.006406 1.629183
0.512910 0.009043 0.023270 0.011255 0.001472 0.435620 0.006429 1.630081
0.517995 0.008552 0.022280 0.010718 0.001444 0.432565 0.006445 1.630947
0.522988 0.008043 0.021272 0.010190 0.001420 0.429630 0.006458 1.631776
0.527978 0.007605 0.020293 0.009749 0.001389 0.426513 0.006475 1.632556
0.532894 0.007210 0.019443 0.009273 0.001368 0.423322 0.006489 1.633279
0.537879 0.006833 0.018609 0.008833 0.001342 0.419996 0.006509 1.633968
0.542800 0.006478 0.017785 0.008441 0.001314 0.416655 0.006528 1.634621
0.547705 0.006142 0.017006 0.008042 0.001282 0.413275 0.006548 1.635252
0.552521 0.005873 0.016225 0.007680 0.001256 0.409876 0.006568 1.635828
0.557369 0.005578 0.015541 0.007284 0.001226 0.406418 0.006583 1.636396
0.562191 0.005328 0.014849 0.006924 0.001200 0.402909 0.006599 1.636912
0.566901 0.005060 0.014139 0.006591 0.001170 0.399524 0.006615 1.637414
0.571608 0.004859 0.013459 0.006262 0.001146 0.396037 0.006629 1.637875
0.576312 0.004654 0.012814 0.005959 0.001122 0.392497 0.006643 1.638322
0.580869 0.004485 0.012216 0.005676 0.001092 0.389002 0.006660 1.638753
0.585518 0.004305 0.011641 0.005400 0.001063 0.385395 0.006678 1.639171
0.590166 0.004117 0.011105 0.005145 0.001032 0.381744 0.006691 1.639578
0.594656 0.003935 0.010608 0.004897 0.001012 0.378190 0.006702 1.639987
0.599138 0.003775 0.010130 0.004655 0.000983 0.374603 0.006715 1.640364
0.603532 0.003632 0.009705 0.004446 0.000971 0.370989 0.006724 1.640723
0.607932 0.003499 0.009290 0.004241 0.000942 0.367359 0.006737 1.641088
0.612336 0.003386 0.008867 0.004052 0.000917 0.363690 0.006751 1.641408
0.616661 0.003292 0.008455 0.003860 0.000895 0.360078 0.006759 1.641718
0.620968 0.003193 0.008076 0.003669 0.000871 0.356450 0.006773 1.642005
0.625191 0.003093 0.007736 0.003504 0.000838 0.352855 0.006783 1.642319
0.629552 0.002975 0.007427 0.003363 0.000814 0.349073 0.006796 1.642623
0.633696 0.002855 0.007140 0.003235 0.000785 0.345479 0.006811 1.642924
0.637776 0.002768 0.006843 0.003083 0.000760 0.341949 0.006821 1.643191
0.641857 0.002665 0.006533 0.002967 0.000739 0.338409 0.006831 1.643471
0.645892 0.002564 0.006260 0.002841 0.000726 0.334881 0.006837 1.643743
0.649951 0.002460 0.005981 0.002731 0.000710 0.331324 0.006843 1.644010
0.653910 0.002392 0.005757 0.002602 0.000694 0.327793 0.006854 1.644233
0.657860 0.002315 0.005521 0.002497 0.000679 0.324265 0.006863 1.644467
0.661741 0.002236 0.005298 0.002385 0.000662 0.320809 0.006869 1.644692
0.665617 0.002165 0.005060 0.002281 0.000645 0.317360 0.006874 1.644908
0.669418 0.002079 0.004876 0.002196 0.000627 0.313923 0.006881 1.645135
0.673185 0.002015 0.004688 0.002089 0.000611 0.310524 0.006889 1.645335
0.676978 0.001975 0.004492 0.002006 0.000595 0.307057 0.006895 1.645524
0.680683 0.001924 0.004326 0.001938 0.000580 0.303643 0.006905 1.645717
0.684324 0.001861 0.004173 0.001868 0.000557 0.300303 0.006915 1.645904
0.687918 0.001821 0.003994 0.001794 0.000543 0.297010 0.006921 1.646082
0.691493 0.001777 0.003809 0.001718 0.000528 0.293747 0.006929 1.646243
0.695032 0.001722 0.003661 0.001628 0.000512 0.290508 0.006939 1.646410
0.698538 0.001667 0.003531 0.001560 0.000494 0.287264 0.006947 1.646579
0.702006 0.001611 0.003395 0.001495 0.000483 0.284055 0.006956 1.646746
0.705424 0.001571 0.003271 0.001426 0.000470 0.280879 0.006959 1.646909
0.708794 0.001527 0.003143 0.001357 0.000455 0.277755 0.006970 1.647058
0.712061 0.001503 0.003047 0.001306 0.000439 0.274668 0.006978 1.647195
0.715297 0.001469 0.002928 0.001274 0.000431 0.271619 0.006983 1.647348
0.718646 0.001437 0.002812 0.001222 0.000416 0.268478 0.006989 1.647483
0.721836 0.001392 0.002715 0.001177 0.000397 0.265485 0.006998 1.647633
0.724962 0.001358 0.002639 0.001147 0.000384 0.262508 0.007003 1.647779
0.728128 0.001316 0.002563 0.001111 0.000373 0.259505 0.007006 1.647922
0.731280 0.001285 0.002479 0.001086 0.000357 0.256502 0.007012 1.648056
0.734357 0.001248 0.002386 0.001044 0.000346 0.253602 0.007017 1.648185
0.737385 0.001225 0.002312 0.001005 0.000333 0.250717 0.007022 1.648310
0.740383 0.001184 0.002251 0.000957 0.000323 0.247876 0.007027 1.648434
0.743362 0.001149 0.002173 0.000933 0.000311 0.245039 0.007032 1.648551
0.746294 0.001112 0.002097 0.000889 0.000307 0.242265 0.007035 1.648665
0.749185 0.001098 0.002017 0.000859 0.000298 0.239502 0.007040 1.648767
0.752044 0.001067 0.001957 0.000842 0.000292 0.236756 0.007044 1.648881
0.754897 0.001040 0.001884 0.000812 0.000285 0.234035 0.007047 1.648989
0.757801 0.001019 0.001806 0.000790 0.000281 0.231255 0.007048 1.649085
0.760573 0.001006 0.001749 0.000761 0.000276 0.228585 0.007050 1.649177
0.763296 0.000980 0.001701 0.000747 0.000267 0.225955 0.007055 1.649281
0.766014 0.000960 0.001649 0.000728 0.000255 0.223337 0.007058 1.649379
0.768755 0.000939 0.001597 0.000712 0.000247 0.220691 0.007060 1.649476
0.771413 0.000934 0.001536 0.000689 0.000239 0.218128 0.007062 1.649564
0.774111 0.000917 0.001500 0.000662 0.000228 0.215517 0.007067 1.649654
0.776687 0.000898 0.001463 0.000642 0.000221 0.213020 0.007069 1.649749
0.779259 0.000882 0.001421 0.000629 0.000216 0.210523 0.007071 1.649835
0.781770 0.000854 0.001382 0.000626 0.000212 0.208083 0.007073 1.649930
0.784298 0.000834 0.001341 0.000603 0.000202 0.205646 0.007076 1.650009
0.786779 0.000810 0.001297 0.000590 0.000194 0.203249 0.007079 1.650097
0.789223 0.000805 0.001264 0.000570 0.000186 0.200871 0.007082 1.650174
0.791680 0.000787 0.001221 0.000562 0.000179 0.198487 0.007085 1.650254
0.794112 0.000789 0.001184 0.000545 0.000173 0.196107 0.007089 1.650324
0.796526 0.000773 0.001152 0.000523 0.000167 0.193765 0.007094 1.650391
0.798829 0.000754 0.001122 0.000508 0.000161 0.191530 0.007095 1.650462
0.801135 0.000744 0.001092 0.000489 0.000153 0.189288 0.007099 1.650528
0.803381 0.000738 0.001056 0.000470 0.000151 0.187104 0.007100 1.650594
0.805618 0.000728 0.001037 0.000453 0.000147 0.184915 0.007102 1.650664
0.807873 0.000716 0.001018 0.000433 0.000143 0.182714 0.007103 1.650737
0.810083 0.000698 0.000995 0.000431 0.000140 0.180548 0.007104 1.650812
0.812238 0.000678 0.000978 0.000428 0.000135 0.178438 0.007106 1.650886
0.814443 0.000672 0.000960 0.000425 0.000131 0.176260 0.007109 1.650951
0.816595 0.000655 0.000936 0.000421 0.000129 0.174153 0.007111 1.651015
0.818705 0.000643 0.000918 0.000404 0.000128 0.172089 0.007113 1.651077
0.820788 0.000623 0.000902 0.000404 0.000125 0.170046 0.007113 1.651142
0.822768 0.000617 0.000875 0.000405 0.000121 0.168100 0.007115 1.651201
0.824790 0.000609 0.000851 0.000389 0.000115 0.166128 0.007117 1.651259
0.826734 0.000599 0.000819 0.000385 0.000112 0.164231 0.007120 1.651314
0.828698 0.000594 0.000813 0.000370 0.000111 0.162294 0.007121 1.651370
0.830645 0.000568 0.000800 0.000368 0.000108 0.160389 0.007122 1.651433
0.832644 0.000555 0.000778 0.000365 0.000104 0.158431 0.007123 1.651485
0.834532 0.000542 0.000766 0.000361 0.000103 0.156572 0.007125 1.651539
0.836412 0.000541 0.000745 0.000344 0.000099 0.154733 0.007126 1.651589
0.838272 0.000547 0.000712 0.000328 0.000097 0.152917 0.007128 1.651624
0.840180 0.000526 0.000705 0.000326 0.000093 0.151041 0.007129 1.651689
0.841997 0.000514 0.000689 0.000321 0.000088 0.149259 0.007131 1.651741
0.843755 0.000502 0.000667 0.000308 0.000087 0.147549 0.007132 1.651787
0.845535 0.000492 0.000650 0.000298 0.000085 0.145808 0.007133 1.651836
0.847368 0.000471 0.000639 0.000297 0.000082 0.144010 0.007135 1.651887
0.849103 0.000470 0.000618 0.000290 0.000078 0.142303 0.007137 1.651930
0.850785 0.000461 0.000594 0.000284 0.000076 0.140663 0.007138 1.651977
0.852516 0.000448 0.000581 0.000283 0.000073 0.138960 0.007139 1.652019
0.854179 0.000444 0.000579 0.000273 0.000070 0.137314 0.007142 1.652067
0.855810 0.000446 0.000562 0.000271 0.000069 0.135700 0.007142 1.652105
0.857442 0.000434 0.000553 0.000272 0.000067 0.134088 0.007143 1.652158
0.859048 0.000427 0.000557 0.000261 0.000066 0.132497 0.007143 1.652205
0.860653 0.000426 0.000544 0.000255 0.000062 0.130917 0.007144 1.652237
0.862208 0.000419 0.000541 0.000254 0.000061 0.129372 0.007145 1.652279
0.863767 0.000421 0.000536 0.000246 0.000058 0.127825 0.007147 1.652320
0.865270 0.000413 0.000532 0.000242 0.000056 0.126338 0.007149 1.652367
0.866764 0.000412 0.000521 0.000231 0.000052 0.124870 0.007150 1.652403
0.868263 0.000420 0.000506 0.000219 0.000052 0.123388 0.007151 1.652436
0.869707 0.000416 0.000501 0.000214 0.000050 0.121961 0.007152 1.652474
0.871148 0.000410 0.000486 0.000215 0.000048 0.120539 0.007154 1.652511
0.872503 0.000397 0.000477 0.000210 0.000048 0.119211 0.007154 1.652556
0.873920 0.000384 0.000476 0.000210 0.000046 0.117811 0.007155 1.652597
0.875244 0.000376 0.000471 0.000204 0.000047 0.116504 0.007155 1.652640
0.876631 0.000375 0.000460 0.000207 0.000045 0.115128 0.007155 1.652677
0.877952 0.000373 0.000448 0.000198 0.000042 0.113831 0.007156 1.652711
0.879275 0.000365 0.000438 0.000201 0.000043 0.112522 0.007157 1.652744
0.880566 0.000347 0.000434 0.000203 0.000041 0.111252 0.007158 1.652784
0.881883 0.000349 0.000420 0.000199 0.000041 0.109949 0.007159 1.652812
0.883169 0.000346 0.000415 0.000195 0.000040 0.108674 0.007161 1.652843
0.884403 0.000336 0.000416 0.000194 0.000039 0.107451 0.007161 1.652882
0.885656 0.000326 0.000421 0.000191 0.000038 0.106206 0.007162 1.652921
0.886867 0.000326 0.000416 0.000186 0.000036 0.105005 0.007164 1.652952
0.888059 0.000321 0.000408 0.000177 0.000033 0.103837 0.007165 1.652980
0.889245 0.000321 0.000399 0.000175 0.000033 0.102662 0.007165 1.653009
0.890426 0.000305 0.000389 0.000176 0.000031 0.101508 0.007166 1.653045
0.891507 0.000313 0.000382 0.000172 0.000031 0.100429 0.007166 1.653067
0.892595 0.000309 0.000375 0.000168 0.000030 0.099357 0.007166 1.653097
0.893697 0.000298 0.000377 0.000168 0.000031 0.098263 0.007167 1.653134
0.894757 0.000289 0.000372 0.000172 0.000030 0.097214 0.007167 1.653166
0.895819 0.000284 0.000369 0.000167 0.000031 0.096164 0.007167 1.653194
0.896891 0.000276 0.000358 0.000168 0.000030 0.095110 0.007168 1.653226
0.897906 0.000273 0.000354 0.000169 0.000029 0.094100 0.007168 1.653254
0.898899 0.000269 0.000346 0.000164 0.000027 0.093126 0.007169 1.653281
0.899875 0.000266 0.000337 0.000160 0.000027 0.092167 0.007169 1.653305
0.900815 0.000269 0.000329 0.000156 0.000024 0.091236 0.007170 1.653330
0.901731 0.000270 0.000325 0.000150 0.000025 0.090330 0.007170 1.653354
0.902624 0.000266 0.000322 0.000141 0.000022 0.089454 0.007170 1.653379
0.903553 0.000259 0.000316 0.000135 0.000023 0.088544 0.007170 1.653405
0.904394 0.000252 0.000311 0.000134 0.000022 0.087715 0.007171 1.653436
0.905274 0.000255 0.000302 0.000131 0.000021 0.086847 0.007171 1.653455
0.906096 0.000258 0.000300 0.000124 0.000021 0.086029 0.007171 1.653475
0.906931 0.000254 0.000297 0.000126 0.000020 0.085200 0.007171 1.653500
0.907712 0.000245 0.000292 0.000131 0.000019 0.084429 0.007171 1.653528
0.908516 0.000240 0.000284 0.000132 0.000019 0.083637 0.007171 1.653552
0.909330 0.000234 0.000281 0.000133 0.000019 0.082832 0.007171 1.653578
0.910067 0.000229 0.000278 0.000131 0.000018 0.082105 0.007172 1.653603
0.910823 0.000224 0.000282 0.000126 0.000018 0.081355 0.007172 1.653626
0.911559 0.000216 0.000273 0.000123 0.000017 0.080641 0.007172 1.653648
0.912229 0.000221 0.000261 0.000119 0.000017 0.079981 0.007172 1.653662
0.912923 0.000221 0.000249 0.000117 0.000016 0.079303 0.007172 1.653679
0.913599 0.000221 0.000238 0.000113 0.000014 0.078641 0.007173 1.653697
0.914274 0.000217 0.000233 0.000112 0.000014 0.077977 0.007174 1.653716
0.914924 0.000211 0.000231 0.000115 0.000014 0.077332 0.007174 1.653740
0.915547 0.000213 0.000224 0.000116 0.000014 0.076713 0.007174 1.653759
0.916147 0.000209 0.000219 0.000110 0.000014 0.076127 0.007174 1.653778
0.916730 0.000213 0.000213 0.000107 0.000014 0.075549 0.007174 1.653796
0.917328 0.000215 0.000211 0.000103 0.000013 0.074955 0.007174 1.653812
0.917914 0.000211 0.000207 0.000102 0.000014 0.074377 0.007174 1.653831
0.918488 0.000210 0.000208 0.000100 0.000014 0.073806 0.007174 1.653850
0.919041 0.000204 0.000211 0.000103 0.000015 0.073252 0.007174 1.653871
0.919605 0.000211 0.000212 0.000102 0.000015 0.072681 0.007174 1.653888
0.920133 0.000211 0.000209 0.000105 0.000013 0.072154 0.007174 1.653907
0.920665 0.000209 0.000206 0.000099 0.000013 0.071634 0.007174 1.653925
0.921202 0.000198 0.000202 0.000101 0.000012 0.071111 0.007174 1.653948
0.921752 0.000189 0.000203 0.000101 0.000012 0.070568 0.007174 1.653967
0.922245 0.000184 0.000206 0.000102 0.000012 0.070078 0.007174 1.653988
0.922738 0.000183 0.000208 0.000099 0.000012 0.069586 0.007175 1.654006
0.923217 0.000179 0.000204 0.000097 0.000011 0.069116 0.007175 1.654024
0.923666 0.000175 0.000198 0.000096 0.000012 0.068677 0.007175 1.654043
0.924076 0.000176 0.000193 0.000089 0.000011 0.068279 0.007175 1.654055
0.924502 0.000175 0.000195 0.000090 0.000010 0.067853 0.007175 1.654075
0.924920 0.000168 0.000197 0.000085 0.000011 0.067444 0.007175 1.654092
0.925330 0.000160 0.000196 0.000080 0.000011 0.067047 0.007175 1.654109
0.925731 0.000159 0.000191 0.000078 0.000011 0.066655 0.007175 1.654122
0.926106 0.000159 0.000191 0.000077 0.000010 0.066281 0.007175 1.654138
0.926509 0.000162 0.000191 0.000076 0.000010 0.065877 0.007175 1.654152
0.926905 0.000159 0.000190 0.000073 0.000010 0.065488 0.007175 1.654168
0.927267 0.000156 0.000187 0.000071 0.000009 0.065135 0.007175 1.654183
0.927606 0.000156 0.000185 0.000072 0.000010 0.064796 0.007175 1.654200
0.927928 0.000161 0.000178 0.000074 0.000010 0.064474 0.007175 1.654213
0.928260 0.000151 0.000177 0.000076 0.000010 0.064148 0.007175 1.654232
0.928569 0.000149 0.000178 0.000074 0.000011 0.063844 0.007175 1.654249
0.928878 0.000150 0.000174 0.000073 0.000011 0.063538 0.007175 1.654262
0.929177 0.000160 0.000170 0.000073 0.000011 0.063234 0.007175 1.654273
0.929484 0.000161 0.000163 0.000071 0.000011 0.062933 0.007175 1.654287
0.929771 0.000155 0.000167 0.000075 0.000010 0.062644 0.007175 1.654309
0.930046 0.000152 0.000170 0.000071 0.000010 0.062375 0.007175 1.654323
0.930313 0.000153 0.000171 0.000070 0.000010 0.062107 0.007175 1.654336
0.930578 0.000150 0.000168 0.000071 0.000010 0.061847 0.007175 1.654352
0.930830 0.000152 0.000170 0.000069 0.000009 0.061594 0.007176 1.654365
0.931096 0.000145 0.000171 0.000068 0.000010 0.061334 0.007176 1.654384
0.931335 0.000141 0.000171 0.000067 0.000010 0.061099 0.007176 1.654400
0.931581 0.000135 0.000169 0.000065 0.000009 0.060864 0.007176 1.654415
0.931807 0.000132 0.000167 0.000065 0.000010 0.060643 0.007176 1.654431
0.932026 0.000133 0.000165 0.000068 0.000009 0.060423 0.007176 1.654443
0.932246 0.000130 0.000167 0.000068 0.000010 0.060202 0.007176 1.654460
0.932467 0.000131 0.000161 0.000068 0.000010 0.059986 0.007176 1.654474
0.932681 0.000132 0.000160 0.000069 0.000010 0.059771 0.007176 1.654486
0.932871 0.000137 0.000158 0.000070 0.000009 0.059579 0.007176 1.654500
0.933089 0.000133 0.000156 0.000072 0.000009 0.059365 0.007176 1.654515
0.933281 0.000140 0.000156 0.000067 0.000008 0.059171 0.007177 1.654526
0.933476 0.000137 0.000151 0.000066 0.000007 0.058985 0.007177 1.654539
0.933673 0.000134 0.000146 0.000068 0.000007 0.058794 0.007178 1.654551
0.933855 0.000137 0.000142 0.000069 0.000006 0.058613 0.007178 1.654561
0.934048 0.000135 0.000139 0.000066 0.000006 0.058428 0.007178 1.654572
0.934237 0.000133 0.000139 0.000066 0.000006 0.058240 0.007178 1.654584
0.934421 0.000128 0.000140 0.000065 0.000007 0.058061 0.007178 1.654599
0.934583 0.000123 0.000143 0.000067 0.000006 0.057900 0.007178 1.654615
0.934756 0.000128 0.000141 0.000066 0.000006 0.057725 0.007178 1.654627
0.934912 0.000125 0.000137 0.000066 0.000006 0.057576 0.007178 1.654640
0.935068 0.000123 0.000137 0.000064 0.000005 0.057423 0.007179 1.654650
0.935213 0.000122 0.000136 0.000068 0.000005 0.057276 0.007179 1.654666
0.935346 0.000122 0.000134 0.000065 0.000005 0.057148 0.007179 1.654678
0.935495 0.000125 0.000134 0.000059 0.000005 0.057002 0.007179 1.654686
0.935638 0.000122 0.000135 0.000059 0.000005 0.056860 0.007179 1.654699
0.935781 0.000124 0.000135 0.000061 0.000005 0.056715 0.007179 1.654713
0.935893 0.000131 0.000135 0.000060 0.000005 0.056597 0.007179 1.654727
0.936032 0.000129 0.000136 0.000061 0.000005 0.056458 0.007179 1.654739
0.936150 0.000123 0.000137 0.000063 0.000005 0.056342 0.007179 1.654753
0.936278 0.000123 0.000135 0.000062 0.000005 0.056217 0.007179 1.654764
0.936390 0.000123 0.000135 0.000063 0.000005 0.056104 0.007179 1.654778
0.936498 0.000125 0.000134 0.000060 0.000005 0.055998 0.007179 1.654788
0.936596 0.000126 0.000129 0.000059 0.000005 0.055905 0.007179 1.654799
0.936707 0.000118 0.000131 0.000058 0.000005 0.055800 0.007179 1.654817
0.936810 0.000117 0.000126 0.000054 0.000006 0.055708 0.007179 1.654827
0.936898 0.000117 0.000123 0.000051 0.000006 0.055624 0.007179 1.654836
0.937003 0.000115 0.000120 0.000051 0.000006 0.055525 0.007179 1.654847
0.937110 0.000112 0.000118 0.000054 0.000006 0.055420 0.007179 1.654859
0.937212 0.000111 0.000114 0.000055 0.000006 0.055322 0.007179 1.654871
0.937311 0.000104 0.000116 0.000053 0.000006 0.055229 0.007179 1.654884
0.937404 0.000096 0.000115 0.000052 0.000006 0.055147 0.007179 1.654900
0.937485 0.000100 0.000112 0.000050 0.000005 0.055068 0.007180 1.654906
0.937573 0.000097 0.000113 0.000049 0.000005 0.054982 0.007180 1.654917
0.937669 0.000095 0.000110 0.000047 0.000005 0.054893 0.007180 1.654926
0.937764 0.000097 0.000109 0.000044 0.000005 0.054800 0.007180 1.654932
0.937837 0.000097 0.000106 0.000044 0.000005 0.054731 0.007180 1.654943
0.937917 0.000101 0.000106 0.000041 0.000005 0.054649 0.007180 1.654951
0.937991 0.000102 0.000105 0.000041 0.000005 0.054575 0.007180 1.654960
0.938072 0.000099 0.000103 0.000041 0.000005 0.054499 0.007180 1.654970
0.938150 0.000098 0.000103 0.000040 0.000005 0.054423 0.007180 1.654979
0.938225 0.000099 0.000100 0.000041 0.000005 0.054349 0.007180 1.654989
0.938310 0.000099 0.000101 0.000039 0.000005 0.054265 0.007180 1.655000
0.938375 0.000096 0.000100 0.000042 0.000005 0.054201 0.007180 1.655013
0.938442 0.000100 0.000097 0.000041 0.000005 0.054134 0.007180 1.655020
0.938515 0.000097 0.000100 0.000042 0.000005 0.054061 0.007180 1.655031
0.938593 0.000098 0.000099 0.000042 0.000005 0.053982 0.007180 1.655038
0.938670 0.000095 0.000102 0.000043 0.000005 0.053904 0.007180 1.655047
0.938728 0.000094 0.000101 0.000044 0.000005 0.053848 0.007180 1.655056
0.938780 0.000094 0.000103 0.000043 0.000004 0.053795 0.007180 1.655065
0.938841 0.000090 0.000106 0.000044 0.000005 0.053733 0.007180 1.655076
0.938911 0.000089 0.000104 0.000044 0.000005 0.053666 0.007180 1.655086
0.938970 0.000090 0.000100 0.000044 0.000005 0.053612 0.007180 1.655095
0.939035 0.000086 0.000098 0.000047 0.000005 0.053549 0.007180 1.655107
0.939084 0.000085 0.000102 0.000047 0.000004 0.053497 0.007181 1.655118
0.939147 0.000087 0.000103 0.000046 0.000004 0.053430 0.007181 1.655125
0.939204 0.000087 0.000101 0.000045 0.000004 0.053378 0.007181 1.655133
0.939264 0.000088 0.000098 0.000044 0.000004 0.053320 0.007181 1.655139
0.939322 0.000085 0.000097 0.000044 0.000004 0.053267 0.007181 1.655149
0.939374 0.000086 0.000097 0.000043 0.000004 0.053216 0.007181 1.655157
0.939425 0.000086 0.000097 0.000043 0.000004 0.053165 0.007181 1.655166
0.939474 0.000087 0.000095 0.000044 0.000004 0.053116 0.007181 1.655175
0.939540 0.000087 0.000095 0.000041 0.000004 0.053051 0.007181 1.655182
0.939585 0.000090 0.000090 0.000041 0.000004 0.053008 0.007181 1.655187
0.939631 0.000091 0.000092 0.000041 0.000004 0.052959 0.007181 1.655198
0.939675 0.000086 0.000091 0.000044 0.000004 0.052918 0.007181 1.655212
0.939732 0.000087 0.000086 0.000046 0.000004 0.052863 0.007181 1.655220
0.939784 0.000084 0.000086 0.000046 0.000004 0.052815 0.007181 1.655228
0.939825 0.000081 0.000088 0.000046 0.000004 0.052775 0.007181 1.655237
0.939864 0.000078 0.000087 0.000045 0.000004 0.052740 0.007181 1.655245
0.939908 0.000078 0.000087 0.000044 0.000004 0.052697 0.007181 1.655253
0.939954 0.000075 0.000090 0.000041 0.000004 0.052655 0.007181 1.655263
0.939989 0.000080 0.000087 0.000039 0.000004 0.052620 0.007181 1.655267
0.940030 0.000074 0.000087 0.000038 0.000004 0.052586 0.007181 1.655279
0.940073 0.000072 0.000084 0.000037 0.000004 0.052547 0.007181 1.655285
0.940114 0.000074 0.000085 0.000038 0.000004 0.052504 0.007181 1.655291
0.940147 0.000079 0.000082 0.000036 0.000004 0.052471 0.007181 1.655297
0.940183 0.000072 0.000084 0.000038 0.000004 0.052438 0.007181 1.655307
0.940209 0.000076 0.000083 0.000038 0.000004 0.052408 0.007181 1.655313
0.940244 0.000077 0.000080 0.000038 0.000004 0.052376 0.007181 1.655320
0.940276 0.000074 0.000078 0.000039 0.000004 0.052347 0.007181 1.655327
0.940313 0.000072 0.000076 0.000039 0.000004 0.052314 0.007181 1.655336
0.940347 0.000074 0.000076 0.000037 0.000004 0.052279 0.007181 1.655343
0.940382 0.000074 0.000074 0.000036 0.000004 0.052247 0.007181 1.655349
0.940421 0.000073 0.000076 0.000036 0.000003 0.052208 0.007181 1.655357
0.940451 0.000075 0.000075 0.000036 0.000003 0.052177 0.007181 1.655363
0.940487 0.000069 0.000077 0.000041 0.000003 0.052141 0.007181 1.655375
0.940518 0.000070 0.000077 0.000037 0.000004 0.052112 0.007181 1.655382
0.940554 0.000068 0.000075 0.000039 0.000003 0.052080 0.007181 1.655389
0.940583 0.000066 0.000076 0.000037 0.000003 0.052053 0.007181 1.655395
0.940610 0.000067 0.000074 0.000037 0.000003 0.052027 0.007181 1.655400
0.940641 0.000068 0.000068 0.000037 0.000003 0.052000 0.007181 1.655405
0.940668 0.000072 0.000067 0.000036 0.000003 0.051971 0.007181 1.655408
0.940696 0.000076 0.000067 0.000036 0.000003 0.051942 0.007181 1.655415
0.940724 0.000078 0.000065 0.000035 0.000003 0.051914 0.007181 1.655422
0.940754 0.000079 0.000066 0.000036 0.000003 0.051882 0.007181 1.655430
0.940792 0.000077 0.000064 0.000037 0.000002 0.051846 0.007181 1.655436
0.940824 0.000072 0.000065 0.000040 0.000002 0.051815 0.007181 1.655444
0.940848 0.000068 0.000068 0.000041 0.000003 0.051790 0.007181 1.655452
0.940879 0.000068 0.000067 0.000040 0.000003 0.051761 0.007181 1.655458
0.940904 0.000070 0.000069 0.000042 0.000002 0.051730 0.007182 1.655466
0.940926 0.000066 0.000072 0.000042 0.000002 0.051709 0.007182 1.655478
0.940954 0.000068 0.000072 0.000042 0.000002 0.051680 0.007182 1.655483
0.940978 0.000068 0.000069 0.000040 0.000002 0.051661 0.007182 1.655489
0.940998 0.000071 0.000069 0.000039 0.000002 0.051640 0.007182 1.655494
0.941015 0.000071 0.000068 0.000038 0.000002 0.051625 0.007182 1.655499
0.941033 0.000068 0.000067 0.000040 0.000002 0.051609 0.007182 1.655508
0.941051 0.000066 0.000071 0.000039 0.000002 0.051590 0.007182 1.655518
0.941071 0.000067 0.000070 0.000038 0.000002 0.051570 0.007182 1.655525
0.941089 0.000069 0.000069 0.000038 0.000001 0.051552 0.007182 1.655530
0.941111 0.000065 0.000067 0.000037 0.000001 0.051535 0.007182 1.655536
0.941130 0.000068 0.000061 0.000034 0.000002 0.051522 0.007182 1.655540
0.941146 0.000063 0.000061 0.000036 0.000002 0.051509 0.007182 1.655551
0.941168 0.000063 0.000060 0.000033 0.000002 0.051491 0.007182 1.655557
0.941185 0.000065 0.000055 0.000035 0.000002 0.051474 0.007182 1.655562
0.941201 0.000063 0.000054 0.000037 0.000002 0.051461 0.007182 1.655570
0.941225 0.000060 0.000053 0.000037 0.000002 0.051440 0.007183 1.655577
0.941242 0.000057 0.000055 0.000034 0.000003 0.051426 0.007183 1.655585
0.941262 0.000056 0.000057 0.000032 0.000003 0.051407 0.007183 1.655591
0.941277 0.000058 0.000056 0.000031 0.000003 0.051392 0.007183 1.655595
0.941296 0.000054 0.000059 0.000030 0.000003 0.051375 0.007183 1.655604
0.941316 0.000053 0.000061 0.000030 0.000003 0.051355 0.007183 1.655609
0.941323 0.000057 0.000058 0.000032 0.000003 0.051343 0.007183 1.655614
0.941339 0.000056 0.000056 0.000032 0.000003 0.051330 0.007183 1.655619
0.941352 0.000055 0.000060 0.000032 0.000003 0.051316 0.007183 1.655626
0.941370 0.000052 0.000060 0.000033 0.000003 0.051298 0.007183 1.655633
0.941385 0.000053 0.000059 0.000034 0.000003 0.051282 0.007183 1.655637
0.941397 0.000053 0.000054 0.000034 0.000003 0.051275 0.007183 1.655643
0.941410 0.000054 0.000055 0.000034 0.000003 0.051261 0.007183 1.655647
0.941424 0.000053 0.000055 0.000033 0.000003 0.051248 0.007183 1.655653
0.941435 0.000054 0.000055 0.000034 0.000003 0.051236 0.007183 1.655659
0.941451 0.000056 0.000054 0.000031 0.000003 0.051221 0.007183 1.655662
0.941467 0.000054 0.000055 0.000029 0.000003 0.051208 0.007183 1.655667
0.941485 0.000053 0.000053 0.000029 0.000003 0.051194 0.007183 1.655672
0.941496 0.000056 0.000054 0.000028 0.000003 0.051179 0.007183 1.655676
0.941514 0.000053 0.000052 0.000029 0.000003 0.051165 0.007183 1.655683
0.941527 0.000053 0.000052 0.000028 0.000003 0.051154 0.007183 1.655689
0.941539 0.000050 0.000054 0.000027 0.000003 0.051143 0.007183 1.655695
0.941550 0.000050 0.000053 0.000027 0.000003 0.051133 0.007183 1.655700
0.941558 0.000050 0.000052 0.000028 0.000003 0.051126 0.007183 1.655705
0.941563 0.000053 0.000049 0.000030 0.000003 0.051118 0.007184 1.655709
0.941574 0.000051 0.000049 0.000030 0.000003 0.051110 0.007184 1.655715
0.941585 0.000051 0.000046 0.000028 0.000003 0.051104 0.007184 1.655717
0.941600 0.000048 0.000049 0.000027 0.000002 0.051090 0.007184 1.655723
0.941610 0.000049 0.000048 0.000026 0.000002 0.051081 0.007184 1.655727
0.941616 0.000053 0.000047 0.000025 0.000002 0.051071 0.007184 1.655729
0.941622 0.000059 0.000047 0.000023 0.000002 0.051062 0.007184 1.655732
0.941631 0.000058 0.000048 0.000021 0.000002 0.051055 0.007184 1.655738
0.941638 0.000061 0.000048 0.000023 0.000002 0.051044 0.007184 1.655743
0.941646 0.000061 0.000050 0.000023 0.000002 0.051035 0.007184 1.655748
0.941655 0.000058 0.000051 0.000026 0.000002 0.051024 0.007184 1.655757
0.941659 0.000062 0.000052 0.000024 0.000002 0.051017 0.007184 1.655761
0.941663 0.000063 0.000049 0.000026 0.000001 0.051012 0.007184 1.655765
0.941679 0.000062 0.000048 0.000027 0.000001 0.050998 0.007184 1.655771
0.941684 0.000060 0.000052 0.000027 0.000001 0.050991 0.007184 1.655779
0.941690 0.000060 0.000048 0.000027 0.000001 0.050988 0.007184 1.655785
0.941696 0.000059 0.000050 0.000024 0.000001 0.050984 0.007184 1.655792
0.941700 0.000062 0.000048 0.000025 0.000002 0.050978 0.007184 1.655796
0.941710 0.000059 0.000047 0.000027 0.000002 0.050971 0.007184 1.655803
0.941715 0.000055 0.000046 0.000028 0.000002 0.050969 0.007184 1.655811
0.941723 0.000053 0.000046 0.000028 0.000002 0.050964 0.007184 1.655816
0.941726 0.000056 0.000044 0.000026 0.000001 0.050961 0.007184 1.655818
0.941734 0.000057 0.000046 0.000025 0.000001 0.050953 0.007184 1.655822
0.941740 0.000058 0.000044 0.000024 0.000001 0.050947 0.007184 1.655825
0.941746 0.000057 0.000044 0.000023 0.000001 0.050944 0.007184 1.655829
0.941751 0.000055 0.000046 0.000021 0.000001 0.050942 0.007184 1.655836
0.941755 0.000054 0.000047 0.000022 0.000001 0.050937 0.007184 1.655843
0.941760 0.000052 0.000048 0.000023 0.000001 0.050931 0.007184 1.655848
0.941763 0.000054 0.000049 0.000023 0.000001 0.050926 0.007184 1.655855
0.941769 0.000054 0.000051 0.000023 0.000000 0.050918 0.007184 1.655859
0.941772 0.000052 0.000053 0.000024 0.000000 0.050915 0.007184 1.655866
0.941778 0.000050 0.000051 0.000024 0.000001 0.050911 0.007184 1.655871
0.941783 0.000051 0.000050 0.000023 0.000001 0.050907 0.007184 1.655874
0.941786 0.000051 0.000049 0.000024 0.000001 0.050904 0.007184 1.655879
0.941791 0.000052 0.000048 0.000023 0.000002 0.050900 0.007184 1.655882
0.941797 0.000051 0.000047 0.000022 0.000002 0.050896 0.007184 1.655886
0.941802 0.000052 0.000046 0.000023 0.000002 0.050891 0.007184 1.655890
0.941808 0.000048 0.000044 0.000023 0.000002 0.050890 0.007184 1.655896
0.941815 0.000046 0.000042 0.000023 0.000002 0.050887 0.007184 1.655900
0.941817 0.000046 0.000040 0.000024 0.000002 0.050886 0.007184 1.655904
0.941819 0.000045 0.000041 0.000024 0.000002 0.050884 0.007184 1.655909
0.941824 0.000043 0.000043 0.000025 0.000002 0.050878 0.007185 1.655915
0.941829 0.000044 0.000041 0.000027 0.000002 0.050872 0.007185 1.655920
0.941829 0.000044 0.000040 0.000026 0.000002 0.050874 0.007185 1.655925
0.941831 0.000046 0.000038 0.000025 0.000002 0.050873 0.007185 1.655927
0.941831 0.000048 0.000038 0.000023 0.000001 0.050874 0.007185 1.655930
0.941835 0.000047 0.000036 0.000022 0.000001 0.050874 0.007185 1.655935
0.941840 0.000045 0.000040 0.000019 0.000001 0.050869 0.007185 1.655941
0.941842 0.000045 0.000041 0.000019 0.000001 0.050866 0.007185 1.655945
0.941844 0.000046 0.000039 0.000019 0.000001 0.050865 0.007185 1.655948
0.941848 0.000048 0.000038 0.000017 0.000000 0.050862 0.007186 1.655950
0.941853 0.000045 0.000039 0.000018 0.000000 0.050858 0.007186 1.655954
0.941858 0.000044 0.000037 0.000018 0.000000 0.050855 0.007186 1.655959
0.941865 0.000043 0.000038 0.000019 0.000000 0.050848 0.007186 1.655962
0.941867 0.000043 0.000037 0.000018 0.000000 0.050849 0.007186 1.655966
0.941863 0.000044 0.000036 0.000018 0.000000 0.050852 0.007186 1.655971
0.941864 0.000039 0.000040 0.000020 0.000000 0.050851 0.007186 1.655980
0.941868 0.000037 0.000041 0.000021 0.000000 0.050847 0.007186 1.655984
0.941873 0.000036 0.000042 0.000019 0.000000 0.050843 0.007186 1.655989
0.941876 0.000035 0.000043 0.000019 0.000000 0.050839 0.007186 1.655993
0.941877 0.000034 0.000039 0.000021 0.000000 0.050843 0.007186 1.655997
0.941883 0.000032 0.000036 0.000020 0.000000 0.050842 0.007186 1.656000
0.941890 0.000029 0.000036 0.000018 0.000000 0.050840 0.007186 1.656004
0.941891 0.000030 0.000036 0.000018 0.000000 0.050838 0.007186 1.656006
0.941897 0.000029 0.000036 0.000019 0.000000 0.050833 0.007186 1.656010
0.941900 0.000026 0.000034 0.000018 0.000000 0.050835 0.007186 1.656014
0.941902 0.000025 0.000031 0.000017 0.000000 0.050838 0.007186 1.656018
0.941905 0.000027 0.000030 0.000016 0.000000 0.050836 0.007186 1.656020
0.941908 0.000028 0.000029 0.000015 0.000000 0.050833 0.007186 1.656021
0.941913 0.000026 0.000029 0.000016 0.000000 0.050829 0.007186 1.656024
0.941914 0.000029 0.000027 0.000015 0.000001 0.050827 0.007186 1.656025
0.941913 0.000032 0.000029 0.000012 0.000001 0.050827 0.007186 1.656028
0.941917 0.000031 0.000029 0.000012 0.000001 0.050824 0.007186 1.656032
0.941918 0.000033 0.000028 0.000012 0.000001 0.050822 0.007186 1.656035
0.941923 0.000029 0.000029 0.000013 0.000001 0.050819 0.007186 1.656040
0.941925 0.000029 0.000028 0.000015 0.000001 0.050816 0.007186 1.656042
0.941930 0.000028 0.000026 0.000015 0.000001 0.050814 0.007186 1.656045
0.941935 0.000026 0.000025 0.000016 0.000001 0.050811 0.007186 1.656048
0.941940 0.000023 0.000026 0.000017 0.000001 0.050807 0.007186 1.656052
0.941941 0.000024 0.000024 0.000017 0.000000 0.050806 0.007186 1.656053
0.941949 0.000022 0.000026 0.000016 0.000000 0.050799 0.007186 1.656056
0.941952 0.000023 0.000026 0.000016 0.000000 0.050795 0.007186 1.656058
0.941954 0.000027 0.000027 0.000014 0.000000 0.050791 0.007186 1.656059
0.941957 0.000027 0.000027 0.000012 0.000000 0.050790 0.007186 1.656062
0.941959 0.000029 0.000027 0.000012 0.000000 0.050785 0.007186 1.656065
0.941956 0.000030 0.000028 0.000013 0.000000 0.050786 0.007186 1.656069
0.941960 0.000029 0.000027 0.000013 0.000000 0.050783 0.007186 1.656072
0.941959 0.000030 0.000028 0.000013 0.000000 0.050783 0.007186 1.656075
0.941960 0.000032 0.000027 0.000013 0.000000 0.050781 0.007186 1.656076
0.941964 0.000033 0.000025 0.000012 0.000000 0.050779 0.007186 1.656078
0.941967 0.000033 0.000025 0.000012 0.000000 0.050776 0.007186 1.656080
0.941970 0.000034 0.000024 0.000013 0.000000 0.050771 0.007186 1.656081
0.941976 0.000033 0.000022 0.000012 0.000000 0.050770 0.007186 1.656083
0.941977 0.000033 0.000024 0.000013 0.000000 0.050767 0.007186 1.656087
0.941979 0.000032 0.000025 0.000014 0.000000 0.050764 0.007186 1.656091
0.941983 0.000029 0.000027 0.000014 0.000000 0.050760 0.007186 1.656097
0.941986 0.000027 0.000028 0.000015 0.000000 0.050757 0.007186 1.656101
0.941989 0.000027 0.000027 0.000015 0.000000 0.050754 0.007186 1.656102
0.941990 0.000026 0.000028 0.000015 0.000000 0.050754 0.007186 1.656105
0.941992 0.000025 0.000029 0.000014 0.000000 0.050753 0.007186 1.656107
0.941994 0.000023 0.000030 0.000015 0.000000 0.050750 0.007186 1.656111
0.941997 0.000024 0.000029 0.000014 0.000000 0.050749 0.007186 1.656113
0.941998 0.000025 0.000028 0.000014 0.000000 0.050749 0.007186 1.656114
0.942002 0.000023 0.000029 0.000012 0.000000 0.050746 0.007186 1.656116
0.942007 0.000022 0.000029 0.000012 0.000000 0.050743 0.007186 1.656118
0.942009 0.000023 0.000028 0.000012 0.000000 0.050742 0.007186 1.656119
0.942014 0.000023 0.000027 0.000012 0.000000 0.050738 0.007186 1.656120
0.942017 0.000022 0.000024 0.000011 0.000000 0.050739 0.007186 1.656122
0.942020 0.000023 0.000024 0.000012 0.000000 0.050735 0.007186 1.656123
0.942025 0.000022 0.000024 0.000012 0.000000 0.050732 0.007186 1.656127
0.942027 0.000019 0.000027 0.000011 0.000000 0.050729 0.007186 1.656130
0.942027 0.000019 0.000026 0.000010 0.000000 0.050730 0.007186 1.656132
0.942031 0.000019 0.000027 0.000010 0.000000 0.050726 0.007186 1.656134
0.942033 0.000018 0.000028 0.000010 0.000000 0.050723 0.007186 1.656136
0.942034 0.000021 0.000028 0.000010 0.000000 0.050720 0.007186 1.656138
0.942035 0.000022 0.000027 0.000009 0.000000 0.050720 0.007186 1.656139
0.942037 0.000022 0.000029 0.000010 0.000000 0.050716 0.007186 1.656143
0.942037 0.000022 0.000031 0.000010 0.000000 0.050714 0.007186 1.656147
0.942039 0.000023 0.000029 0.000009 0.000000 0.050713 0.007186 1.656147
0.942042 0.000022 0.000027 0.000010 0.000000 0.050712 0.007186 1.656150
0.942046 0.000021 0.000028 0.000009 0.000000 0.050709 0.007186 1.656151
0.942047 0.000020 0.000030 0.000009 0.000000 0.050708 0.007186 1.656153
0.942049 0.000019 0.000030 0.000009 0.000000 0.050706 0.007186 1.656155
0.942050 0.000019 0.000031 0.000009 0.000000 0.050705 0.007186 1.656157
0.942054 0.000017 0.000032 0.000008 0.000000 0.050703 0.007186 1.656161
0.942057 0.000018 0.000030 0.000008 0.000000 0.050701 0.007186 1.656161
0.942060 0.000017 0.000029 0.000008 0.000000 0.050699 0.007186 1.656163
0.942063 0.000018 0.000027 0.000009 0.000000 0.050696 0.007186 1.656165
0.942065 0.000018 0.000026 0.000008 0.000000 0.050697 0.007186 1.656167
0.942066 0.000019 0.000025 0.000007 0.000000 0.050696 0.007186 1.656168
0.942070 0.000019 0.000024 0.000008 0.000000 0.050693 0.007186 1.656169
0.942074 0.000017 0.000023 0.000009 0.000000 0.050689 0.007186 1.656171
0.942075 0.000017 0.000024 0.000009 0.000000 0.050688 0.007186 1.656172
0.942075 0.000019 0.000022 0.000008 0.000000 0.050688 0.007186 1.656173
0.942077 0.000022 0.000022 0.000007 0.000000 0.050686 0.007186 1.656174
0.942081 0.000021 0.000021 0.000007 0.000000 0.050683 0.007186 1.656175
0.942084 0.000019 0.000020 0.000006 0.000000 0.050683 0.007186 1.656178
0.942085 0.000021 0.000019 0.000006 0.000000 0.050682 0.007186 1.656179
0.942090 0.000021 0.000019 0.000006 0.000000 0.050676 0.007186 1.656180
0.942092 0.000017 0.000019 0.000008 0.000000 0.050677 0.007186 1.656184
0.942093 0.000017 0.000019 0.000008 0.000000 0.050676 0.007186 1.656186
0.942096 0.000018 0.000019 0.000007 0.000000 0.050673 0.007186 1.656187
0.942097 0.000018 0.000019 0.000005 0.000000 0.050673 0.007186 1.656187
0.942099 0.000019 0.000018 0.000006 0.000000 0.050672 0.007186 1.656189
0.942101 0.000017 0.000019 0.000006 0.000000 0.050670 0.007186 1.656192
0.942099 0.000019 0.000018 0.000006 0.000000 0.050670 0.007186 1.656192
0.942099 0.000019 0.000018 0.000006 0.000000 0.050672 0.007186 1.656195
0.942097 0.000022 0.000017 0.000005 0.000000 0.050672 0.007186 1.656196
0.942101 0.000019 0.000019 0.000005 0.000000 0.050669 0.007186 1.656199
0.942100 0.000020 0.000019 0.000005 0.000000 0.050669 0.007186 1.656200
0.942101 0.000018 0.000021 0.000006 0.000000 0.050668 0.007186 1.656204
0.942101 0.000019 0.000021 0.000006 0.000000 0.050666 0.007186 1.656206
0.942103 0.000018 0.000021 0.000007 0.000000 0.050665 0.007186 1.656208
0.942106 0.000014 0.000024 0.000006 0.000000 0.050662 0.007186 1.656212
0.942109 0.000014 0.000022 0.000006 0.000000 0.050661 0.007186 1.656214
0.942111 0.000012 0.000024 0.000007 0.000000 0.050659 0.007186 1.656216
0.942111 0.000012 0.000021 0.000008 0.000000 0.050662 0.007186 1.656218
0.942113 0.000013 0.000019 0.000008 0.000000 0.050660 0.007186 1.656218
0.942114 0.000013 0.000020 0.000007 0.000000 0.050659 0.007186 1.656219
0.942115 0.000012 0.000021 0.000006 0.000000 0.050659 0.007186 1.656221
0.942114 0.000013 0.000021 0.000006 0.000000 0.050658 0.007186 1.656223
0.942114 0.000016 0.000021 0.000005 0.000000 0.050658 0.007186 1.656223
0.942115 0.000016 0.000019 0.000004 0.000000 0.050659 0.007186 1.656223
0.942116 0.000015 0.000019 0.000004 0.000000 0.050658 0.007186 1.656225
0.942119 0.000015 0.000019 0.000004 0.000000 0.050656 0.007186 1.656227
0.942121 0.000012 0.000022 0.000005 0.000000 0.050654 0.007186 1.656230
0.942121 0.000012 0.000020 0.000005 0.000000 0.050656 0.007186 1.656231
0.942124 0.000012 0.000020 0.000003 0.000000 0.050654 0.007186 1.656232
0.942126 0.000013 0.000019 0.000003 0.000000 0.050651 0.007186 1.656232
0.942126 0.000015 0.000018 0.000004 0.000000 0.050650 0.007186 1.656233
0.942130 0.000013 0.000018 0.000004 0.000000 0.050648 0.007186 1.656235
0.942132 0.000013 0.000017 0.000004 0.000000 0.050648 0.007186 1.656236
0.942132 0.000014 0.000014 0.000004 0.000000 0.050648 0.007186 1.656236
0.942133 0.000013 0.000015 0.000004 0.000000 0.050648 0.007186 1.656239
0.942136 0.000013 0.000015 0.000005 0.000000 0.050645 0.007186 1.656240
0.942136 0.000013 0.000016 0.000006 0.000000 0.050643 0.007186 1.656243
0.942135 0.000014 0.000014 0.000006 0.000000 0.050644 0.007186 1.656244
0.942136 0.000015 0.000013 0.000005 0.000000 0.050644 0.007186 1.656244
0.942138 0.000013 0.000014 0.000006 0.000000 0.050643 0.007186 1.656246
