0.361322 0.061152 0.054713 0.031680 0.001943 0.483363 0.005828 1.587051
0.363366 0.059232 0.054680 0.031490 0.001944 0.483437 0.005851 1.592951
0.366082 0.056959 0.054347 0.031213 0.001940 0.483585 0.005876 1.598589
0.369215 0.054435 0.054087 0.030877 0.001937 0.483539 0.005911 1.604065
0.372779 0.051700 0.053645 0.030486 0.001935 0.483522 0.005934 1.609329
0.376473 0.049031 0.053194 0.029921 0.001931 0.483488 0.005961 1.614351
0.380320 0.046574 0.052594 0.029424 0.001918 0.483185 0.005984 1.618993
0.384360 0.044207 0.051797 0.028780 0.001922 0.482929 0.006006 1.623381
0.388430 0.041925 0.050942 0.028180 0.001931 0.482562 0.006032 1.627595
0.392578 0.039723 0.050035 0.027598 0.001928 0.482081 0.006058 1.631623
0.396769 0.037664 0.049063 0.026913 0.001920 0.481587 0.006085 1.635449
0.401113 0.035780 0.047946 0.026226 0.001925 0.480905 0.006105 1.639031
0.405422 0.034085 0.046774 0.025500 0.001916 0.480177 0.006128 1.642407
0.409782 0.032466 0.045573 0.024801 0.001893 0.479330 0.006154 1.645594
0.414174 0.030860 0.044485 0.024087 0.001888 0.478326 0.006180 1.648711
0.418639 0.029375 0.043398 0.023381 0.001872 0.477136 0.006199 1.651699
0.423216 0.027965 0.042188 0.022705 0.001862 0.475837 0.006227 1.654524
0.427791 0.026658 0.041000 0.021969 0.001832 0.474495 0.006255 1.657201
0.432391 0.025404 0.039881 0.021301 0.001814 0.472935 0.006275 1.659765
0.436992 0.024263 0.038647 0.020650 0.001797 0.471351 0.006301 1.662198
0.441555 0.023215 0.037427 0.020020 0.001781 0.469676 0.006326 1.664524
0.446178 0.022210 0.036263 0.019373 0.001762 0.467868 0.006347 1.666786
0.450797 0.021346 0.035042 0.018732 0.001739 0.465979 0.006365 1.668935
0.455412 0.020508 0.033895 0.018129 0.001711 0.463956 0.006390 1.670976
0.460007 0.019635 0.032902 0.017582 0.001696 0.461768 0.006412 1.673004
0.464597 0.018887 0.031789 0.016978 0.001683 0.459638 0.006429 1.674901
0.469161 0.018263 0.030652 0.016480 0.001661 0.457336 0.006446 1.676671
0.473674 0.017527 0.029644 0.015964 0.001638 0.455089 0.006465 1.678509
0.478241 0.016962 0.028648 0.015409 0.001620 0.452630 0.006491 1.680164
0.482778 0.016400 0.027729 0.014892 0.001593 0.450095 0.006512 1.681822
0.487286 0.015878 0.026811 0.014416 0.001561 0.447512 0.006536 1.683415
0.491815 0.015347 0.025994 0.013925 0.001539 0.444822 0.006558 1.684976
0.496343 0.014923 0.025122 0.013491 0.001520 0.442026 0.006576 1.686449
0.500855 0.014480 0.024321 0.013071 0.001489 0.439186 0.006600 1.687902
0.505384 0.014070 0.023488 0.012651 0.001467 0.436323 0.006617 1.689311
0.509717 0.013750 0.022728 0.012234 0.001440 0.433491 0.006640 1.690639
0.514087 0.013395 0.021927 0.011801 0.001410 0.430729 0.006652 1.691971
0.518498 0.013072 0.021185 0.011391 0.001389 0.427800 0.006666 1.693243
0.522814 0.012790 0.020480 0.011042 0.001362 0.424828 0.006683 1.694515
0.527134 0.012550 0.019820 0.010718 0.001336 0.421742 0.006700 1.695718
0.531354 0.012273 0.019231 0.010405 0.001306 0.418711 0.006721 1.696915
0.535573 0.012066 0.018641 0.010070 0.001277 0.415639 0.006735 1.698062
0.539793 0.011717 0.018129 0.009785 0.001243 0.412578 0.006755 1.699270
0.544048 0.011430 0.017648 0.009494 0.001233 0.409375 0.006772 1.700460
0.548343 0.011177 0.017145 0.009231 0.001209 0.406110 0.006786 1.701573
0.552414 0.010941 0.016666 0.008953 0.001183 0.403035 0.006809 1.702694
0.556629 0.010750 0.016205 0.008701 0.001155 0.399739 0.006821 1.703773
0.560703 0.010562 0.015772 0.008456 0.001134 0.396536 0.006837 1.704824
0.564776 0.010361 0.015366 0.008224 0.001099 0.393321 0.006853 1.705861
0.568891 0.010182 0.014901 0.008011 0.001071 0.390076 0.006867 1.706883
0.572926 0.010052 0.014485 0.007749 0.001049 0.386859 0.006879 1.707851
0.576924 0.009911 0.014054 0.007538 0.001025 0.383655 0.006892 1.708815
0.580787 0.009811 0.013706 0.007335 0.001003 0.380447 0.006910 1.709769
0.584627 0.009699 0.013370 0.007173 0.000967 0.377239 0.006925 1.710742
0.588521 0.009570 0.013053 0.006979 0.000937 0.374000 0.006941 1.711660
0.592374 0.009457 0.012768 0.006790 0.000917 0.370743 0.006949 1.712573
0.596145 0.009374 0.012431 0.006661 0.000893 0.367531 0.006964 1.713482
0.599832 0.009269 0.012181 0.006530 0.000871 0.364339 0.006979 1.714419
0.603495 0.009211 0.011892 0.006368 0.000849 0.361194 0.006991 1.715312
0.607108 0.009125 0.011669 0.006223 0.000827 0.358046 0.007003 1.716200
0.610692 0.009059 0.011400 0.006108 0.000810 0.354919 0.007013 1.717072
0.614276 0.008975 0.011146 0.005991 0.000791 0.351796 0.007025 1.717965
0.617811 0.008913 0.010959 0.005872 0.000779 0.348631 0.007035 1.718852
0.621422 0.008826 0.010694 0.005753 0.000770 0.345492 0.007042 1.719725
0.624948 0.008735 0.010493 0.005640 0.000761 0.342372 0.007051 1.720612
0.628385 0.008644 0.010301 0.005540 0.000744 0.339327 0.007057 1.721468
0.631848 0.008523 0.010147 0.005437 0.000730 0.336251 0.007065 1.722328
0.635236 0.008434 0.009984 0.005366 0.000707 0.333197 0.007075 1.723188
0.638668 0.008393 0.009776 0.005300 0.000697 0.330082 0.007083 1.723991
0.642053 0.008361 0.009616 0.005203 0.000691 0.326987 0.007090 1.724815
0.645391 0.008328 0.009461 0.005086 0.000676 0.323957 0.007100 1.725615
0.648595 0.008303 0.009342 0.005034 0.000652 0.320963 0.007110 1.726450
0.651778 0.008262 0.009232 0.004962 0.000637 0.318011 0.007117 1.727276
0.654972 0.008241 0.009109 0.004866 0.000618 0.315065 0.007130 1.728094
0.658100 0.008232 0.009010 0.004800 0.000611 0.312113 0.007134 1.728904
0.661199 0.008223 0.008897 0.004763 0.000599 0.309176 0.007143 1.729719
0.664198 0.008207 0.008778 0.004730 0.000591 0.306346 0.007151 1.730536
0.667254 0.008182 0.008684 0.004671 0.000581 0.303469 0.007159 1.731360
0.670196 0.008177 0.008620 0.004618 0.000562 0.300660 0.007167 1.732175
0.673152 0.008185 0.008540 0.004562 0.000549 0.297835 0.007178 1.732963
0.676026 0.008171 0.008480 0.004510 0.000530 0.295100 0.007183 1.733772
0.678854 0.008199 0.008393 0.004457 0.000523 0.292382 0.007192 1.734563
0.681682 0.008213 0.008325 0.004399 0.000510 0.289672 0.007198 1.735349
0.684453 0.008179 0.008276 0.004388 0.000495 0.287007 0.007204 1.736196
0.687205 0.008200 0.008204 0.004329 0.000482 0.284371 0.007209 1.736965
0.689859 0.008275 0.008124 0.004287 0.000475 0.281766 0.007214 1.737729
0.692541 0.008300 0.008068 0.004282 0.000469 0.279123 0.007217 1.738536
0.695258 0.008296 0.008025 0.004237 0.000465 0.276496 0.007224 1.739333
0.697848 0.008349 0.007984 0.004204 0.000451 0.273933 0.007231 1.740126
0.700418 0.008389 0.007949 0.004184 0.000449 0.271374 0.007236 1.740954
0.702936 0.008365 0.007957 0.004183 0.000438 0.268879 0.007243 1.741818
0.705387 0.008412 0.007926 0.004158 0.000424 0.266444 0.007248 1.742601
0.707834 0.008450 0.007904 0.004154 0.000418 0.263987 0.007253 1.743422
0.710281 0.008495 0.007914 0.004125 0.000408 0.261522 0.007256 1.744229
0.712689 0.008569 0.007880 0.004109 0.000402 0.259089 0.007262 1.745042
0.715011 0.008560 0.007863 0.004123 0.000392 0.256785 0.007267 1.745903
0.717434 0.008573 0.007817 0.004130 0.000383 0.254390 0.007274 1.746731
0.719835 0.008616 0.007769 0.004138 0.000382 0.251984 0.007276 1.747558
0.722064 0.008670 0.007760 0.004140 0.000380 0.249706 0.007279 1.748387
0.724299 0.008750 0.007780 0.004115 0.000377 0.247396 0.007284 1.749231
0.726523 0.008764 0.007798 0.004144 0.000372 0.245112 0.007289 1.750107
0.728638 0.008788 0.007785 0.004140 0.000372 0.242985 0.007293 1.750963
0.730732 0.008801 0.007804 0.004145 0.000369 0.240852 0.007299 1.751845
0.732767 0.008847 0.007785 0.004191 0.000363 0.238743 0.007304 1.752748
0.734920 0.008870 0.007769 0.004193 0.000365 0.236574 0.007309 1.753617
0.736837 0.008906 0.007781 0.004203 0.000363 0.234599 0.007312 1.754496
0.738829 0.008960 0.007772 0.004205 0.000356 0.232564 0.007314 1.755371
0.740822 0.009013 0.007784 0.004203 0.000349 0.230510 0.007320 1.756239
0.742754 0.009070 0.007778 0.004218 0.000345 0.228510 0.007325 1.757129
0.744599 0.009116 0.007789 0.004215 0.000343 0.226610 0.007329 1.758011
0.746469 0.009226 0.007801 0.004227 0.000332 0.224612 0.007334 1.758886
0.748266 0.009295 0.007814 0.004239 0.000331 0.222721 0.007335 1.759769
0.750014 0.009372 0.007847 0.004247 0.000331 0.220854 0.007336 1.760672
0.751804 0.009453 0.007865 0.004249 0.000324 0.218965 0.007341 1.761580
0.753460 0.009575 0.007905 0.004285 0.000324 0.217108 0.007345 1.762529
0.755113 0.009666 0.007940 0.004285 0.000319 0.215328 0.007350 1.763444
0.756781 0.009731 0.007984 0.004282 0.000315 0.213555 0.007353 1.764389
0.758369 0.009828 0.008057 0.004268 0.000315 0.211808 0.007356 1.765310
0.759947 0.009932 0.008096 0.004315 0.000316 0.210034 0.007360 1.766271
0.761553 0.010013 0.008110 0.004350 0.000315 0.208293 0.007366 1.767222
0.763088 0.010094 0.008191 0.004386 0.000306 0.206564 0.007371 1.768208
0.764533 0.010190 0.008285 0.004416 0.000300 0.204902 0.007373 1.769213
0.765973 0.010346 0.008309 0.004424 0.000298 0.203274 0.007376 1.770170
0.767421 0.010416 0.008364 0.004485 0.000292 0.201641 0.007382 1.771227
0.768832 0.010491 0.008475 0.004530 0.000294 0.199995 0.007385 1.772268
0.770234 0.010570 0.008570 0.004568 0.000283 0.198385 0.007392 1.773305
0.771583 0.010688 0.008598 0.004644 0.000283 0.196809 0.007396 1.774360
0.772871 0.010765 0.008685 0.004701 0.000284 0.195297 0.007396 1.775441
0.774074 0.010900 0.008756 0.004714 0.000290 0.193869 0.007399 1.776484
0.775243 0.011044 0.008824 0.004756 0.000286 0.192445 0.007403 1.777554
0.776428 0.011172 0.008874 0.004773 0.000288 0.191059 0.007406 1.778625
0.777634 0.011297 0.008905 0.004786 0.000289 0.189680 0.007409 1.779711
0.778816 0.011374 0.009011 0.004826 0.000286 0.188275 0.007412 1.780824
0.779891 0.011499 0.009114 0.004856 0.000285 0.186942 0.007413 1.781944
0.780906 0.011687 0.009173 0.004881 0.000289 0.185647 0.007418 1.783037
0.781957 0.011831 0.009213 0.004950 0.000288 0.184344 0.007419 1.784164
0.782940 0.011947 0.009315 0.004994 0.000288 0.183094 0.007422 1.785333
0.783878 0.012050 0.009448 0.005051 0.000289 0.181860 0.007425 1.786531
0.784813 0.012193 0.009562 0.005108 0.000294 0.180603 0.007428 1.787723
0.785767 0.012260 0.009696 0.005177 0.000298 0.179370 0.007432 1.788945
0.786683 0.012385 0.009820 0.005247 0.000295 0.178135 0.007437 1.790164
0.787559 0.012497 0.009953 0.005249 0.000292 0.177009 0.007443 1.791389
0.788373 0.012686 0.010020 0.005283 0.000293 0.175898 0.007448 1.792612
0.789135 0.012772 0.010161 0.005374 0.000292 0.174813 0.007454 1.793917
0.789917 0.012897 0.010252 0.005428 0.000300 0.173750 0.007456 1.795205
0.790631 0.013009 0.010350 0.005475 0.000300 0.172776 0.007459 1.796507
0.791365 0.013170 0.010450 0.005547 0.000304 0.171705 0.007461 1.797779
0.792026 0.013326 0.010525 0.005599 0.000313 0.170748 0.007464 1.799072
0.792706 0.013455 0.010596 0.005645 0.000312 0.169821 0.007467 1.800403
0.793363 0.013553 0.010736 0.005711 0.000313 0.168853 0.007472 1.801765
0.793942 0.013720 0.010844 0.005786 0.000317 0.167918 0.007474 1.803125
0.794523 0.013879 0.010949 0.005857 0.000315 0.167001 0.007477 1.804483
0.795090 0.014050 0.011032 0.005886 0.000315 0.166148 0.007480 1.805827
0.795622 0.014252 0.011106 0.005969 0.000317 0.165249 0.007484 1.807190
0.796139 0.014341 0.011264 0.006004 0.000317 0.164448 0.007488 1.808642
0.796680 0.014438 0.011355 0.006060 0.000323 0.163656 0.007489 1.810064
0.797121 0.014646 0.011437 0.006094 0.000318 0.162893 0.007492 1.811461
0.797517 0.014777 0.011566 0.006161 0.000315 0.162170 0.007496 1.812916
0.797927 0.014937 0.011708 0.006196 0.000317 0.161412 0.007502 1.814362
0.798309 0.015122 0.011844 0.006246 0.000319 0.160656 0.007505 1.815807
0.798605 0.015323 0.011946 0.006299 0.000322 0.159997 0.007510 1.817302
0.798960 0.015411 0.012126 0.006388 0.000327 0.159274 0.007514 1.818853
0.799356 0.015466 0.012219 0.006478 0.000330 0.158633 0.007518 1.820433
0.799674 0.015641 0.012304 0.006574 0.000337 0.157949 0.007522 1.821951
0.799935 0.015765 0.012428 0.006659 0.000338 0.157349 0.007527 1.823492
0.800177 0.015847 0.012587 0.006753 0.000338 0.156769 0.007530 1.825096
0.800535 0.015988 0.012646 0.006748 0.000335 0.156214 0.007535 1.826590
0.800730 0.016162 0.012782 0.006805 0.000333 0.155650 0.007538 1.828141
0.800899 0.016330 0.012917 0.006883 0.000333 0.155098 0.007541 1.829707
0.801019 0.016454 0.013086 0.006986 0.000337 0.154573 0.007546 1.831357
0.801242 0.016601 0.013152 0.007027 0.000341 0.154085 0.007551 1.832956
0.801418 0.016694 0.013280 0.007062 0.000340 0.153651 0.007554 1.834597
0.801575 0.016821 0.013369 0.007134 0.000338 0.153204 0.007558 1.836230
0.801675 0.016941 0.013482 0.007170 0.000342 0.152824 0.007564 1.837901
0.801770 0.017022 0.013631 0.007252 0.000337 0.152416 0.007571 1.839596
0.801859 0.017110 0.013729 0.007338 0.000343 0.152049 0.007573 1.841287
0.801913 0.017248 0.013823 0.007387 0.000353 0.151699 0.007576 1.842966
0.801998 0.017301 0.013899 0.007489 0.000357 0.151374 0.007581 1.844711
0.802092 0.017380 0.013969 0.007566 0.000365 0.151043 0.007584 1.846388
0.802211 0.017470 0.014066 0.007598 0.000371 0.150695 0.007589 1.848062
0.802206 0.017630 0.014135 0.007625 0.000372 0.150440 0.007591 1.849728
0.802301 0.017718 0.014201 0.007705 0.000376 0.150104 0.007595 1.851441
0.802374 0.017812 0.014319 0.007773 0.000382 0.149741 0.007600 1.853193
0.802383 0.017921 0.014399 0.007819 0.000378 0.149498 0.007604 1.854922
0.802395 0.018024 0.014487 0.007901 0.000376 0.149208 0.007608 1.856693
0.802418 0.018140 0.014542 0.007951 0.000379 0.148960 0.007611 1.858414
0.802424 0.018272 0.014584 0.007976 0.000380 0.148747 0.007616 1.860127
0.802343 0.018304 0.014744 0.008038 0.000379 0.148569 0.007622 1.861975
0.802288 0.018410 0.014849 0.008080 0.000385 0.148362 0.007626 1.863768
0.802226 0.018481 0.014953 0.008179 0.000389 0.148142 0.007631 1.865586
0.802214 0.018572 0.015026 0.008234 0.000390 0.147929 0.007635 1.867391
0.802205 0.018607 0.015162 0.008262 0.000403 0.147723 0.007639 1.869218
0.802137 0.018713 0.015246 0.008312 0.000404 0.147544 0.007644 1.871045
0.802089 0.018778 0.015395 0.008372 0.000408 0.147309 0.007649 1.872861
0.802090 0.018812 0.015467 0.008431 0.000409 0.147137 0.007653 1.874694
0.802058 0.018848 0.015527 0.008466 0.000415 0.147026 0.007660 1.876522
0.801989 0.018897 0.015598 0.008512 0.000417 0.146921 0.007665 1.878386
0.801982 0.018887 0.015691 0.008589 0.000422 0.146758 0.007671 1.880265
0.801877 0.018939 0.015774 0.008613 0.000432 0.146689 0.007676 1.882134
0.801789 0.019044 0.015819 0.008654 0.000433 0.146583 0.007677 1.883971
0.801699 0.019130 0.015907 0.008656 0.000445 0.146480 0.007683 1.885815
0.801576 0.019178 0.016031 0.008690 0.000440 0.146398 0.007688 1.887693
0.801494 0.019207 0.016115 0.008714 0.000440 0.146338 0.007693 1.889564
0.801383 0.019282 0.016143 0.008724 0.000442 0.146329 0.007697 1.891391
0.801273 0.019357 0.016188 0.008754 0.000443 0.146281 0.007705 1.893256
0.801100 0.019390 0.016254 0.008817 0.000440 0.146287 0.007712 1.895156
0.801070 0.019368 0.016360 0.008812 0.000448 0.146226 0.007716 1.897058
0.800979 0.019360 0.016450 0.008791 0.000462 0.146238 0.007720 1.898967
0.800847 0.019457 0.016463 0.008820 0.000459 0.146228 0.007726 1.900877
0.800667 0.019556 0.016507 0.008826 0.000465 0.146248 0.007732 1.902728
0.800477 0.019571 0.016587 0.008860 0.000464 0.146301 0.007740 1.904666
0.800361 0.019565 0.016656 0.008916 0.000457 0.146299 0.007746 1.906578
0.800347 0.019521 0.016743 0.008948 0.000454 0.146232 0.007755 1.908530
0.800237 0.019510 0.016794 0.008994 0.000455 0.146253 0.007758 1.910438
0.800136 0.019506 0.016852 0.009031 0.000458 0.146257 0.007760 1.912378
0.799983 0.019527 0.016929 0.009050 0.000463 0.146284 0.007765 1.914295
0.799883 0.019560 0.017019 0.009042 0.000465 0.146260 0.007771 1.916214
0.799775 0.019597 0.016988 0.009078 0.000467 0.146319 0.007776 1.918119
0.799689 0.019647 0.017033 0.009068 0.000472 0.146309 0.007782 1.920026
0.799600 0.019644 0.017092 0.009092 0.000465 0.146320 0.007788 1.921941
0.799489 0.019675 0.017098 0.009111 0.000465 0.146370 0.007792 1.923846
0.799346 0.019767 0.017143 0.009101 0.000477 0.146370 0.007796 1.925723
0.799201 0.019831 0.017180 0.009102 0.000477 0.146408 0.007801 1.927675
0.799160 0.019811 0.017161 0.009114 0.000472 0.146473 0.007809 1.929565
0.798990 0.019854 0.017142 0.009113 0.000480 0.146609 0.007811 1.931468
0.798942 0.019834 0.017198 0.009165 0.000482 0.146560 0.007818 1.933439
0.798881 0.019851 0.017136 0.009174 0.000489 0.146647 0.007822 1.935312
0.798859 0.019781 0.017170 0.009213 0.000491 0.146662 0.007824 1.937260
0.798754 0.019797 0.017195 0.009216 0.000493 0.146717 0.007829 1.939192
0.798649 0.019789 0.017241 0.009217 0.000493 0.146775 0.007836 1.941110
0.798501 0.019842 0.017270 0.009279 0.000498 0.146769 0.007841 1.943035
0.798457 0.019790 0.017296 0.009293 0.000501 0.146815 0.007848 1.944985
0.798353 0.019735 0.017363 0.009302 0.000503 0.146894 0.007852 1.946975
0.798266 0.019728 0.017429 0.009316 0.000506 0.146900 0.007855 1.948923
0.798144 0.019701 0.017448 0.009300 0.000508 0.147038 0.007861 1.950862
0.798082 0.019675 0.017464 0.009293 0.000511 0.147112 0.007864 1.952813
0.798010 0.019603 0.017510 0.009329 0.000509 0.147168 0.007870 1.954793
0.797915 0.019648 0.017459 0.009340 0.000514 0.147251 0.007873 1.956696
0.797833 0.019663 0.017463 0.009346 0.000517 0.147301 0.007877 1.958604
0.797683 0.019668 0.017471 0.009330 0.000517 0.147447 0.007883 1.960537
0.797619 0.019647 0.017510 0.009342 0.000511 0.147478 0.007892 1.962488
0.797669 0.019589 0.017467 0.009300 0.000512 0.147564 0.007899 1.964366
0.797652 0.019548 0.017424 0.009268 0.000514 0.147689 0.007906 1.966266
0.797668 0.019494 0.017430 0.009231 0.000519 0.147747 0.007910 1.968185
0.797643 0.019475 0.017425 0.009198 0.000521 0.147825 0.007914 1.970104
0.797598 0.019418 0.017421 0.009195 0.000526 0.147922 0.007920 1.972029
0.797612 0.019320 0.017401 0.009206 0.000526 0.148010 0.007924 1.973931
0.797580 0.019292 0.017431 0.009213 0.000516 0.148037 0.007931 1.975828
0.797556 0.019224 0.017429 0.009241 0.000515 0.148098 0.007936 1.977739
0.797578 0.019236 0.017381 0.009173 0.000514 0.148177 0.007943 1.979552
0.797611 0.019232 0.017301 0.009208 0.000510 0.148190 0.007949 1.981385
0.797665 0.019160 0.017283 0.009195 0.000518 0.148225 0.007952 1.983237
0.797679 0.019112 0.017277 0.009169 0.000517 0.148286 0.007958 1.985123
0.797756 0.019014 0.017305 0.009170 0.000514 0.148276 0.007966 1.987015
0.797791 0.018957 0.017279 0.009128 0.000523 0.148351 0.007972 1.988876
0.797869 0.018891 0.017337 0.009086 0.000517 0.148322 0.007980 1.990743
0.797883 0.018846 0.017344 0.009094 0.000508 0.148341 0.007986 1.992631
0.797897 0.018872 0.017295 0.009062 0.000511 0.148373 0.007990 1.994451
0.797978 0.018836 0.017255 0.009025 0.000510 0.148400 0.007997 1.996304
0.798029 0.018764 0.017228 0.009003 0.000510 0.148463 0.008004 1.998151
0.798007 0.018802 0.017161 0.008955 0.000510 0.148555 0.008011 1.999932
0.798123 0.018780 0.017152 0.008954 0.000504 0.148469 0.008018 2.001756
0.798128 0.018722 0.017183 0.008964 0.000510 0.148470 0.008022 2.003627
0.798231 0.018641 0.017226 0.008981 0.000509 0.148382 0.008031 2.005496
0.798310 0.018607 0.017197 0.008925 0.000506 0.148416 0.008039 2.007315
0.798321 0.018620 0.017142 0.008923 0.000503 0.148447 0.008045 2.009090
0.798421 0.018501 0.017118 0.008933 0.000502 0.148474 0.008051 2.010948
0.798450 0.018465 0.017103 0.008889 0.000501 0.148533 0.008061 2.012775
0.798510 0.018398 0.017090 0.008869 0.000500 0.148566 0.008067 2.014604
0.798565 0.018431 0.017022 0.008845 0.000500 0.148566 0.008071 2.016372
0.798689 0.018348 0.016961 0.008862 0.000500 0.148562 0.008078 2.018180
0.798820 0.018297 0.016892 0.008842 0.000495 0.148569 0.008086 2.019926
0.798905 0.018282 0.016826 0.008803 0.000490 0.148604 0.008091 2.021674
0.799067 0.018174 0.016809 0.008813 0.000504 0.148539 0.008094 2.023494
0.799262 0.018129 0.016750 0.008788 0.000508 0.148462 0.008100 2.025244
0.799397 0.018106 0.016720 0.008759 0.000508 0.148407 0.008105 2.027025
0.799565 0.018057 0.016672 0.008732 0.000513 0.148352 0.008109 2.028771
0.799669 0.017973 0.016643 0.008782 0.000510 0.148306 0.008117 2.030594
0.799725 0.017974 0.016552 0.008767 0.000518 0.148344 0.008122 2.032352
0.799872 0.017841 0.016549 0.008792 0.000519 0.148303 0.008125 2.034164
0.800013 0.017766 0.016536 0.008748 0.000527 0.148279 0.008130 2.035955
0.800149 0.017719 0.016483 0.008744 0.000524 0.148245 0.008136 2.037703
0.800249 0.017698 0.016388 0.008740 0.000525 0.148259 0.008142 2.039421
0.800361 0.017702 0.016321 0.008691 0.000526 0.148253 0.008147 2.041103
0.800574 0.017621 0.016230 0.008666 0.000538 0.148219 0.008153 2.042817
0.800786 0.017542 0.016217 0.008653 0.000537 0.148107 0.008158 2.044537
0.800997 0.017479 0.016147 0.008655 0.000538 0.148023 0.008161 2.046246
0.801107 0.017425 0.016148 0.008589 0.000542 0.148025 0.008164 2.047948
0.801303 0.017378 0.016132 0.008587 0.000538 0.147892 0.008172 2.049679
0.801537 0.017350 0.016047 0.008547 0.000539 0.147805 0.008176 2.051306
0.801785 0.017273 0.016012 0.008536 0.000536 0.147675 0.008183 2.053001
0.802027 0.017284 0.015903 0.008478 0.000530 0.147588 0.008189 2.054607
0.802223 0.017212 0.015845 0.008459 0.000531 0.147537 0.008193 2.056300
0.802418 0.017160 0.015807 0.008442 0.000538 0.147435 0.008199 2.057965
0.802685 0.017095 0.015764 0.008414 0.000533 0.147304 0.008204 2.059663
0.802915 0.017076 0.015808 0.008398 0.000530 0.147064 0.008209 2.061340
0.803157 0.017020 0.015757 0.008375 0.000529 0.146948 0.008215 2.062985
0.803402 0.016991 0.015694 0.008352 0.000535 0.146807 0.008219 2.064630
0.803561 0.016956 0.015643 0.008327 0.000533 0.146754 0.008227 2.066311
0.803723 0.016942 0.015579 0.008285 0.000532 0.146703 0.008236 2.067925
0.803954 0.016834 0.015614 0.008242 0.000527 0.146587 0.008242 2.069579
0.804218 0.016783 0.015560 0.008223 0.000529 0.146439 0.008248 2.071203
0.804450 0.016719 0.015487 0.008218 0.000530 0.146342 0.008254 2.072862
0.804686 0.016661 0.015479 0.008189 0.000523 0.146204 0.008258 2.074484
0.804861 0.016647 0.015435 0.008158 0.000522 0.146115 0.008263 2.076120
0.805093 0.016577 0.015381 0.008113 0.000511 0.146053 0.008271 2.077752
0.805269 0.016548 0.015340 0.008081 0.000507 0.145976 0.008279 2.079367
0.805581 0.016471 0.015308 0.008070 0.000506 0.145780 0.008285 2.080982
0.805794 0.016466 0.015226 0.008067 0.000500 0.145656 0.008293 2.082586
0.806051 0.016432 0.015223 0.008030 0.000497 0.145468 0.008299 2.084200
0.806241 0.016404 0.015165 0.008035 0.000484 0.145363 0.008308 2.085809
0.806553 0.016339 0.015081 0.008040 0.000490 0.145186 0.008311 2.087409
0.806799 0.016380 0.014970 0.007986 0.000484 0.145064 0.008317 2.088954
0.807048 0.016348 0.014973 0.007979 0.000480 0.144850 0.008323 2.090581
0.807267 0.016317 0.014937 0.007973 0.000474 0.144704 0.008329 2.092193
0.807521 0.016280 0.014919 0.007944 0.000473 0.144530 0.008333 2.093795
0.807788 0.016201 0.014939 0.007922 0.000473 0.144339 0.008340 2.095428
0.808025 0.016210 0.014927 0.007840 0.000475 0.144179 0.008344 2.096981
0.808278 0.016236 0.014908 0.007809 0.000476 0.143945 0.008349 2.098529
0.808534 0.016205 0.014901 0.007805 0.000483 0.143717 0.008354 2.100146
0.808772 0.016267 0.014824 0.007802 0.000481 0.143491 0.008362 2.101686
0.808948 0.016295 0.014777 0.007818 0.000475 0.143320 0.008368 2.103226
0.809143 0.016269 0.014755 0.007807 0.000477 0.143174 0.008377 2.104826
0.809373 0.016205 0.014771 0.007805 0.000479 0.142982 0.008386 2.106464
0.809567 0.016242 0.014765 0.007793 0.000480 0.142763 0.008391 2.108031
0.809865 0.016180 0.014747 0.007780 0.000482 0.142549 0.008398 2.109586
0.810050 0.016159 0.014756 0.007735 0.000481 0.142416 0.008403 2.111169
0.810218 0.016247 0.014746 0.007737 0.000480 0.142163 0.008410 2.112718
0.810366 0.016258 0.014751 0.007722 0.000476 0.142013 0.008415 2.114306
0.810530 0.016280 0.014724 0.007728 0.000472 0.141848 0.008417 2.115898
0.810667 0.016306 0.014715 0.007710 0.000474 0.141706 0.008423 2.117463
0.810779 0.016340 0.014746 0.007708 0.000480 0.141519 0.008427 2.119062
0.810914 0.016368 0.014767 0.007677 0.000484 0.141359 0.008433 2.120669
0.811122 0.016318 0.014799 0.007687 0.000482 0.141152 0.008440 2.122316
0.811289 0.016314 0.014813 0.007669 0.000479 0.140990 0.008445 2.123905
0.811515 0.016277 0.014886 0.007700 0.000480 0.140694 0.008447 2.125531
0.811695 0.016276 0.014862 0.007701 0.000479 0.140533 0.008453 2.127130
0.811836 0.016271 0.014880 0.007708 0.000473 0.140372 0.008460 2.128740
0.811986 0.016240 0.014861 0.007726 0.000469 0.140254 0.008465 2.130358
0.812066 0.016299 0.014866 0.007732 0.000463 0.140102 0.008472 2.131945
0.812246 0.016245 0.014852 0.007742 0.000471 0.139968 0.008475 2.133563
0.812435 0.016292 0.014784 0.007750 0.000470 0.139787 0.008481 2.135135
0.812585 0.016275 0.014791 0.007756 0.000471 0.139636 0.008485 2.136746
0.812771 0.016262 0.014790 0.007730 0.000470 0.139487 0.008491 2.138304
0.812864 0.016244 0.014751 0.007738 0.000468 0.139439 0.008496 2.139923
0.813030 0.016157 0.014816 0.007720 0.000470 0.139305 0.008502 2.141589
0.813137 0.016187 0.014805 0.007719 0.000465 0.139179 0.008507 2.143190
0.813331 0.016217 0.014808 0.007696 0.000462 0.138973 0.008514 2.144753
0.813474 0.016200 0.014778 0.007731 0.000458 0.138839 0.008520 2.146376
0.813625 0.016162 0.014814 0.007735 0.000458 0.138679 0.008527 2.147979
0.813775 0.016113 0.014809 0.007762 0.000458 0.138551 0.008532 2.149587
0.813911 0.016106 0.014776 0.007772 0.000459 0.138438 0.008538 2.151186
0.814050 0.016136 0.014737 0.007780 0.000455 0.138296 0.008545 2.152767
0.814207 0.016066 0.014761 0.007802 0.000455 0.138162 0.008548 2.154427
0.814361 0.016089 0.014696 0.007803 0.000443 0.138053 0.008555 2.155998
0.814483 0.016117 0.014653 0.007790 0.000437 0.137958 0.008561 2.157557
0.814627 0.016133 0.014604 0.007764 0.000438 0.137868 0.008567 2.159104
0.814772 0.016219 0.014588 0.007724 0.000434 0.137690 0.008574 2.160630
0.814834 0.016244 0.014582 0.007693 0.000439 0.137626 0.008582 2.162231
0.814901 0.016278 0.014591 0.007677 0.000435 0.137528 0.008589 2.163828
0.815006 0.016289 0.014564 0.007693 0.000435 0.137422 0.008592 2.165414
0.815045 0.016366 0.014605 0.007682 0.000431 0.137269 0.008601 2.167007
0.815184 0.016379 0.014614 0.007675 0.000433 0.137110 0.008606 2.168602
0.815267 0.016407 0.014581 0.007673 0.000424 0.137035 0.008613 2.170180
0.815418 0.016409 0.014541 0.007656 0.000420 0.136937 0.008619 2.171760
0.815551 0.016356 0.014593 0.007663 0.000422 0.136795 0.008622 2.173415
0.815636 0.016391 0.014635 0.007661 0.000425 0.136625 0.008627 2.174999
0.815687 0.016406 0.014604 0.007687 0.000426 0.136562 0.008628 2.176630
0.815783 0.016395 0.014614 0.007671 0.000427 0.136477 0.008633 2.178211
0.815899 0.016381 0.014609 0.007634 0.000428 0.136412 0.008637 2.179805
0.815950 0.016402 0.014571 0.007674 0.000430 0.136332 0.008640 2.181384
0.816107 0.016417 0.014562 0.007657 0.000432 0.136180 0.008645 2.182977
0.816204 0.016369 0.014651 0.007655 0.000432 0.136038 0.008650 2.184618
0.816250 0.016351 0.014681 0.007692 0.000432 0.135940 0.008652 2.186257
0.816295 0.016393 0.014702 0.007673 0.000427 0.135852 0.008658 2.187852
0.816436 0.016388 0.014725 0.007654 0.000424 0.135711 0.008663 2.189481
0.816536 0.016393 0.014699 0.007671 0.000431 0.135604 0.008666 2.191112
0.816558 0.016442 0.014692 0.007655 0.000432 0.135549 0.008672 2.192709
0.816591 0.016459 0.014705 0.007678 0.000442 0.135449 0.008678 2.194324
0.816677 0.016417 0.014759 0.007673 0.000444 0.135347 0.008684 2.195965
0.816818 0.016338 0.014817 0.007717 0.000441 0.135180 0.008688 2.197619
0.816913 0.016318 0.014775 0.007739 0.000443 0.135121 0.008692 2.199239
0.816943 0.016332 0.014813 0.007778 0.000441 0.135000 0.008694 2.200888
0.816942 0.016314 0.014833 0.007827 0.000442 0.134942 0.008700 2.202532
0.817045 0.016329 0.014788 0.007827 0.000441 0.134862 0.008709 2.204115
0.817057 0.016311 0.014828 0.007826 0.000445 0.134820 0.008714 2.205745
0.817096 0.016393 0.014785 0.007833 0.000438 0.134732 0.008722 2.207323
0.817170 0.016385 0.014801 0.007850 0.000439 0.134630 0.008727 2.208962
0.817176 0.016411 0.014789 0.007849 0.000446 0.134601 0.008729 2.210583
0.817238 0.016391 0.014752 0.007840 0.000446 0.134603 0.008731 2.212186
0.817250 0.016453 0.014675 0.007846 0.000450 0.134595 0.008734 2.213789
0.817267 0.016481 0.014729 0.007829 0.000454 0.134501 0.008739 2.215410
0.817342 0.016475 0.014684 0.007871 0.000456 0.134432 0.008741 2.217008
0.817400 0.016473 0.014698 0.007851 0.000465 0.134371 0.008743 2.218613
0.817434 0.016485 0.014743 0.007816 0.000460 0.134314 0.008749 2.220237
0.817442 0.016554 0.014750 0.007792 0.000454 0.134255 0.008755 2.221812
0.817532 0.016497 0.014754 0.007813 0.000455 0.134188 0.008762 2.223433
0.817526 0.016562 0.014745 0.007823 0.000455 0.134123 0.008766 2.225043
0.817567 0.016619 0.014693 0.007836 0.000453 0.134060 0.008774 2.226631
0.817562 0.016626 0.014741 0.007848 0.000448 0.133997 0.008778 2.228292
0.817577 0.016650 0.014780 0.007809 0.000450 0.133949 0.008784 2.229902
0.817563 0.016695 0.014820 0.007833 0.000450 0.133848 0.008791 2.231553
0.817543 0.016729 0.014804 0.007869 0.000456 0.133806 0.008794 2.233184
0.817562 0.016763 0.014815 0.007882 0.000461 0.133719 0.008799 2.234819
0.817588 0.016840 0.014804 0.007853 0.000455 0.133656 0.008805 2.236428
0.817555 0.016860 0.014819 0.007873 0.000457 0.133625 0.008811 2.238076
0.817539 0.016872 0.014855 0.007921 0.000459 0.133541 0.008814 2.239756
0.817507 0.016916 0.014865 0.007929 0.000459 0.133506 0.008819 2.241392
0.817476 0.016885 0.014928 0.007931 0.000460 0.133496 0.008824 2.243086
0.817413 0.016909 0.014992 0.007938 0.000461 0.133461 0.008828 2.244774
0.817465 0.016876 0.014984 0.007946 0.000458 0.133437 0.008835 2.246394
0.817520 0.016905 0.015010 0.007980 0.000459 0.133290 0.008838 2.248036
0.817526 0.016898 0.015010 0.007997 0.000455 0.133271 0.008843 2.249709
0.817541 0.016868 0.015066 0.008002 0.000460 0.133215 0.008848 2.251377
0.817581 0.016901 0.015038 0.008011 0.000459 0.133157 0.008853 2.253018
0.817548 0.016959 0.015011 0.007990 0.000459 0.133178 0.008856 2.254643
0.817615 0.016895 0.015019 0.007984 0.000463 0.133162 0.008862 2.256329
0.817569 0.016926 0.014987 0.008002 0.000462 0.133187 0.008868 2.257972
0.817468 0.016968 0.015044 0.007986 0.000460 0.133200 0.008875 2.259673
0.817474 0.017023 0.015030 0.007995 0.000460 0.133140 0.008878 2.261306
0.817350 0.017117 0.015017 0.007978 0.000459 0.133196 0.008884 2.262980
0.817334 0.017107 0.015108 0.007978 0.000455 0.133131 0.008887 2.264689
0.817389 0.017089 0.015140 0.007976 0.000460 0.133054 0.008892 2.266354
0.817279 0.017185 0.015158 0.008000 0.000460 0.133022 0.008897 2.268025
0.817188 0.017234 0.015209 0.007951 0.000464 0.133052 0.008903 2.269707
0.817127 0.017278 0.015240 0.007964 0.000474 0.133006 0.008910 2.271401
0.817090 0.017242 0.015241 0.008002 0.000475 0.133037 0.008914 2.273107
0.817099 0.017201 0.015251 0.008045 0.000480 0.133008 0.008917 2.274814
0.817044 0.017281 0.015276 0.008060 0.000482 0.132932 0.008925 2.276465
0.816989 0.017307 0.015296 0.008023 0.000481 0.132974 0.008931 2.278135
0.816958 0.017285 0.015392 0.008049 0.000477 0.132903 0.008938 2.279866
0.816854 0.017265 0.015411 0.008092 0.000481 0.132954 0.008943 2.281614
0.816839 0.017251 0.015425 0.008110 0.000477 0.132950 0.008948 2.283313
0.816812 0.017276 0.015454 0.008124 0.000481 0.132902 0.008952 2.284970
0.816758 0.017362 0.015452 0.008100 0.000481 0.132892 0.008956 2.286621
0.816663 0.017371 0.015438 0.008123 0.000482 0.132962 0.008962 2.288346
0.816584 0.017432 0.015474 0.008094 0.000483 0.132965 0.008970 2.290016
0.816562 0.017404 0.015501 0.008084 0.000483 0.132991 0.008975 2.291734
0.816488 0.017462 0.015536 0.008089 0.000481 0.132964 0.008979 2.293422
0.816348 0.017486 0.015549 0.008103 0.000487 0.133040 0.008986 2.295138
0.816308 0.017517 0.015531 0.008095 0.000488 0.133071 0.008991 2.296831
0.816259 0.017544 0.015522 0.008104 0.000487 0.133089 0.008996 2.298538
0.816227 0.017584 0.015471 0.008108 0.000485 0.133124 0.009000 2.300227
0.816185 0.017561 0.015515 0.008131 0.000482 0.133122 0.009006 2.301975
0.816176 0.017464 0.015526 0.008202 0.000474 0.133143 0.009015 2.303756
0.816164 0.017406 0.015629 0.008189 0.000475 0.133116 0.009021 2.305489
0.816140 0.017379 0.015668 0.008178 0.000481 0.133132 0.009025 2.307234
0.816123 0.017362 0.015671 0.008197 0.000487 0.133134 0.009027 2.308953
0.816103 0.017385 0.015643 0.008194 0.000488 0.133156 0.009032 2.310661
0.815997 0.017418 0.015614 0.008211 0.000485 0.133241 0.009037 2.312376
0.815921 0.017401 0.015669 0.008219 0.000489 0.133261 0.009041 2.314119
0.815892 0.017396 0.015696 0.008194 0.000485 0.133294 0.009045 2.315848
0.815861 0.017359 0.015745 0.008197 0.000487 0.133303 0.009050 2.317608
0.815946 0.017323 0.015752 0.008163 0.000487 0.133276 0.009053 2.319299
0.815887 0.017308 0.015748 0.008190 0.000486 0.133322 0.009060 2.321052
0.815922 0.017243 0.015795 0.008173 0.000485 0.133317 0.009066 2.322767
0.815842 0.017268 0.015761 0.008154 0.000488 0.133418 0.009070 2.324465
0.815837 0.017256 0.015751 0.008170 0.000490 0.133420 0.009076 2.326166
0.815767 0.017319 0.015720 0.008159 0.000488 0.133467 0.009081 2.327855
0.815677 0.017294 0.015738 0.008193 0.000491 0.133524 0.009083 2.329616
0.815647 0.017247 0.015749 0.008201 0.000497 0.133572 0.009087 2.331349
0.815590 0.017225 0.015775 0.008209 0.000490 0.133616 0.009094 2.333061
0.815495 0.017274 0.015747 0.008147 0.000486 0.133752 0.009100 2.334728
0.815417 0.017327 0.015735 0.008181 0.000482 0.133755 0.009104 2.336426
0.815409 0.017301 0.015808 0.008214 0.000483 0.133675 0.009110 2.338146
0.815446 0.017269 0.015801 0.008224 0.000483 0.133659 0.009117 2.339831
0.815401 0.017253 0.015834 0.008235 0.000479 0.133675 0.009123 2.341568
0.815418 0.017230 0.015828 0.008193 0.000484 0.133721 0.009126 2.343261
0.815385 0.017249 0.015800 0.008175 0.000487 0.133775 0.009127 2.344953
0.815370 0.017301 0.015793 0.008192 0.000491 0.133722 0.009130 2.346628
0.815292 0.017324 0.015794 0.008181 0.000492 0.133779 0.009138 2.348349
0.815204 0.017312 0.015847 0.008177 0.000494 0.133824 0.009142 2.350086
0.815151 0.017443 0.015795 0.008174 0.000485 0.133804 0.009149 2.351699
0.815128 0.017471 0.015730 0.008183 0.000481 0.133853 0.009154 2.353375
0.815150 0.017453 0.015728 0.008194 0.000479 0.133836 0.009160 2.355061
0.815127 0.017522 0.015688 0.008200 0.000486 0.133813 0.009164 2.356727
0.815054 0.017453 0.015730 0.008207 0.000483 0.133904 0.009168 2.358470
0.815031 0.017393 0.015816 0.008256 0.000481 0.133847 0.009176 2.360231
0.814968 0.017403 0.015813 0.008243 0.000485 0.133908 0.009180 2.361955
0.814922 0.017373 0.015839 0.008235 0.000488 0.133958 0.009185 2.363688
0.814793 0.017384 0.015810 0.008247 0.000487 0.134086 0.009192 2.365412
0.814772 0.017373 0.015806 0.008236 0.000494 0.134124 0.009195 2.367103
0.814727 0.017390 0.015800 0.008249 0.000497 0.134137 0.009201 2.368785
0.814699 0.017389 0.015786 0.008240 0.000501 0.134178 0.009207 2.370494
0.814668 0.017361 0.015765 0.008276 0.000496 0.134220 0.009215 2.372222
0.814655 0.017338 0.015763 0.008264 0.000493 0.134269 0.009219 2.373917
0.814711 0.017350 0.015772 0.008252 0.000493 0.134197 0.009225 2.375617
0.814728 0.017363 0.015792 0.008224 0.000500 0.134164 0.009229 2.377301
0.814679 0.017370 0.015759 0.008245 0.000496 0.134215 0.009237 2.378972
0.814670 0.017295 0.015784 0.008217 0.000502 0.134290 0.009242 2.380719
0.814651 0.017355 0.015730 0.008218 0.000496 0.134302 0.009247 2.382362
0.814643 0.017344 0.015706 0.008269 0.000495 0.134287 0.009256 2.384074
0.814623 0.017304 0.015723 0.008254 0.000490 0.134346 0.009261 2.385774
0.814633 0.017311 0.015725 0.008233 0.000489 0.134345 0.009265 2.387453
0.814636 0.017319 0.015730 0.008215 0.000493 0.134339 0.009269 2.389163
0.814597 0.017257 0.015713 0.008250 0.000496 0.134414 0.009274 2.390891
0.814583 0.017202 0.015746 0.008271 0.000498 0.134420 0.009280 2.392630
0.814530 0.017225 0.015752 0.008250 0.000497 0.134462 0.009285 2.394319
0.814478 0.017214 0.015711 0.008208 0.000500 0.134597 0.009292 2.396014
0.814483 0.017218 0.015714 0.008219 0.000496 0.134569 0.009302 2.397697
0.814534 0.017173 0.015722 0.008209 0.000489 0.134567 0.009308 2.399362
0.814591 0.017212 0.015667 0.008182 0.000493 0.134543 0.009313 2.401006
0.814603 0.017160 0.015648 0.008194 0.000481 0.134595 0.009319 2.402753
0.814597 0.017187 0.015576 0.008184 0.000480 0.134651 0.009326 2.404413
0.814660 0.017173 0.015585 0.008156 0.000481 0.134617 0.009330 2.406070
0.814626 0.017178 0.015615 0.008151 0.000476 0.134619 0.009336 2.407735
0.814732 0.017078 0.015619 0.008176 0.000472 0.134581 0.009342 2.409451
0.814746 0.017081 0.015591 0.008149 0.000475 0.134610 0.009349 2.411092
0.814715 0.017177 0.015572 0.008117 0.000478 0.134589 0.009352 2.412729
0.814698 0.017172 0.015582 0.008141 0.000481 0.134571 0.009358 2.414459
0.814627 0.017159 0.015642 0.008196 0.000475 0.134538 0.009363 2.416195
0.814616 0.017143 0.015609 0.008191 0.000471 0.134603 0.009370 2.417890
0.814626 0.017176 0.015592 0.008133 0.000468 0.134631 0.009375 2.419555
0.814652 0.017158 0.015603 0.008118 0.000470 0.134617 0.009382 2.421244
0.814616 0.017189 0.015661 0.008067 0.000472 0.134608 0.009387 2.422952
0.814552 0.017237 0.015699 0.008066 0.000468 0.134584 0.009395 2.424619
0.814497 0.017272 0.015661 0.008089 0.000468 0.134611 0.009401 2.426301
0.814455 0.017266 0.015671 0.008089 0.000467 0.134646 0.009407 2.428005
0.814504 0.017164 0.015663 0.008112 0.000459 0.134685 0.009413 2.429750
0.814476 0.017147 0.015702 0.008115 0.000458 0.134683 0.009419 2.431471
0.814460 0.017197 0.015629 0.008164 0.000464 0.134662 0.009424 2.433123
0.814416 0.017242 0.015637 0.008169 0.000461 0.134644 0.009431 2.434798
0.814468 0.017222 0.015660 0.008170 0.000464 0.134578 0.009438 2.436518
0.814423 0.017212 0.015641 0.008235 0.000468 0.134582 0.009441 2.438239
0.814434 0.017185 0.015614 0.008202 0.000467 0.134655 0.009444 2.439923
0.814432 0.017167 0.015602 0.008187 0.000468 0.134696 0.009448 2.441612
0.814413 0.017162 0.015588 0.008187 0.000473 0.134724 0.009453 2.443292
0.814431 0.017112 0.015589 0.008209 0.000480 0.134722 0.009458 2.444983
0.814485 0.017052 0.015605 0.008239 0.000486 0.134668 0.009465 2.446699
0.814504 0.017053 0.015599 0.008186 0.000492 0.134699 0.009467 2.448368
0.814504 0.017087 0.015601 0.008146 0.000489 0.134699 0.009474 2.450003
0.814482 0.017046 0.015633 0.008165 0.000493 0.134705 0.009477 2.451718
0.814434 0.017154 0.015584 0.008177 0.000491 0.134678 0.009483 2.453368
0.814400 0.017129 0.015611 0.008168 0.000495 0.134712 0.009485 2.455092
0.814372 0.017202 0.015558 0.008112 0.000491 0.134772 0.009493 2.456746
0.814396 0.017157 0.015550 0.008104 0.000496 0.134800 0.009497 2.458442
0.814401 0.017174 0.015546 0.008103 0.000491 0.134781 0.009503 2.460097
0.814426 0.017201 0.015501 0.008104 0.000492 0.134768 0.009509 2.461764
0.814447 0.017245 0.015464 0.008102 0.000501 0.134726 0.009513 2.463393
0.814408 0.017241 0.015466 0.008142 0.000501 0.134723 0.009520 2.465092
0.814450 0.017179 0.015505 0.008177 0.000501 0.134662 0.009525 2.466832
0.814437 0.017139 0.015553 0.008191 0.000492 0.134657 0.009531 2.468573
0.814480 0.017133 0.015526 0.008162 0.000487 0.134676 0.009537 2.470204
0.814498 0.017102 0.015580 0.008197 0.000484 0.134593 0.009547 2.471909
0.814513 0.017032 0.015596 0.008190 0.000479 0.134636 0.009554 2.473631
0.814537 0.016993 0.015598 0.008212 0.000471 0.134630 0.009560 2.475327
0.814506 0.017094 0.015587 0.008148 0.000468 0.134631 0.009566 2.476952
0.814616 0.017039 0.015558 0.008166 0.000469 0.134582 0.009570 2.478638
0.814708 0.016990 0.015530 0.008146 0.000470 0.134581 0.009576 2.480307
0.814725 0.016993 0.015580 0.008115 0.000472 0.134536 0.009581 2.481982
0.814787 0.016993 0.015605 0.008059 0.000472 0.134500 0.009584 2.483647
0.814857 0.016989 0.015598 0.008037 0.000472 0.134459 0.009587 2.485273
0.814808 0.016980 0.015595 0.008065 0.000470 0.134492 0.009591 2.486991
0.814817 0.016943 0.015588 0.008086 0.000474 0.134494 0.009598 2.488712
0.814838 0.016928 0.015539 0.008086 0.000473 0.134532 0.009604 2.490385
