0.361050 0.061455 0.054691 0.031697 0.001959 0.483322 0.005824 1.587047
0.362401 0.060179 0.054649 0.031569 0.001966 0.483390 0.005847 1.593021
0.364051 0.058861 0.054450 0.031387 0.001962 0.483413 0.005875 1.598783
0.365923 0.057218 0.054323 0.031185 0.001963 0.483494 0.005895 1.604522
0.367915 0.055632 0.054009 0.030916 0.001978 0.483629 0.005921 1.610080
0.370156 0.054044 0.053730 0.030606 0.001988 0.483529 0.005947 1.615436
0.372501 0.052513 0.053288 0.030257 0.001977 0.483495 0.005969 1.620656
0.375043 0.050984 0.052797 0.029931 0.001977 0.483268 0.006000 1.625685
0.377557 0.049577 0.052222 0.029458 0.001980 0.483181 0.006023 1.630575
0.380172 0.048152 0.051718 0.028996 0.001971 0.482940 0.006051 1.635387
0.382807 0.046846 0.051056 0.028640 0.001980 0.482599 0.006073 1.640127
0.385508 0.045651 0.050397 0.028206 0.001965 0.482176 0.006097 1.644622
0.388337 0.044461 0.049688 0.027796 0.001950 0.481634 0.006135 1.649072
0.391183 0.043422 0.048938 0.027368 0.001936 0.480996 0.006158 1.653331
0.394141 0.042319 0.048164 0.026899 0.001934 0.480363 0.006180 1.657551
0.396937 0.041313 0.047415 0.026471 0.001914 0.479741 0.006210 1.661728
0.399897 0.040356 0.046644 0.026070 0.001909 0.478890 0.006234 1.665743
0.402779 0.039532 0.045897 0.025596 0.001903 0.478037 0.006258 1.669646
0.405700 0.038702 0.045162 0.025173 0.001895 0.477085 0.006283 1.673544
0.408685 0.038014 0.044341 0.024671 0.001891 0.476093 0.006305 1.677222
0.411664 0.037275 0.043522 0.024212 0.001868 0.475120 0.006338 1.680928
0.414624 0.036676 0.042735 0.023766 0.001880 0.473959 0.006362 1.684509
0.417580 0.036009 0.042023 0.023323 0.001880 0.472800 0.006385 1.688074
0.420545 0.035432 0.041318 0.022936 0.001851 0.471505 0.006415 1.691563
0.423419 0.034868 0.040675 0.022466 0.001839 0.470295 0.006438 1.695049
0.426267 0.034415 0.039854 0.022103 0.001823 0.469077 0.006460 1.698436
0.429281 0.033837 0.039194 0.021763 0.001811 0.467630 0.006484 1.701830
0.432409 0.033403 0.038563 0.021385 0.001780 0.465947 0.006512 1.705082
0.435477 0.033047 0.037855 0.021022 0.001743 0.464313 0.006542 1.708325
0.438425 0.032621 0.037252 0.020691 0.001728 0.462720 0.006563 1.711557
0.441333 0.032270 0.036739 0.020396 0.001714 0.460959 0.006589 1.714771
0.444288 0.031993 0.036166 0.020060 0.001711 0.459177 0.006605 1.717892
0.447251 0.031630 0.035625 0.019789 0.001696 0.457382 0.006627 1.721043
0.450070 0.031460 0.035048 0.019432 0.001666 0.455675 0.006649 1.724055
0.452924 0.031203 0.034501 0.019101 0.001641 0.453958 0.006673 1.727116
0.455857 0.031034 0.034010 0.018792 0.001629 0.451983 0.006694 1.730121
0.458708 0.030760 0.033507 0.018568 0.001605 0.450138 0.006715 1.733156
0.461480 0.030590 0.033053 0.018312 0.001584 0.448247 0.006733 1.736114
0.464286 0.030454 0.032600 0.018073 0.001570 0.446262 0.006756 1.739076
0.467090 0.030286 0.032175 0.017900 0.001547 0.444225 0.006776 1.742065
0.469830 0.030078 0.031774 0.017653 0.001523 0.442345 0.006798 1.745024
0.472598 0.029915 0.031477 0.017438 0.001498 0.440253 0.006821 1.748010
0.475169 0.029862 0.031082 0.017210 0.001492 0.438352 0.006834 1.750886
0.477859 0.029731 0.030768 0.017058 0.001468 0.436266 0.006851 1.753838
0.480433 0.029662 0.030437 0.016909 0.001442 0.434245 0.006873 1.756756
0.483039 0.029632 0.030092 0.016772 0.001429 0.432150 0.006887 1.759647
0.485625 0.029537 0.029871 0.016650 0.001408 0.430005 0.006905 1.762591
0.488167 0.029487 0.029632 0.016533 0.001380 0.427876 0.006925 1.765501
0.490625 0.029493 0.029353 0.016380 0.001367 0.425839 0.006944 1.768366
0.493092 0.029479 0.029084 0.016254 0.001352 0.423782 0.006958 1.771223
0.495541 0.029510 0.028795 0.016181 0.001341 0.421653 0.006978 1.774109
0.497912 0.029505 0.028592 0.016087 0.001329 0.419578 0.006997 1.777015
0.500233 0.029487 0.028436 0.015971 0.001302 0.417553 0.007018 1.779902
0.502621 0.029482 0.028287 0.015895 0.001297 0.415386 0.007032 1.782788
0.504894 0.029483 0.028061 0.015820 0.001283 0.413415 0.007044 1.785681
0.507099 0.029601 0.027873 0.015745 0.001265 0.411360 0.007058 1.788508
0.509283 0.029641 0.027787 0.015678 0.001250 0.409289 0.007072 1.791407
0.511547 0.029627 0.027765 0.015623 0.001244 0.407108 0.007087 1.794343
0.513614 0.029662 0.027663 0.015553 0.001224 0.405181 0.007103 1.797272
0.515748 0.029742 0.027628 0.015425 0.001209 0.403126 0.007122 1.800193
0.517693 0.029813 0.027484 0.015401 0.001200 0.401276 0.007134 1.803144
0.519601 0.029883 0.027437 0.015346 0.001181 0.399405 0.007148 1.806060
0.521574 0.029942 0.027326 0.015270 0.001168 0.397557 0.007163 1.809011
0.523420 0.030021 0.027238 0.015240 0.001154 0.395751 0.007176 1.811925
0.525355 0.030136 0.027238 0.015163 0.001148 0.393767 0.007192 1.814837
0.527167 0.030302 0.027136 0.015111 0.001148 0.391933 0.007204 1.817766
0.529009 0.030447 0.027130 0.015079 0.001127 0.389987 0.007221 1.820735
0.530698 0.030542 0.027145 0.015092 0.001110 0.388179 0.007235 1.823810
0.532353 0.030626 0.027178 0.015049 0.001099 0.386446 0.007249 1.826866
0.533976 0.030773 0.027142 0.015051 0.001092 0.384705 0.007260 1.829877
0.535498 0.031058 0.027080 0.015051 0.001091 0.382949 0.007273 1.832869
0.537053 0.031122 0.027212 0.015116 0.001088 0.381125 0.007284 1.835990
0.538654 0.031273 0.027235 0.015121 0.001074 0.379345 0.007298 1.838998
0.540248 0.031378 0.027280 0.015158 0.001058 0.377566 0.007312 1.842082
0.541662 0.031592 0.027276 0.015223 0.001048 0.375874 0.007325 1.845151
0.542943 0.031896 0.027253 0.015238 0.001041 0.374292 0.007337 1.848214
0.544368 0.031977 0.027281 0.015306 0.001026 0.372687 0.007355 1.851375
0.545651 0.032160 0.027355 0.015333 0.001023 0.371111 0.007367 1.854513
0.546987 0.032316 0.027373 0.015382 0.001016 0.369547 0.007378 1.857686
0.548311 0.032465 0.027478 0.015408 0.001017 0.367932 0.007388 1.860881
0.549499 0.032685 0.027528 0.015455 0.001014 0.366420 0.007400 1.864056
0.550545 0.032903 0.027655 0.015480 0.001021 0.364989 0.007407 1.867284
0.551611 0.033149 0.027724 0.015541 0.001007 0.363553 0.007417 1.870508
0.552671 0.033347 0.027868 0.015561 0.001006 0.362116 0.007431 1.873766
0.553777 0.033534 0.027986 0.015583 0.000996 0.360674 0.007449 1.877055
0.554696 0.033715 0.028144 0.015617 0.000992 0.359373 0.007463 1.880391
0.555713 0.033916 0.028267 0.015660 0.000986 0.357983 0.007475 1.883707
0.556656 0.034177 0.028340 0.015739 0.000986 0.356617 0.007485 1.886987
0.557477 0.034413 0.028500 0.015842 0.000976 0.355298 0.007495 1.890339
0.558321 0.034528 0.028584 0.015937 0.000978 0.354145 0.007507 1.893757
0.559220 0.034616 0.028765 0.016042 0.000974 0.352862 0.007520 1.897217
0.559970 0.034810 0.028940 0.016110 0.000973 0.351664 0.007533 1.900647
0.560641 0.035027 0.029102 0.016151 0.000975 0.350561 0.007543 1.904085
0.561413 0.035138 0.029279 0.016223 0.000976 0.349413 0.007559 1.907553
0.562063 0.035351 0.029356 0.016327 0.000988 0.348349 0.007566 1.911042
0.562742 0.035475 0.029545 0.016439 0.000982 0.347241 0.007578 1.914574
0.563428 0.035584 0.029750 0.016543 0.000976 0.346130 0.007587 1.918076
0.563944 0.035850 0.029818 0.016561 0.000969 0.345258 0.007601 1.921501
0.564446 0.036131 0.029898 0.016631 0.000967 0.344314 0.007612 1.925018
0.564984 0.036268 0.030063 0.016661 0.000973 0.343429 0.007622 1.928580
0.565598 0.036416 0.030158 0.016738 0.000972 0.342486 0.007632 1.932137
0.566145 0.036618 0.030266 0.016827 0.000980 0.341524 0.007640 1.935708
0.566622 0.036818 0.030481 0.016879 0.000968 0.340581 0.007651 1.939292
0.567083 0.037001 0.030660 0.016950 0.000976 0.339667 0.007664 1.942921
0.567502 0.037180 0.030874 0.017037 0.000968 0.338761 0.007677 1.946567
0.567775 0.037435 0.031045 0.017062 0.000972 0.338021 0.007691 1.950232
0.568106 0.037572 0.031253 0.017203 0.000966 0.337198 0.007703 1.953982
0.568401 0.037791 0.031359 0.017303 0.000968 0.336462 0.007716 1.957671
0.568766 0.037907 0.031523 0.017404 0.000977 0.335693 0.007729 1.961419
0.569101 0.038121 0.031667 0.017471 0.000976 0.334922 0.007740 1.965122
0.569477 0.038264 0.031824 0.017534 0.000975 0.334172 0.007754 1.968829
0.569843 0.038382 0.031937 0.017627 0.000979 0.333471 0.007761 1.972539
0.570076 0.038587 0.032065 0.017727 0.000984 0.332791 0.007771 1.976300
0.570188 0.038732 0.032176 0.017796 0.000977 0.332345 0.007788 1.980090
0.570379 0.039028 0.032268 0.017800 0.000982 0.331741 0.007802 1.983793
0.570474 0.039304 0.032449 0.017894 0.000983 0.331079 0.007817 1.987591
0.570675 0.039360 0.032628 0.018011 0.000983 0.330516 0.007827 1.991469
0.570903 0.039436 0.032747 0.018106 0.000983 0.329983 0.007843 1.995310
0.571106 0.039588 0.032867 0.018101 0.000978 0.329504 0.007855 1.999112
0.571104 0.039695 0.033104 0.018252 0.000982 0.328994 0.007870 2.003037
0.571251 0.039787 0.033204 0.018310 0.000986 0.328581 0.007881 2.006896
0.571266 0.039903 0.033434 0.018396 0.000996 0.328114 0.007891 2.010819
0.571237 0.040086 0.033535 0.018438 0.000998 0.327801 0.007905 2.014676
0.571347 0.040247 0.033567 0.018531 0.001001 0.327389 0.007916 2.018526
0.571556 0.040173 0.033758 0.018653 0.001002 0.326932 0.007926 2.022526
0.571572 0.040298 0.033833 0.018737 0.000996 0.326624 0.007940 2.026462
0.571674 0.040356 0.033968 0.018790 0.001007 0.326255 0.007952 2.030421
0.571723 0.040398 0.034129 0.018817 0.001009 0.325961 0.007963 2.034373
0.571812 0.040456 0.034301 0.018832 0.001016 0.325611 0.007974 2.038299
0.571918 0.040462 0.034450 0.018872 0.001019 0.325295 0.007985 2.042334
0.571983 0.040528 0.034589 0.018874 0.001020 0.325012 0.007995 2.046289
0.571970 0.040575 0.034637 0.018960 0.001019 0.324834 0.008005 2.050260
0.572059 0.040648 0.034768 0.019031 0.001016 0.324460 0.008019 2.054207
0.572277 0.040549 0.034898 0.019123 0.001013 0.324107 0.008034 2.058219
0.572367 0.040626 0.034974 0.019153 0.001005 0.323827 0.008049 2.062180
0.572344 0.040692 0.035024 0.019209 0.001003 0.323666 0.008062 2.066150
0.572466 0.040746 0.035062 0.019232 0.001006 0.323414 0.008075 2.070121
0.572632 0.040697 0.035066 0.019291 0.000991 0.323232 0.008091 2.074102
0.572530 0.040795 0.035067 0.019352 0.000996 0.323157 0.008104 2.078042
0.572544 0.040720 0.035156 0.019465 0.001003 0.322994 0.008119 2.082120
0.572572 0.040733 0.035177 0.019552 0.001007 0.322826 0.008133 2.086148
0.572573 0.040771 0.035208 0.019536 0.001010 0.322756 0.008146 2.090121
0.572651 0.040780 0.035251 0.019595 0.001010 0.322561 0.008153 2.094142
0.572741 0.040773 0.035244 0.019612 0.001008 0.322455 0.008168 2.098138
0.572734 0.040787 0.035321 0.019651 0.001016 0.322315 0.008177 2.102105
0.572651 0.040786 0.035439 0.019641 0.001029 0.322268 0.008187 2.106131
0.572602 0.040707 0.035580 0.019724 0.001031 0.322157 0.008199 2.110209
0.572625 0.040689 0.035606 0.019746 0.001028 0.322090 0.008215 2.114204
0.572672 0.040659 0.035628 0.019777 0.001019 0.322016 0.008229 2.118238
0.572756 0.040679 0.035577 0.019768 0.001019 0.321955 0.008245 2.122176
0.572840 0.040657 0.035625 0.019785 0.001032 0.321802 0.008260 2.126148
0.572850 0.040639 0.035748 0.019762 0.001043 0.321689 0.008269 2.130144
0.572761 0.040752 0.035764 0.019764 0.001044 0.321634 0.008282 2.134086
0.572828 0.040728 0.035794 0.019787 0.001054 0.321518 0.008293 2.138089
0.572835 0.040692 0.035819 0.019793 0.001061 0.321500 0.008301 2.142106
0.572931 0.040655 0.035852 0.019754 0.001062 0.321433 0.008314 2.146099
0.572971 0.040616 0.035811 0.019793 0.001064 0.321416 0.008329 2.150127
0.573051 0.040588 0.035991 0.019767 0.001070 0.321192 0.008342 2.154157
0.573174 0.040522 0.036025 0.019773 0.001060 0.321088 0.008359 2.158150
0.573314 0.040450 0.036053 0.019787 0.001059 0.320965 0.008372 2.162131
0.573215 0.040626 0.036041 0.019736 0.001069 0.320927 0.008386 2.166021
0.573316 0.040574 0.036049 0.019785 0.001067 0.320805 0.008404 2.170046
0.573379 0.040531 0.036066 0.019853 0.001066 0.320686 0.008420 2.174054
0.573367 0.040544 0.036076 0.019818 0.001065 0.320698 0.008431 2.178043
0.573421 0.040508 0.036057 0.019724 0.001069 0.320782 0.008441 2.181961
0.573507 0.040481 0.036030 0.019690 0.001086 0.320756 0.008451 2.185885
0.573576 0.040380 0.036011 0.019742 0.001093 0.320735 0.008462 2.189904
0.573602 0.040385 0.036016 0.019760 0.001088 0.320676 0.008475 2.193850
0.573745 0.040304 0.036023 0.019769 0.001099 0.320575 0.008486 2.197777
0.573807 0.040300 0.035973 0.019783 0.001114 0.320523 0.008501 2.201717
0.573944 0.040209 0.035990 0.019768 0.001119 0.320457 0.008514 2.205658
0.574013 0.040245 0.035991 0.019705 0.001125 0.320398 0.008523 2.209586
0.574042 0.040225 0.035976 0.019720 0.001137 0.320364 0.008537 2.213603
0.574160 0.040206 0.036004 0.019667 0.001139 0.320277 0.008547 2.217497
0.574252 0.040209 0.035915 0.019669 0.001139 0.320254 0.008562 2.221349
0.574350 0.040207 0.035878 0.019631 0.001146 0.320211 0.008577 2.225254
0.574534 0.040078 0.035823 0.019586 0.001147 0.320238 0.008594 2.229201
0.574736 0.039977 0.035814 0.019566 0.001153 0.320151 0.008605 2.233140
0.574843 0.039880 0.035698 0.019612 0.001158 0.320195 0.008614 2.237065
0.575103 0.039694 0.035721 0.019618 0.001163 0.320074 0.008628 2.241031
0.575147 0.039691 0.035687 0.019619 0.001167 0.320054 0.008636 2.244958
0.575429 0.039574 0.035621 0.019562 0.001160 0.320003 0.008650 2.248827
0.575666 0.039481 0.035527 0.019525 0.001157 0.319980 0.008663 2.252692
0.575817 0.039454 0.035513 0.019482 0.001157 0.319903 0.008676 2.256539
0.576004 0.039446 0.035439 0.019439 0.001159 0.319823 0.008690 2.260366
0.576177 0.039414 0.035434 0.019404 0.001170 0.319694 0.008707 2.264210
0.576366 0.039485 0.035277 0.019436 0.001161 0.319554 0.008721 2.268034
0.576586 0.039537 0.035148 0.019380 0.001155 0.319464 0.008732 2.271798
0.576794 0.039428 0.035184 0.019324 0.001158 0.319368 0.008745 2.275692
0.576923 0.039293 0.035174 0.019406 0.001165 0.319283 0.008756 2.279644
0.577160 0.039249 0.035161 0.019368 0.001161 0.319135 0.008766 2.283500
0.577405 0.039157 0.035178 0.019337 0.001160 0.318979 0.008784 2.287362
0.577563 0.039179 0.035129 0.019260 0.001163 0.318913 0.008795 2.291154
0.577827 0.039168 0.035041 0.019226 0.001165 0.318767 0.008806 2.294919
0.578103 0.039055 0.035018 0.019209 0.001174 0.318626 0.008817 2.298738
0.578381 0.039008 0.034897 0.019163 0.001170 0.318549 0.008832 2.302467
0.578679 0.038865 0.034873 0.019178 0.001169 0.318387 0.008848 2.306325
0.578867 0.038870 0.034905 0.019098 0.001167 0.318234 0.008859 2.310125
0.579043 0.038895 0.034887 0.019024 0.001185 0.318098 0.008869 2.313894
0.579286 0.038809 0.034869 0.019008 0.001185 0.317958 0.008885 2.317734
0.579442 0.038731 0.034867 0.019056 0.001176 0.317830 0.008898 2.321575
0.579597 0.038707 0.034782 0.019018 0.001180 0.317807 0.008908 2.325346
0.579899 0.038519 0.034797 0.019011 0.001189 0.317665 0.008921 2.329215
0.580059 0.038581 0.034783 0.018984 0.001190 0.317464 0.008938 2.333006
0.580386 0.038509 0.034800 0.018982 0.001187 0.317183 0.008952 2.336817
0.580544 0.038506 0.034780 0.018957 0.001184 0.317061 0.008967 2.340570
0.580886 0.038475 0.034716 0.018915 0.001175 0.316849 0.008984 2.344289
0.581156 0.038444 0.034668 0.018901 0.001177 0.316657 0.008997 2.348052
0.581349 0.038453 0.034632 0.018897 0.001183 0.316478 0.009009 2.351854
0.581531 0.038505 0.034651 0.018852 0.001174 0.316266 0.009021 2.355628
0.581762 0.038322 0.034622 0.018839 0.001167 0.316250 0.009038 2.359472
0.581960 0.038315 0.034525 0.018861 0.001176 0.316115 0.009049 2.363213
0.582268 0.038165 0.034583 0.018850 0.001171 0.315902 0.009062 2.367056
0.582510 0.038084 0.034570 0.018857 0.001151 0.315747 0.009081 2.370829
0.582762 0.038003 0.034556 0.018817 0.001146 0.315623 0.009094 2.374592
0.582992 0.038038 0.034483 0.018766 0.001145 0.315471 0.009106 2.378268
0.583250 0.037957 0.034445 0.018773 0.001141 0.315318 0.009116 2.382052
0.583435 0.037994 0.034347 0.018746 0.001147 0.315203 0.009129 2.385699
0.583667 0.038006 0.034346 0.018678 0.001141 0.315019 0.009143 2.389431
0.583858 0.038025 0.034281 0.018660 0.001142 0.314882 0.009154 2.393078
0.584022 0.037984 0.034284 0.018662 0.001132 0.314745 0.009171 2.396872
0.584190 0.037889 0.034245 0.018707 0.001124 0.314660 0.009185 2.400673
0.584405 0.037926 0.034113 0.018690 0.001122 0.314546 0.009197 2.404311
0.584618 0.037988 0.034049 0.018586 0.001136 0.314415 0.009208 2.408010
0.584824 0.037831 0.034021 0.018655 0.001131 0.314318 0.009219 2.411865
0.585055 0.037870 0.034038 0.018584 0.001125 0.314093 0.009234 2.415514
0.585326 0.037794 0.034029 0.018575 0.001130 0.313898 0.009249 2.419230
0.585410 0.037889 0.034004 0.018572 0.001133 0.313730 0.009262 2.422947
0.585626 0.037965 0.033965 0.018564 0.001125 0.313480 0.009275 2.426610
0.585769 0.038051 0.033861 0.018570 0.001118 0.313347 0.009285 2.430330
0.585957 0.038015 0.033871 0.018590 0.001106 0.313161 0.009301 2.434082
0.586049 0.037990 0.033882 0.018582 0.001098 0.313086 0.009313 2.437830
0.586240 0.038022 0.033849 0.018545 0.001091 0.312926 0.009327 2.441505
0.586364 0.038047 0.033883 0.018576 0.001093 0.312698 0.009339 2.445238
0.586519 0.038029 0.033904 0.018611 0.001095 0.312489 0.009354 2.449001
0.586733 0.038079 0.033777 0.018545 0.001087 0.312411 0.009369 2.452643
0.586814 0.038078 0.033817 0.018474 0.001091 0.312349 0.009377 2.456382
0.586867 0.038085 0.033849 0.018495 0.001090 0.312226 0.009388 2.460150
0.586989 0.038151 0.033859 0.018470 0.001079 0.312049 0.009401 2.463890
0.587115 0.038125 0.033934 0.018437 0.001074 0.311902 0.009411 2.467664
0.587243 0.038193 0.033975 0.018395 0.001076 0.311693 0.009425 2.471390
0.587425 0.038179 0.033892 0.018427 0.001084 0.311554 0.009440 2.475162
0.587579 0.038235 0.033925 0.018396 0.001092 0.311325 0.009448 2.478881
0.587690 0.038284 0.033989 0.018371 0.001080 0.311121 0.009464 2.482614
0.587828 0.038390 0.033883 0.018383 0.001076 0.310962 0.009478 2.486326
0.587991 0.038375 0.033836 0.018420 0.001077 0.310811 0.009490 2.490069
0.588206 0.038323 0.033821 0.018510 0.001078 0.310559 0.009503 2.493862
0.588221 0.038430 0.033844 0.018495 0.001072 0.310413 0.009523 2.497570
0.588303 0.038492 0.033916 0.018492 0.001081 0.310176 0.009538 2.501322
0.588444 0.038446 0.033923 0.018483 0.001082 0.310071 0.009550 2.505095
0.588515 0.038525 0.033946 0.018468 0.001076 0.309904 0.009566 2.508846
0.588624 0.038490 0.033976 0.018547 0.001081 0.309706 0.009576 2.512662
0.588715 0.038431 0.034042 0.018564 0.001083 0.309579 0.009588 2.516449
0.588878 0.038354 0.034110 0.018592 0.001092 0.309376 0.009599 2.520284
0.588871 0.038493 0.034119 0.018614 0.001082 0.309208 0.009614 2.524043
0.589056 0.038478 0.034161 0.018573 0.001081 0.309020 0.009632 2.527802
0.589130 0.038513 0.034087 0.018577 0.001081 0.308967 0.009645 2.531557
0.589180 0.038535 0.034094 0.018586 0.001077 0.308868 0.009661 2.535371
0.589250 0.038564 0.034176 0.018542 0.001069 0.308726 0.009674 2.539151
0.589327 0.038516 0.034156 0.018614 0.001080 0.308622 0.009685 2.542961
0.589259 0.038574 0.034154 0.018628 0.001076 0.308610 0.009699 2.546758
0.589333 0.038561 0.034174 0.018673 0.001081 0.308467 0.009712 2.550527
0.589379 0.038586 0.034130 0.018678 0.001086 0.308415 0.009727 2.554325
0.589474 0.038627 0.034082 0.018709 0.001090 0.308278 0.009740 2.558072
0.589505 0.038726 0.034090 0.018691 0.001087 0.308148 0.009753 2.561805
0.589548 0.038780 0.034058 0.018697 0.001084 0.308064 0.009770 2.565582
0.589533 0.038788 0.034089 0.018742 0.001077 0.307988 0.009784 2.569424
0.589537 0.038843 0.034188 0.018724 0.001067 0.307845 0.009797 2.573234
0.589544 0.038794 0.034241 0.018781 0.001068 0.307763 0.009809 2.577080
0.589530 0.038755 0.034273 0.018819 0.001078 0.307724 0.009820 2.580956
0.589557 0.038848 0.034281 0.018716 0.001067 0.307701 0.009831 2.584690
0.589560 0.038831 0.034365 0.018778 0.001063 0.307563 0.009841 2.588566
0.589518 0.038728 0.034556 0.018812 0.001063 0.307471 0.009853 2.592493
0.589518 0.038704 0.034534 0.018836 0.001064 0.307478 0.009866 2.596320
0.589458 0.038774 0.034508 0.018840 0.001063 0.307481 0.009877 2.600132
0.589477 0.038722 0.034503 0.018835 0.001065 0.307507 0.009891 2.603916
0.589403 0.038791 0.034512 0.018879 0.001071 0.307442 0.009903 2.607738
0.589424 0.038802 0.034518 0.018856 0.001067 0.307420 0.009912 2.611536
0.589382 0.038737 0.034471 0.018866 0.001068 0.307553 0.009923 2.615391
0.589429 0.038694 0.034524 0.018898 0.001066 0.307456 0.009933 2.619236
0.589370 0.038735 0.034540 0.018859 0.001078 0.307472 0.009947 2.623025
0.589318 0.038822 0.034477 0.018868 0.001076 0.307483 0.009956 2.626839
0.589243 0.038905 0.034493 0.018831 0.001075 0.307482 0.009971 2.630611
0.589288 0.038900 0.034515 0.018846 0.001067 0.307394 0.009991 2.634426
0.589293 0.038920 0.034413 0.018899 0.001064 0.307406 0.010006 2.638216
0.589322 0.038938 0.034404 0.018905 0.001068 0.307344 0.010019 2.641993
0.589347 0.038951 0.034352 0.018939 0.001066 0.307315 0.010031 2.645777
0.589402 0.038847 0.034409 0.018938 0.001066 0.307291 0.010046 2.649640
0.589388 0.038845 0.034399 0.018945 0.001061 0.307303 0.010059 2.653479
0.589257 0.038834 0.034488 0.018950 0.001063 0.307337 0.010071 2.657373
0.589314 0.038851 0.034527 0.018903 0.001073 0.307248 0.010084 2.661176
0.589371 0.038758 0.034516 0.018888 0.001069 0.307299 0.010098 2.665016
0.589460 0.038696 0.034530 0.018886 0.001071 0.307249 0.010108 2.668828
0.589521 0.038665 0.034479 0.018934 0.001074 0.307209 0.010118 2.672636
0.589587 0.038623 0.034523 0.018934 0.001075 0.307128 0.010129 2.676471
0.589643 0.038734 0.034521 0.018935 0.001073 0.306949 0.010144 2.680225
0.589644 0.038763 0.034505 0.018914 0.001074 0.306941 0.010158 2.684026
0.589667 0.038770 0.034506 0.018902 0.001076 0.306907 0.010170 2.687821
0.589723 0.038708 0.034519 0.018916 0.001081 0.306872 0.010181 2.691704
0.589742 0.038673 0.034510 0.018896 0.001077 0.306907 0.010194 2.695555
0.589784 0.038714 0.034447 0.018895 0.001076 0.306880 0.010205 2.699315
0.589748 0.038701 0.034395 0.018951 0.001082 0.306908 0.010215 2.703125
0.589726 0.038803 0.034393 0.018913 0.001082 0.306856 0.010228 2.706900
0.589700 0.038879 0.034356 0.018875 0.001097 0.306855 0.010239 2.710643
0.589695 0.038926 0.034353 0.018808 0.001098 0.306868 0.010252 2.714409
0.589886 0.038866 0.034386 0.018780 0.001098 0.306717 0.010267 2.718186
0.589895 0.038847 0.034333 0.018775 0.001103 0.306767 0.010280 2.721996
0.590069 0.038828 0.034302 0.018777 0.001115 0.306621 0.010288 2.725781
0.590115 0.038720 0.034319 0.018841 0.001118 0.306587 0.010301 2.729619
0.590193 0.038698 0.034290 0.018844 0.001120 0.306544 0.010311 2.733362
0.590214 0.038680 0.034367 0.018838 0.001117 0.306462 0.010322 2.737182
0.590271 0.038638 0.034432 0.018774 0.001116 0.306433 0.010335 2.740981
0.590324 0.038637 0.034454 0.018746 0.001119 0.306370 0.010351 2.744772
0.590341 0.038602 0.034473 0.018738 0.001110 0.306368 0.010367 2.748579
0.590391 0.038584 0.034482 0.018746 0.001104 0.306316 0.010378 2.752358
0.590392 0.038669 0.034399 0.018738 0.001097 0.306312 0.010394 2.756049
0.590512 0.038599 0.034445 0.018729 0.001097 0.306208 0.010410 2.759833
0.590551 0.038615 0.034479 0.018729 0.001103 0.306099 0.010424 2.763633
0.590520 0.038554 0.034495 0.018693 0.001108 0.306189 0.010441 2.767447
0.590450 0.038651 0.034519 0.018708 0.001119 0.306105 0.010449 2.771179
0.590486 0.038642 0.034505 0.018698 0.001099 0.306106 0.010465 2.774963
0.590545 0.038647 0.034524 0.018720 0.001095 0.305994 0.010475 2.778749
0.590556 0.038755 0.034438 0.018757 0.001095 0.305918 0.010481 2.782526
0.590564 0.038770 0.034391 0.018745 0.001095 0.305943 0.010491 2.786351
0.590577 0.038727 0.034399 0.018751 0.001095 0.305951 0.010502 2.790180
0.590606 0.038715 0.034381 0.018742 0.001083 0.305949 0.010524 2.793993
0.590580 0.038684 0.034383 0.018773 0.001085 0.305960 0.010535 2.797823
0.590618 0.038628 0.034396 0.018762 0.001094 0.305955 0.010548 2.801599
0.590599 0.038733 0.034390 0.018743 0.001097 0.305878 0.010560 2.805354
0.590616 0.038658 0.034430 0.018803 0.001092 0.305826 0.010578 2.809200
0.590670 0.038709 0.034440 0.018810 0.001082 0.305696 0.010593 2.812924
0.590672 0.038701 0.034484 0.018800 0.001086 0.305655 0.010602 2.816783
0.590652 0.038694 0.034539 0.018751 0.001079 0.305665 0.010622 2.820584
0.590780 0.038645 0.034547 0.018779 0.001084 0.305530 0.010636 2.824384
0.590849 0.038670 0.034497 0.018710 0.001078 0.305545 0.010650 2.828169
0.590890 0.038695 0.034544 0.018720 0.001077 0.305412 0.010663 2.831963
0.590889 0.038727 0.034482 0.018722 0.001081 0.305421 0.010678 2.835725
0.590896 0.038727 0.034405 0.018753 0.001073 0.305454 0.010694 2.839494
0.590788 0.038821 0.034318 0.018805 0.001071 0.305490 0.010708 2.843259
0.590779 0.038964 0.034241 0.018730 0.001066 0.305498 0.010721 2.846961
0.590783 0.038968 0.034276 0.018716 0.001068 0.305454 0.010736 2.850781
0.590841 0.038986 0.034246 0.018738 0.001068 0.305376 0.010746 2.854574
0.590936 0.038947 0.034205 0.018820 0.001069 0.305261 0.010762 2.858401
0.590916 0.038946 0.034212 0.018760 0.001067 0.305326 0.010773 2.862222
0.590918 0.038885 0.034295 0.018797 0.001068 0.305251 0.010786 2.866062
0.590900 0.038899 0.034399 0.018793 0.001068 0.305142 0.010801 2.869918
0.590840 0.039020 0.034394 0.018765 0.001066 0.305093 0.010822 2.873656
0.590854 0.038987 0.034415 0.018750 0.001063 0.305098 0.010835 2.877475
0.590909 0.038955 0.034434 0.018800 0.001061 0.304994 0.010848 2.881319
0.590877 0.038895 0.034457 0.018842 0.001062 0.305005 0.010862 2.885142
0.590909 0.038996 0.034467 0.018871 0.001060 0.304824 0.010873 2.888926
0.590770 0.039091 0.034420 0.018884 0.001067 0.304881 0.010887 2.892741
0.590810 0.039075 0.034396 0.018892 0.001064 0.304862 0.010901 2.896531
0.590831 0.039078 0.034407 0.018909 0.001074 0.304790 0.010912 2.900328
0.590837 0.038977 0.034447 0.018962 0.001081 0.304775 0.010922 2.904218
0.590751 0.038989 0.034507 0.018937 0.001085 0.304798 0.010932 2.908046
0.590684 0.038978 0.034474 0.018974 0.001085 0.304860 0.010945 2.911860
0.590520 0.039004 0.034561 0.018928 0.001094 0.304933 0.010960 2.915732
0.590523 0.038963 0.034574 0.018915 0.001101 0.304951 0.010972 2.919586
0.590477 0.039004 0.034595 0.018943 0.001097 0.304900 0.010985 2.923417
0.590481 0.039056 0.034527 0.018957 0.001096 0.304884 0.010999 2.927212
0.590475 0.038996 0.034529 0.018964 0.001098 0.304928 0.011011 2.931061
0.590479 0.039084 0.034533 0.018941 0.001101 0.304838 0.011025 2.934795
0.590496 0.039053 0.034478 0.019003 0.001098 0.304835 0.011037 2.938665
0.590480 0.039138 0.034453 0.018981 0.001089 0.304810 0.011048 2.942438
0.590443 0.039045 0.034499 0.018958 0.001081 0.304908 0.011066 2.946309
0.590281 0.039147 0.034468 0.018985 0.001084 0.304950 0.011083 2.950103
0.590279 0.039175 0.034447 0.019013 0.001077 0.304910 0.011099 2.953923
0.590293 0.039055 0.034540 0.019031 0.001081 0.304889 0.011109 2.957857
0.590283 0.038971 0.034540 0.019032 0.001080 0.304971 0.011124 2.961724
0.590301 0.038887 0.034553 0.019070 0.001078 0.304975 0.011137 2.965610
0.590294 0.038953 0.034598 0.019071 0.001090 0.304846 0.011150 2.969424
0.590246 0.038953 0.034588 0.019060 0.001089 0.304899 0.011165 2.973245
0.590372 0.038761 0.034552 0.019104 0.001092 0.304943 0.011175 2.977094
0.590363 0.038713 0.034476 0.019099 0.001089 0.305070 0.011189 2.980894
0.590420 0.038661 0.034407 0.019105 0.001080 0.305121 0.011206 2.984696
0.590453 0.038616 0.034422 0.019056 0.001082 0.305155 0.011215 2.988473
0.590453 0.038616 0.034469 0.018993 0.001089 0.305152 0.011227 2.992293
0.590467 0.038641 0.034451 0.019003 0.001085 0.305116 0.011237 2.996054
0.590447 0.038678 0.034441 0.018999 0.001091 0.305094 0.011249 2.999847
0.590547 0.038647 0.034435 0.019001 0.001083 0.305031 0.011258 3.003642
0.590543 0.038691 0.034429 0.018919 0.001091 0.305059 0.011267 3.007433
0.590538 0.038766 0.034415 0.018919 0.001091 0.304992 0.011279 3.011196
0.590568 0.038701 0.034423 0.018900 0.001086 0.305029 0.011292 3.015033
0.590603 0.038734 0.034427 0.018845 0.001083 0.305003 0.011304 3.018786
0.590623 0.038741 0.034463 0.018801 0.001094 0.304962 0.011317 3.022591
0.590563 0.038813 0.034373 0.018764 0.001102 0.305059 0.011328 3.026342
0.590631 0.038809 0.034343 0.018775 0.001100 0.305003 0.011341 3.030089
0.590622 0.038863 0.034329 0.018749 0.001109 0.304971 0.011357 3.033808
0.590646 0.038832 0.034341 0.018762 0.001112 0.304933 0.011373 3.037677
0.590670 0.038724 0.034309 0.018826 0.001117 0.304972 0.011382 3.041506
0.590668 0.038710 0.034318 0.018906 0.001113 0.304887 0.011397 3.045352
0.590736 0.038631 0.034331 0.018911 0.001118 0.304863 0.011411 3.049169
0.590643 0.038662 0.034374 0.018864 0.001109 0.304925 0.011423 3.052990
0.590603 0.038709 0.034324 0.018816 0.001104 0.305010 0.011434 3.056769
0.590702 0.038671 0.034394 0.018807 0.001093 0.304880 0.011453 3.060614
0.590650 0.038716 0.034382 0.018800 0.001095 0.304894 0.011464 3.064422
0.590614 0.038725 0.034406 0.018850 0.001086 0.304843 0.011476 3.068285
0.590722 0.038668 0.034392 0.018836 0.001090 0.304808 0.011484 3.072107
0.590641 0.038777 0.034423 0.018812 0.001101 0.304750 0.011494 3.075841
0.590660 0.038790 0.034411 0.018804 0.001100 0.304733 0.011502 3.079603
0.590717 0.038762 0.034381 0.018776 0.001098 0.304753 0.011514 3.083398
0.590662 0.038793 0.034465 0.018753 0.001094 0.304702 0.011532 3.087223
0.590627 0.038907 0.034433 0.018771 0.001086 0.304629 0.011548 3.090991
0.590619 0.038983 0.034406 0.018783 0.001092 0.304559 0.011558 3.094812
0.590633 0.038994 0.034411 0.018733 0.001094 0.304561 0.011574 3.098609
0.590772 0.038873 0.034441 0.018720 0.001089 0.304520 0.011586 3.102443
0.590832 0.038825 0.034403 0.018767 0.001074 0.304493 0.011606 3.106252
0.590793 0.038909 0.034385 0.018696 0.001075 0.304526 0.011617 3.109988
0.590860 0.039031 0.034386 0.018685 0.001076 0.304332 0.011630 3.113691
0.590787 0.038995 0.034495 0.018689 0.001068 0.304322 0.011644 3.117561
0.590822 0.038956 0.034480 0.018650 0.001077 0.304357 0.011658 3.121349
0.590848 0.038926 0.034466 0.018694 0.001080 0.304318 0.011669 3.125211
0.590791 0.039008 0.034411 0.018699 0.001077 0.304332 0.011683 3.128994
0.590672 0.039121 0.034380 0.018695 0.001092 0.304348 0.011694 3.132795
0.590727 0.039107 0.034386 0.018676 0.001094 0.304300 0.011710 3.136601
0.590681 0.039113 0.034416 0.018743 0.001091 0.304231 0.011724 3.140457
0.590658 0.039102 0.034416 0.018777 0.001094 0.304217 0.011736 3.144284
0.590564 0.039153 0.034437 0.018819 0.001091 0.304194 0.011742 3.148120
0.590559 0.039127 0.034439 0.018824 0.001091 0.304208 0.011752 3.151968
0.590444 0.039166 0.034439 0.018853 0.001107 0.304230 0.011763 3.155803
0.590551 0.039091 0.034514 0.018862 0.001123 0.304085 0.011773 3.159642
0.590547 0.039072 0.034574 0.018904 0.001131 0.303984 0.011789 3.163497
0.590443 0.039221 0.034530 0.018894 0.001125 0.303981 0.011805 3.167257
0.590494 0.039145 0.034565 0.018844 0.001134 0.304002 0.011818 3.171112
0.590432 0.039166 0.034557 0.018826 0.001132 0.304051 0.011838 3.174957
0.590391 0.039177 0.034605 0.018805 0.001130 0.304048 0.011845 3.178777
0.590208 0.039243 0.034630 0.018819 0.001133 0.304113 0.011855 3.182666
0.590200 0.039240 0.034559 0.018846 0.001130 0.304157 0.011868 3.186497
0.590109 0.039196 0.034593 0.018865 0.001142 0.304218 0.011877 3.190385
0.590119 0.039224 0.034643 0.018898 0.001130 0.304094 0.011892 3.194220
0.590103 0.039192 0.034746 0.018908 0.001122 0.304023 0.011907 3.198077
0.590043 0.039189 0.034735 0.018919 0.001124 0.304071 0.011918 3.201922
0.589982 0.039196 0.034746 0.018978 0.001125 0.304044 0.011930 3.205828
0.589880 0.039165 0.034756 0.018971 0.001117 0.304171 0.011941 3.209735
0.589825 0.039203 0.034726 0.018939 0.001109 0.304244 0.011954 3.213520
0.589867 0.039171 0.034785 0.018930 0.001093 0.304183 0.011971 3.217357
0.589855 0.039217 0.034831 0.018815 0.001101 0.304199 0.011983 3.221131
0.589805 0.039257 0.034765 0.018849 0.001104 0.304229 0.011991 3.224954
0.589826 0.039286 0.034745 0.018810 0.001110 0.304222 0.012002 3.228770
0.589838 0.039179 0.034700 0.018855 0.001109 0.304306 0.012013 3.232639
0.589817 0.039146 0.034732 0.018937 0.001107 0.304236 0.012025 3.236506
0.589896 0.039041 0.034764 0.018961 0.001101 0.304199 0.012040 3.240382
0.589799 0.039045 0.034749 0.018980 0.001089 0.304278 0.012060 3.244184
0.589815 0.039040 0.034825 0.018948 0.001095 0.304200 0.012076 3.247976
0.589777 0.039101 0.034893 0.018893 0.001091 0.304159 0.012087 3.251813
0.589837 0.038952 0.034910 0.018893 0.001088 0.304220 0.012100 3.255683
0.589900 0.038865 0.034915 0.018916 0.001092 0.304198 0.012115 3.259527
0.589832 0.038906 0.034880 0.018874 0.001107 0.304272 0.012129 3.263325
0.589787 0.038909 0.034893 0.018864 0.001099 0.304302 0.012146 3.267145
0.589783 0.038927 0.034880 0.018797 0.001104 0.304350 0.012159 3.270923
0.589783 0.038967 0.034910 0.018726 0.001114 0.304329 0.012172 3.274710
0.589754 0.038999 0.034960 0.018691 0.001115 0.304298 0.012182 3.278581
0.589715 0.038994 0.034930 0.018748 0.001122 0.304294 0.012197 3.282401
0.589738 0.038966 0.034914 0.018732 0.001116 0.304324 0.012210 3.286203
0.589814 0.038898 0.034910 0.018750 0.001112 0.304296 0.012218 3.290006
0.589826 0.038802 0.034973 0.018758 0.001126 0.304282 0.012233 3.293867
0.589774 0.038893 0.034942 0.018775 0.001125 0.304244 0.012246 3.297674
0.589720 0.038927 0.034889 0.018751 0.001115 0.304336 0.012262 3.301420
0.589730 0.038902 0.034902 0.018724 0.001110 0.304355 0.012276 3.305215
0.589751 0.038876 0.034874 0.018756 0.001113 0.304335 0.012294 3.309033
0.589769 0.038895 0.034866 0.018795 0.001117 0.304253 0.012304 3.312838
0.589787 0.038827 0.034846 0.018821 0.001118 0.304283 0.012318 3.316680
0.589797 0.038735 0.034828 0.018851 0.001121 0.304340 0.012328 3.320534
0.589783 0.038753 0.034768 0.018860 0.001115 0.304378 0.012345 3.324345
0.589753 0.038805 0.034689 0.018754 0.001119 0.304524 0.012357 3.328104
0.589730 0.038789 0.034683 0.018758 0.001116 0.304553 0.012372 3.331929
0.589723 0.038845 0.034641 0.018754 0.001118 0.304537 0.012382 3.335716
0.589717 0.038787 0.034634 0.018818 0.001119 0.304530 0.012395 3.339577
0.589706 0.038870 0.034603 0.018785 0.001111 0.304514 0.012413 3.343295
0.589824 0.038826 0.034596 0.018810 0.001108 0.304405 0.012430 3.347088
0.589803 0.038925 0.034589 0.018739 0.001121 0.304382 0.012442 3.350817
0.589819 0.039013 0.034503 0.018729 0.001115 0.304364 0.012458 3.354526
0.589847 0.038949 0.034562 0.018779 0.001099 0.304290 0.012474 3.358349
0.589847 0.038902 0.034567 0.018750 0.001110 0.304337 0.012487 3.362173
0.589924 0.038777 0.034560 0.018812 0.001110 0.304316 0.012499 3.366065
0.590003 0.038790 0.034541 0.018800 0.001103 0.304253 0.012512 3.369816
0.590045 0.038787 0.034617 0.018785 0.001100 0.304136 0.012529 3.373617
0.590049 0.038827 0.034634 0.018745 0.001098 0.304103 0.012543 3.377380
0.590050 0.038821 0.034595 0.018731 0.001099 0.304150 0.012553 3.381164
0.590006 0.038867 0.034605 0.018661 0.001098 0.304191 0.012572 3.384934
0.589999 0.038828 0.034521 0.018680 0.001103 0.304279 0.012589 3.388763
0.590073 0.038774 0.034551 0.018667 0.001103 0.304235 0.012596 3.392584
0.590058 0.038774 0.034577 0.018683 0.001117 0.304186 0.012605 3.396400
0.590149 0.038612 0.034567 0.018702 0.001114 0.304232 0.012625 3.400266
0.590200 0.038587 0.034492 0.018652 0.001126 0.304310 0.012633 3.404034
0.590218 0.038630 0.034391 0.018666 0.001118 0.304333 0.012643 3.407758
0.590311 0.038483 0.034359 0.018690 0.001113 0.304387 0.012658 3.411632
0.590368 0.038434 0.034345 0.018695 0.001098 0.304385 0.012675 3.415386
0.590418 0.038447 0.034305 0.018699 0.001099 0.304344 0.012688 3.419147
0.590440 0.038529 0.034260 0.018661 0.001098 0.304313 0.012700 3.422869
0.590474 0.038631 0.034171 0.018651 0.001097 0.304264 0.012713 3.426570
0.590447 0.038584 0.034209 0.018616 0.001072 0.304349 0.012724 3.430403
0.590496 0.038562 0.034195 0.018615 0.001073 0.304325 0.012734 3.434168
0.590483 0.038523 0.034163 0.018647 0.001064 0.304368 0.012752 3.437952
0.590676 0.038460 0.034182 0.018684 0.001057 0.304175 0.012766 3.441725
0.590640 0.038408 0.034223 0.018736 0.001054 0.304160 0.012780 3.445562
0.590777 0.038470 0.034108 0.018672 0.001048 0.304135 0.012791 3.449239
0.590810 0.038407 0.034115 0.018713 0.001048 0.304106 0.012802 3.453037
0.590900 0.038381 0.034131 0.018700 0.001045 0.304028 0.012816 3.456779
0.590952 0.038321 0.034176 0.018719 0.001055 0.303951 0.012827 3.460552
0.590960 0.038388 0.034244 0.018682 0.001048 0.303840 0.012839 3.464317
0.591012 0.038435 0.034221 0.018647 0.001040 0.303793 0.012852 3.468004
0.591032 0.038452 0.034217 0.018669 0.001043 0.303726 0.012862 3.471766
0.591035 0.038445 0.034281 0.018637 0.001043 0.303684 0.012876 3.475540
0.591067 0.038512 0.034231 0.018618 0.001039 0.303640 0.012893 3.479286
0.591063 0.038541 0.034171 0.018593 0.001041 0.303686 0.012905 3.483046
0.591052 0.038581 0.034210 0.018599 0.001035 0.303607 0.012918 3.486829
0.591085 0.038465 0.034243 0.018634 0.001030 0.303612 0.012930 3.490684
0.591120 0.038448 0.034237 0.018592 0.001036 0.303627 0.012939 3.494455
0.591132 0.038493 0.034143 0.018618 0.001034 0.303625 0.012955 3.498193
0.591181 0.038510 0.034141 0.018595 0.001044 0.303557 0.012972 3.501959
0.591198 0.038536 0.034216 0.018564 0.001039 0.303460 0.012988 3.505742
0.591251 0.038564 0.034250 0.018568 0.001041 0.303328 0.012998 3.509451
0.591214 0.038519 0.034215 0.018627 0.001050 0.303365 0.013009 3.513275
0.591243 0.038551 0.034221 0.018599 0.001044 0.303321 0.013020 3.517027
0.591311 0.038567 0.034171 0.018609 0.001050 0.303262 0.013030 3.520782
0.591386 0.038557 0.034210 0.018621 0.001067 0.303120 0.013039 3.524529
0.591478 0.038452 0.034306 0.018626 0.001063 0.303022 0.013053 3.528373
0.591438 0.038461 0.034292 0.018632 0.001061 0.303055 0.013062 3.532188
0.591464 0.038462 0.034255 0.018614 0.001060 0.303069 0.013076 3.535939
0.591399 0.038481 0.034264 0.018596 0.001055 0.303116 0.013090 3.539725
0.591497 0.038515 0.034223 0.018597 0.001059 0.303008 0.013101 3.543449
0.591511 0.038502 0.034202 0.018603 0.001055 0.303010 0.013116 3.547212
0.591642 0.038437 0.034230 0.018602 0.001053 0.302910 0.013126 3.550999
0.591710 0.038291 0.034339 0.018591 0.001067 0.302866 0.013137 3.554864
0.591622 0.038366 0.034314 0.018615 0.001064 0.302866 0.013151 3.558621
0.591706 0.038413 0.034170 0.018633 0.001063 0.302848 0.013168 3.562321
0.591693 0.038455 0.034120 0.018689 0.001061 0.302805 0.013176 3.566055
0.591724 0.038555 0.034000 0.018639 0.001066 0.302829 0.013188 3.569757
0.591701 0.038515 0.033966 0.018631 0.001074 0.302913 0.013200 3.573559
0.591685 0.038503 0.034003 0.018617 0.001075 0.302905 0.013213 3.577361
0.591761 0.038501 0.034125 0.018605 0.001078 0.302703 0.013227 3.581149
0.591841 0.038430 0.034127 0.018614 0.001069 0.302682 0.013237 3.584933
0.591793 0.038488 0.034040 0.018605 0.001071 0.302758 0.013245 3.588651
0.591899 0.038401 0.034051 0.018611 0.001067 0.302714 0.013258 3.592466
0.591953 0.038368 0.034137 0.018641 0.001070 0.302563 0.013268 3.596259
0.591993 0.038344 0.034126 0.018632 0.001067 0.302559 0.013280 3.600073
0.592003 0.038353 0.034133 0.018641 0.001077 0.302499 0.013295 3.603862
0.591920 0.038436 0.034089 0.018589 0.001087 0.302571 0.013309 3.607636
0.591918 0.038375 0.034100 0.018573 0.001087 0.302627 0.013321 3.611413
0.591856 0.038344 0.034140 0.018672 0.001088 0.302569 0.013330 3.615227
0.591905 0.038293 0.034119 0.018651 0.001095 0.302592 0.013343 3.618996
0.591862 0.038347 0.034093 0.018620 0.001094 0.302631 0.013352 3.622745
0.591748 0.038516 0.034079 0.018529 0.001089 0.302670 0.013368 3.626453
0.591877 0.038532 0.034043 0.018522 0.001081 0.302569 0.013376 3.630177
0.591843 0.038485 0.034109 0.018508 0.001073 0.302593 0.013390 3.633983
0.591846 0.038519 0.034175 0.018524 0.001072 0.302461 0.013402 3.637770
0.591848 0.038478 0.034238 0.018558 0.001063 0.302398 0.013416 3.641581
0.591835 0.038491 0.034196 0.018554 0.001048 0.302452 0.013425 3.645375
0.591793 0.038448 0.034193 0.018575 0.001065 0.302490 0.013436 3.649153
0.591614 0.038538 0.034273 0.018662 0.001056 0.302406 0.013452 3.652976
0.591629 0.038551 0.034228 0.018642 0.001051 0.302432 0.013466 3.656712
0.591506 0.038599 0.034185 0.018664 0.001056 0.302516 0.013475 3.660497
0.591490 0.038609 0.034174 0.018703 0.001054 0.302485 0.013485 3.664310
