0.347421 0.062175 0.055597 0.032056 0.002069 0.494637 0.006045 1.620718
0.349554 0.060138 0.055560 0.031875 0.002067 0.494734 0.006071 1.626849
0.352451 0.057659 0.055398 0.031654 0.002077 0.494668 0.006095 1.632680
0.355782 0.055084 0.055048 0.031224 0.002078 0.494651 0.006133 1.638153
0.359327 0.052375 0.054635 0.030876 0.002085 0.494537 0.006164 1.643507
0.363111 0.049738 0.054158 0.030424 0.002084 0.494297 0.006186 1.648564
0.367101 0.047205 0.053486 0.029857 0.002085 0.494056 0.006211 1.653337
0.371163 0.044802 0.052614 0.029288 0.002062 0.493831 0.006239 1.657859
0.375376 0.042522 0.051674 0.028712 0.002065 0.493389 0.006263 1.662142
0.379739 0.040321 0.050737 0.028127 0.002067 0.492718 0.006292 1.666250
0.384129 0.038349 0.049694 0.027420 0.002049 0.492040 0.006320 1.670001
0.388584 0.036329 0.048598 0.026766 0.002042 0.491340 0.006341 1.673728
0.393036 0.034440 0.047522 0.026120 0.002034 0.490479 0.006369 1.677237
0.397571 0.032753 0.046425 0.025414 0.002024 0.489423 0.006390 1.680527
0.402150 0.031085 0.045266 0.024703 0.002008 0.488381 0.006407 1.683729
0.406699 0.029552 0.044011 0.023977 0.002000 0.487335 0.006428 1.686731
0.411405 0.028278 0.042801 0.023259 0.001982 0.485827 0.006449 1.689492
0.416010 0.027015 0.041530 0.022552 0.001977 0.484448 0.006468 1.692168
0.420757 0.025874 0.040324 0.021813 0.001964 0.482774 0.006494 1.694738
0.425409 0.024728 0.039168 0.021112 0.001943 0.481120 0.006522 1.697229
0.430106 0.023701 0.037996 0.020425 0.001921 0.479305 0.006546 1.699602
0.434796 0.022768 0.036813 0.019821 0.001898 0.477333 0.006572 1.701858
0.439509 0.021825 0.035650 0.019205 0.001869 0.475344 0.006597 1.704088
0.444240 0.020938 0.034508 0.018598 0.001850 0.473250 0.006616 1.706218
0.448788 0.020133 0.033411 0.017926 0.001818 0.471283 0.006640 1.708238
0.453500 0.019413 0.032424 0.017317 0.001801 0.468878 0.006668 1.710153
0.458069 0.018729 0.031378 0.016772 0.001781 0.466586 0.006684 1.712024
0.462755 0.018056 0.030391 0.016238 0.001750 0.464102 0.006708 1.713855
0.467401 0.017472 0.029359 0.015663 0.001720 0.461654 0.006732 1.715583
0.472087 0.016882 0.028399 0.015170 0.001688 0.459026 0.006748 1.717292
0.476718 0.016346 0.027424 0.014619 0.001654 0.456467 0.006772 1.718921
0.481286 0.015883 0.026514 0.014124 0.001625 0.453773 0.006794 1.720489
0.485860 0.015398 0.025672 0.013680 0.001604 0.450972 0.006814 1.722050
0.490434 0.014983 0.024893 0.013256 0.001578 0.448020 0.006835 1.723516
0.495009 0.014625 0.024026 0.012842 0.001538 0.445099 0.006861 1.724939
0.499576 0.014225 0.023258 0.012417 0.001507 0.442135 0.006882 1.726371
0.504081 0.013882 0.022559 0.012044 0.001479 0.439050 0.006904 1.727737
0.508607 0.013530 0.021862 0.011644 0.001436 0.435994 0.006928 1.729058
0.513048 0.013224 0.021192 0.011325 0.001409 0.432861 0.006941 1.730376
0.517471 0.012908 0.020514 0.010989 0.001386 0.429777 0.006954 1.731679
0.521803 0.012651 0.019894 0.010664 0.001365 0.426651 0.006972 1.732919
0.526046 0.012412 0.019349 0.010348 0.001342 0.423514 0.006990 1.734139
0.530422 0.012154 0.018727 0.010023 0.001310 0.420352 0.007012 1.735347
0.534795 0.011941 0.018177 0.009683 0.001278 0.417100 0.007027 1.736520
0.539040 0.011755 0.017640 0.009409 0.001250 0.413860 0.007046 1.737692
0.543266 0.011595 0.017146 0.009124 0.001211 0.410585 0.007074 1.738799
0.547428 0.011382 0.016623 0.008905 0.001182 0.407388 0.007091 1.739947
0.551481 0.011196 0.016171 0.008658 0.001162 0.404223 0.007110 1.741068
0.555555 0.011037 0.015725 0.008414 0.001134 0.401006 0.007128 1.742136
0.559614 0.010843 0.015313 0.008191 0.001104 0.397792 0.007144 1.743241
0.563640 0.010748 0.014871 0.007980 0.001079 0.394524 0.007157 1.744262
0.567581 0.010639 0.014417 0.007800 0.001053 0.391336 0.007172 1.745280
0.571656 0.010504 0.014085 0.007605 0.001034 0.387933 0.007183 1.746304
0.575615 0.010368 0.013772 0.007431 0.000998 0.384617 0.007200 1.747310
0.579540 0.010266 0.013469 0.007257 0.000980 0.381279 0.007210 1.748332
0.583424 0.010143 0.013162 0.007106 0.000959 0.377979 0.007227 1.749342
0.587278 0.010032 0.012857 0.006935 0.000930 0.374725 0.007244 1.750304
0.591067 0.009913 0.012574 0.006780 0.000909 0.371502 0.007254 1.751252
0.594824 0.009826 0.012325 0.006659 0.000899 0.368200 0.007268 1.752231
0.598457 0.009745 0.012108 0.006546 0.000872 0.364992 0.007281 1.753219
0.602146 0.009667 0.011860 0.006404 0.000856 0.361777 0.007290 1.754163
0.605855 0.009547 0.011666 0.006267 0.000834 0.358531 0.007300 1.755124
0.609414 0.009520 0.011430 0.006162 0.000816 0.355348 0.007310 1.756046
0.613002 0.009438 0.011232 0.006066 0.000807 0.352140 0.007316 1.756999
0.616592 0.009414 0.011033 0.005956 0.000788 0.348892 0.007326 1.757895
0.620098 0.009373 0.010850 0.005887 0.000766 0.345690 0.007336 1.758817
0.623492 0.009323 0.010636 0.005799 0.000751 0.342655 0.007344 1.759720
0.626772 0.009297 0.010494 0.005726 0.000735 0.339621 0.007354 1.760640
0.630057 0.009286 0.010325 0.005625 0.000725 0.336622 0.007362 1.761541
0.633388 0.009283 0.010189 0.005579 0.000716 0.333473 0.007371 1.762451
0.636650 0.009227 0.010061 0.005528 0.000715 0.330442 0.007378 1.763380
0.639755 0.009190 0.009945 0.005459 0.000701 0.327558 0.007392 1.764301
0.642982 0.009182 0.009798 0.005369 0.000687 0.324574 0.007406 1.765176
0.646110 0.009167 0.009692 0.005319 0.000673 0.321619 0.007420 1.766068
0.649119 0.009188 0.009559 0.005270 0.000654 0.318779 0.007432 1.766962
0.652224 0.009159 0.009428 0.005215 0.000638 0.315897 0.007440 1.767874
0.655205 0.009142 0.009333 0.005200 0.000625 0.313043 0.007451 1.768787
0.658261 0.009132 0.009284 0.005156 0.000623 0.310087 0.007459 1.769709
0.661282 0.009136 0.009189 0.005102 0.000599 0.307224 0.007469 1.770607
0.664265 0.009123 0.009138 0.005057 0.000589 0.304349 0.007480 1.771509
0.667146 0.009141 0.009083 0.005010 0.000578 0.301556 0.007488 1.772409
0.670069 0.009138 0.009019 0.004963 0.000564 0.298754 0.007493 1.773300
0.672815 0.009136 0.009014 0.004931 0.000557 0.296048 0.007500 1.774234
0.675507 0.009139 0.008940 0.004903 0.000552 0.293454 0.007506 1.775148
0.678246 0.009161 0.008878 0.004873 0.000543 0.290785 0.007515 1.776039
0.680883 0.009255 0.008832 0.004828 0.000523 0.288149 0.007529 1.776925
0.683538 0.009303 0.008774 0.004799 0.000510 0.285539 0.007538 1.777815
0.686133 0.009321 0.008726 0.004812 0.000501 0.282965 0.007542 1.778753
0.688687 0.009437 0.008752 0.004766 0.000492 0.280316 0.007548 1.779650
0.691273 0.009486 0.008718 0.004753 0.000480 0.277735 0.007554 1.780557
0.693672 0.009574 0.008647 0.004750 0.000473 0.275321 0.007562 1.781478
0.696052 0.009656 0.008639 0.004732 0.000472 0.272882 0.007567 1.782422
0.698433 0.009685 0.008634 0.004738 0.000464 0.270473 0.007574 1.783381
0.700747 0.009747 0.008611 0.004736 0.000460 0.268118 0.007579 1.784338
0.703109 0.009726 0.008620 0.004765 0.000454 0.265742 0.007585 1.785319
0.705424 0.009775 0.008638 0.004758 0.000441 0.263372 0.007593 1.786273
0.707649 0.009856 0.008703 0.004753 0.000430 0.261011 0.007600 1.787214
0.709859 0.009960 0.008681 0.004719 0.000426 0.258751 0.007606 1.788142
0.712066 0.009988 0.008709 0.004758 0.000422 0.256445 0.007610 1.789164
0.714222 0.010090 0.008714 0.004781 0.000418 0.254160 0.007615 1.790161
0.716299 0.010163 0.008781 0.004785 0.000416 0.251939 0.007619 1.791157
0.718332 0.010227 0.008809 0.004823 0.000413 0.249773 0.007623 1.792163
0.720365 0.010319 0.008802 0.004823 0.000414 0.247649 0.007627 1.793154
0.722350 0.010410 0.008837 0.004844 0.000406 0.245520 0.007634 1.794180
0.724271 0.010515 0.008850 0.004871 0.000404 0.243452 0.007637 1.795192
0.726154 0.010659 0.008906 0.004900 0.000403 0.241336 0.007642 1.796211
0.728005 0.010788 0.008970 0.004908 0.000400 0.239281 0.007648 1.797258
0.729736 0.010868 0.009062 0.004941 0.000401 0.237340 0.007652 1.798365
0.731521 0.011012 0.009113 0.004959 0.000396 0.235342 0.007657 1.799420
0.733353 0.011147 0.009127 0.004975 0.000389 0.233346 0.007662 1.800460
0.735049 0.011231 0.009202 0.005020 0.000379 0.231449 0.007670 1.801564
0.736662 0.011332 0.009264 0.005039 0.000379 0.229650 0.007675 1.802671
0.738253 0.011474 0.009338 0.005092 0.000378 0.227785 0.007679 1.803781
0.739825 0.011545 0.009389 0.005148 0.000374 0.226037 0.007683 1.804941
0.741389 0.011680 0.009432 0.005182 0.000367 0.224262 0.007688 1.806081
0.742925 0.011852 0.009499 0.005209 0.000363 0.222457 0.007694 1.807215
0.744319 0.012016 0.009531 0.005242 0.000361 0.220830 0.007701 1.808344
0.745695 0.012168 0.009617 0.005281 0.000364 0.219169 0.007705 1.809542
0.747015 0.012321 0.009670 0.005323 0.000368 0.217596 0.007708 1.810737
0.748345 0.012465 0.009785 0.005357 0.000371 0.215966 0.007711 1.811947
0.749669 0.012557 0.009874 0.005387 0.000370 0.214428 0.007715 1.813181
0.750994 0.012679 0.010001 0.005428 0.000364 0.212812 0.007723 1.814434
0.752227 0.012767 0.010117 0.005484 0.000359 0.211320 0.007728 1.815702
0.753431 0.012948 0.010158 0.005551 0.000353 0.209830 0.007731 1.816951
0.754623 0.013057 0.010243 0.005623 0.000347 0.208370 0.007737 1.818261
0.755781 0.013239 0.010346 0.005722 0.000348 0.206822 0.007741 1.819585
0.756943 0.013366 0.010429 0.005757 0.000349 0.205411 0.007744 1.820879
0.757969 0.013595 0.010504 0.005800 0.000355 0.204030 0.007747 1.822147
0.759066 0.013754 0.010601 0.005835 0.000354 0.202639 0.007750 1.823462
0.760123 0.013881 0.010745 0.005878 0.000353 0.201267 0.007753 1.824836
0.761095 0.014040 0.010836 0.005918 0.000356 0.199998 0.007758 1.826180
0.761951 0.014207 0.010962 0.005987 0.000355 0.198776 0.007762 1.827567
0.762872 0.014378 0.011060 0.006062 0.000356 0.197506 0.007767 1.828963
0.763784 0.014523 0.011215 0.006134 0.000356 0.196216 0.007772 1.830405
0.764622 0.014595 0.011378 0.006222 0.000354 0.195053 0.007775 1.831886
0.765407 0.014809 0.011517 0.006265 0.000362 0.193865 0.007776 1.833327
0.766145 0.014975 0.011599 0.006375 0.000367 0.192758 0.007781 1.834805
0.766825 0.015121 0.011743 0.006437 0.000370 0.191721 0.007784 1.836308
0.767554 0.015303 0.011864 0.006479 0.000377 0.190634 0.007789 1.837769
0.768228 0.015458 0.012032 0.006540 0.000380 0.189570 0.007793 1.839319
0.768863 0.015615 0.012183 0.006604 0.000382 0.188554 0.007798 1.840870
0.769484 0.015760 0.012327 0.006718 0.000387 0.187522 0.007802 1.842439
0.770088 0.015935 0.012449 0.006803 0.000389 0.186532 0.007805 1.843983
0.770668 0.016088 0.012584 0.006895 0.000379 0.185573 0.007814 1.845594
0.771286 0.016196 0.012694 0.006964 0.000381 0.184662 0.007818 1.847190
0.771886 0.016361 0.012833 0.006984 0.000388 0.183727 0.007821 1.848778
0.772373 0.016565 0.012968 0.007081 0.000386 0.182800 0.007827 1.850412
0.772834 0.016795 0.013050 0.007181 0.000390 0.181917 0.007831 1.851996
0.773280 0.016969 0.013191 0.007251 0.000388 0.181083 0.007837 1.853648
0.773647 0.017168 0.013345 0.007349 0.000391 0.180258 0.007843 1.855341
0.774037 0.017348 0.013479 0.007411 0.000396 0.179484 0.007845 1.857033
0.774438 0.017525 0.013581 0.007468 0.000403 0.178734 0.007849 1.858719
0.774736 0.017702 0.013748 0.007556 0.000406 0.177998 0.007853 1.860471
0.775053 0.017807 0.013924 0.007653 0.000417 0.177288 0.007858 1.862273
0.775388 0.017991 0.014082 0.007717 0.000424 0.176534 0.007863 1.864024
0.775680 0.018158 0.014255 0.007765 0.000428 0.175847 0.007868 1.865796
0.775903 0.018358 0.014396 0.007855 0.000433 0.175185 0.007872 1.867567
0.776078 0.018507 0.014551 0.007956 0.000437 0.174596 0.007876 1.869390
0.776283 0.018665 0.014705 0.007987 0.000435 0.174042 0.007883 1.871200
0.776430 0.018853 0.014859 0.008024 0.000444 0.173506 0.007884 1.873021
0.776472 0.019111 0.014928 0.008121 0.000443 0.173039 0.007887 1.874835
0.776563 0.019251 0.015124 0.008220 0.000443 0.172505 0.007893 1.876779
0.776706 0.019382 0.015291 0.008277 0.000440 0.172006 0.007899 1.878684
0.776818 0.019514 0.015470 0.008349 0.000445 0.171502 0.007903 1.880593
0.776891 0.019661 0.015609 0.008435 0.000447 0.171046 0.007911 1.882531
0.776907 0.019822 0.015754 0.008532 0.000444 0.170624 0.007918 1.884501
0.776957 0.019986 0.015876 0.008569 0.000460 0.170231 0.007921 1.886418
0.776995 0.020106 0.016057 0.008604 0.000470 0.169844 0.007924 1.888418
0.777021 0.020197 0.016201 0.008656 0.000473 0.169525 0.007927 1.890409
0.776918 0.020421 0.016287 0.008720 0.000481 0.169240 0.007933 1.892367
0.776902 0.020551 0.016424 0.008797 0.000485 0.168905 0.007937 1.894375
0.776836 0.020685 0.016567 0.008875 0.000488 0.168609 0.007941 1.896409
0.776832 0.020826 0.016664 0.008993 0.000493 0.168244 0.007948 1.898433
0.776792 0.020915 0.016797 0.009027 0.000499 0.168016 0.007953 1.900479
0.776755 0.021069 0.016929 0.009110 0.000494 0.167683 0.007960 1.902504
0.776715 0.021201 0.017032 0.009208 0.000492 0.167387 0.007967 1.904543
0.776573 0.021298 0.017208 0.009253 0.000493 0.167203 0.007971 1.906644
0.776410 0.021450 0.017357 0.009349 0.000490 0.166968 0.007976 1.908723
0.776252 0.021569 0.017517 0.009419 0.000500 0.166761 0.007982 1.910851
0.776155 0.021680 0.017588 0.009483 0.000511 0.166594 0.007988 1.912954
0.776043 0.021749 0.017692 0.009557 0.000516 0.166452 0.007992 1.915075
0.775864 0.021875 0.017832 0.009629 0.000516 0.166286 0.007999 1.917185
0.775662 0.021937 0.017912 0.009716 0.000520 0.166250 0.008004 1.919366
0.775553 0.022026 0.017951 0.009765 0.000519 0.166177 0.008010 1.921485
0.775389 0.022126 0.017995 0.009795 0.000518 0.166161 0.008015 1.923623
0.775218 0.022197 0.018097 0.009856 0.000521 0.166093 0.008020 1.925766
0.775064 0.022315 0.018200 0.009912 0.000521 0.165966 0.008024 1.927901
0.774971 0.022322 0.018320 0.009950 0.000536 0.165873 0.008029 1.930072
0.774695 0.022447 0.018400 0.009974 0.000534 0.165915 0.008036 1.932215
0.774575 0.022443 0.018507 0.010025 0.000534 0.165875 0.008041 1.934418
0.774460 0.022433 0.018659 0.010090 0.000541 0.165769 0.008049 1.936610
0.774284 0.022422 0.018747 0.010111 0.000545 0.165836 0.008055 1.938808
0.774067 0.022445 0.018876 0.010135 0.000548 0.165867 0.008063 1.941055
0.773933 0.022470 0.018919 0.010159 0.000551 0.165899 0.008070 1.943246
0.773759 0.022544 0.018940 0.010185 0.000551 0.165947 0.008076 1.945410
0.773653 0.022545 0.019019 0.010267 0.000553 0.165881 0.008084 1.947628
0.773549 0.022642 0.018984 0.010305 0.000559 0.165873 0.008089 1.949731
0.773419 0.022648 0.019077 0.010345 0.000553 0.165861 0.008097 1.951947
0.773273 0.022647 0.019153 0.010408 0.000560 0.165854 0.008106 1.954150
0.773140 0.022591 0.019219 0.010429 0.000558 0.165952 0.008112 1.956361
0.773048 0.022585 0.019249 0.010459 0.000563 0.165979 0.008118 1.958525
0.772900 0.022532 0.019312 0.010494 0.000581 0.166058 0.008124 1.960783
0.772803 0.022458 0.019373 0.010527 0.000582 0.166126 0.008131 1.963006
0.772734 0.022406 0.019447 0.010531 0.000586 0.166157 0.008140 1.965223
0.772668 0.022344 0.019523 0.010551 0.000599 0.166167 0.008147 1.967447
0.772602 0.022307 0.019551 0.010548 0.000603 0.166237 0.008152 1.969641
0.772547 0.022310 0.019537 0.010536 0.000608 0.166301 0.008160 1.971783
0.772485 0.022249 0.019569 0.010531 0.000605 0.166394 0.008166 1.973975
0.772433 0.022174 0.019574 0.010586 0.000601 0.166459 0.008174 1.976182
0.772403 0.022074 0.019632 0.010608 0.000600 0.166503 0.008182 1.978422
0.772326 0.022054 0.019587 0.010612 0.000598 0.166635 0.008189 1.980626
0.772364 0.021943 0.019669 0.010610 0.000601 0.166617 0.008197 1.982806
0.772369 0.021839 0.019704 0.010592 0.000606 0.166688 0.008203 1.984985
0.772394 0.021773 0.019746 0.010570 0.000603 0.166706 0.008208 1.987127
0.772436 0.021704 0.019724 0.010529 0.000603 0.166792 0.008213 1.989282
0.772436 0.021653 0.019681 0.010511 0.000605 0.166895 0.008219 1.991399
0.772440 0.021533 0.019739 0.010513 0.000613 0.166936 0.008226 1.993576
0.772437 0.021559 0.019657 0.010497 0.000620 0.166998 0.008232 1.995640
0.772525 0.021446 0.019623 0.010466 0.000624 0.167079 0.008239 1.997760
0.772543 0.021395 0.019587 0.010451 0.000633 0.167147 0.008245 1.999841
0.772516 0.021370 0.019578 0.010457 0.000641 0.167186 0.008252 2.001977
0.772548 0.021325 0.019561 0.010397 0.000636 0.167271 0.008263 2.004071
0.772506 0.021347 0.019527 0.010381 0.000645 0.167324 0.008270 2.006125
0.772600 0.021276 0.019447 0.010369 0.000639 0.167393 0.008278 2.008177
0.772724 0.021175 0.019425 0.010343 0.000640 0.167412 0.008284 2.010289
0.772830 0.021019 0.019434 0.010379 0.000643 0.167406 0.008290 2.012434
0.772946 0.020924 0.019401 0.010354 0.000634 0.167442 0.008300 2.014495
0.773124 0.020874 0.019360 0.010307 0.000635 0.167391 0.008310 2.016504
0.773197 0.020847 0.019292 0.010287 0.000630 0.167427 0.008320 2.018547
0.773362 0.020770 0.019217 0.010298 0.000638 0.167387 0.008328 2.020569
0.773466 0.020743 0.019086 0.010272 0.000629 0.167469 0.008336 2.022585
0.773640 0.020622 0.019100 0.010252 0.000625 0.167419 0.008343 2.024627
0.773816 0.020495 0.019081 0.010237 0.000626 0.167395 0.008350 2.026697
0.773984 0.020441 0.018997 0.010156 0.000623 0.167442 0.008358 2.028666
0.774188 0.020401 0.018941 0.010124 0.000625 0.167353 0.008368 2.030651
0.774365 0.020293 0.018864 0.010070 0.000623 0.167411 0.008373 2.032646
0.774529 0.020260 0.018865 0.010024 0.000630 0.167311 0.008382 2.034660
0.774657 0.020284 0.018722 0.009986 0.000625 0.167336 0.008390 2.036609
0.774804 0.020276 0.018643 0.009981 0.000618 0.167278 0.008400 2.038572
0.775058 0.020195 0.018593 0.009955 0.000622 0.167170 0.008408 2.040515
0.775226 0.020213 0.018477 0.009938 0.000627 0.167106 0.008414 2.042439
0.775452 0.020092 0.018460 0.009915 0.000634 0.167025 0.008421 2.044437
0.775653 0.019964 0.018441 0.009908 0.000628 0.166979 0.008427 2.046433
0.775873 0.019851 0.018464 0.009836 0.000629 0.166915 0.008433 2.048410
0.776105 0.019731 0.018442 0.009799 0.000627 0.166857 0.008439 2.050375
0.776234 0.019689 0.018360 0.009810 0.000623 0.166839 0.008445 2.052319
0.776416 0.019624 0.018302 0.009826 0.000627 0.166754 0.008451 2.054268
0.776639 0.019632 0.018278 0.009824 0.000618 0.166550 0.008459 2.056176
0.776878 0.019486 0.018254 0.009790 0.000613 0.166514 0.008464 2.058138
0.777155 0.019383 0.018214 0.009740 0.000608 0.166430 0.008471 2.060050
0.777487 0.019210 0.018192 0.009704 0.000604 0.166324 0.008480 2.062003
0.777683 0.019106 0.018137 0.009664 0.000596 0.166325 0.008489 2.063933
0.778007 0.019040 0.018038 0.009605 0.000606 0.166209 0.008497 2.065770
0.778239 0.018987 0.017995 0.009546 0.000612 0.166121 0.008501 2.067642
0.778533 0.018948 0.017861 0.009485 0.000609 0.166054 0.008509 2.069472
0.778672 0.018988 0.017793 0.009447 0.000603 0.165981 0.008517 2.071300
0.778979 0.018905 0.017771 0.009408 0.000603 0.165810 0.008525 2.073165
0.779293 0.018885 0.017718 0.009334 0.000602 0.165638 0.008531 2.075002
0.779546 0.018889 0.017663 0.009296 0.000601 0.165468 0.008538 2.076801
0.779868 0.018791 0.017622 0.009256 0.000603 0.165318 0.008543 2.078664
0.780086 0.018748 0.017539 0.009257 0.000596 0.165221 0.008553 2.080530
0.780335 0.018763 0.017457 0.009204 0.000605 0.165077 0.008559 2.082345
0.780593 0.018779 0.017347 0.009168 0.000598 0.164946 0.008570 2.084157
0.780782 0.018726 0.017346 0.009145 0.000601 0.164824 0.008577 2.086016
0.780987 0.018697 0.017343 0.009148 0.000595 0.164645 0.008585 2.087884
0.781194 0.018705 0.017310 0.009155 0.000592 0.164456 0.008589 2.089692
0.781388 0.018711 0.017263 0.009165 0.000594 0.164282 0.008597 2.091521
0.781763 0.018677 0.017216 0.009122 0.000586 0.164031 0.008606 2.093316
0.782074 0.018659 0.017154 0.009114 0.000590 0.163799 0.008610 2.095119
0.782317 0.018683 0.017079 0.009090 0.000595 0.163619 0.008617 2.096893
0.782579 0.018673 0.017103 0.009007 0.000593 0.163420 0.008625 2.098691
0.782779 0.018647 0.017087 0.008989 0.000589 0.163275 0.008635 2.100522
0.783003 0.018651 0.017087 0.008980 0.000591 0.163049 0.008639 2.102352
0.783282 0.018572 0.017035 0.008943 0.000584 0.162937 0.008648 2.104194
0.783476 0.018596 0.017016 0.008906 0.000583 0.162766 0.008656 2.106001
0.783718 0.018589 0.017012 0.008924 0.000575 0.162522 0.008662 2.107843
0.783994 0.018538 0.017018 0.008910 0.000566 0.162304 0.008671 2.109663
0.784239 0.018512 0.016958 0.008916 0.000568 0.162129 0.008678 2.111483
0.784473 0.018476 0.016943 0.008911 0.000567 0.161947 0.008682 2.113310
0.784814 0.018349 0.016938 0.008925 0.000569 0.161715 0.008690 2.115124
0.785129 0.018293 0.016948 0.008923 0.000567 0.161443 0.008696 2.116950
0.785276 0.018339 0.016877 0.008894 0.000569 0.161345 0.008700 2.118695
0.785545 0.018285 0.016857 0.008915 0.000570 0.161121 0.008708 2.120519
0.785727 0.018318 0.016855 0.008859 0.000557 0.160971 0.008714 2.122309
0.785878 0.018384 0.016795 0.008839 0.000562 0.160828 0.008715 2.124093
0.786096 0.018363 0.016773 0.008840 0.000562 0.160648 0.008717 2.125905
0.786229 0.018413 0.016765 0.008826 0.000565 0.160480 0.008722 2.127702
0.786493 0.018391 0.016769 0.008790 0.000561 0.160264 0.008733 2.129483
0.786729 0.018371 0.016752 0.008745 0.000569 0.160097 0.008736 2.131268
0.786872 0.018439 0.016739 0.008761 0.000561 0.159882 0.008747 2.133067
0.787095 0.018454 0.016670 0.008744 0.000568 0.159716 0.008753 2.134824
0.787188 0.018513 0.016675 0.008736 0.000561 0.159561 0.008764 2.136620
0.787358 0.018548 0.016674 0.008721 0.000566 0.159364 0.008769 2.138433
0.787516 0.018557 0.016670 0.008725 0.000562 0.159194 0.008778 2.140239
0.787739 0.018530 0.016658 0.008718 0.000566 0.159009 0.008781 2.142061
0.787946 0.018527 0.016642 0.008714 0.000557 0.158825 0.008789 2.143848
0.788138 0.018549 0.016619 0.008769 0.000556 0.158577 0.008793 2.145659
0.788336 0.018536 0.016616 0.008768 0.000546 0.158400 0.008799 2.147481
0.788551 0.018477 0.016676 0.008782 0.000544 0.158165 0.008805 2.149304
0.788719 0.018500 0.016649 0.008760 0.000543 0.158020 0.008811 2.151079
0.788850 0.018534 0.016640 0.008776 0.000543 0.157841 0.008816 2.152863
0.788953 0.018599 0.016611 0.008793 0.000539 0.157681 0.008824 2.154666
0.789142 0.018553 0.016570 0.008773 0.000534 0.157599 0.008830 2.156478
0.789266 0.018633 0.016602 0.008781 0.000530 0.157352 0.008836 2.158277
0.789393 0.018592 0.016625 0.008817 0.000533 0.157197 0.008844 2.160136
0.789513 0.018615 0.016587 0.008824 0.000539 0.157073 0.008851 2.161968
0.789703 0.018598 0.016697 0.008783 0.000539 0.156822 0.008859 2.163803
0.789856 0.018617 0.016706 0.008805 0.000536 0.156616 0.008866 2.165622
0.790047 0.018645 0.016661 0.008802 0.000534 0.156440 0.008873 2.167384
0.790259 0.018581 0.016691 0.008812 0.000532 0.156247 0.008879 2.169229
0.790404 0.018548 0.016709 0.008831 0.000531 0.156091 0.008886 2.171065
0.790538 0.018527 0.016711 0.008840 0.000531 0.155962 0.008891 2.172891
0.790663 0.018550 0.016681 0.008805 0.000528 0.155875 0.008897 2.174695
0.790845 0.018600 0.016622 0.008780 0.000530 0.155724 0.008900 2.176448
0.790899 0.018597 0.016649 0.008783 0.000527 0.155641 0.008905 2.178288
0.791030 0.018638 0.016598 0.008773 0.000531 0.155519 0.008911 2.180081
0.791146 0.018697 0.016626 0.008767 0.000533 0.155311 0.008920 2.181873
0.791290 0.018620 0.016665 0.008808 0.000531 0.155161 0.008925 2.183760
0.791536 0.018569 0.016659 0.008832 0.000539 0.154935 0.008930 2.185566
0.791567 0.018585 0.016669 0.008821 0.000538 0.154882 0.008938 2.187410
0.791693 0.018565 0.016671 0.008838 0.000535 0.154754 0.008945 2.189216
0.791792 0.018582 0.016703 0.008835 0.000543 0.154597 0.008948 2.191024
0.791844 0.018667 0.016710 0.008819 0.000547 0.154457 0.008957 2.192809
0.792001 0.018727 0.016685 0.008820 0.000547 0.154255 0.008964 2.194588
0.792070 0.018783 0.016705 0.008810 0.000545 0.154119 0.008969 2.196393
0.792058 0.018818 0.016688 0.008853 0.000548 0.154061 0.008974 2.198240
0.792145 0.018830 0.016659 0.008909 0.000553 0.153922 0.008981 2.200082
0.792169 0.018813 0.016696 0.008885 0.000559 0.153891 0.008986 2.201941
0.792272 0.018781 0.016719 0.008917 0.000555 0.153763 0.008993 2.203812
0.792387 0.018744 0.016721 0.008961 0.000552 0.153633 0.009002 2.205662
0.792507 0.018684 0.016743 0.008958 0.000549 0.153547 0.009012 2.207532
0.792575 0.018710 0.016753 0.008967 0.000547 0.153430 0.009018 2.209367
0.792631 0.018750 0.016714 0.008948 0.000548 0.153385 0.009024 2.211175
0.792723 0.018743 0.016735 0.008938 0.000545 0.153285 0.009031 2.213018
0.792786 0.018752 0.016732 0.008899 0.000559 0.153236 0.009037 2.214848
0.792894 0.018678 0.016797 0.008911 0.000562 0.153114 0.009044 2.216715
0.793009 0.018656 0.016749 0.008903 0.000568 0.153063 0.009052 2.218521
0.793116 0.018707 0.016725 0.008916 0.000553 0.152921 0.009062 2.220321
0.793202 0.018693 0.016685 0.008931 0.000556 0.152863 0.009069 2.222143
0.793326 0.018655 0.016696 0.008933 0.000551 0.152763 0.009076 2.223978
0.793420 0.018682 0.016597 0.008936 0.000548 0.152732 0.009084 2.225767
0.793505 0.018705 0.016635 0.008925 0.000548 0.152594 0.009090 2.227564
0.793578 0.018681 0.016614 0.008912 0.000540 0.152581 0.009094 2.229374
0.793646 0.018653 0.016692 0.008935 0.000539 0.152437 0.009099 2.231240
0.793712 0.018731 0.016703 0.008945 0.000535 0.152272 0.009103 2.233041
0.793676 0.018780 0.016733 0.008878 0.000533 0.152288 0.009112 2.234847
0.793726 0.018897 0.016719 0.008861 0.000532 0.152149 0.009115 2.236632
0.793743 0.018864 0.016721 0.008846 0.000536 0.152163 0.009126 2.238487
0.793708 0.018912 0.016717 0.008809 0.000537 0.152187 0.009131 2.240285
0.793774 0.018855 0.016727 0.008869 0.000537 0.152099 0.009140 2.242168
0.793881 0.018808 0.016713 0.008887 0.000544 0.152020 0.009147 2.244017
0.793940 0.018733 0.016741 0.008918 0.000542 0.151973 0.009153 2.245916
0.794030 0.018724 0.016726 0.008858 0.000542 0.151960 0.009161 2.247738
0.794150 0.018738 0.016715 0.008786 0.000549 0.151893 0.009167 2.249521
0.794223 0.018775 0.016635 0.008827 0.000548 0.151816 0.009175 2.251311
0.794349 0.018678 0.016617 0.008839 0.000541 0.151795 0.009180 2.253160
0.794336 0.018689 0.016689 0.008871 0.000537 0.151693 0.009187 2.255011
0.794359 0.018730 0.016695 0.008865 0.000540 0.151620 0.009192 2.256802
0.794375 0.018685 0.016728 0.008880 0.000537 0.151596 0.009199 2.258685
0.794366 0.018735 0.016766 0.008877 0.000531 0.151520 0.009205 2.260511
0.794412 0.018686 0.016792 0.008875 0.000529 0.151492 0.009214 2.262382
0.794431 0.018676 0.016760 0.008863 0.000529 0.151524 0.009219 2.264219
0.794506 0.018743 0.016754 0.008838 0.000530 0.151407 0.009222 2.266015
0.794566 0.018763 0.016768 0.008812 0.000526 0.151340 0.009225 2.267837
0.794708 0.018696 0.016723 0.008877 0.000527 0.151240 0.009229 2.269689
0.794825 0.018615 0.016768 0.008889 0.000528 0.151141 0.009234 2.271553
0.794904 0.018638 0.016700 0.008887 0.000529 0.151104 0.009239 2.273333
0.794914 0.018679 0.016720 0.008908 0.000532 0.151005 0.009242 2.275193
0.794944 0.018660 0.016737 0.008877 0.000536 0.150996 0.009248 2.277020
0.795086 0.018609 0.016793 0.008903 0.000532 0.150821 0.009256 2.278888
0.795156 0.018607 0.016746 0.008919 0.000532 0.150777 0.009261 2.280673
0.795222 0.018536 0.016741 0.008908 0.000542 0.150786 0.009265 2.282530
0.795310 0.018575 0.016692 0.008930 0.000543 0.150678 0.009272 2.284331
0.795322 0.018560 0.016678 0.008910 0.000548 0.150704 0.009278 2.286141
0.795340 0.018558 0.016645 0.008965 0.000549 0.150659 0.009285 2.287977
0.795389 0.018566 0.016657 0.009014 0.000539 0.150542 0.009294 2.289832
0.795447 0.018564 0.016680 0.009002 0.000536 0.150471 0.009299 2.291672
0.795399 0.018636 0.016702 0.009008 0.000531 0.150418 0.009306 2.293512
0.795450 0.018628 0.016705 0.008981 0.000529 0.150391 0.009316 2.295336
0.795492 0.018639 0.016718 0.008997 0.000527 0.150306 0.009322 2.297183
0.795518 0.018593 0.016712 0.009033 0.000527 0.150288 0.009329 2.299058
0.795589 0.018656 0.016697 0.008988 0.000530 0.150203 0.009336 2.300816
0.795619 0.018622 0.016686 0.008993 0.000529 0.150210 0.009342 2.302687
0.795567 0.018676 0.016741 0.008970 0.000528 0.150167 0.009349 2.304542
0.795658 0.018620 0.016794 0.008894 0.000531 0.150152 0.009352 2.306410
0.795777 0.018619 0.016774 0.008874 0.000533 0.150064 0.009360 2.308224
0.795763 0.018674 0.016756 0.008886 0.000535 0.150020 0.009366 2.310068
0.795823 0.018673 0.016723 0.008863 0.000537 0.150011 0.009371 2.311897
0.795810 0.018798 0.016718 0.008802 0.000541 0.149955 0.009375 2.313690
0.795849 0.018818 0.016685 0.008834 0.000536 0.149896 0.009382 2.315516
0.795838 0.018781 0.016743 0.008857 0.000533 0.149861 0.009388 2.317400
0.795867 0.018785 0.016716 0.008865 0.000533 0.149842 0.009392 2.319253
0.795900 0.018799 0.016700 0.008903 0.000538 0.149763 0.009397 2.321098
0.795910 0.018832 0.016674 0.008908 0.000535 0.149738 0.009403 2.322927
0.795925 0.018839 0.016667 0.008921 0.000533 0.149706 0.009408 2.324779
0.795900 0.018958 0.016672 0.008902 0.000540 0.149616 0.009413 2.326571
0.795869 0.018948 0.016644 0.008930 0.000540 0.149649 0.009420 2.328422
0.795871 0.018993 0.016609 0.008928 0.000534 0.149642 0.009426 2.330250
0.795856 0.019057 0.016604 0.008935 0.000542 0.149572 0.009434 2.332078
0.795890 0.019088 0.016664 0.008940 0.000534 0.149441 0.009443 2.333911
0.795903 0.019082 0.016733 0.008930 0.000526 0.149374 0.009453 2.335798
0.795841 0.019147 0.016712 0.008967 0.000526 0.149350 0.009458 2.337690
0.795791 0.019207 0.016727 0.008987 0.000532 0.149293 0.009465 2.339548
0.795764 0.019234 0.016787 0.008955 0.000533 0.149257 0.009472 2.341389
0.795712 0.019227 0.016859 0.008994 0.000526 0.149204 0.009479 2.343312
0.795611 0.019251 0.016943 0.009028 0.000521 0.149160 0.009488 2.345211
0.795536 0.019261 0.016960 0.009022 0.000525 0.149203 0.009493 2.347117
0.795508 0.019295 0.016968 0.009013 0.000529 0.149188 0.009498 2.348960
0.795523 0.019228 0.016993 0.009039 0.000536 0.149179 0.009503 2.350874
0.795465 0.019195 0.016969 0.009062 0.000549 0.149252 0.009507 2.352780
0.795515 0.019155 0.016960 0.009077 0.000550 0.149230 0.009511 2.354645
0.795480 0.019178 0.016954 0.009083 0.000550 0.149237 0.009519 2.356509
0.795494 0.019197 0.016982 0.009113 0.000563 0.149126 0.009525 2.358387
0.795439 0.019193 0.017032 0.009101 0.000565 0.149139 0.009532 2.360282
0.795401 0.019210 0.016999 0.009134 0.000563 0.149155 0.009537 2.362170
0.795451 0.019162 0.017023 0.009139 0.000552 0.149125 0.009549 2.364063
0.795488 0.019182 0.016952 0.009115 0.000553 0.149153 0.009556 2.365888
0.795418 0.019195 0.016926 0.009113 0.000551 0.149235 0.009564 2.367738
0.795369 0.019202 0.016959 0.009099 0.000553 0.149252 0.009567 2.369603
0.795394 0.019204 0.016948 0.009084 0.000549 0.149247 0.009573 2.371475
0.795395 0.019254 0.016923 0.009071 0.000544 0.149233 0.009580 2.373306
0.795261 0.019354 0.016973 0.009061 0.000542 0.149223 0.009587 2.375171
0.795157 0.019378 0.017035 0.009082 0.000541 0.149212 0.009597 2.377079
0.795146 0.019345 0.017109 0.009123 0.000537 0.149135 0.009605 2.379015
0.795097 0.019339 0.017117 0.009112 0.000539 0.149184 0.009612 2.380945
0.794959 0.019371 0.017124 0.009139 0.000538 0.149250 0.009621 2.382831
0.794925 0.019343 0.017129 0.009180 0.000535 0.149262 0.009627 2.384746
0.794824 0.019307 0.017138 0.009222 0.000545 0.149333 0.009631 2.386680
0.794743 0.019392 0.017090 0.009178 0.000545 0.149413 0.009639 2.388514
0.794736 0.019398 0.017072 0.009148 0.000544 0.149458 0.009643 2.390374
0.794772 0.019369 0.017116 0.009162 0.000541 0.149390 0.009649 2.392253
0.794761 0.019308 0.017146 0.009172 0.000545 0.149411 0.009658 2.394187
0.794755 0.019323 0.017162 0.009153 0.000547 0.149399 0.009662 2.396048
0.794742 0.019195 0.017239 0.009225 0.000540 0.149389 0.009671 2.398029
0.794716 0.019180 0.017264 0.009207 0.000538 0.149417 0.009677 2.399894
0.794751 0.019174 0.017274 0.009159 0.000540 0.149420 0.009683 2.401757
0.794695 0.019190 0.017283 0.009161 0.000538 0.149443 0.009691 2.403655
0.794628 0.019268 0.017266 0.009137 0.000542 0.149461 0.009697 2.405527
0.794642 0.019247 0.017246 0.009131 0.000541 0.149489 0.009705 2.407407
0.794611 0.019242 0.017261 0.009122 0.000553 0.149500 0.009711 2.409314
0.794610 0.019290 0.017205 0.009136 0.000539 0.149499 0.009721 2.411154
0.794651 0.019296 0.017226 0.009072 0.000543 0.149484 0.009728 2.413003
0.794586 0.019360 0.017231 0.009038 0.000542 0.149508 0.009734 2.414849
0.794596 0.019366 0.017157 0.009066 0.000529 0.149544 0.009743 2.416704
0.794521 0.019271 0.017225 0.009100 0.000536 0.149600 0.009747 2.418671
0.794628 0.019134 0.017278 0.009140 0.000534 0.149533 0.009753 2.420597
0.794557 0.019144 0.017324 0.009133 0.000533 0.149552 0.009759 2.422470
0.794588 0.019169 0.017291 0.009111 0.000539 0.149537 0.009765 2.424328
0.794608 0.019151 0.017298 0.009117 0.000536 0.149519 0.009771 2.426211
0.794603 0.019177 0.017272 0.009116 0.000529 0.149524 0.009779 2.428088
0.794591 0.019222 0.017220 0.009126 0.000536 0.149521 0.009784 2.429932
0.794669 0.019193 0.017240 0.009135 0.000529 0.149440 0.009794 2.431816
0.794652 0.019142 0.017276 0.009096 0.000531 0.149499 0.009804 2.433733
0.794664 0.019150 0.017292 0.009071 0.000533 0.149482 0.009808 2.435615
0.794643 0.019215 0.017286 0.009062 0.000535 0.149443 0.009816 2.437455
0.794601 0.019231 0.017266 0.009055 0.000536 0.149487 0.009825 2.439303
0.794620 0.019228 0.017253 0.009062 0.000539 0.149470 0.009829 2.441166
0.794533 0.019280 0.017195 0.009094 0.000545 0.149519 0.009834 2.443039
0.794450 0.019244 0.017224 0.009095 0.000542 0.149603 0.009842 2.444963
0.794478 0.019124 0.017207 0.009148 0.000544 0.149646 0.009852 2.446896
0.794521 0.019138 0.017181 0.009119 0.000540 0.149639 0.009861 2.448735
0.794494 0.019128 0.017132 0.009155 0.000541 0.149680 0.009869 2.450600
0.794492 0.019131 0.017146 0.009160 0.000540 0.149651 0.009879 2.452468
0.794468 0.019146 0.017143 0.009148 0.000542 0.149667 0.009887 2.454325
0.794459 0.019159 0.017148 0.009192 0.000534 0.149611 0.009897 2.456212
0.794501 0.019146 0.017133 0.009170 0.000536 0.149614 0.009902 2.458060
0.794564 0.019072 0.017140 0.009170 0.000531 0.149613 0.009910 2.459927
0.794544 0.019045 0.017129 0.009192 0.000538 0.149638 0.009914 2.461810
0.794604 0.019022 0.017153 0.009196 0.000535 0.149572 0.009919 2.463689
0.794596 0.019019 0.017159 0.009190 0.000524 0.149584 0.009929 2.465546
0.794623 0.018923 0.017119 0.009236 0.000526 0.149642 0.009932 2.467449
0.794645 0.018898 0.017087 0.009233 0.000521 0.149675 0.009943 2.469323
0.794619 0.018963 0.017051 0.009209 0.000519 0.149690 0.009949 2.471137
0.794608 0.018927 0.017031 0.009236 0.000514 0.149725 0.009958 2.473029
0.794647 0.018927 0.017033 0.009187 0.000516 0.149724 0.009967 2.474860
0.794646 0.018928 0.017073 0.009204 0.000519 0.149662 0.009969 2.476723
0.794747 0.018872 0.017041 0.009185 0.000525 0.149655 0.009976 2.478568
0.794791 0.018838 0.017010 0.009181 0.000522 0.149675 0.009983 2.480451
0.794754 0.018838 0.017062 0.009192 0.000527 0.149640 0.009989 2.482317
0.794808 0.018774 0.017054 0.009119 0.000532 0.149721 0.009993 2.484177
0.794770 0.018773 0.017063 0.009105 0.000539 0.149755 0.009995 2.486040
0.794834 0.018747 0.017084 0.009064 0.000536 0.149732 0.010004 2.487892
0.794872 0.018771 0.017093 0.009042 0.000538 0.149673 0.010010 2.489715
0.794901 0.018819 0.017062 0.009011 0.000538 0.149651 0.010017 2.491504
0.794889 0.018832 0.017017 0.008949 0.000533 0.149756 0.010023 2.493337
0.794958 0.018823 0.016992 0.008946 0.000543 0.149710 0.010029 2.495194
0.795022 0.018864 0.016898 0.008932 0.000532 0.149715 0.010038 2.496974
0.794981 0.018901 0.016889 0.008944 0.000532 0.149711 0.010043 2.498836
0.795039 0.018906 0.016923 0.008937 0.000537 0.149609 0.010049 2.500677
0.795060 0.018881 0.016911 0.008937 0.000543 0.149615 0.010054 2.502545
0.795121 0.018844 0.016833 0.008946 0.000538 0.149661 0.010058 2.504378
0.795144 0.018860 0.016883 0.008982 0.000536 0.149529 0.010066 2.506223
0.795205 0.018817 0.016891 0.008984 0.000533 0.149497 0.010073 2.508087
0.795226 0.018767 0.016939 0.008989 0.000534 0.149463 0.010083 2.509971
0.795270 0.018784 0.016886 0.008984 0.000531 0.149456 0.010089 2.511806
0.795440 0.018711 0.016852 0.009000 0.000526 0.149374 0.010097 2.513672
0.795486 0.018708 0.016788 0.009007 0.000524 0.149382 0.010106 2.515498
0.795482 0.018718 0.016756 0.009007 0.000519 0.149405 0.010114 2.517303
0.795573 0.018619 0.016795 0.008996 0.000523 0.149374 0.010120 2.519170
0.795528 0.018626 0.016833 0.008946 0.000517 0.149422 0.010127 2.521034
0.795561 0.018676 0.016792 0.008935 0.000519 0.149386 0.010132 2.522796
0.795574 0.018734 0.016750 0.008918 0.000526 0.149360 0.010138 2.524582
0.795600 0.018692 0.016751 0.008876 0.000531 0.149405 0.010146 2.526447
0.795676 0.018686 0.016756 0.008880 0.000529 0.149320 0.010153 2.528249
0.795773 0.018608 0.016712 0.008924 0.000529 0.149294 0.010160 2.530107
0.795772 0.018643 0.016721 0.008923 0.000532 0.149241 0.010169 2.531969
0.795830 0.018639 0.016689 0.008955 0.000530 0.149183 0.010175 2.533802
0.795903 0.018571 0.016695 0.008962 0.000519 0.149171 0.010179 2.535657
0.795925 0.018558 0.016714 0.008910 0.000515 0.149192 0.010185 2.537491
0.795941 0.018580 0.016671 0.008917 0.000517 0.149183 0.010191 2.539284
0.795954 0.018547 0.016652 0.008963 0.000513 0.149169 0.010201 2.541124
0.796048 0.018536 0.016626 0.008952 0.000509 0.149119 0.010211 2.542909
0.796069 0.018540 0.016617 0.008965 0.000510 0.149083 0.010217 2.544728
0.796052 0.018546 0.016613 0.008987 0.000509 0.149070 0.010223 2.546557
0.796128 0.018481 0.016673 0.008995 0.000514 0.148983 0.010226 2.548418
0.796223 0.018443 0.016664 0.009030 0.000510 0.148898 0.010233 2.550242
0.796323 0.018444 0.016636 0.009025 0.000508 0.148822 0.010242 2.552016
0.796379 0.018408 0.016621 0.009042 0.000505 0.148798 0.010247 2.553870
0.796414 0.018448 0.016601 0.009028 0.000513 0.148743 0.010254 2.555642
0.796414 0.018453 0.016565 0.009007 0.000513 0.148789 0.010259 2.557437
0.796475 0.018404 0.016577 0.009025 0.000520 0.148737 0.010263 2.559252
0.796614 0.018379 0.016600 0.009002 0.000523 0.148613 0.010268 2.561043
0.796608 0.018447 0.016576 0.008974 0.000528 0.148592 0.010274 2.562829
0.796632 0.018488 0.016565 0.008963 0.000528 0.148546 0.010279 2.564628
0.796715 0.018514 0.016559 0.008956 0.000521 0.148450 0.010286 2.566432
0.796770 0.018510 0.016558 0.008937 0.000523 0.148408 0.010295 2.568257
0.796785 0.018512 0.016582 0.008926 0.000519 0.148375 0.010302 2.570078
0.796821 0.018484 0.016638 0.008892 0.000526 0.148334 0.010306 2.571908
0.796873 0.018529 0.016621 0.008871 0.000530 0.148261 0.010315 2.573677
0.796831 0.018577 0.016688 0.008840 0.000538 0.148205 0.010321 2.575505
0.796911 0.018498 0.016709 0.008848 0.000538 0.148170 0.010327 2.577379
0.796908 0.018559 0.016694 0.008852 0.000538 0.148116 0.010332 2.579187
0.796918 0.018538 0.016713 0.008883 0.000544 0.148069 0.010337 2.581053
0.796944 0.018591 0.016675 0.008876 0.000537 0.148035 0.010343 2.582835
0.796952 0.018699 0.016661 0.008884 0.000533 0.147925 0.010347 2.584631
0.796931 0.018716 0.016635 0.008877 0.000536 0.147953 0.010352 2.586463
0.796910 0.018668 0.016655 0.008923 0.000541 0.147947 0.010359 2.588365
0.796958 0.018575 0.016622 0.008945 0.000541 0.147996 0.010363 2.590228
0.797013 0.018681 0.016557 0.008922 0.000549 0.147913 0.010367 2.591967
0.797010 0.018702 0.016553 0.008934 0.000547 0.147880 0.010374 2.593816
0.796990 0.018802 0.016530 0.008914 0.000546 0.147837 0.010382 2.595598
0.797012 0.018811 0.016545 0.008894 0.000545 0.147806 0.010388 2.597414
0.796950 0.018833 0.016596 0.008895 0.000550 0.147783 0.010393 2.599250
0.796908 0.018851 0.016679 0.008945 0.000544 0.147671 0.010403 2.601109
0.796943 0.018842 0.016701 0.008939 0.000545 0.147623 0.010409 2.602950
0.796946 0.018863 0.016691 0.008895 0.000545 0.147650 0.010412 2.604778
0.796932 0.018804 0.016731 0.008887 0.000541 0.147688 0.010418 2.606653
0.796924 0.018771 0.016753 0.008877 0.000547 0.147708 0.010421 2.608509
0.796911 0.018734 0.016762 0.008884 0.000545 0.147733 0.010431 2.610354
0.796871 0.018698 0.016788 0.008910 0.000538 0.147755 0.010441 2.612216
0.796895 0.018777 0.016717 0.008883 0.000535 0.147745 0.010449 2.613984
0.796914 0.018738 0.016733 0.008927 0.000546 0.147688 0.010454 2.615856
0.796896 0.018814 0.016710 0.008909 0.000538 0.147669 0.010463 2.617654
0.796982 0.018798 0.016684 0.008900 0.000539 0.147625 0.010471 2.619474
0.797017 0.018813 0.016640 0.008940 0.000534 0.147579 0.010476 2.621274
