0.360757 0.061840 0.055020 0.031536 0.001976 0.483035 0.005836 1.587022
0.361980 0.060646 0.054963 0.031487 0.001976 0.483082 0.005866 1.593041
0.363652 0.059327 0.054749 0.031268 0.001984 0.483131 0.005889 1.598797
0.365536 0.057770 0.054470 0.031146 0.001993 0.483176 0.005909 1.604569
0.367541 0.056179 0.054269 0.030899 0.001988 0.483183 0.005942 1.610176
0.369646 0.054647 0.053869 0.030583 0.001982 0.483305 0.005970 1.615603
0.372010 0.052997 0.053563 0.030321 0.001982 0.483134 0.005995 1.620924
0.374440 0.051423 0.053081 0.030003 0.001988 0.483040 0.006026 1.626070
0.376877 0.049997 0.052499 0.029660 0.001992 0.482924 0.006052 1.631040
0.379494 0.048584 0.051832 0.029292 0.001986 0.482727 0.006085 1.635861
0.382269 0.047191 0.051177 0.028893 0.001971 0.482382 0.006118 1.640552
0.384950 0.046043 0.050437 0.028494 0.001948 0.481979 0.006149 1.645075
0.387730 0.044736 0.049663 0.028185 0.001937 0.481578 0.006173 1.649584
0.390559 0.043495 0.049025 0.027738 0.001935 0.481047 0.006200 1.654022
0.393303 0.042606 0.048268 0.027216 0.001927 0.480456 0.006224 1.658180
0.396231 0.041605 0.047493 0.026718 0.001905 0.479800 0.006249 1.662282
0.399144 0.040711 0.046677 0.026307 0.001893 0.478992 0.006275 1.666286
0.401994 0.039826 0.045962 0.025854 0.001873 0.478187 0.006305 1.670295
0.404870 0.039006 0.045240 0.025410 0.001848 0.477294 0.006331 1.674171
0.407835 0.038242 0.044519 0.024974 0.001847 0.476230 0.006352 1.677999
0.410827 0.037563 0.043777 0.024571 0.001838 0.475049 0.006376 1.681667
0.413860 0.036840 0.043069 0.024150 0.001821 0.473862 0.006397 1.685345
0.416734 0.036294 0.042281 0.023701 0.001803 0.472762 0.006424 1.688867
0.419492 0.035807 0.041590 0.023262 0.001782 0.471615 0.006452 1.692417
0.422539 0.035216 0.040922 0.022881 0.001773 0.470198 0.006471 1.695916
0.425387 0.034714 0.040290 0.022433 0.001761 0.468922 0.006494 1.699358
0.428296 0.034190 0.039733 0.022111 0.001750 0.467405 0.006515 1.702810
0.431230 0.033752 0.039068 0.021723 0.001741 0.465948 0.006538 1.706117
0.434207 0.033353 0.038461 0.021347 0.001720 0.464355 0.006558 1.709380
0.437120 0.032924 0.037822 0.021001 0.001708 0.462844 0.006582 1.712699
0.440155 0.032547 0.037168 0.020644 0.001708 0.461178 0.006599 1.715882
0.443010 0.032173 0.036560 0.020369 0.001690 0.459577 0.006621 1.719102
0.445816 0.031874 0.036026 0.020061 0.001669 0.457910 0.006644 1.722285
0.448585 0.031673 0.035486 0.019770 0.001641 0.456169 0.006676 1.725398
0.451360 0.031611 0.034874 0.019446 0.001623 0.454386 0.006699 1.728359
0.454166 0.031386 0.034395 0.019200 0.001614 0.452523 0.006714 1.731453
0.456883 0.031186 0.034008 0.018887 0.001598 0.450703 0.006735 1.734543
0.459575 0.031019 0.033521 0.018661 0.001583 0.448889 0.006752 1.737590
0.462326 0.030752 0.033076 0.018428 0.001576 0.447070 0.006772 1.740669
0.465045 0.030645 0.032610 0.018239 0.001561 0.445109 0.006790 1.743657
0.467741 0.030503 0.032236 0.017949 0.001547 0.443214 0.006809 1.746600
0.470395 0.030367 0.031842 0.017777 0.001529 0.441265 0.006825 1.749563
0.472963 0.030356 0.031559 0.017499 0.001521 0.439256 0.006847 1.752519
0.475479 0.030336 0.031171 0.017297 0.001497 0.437349 0.006870 1.755418
0.478013 0.030282 0.030849 0.017121 0.001474 0.435373 0.006888 1.758395
0.480477 0.030230 0.030627 0.017006 0.001459 0.433295 0.006906 1.761364
0.482921 0.030159 0.030349 0.016892 0.001436 0.431318 0.006925 1.764351
0.485450 0.030079 0.030042 0.016794 0.001418 0.429268 0.006949 1.767306
0.487851 0.030044 0.029849 0.016623 0.001408 0.427259 0.006967 1.770252
0.490261 0.030068 0.029533 0.016454 0.001404 0.425292 0.006987 1.773163
0.492696 0.030047 0.029300 0.016300 0.001380 0.423271 0.007006 1.776084
0.495109 0.030031 0.029184 0.016170 0.001361 0.421119 0.007026 1.779046
0.497460 0.030032 0.029014 0.016063 0.001353 0.419035 0.007043 1.781931
0.499813 0.030013 0.028817 0.015996 0.001345 0.416960 0.007056 1.784880
0.502050 0.029975 0.028673 0.015894 0.001322 0.415010 0.007077 1.787845
0.504356 0.029973 0.028521 0.015818 0.001304 0.412935 0.007093 1.790747
0.506560 0.029881 0.028399 0.015781 0.001284 0.410981 0.007114 1.793803
0.508773 0.029935 0.028282 0.015692 0.001269 0.408916 0.007133 1.796743
0.510862 0.029994 0.028106 0.015610 0.001258 0.407022 0.007148 1.799654
0.513008 0.030001 0.027946 0.015588 0.001248 0.405047 0.007161 1.802600
0.515065 0.029965 0.027892 0.015565 0.001237 0.403100 0.007176 1.805659
0.517112 0.030079 0.027788 0.015497 0.001217 0.401114 0.007194 1.808610
0.519103 0.030210 0.027646 0.015463 0.001202 0.399168 0.007209 1.811508
0.520964 0.030276 0.027604 0.015413 0.001197 0.397319 0.007227 1.814488
0.522808 0.030281 0.027548 0.015458 0.001192 0.395477 0.007237 1.817522
0.524517 0.030467 0.027461 0.015439 0.001168 0.393692 0.007255 1.820463
0.526296 0.030615 0.027469 0.015420 0.001161 0.391771 0.007268 1.823490
0.528106 0.030678 0.027418 0.015446 0.001148 0.389922 0.007283 1.826498
0.529747 0.030798 0.027411 0.015419 0.001136 0.388194 0.007297 1.829562
0.531448 0.030922 0.027460 0.015410 0.001122 0.386322 0.007316 1.832584
0.533174 0.031005 0.027534 0.015405 0.001105 0.384447 0.007331 1.835664
0.534694 0.031152 0.027551 0.015355 0.001096 0.382806 0.007345 1.838769
0.536224 0.031262 0.027601 0.015365 0.001086 0.381103 0.007357 1.841877
0.537829 0.031308 0.027706 0.015405 0.001084 0.379300 0.007368 1.845052
0.539274 0.031494 0.027689 0.015399 0.001082 0.377681 0.007382 1.848124
0.540683 0.031700 0.027729 0.015298 0.001070 0.376117 0.007402 1.851186
0.542110 0.031829 0.027762 0.015342 0.001056 0.374487 0.007415 1.854340
0.543404 0.032026 0.027781 0.015400 0.001052 0.372908 0.007428 1.857489
0.544655 0.032235 0.027795 0.015436 0.001049 0.371389 0.007441 1.860657
0.545919 0.032428 0.027861 0.015433 0.001045 0.369859 0.007456 1.863789
0.547232 0.032536 0.027882 0.015504 0.001041 0.368339 0.007467 1.867031
0.548413 0.032707 0.027966 0.015567 0.001030 0.366837 0.007482 1.870278
0.549554 0.032891 0.028042 0.015596 0.001027 0.365394 0.007496 1.873485
0.550591 0.033069 0.028168 0.015680 0.001013 0.363972 0.007508 1.876802
0.551694 0.033255 0.028286 0.015757 0.001018 0.362471 0.007518 1.880089
0.552689 0.033486 0.028406 0.015801 0.001020 0.361065 0.007534 1.883362
0.553642 0.033675 0.028502 0.015869 0.001006 0.359759 0.007548 1.886695
0.554615 0.033795 0.028639 0.015869 0.001004 0.358517 0.007562 1.890028
0.555670 0.033913 0.028764 0.015942 0.001000 0.357136 0.007574 1.893383
0.556401 0.034204 0.028809 0.016013 0.000989 0.355997 0.007585 1.896734
0.557177 0.034468 0.028928 0.016068 0.000994 0.354770 0.007595 1.900122
0.558053 0.034773 0.029015 0.016096 0.000998 0.353464 0.007601 1.903461
0.558870 0.034951 0.029183 0.016208 0.000980 0.352194 0.007613 1.906887
0.559590 0.035221 0.029259 0.016261 0.000968 0.351073 0.007628 1.910279
0.560279 0.035414 0.029345 0.016387 0.000967 0.349969 0.007638 1.913730
0.560856 0.035553 0.029503 0.016499 0.000958 0.348979 0.007652 1.917297
0.561473 0.035776 0.029680 0.016585 0.000943 0.347876 0.007668 1.920835
0.562042 0.035924 0.029892 0.016615 0.000949 0.346903 0.007676 1.924387
0.562633 0.036110 0.030034 0.016679 0.000957 0.345902 0.007685 1.927952
0.563194 0.036324 0.030221 0.016674 0.000963 0.344930 0.007695 1.931476
0.563642 0.036580 0.030361 0.016803 0.000962 0.343943 0.007709 1.935079
0.564177 0.036753 0.030464 0.016956 0.000953 0.342975 0.007723 1.938684
0.564604 0.037013 0.030626 0.016969 0.000966 0.342090 0.007733 1.942243
0.564983 0.037339 0.030675 0.017058 0.000967 0.341233 0.007745 1.945819
0.565317 0.037506 0.030855 0.017124 0.000975 0.340466 0.007756 1.949487
0.565766 0.037635 0.030973 0.017195 0.000977 0.339688 0.007765 1.953188
0.566128 0.037722 0.031231 0.017252 0.000981 0.338911 0.007775 1.956955
0.566487 0.037892 0.031400 0.017306 0.000979 0.338149 0.007787 1.960654
0.566894 0.038037 0.031576 0.017347 0.000978 0.337366 0.007802 1.964384
0.567116 0.038291 0.031670 0.017428 0.000971 0.336707 0.007817 1.968105
0.567340 0.038448 0.031779 0.017509 0.000974 0.336128 0.007823 1.971908
0.567566 0.038633 0.031986 0.017584 0.000977 0.335422 0.007832 1.975687
0.567815 0.038859 0.032097 0.017696 0.000980 0.334712 0.007842 1.979451
0.568047 0.039024 0.032212 0.017770 0.000983 0.334109 0.007856 1.983245
0.568281 0.039149 0.032342 0.017871 0.000990 0.333496 0.007872 1.987067
0.568557 0.039206 0.032539 0.018007 0.000991 0.332813 0.007887 1.990944
0.568766 0.039290 0.032796 0.018076 0.001000 0.332177 0.007897 1.994812
0.568959 0.039398 0.032919 0.018164 0.001004 0.331649 0.007907 1.998657
0.569055 0.039558 0.032998 0.018250 0.001007 0.331214 0.007918 2.002468
0.569244 0.039664 0.033112 0.018320 0.001015 0.330719 0.007925 2.006345
0.569400 0.039815 0.033190 0.018412 0.001009 0.330236 0.007938 2.010189
0.569532 0.039950 0.033284 0.018418 0.001011 0.329853 0.007952 2.014002
0.569672 0.039997 0.033506 0.018447 0.001008 0.329404 0.007967 2.017972
0.569827 0.039991 0.033593 0.018579 0.001020 0.329013 0.007977 2.021948
0.569981 0.040074 0.033728 0.018613 0.001019 0.328596 0.007990 2.025852
0.570082 0.040187 0.033795 0.018675 0.001013 0.328248 0.008000 2.029722
0.570244 0.040213 0.033869 0.018696 0.001015 0.327951 0.008012 2.033635
0.570226 0.040350 0.034045 0.018754 0.001019 0.327586 0.008020 2.037581
0.570257 0.040360 0.034181 0.018769 0.001022 0.327376 0.008036 2.041568
0.570276 0.040514 0.034258 0.018881 0.001024 0.326997 0.008051 2.045531
0.570276 0.040598 0.034407 0.018973 0.001029 0.326652 0.008065 2.049498
0.570308 0.040771 0.034490 0.018972 0.001041 0.326344 0.008075 2.053392
0.570363 0.040843 0.034565 0.019011 0.001048 0.326085 0.008084 2.057348
0.570413 0.040995 0.034713 0.019033 0.001060 0.325689 0.008098 2.061305
0.570470 0.041031 0.034681 0.019169 0.001066 0.325474 0.008108 2.065259
0.570505 0.040876 0.034834 0.019290 0.001069 0.325302 0.008124 2.069370
0.570435 0.040925 0.034962 0.019273 0.001068 0.325196 0.008140 2.073383
0.570406 0.040871 0.035109 0.019395 0.001072 0.324992 0.008155 2.077465
0.570466 0.040921 0.035207 0.019449 0.001076 0.324714 0.008169 2.081439
0.570559 0.040817 0.035309 0.019528 0.001084 0.324521 0.008181 2.085500
0.570531 0.040890 0.035297 0.019581 0.001085 0.324422 0.008194 2.089506
0.570618 0.040910 0.035376 0.019586 0.001091 0.324216 0.008204 2.093505
0.570615 0.040940 0.035369 0.019575 0.001091 0.324192 0.008219 2.097466
0.570636 0.040988 0.035365 0.019620 0.001100 0.324058 0.008232 2.101467
0.570755 0.040892 0.035475 0.019637 0.001104 0.323894 0.008244 2.105540
0.570783 0.040839 0.035578 0.019640 0.001112 0.323794 0.008253 2.109581
0.570802 0.040973 0.035491 0.019642 0.001109 0.323712 0.008269 2.113529
0.570904 0.040785 0.035555 0.019772 0.001119 0.323582 0.008282 2.117625
0.570946 0.040829 0.035540 0.019723 0.001126 0.323541 0.008295 2.121560
0.570944 0.040900 0.035538 0.019766 0.001122 0.323425 0.008306 2.125496
0.571015 0.040909 0.035538 0.019772 0.001122 0.323327 0.008317 2.129465
0.571068 0.040734 0.035650 0.019836 0.001112 0.323267 0.008332 2.133530
0.571146 0.040607 0.035688 0.019804 0.001108 0.323301 0.008346 2.137539
0.571332 0.040527 0.035731 0.019820 0.001100 0.323129 0.008360 2.141568
0.571440 0.040495 0.035654 0.019800 0.001104 0.323133 0.008373 2.145527
0.571589 0.040399 0.035694 0.019821 0.001099 0.323011 0.008387 2.149497
0.571641 0.040496 0.035710 0.019814 0.001104 0.322835 0.008399 2.153421
0.571735 0.040545 0.035705 0.019734 0.001100 0.322764 0.008417 2.157338
0.571846 0.040436 0.035823 0.019700 0.001108 0.322657 0.008429 2.161353
0.572013 0.040396 0.035869 0.019671 0.001106 0.322503 0.008443 2.165302
0.572142 0.040420 0.035816 0.019663 0.001113 0.322389 0.008456 2.169218
0.572237 0.040358 0.035764 0.019625 0.001103 0.322440 0.008472 2.173230
0.572333 0.040262 0.035782 0.019660 0.001102 0.322374 0.008487 2.177221
0.572516 0.040176 0.035833 0.019662 0.001118 0.322197 0.008499 2.181210
0.572662 0.040154 0.035804 0.019671 0.001118 0.322078 0.008514 2.185137
0.572844 0.040106 0.035835 0.019703 0.001115 0.321870 0.008528 2.189105
0.572859 0.040139 0.035826 0.019649 0.001108 0.321876 0.008544 2.193055
0.572886 0.040067 0.035874 0.019578 0.001106 0.321930 0.008559 2.196999
0.573139 0.039973 0.035831 0.019549 0.001116 0.321824 0.008570 2.200949
0.573196 0.039937 0.035869 0.019535 0.001119 0.321763 0.008582 2.204883
0.573311 0.039919 0.035840 0.019535 0.001132 0.321665 0.008598 2.208824
0.573378 0.039924 0.035792 0.019517 0.001121 0.321655 0.008613 2.212698
0.573515 0.039883 0.035751 0.019482 0.001128 0.321620 0.008622 2.216612
0.573731 0.039844 0.035740 0.019443 0.001133 0.321474 0.008636 2.220500
0.573828 0.039875 0.035733 0.019439 0.001139 0.321338 0.008648 2.224367
0.574040 0.039876 0.035720 0.019444 0.001137 0.321123 0.008661 2.228252
0.574161 0.039876 0.035663 0.019453 0.001137 0.321027 0.008682 2.232170
0.574406 0.039812 0.035643 0.019444 0.001135 0.320863 0.008696 2.236036
0.574553 0.039705 0.035614 0.019454 0.001131 0.320835 0.008710 2.240021
0.574850 0.039578 0.035675 0.019406 0.001128 0.320639 0.008724 2.243987
0.574915 0.039557 0.035699 0.019411 0.001121 0.320558 0.008740 2.247938
0.575104 0.039571 0.035694 0.019397 0.001119 0.320361 0.008753 2.251802
0.575224 0.039559 0.035639 0.019338 0.001105 0.320368 0.008768 2.255667
0.575328 0.039549 0.035627 0.019266 0.001108 0.320342 0.008780 2.259564
0.575529 0.039488 0.035522 0.019244 0.001099 0.320324 0.008794 2.263381
0.575689 0.039515 0.035459 0.019302 0.001099 0.320128 0.008808 2.267254
0.575871 0.039544 0.035412 0.019217 0.001089 0.320043 0.008825 2.271086
0.575974 0.039583 0.035362 0.019238 0.001085 0.319921 0.008839 2.274936
0.576086 0.039510 0.035302 0.019251 0.001089 0.319911 0.008851 2.278807
0.576258 0.039510 0.035247 0.019240 0.001097 0.319788 0.008861 2.282648
0.576490 0.039436 0.035192 0.019235 0.001096 0.319679 0.008872 2.286531
0.576669 0.039367 0.035188 0.019249 0.001093 0.319550 0.008884 2.290393
0.576917 0.039243 0.035162 0.019187 0.001093 0.319505 0.008894 2.294272
0.577103 0.039293 0.035182 0.019151 0.001092 0.319273 0.008906 2.298099
0.577313 0.039291 0.035172 0.019177 0.001096 0.319034 0.008918 2.301978
0.577403 0.039229 0.035169 0.019167 0.001093 0.319008 0.008931 2.305853
0.577466 0.039258 0.035173 0.019182 0.001105 0.318873 0.008942 2.309656
0.577581 0.039234 0.035135 0.019149 0.001097 0.318844 0.008960 2.313502
0.577804 0.039115 0.035095 0.019134 0.001098 0.318784 0.008972 2.317363
0.577957 0.039104 0.035084 0.019087 0.001090 0.318690 0.008986 2.321133
0.578168 0.039088 0.035074 0.019051 0.001086 0.318540 0.008994 2.324951
0.578350 0.039001 0.035075 0.019039 0.001085 0.318441 0.009009 2.328829
0.578576 0.039012 0.034996 0.018977 0.001074 0.318341 0.009023 2.332586
0.578733 0.038977 0.034998 0.018986 0.001074 0.318195 0.009036 2.336444
0.579039 0.038872 0.034972 0.019002 0.001076 0.317993 0.009046 2.340289
0.579283 0.038805 0.034959 0.019017 0.001072 0.317802 0.009062 2.344142
0.579505 0.038719 0.034931 0.019020 0.001085 0.317668 0.009072 2.347975
0.579664 0.038760 0.034859 0.018920 0.001090 0.317623 0.009084 2.351767
0.579921 0.038726 0.034833 0.018911 0.001106 0.317405 0.009099 2.355607
0.580078 0.038671 0.034809 0.018949 0.001105 0.317276 0.009112 2.359446
0.580209 0.038676 0.034787 0.018947 0.001111 0.317145 0.009124 2.363260
0.580354 0.038692 0.034754 0.018931 0.001102 0.317030 0.009138 2.367073
0.580564 0.038635 0.034650 0.019001 0.001098 0.316897 0.009154 2.370899
0.580659 0.038679 0.034689 0.018962 0.001084 0.316754 0.009173 2.374694
0.580945 0.038532 0.034620 0.019037 0.001086 0.316589 0.009189 2.378483
0.581183 0.038594 0.034539 0.018985 0.001084 0.316409 0.009206 2.382175
0.581469 0.038515 0.034478 0.019001 0.001087 0.316231 0.009220 2.385933
0.581667 0.038505 0.034432 0.019014 0.001094 0.316059 0.009229 2.389703
0.581786 0.038478 0.034460 0.018964 0.001088 0.315981 0.009242 2.393530
0.582001 0.038458 0.034432 0.018954 0.001082 0.315812 0.009260 2.397288
0.582211 0.038453 0.034325 0.018937 0.001085 0.315717 0.009272 2.401030
0.582409 0.038375 0.034313 0.018978 0.001078 0.315565 0.009283 2.404868
0.582580 0.038396 0.034288 0.018937 0.001069 0.315438 0.009292 2.408643
0.582756 0.038344 0.034370 0.018903 0.001071 0.315252 0.009303 2.412449
0.582968 0.038465 0.034305 0.018822 0.001074 0.315051 0.009317 2.416114
0.583141 0.038449 0.034263 0.018858 0.001074 0.314887 0.009329 2.419909
0.583224 0.038496 0.034323 0.018823 0.001066 0.314723 0.009345 2.423676
0.583369 0.038479 0.034289 0.018833 0.001071 0.314603 0.009357 2.427436
0.583619 0.038550 0.034204 0.018799 0.001074 0.314384 0.009370 2.431131
0.583841 0.038418 0.034206 0.018872 0.001076 0.314205 0.009382 2.434996
0.584005 0.038491 0.034220 0.018814 0.001084 0.313996 0.009391 2.438718
0.584084 0.038555 0.034201 0.018810 0.001074 0.313870 0.009407 2.442471
0.584192 0.038634 0.034219 0.018768 0.001076 0.313693 0.009420 2.446219
0.584254 0.038706 0.034200 0.018822 0.001078 0.313505 0.009436 2.449987
0.584282 0.038783 0.034138 0.018781 0.001080 0.313485 0.009452 2.453740
0.584331 0.038790 0.034112 0.018793 0.001082 0.313423 0.009470 2.457534
0.584469 0.038759 0.034117 0.018840 0.001084 0.313250 0.009480 2.461336
0.584584 0.038770 0.034210 0.018803 0.001079 0.313061 0.009494 2.465132
0.584719 0.038689 0.034234 0.018838 0.001087 0.312928 0.009506 2.468949
0.584928 0.038629 0.034321 0.018814 0.001082 0.312710 0.009516 2.472751
0.585099 0.038595 0.034267 0.018789 0.001075 0.312645 0.009532 2.476520
0.585136 0.038692 0.034183 0.018775 0.001084 0.312589 0.009541 2.480276
0.585192 0.038713 0.034234 0.018775 0.001092 0.312441 0.009553 2.484076
0.585268 0.038776 0.034206 0.018837 0.001098 0.312248 0.009568 2.487871
0.585421 0.038748 0.034196 0.018879 0.001096 0.312074 0.009587 2.491648
0.585595 0.038714 0.034239 0.018866 0.001092 0.311895 0.009599 2.495454
0.585740 0.038661 0.034177 0.018900 0.001094 0.311814 0.009614 2.499252
0.585941 0.038647 0.034148 0.018899 0.001091 0.311651 0.009624 2.503053
0.586126 0.038632 0.034174 0.018862 0.001096 0.311473 0.009637 2.506838
0.586148 0.038606 0.034289 0.018855 0.001102 0.311354 0.009647 2.510668
0.586248 0.038623 0.034276 0.018874 0.001101 0.311215 0.009662 2.514443
0.586352 0.038645 0.034185 0.018840 0.001100 0.311204 0.009675 2.518209
0.586455 0.038664 0.034175 0.018873 0.001097 0.311051 0.009686 2.522012
0.586494 0.038677 0.034229 0.018898 0.001093 0.310910 0.009699 2.525842
0.586563 0.038744 0.034235 0.018885 0.001085 0.310773 0.009714 2.529571
0.586677 0.038654 0.034259 0.018931 0.001084 0.310669 0.009728 2.533381
0.586691 0.038748 0.034171 0.018932 0.001066 0.310648 0.009745 2.537186
0.586736 0.038763 0.034214 0.018904 0.001070 0.310557 0.009758 2.541000
0.586816 0.038759 0.034216 0.018868 0.001077 0.310492 0.009773 2.544831
0.586808 0.038798 0.034227 0.018861 0.001086 0.310436 0.009784 2.548674
0.586822 0.038825 0.034220 0.018828 0.001084 0.310424 0.009797 2.552485
0.586993 0.038794 0.034256 0.018787 0.001094 0.310265 0.009811 2.556288
0.587050 0.038834 0.034239 0.018767 0.001086 0.310197 0.009826 2.560075
0.587052 0.038785 0.034278 0.018782 0.001082 0.310180 0.009841 2.563952
0.587216 0.038715 0.034297 0.018823 0.001072 0.310024 0.009853 2.567773
0.587209 0.038832 0.034382 0.018803 0.001063 0.309844 0.009867 2.571572
0.587164 0.038852 0.034328 0.018843 0.001069 0.309866 0.009879 2.575403
0.587207 0.038800 0.034410 0.018865 0.001076 0.309754 0.009888 2.579289
0.587272 0.038860 0.034436 0.018831 0.001077 0.309621 0.009902 2.583061
0.587328 0.038933 0.034355 0.018730 0.001085 0.309654 0.009916 2.586742
0.587253 0.038953 0.034360 0.018700 0.001079 0.309724 0.009931 2.590571
0.587249 0.038966 0.034469 0.018700 0.001084 0.309590 0.009943 2.594412
0.587341 0.039030 0.034459 0.018673 0.001095 0.309448 0.009956 2.598132
0.587357 0.039015 0.034396 0.018695 0.001093 0.309473 0.009971 2.601964
0.587417 0.038955 0.034454 0.018689 0.001097 0.309401 0.009987 2.605847
0.587411 0.039056 0.034360 0.018673 0.001100 0.309400 0.009999 2.609580
0.587577 0.038954 0.034468 0.018661 0.001107 0.309226 0.010009 2.613484
0.587748 0.038809 0.034565 0.018681 0.001108 0.309068 0.010021 2.617378
0.587816 0.038732 0.034557 0.018730 0.001109 0.309021 0.010035 2.621234
0.587911 0.038780 0.034515 0.018749 0.001106 0.308888 0.010049 2.625016
0.587944 0.038716 0.034554 0.018730 0.001099 0.308890 0.010067 2.628875
0.587969 0.038769 0.034505 0.018705 0.001101 0.308872 0.010080 2.632633
0.587983 0.038911 0.034486 0.018692 0.001099 0.308741 0.010089 2.636371
0.587957 0.038949 0.034555 0.018707 0.001093 0.308638 0.010103 2.640203
0.588040 0.039005 0.034539 0.018703 0.001083 0.308514 0.010115 2.643971
0.588134 0.039025 0.034564 0.018630 0.001091 0.308434 0.010123 2.647770
0.588228 0.039029 0.034514 0.018669 0.001084 0.308339 0.010137 2.651566
0.588226 0.038960 0.034588 0.018738 0.001085 0.308253 0.010150 2.655462
0.588222 0.038945 0.034602 0.018766 0.001080 0.308225 0.010160 2.659346
0.588141 0.038964 0.034653 0.018811 0.001079 0.308180 0.010173 2.663206
0.588197 0.038961 0.034605 0.018778 0.001072 0.308200 0.010187 2.666983
0.588234 0.038951 0.034616 0.018717 0.001074 0.308203 0.010205 2.670772
0.588226 0.038946 0.034714 0.018708 0.001078 0.308109 0.010219 2.674612
0.588225 0.038954 0.034700 0.018683 0.001073 0.308134 0.010231 2.678459
0.588271 0.038967 0.034702 0.018679 0.001071 0.308064 0.010247 2.682238
0.588242 0.039041 0.034778 0.018678 0.001068 0.307934 0.010259 2.686091
0.588209 0.039095 0.034711 0.018720 0.001077 0.307917 0.010270 2.689902
0.588271 0.039019 0.034732 0.018703 0.001069 0.307924 0.010284 2.693753
0.588428 0.038984 0.034768 0.018717 0.001062 0.307745 0.010296 2.697552
0.588435 0.039000 0.034716 0.018710 0.001059 0.307773 0.010306 2.701342
0.588414 0.039028 0.034638 0.018793 0.001070 0.307740 0.010318 2.705166
0.588368 0.039132 0.034602 0.018791 0.001083 0.307695 0.010329 2.708947
0.588363 0.039116 0.034626 0.018814 0.001089 0.307655 0.010338 2.712776
0.588240 0.039248 0.034623 0.018785 0.001074 0.307675 0.010356 2.716534
0.588263 0.039228 0.034610 0.018825 0.001077 0.307628 0.010369 2.720361
0.588287 0.039248 0.034554 0.018876 0.001077 0.307577 0.010381 2.724230
0.588286 0.039319 0.034460 0.018881 0.001066 0.307590 0.010400 2.727996
0.588352 0.039228 0.034532 0.018939 0.001068 0.307467 0.010413 2.731876
0.588442 0.039150 0.034590 0.018973 0.001079 0.307341 0.010425 2.735773
0.588547 0.039200 0.034617 0.018984 0.001075 0.307137 0.010440 2.739545
0.588467 0.039260 0.034629 0.018993 0.001069 0.307131 0.010450 2.743414
0.588443 0.039316 0.034634 0.019017 0.001072 0.307058 0.010461 2.747229
0.588407 0.039290 0.034670 0.019003 0.001076 0.307077 0.010477 2.751094
0.588446 0.039321 0.034655 0.018950 0.001067 0.307070 0.010491 2.754909
0.588574 0.039244 0.034633 0.018985 0.001073 0.306987 0.010505 2.758781
0.588604 0.039317 0.034661 0.019007 0.001076 0.306819 0.010517 2.762573
0.588507 0.039462 0.034605 0.018956 0.001093 0.306848 0.010528 2.766351
0.588492 0.039518 0.034604 0.019049 0.001086 0.306708 0.010542 2.770201
0.588516 0.039493 0.034642 0.019009 0.001080 0.306705 0.010555 2.774074
0.588527 0.039453 0.034657 0.019061 0.001079 0.306659 0.010566 2.777915
0.588437 0.039483 0.034735 0.019026 0.001084 0.306653 0.010582 2.781772
0.588326 0.039520 0.034800 0.019044 0.001078 0.306637 0.010597 2.785643
0.588245 0.039519 0.034860 0.019056 0.001085 0.306629 0.010607 2.789528
0.588263 0.039463 0.034927 0.019087 0.001091 0.306553 0.010618 2.793449
0.588271 0.039432 0.034917 0.019068 0.001100 0.306585 0.010628 2.797325
0.588220 0.039390 0.034896 0.019134 0.001104 0.306618 0.010639 2.801225
0.588197 0.039396 0.034834 0.019061 0.001092 0.306767 0.010652 2.804994
0.588132 0.039403 0.034838 0.019029 0.001088 0.306849 0.010661 2.808871
0.588191 0.039382 0.034809 0.019013 0.001098 0.306832 0.010676 2.812676
0.588192 0.039291 0.034845 0.019025 0.001098 0.306862 0.010688 2.816568
0.588253 0.039186 0.034894 0.018986 0.001094 0.306884 0.010705 2.820510
0.588169 0.039237 0.034965 0.018962 0.001090 0.306852 0.010724 2.824350
0.588137 0.039195 0.034985 0.018955 0.001093 0.306901 0.010735 2.828218
0.588167 0.039176 0.034946 0.018971 0.001103 0.306888 0.010748 2.832071
0.588174 0.039161 0.034974 0.018935 0.001107 0.306894 0.010756 2.835917
0.588196 0.039138 0.035006 0.018917 0.001098 0.306873 0.010770 2.839791
0.588275 0.039114 0.035002 0.018916 0.001097 0.306815 0.010781 2.843579
0.588289 0.039096 0.034962 0.018912 0.001102 0.306848 0.010791 2.847399
0.588285 0.039008 0.035025 0.018955 0.001110 0.306818 0.010799 2.851293
0.588315 0.038996 0.034911 0.018938 0.001099 0.306924 0.010816 2.855074
0.588275 0.039041 0.035020 0.018916 0.001092 0.306828 0.010828 2.858906
0.588410 0.038999 0.035072 0.018876 0.001086 0.306715 0.010842 2.862734
0.588540 0.038938 0.034966 0.018893 0.001083 0.306722 0.010857 2.866523
0.588444 0.038988 0.034998 0.018870 0.001088 0.306742 0.010870 2.870339
0.588414 0.039009 0.034959 0.018880 0.001082 0.306773 0.010883 2.874168
0.588445 0.039038 0.034914 0.018872 0.001070 0.306767 0.010895 2.877987
0.588426 0.039033 0.034913 0.018853 0.001076 0.306790 0.010908 2.881844
0.588362 0.038982 0.034962 0.018825 0.001077 0.306869 0.010923 2.885728
0.588491 0.038944 0.034872 0.018835 0.001080 0.306846 0.010933 2.889547
0.588510 0.038908 0.034859 0.018874 0.001071 0.306829 0.010948 2.893375
0.588503 0.038878 0.034848 0.018897 0.001072 0.306841 0.010960 2.897204
0.588579 0.038807 0.034903 0.018904 0.001072 0.306756 0.010979 2.901036
0.588492 0.038872 0.034848 0.018907 0.001068 0.306822 0.010991 2.904819
0.588558 0.038830 0.034868 0.018890 0.001070 0.306783 0.011002 2.908641
0.588526 0.038836 0.034885 0.018830 0.001082 0.306828 0.011014 2.912507
0.588511 0.038959 0.034846 0.018822 0.001084 0.306752 0.011028 2.916251
0.588620 0.038988 0.034711 0.018817 0.001085 0.306744 0.011036 2.920015
0.588656 0.039048 0.034679 0.018845 0.001084 0.306637 0.011052 2.923793
0.588722 0.039052 0.034653 0.018857 0.001086 0.306565 0.011064 2.927580
0.588826 0.038953 0.034610 0.018909 0.001078 0.306547 0.011077 2.931482
0.588857 0.038949 0.034643 0.018921 0.001074 0.306466 0.011089 2.935349
0.588873 0.038963 0.034588 0.018924 0.001072 0.306477 0.011104 2.939156
0.588843 0.039060 0.034487 0.018902 0.001075 0.306519 0.011116 2.942911
0.588819 0.039120 0.034454 0.018921 0.001079 0.306478 0.011130 2.946719
0.588887 0.039107 0.034451 0.018937 0.001074 0.306397 0.011147 2.950521
0.588805 0.039146 0.034474 0.018943 0.001079 0.306394 0.011159 2.954408
0.588895 0.039037 0.034496 0.018956 0.001085 0.306357 0.011173 2.958264
0.588934 0.039028 0.034539 0.018911 0.001103 0.306301 0.011184 2.962085
0.588856 0.039060 0.034566 0.018976 0.001114 0.306233 0.011195 2.965974
0.588952 0.038990 0.034638 0.018953 0.001115 0.306143 0.011209 2.969812
0.588958 0.038991 0.034619 0.018958 0.001106 0.306148 0.011221 2.973634
0.588917 0.038911 0.034717 0.018984 0.001098 0.306134 0.011239 2.977554
0.588960 0.038946 0.034690 0.018985 0.001093 0.306069 0.011257 2.981346
0.588976 0.039011 0.034587 0.018985 0.001086 0.306082 0.011273 2.985104
0.589033 0.038978 0.034555 0.018993 0.001086 0.306072 0.011284 2.988956
0.589029 0.038988 0.034637 0.019028 0.001082 0.305938 0.011298 2.992828
0.588919 0.039072 0.034621 0.019027 0.001083 0.305969 0.011310 2.996627
0.588902 0.039161 0.034567 0.019044 0.001094 0.305910 0.011322 3.000416
0.588921 0.039303 0.034478 0.019015 0.001091 0.305857 0.011336 3.004155
0.588886 0.039342 0.034484 0.018988 0.001094 0.305856 0.011349 3.008003
0.588888 0.039343 0.034503 0.019017 0.001097 0.305791 0.011362 3.011823
0.588884 0.039342 0.034461 0.019078 0.001084 0.305777 0.011374 3.015696
0.588802 0.039353 0.034461 0.019129 0.001079 0.305787 0.011389 3.019549
0.588838 0.039281 0.034536 0.019099 0.001092 0.305751 0.011402 3.023432
0.588742 0.039294 0.034582 0.019107 0.001086 0.305775 0.011415 3.027309
0.588572 0.039306 0.034598 0.019093 0.001088 0.305912 0.011433 3.031142
0.588641 0.039247 0.034647 0.019104 0.001078 0.305834 0.011448 3.035004
0.588602 0.039272 0.034631 0.019083 0.001084 0.305871 0.011458 3.038819
0.588578 0.039219 0.034620 0.019102 0.001089 0.305923 0.011469 3.042694
0.588560 0.039154 0.034663 0.019109 0.001098 0.305936 0.011479 3.046592
0.588499 0.039199 0.034727 0.019056 0.001102 0.305919 0.011497 3.050466
0.588517 0.039203 0.034697 0.019072 0.001114 0.305889 0.011507 3.054309
0.588372 0.039409 0.034647 0.018993 0.001120 0.305940 0.011520 3.058079
0.588334 0.039330 0.034610 0.019007 0.001128 0.306061 0.011531 3.061940
0.588276 0.039349 0.034596 0.018954 0.001125 0.306152 0.011548 3.065813
0.588129 0.039399 0.034676 0.018926 0.001127 0.306184 0.011559 3.069701
0.588093 0.039327 0.034758 0.018940 0.001126 0.306189 0.011569 3.073611
0.588178 0.039263 0.034773 0.018929 0.001121 0.306154 0.011583 3.077497
0.588173 0.039320 0.034722 0.018900 0.001116 0.306173 0.011595 3.081286
0.588136 0.039215 0.034781 0.018938 0.001110 0.306208 0.011612 3.085179
0.588118 0.039186 0.034787 0.018949 0.001110 0.306224 0.011627 3.089052
0.588174 0.039158 0.034708 0.018982 0.001102 0.306235 0.011642 3.092879
0.588184 0.039160 0.034663 0.018914 0.001093 0.306330 0.011656 3.096702
0.588162 0.039186 0.034674 0.018934 0.001084 0.306289 0.011672 3.100541
0.588143 0.039236 0.034600 0.018900 0.001080 0.306356 0.011685 3.104323
0.588197 0.039085 0.034727 0.018895 0.001064 0.306331 0.011700 3.108233
0.588181 0.039041 0.034655 0.018933 0.001067 0.306413 0.011711 3.112078
0.588316 0.038954 0.034556 0.018919 0.001071 0.306462 0.011724 3.115856
0.588330 0.038944 0.034483 0.018957 0.001061 0.306486 0.011740 3.119649
0.588357 0.038931 0.034447 0.018918 0.001060 0.306535 0.011754 3.123462
0.588514 0.038774 0.034492 0.018956 0.001066 0.306435 0.011763 3.127312
0.588581 0.038816 0.034457 0.018985 0.001073 0.306314 0.011775 3.131057
0.588608 0.038975 0.034428 0.018887 0.001067 0.306234 0.011801 3.134733
0.588628 0.039016 0.034372 0.018906 0.001057 0.306209 0.011813 3.138480
0.588607 0.038983 0.034454 0.018915 0.001054 0.306162 0.011827 3.142352
0.588659 0.038873 0.034489 0.018929 0.001058 0.306151 0.011842 3.146200
0.588657 0.038893 0.034474 0.018895 0.001057 0.306169 0.011854 3.150009
0.588680 0.038796 0.034533 0.018897 0.001059 0.306171 0.011865 3.153909
0.588661 0.038767 0.034564 0.018872 0.001051 0.306206 0.011879 3.157743
0.588871 0.038690 0.034526 0.018873 0.001051 0.306092 0.011897 3.161526
0.588845 0.038788 0.034443 0.018830 0.001045 0.306144 0.011906 3.165225
0.588824 0.038851 0.034443 0.018812 0.001039 0.306110 0.011921 3.169065
0.588936 0.038790 0.034462 0.018800 0.001045 0.306037 0.011930 3.172862
0.588911 0.038830 0.034527 0.018787 0.001054 0.305945 0.011947 3.176695
0.589066 0.038738 0.034517 0.018808 0.001049 0.305860 0.011963 3.180559
0.589094 0.038825 0.034507 0.018787 0.001039 0.305769 0.011979 3.184340
0.588994 0.038907 0.034513 0.018783 0.001038 0.305775 0.011990 3.188117
0.588945 0.038901 0.034522 0.018773 0.001051 0.305809 0.011999 3.191958
0.588947 0.038793 0.034583 0.018805 0.001063 0.305796 0.012012 3.195839
0.588944 0.038734 0.034606 0.018847 0.001069 0.305774 0.012024 3.199668
0.588869 0.038803 0.034586 0.018807 0.001073 0.305825 0.012036 3.203448
0.588896 0.038804 0.034607 0.018813 0.001070 0.305761 0.012049 3.207266
0.589020 0.038863 0.034588 0.018785 0.001069 0.305614 0.012061 3.211023
0.589160 0.038808 0.034466 0.018742 0.001078 0.305675 0.012072 3.214808
0.589068 0.038837 0.034467 0.018757 0.001093 0.305695 0.012084 3.218622
0.589180 0.038712 0.034445 0.018749 0.001092 0.305725 0.012098 3.222485
0.589263 0.038756 0.034470 0.018767 0.001080 0.305554 0.012110 3.226258
0.589292 0.038692 0.034449 0.018832 0.001079 0.305532 0.012124 3.230088
0.589344 0.038697 0.034477 0.018791 0.001079 0.305477 0.012135 3.233872
0.589365 0.038711 0.034454 0.018849 0.001073 0.305398 0.012149 3.237653
0.589367 0.038689 0.034397 0.018874 0.001072 0.305438 0.012164 3.241428
0.589484 0.038676 0.034373 0.018847 0.001084 0.305364 0.012173 3.245180
0.589567 0.038602 0.034351 0.018884 0.001085 0.305326 0.012187 3.248979
0.589552 0.038562 0.034364 0.018832 0.001079 0.305410 0.012201 3.252782
0.589705 0.038506 0.034358 0.018829 0.001069 0.305323 0.012211 3.256568
0.589768 0.038604 0.034389 0.018821 0.001066 0.305126 0.012225 3.260304
0.589903 0.038598 0.034394 0.018793 0.001066 0.305005 0.012241 3.264075
0.590021 0.038593 0.034358 0.018757 0.001062 0.304957 0.012254 3.267843
0.590025 0.038641 0.034351 0.018786 0.001059 0.304871 0.012268 3.271651
0.590003 0.038652 0.034370 0.018761 0.001062 0.304878 0.012274 3.275446
0.589999 0.038680 0.034339 0.018738 0.001062 0.304897 0.012286 3.279221
0.590043 0.038701 0.034371 0.018738 0.001059 0.304790 0.012298 3.283018
0.590015 0.038760 0.034234 0.018754 0.001059 0.304863 0.012314 3.286749
0.590034 0.038786 0.034242 0.018756 0.001063 0.304793 0.012327 3.290561
0.590081 0.038715 0.034205 0.018825 0.001055 0.304780 0.012339 3.294404
0.590068 0.038688 0.034220 0.018798 0.001051 0.304822 0.012351 3.298194
0.590149 0.038610 0.034250 0.018800 0.001046 0.304782 0.012364 3.302019
0.590244 0.038567 0.034196 0.018748 0.001045 0.304824 0.012377 3.305772
0.590269 0.038534 0.034265 0.018776 0.001039 0.304722 0.012395 3.309613
0.590178 0.038652 0.034263 0.018799 0.001043 0.304659 0.012406 3.313358
0.590251 0.038565 0.034234 0.018785 0.001043 0.304705 0.012418 3.317138
0.590287 0.038551 0.034234 0.018730 0.001045 0.304727 0.012428 3.320936
0.590236 0.038580 0.034259 0.018765 0.001047 0.304675 0.012439 3.324772
0.590265 0.038539 0.034293 0.018823 0.001051 0.304582 0.012448 3.328632
0.590371 0.038575 0.034395 0.018831 0.001051 0.304315 0.012462 3.332365
0.590351 0.038667 0.034357 0.018814 0.001054 0.304280 0.012478 3.336108
0.590374 0.038660 0.034368 0.018831 0.001054 0.304224 0.012488 3.339945
0.590426 0.038598 0.034409 0.018817 0.001058 0.304192 0.012501 3.343738
0.590433 0.038679 0.034341 0.018800 0.001061 0.304174 0.012512 3.347504
0.590368 0.038735 0.034419 0.018769 0.001061 0.304119 0.012528 3.351298
0.590342 0.038792 0.034374 0.018816 0.001067 0.304071 0.012538 3.355094
0.590228 0.038854 0.034395 0.018776 0.001066 0.304135 0.012548 3.358875
0.590204 0.038872 0.034348 0.018846 0.001068 0.304103 0.012561 3.362675
0.590218 0.038820 0.034377 0.018837 0.001056 0.304114 0.012578 3.366534
0.590133 0.038911 0.034352 0.018829 0.001053 0.304135 0.012588 3.370316
0.590014 0.038912 0.034417 0.018771 0.001056 0.304231 0.012600 3.374143
0.589978 0.038993 0.034470 0.018714 0.001047 0.304186 0.012611 3.377896
0.589923 0.039173 0.034450 0.018692 0.001033 0.304103 0.012626 3.381636
0.589955 0.039075 0.034514 0.018743 0.001040 0.304036 0.012637 3.385501
0.589892 0.039142 0.034569 0.018759 0.001044 0.303947 0.012647 3.389328
0.589817 0.039197 0.034557 0.018746 0.001053 0.303974 0.012657 3.393110
0.589885 0.039208 0.034562 0.018758 0.001048 0.303866 0.012675 3.396920
0.589833 0.039259 0.034558 0.018790 0.001048 0.303822 0.012691 3.400749
0.589766 0.039220 0.034511 0.018842 0.001044 0.303919 0.012699 3.404613
0.589743 0.039253 0.034485 0.018795 0.001042 0.303970 0.012713 3.408406
0.589639 0.039304 0.034521 0.018782 0.001038 0.303993 0.012723 3.412264
0.589590 0.039207 0.034528 0.018844 0.001051 0.304046 0.012736 3.416224
0.589530 0.039125 0.034516 0.018942 0.001051 0.304088 0.012748 3.420128
0.589443 0.039060 0.034567 0.018871 0.001048 0.304247 0.012765 3.423995
0.589357 0.039085 0.034604 0.018874 0.001038 0.304262 0.012782 3.427856
0.589319 0.039008 0.034612 0.018871 0.001042 0.304354 0.012793 3.431689
0.589312 0.038979 0.034571 0.018903 0.001034 0.304393 0.012809 3.435500
0.589351 0.038969 0.034608 0.018919 0.001034 0.304297 0.012822 3.439302
0.589331 0.039037 0.034582 0.018917 0.001032 0.304264 0.012837 3.443089
0.589372 0.039107 0.034581 0.018907 0.001036 0.304150 0.012847 3.446859
0.589352 0.039230 0.034541 0.018915 0.001047 0.304057 0.012858 3.450640
0.589258 0.039230 0.034606 0.018916 0.001045 0.304076 0.012869 3.454495
0.589160 0.039250 0.034658 0.018912 0.001060 0.304084 0.012875 3.458343
0.589051 0.039313 0.034771 0.018910 0.001053 0.304012 0.012890 3.462195
0.588970 0.039254 0.034822 0.019007 0.001060 0.303987 0.012902 3.466113
0.588797 0.039306 0.034810 0.019051 0.001053 0.304068 0.012915 3.470022
0.588728 0.039362 0.034796 0.019100 0.001055 0.304033 0.012926 3.473872
0.588668 0.039371 0.034807 0.019129 0.001055 0.304034 0.012936 3.477733
0.588678 0.039287 0.034811 0.019100 0.001056 0.304119 0.012950 3.481646
0.588652 0.039279 0.034733 0.019176 0.001046 0.304149 0.012966 3.485508
0.588665 0.039332 0.034654 0.019114 0.001047 0.304210 0.012978 3.489275
0.588520 0.039446 0.034663 0.019094 0.001058 0.304232 0.012987 3.493094
0.588470 0.039504 0.034644 0.019076 0.001055 0.304252 0.012998 3.496893
0.588500 0.039518 0.034594 0.019058 0.001048 0.304267 0.013015 3.500706
0.588497 0.039455 0.034630 0.019085 0.001045 0.304260 0.013029 3.504571
0.588325 0.039442 0.034720 0.019133 0.001045 0.304293 0.013041 3.508493
0.588272 0.039448 0.034682 0.019194 0.001048 0.304307 0.013049 3.512332
0.588218 0.039439 0.034647 0.019203 0.001063 0.304367 0.013062 3.516218
0.588213 0.039434 0.034581 0.019178 0.001071 0.304446 0.013077 3.520038
0.588019 0.039509 0.034546 0.019139 0.001068 0.304628 0.013091 3.523855
0.588099 0.039433 0.034615 0.019206 0.001070 0.304478 0.013099 3.527701
0.588105 0.039469 0.034650 0.019160 0.001069 0.304436 0.013110 3.531516
0.588139 0.039423 0.034645 0.019149 0.001061 0.304457 0.013126 3.535386
0.588032 0.039469 0.034683 0.019172 0.001058 0.304447 0.013140 3.539261
0.587895 0.039426 0.034677 0.019197 0.001044 0.304604 0.013157 3.543180
0.587969 0.039405 0.034710 0.019173 0.001049 0.304527 0.013169 3.547021
0.587930 0.039365 0.034708 0.019183 0.001048 0.304588 0.013178 3.550906
0.587932 0.039408 0.034755 0.019088 0.001045 0.304583 0.013189 3.554741
0.587915 0.039335 0.034835 0.019075 0.001048 0.304589 0.013203 3.558678
0.587862 0.039288 0.034844 0.019072 0.001045 0.304676 0.013213 3.562549
0.587816 0.039232 0.034848 0.019088 0.001041 0.304750 0.013226 3.566415
0.587858 0.039100 0.034868 0.019128 0.001040 0.304767 0.013238 3.570318
0.587833 0.039009 0.034872 0.019149 0.001033 0.304852 0.013252 3.574200
0.587870 0.039016 0.034846 0.019132 0.001036 0.304836 0.013264 3.577986
0.587982 0.038940 0.034825 0.019121 0.001039 0.304816 0.013275 3.581816
0.587967 0.038885 0.034880 0.019106 0.001037 0.304838 0.013288 3.585670
0.588079 0.038815 0.034847 0.019040 0.001026 0.304893 0.013301 3.589500
0.588123 0.038725 0.034869 0.019061 0.001029 0.304883 0.013311 3.593347
0.588086 0.038664 0.034867 0.019008 0.001026 0.305024 0.013325 3.597205
0.588093 0.038631 0.034809 0.018987 0.001038 0.305105 0.013337 3.600959
0.588121 0.038684 0.034765 0.018931 0.001040 0.305108 0.013353 3.604730
0.588225 0.038614 0.034706 0.018890 0.001058 0.305148 0.013360 3.608536
0.588323 0.038540 0.034722 0.018937 0.001059 0.305045 0.013375 3.612362
0.588394 0.038554 0.034635 0.018904 0.001065 0.305065 0.013384 3.616108
0.588575 0.038458 0.034593 0.018917 0.001068 0.304996 0.013391 3.619916
0.588663 0.038447 0.034551 0.018928 0.001069 0.304941 0.013401 3.623697
0.588581 0.038464 0.034619 0.018894 0.001074 0.304959 0.013409 3.627518
0.588635 0.038388 0.034526 0.018916 0.001088 0.305028 0.013420 3.631339
0.588680 0.038327 0.034457 0.018932 0.001087 0.305084 0.013432 3.635108
0.588684 0.038429 0.034320 0.018872 0.001081 0.305167 0.013447 3.638762
0.588677 0.038464 0.034296 0.018854 0.001085 0.305163 0.013460 3.642507
0.588763 0.038312 0.034341 0.018942 0.001089 0.305081 0.013471 3.646391
0.588803 0.038332 0.034271 0.018936 0.001076 0.305098 0.013485 3.650129
0.588875 0.038304 0.034244 0.018925 0.001074 0.305077 0.013499 3.653912
0.588950 0.038370 0.034191 0.018913 0.001075 0.304983 0.013517 3.657622
0.588987 0.038291 0.034263 0.018847 0.001075 0.305009 0.013527 3.661451
0.589047 0.038318 0.034312 0.018813 0.001071 0.304901 0.013538 3.665206
0.589043 0.038272 0.034307 0.018812 0.001072 0.304945 0.013550 3.668994
0.589135 0.038284 0.034283 0.018740 0.001062 0.304929 0.013568 3.672727
0.589128 0.038308 0.034253 0.018816 0.001063 0.304853 0.013579 3.676473
