0.360937 0.062164 0.055063 0.031430 0.002051 0.482613 0.005743 1.584978
0.362162 0.060894 0.055014 0.031382 0.002066 0.482711 0.005771 1.591060
0.363877 0.059399 0.054842 0.031227 0.002056 0.482800 0.005799 1.596935
0.365852 0.057633 0.054743 0.030980 0.002048 0.482922 0.005824 1.602741
0.367957 0.055992 0.054469 0.030694 0.002038 0.483004 0.005847 1.608284
0.370128 0.054497 0.054102 0.030391 0.002020 0.482989 0.005872 1.613673
0.372455 0.052986 0.053676 0.030009 0.002030 0.482947 0.005897 1.618901
0.374927 0.051383 0.053185 0.029728 0.002028 0.482816 0.005933 1.624054
0.377421 0.049892 0.052608 0.029332 0.002010 0.482781 0.005956 1.628997
0.380065 0.048471 0.051997 0.028961 0.002001 0.482517 0.005988 1.633832
0.382684 0.047318 0.051208 0.028453 0.002000 0.482324 0.006014 1.638334
0.385393 0.046041 0.050497 0.028034 0.001994 0.482001 0.006041 1.642899
0.388191 0.044903 0.049712 0.027603 0.001983 0.481545 0.006063 1.647319
0.391031 0.043666 0.049037 0.027196 0.001967 0.481008 0.006094 1.651701
0.393866 0.042609 0.048353 0.026760 0.001958 0.480327 0.006126 1.655913
0.396722 0.041618 0.047507 0.026304 0.001952 0.479742 0.006154 1.660030
0.399563 0.040617 0.046776 0.025827 0.001947 0.479085 0.006184 1.664105
0.402661 0.039594 0.045961 0.025392 0.001930 0.478251 0.006211 1.668090
0.405720 0.038711 0.045273 0.024959 0.001930 0.477177 0.006231 1.671957
0.408824 0.037954 0.044532 0.024497 0.001918 0.476022 0.006253 1.675717
0.411896 0.037204 0.043825 0.024095 0.001905 0.474796 0.006280 1.679422
0.415114 0.036496 0.043056 0.023680 0.001905 0.473450 0.006300 1.683009
0.418046 0.035913 0.042327 0.023256 0.001898 0.472239 0.006320 1.686591
0.421182 0.035298 0.041549 0.022863 0.001879 0.470891 0.006339 1.690054
0.424255 0.034774 0.040758 0.022468 0.001854 0.469528 0.006362 1.693384
0.427141 0.034256 0.040081 0.022075 0.001827 0.468232 0.006389 1.696832
0.430206 0.033752 0.039330 0.021764 0.001806 0.466728 0.006414 1.700137
0.433201 0.033295 0.038706 0.021390 0.001782 0.465183 0.006443 1.703409
0.436101 0.032803 0.038124 0.021053 0.001744 0.463703 0.006472 1.706726
0.439103 0.032466 0.037509 0.020647 0.001737 0.462049 0.006490 1.709893
0.442257 0.032010 0.036910 0.020305 0.001718 0.460291 0.006509 1.713065
0.445176 0.031718 0.036259 0.019962 0.001686 0.458661 0.006538 1.716181
0.448240 0.031433 0.035745 0.019610 0.001657 0.456751 0.006563 1.719240
0.451243 0.031118 0.035202 0.019353 0.001644 0.454855 0.006585 1.722306
0.454233 0.030798 0.034708 0.019067 0.001627 0.452956 0.006609 1.725389
0.457089 0.030632 0.034182 0.018767 0.001603 0.451097 0.006630 1.728369
0.460010 0.030390 0.033688 0.018495 0.001591 0.449172 0.006653 1.731338
0.462782 0.030195 0.033236 0.018248 0.001570 0.447301 0.006669 1.734324
0.465543 0.030021 0.032765 0.017991 0.001550 0.445440 0.006690 1.737284
0.468297 0.029872 0.032368 0.017728 0.001535 0.443490 0.006710 1.740243
0.471024 0.029674 0.031971 0.017519 0.001534 0.441553 0.006726 1.743171
0.473712 0.029562 0.031538 0.017332 0.001527 0.439585 0.006744 1.746091
0.476416 0.029429 0.031146 0.017135 0.001519 0.437594 0.006761 1.748985
0.479145 0.029377 0.030773 0.016958 0.001499 0.435463 0.006785 1.751826
0.481810 0.029309 0.030362 0.016803 0.001471 0.433435 0.006810 1.754670
0.484420 0.029303 0.030037 0.016632 0.001459 0.431324 0.006826 1.757535
0.487027 0.029242 0.029776 0.016443 0.001438 0.429231 0.006843 1.760370
0.489557 0.029239 0.029459 0.016248 0.001436 0.427200 0.006861 1.763155
0.492072 0.029198 0.029293 0.016146 0.001417 0.424995 0.006880 1.766050
0.494581 0.029103 0.029046 0.016018 0.001399 0.422955 0.006897 1.768938
0.496948 0.029188 0.028844 0.015919 0.001377 0.420806 0.006916 1.771734
0.499291 0.029193 0.028697 0.015812 0.001369 0.418703 0.006935 1.774607
0.501736 0.029151 0.028514 0.015722 0.001359 0.416568 0.006950 1.777508
0.504152 0.029068 0.028345 0.015635 0.001345 0.414488 0.006966 1.780429
0.506510 0.029004 0.028211 0.015604 0.001321 0.412364 0.006987 1.783312
0.508732 0.029052 0.028091 0.015523 0.001303 0.410296 0.007004 1.786182
0.510910 0.029219 0.027886 0.015424 0.001288 0.408256 0.007018 1.788936
0.513037 0.029310 0.027776 0.015347 0.001265 0.406229 0.007035 1.791814
0.515052 0.029347 0.027687 0.015350 0.001254 0.404259 0.007051 1.794778
0.517201 0.029428 0.027552 0.015252 0.001237 0.402266 0.007065 1.797609
0.519233 0.029461 0.027440 0.015230 0.001220 0.400336 0.007079 1.800553
0.521244 0.029558 0.027372 0.015138 0.001203 0.398392 0.007093 1.803417
0.523143 0.029731 0.027281 0.015048 0.001197 0.396495 0.007105 1.806279
0.525062 0.029887 0.027203 0.014971 0.001186 0.394572 0.007119 1.809166
0.527002 0.030023 0.027109 0.014907 0.001178 0.392653 0.007128 1.812055
0.528706 0.030200 0.026996 0.014917 0.001171 0.390865 0.007145 1.814968
0.530459 0.030347 0.026940 0.014902 0.001160 0.389034 0.007159 1.817932
0.532091 0.030564 0.026913 0.014915 0.001154 0.387189 0.007174 1.820908
0.533917 0.030712 0.026975 0.014876 0.001144 0.385188 0.007188 1.823902
0.535580 0.030858 0.027037 0.014898 0.001129 0.383293 0.007203 1.826957
0.537167 0.030978 0.027067 0.014857 0.001131 0.381585 0.007214 1.829992
0.538733 0.031162 0.027072 0.014792 0.001119 0.379889 0.007232 1.833010
0.540262 0.031396 0.027098 0.014791 0.001119 0.378092 0.007244 1.836036
0.541876 0.031505 0.027140 0.014831 0.001112 0.376278 0.007258 1.839124
0.543281 0.031707 0.027206 0.014855 0.001104 0.374573 0.007273 1.842197
0.544714 0.031807 0.027255 0.014929 0.001092 0.372913 0.007291 1.845347
0.545978 0.032063 0.027302 0.014955 0.001073 0.371323 0.007306 1.848440
0.547329 0.032189 0.027403 0.014992 0.001066 0.369700 0.007321 1.851556
0.548601 0.032473 0.027428 0.015045 0.001063 0.368053 0.007337 1.854644
0.549920 0.032545 0.027498 0.015064 0.001058 0.366565 0.007350 1.857805
0.551163 0.032750 0.027551 0.015119 0.001053 0.365002 0.007363 1.860945
0.552258 0.033061 0.027638 0.015185 0.001044 0.363440 0.007373 1.864155
0.553314 0.033219 0.027809 0.015223 0.001035 0.362013 0.007387 1.867428
0.554400 0.033367 0.027862 0.015319 0.001021 0.360629 0.007403 1.870745
0.555377 0.033587 0.027966 0.015375 0.001020 0.359265 0.007410 1.873996
0.556398 0.033805 0.028051 0.015484 0.001021 0.357818 0.007425 1.877276
0.557304 0.034051 0.028200 0.015545 0.001021 0.356438 0.007441 1.880587
0.558193 0.034259 0.028384 0.015614 0.001023 0.355076 0.007452 1.883940
0.559099 0.034432 0.028511 0.015707 0.001022 0.353764 0.007465 1.887327
0.559948 0.034644 0.028627 0.015758 0.001020 0.352525 0.007478 1.890635
0.560638 0.034890 0.028750 0.015858 0.001012 0.351357 0.007493 1.894080
0.561370 0.035128 0.028917 0.015887 0.001013 0.350180 0.007505 1.897467
0.562186 0.035313 0.029008 0.015965 0.001017 0.348994 0.007517 1.900830
0.562895 0.035555 0.029135 0.016043 0.001011 0.347829 0.007532 1.904275
0.563608 0.035702 0.029273 0.016151 0.001006 0.346717 0.007541 1.907762
0.564342 0.035850 0.029448 0.016223 0.001007 0.345577 0.007552 1.911216
0.564876 0.036014 0.029576 0.016290 0.000999 0.344682 0.007563 1.914724
0.565350 0.036248 0.029744 0.016381 0.000995 0.343703 0.007579 1.918270
0.565984 0.036392 0.029882 0.016489 0.000994 0.342671 0.007588 1.921861
0.566532 0.036538 0.030095 0.016505 0.000988 0.341741 0.007602 1.925452
0.566994 0.036738 0.030192 0.016628 0.000993 0.340844 0.007612 1.929036
0.567484 0.036855 0.030402 0.016719 0.000986 0.339932 0.007622 1.932657
0.567897 0.037052 0.030509 0.016780 0.000990 0.339143 0.007630 1.936242
0.568236 0.037235 0.030686 0.016858 0.000990 0.338356 0.007640 1.939915
0.568732 0.037329 0.030940 0.016923 0.000996 0.337424 0.007656 1.943610
0.569131 0.037533 0.031022 0.017028 0.001003 0.336619 0.007665 1.947220
0.569519 0.037711 0.031195 0.017027 0.001016 0.335856 0.007677 1.950843
0.569818 0.037909 0.031298 0.017150 0.001020 0.335117 0.007688 1.954517
0.570189 0.038090 0.031501 0.017222 0.001018 0.334277 0.007702 1.958190
0.570413 0.038180 0.031737 0.017333 0.001019 0.333603 0.007715 1.961973
0.570716 0.038334 0.031816 0.017410 0.001029 0.332971 0.007724 1.965662
0.570986 0.038468 0.031966 0.017471 0.001041 0.332333 0.007736 1.969388
0.571173 0.038678 0.032064 0.017572 0.001036 0.331728 0.007749 1.973130
0.571427 0.038732 0.032316 0.017628 0.001041 0.331093 0.007762 1.976995
0.571629 0.038784 0.032446 0.017718 0.001051 0.330596 0.007776 1.980824
0.571877 0.038918 0.032584 0.017697 0.001055 0.330079 0.007791 1.984569
0.572039 0.039044 0.032736 0.017760 0.001049 0.329567 0.007807 1.988362
0.572192 0.039212 0.032878 0.017826 0.001057 0.329016 0.007818 1.992173
0.572438 0.039391 0.032882 0.017882 0.001065 0.328513 0.007830 1.995932
0.572723 0.039328 0.033006 0.017990 0.001066 0.328044 0.007843 1.999840
0.572900 0.039307 0.033275 0.018073 0.001065 0.327521 0.007860 2.003816
0.572975 0.039472 0.033353 0.018125 0.001061 0.327143 0.007873 2.007683
0.573061 0.039607 0.033428 0.018217 0.001064 0.326738 0.007886 2.011517
0.573187 0.039659 0.033489 0.018326 0.001062 0.326382 0.007896 2.015382
0.573260 0.039802 0.033630 0.018343 0.001068 0.325993 0.007906 2.019184
0.573405 0.039736 0.033771 0.018421 0.001069 0.325678 0.007922 2.023149
0.573516 0.039785 0.033835 0.018556 0.001070 0.325303 0.007935 2.027044
0.573505 0.039885 0.033952 0.018664 0.001069 0.324976 0.007948 2.030983
0.573628 0.039952 0.034113 0.018636 0.001061 0.324644 0.007966 2.034845
0.573733 0.039991 0.034218 0.018718 0.001072 0.324292 0.007976 2.038713
0.573828 0.040005 0.034393 0.018744 0.001080 0.323963 0.007988 2.042654
0.573919 0.039958 0.034490 0.018816 0.001073 0.323742 0.008003 2.046625
0.573974 0.040032 0.034575 0.018803 0.001064 0.323536 0.008016 2.050503
0.573961 0.040005 0.034687 0.018895 0.001063 0.323360 0.008029 2.054491
0.574122 0.039996 0.034721 0.018895 0.001067 0.323159 0.008039 2.058389
0.574090 0.040143 0.034729 0.018943 0.001074 0.322967 0.008055 2.062277
0.574166 0.040141 0.034794 0.019002 0.001073 0.322752 0.008073 2.066221
0.574216 0.040160 0.034878 0.019005 0.001073 0.322585 0.008083 2.070142
0.574250 0.040254 0.034912 0.019015 0.001091 0.322386 0.008094 2.074014
0.574389 0.040161 0.035005 0.019041 0.001092 0.322213 0.008101 2.078004
0.574458 0.040156 0.034999 0.019044 0.001086 0.322144 0.008114 2.081888
0.574564 0.040212 0.034916 0.019114 0.001081 0.321985 0.008128 2.085729
0.574646 0.040132 0.034944 0.019191 0.001086 0.321857 0.008145 2.089731
0.574811 0.040072 0.034952 0.019248 0.001094 0.321668 0.008156 2.093680
0.574964 0.040119 0.035034 0.019202 0.001088 0.321425 0.008168 2.097584
0.575122 0.040085 0.035140 0.019198 0.001084 0.321187 0.008185 2.101513
0.575178 0.040028 0.035192 0.019258 0.001089 0.321059 0.008197 2.105537
0.575228 0.040006 0.035249 0.019256 0.001093 0.320959 0.008212 2.109505
0.575334 0.039982 0.035262 0.019314 0.001101 0.320786 0.008221 2.113420
0.575493 0.039945 0.035279 0.019304 0.001098 0.320645 0.008236 2.117346
0.575510 0.039926 0.035310 0.019288 0.001107 0.320610 0.008249 2.121264
0.575594 0.039952 0.035311 0.019245 0.001106 0.320528 0.008266 2.125163
0.575660 0.039972 0.035370 0.019280 0.001103 0.320337 0.008279 2.129082
0.575755 0.039946 0.035329 0.019291 0.001112 0.320278 0.008290 2.132980
0.575870 0.039893 0.035278 0.019242 0.001115 0.320297 0.008307 2.136870
0.575884 0.039939 0.035276 0.019314 0.001119 0.320150 0.008318 2.140769
0.576044 0.039928 0.035261 0.019267 0.001125 0.320039 0.008335 2.144645
0.576202 0.039857 0.035226 0.019244 0.001129 0.319993 0.008350 2.148541
0.576279 0.039784 0.035275 0.019309 0.001121 0.319864 0.008369 2.152492
0.576438 0.039736 0.035225 0.019331 0.001116 0.319774 0.008381 2.156353
0.576595 0.039778 0.035219 0.019337 0.001108 0.319570 0.008394 2.160245
0.576721 0.039690 0.035212 0.019366 0.001112 0.319494 0.008405 2.164190
0.576843 0.039647 0.035248 0.019368 0.001108 0.319364 0.008422 2.168080
0.576920 0.039699 0.035288 0.019265 0.001099 0.319291 0.008439 2.171931
0.577135 0.039608 0.035382 0.019226 0.001107 0.319089 0.008453 2.175832
0.577372 0.039651 0.035353 0.019200 0.001113 0.318845 0.008466 2.179677
0.577531 0.039590 0.035362 0.019213 0.001111 0.318710 0.008483 2.183562
0.577573 0.039627 0.035350 0.019157 0.001116 0.318681 0.008497 2.187431
0.577689 0.039633 0.035296 0.019130 0.001113 0.318630 0.008510 2.191229
0.577793 0.039514 0.035273 0.019136 0.001116 0.318645 0.008524 2.195139
0.577921 0.039431 0.035259 0.019169 0.001110 0.318572 0.008538 2.199041
0.578123 0.039319 0.035269 0.019169 0.001109 0.318457 0.008554 2.202936
0.578250 0.039361 0.035213 0.019127 0.001106 0.318376 0.008568 2.206752
0.578330 0.039359 0.035202 0.019144 0.001112 0.318279 0.008576 2.210590
0.578451 0.039272 0.035235 0.019151 0.001111 0.318194 0.008586 2.214494
0.578689 0.039201 0.035228 0.019157 0.001110 0.318016 0.008599 2.218316
0.578828 0.039175 0.035266 0.019157 0.001116 0.317845 0.008613 2.222215
0.579061 0.039102 0.035205 0.019137 0.001125 0.317747 0.008625 2.226036
0.579251 0.039044 0.035191 0.019105 0.001122 0.317653 0.008635 2.229874
0.579517 0.038915 0.035226 0.019146 0.001116 0.317431 0.008649 2.233744
0.579769 0.038834 0.035150 0.019152 0.001108 0.317325 0.008663 2.237553
0.579964 0.038838 0.035153 0.019107 0.001104 0.317157 0.008677 2.241401
0.580084 0.038856 0.035060 0.019104 0.001094 0.317113 0.008690 2.245177
0.580164 0.038850 0.035093 0.019072 0.001096 0.317024 0.008700 2.249004
0.580285 0.038824 0.035074 0.019080 0.001100 0.316924 0.008714 2.252847
0.580530 0.038748 0.035056 0.019053 0.001105 0.316781 0.008728 2.256668
0.580708 0.038766 0.035032 0.019038 0.001099 0.316615 0.008743 2.260491
0.580771 0.038752 0.035019 0.019046 0.001094 0.316563 0.008757 2.264312
0.580954 0.038697 0.035002 0.019028 0.001095 0.316453 0.008772 2.268124
0.581061 0.038681 0.035002 0.018963 0.001096 0.316410 0.008788 2.271958
0.581212 0.038643 0.034969 0.018888 0.001103 0.316384 0.008801 2.275743
0.581407 0.038664 0.034946 0.018836 0.001104 0.316233 0.008811 2.279533
0.581594 0.038584 0.034893 0.018799 0.001104 0.316198 0.008828 2.283305
0.581877 0.038489 0.034953 0.018795 0.001098 0.315946 0.008841 2.287112
0.581993 0.038511 0.034891 0.018735 0.001104 0.315912 0.008854 2.290889
0.582160 0.038512 0.034807 0.018670 0.001107 0.315878 0.008865 2.294656
0.582452 0.038443 0.034799 0.018732 0.001106 0.315590 0.008878 2.298445
0.582711 0.038359 0.034762 0.018730 0.001114 0.315431 0.008893 2.302234
0.582831 0.038484 0.034716 0.018700 0.001100 0.315258 0.008909 2.305925
0.582962 0.038458 0.034647 0.018749 0.001094 0.315169 0.008922 2.309718
0.583103 0.038470 0.034599 0.018720 0.001097 0.315076 0.008936 2.313445
0.583248 0.038538 0.034528 0.018690 0.001107 0.314941 0.008949 2.317210
0.583483 0.038532 0.034576 0.018633 0.001106 0.314710 0.008962 2.320995
0.583677 0.038477 0.034535 0.018642 0.001110 0.314588 0.008972 2.324824
0.583831 0.038558 0.034507 0.018512 0.001115 0.314491 0.008985 2.328544
0.583993 0.038476 0.034499 0.018514 0.001114 0.314406 0.008998 2.332327
0.584111 0.038456 0.034474 0.018472 0.001104 0.314372 0.009012 2.336095
0.584252 0.038423 0.034399 0.018505 0.001106 0.314287 0.009026 2.339881
0.584368 0.038390 0.034386 0.018495 0.001105 0.314217 0.009039 2.343635
0.584491 0.038348 0.034474 0.018498 0.001110 0.314029 0.009052 2.347445
0.584696 0.038320 0.034474 0.018459 0.001114 0.313871 0.009066 2.351178
0.584824 0.038348 0.034474 0.018476 0.001110 0.313690 0.009077 2.354931
0.584906 0.038341 0.034397 0.018449 0.001113 0.313707 0.009089 2.358670
0.585086 0.038325 0.034413 0.018492 0.001116 0.313464 0.009104 2.362467
0.585178 0.038373 0.034350 0.018506 0.001110 0.313364 0.009118 2.366212
0.585241 0.038424 0.034292 0.018448 0.001108 0.313355 0.009132 2.369947
0.585471 0.038323 0.034296 0.018497 0.001115 0.313153 0.009146 2.373736
0.585615 0.038304 0.034320 0.018511 0.001115 0.312969 0.009166 2.377522
0.585725 0.038326 0.034314 0.018515 0.001112 0.312833 0.009176 2.381248
0.585816 0.038294 0.034273 0.018540 0.001105 0.312780 0.009194 2.385049
0.585908 0.038231 0.034366 0.018539 0.001117 0.312633 0.009207 2.388931
0.586139 0.038258 0.034277 0.018496 0.001113 0.312495 0.009222 2.392618
0.586275 0.038257 0.034276 0.018498 0.001117 0.312335 0.009241 2.396368
0.586323 0.038274 0.034279 0.018481 0.001120 0.312268 0.009253 2.400145
0.586536 0.038304 0.034273 0.018489 0.001119 0.312012 0.009266 2.403896
0.586667 0.038265 0.034351 0.018517 0.001121 0.311802 0.009277 2.407689
0.586833 0.038419 0.034276 0.018513 0.001119 0.311553 0.009287 2.411343
0.586949 0.038562 0.034196 0.018471 0.001117 0.311405 0.009300 2.415046
0.587030 0.038623 0.034166 0.018501 0.001114 0.311252 0.009315 2.418807
0.587312 0.038504 0.034191 0.018449 0.001121 0.311092 0.009331 2.422576
0.587540 0.038397 0.034226 0.018454 0.001124 0.310917 0.009340 2.426354
0.587606 0.038412 0.034210 0.018433 0.001128 0.310853 0.009359 2.430125
0.587713 0.038370 0.034156 0.018447 0.001132 0.310809 0.009373 2.433888
0.587923 0.038296 0.034188 0.018404 0.001135 0.310669 0.009385 2.437660
0.588088 0.038339 0.034151 0.018323 0.001129 0.310571 0.009398 2.441352
0.588222 0.038341 0.034090 0.018382 0.001128 0.310423 0.009413 2.445094
0.588343 0.038364 0.034080 0.018372 0.001136 0.310279 0.009426 2.448853
0.588584 0.038275 0.034112 0.018390 0.001132 0.310069 0.009438 2.452626
0.588742 0.038221 0.034189 0.018442 0.001119 0.309830 0.009456 2.456435
0.588857 0.038214 0.034195 0.018405 0.001120 0.309739 0.009470 2.460169
0.589071 0.038199 0.034176 0.018416 0.001115 0.309540 0.009484 2.463907
0.589159 0.038192 0.034112 0.018337 0.001124 0.309580 0.009496 2.467603
0.589246 0.038117 0.034147 0.018363 0.001125 0.309493 0.009508 2.471434
0.589351 0.038100 0.034181 0.018329 0.001111 0.309404 0.009524 2.475174
0.589429 0.038087 0.034211 0.018288 0.001111 0.309333 0.009541 2.478950
0.589509 0.038093 0.034185 0.018277 0.001105 0.309274 0.009557 2.482659
0.589583 0.038180 0.034092 0.018300 0.001107 0.309169 0.009568 2.486319
0.589727 0.038272 0.034086 0.018258 0.001100 0.308972 0.009586 2.489961
0.589863 0.038243 0.034103 0.018226 0.001098 0.308861 0.009606 2.493692
0.589992 0.038230 0.034058 0.018176 0.001096 0.308829 0.009619 2.497391
0.590092 0.038166 0.034111 0.018165 0.001108 0.308726 0.009631 2.501192
0.590267 0.038146 0.034079 0.018182 0.001106 0.308573 0.009648 2.504959
0.590480 0.038018 0.034037 0.018271 0.001106 0.308427 0.009661 2.508752
0.590523 0.038004 0.034108 0.018316 0.001092 0.308283 0.009674 2.512572
0.590655 0.038021 0.034157 0.018301 0.001090 0.308089 0.009687 2.516296
0.590760 0.038141 0.034108 0.018246 0.001092 0.307953 0.009699 2.519936
0.590716 0.038238 0.034090 0.018238 0.001089 0.307915 0.009714 2.523656
0.590774 0.038292 0.034064 0.018276 0.001085 0.307780 0.009729 2.527402
0.590832 0.038272 0.034045 0.018243 0.001092 0.307774 0.009742 2.531186
0.590875 0.038319 0.034073 0.018306 0.001090 0.307581 0.009755 2.534942
0.590901 0.038306 0.034057 0.018348 0.001092 0.307529 0.009768 2.538779
0.591014 0.038239 0.033994 0.018356 0.001095 0.307519 0.009782 2.542553
0.591062 0.038308 0.034041 0.018388 0.001100 0.307305 0.009796 2.546282
0.591162 0.038274 0.034058 0.018414 0.001092 0.307190 0.009811 2.550042
0.591412 0.038166 0.034053 0.018416 0.001077 0.307051 0.009826 2.553796
0.591532 0.038121 0.034028 0.018439 0.001079 0.306962 0.009839 2.557568
0.591651 0.038104 0.033983 0.018488 0.001080 0.306845 0.009850 2.561353
0.591700 0.038056 0.034042 0.018508 0.001073 0.306754 0.009866 2.565147
0.591721 0.038078 0.034061 0.018517 0.001073 0.306670 0.009880 2.568903
0.591736 0.038054 0.034096 0.018487 0.001074 0.306661 0.009893 2.572688
0.591729 0.038015 0.034144 0.018513 0.001070 0.306621 0.009909 2.576479
0.591813 0.038067 0.034121 0.018444 0.001074 0.306558 0.009922 2.580179
0.591910 0.038121 0.034122 0.018443 0.001071 0.306400 0.009934 2.583885
0.592042 0.038101 0.034126 0.018386 0.001069 0.306326 0.009949 2.587590
0.592062 0.038080 0.034131 0.018391 0.001079 0.306295 0.009961 2.591361
0.592246 0.037996 0.034232 0.018336 0.001079 0.306138 0.009974 2.595156
0.592546 0.037865 0.034249 0.018295 0.001088 0.305973 0.009985 2.598930
0.592630 0.037954 0.034159 0.018259 0.001090 0.305910 0.010000 2.602625
0.592648 0.037927 0.034162 0.018293 0.001093 0.305865 0.010011 2.606377
0.592653 0.038004 0.034147 0.018267 0.001092 0.305806 0.010032 2.610042
0.592673 0.038120 0.034097 0.018246 0.001091 0.305726 0.010047 2.613724
0.592782 0.038168 0.034115 0.018204 0.001098 0.305577 0.010057 2.617425
0.592779 0.038267 0.034138 0.018146 0.001095 0.305501 0.010074 2.621146
0.592851 0.038293 0.034085 0.018160 0.001083 0.305440 0.010089 2.624890
0.592951 0.038265 0.034055 0.018174 0.001069 0.305380 0.010105 2.628588
0.592920 0.038418 0.034031 0.018181 0.001058 0.305268 0.010123 2.632286
0.593017 0.038396 0.034091 0.018211 0.001064 0.305088 0.010133 2.636067
0.592991 0.038367 0.034062 0.018242 0.001068 0.305128 0.010142 2.639873
0.592983 0.038375 0.034167 0.018224 0.001074 0.305022 0.010157 2.643705
0.593010 0.038478 0.034083 0.018236 0.001081 0.304946 0.010167 2.647433
0.593070 0.038446 0.034128 0.018171 0.001092 0.304913 0.010179 2.651201
0.593050 0.038364 0.034251 0.018236 0.001093 0.304810 0.010195 2.655054
0.593029 0.038370 0.034250 0.018281 0.001087 0.304776 0.010207 2.658856
0.593131 0.038458 0.034227 0.018271 0.001089 0.304603 0.010221 2.662531
0.593215 0.038457 0.034330 0.018293 0.001094 0.304374 0.010237 2.666337
0.593201 0.038575 0.034248 0.018305 0.001089 0.304330 0.010252 2.670067
0.593125 0.038606 0.034265 0.018308 0.001108 0.304326 0.010263 2.673888
0.593083 0.038648 0.034253 0.018335 0.001106 0.304302 0.010274 2.677661
0.592981 0.038732 0.034279 0.018340 0.001106 0.304274 0.010289 2.681457
0.592979 0.038754 0.034390 0.018345 0.001102 0.304125 0.010305 2.685246
0.592980 0.038732 0.034413 0.018309 0.001101 0.304149 0.010317 2.689072
0.592971 0.038849 0.034319 0.018327 0.001109 0.304092 0.010332 2.692787
0.592950 0.038780 0.034398 0.018388 0.001103 0.304034 0.010348 2.696674
0.592841 0.039063 0.034285 0.018348 0.001105 0.303997 0.010362 2.700362
0.592706 0.039076 0.034362 0.018435 0.001116 0.303937 0.010370 2.704229
0.592680 0.039136 0.034395 0.018413 0.001125 0.303873 0.010378 2.708015
0.592617 0.039092 0.034418 0.018441 0.001128 0.303915 0.010390 2.711844
0.592610 0.039095 0.034406 0.018460 0.001129 0.303893 0.010406 2.715663
0.592571 0.039094 0.034450 0.018532 0.001126 0.303810 0.010419 2.719503
0.592531 0.039133 0.034499 0.018472 0.001127 0.303807 0.010433 2.723325
0.592462 0.039190 0.034462 0.018472 0.001121 0.303848 0.010446 2.727117
0.592543 0.039204 0.034493 0.018420 0.001127 0.303758 0.010456 2.730878
0.592587 0.039147 0.034471 0.018454 0.001131 0.303742 0.010468 2.734684
0.592706 0.039065 0.034385 0.018446 0.001131 0.303783 0.010484 2.738497
0.592672 0.039092 0.034425 0.018475 0.001124 0.303717 0.010497 2.742323
0.592614 0.039064 0.034485 0.018486 0.001125 0.303718 0.010507 2.746182
0.592521 0.039074 0.034504 0.018498 0.001119 0.303767 0.010517 2.749977
0.592466 0.039021 0.034512 0.018569 0.001111 0.303788 0.010534 2.753806
0.592437 0.038936 0.034600 0.018597 0.001102 0.303778 0.010551 2.757725
0.592523 0.038928 0.034633 0.018611 0.001101 0.303641 0.010563 2.761515
0.592476 0.038920 0.034705 0.018599 0.001102 0.303622 0.010576 2.765327
0.592545 0.038911 0.034721 0.018571 0.001100 0.303563 0.010589 2.769156
0.592550 0.038895 0.034669 0.018621 0.001084 0.303575 0.010606 2.772942
0.592522 0.038887 0.034615 0.018656 0.001080 0.303620 0.010620 2.776742
0.592570 0.038851 0.034702 0.018623 0.001077 0.303549 0.010629 2.780559
0.592521 0.038872 0.034692 0.018602 0.001078 0.303593 0.010642 2.784359
0.592490 0.038818 0.034769 0.018646 0.001069 0.303547 0.010660 2.788245
0.592525 0.038765 0.034806 0.018609 0.001054 0.303568 0.010675 2.792072
0.592481 0.038709 0.034831 0.018642 0.001061 0.303587 0.010688 2.795891
0.592484 0.038724 0.034796 0.018711 0.001066 0.303520 0.010701 2.799647
0.592399 0.038751 0.034798 0.018696 0.001062 0.303580 0.010714 2.803438
0.592334 0.038758 0.034789 0.018680 0.001065 0.303644 0.010730 2.807236
0.592487 0.038628 0.034754 0.018733 0.001049 0.303604 0.010744 2.811053
0.592441 0.038583 0.034766 0.018699 0.001051 0.303705 0.010756 2.814862
0.592493 0.038642 0.034774 0.018670 0.001064 0.303596 0.010762 2.818606
0.592572 0.038633 0.034819 0.018704 0.001069 0.303428 0.010774 2.822410
0.592582 0.038650 0.034906 0.018659 0.001073 0.303343 0.010786 2.826228
0.592558 0.038643 0.034835 0.018677 0.001077 0.303413 0.010798 2.830040
0.592567 0.038568 0.034900 0.018665 0.001074 0.303417 0.010808 2.833904
0.592551 0.038674 0.034773 0.018653 0.001080 0.303452 0.010817 2.837614
0.592656 0.038619 0.034803 0.018672 0.001074 0.303344 0.010831 2.841421
0.592691 0.038628 0.034732 0.018583 0.001073 0.303446 0.010848 2.845153
0.592680 0.038653 0.034730 0.018599 0.001093 0.303388 0.010859 2.848927
0.592777 0.038676 0.034625 0.018636 0.001083 0.303328 0.010875 2.852657
0.592781 0.038699 0.034550 0.018647 0.001074 0.303363 0.010886 2.856418
0.592809 0.038757 0.034480 0.018611 0.001074 0.303371 0.010899 2.860173
0.592847 0.038778 0.034478 0.018632 0.001071 0.303281 0.010914 2.863993
0.592845 0.038788 0.034460 0.018593 0.001060 0.303326 0.010929 2.867739
0.592830 0.038667 0.034576 0.018638 0.001054 0.303292 0.010941 2.871638
0.592836 0.038722 0.034562 0.018629 0.001051 0.303246 0.010954 2.875422
0.592906 0.038608 0.034538 0.018675 0.001058 0.303247 0.010968 2.879230
0.592852 0.038576 0.034557 0.018648 0.001050 0.303336 0.010982 2.883056
0.592822 0.038718 0.034508 0.018606 0.001066 0.303286 0.010994 2.886740
0.592754 0.038680 0.034578 0.018638 0.001069 0.303275 0.011006 2.890590
0.592784 0.038703 0.034598 0.018662 0.001057 0.303175 0.011022 2.894367
0.592805 0.038629 0.034680 0.018691 0.001056 0.303104 0.011035 2.898193
0.592821 0.038525 0.034682 0.018702 0.001061 0.303162 0.011047 2.902002
0.592695 0.038605 0.034654 0.018690 0.001072 0.303224 0.011060 2.905749
0.592750 0.038559 0.034655 0.018739 0.001078 0.303147 0.011073 2.909547
0.592811 0.038594 0.034630 0.018696 0.001075 0.303104 0.011089 2.913269
0.592879 0.038613 0.034569 0.018690 0.001076 0.303073 0.011100 2.916989
0.592942 0.038612 0.034518 0.018726 0.001068 0.303019 0.011116 2.920740
0.592907 0.038615 0.034502 0.018706 0.001062 0.303080 0.011130 2.924508
0.592885 0.038694 0.034494 0.018671 0.001066 0.303048 0.011142 2.928251
0.592896 0.038670 0.034521 0.018620 0.001068 0.303071 0.011154 2.932054
0.592980 0.038596 0.034537 0.018672 0.001073 0.302974 0.011168 2.935866
0.592882 0.038582 0.034603 0.018661 0.001072 0.303019 0.011182 2.939701
0.592954 0.038457 0.034644 0.018659 0.001070 0.303025 0.011193 2.943546
0.592942 0.038474 0.034648 0.018650 0.001077 0.303001 0.011207 2.947343
0.592951 0.038463 0.034645 0.018620 0.001073 0.303033 0.011217 2.951068
0.592919 0.038566 0.034529 0.018552 0.001070 0.303135 0.011230 2.954738
0.592971 0.038557 0.034492 0.018517 0.001075 0.303149 0.011240 2.958492
0.593010 0.038467 0.034523 0.018561 0.001069 0.303122 0.011249 2.962273
0.593060 0.038534 0.034472 0.018565 0.001072 0.303033 0.011264 2.965962
0.593100 0.038430 0.034509 0.018599 0.001077 0.303009 0.011277 2.969804
0.593062 0.038398 0.034592 0.018571 0.001094 0.302999 0.011283 2.973637
0.593164 0.038363 0.034465 0.018543 0.001090 0.303083 0.011293 2.977381
0.593112 0.038501 0.034440 0.018514 0.001076 0.303050 0.011307 2.981124
0.593029 0.038557 0.034455 0.018477 0.001075 0.303088 0.011319 2.984863
0.593035 0.038495 0.034527 0.018432 0.001070 0.303108 0.011332 2.988678
0.592944 0.038547 0.034508 0.018461 0.001081 0.303117 0.011342 2.992456
0.593040 0.038478 0.034501 0.018471 0.001075 0.303079 0.011357 2.996243
0.593144 0.038413 0.034479 0.018451 0.001072 0.303070 0.011371 3.000016
0.593169 0.038375 0.034553 0.018426 0.001081 0.303015 0.011380 3.003808
0.593216 0.038320 0.034567 0.018435 0.001089 0.302980 0.011395 3.007576
0.593277 0.038297 0.034548 0.018423 0.001075 0.302974 0.011406 3.011342
0.593265 0.038328 0.034501 0.018425 0.001077 0.302988 0.011417 3.015104
0.593289 0.038314 0.034454 0.018374 0.001075 0.303066 0.011429 3.018845
0.593361 0.038292 0.034418 0.018408 0.001081 0.303003 0.011437 3.022606
0.593313 0.038352 0.034397 0.018388 0.001072 0.303031 0.011448 3.026375
0.593287 0.038415 0.034382 0.018404 0.001080 0.302969 0.011463 3.030117
0.593385 0.038414 0.034342 0.018376 0.001076 0.302934 0.011473 3.033793
0.593363 0.038384 0.034354 0.018402 0.001081 0.302933 0.011483 3.037582
0.593500 0.038288 0.034390 0.018413 0.001080 0.302831 0.011499 3.041331
0.593476 0.038217 0.034435 0.018419 0.001071 0.302872 0.011512 3.045117
0.593436 0.038274 0.034448 0.018470 0.001061 0.302790 0.011520 3.048860
0.593427 0.038356 0.034417 0.018486 0.001062 0.302720 0.011532 3.052571
0.593426 0.038340 0.034431 0.018508 0.001069 0.302681 0.011546 3.056353
0.593533 0.038292 0.034454 0.018510 0.001068 0.302581 0.011562 3.060134
0.593556 0.038341 0.034434 0.018531 0.001058 0.302498 0.011583 3.063849
0.593575 0.038286 0.034442 0.018481 0.001055 0.302566 0.011596 3.067654
0.593601 0.038303 0.034435 0.018449 0.001060 0.302547 0.011606 3.071405
0.593604 0.038339 0.034500 0.018416 0.001065 0.302456 0.011621 3.075142
0.593621 0.038331 0.034517 0.018394 0.001078 0.302424 0.011635 3.078962
0.593740 0.038199 0.034536 0.018402 0.001072 0.302404 0.011648 3.082803
0.593807 0.038246 0.034459 0.018309 0.001065 0.302450 0.011665 3.086488
0.593758 0.038346 0.034462 0.018312 0.001080 0.302366 0.011676 3.090259
0.593738 0.038407 0.034468 0.018232 0.001078 0.302391 0.011687 3.093973
0.593762 0.038398 0.034394 0.018257 0.001080 0.302404 0.011704 3.097736
0.593731 0.038455 0.034355 0.018235 0.001088 0.302422 0.011714 3.101426
0.593755 0.038471 0.034368 0.018251 0.001084 0.302342 0.011730 3.105199
0.593733 0.038571 0.034424 0.018249 0.001082 0.302203 0.011739 3.108964
0.593783 0.038551 0.034411 0.018249 0.001079 0.302177 0.011750 3.112726
0.593855 0.038488 0.034408 0.018306 0.001071 0.302105 0.011766 3.116513
0.593822 0.038446 0.034483 0.018315 0.001070 0.302084 0.011782 3.120297
0.593744 0.038527 0.034514 0.018255 0.001072 0.302092 0.011796 3.124072
0.593799 0.038518 0.034521 0.018285 0.001069 0.302000 0.011808 3.127819
0.593659 0.038614 0.034526 0.018296 0.001071 0.302016 0.011818 3.131586
0.593571 0.038665 0.034501 0.018290 0.001071 0.302073 0.011829 3.135349
0.593512 0.038739 0.034478 0.018288 0.001072 0.302071 0.011841 3.139103
0.593378 0.038777 0.034470 0.018322 0.001079 0.302122 0.011853 3.142876
0.593426 0.038805 0.034452 0.018287 0.001080 0.302082 0.011867 3.146632
0.593339 0.038849 0.034515 0.018301 0.001083 0.302032 0.011882 3.150441
0.593360 0.038855 0.034558 0.018282 0.001094 0.301957 0.011895 3.154247
0.593391 0.038840 0.034583 0.018316 0.001084 0.301880 0.011907 3.158039
0.593351 0.038862 0.034621 0.018306 0.001084 0.301856 0.011920 3.161777
0.593180 0.038826 0.034789 0.018331 0.001079 0.301860 0.011935 3.165677
0.593229 0.038784 0.034764 0.018355 0.001080 0.301841 0.011948 3.169440
0.593240 0.038808 0.034733 0.018382 0.001072 0.301805 0.011958 3.173209
0.593156 0.038793 0.034778 0.018415 0.001067 0.301822 0.011971 3.177035
0.593221 0.038731 0.034801 0.018397 0.001076 0.301791 0.011983 3.180822
0.593254 0.038782 0.034772 0.018316 0.001078 0.301804 0.011994 3.184549
0.593278 0.038709 0.034726 0.018395 0.001074 0.301811 0.012007 3.188379
0.593439 0.038622 0.034706 0.018454 0.001069 0.301687 0.012023 3.192172
0.593507 0.038572 0.034742 0.018467 0.001065 0.301612 0.012036 3.195973
0.593545 0.038484 0.034734 0.018530 0.001060 0.301599 0.012048 3.199799
0.593484 0.038479 0.034742 0.018516 0.001058 0.301661 0.012060 3.203618
0.593477 0.038491 0.034626 0.018571 0.001059 0.301701 0.012076 3.207396
0.593525 0.038481 0.034598 0.018576 0.001071 0.301660 0.012089 3.211126
0.593566 0.038461 0.034514 0.018555 0.001063 0.301732 0.012109 3.214875
0.593616 0.038427 0.034476 0.018567 0.001061 0.301731 0.012123 3.218679
0.593647 0.038455 0.034425 0.018578 0.001068 0.301691 0.012136 3.222437
0.593714 0.038434 0.034397 0.018606 0.001064 0.301634 0.012151 3.226224
0.593736 0.038374 0.034412 0.018604 0.001068 0.301640 0.012167 3.229982
0.593754 0.038368 0.034407 0.018548 0.001071 0.301675 0.012179 3.233733
0.593665 0.038326 0.034424 0.018585 0.001070 0.301737 0.012195 3.237548
0.593714 0.038327 0.034349 0.018543 0.001073 0.301783 0.012211 3.241300
0.593696 0.038387 0.034292 0.018532 0.001074 0.301793 0.012226 3.245023
0.593685 0.038359 0.034301 0.018500 0.001074 0.301841 0.012240 3.248820
0.593751 0.038331 0.034316 0.018523 0.001082 0.301745 0.012251 3.252573
0.593752 0.038342 0.034369 0.018516 0.001086 0.301675 0.012260 3.256349
0.593857 0.038329 0.034412 0.018541 0.001088 0.301501 0.012271 3.260099
0.593849 0.038438 0.034316 0.018524 0.001086 0.301503 0.012283 3.263782
0.593905 0.038359 0.034304 0.018491 0.001088 0.301558 0.012296 3.267561
0.593862 0.038381 0.034250 0.018457 0.001102 0.301640 0.012309 3.271299
0.593755 0.038403 0.034232 0.018513 0.001102 0.301668 0.012326 3.275067
0.593794 0.038351 0.034195 0.018482 0.001095 0.301746 0.012336 3.278788
0.593840 0.038355 0.034166 0.018488 0.001092 0.301707 0.012352 3.282511
0.593875 0.038425 0.034193 0.018396 0.001095 0.301654 0.012362 3.286226
0.593807 0.038546 0.034131 0.018348 0.001098 0.301693 0.012379 3.289911
0.593912 0.038583 0.034117 0.018282 0.001092 0.301621 0.012394 3.293581
0.593854 0.038634 0.034152 0.018346 0.001094 0.301513 0.012409 3.297383
0.593820 0.038629 0.034212 0.018388 0.001094 0.301439 0.012418 3.301218
0.593858 0.038507 0.034305 0.018386 0.001097 0.301416 0.012432 3.305028
0.593870 0.038488 0.034359 0.018398 0.001099 0.301343 0.012443 3.308819
0.593872 0.038440 0.034341 0.018403 0.001110 0.301380 0.012455 3.312647
0.593870 0.038401 0.034471 0.018425 0.001114 0.301255 0.012464 3.316488
0.593774 0.038509 0.034480 0.018322 0.001124 0.301318 0.012473 3.320187
0.593794 0.038423 0.034558 0.018333 0.001126 0.301277 0.012490 3.324050
0.593731 0.038486 0.034580 0.018317 0.001136 0.301251 0.012499 3.327815
0.593766 0.038513 0.034561 0.018311 0.001145 0.301192 0.012513 3.331559
0.593667 0.038525 0.034580 0.018330 0.001147 0.301226 0.012526 3.335341
0.593644 0.038560 0.034527 0.018331 0.001134 0.301265 0.012540 3.339084
0.593599 0.038566 0.034525 0.018398 0.001135 0.301223 0.012555 3.342909
0.593615 0.038478 0.034534 0.018448 0.001132 0.301228 0.012564 3.346704
0.593616 0.038509 0.034491 0.018443 0.001128 0.301235 0.012579 3.350419
0.593526 0.038517 0.034468 0.018432 0.001122 0.301344 0.012591 3.354195
0.593471 0.038534 0.034450 0.018392 0.001107 0.301441 0.012605 3.358007
0.593425 0.038630 0.034427 0.018449 0.001100 0.301352 0.012617 3.361771
0.593560 0.038577 0.034447 0.018420 0.001093 0.301272 0.012630 3.365506
0.593573 0.038372 0.034552 0.018422 0.001106 0.301332 0.012644 3.369366
0.593697 0.038418 0.034466 0.018438 0.001099 0.301230 0.012653 3.373086
0.593641 0.038492 0.034426 0.018415 0.001093 0.301265 0.012667 3.376805
0.593584 0.038405 0.034522 0.018466 0.001097 0.301247 0.012678 3.380689
0.593599 0.038449 0.034513 0.018458 0.001092 0.301195 0.012695 3.384429
0.593498 0.038526 0.034508 0.018463 0.001093 0.301208 0.012704 3.388155
0.593429 0.038520 0.034546 0.018444 0.001101 0.301244 0.012714 3.391920
0.593444 0.038458 0.034556 0.018522 0.001102 0.301192 0.012726 3.395729
0.593452 0.038409 0.034462 0.018488 0.001112 0.301340 0.012737 3.399511
0.593476 0.038399 0.034377 0.018495 0.001103 0.301403 0.012749 3.403280
0.593529 0.038412 0.034389 0.018419 0.001098 0.301393 0.012759 3.407048
0.593556 0.038309 0.034419 0.018455 0.001102 0.301387 0.012772 3.410884
0.593625 0.038332 0.034341 0.018480 0.001103 0.301334 0.012785 3.414600
0.593676 0.038325 0.034330 0.018468 0.001110 0.301290 0.012801 3.418393
0.593745 0.038246 0.034329 0.018483 0.001108 0.301275 0.012815 3.422208
0.593755 0.038267 0.034263 0.018543 0.001104 0.301242 0.012826 3.425959
0.593835 0.038118 0.034333 0.018556 0.001105 0.301214 0.012839 3.429793
0.593870 0.038196 0.034230 0.018574 0.001102 0.301174 0.012855 3.433478
0.593895 0.038184 0.034218 0.018558 0.001087 0.301187 0.012872 3.437207
0.593940 0.038072 0.034234 0.018559 0.001085 0.301224 0.012885 3.441017
0.593946 0.038076 0.034229 0.018547 0.001086 0.301219 0.012897 3.444784
0.594021 0.038047 0.034218 0.018523 0.001080 0.301202 0.012910 3.448548
0.593982 0.038104 0.034241 0.018515 0.001085 0.301157 0.012917 3.452289
0.594133 0.038029 0.034288 0.018480 0.001078 0.301062 0.012930 3.456057
0.594161 0.037975 0.034309 0.018440 0.001080 0.301096 0.012940 3.459829
0.594183 0.037974 0.034291 0.018477 0.001070 0.301051 0.012954 3.463608
0.594205 0.037867 0.034347 0.018565 0.001066 0.300985 0.012965 3.467437
0.594154 0.037993 0.034300 0.018582 0.001060 0.300933 0.012978 3.471163
0.594098 0.037986 0.034243 0.018613 0.001068 0.301003 0.012990 3.474912
0.594084 0.038119 0.034249 0.018633 0.001061 0.300849 0.013005 3.478620
0.594061 0.038091 0.034229 0.018627 0.001058 0.300917 0.013018 3.482393
0.594025 0.038169 0.034211 0.018556 0.001064 0.300942 0.013034 3.486078
0.594058 0.038149 0.034277 0.018575 0.001066 0.300828 0.013047 3.489874
0.594134 0.038138 0.034274 0.018531 0.001074 0.300789 0.013059 3.493611
0.594203 0.038111 0.034287 0.018443 0.001070 0.300816 0.013071 3.497336
0.594135 0.038211 0.034196 0.018397 0.001070 0.300909 0.013082 3.501036
0.594191 0.038184 0.034230 0.018409 0.001068 0.300828 0.013090 3.504790
0.594154 0.038317 0.034156 0.018423 0.001073 0.300773 0.013104 3.508455
0.594167 0.038342 0.034131 0.018418 0.001068 0.300761 0.013114 3.512206
0.594268 0.038325 0.034170 0.018375 0.001071 0.300666 0.013126 3.515939
0.594312 0.038303 0.034158 0.018360 0.001071 0.300656 0.013140 3.519667
0.594254 0.038316 0.034161 0.018377 0.001076 0.300664 0.013152 3.523456
0.594261 0.038292 0.034145 0.018395 0.001078 0.300664 0.013164 3.527225
0.594283 0.038295 0.034139 0.018303 0.001081 0.300720 0.013179 3.530937
0.594294 0.038267 0.034172 0.018307 0.001086 0.300681 0.013194 3.534710
0.594242 0.038256 0.034116 0.018365 0.001087 0.300728 0.013208 3.538506
0.594245 0.038275 0.034078 0.018319 0.001097 0.300767 0.013220 3.542214
0.594291 0.038278 0.034018 0.018280 0.001103 0.300797 0.013232 3.545912
0.594361 0.038149 0.034029 0.018329 0.001094 0.300795 0.013243 3.549707
0.594436 0.038148 0.034001 0.018324 0.001097 0.300739 0.013255 3.553422
0.594549 0.038101 0.033972 0.018327 0.001094 0.300688 0.013269 3.557170
0.594614 0.038065 0.034021 0.018353 0.001090 0.300571 0.013286 3.560919
0.594654 0.038065 0.033923 0.018334 0.001096 0.300632 0.013296 3.564612
0.594733 0.037988 0.033959 0.018355 0.001082 0.300574 0.013308 3.568367
0.594720 0.038012 0.033882 0.018360 0.001096 0.300610 0.013319 3.572096
0.594661 0.037932 0.033975 0.018389 0.001093 0.300614 0.013336 3.575908
0.594778 0.037815 0.033990 0.018370 0.001095 0.300607 0.013346 3.579667
0.594790 0.037860 0.034004 0.018371 0.001081 0.300536 0.013360 3.583385
0.594706 0.037821 0.034038 0.018366 0.001083 0.300617 0.013371 3.587169
0.594690 0.037921 0.034010 0.018373 0.001097 0.300526 0.013383 3.590887
0.594708 0.037952 0.034042 0.018409 0.001088 0.300404 0.013396 3.594641
0.594628 0.037960 0.034032 0.018444 0.001078 0.300446 0.013414 3.598405
0.594630 0.037967 0.034027 0.018402 0.001079 0.300473 0.013422 3.602122
0.594660 0.037947 0.034034 0.018373 0.001068 0.300480 0.013437 3.605854
0.594690 0.037915 0.034072 0.018376 0.001072 0.300424 0.013451 3.609556
0.594700 0.037974 0.034049 0.018381 0.001072 0.300367 0.013459 3.613282
0.594637 0.037960 0.034023 0.018363 0.001065 0.300481 0.013471 3.616987
0.594653 0.037876 0.034062 0.018351 0.001070 0.300503 0.013484 3.620779
0.594688 0.037848 0.034122 0.018334 0.001067 0.300442 0.013500 3.624526
0.594725 0.037909 0.034077 0.018321 0.001069 0.300385 0.013514 3.628228
0.594797 0.037844 0.034053 0.018318 0.001062 0.300401 0.013525 3.631972
0.594890 0.037824 0.033986 0.018292 0.001066 0.300408 0.013534 3.635627
0.594819 0.037929 0.033981 0.018304 0.001060 0.300358 0.013549 3.639323
0.594895 0.037850 0.034071 0.018326 0.001070 0.300223 0.013567 3.643087
0.594913 0.037889 0.034109 0.018319 0.001060 0.300128 0.013583 3.646796
