0.360516 0.060995 0.055110 0.031583 0.001988 0.484093 0.005715 1.587997
0.363203 0.058506 0.054921 0.031445 0.001979 0.484205 0.005741 1.593892
0.366721 0.055485 0.054710 0.031095 0.001977 0.484249 0.005764 1.599477
0.370810 0.052278 0.054224 0.030660 0.001971 0.484269 0.005787 1.604749
0.375109 0.049069 0.053772 0.030114 0.001957 0.484166 0.005814 1.609684
0.379705 0.045921 0.053003 0.029505 0.001962 0.484064 0.005840 1.614313
0.384429 0.042880 0.052275 0.028768 0.001974 0.483815 0.005859 1.618708
0.389329 0.039909 0.051314 0.028092 0.001979 0.483494 0.005884 1.622810
0.394291 0.037102 0.050333 0.027252 0.001974 0.483143 0.005905 1.626654
0.399366 0.034484 0.049177 0.026489 0.001962 0.482589 0.005932 1.630204
0.404592 0.032061 0.047894 0.025669 0.001952 0.481876 0.005956 1.633456
0.409887 0.029755 0.046587 0.024817 0.001935 0.481044 0.005974 1.636500
0.415335 0.027636 0.045324 0.023967 0.001933 0.479813 0.005991 1.639327
0.420569 0.025643 0.044028 0.023084 0.001914 0.478746 0.006017 1.641998
0.425916 0.023807 0.042672 0.022277 0.001897 0.477387 0.006044 1.644440
0.431222 0.022115 0.041210 0.021414 0.001876 0.476095 0.006069 1.646734
0.436564 0.020613 0.039805 0.020519 0.001865 0.474543 0.006090 1.648833
0.441871 0.019238 0.038371 0.019667 0.001848 0.472892 0.006113 1.650765
0.447239 0.017971 0.036883 0.018877 0.001821 0.471075 0.006135 1.652537
0.452623 0.016768 0.035429 0.018043 0.001779 0.469192 0.006164 1.654241
0.458083 0.015669 0.033961 0.017283 0.001759 0.467059 0.006186 1.655822
0.463418 0.014723 0.032624 0.016510 0.001735 0.464786 0.006204 1.657250
0.468747 0.013780 0.031322 0.015807 0.001688 0.462426 0.006231 1.658664
0.474023 0.012929 0.030096 0.015101 0.001664 0.459940 0.006247 1.659951
0.479314 0.012057 0.028882 0.014436 0.001638 0.457402 0.006269 1.661218
0.484516 0.011282 0.027705 0.013756 0.001604 0.454846 0.006291 1.662381
0.489796 0.010596 0.026460 0.013100 0.001584 0.452156 0.006308 1.663436
0.495108 0.009983 0.025313 0.012495 0.001545 0.449225 0.006332 1.664434
0.500253 0.009386 0.024233 0.011896 0.001520 0.446361 0.006351 1.665398
0.505450 0.008855 0.023114 0.011296 0.001498 0.443417 0.006371 1.666283
0.510626 0.008356 0.022101 0.010738 0.001470 0.440319 0.006391 1.667127
0.515724 0.007838 0.021135 0.010263 0.001437 0.437192 0.006413 1.667968
0.520888 0.007388 0.020125 0.009759 0.001402 0.434006 0.006433 1.668734
0.526013 0.007015 0.019209 0.009286 0.001372 0.430656 0.006450 1.669419
0.531031 0.006644 0.018319 0.008824 0.001341 0.427371 0.006471 1.670085
0.536051 0.006305 0.017476 0.008399 0.001308 0.423973 0.006489 1.670725
0.541091 0.005984 0.016673 0.007980 0.001279 0.420484 0.006509 1.671340
0.546015 0.005717 0.015931 0.007577 0.001247 0.416987 0.006528 1.671908
0.550921 0.005427 0.015193 0.007225 0.001224 0.413474 0.006538 1.672468
0.555819 0.005196 0.014478 0.006859 0.001202 0.409895 0.006551 1.672978
0.560739 0.004963 0.013793 0.006559 0.001171 0.406207 0.006567 1.673472
0.565620 0.004719 0.013199 0.006247 0.001143 0.402493 0.006580 1.673965
0.570375 0.004474 0.012601 0.005961 0.001124 0.398872 0.006594 1.674446
0.575131 0.004291 0.012020 0.005684 0.001090 0.395168 0.006614 1.674874
0.579723 0.004116 0.011457 0.005411 0.001063 0.391598 0.006633 1.675289
0.584274 0.003937 0.011002 0.005143 0.001023 0.387965 0.006657 1.675691
0.588853 0.003741 0.010517 0.004900 0.000998 0.384323 0.006670 1.676096
0.593401 0.003576 0.010035 0.004680 0.000964 0.380657 0.006687 1.676464
0.597935 0.003413 0.009562 0.004467 0.000937 0.376986 0.006701 1.676831
0.602504 0.003289 0.009080 0.004242 0.000919 0.373255 0.006711 1.677148
0.606927 0.003159 0.008721 0.004029 0.000896 0.369545 0.006723 1.677475
0.611385 0.003048 0.008337 0.003837 0.000872 0.365787 0.006734 1.677785
0.615792 0.002924 0.007933 0.003667 0.000849 0.362089 0.006746 1.678097
0.620195 0.002821 0.007566 0.003487 0.000828 0.358346 0.006758 1.678375
0.624546 0.002741 0.007222 0.003330 0.000803 0.354587 0.006771 1.678631
0.628749 0.002636 0.006887 0.003175 0.000785 0.350988 0.006779 1.678907
0.632919 0.002570 0.006598 0.003014 0.000763 0.347343 0.006794 1.679146
0.637113 0.002458 0.006306 0.002896 0.000736 0.343689 0.006803 1.679396
0.641180 0.002400 0.006019 0.002757 0.000716 0.340116 0.006814 1.679626
0.645269 0.002315 0.005755 0.002643 0.000689 0.336504 0.006825 1.679860
0.649332 0.002236 0.005503 0.002537 0.000669 0.332891 0.006832 1.680084
0.653417 0.002153 0.005237 0.002435 0.000656 0.329266 0.006836 1.680297
0.657442 0.002095 0.005020 0.002325 0.000641 0.325635 0.006842 1.680493
0.661284 0.002026 0.004837 0.002230 0.000610 0.322161 0.006851 1.680698
0.665110 0.001968 0.004650 0.002145 0.000589 0.318679 0.006860 1.680896
0.668886 0.001905 0.004485 0.002056 0.000564 0.315236 0.006870 1.681095
0.672625 0.001868 0.004298 0.001945 0.000548 0.311841 0.006875 1.681267
0.676395 0.001825 0.004107 0.001874 0.000536 0.308382 0.006882 1.681443
0.680095 0.001780 0.003938 0.001794 0.000517 0.304986 0.006889 1.681623
0.683679 0.001736 0.003789 0.001724 0.000499 0.301677 0.006896 1.681800
0.687280 0.001678 0.003640 0.001645 0.000480 0.298375 0.006903 1.681980
0.690878 0.001654 0.003504 0.001578 0.000460 0.295015 0.006911 1.682132
0.694494 0.001600 0.003384 0.001505 0.000442 0.291658 0.006917 1.682298
0.698046 0.001564 0.003269 0.001444 0.000427 0.288325 0.006924 1.682454
0.701530 0.001529 0.003140 0.001382 0.000416 0.285076 0.006927 1.682602
0.704994 0.001503 0.003005 0.001334 0.000400 0.281830 0.006933 1.682738
0.708403 0.001474 0.002885 0.001286 0.000390 0.278625 0.006938 1.682868
0.711751 0.001426 0.002782 0.001247 0.000376 0.275476 0.006942 1.683029
0.715075 0.001391 0.002688 0.001200 0.000356 0.272341 0.006950 1.683166
0.718367 0.001350 0.002601 0.001147 0.000344 0.269237 0.006954 1.683302
0.721570 0.001330 0.002517 0.001113 0.000336 0.266177 0.006959 1.683434
0.724750 0.001312 0.002411 0.001076 0.000322 0.263162 0.006967 1.683554
0.727972 0.001297 0.002322 0.001048 0.000310 0.260081 0.006972 1.683670
0.731084 0.001264 0.002250 0.001007 0.000296 0.257121 0.006978 1.683793
0.734195 0.001218 0.002175 0.000969 0.000285 0.254174 0.006985 1.683927
0.737228 0.001197 0.002117 0.000932 0.000279 0.251257 0.006990 1.684043
0.740253 0.001152 0.002059 0.000903 0.000266 0.248371 0.006997 1.684167
0.743231 0.001143 0.001985 0.000863 0.000256 0.245521 0.007001 1.684268
0.746229 0.001106 0.001898 0.000850 0.000251 0.242663 0.007003 1.684384
0.749149 0.001053 0.001843 0.000834 0.000243 0.239874 0.007005 1.684509
0.752035 0.001039 0.001763 0.000797 0.000232 0.237126 0.007010 1.684594
0.754891 0.001009 0.001720 0.000769 0.000222 0.234375 0.007014 1.684705
0.757673 0.000992 0.001676 0.000734 0.000219 0.231689 0.007017 1.684809
0.760472 0.000975 0.001624 0.000713 0.000215 0.228983 0.007019 1.684908
0.763241 0.000944 0.001570 0.000685 0.000206 0.226330 0.007024 1.685006
0.765978 0.000924 0.001504 0.000669 0.000199 0.223700 0.007026 1.685095
0.768714 0.000910 0.001461 0.000651 0.000193 0.221043 0.007029 1.685184
0.771377 0.000898 0.001418 0.000621 0.000187 0.218469 0.007031 1.685273
0.774006 0.000863 0.001373 0.000618 0.000182 0.215925 0.007034 1.685378
0.776600 0.000848 0.001344 0.000582 0.000175 0.213414 0.007037 1.685460
0.779189 0.000839 0.001312 0.000562 0.000170 0.210889 0.007039 1.685541
0.781767 0.000814 0.001277 0.000559 0.000167 0.208374 0.007041 1.685628
0.784211 0.000780 0.001257 0.000539 0.000165 0.206005 0.007044 1.685719
0.786704 0.000766 0.001212 0.000525 0.000163 0.203584 0.007046 1.685800
0.789146 0.000758 0.001183 0.000514 0.000158 0.201192 0.007048 1.685875
0.791566 0.000748 0.001158 0.000495 0.000152 0.198829 0.007051 1.685944
0.794029 0.000735 0.001133 0.000488 0.000145 0.196415 0.007056 1.686025
0.796382 0.000722 0.001095 0.000483 0.000138 0.194124 0.007057 1.686095
0.798709 0.000716 0.001061 0.000471 0.000130 0.191852 0.007061 1.686158
0.800960 0.000727 0.001028 0.000461 0.000128 0.189634 0.007062 1.686215
0.803251 0.000723 0.001006 0.000453 0.000125 0.187379 0.007063 1.686284
0.805489 0.000710 0.000988 0.000447 0.000120 0.185181 0.007065 1.686353
0.807739 0.000694 0.000975 0.000436 0.000116 0.182973 0.007067 1.686425
0.809975 0.000680 0.000942 0.000422 0.000115 0.180798 0.007068 1.686489
0.812170 0.000672 0.000925 0.000420 0.000110 0.178634 0.007069 1.686554
0.814383 0.000655 0.000900 0.000403 0.000109 0.176481 0.007069 1.686619
0.816540 0.000640 0.000869 0.000399 0.000103 0.174377 0.007073 1.686677
0.818639 0.000625 0.000854 0.000387 0.000096 0.172324 0.007075 1.686740
0.820714 0.000607 0.000840 0.000383 0.000092 0.170287 0.007078 1.686807
0.822804 0.000606 0.000822 0.000376 0.000088 0.168225 0.007080 1.686867
0.824842 0.000590 0.000804 0.000372 0.000087 0.166224 0.007081 1.686931
0.826857 0.000571 0.000792 0.000370 0.000083 0.164243 0.007083 1.686993
0.828854 0.000561 0.000769 0.000358 0.000081 0.162292 0.007085 1.687053
0.830823 0.000548 0.000756 0.000356 0.000080 0.160352 0.007086 1.687111
0.832782 0.000536 0.000736 0.000346 0.000076 0.158434 0.007089 1.687156
0.834702 0.000540 0.000713 0.000341 0.000073 0.156540 0.007092 1.687206
0.836612 0.000531 0.000706 0.000329 0.000071 0.154659 0.007094 1.687261
0.838488 0.000525 0.000691 0.000324 0.000069 0.152808 0.007095 1.687310
0.840316 0.000520 0.000673 0.000326 0.000065 0.151005 0.007096 1.687367
0.842164 0.000518 0.000654 0.000317 0.000060 0.149189 0.007099 1.687418
0.844013 0.000506 0.000638 0.000308 0.000058 0.147378 0.007101 1.687472
0.845768 0.000493 0.000627 0.000301 0.000057 0.145653 0.007102 1.687522
0.847564 0.000477 0.000622 0.000296 0.000054 0.143884 0.007104 1.687577
0.849320 0.000462 0.000620 0.000291 0.000053 0.142149 0.007105 1.687629
0.851050 0.000466 0.000612 0.000280 0.000051 0.140435 0.007107 1.687674
0.852713 0.000463 0.000605 0.000275 0.000051 0.138787 0.007107 1.687717
0.854397 0.000456 0.000593 0.000276 0.000049 0.137122 0.007108 1.687761
0.856004 0.000445 0.000589 0.000263 0.000047 0.135543 0.007109 1.687811
0.857658 0.000436 0.000576 0.000261 0.000046 0.133914 0.007109 1.687850
0.859269 0.000433 0.000565 0.000256 0.000043 0.132325 0.007110 1.687890
0.860957 0.000426 0.000556 0.000253 0.000044 0.130655 0.007110 1.687928
0.862577 0.000413 0.000553 0.000250 0.000042 0.129055 0.007111 1.687976
0.864123 0.000418 0.000543 0.000240 0.000040 0.127525 0.007111 1.688013
0.865612 0.000428 0.000522 0.000236 0.000040 0.126052 0.007112 1.688045
0.867056 0.000429 0.000509 0.000233 0.000041 0.124621 0.007112 1.688080
0.868525 0.000424 0.000502 0.000237 0.000039 0.123161 0.007113 1.688127
0.869973 0.000418 0.000487 0.000228 0.000038 0.121744 0.007113 1.688160
0.871403 0.000402 0.000489 0.000223 0.000038 0.120332 0.007114 1.688211
0.872808 0.000406 0.000483 0.000218 0.000035 0.118937 0.007114 1.688249
0.874231 0.000396 0.000475 0.000216 0.000035 0.117533 0.007114 1.688293
0.875592 0.000399 0.000463 0.000217 0.000034 0.116182 0.007115 1.688323
0.876945 0.000376 0.000453 0.000222 0.000033 0.114858 0.007115 1.688370
0.878244 0.000376 0.000440 0.000216 0.000033 0.113577 0.007115 1.688405
0.879497 0.000368 0.000439 0.000216 0.000033 0.112333 0.007116 1.688448
0.880757 0.000366 0.000430 0.000206 0.000031 0.111095 0.007116 1.688478
0.881999 0.000361 0.000420 0.000205 0.000030 0.109871 0.007116 1.688516
0.883167 0.000359 0.000417 0.000199 0.000030 0.108712 0.007117 1.688550
0.884300 0.000359 0.000413 0.000198 0.000031 0.107584 0.007117 1.688584
0.885453 0.000351 0.000410 0.000198 0.000031 0.106442 0.007117 1.688623
0.886597 0.000348 0.000404 0.000187 0.000031 0.105317 0.007117 1.688653
0.887699 0.000342 0.000401 0.000185 0.000031 0.104226 0.007117 1.688694
0.888744 0.000347 0.000393 0.000179 0.000031 0.103190 0.007117 1.688723
0.889793 0.000345 0.000384 0.000177 0.000031 0.102154 0.007117 1.688753
0.890886 0.000335 0.000388 0.000177 0.000031 0.101066 0.007117 1.688794
0.891891 0.000336 0.000384 0.000172 0.000031 0.100070 0.007117 1.688829
0.892884 0.000344 0.000377 0.000167 0.000031 0.099081 0.007117 1.688862
0.893867 0.000337 0.000382 0.000167 0.000031 0.098099 0.007117 1.688903
0.894814 0.000336 0.000373 0.000164 0.000031 0.097165 0.007117 1.688933
0.895733 0.000340 0.000373 0.000163 0.000029 0.096245 0.007118 1.688965
0.896652 0.000335 0.000371 0.000163 0.000027 0.095334 0.007119 1.689000
0.897546 0.000344 0.000362 0.000157 0.000027 0.094445 0.007119 1.689029
0.898421 0.000343 0.000359 0.000156 0.000025 0.093577 0.007120 1.689062
0.899257 0.000345 0.000360 0.000149 0.000025 0.092743 0.007121 1.689094
0.900091 0.000354 0.000358 0.000146 0.000025 0.091907 0.007121 1.689123
0.900898 0.000356 0.000361 0.000139 0.000025 0.091101 0.007121 1.689156
0.901685 0.000356 0.000352 0.000145 0.000025 0.090316 0.007121 1.689189
0.902434 0.000358 0.000352 0.000148 0.000024 0.089562 0.007121 1.689224
0.903200 0.000354 0.000348 0.000151 0.000022 0.088803 0.007123 1.689259
0.903949 0.000347 0.000355 0.000144 0.000022 0.088061 0.007123 1.689291
0.904653 0.000348 0.000349 0.000139 0.000022 0.087367 0.007123 1.689322
0.905317 0.000346 0.000348 0.000141 0.000022 0.086703 0.007123 1.689357
0.905995 0.000356 0.000350 0.000141 0.000021 0.086012 0.007123 1.689389
0.906641 0.000349 0.000343 0.000144 0.000021 0.085379 0.007123 1.689424
0.907290 0.000344 0.000338 0.000144 0.000021 0.084740 0.007123 1.689459
0.907935 0.000343 0.000336 0.000141 0.000021 0.084099 0.007123 1.689489
0.908581 0.000338 0.000336 0.000145 0.000021 0.083455 0.007123 1.689527
0.909204 0.000330 0.000334 0.000148 0.000021 0.082841 0.007123 1.689561
0.909810 0.000328 0.000327 0.000145 0.000020 0.082246 0.007124 1.689588
0.910379 0.000330 0.000326 0.000146 0.000019 0.081676 0.007124 1.689619
0.910977 0.000324 0.000336 0.000146 0.000018 0.081075 0.007125 1.689653
0.911526 0.000324 0.000327 0.000147 0.000017 0.080534 0.007125 1.689681
0.912088 0.000328 0.000323 0.000148 0.000016 0.079972 0.007126 1.689706
0.912665 0.000319 0.000319 0.000149 0.000017 0.079406 0.007126 1.689739
0.913224 0.000305 0.000321 0.000151 0.000017 0.078856 0.007126 1.689774
0.913716 0.000303 0.000318 0.000152 0.000016 0.078369 0.007126 1.689803
0.914232 0.000301 0.000311 0.000152 0.000016 0.077861 0.007126 1.689837
0.914743 0.000296 0.000313 0.000148 0.000016 0.077357 0.007126 1.689868
0.915243 0.000286 0.000315 0.000149 0.000015 0.076864 0.007127 1.689906
0.915716 0.000291 0.000311 0.000145 0.000014 0.076396 0.007127 1.689928
0.916163 0.000289 0.000307 0.000148 0.000013 0.075951 0.007127 1.689957
0.916638 0.000291 0.000307 0.000144 0.000013 0.075481 0.007127 1.689983
0.917116 0.000294 0.000310 0.000138 0.000012 0.075002 0.007128 1.690011
0.917554 0.000292 0.000306 0.000140 0.000012 0.074568 0.007128 1.690040
0.917984 0.000283 0.000311 0.000137 0.000013 0.074145 0.007128 1.690075
0.918416 0.000276 0.000310 0.000134 0.000013 0.073722 0.007128 1.690105
0.918870 0.000279 0.000311 0.000133 0.000012 0.073267 0.007128 1.690136
0.919296 0.000282 0.000309 0.000132 0.000012 0.072840 0.007128 1.690164
0.919701 0.000284 0.000313 0.000129 0.000012 0.072434 0.007128 1.690191
0.920114 0.000282 0.000313 0.000128 0.000011 0.072023 0.007128 1.690219
0.920513 0.000286 0.000313 0.000128 0.000012 0.071620 0.007128 1.690248
0.920886 0.000290 0.000306 0.000122 0.000013 0.071255 0.007129 1.690275
0.921279 0.000285 0.000314 0.000119 0.000013 0.070862 0.007129 1.690305
0.921667 0.000278 0.000312 0.000126 0.000013 0.070476 0.007129 1.690340
0.922034 0.000275 0.000300 0.000125 0.000013 0.070125 0.007129 1.690366
0.922344 0.000281 0.000289 0.000122 0.000013 0.069822 0.007129 1.690393
0.922695 0.000282 0.000286 0.000123 0.000014 0.069472 0.007129 1.690417
0.923013 0.000275 0.000291 0.000126 0.000013 0.069153 0.007129 1.690448
0.923334 0.000268 0.000291 0.000128 0.000012 0.068838 0.007129 1.690477
0.923654 0.000271 0.000283 0.000131 0.000012 0.068522 0.007129 1.690503
0.923980 0.000269 0.000282 0.000126 0.000012 0.068202 0.007129 1.690527
0.924296 0.000268 0.000284 0.000125 0.000012 0.067885 0.007129 1.690554
0.924627 0.000267 0.000283 0.000135 0.000012 0.067547 0.007129 1.690586
0.924934 0.000259 0.000281 0.000131 0.000011 0.067256 0.007129 1.690613
0.925239 0.000256 0.000277 0.000126 0.000011 0.066962 0.007129 1.690634
0.925538 0.000259 0.000278 0.000127 0.000011 0.066658 0.007129 1.690663
0.925820 0.000265 0.000273 0.000128 0.000011 0.066374 0.007130 1.690688
0.926115 0.000265 0.000270 0.000125 0.000010 0.066086 0.007130 1.690714
0.926396 0.000271 0.000264 0.000117 0.000009 0.065814 0.007130 1.690734
0.926660 0.000265 0.000269 0.000115 0.000009 0.065552 0.007130 1.690763
0.926926 0.000270 0.000267 0.000111 0.000009 0.065288 0.007130 1.690786
0.927216 0.000263 0.000266 0.000111 0.000009 0.065005 0.007130 1.690813
0.927495 0.000252 0.000258 0.000116 0.000008 0.064741 0.007130 1.690842
0.927763 0.000251 0.000258 0.000110 0.000008 0.064481 0.007130 1.690862
0.928052 0.000242 0.000253 0.000109 0.000008 0.064207 0.007130 1.690888
0.928323 0.000234 0.000255 0.000111 0.000008 0.063940 0.007130 1.690914
0.928558 0.000240 0.000250 0.000104 0.000008 0.063712 0.007130 1.690932
0.928809 0.000235 0.000240 0.000105 0.000009 0.063473 0.007130 1.690955
0.929055 0.000231 0.000241 0.000106 0.000009 0.063230 0.007130 1.690977
0.929304 0.000224 0.000237 0.000106 0.000009 0.062991 0.007130 1.691003
0.929528 0.000230 0.000234 0.000110 0.000009 0.062759 0.007130 1.691023
0.929755 0.000230 0.000239 0.000111 0.000009 0.062527 0.007130 1.691053
0.929979 0.000235 0.000241 0.000107 0.000009 0.062299 0.007130 1.691076
0.930181 0.000230 0.000241 0.000110 0.000008 0.062100 0.007130 1.691102
0.930394 0.000230 0.000239 0.000112 0.000008 0.061887 0.007131 1.691126
0.930581 0.000225 0.000236 0.000109 0.000007 0.061710 0.007131 1.691146
0.930793 0.000230 0.000229 0.000106 0.000008 0.061505 0.007131 1.691161
0.930980 0.000235 0.000224 0.000111 0.000007 0.061313 0.007131 1.691182
0.931177 0.000232 0.000224 0.000112 0.000007 0.061118 0.007131 1.691208
0.931362 0.000238 0.000215 0.000114 0.000007 0.060934 0.007131 1.691225
0.931532 0.000239 0.000216 0.000111 0.000007 0.060764 0.007131 1.691247
0.931706 0.000238 0.000212 0.000108 0.000007 0.060599 0.007132 1.691269
0.931858 0.000231 0.000215 0.000109 0.000007 0.060449 0.007132 1.691295
0.932021 0.000224 0.000218 0.000112 0.000007 0.060286 0.007132 1.691321
0.932182 0.000229 0.000218 0.000114 0.000007 0.060120 0.007132 1.691341
0.932323 0.000228 0.000220 0.000111 0.000007 0.059980 0.007132 1.691364
0.932478 0.000215 0.000223 0.000109 0.000007 0.059837 0.007132 1.691392
0.932639 0.000213 0.000220 0.000107 0.000007 0.059682 0.007132 1.691411
0.932774 0.000211 0.000224 0.000110 0.000007 0.059544 0.007132 1.691431
0.932907 0.000217 0.000220 0.000107 0.000007 0.059410 0.007132 1.691448
0.933041 0.000219 0.000218 0.000104 0.000007 0.059279 0.007133 1.691466
0.933175 0.000217 0.000214 0.000105 0.000006 0.059151 0.007133 1.691487
0.933307 0.000218 0.000211 0.000105 0.000006 0.059018 0.007134 1.691506
0.933447 0.000221 0.000209 0.000105 0.000006 0.058879 0.007134 1.691523
0.933584 0.000226 0.000202 0.000101 0.000005 0.058748 0.007134 1.691540
0.933715 0.000222 0.000202 0.000097 0.000005 0.058625 0.007134 1.691559
0.933825 0.000220 0.000206 0.000098 0.000005 0.058512 0.007134 1.691582
0.933939 0.000213 0.000209 0.000101 0.000004 0.058399 0.007135 1.691611
0.934047 0.000215 0.000213 0.000098 0.000004 0.058288 0.007135 1.691633
0.934179 0.000210 0.000208 0.000099 0.000004 0.058165 0.007135 1.691652
0.934290 0.000207 0.000205 0.000098 0.000005 0.058061 0.007135 1.691673
0.934413 0.000213 0.000198 0.000096 0.000005 0.057940 0.007135 1.691691
0.934521 0.000214 0.000198 0.000098 0.000005 0.057829 0.007135 1.691713
0.934651 0.000212 0.000197 0.000099 0.000005 0.057701 0.007135 1.691734
0.934751 0.000213 0.000197 0.000100 0.000005 0.057599 0.007135 1.691755
0.934845 0.000214 0.000200 0.000101 0.000005 0.057500 0.007135 1.691779
0.934954 0.000212 0.000201 0.000102 0.000006 0.057391 0.007135 1.691802
0.935065 0.000215 0.000209 0.000098 0.000007 0.057272 0.007135 1.691821
0.935166 0.000209 0.000213 0.000102 0.000007 0.057167 0.007135 1.691849
0.935252 0.000213 0.000214 0.000100 0.000006 0.057081 0.007135 1.691871
0.935343 0.000218 0.000215 0.000101 0.000005 0.056982 0.007135 1.691890
0.935452 0.000210 0.000215 0.000101 0.000006 0.056881 0.007135 1.691913
0.935529 0.000215 0.000214 0.000103 0.000006 0.056799 0.007135 1.691936
0.935627 0.000214 0.000211 0.000102 0.000006 0.056705 0.007136 1.691957
0.935717 0.000218 0.000209 0.000098 0.000006 0.056617 0.007136 1.691976
0.935796 0.000223 0.000210 0.000100 0.000006 0.056529 0.007136 1.692001
0.935882 0.000218 0.000211 0.000105 0.000006 0.056443 0.007136 1.692027
0.935964 0.000216 0.000212 0.000099 0.000006 0.056367 0.007136 1.692047
0.936052 0.000204 0.000217 0.000099 0.000006 0.056285 0.007136 1.692075
0.936146 0.000207 0.000208 0.000098 0.000006 0.056200 0.007136 1.692092
0.936218 0.000211 0.000210 0.000097 0.000006 0.056123 0.007136 1.692111
0.936278 0.000216 0.000205 0.000101 0.000006 0.056059 0.007136 1.692136
0.936348 0.000219 0.000210 0.000097 0.000006 0.055985 0.007136 1.692156
0.936419 0.000223 0.000208 0.000095 0.000006 0.055914 0.007136 1.692172
0.936495 0.000222 0.000203 0.000101 0.000006 0.055838 0.007136 1.692194
0.936574 0.000224 0.000202 0.000101 0.000006 0.055758 0.007136 1.692212
0.936636 0.000231 0.000204 0.000101 0.000005 0.055686 0.007136 1.692234
0.936704 0.000225 0.000209 0.000104 0.000005 0.055618 0.007136 1.692262
0.936776 0.000226 0.000205 0.000106 0.000005 0.055547 0.007136 1.692285
0.936852 0.000217 0.000208 0.000109 0.000005 0.055474 0.007136 1.692311
0.936922 0.000218 0.000204 0.000107 0.000005 0.055409 0.007136 1.692332
0.936973 0.000218 0.000210 0.000107 0.000005 0.055352 0.007136 1.692361
0.937043 0.000220 0.000205 0.000107 0.000006 0.055284 0.007136 1.692381
0.937112 0.000219 0.000203 0.000106 0.000005 0.055220 0.007136 1.692402
0.937173 0.000219 0.000205 0.000105 0.000005 0.055158 0.007136 1.692424
0.937231 0.000218 0.000208 0.000104 0.000005 0.055097 0.007136 1.692451
0.937305 0.000219 0.000204 0.000106 0.000005 0.055026 0.007136 1.692470
0.937367 0.000220 0.000208 0.000105 0.000005 0.054959 0.007136 1.692494
0.937431 0.000219 0.000207 0.000105 0.000005 0.054897 0.007136 1.692516
0.937491 0.000219 0.000200 0.000102 0.000005 0.054846 0.007136 1.692533
0.937551 0.000217 0.000199 0.000103 0.000006 0.054789 0.007136 1.692552
0.937613 0.000218 0.000203 0.000102 0.000006 0.054721 0.007136 1.692576
0.937664 0.000219 0.000203 0.000100 0.000006 0.054671 0.007136 1.692599
0.937717 0.000223 0.000202 0.000096 0.000006 0.054620 0.007136 1.692619
0.937775 0.000220 0.000206 0.000097 0.000006 0.054559 0.007136 1.692646
0.937831 0.000216 0.000209 0.000101 0.000006 0.054502 0.007136 1.692667
0.937868 0.000225 0.000207 0.000098 0.000006 0.054459 0.007136 1.692683
0.937918 0.000228 0.000204 0.000099 0.000007 0.054408 0.007136 1.692705
0.937956 0.000237 0.000197 0.000098 0.000007 0.054369 0.007136 1.692721
0.937995 0.000238 0.000199 0.000099 0.000007 0.054325 0.007136 1.692742
0.938048 0.000232 0.000200 0.000099 0.000008 0.054276 0.007136 1.692767
0.938080 0.000232 0.000208 0.000096 0.000008 0.054239 0.007136 1.692793
0.938121 0.000233 0.000204 0.000093 0.000008 0.054205 0.007136 1.692818
0.938160 0.000231 0.000202 0.000092 0.000007 0.054171 0.007137 1.692838
0.938207 0.000232 0.000200 0.000091 0.000007 0.054126 0.007137 1.692860
0.938238 0.000226 0.000209 0.000091 0.000007 0.054093 0.007137 1.692886
0.938277 0.000227 0.000219 0.000093 0.000008 0.054041 0.007137 1.692912
0.938313 0.000230 0.000218 0.000093 0.000008 0.054001 0.007137 1.692935
0.938363 0.000222 0.000219 0.000094 0.000008 0.053958 0.007137 1.692958
0.938398 0.000218 0.000223 0.000097 0.000008 0.053919 0.007137 1.692983
0.938429 0.000220 0.000224 0.000092 0.000007 0.053891 0.007137 1.693006
0.938466 0.000222 0.000219 0.000094 0.000007 0.053855 0.007137 1.693028
0.938504 0.000226 0.000218 0.000094 0.000007 0.053816 0.007137 1.693045
0.938552 0.000229 0.000213 0.000095 0.000007 0.053768 0.007137 1.693063
0.938595 0.000223 0.000217 0.000095 0.000007 0.053726 0.007137 1.693087
0.938630 0.000217 0.000221 0.000097 0.000007 0.053691 0.007137 1.693113
0.938657 0.000227 0.000213 0.000096 0.000007 0.053665 0.007137 1.693130
0.938685 0.000232 0.000212 0.000094 0.000008 0.053633 0.007137 1.693147
0.938716 0.000233 0.000212 0.000094 0.000008 0.053602 0.007137 1.693170
0.938762 0.000230 0.000214 0.000094 0.000008 0.053557 0.007137 1.693194
0.938793 0.000231 0.000220 0.000094 0.000008 0.053518 0.007137 1.693216
0.938814 0.000238 0.000222 0.000093 0.000008 0.053489 0.007137 1.693240
0.938843 0.000240 0.000226 0.000089 0.000008 0.053457 0.007137 1.693260
0.938868 0.000245 0.000220 0.000094 0.000008 0.053429 0.007137 1.693278
0.938905 0.000246 0.000214 0.000097 0.000008 0.053395 0.007137 1.693298
0.938932 0.000244 0.000210 0.000093 0.000008 0.053375 0.007137 1.693324
0.938954 0.000244 0.000208 0.000095 0.000008 0.053355 0.007137 1.693347
0.938980 0.000240 0.000203 0.000096 0.000008 0.053335 0.007137 1.693371
0.939006 0.000241 0.000205 0.000095 0.000008 0.053309 0.007137 1.693390
0.939031 0.000243 0.000207 0.000098 0.000008 0.053278 0.007137 1.693417
0.939057 0.000244 0.000201 0.000098 0.000008 0.053255 0.007137 1.693439
0.939082 0.000244 0.000206 0.000097 0.000008 0.053227 0.007137 1.693464
0.939111 0.000240 0.000205 0.000098 0.000008 0.053201 0.007137 1.693489
0.939137 0.000236 0.000209 0.000097 0.000008 0.053177 0.007137 1.693513
0.939162 0.000233 0.000212 0.000098 0.000009 0.053150 0.007137 1.693539
0.939183 0.000227 0.000207 0.000101 0.000008 0.053138 0.007137 1.693564
0.939205 0.000230 0.000205 0.000101 0.000008 0.053114 0.007137 1.693583
0.939224 0.000226 0.000211 0.000101 0.000009 0.053093 0.007137 1.693608
0.939238 0.000223 0.000212 0.000104 0.000009 0.053077 0.007137 1.693633
0.939253 0.000224 0.000212 0.000102 0.000009 0.053063 0.007137 1.693656
0.939269 0.000222 0.000211 0.000102 0.000009 0.053049 0.007137 1.693677
0.939276 0.000228 0.000218 0.000101 0.000009 0.053031 0.007137 1.693699
0.939292 0.000226 0.000216 0.000097 0.000010 0.053023 0.007137 1.693720
0.939302 0.000228 0.000219 0.000095 0.000010 0.053009 0.007137 1.693742
0.939310 0.000231 0.000225 0.000096 0.000010 0.052990 0.007137 1.693767
0.939321 0.000227 0.000226 0.000099 0.000010 0.052980 0.007137 1.693791
0.939333 0.000233 0.000230 0.000096 0.000010 0.052961 0.007137 1.693810
0.939342 0.000234 0.000228 0.000098 0.000009 0.052951 0.007137 1.693834
0.939355 0.000237 0.000223 0.000099 0.000009 0.052939 0.007137 1.693856
0.939374 0.000229 0.000221 0.000102 0.000009 0.052927 0.007137 1.693883
0.939385 0.000231 0.000221 0.000103 0.000009 0.052914 0.007137 1.693909
0.939396 0.000227 0.000226 0.000106 0.000010 0.052898 0.007137 1.693931
0.939417 0.000225 0.000224 0.000109 0.000011 0.052878 0.007137 1.693953
0.939415 0.000232 0.000220 0.000111 0.000010 0.052875 0.007138 1.693974
0.939425 0.000229 0.000221 0.000108 0.000010 0.052868 0.007138 1.693996
0.939429 0.000242 0.000219 0.000108 0.000010 0.052854 0.007138 1.694013
0.939438 0.000234 0.000219 0.000113 0.000010 0.052848 0.007138 1.694043
0.939451 0.000241 0.000219 0.000114 0.000008 0.052828 0.007140 1.694065
0.939460 0.000233 0.000227 0.000113 0.000009 0.052818 0.007140 1.694093
0.939472 0.000228 0.000225 0.000111 0.000009 0.052816 0.007140 1.694119
0.939476 0.000226 0.000232 0.000110 0.000009 0.052808 0.007140 1.694146
0.939486 0.000222 0.000232 0.000107 0.000009 0.052805 0.007140 1.694171
0.939502 0.000222 0.000224 0.000108 0.000009 0.052793 0.007140 1.694189
0.939525 0.000218 0.000217 0.000105 0.000010 0.052784 0.007140 1.694207
0.939543 0.000217 0.000214 0.000107 0.000009 0.052769 0.007140 1.694226
0.939566 0.000217 0.000210 0.000107 0.000008 0.052752 0.007140 1.694244
0.939581 0.000211 0.000210 0.000111 0.000008 0.052739 0.007141 1.694269
0.939598 0.000209 0.000211 0.000109 0.000007 0.052725 0.007141 1.694290
0.939613 0.000216 0.000200 0.000104 0.000007 0.052720 0.007141 1.694302
0.939640 0.000212 0.000196 0.000104 0.000007 0.052700 0.007141 1.694320
0.939649 0.000207 0.000202 0.000102 0.000007 0.052692 0.007141 1.694343
0.939658 0.000206 0.000202 0.000101 0.000007 0.052686 0.007141 1.694365
0.939669 0.000203 0.000201 0.000100 0.000007 0.052679 0.007141 1.694388
0.939675 0.000201 0.000199 0.000105 0.000007 0.052673 0.007141 1.694411
0.939685 0.000205 0.000193 0.000104 0.000007 0.052665 0.007141 1.694427
0.939689 0.000214 0.000188 0.000101 0.000006 0.052660 0.007142 1.694441
0.939699 0.000206 0.000185 0.000104 0.000007 0.052658 0.007142 1.694462
0.939705 0.000201 0.000182 0.000103 0.000007 0.052660 0.007142 1.694483
0.939724 0.000193 0.000187 0.000102 0.000008 0.052644 0.007142 1.694502
0.939734 0.000191 0.000186 0.000097 0.000008 0.052641 0.007142 1.694523
0.939742 0.000191 0.000187 0.000096 0.000008 0.052634 0.007142 1.694541
0.939755 0.000187 0.000184 0.000097 0.000008 0.052627 0.007142 1.694559
0.939760 0.000188 0.000185 0.000092 0.000008 0.052624 0.007142 1.694578
0.939769 0.000188 0.000185 0.000093 0.000008 0.052616 0.007142 1.694596
0.939776 0.000182 0.000190 0.000093 0.000008 0.052610 0.007142 1.694616
0.939787 0.000181 0.000192 0.000094 0.000008 0.052596 0.007142 1.694635
0.939801 0.000179 0.000192 0.000093 0.000008 0.052585 0.007142 1.694652
0.939811 0.000178 0.000193 0.000090 0.000009 0.052577 0.007142 1.694670
0.939829 0.000171 0.000195 0.000086 0.000009 0.052568 0.007143 1.694688
0.939849 0.000170 0.000194 0.000082 0.000009 0.052554 0.007143 1.694702
0.939861 0.000177 0.000191 0.000082 0.000009 0.052538 0.007143 1.694716
0.939867 0.000185 0.000195 0.000082 0.000008 0.052520 0.007143 1.694731
0.939874 0.000177 0.000192 0.000081 0.000008 0.052525 0.007143 1.694751
0.939884 0.000175 0.000192 0.000078 0.000008 0.052520 0.007143 1.694771
0.939896 0.000176 0.000188 0.000076 0.000008 0.052513 0.007143 1.694789
0.939896 0.000178 0.000184 0.000078 0.000008 0.052514 0.007143 1.694808
0.939908 0.000178 0.000182 0.000082 0.000008 0.052500 0.007143 1.694826
0.939918 0.000171 0.000186 0.000085 0.000008 0.052489 0.007143 1.694849
0.939933 0.000171 0.000187 0.000082 0.000008 0.052475 0.007143 1.694864
0.939940 0.000175 0.000187 0.000084 0.000008 0.052463 0.007143 1.694881
0.939950 0.000173 0.000185 0.000085 0.000008 0.052457 0.007143 1.694898
0.939953 0.000174 0.000187 0.000083 0.000008 0.052453 0.007143 1.694917
0.939963 0.000175 0.000179 0.000085 0.000008 0.052448 0.007143 1.694934
0.939973 0.000175 0.000185 0.000080 0.000008 0.052436 0.007143 1.694951
0.939980 0.000179 0.000184 0.000076 0.000008 0.052429 0.007143 1.694966
0.939991 0.000179 0.000180 0.000078 0.000008 0.052422 0.007143 1.694981
0.940001 0.000175 0.000177 0.000082 0.000007 0.052415 0.007143 1.694998
0.939995 0.000179 0.000186 0.000080 0.000007 0.052411 0.007144 1.695017
0.940008 0.000180 0.000182 0.000078 0.000006 0.052402 0.007144 1.695031
0.940013 0.000188 0.000179 0.000077 0.000007 0.052392 0.007144 1.695048
0.940014 0.000197 0.000176 0.000079 0.000007 0.052385 0.007144 1.695065
0.940019 0.000206 0.000175 0.000077 0.000006 0.052374 0.007144 1.695081
0.940025 0.000208 0.000177 0.000077 0.000006 0.052364 0.007144 1.695100
0.940035 0.000203 0.000181 0.000078 0.000005 0.052354 0.007144 1.695123
0.940042 0.000198 0.000189 0.000081 0.000005 0.052342 0.007144 1.695147
0.940042 0.000194 0.000189 0.000078 0.000005 0.052348 0.007144 1.695172
0.940040 0.000198 0.000190 0.000078 0.000005 0.052345 0.007144 1.695191
0.940040 0.000202 0.000187 0.000077 0.000005 0.052346 0.007144 1.695209
0.940043 0.000200 0.000190 0.000080 0.000005 0.052338 0.007144 1.695233
0.940035 0.000213 0.000187 0.000084 0.000005 0.052332 0.007144 1.695254
0.940043 0.000208 0.000185 0.000086 0.000006 0.052330 0.007144 1.695275
0.940042 0.000211 0.000182 0.000086 0.000005 0.052330 0.007144 1.695293
0.940046 0.000213 0.000179 0.000084 0.000006 0.052328 0.007144 1.695312
0.940041 0.000213 0.000181 0.000086 0.000006 0.052328 0.007145 1.695336
0.940046 0.000214 0.000185 0.000082 0.000005 0.052322 0.007145 1.695354
0.940058 0.000208 0.000180 0.000086 0.000005 0.052317 0.007145 1.695375
0.940071 0.000210 0.000185 0.000086 0.000006 0.052297 0.007145 1.695395
0.940075 0.000217 0.000181 0.000085 0.000006 0.052291 0.007145 1.695412
0.940079 0.000215 0.000183 0.000085 0.000006 0.052289 0.007145 1.695434
0.940089 0.000212 0.000184 0.000088 0.000005 0.052276 0.007145 1.695453
0.940092 0.000211 0.000184 0.000085 0.000006 0.052276 0.007145 1.695471
0.940098 0.000210 0.000183 0.000083 0.000006 0.052275 0.007145 1.695489
0.940092 0.000213 0.000189 0.000083 0.000006 0.052272 0.007145 1.695509
0.940098 0.000211 0.000185 0.000087 0.000006 0.052268 0.007145 1.695528
0.940098 0.000211 0.000183 0.000083 0.000006 0.052273 0.007145 1.695545
0.940106 0.000210 0.000185 0.000085 0.000005 0.052263 0.007146 1.695564
0.940099 0.000217 0.000186 0.000085 0.000004 0.052263 0.007146 1.695583
0.940107 0.000213 0.000185 0.000087 0.000004 0.052260 0.007146 1.695602
0.940112 0.000206 0.000184 0.000089 0.000004 0.052259 0.007146 1.695626
0.940113 0.000206 0.000185 0.000088 0.000004 0.052257 0.007146 1.695645
0.940119 0.000202 0.000190 0.000088 0.000004 0.052250 0.007146 1.695671
0.940128 0.000203 0.000197 0.000086 0.000004 0.052238 0.007146 1.695691
0.940122 0.000203 0.000200 0.000086 0.000004 0.052240 0.007146 1.695712
0.940120 0.000199 0.000204 0.000088 0.000004 0.052238 0.007146 1.695734
0.940118 0.000198 0.000203 0.000092 0.000004 0.052241 0.007146 1.695753
0.940122 0.000193 0.000204 0.000088 0.000004 0.052243 0.007146 1.695772
0.940119 0.000191 0.000204 0.000087 0.000004 0.052249 0.007146 1.695795
0.940122 0.000191 0.000204 0.000089 0.000005 0.052243 0.007146 1.695816
0.940122 0.000193 0.000195 0.000091 0.000005 0.052248 0.007146 1.695829
0.940130 0.000192 0.000191 0.000092 0.000004 0.052245 0.007146 1.695847
0.940131 0.000193 0.000191 0.000093 0.000004 0.052242 0.007146 1.695866
0.940147 0.000191 0.000188 0.000093 0.000005 0.052230 0.007146 1.695884
0.940156 0.000188 0.000195 0.000091 0.000005 0.052219 0.007146 1.695901
0.940161 0.000190 0.000189 0.000092 0.000005 0.052218 0.007146 1.695916
0.940161 0.000191 0.000188 0.000088 0.000005 0.052220 0.007146 1.695933
0.940166 0.000187 0.000191 0.000087 0.000006 0.052218 0.007146 1.695952
0.940172 0.000183 0.000193 0.000086 0.000006 0.052214 0.007146 1.695972
0.940168 0.000188 0.000186 0.000088 0.000006 0.052219 0.007146 1.695990
0.940168 0.000198 0.000180 0.000085 0.000006 0.052216 0.007147 1.696000
0.940169 0.000198 0.000173 0.000085 0.000006 0.052221 0.007147 1.696016
0.940175 0.000194 0.000173 0.000084 0.000007 0.052219 0.007147 1.696033
0.940170 0.000191 0.000178 0.000088 0.000006 0.052220 0.007147 1.696057
0.940176 0.000187 0.000174 0.000091 0.000007 0.052219 0.007147 1.696075
0.940186 0.000183 0.000174 0.000090 0.000007 0.052214 0.007147 1.696092
0.940187 0.000182 0.000171 0.000095 0.000006 0.052213 0.007147 1.696113
0.940200 0.000177 0.000172 0.000088 0.000005 0.052211 0.007147 1.696129
0.940210 0.000175 0.000172 0.000090 0.000005 0.052201 0.007147 1.696145
0.940212 0.000175 0.000171 0.000091 0.000005 0.052200 0.007147 1.696162
0.940213 0.000171 0.000177 0.000088 0.000004 0.052200 0.007147 1.696184
0.940214 0.000163 0.000178 0.000090 0.000004 0.052205 0.007147 1.696206
0.940219 0.000159 0.000175 0.000086 0.000004 0.052210 0.007147 1.696220
0.940227 0.000161 0.000165 0.000088 0.000004 0.052210 0.007147 1.696232
0.940234 0.000160 0.000165 0.000087 0.000004 0.052204 0.007147 1.696251
0.940238 0.000155 0.000164 0.000090 0.000004 0.052202 0.007147 1.696266
0.940235 0.000158 0.000168 0.000087 0.000003 0.052201 0.007148 1.696282
0.940243 0.000154 0.000165 0.000088 0.000003 0.052199 0.007148 1.696299
0.940249 0.000148 0.000169 0.000087 0.000003 0.052197 0.007148 1.696319
0.940255 0.000148 0.000164 0.000083 0.000003 0.052199 0.007148 1.696333
0.940258 0.000150 0.000167 0.000075 0.000003 0.052199 0.007148 1.696347
0.940260 0.000150 0.000168 0.000071 0.000004 0.052199 0.007148 1.696360
0.940273 0.000149 0.000163 0.000071 0.000004 0.052192 0.007148 1.696373
0.940279 0.000148 0.000163 0.000071 0.000004 0.052189 0.007148 1.696393
0.940281 0.000144 0.000161 0.000072 0.000004 0.052191 0.007148 1.696408
0.940292 0.000146 0.000158 0.000069 0.000004 0.052184 0.007148 1.696421
0.940299 0.000148 0.000158 0.000068 0.000004 0.052175 0.007148 1.696433
0.940304 0.000150 0.000155 0.000071 0.000004 0.052168 0.007148 1.696447
0.940310 0.000152 0.000157 0.000070 0.000004 0.052157 0.007148 1.696462
0.940316 0.000155 0.000159 0.000072 0.000004 0.052147 0.007148 1.696479
0.940320 0.000150 0.000156 0.000072 0.000004 0.052150 0.007148 1.696496
0.940326 0.000147 0.000156 0.000069 0.000004 0.052150 0.007148 1.696511
0.940332 0.000147 0.000154 0.000070 0.000004 0.052145 0.007148 1.696526
0.940337 0.000146 0.000154 0.000071 0.000005 0.052140 0.007148 1.696541
0.940345 0.000144 0.000150 0.000074 0.000005 0.052135 0.007148 1.696555
0.940346 0.000149 0.000149 0.000073 0.000005 0.052131 0.007148 1.696565
0.940347 0.000151 0.000143 0.000074 0.000004 0.052131 0.007148 1.696581
0.940350 0.000148 0.000148 0.000078 0.000004 0.052123 0.007148 1.696603
0.940351 0.000152 0.000146 0.000080 0.000004 0.052118 0.007148 1.696617
0.940348 0.000157 0.000141 0.000084 0.000004 0.052118 0.007148 1.696630
0.940360 0.000149 0.000141 0.000084 0.000004 0.052114 0.007148 1.696648
0.940361 0.000145 0.000142 0.000082 0.000004 0.052118 0.007148 1.696665
0.940366 0.000144 0.000137 0.000081 0.000004 0.052118 0.007148 1.696678
0.940373 0.000145 0.000131 0.000074 0.000004 0.052123 0.007148 1.696689
0.940379 0.000140 0.000134 0.000077 0.000005 0.052116 0.007148 1.696707
0.940383 0.000140 0.000130 0.000078 0.000005 0.052115 0.007148 1.696722
0.940389 0.000141 0.000130 0.000078 0.000004 0.052108 0.007149 1.696736
0.940395 0.000141 0.000123 0.000082 0.000004 0.052105 0.007149 1.696752
0.940399 0.000145 0.000121 0.000083 0.000004 0.052098 0.007149 1.696764
0.940405 0.000144 0.000119 0.000084 0.000005 0.052093 0.007149 1.696779
0.940407 0.000144 0.000121 0.000083 0.000005 0.052091 0.007149 1.696795
0.940419 0.000144 0.000122 0.000079 0.000005 0.052082 0.007149 1.696807
0.940424 0.000147 0.000125 0.000075 0.000005 0.052074 0.007149 1.696819
0.940424 0.000150 0.000124 0.000071 0.000006 0.052076 0.007149 1.696832
0.940420 0.000152 0.000122 0.000070 0.000006 0.052079 0.007149 1.696848
0.940419 0.000153 0.000122 0.000070 0.000006 0.052080 0.007149 1.696866
0.940421 0.000149 0.000123 0.000071 0.000006 0.052080 0.007149 1.696882
0.940424 0.000147 0.000127 0.000069 0.000006 0.052077 0.007149 1.696896
0.940430 0.000142 0.000131 0.000068 0.000006 0.052072 0.007149 1.696913
0.940430 0.000148 0.000130 0.000069 0.000006 0.052069 0.007149 1.696925
0.940432 0.000147 0.000127 0.000070 0.000006 0.052070 0.007149 1.696943
0.940435 0.000150 0.000127 0.000066 0.000006 0.052067 0.007149 1.696957
0.940441 0.000146 0.000128 0.000065 0.000006 0.052065 0.007149 1.696971
0.940449 0.000145 0.000126 0.000064 0.000006 0.052061 0.007149 1.696981
0.940454 0.000143 0.000129 0.000063 0.000006 0.052056 0.007149 1.696995
0.940456 0.000143 0.000130 0.000060 0.000005 0.052056 0.007150 1.697008
0.940458 0.000142 0.000131 0.000063 0.000006 0.052052 0.007150 1.697023
0.940465 0.000141 0.000131 0.000061 0.000006 0.052045 0.007150 1.697036
0.940469 0.000143 0.000124 0.000060 0.000005 0.052049 0.007150 1.697044
0.940479 0.000139 0.000131 0.000060 0.000005 0.052036 0.007150 1.697061
0.940490 0.000139 0.000132 0.000061 0.000005 0.052023 0.007150 1.697071
0.940492 0.000138 0.000133 0.000058 0.000006 0.052023 0.007150 1.697084
0.940504 0.000128 0.000134 0.000061 0.000006 0.052017 0.007150 1.697102
0.940507 0.000135 0.000126 0.000061 0.000005 0.052014 0.007150 1.697110
0.940509 0.000137 0.000126 0.000063 0.000005 0.052009 0.007150 1.697123
0.940515 0.000139 0.000126 0.000061 0.000005 0.052004 0.007150 1.697135
0.940521 0.000133 0.000130 0.000062 0.000005 0.051999 0.007150 1.697152
0.940529 0.000130 0.000127 0.000062 0.000004 0.051997 0.007151 1.697163
