0.368019 0.062686 0.055166 0.031436 0.001998 0.475027 0.005669 1.549880
0.368940 0.061522 0.055184 0.031386 0.001987 0.475286 0.005696 1.555989
0.370482 0.059940 0.055023 0.031299 0.001980 0.475553 0.005725 1.561984
0.372137 0.058392 0.054837 0.031136 0.001991 0.475759 0.005748 1.567771
0.374200 0.056832 0.054567 0.030883 0.001995 0.475747 0.005775 1.573350
0.376221 0.055180 0.054269 0.030720 0.001978 0.475834 0.005799 1.578898
0.378603 0.053566 0.053876 0.030466 0.001984 0.475686 0.005819 1.584240
0.380822 0.052085 0.053316 0.030114 0.001990 0.475829 0.005846 1.589368
0.383141 0.050558 0.052863 0.029739 0.001985 0.475847 0.005868 1.594476
0.385717 0.049028 0.052333 0.029421 0.001975 0.475635 0.005893 1.599414
0.388210 0.047666 0.051752 0.028929 0.001970 0.475558 0.005915 1.604184
0.390774 0.046524 0.050975 0.028501 0.001962 0.475328 0.005937 1.608704
0.393384 0.045308 0.050342 0.028102 0.001953 0.474950 0.005962 1.613207
0.395996 0.044241 0.049552 0.027737 0.001952 0.474536 0.005987 1.617562
0.398752 0.043126 0.048778 0.027326 0.001939 0.474065 0.006014 1.621860
0.401544 0.042079 0.047961 0.026936 0.001931 0.473508 0.006041 1.626078
0.404401 0.041153 0.047208 0.026444 0.001927 0.472799 0.006070 1.630069
0.407245 0.040263 0.046492 0.025991 0.001939 0.471979 0.006091 1.634049
0.410110 0.039347 0.045768 0.025528 0.001929 0.471201 0.006117 1.638001
0.412953 0.038569 0.044999 0.025046 0.001920 0.470374 0.006139 1.641872
0.415849 0.037769 0.044194 0.024650 0.001913 0.469459 0.006165 1.645630
0.418680 0.037028 0.043458 0.024197 0.001899 0.468552 0.006188 1.649323
0.421501 0.036394 0.042718 0.023769 0.001886 0.467524 0.006209 1.652956
0.424382 0.035821 0.041898 0.023313 0.001874 0.466483 0.006230 1.656438
0.427279 0.035159 0.041131 0.022905 0.001866 0.465413 0.006247 1.659945
0.430288 0.034565 0.040422 0.022521 0.001842 0.464087 0.006275 1.663352
0.433193 0.034126 0.039687 0.022092 0.001833 0.462771 0.006298 1.666642
0.436101 0.033647 0.038901 0.021700 0.001805 0.461518 0.006328 1.669956
0.438995 0.033155 0.038343 0.021351 0.001771 0.460034 0.006350 1.673295
0.441871 0.032802 0.037706 0.020977 0.001748 0.458519 0.006377 1.676463
0.444772 0.032429 0.037066 0.020590 0.001744 0.457004 0.006395 1.679634
0.447664 0.032070 0.036475 0.020261 0.001717 0.455396 0.006418 1.682788
0.450521 0.031761 0.035929 0.019976 0.001704 0.453672 0.006439 1.685941
0.453447 0.031458 0.035289 0.019701 0.001676 0.451962 0.006467 1.688990
0.456368 0.031136 0.034737 0.019376 0.001662 0.450233 0.006487 1.692050
0.459207 0.030855 0.034292 0.019084 0.001639 0.448416 0.006508 1.695128
0.461977 0.030620 0.033738 0.018792 0.001627 0.446718 0.006528 1.698084
0.464768 0.030366 0.033241 0.018549 0.001592 0.444937 0.006547 1.701038
0.467604 0.030095 0.032795 0.018303 0.001566 0.443068 0.006569 1.704018
0.470490 0.029918 0.032415 0.017993 0.001548 0.441049 0.006587 1.706941
0.473284 0.029689 0.032109 0.017756 0.001528 0.439025 0.006608 1.709878
0.475912 0.029620 0.031701 0.017564 0.001512 0.437062 0.006629 1.712722
0.478677 0.029500 0.031294 0.017301 0.001495 0.435089 0.006645 1.715544
0.481264 0.029382 0.030871 0.017093 0.001477 0.433248 0.006666 1.718436
0.484093 0.029190 0.030552 0.016908 0.001463 0.431116 0.006678 1.721274
0.486737 0.029019 0.030210 0.016754 0.001438 0.429147 0.006695 1.724138
0.489381 0.028853 0.029947 0.016636 0.001420 0.427049 0.006714 1.727020
0.492054 0.028723 0.029582 0.016443 0.001406 0.425054 0.006737 1.729852
0.494601 0.028663 0.029242 0.016249 0.001387 0.423106 0.006753 1.732637
0.497179 0.028663 0.028949 0.016074 0.001367 0.421000 0.006768 1.735413
0.499683 0.028590 0.028787 0.015898 0.001361 0.418898 0.006783 1.738266
0.502194 0.028542 0.028525 0.015806 0.001328 0.416804 0.006802 1.741103
0.504573 0.028547 0.028306 0.015696 0.001305 0.414754 0.006818 1.743853
0.507032 0.028523 0.028076 0.015573 0.001291 0.412673 0.006832 1.746648
0.509526 0.028501 0.027895 0.015448 0.001273 0.410507 0.006851 1.749457
0.511727 0.028555 0.027672 0.015317 0.001255 0.408611 0.006863 1.752219
0.514016 0.028534 0.027467 0.015207 0.001231 0.406666 0.006880 1.755021
0.516103 0.028744 0.027294 0.015090 0.001218 0.404660 0.006892 1.757749
0.518345 0.028858 0.027099 0.015035 0.001205 0.402552 0.006907 1.760483
0.520522 0.028917 0.027001 0.014975 0.001189 0.400470 0.006928 1.763306
0.522711 0.028882 0.026850 0.014948 0.001176 0.398492 0.006941 1.766165
0.524898 0.028773 0.026742 0.014942 0.001162 0.396526 0.006957 1.769067
0.526871 0.028736 0.026696 0.014875 0.001150 0.394701 0.006973 1.771961
0.528814 0.028869 0.026599 0.014796 0.001148 0.392788 0.006987 1.774775
0.530796 0.028953 0.026545 0.014719 0.001139 0.390850 0.006999 1.777625
0.532766 0.029026 0.026441 0.014688 0.001120 0.388944 0.007016 1.780450
0.534662 0.029139 0.026427 0.014636 0.001119 0.386988 0.007029 1.783275
0.536439 0.029267 0.026394 0.014615 0.001107 0.385134 0.007045 1.786187
0.538285 0.029370 0.026305 0.014642 0.001087 0.383251 0.007060 1.789051
0.540068 0.029544 0.026289 0.014620 0.001073 0.381334 0.007072 1.791907
0.541800 0.029712 0.026305 0.014575 0.001058 0.379468 0.007084 1.794785
0.543478 0.029823 0.026379 0.014548 0.001052 0.377623 0.007097 1.797764
0.545143 0.029977 0.026358 0.014557 0.001044 0.375810 0.007111 1.800664
0.546803 0.029995 0.026396 0.014549 0.001027 0.374106 0.007124 1.803632
0.548314 0.030123 0.026329 0.014617 0.001016 0.372465 0.007135 1.806551
0.549849 0.030219 0.026310 0.014667 0.001007 0.370799 0.007148 1.809508
0.551427 0.030323 0.026337 0.014684 0.000999 0.369071 0.007160 1.812476
0.552889 0.030526 0.026335 0.014659 0.000990 0.367427 0.007173 1.815406
0.554319 0.030659 0.026403 0.014693 0.000987 0.365755 0.007184 1.818406
0.555758 0.030742 0.026415 0.014748 0.000976 0.364160 0.007201 1.821421
0.557119 0.030856 0.026466 0.014802 0.000966 0.362574 0.007218 1.824441
0.558507 0.030985 0.026556 0.014821 0.000972 0.360934 0.007227 1.827499
0.559789 0.031097 0.026578 0.014894 0.000976 0.359430 0.007237 1.830543
0.560970 0.031286 0.026658 0.014884 0.000976 0.357981 0.007245 1.833597
0.562089 0.031561 0.026639 0.014935 0.000963 0.356556 0.007256 1.836631
0.563234 0.031698 0.026722 0.014986 0.000959 0.355135 0.007266 1.839733
0.564392 0.031871 0.026916 0.015050 0.000956 0.353535 0.007279 1.842852
0.565428 0.032046 0.027035 0.015113 0.000952 0.352134 0.007292 1.846045
0.566493 0.032215 0.027125 0.015163 0.000946 0.350754 0.007304 1.849181
0.567475 0.032392 0.027200 0.015208 0.000942 0.349468 0.007315 1.852338
0.568516 0.032557 0.027242 0.015249 0.000938 0.348172 0.007326 1.855521
0.569376 0.032839 0.027279 0.015308 0.000934 0.346923 0.007342 1.858669
0.570358 0.033039 0.027338 0.015313 0.000925 0.345676 0.007351 1.861835
0.571262 0.033121 0.027478 0.015365 0.000919 0.344495 0.007361 1.865124
0.572265 0.033215 0.027625 0.015388 0.000922 0.343213 0.007372 1.868383
0.573072 0.033356 0.027812 0.015473 0.000914 0.341988 0.007386 1.871646
0.573884 0.033408 0.027904 0.015603 0.000912 0.340893 0.007396 1.875005
0.574642 0.033610 0.027991 0.015679 0.000920 0.339750 0.007408 1.878282
0.575437 0.033757 0.028085 0.015769 0.000923 0.338611 0.007418 1.881617
0.576116 0.034010 0.028141 0.015818 0.000918 0.337566 0.007432 1.884880
0.576914 0.034179 0.028203 0.015953 0.000918 0.336383 0.007449 1.888205
0.577585 0.034309 0.028366 0.015990 0.000913 0.335375 0.007462 1.891621
0.578231 0.034551 0.028436 0.016063 0.000911 0.334334 0.007474 1.894973
0.578893 0.034706 0.028571 0.016119 0.000903 0.333326 0.007482 1.898372
0.579417 0.034903 0.028702 0.016251 0.000897 0.332333 0.007497 1.901783
0.579926 0.035097 0.028787 0.016295 0.000905 0.331482 0.007509 1.905205
0.580466 0.035316 0.028890 0.016353 0.000919 0.330540 0.007516 1.908629
0.580949 0.035470 0.029017 0.016398 0.000918 0.329721 0.007528 1.912079
0.581444 0.035669 0.029184 0.016504 0.000921 0.328742 0.007538 1.915576
0.581902 0.035819 0.029331 0.016602 0.000911 0.327888 0.007548 1.919062
0.582345 0.035944 0.029446 0.016645 0.000914 0.327146 0.007560 1.922568
0.582680 0.036187 0.029605 0.016679 0.000918 0.326362 0.007571 1.926065
0.583039 0.036357 0.029822 0.016736 0.000916 0.325547 0.007584 1.929612
0.583428 0.036450 0.029989 0.016808 0.000917 0.324812 0.007598 1.933242
0.583744 0.036679 0.030044 0.016838 0.000920 0.324166 0.007608 1.936728
0.583988 0.036859 0.030234 0.016862 0.000911 0.323526 0.007621 1.940327
0.584237 0.037081 0.030309 0.016913 0.000916 0.322914 0.007631 1.943876
0.584567 0.037184 0.030372 0.016971 0.000922 0.322339 0.007645 1.947483
0.584690 0.037376 0.030512 0.017121 0.000918 0.321722 0.007661 1.951088
0.584967 0.037408 0.030688 0.017215 0.000918 0.321131 0.007673 1.954792
0.585171 0.037564 0.030801 0.017275 0.000923 0.320581 0.007685 1.958388
0.585430 0.037708 0.030986 0.017292 0.000930 0.319962 0.007693 1.962038
0.585572 0.037879 0.031209 0.017370 0.000934 0.319331 0.007705 1.965765
0.585672 0.038070 0.031283 0.017460 0.000931 0.318869 0.007716 1.969443
0.585881 0.038161 0.031360 0.017553 0.000934 0.318387 0.007724 1.973173
0.585965 0.038189 0.031582 0.017610 0.000935 0.317981 0.007737 1.976958
0.586010 0.038322 0.031707 0.017696 0.000932 0.317585 0.007748 1.980701
0.586020 0.038431 0.031833 0.017798 0.000936 0.317223 0.007759 1.984521
0.585974 0.038553 0.032065 0.017883 0.000943 0.316812 0.007771 1.988325
0.586105 0.038620 0.032193 0.017991 0.000937 0.316373 0.007782 1.992110
0.586037 0.038812 0.032334 0.018061 0.000940 0.316024 0.007791 1.995883
0.586079 0.038964 0.032424 0.018112 0.000932 0.315685 0.007805 1.999651
0.586225 0.039010 0.032649 0.018204 0.000934 0.315163 0.007816 2.003497
0.586294 0.039079 0.032737 0.018243 0.000939 0.314878 0.007829 2.007302
0.586299 0.039202 0.032831 0.018299 0.000937 0.314592 0.007840 2.011108
0.586273 0.039316 0.033017 0.018374 0.000948 0.314221 0.007851 2.014922
0.586290 0.039386 0.033164 0.018373 0.000948 0.313974 0.007866 2.018754
0.586387 0.039360 0.033335 0.018412 0.000935 0.313693 0.007878 2.022635
0.586357 0.039439 0.033461 0.018504 0.000933 0.313417 0.007889 2.026477
0.586441 0.039422 0.033543 0.018562 0.000933 0.313199 0.007901 2.030381
0.586439 0.039420 0.033662 0.018641 0.000950 0.312979 0.007909 2.034321
0.586311 0.039462 0.033750 0.018711 0.000952 0.312894 0.007921 2.038203
0.586305 0.039498 0.033792 0.018786 0.000949 0.312736 0.007934 2.042100
0.586227 0.039531 0.033870 0.018853 0.000957 0.312618 0.007943 2.046000
0.586248 0.039556 0.033876 0.018882 0.000954 0.312529 0.007954 2.049840
0.586254 0.039587 0.033998 0.018893 0.000947 0.312352 0.007968 2.053750
0.586238 0.039619 0.034100 0.018946 0.000951 0.312167 0.007980 2.057633
0.586209 0.039689 0.034089 0.018982 0.000964 0.312078 0.007990 2.061478
0.586210 0.039711 0.034210 0.018983 0.000972 0.311915 0.007999 2.065350
0.586265 0.039763 0.034288 0.019041 0.000972 0.311657 0.008015 2.069241
0.586230 0.039807 0.034386 0.019057 0.000978 0.311512 0.008029 2.073130
0.586048 0.039870 0.034461 0.019133 0.000997 0.311453 0.008037 2.077063
0.586014 0.039854 0.034517 0.019166 0.000995 0.311406 0.008047 2.080988
0.586004 0.039815 0.034594 0.019193 0.001001 0.311336 0.008057 2.084972
0.586037 0.039755 0.034672 0.019198 0.001007 0.311262 0.008070 2.088909
0.585936 0.039795 0.034743 0.019192 0.001012 0.311238 0.008083 2.092809
0.585950 0.039763 0.034779 0.019221 0.001021 0.311173 0.008094 2.096745
0.585908 0.039791 0.034766 0.019195 0.001034 0.311203 0.008104 2.100619
0.585927 0.039807 0.034756 0.019222 0.001045 0.311129 0.008114 2.104473
0.585883 0.039794 0.034793 0.019192 0.001052 0.311164 0.008122 2.108393
0.585904 0.039726 0.034877 0.019272 0.001059 0.311026 0.008137 2.112327
0.585947 0.039724 0.034886 0.019296 0.001066 0.310926 0.008155 2.116199
0.586019 0.039714 0.034894 0.019270 0.001062 0.310872 0.008168 2.120062
0.585985 0.039746 0.034914 0.019273 0.001055 0.310845 0.008183 2.123968
0.586021 0.039646 0.034934 0.019318 0.001059 0.310828 0.008192 2.127952
0.586030 0.039573 0.034940 0.019394 0.001061 0.310797 0.008205 2.131918
0.586061 0.039564 0.035037 0.019384 0.001069 0.310671 0.008213 2.135828
0.586119 0.039590 0.035069 0.019327 0.001078 0.310592 0.008226 2.139674
0.586148 0.039521 0.035076 0.019295 0.001093 0.310629 0.008238 2.143566
0.586110 0.039548 0.035003 0.019242 0.001091 0.310748 0.008258 2.147389
0.586254 0.039442 0.034902 0.019279 0.001109 0.310741 0.008273 2.151264
0.586279 0.039397 0.034935 0.019265 0.001108 0.310735 0.008281 2.155151
0.586307 0.039455 0.034859 0.019225 0.001120 0.310737 0.008296 2.158929
0.586272 0.039493 0.034864 0.019303 0.001113 0.310648 0.008307 2.162776
0.586375 0.039407 0.034895 0.019306 0.001111 0.310580 0.008326 2.166658
0.586477 0.039339 0.034850 0.019288 0.001104 0.310600 0.008342 2.170492
0.586574 0.039240 0.034891 0.019311 0.001101 0.310527 0.008357 2.174401
0.586663 0.039191 0.034811 0.019386 0.001094 0.310487 0.008368 2.178270
0.586704 0.039162 0.034763 0.019375 0.001085 0.310525 0.008387 2.182085
0.586824 0.039070 0.034776 0.019389 0.001083 0.310458 0.008400 2.185973
0.586860 0.039113 0.034674 0.019322 0.001076 0.310542 0.008413 2.189765
0.586864 0.039073 0.034669 0.019252 0.001057 0.310657 0.008428 2.193602
0.586982 0.039089 0.034694 0.019235 0.001051 0.310508 0.008442 2.197386
0.586978 0.039062 0.034757 0.019206 0.001052 0.310486 0.008460 2.201243
0.586945 0.039027 0.034724 0.019180 0.001043 0.310610 0.008472 2.205109
0.586936 0.039073 0.034811 0.019093 0.001049 0.310553 0.008484 2.208990
0.587045 0.039027 0.034838 0.018974 0.001051 0.310567 0.008499 2.212805
0.587182 0.038936 0.034857 0.018995 0.001049 0.310470 0.008510 2.216633
0.587318 0.038942 0.034798 0.018903 0.001052 0.310463 0.008524 2.220458
0.587458 0.038920 0.034728 0.018909 0.001057 0.310395 0.008534 2.224212
0.587682 0.038756 0.034775 0.018896 0.001061 0.310285 0.008545 2.228095
0.587726 0.038862 0.034653 0.018901 0.001056 0.310243 0.008559 2.231804
0.587851 0.038782 0.034626 0.018922 0.001052 0.310196 0.008571 2.235634
0.587904 0.038674 0.034609 0.018934 0.001038 0.310258 0.008583 2.239463
0.588018 0.038623 0.034645 0.018890 0.001044 0.310184 0.008598 2.243266
0.588173 0.038578 0.034552 0.018839 0.001052 0.310198 0.008609 2.247048
0.588283 0.038580 0.034518 0.018792 0.001046 0.310156 0.008624 2.250796
0.588328 0.038616 0.034510 0.018777 0.001043 0.310092 0.008635 2.254604
0.588460 0.038568 0.034468 0.018745 0.001051 0.310062 0.008646 2.258371
0.588669 0.038492 0.034427 0.018709 0.001046 0.309997 0.008661 2.262168
0.588799 0.038437 0.034376 0.018718 0.001049 0.309947 0.008675 2.265955
0.588950 0.038415 0.034343 0.018698 0.001050 0.309852 0.008692 2.269692
0.589060 0.038355 0.034343 0.018705 0.001050 0.309784 0.008705 2.273517
0.589275 0.038276 0.034380 0.018709 0.001051 0.309590 0.008719 2.277315
0.589554 0.038173 0.034334 0.018708 0.001046 0.309454 0.008731 2.281100
0.589610 0.038144 0.034345 0.018709 0.001044 0.309405 0.008744 2.284905
0.589692 0.038201 0.034284 0.018709 0.001047 0.309310 0.008757 2.288648
0.590001 0.038035 0.034252 0.018730 0.001048 0.309164 0.008771 2.292437
0.590169 0.037946 0.034231 0.018741 0.001046 0.309082 0.008786 2.296209
0.590426 0.037872 0.034223 0.018703 0.001053 0.308927 0.008796 2.299930
0.590588 0.037855 0.034226 0.018643 0.001059 0.308821 0.008808 2.303642
0.590757 0.037783 0.034159 0.018616 0.001050 0.308814 0.008822 2.307355
0.590889 0.037828 0.034084 0.018593 0.001039 0.308731 0.008837 2.311047
0.590993 0.037847 0.034045 0.018590 0.001043 0.308636 0.008847 2.314728
0.591081 0.037815 0.034051 0.018564 0.001045 0.308584 0.008861 2.318505
0.591306 0.037672 0.034023 0.018611 0.001055 0.308464 0.008870 2.322276
0.591390 0.037675 0.033977 0.018609 0.001054 0.308412 0.008884 2.325985
0.591567 0.037645 0.033974 0.018639 0.001049 0.308229 0.008898 2.329723
0.591703 0.037610 0.033963 0.018651 0.001055 0.308108 0.008909 2.333506
0.591843 0.037567 0.033999 0.018649 0.001045 0.307975 0.008923 2.337228
0.592073 0.037568 0.033968 0.018575 0.001042 0.307838 0.008935 2.340872
0.592126 0.037665 0.033888 0.018571 0.001043 0.307762 0.008946 2.344533
0.592263 0.037613 0.033858 0.018581 0.001049 0.307679 0.008957 2.348279
0.592368 0.037579 0.033831 0.018599 0.001052 0.307603 0.008969 2.351989
0.592566 0.037613 0.033798 0.018527 0.001051 0.307461 0.008982 2.355647
0.592612 0.037723 0.033718 0.018421 0.001058 0.307476 0.008992 2.359297
0.592721 0.037619 0.033716 0.018408 0.001067 0.307468 0.009001 2.363073
0.592802 0.037633 0.033688 0.018400 0.001074 0.307392 0.009011 2.366815
0.592960 0.037629 0.033648 0.018376 0.001060 0.307305 0.009022 2.370495
0.593129 0.037601 0.033675 0.018368 0.001059 0.307137 0.009032 2.374196
0.593376 0.037592 0.033642 0.018356 0.001064 0.306925 0.009045 2.377872
0.593511 0.037622 0.033621 0.018282 0.001064 0.306843 0.009058 2.381517
0.593689 0.037671 0.033565 0.018262 0.001068 0.306676 0.009068 2.385176
0.593886 0.037654 0.033565 0.018205 0.001071 0.306537 0.009081 2.388839
0.594054 0.037716 0.033478 0.018172 0.001065 0.306422 0.009094 2.392459
0.594279 0.037553 0.033597 0.018236 0.001071 0.306155 0.009108 2.396248
0.594334 0.037554 0.033582 0.018250 0.001065 0.306094 0.009123 2.399945
0.594489 0.037555 0.033534 0.018247 0.001059 0.305976 0.009141 2.403623
0.594631 0.037466 0.033504 0.018308 0.001057 0.305878 0.009155 2.407360
0.594687 0.037424 0.033512 0.018359 0.001058 0.305795 0.009165 2.411105
0.594897 0.037356 0.033505 0.018324 0.001053 0.305692 0.009175 2.414835
0.595136 0.037264 0.033571 0.018280 0.001049 0.305514 0.009187 2.418520
0.595225 0.037297 0.033518 0.018283 0.001042 0.305432 0.009203 2.422164
0.595287 0.037341 0.033502 0.018318 0.001037 0.305301 0.009216 2.425866
0.595328 0.037389 0.033510 0.018332 0.001025 0.305185 0.009231 2.429577
0.595583 0.037316 0.033492 0.018332 0.001018 0.305015 0.009247 2.433258
0.595637 0.037390 0.033479 0.018278 0.001016 0.304941 0.009260 2.436853
0.595741 0.037441 0.033435 0.018272 0.001010 0.304827 0.009276 2.440498
0.595952 0.037354 0.033521 0.018253 0.001006 0.304627 0.009288 2.444252
0.596030 0.037354 0.033493 0.018218 0.001014 0.304595 0.009295 2.447932
0.596239 0.037343 0.033493 0.018180 0.001021 0.304417 0.009306 2.451585
0.596375 0.037247 0.033507 0.018229 0.001016 0.304309 0.009318 2.455320
0.596491 0.037291 0.033463 0.018167 0.001011 0.304248 0.009330 2.458914
0.596663 0.037271 0.033534 0.018101 0.001019 0.304069 0.009344 2.462582
0.596882 0.037136 0.033507 0.018168 0.001018 0.303935 0.009354 2.466283
0.596949 0.037188 0.033537 0.018108 0.001017 0.303834 0.009366 2.469942
0.597055 0.037261 0.033472 0.018176 0.001035 0.303629 0.009372 2.473563
0.597120 0.037254 0.033474 0.018168 0.001041 0.303561 0.009383 2.477261
0.597254 0.037295 0.033387 0.018180 0.001039 0.303451 0.009395 2.480891
0.597374 0.037314 0.033372 0.018129 0.001040 0.303371 0.009399 2.484526
0.597382 0.037382 0.033360 0.018143 0.001036 0.303285 0.009411 2.488200
0.597472 0.037457 0.033344 0.018065 0.001040 0.303202 0.009422 2.491797
0.597533 0.037562 0.033236 0.018061 0.001053 0.303124 0.009431 2.495398
0.597654 0.037586 0.033283 0.018046 0.001061 0.302927 0.009443 2.499103
0.597929 0.037426 0.033298 0.018086 0.001064 0.302739 0.009457 2.502853
0.597950 0.037572 0.033253 0.018044 0.001072 0.302645 0.009466 2.506448
0.598036 0.037610 0.033208 0.018070 0.001068 0.302530 0.009478 2.510096
0.598126 0.037625 0.033234 0.018102 0.001065 0.302356 0.009492 2.513726
0.598214 0.037628 0.033227 0.018142 0.001064 0.302219 0.009506 2.517405
0.598341 0.037638 0.033279 0.018127 0.001070 0.302027 0.009518 2.521046
0.598442 0.037596 0.033266 0.018133 0.001063 0.301969 0.009532 2.524747
0.598537 0.037601 0.033256 0.018176 0.001062 0.301826 0.009542 2.528402
0.598590 0.037600 0.033240 0.018172 0.001069 0.301775 0.009553 2.532074
0.598730 0.037567 0.033197 0.018202 0.001069 0.301669 0.009566 2.535762
0.598728 0.037723 0.033190 0.018196 0.001058 0.301526 0.009579 2.539378
0.598773 0.037722 0.033167 0.018214 0.001046 0.301479 0.009598 2.543065
0.598839 0.037702 0.033199 0.018211 0.001060 0.301380 0.009610 2.546792
0.598919 0.037618 0.033224 0.018220 0.001060 0.301341 0.009620 2.550506
0.599022 0.037516 0.033218 0.018215 0.001071 0.301321 0.009638 2.554224
0.599163 0.037563 0.033170 0.018202 0.001071 0.301179 0.009651 2.557886
0.599185 0.037743 0.033109 0.018148 0.001074 0.301077 0.009664 2.561497
0.599223 0.037686 0.033114 0.018202 0.001074 0.301023 0.009679 2.565253
0.599392 0.037657 0.033139 0.018206 0.001084 0.300833 0.009690 2.568937
0.599432 0.037582 0.033097 0.018248 0.001083 0.300858 0.009701 2.572621
0.599510 0.037613 0.033116 0.018226 0.001081 0.300742 0.009712 2.576279
0.599540 0.037661 0.033041 0.018260 0.001093 0.300686 0.009719 2.579946
0.599589 0.037551 0.033188 0.018280 0.001095 0.300565 0.009732 2.583767
0.599588 0.037706 0.033110 0.018229 0.001086 0.300537 0.009744 2.587360
0.599632 0.037701 0.033152 0.018223 0.001086 0.300450 0.009757 2.591066
0.599702 0.037672 0.033158 0.018240 0.001087 0.300368 0.009773 2.594784
0.599809 0.037642 0.033093 0.018244 0.001085 0.300345 0.009782 2.598471
0.599917 0.037622 0.033121 0.018298 0.001082 0.300167 0.009794 2.602186
0.599939 0.037607 0.033200 0.018275 0.001078 0.300092 0.009809 2.605906
0.600019 0.037633 0.033251 0.018268 0.001077 0.299933 0.009819 2.609574
0.599970 0.037715 0.033233 0.018268 0.001070 0.299907 0.009837 2.613198
0.599940 0.037688 0.033253 0.018286 0.001072 0.299911 0.009851 2.616976
0.599919 0.037788 0.033316 0.018260 0.001066 0.299788 0.009864 2.620618
0.599913 0.037796 0.033243 0.018280 0.001058 0.299835 0.009876 2.624322
0.599962 0.037640 0.033373 0.018335 0.001058 0.299745 0.009886 2.628096
0.599962 0.037665 0.033399 0.018321 0.001066 0.299690 0.009897 2.631810
0.600106 0.037674 0.033379 0.018296 0.001067 0.299567 0.009911 2.635467
0.600096 0.037710 0.033397 0.018261 0.001065 0.299544 0.009926 2.639188
0.600090 0.037758 0.033413 0.018191 0.001056 0.299555 0.009938 2.642847
0.600099 0.037741 0.033404 0.018277 0.001058 0.299471 0.009951 2.646598
0.600058 0.037672 0.033419 0.018285 0.001052 0.299551 0.009964 2.650345
0.600085 0.037669 0.033398 0.018313 0.001051 0.299510 0.009974 2.654044
0.600161 0.037686 0.033457 0.018311 0.001049 0.299350 0.009987 2.657736
0.600222 0.037705 0.033441 0.018370 0.001044 0.299218 0.010000 2.661411
0.600254 0.037712 0.033462 0.018390 0.001047 0.299124 0.010012 2.665068
0.600304 0.037680 0.033496 0.018340 0.001051 0.299103 0.010025 2.668798
0.600348 0.037722 0.033438 0.018365 0.001051 0.299040 0.010035 2.672452
0.600328 0.037658 0.033480 0.018364 0.001046 0.299076 0.010049 2.676184
0.600394 0.037721 0.033464 0.018350 0.001031 0.298979 0.010063 2.679811
0.600431 0.037727 0.033424 0.018330 0.001035 0.298983 0.010071 2.683509
0.600485 0.037717 0.033454 0.018290 0.001043 0.298933 0.010079 2.687230
0.600484 0.037735 0.033518 0.018236 0.001033 0.298898 0.010095 2.690885
0.600456 0.037846 0.033473 0.018181 0.001039 0.298895 0.010110 2.694540
0.600421 0.037924 0.033485 0.018233 0.001039 0.298775 0.010124 2.698291
0.600411 0.037928 0.033513 0.018283 0.001042 0.298689 0.010135 2.702009
0.600480 0.038024 0.033467 0.018263 0.001046 0.298571 0.010150 2.705600
0.600427 0.038038 0.033530 0.018250 0.001042 0.298551 0.010162 2.709308
0.600465 0.038064 0.033546 0.018290 0.001051 0.298408 0.010175 2.713011
0.600470 0.038081 0.033571 0.018258 0.001046 0.298385 0.010189 2.716731
0.600358 0.038071 0.033570 0.018294 0.001052 0.298455 0.010201 2.720480
0.600334 0.038111 0.033567 0.018230 0.001058 0.298484 0.010214 2.724192
0.600314 0.038125 0.033617 0.018216 0.001052 0.298449 0.010226 2.727947
0.600270 0.038068 0.033653 0.018261 0.001045 0.298465 0.010238 2.731752
0.600520 0.037938 0.033675 0.018249 0.001040 0.298324 0.010253 2.735493
0.600613 0.037867 0.033673 0.018228 0.001034 0.298318 0.010266 2.739215
0.600674 0.037901 0.033664 0.018219 0.001047 0.298215 0.010280 2.742886
0.600640 0.038023 0.033599 0.018238 0.001039 0.298167 0.010294 2.746550
0.600528 0.038030 0.033598 0.018295 0.001027 0.298212 0.010310 2.750298
0.600486 0.038031 0.033565 0.018301 0.001031 0.298263 0.010323 2.754048
0.600548 0.038025 0.033670 0.018321 0.001034 0.298066 0.010336 2.757784
0.600558 0.037996 0.033662 0.018349 0.001030 0.298061 0.010346 2.761518
0.600628 0.038021 0.033615 0.018370 0.001033 0.297977 0.010356 2.765173
0.600754 0.037998 0.033661 0.018365 0.001032 0.297824 0.010366 2.768884
0.600736 0.037937 0.033655 0.018388 0.001038 0.297866 0.010380 2.772670
0.600759 0.037900 0.033673 0.018381 0.001033 0.297862 0.010393 2.776397
0.600736 0.037934 0.033547 0.018380 0.001030 0.297967 0.010407 2.780122
0.600800 0.037891 0.033594 0.018353 0.001034 0.297904 0.010423 2.783843
0.600756 0.037989 0.033539 0.018332 0.001021 0.297924 0.010439 2.787531
0.600728 0.037974 0.033538 0.018320 0.001018 0.297967 0.010454 2.791275
0.600736 0.037922 0.033529 0.018333 0.001020 0.297993 0.010467 2.794984
0.600737 0.037843 0.033560 0.018379 0.001012 0.297987 0.010482 2.798743
0.600676 0.037945 0.033548 0.018319 0.001013 0.298009 0.010490 2.802352
0.600706 0.038013 0.033512 0.018340 0.001009 0.297917 0.010504 2.806054
0.600640 0.038006 0.033545 0.018373 0.001001 0.297915 0.010519 2.809771
0.600637 0.038038 0.033530 0.018404 0.001001 0.297858 0.010534 2.813487
0.600623 0.038049 0.033537 0.018416 0.000994 0.297835 0.010547 2.817229
0.600726 0.037955 0.033597 0.018430 0.000997 0.297737 0.010557 2.821009
0.600768 0.037908 0.033550 0.018437 0.000999 0.297770 0.010569 2.824691
0.600732 0.037929 0.033665 0.018444 0.000998 0.297647 0.010584 2.828447
0.600705 0.037938 0.033571 0.018422 0.001005 0.297762 0.010599 2.832156
0.600838 0.037804 0.033686 0.018409 0.001005 0.297646 0.010614 2.835949
0.600815 0.037824 0.033747 0.018422 0.001004 0.297563 0.010625 2.839714
0.600784 0.037961 0.033702 0.018435 0.001006 0.297478 0.010633 2.843349
0.600618 0.038089 0.033731 0.018421 0.001010 0.297486 0.010645 2.847069
0.600618 0.038080 0.033740 0.018475 0.000992 0.297430 0.010665 2.850859
0.600624 0.038064 0.033701 0.018444 0.000995 0.297494 0.010679 2.854576
0.600501 0.038150 0.033702 0.018464 0.001004 0.297491 0.010687 2.858279
0.600370 0.038136 0.033688 0.018565 0.000993 0.297549 0.010701 2.862071
0.600329 0.038204 0.033674 0.018571 0.000990 0.297520 0.010712 2.865815
0.600289 0.038221 0.033636 0.018525 0.001002 0.297603 0.010725 2.869532
0.600340 0.038245 0.033639 0.018477 0.001007 0.297554 0.010737 2.873188
0.600353 0.038180 0.033737 0.018549 0.001002 0.297433 0.010747 2.876941
0.600503 0.037937 0.033758 0.018562 0.001005 0.297475 0.010762 2.880757
0.600592 0.037908 0.033734 0.018508 0.001016 0.297472 0.010770 2.884459
0.600550 0.037930 0.033740 0.018474 0.001023 0.297499 0.010784 2.888159
0.600575 0.037902 0.033690 0.018464 0.001025 0.297552 0.010794 2.891852
0.600707 0.037818 0.033764 0.018487 0.001020 0.297395 0.010808 2.895578
0.600759 0.037726 0.033787 0.018461 0.001025 0.297422 0.010820 2.899352
0.600752 0.037736 0.033696 0.018476 0.001031 0.297476 0.010834 2.903038
0.600781 0.037708 0.033668 0.018470 0.001031 0.297495 0.010848 2.906723
0.600886 0.037703 0.033665 0.018460 0.001029 0.297397 0.010859 2.910416
0.600834 0.037708 0.033611 0.018469 0.001028 0.297480 0.010871 2.914149
0.600760 0.037705 0.033654 0.018468 0.001032 0.297496 0.010885 2.917896
0.600732 0.037773 0.033584 0.018429 0.001039 0.297548 0.010895 2.921559
0.600666 0.037816 0.033558 0.018457 0.001040 0.297558 0.010904 2.925260
0.600741 0.037830 0.033545 0.018428 0.001041 0.297500 0.010915 2.928929
0.600746 0.037876 0.033523 0.018382 0.001039 0.297509 0.010926 2.932598
0.600763 0.037930 0.033504 0.018323 0.001040 0.297502 0.010938 2.936245
0.600869 0.037893 0.033540 0.018354 0.001030 0.297362 0.010953 2.939999
0.600809 0.037909 0.033551 0.018378 0.001027 0.297363 0.010963 2.943728
0.600732 0.037913 0.033571 0.018391 0.001021 0.297393 0.010979 2.947455
0.600845 0.037835 0.033443 0.018384 0.001011 0.297488 0.010994 2.951146
0.600801 0.037875 0.033382 0.018422 0.001009 0.297505 0.011007 2.954822
0.600888 0.037886 0.033422 0.018430 0.001016 0.297338 0.011020 2.958516
0.600817 0.037858 0.033466 0.018452 0.001017 0.297358 0.011032 2.962271
0.600852 0.037842 0.033403 0.018500 0.001009 0.297347 0.011046 2.965958
0.600846 0.037843 0.033414 0.018505 0.001005 0.297330 0.011058 2.969685
0.600861 0.037870 0.033458 0.018437 0.001004 0.297300 0.011069 2.973355
0.600702 0.038004 0.033426 0.018439 0.001004 0.297346 0.011080 2.977024
0.600698 0.037978 0.033498 0.018456 0.001008 0.297274 0.011089 2.980776
0.600518 0.038033 0.033540 0.018431 0.001009 0.297366 0.011102 2.984514
0.600512 0.038065 0.033538 0.018375 0.001008 0.297391 0.011111 2.988150
0.600637 0.038070 0.033432 0.018374 0.001022 0.297341 0.011124 2.991819
0.600616 0.038117 0.033424 0.018355 0.001018 0.297335 0.011136 2.995492
0.600609 0.038119 0.033414 0.018362 0.001015 0.297333 0.011149 2.999247
0.600669 0.038042 0.033471 0.018301 0.001018 0.297339 0.011160 3.002973
0.600692 0.038102 0.033424 0.018253 0.001024 0.297335 0.011170 3.006627
0.600711 0.038000 0.033505 0.018266 0.001029 0.297308 0.011182 3.010399
0.600578 0.038138 0.033490 0.018300 0.001021 0.297278 0.011197 3.014069
0.600633 0.038154 0.033401 0.018239 0.001028 0.297336 0.011210 3.017722
0.600615 0.038144 0.033400 0.018228 0.001022 0.297370 0.011223 3.021431
0.600610 0.038096 0.033455 0.018266 0.001033 0.297309 0.011232 3.025157
0.600768 0.037901 0.033483 0.018324 0.001028 0.297253 0.011244 3.028919
0.600737 0.037888 0.033496 0.018368 0.001025 0.297232 0.011254 3.032638
0.600796 0.037870 0.033525 0.018341 0.001024 0.297181 0.011264 3.036321
0.600709 0.037945 0.033457 0.018315 0.001017 0.297279 0.011277 3.039969
0.600666 0.038024 0.033481 0.018284 0.001025 0.297234 0.011286 3.043658
0.600634 0.038015 0.033448 0.018386 0.001024 0.297195 0.011300 3.047378
0.600784 0.037920 0.033558 0.018356 0.001031 0.297032 0.011319 3.051090
0.600848 0.037868 0.033556 0.018373 0.001020 0.296997 0.011336 3.054800
0.600856 0.037825 0.033606 0.018397 0.001019 0.296947 0.011350 3.058516
0.600816 0.037861 0.033621 0.018374 0.001017 0.296954 0.011358 3.062233
0.600881 0.037852 0.033644 0.018326 0.001021 0.296908 0.011368 3.065954
0.600870 0.037843 0.033669 0.018336 0.001018 0.296882 0.011383 3.069716
0.600827 0.037861 0.033585 0.018372 0.000999 0.296961 0.011396 3.073462
0.600738 0.037870 0.033616 0.018369 0.000994 0.297005 0.011409 3.077203
0.600759 0.037798 0.033611 0.018415 0.000984 0.297011 0.011422 3.080920
0.600741 0.037817 0.033580 0.018413 0.000996 0.297021 0.011432 3.084658
0.600703 0.037824 0.033633 0.018412 0.001003 0.296983 0.011442 3.088395
0.600729 0.037795 0.033601 0.018375 0.001006 0.297040 0.011455 3.092095
0.600911 0.037767 0.033555 0.018360 0.001007 0.296933 0.011468 3.095790
0.600834 0.037797 0.033538 0.018421 0.001014 0.296916 0.011480 3.099541
0.600883 0.037775 0.033435 0.018421 0.001010 0.296985 0.011491 3.103247
0.600858 0.037730 0.033398 0.018454 0.001015 0.297039 0.011506 3.106977
0.600899 0.037597 0.033376 0.018503 0.001015 0.297094 0.011517 3.110761
0.600880 0.037664 0.033394 0.018452 0.001014 0.297067 0.011530 3.114382
0.600969 0.037677 0.033385 0.018424 0.001023 0.296980 0.011542 3.118024
0.601087 0.037584 0.033395 0.018402 0.001032 0.296943 0.011556 3.121744
0.601173 0.037556 0.033353 0.018388 0.001025 0.296939 0.011567 3.125442
0.601306 0.037535 0.033370 0.018322 0.001029 0.296857 0.011581 3.129087
0.601381 0.037556 0.033346 0.018336 0.001030 0.296757 0.011593 3.132694
0.601414 0.037607 0.033297 0.018304 0.001030 0.296746 0.011604 3.136341
0.601401 0.037567 0.033304 0.018302 0.001029 0.296784 0.011613 3.140048
0.601405 0.037534 0.033366 0.018326 0.001022 0.296719 0.011628 3.143758
0.601424 0.037554 0.033396 0.018326 0.001027 0.296634 0.011638 3.147466
0.601510 0.037462 0.033422 0.018389 0.001034 0.296534 0.011649 3.151176
0.601460 0.037484 0.033442 0.018420 0.001035 0.296501 0.011660 3.154871
0.601534 0.037379 0.033426 0.018447 0.001046 0.296497 0.011670 3.158573
0.601680 0.037249 0.033318 0.018498 0.001040 0.296530 0.011686 3.162287
0.601687 0.037254 0.033285 0.018498 0.001047 0.296530 0.011699 3.165945
0.601788 0.037270 0.033307 0.018458 0.001050 0.296414 0.011712 3.169574
0.601893 0.037304 0.033226 0.018460 0.001051 0.296346 0.011722 3.173190
0.601916 0.037298 0.033213 0.018448 0.001046 0.296346 0.011735 3.176861
0.601973 0.037256 0.033223 0.018432 0.001048 0.296321 0.011746 3.180485
0.602030 0.037261 0.033212 0.018446 0.001049 0.296248 0.011756 3.184157
0.601997 0.037245 0.033232 0.018425 0.001046 0.296283 0.011772 3.187837
0.602076 0.037315 0.033128 0.018383 0.001059 0.296256 0.011783 3.191432
0.602209 0.037265 0.033180 0.018379 0.001054 0.296113 0.011799 3.195127
0.602212 0.037236 0.033111 0.018419 0.001055 0.296160 0.011808 3.198787
0.602317 0.037206 0.033110 0.018377 0.001057 0.296112 0.011821 3.202489
0.602447 0.037133 0.033065 0.018396 0.001057 0.296069 0.011834 3.206179
0.602457 0.037111 0.033077 0.018333 0.001044 0.296133 0.011845 3.209796
0.602505 0.037181 0.033022 0.018340 0.001045 0.296047 0.011859 3.213407
0.602497 0.037237 0.033073 0.018276 0.001049 0.296001 0.011868 3.217062
0.602456 0.037302 0.033141 0.018229 0.001044 0.295945 0.011884 3.220746
0.602534 0.037310 0.033207 0.018213 0.001033 0.295808 0.011895 3.224399
0.602433 0.037441 0.033166 0.018170 0.001030 0.295855 0.011907 3.228014
0.602459 0.037470 0.033116 0.018205 0.001022 0.295809 0.011918 3.231635
0.602479 0.037456 0.033185 0.018237 0.001018 0.295698 0.011927 3.235315
0.602566 0.037452 0.033228 0.018199 0.001024 0.295594 0.011935 3.238997
0.602602 0.037341 0.033232 0.018220 0.001031 0.295630 0.011943 3.242710
0.602586 0.037415 0.033164 0.018190 0.001033 0.295656 0.011954 3.246365
0.602625 0.037368 0.033218 0.018211 0.001029 0.295583 0.011966 3.250069
0.602627 0.037392 0.033203 0.018227 0.001043 0.295539 0.011969 3.253763
0.602669 0.037463 0.033206 0.018210 0.001047 0.295424 0.011981 3.257403
0.602579 0.037514 0.033150 0.018277 0.001045 0.295442 0.011993 3.261114
0.602628 0.037537 0.033213 0.018267 0.001032 0.295319 0.012004 3.264737
0.602588 0.037553 0.033176 0.018239 0.001028 0.295400 0.012015 3.268394
0.602613 0.037587 0.033185 0.018265 0.001027 0.295298 0.012024 3.272092
0.602507 0.037588 0.033187 0.018298 0.001031 0.295351 0.012038 3.275827
0.602430 0.037606 0.033189 0.018277 0.001037 0.295414 0.012049 3.279498
0.602459 0.037580 0.033211 0.018263 0.001041 0.295384 0.012062 3.283186
0.602359 0.037592 0.033287 0.018255 0.001035 0.295393 0.012079 3.286902
0.602325 0.037644 0.033359 0.018251 0.001042 0.295287 0.012091 3.290582
0.602310 0.037737 0.033360 0.018273 0.001037 0.295179 0.012104 3.294243
0.602224 0.037798 0.033333 0.018237 0.001036 0.295256 0.012116 3.297947
0.602180 0.037773 0.033293 0.018264 0.001040 0.295326 0.012125 3.301640
0.602228 0.037710 0.033326 0.018280 0.001042 0.295276 0.012137 3.305384
0.602222 0.037780 0.033288 0.018310 0.001034 0.295215 0.012151 3.309019
0.602181 0.037808 0.033313 0.018294 0.001031 0.295212 0.012160 3.312703
0.602064 0.037774 0.033380 0.018311 0.001033 0.295267 0.012171 3.316475
0.602089 0.037811 0.033422 0.018284 0.001035 0.295180 0.012179 3.320159
0.602063 0.037836 0.033418 0.018344 0.001028 0.295120 0.012193 3.323905
0.602057 0.037757 0.033467 0.018419 0.001027 0.295069 0.012204 3.327691
0.601995 0.037914 0.033422 0.018354 0.001030 0.295069 0.012215 3.331300
0.601995 0.037983 0.033372 0.018339 0.001027 0.295059 0.012226 3.334941
0.601919 0.037978 0.033423 0.018372 0.001009 0.295057 0.012241 3.338721
0.601996 0.037855 0.033388 0.018358 0.001007 0.295140 0.012256 3.342464
0.601943 0.037811 0.033348 0.018415 0.001017 0.295195 0.012272 3.346211
0.601973 0.037835 0.033368 0.018407 0.001019 0.295116 0.012284 3.349879
0.602004 0.037858 0.033410 0.018341 0.001018 0.295072 0.012297 3.353531
0.602013 0.037795 0.033438 0.018341 0.001005 0.295097 0.012312 3.357251
0.601950 0.037828 0.033498 0.018329 0.001005 0.295069 0.012322 3.360961
0.601860 0.037841 0.033568 0.018355 0.001006 0.295036 0.012334 3.364701
0.601801 0.037821 0.033626 0.018333 0.001002 0.295072 0.012347 3.368428
0.601882 0.037717 0.033656 0.018355 0.000985 0.295043 0.012364 3.372207
0.601866 0.037787 0.033620 0.018283 0.000980 0.295085 0.012379 3.375834
0.601799 0.037746 0.033626 0.018324 0.000982 0.295131 0.012392 3.379549
0.601804 0.037707 0.033691 0.018362 0.000989 0.295044 0.012403 3.383284
0.601749 0.037784 0.033665 0.018355 0.000991 0.295045 0.012412 3.386967
0.601675 0.037763 0.033653 0.018392 0.000997 0.295096 0.012426 3.390709
0.601659 0.037834 0.033603 0.018380 0.001006 0.295080 0.012438 3.394374
0.601710 0.037818 0.033665 0.018352 0.000997 0.295005 0.012454 3.398122
0.601636 0.037872 0.033575 0.018373 0.001004 0.295073 0.012468 3.401842
0.601529 0.037898 0.033551 0.018375 0.001004 0.295165 0.012479 3.405520
0.601478 0.037890 0.033566 0.018342 0.001018 0.295220 0.012486 3.409242
0.601533 0.037795 0.033603 0.018435 0.001017 0.295123 0.012494 3.413035
0.601429 0.037777 0.033630 0.018479 0.001011 0.295167 0.012507 3.416815
0.601404 0.037735 0.033682 0.018439 0.001013 0.295210 0.012519 3.420504
0.601421 0.037753 0.033657 0.018446 0.001009 0.295184 0.012530 3.424171
0.601394 0.037751 0.033694 0.018417 0.001007 0.295195 0.012542 3.427869
0.601324 0.037842 0.033597 0.018450 0.000994 0.295237 0.012556 3.431544
0.601384 0.037754 0.033663 0.018441 0.000998 0.295195 0.012567 3.435270
0.601302 0.037821 0.033625 0.018426 0.000999 0.295248 0.012580 3.438944
0.601220 0.037853 0.033632 0.018444 0.000989 0.295269 0.012593 3.442629
0.601226 0.037914 0.033572 0.018447 0.000994 0.295246 0.012603 3.446291
0.601231 0.037955 0.033536 0.018347 0.000995 0.295323 0.012613 3.449919
0.601241 0.037976 0.033509 0.018324 0.000999 0.295326 0.012626 3.453581
0.601258 0.037953 0.033566 0.018308 0.001005 0.295274 0.012635 3.457275
0.601210 0.037924 0.033572 0.018314 0.001011 0.295317 0.012651 3.461032
0.601171 0.037868 0.033653 0.018360 0.001010 0.295282 0.012657 3.464826
0.601144 0.037900 0.033619 0.018413 0.000998 0.295252 0.012674 3.468508
0.601063 0.037911 0.033605 0.018401 0.000997 0.295335 0.012689 3.472201
0.601137 0.037896 0.033627 0.018346 0.001006 0.295288 0.012701 3.475886
0.601178 0.037864 0.033572 0.018358 0.001016 0.295302 0.012711 3.479562
0.601161 0.037939 0.033556 0.018375 0.001010 0.295240 0.012720 3.483215
0.601161 0.038041 0.033517 0.018440 0.001016 0.295091 0.012734 3.486904
0.601111 0.038069 0.033504 0.018361 0.001018 0.295193 0.012744 3.490591
0.600962 0.038173 0.033443 0.018364 0.001024 0.295283 0.012752 3.494278
0.600967 0.038097 0.033447 0.018417 0.001010 0.295299 0.012764 3.498039
0.600801 0.038220 0.033491 0.018458 0.001008 0.295243 0.012779 3.501764
0.600901 0.038185 0.033507 0.018442 0.001005 0.295173 0.012788 3.505470
0.600908 0.038095 0.033540 0.018428 0.001004 0.295226 0.012800 3.509213
0.600826 0.038041 0.033572 0.018505 0.001002 0.295248 0.012807 3.513016
0.600839 0.038098 0.033543 0.018427 0.001006 0.295271 0.012816 3.516672
0.600821 0.038087 0.033501 0.018431 0.000996 0.295334 0.012830 3.520377
0.600826 0.038060 0.033544 0.018422 0.000996 0.295308 0.012844 3.524111
0.600798 0.038074 0.033578 0.018382 0.001007 0.295308 0.012853 3.527826
0.600751 0.038000 0.033564 0.018448 0.001010 0.295363 0.012865 3.531559
0.600688 0.038051 0.033605 0.018450 0.000998 0.295327 0.012882 3.535273
0.600759 0.037958 0.033607 0.018441 0.000995 0.295346 0.012895 3.539011
0.600727 0.037961 0.033623 0.018435 0.001003 0.295343 0.012909 3.542710
0.600735 0.037881 0.033681 0.018478 0.001002 0.295304 0.012920 3.546483
0.600787 0.037827 0.033656 0.018509 0.000999 0.295286 0.012936 3.550175
0.600874 0.037820 0.033565 0.018473 0.001007 0.295314 0.012948 3.553805
0.600838 0.037841 0.033579 0.018425 0.001015 0.295343 0.012958 3.557489
0.600836 0.037758 0.033520 0.018479 0.001019 0.295417 0.012971 3.561229
0.600852 0.037789 0.033435 0.018507 0.001026 0.295407 0.012984 3.564928
0.600848 0.037832 0.033396 0.018479 0.001017 0.295434 0.012996 3.568563
0.600850 0.037798 0.033390 0.018415 0.001012 0.295525 0.013011 3.572247
0.600852 0.037760 0.033411 0.018470 0.001009 0.295475 0.013023 3.575985
