0.361304 0.061746 0.055088 0.031429 0.002073 0.482623 0.005737 1.585047
0.363253 0.059911 0.054905 0.031252 0.002077 0.482841 0.005761 1.590916
0.365967 0.057535 0.054679 0.031022 0.002081 0.482930 0.005786 1.596591
0.368963 0.054952 0.054390 0.030659 0.002093 0.483138 0.005805 1.602149
0.372392 0.052303 0.053946 0.030223 0.002090 0.483217 0.005829 1.607450
0.375970 0.049651 0.053389 0.029801 0.002094 0.483236 0.005860 1.612509
0.379727 0.047143 0.052742 0.029316 0.002092 0.483091 0.005891 1.617260
0.383551 0.044799 0.051880 0.028802 0.002085 0.482964 0.005919 1.621725
0.387542 0.042514 0.050956 0.028196 0.002080 0.482772 0.005940 1.626002
0.391712 0.040275 0.050127 0.027587 0.002068 0.482259 0.005971 1.630136
0.395895 0.038231 0.049139 0.026851 0.002052 0.481837 0.005997 1.633965
0.400072 0.036292 0.048024 0.026197 0.002028 0.481363 0.006024 1.637652
0.404387 0.034537 0.046897 0.025511 0.002003 0.480614 0.006051 1.641106
0.408858 0.032802 0.045816 0.024822 0.001986 0.479637 0.006079 1.644461
0.413323 0.031237 0.044749 0.024084 0.001980 0.478529 0.006098 1.647600
0.417856 0.029864 0.043606 0.023396 0.001966 0.477191 0.006121 1.650542
0.422362 0.028532 0.042485 0.022662 0.001944 0.475859 0.006157 1.653374
0.426867 0.027187 0.041371 0.021968 0.001936 0.474493 0.006179 1.656166
0.431531 0.026009 0.040220 0.021278 0.001918 0.472835 0.006209 1.658708
0.436143 0.024865 0.039115 0.020616 0.001899 0.471129 0.006232 1.661223
0.440755 0.023883 0.037907 0.019985 0.001875 0.469340 0.006257 1.663570
0.445312 0.022900 0.036749 0.019367 0.001863 0.467532 0.006278 1.665877
0.449875 0.022006 0.035678 0.018700 0.001835 0.465603 0.006304 1.668088
0.454473 0.021183 0.034597 0.018058 0.001804 0.463563 0.006323 1.670163
0.458958 0.020431 0.033535 0.017462 0.001778 0.461481 0.006355 1.672189
0.463563 0.019690 0.032538 0.016850 0.001742 0.459240 0.006377 1.674118
0.468064 0.018991 0.031471 0.016297 0.001713 0.457068 0.006395 1.676014
0.472575 0.018402 0.030497 0.015721 0.001682 0.454700 0.006424 1.677813
0.477064 0.017807 0.029593 0.015252 0.001646 0.452190 0.006449 1.679636
0.481609 0.017284 0.028640 0.014789 0.001622 0.449591 0.006467 1.681313
0.486047 0.016798 0.027711 0.014302 0.001592 0.447064 0.006486 1.682970
0.490543 0.016286 0.026789 0.013860 0.001568 0.444450 0.006505 1.684613
0.494964 0.015845 0.025950 0.013421 0.001542 0.441758 0.006519 1.686173
0.499407 0.015418 0.025118 0.012982 0.001524 0.439012 0.006539 1.687683
0.503833 0.014970 0.024380 0.012594 0.001494 0.436166 0.006562 1.689205
0.508200 0.014578 0.023633 0.012228 0.001470 0.433313 0.006579 1.690680
0.512581 0.014172 0.022925 0.011826 0.001448 0.430449 0.006598 1.692109
0.516892 0.013859 0.022192 0.011436 0.001426 0.427582 0.006613 1.693469
0.521191 0.013562 0.021480 0.011097 0.001399 0.424639 0.006632 1.694774
0.525468 0.013265 0.020889 0.010754 0.001371 0.421605 0.006650 1.696099
0.529656 0.012971 0.020314 0.010436 0.001346 0.418606 0.006671 1.697414
0.533828 0.012672 0.019770 0.010144 0.001323 0.415578 0.006686 1.698726
0.538033 0.012452 0.019208 0.009838 0.001302 0.412469 0.006699 1.699967
0.542171 0.012229 0.018690 0.009526 0.001283 0.409389 0.006712 1.701184
0.546212 0.012070 0.018161 0.009232 0.001256 0.406341 0.006729 1.702363
0.550329 0.011850 0.017639 0.008949 0.001231 0.403260 0.006742 1.703517
0.554440 0.011694 0.017160 0.008721 0.001203 0.400024 0.006757 1.704662
0.558396 0.011486 0.016709 0.008515 0.001181 0.396943 0.006770 1.705830
0.562402 0.011305 0.016253 0.008301 0.001159 0.393799 0.006782 1.706964
0.566468 0.011136 0.015820 0.008052 0.001135 0.390596 0.006793 1.708057
0.570302 0.011048 0.015437 0.007820 0.001111 0.387472 0.006810 1.709135
0.574210 0.010957 0.015064 0.007622 0.001082 0.384238 0.006828 1.710179
0.578101 0.010827 0.014722 0.007421 0.001063 0.381026 0.006841 1.711250
0.581836 0.010715 0.014379 0.007241 0.001036 0.377935 0.006858 1.712333
0.585589 0.010606 0.014049 0.007069 0.001016 0.374797 0.006874 1.713382
0.589321 0.010499 0.013728 0.006910 0.000986 0.371668 0.006888 1.714420
0.593033 0.010396 0.013423 0.006754 0.000963 0.368530 0.006902 1.715433
0.596726 0.010287 0.013144 0.006589 0.000947 0.365393 0.006915 1.716440
0.600294 0.010190 0.012860 0.006492 0.000935 0.362304 0.006926 1.717488
0.603803 0.010114 0.012601 0.006379 0.000917 0.359249 0.006937 1.718505
0.607312 0.010004 0.012344 0.006259 0.000900 0.356231 0.006949 1.719512
0.610904 0.009919 0.012133 0.006170 0.000874 0.353036 0.006964 1.720504
0.614387 0.009834 0.011920 0.006065 0.000856 0.349961 0.006978 1.721461
0.617744 0.009800 0.011742 0.005962 0.000835 0.346931 0.006985 1.722446
0.621070 0.009749 0.011532 0.005865 0.000823 0.343962 0.006998 1.723417
0.624399 0.009658 0.011375 0.005817 0.000810 0.340932 0.007008 1.724419
0.627728 0.009631 0.011192 0.005729 0.000793 0.337908 0.007020 1.725347
0.631069 0.009601 0.011037 0.005628 0.000783 0.334853 0.007030 1.726273
0.634208 0.009564 0.010854 0.005598 0.000770 0.331967 0.007040 1.727248
0.637370 0.009543 0.010697 0.005503 0.000761 0.329078 0.007048 1.728184
0.640529 0.009517 0.010578 0.005419 0.000746 0.326152 0.007059 1.729150
0.643550 0.009546 0.010425 0.005361 0.000733 0.323320 0.007066 1.730095
0.646646 0.009488 0.010298 0.005304 0.000725 0.320468 0.007072 1.731032
0.649753 0.009448 0.010202 0.005219 0.000705 0.317590 0.007083 1.731973
0.652762 0.009423 0.010070 0.005172 0.000681 0.314800 0.007094 1.732902
0.655796 0.009400 0.009935 0.005074 0.000662 0.312030 0.007103 1.733809
0.658751 0.009476 0.009793 0.005019 0.000651 0.309202 0.007108 1.734694
0.661721 0.009444 0.009758 0.004989 0.000636 0.306335 0.007119 1.735647
0.664577 0.009459 0.009665 0.004972 0.000630 0.303571 0.007127 1.736561
0.667393 0.009444 0.009630 0.004917 0.000622 0.300863 0.007132 1.737504
0.670243 0.009475 0.009562 0.004895 0.000616 0.298074 0.007136 1.738431
0.673020 0.009451 0.009536 0.004859 0.000604 0.295387 0.007143 1.739411
0.675700 0.009473 0.009452 0.004824 0.000593 0.292808 0.007151 1.740346
0.678351 0.009505 0.009421 0.004792 0.000585 0.290187 0.007160 1.741280
0.681028 0.009482 0.009397 0.004767 0.000574 0.287589 0.007165 1.742225
0.683667 0.009486 0.009322 0.004757 0.000567 0.285029 0.007172 1.743170
0.686265 0.009488 0.009262 0.004724 0.000549 0.282535 0.007178 1.744109
0.688750 0.009491 0.009194 0.004732 0.000539 0.280107 0.007186 1.745076
0.691258 0.009529 0.009181 0.004728 0.000526 0.277588 0.007192 1.746035
0.693703 0.009554 0.009161 0.004700 0.000523 0.275164 0.007196 1.746988
0.696085 0.009589 0.009156 0.004681 0.000513 0.272776 0.007200 1.747954
0.698445 0.009591 0.009115 0.004692 0.000504 0.270448 0.007207 1.748904
0.700896 0.009621 0.009081 0.004693 0.000494 0.268003 0.007212 1.749860
0.703255 0.009701 0.009085 0.004658 0.000484 0.265600 0.007217 1.750802
0.705479 0.009786 0.009077 0.004638 0.000480 0.263318 0.007224 1.751766
0.707765 0.009820 0.009061 0.004621 0.000470 0.261037 0.007227 1.752727
0.709902 0.009919 0.009046 0.004634 0.000456 0.258810 0.007233 1.753674
0.712104 0.009907 0.009015 0.004646 0.000448 0.256642 0.007238 1.754689
0.714271 0.010013 0.008975 0.004649 0.000440 0.254405 0.007248 1.755654
0.716336 0.010112 0.008918 0.004644 0.000429 0.252305 0.007257 1.756607
0.718429 0.010193 0.008933 0.004645 0.000423 0.250112 0.007266 1.757581
0.720492 0.010278 0.008960 0.004634 0.000418 0.247949 0.007269 1.758571
0.722484 0.010325 0.009004 0.004646 0.000409 0.245858 0.007275 1.759611
0.724431 0.010373 0.009060 0.004700 0.000406 0.243750 0.007281 1.760660
0.726401 0.010410 0.009083 0.004690 0.000405 0.241726 0.007286 1.761634
0.728361 0.010477 0.009092 0.004681 0.000397 0.239703 0.007291 1.762637
0.730269 0.010572 0.009145 0.004711 0.000391 0.237617 0.007296 1.763641
0.732112 0.010628 0.009173 0.004726 0.000392 0.235671 0.007300 1.764689
0.733963 0.010695 0.009213 0.004739 0.000391 0.233699 0.007302 1.765731
0.735807 0.010758 0.009221 0.004740 0.000391 0.231776 0.007307 1.766774
0.737554 0.010800 0.009245 0.004754 0.000387 0.229951 0.007310 1.767839
0.739234 0.010919 0.009275 0.004765 0.000389 0.228106 0.007312 1.768887
0.740957 0.010992 0.009300 0.004773 0.000376 0.226284 0.007319 1.769950
0.742613 0.011070 0.009338 0.004797 0.000367 0.224491 0.007325 1.771032
0.744146 0.011165 0.009446 0.004855 0.000364 0.222696 0.007329 1.772159
0.745638 0.011307 0.009512 0.004897 0.000366 0.220948 0.007333 1.773262
0.747128 0.011455 0.009552 0.004927 0.000357 0.219243 0.007338 1.774327
0.748580 0.011567 0.009609 0.004979 0.000354 0.217571 0.007341 1.775464
0.750038 0.011662 0.009668 0.005028 0.000354 0.215905 0.007345 1.776590
0.751450 0.011793 0.009706 0.005084 0.000354 0.214265 0.007349 1.777726
0.752832 0.011929 0.009777 0.005117 0.000359 0.212635 0.007352 1.778889
0.754150 0.012045 0.009891 0.005137 0.000360 0.211061 0.007357 1.780074
0.755413 0.012249 0.009979 0.005160 0.000360 0.209480 0.007359 1.781212
0.756671 0.012401 0.010071 0.005193 0.000359 0.207942 0.007364 1.782410
0.757952 0.012471 0.010183 0.005241 0.000354 0.206429 0.007369 1.783648
0.759146 0.012594 0.010287 0.005260 0.000351 0.204988 0.007374 1.784880
0.760302 0.012763 0.010370 0.005294 0.000350 0.203542 0.007379 1.786100
0.761448 0.012888 0.010452 0.005323 0.000346 0.202161 0.007382 1.787365
0.762566 0.013079 0.010532 0.005362 0.000343 0.200732 0.007387 1.788605
0.763656 0.013185 0.010628 0.005390 0.000350 0.199400 0.007392 1.789892
0.764730 0.013322 0.010725 0.005455 0.000350 0.198023 0.007396 1.791191
0.765750 0.013466 0.010851 0.005526 0.000343 0.196663 0.007401 1.792496
0.766737 0.013611 0.010974 0.005553 0.000347 0.195372 0.007406 1.793840
0.767700 0.013778 0.011064 0.005605 0.000349 0.194096 0.007409 1.795171
0.768620 0.013948 0.011173 0.005680 0.000346 0.192819 0.007412 1.796523
0.769510 0.014049 0.011275 0.005747 0.000346 0.191657 0.007416 1.797903
0.770413 0.014170 0.011353 0.005786 0.000347 0.190510 0.007420 1.799276
0.771139 0.014403 0.011452 0.005824 0.000349 0.189408 0.007424 1.800634
0.771916 0.014608 0.011604 0.005871 0.000348 0.188224 0.007431 1.802047
0.772658 0.014788 0.011765 0.005869 0.000347 0.187140 0.007433 1.803473
0.773347 0.014907 0.011963 0.005953 0.000350 0.186045 0.007436 1.804969
0.774013 0.015075 0.012123 0.005986 0.000346 0.185017 0.007439 1.806434
0.774604 0.015286 0.012226 0.006015 0.000346 0.184079 0.007443 1.807916
0.775229 0.015486 0.012361 0.006072 0.000350 0.183056 0.007446 1.809363
0.775856 0.015637 0.012475 0.006167 0.000348 0.182064 0.007452 1.810889
0.776405 0.015809 0.012649 0.006267 0.000353 0.181060 0.007457 1.812436
0.776962 0.015966 0.012766 0.006311 0.000357 0.180178 0.007460 1.813991
0.777503 0.016154 0.012867 0.006390 0.000360 0.179264 0.007463 1.815524
0.778002 0.016321 0.012956 0.006461 0.000360 0.178434 0.007467 1.817080
0.778445 0.016455 0.013045 0.006574 0.000357 0.177651 0.007474 1.818680
0.778929 0.016631 0.013189 0.006635 0.000353 0.176785 0.007478 1.820268
0.779277 0.016775 0.013325 0.006731 0.000358 0.176054 0.007479 1.821922
0.779707 0.016927 0.013398 0.006773 0.000360 0.175352 0.007484 1.823556
0.780073 0.017049 0.013527 0.006867 0.000361 0.174635 0.007489 1.825202
0.780393 0.017129 0.013703 0.006954 0.000367 0.173963 0.007491 1.826924
0.780775 0.017219 0.013855 0.007047 0.000371 0.173240 0.007495 1.828648
0.781164 0.017320 0.013957 0.007145 0.000372 0.172542 0.007501 1.830364
0.781415 0.017442 0.014061 0.007232 0.000382 0.171965 0.007503 1.832093
0.781720 0.017528 0.014255 0.007294 0.000381 0.171315 0.007507 1.833867
0.781920 0.017748 0.014373 0.007368 0.000377 0.170704 0.007511 1.835594
0.782099 0.017890 0.014453 0.007416 0.000378 0.170248 0.007516 1.837323
0.782293 0.017996 0.014604 0.007535 0.000378 0.169671 0.007522 1.839116
0.782484 0.018148 0.014743 0.007618 0.000376 0.169102 0.007527 1.840874
0.782683 0.018305 0.014951 0.007640 0.000382 0.168508 0.007530 1.842670
0.782893 0.018347 0.015111 0.007699 0.000383 0.168031 0.007535 1.844488
0.783063 0.018471 0.015198 0.007762 0.000388 0.167576 0.007542 1.846289
0.783219 0.018596 0.015297 0.007851 0.000383 0.167105 0.007550 1.848137
0.783306 0.018697 0.015470 0.007924 0.000385 0.166667 0.007551 1.850009
0.783480 0.018853 0.015562 0.007945 0.000394 0.166208 0.007557 1.851794
0.783515 0.019058 0.015655 0.007968 0.000401 0.165843 0.007559 1.853636
0.783512 0.019232 0.015748 0.008014 0.000407 0.165524 0.007564 1.855487
0.783514 0.019382 0.015888 0.008083 0.000414 0.165153 0.007567 1.857395
0.783632 0.019443 0.016047 0.008139 0.000413 0.164756 0.007570 1.859307
0.783655 0.019532 0.016135 0.008231 0.000416 0.164458 0.007573 1.861249
0.783712 0.019628 0.016309 0.008251 0.000413 0.164110 0.007578 1.863170
0.783684 0.019737 0.016339 0.008298 0.000413 0.163946 0.007584 1.865058
0.783606 0.019885 0.016445 0.008364 0.000415 0.163697 0.007588 1.867032
0.783676 0.019961 0.016562 0.008406 0.000423 0.163379 0.007591 1.868932
0.783705 0.020046 0.016665 0.008438 0.000417 0.163130 0.007600 1.870893
0.783710 0.020107 0.016810 0.008524 0.000420 0.162824 0.007606 1.872905
0.783682 0.020194 0.016934 0.008572 0.000423 0.162585 0.007610 1.874886
0.783686 0.020255 0.017047 0.008607 0.000428 0.162364 0.007615 1.876866
0.783594 0.020421 0.017143 0.008658 0.000429 0.162135 0.007620 1.878809
0.783599 0.020426 0.017226 0.008712 0.000429 0.161982 0.007626 1.880824
0.783543 0.020537 0.017313 0.008776 0.000432 0.161769 0.007629 1.882825
0.783500 0.020527 0.017377 0.008837 0.000428 0.161693 0.007637 1.884879
0.783396 0.020594 0.017501 0.008903 0.000430 0.161534 0.007641 1.886942
0.783348 0.020711 0.017540 0.008973 0.000439 0.161343 0.007646 1.888921
0.783347 0.020712 0.017649 0.009021 0.000448 0.161171 0.007653 1.890971
0.783298 0.020777 0.017719 0.009051 0.000457 0.161043 0.007656 1.892954
0.783278 0.020767 0.017884 0.009083 0.000468 0.160861 0.007659 1.895015
0.783138 0.020849 0.018004 0.009110 0.000473 0.160762 0.007664 1.897054
0.782987 0.020951 0.018077 0.009144 0.000478 0.160693 0.007669 1.899091
0.782889 0.021062 0.018132 0.009195 0.000487 0.160559 0.007675 1.901099
0.782839 0.021053 0.018204 0.009295 0.000493 0.160436 0.007681 1.903180
0.782724 0.021064 0.018294 0.009354 0.000498 0.160379 0.007687 1.905277
0.782641 0.021074 0.018353 0.009376 0.000494 0.160367 0.007694 1.907364
0.782492 0.021163 0.018415 0.009370 0.000496 0.160367 0.007699 1.909402
0.782375 0.021127 0.018473 0.009388 0.000489 0.160444 0.007704 1.911515
0.782273 0.021137 0.018595 0.009424 0.000496 0.160365 0.007710 1.913658
0.782190 0.021107 0.018680 0.009454 0.000500 0.160355 0.007714 1.915758
0.782063 0.021138 0.018742 0.009483 0.000504 0.160353 0.007717 1.917862
0.781986 0.021148 0.018781 0.009544 0.000502 0.160314 0.007725 1.919942
0.781892 0.021141 0.018885 0.009581 0.000510 0.160260 0.007731 1.922035
0.781904 0.021060 0.018891 0.009605 0.000507 0.160294 0.007738 1.924136
0.781718 0.021126 0.018954 0.009581 0.000511 0.160368 0.007741 1.926197
0.781724 0.021083 0.018931 0.009596 0.000512 0.160408 0.007748 1.928235
0.781640 0.021099 0.018952 0.009590 0.000512 0.160452 0.007754 1.930325
0.781571 0.021158 0.019015 0.009539 0.000513 0.160443 0.007761 1.932348
0.781539 0.021137 0.019034 0.009526 0.000515 0.160482 0.007767 1.934410
0.781452 0.021136 0.019063 0.009535 0.000522 0.160520 0.007771 1.936481
0.781398 0.021161 0.019076 0.009567 0.000526 0.160494 0.007778 1.938533
0.781269 0.021197 0.019093 0.009525 0.000530 0.160603 0.007784 1.940629
0.781258 0.021133 0.019077 0.009513 0.000527 0.160701 0.007791 1.942706
0.781207 0.021106 0.019072 0.009518 0.000529 0.160770 0.007798 1.944797
0.781203 0.021124 0.019054 0.009490 0.000535 0.160785 0.007808 1.946845
0.781181 0.021077 0.019070 0.009455 0.000536 0.160866 0.007813 1.948916
0.781100 0.021014 0.019039 0.009515 0.000533 0.160979 0.007819 1.951036
0.781114 0.020940 0.019112 0.009534 0.000531 0.160942 0.007827 1.953114
0.781032 0.020940 0.019148 0.009540 0.000533 0.160976 0.007831 1.955185
0.781092 0.020955 0.019068 0.009568 0.000538 0.160945 0.007835 1.957189
0.781089 0.020842 0.019115 0.009537 0.000551 0.161025 0.007842 1.959288
0.781098 0.020792 0.019127 0.009521 0.000556 0.161062 0.007846 1.961351
0.781182 0.020705 0.019108 0.009485 0.000557 0.161110 0.007852 1.963380
0.781161 0.020690 0.019068 0.009500 0.000564 0.161159 0.007857 1.965399
0.781144 0.020691 0.019026 0.009498 0.000563 0.161217 0.007862 1.967384
0.781254 0.020594 0.018954 0.009524 0.000559 0.161245 0.007870 1.969411
0.781334 0.020574 0.018978 0.009486 0.000558 0.161196 0.007874 1.971405
0.781392 0.020495 0.019002 0.009476 0.000564 0.161192 0.007879 1.973435
0.781494 0.020456 0.018881 0.009475 0.000568 0.161242 0.007884 1.975403
0.781522 0.020424 0.018850 0.009459 0.000570 0.161284 0.007889 1.977431
0.781626 0.020349 0.018838 0.009444 0.000569 0.161277 0.007897 1.979417
0.781745 0.020249 0.018828 0.009456 0.000571 0.161250 0.007903 1.981436
0.781809 0.020198 0.018815 0.009496 0.000568 0.161202 0.007911 1.983430
0.781894 0.020193 0.018812 0.009482 0.000555 0.161144 0.007919 1.985389
0.781967 0.020121 0.018808 0.009504 0.000552 0.161119 0.007928 1.987408
0.782072 0.020082 0.018784 0.009465 0.000557 0.161108 0.007933 1.989365
0.782184 0.020025 0.018726 0.009462 0.000553 0.161113 0.007936 1.991314
0.782235 0.020026 0.018714 0.009381 0.000553 0.161147 0.007944 1.993253
0.782374 0.019958 0.018721 0.009358 0.000560 0.161082 0.007948 1.995225
0.782477 0.019899 0.018673 0.009361 0.000549 0.161086 0.007956 1.997172
0.782555 0.019871 0.018608 0.009309 0.000549 0.161146 0.007963 1.999092
0.782715 0.019816 0.018579 0.009248 0.000545 0.161125 0.007972 2.000990
0.782732 0.019805 0.018560 0.009250 0.000541 0.161135 0.007978 2.002929
0.782758 0.019752 0.018543 0.009233 0.000541 0.161191 0.007983 2.004877
0.782932 0.019671 0.018483 0.009256 0.000547 0.161123 0.007988 2.006855
0.783004 0.019634 0.018478 0.009266 0.000538 0.161081 0.007997 2.008801
0.783160 0.019526 0.018465 0.009236 0.000544 0.161067 0.008003 2.010755
0.783285 0.019465 0.018409 0.009219 0.000543 0.161069 0.008010 2.012694
0.783394 0.019455 0.018371 0.009233 0.000540 0.160992 0.008016 2.014587
0.783502 0.019386 0.018379 0.009212 0.000543 0.160958 0.008021 2.016536
0.783618 0.019384 0.018309 0.009186 0.000546 0.160930 0.008027 2.018409
0.783786 0.019383 0.018233 0.009143 0.000540 0.160882 0.008034 2.020264
0.783946 0.019341 0.018161 0.009111 0.000543 0.160856 0.008042 2.022158
0.784115 0.019294 0.018108 0.009078 0.000537 0.160817 0.008052 2.024030
0.784267 0.019262 0.018089 0.009079 0.000541 0.160703 0.008059 2.025915
0.784464 0.019201 0.018069 0.009098 0.000542 0.160561 0.008065 2.027816
0.784629 0.019149 0.018040 0.009027 0.000538 0.160543 0.008075 2.029695
0.784791 0.019111 0.018025 0.009018 0.000543 0.160433 0.008080 2.031573
0.784941 0.019093 0.017967 0.009000 0.000543 0.160368 0.008089 2.033435
0.785173 0.019020 0.017975 0.008968 0.000542 0.160230 0.008092 2.035316
0.785286 0.018957 0.017943 0.008965 0.000543 0.160200 0.008105 2.037192
0.785521 0.018910 0.017900 0.008914 0.000542 0.160105 0.008109 2.039024
0.785682 0.018910 0.017837 0.008892 0.000542 0.160022 0.008115 2.040852
0.785830 0.018898 0.017822 0.008853 0.000544 0.159933 0.008119 2.042687
0.786089 0.018829 0.017806 0.008858 0.000540 0.159751 0.008128 2.044550
0.786295 0.018831 0.017706 0.008832 0.000535 0.159667 0.008134 2.046333
0.786465 0.018823 0.017693 0.008788 0.000538 0.159553 0.008139 2.048177
0.786709 0.018773 0.017664 0.008799 0.000536 0.159371 0.008149 2.050008
0.786902 0.018693 0.017667 0.008804 0.000532 0.159246 0.008157 2.051876
0.787048 0.018684 0.017675 0.008773 0.000531 0.159123 0.008165 2.053716
0.787294 0.018649 0.017584 0.008765 0.000525 0.159008 0.008174 2.055525
0.787426 0.018584 0.017532 0.008746 0.000523 0.159011 0.008179 2.057410
0.787676 0.018478 0.017541 0.008708 0.000520 0.158892 0.008186 2.059269
0.787862 0.018498 0.017489 0.008660 0.000523 0.158779 0.008190 2.061053
0.788013 0.018434 0.017484 0.008666 0.000526 0.158682 0.008195 2.062880
0.788242 0.018293 0.017457 0.008677 0.000531 0.158601 0.008198 2.064737
0.788547 0.018290 0.017407 0.008622 0.000534 0.158397 0.008204 2.066483
0.788800 0.018180 0.017400 0.008630 0.000530 0.158249 0.008210 2.068307
0.789060 0.018130 0.017309 0.008624 0.000525 0.158137 0.008215 2.070065
0.789298 0.018076 0.017246 0.008634 0.000529 0.157997 0.008220 2.071838
0.789513 0.017994 0.017198 0.008613 0.000529 0.157923 0.008231 2.073631
0.789782 0.017928 0.017191 0.008551 0.000535 0.157777 0.008236 2.075401
0.790036 0.017823 0.017135 0.008577 0.000533 0.157655 0.008242 2.077211
0.790275 0.017807 0.017050 0.008577 0.000536 0.157508 0.008247 2.078933
0.790542 0.017768 0.016969 0.008509 0.000530 0.157430 0.008252 2.080651
0.790829 0.017688 0.016932 0.008518 0.000519 0.157255 0.008258 2.082428
0.791053 0.017719 0.016850 0.008467 0.000518 0.157133 0.008262 2.084140
0.791277 0.017719 0.016817 0.008433 0.000511 0.156972 0.008271 2.085876
0.791536 0.017721 0.016759 0.008396 0.000515 0.156802 0.008273 2.087608
0.791787 0.017670 0.016755 0.008374 0.000513 0.156625 0.008276 2.089375
0.791991 0.017665 0.016701 0.008387 0.000509 0.156465 0.008282 2.091114
0.792242 0.017594 0.016662 0.008376 0.000503 0.156337 0.008287 2.092894
0.792479 0.017565 0.016579 0.008371 0.000506 0.156208 0.008292 2.094605
0.792705 0.017558 0.016567 0.008311 0.000505 0.156053 0.008300 2.096332
0.792948 0.017570 0.016498 0.008301 0.000501 0.155877 0.008305 2.098039
0.793221 0.017539 0.016494 0.008274 0.000492 0.155668 0.008311 2.099776
0.793405 0.017617 0.016424 0.008242 0.000489 0.155503 0.008319 2.101446
0.793689 0.017547 0.016429 0.008214 0.000492 0.155304 0.008325 2.103186
0.794035 0.017473 0.016361 0.008250 0.000492 0.155059 0.008330 2.104899
0.794283 0.017515 0.016344 0.008212 0.000485 0.154824 0.008338 2.106605
0.794487 0.017476 0.016339 0.008214 0.000480 0.154659 0.008344 2.108370
0.794718 0.017474 0.016332 0.008173 0.000483 0.154468 0.008352 2.110052
0.794928 0.017481 0.016317 0.008125 0.000484 0.154309 0.008356 2.111758
0.795094 0.017478 0.016354 0.008131 0.000480 0.154100 0.008363 2.113485
0.795353 0.017496 0.016299 0.008082 0.000478 0.153923 0.008367 2.115156
0.795538 0.017529 0.016315 0.008051 0.000472 0.153723 0.008372 2.116874
0.795680 0.017527 0.016279 0.008057 0.000470 0.153605 0.008381 2.118600
0.795924 0.017516 0.016261 0.008043 0.000476 0.153395 0.008385 2.120314
0.796120 0.017549 0.016240 0.008035 0.000467 0.153199 0.008390 2.122014
0.796309 0.017555 0.016203 0.008054 0.000464 0.153021 0.008394 2.123691
0.796445 0.017553 0.016223 0.007998 0.000464 0.152915 0.008403 2.125394
0.796578 0.017523 0.016250 0.008006 0.000463 0.152772 0.008409 2.127136
0.796854 0.017524 0.016205 0.008010 0.000464 0.152529 0.008415 2.128817
0.797103 0.017500 0.016189 0.008023 0.000474 0.152292 0.008418 2.130550
0.797275 0.017492 0.016189 0.008033 0.000473 0.152116 0.008422 2.132259
0.797454 0.017528 0.016155 0.008037 0.000479 0.151918 0.008430 2.133969
0.797658 0.017543 0.016153 0.008013 0.000473 0.151726 0.008435 2.135687
0.797820 0.017479 0.016168 0.008010 0.000474 0.151610 0.008440 2.137467
0.797991 0.017449 0.016189 0.008010 0.000470 0.151443 0.008448 2.139221
0.798200 0.017408 0.016134 0.008029 0.000478 0.151296 0.008455 2.140949
0.798364 0.017455 0.016120 0.008014 0.000485 0.151103 0.008459 2.142637
0.798531 0.017436 0.016137 0.008013 0.000484 0.150936 0.008464 2.144364
0.798616 0.017478 0.016147 0.007975 0.000484 0.150828 0.008472 2.146070
0.798750 0.017584 0.016133 0.007946 0.000483 0.150626 0.008478 2.147753
0.798906 0.017584 0.016075 0.007947 0.000486 0.150520 0.008483 2.149440
0.799038 0.017603 0.016027 0.007944 0.000486 0.150413 0.008488 2.151145
0.799107 0.017649 0.016014 0.007945 0.000478 0.150313 0.008495 2.152851
0.799245 0.017643 0.016023 0.007956 0.000478 0.150152 0.008504 2.154563
0.799374 0.017720 0.015996 0.007977 0.000480 0.149943 0.008511 2.156266
0.799492 0.017699 0.015988 0.007978 0.000481 0.149849 0.008515 2.157998
0.799678 0.017717 0.016020 0.007945 0.000477 0.149644 0.008520 2.159710
0.799824 0.017718 0.016089 0.007935 0.000473 0.149435 0.008525 2.161439
0.799997 0.017680 0.016104 0.007959 0.000476 0.149254 0.008529 2.163227
0.800074 0.017680 0.016128 0.007967 0.000469 0.149142 0.008540 2.164984
0.800192 0.017726 0.016220 0.007997 0.000469 0.148850 0.008547 2.166732
0.800335 0.017681 0.016263 0.008000 0.000468 0.148700 0.008553 2.168503
0.800424 0.017699 0.016268 0.008010 0.000471 0.148570 0.008558 2.170253
0.800517 0.017729 0.016220 0.008006 0.000474 0.148488 0.008565 2.171950
0.800562 0.017721 0.016237 0.008001 0.000469 0.148437 0.008573 2.173719
0.800693 0.017789 0.016168 0.008026 0.000466 0.148279 0.008578 2.175392
0.800822 0.017821 0.016100 0.008010 0.000472 0.148192 0.008582 2.177079
0.800943 0.017815 0.016123 0.008016 0.000471 0.148045 0.008587 2.178816
0.801014 0.017876 0.016080 0.008025 0.000470 0.147942 0.008592 2.180526
0.801050 0.017912 0.016137 0.008033 0.000470 0.147800 0.008596 2.182274
0.801086 0.017926 0.016170 0.008028 0.000467 0.147721 0.008601 2.184054
0.801177 0.017968 0.016116 0.008024 0.000477 0.147632 0.008606 2.185761
0.801227 0.018044 0.016105 0.008033 0.000478 0.147506 0.008608 2.187499
0.801311 0.018093 0.016113 0.008014 0.000477 0.147374 0.008617 2.189231
0.801392 0.018117 0.016110 0.008035 0.000488 0.147236 0.008622 2.190970
0.801442 0.018102 0.016122 0.008082 0.000489 0.147135 0.008628 2.192776
0.801535 0.018106 0.016138 0.008079 0.000485 0.147021 0.008636 2.194573
0.801635 0.018095 0.016145 0.008114 0.000483 0.146882 0.008644 2.196361
0.801672 0.018051 0.016198 0.008100 0.000487 0.146842 0.008648 2.198170
0.801610 0.018131 0.016203 0.008133 0.000483 0.146784 0.008656 2.199928
0.801701 0.018038 0.016253 0.008133 0.000486 0.146729 0.008660 2.201741
0.801727 0.018053 0.016293 0.008140 0.000487 0.146635 0.008665 2.203507
0.801882 0.017922 0.016327 0.008167 0.000490 0.146544 0.008669 2.205310
0.801972 0.017940 0.016353 0.008119 0.000489 0.146454 0.008674 2.207055
0.802014 0.017954 0.016349 0.008130 0.000492 0.146382 0.008680 2.208815
0.802006 0.018021 0.016398 0.008134 0.000491 0.146261 0.008686 2.210574
0.802107 0.017969 0.016439 0.008164 0.000489 0.146141 0.008691 2.212378
0.802235 0.017942 0.016453 0.008172 0.000488 0.146012 0.008698 2.214143
0.802292 0.017929 0.016508 0.008192 0.000491 0.145886 0.008702 2.215921
0.802349 0.017879 0.016498 0.008198 0.000487 0.145881 0.008708 2.217727
0.802448 0.017847 0.016549 0.008242 0.000482 0.145718 0.008715 2.219529
0.802485 0.017883 0.016559 0.008243 0.000479 0.145633 0.008718 2.221278
0.802475 0.017902 0.016518 0.008220 0.000490 0.145673 0.008722 2.223032
0.802569 0.017924 0.016499 0.008199 0.000490 0.145592 0.008728 2.224779
0.802627 0.018012 0.016450 0.008195 0.000493 0.145490 0.008733 2.226528
0.802687 0.017941 0.016465 0.008169 0.000486 0.145512 0.008738 2.228325
0.802739 0.018006 0.016458 0.008198 0.000480 0.145372 0.008747 2.230095
0.802717 0.018059 0.016491 0.008176 0.000476 0.145328 0.008752 2.231856
0.802758 0.018137 0.016514 0.008148 0.000475 0.145209 0.008758 2.233575
0.802760 0.018183 0.016500 0.008160 0.000471 0.145163 0.008762 2.235380
0.802726 0.018267 0.016442 0.008164 0.000468 0.145166 0.008767 2.237131
0.802827 0.018131 0.016523 0.008199 0.000462 0.145083 0.008774 2.238994
0.802842 0.018179 0.016484 0.008172 0.000462 0.145083 0.008777 2.240737
0.802894 0.018175 0.016431 0.008147 0.000464 0.145110 0.008780 2.242483
0.802968 0.018159 0.016439 0.008155 0.000463 0.145028 0.008787 2.244245
0.802961 0.018220 0.016409 0.008161 0.000454 0.145001 0.008795 2.245985
0.802965 0.018247 0.016412 0.008099 0.000452 0.145023 0.008801 2.247745
0.802981 0.018311 0.016478 0.008117 0.000453 0.144854 0.008806 2.249508
0.802945 0.018365 0.016467 0.008125 0.000455 0.144833 0.008811 2.251289
0.802993 0.018336 0.016579 0.008107 0.000457 0.144710 0.008816 2.253114
0.803011 0.018358 0.016578 0.008103 0.000458 0.144670 0.008821 2.254892
0.802994 0.018396 0.016610 0.008095 0.000464 0.144613 0.008828 2.256677
0.803002 0.018380 0.016639 0.008161 0.000458 0.144526 0.008834 2.258472
0.803003 0.018333 0.016672 0.008204 0.000465 0.144485 0.008839 2.260306
0.802950 0.018421 0.016568 0.008203 0.000471 0.144539 0.008847 2.262024
0.802947 0.018419 0.016605 0.008274 0.000466 0.144435 0.008854 2.263837
0.802863 0.018419 0.016615 0.008295 0.000458 0.144490 0.008861 2.265669
0.802881 0.018377 0.016656 0.008321 0.000462 0.144437 0.008866 2.267485
0.802865 0.018405 0.016654 0.008331 0.000459 0.144409 0.008876 2.269258
0.802819 0.018416 0.016718 0.008332 0.000459 0.144374 0.008881 2.271091
0.802902 0.018415 0.016671 0.008336 0.000470 0.144321 0.008886 2.272872
0.803002 0.018359 0.016687 0.008319 0.000466 0.144272 0.008894 2.274654
0.802985 0.018335 0.016698 0.008368 0.000462 0.144252 0.008900 2.276476
0.802937 0.018331 0.016703 0.008377 0.000467 0.144278 0.008906 2.278299
0.803002 0.018318 0.016682 0.008398 0.000468 0.144220 0.008911 2.280076
0.802985 0.018344 0.016683 0.008372 0.000460 0.144242 0.008914 2.281883
0.802926 0.018448 0.016637 0.008418 0.000457 0.144196 0.008918 2.283653
0.802965 0.018476 0.016619 0.008447 0.000464 0.144109 0.008921 2.285450
0.802918 0.018500 0.016682 0.008404 0.000465 0.144105 0.008926 2.287245
0.802917 0.018483 0.016663 0.008422 0.000467 0.144119 0.008929 2.289066
0.802896 0.018546 0.016621 0.008372 0.000466 0.144164 0.008934 2.290834
0.802877 0.018543 0.016643 0.008390 0.000471 0.144135 0.008942 2.292638
0.802880 0.018537 0.016650 0.008364 0.000466 0.144154 0.008949 2.294460
0.802894 0.018565 0.016639 0.008368 0.000471 0.144107 0.008956 2.296256
0.802943 0.018570 0.016641 0.008393 0.000467 0.144026 0.008962 2.298058
0.803058 0.018522 0.016623 0.008403 0.000465 0.143964 0.008967 2.299856
0.802964 0.018561 0.016599 0.008441 0.000463 0.143999 0.008973 2.301665
0.802996 0.018550 0.016561 0.008445 0.000460 0.144007 0.008980 2.303443
0.802914 0.018579 0.016629 0.008411 0.000465 0.144018 0.008985 2.305265
0.802952 0.018573 0.016655 0.008392 0.000470 0.143970 0.008989 2.307055
0.802916 0.018524 0.016644 0.008452 0.000472 0.143999 0.008993 2.308909
0.802932 0.018576 0.016625 0.008458 0.000472 0.143938 0.008999 2.310664
0.802930 0.018600 0.016654 0.008469 0.000469 0.143873 0.009006 2.312478
0.802934 0.018604 0.016661 0.008503 0.000469 0.143817 0.009013 2.314305
0.802857 0.018668 0.016676 0.008454 0.000469 0.143856 0.009020 2.316081
0.802900 0.018664 0.016681 0.008482 0.000469 0.143780 0.009025 2.317891
0.802909 0.018617 0.016697 0.008507 0.000470 0.143769 0.009030 2.319733
0.802879 0.018593 0.016787 0.008509 0.000468 0.143729 0.009036 2.321592
0.802838 0.018538 0.016857 0.008519 0.000475 0.143733 0.009040 2.323471
0.802820 0.018578 0.016827 0.008505 0.000467 0.143756 0.009047 2.325226
0.802772 0.018551 0.016848 0.008510 0.000466 0.143800 0.009053 2.327064
0.802709 0.018614 0.016864 0.008511 0.000466 0.143780 0.009058 2.328865
0.802751 0.018661 0.016798 0.008543 0.000467 0.143717 0.009065 2.330619
0.802737 0.018651 0.016780 0.008556 0.000458 0.143745 0.009072 2.332430
0.802732 0.018660 0.016780 0.008540 0.000452 0.143758 0.009079 2.334248
0.802645 0.018731 0.016769 0.008487 0.000458 0.143822 0.009088 2.336029
0.802677 0.018637 0.016798 0.008522 0.000461 0.143813 0.009093 2.337916
0.802572 0.018729 0.016788 0.008505 0.000461 0.143847 0.009100 2.339706
0.802474 0.018730 0.016817 0.008522 0.000463 0.143892 0.009104 2.341544
0.802461 0.018670 0.016894 0.008547 0.000460 0.143860 0.009110 2.343399
0.802398 0.018667 0.016899 0.008549 0.000462 0.143912 0.009114 2.345230
0.802346 0.018713 0.016947 0.008529 0.000463 0.143885 0.009117 2.347034
0.802386 0.018647 0.016976 0.008521 0.000459 0.143886 0.009125 2.348912
0.802344 0.018702 0.016974 0.008502 0.000457 0.143892 0.009130 2.350702
0.802306 0.018718 0.016973 0.008495 0.000463 0.143910 0.009135 2.352545
0.802318 0.018682 0.016967 0.008524 0.000459 0.143910 0.009141 2.354399
0.802400 0.018646 0.016979 0.008525 0.000457 0.143849 0.009144 2.356202
0.802325 0.018641 0.017014 0.008550 0.000453 0.143865 0.009151 2.358050
0.802287 0.018689 0.017014 0.008526 0.000451 0.143877 0.009157 2.359857
0.802267 0.018598 0.017026 0.008546 0.000449 0.143949 0.009165 2.361754
0.802284 0.018568 0.017015 0.008538 0.000454 0.143973 0.009168 2.363569
0.802312 0.018596 0.017001 0.008528 0.000456 0.143935 0.009174 2.365342
0.802240 0.018637 0.016966 0.008489 0.000456 0.144033 0.009180 2.367114
0.802169 0.018705 0.016954 0.008472 0.000462 0.144052 0.009186 2.368920
0.802169 0.018642 0.016999 0.008475 0.000467 0.144059 0.009191 2.370782
0.802117 0.018698 0.016941 0.008439 0.000470 0.144142 0.009195 2.372558
0.802067 0.018675 0.017016 0.008452 0.000469 0.144121 0.009201 2.374422
0.802041 0.018679 0.017054 0.008448 0.000478 0.144096 0.009203 2.376254
0.801979 0.018725 0.017030 0.008431 0.000483 0.144145 0.009207 2.378073
0.801913 0.018762 0.017046 0.008439 0.000481 0.144145 0.009214 2.379908
0.801813 0.018765 0.017081 0.008456 0.000483 0.144182 0.009221 2.381782
0.801781 0.018731 0.017072 0.008512 0.000481 0.144195 0.009228 2.383675
0.801817 0.018645 0.017088 0.008542 0.000476 0.144195 0.009236 2.385529
0.801767 0.018607 0.017128 0.008586 0.000486 0.144186 0.009240 2.387413
0.801742 0.018617 0.017095 0.008584 0.000492 0.144225 0.009245 2.389200
0.801689 0.018700 0.017071 0.008606 0.000486 0.144194 0.009256 2.391006
0.801642 0.018650 0.017065 0.008595 0.000496 0.144292 0.009262 2.392879
0.801600 0.018646 0.017081 0.008593 0.000498 0.144312 0.009271 2.394745
0.801536 0.018652 0.017083 0.008589 0.000496 0.144369 0.009276 2.396567
0.801550 0.018605 0.017113 0.008620 0.000491 0.144341 0.009280 2.398427
0.801505 0.018594 0.017092 0.008580 0.000493 0.144450 0.009286 2.400248
0.801530 0.018483 0.017087 0.008603 0.000489 0.144516 0.009292 2.402153
0.801554 0.018436 0.017083 0.008613 0.000490 0.144523 0.009301 2.404032
0.801556 0.018438 0.017050 0.008597 0.000492 0.144559 0.009309 2.405829
0.801520 0.018465 0.017022 0.008562 0.000487 0.144628 0.009317 2.407625
0.801580 0.018466 0.017025 0.008515 0.000492 0.144603 0.009320 2.409424
0.801636 0.018440 0.017019 0.008526 0.000490 0.144564 0.009325 2.411258
0.801683 0.018434 0.017031 0.008511 0.000481 0.144530 0.009330 2.413039
0.801701 0.018434 0.016988 0.008502 0.000483 0.144554 0.009337 2.414838
0.801775 0.018381 0.016964 0.008492 0.000491 0.144556 0.009343 2.416661
0.801784 0.018389 0.016907 0.008481 0.000494 0.144595 0.009351 2.418434
0.801766 0.018378 0.016896 0.008476 0.000491 0.144638 0.009356 2.420249
0.801812 0.018345 0.016917 0.008487 0.000486 0.144594 0.009359 2.422047
0.801847 0.018311 0.016974 0.008484 0.000488 0.144531 0.009366 2.423863
0.801777 0.018368 0.016992 0.008477 0.000483 0.144530 0.009372 2.425651
0.801818 0.018380 0.017011 0.008479 0.000482 0.144451 0.009378 2.427448
0.801816 0.018425 0.017001 0.008455 0.000481 0.144438 0.009384 2.429223
0.801754 0.018414 0.016997 0.008467 0.000478 0.144500 0.009390 2.431068
0.801794 0.018444 0.016990 0.008448 0.000474 0.144454 0.009397 2.432838
0.801777 0.018534 0.016940 0.008459 0.000471 0.144414 0.009404 2.434581
0.801781 0.018551 0.016947 0.008487 0.000477 0.144349 0.009409 2.436411
0.801751 0.018545 0.016912 0.008467 0.000475 0.144434 0.009416 2.438229
0.801777 0.018558 0.016880 0.008475 0.000480 0.144411 0.009420 2.440015
0.801828 0.018540 0.016892 0.008469 0.000482 0.144364 0.009424 2.441826
0.801781 0.018566 0.016898 0.008426 0.000483 0.144415 0.009430 2.443642
0.801769 0.018499 0.016899 0.008435 0.000484 0.144476 0.009438 2.445467
0.801735 0.018479 0.016953 0.008420 0.000483 0.144489 0.009441 2.447305
0.801742 0.018471 0.016989 0.008399 0.000485 0.144469 0.009444 2.449108
0.801748 0.018497 0.016956 0.008416 0.000473 0.144458 0.009451 2.450905
0.801737 0.018530 0.016959 0.008422 0.000479 0.144419 0.009454 2.452700
0.801726 0.018528 0.016958 0.008404 0.000475 0.144444 0.009464 2.454523
0.801677 0.018530 0.016944 0.008421 0.000483 0.144476 0.009470 2.456363
0.801697 0.018505 0.016937 0.008419 0.000485 0.144483 0.009474 2.458170
0.801708 0.018501 0.016866 0.008396 0.000484 0.144568 0.009478 2.459948
0.801701 0.018555 0.016833 0.008386 0.000484 0.144560 0.009480 2.461736
0.801702 0.018535 0.016841 0.008400 0.000481 0.144556 0.009485 2.463551
0.801736 0.018478 0.016846 0.008419 0.000481 0.144547 0.009492 2.465379
0.801707 0.018472 0.016843 0.008437 0.000481 0.144562 0.009499 2.467192
0.801727 0.018490 0.016817 0.008436 0.000487 0.144539 0.009505 2.468973
0.801721 0.018517 0.016835 0.008433 0.000484 0.144498 0.009512 2.470773
0.801677 0.018541 0.016798 0.008407 0.000482 0.144576 0.009518 2.472559
0.801660 0.018554 0.016815 0.008419 0.000481 0.144549 0.009522 2.474375
0.801649 0.018606 0.016807 0.008402 0.000484 0.144522 0.009529 2.476149
0.801615 0.018589 0.016886 0.008415 0.000492 0.144471 0.009533 2.478001
0.801516 0.018700 0.016831 0.008394 0.000504 0.144518 0.009536 2.479793
0.801504 0.018682 0.016837 0.008418 0.000503 0.144517 0.009540 2.481610
0.801468 0.018689 0.016867 0.008442 0.000510 0.144479 0.009545 2.483451
0.801502 0.018654 0.016899 0.008429 0.000510 0.144459 0.009547 2.485285
0.801515 0.018614 0.016942 0.008403 0.000506 0.144467 0.009554 2.487088
0.801482 0.018628 0.016966 0.008342 0.000512 0.144512 0.009561 2.488886
0.801479 0.018657 0.016956 0.008356 0.000513 0.144472 0.009568 2.490687
0.801497 0.018618 0.017006 0.008390 0.000508 0.144404 0.009576 2.492519
0.801509 0.018681 0.016958 0.008356 0.000504 0.144407 0.009586 2.494261
0.801546 0.018716 0.016932 0.008354 0.000508 0.144353 0.009591 2.496037
0.801520 0.018700 0.016965 0.008355 0.000512 0.144348 0.009600 2.497888
0.801553 0.018657 0.017035 0.008370 0.000511 0.144271 0.009604 2.499714
0.801548 0.018645 0.017021 0.008374 0.000514 0.144287 0.009611 2.501517
0.801592 0.018608 0.017010 0.008375 0.000513 0.144287 0.009617 2.503345
0.801553 0.018574 0.016989 0.008393 0.000520 0.144349 0.009621 2.505191
0.801546 0.018625 0.016984 0.008368 0.000518 0.144329 0.009631 2.506972
0.801632 0.018544 0.017019 0.008347 0.000518 0.144303 0.009639 2.508815
0.801626 0.018580 0.017021 0.008340 0.000523 0.144268 0.009644 2.510599
0.801650 0.018554 0.017043 0.008355 0.000522 0.144226 0.009650 2.512412
0.801624 0.018587 0.017057 0.008372 0.000516 0.144190 0.009654 2.514231
0.801595 0.018607 0.017027 0.008366 0.000517 0.144229 0.009659 2.516044
0.801497 0.018626 0.017033 0.008418 0.000514 0.144249 0.009665 2.517896
0.801478 0.018661 0.017018 0.008439 0.000509 0.144223 0.009674 2.519688
0.801486 0.018590 0.017045 0.008476 0.000508 0.144218 0.009678 2.521580
0.801486 0.018566 0.017077 0.008492 0.000501 0.144194 0.009684 2.523406
0.801522 0.018494 0.017044 0.008480 0.000502 0.144268 0.009690 2.525250
0.801541 0.018468 0.017016 0.008498 0.000502 0.144281 0.009696 2.527071
0.801512 0.018460 0.017050 0.008489 0.000500 0.144287 0.009702 2.528909
0.801559 0.018425 0.017055 0.008472 0.000498 0.144279 0.009712 2.530711
0.801582 0.018381 0.017035 0.008498 0.000490 0.144297 0.009717 2.532550
0.801609 0.018388 0.017051 0.008469 0.000490 0.144271 0.009723 2.534320
0.801552 0.018402 0.017054 0.008483 0.000496 0.144288 0.009726 2.536170
0.801542 0.018488 0.017000 0.008474 0.000498 0.144265 0.009733 2.537903
0.801496 0.018523 0.017010 0.008499 0.000488 0.144247 0.009738 2.539699
0.801455 0.018547 0.016993 0.008550 0.000492 0.144224 0.009740 2.541512
0.801431 0.018537 0.016978 0.008514 0.000489 0.144305 0.009747 2.543328
0.801439 0.018614 0.016904 0.008473 0.000494 0.144324 0.009752 2.545069
0.801460 0.018575 0.016950 0.008513 0.000493 0.144250 0.009759 2.546929
0.801455 0.018541 0.016924 0.008524 0.000487 0.144305 0.009764 2.548745
0.801459 0.018524 0.016915 0.008508 0.000491 0.144334 0.009770 2.550545
0.801453 0.018533 0.016890 0.008564 0.000494 0.144290 0.009776 2.552336
0.801437 0.018565 0.016904 0.008533 0.000491 0.144289 0.009781 2.554134
0.801476 0.018541 0.016903 0.008519 0.000487 0.144286 0.009787 2.555936
0.801533 0.018499 0.016883 0.008563 0.000483 0.144248 0.009793 2.557741
0.801471 0.018504 0.016899 0.008562 0.000486 0.144283 0.009796 2.559547
0.801473 0.018499 0.016941 0.008553 0.000487 0.144245 0.009802 2.561360
