0.346995 0.062486 0.055889 0.031894 0.002078 0.494659 0.006000 1.620050
0.348299 0.061350 0.055786 0.031700 0.002080 0.494763 0.006022 1.626012
0.350035 0.059973 0.055523 0.031617 0.002073 0.494734 0.006045 1.631898
0.351913 0.058378 0.055268 0.031375 0.002076 0.494915 0.006077 1.637715
0.354085 0.056688 0.055067 0.031142 0.002085 0.494832 0.006103 1.643419
0.356396 0.055158 0.054645 0.030825 0.002087 0.494759 0.006131 1.648837
0.358881 0.053599 0.054106 0.030519 0.002085 0.494656 0.006154 1.654124
0.361427 0.052106 0.053587 0.030141 0.002094 0.494471 0.006174 1.659237
0.364034 0.050676 0.052988 0.029748 0.002101 0.494259 0.006192 1.664279
0.366827 0.049210 0.052346 0.029336 0.002089 0.493976 0.006218 1.669145
0.369576 0.047988 0.051561 0.028925 0.002086 0.493622 0.006241 1.673809
0.372424 0.046799 0.050852 0.028488 0.002076 0.493092 0.006270 1.678370
0.375322 0.045526 0.050204 0.028073 0.002053 0.492525 0.006297 1.682905
0.378221 0.044364 0.049496 0.027659 0.002053 0.491884 0.006322 1.687274
0.381270 0.043188 0.048762 0.027266 0.002048 0.491121 0.006345 1.691602
0.384203 0.042255 0.048041 0.026857 0.002034 0.490234 0.006376 1.695736
0.387168 0.041271 0.047225 0.026437 0.002031 0.489471 0.006398 1.699845
0.390154 0.040362 0.046558 0.025972 0.002004 0.488525 0.006426 1.703857
0.393143 0.039574 0.045672 0.025521 0.001990 0.487649 0.006451 1.707732
0.396224 0.038838 0.044942 0.025092 0.001965 0.486460 0.006478 1.711530
0.399161 0.038083 0.044213 0.024664 0.001963 0.485413 0.006503 1.715375
0.402136 0.037414 0.043474 0.024245 0.001954 0.484251 0.006525 1.719080
0.405206 0.036763 0.042710 0.023867 0.001932 0.482975 0.006546 1.722721
0.408343 0.036101 0.042065 0.023442 0.001926 0.481551 0.006571 1.726355
0.411408 0.035486 0.041387 0.023044 0.001905 0.480171 0.006598 1.729942
0.414469 0.034945 0.040716 0.022629 0.001888 0.478726 0.006627 1.733394
0.417533 0.034443 0.040016 0.022322 0.001882 0.477153 0.006651 1.736866
0.420543 0.033984 0.039365 0.021964 0.001879 0.475591 0.006674 1.740258
0.423522 0.033588 0.038744 0.021620 0.001848 0.473974 0.006705 1.743615
0.426449 0.033232 0.038186 0.021186 0.001832 0.472381 0.006733 1.746930
0.429421 0.032837 0.037594 0.020860 0.001814 0.470713 0.006761 1.750251
0.432300 0.032630 0.037020 0.020511 0.001803 0.468956 0.006780 1.753455
0.435180 0.032452 0.036413 0.020115 0.001767 0.467274 0.006799 1.756568
0.438078 0.032240 0.035830 0.019835 0.001760 0.465437 0.006819 1.759722
0.440916 0.032070 0.035331 0.019541 0.001747 0.463556 0.006841 1.762831
0.443822 0.031852 0.034797 0.019248 0.001732 0.461693 0.006858 1.765943
0.446746 0.031636 0.034308 0.019037 0.001707 0.459685 0.006881 1.769024
0.449537 0.031464 0.033899 0.018730 0.001678 0.457783 0.006910 1.772092
0.452341 0.031295 0.033439 0.018547 0.001664 0.455785 0.006929 1.775125
0.455136 0.031119 0.033110 0.018315 0.001641 0.453727 0.006951 1.778234
0.457966 0.030896 0.032762 0.018144 0.001621 0.451636 0.006977 1.781365
0.460584 0.030994 0.032354 0.017884 0.001603 0.449585 0.006997 1.784297
0.463228 0.030926 0.032002 0.017692 0.001582 0.447553 0.007018 1.787321
0.465833 0.030883 0.031723 0.017482 0.001558 0.445481 0.007041 1.790370
0.468456 0.030778 0.031442 0.017313 0.001530 0.443422 0.007060 1.793434
0.470976 0.030742 0.031174 0.017139 0.001513 0.441378 0.007078 1.796422
0.473505 0.030620 0.030924 0.017015 0.001505 0.439339 0.007091 1.799477
0.476062 0.030630 0.030636 0.016848 0.001489 0.437226 0.007109 1.802411
0.478501 0.030680 0.030422 0.016675 0.001474 0.435122 0.007128 1.805396
0.480751 0.030759 0.030185 0.016557 0.001459 0.433147 0.007143 1.808397
0.483068 0.030773 0.029967 0.016407 0.001441 0.431181 0.007164 1.811441
0.485376 0.030728 0.029793 0.016300 0.001423 0.429196 0.007183 1.814486
0.487679 0.030772 0.029585 0.016169 0.001410 0.427182 0.007204 1.817508
0.489906 0.030857 0.029409 0.016090 0.001397 0.425125 0.007216 1.820530
0.492139 0.030872 0.029212 0.016014 0.001381 0.423149 0.007233 1.823551
0.494265 0.031007 0.029088 0.015930 0.001367 0.421094 0.007249 1.826603
0.496402 0.031083 0.028956 0.015902 0.001351 0.419042 0.007265 1.829660
0.498526 0.031125 0.028794 0.015869 0.001323 0.417077 0.007287 1.832698
0.500606 0.031219 0.028658 0.015829 0.001302 0.415086 0.007301 1.835752
0.502569 0.031290 0.028537 0.015849 0.001306 0.413138 0.007311 1.838886
0.504552 0.031480 0.028407 0.015784 0.001290 0.411156 0.007331 1.841897
0.506391 0.031599 0.028410 0.015728 0.001274 0.409249 0.007349 1.844997
0.508226 0.031737 0.028352 0.015724 0.001263 0.407330 0.007368 1.848087
0.510038 0.031908 0.028272 0.015681 0.001255 0.405464 0.007383 1.851168
0.511854 0.032054 0.028238 0.015601 0.001246 0.403604 0.007402 1.854255
0.513553 0.032175 0.028293 0.015661 0.001234 0.401666 0.007417 1.857447
0.515059 0.032358 0.028411 0.015615 0.001230 0.399893 0.007434 1.860656
0.516671 0.032491 0.028459 0.015631 0.001225 0.398073 0.007449 1.863817
0.518323 0.032582 0.028486 0.015682 0.001209 0.396254 0.007465 1.867072
0.519797 0.032840 0.028512 0.015716 0.001195 0.394461 0.007480 1.870280
0.521309 0.033039 0.028518 0.015705 0.001194 0.392740 0.007495 1.873454
0.522702 0.033202 0.028662 0.015739 0.001171 0.391010 0.007514 1.876764
0.524231 0.033289 0.028766 0.015775 0.001165 0.389245 0.007530 1.880099
0.525448 0.033459 0.028892 0.015847 0.001161 0.387655 0.007539 1.883452
0.526745 0.033676 0.028959 0.015897 0.001154 0.386013 0.007554 1.886714
0.528132 0.033877 0.029030 0.015936 0.001144 0.384311 0.007569 1.890002
0.529329 0.034159 0.029066 0.016013 0.001142 0.382712 0.007579 1.893353
0.530574 0.034385 0.029181 0.016087 0.001135 0.381046 0.007593 1.896738
0.531675 0.034660 0.029232 0.016129 0.001137 0.379556 0.007610 1.900068
0.532681 0.034985 0.029309 0.016098 0.001139 0.378162 0.007627 1.903432
0.533626 0.035315 0.029420 0.016131 0.001151 0.376718 0.007639 1.906818
0.534623 0.035500 0.029519 0.016213 0.001151 0.375342 0.007653 1.910293
0.535658 0.035645 0.029715 0.016334 0.001137 0.373842 0.007668 1.913867
0.536627 0.035884 0.029755 0.016458 0.001142 0.372450 0.007684 1.917358
0.537613 0.036076 0.029881 0.016533 0.001141 0.371059 0.007697 1.920846
0.538453 0.036274 0.030013 0.016656 0.001141 0.369753 0.007711 1.924445
0.539353 0.036449 0.030193 0.016724 0.001143 0.368418 0.007720 1.928028
0.540210 0.036665 0.030280 0.016812 0.001146 0.367158 0.007730 1.931552
0.541021 0.036895 0.030406 0.016952 0.001145 0.365839 0.007743 1.935135
0.541703 0.037061 0.030580 0.017046 0.001126 0.364721 0.007764 1.938764
0.542432 0.037157 0.030803 0.017128 0.001116 0.363583 0.007781 1.942469
0.543130 0.037465 0.030878 0.017174 0.001120 0.362440 0.007793 1.946035
0.543676 0.037676 0.031059 0.017330 0.001119 0.361335 0.007806 1.949753
0.544289 0.037913 0.031228 0.017343 0.001122 0.360290 0.007815 1.953447
0.544803 0.038115 0.031405 0.017413 0.001110 0.359321 0.007832 1.957179
0.545429 0.038215 0.031606 0.017493 0.001111 0.358299 0.007847 1.960997
0.545950 0.038467 0.031762 0.017521 0.001106 0.357336 0.007860 1.964745
0.546424 0.038744 0.031947 0.017513 0.001112 0.356388 0.007872 1.968487
0.546818 0.039041 0.032059 0.017531 0.001108 0.355560 0.007884 1.972231
0.547196 0.039268 0.032191 0.017648 0.001094 0.354705 0.007898 1.976055
0.547621 0.039480 0.032369 0.017739 0.001093 0.353788 0.007910 1.979877
0.547984 0.039688 0.032501 0.017896 0.001103 0.352905 0.007924 1.983754
0.548369 0.039851 0.032680 0.017971 0.001102 0.352092 0.007936 1.987614
0.548686 0.039994 0.032920 0.017995 0.001109 0.351350 0.007946 1.991528
0.548982 0.040130 0.033141 0.018045 0.001114 0.350628 0.007961 1.995480
0.549228 0.040356 0.033347 0.018131 0.001121 0.349846 0.007972 1.999355
0.549429 0.040581 0.033478 0.018272 0.001122 0.349130 0.007988 2.003287
0.549701 0.040666 0.033770 0.018357 0.001113 0.348389 0.008005 2.007305
0.549870 0.040786 0.033911 0.018462 0.001105 0.347848 0.008019 2.011332
0.550027 0.040942 0.034039 0.018524 0.001094 0.347343 0.008032 2.015285
0.550143 0.041058 0.034116 0.018625 0.001090 0.346922 0.008046 2.019276
0.550376 0.041125 0.034363 0.018724 0.001095 0.346250 0.008068 2.023343
0.550384 0.041338 0.034521 0.018786 0.001116 0.345778 0.008078 2.027377
0.550626 0.041371 0.034669 0.018875 0.001115 0.345249 0.008095 2.031417
0.550736 0.041543 0.034708 0.018985 0.001119 0.344797 0.008112 2.035401
0.550927 0.041580 0.034924 0.019080 0.001113 0.344253 0.008123 2.039520
0.551095 0.041623 0.035116 0.019126 0.001103 0.343798 0.008138 2.043633
0.551261 0.041723 0.035193 0.019221 0.001108 0.343344 0.008152 2.047664
0.551364 0.041795 0.035321 0.019272 0.001128 0.342959 0.008162 2.051772
0.551451 0.041865 0.035497 0.019319 0.001134 0.342558 0.008176 2.055859
0.551528 0.041991 0.035541 0.019329 0.001132 0.342291 0.008188 2.059898
0.551705 0.042066 0.035610 0.019373 0.001132 0.341909 0.008204 2.063980
0.551846 0.042163 0.035712 0.019471 0.001150 0.341442 0.008216 2.068091
0.552107 0.042075 0.035934 0.019543 0.001144 0.340966 0.008231 2.072301
0.552204 0.042181 0.035966 0.019577 0.001145 0.340683 0.008244 2.076335
0.552232 0.042217 0.036037 0.019677 0.001143 0.340435 0.008259 2.080518
0.552270 0.042279 0.036169 0.019751 0.001144 0.340107 0.008278 2.084690
0.552256 0.042387 0.036241 0.019877 0.001139 0.339809 0.008293 2.088843
0.552479 0.042339 0.036332 0.020006 0.001136 0.339396 0.008313 2.093020
0.552625 0.042346 0.036340 0.020044 0.001143 0.339182 0.008320 2.097161
0.552610 0.042457 0.036416 0.020048 0.001141 0.338992 0.008335 2.101311
0.552689 0.042480 0.036565 0.020089 0.001149 0.338683 0.008345 2.105447
0.552840 0.042462 0.036630 0.020072 0.001161 0.338480 0.008355 2.109542
0.552907 0.042508 0.036687 0.020099 0.001174 0.338255 0.008370 2.113693
0.552973 0.042547 0.036829 0.020100 0.001171 0.337998 0.008382 2.117862
0.553024 0.042524 0.036910 0.020143 0.001169 0.337829 0.008402 2.122039
0.553012 0.042376 0.037030 0.020215 0.001162 0.337787 0.008419 2.126337
0.553163 0.042241 0.037091 0.020297 0.001171 0.337604 0.008434 2.130530
0.553255 0.042310 0.037097 0.020269 0.001172 0.337443 0.008454 2.134615
0.553339 0.042278 0.037059 0.020287 0.001173 0.337394 0.008469 2.138756
0.553417 0.042374 0.037085 0.020264 0.001170 0.337205 0.008485 2.142828
0.553523 0.042340 0.037020 0.020264 0.001165 0.337190 0.008498 2.146953
0.553724 0.042180 0.037038 0.020296 0.001176 0.337077 0.008510 2.151126
0.553838 0.042208 0.037036 0.020281 0.001183 0.336932 0.008522 2.155221
0.553985 0.042270 0.037016 0.020263 0.001191 0.336740 0.008536 2.159296
0.554186 0.042216 0.036992 0.020213 0.001187 0.336653 0.008553 2.163409
0.554292 0.042172 0.037001 0.020215 0.001193 0.336560 0.008566 2.167500
0.554366 0.042113 0.037026 0.020217 0.001185 0.336509 0.008584 2.171640
0.554512 0.042032 0.037030 0.020247 0.001192 0.336395 0.008592 2.175773
0.554636 0.042016 0.036985 0.020240 0.001198 0.336317 0.008608 2.179818
0.554791 0.041947 0.036973 0.020292 0.001194 0.336174 0.008629 2.183965
0.554982 0.041923 0.036888 0.020347 0.001197 0.336022 0.008641 2.188026
0.555132 0.041870 0.036927 0.020287 0.001195 0.335931 0.008659 2.192135
0.555328 0.041810 0.036942 0.020276 0.001177 0.335792 0.008674 2.196241
0.555517 0.041746 0.036981 0.020236 0.001180 0.335659 0.008683 2.200335
0.555710 0.041605 0.037076 0.020204 0.001174 0.335533 0.008699 2.204479
0.555775 0.041698 0.037089 0.020185 0.001173 0.335361 0.008720 2.208495
0.556005 0.041589 0.037053 0.020154 0.001174 0.335291 0.008734 2.212605
0.556282 0.041400 0.037143 0.020146 0.001176 0.335106 0.008747 2.216766
0.556503 0.041389 0.037147 0.020129 0.001182 0.334892 0.008757 2.220833
0.556670 0.041321 0.037237 0.020093 0.001193 0.334711 0.008775 2.224933
0.556804 0.041369 0.037184 0.020015 0.001201 0.334639 0.008789 2.228943
0.556894 0.041414 0.037164 0.019976 0.001215 0.334537 0.008801 2.232930
0.557008 0.041401 0.037118 0.019938 0.001212 0.334509 0.008814 2.236970
0.557136 0.041353 0.036993 0.019968 0.001204 0.334515 0.008833 2.241038
0.557279 0.041295 0.036915 0.019987 0.001209 0.334462 0.008853 2.245064
0.557394 0.041143 0.036940 0.020054 0.001203 0.334394 0.008872 2.249182
0.557625 0.041040 0.036936 0.020017 0.001193 0.334299 0.008891 2.253180
0.557727 0.041099 0.036937 0.019946 0.001195 0.334191 0.008905 2.257138
0.557968 0.041036 0.036888 0.019922 0.001196 0.334074 0.008917 2.261162
0.558206 0.040974 0.036837 0.019942 0.001207 0.333905 0.008929 2.265156
0.558368 0.040934 0.036836 0.019969 0.001219 0.333727 0.008946 2.269214
0.558521 0.040892 0.036760 0.019959 0.001213 0.333696 0.008959 2.273214
0.558787 0.040806 0.036716 0.019940 0.001212 0.333562 0.008976 2.277187
0.559007 0.040698 0.036653 0.019948 0.001198 0.333501 0.008995 2.281181
0.559278 0.040636 0.036564 0.019879 0.001201 0.333432 0.009010 2.285144
0.559587 0.040533 0.036637 0.019833 0.001199 0.333186 0.009023 2.289143
0.559855 0.040437 0.036663 0.019779 0.001205 0.333028 0.009036 2.293125
0.560060 0.040359 0.036646 0.019730 0.001223 0.332935 0.009046 2.297122
0.560410 0.040171 0.036603 0.019711 0.001225 0.332820 0.009060 2.301112
0.560771 0.040080 0.036524 0.019682 0.001219 0.332647 0.009077 2.305029
0.561061 0.039968 0.036487 0.019642 0.001217 0.332537 0.009089 2.308971
0.561278 0.039927 0.036496 0.019557 0.001222 0.332420 0.009099 2.312910
0.561708 0.039833 0.036411 0.019537 0.001216 0.332185 0.009111 2.316812
0.561984 0.039812 0.036357 0.019520 0.001211 0.331994 0.009122 2.320738
0.562105 0.039802 0.036318 0.019541 0.001212 0.331888 0.009135 2.324676
0.562313 0.039796 0.036164 0.019524 0.001208 0.331844 0.009151 2.328601
0.562546 0.039813 0.036095 0.019511 0.001195 0.331674 0.009167 2.332488
0.562794 0.039861 0.036119 0.019423 0.001200 0.331424 0.009180 2.336340
0.563088 0.039844 0.036160 0.019377 0.001203 0.331133 0.009196 2.340240
0.563354 0.039856 0.036090 0.019355 0.001197 0.330932 0.009217 2.344140
0.563519 0.039897 0.036087 0.019333 0.001193 0.330738 0.009233 2.348040
0.563823 0.039878 0.035995 0.019277 0.001188 0.330588 0.009250 2.351933
0.564149 0.039817 0.035939 0.019226 0.001197 0.330408 0.009265 2.355810
0.564392 0.039792 0.035891 0.019221 0.001195 0.330232 0.009276 2.359708
0.564507 0.039874 0.035777 0.019257 0.001186 0.330109 0.009292 2.363565
0.564763 0.039933 0.035679 0.019250 0.001191 0.329878 0.009308 2.367404
0.564933 0.039956 0.035690 0.019316 0.001189 0.329597 0.009320 2.371320
0.565070 0.039991 0.035644 0.019352 0.001203 0.329413 0.009328 2.375233
0.565248 0.039897 0.035650 0.019369 0.001205 0.329289 0.009341 2.379213
0.565469 0.039831 0.035689 0.019330 0.001203 0.329122 0.009355 2.383130
0.565668 0.039779 0.035726 0.019349 0.001197 0.328906 0.009375 2.387058
0.565706 0.039791 0.035733 0.019324 0.001196 0.328865 0.009387 2.390984
0.565895 0.039721 0.035749 0.019326 0.001189 0.328717 0.009403 2.394944
0.566086 0.039795 0.035698 0.019314 0.001183 0.328506 0.009419 2.398801
0.566409 0.039688 0.035695 0.019343 0.001179 0.328254 0.009432 2.402687
0.566539 0.039775 0.035681 0.019324 0.001193 0.328041 0.009447 2.406565
0.566713 0.039778 0.035670 0.019360 0.001194 0.327826 0.009460 2.410472
0.566959 0.039767 0.035640 0.019358 0.001204 0.327602 0.009471 2.414363
0.567213 0.039780 0.035558 0.019323 0.001204 0.327441 0.009480 2.418188
0.567374 0.039809 0.035607 0.019341 0.001196 0.327176 0.009498 2.422110
0.567517 0.039832 0.035637 0.019380 0.001199 0.326926 0.009510 2.426037
0.567730 0.039845 0.035619 0.019421 0.001196 0.326665 0.009526 2.429915
0.567877 0.039875 0.035589 0.019426 0.001197 0.326498 0.009539 2.433808
0.568110 0.039752 0.035686 0.019423 0.001192 0.326280 0.009556 2.437713
0.568236 0.039714 0.035688 0.019439 0.001195 0.326156 0.009572 2.441641
0.568371 0.039665 0.035616 0.019417 0.001195 0.326146 0.009589 2.445528
0.568663 0.039709 0.035567 0.019395 0.001196 0.325865 0.009605 2.449346
0.568755 0.039714 0.035609 0.019370 0.001209 0.325730 0.009613 2.453308
0.568994 0.039741 0.035502 0.019346 0.001198 0.325591 0.009629 2.457125
0.569151 0.039691 0.035576 0.019308 0.001197 0.325432 0.009645 2.461050
0.569265 0.039732 0.035574 0.019251 0.001196 0.325326 0.009657 2.464927
0.569292 0.039759 0.035635 0.019285 0.001192 0.325167 0.009670 2.468861
0.569364 0.039897 0.035613 0.019214 0.001196 0.325030 0.009686 2.472719
0.569445 0.039904 0.035592 0.019228 0.001203 0.324925 0.009704 2.476628
0.569593 0.039955 0.035520 0.019181 0.001186 0.324840 0.009725 2.480471
0.569639 0.040083 0.035536 0.019165 0.001187 0.324650 0.009741 2.484372
0.569663 0.040115 0.035500 0.019220 0.001183 0.324564 0.009755 2.488332
0.569820 0.040037 0.035533 0.019236 0.001185 0.324419 0.009770 2.492295
0.569944 0.040019 0.035488 0.019248 0.001185 0.324328 0.009789 2.496210
0.570011 0.040176 0.035433 0.019225 0.001171 0.324180 0.009805 2.500068
0.570147 0.040250 0.035466 0.019195 0.001165 0.323952 0.009825 2.503967
0.570281 0.040330 0.035441 0.019210 0.001160 0.323742 0.009836 2.507819
0.570435 0.040304 0.035517 0.019241 0.001157 0.323497 0.009850 2.511799
0.570614 0.040242 0.035524 0.019291 0.001153 0.323312 0.009865 2.515747
0.570779 0.040222 0.035585 0.019274 0.001150 0.323111 0.009880 2.519676
0.570960 0.040160 0.035604 0.019290 0.001143 0.322951 0.009894 2.523630
0.571075 0.040213 0.035573 0.019267 0.001142 0.322822 0.009908 2.527505
0.571077 0.040282 0.035569 0.019241 0.001150 0.322764 0.009918 2.531422
0.571120 0.040278 0.035607 0.019337 0.001155 0.322575 0.009928 2.535437
0.571185 0.040340 0.035526 0.019371 0.001161 0.322478 0.009940 2.539347
0.571311 0.040447 0.035518 0.019334 0.001164 0.322275 0.009952 2.543229
0.571331 0.040399 0.035500 0.019367 0.001174 0.322264 0.009966 2.547201
0.571385 0.040417 0.035602 0.019382 0.001182 0.322057 0.009976 2.551205
0.571414 0.040417 0.035626 0.019414 0.001188 0.321953 0.009988 2.555177
0.571410 0.040492 0.035645 0.019401 0.001192 0.321859 0.010001 2.559108
0.571539 0.040503 0.035694 0.019420 0.001194 0.321635 0.010014 2.563065
0.571458 0.040530 0.035821 0.019413 0.001182 0.321567 0.010029 2.567060
0.571552 0.040445 0.035815 0.019477 0.001174 0.321491 0.010045 2.571040
0.571524 0.040490 0.035852 0.019514 0.001169 0.321392 0.010061 2.574997
0.571604 0.040536 0.035850 0.019491 0.001174 0.321274 0.010072 2.578873
0.571568 0.040626 0.035860 0.019505 0.001184 0.321174 0.010085 2.582820
0.571714 0.040471 0.035979 0.019487 0.001186 0.321065 0.010098 2.586854
0.571772 0.040417 0.036071 0.019473 0.001176 0.320980 0.010113 2.590862
0.571805 0.040302 0.036070 0.019537 0.001179 0.320979 0.010129 2.594914
0.571921 0.040321 0.036005 0.019539 0.001168 0.320906 0.010141 2.598809
0.572036 0.040326 0.035928 0.019544 0.001173 0.320841 0.010153 2.602739
0.572042 0.040315 0.035941 0.019484 0.001167 0.320886 0.010166 2.606721
0.572026 0.040376 0.035843 0.019542 0.001175 0.320861 0.010177 2.610665
0.572089 0.040384 0.035764 0.019536 0.001172 0.320863 0.010192 2.614610
0.572137 0.040379 0.035762 0.019495 0.001160 0.320857 0.010211 2.618525
0.572115 0.040364 0.035763 0.019504 0.001147 0.320877 0.010230 2.622481
0.572123 0.040387 0.035786 0.019462 0.001140 0.320860 0.010244 2.626413
0.572209 0.040328 0.035838 0.019490 0.001146 0.320734 0.010256 2.630437
0.572401 0.040247 0.035830 0.019474 0.001141 0.320637 0.010270 2.634425
0.572558 0.040214 0.035900 0.019453 0.001134 0.320458 0.010283 2.638382
0.572556 0.040147 0.035889 0.019492 0.001140 0.320481 0.010295 2.642378
0.572516 0.040301 0.035828 0.019495 0.001136 0.320411 0.010314 2.646256
0.572631 0.040307 0.035856 0.019473 0.001141 0.320268 0.010326 2.650146
0.572685 0.040265 0.035876 0.019474 0.001132 0.320230 0.010337 2.654102
0.572804 0.040259 0.035786 0.019432 0.001139 0.320227 0.010352 2.657961
0.572910 0.040234 0.035793 0.019419 0.001146 0.320136 0.010362 2.661891
0.573016 0.040243 0.035749 0.019371 0.001149 0.320096 0.010376 2.665843
0.573174 0.040239 0.035663 0.019389 0.001152 0.319993 0.010389 2.669742
0.573203 0.040144 0.035740 0.019425 0.001151 0.319936 0.010401 2.673781
0.573288 0.040234 0.035728 0.019392 0.001152 0.319785 0.010420 2.677677
0.573276 0.040281 0.035746 0.019369 0.001157 0.319732 0.010439 2.681638
0.573297 0.040440 0.035703 0.019354 0.001152 0.319602 0.010452 2.685463
0.573377 0.040314 0.035783 0.019401 0.001144 0.319512 0.010469 2.689530
0.573444 0.040346 0.035736 0.019419 0.001151 0.319425 0.010479 2.693432
0.573405 0.040404 0.035710 0.019432 0.001157 0.319399 0.010492 2.697336
0.573442 0.040412 0.035698 0.019401 0.001170 0.319375 0.010502 2.701264
0.573433 0.040424 0.035782 0.019383 0.001166 0.319290 0.010523 2.705219
0.573572 0.040356 0.035755 0.019417 0.001167 0.319201 0.010533 2.709190
0.573582 0.040426 0.035762 0.019403 0.001166 0.319111 0.010551 2.713103
0.573570 0.040446 0.035792 0.019346 0.001172 0.319110 0.010565 2.717042
0.573572 0.040535 0.035716 0.019349 0.001171 0.319074 0.010583 2.720929
0.573622 0.040436 0.035811 0.019413 0.001168 0.318954 0.010597 2.724938
0.573643 0.040467 0.035812 0.019403 0.001170 0.318891 0.010615 2.728895
0.573642 0.040486 0.035885 0.019436 0.001175 0.318748 0.010629 2.732913
0.573565 0.040439 0.035908 0.019449 0.001184 0.318807 0.010650 2.736906
0.573590 0.040296 0.035938 0.019444 0.001188 0.318878 0.010667 2.740901
0.573596 0.040292 0.035969 0.019446 0.001179 0.318833 0.010686 2.744842
0.573582 0.040279 0.035963 0.019457 0.001180 0.318839 0.010699 2.748828
0.573637 0.040205 0.035868 0.019490 0.001184 0.318903 0.010714 2.752784
0.573665 0.040148 0.035859 0.019479 0.001192 0.318932 0.010726 2.756752
0.573731 0.040030 0.035947 0.019460 0.001198 0.318890 0.010742 2.760750
0.573807 0.040049 0.035928 0.019486 0.001185 0.318786 0.010758 2.764712
0.573864 0.039986 0.035981 0.019455 0.001191 0.318750 0.010773 2.768677
0.573958 0.039966 0.036048 0.019429 0.001211 0.318605 0.010783 2.772641
0.573999 0.039996 0.036040 0.019395 0.001205 0.318570 0.010794 2.776573
0.574213 0.040047 0.035990 0.019353 0.001195 0.318396 0.010807 2.780399
0.574236 0.040051 0.035945 0.019385 0.001193 0.318372 0.010819 2.784326
0.574363 0.040044 0.035879 0.019351 0.001193 0.318334 0.010836 2.788202
0.574409 0.040006 0.035926 0.019377 0.001190 0.318244 0.010849 2.792145
0.574582 0.040029 0.035882 0.019291 0.001190 0.318161 0.010866 2.796023
0.574685 0.039981 0.035921 0.019288 0.001201 0.318045 0.010881 2.799988
0.574777 0.039963 0.035953 0.019280 0.001201 0.317928 0.010899 2.803954
0.574797 0.040002 0.035984 0.019229 0.001212 0.317867 0.010910 2.807868
0.574705 0.040045 0.036093 0.019177 0.001214 0.317846 0.010921 2.811870
0.574631 0.040152 0.035998 0.019144 0.001213 0.317930 0.010932 2.815738
0.574750 0.040095 0.036003 0.019129 0.001216 0.317861 0.010946 2.819681
0.574847 0.040176 0.035954 0.019149 0.001219 0.317696 0.010959 2.823553
0.574872 0.040229 0.035973 0.019090 0.001217 0.317642 0.010978 2.827447
0.574780 0.040268 0.035946 0.019163 0.001226 0.317627 0.010991 2.831414
0.574847 0.040217 0.035958 0.019148 0.001227 0.317599 0.011005 2.835334
0.574863 0.040200 0.035960 0.019161 0.001217 0.317580 0.011021 2.839297
0.574842 0.040204 0.035981 0.019150 0.001217 0.317572 0.011034 2.843227
0.574952 0.040163 0.035943 0.019181 0.001218 0.317495 0.011049 2.847153
0.574986 0.040291 0.035868 0.019205 0.001210 0.317376 0.011064 2.851052
0.574993 0.040398 0.035771 0.019228 0.001205 0.317323 0.011082 2.854949
0.575014 0.040350 0.035830 0.019305 0.001195 0.317209 0.011096 2.858991
0.575037 0.040371 0.035849 0.019385 0.001207 0.317040 0.011111 2.862974
0.575094 0.040354 0.035818 0.019415 0.001206 0.316990 0.011124 2.866915
0.575095 0.040421 0.035869 0.019473 0.001202 0.316805 0.011136 2.870816
0.575037 0.040449 0.035926 0.019440 0.001209 0.316790 0.011150 2.874807
0.575068 0.040420 0.035978 0.019462 0.001220 0.316689 0.011164 2.878848
0.575084 0.040401 0.035911 0.019477 0.001230 0.316723 0.011176 2.882863
0.575076 0.040389 0.035963 0.019435 0.001224 0.316716 0.011196 2.886859
0.575086 0.040313 0.036005 0.019492 0.001222 0.316671 0.011212 2.890894
0.575063 0.040419 0.035969 0.019517 0.001222 0.316586 0.011225 2.894786
0.575062 0.040474 0.035891 0.019523 0.001221 0.316588 0.011241 2.898659
0.575096 0.040393 0.035986 0.019478 0.001232 0.316561 0.011254 2.902688
0.575145 0.040372 0.036023 0.019511 0.001225 0.316457 0.011267 2.906652
0.575194 0.040368 0.036007 0.019525 0.001218 0.316410 0.011280 2.910591
0.575068 0.040309 0.036038 0.019485 0.001223 0.316580 0.011299 2.914578
0.575111 0.040266 0.036092 0.019497 0.001223 0.316500 0.011311 2.918510
0.575080 0.040190 0.036115 0.019476 0.001226 0.316590 0.011324 2.922496
0.575032 0.040236 0.036106 0.019427 0.001216 0.316644 0.011340 2.926449
0.575051 0.040274 0.036097 0.019437 0.001212 0.316571 0.011360 2.930379
0.575001 0.040328 0.036175 0.019385 0.001224 0.316517 0.011371 2.934359
0.575063 0.040264 0.036160 0.019409 0.001218 0.316501 0.011385 2.938309
0.575054 0.040349 0.036057 0.019381 0.001221 0.316541 0.011398 2.942163
0.574930 0.040338 0.036058 0.019380 0.001221 0.316664 0.011410 2.946176
0.574907 0.040334 0.036074 0.019359 0.001214 0.316686 0.011427 2.950147
0.574869 0.040335 0.036086 0.019380 0.001220 0.316665 0.011446 2.954082
0.574833 0.040370 0.036092 0.019438 0.001221 0.316590 0.011456 2.958051
0.574913 0.040249 0.036134 0.019474 0.001216 0.316543 0.011473 2.962067
0.574927 0.040192 0.036092 0.019482 0.001220 0.316596 0.011490 2.965999
0.574923 0.040129 0.036083 0.019513 0.001225 0.316623 0.011504 2.969991
0.574835 0.040125 0.036067 0.019522 0.001218 0.316719 0.011516 2.973982
0.574947 0.040109 0.035935 0.019549 0.001234 0.316694 0.011532 2.977853
0.575114 0.040055 0.035915 0.019552 0.001241 0.316578 0.011545 2.981773
0.575066 0.040123 0.035900 0.019580 0.001251 0.316525 0.011557 2.985711
0.575143 0.040130 0.035912 0.019532 0.001256 0.316454 0.011574 2.989622
0.575135 0.040098 0.035984 0.019590 0.001257 0.316349 0.011588 2.993619
0.575147 0.040121 0.035978 0.019532 0.001253 0.316366 0.011604 2.997547
0.575105 0.040200 0.035982 0.019518 0.001249 0.316325 0.011621 3.001489
0.575075 0.040215 0.035990 0.019549 0.001246 0.316293 0.011635 3.005448
0.575026 0.040227 0.036059 0.019547 0.001249 0.316241 0.011652 3.009415
0.574976 0.040297 0.036067 0.019540 0.001257 0.316197 0.011666 3.013339
0.574882 0.040405 0.036097 0.019479 0.001257 0.316201 0.011679 3.017257
0.574924 0.040389 0.036063 0.019486 0.001250 0.316193 0.011697 3.021200
0.574917 0.040316 0.036082 0.019555 0.001245 0.316176 0.011709 3.025231
0.574886 0.040317 0.036123 0.019561 0.001248 0.316144 0.011721 3.029225
0.574673 0.040443 0.036020 0.019592 0.001254 0.316286 0.011732 3.033140
0.574665 0.040467 0.036021 0.019535 0.001257 0.316307 0.011748 3.037093
0.574726 0.040445 0.036054 0.019484 0.001252 0.316277 0.011761 3.041039
0.574676 0.040503 0.036108 0.019447 0.001240 0.316246 0.011780 3.044972
0.574595 0.040543 0.036172 0.019421 0.001232 0.316241 0.011797 3.048984
0.574563 0.040539 0.036186 0.019463 0.001234 0.316204 0.011812 3.052986
0.574658 0.040548 0.036202 0.019416 0.001230 0.316119 0.011827 3.056904
0.574665 0.040531 0.036185 0.019438 0.001235 0.316107 0.011839 3.060904
0.574568 0.040499 0.036162 0.019411 0.001229 0.316280 0.011850 3.064900
0.574629 0.040589 0.036109 0.019377 0.001223 0.316206 0.011868 3.068817
0.574571 0.040638 0.036139 0.019412 0.001225 0.316137 0.011880 3.072785
0.574727 0.040646 0.036077 0.019433 0.001226 0.315997 0.011894 3.076673
0.574688 0.040591 0.036051 0.019456 0.001227 0.316081 0.011906 3.080643
0.574666 0.040734 0.036015 0.019482 0.001221 0.315960 0.011921 3.084566
0.574616 0.040819 0.036009 0.019522 0.001234 0.315861 0.011939 3.088543
0.574676 0.040719 0.036066 0.019588 0.001230 0.315762 0.011959 3.092569
0.574693 0.040616 0.036155 0.019596 0.001211 0.315752 0.011977 3.096600
0.574766 0.040601 0.036244 0.019572 0.001203 0.315623 0.011991 3.100594
0.574789 0.040580 0.036207 0.019579 0.001204 0.315637 0.012005 3.104565
0.574840 0.040568 0.036219 0.019509 0.001204 0.315640 0.012021 3.108510
0.574892 0.040606 0.036231 0.019492 0.001204 0.315537 0.012037 3.112464
0.574708 0.040643 0.036216 0.019535 0.001208 0.315644 0.012048 3.116461
0.574755 0.040616 0.036188 0.019502 0.001206 0.315670 0.012062 3.120417
0.574753 0.040545 0.036151 0.019514 0.001194 0.315765 0.012078 3.124427
0.574842 0.040448 0.036232 0.019554 0.001198 0.315633 0.012092 3.128469
0.574910 0.040293 0.036265 0.019504 0.001207 0.315718 0.012103 3.132470
0.574956 0.040288 0.036204 0.019552 0.001208 0.315676 0.012117 3.136449
0.575017 0.040185 0.036191 0.019606 0.001197 0.315669 0.012135 3.140423
0.575030 0.040145 0.036160 0.019607 0.001201 0.315706 0.012150 3.144359
0.575048 0.040155 0.036056 0.019579 0.001204 0.315793 0.012165 3.148296
0.575218 0.040078 0.036084 0.019546 0.001196 0.315699 0.012181 3.152264
0.575273 0.040099 0.036097 0.019455 0.001184 0.315694 0.012199 3.156165
0.575434 0.040002 0.036038 0.019485 0.001180 0.315645 0.012216 3.160085
0.575549 0.039967 0.036020 0.019418 0.001190 0.315627 0.012229 3.163975
0.575601 0.039956 0.035971 0.019446 0.001192 0.315592 0.012244 3.167937
0.575608 0.039989 0.035882 0.019421 0.001193 0.315655 0.012253 3.171829
0.575620 0.039991 0.035860 0.019431 0.001212 0.315621 0.012266 3.175741
0.575676 0.040043 0.035769 0.019395 0.001215 0.315626 0.012278 3.179566
0.575649 0.040033 0.035767 0.019435 0.001198 0.315622 0.012297 3.183558
0.575654 0.040031 0.035704 0.019398 0.001200 0.315699 0.012314 3.187421
0.575715 0.040019 0.035697 0.019407 0.001200 0.315634 0.012328 3.191341
0.575729 0.040087 0.035676 0.019382 0.001200 0.315581 0.012344 3.195244
0.575767 0.040038 0.035683 0.019419 0.001193 0.315534 0.012365 3.199200
0.575714 0.040104 0.035633 0.019422 0.001198 0.315552 0.012377 3.203093
0.575723 0.040014 0.035699 0.019342 0.001202 0.315630 0.012392 3.207078
0.575706 0.040005 0.035743 0.019390 0.001219 0.315532 0.012406 3.211049
0.575804 0.040023 0.035717 0.019388 0.001218 0.315433 0.012418 3.214919
0.575843 0.040057 0.035605 0.019328 0.001219 0.315514 0.012434 3.218774
0.576001 0.039937 0.035645 0.019370 0.001217 0.315385 0.012447 3.222723
0.576006 0.040033 0.035550 0.019399 0.001214 0.315338 0.012459 3.226603
0.576037 0.040007 0.035556 0.019311 0.001215 0.315397 0.012477 3.230527
0.576095 0.039993 0.035570 0.019316 0.001220 0.315317 0.012489 3.234447
0.576109 0.039994 0.035656 0.019340 0.001218 0.315179 0.012505 3.238388
0.576093 0.040064 0.035654 0.019326 0.001208 0.315135 0.012523 3.242275
0.576035 0.040080 0.035646 0.019320 0.001224 0.315163 0.012534 3.246196
0.576075 0.040039 0.035620 0.019318 0.001221 0.315175 0.012551 3.250134
0.575993 0.040101 0.035630 0.019328 0.001211 0.315170 0.012564 3.254091
0.575897 0.040215 0.035682 0.019261 0.001209 0.315164 0.012574 3.257985
0.575832 0.040227 0.035702 0.019271 0.001209 0.315170 0.012589 3.261940
0.575994 0.040169 0.035679 0.019294 0.001221 0.315041 0.012600 3.265848
0.575997 0.040196 0.035665 0.019302 0.001211 0.315010 0.012620 3.269765
0.576025 0.040216 0.035575 0.019277 0.001214 0.315060 0.012633 3.273637
0.575931 0.040192 0.035544 0.019300 0.001208 0.315177 0.012648 3.277640
0.575884 0.040212 0.035583 0.019301 0.001212 0.315148 0.012662 3.281577
0.575835 0.040225 0.035603 0.019313 0.001199 0.315149 0.012676 3.285506
0.575933 0.040114 0.035616 0.019358 0.001201 0.315088 0.012690 3.289498
0.575861 0.040142 0.035686 0.019322 0.001207 0.315079 0.012702 3.293444
0.575873 0.040158 0.035685 0.019278 0.001201 0.315084 0.012720 3.297295
0.575791 0.040138 0.035685 0.019288 0.001189 0.315173 0.012736 3.301311
0.575934 0.040072 0.035648 0.019281 0.001185 0.315130 0.012750 3.305203
0.575854 0.040132 0.035636 0.019293 0.001171 0.315147 0.012768 3.309123
0.575810 0.040144 0.035647 0.019257 0.001175 0.315189 0.012777 3.313049
0.575704 0.040159 0.035659 0.019279 0.001178 0.315230 0.012791 3.317027
0.575685 0.040240 0.035637 0.019274 0.001182 0.315177 0.012805 3.320900
0.575614 0.040267 0.035644 0.019301 0.001182 0.315173 0.012819 3.324839
0.575633 0.040173 0.035718 0.019365 0.001177 0.315100 0.012833 3.328814
0.575650 0.040122 0.035775 0.019331 0.001182 0.315100 0.012841 3.332778
0.575544 0.040111 0.035832 0.019304 0.001192 0.315159 0.012859 3.336774
0.575600 0.040016 0.035769 0.019351 0.001196 0.315196 0.012873 3.340747
0.575754 0.039988 0.035720 0.019373 0.001194 0.315083 0.012889 3.344620
0.575775 0.039987 0.035646 0.019400 0.001203 0.315090 0.012900 3.348530
0.575775 0.040007 0.035700 0.019410 0.001204 0.314992 0.012913 3.352475
0.575897 0.039977 0.035760 0.019390 0.001203 0.314845 0.012928 3.356446
0.575933 0.040000 0.035756 0.019380 0.001197 0.314792 0.012944 3.360370
0.575983 0.040005 0.035779 0.019375 0.001197 0.314703 0.012958 3.364299
0.576059 0.040054 0.035745 0.019317 0.001194 0.314657 0.012975 3.368179
0.576006 0.040095 0.035730 0.019326 0.001204 0.314651 0.012988 3.372122
0.576061 0.040092 0.035754 0.019351 0.001182 0.314558 0.013003 3.376050
0.576144 0.040058 0.035731 0.019318 0.001184 0.314550 0.013015 3.379960
0.576232 0.040065 0.035768 0.019326 0.001180 0.314399 0.013031 3.383882
0.576178 0.040166 0.035770 0.019290 0.001177 0.314376 0.013044 3.387782
0.576230 0.040238 0.035680 0.019247 0.001188 0.314364 0.013054 3.391639
0.576179 0.040249 0.035815 0.019219 0.001179 0.314286 0.013073 3.395618
0.576158 0.040143 0.035877 0.019254 0.001175 0.314305 0.013089 3.399644
0.576188 0.040162 0.035895 0.019308 0.001172 0.314172 0.013104 3.403551
0.576104 0.040178 0.035900 0.019307 0.001165 0.314230 0.013116 3.407504
0.576059 0.040217 0.035937 0.019259 0.001150 0.314242 0.013136 3.411438
0.576050 0.040253 0.035998 0.019309 0.001156 0.314089 0.013145 3.415400
0.575831 0.040428 0.035949 0.019258 0.001159 0.314214 0.013162 3.419303
0.575823 0.040325 0.036036 0.019185 0.001158 0.314293 0.013180 3.423343
0.575717 0.040338 0.036007 0.019219 0.001163 0.314360 0.013195 3.427286
0.575583 0.040511 0.035930 0.019206 0.001154 0.314403 0.013213 3.431169
0.575629 0.040452 0.036021 0.019187 0.001161 0.314326 0.013225 3.435195
0.575599 0.040424 0.036034 0.019217 0.001154 0.314329 0.013244 3.439216
0.575551 0.040376 0.036010 0.019297 0.001147 0.314367 0.013253 3.443216
0.575486 0.040364 0.036034 0.019326 0.001139 0.314386 0.013265 3.447169
0.575368 0.040375 0.036051 0.019389 0.001134 0.314399 0.013284 3.451130
0.575329 0.040319 0.036106 0.019446 0.001133 0.314371 0.013296 3.455086
0.575369 0.040216 0.036035 0.019439 0.001138 0.314489 0.013313 3.459053
0.575407 0.040152 0.036026 0.019488 0.001136 0.314466 0.013325 3.463035
0.575403 0.040264 0.035898 0.019514 0.001137 0.314443 0.013342 3.466902
0.575376 0.040305 0.035849 0.019446 0.001136 0.314532 0.013355 3.470784
0.575388 0.040251 0.035781 0.019459 0.001136 0.314612 0.013373 3.474753
0.575366 0.040309 0.035797 0.019428 0.001131 0.314580 0.013389 3.478697
0.575353 0.040289 0.035769 0.019425 0.001147 0.314617 0.013401 3.482656
0.575230 0.040315 0.035825 0.019441 0.001158 0.314621 0.013410 3.486630
0.575263 0.040286 0.035795 0.019476 0.001156 0.314603 0.013422 3.490582
0.575186 0.040286 0.035789 0.019524 0.001150 0.314624 0.013442 3.494520
0.575176 0.040339 0.035782 0.019576 0.001154 0.314519 0.013456 3.498465
0.575221 0.040189 0.035791 0.019611 0.001163 0.314558 0.013467 3.502472
0.575223 0.040269 0.035815 0.019543 0.001171 0.314497 0.013482 3.506396
0.575166 0.040341 0.035834 0.019506 0.001169 0.314494 0.013492 3.510280
0.575198 0.040292 0.035878 0.019467 0.001175 0.314486 0.013504 3.514259
0.575132 0.040298 0.035876 0.019474 0.001189 0.314518 0.013514 3.518231
0.575204 0.040229 0.035839 0.019423 0.001193 0.314585 0.013528 3.522140
0.575279 0.040215 0.035846 0.019340 0.001196 0.314577 0.013548 3.526037
0.575317 0.040198 0.035806 0.019339 0.001189 0.314589 0.013562 3.529933
0.575356 0.040125 0.035858 0.019310 0.001182 0.314591 0.013579 3.533927
0.575404 0.040142 0.035875 0.019325 0.001180 0.314479 0.013594 3.537864
0.575448 0.040078 0.035902 0.019356 0.001183 0.314429 0.013603 3.541782
0.575337 0.040133 0.035806 0.019340 0.001184 0.314584 0.013616 3.545664
0.575272 0.040192 0.035861 0.019374 0.001186 0.314486 0.013629 3.549559
0.575321 0.040084 0.035883 0.019395 0.001179 0.314491 0.013646 3.553543
0.575325 0.040111 0.035891 0.019371 0.001172 0.314474 0.013657 3.557435
0.575264 0.040133 0.035816 0.019409 0.001172 0.314538 0.013669 3.561329
0.575233 0.040028 0.035880 0.019457 0.001178 0.314544 0.013680 3.565308
0.575217 0.040017 0.035822 0.019501 0.001177 0.314574 0.013692 3.569272
0.575200 0.039937 0.035860 0.019505 0.001172 0.314616 0.013712 3.573277
0.575160 0.039969 0.035860 0.019501 0.001182 0.314605 0.013723 3.577222
0.575102 0.040004 0.035858 0.019438 0.001184 0.314679 0.013735 3.581112
0.575205 0.039925 0.035839 0.019423 0.001185 0.314675 0.013748 3.585082
0.575235 0.039910 0.035875 0.019430 0.001189 0.314601 0.013759 3.589033
0.575269 0.040013 0.035788 0.019453 0.001190 0.314511 0.013776 3.592904
0.575270 0.039883 0.035840 0.019469 0.001181 0.314564 0.013794 3.596900
0.575166 0.039910 0.035889 0.019460 0.001177 0.314590 0.013809 3.600915
0.575217 0.039884 0.035824 0.019410 0.001192 0.314659 0.013815 3.604800
0.575255 0.039773 0.035876 0.019426 0.001197 0.314644 0.013829 3.608791
0.575231 0.039877 0.035800 0.019390 0.001183 0.314673 0.013846 3.612639
0.575191 0.039879 0.035838 0.019378 0.001175 0.314674 0.013865 3.616589
0.575175 0.039871 0.035838 0.019406 0.001177 0.314655 0.013879 3.620556
0.575190 0.039874 0.035893 0.019405 0.001173 0.314569 0.013894 3.624494
0.575226 0.039890 0.035862 0.019388 0.001185 0.314548 0.013901 3.628413
0.575134 0.039980 0.035802 0.019366 0.001182 0.314619 0.013917 3.632271
0.575056 0.040064 0.035724 0.019341 0.001186 0.314700 0.013928 3.636150
0.575137 0.040105 0.035664 0.019327 0.001186 0.314639 0.013942 3.640006
0.575219 0.040099 0.035584 0.019328 0.001188 0.314623 0.013959 3.643889
0.575243 0.040083 0.035604 0.019258 0.001187 0.314649 0.013976 3.647806
0.575306 0.040121 0.035647 0.019242 0.001175 0.314515 0.013994 3.651678
0.575339 0.040115 0.035640 0.019225 0.001181 0.314492 0.014009 3.655569
0.575303 0.040122 0.035624 0.019264 0.001186 0.314480 0.014022 3.659505
0.575308 0.040117 0.035598 0.019259 0.001175 0.314505 0.014036 3.663445
0.575226 0.040159 0.035603 0.019263 0.001164 0.314532 0.014053 3.667383
0.575345 0.040015 0.035658 0.019316 0.001164 0.314437 0.014066 3.671332
0.575424 0.039935 0.035676 0.019326 0.001160 0.314397 0.014082 3.675307
0.575329 0.039913 0.035726 0.019285 0.001161 0.314492 0.014094 3.679237
0.575307 0.039847 0.035787 0.019335 0.001167 0.314451 0.014107 3.683184
0.575259 0.039927 0.035785 0.019351 0.001163 0.314398 0.014118 3.687104
0.575246 0.039909 0.035719 0.019373 0.001178 0.314448 0.014128 3.691023
0.575377 0.039887 0.035663 0.019342 0.001185 0.314408 0.014139 3.694894
0.575290 0.039961 0.035668 0.019326 0.001190 0.314410 0.014153 3.698789
0.575453 0.039835 0.035697 0.019351 0.001202 0.314295 0.014167 3.702746
0.575463 0.039834 0.035692 0.019399 0.001200 0.314230 0.014183 3.706671
0.575444 0.039841 0.035679 0.019398 0.001196 0.314244 0.014197 3.710556
0.575551 0.039789 0.035698 0.019400 0.001202 0.314154 0.014207 3.714469
0.575592 0.039848 0.035655 0.019374 0.001203 0.314106 0.014222 3.718364
0.575615 0.039900 0.035675 0.019353 0.001193 0.314022 0.014242 3.722269
0.575550 0.039984 0.035626 0.019338 0.001191 0.314054 0.014258 3.726154
0.575446 0.040007 0.035655 0.019370 0.001190 0.314061 0.014273 3.730120
0.575368 0.040051 0.035719 0.019413 0.001185 0.313978 0.014287 3.734051
0.575381 0.040035 0.035757 0.019444 0.001177 0.313900 0.014306 3.738009
0.575389 0.040034 0.035728 0.019414 0.001178 0.313940 0.014318 3.741913
0.575342 0.040033 0.035663 0.019461 0.001176 0.313997 0.014328 3.745820
0.575301 0.040136 0.035715 0.019374 0.001178 0.313953 0.014343 3.749671
0.575256 0.040072 0.035705 0.019419 0.001181 0.314014 0.014354 3.753645
0.575271 0.040133 0.035606 0.019398 0.001181 0.314045 0.014365 3.757476
0.575172 0.040221 0.035664 0.019424 0.001188 0.313953 0.014378 3.761412
0.575133 0.040292 0.035607 0.019425 0.001180 0.313971 0.014394 3.765309
0.575115 0.040342 0.035564 0.019394 0.001176 0.314001 0.014409 3.769248
0.575180 0.040375 0.035557 0.019336 0.001183 0.313946 0.014423 3.773109
0.575049 0.040422 0.035541 0.019312 0.001189 0.314047 0.014439 3.777032
