0.347967 0.062169 0.055734 0.032025 0.002114 0.494020 0.005972 1.620428
0.349159 0.061064 0.055568 0.031883 0.002102 0.494222 0.006002 1.626491
0.350803 0.059635 0.055368 0.031651 0.002101 0.494418 0.006024 1.632394
0.352686 0.058061 0.055152 0.031457 0.002104 0.494494 0.006045 1.638218
0.354964 0.056544 0.054806 0.031205 0.002115 0.494295 0.006072 1.643820
0.357168 0.055007 0.054356 0.030947 0.002106 0.494314 0.006102 1.649268
0.359461 0.053517 0.053930 0.030601 0.002106 0.494250 0.006134 1.654599
0.361884 0.052069 0.053483 0.030232 0.002102 0.494060 0.006170 1.659762
0.364416 0.050583 0.052924 0.029899 0.002096 0.493888 0.006195 1.664830
0.367084 0.049244 0.052313 0.029498 0.002109 0.493533 0.006220 1.669723
0.369718 0.047905 0.051686 0.029114 0.002098 0.493230 0.006250 1.674573
0.372430 0.046733 0.051005 0.028670 0.002087 0.492799 0.006276 1.679162
0.375234 0.045572 0.050285 0.028279 0.002087 0.492236 0.006307 1.683700
0.378063 0.044455 0.049660 0.027860 0.002083 0.491549 0.006331 1.688139
0.380892 0.043465 0.048889 0.027419 0.002075 0.490906 0.006355 1.692376
0.383747 0.042423 0.048196 0.026940 0.002070 0.490236 0.006388 1.696643
0.386721 0.041388 0.047507 0.026529 0.002078 0.489365 0.006411 1.700854
0.389628 0.040584 0.046719 0.026084 0.002063 0.488485 0.006436 1.704841
0.392690 0.039743 0.046018 0.025618 0.002062 0.487415 0.006455 1.708816
0.395715 0.039002 0.045176 0.025162 0.002051 0.486409 0.006484 1.712617
0.398657 0.038290 0.044355 0.024790 0.002033 0.485370 0.006505 1.716411
0.401639 0.037627 0.043629 0.024360 0.002023 0.484192 0.006529 1.720164
0.404602 0.037033 0.042875 0.023928 0.002009 0.482999 0.006555 1.723798
0.407581 0.036410 0.042216 0.023556 0.001974 0.481675 0.006589 1.727464
0.410522 0.035895 0.041500 0.023154 0.001966 0.480351 0.006611 1.731007
0.413578 0.035399 0.040756 0.022730 0.001941 0.478960 0.006636 1.734484
0.416562 0.034898 0.040166 0.022358 0.001919 0.477440 0.006656 1.737957
0.419582 0.034505 0.039424 0.022018 0.001907 0.475886 0.006678 1.741297
0.422547 0.034086 0.038836 0.021669 0.001898 0.474267 0.006698 1.744695
0.425451 0.033755 0.038215 0.021302 0.001876 0.472683 0.006719 1.748014
0.428318 0.033437 0.037688 0.020976 0.001845 0.470995 0.006742 1.751284
0.431226 0.033194 0.037084 0.020632 0.001817 0.469283 0.006765 1.754533
0.434167 0.032955 0.036431 0.020263 0.001801 0.467594 0.006789 1.757740
0.437103 0.032674 0.035857 0.019976 0.001769 0.465806 0.006816 1.760933
0.439871 0.032497 0.035315 0.019717 0.001760 0.464006 0.006834 1.764126
0.442675 0.032260 0.034914 0.019441 0.001743 0.462107 0.006861 1.767356
0.445489 0.031996 0.034399 0.019277 0.001717 0.460239 0.006883 1.770533
0.448280 0.031886 0.033936 0.019023 0.001712 0.458262 0.006902 1.773666
0.451055 0.031681 0.033540 0.018805 0.001704 0.456294 0.006922 1.776801
0.453731 0.031655 0.033147 0.018618 0.001672 0.454232 0.006944 1.779907
0.456346 0.031518 0.032853 0.018434 0.001649 0.452234 0.006967 1.783041
0.459057 0.031396 0.032423 0.018198 0.001627 0.450310 0.006989 1.786083
0.461476 0.031426 0.032042 0.018007 0.001610 0.448433 0.007006 1.789100
0.464082 0.031397 0.031703 0.017763 0.001596 0.446427 0.007031 1.792130
0.466609 0.031413 0.031376 0.017626 0.001575 0.444352 0.007049 1.795173
0.469177 0.031350 0.031150 0.017517 0.001553 0.442185 0.007068 1.798292
0.471535 0.031364 0.030882 0.017314 0.001535 0.440280 0.007089 1.801338
0.473912 0.031293 0.030666 0.017232 0.001509 0.438276 0.007111 1.804451
0.476389 0.031341 0.030348 0.017073 0.001490 0.436227 0.007132 1.807425
0.478832 0.031299 0.030192 0.016904 0.001474 0.434150 0.007151 1.810522
0.481200 0.031332 0.029993 0.016828 0.001453 0.432025 0.007169 1.813601
0.483523 0.031389 0.029847 0.016644 0.001435 0.429976 0.007185 1.816623
0.485850 0.031409 0.029742 0.016536 0.001417 0.427846 0.007198 1.819721
0.487982 0.031506 0.029572 0.016485 0.001397 0.425845 0.007212 1.822767
0.490086 0.031569 0.029398 0.016432 0.001388 0.423901 0.007227 1.825866
0.492193 0.031595 0.029382 0.016438 0.001373 0.421773 0.007245 1.829035
0.494221 0.031720 0.029232 0.016428 0.001350 0.419785 0.007265 1.832128
0.496296 0.031804 0.029133 0.016354 0.001332 0.417800 0.007281 1.835252
0.498247 0.031934 0.029070 0.016303 0.001316 0.415828 0.007301 1.838385
0.500057 0.032070 0.029075 0.016278 0.001292 0.413913 0.007316 1.841524
0.501969 0.032150 0.029014 0.016254 0.001282 0.411997 0.007334 1.844698
0.503889 0.032302 0.028996 0.016206 0.001279 0.409982 0.007346 1.847838
0.505633 0.032433 0.028974 0.016189 0.001275 0.408134 0.007362 1.851012
0.507320 0.032603 0.028990 0.016162 0.001256 0.406285 0.007383 1.854166
0.509011 0.032898 0.028943 0.016096 0.001241 0.404410 0.007401 1.857311
0.510588 0.033077 0.028992 0.016133 0.001235 0.402562 0.007413 1.860582
0.512217 0.033265 0.028943 0.016160 0.001226 0.400762 0.007428 1.863738
0.513778 0.033305 0.028992 0.016151 0.001222 0.399111 0.007443 1.867076
0.515381 0.033466 0.029076 0.016117 0.001204 0.397295 0.007460 1.870309
0.516827 0.033611 0.029117 0.016172 0.001197 0.395601 0.007474 1.873662
0.518198 0.033880 0.029069 0.016211 0.001180 0.393977 0.007485 1.876948
0.519689 0.034100 0.029099 0.016209 0.001168 0.392231 0.007504 1.880258
0.521027 0.034333 0.029151 0.016241 0.001162 0.390568 0.007519 1.883603
0.522382 0.034524 0.029255 0.016289 0.001154 0.388860 0.007535 1.887014
0.523666 0.034655 0.029349 0.016382 0.001148 0.387251 0.007551 1.890399
0.524918 0.034796 0.029418 0.016420 0.001133 0.385750 0.007566 1.893827
0.526062 0.034973 0.029503 0.016446 0.001116 0.384315 0.007586 1.897219
0.527168 0.035141 0.029642 0.016504 0.001111 0.382834 0.007601 1.900718
0.528286 0.035281 0.029672 0.016550 0.001111 0.381482 0.007618 1.904190
0.529346 0.035567 0.029757 0.016649 0.001107 0.379938 0.007636 1.907665
0.530402 0.035803 0.029858 0.016728 0.001103 0.378457 0.007649 1.911156
0.531412 0.035946 0.029975 0.016755 0.001100 0.377152 0.007660 1.914667
0.532308 0.036181 0.030142 0.016798 0.001097 0.375799 0.007676 1.918234
0.533194 0.036520 0.030227 0.016866 0.001105 0.374401 0.007686 1.921738
0.534057 0.036679 0.030357 0.016981 0.001103 0.373123 0.007700 1.925323
0.534915 0.036941 0.030488 0.017024 0.001098 0.371820 0.007714 1.928885
0.535714 0.037146 0.030617 0.017115 0.001096 0.370584 0.007730 1.932526
0.536411 0.037367 0.030748 0.017221 0.001093 0.369415 0.007745 1.936209
0.537090 0.037592 0.030960 0.017297 0.001099 0.368206 0.007756 1.939897
0.537778 0.037866 0.031135 0.017391 0.001095 0.366963 0.007771 1.943576
0.538428 0.038055 0.031306 0.017548 0.001092 0.365782 0.007789 1.947310
0.538977 0.038314 0.031526 0.017586 0.001092 0.364702 0.007804 1.951043
0.539573 0.038509 0.031680 0.017665 0.001103 0.363651 0.007818 1.954778
0.540051 0.038769 0.031876 0.017802 0.001116 0.362558 0.007829 1.958567
0.540510 0.038954 0.032113 0.017867 0.001117 0.361600 0.007840 1.962436
0.540864 0.039281 0.032173 0.017968 0.001121 0.360741 0.007853 1.966179
0.541300 0.039435 0.032362 0.018105 0.001112 0.359817 0.007871 1.970029
0.541712 0.039693 0.032496 0.018123 0.001117 0.358976 0.007882 1.973849
0.542068 0.039886 0.032590 0.018286 0.001112 0.358161 0.007898 1.977759
0.542359 0.040043 0.032818 0.018459 0.001123 0.357288 0.007911 1.981725
0.542793 0.040144 0.032988 0.018566 0.001133 0.356455 0.007923 1.985649
0.543241 0.040268 0.033144 0.018599 0.001128 0.355683 0.007937 1.989562
0.543538 0.040410 0.033225 0.018667 0.001136 0.355075 0.007951 1.993494
0.543764 0.040565 0.033393 0.018852 0.001137 0.354321 0.007969 1.997496
0.544083 0.040630 0.033595 0.018933 0.001127 0.353648 0.007985 2.001516
0.544429 0.040788 0.033752 0.019010 0.001132 0.352890 0.007998 2.005516
0.544655 0.041038 0.033939 0.019029 0.001140 0.352182 0.008016 2.009455
0.544955 0.041119 0.034040 0.019123 0.001143 0.351591 0.008029 2.013492
0.545172 0.041217 0.034247 0.019227 0.001154 0.350943 0.008042 2.017560
0.545273 0.041297 0.034452 0.019288 0.001158 0.350476 0.008057 2.021679
0.545428 0.041410 0.034624 0.019373 0.001157 0.349943 0.008065 2.025797
0.545656 0.041498 0.034838 0.019388 0.001155 0.349388 0.008077 2.029827
0.545807 0.041553 0.034990 0.019483 0.001162 0.348913 0.008092 2.033982
0.545891 0.041679 0.035043 0.019570 0.001155 0.348556 0.008107 2.038035
0.545904 0.041815 0.035188 0.019653 0.001135 0.348187 0.008118 2.042134
0.546213 0.041846 0.035255 0.019698 0.001130 0.347726 0.008131 2.046245
0.546371 0.041908 0.035326 0.019741 0.001139 0.347371 0.008146 2.050320
0.546508 0.041922 0.035470 0.019764 0.001138 0.347041 0.008157 2.054465
0.546686 0.042027 0.035556 0.019885 0.001136 0.346540 0.008170 2.058544
0.546891 0.042060 0.035686 0.019904 0.001133 0.346142 0.008184 2.062674
0.546928 0.042125 0.035792 0.019991 0.001140 0.345829 0.008195 2.066891
0.546925 0.042226 0.035894 0.020039 0.001127 0.345578 0.008211 2.071035
0.547022 0.042240 0.036024 0.020087 0.001134 0.345268 0.008227 2.075216
0.547106 0.042316 0.036189 0.020127 0.001135 0.344884 0.008243 2.079384
0.547309 0.042388 0.036226 0.020169 0.001134 0.344518 0.008257 2.083491
0.547384 0.042311 0.036344 0.020232 0.001137 0.344319 0.008275 2.087720
0.547480 0.042434 0.036416 0.020220 0.001132 0.344030 0.008289 2.091761
0.547627 0.042403 0.036450 0.020256 0.001129 0.343833 0.008302 2.095954
0.547761 0.042436 0.036509 0.020282 0.001139 0.343559 0.008316 2.100123
0.547818 0.042450 0.036558 0.020315 0.001139 0.343390 0.008329 2.104337
0.547961 0.042381 0.036608 0.020415 0.001134 0.343155 0.008346 2.108560
0.548073 0.042307 0.036651 0.020485 0.001128 0.342995 0.008360 2.112757
0.548250 0.042251 0.036760 0.020529 0.001145 0.342691 0.008375 2.116968
0.548336 0.042297 0.036783 0.020525 0.001137 0.342531 0.008392 2.121091
0.548485 0.042338 0.036845 0.020478 0.001146 0.342305 0.008404 2.125214
0.548602 0.042418 0.036790 0.020490 0.001157 0.342129 0.008415 2.129298
0.548711 0.042428 0.036815 0.020467 0.001163 0.341992 0.008425 2.133391
0.548793 0.042484 0.036797 0.020493 0.001160 0.341839 0.008435 2.137508
0.548813 0.042571 0.036845 0.020505 0.001155 0.341660 0.008450 2.141629
0.548869 0.042572 0.036875 0.020478 0.001156 0.341586 0.008464 2.145770
0.548924 0.042519 0.036965 0.020497 0.001153 0.341468 0.008476 2.149973
0.549041 0.042415 0.037062 0.020560 0.001157 0.341274 0.008491 2.154204
0.549180 0.042365 0.037026 0.020689 0.001166 0.341070 0.008505 2.158395
0.549278 0.042343 0.037021 0.020706 0.001167 0.340966 0.008520 2.162552
0.549494 0.042348 0.037089 0.020691 0.001165 0.340677 0.008536 2.166695
0.549676 0.042287 0.037108 0.020744 0.001173 0.340466 0.008547 2.170850
0.549712 0.042319 0.037046 0.020697 0.001181 0.340485 0.008561 2.174949
0.549945 0.042217 0.037092 0.020702 0.001194 0.340277 0.008573 2.179115
0.550129 0.042181 0.037113 0.020662 0.001208 0.340123 0.008585 2.183245
0.550238 0.042070 0.037138 0.020723 0.001212 0.340019 0.008599 2.187429
0.550426 0.042002 0.037215 0.020607 0.001216 0.339916 0.008618 2.191535
0.550619 0.041964 0.037173 0.020581 0.001213 0.339818 0.008632 2.195634
0.550816 0.042011 0.037162 0.020654 0.001209 0.339497 0.008650 2.199711
0.550987 0.041967 0.037141 0.020695 0.001208 0.339335 0.008666 2.203846
0.551105 0.041991 0.037139 0.020613 0.001211 0.339256 0.008686 2.207964
0.551306 0.041975 0.037173 0.020586 0.001208 0.339051 0.008702 2.212065
0.551406 0.041922 0.037197 0.020546 0.001224 0.338991 0.008714 2.216188
0.551629 0.041940 0.037157 0.020515 0.001219 0.338810 0.008730 2.220261
0.551743 0.041942 0.037190 0.020491 0.001225 0.338665 0.008744 2.224368
0.551875 0.041880 0.037177 0.020488 0.001220 0.338600 0.008761 2.228489
0.552005 0.041866 0.037246 0.020503 0.001226 0.338373 0.008780 2.232603
0.552185 0.041879 0.037177 0.020466 0.001227 0.338271 0.008795 2.236685
0.552441 0.041749 0.037080 0.020448 0.001224 0.338246 0.008811 2.240786
0.552654 0.041797 0.036961 0.020405 0.001219 0.338136 0.008827 2.244810
0.552927 0.041714 0.036934 0.020444 0.001222 0.337919 0.008840 2.248909
0.553120 0.041624 0.036943 0.020492 0.001221 0.337746 0.008854 2.253022
0.553200 0.041717 0.036952 0.020415 0.001217 0.337630 0.008869 2.257048
0.553354 0.041716 0.036947 0.020426 0.001231 0.337441 0.008885 2.261125
0.553533 0.041626 0.036936 0.020467 0.001235 0.337306 0.008898 2.265223
0.553620 0.041598 0.036989 0.020476 0.001233 0.337170 0.008915 2.269320
0.553803 0.041571 0.036989 0.020413 0.001237 0.337055 0.008932 2.273357
0.554057 0.041521 0.036997 0.020401 0.001234 0.336846 0.008943 2.277424
0.554302 0.041345 0.037073 0.020446 0.001241 0.336640 0.008954 2.281552
0.554540 0.041310 0.037029 0.020403 0.001238 0.336509 0.008970 2.285573
0.554792 0.041253 0.036915 0.020349 0.001254 0.336451 0.008986 2.289614
0.555000 0.041253 0.036843 0.020347 0.001248 0.336308 0.009001 2.293642
0.555126 0.041305 0.036813 0.020314 0.001250 0.336181 0.009010 2.297645
0.555343 0.041249 0.036743 0.020342 0.001244 0.336057 0.009023 2.301664
0.555542 0.041240 0.036730 0.020311 0.001241 0.335895 0.009041 2.305723
0.555810 0.041179 0.036761 0.020287 0.001238 0.335664 0.009061 2.309730
0.555968 0.041252 0.036793 0.020276 0.001239 0.335394 0.009078 2.313746
0.556222 0.041137 0.036726 0.020275 0.001244 0.335302 0.009094 2.317808
0.556410 0.041161 0.036606 0.020250 0.001243 0.335223 0.009106 2.321771
0.556639 0.041091 0.036572 0.020301 0.001239 0.335031 0.009126 2.325849
0.556740 0.041116 0.036514 0.020280 0.001237 0.334972 0.009143 2.329817
0.556944 0.041110 0.036455 0.020229 0.001245 0.334858 0.009159 2.333817
0.557101 0.041102 0.036373 0.020220 0.001249 0.334784 0.009171 2.337798
0.557394 0.041085 0.036345 0.020187 0.001248 0.334555 0.009186 2.341791
0.557641 0.041004 0.036386 0.020146 0.001226 0.334392 0.009205 2.345826
0.557817 0.040996 0.036406 0.020127 0.001228 0.334208 0.009219 2.349842
0.558050 0.041004 0.036334 0.020088 0.001240 0.334054 0.009232 2.353810
0.558261 0.041021 0.036287 0.020043 0.001229 0.333908 0.009251 2.357797
0.558428 0.040995 0.036280 0.020005 0.001226 0.333803 0.009265 2.361820
0.558714 0.040837 0.036225 0.020038 0.001229 0.333685 0.009274 2.365836
0.558957 0.040717 0.036251 0.020054 0.001225 0.333509 0.009286 2.369913
0.559191 0.040621 0.036257 0.020109 0.001215 0.333306 0.009301 2.373961
0.559301 0.040636 0.036334 0.020113 0.001210 0.333090 0.009316 2.378000
0.559569 0.040529 0.036343 0.020105 0.001209 0.332915 0.009330 2.381991
0.559808 0.040435 0.036367 0.020089 0.001198 0.332757 0.009346 2.385997
0.559971 0.040358 0.036293 0.020088 0.001200 0.332731 0.009360 2.389989
0.560239 0.040317 0.036262 0.020060 0.001190 0.332561 0.009372 2.393968
0.560426 0.040288 0.036272 0.020023 0.001192 0.332417 0.009383 2.397924
0.560632 0.040237 0.036328 0.020016 0.001189 0.332202 0.009397 2.401912
0.560890 0.040247 0.036250 0.020053 0.001187 0.331963 0.009411 2.405883
0.561076 0.040235 0.036155 0.020023 0.001183 0.331905 0.009423 2.409796
0.561267 0.040257 0.036068 0.020016 0.001172 0.331779 0.009441 2.413696
0.561464 0.040229 0.036003 0.020014 0.001169 0.331673 0.009448 2.417658
0.561563 0.040278 0.035974 0.019998 0.001158 0.331562 0.009468 2.421587
0.561841 0.040270 0.035937 0.019990 0.001167 0.331313 0.009482 2.425529
0.561994 0.040263 0.035932 0.019954 0.001176 0.331185 0.009497 2.429458
0.562238 0.040196 0.035853 0.019983 0.001175 0.331043 0.009513 2.433403
0.562360 0.040264 0.035780 0.019982 0.001174 0.330913 0.009526 2.437320
0.562529 0.040181 0.035736 0.020010 0.001176 0.330831 0.009537 2.441295
0.562649 0.040279 0.035696 0.019972 0.001163 0.330688 0.009554 2.445187
0.562952 0.040077 0.035723 0.020083 0.001170 0.330431 0.009565 2.449228
0.562957 0.040244 0.035640 0.020048 0.001167 0.330366 0.009578 2.453115
0.563117 0.040257 0.035588 0.020057 0.001163 0.330225 0.009594 2.457049
0.563250 0.040252 0.035630 0.019989 0.001171 0.330101 0.009608 2.461028
0.563431 0.040178 0.035673 0.019970 0.001176 0.329952 0.009620 2.465054
0.563674 0.040219 0.035620 0.019895 0.001176 0.329784 0.009632 2.468962
0.563768 0.040318 0.035552 0.019835 0.001176 0.329709 0.009645 2.472838
0.564055 0.040272 0.035558 0.019851 0.001170 0.329427 0.009666 2.476754
0.564264 0.040282 0.035494 0.019849 0.001180 0.329253 0.009679 2.480660
0.564485 0.040214 0.035546 0.019866 0.001185 0.329014 0.009692 2.484664
0.564611 0.040164 0.035577 0.019834 0.001182 0.328922 0.009710 2.488654
0.564726 0.040292 0.035482 0.019786 0.001195 0.328798 0.009722 2.492553
0.564905 0.040290 0.035526 0.019779 0.001196 0.328568 0.009738 2.496556
0.565019 0.040337 0.035540 0.019785 0.001196 0.328371 0.009752 2.500486
0.565104 0.040453 0.035461 0.019779 0.001205 0.328233 0.009766 2.504364
0.565273 0.040498 0.035447 0.019749 0.001204 0.328046 0.009783 2.508285
0.565367 0.040435 0.035578 0.019763 0.001205 0.327858 0.009794 2.512338
0.565504 0.040380 0.035575 0.019776 0.001200 0.327755 0.009811 2.516309
0.565596 0.040476 0.035581 0.019746 0.001191 0.327584 0.009826 2.520243
0.565682 0.040408 0.035581 0.019789 0.001182 0.327519 0.009839 2.524272
0.565741 0.040379 0.035535 0.019775 0.001186 0.327529 0.009856 2.528274
0.565922 0.040353 0.035532 0.019736 0.001180 0.327409 0.009868 2.532209
0.566098 0.040335 0.035547 0.019695 0.001186 0.327258 0.009882 2.536148
0.566136 0.040391 0.035565 0.019671 0.001198 0.327148 0.009891 2.540098
0.566307 0.040416 0.035606 0.019644 0.001193 0.326929 0.009906 2.544067
0.566360 0.040510 0.035565 0.019652 0.001197 0.326797 0.009919 2.548006
0.566589 0.040525 0.035625 0.019679 0.001190 0.326454 0.009936 2.551974
0.566669 0.040505 0.035635 0.019682 0.001181 0.326379 0.009949 2.555924
0.566857 0.040470 0.035688 0.019706 0.001178 0.326135 0.009965 2.559930
0.566811 0.040601 0.035634 0.019727 0.001174 0.326073 0.009979 2.563903
0.566879 0.040650 0.035653 0.019657 0.001173 0.325989 0.009999 2.567791
0.566945 0.040677 0.035575 0.019701 0.001177 0.325915 0.010010 2.571776
0.566977 0.040683 0.035676 0.019684 0.001168 0.325783 0.010029 2.575791
0.567156 0.040700 0.035701 0.019690 0.001172 0.325538 0.010043 2.579764
0.567270 0.040708 0.035669 0.019724 0.001177 0.325393 0.010060 2.583714
0.567401 0.040684 0.035733 0.019783 0.001179 0.325140 0.010080 2.587731
0.567393 0.040758 0.035734 0.019828 0.001175 0.325019 0.010094 2.591708
0.567512 0.040672 0.035829 0.019813 0.001173 0.324899 0.010103 2.595770
0.567528 0.040695 0.035871 0.019813 0.001178 0.324797 0.010118 2.599774
0.567512 0.040719 0.035869 0.019855 0.001173 0.324738 0.010134 2.603772
0.567506 0.040782 0.035927 0.019862 0.001177 0.324603 0.010146 2.607805
0.567580 0.040816 0.035969 0.019882 0.001179 0.324417 0.010156 2.611797
0.567594 0.040944 0.035813 0.019832 0.001174 0.324467 0.010177 2.615669
0.567596 0.040958 0.035789 0.019903 0.001179 0.324385 0.010191 2.619671
0.567527 0.040949 0.035888 0.019911 0.001184 0.324334 0.010207 2.623709
0.567704 0.040872 0.035811 0.019947 0.001185 0.324260 0.010221 2.627690
0.567708 0.040806 0.035881 0.019934 0.001191 0.324246 0.010233 2.631739
0.567680 0.040825 0.035865 0.019903 0.001191 0.324290 0.010246 2.635760
0.567681 0.040910 0.035952 0.019897 0.001176 0.324122 0.010262 2.639711
0.567768 0.040835 0.035986 0.019958 0.001175 0.324002 0.010276 2.643733
0.567804 0.040841 0.036021 0.019993 0.001154 0.323891 0.010297 2.647759
0.568008 0.040694 0.036051 0.020017 0.001161 0.323754 0.010316 2.651795
0.567878 0.040714 0.036029 0.020000 0.001169 0.323884 0.010327 2.655779
0.567831 0.040820 0.036033 0.019960 0.001166 0.323853 0.010337 2.659718
0.567953 0.040805 0.036072 0.019998 0.001156 0.323664 0.010351 2.663700
0.568058 0.040710 0.036045 0.020058 0.001155 0.323610 0.010365 2.667774
0.568178 0.040679 0.036032 0.020071 0.001167 0.323497 0.010375 2.671768
0.568223 0.040657 0.036027 0.020052 0.001176 0.323474 0.010389 2.675745
0.568289 0.040667 0.035985 0.020019 0.001172 0.323466 0.010403 2.679743
0.568289 0.040645 0.035983 0.020020 0.001174 0.323474 0.010416 2.683759
0.568408 0.040727 0.035876 0.020007 0.001172 0.323381 0.010429 2.687695
0.568472 0.040712 0.035871 0.019964 0.001178 0.323361 0.010441 2.691666
0.568543 0.040703 0.035907 0.019929 0.001171 0.323291 0.010457 2.695654
0.568568 0.040707 0.035878 0.019944 0.001166 0.323263 0.010476 2.699677
0.568596 0.040752 0.035875 0.019861 0.001178 0.323252 0.010486 2.703640
0.568675 0.040798 0.035867 0.019851 0.001179 0.323131 0.010498 2.707578
0.568725 0.040688 0.035914 0.019849 0.001175 0.323136 0.010513 2.711640
0.568785 0.040647 0.035873 0.019865 0.001178 0.323123 0.010530 2.715626
0.568908 0.040632 0.035969 0.019855 0.001188 0.322906 0.010543 2.719633
0.568948 0.040670 0.035965 0.019915 0.001177 0.322766 0.010559 2.723612
0.568925 0.040666 0.035993 0.019889 0.001181 0.322775 0.010570 2.727637
0.568909 0.040788 0.035988 0.019850 0.001188 0.322696 0.010581 2.731552
0.568978 0.040791 0.035982 0.019853 0.001183 0.322616 0.010598 2.735567
0.568932 0.040917 0.035890 0.019871 0.001183 0.322598 0.010609 2.739505
0.568901 0.041033 0.035882 0.019907 0.001180 0.322473 0.010625 2.743495
0.568854 0.041063 0.035950 0.019931 0.001170 0.322389 0.010642 2.747515
0.568893 0.041013 0.035917 0.019951 0.001176 0.322391 0.010659 2.751539
0.568878 0.040988 0.036018 0.020000 0.001172 0.322272 0.010674 2.755607
0.568905 0.040871 0.036182 0.020064 0.001176 0.322119 0.010685 2.759730
0.568810 0.040888 0.036248 0.020077 0.001174 0.322106 0.010696 2.763788
0.568798 0.041003 0.036159 0.020019 0.001170 0.322134 0.010716 2.767706
0.568894 0.041067 0.036147 0.019969 0.001177 0.322013 0.010733 2.771664
0.568932 0.041157 0.036168 0.019995 0.001171 0.321831 0.010745 2.775681
0.568973 0.041047 0.036267 0.019992 0.001180 0.321781 0.010759 2.779811
0.568978 0.040931 0.036244 0.020082 0.001180 0.321808 0.010776 2.783915
0.569004 0.040991 0.036204 0.020075 0.001184 0.321751 0.010791 2.787881
0.569076 0.040982 0.036219 0.020047 0.001186 0.321681 0.010809 2.791892
0.569109 0.041012 0.036162 0.020019 0.001186 0.321690 0.010823 2.795885
0.569063 0.040946 0.036240 0.020086 0.001180 0.321646 0.010840 2.799968
0.569190 0.040858 0.036171 0.020086 0.001178 0.321661 0.010856 2.803974
0.569141 0.040862 0.036143 0.020015 0.001173 0.321792 0.010874 2.807947
0.569196 0.040961 0.036103 0.019972 0.001173 0.321708 0.010887 2.811870
0.569189 0.041013 0.036002 0.019961 0.001168 0.321763 0.010904 2.815842
0.569161 0.040991 0.036061 0.019906 0.001162 0.321802 0.010919 2.819879
0.569285 0.040932 0.036127 0.019876 0.001168 0.321683 0.010929 2.823903
0.569219 0.040918 0.036154 0.019928 0.001171 0.321662 0.010948 2.827949
0.569241 0.040997 0.036096 0.019893 0.001164 0.321646 0.010965 2.831929
0.569153 0.040982 0.036160 0.019895 0.001169 0.321662 0.010980 2.835989
0.569181 0.040959 0.036211 0.019909 0.001180 0.321570 0.010992 2.840029
0.569162 0.040956 0.036199 0.019880 0.001186 0.321609 0.011010 2.844019
0.569154 0.040969 0.036194 0.019852 0.001183 0.321623 0.011025 2.848009
0.569251 0.040883 0.036213 0.019835 0.001189 0.321594 0.011034 2.852063
0.569180 0.040877 0.036303 0.019789 0.001186 0.321616 0.011048 2.856092
0.569139 0.040820 0.036352 0.019811 0.001185 0.321628 0.011064 2.860162
0.569162 0.040877 0.036234 0.019797 0.001174 0.321673 0.011083 2.864116
0.569146 0.040930 0.036238 0.019764 0.001182 0.321641 0.011098 2.868118
0.569091 0.041012 0.036156 0.019786 0.001183 0.321660 0.011112 2.872052
0.569034 0.041034 0.036254 0.019773 0.001180 0.321593 0.011131 2.876099
0.569035 0.040993 0.036212 0.019739 0.001181 0.321696 0.011145 2.880111
0.569073 0.040913 0.036244 0.019747 0.001175 0.321683 0.011164 2.884146
0.569094 0.040917 0.036296 0.019689 0.001178 0.321642 0.011184 2.888121
0.569112 0.040894 0.036370 0.019724 0.001168 0.321535 0.011197 2.892173
0.569042 0.040856 0.036359 0.019774 0.001165 0.321591 0.011215 2.896249
0.569008 0.040970 0.036357 0.019758 0.001154 0.321525 0.011228 2.900238
0.569064 0.040955 0.036278 0.019772 0.001154 0.321532 0.011245 2.904260
0.569139 0.040917 0.036256 0.019784 0.001157 0.321490 0.011258 2.908291
0.569084 0.040898 0.036282 0.019854 0.001154 0.321453 0.011276 2.912373
0.569045 0.040968 0.036233 0.019810 0.001147 0.321510 0.011289 2.916357
0.569038 0.040997 0.036207 0.019824 0.001154 0.321479 0.011302 2.920356
0.569046 0.041129 0.036167 0.019806 0.001154 0.321382 0.011317 2.924292
0.569103 0.041094 0.036170 0.019725 0.001155 0.321423 0.011329 2.928294
0.569175 0.041043 0.036218 0.019742 0.001152 0.321327 0.011344 2.932327
0.569161 0.040927 0.036307 0.019807 0.001151 0.321288 0.011359 2.936409
0.569296 0.040832 0.036275 0.019812 0.001152 0.321260 0.011375 2.940421
0.569335 0.040863 0.036203 0.019828 0.001149 0.321239 0.011385 2.944394
0.569283 0.040903 0.036144 0.019904 0.001147 0.321223 0.011398 2.948406
0.569410 0.040871 0.036217 0.019836 0.001145 0.321110 0.011411 2.952404
0.569402 0.040777 0.036287 0.019841 0.001146 0.321127 0.011419 2.956477
0.569360 0.040743 0.036296 0.019861 0.001147 0.321168 0.011426 2.960513
0.569411 0.040839 0.036263 0.019824 0.001144 0.321074 0.011444 2.964441
0.569338 0.040920 0.036278 0.019790 0.001138 0.321074 0.011461 2.968411
0.569291 0.040926 0.036257 0.019828 0.001138 0.321087 0.011474 2.972437
0.569284 0.040923 0.036225 0.019851 0.001138 0.321092 0.011487 2.976437
0.569361 0.040852 0.036243 0.019858 0.001145 0.321039 0.011501 2.980471
0.569408 0.040749 0.036278 0.019835 0.001152 0.321064 0.011514 2.984532
0.569454 0.040782 0.036218 0.019833 0.001138 0.321047 0.011529 2.988489
0.569496 0.040819 0.036292 0.019810 0.001131 0.320906 0.011546 2.992457
0.569492 0.040785 0.036390 0.019751 0.001138 0.320882 0.011562 2.996449
0.569439 0.040844 0.036282 0.019772 0.001135 0.320951 0.011577 3.000414
0.569482 0.040761 0.036291 0.019784 0.001137 0.320958 0.011587 3.004410
0.569397 0.040757 0.036277 0.019814 0.001137 0.321015 0.011602 3.008460
0.569491 0.040636 0.036255 0.019834 0.001138 0.321027 0.011620 3.012511
0.569420 0.040732 0.036234 0.019794 0.001135 0.321048 0.011636 3.016456
0.569424 0.040690 0.036246 0.019774 0.001126 0.321087 0.011653 3.020483
0.569385 0.040847 0.036111 0.019732 0.001126 0.321131 0.011669 3.024368
0.569417 0.040867 0.036100 0.019740 0.001125 0.321065 0.011686 3.028354
0.569385 0.040855 0.036159 0.019747 0.001123 0.321034 0.011697 3.032365
0.569330 0.040844 0.036182 0.019735 0.001113 0.321086 0.011710 3.036372
0.569369 0.040742 0.036191 0.019760 0.001121 0.321096 0.011722 3.040420
0.569344 0.040698 0.036182 0.019793 0.001124 0.321123 0.011736 3.044461
0.569484 0.040596 0.036117 0.019776 0.001133 0.321148 0.011748 3.048433
0.569610 0.040536 0.036105 0.019766 0.001127 0.321092 0.011763 3.052453
0.569662 0.040470 0.036095 0.019806 0.001119 0.321069 0.011780 3.056473
0.569758 0.040504 0.036096 0.019740 0.001129 0.320982 0.011791 3.060426
0.569740 0.040529 0.036106 0.019737 0.001123 0.320962 0.011806 3.064416
0.569828 0.040568 0.036041 0.019721 0.001134 0.320890 0.011819 3.068319
0.569944 0.040547 0.036005 0.019724 0.001121 0.320822 0.011837 3.072287
0.569946 0.040500 0.035961 0.019748 0.001119 0.320874 0.011852 3.076273
0.569983 0.040504 0.035892 0.019752 0.001117 0.320884 0.011867 3.080222
0.570100 0.040474 0.035889 0.019771 0.001119 0.320765 0.011881 3.084196
0.570167 0.040415 0.035942 0.019747 0.001119 0.320719 0.011891 3.088139
0.570248 0.040441 0.035810 0.019747 0.001122 0.320727 0.011906 3.092037
0.570267 0.040616 0.035781 0.019684 0.001132 0.320604 0.011916 3.095894
0.570332 0.040582 0.035805 0.019655 0.001143 0.320551 0.011933 3.099855
0.570372 0.040594 0.035797 0.019664 0.001138 0.320484 0.011951 3.103836
0.570428 0.040484 0.035893 0.019724 0.001143 0.320368 0.011959 3.107887
0.570452 0.040474 0.035944 0.019729 0.001153 0.320278 0.011970 3.111892
0.570341 0.040648 0.035829 0.019722 0.001144 0.320330 0.011987 3.115803
0.570292 0.040624 0.035833 0.019804 0.001138 0.320309 0.012000 3.119851
0.570268 0.040602 0.035836 0.019815 0.001134 0.320334 0.012012 3.123876
0.570178 0.040678 0.035818 0.019818 0.001131 0.320350 0.012027 3.127872
0.570233 0.040704 0.035861 0.019764 0.001129 0.320270 0.012039 3.131806
0.570280 0.040708 0.035775 0.019751 0.001131 0.320300 0.012056 3.135781
0.570268 0.040700 0.035742 0.019837 0.001133 0.320252 0.012068 3.139782
0.570360 0.040646 0.035721 0.019877 0.001136 0.320171 0.012087 3.143748
0.570428 0.040538 0.035780 0.019839 0.001145 0.320164 0.012106 3.147795
0.570469 0.040531 0.035770 0.019864 0.001146 0.320100 0.012119 3.151775
0.570409 0.040580 0.035816 0.019816 0.001160 0.320088 0.012131 3.155682
0.570431 0.040493 0.035898 0.019814 0.001158 0.320062 0.012146 3.159728
0.570431 0.040632 0.035831 0.019740 0.001153 0.320057 0.012157 3.163582
0.570427 0.040632 0.035931 0.019729 0.001151 0.319963 0.012167 3.167631
0.570353 0.040636 0.035945 0.019737 0.001153 0.319999 0.012177 3.171626
0.570377 0.040736 0.035842 0.019797 0.001142 0.319911 0.012195 3.175570
0.570399 0.040664 0.035837 0.019793 0.001141 0.319954 0.012211 3.179569
0.570347 0.040793 0.035817 0.019713 0.001134 0.319965 0.012232 3.183505
0.570374 0.040686 0.035873 0.019768 0.001125 0.319923 0.012250 3.187596
0.570328 0.040701 0.035809 0.019821 0.001118 0.319957 0.012267 3.191563
0.570458 0.040662 0.035759 0.019844 0.001123 0.319880 0.012275 3.195528
0.570527 0.040658 0.035729 0.019877 0.001126 0.319794 0.012289 3.199478
0.570552 0.040611 0.035824 0.019829 0.001124 0.319761 0.012300 3.203497
0.570436 0.040627 0.035857 0.019900 0.001117 0.319750 0.012312 3.207509
0.570404 0.040715 0.035854 0.019873 0.001113 0.319711 0.012329 3.211442
0.570392 0.040693 0.035761 0.019952 0.001110 0.319747 0.012344 3.215440
0.570472 0.040603 0.035697 0.019975 0.001123 0.319773 0.012357 3.219429
0.570458 0.040537 0.035691 0.019998 0.001123 0.319822 0.012371 3.223430
0.570438 0.040554 0.035710 0.020003 0.001134 0.319780 0.012382 3.227400
0.570512 0.040560 0.035685 0.019924 0.001147 0.319773 0.012398 3.231353
0.570554 0.040588 0.035683 0.019924 0.001146 0.319692 0.012413 3.235301
0.570446 0.040671 0.035638 0.019899 0.001147 0.319773 0.012425 3.239254
0.570510 0.040655 0.035601 0.019859 0.001165 0.319773 0.012436 3.243171
0.570430 0.040768 0.035624 0.019833 0.001156 0.319734 0.012454 3.247095
0.570494 0.040622 0.035663 0.019892 0.001152 0.319706 0.012471 3.251191
0.570481 0.040626 0.035693 0.019878 0.001149 0.319686 0.012487 3.255179
0.570624 0.040577 0.035717 0.019903 0.001148 0.319530 0.012502 3.259168
0.570614 0.040590 0.035771 0.019927 0.001146 0.319434 0.012518 3.263137
0.570610 0.040553 0.035841 0.019902 0.001167 0.319399 0.012528 3.267129
0.570592 0.040508 0.035806 0.019911 0.001174 0.319465 0.012543 3.271120
0.570568 0.040535 0.035822 0.019926 0.001176 0.319416 0.012557 3.275113
0.570623 0.040510 0.035761 0.019921 0.001180 0.319441 0.012564 3.279069
0.570629 0.040520 0.035814 0.019902 0.001176 0.319382 0.012576 3.283048
0.570658 0.040432 0.035827 0.019879 0.001178 0.319437 0.012590 3.287065
0.570654 0.040479 0.035788 0.019867 0.001186 0.319425 0.012603 3.291040
0.570555 0.040487 0.035882 0.019822 0.001191 0.319448 0.012616 3.295021
0.570528 0.040423 0.035934 0.019831 0.001178 0.319472 0.012636 3.299040
0.570537 0.040420 0.035892 0.019815 0.001171 0.319517 0.012649 3.302972
0.570665 0.040451 0.035904 0.019751 0.001163 0.319403 0.012665 3.306908
0.570670 0.040481 0.035948 0.019749 0.001162 0.319313 0.012677 3.310849
0.570773 0.040493 0.035955 0.019812 0.001147 0.319127 0.012694 3.314824
0.570894 0.040323 0.035910 0.019893 0.001154 0.319115 0.012711 3.318875
0.570850 0.040353 0.035934 0.019936 0.001159 0.319044 0.012726 3.322886
0.570853 0.040337 0.035900 0.019985 0.001173 0.319016 0.012737 3.326902
0.570850 0.040296 0.035906 0.019978 0.001164 0.319058 0.012750 3.330868
0.570853 0.040191 0.035942 0.019990 0.001145 0.319117 0.012763 3.334891
0.570988 0.040071 0.035967 0.019927 0.001142 0.319127 0.012779 3.338843
0.571007 0.040076 0.035897 0.019921 0.001148 0.319160 0.012793 3.342820
0.570962 0.040095 0.035867 0.019844 0.001145 0.319279 0.012807 3.346765
0.570982 0.040129 0.035818 0.019812 0.001141 0.319301 0.012817 3.350703
0.571084 0.040154 0.035669 0.019789 0.001135 0.319340 0.012829 3.354561
0.571254 0.040142 0.035627 0.019698 0.001137 0.319297 0.012845 3.358462
0.571293 0.040044 0.035676 0.019747 0.001138 0.319241 0.012860 3.362487
0.571311 0.040065 0.035626 0.019765 0.001137 0.319220 0.012876 3.366391
0.571450 0.039933 0.035591 0.019821 0.001139 0.319174 0.012891 3.370383
0.571429 0.039896 0.035583 0.019869 0.001130 0.319186 0.012908 3.374335
0.571414 0.040007 0.035484 0.019859 0.001132 0.319183 0.012920 3.378210
0.571401 0.040137 0.035481 0.019835 0.001142 0.319075 0.012929 3.382056
0.571504 0.040053 0.035525 0.019891 0.001138 0.318952 0.012938 3.386037
0.571503 0.040101 0.035480 0.019876 0.001141 0.318952 0.012948 3.389948
0.571601 0.040211 0.035395 0.019843 0.001145 0.318844 0.012961 3.393819
0.571555 0.040232 0.035461 0.019830 0.001166 0.318783 0.012974 3.397769
0.571556 0.040270 0.035438 0.019755 0.001172 0.318822 0.012987 3.401681
0.571594 0.040339 0.035393 0.019762 0.001162 0.318751 0.013001 3.405595
0.571440 0.040371 0.035434 0.019738 0.001164 0.318838 0.013017 3.409592
0.571403 0.040356 0.035473 0.019713 0.001148 0.318877 0.013031 3.413548
0.571437 0.040288 0.035538 0.019734 0.001141 0.318812 0.013049 3.417540
0.571435 0.040411 0.035603 0.019735 0.001145 0.318612 0.013060 3.421430
0.571467 0.040363 0.035667 0.019744 0.001146 0.318544 0.013070 3.425374
0.571395 0.040487 0.035666 0.019665 0.001156 0.318544 0.013087 3.429278
0.571400 0.040482 0.035657 0.019704 0.001158 0.318500 0.013100 3.433265
0.571535 0.040428 0.035654 0.019652 0.001160 0.318462 0.013110 3.437205
0.571498 0.040488 0.035700 0.019698 0.001167 0.318331 0.013120 3.441143
0.571438 0.040530 0.035630 0.019753 0.001157 0.318361 0.013134 3.445105
0.571453 0.040603 0.035586 0.019723 0.001145 0.318340 0.013150 3.449019
0.571489 0.040526 0.035679 0.019708 0.001151 0.318284 0.013162 3.452998
0.571498 0.040444 0.035614 0.019742 0.001152 0.318376 0.013173 3.457000
0.571570 0.040481 0.035525 0.019715 0.001161 0.318361 0.013187 3.460902
0.571595 0.040448 0.035519 0.019680 0.001161 0.318397 0.013200 3.464893
0.571645 0.040449 0.035556 0.019666 0.001154 0.318312 0.013218 3.468851
0.571728 0.040487 0.035593 0.019693 0.001152 0.318120 0.013229 3.472792
0.571778 0.040380 0.035577 0.019694 0.001149 0.318180 0.013242 3.476814
0.571776 0.040365 0.035589 0.019714 0.001144 0.318159 0.013253 3.480776
0.571782 0.040356 0.035709 0.019725 0.001158 0.318005 0.013265 3.484759
0.571796 0.040360 0.035670 0.019722 0.001152 0.318024 0.013277 3.488704
0.571757 0.040417 0.035659 0.019711 0.001151 0.318019 0.013287 3.492632
0.571855 0.040270 0.035684 0.019732 0.001149 0.318013 0.013298 3.496630
0.571958 0.040189 0.035593 0.019746 0.001151 0.318050 0.013314 3.500578
0.572002 0.040245 0.035572 0.019730 0.001156 0.317968 0.013327 3.504508
0.571993 0.040252 0.035568 0.019731 0.001156 0.317959 0.013342 3.508443
0.572044 0.040317 0.035449 0.019683 0.001156 0.317994 0.013356 3.512281
0.572001 0.040377 0.035522 0.019658 0.001161 0.317911 0.013371 3.516234
0.571948 0.040517 0.035549 0.019706 0.001160 0.317736 0.013384 3.520177
0.571928 0.040553 0.035624 0.019721 0.001159 0.317617 0.013399 3.524140
0.571852 0.040554 0.035679 0.019763 0.001154 0.317589 0.013408 3.528186
0.571800 0.040578 0.035731 0.019817 0.001149 0.317502 0.013426 3.532179
0.571699 0.040597 0.035753 0.019839 0.001144 0.317525 0.013442 3.536167
0.571708 0.040609 0.035754 0.019760 0.001145 0.317567 0.013456 3.540139
0.571736 0.040612 0.035769 0.019734 0.001137 0.317544 0.013469 3.544057
0.571805 0.040433 0.035782 0.019779 0.001138 0.317580 0.013483 3.548083
0.571768 0.040472 0.035801 0.019754 0.001145 0.317566 0.013494 3.552044
0.571774 0.040399 0.035841 0.019747 0.001149 0.317582 0.013508 3.556072
0.571687 0.040425 0.035846 0.019715 0.001152 0.317654 0.013521 3.560041
0.571627 0.040462 0.035841 0.019697 0.001151 0.317689 0.013533 3.564007
0.571641 0.040484 0.035862 0.019661 0.001154 0.317652 0.013547 3.567967
0.571693 0.040480 0.035854 0.019679 0.001156 0.317579 0.013559 3.571961
0.571569 0.040513 0.035881 0.019700 0.001160 0.317604 0.013573 3.575993
0.571597 0.040535 0.035883 0.019744 0.001172 0.317482 0.013586 3.579951
0.571625 0.040613 0.035894 0.019732 0.001161 0.317370 0.013604 3.583869
0.571668 0.040540 0.035912 0.019712 0.001156 0.317397 0.013616 3.587875
0.571669 0.040615 0.035851 0.019709 0.001163 0.317363 0.013631 3.591792
0.571608 0.040643 0.035800 0.019719 0.001173 0.317412 0.013646 3.595770
0.571585 0.040652 0.035834 0.019706 0.001176 0.317389 0.013657 3.599784
0.571530 0.040692 0.035824 0.019629 0.001184 0.317475 0.013667 3.603775
0.571396 0.040781 0.035791 0.019652 0.001186 0.317515 0.013680 3.607739
0.571309 0.040877 0.035787 0.019638 0.001179 0.317515 0.013696 3.611669
0.571302 0.040896 0.035852 0.019640 0.001178 0.317424 0.013707 3.615662
0.571360 0.040912 0.035844 0.019628 0.001199 0.317342 0.013716 3.619597
0.571298 0.040856 0.035924 0.019679 0.001199 0.317313 0.013731 3.623651
0.571361 0.040823 0.035981 0.019689 0.001192 0.317206 0.013746 3.627660
0.571414 0.040770 0.035984 0.019709 0.001185 0.317173 0.013765 3.631650
0.571502 0.040667 0.036003 0.019755 0.001194 0.317101 0.013780 3.635647
0.571541 0.040644 0.035982 0.019728 0.001190 0.317124 0.013792 3.639630
0.571409 0.040781 0.035997 0.019671 0.001180 0.317157 0.013804 3.643568
0.571362 0.040889 0.035924 0.019693 0.001180 0.317135 0.013818 3.647514
0.571315 0.040882 0.035924 0.019717 0.001179 0.317151 0.013834 3.651482
0.571376 0.040796 0.035979 0.019692 0.001187 0.317121 0.013849 3.655481
0.571288 0.040756 0.036034 0.019703 0.001183 0.317177 0.013861 3.659527
0.571320 0.040699 0.036010 0.019803 0.001169 0.317117 0.013881 3.663536
0.571226 0.040842 0.035927 0.019799 0.001157 0.317151 0.013899 3.667490
0.571165 0.040745 0.036010 0.019883 0.001159 0.317130 0.013908 3.671572
0.571060 0.040743 0.036104 0.019839 0.001158 0.317174 0.013923 3.675641
0.570907 0.040778 0.036096 0.019878 0.001142 0.317264 0.013935 3.679662
0.570837 0.040889 0.036075 0.019880 0.001139 0.317231 0.013950 3.683578
0.570897 0.040843 0.036033 0.019855 0.001137 0.317269 0.013968 3.687599
0.570828 0.040790 0.036119 0.019842 0.001128 0.317309 0.013984 3.691669
0.570755 0.040800 0.036155 0.019903 0.001127 0.317264 0.013996 3.695674
0.570670 0.040865 0.036048 0.019958 0.001120 0.317330 0.014011 3.699650
0.570592 0.040912 0.036062 0.019929 0.001117 0.317368 0.014021 3.703648
0.570609 0.040832 0.036098 0.020017 0.001116 0.317290 0.014038 3.707670
0.570612 0.040803 0.036137 0.019981 0.001122 0.317291 0.014053 3.711695
0.570563 0.040842 0.036178 0.019968 0.001133 0.317247 0.014068 3.715685
0.570523 0.040855 0.036165 0.019920 0.001130 0.317326 0.014082 3.719684
0.570561 0.040750 0.036263 0.019940 0.001124 0.317263 0.014100 3.723740
0.570481 0.040822 0.036228 0.019940 0.001121 0.317296 0.014111 3.727737
0.570455 0.040881 0.036185 0.019868 0.001124 0.317364 0.014124 3.731672
0.570310 0.040879 0.036150 0.019911 0.001106 0.317500 0.014143 3.735711
0.570225 0.040915 0.036110 0.019880 0.001104 0.317606 0.014160 3.739686
0.570302 0.040928 0.036056 0.019866 0.001107 0.317568 0.014173 3.743638
0.570208 0.041024 0.036020 0.019829 0.001105 0.317627 0.014188 3.747595
0.570110 0.041010 0.036055 0.019850 0.001096 0.317679 0.014200 3.751637
0.570051 0.041047 0.035997 0.019829 0.001090 0.317770 0.014217 3.755625
0.570040 0.041090 0.035901 0.019828 0.001100 0.317811 0.014230 3.759611
0.570083 0.040988 0.035973 0.019827 0.001112 0.317774 0.014245 3.763675
0.569889 0.041048 0.036033 0.019793 0.001112 0.317865 0.014260 3.767702
0.569852 0.041068 0.036056 0.019830 0.001116 0.317806 0.014272 3.771724
0.569872 0.041080 0.036061 0.019866 0.001118 0.317717 0.014287 3.775700
0.569846 0.041043 0.036108 0.019865 0.001119 0.317723 0.014297 3.779706
0.569748 0.041053 0.036156 0.019813 0.001126 0.317793 0.014311 3.783721
0.569624 0.041112 0.036070 0.019782 0.001139 0.317947 0.014325 3.787710
0.569603 0.041137 0.036108 0.019768 0.001141 0.317901 0.014341 3.791695
0.569662 0.041075 0.036115 0.019820 0.001145 0.317830 0.014354 3.795710
0.569726 0.040984 0.036167 0.019841 0.001156 0.317759 0.014366 3.799755
0.569595 0.040959 0.036322 0.019858 0.001157 0.317726 0.014385 3.803860
