0.360076 0.061475 0.055007 0.031488 0.002005 0.484241 0.005709 1.587836
0.362016 0.059546 0.054968 0.031285 0.002013 0.484441 0.005731 1.593797
0.364724 0.057094 0.054793 0.031053 0.002012 0.484566 0.005758 1.599570
0.367872 0.054528 0.054537 0.030777 0.002003 0.484499 0.005785 1.605058
0.371310 0.051974 0.054047 0.030377 0.002013 0.484474 0.005806 1.610267
0.375013 0.049327 0.053633 0.029874 0.002006 0.484314 0.005832 1.615300
0.378870 0.046821 0.053004 0.029326 0.001987 0.484135 0.005858 1.620013
0.382783 0.044441 0.052212 0.028714 0.001990 0.483984 0.005876 1.624453
0.386798 0.042187 0.051300 0.028103 0.001989 0.483725 0.005899 1.628677
0.390948 0.040020 0.050375 0.027471 0.001987 0.483275 0.005924 1.632723
0.395156 0.037955 0.049416 0.026840 0.001970 0.482715 0.005950 1.636561
0.399459 0.036113 0.048374 0.026114 0.001958 0.482006 0.005975 1.640129
0.403925 0.034289 0.047174 0.025421 0.001955 0.481238 0.006000 1.643592
0.408347 0.032595 0.046038 0.024735 0.001943 0.480319 0.006023 1.646894
0.412727 0.031027 0.044849 0.024032 0.001929 0.479390 0.006047 1.649994
0.417245 0.029582 0.043727 0.023315 0.001920 0.478142 0.006070 1.652911
0.421782 0.028260 0.042536 0.022573 0.001905 0.476846 0.006098 1.655728
0.426100 0.027019 0.041387 0.021881 0.001896 0.475594 0.006122 1.658445
0.430595 0.025799 0.040344 0.021272 0.001868 0.473973 0.006149 1.661089
0.435208 0.024705 0.039162 0.020601 0.001843 0.472313 0.006170 1.663551
0.439724 0.023654 0.038016 0.019944 0.001827 0.470640 0.006195 1.665956
0.444207 0.022735 0.036862 0.019268 0.001809 0.468903 0.006217 1.668211
0.448728 0.021805 0.035791 0.018629 0.001782 0.467023 0.006241 1.670462
0.453281 0.020974 0.034724 0.017992 0.001764 0.465003 0.006262 1.672551
0.457752 0.020227 0.033599 0.017352 0.001732 0.463050 0.006286 1.674573
0.462187 0.019532 0.032459 0.016817 0.001713 0.460983 0.006309 1.676516
0.466717 0.018850 0.031415 0.016270 0.001680 0.458731 0.006336 1.678396
0.471315 0.018181 0.030408 0.015718 0.001662 0.456364 0.006353 1.680232
0.475953 0.017579 0.029441 0.015216 0.001650 0.453786 0.006373 1.682039
0.480384 0.017022 0.028491 0.014726 0.001621 0.451362 0.006393 1.683765
0.484875 0.016480 0.027605 0.014278 0.001595 0.448751 0.006416 1.685434
0.489426 0.015991 0.026785 0.013772 0.001573 0.446020 0.006433 1.687038
0.493852 0.015543 0.025937 0.013328 0.001549 0.443339 0.006452 1.688581
0.498351 0.015140 0.025111 0.012849 0.001524 0.440556 0.006470 1.690078
0.502770 0.014790 0.024343 0.012480 0.001493 0.437625 0.006499 1.691529
0.507039 0.014421 0.023579 0.012114 0.001463 0.434861 0.006522 1.692991
0.511398 0.014089 0.022868 0.011740 0.001419 0.431944 0.006543 1.694433
0.515813 0.013747 0.022176 0.011336 0.001394 0.428976 0.006559 1.695837
0.520000 0.013471 0.021501 0.011003 0.001370 0.426081 0.006574 1.697173
0.524354 0.013171 0.020860 0.010687 0.001344 0.422992 0.006592 1.698525
0.528631 0.012876 0.020212 0.010365 0.001322 0.419984 0.006611 1.699829
0.532932 0.012653 0.019646 0.010051 0.001292 0.416801 0.006625 1.701073
0.537123 0.012456 0.019071 0.009744 0.001258 0.413704 0.006644 1.702307
0.541355 0.012217 0.018510 0.009445 0.001227 0.410585 0.006662 1.703511
0.545582 0.012038 0.018028 0.009140 0.001210 0.407326 0.006678 1.704689
0.549637 0.011883 0.017553 0.008916 0.001181 0.404136 0.006695 1.705845
0.553668 0.011755 0.017052 0.008635 0.001155 0.401022 0.006712 1.706961
0.557718 0.011602 0.016582 0.008426 0.001124 0.397820 0.006727 1.708085
0.561617 0.011397 0.016212 0.008226 0.001096 0.394709 0.006743 1.709252
0.565623 0.011175 0.015856 0.008051 0.001079 0.391461 0.006755 1.710418
0.569467 0.011083 0.015477 0.007840 0.001053 0.388312 0.006769 1.711500
0.573392 0.010931 0.015110 0.007649 0.001028 0.385103 0.006787 1.712579
0.577155 0.010796 0.014760 0.007504 0.001000 0.381986 0.006799 1.713666
0.580953 0.010707 0.014431 0.007318 0.000981 0.378792 0.006818 1.714710
0.584739 0.010636 0.014041 0.007152 0.000960 0.375644 0.006828 1.715721
0.588436 0.010530 0.013720 0.006997 0.000938 0.372537 0.006841 1.716754
0.592155 0.010434 0.013471 0.006842 0.000926 0.369321 0.006852 1.717782
0.595846 0.010365 0.013207 0.006691 0.000911 0.366116 0.006863 1.718810
0.599353 0.010311 0.012923 0.006546 0.000895 0.363097 0.006876 1.719798
0.602923 0.010206 0.012750 0.006411 0.000876 0.359944 0.006890 1.720819
0.606402 0.010140 0.012497 0.006268 0.000860 0.356934 0.006899 1.721794
0.609847 0.010101 0.012278 0.006140 0.000840 0.353882 0.006913 1.722786
0.613260 0.010027 0.012087 0.006032 0.000825 0.350847 0.006922 1.723795
0.616691 0.009955 0.011897 0.005976 0.000806 0.347745 0.006931 1.724774
0.619969 0.009986 0.011675 0.005852 0.000793 0.344784 0.006940 1.725734
0.623298 0.009957 0.011515 0.005759 0.000777 0.341742 0.006952 1.726701
0.626622 0.009935 0.011323 0.005686 0.000759 0.338712 0.006964 1.727654
0.629929 0.009887 0.011143 0.005602 0.000749 0.335720 0.006971 1.728617
0.633181 0.009837 0.011022 0.005512 0.000735 0.332738 0.006976 1.729599
0.636346 0.009777 0.010858 0.005444 0.000718 0.329874 0.006984 1.730562
0.639484 0.009757 0.010700 0.005402 0.000696 0.326967 0.006994 1.731475
0.642585 0.009728 0.010590 0.005357 0.000673 0.324061 0.007005 1.732472
0.645679 0.009707 0.010491 0.005315 0.000667 0.321129 0.007011 1.733435
0.648825 0.009688 0.010372 0.005284 0.000650 0.318162 0.007020 1.734381
0.651839 0.009692 0.010247 0.005207 0.000635 0.315352 0.007028 1.735283
0.654766 0.009672 0.010142 0.005137 0.000625 0.312624 0.007034 1.736237
0.657769 0.009670 0.010022 0.005117 0.000611 0.309773 0.007040 1.737153
0.660679 0.009697 0.009945 0.005067 0.000597 0.306971 0.007044 1.738088
0.663550 0.009693 0.009870 0.005040 0.000590 0.304207 0.007050 1.739060
0.666349 0.009678 0.009788 0.005019 0.000570 0.301536 0.007061 1.740027
0.669064 0.009765 0.009693 0.004977 0.000562 0.298870 0.007068 1.740941
0.671813 0.009771 0.009634 0.004935 0.000555 0.296217 0.007074 1.741890
0.674611 0.009714 0.009581 0.004936 0.000540 0.293535 0.007084 1.742868
0.677374 0.009694 0.009529 0.004909 0.000535 0.290868 0.007092 1.743827
0.679993 0.009711 0.009459 0.004890 0.000536 0.288311 0.007100 1.744760
0.682650 0.009738 0.009387 0.004837 0.000522 0.285757 0.007109 1.745692
0.685307 0.009756 0.009337 0.004795 0.000510 0.283182 0.007113 1.746627
0.687830 0.009770 0.009291 0.004774 0.000494 0.280720 0.007121 1.747596
0.690428 0.009731 0.009264 0.004752 0.000493 0.278204 0.007125 1.748563
0.692848 0.009797 0.009197 0.004748 0.000488 0.275791 0.007130 1.749481
0.695243 0.009861 0.009137 0.004698 0.000483 0.273440 0.007136 1.750400
0.697606 0.009900 0.009095 0.004681 0.000470 0.271105 0.007142 1.751352
0.699968 0.009910 0.009116 0.004672 0.000466 0.268720 0.007147 1.752314
0.702244 0.009953 0.009175 0.004678 0.000464 0.266335 0.007151 1.753324
0.704520 0.010020 0.009184 0.004679 0.000454 0.263984 0.007157 1.754315
0.706722 0.010040 0.009190 0.004684 0.000446 0.261758 0.007161 1.755342
0.708995 0.010094 0.009207 0.004695 0.000439 0.259403 0.007166 1.756360
0.711156 0.010213 0.009198 0.004685 0.000439 0.257136 0.007173 1.757332
0.713266 0.010293 0.009235 0.004688 0.000435 0.254906 0.007177 1.758323
0.715416 0.010348 0.009242 0.004706 0.000427 0.252679 0.007181 1.759337
0.717495 0.010439 0.009233 0.004737 0.000421 0.250490 0.007185 1.760343
0.719589 0.010498 0.009285 0.004750 0.000417 0.248269 0.007192 1.761378
0.721654 0.010572 0.009299 0.004752 0.000403 0.246120 0.007200 1.762419
0.723638 0.010624 0.009350 0.004788 0.000400 0.243995 0.007205 1.763471
0.725577 0.010726 0.009357 0.004766 0.000393 0.241973 0.007209 1.764480
0.727434 0.010806 0.009390 0.004767 0.000386 0.240004 0.007214 1.765521
0.729265 0.010915 0.009406 0.004789 0.000377 0.238031 0.007218 1.766566
0.731134 0.010964 0.009432 0.004826 0.000375 0.236048 0.007221 1.767660
0.732921 0.011052 0.009471 0.004867 0.000368 0.234097 0.007223 1.768757
0.734635 0.011173 0.009512 0.004866 0.000369 0.232216 0.007229 1.769811
0.736361 0.011259 0.009577 0.004884 0.000366 0.230320 0.007233 1.770909
0.738001 0.011366 0.009633 0.004897 0.000361 0.228504 0.007237 1.772000
0.739634 0.011506 0.009665 0.004935 0.000360 0.226662 0.007239 1.773083
0.741242 0.011590 0.009718 0.004975 0.000357 0.224873 0.007246 1.774214
0.742856 0.011712 0.009810 0.005027 0.000355 0.222990 0.007249 1.775372
0.744336 0.011772 0.009910 0.005048 0.000353 0.221327 0.007253 1.776573
0.745954 0.011880 0.009942 0.005074 0.000350 0.219542 0.007258 1.777708
0.747358 0.011966 0.009966 0.005105 0.000346 0.217996 0.007262 1.778885
0.748887 0.012072 0.010028 0.005125 0.000343 0.216280 0.007265 1.780042
0.750230 0.012201 0.010106 0.005170 0.000335 0.214688 0.007271 1.781222
0.751545 0.012341 0.010186 0.005187 0.000337 0.213129 0.007276 1.782421
0.752816 0.012463 0.010282 0.005186 0.000338 0.211636 0.007279 1.783622
0.754177 0.012554 0.010408 0.005199 0.000334 0.210040 0.007287 1.784842
0.755501 0.012662 0.010500 0.005247 0.000330 0.208468 0.007292 1.786084
0.756740 0.012801 0.010556 0.005299 0.000326 0.206979 0.007300 1.787328
0.757911 0.012983 0.010615 0.005310 0.000327 0.205553 0.007302 1.788534
0.759076 0.013142 0.010662 0.005380 0.000318 0.204114 0.007310 1.789784
0.760168 0.013248 0.010810 0.005443 0.000315 0.202700 0.007315 1.791119
0.761218 0.013411 0.010874 0.005451 0.000313 0.201414 0.007319 1.792374
0.762263 0.013533 0.010982 0.005495 0.000314 0.200091 0.007324 1.793689
0.763237 0.013677 0.011140 0.005536 0.000310 0.198773 0.007328 1.795047
0.764249 0.013820 0.011248 0.005569 0.000310 0.197471 0.007333 1.796387
0.765180 0.013920 0.011357 0.005648 0.000311 0.196245 0.007339 1.797794
0.766167 0.014013 0.011442 0.005700 0.000313 0.195023 0.007342 1.799161
0.767045 0.014152 0.011527 0.005779 0.000311 0.193841 0.007345 1.800565
0.767907 0.014357 0.011591 0.005807 0.000314 0.192677 0.007348 1.801928
0.768756 0.014492 0.011605 0.005891 0.000315 0.191588 0.007353 1.803314
0.769560 0.014645 0.011736 0.006004 0.000317 0.190381 0.007357 1.804766
0.770383 0.014770 0.011871 0.006076 0.000316 0.189224 0.007360 1.806226
0.771169 0.014928 0.012005 0.006116 0.000313 0.188107 0.007364 1.807673
0.771833 0.015020 0.012175 0.006178 0.000316 0.187113 0.007367 1.809196
0.772478 0.015235 0.012284 0.006240 0.000316 0.186078 0.007370 1.810663
0.773111 0.015326 0.012425 0.006323 0.000312 0.185128 0.007375 1.812179
0.773773 0.015501 0.012507 0.006392 0.000313 0.184136 0.007379 1.813683
0.774354 0.015638 0.012626 0.006481 0.000311 0.183207 0.007384 1.815208
0.774901 0.015797 0.012763 0.006574 0.000309 0.182267 0.007389 1.816764
0.775498 0.015977 0.012896 0.006608 0.000314 0.181316 0.007391 1.818325
0.775974 0.016168 0.012962 0.006669 0.000315 0.180518 0.007396 1.819858
0.776540 0.016344 0.013076 0.006730 0.000321 0.179590 0.007398 1.821450
0.777092 0.016470 0.013215 0.006751 0.000324 0.178747 0.007402 1.823055
0.777530 0.016677 0.013366 0.006788 0.000329 0.177907 0.007405 1.824649
0.777981 0.016808 0.013529 0.006850 0.000328 0.177096 0.007410 1.826253
0.778299 0.016994 0.013673 0.006898 0.000329 0.176393 0.007414 1.827930
0.778601 0.017215 0.013790 0.006985 0.000330 0.175658 0.007419 1.829594
0.779024 0.017327 0.013918 0.007007 0.000336 0.174963 0.007424 1.831272
0.779351 0.017500 0.014046 0.007083 0.000340 0.174253 0.007428 1.832980
0.779707 0.017555 0.014276 0.007166 0.000340 0.173520 0.007435 1.834738
0.780025 0.017715 0.014366 0.007221 0.000345 0.172892 0.007437 1.836453
0.780357 0.017802 0.014566 0.007327 0.000351 0.172157 0.007439 1.838236
0.780550 0.017937 0.014695 0.007405 0.000359 0.171613 0.007441 1.840010
0.780817 0.018070 0.014778 0.007499 0.000358 0.171033 0.007446 1.841764
0.781032 0.018205 0.014901 0.007589 0.000354 0.170469 0.007453 1.843545
0.781287 0.018257 0.015040 0.007648 0.000354 0.169957 0.007457 1.845350
0.781510 0.018379 0.015170 0.007714 0.000358 0.169410 0.007460 1.847160
0.781757 0.018541 0.015309 0.007728 0.000358 0.168841 0.007466 1.848923
0.781887 0.018667 0.015416 0.007803 0.000361 0.168395 0.007471 1.850779
0.782002 0.018783 0.015572 0.007840 0.000369 0.167962 0.007474 1.852642
0.782056 0.018969 0.015725 0.007869 0.000371 0.167534 0.007477 1.854502
0.782151 0.019058 0.015900 0.007931 0.000373 0.167107 0.007482 1.856412
0.782211 0.019204 0.016009 0.007951 0.000379 0.166757 0.007489 1.858280
0.782301 0.019384 0.016049 0.008048 0.000377 0.166350 0.007490 1.860103
0.782399 0.019567 0.016118 0.008109 0.000374 0.165937 0.007498 1.861969
0.782446 0.019736 0.016209 0.008150 0.000376 0.165580 0.007504 1.863865
0.782523 0.019824 0.016286 0.008217 0.000375 0.165267 0.007508 1.865788
0.782546 0.019875 0.016409 0.008268 0.000374 0.165015 0.007513 1.867766
0.782525 0.019971 0.016511 0.008351 0.000380 0.164745 0.007516 1.869716
0.782520 0.020067 0.016622 0.008457 0.000387 0.164427 0.007521 1.871691
0.782530 0.020157 0.016737 0.008521 0.000390 0.164139 0.007526 1.873638
0.782527 0.020241 0.016847 0.008567 0.000392 0.163895 0.007532 1.875626
0.782584 0.020245 0.017036 0.008650 0.000399 0.163549 0.007537 1.877657
0.782536 0.020334 0.017113 0.008687 0.000403 0.163383 0.007543 1.879625
0.782476 0.020417 0.017255 0.008776 0.000404 0.163126 0.007546 1.881627
0.782449 0.020504 0.017320 0.008865 0.000408 0.162904 0.007551 1.883631
0.782417 0.020601 0.017373 0.008894 0.000410 0.162747 0.007557 1.885598
0.782355 0.020716 0.017454 0.008881 0.000414 0.162615 0.007565 1.887556
0.782294 0.020771 0.017511 0.008908 0.000418 0.162531 0.007568 1.889553
0.782238 0.020808 0.017589 0.008972 0.000422 0.162399 0.007571 1.891562
0.782235 0.020813 0.017660 0.009038 0.000422 0.162255 0.007577 1.893602
0.782119 0.020869 0.017700 0.009089 0.000425 0.162217 0.007581 1.895626
0.782038 0.020878 0.017811 0.009132 0.000429 0.162126 0.007586 1.897692
0.781983 0.020881 0.017924 0.009184 0.000436 0.162001 0.007592 1.899768
0.781939 0.020900 0.018023 0.009205 0.000435 0.161903 0.007596 1.901829
0.781897 0.020934 0.018053 0.009268 0.000440 0.161808 0.007601 1.903863
0.781751 0.021051 0.018131 0.009263 0.000450 0.161747 0.007608 1.905885
0.781695 0.021026 0.018249 0.009316 0.000456 0.161647 0.007612 1.907990
0.781673 0.021014 0.018322 0.009357 0.000464 0.161554 0.007618 1.910073
0.781635 0.021056 0.018370 0.009423 0.000471 0.161423 0.007622 1.912117
0.781509 0.021145 0.018397 0.009448 0.000467 0.161405 0.007628 1.914152
0.781576 0.021102 0.018459 0.009422 0.000474 0.161332 0.007635 1.916184
0.781506 0.021137 0.018557 0.009461 0.000483 0.161217 0.007640 1.918240
0.781445 0.021143 0.018622 0.009490 0.000486 0.161167 0.007646 1.920301
0.781292 0.021171 0.018690 0.009478 0.000484 0.161235 0.007652 1.922394
0.781240 0.021176 0.018760 0.009461 0.000482 0.161225 0.007658 1.924487
0.781117 0.021224 0.018751 0.009480 0.000479 0.161283 0.007667 1.926530
0.781036 0.021289 0.018717 0.009466 0.000477 0.161341 0.007675 1.928554
0.780965 0.021278 0.018803 0.009509 0.000481 0.161282 0.007682 1.930660
0.780869 0.021327 0.018847 0.009541 0.000479 0.161250 0.007687 1.932729
0.780851 0.021285 0.018881 0.009535 0.000486 0.161271 0.007692 1.934811
0.780705 0.021296 0.018921 0.009542 0.000491 0.161350 0.007696 1.936875
0.780698 0.021261 0.018924 0.009534 0.000493 0.161387 0.007702 1.938956
0.780647 0.021212 0.018961 0.009571 0.000499 0.161402 0.007708 1.941044
0.780578 0.021254 0.018933 0.009547 0.000502 0.161473 0.007713 1.943070
0.780501 0.021198 0.018971 0.009539 0.000509 0.161565 0.007718 1.945182
0.780483 0.021164 0.018991 0.009498 0.000518 0.161625 0.007722 1.947218
0.780489 0.021137 0.018991 0.009527 0.000518 0.161608 0.007730 1.949308
0.780441 0.021126 0.019061 0.009514 0.000523 0.161599 0.007737 1.951385
0.780367 0.021161 0.019070 0.009508 0.000529 0.161623 0.007742 1.953437
0.780380 0.021147 0.019034 0.009511 0.000536 0.161646 0.007746 1.955493
0.780285 0.021171 0.019061 0.009533 0.000537 0.161659 0.007755 1.957574
0.780215 0.021116 0.019132 0.009494 0.000552 0.161728 0.007763 1.959673
0.780224 0.021080 0.019116 0.009487 0.000547 0.161777 0.007769 1.961700
0.780227 0.020976 0.019159 0.009523 0.000557 0.161783 0.007775 1.963822
0.780223 0.020936 0.019221 0.009603 0.000562 0.161676 0.007780 1.965939
0.780218 0.020905 0.019215 0.009607 0.000562 0.161705 0.007788 1.967989
0.780247 0.020858 0.019237 0.009619 0.000563 0.161683 0.007793 1.970082
0.780161 0.020866 0.019202 0.009595 0.000565 0.161812 0.007800 1.972113
0.780129 0.020840 0.019193 0.009616 0.000561 0.161852 0.007809 1.974200
0.780080 0.020879 0.019201 0.009584 0.000557 0.161883 0.007817 1.976207
0.780102 0.020828 0.019218 0.009599 0.000558 0.161873 0.007823 1.978274
0.780178 0.020709 0.019195 0.009647 0.000554 0.161888 0.007831 1.980336
0.780212 0.020682 0.019215 0.009607 0.000551 0.161893 0.007839 1.982365
0.780248 0.020707 0.019172 0.009554 0.000565 0.161909 0.007845 1.984350
0.780308 0.020671 0.019157 0.009557 0.000565 0.161888 0.007853 1.986377
0.780349 0.020599 0.019070 0.009578 0.000564 0.161977 0.007862 1.988421
0.780354 0.020577 0.019055 0.009587 0.000560 0.161994 0.007873 1.990452
0.780446 0.020521 0.019026 0.009515 0.000575 0.162043 0.007876 1.992427
0.780480 0.020434 0.019046 0.009511 0.000572 0.162074 0.007883 1.994489
0.780541 0.020415 0.018985 0.009499 0.000568 0.162105 0.007888 1.996466
0.780559 0.020397 0.018987 0.009452 0.000568 0.162141 0.007895 1.998452
0.780711 0.020287 0.018937 0.009437 0.000563 0.162164 0.007901 2.000456
0.780782 0.020313 0.018883 0.009430 0.000554 0.162133 0.007904 2.002428
0.780847 0.020194 0.018790 0.009476 0.000546 0.162237 0.007911 2.004439
0.780915 0.020205 0.018742 0.009424 0.000549 0.162246 0.007918 2.006398
0.781071 0.020062 0.018708 0.009466 0.000553 0.162217 0.007924 2.008413
0.781143 0.020056 0.018667 0.009440 0.000552 0.162214 0.007930 2.010364
0.781217 0.020013 0.018657 0.009379 0.000560 0.162240 0.007935 2.012336
0.781372 0.019921 0.018665 0.009395 0.000561 0.162145 0.007941 2.014310
0.781530 0.019829 0.018662 0.009354 0.000565 0.162113 0.007946 2.016268
0.781649 0.019721 0.018707 0.009324 0.000564 0.162086 0.007950 2.018254
0.781698 0.019640 0.018676 0.009332 0.000565 0.162134 0.007956 2.020252
0.781836 0.019700 0.018601 0.009299 0.000563 0.162041 0.007961 2.022121
0.781922 0.019731 0.018499 0.009305 0.000555 0.162017 0.007970 2.024018
0.782080 0.019677 0.018462 0.009291 0.000552 0.161965 0.007974 2.025970
0.782215 0.019621 0.018418 0.009251 0.000556 0.161955 0.007985 2.027890
0.782336 0.019613 0.018343 0.009223 0.000549 0.161945 0.007991 2.029787
0.782438 0.019559 0.018356 0.009249 0.000538 0.161863 0.007998 2.031765
0.782553 0.019564 0.018351 0.009225 0.000539 0.161764 0.008004 2.033647
0.782817 0.019411 0.018361 0.009218 0.000537 0.161646 0.008009 2.035609
0.782990 0.019354 0.018307 0.009195 0.000537 0.161601 0.008016 2.037510
0.783241 0.019192 0.018261 0.009135 0.000537 0.161615 0.008021 2.039385
0.783495 0.019094 0.018245 0.009086 0.000536 0.161516 0.008029 2.041288
0.783706 0.019036 0.018205 0.009050 0.000535 0.161433 0.008036 2.043159
0.783799 0.019019 0.018197 0.009015 0.000531 0.161396 0.008043 2.045042
0.784007 0.019013 0.018149 0.008978 0.000534 0.161269 0.008050 2.046908
0.784243 0.018994 0.018076 0.008920 0.000538 0.161175 0.008055 2.048747
0.784482 0.018936 0.018022 0.008905 0.000531 0.161060 0.008064 2.050606
0.784707 0.018910 0.017929 0.008907 0.000533 0.160944 0.008071 2.052418
0.784978 0.018833 0.017890 0.008875 0.000530 0.160818 0.008077 2.054275
0.785235 0.018755 0.017901 0.008849 0.000527 0.160647 0.008087 2.056147
0.785401 0.018756 0.017851 0.008836 0.000525 0.160537 0.008094 2.057976
0.785635 0.018721 0.017799 0.008822 0.000531 0.160396 0.008097 2.059813
0.785782 0.018697 0.017693 0.008846 0.000532 0.160346 0.008104 2.061633
0.785885 0.018665 0.017689 0.008837 0.000528 0.160285 0.008111 2.063489
0.786129 0.018577 0.017658 0.008822 0.000526 0.160165 0.008123 2.065330
0.786266 0.018588 0.017603 0.008835 0.000529 0.160053 0.008126 2.067137
0.786477 0.018553 0.017573 0.008808 0.000530 0.159926 0.008134 2.068980
0.786686 0.018467 0.017576 0.008833 0.000522 0.159776 0.008140 2.070863
0.786878 0.018392 0.017652 0.008801 0.000526 0.159610 0.008143 2.072742
0.787023 0.018439 0.017605 0.008761 0.000526 0.159503 0.008145 2.074508
0.787274 0.018354 0.017527 0.008715 0.000536 0.159445 0.008151 2.076318
0.787467 0.018284 0.017469 0.008747 0.000529 0.159346 0.008159 2.078129
0.787693 0.018257 0.017420 0.008716 0.000530 0.159217 0.008167 2.079938
0.787902 0.018233 0.017322 0.008709 0.000528 0.159132 0.008176 2.081716
0.788058 0.018204 0.017286 0.008649 0.000528 0.159092 0.008184 2.083511
0.788338 0.018227 0.017215 0.008602 0.000524 0.158903 0.008191 2.085255
0.788582 0.018114 0.017215 0.008603 0.000523 0.158766 0.008198 2.087104
0.788827 0.018085 0.017155 0.008627 0.000523 0.158580 0.008203 2.088829
0.789075 0.018066 0.017102 0.008587 0.000516 0.158444 0.008210 2.090602
0.789331 0.018086 0.017043 0.008549 0.000514 0.158261 0.008214 2.092341
0.789592 0.018047 0.017021 0.008536 0.000517 0.158068 0.008220 2.094150
0.789754 0.018064 0.017003 0.008500 0.000516 0.157938 0.008226 2.095877
0.790027 0.018082 0.016992 0.008457 0.000511 0.157697 0.008234 2.097653
0.790265 0.018007 0.016975 0.008437 0.000509 0.157567 0.008240 2.099443
0.790396 0.017945 0.016978 0.008476 0.000505 0.157454 0.008249 2.101255
0.790606 0.017927 0.016950 0.008461 0.000513 0.157290 0.008253 2.103001
0.790865 0.017919 0.016925 0.008470 0.000518 0.157046 0.008259 2.104754
0.791169 0.017811 0.016917 0.008458 0.000511 0.156868 0.008268 2.106548
0.791356 0.017781 0.016858 0.008445 0.000514 0.156773 0.008274 2.108308
0.791531 0.017806 0.016852 0.008370 0.000519 0.156645 0.008278 2.110043
0.791738 0.017801 0.016820 0.008351 0.000508 0.156498 0.008283 2.111795
0.791903 0.017823 0.016723 0.008334 0.000498 0.156430 0.008290 2.113525
0.792059 0.017855 0.016665 0.008306 0.000497 0.156319 0.008297 2.115255
0.792219 0.017816 0.016628 0.008332 0.000491 0.156208 0.008305 2.117029
0.792496 0.017805 0.016592 0.008300 0.000487 0.156010 0.008310 2.118763
0.792750 0.017758 0.016621 0.008321 0.000480 0.155755 0.008315 2.120564
0.792875 0.017760 0.016636 0.008279 0.000480 0.155649 0.008320 2.122301
0.793100 0.017689 0.016606 0.008265 0.000475 0.155536 0.008328 2.124043
0.793358 0.017725 0.016543 0.008236 0.000477 0.155328 0.008334 2.125732
0.793621 0.017718 0.016508 0.008203 0.000474 0.155136 0.008341 2.127470
0.793865 0.017645 0.016459 0.008186 0.000467 0.155030 0.008348 2.129228
0.794061 0.017692 0.016365 0.008198 0.000462 0.154870 0.008351 2.130926
0.794220 0.017700 0.016395 0.008182 0.000463 0.154685 0.008356 2.132665
0.794428 0.017754 0.016329 0.008171 0.000463 0.154494 0.008361 2.134364
0.794602 0.017772 0.016254 0.008175 0.000457 0.154372 0.008368 2.136112
0.794725 0.017882 0.016271 0.008181 0.000450 0.154115 0.008377 2.137840
0.794916 0.017873 0.016311 0.008153 0.000449 0.153917 0.008381 2.139588
0.795143 0.017900 0.016297 0.008139 0.000456 0.153679 0.008387 2.141304
0.795314 0.017871 0.016375 0.008152 0.000455 0.153436 0.008396 2.143088
0.795456 0.017910 0.016343 0.008168 0.000464 0.153255 0.008403 2.144842
0.795556 0.017945 0.016370 0.008143 0.000469 0.153110 0.008407 2.146585
0.795715 0.017928 0.016325 0.008136 0.000475 0.153010 0.008411 2.148323
0.795841 0.017959 0.016300 0.008154 0.000479 0.152851 0.008417 2.150066
0.795914 0.018020 0.016339 0.008148 0.000475 0.152681 0.008423 2.151820
0.796050 0.018005 0.016357 0.008179 0.000478 0.152504 0.008428 2.153610
0.796096 0.018071 0.016369 0.008166 0.000474 0.152391 0.008434 2.155336
0.796206 0.018057 0.016400 0.008187 0.000463 0.152244 0.008442 2.157116
0.796382 0.018033 0.016380 0.008162 0.000462 0.152137 0.008445 2.158857
0.796513 0.018006 0.016423 0.008191 0.000462 0.151956 0.008449 2.160641
0.796657 0.017967 0.016496 0.008188 0.000467 0.151767 0.008456 2.162451
0.796879 0.017910 0.016438 0.008190 0.000472 0.151646 0.008464 2.164227
0.797079 0.017875 0.016395 0.008230 0.000477 0.151474 0.008470 2.165966
0.797213 0.017904 0.016338 0.008235 0.000483 0.151350 0.008477 2.167696
0.797412 0.017875 0.016298 0.008220 0.000484 0.151230 0.008481 2.169439
0.797567 0.017912 0.016270 0.008186 0.000484 0.151094 0.008485 2.171153
0.797707 0.017879 0.016255 0.008192 0.000480 0.150995 0.008493 2.172931
0.797923 0.017824 0.016268 0.008226 0.000486 0.150773 0.008500 2.174703
0.798040 0.017834 0.016333 0.008224 0.000481 0.150581 0.008508 2.176473
0.798117 0.017858 0.016306 0.008210 0.000484 0.150510 0.008515 2.178245
0.798272 0.017907 0.016275 0.008209 0.000488 0.150328 0.008520 2.179947
0.798381 0.017944 0.016272 0.008255 0.000479 0.150141 0.008528 2.181691
0.798465 0.017988 0.016321 0.008280 0.000484 0.149927 0.008535 2.183477
0.798634 0.017922 0.016330 0.008277 0.000481 0.149814 0.008542 2.185256
0.798726 0.017940 0.016333 0.008251 0.000478 0.149725 0.008548 2.187013
0.798829 0.017943 0.016417 0.008194 0.000484 0.149581 0.008553 2.188790
0.798892 0.018043 0.016341 0.008181 0.000483 0.149503 0.008558 2.190484
0.799029 0.018072 0.016350 0.008190 0.000477 0.149317 0.008566 2.192236
0.799064 0.018059 0.016359 0.008136 0.000484 0.149326 0.008571 2.194021
0.799232 0.018012 0.016351 0.008135 0.000482 0.149212 0.008576 2.195770
0.799318 0.018026 0.016344 0.008153 0.000478 0.149099 0.008582 2.197532
0.799368 0.018008 0.016388 0.008141 0.000476 0.149030 0.008588 2.199344
0.799474 0.018007 0.016407 0.008164 0.000483 0.148873 0.008594 2.201118
0.799576 0.017916 0.016462 0.008158 0.000486 0.148802 0.008600 2.202945
0.799672 0.017930 0.016447 0.008136 0.000487 0.148722 0.008607 2.204705
0.799768 0.017933 0.016457 0.008138 0.000494 0.148599 0.008612 2.206462
0.799825 0.017913 0.016477 0.008141 0.000491 0.148531 0.008621 2.208232
0.799876 0.017932 0.016497 0.008126 0.000496 0.148446 0.008627 2.209994
0.799915 0.018022 0.016464 0.008123 0.000498 0.148344 0.008634 2.211721
0.800121 0.017894 0.016477 0.008185 0.000486 0.148192 0.008644 2.213549
0.800233 0.017929 0.016472 0.008159 0.000487 0.148068 0.008651 2.215269
0.800295 0.017985 0.016473 0.008146 0.000488 0.147958 0.008656 2.217005
0.800380 0.018075 0.016478 0.008102 0.000481 0.147821 0.008663 2.218706
0.800439 0.018078 0.016485 0.008108 0.000482 0.147742 0.008667 2.220496
0.800491 0.018144 0.016487 0.008090 0.000486 0.147629 0.008674 2.222227
0.800583 0.018070 0.016505 0.008101 0.000490 0.147572 0.008679 2.224025
0.800707 0.018015 0.016543 0.008136 0.000492 0.147421 0.008685 2.225825
0.800761 0.018002 0.016569 0.008152 0.000488 0.147335 0.008692 2.227599
0.800755 0.018035 0.016594 0.008198 0.000484 0.147238 0.008696 2.229396
0.800861 0.018047 0.016572 0.008178 0.000488 0.147155 0.008700 2.231118
0.800939 0.018016 0.016615 0.008184 0.000484 0.147055 0.008707 2.232910
0.800941 0.018100 0.016582 0.008201 0.000483 0.146984 0.008711 2.234654
0.800986 0.018131 0.016527 0.008224 0.000489 0.146929 0.008714 2.236413
0.800994 0.018227 0.016524 0.008202 0.000484 0.146848 0.008722 2.238142
0.800972 0.018274 0.016533 0.008202 0.000481 0.146806 0.008732 2.239916
0.801041 0.018284 0.016546 0.008185 0.000479 0.146725 0.008739 2.241692
0.801011 0.018361 0.016566 0.008193 0.000485 0.146641 0.008743 2.243462
0.801070 0.018344 0.016604 0.008211 0.000495 0.146531 0.008747 2.245305
0.801039 0.018364 0.016607 0.008236 0.000491 0.146510 0.008752 2.247121
0.801086 0.018395 0.016633 0.008274 0.000488 0.146366 0.008759 2.248915
0.801092 0.018466 0.016589 0.008267 0.000490 0.146334 0.008763 2.250670
0.801062 0.018478 0.016609 0.008289 0.000485 0.146308 0.008769 2.252481
0.801026 0.018512 0.016592 0.008322 0.000475 0.146297 0.008777 2.254283
0.801050 0.018516 0.016612 0.008316 0.000473 0.146249 0.008783 2.256064
0.801030 0.018604 0.016605 0.008301 0.000485 0.146188 0.008787 2.257826
0.801031 0.018643 0.016633 0.008380 0.000483 0.146037 0.008793 2.259650
0.800965 0.018656 0.016650 0.008382 0.000483 0.146066 0.008798 2.261510
0.800984 0.018597 0.016690 0.008434 0.000483 0.146009 0.008804 2.263398
0.800995 0.018572 0.016773 0.008447 0.000476 0.145927 0.008810 2.265236
0.801042 0.018551 0.016795 0.008443 0.000470 0.145884 0.008816 2.267048
0.801030 0.018556 0.016797 0.008462 0.000468 0.145864 0.008822 2.268881
0.801086 0.018466 0.016823 0.008473 0.000465 0.145862 0.008825 2.270736
0.801060 0.018392 0.016854 0.008509 0.000467 0.145888 0.008829 2.272622
0.801080 0.018448 0.016842 0.008478 0.000464 0.145852 0.008836 2.274389
0.801131 0.018475 0.016833 0.008480 0.000466 0.145772 0.008843 2.276192
0.801163 0.018411 0.016872 0.008487 0.000464 0.145753 0.008850 2.278053
0.801280 0.018408 0.016868 0.008473 0.000468 0.145650 0.008854 2.279839
0.801253 0.018457 0.016850 0.008470 0.000463 0.145645 0.008862 2.281636
0.801228 0.018474 0.016828 0.008511 0.000467 0.145625 0.008866 2.283456
0.801307 0.018428 0.016820 0.008523 0.000467 0.145587 0.008868 2.285280
0.801327 0.018456 0.016886 0.008487 0.000463 0.145509 0.008873 2.287081
0.801301 0.018479 0.016860 0.008423 0.000461 0.145597 0.008878 2.288853
0.801334 0.018451 0.016824 0.008436 0.000461 0.145611 0.008882 2.290649
0.801299 0.018455 0.016822 0.008457 0.000462 0.145618 0.008887 2.292440
0.801283 0.018493 0.016783 0.008462 0.000462 0.145624 0.008893 2.294231
0.801348 0.018402 0.016871 0.008420 0.000465 0.145599 0.008896 2.296093
0.801408 0.018382 0.016902 0.008414 0.000471 0.145521 0.008903 2.297896
0.801489 0.018367 0.016878 0.008442 0.000475 0.145443 0.008907 2.299684
0.801522 0.018375 0.016904 0.008431 0.000475 0.145381 0.008912 2.301501
0.801609 0.018374 0.016942 0.008408 0.000473 0.145278 0.008916 2.303275
0.801626 0.018413 0.016891 0.008389 0.000469 0.145290 0.008922 2.305023
0.801665 0.018399 0.016906 0.008354 0.000463 0.145287 0.008926 2.306846
0.801693 0.018368 0.016935 0.008356 0.000460 0.145255 0.008933 2.308677
0.801693 0.018383 0.016954 0.008301 0.000457 0.145275 0.008937 2.310452
0.801719 0.018358 0.016979 0.008282 0.000458 0.145265 0.008940 2.312255
0.801682 0.018416 0.016921 0.008307 0.000451 0.145277 0.008948 2.314050
0.801716 0.018446 0.016938 0.008304 0.000451 0.145193 0.008953 2.315842
0.801618 0.018464 0.016979 0.008329 0.000455 0.145198 0.008958 2.317707
0.801594 0.018479 0.016923 0.008356 0.000451 0.145233 0.008963 2.319498
0.801569 0.018454 0.016930 0.008390 0.000448 0.145239 0.008970 2.321339
0.801632 0.018380 0.016933 0.008423 0.000453 0.145205 0.008974 2.323176
0.801581 0.018447 0.016940 0.008434 0.000456 0.145167 0.008976 2.324968
0.801584 0.018391 0.016935 0.008450 0.000454 0.145207 0.008979 2.326801
0.801529 0.018425 0.016933 0.008473 0.000455 0.145204 0.008982 2.328617
0.801538 0.018392 0.016951 0.008480 0.000452 0.145200 0.008986 2.330436
0.801581 0.018316 0.017006 0.008476 0.000461 0.145173 0.008987 2.332308
0.801641 0.018342 0.016970 0.008485 0.000457 0.145112 0.008994 2.334070
0.801650 0.018297 0.016953 0.008481 0.000454 0.145163 0.009002 2.335895
0.801644 0.018263 0.016959 0.008481 0.000458 0.145186 0.009009 2.337709
0.801583 0.018264 0.017009 0.008443 0.000457 0.145231 0.009013 2.339555
0.801618 0.018269 0.017036 0.008439 0.000458 0.145159 0.009022 2.341357
0.801544 0.018333 0.017005 0.008451 0.000461 0.145182 0.009024 2.343151
0.801436 0.018425 0.016971 0.008444 0.000456 0.145237 0.009030 2.344953
0.801369 0.018553 0.016946 0.008422 0.000452 0.145219 0.009038 2.346725
0.801439 0.018503 0.017012 0.008403 0.000453 0.145146 0.009043 2.348548
0.801431 0.018531 0.016962 0.008395 0.000457 0.145175 0.009048 2.350321
0.801430 0.018561 0.016940 0.008377 0.000453 0.145186 0.009052 2.352111
0.801433 0.018584 0.016908 0.008389 0.000465 0.145165 0.009056 2.353931
0.801470 0.018491 0.016914 0.008421 0.000467 0.145178 0.009060 2.355783
0.801528 0.018485 0.016919 0.008446 0.000468 0.145085 0.009068 2.357605
0.801512 0.018460 0.016955 0.008422 0.000460 0.145117 0.009075 2.359445
0.801489 0.018478 0.016967 0.008437 0.000464 0.145082 0.009084 2.361248
0.801491 0.018460 0.016958 0.008473 0.000468 0.145061 0.009091 2.363079
0.801444 0.018495 0.016959 0.008457 0.000471 0.145078 0.009096 2.364885
0.801417 0.018521 0.016922 0.008506 0.000473 0.145059 0.009101 2.366690
0.801450 0.018516 0.016901 0.008486 0.000473 0.145066 0.009106 2.368489
0.801472 0.018538 0.016942 0.008464 0.000481 0.144993 0.009111 2.370281
0.801439 0.018558 0.016910 0.008476 0.000479 0.145024 0.009115 2.372073
0.801501 0.018525 0.016939 0.008476 0.000481 0.144958 0.009121 2.373924
0.801383 0.018573 0.016955 0.008521 0.000483 0.144956 0.009128 2.375783
0.801400 0.018543 0.016938 0.008522 0.000483 0.144981 0.009133 2.377595
0.801408 0.018512 0.016909 0.008515 0.000486 0.145034 0.009137 2.379415
0.801401 0.018560 0.016935 0.008479 0.000492 0.144993 0.009140 2.381176
0.801442 0.018573 0.016935 0.008482 0.000494 0.144929 0.009144 2.382969
0.801441 0.018533 0.016942 0.008479 0.000498 0.144958 0.009148 2.384815
0.801507 0.018512 0.016895 0.008462 0.000495 0.144977 0.009153 2.386602
0.801547 0.018488 0.016920 0.008454 0.000493 0.144940 0.009160 2.388460
0.801518 0.018496 0.016960 0.008453 0.000495 0.144912 0.009165 2.390300
0.801416 0.018584 0.016944 0.008490 0.000495 0.144900 0.009171 2.392071
0.801469 0.018550 0.016997 0.008490 0.000494 0.144823 0.009177 2.393887
0.801381 0.018602 0.016972 0.008521 0.000494 0.144846 0.009184 2.395756
0.801294 0.018583 0.017006 0.008501 0.000500 0.144927 0.009190 2.397588
0.801333 0.018546 0.017020 0.008527 0.000501 0.144876 0.009196 2.399422
0.801271 0.018603 0.017012 0.008494 0.000500 0.144916 0.009204 2.401246
0.801253 0.018601 0.017043 0.008500 0.000496 0.144900 0.009207 2.403065
0.801288 0.018549 0.017118 0.008450 0.000500 0.144881 0.009213 2.404910
0.801331 0.018507 0.017056 0.008422 0.000498 0.144966 0.009220 2.406741
0.801335 0.018524 0.017033 0.008426 0.000496 0.144958 0.009227 2.408537
0.801328 0.018523 0.017045 0.008445 0.000493 0.144932 0.009233 2.410380
0.801375 0.018462 0.017021 0.008467 0.000491 0.144945 0.009240 2.412209
0.801394 0.018488 0.016994 0.008464 0.000493 0.144923 0.009243 2.413977
0.801467 0.018463 0.016924 0.008497 0.000497 0.144903 0.009250 2.415774
0.801518 0.018483 0.016900 0.008486 0.000503 0.144857 0.009253 2.417550
0.801564 0.018441 0.016919 0.008487 0.000502 0.144826 0.009260 2.419382
0.801625 0.018452 0.016949 0.008488 0.000499 0.144720 0.009266 2.421171
0.801557 0.018504 0.016930 0.008477 0.000498 0.144763 0.009272 2.422947
0.801528 0.018545 0.016933 0.008484 0.000497 0.144737 0.009277 2.424743
0.801587 0.018498 0.016940 0.008495 0.000497 0.144698 0.009285 2.426561
0.801577 0.018499 0.016923 0.008488 0.000504 0.144720 0.009290 2.428359
0.801585 0.018484 0.016966 0.008456 0.000510 0.144702 0.009297 2.430156
0.801541 0.018505 0.016983 0.008445 0.000503 0.144720 0.009303 2.431960
0.801597 0.018535 0.016972 0.008412 0.000507 0.144667 0.009309 2.433730
0.801705 0.018381 0.017038 0.008442 0.000501 0.144616 0.009316 2.435615
0.801714 0.018392 0.016987 0.008470 0.000504 0.144607 0.009325 2.437422
0.801684 0.018397 0.017044 0.008454 0.000509 0.144584 0.009328 2.439254
0.801708 0.018417 0.017047 0.008414 0.000514 0.144568 0.009333 2.441030
0.801653 0.018406 0.017046 0.008459 0.000514 0.144583 0.009339 2.442859
0.801687 0.018391 0.017040 0.008485 0.000513 0.144539 0.009345 2.444675
0.801665 0.018428 0.017048 0.008490 0.000505 0.144512 0.009352 2.446479
0.801656 0.018461 0.017051 0.008487 0.000502 0.144485 0.009358 2.448285
0.801658 0.018455 0.017018 0.008492 0.000503 0.144509 0.009366 2.450101
0.801704 0.018337 0.017036 0.008478 0.000501 0.144572 0.009372 2.451933
0.801671 0.018396 0.017019 0.008477 0.000500 0.144559 0.009378 2.453723
0.801646 0.018396 0.017004 0.008483 0.000502 0.144583 0.009385 2.455565
0.801599 0.018432 0.017046 0.008481 0.000507 0.144545 0.009390 2.457386
0.801606 0.018441 0.017055 0.008459 0.000508 0.144535 0.009396 2.459191
0.801647 0.018423 0.017029 0.008451 0.000511 0.144538 0.009401 2.460994
0.801618 0.018447 0.017080 0.008422 0.000512 0.144517 0.009404 2.462808
0.801699 0.018333 0.017117 0.008467 0.000512 0.144461 0.009411 2.464677
0.801721 0.018373 0.017070 0.008463 0.000508 0.144451 0.009417 2.466445
0.801663 0.018382 0.017024 0.008470 0.000500 0.144539 0.009422 2.468241
0.801653 0.018381 0.016981 0.008448 0.000500 0.144608 0.009428 2.470038
0.801711 0.018313 0.017031 0.008426 0.000494 0.144587 0.009437 2.471861
0.801640 0.018330 0.016993 0.008434 0.000496 0.144666 0.009443 2.473655
0.801663 0.018283 0.017002 0.008419 0.000496 0.144690 0.009448 2.475483
0.801562 0.018365 0.017012 0.008424 0.000489 0.144690 0.009457 2.477291
0.801609 0.018336 0.016987 0.008443 0.000487 0.144673 0.009464 2.479087
0.801613 0.018305 0.016993 0.008447 0.000486 0.144683 0.009472 2.480913
0.801685 0.018250 0.017008 0.008422 0.000490 0.144668 0.009478 2.482735
0.801652 0.018291 0.016996 0.008410 0.000490 0.144680 0.009482 2.484558
0.801618 0.018304 0.017044 0.008389 0.000495 0.144659 0.009491 2.486360
0.801561 0.018391 0.016993 0.008415 0.000494 0.144650 0.009496 2.488130
0.801601 0.018379 0.016968 0.008384 0.000493 0.144673 0.009502 2.489905
0.801588 0.018416 0.016947 0.008412 0.000498 0.144631 0.009507 2.491692
0.801612 0.018422 0.016929 0.008457 0.000497 0.144571 0.009512 2.493501
0.801549 0.018414 0.016921 0.008472 0.000504 0.144624 0.009515 2.495363
0.801552 0.018397 0.016923 0.008481 0.000505 0.144619 0.009524 2.497193
0.801439 0.018400 0.016866 0.008466 0.000507 0.144794 0.009528 2.499018
0.801414 0.018469 0.016853 0.008465 0.000504 0.144759 0.009536 2.500778
0.801413 0.018437 0.016842 0.008494 0.000511 0.144761 0.009543 2.502600
0.801321 0.018518 0.016856 0.008514 0.000513 0.144728 0.009550 2.504382
0.801305 0.018491 0.016876 0.008538 0.000502 0.144731 0.009558 2.506234
0.801245 0.018527 0.016875 0.008505 0.000502 0.144785 0.009561 2.508034
0.801268 0.018564 0.016853 0.008494 0.000496 0.144758 0.009569 2.509813
0.801308 0.018458 0.016905 0.008481 0.000495 0.144779 0.009575 2.511691
0.801345 0.018462 0.016874 0.008446 0.000498 0.144798 0.009578 2.513449
0.801306 0.018488 0.016894 0.008432 0.000499 0.144800 0.009583 2.515286
0.801297 0.018562 0.016903 0.008431 0.000500 0.144722 0.009587 2.517070
0.801255 0.018546 0.016872 0.008427 0.000502 0.144805 0.009593 2.518909
0.801167 0.018570 0.016880 0.008412 0.000505 0.144868 0.009599 2.520716
0.801183 0.018625 0.016893 0.008394 0.000503 0.144797 0.009604 2.522480
0.801176 0.018648 0.016855 0.008385 0.000505 0.144818 0.009613 2.524282
0.801095 0.018656 0.016851 0.008405 0.000507 0.144864 0.009621 2.526121
0.801154 0.018606 0.016879 0.008407 0.000515 0.144814 0.009624 2.527966
0.801155 0.018624 0.016895 0.008421 0.000513 0.144760 0.009632 2.529760
0.801107 0.018656 0.016906 0.008401 0.000514 0.144779 0.009638 2.531574
0.801157 0.018639 0.016937 0.008407 0.000518 0.144702 0.009641 2.533360
0.801069 0.018661 0.016947 0.008419 0.000516 0.144743 0.009646 2.535166
0.801056 0.018620 0.017031 0.008441 0.000513 0.144688 0.009652 2.537047
0.800988 0.018704 0.017048 0.008419 0.000512 0.144673 0.009657 2.538843
0.800971 0.018688 0.017068 0.008417 0.000511 0.144682 0.009663 2.540674
0.800980 0.018676 0.017049 0.008395 0.000510 0.144721 0.009671 2.542506
0.801000 0.018671 0.017014 0.008408 0.000506 0.144723 0.009678 2.544298
0.800928 0.018646 0.017052 0.008417 0.000510 0.144765 0.009681 2.546153
0.800866 0.018646 0.017077 0.008446 0.000510 0.144771 0.009686 2.547994
0.800816 0.018625 0.017066 0.008452 0.000504 0.144845 0.009692 2.549804
0.800809 0.018604 0.017045 0.008479 0.000508 0.144857 0.009699 2.551651
0.800815 0.018597 0.017024 0.008471 0.000512 0.144876 0.009704 2.553452
0.800827 0.018561 0.017050 0.008498 0.000512 0.144839 0.009713 2.555308
0.800810 0.018539 0.017029 0.008497 0.000520 0.144889 0.009718 2.557103
0.800847 0.018414 0.017038 0.008541 0.000516 0.144919 0.009726 2.558992
0.800805 0.018439 0.016998 0.008514 0.000517 0.144990 0.009736 2.560770
0.800761 0.018462 0.017004 0.008514 0.000527 0.144993 0.009740 2.562597
0.800704 0.018467 0.017007 0.008531 0.000527 0.145020 0.009744 2.564431
0.800733 0.018375 0.017053 0.008530 0.000519 0.145039 0.009750 2.566314
0.800772 0.018306 0.017114 0.008572 0.000517 0.144966 0.009753 2.568177
0.800805 0.018338 0.017051 0.008573 0.000521 0.144953 0.009760 2.569938
