0.369818 0.061216 0.055034 0.031420 0.001978 0.474816 0.005719 1.552498
0.372337 0.058680 0.054920 0.031264 0.001974 0.475078 0.005746 1.558439
0.375762 0.055782 0.054712 0.030865 0.001979 0.475128 0.005771 1.563956
0.379478 0.052585 0.054408 0.030450 0.001977 0.475304 0.005800 1.569267
0.383696 0.049290 0.053902 0.029952 0.001986 0.475347 0.005826 1.574298
0.388145 0.046123 0.053213 0.029312 0.001985 0.475376 0.005847 1.578942
0.392832 0.043028 0.052361 0.028634 0.002000 0.475279 0.005866 1.583275
0.397698 0.039955 0.051535 0.027910 0.001992 0.475014 0.005896 1.587456
0.402607 0.037133 0.050523 0.027140 0.001977 0.474700 0.005919 1.591281
0.407601 0.034504 0.049304 0.026379 0.001969 0.474296 0.005948 1.594815
0.412772 0.032125 0.047985 0.025515 0.001966 0.473669 0.005968 1.598010
0.417964 0.029812 0.046726 0.024670 0.001953 0.472878 0.005996 1.601085
0.423186 0.027693 0.045418 0.023835 0.001937 0.471913 0.006018 1.603906
0.428409 0.025779 0.043972 0.022949 0.001917 0.470929 0.006046 1.606500
0.433663 0.024048 0.042549 0.022083 0.001879 0.469707 0.006073 1.608892
0.439013 0.022381 0.041161 0.021247 0.001866 0.468237 0.006095 1.611146
0.444224 0.020771 0.039802 0.020458 0.001840 0.466784 0.006122 1.613326
0.449502 0.019343 0.038380 0.019603 0.001832 0.465189 0.006150 1.615298
0.454719 0.018057 0.036965 0.018793 0.001810 0.463478 0.006179 1.617107
0.460014 0.016814 0.035561 0.018029 0.001783 0.461595 0.006204 1.618853
0.465255 0.015712 0.034147 0.017224 0.001759 0.459672 0.006230 1.620457
0.470547 0.014715 0.032702 0.016504 0.001741 0.457544 0.006249 1.621921
0.475850 0.013786 0.031361 0.015764 0.001707 0.455257 0.006274 1.623273
0.481091 0.012950 0.030081 0.015058 0.001688 0.452836 0.006297 1.624564
0.486290 0.012167 0.028836 0.014404 0.001676 0.450310 0.006317 1.625767
0.491519 0.011388 0.027610 0.013770 0.001640 0.447735 0.006338 1.626920
0.496688 0.010681 0.026502 0.013141 0.001608 0.445020 0.006359 1.628002
0.501786 0.010040 0.025338 0.012545 0.001576 0.442331 0.006383 1.629031
0.506935 0.009446 0.024223 0.011989 0.001527 0.439470 0.006409 1.629995
0.512090 0.008923 0.023124 0.011420 0.001488 0.436528 0.006427 1.630857
0.517130 0.008403 0.022070 0.010874 0.001458 0.433621 0.006444 1.631719
0.522091 0.007900 0.021098 0.010368 0.001426 0.430652 0.006464 1.632541
0.527144 0.007431 0.020166 0.009861 0.001397 0.427522 0.006480 1.633310
0.532189 0.007008 0.019264 0.009421 0.001373 0.424251 0.006494 1.634048
0.537150 0.006656 0.018361 0.008972 0.001340 0.421010 0.006511 1.634708
0.542107 0.006329 0.017482 0.008527 0.001315 0.417709 0.006531 1.635317
0.547073 0.005975 0.016713 0.008098 0.001289 0.414311 0.006542 1.635939
0.551954 0.005661 0.015970 0.007687 0.001256 0.410913 0.006560 1.636523
0.556749 0.005394 0.015225 0.007315 0.001229 0.407515 0.006574 1.637058
0.561558 0.005161 0.014526 0.006938 0.001204 0.404025 0.006588 1.637553
0.566283 0.004922 0.013826 0.006575 0.001171 0.400618 0.006605 1.638037
0.570956 0.004675 0.013177 0.006252 0.001150 0.397174 0.006617 1.638523
0.575678 0.004487 0.012543 0.005955 0.001121 0.393583 0.006632 1.638966
0.580474 0.004297 0.011996 0.005650 0.001102 0.389839 0.006643 1.639379
0.585127 0.004114 0.011419 0.005388 0.001069 0.386223 0.006660 1.639785
0.589726 0.003946 0.010875 0.005126 0.001046 0.382610 0.006670 1.640171
0.594320 0.003761 0.010409 0.004862 0.001020 0.378945 0.006682 1.640566
0.598824 0.003588 0.009961 0.004643 0.000987 0.375300 0.006697 1.640936
0.603190 0.003452 0.009515 0.004409 0.000961 0.371764 0.006709 1.641275
0.607575 0.003313 0.009066 0.004192 0.000935 0.368202 0.006717 1.641601
0.611949 0.003195 0.008657 0.003998 0.000909 0.364565 0.006728 1.641926
0.616291 0.003055 0.008280 0.003829 0.000882 0.360920 0.006742 1.642263
0.620604 0.002919 0.007923 0.003655 0.000852 0.357295 0.006753 1.642575
0.624868 0.002826 0.007537 0.003467 0.000830 0.353706 0.006765 1.642833
0.629097 0.002745 0.007206 0.003300 0.000805 0.350072 0.006775 1.643094
0.633314 0.002654 0.006871 0.003143 0.000791 0.346446 0.006781 1.643344
0.637609 0.002550 0.006564 0.003007 0.000763 0.342714 0.006794 1.643614
0.641718 0.002495 0.006254 0.002899 0.000733 0.339098 0.006804 1.643839
0.645721 0.002414 0.005983 0.002771 0.000710 0.335588 0.006813 1.644078
0.649801 0.002339 0.005730 0.002647 0.000682 0.331975 0.006827 1.644308
0.653803 0.002269 0.005470 0.002519 0.000662 0.328444 0.006834 1.644518
0.657796 0.002216 0.005217 0.002399 0.000638 0.324890 0.006843 1.644722
0.661689 0.002121 0.004987 0.002290 0.000618 0.321444 0.006851 1.644943
0.665559 0.002050 0.004782 0.002196 0.000595 0.317957 0.006861 1.645142
0.669428 0.001990 0.004585 0.002114 0.000575 0.314439 0.006869 1.645339
0.673209 0.001929 0.004396 0.002040 0.000558 0.310990 0.006880 1.645537
0.676970 0.001859 0.004222 0.001951 0.000546 0.307568 0.006885 1.645737
0.680711 0.001816 0.004043 0.001882 0.000532 0.304126 0.006890 1.645906
0.684359 0.001771 0.003880 0.001802 0.000517 0.300775 0.006895 1.646076
0.687997 0.001716 0.003725 0.001735 0.000503 0.297422 0.006903 1.646245
0.691609 0.001638 0.003599 0.001663 0.000490 0.294092 0.006910 1.646420
0.695112 0.001581 0.003461 0.001581 0.000473 0.290878 0.006913 1.646582
0.698664 0.001544 0.003329 0.001528 0.000455 0.287558 0.006922 1.646731
0.702158 0.001505 0.003193 0.001482 0.000439 0.284291 0.006932 1.646876
0.705584 0.001470 0.003070 0.001421 0.000426 0.281091 0.006939 1.647023
0.709018 0.001435 0.002936 0.001364 0.000411 0.277892 0.006946 1.647158
0.712379 0.001391 0.002826 0.001310 0.000398 0.274747 0.006950 1.647298
0.715704 0.001346 0.002727 0.001259 0.000388 0.271620 0.006956 1.647442
0.718981 0.001304 0.002626 0.001222 0.000373 0.268533 0.006961 1.647584
0.722196 0.001277 0.002527 0.001170 0.000364 0.265501 0.006966 1.647713
0.725373 0.001250 0.002433 0.001126 0.000351 0.262496 0.006973 1.647834
0.728476 0.001233 0.002341 0.001095 0.000340 0.259535 0.006980 1.647947
0.731600 0.001198 0.002257 0.001053 0.000324 0.256581 0.006987 1.648066
0.734694 0.001157 0.002184 0.001007 0.000313 0.253655 0.006991 1.648192
0.737781 0.001146 0.002136 0.000966 0.000309 0.250670 0.006993 1.648306
0.740888 0.001136 0.002049 0.000928 0.000298 0.247705 0.006998 1.648405
0.743859 0.001101 0.001954 0.000900 0.000286 0.244899 0.007002 1.648513
0.746777 0.001082 0.001868 0.000870 0.000278 0.242119 0.007006 1.648603
0.749669 0.001046 0.001813 0.000838 0.000271 0.239353 0.007010 1.648712
0.752589 0.001026 0.001755 0.000806 0.000259 0.236550 0.007016 1.648809
0.755483 0.001002 0.001691 0.000780 0.000253 0.233774 0.007018 1.648905
0.758319 0.000970 0.001642 0.000761 0.000245 0.231043 0.007023 1.649015
0.761137 0.000943 0.001589 0.000742 0.000239 0.228324 0.007026 1.649113
0.763860 0.000912 0.001543 0.000724 0.000230 0.225700 0.007030 1.649215
0.766613 0.000887 0.001486 0.000700 0.000221 0.223062 0.007032 1.649299
0.769307 0.000856 0.001450 0.000675 0.000210 0.220469 0.007034 1.649386
0.771970 0.000846 0.001404 0.000652 0.000204 0.217888 0.007037 1.649467
0.774583 0.000829 0.001364 0.000631 0.000198 0.215355 0.007040 1.649550
0.777208 0.000814 0.001309 0.000608 0.000191 0.212828 0.007042 1.649625
0.779834 0.000796 0.001264 0.000582 0.000186 0.210294 0.007044 1.649697
0.782395 0.000774 0.001218 0.000558 0.000180 0.207828 0.007047 1.649773
0.784933 0.000750 0.001191 0.000536 0.000175 0.205368 0.007048 1.649854
0.787402 0.000738 0.001162 0.000526 0.000170 0.202952 0.007051 1.649922
0.789887 0.000714 0.001129 0.000512 0.000165 0.200539 0.007054 1.649994
0.792315 0.000708 0.001091 0.000498 0.000159 0.198174 0.007055 1.650054
0.794769 0.000683 0.001057 0.000494 0.000155 0.195785 0.007058 1.650134
0.797067 0.000670 0.001015 0.000472 0.000152 0.193565 0.007059 1.650196
0.799501 0.000644 0.000978 0.000467 0.000146 0.191202 0.007062 1.650271
0.801809 0.000625 0.000954 0.000453 0.000143 0.188952 0.007063 1.650338
0.804084 0.000621 0.000914 0.000435 0.000140 0.186743 0.007064 1.650386
0.806401 0.000605 0.000888 0.000421 0.000134 0.184485 0.007067 1.650447
0.808658 0.000598 0.000870 0.000409 0.000128 0.182268 0.007070 1.650503
0.810913 0.000579 0.000851 0.000393 0.000127 0.180066 0.007072 1.650562
0.813142 0.000561 0.000838 0.000386 0.000123 0.177878 0.007073 1.650623
0.815337 0.000544 0.000819 0.000380 0.000119 0.175725 0.007076 1.650688
0.817431 0.000531 0.000804 0.000371 0.000115 0.173670 0.007078 1.650750
0.819524 0.000518 0.000783 0.000359 0.000113 0.171623 0.007081 1.650802
0.821563 0.000510 0.000763 0.000353 0.000110 0.169622 0.007081 1.650857
0.823678 0.000497 0.000744 0.000349 0.000105 0.167545 0.007083 1.650908
0.825717 0.000490 0.000719 0.000342 0.000105 0.165545 0.007084 1.650955
0.827727 0.000486 0.000700 0.000329 0.000103 0.163570 0.007085 1.651002
0.829725 0.000466 0.000690 0.000320 0.000103 0.161612 0.007086 1.651056
0.831684 0.000461 0.000669 0.000307 0.000100 0.159693 0.007088 1.651096
0.833636 0.000436 0.000644 0.000300 0.000096 0.157799 0.007090 1.651148
0.835522 0.000430 0.000629 0.000291 0.000093 0.155945 0.007090 1.651194
0.837403 0.000427 0.000607 0.000285 0.000092 0.154095 0.007091 1.651234
0.839290 0.000432 0.000591 0.000275 0.000091 0.152230 0.007092 1.651272
0.841117 0.000426 0.000571 0.000265 0.000087 0.150440 0.007094 1.651319
0.842928 0.000414 0.000561 0.000257 0.000084 0.148663 0.007095 1.651361
0.844697 0.000402 0.000550 0.000251 0.000084 0.146922 0.007095 1.651404
0.846468 0.000398 0.000537 0.000242 0.000079 0.145180 0.007096 1.651443
0.848188 0.000398 0.000523 0.000238 0.000078 0.143479 0.007096 1.651481
0.849831 0.000398 0.000510 0.000234 0.000075 0.141854 0.007097 1.651516
0.851512 0.000391 0.000500 0.000227 0.000073 0.140197 0.007100 1.651555
0.853177 0.000374 0.000493 0.000219 0.000071 0.138565 0.007101 1.651598
0.854832 0.000360 0.000478 0.000220 0.000069 0.136938 0.007102 1.651639
0.856442 0.000341 0.000473 0.000217 0.000065 0.135358 0.007105 1.651688
0.858034 0.000340 0.000466 0.000216 0.000063 0.133778 0.007105 1.651721
0.859600 0.000333 0.000460 0.000215 0.000061 0.132227 0.007105 1.651759
0.861109 0.000331 0.000456 0.000208 0.000058 0.130733 0.007106 1.651789
0.862665 0.000328 0.000448 0.000202 0.000059 0.129194 0.007106 1.651819
0.864169 0.000326 0.000439 0.000192 0.000057 0.127709 0.007108 1.651847
0.865672 0.000321 0.000424 0.000191 0.000056 0.126229 0.007108 1.651881
0.867120 0.000297 0.000423 0.000195 0.000055 0.124801 0.007109 1.651920
0.868572 0.000295 0.000416 0.000188 0.000054 0.123366 0.007109 1.651945
0.869996 0.000293 0.000400 0.000184 0.000054 0.121964 0.007109 1.651972
0.871396 0.000292 0.000392 0.000179 0.000050 0.120580 0.007110 1.652000
0.872798 0.000286 0.000381 0.000179 0.000049 0.119196 0.007112 1.652030
0.874204 0.000283 0.000371 0.000174 0.000049 0.117808 0.007112 1.652059
0.875569 0.000274 0.000369 0.000174 0.000048 0.116454 0.007113 1.652092
0.876936 0.000269 0.000363 0.000170 0.000046 0.115103 0.007114 1.652119
0.878245 0.000268 0.000350 0.000168 0.000043 0.113811 0.007115 1.652146
0.879482 0.000277 0.000340 0.000158 0.000042 0.112586 0.007116 1.652166
0.880756 0.000275 0.000337 0.000148 0.000041 0.111328 0.007116 1.652191
0.881978 0.000272 0.000332 0.000151 0.000040 0.110112 0.007116 1.652220
0.883184 0.000267 0.000337 0.000147 0.000039 0.108910 0.007116 1.652248
0.884422 0.000265 0.000329 0.000144 0.000038 0.107688 0.007116 1.652275
0.885638 0.000258 0.000327 0.000139 0.000037 0.106485 0.007117 1.652299
0.886805 0.000257 0.000319 0.000132 0.000036 0.105335 0.007117 1.652323
0.887933 0.000248 0.000317 0.000131 0.000036 0.104220 0.007117 1.652353
0.888998 0.000251 0.000311 0.000130 0.000036 0.103157 0.007117 1.652373
0.890055 0.000251 0.000301 0.000129 0.000035 0.102113 0.007118 1.652396
0.891087 0.000252 0.000295 0.000125 0.000033 0.101091 0.007118 1.652415
0.892112 0.000254 0.000289 0.000119 0.000031 0.100078 0.007118 1.652437
0.893102 0.000255 0.000283 0.000119 0.000030 0.099094 0.007118 1.652460
0.894105 0.000245 0.000281 0.000124 0.000029 0.098099 0.007118 1.652487
0.895060 0.000240 0.000274 0.000128 0.000027 0.097152 0.007120 1.652512
0.895988 0.000243 0.000262 0.000125 0.000027 0.096236 0.007121 1.652533
0.896930 0.000237 0.000262 0.000118 0.000027 0.095305 0.007121 1.652558
0.897770 0.000231 0.000261 0.000118 0.000026 0.094474 0.007121 1.652583
0.898663 0.000225 0.000256 0.000117 0.000025 0.093593 0.007122 1.652605
0.899499 0.000222 0.000252 0.000119 0.000024 0.092762 0.007122 1.652626
0.900316 0.000224 0.000249 0.000117 0.000024 0.091950 0.007122 1.652648
0.901186 0.000220 0.000246 0.000115 0.000022 0.091089 0.007123 1.652671
0.902038 0.000211 0.000247 0.000114 0.000021 0.090246 0.007124 1.652696
0.902824 0.000208 0.000239 0.000115 0.000021 0.089469 0.007125 1.652716
0.903637 0.000200 0.000238 0.000118 0.000021 0.088661 0.007125 1.652742
0.904451 0.000197 0.000236 0.000119 0.000020 0.087852 0.007125 1.652763
0.905198 0.000198 0.000229 0.000116 0.000020 0.087115 0.007125 1.652780
0.905905 0.000194 0.000228 0.000110 0.000018 0.086419 0.007126 1.652798
0.906641 0.000187 0.000226 0.000105 0.000018 0.085697 0.007126 1.652820
0.907352 0.000188 0.000220 0.000100 0.000018 0.084997 0.007126 1.652838
0.908057 0.000180 0.000214 0.000101 0.000018 0.084304 0.007126 1.652859
0.908718 0.000179 0.000208 0.000095 0.000018 0.083656 0.007127 1.652874
0.909378 0.000185 0.000204 0.000093 0.000017 0.082995 0.007127 1.652889
0.910011 0.000187 0.000199 0.000093 0.000017 0.082367 0.007127 1.652907
0.910635 0.000179 0.000195 0.000096 0.000017 0.081752 0.007127 1.652928
0.911241 0.000177 0.000187 0.000096 0.000017 0.081155 0.007127 1.652946
0.911824 0.000175 0.000183 0.000095 0.000016 0.080578 0.007127 1.652962
0.912379 0.000174 0.000179 0.000096 0.000016 0.080030 0.007127 1.652978
0.912939 0.000168 0.000183 0.000093 0.000015 0.079474 0.007128 1.652995
0.913482 0.000167 0.000180 0.000092 0.000014 0.078936 0.007129 1.653011
0.914017 0.000164 0.000169 0.000091 0.000014 0.078416 0.007129 1.653027
0.914530 0.000164 0.000163 0.000088 0.000014 0.077911 0.007129 1.653038
0.915017 0.000164 0.000163 0.000088 0.000015 0.077424 0.007129 1.653052
0.915503 0.000169 0.000157 0.000088 0.000014 0.076939 0.007129 1.653064
0.916016 0.000169 0.000157 0.000083 0.000014 0.076431 0.007129 1.653076
0.916510 0.000165 0.000158 0.000083 0.000014 0.075939 0.007129 1.653094
0.916990 0.000162 0.000156 0.000079 0.000014 0.075469 0.007129 1.653105
0.917438 0.000155 0.000152 0.000082 0.000014 0.075029 0.007130 1.653123
0.917899 0.000148 0.000154 0.000078 0.000012 0.074579 0.007130 1.653141
0.918325 0.000145 0.000153 0.000079 0.000011 0.074159 0.007130 1.653155
0.918733 0.000148 0.000148 0.000079 0.000010 0.073752 0.007130 1.653167
0.919122 0.000146 0.000145 0.000078 0.000010 0.073369 0.007130 1.653179
0.919514 0.000141 0.000152 0.000083 0.000010 0.072970 0.007130 1.653200
0.919888 0.000136 0.000153 0.000084 0.000009 0.072600 0.007130 1.653215
0.920289 0.000134 0.000148 0.000080 0.000009 0.072211 0.007130 1.653227
0.920652 0.000133 0.000146 0.000077 0.000010 0.071853 0.007130 1.653242
0.921024 0.000131 0.000143 0.000077 0.000010 0.071485 0.007130 1.653253
0.921388 0.000131 0.000140 0.000079 0.000010 0.071121 0.007131 1.653267
0.921719 0.000130 0.000137 0.000076 0.000010 0.070797 0.007131 1.653278
0.922085 0.000127 0.000138 0.000075 0.000009 0.070433 0.007132 1.653291
0.922392 0.000122 0.000137 0.000078 0.000009 0.070129 0.007133 1.653307
0.922711 0.000123 0.000135 0.000081 0.000008 0.069808 0.007133 1.653319
0.923018 0.000116 0.000129 0.000081 0.000008 0.069514 0.007133 1.653333
0.923307 0.000112 0.000128 0.000080 0.000008 0.069231 0.007133 1.653346
0.923587 0.000109 0.000126 0.000079 0.000008 0.068958 0.007133 1.653355
0.923880 0.000107 0.000125 0.000075 0.000008 0.068672 0.007133 1.653366
0.924141 0.000105 0.000120 0.000070 0.000007 0.068424 0.007133 1.653375
0.924416 0.000107 0.000116 0.000067 0.000008 0.068153 0.007134 1.653381
0.924675 0.000099 0.000117 0.000068 0.000007 0.067900 0.007134 1.653395
0.924942 0.000094 0.000116 0.000065 0.000006 0.067643 0.007134 1.653407
0.925184 0.000092 0.000119 0.000061 0.000006 0.067403 0.007135 1.653417
0.925438 0.000093 0.000118 0.000060 0.000006 0.067150 0.007135 1.653427
0.925659 0.000095 0.000113 0.000058 0.000005 0.066934 0.007135 1.653434
0.925885 0.000097 0.000113 0.000059 0.000005 0.066707 0.007135 1.653443
0.926094 0.000092 0.000118 0.000058 0.000005 0.066498 0.007135 1.653456
0.926320 0.000089 0.000116 0.000055 0.000005 0.066280 0.007135 1.653466
0.926523 0.000088 0.000114 0.000050 0.000005 0.066084 0.007136 1.653475
0.926724 0.000092 0.000110 0.000047 0.000005 0.065886 0.007136 1.653482
0.926948 0.000091 0.000108 0.000046 0.000005 0.065666 0.007136 1.653489
0.927128 0.000091 0.000110 0.000044 0.000005 0.065485 0.007136 1.653498
0.927318 0.000085 0.000110 0.000045 0.000005 0.065301 0.007136 1.653511
0.927508 0.000087 0.000105 0.000043 0.000005 0.065115 0.007136 1.653516
0.927687 0.000086 0.000102 0.000044 0.000006 0.064940 0.007136 1.653525
0.927858 0.000084 0.000100 0.000044 0.000006 0.064774 0.007136 1.653533
0.928035 0.000083 0.000098 0.000042 0.000006 0.064601 0.007136 1.653540
0.928194 0.000081 0.000100 0.000042 0.000005 0.064442 0.007136 1.653551
0.928363 0.000080 0.000098 0.000044 0.000005 0.064274 0.007137 1.653559
0.928514 0.000078 0.000097 0.000043 0.000005 0.064126 0.007137 1.653566
0.928667 0.000082 0.000094 0.000041 0.000006 0.063974 0.007137 1.653572
0.928794 0.000081 0.000092 0.000042 0.000006 0.063848 0.007137 1.653582
0.928938 0.000078 0.000090 0.000041 0.000006 0.063710 0.007137 1.653591
0.929086 0.000075 0.000091 0.000041 0.000006 0.063564 0.007137 1.653602
0.929228 0.000075 0.000091 0.000042 0.000006 0.063421 0.007137 1.653609
0.929348 0.000072 0.000092 0.000040 0.000006 0.063304 0.007137 1.653616
0.929469 0.000071 0.000093 0.000038 0.000007 0.063186 0.007137 1.653624
0.929602 0.000073 0.000086 0.000035 0.000007 0.063060 0.007137 1.653629
0.929726 0.000074 0.000086 0.000036 0.000007 0.062935 0.007137 1.653636
0.929841 0.000070 0.000089 0.000036 0.000006 0.062822 0.007137 1.653646
0.929958 0.000066 0.000085 0.000034 0.000006 0.062714 0.007137 1.653654
0.930078 0.000067 0.000083 0.000034 0.000006 0.062594 0.007137 1.653662
0.930193 0.000068 0.000083 0.000034 0.000006 0.062479 0.007137 1.653667
0.930315 0.000070 0.000081 0.000034 0.000006 0.062358 0.007137 1.653672
0.930407 0.000068 0.000078 0.000035 0.000006 0.062269 0.007137 1.653678
0.930517 0.000070 0.000077 0.000032 0.000006 0.062160 0.007137 1.653684
0.930622 0.000072 0.000077 0.000032 0.000006 0.062054 0.007137 1.653690
0.930719 0.000075 0.000078 0.000032 0.000006 0.061953 0.007137 1.653698
0.930816 0.000073 0.000079 0.000035 0.000006 0.061854 0.007137 1.653708
0.930916 0.000074 0.000076 0.000035 0.000006 0.061756 0.007137 1.653715
0.931022 0.000069 0.000075 0.000034 0.000005 0.061657 0.007137 1.653723
0.931103 0.000069 0.000074 0.000038 0.000005 0.061574 0.007137 1.653731
0.931200 0.000067 0.000074 0.000041 0.000004 0.061476 0.007138 1.653738
0.931298 0.000066 0.000076 0.000041 0.000004 0.061377 0.007138 1.653744
0.931381 0.000065 0.000077 0.000043 0.000004 0.061293 0.007138 1.653752
0.931467 0.000063 0.000079 0.000043 0.000004 0.061208 0.007138 1.653760
0.931555 0.000063 0.000076 0.000044 0.000004 0.061121 0.007138 1.653766
0.931644 0.000061 0.000072 0.000042 0.000004 0.061040 0.007138 1.653770
0.931724 0.000060 0.000072 0.000041 0.000003 0.060961 0.007138 1.653777
0.931807 0.000058 0.000070 0.000037 0.000004 0.060887 0.007138 1.653785
0.931876 0.000057 0.000071 0.000037 0.000003 0.060818 0.007138 1.653792
0.931956 0.000058 0.000070 0.000035 0.000003 0.060739 0.007138 1.653797
0.932011 0.000059 0.000066 0.000034 0.000003 0.060690 0.007139 1.653801
0.932076 0.000058 0.000064 0.000031 0.000003 0.060629 0.007139 1.653806
0.932128 0.000055 0.000063 0.000032 0.000003 0.060579 0.007139 1.653815
0.932183 0.000057 0.000065 0.000032 0.000004 0.060522 0.007139 1.653820
0.932238 0.000057 0.000063 0.000033 0.000004 0.060466 0.007139 1.653826
0.932285 0.000054 0.000064 0.000035 0.000003 0.060421 0.007139 1.653835
0.932334 0.000051 0.000067 0.000034 0.000003 0.060372 0.007139 1.653844
0.932381 0.000051 0.000066 0.000034 0.000003 0.060326 0.007139 1.653849
0.932433 0.000051 0.000063 0.000032 0.000003 0.060279 0.007139 1.653853
0.932480 0.000051 0.000061 0.000031 0.000003 0.060237 0.007139 1.653856
0.932525 0.000052 0.000056 0.000031 0.000003 0.060195 0.007139 1.653862
0.932566 0.000049 0.000058 0.000031 0.000002 0.060156 0.007139 1.653868
0.932619 0.000044 0.000060 0.000030 0.000002 0.060106 0.007139 1.653875
0.932671 0.000044 0.000058 0.000029 0.000002 0.060060 0.007139 1.653879
0.932704 0.000045 0.000054 0.000027 0.000002 0.060030 0.007139 1.653883
0.932738 0.000044 0.000053 0.000025 0.000002 0.059998 0.007139 1.653888
0.932777 0.000045 0.000051 0.000024 0.000003 0.059963 0.007139 1.653893
0.932812 0.000045 0.000046 0.000024 0.000003 0.059932 0.007139 1.653896
0.932842 0.000040 0.000048 0.000024 0.000003 0.059904 0.007139 1.653903
0.932872 0.000038 0.000048 0.000024 0.000003 0.059877 0.007139 1.653907
0.932900 0.000038 0.000049 0.000023 0.000003 0.059849 0.007139 1.653913
0.932932 0.000041 0.000051 0.000021 0.000003 0.059814 0.007139 1.653916
0.932958 0.000040 0.000050 0.000019 0.000004 0.059792 0.007139 1.653919
0.932985 0.000040 0.000048 0.000019 0.000004 0.059767 0.007139 1.653922
0.933011 0.000041 0.000047 0.000019 0.000003 0.059742 0.007139 1.653925
0.933038 0.000041 0.000048 0.000019 0.000003 0.059713 0.007139 1.653929
0.933063 0.000039 0.000048 0.000018 0.000003 0.059692 0.007139 1.653933
0.933086 0.000041 0.000047 0.000017 0.000003 0.059668 0.007139 1.653935
0.933105 0.000041 0.000048 0.000017 0.000003 0.059647 0.007139 1.653939
0.933128 0.000044 0.000049 0.000016 0.000003 0.059622 0.007139 1.653942
0.933152 0.000043 0.000048 0.000015 0.000002 0.059603 0.007139 1.653946
0.933175 0.000044 0.000046 0.000016 0.000002 0.059579 0.007139 1.653950
0.933208 0.000043 0.000045 0.000016 0.000002 0.059549 0.007139 1.653953
0.933234 0.000043 0.000044 0.000017 0.000002 0.059523 0.007139 1.653956
0.933260 0.000040 0.000044 0.000017 0.000001 0.059499 0.007139 1.653960
0.933279 0.000038 0.000042 0.000018 0.000001 0.059482 0.007139 1.653965
0.933303 0.000039 0.000042 0.000018 0.000001 0.059457 0.007140 1.653968
0.933325 0.000039 0.000043 0.000018 0.000001 0.059435 0.007140 1.653972
0.933349 0.000037 0.000042 0.000019 0.000001 0.059412 0.007140 1.653976
0.933369 0.000037 0.000040 0.000019 0.000001 0.059393 0.007140 1.653979
0.933389 0.000037 0.000041 0.000021 0.000001 0.059372 0.007140 1.653983
0.933411 0.000035 0.000044 0.000021 0.000001 0.059349 0.007140 1.653987
0.933431 0.000036 0.000043 0.000021 0.000000 0.059329 0.007140 1.653989
0.933449 0.000033 0.000044 0.000022 0.000000 0.059311 0.007140 1.653995
0.933467 0.000035 0.000043 0.000019 0.000000 0.059296 0.007140 1.653996
0.933491 0.000033 0.000042 0.000018 0.000000 0.059275 0.007140 1.653999
0.933512 0.000031 0.000039 0.000018 0.000000 0.059260 0.007141 1.654003
0.933534 0.000032 0.000038 0.000017 0.000000 0.059238 0.007141 1.654005
0.933547 0.000036 0.000038 0.000016 0.000000 0.059223 0.007141 1.654006
0.933563 0.000035 0.000039 0.000014 0.000000 0.059208 0.007141 1.654009
0.933580 0.000033 0.000038 0.000013 0.000000 0.059195 0.007141 1.654012
0.933592 0.000033 0.000038 0.000014 0.000000 0.059183 0.007141 1.654016
0.933608 0.000032 0.000037 0.000014 0.000000 0.059168 0.007141 1.654019
0.933622 0.000035 0.000036 0.000013 0.000000 0.059153 0.007141 1.654021
0.933641 0.000031 0.000038 0.000013 0.000000 0.059137 0.007141 1.654026
0.933651 0.000033 0.000038 0.000012 0.000000 0.059125 0.007141 1.654028
0.933667 0.000031 0.000036 0.000013 0.000000 0.059113 0.007141 1.654032
0.933678 0.000032 0.000036 0.000012 0.000001 0.059101 0.007141 1.654033
0.933690 0.000035 0.000036 0.000011 0.000001 0.059086 0.007141 1.654037
0.933702 0.000034 0.000036 0.000012 0.000001 0.059075 0.007141 1.654042
0.933712 0.000036 0.000036 0.000012 0.000001 0.059063 0.007141 1.654045
0.933718 0.000040 0.000036 0.000013 0.000001 0.059052 0.007141 1.654049
0.933728 0.000040 0.000034 0.000013 0.000001 0.059042 0.007141 1.654051
0.933743 0.000038 0.000033 0.000016 0.000001 0.059028 0.007141 1.654056
0.933754 0.000036 0.000033 0.000017 0.000001 0.059019 0.007141 1.654059
0.933771 0.000034 0.000032 0.000016 0.000001 0.059005 0.007141 1.654063
0.933781 0.000034 0.000032 0.000016 0.000001 0.058995 0.007141 1.654065
0.933793 0.000032 0.000032 0.000017 0.000001 0.058984 0.007141 1.654069
0.933798 0.000036 0.000029 0.000016 0.000001 0.058980 0.007141 1.654070
0.933813 0.000036 0.000028 0.000017 0.000001 0.058965 0.007141 1.654072
0.933825 0.000036 0.000030 0.000017 0.000001 0.058951 0.007141 1.654076
0.933833 0.000036 0.000031 0.000017 0.000001 0.058943 0.007141 1.654080
0.933846 0.000034 0.000030 0.000016 0.000000 0.058932 0.007141 1.654083
0.933856 0.000035 0.000031 0.000017 0.000000 0.058920 0.007141 1.654086
0.933864 0.000036 0.000031 0.000016 0.000000 0.058911 0.007141 1.654090
0.933872 0.000035 0.000031 0.000017 0.000000 0.058905 0.007141 1.654094
0.933881 0.000036 0.000032 0.000014 0.000000 0.058895 0.007141 1.654096
0.933891 0.000030 0.000035 0.000014 0.000001 0.058887 0.007141 1.654102
0.933898 0.000029 0.000034 0.000014 0.000001 0.058882 0.007141 1.654106
0.933909 0.000027 0.000036 0.000015 0.000001 0.058872 0.007141 1.654110
0.933918 0.000026 0.000037 0.000015 0.000001 0.058861 0.007141 1.654114
0.933928 0.000024 0.000037 0.000016 0.000001 0.058853 0.007141 1.654117
0.933936 0.000027 0.000035 0.000015 0.000001 0.058845 0.007141 1.654119
0.933942 0.000030 0.000034 0.000014 0.000001 0.058837 0.007141 1.654120
0.933953 0.000031 0.000035 0.000013 0.000001 0.058826 0.007141 1.654122
0.933964 0.000031 0.000037 0.000013 0.000001 0.058814 0.007141 1.654126
0.933974 0.000029 0.000036 0.000012 0.000002 0.058806 0.007141 1.654130
0.933983 0.000029 0.000035 0.000012 0.000002 0.058799 0.007141 1.654132
0.933989 0.000030 0.000033 0.000012 0.000002 0.058793 0.007141 1.654134
0.934002 0.000029 0.000034 0.000012 0.000001 0.058781 0.007141 1.654137
0.934011 0.000030 0.000031 0.000012 0.000000 0.058774 0.007141 1.654140
0.934019 0.000028 0.000033 0.000011 0.000000 0.058766 0.007141 1.654144
0.934029 0.000030 0.000031 0.000012 0.000000 0.058757 0.007141 1.654146
0.934038 0.000031 0.000031 0.000011 0.000000 0.058747 0.007141 1.654148
0.934045 0.000031 0.000033 0.000010 0.000000 0.058739 0.007141 1.654151
0.934048 0.000034 0.000032 0.000012 0.000000 0.058734 0.007141 1.654153
0.934053 0.000037 0.000033 0.000012 0.000000 0.058724 0.007141 1.654155
0.934059 0.000036 0.000032 0.000012 0.000000 0.058719 0.007141 1.654157
0.934069 0.000036 0.000031 0.000011 0.000000 0.058713 0.007141 1.654160
0.934074 0.000036 0.000027 0.000008 0.000000 0.058712 0.007141 1.654162
0.934083 0.000034 0.000029 0.000008 0.000000 0.058705 0.007141 1.654167
0.934090 0.000032 0.000028 0.000008 0.000000 0.058701 0.007141 1.654170
0.934095 0.000034 0.000029 0.000008 0.000000 0.058692 0.007141 1.654175
0.934103 0.000032 0.000028 0.000010 0.000000 0.058685 0.007141 1.654178
0.934109 0.000033 0.000028 0.000010 0.000000 0.058680 0.007142 1.654181
0.934117 0.000030 0.000029 0.000011 0.000000 0.058672 0.007142 1.654184
0.934122 0.000030 0.000028 0.000010 0.000000 0.058667 0.007142 1.654186
0.934128 0.000027 0.000030 0.000010 0.000000 0.058663 0.007142 1.654191
0.934136 0.000025 0.000029 0.000010 0.000000 0.058659 0.007142 1.654194
0.934143 0.000026 0.000025 0.000008 0.000000 0.058655 0.007142 1.654197
0.934157 0.000025 0.000027 0.000008 0.000000 0.058642 0.007142 1.654199
0.934163 0.000025 0.000028 0.000008 0.000000 0.058635 0.007142 1.654201
0.934169 0.000023 0.000030 0.000009 0.000000 0.058629 0.007142 1.654204
0.934176 0.000022 0.000029 0.000008 0.000000 0.058625 0.007142 1.654205
0.934181 0.000021 0.000028 0.000008 0.000000 0.058621 0.007142 1.654207
0.934187 0.000020 0.000028 0.000009 0.000000 0.058614 0.007142 1.654209
0.934192 0.000021 0.000029 0.000008 0.000000 0.058609 0.007142 1.654211
0.934198 0.000020 0.000029 0.000008 0.000000 0.058603 0.007142 1.654214
0.934204 0.000022 0.000027 0.000008 0.000000 0.058597 0.007142 1.654214
0.934211 0.000021 0.000027 0.000008 0.000000 0.058591 0.007142 1.654217
0.934213 0.000020 0.000026 0.000009 0.000000 0.058591 0.007142 1.654220
0.934220 0.000019 0.000025 0.000010 0.000000 0.058585 0.007142 1.654222
0.934225 0.000020 0.000024 0.000010 0.000000 0.058579 0.007142 1.654223
0.934230 0.000017 0.000023 0.000010 0.000000 0.058578 0.007142 1.654227
0.934235 0.000016 0.000024 0.000009 0.000000 0.058574 0.007142 1.654228
0.934238 0.000016 0.000024 0.000010 0.000000 0.058572 0.007142 1.654230
0.934242 0.000014 0.000024 0.000009 0.000000 0.058569 0.007142 1.654232
0.934249 0.000014 0.000024 0.000009 0.000000 0.058562 0.007142 1.654233
0.934253 0.000013 0.000022 0.000008 0.000000 0.058561 0.007142 1.654234
0.934259 0.000014 0.000020 0.000008 0.000000 0.058558 0.007142 1.654234
0.934260 0.000016 0.000019 0.000008 0.000000 0.058555 0.007142 1.654236
0.934264 0.000016 0.000018 0.000008 0.000000 0.058552 0.007142 1.654238
0.934266 0.000017 0.000018 0.000008 0.000000 0.058550 0.007142 1.654240
0.934270 0.000016 0.000018 0.000008 0.000000 0.058547 0.007142 1.654241
0.934271 0.000017 0.000018 0.000007 0.000000 0.058545 0.007142 1.654242
0.934274 0.000018 0.000018 0.000007 0.000000 0.058541 0.007142 1.654243
0.934278 0.000017 0.000019 0.000007 0.000000 0.058539 0.007142 1.654245
0.934284 0.000015 0.000019 0.000007 0.000000 0.058534 0.007142 1.654247
0.934289 0.000015 0.000019 0.000006 0.000000 0.058529 0.007142 1.654248
0.934290 0.000015 0.000021 0.000006 0.000000 0.058526 0.007142 1.654251
0.934293 0.000018 0.000020 0.000006 0.000000 0.058521 0.007142 1.654251
0.934297 0.000017 0.000019 0.000006 0.000000 0.058519 0.007142 1.654253
0.934301 0.000017 0.000019 0.000007 0.000000 0.058516 0.007142 1.654254
0.934303 0.000019 0.000017 0.000008 0.000000 0.058512 0.007142 1.654256
0.934306 0.000017 0.000019 0.000007 0.000000 0.058510 0.007142 1.654259
0.934306 0.000017 0.000019 0.000006 0.000000 0.058510 0.007142 1.654261
0.934307 0.000018 0.000019 0.000006 0.000000 0.058509 0.007142 1.654263
0.934315 0.000017 0.000019 0.000006 0.000000 0.058500 0.007142 1.654265
0.934317 0.000019 0.000017 0.000006 0.000000 0.058499 0.007142 1.654266
0.934319 0.000019 0.000018 0.000006 0.000000 0.058497 0.007142 1.654268
0.934320 0.000017 0.000017 0.000006 0.000000 0.058498 0.007142 1.654269
0.934322 0.000017 0.000017 0.000006 0.000000 0.058497 0.007142 1.654271
0.934324 0.000017 0.000016 0.000006 0.000000 0.058494 0.007142 1.654272
0.934328 0.000016 0.000015 0.000007 0.000000 0.058492 0.007142 1.654275
0.934332 0.000017 0.000015 0.000007 0.000000 0.058488 0.007142 1.654275
0.934334 0.000016 0.000017 0.000007 0.000000 0.058485 0.007142 1.654278
0.934337 0.000016 0.000018 0.000008 0.000000 0.058481 0.007142 1.654279
0.934338 0.000018 0.000017 0.000008 0.000000 0.058478 0.007142 1.654279
0.934341 0.000016 0.000016 0.000008 0.000000 0.058477 0.007142 1.654282
0.934344 0.000016 0.000016 0.000008 0.000000 0.058475 0.007142 1.654283
0.934345 0.000017 0.000015 0.000008 0.000000 0.058474 0.007142 1.654284
0.934350 0.000015 0.000014 0.000008 0.000000 0.058472 0.007142 1.654286
0.934351 0.000016 0.000015 0.000008 0.000000 0.058468 0.007142 1.654288
0.934355 0.000014 0.000017 0.000008 0.000000 0.058465 0.007142 1.654290
0.934358 0.000014 0.000014 0.000008 0.000000 0.058465 0.007142 1.654292
0.934361 0.000014 0.000012 0.000006 0.000000 0.058464 0.007142 1.654292
0.934363 0.000014 0.000010 0.000006 0.000000 0.058463 0.007142 1.654293
0.934364 0.000014 0.000012 0.000006 0.000000 0.058462 0.007142 1.654294
0.934369 0.000013 0.000013 0.000006 0.000000 0.058457 0.007142 1.654296
0.934373 0.000013 0.000014 0.000005 0.000000 0.058453 0.007142 1.654298
0.934379 0.000013 0.000012 0.000005 0.000000 0.058449 0.007142 1.654299
0.934380 0.000013 0.000013 0.000005 0.000000 0.058447 0.007142 1.654300
0.934382 0.000013 0.000013 0.000005 0.000000 0.058446 0.007142 1.654301
0.934384 0.000010 0.000014 0.000005 0.000000 0.058444 0.007142 1.654305
0.934388 0.000011 0.000015 0.000005 0.000000 0.058439 0.007142 1.654306
0.934390 0.000012 0.000016 0.000005 0.000000 0.058435 0.007142 1.654307
0.934391 0.000010 0.000018 0.000005 0.000000 0.058434 0.007142 1.654309
0.934394 0.000008 0.000019 0.000005 0.000000 0.058431 0.007142 1.654311
0.934393 0.000012 0.000018 0.000005 0.000000 0.058431 0.007143 1.654311
0.934395 0.000013 0.000016 0.000005 0.000000 0.058429 0.007143 1.654313
0.934396 0.000014 0.000015 0.000005 0.000000 0.058428 0.007143 1.654313
0.934397 0.000012 0.000016 0.000005 0.000000 0.058428 0.007143 1.654316
0.934399 0.000011 0.000018 0.000005 0.000000 0.058425 0.007143 1.654318
0.934402 0.000010 0.000017 0.000005 0.000000 0.058424 0.007143 1.654319
0.934402 0.000012 0.000013 0.000005 0.000000 0.058426 0.007143 1.654319
0.934404 0.000012 0.000014 0.000005 0.000000 0.058423 0.007143 1.654320
0.934404 0.000011 0.000014 0.000004 0.000000 0.058425 0.007143 1.654322
0.934405 0.000011 0.000014 0.000005 0.000000 0.058423 0.007143 1.654323
0.934406 0.000011 0.000014 0.000005 0.000000 0.058422 0.007143 1.654325
0.934407 0.000012 0.000014 0.000004 0.000000 0.058421 0.007143 1.654325
0.934409 0.000013 0.000013 0.000005 0.000000 0.058418 0.007143 1.654325
0.934408 0.000014 0.000014 0.000004 0.000000 0.058417 0.007143 1.654326
0.934411 0.000014 0.000013 0.000005 0.000000 0.058416 0.007143 1.654327
0.934411 0.000015 0.000012 0.000005 0.000000 0.058416 0.007143 1.654327
0.934410 0.000015 0.000012 0.000005 0.000000 0.058416 0.007143 1.654328
0.934414 0.000015 0.000012 0.000005 0.000000 0.058412 0.007143 1.654329
0.934416 0.000016 0.000012 0.000005 0.000000 0.058408 0.007143 1.654330
0.934417 0.000012 0.000014 0.000005 0.000000 0.058409 0.007143 1.654334
0.934418 0.000012 0.000015 0.000005 0.000000 0.058407 0.007143 1.654335
0.934419 0.000012 0.000014 0.000006 0.000000 0.058406 0.007143 1.654336
0.934419 0.000012 0.000016 0.000006 0.000000 0.058404 0.007143 1.654338
0.934418 0.000014 0.000014 0.000005 0.000000 0.058406 0.007143 1.654338
0.934419 0.000015 0.000012 0.000005 0.000000 0.058406 0.007143 1.654338
0.934419 0.000016 0.000010 0.000005 0.000000 0.058406 0.007143 1.654339
0.934420 0.000016 0.000011 0.000005 0.000000 0.058405 0.007143 1.654340
0.934417 0.000019 0.000011 0.000005 0.000000 0.058405 0.007143 1.654341
0.934417 0.000019 0.000012 0.000004 0.000000 0.058404 0.007143 1.654342
0.934414 0.000022 0.000013 0.000004 0.000000 0.058405 0.007143 1.654343
0.934415 0.000022 0.000014 0.000003 0.000000 0.058404 0.007143 1.654345
0.934413 0.000020 0.000015 0.000003 0.000000 0.058405 0.007143 1.654350
0.934414 0.000019 0.000014 0.000003 0.000000 0.058406 0.007143 1.654352
0.934415 0.000020 0.000014 0.000004 0.000000 0.058405 0.007143 1.654352
0.934414 0.000018 0.000015 0.000005 0.000000 0.058405 0.007143 1.654356
0.934416 0.000018 0.000016 0.000005 0.000000 0.058403 0.007143 1.654357
0.934415 0.000017 0.000017 0.000005 0.000000 0.058403 0.007143 1.654360
0.934415 0.000019 0.000016 0.000005 0.000000 0.058402 0.007143 1.654360
0.934415 0.000017 0.000017 0.000005 0.000000 0.058403 0.007143 1.654363
0.934414 0.000017 0.000016 0.000006 0.000000 0.058405 0.007143 1.654365
0.934413 0.000017 0.000018 0.000007 0.000000 0.058404 0.007143 1.654367
0.934411 0.000017 0.000017 0.000006 0.000000 0.058406 0.007143 1.654369
0.934412 0.000016 0.000017 0.000007 0.000000 0.058406 0.007143 1.654371
0.934412 0.000017 0.000017 0.000006 0.000000 0.058406 0.007143 1.654373
0.934411 0.000018 0.000016 0.000006 0.000000 0.058407 0.007143 1.654374
0.934413 0.000016 0.000017 0.000007 0.000000 0.058405 0.007143 1.654376
0.934414 0.000016 0.000016 0.000007 0.000000 0.058405 0.007143 1.654377
0.934416 0.000013 0.000018 0.000006 0.000000 0.058404 0.007143 1.654379
0.934417 0.000012 0.000017 0.000007 0.000000 0.058404 0.007143 1.654381
0.934417 0.000012 0.000017 0.000008 0.000000 0.058404 0.007143 1.654383
0.934417 0.000013 0.000016 0.000008 0.000000 0.058403 0.007143 1.654383
0.934417 0.000014 0.000015 0.000007 0.000000 0.058403 0.007143 1.654383
0.934419 0.000013 0.000016 0.000007 0.000000 0.058402 0.007143 1.654385
0.934417 0.000016 0.000014 0.000006 0.000000 0.058404 0.007143 1.654385
0.934416 0.000016 0.000015 0.000007 0.000000 0.058404 0.007143 1.654388
0.934416 0.000016 0.000014 0.000006 0.000000 0.058404 0.007143 1.654389
0.934415 0.000016 0.000016 0.000007 0.000000 0.058404 0.007143 1.654391
0.934415 0.000016 0.000016 0.000007 0.000000 0.058404 0.007143 1.654393
0.934414 0.000015 0.000017 0.000007 0.000000 0.058404 0.007143 1.654395
0.934413 0.000017 0.000016 0.000007 0.000000 0.058404 0.007143 1.654396
0.934412 0.000019 0.000015 0.000007 0.000000 0.058405 0.007143 1.654396
0.934413 0.000018 0.000014 0.000007 0.000001 0.058405 0.007143 1.654399
0.934412 0.000018 0.000015 0.000006 0.000001 0.058406 0.007143 1.654400
0.934412 0.000017 0.000015 0.000006 0.000001 0.058407 0.007143 1.654403
0.934413 0.000018 0.000016 0.000006 0.000001 0.058404 0.007143 1.654404
0.934413 0.000019 0.000014 0.000006 0.000001 0.058404 0.007143 1.654404
0.934412 0.000019 0.000013 0.000006 0.000000 0.058407 0.007143 1.654406
0.934410 0.000021 0.000014 0.000006 0.000000 0.058406 0.007143 1.654407
0.934412 0.000019 0.000014 0.000007 0.000000 0.058404 0.007143 1.654409
0.934412 0.000020 0.000013 0.000006 0.000000 0.058405 0.007143 1.654410
0.934413 0.000018 0.000014 0.000006 0.000000 0.058406 0.007143 1.654411
0.934414 0.000018 0.000014 0.000006 0.000000 0.058405 0.007143 1.654413
0.934413 0.000018 0.000014 0.000008 0.000000 0.058404 0.007143 1.654415
0.934412 0.000019 0.000013 0.000007 0.000000 0.058406 0.007143 1.654417
0.934412 0.000019 0.000014 0.000007 0.000000 0.058405 0.007143 1.654418
0.934413 0.000019 0.000015 0.000008 0.000000 0.058402 0.007143 1.654420
0.934411 0.000020 0.000013 0.000008 0.000000 0.058404 0.007143 1.654422
0.934411 0.000019 0.000015 0.000008 0.000000 0.058404 0.007143 1.654424
0.934411 0.000017 0.000016 0.000008 0.000000 0.058405 0.007143 1.654427
0.934410 0.000018 0.000015 0.000008 0.000000 0.058406 0.007143 1.654428
0.934410 0.000016 0.000017 0.000010 0.000000 0.058405 0.007143 1.654432
0.934409 0.000016 0.000018 0.000008 0.000000 0.058405 0.007143 1.654434
0.934410 0.000015 0.000018 0.000008 0.000000 0.058407 0.007143 1.654436
0.934410 0.000013 0.000019 0.000008 0.000000 0.058406 0.007143 1.654439
0.934409 0.000015 0.000016 0.000008 0.000000 0.058409 0.007143 1.654439
0.934408 0.000015 0.000015 0.000008 0.000000 0.058411 0.007143 1.654441
0.934411 0.000014 0.000014 0.000007 0.000000 0.058410 0.007143 1.654442
0.934412 0.000014 0.000012 0.000008 0.000000 0.058411 0.007143 1.654442
0.934413 0.000016 0.000012 0.000006 0.000000 0.058410 0.007143 1.654442
0.934417 0.000017 0.000011 0.000006 0.000000 0.058406 0.007143 1.654442
0.934417 0.000016 0.000012 0.000007 0.000000 0.058406 0.007143 1.654444
0.934418 0.000014 0.000012 0.000008 0.000000 0.058405 0.007143 1.654446
0.934421 0.000015 0.000011 0.000008 0.000000 0.058402 0.007143 1.654446
0.934423 0.000014 0.000013 0.000007 0.000000 0.058401 0.007143 1.654448
0.934424 0.000013 0.000013 0.000008 0.000000 0.058400 0.007143 1.654449
0.934424 0.000012 0.000012 0.000008 0.000000 0.058400 0.007143 1.654451
0.934425 0.000011 0.000013 0.000008 0.000000 0.058399 0.007143 1.654453
0.934426 0.000009 0.000013 0.000008 0.000000 0.058400 0.007143 1.654455
0.934428 0.000008 0.000013 0.000006 0.000000 0.058401 0.007143 1.654456
0.934429 0.000010 0.000013 0.000006 0.000000 0.058400 0.007143 1.654456
0.934429 0.000010 0.000012 0.000006 0.000000 0.058401 0.007143 1.654457
0.934430 0.000009 0.000012 0.000005 0.000000 0.058401 0.007143 1.654458
0.934431 0.000009 0.000012 0.000005 0.000000 0.058401 0.007143 1.654458
0.934430 0.000011 0.000011 0.000004 0.000000 0.058401 0.007143 1.654458
0.934432 0.000010 0.000011 0.000005 0.000000 0.058399 0.007143 1.654459
