0.346459 0.062169 0.055756 0.032071 0.002129 0.495442 0.005975 1.622726
0.348533 0.060380 0.055592 0.031831 0.002136 0.495526 0.006003 1.628641
0.351266 0.058103 0.055438 0.031522 0.002123 0.495519 0.006029 1.634401
0.354461 0.055595 0.055199 0.031200 0.002110 0.495380 0.006055 1.639977
0.358017 0.052913 0.054884 0.030743 0.002110 0.495248 0.006085 1.645365
0.361734 0.050326 0.054313 0.030312 0.002124 0.495083 0.006105 1.650417
0.365687 0.047767 0.053696 0.029822 0.002131 0.494768 0.006130 1.655240
0.369776 0.045362 0.052902 0.029268 0.002140 0.494396 0.006155 1.659798
0.373954 0.042955 0.052048 0.028666 0.002122 0.494069 0.006185 1.664186
0.378229 0.040800 0.050998 0.028086 0.002119 0.493550 0.006217 1.668246
0.382326 0.038844 0.050034 0.027371 0.002115 0.493065 0.006245 1.672130
0.386678 0.036801 0.049035 0.026796 0.002100 0.492313 0.006277 1.675937
0.391156 0.035019 0.047908 0.026089 0.002079 0.491445 0.006305 1.679460
0.395577 0.033369 0.046712 0.025367 0.002051 0.490593 0.006331 1.682773
0.400127 0.031762 0.045610 0.024625 0.002058 0.489465 0.006353 1.685961
0.404622 0.030405 0.044369 0.023843 0.002047 0.488330 0.006385 1.688929
0.409256 0.029053 0.043250 0.023091 0.002023 0.486914 0.006413 1.691822
0.413874 0.027733 0.042132 0.022464 0.002002 0.485359 0.006436 1.694665
0.418388 0.026494 0.040980 0.021786 0.001978 0.483919 0.006455 1.697375
0.423064 0.025382 0.039709 0.021086 0.001959 0.482324 0.006476 1.699905
0.427620 0.024324 0.038508 0.020387 0.001932 0.480729 0.006499 1.702375
0.432249 0.023334 0.037347 0.019771 0.001905 0.478868 0.006526 1.704709
0.436863 0.022458 0.036173 0.019143 0.001872 0.476935 0.006554 1.706954
0.441465 0.021652 0.035047 0.018528 0.001849 0.474886 0.006574 1.709110
0.446030 0.020952 0.034027 0.017879 0.001820 0.472696 0.006596 1.711127
0.450678 0.020171 0.032961 0.017335 0.001792 0.470438 0.006624 1.713171
0.455154 0.019521 0.031952 0.016789 0.001759 0.468177 0.006648 1.715123
0.459690 0.018859 0.030951 0.016217 0.001744 0.465869 0.006670 1.717009
0.464272 0.018359 0.030002 0.015672 0.001715 0.463286 0.006694 1.718805
0.468806 0.017830 0.029082 0.015166 0.001689 0.460711 0.006717 1.720587
0.473257 0.017330 0.028164 0.014687 0.001663 0.458159 0.006741 1.722299
0.477784 0.016860 0.027240 0.014212 0.001621 0.455523 0.006760 1.723938
0.482237 0.016397 0.026425 0.013781 0.001597 0.452784 0.006781 1.725561
0.486775 0.015906 0.025636 0.013376 0.001570 0.449936 0.006800 1.727183
0.491300 0.015511 0.024906 0.012962 0.001541 0.446958 0.006822 1.728694
0.495686 0.015157 0.024094 0.012574 0.001514 0.444136 0.006839 1.730199
0.500055 0.014879 0.023319 0.012204 0.001499 0.441187 0.006857 1.731631
0.504408 0.014511 0.022643 0.011832 0.001473 0.438258 0.006877 1.733122
0.508695 0.014212 0.021956 0.011517 0.001444 0.435280 0.006897 1.734529
0.513106 0.013912 0.021297 0.011187 0.001416 0.432166 0.006915 1.735893
0.517366 0.013633 0.020642 0.010845 0.001401 0.429179 0.006934 1.737234
0.521594 0.013443 0.020104 0.010516 0.001370 0.426022 0.006953 1.738546
0.525770 0.013215 0.019569 0.010244 0.001341 0.422888 0.006973 1.739895
0.530027 0.013037 0.019026 0.009962 0.001312 0.419645 0.006991 1.741164
0.534225 0.012781 0.018544 0.009680 0.001289 0.416476 0.007005 1.742447
0.538339 0.012602 0.018068 0.009423 0.001262 0.413285 0.007020 1.743688
0.542505 0.012372 0.017576 0.009176 0.001244 0.410094 0.007033 1.744927
0.546571 0.012239 0.017113 0.008904 0.001224 0.406901 0.007048 1.746125
0.550644 0.012099 0.016666 0.008644 0.001208 0.403679 0.007061 1.747303
0.554529 0.011970 0.016286 0.008468 0.001178 0.400495 0.007075 1.748482
0.558490 0.011809 0.015896 0.008296 0.001165 0.397258 0.007087 1.749675
0.562539 0.011606 0.015590 0.008074 0.001145 0.393939 0.007108 1.750842
0.566367 0.011507 0.015261 0.007904 0.001124 0.390718 0.007121 1.751971
0.570210 0.011407 0.014960 0.007699 0.001103 0.387486 0.007136 1.753101
0.574009 0.011343 0.014647 0.007550 0.001073 0.384230 0.007150 1.754207
0.577811 0.011224 0.014371 0.007384 0.001041 0.381005 0.007164 1.755334
0.581507 0.011166 0.014059 0.007251 0.001017 0.377824 0.007176 1.756424
0.585242 0.011075 0.013778 0.007138 0.000994 0.374585 0.007187 1.757512
0.588958 0.011012 0.013483 0.006973 0.000978 0.371394 0.007203 1.758575
0.592542 0.010933 0.013174 0.006838 0.000944 0.368348 0.007221 1.759649
0.595948 0.010910 0.012935 0.006684 0.000926 0.365364 0.007233 1.760703
0.599511 0.010823 0.012749 0.006575 0.000902 0.362196 0.007246 1.761769
0.602991 0.010788 0.012597 0.006434 0.000885 0.359046 0.007258 1.762834
0.606416 0.010788 0.012395 0.006339 0.000867 0.355926 0.007270 1.763873
0.609865 0.010746 0.012186 0.006236 0.000852 0.352834 0.007282 1.764930
0.613273 0.010697 0.012012 0.006166 0.000841 0.349718 0.007294 1.765993
0.616624 0.010693 0.011816 0.006102 0.000825 0.346636 0.007305 1.767067
0.619868 0.010681 0.011702 0.006019 0.000813 0.343603 0.007315 1.768119
0.623152 0.010709 0.011519 0.005950 0.000798 0.340551 0.007323 1.769133
0.626342 0.010722 0.011410 0.005881 0.000776 0.337536 0.007334 1.770163
0.629573 0.010681 0.011304 0.005814 0.000762 0.334523 0.007345 1.771241
0.632678 0.010703 0.011217 0.005753 0.000740 0.331555 0.007355 1.772285
0.635755 0.010722 0.011175 0.005690 0.000723 0.328569 0.007365 1.773368
0.638759 0.010723 0.011034 0.005637 0.000699 0.325770 0.007378 1.774408
0.641738 0.010731 0.010927 0.005564 0.000684 0.322970 0.007387 1.775440
0.644673 0.010763 0.010873 0.005545 0.000670 0.320077 0.007399 1.776520
0.647695 0.010746 0.010810 0.005503 0.000656 0.317179 0.007411 1.777590
0.650641 0.010789 0.010742 0.005462 0.000640 0.314308 0.007418 1.778627
0.653457 0.010846 0.010668 0.005405 0.000627 0.311571 0.007428 1.779675
0.656207 0.010885 0.010579 0.005371 0.000615 0.308909 0.007435 1.780748
0.658896 0.010965 0.010523 0.005334 0.000613 0.306227 0.007445 1.781835
0.661525 0.011028 0.010465 0.005337 0.000603 0.303592 0.007451 1.782930
0.664191 0.011093 0.010427 0.005320 0.000596 0.300918 0.007457 1.784003
0.666720 0.011153 0.010425 0.005291 0.000587 0.298358 0.007466 1.785104
0.669220 0.011184 0.010390 0.005265 0.000576 0.295889 0.007477 1.786219
0.671807 0.011219 0.010384 0.005274 0.000572 0.293265 0.007481 1.787305
0.674310 0.011245 0.010387 0.005278 0.000559 0.290734 0.007488 1.788442
0.676725 0.011302 0.010393 0.005271 0.000551 0.288264 0.007494 1.789597
0.679006 0.011443 0.010336 0.005242 0.000544 0.285928 0.007502 1.790677
0.681345 0.011539 0.010353 0.005276 0.000534 0.283442 0.007512 1.791800
0.683694 0.011606 0.010332 0.005280 0.000528 0.281041 0.007520 1.792926
0.686001 0.011632 0.010331 0.005341 0.000530 0.278641 0.007524 1.794088
0.688168 0.011717 0.010352 0.005370 0.000520 0.276340 0.007532 1.795265
0.690389 0.011810 0.010404 0.005383 0.000513 0.273963 0.007538 1.796398
0.692572 0.011932 0.010377 0.005363 0.000510 0.271700 0.007547 1.797559
0.694713 0.012059 0.010391 0.005382 0.000504 0.269398 0.007553 1.798685
0.696913 0.012142 0.010402 0.005383 0.000492 0.267108 0.007561 1.799853
0.698928 0.012243 0.010442 0.005381 0.000492 0.264948 0.007567 1.801062
0.700881 0.012348 0.010507 0.005397 0.000481 0.262813 0.007574 1.802277
0.702825 0.012447 0.010579 0.005449 0.000480 0.260642 0.007579 1.803517
0.704674 0.012622 0.010618 0.005485 0.000478 0.258542 0.007582 1.804738
0.706482 0.012774 0.010675 0.005516 0.000477 0.256486 0.007589 1.805978
0.708323 0.012902 0.010756 0.005563 0.000469 0.254392 0.007596 1.807231
0.710167 0.013049 0.010821 0.005616 0.000467 0.252279 0.007602 1.808505
0.711929 0.013260 0.010885 0.005638 0.000467 0.250213 0.007608 1.809751
0.713539 0.013415 0.010996 0.005647 0.000469 0.248320 0.007612 1.811054
0.715245 0.013543 0.011055 0.005681 0.000463 0.246396 0.007618 1.812366
0.716921 0.013635 0.011137 0.005722 0.000461 0.244501 0.007623 1.813703
0.718484 0.013799 0.011171 0.005777 0.000452 0.242686 0.007631 1.815018
0.719983 0.013900 0.011246 0.005832 0.000444 0.240959 0.007637 1.816396
0.721483 0.014058 0.011335 0.005886 0.000436 0.239158 0.007644 1.817752
0.722948 0.014226 0.011450 0.005934 0.000433 0.237357 0.007652 1.819132
0.724382 0.014355 0.011554 0.005967 0.000433 0.235655 0.007656 1.820536
0.725738 0.014555 0.011617 0.005980 0.000432 0.234018 0.007660 1.821911
0.727148 0.014689 0.011732 0.006025 0.000423 0.232316 0.007666 1.823315
0.728446 0.014877 0.011832 0.006080 0.000417 0.230677 0.007672 1.824760
0.729638 0.015052 0.011954 0.006144 0.000407 0.229125 0.007679 1.826242
0.730818 0.015231 0.012038 0.006177 0.000409 0.227644 0.007683 1.827715
0.732018 0.015334 0.012211 0.006205 0.000406 0.226133 0.007693 1.829234
0.733114 0.015548 0.012336 0.006239 0.000411 0.224654 0.007698 1.830746
0.734208 0.015706 0.012455 0.006308 0.000409 0.223212 0.007702 1.832300
0.735253 0.015871 0.012549 0.006398 0.000407 0.221812 0.007708 1.833841
0.736288 0.016068 0.012696 0.006446 0.000401 0.220387 0.007715 1.835404
0.737287 0.016134 0.012867 0.006568 0.000405 0.219019 0.007718 1.837049
0.738225 0.016346 0.012989 0.006620 0.000404 0.217691 0.007724 1.838644
0.739160 0.016514 0.013120 0.006684 0.000406 0.216386 0.007728 1.840224
0.740090 0.016689 0.013271 0.006743 0.000404 0.215070 0.007733 1.841844
0.740904 0.016947 0.013412 0.006807 0.000403 0.213793 0.007736 1.843460
0.741731 0.017093 0.013559 0.006921 0.000400 0.212554 0.007744 1.845185
0.742603 0.017194 0.013688 0.007038 0.000398 0.211330 0.007750 1.846901
0.743371 0.017388 0.013816 0.007109 0.000399 0.210162 0.007756 1.848598
0.744137 0.017591 0.013921 0.007148 0.000402 0.209040 0.007761 1.850259
0.744748 0.017838 0.014045 0.007201 0.000400 0.208001 0.007768 1.851972
0.745391 0.018026 0.014179 0.007306 0.000405 0.206922 0.007771 1.853711
0.745918 0.018249 0.014330 0.007347 0.000407 0.205972 0.007776 1.855468
0.746561 0.018351 0.014531 0.007444 0.000411 0.204921 0.007781 1.857283
0.747080 0.018555 0.014701 0.007530 0.000404 0.203944 0.007787 1.859109
0.747525 0.018796 0.014806 0.007599 0.000407 0.203078 0.007789 1.860919
0.748042 0.018891 0.014964 0.007708 0.000409 0.202190 0.007795 1.862797
0.748488 0.019119 0.015111 0.007770 0.000409 0.201299 0.007804 1.864645
0.749013 0.019253 0.015263 0.007882 0.000412 0.200363 0.007813 1.866573
0.749457 0.019424 0.015435 0.007956 0.000418 0.199496 0.007816 1.868470
0.749896 0.019559 0.015589 0.008062 0.000416 0.198658 0.007820 1.870369
0.750190 0.019744 0.015783 0.008157 0.000416 0.197883 0.007826 1.872312
0.750551 0.019874 0.016000 0.008255 0.000423 0.197068 0.007829 1.874282
0.750815 0.020049 0.016210 0.008358 0.000426 0.196307 0.007835 1.876269
0.751118 0.020255 0.016300 0.008445 0.000423 0.195621 0.007839 1.878210
0.751351 0.020451 0.016494 0.008495 0.000426 0.194941 0.007844 1.880194
0.751579 0.020643 0.016615 0.008607 0.000434 0.194273 0.007849 1.882194
0.751883 0.020792 0.016742 0.008650 0.000433 0.193646 0.007854 1.884203
0.752112 0.021062 0.016860 0.008695 0.000433 0.192976 0.007860 1.886193
0.752257 0.021201 0.016969 0.008752 0.000430 0.192525 0.007865 1.888242
0.752393 0.021338 0.017137 0.008803 0.000430 0.192028 0.007870 1.890359
0.752541 0.021432 0.017276 0.008888 0.000433 0.191553 0.007878 1.892504
0.752577 0.021614 0.017466 0.008958 0.000430 0.191070 0.007885 1.894608
0.752748 0.021721 0.017658 0.008995 0.000432 0.190555 0.007891 1.896727
0.752832 0.021863 0.017802 0.009076 0.000432 0.190099 0.007897 1.898875
0.752859 0.022045 0.017940 0.009142 0.000433 0.189675 0.007906 1.900982
0.753053 0.022138 0.018067 0.009231 0.000431 0.189169 0.007912 1.903137
0.753183 0.022281 0.018219 0.009254 0.000434 0.188709 0.007919 1.905247
0.753290 0.022364 0.018361 0.009303 0.000436 0.188320 0.007925 1.907464
0.753268 0.022522 0.018534 0.009409 0.000446 0.187893 0.007928 1.909671
0.753374 0.022617 0.018673 0.009524 0.000452 0.187428 0.007931 1.911868
0.753441 0.022700 0.018833 0.009538 0.000451 0.187103 0.007935 1.914066
0.753428 0.022813 0.018953 0.009644 0.000449 0.186771 0.007941 1.916291
0.753472 0.022917 0.019075 0.009691 0.000465 0.186437 0.007945 1.918500
0.753525 0.022979 0.019202 0.009750 0.000473 0.186120 0.007952 1.920747
0.753547 0.023143 0.019274 0.009822 0.000480 0.185774 0.007960 1.922927
0.753464 0.023217 0.019428 0.009927 0.000484 0.185515 0.007966 1.925231
0.753414 0.023286 0.019518 0.010004 0.000488 0.185315 0.007975 1.927502
0.753427 0.023250 0.019683 0.010100 0.000494 0.185065 0.007983 1.929858
0.753442 0.023289 0.019802 0.010150 0.000499 0.184830 0.007988 1.932132
0.753422 0.023405 0.019974 0.010189 0.000507 0.184506 0.007998 1.934406
0.753322 0.023503 0.020060 0.010211 0.000518 0.184381 0.008006 1.936699
0.753255 0.023592 0.020122 0.010289 0.000526 0.184207 0.008009 1.938975
0.753168 0.023727 0.020208 0.010341 0.000535 0.184009 0.008014 1.941250
0.753084 0.023793 0.020350 0.010386 0.000536 0.183829 0.008022 1.943599
0.752968 0.023900 0.020444 0.010410 0.000534 0.183714 0.008030 1.945855
0.752895 0.023913 0.020552 0.010496 0.000542 0.183566 0.008037 1.948235
0.752872 0.023914 0.020631 0.010535 0.000547 0.183458 0.008043 1.950577
0.752838 0.023924 0.020652 0.010554 0.000544 0.183440 0.008050 1.952906
0.752772 0.024018 0.020663 0.010589 0.000550 0.183353 0.008056 1.955193
0.752711 0.023982 0.020763 0.010640 0.000552 0.183293 0.008059 1.957575
0.752634 0.024017 0.020853 0.010650 0.000561 0.183220 0.008065 1.959932
0.752591 0.023940 0.020971 0.010700 0.000569 0.183157 0.008073 1.962346
0.752539 0.023824 0.021010 0.010774 0.000572 0.183201 0.008081 1.964732
0.752449 0.023825 0.021056 0.010763 0.000582 0.183238 0.008086 1.967074
0.752451 0.023746 0.021058 0.010802 0.000570 0.183279 0.008094 1.969415
0.752399 0.023750 0.021144 0.010789 0.000574 0.183243 0.008101 1.971760
0.752406 0.023711 0.021175 0.010870 0.000585 0.183145 0.008107 1.974105
0.752298 0.023831 0.021204 0.010835 0.000586 0.183135 0.008112 1.976374
0.752191 0.023898 0.021162 0.010805 0.000587 0.183235 0.008121 1.978669
0.752160 0.023806 0.021236 0.010799 0.000588 0.183285 0.008128 1.981078
0.752196 0.023785 0.021295 0.010758 0.000584 0.183245 0.008137 1.983421
0.752207 0.023718 0.021319 0.010776 0.000593 0.183245 0.008143 1.985766
0.752156 0.023689 0.021379 0.010833 0.000596 0.183201 0.008146 1.988116
0.752128 0.023645 0.021321 0.010848 0.000593 0.183313 0.008155 1.990409
0.752039 0.023625 0.021354 0.010841 0.000592 0.183388 0.008162 1.992749
0.752046 0.023543 0.021443 0.010867 0.000591 0.183340 0.008171 1.995085
0.752181 0.023468 0.021438 0.010858 0.000597 0.183284 0.008174 1.997346
0.752222 0.023475 0.021426 0.010869 0.000597 0.183231 0.008182 1.999613
0.752228 0.023432 0.021387 0.010838 0.000601 0.183328 0.008188 2.001871
0.752354 0.023294 0.021443 0.010813 0.000607 0.183297 0.008193 2.004169
0.752410 0.023228 0.021452 0.010855 0.000615 0.183241 0.008199 2.006483
0.752440 0.023242 0.021462 0.010822 0.000620 0.183210 0.008205 2.008729
0.752527 0.023167 0.021452 0.010792 0.000622 0.183228 0.008212 2.011007
0.752571 0.023120 0.021422 0.010770 0.000629 0.183271 0.008217 2.013277
0.752659 0.023075 0.021436 0.010714 0.000622 0.183272 0.008223 2.015540
0.752768 0.022938 0.021441 0.010742 0.000623 0.183261 0.008228 2.017862
0.752879 0.022803 0.021411 0.010764 0.000624 0.183283 0.008235 2.020168
0.752973 0.022799 0.021341 0.010720 0.000622 0.183301 0.008244 2.022381
0.753079 0.022717 0.021255 0.010710 0.000625 0.183366 0.008249 2.024609
0.753207 0.022616 0.021217 0.010705 0.000625 0.183376 0.008254 2.026885
0.753322 0.022631 0.021160 0.010686 0.000627 0.183314 0.008261 2.029057
0.753385 0.022588 0.021145 0.010661 0.000621 0.183329 0.008271 2.031293
0.753548 0.022450 0.021126 0.010652 0.000617 0.183326 0.008280 2.033540
0.753632 0.022432 0.021057 0.010649 0.000617 0.183324 0.008290 2.035716
0.753810 0.022345 0.020926 0.010645 0.000612 0.183366 0.008297 2.037913
0.753979 0.022249 0.020940 0.010648 0.000615 0.183266 0.008303 2.040122
0.754161 0.022194 0.020898 0.010599 0.000607 0.183228 0.008312 2.042305
0.754409 0.022068 0.020850 0.010558 0.000612 0.183183 0.008319 2.044480
0.754672 0.021941 0.020817 0.010541 0.000598 0.183096 0.008337 2.046672
0.754844 0.021877 0.020811 0.010523 0.000600 0.183001 0.008344 2.048849
0.755079 0.021843 0.020724 0.010471 0.000599 0.182930 0.008354 2.050962
0.755297 0.021801 0.020686 0.010447 0.000595 0.182814 0.008361 2.053101
0.755454 0.021778 0.020574 0.010481 0.000598 0.182748 0.008368 2.055252
0.755845 0.021657 0.020466 0.010413 0.000603 0.182639 0.008377 2.057330
0.756062 0.021562 0.020417 0.010351 0.000604 0.182621 0.008385 2.059461
0.756221 0.021547 0.020305 0.010316 0.000604 0.182611 0.008397 2.061537
0.756442 0.021420 0.020263 0.010263 0.000601 0.182609 0.008403 2.063656
0.756763 0.021309 0.020268 0.010225 0.000605 0.182420 0.008410 2.065762
0.757049 0.021160 0.020268 0.010247 0.000603 0.182254 0.008420 2.067926
0.757319 0.021101 0.020245 0.010229 0.000609 0.182069 0.008428 2.069988
0.757587 0.021043 0.020251 0.010157 0.000613 0.181916 0.008434 2.072053
0.757944 0.020924 0.020157 0.010117 0.000606 0.181808 0.008443 2.074110
0.758309 0.020826 0.020064 0.010070 0.000609 0.181675 0.008449 2.076167
0.758620 0.020712 0.020014 0.010046 0.000609 0.181542 0.008457 2.078236
0.758976 0.020723 0.019969 0.009967 0.000615 0.181284 0.008466 2.080245
0.759251 0.020675 0.019871 0.009949 0.000614 0.181170 0.008471 2.082292
0.759541 0.020644 0.019816 0.009909 0.000611 0.181000 0.008480 2.084307
0.759855 0.020558 0.019739 0.009863 0.000612 0.180890 0.008485 2.086334
0.760154 0.020554 0.019661 0.009812 0.000607 0.180719 0.008493 2.088308
0.760433 0.020501 0.019592 0.009785 0.000614 0.180576 0.008499 2.090324
0.760743 0.020470 0.019518 0.009752 0.000613 0.180396 0.008508 2.092314
0.761077 0.020416 0.019466 0.009680 0.000616 0.180231 0.008515 2.094292
0.761389 0.020305 0.019464 0.009629 0.000613 0.180075 0.008525 2.096342
0.761708 0.020316 0.019304 0.009588 0.000613 0.179938 0.008532 2.098280
0.761979 0.020240 0.019326 0.009588 0.000604 0.179722 0.008541 2.100312
0.762297 0.020219 0.019300 0.009543 0.000608 0.179487 0.008546 2.102318
0.762637 0.020116 0.019290 0.009558 0.000598 0.179243 0.008558 2.104355
0.762969 0.020116 0.019233 0.009537 0.000591 0.178990 0.008565 2.106315
0.763258 0.020031 0.019172 0.009510 0.000589 0.178867 0.008574 2.108295
0.763553 0.019919 0.019159 0.009478 0.000592 0.178718 0.008581 2.110318
0.763819 0.019882 0.019162 0.009414 0.000596 0.178539 0.008589 2.112279
0.764165 0.019785 0.019086 0.009392 0.000600 0.178376 0.008596 2.114260
0.764435 0.019767 0.019062 0.009351 0.000592 0.178188 0.008606 2.116209
0.764777 0.019687 0.019037 0.009315 0.000588 0.177985 0.008610 2.118179
0.765146 0.019630 0.018960 0.009307 0.000587 0.177753 0.008617 2.120135
0.765468 0.019589 0.018915 0.009310 0.000582 0.177510 0.008628 2.122137
0.765800 0.019572 0.018833 0.009255 0.000575 0.177330 0.008636 2.124035
0.766065 0.019584 0.018799 0.009227 0.000578 0.177105 0.008644 2.125950
0.766349 0.019519 0.018699 0.009230 0.000579 0.176977 0.008649 2.127888
0.766669 0.019476 0.018737 0.009234 0.000576 0.176651 0.008657 2.129832
0.766943 0.019449 0.018672 0.009245 0.000571 0.176455 0.008665 2.131750
0.767209 0.019454 0.018597 0.009250 0.000564 0.176253 0.008673 2.133663
0.767416 0.019505 0.018563 0.009227 0.000560 0.176049 0.008680 2.135568
0.767723 0.019571 0.018496 0.009194 0.000563 0.175771 0.008684 2.137447
0.767957 0.019597 0.018379 0.009202 0.000562 0.175613 0.008690 2.139368
0.768167 0.019614 0.018375 0.009150 0.000561 0.175433 0.008700 2.141271
0.768380 0.019585 0.018353 0.009152 0.000556 0.175267 0.008707 2.143232
0.768685 0.019626 0.018303 0.009125 0.000560 0.174987 0.008714 2.145121
0.769014 0.019634 0.018304 0.009101 0.000559 0.174666 0.008723 2.147043
0.769289 0.019621 0.018275 0.009118 0.000558 0.174412 0.008728 2.148969
0.769542 0.019554 0.018284 0.009160 0.000557 0.174169 0.008736 2.150956
0.769811 0.019587 0.018225 0.009145 0.000550 0.173938 0.008745 2.152861
0.770092 0.019598 0.018246 0.009128 0.000544 0.173639 0.008753 2.154779
0.770415 0.019557 0.018198 0.009155 0.000548 0.173368 0.008759 2.156696
0.770635 0.019604 0.018181 0.009109 0.000545 0.173158 0.008770 2.158596
0.770829 0.019643 0.018156 0.009104 0.000540 0.172952 0.008777 2.160492
0.771001 0.019732 0.018114 0.009087 0.000542 0.172739 0.008785 2.162379
0.771277 0.019651 0.018108 0.009102 0.000541 0.172530 0.008791 2.164327
0.771528 0.019631 0.018095 0.009104 0.000538 0.172306 0.008799 2.166290
0.771753 0.019586 0.018140 0.009103 0.000528 0.172083 0.008807 2.168238
0.771999 0.019561 0.018077 0.009093 0.000532 0.171927 0.008811 2.170174
0.772180 0.019593 0.018074 0.009085 0.000536 0.171716 0.008816 2.172075
0.772412 0.019534 0.018054 0.009084 0.000528 0.171569 0.008820 2.174018
0.772633 0.019490 0.018059 0.009122 0.000533 0.171339 0.008825 2.175992
0.772850 0.019491 0.017997 0.009118 0.000535 0.171175 0.008834 2.177909
0.773079 0.019402 0.018053 0.009154 0.000542 0.170930 0.008838 2.179885
0.773330 0.019435 0.018028 0.009124 0.000548 0.170691 0.008845 2.181778
0.773503 0.019482 0.018010 0.009147 0.000542 0.170464 0.008853 2.183701
0.773650 0.019465 0.017992 0.009143 0.000542 0.170345 0.008863 2.185661
0.773847 0.019507 0.017977 0.009122 0.000537 0.170143 0.008868 2.187577
0.774005 0.019529 0.017971 0.009140 0.000539 0.169943 0.008874 2.189535
0.774183 0.019532 0.017979 0.009137 0.000545 0.169743 0.008880 2.191453
0.774346 0.019631 0.017980 0.009099 0.000536 0.169525 0.008885 2.193346
0.774479 0.019615 0.017983 0.009104 0.000538 0.169391 0.008892 2.195317
0.774667 0.019584 0.018033 0.009138 0.000544 0.169138 0.008897 2.197285
0.774827 0.019631 0.017989 0.009136 0.000547 0.168966 0.008904 2.199160
0.775063 0.019706 0.017924 0.009106 0.000552 0.168737 0.008911 2.201030
0.775180 0.019742 0.017956 0.009069 0.000555 0.168580 0.008918 2.202942
0.775326 0.019754 0.017931 0.009081 0.000556 0.168427 0.008926 2.204844
0.775522 0.019718 0.017983 0.009037 0.000556 0.168251 0.008934 2.206810
0.775648 0.019790 0.017954 0.009042 0.000557 0.168069 0.008941 2.208708
0.775761 0.019768 0.017939 0.009078 0.000558 0.167948 0.008949 2.210657
0.775837 0.019836 0.017961 0.009107 0.000554 0.167750 0.008955 2.212583
0.776092 0.019789 0.017972 0.009072 0.000553 0.167561 0.008961 2.214526
0.776194 0.019831 0.017978 0.009026 0.000546 0.167457 0.008968 2.216438
0.776348 0.019830 0.017947 0.009021 0.000545 0.167335 0.008974 2.218383
0.776466 0.019872 0.017937 0.009029 0.000546 0.167169 0.008982 2.220311
0.776567 0.019898 0.017958 0.009060 0.000541 0.166988 0.008989 2.222274
0.776634 0.019923 0.018004 0.009060 0.000543 0.166839 0.008996 2.224244
0.776792 0.019910 0.018003 0.009091 0.000540 0.166660 0.009004 2.226195
0.776932 0.020017 0.017935 0.009084 0.000542 0.166480 0.009011 2.228060
0.777078 0.020015 0.017905 0.009132 0.000541 0.166313 0.009015 2.230011
0.777196 0.020011 0.017899 0.009138 0.000551 0.166186 0.009020 2.231966
0.777276 0.020063 0.017925 0.009129 0.000551 0.166030 0.009025 2.233895
0.777326 0.020066 0.017973 0.009154 0.000550 0.165897 0.009034 2.235873
0.777337 0.020100 0.017996 0.009154 0.000546 0.165821 0.009045 2.237840
0.777374 0.020080 0.018032 0.009224 0.000545 0.165692 0.009051 2.239846
0.777399 0.020115 0.018018 0.009240 0.000538 0.165633 0.009056 2.241781
0.777438 0.020174 0.018044 0.009282 0.000537 0.165462 0.009063 2.243742
0.777505 0.020206 0.018055 0.009277 0.000533 0.165355 0.009069 2.245735
0.777543 0.020275 0.018039 0.009322 0.000526 0.165220 0.009075 2.247655
0.777581 0.020322 0.018090 0.009303 0.000531 0.165091 0.009081 2.249605
0.777650 0.020347 0.018134 0.009315 0.000533 0.164931 0.009090 2.251584
0.777720 0.020366 0.018156 0.009294 0.000537 0.164831 0.009096 2.253575
0.777833 0.020377 0.018173 0.009300 0.000540 0.164671 0.009105 2.255557
0.777924 0.020357 0.018215 0.009273 0.000542 0.164577 0.009112 2.257545
0.778038 0.020375 0.018208 0.009295 0.000544 0.164425 0.009116 2.259512
0.778102 0.020418 0.018248 0.009303 0.000546 0.164260 0.009123 2.261485
0.778074 0.020421 0.018283 0.009313 0.000548 0.164233 0.009128 2.263534
0.778130 0.020477 0.018291 0.009339 0.000551 0.164078 0.009133 2.265494
0.778192 0.020461 0.018311 0.009365 0.000549 0.163980 0.009142 2.267518
0.778258 0.020469 0.018292 0.009363 0.000549 0.163921 0.009148 2.269482
0.778294 0.020451 0.018324 0.009377 0.000545 0.163857 0.009153 2.271493
0.778295 0.020481 0.018245 0.009415 0.000556 0.163848 0.009161 2.273496
0.778336 0.020459 0.018238 0.009439 0.000563 0.163799 0.009165 2.275536
0.778395 0.020436 0.018295 0.009453 0.000555 0.163696 0.009171 2.277575
0.778447 0.020451 0.018304 0.009450 0.000546 0.163625 0.009178 2.279576
0.778432 0.020535 0.018287 0.009431 0.000546 0.163584 0.009184 2.281542
0.778476 0.020605 0.018318 0.009418 0.000552 0.163440 0.009191 2.283488
0.778524 0.020587 0.018344 0.009442 0.000551 0.163355 0.009196 2.285514
0.778500 0.020611 0.018387 0.009473 0.000551 0.163276 0.009202 2.287554
0.778508 0.020626 0.018392 0.009496 0.000549 0.163219 0.009210 2.289595
0.778521 0.020611 0.018440 0.009529 0.000551 0.163132 0.009217 2.291670
0.778559 0.020620 0.018419 0.009525 0.000551 0.163102 0.009224 2.293655
0.778539 0.020663 0.018399 0.009508 0.000553 0.163105 0.009233 2.295620
0.778636 0.020592 0.018439 0.009487 0.000560 0.163044 0.009241 2.297648
0.778611 0.020608 0.018433 0.009497 0.000562 0.163044 0.009245 2.299602
0.778664 0.020615 0.018474 0.009464 0.000559 0.162972 0.009251 2.301619
0.778754 0.020618 0.018468 0.009450 0.000561 0.162891 0.009257 2.303581
0.778837 0.020523 0.018527 0.009454 0.000572 0.162821 0.009265 2.305658
0.778920 0.020465 0.018561 0.009461 0.000569 0.162752 0.009274 2.307716
0.778917 0.020466 0.018603 0.009473 0.000569 0.162691 0.009282 2.309745
0.778920 0.020460 0.018570 0.009471 0.000568 0.162723 0.009288 2.311779
0.779031 0.020443 0.018583 0.009437 0.000569 0.162641 0.009296 2.313758
0.779104 0.020365 0.018645 0.009455 0.000570 0.162559 0.009303 2.315805
0.779122 0.020358 0.018644 0.009491 0.000569 0.162506 0.009309 2.317814
0.779103 0.020455 0.018653 0.009502 0.000567 0.162405 0.009314 2.319769
0.779110 0.020410 0.018670 0.009530 0.000568 0.162389 0.009323 2.321832
0.779169 0.020425 0.018640 0.009547 0.000560 0.162329 0.009330 2.323811
0.779118 0.020468 0.018637 0.009528 0.000561 0.162351 0.009337 2.325784
0.779134 0.020519 0.018598 0.009504 0.000559 0.162339 0.009346 2.327757
0.779216 0.020479 0.018655 0.009510 0.000562 0.162226 0.009353 2.329779
0.779304 0.020478 0.018622 0.009474 0.000567 0.162193 0.009361 2.331732
0.779293 0.020497 0.018681 0.009483 0.000566 0.162113 0.009369 2.333764
0.779271 0.020530 0.018640 0.009455 0.000569 0.162161 0.009374 2.335737
0.779245 0.020582 0.018636 0.009501 0.000566 0.162087 0.009384 2.337737
0.779258 0.020533 0.018704 0.009499 0.000569 0.162046 0.009392 2.339780
0.779211 0.020567 0.018741 0.009541 0.000569 0.161970 0.009401 2.341811
0.779162 0.020635 0.018734 0.009543 0.000571 0.161948 0.009406 2.343815
0.779160 0.020699 0.018682 0.009585 0.000563 0.161897 0.009414 2.345784
0.779164 0.020657 0.018671 0.009605 0.000562 0.161923 0.009419 2.347803
0.779187 0.020645 0.018708 0.009583 0.000556 0.161895 0.009427 2.349834
0.779139 0.020644 0.018686 0.009576 0.000564 0.161960 0.009430 2.351897
0.779163 0.020612 0.018716 0.009592 0.000564 0.161917 0.009437 2.353927
0.779279 0.020568 0.018671 0.009557 0.000569 0.161917 0.009439 2.355935
0.779284 0.020610 0.018635 0.009564 0.000570 0.161890 0.009446 2.357917
0.779293 0.020555 0.018671 0.009575 0.000572 0.161881 0.009453 2.359954
0.779254 0.020591 0.018704 0.009566 0.000573 0.161855 0.009458 2.361950
0.779201 0.020641 0.018701 0.009531 0.000566 0.161892 0.009469 2.363940
0.779197 0.020712 0.018686 0.009521 0.000566 0.161843 0.009475 2.365946
0.779272 0.020715 0.018696 0.009508 0.000563 0.161765 0.009480 2.367929
0.779279 0.020704 0.018709 0.009548 0.000560 0.161713 0.009488 2.369976
0.779336 0.020722 0.018748 0.009525 0.000562 0.161615 0.009493 2.371980
0.779368 0.020731 0.018796 0.009511 0.000552 0.161541 0.009501 2.374029
0.779385 0.020669 0.018827 0.009540 0.000552 0.161521 0.009507 2.376136
0.779323 0.020667 0.018821 0.009512 0.000561 0.161604 0.009513 2.378158
0.779281 0.020623 0.018848 0.009572 0.000558 0.161597 0.009520 2.380248
0.779304 0.020640 0.018858 0.009570 0.000554 0.161541 0.009532 2.382280
0.779283 0.020637 0.018933 0.009524 0.000558 0.161529 0.009538 2.384299
0.779173 0.020613 0.018957 0.009554 0.000561 0.161600 0.009543 2.386378
0.779183 0.020643 0.018916 0.009546 0.000554 0.161607 0.009551 2.388366
0.779097 0.020807 0.018904 0.009495 0.000566 0.161577 0.009556 2.390334
0.778996 0.020862 0.018925 0.009488 0.000559 0.161608 0.009564 2.392359
0.778974 0.020821 0.018939 0.009478 0.000561 0.161659 0.009569 2.394411
0.778994 0.020802 0.018947 0.009513 0.000564 0.161604 0.009578 2.396452
0.778867 0.020854 0.018949 0.009515 0.000568 0.161665 0.009583 2.398472
0.778827 0.020854 0.018972 0.009526 0.000567 0.161662 0.009594 2.400532
0.778787 0.020812 0.019011 0.009571 0.000567 0.161652 0.009600 2.402617
0.778779 0.020783 0.019024 0.009580 0.000571 0.161656 0.009607 2.404673
0.778779 0.020793 0.018991 0.009548 0.000572 0.161700 0.009617 2.406706
0.778709 0.020770 0.018974 0.009567 0.000584 0.161772 0.009624 2.408780
0.778664 0.020794 0.018913 0.009558 0.000589 0.161853 0.009630 2.410773
0.778633 0.020746 0.018921 0.009537 0.000596 0.161932 0.009636 2.412821
0.778571 0.020804 0.018910 0.009542 0.000590 0.161939 0.009645 2.414842
0.778557 0.020867 0.018908 0.009533 0.000587 0.161899 0.009651 2.416849
0.778590 0.020893 0.018827 0.009521 0.000577 0.161933 0.009660 2.418825
0.778574 0.020808 0.018908 0.009522 0.000570 0.161950 0.009666 2.420912
0.778570 0.020806 0.018960 0.009495 0.000573 0.161926 0.009672 2.422959
0.778556 0.020838 0.019000 0.009477 0.000573 0.161878 0.009678 2.424963
0.778473 0.020884 0.018993 0.009478 0.000568 0.161920 0.009686 2.427014
0.778491 0.020895 0.018927 0.009481 0.000574 0.161941 0.009691 2.429030
0.778464 0.020922 0.018923 0.009492 0.000578 0.161926 0.009697 2.431082
0.778514 0.020970 0.018913 0.009471 0.000582 0.161845 0.009705 2.433051
0.778457 0.021059 0.018932 0.009453 0.000581 0.161810 0.009709 2.435032
0.778475 0.020984 0.018998 0.009477 0.000575 0.161774 0.009717 2.437112
0.778606 0.020887 0.019038 0.009512 0.000567 0.161666 0.009726 2.439175
0.778581 0.020907 0.019046 0.009500 0.000563 0.161672 0.009734 2.441175
0.778612 0.020861 0.018997 0.009466 0.000561 0.161765 0.009739 2.443192
0.778638 0.020852 0.018998 0.009485 0.000557 0.161723 0.009748 2.445184
0.778534 0.020908 0.019009 0.009532 0.000563 0.161698 0.009755 2.447225
0.778465 0.020855 0.019057 0.009582 0.000566 0.161714 0.009761 2.449346
0.778432 0.020903 0.019044 0.009621 0.000571 0.161664 0.009765 2.451379
0.778373 0.020878 0.019036 0.009644 0.000567 0.161730 0.009772 2.453451
0.778323 0.020837 0.019074 0.009655 0.000562 0.161770 0.009778 2.455519
0.778341 0.020815 0.019077 0.009678 0.000562 0.161744 0.009784 2.457546
0.778293 0.020792 0.019069 0.009652 0.000564 0.161837 0.009794 2.459575
0.778292 0.020706 0.019100 0.009682 0.000569 0.161852 0.009800 2.461652
0.778294 0.020671 0.019087 0.009702 0.000574 0.161865 0.009808 2.463676
0.778294 0.020676 0.019075 0.009688 0.000571 0.161880 0.009817 2.465691
0.778325 0.020647 0.019078 0.009632 0.000575 0.161918 0.009824 2.467721
0.778296 0.020638 0.019082 0.009622 0.000578 0.161952 0.009832 2.469774
0.778241 0.020606 0.019015 0.009613 0.000580 0.162105 0.009841 2.471797
0.778210 0.020626 0.018980 0.009584 0.000581 0.162171 0.009848 2.473844
0.778275 0.020613 0.018949 0.009556 0.000584 0.162169 0.009856 2.475878
0.778319 0.020538 0.018977 0.009560 0.000575 0.162170 0.009862 2.477945
0.778301 0.020556 0.018955 0.009548 0.000578 0.162194 0.009868 2.479940
0.778302 0.020573 0.018947 0.009519 0.000572 0.162210 0.009877 2.481933
0.778254 0.020564 0.018937 0.009526 0.000572 0.162263 0.009884 2.483976
0.778261 0.020547 0.018963 0.009482 0.000567 0.162289 0.009892 2.485990
0.778211 0.020569 0.018968 0.009518 0.000564 0.162272 0.009899 2.488010
0.778238 0.020482 0.018956 0.009525 0.000562 0.162332 0.009907 2.490064
0.778328 0.020467 0.018961 0.009496 0.000556 0.162277 0.009917 2.492055
0.778358 0.020467 0.018985 0.009460 0.000558 0.162247 0.009925 2.494039
0.778376 0.020509 0.018932 0.009462 0.000559 0.162229 0.009934 2.496011
0.778381 0.020576 0.018890 0.009493 0.000560 0.162160 0.009941 2.497985
0.778365 0.020579 0.018891 0.009488 0.000563 0.162166 0.009948 2.499981
0.778373 0.020506 0.018899 0.009516 0.000556 0.162196 0.009955 2.502033
0.778402 0.020512 0.018841 0.009472 0.000558 0.162252 0.009963 2.504031
0.778479 0.020493 0.018859 0.009495 0.000559 0.162146 0.009969 2.506040
0.778508 0.020493 0.018831 0.009475 0.000567 0.162153 0.009974 2.508047
0.778577 0.020553 0.018782 0.009459 0.000563 0.162082 0.009983 2.510028
0.778573 0.020482 0.018772 0.009495 0.000564 0.162125 0.009991 2.512097
0.778598 0.020473 0.018770 0.009478 0.000560 0.162126 0.009997 2.514095
0.778668 0.020458 0.018768 0.009461 0.000557 0.162083 0.010005 2.516079
0.778745 0.020465 0.018771 0.009458 0.000551 0.161996 0.010015 2.518094
0.778865 0.020347 0.018852 0.009421 0.000555 0.161940 0.010020 2.520151
0.778869 0.020454 0.018754 0.009425 0.000556 0.161917 0.010026 2.522091
0.778864 0.020418 0.018721 0.009441 0.000557 0.161967 0.010033 2.524103
0.778950 0.020422 0.018690 0.009394 0.000568 0.161938 0.010039 2.526041
0.778915 0.020469 0.018707 0.009405 0.000566 0.161893 0.010046 2.528024
0.778913 0.020518 0.018696 0.009443 0.000559 0.161815 0.010057 2.530019
0.778976 0.020468 0.018750 0.009458 0.000563 0.161721 0.010065 2.532094
0.778981 0.020491 0.018698 0.009421 0.000560 0.161777 0.010073 2.534058
0.779048 0.020416 0.018714 0.009436 0.000561 0.161744 0.010080 2.536089
0.778979 0.020440 0.018747 0.009448 0.000565 0.161733 0.010087 2.538116
0.778966 0.020491 0.018771 0.009388 0.000563 0.161728 0.010093 2.540108
0.779061 0.020420 0.018774 0.009407 0.000561 0.161679 0.010099 2.542145
0.779121 0.020425 0.018727 0.009412 0.000556 0.161655 0.010104 2.544139
0.779195 0.020341 0.018740 0.009427 0.000550 0.161630 0.010116 2.546168
0.779171 0.020435 0.018756 0.009429 0.000550 0.161534 0.010125 2.548146
0.779227 0.020428 0.018718 0.009406 0.000551 0.161537 0.010134 2.550129
0.779200 0.020392 0.018787 0.009438 0.000548 0.161495 0.010140 2.552169
0.779150 0.020461 0.018779 0.009439 0.000551 0.161475 0.010145 2.554140
0.779161 0.020427 0.018765 0.009418 0.000559 0.161520 0.010152 2.556160
0.779168 0.020479 0.018740 0.009361 0.000558 0.161533 0.010161 2.558090
0.779240 0.020484 0.018702 0.009388 0.000556 0.161463 0.010168 2.560057
0.779232 0.020445 0.018698 0.009403 0.000555 0.161493 0.010174 2.562093
0.779238 0.020461 0.018716 0.009384 0.000557 0.161465 0.010180 2.564095
0.779316 0.020361 0.018750 0.009372 0.000558 0.161457 0.010185 2.566122
0.779289 0.020365 0.018692 0.009385 0.000567 0.161513 0.010189 2.568111
0.779287 0.020375 0.018689 0.009375 0.000574 0.161507 0.010194 2.570099
0.779394 0.020332 0.018659 0.009352 0.000575 0.161487 0.010200 2.572090
0.779361 0.020334 0.018664 0.009318 0.000574 0.161546 0.010204 2.574094
0.779332 0.020368 0.018635 0.009303 0.000576 0.161572 0.010213 2.576083
0.779321 0.020325 0.018632 0.009348 0.000578 0.161576 0.010222 2.578102
0.779354 0.020365 0.018616 0.009329 0.000581 0.161525 0.010231 2.580056
0.779328 0.020359 0.018569 0.009385 0.000584 0.161535 0.010241 2.582090
0.779312 0.020443 0.018567 0.009377 0.000581 0.161471 0.010249 2.584064
0.779310 0.020461 0.018574 0.009354 0.000576 0.161464 0.010260 2.586068
0.779327 0.020451 0.018600 0.009344 0.000576 0.161433 0.010270 2.588083
0.779371 0.020428 0.018617 0.009356 0.000568 0.161377 0.010283 2.590109
0.779324 0.020509 0.018607 0.009363 0.000560 0.161344 0.010294 2.592065
0.779318 0.020530 0.018619 0.009375 0.000560 0.161299 0.010299 2.594073
0.779170 0.020603 0.018616 0.009391 0.000559 0.161356 0.010306 2.596078
0.779118 0.020678 0.018549 0.009389 0.000560 0.161397 0.010310 2.598014
0.779084 0.020655 0.018549 0.009425 0.000556 0.161416 0.010313 2.600035
0.779128 0.020574 0.018594 0.009420 0.000557 0.161407 0.010319 2.602079
0.779133 0.020474 0.018658 0.009492 0.000558 0.161359 0.010326 2.604182
0.779139 0.020505 0.018633 0.009468 0.000561 0.161361 0.010333 2.606126
0.779259 0.020400 0.018636 0.009489 0.000560 0.161314 0.010341 2.608147
0.779285 0.020373 0.018573 0.009502 0.000557 0.161363 0.010347 2.610147
0.779343 0.020347 0.018597 0.009496 0.000559 0.161307 0.010351 2.612158
0.779447 0.020263 0.018579 0.009492 0.000560 0.161303 0.010356 2.614183
0.779502 0.020229 0.018532 0.009495 0.000556 0.161322 0.010364 2.616169
0.779527 0.020214 0.018529 0.009438 0.000554 0.161366 0.010372 2.618149
0.779608 0.020154 0.018543 0.009438 0.000560 0.161322 0.010377 2.620160
0.779659 0.020199 0.018498 0.009441 0.000561 0.161263 0.010380 2.622094
0.779670 0.020229 0.018483 0.009432 0.000561 0.161237 0.010387 2.624081
0.779671 0.020272 0.018482 0.009472 0.000562 0.161149 0.010391 2.626082
0.779711 0.020240 0.018525 0.009494 0.000566 0.161068 0.010398 2.628085
0.779708 0.020190 0.018600 0.009497 0.000557 0.161042 0.010407 2.630126
0.779701 0.020219 0.018574 0.009468 0.000557 0.161070 0.010412 2.632081
0.779666 0.020236 0.018573 0.009431 0.000556 0.161121 0.010417 2.634070
0.779702 0.020283 0.018517 0.009383 0.000554 0.161139 0.010423 2.635989
0.779633 0.020330 0.018571 0.009356 0.000551 0.161128 0.010431 2.637981
0.779665 0.020383 0.018568 0.009315 0.000544 0.161085 0.010440 2.639917
0.779638 0.020426 0.018565 0.009293 0.000542 0.161090 0.010447 2.641897
0.779680 0.020417 0.018557 0.009321 0.000545 0.161029 0.010453 2.643885
0.779767 0.020334 0.018498 0.009376 0.000552 0.161016 0.010458 2.645910
0.779749 0.020423 0.018476 0.009375 0.000548 0.160965 0.010465 2.647860
0.779842 0.020356 0.018479 0.009369 0.000545 0.160938 0.010472 2.649890
0.779914 0.020384 0.018486 0.009341 0.000549 0.160846 0.010479 2.651845
0.779913 0.020339 0.018545 0.009390 0.000539 0.160789 0.010485 2.653872
0.779886 0.020378 0.018525 0.009389 0.000537 0.160795 0.010491 2.655869
0.779898 0.020364 0.018557 0.009412 0.000529 0.160742 0.010499 2.657885
0.779845 0.020436 0.018547 0.009386 0.000530 0.160752 0.010504 2.659868
0.779870 0.020387 0.018570 0.009349 0.000530 0.160783 0.010512 2.661900
0.779846 0.020399 0.018587 0.009344 0.000529 0.160776 0.010519 2.663894
0.779868 0.020442 0.018541 0.009344 0.000532 0.160749 0.010526 2.665843
0.779878 0.020399 0.018588 0.009333 0.000530 0.160740 0.010532 2.667880
0.779880 0.020420 0.018553 0.009333 0.000538 0.160742 0.010535 2.669865
0.779940 0.020361 0.018599 0.009321 0.000540 0.160694 0.010545 2.671875
0.779967 0.020359 0.018638 0.009298 0.000533 0.160653 0.010550 2.673851
0.779905 0.020391 0.018616 0.009336 0.000540 0.160655 0.010556 2.675843
0.779869 0.020481 0.018571 0.009340 0.000552 0.160625 0.010562 2.677788
0.779818 0.020510 0.018600 0.009308 0.000554 0.160643 0.010568 2.679783
0.779719 0.020550 0.018625 0.009317 0.000554 0.160659 0.010575 2.681772
0.779676 0.020534 0.018623 0.009324 0.000551 0.160708 0.010585 2.683803
0.779559 0.020579 0.018610 0.009371 0.000551 0.160742 0.010588 2.685798
0.779422 0.020623 0.018644 0.009355 0.000551 0.160810 0.010596 2.687811
0.779438 0.020578 0.018719 0.009353 0.000553 0.160758 0.010602 2.689857
0.779426 0.020593 0.018711 0.009352 0.000547 0.160759 0.010613 2.691866
0.779437 0.020603 0.018693 0.009366 0.000544 0.160737 0.010622 2.693879
0.779371 0.020653 0.018654 0.009354 0.000560 0.160782 0.010627 2.695878
0.779378 0.020642 0.018661 0.009329 0.000560 0.160799 0.010633 2.697899
0.779388 0.020604 0.018674 0.009311 0.000565 0.160823 0.010636 2.699934
0.779403 0.020576 0.018711 0.009297 0.000568 0.160804 0.010642 2.701952
0.779355 0.020626 0.018717 0.009308 0.000579 0.160767 0.010649 2.703956
0.779384 0.020608 0.018700 0.009334 0.000583 0.160736 0.010656 2.705983
0.779414 0.020533 0.018753 0.009345 0.000584 0.160707 0.010664 2.708031
0.779353 0.020623 0.018653 0.009362 0.000585 0.160755 0.010671 2.709992
0.779428 0.020544 0.018714 0.009371 0.000578 0.160692 0.010675 2.712027
