0.999778 0.000186 0.000025 0.000011 0.000000 0.000001 0.000000
0.999693 0.000241 0.000025 0.000005 0.000000 0.000036 0.000000
0.999333 0.000564 0.000057 0.000023 0.000000 0.000022 0.000000
0.998828 0.001006 0.000086 0.000050 0.000000 0.000030 0.000000
0.998326 0.001413 0.000143 0.000079 0.000000 0.000038 0.000000
0.997193 0.002375 0.000249 0.000139 0.000000 0.000043 0.000000
0.995714 0.003562 0.000398 0.000244 0.000000 0.000082 0.000000
0.993832 0.005129 0.000589 0.000338 0.000000 0.000112 0.000000
0.990877 0.007434 0.001002 0.000514 0.000000 0.000174 0.000000
0.987609 0.009901 0.001465 0.000746 0.000000 0.000280 0.000000
0.982758 0.013697 0.002093 0.001019 0.000001 0.000432 0.000000
0.975664 0.019170 0.002963 0.001525 0.000001 0.000678 0.000000
0.967827 0.025085 0.003939 0.002110 0.000001 0.001038 0.000000
0.956628 0.033519 0.005544 0.002800 0.000002 0.001507 0.000000
0.943895 0.043010 0.007239 0.003698 0.000005 0.002152 0.000000
0.927770 0.055015 0.009406 0.004841 0.000008 0.002961 0.000000
0.910763 0.067167 0.012036 0.006164 0.000013 0.003857 0.000000
0.891856 0.080260 0.015068 0.007809 0.000017 0.004992 0.000000
0.871231 0.093960 0.018663 0.009691 0.000027 0.006428 0.000000
0.851019 0.106895 0.022407 0.011610 0.000039 0.008030 0.000000
0.828362 0.120885 0.026789 0.013867 0.000043 0.010054 0.000000
0.806158 0.133744 0.031497 0.016277 0.000049 0.012274 0.000000
0.783156 0.146373 0.036540 0.018925 0.000056 0.014951 0.000000
0.760656 0.157977 0.041689 0.021569 0.000076 0.018033 0.000000
0.736883 0.169526 0.047366 0.024542 0.000088 0.021596 0.000000
0.715296 0.178783 0.052916 0.027276 0.000096 0.025634 0.000000
0.692466 0.187674 0.058970 0.030473 0.000108 0.030310 0.000000
0.671776 0.194598 0.064921 0.033456 0.000127 0.035123 0.000000
0.651847 0.200140 0.070685 0.036632 0.000145 0.040551 0.000000
0.632994 0.204353 0.076240 0.039910 0.000170 0.046332 0.000000
0.614863 0.207047 0.082042 0.043004 0.000196 0.052847 0.000000
0.597950 0.209206 0.087306 0.045617 0.000217 0.059703 0.000001
0.580018 0.211021 0.092849 0.048520 0.000242 0.067348 0.000002
0.563819 0.211229 0.098010 0.051171 0.000273 0.075496 0.000003
0.547576 0.211094 0.103008 0.053770 0.000301 0.084248 0.000003
0.535169 0.208824 0.107275 0.055992 0.000326 0.092409 0.000005
0.522080 0.205613 0.111685 0.058347 0.000362 0.101908 0.000005
0.511780 0.201628 0.114881 0.060133 0.000392 0.111179 0.000007
0.503179 0.197266 0.117391 0.061536 0.000434 0.120185 0.000009
0.494407 0.192482 0.120061 0.062890 0.000463 0.129686 0.000010
0.487779 0.187482 0.121891 0.063740 0.000490 0.138605 0.000012
0.483222 0.182115 0.122931 0.064166 0.000517 0.147037 0.000013
0.477073 0.177496 0.123972 0.064837 0.000550 0.156058 0.000014
0.471069 0.173313 0.124783 0.065286 0.000585 0.164948 0.000015
0.466079 0.168674 0.125177 0.065454 0.000597 0.174000 0.000018
0.460979 0.165195 0.125556 0.065679 0.000624 0.181947 0.000019
0.456277 0.161096 0.125290 0.065841 0.000641 0.190833 0.000021
0.450321 0.157511 0.125609 0.065934 0.000670 0.199932 0.000024
0.444650 0.153851 0.125352 0.066038 0.000706 0.209378 0.000025
0.438911 0.150174 0.125263 0.066064 0.000737 0.218825 0.000026
0.433960 0.147111 0.124998 0.066046 0.000758 0.227100 0.000028
0.429562 0.143703 0.124474 0.065828 0.000772 0.235632 0.000028
0.425070 0.140109 0.123842 0.065525 0.000791 0.244631 0.000032
0.418971 0.136492 0.123439 0.065447 0.000809 0.254808 0.000034
0.416663 0.133386 0.122407 0.065046 0.000826 0.261635 0.000038
0.412771 0.129868 0.121682 0.064689 0.000840 0.270108 0.000041
0.408296 0.126071 0.120848 0.064191 0.000860 0.279689 0.000044
0.403686 0.122423 0.119914 0.063883 0.000878 0.289168 0.000047
0.400207 0.118401 0.118841 0.063242 0.000888 0.298369 0.000053
0.397192 0.114956 0.117834 0.062544 0.000898 0.306521 0.000055
0.394436 0.110905 0.116584 0.061857 0.000915 0.315245 0.000057
0.393333 0.107776 0.115031 0.061016 0.000929 0.321856 0.000059
0.391348 0.103602 0.113045 0.059969 0.000951 0.331023 0.000062
0.389713 0.100334 0.111508 0.059123 0.000965 0.338294 0.000062
0.388581 0.096949 0.109736 0.058103 0.000971 0.345594 0.000065
0.388400 0.093586 0.107764 0.057079 0.000975 0.352130 0.000067
0.387187 0.089885 0.105989 0.056145 0.000997 0.359728 0.000070
0.386425 0.086999 0.103995 0.055172 0.001005 0.366333 0.000071
0.385444 0.084196 0.102088 0.054155 0.001017 0.373027 0.000074
0.385553 0.081607 0.099802 0.052957 0.001031 0.378972 0.000079
0.385056 0.078238 0.097670 0.051822 0.001045 0.386086 0.000082
0.385100 0.076025 0.095965 0.050929 0.001042 0.390851 0.000088
0.385188 0.073215 0.093694 0.049851 0.001040 0.396919 0.000092
0.385431 0.070767 0.091509 0.048722 0.001041 0.402435 0.000095
0.385848 0.067926 0.089053 0.047434 0.001047 0.408594 0.000098
0.386739 0.066051 0.087305 0.046374 0.001043 0.412380 0.000107
0.387666 0.063724 0.085141 0.045307 0.001045 0.417004 0.000112
0.389209 0.061775 0.082888 0.044199 0.001046 0.420768 0.000115
0.390354 0.059756 0.080651 0.043043 0.001041 0.425038 0.000118
0.391570 0.057788 0.078526 0.042041 0.001056 0.428896 0.000122
0.393207 0.055748 0.076227 0.040785 0.001041 0.432864 0.000127
0.395080 0.053930 0.074310 0.039750 0.001032 0.435766 0.000132
0.396903 0.052315 0.072232 0.038699 0.001033 0.438680 0.000136
0.398854 0.050964 0.070371 0.037735 0.001033 0.440906 0.000137
0.400904 0.049852 0.068569 0.036875 0.001026 0.442634 0.000140
0.402934 0.048669 0.066826 0.035855 0.001014 0.444560 0.000142
0.405085 0.047465 0.065047 0.034828 0.000999 0.446430 0.000146
0.407378 0.046079 0.063003 0.033709 0.000978 0.448702 0.000150
0.409457 0.045315 0.061734 0.032968 0.000972 0.449402 0.000152
0.411302 0.044448 0.060440 0.032278 0.000963 0.450413 0.000155
0.413685 0.043490 0.058563 0.031269 0.000954 0.451880 0.000158
0.416309 0.042646 0.056910 0.030434 0.000939 0.452602 0.000161
0.418662 0.041740 0.055410 0.029586 0.000922 0.453513 0.000167
0.421188 0.040947 0.054235 0.028918 0.000905 0.453639 0.000168
0.423449 0.040305 0.052975 0.028233 0.000902 0.453962 0.000174
0.425738 0.039959 0.051795 0.027639 0.000891 0.453800 0.000179
0.428099 0.039450 0.050451 0.026946 0.000870 0.454000 0.000184
0.430517 0.039048 0.049299 0.026287 0.000868 0.453794 0.000187
0.432670 0.038553 0.048236 0.025767 0.000855 0.453728 0.000191
0.435538 0.037972 0.046969 0.025024 0.000844 0.453458 0.000195
0.437689 0.037772 0.046136 0.024590 0.000835 0.452779 0.000199
0.439707 0.037562 0.045316 0.024239 0.000823 0.452152 0.000201
0.442013 0.037365 0.044266 0.023723 0.000805 0.451621 0.000207
0.444278 0.037005 0.043630 0.023257 0.000802 0.450818 0.000209
0.446790 0.036699 0.042829 0.022803 0.000784 0.449883 0.000213
0.449093 0.036668 0.042075 0.022406 0.000783 0.448758 0.000216
0.451157 0.036501 0.041497 0.022049 0.000780 0.447798 0.000218
0.452931 0.036624 0.041012 0.021717 0.000766 0.446728 0.000222
0.455479 0.036663 0.040283 0.021294 0.000752 0.445302 0.000227
0.457449 0.036723 0.039746 0.020996 0.000743 0.444114 0.000228
0.459539 0.036723 0.039321 0.020832 0.000726 0.442627 0.000233
0.461957 0.036729 0.038716 0.020560 0.000712 0.441093 0.000233
0.463644 0.036857 0.038373 0.020379 0.000690 0.439820 0.000236
0.465532 0.036947 0.037934 0.020158 0.000669 0.438518 0.000242
0.467314 0.037071 0.037549 0.019959 0.000658 0.437206 0.000243
0.469235 0.037134 0.037225 0.019732 0.000645 0.435781 0.000248
0.470897 0.037359 0.036946 0.019594 0.000652 0.434303 0.000250
0.472776 0.037507 0.036603 0.019465 0.000640 0.432757 0.000253
0.474325 0.037623 0.036354 0.019270 0.000625 0.431543 0.000259
0.475831 0.037773 0.036222 0.019101 0.000625 0.430192 0.000256
0.477675 0.038062 0.036051 0.018956 0.000619 0.428378 0.000260
0.479056 0.038202 0.035953 0.018849 0.000618 0.427059 0.000263
0.480761 0.038319 0.035780 0.018825 0.000608 0.425444 0.000263
0.482507 0.037936 0.035772 0.018797 0.000597 0.424122 0.000269
0.485282 0.037054 0.035668 0.018629 0.000581 0.422518 0.000268
0.488141 0.035833 0.035650 0.018467 0.000576 0.421059 0.000274
0.491634 0.034361 0.035465 0.018176 0.000570 0.419521 0.000273
0.495230 0.032875 0.035274 0.017863 0.000566 0.417918 0.000274
0.499015 0.031246 0.035019 0.017453 0.000580 0.416413 0.000275
0.502561 0.029586 0.034774 0.017081 0.000578 0.415143 0.000276
0.506633 0.028047 0.034396 0.016743 0.000567 0.413333 0.000280
0.510993 0.026539 0.033843 0.016277 0.000562 0.411502 0.000283
0.514888 0.024915 0.033317 0.015853 0.000549 0.410195 0.000283
0.519128 0.023452 0.032673 0.015438 0.000538 0.408486 0.000284
0.523458 0.022041 0.031875 0.014971 0.000528 0.406843 0.000283
0.528086 0.020759 0.031247 0.014448 0.000509 0.404663 0.000287
0.532469 0.019427 0.030579 0.013916 0.000502 0.402822 0.000285
0.537196 0.018155 0.029779 0.013475 0.000493 0.400615 0.000288
0.541601 0.016974 0.028935 0.012999 0.000483 0.398716 0.000293
0.545886 0.015925 0.028038 0.012509 0.000464 0.396885 0.000294
0.550490 0.014948 0.027157 0.012023 0.000455 0.394634 0.000293
0.555310 0.013966 0.026327 0.011590 0.000451 0.392062 0.000293
0.559740 0.013093 0.025410 0.011119 0.000440 0.389902 0.000295
0.564403 0.012318 0.024474 0.010663 0.000429 0.387417 0.000296
0.568462 0.011499 0.023598 0.010222 0.000422 0.385501 0.000296
0.572996 0.010749 0.022690 0.009761 0.000411 0.383093 0.000301
0.577682 0.009998 0.021861 0.009341 0.000400 0.380419 0.000299
0.582259 0.009310 0.020985 0.008909 0.000399 0.377839 0.000300
0.586859 0.008742 0.020164 0.008551 0.000387 0.374992 0.000306
0.591181 0.008202 0.019311 0.008142 0.000383 0.372473 0.000308
0.595760 0.007672 0.018565 0.007759 0.000370 0.369571 0.000304
0.600234 0.007218 0.017865 0.007417 0.000368 0.366592 0.000306
0.604753 0.006763 0.017186 0.007036 0.000363 0.363591 0.000307
0.608691 0.006341 0.016468 0.006730 0.000358 0.361101 0.000311
0.613597 0.005931 0.015766 0.006412 0.000346 0.357640 0.000308
0.617723 0.005538 0.015109 0.006104 0.000341 0.354875 0.000310
0.622421 0.005190 0.014463 0.005790 0.000336 0.351488 0.000313
0.626866 0.004857 0.013883 0.005502 0.000326 0.348252 0.000312
0.630914 0.004564 0.013235 0.005193 0.000317 0.345465 0.000311
0.635292 0.004281 0.012577 0.004967 0.000310 0.342257 0.000315
0.639165 0.004025 0.011987 0.004754 0.000308 0.339449 0.000312
0.643106 0.003744 0.011432 0.004519 0.000299 0.336583 0.000317
0.647223 0.003518 0.010879 0.004287 0.000294 0.333482 0.000318
0.651211 0.003310 0.010363 0.004107 0.000285 0.330406 0.000318
0.655329 0.003145 0.009874 0.003893 0.000280 0.327165 0.000315
0.659404 0.002949 0.009411 0.003689 0.000269 0.323961 0.000317
0.663523 0.002792 0.008969 0.003527 0.000264 0.320608 0.000318
0.667502 0.002639 0.008546 0.003336 0.000254 0.317403 0.000319
0.671182 0.002517 0.008154 0.003177 0.000250 0.314400 0.000320
0.675272 0.002399 0.007758 0.003016 0.000242 0.310993 0.000320
0.678935 0.002276 0.007363 0.002871 0.000237 0.307996 0.000323
0.683062 0.002129 0.007009 0.002719 0.000233 0.304530 0.000318
0.686598 0.002049 0.006674 0.002568 0.000228 0.301557 0.000326
0.690567 0.001939 0.006348 0.002447 0.000230 0.298147 0.000322
0.694150 0.001852 0.006039 0.002318 0.000216 0.295099 0.000326
0.697903 0.001743 0.005747 0.002222 0.000208 0.291852 0.000325
0.701173 0.001633 0.005476 0.002125 0.000195 0.289069 0.000329
0.704985 0.001530 0.005276 0.002012 0.000187 0.285680 0.000329
0.708347 0.001476 0.004978 0.001915 0.000183 0.282769 0.000332
0.711954 0.001419 0.004726 0.001807 0.000179 0.279580 0.000333
0.715355 0.001326 0.004512 0.001715 0.000175 0.276589 0.000329
0.718746 0.001271 0.004330 0.001644 0.000166 0.273509 0.000335
0.722012 0.001216 0.004144 0.001548 0.000160 0.270583 0.000337
0.725788 0.001172 0.003900 0.001469 0.000160 0.267174 0.000338
0.728893 0.001118 0.003706 0.001381 0.000150 0.264419 0.000333
0.732267 0.001080 0.003535 0.001292 0.000150 0.261339 0.000337
0.735696 0.001045 0.003362 0.001222 0.000151 0.258186 0.000338
0.738656 0.001017 0.003166 0.001173 0.000143 0.255508 0.000337
0.741815 0.000985 0.003018 0.001117 0.000136 0.252592 0.000338
0.745102 0.000958 0.002859 0.001053 0.000133 0.249559 0.000336
0.748208 0.000920 0.002694 0.000992 0.000129 0.246716 0.000342
0.750912 0.000896 0.002581 0.000942 0.000124 0.244200 0.000345
0.754010 0.000884 0.002420 0.000907 0.000116 0.241320 0.000342
0.757328 0.000845 0.002320 0.000856 0.000113 0.238197 0.000342
0.760080 0.000814 0.002218 0.000835 0.000112 0.235597 0.000344
0.763082 0.000795 0.002116 0.000793 0.000106 0.232763 0.000345
0.765886 0.000777 0.002022 0.000766 0.000104 0.230105 0.000340
0.768562 0.000760 0.001945 0.000725 0.000098 0.227569 0.000342
0.771667 0.000720 0.001881 0.000698 0.000097 0.224595 0.000342
0.774250 0.000672 0.001796 0.000674 0.000095 0.222176 0.000337
0.777228 0.000638 0.001726 0.000652 0.000095 0.219319 0.000342
0.779841 0.000621 0.001648 0.000622 0.000086 0.216840 0.000341
0.782659 0.000599 0.001549 0.000597 0.000086 0.214165 0.000345
0.785515 0.000579 0.001505 0.000573 0.000084 0.211398 0.000346
0.787956 0.000536 0.001446 0.000544 0.000082 0.209092 0.000343
0.790676 0.000523 0.001388 0.000518 0.000081 0.206474 0.000341
0.793103 0.000508 0.001320 0.000507 0.000076 0.204142 0.000344
0.795818 0.000485 0.001245 0.000481 0.000075 0.201550 0.000346
0.798303 0.000472 0.001198 0.000451 0.000075 0.199156 0.000344
0.800925 0.000461 0.001132 0.000430 0.000073 0.196637 0.000343
0.803364 0.000451 0.001072 0.000423 0.000071 0.194278 0.000341
0.805805 0.000434 0.001041 0.000410 0.000067 0.191898 0.000345
0.808343 0.000407 0.000980 0.000387 0.000067 0.189475 0.000342
0.810423 0.000394 0.000958 0.000374 0.000066 0.187447 0.000338
0.813062 0.000357 0.000921 0.000353 0.000063 0.184900 0.000345
0.815260 0.000339 0.000889 0.000342 0.000063 0.182762 0.000346
0.817606 0.000335 0.000832 0.000329 0.000061 0.180490 0.000346
0.819710 0.000331 0.000793 0.000316 0.000059 0.178448 0.000342
0.822029 0.000315 0.000764 0.000307 0.000059 0.176184 0.000342
0.824452 0.000286 0.000738 0.000289 0.000060 0.173832 0.000343
0.826440 0.000279 0.000720 0.000274 0.000059 0.171880 0.000347
0.828747 0.000267 0.000670 0.000256 0.000056 0.169658 0.000346
0.830905 0.000261 0.000641 0.000249 0.000052 0.167549 0.000343
0.832961 0.000265 0.000604 0.000235 0.000050 0.165543 0.000342
0.835253 0.000253 0.000584 0.000220 0.000051 0.163295 0.000343
0.837092 0.000257 0.000568 0.000211 0.000053 0.161480 0.000338
0.839071 0.000250 0.000533 0.000203 0.000049 0.159550 0.000344
0.841241 0.000238 0.000522 0.000188 0.000048 0.157415 0.000348
0.843405 0.000245 0.000514 0.000188 0.000047 0.155258 0.000343
0.845287 0.000234 0.000481 0.000184 0.000049 0.153419 0.000346
0.847168 0.000232 0.000462 0.000172 0.000046 0.151572 0.000347
0.849009 0.000223 0.000445 0.000170 0.000043 0.149767 0.000343
0.851084 0.000203 0.000433 0.000166 0.000042 0.147724 0.000348
0.852948 0.000192 0.000411 0.000157 0.000041 0.145908 0.000343
0.854790 0.000188 0.000401 0.000152 0.000039 0.144085 0.000344
0.856464 0.000185 0.000383 0.000148 0.000036 0.142444 0.000338
0.858136 0.000184 0.000376 0.000139 0.000036 0.140782 0.000346
0.860346 0.000173 0.000343 0.000136 0.000038 0.138615 0.000349
0.861967 0.000165 0.000336 0.000133 0.000034 0.137022 0.000343
0.863520 0.000166 0.000324 0.000130 0.000032 0.135486 0.000342
0.865524 0.000162 0.000294 0.000120 0.000032 0.133528 0.000340
0.867319 0.000153 0.000304 0.000109 0.000028 0.131740 0.000348
0.869083 0.000161 0.000304 0.000109 0.000027 0.129975 0.000342
0.870634 0.000163 0.000300 0.000110 0.000028 0.128423 0.000342
0.872263 0.000139 0.000280 0.000109 0.000027 0.126843 0.000340
0.874174 0.000138 0.000262 0.000099 0.000025 0.124959 0.000342
0.875423 0.000138 0.000246 0.000097 0.000024 0.123729 0.000342
0.877115 0.000142 0.000237 0.000099 0.000022 0.122049 0.000336
0.878851 0.000142 0.000225 0.000097 0.000022 0.120319 0.000344
0.880337 0.000124 0.000225 0.000103 0.000020 0.118852 0.000338
0.881632 0.000122 0.000222 0.000096 0.000020 0.117571 0.000337
0.883172 0.000120 0.000226 0.000095 0.000022 0.116029 0.000336
0.884807 0.000103 0.000218 0.000089 0.000021 0.114421 0.000341
0.886416 0.000110 0.000221 0.000083 0.000022 0.112806 0.000342
0.887664 0.000122 0.000206 0.000081 0.000021 0.111571 0.000334
0.888778 0.000113 0.000206 0.000083 0.000021 0.110464 0.000335
0.890554 0.000114 0.000192 0.000085 0.000021 0.108697 0.000337
0.891805 0.000111 0.000190 0.000080 0.000020 0.107455 0.000339
0.893234 0.000113 0.000185 0.000079 0.000019 0.106036 0.000335
0.894866 0.000112 0.000183 0.000080 0.000018 0.104409 0.000331
0.895773 0.000110 0.000187 0.000079 0.000019 0.103499 0.000333
0.897186 0.000113 0.000172 0.000075 0.000018 0.102107 0.000329
0.898760 0.000109 0.000167 0.000072 0.000018 0.100544 0.000331
0.900064 0.000112 0.000157 0.000069 0.000017 0.099248 0.000332
0.901465 0.000108 0.000156 0.000070 0.000017 0.097852 0.000332
0.902567 0.000114 0.000156 0.000069 0.000015 0.096752 0.000327
0.904102 0.000117 0.000159 0.000065 0.000015 0.095212 0.000330
0.905188 0.000103 0.000166 0.000066 0.000015 0.094133 0.000328
0.906868 0.000104 0.000171 0.000072 0.000016 0.092448 0.000321
0.907938 0.000113 0.000167 0.000067 0.000017 0.091387 0.000311
0.909137 0.000098 0.000173 0.000066 0.000016 0.090195 0.000316
0.910914 0.000099 0.000175 0.000064 0.000013 0.088418 0.000318
0.911626 0.000095 0.000171 0.000063 0.000014 0.087718 0.000313
0.913014 0.000103 0.000166 0.000062 0.000016 0.086327 0.000312
0.914025 0.000109 0.000169 0.000065 0.000015 0.085300 0.000317
0.915433 0.000104 0.000154 0.000068 0.000015 0.083916 0.000310
0.916333 0.000110 0.000157 0.000063 0.000016 0.083014 0.000307
0.917711 0.000095 0.000147 0.000059 0.000015 0.081660 0.000314
0.918170 0.000103 0.000152 0.000068 0.000011 0.081191 0.000305
0.919686 0.000106 0.000152 0.000062 0.000009 0.079683 0.000303
0.920563 0.000114 0.000145 0.000067 0.000007 0.078796 0.000308
0.922172 0.000103 0.000137 0.000068 0.000009 0.077194 0.000318
0.922774 0.000102 0.000137 0.000069 0.000007 0.076610 0.000301
0.923825 0.000112 0.000145 0.000069 0.000007 0.075530 0.000312
0.924829 0.000116 0.000135 0.000072 0.000005 0.074543 0.000299
0.925984 0.000105 0.000127 0.000069 0.000005 0.073408 0.000302
0.926893 0.000129 0.000146 0.000067 0.000004 0.072466 0.000296
0.927654 0.000131 0.000156 0.000072 0.000004 0.071694 0.000290
0.928528 0.000123 0.000147 0.000076 0.000005 0.070813 0.000308
0.929578 0.000128 0.000143 0.000078 0.000003 0.069779 0.000291
0.930412 0.000117 0.000131 0.000077 0.000001 0.068967 0.000295
0.931120 0.000123 0.000141 0.000068 0.000002 0.068260 0.000286
0.931976 0.000137 0.000152 0.000084 0.000003 0.067359 0.000289
0.932702 0.000126 0.000144 0.000084 0.000004 0.066638 0.000303
0.933541 0.000096 0.000122 0.000065 0.000003 0.065884 0.000290
0.934014 0.000119 0.000146 0.000090 0.000003 0.065349 0.000280
0.934590 0.000099 0.000135 0.000082 0.000003 0.064808 0.000283
0.935399 0.000090 0.000123 0.000065 0.000003 0.064022 0.000297
0.935953 0.000102 0.000136 0.000069 0.000002 0.063439 0.000299
0.944512 0.000028 0.000039 0.000019 0.000001 0.055175 0.000226
