0.368444 0.062273 0.055186 0.031415 0.002003 0.475010 0.005667 1.549898
0.370304 0.060401 0.055065 0.031274 0.002005 0.475260 0.005693 1.555828
0.372794 0.058020 0.054893 0.031037 0.002005 0.475532 0.005719 1.561601
0.375737 0.055385 0.054703 0.030777 0.002015 0.475637 0.005747 1.567223
0.378989 0.052663 0.054336 0.030398 0.001998 0.475846 0.005771 1.572588
0.382507 0.050032 0.053807 0.029921 0.001992 0.475946 0.005795 1.577616
0.386137 0.047541 0.053199 0.029414 0.001980 0.475905 0.005825 1.582414
0.389946 0.045082 0.052502 0.028848 0.001979 0.475799 0.005845 1.587023
0.393834 0.042848 0.051553 0.028287 0.001988 0.475626 0.005864 1.591285
0.397816 0.040594 0.050577 0.027646 0.001986 0.475499 0.005883 1.595415
0.401890 0.038577 0.049561 0.026962 0.001979 0.475128 0.005904 1.599298
0.405981 0.036623 0.048557 0.026264 0.001966 0.474679 0.005931 1.603060
0.410216 0.034806 0.047419 0.025600 0.001968 0.474039 0.005954 1.606592
0.414571 0.033204 0.046244 0.024929 0.001945 0.473118 0.005988 1.609824
0.418864 0.031654 0.044996 0.024310 0.001929 0.472236 0.006010 1.612976
0.423105 0.030190 0.043900 0.023569 0.001911 0.471288 0.006038 1.616028
0.427494 0.028791 0.042801 0.022905 0.001889 0.470057 0.006064 1.618903
0.431945 0.027415 0.041678 0.022217 0.001883 0.468778 0.006084 1.621736
0.436429 0.026187 0.040449 0.021587 0.001872 0.467370 0.006105 1.624373
0.440888 0.025101 0.039271 0.020897 0.001856 0.465857 0.006129 1.626861
0.445365 0.024071 0.038079 0.020225 0.001840 0.464267 0.006152 1.629223
0.449819 0.023029 0.036971 0.019599 0.001824 0.462584 0.006174 1.631596
0.454211 0.022109 0.035844 0.018946 0.001795 0.460896 0.006200 1.633826
0.458676 0.021281 0.034687 0.018377 0.001771 0.458982 0.006225 1.635948
0.463154 0.020535 0.033520 0.017778 0.001746 0.457022 0.006246 1.637950
0.467635 0.019759 0.032463 0.017213 0.001730 0.454930 0.006271 1.639940
0.472108 0.019104 0.031399 0.016675 0.001711 0.452712 0.006291 1.641838
0.476572 0.018423 0.030414 0.016115 0.001678 0.450480 0.006317 1.643691
0.480953 0.017836 0.029478 0.015576 0.001654 0.448163 0.006339 1.645457
0.485401 0.017250 0.028605 0.015079 0.001636 0.445675 0.006353 1.647196
0.489764 0.016811 0.027701 0.014601 0.001607 0.443144 0.006372 1.648818
0.494213 0.016353 0.026871 0.014107 0.001583 0.440483 0.006389 1.650440
0.498498 0.015878 0.026002 0.013692 0.001550 0.437971 0.006409 1.652027
0.502845 0.015459 0.025155 0.013217 0.001522 0.435372 0.006430 1.653569
0.507163 0.015106 0.024342 0.012778 0.001492 0.432669 0.006449 1.655021
0.511499 0.014720 0.023546 0.012413 0.001460 0.429893 0.006469 1.656474
0.515701 0.014343 0.022834 0.012041 0.001424 0.427164 0.006492 1.657940
0.519977 0.013973 0.022130 0.011677 0.001400 0.424329 0.006514 1.659372
0.524192 0.013646 0.021466 0.011329 0.001374 0.421461 0.006532 1.660739
0.528447 0.013330 0.020873 0.010992 0.001354 0.418457 0.006548 1.662048
0.532591 0.013087 0.020212 0.010682 0.001327 0.415534 0.006568 1.663312
0.536789 0.012797 0.019655 0.010326 0.001287 0.412557 0.006590 1.664595
0.541035 0.012503 0.019077 0.010049 0.001253 0.409473 0.006612 1.665874
0.545112 0.012250 0.018554 0.009729 0.001231 0.406498 0.006627 1.667103
0.549119 0.012065 0.018002 0.009499 0.001202 0.403466 0.006648 1.668296
0.553217 0.011826 0.017497 0.009234 0.001169 0.400390 0.006667 1.669487
0.557146 0.011568 0.017078 0.009006 0.001145 0.397375 0.006682 1.670683
0.561122 0.011433 0.016603 0.008740 0.001123 0.394286 0.006694 1.671795
0.565103 0.011232 0.016185 0.008513 0.001098 0.391163 0.006706 1.672937
0.569215 0.010998 0.015751 0.008296 0.001074 0.387945 0.006720 1.674060
0.573128 0.010841 0.015329 0.008069 0.001056 0.384849 0.006730 1.675144
0.577009 0.010736 0.014936 0.007821 0.001041 0.381716 0.006742 1.676174
0.580802 0.010582 0.014617 0.007623 0.001025 0.378599 0.006752 1.677229
0.584646 0.010413 0.014278 0.007444 0.000996 0.375457 0.006766 1.678288
0.588345 0.010307 0.013924 0.007261 0.000978 0.372410 0.006775 1.679286
0.592163 0.010189 0.013546 0.007117 0.000955 0.369240 0.006790 1.680259
0.595896 0.010087 0.013209 0.006983 0.000936 0.366089 0.006800 1.681253
0.599572 0.009992 0.012971 0.006817 0.000915 0.362922 0.006811 1.682243
0.603124 0.009908 0.012701 0.006677 0.000894 0.359873 0.006824 1.683214
0.606703 0.009791 0.012486 0.006531 0.000868 0.356790 0.006832 1.684184
0.610276 0.009707 0.012164 0.006404 0.000845 0.353756 0.006850 1.685126
0.613750 0.009654 0.011948 0.006261 0.000824 0.350700 0.006862 1.686096
0.617317 0.009587 0.011728 0.006106 0.000809 0.347583 0.006871 1.687018
0.620763 0.009459 0.011487 0.005996 0.000786 0.344625 0.006884 1.687961
0.624231 0.009375 0.011283 0.005894 0.000771 0.341555 0.006892 1.688888
0.627614 0.009314 0.011068 0.005798 0.000754 0.338553 0.006900 1.689775
0.630987 0.009213 0.010953 0.005723 0.000739 0.335474 0.006911 1.690705
0.634380 0.009090 0.010753 0.005639 0.000729 0.332490 0.006919 1.691609
0.637605 0.009068 0.010583 0.005524 0.000718 0.329573 0.006927 1.692485
0.640889 0.008974 0.010454 0.005452 0.000704 0.326587 0.006938 1.693402
0.644135 0.008955 0.010266 0.005361 0.000688 0.323650 0.006945 1.694255
0.647332 0.008954 0.010060 0.005274 0.000672 0.320755 0.006954 1.695095
0.650484 0.008938 0.009934 0.005202 0.000650 0.317830 0.006963 1.695942
0.653640 0.008859 0.009822 0.005174 0.000638 0.314898 0.006971 1.696863
0.656776 0.008812 0.009679 0.005085 0.000626 0.312043 0.006979 1.697735
0.659836 0.008723 0.009561 0.005019 0.000607 0.309263 0.006991 1.698615
0.662779 0.008698 0.009448 0.004938 0.000598 0.306542 0.006998 1.699462
0.665748 0.008694 0.009325 0.004903 0.000598 0.303729 0.007003 1.700301
0.668706 0.008681 0.009221 0.004847 0.000590 0.300948 0.007008 1.701163
0.671579 0.008684 0.009085 0.004813 0.000575 0.298247 0.007017 1.701996
0.674504 0.008674 0.009000 0.004778 0.000560 0.295459 0.007025 1.702829
0.677402 0.008649 0.008931 0.004717 0.000547 0.292723 0.007031 1.703669
0.680160 0.008639 0.008838 0.004701 0.000532 0.290093 0.007038 1.704532
0.682887 0.008667 0.008749 0.004673 0.000520 0.287459 0.007045 1.705375
0.685624 0.008680 0.008672 0.004637 0.000514 0.284820 0.007053 1.706210
0.688357 0.008639 0.008631 0.004599 0.000507 0.282211 0.007057 1.707092
0.691004 0.008663 0.008557 0.004582 0.000501 0.279631 0.007062 1.707928
0.693610 0.008676 0.008485 0.004548 0.000488 0.277124 0.007070 1.708760
0.696152 0.008695 0.008443 0.004507 0.000477 0.274649 0.007077 1.709608
0.698758 0.008721 0.008397 0.004449 0.000469 0.272126 0.007080 1.710428
0.701311 0.008726 0.008350 0.004411 0.000464 0.269655 0.007085 1.711295
0.703867 0.008668 0.008310 0.004401 0.000456 0.267208 0.007089 1.712160
0.706352 0.008668 0.008223 0.004408 0.000455 0.264800 0.007094 1.713019
0.708691 0.008724 0.008205 0.004389 0.000447 0.262445 0.007101 1.713867
0.711117 0.008694 0.008215 0.004379 0.000437 0.260051 0.007106 1.714742
0.713518 0.008736 0.008194 0.004376 0.000428 0.257635 0.007114 1.715585
0.715833 0.008747 0.008175 0.004383 0.000419 0.255324 0.007119 1.716444
0.718058 0.008792 0.008154 0.004364 0.000417 0.253091 0.007123 1.717307
0.720312 0.008804 0.008122 0.004361 0.000416 0.250861 0.007125 1.718163
0.722546 0.008803 0.008095 0.004326 0.000410 0.248690 0.007130 1.719025
0.724806 0.008776 0.008089 0.004322 0.000399 0.246472 0.007136 1.719913
0.727013 0.008726 0.008037 0.004350 0.000390 0.244340 0.007143 1.720805
0.729161 0.008767 0.008032 0.004326 0.000381 0.242183 0.007150 1.721654
0.731308 0.008809 0.007996 0.004321 0.000373 0.240039 0.007154 1.722495
0.733374 0.008854 0.007965 0.004291 0.000365 0.237992 0.007158 1.723350
0.735433 0.008840 0.007973 0.004296 0.000352 0.235943 0.007162 1.724231
0.737455 0.008903 0.007958 0.004298 0.000343 0.233878 0.007165 1.725076
0.739498 0.008935 0.007975 0.004281 0.000333 0.231809 0.007171 1.725945
0.741571 0.008940 0.008004 0.004293 0.000329 0.229688 0.007176 1.726843
0.743517 0.008959 0.007991 0.004310 0.000323 0.227719 0.007182 1.727716
0.745512 0.008969 0.007997 0.004321 0.000324 0.225692 0.007186 1.728601
0.747482 0.008960 0.008010 0.004314 0.000320 0.223726 0.007190 1.729502
0.749281 0.009049 0.007986 0.004296 0.000314 0.221881 0.007194 1.730368
0.751092 0.009108 0.007975 0.004287 0.000316 0.220027 0.007196 1.731230
0.752871 0.009140 0.008046 0.004291 0.000313 0.218140 0.007200 1.732183
0.754626 0.009185 0.008078 0.004306 0.000309 0.216293 0.007204 1.733104
0.756373 0.009228 0.008081 0.004315 0.000302 0.214493 0.007209 1.734020
0.758055 0.009298 0.008114 0.004317 0.000302 0.212703 0.007212 1.734919
0.759715 0.009382 0.008134 0.004335 0.000298 0.210920 0.007216 1.735846
0.761359 0.009415 0.008157 0.004351 0.000295 0.209205 0.007219 1.736767
0.763014 0.009507 0.008148 0.004385 0.000294 0.207430 0.007222 1.737664
0.764586 0.009577 0.008187 0.004392 0.000293 0.205739 0.007226 1.738604
0.766098 0.009606 0.008234 0.004389 0.000287 0.204158 0.007229 1.739551
0.767611 0.009712 0.008205 0.004395 0.000288 0.202555 0.007234 1.740465
0.769121 0.009758 0.008301 0.004398 0.000290 0.200893 0.007240 1.741465
0.770532 0.009872 0.008334 0.004383 0.000290 0.199347 0.007242 1.742402
0.772006 0.009935 0.008409 0.004409 0.000289 0.197708 0.007245 1.743371
0.773398 0.010008 0.008401 0.004474 0.000289 0.196180 0.007250 1.744371
0.774862 0.010096 0.008470 0.004493 0.000283 0.194544 0.007253 1.745375
0.776178 0.010221 0.008489 0.004527 0.000285 0.193044 0.007256 1.746374
0.777443 0.010305 0.008552 0.004554 0.000284 0.191602 0.007260 1.747385
0.778641 0.010474 0.008620 0.004543 0.000282 0.190177 0.007262 1.748383
0.779893 0.010547 0.008695 0.004564 0.000281 0.188754 0.007266 1.749422
0.781130 0.010574 0.008787 0.004621 0.000276 0.187340 0.007271 1.750509
0.782265 0.010698 0.008790 0.004622 0.000278 0.186075 0.007273 1.751514
0.783438 0.010776 0.008837 0.004672 0.000273 0.184726 0.007277 1.752574
0.784580 0.010877 0.008914 0.004689 0.000280 0.183379 0.007281 1.753652
0.785715 0.010960 0.008965 0.004688 0.000281 0.182107 0.007284 1.754692
0.786771 0.011104 0.009054 0.004746 0.000274 0.180761 0.007289 1.755796
0.787828 0.011162 0.009106 0.004802 0.000274 0.179538 0.007291 1.756900
0.788877 0.011235 0.009208 0.004813 0.000276 0.178298 0.007292 1.758014
0.789906 0.011369 0.009229 0.004842 0.000269 0.177087 0.007298 1.759063
0.790948 0.011435 0.009310 0.004896 0.000266 0.175846 0.007300 1.760193
0.791869 0.011502 0.009360 0.004936 0.000267 0.174763 0.007303 1.761336
0.792809 0.011571 0.009416 0.005005 0.000266 0.173627 0.007306 1.762489
0.793694 0.011662 0.009517 0.005004 0.000269 0.172546 0.007307 1.763633
0.794562 0.011756 0.009558 0.005061 0.000265 0.171488 0.007310 1.764783
0.795377 0.011905 0.009648 0.005092 0.000270 0.170394 0.007314 1.765941
0.796170 0.012014 0.009720 0.005110 0.000273 0.169396 0.007317 1.767082
0.797029 0.012096 0.009844 0.005182 0.000268 0.168260 0.007321 1.768312
0.797754 0.012188 0.009941 0.005218 0.000273 0.167302 0.007325 1.769520
0.798560 0.012266 0.010041 0.005243 0.000276 0.166287 0.007327 1.770731
0.799303 0.012400 0.010110 0.005273 0.000278 0.165306 0.007331 1.771942
0.800045 0.012475 0.010209 0.005318 0.000275 0.164347 0.007334 1.773187
0.800712 0.012641 0.010232 0.005385 0.000273 0.163421 0.007337 1.774390
0.801427 0.012732 0.010294 0.005435 0.000269 0.162501 0.007343 1.775624
0.802095 0.012845 0.010370 0.005459 0.000268 0.161615 0.007348 1.776862
0.802769 0.012888 0.010424 0.005492 0.000268 0.160809 0.007351 1.778143
0.803460 0.012991 0.010492 0.005519 0.000271 0.159914 0.007353 1.779408
0.804026 0.013106 0.010562 0.005546 0.000278 0.159125 0.007357 1.780687
0.804634 0.013242 0.010614 0.005587 0.000278 0.158282 0.007363 1.781953
0.805174 0.013327 0.010714 0.005653 0.000275 0.157492 0.007366 1.783275
0.805727 0.013456 0.010827 0.005660 0.000281 0.156682 0.007368 1.784575
0.806189 0.013602 0.010923 0.005738 0.000283 0.155893 0.007373 1.785924
0.806601 0.013786 0.011039 0.005793 0.000281 0.155123 0.007377 1.787252
0.807043 0.013852 0.011196 0.005857 0.000281 0.154390 0.007380 1.788653
0.807507 0.013943 0.011261 0.005916 0.000284 0.153706 0.007384 1.790019
0.807899 0.014092 0.011344 0.005970 0.000279 0.153031 0.007387 1.791377
0.808293 0.014130 0.011458 0.006048 0.000279 0.152401 0.007390 1.792836
0.808629 0.014292 0.011566 0.006084 0.000285 0.151753 0.007393 1.794233
0.809016 0.014379 0.011687 0.006123 0.000290 0.151108 0.007398 1.795655
0.809420 0.014471 0.011776 0.006166 0.000292 0.150475 0.007400 1.797074
0.809787 0.014612 0.011905 0.006192 0.000291 0.149809 0.007405 1.798466
0.810067 0.014712 0.012005 0.006196 0.000294 0.149318 0.007409 1.799901
0.810392 0.014822 0.012135 0.006254 0.000296 0.148686 0.007415 1.801349
0.810655 0.014937 0.012226 0.006285 0.000301 0.148178 0.007418 1.802823
0.810928 0.015041 0.012303 0.006337 0.000300 0.147670 0.007419 1.804314
0.811119 0.015175 0.012402 0.006394 0.000289 0.147196 0.007425 1.805797
0.811269 0.015267 0.012541 0.006433 0.000294 0.146768 0.007429 1.807335
0.811484 0.015352 0.012644 0.006536 0.000291 0.146261 0.007432 1.808880
0.811744 0.015447 0.012748 0.006587 0.000292 0.145746 0.007436 1.810378
0.812050 0.015517 0.012844 0.006635 0.000297 0.145216 0.007441 1.811892
0.812186 0.015649 0.012950 0.006671 0.000296 0.144804 0.007444 1.813426
0.812355 0.015683 0.013017 0.006737 0.000300 0.144461 0.007447 1.814988
0.812456 0.015845 0.013054 0.006792 0.000303 0.144098 0.007452 1.816502
0.812602 0.015888 0.013134 0.006844 0.000308 0.143767 0.007456 1.818099
0.812684 0.016006 0.013215 0.006926 0.000315 0.143395 0.007459 1.819674
0.812712 0.016183 0.013298 0.006994 0.000320 0.143030 0.007463 1.821261
0.812750 0.016339 0.013375 0.007049 0.000325 0.142695 0.007468 1.822846
0.812761 0.016479 0.013437 0.007102 0.000323 0.142429 0.007471 1.824396
0.812953 0.016593 0.013499 0.007145 0.000323 0.142012 0.007475 1.825967
0.813045 0.016632 0.013608 0.007187 0.000328 0.141721 0.007480 1.827617
0.813073 0.016784 0.013712 0.007194 0.000333 0.141422 0.007483 1.829218
0.813045 0.016916 0.013804 0.007250 0.000333 0.141164 0.007487 1.830856
0.813062 0.016981 0.013960 0.007311 0.000340 0.140857 0.007489 1.832545
0.813107 0.017036 0.014074 0.007382 0.000340 0.140570 0.007491 1.834207
0.813021 0.017153 0.014119 0.007466 0.000341 0.140404 0.007497 1.835886
0.812914 0.017251 0.014225 0.007511 0.000340 0.140258 0.007501 1.837579
0.812946 0.017276 0.014333 0.007575 0.000342 0.140023 0.007505 1.839310
0.812968 0.017329 0.014374 0.007595 0.000353 0.139873 0.007508 1.840963
0.812898 0.017442 0.014472 0.007601 0.000350 0.139725 0.007513 1.842633
0.812881 0.017503 0.014587 0.007608 0.000350 0.139553 0.007518 1.844323
0.812790 0.017549 0.014750 0.007663 0.000357 0.139369 0.007523 1.846103
0.812678 0.017667 0.014844 0.007683 0.000360 0.139238 0.007530 1.847796
0.812610 0.017670 0.014940 0.007744 0.000365 0.139136 0.007535 1.849597
0.812552 0.017671 0.015090 0.007810 0.000370 0.138968 0.007538 1.851390
0.812450 0.017773 0.015171 0.007837 0.000372 0.138855 0.007541 1.853145
0.812328 0.017878 0.015228 0.007876 0.000368 0.138775 0.007548 1.854882
0.812196 0.017985 0.015295 0.007935 0.000370 0.138666 0.007553 1.856652
0.812099 0.018088 0.015381 0.007987 0.000374 0.138513 0.007559 1.858425
0.812014 0.018124 0.015481 0.008075 0.000378 0.138369 0.007561 1.860228
0.811912 0.018193 0.015498 0.008116 0.000388 0.138330 0.007563 1.861972
0.811760 0.018314 0.015516 0.008137 0.000388 0.138319 0.007567 1.863707
0.811615 0.018422 0.015537 0.008143 0.000396 0.138314 0.007572 1.865474
0.811415 0.018516 0.015648 0.008183 0.000394 0.138266 0.007578 1.867297
0.811210 0.018594 0.015711 0.008268 0.000392 0.138241 0.007583 1.869132
0.811107 0.018654 0.015773 0.008289 0.000388 0.138199 0.007589 1.870941
0.810971 0.018716 0.015813 0.008271 0.000397 0.138238 0.007594 1.872734
0.810815 0.018765 0.015894 0.008329 0.000392 0.138205 0.007600 1.874548
0.810671 0.018780 0.015991 0.008372 0.000395 0.138188 0.007603 1.876382
0.810488 0.018861 0.016083 0.008388 0.000399 0.138175 0.007607 1.878196
0.810314 0.018899 0.016128 0.008428 0.000404 0.138215 0.007612 1.880049
0.810101 0.018993 0.016153 0.008463 0.000406 0.138268 0.007616 1.881868
0.809891 0.019059 0.016153 0.008484 0.000406 0.138386 0.007621 1.883678
0.809648 0.019066 0.016286 0.008526 0.000409 0.138441 0.007624 1.885593
0.809432 0.019150 0.016366 0.008555 0.000405 0.138462 0.007630 1.887463
0.809197 0.019210 0.016445 0.008597 0.000402 0.138514 0.007635 1.889331
0.809038 0.019237 0.016551 0.008628 0.000397 0.138508 0.007642 1.891199
0.808837 0.019261 0.016627 0.008673 0.000394 0.138560 0.007648 1.893113
0.808614 0.019268 0.016677 0.008706 0.000393 0.138689 0.007654 1.895009
0.808392 0.019302 0.016736 0.008699 0.000390 0.138821 0.007660 1.896936
0.808144 0.019384 0.016797 0.008711 0.000389 0.138908 0.007666 1.898827
0.807839 0.019405 0.016878 0.008731 0.000394 0.139084 0.007670 1.900758
0.807620 0.019381 0.016959 0.008782 0.000394 0.139191 0.007674 1.902706
0.807404 0.019399 0.016999 0.008804 0.000401 0.139315 0.007678 1.904634
0.807225 0.019436 0.016990 0.008811 0.000406 0.139448 0.007684 1.906511
0.807081 0.019414 0.017077 0.008825 0.000406 0.139511 0.007687 1.908424
0.806963 0.019466 0.017052 0.008831 0.000411 0.139586 0.007691 1.910280
0.806780 0.019495 0.017059 0.008816 0.000411 0.139739 0.007699 1.912165
0.806594 0.019520 0.017063 0.008855 0.000415 0.139851 0.007703 1.914071
0.806384 0.019630 0.017060 0.008857 0.000418 0.139943 0.007709 1.915948
0.806200 0.019594 0.017153 0.008944 0.000423 0.139974 0.007712 1.917920
0.805989 0.019591 0.017220 0.008990 0.000425 0.140071 0.007715 1.919856
0.805843 0.019560 0.017340 0.008990 0.000418 0.140128 0.007720 1.921818
0.805670 0.019512 0.017382 0.008991 0.000419 0.140301 0.007725 1.923766
0.805582 0.019490 0.017386 0.009042 0.000423 0.140348 0.007729 1.925671
0.805396 0.019504 0.017410 0.009060 0.000423 0.140473 0.007734 1.927573
0.805207 0.019515 0.017424 0.009061 0.000426 0.140630 0.007738 1.929484
0.805050 0.019463 0.017500 0.009077 0.000422 0.140746 0.007743 1.931418
0.804946 0.019436 0.017522 0.009068 0.000423 0.140856 0.007750 1.933314
0.804772 0.019439 0.017580 0.009073 0.000424 0.140959 0.007755 1.935228
0.804694 0.019416 0.017558 0.009062 0.000424 0.141088 0.007758 1.937088
0.804469 0.019460 0.017597 0.009034 0.000424 0.141252 0.007763 1.939019
0.804310 0.019492 0.017505 0.009029 0.000424 0.141473 0.007767 1.940878
0.804265 0.019442 0.017503 0.009075 0.000427 0.141516 0.007772 1.942808
0.804145 0.019392 0.017541 0.009064 0.000430 0.141651 0.007778 1.944704
0.804021 0.019393 0.017512 0.009059 0.000431 0.141800 0.007783 1.946585
0.803949 0.019394 0.017484 0.009050 0.000430 0.141905 0.007787 1.948475
0.803831 0.019439 0.017503 0.009081 0.000432 0.141923 0.007792 1.950396
0.803718 0.019408 0.017553 0.009079 0.000435 0.142009 0.007796 1.952310
0.803643 0.019432 0.017498 0.009077 0.000433 0.142112 0.007803 1.954151
0.803489 0.019437 0.017560 0.009067 0.000434 0.142204 0.007809 1.956027
0.803413 0.019431 0.017537 0.009071 0.000433 0.142303 0.007813 1.957892
0.803350 0.019346 0.017566 0.009027 0.000442 0.142450 0.007817 1.959804
0.803360 0.019320 0.017547 0.009025 0.000438 0.142485 0.007824 1.961652
0.803251 0.019297 0.017577 0.009030 0.000438 0.142577 0.007830 1.963555
0.803206 0.019283 0.017520 0.009046 0.000444 0.142668 0.007833 1.965417
0.803090 0.019299 0.017506 0.009061 0.000445 0.142759 0.007840 1.967297
0.802964 0.019321 0.017512 0.009035 0.000448 0.142875 0.007847 1.969143
0.802912 0.019264 0.017527 0.009040 0.000445 0.142960 0.007852 1.971030
0.802896 0.019189 0.017482 0.009083 0.000450 0.143046 0.007855 1.972930
0.802917 0.019050 0.017494 0.009047 0.000452 0.143181 0.007860 1.974860
0.802867 0.019014 0.017516 0.009021 0.000454 0.143262 0.007864 1.976762
0.802814 0.018963 0.017546 0.009022 0.000456 0.143330 0.007869 1.978671
0.802716 0.018945 0.017535 0.008997 0.000453 0.143481 0.007873 1.980520
0.802630 0.018947 0.017443 0.009019 0.000452 0.143627 0.007880 1.982366
0.802640 0.018923 0.017362 0.009054 0.000445 0.143691 0.007886 1.984204
0.802649 0.018861 0.017343 0.009042 0.000441 0.143772 0.007892 1.986050
0.802701 0.018776 0.017296 0.009037 0.000445 0.143848 0.007898 1.987894
0.802660 0.018720 0.017311 0.009037 0.000445 0.143923 0.007905 1.989755
0.802778 0.018587 0.017315 0.009029 0.000444 0.143936 0.007911 1.991590
0.802736 0.018551 0.017322 0.009037 0.000440 0.143999 0.007915 1.993434
0.802708 0.018524 0.017327 0.008993 0.000438 0.144092 0.007920 1.995244
0.802800 0.018500 0.017310 0.008941 0.000438 0.144087 0.007925 1.997045
0.802744 0.018488 0.017270 0.008929 0.000442 0.144197 0.007931 1.998874
0.802770 0.018431 0.017228 0.008938 0.000445 0.144249 0.007940 2.000711
0.802763 0.018473 0.017196 0.008914 0.000447 0.144262 0.007945 2.002504
0.802715 0.018439 0.017184 0.008896 0.000455 0.144361 0.007950 2.004360
0.802723 0.018405 0.017149 0.008873 0.000450 0.144444 0.007955 2.006156
0.802742 0.018411 0.017153 0.008865 0.000452 0.144418 0.007960 2.007965
0.802785 0.018302 0.017120 0.008860 0.000452 0.144515 0.007965 2.009812
0.802833 0.018300 0.017091 0.008842 0.000449 0.144514 0.007971 2.011592
0.802888 0.018287 0.017083 0.008755 0.000451 0.144560 0.007976 2.013379
0.802936 0.018180 0.017120 0.008777 0.000455 0.144552 0.007979 2.015206
0.802933 0.018151 0.017074 0.008774 0.000452 0.144632 0.007984 2.017014
0.802973 0.018145 0.016995 0.008768 0.000450 0.144682 0.007988 2.018773
0.803038 0.018110 0.016977 0.008714 0.000454 0.144716 0.007991 2.020547
0.803100 0.018085 0.016943 0.008697 0.000447 0.144732 0.007997 2.022319
0.803217 0.017995 0.016938 0.008664 0.000451 0.144733 0.008002 2.024116
0.803390 0.017987 0.016841 0.008621 0.000461 0.144694 0.008006 2.025834
0.803480 0.017988 0.016830 0.008575 0.000455 0.144659 0.008015 2.027580
0.803558 0.017920 0.016813 0.008587 0.000449 0.144653 0.008020 2.029383
0.803671 0.017839 0.016790 0.008575 0.000454 0.144646 0.008026 2.031163
0.803747 0.017791 0.016761 0.008582 0.000451 0.144638 0.008030 2.032925
0.803839 0.017738 0.016748 0.008558 0.000446 0.144634 0.008037 2.034685
0.803911 0.017750 0.016700 0.008545 0.000446 0.144605 0.008044 2.036421
0.804044 0.017747 0.016582 0.008521 0.000447 0.144611 0.008048 2.038118
0.804120 0.017670 0.016553 0.008527 0.000445 0.144631 0.008055 2.039881
0.804232 0.017612 0.016482 0.008499 0.000444 0.144671 0.008060 2.041611
0.804309 0.017541 0.016409 0.008517 0.000431 0.144724 0.008068 2.043364
0.804441 0.017519 0.016335 0.008514 0.000428 0.144690 0.008073 2.045062
0.804628 0.017501 0.016276 0.008481 0.000427 0.144609 0.008077 2.046744
0.804766 0.017474 0.016269 0.008464 0.000427 0.144516 0.008083 2.048444
0.804934 0.017467 0.016261 0.008449 0.000428 0.144374 0.008087 2.050161
0.805088 0.017381 0.016246 0.008424 0.000430 0.144340 0.008091 2.051878
0.805338 0.017292 0.016182 0.008433 0.000425 0.144232 0.008098 2.053568
0.805511 0.017254 0.016150 0.008389 0.000423 0.144167 0.008105 2.055236
0.805737 0.017178 0.016116 0.008359 0.000422 0.144076 0.008112 2.056898
0.805843 0.017184 0.016067 0.008321 0.000425 0.144044 0.008117 2.058559
0.806019 0.017073 0.016063 0.008301 0.000432 0.143990 0.008121 2.060292
0.806231 0.016996 0.016036 0.008270 0.000430 0.143912 0.008125 2.061985
0.806390 0.016985 0.016008 0.008257 0.000435 0.143797 0.008129 2.063652
0.806480 0.016960 0.015970 0.008205 0.000435 0.143813 0.008136 2.065314
0.806602 0.016961 0.015956 0.008190 0.000431 0.143716 0.008143 2.066985
0.806744 0.016939 0.015950 0.008130 0.000428 0.143661 0.008148 2.068668
0.806952 0.016910 0.015852 0.008130 0.000424 0.143580 0.008152 2.070317
0.807104 0.016867 0.015841 0.008110 0.000422 0.143500 0.008155 2.072020
0.807349 0.016831 0.015810 0.008060 0.000422 0.143368 0.008160 2.073646
0.807468 0.016896 0.015731 0.008024 0.000428 0.143291 0.008161 2.075263
0.807643 0.016832 0.015735 0.008003 0.000435 0.143186 0.008165 2.076949
0.807769 0.016875 0.015652 0.007985 0.000439 0.143110 0.008169 2.078553
0.807977 0.016826 0.015619 0.007943 0.000440 0.143019 0.008175 2.080186
0.808123 0.016726 0.015549 0.007948 0.000441 0.143032 0.008181 2.081883
0.808313 0.016740 0.015430 0.007901 0.000442 0.142989 0.008186 2.083476
0.808489 0.016715 0.015384 0.007883 0.000448 0.142890 0.008189 2.085101
0.808635 0.016684 0.015368 0.007872 0.000446 0.142802 0.008194 2.086739
0.808841 0.016759 0.015298 0.007824 0.000438 0.142643 0.008198 2.088291
0.808947 0.016787 0.015339 0.007830 0.000429 0.142461 0.008207 2.089917
0.809104 0.016832 0.015285 0.007811 0.000427 0.142330 0.008212 2.091488
0.809247 0.016782 0.015328 0.007804 0.000422 0.142200 0.008216 2.093130
0.809492 0.016703 0.015314 0.007801 0.000423 0.142047 0.008221 2.094780
0.809637 0.016677 0.015307 0.007825 0.000421 0.141909 0.008224 2.096449
0.809849 0.016645 0.015318 0.007828 0.000424 0.141705 0.008231 2.098088
0.810026 0.016596 0.015281 0.007814 0.000430 0.141616 0.008237 2.099723
0.810250 0.016563 0.015282 0.007780 0.000427 0.141455 0.008243 2.101336
0.810475 0.016529 0.015267 0.007795 0.000422 0.141263 0.008249 2.102960
0.810682 0.016468 0.015237 0.007789 0.000420 0.141151 0.008254 2.104583
0.810852 0.016487 0.015214 0.007776 0.000422 0.140990 0.008259 2.106163
0.811041 0.016434 0.015194 0.007788 0.000422 0.140861 0.008260 2.107775
0.811255 0.016373 0.015213 0.007811 0.000424 0.140657 0.008266 2.109402
0.811444 0.016312 0.015223 0.007803 0.000427 0.140522 0.008270 2.111030
0.811505 0.016324 0.015187 0.007792 0.000421 0.140497 0.008273 2.112623
0.811714 0.016321 0.015156 0.007734 0.000428 0.140368 0.008278 2.114181
0.811924 0.016276 0.015133 0.007745 0.000429 0.140212 0.008283 2.115790
0.812112 0.016256 0.015095 0.007722 0.000425 0.140104 0.008286 2.117385
0.812295 0.016249 0.015049 0.007734 0.000420 0.139958 0.008295 2.118996
0.812358 0.016335 0.015005 0.007726 0.000417 0.139859 0.008301 2.120574
0.812498 0.016349 0.014944 0.007746 0.000410 0.139748 0.008305 2.122133
0.812649 0.016357 0.014921 0.007742 0.000413 0.139610 0.008309 2.123695
0.812817 0.016330 0.014944 0.007735 0.000411 0.139448 0.008315 2.125306
0.813027 0.016307 0.014923 0.007710 0.000417 0.139296 0.008320 2.126873
0.813191 0.016287 0.014873 0.007729 0.000418 0.139174 0.008327 2.128490
0.813397 0.016223 0.014860 0.007696 0.000415 0.139078 0.008331 2.130112
0.813584 0.016121 0.014877 0.007709 0.000416 0.138953 0.008339 2.131757
0.813764 0.016093 0.014873 0.007678 0.000421 0.138827 0.008343 2.133345
0.813915 0.016050 0.014839 0.007689 0.000417 0.138743 0.008347 2.134954
0.814077 0.016010 0.014872 0.007677 0.000422 0.138588 0.008353 2.136568
0.814231 0.015998 0.014808 0.007661 0.000424 0.138521 0.008357 2.138132
0.814370 0.015954 0.014770 0.007683 0.000413 0.138448 0.008363 2.139750
0.814575 0.015936 0.014782 0.007673 0.000414 0.138251 0.008368 2.141320
0.814748 0.015933 0.014797 0.007671 0.000412 0.138067 0.008372 2.142892
0.814905 0.015875 0.014809 0.007714 0.000406 0.137913 0.008379 2.144528
0.815130 0.015766 0.014761 0.007698 0.000406 0.137855 0.008384 2.146114
0.815286 0.015822 0.014675 0.007674 0.000403 0.137752 0.008389 2.147634
0.815422 0.015803 0.014663 0.007617 0.000397 0.137703 0.008395 2.149188
0.815550 0.015841 0.014632 0.007605 0.000393 0.137578 0.008402 2.150750
0.815714 0.015856 0.014598 0.007580 0.000395 0.137451 0.008406 2.152283
0.815891 0.015837 0.014602 0.007604 0.000402 0.137254 0.008410 2.153863
0.816022 0.015860 0.014567 0.007547 0.000398 0.137190 0.008416 2.155401
0.816164 0.015858 0.014578 0.007530 0.000396 0.137058 0.008418 2.156950
0.816339 0.015875 0.014527 0.007486 0.000397 0.136952 0.008424 2.158470
0.816459 0.015874 0.014525 0.007440 0.000397 0.136875 0.008431 2.160016
0.816590 0.015849 0.014541 0.007432 0.000394 0.136759 0.008436 2.161592
0.816720 0.015828 0.014534 0.007428 0.000394 0.136658 0.008440 2.163155
0.816817 0.015836 0.014490 0.007467 0.000394 0.136551 0.008445 2.164715
0.816941 0.015910 0.014469 0.007472 0.000394 0.136367 0.008449 2.166230
0.817079 0.015972 0.014410 0.007465 0.000400 0.136220 0.008454 2.167739
0.817224 0.016012 0.014405 0.007440 0.000397 0.136064 0.008459 2.169252
0.817386 0.015949 0.014457 0.007438 0.000394 0.135916 0.008462 2.170834
0.817582 0.015898 0.014432 0.007431 0.000391 0.135797 0.008469 2.172387
0.817741 0.015960 0.014407 0.007392 0.000391 0.135637 0.008473 2.173891
0.817845 0.015973 0.014391 0.007433 0.000389 0.135491 0.008478 2.175469
0.817974 0.015967 0.014426 0.007427 0.000384 0.135341 0.008482 2.177056
0.818073 0.016003 0.014390 0.007454 0.000385 0.135212 0.008484 2.178626
0.818192 0.016008 0.014415 0.007456 0.000381 0.135058 0.008490 2.180184
0.818365 0.015928 0.014440 0.007490 0.000382 0.134901 0.008495 2.181801
0.818426 0.015939 0.014505 0.007511 0.000379 0.134739 0.008501 2.183402
0.818611 0.015859 0.014536 0.007554 0.000383 0.134553 0.008505 2.185025
0.818757 0.015890 0.014480 0.007553 0.000380 0.134434 0.008508 2.186550
0.818816 0.015893 0.014462 0.007558 0.000385 0.134374 0.008513 2.188108
0.818930 0.015882 0.014431 0.007550 0.000386 0.134304 0.008518 2.189669
0.819021 0.015911 0.014458 0.007561 0.000384 0.134140 0.008524 2.191222
0.819105 0.015897 0.014440 0.007588 0.000386 0.134051 0.008532 2.192811
0.819255 0.015853 0.014382 0.007572 0.000390 0.134013 0.008535 2.194378
0.819315 0.015913 0.014390 0.007507 0.000398 0.133936 0.008540 2.195909
0.819382 0.015941 0.014395 0.007497 0.000400 0.133843 0.008542 2.197436
0.819470 0.015965 0.014418 0.007503 0.000408 0.133691 0.008546 2.199030
0.819474 0.016049 0.014438 0.007476 0.000411 0.133601 0.008552 2.200578
0.819535 0.016130 0.014486 0.007455 0.000405 0.133433 0.008557 2.202117
0.819613 0.016214 0.014443 0.007428 0.000406 0.133336 0.008561 2.203640
0.819703 0.016191 0.014456 0.007449 0.000405 0.133230 0.008567 2.205248
0.819831 0.016206 0.014445 0.007453 0.000413 0.133082 0.008570 2.206801
0.819887 0.016185 0.014493 0.007457 0.000411 0.132994 0.008573 2.208418
0.820002 0.016155 0.014561 0.007441 0.000407 0.132857 0.008576 2.209998
0.820098 0.016101 0.014593 0.007459 0.000408 0.132762 0.008582 2.211610
0.820171 0.016174 0.014571 0.007416 0.000417 0.132668 0.008585 2.213148
0.820235 0.016191 0.014574 0.007441 0.000415 0.132555 0.008590 2.214736
0.820342 0.016256 0.014587 0.007460 0.000411 0.132348 0.008598 2.216324
0.820342 0.016298 0.014620 0.007439 0.000416 0.132285 0.008601 2.217911
0.820391 0.016332 0.014593 0.007437 0.000408 0.132233 0.008607 2.219466
0.820428 0.016321 0.014617 0.007450 0.000409 0.132163 0.008612 2.221087
0.820485 0.016317 0.014581 0.007466 0.000409 0.132129 0.008614 2.222666
0.820541 0.016359 0.014579 0.007507 0.000407 0.131991 0.008617 2.224241
0.820663 0.016250 0.014589 0.007527 0.000406 0.131944 0.008621 2.225859
0.820671 0.016287 0.014590 0.007556 0.000406 0.131865 0.008625 2.227431
0.820789 0.016261 0.014548 0.007587 0.000405 0.131780 0.008631 2.229025
0.820873 0.016270 0.014527 0.007585 0.000401 0.131710 0.008636 2.230601
0.820998 0.016236 0.014522 0.007592 0.000397 0.131613 0.008642 2.232180
0.821088 0.016232 0.014504 0.007586 0.000394 0.131548 0.008648 2.233764
0.821196 0.016189 0.014509 0.007576 0.000400 0.131477 0.008654 2.235353
0.821185 0.016248 0.014493 0.007609 0.000402 0.131405 0.008659 2.236944
0.821184 0.016253 0.014522 0.007585 0.000403 0.131391 0.008661 2.238562
0.821294 0.016230 0.014529 0.007562 0.000406 0.131311 0.008667 2.240150
0.821339 0.016180 0.014534 0.007566 0.000408 0.131302 0.008671 2.241750
0.821356 0.016185 0.014529 0.007539 0.000411 0.131307 0.008674 2.243337
0.821402 0.016185 0.014566 0.007549 0.000401 0.131217 0.008682 2.244933
0.821385 0.016231 0.014631 0.007506 0.000396 0.131165 0.008685 2.246516
0.821425 0.016247 0.014586 0.007511 0.000397 0.131144 0.008691 2.248077
0.821448 0.016237 0.014570 0.007551 0.000399 0.131100 0.008695 2.249700
0.821451 0.016264 0.014532 0.007546 0.000401 0.131103 0.008703 2.251280
0.821491 0.016380 0.014417 0.007521 0.000403 0.131080 0.008708 2.252794
0.821571 0.016320 0.014442 0.007537 0.000401 0.131012 0.008716 2.254428
0.821633 0.016271 0.014443 0.007533 0.000400 0.130999 0.008721 2.256032
0.821722 0.016254 0.014477 0.007556 0.000403 0.130864 0.008724 2.257651
0.821775 0.016249 0.014474 0.007557 0.000405 0.130809 0.008730 2.259244
0.821796 0.016285 0.014491 0.007559 0.000400 0.130736 0.008733 2.260835
0.821814 0.016370 0.014491 0.007545 0.000406 0.130638 0.008737 2.262394
0.821879 0.016318 0.014585 0.007549 0.000402 0.130526 0.008741 2.264042
0.821877 0.016314 0.014668 0.007564 0.000401 0.130429 0.008746 2.265664
0.821858 0.016365 0.014702 0.007593 0.000403 0.130327 0.008753 2.267288
0.821858 0.016348 0.014694 0.007615 0.000398 0.130329 0.008759 2.268906
0.821831 0.016393 0.014718 0.007614 0.000399 0.130283 0.008763 2.270516
0.821921 0.016396 0.014761 0.007586 0.000389 0.130180 0.008767 2.272110
0.821884 0.016415 0.014786 0.007589 0.000390 0.130168 0.008770 2.273747
0.821848 0.016460 0.014817 0.007574 0.000395 0.130134 0.008772 2.275339
0.821917 0.016492 0.014786 0.007536 0.000398 0.130099 0.008774 2.276912
0.821929 0.016483 0.014789 0.007528 0.000403 0.130091 0.008777 2.278532
0.821964 0.016494 0.014772 0.007545 0.000404 0.130038 0.008782 2.280149
0.821952 0.016491 0.014821 0.007585 0.000401 0.129964 0.008786 2.281787
0.821905 0.016526 0.014834 0.007587 0.000401 0.129960 0.008788 2.283418
0.821887 0.016584 0.014822 0.007580 0.000402 0.129929 0.008796 2.285013
0.821879 0.016594 0.014784 0.007609 0.000404 0.129932 0.008798 2.286652
0.821909 0.016641 0.014789 0.007637 0.000404 0.129817 0.008802 2.288257
0.821905 0.016672 0.014832 0.007626 0.000406 0.129754 0.008807 2.289881
0.821813 0.016794 0.014843 0.007602 0.000402 0.129736 0.008811 2.291447
0.821786 0.016835 0.014868 0.007618 0.000406 0.129675 0.008814 2.293072
0.821769 0.016875 0.014856 0.007627 0.000409 0.129646 0.008818 2.294697
0.821771 0.016874 0.014873 0.007681 0.000412 0.129566 0.008822 2.296372
0.821705 0.016940 0.014907 0.007695 0.000413 0.129514 0.008827 2.298024
0.821748 0.016945 0.014908 0.007717 0.000414 0.129441 0.008829 2.299655
0.821621 0.016990 0.014908 0.007738 0.000416 0.129492 0.008835 2.301295
0.821562 0.016985 0.014961 0.007769 0.000414 0.129471 0.008838 2.303000
0.821484 0.016970 0.014992 0.007790 0.000416 0.129507 0.008842 2.304694
0.821440 0.016963 0.015006 0.007818 0.000417 0.129509 0.008848 2.306383
0.821350 0.017006 0.015035 0.007848 0.000418 0.129491 0.008852 2.308057
0.821335 0.017002 0.015125 0.007783 0.000421 0.129476 0.008859 2.309736
0.821195 0.017079 0.015234 0.007811 0.000418 0.129396 0.008866 2.311416
0.821182 0.017077 0.015240 0.007825 0.000417 0.129389 0.008870 2.313092
0.821057 0.017147 0.015245 0.007846 0.000420 0.129412 0.008874 2.314767
0.820951 0.017192 0.015256 0.007826 0.000416 0.129481 0.008879 2.316452
0.820884 0.017170 0.015282 0.007855 0.000420 0.129507 0.008882 2.318143
0.820851 0.017156 0.015288 0.007852 0.000423 0.129543 0.008888 2.319824
0.820723 0.017143 0.015383 0.007895 0.000424 0.129540 0.008893 2.321582
0.820557 0.017233 0.015354 0.007883 0.000420 0.129653 0.008900 2.323250
0.820462 0.017248 0.015352 0.007884 0.000424 0.129727 0.008904 2.324925
0.820333 0.017266 0.015350 0.007907 0.000425 0.129810 0.008909 2.326620
0.820250 0.017293 0.015423 0.007940 0.000419 0.129763 0.008912 2.328350
0.820127 0.017285 0.015453 0.007925 0.000417 0.129875 0.008919 2.330033
0.820029 0.017339 0.015468 0.007904 0.000425 0.129911 0.008923 2.331721
0.819998 0.017347 0.015424 0.007900 0.000427 0.129976 0.008927 2.333386
0.819972 0.017308 0.015435 0.007909 0.000425 0.130017 0.008934 2.335112
0.819861 0.017303 0.015488 0.007912 0.000429 0.130071 0.008937 2.336843
0.819774 0.017249 0.015489 0.007943 0.000430 0.130173 0.008942 2.338549
0.819703 0.017188 0.015521 0.007990 0.000432 0.130219 0.008947 2.340290
0.819689 0.017188 0.015474 0.007980 0.000431 0.130286 0.008953 2.341990
0.819566 0.017226 0.015452 0.008026 0.000426 0.130345 0.008959 2.343663
0.819415 0.017284 0.015480 0.008016 0.000427 0.130414 0.008964 2.345349
0.819251 0.017330 0.015500 0.007982 0.000429 0.130541 0.008967 2.347045
0.819176 0.017286 0.015525 0.007993 0.000425 0.130626 0.008970 2.348745
0.819172 0.017262 0.015491 0.007974 0.000428 0.130697 0.008976 2.350432
0.819080 0.017270 0.015531 0.007978 0.000422 0.130736 0.008981 2.352129
0.819057 0.017271 0.015510 0.007987 0.000424 0.130767 0.008984 2.353789
0.819042 0.017277 0.015536 0.007972 0.000426 0.130757 0.008991 2.355455
0.818978 0.017329 0.015490 0.007969 0.000427 0.130812 0.008996 2.357073
0.818928 0.017330 0.015477 0.007964 0.000427 0.130873 0.009001 2.358791
0.818864 0.017351 0.015528 0.007983 0.000431 0.130838 0.009004 2.360494
0.818836 0.017292 0.015550 0.008046 0.000434 0.130836 0.009008 2.362217
0.818783 0.017361 0.015524 0.008026 0.000435 0.130861 0.009011 2.363868
0.818709 0.017359 0.015498 0.008005 0.000442 0.130973 0.009015 2.365590
0.818656 0.017415 0.015515 0.007968 0.000448 0.130978 0.009019 2.367214
0.818582 0.017356 0.015566 0.007972 0.000451 0.131051 0.009022 2.368969
0.818555 0.017295 0.015595 0.007974 0.000453 0.131104 0.009024 2.370707
0.818512 0.017286 0.015614 0.007993 0.000452 0.131115 0.009028 2.372410
0.818448 0.017348 0.015606 0.007987 0.000460 0.131119 0.009033 2.374057
0.818443 0.017377 0.015579 0.007991 0.000458 0.131116 0.009036 2.375704
0.818344 0.017414 0.015584 0.008018 0.000454 0.131144 0.009043 2.377408
0.818169 0.017446 0.015637 0.008017 0.000447 0.131233 0.009051 2.379133
0.818073 0.017437 0.015709 0.008000 0.000442 0.131281 0.009057 2.380861
0.818028 0.017378 0.015732 0.007995 0.000443 0.131362 0.009063 2.382622
0.818066 0.017366 0.015771 0.007985 0.000445 0.131300 0.009067 2.384308
0.818023 0.017303 0.015746 0.007986 0.000441 0.131430 0.009070 2.386027
0.818032 0.017211 0.015784 0.007982 0.000436 0.131480 0.009077 2.387737
0.817936 0.017244 0.015804 0.007963 0.000435 0.131534 0.009084 2.389433
0.817892 0.017275 0.015796 0.008001 0.000435 0.131516 0.009086 2.391107
0.817840 0.017239 0.015789 0.008010 0.000433 0.131597 0.009092 2.392852
0.817788 0.017318 0.015738 0.007933 0.000433 0.131692 0.009099 2.394474
0.817708 0.017360 0.015683 0.007914 0.000430 0.131803 0.009103 2.396129
0.817670 0.017272 0.015742 0.007938 0.000424 0.131846 0.009107 2.397900
0.817589 0.017302 0.015699 0.007950 0.000425 0.131925 0.009111 2.399600
0.817564 0.017270 0.015753 0.007931 0.000422 0.131944 0.009117 2.401322
0.817477 0.017268 0.015773 0.007931 0.000423 0.132007 0.009121 2.403017
0.817433 0.017266 0.015817 0.007905 0.000421 0.132033 0.009125 2.404716
0.817386 0.017233 0.015800 0.007922 0.000415 0.132113 0.009131 2.406428
0.817315 0.017198 0.015839 0.007939 0.000419 0.132159 0.009133 2.408179
0.817316 0.017197 0.015785 0.007962 0.000413 0.132187 0.009139 2.409867
0.817323 0.017115 0.015827 0.007996 0.000408 0.132186 0.009145 2.411596
0.817329 0.017119 0.015732 0.007951 0.000410 0.132310 0.009149 2.413222
0.817381 0.017113 0.015706 0.007961 0.000416 0.132270 0.009154 2.414887
0.817302 0.017135 0.015709 0.007974 0.000416 0.132305 0.009160 2.416579
0.817311 0.017169 0.015699 0.008004 0.000418 0.132237 0.009162 2.418273
0.817280 0.017170 0.015690 0.007980 0.000419 0.132293 0.009168 2.419967
0.817284 0.017148 0.015676 0.007979 0.000420 0.132317 0.009176 2.421664
0.817324 0.017095 0.015707 0.007961 0.000423 0.132312 0.009180 2.423371
0.817266 0.017154 0.015710 0.007965 0.000423 0.132296 0.009187 2.425048
0.817239 0.017131 0.015720 0.007963 0.000426 0.132330 0.009192 2.426739
0.817142 0.017078 0.015756 0.008004 0.000425 0.132399 0.009196 2.428490
0.817200 0.017046 0.015804 0.008013 0.000422 0.132312 0.009203 2.430186
0.817139 0.017072 0.015773 0.008009 0.000426 0.132373 0.009208 2.431843
0.817063 0.017076 0.015767 0.007996 0.000425 0.132462 0.009211 2.433504
0.817116 0.017061 0.015731 0.007980 0.000422 0.132475 0.009216 2.435172
0.817101 0.017064 0.015721 0.007926 0.000426 0.132541 0.009220 2.436848
0.817095 0.017051 0.015703 0.007938 0.000428 0.132565 0.009222 2.438533
0.817126 0.017036 0.015678 0.007929 0.000434 0.132569 0.009227 2.440202
0.817154 0.016985 0.015666 0.007936 0.000434 0.132596 0.009231 2.441903
0.817104 0.017044 0.015614 0.007952 0.000431 0.132620 0.009234 2.443541
