0.348428 0.061851 0.055764 0.032004 0.002095 0.493884 0.005974 1.620361
0.350489 0.059985 0.055689 0.031781 0.002105 0.493951 0.006001 1.626297
0.353155 0.057675 0.055501 0.031507 0.002113 0.494025 0.006024 1.632063
0.356291 0.055178 0.055168 0.031209 0.002106 0.493997 0.006051 1.637570
0.359740 0.052605 0.054681 0.030857 0.002109 0.493932 0.006075 1.642870
0.363406 0.050102 0.054080 0.030387 0.002121 0.493803 0.006101 1.647835
0.367144 0.047578 0.053423 0.029877 0.002108 0.493740 0.006130 1.652698
0.371091 0.045226 0.052649 0.029379 0.002102 0.493398 0.006155 1.657231
0.375173 0.042923 0.051816 0.028808 0.002084 0.493013 0.006184 1.661594
0.379427 0.040778 0.050819 0.028154 0.002084 0.492528 0.006211 1.665708
0.383763 0.038645 0.049864 0.027519 0.002072 0.491893 0.006246 1.669690
0.388031 0.036793 0.048751 0.026775 0.002060 0.491316 0.006274 1.673386
0.392555 0.034916 0.047637 0.026082 0.002057 0.490453 0.006299 1.676956
0.397114 0.033183 0.046528 0.025374 0.002046 0.489431 0.006324 1.680329
0.401616 0.031654 0.045312 0.024646 0.002019 0.488403 0.006349 1.683465
0.406114 0.030209 0.044096 0.023978 0.002001 0.487228 0.006376 1.686488
0.410593 0.028955 0.042910 0.023321 0.001988 0.485834 0.006400 1.689356
0.415120 0.027620 0.041821 0.022635 0.001984 0.484403 0.006419 1.692158
0.419660 0.026456 0.040577 0.021950 0.001965 0.482948 0.006445 1.694778
0.424140 0.025383 0.039438 0.021256 0.001942 0.481374 0.006468 1.697322
0.428814 0.024282 0.038313 0.020610 0.001925 0.479562 0.006492 1.699796
0.433435 0.023362 0.037189 0.019943 0.001900 0.477653 0.006519 1.702113
0.437983 0.022551 0.036035 0.019330 0.001880 0.475681 0.006541 1.704318
0.442548 0.021740 0.034878 0.018713 0.001854 0.473701 0.006568 1.706463
0.447187 0.020986 0.033840 0.018065 0.001832 0.471502 0.006589 1.708556
0.451884 0.020148 0.032800 0.017454 0.001803 0.469294 0.006616 1.710619
0.456518 0.019405 0.031749 0.016960 0.001779 0.466951 0.006636 1.712596
0.461176 0.018769 0.030802 0.016420 0.001740 0.464428 0.006663 1.714478
0.465711 0.018194 0.029799 0.015884 0.001710 0.462018 0.006684 1.716263
0.470206 0.017638 0.028895 0.015404 0.001675 0.459473 0.006709 1.718052
0.474748 0.017131 0.027959 0.014940 0.001646 0.456851 0.006727 1.719762
0.479169 0.016671 0.027076 0.014493 0.001621 0.454223 0.006748 1.721436
0.483745 0.016221 0.026244 0.014073 0.001601 0.451340 0.006776 1.723066
0.488118 0.015870 0.025482 0.013602 0.001576 0.448560 0.006793 1.724593
0.492612 0.015493 0.024670 0.013167 0.001548 0.445696 0.006814 1.726088
0.497075 0.015105 0.023922 0.012716 0.001520 0.442832 0.006833 1.727610
0.501452 0.014713 0.023159 0.012377 0.001496 0.439952 0.006851 1.729114
0.505811 0.014403 0.022427 0.012022 0.001461 0.436999 0.006876 1.730579
0.510171 0.014129 0.021777 0.011681 0.001444 0.433907 0.006892 1.731966
0.514514 0.013870 0.021122 0.011354 0.001417 0.430813 0.006910 1.733327
0.518847 0.013618 0.020512 0.011004 0.001395 0.427699 0.006925 1.734654
0.523112 0.013405 0.019912 0.010678 0.001378 0.424569 0.006946 1.735949
0.527343 0.013159 0.019340 0.010379 0.001343 0.421474 0.006963 1.737265
0.531496 0.012944 0.018877 0.010097 0.001318 0.418289 0.006980 1.738576
0.535642 0.012758 0.018343 0.009838 0.001288 0.415135 0.006996 1.739826
0.539882 0.012557 0.017857 0.009592 0.001264 0.411834 0.007016 1.741070
0.543911 0.012393 0.017400 0.009332 0.001242 0.408697 0.007026 1.742273
0.547873 0.012243 0.017018 0.009106 0.001220 0.405500 0.007041 1.743518
0.551896 0.012110 0.016616 0.008853 0.001191 0.402279 0.007055 1.744679
0.555860 0.011942 0.016195 0.008644 0.001163 0.399126 0.007070 1.745884
0.559711 0.011852 0.015786 0.008465 0.001142 0.395959 0.007084 1.747025
0.563619 0.011740 0.015387 0.008265 0.001118 0.392769 0.007100 1.748152
0.567421 0.011585 0.015093 0.008081 0.001096 0.389607 0.007118 1.749319
0.571320 0.011484 0.014730 0.007900 0.001074 0.386362 0.007131 1.750451
0.575041 0.011416 0.014429 0.007722 0.001053 0.383197 0.007142 1.751560
0.578768 0.011354 0.014126 0.007536 0.001030 0.380027 0.007161 1.752644
0.582543 0.011281 0.013842 0.007357 0.001011 0.376793 0.007173 1.753735
0.586181 0.011220 0.013592 0.007184 0.000990 0.373653 0.007181 1.754828
0.589794 0.011105 0.013342 0.007065 0.000970 0.370529 0.007196 1.755942
0.593381 0.011044 0.013105 0.006901 0.000952 0.367415 0.007203 1.757000
0.596963 0.010984 0.012846 0.006807 0.000937 0.364250 0.007214 1.758085
0.600363 0.010965 0.012618 0.006682 0.000922 0.361229 0.007221 1.759136
0.603839 0.010954 0.012395 0.006565 0.000896 0.358119 0.007233 1.760186
0.607296 0.010881 0.012191 0.006474 0.000877 0.355036 0.007244 1.761280
0.610672 0.010828 0.012055 0.006386 0.000851 0.351950 0.007258 1.762386
0.614008 0.010798 0.011871 0.006311 0.000834 0.348911 0.007267 1.763437
0.617343 0.010762 0.011722 0.006232 0.000821 0.345847 0.007274 1.764498
0.620645 0.010742 0.011591 0.006171 0.000802 0.342766 0.007284 1.765536
0.623788 0.010748 0.011440 0.006104 0.000784 0.339841 0.007297 1.766588
0.626923 0.010779 0.011283 0.006039 0.000763 0.336904 0.007310 1.767652
0.630059 0.010735 0.011208 0.005978 0.000746 0.333952 0.007323 1.768711
0.633183 0.010720 0.011056 0.005907 0.000728 0.331074 0.007331 1.769770
0.636213 0.010730 0.010953 0.005905 0.000716 0.328146 0.007339 1.770842
0.639233 0.010679 0.010893 0.005859 0.000703 0.325284 0.007350 1.771936
0.642188 0.010704 0.010805 0.005789 0.000683 0.322470 0.007361 1.772974
0.645160 0.010762 0.010705 0.005706 0.000670 0.319629 0.007368 1.773981
0.648064 0.010833 0.010580 0.005674 0.000654 0.316819 0.007376 1.774999
0.650984 0.010822 0.010539 0.005643 0.000645 0.313986 0.007383 1.776087
0.653806 0.010851 0.010471 0.005603 0.000631 0.311247 0.007392 1.777148
0.656580 0.010849 0.010440 0.005552 0.000617 0.308563 0.007400 1.778214
0.659284 0.010880 0.010397 0.005506 0.000605 0.305923 0.007407 1.779289
0.662061 0.010912 0.010329 0.005489 0.000592 0.303203 0.007416 1.780342
0.664674 0.010997 0.010294 0.005452 0.000582 0.300579 0.007423 1.781376
0.667224 0.011004 0.010288 0.005454 0.000571 0.298030 0.007429 1.782487
0.669763 0.011044 0.010271 0.005445 0.000564 0.295475 0.007438 1.783605
0.672240 0.011155 0.010226 0.005432 0.000560 0.292946 0.007442 1.784682
0.674732 0.011189 0.010224 0.005451 0.000552 0.290402 0.007451 1.785795
0.677158 0.011262 0.010212 0.005423 0.000539 0.287946 0.007460 1.786910
0.679603 0.011333 0.010168 0.005408 0.000534 0.285488 0.007468 1.788018
0.681917 0.011385 0.010187 0.005378 0.000531 0.283130 0.007472 1.789129
0.684226 0.011475 0.010182 0.005388 0.000515 0.280737 0.007477 1.790253
0.686466 0.011577 0.010195 0.005361 0.000513 0.278404 0.007483 1.791349
0.688674 0.011666 0.010200 0.005359 0.000505 0.276101 0.007494 1.792489
0.690891 0.011753 0.010185 0.005345 0.000497 0.273829 0.007499 1.793618
0.693070 0.011863 0.010223 0.005369 0.000492 0.271477 0.007504 1.794755
0.695183 0.012018 0.010207 0.005411 0.000479 0.269189 0.007513 1.795903
0.697290 0.012079 0.010241 0.005414 0.000467 0.266990 0.007520 1.797070
0.699339 0.012152 0.010240 0.005417 0.000463 0.264860 0.007530 1.798235
0.701308 0.012228 0.010268 0.005472 0.000453 0.262733 0.007537 1.799428
0.703272 0.012318 0.010269 0.005514 0.000448 0.260633 0.007547 1.800625
0.705177 0.012452 0.010328 0.005522 0.000439 0.258530 0.007553 1.801827
0.707053 0.012552 0.010414 0.005533 0.000436 0.256456 0.007558 1.803056
0.708813 0.012644 0.010491 0.005568 0.000431 0.254491 0.007562 1.804325
0.710679 0.012757 0.010517 0.005615 0.000425 0.252442 0.007567 1.805541
0.712466 0.012859 0.010596 0.005654 0.000422 0.250429 0.007575 1.806802
0.714228 0.012937 0.010740 0.005692 0.000419 0.248403 0.007582 1.808094
0.715833 0.013044 0.010854 0.005735 0.000414 0.246536 0.007586 1.809399
0.717468 0.013164 0.010939 0.005734 0.000410 0.244694 0.007591 1.810683
0.719164 0.013242 0.011020 0.005772 0.000406 0.242801 0.007595 1.812016
0.720699 0.013371 0.011133 0.005802 0.000403 0.240994 0.007599 1.813348
0.722220 0.013542 0.011186 0.005857 0.000404 0.239189 0.007602 1.814647
0.723728 0.013666 0.011208 0.005915 0.000405 0.237474 0.007605 1.815968
0.725118 0.013806 0.011318 0.005947 0.000403 0.235798 0.007611 1.817344
0.726581 0.013983 0.011345 0.005974 0.000403 0.234098 0.007616 1.818671
0.727951 0.014127 0.011451 0.006006 0.000404 0.232442 0.007620 1.820036
0.729289 0.014283 0.011549 0.006036 0.000403 0.230817 0.007624 1.821431
0.730650 0.014435 0.011664 0.006062 0.000401 0.229162 0.007628 1.822855
0.731902 0.014610 0.011758 0.006117 0.000393 0.227587 0.007634 1.824294
0.733137 0.014790 0.011828 0.006187 0.000388 0.226032 0.007638 1.825708
0.734341 0.014954 0.011937 0.006232 0.000383 0.224510 0.007644 1.827143
0.735492 0.015116 0.012062 0.006317 0.000386 0.222983 0.007645 1.828660
0.736612 0.015261 0.012177 0.006388 0.000381 0.221533 0.007649 1.830130
0.737641 0.015412 0.012285 0.006454 0.000382 0.220172 0.007654 1.831649
0.738700 0.015632 0.012379 0.006492 0.000378 0.218759 0.007660 1.833138
0.739745 0.015770 0.012502 0.006572 0.000376 0.217374 0.007662 1.834676
0.740680 0.015942 0.012633 0.006672 0.000375 0.216032 0.007666 1.836261
0.741646 0.016117 0.012724 0.006728 0.000372 0.214745 0.007670 1.837795
0.742559 0.016267 0.012829 0.006853 0.000372 0.213446 0.007675 1.839407
0.743495 0.016433 0.012950 0.006910 0.000372 0.212159 0.007680 1.841027
0.744282 0.016602 0.013067 0.007004 0.000377 0.210984 0.007683 1.842668
0.745068 0.016796 0.013177 0.007077 0.000375 0.209821 0.007686 1.844296
0.745816 0.017037 0.013291 0.007151 0.000376 0.208641 0.007690 1.845927
0.746555 0.017238 0.013410 0.007216 0.000376 0.207510 0.007695 1.847587
0.747223 0.017449 0.013565 0.007339 0.000372 0.206353 0.007699 1.849312
0.747883 0.017668 0.013738 0.007421 0.000369 0.205216 0.007705 1.851048
0.748516 0.017863 0.013912 0.007502 0.000373 0.204127 0.007708 1.852784
0.749132 0.018053 0.014125 0.007574 0.000380 0.203025 0.007712 1.854545
0.749689 0.018226 0.014299 0.007646 0.000381 0.202044 0.007716 1.856336
0.750303 0.018385 0.014426 0.007675 0.000388 0.201103 0.007722 1.858101
0.750850 0.018558 0.014559 0.007744 0.000389 0.200174 0.007727 1.859918
0.751346 0.018728 0.014705 0.007835 0.000389 0.199265 0.007732 1.861744
0.751787 0.018903 0.014856 0.007941 0.000387 0.198391 0.007736 1.863599
0.752218 0.019074 0.015050 0.008006 0.000389 0.197525 0.007738 1.865471
0.752628 0.019271 0.015137 0.008081 0.000391 0.196748 0.007745 1.867304
0.753021 0.019410 0.015274 0.008193 0.000392 0.195962 0.007748 1.869215
0.753343 0.019559 0.015482 0.008290 0.000398 0.195175 0.007754 1.871151
0.753679 0.019764 0.015612 0.008358 0.000397 0.194431 0.007760 1.873046
0.753940 0.019957 0.015735 0.008428 0.000394 0.193782 0.007764 1.874995
0.754267 0.020115 0.015908 0.008473 0.000389 0.193076 0.007770 1.876938
0.754502 0.020313 0.016078 0.008563 0.000389 0.192379 0.007777 1.878938
0.754702 0.020520 0.016177 0.008666 0.000391 0.191761 0.007784 1.880951
0.754982 0.020696 0.016344 0.008750 0.000393 0.191048 0.007788 1.882982
0.755155 0.020876 0.016508 0.008824 0.000396 0.190451 0.007792 1.885010
0.755405 0.020986 0.016677 0.008899 0.000398 0.189840 0.007797 1.887060
0.755530 0.021159 0.016791 0.009003 0.000402 0.189314 0.007802 1.889124
0.755642 0.021378 0.016912 0.009066 0.000413 0.188784 0.007805 1.891173
0.755781 0.021452 0.017095 0.009124 0.000423 0.188319 0.007807 1.893278
0.755896 0.021606 0.017231 0.009190 0.000431 0.187837 0.007810 1.895371
0.756042 0.021673 0.017403 0.009251 0.000440 0.187375 0.007816 1.897517
0.756056 0.021807 0.017564 0.009298 0.000450 0.187002 0.007823 1.899681
0.756239 0.021882 0.017686 0.009326 0.000452 0.186585 0.007830 1.901803
0.756324 0.021976 0.017833 0.009411 0.000455 0.186169 0.007833 1.903960
0.756309 0.022155 0.017940 0.009524 0.000449 0.185785 0.007838 1.906096
0.756401 0.022172 0.018157 0.009559 0.000455 0.185415 0.007843 1.908310
0.756468 0.022257 0.018336 0.009645 0.000451 0.184997 0.007847 1.910531
0.756478 0.022358 0.018428 0.009743 0.000457 0.184687 0.007850 1.912698
0.756491 0.022493 0.018538 0.009775 0.000461 0.184385 0.007857 1.914853
0.756473 0.022582 0.018717 0.009888 0.000465 0.184015 0.007860 1.917090
0.756401 0.022721 0.018859 0.009959 0.000465 0.183728 0.007869 1.919328
0.756384 0.022804 0.018977 0.010013 0.000467 0.183479 0.007876 1.921585
0.756424 0.022820 0.019091 0.010108 0.000474 0.183204 0.007880 1.923850
0.756463 0.022851 0.019209 0.010147 0.000475 0.182967 0.007888 1.926060
0.756381 0.022934 0.019349 0.010229 0.000476 0.182734 0.007897 1.928318
0.756327 0.023062 0.019457 0.010226 0.000478 0.182548 0.007902 1.930560
0.756288 0.023114 0.019568 0.010262 0.000496 0.182365 0.007907 1.932827
0.756239 0.023188 0.019599 0.010319 0.000492 0.182248 0.007915 1.935087
0.756180 0.023238 0.019632 0.010377 0.000499 0.182153 0.007921 1.937326
0.756167 0.023265 0.019739 0.010428 0.000502 0.181972 0.007928 1.939593
0.756116 0.023274 0.019811 0.010461 0.000500 0.181902 0.007937 1.941906
0.756070 0.023366 0.019873 0.010492 0.000508 0.181751 0.007940 1.944126
0.756108 0.023321 0.019938 0.010521 0.000501 0.181666 0.007946 1.946409
0.756034 0.023341 0.020006 0.010561 0.000505 0.181601 0.007953 1.948704
0.755974 0.023349 0.020066 0.010603 0.000507 0.181539 0.007963 1.950999
0.755888 0.023427 0.020132 0.010561 0.000510 0.181512 0.007970 1.953254
0.755876 0.023413 0.020201 0.010591 0.000508 0.181436 0.007977 1.955568
0.755781 0.023410 0.020305 0.010610 0.000504 0.181406 0.007985 1.957892
0.755775 0.023322 0.020425 0.010649 0.000507 0.181332 0.007990 1.960246
0.755707 0.023360 0.020477 0.010666 0.000516 0.181280 0.007995 1.962535
0.755561 0.023388 0.020547 0.010660 0.000519 0.181323 0.008002 1.964858
0.755572 0.023448 0.020529 0.010647 0.000524 0.181271 0.008010 1.967074
0.755593 0.023399 0.020567 0.010692 0.000529 0.181203 0.008018 1.969370
0.755560 0.023395 0.020548 0.010708 0.000531 0.181235 0.008023 1.971691
0.755516 0.023422 0.020554 0.010761 0.000542 0.181178 0.008027 1.973996
0.755535 0.023363 0.020601 0.010811 0.000537 0.181121 0.008032 1.976339
0.755500 0.023381 0.020671 0.010817 0.000540 0.181054 0.008037 1.978655
0.755486 0.023274 0.020737 0.010851 0.000545 0.181064 0.008042 1.981014
0.755520 0.023230 0.020706 0.010867 0.000551 0.181078 0.008048 1.983305
0.755531 0.023231 0.020768 0.010852 0.000555 0.181007 0.008056 1.985532
0.755566 0.023229 0.020751 0.010874 0.000553 0.180965 0.008062 1.987785
0.755506 0.023180 0.020832 0.010879 0.000557 0.180975 0.008070 1.990095
0.755487 0.023118 0.020835 0.010896 0.000563 0.181026 0.008074 1.992415
0.755491 0.023104 0.020851 0.010869 0.000570 0.181034 0.008080 1.994700
0.755499 0.023009 0.020877 0.010907 0.000574 0.181046 0.008089 1.997023
0.755553 0.023011 0.020792 0.010876 0.000577 0.181095 0.008096 1.999233
0.755575 0.022971 0.020844 0.010874 0.000582 0.181051 0.008103 2.001524
0.755661 0.022909 0.020890 0.010835 0.000587 0.181010 0.008109 2.003791
0.755683 0.022915 0.020852 0.010844 0.000590 0.181001 0.008115 2.006032
0.755726 0.022871 0.020840 0.010867 0.000584 0.180990 0.008122 2.008270
0.755775 0.022818 0.020853 0.010881 0.000581 0.180961 0.008130 2.010545
0.755847 0.022736 0.020834 0.010887 0.000585 0.180975 0.008135 2.012788
0.755951 0.022710 0.020824 0.010859 0.000590 0.180927 0.008140 2.014977
0.755922 0.022788 0.020804 0.010805 0.000599 0.180935 0.008147 2.017194
0.755876 0.022747 0.020798 0.010765 0.000594 0.181062 0.008159 2.019454
0.755993 0.022737 0.020699 0.010719 0.000587 0.181098 0.008166 2.021628
0.756093 0.022696 0.020680 0.010711 0.000594 0.181053 0.008172 2.023836
0.756149 0.022626 0.020675 0.010757 0.000591 0.181020 0.008182 2.026094
0.756073 0.022671 0.020611 0.010733 0.000593 0.181132 0.008187 2.028282
0.756108 0.022598 0.020600 0.010770 0.000592 0.181139 0.008193 2.030534
0.756240 0.022608 0.020560 0.010724 0.000585 0.181086 0.008199 2.032680
0.756331 0.022558 0.020492 0.010736 0.000579 0.181096 0.008207 2.034835
0.756360 0.022595 0.020490 0.010683 0.000577 0.181083 0.008213 2.037006
0.756478 0.022527 0.020429 0.010667 0.000574 0.181104 0.008221 2.039197
0.756534 0.022569 0.020393 0.010660 0.000574 0.181041 0.008229 2.041350
0.756675 0.022513 0.020344 0.010672 0.000578 0.180986 0.008234 2.043556
0.756897 0.022442 0.020323 0.010632 0.000587 0.180882 0.008238 2.045716
0.757085 0.022346 0.020296 0.010674 0.000581 0.180768 0.008251 2.047917
0.757298 0.022210 0.020277 0.010652 0.000581 0.180723 0.008260 2.050115
0.757407 0.022174 0.020297 0.010618 0.000586 0.180652 0.008266 2.052252
0.757588 0.022100 0.020253 0.010581 0.000581 0.180622 0.008276 2.054421
0.757754 0.022021 0.020235 0.010542 0.000582 0.180587 0.008280 2.056589
0.757925 0.021948 0.020232 0.010546 0.000568 0.180492 0.008289 2.058764
0.758135 0.021801 0.020212 0.010570 0.000570 0.180420 0.008293 2.060963
0.758322 0.021803 0.020101 0.010494 0.000576 0.180405 0.008299 2.063048
0.758503 0.021766 0.020067 0.010491 0.000577 0.180293 0.008303 2.065205
0.758739 0.021690 0.020027 0.010477 0.000578 0.180178 0.008310 2.067320
0.758922 0.021644 0.020003 0.010465 0.000586 0.180066 0.008315 2.069430
0.759133 0.021556 0.019993 0.010468 0.000591 0.179938 0.008322 2.071547
0.759328 0.021468 0.019921 0.010475 0.000590 0.179889 0.008329 2.073659
0.759561 0.021389 0.019881 0.010445 0.000590 0.179797 0.008337 2.075755
0.759846 0.021282 0.019797 0.010426 0.000590 0.179713 0.008347 2.077857
0.760041 0.021237 0.019733 0.010413 0.000593 0.179631 0.008351 2.079957
0.760283 0.021093 0.019748 0.010430 0.000590 0.179499 0.008358 2.082101
0.760570 0.021034 0.019674 0.010407 0.000587 0.179365 0.008364 2.084149
0.760806 0.021041 0.019583 0.010364 0.000583 0.179251 0.008372 2.086167
0.761031 0.021009 0.019481 0.010346 0.000582 0.179172 0.008380 2.088215
0.761312 0.020909 0.019442 0.010318 0.000572 0.179057 0.008391 2.090293
0.761542 0.020882 0.019415 0.010295 0.000568 0.178897 0.008402 2.092352
0.761782 0.020797 0.019441 0.010256 0.000569 0.178747 0.008411 2.094433
0.761980 0.020764 0.019387 0.010219 0.000568 0.178666 0.008417 2.096454
0.762244 0.020643 0.019364 0.010229 0.000564 0.178530 0.008426 2.098529
0.762553 0.020536 0.019341 0.010223 0.000565 0.178351 0.008431 2.100585
0.762812 0.020458 0.019277 0.010176 0.000573 0.178268 0.008437 2.102609
0.763089 0.020344 0.019213 0.010147 0.000580 0.178185 0.008444 2.104647
0.763397 0.020215 0.019232 0.010085 0.000577 0.178047 0.008450 2.106671
0.763626 0.020240 0.019202 0.010040 0.000565 0.177868 0.008460 2.108642
0.763914 0.020226 0.019097 0.010005 0.000566 0.177726 0.008466 2.110588
0.764199 0.020183 0.019049 0.009955 0.000567 0.177577 0.008470 2.112599
0.764461 0.020145 0.019030 0.009926 0.000569 0.177394 0.008475 2.114609
0.764746 0.020156 0.018906 0.009907 0.000568 0.177236 0.008482 2.116511
0.765069 0.020083 0.018912 0.009867 0.000570 0.177012 0.008487 2.118495
0.765327 0.020094 0.018897 0.009845 0.000572 0.176773 0.008493 2.120487
0.765614 0.020016 0.018897 0.009802 0.000571 0.176601 0.008501 2.122469
0.765857 0.020018 0.018767 0.009752 0.000573 0.176529 0.008505 2.124407
0.766190 0.020046 0.018653 0.009758 0.000571 0.176272 0.008510 2.126307
0.766459 0.020006 0.018548 0.009710 0.000576 0.176185 0.008517 2.128262
0.766716 0.019999 0.018528 0.009670 0.000575 0.175987 0.008525 2.130209
0.766936 0.020017 0.018498 0.009661 0.000574 0.175784 0.008530 2.132158
0.767208 0.020055 0.018430 0.009649 0.000566 0.175555 0.008538 2.134043
0.767475 0.020017 0.018429 0.009630 0.000566 0.175339 0.008545 2.136038
0.767739 0.020010 0.018403 0.009598 0.000560 0.175136 0.008554 2.137984
0.767881 0.020057 0.018390 0.009574 0.000554 0.174985 0.008560 2.139959
0.768119 0.019985 0.018380 0.009556 0.000551 0.174843 0.008568 2.141927
0.768427 0.019955 0.018343 0.009529 0.000544 0.174628 0.008574 2.143860
0.768632 0.019927 0.018303 0.009508 0.000541 0.174508 0.008581 2.145802
0.768890 0.019869 0.018326 0.009498 0.000544 0.174288 0.008586 2.147798
0.769197 0.019863 0.018257 0.009432 0.000548 0.174110 0.008594 2.149704
0.769336 0.019956 0.018148 0.009407 0.000541 0.174010 0.008602 2.151601
0.769571 0.019926 0.018136 0.009400 0.000542 0.173819 0.008606 2.153583
0.769847 0.019880 0.018092 0.009438 0.000541 0.173591 0.008611 2.155548
0.770146 0.019736 0.018135 0.009420 0.000543 0.173403 0.008616 2.157538
0.770377 0.019705 0.018165 0.009433 0.000542 0.173155 0.008624 2.159535
0.770633 0.019647 0.018076 0.009423 0.000542 0.173051 0.008629 2.161477
0.770924 0.019555 0.018086 0.009449 0.000544 0.172807 0.008634 2.163463
0.771221 0.019576 0.018065 0.009417 0.000546 0.172534 0.008641 2.165330
0.771429 0.019592 0.018052 0.009391 0.000545 0.172347 0.008644 2.167261
0.771734 0.019522 0.018018 0.009390 0.000547 0.172138 0.008651 2.169189
0.772008 0.019470 0.018013 0.009368 0.000547 0.171937 0.008657 2.171133
0.772177 0.019456 0.018038 0.009383 0.000546 0.171736 0.008664 2.173122
0.772433 0.019389 0.017960 0.009354 0.000554 0.171639 0.008672 2.175069
0.772720 0.019378 0.017994 0.009309 0.000555 0.171369 0.008675 2.176971
0.772974 0.019385 0.017953 0.009300 0.000554 0.171156 0.008678 2.178868
0.773161 0.019417 0.017915 0.009270 0.000543 0.171010 0.008684 2.180755
0.773432 0.019353 0.017926 0.009275 0.000539 0.170781 0.008693 2.182688
0.773694 0.019362 0.017881 0.009219 0.000541 0.170602 0.008700 2.184566
0.773892 0.019399 0.017852 0.009209 0.000536 0.170408 0.008704 2.186464
0.774160 0.019401 0.017802 0.009174 0.000543 0.170212 0.008709 2.188346
0.774311 0.019441 0.017796 0.009177 0.000536 0.170024 0.008716 2.190214
0.774493 0.019419 0.017774 0.009140 0.000541 0.169911 0.008722 2.192134
0.774729 0.019492 0.017770 0.009111 0.000539 0.169628 0.008731 2.194010
0.774931 0.019418 0.017823 0.009144 0.000534 0.169411 0.008739 2.195979
0.775110 0.019471 0.017819 0.009128 0.000535 0.169194 0.008745 2.197858
0.775308 0.019507 0.017762 0.009131 0.000545 0.168997 0.008750 2.199758
0.775468 0.019504 0.017746 0.009159 0.000542 0.168828 0.008753 2.201714
0.775616 0.019500 0.017776 0.009144 0.000541 0.168665 0.008758 2.203677
0.775791 0.019505 0.017783 0.009161 0.000546 0.168450 0.008764 2.205584
0.775990 0.019522 0.017769 0.009154 0.000552 0.168246 0.008767 2.207469
0.776196 0.019536 0.017778 0.009184 0.000555 0.167978 0.008773 2.209394
0.776304 0.019582 0.017767 0.009167 0.000551 0.167851 0.008777 2.211287
0.776535 0.019522 0.017782 0.009163 0.000550 0.167666 0.008782 2.213211
0.776683 0.019545 0.017797 0.009182 0.000549 0.167458 0.008787 2.215137
0.776892 0.019557 0.017776 0.009207 0.000550 0.167225 0.008794 2.217057
0.776934 0.019737 0.017779 0.009180 0.000554 0.167016 0.008800 2.218923
0.777085 0.019804 0.017771 0.009155 0.000547 0.166832 0.008806 2.220827
0.777197 0.019903 0.017750 0.009157 0.000545 0.166638 0.008811 2.222730
0.777327 0.019907 0.017757 0.009170 0.000545 0.166478 0.008816 2.224700
0.777459 0.019849 0.017812 0.009159 0.000548 0.166350 0.008824 2.226687
0.777553 0.019881 0.017850 0.009135 0.000551 0.166202 0.008829 2.228629
0.777664 0.019862 0.017852 0.009117 0.000556 0.166112 0.008836 2.230603
0.777780 0.019922 0.017844 0.009125 0.000554 0.165935 0.008842 2.232523
0.777858 0.019969 0.017828 0.009117 0.000557 0.165824 0.008847 2.234453
0.777946 0.019971 0.017868 0.009140 0.000546 0.165670 0.008859 2.236424
0.778034 0.019995 0.017840 0.009117 0.000543 0.165606 0.008866 2.238321
0.778159 0.019982 0.017857 0.009133 0.000541 0.165457 0.008872 2.240279
0.778256 0.020019 0.017812 0.009136 0.000545 0.165354 0.008879 2.242225
0.778291 0.020052 0.017851 0.009155 0.000543 0.165222 0.008886 2.244205
0.778412 0.020095 0.017823 0.009148 0.000545 0.165086 0.008891 2.246126
0.778531 0.020101 0.017811 0.009162 0.000544 0.164956 0.008895 2.248074
0.778616 0.020131 0.017810 0.009185 0.000548 0.164809 0.008901 2.250016
0.778643 0.020116 0.017847 0.009200 0.000546 0.164742 0.008907 2.252003
0.778742 0.020057 0.017933 0.009181 0.000542 0.164634 0.008911 2.254027
0.778814 0.020124 0.017922 0.009172 0.000539 0.164508 0.008922 2.255962
0.778886 0.020227 0.017893 0.009140 0.000547 0.164377 0.008929 2.257851
0.779027 0.020144 0.017967 0.009174 0.000547 0.164208 0.008934 2.259860
0.779185 0.020111 0.017985 0.009179 0.000545 0.164055 0.008940 2.261832
0.779300 0.020107 0.018029 0.009152 0.000544 0.163921 0.008946 2.263781
0.779369 0.020136 0.017979 0.009170 0.000552 0.163841 0.008954 2.265707
0.779533 0.020080 0.017982 0.009198 0.000543 0.163704 0.008961 2.267694
0.779604 0.020074 0.017936 0.009214 0.000545 0.163660 0.008967 2.269646
0.779601 0.020161 0.017893 0.009156 0.000552 0.163665 0.008973 2.271556
0.779663 0.020111 0.017929 0.009164 0.000548 0.163605 0.008979 2.273576
0.779705 0.020140 0.017903 0.009185 0.000549 0.163533 0.008986 2.275543
0.779737 0.020157 0.017948 0.009220 0.000543 0.163404 0.008991 2.277509
0.779779 0.020195 0.017998 0.009246 0.000542 0.163243 0.008997 2.279496
0.779776 0.020216 0.018039 0.009251 0.000540 0.163173 0.009005 2.281494
0.779817 0.020210 0.018058 0.009273 0.000540 0.163093 0.009008 2.283497
0.779909 0.020233 0.018075 0.009261 0.000537 0.162972 0.009014 2.285443
0.779921 0.020257 0.018073 0.009264 0.000536 0.162929 0.009020 2.287418
0.779926 0.020310 0.018114 0.009252 0.000536 0.162835 0.009026 2.289364
0.779951 0.020377 0.018092 0.009289 0.000533 0.162724 0.009034 2.291350
0.780001 0.020369 0.018129 0.009264 0.000532 0.162667 0.009039 2.293314
0.780005 0.020391 0.018135 0.009265 0.000528 0.162632 0.009044 2.295275
0.780084 0.020392 0.018163 0.009288 0.000529 0.162492 0.009053 2.297282
0.780124 0.020392 0.018159 0.009354 0.000535 0.162377 0.009059 2.299284
0.780108 0.020377 0.018167 0.009416 0.000531 0.162335 0.009066 2.301311
0.780044 0.020484 0.018169 0.009398 0.000531 0.162301 0.009073 2.303264
0.780040 0.020560 0.018178 0.009386 0.000537 0.162223 0.009078 2.305226
0.780059 0.020553 0.018167 0.009406 0.000533 0.162200 0.009083 2.307241
0.780032 0.020534 0.018244 0.009427 0.000529 0.162145 0.009089 2.309286
0.779976 0.020532 0.018316 0.009434 0.000529 0.162120 0.009094 2.311330
0.779994 0.020496 0.018270 0.009465 0.000524 0.162153 0.009100 2.313360
0.780067 0.020444 0.018284 0.009450 0.000527 0.162121 0.009108 2.315386
0.780010 0.020479 0.018321 0.009454 0.000528 0.162093 0.009116 2.317390
0.780038 0.020439 0.018328 0.009443 0.000531 0.162097 0.009123 2.319419
0.780188 0.020347 0.018376 0.009452 0.000538 0.161972 0.009127 2.321495
0.780203 0.020313 0.018406 0.009471 0.000543 0.161932 0.009132 2.323521
0.780177 0.020386 0.018427 0.009462 0.000545 0.161869 0.009136 2.325477
0.780233 0.020418 0.018444 0.009433 0.000541 0.161789 0.009142 2.327471
0.780257 0.020417 0.018467 0.009414 0.000549 0.161750 0.009147 2.329486
0.780314 0.020365 0.018421 0.009456 0.000549 0.161738 0.009156 2.331474
0.780296 0.020401 0.018363 0.009459 0.000536 0.161778 0.009166 2.333432
0.780277 0.020442 0.018358 0.009427 0.000538 0.161788 0.009170 2.335398
0.780349 0.020405 0.018346 0.009447 0.000546 0.161733 0.009174 2.337382
0.780409 0.020391 0.018358 0.009445 0.000543 0.161672 0.009183 2.339392
0.780475 0.020375 0.018434 0.009449 0.000540 0.161538 0.009189 2.341413
0.780463 0.020357 0.018442 0.009458 0.000542 0.161546 0.009194 2.343424
0.780505 0.020334 0.018436 0.009458 0.000545 0.161523 0.009199 2.345443
0.780552 0.020325 0.018414 0.009514 0.000543 0.161444 0.009207 2.347453
0.780465 0.020459 0.018362 0.009484 0.000545 0.161473 0.009213 2.349390
0.780436 0.020481 0.018374 0.009496 0.000544 0.161450 0.009220 2.351391
0.780461 0.020553 0.018391 0.009478 0.000545 0.161345 0.009227 2.353370
0.780459 0.020603 0.018424 0.009469 0.000545 0.161267 0.009233 2.355332
0.780419 0.020715 0.018415 0.009464 0.000542 0.161211 0.009237 2.357286
0.780416 0.020709 0.018439 0.009501 0.000535 0.161156 0.009244 2.359320
0.780449 0.020658 0.018443 0.009534 0.000537 0.161131 0.009249 2.361338
0.780432 0.020659 0.018503 0.009579 0.000532 0.161041 0.009256 2.363389
0.780406 0.020639 0.018538 0.009591 0.000535 0.161032 0.009261 2.365428
0.780425 0.020610 0.018589 0.009572 0.000538 0.161000 0.009267 2.367458
0.780382 0.020620 0.018578 0.009573 0.000545 0.161029 0.009273 2.369495
0.780330 0.020622 0.018554 0.009588 0.000542 0.161083 0.009281 2.371516
0.780291 0.020622 0.018617 0.009555 0.000543 0.161087 0.009286 2.373560
0.780301 0.020671 0.018563 0.009565 0.000545 0.161061 0.009295 2.375546
0.780360 0.020662 0.018591 0.009570 0.000544 0.160974 0.009299 2.377571
0.780370 0.020683 0.018576 0.009628 0.000547 0.160894 0.009302 2.379589
0.780353 0.020706 0.018607 0.009571 0.000550 0.160903 0.009310 2.381600
0.780335 0.020717 0.018576 0.009598 0.000560 0.160901 0.009314 2.383601
0.780370 0.020602 0.018591 0.009641 0.000559 0.160917 0.009320 2.385706
0.780255 0.020754 0.018520 0.009637 0.000550 0.160957 0.009328 2.387651
0.780173 0.020772 0.018538 0.009657 0.000544 0.160984 0.009334 2.389717
0.780140 0.020766 0.018537 0.009677 0.000535 0.161004 0.009341 2.391771
0.780165 0.020741 0.018545 0.009691 0.000535 0.160971 0.009350 2.393807
0.780150 0.020731 0.018488 0.009721 0.000539 0.161013 0.009358 2.395842
0.780068 0.020742 0.018539 0.009727 0.000537 0.161023 0.009364 2.397885
0.780088 0.020727 0.018533 0.009743 0.000533 0.161004 0.009372 2.399901
0.780068 0.020824 0.018474 0.009741 0.000539 0.160979 0.009377 2.401870
0.780048 0.020824 0.018461 0.009784 0.000543 0.160959 0.009381 2.403904
0.780105 0.020805 0.018513 0.009750 0.000543 0.160896 0.009388 2.405941
0.780058 0.020830 0.018561 0.009736 0.000539 0.160881 0.009396 2.407991
0.780053 0.020799 0.018551 0.009748 0.000537 0.160910 0.009403 2.410008
0.780105 0.020800 0.018555 0.009759 0.000548 0.160825 0.009408 2.412025
0.780054 0.020781 0.018607 0.009786 0.000549 0.160811 0.009413 2.414100
0.779938 0.020822 0.018585 0.009760 0.000541 0.160934 0.009420 2.416107
0.779887 0.020889 0.018579 0.009733 0.000543 0.160942 0.009427 2.418114
0.779826 0.020838 0.018596 0.009758 0.000552 0.161000 0.009432 2.420195
0.779777 0.020800 0.018597 0.009743 0.000547 0.161095 0.009441 2.422246
0.779743 0.020811 0.018609 0.009780 0.000548 0.161064 0.009446 2.424281
0.779713 0.020841 0.018587 0.009742 0.000543 0.161122 0.009452 2.426280
0.779638 0.020786 0.018577 0.009767 0.000543 0.161231 0.009459 2.428358
0.779641 0.020719 0.018578 0.009804 0.000538 0.161254 0.009467 2.430427
0.779596 0.020723 0.018551 0.009794 0.000544 0.161322 0.009472 2.432467
0.779616 0.020615 0.018636 0.009804 0.000543 0.161312 0.009475 2.434564
0.779604 0.020566 0.018699 0.009811 0.000541 0.161296 0.009483 2.436642
0.779618 0.020546 0.018713 0.009782 0.000539 0.161315 0.009488 2.438662
0.779623 0.020535 0.018716 0.009748 0.000534 0.161351 0.009493 2.440662
0.779555 0.020581 0.018660 0.009752 0.000527 0.161420 0.009505 2.442686
0.779603 0.020525 0.018701 0.009788 0.000527 0.161345 0.009511 2.444737
0.779605 0.020419 0.018737 0.009823 0.000525 0.161375 0.009518 2.446814
0.779596 0.020411 0.018745 0.009799 0.000526 0.161401 0.009523 2.448842
0.779578 0.020421 0.018788 0.009761 0.000532 0.161390 0.009530 2.450865
0.779550 0.020396 0.018784 0.009790 0.000545 0.161402 0.009534 2.452906
0.779558 0.020347 0.018781 0.009738 0.000546 0.161491 0.009540 2.454924
0.779594 0.020310 0.018755 0.009732 0.000553 0.161512 0.009545 2.456920
0.779596 0.020305 0.018755 0.009761 0.000539 0.161489 0.009555 2.458938
0.779613 0.020294 0.018716 0.009732 0.000542 0.161544 0.009560 2.460903
0.779539 0.020374 0.018697 0.009758 0.000544 0.161525 0.009565 2.462905
0.779519 0.020368 0.018752 0.009774 0.000551 0.161466 0.009570 2.464958
0.779586 0.020276 0.018750 0.009803 0.000558 0.161453 0.009574 2.466996
0.779641 0.020227 0.018759 0.009803 0.000562 0.161425 0.009583 2.469009
0.779626 0.020320 0.018750 0.009738 0.000565 0.161413 0.009586 2.470927
0.779718 0.020195 0.018767 0.009754 0.000560 0.161415 0.009592 2.472972
0.779723 0.020239 0.018758 0.009688 0.000561 0.161434 0.009598 2.474940
0.779769 0.020252 0.018697 0.009684 0.000554 0.161440 0.009604 2.476904
0.779791 0.020237 0.018698 0.009686 0.000561 0.161417 0.009611 2.478897
0.779842 0.020231 0.018671 0.009701 0.000565 0.161374 0.009616 2.480905
0.779909 0.020247 0.018642 0.009676 0.000565 0.161340 0.009622 2.482866
0.779987 0.020215 0.018645 0.009683 0.000558 0.161285 0.009629 2.484881
0.780043 0.020174 0.018608 0.009682 0.000555 0.161299 0.009641 2.486893
0.780025 0.020198 0.018574 0.009674 0.000552 0.161327 0.009651 2.488850
0.780026 0.020175 0.018580 0.009640 0.000558 0.161361 0.009659 2.490844
0.780033 0.020195 0.018503 0.009634 0.000562 0.161409 0.009665 2.492843
0.780012 0.020216 0.018496 0.009642 0.000556 0.161404 0.009674 2.494846
0.780043 0.020186 0.018492 0.009608 0.000553 0.161442 0.009677 2.496826
0.780101 0.020157 0.018502 0.009572 0.000555 0.161431 0.009684 2.498790
0.780067 0.020216 0.018585 0.009546 0.000553 0.161340 0.009693 2.500796
0.780054 0.020225 0.018606 0.009561 0.000556 0.161302 0.009696 2.502805
0.780160 0.020228 0.018590 0.009529 0.000562 0.161231 0.009700 2.504758
0.780234 0.020198 0.018587 0.009571 0.000553 0.161150 0.009709 2.506757
0.780236 0.020145 0.018581 0.009604 0.000555 0.161166 0.009714 2.508799
0.780258 0.020141 0.018616 0.009630 0.000554 0.161079 0.009723 2.510813
0.780244 0.020143 0.018576 0.009631 0.000552 0.161125 0.009729 2.512795
0.780288 0.020164 0.018568 0.009586 0.000553 0.161110 0.009732 2.514773
0.780319 0.020205 0.018540 0.009553 0.000546 0.161099 0.009738 2.516722
0.780404 0.020204 0.018480 0.009514 0.000543 0.161107 0.009746 2.518672
0.780344 0.020265 0.018396 0.009557 0.000543 0.161145 0.009749 2.520652
0.780386 0.020249 0.018391 0.009549 0.000548 0.161124 0.009754 2.522646
0.780371 0.020210 0.018432 0.009560 0.000543 0.161125 0.009760 2.524678
0.780343 0.020255 0.018420 0.009565 0.000541 0.161105 0.009771 2.526674
0.780409 0.020252 0.018370 0.009552 0.000535 0.161108 0.009775 2.528644
0.780439 0.020273 0.018328 0.009502 0.000537 0.161138 0.009782 2.530610
0.780449 0.020348 0.018301 0.009495 0.000533 0.161086 0.009789 2.532569
0.780443 0.020407 0.018284 0.009512 0.000527 0.161031 0.009795 2.534523
0.780527 0.020340 0.018281 0.009538 0.000528 0.160987 0.009800 2.536578
0.780556 0.020354 0.018263 0.009527 0.000531 0.160962 0.009807 2.538579
0.780578 0.020340 0.018267 0.009519 0.000541 0.160946 0.009810 2.540570
0.780622 0.020327 0.018264 0.009510 0.000541 0.160919 0.009817 2.542575
0.780669 0.020296 0.018310 0.009529 0.000537 0.160836 0.009824 2.544577
0.780625 0.020447 0.018256 0.009534 0.000532 0.160775 0.009830 2.546482
0.780645 0.020434 0.018234 0.009559 0.000525 0.160767 0.009836 2.548457
0.780666 0.020474 0.018211 0.009560 0.000525 0.160721 0.009842 2.550436
0.780599 0.020519 0.018310 0.009556 0.000518 0.160647 0.009851 2.552431
0.780664 0.020395 0.018361 0.009542 0.000512 0.160666 0.009859 2.554462
0.780656 0.020459 0.018311 0.009509 0.000513 0.160682 0.009869 2.556385
0.780683 0.020437 0.018387 0.009505 0.000513 0.160599 0.009876 2.558407
0.780729 0.020424 0.018395 0.009541 0.000511 0.160515 0.009884 2.560385
0.780698 0.020459 0.018379 0.009551 0.000504 0.160518 0.009892 2.562378
0.780763 0.020445 0.018429 0.009561 0.000493 0.160412 0.009898 2.564355
0.780769 0.020436 0.018424 0.009499 0.000489 0.160481 0.009903 2.566330
0.780771 0.020432 0.018460 0.009501 0.000495 0.160435 0.009907 2.568333
0.780783 0.020457 0.018416 0.009525 0.000503 0.160405 0.009913 2.570331
0.780823 0.020426 0.018417 0.009568 0.000501 0.160345 0.009920 2.572353
0.780798 0.020470 0.018426 0.009580 0.000497 0.160298 0.009931 2.574350
0.780852 0.020475 0.018417 0.009565 0.000496 0.160254 0.009940 2.576314
0.780758 0.020463 0.018452 0.009558 0.000493 0.160332 0.009945 2.578318
0.780774 0.020437 0.018506 0.009562 0.000495 0.160274 0.009952 2.580342
0.780789 0.020418 0.018487 0.009561 0.000490 0.160298 0.009957 2.582332
0.780917 0.020320 0.018494 0.009587 0.000489 0.160227 0.009966 2.584360
0.780926 0.020319 0.018501 0.009606 0.000493 0.160182 0.009971 2.586369
0.780855 0.020303 0.018480 0.009609 0.000498 0.160277 0.009977 2.588367
0.780791 0.020290 0.018521 0.009609 0.000505 0.160301 0.009982 2.590433
0.780862 0.020205 0.018565 0.009527 0.000510 0.160341 0.009991 2.592448
0.780932 0.020194 0.018561 0.009541 0.000507 0.160269 0.009996 2.594424
0.780941 0.020191 0.018529 0.009500 0.000502 0.160330 0.010006 2.596372
0.780951 0.020198 0.018535 0.009490 0.000501 0.160313 0.010011 2.598366
0.780952 0.020197 0.018452 0.009489 0.000501 0.160394 0.010016 2.600334
0.780892 0.020259 0.018398 0.009487 0.000495 0.160445 0.010025 2.602293
0.780861 0.020310 0.018396 0.009488 0.000494 0.160421 0.010029 2.604263
0.780837 0.020321 0.018409 0.009457 0.000495 0.160447 0.010033 2.606252
0.780813 0.020319 0.018478 0.009432 0.000496 0.160424 0.010038 2.608256
0.780693 0.020395 0.018463 0.009455 0.000493 0.160456 0.010046 2.610253
0.780664 0.020448 0.018431 0.009489 0.000493 0.160423 0.010052 2.612258
0.780625 0.020512 0.018447 0.009502 0.000494 0.160362 0.010057 2.614259
0.780673 0.020411 0.018445 0.009539 0.000495 0.160376 0.010063 2.616301
0.780665 0.020457 0.018469 0.009539 0.000504 0.160302 0.010065 2.618283
0.780571 0.020507 0.018496 0.009541 0.000502 0.160314 0.010070 2.620282
0.780526 0.020551 0.018437 0.009521 0.000504 0.160385 0.010077 2.622247
0.780492 0.020561 0.018439 0.009525 0.000501 0.160398 0.010083 2.624269
0.780457 0.020606 0.018441 0.009540 0.000503 0.160366 0.010088 2.626282
0.780422 0.020642 0.018454 0.009529 0.000501 0.160359 0.010093 2.628293
0.780478 0.020609 0.018538 0.009544 0.000501 0.160229 0.010101 2.630347
0.780532 0.020521 0.018504 0.009586 0.000500 0.160250 0.010109 2.632385
0.780555 0.020522 0.018454 0.009576 0.000505 0.160275 0.010113 2.634381
0.780534 0.020560 0.018422 0.009606 0.000500 0.160261 0.010119 2.636361
0.780477 0.020580 0.018419 0.009585 0.000500 0.160314 0.010125 2.638378
0.780513 0.020554 0.018479 0.009585 0.000503 0.160234 0.010132 2.640415
0.780469 0.020680 0.018476 0.009575 0.000503 0.160161 0.010137 2.642373
0.780461 0.020653 0.018505 0.009573 0.000507 0.160159 0.010143 2.644449
0.780383 0.020653 0.018534 0.009643 0.000506 0.160132 0.010150 2.646508
0.780284 0.020644 0.018537 0.009700 0.000504 0.160175 0.010157 2.648574
0.780266 0.020682 0.018550 0.009688 0.000501 0.160151 0.010163 2.650579
0.780207 0.020728 0.018541 0.009679 0.000506 0.160170 0.010169 2.652586
0.780153 0.020769 0.018505 0.009685 0.000509 0.160207 0.010173 2.654600
0.780119 0.020740 0.018520 0.009670 0.000508 0.160263 0.010179 2.656669
0.780102 0.020695 0.018557 0.009676 0.000512 0.160277 0.010183 2.658712
0.780144 0.020656 0.018614 0.009701 0.000510 0.160188 0.010188 2.660759
0.780199 0.020561 0.018587 0.009700 0.000512 0.160248 0.010193 2.662814
0.780321 0.020495 0.018585 0.009691 0.000511 0.160198 0.010199 2.664822
0.780362 0.020467 0.018563 0.009646 0.000515 0.160243 0.010206 2.666791
0.780458 0.020479 0.018468 0.009660 0.000518 0.160205 0.010212 2.668769
0.780431 0.020549 0.018458 0.009603 0.000531 0.160211 0.010216 2.670730
0.780452 0.020535 0.018436 0.009573 0.000533 0.160252 0.010219 2.672709
0.780439 0.020525 0.018403 0.009605 0.000525 0.160274 0.010229 2.674699
0.780424 0.020539 0.018407 0.009602 0.000525 0.160272 0.010231 2.676702
0.780435 0.020491 0.018382 0.009561 0.000528 0.160368 0.010235 2.678701
0.780421 0.020535 0.018362 0.009545 0.000531 0.160367 0.010239 2.680705
0.780422 0.020516 0.018339 0.009584 0.000529 0.160364 0.010246 2.682737
0.780463 0.020481 0.018325 0.009585 0.000527 0.160370 0.010250 2.684740
0.780582 0.020400 0.018388 0.009557 0.000527 0.160293 0.010254 2.686756
0.780622 0.020442 0.018390 0.009542 0.000522 0.160221 0.010261 2.688715
0.780676 0.020435 0.018326 0.009520 0.000526 0.160251 0.010267 2.690673
0.780653 0.020364 0.018373 0.009563 0.000531 0.160245 0.010271 2.692743
0.780766 0.020334 0.018339 0.009553 0.000521 0.160207 0.010279 2.694744
0.780772 0.020338 0.018320 0.009548 0.000519 0.160215 0.010289 2.696728
0.780763 0.020341 0.018355 0.009516 0.000532 0.160197 0.010296 2.698724
0.780738 0.020346 0.018375 0.009508 0.000532 0.160200 0.010302 2.700708
0.780794 0.020348 0.018436 0.009511 0.000530 0.160073 0.010310 2.702717
0.780821 0.020382 0.018435 0.009527 0.000525 0.159997 0.010313 2.704697
