0.361329 0.061114 0.055053 0.031514 0.001979 0.483174 0.005839 1.587114
0.363958 0.058758 0.054955 0.031258 0.001974 0.483232 0.005866 1.592938
0.367391 0.055805 0.054789 0.030869 0.001985 0.483267 0.005893 1.598518
0.371383 0.052597 0.054424 0.030400 0.001970 0.483299 0.005928 1.603802
0.375696 0.049294 0.053955 0.029875 0.001959 0.483265 0.005956 1.608849
0.380345 0.046089 0.053242 0.029276 0.001957 0.483107 0.005986 1.613502
0.385044 0.042974 0.052451 0.028660 0.001960 0.482898 0.006013 1.617890
0.389935 0.040105 0.051426 0.027910 0.001949 0.482634 0.006042 1.621877
0.394935 0.037259 0.050443 0.027168 0.001924 0.482203 0.006067 1.625719
0.400048 0.034700 0.049293 0.026385 0.001930 0.481552 0.006092 1.629223
0.405222 0.032297 0.048095 0.025540 0.001913 0.480815 0.006118 1.632509
0.410533 0.029976 0.046825 0.024750 0.001899 0.479876 0.006143 1.635566
0.415840 0.027868 0.045525 0.023931 0.001881 0.478793 0.006163 1.638385
0.421227 0.025974 0.044102 0.023025 0.001877 0.477609 0.006186 1.640974
0.426490 0.024169 0.042723 0.022171 0.001872 0.476368 0.006207 1.643434
0.431891 0.022519 0.041314 0.021306 0.001850 0.474892 0.006227 1.645713
0.437207 0.020970 0.039904 0.020496 0.001837 0.473340 0.006247 1.647845
0.442625 0.019526 0.038380 0.019655 0.001811 0.471730 0.006273 1.649825
0.447873 0.018167 0.037065 0.018838 0.001799 0.469963 0.006296 1.651709
0.453244 0.016993 0.035726 0.018049 0.001779 0.467892 0.006318 1.653395
0.458606 0.015908 0.034261 0.017274 0.001758 0.465855 0.006339 1.654963
0.463965 0.014825 0.032882 0.016564 0.001732 0.463671 0.006361 1.656482
0.469303 0.013866 0.031547 0.015851 0.001708 0.461339 0.006385 1.657895
0.474563 0.012953 0.030295 0.015167 0.001681 0.458929 0.006411 1.659247
0.479785 0.012136 0.029029 0.014512 0.001641 0.456466 0.006432 1.660500
0.485068 0.011396 0.027820 0.013888 0.001611 0.453766 0.006451 1.661650
0.490259 0.010742 0.026617 0.013222 0.001569 0.451117 0.006473 1.662705
0.495579 0.010106 0.025441 0.012633 0.001538 0.448210 0.006494 1.663721
0.500798 0.009467 0.024305 0.012046 0.001522 0.445353 0.006510 1.664712
0.506008 0.008905 0.023258 0.011481 0.001496 0.442323 0.006529 1.665616
0.511227 0.008359 0.022191 0.010938 0.001465 0.439270 0.006549 1.666499
0.516371 0.007925 0.021196 0.010428 0.001441 0.436071 0.006567 1.667276
0.521474 0.007452 0.020265 0.009950 0.001405 0.432865 0.006588 1.668081
0.526632 0.007035 0.019375 0.009463 0.001370 0.429513 0.006612 1.668799
0.531697 0.006665 0.018446 0.009009 0.001346 0.426208 0.006629 1.669472
0.536666 0.006320 0.017576 0.008569 0.001317 0.422906 0.006647 1.670108
0.541741 0.006004 0.016792 0.008135 0.001288 0.419378 0.006662 1.670712
0.546674 0.005713 0.016030 0.007709 0.001260 0.415935 0.006680 1.671280
0.551623 0.005417 0.015303 0.007335 0.001235 0.412391 0.006697 1.671846
0.556445 0.005157 0.014608 0.006960 0.001210 0.408905 0.006715 1.672371
0.561312 0.004933 0.013908 0.006618 0.001188 0.405312 0.006729 1.672859
0.566126 0.004733 0.013254 0.006314 0.001157 0.401667 0.006748 1.673311
0.570935 0.004516 0.012627 0.006000 0.001132 0.398030 0.006760 1.673770
0.575682 0.004316 0.012033 0.005723 0.001109 0.394362 0.006775 1.674210
0.580268 0.004118 0.011510 0.005455 0.001078 0.390780 0.006791 1.674631
0.585022 0.003954 0.010945 0.005210 0.001053 0.387010 0.006805 1.675018
0.589659 0.003784 0.010462 0.004978 0.001024 0.383275 0.006818 1.675389
0.594238 0.003634 0.009983 0.004758 0.001005 0.379553 0.006828 1.675758
0.598759 0.003501 0.009543 0.004545 0.000979 0.375832 0.006842 1.676095
0.603325 0.003356 0.009125 0.004345 0.000952 0.372040 0.006856 1.676438
0.607765 0.003200 0.008736 0.004143 0.000928 0.368358 0.006870 1.676780
0.612180 0.003102 0.008341 0.003959 0.000895 0.364644 0.006880 1.677081
0.616482 0.002995 0.007940 0.003765 0.000869 0.361054 0.006894 1.677365
0.620800 0.002885 0.007609 0.003566 0.000846 0.357388 0.006905 1.677659
0.625115 0.002759 0.007276 0.003404 0.000823 0.353709 0.006915 1.677926
0.629305 0.002649 0.006933 0.003240 0.000798 0.350147 0.006928 1.678193
0.633433 0.002557 0.006614 0.003097 0.000778 0.346581 0.006939 1.678464
0.637549 0.002447 0.006331 0.002963 0.000757 0.343004 0.006948 1.678724
0.641590 0.002373 0.006021 0.002847 0.000738 0.339474 0.006958 1.678953
0.645727 0.002310 0.005745 0.002737 0.000720 0.335796 0.006965 1.679162
0.649801 0.002225 0.005516 0.002605 0.000697 0.332179 0.006976 1.679385
0.653731 0.002157 0.005300 0.002506 0.000673 0.328649 0.006984 1.679595
0.657638 0.002094 0.005071 0.002384 0.000655 0.325166 0.006993 1.679803
0.661495 0.002031 0.004860 0.002281 0.000630 0.321703 0.007001 1.679990
0.665452 0.001975 0.004674 0.002170 0.000606 0.318111 0.007013 1.680189
0.669193 0.001916 0.004463 0.002079 0.000584 0.314742 0.007024 1.680381
0.672971 0.001872 0.004270 0.001984 0.000563 0.311309 0.007031 1.680563
0.676743 0.001793 0.004131 0.001908 0.000542 0.307841 0.007040 1.680760
0.680467 0.001741 0.003964 0.001838 0.000527 0.304418 0.007046 1.680940
0.684215 0.001691 0.003786 0.001775 0.000511 0.300966 0.007056 1.681111
0.687879 0.001649 0.003631 0.001705 0.000499 0.297576 0.007061 1.681271
0.691514 0.001608 0.003497 0.001631 0.000478 0.294206 0.007067 1.681424
0.695024 0.001555 0.003361 0.001559 0.000463 0.290966 0.007072 1.681576
0.698462 0.001508 0.003243 0.001495 0.000447 0.287770 0.007076 1.681740
0.701879 0.001469 0.003100 0.001434 0.000434 0.284603 0.007081 1.681879
0.705281 0.001434 0.002975 0.001374 0.000415 0.281429 0.007092 1.682022
0.708659 0.001404 0.002858 0.001309 0.000410 0.278267 0.007094 1.682152
0.712009 0.001378 0.002751 0.001254 0.000397 0.275110 0.007101 1.682285
0.715347 0.001319 0.002655 0.001208 0.000382 0.271983 0.007106 1.682429
0.718611 0.001297 0.002546 0.001144 0.000366 0.268922 0.007114 1.682552
0.721931 0.001255 0.002459 0.001105 0.000354 0.265779 0.007119 1.682683
0.725181 0.001227 0.002346 0.001063 0.000344 0.262716 0.007124 1.682801
0.728391 0.001194 0.002245 0.001024 0.000330 0.259687 0.007129 1.682908
0.731516 0.001171 0.002161 0.000980 0.000324 0.256716 0.007132 1.683024
0.734597 0.001137 0.002099 0.000939 0.000317 0.253775 0.007136 1.683138
0.737762 0.001115 0.002021 0.000895 0.000307 0.250760 0.007139 1.683241
0.740733 0.001091 0.001951 0.000875 0.000298 0.247909 0.007143 1.683346
0.743755 0.001066 0.001891 0.000839 0.000293 0.245010 0.007148 1.683447
0.746753 0.001031 0.001821 0.000811 0.000285 0.242147 0.007153 1.683555
0.749707 0.000988 0.001787 0.000787 0.000279 0.239297 0.007156 1.683666
0.752589 0.000962 0.001747 0.000756 0.000272 0.236515 0.007159 1.683766
0.755445 0.000920 0.001691 0.000741 0.000259 0.233780 0.007164 1.683882
0.758342 0.000892 0.001635 0.000703 0.000246 0.231015 0.007167 1.683974
0.761122 0.000878 0.001577 0.000678 0.000236 0.228339 0.007170 1.684055
0.763899 0.000869 0.001509 0.000661 0.000229 0.225661 0.007172 1.684144
0.766627 0.000853 0.001473 0.000635 0.000218 0.223017 0.007178 1.684231
0.769361 0.000835 0.001419 0.000625 0.000209 0.220370 0.007181 1.684315
0.772017 0.000802 0.001377 0.000605 0.000203 0.217813 0.007183 1.684406
0.774624 0.000766 0.001339 0.000581 0.000196 0.215307 0.007187 1.684499
0.777204 0.000749 0.001288 0.000559 0.000191 0.212820 0.007189 1.684575
0.779789 0.000750 0.001240 0.000545 0.000183 0.210302 0.007191 1.684639
0.782393 0.000727 0.001206 0.000531 0.000179 0.207770 0.007193 1.684724
0.784937 0.000719 0.001154 0.000521 0.000175 0.205297 0.007195 1.684789
0.787433 0.000708 0.001112 0.000504 0.000173 0.202874 0.007197 1.684863
0.789869 0.000705 0.001083 0.000492 0.000167 0.200483 0.007200 1.684930
0.792313 0.000705 0.001056 0.000478 0.000161 0.198086 0.007202 1.684989
0.794683 0.000691 0.001026 0.000466 0.000157 0.195772 0.007204 1.685055
0.797030 0.000673 0.001007 0.000457 0.000152 0.193477 0.007204 1.685120
0.799407 0.000650 0.000982 0.000447 0.000149 0.191160 0.007206 1.685186
0.801729 0.000636 0.000967 0.000436 0.000146 0.188878 0.007207 1.685247
0.804015 0.000610 0.000941 0.000429 0.000141 0.186654 0.007210 1.685314
0.806274 0.000592 0.000922 0.000421 0.000136 0.184444 0.007211 1.685378
0.808526 0.000580 0.000883 0.000409 0.000135 0.182254 0.007212 1.685441
0.810794 0.000565 0.000859 0.000398 0.000132 0.180039 0.007213 1.685502
0.812969 0.000564 0.000833 0.000384 0.000130 0.177906 0.007214 1.685555
0.815082 0.000563 0.000809 0.000369 0.000124 0.175837 0.007216 1.685601
0.817163 0.000549 0.000788 0.000363 0.000120 0.173799 0.007218 1.685658
0.819375 0.000533 0.000766 0.000351 0.000116 0.171641 0.007219 1.685716
0.821481 0.000525 0.000747 0.000342 0.000114 0.169572 0.007219 1.685767
0.823577 0.000511 0.000735 0.000336 0.000113 0.167509 0.007220 1.685820
0.825569 0.000503 0.000716 0.000321 0.000110 0.165562 0.007220 1.685873
0.827604 0.000491 0.000704 0.000311 0.000107 0.163562 0.007221 1.685930
0.829603 0.000476 0.000696 0.000305 0.000100 0.161596 0.007224 1.685983
0.831611 0.000463 0.000680 0.000305 0.000099 0.159618 0.007225 1.686033
0.833581 0.000440 0.000670 0.000302 0.000095 0.157687 0.007226 1.686086
0.835418 0.000445 0.000651 0.000296 0.000093 0.155871 0.007227 1.686129
0.837261 0.000443 0.000624 0.000292 0.000089 0.154064 0.007227 1.686169
0.839126 0.000447 0.000604 0.000285 0.000085 0.152226 0.007228 1.686213
0.840991 0.000442 0.000578 0.000285 0.000083 0.150393 0.007229 1.686258
0.842817 0.000427 0.000569 0.000280 0.000081 0.148598 0.007229 1.686307
0.844630 0.000431 0.000559 0.000272 0.000079 0.146799 0.007229 1.686353
0.846380 0.000426 0.000549 0.000274 0.000077 0.145065 0.007230 1.686395
0.848177 0.000418 0.000537 0.000271 0.000075 0.143292 0.007230 1.686437
0.849876 0.000420 0.000518 0.000267 0.000074 0.141614 0.007231 1.686475
0.851605 0.000415 0.000512 0.000259 0.000072 0.139906 0.007232 1.686515
0.853268 0.000405 0.000493 0.000263 0.000071 0.138268 0.007232 1.686562
0.854967 0.000407 0.000483 0.000261 0.000069 0.136581 0.007233 1.686597
0.856661 0.000393 0.000478 0.000253 0.000065 0.134916 0.007234 1.686639
0.858300 0.000391 0.000473 0.000252 0.000061 0.133288 0.007236 1.686684
0.859883 0.000389 0.000462 0.000250 0.000060 0.131720 0.007237 1.686717
0.861490 0.000377 0.000456 0.000245 0.000058 0.130136 0.007238 1.686754
0.863042 0.000373 0.000450 0.000237 0.000059 0.128602 0.007238 1.686790
0.864582 0.000372 0.000440 0.000236 0.000058 0.127074 0.007239 1.686837
0.866084 0.000367 0.000436 0.000229 0.000057 0.125589 0.007239 1.686881
0.867536 0.000367 0.000428 0.000226 0.000056 0.124148 0.007239 1.686916
0.869002 0.000360 0.000426 0.000222 0.000053 0.122698 0.007240 1.686955
0.870430 0.000362 0.000420 0.000220 0.000051 0.121276 0.007241 1.686986
0.871818 0.000365 0.000408 0.000220 0.000050 0.119899 0.007242 1.687018
0.873241 0.000355 0.000400 0.000219 0.000046 0.118496 0.007243 1.687057
0.874621 0.000348 0.000402 0.000212 0.000043 0.117131 0.007244 1.687092
0.875981 0.000336 0.000403 0.000210 0.000041 0.115785 0.007245 1.687134
0.877283 0.000343 0.000392 0.000204 0.000040 0.114494 0.007245 1.687158
0.878559 0.000355 0.000384 0.000202 0.000038 0.113217 0.007246 1.687183
0.879829 0.000345 0.000387 0.000198 0.000036 0.111957 0.007247 1.687221
0.881090 0.000339 0.000390 0.000192 0.000036 0.110706 0.007249 1.687256
0.882305 0.000331 0.000385 0.000187 0.000036 0.109508 0.007249 1.687288
0.883509 0.000315 0.000386 0.000190 0.000034 0.108318 0.007249 1.687331
0.884694 0.000305 0.000377 0.000188 0.000031 0.107155 0.007250 1.687362
0.885850 0.000304 0.000375 0.000181 0.000030 0.106010 0.007251 1.687397
0.886965 0.000300 0.000362 0.000178 0.000030 0.104915 0.007251 1.687422
0.888085 0.000301 0.000354 0.000176 0.000028 0.103805 0.007251 1.687449
0.889163 0.000296 0.000347 0.000168 0.000027 0.102748 0.007252 1.687481
0.890245 0.000290 0.000342 0.000163 0.000026 0.101683 0.007252 1.687509
0.891343 0.000286 0.000337 0.000159 0.000026 0.100597 0.007252 1.687536
0.892356 0.000282 0.000339 0.000158 0.000026 0.099586 0.007252 1.687568
0.893386 0.000272 0.000345 0.000157 0.000027 0.098561 0.007252 1.687603
0.894365 0.000280 0.000347 0.000153 0.000027 0.097576 0.007252 1.687630
0.895406 0.000279 0.000341 0.000154 0.000026 0.096542 0.007252 1.687656
0.896359 0.000271 0.000340 0.000152 0.000025 0.095601 0.007252 1.687686
0.897323 0.000266 0.000339 0.000147 0.000025 0.094647 0.007252 1.687715
0.898307 0.000269 0.000324 0.000147 0.000026 0.093674 0.007252 1.687736
0.899260 0.000263 0.000318 0.000144 0.000026 0.092737 0.007253 1.687765
0.900132 0.000266 0.000314 0.000140 0.000025 0.091870 0.007253 1.687787
0.901023 0.000257 0.000315 0.000136 0.000024 0.090992 0.007254 1.687814
0.901857 0.000256 0.000309 0.000131 0.000025 0.090169 0.007254 1.687836
0.902709 0.000251 0.000303 0.000133 0.000024 0.089326 0.007254 1.687862
0.903532 0.000246 0.000298 0.000134 0.000023 0.088513 0.007254 1.687888
0.904319 0.000237 0.000297 0.000130 0.000021 0.087740 0.007256 1.687915
0.905082 0.000236 0.000286 0.000124 0.000021 0.086995 0.007256 1.687936
0.905845 0.000230 0.000284 0.000124 0.000021 0.086240 0.007256 1.687962
0.906588 0.000224 0.000279 0.000122 0.000021 0.085510 0.007256 1.687989
0.907338 0.000214 0.000276 0.000122 0.000020 0.084773 0.007256 1.688013
0.908035 0.000222 0.000276 0.000115 0.000021 0.084074 0.007256 1.688034
0.908719 0.000226 0.000275 0.000114 0.000020 0.083388 0.007257 1.688054
0.909391 0.000229 0.000268 0.000111 0.000019 0.082724 0.007258 1.688072
0.909990 0.000228 0.000264 0.000108 0.000018 0.082133 0.007259 1.688092
0.910630 0.000229 0.000257 0.000108 0.000017 0.081498 0.007259 1.688111
0.911203 0.000229 0.000252 0.000109 0.000017 0.080930 0.007259 1.688133
0.911802 0.000223 0.000248 0.000110 0.000016 0.080342 0.007259 1.688157
0.912393 0.000226 0.000243 0.000107 0.000015 0.079755 0.007259 1.688174
0.912994 0.000228 0.000241 0.000105 0.000015 0.079157 0.007259 1.688192
0.913545 0.000226 0.000240 0.000106 0.000014 0.078608 0.007260 1.688212
0.914097 0.000219 0.000240 0.000108 0.000013 0.078061 0.007261 1.688237
0.914620 0.000215 0.000242 0.000109 0.000013 0.077540 0.007261 1.688259
0.915159 0.000208 0.000241 0.000110 0.000013 0.077008 0.007261 1.688282
0.915698 0.000201 0.000237 0.000114 0.000013 0.076477 0.007261 1.688307
0.916209 0.000206 0.000235 0.000112 0.000013 0.075964 0.007261 1.688325
0.916705 0.000211 0.000230 0.000107 0.000013 0.075472 0.007261 1.688342
0.917215 0.000205 0.000228 0.000109 0.000013 0.074969 0.007261 1.688366
0.917712 0.000197 0.000227 0.000114 0.000012 0.074477 0.007262 1.688391
0.918191 0.000192 0.000228 0.000111 0.000012 0.074003 0.007262 1.688411
0.918680 0.000199 0.000221 0.000109 0.000012 0.073517 0.007262 1.688427
0.919156 0.000197 0.000220 0.000107 0.000012 0.073046 0.007262 1.688448
0.919622 0.000193 0.000215 0.000113 0.000012 0.072583 0.007262 1.688467
0.920047 0.000192 0.000216 0.000112 0.000012 0.072157 0.007262 1.688492
0.920458 0.000196 0.000215 0.000111 0.000012 0.071744 0.007263 1.688508
0.920877 0.000198 0.000215 0.000111 0.000012 0.071324 0.007263 1.688525
0.921297 0.000194 0.000213 0.000112 0.000012 0.070909 0.007263 1.688544
0.921703 0.000200 0.000203 0.000111 0.000012 0.070509 0.007263 1.688559
0.922091 0.000207 0.000198 0.000110 0.000012 0.070120 0.007263 1.688573
0.922474 0.000207 0.000199 0.000113 0.000012 0.069732 0.007263 1.688597
0.922843 0.000207 0.000200 0.000111 0.000012 0.069364 0.007263 1.688617
0.923230 0.000202 0.000194 0.000111 0.000012 0.068988 0.007263 1.688637
0.923596 0.000197 0.000199 0.000111 0.000012 0.068621 0.007263 1.688658
0.923946 0.000197 0.000194 0.000112 0.000012 0.068275 0.007263 1.688678
0.924283 0.000197 0.000199 0.000111 0.000011 0.067936 0.007263 1.688696
0.924585 0.000196 0.000191 0.000112 0.000010 0.067642 0.007264 1.688712
0.924923 0.000195 0.000184 0.000115 0.000009 0.067309 0.007264 1.688731
0.925241 0.000193 0.000186 0.000114 0.000009 0.066993 0.007264 1.688754
0.925562 0.000197 0.000185 0.000114 0.000009 0.066668 0.007264 1.688772
0.925856 0.000199 0.000187 0.000107 0.000008 0.066378 0.007264 1.688787
0.926163 0.000199 0.000188 0.000102 0.000007 0.066076 0.007265 1.688808
0.926460 0.000205 0.000189 0.000098 0.000007 0.065775 0.007265 1.688823
0.926744 0.000200 0.000192 0.000099 0.000007 0.065491 0.007266 1.688847
0.927006 0.000200 0.000194 0.000100 0.000008 0.065227 0.007266 1.688867
0.927293 0.000201 0.000193 0.000096 0.000008 0.064942 0.007266 1.688883
0.927565 0.000197 0.000191 0.000099 0.000008 0.064674 0.007266 1.688903
0.927820 0.000201 0.000192 0.000099 0.000008 0.064415 0.007266 1.688921
0.928069 0.000200 0.000189 0.000104 0.000008 0.064164 0.007266 1.688944
0.928346 0.000194 0.000192 0.000101 0.000007 0.063893 0.007266 1.688963
0.928600 0.000183 0.000198 0.000100 0.000008 0.063645 0.007266 1.688988
0.928855 0.000180 0.000199 0.000093 0.000007 0.063398 0.007267 1.689007
0.929091 0.000180 0.000196 0.000094 0.000007 0.063164 0.007267 1.689024
0.929320 0.000176 0.000198 0.000094 0.000007 0.062937 0.007268 1.689042
0.929548 0.000179 0.000199 0.000093 0.000006 0.062706 0.007268 1.689060
0.929785 0.000181 0.000199 0.000091 0.000006 0.062470 0.007269 1.689078
0.930020 0.000182 0.000197 0.000089 0.000005 0.062237 0.007269 1.689093
0.930244 0.000180 0.000196 0.000090 0.000005 0.062014 0.007269 1.689115
0.930472 0.000177 0.000194 0.000092 0.000005 0.061790 0.007269 1.689134
0.930685 0.000171 0.000195 0.000089 0.000006 0.061585 0.007269 1.689155
0.930904 0.000172 0.000192 0.000088 0.000005 0.061369 0.007269 1.689173
0.931099 0.000174 0.000190 0.000085 0.000005 0.061177 0.007269 1.689186
0.931308 0.000171 0.000195 0.000083 0.000005 0.060968 0.007269 1.689209
0.931490 0.000173 0.000191 0.000089 0.000005 0.060781 0.007270 1.689229
0.931668 0.000165 0.000188 0.000091 0.000005 0.060612 0.007270 1.689250
0.931838 0.000161 0.000189 0.000089 0.000005 0.060447 0.007270 1.689268
0.932012 0.000165 0.000182 0.000086 0.000005 0.060280 0.007270 1.689281
0.932177 0.000167 0.000176 0.000084 0.000005 0.060121 0.007270 1.689295
0.932360 0.000161 0.000179 0.000086 0.000005 0.059939 0.007270 1.689314
0.932504 0.000162 0.000177 0.000086 0.000005 0.059794 0.007270 1.689332
0.932669 0.000157 0.000183 0.000085 0.000004 0.059632 0.007270 1.689353
0.932807 0.000163 0.000176 0.000085 0.000004 0.059496 0.007270 1.689365
0.932935 0.000164 0.000176 0.000081 0.000004 0.059371 0.007270 1.689381
0.933058 0.000165 0.000172 0.000081 0.000004 0.059249 0.007270 1.689400
0.933210 0.000167 0.000171 0.000083 0.000004 0.059095 0.007270 1.689416
0.933352 0.000164 0.000166 0.000084 0.000004 0.058960 0.007270 1.689431
0.933477 0.000171 0.000160 0.000082 0.000004 0.058835 0.007270 1.689441
0.933618 0.000167 0.000164 0.000079 0.000004 0.058696 0.007270 1.689457
0.933748 0.000169 0.000165 0.000079 0.000005 0.058564 0.007270 1.689472
0.933866 0.000166 0.000170 0.000079 0.000005 0.058443 0.007270 1.689490
0.933996 0.000164 0.000170 0.000078 0.000005 0.058315 0.007270 1.689504
0.934123 0.000164 0.000170 0.000081 0.000004 0.058187 0.007271 1.689525
0.934258 0.000157 0.000163 0.000080 0.000005 0.058066 0.007271 1.689543
0.934369 0.000161 0.000161 0.000079 0.000005 0.057954 0.007271 1.689555
0.934489 0.000161 0.000158 0.000078 0.000005 0.057838 0.007271 1.689571
0.934601 0.000158 0.000160 0.000076 0.000005 0.057729 0.007271 1.689587
0.934719 0.000159 0.000158 0.000078 0.000005 0.057610 0.007271 1.689601
0.934821 0.000162 0.000158 0.000078 0.000005 0.057505 0.007271 1.689617
0.934918 0.000159 0.000160 0.000078 0.000005 0.057410 0.007271 1.689637
0.935020 0.000157 0.000158 0.000076 0.000005 0.057312 0.007271 1.689661
0.935125 0.000156 0.000158 0.000078 0.000005 0.057206 0.007271 1.689682
0.935224 0.000151 0.000160 0.000082 0.000006 0.057107 0.007271 1.689701
0.935307 0.000151 0.000155 0.000082 0.000007 0.057027 0.007271 1.689713
0.935412 0.000148 0.000154 0.000080 0.000007 0.056929 0.007271 1.689727
0.935499 0.000154 0.000149 0.000083 0.000007 0.056837 0.007271 1.689739
0.935587 0.000150 0.000150 0.000082 0.000007 0.056753 0.007271 1.689755
0.935683 0.000151 0.000146 0.000082 0.000007 0.056660 0.007271 1.689763
0.935765 0.000149 0.000147 0.000080 0.000006 0.056581 0.007271 1.689779
0.935846 0.000148 0.000145 0.000079 0.000006 0.056505 0.007271 1.689794
0.935921 0.000147 0.000144 0.000077 0.000006 0.056434 0.007271 1.689809
0.935991 0.000144 0.000145 0.000077 0.000005 0.056367 0.007271 1.689822
0.936073 0.000141 0.000148 0.000074 0.000005 0.056288 0.007271 1.689837
0.936145 0.000141 0.000148 0.000068 0.000005 0.056221 0.007271 1.689851
0.936219 0.000139 0.000143 0.000069 0.000005 0.056154 0.007271 1.689861
0.936306 0.000134 0.000147 0.000065 0.000005 0.056071 0.007272 1.689876
0.936371 0.000143 0.000145 0.000064 0.000005 0.055999 0.007272 1.689890
0.936437 0.000148 0.000140 0.000065 0.000005 0.055934 0.007272 1.689899
0.936517 0.000148 0.000137 0.000067 0.000004 0.055855 0.007272 1.689913
0.936591 0.000147 0.000134 0.000064 0.000004 0.055787 0.007272 1.689924
0.936648 0.000150 0.000133 0.000065 0.000003 0.055728 0.007272 1.689940
0.936710 0.000151 0.000133 0.000065 0.000004 0.055665 0.007272 1.689954
0.936778 0.000150 0.000132 0.000068 0.000004 0.055597 0.007272 1.689971
0.936827 0.000155 0.000132 0.000068 0.000004 0.055542 0.007272 1.689984
0.936893 0.000153 0.000131 0.000067 0.000004 0.055479 0.007272 1.689999
0.936951 0.000155 0.000127 0.000064 0.000006 0.055425 0.007272 1.690008
0.937019 0.000154 0.000129 0.000064 0.000006 0.055356 0.007272 1.690024
0.937079 0.000154 0.000133 0.000064 0.000006 0.055292 0.007272 1.690037
0.937135 0.000150 0.000132 0.000065 0.000006 0.055239 0.007272 1.690052
0.937191 0.000146 0.000131 0.000067 0.000006 0.055186 0.007272 1.690068
0.937262 0.000141 0.000133 0.000069 0.000006 0.055115 0.007272 1.690085
0.937302 0.000143 0.000139 0.000067 0.000006 0.055071 0.007272 1.690100
0.937356 0.000143 0.000137 0.000064 0.000006 0.055021 0.007272 1.690110
0.937393 0.000141 0.000139 0.000066 0.000006 0.054982 0.007272 1.690127
0.937442 0.000136 0.000139 0.000065 0.000006 0.054940 0.007272 1.690140
0.937480 0.000136 0.000139 0.000068 0.000007 0.054898 0.007272 1.690154
0.937515 0.000140 0.000134 0.000066 0.000006 0.054866 0.007273 1.690166
0.937557 0.000138 0.000134 0.000064 0.000006 0.054827 0.007273 1.690179
0.937599 0.000137 0.000131 0.000065 0.000007 0.054787 0.007273 1.690195
0.937635 0.000138 0.000134 0.000062 0.000007 0.054753 0.007273 1.690209
0.937660 0.000140 0.000133 0.000063 0.000006 0.054724 0.007273 1.690224
0.937695 0.000139 0.000131 0.000064 0.000007 0.054690 0.007273 1.690237
0.937729 0.000134 0.000134 0.000067 0.000007 0.054655 0.007273 1.690252
0.937758 0.000134 0.000131 0.000066 0.000007 0.054630 0.007273 1.690265
0.937789 0.000134 0.000131 0.000069 0.000007 0.054597 0.007273 1.690280
0.937829 0.000126 0.000137 0.000069 0.000007 0.054557 0.007273 1.690300
0.937854 0.000131 0.000142 0.000067 0.000007 0.054524 0.007274 1.690313
0.937895 0.000124 0.000139 0.000071 0.000006 0.054490 0.007274 1.690329
0.937930 0.000125 0.000135 0.000069 0.000006 0.054461 0.007274 1.690338
0.937969 0.000128 0.000137 0.000063 0.000006 0.054424 0.007274 1.690348
0.937997 0.000134 0.000134 0.000062 0.000006 0.054394 0.007274 1.690360
0.938027 0.000129 0.000131 0.000060 0.000006 0.054374 0.007274 1.690378
0.938054 0.000126 0.000132 0.000056 0.000006 0.054352 0.007274 1.690394
0.938077 0.000128 0.000130 0.000055 0.000006 0.054332 0.007274 1.690408
0.938105 0.000123 0.000132 0.000053 0.000006 0.054307 0.007274 1.690421
0.938134 0.000123 0.000134 0.000054 0.000005 0.054275 0.007274 1.690436
0.938168 0.000122 0.000131 0.000055 0.000004 0.054245 0.007274 1.690445
0.938193 0.000125 0.000131 0.000053 0.000004 0.054219 0.007274 1.690455
0.938219 0.000119 0.000134 0.000051 0.000004 0.054199 0.007274 1.690471
0.938245 0.000115 0.000134 0.000053 0.000004 0.054174 0.007274 1.690487
0.938276 0.000116 0.000132 0.000054 0.000003 0.054144 0.007274 1.690500
0.938295 0.000121 0.000130 0.000054 0.000004 0.054123 0.007274 1.690510
0.938325 0.000117 0.000134 0.000054 0.000004 0.054091 0.007274 1.690526
0.938351 0.000119 0.000131 0.000053 0.000004 0.054067 0.007274 1.690536
0.938369 0.000117 0.000134 0.000050 0.000004 0.054051 0.007274 1.690549
0.938402 0.000117 0.000129 0.000048 0.000005 0.054024 0.007274 1.690557
0.938426 0.000122 0.000128 0.000046 0.000005 0.053999 0.007274 1.690568
0.938450 0.000127 0.000122 0.000045 0.000004 0.053977 0.007274 1.690576
0.938474 0.000127 0.000121 0.000050 0.000004 0.053949 0.007274 1.690589
0.938508 0.000130 0.000126 0.000046 0.000004 0.053911 0.007274 1.690602
0.938537 0.000130 0.000128 0.000047 0.000004 0.053880 0.007274 1.690614
0.938559 0.000127 0.000129 0.000049 0.000004 0.053857 0.007274 1.690628
0.938576 0.000127 0.000131 0.000049 0.000004 0.053838 0.007275 1.690643
0.938583 0.000132 0.000131 0.000049 0.000004 0.053827 0.007275 1.690655
0.938604 0.000132 0.000129 0.000049 0.000004 0.053808 0.007275 1.690669
0.938622 0.000130 0.000126 0.000047 0.000004 0.053796 0.007275 1.690680
0.938644 0.000129 0.000124 0.000051 0.000004 0.053774 0.007275 1.690693
0.938665 0.000123 0.000127 0.000050 0.000004 0.053756 0.007275 1.690709
0.938687 0.000119 0.000129 0.000050 0.000004 0.053737 0.007275 1.690722
0.938706 0.000120 0.000122 0.000050 0.000004 0.053723 0.007275 1.690732
0.938716 0.000122 0.000128 0.000046 0.000004 0.053708 0.007275 1.690745
0.938735 0.000127 0.000128 0.000045 0.000004 0.053685 0.007275 1.690755
0.938750 0.000126 0.000132 0.000044 0.000005 0.053669 0.007275 1.690767
0.938764 0.000122 0.000134 0.000047 0.000005 0.053652 0.007275 1.690787
0.938790 0.000117 0.000130 0.000051 0.000004 0.053632 0.007275 1.690800
0.938803 0.000121 0.000127 0.000050 0.000004 0.053619 0.007275 1.690811
0.938821 0.000125 0.000121 0.000047 0.000004 0.053606 0.007275 1.690819
0.938836 0.000124 0.000121 0.000051 0.000005 0.053587 0.007275 1.690835
0.938850 0.000126 0.000122 0.000054 0.000004 0.053569 0.007275 1.690845
0.938869 0.000122 0.000124 0.000055 0.000004 0.053550 0.007275 1.690859
0.938886 0.000124 0.000119 0.000054 0.000003 0.053537 0.007275 1.690869
0.938903 0.000126 0.000115 0.000051 0.000003 0.053527 0.007275 1.690879
0.938916 0.000125 0.000113 0.000049 0.000003 0.053517 0.007275 1.690889
0.938928 0.000130 0.000109 0.000045 0.000004 0.053508 0.007275 1.690896
0.938934 0.000134 0.000109 0.000044 0.000005 0.053498 0.007275 1.690907
0.938952 0.000128 0.000110 0.000046 0.000005 0.053484 0.007275 1.690922
0.938970 0.000126 0.000112 0.000046 0.000005 0.053465 0.007275 1.690935
0.938988 0.000124 0.000110 0.000049 0.000005 0.053448 0.007275 1.690950
0.939000 0.000122 0.000109 0.000052 0.000005 0.053436 0.007275 1.690963
0.939020 0.000119 0.000111 0.000049 0.000005 0.053421 0.007275 1.690978
0.939030 0.000122 0.000114 0.000046 0.000005 0.053407 0.007275 1.690988
0.939038 0.000126 0.000113 0.000046 0.000004 0.053397 0.007275 1.690998
0.939052 0.000125 0.000116 0.000044 0.000005 0.053382 0.007275 1.691011
0.939068 0.000122 0.000115 0.000045 0.000006 0.053368 0.007275 1.691023
0.939085 0.000119 0.000115 0.000045 0.000005 0.053355 0.007276 1.691036
0.939087 0.000125 0.000114 0.000046 0.000004 0.053349 0.007277 1.691046
0.939098 0.000119 0.000118 0.000047 0.000004 0.053336 0.007277 1.691061
0.939107 0.000116 0.000118 0.000048 0.000003 0.053331 0.007277 1.691074
0.939117 0.000117 0.000120 0.000047 0.000003 0.053318 0.007277 1.691085
0.939121 0.000122 0.000124 0.000044 0.000004 0.053309 0.007277 1.691098
0.939135 0.000116 0.000121 0.000047 0.000004 0.053300 0.007277 1.691113
0.939144 0.000115 0.000119 0.000049 0.000004 0.053292 0.007277 1.691125
0.939149 0.000116 0.000120 0.000049 0.000004 0.053285 0.007277 1.691139
0.939162 0.000115 0.000121 0.000052 0.000004 0.053270 0.007277 1.691151
0.939169 0.000119 0.000120 0.000053 0.000004 0.053258 0.007277 1.691160
0.939182 0.000120 0.000115 0.000051 0.000004 0.053249 0.007277 1.691170
0.939190 0.000120 0.000116 0.000050 0.000004 0.053243 0.007277 1.691183
0.939193 0.000130 0.000110 0.000051 0.000004 0.053235 0.007277 1.691191
0.939207 0.000130 0.000108 0.000047 0.000003 0.053225 0.007278 1.691201
0.939221 0.000123 0.000108 0.000052 0.000003 0.053214 0.007278 1.691217
0.939232 0.000123 0.000107 0.000051 0.000004 0.053204 0.007278 1.691226
0.939251 0.000121 0.000114 0.000048 0.000004 0.053183 0.007278 1.691241
0.939263 0.000117 0.000116 0.000047 0.000004 0.053174 0.007279 1.691255
0.939272 0.000113 0.000115 0.000047 0.000004 0.053170 0.007279 1.691267
0.939281 0.000114 0.000116 0.000045 0.000004 0.053161 0.007279 1.691279
0.939294 0.000115 0.000117 0.000046 0.000004 0.053146 0.007279 1.691292
0.939300 0.000116 0.000116 0.000046 0.000004 0.053138 0.007279 1.691302
0.939313 0.000113 0.000111 0.000047 0.000004 0.053133 0.007279 1.691314
0.939319 0.000111 0.000110 0.000048 0.000004 0.053128 0.007279 1.691327
0.939325 0.000113 0.000109 0.000047 0.000004 0.053122 0.007279 1.691337
0.939338 0.000109 0.000112 0.000045 0.000004 0.053113 0.007279 1.691347
0.939349 0.000112 0.000109 0.000044 0.000004 0.053102 0.007279 1.691355
0.939361 0.000108 0.000115 0.000044 0.000004 0.053088 0.007279 1.691370
0.939367 0.000110 0.000112 0.000044 0.000005 0.053082 0.007279 1.691380
0.939373 0.000114 0.000112 0.000044 0.000005 0.053073 0.007279 1.691389
0.939382 0.000112 0.000114 0.000042 0.000005 0.053065 0.007279 1.691401
0.939395 0.000111 0.000112 0.000042 0.000005 0.053054 0.007279 1.691411
0.939404 0.000115 0.000111 0.000042 0.000005 0.053044 0.007279 1.691419
0.939415 0.000113 0.000111 0.000042 0.000004 0.053035 0.007279 1.691429
0.939412 0.000115 0.000116 0.000041 0.000004 0.053032 0.007279 1.691445
0.939417 0.000115 0.000116 0.000039 0.000004 0.053029 0.007279 1.691458
0.939430 0.000115 0.000111 0.000040 0.000004 0.053020 0.007279 1.691466
0.939431 0.000115 0.000108 0.000041 0.000004 0.053020 0.007279 1.691478
0.939438 0.000110 0.000106 0.000044 0.000004 0.053018 0.007279 1.691491
0.939445 0.000105 0.000109 0.000044 0.000004 0.053012 0.007279 1.691504
0.939451 0.000107 0.000112 0.000047 0.000003 0.053001 0.007279 1.691515
0.939461 0.000108 0.000110 0.000047 0.000003 0.052991 0.007279 1.691526
0.939465 0.000107 0.000109 0.000047 0.000003 0.052990 0.007279 1.691535
0.939470 0.000107 0.000104 0.000048 0.000003 0.052988 0.007279 1.691545
0.939472 0.000107 0.000102 0.000049 0.000003 0.052987 0.007279 1.691557
0.939479 0.000103 0.000100 0.000051 0.000003 0.052985 0.007279 1.691571
0.939481 0.000103 0.000099 0.000050 0.000003 0.052983 0.007279 1.691582
0.939478 0.000105 0.000104 0.000050 0.000003 0.052981 0.007280 1.691596
0.939483 0.000101 0.000102 0.000053 0.000003 0.052978 0.007280 1.691608
0.939491 0.000105 0.000098 0.000051 0.000002 0.052973 0.007280 1.691616
0.939492 0.000105 0.000099 0.000050 0.000002 0.052972 0.007280 1.691627
0.939493 0.000108 0.000095 0.000049 0.000002 0.052972 0.007280 1.691637
0.939496 0.000105 0.000098 0.000048 0.000003 0.052969 0.007280 1.691650
0.939503 0.000102 0.000102 0.000048 0.000003 0.052962 0.007280 1.691663
0.939504 0.000106 0.000102 0.000045 0.000003 0.052960 0.007280 1.691670
0.939511 0.000107 0.000100 0.000046 0.000003 0.052953 0.007280 1.691682
0.939518 0.000105 0.000097 0.000046 0.000003 0.052951 0.007280 1.691691
0.939520 0.000108 0.000097 0.000047 0.000003 0.052945 0.007280 1.691699
0.939521 0.000110 0.000097 0.000046 0.000002 0.052944 0.007280 1.691707
0.939527 0.000107 0.000098 0.000046 0.000002 0.052939 0.007280 1.691718
0.939534 0.000104 0.000100 0.000046 0.000002 0.052933 0.007280 1.691730
0.939539 0.000102 0.000100 0.000046 0.000002 0.052930 0.007280 1.691742
0.939548 0.000100 0.000097 0.000048 0.000002 0.052925 0.007280 1.691751
0.939557 0.000096 0.000102 0.000048 0.000001 0.052914 0.007281 1.691764
0.939559 0.000092 0.000106 0.000049 0.000002 0.052911 0.007281 1.691776
0.939563 0.000088 0.000106 0.000050 0.000002 0.052910 0.007281 1.691788
0.939577 0.000088 0.000103 0.000047 0.000002 0.052901 0.007281 1.691795
0.939579 0.000086 0.000102 0.000047 0.000002 0.052903 0.007281 1.691805
0.939589 0.000087 0.000100 0.000044 0.000002 0.052897 0.007281 1.691812
0.939591 0.000094 0.000094 0.000041 0.000002 0.052897 0.007281 1.691815
0.939592 0.000095 0.000094 0.000039 0.000002 0.052896 0.007281 1.691823
0.939595 0.000093 0.000096 0.000038 0.000002 0.052893 0.007281 1.691833
0.939604 0.000097 0.000092 0.000037 0.000002 0.052887 0.007281 1.691839
0.939608 0.000098 0.000091 0.000036 0.000002 0.052883 0.007281 1.691846
0.939612 0.000097 0.000094 0.000035 0.000002 0.052878 0.007281 1.691854
0.939612 0.000095 0.000097 0.000038 0.000001 0.052875 0.007281 1.691867
0.939618 0.000092 0.000095 0.000036 0.000001 0.052876 0.007281 1.691878
0.939625 0.000090 0.000094 0.000035 0.000001 0.052874 0.007281 1.691886
0.939627 0.000088 0.000096 0.000038 0.000001 0.052869 0.007281 1.691897
0.939632 0.000091 0.000094 0.000040 0.000001 0.052862 0.007281 1.691904
0.939638 0.000087 0.000093 0.000040 0.000001 0.052860 0.007281 1.691914
0.939646 0.000086 0.000091 0.000039 0.000001 0.052857 0.007281 1.691924
0.939651 0.000083 0.000088 0.000040 0.000001 0.052855 0.007281 1.691931
0.939656 0.000081 0.000087 0.000039 0.000002 0.052854 0.007281 1.691941
0.939660 0.000084 0.000089 0.000039 0.000002 0.052846 0.007281 1.691949
0.939664 0.000086 0.000091 0.000036 0.000002 0.052840 0.007281 1.691957
0.939666 0.000089 0.000088 0.000036 0.000002 0.052837 0.007281 1.691963
0.939679 0.000083 0.000089 0.000037 0.000002 0.052828 0.007281 1.691974
0.939684 0.000083 0.000087 0.000038 0.000002 0.052826 0.007281 1.691982
0.939692 0.000082 0.000087 0.000037 0.000002 0.052818 0.007281 1.691989
0.939698 0.000084 0.000082 0.000037 0.000002 0.052815 0.007281 1.691995
0.939708 0.000084 0.000078 0.000036 0.000002 0.052809 0.007281 1.692000
0.939721 0.000083 0.000081 0.000034 0.000003 0.052797 0.007281 1.692007
0.939727 0.000077 0.000085 0.000035 0.000003 0.052792 0.007281 1.692018
0.939728 0.000076 0.000081 0.000037 0.000003 0.052793 0.007281 1.692026
0.939735 0.000074 0.000080 0.000036 0.000003 0.052790 0.007281 1.692032
0.939746 0.000075 0.000078 0.000033 0.000003 0.052783 0.007281 1.692037
0.939749 0.000075 0.000079 0.000035 0.000003 0.052777 0.007281 1.692046
0.939755 0.000078 0.000079 0.000033 0.000003 0.052771 0.007281 1.692053
0.939755 0.000080 0.000079 0.000033 0.000003 0.052769 0.007281 1.692059
0.939758 0.000081 0.000077 0.000030 0.000003 0.052770 0.007281 1.692066
0.939759 0.000081 0.000077 0.000029 0.000003 0.052770 0.007281 1.692074
0.939764 0.000081 0.000074 0.000029 0.000003 0.052769 0.007281 1.692079
0.939765 0.000084 0.000072 0.000032 0.000003 0.052764 0.007281 1.692087
0.939769 0.000084 0.000073 0.000032 0.000003 0.052757 0.007281 1.692097
0.939771 0.000088 0.000073 0.000029 0.000002 0.052755 0.007281 1.692102
0.939774 0.000087 0.000072 0.000030 0.000003 0.052753 0.007281 1.692110
0.939778 0.000087 0.000069 0.000031 0.000002 0.052751 0.007282 1.692118
0.939778 0.000084 0.000072 0.000036 0.000002 0.052745 0.007282 1.692132
0.939780 0.000086 0.000073 0.000037 0.000002 0.052739 0.007282 1.692140
0.939784 0.000087 0.000071 0.000037 0.000002 0.052736 0.007282 1.692146
0.939790 0.000085 0.000075 0.000036 0.000001 0.052729 0.007282 1.692157
0.939786 0.000092 0.000078 0.000031 0.000001 0.052728 0.007282 1.692163
0.939786 0.000093 0.000078 0.000029 0.000001 0.052729 0.007282 1.692171
0.939788 0.000096 0.000077 0.000031 0.000001 0.052725 0.007282 1.692178
0.939789 0.000101 0.000076 0.000029 0.000002 0.052719 0.007282 1.692184
0.939794 0.000101 0.000076 0.000028 0.000002 0.052717 0.007282 1.692191
0.939800 0.000097 0.000077 0.000029 0.000002 0.052713 0.007282 1.692201
0.939806 0.000094 0.000078 0.000030 0.000001 0.052708 0.007282 1.692209
0.939806 0.000094 0.000074 0.000030 0.000001 0.052712 0.007282 1.692216
0.939806 0.000091 0.000081 0.000031 0.000001 0.052707 0.007282 1.692229
0.939805 0.000092 0.000082 0.000033 0.000001 0.052704 0.007282 1.692237
0.939806 0.000087 0.000084 0.000037 0.000001 0.052702 0.007282 1.692250
0.939805 0.000084 0.000084 0.000037 0.000001 0.052706 0.007282 1.692260
0.939806 0.000086 0.000081 0.000036 0.000001 0.052706 0.007282 1.692266
0.939806 0.000089 0.000079 0.000036 0.000001 0.052706 0.007282 1.692270
0.939809 0.000086 0.000078 0.000040 0.000001 0.052704 0.007282 1.692280
0.939808 0.000079 0.000081 0.000043 0.000001 0.052705 0.007282 1.692294
0.939815 0.000076 0.000080 0.000044 0.000002 0.052699 0.007282 1.692302
0.939821 0.000075 0.000080 0.000041 0.000002 0.052698 0.007282 1.692311
0.939827 0.000070 0.000081 0.000042 0.000002 0.052695 0.007282 1.692320
0.939826 0.000072 0.000079 0.000039 0.000002 0.052699 0.007282 1.692327
0.939826 0.000073 0.000074 0.000040 0.000002 0.052701 0.007282 1.692334
0.939830 0.000075 0.000073 0.000039 0.000002 0.052698 0.007283 1.692338
0.939823 0.000078 0.000072 0.000040 0.000002 0.052701 0.007283 1.692347
0.939819 0.000084 0.000067 0.000037 0.000002 0.052707 0.007283 1.692353
0.939822 0.000081 0.000068 0.000039 0.000003 0.052704 0.007283 1.692364
0.939826 0.000077 0.000068 0.000039 0.000003 0.052702 0.007283 1.692372
0.939832 0.000077 0.000068 0.000040 0.000003 0.052697 0.007283 1.692380
0.939831 0.000081 0.000065 0.000040 0.000003 0.052697 0.007283 1.692386
0.939835 0.000075 0.000064 0.000041 0.000003 0.052699 0.007283 1.692394
0.939838 0.000074 0.000064 0.000039 0.000002 0.052699 0.007283 1.692403
0.939840 0.000073 0.000064 0.000038 0.000002 0.052699 0.007283 1.692409
0.939837 0.000071 0.000067 0.000040 0.000002 0.052699 0.007283 1.692421
0.939837 0.000071 0.000066 0.000035 0.000002 0.052705 0.007283 1.692426
0.939833 0.000077 0.000063 0.000032 0.000002 0.052708 0.007283 1.692431
0.939835 0.000079 0.000061 0.000034 0.000002 0.052705 0.007284 1.692437
0.939837 0.000079 0.000057 0.000034 0.000002 0.052706 0.007284 1.692443
0.939840 0.000077 0.000055 0.000035 0.000002 0.052706 0.007284 1.692450
0.939838 0.000081 0.000054 0.000034 0.000003 0.052705 0.007284 1.692456
0.939844 0.000076 0.000056 0.000035 0.000003 0.052703 0.007284 1.692466
0.939842 0.000078 0.000061 0.000035 0.000003 0.052697 0.007284 1.692475
0.939848 0.000076 0.000062 0.000033 0.000003 0.052694 0.007284 1.692481
0.939851 0.000077 0.000062 0.000032 0.000003 0.052692 0.007284 1.692488
0.939851 0.000076 0.000063 0.000028 0.000003 0.052694 0.007284 1.692496
0.939851 0.000077 0.000062 0.000028 0.000003 0.052695 0.007284 1.692502
0.939856 0.000075 0.000063 0.000029 0.000003 0.052691 0.007284 1.692509
0.939855 0.000075 0.000064 0.000029 0.000002 0.052692 0.007284 1.692517
0.939855 0.000074 0.000064 0.000030 0.000002 0.052691 0.007284 1.692523
0.939854 0.000074 0.000061 0.000030 0.000002 0.052695 0.007284 1.692530
0.939853 0.000077 0.000060 0.000029 0.000002 0.052694 0.007284 1.692535
0.939858 0.000072 0.000065 0.000030 0.000002 0.052689 0.007284 1.692544
0.939859 0.000071 0.000066 0.000031 0.000002 0.052686 0.007284 1.692553
0.939861 0.000072 0.000069 0.000031 0.000002 0.052681 0.007284 1.692561
0.939867 0.000071 0.000068 0.000033 0.000002 0.052676 0.007284 1.692566
0.939871 0.000068 0.000070 0.000033 0.000002 0.052671 0.007284 1.692573
0.939874 0.000066 0.000070 0.000032 0.000002 0.052671 0.007284 1.692579
0.939878 0.000061 0.000071 0.000035 0.000002 0.052669 0.007284 1.692589
0.939874 0.000063 0.000073 0.000038 0.000002 0.052667 0.007284 1.692598
0.939872 0.000067 0.000068 0.000039 0.000002 0.052667 0.007284 1.692604
0.939872 0.000067 0.000067 0.000036 0.000002 0.052671 0.007285 1.692610
0.939876 0.000071 0.000066 0.000033 0.000002 0.052667 0.007285 1.692614
0.939882 0.000069 0.000060 0.000032 0.000002 0.052670 0.007285 1.692620
0.939888 0.000067 0.000058 0.000031 0.000002 0.052670 0.007285 1.692625
0.939889 0.000067 0.000055 0.000030 0.000002 0.052672 0.007285 1.692630
0.939890 0.000066 0.000053 0.000030 0.000002 0.052674 0.007285 1.692635
0.939896 0.000064 0.000051 0.000031 0.000002 0.052670 0.007285 1.692641
0.939891 0.000066 0.000051 0.000031 0.000001 0.052674 0.007285 1.692647
0.939895 0.000062 0.000053 0.000031 0.000001 0.052672 0.007285 1.692656
0.939896 0.000061 0.000055 0.000029 0.000001 0.052672 0.007285 1.692663
0.939899 0.000060 0.000054 0.000031 0.000001 0.052670 0.007285 1.692670
