0.347374 0.062053 0.055905 0.031781 0.002070 0.494820 0.005996 1.619981
0.350187 0.059576 0.055842 0.031592 0.002084 0.494698 0.006021 1.625929
0.353637 0.056567 0.055560 0.031286 0.002084 0.494816 0.006050 1.631583
0.357660 0.053360 0.055274 0.030851 0.002080 0.494696 0.006080 1.636969
0.361996 0.050155 0.054788 0.030315 0.002075 0.494563 0.006107 1.642007
0.366627 0.046926 0.054157 0.029710 0.002070 0.494373 0.006136 1.646752
0.371453 0.043811 0.053344 0.029010 0.002068 0.494149 0.006165 1.651201
0.376478 0.040815 0.052479 0.028280 0.002063 0.493695 0.006191 1.655369
0.381533 0.038017 0.051339 0.027538 0.002054 0.493297 0.006221 1.659245
0.386665 0.035391 0.050149 0.026715 0.002045 0.492787 0.006249 1.662851
0.391987 0.032951 0.048877 0.025863 0.002030 0.492014 0.006278 1.666190
0.397360 0.030693 0.047532 0.025000 0.002015 0.491091 0.006310 1.669249
0.402692 0.028570 0.046138 0.024069 0.002002 0.490193 0.006334 1.672139
0.408114 0.026605 0.044709 0.023263 0.001984 0.488968 0.006356 1.674800
0.413555 0.024736 0.043363 0.022360 0.001970 0.487637 0.006379 1.677334
0.419075 0.023042 0.041974 0.021451 0.001947 0.486110 0.006402 1.679628
0.424613 0.021471 0.040558 0.020599 0.001937 0.484396 0.006426 1.681774
0.430135 0.019934 0.039190 0.019783 0.001916 0.482596 0.006445 1.683874
0.435723 0.018574 0.037787 0.018985 0.001891 0.480572 0.006470 1.685779
0.441237 0.017399 0.036336 0.018205 0.001872 0.478458 0.006494 1.687472
0.446689 0.016259 0.035022 0.017419 0.001841 0.476248 0.006521 1.689123
0.452127 0.015192 0.033675 0.016662 0.001810 0.473989 0.006544 1.690681
0.457611 0.014209 0.032315 0.015905 0.001780 0.471611 0.006571 1.692121
0.463066 0.013259 0.031065 0.015202 0.001759 0.469055 0.006593 1.693525
0.468520 0.012435 0.029759 0.014504 0.001724 0.466447 0.006612 1.694777
0.473828 0.011675 0.028583 0.013817 0.001695 0.463764 0.006639 1.695963
0.479173 0.010960 0.027360 0.013200 0.001649 0.460991 0.006665 1.697066
0.484527 0.010296 0.026190 0.012628 0.001611 0.458062 0.006686 1.698144
0.489812 0.009721 0.025023 0.012032 0.001572 0.455134 0.006707 1.699106
0.495115 0.009189 0.023855 0.011503 0.001551 0.452060 0.006727 1.700024
0.500406 0.008676 0.022804 0.010994 0.001512 0.448867 0.006743 1.700910
0.505661 0.008218 0.021718 0.010467 0.001483 0.445692 0.006763 1.701718
0.510863 0.007773 0.020753 0.009949 0.001447 0.442432 0.006783 1.702501
0.516067 0.007363 0.019878 0.009529 0.001412 0.438947 0.006805 1.703253
0.521215 0.006958 0.019000 0.009081 0.001379 0.435545 0.006822 1.703968
0.526398 0.006619 0.018178 0.008633 0.001341 0.431986 0.006845 1.704619
0.531511 0.006287 0.017342 0.008215 0.001314 0.428467 0.006864 1.705262
0.536523 0.006019 0.016536 0.007827 0.001288 0.424925 0.006882 1.705841
0.541565 0.005696 0.015817 0.007465 0.001263 0.421298 0.006896 1.706449
0.546509 0.005432 0.015135 0.007094 0.001218 0.417696 0.006915 1.706991
0.551452 0.005159 0.014455 0.006762 0.001192 0.414047 0.006933 1.707523
0.556497 0.004947 0.013799 0.006435 0.001163 0.410211 0.006948 1.708004
0.561275 0.004708 0.013208 0.006114 0.001130 0.406604 0.006960 1.708493
0.566097 0.004508 0.012593 0.005850 0.001105 0.402874 0.006973 1.708966
0.570872 0.004317 0.012003 0.005539 0.001076 0.399206 0.006987 1.709397
0.575621 0.004167 0.011443 0.005269 0.001043 0.395454 0.007001 1.709798
0.580311 0.003990 0.010970 0.005005 0.001016 0.391696 0.007012 1.710213
0.584945 0.003854 0.010460 0.004765 0.000987 0.387963 0.007028 1.710583
0.589519 0.003693 0.009997 0.004569 0.000960 0.384223 0.007040 1.710969
0.594126 0.003572 0.009567 0.004354 0.000927 0.380401 0.007053 1.711322
0.598594 0.003433 0.009128 0.004166 0.000911 0.376701 0.007067 1.711659
0.603099 0.003316 0.008733 0.003955 0.000880 0.372934 0.007085 1.711982
0.607601 0.003208 0.008345 0.003752 0.000860 0.369140 0.007094 1.712294
0.611948 0.003121 0.007975 0.003584 0.000833 0.365431 0.007109 1.712588
0.616268 0.003005 0.007656 0.003415 0.000808 0.361730 0.007118 1.712900
0.620585 0.002890 0.007321 0.003274 0.000787 0.358017 0.007126 1.713204
0.624801 0.002819 0.006996 0.003102 0.000762 0.354379 0.007140 1.713466
0.629021 0.002703 0.006700 0.002964 0.000743 0.350720 0.007150 1.713751
0.633232 0.002608 0.006437 0.002828 0.000721 0.347013 0.007162 1.714012
0.637354 0.002515 0.006175 0.002702 0.000705 0.343381 0.007169 1.714284
0.641445 0.002431 0.005933 0.002605 0.000688 0.339722 0.007177 1.714552
0.645483 0.002361 0.005688 0.002505 0.000671 0.336110 0.007182 1.714786
0.649508 0.002298 0.005422 0.002388 0.000656 0.332542 0.007188 1.715002
0.653515 0.002237 0.005189 0.002296 0.000634 0.328931 0.007199 1.715223
0.657412 0.002183 0.004967 0.002200 0.000617 0.325413 0.007208 1.715425
0.661365 0.002129 0.004790 0.002082 0.000599 0.321819 0.007217 1.715636
0.665072 0.002081 0.004589 0.002000 0.000581 0.318454 0.007225 1.715845
0.668942 0.001999 0.004382 0.001931 0.000562 0.314951 0.007233 1.716049
0.672745 0.001935 0.004201 0.001857 0.000550 0.311475 0.007239 1.716247
0.676437 0.001904 0.004029 0.001782 0.000529 0.308074 0.007247 1.716417
0.680128 0.001852 0.003884 0.001724 0.000518 0.304643 0.007251 1.716609
0.683734 0.001816 0.003729 0.001667 0.000505 0.301292 0.007258 1.716780
0.687348 0.001765 0.003600 0.001614 0.000486 0.297920 0.007267 1.716965
0.690985 0.001715 0.003462 0.001559 0.000468 0.294536 0.007275 1.717142
0.694511 0.001670 0.003334 0.001497 0.000459 0.291250 0.007280 1.717300
0.698026 0.001613 0.003225 0.001446 0.000442 0.287961 0.007287 1.717472
0.701410 0.001584 0.003119 0.001391 0.000431 0.284774 0.007291 1.717633
0.704767 0.001547 0.003021 0.001347 0.000421 0.281600 0.007297 1.717795
0.708121 0.001493 0.002939 0.001296 0.000400 0.278447 0.007304 1.717962
0.711473 0.001485 0.002831 0.001250 0.000385 0.275266 0.007312 1.718102
0.714801 0.001465 0.002728 0.001192 0.000369 0.272127 0.007319 1.718233
0.718156 0.001435 0.002621 0.001145 0.000354 0.268967 0.007323 1.718365
0.721425 0.001403 0.002543 0.001108 0.000345 0.265850 0.007327 1.718503
0.724617 0.001372 0.002459 0.001070 0.000337 0.262816 0.007331 1.718637
0.727782 0.001350 0.002374 0.001038 0.000325 0.259794 0.007337 1.718770
0.730944 0.001326 0.002300 0.001000 0.000314 0.256776 0.007341 1.718908
0.734047 0.001323 0.002222 0.000963 0.000304 0.253798 0.007343 1.719023
0.737113 0.001306 0.002168 0.000938 0.000292 0.250837 0.007348 1.719150
0.740170 0.001280 0.002092 0.000898 0.000278 0.247931 0.007352 1.719260
0.743144 0.001251 0.002030 0.000875 0.000262 0.245076 0.007363 1.719392
0.746106 0.001236 0.001978 0.000840 0.000252 0.242222 0.007366 1.719506
0.749038 0.001211 0.001916 0.000806 0.000243 0.239416 0.007371 1.719623
0.751904 0.001191 0.001851 0.000788 0.000237 0.236656 0.007374 1.719745
0.754733 0.001173 0.001799 0.000763 0.000229 0.233927 0.007377 1.719864
0.757575 0.001135 0.001759 0.000740 0.000227 0.231186 0.007379 1.719980
0.760350 0.001131 0.001699 0.000715 0.000222 0.228501 0.007382 1.720085
0.763105 0.001118 0.001650 0.000701 0.000213 0.225828 0.007384 1.720185
0.765833 0.001083 0.001618 0.000692 0.000207 0.223178 0.007390 1.720301
0.768531 0.001065 0.001570 0.000679 0.000200 0.220565 0.007392 1.720403
0.771111 0.001050 0.001551 0.000662 0.000191 0.218040 0.007396 1.720510
0.773805 0.001037 0.001503 0.000651 0.000188 0.215419 0.007398 1.720610
0.776354 0.001025 0.001468 0.000629 0.000179 0.212944 0.007401 1.720706
0.778968 0.001009 0.001434 0.000618 0.000167 0.210398 0.007406 1.720805
0.781538 0.000977 0.001394 0.000602 0.000160 0.207918 0.007410 1.720904
0.784050 0.000967 0.001347 0.000603 0.000158 0.205464 0.007412 1.720988
0.786565 0.000933 0.001327 0.000586 0.000154 0.203023 0.007412 1.721088
0.788998 0.000932 0.001290 0.000565 0.000149 0.200652 0.007413 1.721169
0.791418 0.000913 0.001256 0.000548 0.000145 0.198305 0.007416 1.721262
0.793825 0.000896 0.001233 0.000541 0.000141 0.195947 0.007418 1.721356
0.796178 0.000879 0.001201 0.000530 0.000135 0.193657 0.007420 1.721440
0.798499 0.000860 0.001182 0.000526 0.000131 0.191382 0.007422 1.721536
0.800834 0.000839 0.001149 0.000511 0.000124 0.189120 0.007424 1.721620
0.803116 0.000818 0.001136 0.000500 0.000119 0.186887 0.007424 1.721699
0.805369 0.000798 0.001121 0.000491 0.000116 0.184679 0.007426 1.721777
0.807576 0.000791 0.001104 0.000483 0.000112 0.182507 0.007428 1.721851
0.809704 0.000775 0.001079 0.000475 0.000107 0.180430 0.007431 1.721935
0.811890 0.000770 0.001055 0.000465 0.000104 0.178284 0.007432 1.722013
0.814040 0.000754 0.001032 0.000458 0.000101 0.176182 0.007435 1.722095
0.816157 0.000743 0.001018 0.000447 0.000099 0.174101 0.007435 1.722172
0.818275 0.000725 0.001001 0.000436 0.000095 0.172029 0.007438 1.722247
0.820378 0.000717 0.000978 0.000426 0.000093 0.169969 0.007440 1.722318
0.822393 0.000699 0.000955 0.000424 0.000090 0.167999 0.007441 1.722389
0.824441 0.000694 0.000942 0.000414 0.000088 0.165979 0.007442 1.722465
0.826480 0.000690 0.000901 0.000409 0.000083 0.163994 0.007443 1.722526
0.828465 0.000678 0.000892 0.000405 0.000081 0.162035 0.007444 1.722590
0.830448 0.000678 0.000869 0.000397 0.000078 0.160086 0.007445 1.722649
0.832388 0.000668 0.000856 0.000386 0.000075 0.158183 0.007446 1.722716
0.834325 0.000663 0.000835 0.000369 0.000076 0.156286 0.007446 1.722775
0.836168 0.000645 0.000813 0.000365 0.000076 0.154488 0.007447 1.722843
0.837991 0.000649 0.000798 0.000361 0.000073 0.152682 0.007447 1.722904
0.839763 0.000648 0.000786 0.000359 0.000071 0.150926 0.007448 1.722970
0.841525 0.000647 0.000777 0.000357 0.000071 0.149176 0.007448 1.723032
0.843274 0.000643 0.000770 0.000351 0.000069 0.147444 0.007449 1.723094
0.845040 0.000631 0.000761 0.000336 0.000068 0.145714 0.007451 1.723154
0.846747 0.000628 0.000750 0.000331 0.000066 0.144027 0.007452 1.723220
0.848421 0.000630 0.000730 0.000321 0.000065 0.142380 0.007453 1.723278
0.850094 0.000615 0.000730 0.000318 0.000064 0.140726 0.007454 1.723349
0.851789 0.000590 0.000723 0.000317 0.000061 0.139064 0.007456 1.723415
0.853463 0.000588 0.000709 0.000309 0.000061 0.137415 0.007457 1.723468
0.855113 0.000578 0.000692 0.000307 0.000059 0.135796 0.007457 1.723529
0.856727 0.000573 0.000671 0.000310 0.000058 0.134205 0.007457 1.723582
0.858340 0.000562 0.000662 0.000309 0.000057 0.132612 0.007458 1.723637
0.859878 0.000545 0.000663 0.000303 0.000056 0.131098 0.007458 1.723701
0.861408 0.000532 0.000651 0.000298 0.000056 0.129597 0.007459 1.723756
0.862911 0.000528 0.000648 0.000297 0.000055 0.128103 0.007459 1.723814
0.864399 0.000523 0.000636 0.000303 0.000054 0.126626 0.007460 1.723879
0.865912 0.000524 0.000616 0.000296 0.000052 0.125141 0.007460 1.723930
0.867378 0.000515 0.000611 0.000285 0.000050 0.123701 0.007461 1.723990
0.868782 0.000511 0.000608 0.000281 0.000048 0.122308 0.007462 1.724040
0.870208 0.000506 0.000607 0.000271 0.000046 0.120898 0.007463 1.724091
0.871662 0.000490 0.000600 0.000273 0.000045 0.119468 0.007463 1.724145
0.873012 0.000491 0.000592 0.000272 0.000044 0.118128 0.007463 1.724192
0.874370 0.000476 0.000589 0.000266 0.000043 0.116792 0.007464 1.724246
0.875739 0.000479 0.000575 0.000264 0.000044 0.115436 0.007464 1.724290
0.877066 0.000483 0.000566 0.000262 0.000044 0.114117 0.007464 1.724330
0.878316 0.000484 0.000551 0.000258 0.000043 0.112886 0.007464 1.724375
0.879525 0.000485 0.000549 0.000254 0.000043 0.111681 0.007464 1.724423
0.880707 0.000486 0.000544 0.000251 0.000043 0.110505 0.007465 1.724475
0.881907 0.000474 0.000535 0.000253 0.000041 0.109324 0.007466 1.724533
0.883093 0.000470 0.000533 0.000247 0.000039 0.108152 0.007467 1.724582
0.884227 0.000473 0.000530 0.000237 0.000038 0.107028 0.007468 1.724626
0.885355 0.000482 0.000522 0.000235 0.000038 0.105901 0.007468 1.724670
0.886506 0.000491 0.000508 0.000237 0.000037 0.104753 0.007469 1.724716
0.887627 0.000484 0.000494 0.000235 0.000038 0.103655 0.007469 1.724766
0.888688 0.000488 0.000495 0.000234 0.000038 0.102589 0.007469 1.724815
0.889755 0.000486 0.000501 0.000233 0.000037 0.101519 0.007470 1.724866
0.890800 0.000486 0.000496 0.000231 0.000038 0.100481 0.007470 1.724915
0.891839 0.000493 0.000483 0.000225 0.000036 0.099454 0.007470 1.724955
0.892847 0.000494 0.000481 0.000223 0.000033 0.098453 0.007470 1.724998
0.893854 0.000499 0.000478 0.000220 0.000031 0.097447 0.007472 1.725045
0.894818 0.000498 0.000482 0.000228 0.000031 0.096471 0.007472 1.725096
0.895799 0.000486 0.000484 0.000226 0.000031 0.095502 0.007472 1.725148
0.896719 0.000492 0.000483 0.000228 0.000031 0.094575 0.007473 1.725195
0.897655 0.000494 0.000478 0.000225 0.000030 0.093646 0.007473 1.725235
0.898590 0.000493 0.000496 0.000223 0.000028 0.092697 0.007474 1.725290
0.899477 0.000498 0.000492 0.000228 0.000029 0.091803 0.007474 1.725334
0.900363 0.000504 0.000491 0.000228 0.000029 0.090910 0.007475 1.725379
0.901246 0.000508 0.000497 0.000225 0.000028 0.090022 0.007476 1.725425
0.902111 0.000504 0.000495 0.000224 0.000028 0.089164 0.007476 1.725471
0.902961 0.000504 0.000489 0.000222 0.000027 0.088322 0.007476 1.725519
0.903754 0.000504 0.000481 0.000220 0.000027 0.087539 0.007476 1.725566
0.904520 0.000507 0.000471 0.000218 0.000026 0.086783 0.007476 1.725608
0.905328 0.000499 0.000468 0.000224 0.000025 0.085982 0.007476 1.725657
0.906127 0.000502 0.000459 0.000218 0.000024 0.085195 0.007476 1.725700
0.906901 0.000501 0.000462 0.000225 0.000023 0.084413 0.007476 1.725752
0.907634 0.000489 0.000467 0.000218 0.000024 0.083693 0.007476 1.725807
0.908390 0.000490 0.000473 0.000219 0.000024 0.082929 0.007476 1.725858
0.909119 0.000477 0.000475 0.000223 0.000024 0.082206 0.007476 1.725910
0.909850 0.000478 0.000474 0.000225 0.000023 0.081474 0.007477 1.725957
0.910536 0.000482 0.000479 0.000225 0.000022 0.080780 0.007478 1.726012
0.911221 0.000486 0.000476 0.000225 0.000023 0.080092 0.007478 1.726052
0.911901 0.000485 0.000476 0.000221 0.000021 0.079418 0.007478 1.726096
0.912607 0.000473 0.000478 0.000218 0.000021 0.078724 0.007479 1.726145
0.913265 0.000465 0.000477 0.000220 0.000021 0.078072 0.007479 1.726194
0.913944 0.000476 0.000467 0.000218 0.000021 0.077394 0.007480 1.726233
0.914548 0.000480 0.000473 0.000217 0.000020 0.076782 0.007481 1.726281
0.915205 0.000483 0.000455 0.000218 0.000018 0.076142 0.007481 1.726323
0.915836 0.000478 0.000447 0.000215 0.000018 0.075526 0.007482 1.726371
0.916461 0.000480 0.000441 0.000212 0.000018 0.074907 0.007482 1.726414
0.917058 0.000472 0.000441 0.000202 0.000018 0.074327 0.007482 1.726466
0.917644 0.000483 0.000444 0.000205 0.000017 0.073725 0.007484 1.726509
0.918229 0.000486 0.000441 0.000200 0.000018 0.073143 0.007484 1.726551
0.918794 0.000480 0.000447 0.000201 0.000017 0.072578 0.007484 1.726604
0.919327 0.000478 0.000452 0.000201 0.000017 0.072042 0.007484 1.726656
0.919860 0.000480 0.000459 0.000203 0.000017 0.071498 0.007484 1.726701
0.920392 0.000479 0.000461 0.000195 0.000019 0.070971 0.007484 1.726749
0.920905 0.000460 0.000467 0.000203 0.000019 0.070462 0.007484 1.726811
0.921372 0.000472 0.000460 0.000200 0.000019 0.069993 0.007484 1.726848
0.921844 0.000467 0.000462 0.000199 0.000019 0.069527 0.007484 1.726894
0.922314 0.000472 0.000451 0.000197 0.000018 0.069065 0.007485 1.726931
0.922754 0.000476 0.000450 0.000196 0.000017 0.068623 0.007485 1.726979
0.923197 0.000469 0.000463 0.000197 0.000018 0.068172 0.007485 1.727032
0.923596 0.000468 0.000461 0.000199 0.000018 0.067774 0.007485 1.727078
0.924066 0.000478 0.000458 0.000200 0.000019 0.067295 0.007485 1.727114
0.924520 0.000467 0.000451 0.000202 0.000017 0.066858 0.007485 1.727162
0.924926 0.000464 0.000443 0.000207 0.000017 0.066458 0.007485 1.727206
0.925351 0.000453 0.000442 0.000208 0.000017 0.066045 0.007485 1.727255
0.925764 0.000439 0.000444 0.000207 0.000016 0.065645 0.007485 1.727302
0.926148 0.000457 0.000440 0.000199 0.000016 0.065255 0.007485 1.727335
0.926537 0.000463 0.000439 0.000199 0.000017 0.064859 0.007486 1.727378
0.926924 0.000466 0.000434 0.000200 0.000017 0.064474 0.007486 1.727422
0.927285 0.000474 0.000433 0.000205 0.000018 0.064100 0.007486 1.727467
0.927639 0.000473 0.000436 0.000206 0.000018 0.063743 0.007486 1.727516
0.927992 0.000466 0.000428 0.000206 0.000019 0.063404 0.007486 1.727564
0.928354 0.000464 0.000424 0.000202 0.000018 0.063054 0.007486 1.727606
0.928687 0.000470 0.000425 0.000202 0.000017 0.062713 0.007486 1.727653
0.929033 0.000471 0.000425 0.000204 0.000017 0.062364 0.007486 1.727696
0.929345 0.000481 0.000422 0.000201 0.000017 0.062048 0.007486 1.727737
0.929662 0.000480 0.000425 0.000201 0.000018 0.061728 0.007486 1.727783
0.929969 0.000479 0.000436 0.000201 0.000017 0.061413 0.007486 1.727835
0.930282 0.000477 0.000435 0.000205 0.000017 0.061099 0.007486 1.727881
0.930601 0.000494 0.000438 0.000200 0.000015 0.060766 0.007487 1.727922
0.930934 0.000490 0.000438 0.000199 0.000016 0.060436 0.007487 1.727970
0.931207 0.000482 0.000451 0.000204 0.000016 0.060154 0.007487 1.728023
0.931500 0.000490 0.000451 0.000201 0.000015 0.059856 0.007487 1.728065
0.931796 0.000487 0.000452 0.000205 0.000014 0.059558 0.007487 1.728114
0.932052 0.000493 0.000459 0.000199 0.000015 0.059296 0.007487 1.728162
0.932334 0.000490 0.000445 0.000200 0.000016 0.059028 0.007487 1.728207
0.932601 0.000491 0.000436 0.000204 0.000016 0.058764 0.007488 1.728250
0.932870 0.000504 0.000436 0.000200 0.000016 0.058487 0.007488 1.728293
0.933148 0.000493 0.000428 0.000205 0.000016 0.058222 0.007488 1.728344
0.933428 0.000481 0.000434 0.000209 0.000015 0.057947 0.007488 1.728395
0.933710 0.000479 0.000433 0.000205 0.000015 0.057671 0.007488 1.728442
0.933965 0.000477 0.000432 0.000205 0.000015 0.057419 0.007488 1.728487
0.934248 0.000477 0.000435 0.000203 0.000014 0.057135 0.007488 1.728531
0.934478 0.000477 0.000439 0.000200 0.000014 0.056904 0.007488 1.728577
0.934712 0.000482 0.000439 0.000199 0.000015 0.056665 0.007488 1.728619
0.934942 0.000479 0.000439 0.000205 0.000014 0.056433 0.007489 1.728668
0.935161 0.000479 0.000437 0.000205 0.000014 0.056216 0.007489 1.728717
0.935379 0.000487 0.000435 0.000204 0.000015 0.055991 0.007489 1.728757
0.935611 0.000483 0.000445 0.000204 0.000016 0.055753 0.007489 1.728807
0.935833 0.000482 0.000445 0.000199 0.000017 0.055535 0.007489 1.728852
0.936053 0.000484 0.000444 0.000204 0.000017 0.055308 0.007490 1.728898
0.936283 0.000471 0.000446 0.000208 0.000017 0.055086 0.007490 1.728951
0.936507 0.000479 0.000448 0.000204 0.000017 0.054856 0.007490 1.728995
0.936710 0.000478 0.000457 0.000196 0.000017 0.054653 0.007490 1.729038
0.936917 0.000471 0.000449 0.000206 0.000016 0.054450 0.007491 1.729091
0.937095 0.000486 0.000447 0.000204 0.000017 0.054260 0.007491 1.729133
0.937319 0.000477 0.000441 0.000210 0.000017 0.054046 0.007491 1.729182
0.937513 0.000474 0.000442 0.000213 0.000017 0.053850 0.007491 1.729227
0.937695 0.000469 0.000442 0.000208 0.000016 0.053679 0.007492 1.729270
0.937894 0.000458 0.000449 0.000211 0.000015 0.053481 0.007492 1.729324
0.938070 0.000463 0.000443 0.000213 0.000015 0.053305 0.007492 1.729368
0.938251 0.000469 0.000446 0.000208 0.000015 0.053119 0.007493 1.729415
0.938407 0.000471 0.000444 0.000216 0.000016 0.052953 0.007493 1.729463
0.938560 0.000481 0.000442 0.000217 0.000015 0.052792 0.007493 1.729508
0.938726 0.000489 0.000435 0.000215 0.000015 0.052627 0.007493 1.729546
0.938884 0.000477 0.000440 0.000214 0.000014 0.052478 0.007494 1.729601
0.939035 0.000472 0.000440 0.000220 0.000014 0.052326 0.007494 1.729653
0.939218 0.000470 0.000438 0.000221 0.000014 0.052146 0.007494 1.729697
0.939374 0.000481 0.000441 0.000211 0.000014 0.051984 0.007494 1.729736
0.939535 0.000475 0.000447 0.000210 0.000016 0.051823 0.007494 1.729783
0.939690 0.000478 0.000450 0.000214 0.000015 0.051660 0.007494 1.729833
0.939851 0.000477 0.000444 0.000211 0.000014 0.051509 0.007495 1.729879
0.939987 0.000475 0.000451 0.000208 0.000014 0.051371 0.007495 1.729927
0.940122 0.000484 0.000448 0.000208 0.000014 0.051231 0.007495 1.729968
0.940249 0.000501 0.000440 0.000212 0.000014 0.051090 0.007495 1.730008
0.940386 0.000493 0.000445 0.000214 0.000013 0.050955 0.007496 1.730061
0.940519 0.000490 0.000443 0.000223 0.000013 0.050817 0.007496 1.730117
0.940664 0.000480 0.000460 0.000220 0.000014 0.050667 0.007496 1.730169
0.940783 0.000485 0.000462 0.000222 0.000016 0.050537 0.007496 1.730216
0.940907 0.000486 0.000451 0.000218 0.000016 0.050427 0.007496 1.730262
0.941025 0.000482 0.000450 0.000220 0.000015 0.050313 0.007497 1.730312
0.941143 0.000478 0.000450 0.000224 0.000015 0.050193 0.007497 1.730364
0.941248 0.000478 0.000461 0.000224 0.000014 0.050079 0.007497 1.730417
0.941372 0.000475 0.000453 0.000219 0.000014 0.049972 0.007497 1.730460
0.941467 0.000479 0.000457 0.000215 0.000014 0.049873 0.007497 1.730507
0.941581 0.000493 0.000455 0.000214 0.000013 0.049748 0.007498 1.730546
0.941706 0.000487 0.000465 0.000212 0.000013 0.049621 0.007498 1.730598
0.941813 0.000495 0.000462 0.000206 0.000011 0.049515 0.007498 1.730643
0.941931 0.000504 0.000452 0.000205 0.000011 0.049399 0.007498 1.730682
0.942032 0.000510 0.000463 0.000205 0.000011 0.049282 0.007498 1.730727
0.942113 0.000514 0.000467 0.000208 0.000011 0.049189 0.007498 1.730776
0.942217 0.000506 0.000476 0.000209 0.000013 0.049081 0.007498 1.730830
0.942306 0.000514 0.000468 0.000214 0.000013 0.048987 0.007498 1.730875
0.942394 0.000517 0.000464 0.000217 0.000013 0.048898 0.007498 1.730923
0.942490 0.000519 0.000461 0.000214 0.000014 0.048804 0.007498 1.730969
0.942583 0.000523 0.000466 0.000217 0.000014 0.048699 0.007498 1.731015
0.942673 0.000516 0.000474 0.000216 0.000013 0.048610 0.007498 1.731069
0.942754 0.000522 0.000471 0.000221 0.000013 0.048520 0.007498 1.731124
0.942830 0.000514 0.000478 0.000223 0.000012 0.048444 0.007499 1.731182
0.942912 0.000518 0.000471 0.000222 0.000012 0.048367 0.007500 1.731231
0.943007 0.000513 0.000468 0.000224 0.000012 0.048277 0.007500 1.731287
0.943071 0.000513 0.000469 0.000225 0.000012 0.048210 0.007500 1.731340
0.943149 0.000518 0.000476 0.000223 0.000013 0.048121 0.007500 1.731391
0.943219 0.000525 0.000471 0.000220 0.000012 0.048053 0.007501 1.731436
0.943281 0.000521 0.000479 0.000219 0.000012 0.047989 0.007501 1.731494
0.943356 0.000525 0.000473 0.000226 0.000011 0.047909 0.007501 1.731543
0.943425 0.000534 0.000463 0.000224 0.000011 0.047843 0.007501 1.731587
0.943487 0.000532 0.000455 0.000228 0.000013 0.047785 0.007501 1.731641
0.943555 0.000521 0.000463 0.000231 0.000011 0.047718 0.007502 1.731694
0.943620 0.000525 0.000466 0.000228 0.000011 0.047650 0.007502 1.731742
0.943670 0.000535 0.000468 0.000229 0.000011 0.047586 0.007502 1.731791
0.943734 0.000546 0.000466 0.000227 0.000011 0.047515 0.007502 1.731836
0.943791 0.000545 0.000481 0.000227 0.000011 0.047444 0.007502 1.731893
0.943853 0.000539 0.000489 0.000227 0.000011 0.047379 0.007503 1.731951
0.943914 0.000532 0.000496 0.000228 0.000012 0.047314 0.007503 1.732007
0.943979 0.000532 0.000491 0.000228 0.000012 0.047253 0.007503 1.732059
0.944064 0.000532 0.000490 0.000227 0.000012 0.047173 0.007503 1.732102
0.944120 0.000528 0.000491 0.000231 0.000012 0.047115 0.007503 1.732156
0.944177 0.000526 0.000493 0.000229 0.000013 0.047059 0.007503 1.732209
0.944251 0.000505 0.000495 0.000230 0.000012 0.047004 0.007503 1.732277
0.944319 0.000511 0.000487 0.000233 0.000013 0.046933 0.007503 1.732327
0.944381 0.000514 0.000483 0.000226 0.000012 0.046882 0.007503 1.732372
0.944447 0.000514 0.000482 0.000226 0.000012 0.046819 0.007503 1.732411
0.944491 0.000522 0.000480 0.000223 0.000012 0.046770 0.007503 1.732453
0.944547 0.000519 0.000477 0.000225 0.000011 0.046718 0.007504 1.732503
0.944595 0.000523 0.000481 0.000228 0.000012 0.046658 0.007504 1.732555
0.944649 0.000524 0.000479 0.000227 0.000013 0.046605 0.007504 1.732607
0.944705 0.000524 0.000482 0.000225 0.000013 0.046548 0.007504 1.732661
0.944748 0.000524 0.000488 0.000214 0.000012 0.046510 0.007504 1.732713
0.944802 0.000521 0.000484 0.000221 0.000013 0.046455 0.007505 1.732764
0.944849 0.000525 0.000479 0.000230 0.000012 0.046401 0.007505 1.732814
0.944902 0.000530 0.000477 0.000228 0.000013 0.046346 0.007505 1.732856
0.944942 0.000527 0.000471 0.000225 0.000013 0.046318 0.007505 1.732910
0.944997 0.000526 0.000466 0.000221 0.000013 0.046270 0.007505 1.732961
0.945042 0.000537 0.000461 0.000223 0.000013 0.046218 0.007505 1.733004
0.945080 0.000535 0.000463 0.000227 0.000013 0.046177 0.007506 1.733056
0.945121 0.000535 0.000472 0.000229 0.000013 0.046125 0.007506 1.733111
0.945153 0.000541 0.000477 0.000224 0.000013 0.046086 0.007506 1.733161
0.945187 0.000535 0.000480 0.000229 0.000014 0.046049 0.007506 1.733214
0.945225 0.000538 0.000479 0.000235 0.000013 0.046003 0.007507 1.733264
0.945267 0.000537 0.000479 0.000238 0.000014 0.045958 0.007507 1.733313
0.945308 0.000525 0.000481 0.000246 0.000015 0.045918 0.007507 1.733374
0.945351 0.000527 0.000479 0.000242 0.000015 0.045880 0.007507 1.733421
0.945395 0.000521 0.000484 0.000244 0.000015 0.045834 0.007507 1.733476
0.945421 0.000525 0.000487 0.000236 0.000014 0.045809 0.007507 1.733525
0.945456 0.000536 0.000482 0.000232 0.000015 0.045773 0.007507 1.733570
0.945486 0.000538 0.000487 0.000232 0.000016 0.045733 0.007507 1.733627
0.945530 0.000530 0.000482 0.000238 0.000016 0.045696 0.007508 1.733683
0.945544 0.000540 0.000485 0.000237 0.000016 0.045670 0.007508 1.733738
0.945581 0.000541 0.000485 0.000240 0.000015 0.045630 0.007509 1.733790
0.945605 0.000554 0.000468 0.000241 0.000015 0.045609 0.007509 1.733836
0.945635 0.000555 0.000473 0.000235 0.000014 0.045578 0.007509 1.733887
0.945665 0.000554 0.000483 0.000234 0.000014 0.045540 0.007509 1.733947
0.945687 0.000549 0.000494 0.000229 0.000014 0.045517 0.007509 1.734009
0.945711 0.000553 0.000499 0.000234 0.000014 0.045480 0.007509 1.734060
0.945728 0.000563 0.000494 0.000236 0.000014 0.045455 0.007510 1.734109
0.945746 0.000568 0.000483 0.000234 0.000016 0.045444 0.007510 1.734159
0.945767 0.000563 0.000499 0.000237 0.000016 0.045408 0.007510 1.734221
0.945791 0.000563 0.000500 0.000233 0.000016 0.045387 0.007510 1.734280
0.945820 0.000564 0.000495 0.000237 0.000016 0.045358 0.007510 1.734331
0.945833 0.000563 0.000507 0.000245 0.000016 0.045325 0.007510 1.734395
0.945858 0.000558 0.000515 0.000249 0.000016 0.045294 0.007511 1.734450
0.945891 0.000548 0.000525 0.000252 0.000016 0.045259 0.007511 1.734515
0.945909 0.000554 0.000530 0.000247 0.000016 0.045235 0.007511 1.734567
0.945927 0.000550 0.000534 0.000249 0.000015 0.045213 0.007512 1.734622
0.945948 0.000550 0.000527 0.000249 0.000015 0.045200 0.007512 1.734673
0.945975 0.000547 0.000530 0.000247 0.000015 0.045175 0.007512 1.734725
0.946012 0.000545 0.000532 0.000246 0.000017 0.045137 0.007512 1.734776
0.946035 0.000552 0.000532 0.000248 0.000018 0.045104 0.007512 1.734829
0.946060 0.000546 0.000533 0.000247 0.000018 0.045084 0.007512 1.734888
0.946083 0.000544 0.000523 0.000252 0.000017 0.045070 0.007512 1.734940
0.946104 0.000545 0.000521 0.000246 0.000017 0.045055 0.007512 1.734993
0.946128 0.000544 0.000520 0.000239 0.000018 0.045040 0.007512 1.735044
0.946141 0.000550 0.000521 0.000240 0.000018 0.045018 0.007512 1.735101
0.946164 0.000554 0.000518 0.000238 0.000018 0.044995 0.007512 1.735147
0.946184 0.000557 0.000510 0.000238 0.000018 0.044980 0.007512 1.735198
0.946202 0.000550 0.000510 0.000243 0.000018 0.044965 0.007512 1.735258
0.946211 0.000549 0.000518 0.000240 0.000018 0.044951 0.007513 1.735319
0.946226 0.000556 0.000514 0.000240 0.000017 0.044935 0.007513 1.735369
0.946231 0.000579 0.000511 0.000235 0.000016 0.044916 0.007513 1.735417
0.946253 0.000579 0.000510 0.000239 0.000016 0.044891 0.007513 1.735467
0.946258 0.000576 0.000521 0.000240 0.000017 0.044875 0.007513 1.735533
0.946259 0.000579 0.000533 0.000246 0.000016 0.044854 0.007513 1.735596
0.946271 0.000587 0.000528 0.000241 0.000016 0.044844 0.007513 1.735645
0.946290 0.000589 0.000521 0.000243 0.000016 0.044827 0.007514 1.735696
0.946294 0.000600 0.000519 0.000241 0.000016 0.044816 0.007514 1.735750
0.946317 0.000589 0.000519 0.000242 0.000016 0.044802 0.007514 1.735807
0.946331 0.000595 0.000523 0.000233 0.000017 0.044785 0.007515 1.735858
0.946340 0.000598 0.000527 0.000236 0.000016 0.044768 0.007515 1.735914
0.946346 0.000589 0.000538 0.000242 0.000017 0.044752 0.007515 1.735982
0.946348 0.000605 0.000543 0.000235 0.000017 0.044736 0.007515 1.736031
0.946352 0.000603 0.000539 0.000240 0.000017 0.044732 0.007516 1.736091
0.946349 0.000616 0.000544 0.000240 0.000016 0.044719 0.007516 1.736149
0.946352 0.000621 0.000545 0.000240 0.000014 0.044711 0.007516 1.736213
0.946361 0.000626 0.000540 0.000236 0.000015 0.044706 0.007516 1.736271
0.946372 0.000620 0.000544 0.000233 0.000014 0.044699 0.007517 1.736331
0.946376 0.000616 0.000546 0.000241 0.000014 0.044690 0.007517 1.736395
0.946384 0.000608 0.000543 0.000249 0.000014 0.044685 0.007517 1.736460
0.946402 0.000591 0.000544 0.000254 0.000013 0.044679 0.007517 1.736526
0.946411 0.000589 0.000549 0.000242 0.000014 0.044678 0.007517 1.736582
0.946412 0.000594 0.000552 0.000238 0.000015 0.044672 0.007517 1.736642
0.946427 0.000594 0.000550 0.000240 0.000014 0.044657 0.007518 1.736695
0.946441 0.000600 0.000546 0.000240 0.000015 0.044641 0.007518 1.736749
0.946446 0.000608 0.000545 0.000242 0.000015 0.044626 0.007518 1.736803
0.946445 0.000610 0.000558 0.000237 0.000014 0.044617 0.007519 1.736867
0.946450 0.000612 0.000565 0.000241 0.000014 0.044599 0.007519 1.736933
0.946451 0.000623 0.000570 0.000236 0.000014 0.044586 0.007520 1.736989
0.946453 0.000611 0.000571 0.000239 0.000014 0.044593 0.007520 1.737054
0.946458 0.000615 0.000565 0.000242 0.000015 0.044585 0.007520 1.737111
0.946462 0.000616 0.000564 0.000243 0.000014 0.044582 0.007520 1.737167
0.946460 0.000623 0.000572 0.000247 0.000013 0.044565 0.007520 1.737230
0.946468 0.000625 0.000570 0.000249 0.000015 0.044553 0.007520 1.737290
0.946454 0.000624 0.000568 0.000251 0.000015 0.044566 0.007520 1.737361
0.946448 0.000626 0.000573 0.000256 0.000015 0.044563 0.007520 1.737427
0.946448 0.000628 0.000583 0.000255 0.000015 0.044552 0.007521 1.737489
0.946452 0.000608 0.000592 0.000257 0.000015 0.044554 0.007521 1.737561
0.946457 0.000601 0.000587 0.000257 0.000015 0.044562 0.007521 1.737622
0.946470 0.000589 0.000587 0.000258 0.000014 0.044562 0.007521 1.737687
0.946475 0.000578 0.000583 0.000263 0.000014 0.044566 0.007521 1.737750
0.946477 0.000586 0.000574 0.000260 0.000014 0.044567 0.007521 1.737803
0.946483 0.000590 0.000570 0.000255 0.000014 0.044567 0.007522 1.737855
0.946486 0.000594 0.000575 0.000257 0.000014 0.044552 0.007522 1.737911
0.946501 0.000591 0.000566 0.000258 0.000014 0.044547 0.007523 1.737970
0.946502 0.000589 0.000566 0.000256 0.000013 0.044551 0.007523 1.738031
0.946505 0.000582 0.000572 0.000258 0.000013 0.044547 0.007523 1.738092
0.946509 0.000582 0.000578 0.000256 0.000014 0.044538 0.007523 1.738149
0.946502 0.000598 0.000568 0.000258 0.000014 0.044538 0.007524 1.738199
0.946500 0.000604 0.000567 0.000258 0.000013 0.044534 0.007524 1.738249
0.946503 0.000605 0.000568 0.000257 0.000015 0.044528 0.007524 1.738309
0.946497 0.000609 0.000571 0.000258 0.000014 0.044525 0.007524 1.738369
0.946503 0.000601 0.000582 0.000258 0.000014 0.044518 0.007524 1.738431
0.946506 0.000606 0.000587 0.000251 0.000014 0.044512 0.007524 1.738494
0.946501 0.000603 0.000593 0.000252 0.000013 0.044515 0.007524 1.738557
0.946493 0.000603 0.000592 0.000254 0.000014 0.044517 0.007525 1.738624
0.946491 0.000601 0.000591 0.000252 0.000013 0.044527 0.007525 1.738687
0.946496 0.000605 0.000576 0.000255 0.000013 0.044530 0.007525 1.738738
0.946496 0.000601 0.000577 0.000250 0.000012 0.044539 0.007525 1.738801
0.946502 0.000606 0.000575 0.000248 0.000012 0.044532 0.007525 1.738854
0.946497 0.000606 0.000576 0.000248 0.000013 0.044535 0.007525 1.738924
0.946498 0.000615 0.000576 0.000250 0.000013 0.044524 0.007525 1.738979
0.946498 0.000620 0.000577 0.000242 0.000013 0.044525 0.007525 1.739037
0.946488 0.000623 0.000576 0.000252 0.000013 0.044522 0.007525 1.739100
0.946490 0.000629 0.000574 0.000251 0.000013 0.044518 0.007525 1.739156
0.946499 0.000616 0.000581 0.000255 0.000013 0.044510 0.007525 1.739228
0.946501 0.000611 0.000578 0.000251 0.000014 0.044521 0.007525 1.739290
0.946502 0.000619 0.000574 0.000249 0.000015 0.044515 0.007525 1.739345
0.946502 0.000626 0.000571 0.000245 0.000015 0.044517 0.007525 1.739401
0.946501 0.000622 0.000575 0.000251 0.000014 0.044510 0.007525 1.739471
0.946502 0.000628 0.000570 0.000254 0.000014 0.044507 0.007525 1.739526
0.946493 0.000641 0.000566 0.000257 0.000014 0.044503 0.007526 1.739580
0.946502 0.000634 0.000563 0.000270 0.000015 0.044490 0.007526 1.739644
0.946505 0.000638 0.000570 0.000273 0.000014 0.044473 0.007527 1.739706
0.946494 0.000645 0.000572 0.000275 0.000014 0.044474 0.007527 1.739764
0.946486 0.000644 0.000571 0.000277 0.000013 0.044482 0.007528 1.739827
0.946491 0.000643 0.000567 0.000282 0.000013 0.044476 0.007528 1.739889
0.946493 0.000638 0.000585 0.000280 0.000013 0.044464 0.007528 1.739957
0.946485 0.000645 0.000590 0.000277 0.000012 0.044464 0.007529 1.740015
0.946480 0.000651 0.000584 0.000276 0.000013 0.044467 0.007529 1.740070
0.946479 0.000641 0.000589 0.000280 0.000012 0.044469 0.007529 1.740143
0.946478 0.000645 0.000597 0.000278 0.000012 0.044461 0.007529 1.740207
0.946482 0.000643 0.000598 0.000280 0.000012 0.044458 0.007530 1.740271
0.946475 0.000642 0.000604 0.000284 0.000012 0.044455 0.007530 1.740341
0.946472 0.000648 0.000586 0.000281 0.000012 0.044470 0.007530 1.740394
0.946466 0.000659 0.000585 0.000285 0.000013 0.044461 0.007530 1.740454
0.946465 0.000650 0.000592 0.000288 0.000013 0.044461 0.007530 1.740522
0.946456 0.000656 0.000602 0.000290 0.000013 0.044451 0.007530 1.740598
0.946463 0.000649 0.000598 0.000293 0.000013 0.044454 0.007530 1.740664
0.946458 0.000648 0.000586 0.000286 0.000014 0.044477 0.007530 1.740721
0.946469 0.000632 0.000601 0.000284 0.000014 0.044470 0.007530 1.740792
0.946476 0.000625 0.000607 0.000288 0.000013 0.044459 0.007531 1.740863
0.946468 0.000635 0.000609 0.000284 0.000013 0.044460 0.007531 1.740917
0.946477 0.000626 0.000606 0.000281 0.000013 0.044466 0.007531 1.740978
0.946482 0.000611 0.000602 0.000285 0.000013 0.044476 0.007532 1.741047
0.946477 0.000609 0.000602 0.000283 0.000013 0.044485 0.007532 1.741112
0.946476 0.000616 0.000596 0.000276 0.000014 0.044491 0.007532 1.741165
0.946467 0.000626 0.000597 0.000279 0.000015 0.044483 0.007532 1.741226
0.946472 0.000622 0.000598 0.000278 0.000015 0.044483 0.007532 1.741290
0.946455 0.000625 0.000597 0.000278 0.000016 0.044497 0.007532 1.741345
0.946452 0.000628 0.000602 0.000285 0.000016 0.044485 0.007532 1.741412
0.946440 0.000625 0.000601 0.000285 0.000016 0.044502 0.007532 1.741477
0.946443 0.000630 0.000604 0.000269 0.000016 0.044505 0.007532 1.741531
0.946434 0.000630 0.000599 0.000279 0.000016 0.044510 0.007532 1.741599
0.946439 0.000629 0.000601 0.000281 0.000016 0.044501 0.007532 1.741661
0.946440 0.000623 0.000593 0.000281 0.000016 0.044514 0.007532 1.741721
0.946438 0.000622 0.000595 0.000276 0.000016 0.044521 0.007532 1.741778
0.946448 0.000629 0.000595 0.000278 0.000015 0.044503 0.007532 1.741833
0.946445 0.000631 0.000591 0.000271 0.000016 0.044515 0.007532 1.741895
0.946452 0.000613 0.000590 0.000267 0.000017 0.044529 0.007532 1.741964
0.946435 0.000623 0.000586 0.000261 0.000018 0.044545 0.007532 1.742015
0.946437 0.000626 0.000583 0.000260 0.000017 0.044545 0.007532 1.742073
0.946444 0.000620 0.000590 0.000264 0.000018 0.044532 0.007532 1.742134
0.946421 0.000633 0.000592 0.000263 0.000017 0.044540 0.007533 1.742193
0.946417 0.000620 0.000589 0.000272 0.000016 0.044552 0.007533 1.742263
0.946411 0.000628 0.000588 0.000269 0.000017 0.044553 0.007533 1.742321
0.946399 0.000630 0.000594 0.000273 0.000016 0.044553 0.007533 1.742387
0.946395 0.000645 0.000584 0.000268 0.000017 0.044557 0.007534 1.742442
0.946386 0.000633 0.000599 0.000269 0.000016 0.044563 0.007534 1.742515
0.946399 0.000625 0.000598 0.000272 0.000015 0.044557 0.007534 1.742575
0.946396 0.000625 0.000602 0.000275 0.000015 0.044554 0.007534 1.742636
0.946391 0.000624 0.000609 0.000275 0.000015 0.044553 0.007534 1.742702
0.946372 0.000631 0.000612 0.000277 0.000014 0.044558 0.007535 1.742764
0.946364 0.000639 0.000613 0.000278 0.000015 0.044556 0.007535 1.742825
0.946361 0.000628 0.000609 0.000285 0.000016 0.044567 0.007535 1.742892
0.946369 0.000626 0.000601 0.000287 0.000014 0.044568 0.007535 1.742951
0.946361 0.000616 0.000603 0.000289 0.000015 0.044582 0.007535 1.743022
0.946353 0.000623 0.000599 0.000286 0.000015 0.044589 0.007535 1.743078
0.946363 0.000602 0.000606 0.000285 0.000016 0.044594 0.007535 1.743153
0.946364 0.000609 0.000589 0.000289 0.000015 0.044597 0.007536 1.743203
0.946360 0.000611 0.000592 0.000293 0.000017 0.044591 0.007536 1.743269
0.946357 0.000607 0.000593 0.000295 0.000017 0.044595 0.007536 1.743336
0.946363 0.000617 0.000570 0.000286 0.000016 0.044612 0.007536 1.743382
0.946372 0.000624 0.000565 0.000280 0.000016 0.044606 0.007537 1.743432
0.946379 0.000617 0.000569 0.000282 0.000016 0.044599 0.007537 1.743493
0.946377 0.000615 0.000561 0.000282 0.000014 0.044613 0.007537 1.743549
0.946385 0.000603 0.000564 0.000287 0.000013 0.044610 0.007537 1.743616
0.946388 0.000602 0.000564 0.000285 0.000014 0.044610 0.007538 1.743674
0.946386 0.000600 0.000562 0.000276 0.000013 0.044625 0.007538 1.743733
0.946379 0.000598 0.000565 0.000275 0.000013 0.044632 0.007538 1.743788
0.946374 0.000608 0.000563 0.000274 0.000013 0.044629 0.007538 1.743845
0.946385 0.000599 0.000564 0.000268 0.000013 0.044633 0.007538 1.743901
0.946402 0.000594 0.000571 0.000269 0.000013 0.044610 0.007539 1.743957
0.946400 0.000604 0.000566 0.000267 0.000013 0.044611 0.007539 1.744011
0.946402 0.000607 0.000574 0.000262 0.000013 0.044603 0.007539 1.744072
0.946400 0.000609 0.000575 0.000261 0.000014 0.044602 0.007539 1.744129
0.946391 0.000610 0.000578 0.000259 0.000014 0.044609 0.007539 1.744191
0.946392 0.000610 0.000587 0.000259 0.000014 0.044599 0.007539 1.744252
0.946390 0.000607 0.000594 0.000258 0.000015 0.044595 0.007539 1.744315
0.946397 0.000610 0.000595 0.000254 0.000016 0.044589 0.007540 1.744373
0.946404 0.000601 0.000591 0.000252 0.000017 0.044594 0.007540 1.744430
0.946416 0.000599 0.000593 0.000247 0.000018 0.044586 0.007540 1.744488
0.946420 0.000592 0.000598 0.000247 0.000017 0.044584 0.007540 1.744549
0.946419 0.000589 0.000601 0.000246 0.000017 0.044588 0.007540 1.744608
0.946444 0.000581 0.000584 0.000246 0.000017 0.044587 0.007540 1.744663
0.946439 0.000593 0.000576 0.000242 0.000016 0.044594 0.007540 1.744712
0.946437 0.000586 0.000573 0.000246 0.000016 0.044602 0.007541 1.744771
0.946440 0.000582 0.000580 0.000241 0.000016 0.044600 0.007541 1.744834
0.946428 0.000580 0.000583 0.000249 0.000014 0.044605 0.007541 1.744901
0.946417 0.000590 0.000577 0.000246 0.000014 0.044615 0.007541 1.744952
0.946427 0.000586 0.000576 0.000243 0.000015 0.044613 0.007541 1.745014
0.946432 0.000578 0.000575 0.000246 0.000015 0.044614 0.007541 1.745075
0.946430 0.000573 0.000567 0.000240 0.000014 0.044636 0.007541 1.745136
0.946429 0.000578 0.000563 0.000243 0.000014 0.044632 0.007541 1.745196
0.946427 0.000582 0.000554 0.000241 0.000014 0.044640 0.007541 1.745250
0.946438 0.000579 0.000550 0.000244 0.000014 0.044634 0.007541 1.745308
0.946437 0.000578 0.000554 0.000246 0.000013 0.044630 0.007541 1.745363
0.946444 0.000591 0.000545 0.000244 0.000014 0.044621 0.007541 1.745406
0.946451 0.000595 0.000556 0.000245 0.000013 0.044598 0.007541 1.745465
0.946460 0.000591 0.000556 0.000248 0.000012 0.044590 0.007542 1.745521
0.946458 0.000593 0.000568 0.000249 0.000012 0.044577 0.007542 1.745580
0.946473 0.000580 0.000571 0.000248 0.000012 0.044574 0.007542 1.745637
0.946476 0.000575 0.000574 0.000247 0.000013 0.044573 0.007542 1.745694
0.946468 0.000565 0.000573 0.000246 0.000014 0.044591 0.007542 1.745754
0.946479 0.000576 0.000566 0.000247 0.000015 0.044574 0.007542 1.745803
