0.359959 0.061688 0.055092 0.031476 0.002002 0.484078 0.005706 1.587909
0.361258 0.060436 0.054957 0.031384 0.002012 0.484227 0.005725 1.593874
0.362841 0.058931 0.054770 0.031315 0.002012 0.484385 0.005746 1.599800
0.364934 0.057370 0.054524 0.031059 0.002010 0.484335 0.005768 1.605456
0.366918 0.055798 0.054278 0.030857 0.001999 0.484354 0.005797 1.611059
0.369102 0.054313 0.053833 0.030536 0.001989 0.484406 0.005823 1.616392
0.371529 0.052673 0.053501 0.030319 0.001998 0.484135 0.005845 1.621719
0.373992 0.051117 0.053041 0.030003 0.001998 0.483978 0.005872 1.626862
0.376555 0.049765 0.052343 0.029569 0.002006 0.483866 0.005897 1.631704
0.379275 0.048347 0.051731 0.029100 0.002009 0.483617 0.005921 1.636494
0.382018 0.047063 0.051047 0.028698 0.002000 0.483225 0.005948 1.641142
0.384791 0.045642 0.050436 0.028307 0.001987 0.482865 0.005973 1.645822
0.387575 0.044500 0.049739 0.027918 0.001993 0.482279 0.005996 1.650295
0.390371 0.043393 0.048993 0.027465 0.001984 0.481769 0.006024 1.654609
0.393140 0.042360 0.048266 0.026980 0.001976 0.481228 0.006050 1.658822
0.395968 0.041358 0.047533 0.026520 0.001978 0.480567 0.006076 1.662915
0.398790 0.040419 0.046776 0.026116 0.001955 0.479844 0.006100 1.666966
0.401664 0.039653 0.045929 0.025608 0.001934 0.479084 0.006129 1.670828
0.404507 0.038799 0.045208 0.025201 0.001927 0.478212 0.006147 1.674725
0.407587 0.037970 0.044442 0.024792 0.001916 0.477122 0.006171 1.678494
0.410648 0.037280 0.043648 0.024363 0.001900 0.475965 0.006194 1.682131
0.413695 0.036536 0.042866 0.023926 0.001889 0.474871 0.006215 1.685720
0.416764 0.035877 0.042103 0.023519 0.001873 0.473625 0.006237 1.689283
0.419792 0.035321 0.041417 0.023074 0.001868 0.472273 0.006256 1.692763
0.422803 0.034742 0.040769 0.022662 0.001865 0.470879 0.006281 1.696248
0.425791 0.034202 0.040027 0.022288 0.001856 0.469535 0.006302 1.699586
0.428840 0.033786 0.039352 0.021920 0.001838 0.467938 0.006327 1.702869
0.431906 0.033380 0.038678 0.021513 0.001817 0.466354 0.006352 1.706138
0.434810 0.032943 0.038081 0.021088 0.001804 0.464899 0.006375 1.709391
0.437722 0.032632 0.037488 0.020764 0.001773 0.463226 0.006394 1.712559
0.440708 0.032298 0.036905 0.020373 0.001761 0.461542 0.006415 1.715690
0.443600 0.031914 0.036349 0.020036 0.001747 0.459915 0.006439 1.718890
0.446651 0.031518 0.035802 0.019752 0.001713 0.458102 0.006463 1.722028
0.449550 0.031290 0.035202 0.019402 0.001691 0.456382 0.006484 1.725079
0.452461 0.030991 0.034795 0.019089 0.001667 0.454488 0.006509 1.728177
0.455291 0.030800 0.034278 0.018797 0.001647 0.452656 0.006530 1.731192
0.458111 0.030631 0.033766 0.018491 0.001618 0.450827 0.006554 1.734136
0.461036 0.030393 0.033261 0.018256 0.001595 0.448881 0.006578 1.737127
0.463842 0.030204 0.032726 0.017981 0.001587 0.447063 0.006598 1.740043
0.466522 0.030049 0.032377 0.017749 0.001566 0.445116 0.006621 1.743011
0.469358 0.029785 0.031962 0.017592 0.001552 0.443110 0.006643 1.745953
0.472039 0.029736 0.031572 0.017366 0.001531 0.441087 0.006668 1.748831
0.474695 0.029629 0.031149 0.017192 0.001504 0.439145 0.006685 1.751717
0.477348 0.029569 0.030828 0.016932 0.001498 0.437121 0.006704 1.754545
0.480086 0.029471 0.030441 0.016775 0.001482 0.435018 0.006726 1.757379
0.482669 0.029427 0.030076 0.016628 0.001470 0.432984 0.006747 1.760239
0.485381 0.029280 0.029768 0.016507 0.001447 0.430851 0.006767 1.763125
0.487870 0.029249 0.029522 0.016291 0.001438 0.428845 0.006786 1.765986
0.490295 0.029228 0.029223 0.016147 0.001418 0.426886 0.006802 1.768847
0.492779 0.029194 0.028994 0.016060 0.001407 0.424754 0.006813 1.771739
0.495247 0.029213 0.028772 0.015946 0.001386 0.422604 0.006832 1.774577
0.497719 0.029193 0.028565 0.015749 0.001365 0.420561 0.006848 1.777375
0.500134 0.029155 0.028454 0.015650 0.001341 0.418400 0.006865 1.780294
0.502524 0.029117 0.028231 0.015599 0.001328 0.416319 0.006882 1.783166
0.504958 0.029079 0.028116 0.015544 0.001304 0.414096 0.006903 1.786059
0.507277 0.029010 0.028022 0.015484 0.001288 0.412000 0.006919 1.788994
0.509558 0.028982 0.027917 0.015413 0.001273 0.409921 0.006936 1.791912
0.511738 0.028958 0.027843 0.015328 0.001258 0.407921 0.006955 1.794827
0.513845 0.029054 0.027635 0.015282 0.001253 0.405962 0.006968 1.797710
0.516039 0.029076 0.027395 0.015246 0.001244 0.404019 0.006982 1.800556
0.518201 0.029099 0.027297 0.015145 0.001239 0.402019 0.006999 1.803410
0.520217 0.029284 0.027191 0.015016 0.001227 0.400046 0.007019 1.806204
0.522217 0.029434 0.027086 0.014970 0.001207 0.398054 0.007033 1.809034
0.524235 0.029463 0.027034 0.014895 0.001194 0.396136 0.007042 1.811957
0.526187 0.029566 0.026993 0.014872 0.001185 0.394143 0.007054 1.814818
0.528099 0.029687 0.026979 0.014835 0.001172 0.392163 0.007065 1.817727
0.529957 0.029818 0.026873 0.014764 0.001155 0.390356 0.007077 1.820607
0.531793 0.029931 0.026874 0.014801 0.001132 0.388377 0.007091 1.823551
0.533596 0.030011 0.026910 0.014776 0.001122 0.386479 0.007106 1.826538
0.535324 0.030212 0.026926 0.014739 0.001116 0.384562 0.007121 1.829460
0.536960 0.030433 0.026879 0.014710 0.001117 0.382771 0.007130 1.832394
0.538549 0.030703 0.026895 0.014654 0.001116 0.380938 0.007145 1.835338
0.540187 0.030867 0.026940 0.014673 0.001106 0.379067 0.007159 1.838339
0.541717 0.031081 0.026943 0.014724 0.001103 0.377263 0.007169 1.841380
0.543118 0.031231 0.026986 0.014763 0.001100 0.375615 0.007188 1.844440
0.544605 0.031363 0.027042 0.014820 0.001084 0.373883 0.007203 1.847559
0.545914 0.031652 0.027021 0.014846 0.001089 0.372264 0.007213 1.850566
0.547243 0.031866 0.027135 0.014860 0.001073 0.370596 0.007228 1.853688
0.548507 0.032035 0.027181 0.014922 0.001068 0.369043 0.007242 1.856816
0.549758 0.032189 0.027245 0.015003 0.001066 0.367479 0.007259 1.860019
0.551029 0.032333 0.027334 0.014999 0.001052 0.365979 0.007275 1.863202
0.552281 0.032504 0.027420 0.015098 0.001044 0.364368 0.007286 1.866412
0.553505 0.032682 0.027540 0.015175 0.001039 0.362762 0.007298 1.869623
0.554604 0.032914 0.027622 0.015192 0.001037 0.361321 0.007310 1.872764
0.555640 0.033070 0.027686 0.015268 0.001032 0.359981 0.007322 1.876060
0.556626 0.033280 0.027811 0.015336 0.001025 0.358593 0.007330 1.879328
0.557647 0.033480 0.027899 0.015382 0.001031 0.357219 0.007342 1.882593
0.558696 0.033571 0.028027 0.015488 0.001025 0.355840 0.007354 1.885940
0.559689 0.033744 0.028153 0.015546 0.001026 0.354476 0.007366 1.889242
0.560642 0.033893 0.028288 0.015604 0.001024 0.353172 0.007378 1.892571
0.561541 0.033994 0.028449 0.015641 0.001028 0.351956 0.007391 1.895958
0.562410 0.034213 0.028602 0.015731 0.001034 0.350608 0.007401 1.899320
0.563078 0.034482 0.028814 0.015858 0.001032 0.349321 0.007414 1.902698
0.564015 0.034667 0.028915 0.015915 0.001036 0.348029 0.007424 1.906052
0.564664 0.035006 0.029069 0.015996 0.001018 0.346807 0.007439 1.909452
0.565355 0.035232 0.029188 0.016075 0.001007 0.345692 0.007451 1.912863
0.566019 0.035546 0.029264 0.016116 0.001006 0.344584 0.007466 1.916258
0.566570 0.035709 0.029460 0.016227 0.001000 0.343551 0.007482 1.919792
0.567154 0.035989 0.029587 0.016283 0.000998 0.342496 0.007493 1.923258
0.567779 0.036154 0.029736 0.016334 0.000996 0.341496 0.007504 1.926788
0.568320 0.036445 0.029902 0.016351 0.000993 0.340473 0.007516 1.930292
0.568813 0.036611 0.030052 0.016459 0.001000 0.339534 0.007531 1.933844
0.569165 0.036957 0.030194 0.016507 0.001006 0.338631 0.007540 1.937356
0.569625 0.037166 0.030402 0.016533 0.001001 0.337718 0.007554 1.940941
0.570063 0.037321 0.030578 0.016626 0.001001 0.336840 0.007571 1.944593
0.570415 0.037475 0.030747 0.016698 0.000993 0.336088 0.007584 1.948215
0.570713 0.037807 0.030835 0.016822 0.000998 0.335229 0.007596 1.951833
0.571029 0.037866 0.031064 0.016910 0.001001 0.334519 0.007609 1.955641
0.571310 0.038082 0.031238 0.016933 0.001007 0.333807 0.007623 1.959330
0.571567 0.038341 0.031370 0.017098 0.000999 0.332991 0.007635 1.962979
0.571805 0.038560 0.031522 0.017161 0.001009 0.332295 0.007649 1.966719
0.571988 0.038762 0.031719 0.017298 0.001001 0.331571 0.007660 1.970504
0.572180 0.038867 0.031863 0.017426 0.001007 0.330987 0.007670 1.974283
0.572388 0.039003 0.032059 0.017480 0.001014 0.330374 0.007682 1.978095
0.572546 0.039169 0.032323 0.017569 0.001015 0.329688 0.007692 1.981955
0.572782 0.039335 0.032477 0.017594 0.001015 0.329094 0.007704 1.985755
0.572867 0.039481 0.032640 0.017663 0.001022 0.328610 0.007717 1.989621
0.572930 0.039609 0.032866 0.017715 0.001022 0.328133 0.007725 1.993495
0.573087 0.039629 0.032971 0.017767 0.001019 0.327792 0.007734 1.997411
0.573271 0.039783 0.033057 0.017787 0.001015 0.327343 0.007743 2.001248
0.573370 0.039915 0.033154 0.017875 0.001022 0.326909 0.007754 2.005129
0.573462 0.039986 0.033425 0.018006 0.001020 0.326335 0.007768 2.009092
0.573608 0.039973 0.033573 0.018083 0.001024 0.325958 0.007780 2.013018
0.573673 0.040097 0.033747 0.018179 0.001028 0.325485 0.007792 2.016906
0.573769 0.040183 0.033856 0.018289 0.001031 0.325066 0.007807 2.020831
0.573885 0.040300 0.033943 0.018389 0.001033 0.324629 0.007820 2.024710
0.573972 0.040367 0.034132 0.018454 0.001040 0.324204 0.007831 2.028606
0.574025 0.040381 0.034236 0.018544 0.001044 0.323928 0.007842 2.032609
0.574049 0.040463 0.034388 0.018577 0.001039 0.323624 0.007859 2.036566
0.574076 0.040497 0.034520 0.018701 0.001042 0.323288 0.007876 2.040501
0.574046 0.040547 0.034681 0.018752 0.001041 0.323046 0.007887 2.044485
0.574097 0.040594 0.034749 0.018762 0.001055 0.322843 0.007899 2.048425
0.574069 0.040658 0.034789 0.018792 0.001062 0.322722 0.007909 2.052389
0.574038 0.040830 0.034908 0.018882 0.001067 0.322356 0.007921 2.056323
0.574043 0.040750 0.035055 0.018956 0.001064 0.322197 0.007936 2.060363
0.573951 0.040894 0.035173 0.018977 0.001058 0.321999 0.007948 2.064327
0.573992 0.040846 0.035214 0.019056 0.001056 0.321879 0.007957 2.068322
0.573995 0.040882 0.035353 0.019095 0.001053 0.321652 0.007970 2.072301
0.573952 0.040926 0.035358 0.019207 0.001060 0.321515 0.007983 2.076298
0.573993 0.040904 0.035417 0.019228 0.001064 0.321400 0.007996 2.080275
0.573953 0.040898 0.035489 0.019301 0.001053 0.321293 0.008013 2.084318
0.573986 0.040936 0.035517 0.019337 0.001039 0.321160 0.008025 2.088299
0.573969 0.040917 0.035612 0.019351 0.001046 0.321067 0.008039 2.092379
0.574007 0.040897 0.035612 0.019358 0.001051 0.321027 0.008048 2.096389
0.574119 0.040751 0.035677 0.019446 0.001065 0.320884 0.008058 2.100448
0.574156 0.040734 0.035661 0.019496 0.001076 0.320806 0.008072 2.104460
0.574175 0.040742 0.035605 0.019519 0.001065 0.320807 0.008088 2.108419
0.574247 0.040700 0.035587 0.019520 0.001062 0.320784 0.008099 2.112393
0.574266 0.040702 0.035609 0.019512 0.001054 0.320742 0.008117 2.116333
0.574256 0.040582 0.035621 0.019537 0.001060 0.320818 0.008126 2.120363
0.574241 0.040576 0.035713 0.019515 0.001063 0.320753 0.008139 2.124350
0.574337 0.040493 0.035794 0.019518 0.001059 0.320641 0.008158 2.128332
0.574463 0.040397 0.035842 0.019490 0.001064 0.320575 0.008170 2.132300
0.574562 0.040319 0.035930 0.019423 0.001082 0.320500 0.008184 2.136299
0.574572 0.040385 0.035966 0.019422 0.001080 0.320379 0.008196 2.140230
0.574787 0.040250 0.035916 0.019444 0.001074 0.320321 0.008209 2.144188
0.574882 0.040192 0.035887 0.019441 0.001067 0.320312 0.008219 2.148127
0.575009 0.040159 0.035820 0.019380 0.001083 0.320316 0.008234 2.152007
0.575087 0.040059 0.035890 0.019352 0.001095 0.320268 0.008248 2.155971
0.575118 0.040011 0.035834 0.019328 0.001092 0.320357 0.008261 2.159878
0.575367 0.039930 0.035707 0.019321 0.001098 0.320304 0.008273 2.163797
0.575490 0.039845 0.035808 0.019317 0.001102 0.320152 0.008287 2.167786
0.575705 0.039683 0.035801 0.019345 0.001095 0.320072 0.008299 2.171719
0.575799 0.039667 0.035764 0.019307 0.001103 0.320052 0.008308 2.175583
0.575917 0.039639 0.035740 0.019319 0.001114 0.319952 0.008318 2.179468
0.576122 0.039463 0.035759 0.019324 0.001121 0.319881 0.008330 2.183388
0.576281 0.039385 0.035758 0.019292 0.001118 0.319820 0.008345 2.187285
0.576531 0.039390 0.035765 0.019260 0.001121 0.319581 0.008352 2.191101
0.576692 0.039374 0.035764 0.019241 0.001136 0.319427 0.008364 2.194986
0.576834 0.039276 0.035759 0.019255 0.001143 0.319356 0.008377 2.198856
0.577093 0.039118 0.035826 0.019242 0.001133 0.319192 0.008396 2.202776
0.577309 0.039017 0.035739 0.019224 0.001133 0.319168 0.008411 2.206605
0.577530 0.038974 0.035669 0.019208 0.001132 0.319064 0.008423 2.210409
0.577774 0.038897 0.035589 0.019174 0.001130 0.319000 0.008435 2.214226
0.577992 0.038878 0.035556 0.019161 0.001127 0.318836 0.008450 2.218058
0.578265 0.038776 0.035517 0.019147 0.001131 0.318702 0.008462 2.221891
0.578503 0.038754 0.035489 0.019154 0.001134 0.318491 0.008476 2.225673
0.578636 0.038730 0.035424 0.019157 0.001126 0.318435 0.008492 2.229517
0.578992 0.038639 0.035315 0.019133 0.001134 0.318282 0.008505 2.233279
0.579241 0.038605 0.035206 0.019028 0.001131 0.318271 0.008518 2.237039
0.579475 0.038643 0.035065 0.018932 0.001125 0.318226 0.008534 2.240775
0.579777 0.038609 0.034948 0.018865 0.001136 0.318114 0.008551 2.244516
0.580067 0.038573 0.034965 0.018826 0.001121 0.317878 0.008570 2.248253
0.580264 0.038632 0.034896 0.018830 0.001127 0.317669 0.008581 2.251978
0.580394 0.038643 0.034879 0.018820 0.001135 0.317535 0.008593 2.255756
0.580567 0.038638 0.034841 0.018783 0.001136 0.317428 0.008608 2.259565
0.580873 0.038638 0.034771 0.018775 0.001141 0.317182 0.008619 2.263265
0.581082 0.038599 0.034708 0.018739 0.001144 0.317097 0.008632 2.267041
0.581311 0.038573 0.034626 0.018737 0.001143 0.316960 0.008649 2.270858
0.581535 0.038495 0.034649 0.018731 0.001154 0.316779 0.008658 2.274699
0.581715 0.038454 0.034655 0.018688 0.001148 0.316671 0.008670 2.278463
0.581881 0.038396 0.034694 0.018685 0.001146 0.316510 0.008689 2.282303
0.582026 0.038403 0.034659 0.018724 0.001143 0.316336 0.008709 2.286086
0.582281 0.038330 0.034629 0.018712 0.001145 0.316187 0.008716 2.289862
0.582426 0.038336 0.034584 0.018689 0.001143 0.316092 0.008730 2.293640
0.582711 0.038300 0.034526 0.018634 0.001153 0.315934 0.008742 2.297354
0.582844 0.038267 0.034548 0.018607 0.001143 0.315839 0.008752 2.301153
0.583070 0.038219 0.034506 0.018520 0.001135 0.315786 0.008765 2.304909
0.583300 0.038239 0.034428 0.018496 0.001144 0.315611 0.008781 2.308615
0.583609 0.038223 0.034353 0.018541 0.001142 0.315338 0.008795 2.312303
0.583845 0.038144 0.034405 0.018515 0.001130 0.315148 0.008813 2.316113
0.584121 0.038083 0.034446 0.018434 0.001126 0.314960 0.008828 2.319884
0.584348 0.038164 0.034441 0.018332 0.001132 0.314740 0.008843 2.323519
0.584539 0.038215 0.034336 0.018339 0.001130 0.314586 0.008855 2.327194
0.584680 0.038238 0.034264 0.018350 0.001129 0.314473 0.008867 2.330902
0.584792 0.038248 0.034243 0.018338 0.001142 0.314361 0.008877 2.334662
0.585034 0.038166 0.034232 0.018411 0.001139 0.314127 0.008892 2.338455
0.585290 0.038155 0.034146 0.018395 0.001127 0.313983 0.008907 2.342127
0.585554 0.038113 0.034139 0.018392 0.001127 0.313754 0.008920 2.345869
0.585752 0.038121 0.034044 0.018358 0.001120 0.313669 0.008935 2.349558
0.585925 0.038058 0.034046 0.018329 0.001129 0.313566 0.008946 2.353322
0.586134 0.038039 0.034109 0.018284 0.001133 0.313341 0.008959 2.357059
0.586290 0.038175 0.034068 0.018314 0.001121 0.313055 0.008976 2.360703
0.586448 0.038203 0.034073 0.018348 0.001117 0.312818 0.008992 2.364463
0.586628 0.038151 0.034120 0.018352 0.001104 0.312640 0.009006 2.368213
0.586717 0.038237 0.034114 0.018345 0.001106 0.312464 0.009017 2.371953
0.586880 0.038261 0.034126 0.018307 0.001107 0.312284 0.009035 2.375664
0.586910 0.038422 0.034062 0.018339 0.001111 0.312108 0.009049 2.379352
0.587000 0.038392 0.034019 0.018356 0.001109 0.312062 0.009062 2.383151
0.587226 0.038302 0.034096 0.018395 0.001098 0.311806 0.009077 2.386964
0.587413 0.038360 0.034062 0.018377 0.001096 0.311598 0.009095 2.390656
0.587597 0.038383 0.034052 0.018370 0.001087 0.311399 0.009112 2.394366
0.587794 0.038354 0.034026 0.018414 0.001085 0.311202 0.009125 2.398077
0.587869 0.038359 0.034086 0.018399 0.001079 0.311067 0.009141 2.401811
0.587919 0.038443 0.034047 0.018375 0.001083 0.310982 0.009151 2.405541
0.588074 0.038357 0.034098 0.018330 0.001087 0.310889 0.009166 2.409362
0.588114 0.038401 0.034202 0.018291 0.001091 0.310724 0.009177 2.413147
0.588266 0.038330 0.034293 0.018325 0.001098 0.310498 0.009189 2.416964
0.588316 0.038331 0.034330 0.018304 0.001108 0.310412 0.009199 2.420719
0.588398 0.038375 0.034308 0.018266 0.001104 0.310337 0.009213 2.424489
0.588533 0.038321 0.034299 0.018320 0.001111 0.310189 0.009226 2.428286
0.588620 0.038352 0.034220 0.018336 0.001110 0.310119 0.009243 2.432024
0.588707 0.038347 0.034256 0.018338 0.001110 0.309990 0.009253 2.435814
0.588823 0.038292 0.034343 0.018343 0.001101 0.309830 0.009268 2.439601
0.589021 0.038242 0.034300 0.018365 0.001099 0.309695 0.009278 2.443397
0.589121 0.038278 0.034375 0.018325 0.001105 0.309501 0.009294 2.447155
0.589269 0.038237 0.034352 0.018355 0.001093 0.309383 0.009312 2.450901
0.589373 0.038139 0.034314 0.018364 0.001103 0.309385 0.009323 2.454702
0.589533 0.038153 0.034219 0.018335 0.001108 0.309317 0.009335 2.458392
0.589641 0.038186 0.034142 0.018308 0.001115 0.309265 0.009344 2.462086
0.589755 0.038183 0.034147 0.018272 0.001116 0.309170 0.009356 2.465789
0.589924 0.038175 0.034107 0.018242 0.001127 0.309056 0.009370 2.469483
0.590043 0.038249 0.034097 0.018258 0.001135 0.308838 0.009381 2.473171
0.590136 0.038320 0.034149 0.018245 0.001133 0.308619 0.009399 2.476918
0.590283 0.038392 0.034127 0.018186 0.001131 0.308471 0.009410 2.480588
0.590422 0.038421 0.034134 0.018226 0.001121 0.308257 0.009421 2.484355
0.590393 0.038408 0.034200 0.018276 0.001121 0.308166 0.009436 2.488186
0.590427 0.038411 0.034204 0.018290 0.001107 0.308112 0.009450 2.491987
0.590438 0.038362 0.034272 0.018296 0.001111 0.308055 0.009466 2.495848
0.590616 0.038248 0.034231 0.018281 0.001111 0.308031 0.009483 2.499618
0.590698 0.038215 0.034183 0.018352 0.001103 0.307950 0.009497 2.503371
0.590653 0.038221 0.034232 0.018361 0.001096 0.307926 0.009513 2.507229
0.590755 0.038244 0.034199 0.018374 0.001092 0.307810 0.009526 2.510985
0.590698 0.038285 0.034233 0.018397 0.001088 0.307759 0.009540 2.514754
0.590771 0.038333 0.034188 0.018395 0.001097 0.307666 0.009550 2.518483
0.590738 0.038419 0.034141 0.018428 0.001089 0.307625 0.009561 2.522215
0.590836 0.038351 0.034202 0.018455 0.001091 0.307490 0.009575 2.526019
0.591016 0.038293 0.034206 0.018468 0.001084 0.307345 0.009590 2.529811
0.591123 0.038167 0.034288 0.018439 0.001089 0.307294 0.009601 2.533629
0.591155 0.038137 0.034312 0.018407 0.001093 0.307279 0.009617 2.537395
0.591180 0.038218 0.034234 0.018435 0.001092 0.307207 0.009633 2.541075
0.591317 0.038220 0.034200 0.018441 0.001100 0.307084 0.009640 2.544806
0.591315 0.038275 0.034210 0.018384 0.001115 0.307051 0.009650 2.548541
0.591453 0.038307 0.034150 0.018426 0.001118 0.306885 0.009661 2.552259
0.591559 0.038313 0.034098 0.018386 0.001116 0.306853 0.009675 2.555969
0.591551 0.038288 0.034092 0.018401 0.001125 0.306857 0.009686 2.559795
0.591652 0.038314 0.034107 0.018318 0.001118 0.306792 0.009699 2.563545
0.591736 0.038379 0.034106 0.018301 0.001119 0.306645 0.009714 2.567273
0.591899 0.038262 0.034054 0.018280 0.001124 0.306654 0.009727 2.571001
0.592068 0.038255 0.034045 0.018267 0.001128 0.306497 0.009740 2.574765
0.592236 0.038209 0.034012 0.018275 0.001125 0.306390 0.009755 2.578480
0.592445 0.038078 0.034001 0.018312 0.001123 0.306275 0.009766 2.582249
0.592530 0.038175 0.034022 0.018261 0.001119 0.306112 0.009781 2.585919
0.592622 0.038177 0.033991 0.018320 0.001104 0.305990 0.009798 2.589657
0.592812 0.038083 0.034071 0.018356 0.001107 0.305760 0.009811 2.593393
0.592937 0.038059 0.034085 0.018372 0.001106 0.305617 0.009824 2.597137
0.592962 0.038107 0.034024 0.018374 0.001106 0.305590 0.009836 2.600858
0.593023 0.038154 0.033976 0.018379 0.001111 0.305512 0.009845 2.604571
0.592952 0.038236 0.034007 0.018367 0.001114 0.305466 0.009859 2.608354
0.592912 0.038274 0.034032 0.018306 0.001116 0.305491 0.009869 2.612038
0.592913 0.038369 0.034019 0.018287 0.001117 0.305412 0.009883 2.615751
0.592903 0.038397 0.034078 0.018303 0.001126 0.305297 0.009896 2.619565
0.592912 0.038441 0.034094 0.018292 0.001125 0.305229 0.009908 2.623329
0.592969 0.038428 0.034094 0.018293 0.001125 0.305173 0.009919 2.627103
0.592985 0.038461 0.034051 0.018310 0.001127 0.305137 0.009930 2.630872
0.592991 0.038484 0.034100 0.018256 0.001119 0.305108 0.009942 2.634660
0.592982 0.038619 0.034077 0.018296 0.001125 0.304947 0.009954 2.638349
0.592993 0.038645 0.034055 0.018349 0.001128 0.304866 0.009965 2.642115
0.593084 0.038528 0.034112 0.018391 0.001124 0.304783 0.009980 2.645954
0.593154 0.038489 0.034099 0.018422 0.001120 0.304725 0.009992 2.649747
0.593154 0.038522 0.034099 0.018427 0.001128 0.304665 0.010007 2.653523
0.593160 0.038583 0.034200 0.018370 0.001133 0.304533 0.010021 2.657264
0.593140 0.038576 0.034190 0.018362 0.001135 0.304561 0.010035 2.661020
0.593237 0.038605 0.034197 0.018339 0.001149 0.304425 0.010047 2.664756
0.593233 0.038609 0.034220 0.018351 0.001158 0.304371 0.010060 2.668581
0.593268 0.038594 0.034242 0.018326 0.001162 0.304335 0.010072 2.672379
0.593295 0.038645 0.034237 0.018321 0.001148 0.304261 0.010093 2.676154
0.593207 0.038681 0.034246 0.018408 0.001147 0.304209 0.010103 2.679970
0.593209 0.038694 0.034314 0.018411 0.001146 0.304111 0.010116 2.683753
0.593208 0.038732 0.034303 0.018397 0.001146 0.304085 0.010129 2.687526
0.593274 0.038675 0.034302 0.018441 0.001143 0.304025 0.010139 2.691318
0.593390 0.038690 0.034211 0.018451 0.001143 0.303964 0.010150 2.695080
0.593396 0.038733 0.034262 0.018428 0.001145 0.303873 0.010163 2.698827
0.593485 0.038719 0.034266 0.018436 0.001147 0.303770 0.010177 2.702621
0.593473 0.038693 0.034302 0.018429 0.001141 0.303770 0.010193 2.706426
0.593597 0.038645 0.034285 0.018447 0.001145 0.303674 0.010207 2.710219
0.593562 0.038642 0.034309 0.018521 0.001151 0.303598 0.010217 2.714025
0.593634 0.038569 0.034266 0.018606 0.001147 0.303552 0.010228 2.717829
0.593611 0.038672 0.034260 0.018554 0.001151 0.303511 0.010242 2.721549
0.593657 0.038617 0.034298 0.018568 0.001147 0.303449 0.010264 2.725338
0.593630 0.038612 0.034338 0.018576 0.001152 0.303415 0.010277 2.729151
0.593713 0.038587 0.034304 0.018609 0.001159 0.303337 0.010290 2.732940
0.593718 0.038617 0.034337 0.018575 0.001148 0.303294 0.010311 2.736700
0.593716 0.038538 0.034387 0.018582 0.001152 0.303303 0.010321 2.740572
0.593574 0.038584 0.034472 0.018629 0.001141 0.303262 0.010337 2.744367
0.593490 0.038622 0.034439 0.018626 0.001131 0.303342 0.010349 2.748141
0.593473 0.038663 0.034415 0.018561 0.001132 0.303393 0.010364 2.751879
0.593487 0.038663 0.034423 0.018591 0.001131 0.303326 0.010378 2.755653
0.593493 0.038773 0.034346 0.018582 0.001130 0.303286 0.010389 2.759340
0.593456 0.038830 0.034315 0.018541 0.001137 0.303319 0.010402 2.763100
0.593570 0.038760 0.034332 0.018543 0.001135 0.303247 0.010413 2.766893
0.593616 0.038787 0.034324 0.018546 0.001144 0.303159 0.010424 2.770692
0.593543 0.038766 0.034385 0.018560 0.001137 0.303168 0.010440 2.774531
0.593538 0.038750 0.034433 0.018659 0.001136 0.303031 0.010453 2.778323
0.593588 0.038730 0.034430 0.018633 0.001141 0.303011 0.010467 2.782112
0.593578 0.038662 0.034470 0.018642 0.001141 0.303029 0.010479 2.785954
0.593584 0.038642 0.034421 0.018614 0.001138 0.303108 0.010493 2.789740
0.593668 0.038599 0.034483 0.018571 0.001133 0.303037 0.010509 2.793534
0.593672 0.038583 0.034514 0.018568 0.001145 0.303001 0.010516 2.797348
0.593595 0.038623 0.034440 0.018566 0.001139 0.303108 0.010529 2.801059
0.593528 0.038648 0.034509 0.018503 0.001130 0.303135 0.010548 2.804867
0.593540 0.038610 0.034470 0.018546 0.001124 0.303145 0.010565 2.808675
0.593579 0.038558 0.034423 0.018593 0.001123 0.303145 0.010580 2.812475
0.593552 0.038519 0.034441 0.018595 0.001121 0.303175 0.010597 2.816288
0.593553 0.038540 0.034455 0.018587 0.001116 0.303134 0.010614 2.820069
0.593624 0.038494 0.034520 0.018564 0.001131 0.303044 0.010623 2.823868
0.593568 0.038625 0.034596 0.018534 0.001127 0.302914 0.010637 2.827617
0.593509 0.038680 0.034559 0.018558 0.001124 0.302920 0.010650 2.831390
0.593537 0.038555 0.034557 0.018582 0.001133 0.302975 0.010661 2.835205
0.593467 0.038582 0.034541 0.018496 0.001130 0.303110 0.010675 2.839001
0.593376 0.038695 0.034530 0.018489 0.001122 0.303102 0.010687 2.842783
0.593444 0.038667 0.034541 0.018460 0.001127 0.303064 0.010698 2.846563
0.593436 0.038733 0.034519 0.018432 0.001120 0.303050 0.010711 2.850322
0.593405 0.038780 0.034452 0.018400 0.001128 0.303113 0.010723 2.854072
0.593402 0.038726 0.034527 0.018401 0.001130 0.303081 0.010734 2.857936
0.593391 0.038660 0.034561 0.018391 0.001122 0.303131 0.010746 2.861730
0.593311 0.038665 0.034583 0.018415 0.001116 0.303151 0.010758 2.865546
0.593288 0.038615 0.034583 0.018406 0.001120 0.303213 0.010775 2.869355
0.593218 0.038715 0.034570 0.018328 0.001122 0.303261 0.010786 2.873012
0.593157 0.038781 0.034590 0.018318 0.001116 0.303238 0.010802 2.876774
0.593079 0.038778 0.034540 0.018341 0.001117 0.303329 0.010816 2.880554
0.593049 0.038790 0.034548 0.018409 0.001112 0.303263 0.010830 2.884339
0.593034 0.038764 0.034479 0.018422 0.001117 0.303337 0.010848 2.888138
0.593084 0.038740 0.034447 0.018421 0.001111 0.303338 0.010859 2.891921
0.593110 0.038662 0.034470 0.018446 0.001107 0.303329 0.010877 2.895758
0.593079 0.038654 0.034414 0.018433 0.001104 0.303418 0.010897 2.899553
0.593062 0.038832 0.034366 0.018427 0.001107 0.303298 0.010908 2.903222
0.593129 0.038709 0.034442 0.018453 0.001105 0.303242 0.010920 2.907103
0.593144 0.038697 0.034453 0.018485 0.001098 0.303187 0.010936 2.910942
0.593200 0.038689 0.034437 0.018445 0.001094 0.303187 0.010949 2.914705
0.593274 0.038715 0.034359 0.018494 0.001093 0.303104 0.010962 2.918467
0.593345 0.038703 0.034305 0.018573 0.001089 0.303013 0.010973 2.922295
0.593360 0.038662 0.034347 0.018550 0.001092 0.303004 0.010986 2.926075
0.593296 0.038709 0.034369 0.018555 0.001081 0.302990 0.011001 2.929833
0.593137 0.038740 0.034405 0.018537 0.001081 0.303093 0.011009 2.933659
0.593163 0.038662 0.034421 0.018555 0.001081 0.303093 0.011025 2.937484
0.593260 0.038636 0.034427 0.018588 0.001084 0.302967 0.011037 2.941274
0.593230 0.038720 0.034421 0.018572 0.001082 0.302925 0.011050 2.945014
0.593191 0.038673 0.034453 0.018594 0.001074 0.302947 0.011068 2.948829
0.593196 0.038765 0.034444 0.018537 0.001070 0.302907 0.011082 2.952539
0.593162 0.038746 0.034435 0.018571 0.001064 0.302930 0.011092 2.956331
0.593158 0.038751 0.034463 0.018593 0.001065 0.302867 0.011104 2.960108
0.593082 0.038698 0.034490 0.018617 0.001069 0.302927 0.011118 2.963935
0.593107 0.038614 0.034466 0.018681 0.001072 0.302928 0.011132 2.967762
0.593290 0.038450 0.034511 0.018631 0.001078 0.302891 0.011149 2.971577
0.593448 0.038405 0.034497 0.018656 0.001067 0.302766 0.011163 2.975339
0.593418 0.038429 0.034554 0.018628 0.001070 0.302727 0.011174 2.979084
0.593432 0.038343 0.034588 0.018652 0.001063 0.302735 0.011187 2.982925
0.593587 0.038366 0.034494 0.018608 0.001061 0.302684 0.011200 2.986595
0.593611 0.038370 0.034412 0.018603 0.001066 0.302727 0.011213 2.990308
0.593703 0.038277 0.034353 0.018584 0.001078 0.302783 0.011222 2.994046
0.593674 0.038360 0.034379 0.018543 0.001084 0.302728 0.011233 2.997830
0.593800 0.038195 0.034369 0.018547 0.001081 0.302766 0.011243 3.001645
0.593860 0.038154 0.034388 0.018499 0.001080 0.302763 0.011256 3.005417
0.593954 0.038145 0.034361 0.018511 0.001086 0.302677 0.011267 3.009158
0.593970 0.038200 0.034324 0.018498 0.001091 0.302638 0.011280 3.012848
0.593994 0.038228 0.034328 0.018467 0.001094 0.302590 0.011298 3.016607
0.594007 0.038238 0.034274 0.018486 0.001102 0.302584 0.011308 3.020325
0.594041 0.038283 0.034269 0.018478 0.001096 0.302512 0.011322 3.024041
0.594027 0.038337 0.034242 0.018494 0.001085 0.302476 0.011337 3.027811
0.593983 0.038345 0.034317 0.018410 0.001080 0.302510 0.011355 3.031598
0.594034 0.038365 0.034234 0.018396 0.001082 0.302516 0.011371 3.035302
0.594121 0.038290 0.034254 0.018351 0.001092 0.302510 0.011382 3.039127
0.594224 0.038249 0.034221 0.018350 0.001098 0.302464 0.011395 3.042858
0.594089 0.038355 0.034176 0.018379 0.001088 0.302498 0.011415 3.046598
0.594220 0.038223 0.034230 0.018371 0.001091 0.302436 0.011430 3.050393
0.594175 0.038240 0.034236 0.018371 0.001093 0.302443 0.011441 3.054138
0.594171 0.038291 0.034226 0.018335 0.001088 0.302432 0.011457 3.057827
0.594276 0.038254 0.034137 0.018314 0.001088 0.302461 0.011469 3.061566
0.594254 0.038232 0.034179 0.018326 0.001083 0.302442 0.011484 3.065335
0.594340 0.038248 0.034161 0.018359 0.001080 0.302316 0.011497 3.069022
0.594430 0.038136 0.034224 0.018307 0.001086 0.302305 0.011513 3.072824
0.594390 0.038194 0.034224 0.018262 0.001089 0.302312 0.011530 3.076493
0.594436 0.038095 0.034236 0.018244 0.001093 0.302356 0.011541 3.080258
0.594475 0.038106 0.034259 0.018256 0.001104 0.302246 0.011554 3.083988
0.594477 0.038022 0.034309 0.018315 0.001094 0.302216 0.011566 3.087839
0.594515 0.037976 0.034245 0.018316 0.001085 0.302278 0.011586 3.091586
0.594576 0.037951 0.034210 0.018331 0.001093 0.302239 0.011601 3.095328
0.594556 0.038066 0.034287 0.018261 0.001093 0.302125 0.011612 3.099023
0.594591 0.038134 0.034278 0.018266 0.001105 0.302000 0.011627 3.102707
0.594578 0.038128 0.034307 0.018251 0.001098 0.301994 0.011644 3.106480
0.594632 0.038094 0.034340 0.018242 0.001092 0.301940 0.011660 3.110258
0.594673 0.038019 0.034386 0.018198 0.001088 0.301955 0.011681 3.114031
0.594745 0.037969 0.034398 0.018216 0.001093 0.301887 0.011692 3.117785
0.594812 0.038034 0.034269 0.018175 0.001095 0.301908 0.011708 3.121450
0.594797 0.038020 0.034287 0.018172 0.001088 0.301913 0.011724 3.125204
0.594958 0.037975 0.034279 0.018181 0.001093 0.301780 0.011734 3.128915
0.594916 0.037985 0.034269 0.018178 0.001089 0.301817 0.011747 3.132686
0.594889 0.038048 0.034233 0.018193 0.001099 0.301779 0.011758 3.136393
0.595014 0.037936 0.034260 0.018258 0.001095 0.301663 0.011774 3.140144
0.595154 0.037849 0.034273 0.018233 0.001103 0.301598 0.011789 3.143892
0.595217 0.037991 0.034152 0.018224 0.001094 0.301517 0.011805 3.147519
0.595198 0.038129 0.034062 0.018209 0.001083 0.301499 0.011819 3.151185
0.595192 0.038103 0.034061 0.018211 0.001078 0.301522 0.011834 3.154913
0.595132 0.038099 0.034093 0.018254 0.001069 0.301502 0.011851 3.158681
0.595104 0.038106 0.034133 0.018317 0.001062 0.301416 0.011861 3.162448
0.595251 0.038077 0.034037 0.018326 0.001073 0.301362 0.011874 3.166165
0.595267 0.038132 0.034060 0.018341 0.001064 0.301248 0.011886 3.169885
0.595192 0.038236 0.034046 0.018307 0.001065 0.301256 0.011897 3.173605
0.595237 0.038254 0.034003 0.018235 0.001063 0.301297 0.011912 3.177294
0.595278 0.038130 0.034110 0.018286 0.001065 0.301208 0.011921 3.181141
0.595263 0.038198 0.034164 0.018241 0.001063 0.301138 0.011934 3.184901
0.595259 0.038195 0.034146 0.018202 0.001066 0.301186 0.011947 3.188675
0.595278 0.038284 0.034171 0.018243 0.001053 0.301009 0.011963 3.192412
0.595256 0.038343 0.034186 0.018247 0.001052 0.300940 0.011976 3.196116
0.595233 0.038283 0.034216 0.018325 0.001044 0.300909 0.011990 3.199927
0.595121 0.038345 0.034266 0.018289 0.001044 0.300930 0.012004 3.203715
0.595095 0.038337 0.034232 0.018303 0.001054 0.300968 0.012011 3.207520
0.595062 0.038350 0.034222 0.018228 0.001044 0.301072 0.012023 3.211242
0.595140 0.038331 0.034274 0.018200 0.001045 0.300970 0.012041 3.214996
0.595135 0.038322 0.034304 0.018195 0.001049 0.300939 0.012057 3.218772
0.595072 0.038345 0.034315 0.018192 0.001057 0.300954 0.012064 3.222520
0.595029 0.038340 0.034315 0.018247 0.001058 0.300932 0.012078 3.226298
0.595106 0.038308 0.034309 0.018252 0.001064 0.300871 0.012091 3.230054
0.595043 0.038407 0.034230 0.018285 0.001073 0.300858 0.012103 3.233789
0.595056 0.038411 0.034273 0.018237 0.001081 0.300826 0.012117 3.237561
0.595057 0.038470 0.034292 0.018220 0.001077 0.300754 0.012130 3.241259
0.595131 0.038400 0.034250 0.018258 0.001068 0.300749 0.012145 3.245056
0.595116 0.038375 0.034204 0.018291 0.001061 0.300795 0.012158 3.248801
0.595129 0.038302 0.034291 0.018305 0.001062 0.300741 0.012169 3.252621
0.595133 0.038323 0.034258 0.018257 0.001069 0.300780 0.012179 3.256348
0.595190 0.038250 0.034286 0.018335 0.001071 0.300677 0.012191 3.260135
0.595172 0.038327 0.034263 0.018339 0.001063 0.300625 0.012210 3.263860
0.595230 0.038270 0.034238 0.018421 0.001067 0.300548 0.012224 3.267662
0.595166 0.038238 0.034298 0.018426 0.001072 0.300565 0.012236 3.271473
0.595191 0.038316 0.034294 0.018362 0.001060 0.300527 0.012250 3.275156
0.595204 0.038281 0.034329 0.018371 0.001062 0.300492 0.012262 3.278901
0.595179 0.038299 0.034360 0.018343 0.001054 0.300486 0.012280 3.282667
0.595127 0.038297 0.034396 0.018368 0.001066 0.300453 0.012294 3.286457
0.595166 0.038261 0.034445 0.018345 0.001067 0.300408 0.012309 3.290254
0.595159 0.038296 0.034376 0.018348 0.001077 0.300426 0.012318 3.293995
0.595130 0.038390 0.034285 0.018397 0.001074 0.300399 0.012326 3.297701
0.595130 0.038305 0.034345 0.018419 0.001076 0.300388 0.012338 3.301506
0.595041 0.038357 0.034381 0.018399 0.001076 0.300395 0.012351 3.305255
0.595026 0.038410 0.034375 0.018385 0.001077 0.300365 0.012362 3.309000
0.594984 0.038365 0.034412 0.018370 0.001084 0.300413 0.012372 3.312812
0.595088 0.038288 0.034373 0.018377 0.001096 0.300396 0.012383 3.316595
0.595166 0.038300 0.034320 0.018371 0.001095 0.300354 0.012394 3.320314
0.595067 0.038382 0.034358 0.018346 0.001089 0.300352 0.012407 3.324076
0.595050 0.038408 0.034317 0.018321 0.001099 0.300382 0.012423 3.327824
0.594998 0.038426 0.034364 0.018300 0.001090 0.300382 0.012439 3.331561
0.595141 0.038292 0.034452 0.018270 0.001093 0.300299 0.012453 3.335361
0.595163 0.038221 0.034468 0.018358 0.001085 0.300235 0.012469 3.339158
0.595199 0.038159 0.034484 0.018360 0.001097 0.300221 0.012480 3.342909
0.595202 0.038158 0.034464 0.018365 0.001098 0.300221 0.012491 3.346650
0.595134 0.038186 0.034399 0.018424 0.001105 0.300247 0.012506 3.350417
0.595205 0.038199 0.034349 0.018493 0.001101 0.300134 0.012520 3.354191
0.595188 0.038180 0.034367 0.018483 0.001102 0.300146 0.012532 3.357933
0.595250 0.038104 0.034400 0.018443 0.001109 0.300156 0.012539 3.361706
0.595194 0.038112 0.034370 0.018415 0.001121 0.300238 0.012550 3.365497
0.595225 0.038183 0.034346 0.018397 0.001123 0.300163 0.012562 3.369159
0.595181 0.038255 0.034259 0.018401 0.001123 0.300208 0.012572 3.372876
0.595203 0.038142 0.034212 0.018420 0.001119 0.300320 0.012584 3.376690
0.595216 0.038149 0.034210 0.018420 0.001112 0.300297 0.012595 3.380425
0.595261 0.038149 0.034113 0.018381 0.001104 0.300379 0.012612 3.384096
0.595246 0.038185 0.034118 0.018341 0.001118 0.300369 0.012624 3.387838
0.595262 0.038180 0.034137 0.018366 0.001120 0.300300 0.012635 3.391641
0.595246 0.038145 0.034151 0.018405 0.001116 0.300288 0.012649 3.395387
0.595301 0.038150 0.034178 0.018330 0.001118 0.300262 0.012661 3.399118
0.595231 0.038194 0.034241 0.018278 0.001111 0.300268 0.012676 3.402880
0.595186 0.038184 0.034345 0.018286 0.001098 0.300206 0.012695 3.406664
0.595212 0.038175 0.034364 0.018284 0.001102 0.300158 0.012707 3.410417
0.595214 0.038331 0.034226 0.018239 0.001101 0.300170 0.012718 3.414040
0.595161 0.038427 0.034233 0.018278 0.001085 0.300076 0.012740 3.417773
0.595186 0.038474 0.034236 0.018275 0.001090 0.299992 0.012748 3.421479
0.595203 0.038447 0.034262 0.018309 0.001093 0.299929 0.012757 3.425247
0.595146 0.038454 0.034267 0.018292 0.001097 0.299971 0.012773 3.429035
0.595113 0.038414 0.034330 0.018300 0.001090 0.299966 0.012788 3.432852
0.595122 0.038404 0.034344 0.018288 0.001091 0.299952 0.012799 3.436603
0.595167 0.038430 0.034338 0.018259 0.001099 0.299894 0.012812 3.440330
0.595089 0.038482 0.034368 0.018268 0.001099 0.299870 0.012824 3.444105
0.595068 0.038606 0.034254 0.018264 0.001098 0.299873 0.012837 3.447792
0.595065 0.038673 0.034215 0.018259 0.001097 0.299842 0.012849 3.451524
0.595120 0.038551 0.034303 0.018290 0.001094 0.299779 0.012863 3.455389
0.595050 0.038522 0.034350 0.018321 0.001098 0.299783 0.012876 3.459201
0.595005 0.038605 0.034251 0.018312 0.001106 0.299836 0.012885 3.462912
0.594904 0.038628 0.034377 0.018314 0.001103 0.299775 0.012898 3.466732
0.594802 0.038641 0.034352 0.018372 0.001099 0.299823 0.012911 3.470533
0.594812 0.038666 0.034425 0.018414 0.001101 0.299660 0.012922 3.474332
0.594573 0.038712 0.034411 0.018509 0.001101 0.299760 0.012934 3.478170
0.594517 0.038748 0.034422 0.018449 0.001106 0.299814 0.012945 3.481945
0.594525 0.038753 0.034488 0.018446 0.001095 0.299732 0.012961 3.485751
0.594431 0.038813 0.034510 0.018451 0.001097 0.299723 0.012976 3.489574
0.594348 0.038802 0.034508 0.018427 0.001098 0.299833 0.012985 3.493399
0.594198 0.038788 0.034508 0.018458 0.001091 0.299957 0.013000 3.497243
0.594175 0.038736 0.034530 0.018495 0.001079 0.299966 0.013019 3.501059
0.594118 0.038689 0.034490 0.018512 0.001075 0.300082 0.013035 3.504818
0.594071 0.038714 0.034513 0.018489 0.001065 0.300098 0.013051 3.508595
0.594136 0.038586 0.034521 0.018525 0.001066 0.300104 0.013064 3.512402
0.594093 0.038592 0.034417 0.018515 0.001066 0.300242 0.013076 3.516152
0.594042 0.038604 0.034423 0.018583 0.001066 0.300195 0.013087 3.519975
0.593966 0.038519 0.034487 0.018595 0.001072 0.300262 0.013100 3.523819
0.593914 0.038481 0.034460 0.018628 0.001074 0.300330 0.013113 3.527613
0.593842 0.038383 0.034544 0.018597 0.001076 0.300430 0.013127 3.531470
0.593756 0.038385 0.034524 0.018614 0.001068 0.300512 0.013141 3.535283
0.593718 0.038369 0.034515 0.018537 0.001071 0.300637 0.013155 3.539008
0.593721 0.038378 0.034505 0.018521 0.001068 0.300639 0.013168 3.542761
0.593803 0.038345 0.034441 0.018527 0.001063 0.300638 0.013182 3.546515
0.593676 0.038446 0.034436 0.018526 0.001066 0.300653 0.013196 3.550269
0.593714 0.038421 0.034445 0.018486 0.001066 0.300662 0.013207 3.554041
0.593749 0.038290 0.034387 0.018552 0.001063 0.300740 0.013219 3.557851
0.593820 0.038229 0.034381 0.018483 0.001070 0.300789 0.013229 3.561580
0.593867 0.038196 0.034391 0.018521 0.001064 0.300717 0.013244 3.565350
0.593828 0.038195 0.034437 0.018469 0.001055 0.300755 0.013261 3.569111
0.593777 0.038273 0.034388 0.018448 0.001056 0.300785 0.013273 3.572786
0.593759 0.038299 0.034313 0.018453 0.001059 0.300833 0.013285 3.576539
0.593720 0.038325 0.034248 0.018410 0.001057 0.300942 0.013299 3.580262
0.593794 0.038276 0.034265 0.018409 0.001060 0.300886 0.013310 3.584033
0.593775 0.038361 0.034192 0.018377 0.001072 0.300898 0.013324 3.587681
0.593887 0.038294 0.034224 0.018357 0.001072 0.300823 0.013342 3.591428
0.593943 0.038291 0.034248 0.018346 0.001078 0.300739 0.013355 3.595206
0.594023 0.038386 0.034175 0.018296 0.001077 0.300677 0.013367 3.598861
0.594045 0.038350 0.034190 0.018320 0.001085 0.300632 0.013378 3.602633
0.594023 0.038347 0.034264 0.018329 0.001086 0.300563 0.013389 3.606392
0.594041 0.038351 0.034270 0.018331 0.001082 0.300522 0.013403 3.610172
0.594091 0.038295 0.034249 0.018259 0.001090 0.300601 0.013416 3.613934
0.594161 0.038231 0.034252 0.018243 0.001086 0.300602 0.013426 3.617708
0.594341 0.038181 0.034193 0.018183 0.001096 0.300567 0.013440 3.621400
0.594344 0.038088 0.034203 0.018211 0.001088 0.300614 0.013452 3.625168
0.594382 0.038175 0.034125 0.018211 0.001080 0.300556 0.013471 3.628881
0.594468 0.038101 0.034171 0.018195 0.001081 0.300499 0.013486 3.632581
0.594504 0.038093 0.034158 0.018220 0.001082 0.300448 0.013496 3.636285
0.594448 0.038168 0.034158 0.018227 0.001086 0.300405 0.013508 3.640035
0.594568 0.038059 0.034177 0.018232 0.001090 0.300357 0.013517 3.643805
0.594589 0.038144 0.034165 0.018139 0.001087 0.300343 0.013533 3.647473
