0.999803 0.000156 0.000029 0.000012 0.000000 0.000000 0.000000
0.999728 0.000202 0.000026 0.000005 0.000000 0.000038 0.000000
0.999436 0.000461 0.000059 0.000019 0.000000 0.000025 0.000000
0.999092 0.000758 0.000081 0.000033 0.000000 0.000035 0.000000
0.998484 0.001280 0.000135 0.000058 0.000000 0.000044 0.000000
0.997712 0.001880 0.000233 0.000116 0.000000 0.000059 0.000000
0.996182 0.003092 0.000370 0.000262 0.000002 0.000092 0.000000
0.994732 0.004262 0.000519 0.000306 0.000003 0.000177 0.000000
0.991843 0.006563 0.000854 0.000475 0.000006 0.000258 0.000000
0.988368 0.009362 0.001216 0.000688 0.000006 0.000360 0.000000
0.983824 0.012978 0.001742 0.000988 0.000007 0.000460 0.000000
0.977507 0.017891 0.002510 0.001396 0.000007 0.000690 0.000000
0.969230 0.024301 0.003587 0.001898 0.000007 0.000977 0.000000
0.958740 0.032129 0.005085 0.002647 0.000007 0.001393 0.000000
0.947128 0.040531 0.006810 0.003590 0.000011 0.001930 0.000000
0.931621 0.051739 0.009063 0.004828 0.000015 0.002735 0.000000
0.915890 0.062844 0.011503 0.006110 0.000020 0.003634 0.000000
0.898387 0.075071 0.014264 0.007542 0.000020 0.004716 0.000000
0.879444 0.087911 0.017433 0.009089 0.000028 0.006095 0.000000
0.859857 0.100819 0.020833 0.010806 0.000042 0.007643 0.000000
0.837555 0.114791 0.025035 0.012976 0.000055 0.009587 0.000000
0.815517 0.127794 0.029619 0.015258 0.000067 0.011742 0.000002
0.792212 0.140988 0.034687 0.017699 0.000078 0.014334 0.000002
0.770321 0.152557 0.039722 0.020131 0.000085 0.017183 0.000001
0.746841 0.164290 0.045238 0.022991 0.000096 0.020544 0.000001
0.724623 0.174247 0.050757 0.025900 0.000105 0.024368 0.000001
0.702774 0.183066 0.056530 0.029050 0.000115 0.028464 0.000001
0.681370 0.190542 0.062512 0.032091 0.000134 0.033350 0.000001
0.661983 0.196294 0.067828 0.035172 0.000154 0.038567 0.000001
0.642662 0.200767 0.073533 0.038343 0.000184 0.044508 0.000002
0.625752 0.203280 0.078968 0.041148 0.000205 0.050644 0.000003
0.612255 0.203818 0.083521 0.043478 0.000219 0.056706 0.000003
0.597642 0.204005 0.088466 0.045960 0.000244 0.063681 0.000003
0.584857 0.203250 0.092714 0.048169 0.000270 0.070737 0.000003
0.573406 0.202160 0.096396 0.050148 0.000287 0.077600 0.000003
0.562181 0.200532 0.099954 0.052069 0.000315 0.084946 0.000002
0.553582 0.197981 0.102613 0.053514 0.000344 0.091963 0.000003
0.542999 0.195656 0.105901 0.055083 0.000377 0.099981 0.000004
0.534583 0.193342 0.108081 0.056399 0.000403 0.107187 0.000006
0.524171 0.191490 0.110628 0.057867 0.000421 0.115413 0.000009
0.514455 0.189172 0.113073 0.059239 0.000455 0.123594 0.000011
0.505596 0.186499 0.115303 0.060234 0.000485 0.131871 0.000013
0.495761 0.183868 0.117535 0.061363 0.000521 0.140939 0.000013
0.487578 0.181311 0.119166 0.062217 0.000543 0.149172 0.000013
0.479424 0.178319 0.120781 0.063074 0.000557 0.157830 0.000015
0.470565 0.175218 0.122305 0.064104 0.000580 0.167212 0.000016
0.463441 0.171498 0.123464 0.064846 0.000607 0.176127 0.000017
0.455747 0.167977 0.124451 0.065487 0.000622 0.185696 0.000021
0.448183 0.163685 0.125358 0.065994 0.000652 0.196105 0.000024
0.441653 0.160533 0.125938 0.066288 0.000686 0.204876 0.000025
0.435545 0.156651 0.126255 0.066518 0.000702 0.214304 0.000025
0.429784 0.152241 0.126548 0.066475 0.000728 0.224196 0.000028
0.424024 0.147618 0.126734 0.066602 0.000773 0.234217 0.000031
0.419343 0.143567 0.126586 0.066689 0.000795 0.242986 0.000033
0.415565 0.139278 0.125912 0.066542 0.000822 0.251846 0.000036
0.412362 0.134505 0.124892 0.065982 0.000848 0.261370 0.000041
0.408978 0.129952 0.124045 0.065493 0.000863 0.270625 0.000044
0.405410 0.124869 0.122855 0.064942 0.000878 0.280997 0.000048
0.404345 0.121230 0.121390 0.064140 0.000876 0.287968 0.000051
0.401779 0.117401 0.120141 0.063532 0.000896 0.296197 0.000054
0.400727 0.112887 0.118029 0.062329 0.000916 0.305052 0.000059
0.399322 0.110615 0.116673 0.061546 0.000932 0.310852 0.000060
0.396932 0.107189 0.115094 0.060739 0.000962 0.319021 0.000063
0.394989 0.103825 0.113329 0.059770 0.000974 0.327047 0.000066
0.393572 0.101258 0.111541 0.058814 0.000974 0.333772 0.000069
0.391020 0.098084 0.110012 0.058012 0.000984 0.341816 0.000071
0.389098 0.095028 0.108393 0.057334 0.000992 0.349080 0.000076
0.386918 0.091809 0.106657 0.056440 0.001003 0.357094 0.000080
0.386127 0.088737 0.104593 0.055385 0.001012 0.364065 0.000082
0.385582 0.085717 0.102553 0.054330 0.001024 0.370709 0.000085
0.385299 0.083000 0.100647 0.053257 0.001027 0.376682 0.000088
0.385023 0.079894 0.098564 0.052181 0.001027 0.383220 0.000091
0.385378 0.077377 0.096643 0.051205 0.001033 0.388266 0.000097
0.385558 0.074647 0.094792 0.050211 0.001036 0.393655 0.000101
0.386698 0.071519 0.092017 0.048985 0.001043 0.399636 0.000103
0.388120 0.069322 0.089898 0.047846 0.001042 0.403663 0.000108
0.388870 0.066768 0.087909 0.046759 0.001054 0.408528 0.000112
0.391732 0.064570 0.085423 0.045377 0.001038 0.411743 0.000117
0.393189 0.062512 0.083545 0.044333 0.001028 0.415272 0.000120
0.395142 0.060316 0.081296 0.043135 0.001023 0.418967 0.000121
0.398282 0.058862 0.078995 0.041867 0.001007 0.420864 0.000123
0.399663 0.057048 0.076721 0.040567 0.001003 0.424874 0.000124
0.401617 0.056167 0.075112 0.039734 0.001006 0.426237 0.000126
0.404069 0.055084 0.072918 0.038576 0.000995 0.428229 0.000131
0.405770 0.054230 0.071185 0.037556 0.000988 0.430138 0.000133
0.407084 0.053434 0.069693 0.036624 0.000990 0.432042 0.000135
0.408902 0.052496 0.067778 0.035670 0.000982 0.434035 0.000137
0.409738 0.051409 0.066338 0.034875 0.000969 0.436531 0.000140
0.411092 0.050802 0.065046 0.034141 0.000958 0.437819 0.000143
0.412518 0.049658 0.063625 0.033376 0.000949 0.439729 0.000145
0.414466 0.048652 0.061771 0.032494 0.000939 0.441529 0.000149
0.416466 0.047515 0.060144 0.031651 0.000926 0.443145 0.000152
0.418212 0.047384 0.059167 0.031124 0.000910 0.443050 0.000153
0.419775 0.045833 0.057505 0.030257 0.000899 0.445572 0.000159
0.422015 0.045452 0.056377 0.029687 0.000893 0.445416 0.000159
0.423510 0.044544 0.055440 0.029213 0.000882 0.446250 0.000161
0.425707 0.043653 0.053878 0.028393 0.000855 0.447347 0.000168
0.427592 0.042879 0.052860 0.027829 0.000847 0.447824 0.000170
0.429545 0.042090 0.051569 0.027176 0.000843 0.448601 0.000175
0.431910 0.041870 0.050616 0.026634 0.000826 0.447964 0.000179
0.433836 0.041142 0.049616 0.026133 0.000815 0.448275 0.000183
0.436164 0.040648 0.048529 0.025570 0.000795 0.448104 0.000189
0.438843 0.040053 0.047268 0.025033 0.000782 0.447830 0.000192
0.440668 0.039778 0.046686 0.024747 0.000779 0.447149 0.000194
0.442997 0.039149 0.045895 0.024279 0.000770 0.446711 0.000200
0.445211 0.038832 0.045044 0.023840 0.000765 0.446107 0.000201
0.447581 0.038413 0.044177 0.023350 0.000758 0.445517 0.000204
0.449332 0.038403 0.043698 0.023127 0.000742 0.444492 0.000207
0.451530 0.038027 0.042787 0.022666 0.000732 0.444046 0.000212
0.453741 0.038117 0.042247 0.022375 0.000721 0.442583 0.000217
0.455894 0.037899 0.041506 0.022013 0.000712 0.441756 0.000220
0.458271 0.037683 0.040835 0.021680 0.000709 0.440598 0.000223
0.459936 0.037860 0.040442 0.021523 0.000708 0.439306 0.000224
0.462117 0.037685 0.039866 0.021273 0.000700 0.438135 0.000224
0.463843 0.037568 0.039288 0.020926 0.000694 0.437453 0.000229
0.465934 0.037617 0.038818 0.020634 0.000685 0.436079 0.000233
0.467912 0.037636 0.038421 0.020452 0.000676 0.434665 0.000238
0.469732 0.037722 0.038026 0.020285 0.000664 0.433331 0.000240
0.471485 0.037866 0.037755 0.020121 0.000664 0.431865 0.000243
0.473055 0.037948 0.037466 0.019953 0.000652 0.430679 0.000246
0.474470 0.038122 0.037279 0.019858 0.000647 0.429377 0.000247
0.476129 0.038255 0.037108 0.019746 0.000639 0.427872 0.000251
0.478213 0.038226 0.036698 0.019518 0.000624 0.426466 0.000253
0.479800 0.037759 0.036838 0.019416 0.000620 0.425311 0.000256
0.482676 0.036823 0.036614 0.019161 0.000608 0.423860 0.000259
0.485684 0.035764 0.036409 0.018898 0.000594 0.422392 0.000261
0.489031 0.034376 0.036197 0.018603 0.000594 0.420935 0.000263
0.492675 0.032913 0.035806 0.018209 0.000588 0.419543 0.000266
0.496076 0.031397 0.035540 0.017925 0.000572 0.418221 0.000269
0.500181 0.029705 0.035081 0.017480 0.000566 0.416716 0.000272
0.503920 0.028037 0.034686 0.017089 0.000558 0.415435 0.000275
0.508316 0.026462 0.034222 0.016597 0.000545 0.413581 0.000278
0.512919 0.024895 0.033587 0.016076 0.000540 0.411704 0.000279
0.517020 0.023401 0.032911 0.015643 0.000533 0.410213 0.000280
0.521419 0.021876 0.032144 0.015183 0.000529 0.408569 0.000280
0.525680 0.020443 0.031461 0.014741 0.000525 0.406868 0.000281
0.530231 0.019194 0.030666 0.014220 0.000518 0.404887 0.000284
0.534849 0.018027 0.029872 0.013756 0.000515 0.402697 0.000283
0.539296 0.016888 0.028966 0.013263 0.000500 0.400800 0.000288
0.543620 0.015812 0.028199 0.012759 0.000493 0.398828 0.000288
0.548486 0.014792 0.027345 0.012230 0.000484 0.396374 0.000289
0.553447 0.013860 0.026391 0.011700 0.000473 0.393839 0.000290
0.557110 0.012953 0.025525 0.011279 0.000459 0.392382 0.000291
0.561838 0.012159 0.024587 0.010773 0.000442 0.389908 0.000294
0.566225 0.011381 0.023696 0.010315 0.000438 0.387651 0.000293
0.571007 0.010666 0.022881 0.009863 0.000431 0.384858 0.000295
0.575593 0.010008 0.021908 0.009436 0.000419 0.382333 0.000302
0.580263 0.009405 0.021064 0.009075 0.000415 0.379480 0.000298
0.584872 0.008833 0.020142 0.008689 0.000410 0.376753 0.000300
0.589178 0.008272 0.019340 0.008285 0.000408 0.374213 0.000303
0.593350 0.007718 0.018516 0.007939 0.000396 0.371774 0.000306
0.597954 0.007196 0.017780 0.007534 0.000389 0.368841 0.000306
0.602639 0.006717 0.017066 0.007154 0.000380 0.365738 0.000307
0.607419 0.006289 0.016292 0.006832 0.000374 0.362485 0.000308
0.611723 0.005907 0.015643 0.006522 0.000370 0.359529 0.000306
0.615833 0.005531 0.014947 0.006199 0.000361 0.356818 0.000312
0.620309 0.005185 0.014268 0.005899 0.000354 0.353676 0.000309
0.624542 0.004870 0.013642 0.005650 0.000341 0.350645 0.000309
0.628857 0.004576 0.013026 0.005362 0.000325 0.347537 0.000317
0.633316 0.004316 0.012442 0.005103 0.000311 0.344195 0.000316
0.637707 0.004057 0.011829 0.004859 0.000305 0.340924 0.000320
0.641479 0.003846 0.011303 0.004616 0.000298 0.338140 0.000318
0.645888 0.003647 0.010792 0.004345 0.000288 0.334718 0.000321
0.649657 0.003478 0.010306 0.004130 0.000281 0.331828 0.000319
0.654219 0.003287 0.009798 0.003959 0.000276 0.328143 0.000318
0.658568 0.003109 0.009316 0.003752 0.000270 0.324665 0.000320
0.662242 0.002944 0.008896 0.003575 0.000264 0.321761 0.000317
0.666230 0.002749 0.008475 0.003380 0.000260 0.318583 0.000324
0.670142 0.002623 0.008075 0.003242 0.000254 0.315343 0.000321
0.673709 0.002510 0.007674 0.003078 0.000245 0.312459 0.000325
0.678022 0.002367 0.007267 0.002902 0.000240 0.308878 0.000325
0.681876 0.002253 0.006884 0.002748 0.000236 0.305676 0.000326
0.685585 0.002127 0.006581 0.002616 0.000230 0.302531 0.000330
0.689095 0.002000 0.006233 0.002475 0.000219 0.299647 0.000332
0.692499 0.001922 0.005940 0.002355 0.000212 0.296743 0.000330
0.696451 0.001834 0.005626 0.002257 0.000201 0.293298 0.000333
0.700108 0.001750 0.005358 0.002150 0.000198 0.290101 0.000334
0.703708 0.001654 0.005122 0.002064 0.000194 0.286920 0.000338
0.707531 0.001577 0.004848 0.001957 0.000192 0.283557 0.000339
0.710921 0.001514 0.004628 0.001872 0.000186 0.280547 0.000332
0.714302 0.001449 0.004376 0.001784 0.000174 0.277576 0.000340
0.717848 0.001400 0.004185 0.001694 0.000166 0.274365 0.000343
0.721095 0.001316 0.003981 0.001609 0.000159 0.271500 0.000339
0.724535 0.001257 0.003781 0.001535 0.000158 0.268399 0.000335
0.727767 0.001205 0.003594 0.001450 0.000155 0.265492 0.000337
0.731616 0.001150 0.003412 0.001378 0.000153 0.261954 0.000338
0.734880 0.001093 0.003240 0.001296 0.000149 0.259002 0.000341
0.738103 0.001049 0.003076 0.001236 0.000149 0.256048 0.000339
0.740974 0.001024 0.002940 0.001183 0.000141 0.253398 0.000341
0.744246 0.000967 0.002800 0.001101 0.000131 0.250414 0.000341
0.747077 0.000938 0.002675 0.001060 0.000127 0.247779 0.000343
0.750132 0.000889 0.002560 0.001021 0.000126 0.244928 0.000343
0.753474 0.000850 0.002437 0.000963 0.000122 0.241814 0.000340
0.756388 0.000821 0.002329 0.000919 0.000119 0.239077 0.000347
0.759225 0.000796 0.002222 0.000881 0.000116 0.236421 0.000339
0.762459 0.000767 0.002148 0.000829 0.000109 0.233341 0.000347
0.765654 0.000739 0.002052 0.000785 0.000105 0.230324 0.000340
0.768300 0.000689 0.001960 0.000760 0.000100 0.227848 0.000343
0.770699 0.000655 0.001852 0.000731 0.000098 0.225622 0.000344
0.773280 0.000638 0.001789 0.000707 0.000088 0.223154 0.000345
0.776503 0.000620 0.001681 0.000684 0.000089 0.220076 0.000347
0.779317 0.000567 0.001595 0.000649 0.000077 0.217457 0.000338
0.782068 0.000541 0.001535 0.000603 0.000074 0.214836 0.000344
0.784887 0.000535 0.001451 0.000577 0.000073 0.212133 0.000345
0.787388 0.000523 0.001385 0.000549 0.000070 0.209739 0.000346
0.789901 0.000509 0.001339 0.000522 0.000071 0.207308 0.000351
0.792584 0.000506 0.001271 0.000502 0.000067 0.204721 0.000348
0.795255 0.000482 0.001210 0.000484 0.000062 0.202159 0.000350
0.797596 0.000475 0.001154 0.000467 0.000062 0.199898 0.000349
0.800089 0.000449 0.001094 0.000435 0.000061 0.197527 0.000345
0.802719 0.000436 0.001053 0.000419 0.000058 0.194968 0.000347
0.805035 0.000428 0.001002 0.000406 0.000059 0.192720 0.000350
0.807527 0.000419 0.000957 0.000393 0.000056 0.190296 0.000352
0.810139 0.000401 0.000911 0.000375 0.000052 0.187776 0.000346
0.812591 0.000389 0.000876 0.000356 0.000048 0.185396 0.000344
0.814573 0.000389 0.000843 0.000349 0.000048 0.183450 0.000349
0.817118 0.000371 0.000817 0.000341 0.000044 0.180962 0.000347
0.819405 0.000364 0.000800 0.000324 0.000047 0.178715 0.000346
0.821456 0.000353 0.000761 0.000302 0.000047 0.176741 0.000340
0.823828 0.000345 0.000725 0.000288 0.000047 0.174419 0.000350
0.825514 0.000327 0.000700 0.000275 0.000047 0.172797 0.000341
0.827890 0.000333 0.000672 0.000263 0.000040 0.170457 0.000345
0.829845 0.000306 0.000647 0.000250 0.000039 0.168565 0.000347
0.831845 0.000290 0.000621 0.000240 0.000039 0.166620 0.000345
0.834165 0.000287 0.000617 0.000228 0.000038 0.164316 0.000350
0.836228 0.000271 0.000575 0.000222 0.000039 0.162325 0.000341
0.838461 0.000254 0.000532 0.000212 0.000037 0.160155 0.000348
0.839813 0.000259 0.000509 0.000201 0.000035 0.158834 0.000349
0.842458 0.000258 0.000500 0.000187 0.000034 0.156223 0.000341
0.844250 0.000238 0.000470 0.000186 0.000033 0.154486 0.000337
0.846446 0.000231 0.000469 0.000184 0.000029 0.152293 0.000348
0.848591 0.000222 0.000436 0.000178 0.000031 0.150199 0.000343
0.850318 0.000192 0.000421 0.000175 0.000030 0.148517 0.000347
0.852212 0.000196 0.000422 0.000165 0.000028 0.146631 0.000346
0.854072 0.000177 0.000409 0.000160 0.000024 0.144812 0.000345
0.855647 0.000167 0.000398 0.000155 0.000024 0.143264 0.000346
0.857817 0.000155 0.000382 0.000141 0.000024 0.141127 0.000354
0.859629 0.000154 0.000360 0.000144 0.000023 0.139348 0.000342
0.861501 0.000153 0.000349 0.000135 0.000023 0.137491 0.000348
0.863030 0.000146 0.000318 0.000132 0.000020 0.136008 0.000347
0.864817 0.000154 0.000311 0.000125 0.000021 0.134227 0.000345
0.866712 0.000135 0.000292 0.000116 0.000020 0.132376 0.000351
0.868180 0.000135 0.000292 0.000110 0.000016 0.130923 0.000343
0.869670 0.000139 0.000290 0.000108 0.000018 0.129435 0.000341
0.871755 0.000132 0.000263 0.000102 0.000018 0.127386 0.000343
0.873179 0.000125 0.000267 0.000099 0.000018 0.125970 0.000342
0.874871 0.000115 0.000259 0.000101 0.000017 0.124290 0.000347
0.876538 0.000115 0.000248 0.000088 0.000017 0.122645 0.000348
0.877732 0.000119 0.000251 0.000091 0.000017 0.121448 0.000342
0.879712 0.000121 0.000234 0.000085 0.000016 0.119483 0.000348
0.880936 0.000127 0.000225 0.000089 0.000019 0.118248 0.000355
0.882712 0.000128 0.000224 0.000096 0.000019 0.116474 0.000348
0.884429 0.000126 0.000225 0.000094 0.000018 0.114767 0.000342
0.885949 0.000120 0.000214 0.000091 0.000017 0.113259 0.000350
0.887451 0.000121 0.000211 0.000096 0.000019 0.111756 0.000344
0.888626 0.000117 0.000201 0.000089 0.000018 0.110601 0.000348
0.890037 0.000104 0.000203 0.000088 0.000019 0.109208 0.000340
0.891815 0.000102 0.000201 0.000088 0.000017 0.107424 0.000352
0.893235 0.000110 0.000203 0.000083 0.000017 0.106005 0.000346
0.894732 0.000113 0.000202 0.000084 0.000016 0.104504 0.000349
0.896031 0.000110 0.000188 0.000080 0.000017 0.103229 0.000345
0.897389 0.000108 0.000185 0.000081 0.000016 0.101876 0.000346
0.898506 0.000114 0.000178 0.000087 0.000018 0.100754 0.000343
0.900067 0.000106 0.000177 0.000080 0.000015 0.099210 0.000345
0.901809 0.000103 0.000178 0.000075 0.000016 0.097478 0.000341
0.902714 0.000099 0.000171 0.000075 0.000015 0.096593 0.000334
0.903970 0.000106 0.000170 0.000074 0.000013 0.095333 0.000334
0.905023 0.000097 0.000152 0.000070 0.000016 0.094311 0.000331
0.906430 0.000098 0.000158 0.000069 0.000011 0.092893 0.000342
0.907787 0.000109 0.000162 0.000072 0.000013 0.091523 0.000334
0.908657 0.000101 0.000159 0.000071 0.000011 0.090668 0.000332
0.910405 0.000093 0.000152 0.000067 0.000013 0.088938 0.000332
0.911709 0.000084 0.000151 0.000065 0.000012 0.087653 0.000326
0.912772 0.000090 0.000158 0.000070 0.000014 0.086568 0.000328
0.913621 0.000084 0.000152 0.000066 0.000012 0.085737 0.000328
0.915277 0.000087 0.000148 0.000063 0.000012 0.084073 0.000340
0.916457 0.000088 0.000154 0.000079 0.000011 0.082881 0.000330
0.917396 0.000074 0.000150 0.000070 0.000013 0.081977 0.000320
0.918350 0.000067 0.000135 0.000065 0.000012 0.081048 0.000323
0.919410 0.000069 0.000150 0.000068 0.000014 0.079966 0.000323
0.920646 0.000070 0.000149 0.000069 0.000013 0.078727 0.000327
0.921706 0.000068 0.000146 0.000065 0.000013 0.077674 0.000327
0.922550 0.000060 0.000141 0.000064 0.000012 0.076849 0.000325
0.923096 0.000062 0.000142 0.000070 0.000011 0.076295 0.000324
0.924597 0.000060 0.000150 0.000073 0.000011 0.074788 0.000320
0.924982 0.000051 0.000138 0.000068 0.000010 0.074428 0.000322
0.926220 0.000053 0.000138 0.000070 0.000011 0.073182 0.000326
0.927190 0.000056 0.000121 0.000069 0.000012 0.072232 0.000321
0.928199 0.000056 0.000122 0.000067 0.000011 0.071219 0.000326
0.928961 0.000052 0.000117 0.000062 0.000011 0.070477 0.000319
0.929986 0.000051 0.000119 0.000060 0.000013 0.069456 0.000315
0.930704 0.000049 0.000118 0.000052 0.000009 0.068749 0.000320
0.931523 0.000057 0.000129 0.000053 0.000011 0.067886 0.000340
0.932258 0.000051 0.000118 0.000052 0.000011 0.067171 0.000339
0.933296 0.000051 0.000125 0.000057 0.000011 0.066122 0.000337
0.933662 0.000052 0.000108 0.000054 0.000007 0.065797 0.000320
0.935127 0.000052 0.000115 0.000044 0.000006 0.064331 0.000326
0.935597 0.000062 0.000117 0.000045 0.000009 0.063845 0.000326
0.936374 0.000065 0.000101 0.000037 0.000008 0.063096 0.000319
0.945405 0.000020 0.000030 0.000012 0.000003 0.054306 0.000225
