0.368753 0.061956 0.055301 0.031451 0.001995 0.474872 0.005672 1.549951
0.371084 0.059379 0.055315 0.031304 0.001989 0.475228 0.005699 1.556015
0.374366 0.056279 0.055148 0.030968 0.001977 0.475540 0.005723 1.561729
0.378369 0.052990 0.054809 0.030556 0.001978 0.475549 0.005749 1.567126
0.382668 0.049589 0.054350 0.030021 0.001986 0.475611 0.005775 1.572200
0.387143 0.046251 0.053722 0.029481 0.001992 0.475615 0.005795 1.576985
0.391745 0.043204 0.052854 0.028775 0.001979 0.475622 0.005820 1.581311
0.396533 0.040329 0.051810 0.028026 0.001976 0.475478 0.005847 1.585317
0.401451 0.037449 0.050717 0.027276 0.001980 0.475257 0.005869 1.589174
0.406467 0.034768 0.049529 0.026461 0.001969 0.474910 0.005897 1.592751
0.411513 0.032362 0.048322 0.025640 0.001976 0.474265 0.005923 1.596011
0.416719 0.030090 0.047023 0.024778 0.001970 0.473479 0.005942 1.599066
0.421979 0.027910 0.045689 0.023876 0.001960 0.472625 0.005962 1.601926
0.427158 0.025925 0.044318 0.023101 0.001937 0.471578 0.005984 1.604598
0.432443 0.024043 0.042908 0.022231 0.001905 0.470462 0.006008 1.607108
0.437710 0.022403 0.041454 0.021374 0.001880 0.469148 0.006031 1.609374
0.442963 0.020829 0.040067 0.020537 0.001865 0.467679 0.006059 1.611504
0.448196 0.019412 0.038651 0.019680 0.001836 0.466140 0.006084 1.613467
0.453467 0.018114 0.037141 0.018900 0.001816 0.464459 0.006104 1.615292
0.458832 0.016889 0.035734 0.018105 0.001794 0.462517 0.006127 1.617006
0.464198 0.015800 0.034266 0.017346 0.001761 0.460476 0.006151 1.618570
0.469528 0.014784 0.032947 0.016562 0.001737 0.458270 0.006173 1.620056
0.474741 0.013811 0.031676 0.015846 0.001710 0.456028 0.006189 1.621476
0.480087 0.012906 0.030414 0.015139 0.001672 0.453567 0.006215 1.622826
0.485358 0.012076 0.029205 0.014452 0.001639 0.451035 0.006236 1.624066
0.490388 0.011383 0.027990 0.013755 0.001612 0.448613 0.006259 1.625185
0.495534 0.010659 0.026790 0.013152 0.001581 0.445999 0.006286 1.626299
0.500694 0.010053 0.025625 0.012514 0.001562 0.443250 0.006302 1.627288
0.505852 0.009434 0.024535 0.011959 0.001533 0.440362 0.006324 1.628286
0.510996 0.008864 0.023460 0.011396 0.001509 0.437434 0.006342 1.629193
0.516199 0.008354 0.022459 0.010863 0.001477 0.434288 0.006360 1.630040
0.521239 0.007932 0.021417 0.010354 0.001446 0.431237 0.006375 1.630820
0.526211 0.007469 0.020409 0.009862 0.001419 0.428240 0.006392 1.631582
0.531260 0.007080 0.019419 0.009387 0.001390 0.425053 0.006410 1.632296
0.536225 0.006711 0.018480 0.008915 0.001360 0.421879 0.006430 1.632969
0.541131 0.006341 0.017668 0.008478 0.001331 0.418601 0.006449 1.633618
0.546073 0.006027 0.016899 0.008065 0.001305 0.415162 0.006468 1.634227
0.550966 0.005746 0.016105 0.007725 0.001278 0.411696 0.006484 1.634795
0.555902 0.005420 0.015422 0.007348 0.001237 0.408172 0.006499 1.635405
0.560774 0.005174 0.014693 0.006993 0.001205 0.404646 0.006514 1.635915
0.565551 0.004967 0.013971 0.006625 0.001165 0.401192 0.006529 1.636381
0.570225 0.004715 0.013376 0.006292 0.001137 0.397711 0.006543 1.636881
0.575006 0.004482 0.012764 0.006025 0.001103 0.394063 0.006557 1.637347
0.579644 0.004305 0.012126 0.005746 0.001076 0.390534 0.006570 1.637763
0.584339 0.004089 0.011555 0.005492 0.001043 0.386896 0.006586 1.638195
0.588894 0.003915 0.010987 0.005253 0.001010 0.383342 0.006599 1.638593
0.593476 0.003752 0.010496 0.004989 0.000979 0.379696 0.006614 1.638949
0.597915 0.003624 0.010012 0.004744 0.000952 0.376127 0.006628 1.639281
0.602329 0.003484 0.009551 0.004531 0.000929 0.372538 0.006639 1.639633
0.606683 0.003338 0.009100 0.004307 0.000897 0.369023 0.006651 1.639979
0.611074 0.003187 0.008712 0.004093 0.000877 0.365394 0.006662 1.640323
0.615446 0.003084 0.008322 0.003870 0.000850 0.361758 0.006671 1.640613
0.619783 0.002946 0.007955 0.003688 0.000836 0.358114 0.006679 1.640937
0.624103 0.002852 0.007601 0.003521 0.000813 0.354423 0.006689 1.641220
0.628305 0.002738 0.007270 0.003376 0.000797 0.350816 0.006698 1.641509
0.632542 0.002656 0.006956 0.003233 0.000778 0.347129 0.006707 1.641772
0.636718 0.002580 0.006642 0.003084 0.000759 0.343498 0.006720 1.642031
0.640878 0.002485 0.006379 0.002941 0.000733 0.339855 0.006729 1.642285
0.644949 0.002397 0.006092 0.002821 0.000722 0.336285 0.006735 1.642537
0.649027 0.002319 0.005849 0.002709 0.000699 0.332656 0.006741 1.642771
0.653016 0.002237 0.005584 0.002612 0.000685 0.329120 0.006746 1.642988
0.656948 0.002157 0.005370 0.002485 0.000661 0.325623 0.006756 1.643211
0.660813 0.002066 0.005133 0.002400 0.000638 0.322182 0.006770 1.643435
0.664668 0.002021 0.004883 0.002312 0.000618 0.318721 0.006779 1.643636
0.668524 0.001963 0.004661 0.002219 0.000600 0.315245 0.006789 1.643824
0.672317 0.001922 0.004466 0.002125 0.000584 0.311792 0.006795 1.644006
0.676109 0.001858 0.004333 0.002026 0.000569 0.308306 0.006800 1.644204
0.679868 0.001812 0.004145 0.001943 0.000547 0.304877 0.006809 1.644383
0.683524 0.001775 0.003960 0.001871 0.000532 0.301523 0.006815 1.644545
0.687116 0.001736 0.003799 0.001783 0.000514 0.298229 0.006823 1.644707
0.690734 0.001704 0.003634 0.001704 0.000492 0.294902 0.006832 1.644857
0.694261 0.001668 0.003489 0.001620 0.000478 0.291649 0.006837 1.645017
0.697784 0.001630 0.003360 0.001562 0.000462 0.288358 0.006844 1.645184
0.701330 0.001564 0.003235 0.001505 0.000449 0.285068 0.006850 1.645345
0.704738 0.001516 0.003131 0.001445 0.000429 0.281887 0.006856 1.645503
0.708092 0.001482 0.003024 0.001401 0.000414 0.278727 0.006862 1.645647
0.711529 0.001441 0.002872 0.001352 0.000397 0.275543 0.006867 1.645788
0.714845 0.001406 0.002769 0.001314 0.000385 0.272411 0.006871 1.645936
0.718099 0.001370 0.002656 0.001267 0.000376 0.269353 0.006880 1.646065
0.721376 0.001323 0.002565 0.001227 0.000366 0.266258 0.006886 1.646201
0.724612 0.001286 0.002488 0.001184 0.000352 0.263186 0.006892 1.646338
0.727833 0.001252 0.002390 0.001138 0.000340 0.260152 0.006896 1.646462
0.731013 0.001232 0.002305 0.001096 0.000328 0.257126 0.006901 1.646573
0.734107 0.001204 0.002229 0.001060 0.000320 0.254174 0.006906 1.646696
0.737142 0.001172 0.002142 0.001030 0.000309 0.251294 0.006912 1.646809
0.740138 0.001167 0.002076 0.000992 0.000300 0.248411 0.006918 1.646912
0.743148 0.001124 0.002007 0.000967 0.000286 0.245544 0.006925 1.647029
0.746123 0.001085 0.001950 0.000931 0.000277 0.242706 0.006928 1.647152
0.749080 0.001045 0.001889 0.000901 0.000271 0.239885 0.006929 1.647270
0.751978 0.001003 0.001837 0.000870 0.000263 0.237116 0.006933 1.647383
0.754856 0.000984 0.001769 0.000825 0.000251 0.234379 0.006938 1.647475
0.757714 0.000976 0.001703 0.000798 0.000240 0.231626 0.006943 1.647557
0.760526 0.000940 0.001656 0.000789 0.000230 0.228909 0.006950 1.647668
0.763281 0.000931 0.001600 0.000760 0.000223 0.226253 0.006953 1.647755
0.766015 0.000916 0.001538 0.000734 0.000212 0.223627 0.006958 1.647838
0.768790 0.000912 0.001482 0.000713 0.000206 0.220935 0.006963 1.647919
0.771469 0.000905 0.001433 0.000689 0.000199 0.218339 0.006966 1.647994
0.774124 0.000896 0.001384 0.000660 0.000195 0.215774 0.006968 1.648077
0.776753 0.000877 0.001353 0.000646 0.000190 0.213211 0.006971 1.648161
0.779305 0.000848 0.001317 0.000634 0.000180 0.210741 0.006976 1.648253
0.781875 0.000830 0.001295 0.000619 0.000176 0.208229 0.006977 1.648337
0.784407 0.000819 0.001257 0.000600 0.000174 0.205765 0.006980 1.648410
0.786847 0.000806 0.001217 0.000593 0.000169 0.203387 0.006982 1.648495
0.789331 0.000781 0.001179 0.000582 0.000163 0.200980 0.006984 1.648574
0.791791 0.000779 0.001148 0.000565 0.000158 0.198570 0.006989 1.648648
0.794196 0.000757 0.001118 0.000551 0.000153 0.196235 0.006991 1.648731
0.796655 0.000740 0.001088 0.000530 0.000151 0.193845 0.006992 1.648807
0.799033 0.000714 0.001046 0.000523 0.000145 0.191545 0.006994 1.648882
0.801346 0.000701 0.001018 0.000506 0.000139 0.189294 0.006996 1.648950
0.803709 0.000681 0.001003 0.000490 0.000131 0.186987 0.006998 1.649021
0.805952 0.000659 0.000977 0.000477 0.000125 0.184810 0.007001 1.649089
0.808234 0.000642 0.000947 0.000471 0.000121 0.182583 0.007002 1.649148
0.810419 0.000630 0.000925 0.000458 0.000119 0.180446 0.007004 1.649212
0.812591 0.000618 0.000885 0.000448 0.000119 0.178334 0.007006 1.649268
0.814778 0.000600 0.000867 0.000435 0.000114 0.176199 0.007006 1.649330
0.816959 0.000601 0.000838 0.000425 0.000110 0.174059 0.007008 1.649382
0.819077 0.000598 0.000809 0.000408 0.000109 0.171991 0.007008 1.649434
0.821125 0.000575 0.000785 0.000394 0.000105 0.170007 0.007009 1.649491
0.823184 0.000558 0.000766 0.000385 0.000103 0.167995 0.007010 1.649547
0.825165 0.000544 0.000743 0.000379 0.000102 0.166057 0.007011 1.649601
0.827172 0.000538 0.000724 0.000372 0.000101 0.164081 0.007012 1.649652
0.829185 0.000534 0.000703 0.000363 0.000097 0.162106 0.007013 1.649699
0.831161 0.000511 0.000702 0.000358 0.000094 0.160161 0.007014 1.649761
0.833053 0.000508 0.000678 0.000349 0.000091 0.158307 0.007014 1.649804
0.834998 0.000510 0.000663 0.000336 0.000089 0.156388 0.007016 1.649845
0.836891 0.000501 0.000657 0.000326 0.000088 0.154521 0.007016 1.649894
0.838738 0.000502 0.000652 0.000319 0.000082 0.152688 0.007019 1.649941
0.840526 0.000498 0.000632 0.000311 0.000079 0.150934 0.007020 1.649977
0.842319 0.000485 0.000615 0.000308 0.000077 0.149174 0.007021 1.650025
0.844112 0.000476 0.000606 0.000296 0.000074 0.147415 0.007022 1.650075
0.845836 0.000474 0.000596 0.000284 0.000073 0.145715 0.007023 1.650120
0.847566 0.000461 0.000584 0.000280 0.000072 0.144013 0.007024 1.650168
0.849268 0.000455 0.000570 0.000276 0.000068 0.142338 0.007025 1.650211
0.850965 0.000444 0.000565 0.000269 0.000066 0.140665 0.007026 1.650252
0.852653 0.000422 0.000556 0.000267 0.000065 0.139012 0.007026 1.650300
0.854325 0.000406 0.000538 0.000271 0.000065 0.137369 0.007026 1.650348
0.856020 0.000396 0.000523 0.000270 0.000063 0.135700 0.007027 1.650389
0.857617 0.000376 0.000528 0.000267 0.000060 0.134125 0.007028 1.650442
0.859170 0.000374 0.000507 0.000252 0.000058 0.132608 0.007029 1.650473
0.860750 0.000365 0.000505 0.000244 0.000056 0.131050 0.007030 1.650514
0.862316 0.000363 0.000492 0.000237 0.000056 0.129506 0.007030 1.650549
0.863873 0.000362 0.000479 0.000234 0.000053 0.127968 0.007032 1.650584
0.865357 0.000359 0.000475 0.000229 0.000053 0.126495 0.007032 1.650620
0.866866 0.000359 0.000463 0.000217 0.000053 0.125009 0.007033 1.650652
0.868329 0.000353 0.000455 0.000216 0.000050 0.123565 0.007033 1.650686
0.869790 0.000341 0.000459 0.000211 0.000047 0.122118 0.007034 1.650727
0.871215 0.000337 0.000456 0.000206 0.000046 0.120708 0.007034 1.650762
0.872613 0.000331 0.000453 0.000196 0.000046 0.119328 0.007034 1.650797
0.873990 0.000332 0.000448 0.000189 0.000046 0.117962 0.007035 1.650832
0.875330 0.000332 0.000441 0.000182 0.000046 0.116635 0.007035 1.650861
0.876667 0.000333 0.000435 0.000179 0.000047 0.115304 0.007035 1.650892
0.878011 0.000329 0.000418 0.000174 0.000044 0.113989 0.007035 1.650921
0.879292 0.000321 0.000407 0.000170 0.000043 0.112733 0.007035 1.650951
0.880591 0.000318 0.000404 0.000165 0.000041 0.111445 0.007036 1.650983
0.881847 0.000319 0.000391 0.000157 0.000039 0.110210 0.007036 1.651010
0.883117 0.000304 0.000380 0.000160 0.000038 0.108963 0.007037 1.651047
0.884290 0.000306 0.000377 0.000157 0.000037 0.107795 0.007037 1.651075
0.885521 0.000308 0.000367 0.000151 0.000034 0.106580 0.007040 1.651099
0.886710 0.000291 0.000362 0.000153 0.000033 0.105411 0.007040 1.651133
0.887873 0.000283 0.000357 0.000154 0.000033 0.104260 0.007040 1.651166
0.888970 0.000291 0.000346 0.000145 0.000031 0.103176 0.007042 1.651188
0.890080 0.000297 0.000334 0.000141 0.000031 0.102076 0.007042 1.651208
0.891168 0.000283 0.000335 0.000144 0.000030 0.100998 0.007043 1.651244
0.892253 0.000274 0.000328 0.000144 0.000030 0.099928 0.007043 1.651275
0.893268 0.000276 0.000320 0.000143 0.000029 0.098921 0.007044 1.651297
0.894284 0.000276 0.000306 0.000136 0.000028 0.097926 0.007044 1.651322
0.895271 0.000267 0.000302 0.000135 0.000026 0.096954 0.007045 1.651353
0.896319 0.000267 0.000298 0.000128 0.000025 0.095918 0.007045 1.651375
0.897308 0.000269 0.000295 0.000126 0.000024 0.094933 0.007045 1.651395
0.898341 0.000269 0.000289 0.000122 0.000023 0.093910 0.007046 1.651417
0.899270 0.000264 0.000286 0.000123 0.000021 0.092989 0.007046 1.651444
0.900198 0.000258 0.000293 0.000117 0.000021 0.092066 0.007046 1.651475
0.901096 0.000264 0.000293 0.000115 0.000021 0.091165 0.007046 1.651499
0.901992 0.000256 0.000287 0.000119 0.000020 0.090279 0.007046 1.651527
0.902838 0.000261 0.000280 0.000121 0.000019 0.089433 0.007047 1.651549
0.903709 0.000252 0.000275 0.000123 0.000019 0.088573 0.007047 1.651577
0.904546 0.000246 0.000274 0.000119 0.000019 0.087747 0.007047 1.651601
0.905377 0.000246 0.000271 0.000120 0.000018 0.086921 0.007047 1.651626
0.906198 0.000243 0.000272 0.000115 0.000019 0.086105 0.007048 1.651647
0.906981 0.000238 0.000267 0.000118 0.000019 0.085329 0.007048 1.651672
0.907750 0.000225 0.000271 0.000121 0.000019 0.084565 0.007048 1.651699
0.908514 0.000226 0.000272 0.000120 0.000018 0.083802 0.007048 1.651718
0.909283 0.000217 0.000274 0.000120 0.000017 0.083039 0.007049 1.651745
0.910003 0.000220 0.000273 0.000114 0.000017 0.082323 0.007049 1.651764
0.910712 0.000222 0.000266 0.000112 0.000015 0.081621 0.007050 1.651780
0.911435 0.000223 0.000258 0.000108 0.000015 0.080909 0.007051 1.651796
0.912118 0.000222 0.000250 0.000104 0.000013 0.080241 0.007051 1.651812
0.912799 0.000219 0.000238 0.000104 0.000014 0.079574 0.007051 1.651831
0.913484 0.000208 0.000242 0.000102 0.000014 0.078898 0.007051 1.651856
0.914163 0.000205 0.000240 0.000101 0.000014 0.078225 0.007051 1.651877
0.914773 0.000197 0.000235 0.000103 0.000015 0.077625 0.007051 1.651900
0.915364 0.000197 0.000231 0.000103 0.000013 0.077039 0.007052 1.651916
0.916000 0.000195 0.000231 0.000101 0.000013 0.076409 0.007052 1.651936
0.916617 0.000186 0.000230 0.000097 0.000013 0.075803 0.007052 1.651956
0.917182 0.000188 0.000224 0.000092 0.000013 0.075248 0.007052 1.651971
0.917771 0.000192 0.000219 0.000089 0.000014 0.074662 0.007052 1.651989
0.918291 0.000186 0.000223 0.000092 0.000014 0.074142 0.007052 1.652010
0.918813 0.000182 0.000224 0.000090 0.000014 0.073623 0.007053 1.652028
0.919301 0.000177 0.000220 0.000090 0.000013 0.073144 0.007053 1.652049
0.919820 0.000178 0.000215 0.000091 0.000013 0.072629 0.007053 1.652069
0.920294 0.000177 0.000214 0.000090 0.000013 0.072159 0.007053 1.652086
0.920744 0.000177 0.000207 0.000088 0.000013 0.071717 0.007053 1.652101
0.921218 0.000177 0.000206 0.000086 0.000013 0.071247 0.007053 1.652120
0.921689 0.000179 0.000205 0.000083 0.000014 0.070778 0.007053 1.652137
0.922129 0.000173 0.000204 0.000085 0.000013 0.070341 0.007053 1.652157
0.922574 0.000171 0.000201 0.000087 0.000013 0.069901 0.007053 1.652174
0.922975 0.000167 0.000195 0.000082 0.000013 0.069513 0.007054 1.652189
0.923392 0.000169 0.000194 0.000084 0.000013 0.069093 0.007054 1.652205
0.923804 0.000166 0.000190 0.000083 0.000012 0.068692 0.007054 1.652219
0.924205 0.000163 0.000189 0.000081 0.000012 0.068296 0.007054 1.652235
0.924589 0.000159 0.000190 0.000082 0.000012 0.067915 0.007054 1.652254
0.924954 0.000154 0.000185 0.000083 0.000011 0.067557 0.007054 1.652274
0.925326 0.000153 0.000183 0.000080 0.000011 0.067193 0.007054 1.652287
0.925700 0.000150 0.000178 0.000076 0.000010 0.066830 0.007055 1.652300
0.926046 0.000143 0.000173 0.000075 0.000010 0.066497 0.007055 1.652318
0.926389 0.000142 0.000171 0.000075 0.000009 0.066157 0.007055 1.652332
0.926707 0.000149 0.000169 0.000073 0.000009 0.065839 0.007055 1.652344
0.927042 0.000145 0.000169 0.000074 0.000009 0.065506 0.007055 1.652358
0.927355 0.000144 0.000166 0.000072 0.000009 0.065198 0.007055 1.652370
0.927678 0.000144 0.000167 0.000071 0.000008 0.064877 0.007055 1.652382
0.928002 0.000141 0.000167 0.000069 0.000008 0.064558 0.007055 1.652398
0.928331 0.000140 0.000162 0.000068 0.000007 0.064236 0.007055 1.652410
0.928620 0.000131 0.000162 0.000070 0.000007 0.063954 0.007055 1.652430
0.928878 0.000131 0.000159 0.000071 0.000007 0.063698 0.007055 1.652444
0.929140 0.000129 0.000158 0.000070 0.000007 0.063441 0.007055 1.652458
0.929402 0.000131 0.000156 0.000067 0.000007 0.063181 0.007055 1.652470
0.929664 0.000131 0.000153 0.000063 0.000008 0.062926 0.007055 1.652480
0.929958 0.000131 0.000153 0.000058 0.000007 0.062635 0.007056 1.652493
0.930220 0.000132 0.000156 0.000058 0.000007 0.062370 0.007056 1.652505
0.930480 0.000131 0.000156 0.000057 0.000007 0.062111 0.007056 1.652516
0.930709 0.000132 0.000151 0.000058 0.000007 0.061886 0.007056 1.652528
0.930923 0.000130 0.000150 0.000061 0.000007 0.061673 0.007056 1.652543
0.931130 0.000130 0.000146 0.000063 0.000007 0.061467 0.007057 1.652557
0.931343 0.000122 0.000145 0.000064 0.000006 0.061262 0.007057 1.652574
0.931561 0.000121 0.000140 0.000063 0.000006 0.061052 0.007057 1.652586
0.931753 0.000123 0.000138 0.000065 0.000006 0.060857 0.007057 1.652600
0.931954 0.000119 0.000135 0.000067 0.000007 0.060661 0.007057 1.652614
0.932149 0.000126 0.000133 0.000063 0.000006 0.060465 0.007057 1.652622
0.932360 0.000127 0.000129 0.000060 0.000006 0.060260 0.007057 1.652631
0.932554 0.000121 0.000131 0.000063 0.000006 0.060066 0.007057 1.652649
0.932730 0.000128 0.000127 0.000062 0.000006 0.059889 0.007057 1.652656
0.932907 0.000123 0.000128 0.000062 0.000006 0.059716 0.007058 1.652673
0.933080 0.000125 0.000131 0.000064 0.000006 0.059536 0.007058 1.652685
0.933240 0.000122 0.000135 0.000064 0.000005 0.059373 0.007058 1.652698
0.933407 0.000123 0.000137 0.000064 0.000005 0.059205 0.007058 1.652709
0.933572 0.000117 0.000135 0.000064 0.000005 0.059047 0.007058 1.652724
0.933732 0.000113 0.000134 0.000064 0.000005 0.058894 0.007058 1.652738
0.933895 0.000110 0.000133 0.000065 0.000005 0.058733 0.007058 1.652751
0.934049 0.000108 0.000133 0.000062 0.000006 0.058582 0.007058 1.652763
0.934203 0.000109 0.000133 0.000062 0.000005 0.058429 0.007058 1.652774
0.934354 0.000109 0.000130 0.000064 0.000005 0.058279 0.007058 1.652783
0.934492 0.000112 0.000126 0.000062 0.000005 0.058144 0.007058 1.652791
0.934634 0.000108 0.000128 0.000057 0.000005 0.058009 0.007058 1.652803
0.934760 0.000107 0.000123 0.000057 0.000006 0.057888 0.007058 1.652814
0.934897 0.000107 0.000120 0.000056 0.000006 0.057754 0.007058 1.652822
0.935037 0.000101 0.000123 0.000055 0.000006 0.057620 0.007058 1.652834
0.935173 0.000097 0.000121 0.000053 0.000006 0.057491 0.007058 1.652843
0.935304 0.000100 0.000120 0.000053 0.000006 0.057358 0.007058 1.652851
0.935429 0.000095 0.000125 0.000053 0.000005 0.057233 0.007059 1.652865
0.935561 0.000094 0.000122 0.000054 0.000005 0.057104 0.007059 1.652873
0.935671 0.000093 0.000121 0.000052 0.000005 0.056998 0.007059 1.652881
0.935781 0.000091 0.000119 0.000052 0.000005 0.056892 0.007060 1.652889
0.935896 0.000089 0.000119 0.000050 0.000005 0.056780 0.007060 1.652898
0.936016 0.000084 0.000119 0.000050 0.000005 0.056667 0.007060 1.652908
0.936134 0.000081 0.000113 0.000051 0.000005 0.056554 0.007060 1.652918
0.936237 0.000083 0.000107 0.000050 0.000004 0.056457 0.007060 1.652923
0.936356 0.000083 0.000105 0.000048 0.000003 0.056344 0.007060 1.652931
0.936448 0.000083 0.000103 0.000047 0.000004 0.056254 0.007060 1.652938
0.936556 0.000081 0.000102 0.000047 0.000004 0.056147 0.007060 1.652947
0.936658 0.000081 0.000100 0.000044 0.000003 0.056052 0.007061 1.652953
0.936761 0.000078 0.000099 0.000045 0.000003 0.055953 0.007061 1.652961
0.936846 0.000080 0.000096 0.000041 0.000003 0.055873 0.007061 1.652966
0.936920 0.000077 0.000095 0.000041 0.000003 0.055803 0.007061 1.652978
0.936996 0.000073 0.000097 0.000040 0.000003 0.055730 0.007061 1.652990
0.937080 0.000072 0.000095 0.000038 0.000002 0.055652 0.007061 1.652996
0.937157 0.000076 0.000093 0.000034 0.000002 0.055577 0.007061 1.653001
0.937231 0.000076 0.000091 0.000034 0.000002 0.055505 0.007061 1.653006
0.937311 0.000077 0.000092 0.000035 0.000002 0.055423 0.007061 1.653012
0.937369 0.000078 0.000084 0.000034 0.000002 0.055372 0.007061 1.653018
0.937433 0.000073 0.000087 0.000034 0.000002 0.055310 0.007061 1.653029
0.937507 0.000068 0.000088 0.000033 0.000003 0.055240 0.007061 1.653036
0.937580 0.000067 0.000088 0.000035 0.000003 0.055167 0.007061 1.653045
0.937647 0.000070 0.000084 0.000034 0.000003 0.055100 0.007061 1.653049
0.937709 0.000069 0.000084 0.000033 0.000002 0.055041 0.007061 1.653058
0.937768 0.000068 0.000083 0.000032 0.000002 0.054986 0.007061 1.653064
0.937837 0.000067 0.000084 0.000031 0.000002 0.054918 0.007061 1.653070
0.937897 0.000066 0.000080 0.000030 0.000001 0.054863 0.007062 1.653075
0.937958 0.000065 0.000081 0.000030 0.000001 0.054805 0.007062 1.653080
0.938018 0.000070 0.000079 0.000030 0.000001 0.054740 0.007062 1.653085
0.938069 0.000074 0.000075 0.000031 0.000001 0.054687 0.007062 1.653088
0.938129 0.000071 0.000075 0.000031 0.000002 0.054631 0.007062 1.653096
0.938188 0.000067 0.000076 0.000031 0.000002 0.054574 0.007062 1.653104
0.938247 0.000064 0.000075 0.000030 0.000002 0.054519 0.007062 1.653112
0.938306 0.000063 0.000071 0.000033 0.000002 0.054463 0.007062 1.653119
0.938366 0.000062 0.000068 0.000032 0.000002 0.054408 0.007062 1.653124
0.938419 0.000060 0.000069 0.000036 0.000002 0.054352 0.007062 1.653134
0.938457 0.000060 0.000068 0.000037 0.000002 0.054314 0.007062 1.653142
0.938501 0.000061 0.000064 0.000036 0.000002 0.054273 0.007062 1.653147
0.938548 0.000068 0.000061 0.000036 0.000002 0.054223 0.007062 1.653150
0.938588 0.000067 0.000062 0.000034 0.000002 0.054184 0.007062 1.653157
0.938635 0.000064 0.000062 0.000036 0.000002 0.054140 0.007062 1.653165
0.938671 0.000066 0.000060 0.000034 0.000002 0.054104 0.007062 1.653169
0.938711 0.000068 0.000060 0.000031 0.000002 0.054066 0.007062 1.653173
0.938757 0.000066 0.000061 0.000033 0.000002 0.054021 0.007062 1.653182
0.938801 0.000063 0.000063 0.000031 0.000002 0.053979 0.007062 1.653188
0.938845 0.000061 0.000065 0.000032 0.000002 0.053934 0.007062 1.653195
0.938879 0.000058 0.000066 0.000031 0.000002 0.053902 0.007062 1.653204
0.938908 0.000057 0.000062 0.000033 0.000002 0.053875 0.007062 1.653210
0.938933 0.000060 0.000064 0.000031 0.000002 0.053848 0.007062 1.653218
0.938973 0.000064 0.000066 0.000030 0.000002 0.053803 0.007062 1.653223
0.939006 0.000061 0.000071 0.000032 0.000002 0.053767 0.007062 1.653235
0.939053 0.000058 0.000072 0.000033 0.000002 0.053719 0.007062 1.653242
0.939084 0.000058 0.000070 0.000032 0.000002 0.053691 0.007062 1.653247
0.939119 0.000059 0.000070 0.000032 0.000002 0.053656 0.007062 1.653253
0.939149 0.000057 0.000072 0.000031 0.000002 0.053627 0.007062 1.653261
0.939183 0.000058 0.000070 0.000030 0.000002 0.053595 0.007062 1.653266
0.939217 0.000055 0.000068 0.000031 0.000002 0.053564 0.007062 1.653273
0.939246 0.000055 0.000066 0.000033 0.000002 0.053536 0.007063 1.653279
0.939278 0.000057 0.000063 0.000033 0.000002 0.053506 0.007063 1.653283
0.939307 0.000059 0.000060 0.000032 0.000002 0.053476 0.007063 1.653285
0.939336 0.000058 0.000061 0.000029 0.000002 0.053452 0.007063 1.653290
0.939361 0.000063 0.000060 0.000026 0.000003 0.053425 0.007063 1.653294
0.939394 0.000058 0.000061 0.000026 0.000003 0.053396 0.007063 1.653301
0.939418 0.000056 0.000062 0.000026 0.000003 0.053372 0.007063 1.653310
0.939445 0.000055 0.000061 0.000026 0.000003 0.053347 0.007063 1.653314
0.939459 0.000055 0.000061 0.000027 0.000003 0.053331 0.007063 1.653322
0.939477 0.000056 0.000062 0.000027 0.000003 0.053313 0.007063 1.653327
0.939502 0.000055 0.000061 0.000028 0.000003 0.053289 0.007063 1.653334
0.939521 0.000058 0.000058 0.000030 0.000003 0.053267 0.007063 1.653338
0.939539 0.000058 0.000059 0.000032 0.000003 0.053246 0.007063 1.653346
0.939554 0.000055 0.000057 0.000031 0.000003 0.053236 0.007063 1.653351
0.939577 0.000055 0.000057 0.000029 0.000003 0.053216 0.007063 1.653355
0.939596 0.000055 0.000056 0.000026 0.000003 0.053201 0.007063 1.653358
0.939616 0.000054 0.000055 0.000026 0.000003 0.053184 0.007063 1.653362
0.939635 0.000055 0.000052 0.000025 0.000003 0.053167 0.007064 1.653364
0.939657 0.000053 0.000052 0.000026 0.000002 0.053147 0.007064 1.653370
0.939678 0.000051 0.000051 0.000027 0.000002 0.053128 0.007064 1.653375
0.939701 0.000049 0.000053 0.000027 0.000002 0.053103 0.007064 1.653380
0.939721 0.000052 0.000051 0.000027 0.000002 0.053084 0.007064 1.653384
0.939740 0.000048 0.000053 0.000029 0.000002 0.053064 0.007064 1.653393
0.939768 0.000049 0.000052 0.000030 0.000002 0.053035 0.007064 1.653397
0.939786 0.000047 0.000053 0.000029 0.000002 0.053020 0.007064 1.653403
0.939802 0.000044 0.000056 0.000028 0.000002 0.053004 0.007064 1.653410
0.939815 0.000043 0.000056 0.000028 0.000002 0.052992 0.007064 1.653414
0.939830 0.000045 0.000055 0.000026 0.000002 0.052978 0.007064 1.653415
0.939845 0.000047 0.000051 0.000025 0.000002 0.052966 0.007064 1.653418
0.939865 0.000048 0.000047 0.000025 0.000002 0.052949 0.007064 1.653422
0.939878 0.000051 0.000045 0.000025 0.000002 0.052935 0.007064 1.653425
0.939893 0.000051 0.000047 0.000026 0.000002 0.052918 0.007064 1.653429
0.939909 0.000053 0.000044 0.000026 0.000002 0.052901 0.007064 1.653432
0.939927 0.000051 0.000048 0.000026 0.000002 0.052883 0.007064 1.653438
0.939948 0.000047 0.000049 0.000026 0.000002 0.052864 0.007064 1.653445
0.939960 0.000048 0.000048 0.000027 0.000002 0.052851 0.007064 1.653449
0.939967 0.000052 0.000048 0.000025 0.000002 0.052843 0.007064 1.653452
0.939979 0.000048 0.000049 0.000024 0.000002 0.052834 0.007064 1.653461
0.939991 0.000045 0.000048 0.000024 0.000001 0.052825 0.007065 1.653466
0.940006 0.000047 0.000046 0.000024 0.000000 0.052812 0.007065 1.653467
0.940021 0.000044 0.000045 0.000027 0.000000 0.052797 0.007065 1.653473
0.940032 0.000045 0.000044 0.000027 0.000000 0.052786 0.007065 1.653478
0.940042 0.000046 0.000044 0.000026 0.000000 0.052776 0.007065 1.653481
0.940048 0.000050 0.000043 0.000025 0.000000 0.052768 0.007065 1.653484
0.940062 0.000050 0.000044 0.000026 0.000000 0.052753 0.007065 1.653489
0.940071 0.000050 0.000044 0.000024 0.000000 0.052746 0.007065 1.653493
0.940083 0.000046 0.000044 0.000023 0.000000 0.052738 0.007065 1.653498
0.940095 0.000046 0.000046 0.000021 0.000000 0.052726 0.007065 1.653504
0.940110 0.000045 0.000047 0.000019 0.000000 0.052713 0.007065 1.653508
0.940121 0.000046 0.000047 0.000021 0.000000 0.052699 0.007065 1.653513
0.940129 0.000045 0.000046 0.000024 0.000000 0.052691 0.007065 1.653519
0.940138 0.000043 0.000048 0.000021 0.000000 0.052684 0.007065 1.653524
0.940144 0.000046 0.000045 0.000021 0.000001 0.052677 0.007065 1.653528
0.940157 0.000047 0.000040 0.000020 0.000001 0.052669 0.007065 1.653528
0.940165 0.000048 0.000041 0.000019 0.000000 0.052660 0.007065 1.653532
0.940173 0.000047 0.000042 0.000019 0.000000 0.052652 0.007065 1.653538
0.940185 0.000047 0.000044 0.000018 0.000000 0.052640 0.007065 1.653541
0.940192 0.000044 0.000043 0.000019 0.000000 0.052636 0.007065 1.653547
0.940200 0.000046 0.000041 0.000019 0.000000 0.052627 0.007065 1.653548
0.940209 0.000046 0.000043 0.000019 0.000000 0.052618 0.007065 1.653553
0.940218 0.000046 0.000043 0.000019 0.000000 0.052608 0.007065 1.653556
0.940228 0.000045 0.000040 0.000019 0.000000 0.052601 0.007065 1.653560
0.940238 0.000043 0.000043 0.000019 0.000000 0.052591 0.007065 1.653566
0.940243 0.000043 0.000044 0.000020 0.000000 0.052584 0.007065 1.653571
0.940248 0.000047 0.000044 0.000018 0.000000 0.052577 0.007065 1.653574
0.940255 0.000043 0.000043 0.000019 0.000000 0.052574 0.007065 1.653580
0.940263 0.000043 0.000042 0.000019 0.000000 0.052567 0.007065 1.653583
0.940273 0.000041 0.000041 0.000020 0.000000 0.052558 0.007065 1.653589
0.940280 0.000041 0.000041 0.000022 0.000001 0.052550 0.007065 1.653594
0.940291 0.000038 0.000041 0.000022 0.000001 0.052541 0.007065 1.653598
0.940298 0.000040 0.000038 0.000022 0.000001 0.052535 0.007065 1.653601
0.940302 0.000041 0.000039 0.000020 0.000001 0.052531 0.007065 1.653604
0.940309 0.000039 0.000040 0.000020 0.000001 0.052526 0.007065 1.653608
0.940316 0.000040 0.000038 0.000019 0.000001 0.052519 0.007065 1.653609
0.940322 0.000042 0.000038 0.000019 0.000002 0.052512 0.007065 1.653614
0.940333 0.000041 0.000037 0.000019 0.000002 0.052503 0.007065 1.653617
0.940333 0.000044 0.000037 0.000020 0.000002 0.052498 0.007065 1.653621
0.940338 0.000044 0.000036 0.000019 0.000002 0.052496 0.007065 1.653626
0.940344 0.000041 0.000038 0.000019 0.000002 0.052490 0.007065 1.653631
0.940351 0.000037 0.000039 0.000019 0.000002 0.052487 0.007065 1.653638
0.940356 0.000037 0.000040 0.000019 0.000002 0.052480 0.007065 1.653641
0.940360 0.000036 0.000040 0.000019 0.000002 0.052477 0.007065 1.653645
0.940367 0.000035 0.000040 0.000018 0.000002 0.052471 0.007066 1.653646
0.940375 0.000032 0.000041 0.000019 0.000002 0.052465 0.007066 1.653651
0.940381 0.000032 0.000039 0.000018 0.000002 0.052462 0.007066 1.653654
0.940381 0.000035 0.000036 0.000017 0.000002 0.052463 0.007066 1.653657
0.940388 0.000035 0.000035 0.000016 0.000002 0.052458 0.007066 1.653659
0.940393 0.000035 0.000031 0.000014 0.000002 0.052460 0.007066 1.653661
0.940396 0.000037 0.000031 0.000013 0.000002 0.052456 0.007066 1.653663
0.940400 0.000038 0.000032 0.000012 0.000002 0.052450 0.007066 1.653666
0.940403 0.000042 0.000031 0.000012 0.000002 0.052445 0.007066 1.653667
0.940405 0.000044 0.000030 0.000012 0.000002 0.052443 0.007066 1.653671
0.940408 0.000040 0.000031 0.000013 0.000002 0.052441 0.007066 1.653678
0.940413 0.000039 0.000031 0.000015 0.000002 0.052434 0.007066 1.653682
0.940419 0.000039 0.000029 0.000013 0.000002 0.052431 0.007066 1.653684
0.940419 0.000040 0.000030 0.000014 0.000002 0.052428 0.007066 1.653690
0.940420 0.000044 0.000031 0.000013 0.000002 0.052424 0.007066 1.653693
0.940422 0.000042 0.000032 0.000012 0.000002 0.052424 0.007066 1.653698
0.940426 0.000041 0.000032 0.000011 0.000002 0.052422 0.007066 1.653702
0.940428 0.000040 0.000033 0.000011 0.000002 0.052421 0.007066 1.653707
0.940431 0.000040 0.000034 0.000011 0.000002 0.052416 0.007066 1.653710
0.940439 0.000037 0.000035 0.000012 0.000002 0.052409 0.007066 1.653715
0.940445 0.000036 0.000035 0.000011 0.000002 0.052405 0.007066 1.653720
0.940452 0.000035 0.000038 0.000011 0.000002 0.052395 0.007066 1.653724
0.940459 0.000036 0.000037 0.000011 0.000002 0.052389 0.007066 1.653727
0.940464 0.000033 0.000039 0.000012 0.000002 0.052383 0.007066 1.653732
0.940469 0.000035 0.000037 0.000013 0.000002 0.052378 0.007066 1.653734
0.940472 0.000034 0.000036 0.000013 0.000002 0.052377 0.007066 1.653737
0.940476 0.000033 0.000034 0.000013 0.000002 0.052375 0.007066 1.653740
0.940481 0.000032 0.000030 0.000015 0.000002 0.052373 0.007066 1.653743
0.940487 0.000030 0.000029 0.000013 0.000002 0.052372 0.007066 1.653747
0.940490 0.000031 0.000029 0.000014 0.000002 0.052367 0.007066 1.653750
0.940493 0.000032 0.000028 0.000014 0.000002 0.052364 0.007066 1.653752
0.940499 0.000029 0.000029 0.000014 0.000002 0.052361 0.007066 1.653755
0.940500 0.000030 0.000028 0.000013 0.000002 0.052360 0.007066 1.653757
0.940506 0.000030 0.000028 0.000013 0.000002 0.052354 0.007066 1.653759
0.940510 0.000030 0.000028 0.000014 0.000002 0.052349 0.007066 1.653761
0.940513 0.000030 0.000027 0.000014 0.000002 0.052347 0.007066 1.653763
0.940518 0.000028 0.000027 0.000014 0.000002 0.052345 0.007066 1.653766
0.940522 0.000028 0.000027 0.000014 0.000002 0.052340 0.007066 1.653767
0.940525 0.000028 0.000029 0.000013 0.000002 0.052337 0.007066 1.653770
0.940529 0.000028 0.000029 0.000012 0.000002 0.052334 0.007066 1.653772
0.940535 0.000027 0.000028 0.000013 0.000002 0.052330 0.007066 1.653774
0.940537 0.000028 0.000026 0.000014 0.000001 0.052327 0.007067 1.653775
0.940539 0.000030 0.000025 0.000013 0.000001 0.052324 0.007067 1.653777
0.940537 0.000031 0.000025 0.000015 0.000001 0.052324 0.007067 1.653781
0.940543 0.000031 0.000027 0.000013 0.000001 0.052318 0.007067 1.653783
0.940543 0.000029 0.000028 0.000014 0.000001 0.052318 0.007067 1.653787
0.940544 0.000031 0.000029 0.000013 0.000001 0.052315 0.007067 1.653788
0.940548 0.000031 0.000029 0.000013 0.000001 0.052310 0.007067 1.653790
0.940549 0.000032 0.000030 0.000014 0.000001 0.052306 0.007067 1.653793
0.940549 0.000034 0.000031 0.000014 0.000001 0.052303 0.007067 1.653796
0.940552 0.000032 0.000031 0.000013 0.000001 0.052303 0.007067 1.653800
0.940554 0.000031 0.000031 0.000014 0.000001 0.052301 0.007067 1.653803
0.940558 0.000029 0.000029 0.000015 0.000001 0.052300 0.007067 1.653807
0.940560 0.000030 0.000029 0.000014 0.000001 0.052299 0.007067 1.653809
0.940568 0.000030 0.000029 0.000013 0.000001 0.052291 0.007067 1.653812
0.940569 0.000031 0.000027 0.000015 0.000001 0.052290 0.007067 1.653815
0.940571 0.000032 0.000027 0.000013 0.000001 0.052290 0.007067 1.653817
0.940571 0.000032 0.000027 0.000013 0.000002 0.052289 0.007067 1.653822
0.940574 0.000030 0.000030 0.000014 0.000002 0.052284 0.007067 1.653826
0.940573 0.000028 0.000029 0.000015 0.000001 0.052286 0.007067 1.653831
0.940576 0.000027 0.000029 0.000015 0.000001 0.052286 0.007067 1.653833
0.940579 0.000028 0.000027 0.000015 0.000001 0.052282 0.007067 1.653835
0.940585 0.000027 0.000028 0.000015 0.000001 0.052276 0.007067 1.653837
0.940585 0.000026 0.000029 0.000016 0.000001 0.052275 0.007067 1.653841
0.940589 0.000025 0.000028 0.000017 0.000001 0.052272 0.007067 1.653844
0.940591 0.000023 0.000029 0.000016 0.000001 0.052272 0.007067 1.653847
0.940592 0.000024 0.000031 0.000015 0.000002 0.052269 0.007067 1.653850
0.940595 0.000022 0.000031 0.000015 0.000002 0.052267 0.007067 1.653853
0.940597 0.000023 0.000033 0.000016 0.000002 0.052263 0.007067 1.653856
0.940598 0.000023 0.000034 0.000015 0.000002 0.052261 0.007067 1.653858
0.940601 0.000024 0.000032 0.000015 0.000002 0.052259 0.007067 1.653859
0.940606 0.000022 0.000032 0.000016 0.000002 0.052255 0.007067 1.653863
0.940609 0.000022 0.000032 0.000017 0.000002 0.052252 0.007067 1.653865
0.940611 0.000022 0.000030 0.000018 0.000002 0.052251 0.007067 1.653868
0.940614 0.000020 0.000030 0.000015 0.000002 0.052251 0.007067 1.653871
0.940616 0.000020 0.000030 0.000017 0.000002 0.052249 0.007067 1.653873
0.940617 0.000019 0.000030 0.000015 0.000002 0.052250 0.007067 1.653876
0.940623 0.000018 0.000030 0.000015 0.000002 0.052245 0.007067 1.653878
0.940627 0.000019 0.000030 0.000014 0.000002 0.052242 0.007067 1.653878
0.940630 0.000018 0.000029 0.000014 0.000002 0.052241 0.007067 1.653881
0.940632 0.000018 0.000030 0.000013 0.000002 0.052238 0.007067 1.653883
0.940635 0.000017 0.000030 0.000014 0.000002 0.052235 0.007067 1.653886
0.940635 0.000019 0.000029 0.000013 0.000002 0.052234 0.007067 1.653887
0.940637 0.000019 0.000027 0.000013 0.000002 0.052234 0.007067 1.653888
0.940640 0.000018 0.000028 0.000013 0.000002 0.052232 0.007067 1.653892
0.940640 0.000017 0.000027 0.000014 0.000002 0.052233 0.007067 1.653894
0.940645 0.000018 0.000027 0.000014 0.000002 0.052228 0.007067 1.653895
0.940648 0.000015 0.000029 0.000015 0.000000 0.052226 0.007067 1.653899
0.940650 0.000014 0.000029 0.000014 0.000000 0.052226 0.007067 1.653901
0.940651 0.000016 0.000029 0.000013 0.000000 0.052223 0.007067 1.653901
0.940653 0.000016 0.000030 0.000013 0.000000 0.052222 0.007067 1.653903
0.940656 0.000015 0.000029 0.000013 0.000000 0.052220 0.007067 1.653906
0.940660 0.000015 0.000026 0.000012 0.000000 0.052219 0.007067 1.653906
0.940662 0.000016 0.000024 0.000011 0.000000 0.052219 0.007067 1.653908
0.940668 0.000014 0.000025 0.000011 0.000000 0.052214 0.007067 1.653910
0.940669 0.000015 0.000026 0.000010 0.000000 0.052212 0.007067 1.653912
0.940671 0.000015 0.000024 0.000010 0.000000 0.052210 0.007067 1.653914
0.940673 0.000015 0.000024 0.000012 0.000000 0.052208 0.007067 1.653916
0.940674 0.000016 0.000022 0.000012 0.000000 0.052208 0.007067 1.653918
0.940676 0.000018 0.000020 0.000011 0.000000 0.052205 0.007067 1.653918
0.940678 0.000019 0.000020 0.000010 0.000000 0.052204 0.007067 1.653919
0.940679 0.000020 0.000020 0.000010 0.000000 0.052202 0.007067 1.653921
0.940679 0.000021 0.000019 0.000010 0.000000 0.052202 0.007067 1.653923
0.940680 0.000022 0.000019 0.000010 0.000000 0.052201 0.007067 1.653925
0.940681 0.000022 0.000018 0.000010 0.000000 0.052201 0.007067 1.653926
0.940684 0.000022 0.000019 0.000010 0.000000 0.052198 0.007067 1.653928
0.940682 0.000023 0.000019 0.000010 0.000000 0.052197 0.007067 1.653930
0.940682 0.000022 0.000021 0.000010 0.000000 0.052197 0.007067 1.653933
0.940682 0.000021 0.000018 0.000010 0.000000 0.052200 0.007067 1.653935
0.940684 0.000021 0.000020 0.000009 0.000000 0.052198 0.007067 1.653938
0.940685 0.000019 0.000022 0.000010 0.000000 0.052197 0.007067 1.653942
0.940686 0.000017 0.000023 0.000009 0.000000 0.052196 0.007067 1.653945
0.940688 0.000016 0.000024 0.000009 0.000000 0.052194 0.007067 1.653948
0.940689 0.000015 0.000025 0.000008 0.000000 0.052195 0.007067 1.653950
0.940691 0.000017 0.000023 0.000007 0.000000 0.052193 0.007067 1.653951
0.940695 0.000016 0.000022 0.000007 0.000000 0.052192 0.007067 1.653953
0.940700 0.000015 0.000022 0.000007 0.000000 0.052189 0.007067 1.653954
0.940701 0.000016 0.000021 0.000007 0.000000 0.052188 0.007067 1.653956
0.940702 0.000014 0.000019 0.000005 0.000000 0.052191 0.007067 1.653957
0.940703 0.000015 0.000018 0.000006 0.000000 0.052190 0.007067 1.653958
0.940704 0.000016 0.000017 0.000007 0.000000 0.052188 0.007067 1.653959
0.940707 0.000013 0.000018 0.000007 0.000000 0.052187 0.007067 1.653962
0.940708 0.000013 0.000019 0.000007 0.000000 0.052185 0.007067 1.653964
0.940713 0.000014 0.000017 0.000006 0.000000 0.052183 0.007067 1.653964
0.940713 0.000013 0.000015 0.000007 0.000000 0.052184 0.007067 1.653966
0.940718 0.000013 0.000015 0.000006 0.000001 0.052180 0.007067 1.653966
0.940720 0.000014 0.000014 0.000006 0.000001 0.052177 0.007067 1.653966
0.940722 0.000016 0.000012 0.000006 0.000001 0.052175 0.007067 1.653966
0.940725 0.000016 0.000014 0.000005 0.000001 0.052172 0.007067 1.653968
0.940726 0.000017 0.000012 0.000004 0.000001 0.052172 0.007067 1.653968
0.940725 0.000018 0.000012 0.000005 0.000001 0.052170 0.007067 1.653969
0.940725 0.000018 0.000012 0.000005 0.000001 0.052171 0.007067 1.653972
0.940729 0.000016 0.000013 0.000005 0.000001 0.052167 0.007067 1.653975
0.940729 0.000018 0.000013 0.000005 0.000001 0.052167 0.007067 1.653976
0.940731 0.000019 0.000012 0.000005 0.000001 0.052165 0.007067 1.653976
0.940731 0.000019 0.000013 0.000005 0.000001 0.052164 0.007067 1.653978
0.940731 0.000020 0.000013 0.000004 0.000000 0.052164 0.007067 1.653979
0.940733 0.000017 0.000013 0.000005 0.000000 0.052163 0.007067 1.653981
0.940734 0.000015 0.000013 0.000006 0.000000 0.052163 0.007067 1.653984
0.940737 0.000014 0.000015 0.000006 0.000000 0.052159 0.007067 1.653986
0.940742 0.000014 0.000013 0.000006 0.000000 0.052157 0.007067 1.653987
0.940744 0.000015 0.000011 0.000007 0.000000 0.052155 0.007067 1.653988
0.940745 0.000015 0.000010 0.000008 0.000000 0.052153 0.007067 1.653989
0.940747 0.000015 0.000010 0.000008 0.000000 0.052150 0.007067 1.653991
0.940750 0.000013 0.000012 0.000008 0.000000 0.052148 0.007067 1.653994
0.940749 0.000014 0.000011 0.000008 0.000000 0.052149 0.007067 1.653994
0.940751 0.000016 0.000010 0.000008 0.000000 0.052147 0.007067 1.653995
0.940754 0.000016 0.000011 0.000007 0.000000 0.052144 0.007067 1.653996
0.940755 0.000017 0.000011 0.000008 0.000000 0.052140 0.007067 1.653997
0.940754 0.000017 0.000012 0.000008 0.000000 0.052141 0.007067 1.653999
0.940754 0.000018 0.000012 0.000007 0.000000 0.052140 0.007067 1.654000
0.940755 0.000018 0.000014 0.000007 0.000000 0.052138 0.007067 1.654001
0.940755 0.000018 0.000012 0.000008 0.000000 0.052139 0.007067 1.654003
0.940755 0.000018 0.000013 0.000008 0.000000 0.052139 0.007067 1.654005
0.940754 0.000018 0.000013 0.000007 0.000000 0.052140 0.007067 1.654006
0.940754 0.000017 0.000013 0.000007 0.000000 0.052142 0.007067 1.654007
