0.348571 0.061565 0.055770 0.031895 0.002111 0.494115 0.005974 1.620325
0.351176 0.059182 0.055733 0.031661 0.002112 0.494131 0.006006 1.626247
0.354805 0.056187 0.055504 0.031385 0.002122 0.493970 0.006028 1.631926
0.358895 0.052930 0.055110 0.030885 0.002121 0.494009 0.006051 1.637306
0.363352 0.049603 0.054508 0.030418 0.002102 0.493940 0.006078 1.642394
0.368024 0.046465 0.053752 0.029810 0.002103 0.493743 0.006102 1.647045
0.372668 0.043518 0.052858 0.029173 0.002107 0.493548 0.006129 1.651382
0.377738 0.040489 0.051955 0.028419 0.002107 0.493135 0.006156 1.655538
0.382884 0.037736 0.050880 0.027589 0.002104 0.492627 0.006181 1.659359
0.388041 0.035126 0.049723 0.026832 0.002084 0.491985 0.006210 1.662943
0.393258 0.032741 0.048437 0.026009 0.002065 0.491255 0.006236 1.666209
0.398662 0.030509 0.047083 0.025163 0.002044 0.490277 0.006264 1.669235
0.404013 0.028351 0.045808 0.024307 0.002035 0.489197 0.006288 1.672130
0.409415 0.026323 0.044363 0.023423 0.002003 0.488152 0.006321 1.674846
0.414932 0.024531 0.042933 0.022485 0.002006 0.486768 0.006345 1.677297
0.420387 0.022848 0.041600 0.021626 0.001981 0.485191 0.006368 1.679617
0.425732 0.021243 0.040192 0.020701 0.001958 0.483781 0.006394 1.681807
0.431195 0.019786 0.038764 0.019886 0.001932 0.482012 0.006425 1.683829
0.436628 0.018453 0.037331 0.019069 0.001896 0.480167 0.006454 1.685695
0.442131 0.017245 0.035897 0.018288 0.001874 0.478088 0.006477 1.687427
0.447515 0.016124 0.034502 0.017541 0.001840 0.475982 0.006496 1.689041
0.453059 0.015062 0.033076 0.016794 0.001823 0.473669 0.006516 1.690576
0.458495 0.014057 0.031735 0.016089 0.001785 0.471293 0.006547 1.692022
0.463846 0.013203 0.030436 0.015381 0.001752 0.468806 0.006574 1.693340
0.469237 0.012403 0.029118 0.014686 0.001722 0.466233 0.006600 1.694565
0.474584 0.011642 0.027876 0.014002 0.001689 0.463583 0.006624 1.695738
0.479993 0.010903 0.026658 0.013359 0.001653 0.460783 0.006651 1.696863
0.485321 0.010255 0.025494 0.012694 0.001625 0.457940 0.006672 1.697878
0.490759 0.009650 0.024413 0.012102 0.001594 0.454785 0.006699 1.698858
0.496095 0.009098 0.023357 0.011537 0.001551 0.451642 0.006720 1.699769
0.501350 0.008588 0.022299 0.011018 0.001513 0.448488 0.006745 1.700640
0.506459 0.008129 0.021299 0.010535 0.001477 0.445335 0.006766 1.701445
0.511553 0.007665 0.020417 0.010015 0.001453 0.442114 0.006783 1.702258
0.516736 0.007263 0.019574 0.009504 0.001418 0.438704 0.006801 1.702988
0.521819 0.006843 0.018706 0.009076 0.001400 0.435339 0.006818 1.703709
0.526842 0.006518 0.017810 0.008644 0.001364 0.431988 0.006834 1.704343
0.531888 0.006203 0.017003 0.008237 0.001339 0.428481 0.006848 1.704954
0.536961 0.005899 0.016218 0.007862 0.001319 0.424881 0.006862 1.705553
0.542031 0.005611 0.015472 0.007473 0.001292 0.421243 0.006878 1.706130
0.546843 0.005352 0.014773 0.007106 0.001252 0.417774 0.006899 1.706670
0.551817 0.005116 0.014079 0.006757 0.001221 0.414095 0.006916 1.707153
0.556726 0.004898 0.013399 0.006410 0.001187 0.410446 0.006935 1.707613
0.561633 0.004678 0.012785 0.006099 0.001155 0.406702 0.006948 1.708069
0.566368 0.004467 0.012249 0.005833 0.001129 0.402996 0.006959 1.708530
0.571164 0.004278 0.011698 0.005556 0.001096 0.399232 0.006976 1.708955
0.575928 0.004086 0.011181 0.005301 0.001071 0.395447 0.006985 1.709369
0.580563 0.003910 0.010665 0.005088 0.001042 0.391734 0.006997 1.709784
0.585250 0.003733 0.010163 0.004869 0.001017 0.387958 0.007009 1.710166
0.589820 0.003570 0.009719 0.004643 0.000998 0.384231 0.007018 1.710535
0.594392 0.003437 0.009252 0.004447 0.000956 0.380478 0.007037 1.710874
0.598978 0.003274 0.008860 0.004228 0.000938 0.376676 0.007046 1.711217
0.603470 0.003145 0.008445 0.004058 0.000904 0.372920 0.007059 1.711548
0.607882 0.003019 0.008040 0.003867 0.000889 0.369236 0.007068 1.711862
0.612221 0.002907 0.007686 0.003696 0.000870 0.365539 0.007081 1.712158
0.616583 0.002813 0.007347 0.003508 0.000852 0.361808 0.007088 1.712435
0.620882 0.002702 0.007019 0.003348 0.000838 0.358113 0.007098 1.712718
0.625089 0.002589 0.006717 0.003203 0.000812 0.354488 0.007103 1.712990
0.629352 0.002492 0.006406 0.003057 0.000788 0.350793 0.007113 1.713229
0.633560 0.002410 0.006118 0.002913 0.000762 0.347118 0.007119 1.713464
0.637779 0.002320 0.005881 0.002768 0.000739 0.343381 0.007132 1.713698
0.641906 0.002273 0.005613 0.002661 0.000715 0.339688 0.007143 1.713894
0.645990 0.002206 0.005363 0.002544 0.000692 0.336052 0.007152 1.714119
0.650072 0.002140 0.005132 0.002435 0.000675 0.332385 0.007161 1.714324
0.654109 0.002073 0.004907 0.002316 0.000655 0.328774 0.007168 1.714522
0.658035 0.002022 0.004691 0.002205 0.000637 0.325236 0.007175 1.714712
0.661985 0.001955 0.004498 0.002117 0.000613 0.321644 0.007188 1.714911
0.665814 0.001883 0.004322 0.002028 0.000590 0.318163 0.007200 1.715111
0.669655 0.001823 0.004141 0.001945 0.000570 0.314656 0.007209 1.715296
0.673436 0.001758 0.003996 0.001864 0.000559 0.311171 0.007217 1.715481
0.677191 0.001716 0.003824 0.001777 0.000546 0.307723 0.007223 1.715644
0.680873 0.001679 0.003703 0.001706 0.000528 0.304281 0.007231 1.715807
0.684547 0.001653 0.003539 0.001620 0.000513 0.300886 0.007241 1.715955
0.688121 0.001613 0.003394 0.001556 0.000493 0.297575 0.007247 1.716122
0.691726 0.001562 0.003251 0.001499 0.000483 0.294226 0.007252 1.716288
0.695293 0.001543 0.003121 0.001429 0.000469 0.290888 0.007258 1.716428
0.698764 0.001518 0.002998 0.001374 0.000454 0.287630 0.007262 1.716571
0.702192 0.001482 0.002888 0.001316 0.000438 0.284415 0.007270 1.716721
0.705595 0.001453 0.002801 0.001264 0.000429 0.281182 0.007276 1.716866
0.708892 0.001426 0.002705 0.001226 0.000406 0.278065 0.007281 1.717001
0.712310 0.001390 0.002605 0.001185 0.000392 0.274831 0.007287 1.717135
0.715614 0.001366 0.002526 0.001141 0.000377 0.271685 0.007293 1.717264
0.718823 0.001332 0.002450 0.001096 0.000368 0.268635 0.007298 1.717392
0.722033 0.001317 0.002357 0.001068 0.000352 0.265566 0.007308 1.717511
0.725184 0.001303 0.002300 0.001028 0.000342 0.262532 0.007312 1.717634
0.728425 0.001260 0.002240 0.000998 0.000332 0.259427 0.007320 1.717765
0.731546 0.001231 0.002172 0.000962 0.000314 0.256447 0.007329 1.717889
0.734606 0.001197 0.002110 0.000942 0.000306 0.253509 0.007332 1.718013
0.737688 0.001187 0.002035 0.000897 0.000299 0.250560 0.007335 1.718118
0.740718 0.001163 0.001966 0.000871 0.000283 0.247661 0.007340 1.718234
0.743649 0.001145 0.001888 0.000852 0.000275 0.244848 0.007345 1.718338
0.746577 0.001135 0.001823 0.000830 0.000268 0.242020 0.007348 1.718442
0.749519 0.001101 0.001773 0.000811 0.000261 0.239186 0.007351 1.718557
0.752439 0.001072 0.001718 0.000797 0.000256 0.236367 0.007353 1.718663
0.755381 0.001041 0.001672 0.000780 0.000250 0.233524 0.007354 1.718766
0.758192 0.001030 0.001623 0.000746 0.000238 0.230813 0.007358 1.718859
0.760933 0.001020 0.001576 0.000721 0.000234 0.228157 0.007361 1.718947
0.763732 0.000994 0.001525 0.000697 0.000228 0.225463 0.007363 1.719042
0.766437 0.000979 0.001467 0.000680 0.000223 0.222847 0.007368 1.719132
0.769094 0.000951 0.001423 0.000669 0.000218 0.220276 0.007370 1.719231
0.771750 0.000930 0.001376 0.000649 0.000211 0.217712 0.007373 1.719316
0.774425 0.000901 0.001338 0.000641 0.000203 0.215118 0.007375 1.719415
0.777028 0.000886 0.001293 0.000623 0.000197 0.212595 0.007380 1.719495
0.779594 0.000884 0.001251 0.000602 0.000190 0.210097 0.007383 1.719575
0.782157 0.000883 0.001215 0.000587 0.000183 0.207590 0.007386 1.719655
0.784671 0.000866 0.001183 0.000581 0.000177 0.205135 0.007388 1.719743
0.787131 0.000846 0.001148 0.000568 0.000168 0.202749 0.007391 1.719825
0.789543 0.000853 0.001113 0.000546 0.000163 0.200388 0.007395 1.719896
0.791946 0.000844 0.001094 0.000528 0.000160 0.198032 0.007397 1.719982
0.794345 0.000831 0.001070 0.000523 0.000157 0.195677 0.007397 1.720067
0.796680 0.000816 0.001049 0.000518 0.000151 0.193386 0.007401 1.720141
0.798996 0.000801 0.001027 0.000505 0.000147 0.191122 0.007403 1.720225
0.801304 0.000777 0.001000 0.000494 0.000142 0.188878 0.007404 1.720302
0.803614 0.000779 0.000987 0.000479 0.000138 0.186598 0.007406 1.720369
0.805812 0.000772 0.000957 0.000469 0.000134 0.184449 0.007407 1.720434
0.808043 0.000770 0.000935 0.000460 0.000131 0.182251 0.007409 1.720504
0.810256 0.000757 0.000920 0.000453 0.000129 0.180074 0.007412 1.720583
0.812421 0.000738 0.000901 0.000440 0.000125 0.177961 0.007413 1.720656
0.814606 0.000728 0.000892 0.000429 0.000122 0.175808 0.007415 1.720727
0.816719 0.000729 0.000874 0.000420 0.000120 0.173723 0.007417 1.720789
0.818806 0.000710 0.000858 0.000418 0.000115 0.171674 0.007419 1.720866
0.820853 0.000698 0.000839 0.000406 0.000114 0.169671 0.007420 1.720934
0.822925 0.000687 0.000820 0.000406 0.000109 0.167632 0.007421 1.720998
0.824973 0.000677 0.000808 0.000397 0.000104 0.165619 0.007423 1.721072
0.827005 0.000664 0.000788 0.000382 0.000103 0.163636 0.007424 1.721132
0.828985 0.000641 0.000778 0.000374 0.000101 0.161695 0.007426 1.721202
0.830929 0.000620 0.000768 0.000366 0.000097 0.159792 0.007427 1.721272
0.832847 0.000613 0.000755 0.000357 0.000094 0.157904 0.007430 1.721332
0.834772 0.000611 0.000737 0.000348 0.000090 0.156010 0.007432 1.721392
0.836681 0.000604 0.000735 0.000344 0.000088 0.154115 0.007434 1.721453
0.838569 0.000609 0.000720 0.000341 0.000086 0.152241 0.007435 1.721503
0.840453 0.000598 0.000712 0.000340 0.000083 0.150379 0.007436 1.721560
0.842245 0.000595 0.000693 0.000335 0.000081 0.148614 0.007438 1.721611
0.844035 0.000581 0.000675 0.000329 0.000079 0.146863 0.007438 1.721667
0.845814 0.000576 0.000662 0.000333 0.000076 0.145102 0.007438 1.721724
0.847523 0.000569 0.000654 0.000329 0.000074 0.143415 0.007438 1.721782
0.849223 0.000561 0.000645 0.000327 0.000074 0.141732 0.007438 1.721835
0.850913 0.000545 0.000637 0.000324 0.000070 0.140071 0.007440 1.721902
0.852596 0.000530 0.000625 0.000319 0.000070 0.138420 0.007440 1.721958
0.854305 0.000529 0.000610 0.000308 0.000067 0.136742 0.007441 1.722006
0.855955 0.000519 0.000608 0.000296 0.000065 0.135115 0.007441 1.722058
0.857593 0.000508 0.000600 0.000285 0.000061 0.133510 0.007443 1.722106
0.859179 0.000507 0.000590 0.000285 0.000060 0.131936 0.007444 1.722161
0.860745 0.000490 0.000575 0.000277 0.000058 0.130410 0.007445 1.722213
0.862272 0.000498 0.000564 0.000264 0.000058 0.128899 0.007445 1.722257
0.863759 0.000498 0.000563 0.000262 0.000058 0.127415 0.007446 1.722301
0.865242 0.000495 0.000556 0.000260 0.000056 0.125946 0.007446 1.722348
0.866727 0.000488 0.000547 0.000254 0.000055 0.124481 0.007447 1.722396
0.868187 0.000499 0.000537 0.000249 0.000052 0.123029 0.007448 1.722438
0.869578 0.000493 0.000541 0.000244 0.000051 0.121645 0.007448 1.722489
0.871013 0.000483 0.000537 0.000243 0.000051 0.120225 0.007448 1.722538
0.872431 0.000474 0.000538 0.000243 0.000050 0.118817 0.007448 1.722586
0.873773 0.000479 0.000527 0.000235 0.000049 0.117488 0.007449 1.722632
0.875124 0.000483 0.000524 0.000233 0.000047 0.116141 0.007450 1.722672
0.876431 0.000473 0.000514 0.000234 0.000047 0.114852 0.007450 1.722723
0.877768 0.000469 0.000511 0.000232 0.000047 0.113524 0.007451 1.722766
0.879097 0.000476 0.000507 0.000231 0.000045 0.112193 0.007452 1.722806
0.880417 0.000481 0.000502 0.000229 0.000044 0.110876 0.007452 1.722853
0.881682 0.000474 0.000505 0.000232 0.000044 0.109612 0.007453 1.722906
0.882916 0.000464 0.000501 0.000228 0.000043 0.108397 0.007453 1.722955
0.884150 0.000460 0.000501 0.000231 0.000041 0.107164 0.007454 1.723006
0.885365 0.000454 0.000500 0.000231 0.000040 0.105957 0.007454 1.723050
0.886531 0.000444 0.000499 0.000228 0.000040 0.104805 0.007454 1.723096
0.887702 0.000437 0.000498 0.000233 0.000039 0.103638 0.007455 1.723144
0.888842 0.000445 0.000484 0.000232 0.000036 0.102507 0.007455 1.723181
0.889980 0.000442 0.000476 0.000228 0.000037 0.101385 0.007455 1.723229
0.891124 0.000439 0.000467 0.000223 0.000037 0.100256 0.007455 1.723269
0.892189 0.000424 0.000465 0.000220 0.000036 0.099212 0.007456 1.723321
0.893303 0.000430 0.000463 0.000214 0.000035 0.098101 0.007456 1.723357
0.894338 0.000417 0.000449 0.000218 0.000035 0.097089 0.007456 1.723403
0.895388 0.000410 0.000447 0.000215 0.000034 0.096052 0.007456 1.723443
0.896375 0.000417 0.000439 0.000217 0.000034 0.095064 0.007457 1.723483
0.897366 0.000408 0.000437 0.000214 0.000033 0.094085 0.007458 1.723528
0.898302 0.000405 0.000434 0.000212 0.000033 0.093157 0.007459 1.723568
0.899281 0.000403 0.000433 0.000214 0.000033 0.092178 0.007459 1.723609
0.900209 0.000404 0.000428 0.000213 0.000033 0.091254 0.007459 1.723648
0.901120 0.000406 0.000417 0.000206 0.000034 0.090359 0.007459 1.723682
0.902016 0.000403 0.000419 0.000199 0.000034 0.089471 0.007459 1.723724
0.902879 0.000400 0.000412 0.000197 0.000033 0.088621 0.007459 1.723765
0.903752 0.000399 0.000406 0.000189 0.000033 0.087762 0.007460 1.723802
0.904597 0.000396 0.000403 0.000192 0.000033 0.086920 0.007460 1.723846
0.905421 0.000403 0.000401 0.000191 0.000032 0.086092 0.007460 1.723883
0.906219 0.000407 0.000390 0.000188 0.000032 0.085305 0.007460 1.723918
0.907016 0.000400 0.000399 0.000185 0.000032 0.084507 0.007461 1.723960
0.907802 0.000406 0.000399 0.000180 0.000031 0.083721 0.007461 1.723995
0.908618 0.000404 0.000396 0.000180 0.000029 0.082914 0.007461 1.724032
0.909371 0.000404 0.000398 0.000179 0.000028 0.082159 0.007461 1.724069
0.910120 0.000394 0.000402 0.000173 0.000027 0.081423 0.007461 1.724109
0.910848 0.000398 0.000402 0.000173 0.000027 0.080690 0.007461 1.724146
0.911612 0.000392 0.000405 0.000171 0.000025 0.079934 0.007462 1.724187
0.912320 0.000388 0.000400 0.000172 0.000024 0.079234 0.007463 1.724226
0.913008 0.000397 0.000403 0.000169 0.000025 0.078536 0.007463 1.724261
0.913692 0.000394 0.000404 0.000167 0.000025 0.077855 0.007463 1.724303
0.914342 0.000402 0.000402 0.000167 0.000026 0.077198 0.007463 1.724338
0.914988 0.000397 0.000406 0.000171 0.000025 0.076551 0.007463 1.724380
0.915644 0.000398 0.000402 0.000172 0.000027 0.075894 0.007463 1.724415
0.916259 0.000393 0.000396 0.000172 0.000027 0.075290 0.007463 1.724456
0.916872 0.000384 0.000396 0.000168 0.000027 0.074690 0.007464 1.724492
0.917475 0.000378 0.000398 0.000167 0.000027 0.074092 0.007464 1.724533
0.918058 0.000378 0.000393 0.000174 0.000027 0.073506 0.007464 1.724571
0.918658 0.000382 0.000392 0.000173 0.000025 0.072905 0.007464 1.724607
0.919257 0.000382 0.000393 0.000175 0.000026 0.072303 0.007464 1.724646
0.919824 0.000379 0.000388 0.000178 0.000026 0.071740 0.007465 1.724687
0.920372 0.000372 0.000386 0.000177 0.000026 0.071202 0.007465 1.724729
0.920958 0.000372 0.000385 0.000176 0.000026 0.070618 0.007465 1.724759
0.921516 0.000368 0.000377 0.000174 0.000027 0.070074 0.007465 1.724795
0.922034 0.000359 0.000376 0.000176 0.000027 0.069564 0.007465 1.724838
0.922571 0.000360 0.000371 0.000171 0.000027 0.069035 0.007465 1.724870
0.923086 0.000364 0.000355 0.000165 0.000026 0.068538 0.007465 1.724896
0.923624 0.000362 0.000355 0.000166 0.000024 0.068004 0.007465 1.724933
0.924107 0.000358 0.000354 0.000171 0.000024 0.067521 0.007465 1.724970
0.924579 0.000362 0.000354 0.000174 0.000023 0.067042 0.007466 1.725005
0.925040 0.000359 0.000358 0.000172 0.000022 0.066585 0.007466 1.725042
0.925527 0.000352 0.000360 0.000167 0.000022 0.066106 0.007466 1.725080
0.925969 0.000352 0.000356 0.000165 0.000021 0.065671 0.007466 1.725111
0.926416 0.000358 0.000350 0.000166 0.000020 0.065224 0.007467 1.725136
0.926845 0.000354 0.000345 0.000166 0.000020 0.064804 0.007467 1.725167
0.927299 0.000339 0.000346 0.000172 0.000019 0.064357 0.007468 1.725205
0.927733 0.000327 0.000344 0.000175 0.000018 0.063936 0.007468 1.725243
0.928141 0.000324 0.000342 0.000173 0.000018 0.063535 0.007468 1.725276
0.928534 0.000324 0.000340 0.000172 0.000017 0.063144 0.007468 1.725305
0.928940 0.000323 0.000339 0.000172 0.000015 0.062744 0.007468 1.725339
0.929295 0.000322 0.000336 0.000170 0.000015 0.062393 0.007468 1.725368
0.929661 0.000317 0.000330 0.000172 0.000015 0.062038 0.007468 1.725404
0.930014 0.000321 0.000326 0.000170 0.000014 0.061688 0.007469 1.725437
0.930391 0.000317 0.000327 0.000165 0.000013 0.061317 0.007469 1.725468
0.930746 0.000319 0.000320 0.000165 0.000013 0.060968 0.007469 1.725496
0.931093 0.000328 0.000313 0.000165 0.000013 0.060618 0.007469 1.725523
0.931429 0.000329 0.000318 0.000167 0.000013 0.060276 0.007469 1.725558
0.931763 0.000321 0.000322 0.000172 0.000013 0.059940 0.007469 1.725594
0.932077 0.000331 0.000316 0.000170 0.000013 0.059623 0.007470 1.725622
0.932396 0.000337 0.000310 0.000165 0.000013 0.059310 0.007470 1.725652
0.932701 0.000334 0.000307 0.000159 0.000012 0.059017 0.007471 1.725683
0.933001 0.000318 0.000315 0.000160 0.000012 0.058722 0.007471 1.725725
0.933339 0.000306 0.000312 0.000159 0.000013 0.058401 0.007471 1.725757
0.933644 0.000293 0.000319 0.000157 0.000014 0.058102 0.007471 1.725796
0.933933 0.000296 0.000310 0.000150 0.000015 0.057825 0.007471 1.725817
0.934212 0.000301 0.000298 0.000148 0.000014 0.057556 0.007471 1.725848
0.934487 0.000307 0.000301 0.000147 0.000014 0.057273 0.007471 1.725878
0.934758 0.000305 0.000298 0.000149 0.000013 0.057006 0.007471 1.725909
0.935033 0.000295 0.000302 0.000145 0.000013 0.056742 0.007471 1.725941
0.935290 0.000286 0.000303 0.000142 0.000013 0.056495 0.007471 1.725971
0.935527 0.000298 0.000297 0.000136 0.000014 0.056256 0.007471 1.725991
0.935780 0.000292 0.000301 0.000136 0.000013 0.056006 0.007472 1.726020
0.936015 0.000287 0.000300 0.000136 0.000014 0.055776 0.007472 1.726053
0.936257 0.000288 0.000296 0.000134 0.000014 0.055540 0.007472 1.726080
0.936473 0.000297 0.000289 0.000138 0.000015 0.055318 0.007472 1.726104
0.936725 0.000293 0.000291 0.000142 0.000016 0.055062 0.007472 1.726142
0.936943 0.000289 0.000291 0.000148 0.000016 0.054841 0.007472 1.726175
0.937178 0.000283 0.000290 0.000149 0.000017 0.054612 0.007472 1.726202
0.937412 0.000281 0.000282 0.000146 0.000016 0.054392 0.007472 1.726233
0.937635 0.000287 0.000280 0.000144 0.000017 0.054166 0.007472 1.726260
0.937837 0.000290 0.000279 0.000142 0.000015 0.053964 0.007472 1.726292
0.938020 0.000286 0.000281 0.000140 0.000016 0.053785 0.007472 1.726323
0.938236 0.000282 0.000282 0.000136 0.000016 0.053576 0.007472 1.726354
0.938433 0.000286 0.000282 0.000139 0.000015 0.053373 0.007472 1.726380
0.938632 0.000287 0.000279 0.000135 0.000015 0.053178 0.007472 1.726408
0.938813 0.000296 0.000278 0.000135 0.000015 0.052992 0.007472 1.726431
0.939012 0.000294 0.000278 0.000136 0.000015 0.052792 0.007472 1.726458
0.939191 0.000294 0.000272 0.000134 0.000016 0.052621 0.007472 1.726484
0.939388 0.000290 0.000274 0.000133 0.000016 0.052426 0.007473 1.726515
0.939585 0.000285 0.000275 0.000132 0.000016 0.052235 0.007473 1.726546
0.939745 0.000286 0.000275 0.000133 0.000016 0.052072 0.007473 1.726576
0.939942 0.000279 0.000268 0.000134 0.000014 0.051889 0.007474 1.726603
0.940114 0.000281 0.000268 0.000133 0.000013 0.051718 0.007475 1.726632
0.940288 0.000280 0.000265 0.000130 0.000013 0.051550 0.007475 1.726659
0.940458 0.000284 0.000265 0.000129 0.000013 0.051376 0.007475 1.726687
0.940618 0.000291 0.000270 0.000126 0.000012 0.051208 0.007475 1.726714
0.940792 0.000294 0.000271 0.000127 0.000012 0.051030 0.007475 1.726741
0.940950 0.000295 0.000276 0.000124 0.000011 0.050868 0.007476 1.726773
0.941109 0.000300 0.000277 0.000123 0.000010 0.050704 0.007476 1.726799
0.941284 0.000294 0.000279 0.000119 0.000010 0.050538 0.007476 1.726828
0.941415 0.000300 0.000278 0.000118 0.000009 0.050403 0.007477 1.726853
0.941558 0.000304 0.000278 0.000118 0.000009 0.050257 0.007477 1.726881
0.941710 0.000308 0.000281 0.000116 0.000009 0.050100 0.007477 1.726908
0.941844 0.000311 0.000273 0.000116 0.000008 0.049971 0.007477 1.726935
0.941992 0.000309 0.000280 0.000112 0.000008 0.049823 0.007477 1.726970
0.942120 0.000307 0.000287 0.000119 0.000008 0.049682 0.007477 1.727006
0.942255 0.000308 0.000286 0.000117 0.000008 0.049550 0.007477 1.727036
0.942382 0.000307 0.000286 0.000115 0.000008 0.049425 0.007477 1.727067
0.942507 0.000323 0.000277 0.000114 0.000007 0.049295 0.007477 1.727093
0.942627 0.000315 0.000281 0.000118 0.000007 0.049175 0.007478 1.727131
0.942745 0.000311 0.000279 0.000121 0.000008 0.049058 0.007478 1.727164
0.942854 0.000315 0.000282 0.000121 0.000008 0.048943 0.007478 1.727191
0.942957 0.000318 0.000283 0.000125 0.000009 0.048832 0.007478 1.727221
0.943061 0.000313 0.000287 0.000126 0.000009 0.048727 0.007478 1.727253
0.943176 0.000313 0.000278 0.000127 0.000010 0.048619 0.007478 1.727281
0.943294 0.000311 0.000273 0.000132 0.000009 0.048503 0.007478 1.727315
0.943389 0.000311 0.000269 0.000139 0.000009 0.048404 0.007478 1.727348
0.943492 0.000317 0.000264 0.000139 0.000010 0.048301 0.007478 1.727373
0.943603 0.000314 0.000268 0.000136 0.000011 0.048191 0.007478 1.727405
0.943691 0.000323 0.000274 0.000131 0.000011 0.048093 0.007478 1.727436
0.943793 0.000325 0.000282 0.000130 0.000011 0.047982 0.007478 1.727469
0.943889 0.000323 0.000281 0.000131 0.000012 0.047886 0.007478 1.727501
0.943985 0.000325 0.000284 0.000131 0.000011 0.047786 0.007478 1.727535
0.944083 0.000311 0.000285 0.000139 0.000010 0.047694 0.007478 1.727569
0.944180 0.000323 0.000280 0.000142 0.000009 0.047587 0.007478 1.727592
0.944269 0.000317 0.000277 0.000147 0.000008 0.047503 0.007479 1.727626
0.944348 0.000326 0.000283 0.000139 0.000008 0.047418 0.007479 1.727653
0.944428 0.000321 0.000287 0.000140 0.000009 0.047337 0.007479 1.727688
0.944510 0.000318 0.000290 0.000146 0.000009 0.047249 0.007479 1.727724
0.944584 0.000318 0.000290 0.000152 0.000009 0.047170 0.007479 1.727761
0.944661 0.000323 0.000288 0.000151 0.000008 0.047089 0.007479 1.727791
0.944741 0.000324 0.000284 0.000152 0.000008 0.047012 0.007479 1.727817
0.944817 0.000327 0.000292 0.000149 0.000008 0.046929 0.007479 1.727852
0.944892 0.000330 0.000291 0.000148 0.000008 0.046853 0.007479 1.727879
0.944967 0.000333 0.000291 0.000145 0.000008 0.046778 0.007479 1.727905
0.945026 0.000334 0.000288 0.000147 0.000008 0.046719 0.007479 1.727936
0.945094 0.000339 0.000292 0.000148 0.000008 0.046641 0.007479 1.727968
0.945156 0.000348 0.000296 0.000143 0.000008 0.046571 0.007479 1.727996
0.945232 0.000339 0.000300 0.000143 0.000008 0.046500 0.007479 1.728034
0.945286 0.000346 0.000302 0.000136 0.000007 0.046445 0.007480 1.728064
0.945348 0.000347 0.000295 0.000138 0.000008 0.046384 0.007480 1.728093
0.945407 0.000352 0.000293 0.000139 0.000008 0.046322 0.007480 1.728121
0.945454 0.000354 0.000296 0.000139 0.000009 0.046269 0.007480 1.728158
0.945518 0.000346 0.000300 0.000143 0.000009 0.046206 0.007480 1.728194
0.945559 0.000345 0.000300 0.000145 0.000009 0.046163 0.007480 1.728230
0.945609 0.000343 0.000304 0.000147 0.000009 0.046109 0.007481 1.728269
0.945664 0.000339 0.000307 0.000147 0.000010 0.046052 0.007481 1.728306
0.945724 0.000344 0.000305 0.000145 0.000010 0.045992 0.007481 1.728338
0.945782 0.000339 0.000301 0.000148 0.000010 0.045940 0.007481 1.728376
0.945825 0.000348 0.000296 0.000148 0.000010 0.045894 0.007481 1.728404
0.945885 0.000348 0.000297 0.000148 0.000010 0.045832 0.007481 1.728438
0.945929 0.000357 0.000295 0.000149 0.000010 0.045781 0.007481 1.728464
0.945983 0.000359 0.000297 0.000149 0.000011 0.045722 0.007481 1.728492
0.946027 0.000357 0.000299 0.000150 0.000011 0.045676 0.007482 1.728527
0.946068 0.000354 0.000306 0.000151 0.000011 0.045630 0.007482 1.728566
0.946113 0.000351 0.000308 0.000152 0.000011 0.045584 0.007482 1.728604
0.946146 0.000354 0.000301 0.000153 0.000011 0.045553 0.007482 1.728637
0.946194 0.000353 0.000304 0.000154 0.000012 0.045501 0.007482 1.728670
0.946239 0.000358 0.000300 0.000158 0.000011 0.045451 0.007482 1.728697
0.946285 0.000354 0.000299 0.000157 0.000011 0.045412 0.007482 1.728733
0.946328 0.000352 0.000305 0.000153 0.000010 0.045370 0.007484 1.728767
0.946371 0.000344 0.000297 0.000153 0.000009 0.045343 0.007484 1.728802
0.946406 0.000350 0.000297 0.000152 0.000009 0.045304 0.007484 1.728834
0.946449 0.000345 0.000302 0.000153 0.000009 0.045260 0.007484 1.728871
0.946503 0.000348 0.000304 0.000155 0.000008 0.045200 0.007484 1.728903
0.946540 0.000350 0.000300 0.000157 0.000008 0.045161 0.007484 1.728934
0.946581 0.000347 0.000303 0.000161 0.000007 0.045117 0.007484 1.728973
0.946620 0.000345 0.000302 0.000159 0.000007 0.045083 0.007485 1.729007
0.946665 0.000340 0.000298 0.000159 0.000007 0.045047 0.007485 1.729043
0.946691 0.000340 0.000308 0.000162 0.000007 0.045007 0.007485 1.729081
0.946738 0.000338 0.000311 0.000161 0.000006 0.044961 0.007485 1.729112
0.946765 0.000345 0.000310 0.000158 0.000006 0.044932 0.007485 1.729142
0.946785 0.000340 0.000315 0.000156 0.000006 0.044913 0.007486 1.729175
0.946812 0.000338 0.000315 0.000159 0.000006 0.044886 0.007486 1.729212
0.946852 0.000334 0.000318 0.000161 0.000005 0.044844 0.007486 1.729248
0.946891 0.000331 0.000315 0.000159 0.000006 0.044812 0.007486 1.729277
0.946922 0.000332 0.000313 0.000161 0.000006 0.044780 0.007486 1.729310
0.946951 0.000337 0.000313 0.000163 0.000006 0.044745 0.007486 1.729340
0.946978 0.000340 0.000321 0.000162 0.000006 0.044708 0.007486 1.729378
0.947008 0.000338 0.000325 0.000158 0.000006 0.044680 0.007486 1.729412
0.947043 0.000336 0.000322 0.000156 0.000006 0.044652 0.007486 1.729445
0.947072 0.000341 0.000325 0.000157 0.000006 0.044614 0.007486 1.729478
0.947109 0.000329 0.000330 0.000160 0.000006 0.044581 0.007486 1.729519
0.947132 0.000339 0.000323 0.000156 0.000006 0.044559 0.007486 1.729546
0.947165 0.000339 0.000323 0.000153 0.000006 0.044528 0.007487 1.729580
0.947197 0.000334 0.000319 0.000154 0.000006 0.044503 0.007487 1.729612
0.947218 0.000337 0.000319 0.000153 0.000007 0.044481 0.007487 1.729648
0.947240 0.000340 0.000325 0.000154 0.000007 0.044446 0.007487 1.729681
0.947270 0.000330 0.000326 0.000161 0.000007 0.044418 0.007487 1.729720
0.947298 0.000329 0.000327 0.000160 0.000007 0.044392 0.007488 1.729754
0.947325 0.000333 0.000319 0.000162 0.000008 0.044366 0.007488 1.729782
0.947359 0.000330 0.000316 0.000161 0.000007 0.044338 0.007489 1.729814
0.947387 0.000329 0.000307 0.000167 0.000006 0.044315 0.007490 1.729846
0.947407 0.000330 0.000306 0.000163 0.000006 0.044298 0.007490 1.729876
0.947425 0.000325 0.000310 0.000165 0.000007 0.044279 0.007490 1.729911
0.947445 0.000318 0.000311 0.000167 0.000007 0.044264 0.007490 1.729948
0.947459 0.000308 0.000319 0.000167 0.000007 0.044250 0.007490 1.729989
0.947476 0.000315 0.000324 0.000166 0.000008 0.044222 0.007490 1.730022
0.947490 0.000324 0.000323 0.000164 0.000007 0.044202 0.007490 1.730050
0.947506 0.000329 0.000322 0.000160 0.000007 0.044186 0.007491 1.730080
0.947526 0.000332 0.000316 0.000157 0.000007 0.044172 0.007491 1.730107
0.947541 0.000344 0.000313 0.000154 0.000007 0.044151 0.007491 1.730134
0.947559 0.000344 0.000317 0.000155 0.000007 0.044128 0.007491 1.730170
0.947589 0.000358 0.000306 0.000154 0.000007 0.044095 0.007491 1.730193
0.947598 0.000354 0.000312 0.000162 0.000007 0.044076 0.007491 1.730231
0.947616 0.000347 0.000321 0.000163 0.000007 0.044056 0.007492 1.730276
0.947640 0.000346 0.000323 0.000159 0.000007 0.044034 0.007492 1.730313
0.947644 0.000359 0.000326 0.000157 0.000007 0.044015 0.007492 1.730348
0.947663 0.000355 0.000330 0.000159 0.000006 0.043995 0.007492 1.730384
0.947686 0.000358 0.000323 0.000159 0.000007 0.043976 0.007492 1.730414
0.947709 0.000353 0.000321 0.000165 0.000007 0.043953 0.007492 1.730449
0.947715 0.000360 0.000323 0.000169 0.000007 0.043932 0.007492 1.730484
0.947738 0.000356 0.000329 0.000169 0.000007 0.043910 0.007493 1.730518
0.947752 0.000358 0.000323 0.000162 0.000008 0.043905 0.007493 1.730546
0.947769 0.000355 0.000326 0.000168 0.000008 0.043882 0.007493 1.730586
0.947791 0.000350 0.000330 0.000166 0.000009 0.043862 0.007493 1.730620
0.947793 0.000360 0.000324 0.000162 0.000009 0.043858 0.007493 1.730652
0.947810 0.000363 0.000325 0.000163 0.000010 0.043837 0.007493 1.730680
0.947803 0.000356 0.000333 0.000167 0.000009 0.043839 0.007493 1.730725
0.947814 0.000358 0.000329 0.000167 0.000010 0.043829 0.007493 1.730760
0.947820 0.000358 0.000331 0.000165 0.000009 0.043825 0.007493 1.730798
0.947828 0.000354 0.000337 0.000167 0.000010 0.043811 0.007493 1.730837
0.947828 0.000359 0.000329 0.000164 0.000009 0.043817 0.007494 1.730872
0.947836 0.000364 0.000327 0.000167 0.000009 0.043802 0.007494 1.730911
0.947843 0.000359 0.000336 0.000176 0.000010 0.043783 0.007494 1.730957
0.947837 0.000364 0.000342 0.000170 0.000010 0.043783 0.007494 1.730991
0.947844 0.000367 0.000338 0.000170 0.000010 0.043777 0.007494 1.731025
0.947853 0.000376 0.000331 0.000170 0.000010 0.043767 0.007494 1.731053
0.947860 0.000377 0.000339 0.000168 0.000009 0.043753 0.007494 1.731090
0.947866 0.000378 0.000340 0.000168 0.000010 0.043744 0.007494 1.731129
0.947874 0.000378 0.000336 0.000172 0.000010 0.043736 0.007494 1.731164
0.947881 0.000381 0.000336 0.000170 0.000010 0.043728 0.007494 1.731200
0.947891 0.000382 0.000336 0.000168 0.000011 0.043718 0.007494 1.731235
0.947900 0.000380 0.000341 0.000168 0.000011 0.043706 0.007494 1.731277
0.947911 0.000378 0.000343 0.000174 0.000010 0.043691 0.007494 1.731318
0.947914 0.000374 0.000344 0.000174 0.000010 0.043691 0.007494 1.731359
0.947923 0.000379 0.000338 0.000168 0.000010 0.043686 0.007495 1.731393
0.947936 0.000376 0.000344 0.000171 0.000011 0.043668 0.007495 1.731434
0.947940 0.000385 0.000335 0.000166 0.000010 0.043667 0.007495 1.731464
0.947939 0.000383 0.000340 0.000171 0.000011 0.043662 0.007495 1.731508
0.947946 0.000384 0.000341 0.000175 0.000012 0.043648 0.007495 1.731550
0.947956 0.000386 0.000339 0.000172 0.000012 0.043638 0.007496 1.731582
0.947965 0.000388 0.000334 0.000170 0.000012 0.043636 0.007496 1.731617
0.947967 0.000397 0.000340 0.000164 0.000011 0.043625 0.007496 1.731650
0.947974 0.000387 0.000345 0.000160 0.000012 0.043626 0.007496 1.731696
0.947971 0.000389 0.000345 0.000167 0.000012 0.043620 0.007496 1.731741
0.947977 0.000388 0.000354 0.000173 0.000013 0.043601 0.007496 1.731781
0.947973 0.000388 0.000351 0.000171 0.000012 0.043609 0.007496 1.731819
0.947973 0.000388 0.000352 0.000169 0.000012 0.043610 0.007496 1.731859
0.947982 0.000383 0.000354 0.000169 0.000011 0.043604 0.007497 1.731901
0.947978 0.000391 0.000348 0.000167 0.000011 0.043608 0.007497 1.731943
0.947984 0.000392 0.000346 0.000170 0.000011 0.043603 0.007497 1.731983
0.947989 0.000383 0.000356 0.000172 0.000012 0.043592 0.007497 1.732029
0.947988 0.000379 0.000354 0.000171 0.000013 0.043597 0.007497 1.732072
0.947990 0.000376 0.000350 0.000171 0.000013 0.043603 0.007497 1.732108
0.947998 0.000373 0.000344 0.000175 0.000013 0.043601 0.007497 1.732148
0.947997 0.000388 0.000338 0.000171 0.000015 0.043595 0.007497 1.732174
0.947998 0.000392 0.000329 0.000173 0.000016 0.043595 0.007497 1.732209
0.948006 0.000397 0.000334 0.000173 0.000017 0.043577 0.007497 1.732241
0.948006 0.000390 0.000340 0.000175 0.000017 0.043575 0.007497 1.732285
0.948015 0.000392 0.000338 0.000179 0.000016 0.043563 0.007497 1.732320
0.948014 0.000392 0.000341 0.000173 0.000015 0.043568 0.007497 1.732359
0.948019 0.000391 0.000336 0.000172 0.000016 0.043567 0.007497 1.732398
0.948026 0.000381 0.000337 0.000164 0.000016 0.043580 0.007497 1.732437
0.948022 0.000388 0.000334 0.000158 0.000016 0.043586 0.007497 1.732473
0.948024 0.000383 0.000330 0.000158 0.000015 0.043594 0.007497 1.732507
0.948020 0.000380 0.000332 0.000160 0.000014 0.043596 0.007497 1.732548
0.948030 0.000383 0.000335 0.000158 0.000014 0.043583 0.007497 1.732583
0.948034 0.000385 0.000337 0.000156 0.000014 0.043577 0.007497 1.732622
0.948030 0.000383 0.000340 0.000154 0.000013 0.043583 0.007497 1.732665
0.948025 0.000389 0.000343 0.000152 0.000014 0.043579 0.007497 1.732702
0.948027 0.000391 0.000342 0.000154 0.000014 0.043574 0.007498 1.732741
0.948032 0.000394 0.000336 0.000154 0.000014 0.043572 0.007498 1.732774
0.948029 0.000409 0.000325 0.000155 0.000013 0.043571 0.007498 1.732805
0.948029 0.000408 0.000331 0.000160 0.000014 0.043561 0.007498 1.732846
0.948035 0.000398 0.000338 0.000160 0.000013 0.043559 0.007498 1.732889
0.948037 0.000398 0.000334 0.000161 0.000014 0.043558 0.007498 1.732927
0.948047 0.000398 0.000330 0.000162 0.000014 0.043551 0.007498 1.732961
0.948050 0.000399 0.000323 0.000170 0.000014 0.043546 0.007498 1.733002
0.948058 0.000387 0.000331 0.000169 0.000015 0.043543 0.007498 1.733044
0.948061 0.000383 0.000332 0.000166 0.000015 0.043544 0.007498 1.733083
0.948057 0.000392 0.000324 0.000163 0.000016 0.043550 0.007498 1.733116
0.948056 0.000397 0.000324 0.000162 0.000016 0.043547 0.007499 1.733149
0.948056 0.000391 0.000321 0.000169 0.000017 0.043548 0.007499 1.733191
0.948063 0.000386 0.000328 0.000162 0.000016 0.043545 0.007499 1.733234
0.948072 0.000375 0.000335 0.000161 0.000017 0.043541 0.007499 1.733275
0.948074 0.000383 0.000331 0.000161 0.000017 0.043535 0.007499 1.733304
0.948079 0.000378 0.000334 0.000161 0.000018 0.043532 0.007499 1.733339
0.948077 0.000369 0.000340 0.000163 0.000017 0.043534 0.007500 1.733381
0.948076 0.000369 0.000345 0.000154 0.000017 0.043539 0.007500 1.733412
0.948074 0.000376 0.000342 0.000153 0.000017 0.043540 0.007500 1.733443
0.948082 0.000372 0.000338 0.000151 0.000017 0.043540 0.007500 1.733475
0.948090 0.000359 0.000344 0.000158 0.000017 0.043532 0.007500 1.733521
0.948102 0.000345 0.000353 0.000157 0.000016 0.043527 0.007500 1.733560
0.948115 0.000347 0.000354 0.000156 0.000016 0.043513 0.007500 1.733595
0.948130 0.000342 0.000353 0.000154 0.000015 0.043506 0.007501 1.733628
0.948136 0.000344 0.000352 0.000153 0.000014 0.043499 0.007501 1.733655
0.948145 0.000352 0.000344 0.000153 0.000014 0.043490 0.007501 1.733683
0.948144 0.000348 0.000347 0.000151 0.000013 0.043496 0.007501 1.733720
0.948143 0.000346 0.000343 0.000150 0.000012 0.043505 0.007501 1.733756
0.948149 0.000347 0.000338 0.000151 0.000012 0.043502 0.007501 1.733790
0.948160 0.000344 0.000338 0.000151 0.000011 0.043495 0.007502 1.733822
0.948155 0.000344 0.000341 0.000153 0.000011 0.043494 0.007502 1.733857
0.948159 0.000335 0.000341 0.000160 0.000010 0.043493 0.007502 1.733899
0.948164 0.000346 0.000333 0.000160 0.000010 0.043485 0.007502 1.733920
0.948165 0.000347 0.000327 0.000160 0.000011 0.043488 0.007502 1.733953
0.948170 0.000349 0.000327 0.000157 0.000011 0.043484 0.007502 1.733986
0.948179 0.000345 0.000330 0.000156 0.000010 0.043479 0.007502 1.734021
0.948184 0.000346 0.000324 0.000159 0.000010 0.043476 0.007502 1.734052
0.948183 0.000350 0.000322 0.000155 0.000010 0.043478 0.007503 1.734083
0.948194 0.000339 0.000326 0.000157 0.000010 0.043472 0.007503 1.734122
0.948198 0.000339 0.000326 0.000159 0.000010 0.043466 0.007503 1.734156
0.948198 0.000340 0.000324 0.000157 0.000010 0.043468 0.007503 1.734187
0.948209 0.000331 0.000319 0.000158 0.000009 0.043472 0.007503 1.734221
0.948209 0.000334 0.000321 0.000156 0.000009 0.043468 0.007503 1.734252
0.948206 0.000334 0.000320 0.000161 0.000008 0.043468 0.007504 1.734294
0.948214 0.000335 0.000322 0.000158 0.000008 0.043460 0.007504 1.734325
0.948219 0.000340 0.000316 0.000157 0.000009 0.043457 0.007504 1.734354
0.948230 0.000347 0.000315 0.000156 0.000008 0.043442 0.007504 1.734381
0.948241 0.000341 0.000315 0.000161 0.000008 0.043431 0.007504 1.734419
0.948254 0.000340 0.000309 0.000158 0.000009 0.043427 0.007504 1.734445
0.948256 0.000336 0.000309 0.000155 0.000009 0.043431 0.007504 1.734486
0.948258 0.000344 0.000306 0.000156 0.000009 0.043423 0.007504 1.734514
0.948261 0.000337 0.000310 0.000157 0.000009 0.043422 0.007504 1.734551
0.948266 0.000329 0.000315 0.000156 0.000009 0.043422 0.007505 1.734587
0.948274 0.000328 0.000307 0.000153 0.000009 0.043425 0.007505 1.734619
0.948273 0.000324 0.000310 0.000156 0.000009 0.043423 0.007505 1.734656
0.948272 0.000329 0.000313 0.000153 0.000009 0.043418 0.007505 1.734686
0.948269 0.000331 0.000319 0.000153 0.000010 0.043414 0.007505 1.734724
0.948267 0.000334 0.000322 0.000152 0.000010 0.043411 0.007506 1.734752
0.948273 0.000335 0.000321 0.000150 0.000011 0.043405 0.007506 1.734782
0.948277 0.000330 0.000323 0.000147 0.000011 0.043406 0.007506 1.734813
0.948261 0.000344 0.000324 0.000147 0.000011 0.043408 0.007506 1.734849
0.948264 0.000342 0.000324 0.000148 0.000011 0.043406 0.007506 1.734885
0.948267 0.000334 0.000331 0.000147 0.000011 0.043405 0.007506 1.734923
0.948281 0.000327 0.000322 0.000149 0.000010 0.043404 0.007506 1.734955
0.948289 0.000329 0.000316 0.000149 0.000011 0.043401 0.007506 1.734984
0.948291 0.000326 0.000315 0.000152 0.000010 0.043400 0.007506 1.735016
0.948302 0.000326 0.000316 0.000152 0.000010 0.043388 0.007506 1.735050
0.948319 0.000310 0.000319 0.000155 0.000010 0.043380 0.007506 1.735086
0.948327 0.000304 0.000317 0.000159 0.000010 0.043376 0.007506 1.735120
0.948330 0.000306 0.000318 0.000159 0.000011 0.043370 0.007506 1.735154
0.948334 0.000309 0.000311 0.000157 0.000012 0.043371 0.007506 1.735180
0.948341 0.000306 0.000310 0.000159 0.000012 0.043366 0.007507 1.735212
0.948351 0.000295 0.000309 0.000157 0.000012 0.043369 0.007507 1.735248
0.948355 0.000291 0.000311 0.000160 0.000014 0.043362 0.007507 1.735282
0.948365 0.000296 0.000300 0.000156 0.000014 0.043362 0.007507 1.735308
0.948379 0.000300 0.000294 0.000154 0.000013 0.043352 0.007508 1.735332
0.948383 0.000305 0.000291 0.000149 0.000013 0.043351 0.007508 1.735357
0.948389 0.000306 0.000289 0.000147 0.000013 0.043348 0.007509 1.735386
0.948390 0.000309 0.000284 0.000147 0.000012 0.043348 0.007509 1.735413
0.948391 0.000316 0.000285 0.000142 0.000012 0.043345 0.007509 1.735436
0.948391 0.000310 0.000284 0.000144 0.000012 0.043350 0.007509 1.735471
0.948395 0.000305 0.000292 0.000142 0.000012 0.043345 0.007510 1.735500
0.948396 0.000302 0.000289 0.000145 0.000013 0.043345 0.007510 1.735533
0.948413 0.000297 0.000291 0.000146 0.000013 0.043329 0.007510 1.735561
0.948422 0.000299 0.000288 0.000146 0.000012 0.043323 0.007510 1.735587
0.948421 0.000309 0.000281 0.000146 0.000012 0.043322 0.007510 1.735612
0.948433 0.000295 0.000283 0.000145 0.000012 0.043323 0.007510 1.735648
0.948445 0.000298 0.000283 0.000146 0.000010 0.043307 0.007511 1.735677
0.948458 0.000297 0.000282 0.000146 0.000010 0.043297 0.007511 1.735704
0.948476 0.000291 0.000282 0.000142 0.000010 0.043289 0.007511 1.735732
0.948477 0.000284 0.000285 0.000145 0.000010 0.043288 0.007511 1.735767
0.948481 0.000295 0.000282 0.000144 0.000010 0.043278 0.007511 1.735789
0.948486 0.000294 0.000284 0.000146 0.000010 0.043270 0.007511 1.735824
0.948479 0.000304 0.000282 0.000150 0.000010 0.043262 0.007512 1.735855
0.948488 0.000300 0.000278 0.000150 0.000010 0.043261 0.007512 1.735883
0.948486 0.000299 0.000281 0.000153 0.000010 0.043258 0.007512 1.735917
0.948489 0.000295 0.000286 0.000152 0.000012 0.043255 0.007512 1.735949
0.948495 0.000296 0.000285 0.000151 0.000012 0.043249 0.007512 1.735977
0.948498 0.000297 0.000283 0.000153 0.000011 0.043245 0.007512 1.736008
0.948498 0.000288 0.000288 0.000153 0.000011 0.043250 0.007512 1.736045
0.948500 0.000286 0.000288 0.000156 0.000011 0.043246 0.007512 1.736077
0.948491 0.000294 0.000285 0.000153 0.000010 0.043254 0.007512 1.736105
0.948505 0.000284 0.000292 0.000153 0.000011 0.043242 0.007512 1.736140
0.948511 0.000276 0.000294 0.000159 0.000010 0.043238 0.007512 1.736175
0.948515 0.000278 0.000292 0.000157 0.000010 0.043237 0.007512 1.736201
0.948518 0.000282 0.000287 0.000153 0.000010 0.043239 0.007512 1.736226
0.948522 0.000286 0.000287 0.000148 0.000010 0.043235 0.007513 1.736253
0.948525 0.000289 0.000289 0.000144 0.000009 0.043232 0.007513 1.736279
0.948524 0.000290 0.000289 0.000140 0.000009 0.043235 0.007513 1.736304
0.948525 0.000291 0.000290 0.000141 0.000009 0.043231 0.007513 1.736333
0.948519 0.000297 0.000287 0.000146 0.000009 0.043230 0.007513 1.736362
0.948520 0.000295 0.000284 0.000149 0.000008 0.043231 0.007513 1.736393
