0.347155 0.062409 0.055640 0.032123 0.002077 0.494549 0.006048 1.620746
0.348420 0.061263 0.055525 0.031964 0.002080 0.494672 0.006078 1.626789
0.350169 0.059887 0.055378 0.031730 0.002095 0.494639 0.006102 1.632659
0.352228 0.058377 0.055110 0.031487 0.002096 0.494573 0.006129 1.638377
0.354352 0.056717 0.054859 0.031257 0.002086 0.494576 0.006154 1.644070
0.356549 0.055242 0.054460 0.031010 0.002089 0.494474 0.006177 1.649521
0.358869 0.053692 0.054047 0.030732 0.002090 0.494373 0.006198 1.654887
0.361394 0.052188 0.053572 0.030452 0.002080 0.494093 0.006222 1.660127
0.363929 0.050788 0.052979 0.030002 0.002071 0.493982 0.006248 1.665104
0.366547 0.049475 0.052298 0.029677 0.002061 0.493665 0.006277 1.669977
0.369306 0.048101 0.051688 0.029240 0.002059 0.493305 0.006300 1.674768
0.372021 0.046805 0.051080 0.028788 0.002052 0.492932 0.006323 1.679434
0.374730 0.045645 0.050477 0.028364 0.002042 0.492396 0.006346 1.683959
0.377519 0.044510 0.049732 0.027942 0.002046 0.491883 0.006370 1.688434
0.380402 0.043433 0.049043 0.027452 0.002026 0.491249 0.006395 1.692767
0.383153 0.042467 0.048375 0.027008 0.002011 0.490567 0.006419 1.696984
0.386128 0.041482 0.047639 0.026621 0.002005 0.489686 0.006440 1.701179
0.389023 0.040610 0.046880 0.026198 0.001978 0.488843 0.006467 1.705251
0.392001 0.039914 0.046065 0.025745 0.001971 0.487814 0.006491 1.709110
0.394901 0.039206 0.045319 0.025314 0.001969 0.486782 0.006510 1.712983
0.397934 0.038456 0.044583 0.024844 0.001957 0.485694 0.006534 1.716789
0.400994 0.037811 0.043841 0.024377 0.001960 0.484455 0.006562 1.720508
0.403905 0.037191 0.043086 0.023971 0.001958 0.483310 0.006580 1.724228
0.407013 0.036500 0.042383 0.023622 0.001926 0.481946 0.006610 1.727868
0.409988 0.035938 0.041645 0.023180 0.001924 0.480690 0.006636 1.731427
0.413028 0.035417 0.041025 0.022759 0.001920 0.479190 0.006661 1.734951
0.416019 0.034843 0.040362 0.022419 0.001907 0.477762 0.006688 1.738427
0.418950 0.034484 0.039648 0.022059 0.001895 0.476256 0.006708 1.741819
0.421960 0.034209 0.038961 0.021647 0.001876 0.474615 0.006733 1.745109
0.424885 0.033848 0.038329 0.021343 0.001851 0.472988 0.006755 1.748450
0.427810 0.033505 0.037761 0.021020 0.001828 0.471304 0.006772 1.751779
0.430793 0.033194 0.037119 0.020718 0.001813 0.469570 0.006794 1.755040
0.433641 0.032904 0.036522 0.020440 0.001788 0.467885 0.006821 1.758313
0.436382 0.032693 0.036026 0.020101 0.001763 0.466190 0.006845 1.761514
0.439195 0.032408 0.035613 0.019838 0.001733 0.464347 0.006867 1.764767
0.442095 0.032139 0.035154 0.019586 0.001706 0.462432 0.006887 1.767959
0.444891 0.031931 0.034629 0.019362 0.001685 0.460593 0.006909 1.771084
0.447681 0.031775 0.034179 0.019106 0.001660 0.458663 0.006937 1.774198
0.450433 0.031629 0.033758 0.018898 0.001655 0.456676 0.006952 1.777329
0.453081 0.031457 0.033410 0.018702 0.001644 0.454732 0.006973 1.780488
0.455802 0.031357 0.033020 0.018413 0.001632 0.452783 0.006993 1.783557
0.458404 0.031284 0.032636 0.018244 0.001612 0.450804 0.007016 1.786637
0.461059 0.031212 0.032277 0.018090 0.001594 0.448729 0.007040 1.789704
0.463684 0.031167 0.031903 0.017881 0.001573 0.446730 0.007061 1.792701
0.466315 0.031079 0.031580 0.017696 0.001552 0.444698 0.007082 1.795722
0.468921 0.030895 0.031303 0.017582 0.001531 0.442663 0.007105 1.798866
0.471423 0.030899 0.030989 0.017439 0.001511 0.440615 0.007125 1.801924
0.473899 0.030833 0.030732 0.017297 0.001489 0.438612 0.007139 1.804979
0.476276 0.030924 0.030480 0.017096 0.001478 0.436590 0.007156 1.807982
0.478689 0.030889 0.030283 0.017045 0.001466 0.434453 0.007177 1.811048
0.481125 0.030827 0.030141 0.016922 0.001461 0.432334 0.007190 1.814103
0.483443 0.030884 0.029923 0.016808 0.001444 0.430290 0.007208 1.817126
0.485606 0.031020 0.029772 0.016674 0.001421 0.428281 0.007227 1.820169
0.487830 0.031142 0.029529 0.016589 0.001411 0.426258 0.007241 1.823137
0.489992 0.031228 0.029459 0.016510 0.001372 0.424176 0.007264 1.826217
0.492206 0.031292 0.029346 0.016416 0.001356 0.422101 0.007284 1.829285
0.494246 0.031440 0.029246 0.016331 0.001337 0.420100 0.007300 1.832323
0.496331 0.031535 0.029087 0.016284 0.001315 0.418129 0.007319 1.835370
0.498242 0.031704 0.028992 0.016230 0.001301 0.416195 0.007337 1.838459
0.500282 0.031724 0.028975 0.016177 0.001292 0.414196 0.007355 1.841625
0.502119 0.031897 0.028934 0.016143 0.001287 0.412251 0.007368 1.844754
0.503866 0.032065 0.028827 0.016058 0.001269 0.410530 0.007385 1.847850
0.505655 0.032258 0.028697 0.016092 0.001259 0.408639 0.007400 1.850971
0.507269 0.032481 0.028775 0.016104 0.001240 0.406713 0.007417 1.854155
0.509131 0.032584 0.028803 0.016044 0.001233 0.404772 0.007434 1.857301
0.510866 0.032751 0.028723 0.016106 0.001225 0.402877 0.007451 1.860495
0.512487 0.032923 0.028804 0.016097 0.001215 0.401007 0.007468 1.863705
0.514063 0.033015 0.028902 0.016188 0.001207 0.399140 0.007485 1.867016
0.515546 0.033158 0.029015 0.016170 0.001201 0.397410 0.007501 1.870302
0.517075 0.033354 0.029004 0.016147 0.001198 0.395698 0.007523 1.873558
0.518502 0.033474 0.029097 0.016205 0.001183 0.393999 0.007540 1.876881
0.519942 0.033637 0.029120 0.016248 0.001172 0.392324 0.007555 1.880189
0.521328 0.033876 0.029098 0.016211 0.001158 0.390757 0.007573 1.883446
0.522710 0.034083 0.029159 0.016270 0.001149 0.389041 0.007590 1.886757
0.523882 0.034380 0.029182 0.016304 0.001147 0.387504 0.007603 1.890084
0.525094 0.034493 0.029281 0.016384 0.001139 0.385997 0.007614 1.893551
0.526313 0.034652 0.029356 0.016430 0.001139 0.384481 0.007629 1.896936
0.527463 0.034881 0.029378 0.016464 0.001140 0.383033 0.007642 1.900336
0.528514 0.035088 0.029499 0.016541 0.001131 0.381566 0.007661 1.903815
0.529561 0.035288 0.029658 0.016565 0.001119 0.380136 0.007674 1.907269
0.530678 0.035461 0.029741 0.016595 0.001124 0.378714 0.007687 1.910731
0.531632 0.035706 0.029888 0.016648 0.001121 0.377304 0.007700 1.914299
0.532685 0.035824 0.030041 0.016748 0.001112 0.375879 0.007712 1.917829
0.533637 0.036058 0.030185 0.016828 0.001114 0.374451 0.007728 1.921360
0.534666 0.036145 0.030359 0.016902 0.001104 0.373082 0.007741 1.924974
0.535621 0.036356 0.030459 0.017012 0.001108 0.371690 0.007754 1.928555
0.536366 0.036688 0.030506 0.017107 0.001110 0.370456 0.007768 1.932100
0.537106 0.036996 0.030622 0.017132 0.001109 0.369251 0.007785 1.935639
0.537877 0.037225 0.030750 0.017134 0.001106 0.368110 0.007799 1.939253
0.538660 0.037451 0.030825 0.017188 0.001105 0.366962 0.007810 1.942857
0.539324 0.037722 0.031012 0.017266 0.001105 0.365750 0.007823 1.946544
0.540032 0.037941 0.031095 0.017352 0.001104 0.364638 0.007838 1.950188
0.540591 0.038145 0.031272 0.017452 0.001098 0.363594 0.007848 1.953946
0.541162 0.038376 0.031420 0.017582 0.001094 0.362507 0.007860 1.957718
0.541845 0.038426 0.031603 0.017748 0.001101 0.361406 0.007871 1.961548
0.542456 0.038614 0.031744 0.017842 0.001100 0.360359 0.007885 1.965310
0.542977 0.038870 0.031905 0.017870 0.001102 0.359378 0.007898 1.969053
0.543391 0.039156 0.032026 0.017965 0.001101 0.358453 0.007907 1.972849
0.543780 0.039330 0.032210 0.018088 0.001099 0.357574 0.007919 1.976777
0.544185 0.039496 0.032392 0.018199 0.001089 0.356705 0.007933 1.980670
0.544508 0.039711 0.032667 0.018289 0.001088 0.355787 0.007951 1.984544
0.545041 0.039873 0.032815 0.018337 0.001079 0.354891 0.007965 1.988368
0.545282 0.040087 0.032965 0.018423 0.001077 0.354191 0.007977 1.992295
0.545703 0.040166 0.033149 0.018485 0.001077 0.353429 0.007991 1.996263
0.545996 0.040390 0.033236 0.018574 0.001072 0.352726 0.008006 2.000176
0.546228 0.040502 0.033396 0.018730 0.001073 0.352052 0.008019 2.004197
0.546534 0.040646 0.033577 0.018834 0.001078 0.351293 0.008038 2.008161
0.546887 0.040746 0.033709 0.018943 0.001075 0.350590 0.008051 2.012141
0.547109 0.040950 0.033885 0.018984 0.001075 0.349936 0.008062 2.016101
0.547435 0.041095 0.034016 0.019050 0.001081 0.349248 0.008077 2.020076
0.547670 0.041211 0.034153 0.019121 0.001090 0.348669 0.008087 2.024107
0.547828 0.041341 0.034277 0.019185 0.001089 0.348178 0.008102 2.028133
0.547943 0.041444 0.034470 0.019271 0.001098 0.347666 0.008109 2.032250
0.548163 0.041469 0.034650 0.019323 0.001100 0.347174 0.008120 2.036302
0.548312 0.041648 0.034732 0.019405 0.001108 0.346660 0.008135 2.040334
0.548471 0.041827 0.034750 0.019505 0.001117 0.346188 0.008143 2.044334
0.548687 0.041790 0.034960 0.019540 0.001113 0.345758 0.008154 2.048515
0.548769 0.041764 0.035133 0.019586 0.001118 0.345465 0.008165 2.052714
0.548909 0.041798 0.035270 0.019642 0.001120 0.345081 0.008181 2.056807
0.549029 0.041894 0.035422 0.019642 0.001121 0.344697 0.008195 2.060894
0.549123 0.041994 0.035529 0.019664 0.001129 0.344351 0.008210 2.064953
0.549319 0.042027 0.035635 0.019731 0.001139 0.343925 0.008225 2.069084
0.549246 0.042203 0.035695 0.019771 0.001145 0.343702 0.008238 2.073209
0.549421 0.042219 0.035733 0.019895 0.001151 0.343332 0.008251 2.077311
0.549359 0.042370 0.035839 0.019919 0.001156 0.343094 0.008264 2.081426
0.549510 0.042451 0.035955 0.019907 0.001158 0.342734 0.008284 2.085513
0.549575 0.042543 0.036034 0.020003 0.001163 0.342385 0.008296 2.089707
0.549666 0.042495 0.036137 0.020094 0.001161 0.342140 0.008308 2.093913
0.549687 0.042596 0.036206 0.020210 0.001161 0.341818 0.008323 2.098091
0.549716 0.042562 0.036350 0.020331 0.001142 0.341559 0.008339 2.102321
0.549826 0.042593 0.036395 0.020453 0.001146 0.341239 0.008349 2.106454
0.549983 0.042457 0.036465 0.020534 0.001148 0.341047 0.008368 2.110649
0.550052 0.042493 0.036559 0.020544 0.001156 0.340820 0.008377 2.114811
0.550262 0.042395 0.036613 0.020584 0.001152 0.340596 0.008398 2.119020
0.550399 0.042409 0.036732 0.020550 0.001165 0.340336 0.008409 2.123172
0.550442 0.042535 0.036751 0.020493 0.001187 0.340174 0.008420 2.127232
0.550558 0.042513 0.036733 0.020541 0.001194 0.340033 0.008429 2.131392
0.550616 0.042535 0.036785 0.020527 0.001202 0.339895 0.008442 2.135563
0.550661 0.042556 0.036825 0.020543 0.001192 0.339764 0.008459 2.139696
0.550738 0.042582 0.036917 0.020557 0.001193 0.339539 0.008475 2.143870
0.550836 0.042405 0.037073 0.020610 0.001199 0.339386 0.008492 2.148159
0.551041 0.042419 0.036996 0.020627 0.001196 0.339214 0.008507 2.152278
0.551175 0.042359 0.036977 0.020657 0.001199 0.339116 0.008518 2.156429
0.551327 0.042298 0.036947 0.020717 0.001217 0.338961 0.008533 2.160573
0.551481 0.042332 0.036979 0.020746 0.001224 0.338693 0.008545 2.164678
0.551696 0.042231 0.036954 0.020786 0.001222 0.338552 0.008561 2.168853
0.552019 0.042152 0.036913 0.020789 0.001229 0.338323 0.008576 2.172960
0.552234 0.042002 0.036963 0.020782 0.001227 0.338195 0.008596 2.177122
0.552481 0.041973 0.036998 0.020762 0.001228 0.337949 0.008610 2.181211
0.552706 0.041922 0.036983 0.020717 0.001219 0.337826 0.008627 2.185342
0.552855 0.041850 0.036932 0.020724 0.001216 0.337779 0.008645 2.189422
0.552963 0.041841 0.036979 0.020700 0.001216 0.337644 0.008658 2.193545
0.553072 0.041814 0.037013 0.020658 0.001208 0.337560 0.008675 2.197601
0.553273 0.041784 0.036996 0.020643 0.001209 0.337406 0.008689 2.201667
0.553311 0.041786 0.037050 0.020647 0.001208 0.337298 0.008700 2.205729
0.553476 0.041767 0.036984 0.020657 0.001207 0.337195 0.008714 2.209752
0.553685 0.041719 0.036934 0.020680 0.001206 0.337050 0.008728 2.213813
0.553962 0.041582 0.036897 0.020600 0.001211 0.337002 0.008746 2.217915
0.554188 0.041496 0.036967 0.020547 0.001214 0.336825 0.008763 2.221999
0.554366 0.041374 0.036952 0.020595 0.001211 0.336720 0.008781 2.226119
0.554560 0.041311 0.036943 0.020572 0.001212 0.336606 0.008796 2.230191
0.554710 0.041227 0.036956 0.020577 0.001220 0.336504 0.008807 2.234285
0.554860 0.041275 0.036885 0.020510 0.001235 0.336416 0.008818 2.238290
0.555032 0.041216 0.036917 0.020528 0.001232 0.336238 0.008838 2.242386
0.555190 0.041141 0.036900 0.020523 0.001235 0.336156 0.008856 2.246485
0.555411 0.041094 0.036849 0.020424 0.001230 0.336119 0.008873 2.250480
0.555673 0.041011 0.036742 0.020374 0.001232 0.336077 0.008890 2.254472
0.555878 0.040891 0.036704 0.020387 0.001226 0.336008 0.008906 2.258512
0.556209 0.040869 0.036664 0.020381 0.001231 0.335727 0.008920 2.262474
0.556304 0.040862 0.036631 0.020407 0.001227 0.335634 0.008933 2.266482
0.556560 0.040813 0.036612 0.020385 0.001218 0.335462 0.008950 2.270490
0.556740 0.040854 0.036568 0.020290 0.001215 0.335367 0.008965 2.274442
0.556973 0.040879 0.036486 0.020259 0.001210 0.335212 0.008981 2.278391
0.557114 0.041007 0.036480 0.020269 0.001220 0.334915 0.008994 2.282351
0.557368 0.040975 0.036446 0.020245 0.001217 0.334737 0.009012 2.286336
0.557601 0.040946 0.036427 0.020217 0.001216 0.334565 0.009028 2.290353
0.557914 0.040880 0.036456 0.020180 0.001216 0.334311 0.009043 2.294366
0.558220 0.040703 0.036392 0.020196 0.001210 0.334218 0.009060 2.298395
0.558403 0.040663 0.036328 0.020183 0.001218 0.334129 0.009077 2.302439
0.558615 0.040591 0.036264 0.020193 0.001221 0.334026 0.009090 2.306423
0.558811 0.040571 0.036202 0.020210 0.001227 0.333876 0.009104 2.310388
0.559006 0.040573 0.036193 0.020191 0.001240 0.333682 0.009116 2.314369
0.559078 0.040631 0.036104 0.020147 0.001239 0.333668 0.009133 2.318344
0.559232 0.040609 0.036006 0.020156 0.001231 0.333619 0.009147 2.322300
0.559380 0.040661 0.036038 0.020090 0.001230 0.333442 0.009159 2.326236
0.559513 0.040677 0.035965 0.020052 0.001236 0.333385 0.009171 2.330210
0.559792 0.040594 0.036007 0.020056 0.001244 0.333118 0.009189 2.334192
0.559976 0.040583 0.036002 0.020021 0.001240 0.332975 0.009203 2.338160
0.560364 0.040508 0.036049 0.020021 0.001234 0.332608 0.009216 2.342114
0.560444 0.040567 0.035959 0.020001 0.001236 0.332563 0.009230 2.346052
0.560654 0.040576 0.035986 0.019908 0.001228 0.332404 0.009246 2.350033
0.560755 0.040607 0.035866 0.019947 0.001226 0.332340 0.009259 2.353938
0.561013 0.040495 0.035855 0.019986 0.001216 0.332155 0.009281 2.357912
0.561061 0.040565 0.035884 0.020030 0.001209 0.331956 0.009294 2.361913
0.561114 0.040613 0.035848 0.020050 0.001211 0.331856 0.009309 2.365906
0.561382 0.040531 0.035793 0.020039 0.001208 0.331723 0.009323 2.369853
0.561515 0.040536 0.035700 0.020062 0.001213 0.331641 0.009334 2.373750
0.561748 0.040461 0.035740 0.020019 0.001219 0.331465 0.009349 2.377732
0.561996 0.040421 0.035738 0.019965 0.001228 0.331290 0.009361 2.381679
0.562231 0.040368 0.035753 0.020000 0.001231 0.331047 0.009371 2.385654
0.562407 0.040338 0.035817 0.019998 0.001225 0.330825 0.009391 2.389622
0.562575 0.040300 0.035858 0.019990 0.001226 0.330644 0.009407 2.393655
0.562607 0.040469 0.035827 0.019946 0.001218 0.330505 0.009427 2.397580
0.562844 0.040441 0.035839 0.019898 0.001232 0.330306 0.009439 2.401534
0.563096 0.040453 0.035798 0.019901 0.001221 0.330074 0.009457 2.405479
0.563299 0.040392 0.035815 0.019868 0.001216 0.329938 0.009470 2.409487
0.563609 0.040329 0.035704 0.019911 0.001212 0.329751 0.009484 2.413386
0.563823 0.040367 0.035669 0.019811 0.001217 0.329611 0.009503 2.417267
0.563992 0.040400 0.035726 0.019797 0.001221 0.329347 0.009518 2.421200
0.564115 0.040441 0.035741 0.019825 0.001209 0.329134 0.009536 2.425205
0.564345 0.040413 0.035731 0.019834 0.001201 0.328922 0.009554 2.429134
0.564516 0.040426 0.035694 0.019772 0.001203 0.328819 0.009570 2.433075
0.564670 0.040433 0.035717 0.019751 0.001194 0.328650 0.009586 2.437019
0.564847 0.040358 0.035750 0.019811 0.001198 0.328433 0.009602 2.441020
0.564968 0.040375 0.035687 0.019742 0.001186 0.328428 0.009616 2.444943
0.565141 0.040366 0.035757 0.019688 0.001193 0.328224 0.009632 2.448906
0.565262 0.040388 0.035683 0.019689 0.001187 0.328140 0.009650 2.452839
0.565391 0.040375 0.035697 0.019747 0.001185 0.327943 0.009663 2.456840
0.565609 0.040274 0.035679 0.019738 0.001188 0.327829 0.009683 2.460824
0.565739 0.040420 0.035639 0.019662 0.001191 0.327649 0.009700 2.464651
0.565766 0.040448 0.035674 0.019672 0.001202 0.327525 0.009713 2.468619
0.566009 0.040390 0.035691 0.019624 0.001198 0.327354 0.009735 2.472572
0.566248 0.040240 0.035711 0.019627 0.001188 0.327232 0.009753 2.476580
0.566350 0.040304 0.035741 0.019534 0.001191 0.327112 0.009768 2.480500
0.566512 0.040207 0.035770 0.019558 0.001190 0.326982 0.009782 2.484486
0.566742 0.040061 0.035875 0.019530 0.001200 0.326801 0.009792 2.488471
0.566864 0.040085 0.035844 0.019545 0.001197 0.326657 0.009808 2.492408
0.566938 0.040095 0.035836 0.019574 0.001199 0.326538 0.009819 2.496378
0.567116 0.040087 0.035818 0.019539 0.001196 0.326406 0.009839 2.500300
0.567270 0.040167 0.035810 0.019474 0.001193 0.326232 0.009855 2.504241
0.567328 0.040224 0.035740 0.019452 0.001191 0.326197 0.009869 2.508141
0.567411 0.040225 0.035739 0.019534 0.001190 0.326012 0.009889 2.512141
0.567577 0.040328 0.035710 0.019476 0.001191 0.325819 0.009900 2.515984
0.567767 0.040252 0.035756 0.019568 0.001179 0.325565 0.009915 2.519948
0.567927 0.040249 0.035736 0.019557 0.001184 0.325417 0.009931 2.523894
0.568097 0.040175 0.035738 0.019555 0.001187 0.325304 0.009944 2.527898
0.568239 0.040224 0.035714 0.019531 0.001191 0.325143 0.009960 2.531803
0.568421 0.040199 0.035697 0.019538 0.001191 0.324983 0.009971 2.535730
0.568472 0.040164 0.035641 0.019634 0.001182 0.324922 0.009984 2.539729
0.568549 0.040168 0.035654 0.019637 0.001185 0.324808 0.009999 2.543687
0.568740 0.040073 0.035677 0.019562 0.001194 0.324748 0.010007 2.547655
0.568874 0.040188 0.035529 0.019563 0.001184 0.324639 0.010023 2.551513
0.568997 0.040120 0.035598 0.019525 0.001182 0.324542 0.010035 2.555493
0.569048 0.040224 0.035594 0.019491 0.001191 0.324401 0.010053 2.559432
0.569204 0.040243 0.035584 0.019488 0.001188 0.324223 0.010069 2.563374
0.569215 0.040253 0.035660 0.019477 0.001191 0.324119 0.010085 2.567376
0.569267 0.040235 0.035684 0.019531 0.001175 0.324005 0.010104 2.571363
0.569280 0.040310 0.035661 0.019519 0.001172 0.323936 0.010123 2.575262
0.569431 0.040303 0.035652 0.019544 0.001170 0.323766 0.010136 2.579210
0.569474 0.040376 0.035697 0.019557 0.001177 0.323574 0.010146 2.583168
0.569545 0.040341 0.035774 0.019501 0.001175 0.323496 0.010168 2.587106
0.569627 0.040465 0.035678 0.019499 0.001174 0.323374 0.010183 2.590979
0.569599 0.040557 0.035692 0.019511 0.001165 0.323274 0.010203 2.594931
0.569628 0.040627 0.035702 0.019531 0.001172 0.323125 0.010215 2.598895
0.569671 0.040571 0.035774 0.019573 0.001167 0.323017 0.010228 2.602921
0.569741 0.040582 0.035752 0.019536 0.001166 0.322979 0.010244 2.606865
0.569819 0.040564 0.035784 0.019561 0.001167 0.322849 0.010255 2.610819
0.569818 0.040586 0.035805 0.019578 0.001165 0.322777 0.010270 2.614856
0.569784 0.040671 0.035750 0.019587 0.001159 0.322761 0.010288 2.618770
0.569929 0.040676 0.035768 0.019610 0.001162 0.322554 0.010301 2.622747
0.570022 0.040680 0.035813 0.019672 0.001159 0.322338 0.010317 2.626741
0.570187 0.040437 0.035904 0.019692 0.001157 0.322294 0.010330 2.630861
0.570255 0.040448 0.035841 0.019743 0.001153 0.322217 0.010344 2.634879
0.570305 0.040484 0.035768 0.019721 0.001152 0.322213 0.010358 2.638769
0.570399 0.040534 0.035752 0.019732 0.001155 0.322056 0.010374 2.642694
0.570491 0.040535 0.035773 0.019702 0.001168 0.321949 0.010382 2.646681
0.570413 0.040520 0.035839 0.019771 0.001177 0.321884 0.010396 2.650726
0.570541 0.040529 0.035857 0.019819 0.001169 0.321672 0.010414 2.654694
0.570527 0.040622 0.035848 0.019806 0.001176 0.321594 0.010427 2.658656
0.570441 0.040743 0.035910 0.019771 0.001176 0.321517 0.010443 2.662622
0.570449 0.040740 0.035921 0.019746 0.001183 0.321509 0.010452 2.666612
0.570419 0.040772 0.036012 0.019700 0.001194 0.321440 0.010462 2.670649
0.570324 0.040835 0.036118 0.019723 0.001201 0.321321 0.010478 2.674669
0.570348 0.040807 0.036092 0.019689 0.001214 0.321359 0.010491 2.678714
0.570431 0.040839 0.036069 0.019634 0.001214 0.321308 0.010505 2.682692
0.570372 0.040820 0.036077 0.019677 0.001205 0.321335 0.010514 2.686715
0.570428 0.040823 0.036155 0.019673 0.001199 0.321195 0.010527 2.690719
0.570472 0.040888 0.036198 0.019630 0.001183 0.321084 0.010545 2.694695
0.570401 0.040947 0.036236 0.019673 0.001172 0.321014 0.010559 2.698670
0.570354 0.041015 0.036245 0.019706 0.001180 0.320929 0.010572 2.702685
0.570411 0.041016 0.036248 0.019710 0.001168 0.320859 0.010589 2.706674
0.570425 0.040951 0.036287 0.019700 0.001173 0.320863 0.010601 2.710745
0.570363 0.040932 0.036363 0.019688 0.001173 0.320865 0.010616 2.714747
0.570439 0.040921 0.036404 0.019677 0.001180 0.320749 0.010630 2.718767
0.570425 0.040918 0.036435 0.019655 0.001194 0.320732 0.010641 2.722818
0.570439 0.040795 0.036462 0.019715 0.001184 0.320750 0.010656 2.726929
0.570462 0.040715 0.036529 0.019690 0.001175 0.320756 0.010672 2.731002
0.570547 0.040667 0.036508 0.019758 0.001171 0.320663 0.010687 2.735039
0.570561 0.040628 0.036494 0.019762 0.001174 0.320676 0.010706 2.739069
0.570568 0.040697 0.036472 0.019835 0.001169 0.320537 0.010723 2.743068
0.570618 0.040698 0.036466 0.019781 0.001168 0.320530 0.010740 2.747042
0.570645 0.040715 0.036408 0.019772 0.001172 0.320536 0.010752 2.751038
0.570553 0.040793 0.036375 0.019771 0.001178 0.320568 0.010763 2.755054
0.570494 0.040793 0.036419 0.019779 0.001180 0.320554 0.010782 2.759079
0.570490 0.040771 0.036522 0.019811 0.001174 0.320433 0.010799 2.763164
0.570441 0.040873 0.036498 0.019742 0.001182 0.320450 0.010814 2.767074
0.570502 0.040827 0.036515 0.019733 0.001186 0.320409 0.010829 2.771113
0.570426 0.040944 0.036525 0.019735 0.001189 0.320341 0.010841 2.775084
0.570453 0.041007 0.036470 0.019706 0.001182 0.320322 0.010861 2.779063
0.570390 0.040951 0.036535 0.019707 0.001183 0.320362 0.010873 2.783141
0.570299 0.040964 0.036498 0.019763 0.001182 0.320410 0.010884 2.787151
0.570386 0.040855 0.036463 0.019825 0.001192 0.320382 0.010897 2.791254
0.570414 0.040841 0.036443 0.019849 0.001209 0.320334 0.010911 2.795269
0.570310 0.040868 0.036422 0.019891 0.001213 0.320367 0.010929 2.799284
0.570425 0.040837 0.036427 0.019881 0.001222 0.320269 0.010940 2.803286
0.570448 0.040782 0.036406 0.019882 0.001217 0.320314 0.010951 2.807273
0.570540 0.040772 0.036318 0.019917 0.001220 0.320263 0.010970 2.811253
0.570518 0.040842 0.036252 0.019829 0.001222 0.320353 0.010985 2.815200
0.570424 0.040936 0.036169 0.019839 0.001222 0.320412 0.010999 2.819174
0.570385 0.040940 0.036131 0.019842 0.001219 0.320470 0.011013 2.823175
0.570336 0.040996 0.036101 0.019839 0.001220 0.320482 0.011028 2.827111
0.570381 0.041007 0.036103 0.019789 0.001223 0.320458 0.011040 2.831087
0.570344 0.040975 0.036132 0.019813 0.001208 0.320475 0.011055 2.835132
0.570329 0.040937 0.036173 0.019833 0.001208 0.320455 0.011066 2.839156
0.570310 0.040898 0.036159 0.019852 0.001191 0.320506 0.011084 2.843189
0.570312 0.040852 0.036149 0.019807 0.001190 0.320595 0.011096 2.847184
0.570326 0.040861 0.036155 0.019865 0.001183 0.320498 0.011114 2.851177
0.570342 0.040697 0.036222 0.019827 0.001190 0.320596 0.011128 2.855250
0.570402 0.040766 0.036180 0.019767 0.001190 0.320556 0.011140 2.859156
0.570348 0.040808 0.036140 0.019737 0.001192 0.320627 0.011149 2.863121
0.570435 0.040720 0.036210 0.019755 0.001187 0.320529 0.011165 2.867141
0.570475 0.040646 0.036263 0.019747 0.001179 0.320503 0.011188 2.871164
0.570530 0.040551 0.036260 0.019733 0.001180 0.320544 0.011203 2.875156
0.570628 0.040497 0.036353 0.019759 0.001178 0.320371 0.011215 2.879152
0.570600 0.040570 0.036284 0.019732 0.001169 0.320417 0.011229 2.883086
0.570608 0.040476 0.036351 0.019697 0.001164 0.320460 0.011244 2.887081
0.570700 0.040437 0.036373 0.019733 0.001173 0.320328 0.011257 2.891073
0.570746 0.040390 0.036301 0.019753 0.001162 0.320375 0.011274 2.895067
0.570893 0.040342 0.036246 0.019739 0.001146 0.320345 0.011289 2.899019
0.570992 0.040307 0.036151 0.019741 0.001140 0.320365 0.011302 2.902958
0.571039 0.040289 0.036134 0.019731 0.001150 0.320337 0.011320 2.906889
0.571165 0.040214 0.036071 0.019722 0.001146 0.320348 0.011333 2.910832
0.571304 0.040237 0.036000 0.019696 0.001141 0.320271 0.011352 2.914737
0.571371 0.040327 0.036008 0.019642 0.001144 0.320141 0.011366 2.918654
0.571517 0.040281 0.036011 0.019655 0.001145 0.320008 0.011383 2.922646
0.571519 0.040198 0.036079 0.019696 0.001151 0.319965 0.011392 2.926693
0.571549 0.040249 0.036012 0.019691 0.001151 0.319948 0.011401 2.930630
0.571584 0.040244 0.035987 0.019667 0.001162 0.319946 0.011412 2.934590
0.571622 0.040343 0.036000 0.019603 0.001162 0.319842 0.011427 2.938507
0.571707 0.040306 0.036027 0.019625 0.001165 0.319728 0.011442 2.942496
0.571764 0.040232 0.036095 0.019673 0.001160 0.319619 0.011456 2.946566
0.571791 0.040217 0.035994 0.019677 0.001162 0.319687 0.011472 2.950538
0.571808 0.040245 0.036007 0.019663 0.001154 0.319640 0.011484 2.954492
0.571824 0.040316 0.035986 0.019653 0.001162 0.319564 0.011496 2.958409
0.571901 0.040275 0.036002 0.019578 0.001161 0.319575 0.011508 2.962401
0.571950 0.040315 0.036021 0.019559 0.001165 0.319469 0.011521 2.966338
0.571828 0.040433 0.035999 0.019534 0.001167 0.319509 0.011531 2.970226
0.571744 0.040486 0.035982 0.019559 0.001161 0.319525 0.011544 2.974175
0.571620 0.040538 0.035997 0.019574 0.001144 0.319568 0.011559 2.978165
0.571740 0.040490 0.035981 0.019609 0.001151 0.319457 0.011572 2.982138
0.571644 0.040547 0.035978 0.019553 0.001157 0.319535 0.011585 2.986081
0.571646 0.040496 0.035991 0.019581 0.001146 0.319540 0.011600 2.990089
0.571656 0.040442 0.036054 0.019535 0.001140 0.319553 0.011620 2.994047
0.571696 0.040387 0.036073 0.019561 0.001140 0.319510 0.011634 2.998041
0.571645 0.040491 0.036008 0.019588 0.001142 0.319481 0.011645 3.001977
0.571615 0.040418 0.036107 0.019584 0.001139 0.319477 0.011659 3.006063
0.571725 0.040307 0.036080 0.019553 0.001141 0.319518 0.011675 3.010048
0.571757 0.040320 0.036118 0.019546 0.001136 0.319431 0.011691 3.014059
0.571627 0.040415 0.036068 0.019534 0.001131 0.319525 0.011701 3.017997
0.571738 0.040406 0.036015 0.019532 0.001128 0.319465 0.011714 3.021906
0.571860 0.040345 0.036019 0.019610 0.001128 0.319311 0.011728 3.025875
0.572001 0.040343 0.035955 0.019634 0.001122 0.319202 0.011743 3.029773
0.572135 0.040307 0.036017 0.019630 0.001134 0.319021 0.011756 3.033721
0.572256 0.040285 0.036003 0.019629 0.001125 0.318937 0.011766 3.037645
0.572223 0.040279 0.035994 0.019646 0.001129 0.318951 0.011780 3.041663
0.572238 0.040185 0.036111 0.019706 0.001130 0.318837 0.011793 3.045749
0.572274 0.040242 0.036039 0.019724 0.001134 0.318780 0.011807 3.049690
0.572304 0.040280 0.036023 0.019709 0.001132 0.318735 0.011818 3.053603
0.572278 0.040299 0.035987 0.019754 0.001132 0.318719 0.011832 3.057562
0.572368 0.040340 0.035911 0.019772 0.001135 0.318630 0.011844 3.061467
0.572398 0.040393 0.035886 0.019793 0.001131 0.318535 0.011864 3.065421
0.572354 0.040489 0.035869 0.019800 0.001129 0.318484 0.011875 3.069325
0.572381 0.040457 0.035896 0.019860 0.001122 0.318395 0.011890 3.073348
0.572411 0.040392 0.035933 0.019884 0.001127 0.318348 0.011906 3.077376
0.572336 0.040448 0.035978 0.019897 0.001131 0.318287 0.011924 3.081370
0.572379 0.040413 0.035915 0.019898 0.001139 0.318325 0.011933 3.085367
0.572478 0.040375 0.035931 0.019854 0.001144 0.318275 0.011945 3.089344
0.572466 0.040423 0.035900 0.019787 0.001142 0.318325 0.011957 3.093265
0.572445 0.040436 0.035979 0.019763 0.001153 0.318257 0.011968 3.097247
0.572488 0.040491 0.036007 0.019786 0.001135 0.318109 0.011985 3.101163
0.572476 0.040567 0.035885 0.019782 0.001144 0.318149 0.011997 3.105075
0.572582 0.040411 0.035937 0.019813 0.001138 0.318111 0.012008 3.109093
0.572531 0.040379 0.035893 0.019865 0.001142 0.318170 0.012020 3.113142
0.572429 0.040462 0.035847 0.019829 0.001142 0.318257 0.012032 3.117062
0.572462 0.040413 0.035868 0.019799 0.001146 0.318263 0.012050 3.121031
0.572584 0.040338 0.035867 0.019752 0.001155 0.318241 0.012063 3.125004
0.572613 0.040459 0.035762 0.019709 0.001156 0.318223 0.012079 3.128825
0.572468 0.040480 0.035837 0.019730 0.001154 0.318234 0.012098 3.132848
0.572460 0.040507 0.035753 0.019739 0.001156 0.318276 0.012109 3.136790
0.572522 0.040512 0.035750 0.019723 0.001164 0.318209 0.012120 3.140722
0.572468 0.040562 0.035820 0.019759 0.001166 0.318095 0.012131 3.144731
0.572594 0.040457 0.035777 0.019742 0.001170 0.318114 0.012145 3.148708
0.572569 0.040485 0.035753 0.019742 0.001172 0.318119 0.012160 3.152667
0.572537 0.040431 0.035809 0.019719 0.001176 0.318155 0.012173 3.156674
0.572584 0.040333 0.035770 0.019766 0.001182 0.318179 0.012185 3.160681
0.572681 0.040272 0.035726 0.019804 0.001184 0.318135 0.012199 3.164658
0.572690 0.040274 0.035666 0.019821 0.001175 0.318162 0.012213 3.168586
0.572675 0.040282 0.035590 0.019811 0.001179 0.318232 0.012231 3.172549
0.572734 0.040270 0.035646 0.019730 0.001192 0.318185 0.012243 3.176480
0.572763 0.040310 0.035664 0.019685 0.001188 0.318132 0.012258 3.180415
0.572788 0.040351 0.035659 0.019665 0.001179 0.318088 0.012271 3.184361
0.572810 0.040284 0.035736 0.019738 0.001183 0.317968 0.012281 3.188374
0.572844 0.040220 0.035709 0.019767 0.001181 0.317978 0.012302 3.192320
0.572857 0.040309 0.035701 0.019732 0.001186 0.317899 0.012317 3.196215
0.572945 0.040244 0.035679 0.019779 0.001193 0.317830 0.012329 3.200193
0.572904 0.040315 0.035601 0.019715 0.001193 0.317924 0.012348 3.204095
0.572909 0.040342 0.035653 0.019693 0.001192 0.317848 0.012363 3.208039
0.573001 0.040297 0.035692 0.019663 0.001183 0.317791 0.012373 3.211973
0.573048 0.040285 0.035661 0.019667 0.001187 0.317765 0.012388 3.215924
0.573081 0.040292 0.035679 0.019654 0.001175 0.317721 0.012399 3.219855
0.573078 0.040348 0.035640 0.019607 0.001177 0.317735 0.012415 3.223743
0.573147 0.040361 0.035588 0.019575 0.001172 0.317727 0.012430 3.227659
0.573173 0.040371 0.035543 0.019617 0.001167 0.317679 0.012449 3.231571
0.573091 0.040418 0.035614 0.019670 0.001172 0.317569 0.012466 3.235577
0.573103 0.040349 0.035569 0.019775 0.001178 0.317552 0.012474 3.239590
0.573118 0.040308 0.035634 0.019746 0.001183 0.317523 0.012488 3.243595
0.573131 0.040375 0.035627 0.019724 0.001181 0.317463 0.012499 3.247549
0.573127 0.040440 0.035647 0.019750 0.001178 0.317346 0.012511 3.251465
0.573129 0.040465 0.035600 0.019696 0.001178 0.317407 0.012526 3.255377
0.572944 0.040502 0.035689 0.019734 0.001172 0.317419 0.012543 3.259401
0.573010 0.040467 0.035707 0.019770 0.001177 0.317312 0.012557 3.263354
0.573026 0.040457 0.035670 0.019770 0.001189 0.317315 0.012573 3.267304
0.573177 0.040411 0.035673 0.019757 0.001185 0.317211 0.012585 3.271250
0.573076 0.040392 0.035756 0.019815 0.001175 0.317185 0.012602 3.275316
0.573063 0.040422 0.035663 0.019869 0.001186 0.317188 0.012610 3.279273
0.573088 0.040503 0.035718 0.019823 0.001187 0.317061 0.012619 3.283182
0.573113 0.040489 0.035736 0.019811 0.001184 0.317032 0.012635 3.287138
0.573069 0.040539 0.035768 0.019776 0.001187 0.317012 0.012649 3.291079
0.573057 0.040554 0.035854 0.019719 0.001189 0.316966 0.012661 3.295094
0.572839 0.040571 0.035918 0.019718 0.001200 0.317086 0.012668 3.299143
0.572728 0.040656 0.035919 0.019720 0.001203 0.317090 0.012684 3.303148
0.572674 0.040581 0.035887 0.019729 0.001202 0.317227 0.012700 3.307140
0.572648 0.040562 0.035903 0.019695 0.001208 0.317271 0.012713 3.311141
0.572511 0.040689 0.035922 0.019727 0.001201 0.317223 0.012727 3.315076
0.572470 0.040707 0.035932 0.019752 0.001199 0.317195 0.012746 3.319041
0.572303 0.040702 0.035952 0.019784 0.001190 0.317306 0.012764 3.323063
0.572268 0.040760 0.035921 0.019782 0.001197 0.317291 0.012782 3.327028
0.572211 0.040781 0.035941 0.019808 0.001195 0.317266 0.012799 3.330991
0.572233 0.040821 0.035952 0.019754 0.001195 0.317236 0.012809 3.334916
0.572229 0.040795 0.035954 0.019758 0.001189 0.317255 0.012821 3.338886
0.572189 0.040777 0.035924 0.019788 0.001186 0.317298 0.012839 3.342874
0.572227 0.040733 0.035976 0.019772 0.001191 0.317245 0.012857 3.346833
0.572199 0.040736 0.035935 0.019826 0.001190 0.317244 0.012871 3.350866
0.572204 0.040731 0.035953 0.019831 0.001201 0.317197 0.012883 3.354875
0.572187 0.040704 0.035938 0.019811 0.001203 0.317257 0.012900 3.358862
0.572217 0.040731 0.035944 0.019859 0.001203 0.317136 0.012911 3.362833
0.572190 0.040765 0.035933 0.019842 0.001207 0.317142 0.012921 3.366770
0.572285 0.040648 0.035916 0.019923 0.001194 0.317097 0.012938 3.370809
0.572238 0.040635 0.035943 0.019939 0.001182 0.317109 0.012953 3.374816
0.572191 0.040708 0.035877 0.019911 0.001179 0.317167 0.012968 3.378743
0.572103 0.040807 0.035890 0.019912 0.001173 0.317133 0.012983 3.382722
0.572066 0.040820 0.035866 0.019904 0.001167 0.317182 0.012995 3.386711
0.572092 0.040864 0.035871 0.019883 0.001170 0.317108 0.013011 3.390699
0.572065 0.040786 0.035899 0.019876 0.001165 0.317186 0.013024 3.394727
0.571983 0.040778 0.035979 0.019830 0.001166 0.317231 0.013034 3.398810
0.572070 0.040671 0.036026 0.019890 0.001161 0.317133 0.013049 3.402819
0.572011 0.040640 0.036029 0.019833 0.001164 0.317262 0.013061 3.406764
0.571974 0.040672 0.036060 0.019798 0.001167 0.317255 0.013074 3.410715
0.571980 0.040664 0.036089 0.019796 0.001176 0.317208 0.013088 3.414744
0.571883 0.040724 0.036140 0.019814 0.001181 0.317159 0.013099 3.418758
0.571931 0.040726 0.036150 0.019792 0.001180 0.317111 0.013110 3.422710
0.571817 0.040836 0.036066 0.019748 0.001171 0.317237 0.013125 3.426581
0.571674 0.040926 0.036148 0.019651 0.001172 0.317286 0.013143 3.430557
0.571623 0.040960 0.036100 0.019666 0.001162 0.317331 0.013158 3.434554
0.571578 0.040914 0.036109 0.019696 0.001158 0.317377 0.013169 3.438558
0.571485 0.040975 0.036050 0.019725 0.001157 0.317432 0.013177 3.442563
0.571404 0.040922 0.036061 0.019729 0.001166 0.317526 0.013192 3.446622
0.571400 0.040980 0.036011 0.019725 0.001164 0.317515 0.013206 3.450563
0.571298 0.041118 0.036028 0.019742 0.001158 0.317433 0.013223 3.454490
0.571197 0.041078 0.036075 0.019707 0.001154 0.317556 0.013234 3.458505
0.571234 0.041005 0.036069 0.019722 0.001152 0.317569 0.013250 3.462542
0.571199 0.040968 0.036041 0.019764 0.001150 0.317614 0.013265 3.466534
0.571152 0.040909 0.036034 0.019773 0.001161 0.317695 0.013276 3.470595
0.571167 0.040840 0.036058 0.019783 0.001155 0.317707 0.013290 3.474607
0.571237 0.040796 0.036090 0.019757 0.001167 0.317647 0.013306 3.478583
0.571250 0.040880 0.036044 0.019716 0.001166 0.317620 0.013325 3.482528
0.571268 0.040825 0.036034 0.019773 0.001159 0.317601 0.013340 3.486541
0.571253 0.040823 0.035965 0.019801 0.001150 0.317651 0.013356 3.490494
0.571309 0.040729 0.035989 0.019827 0.001146 0.317624 0.013374 3.494496
0.571310 0.040712 0.035985 0.019814 0.001140 0.317646 0.013393 3.498494
0.571356 0.040584 0.036033 0.019878 0.001148 0.317596 0.013406 3.502536
0.571382 0.040529 0.036063 0.019879 0.001156 0.317575 0.013416 3.506527
0.571562 0.040456 0.036039 0.019889 0.001142 0.317477 0.013435 3.510511
0.571628 0.040513 0.035957 0.019866 0.001135 0.317449 0.013452 3.514391
0.571707 0.040475 0.035933 0.019848 0.001134 0.317438 0.013465 3.518332
0.571726 0.040450 0.035954 0.019816 0.001135 0.317439 0.013480 3.522281
0.571694 0.040467 0.035942 0.019753 0.001144 0.317507 0.013493 3.526223
0.571695 0.040406 0.035937 0.019731 0.001156 0.317569 0.013506 3.530208
0.571706 0.040350 0.035890 0.019724 0.001150 0.317657 0.013523 3.534182
0.571750 0.040353 0.035827 0.019732 0.001151 0.317655 0.013532 3.538129
0.571732 0.040306 0.035887 0.019831 0.001144 0.317551 0.013549 3.542179
0.571640 0.040376 0.035849 0.019825 0.001138 0.317603 0.013568 3.546064
0.571757 0.040280 0.035897 0.019805 0.001142 0.317540 0.013579 3.550043
0.571724 0.040273 0.035891 0.019880 0.001131 0.317506 0.013596 3.554030
0.571688 0.040357 0.035777 0.019810 0.001138 0.317623 0.013608 3.557922
0.571760 0.040274 0.035746 0.019840 0.001142 0.317621 0.013617 3.561864
0.571782 0.040275 0.035786 0.019783 0.001153 0.317596 0.013626 3.565805
0.571799 0.040293 0.035729 0.019790 0.001148 0.317603 0.013638 3.569743
0.571850 0.040349 0.035718 0.019748 0.001144 0.317538 0.013653 3.573658
0.571914 0.040242 0.035724 0.019794 0.001141 0.317520 0.013666 3.577643
0.571947 0.040163 0.035732 0.019781 0.001145 0.317550 0.013681 3.581668
0.572091 0.040057 0.035787 0.019811 0.001156 0.317404 0.013694 3.585643
0.572123 0.040152 0.035741 0.019705 0.001155 0.317414 0.013712 3.589501
0.572099 0.040106 0.035689 0.019677 0.001167 0.317539 0.013726 3.593454
0.572178 0.040111 0.035677 0.019675 0.001170 0.317449 0.013740 3.597377
0.572147 0.040152 0.035619 0.019642 0.001171 0.317516 0.013754 3.601264
0.572284 0.040145 0.035625 0.019581 0.001170 0.317429 0.013767 3.605115
0.572259 0.040198 0.035660 0.019570 0.001183 0.317350 0.013780 3.609025
0.572363 0.040157 0.035626 0.019575 0.001192 0.317295 0.013792 3.612985
0.572417 0.040202 0.035560 0.019593 0.001189 0.317230 0.013810 3.616847
0.572458 0.040211 0.035555 0.019651 0.001170 0.317129 0.013826 3.620838
0.572497 0.040144 0.035575 0.019618 0.001160 0.317165 0.013842 3.624769
0.572495 0.040112 0.035614 0.019507 0.001159 0.317258 0.013855 3.628667
0.572434 0.040165 0.035700 0.019509 0.001151 0.317171 0.013870 3.632578
0.572485 0.040137 0.035786 0.019475 0.001152 0.317085 0.013881 3.636569
0.572514 0.040171 0.035782 0.019451 0.001159 0.317031 0.013893 3.640502
0.572479 0.040200 0.035766 0.019454 0.001153 0.317040 0.013907 3.644414
0.572556 0.040162 0.035769 0.019480 0.001150 0.316961 0.013923 3.648327
0.572635 0.040187 0.035696 0.019465 0.001153 0.316930 0.013933 3.652231
0.572637 0.040227 0.035674 0.019455 0.001155 0.316906 0.013948 3.656151
0.572705 0.040172 0.035695 0.019501 0.001159 0.316807 0.013961 3.660126
0.572816 0.040139 0.035696 0.019527 0.001160 0.316686 0.013977 3.664085
0.572825 0.040090 0.035695 0.019536 0.001165 0.316700 0.013990 3.668042
0.572802 0.040024 0.035748 0.019570 0.001157 0.316695 0.014004 3.672067
0.572911 0.039906 0.035720 0.019586 0.001163 0.316696 0.014020 3.676043
0.572853 0.040063 0.035586 0.019549 0.001166 0.316747 0.014036 3.679832
0.572836 0.040002 0.035623 0.019518 0.001161 0.316812 0.014049 3.683800
0.572855 0.040003 0.035628 0.019508 0.001155 0.316790 0.014061 3.687704
0.572760 0.040143 0.035589 0.019508 0.001147 0.316775 0.014078 3.691592
0.572860 0.040121 0.035550 0.019518 0.001149 0.316713 0.014089 3.695485
0.572920 0.040063 0.035619 0.019540 0.001158 0.316600 0.014099 3.699424
0.572952 0.040074 0.035614 0.019507 0.001156 0.316583 0.014114 3.703304
0.573028 0.040070 0.035650 0.019538 0.001148 0.316443 0.014123 3.707243
0.573027 0.040057 0.035669 0.019534 0.001142 0.316431 0.014141 3.711203
0.573117 0.040056 0.035672 0.019558 0.001142 0.316304 0.014152 3.715131
0.573084 0.040110 0.035589 0.019579 0.001139 0.316331 0.014167 3.718998
0.573195 0.040020 0.035554 0.019591 0.001157 0.316300 0.014185 3.722941
0.573115 0.040061 0.035583 0.019598 0.001160 0.316289 0.014195 3.726851
0.573211 0.040044 0.035573 0.019605 0.001163 0.316196 0.014208 3.730777
0.573208 0.040146 0.035508 0.019541 0.001161 0.316212 0.014225 3.734601
0.573255 0.040147 0.035602 0.019503 0.001160 0.316094 0.014240 3.738535
0.573331 0.040139 0.035609 0.019500 0.001153 0.316015 0.014252 3.742454
0.573440 0.040028 0.035618 0.019524 0.001140 0.315982 0.014268 3.746434
0.573421 0.039988 0.035674 0.019461 0.001140 0.316036 0.014279 3.750385
0.573403 0.040007 0.035690 0.019520 0.001144 0.315942 0.014292 3.754320
0.573480 0.040071 0.035629 0.019521 0.001162 0.315835 0.014303 3.758160
0.573573 0.040060 0.035657 0.019506 0.001155 0.315732 0.014317 3.762111
0.573531 0.040048 0.035708 0.019534 0.001159 0.315691 0.014328 3.766125
0.573506 0.040045 0.035667 0.019578 0.001162 0.315701 0.014341 3.770072
0.573599 0.039983 0.035658 0.019588 0.001165 0.315653 0.014355 3.774047
0.573605 0.040001 0.035659 0.019643 0.001171 0.315549 0.014372 3.778019
0.573655 0.040001 0.035640 0.019709 0.001168 0.315439 0.014388 3.781964
0.573645 0.039983 0.035663 0.019674 0.001172 0.315459 0.014404 3.785896
0.573553 0.040066 0.035628 0.019612 0.001178 0.315546 0.014418 3.789806
0.573546 0.040082 0.035561 0.019610 0.001193 0.315582 0.014425 3.793736
