0.347282 0.062197 0.056034 0.031880 0.002081 0.494532 0.005994 1.620095
0.349356 0.060180 0.056025 0.031787 0.002081 0.494552 0.006019 1.626198
0.351997 0.057777 0.055915 0.031489 0.002089 0.494687 0.006046 1.632003
0.355254 0.055231 0.055500 0.031105 0.002086 0.494746 0.006077 1.637483
0.358745 0.052655 0.055024 0.030700 0.002080 0.494692 0.006104 1.642787
0.362555 0.049993 0.054475 0.030229 0.002075 0.494539 0.006134 1.647869
0.366431 0.047369 0.053811 0.029697 0.002082 0.494456 0.006154 1.652735
0.370470 0.044968 0.053061 0.029154 0.002059 0.494104 0.006184 1.657291
0.374723 0.042608 0.052132 0.028599 0.002067 0.493663 0.006207 1.661629
0.378967 0.040446 0.051185 0.027972 0.002061 0.493133 0.006235 1.665697
0.383291 0.038455 0.050143 0.027248 0.002059 0.492549 0.006255 1.669518
0.387699 0.036558 0.049101 0.026534 0.002055 0.491773 0.006280 1.673172
0.392052 0.034763 0.047896 0.025848 0.002029 0.491101 0.006312 1.676697
0.396525 0.033107 0.046669 0.025116 0.002017 0.490221 0.006344 1.679997
0.400998 0.031551 0.045500 0.024375 0.001976 0.489224 0.006377 1.683163
0.405526 0.030043 0.044317 0.023635 0.001952 0.488119 0.006408 1.686206
0.409999 0.028729 0.043031 0.022888 0.001939 0.486982 0.006432 1.689068
0.414628 0.027409 0.041927 0.022225 0.001923 0.485426 0.006462 1.691865
0.419210 0.026265 0.040715 0.021477 0.001907 0.483939 0.006488 1.694443
0.423790 0.025120 0.039512 0.020831 0.001882 0.482354 0.006512 1.696994
0.428353 0.024078 0.038310 0.020157 0.001858 0.480707 0.006536 1.699391
0.432957 0.023121 0.037130 0.019514 0.001843 0.478881 0.006555 1.701696
0.437582 0.022263 0.036025 0.018866 0.001822 0.476862 0.006581 1.703884
0.442263 0.021447 0.034839 0.018252 0.001794 0.474800 0.006606 1.706005
0.446951 0.020706 0.033815 0.017623 0.001768 0.472506 0.006631 1.708038
0.451621 0.019971 0.032747 0.017065 0.001748 0.470195 0.006653 1.710032
0.456272 0.019273 0.031703 0.016511 0.001713 0.467851 0.006679 1.711990
0.460771 0.018720 0.030663 0.016005 0.001685 0.465455 0.006700 1.713814
0.465372 0.018081 0.029745 0.015524 0.001668 0.462895 0.006714 1.715635
0.470086 0.017508 0.028758 0.015005 0.001649 0.460254 0.006740 1.717371
0.474743 0.016985 0.027902 0.014547 0.001626 0.457435 0.006761 1.719067
0.479243 0.016487 0.027026 0.014128 0.001597 0.454736 0.006783 1.720702
0.483747 0.016043 0.026196 0.013657 0.001563 0.451986 0.006809 1.722283
0.488194 0.015588 0.025399 0.013249 0.001541 0.449202 0.006826 1.723839
0.492539 0.015218 0.024616 0.012815 0.001515 0.446457 0.006841 1.725328
0.496926 0.014854 0.023845 0.012412 0.001491 0.443607 0.006865 1.726807
0.501377 0.014579 0.023130 0.012034 0.001470 0.440524 0.006886 1.728225
0.505721 0.014266 0.022422 0.011665 0.001443 0.437581 0.006903 1.729643
0.510090 0.014002 0.021724 0.011301 0.001406 0.434556 0.006921 1.731007
0.514328 0.013746 0.021118 0.010991 0.001367 0.431512 0.006938 1.732373
0.518628 0.013479 0.020472 0.010651 0.001346 0.428473 0.006952 1.733715
0.522913 0.013249 0.019929 0.010325 0.001325 0.425289 0.006971 1.734995
0.527221 0.013040 0.019360 0.010016 0.001295 0.422079 0.006989 1.736254
0.531538 0.012864 0.018802 0.009715 0.001276 0.418802 0.007002 1.737504
0.535689 0.012686 0.018274 0.009446 0.001244 0.415641 0.007021 1.738710
0.539862 0.012501 0.017775 0.009177 0.001219 0.412422 0.007044 1.739933
0.543970 0.012328 0.017259 0.008944 0.001199 0.409241 0.007059 1.741111
0.548124 0.012094 0.016828 0.008719 0.001177 0.405984 0.007075 1.742329
0.552242 0.011923 0.016402 0.008496 0.001162 0.402690 0.007087 1.743493
0.556187 0.011823 0.016031 0.008280 0.001144 0.399436 0.007101 1.744629
0.560191 0.011723 0.015696 0.008081 0.001118 0.396077 0.007114 1.745747
0.564071 0.011570 0.015397 0.007955 0.001103 0.392781 0.007124 1.746923
0.567921 0.011395 0.015077 0.007811 0.001087 0.389575 0.007133 1.748078
0.571812 0.011302 0.014767 0.007656 0.001066 0.386249 0.007149 1.749187
0.575622 0.011141 0.014493 0.007483 0.001045 0.383053 0.007164 1.750329
0.579408 0.011019 0.014177 0.007356 0.001030 0.379835 0.007175 1.751445
0.583159 0.010980 0.013931 0.007194 0.001006 0.376539 0.007190 1.752513
0.586812 0.010879 0.013651 0.007050 0.000984 0.373419 0.007204 1.753603
0.590468 0.010855 0.013371 0.006863 0.000966 0.370261 0.007217 1.754602
0.594146 0.010766 0.013171 0.006734 0.000942 0.367016 0.007225 1.755678
0.597717 0.010714 0.012958 0.006613 0.000927 0.363833 0.007238 1.756773
0.601250 0.010637 0.012740 0.006485 0.000910 0.360731 0.007248 1.757838
0.604785 0.010571 0.012516 0.006373 0.000896 0.357606 0.007255 1.758884
0.608212 0.010564 0.012310 0.006287 0.000868 0.354490 0.007270 1.759927
0.611613 0.010504 0.012159 0.006162 0.000852 0.351426 0.007284 1.760985
0.615014 0.010465 0.011967 0.006086 0.000829 0.348343 0.007297 1.762032
0.618375 0.010409 0.011763 0.005990 0.000813 0.345345 0.007305 1.763078
0.621729 0.010369 0.011611 0.005946 0.000795 0.342237 0.007314 1.764131
0.625004 0.010327 0.011467 0.005880 0.000786 0.339216 0.007321 1.765161
0.628206 0.010289 0.011323 0.005824 0.000768 0.336258 0.007333 1.766182
0.631418 0.010305 0.011247 0.005741 0.000750 0.333201 0.007339 1.767207
0.634485 0.010347 0.011088 0.005685 0.000739 0.330307 0.007350 1.768189
0.637520 0.010353 0.010978 0.005644 0.000729 0.327417 0.007359 1.769214
0.640619 0.010354 0.010892 0.005571 0.000706 0.324483 0.007375 1.770217
0.643641 0.010387 0.010792 0.005504 0.000712 0.321587 0.007378 1.771230
0.646606 0.010445 0.010700 0.005454 0.000694 0.318715 0.007387 1.772226
0.649486 0.010477 0.010600 0.005395 0.000683 0.315965 0.007395 1.773214
0.652364 0.010550 0.010553 0.005366 0.000664 0.313098 0.007405 1.774227
0.655243 0.010585 0.010513 0.005319 0.000649 0.310278 0.007415 1.775249
0.658007 0.010596 0.010483 0.005258 0.000633 0.307604 0.007421 1.776313
0.660763 0.010607 0.010423 0.005250 0.000613 0.304913 0.007431 1.777372
0.663451 0.010629 0.010396 0.005259 0.000599 0.302229 0.007438 1.778458
0.666052 0.010693 0.010365 0.005229 0.000590 0.299621 0.007449 1.779499
0.668549 0.010791 0.010304 0.005222 0.000582 0.297096 0.007456 1.780552
0.671185 0.010848 0.010287 0.005197 0.000569 0.294448 0.007467 1.781607
0.673746 0.010922 0.010196 0.005200 0.000566 0.291896 0.007473 1.782628
0.676277 0.010974 0.010183 0.005209 0.000561 0.289316 0.007481 1.783719
0.678778 0.011040 0.010143 0.005205 0.000554 0.286793 0.007487 1.784798
0.681140 0.011097 0.010121 0.005228 0.000542 0.284379 0.007493 1.785899
0.683489 0.011160 0.010124 0.005215 0.000536 0.281975 0.007500 1.786979
0.685780 0.011258 0.010156 0.005205 0.000523 0.279570 0.007508 1.788068
0.688030 0.011359 0.010156 0.005207 0.000510 0.277221 0.007517 1.789156
0.690338 0.011462 0.010152 0.005213 0.000497 0.274814 0.007525 1.790238
0.692586 0.011568 0.010104 0.005179 0.000493 0.272539 0.007532 1.791319
0.694736 0.011651 0.010153 0.005215 0.000494 0.270212 0.007540 1.792461
0.696847 0.011727 0.010212 0.005248 0.000485 0.267933 0.007547 1.793595
0.698984 0.011811 0.010240 0.005275 0.000476 0.265661 0.007553 1.794752
0.701018 0.011927 0.010196 0.005316 0.000474 0.263510 0.007559 1.795886
0.703070 0.011986 0.010226 0.005361 0.000463 0.261327 0.007567 1.797067
0.705022 0.012052 0.010262 0.005376 0.000455 0.259261 0.007572 1.798255
0.706932 0.012115 0.010319 0.005394 0.000446 0.257215 0.007580 1.799471
0.708821 0.012225 0.010359 0.005415 0.000441 0.255152 0.007587 1.800649
0.710703 0.012304 0.010402 0.005452 0.000434 0.253113 0.007592 1.801857
0.712608 0.012350 0.010471 0.005478 0.000431 0.251061 0.007600 1.803101
0.714535 0.012426 0.010480 0.005497 0.000427 0.249027 0.007608 1.804303
0.716210 0.012605 0.010558 0.005546 0.000425 0.247045 0.007613 1.805537
0.717942 0.012740 0.010557 0.005559 0.000423 0.245161 0.007618 1.806747
0.719674 0.012821 0.010648 0.005585 0.000419 0.243228 0.007624 1.808012
0.721267 0.012967 0.010726 0.005607 0.000416 0.241387 0.007631 1.809295
0.722935 0.013099 0.010774 0.005613 0.000409 0.239535 0.007636 1.810547
0.724503 0.013275 0.010862 0.005641 0.000405 0.237672 0.007643 1.811812
0.726051 0.013418 0.010919 0.005743 0.000405 0.235816 0.007648 1.813116
0.727564 0.013575 0.011003 0.005756 0.000402 0.234050 0.007650 1.814406
0.728948 0.013727 0.011076 0.005816 0.000398 0.232377 0.007657 1.815780
0.730302 0.013873 0.011205 0.005880 0.000397 0.230678 0.007664 1.817143
0.731705 0.013996 0.011289 0.005940 0.000396 0.229005 0.007670 1.818515
0.733058 0.014126 0.011330 0.005997 0.000397 0.227420 0.007672 1.819883
0.734337 0.014284 0.011411 0.006025 0.000399 0.225868 0.007675 1.821266
0.735613 0.014465 0.011509 0.006050 0.000398 0.224283 0.007680 1.822643
0.736801 0.014592 0.011623 0.006120 0.000402 0.222776 0.007685 1.824085
0.738041 0.014734 0.011755 0.006169 0.000398 0.221212 0.007690 1.825499
0.739248 0.014870 0.011856 0.006226 0.000399 0.219709 0.007694 1.826946
0.740391 0.015085 0.011967 0.006247 0.000398 0.218214 0.007698 1.828379
0.741492 0.015304 0.012026 0.006301 0.000394 0.216780 0.007703 1.829798
0.742546 0.015399 0.012133 0.006372 0.000385 0.215452 0.007713 1.831301
0.743550 0.015579 0.012240 0.006425 0.000387 0.214099 0.007720 1.832804
0.744461 0.015769 0.012380 0.006493 0.000395 0.212780 0.007723 1.834357
0.745451 0.015943 0.012467 0.006563 0.000393 0.211455 0.007727 1.835888
0.746316 0.016083 0.012616 0.006659 0.000390 0.210204 0.007730 1.837513
0.747193 0.016254 0.012738 0.006697 0.000393 0.208990 0.007734 1.839089
0.747937 0.016569 0.012830 0.006744 0.000393 0.207787 0.007739 1.840613
0.748771 0.016814 0.012911 0.006808 0.000394 0.206554 0.007748 1.842179
0.749526 0.017010 0.013058 0.006880 0.000400 0.205374 0.007752 1.843812
0.750244 0.017225 0.013208 0.006969 0.000398 0.204202 0.007754 1.845481
0.750955 0.017454 0.013386 0.007032 0.000402 0.203013 0.007758 1.847142
0.751599 0.017638 0.013540 0.007093 0.000397 0.201967 0.007764 1.848844
0.752170 0.017817 0.013690 0.007180 0.000398 0.200975 0.007770 1.850582
0.752686 0.018031 0.013853 0.007265 0.000400 0.199991 0.007774 1.852327
0.753251 0.018165 0.014005 0.007365 0.000397 0.199034 0.007783 1.854120
0.753773 0.018345 0.014172 0.007464 0.000401 0.198057 0.007788 1.855903
0.754240 0.018488 0.014337 0.007533 0.000396 0.197211 0.007794 1.857715
0.754683 0.018678 0.014474 0.007627 0.000399 0.196342 0.007798 1.859493
0.755103 0.018860 0.014654 0.007698 0.000400 0.195480 0.007803 1.861325
0.755553 0.018953 0.014778 0.007824 0.000390 0.194686 0.007815 1.863214
0.755936 0.019097 0.014971 0.007905 0.000389 0.193881 0.007820 1.865087
0.756248 0.019300 0.015150 0.007964 0.000390 0.193123 0.007825 1.866952
0.756642 0.019444 0.015252 0.008036 0.000393 0.192402 0.007833 1.868843
0.756935 0.019604 0.015411 0.008099 0.000395 0.191716 0.007839 1.870779
0.757304 0.019769 0.015535 0.008155 0.000407 0.190987 0.007843 1.872675
0.757571 0.019825 0.015766 0.008233 0.000407 0.190349 0.007849 1.874711
0.757799 0.020080 0.015883 0.008304 0.000408 0.189674 0.007853 1.876630
0.758089 0.020203 0.016068 0.008382 0.000413 0.188990 0.007855 1.878593
0.758354 0.020394 0.016185 0.008442 0.000409 0.188358 0.007859 1.880536
0.758498 0.020591 0.016346 0.008535 0.000410 0.187759 0.007862 1.882534
0.758631 0.020731 0.016501 0.008584 0.000421 0.187266 0.007868 1.884551
0.758782 0.020892 0.016614 0.008674 0.000430 0.186737 0.007871 1.886578
0.758930 0.021034 0.016754 0.008781 0.000427 0.186198 0.007876 1.888631
0.759063 0.021152 0.016894 0.008869 0.000424 0.185713 0.007884 1.890716
0.759140 0.021237 0.017024 0.008919 0.000431 0.185361 0.007888 1.892830
0.759321 0.021262 0.017218 0.008958 0.000439 0.184911 0.007892 1.894942
0.759437 0.021432 0.017388 0.008975 0.000448 0.184425 0.007897 1.896997
0.759517 0.021501 0.017527 0.009053 0.000447 0.184051 0.007904 1.899123
0.759615 0.021615 0.017610 0.009146 0.000444 0.183658 0.007913 1.901240
0.759664 0.021652 0.017762 0.009230 0.000451 0.183325 0.007917 1.903407
0.759610 0.021864 0.017869 0.009285 0.000458 0.182995 0.007920 1.905521
0.759546 0.022032 0.017940 0.009304 0.000460 0.182797 0.007923 1.907645
0.759500 0.022159 0.018051 0.009371 0.000459 0.182530 0.007930 1.909809
0.759489 0.022295 0.018180 0.009452 0.000460 0.182191 0.007934 1.911958
0.759445 0.022419 0.018347 0.009518 0.000465 0.181867 0.007940 1.914156
0.759473 0.022490 0.018506 0.009519 0.000467 0.181598 0.007947 1.916353
0.759434 0.022608 0.018644 0.009550 0.000477 0.181336 0.007952 1.918546
0.759442 0.022653 0.018759 0.009651 0.000490 0.181048 0.007957 1.920775
0.759399 0.022727 0.018908 0.009716 0.000495 0.180794 0.007960 1.923018
0.759414 0.022790 0.019050 0.009745 0.000500 0.180535 0.007967 1.925220
0.759313 0.022859 0.019124 0.009834 0.000506 0.180390 0.007974 1.927492
0.759180 0.022955 0.019248 0.009896 0.000515 0.180228 0.007979 1.929745
0.759002 0.023052 0.019397 0.009948 0.000525 0.180093 0.007984 1.932052
0.758847 0.023196 0.019427 0.010043 0.000533 0.179966 0.007990 1.934288
0.758809 0.023234 0.019514 0.010111 0.000539 0.179801 0.007994 1.936545
0.758781 0.023234 0.019595 0.010118 0.000548 0.179727 0.007998 1.938815
0.758732 0.023262 0.019738 0.010156 0.000555 0.179553 0.008005 1.941072
0.758711 0.023309 0.019858 0.010180 0.000556 0.179377 0.008011 1.943350
0.758698 0.023331 0.019898 0.010227 0.000553 0.179277 0.008017 1.945593
0.758608 0.023390 0.019991 0.010239 0.000549 0.179198 0.008026 1.947859
0.758561 0.023390 0.020119 0.010288 0.000556 0.179052 0.008034 1.950158
0.758472 0.023418 0.020221 0.010300 0.000560 0.178991 0.008038 1.952469
0.758328 0.023443 0.020290 0.010303 0.000552 0.179038 0.008047 1.954758
0.758264 0.023472 0.020321 0.010335 0.000557 0.178996 0.008056 1.957012
0.758168 0.023500 0.020338 0.010378 0.000564 0.178988 0.008064 1.959289
0.758074 0.023532 0.020448 0.010372 0.000568 0.178940 0.008068 1.961572
0.757964 0.023617 0.020451 0.010353 0.000575 0.178967 0.008075 1.963810
0.757817 0.023582 0.020550 0.010410 0.000578 0.178981 0.008082 1.966183
0.757832 0.023482 0.020665 0.010411 0.000583 0.178941 0.008088 1.968529
0.757758 0.023473 0.020744 0.010390 0.000583 0.178957 0.008096 1.970836
0.757727 0.023500 0.020791 0.010373 0.000582 0.178928 0.008099 1.973105
0.757709 0.023491 0.020812 0.010425 0.000584 0.178872 0.008108 1.975390
0.757791 0.023412 0.020797 0.010444 0.000586 0.178856 0.008115 1.977637
0.757800 0.023427 0.020779 0.010413 0.000587 0.178874 0.008122 1.979883
0.757769 0.023370 0.020817 0.010448 0.000590 0.178879 0.008128 1.982181
0.757779 0.023273 0.020828 0.010473 0.000591 0.178923 0.008134 1.984467
0.757802 0.023288 0.020847 0.010500 0.000590 0.178831 0.008143 1.986730
0.757823 0.023194 0.020891 0.010512 0.000597 0.178833 0.008150 1.989040
0.757873 0.023188 0.020899 0.010486 0.000602 0.178790 0.008161 1.991269
0.757865 0.023102 0.020946 0.010522 0.000603 0.178792 0.008169 1.993568
0.757980 0.022977 0.020980 0.010517 0.000601 0.178769 0.008176 1.995846
0.758002 0.022980 0.020960 0.010531 0.000595 0.178749 0.008182 1.998043
0.758013 0.022925 0.020983 0.010577 0.000605 0.178712 0.008185 2.000318
0.758016 0.022883 0.020971 0.010574 0.000603 0.178761 0.008192 2.002551
0.758112 0.022820 0.020971 0.010554 0.000605 0.178739 0.008199 2.004755
0.758197 0.022719 0.021001 0.010577 0.000595 0.178702 0.008210 2.007028
0.758301 0.022589 0.020950 0.010606 0.000591 0.178746 0.008215 2.009265
0.758360 0.022623 0.020900 0.010586 0.000602 0.178705 0.008223 2.011423
0.758432 0.022544 0.020903 0.010568 0.000604 0.178719 0.008230 2.013675
0.758471 0.022487 0.020859 0.010533 0.000601 0.178812 0.008238 2.015862
0.758629 0.022387 0.020770 0.010510 0.000605 0.178852 0.008246 2.018032
0.758720 0.022326 0.020741 0.010500 0.000615 0.178845 0.008252 2.020215
0.758768 0.022264 0.020699 0.010444 0.000609 0.178954 0.008262 2.022402
0.758960 0.022115 0.020713 0.010408 0.000604 0.178931 0.008269 2.024605
0.759067 0.022103 0.020643 0.010411 0.000603 0.178896 0.008277 2.026746
0.759214 0.022033 0.020624 0.010393 0.000604 0.178847 0.008285 2.028897
0.759416 0.021959 0.020575 0.010357 0.000595 0.178805 0.008295 2.031038
0.759618 0.021935 0.020578 0.010333 0.000593 0.178641 0.008303 2.033116
0.759726 0.021820 0.020560 0.010300 0.000595 0.178692 0.008307 2.035293
0.759801 0.021839 0.020467 0.010270 0.000592 0.178717 0.008313 2.037379
0.759947 0.021734 0.020450 0.010221 0.000586 0.178740 0.008322 2.039532
0.760061 0.021626 0.020424 0.010240 0.000576 0.178741 0.008332 2.041724
0.760258 0.021574 0.020329 0.010226 0.000576 0.178696 0.008341 2.043834
0.760383 0.021522 0.020310 0.010215 0.000581 0.178641 0.008349 2.045953
0.760531 0.021464 0.020234 0.010237 0.000583 0.178593 0.008358 2.048058
0.760757 0.021366 0.020259 0.010218 0.000582 0.178453 0.008365 2.050170
0.760957 0.021350 0.020177 0.010154 0.000583 0.178410 0.008370 2.052209
0.761192 0.021253 0.020106 0.010135 0.000588 0.178349 0.008377 2.054299
0.761398 0.021185 0.020044 0.010107 0.000599 0.178287 0.008381 2.056391
0.761722 0.021016 0.019985 0.010090 0.000592 0.178206 0.008389 2.058456
0.761936 0.020913 0.019907 0.010100 0.000593 0.178153 0.008399 2.060554
0.762190 0.020870 0.019914 0.010019 0.000598 0.178000 0.008408 2.062563
0.762405 0.020810 0.019832 0.010020 0.000603 0.177919 0.008412 2.064625
0.762655 0.020786 0.019751 0.009990 0.000600 0.177799 0.008419 2.066648
0.762859 0.020759 0.019671 0.010007 0.000599 0.177679 0.008426 2.068662
0.763080 0.020751 0.019557 0.009960 0.000598 0.177621 0.008433 2.070662
0.763293 0.020685 0.019515 0.009928 0.000599 0.177539 0.008441 2.072673
0.763521 0.020652 0.019499 0.009857 0.000600 0.177420 0.008451 2.074711
0.763749 0.020570 0.019469 0.009814 0.000598 0.177340 0.008461 2.076751
0.763972 0.020495 0.019394 0.009797 0.000599 0.177276 0.008467 2.078777
0.764281 0.020445 0.019348 0.009743 0.000605 0.177106 0.008474 2.080777
0.764555 0.020399 0.019324 0.009673 0.000609 0.176962 0.008478 2.082758
0.764861 0.020285 0.019327 0.009632 0.000611 0.176802 0.008483 2.084835
0.765176 0.020169 0.019260 0.009658 0.000602 0.176640 0.008493 2.086860
0.765455 0.020124 0.019245 0.009585 0.000600 0.176491 0.008501 2.088850
0.765741 0.020081 0.019225 0.009512 0.000595 0.176337 0.008508 2.090812
0.766023 0.020020 0.019184 0.009513 0.000592 0.176155 0.008513 2.092801
0.766290 0.019934 0.019125 0.009477 0.000591 0.176063 0.008522 2.094779
0.766566 0.019922 0.019096 0.009505 0.000587 0.175795 0.008530 2.096776
0.766762 0.019861 0.019080 0.009471 0.000582 0.175702 0.008542 2.098757
0.766997 0.019843 0.018976 0.009483 0.000577 0.175574 0.008551 2.100717
0.767338 0.019805 0.018913 0.009453 0.000576 0.175357 0.008557 2.102643
0.767593 0.019790 0.018851 0.009456 0.000567 0.175176 0.008568 2.104601
0.767893 0.019797 0.018749 0.009408 0.000575 0.175005 0.008574 2.106502
0.768177 0.019811 0.018635 0.009395 0.000572 0.174828 0.008582 2.108409
0.768490 0.019787 0.018582 0.009331 0.000567 0.174652 0.008591 2.110331
0.768717 0.019797 0.018578 0.009285 0.000577 0.174449 0.008595 2.112265
0.769041 0.019687 0.018561 0.009267 0.000585 0.174259 0.008601 2.114210
0.769317 0.019651 0.018503 0.009242 0.000580 0.174101 0.008607 2.116133
0.769584 0.019748 0.018436 0.009204 0.000576 0.173837 0.008614 2.117966
0.769896 0.019722 0.018397 0.009169 0.000576 0.173620 0.008619 2.119877
0.770144 0.019644 0.018340 0.009173 0.000571 0.173503 0.008625 2.121851
0.770341 0.019622 0.018332 0.009195 0.000576 0.173305 0.008630 2.123788
0.770679 0.019602 0.018255 0.009151 0.000581 0.173095 0.008638 2.125668
0.770933 0.019584 0.018256 0.009132 0.000587 0.172863 0.008645 2.127596
0.771200 0.019534 0.018271 0.009099 0.000587 0.172656 0.008652 2.129538
0.771513 0.019500 0.018238 0.009100 0.000586 0.172405 0.008659 2.131435
0.771816 0.019515 0.018191 0.009082 0.000588 0.172146 0.008663 2.133330
0.772062 0.019516 0.018165 0.009081 0.000590 0.171915 0.008671 2.135258
0.772229 0.019565 0.018109 0.009066 0.000588 0.171766 0.008677 2.137151
0.772512 0.019494 0.018128 0.009034 0.000580 0.171567 0.008685 2.139095
0.772809 0.019456 0.018096 0.009038 0.000583 0.171324 0.008693 2.140979
0.773084 0.019492 0.018039 0.009023 0.000576 0.171084 0.008701 2.142848
0.773364 0.019461 0.018015 0.009005 0.000573 0.170875 0.008708 2.144734
0.773655 0.019434 0.018007 0.008968 0.000567 0.170652 0.008717 2.146619
0.773943 0.019385 0.017990 0.008942 0.000557 0.170457 0.008726 2.148513
0.774194 0.019370 0.018001 0.008894 0.000559 0.170249 0.008734 2.150423
0.774446 0.019337 0.017983 0.008904 0.000558 0.170032 0.008740 2.152340
0.774703 0.019230 0.018035 0.008932 0.000558 0.169796 0.008746 2.154294
0.774993 0.019144 0.018036 0.008920 0.000549 0.169604 0.008754 2.156188
0.775227 0.019141 0.017980 0.008911 0.000545 0.169433 0.008762 2.158066
0.775464 0.019135 0.017933 0.008891 0.000545 0.169263 0.008770 2.159936
0.775645 0.019159 0.017863 0.008882 0.000548 0.169131 0.008773 2.161822
0.775955 0.019093 0.017857 0.008885 0.000541 0.168887 0.008782 2.163701
0.776110 0.019186 0.017785 0.008846 0.000539 0.168749 0.008787 2.165532
0.776257 0.019257 0.017816 0.008848 0.000538 0.168496 0.008789 2.167397
0.776378 0.019274 0.017857 0.008864 0.000539 0.168291 0.008797 2.169325
0.776583 0.019294 0.017779 0.008887 0.000535 0.168117 0.008804 2.171217
0.776844 0.019250 0.017725 0.008855 0.000539 0.167976 0.008812 2.173110
0.777088 0.019251 0.017702 0.008829 0.000535 0.167777 0.008818 2.175000
0.777252 0.019328 0.017664 0.008815 0.000523 0.167595 0.008825 2.176827
0.777434 0.019357 0.017648 0.008785 0.000529 0.167417 0.008831 2.178711
0.777600 0.019409 0.017647 0.008799 0.000535 0.167177 0.008835 2.180597
0.777797 0.019426 0.017694 0.008806 0.000533 0.166902 0.008842 2.182501
0.777956 0.019446 0.017711 0.008843 0.000527 0.166667 0.008850 2.184407
0.778039 0.019539 0.017785 0.008851 0.000530 0.166401 0.008856 2.186307
0.778184 0.019541 0.017811 0.008875 0.000531 0.166192 0.008866 2.188209
0.778332 0.019558 0.017796 0.008881 0.000529 0.166031 0.008873 2.190105
0.778448 0.019523 0.017807 0.008902 0.000534 0.165908 0.008878 2.192070
0.778582 0.019519 0.017876 0.008924 0.000532 0.165687 0.008882 2.194025
0.778711 0.019532 0.017873 0.008919 0.000530 0.165549 0.008888 2.195943
0.778832 0.019477 0.017893 0.008941 0.000527 0.165436 0.008894 2.197911
0.778889 0.019475 0.017871 0.008974 0.000516 0.165372 0.008902 2.199846
0.779019 0.019501 0.017809 0.008991 0.000523 0.165251 0.008906 2.201755
0.779117 0.019564 0.017761 0.009019 0.000524 0.165104 0.008910 2.203631
0.779353 0.019571 0.017739 0.009033 0.000517 0.164874 0.008915 2.205554
0.779448 0.019542 0.017801 0.009024 0.000512 0.164749 0.008924 2.207516
0.779609 0.019539 0.017836 0.009034 0.000518 0.164534 0.008931 2.209464
0.779785 0.019579 0.017801 0.009055 0.000521 0.164324 0.008936 2.211339
0.779867 0.019645 0.017836 0.009015 0.000525 0.164171 0.008942 2.213254
0.779933 0.019647 0.017849 0.008983 0.000525 0.164113 0.008951 2.215205
0.780066 0.019674 0.017868 0.008972 0.000529 0.163935 0.008957 2.217122
0.780201 0.019671 0.017892 0.008979 0.000525 0.163769 0.008965 2.219062
0.780341 0.019678 0.017900 0.008996 0.000520 0.163592 0.008973 2.220992
0.780325 0.019777 0.017878 0.008979 0.000522 0.163539 0.008979 2.222888
0.780416 0.019774 0.017913 0.008981 0.000517 0.163414 0.008985 2.224846
0.780500 0.019780 0.017919 0.009031 0.000520 0.163256 0.008994 2.226799
0.780573 0.019846 0.017883 0.008976 0.000523 0.163198 0.009002 2.228690
0.780649 0.019858 0.017866 0.009002 0.000529 0.163092 0.009005 2.230608
0.780685 0.019896 0.017885 0.009045 0.000521 0.162954 0.009013 2.232553
0.780718 0.019917 0.017889 0.009058 0.000517 0.162879 0.009022 2.234500
0.780804 0.019914 0.017876 0.009016 0.000523 0.162842 0.009026 2.236452
0.780852 0.019968 0.017886 0.009026 0.000524 0.162712 0.009032 2.238368
0.780876 0.019999 0.017909 0.009059 0.000522 0.162600 0.009036 2.240345
0.780882 0.020011 0.017957 0.009092 0.000521 0.162494 0.009044 2.242315
0.781034 0.019946 0.017943 0.009095 0.000514 0.162414 0.009053 2.244278
0.781078 0.019937 0.018026 0.009113 0.000509 0.162279 0.009059 2.246243
0.781116 0.019850 0.018129 0.009165 0.000513 0.162163 0.009065 2.248293
0.781217 0.019843 0.018185 0.009130 0.000511 0.162042 0.009072 2.250247
0.781234 0.019852 0.018195 0.009181 0.000508 0.161955 0.009077 2.252232
0.781261 0.019895 0.018167 0.009160 0.000510 0.161925 0.009083 2.254153
0.781331 0.019895 0.018117 0.009164 0.000512 0.161892 0.009089 2.256071
0.781316 0.019945 0.018107 0.009158 0.000507 0.161874 0.009095 2.258020
0.781417 0.019917 0.018124 0.009182 0.000507 0.161749 0.009104 2.259981
0.781498 0.019901 0.018072 0.009211 0.000508 0.161697 0.009114 2.261915
0.781557 0.019933 0.018042 0.009198 0.000502 0.161648 0.009120 2.263831
0.781616 0.019940 0.018077 0.009147 0.000499 0.161592 0.009129 2.265768
0.781708 0.019923 0.018068 0.009137 0.000503 0.161527 0.009134 2.267756
0.781718 0.019909 0.018083 0.009135 0.000504 0.161510 0.009141 2.269730
0.781763 0.019923 0.018136 0.009121 0.000516 0.161397 0.009145 2.271732
0.781803 0.019895 0.018154 0.009101 0.000520 0.161377 0.009151 2.273728
0.781833 0.019942 0.018149 0.009085 0.000518 0.161315 0.009158 2.275662
0.781862 0.019982 0.018128 0.009073 0.000499 0.161287 0.009168 2.277612
0.781903 0.020039 0.018160 0.009051 0.000500 0.161173 0.009173 2.279554
0.781866 0.020087 0.018146 0.009055 0.000505 0.161166 0.009176 2.281524
0.781906 0.020141 0.018124 0.009071 0.000507 0.161070 0.009182 2.283453
0.781903 0.020167 0.018150 0.009084 0.000507 0.161003 0.009185 2.285442
0.781901 0.020151 0.018176 0.009133 0.000515 0.160936 0.009189 2.287443
0.781910 0.020146 0.018252 0.009111 0.000521 0.160865 0.009195 2.289449
0.781903 0.020153 0.018234 0.009095 0.000522 0.160893 0.009200 2.291408
0.781906 0.020196 0.018165 0.009145 0.000525 0.160859 0.009204 2.293344
0.781910 0.020192 0.018198 0.009184 0.000520 0.160787 0.009208 2.295328
0.781992 0.020050 0.018241 0.009216 0.000524 0.160764 0.009213 2.297383
0.782064 0.020080 0.018204 0.009211 0.000525 0.160696 0.009220 2.299320
0.782216 0.020105 0.018151 0.009198 0.000527 0.160576 0.009227 2.301212
0.782288 0.020049 0.018117 0.009266 0.000530 0.160518 0.009233 2.303193
0.782369 0.020008 0.018089 0.009278 0.000528 0.160489 0.009239 2.305163
0.782438 0.019966 0.018121 0.009226 0.000512 0.160487 0.009250 2.307133
0.782445 0.019993 0.018127 0.009201 0.000512 0.160466 0.009257 2.309088
0.782439 0.020040 0.018119 0.009189 0.000516 0.160438 0.009259 2.311038
0.782485 0.019997 0.018096 0.009179 0.000519 0.160459 0.009266 2.313007
0.782538 0.020042 0.018115 0.009180 0.000519 0.160335 0.009272 2.314922
0.782505 0.020001 0.018152 0.009220 0.000519 0.160325 0.009279 2.316927
0.782561 0.019996 0.018162 0.009193 0.000521 0.160283 0.009285 2.318872
0.782595 0.020031 0.018155 0.009159 0.000529 0.160241 0.009291 2.320812
0.782715 0.020017 0.018137 0.009162 0.000537 0.160131 0.009300 2.322786
0.782747 0.020011 0.018223 0.009165 0.000533 0.160018 0.009304 2.324807
0.782791 0.020023 0.018213 0.009145 0.000523 0.159996 0.009309 2.326743
0.782848 0.020078 0.018178 0.009104 0.000526 0.159951 0.009314 2.328651
0.782835 0.020120 0.018208 0.009110 0.000527 0.159880 0.009318 2.330619
0.782808 0.020108 0.018205 0.009180 0.000522 0.159851 0.009326 2.332623
0.782862 0.020060 0.018246 0.009194 0.000519 0.159789 0.009331 2.334609
0.782889 0.020046 0.018267 0.009161 0.000513 0.159785 0.009340 2.336568
0.782849 0.020147 0.018210 0.009147 0.000515 0.159785 0.009347 2.338494
0.782884 0.020155 0.018191 0.009176 0.000518 0.159723 0.009352 2.340447
0.782808 0.020287 0.018119 0.009138 0.000517 0.159773 0.009358 2.342369
0.782880 0.020240 0.018131 0.009152 0.000523 0.159711 0.009363 2.344359
0.782893 0.020264 0.018176 0.009149 0.000529 0.159620 0.009369 2.346316
0.782997 0.020239 0.018203 0.009160 0.000531 0.159495 0.009375 2.348295
0.782982 0.020285 0.018199 0.009143 0.000535 0.159474 0.009382 2.350243
0.782941 0.020337 0.018191 0.009158 0.000535 0.159450 0.009387 2.352210
0.782991 0.020384 0.018162 0.009140 0.000533 0.159395 0.009395 2.354160
0.782942 0.020476 0.018173 0.009128 0.000531 0.159347 0.009404 2.356084
0.782962 0.020474 0.018220 0.009168 0.000530 0.159237 0.009409 2.358070
0.782974 0.020447 0.018259 0.009194 0.000535 0.159176 0.009414 2.360099
0.782927 0.020378 0.018305 0.009209 0.000536 0.159223 0.009422 2.362166
0.782964 0.020306 0.018357 0.009199 0.000536 0.159209 0.009430 2.364191
0.782997 0.020255 0.018401 0.009224 0.000537 0.159151 0.009435 2.366223
0.782962 0.020246 0.018366 0.009262 0.000535 0.159188 0.009440 2.368215
0.783029 0.020234 0.018395 0.009270 0.000543 0.159084 0.009444 2.370181
0.783094 0.020225 0.018369 0.009259 0.000540 0.159060 0.009453 2.372162
0.783121 0.020272 0.018321 0.009261 0.000543 0.159024 0.009458 2.374119
0.783104 0.020276 0.018358 0.009234 0.000537 0.159027 0.009464 2.376084
0.783157 0.020266 0.018374 0.009267 0.000533 0.158930 0.009473 2.378064
0.783056 0.020305 0.018384 0.009289 0.000532 0.158956 0.009479 2.380071
0.783000 0.020380 0.018363 0.009340 0.000535 0.158895 0.009486 2.382048
0.783011 0.020375 0.018365 0.009345 0.000537 0.158879 0.009490 2.384041
0.783002 0.020323 0.018399 0.009408 0.000535 0.158836 0.009497 2.386053
0.783018 0.020389 0.018358 0.009387 0.000529 0.158813 0.009506 2.387996
0.782991 0.020413 0.018353 0.009357 0.000529 0.158845 0.009513 2.389978
0.782967 0.020409 0.018332 0.009351 0.000532 0.158894 0.009516 2.391936
0.782980 0.020296 0.018352 0.009416 0.000535 0.158904 0.009519 2.394003
0.782985 0.020298 0.018352 0.009429 0.000530 0.158880 0.009527 2.395992
0.782988 0.020293 0.018342 0.009442 0.000529 0.158871 0.009536 2.397989
0.782981 0.020339 0.018358 0.009404 0.000526 0.158847 0.009545 2.399958
0.783000 0.020314 0.018343 0.009385 0.000522 0.158887 0.009550 2.401954
0.783017 0.020327 0.018309 0.009365 0.000518 0.158908 0.009555 2.403903
0.783075 0.020265 0.018391 0.009354 0.000517 0.158838 0.009561 2.405928
0.783113 0.020258 0.018390 0.009377 0.000521 0.158774 0.009567 2.407892
0.783174 0.020234 0.018394 0.009396 0.000520 0.158712 0.009570 2.409880
0.783063 0.020339 0.018382 0.009365 0.000524 0.158754 0.009574 2.411854
0.783064 0.020334 0.018381 0.009334 0.000524 0.158783 0.009581 2.413829
0.783060 0.020357 0.018348 0.009347 0.000521 0.158776 0.009592 2.415787
0.783157 0.020335 0.018361 0.009356 0.000516 0.158677 0.009599 2.417766
0.783191 0.020291 0.018354 0.009373 0.000513 0.158673 0.009606 2.419776
0.783193 0.020311 0.018335 0.009387 0.000523 0.158641 0.009611 2.421740
0.783191 0.020262 0.018406 0.009414 0.000522 0.158587 0.009619 2.423770
0.783152 0.020278 0.018387 0.009371 0.000523 0.158665 0.009624 2.425781
0.783130 0.020255 0.018394 0.009363 0.000524 0.158702 0.009632 2.427805
0.783129 0.020197 0.018401 0.009392 0.000522 0.158721 0.009639 2.429809
0.783013 0.020255 0.018389 0.009405 0.000525 0.158770 0.009643 2.431796
0.783033 0.020213 0.018346 0.009437 0.000522 0.158801 0.009649 2.433817
0.783037 0.020236 0.018329 0.009454 0.000524 0.158766 0.009654 2.435785
0.783064 0.020241 0.018280 0.009463 0.000526 0.158765 0.009662 2.437782
0.783097 0.020250 0.018209 0.009479 0.000521 0.158776 0.009669 2.439721
0.783182 0.020148 0.018289 0.009506 0.000524 0.158676 0.009676 2.441772
0.783175 0.020212 0.018236 0.009496 0.000534 0.158665 0.009683 2.443718
0.783210 0.020144 0.018287 0.009517 0.000537 0.158617 0.009688 2.445745
0.783231 0.020151 0.018283 0.009488 0.000530 0.158622 0.009695 2.447732
0.783311 0.020071 0.018272 0.009499 0.000527 0.158620 0.009701 2.449717
0.783288 0.020017 0.018264 0.009539 0.000526 0.158657 0.009708 2.451703
0.783264 0.019961 0.018297 0.009543 0.000524 0.158695 0.009716 2.453682
0.783216 0.019989 0.018335 0.009521 0.000526 0.158692 0.009720 2.455649
0.783221 0.020037 0.018251 0.009533 0.000524 0.158705 0.009729 2.457596
0.783280 0.019995 0.018288 0.009509 0.000521 0.158674 0.009734 2.459568
0.783293 0.019988 0.018305 0.009477 0.000523 0.158674 0.009740 2.461547
0.783328 0.019957 0.018288 0.009477 0.000521 0.158680 0.009750 2.463517
0.783340 0.019968 0.018295 0.009413 0.000529 0.158701 0.009754 2.465462
0.783341 0.020012 0.018311 0.009416 0.000526 0.158632 0.009763 2.467438
0.783345 0.019982 0.018311 0.009440 0.000531 0.158623 0.009768 2.469418
0.783347 0.019953 0.018355 0.009452 0.000531 0.158587 0.009776 2.471425
0.783409 0.019909 0.018424 0.009432 0.000537 0.158508 0.009782 2.473413
0.783443 0.019901 0.018449 0.009406 0.000542 0.158471 0.009787 2.475385
0.783473 0.019891 0.018479 0.009361 0.000538 0.158463 0.009796 2.477326
0.783496 0.019930 0.018396 0.009374 0.000529 0.158471 0.009805 2.479267
0.783497 0.019962 0.018357 0.009376 0.000531 0.158468 0.009812 2.481226
0.783460 0.020016 0.018360 0.009418 0.000540 0.158394 0.009814 2.483188
0.783553 0.020011 0.018371 0.009349 0.000545 0.158350 0.009820 2.485121
0.783572 0.020026 0.018377 0.009332 0.000556 0.158315 0.009824 2.487099
0.783561 0.020054 0.018388 0.009354 0.000547 0.158266 0.009829 2.489075
0.783559 0.020073 0.018405 0.009335 0.000551 0.158242 0.009835 2.491032
0.783629 0.020069 0.018388 0.009309 0.000557 0.158206 0.009844 2.492985
0.783577 0.020106 0.018410 0.009289 0.000553 0.158216 0.009850 2.494937
0.783575 0.020073 0.018450 0.009322 0.000554 0.158172 0.009855 2.496953
0.783640 0.020056 0.018506 0.009276 0.000550 0.158112 0.009862 2.498913
0.783593 0.020149 0.018438 0.009246 0.000550 0.158158 0.009866 2.500830
0.783581 0.020101 0.018474 0.009229 0.000551 0.158193 0.009872 2.502838
0.783567 0.020175 0.018437 0.009214 0.000553 0.158176 0.009879 2.504768
0.783558 0.020127 0.018474 0.009248 0.000548 0.158162 0.009885 2.506776
0.783482 0.020180 0.018450 0.009277 0.000544 0.158177 0.009891 2.508734
0.783459 0.020152 0.018489 0.009267 0.000550 0.158183 0.009898 2.510727
0.783382 0.020230 0.018451 0.009224 0.000548 0.158259 0.009905 2.512622
0.783378 0.020238 0.018409 0.009229 0.000543 0.158293 0.009911 2.514585
0.783398 0.020188 0.018480 0.009232 0.000543 0.158244 0.009916 2.516613
0.783393 0.020224 0.018471 0.009275 0.000549 0.158165 0.009923 2.518582
0.783416 0.020189 0.018443 0.009271 0.000546 0.158206 0.009929 2.520571
0.783414 0.020164 0.018419 0.009278 0.000549 0.158243 0.009934 2.522539
0.783421 0.020184 0.018379 0.009278 0.000548 0.158254 0.009937 2.524484
0.783465 0.020167 0.018385 0.009320 0.000555 0.158166 0.009942 2.526460
0.783419 0.020274 0.018316 0.009280 0.000554 0.158208 0.009949 2.528366
0.783373 0.020321 0.018290 0.009271 0.000561 0.158226 0.009958 2.530303
0.783291 0.020401 0.018273 0.009244 0.000556 0.158268 0.009968 2.532286
0.783366 0.020359 0.018290 0.009251 0.000551 0.158211 0.009972 2.534280
0.783381 0.020243 0.018384 0.009235 0.000547 0.158236 0.009976 2.536320
0.783405 0.020175 0.018453 0.009235 0.000550 0.158200 0.009982 2.538316
0.783405 0.020180 0.018453 0.009221 0.000551 0.158203 0.009987 2.540290
0.783372 0.020135 0.018448 0.009267 0.000552 0.158232 0.009994 2.542322
0.783363 0.020117 0.018464 0.009278 0.000561 0.158218 0.010000 2.544333
0.783449 0.020062 0.018448 0.009252 0.000557 0.158224 0.010009 2.546298
0.783350 0.020144 0.018465 0.009237 0.000557 0.158234 0.010015 2.548264
0.783330 0.020225 0.018436 0.009188 0.000544 0.158254 0.010023 2.550196
0.783304 0.020251 0.018432 0.009170 0.000553 0.158263 0.010028 2.552192
0.783331 0.020216 0.018470 0.009146 0.000559 0.158243 0.010036 2.554200
0.783369 0.020191 0.018481 0.009150 0.000556 0.158212 0.010042 2.556199
0.783381 0.020203 0.018500 0.009187 0.000555 0.158129 0.010047 2.558183
0.783382 0.020142 0.018522 0.009237 0.000552 0.158110 0.010055 2.560215
0.783386 0.020083 0.018515 0.009237 0.000545 0.158170 0.010065 2.562218
0.783346 0.020083 0.018499 0.009197 0.000544 0.158260 0.010072 2.564223
0.783453 0.020047 0.018538 0.009178 0.000543 0.158164 0.010078 2.566215
0.783521 0.020042 0.018528 0.009216 0.000539 0.158069 0.010085 2.568164
0.783476 0.020062 0.018576 0.009221 0.000535 0.158039 0.010092 2.570157
0.783504 0.020054 0.018605 0.009204 0.000540 0.158001 0.010094 2.572133
0.783458 0.020050 0.018620 0.009218 0.000550 0.158005 0.010098 2.574144
0.783506 0.020020 0.018624 0.009224 0.000554 0.157968 0.010104 2.576103
0.783510 0.020052 0.018563 0.009231 0.000557 0.157976 0.010110 2.578029
0.783509 0.020071 0.018529 0.009224 0.000554 0.157998 0.010117 2.579989
0.783547 0.020107 0.018450 0.009191 0.000558 0.158026 0.010122 2.581889
0.783558 0.020135 0.018458 0.009215 0.000557 0.157951 0.010126 2.583835
0.783552 0.020121 0.018520 0.009149 0.000557 0.157967 0.010133 2.585844
0.783536 0.020150 0.018494 0.009144 0.000559 0.157978 0.010140 2.587789
0.783405 0.020223 0.018487 0.009152 0.000557 0.158029 0.010148 2.589752
0.783379 0.020212 0.018498 0.009183 0.000552 0.158022 0.010155 2.591734
0.783332 0.020228 0.018534 0.009193 0.000544 0.158004 0.010166 2.593706
0.783269 0.020244 0.018579 0.009179 0.000552 0.158006 0.010171 2.595710
0.783272 0.020289 0.018534 0.009170 0.000552 0.158006 0.010178 2.597623
0.783284 0.020315 0.018528 0.009208 0.000556 0.157925 0.010185 2.599601
0.783309 0.020258 0.018502 0.009260 0.000559 0.157923 0.010189 2.601611
0.783310 0.020249 0.018473 0.009223 0.000562 0.157985 0.010198 2.603585
0.783272 0.020316 0.018485 0.009256 0.000559 0.157909 0.010204 2.605572
0.783242 0.020344 0.018441 0.009278 0.000554 0.157931 0.010211 2.607537
0.783272 0.020266 0.018480 0.009284 0.000554 0.157929 0.010216 2.609559
0.783188 0.020303 0.018548 0.009252 0.000554 0.157932 0.010224 2.611568
0.783216 0.020295 0.018547 0.009255 0.000545 0.157912 0.010231 2.613574
0.783203 0.020299 0.018563 0.009251 0.000546 0.157902 0.010235 2.615561
0.783151 0.020272 0.018585 0.009279 0.000547 0.157927 0.010241 2.617568
0.783167 0.020301 0.018563 0.009266 0.000552 0.157904 0.010247 2.619523
0.783162 0.020304 0.018550 0.009296 0.000551 0.157881 0.010256 2.621510
0.783136 0.020248 0.018542 0.009320 0.000549 0.157944 0.010262 2.623513
0.783136 0.020291 0.018522 0.009333 0.000544 0.157905 0.010270 2.625497
0.783061 0.020299 0.018579 0.009322 0.000546 0.157918 0.010275 2.627529
0.783002 0.020338 0.018604 0.009319 0.000544 0.157915 0.010280 2.629488
0.783028 0.020354 0.018589 0.009311 0.000535 0.157898 0.010285 2.631455
0.783026 0.020311 0.018591 0.009293 0.000539 0.157951 0.010290 2.633469
0.783033 0.020302 0.018580 0.009293 0.000535 0.157960 0.010297 2.635434
0.782992 0.020325 0.018540 0.009338 0.000536 0.157969 0.010301 2.637416
0.782985 0.020272 0.018588 0.009383 0.000529 0.157936 0.010307 2.639465
0.783007 0.020270 0.018595 0.009384 0.000525 0.157906 0.010314 2.641433
0.783012 0.020308 0.018519 0.009415 0.000532 0.157896 0.010319 2.643369
0.783003 0.020297 0.018520 0.009399 0.000530 0.157925 0.010325 2.645352
0.782998 0.020259 0.018561 0.009369 0.000542 0.157943 0.010328 2.647384
0.782984 0.020260 0.018599 0.009359 0.000530 0.157934 0.010334 2.649371
0.783000 0.020257 0.018607 0.009363 0.000534 0.157900 0.010339 2.651357
0.783037 0.020230 0.018618 0.009405 0.000530 0.157834 0.010345 2.653346
0.782971 0.020282 0.018580 0.009394 0.000520 0.157899 0.010355 2.655312
0.782919 0.020296 0.018602 0.009415 0.000518 0.157887 0.010362 2.657313
0.782931 0.020200 0.018609 0.009421 0.000523 0.157949 0.010367 2.659374
0.782925 0.020179 0.018632 0.009385 0.000520 0.157981 0.010378 2.661377
0.782954 0.020160 0.018615 0.009346 0.000522 0.158018 0.010386 2.663354
0.782988 0.020124 0.018567 0.009390 0.000518 0.158018 0.010394 2.665325
0.783030 0.020137 0.018525 0.009401 0.000523 0.157981 0.010401 2.667280
0.782994 0.020154 0.018472 0.009419 0.000535 0.158019 0.010408 2.669274
0.782963 0.020174 0.018427 0.009426 0.000537 0.158059 0.010414 2.671233
0.782960 0.020149 0.018431 0.009374 0.000541 0.158124 0.010420 2.673185
0.782977 0.020172 0.018391 0.009385 0.000534 0.158114 0.010427 2.675147
0.782924 0.020231 0.018423 0.009376 0.000534 0.158080 0.010432 2.677107
0.782947 0.020220 0.018421 0.009364 0.000535 0.158076 0.010438 2.679082
0.782979 0.020235 0.018408 0.009335 0.000535 0.158062 0.010446 2.681041
0.782966 0.020230 0.018450 0.009342 0.000534 0.158027 0.010451 2.683036
0.782969 0.020211 0.018444 0.009381 0.000528 0.158008 0.010460 2.685051
0.782911 0.020185 0.018476 0.009391 0.000528 0.158044 0.010466 2.687070
0.782831 0.020214 0.018433 0.009423 0.000523 0.158102 0.010473 2.689075
