0.346155 0.062399 0.055780 0.032152 0.002142 0.495395 0.005977 1.622789
0.347572 0.061159 0.055639 0.032063 0.002126 0.495439 0.006003 1.628828
0.349302 0.059800 0.055430 0.031915 0.002122 0.495403 0.006029 1.634744
0.351241 0.058286 0.055208 0.031756 0.002131 0.495325 0.006054 1.640584
0.353477 0.056633 0.054885 0.031528 0.002119 0.495282 0.006077 1.646188
0.355822 0.054992 0.054397 0.031219 0.002132 0.495338 0.006101 1.651637
0.358162 0.053373 0.053982 0.030894 0.002132 0.495325 0.006132 1.657020
0.360681 0.051956 0.053453 0.030508 0.002140 0.495103 0.006159 1.662122
0.363301 0.050481 0.052888 0.030085 0.002137 0.494921 0.006188 1.667151
0.366008 0.048951 0.052290 0.029721 0.002130 0.494687 0.006214 1.672102
0.368805 0.047574 0.051623 0.029283 0.002136 0.494340 0.006240 1.676839
0.371669 0.046371 0.050988 0.028801 0.002118 0.493790 0.006263 1.681416
0.374404 0.045260 0.050316 0.028264 0.002105 0.493358 0.006292 1.685876
0.377285 0.044057 0.049588 0.027780 0.002111 0.492866 0.006312 1.690259
0.380109 0.043050 0.048903 0.027351 0.002083 0.492167 0.006337 1.694571
0.382984 0.042030 0.048236 0.026950 0.002061 0.491367 0.006372 1.698804
0.386064 0.041099 0.047467 0.026530 0.002047 0.490401 0.006393 1.702871
0.389129 0.040216 0.046670 0.026037 0.002032 0.489489 0.006426 1.706874
0.392129 0.039389 0.045931 0.025535 0.002026 0.488538 0.006452 1.710799
0.395102 0.038762 0.045145 0.025069 0.002004 0.487437 0.006481 1.714592
0.398103 0.037979 0.044401 0.024580 0.002002 0.486434 0.006502 1.718356
0.401144 0.037303 0.043652 0.024169 0.001995 0.485203 0.006531 1.722062
0.404236 0.036597 0.042886 0.023770 0.001976 0.483978 0.006557 1.725714
0.407283 0.036053 0.042115 0.023391 0.001960 0.482615 0.006583 1.729267
0.410386 0.035367 0.041406 0.022994 0.001948 0.481295 0.006606 1.732868
0.413527 0.034869 0.040731 0.022624 0.001932 0.479689 0.006630 1.736341
0.416646 0.034391 0.039934 0.022264 0.001919 0.478192 0.006654 1.739707
0.419611 0.034018 0.039230 0.021889 0.001894 0.476677 0.006683 1.743017
0.422708 0.033565 0.038623 0.021499 0.001876 0.475021 0.006709 1.746345
0.425734 0.033165 0.038009 0.021170 0.001851 0.473340 0.006730 1.749622
0.428714 0.032873 0.037386 0.020839 0.001828 0.471604 0.006757 1.752856
0.431832 0.032511 0.036793 0.020545 0.001820 0.469728 0.006772 1.756055
0.434885 0.032275 0.036228 0.020214 0.001790 0.467810 0.006798 1.759162
0.437839 0.032049 0.035641 0.019881 0.001774 0.465999 0.006819 1.762246
0.440822 0.031823 0.035170 0.019563 0.001752 0.464029 0.006840 1.765359
0.443697 0.031532 0.034686 0.019240 0.001744 0.462238 0.006862 1.768509
0.446451 0.031363 0.034162 0.018956 0.001724 0.460461 0.006883 1.771564
0.449361 0.031164 0.033668 0.018709 0.001701 0.458489 0.006909 1.774640
0.452214 0.030986 0.033235 0.018469 0.001684 0.456484 0.006929 1.777693
0.454973 0.030875 0.032789 0.018270 0.001658 0.454481 0.006953 1.780713
0.457737 0.030710 0.032486 0.018082 0.001639 0.452373 0.006973 1.783783
0.460472 0.030672 0.032136 0.017857 0.001614 0.450253 0.006996 1.786763
0.463160 0.030612 0.031802 0.017652 0.001588 0.448167 0.007019 1.789781
0.465756 0.030604 0.031475 0.017474 0.001554 0.446091 0.007045 1.792773
0.468299 0.030654 0.031114 0.017325 0.001535 0.444007 0.007067 1.795710
0.470760 0.030610 0.030874 0.017203 0.001516 0.441952 0.007084 1.798779
0.473184 0.030724 0.030579 0.017028 0.001507 0.439874 0.007105 1.801722
0.475554 0.030786 0.030358 0.016869 0.001480 0.437830 0.007126 1.804752
0.478054 0.030831 0.030121 0.016724 0.001467 0.435659 0.007144 1.807724
0.480435 0.030961 0.029952 0.016589 0.001457 0.433441 0.007165 1.810723
0.482816 0.030962 0.029737 0.016488 0.001445 0.431372 0.007181 1.813798
0.485121 0.031017 0.029614 0.016388 0.001434 0.429227 0.007199 1.816815
0.487367 0.031117 0.029431 0.016309 0.001414 0.427146 0.007215 1.819828
0.489643 0.031219 0.029311 0.016161 0.001397 0.425031 0.007238 1.822840
0.491833 0.031337 0.029232 0.016101 0.001375 0.422865 0.007257 1.825890
0.493983 0.031366 0.029110 0.016069 0.001356 0.420835 0.007281 1.829001
0.496077 0.031408 0.029015 0.016055 0.001351 0.418793 0.007300 1.832107
0.498090 0.031510 0.028960 0.016041 0.001339 0.416743 0.007316 1.835230
0.500016 0.031612 0.028879 0.016007 0.001324 0.414830 0.007334 1.838357
0.501924 0.031744 0.028791 0.015982 0.001316 0.412894 0.007349 1.841479
0.503873 0.031826 0.028738 0.015961 0.001302 0.410938 0.007363 1.844590
0.505650 0.031983 0.028718 0.015979 0.001292 0.409002 0.007377 1.847725
0.507481 0.032185 0.028673 0.015979 0.001272 0.407019 0.007391 1.850867
0.509278 0.032368 0.028621 0.015915 0.001255 0.405152 0.007413 1.853971
0.511058 0.032518 0.028679 0.015844 0.001237 0.403236 0.007429 1.857128
0.512713 0.032691 0.028661 0.015834 0.001223 0.401431 0.007447 1.860323
0.514423 0.032881 0.028662 0.015839 0.001211 0.399519 0.007465 1.863487
0.515874 0.033119 0.028723 0.015840 0.001192 0.397770 0.007482 1.866711
0.517452 0.033298 0.028747 0.015851 0.001188 0.395971 0.007493 1.869937
0.518868 0.033523 0.028896 0.015842 0.001180 0.394184 0.007506 1.873267
0.520375 0.033607 0.029022 0.015932 0.001169 0.392373 0.007523 1.876610
0.521708 0.033759 0.029152 0.015969 0.001164 0.390712 0.007538 1.880011
0.522982 0.033986 0.029292 0.016036 0.001171 0.388982 0.007552 1.883380
0.524228 0.034274 0.029322 0.016040 0.001161 0.387404 0.007570 1.886677
0.525535 0.034426 0.029370 0.016076 0.001157 0.385850 0.007587 1.890046
0.526811 0.034630 0.029498 0.016169 0.001158 0.384133 0.007603 1.893473
0.527928 0.034912 0.029594 0.016229 0.001153 0.382569 0.007615 1.896871
0.529075 0.035121 0.029687 0.016295 0.001156 0.381040 0.007625 1.900259
0.530154 0.035377 0.029851 0.016307 0.001133 0.379534 0.007645 1.903696
0.531138 0.035568 0.029967 0.016425 0.001122 0.378119 0.007662 1.907213
0.532016 0.035829 0.030122 0.016484 0.001121 0.376756 0.007673 1.910729
0.532835 0.036118 0.030231 0.016570 0.001118 0.375443 0.007685 1.914242
0.533734 0.036383 0.030342 0.016611 0.001128 0.374110 0.007693 1.917774
0.534656 0.036553 0.030528 0.016630 0.001119 0.372806 0.007707 1.921347
0.535451 0.036831 0.030612 0.016690 0.001107 0.371583 0.007726 1.924935
0.536196 0.036923 0.030784 0.016804 0.001104 0.370448 0.007741 1.928638
0.536982 0.037167 0.030870 0.016878 0.001109 0.369241 0.007754 1.932260
0.537796 0.037365 0.031085 0.016915 0.001105 0.367967 0.007768 1.935948
0.538509 0.037531 0.031252 0.016981 0.001112 0.366837 0.007779 1.939642
0.539276 0.037649 0.031396 0.017085 0.001112 0.365691 0.007793 1.943320
0.539928 0.037868 0.031501 0.017191 0.001106 0.364601 0.007805 1.947007
0.540567 0.038097 0.031638 0.017276 0.001104 0.363498 0.007821 1.950731
0.541179 0.038224 0.031765 0.017453 0.001105 0.362440 0.007833 1.954556
0.541827 0.038435 0.031903 0.017573 0.001102 0.361314 0.007849 1.958303
0.542436 0.038699 0.032014 0.017619 0.001106 0.360264 0.007862 1.961992
0.543022 0.038814 0.032224 0.017707 0.001095 0.359259 0.007879 1.965787
0.543552 0.039013 0.032403 0.017821 0.001096 0.358226 0.007890 1.969581
0.543989 0.039158 0.032564 0.017925 0.001098 0.357359 0.007908 1.973423
0.544438 0.039242 0.032794 0.018022 0.001092 0.356488 0.007924 1.977316
0.544843 0.039390 0.032973 0.018110 0.001084 0.355659 0.007942 1.981199
0.545209 0.039593 0.033082 0.018091 0.001090 0.354980 0.007955 1.985023
0.545508 0.039691 0.033263 0.018173 0.001079 0.354317 0.007970 1.988975
0.546021 0.039763 0.033410 0.018279 0.001082 0.353464 0.007980 1.992914
0.546501 0.039849 0.033519 0.018337 0.001091 0.352711 0.007993 1.996832
0.546829 0.040020 0.033680 0.018409 0.001071 0.351980 0.008012 2.000786
0.547170 0.040099 0.033864 0.018474 0.001071 0.351299 0.008023 2.004761
0.547463 0.040118 0.034091 0.018602 0.001066 0.350619 0.008040 2.008797
0.547610 0.040340 0.034219 0.018676 0.001072 0.350032 0.008051 2.012756
0.547882 0.040565 0.034197 0.018711 0.001071 0.349508 0.008067 2.016615
0.548018 0.040781 0.034322 0.018694 0.001082 0.349025 0.008077 2.020580
0.548183 0.040992 0.034524 0.018797 0.001080 0.348330 0.008096 2.024594
0.548399 0.041093 0.034717 0.018840 0.001094 0.347745 0.008112 2.028622
0.548697 0.041161 0.034863 0.018926 0.001096 0.347129 0.008126 2.032635
0.548933 0.041322 0.034979 0.018977 0.001086 0.346560 0.008143 2.036661
0.549151 0.041332 0.035129 0.019077 0.001093 0.346064 0.008153 2.040750
0.549342 0.041566 0.035195 0.019163 0.001091 0.345474 0.008167 2.044742
0.549326 0.041787 0.035242 0.019232 0.001089 0.345143 0.008180 2.048738
0.549416 0.041920 0.035369 0.019249 0.001093 0.344758 0.008194 2.052774
0.549534 0.041959 0.035531 0.019296 0.001091 0.344380 0.008209 2.056914
0.549633 0.042009 0.035688 0.019384 0.001088 0.343975 0.008223 2.061033
0.549696 0.042131 0.035765 0.019499 0.001088 0.343582 0.008238 2.065149
0.549821 0.042181 0.035808 0.019525 0.001092 0.343324 0.008249 2.069256
0.549950 0.042213 0.035908 0.019541 0.001096 0.343027 0.008265 2.073382
0.550127 0.042209 0.035961 0.019622 0.001097 0.342706 0.008277 2.077508
0.550316 0.042137 0.036060 0.019660 0.001095 0.342439 0.008293 2.081661
0.550492 0.042183 0.036140 0.019730 0.001105 0.342044 0.008305 2.085790
0.550621 0.042238 0.036203 0.019720 0.001115 0.341787 0.008316 2.089857
0.550712 0.042251 0.036307 0.019710 0.001131 0.341557 0.008332 2.093988
0.550878 0.042127 0.036453 0.019732 0.001124 0.341340 0.008346 2.098179
0.550871 0.042163 0.036437 0.019813 0.001122 0.341231 0.008364 2.102347
0.550957 0.042143 0.036534 0.019870 0.001122 0.341002 0.008372 2.106519
0.551171 0.042097 0.036640 0.019901 0.001130 0.340676 0.008387 2.110661
0.551274 0.042179 0.036750 0.019854 0.001131 0.340408 0.008406 2.114761
0.551404 0.042244 0.036844 0.019887 0.001133 0.340069 0.008420 2.118865
0.551490 0.042219 0.036958 0.019932 0.001129 0.339839 0.008433 2.123018
0.551624 0.042131 0.037076 0.020003 0.001127 0.339586 0.008452 2.127256
0.551664 0.042190 0.037133 0.020026 0.001134 0.339388 0.008465 2.131408
0.551763 0.042213 0.037115 0.020035 0.001155 0.339239 0.008481 2.135526
0.551831 0.042269 0.037145 0.020032 0.001159 0.339070 0.008495 2.139650
0.551993 0.042252 0.037169 0.020027 0.001169 0.338880 0.008512 2.143774
0.552136 0.042145 0.037145 0.020049 0.001169 0.338834 0.008523 2.147924
0.552309 0.042003 0.037199 0.020129 0.001165 0.338657 0.008538 2.152102
0.552464 0.042009 0.037108 0.020151 0.001173 0.338541 0.008554 2.156112
0.552639 0.042013 0.037169 0.020083 0.001184 0.338344 0.008568 2.160154
0.552819 0.041881 0.037167 0.020189 0.001189 0.338170 0.008586 2.164316
0.552974 0.041767 0.037227 0.020237 0.001191 0.338004 0.008601 2.168458
0.553233 0.041706 0.037142 0.020263 0.001190 0.337850 0.008618 2.172535
0.553511 0.041605 0.037151 0.020183 0.001177 0.337738 0.008636 2.176604
0.553684 0.041605 0.037107 0.020181 0.001186 0.337589 0.008647 2.180652
0.553834 0.041547 0.037073 0.020158 0.001194 0.337534 0.008660 2.184715
0.554108 0.041561 0.036922 0.020100 0.001196 0.337443 0.008671 2.188664
0.554312 0.041446 0.037005 0.020143 0.001189 0.337218 0.008687 2.192779
0.554561 0.041474 0.036981 0.020064 0.001185 0.337031 0.008703 2.196746
0.554798 0.041364 0.037025 0.020026 0.001180 0.336890 0.008718 2.200817
0.555025 0.041380 0.036976 0.020028 0.001184 0.336674 0.008734 2.204839
0.555213 0.041310 0.036953 0.020013 0.001188 0.336575 0.008749 2.208882
0.555404 0.041290 0.036981 0.020019 0.001205 0.336337 0.008765 2.212917
0.555625 0.041299 0.036882 0.020009 0.001203 0.336201 0.008782 2.216868
0.555804 0.041325 0.036838 0.020035 0.001204 0.335999 0.008797 2.220880
0.556076 0.041205 0.036813 0.020062 0.001219 0.335816 0.008809 2.224937
0.556192 0.041187 0.036846 0.020101 0.001214 0.335635 0.008824 2.229042
0.556376 0.041138 0.036796 0.020042 0.001226 0.335584 0.008838 2.233065
0.556612 0.041099 0.036768 0.020052 0.001214 0.335400 0.008856 2.237089
0.556832 0.041110 0.036657 0.020031 0.001209 0.335291 0.008871 2.241064
0.556960 0.041140 0.036627 0.020028 0.001213 0.335146 0.008886 2.245081
0.557110 0.041119 0.036620 0.019983 0.001225 0.335044 0.008900 2.249104
0.557400 0.041018 0.036588 0.020021 0.001223 0.334834 0.008916 2.253148
0.557689 0.040932 0.036656 0.019966 0.001214 0.334611 0.008933 2.257186
0.557808 0.040864 0.036591 0.019977 0.001219 0.334595 0.008946 2.261192
0.557991 0.040838 0.036622 0.019922 0.001218 0.334450 0.008959 2.265195
0.558340 0.040791 0.036533 0.019967 0.001204 0.334184 0.008979 2.269181
0.558569 0.040738 0.036544 0.019966 0.001223 0.333972 0.008989 2.273212
0.558718 0.040727 0.036519 0.019992 0.001222 0.333819 0.009003 2.277241
0.558886 0.040802 0.036372 0.019984 0.001224 0.333715 0.009017 2.281111
0.559115 0.040769 0.036371 0.019970 0.001225 0.333518 0.009031 2.285130
0.559363 0.040706 0.036353 0.020004 0.001230 0.333296 0.009047 2.289106
0.559603 0.040669 0.036339 0.019985 0.001230 0.333108 0.009066 2.293144
0.559790 0.040658 0.036326 0.019938 0.001234 0.332972 0.009082 2.297164
0.559963 0.040561 0.036349 0.019930 0.001233 0.332864 0.009101 2.301181
0.560105 0.040644 0.036298 0.019830 0.001239 0.332769 0.009115 2.305094
0.560388 0.040606 0.036283 0.019760 0.001235 0.332597 0.009132 2.309060
0.560635 0.040512 0.036287 0.019767 0.001220 0.332427 0.009152 2.313091
0.560801 0.040521 0.036344 0.019762 0.001217 0.332190 0.009166 2.317064
0.561072 0.040504 0.036415 0.019756 0.001222 0.331849 0.009181 2.321023
0.561259 0.040518 0.036379 0.019780 0.001214 0.331656 0.009194 2.325013
0.561421 0.040575 0.036360 0.019764 0.001206 0.331457 0.009217 2.328982
0.561655 0.040599 0.036295 0.019699 0.001222 0.331300 0.009231 2.332877
0.561931 0.040542 0.036276 0.019699 0.001209 0.331097 0.009248 2.336868
0.562087 0.040576 0.036215 0.019660 0.001216 0.330984 0.009262 2.340830
0.562333 0.040564 0.036221 0.019675 0.001210 0.330720 0.009277 2.344798
0.562451 0.040546 0.036219 0.019647 0.001225 0.330622 0.009291 2.348787
0.562606 0.040514 0.036210 0.019680 0.001221 0.330463 0.009307 2.352784
0.562822 0.040475 0.036175 0.019626 0.001232 0.330352 0.009318 2.356749
0.562959 0.040478 0.036120 0.019602 0.001236 0.330270 0.009335 2.360713
0.563202 0.040462 0.036122 0.019588 0.001238 0.330037 0.009352 2.364641
0.563438 0.040526 0.036084 0.019599 0.001251 0.329739 0.009364 2.368558
0.563580 0.040506 0.036132 0.019577 0.001239 0.329585 0.009382 2.372518
0.563799 0.040461 0.036127 0.019619 0.001229 0.329366 0.009399 2.376477
0.564103 0.040362 0.036118 0.019608 0.001225 0.329169 0.009416 2.380457
0.564365 0.040284 0.036168 0.019607 0.001221 0.328925 0.009430 2.384439
0.564531 0.040349 0.036165 0.019551 0.001222 0.328737 0.009445 2.388356
0.564787 0.040355 0.036114 0.019559 0.001221 0.328502 0.009461 2.392304
0.564989 0.040324 0.036095 0.019527 0.001221 0.328365 0.009480 2.396210
0.565087 0.040348 0.036103 0.019542 0.001216 0.328205 0.009500 2.400193
0.565245 0.040306 0.036070 0.019488 0.001221 0.328157 0.009513 2.404156
0.565309 0.040297 0.036108 0.019495 0.001219 0.328046 0.009526 2.408142
0.565346 0.040303 0.036123 0.019501 0.001232 0.327955 0.009539 2.412088
0.565564 0.040352 0.036103 0.019498 0.001228 0.327701 0.009554 2.416016
0.565673 0.040326 0.036164 0.019440 0.001232 0.327596 0.009569 2.419979
0.565876 0.040365 0.036135 0.019356 0.001244 0.327445 0.009580 2.423846
0.566042 0.040436 0.036088 0.019275 0.001246 0.327321 0.009592 2.427695
0.566180 0.040335 0.036182 0.019309 0.001245 0.327141 0.009608 2.431760
0.566263 0.040293 0.036145 0.019345 0.001252 0.327080 0.009622 2.435739
0.566484 0.040280 0.036030 0.019338 0.001249 0.326983 0.009636 2.439664
0.566619 0.040361 0.035963 0.019319 0.001256 0.326834 0.009648 2.443556
0.566872 0.040374 0.035905 0.019277 0.001248 0.326662 0.009663 2.447447
0.567081 0.040430 0.035835 0.019315 0.001247 0.326418 0.009673 2.451329
0.567243 0.040459 0.035780 0.019291 0.001244 0.326295 0.009688 2.455193
0.567457 0.040359 0.035764 0.019303 0.001228 0.326186 0.009703 2.459156
0.567503 0.040304 0.035783 0.019288 0.001223 0.326179 0.009719 2.463219
0.567593 0.040288 0.035725 0.019337 0.001218 0.326103 0.009738 2.467142
0.567734 0.040206 0.035747 0.019349 0.001224 0.325990 0.009750 2.471114
0.567883 0.040278 0.035730 0.019335 0.001229 0.325785 0.009761 2.475004
0.568078 0.040218 0.035789 0.019359 0.001241 0.325540 0.009775 2.478954
0.568187 0.040297 0.035758 0.019386 0.001237 0.325346 0.009789 2.482897
0.568366 0.040177 0.035824 0.019420 0.001232 0.325174 0.009808 2.486919
0.568521 0.040155 0.035827 0.019388 0.001237 0.325053 0.009818 2.490841
0.568707 0.040133 0.035777 0.019390 0.001238 0.324923 0.009833 2.494796
0.568819 0.040082 0.035849 0.019385 0.001230 0.324785 0.009849 2.498766
0.568879 0.040108 0.035861 0.019322 0.001231 0.324740 0.009861 2.502690
0.568995 0.040184 0.035767 0.019355 0.001227 0.324591 0.009881 2.506564
0.569063 0.040219 0.035800 0.019343 0.001228 0.324452 0.009895 2.510478
0.569086 0.040239 0.035786 0.019317 0.001223 0.324439 0.009911 2.514466
0.569391 0.040155 0.035791 0.019275 0.001210 0.324249 0.009931 2.518451
0.569562 0.040220 0.035714 0.019229 0.001217 0.324118 0.009941 2.522329
0.569713 0.040108 0.035785 0.019307 0.001212 0.323919 0.009956 2.526326
0.569915 0.040138 0.035698 0.019280 0.001218 0.323785 0.009967 2.530173
0.570054 0.040208 0.035623 0.019269 0.001217 0.323652 0.009978 2.534073
0.570180 0.040227 0.035649 0.019290 0.001217 0.323446 0.009991 2.537985
0.570371 0.040184 0.035668 0.019256 0.001211 0.323305 0.010008 2.541936
0.570579 0.040064 0.035654 0.019301 0.001212 0.323164 0.010027 2.545907
0.570658 0.040072 0.035754 0.019288 0.001222 0.322965 0.010042 2.549855
0.570756 0.040073 0.035808 0.019293 0.001221 0.322791 0.010058 2.553798
0.570881 0.040130 0.035780 0.019321 0.001213 0.322604 0.010071 2.557703
0.570945 0.040145 0.035798 0.019321 0.001215 0.322491 0.010086 2.561633
0.570979 0.040182 0.035954 0.019255 0.001215 0.322315 0.010100 2.565604
0.571012 0.040292 0.035949 0.019216 0.001224 0.322194 0.010113 2.569503
0.571023 0.040276 0.035988 0.019249 0.001218 0.322115 0.010132 2.573542
0.571094 0.040315 0.035959 0.019296 0.001222 0.321962 0.010152 2.577469
0.571140 0.040488 0.035889 0.019255 0.001227 0.321838 0.010162 2.581345
0.571150 0.040546 0.035881 0.019264 0.001221 0.321766 0.010171 2.585262
0.571266 0.040488 0.035943 0.019280 0.001231 0.321606 0.010187 2.589279
0.571313 0.040487 0.035928 0.019276 0.001221 0.321576 0.010201 2.593214
0.571531 0.040480 0.035889 0.019275 0.001226 0.321381 0.010219 2.597131
0.571572 0.040416 0.035949 0.019237 0.001220 0.321369 0.010236 2.601165
0.571522 0.040345 0.035987 0.019309 0.001222 0.321367 0.010249 2.605176
0.571533 0.040282 0.035988 0.019377 0.001220 0.321332 0.010268 2.609188
0.571577 0.040264 0.036023 0.019401 0.001219 0.321234 0.010282 2.613194
0.571723 0.040287 0.035926 0.019396 0.001228 0.321147 0.010294 2.617083
0.571769 0.040245 0.035934 0.019471 0.001233 0.321040 0.010308 2.621052
0.571803 0.040293 0.035894 0.019475 0.001234 0.320980 0.010321 2.624967
0.571782 0.040335 0.035808 0.019435 0.001236 0.321073 0.010332 2.628909
0.571676 0.040473 0.035775 0.019446 0.001234 0.321050 0.010346 2.632852
0.571709 0.040473 0.035783 0.019452 0.001238 0.320982 0.010364 2.636824
0.571797 0.040481 0.035771 0.019484 0.001234 0.320856 0.010376 2.640825
0.571795 0.040491 0.035755 0.019491 0.001233 0.320845 0.010391 2.644778
0.571910 0.040390 0.035776 0.019481 0.001235 0.320798 0.010411 2.648792
0.572079 0.040231 0.035782 0.019536 0.001236 0.320706 0.010429 2.652833
0.572017 0.040342 0.035752 0.019512 0.001233 0.320700 0.010445 2.656753
0.571935 0.040404 0.035712 0.019510 0.001238 0.320741 0.010460 2.660649
0.572143 0.040332 0.035712 0.019506 0.001229 0.320605 0.010473 2.664606
0.572211 0.040400 0.035664 0.019543 0.001233 0.320463 0.010487 2.668515
0.572242 0.040362 0.035603 0.019599 0.001224 0.320467 0.010504 2.672473
0.572311 0.040331 0.035648 0.019596 0.001219 0.320373 0.010523 2.676461
0.572387 0.040317 0.035638 0.019613 0.001222 0.320284 0.010539 2.680404
0.572491 0.040295 0.035562 0.019600 0.001219 0.320282 0.010550 2.684320
0.572598 0.040315 0.035535 0.019649 0.001221 0.320115 0.010568 2.688225
0.572673 0.040298 0.035538 0.019618 0.001215 0.320073 0.010585 2.692157
0.572757 0.040281 0.035576 0.019616 0.001217 0.319957 0.010596 2.696104
0.572820 0.040353 0.035564 0.019561 0.001209 0.319878 0.010615 2.699981
0.572888 0.040326 0.035649 0.019536 0.001204 0.319767 0.010630 2.703937
0.572936 0.040250 0.035784 0.019542 0.001201 0.319646 0.010642 2.707971
0.572965 0.040268 0.035746 0.019480 0.001202 0.319684 0.010656 2.711889
0.573010 0.040219 0.035809 0.019467 0.001207 0.319620 0.010670 2.715863
0.573008 0.040244 0.035761 0.019500 0.001207 0.319594 0.010687 2.719847
0.573130 0.040246 0.035764 0.019511 0.001188 0.319461 0.010701 2.723802
0.573098 0.040227 0.035826 0.019593 0.001181 0.319356 0.010720 2.727779
0.573107 0.040148 0.035893 0.019578 0.001169 0.319372 0.010735 2.731829
0.573071 0.040269 0.035880 0.019501 0.001178 0.319353 0.010748 2.735728
0.573032 0.040283 0.035878 0.019514 0.001182 0.319351 0.010760 2.739688
0.573059 0.040304 0.035922 0.019447 0.001175 0.319320 0.010773 2.743611
0.573082 0.040259 0.035912 0.019469 0.001178 0.319315 0.010786 2.747582
0.573105 0.040268 0.035950 0.019439 0.001173 0.319262 0.010803 2.751532
0.573165 0.040222 0.035983 0.019404 0.001181 0.319232 0.010814 2.755552
0.573250 0.040245 0.035966 0.019373 0.001193 0.319145 0.010828 2.759458
0.573266 0.040280 0.036040 0.019412 0.001188 0.318970 0.010845 2.763432
0.573245 0.040338 0.035959 0.019490 0.001192 0.318919 0.010856 2.767390
0.573234 0.040343 0.036026 0.019432 0.001195 0.318900 0.010870 2.771355
0.573273 0.040321 0.036039 0.019436 0.001193 0.318856 0.010882 2.775321
0.573282 0.040365 0.035987 0.019422 0.001194 0.318854 0.010897 2.779236
0.573226 0.040382 0.036016 0.019453 0.001185 0.318827 0.010910 2.783235
0.573165 0.040411 0.036011 0.019477 0.001186 0.318826 0.010925 2.787231
0.573191 0.040389 0.036059 0.019455 0.001184 0.318780 0.010942 2.791242
0.573228 0.040377 0.036121 0.019395 0.001181 0.318741 0.010958 2.795191
0.573135 0.040507 0.036102 0.019497 0.001176 0.318610 0.010973 2.799123
0.573182 0.040495 0.036091 0.019497 0.001174 0.318573 0.010989 2.803058
0.573208 0.040503 0.036134 0.019511 0.001166 0.318468 0.011010 2.807050
0.573262 0.040427 0.036152 0.019577 0.001152 0.318406 0.011023 2.811054
0.573230 0.040466 0.036163 0.019550 0.001163 0.318394 0.011035 2.815009
0.573195 0.040529 0.036118 0.019568 0.001157 0.318384 0.011049 2.818884
0.573073 0.040614 0.036112 0.019604 0.001164 0.318371 0.011060 2.822857
0.573038 0.040583 0.036145 0.019622 0.001167 0.318371 0.011073 2.826867
0.573075 0.040566 0.036147 0.019674 0.001168 0.318284 0.011085 2.830867
0.572968 0.040613 0.036166 0.019592 0.001162 0.318397 0.011101 2.834792
0.572957 0.040634 0.036161 0.019569 0.001169 0.318395 0.011115 2.838797
0.572941 0.040607 0.036188 0.019555 0.001166 0.318414 0.011130 2.842819
0.572916 0.040648 0.036159 0.019633 0.001166 0.318333 0.011145 2.846815
0.572929 0.040577 0.036237 0.019640 0.001170 0.318290 0.011157 2.850869
0.572915 0.040558 0.036227 0.019622 0.001172 0.318338 0.011169 2.854810
0.572984 0.040541 0.036160 0.019613 0.001172 0.318346 0.011184 2.858756
0.572931 0.040630 0.036056 0.019617 0.001175 0.318396 0.011195 2.862675
0.573000 0.040534 0.036130 0.019634 0.001173 0.318324 0.011206 2.866768
0.572993 0.040568 0.036159 0.019619 0.001161 0.318279 0.011220 2.870708
0.573001 0.040555 0.036189 0.019600 0.001165 0.318254 0.011236 2.874729
0.572913 0.040661 0.036183 0.019633 0.001156 0.318203 0.011250 2.878695
0.572892 0.040687 0.036166 0.019636 0.001158 0.318192 0.011269 2.882636
0.573009 0.040646 0.036081 0.019616 0.001161 0.318202 0.011284 2.886571
0.572967 0.040653 0.036209 0.019564 0.001147 0.318157 0.011303 2.890625
0.573040 0.040612 0.036254 0.019499 0.001157 0.318117 0.011321 2.894642
0.573015 0.040634 0.036242 0.019472 0.001163 0.318143 0.011331 2.898578
0.572860 0.040746 0.036221 0.019454 0.001158 0.318215 0.011346 2.902551
0.572873 0.040784 0.036171 0.019453 0.001152 0.318204 0.011362 2.906491
0.572897 0.040693 0.036196 0.019429 0.001171 0.318238 0.011376 2.910561
0.573009 0.040587 0.036236 0.019422 0.001182 0.318180 0.011386 2.914561
0.573042 0.040531 0.036279 0.019475 0.001177 0.318094 0.011403 2.918576
0.573066 0.040581 0.036231 0.019447 0.001176 0.318081 0.011417 2.922469
0.573157 0.040532 0.036192 0.019424 0.001178 0.318088 0.011429 2.926429
0.573170 0.040576 0.036154 0.019343 0.001179 0.318133 0.011444 2.930333
0.573193 0.040573 0.036143 0.019372 0.001171 0.318085 0.011464 2.934273
0.573214 0.040713 0.036125 0.019410 0.001164 0.317893 0.011480 2.938132
0.573306 0.040675 0.036021 0.019354 0.001164 0.317981 0.011498 2.942039
0.573502 0.040484 0.035964 0.019375 0.001175 0.317991 0.011509 2.946066
0.573650 0.040358 0.035983 0.019370 0.001172 0.317941 0.011525 2.950049
0.573676 0.040388 0.036009 0.019332 0.001170 0.317885 0.011541 2.953956
0.573772 0.040362 0.035945 0.019323 0.001160 0.317882 0.011556 2.957827
0.573744 0.040360 0.035962 0.019354 0.001161 0.317852 0.011568 2.961791
0.573784 0.040388 0.036026 0.019337 0.001170 0.317714 0.011582 2.965731
0.573761 0.040345 0.036069 0.019332 0.001169 0.317732 0.011592 2.969737
0.573752 0.040291 0.036159 0.019334 0.001160 0.317698 0.011606 2.973731
0.573643 0.040358 0.036181 0.019371 0.001150 0.317675 0.011623 2.977745
0.573745 0.040362 0.036146 0.019402 0.001151 0.317561 0.011634 2.981624
0.573727 0.040385 0.036167 0.019422 0.001144 0.317510 0.011646 2.985578
0.573771 0.040389 0.036157 0.019491 0.001139 0.317393 0.011660 2.989526
0.573784 0.040481 0.036193 0.019425 0.001153 0.317292 0.011673 2.993447
0.573798 0.040482 0.036176 0.019453 0.001155 0.317249 0.011687 2.997445
0.573882 0.040443 0.036106 0.019516 0.001158 0.317197 0.011698 3.001381
0.573777 0.040558 0.036072 0.019519 0.001157 0.317204 0.011713 3.005293
0.573844 0.040467 0.036076 0.019584 0.001151 0.317149 0.011729 3.009299
0.573786 0.040415 0.036112 0.019607 0.001154 0.317183 0.011743 3.013307
0.573822 0.040438 0.036111 0.019578 0.001147 0.317149 0.011756 3.017249
0.573848 0.040382 0.036152 0.019660 0.001144 0.317046 0.011769 3.021238
0.573778 0.040437 0.036106 0.019609 0.001152 0.317139 0.011779 3.025164
0.573950 0.040393 0.036114 0.019546 0.001156 0.317049 0.011792 3.029110
0.573951 0.040440 0.036114 0.019558 0.001163 0.316971 0.011803 3.033070
0.573980 0.040459 0.036115 0.019481 0.001173 0.316978 0.011815 3.037018
0.574015 0.040525 0.036068 0.019467 0.001177 0.316917 0.011830 3.040905
0.574018 0.040552 0.036094 0.019476 0.001182 0.316835 0.011844 3.044820
0.574066 0.040531 0.036058 0.019486 0.001174 0.316826 0.011859 3.048784
0.574127 0.040475 0.036045 0.019465 0.001181 0.316839 0.011867 3.052759
0.574164 0.040466 0.036002 0.019400 0.001183 0.316905 0.011880 3.056688
0.574330 0.040416 0.035995 0.019361 0.001190 0.316811 0.011898 3.060625
0.574371 0.040313 0.036079 0.019418 0.001185 0.316719 0.011916 3.064653
0.574318 0.040325 0.035990 0.019420 0.001188 0.316824 0.011936 3.068597
0.574327 0.040335 0.035967 0.019428 0.001192 0.316802 0.011950 3.072544
0.574187 0.040343 0.035977 0.019459 0.001199 0.316878 0.011958 3.076538
0.574218 0.040341 0.035903 0.019453 0.001201 0.316914 0.011971 3.080488
0.574238 0.040368 0.035922 0.019396 0.001208 0.316891 0.011978 3.084388
0.574410 0.040353 0.035811 0.019366 0.001213 0.316853 0.011995 3.088288
0.574398 0.040397 0.035915 0.019365 0.001212 0.316703 0.012011 3.092253
0.574555 0.040389 0.035920 0.019405 0.001202 0.316505 0.012025 3.096162
0.574595 0.040352 0.035952 0.019438 0.001196 0.316430 0.012038 3.100105
0.574657 0.040326 0.035946 0.019417 0.001208 0.316396 0.012049 3.104045
0.574737 0.040278 0.035918 0.019411 0.001212 0.316380 0.012065 3.107954
0.574710 0.040303 0.035879 0.019395 0.001215 0.316418 0.012080 3.111872
0.574698 0.040284 0.035871 0.019467 0.001211 0.316378 0.012092 3.115846
0.574732 0.040266 0.035921 0.019462 0.001214 0.316302 0.012102 3.119827
0.574681 0.040353 0.035912 0.019439 0.001213 0.316284 0.012118 3.123759
0.574674 0.040338 0.035941 0.019389 0.001208 0.316321 0.012129 3.127711
0.574754 0.040292 0.035990 0.019343 0.001213 0.316267 0.012141 3.131704
0.574783 0.040273 0.035912 0.019388 0.001201 0.316290 0.012154 3.135622
0.574812 0.040389 0.035834 0.019375 0.001185 0.316236 0.012168 3.139481
0.574800 0.040356 0.035922 0.019392 0.001181 0.316172 0.012178 3.143478
0.574895 0.040252 0.035974 0.019376 0.001192 0.316118 0.012193 3.147476
0.574772 0.040295 0.036053 0.019364 0.001192 0.316118 0.012205 3.151464
0.574759 0.040368 0.036028 0.019345 0.001197 0.316086 0.012217 3.155377
0.574697 0.040377 0.036097 0.019310 0.001200 0.316090 0.012230 3.159365
0.574633 0.040470 0.036121 0.019280 0.001193 0.316054 0.012249 3.163308
0.574514 0.040577 0.036039 0.019310 0.001194 0.316104 0.012263 3.167225
0.574425 0.040591 0.036061 0.019346 0.001189 0.316114 0.012275 3.171205
0.574407 0.040612 0.036096 0.019302 0.001189 0.316102 0.012292 3.175139
0.574387 0.040642 0.036118 0.019315 0.001185 0.316044 0.012308 3.179089
0.574446 0.040633 0.036055 0.019330 0.001184 0.316030 0.012324 3.183048
0.574368 0.040618 0.036135 0.019344 0.001181 0.316016 0.012339 3.187123
0.574372 0.040557 0.036145 0.019351 0.001173 0.316047 0.012354 3.191094
0.574328 0.040582 0.036175 0.019327 0.001171 0.316045 0.012373 3.195072
0.574294 0.040545 0.036165 0.019393 0.001160 0.316053 0.012391 3.199061
0.574286 0.040499 0.036231 0.019449 0.001171 0.315959 0.012406 3.203097
0.574287 0.040512 0.036219 0.019494 0.001173 0.315895 0.012421 3.207103
0.574266 0.040518 0.036229 0.019531 0.001166 0.315851 0.012438 3.211099
0.574236 0.040570 0.036213 0.019553 0.001167 0.315807 0.012453 3.215051
0.574212 0.040573 0.036251 0.019540 0.001172 0.315787 0.012466 3.219085
0.574205 0.040573 0.036182 0.019526 0.001173 0.315861 0.012481 3.223014
0.574192 0.040503 0.036202 0.019553 0.001166 0.315886 0.012498 3.227040
0.574179 0.040468 0.036165 0.019586 0.001178 0.315915 0.012510 3.231038
0.574183 0.040450 0.036159 0.019619 0.001189 0.315875 0.012526 3.235020
0.574155 0.040494 0.036035 0.019638 0.001190 0.315949 0.012539 3.238977
0.574209 0.040375 0.036082 0.019637 0.001195 0.315946 0.012556 3.242982
0.574128 0.040490 0.036113 0.019619 0.001202 0.315874 0.012574 3.246926
0.574067 0.040556 0.036165 0.019570 0.001210 0.315847 0.012586 3.250851
0.573982 0.040548 0.036192 0.019555 0.001209 0.315913 0.012602 3.254874
0.573988 0.040498 0.036212 0.019572 0.001213 0.315902 0.012615 3.258845
0.573897 0.040522 0.036221 0.019583 0.001213 0.315938 0.012625 3.262853
0.573866 0.040447 0.036220 0.019540 0.001203 0.316084 0.012641 3.266850
0.573828 0.040525 0.036121 0.019543 0.001196 0.316130 0.012658 3.270708
0.573914 0.040380 0.036119 0.019520 0.001193 0.316206 0.012670 3.274719
0.573975 0.040359 0.036239 0.019480 0.001201 0.316061 0.012683 3.278695
0.573923 0.040353 0.036191 0.019505 0.001209 0.316128 0.012692 3.282668
0.573857 0.040357 0.036220 0.019440 0.001211 0.316210 0.012705 3.286624
0.573865 0.040277 0.036172 0.019509 0.001212 0.316249 0.012717 3.290598
0.573910 0.040203 0.036171 0.019547 0.001216 0.316223 0.012731 3.294555
0.573923 0.040246 0.036105 0.019517 0.001201 0.316263 0.012745 3.298453
0.573849 0.040163 0.036215 0.019574 0.001195 0.316241 0.012763 3.302483
0.573994 0.040087 0.036240 0.019539 0.001192 0.316172 0.012777 3.306438
0.574041 0.040017 0.036297 0.019524 0.001191 0.316139 0.012792 3.310409
0.574017 0.040046 0.036249 0.019454 0.001188 0.316239 0.012808 3.314330
0.573964 0.040082 0.036196 0.019439 0.001191 0.316303 0.012826 3.318239
0.573997 0.040185 0.036128 0.019349 0.001188 0.316309 0.012844 3.322057
0.573996 0.040247 0.036029 0.019334 0.001193 0.316346 0.012854 3.325960
0.574082 0.040222 0.035983 0.019331 0.001190 0.316322 0.012871 3.329860
0.574093 0.040253 0.035966 0.019370 0.001182 0.316250 0.012885 3.333782
0.574104 0.040295 0.035901 0.019387 0.001182 0.316232 0.012900 3.337685
0.574061 0.040245 0.035913 0.019518 0.001174 0.316176 0.012913 3.341683
0.574003 0.040230 0.035941 0.019549 0.001172 0.316180 0.012925 3.345699
0.574076 0.040162 0.036078 0.019495 0.001180 0.316072 0.012936 3.349706
0.574097 0.040083 0.036113 0.019473 0.001190 0.316094 0.012949 3.353678
0.574159 0.040123 0.035987 0.019426 0.001188 0.316153 0.012963 3.357582
0.574244 0.040133 0.035966 0.019319 0.001189 0.316172 0.012979 3.361458
0.574210 0.040073 0.035989 0.019382 0.001182 0.316174 0.012992 3.365460
0.574285 0.039991 0.035999 0.019390 0.001176 0.316153 0.013007 3.369434
0.574351 0.039950 0.036004 0.019385 0.001172 0.316115 0.013024 3.373373
0.574396 0.039968 0.036028 0.019427 0.001173 0.315969 0.013039 3.377312
0.574426 0.039958 0.035887 0.019441 0.001180 0.316055 0.013053 3.381192
0.574460 0.040008 0.035802 0.019444 0.001169 0.316052 0.013066 3.385081
0.574462 0.040048 0.035808 0.019395 0.001160 0.316050 0.013078 3.388964
0.574447 0.040027 0.035770 0.019316 0.001171 0.316182 0.013088 3.392821
0.574501 0.039955 0.035759 0.019341 0.001166 0.316174 0.013105 3.396790
0.574479 0.039995 0.035686 0.019370 0.001171 0.316183 0.013116 3.400669
0.574592 0.040022 0.035641 0.019381 0.001169 0.316065 0.013131 3.404554
0.574693 0.039969 0.035663 0.019337 0.001167 0.316026 0.013146 3.408466
0.574724 0.039965 0.035670 0.019367 0.001174 0.315941 0.013161 3.412425
0.574789 0.039949 0.035638 0.019345 0.001169 0.315935 0.013176 3.416331
0.574886 0.039896 0.035582 0.019341 0.001162 0.315939 0.013195 3.420209
0.574976 0.039848 0.035596 0.019310 0.001151 0.315910 0.013208 3.424133
0.575119 0.039757 0.035636 0.019293 0.001151 0.315820 0.013225 3.428050
0.575025 0.039912 0.035575 0.019252 0.001143 0.315854 0.013238 3.431867
0.575111 0.039881 0.035650 0.019235 0.001140 0.315729 0.013254 3.435825
0.575183 0.039852 0.035633 0.019229 0.001142 0.315696 0.013266 3.439737
0.575233 0.039788 0.035695 0.019183 0.001148 0.315673 0.013278 3.443679
0.575222 0.039849 0.035675 0.019194 0.001150 0.315619 0.013291 3.447546
0.575229 0.039845 0.035661 0.019217 0.001154 0.315592 0.013303 3.451456
0.575156 0.039842 0.035674 0.019253 0.001156 0.315601 0.013318 3.455339
0.575210 0.039838 0.035728 0.019266 0.001163 0.315462 0.013333 3.459259
0.575292 0.039808 0.035766 0.019251 0.001165 0.315373 0.013344 3.463180
0.575321 0.039769 0.035709 0.019265 0.001174 0.315405 0.013357 3.467130
0.575363 0.039865 0.035590 0.019247 0.001167 0.315398 0.013371 3.470921
0.575423 0.039884 0.035534 0.019195 0.001170 0.315411 0.013385 3.474773
0.575591 0.039848 0.035560 0.019173 0.001173 0.315257 0.013399 3.478684
0.575622 0.039838 0.035560 0.019152 0.001174 0.315241 0.013413 3.482590
0.575598 0.039920 0.035536 0.019112 0.001171 0.315236 0.013427 3.486430
0.575635 0.040017 0.035479 0.019120 0.001163 0.315145 0.013442 3.490247
0.575680 0.039953 0.035496 0.019133 0.001181 0.315102 0.013456 3.494151
0.575663 0.039967 0.035499 0.019087 0.001176 0.315132 0.013476 3.498078
0.575732 0.039890 0.035484 0.019129 0.001170 0.315100 0.013494 3.502045
0.575815 0.039838 0.035507 0.019126 0.001166 0.315036 0.013511 3.506021
0.575845 0.039832 0.035584 0.019179 0.001150 0.314881 0.013528 3.509981
0.575906 0.039863 0.035568 0.019174 0.001151 0.314798 0.013539 3.513851
0.575894 0.039880 0.035544 0.019170 0.001148 0.314808 0.013556 3.517739
0.575845 0.039956 0.035528 0.019194 0.001146 0.314757 0.013575 3.521673
0.575928 0.039822 0.035620 0.019203 0.001148 0.314688 0.013592 3.525673
0.576030 0.039825 0.035622 0.019215 0.001155 0.314550 0.013605 3.529563
0.576033 0.039814 0.035613 0.019222 0.001158 0.314535 0.013625 3.533529
0.576148 0.039804 0.035612 0.019165 0.001164 0.314471 0.013637 3.537384
0.576192 0.039872 0.035530 0.019179 0.001174 0.314403 0.013651 3.541250
0.576119 0.039911 0.035599 0.019191 0.001183 0.314334 0.013664 3.545186
0.576129 0.039934 0.035626 0.019223 0.001187 0.314229 0.013672 3.549106
0.576090 0.039959 0.035633 0.019168 0.001195 0.314272 0.013683 3.553011
0.576134 0.039980 0.035665 0.019190 0.001199 0.314137 0.013694 3.556924
0.576271 0.039948 0.035584 0.019165 0.001202 0.314122 0.013709 3.560841
0.576340 0.039838 0.035595 0.019171 0.001192 0.314139 0.013725 3.564797
0.576384 0.039779 0.035538 0.019123 0.001184 0.314248 0.013744 3.568721
0.576311 0.039826 0.035495 0.019121 0.001191 0.314298 0.013758 3.572614
0.576242 0.039906 0.035532 0.019125 0.001187 0.314235 0.013773 3.576531
0.576308 0.039892 0.035514 0.019130 0.001186 0.314187 0.013784 3.580408
0.576239 0.039864 0.035594 0.019127 0.001176 0.314203 0.013797 3.584363
0.576235 0.039888 0.035592 0.019082 0.001175 0.314215 0.013812 3.588320
0.576124 0.039881 0.035605 0.019113 0.001185 0.314269 0.013822 3.592258
0.575975 0.039986 0.035646 0.019093 0.001189 0.314274 0.013838 3.596175
0.575906 0.039944 0.035668 0.019099 0.001186 0.314346 0.013852 3.600135
0.575837 0.040002 0.035709 0.019078 0.001191 0.314318 0.013865 3.604085
0.575774 0.040123 0.035651 0.019076 0.001191 0.314307 0.013878 3.607935
0.575822 0.040044 0.035643 0.019118 0.001187 0.314297 0.013889 3.611861
0.575836 0.040003 0.035596 0.019120 0.001185 0.314356 0.013905 3.615801
0.575950 0.039954 0.035598 0.019057 0.001191 0.314333 0.013917 3.619694
0.575893 0.039952 0.035616 0.019113 0.001181 0.314318 0.013927 3.623646
0.575992 0.040005 0.035501 0.019179 0.001177 0.314202 0.013944 3.627471
0.576021 0.039897 0.035588 0.019217 0.001179 0.314138 0.013959 3.631472
0.576043 0.039960 0.035528 0.019201 0.001188 0.314116 0.013967 3.635326
0.575994 0.040047 0.035578 0.019131 0.001190 0.314079 0.013981 3.639196
0.576076 0.040080 0.035519 0.019127 0.001177 0.314029 0.013993 3.643047
0.576054 0.040128 0.035513 0.019111 0.001188 0.314002 0.014005 3.646921
0.576130 0.040164 0.035512 0.019110 0.001183 0.313883 0.014019 3.650815
0.576014 0.040174 0.035578 0.019145 0.001176 0.313878 0.014035 3.654735
0.576035 0.040046 0.035585 0.019227 0.001163 0.313890 0.014054 3.658751
0.575988 0.040159 0.035568 0.019228 0.001156 0.313835 0.014067 3.662620
0.575978 0.040129 0.035589 0.019202 0.001156 0.313862 0.014085 3.666586
0.575935 0.040169 0.035586 0.019173 0.001163 0.313877 0.014097 3.670529
0.576018 0.040137 0.035508 0.019192 0.001167 0.313866 0.014111 3.674392
0.575997 0.040178 0.035435 0.019166 0.001173 0.313924 0.014127 3.678267
0.576127 0.040057 0.035467 0.019242 0.001175 0.313788 0.014144 3.682282
0.576095 0.040120 0.035494 0.019195 0.001182 0.313760 0.014154 3.686216
0.576042 0.040284 0.035547 0.019191 0.001182 0.313583 0.014171 3.690056
0.576075 0.040232 0.035516 0.019233 0.001177 0.313583 0.014185 3.693992
0.576083 0.040191 0.035480 0.019317 0.001182 0.313549 0.014196 3.697947
0.576123 0.040243 0.035436 0.019299 0.001184 0.313503 0.014212 3.701806
0.576200 0.040178 0.035507 0.019290 0.001196 0.313408 0.014223 3.705762
0.576239 0.040097 0.035572 0.019274 0.001201 0.313384 0.014234 3.709758
0.576222 0.040122 0.035626 0.019260 0.001203 0.313324 0.014244 3.713689
0.576238 0.040043 0.035668 0.019253 0.001210 0.313332 0.014257 3.717672
0.576188 0.040096 0.035729 0.019234 0.001203 0.313279 0.014272 3.721595
0.576170 0.040099 0.035747 0.019304 0.001204 0.313192 0.014285 3.725560
0.576193 0.040107 0.035674 0.019259 0.001197 0.313271 0.014300 3.729455
0.576216 0.040003 0.035717 0.019260 0.001187 0.313303 0.014313 3.733414
0.576168 0.039949 0.035716 0.019217 0.001180 0.313440 0.014330 3.737385
0.576175 0.039987 0.035653 0.019272 0.001175 0.313393 0.014345 3.741250
0.576083 0.040079 0.035586 0.019252 0.001171 0.313468 0.014361 3.745113
0.576026 0.040088 0.035596 0.019260 0.001165 0.313491 0.014375 3.749059
0.576131 0.040014 0.035623 0.019282 0.001156 0.313400 0.014396 3.753039
0.576184 0.039967 0.035647 0.019248 0.001146 0.313401 0.014408 3.756967
0.576216 0.039948 0.035687 0.019303 0.001144 0.313282 0.014421 3.760951
0.576110 0.040009 0.035743 0.019363 0.001144 0.313197 0.014433 3.764911
0.576154 0.039910 0.035762 0.019406 0.001138 0.313188 0.014441 3.768861
0.576131 0.039802 0.035852 0.019429 0.001139 0.313191 0.014455 3.772884
0.576217 0.039827 0.035806 0.019425 0.001145 0.313110 0.014469 3.776751
0.576144 0.039992 0.035765 0.019366 0.001143 0.313109 0.014481 3.780576
0.576167 0.040088 0.035750 0.019290 0.001148 0.313062 0.014494 3.784462
