0.361579 0.061477 0.055170 0.031351 0.002062 0.482627 0.005733 1.585051
0.364133 0.058952 0.055128 0.031072 0.002064 0.482897 0.005756 1.590984
0.367632 0.055900 0.054901 0.030744 0.002062 0.482975 0.005786 1.596625
0.371530 0.052653 0.054583 0.030344 0.002076 0.483002 0.005812 1.601983
0.375766 0.049436 0.054093 0.029858 0.002071 0.482939 0.005837 1.606970
0.380299 0.046258 0.053369 0.029259 0.002071 0.482884 0.005861 1.611652
0.385005 0.043243 0.052538 0.028618 0.002051 0.482655 0.005890 1.615995
0.389883 0.040323 0.051585 0.027888 0.002039 0.482366 0.005916 1.620071
0.394890 0.037586 0.050538 0.027136 0.002009 0.481897 0.005945 1.623836
0.399960 0.034955 0.049454 0.026283 0.002005 0.481371 0.005972 1.627418
0.405113 0.032493 0.048205 0.025486 0.001995 0.480706 0.006002 1.630702
0.410366 0.030207 0.046928 0.024668 0.001986 0.479815 0.006029 1.633765
0.415558 0.028140 0.045526 0.023864 0.001965 0.478896 0.006052 1.636577
0.420932 0.026211 0.044149 0.023018 0.001948 0.477666 0.006077 1.639235
0.426326 0.024321 0.042752 0.022188 0.001922 0.476383 0.006109 1.641754
0.431677 0.022671 0.041370 0.021300 0.001902 0.474948 0.006133 1.644046
0.436955 0.021165 0.039990 0.020435 0.001878 0.473426 0.006150 1.646174
0.442351 0.019717 0.038531 0.019587 0.001859 0.471779 0.006176 1.648153
0.447729 0.018298 0.037139 0.018843 0.001834 0.469952 0.006205 1.650120
0.452976 0.017138 0.035807 0.018003 0.001794 0.468055 0.006226 1.651833
0.458410 0.015999 0.034402 0.017222 0.001760 0.465965 0.006243 1.653459
0.463660 0.014956 0.033095 0.016539 0.001735 0.463747 0.006267 1.654986
0.468996 0.013978 0.031837 0.015778 0.001711 0.461414 0.006286 1.656416
0.474310 0.013111 0.030506 0.015050 0.001684 0.459029 0.006310 1.657719
0.479645 0.012273 0.029198 0.014359 0.001661 0.456533 0.006331 1.658962
0.484903 0.011527 0.028013 0.013709 0.001631 0.453864 0.006355 1.660129
0.490230 0.010855 0.026767 0.013058 0.001598 0.451118 0.006374 1.661181
0.495533 0.010219 0.025633 0.012418 0.001566 0.448235 0.006398 1.662195
0.500803 0.009595 0.024555 0.011848 0.001541 0.445238 0.006421 1.663192
0.506071 0.009036 0.023496 0.011275 0.001509 0.442172 0.006442 1.664097
0.511217 0.008567 0.022403 0.010754 0.001481 0.439116 0.006462 1.664934
0.516331 0.008072 0.021451 0.010266 0.001443 0.435952 0.006484 1.665767
0.521505 0.007663 0.020457 0.009751 0.001424 0.432698 0.006503 1.666518
0.526573 0.007220 0.019550 0.009289 0.001397 0.429453 0.006518 1.667279
0.531642 0.006850 0.018618 0.008875 0.001368 0.426113 0.006534 1.667955
0.536625 0.006483 0.017804 0.008436 0.001334 0.422762 0.006556 1.668616
0.541617 0.006151 0.016997 0.008030 0.001315 0.419319 0.006572 1.669239
0.546465 0.005824 0.016218 0.007649 0.001272 0.415981 0.006591 1.669848
0.551290 0.005573 0.015441 0.007272 0.001239 0.412571 0.006613 1.670398
0.556189 0.005335 0.014747 0.006915 0.001210 0.408977 0.006627 1.670924
0.561096 0.005110 0.014072 0.006593 0.001174 0.405306 0.006649 1.671412
0.565915 0.004860 0.013442 0.006274 0.001145 0.401699 0.006664 1.671900
0.570705 0.004629 0.012813 0.005981 0.001109 0.398078 0.006685 1.672378
0.575399 0.004424 0.012207 0.005684 0.001075 0.394508 0.006702 1.672814
0.580059 0.004248 0.011630 0.005392 0.001041 0.390911 0.006719 1.673223
0.584691 0.004045 0.011087 0.005168 0.001019 0.387256 0.006733 1.673639
0.589336 0.003887 0.010568 0.004914 0.000991 0.383559 0.006744 1.674008
0.593923 0.003715 0.010138 0.004678 0.000969 0.379824 0.006754 1.674392
0.598453 0.003563 0.009656 0.004463 0.000949 0.376153 0.006762 1.674759
0.602929 0.003426 0.009243 0.004265 0.000917 0.372443 0.006777 1.675095
0.607419 0.003294 0.008817 0.004044 0.000891 0.368744 0.006792 1.675416
0.611849 0.003153 0.008426 0.003866 0.000868 0.365035 0.006804 1.675753
0.616207 0.003054 0.008051 0.003670 0.000843 0.361358 0.006816 1.676047
0.620469 0.002936 0.007729 0.003492 0.000821 0.357728 0.006825 1.676359
0.624688 0.002818 0.007398 0.003337 0.000803 0.354118 0.006837 1.676638
0.628966 0.002720 0.007041 0.003187 0.000785 0.350454 0.006847 1.676899
0.633182 0.002629 0.006719 0.003043 0.000763 0.346804 0.006861 1.677157
0.637325 0.002557 0.006405 0.002902 0.000741 0.343196 0.006874 1.677391
0.641456 0.002479 0.006113 0.002756 0.000722 0.339592 0.006882 1.677622
0.645524 0.002412 0.005825 0.002627 0.000701 0.336017 0.006894 1.677843
0.649587 0.002342 0.005564 0.002498 0.000685 0.332424 0.006901 1.678064
0.653545 0.002282 0.005333 0.002378 0.000668 0.328887 0.006908 1.678281
0.657450 0.002207 0.005127 0.002284 0.000647 0.325366 0.006919 1.678507
0.661359 0.002140 0.004911 0.002199 0.000629 0.321838 0.006926 1.678730
0.665273 0.002070 0.004705 0.002124 0.000612 0.318283 0.006933 1.678942
0.669085 0.002001 0.004543 0.002040 0.000592 0.314799 0.006940 1.679150
0.672905 0.001937 0.004374 0.001949 0.000568 0.311315 0.006952 1.679342
0.676651 0.001890 0.004206 0.001883 0.000552 0.307856 0.006962 1.679529
0.680327 0.001820 0.004023 0.001810 0.000534 0.304516 0.006970 1.679712
0.684013 0.001785 0.003863 0.001732 0.000514 0.301115 0.006978 1.679880
0.687697 0.001747 0.003701 0.001658 0.000501 0.297710 0.006986 1.680031
0.691314 0.001708 0.003548 0.001606 0.000482 0.294348 0.006993 1.680191
0.694848 0.001663 0.003405 0.001529 0.000469 0.291087 0.007000 1.680349
0.698236 0.001626 0.003288 0.001467 0.000459 0.287919 0.007006 1.680508
0.701638 0.001577 0.003147 0.001412 0.000441 0.284770 0.007014 1.680667
0.705047 0.001520 0.003039 0.001374 0.000425 0.281574 0.007021 1.680838
0.708468 0.001490 0.002933 0.001329 0.000412 0.278342 0.007027 1.680978
0.711775 0.001451 0.002825 0.001280 0.000398 0.275239 0.007032 1.681120
0.715010 0.001424 0.002716 0.001233 0.000376 0.272202 0.007039 1.681253
0.718325 0.001383 0.002629 0.001179 0.000365 0.269077 0.007043 1.681391
0.721601 0.001351 0.002544 0.001139 0.000351 0.265968 0.007047 1.681533
0.724747 0.001327 0.002448 0.001099 0.000342 0.262984 0.007054 1.681653
0.727941 0.001284 0.002358 0.001064 0.000332 0.259962 0.007059 1.681780
0.731064 0.001237 0.002287 0.001015 0.000322 0.257014 0.007063 1.681916
0.734194 0.001201 0.002226 0.000986 0.000314 0.254012 0.007068 1.682047
0.737321 0.001170 0.002139 0.000955 0.000301 0.251041 0.007075 1.682163
0.740310 0.001134 0.002061 0.000930 0.000293 0.248197 0.007077 1.682289
0.743323 0.001109 0.001985 0.000903 0.000282 0.245316 0.007084 1.682396
0.746316 0.001094 0.001933 0.000879 0.000269 0.242423 0.007088 1.682500
0.749267 0.001064 0.001865 0.000866 0.000263 0.239586 0.007090 1.682613
0.752175 0.001058 0.001799 0.000832 0.000258 0.236785 0.007094 1.682719
0.755037 0.001026 0.001739 0.000790 0.000248 0.234065 0.007097 1.682820
0.757908 0.001007 0.001687 0.000771 0.000238 0.231291 0.007100 1.682923
0.760720 0.000988 0.001630 0.000736 0.000230 0.228594 0.007103 1.683014
0.763458 0.000958 0.001585 0.000719 0.000222 0.225956 0.007105 1.683118
0.766245 0.000938 0.001543 0.000702 0.000217 0.223249 0.007107 1.683213
0.768973 0.000920 0.001498 0.000685 0.000210 0.220604 0.007109 1.683303
0.771664 0.000910 0.001440 0.000667 0.000205 0.218000 0.007114 1.683382
0.774308 0.000908 0.001390 0.000646 0.000197 0.215436 0.007116 1.683459
0.776930 0.000889 0.001361 0.000629 0.000191 0.212882 0.007118 1.683549
0.779481 0.000880 0.001324 0.000599 0.000191 0.210409 0.007118 1.683634
0.781974 0.000870 0.001281 0.000587 0.000185 0.207985 0.007120 1.683724
0.784481 0.000847 0.001244 0.000579 0.000177 0.205550 0.007123 1.683804
0.787008 0.000825 0.001207 0.000566 0.000172 0.203098 0.007125 1.683896
0.789457 0.000815 0.001174 0.000542 0.000162 0.200722 0.007128 1.683975
0.791867 0.000793 0.001138 0.000525 0.000157 0.198389 0.007131 1.684051
0.794299 0.000778 0.001106 0.000507 0.000150 0.196026 0.007134 1.684121
0.796699 0.000756 0.001073 0.000503 0.000146 0.193688 0.007136 1.684195
0.799125 0.000733 0.001053 0.000483 0.000145 0.191326 0.007136 1.684271
0.801394 0.000717 0.001032 0.000479 0.000140 0.189100 0.007138 1.684351
0.803681 0.000710 0.001011 0.000476 0.000135 0.186850 0.007139 1.684421
0.805976 0.000695 0.000986 0.000458 0.000132 0.184612 0.007142 1.684491
0.808192 0.000683 0.000956 0.000442 0.000128 0.182456 0.007143 1.684549
0.810397 0.000667 0.000935 0.000427 0.000124 0.180304 0.007146 1.684621
0.812621 0.000651 0.000908 0.000417 0.000120 0.178136 0.007148 1.684691
0.814795 0.000641 0.000891 0.000411 0.000115 0.175999 0.007149 1.684759
0.816960 0.000618 0.000886 0.000400 0.000109 0.173877 0.007152 1.684829
0.819034 0.000606 0.000889 0.000394 0.000105 0.171819 0.007153 1.684896
0.821089 0.000585 0.000880 0.000390 0.000103 0.169801 0.007153 1.684964
0.823111 0.000577 0.000860 0.000382 0.000101 0.167816 0.007153 1.685024
0.825141 0.000563 0.000842 0.000371 0.000098 0.165828 0.007156 1.685084
0.827131 0.000569 0.000822 0.000363 0.000097 0.163861 0.007158 1.685133
0.829145 0.000551 0.000804 0.000350 0.000094 0.161898 0.007159 1.685193
0.831078 0.000558 0.000773 0.000342 0.000090 0.160000 0.007159 1.685241
0.833028 0.000557 0.000750 0.000337 0.000086 0.158080 0.007162 1.685294
0.834927 0.000543 0.000736 0.000327 0.000083 0.156221 0.007164 1.685358
0.836788 0.000531 0.000711 0.000324 0.000082 0.154401 0.007164 1.685413
0.838654 0.000518 0.000700 0.000312 0.000078 0.152573 0.007165 1.685465
0.840445 0.000512 0.000685 0.000306 0.000077 0.150809 0.007167 1.685517
0.842246 0.000522 0.000662 0.000298 0.000073 0.149032 0.007168 1.685558
0.844008 0.000513 0.000658 0.000295 0.000072 0.147285 0.007170 1.685616
0.845790 0.000515 0.000645 0.000289 0.000071 0.145520 0.007171 1.685666
0.847533 0.000505 0.000644 0.000287 0.000067 0.143792 0.007173 1.685722
0.849249 0.000500 0.000628 0.000278 0.000062 0.142109 0.007174 1.685768
0.850910 0.000489 0.000621 0.000279 0.000061 0.140467 0.007174 1.685821
0.852569 0.000486 0.000606 0.000264 0.000062 0.138839 0.007175 1.685863
0.854212 0.000496 0.000591 0.000255 0.000060 0.137211 0.007175 1.685902
0.855822 0.000495 0.000586 0.000244 0.000057 0.135620 0.007176 1.685949
0.857435 0.000490 0.000570 0.000235 0.000055 0.134038 0.007177 1.685992
0.859019 0.000491 0.000557 0.000237 0.000053 0.132465 0.007179 1.686033
0.860574 0.000475 0.000554 0.000235 0.000052 0.130931 0.007180 1.686084
0.862118 0.000472 0.000541 0.000228 0.000051 0.129410 0.007180 1.686130
0.863597 0.000473 0.000530 0.000231 0.000049 0.127940 0.007181 1.686170
0.865124 0.000466 0.000522 0.000235 0.000047 0.126424 0.007183 1.686221
0.866648 0.000456 0.000519 0.000230 0.000046 0.124919 0.007183 1.686266
0.868110 0.000450 0.000504 0.000225 0.000046 0.123483 0.007183 1.686310
0.869494 0.000447 0.000500 0.000220 0.000044 0.122112 0.007184 1.686348
0.870874 0.000449 0.000496 0.000221 0.000044 0.120732 0.007184 1.686398
0.872273 0.000441 0.000505 0.000224 0.000041 0.119332 0.007186 1.686450
0.873601 0.000434 0.000504 0.000223 0.000041 0.118012 0.007187 1.686495
0.874948 0.000431 0.000504 0.000220 0.000040 0.116672 0.007187 1.686546
0.876275 0.000434 0.000495 0.000213 0.000039 0.115358 0.007187 1.686587
0.877571 0.000433 0.000480 0.000215 0.000040 0.114075 0.007188 1.686628
0.878804 0.000441 0.000469 0.000211 0.000039 0.112850 0.007188 1.686665
0.880018 0.000431 0.000470 0.000211 0.000036 0.111647 0.007189 1.686712
0.881211 0.000430 0.000465 0.000208 0.000037 0.110460 0.007190 1.686753
0.882395 0.000424 0.000460 0.000205 0.000037 0.109290 0.007190 1.686797
0.883581 0.000419 0.000459 0.000207 0.000036 0.108108 0.007191 1.686840
0.884784 0.000405 0.000453 0.000205 0.000035 0.106928 0.007191 1.686882
0.885930 0.000405 0.000450 0.000197 0.000035 0.105792 0.007191 1.686918
0.887039 0.000397 0.000439 0.000194 0.000034 0.104707 0.007191 1.686953
0.888186 0.000403 0.000420 0.000189 0.000036 0.103576 0.007191 1.686982
0.889321 0.000393 0.000424 0.000189 0.000035 0.102448 0.007192 1.687031
0.890370 0.000387 0.000420 0.000187 0.000034 0.101411 0.007192 1.687070
0.891361 0.000385 0.000411 0.000182 0.000034 0.100436 0.007192 1.687102
0.892344 0.000384 0.000403 0.000186 0.000032 0.099458 0.007193 1.687133
0.893328 0.000380 0.000402 0.000185 0.000032 0.098480 0.007193 1.687171
0.894303 0.000377 0.000395 0.000186 0.000030 0.097515 0.007195 1.687206
0.895190 0.000377 0.000385 0.000179 0.000031 0.096645 0.007195 1.687238
0.896096 0.000376 0.000379 0.000179 0.000028 0.095746 0.007197 1.687272
0.897012 0.000360 0.000378 0.000177 0.000028 0.094850 0.007197 1.687318
0.897902 0.000354 0.000381 0.000175 0.000025 0.093966 0.007197 1.687353
0.898768 0.000349 0.000385 0.000168 0.000026 0.093107 0.007197 1.687388
0.899629 0.000352 0.000381 0.000165 0.000023 0.092253 0.007198 1.687418
0.900485 0.000353 0.000377 0.000168 0.000022 0.091398 0.007198 1.687453
0.901317 0.000353 0.000372 0.000165 0.000021 0.090574 0.007198 1.687482
0.902154 0.000344 0.000373 0.000165 0.000020 0.089746 0.007198 1.687515
0.902950 0.000340 0.000366 0.000168 0.000020 0.088957 0.007199 1.687547
0.903763 0.000335 0.000362 0.000164 0.000019 0.088158 0.007199 1.687574
0.904537 0.000327 0.000359 0.000161 0.000019 0.087398 0.007199 1.687607
0.905293 0.000326 0.000367 0.000160 0.000019 0.086636 0.007199 1.687641
0.906061 0.000319 0.000367 0.000157 0.000020 0.085878 0.007199 1.687674
0.906795 0.000322 0.000357 0.000154 0.000018 0.085154 0.007200 1.687703
0.907540 0.000316 0.000356 0.000153 0.000017 0.084419 0.007200 1.687736
0.908245 0.000317 0.000351 0.000149 0.000017 0.083721 0.007200 1.687766
0.908934 0.000310 0.000353 0.000147 0.000017 0.083040 0.007200 1.687798
0.909598 0.000316 0.000347 0.000149 0.000017 0.082374 0.007200 1.687827
0.910288 0.000319 0.000346 0.000148 0.000016 0.081684 0.007200 1.687855
0.910928 0.000321 0.000340 0.000145 0.000016 0.081049 0.007200 1.687883
0.911544 0.000316 0.000338 0.000140 0.000016 0.080447 0.007200 1.687912
0.912204 0.000323 0.000329 0.000141 0.000015 0.079787 0.007200 1.687941
0.912846 0.000317 0.000327 0.000138 0.000015 0.079158 0.007200 1.687971
0.913462 0.000310 0.000332 0.000143 0.000015 0.078538 0.007202 1.688009
0.914035 0.000299 0.000330 0.000137 0.000015 0.077983 0.007202 1.688042
0.914602 0.000301 0.000331 0.000135 0.000014 0.077416 0.007202 1.688066
0.915172 0.000294 0.000331 0.000138 0.000014 0.076849 0.007202 1.688099
0.915753 0.000293 0.000327 0.000135 0.000013 0.076278 0.007202 1.688125
0.916276 0.000286 0.000333 0.000135 0.000013 0.075755 0.007202 1.688157
0.916834 0.000284 0.000328 0.000134 0.000013 0.075204 0.007202 1.688183
0.917378 0.000277 0.000336 0.000137 0.000013 0.074657 0.007203 1.688219
0.917904 0.000275 0.000333 0.000137 0.000014 0.074134 0.007203 1.688250
0.918406 0.000269 0.000323 0.000141 0.000014 0.073645 0.007203 1.688278
0.918894 0.000268 0.000324 0.000138 0.000014 0.073158 0.007203 1.688301
0.919390 0.000276 0.000313 0.000134 0.000014 0.072669 0.007203 1.688322
0.919842 0.000288 0.000308 0.000131 0.000013 0.072214 0.007204 1.688343
0.920300 0.000284 0.000308 0.000133 0.000013 0.071758 0.007204 1.688372
0.920731 0.000299 0.000304 0.000133 0.000013 0.071316 0.007204 1.688395
0.921182 0.000305 0.000302 0.000135 0.000012 0.070860 0.007205 1.688420
0.921599 0.000296 0.000310 0.000134 0.000012 0.070444 0.007205 1.688457
0.922026 0.000293 0.000310 0.000134 0.000012 0.070021 0.007205 1.688485
0.922454 0.000287 0.000314 0.000138 0.000011 0.069592 0.007206 1.688522
0.922874 0.000285 0.000301 0.000142 0.000010 0.069183 0.007206 1.688552
0.923285 0.000285 0.000296 0.000140 0.000010 0.068779 0.007206 1.688581
0.923721 0.000284 0.000294 0.000136 0.000010 0.068349 0.007206 1.688605
0.924115 0.000278 0.000294 0.000138 0.000011 0.067958 0.007207 1.688636
0.924536 0.000273 0.000289 0.000133 0.000011 0.067552 0.007207 1.688661
0.924919 0.000267 0.000282 0.000131 0.000011 0.067184 0.007207 1.688686
0.925312 0.000265 0.000276 0.000130 0.000011 0.066800 0.007207 1.688712
0.925681 0.000269 0.000274 0.000130 0.000010 0.066430 0.007207 1.688735
0.926018 0.000271 0.000271 0.000131 0.000009 0.066093 0.007207 1.688760
0.926350 0.000264 0.000280 0.000124 0.000010 0.065765 0.007207 1.688794
0.926724 0.000262 0.000276 0.000127 0.000010 0.065395 0.007207 1.688819
0.927059 0.000253 0.000276 0.000123 0.000010 0.065073 0.007207 1.688845
0.927390 0.000254 0.000279 0.000121 0.000010 0.064741 0.007207 1.688873
0.927705 0.000252 0.000282 0.000116 0.000011 0.064428 0.007207 1.688896
0.928009 0.000253 0.000281 0.000114 0.000009 0.064126 0.007208 1.688923
0.928327 0.000250 0.000280 0.000117 0.000008 0.063811 0.007208 1.688946
0.928626 0.000251 0.000279 0.000117 0.000008 0.063510 0.007208 1.688973
0.928892 0.000258 0.000280 0.000117 0.000008 0.063237 0.007209 1.688997
0.929184 0.000253 0.000283 0.000115 0.000008 0.062948 0.007209 1.689026
0.929446 0.000254 0.000274 0.000111 0.000007 0.062699 0.007209 1.689050
0.929707 0.000252 0.000271 0.000109 0.000008 0.062444 0.007209 1.689076
0.929974 0.000249 0.000268 0.000108 0.000008 0.062185 0.007209 1.689101
0.930215 0.000258 0.000268 0.000104 0.000008 0.061939 0.007209 1.689123
0.930473 0.000251 0.000267 0.000100 0.000008 0.061693 0.007209 1.689150
0.930706 0.000246 0.000261 0.000100 0.000008 0.061470 0.007209 1.689178
0.930948 0.000247 0.000261 0.000098 0.000007 0.061231 0.007209 1.689199
0.931184 0.000241 0.000260 0.000104 0.000008 0.060996 0.007209 1.689226
0.931381 0.000244 0.000262 0.000104 0.000008 0.060793 0.007209 1.689250
0.931621 0.000245 0.000256 0.000101 0.000008 0.060560 0.007210 1.689272
0.931838 0.000247 0.000258 0.000106 0.000008 0.060334 0.007210 1.689296
0.932053 0.000255 0.000252 0.000105 0.000008 0.060119 0.007210 1.689316
0.932279 0.000253 0.000254 0.000108 0.000008 0.059889 0.007210 1.689345
0.932466 0.000255 0.000250 0.000111 0.000008 0.059700 0.007210 1.689369
0.932641 0.000252 0.000256 0.000110 0.000008 0.059523 0.007210 1.689396
0.932830 0.000248 0.000261 0.000113 0.000008 0.059332 0.007210 1.689426
0.933006 0.000250 0.000250 0.000107 0.000008 0.059168 0.007211 1.689449
0.933203 0.000250 0.000257 0.000108 0.000008 0.058964 0.007211 1.689472
0.933380 0.000246 0.000258 0.000107 0.000009 0.058789 0.007211 1.689501
0.933573 0.000242 0.000257 0.000108 0.000008 0.058602 0.007211 1.689528
0.933747 0.000246 0.000256 0.000105 0.000008 0.058427 0.007211 1.689550
0.933908 0.000243 0.000262 0.000105 0.000008 0.058264 0.007211 1.689574
0.934080 0.000248 0.000258 0.000104 0.000008 0.058092 0.007211 1.689595
0.934274 0.000250 0.000258 0.000107 0.000008 0.057893 0.007211 1.689617
0.934433 0.000246 0.000265 0.000107 0.000007 0.057731 0.007212 1.689647
0.934598 0.000238 0.000263 0.000108 0.000007 0.057574 0.007212 1.689675
0.934748 0.000240 0.000262 0.000102 0.000007 0.057428 0.007212 1.689697
0.934899 0.000248 0.000261 0.000104 0.000007 0.057269 0.007213 1.689718
0.935054 0.000245 0.000259 0.000104 0.000007 0.057119 0.007213 1.689743
0.935195 0.000252 0.000250 0.000101 0.000008 0.056982 0.007213 1.689763
0.935315 0.000259 0.000249 0.000105 0.000008 0.056851 0.007213 1.689787
0.935456 0.000264 0.000244 0.000105 0.000008 0.056710 0.007213 1.689809
0.935600 0.000262 0.000243 0.000104 0.000009 0.056570 0.007213 1.689836
0.935712 0.000267 0.000239 0.000106 0.000008 0.056456 0.007213 1.689857
0.935850 0.000268 0.000236 0.000104 0.000008 0.056323 0.007213 1.689882
0.935970 0.000260 0.000240 0.000109 0.000007 0.056202 0.007213 1.689912
0.936110 0.000256 0.000236 0.000108 0.000008 0.056069 0.007213 1.689939
0.936221 0.000262 0.000240 0.000115 0.000008 0.055941 0.007214 1.689967
0.936347 0.000257 0.000241 0.000115 0.000008 0.055819 0.007214 1.689995
0.936467 0.000264 0.000236 0.000115 0.000009 0.055696 0.007214 1.690018
0.936584 0.000264 0.000235 0.000118 0.000009 0.055577 0.007214 1.690041
0.936710 0.000263 0.000237 0.000119 0.000009 0.055449 0.007214 1.690067
0.936832 0.000269 0.000237 0.000121 0.000008 0.055320 0.007214 1.690092
0.936950 0.000259 0.000238 0.000123 0.000008 0.055207 0.007214 1.690120
0.937062 0.000259 0.000237 0.000121 0.000008 0.055098 0.007215 1.690146
0.937170 0.000256 0.000238 0.000122 0.000007 0.054992 0.007216 1.690170
0.937277 0.000249 0.000237 0.000124 0.000007 0.054890 0.007216 1.690198
0.937372 0.000247 0.000240 0.000122 0.000006 0.054797 0.007216 1.690224
0.937462 0.000241 0.000238 0.000121 0.000005 0.054716 0.007217 1.690251
0.937562 0.000236 0.000241 0.000115 0.000006 0.054623 0.007217 1.690277
0.937659 0.000233 0.000235 0.000116 0.000006 0.054534 0.007217 1.690304
0.937753 0.000238 0.000233 0.000117 0.000006 0.054435 0.007217 1.690325
0.937847 0.000246 0.000226 0.000116 0.000007 0.054340 0.007217 1.690343
0.937938 0.000248 0.000229 0.000117 0.000007 0.054244 0.007217 1.690368
0.938035 0.000252 0.000227 0.000117 0.000007 0.054146 0.007217 1.690390
0.938134 0.000251 0.000220 0.000117 0.000007 0.054053 0.007217 1.690415
0.938223 0.000243 0.000220 0.000116 0.000007 0.053974 0.007217 1.690440
0.938321 0.000244 0.000226 0.000113 0.000007 0.053873 0.007217 1.690465
0.938410 0.000247 0.000222 0.000111 0.000006 0.053786 0.007218 1.690485
0.938487 0.000246 0.000223 0.000112 0.000007 0.053708 0.007218 1.690511
0.938573 0.000251 0.000219 0.000111 0.000006 0.053622 0.007218 1.690529
0.938660 0.000244 0.000225 0.000113 0.000006 0.053535 0.007218 1.690556
0.938733 0.000253 0.000218 0.000110 0.000006 0.053461 0.007218 1.690573
0.938813 0.000245 0.000225 0.000110 0.000006 0.053383 0.007218 1.690603
0.938885 0.000252 0.000224 0.000106 0.000006 0.053309 0.007218 1.690624
0.938966 0.000254 0.000224 0.000108 0.000006 0.053224 0.007218 1.690646
0.939030 0.000244 0.000225 0.000109 0.000007 0.053167 0.007218 1.690676
0.939101 0.000238 0.000228 0.000111 0.000007 0.053097 0.007218 1.690706
0.939170 0.000241 0.000225 0.000108 0.000007 0.053031 0.007219 1.690729
0.939249 0.000233 0.000229 0.000108 0.000007 0.052956 0.007219 1.690756
0.939321 0.000229 0.000232 0.000110 0.000007 0.052882 0.007219 1.690783
0.939376 0.000233 0.000223 0.000108 0.000007 0.052836 0.007219 1.690804
0.939441 0.000236 0.000223 0.000107 0.000008 0.052768 0.007219 1.690826
0.939496 0.000236 0.000229 0.000106 0.000008 0.052707 0.007219 1.690850
0.939574 0.000238 0.000231 0.000106 0.000008 0.052624 0.007219 1.690871
0.939634 0.000242 0.000227 0.000105 0.000008 0.052566 0.007219 1.690890
0.939698 0.000236 0.000230 0.000107 0.000007 0.052504 0.007219 1.690920
0.939753 0.000231 0.000230 0.000110 0.000007 0.052451 0.007220 1.690945
0.939810 0.000229 0.000228 0.000108 0.000007 0.052400 0.007220 1.690965
0.939862 0.000229 0.000228 0.000104 0.000006 0.052351 0.007220 1.690987
0.939925 0.000221 0.000227 0.000106 0.000006 0.052296 0.007220 1.691010
0.939957 0.000228 0.000221 0.000105 0.000006 0.052263 0.007220 1.691027
0.940015 0.000226 0.000219 0.000106 0.000007 0.052208 0.007220 1.691050
0.940068 0.000218 0.000217 0.000103 0.000007 0.052167 0.007220 1.691076
0.940129 0.000215 0.000215 0.000103 0.000007 0.052110 0.007221 1.691095
0.940175 0.000220 0.000209 0.000100 0.000007 0.052069 0.007221 1.691114
0.940221 0.000214 0.000222 0.000096 0.000007 0.052020 0.007221 1.691140
0.940266 0.000223 0.000222 0.000095 0.000007 0.051968 0.007221 1.691155
0.940315 0.000221 0.000222 0.000098 0.000008 0.051916 0.007221 1.691177
0.940365 0.000225 0.000221 0.000096 0.000008 0.051865 0.007221 1.691195
0.940417 0.000220 0.000219 0.000096 0.000008 0.051820 0.007221 1.691218
0.940456 0.000223 0.000214 0.000098 0.000008 0.051782 0.007221 1.691237
0.940502 0.000227 0.000213 0.000095 0.000008 0.051736 0.007221 1.691254
0.940544 0.000225 0.000212 0.000097 0.000008 0.051695 0.007221 1.691279
0.940592 0.000222 0.000208 0.000099 0.000008 0.051650 0.007221 1.691299
0.940628 0.000226 0.000203 0.000094 0.000008 0.051621 0.007221 1.691319
0.940673 0.000219 0.000205 0.000092 0.000008 0.051583 0.007221 1.691340
0.940706 0.000215 0.000205 0.000094 0.000009 0.051552 0.007221 1.691363
0.940748 0.000216 0.000203 0.000096 0.000009 0.051508 0.007221 1.691383
0.940785 0.000220 0.000206 0.000094 0.000008 0.051466 0.007221 1.691400
0.940829 0.000216 0.000210 0.000096 0.000008 0.051420 0.007221 1.691425
0.940874 0.000210 0.000219 0.000096 0.000008 0.051373 0.007221 1.691450
0.940899 0.000207 0.000221 0.000097 0.000007 0.051347 0.007221 1.691472
0.940934 0.000210 0.000214 0.000097 0.000008 0.051317 0.007221 1.691486
0.940968 0.000204 0.000216 0.000097 0.000008 0.051287 0.007221 1.691511
0.941016 0.000199 0.000218 0.000093 0.000008 0.051246 0.007221 1.691531
0.941070 0.000193 0.000221 0.000090 0.000007 0.051197 0.007221 1.691551
0.941107 0.000198 0.000218 0.000092 0.000007 0.051157 0.007221 1.691567
0.941147 0.000192 0.000218 0.000090 0.000006 0.051126 0.007221 1.691587
0.941179 0.000193 0.000218 0.000092 0.000006 0.051092 0.007221 1.691606
0.941209 0.000194 0.000218 0.000088 0.000006 0.051065 0.007221 1.691626
0.941229 0.000199 0.000223 0.000086 0.000006 0.051037 0.007221 1.691653
0.941261 0.000203 0.000214 0.000080 0.000005 0.051016 0.007222 1.691672
0.941292 0.000205 0.000210 0.000082 0.000005 0.050984 0.007222 1.691692
0.941320 0.000204 0.000207 0.000080 0.000005 0.050963 0.007222 1.691709
0.941342 0.000201 0.000208 0.000084 0.000005 0.050938 0.007222 1.691734
0.941363 0.000211 0.000205 0.000084 0.000005 0.050912 0.007222 1.691751
0.941388 0.000222 0.000201 0.000084 0.000005 0.050878 0.007222 1.691768
0.941410 0.000227 0.000198 0.000084 0.000005 0.050855 0.007222 1.691786
0.941447 0.000225 0.000195 0.000085 0.000005 0.050823 0.007222 1.691804
0.941473 0.000223 0.000197 0.000078 0.000006 0.050802 0.007222 1.691824
0.941499 0.000214 0.000205 0.000081 0.000006 0.050775 0.007222 1.691853
0.941541 0.000206 0.000208 0.000085 0.000006 0.050734 0.007222 1.691878
0.941570 0.000206 0.000209 0.000082 0.000006 0.050706 0.007222 1.691901
0.941598 0.000199 0.000213 0.000082 0.000007 0.050681 0.007222 1.691927
0.941625 0.000196 0.000214 0.000083 0.000006 0.050655 0.007222 1.691947
0.941650 0.000195 0.000213 0.000084 0.000006 0.050630 0.007222 1.691967
0.941676 0.000193 0.000214 0.000084 0.000006 0.050605 0.007222 1.691987
0.941700 0.000193 0.000215 0.000083 0.000006 0.050582 0.007222 1.692007
0.941719 0.000194 0.000213 0.000082 0.000005 0.050565 0.007222 1.692024
0.941746 0.000198 0.000209 0.000082 0.000005 0.050539 0.007222 1.692038
0.941775 0.000202 0.000205 0.000079 0.000005 0.050512 0.007222 1.692056
0.941797 0.000202 0.000203 0.000081 0.000005 0.050490 0.007222 1.692076
0.941817 0.000210 0.000198 0.000078 0.000005 0.050471 0.007222 1.692093
0.941828 0.000208 0.000199 0.000081 0.000006 0.050456 0.007222 1.692119
0.941850 0.000205 0.000203 0.000089 0.000006 0.050426 0.007222 1.692146
0.941876 0.000207 0.000199 0.000090 0.000006 0.050402 0.007222 1.692167
0.941898 0.000204 0.000196 0.000092 0.000006 0.050383 0.007222 1.692190
0.941926 0.000202 0.000196 0.000090 0.000006 0.050359 0.007222 1.692210
0.941954 0.000204 0.000192 0.000090 0.000006 0.050333 0.007222 1.692226
0.941970 0.000207 0.000192 0.000085 0.000006 0.050317 0.007222 1.692244
0.941998 0.000198 0.000195 0.000082 0.000006 0.050299 0.007222 1.692264
0.942006 0.000203 0.000198 0.000083 0.000005 0.050284 0.007222 1.692284
0.942032 0.000205 0.000194 0.000087 0.000004 0.050257 0.007222 1.692298
0.942060 0.000203 0.000192 0.000090 0.000004 0.050229 0.007222 1.692318
0.942081 0.000198 0.000197 0.000086 0.000004 0.050212 0.007222 1.692340
0.942098 0.000201 0.000189 0.000083 0.000004 0.050202 0.007222 1.692357
0.942104 0.000204 0.000185 0.000082 0.000004 0.050199 0.007222 1.692376
0.942126 0.000198 0.000184 0.000084 0.000004 0.050183 0.007222 1.692401
0.942153 0.000196 0.000179 0.000081 0.000004 0.050165 0.007222 1.692416
0.942174 0.000190 0.000184 0.000078 0.000004 0.050148 0.007222 1.692436
0.942183 0.000195 0.000186 0.000078 0.000003 0.050133 0.007222 1.692457
0.942211 0.000191 0.000184 0.000074 0.000004 0.050113 0.007222 1.692472
0.942230 0.000194 0.000184 0.000078 0.000004 0.050088 0.007222 1.692488
0.942246 0.000191 0.000187 0.000081 0.000004 0.050070 0.007222 1.692508
0.942262 0.000188 0.000188 0.000084 0.000004 0.050052 0.007222 1.692529
0.942272 0.000189 0.000188 0.000087 0.000004 0.050039 0.007222 1.692549
0.942279 0.000192 0.000187 0.000083 0.000005 0.050032 0.007222 1.692570
0.942299 0.000191 0.000182 0.000082 0.000005 0.050018 0.007222 1.692585
0.942311 0.000190 0.000184 0.000080 0.000005 0.050008 0.007222 1.692603
0.942331 0.000189 0.000187 0.000082 0.000005 0.049984 0.007222 1.692625
0.942349 0.000187 0.000186 0.000081 0.000005 0.049970 0.007222 1.692644
0.942363 0.000195 0.000186 0.000081 0.000005 0.049948 0.007222 1.692662
0.942378 0.000199 0.000181 0.000079 0.000005 0.049937 0.007222 1.692678
0.942384 0.000199 0.000179 0.000073 0.000005 0.049938 0.007222 1.692698
0.942402 0.000196 0.000176 0.000073 0.000005 0.049926 0.007222 1.692717
0.942415 0.000200 0.000174 0.000072 0.000006 0.049912 0.007222 1.692731
0.942426 0.000197 0.000179 0.000069 0.000006 0.049901 0.007222 1.692751
0.942431 0.000190 0.000186 0.000069 0.000006 0.049897 0.007222 1.692779
0.942443 0.000190 0.000183 0.000071 0.000006 0.049885 0.007222 1.692799
0.942457 0.000196 0.000178 0.000067 0.000006 0.049874 0.007222 1.692812
0.942466 0.000204 0.000176 0.000067 0.000006 0.049860 0.007222 1.692829
0.942477 0.000205 0.000173 0.000070 0.000005 0.049848 0.007222 1.692847
0.942479 0.000203 0.000178 0.000070 0.000006 0.049842 0.007222 1.692870
0.942489 0.000201 0.000182 0.000070 0.000006 0.049831 0.007222 1.692890
0.942497 0.000197 0.000187 0.000071 0.000006 0.049820 0.007222 1.692913
0.942511 0.000201 0.000185 0.000070 0.000006 0.049805 0.007222 1.692930
0.942524 0.000196 0.000188 0.000072 0.000006 0.049793 0.007222 1.692954
0.942538 0.000195 0.000186 0.000075 0.000006 0.049778 0.007222 1.692970
0.942551 0.000189 0.000185 0.000080 0.000006 0.049768 0.007222 1.692993
0.942566 0.000186 0.000189 0.000083 0.000006 0.049749 0.007222 1.693017
0.942574 0.000187 0.000188 0.000083 0.000006 0.049741 0.007223 1.693035
0.942587 0.000190 0.000185 0.000086 0.000006 0.049725 0.007223 1.693051
0.942605 0.000190 0.000180 0.000089 0.000006 0.049708 0.007223 1.693064
0.942623 0.000184 0.000181 0.000091 0.000006 0.049693 0.007223 1.693084
0.942628 0.000181 0.000183 0.000090 0.000005 0.049690 0.007223 1.693104
0.942642 0.000180 0.000174 0.000089 0.000005 0.049687 0.007223 1.693117
0.942650 0.000178 0.000175 0.000087 0.000005 0.049682 0.007223 1.693134
0.942666 0.000176 0.000176 0.000084 0.000006 0.049670 0.007223 1.693153
0.942673 0.000177 0.000167 0.000082 0.000006 0.049673 0.007223 1.693169
0.942683 0.000178 0.000165 0.000080 0.000006 0.049665 0.007223 1.693185
0.942692 0.000176 0.000162 0.000082 0.000006 0.049659 0.007223 1.693201
0.942702 0.000178 0.000161 0.000082 0.000006 0.049647 0.007223 1.693216
0.942704 0.000182 0.000165 0.000081 0.000005 0.049640 0.007223 1.693235
0.942723 0.000174 0.000166 0.000085 0.000006 0.049624 0.007223 1.693256
0.942731 0.000173 0.000174 0.000084 0.000006 0.049609 0.007223 1.693274
0.942743 0.000167 0.000179 0.000086 0.000006 0.049596 0.007223 1.693296
0.942753 0.000170 0.000171 0.000086 0.000007 0.049590 0.007223 1.693310
0.942758 0.000175 0.000169 0.000087 0.000007 0.049582 0.007223 1.693324
0.942770 0.000179 0.000169 0.000082 0.000007 0.049570 0.007223 1.693340
0.942779 0.000171 0.000168 0.000082 0.000006 0.049571 0.007224 1.693360
0.942788 0.000174 0.000162 0.000084 0.000006 0.049562 0.007224 1.693374
0.942795 0.000173 0.000162 0.000087 0.000005 0.049555 0.007224 1.693392
0.942805 0.000168 0.000162 0.000090 0.000005 0.049548 0.007224 1.693413
0.942817 0.000171 0.000160 0.000088 0.000005 0.049535 0.007224 1.693426
0.942821 0.000175 0.000164 0.000086 0.000006 0.049524 0.007224 1.693440
0.942825 0.000172 0.000166 0.000088 0.000006 0.049520 0.007224 1.693460
0.942834 0.000168 0.000172 0.000082 0.000006 0.049515 0.007224 1.693482
0.942841 0.000172 0.000170 0.000085 0.000006 0.049503 0.007224 1.693497
0.942847 0.000172 0.000170 0.000082 0.000006 0.049500 0.007224 1.693514
0.942859 0.000172 0.000173 0.000080 0.000006 0.049487 0.007224 1.693528
0.942860 0.000177 0.000172 0.000076 0.000005 0.049487 0.007224 1.693542
0.942866 0.000175 0.000175 0.000077 0.000006 0.049479 0.007224 1.693561
0.942865 0.000179 0.000174 0.000077 0.000006 0.049476 0.007224 1.693578
0.942870 0.000177 0.000178 0.000074 0.000006 0.049471 0.007224 1.693599
0.942870 0.000173 0.000184 0.000076 0.000006 0.049468 0.007224 1.693621
0.942887 0.000171 0.000180 0.000076 0.000006 0.049457 0.007224 1.693635
0.942895 0.000165 0.000179 0.000072 0.000005 0.049461 0.007224 1.693654
0.942906 0.000158 0.000182 0.000073 0.000004 0.049454 0.007224 1.693675
0.942909 0.000163 0.000182 0.000071 0.000004 0.049447 0.007224 1.693687
0.942924 0.000162 0.000175 0.000072 0.000004 0.049439 0.007224 1.693703
0.942931 0.000162 0.000172 0.000074 0.000004 0.049434 0.007224 1.693718
0.942943 0.000160 0.000170 0.000075 0.000004 0.049424 0.007225 1.693732
0.942950 0.000164 0.000173 0.000075 0.000004 0.049410 0.007225 1.693749
0.942959 0.000158 0.000176 0.000070 0.000003 0.049409 0.007225 1.693767
0.942970 0.000160 0.000176 0.000065 0.000003 0.049402 0.007225 1.693782
0.942970 0.000164 0.000170 0.000061 0.000004 0.049406 0.007225 1.693797
0.942979 0.000161 0.000171 0.000058 0.000003 0.049403 0.007225 1.693812
0.942985 0.000161 0.000165 0.000060 0.000004 0.049402 0.007225 1.693829
0.942989 0.000162 0.000162 0.000061 0.000003 0.049397 0.007226 1.693844
0.942990 0.000165 0.000159 0.000062 0.000002 0.049396 0.007226 1.693858
0.942987 0.000168 0.000157 0.000061 0.000002 0.049399 0.007226 1.693876
0.942995 0.000167 0.000156 0.000059 0.000002 0.049395 0.007226 1.693891
0.943006 0.000167 0.000150 0.000062 0.000002 0.049388 0.007226 1.693903
0.943012 0.000164 0.000150 0.000061 0.000002 0.049385 0.007226 1.693921
0.943029 0.000165 0.000147 0.000062 0.000002 0.049370 0.007226 1.693933
0.943030 0.000165 0.000155 0.000060 0.000002 0.049363 0.007226 1.693953
0.943036 0.000162 0.000155 0.000061 0.000002 0.049359 0.007226 1.693969
0.943042 0.000164 0.000153 0.000060 0.000002 0.049354 0.007226 1.693986
0.943050 0.000164 0.000149 0.000063 0.000002 0.049347 0.007226 1.693999
0.943061 0.000159 0.000152 0.000064 0.000002 0.049336 0.007226 1.694017
0.943066 0.000152 0.000156 0.000061 0.000003 0.049336 0.007226 1.694036
0.943064 0.000150 0.000158 0.000063 0.000003 0.049336 0.007226 1.694052
0.943063 0.000156 0.000154 0.000063 0.000003 0.049335 0.007226 1.694066
0.943063 0.000159 0.000152 0.000067 0.000003 0.049330 0.007226 1.694083
0.943066 0.000158 0.000152 0.000067 0.000003 0.049329 0.007226 1.694101
0.943070 0.000160 0.000141 0.000066 0.000003 0.049333 0.007226 1.694111
0.943074 0.000158 0.000142 0.000067 0.000003 0.049329 0.007226 1.694124
0.943079 0.000155 0.000145 0.000067 0.000003 0.049324 0.007226 1.694142
0.943088 0.000152 0.000151 0.000066 0.000003 0.049313 0.007226 1.694156
0.943099 0.000151 0.000156 0.000064 0.000003 0.049300 0.007226 1.694170
0.943102 0.000154 0.000156 0.000065 0.000003 0.049295 0.007226 1.694184
0.943108 0.000154 0.000154 0.000066 0.000003 0.049289 0.007227 1.694198
0.943112 0.000151 0.000157 0.000065 0.000003 0.049285 0.007227 1.694213
0.943114 0.000148 0.000158 0.000067 0.000003 0.049284 0.007227 1.694229
0.943108 0.000154 0.000158 0.000069 0.000003 0.049281 0.007227 1.694245
0.943110 0.000154 0.000160 0.000070 0.000002 0.049277 0.007228 1.694263
0.943107 0.000160 0.000155 0.000070 0.000002 0.049278 0.007228 1.694278
0.943114 0.000157 0.000156 0.000070 0.000002 0.049275 0.007228 1.694297
0.943123 0.000155 0.000155 0.000073 0.000001 0.049266 0.007228 1.694313
0.943124 0.000154 0.000155 0.000072 0.000001 0.049266 0.007228 1.694332
0.943125 0.000148 0.000157 0.000074 0.000001 0.049267 0.007228 1.694351
0.943125 0.000146 0.000153 0.000077 0.000001 0.049271 0.007228 1.694365
0.943129 0.000142 0.000150 0.000077 0.000002 0.049270 0.007228 1.694380
0.943137 0.000142 0.000151 0.000075 0.000002 0.049265 0.007228 1.694394
0.943143 0.000141 0.000152 0.000076 0.000002 0.049258 0.007228 1.694408
0.943150 0.000140 0.000150 0.000077 0.000002 0.049255 0.007228 1.694421
0.943158 0.000136 0.000145 0.000076 0.000002 0.049256 0.007228 1.694435
0.943161 0.000134 0.000142 0.000076 0.000002 0.049257 0.007228 1.694449
0.943169 0.000138 0.000140 0.000073 0.000002 0.049251 0.007228 1.694459
0.943174 0.000136 0.000142 0.000070 0.000002 0.049249 0.007228 1.694474
0.943181 0.000137 0.000141 0.000068 0.000002 0.049243 0.007228 1.694485
0.943183 0.000139 0.000137 0.000068 0.000002 0.049243 0.007228 1.694498
0.943191 0.000139 0.000137 0.000066 0.000002 0.049238 0.007228 1.694511
0.943191 0.000139 0.000137 0.000067 0.000002 0.049237 0.007228 1.694525
0.943192 0.000144 0.000140 0.000064 0.000002 0.049232 0.007228 1.694538
0.943193 0.000141 0.000141 0.000065 0.000002 0.049230 0.007228 1.694555
0.943197 0.000145 0.000141 0.000065 0.000002 0.049223 0.007228 1.694567
0.943192 0.000145 0.000134 0.000066 0.000002 0.049233 0.007228 1.694582
0.943196 0.000147 0.000134 0.000068 0.000002 0.049225 0.007228 1.694593
0.943196 0.000148 0.000135 0.000067 0.000001 0.049224 0.007228 1.694606
0.943206 0.000146 0.000138 0.000064 0.000001 0.049217 0.007228 1.694619
0.943204 0.000152 0.000136 0.000064 0.000002 0.049214 0.007228 1.694630
0.943209 0.000152 0.000135 0.000062 0.000002 0.049213 0.007228 1.694643
0.943208 0.000156 0.000135 0.000058 0.000002 0.049214 0.007228 1.694656
0.943204 0.000155 0.000140 0.000057 0.000002 0.049214 0.007228 1.694673
0.943199 0.000160 0.000137 0.000059 0.000002 0.049215 0.007228 1.694685
0.943196 0.000165 0.000134 0.000061 0.000002 0.049215 0.007228 1.694698
0.943197 0.000162 0.000138 0.000062 0.000002 0.049212 0.007228 1.694713
0.943203 0.000156 0.000140 0.000064 0.000002 0.049207 0.007228 1.694731
0.943203 0.000160 0.000142 0.000063 0.000002 0.049202 0.007228 1.694744
0.943203 0.000156 0.000145 0.000063 0.000002 0.049203 0.007228 1.694760
0.943205 0.000154 0.000148 0.000062 0.000002 0.049202 0.007228 1.694779
0.943213 0.000150 0.000152 0.000062 0.000002 0.049193 0.007228 1.694794
0.943217 0.000142 0.000154 0.000065 0.000002 0.049192 0.007228 1.694813
0.943218 0.000142 0.000153 0.000063 0.000003 0.049193 0.007228 1.694826
0.943215 0.000150 0.000150 0.000061 0.000004 0.049193 0.007228 1.694838
0.943218 0.000146 0.000149 0.000062 0.000004 0.049194 0.007228 1.694855
0.943217 0.000140 0.000153 0.000063 0.000004 0.049194 0.007228 1.694874
0.943218 0.000137 0.000154 0.000065 0.000004 0.049194 0.007228 1.694893
0.943225 0.000132 0.000152 0.000067 0.000004 0.049193 0.007228 1.694910
0.943227 0.000132 0.000150 0.000066 0.000004 0.049193 0.007228 1.694926
0.943228 0.000134 0.000153 0.000061 0.000004 0.049193 0.007228 1.694938
0.943225 0.000132 0.000154 0.000065 0.000004 0.049193 0.007228 1.694955
0.943226 0.000136 0.000153 0.000066 0.000004 0.049187 0.007228 1.694967
0.943231 0.000134 0.000148 0.000067 0.000004 0.049188 0.007228 1.694982
0.943234 0.000132 0.000142 0.000069 0.000003 0.049191 0.007229 1.694993
0.943238 0.000134 0.000141 0.000065 0.000003 0.049191 0.007229 1.695005
0.943238 0.000133 0.000141 0.000066 0.000003 0.049191 0.007229 1.695018
0.943240 0.000134 0.000135 0.000069 0.000003 0.049190 0.007229 1.695029
0.943241 0.000135 0.000142 0.000065 0.000003 0.049185 0.007229 1.695044
0.943244 0.000133 0.000141 0.000065 0.000004 0.049184 0.007229 1.695056
0.943241 0.000132 0.000142 0.000065 0.000004 0.049188 0.007229 1.695072
0.943238 0.000133 0.000140 0.000061 0.000004 0.049196 0.007229 1.695082
0.943241 0.000135 0.000137 0.000059 0.000004 0.049194 0.007229 1.695092
0.943244 0.000137 0.000138 0.000058 0.000004 0.049190 0.007229 1.695105
0.943246 0.000138 0.000134 0.000058 0.000004 0.049191 0.007229 1.695117
0.943246 0.000142 0.000130 0.000058 0.000004 0.049192 0.007229 1.695127
0.943245 0.000141 0.000131 0.000060 0.000004 0.049191 0.007229 1.695142
0.943248 0.000139 0.000130 0.000060 0.000004 0.049191 0.007229 1.695155
0.943246 0.000138 0.000132 0.000061 0.000004 0.049191 0.007229 1.695168
0.943249 0.000137 0.000130 0.000060 0.000004 0.049192 0.007229 1.695180
0.943245 0.000140 0.000129 0.000060 0.000004 0.049193 0.007229 1.695193
0.943253 0.000135 0.000132 0.000059 0.000004 0.049188 0.007229 1.695207
0.943247 0.000140 0.000135 0.000057 0.000004 0.049189 0.007229 1.695217
