0.369470 0.061641 0.054845 0.031433 0.001969 0.474922 0.005719 1.552324
0.371412 0.059700 0.054804 0.031352 0.001973 0.475017 0.005741 1.558315
0.374088 0.057232 0.054582 0.031149 0.001966 0.475220 0.005764 1.564097
0.377089 0.054656 0.054274 0.030847 0.001963 0.475381 0.005790 1.569606
0.380429 0.051943 0.053958 0.030490 0.001964 0.475402 0.005815 1.574919
0.384090 0.049367 0.053378 0.030031 0.001952 0.475346 0.005836 1.579819
0.387758 0.046870 0.052777 0.029534 0.001950 0.475254 0.005857 1.584535
0.391622 0.044402 0.051998 0.029003 0.001947 0.475143 0.005885 1.589077
0.395494 0.042104 0.051006 0.028390 0.001939 0.475159 0.005910 1.593304
0.399554 0.039871 0.050104 0.027769 0.001930 0.474834 0.005939 1.597331
0.403796 0.037753 0.049110 0.027127 0.001910 0.474341 0.005963 1.601163
0.408115 0.035774 0.047982 0.026404 0.001911 0.473829 0.005985 1.604785
0.412344 0.033993 0.046807 0.025734 0.001890 0.473219 0.006012 1.608235
0.416579 0.032346 0.045667 0.025054 0.001880 0.472438 0.006037 1.611450
0.420970 0.030802 0.044407 0.024349 0.001853 0.471554 0.006065 1.614480
0.425349 0.029318 0.043194 0.023647 0.001845 0.470566 0.006083 1.617430
0.429722 0.027865 0.041988 0.022959 0.001827 0.469533 0.006107 1.620305
0.434324 0.026627 0.040807 0.022214 0.001815 0.468084 0.006132 1.622921
0.438782 0.025396 0.039576 0.021507 0.001800 0.466789 0.006152 1.625474
0.443441 0.024213 0.038356 0.020812 0.001790 0.465210 0.006178 1.627917
0.447935 0.023113 0.037245 0.020137 0.001786 0.463584 0.006198 1.630289
0.452452 0.022107 0.036088 0.019549 0.001777 0.461806 0.006221 1.632541
0.457007 0.021177 0.034899 0.018930 0.001754 0.459988 0.006246 1.634699
0.461531 0.020340 0.033716 0.018301 0.001744 0.458099 0.006269 1.636711
0.466178 0.019498 0.032617 0.017743 0.001727 0.455943 0.006293 1.638685
0.470687 0.018798 0.031519 0.017162 0.001705 0.453812 0.006317 1.640529
0.475256 0.018127 0.030489 0.016542 0.001668 0.451569 0.006350 1.642301
0.479806 0.017447 0.029484 0.016005 0.001647 0.449245 0.006365 1.644040
0.484296 0.016842 0.028517 0.015515 0.001617 0.446827 0.006386 1.645723
0.488749 0.016329 0.027591 0.014942 0.001600 0.444387 0.006402 1.647316
0.493261 0.015812 0.026603 0.014465 0.001567 0.441878 0.006414 1.648865
0.497805 0.015262 0.025774 0.013953 0.001543 0.439232 0.006430 1.650406
0.502283 0.014767 0.024938 0.013486 0.001516 0.436557 0.006454 1.651875
0.506775 0.014336 0.024056 0.013042 0.001478 0.433835 0.006478 1.653291
0.511179 0.013907 0.023255 0.012583 0.001456 0.431126 0.006494 1.654683
0.515547 0.013504 0.022508 0.012181 0.001430 0.428314 0.006517 1.656049
0.519933 0.013114 0.021783 0.011777 0.001386 0.425471 0.006537 1.657396
0.524258 0.012754 0.021080 0.011426 0.001366 0.422562 0.006555 1.658733
0.528646 0.012471 0.020368 0.011017 0.001344 0.419581 0.006573 1.659928
0.532877 0.012191 0.019727 0.010634 0.001321 0.416656 0.006595 1.661140
0.537171 0.011920 0.019133 0.010271 0.001295 0.413596 0.006614 1.662331
0.541421 0.011632 0.018603 0.009958 0.001264 0.410493 0.006629 1.663507
0.545654 0.011377 0.018063 0.009612 0.001239 0.407407 0.006648 1.664647
0.549805 0.011096 0.017531 0.009332 0.001211 0.404363 0.006663 1.665781
0.553919 0.010875 0.017001 0.009072 0.001187 0.401268 0.006678 1.666851
0.557970 0.010685 0.016533 0.008803 0.001161 0.398153 0.006695 1.667940
0.562056 0.010522 0.016109 0.008541 0.001137 0.394926 0.006710 1.668969
0.566104 0.010359 0.015608 0.008312 0.001107 0.391777 0.006733 1.669965
0.570063 0.010186 0.015174 0.008080 0.001089 0.388666 0.006744 1.671010
0.574077 0.009966 0.014747 0.007865 0.001070 0.385518 0.006756 1.672016
0.578084 0.009826 0.014336 0.007647 0.001042 0.382297 0.006769 1.672989
0.581991 0.009675 0.013978 0.007461 0.001033 0.379082 0.006781 1.673929
0.585878 0.009544 0.013588 0.007272 0.001003 0.375924 0.006790 1.674859
0.589660 0.009441 0.013265 0.007093 0.000979 0.372759 0.006802 1.675809
0.593497 0.009296 0.012950 0.006907 0.000968 0.369569 0.006813 1.676738
0.597293 0.009223 0.012577 0.006737 0.000955 0.366394 0.006822 1.677622
0.600973 0.009128 0.012240 0.006572 0.000926 0.363326 0.006835 1.678523
0.604749 0.008959 0.011968 0.006365 0.000907 0.360205 0.006848 1.679416
0.608453 0.008867 0.011712 0.006222 0.000883 0.357003 0.006860 1.680300
0.612175 0.008748 0.011427 0.006057 0.000866 0.353856 0.006871 1.681148
0.615825 0.008669 0.011201 0.005897 0.000844 0.350677 0.006887 1.681984
0.619393 0.008596 0.010956 0.005773 0.000826 0.347557 0.006898 1.682842
0.623018 0.008487 0.010753 0.005628 0.000798 0.344405 0.006912 1.683671
0.626559 0.008362 0.010541 0.005529 0.000779 0.341307 0.006924 1.684521
0.630032 0.008296 0.010325 0.005422 0.000755 0.338234 0.006936 1.685336
0.633519 0.008217 0.010105 0.005314 0.000736 0.335163 0.006946 1.686140
0.636899 0.008199 0.009877 0.005215 0.000718 0.332134 0.006958 1.686923
0.640295 0.008118 0.009708 0.005116 0.000712 0.329086 0.006966 1.687732
0.643619 0.008068 0.009523 0.005020 0.000697 0.326098 0.006976 1.688509
0.646941 0.008076 0.009341 0.004928 0.000683 0.323042 0.006989 1.689255
0.650188 0.008028 0.009185 0.004881 0.000662 0.320060 0.006997 1.690028
0.653407 0.007974 0.009050 0.004808 0.000647 0.317112 0.007002 1.690806
0.656602 0.007959 0.008889 0.004724 0.000628 0.314184 0.007016 1.691545
0.659855 0.007912 0.008766 0.004679 0.000606 0.311155 0.007028 1.692308
0.663048 0.007845 0.008662 0.004603 0.000595 0.308213 0.007035 1.693086
0.666163 0.007763 0.008542 0.004580 0.000585 0.305326 0.007041 1.693867
0.669225 0.007696 0.008429 0.004527 0.000578 0.302498 0.007048 1.694649
0.672341 0.007657 0.008289 0.004442 0.000569 0.299648 0.007056 1.695390
0.675346 0.007616 0.008205 0.004383 0.000557 0.296831 0.007064 1.696164
0.678294 0.007592 0.008094 0.004315 0.000547 0.294090 0.007068 1.696901
0.681179 0.007572 0.007986 0.004280 0.000535 0.291371 0.007078 1.697627
0.684124 0.007498 0.007936 0.004262 0.000523 0.288575 0.007082 1.698399
0.687011 0.007482 0.007860 0.004231 0.000511 0.285814 0.007091 1.699144
0.689879 0.007468 0.007768 0.004163 0.000498 0.283127 0.007097 1.699851
0.692673 0.007419 0.007708 0.004133 0.000494 0.280468 0.007105 1.700593
0.695504 0.007415 0.007609 0.004070 0.000482 0.277810 0.007109 1.701282
0.698237 0.007403 0.007534 0.004029 0.000472 0.275212 0.007113 1.702006
0.700951 0.007354 0.007488 0.003991 0.000457 0.272640 0.007119 1.702734
0.703580 0.007399 0.007414 0.003950 0.000444 0.270084 0.007126 1.703422
0.706284 0.007391 0.007355 0.003939 0.000437 0.267462 0.007131 1.704138
0.708897 0.007387 0.007322 0.003905 0.000431 0.264921 0.007137 1.704863
0.711466 0.007341 0.007288 0.003875 0.000427 0.262463 0.007140 1.705591
0.713978 0.007367 0.007235 0.003824 0.000426 0.260026 0.007145 1.706288
0.716497 0.007384 0.007191 0.003797 0.000422 0.257561 0.007148 1.706991
0.718975 0.007362 0.007159 0.003763 0.000408 0.255179 0.007155 1.707708
0.721494 0.007328 0.007108 0.003770 0.000394 0.252746 0.007161 1.708461
0.723919 0.007313 0.007077 0.003774 0.000385 0.250365 0.007166 1.709178
0.726255 0.007318 0.007047 0.003758 0.000382 0.248069 0.007172 1.709903
0.728635 0.007362 0.006964 0.003727 0.000378 0.245757 0.007176 1.710600
0.730942 0.007370 0.006917 0.003710 0.000372 0.243508 0.007180 1.711308
0.733266 0.007368 0.006852 0.003733 0.000365 0.241231 0.007184 1.712024
0.735559 0.007366 0.006801 0.003713 0.000358 0.239013 0.007189 1.712741
0.737798 0.007412 0.006757 0.003699 0.000354 0.236787 0.007193 1.713443
0.740019 0.007420 0.006758 0.003678 0.000355 0.234575 0.007197 1.714162
0.742152 0.007447 0.006766 0.003662 0.000350 0.232419 0.007204 1.714888
0.744327 0.007460 0.006760 0.003674 0.000344 0.230227 0.007209 1.715615
0.746376 0.007485 0.006737 0.003668 0.000334 0.228186 0.007215 1.716348
0.748489 0.007495 0.006726 0.003682 0.000331 0.226060 0.007217 1.717082
0.750514 0.007517 0.006716 0.003701 0.000325 0.224008 0.007220 1.717826
0.752490 0.007546 0.006687 0.003709 0.000317 0.222026 0.007225 1.718556
0.754441 0.007618 0.006658 0.003702 0.000313 0.220040 0.007227 1.719271
0.756399 0.007650 0.006659 0.003675 0.000307 0.218078 0.007232 1.719994
0.758281 0.007655 0.006673 0.003663 0.000304 0.216188 0.007236 1.720756
0.760287 0.007662 0.006669 0.003670 0.000303 0.214171 0.007238 1.721494
0.762211 0.007654 0.006697 0.003657 0.000303 0.212238 0.007240 1.722268
0.764094 0.007706 0.006684 0.003639 0.000290 0.210341 0.007246 1.722970
0.765955 0.007708 0.006716 0.003652 0.000287 0.208433 0.007250 1.723747
0.767789 0.007718 0.006725 0.003673 0.000289 0.206555 0.007251 1.724516
0.769518 0.007759 0.006706 0.003680 0.000281 0.204801 0.007256 1.725253
0.771320 0.007720 0.006732 0.003689 0.000280 0.203000 0.007258 1.726045
0.773018 0.007770 0.006773 0.003685 0.000283 0.201209 0.007263 1.726822
0.774776 0.007801 0.006779 0.003691 0.000275 0.199412 0.007266 1.727575
0.776493 0.007805 0.006790 0.003697 0.000278 0.197668 0.007268 1.728362
0.778161 0.007842 0.006778 0.003709 0.000283 0.195957 0.007270 1.729130
0.779906 0.007845 0.006812 0.003719 0.000284 0.194161 0.007272 1.729897
0.781530 0.007869 0.006873 0.003702 0.000283 0.192467 0.007276 1.730671
0.783135 0.007864 0.006900 0.003700 0.000275 0.190842 0.007283 1.731462
0.784678 0.007905 0.006904 0.003724 0.000279 0.189226 0.007285 1.732243
0.786217 0.007946 0.006894 0.003719 0.000278 0.187659 0.007288 1.733013
0.787755 0.008048 0.006941 0.003689 0.000275 0.186000 0.007292 1.733784
0.789269 0.008107 0.006946 0.003713 0.000271 0.184397 0.007297 1.734557
0.790716 0.008147 0.007011 0.003728 0.000266 0.182831 0.007301 1.735370
0.792219 0.008175 0.006990 0.003772 0.000265 0.181275 0.007305 1.736173
0.793643 0.008196 0.007015 0.003784 0.000265 0.179790 0.007307 1.736973
0.795060 0.008214 0.007089 0.003788 0.000270 0.178268 0.007311 1.737809
0.796448 0.008270 0.007106 0.003787 0.000264 0.176810 0.007315 1.738593
0.797878 0.008289 0.007138 0.003817 0.000259 0.175301 0.007319 1.739430
0.799242 0.008357 0.007151 0.003838 0.000258 0.173830 0.007324 1.740256
0.800532 0.008392 0.007197 0.003834 0.000264 0.172451 0.007329 1.741082
0.801740 0.008483 0.007200 0.003837 0.000263 0.171145 0.007332 1.741882
0.803024 0.008489 0.007219 0.003817 0.000265 0.169852 0.007334 1.742713
0.804221 0.008583 0.007233 0.003833 0.000263 0.168533 0.007336 1.743530
0.805454 0.008671 0.007250 0.003886 0.000260 0.167138 0.007340 1.744376
0.806642 0.008734 0.007306 0.003925 0.000258 0.165790 0.007344 1.745240
0.807743 0.008834 0.007353 0.003923 0.000259 0.164542 0.007345 1.746082
0.808932 0.008840 0.007420 0.003960 0.000261 0.163241 0.007346 1.746984
0.810078 0.008897 0.007433 0.003985 0.000254 0.162004 0.007349 1.747843
0.811180 0.009007 0.007493 0.003998 0.000251 0.160720 0.007352 1.748694
0.812238 0.009110 0.007495 0.004015 0.000250 0.159540 0.007353 1.749560
0.813267 0.009137 0.007549 0.004045 0.000249 0.158397 0.007356 1.750479
0.814257 0.009192 0.007592 0.004061 0.000250 0.157288 0.007360 1.751371
0.815276 0.009221 0.007580 0.004075 0.000251 0.156233 0.007364 1.752282
0.816215 0.009325 0.007606 0.004105 0.000251 0.155134 0.007365 1.753170
0.817136 0.009381 0.007694 0.004120 0.000256 0.154046 0.007366 1.754109
0.818043 0.009478 0.007755 0.004133 0.000259 0.152963 0.007368 1.755010
0.819031 0.009543 0.007813 0.004191 0.000254 0.151795 0.007372 1.755952
0.819916 0.009650 0.007860 0.004192 0.000249 0.150759 0.007376 1.756881
0.820837 0.009679 0.007959 0.004215 0.000251 0.149681 0.007379 1.757851
0.821657 0.009754 0.008010 0.004245 0.000247 0.148703 0.007385 1.758813
0.822500 0.009848 0.008070 0.004258 0.000246 0.147688 0.007389 1.759761
0.823272 0.009917 0.008140 0.004338 0.000245 0.146698 0.007390 1.760772
0.824069 0.009994 0.008202 0.004374 0.000242 0.145725 0.007394 1.761798
0.824829 0.010100 0.008234 0.004411 0.000249 0.144779 0.007396 1.762760
0.825550 0.010170 0.008294 0.004472 0.000247 0.143866 0.007399 1.763763
0.826223 0.010270 0.008317 0.004508 0.000244 0.143036 0.007402 1.764754
0.826961 0.010309 0.008356 0.004540 0.000244 0.142188 0.007403 1.765761
0.827600 0.010410 0.008393 0.004560 0.000246 0.141385 0.007406 1.766771
0.828269 0.010493 0.008435 0.004579 0.000249 0.140569 0.007407 1.767774
0.828937 0.010612 0.008479 0.004598 0.000247 0.139718 0.007410 1.768784
0.829542 0.010657 0.008555 0.004638 0.000245 0.138952 0.007410 1.769864
0.830186 0.010718 0.008615 0.004682 0.000248 0.138136 0.007416 1.770935
0.830788 0.010761 0.008710 0.004709 0.000247 0.137366 0.007419 1.771992
0.831346 0.010870 0.008785 0.004726 0.000248 0.136601 0.007424 1.773040
0.831910 0.010965 0.008856 0.004753 0.000249 0.135838 0.007429 1.774092
0.832472 0.011051 0.008934 0.004773 0.000247 0.135087 0.007435 1.775167
0.832981 0.011135 0.008986 0.004813 0.000252 0.134396 0.007438 1.776268
0.833468 0.011230 0.009011 0.004871 0.000253 0.133728 0.007440 1.777341
0.833958 0.011389 0.009058 0.004878 0.000256 0.133021 0.007441 1.778404
0.834383 0.011508 0.009105 0.004923 0.000259 0.132378 0.007443 1.779522
0.834814 0.011595 0.009183 0.004963 0.000264 0.131736 0.007445 1.780663
0.835218 0.011693 0.009291 0.004996 0.000266 0.131088 0.007447 1.781803
0.835532 0.011814 0.009360 0.005041 0.000269 0.130535 0.007449 1.782945
0.835912 0.011957 0.009395 0.005071 0.000271 0.129942 0.007452 1.784082
0.836269 0.012050 0.009477 0.005108 0.000272 0.129368 0.007455 1.785257
0.836660 0.012120 0.009561 0.005173 0.000272 0.128755 0.007458 1.786455
0.837036 0.012167 0.009662 0.005227 0.000272 0.128173 0.007462 1.787645
0.837349 0.012254 0.009726 0.005278 0.000280 0.127649 0.007463 1.788843
0.837612 0.012387 0.009805 0.005328 0.000279 0.127124 0.007465 1.790021
0.837861 0.012485 0.009869 0.005373 0.000280 0.126665 0.007468 1.791245
0.838118 0.012582 0.009979 0.005429 0.000279 0.126141 0.007472 1.792493
0.838345 0.012679 0.010104 0.005487 0.000278 0.125631 0.007476 1.793752
0.838571 0.012804 0.010195 0.005552 0.000285 0.125116 0.007477 1.794990
0.838793 0.012835 0.010269 0.005626 0.000290 0.124705 0.007480 1.796260
0.838990 0.012939 0.010377 0.005717 0.000294 0.124199 0.007483 1.797539
0.839201 0.013016 0.010507 0.005741 0.000299 0.123750 0.007487 1.798835
0.839369 0.013149 0.010595 0.005778 0.000298 0.123321 0.007490 1.800090
0.839517 0.013296 0.010684 0.005796 0.000302 0.122912 0.007493 1.801354
0.839668 0.013396 0.010757 0.005859 0.000304 0.122519 0.007497 1.802658
0.839778 0.013510 0.010834 0.005895 0.000306 0.122176 0.007500 1.803954
0.839839 0.013663 0.010879 0.005942 0.000310 0.121860 0.007505 1.805259
0.839885 0.013790 0.010962 0.005976 0.000308 0.121571 0.007508 1.806582
0.840014 0.013851 0.011051 0.006042 0.000309 0.121223 0.007510 1.807916
0.840117 0.013921 0.011139 0.006096 0.000310 0.120905 0.007513 1.809240
0.840223 0.013960 0.011203 0.006127 0.000316 0.120654 0.007516 1.810617
0.840284 0.014013 0.011305 0.006219 0.000315 0.120345 0.007520 1.812055
0.840256 0.014070 0.011447 0.006240 0.000318 0.120145 0.007524 1.813482
0.840295 0.014140 0.011546 0.006303 0.000323 0.119870 0.007525 1.814873
0.840306 0.014293 0.011612 0.006335 0.000324 0.119600 0.007530 1.816234
0.840336 0.014375 0.011664 0.006385 0.000327 0.119381 0.007532 1.817612
0.840269 0.014470 0.011768 0.006442 0.000326 0.119192 0.007533 1.819033
0.840252 0.014570 0.011839 0.006451 0.000335 0.119015 0.007537 1.820460
0.840206 0.014676 0.011941 0.006490 0.000339 0.118804 0.007543 1.821885
0.840149 0.014794 0.012016 0.006510 0.000340 0.118642 0.007549 1.823299
0.840066 0.014958 0.012090 0.006552 0.000349 0.118432 0.007552 1.824731
0.840051 0.015018 0.012207 0.006584 0.000352 0.118232 0.007556 1.826185
0.839908 0.015166 0.012271 0.006620 0.000356 0.118120 0.007560 1.827647
0.839863 0.015255 0.012364 0.006666 0.000360 0.117929 0.007562 1.829134
0.839846 0.015280 0.012427 0.006684 0.000364 0.117834 0.007566 1.830604
0.839690 0.015340 0.012530 0.006714 0.000368 0.117787 0.007571 1.832113
0.839606 0.015453 0.012580 0.006748 0.000365 0.117672 0.007577 1.833604
0.839470 0.015477 0.012648 0.006809 0.000366 0.117649 0.007581 1.835134
0.839379 0.015510 0.012753 0.006847 0.000369 0.117556 0.007584 1.836687
0.839212 0.015652 0.012801 0.006880 0.000366 0.117499 0.007590 1.838187
0.839124 0.015695 0.012921 0.006879 0.000373 0.117415 0.007594 1.839727
0.838979 0.015800 0.013008 0.006892 0.000371 0.117352 0.007599 1.841239
0.838911 0.015809 0.013084 0.006954 0.000377 0.117264 0.007601 1.842799
0.838783 0.015832 0.013172 0.007000 0.000373 0.117233 0.007607 1.844376
0.838625 0.015858 0.013244 0.007027 0.000375 0.117260 0.007611 1.845924
0.838531 0.015924 0.013251 0.007051 0.000375 0.117255 0.007615 1.847460
0.838393 0.016004 0.013330 0.007111 0.000380 0.117163 0.007620 1.849006
0.838212 0.016084 0.013416 0.007161 0.000385 0.117120 0.007622 1.850595
0.838093 0.016072 0.013494 0.007201 0.000384 0.117127 0.007628 1.852179
0.837966 0.016109 0.013531 0.007213 0.000385 0.117166 0.007630 1.853754
0.837759 0.016205 0.013586 0.007257 0.000384 0.117174 0.007635 1.855319
0.837630 0.016242 0.013617 0.007318 0.000381 0.117170 0.007642 1.856901
0.837388 0.016320 0.013701 0.007358 0.000379 0.117208 0.007646 1.858533
0.837176 0.016377 0.013797 0.007357 0.000381 0.117259 0.007652 1.860114
0.837045 0.016390 0.013816 0.007354 0.000379 0.117361 0.007655 1.861699
0.836872 0.016367 0.013907 0.007374 0.000376 0.117444 0.007659 1.863330
0.836690 0.016410 0.013910 0.007414 0.000373 0.117541 0.007662 1.864914
0.836484 0.016514 0.013965 0.007400 0.000380 0.117593 0.007664 1.866487
0.836356 0.016567 0.014032 0.007415 0.000378 0.117580 0.007672 1.868082
0.836107 0.016670 0.014075 0.007458 0.000375 0.117638 0.007677 1.869700
0.835875 0.016705 0.014122 0.007494 0.000372 0.117750 0.007682 1.871344
0.835686 0.016732 0.014172 0.007566 0.000369 0.117790 0.007685 1.873000
0.835488 0.016749 0.014254 0.007536 0.000369 0.117916 0.007690 1.874658
0.835278 0.016745 0.014309 0.007575 0.000366 0.118032 0.007695 1.876321
0.835012 0.016869 0.014358 0.007565 0.000369 0.118130 0.007698 1.877918
0.834818 0.016920 0.014411 0.007595 0.000375 0.118180 0.007701 1.879571
0.834526 0.016983 0.014428 0.007613 0.000375 0.118370 0.007707 1.881205
0.834403 0.016933 0.014490 0.007663 0.000385 0.118418 0.007710 1.882891
0.834237 0.016896 0.014572 0.007692 0.000390 0.118501 0.007713 1.884572
0.834021 0.016920 0.014627 0.007711 0.000390 0.118613 0.007718 1.886249
0.833826 0.016928 0.014673 0.007737 0.000388 0.118726 0.007723 1.887915
0.833613 0.016927 0.014733 0.007763 0.000389 0.118846 0.007728 1.889596
0.833460 0.016876 0.014766 0.007806 0.000389 0.118970 0.007733 1.891302
0.833275 0.016959 0.014774 0.007813 0.000391 0.119049 0.007738 1.892932
0.833064 0.016970 0.014829 0.007849 0.000394 0.119149 0.007745 1.894619
0.832909 0.016981 0.014817 0.007881 0.000393 0.119268 0.007751 1.896257
0.832749 0.016975 0.014847 0.007894 0.000393 0.119386 0.007755 1.897943
0.832519 0.017044 0.014905 0.007900 0.000393 0.119477 0.007761 1.899581
0.832406 0.017001 0.014921 0.007936 0.000390 0.119580 0.007765 1.901273
0.832227 0.016990 0.014902 0.007945 0.000394 0.119772 0.007770 1.902955
0.832154 0.016959 0.014932 0.007949 0.000396 0.119835 0.007775 1.904598
0.831934 0.016976 0.014940 0.007948 0.000406 0.120015 0.007780 1.906256
0.831726 0.017017 0.014901 0.007981 0.000407 0.120183 0.007786 1.907919
0.831603 0.016938 0.014960 0.007962 0.000404 0.120341 0.007793 1.909614
0.831419 0.016967 0.014993 0.007953 0.000396 0.120474 0.007797 1.911255
0.831163 0.017024 0.015030 0.007968 0.000393 0.120619 0.007802 1.912928
0.831060 0.017008 0.015024 0.007961 0.000401 0.120740 0.007806 1.914568
0.830882 0.017012 0.015073 0.007976 0.000404 0.120844 0.007808 1.916233
0.830746 0.017056 0.015063 0.007959 0.000403 0.120963 0.007811 1.917851
0.830519 0.017149 0.015021 0.007973 0.000404 0.121117 0.007817 1.919492
0.830453 0.017111 0.015055 0.007996 0.000407 0.121157 0.007820 1.921185
0.830290 0.017074 0.015079 0.008015 0.000410 0.121304 0.007827 1.922870
0.830153 0.017057 0.015114 0.007998 0.000416 0.121429 0.007832 1.924555
0.830081 0.017041 0.015102 0.008005 0.000415 0.121521 0.007836 1.926189
0.829983 0.016967 0.015112 0.008046 0.000417 0.121637 0.007839 1.927890
0.829916 0.016965 0.015070 0.008057 0.000418 0.121731 0.007844 1.929531
0.829798 0.016955 0.015008 0.008062 0.000417 0.121911 0.007850 1.931177
0.829663 0.016915 0.015045 0.008065 0.000408 0.122046 0.007858 1.932857
0.829536 0.016958 0.014997 0.008089 0.000408 0.122150 0.007863 1.934468
0.829412 0.016923 0.015013 0.008081 0.000410 0.122295 0.007867 1.936124
0.829396 0.016802 0.015083 0.008102 0.000413 0.122334 0.007870 1.937806
0.829295 0.016839 0.015078 0.008065 0.000418 0.122434 0.007872 1.939439
0.829173 0.016796 0.015089 0.008034 0.000428 0.122605 0.007876 1.941120
0.829091 0.016714 0.015126 0.008066 0.000430 0.122693 0.007881 1.942803
0.829011 0.016718 0.015101 0.008029 0.000430 0.122827 0.007886 1.944399
0.828988 0.016665 0.015057 0.008021 0.000426 0.122951 0.007890 1.946020
0.828909 0.016662 0.015024 0.008022 0.000432 0.123057 0.007894 1.947657
0.828843 0.016614 0.015000 0.007962 0.000437 0.123245 0.007899 1.949296
0.828765 0.016638 0.015013 0.007938 0.000441 0.123301 0.007904 1.950906
0.828687 0.016606 0.015015 0.007931 0.000441 0.123411 0.007910 1.952537
0.828599 0.016643 0.014986 0.007933 0.000439 0.123485 0.007916 1.954125
0.828524 0.016596 0.014980 0.007967 0.000446 0.123568 0.007919 1.955763
0.828509 0.016566 0.014976 0.007971 0.000447 0.123605 0.007926 1.957369
0.828527 0.016554 0.014958 0.007968 0.000451 0.123613 0.007931 1.958957
0.828511 0.016546 0.014889 0.007914 0.000458 0.123747 0.007936 1.960538
0.828448 0.016453 0.014920 0.007964 0.000463 0.123810 0.007943 1.962200
0.828369 0.016438 0.014872 0.007982 0.000468 0.123923 0.007948 1.963824
0.828252 0.016446 0.014855 0.007966 0.000469 0.124062 0.007951 1.965447
0.828184 0.016475 0.014807 0.007967 0.000456 0.124149 0.007961 1.967027
0.828109 0.016467 0.014819 0.007929 0.000454 0.124256 0.007966 1.968635
0.828143 0.016388 0.014830 0.007936 0.000453 0.124277 0.007974 1.970259
0.828245 0.016253 0.014886 0.007917 0.000452 0.124270 0.007978 1.971895
0.828304 0.016192 0.014883 0.007883 0.000450 0.124307 0.007982 1.973467
0.828273 0.016177 0.014843 0.007871 0.000450 0.124400 0.007987 1.975034
0.828305 0.016124 0.014802 0.007871 0.000446 0.124458 0.007994 1.976586
0.828317 0.016165 0.014792 0.007820 0.000445 0.124464 0.007998 1.978139
0.828249 0.016135 0.014761 0.007838 0.000452 0.124561 0.008004 1.979749
0.828297 0.016082 0.014780 0.007827 0.000448 0.124559 0.008008 1.981351
0.828247 0.016050 0.014755 0.007811 0.000452 0.124671 0.008013 1.982954
0.828260 0.016050 0.014685 0.007806 0.000450 0.124729 0.008019 1.984509
0.828224 0.016109 0.014688 0.007763 0.000449 0.124744 0.008023 1.986052
0.828273 0.016045 0.014666 0.007759 0.000447 0.124783 0.008028 1.987642
0.828208 0.016025 0.014699 0.007764 0.000441 0.124830 0.008034 1.989258
0.828296 0.015990 0.014653 0.007793 0.000441 0.124787 0.008039 1.990828
0.828257 0.015976 0.014632 0.007791 0.000442 0.124852 0.008049 1.992413
0.828257 0.015996 0.014591 0.007767 0.000439 0.124895 0.008056 1.993965
0.828308 0.015918 0.014567 0.007697 0.000435 0.125012 0.008062 1.995529
0.828331 0.015900 0.014516 0.007676 0.000434 0.125075 0.008069 1.997058
0.828410 0.015842 0.014501 0.007635 0.000432 0.125108 0.008073 1.998594
0.828412 0.015818 0.014475 0.007628 0.000427 0.125163 0.008078 2.000149
0.828420 0.015799 0.014445 0.007616 0.000429 0.125212 0.008080 2.001690
0.828491 0.015663 0.014458 0.007632 0.000432 0.125241 0.008084 2.003257
0.828573 0.015615 0.014484 0.007614 0.000437 0.125187 0.008091 2.004818
0.828547 0.015604 0.014437 0.007609 0.000431 0.125275 0.008096 2.006374
0.828607 0.015576 0.014425 0.007566 0.000433 0.125296 0.008098 2.007898
0.828652 0.015576 0.014404 0.007566 0.000438 0.125263 0.008103 2.009436
0.828766 0.015500 0.014390 0.007563 0.000436 0.125235 0.008111 2.010995
0.828895 0.015443 0.014337 0.007561 0.000432 0.125213 0.008119 2.012513
0.828977 0.015396 0.014323 0.007535 0.000439 0.125210 0.008121 2.014027
0.829080 0.015424 0.014269 0.007478 0.000442 0.125184 0.008125 2.015474
0.829106 0.015348 0.014255 0.007518 0.000443 0.125203 0.008128 2.017061
0.829195 0.015349 0.014190 0.007468 0.000443 0.125220 0.008135 2.018543
0.829325 0.015299 0.014158 0.007476 0.000443 0.125155 0.008143 2.020050
0.829395 0.015263 0.014127 0.007464 0.000444 0.125161 0.008147 2.021562
0.829477 0.015241 0.014087 0.007460 0.000447 0.125138 0.008152 2.023029
0.829597 0.015169 0.014122 0.007452 0.000434 0.125068 0.008157 2.024535
0.829680 0.015127 0.014146 0.007474 0.000431 0.124981 0.008162 2.026080
0.829754 0.015132 0.014099 0.007442 0.000432 0.124976 0.008166 2.027576
0.829827 0.015187 0.014042 0.007416 0.000434 0.124923 0.008171 2.029030
0.829931 0.015167 0.013959 0.007400 0.000429 0.124934 0.008181 2.030486
0.830052 0.015117 0.013907 0.007383 0.000430 0.124924 0.008187 2.031967
0.830088 0.015075 0.013894 0.007351 0.000432 0.124969 0.008190 2.033494
0.830228 0.015032 0.013917 0.007365 0.000429 0.124835 0.008195 2.035011
0.830325 0.015023 0.013932 0.007341 0.000425 0.124751 0.008202 2.036480
0.830441 0.015014 0.013882 0.007314 0.000422 0.124724 0.008204 2.037943
0.830572 0.014960 0.013857 0.007301 0.000422 0.124680 0.008208 2.039416
0.830678 0.014889 0.013801 0.007297 0.000421 0.124703 0.008212 2.040919
0.830791 0.014862 0.013764 0.007258 0.000423 0.124684 0.008217 2.042371
0.830949 0.014784 0.013697 0.007248 0.000425 0.124677 0.008221 2.043832
0.831076 0.014747 0.013649 0.007216 0.000429 0.124660 0.008223 2.045323
0.831117 0.014840 0.013560 0.007217 0.000419 0.124617 0.008229 2.046733
0.831233 0.014871 0.013530 0.007190 0.000419 0.124524 0.008234 2.048161
0.831373 0.014893 0.013475 0.007191 0.000415 0.124415 0.008239 2.049565
0.831460 0.014926 0.013428 0.007155 0.000411 0.124377 0.008243 2.050986
0.831569 0.014918 0.013413 0.007172 0.000409 0.124272 0.008249 2.052439
0.831762 0.014808 0.013462 0.007179 0.000410 0.124126 0.008253 2.053932
0.831926 0.014768 0.013453 0.007151 0.000413 0.124033 0.008256 2.055362
0.832072 0.014743 0.013485 0.007153 0.000414 0.123872 0.008262 2.056821
0.832216 0.014667 0.013507 0.007145 0.000416 0.123783 0.008266 2.058289
0.832347 0.014680 0.013516 0.007124 0.000416 0.123647 0.008270 2.059701
0.832512 0.014635 0.013487 0.007143 0.000419 0.123528 0.008276 2.061143
0.832711 0.014517 0.013474 0.007160 0.000419 0.123439 0.008281 2.062626
0.832881 0.014463 0.013452 0.007153 0.000420 0.123345 0.008286 2.064070
0.833047 0.014442 0.013419 0.007155 0.000414 0.123228 0.008295 2.065504
0.833194 0.014429 0.013392 0.007108 0.000410 0.123167 0.008299 2.066900
0.833303 0.014416 0.013395 0.007109 0.000417 0.123059 0.008302 2.068331
0.833412 0.014462 0.013354 0.007078 0.000416 0.122970 0.008307 2.069730
0.833540 0.014465 0.013282 0.007061 0.000414 0.122927 0.008311 2.071122
0.833602 0.014509 0.013231 0.007033 0.000411 0.122895 0.008319 2.072513
0.833699 0.014528 0.013181 0.007026 0.000411 0.122833 0.008324 2.073920
0.833819 0.014561 0.013154 0.007010 0.000412 0.122719 0.008327 2.075322
0.833956 0.014558 0.013130 0.007019 0.000412 0.122595 0.008331 2.076722
0.834115 0.014527 0.013186 0.006983 0.000413 0.122439 0.008336 2.078143
0.834181 0.014529 0.013196 0.006978 0.000411 0.122364 0.008342 2.079567
0.834287 0.014467 0.013170 0.007000 0.000415 0.122315 0.008346 2.081037
0.834468 0.014423 0.013134 0.007027 0.000411 0.122190 0.008348 2.082459
0.834626 0.014332 0.013101 0.007017 0.000415 0.122156 0.008353 2.083883
0.834744 0.014358 0.013061 0.006997 0.000418 0.122065 0.008359 2.085272
0.834981 0.014206 0.013073 0.006977 0.000415 0.121980 0.008367 2.086718
0.835167 0.014165 0.013027 0.006990 0.000412 0.121864 0.008375 2.088114
0.835247 0.014164 0.013046 0.006987 0.000415 0.121764 0.008377 2.089507
0.835471 0.014112 0.012999 0.006982 0.000413 0.121639 0.008384 2.090874
0.835582 0.014167 0.012980 0.006951 0.000405 0.121528 0.008387 2.092242
0.835716 0.014163 0.012931 0.006922 0.000409 0.121467 0.008393 2.093621
0.835826 0.014135 0.012898 0.006920 0.000404 0.121419 0.008397 2.095016
0.835989 0.014116 0.012878 0.006916 0.000409 0.121293 0.008400 2.096396
0.836127 0.014081 0.012852 0.006916 0.000407 0.121211 0.008405 2.097786
0.836274 0.014035 0.012848 0.006887 0.000404 0.121142 0.008410 2.099195
0.836462 0.014047 0.012820 0.006846 0.000420 0.120992 0.008413 2.100549
0.836592 0.014035 0.012836 0.006820 0.000425 0.120875 0.008417 2.101925
0.836782 0.014003 0.012806 0.006809 0.000420 0.120758 0.008422 2.103291
0.836933 0.013970 0.012832 0.006790 0.000418 0.120633 0.008426 2.104683
0.837124 0.013964 0.012797 0.006762 0.000421 0.120502 0.008429 2.106069
0.837307 0.013946 0.012796 0.006739 0.000414 0.120364 0.008434 2.107450
0.837384 0.013992 0.012771 0.006720 0.000416 0.120277 0.008441 2.108804
0.837576 0.013946 0.012725 0.006721 0.000413 0.120171 0.008448 2.110183
0.837673 0.013938 0.012696 0.006732 0.000408 0.120098 0.008457 2.111567
0.837835 0.013971 0.012658 0.006688 0.000406 0.119980 0.008462 2.112905
0.837969 0.013981 0.012673 0.006652 0.000404 0.119852 0.008469 2.114269
0.838056 0.014006 0.012654 0.006643 0.000402 0.119765 0.008474 2.115650
0.838160 0.014003 0.012629 0.006648 0.000393 0.119683 0.008483 2.117014
0.838313 0.014018 0.012650 0.006636 0.000392 0.119502 0.008489 2.118378
0.838395 0.014072 0.012603 0.006655 0.000390 0.119393 0.008492 2.119716
0.838549 0.014098 0.012580 0.006657 0.000387 0.119232 0.008497 2.121052
0.838659 0.014004 0.012646 0.006634 0.000390 0.119166 0.008500 2.122490
0.838760 0.013994 0.012666 0.006608 0.000391 0.119074 0.008508 2.123860
0.838881 0.014000 0.012690 0.006599 0.000385 0.118931 0.008513 2.125240
0.839029 0.013986 0.012671 0.006594 0.000388 0.118812 0.008520 2.126606
0.839199 0.013966 0.012669 0.006598 0.000391 0.118653 0.008523 2.127990
0.839366 0.013953 0.012659 0.006589 0.000391 0.118517 0.008526 2.129368
0.839465 0.013981 0.012611 0.006568 0.000389 0.118455 0.008531 2.130708
0.839503 0.013941 0.012657 0.006574 0.000395 0.118397 0.008533 2.132099
0.839595 0.013959 0.012660 0.006603 0.000398 0.118249 0.008538 2.133452
0.839722 0.013970 0.012676 0.006597 0.000401 0.118091 0.008543 2.134828
0.839823 0.014028 0.012621 0.006593 0.000393 0.117998 0.008545 2.136157
0.839935 0.014062 0.012597 0.006579 0.000389 0.117885 0.008553 2.137507
0.840025 0.014047 0.012642 0.006609 0.000392 0.117728 0.008557 2.138910
0.840152 0.014050 0.012615 0.006622 0.000396 0.117604 0.008560 2.140269
0.840232 0.014026 0.012640 0.006665 0.000392 0.117478 0.008566 2.141688
0.840391 0.013995 0.012634 0.006647 0.000389 0.117375 0.008570 2.143070
0.840522 0.014057 0.012604 0.006634 0.000386 0.117224 0.008573 2.144399
0.840651 0.014039 0.012587 0.006627 0.000385 0.117133 0.008579 2.145785
0.840761 0.013982 0.012634 0.006643 0.000386 0.117012 0.008582 2.147195
0.840864 0.013950 0.012616 0.006654 0.000381 0.116948 0.008587 2.148587
0.840896 0.013935 0.012666 0.006663 0.000379 0.116868 0.008594 2.150003
0.840888 0.014006 0.012647 0.006646 0.000376 0.116839 0.008599 2.151379
0.840899 0.014076 0.012620 0.006624 0.000372 0.116808 0.008601 2.152706
0.840962 0.014065 0.012647 0.006665 0.000372 0.116686 0.008603 2.154114
0.841113 0.014074 0.012626 0.006675 0.000373 0.116533 0.008606 2.155461
0.841181 0.014106 0.012579 0.006683 0.000373 0.116469 0.008611 2.156820
0.841238 0.014132 0.012564 0.006677 0.000374 0.116399 0.008616 2.158189
0.841315 0.014154 0.012563 0.006664 0.000375 0.116311 0.008617 2.159565
0.841404 0.014079 0.012562 0.006703 0.000377 0.116254 0.008621 2.160978
0.841515 0.014047 0.012573 0.006722 0.000374 0.116144 0.008625 2.162363
0.841546 0.014130 0.012505 0.006707 0.000376 0.116106 0.008630 2.163692
0.841634 0.014129 0.012530 0.006695 0.000374 0.116004 0.008634 2.165079
0.841728 0.014155 0.012508 0.006705 0.000373 0.115891 0.008638 2.166437
0.841759 0.014144 0.012534 0.006697 0.000375 0.115845 0.008644 2.167839
0.841830 0.014132 0.012571 0.006724 0.000371 0.115719 0.008652 2.169215
0.841847 0.014134 0.012607 0.006721 0.000373 0.115662 0.008656 2.170623
0.841918 0.014105 0.012613 0.006755 0.000363 0.115583 0.008662 2.172028
0.842049 0.014079 0.012617 0.006725 0.000368 0.115496 0.008668 2.173400
0.842063 0.014122 0.012614 0.006743 0.000369 0.115416 0.008673 2.174791
0.842109 0.014120 0.012607 0.006741 0.000373 0.115373 0.008677 2.176197
0.842180 0.014177 0.012539 0.006718 0.000371 0.115333 0.008683 2.177564
0.842179 0.014224 0.012525 0.006717 0.000370 0.115299 0.008687 2.178914
0.842265 0.014261 0.012526 0.006697 0.000370 0.115191 0.008690 2.180281
0.842306 0.014260 0.012556 0.006687 0.000367 0.115129 0.008695 2.181684
0.842391 0.014224 0.012603 0.006698 0.000369 0.115015 0.008699 2.183107
0.842398 0.014265 0.012616 0.006711 0.000368 0.114938 0.008703 2.184477
0.842410 0.014302 0.012627 0.006685 0.000369 0.114899 0.008708 2.185854
0.842496 0.014270 0.012670 0.006636 0.000370 0.114847 0.008712 2.187270
0.842552 0.014283 0.012674 0.006642 0.000371 0.114762 0.008716 2.188654
0.842587 0.014284 0.012714 0.006657 0.000372 0.114665 0.008722 2.190073
0.842628 0.014312 0.012694 0.006689 0.000370 0.114582 0.008726 2.191472
0.842689 0.014291 0.012700 0.006714 0.000367 0.114509 0.008730 2.192873
0.842693 0.014280 0.012721 0.006705 0.000366 0.114499 0.008734 2.194305
0.842770 0.014240 0.012696 0.006703 0.000372 0.114480 0.008740 2.195696
0.842833 0.014218 0.012684 0.006698 0.000374 0.114448 0.008744 2.197092
0.842839 0.014222 0.012729 0.006712 0.000378 0.114374 0.008747 2.198484
0.842853 0.014285 0.012721 0.006696 0.000379 0.114318 0.008749 2.199843
0.842824 0.014350 0.012711 0.006676 0.000378 0.114310 0.008752 2.201211
0.842843 0.014370 0.012796 0.006677 0.000385 0.114175 0.008755 2.202625
0.842926 0.014393 0.012794 0.006674 0.000389 0.114060 0.008763 2.204031
0.842881 0.014372 0.012813 0.006689 0.000391 0.114083 0.008771 2.205459
0.842888 0.014420 0.012776 0.006698 0.000391 0.114053 0.008774 2.206831
0.842910 0.014417 0.012724 0.006705 0.000397 0.114069 0.008779 2.208235
0.842951 0.014385 0.012733 0.006740 0.000398 0.114011 0.008782 2.209657
0.842993 0.014362 0.012717 0.006761 0.000400 0.113979 0.008787 2.211062
0.842948 0.014401 0.012704 0.006772 0.000405 0.113979 0.008791 2.212465
0.842925 0.014447 0.012660 0.006734 0.000411 0.114029 0.008796 2.213844
0.842880 0.014446 0.012676 0.006779 0.000419 0.114002 0.008799 2.215276
0.842847 0.014550 0.012647 0.006753 0.000421 0.113981 0.008802 2.216630
0.842834 0.014540 0.012694 0.006756 0.000423 0.113946 0.008806 2.218078
0.842805 0.014562 0.012743 0.006739 0.000418 0.113924 0.008809 2.219520
0.842751 0.014601 0.012765 0.006757 0.000419 0.113894 0.008814 2.220928
0.842761 0.014590 0.012794 0.006754 0.000427 0.113856 0.008817 2.222365
0.842763 0.014545 0.012859 0.006742 0.000425 0.113842 0.008823 2.223822
0.842773 0.014599 0.012823 0.006779 0.000424 0.113772 0.008830 2.225240
0.842775 0.014528 0.012871 0.006798 0.000424 0.113768 0.008836 2.226714
0.842691 0.014568 0.012854 0.006842 0.000420 0.113784 0.008841 2.228155
0.842670 0.014572 0.012887 0.006855 0.000423 0.113746 0.008846 2.229602
0.842672 0.014587 0.012932 0.006830 0.000423 0.113705 0.008851 2.231009
0.842661 0.014600 0.012966 0.006794 0.000413 0.113710 0.008854 2.232433
0.842609 0.014616 0.012977 0.006813 0.000416 0.113709 0.008859 2.233866
0.842545 0.014653 0.013012 0.006802 0.000412 0.113710 0.008867 2.235301
0.842572 0.014594 0.013088 0.006786 0.000410 0.113677 0.008872 2.236790
0.842547 0.014638 0.013114 0.006754 0.000405 0.113665 0.008876 2.238200
0.842602 0.014646 0.013069 0.006751 0.000411 0.113640 0.008881 2.239606
0.842522 0.014693 0.013073 0.006741 0.000408 0.113678 0.008884 2.241004
0.842557 0.014659 0.013104 0.006748 0.000411 0.113633 0.008889 2.242469
0.842562 0.014653 0.013082 0.006785 0.000418 0.113610 0.008891 2.243902
0.842589 0.014625 0.013065 0.006832 0.000416 0.113575 0.008897 2.245339
0.842548 0.014618 0.013108 0.006862 0.000412 0.113552 0.008902 2.246818
0.842496 0.014656 0.013085 0.006868 0.000408 0.113578 0.008909 2.248232
0.842521 0.014593 0.013070 0.006894 0.000415 0.113593 0.008915 2.249701
0.842490 0.014632 0.013124 0.006880 0.000411 0.113544 0.008919 2.251146
0.842520 0.014622 0.013176 0.006879 0.000410 0.113469 0.008923 2.252590
0.842446 0.014646 0.013222 0.006877 0.000413 0.113470 0.008927 2.254025
0.842353 0.014649 0.013236 0.006876 0.000411 0.113544 0.008932 2.255476
0.842311 0.014655 0.013230 0.006869 0.000412 0.113587 0.008937 2.256926
0.842330 0.014640 0.013225 0.006892 0.000410 0.113564 0.008940 2.258371
0.842344 0.014641 0.013259 0.006867 0.000409 0.113535 0.008946 2.259804
0.842314 0.014723 0.013181 0.006865 0.000411 0.113554 0.008952 2.261171
0.842292 0.014652 0.013260 0.006898 0.000414 0.113525 0.008960 2.262680
0.842265 0.014692 0.013236 0.006922 0.000416 0.113507 0.008964 2.264101
0.842251 0.014703 0.013237 0.006932 0.000418 0.113493 0.008967 2.265523
0.842206 0.014741 0.013228 0.006890 0.000427 0.113538 0.008971 2.266921
0.842160 0.014740 0.013246 0.006891 0.000429 0.113557 0.008977 2.268365
0.842111 0.014762 0.013217 0.006907 0.000425 0.113595 0.008983 2.269819
0.842062 0.014818 0.013174 0.006899 0.000428 0.113631 0.008988 2.271223
0.842009 0.014870 0.013156 0.006906 0.000427 0.113639 0.008995 2.272642
0.841933 0.014918 0.013166 0.006906 0.000432 0.113645 0.009000 2.274098
0.841969 0.014845 0.013215 0.006955 0.000429 0.113583 0.009005 2.275580
0.841986 0.014847 0.013235 0.006921 0.000432 0.113568 0.009010 2.277011
0.842044 0.014778 0.013251 0.006905 0.000433 0.113575 0.009016 2.278463
0.841896 0.014908 0.013245 0.006922 0.000428 0.113579 0.009022 2.279881
0.841855 0.014883 0.013252 0.006954 0.000423 0.113603 0.009030 2.281357
0.841844 0.014912 0.013225 0.006943 0.000426 0.113615 0.009036 2.282783
0.841777 0.014877 0.013229 0.006994 0.000420 0.113663 0.009039 2.284286
0.841796 0.014854 0.013288 0.006982 0.000418 0.113617 0.009044 2.285786
0.841752 0.014858 0.013318 0.006988 0.000418 0.113616 0.009051 2.287259
0.841759 0.014852 0.013303 0.006985 0.000419 0.113625 0.009056 2.288715
0.841748 0.014827 0.013271 0.006980 0.000424 0.113689 0.009060 2.290166
0.841707 0.014843 0.013284 0.006986 0.000423 0.113691 0.009067 2.291639
0.841660 0.014866 0.013282 0.006972 0.000420 0.113730 0.009071 2.293081
0.841608 0.014874 0.013288 0.006988 0.000429 0.113737 0.009075 2.294533
0.841500 0.014885 0.013300 0.007023 0.000430 0.113785 0.009077 2.296032
0.841487 0.014873 0.013319 0.007013 0.000426 0.113800 0.009081 2.297486
0.841502 0.014839 0.013322 0.007029 0.000427 0.113796 0.009084 2.298958
0.841461 0.014861 0.013261 0.007032 0.000424 0.113871 0.009088 2.300400
0.841481 0.014822 0.013299 0.006998 0.000428 0.113878 0.009093 2.301886
0.841490 0.014729 0.013348 0.007017 0.000427 0.113891 0.009098 2.303395
0.841496 0.014738 0.013337 0.007069 0.000421 0.113836 0.009103 2.304833
0.841529 0.014660 0.013371 0.007081 0.000418 0.113833 0.009109 2.306313
0.841523 0.014656 0.013363 0.007058 0.000413 0.113868 0.009119 2.307759
0.841463 0.014657 0.013350 0.007044 0.000409 0.113952 0.009122 2.309210
0.841413 0.014715 0.013315 0.007061 0.000417 0.113953 0.009126 2.310610
0.841383 0.014705 0.013299 0.007041 0.000414 0.114028 0.009130 2.312059
0.841318 0.014745 0.013309 0.007060 0.000412 0.114021 0.009135 2.313509
0.841360 0.014693 0.013323 0.007052 0.000419 0.114011 0.009141 2.314966
0.841322 0.014768 0.013316 0.006983 0.000424 0.114042 0.009145 2.316359
0.841283 0.014766 0.013352 0.006990 0.000426 0.114033 0.009149 2.317840
0.841300 0.014727 0.013393 0.006976 0.000426 0.114023 0.009153 2.319288
0.841320 0.014719 0.013418 0.006965 0.000422 0.113999 0.009156 2.320722
0.841286 0.014793 0.013363 0.006949 0.000419 0.114029 0.009161 2.322132
0.841298 0.014771 0.013379 0.006943 0.000416 0.114025 0.009167 2.323583
0.841300 0.014746 0.013407 0.006941 0.000420 0.114015 0.009171 2.325063
0.841234 0.014795 0.013419 0.006928 0.000421 0.114026 0.009177 2.326493
0.841214 0.014836 0.013375 0.006891 0.000423 0.114078 0.009184 2.327890
0.841163 0.014806 0.013373 0.006911 0.000417 0.114140 0.009190 2.329362
0.841144 0.014751 0.013442 0.006918 0.000419 0.114130 0.009196 2.330872
