0.368966 0.061993 0.054897 0.031498 0.001966 0.474961 0.005721 1.552473
0.370093 0.060824 0.054840 0.031447 0.001958 0.475087 0.005752 1.558500
0.371543 0.059380 0.054735 0.031260 0.001957 0.475345 0.005780 1.564360
0.373297 0.057966 0.054475 0.030989 0.001967 0.475502 0.005805 1.570019
0.375339 0.056304 0.054285 0.030788 0.001974 0.475481 0.005828 1.575647
0.377459 0.054642 0.053949 0.030540 0.001971 0.475582 0.005858 1.581135
0.379813 0.052986 0.053469 0.030285 0.001963 0.475598 0.005888 1.586445
0.382055 0.051477 0.053040 0.029933 0.001971 0.475610 0.005915 1.591607
0.384419 0.050091 0.052484 0.029557 0.001979 0.475531 0.005940 1.596564
0.386905 0.048700 0.051863 0.029157 0.001972 0.475436 0.005968 1.601428
0.389502 0.047321 0.051260 0.028714 0.001962 0.475248 0.005993 1.606137
0.392068 0.046032 0.050646 0.028282 0.001953 0.475005 0.006015 1.610747
0.394750 0.044890 0.049884 0.027761 0.001940 0.474728 0.006047 1.615160
0.397414 0.043785 0.049201 0.027214 0.001928 0.474381 0.006077 1.619486
0.400187 0.042679 0.048445 0.026818 0.001894 0.473874 0.006103 1.623744
0.403079 0.041631 0.047696 0.026311 0.001886 0.473278 0.006120 1.627881
0.405896 0.040713 0.046877 0.025860 0.001894 0.472621 0.006139 1.631873
0.408756 0.039834 0.046100 0.025405 0.001877 0.471866 0.006163 1.635807
0.411494 0.038971 0.045325 0.025005 0.001873 0.471149 0.006182 1.639763
0.414382 0.038121 0.044560 0.024579 0.001872 0.470279 0.006207 1.643604
0.417322 0.037393 0.043696 0.024176 0.001874 0.469311 0.006228 1.647278
0.420143 0.036755 0.042905 0.023791 0.001860 0.468296 0.006250 1.650891
0.423133 0.036086 0.042105 0.023416 0.001850 0.467138 0.006273 1.654430
0.426151 0.035487 0.041381 0.023018 0.001834 0.465830 0.006300 1.657921
0.429017 0.034865 0.040648 0.022636 0.001825 0.464689 0.006321 1.661398
0.431929 0.034315 0.039916 0.022333 0.001806 0.463362 0.006338 1.664823
0.434868 0.033775 0.039322 0.021953 0.001794 0.461928 0.006360 1.668220
0.437814 0.033252 0.038739 0.021609 0.001763 0.460437 0.006387 1.671594
0.440671 0.032862 0.038093 0.021213 0.001748 0.459004 0.006410 1.674828
0.443539 0.032558 0.037465 0.020810 0.001729 0.457466 0.006433 1.677998
0.446346 0.032137 0.036900 0.020534 0.001714 0.455914 0.006455 1.681241
0.449133 0.031868 0.036289 0.020145 0.001695 0.454390 0.006480 1.684363
0.451943 0.031572 0.035707 0.019793 0.001686 0.452801 0.006497 1.687416
0.454644 0.031314 0.035086 0.019531 0.001654 0.451251 0.006520 1.690476
0.457477 0.031047 0.034553 0.019234 0.001629 0.449520 0.006540 1.693529
0.460234 0.030799 0.033996 0.018965 0.001597 0.447845 0.006564 1.696516
0.463177 0.030447 0.033482 0.018691 0.001582 0.446034 0.006587 1.699522
0.465827 0.030254 0.033059 0.018472 0.001556 0.444219 0.006612 1.702498
0.468671 0.030104 0.032590 0.018235 0.001546 0.442227 0.006626 1.705410
0.471500 0.029917 0.032199 0.017993 0.001525 0.440215 0.006652 1.708368
0.474310 0.029666 0.031927 0.017759 0.001511 0.438159 0.006668 1.711345
0.477217 0.029492 0.031508 0.017474 0.001500 0.436124 0.006685 1.714157
0.479905 0.029381 0.031133 0.017297 0.001478 0.434098 0.006708 1.717031
0.482718 0.029161 0.030818 0.017060 0.001457 0.432057 0.006728 1.719894
0.485251 0.029075 0.030421 0.016883 0.001440 0.430190 0.006741 1.722734
0.487807 0.029057 0.030077 0.016705 0.001419 0.428178 0.006757 1.725516
0.490461 0.028979 0.029722 0.016513 0.001417 0.426138 0.006770 1.728283
0.493013 0.029006 0.029450 0.016304 0.001404 0.424036 0.006788 1.731047
0.495516 0.028876 0.029246 0.016206 0.001383 0.421969 0.006804 1.733944
0.497946 0.028787 0.029029 0.016038 0.001374 0.420008 0.006819 1.736762
0.500347 0.028792 0.028768 0.015911 0.001345 0.418004 0.006832 1.739571
0.502848 0.028719 0.028566 0.015782 0.001323 0.415909 0.006855 1.742429
0.505247 0.028691 0.028324 0.015672 0.001312 0.413885 0.006869 1.745213
0.507645 0.028570 0.028122 0.015577 0.001301 0.411898 0.006887 1.748066
0.509970 0.028561 0.027835 0.015457 0.001277 0.409987 0.006913 1.750811
0.512211 0.028594 0.027587 0.015376 0.001277 0.408025 0.006929 1.753583
0.514545 0.028578 0.027422 0.015277 0.001266 0.405967 0.006945 1.756396
0.516814 0.028601 0.027307 0.015172 0.001251 0.403890 0.006964 1.759193
0.519182 0.028489 0.027211 0.015130 0.001238 0.401774 0.006977 1.762086
0.521315 0.028507 0.027066 0.015051 0.001218 0.399855 0.006987 1.764898
0.523414 0.028536 0.026937 0.014948 0.001205 0.397957 0.007003 1.767687
0.525571 0.028641 0.026822 0.014858 0.001185 0.395906 0.007018 1.770471
0.527588 0.028657 0.026756 0.014836 0.001171 0.393958 0.007034 1.773295
0.529583 0.028722 0.026633 0.014771 0.001155 0.392088 0.007048 1.776112
0.531703 0.028797 0.026569 0.014742 0.001151 0.389977 0.007060 1.778927
0.533618 0.028834 0.026481 0.014682 0.001146 0.388164 0.007074 1.781817
0.535589 0.028809 0.026452 0.014672 0.001137 0.386250 0.007091 1.784643
0.537452 0.028852 0.026413 0.014622 0.001135 0.384420 0.007106 1.787497
0.539280 0.028957 0.026341 0.014606 0.001132 0.382567 0.007118 1.790322
0.541313 0.028909 0.026313 0.014537 0.001117 0.380677 0.007133 1.793212
0.543077 0.029077 0.026246 0.014502 0.001113 0.378836 0.007150 1.796020
0.544807 0.029213 0.026163 0.014471 0.001095 0.377088 0.007163 1.798862
0.546475 0.029401 0.026110 0.014440 0.001093 0.375305 0.007176 1.801683
0.548152 0.029537 0.026052 0.014460 0.001085 0.373521 0.007192 1.804548
0.549792 0.029603 0.026136 0.014422 0.001080 0.371762 0.007205 1.807458
0.551336 0.029691 0.026204 0.014437 0.001055 0.370057 0.007219 1.810401
0.552885 0.029800 0.026214 0.014437 0.001051 0.368379 0.007232 1.813333
0.554423 0.029912 0.026291 0.014447 0.001046 0.366639 0.007241 1.816280
0.555917 0.030043 0.026253 0.014502 0.001037 0.364993 0.007255 1.819188
0.557317 0.030226 0.026249 0.014516 0.001025 0.363397 0.007269 1.822138
0.558776 0.030278 0.026314 0.014552 0.001012 0.361783 0.007285 1.825146
0.560114 0.030431 0.026391 0.014523 0.001005 0.360236 0.007299 1.828105
0.561488 0.030566 0.026436 0.014495 0.000999 0.358706 0.007310 1.831065
0.562944 0.030665 0.026463 0.014550 0.000982 0.357069 0.007327 1.834051
0.564188 0.030903 0.026508 0.014534 0.000976 0.355552 0.007339 1.837019
0.565358 0.031232 0.026539 0.014492 0.000988 0.354043 0.007347 1.839971
0.566566 0.031384 0.026497 0.014597 0.000985 0.352610 0.007360 1.843031
0.567757 0.031455 0.026525 0.014665 0.000973 0.351253 0.007372 1.846102
0.568835 0.031662 0.026593 0.014747 0.000962 0.349820 0.007383 1.849137
0.569995 0.031778 0.026677 0.014822 0.000966 0.348366 0.007395 1.852241
0.571137 0.031910 0.026781 0.014892 0.000960 0.346915 0.007404 1.855367
0.572168 0.032040 0.026886 0.014958 0.000967 0.345569 0.007414 1.858510
0.573188 0.032188 0.026957 0.015013 0.000959 0.344269 0.007426 1.861633
0.574215 0.032329 0.027079 0.015061 0.000960 0.342911 0.007444 1.864761
0.575139 0.032475 0.027157 0.015181 0.000955 0.341637 0.007456 1.868018
0.576059 0.032622 0.027296 0.015264 0.000956 0.340338 0.007465 1.871231
0.576918 0.032720 0.027371 0.015350 0.000952 0.339213 0.007475 1.874475
0.577852 0.032881 0.027452 0.015431 0.000947 0.337952 0.007486 1.877687
0.578652 0.033058 0.027509 0.015471 0.000947 0.336865 0.007497 1.880867
0.579491 0.033158 0.027636 0.015570 0.000944 0.335691 0.007511 1.884173
0.580344 0.033189 0.027788 0.015616 0.000942 0.334597 0.007524 1.887491
0.581132 0.033335 0.027917 0.015641 0.000939 0.333502 0.007533 1.890752
0.581903 0.033461 0.028088 0.015650 0.000938 0.332421 0.007539 1.894042
0.582590 0.033629 0.028242 0.015666 0.000930 0.331389 0.007554 1.897321
0.583212 0.033799 0.028359 0.015707 0.000941 0.330415 0.007567 1.900623
0.583876 0.033875 0.028473 0.015766 0.000945 0.329491 0.007574 1.903980
0.584480 0.034064 0.028585 0.015841 0.000940 0.328503 0.007588 1.907296
0.585028 0.034203 0.028692 0.015893 0.000941 0.327643 0.007600 1.910654
0.585567 0.034416 0.028759 0.015957 0.000937 0.326746 0.007617 1.913996
0.586103 0.034498 0.028928 0.016059 0.000934 0.325851 0.007627 1.917447
0.586652 0.034602 0.029026 0.016161 0.000937 0.324986 0.007635 1.920875
0.587084 0.034786 0.029136 0.016187 0.000935 0.324224 0.007647 1.924272
0.587491 0.035045 0.029204 0.016234 0.000940 0.323429 0.007658 1.927669
0.587902 0.035181 0.029334 0.016311 0.000940 0.322663 0.007669 1.931106
0.588336 0.035336 0.029497 0.016376 0.000942 0.321838 0.007676 1.934588
0.588667 0.035466 0.029638 0.016465 0.000936 0.321141 0.007689 1.938135
0.589114 0.035627 0.029815 0.016523 0.000929 0.320289 0.007702 1.941627
0.589477 0.035861 0.029906 0.016638 0.000934 0.319472 0.007713 1.945105
0.589740 0.036053 0.030070 0.016707 0.000929 0.318777 0.007725 1.948648
0.590022 0.036268 0.030266 0.016784 0.000927 0.317996 0.007737 1.952205
0.590248 0.036449 0.030363 0.016851 0.000924 0.317417 0.007748 1.955770
0.590417 0.036695 0.030428 0.016923 0.000925 0.316852 0.007760 1.959314
0.590577 0.036865 0.030624 0.016992 0.000918 0.316251 0.007773 1.962948
0.590640 0.036988 0.030800 0.017062 0.000922 0.315805 0.007782 1.966590
0.590806 0.037115 0.030952 0.017106 0.000920 0.315308 0.007795 1.970251
0.590956 0.037317 0.031028 0.017164 0.000926 0.314805 0.007805 1.973859
0.591129 0.037449 0.031117 0.017203 0.000927 0.314357 0.007816 1.977497
0.591332 0.037554 0.031251 0.017246 0.000927 0.313856 0.007834 1.981190
0.591375 0.037706 0.031405 0.017364 0.000921 0.313383 0.007847 1.984885
0.591491 0.037841 0.031478 0.017392 0.000925 0.313016 0.007857 1.988550
0.591580 0.037975 0.031608 0.017511 0.000931 0.312530 0.007866 1.992261
0.591622 0.038177 0.031760 0.017485 0.000932 0.312143 0.007881 1.995933
0.591698 0.038291 0.031845 0.017588 0.000944 0.311740 0.007893 1.999707
0.591783 0.038304 0.032062 0.017613 0.000947 0.311387 0.007904 2.003499
0.591801 0.038311 0.032231 0.017671 0.000952 0.311118 0.007915 2.007352
0.591760 0.038394 0.032297 0.017748 0.000962 0.310915 0.007925 2.011131
0.591781 0.038570 0.032314 0.017841 0.000970 0.310590 0.007934 2.014868
0.591789 0.038699 0.032371 0.017956 0.000982 0.310262 0.007942 2.018647
0.591871 0.038805 0.032501 0.017982 0.000979 0.309906 0.007956 2.022397
0.591863 0.038909 0.032598 0.018029 0.000985 0.309650 0.007966 2.026215
0.591807 0.039088 0.032675 0.018076 0.000977 0.309395 0.007982 2.029974
0.591737 0.039165 0.032798 0.018134 0.000973 0.309201 0.007993 2.033828
0.591697 0.039218 0.032915 0.018205 0.000969 0.308988 0.008007 2.037658
0.591718 0.039127 0.033106 0.018293 0.000971 0.308764 0.008021 2.041571
0.591610 0.039120 0.033250 0.018335 0.000979 0.308671 0.008035 2.045457
0.591626 0.039065 0.033426 0.018324 0.000986 0.308526 0.008046 2.049319
0.591767 0.038992 0.033554 0.018309 0.000998 0.308325 0.008055 2.053168
0.591739 0.039053 0.033607 0.018373 0.001007 0.308152 0.008069 2.056975
0.591690 0.039115 0.033643 0.018425 0.001004 0.308038 0.008084 2.060809
0.591719 0.039099 0.033763 0.018465 0.001009 0.307847 0.008097 2.064705
0.591671 0.039166 0.033792 0.018506 0.001027 0.307727 0.008111 2.068535
0.591621 0.039294 0.033775 0.018487 0.001025 0.307677 0.008121 2.072331
0.591625 0.039316 0.033843 0.018509 0.001009 0.307562 0.008136 2.076162
0.591659 0.039260 0.033900 0.018572 0.000999 0.307462 0.008150 2.080041
0.591559 0.039377 0.033925 0.018641 0.000996 0.307344 0.008160 2.083834
0.591478 0.039495 0.033921 0.018689 0.001011 0.307236 0.008169 2.087613
0.591457 0.039500 0.033966 0.018733 0.001018 0.307150 0.008176 2.091474
0.591437 0.039543 0.034091 0.018769 0.001021 0.306955 0.008184 2.095358
0.591408 0.039623 0.034158 0.018784 0.001005 0.306827 0.008197 2.099154
0.591366 0.039632 0.034291 0.018842 0.000995 0.306665 0.008208 2.103069
0.591190 0.039638 0.034353 0.018854 0.001006 0.306741 0.008219 2.106983
0.591107 0.039582 0.034484 0.018978 0.001010 0.306607 0.008233 2.110984
0.591117 0.039584 0.034506 0.018996 0.001023 0.306528 0.008247 2.114852
0.591006 0.039504 0.034544 0.019078 0.001029 0.306583 0.008257 2.118789
0.590923 0.039485 0.034589 0.019061 0.001043 0.306632 0.008267 2.122678
0.590832 0.039488 0.034597 0.019098 0.001057 0.306647 0.008280 2.126537
0.590797 0.039540 0.034591 0.019102 0.001068 0.306607 0.008294 2.130391
0.590774 0.039534 0.034564 0.019123 0.001072 0.306629 0.008304 2.134256
0.590627 0.039610 0.034562 0.019138 0.001080 0.306665 0.008318 2.138124
0.590579 0.039660 0.034528 0.019183 0.001076 0.306645 0.008328 2.141929
0.590541 0.039597 0.034524 0.019215 0.001084 0.306701 0.008339 2.145837
0.590528 0.039575 0.034489 0.019250 0.001087 0.306713 0.008358 2.149735
0.590416 0.039518 0.034551 0.019296 0.001081 0.306768 0.008370 2.153638
0.590365 0.039563 0.034539 0.019219 0.001080 0.306855 0.008380 2.157423
0.590278 0.039500 0.034628 0.019260 0.001085 0.306855 0.008392 2.161343
0.590310 0.039390 0.034676 0.019267 0.001092 0.306858 0.008407 2.165243
0.590322 0.039312 0.034673 0.019258 0.001097 0.306918 0.008420 2.169120
0.590254 0.039278 0.034677 0.019250 0.001107 0.307003 0.008432 2.172995
0.590228 0.039289 0.034588 0.019259 0.001112 0.307082 0.008441 2.176807
0.590318 0.039126 0.034687 0.019284 0.001108 0.307020 0.008457 2.180732
0.590354 0.039174 0.034744 0.019218 0.001120 0.306921 0.008469 2.184513
0.590415 0.039130 0.034732 0.019184 0.001116 0.306942 0.008483 2.188334
0.590420 0.039241 0.034583 0.019154 0.001120 0.306985 0.008497 2.192115
0.590481 0.039203 0.034518 0.019160 0.001104 0.307025 0.008509 2.195930
0.590563 0.039113 0.034581 0.019151 0.001093 0.306976 0.008521 2.199830
0.590631 0.039067 0.034591 0.019123 0.001095 0.306959 0.008534 2.203642
0.590767 0.038965 0.034646 0.019211 0.001109 0.306754 0.008547 2.207533
0.590845 0.038818 0.034674 0.019212 0.001108 0.306777 0.008565 2.211401
0.590918 0.038740 0.034727 0.019153 0.001095 0.306783 0.008585 2.215219
0.590941 0.038790 0.034690 0.019054 0.001096 0.306831 0.008599 2.218949
0.590979 0.038757 0.034644 0.019039 0.001095 0.306871 0.008614 2.222765
0.591107 0.038663 0.034707 0.019003 0.001092 0.306798 0.008630 2.226522
0.591158 0.038636 0.034652 0.018970 0.001097 0.306846 0.008642 2.230285
0.591285 0.038538 0.034598 0.019062 0.001098 0.306764 0.008653 2.234035
0.591334 0.038530 0.034607 0.019024 0.001093 0.306747 0.008665 2.237795
0.591617 0.038431 0.034571 0.018958 0.001087 0.306659 0.008679 2.241544
0.591633 0.038467 0.034532 0.018903 0.001085 0.306689 0.008692 2.245276
0.591744 0.038376 0.034468 0.018857 0.001091 0.306760 0.008705 2.249061
0.591844 0.038277 0.034516 0.018853 0.001079 0.306711 0.008720 2.252889
0.591975 0.038234 0.034445 0.018796 0.001072 0.306745 0.008735 2.256657
0.592162 0.038109 0.034388 0.018736 0.001073 0.306783 0.008749 2.260431
0.592308 0.038047 0.034359 0.018729 0.001077 0.306716 0.008764 2.264191
0.592458 0.037954 0.034363 0.018650 0.001076 0.306722 0.008778 2.267922
0.592549 0.037904 0.034302 0.018649 0.001068 0.306735 0.008794 2.271656
0.592658 0.037985 0.034217 0.018583 0.001073 0.306673 0.008810 2.275319
0.592866 0.037991 0.034167 0.018490 0.001070 0.306598 0.008818 2.278939
0.593036 0.037960 0.034144 0.018478 0.001071 0.306484 0.008828 2.282661
0.593231 0.037875 0.034084 0.018474 0.001069 0.306425 0.008842 2.286366
0.593388 0.037854 0.034000 0.018475 0.001063 0.306361 0.008859 2.290073
0.593484 0.037944 0.033997 0.018409 0.001060 0.306235 0.008872 2.293692
0.593578 0.037973 0.033933 0.018363 0.001060 0.306205 0.008889 2.297380
0.593744 0.037921 0.033839 0.018371 0.001055 0.306167 0.008902 2.301059
0.593946 0.037838 0.033831 0.018410 0.001060 0.306002 0.008914 2.304784
0.594124 0.037739 0.033796 0.018414 0.001065 0.305938 0.008925 2.308520
0.594267 0.037703 0.033709 0.018461 0.001061 0.305865 0.008934 2.312218
0.594407 0.037656 0.033686 0.018514 0.001068 0.305724 0.008945 2.315949
0.594565 0.037651 0.033688 0.018502 0.001064 0.305577 0.008955 2.319599
0.594710 0.037525 0.033704 0.018512 0.001065 0.305516 0.008968 2.323375
0.594979 0.037472 0.033611 0.018481 0.001064 0.305412 0.008983 2.327002
0.595015 0.037554 0.033554 0.018516 0.001065 0.305302 0.008994 2.330662
0.595136 0.037533 0.033518 0.018471 0.001068 0.305266 0.009007 2.334336
0.595240 0.037603 0.033535 0.018434 0.001068 0.305102 0.009018 2.338005
0.595356 0.037619 0.033544 0.018431 0.001064 0.304957 0.009030 2.341710
0.595529 0.037653 0.033493 0.018427 0.001066 0.304789 0.009043 2.345341
0.595674 0.037554 0.033531 0.018411 0.001063 0.304709 0.009058 2.349066
0.595720 0.037649 0.033503 0.018354 0.001064 0.304640 0.009069 2.352696
0.595780 0.037625 0.033507 0.018398 0.001063 0.304546 0.009082 2.356412
0.595879 0.037647 0.033516 0.018359 0.001074 0.304432 0.009094 2.360083
0.596107 0.037609 0.033521 0.018354 0.001079 0.304224 0.009107 2.363776
0.596276 0.037502 0.033626 0.018291 0.001079 0.304107 0.009121 2.367551
0.596463 0.037532 0.033601 0.018244 0.001078 0.303952 0.009132 2.371156
0.596617 0.037484 0.033641 0.018205 0.001085 0.303825 0.009143 2.374841
0.596635 0.037413 0.033677 0.018236 0.001083 0.303799 0.009158 2.378574
0.596840 0.037329 0.033561 0.018254 0.001086 0.303757 0.009172 2.382249
0.596956 0.037274 0.033516 0.018241 0.001072 0.303758 0.009183 2.385952
0.597182 0.037228 0.033546 0.018249 0.001066 0.303531 0.009198 2.389616
0.597293 0.037251 0.033469 0.018210 0.001066 0.303496 0.009215 2.393248
0.597437 0.037201 0.033437 0.018228 0.001063 0.303407 0.009228 2.396905
0.597468 0.037300 0.033453 0.018168 0.001056 0.303314 0.009242 2.400518
0.597664 0.037269 0.033391 0.018172 0.001051 0.303200 0.009252 2.404162
0.597800 0.037225 0.033319 0.018232 0.001055 0.303102 0.009268 2.407806
0.597871 0.037339 0.033345 0.018192 0.001058 0.302916 0.009280 2.411455
0.597951 0.037427 0.033300 0.018167 0.001055 0.302809 0.009291 2.415052
0.598120 0.037447 0.033256 0.018159 0.001043 0.302669 0.009307 2.418691
0.598236 0.037431 0.033252 0.018138 0.001033 0.302589 0.009320 2.422354
0.598328 0.037418 0.033223 0.018170 0.001052 0.302483 0.009327 2.426029
0.598433 0.037425 0.033245 0.018208 0.001050 0.302296 0.009342 2.429738
0.598495 0.037516 0.033208 0.018214 0.001047 0.302166 0.009355 2.433363
0.598590 0.037498 0.033180 0.018232 0.001054 0.302081 0.009366 2.437014
0.598625 0.037509 0.033138 0.018187 0.001060 0.302101 0.009380 2.440678
0.598699 0.037488 0.033198 0.018212 0.001071 0.301943 0.009390 2.444367
0.598761 0.037422 0.033178 0.018247 0.001071 0.301918 0.009404 2.448068
0.598859 0.037389 0.033159 0.018252 0.001071 0.301857 0.009415 2.451723
0.598976 0.037287 0.033218 0.018242 0.001068 0.301781 0.009428 2.455426
0.599167 0.037227 0.033167 0.018225 0.001062 0.301705 0.009447 2.459080
0.599286 0.037167 0.033225 0.018223 0.001056 0.301586 0.009459 2.462749
0.599335 0.037170 0.033226 0.018233 0.001053 0.301512 0.009472 2.466415
0.599513 0.037074 0.033195 0.018211 0.001056 0.301465 0.009486 2.470074
0.599599 0.037089 0.033146 0.018194 0.001053 0.301422 0.009497 2.473705
0.599778 0.037043 0.033171 0.018182 0.001052 0.301269 0.009507 2.477371
0.599854 0.037085 0.033171 0.018158 0.001070 0.301150 0.009513 2.481018
0.599983 0.037088 0.033220 0.018146 0.001076 0.300962 0.009525 2.484684
0.600194 0.037087 0.033143 0.018143 0.001073 0.300820 0.009540 2.488291
0.600303 0.037077 0.033087 0.018121 0.001068 0.300790 0.009554 2.491849
0.600408 0.037092 0.032992 0.018167 0.001083 0.300692 0.009566 2.495447
0.600535 0.037043 0.032979 0.018156 0.001081 0.300629 0.009579 2.499119
0.600671 0.037051 0.033015 0.018141 0.001083 0.300445 0.009594 2.502758
0.600832 0.037008 0.033053 0.018136 0.001081 0.300283 0.009607 2.506414
0.601013 0.037038 0.033028 0.018111 0.001078 0.300110 0.009621 2.509979
0.601155 0.037156 0.032942 0.018078 0.001091 0.299948 0.009630 2.513519
0.601195 0.037152 0.032971 0.018076 0.001096 0.299866 0.009644 2.517217
0.601319 0.037102 0.032990 0.018109 0.001090 0.299734 0.009656 2.520890
0.601298 0.037165 0.032984 0.018077 0.001095 0.299705 0.009676 2.524526
0.601331 0.037248 0.032950 0.018113 0.001089 0.299584 0.009686 2.528156
0.601435 0.037244 0.033018 0.018079 0.001085 0.299436 0.009702 2.531791
0.601529 0.037231 0.033054 0.018067 0.001079 0.299320 0.009720 2.535441
0.601690 0.037224 0.032946 0.018101 0.001074 0.299235 0.009730 2.539045
0.601763 0.037275 0.032926 0.018069 0.001071 0.299154 0.009742 2.542647
0.601884 0.037314 0.032935 0.018038 0.001084 0.298993 0.009752 2.546280
0.601860 0.037369 0.032997 0.018089 0.001086 0.298839 0.009761 2.549984
0.601814 0.037435 0.033000 0.018103 0.001084 0.298789 0.009775 2.553637
0.601840 0.037471 0.033009 0.018115 0.001070 0.298705 0.009789 2.557288
0.601912 0.037498 0.032926 0.018071 0.001068 0.298725 0.009798 2.560922
0.602009 0.037456 0.032916 0.018096 0.001056 0.298652 0.009815 2.564624
0.602146 0.037453 0.032851 0.018095 0.001057 0.298573 0.009826 2.568266
0.602258 0.037393 0.032947 0.018080 0.001051 0.298433 0.009838 2.572000
0.602260 0.037471 0.032882 0.018063 0.001039 0.298434 0.009851 2.575620
0.602343 0.037403 0.032875 0.018137 0.001046 0.298336 0.009861 2.579308
0.602333 0.037440 0.032960 0.018094 0.001055 0.298245 0.009873 2.582980
0.602336 0.037523 0.032924 0.018066 0.001046 0.298220 0.009886 2.586591
0.602384 0.037388 0.032994 0.018127 0.001048 0.298163 0.009897 2.590348
0.602533 0.037324 0.033026 0.018180 0.001034 0.297991 0.009912 2.593987
0.602596 0.037229 0.033036 0.018169 0.001035 0.298013 0.009922 2.597732
0.602691 0.037203 0.033082 0.018135 0.001037 0.297917 0.009936 2.601385
0.602648 0.037236 0.033101 0.018170 0.001032 0.297863 0.009949 2.605086
0.602723 0.037170 0.033146 0.018141 0.001046 0.297815 0.009959 2.608795
0.602816 0.037261 0.033155 0.018124 0.001038 0.297632 0.009974 2.612378
0.602820 0.037427 0.033114 0.018107 0.001039 0.297509 0.009985 2.615940
0.602874 0.037438 0.033096 0.018136 0.001030 0.297432 0.009993 2.619566
0.602937 0.037502 0.033114 0.018135 0.001024 0.297282 0.010007 2.623226
0.602981 0.037439 0.033088 0.018158 0.001021 0.297293 0.010020 2.626899
0.602992 0.037491 0.033081 0.018216 0.001030 0.297157 0.010033 2.630533
0.603048 0.037480 0.033078 0.018269 0.001033 0.297046 0.010047 2.634227
0.603002 0.037584 0.032995 0.018269 0.001029 0.297062 0.010059 2.637849
0.603011 0.037640 0.033004 0.018335 0.001031 0.296904 0.010075 2.641567
0.603042 0.037681 0.032962 0.018308 0.001032 0.296891 0.010085 2.645211
0.603098 0.037746 0.032959 0.018258 0.001029 0.296812 0.010099 2.648846
0.603020 0.037788 0.033026 0.018255 0.001032 0.296767 0.010112 2.652561
0.603059 0.037745 0.033077 0.018276 0.001018 0.296695 0.010128 2.656304
0.603045 0.037727 0.033111 0.018292 0.001015 0.296673 0.010137 2.660010
0.603073 0.037707 0.033152 0.018349 0.001011 0.296557 0.010152 2.663729
0.603080 0.037744 0.033180 0.018338 0.001022 0.296478 0.010158 2.667449
0.603081 0.037790 0.033183 0.018342 0.001020 0.296418 0.010166 2.671117
0.603010 0.037899 0.033139 0.018377 0.001024 0.296374 0.010178 2.674776
0.602988 0.037894 0.033243 0.018330 0.001021 0.296333 0.010190 2.678498
0.603086 0.037875 0.033219 0.018344 0.001020 0.296252 0.010206 2.682173
0.603102 0.037869 0.033312 0.018263 0.001024 0.296213 0.010217 2.685890
0.603153 0.037869 0.033325 0.018304 0.001022 0.296095 0.010231 2.689584
0.603237 0.037818 0.033430 0.018292 0.001028 0.295954 0.010241 2.693334
0.603298 0.037697 0.033449 0.018397 0.001032 0.295871 0.010255 2.697127
0.603213 0.037857 0.033425 0.018331 0.001037 0.295867 0.010269 2.700780
0.603174 0.037928 0.033416 0.018372 0.001036 0.295790 0.010283 2.704501
0.603221 0.037953 0.033412 0.018370 0.001038 0.295710 0.010296 2.708157
0.603127 0.037915 0.033458 0.018396 0.001032 0.295760 0.010312 2.711982
0.603080 0.037950 0.033449 0.018336 0.001029 0.295830 0.010326 2.715695
0.603051 0.037945 0.033410 0.018364 0.001029 0.295866 0.010337 2.719450
0.602998 0.037908 0.033446 0.018401 0.001036 0.295863 0.010348 2.723209
0.603058 0.037952 0.033463 0.018397 0.001029 0.295736 0.010365 2.726876
0.603086 0.037914 0.033473 0.018429 0.001027 0.295692 0.010378 2.730611
0.603156 0.037891 0.033497 0.018406 0.001034 0.295627 0.010390 2.734279
0.603131 0.037875 0.033491 0.018444 0.001035 0.295621 0.010404 2.738012
0.603179 0.037837 0.033463 0.018435 0.001032 0.295637 0.010416 2.741719
0.603105 0.037881 0.033422 0.018404 0.001037 0.295724 0.010426 2.745394
0.603231 0.037821 0.033510 0.018363 0.001035 0.295603 0.010438 2.749102
0.603220 0.037772 0.033574 0.018390 0.001025 0.295572 0.010448 2.752875
0.603193 0.037753 0.033591 0.018398 0.001018 0.295586 0.010463 2.756618
0.603293 0.037694 0.033546 0.018426 0.001022 0.295545 0.010477 2.760330
0.603220 0.037743 0.033555 0.018307 0.001022 0.295667 0.010487 2.764000
0.603214 0.037816 0.033525 0.018293 0.001036 0.295621 0.010496 2.767672
0.603127 0.037852 0.033598 0.018283 0.001030 0.295602 0.010507 2.771402
0.603019 0.037963 0.033597 0.018291 0.001044 0.295570 0.010515 2.775107
0.602955 0.037978 0.033608 0.018304 0.001035 0.295591 0.010530 2.778873
0.602996 0.038001 0.033597 0.018344 0.001050 0.295472 0.010539 2.782543
0.603126 0.038017 0.033505 0.018305 0.001048 0.295442 0.010557 2.786172
0.603173 0.037952 0.033568 0.018313 0.001051 0.295375 0.010568 2.789932
0.603229 0.037934 0.033531 0.018289 0.001054 0.295384 0.010579 2.793622
0.603134 0.038020 0.033540 0.018290 0.001056 0.295370 0.010590 2.797327
0.603083 0.037991 0.033516 0.018348 0.001062 0.295398 0.010603 2.801067
0.603011 0.038005 0.033563 0.018414 0.001064 0.295328 0.010616 2.804818
0.603089 0.038029 0.033568 0.018395 0.001061 0.295231 0.010628 2.808519
0.602993 0.038095 0.033673 0.018380 0.001058 0.295160 0.010640 2.812250
0.602928 0.038141 0.033715 0.018338 0.001060 0.295167 0.010652 2.815942
0.602830 0.038201 0.033708 0.018304 0.001054 0.295235 0.010669 2.819639
0.602646 0.038280 0.033802 0.018311 0.001049 0.295230 0.010683 2.823395
0.602659 0.038231 0.033773 0.018307 0.001044 0.295291 0.010696 2.827083
0.602557 0.038265 0.033761 0.018313 0.001046 0.295346 0.010713 2.830809
0.602556 0.038296 0.033794 0.018291 0.001045 0.295291 0.010727 2.834487
0.602559 0.038153 0.033793 0.018351 0.001046 0.295355 0.010744 2.838266
0.602510 0.038233 0.033826 0.018284 0.001041 0.295351 0.010755 2.841939
0.602425 0.038286 0.033807 0.018276 0.001042 0.295398 0.010767 2.845645
0.602488 0.038218 0.033841 0.018229 0.001038 0.295406 0.010780 2.849354
0.602504 0.038115 0.033905 0.018297 0.001040 0.295341 0.010799 2.853142
0.602430 0.038083 0.033928 0.018335 0.001035 0.295373 0.010817 2.856890
0.602425 0.038041 0.033846 0.018349 0.001043 0.295469 0.010828 2.860606
0.602302 0.038043 0.033883 0.018395 0.001055 0.295486 0.010837 2.864361
0.602236 0.037977 0.033828 0.018428 0.001049 0.295632 0.010850 2.868122
0.602218 0.037985 0.033772 0.018463 0.001041 0.295658 0.010864 2.871802
0.602312 0.037927 0.033795 0.018449 0.001045 0.295594 0.010877 2.875536
0.602329 0.037861 0.033804 0.018456 0.001043 0.295618 0.010890 2.879320
0.602308 0.037867 0.033751 0.018388 0.001047 0.295736 0.010904 2.883009
0.602295 0.037843 0.033784 0.018390 0.001052 0.295723 0.010912 2.886703
0.602226 0.037898 0.033748 0.018401 0.001058 0.295746 0.010925 2.890414
0.602251 0.037875 0.033737 0.018375 0.001059 0.295764 0.010938 2.894123
0.602173 0.037967 0.033717 0.018382 0.001049 0.295760 0.010952 2.897809
0.602135 0.037976 0.033708 0.018373 0.001051 0.295790 0.010967 2.901498
0.602149 0.037930 0.033641 0.018398 0.001046 0.295854 0.010984 2.905242
0.602140 0.037843 0.033618 0.018456 0.001046 0.295905 0.010992 2.908984
0.602261 0.037787 0.033647 0.018454 0.001032 0.295811 0.011008 2.912674
0.602233 0.037831 0.033655 0.018404 0.001031 0.295822 0.011025 2.916359
0.602261 0.037827 0.033642 0.018388 0.001025 0.295819 0.011038 2.920031
0.602244 0.037768 0.033676 0.018392 0.001019 0.295850 0.011052 2.923773
0.602322 0.037698 0.033683 0.018387 0.001017 0.295829 0.011066 2.927514
0.602280 0.037691 0.033567 0.018400 0.001005 0.295977 0.011081 2.931161
0.602292 0.037718 0.033536 0.018341 0.001011 0.296013 0.011089 2.934813
0.602356 0.037664 0.033529 0.018358 0.001008 0.295980 0.011107 2.938520
0.602306 0.037688 0.033458 0.018377 0.001013 0.296037 0.011120 2.942186
0.602392 0.037603 0.033435 0.018368 0.001016 0.296054 0.011132 2.945889
0.602384 0.037549 0.033491 0.018291 0.001025 0.296114 0.011146 2.949614
0.602419 0.037494 0.033475 0.018282 0.001028 0.296142 0.011161 2.953286
0.602407 0.037476 0.033524 0.018267 0.001034 0.296123 0.011170 2.956954
0.602376 0.037575 0.033545 0.018219 0.001046 0.296054 0.011184 2.960581
0.602323 0.037549 0.033499 0.018248 0.001039 0.296143 0.011200 2.964308
0.602374 0.037556 0.033394 0.018257 0.001045 0.296162 0.011212 2.967948
0.602320 0.037620 0.033393 0.018227 0.001047 0.296175 0.011220 2.971633
0.602339 0.037568 0.033430 0.018271 0.001040 0.296120 0.011233 2.975318
0.602369 0.037575 0.033365 0.018276 0.001043 0.296129 0.011244 2.979009
0.602433 0.037511 0.033409 0.018247 0.001039 0.296108 0.011254 2.982712
0.602474 0.037591 0.033399 0.018293 0.001031 0.295942 0.011270 2.986353
0.602504 0.037572 0.033351 0.018306 0.001029 0.295957 0.011283 2.989994
0.602525 0.037585 0.033319 0.018267 0.001029 0.295983 0.011292 2.993644
0.602595 0.037484 0.033411 0.018289 0.001037 0.295877 0.011306 2.997394
0.602583 0.037511 0.033385 0.018305 0.001029 0.295869 0.011319 3.001069
0.602669 0.037468 0.033412 0.018318 0.001030 0.295773 0.011329 3.004749
0.602586 0.037530 0.033453 0.018266 0.001031 0.295791 0.011344 3.008393
0.602600 0.037557 0.033421 0.018205 0.001046 0.295818 0.011354 3.012027
0.602686 0.037486 0.033412 0.018193 0.001046 0.295812 0.011366 3.015757
0.602470 0.037651 0.033404 0.018130 0.001059 0.295910 0.011377 3.019365
0.602487 0.037566 0.033514 0.018171 0.001063 0.295811 0.011389 3.023155
0.602472 0.037588 0.033543 0.018174 0.001065 0.295756 0.011402 3.026867
0.602410 0.037563 0.033584 0.018188 0.001068 0.295772 0.011414 3.030579
0.602436 0.037498 0.033641 0.018216 0.001065 0.295709 0.011435 3.034314
0.602502 0.037474 0.033627 0.018214 0.001070 0.295664 0.011447 3.037991
0.602530 0.037516 0.033569 0.018193 0.001069 0.295664 0.011460 3.041643
0.602567 0.037402 0.033596 0.018218 0.001071 0.295671 0.011475 3.045398
0.602639 0.037321 0.033609 0.018230 0.001077 0.295639 0.011486 3.049086
0.602571 0.037439 0.033584 0.018158 0.001065 0.295682 0.011503 3.052641
0.602567 0.037404 0.033615 0.018183 0.001059 0.295653 0.011519 3.056352
0.602575 0.037399 0.033621 0.018164 0.001057 0.295654 0.011530 3.060052
0.602624 0.037324 0.033632 0.018146 0.001058 0.295674 0.011541 3.063744
0.602731 0.037313 0.033600 0.018161 0.001062 0.295579 0.011553 3.067399
0.602726 0.037306 0.033584 0.018201 0.001059 0.295552 0.011572 3.071077
0.602780 0.037339 0.033537 0.018144 0.001062 0.295557 0.011581 3.074695
0.602861 0.037366 0.033536 0.018099 0.001057 0.295488 0.011593 3.078342
0.603035 0.037323 0.033523 0.018064 0.001051 0.295397 0.011607 3.081978
0.603085 0.037387 0.033500 0.018005 0.001039 0.295359 0.011625 3.085556
0.603079 0.037393 0.033491 0.018025 0.001043 0.295332 0.011635 3.089222
0.603203 0.037362 0.033413 0.018084 0.001043 0.295248 0.011647 3.092859
0.603211 0.037371 0.033383 0.018150 0.001042 0.295185 0.011657 3.096520
0.603155 0.037493 0.033280 0.018147 0.001032 0.295221 0.011672 3.100099
0.603090 0.037456 0.033366 0.018150 0.001037 0.295222 0.011681 3.103820
0.603063 0.037548 0.033292 0.018183 0.001044 0.295179 0.011692 3.107440
0.603117 0.037548 0.033246 0.018191 0.001041 0.295154 0.011704 3.111111
0.603088 0.037580 0.033273 0.018242 0.001047 0.295054 0.011716 3.114809
0.603029 0.037620 0.033346 0.018238 0.001048 0.294991 0.011728 3.118531
0.603063 0.037589 0.033302 0.018222 0.001047 0.295035 0.011741 3.122205
0.602921 0.037657 0.033359 0.018234 0.001044 0.295029 0.011757 3.125869
0.602933 0.037728 0.033336 0.018218 0.001049 0.294969 0.011767 3.129516
0.602986 0.037602 0.033382 0.018200 0.001043 0.295006 0.011781 3.133245
0.602969 0.037620 0.033385 0.018165 0.001034 0.295032 0.011796 3.136892
0.603007 0.037613 0.033361 0.018169 0.001025 0.295014 0.011811 3.140589
0.603138 0.037560 0.033396 0.018170 0.001030 0.294883 0.011822 3.144272
0.603227 0.037531 0.033376 0.018180 0.001041 0.294814 0.011831 3.147913
0.603251 0.037460 0.033343 0.018227 0.001050 0.294828 0.011840 3.151646
0.603249 0.037460 0.033274 0.018237 0.001053 0.294873 0.011855 3.155320
0.603316 0.037484 0.033225 0.018212 0.001054 0.294845 0.011865 3.158966
0.603423 0.037361 0.033339 0.018221 0.001056 0.294727 0.011872 3.162705
0.603549 0.037265 0.033380 0.018215 0.001063 0.294649 0.011881 3.166359
0.603684 0.037167 0.033354 0.018234 0.001063 0.294604 0.011895 3.170015
0.603669 0.037248 0.033231 0.018225 0.001065 0.294654 0.011908 3.173605
0.603784 0.037228 0.033192 0.018221 0.001057 0.294596 0.011922 3.177214
0.603913 0.037125 0.033218 0.018184 0.001059 0.294571 0.011931 3.180883
0.603944 0.037235 0.033149 0.018196 0.001057 0.294478 0.011941 3.184438
0.603971 0.037176 0.033116 0.018204 0.001050 0.294529 0.011956 3.188122
0.604000 0.037156 0.033091 0.018112 0.001054 0.294619 0.011968 3.191743
0.603972 0.037191 0.032992 0.018095 0.001061 0.294710 0.011979 3.195346
0.603970 0.037105 0.033127 0.018156 0.001054 0.294597 0.011991 3.199050
0.603994 0.037138 0.033081 0.018182 0.001066 0.294536 0.012002 3.202667
0.603976 0.037150 0.033077 0.018105 0.001067 0.294609 0.012016 3.206263
0.604027 0.037125 0.033101 0.018089 0.001065 0.294565 0.012028 3.209939
0.604144 0.037167 0.033023 0.018070 0.001077 0.294482 0.012038 3.213524
0.604237 0.037156 0.033011 0.018070 0.001072 0.294405 0.012049 3.217138
0.604379 0.037103 0.032975 0.018020 0.001074 0.294390 0.012059 3.220781
0.604423 0.037026 0.032948 0.018079 0.001083 0.294370 0.012072 3.224474
0.604439 0.037091 0.032892 0.017994 0.001072 0.294422 0.012089 3.228061
0.604518 0.036962 0.032916 0.018035 0.001072 0.294395 0.012102 3.231766
0.604426 0.037017 0.032849 0.018052 0.001071 0.294468 0.012117 3.235397
0.604499 0.037018 0.032805 0.018107 0.001068 0.294375 0.012128 3.239016
0.604505 0.037096 0.032743 0.018077 0.001054 0.294385 0.012141 3.242607
0.604443 0.037119 0.032784 0.018062 0.001059 0.294382 0.012151 3.246220
0.604538 0.037066 0.032859 0.018024 0.001062 0.294288 0.012162 3.249867
0.604522 0.037067 0.032845 0.018021 0.001071 0.294299 0.012175 3.253539
0.604593 0.037099 0.032871 0.017959 0.001074 0.294213 0.012190 3.257102
0.604654 0.037134 0.032817 0.017985 0.001077 0.294131 0.012204 3.260704
0.604659 0.037113 0.032945 0.017982 0.001071 0.294015 0.012215 3.264384
0.604658 0.037070 0.033009 0.017936 0.001072 0.294027 0.012228 3.268066
0.604574 0.037142 0.033013 0.017914 0.001068 0.294045 0.012244 3.271702
0.604547 0.037180 0.033029 0.017924 0.001073 0.293992 0.012256 3.275352
0.604563 0.037195 0.033090 0.017871 0.001064 0.293938 0.012279 3.278979
0.604622 0.037256 0.033098 0.017913 0.001065 0.293751 0.012294 3.282581
0.604644 0.037285 0.033067 0.017966 0.001066 0.293665 0.012306 3.286223
0.604657 0.037196 0.033087 0.018004 0.001068 0.293670 0.012317 3.289950
0.604640 0.037295 0.033031 0.017902 0.001067 0.293734 0.012330 3.293534
0.604599 0.037342 0.033026 0.017929 0.001060 0.293701 0.012343 3.297185
0.604501 0.037299 0.033058 0.017967 0.001064 0.293755 0.012356 3.300892
0.604445 0.037423 0.033084 0.017972 0.001074 0.293637 0.012366 3.304517
0.604615 0.037358 0.032924 0.017980 0.001073 0.293672 0.012379 3.308154
0.604650 0.037402 0.032856 0.018002 0.001080 0.293620 0.012390 3.311755
0.604656 0.037461 0.032902 0.017945 0.001078 0.293557 0.012401 3.315406
0.604678 0.037398 0.032940 0.017941 0.001072 0.293557 0.012414 3.319040
0.604734 0.037325 0.033024 0.017961 0.001080 0.293451 0.012424 3.322703
0.604746 0.037247 0.033014 0.017988 0.001065 0.293497 0.012444 3.326424
0.604707 0.037326 0.032994 0.017984 0.001062 0.293470 0.012457 3.330025
0.604738 0.037289 0.033034 0.018020 0.001059 0.293388 0.012471 3.333733
0.604708 0.037321 0.032992 0.018060 0.001055 0.293380 0.012485 3.337393
0.604707 0.037305 0.032975 0.018024 0.001064 0.293427 0.012496 3.341067
0.604795 0.037236 0.033014 0.018038 0.001067 0.293342 0.012508 3.344729
0.604806 0.037285 0.033024 0.017990 0.001062 0.293312 0.012520 3.348359
0.604810 0.037351 0.033018 0.017996 0.001057 0.293228 0.012539 3.352031
0.604846 0.037317 0.032997 0.018017 0.001056 0.293215 0.012554 3.355709
0.604835 0.037350 0.032971 0.018020 0.001054 0.293202 0.012569 3.359348
0.604821 0.037402 0.032968 0.018025 0.001062 0.293143 0.012579 3.363023
0.604785 0.037465 0.032941 0.017976 0.001064 0.293177 0.012591 3.366618
0.604728 0.037455 0.033027 0.017982 0.001073 0.293131 0.012605 3.370346
0.604676 0.037428 0.033034 0.018015 0.001064 0.293160 0.012623 3.374014
0.604741 0.037355 0.033024 0.018004 0.001063 0.293177 0.012636 3.377678
0.604739 0.037380 0.033012 0.018012 0.001071 0.293136 0.012651 3.381348
0.604698 0.037445 0.032943 0.018030 0.001070 0.293150 0.012664 3.385003
0.604727 0.037407 0.033056 0.018049 0.001068 0.293020 0.012673 3.388720
0.604739 0.037400 0.033123 0.018071 0.001062 0.292922 0.012682 3.392393
0.604684 0.037449 0.033106 0.018116 0.001059 0.292890 0.012697 3.396047
0.604649 0.037516 0.033174 0.018135 0.001054 0.292761 0.012712 3.399705
0.604594 0.037508 0.033113 0.018193 0.001046 0.292823 0.012723 3.403406
0.604517 0.037502 0.033120 0.018177 0.001040 0.292907 0.012738 3.407118
0.604530 0.037521 0.033061 0.018207 0.001046 0.292890 0.012746 3.410774
0.604570 0.037421 0.033134 0.018191 0.001056 0.292871 0.012758 3.414476
0.604543 0.037450 0.033093 0.018159 0.001049 0.292936 0.012769 3.418077
0.604628 0.037354 0.033113 0.018196 0.001043 0.292883 0.012783 3.421814
0.604616 0.037327 0.033203 0.018168 0.001043 0.292843 0.012800 3.425517
0.604648 0.037391 0.033129 0.018166 0.001047 0.292810 0.012810 3.429092
0.604622 0.037406 0.033103 0.018147 0.001040 0.292855 0.012826 3.432676
0.604609 0.037280 0.033245 0.018163 0.001048 0.292817 0.012838 3.436452
0.604612 0.037330 0.033290 0.018148 0.001061 0.292712 0.012847 3.440088
0.604592 0.037305 0.033293 0.018134 0.001067 0.292748 0.012860 3.443771
0.604595 0.037325 0.033253 0.018127 0.001071 0.292755 0.012874 3.447407
0.604658 0.037308 0.033243 0.018079 0.001073 0.292754 0.012884 3.451034
0.604741 0.037283 0.033217 0.018061 0.001071 0.292729 0.012899 3.454678
0.604867 0.037303 0.033199 0.018061 0.001072 0.292590 0.012908 3.458282
0.604796 0.037364 0.033201 0.018066 0.001076 0.292578 0.012919 3.461943
0.604828 0.037338 0.033222 0.018047 0.001058 0.292573 0.012934 3.465662
0.604761 0.037349 0.033223 0.018077 0.001051 0.292595 0.012945 3.469359
0.604760 0.037293 0.033313 0.018080 0.001039 0.292558 0.012957 3.473067
0.604701 0.037305 0.033328 0.018086 0.001050 0.292562 0.012966 3.476732
0.604668 0.037366 0.033327 0.018082 0.001051 0.292528 0.012978 3.480371
0.604704 0.037299 0.033387 0.018025 0.001059 0.292533 0.012993 3.484057
0.604664 0.037302 0.033351 0.018072 0.001061 0.292549 0.013002 3.487776
0.604709 0.037307 0.033273 0.018067 0.001055 0.292571 0.013018 3.491402
0.604670 0.037394 0.033260 0.018029 0.001052 0.292564 0.013033 3.495013
0.604717 0.037358 0.033237 0.018018 0.001056 0.292569 0.013046 3.498666
0.604725 0.037420 0.033144 0.018034 0.001056 0.292565 0.013055 3.502293
0.604742 0.037470 0.033093 0.018065 0.001050 0.292508 0.013073 3.505911
0.604790 0.037406 0.033151 0.018076 0.001047 0.292445 0.013086 3.509626
0.604742 0.037449 0.033107 0.018030 0.001053 0.292519 0.013099 3.513242
0.604733 0.037447 0.033166 0.018051 0.001053 0.292436 0.013114 3.516939
0.604680 0.037427 0.033175 0.018090 0.001056 0.292443 0.013131 3.520622
0.604646 0.037524 0.033109 0.018045 0.001050 0.292481 0.013145 3.524215
0.604692 0.037472 0.033134 0.018105 0.001036 0.292402 0.013159 3.527915
0.604595 0.037504 0.033108 0.018144 0.001041 0.292439 0.013170 3.531568
0.604565 0.037451 0.033207 0.018143 0.001049 0.292404 0.013182 3.535304
0.604558 0.037397 0.033308 0.018156 0.001050 0.292338 0.013193 3.538993
0.604522 0.037370 0.033309 0.018095 0.001049 0.292455 0.013200 3.542662
0.604510 0.037379 0.033184 0.018122 0.001048 0.292547 0.013211 3.546311
0.604547 0.037235 0.033214 0.018097 0.001049 0.292635 0.013223 3.550019
0.604502 0.037168 0.033239 0.018091 0.001050 0.292714 0.013236 3.553716
0.604445 0.037205 0.033227 0.018049 0.001055 0.292772 0.013247 3.557350
0.604325 0.037275 0.033141 0.018099 0.001043 0.292853 0.013262 3.560989
