0.346755 0.061889 0.055881 0.032035 0.002135 0.495324 0.005981 1.622731
0.349437 0.059385 0.055826 0.031754 0.002119 0.495466 0.006013 1.628687
0.353017 0.056321 0.055559 0.031433 0.002129 0.495506 0.006036 1.634415
0.357067 0.053181 0.055200 0.030928 0.002133 0.495429 0.006062 1.639728
0.361420 0.050097 0.054509 0.030361 0.002149 0.495385 0.006080 1.644681
0.365990 0.046971 0.053937 0.029585 0.002151 0.495259 0.006107 1.649386
0.370745 0.043933 0.053130 0.028841 0.002162 0.495053 0.006135 1.653771
0.375730 0.041034 0.052178 0.028203 0.002152 0.494543 0.006159 1.657891
0.380735 0.038322 0.051007 0.027474 0.002141 0.494142 0.006179 1.661709
0.386028 0.035630 0.049802 0.026732 0.002131 0.493466 0.006212 1.665354
0.391258 0.033166 0.048595 0.025831 0.002129 0.492785 0.006236 1.668714
0.396519 0.030870 0.047414 0.025017 0.002117 0.491805 0.006259 1.671837
0.401972 0.028661 0.046022 0.024146 0.002114 0.490803 0.006284 1.674760
0.407393 0.026646 0.044629 0.023290 0.002084 0.489649 0.006310 1.677476
0.412758 0.024794 0.043232 0.022477 0.002055 0.488348 0.006337 1.680026
0.418194 0.023087 0.041840 0.021620 0.002045 0.486853 0.006362 1.682389
0.423777 0.021486 0.040470 0.020770 0.002010 0.485096 0.006391 1.684605
0.429255 0.020045 0.039012 0.019883 0.001982 0.483403 0.006421 1.686610
0.434708 0.018710 0.037562 0.019107 0.001956 0.481512 0.006444 1.688488
0.440244 0.017493 0.036213 0.018263 0.001943 0.479374 0.006471 1.690232
0.445686 0.016319 0.034875 0.017493 0.001921 0.477212 0.006494 1.691936
0.451080 0.015254 0.033491 0.016711 0.001882 0.475060 0.006522 1.693488
0.456567 0.014294 0.032117 0.016002 0.001845 0.472633 0.006542 1.694913
0.461983 0.013373 0.030847 0.015300 0.001807 0.470125 0.006566 1.696265
0.467477 0.012588 0.029582 0.014593 0.001775 0.467397 0.006590 1.697504
0.473025 0.011773 0.028353 0.013934 0.001745 0.464561 0.006611 1.698701
0.478404 0.011027 0.027196 0.013303 0.001709 0.461727 0.006636 1.699850
0.483856 0.010372 0.026029 0.012658 0.001676 0.458747 0.006662 1.700883
0.489183 0.009800 0.024937 0.012084 0.001650 0.455663 0.006684 1.701856
0.494562 0.009244 0.023829 0.011536 0.001621 0.452505 0.006703 1.702783
0.499910 0.008747 0.022758 0.011019 0.001585 0.449258 0.006724 1.703615
0.505111 0.008258 0.021746 0.010489 0.001544 0.446106 0.006748 1.704438
0.510332 0.007808 0.020797 0.010015 0.001502 0.442785 0.006763 1.705221
0.515558 0.007398 0.019846 0.009533 0.001459 0.439424 0.006783 1.705961
0.520718 0.006994 0.018968 0.009092 0.001429 0.435997 0.006802 1.706674
0.525752 0.006652 0.018088 0.008648 0.001385 0.432653 0.006823 1.707330
0.530778 0.006317 0.017301 0.008230 0.001361 0.429176 0.006836 1.707977
0.535747 0.005996 0.016547 0.007857 0.001336 0.425660 0.006857 1.708602
0.540746 0.005709 0.015784 0.007504 0.001293 0.422086 0.006879 1.709185
0.545718 0.005463 0.015060 0.007137 0.001272 0.418454 0.006896 1.709709
0.550657 0.005217 0.014372 0.006787 0.001243 0.414809 0.006914 1.710227
0.555563 0.004997 0.013726 0.006469 0.001217 0.411100 0.006929 1.710720
0.560377 0.004726 0.013098 0.006154 0.001188 0.407511 0.006946 1.711222
0.565055 0.004502 0.012495 0.005893 0.001159 0.403937 0.006960 1.711691
0.569902 0.004320 0.011897 0.005605 0.001137 0.400168 0.006971 1.712111
0.574616 0.004144 0.011429 0.005351 0.001111 0.396362 0.006986 1.712525
0.579282 0.003996 0.010875 0.005089 0.001084 0.392674 0.007000 1.712911
0.583907 0.003824 0.010378 0.004849 0.001055 0.388974 0.007014 1.713308
0.588604 0.003689 0.009893 0.004614 0.001034 0.385137 0.007029 1.713658
0.593258 0.003538 0.009475 0.004384 0.001002 0.381295 0.007047 1.714012
0.597712 0.003429 0.009042 0.004175 0.000977 0.377609 0.007058 1.714342
0.602209 0.003312 0.008667 0.003983 0.000955 0.373805 0.007069 1.714669
0.606633 0.003185 0.008302 0.003801 0.000927 0.370071 0.007082 1.714999
0.611088 0.003087 0.007927 0.003627 0.000909 0.366269 0.007092 1.715297
0.615546 0.002982 0.007588 0.003457 0.000890 0.362439 0.007100 1.715590
0.619875 0.002881 0.007272 0.003296 0.000862 0.358702 0.007112 1.715888
0.624153 0.002767 0.006977 0.003151 0.000843 0.354988 0.007123 1.716181
0.628353 0.002672 0.006699 0.003000 0.000816 0.351325 0.007135 1.716447
0.632464 0.002560 0.006431 0.002864 0.000786 0.347745 0.007149 1.716727
0.636612 0.002491 0.006136 0.002761 0.000764 0.344080 0.007157 1.716972
0.640695 0.002405 0.005888 0.002658 0.000743 0.340445 0.007166 1.717218
0.644819 0.002318 0.005637 0.002551 0.000717 0.336780 0.007180 1.717456
0.648789 0.002264 0.005403 0.002448 0.000694 0.333216 0.007188 1.717677
0.652682 0.002175 0.005193 0.002337 0.000665 0.329749 0.007199 1.717909
0.656649 0.002125 0.004981 0.002256 0.000643 0.326140 0.007207 1.718119
0.660521 0.002052 0.004799 0.002170 0.000623 0.322623 0.007213 1.718347
0.664401 0.001985 0.004578 0.002080 0.000605 0.319131 0.007222 1.718547
0.668207 0.001934 0.004401 0.001992 0.000582 0.315655 0.007229 1.718746
0.671995 0.001902 0.004205 0.001903 0.000567 0.312191 0.007237 1.718922
0.675737 0.001839 0.004027 0.001843 0.000546 0.308764 0.007244 1.719113
0.679438 0.001796 0.003861 0.001774 0.000532 0.305348 0.007252 1.719289
0.683118 0.001753 0.003699 0.001693 0.000521 0.301956 0.007260 1.719452
0.686804 0.001717 0.003543 0.001637 0.000501 0.298532 0.007268 1.719619
0.690440 0.001676 0.003407 0.001566 0.000488 0.295152 0.007272 1.719784
0.693970 0.001653 0.003272 0.001515 0.000476 0.291838 0.007276 1.719945
0.697519 0.001632 0.003132 0.001459 0.000458 0.288517 0.007284 1.720099
0.700881 0.001595 0.003030 0.001405 0.000443 0.285358 0.007289 1.720256
0.704352 0.001547 0.002938 0.001350 0.000430 0.282089 0.007295 1.720410
0.707732 0.001517 0.002830 0.001306 0.000414 0.278901 0.007300 1.720560
0.711092 0.001497 0.002736 0.001260 0.000399 0.275711 0.007306 1.720709
0.714364 0.001452 0.002630 0.001215 0.000386 0.272643 0.007311 1.720852
0.717600 0.001419 0.002520 0.001166 0.000371 0.269610 0.007315 1.720981
0.720898 0.001391 0.002413 0.001139 0.000362 0.266477 0.007321 1.721115
0.724120 0.001366 0.002347 0.001077 0.000352 0.263414 0.007326 1.721240
0.727397 0.001328 0.002272 0.001048 0.000341 0.260284 0.007332 1.721375
0.730510 0.001287 0.002214 0.001013 0.000327 0.257312 0.007338 1.721519
0.733549 0.001255 0.002154 0.000979 0.000324 0.254402 0.007339 1.721661
0.736569 0.001236 0.002080 0.000936 0.000309 0.251530 0.007342 1.721781
0.739552 0.001240 0.002015 0.000906 0.000296 0.248647 0.007346 1.721886
0.742590 0.001213 0.001955 0.000875 0.000286 0.245732 0.007350 1.722004
0.745565 0.001188 0.001872 0.000840 0.000279 0.242905 0.007353 1.722113
0.748450 0.001176 0.001832 0.000823 0.000269 0.240096 0.007356 1.722226
0.751340 0.001151 0.001781 0.000797 0.000259 0.237312 0.007360 1.722341
0.754238 0.001117 0.001722 0.000768 0.000249 0.234542 0.007365 1.722457
0.757002 0.001100 0.001681 0.000751 0.000240 0.231857 0.007370 1.722559
0.759754 0.001070 0.001633 0.000725 0.000229 0.229215 0.007375 1.722667
0.762564 0.001058 0.001579 0.000710 0.000223 0.226491 0.007377 1.722763
0.765285 0.001042 0.001530 0.000698 0.000215 0.223852 0.007379 1.722868
0.767915 0.001027 0.001503 0.000677 0.000213 0.221287 0.007380 1.722964
0.770522 0.001004 0.001457 0.000658 0.000204 0.218771 0.007385 1.723067
0.773136 0.000985 0.001425 0.000645 0.000200 0.216224 0.007386 1.723170
0.775783 0.000959 0.001399 0.000627 0.000191 0.213654 0.007388 1.723266
0.778411 0.000938 0.001353 0.000603 0.000184 0.211121 0.007390 1.723359
0.780974 0.000923 0.001308 0.000595 0.000177 0.208632 0.007391 1.723456
0.783507 0.000904 0.001272 0.000576 0.000173 0.206174 0.007394 1.723545
0.786005 0.000898 0.001235 0.000563 0.000169 0.203734 0.007396 1.723629
0.788468 0.000878 0.001215 0.000547 0.000163 0.201330 0.007399 1.723713
0.790900 0.000866 0.001191 0.000524 0.000155 0.198962 0.007403 1.723793
0.793264 0.000849 0.001165 0.000513 0.000148 0.196656 0.007407 1.723870
0.795685 0.000849 0.001135 0.000498 0.000143 0.194282 0.007408 1.723943
0.797985 0.000830 0.001108 0.000482 0.000142 0.192044 0.007410 1.724025
0.800307 0.000819 0.001087 0.000472 0.000137 0.189766 0.007413 1.724108
0.802597 0.000805 0.001057 0.000454 0.000136 0.187537 0.007414 1.724181
0.804844 0.000799 0.001041 0.000454 0.000132 0.185318 0.007414 1.724263
0.807055 0.000789 0.001025 0.000454 0.000126 0.183135 0.007416 1.724343
0.809304 0.000774 0.001005 0.000441 0.000122 0.180936 0.007419 1.724415
0.811558 0.000763 0.000984 0.000434 0.000119 0.178722 0.007421 1.724497
0.813737 0.000754 0.000964 0.000422 0.000115 0.176588 0.007423 1.724568
0.815888 0.000753 0.000942 0.000407 0.000109 0.174478 0.007424 1.724639
0.817990 0.000749 0.000934 0.000401 0.000105 0.172395 0.007426 1.724711
0.820019 0.000734 0.000927 0.000394 0.000101 0.170398 0.007427 1.724793
0.822041 0.000720 0.000916 0.000381 0.000096 0.168416 0.007430 1.724866
0.824052 0.000717 0.000898 0.000361 0.000091 0.166450 0.007432 1.724930
0.826077 0.000704 0.000880 0.000358 0.000087 0.164460 0.007434 1.725001
0.828026 0.000711 0.000859 0.000351 0.000085 0.162532 0.007435 1.725064
0.829944 0.000700 0.000855 0.000340 0.000085 0.160640 0.007436 1.725134
0.831834 0.000685 0.000848 0.000330 0.000083 0.158783 0.007437 1.725206
0.833773 0.000659 0.000836 0.000316 0.000080 0.156898 0.007439 1.725280
0.835689 0.000644 0.000826 0.000317 0.000076 0.155007 0.007441 1.725350
0.837513 0.000629 0.000818 0.000321 0.000074 0.153204 0.007442 1.725424
0.839411 0.000604 0.000811 0.000315 0.000073 0.151343 0.007443 1.725498
0.841223 0.000597 0.000792 0.000313 0.000071 0.149561 0.007444 1.725562
0.843010 0.000592 0.000784 0.000306 0.000072 0.147792 0.007444 1.725623
0.844727 0.000586 0.000765 0.000306 0.000069 0.146101 0.007445 1.725680
0.846455 0.000586 0.000743 0.000302 0.000068 0.144400 0.007446 1.725729
0.848162 0.000589 0.000731 0.000297 0.000069 0.142707 0.007446 1.725783
0.849801 0.000597 0.000714 0.000285 0.000065 0.141091 0.007448 1.725830
0.851467 0.000596 0.000708 0.000284 0.000066 0.139431 0.007448 1.725887
0.853191 0.000587 0.000705 0.000284 0.000065 0.137721 0.007448 1.725951
0.854791 0.000572 0.000692 0.000282 0.000062 0.136152 0.007449 1.726011
0.856408 0.000564 0.000693 0.000276 0.000060 0.134549 0.007450 1.726076
0.858021 0.000558 0.000680 0.000271 0.000057 0.132963 0.007450 1.726130
0.859586 0.000557 0.000669 0.000274 0.000055 0.131408 0.007451 1.726185
0.861154 0.000557 0.000668 0.000277 0.000054 0.129840 0.007451 1.726241
0.862656 0.000555 0.000665 0.000275 0.000053 0.128344 0.007452 1.726299
0.864203 0.000555 0.000656 0.000262 0.000051 0.126819 0.007453 1.726349
0.865734 0.000548 0.000636 0.000257 0.000053 0.125318 0.007453 1.726393
0.867235 0.000554 0.000627 0.000251 0.000053 0.123826 0.007454 1.726443
0.868703 0.000542 0.000616 0.000249 0.000052 0.122384 0.007455 1.726496
0.870167 0.000533 0.000620 0.000251 0.000051 0.120923 0.007455 1.726554
0.871630 0.000514 0.000617 0.000252 0.000050 0.119481 0.007455 1.726616
0.873066 0.000502 0.000613 0.000255 0.000048 0.118063 0.007456 1.726672
0.874426 0.000499 0.000613 0.000250 0.000046 0.116711 0.007456 1.726729
0.875827 0.000494 0.000596 0.000246 0.000046 0.115335 0.007457 1.726774
0.877212 0.000500 0.000578 0.000246 0.000045 0.113963 0.007457 1.726816
0.878519 0.000494 0.000572 0.000248 0.000044 0.112667 0.007457 1.726867
0.879801 0.000506 0.000566 0.000244 0.000043 0.111383 0.007458 1.726912
0.881078 0.000509 0.000559 0.000240 0.000041 0.110114 0.007460 1.726962
0.882307 0.000511 0.000553 0.000237 0.000041 0.108891 0.007460 1.727005
0.883591 0.000502 0.000544 0.000240 0.000038 0.107625 0.007461 1.727054
0.884825 0.000503 0.000540 0.000237 0.000037 0.106397 0.007461 1.727101
0.886016 0.000489 0.000541 0.000237 0.000035 0.105220 0.007463 1.727160
0.887231 0.000497 0.000527 0.000240 0.000035 0.104007 0.007464 1.727206
0.888415 0.000497 0.000522 0.000241 0.000034 0.102826 0.007465 1.727252
0.889579 0.000487 0.000520 0.000234 0.000032 0.101683 0.007466 1.727301
0.890725 0.000470 0.000515 0.000233 0.000031 0.100559 0.007466 1.727351
0.891850 0.000469 0.000508 0.000230 0.000030 0.099446 0.007467 1.727392
0.892936 0.000464 0.000505 0.000229 0.000030 0.098369 0.007467 1.727438
0.893989 0.000472 0.000499 0.000228 0.000030 0.097317 0.007467 1.727478
0.895049 0.000468 0.000490 0.000223 0.000029 0.096273 0.007468 1.727519
0.896089 0.000464 0.000496 0.000228 0.000029 0.095226 0.007468 1.727571
0.897126 0.000462 0.000494 0.000223 0.000029 0.094198 0.007469 1.727615
0.898112 0.000450 0.000487 0.000227 0.000027 0.093229 0.007469 1.727668
0.899080 0.000450 0.000490 0.000219 0.000025 0.092267 0.007469 1.727718
0.900042 0.000456 0.000488 0.000223 0.000025 0.091297 0.007469 1.727762
0.901000 0.000452 0.000486 0.000223 0.000024 0.090344 0.007470 1.727812
0.901934 0.000451 0.000490 0.000225 0.000024 0.089406 0.007470 1.727861
0.902885 0.000445 0.000481 0.000228 0.000024 0.088468 0.007470 1.727907
0.903798 0.000444 0.000476 0.000219 0.000024 0.087569 0.007471 1.727952
0.904671 0.000458 0.000470 0.000217 0.000024 0.086690 0.007471 1.727987
0.905579 0.000460 0.000477 0.000215 0.000023 0.085773 0.007472 1.728035
0.906465 0.000462 0.000470 0.000222 0.000022 0.084887 0.007472 1.728076
0.907323 0.000457 0.000472 0.000218 0.000021 0.084036 0.007473 1.728128
0.908132 0.000470 0.000465 0.000213 0.000021 0.083226 0.007473 1.728173
0.908947 0.000479 0.000459 0.000210 0.000021 0.082411 0.007473 1.728217
0.909746 0.000481 0.000459 0.000214 0.000022 0.081605 0.007473 1.728268
0.910562 0.000479 0.000462 0.000208 0.000023 0.080793 0.007473 1.728318
0.911318 0.000480 0.000460 0.000208 0.000023 0.080038 0.007474 1.728365
0.912100 0.000475 0.000460 0.000211 0.000023 0.079257 0.007474 1.728415
0.912863 0.000484 0.000466 0.000207 0.000023 0.078482 0.007474 1.728461
0.913619 0.000487 0.000463 0.000209 0.000022 0.077725 0.007475 1.728501
0.914337 0.000496 0.000463 0.000208 0.000021 0.076999 0.007476 1.728543
0.915039 0.000491 0.000467 0.000206 0.000022 0.076299 0.007476 1.728591
0.915735 0.000494 0.000472 0.000202 0.000020 0.075601 0.007476 1.728643
0.916424 0.000493 0.000471 0.000212 0.000019 0.074904 0.007477 1.728695
0.917117 0.000497 0.000470 0.000209 0.000018 0.074212 0.007477 1.728732
0.917795 0.000508 0.000465 0.000212 0.000018 0.073525 0.007478 1.728781
0.918449 0.000505 0.000460 0.000215 0.000017 0.072876 0.007478 1.728832
0.919117 0.000504 0.000453 0.000211 0.000018 0.072219 0.007478 1.728878
0.919746 0.000513 0.000450 0.000207 0.000018 0.071587 0.007478 1.728919
0.920349 0.000515 0.000441 0.000210 0.000018 0.070989 0.007478 1.728962
0.920925 0.000516 0.000445 0.000207 0.000018 0.070410 0.007479 1.729014
0.921526 0.000525 0.000441 0.000209 0.000018 0.069803 0.007479 1.729058
0.922108 0.000529 0.000444 0.000210 0.000019 0.069211 0.007479 1.729106
0.922685 0.000532 0.000439 0.000205 0.000021 0.068639 0.007479 1.729152
0.923251 0.000523 0.000448 0.000207 0.000021 0.068070 0.007479 1.729212
0.923815 0.000517 0.000457 0.000204 0.000021 0.067507 0.007480 1.729263
0.924335 0.000520 0.000460 0.000206 0.000021 0.066979 0.007480 1.729318
0.924813 0.000526 0.000469 0.000207 0.000021 0.066484 0.007480 1.729368
0.925306 0.000525 0.000470 0.000210 0.000019 0.065991 0.007480 1.729422
0.925795 0.000514 0.000490 0.000208 0.000019 0.065494 0.007480 1.729481
0.926294 0.000509 0.000494 0.000210 0.000018 0.064995 0.007481 1.729529
0.926800 0.000500 0.000497 0.000209 0.000020 0.064494 0.007481 1.729582
0.927277 0.000513 0.000497 0.000204 0.000020 0.064008 0.007481 1.729626
0.927754 0.000519 0.000502 0.000205 0.000021 0.063519 0.007481 1.729678
0.928223 0.000528 0.000499 0.000208 0.000021 0.063041 0.007481 1.729725
0.928658 0.000529 0.000499 0.000210 0.000021 0.062602 0.007481 1.729780
0.929087 0.000539 0.000492 0.000215 0.000020 0.062166 0.007481 1.729829
0.929512 0.000543 0.000481 0.000218 0.000020 0.061744 0.007481 1.729878
0.929923 0.000547 0.000487 0.000224 0.000020 0.061318 0.007482 1.729935
0.930329 0.000549 0.000495 0.000223 0.000019 0.060903 0.007482 1.729990
0.930720 0.000560 0.000489 0.000221 0.000020 0.060508 0.007483 1.730037
0.931129 0.000562 0.000488 0.000225 0.000019 0.060095 0.007483 1.730091
0.931513 0.000574 0.000487 0.000223 0.000018 0.059702 0.007483 1.730139
0.931893 0.000570 0.000482 0.000231 0.000018 0.059322 0.007484 1.730199
0.932271 0.000556 0.000486 0.000228 0.000017 0.058959 0.007484 1.730262
0.932644 0.000546 0.000497 0.000227 0.000017 0.058585 0.007484 1.730323
0.932967 0.000550 0.000496 0.000227 0.000016 0.058259 0.007485 1.730378
0.933307 0.000549 0.000499 0.000231 0.000016 0.057912 0.007486 1.730434
0.933662 0.000548 0.000493 0.000235 0.000017 0.057559 0.007486 1.730486
0.933998 0.000547 0.000494 0.000236 0.000016 0.057222 0.007487 1.730539
0.934323 0.000551 0.000489 0.000235 0.000018 0.056898 0.007487 1.730590
0.934631 0.000552 0.000497 0.000228 0.000018 0.056587 0.007487 1.730640
0.934944 0.000551 0.000503 0.000224 0.000019 0.056272 0.007487 1.730699
0.935267 0.000550 0.000501 0.000223 0.000019 0.055954 0.007487 1.730748
0.935583 0.000559 0.000506 0.000218 0.000019 0.055628 0.007487 1.730797
0.935886 0.000573 0.000503 0.000212 0.000020 0.055319 0.007487 1.730846
0.936209 0.000571 0.000501 0.000215 0.000020 0.054996 0.007488 1.730903
0.936518 0.000574 0.000489 0.000221 0.000020 0.054689 0.007488 1.730956
0.936801 0.000568 0.000489 0.000219 0.000020 0.054415 0.007488 1.731011
0.937094 0.000566 0.000494 0.000220 0.000020 0.054116 0.007488 1.731069
0.937381 0.000571 0.000495 0.000225 0.000020 0.053818 0.007489 1.731127
0.937638 0.000581 0.000496 0.000228 0.000021 0.053547 0.007489 1.731180
0.937929 0.000576 0.000502 0.000233 0.000021 0.053251 0.007489 1.731238
0.938195 0.000583 0.000499 0.000231 0.000021 0.052982 0.007489 1.731288
0.938479 0.000597 0.000491 0.000240 0.000020 0.052685 0.007489 1.731340
0.938722 0.000603 0.000487 0.000243 0.000021 0.052435 0.007490 1.731391
0.938997 0.000602 0.000488 0.000245 0.000021 0.052157 0.007490 1.731440
0.939228 0.000592 0.000496 0.000243 0.000022 0.051930 0.007490 1.731503
0.939474 0.000586 0.000497 0.000244 0.000021 0.051688 0.007490 1.731563
0.939707 0.000583 0.000502 0.000241 0.000022 0.051454 0.007490 1.731622
0.939957 0.000571 0.000513 0.000241 0.000021 0.051205 0.007491 1.731686
0.940189 0.000570 0.000517 0.000245 0.000021 0.050968 0.007491 1.731746
0.940402 0.000576 0.000508 0.000250 0.000019 0.050753 0.007492 1.731800
0.940620 0.000574 0.000512 0.000248 0.000021 0.050532 0.007492 1.731858
0.940833 0.000583 0.000517 0.000246 0.000021 0.050308 0.007493 1.731919
0.941032 0.000587 0.000511 0.000246 0.000021 0.050111 0.007493 1.731975
0.941238 0.000586 0.000509 0.000243 0.000021 0.049909 0.007493 1.732029
0.941451 0.000580 0.000510 0.000246 0.000021 0.049698 0.007493 1.732090
0.941659 0.000584 0.000516 0.000241 0.000021 0.049486 0.007493 1.732147
0.941864 0.000585 0.000523 0.000238 0.000021 0.049276 0.007493 1.732207
0.942031 0.000593 0.000519 0.000241 0.000019 0.049103 0.007494 1.732259
0.942206 0.000603 0.000519 0.000240 0.000018 0.048919 0.007495 1.732307
0.942387 0.000603 0.000513 0.000242 0.000018 0.048743 0.007495 1.732371
0.942586 0.000598 0.000517 0.000246 0.000018 0.048542 0.007495 1.732437
0.942763 0.000603 0.000517 0.000246 0.000018 0.048358 0.007495 1.732493
0.942955 0.000590 0.000509 0.000245 0.000017 0.048189 0.007495 1.732548
0.943130 0.000592 0.000518 0.000241 0.000017 0.048008 0.007495 1.732604
0.943275 0.000602 0.000519 0.000240 0.000016 0.047853 0.007496 1.732658
0.943457 0.000598 0.000530 0.000240 0.000015 0.047664 0.007497 1.732721
0.943618 0.000600 0.000534 0.000241 0.000015 0.047495 0.007498 1.732777
0.943774 0.000608 0.000532 0.000253 0.000014 0.047321 0.007498 1.732830
0.943929 0.000611 0.000532 0.000263 0.000014 0.047153 0.007498 1.732897
0.944068 0.000608 0.000539 0.000267 0.000014 0.047007 0.007498 1.732959
0.944210 0.000611 0.000543 0.000260 0.000014 0.046863 0.007498 1.733017
0.944376 0.000606 0.000547 0.000265 0.000014 0.046694 0.007498 1.733078
0.944515 0.000611 0.000538 0.000272 0.000015 0.046551 0.007498 1.733139
0.944672 0.000608 0.000539 0.000267 0.000016 0.046400 0.007498 1.733198
0.944829 0.000601 0.000547 0.000274 0.000016 0.046236 0.007498 1.733266
0.944962 0.000599 0.000547 0.000276 0.000016 0.046101 0.007499 1.733326
0.945105 0.000594 0.000556 0.000278 0.000016 0.045953 0.007499 1.733381
0.945244 0.000601 0.000549 0.000276 0.000016 0.045815 0.007499 1.733431
0.945386 0.000608 0.000548 0.000269 0.000015 0.045676 0.007500 1.733490
0.945522 0.000608 0.000552 0.000274 0.000015 0.045530 0.007500 1.733550
0.945664 0.000604 0.000552 0.000275 0.000015 0.045391 0.007500 1.733608
0.945777 0.000604 0.000552 0.000278 0.000014 0.045275 0.007500 1.733670
0.945909 0.000607 0.000550 0.000277 0.000014 0.045142 0.007501 1.733729
0.946033 0.000604 0.000558 0.000275 0.000013 0.045015 0.007502 1.733786
0.946170 0.000600 0.000561 0.000273 0.000012 0.044882 0.007502 1.733850
0.946280 0.000599 0.000564 0.000275 0.000012 0.044769 0.007502 1.733907
0.946414 0.000593 0.000557 0.000275 0.000013 0.044647 0.007502 1.733965
0.946521 0.000608 0.000559 0.000276 0.000013 0.044522 0.007502 1.734023
0.946641 0.000605 0.000564 0.000274 0.000012 0.044402 0.007502 1.734085
0.946744 0.000618 0.000557 0.000273 0.000013 0.044292 0.007502 1.734141
0.946839 0.000616 0.000565 0.000272 0.000012 0.044194 0.007502 1.734207
0.946928 0.000613 0.000561 0.000275 0.000013 0.044108 0.007502 1.734270
0.947048 0.000617 0.000556 0.000273 0.000012 0.043992 0.007503 1.734322
0.947155 0.000623 0.000558 0.000268 0.000012 0.043882 0.007503 1.734377
0.947251 0.000631 0.000552 0.000268 0.000013 0.043781 0.007503 1.734432
0.947363 0.000635 0.000550 0.000271 0.000013 0.043665 0.007503 1.734489
0.947455 0.000646 0.000541 0.000274 0.000013 0.043568 0.007503 1.734540
0.947524 0.000648 0.000546 0.000280 0.000012 0.043487 0.007504 1.734606
0.947613 0.000658 0.000551 0.000279 0.000013 0.043382 0.007504 1.734668
0.947713 0.000650 0.000548 0.000281 0.000013 0.043291 0.007504 1.734736
0.947777 0.000664 0.000547 0.000276 0.000013 0.043220 0.007504 1.734791
0.947865 0.000661 0.000556 0.000284 0.000013 0.043116 0.007504 1.734858
0.947943 0.000659 0.000554 0.000281 0.000014 0.043045 0.007504 1.734920
0.948011 0.000673 0.000553 0.000269 0.000014 0.042974 0.007506 1.734978
0.948066 0.000682 0.000554 0.000277 0.000013 0.042901 0.007507 1.735045
0.948136 0.000680 0.000554 0.000281 0.000013 0.042828 0.007507 1.735109
0.948197 0.000673 0.000573 0.000280 0.000014 0.042756 0.007507 1.735184
0.948267 0.000665 0.000578 0.000283 0.000015 0.042686 0.007507 1.735257
0.948332 0.000659 0.000582 0.000276 0.000016 0.042628 0.007507 1.735321
0.948400 0.000665 0.000577 0.000275 0.000016 0.042561 0.007507 1.735382
0.948479 0.000660 0.000571 0.000279 0.000017 0.042486 0.007507 1.735449
0.948542 0.000670 0.000573 0.000281 0.000016 0.042411 0.007507 1.735508
0.948605 0.000681 0.000570 0.000283 0.000017 0.042337 0.007507 1.735568
0.948673 0.000682 0.000572 0.000277 0.000017 0.042271 0.007507 1.735634
0.948744 0.000677 0.000562 0.000280 0.000017 0.042212 0.007507 1.735698
0.948798 0.000684 0.000564 0.000285 0.000016 0.042146 0.007508 1.735763
0.948843 0.000694 0.000559 0.000289 0.000016 0.042092 0.007508 1.735832
0.948896 0.000697 0.000560 0.000294 0.000015 0.042031 0.007508 1.735902
0.948945 0.000715 0.000556 0.000294 0.000016 0.041968 0.007508 1.735962
0.948987 0.000719 0.000567 0.000295 0.000016 0.041908 0.007508 1.736031
0.949028 0.000720 0.000570 0.000299 0.000016 0.041859 0.007508 1.736102
0.949086 0.000704 0.000578 0.000309 0.000016 0.041798 0.007508 1.736182
0.949131 0.000697 0.000587 0.000323 0.000016 0.041739 0.007508 1.736260
0.949183 0.000698 0.000592 0.000315 0.000014 0.041689 0.007509 1.736321
0.949239 0.000700 0.000592 0.000312 0.000013 0.041635 0.007509 1.736381
0.949287 0.000704 0.000602 0.000316 0.000014 0.041569 0.007509 1.736447
0.949330 0.000699 0.000611 0.000319 0.000014 0.041517 0.007509 1.736517
0.949388 0.000696 0.000605 0.000315 0.000013 0.041474 0.007509 1.736574
0.949421 0.000701 0.000609 0.000314 0.000014 0.041431 0.007510 1.736641
0.949461 0.000705 0.000611 0.000313 0.000015 0.041385 0.007510 1.736708
0.949534 0.000689 0.000605 0.000320 0.000017 0.041326 0.007510 1.736780
0.949578 0.000699 0.000603 0.000313 0.000018 0.041279 0.007510 1.736835
0.949619 0.000698 0.000603 0.000317 0.000019 0.041234 0.007510 1.736903
0.949652 0.000700 0.000601 0.000316 0.000018 0.041203 0.007510 1.736969
0.949696 0.000699 0.000600 0.000320 0.000018 0.041156 0.007510 1.737035
0.949743 0.000696 0.000604 0.000319 0.000018 0.041109 0.007510 1.737109
0.949806 0.000674 0.000612 0.000320 0.000016 0.041060 0.007511 1.737183
0.949853 0.000676 0.000618 0.000309 0.000015 0.041018 0.007512 1.737248
0.949891 0.000677 0.000613 0.000308 0.000015 0.040984 0.007513 1.737310
0.949940 0.000668 0.000619 0.000306 0.000015 0.040939 0.007513 1.737383
0.949979 0.000679 0.000609 0.000302 0.000015 0.040903 0.007513 1.737440
0.950012 0.000675 0.000606 0.000303 0.000014 0.040877 0.007513 1.737508
0.950039 0.000687 0.000608 0.000300 0.000015 0.040839 0.007513 1.737571
0.950080 0.000672 0.000618 0.000299 0.000015 0.040804 0.007513 1.737642
0.950111 0.000670 0.000622 0.000303 0.000015 0.040765 0.007513 1.737713
0.950150 0.000669 0.000628 0.000293 0.000014 0.040732 0.007514 1.737776
0.950186 0.000669 0.000632 0.000293 0.000014 0.040692 0.007514 1.737842
0.950233 0.000663 0.000630 0.000290 0.000014 0.040657 0.007514 1.737905
0.950265 0.000660 0.000622 0.000289 0.000014 0.040637 0.007514 1.737969
0.950288 0.000671 0.000623 0.000290 0.000012 0.040602 0.007514 1.738032
0.950319 0.000666 0.000617 0.000295 0.000011 0.040577 0.007514 1.738102
0.950364 0.000659 0.000619 0.000292 0.000012 0.040539 0.007515 1.738165
0.950395 0.000666 0.000621 0.000296 0.000012 0.040496 0.007515 1.738229
0.950418 0.000661 0.000618 0.000301 0.000012 0.040476 0.007515 1.738296
0.950472 0.000652 0.000623 0.000299 0.000013 0.040426 0.007515 1.738361
0.950496 0.000643 0.000633 0.000307 0.000013 0.040395 0.007515 1.738441
0.950535 0.000647 0.000629 0.000301 0.000014 0.040360 0.007515 1.738499
0.950560 0.000650 0.000631 0.000294 0.000015 0.040334 0.007515 1.738563
0.950587 0.000657 0.000637 0.000292 0.000015 0.040297 0.007515 1.738625
0.950613 0.000650 0.000638 0.000298 0.000015 0.040272 0.007515 1.738694
0.950643 0.000659 0.000624 0.000299 0.000014 0.040245 0.007515 1.738755
0.950678 0.000676 0.000608 0.000297 0.000014 0.040212 0.007515 1.738812
0.950712 0.000673 0.000612 0.000301 0.000014 0.040172 0.007515 1.738878
0.950725 0.000682 0.000610 0.000301 0.000014 0.040153 0.007515 1.738945
0.950740 0.000693 0.000607 0.000303 0.000014 0.040128 0.007516 1.739008
0.950775 0.000687 0.000604 0.000299 0.000014 0.040104 0.007516 1.739071
0.950797 0.000690 0.000613 0.000305 0.000014 0.040065 0.007516 1.739139
0.950826 0.000679 0.000614 0.000292 0.000013 0.040060 0.007516 1.739208
0.950842 0.000702 0.000610 0.000288 0.000013 0.040028 0.007516 1.739267
0.950871 0.000701 0.000621 0.000290 0.000013 0.039987 0.007517 1.739338
0.950892 0.000695 0.000619 0.000295 0.000013 0.039970 0.007517 1.739415
0.950909 0.000709 0.000614 0.000288 0.000013 0.039950 0.007517 1.739473
0.950938 0.000708 0.000617 0.000289 0.000013 0.039918 0.007518 1.739539
0.950968 0.000704 0.000622 0.000296 0.000012 0.039880 0.007518 1.739611
0.950987 0.000700 0.000628 0.000302 0.000013 0.039853 0.007518 1.739682
0.951023 0.000700 0.000625 0.000298 0.000014 0.039824 0.007518 1.739746
0.951057 0.000686 0.000632 0.000298 0.000014 0.039796 0.007518 1.739820
0.951077 0.000678 0.000640 0.000297 0.000015 0.039775 0.007518 1.739894
0.951096 0.000686 0.000642 0.000297 0.000015 0.039745 0.007518 1.739952
0.951119 0.000685 0.000640 0.000301 0.000016 0.039720 0.007518 1.740021
0.951153 0.000672 0.000641 0.000307 0.000016 0.039692 0.007518 1.740093
0.951173 0.000674 0.000637 0.000305 0.000016 0.039676 0.007518 1.740153
0.951186 0.000657 0.000638 0.000310 0.000015 0.039676 0.007519 1.740233
0.951204 0.000670 0.000632 0.000305 0.000016 0.039654 0.007519 1.740291
0.951212 0.000686 0.000631 0.000298 0.000017 0.039637 0.007519 1.740347
0.951225 0.000689 0.000630 0.000297 0.000018 0.039620 0.007519 1.740413
0.951241 0.000687 0.000621 0.000304 0.000018 0.039610 0.007519 1.740479
0.951270 0.000680 0.000616 0.000302 0.000019 0.039594 0.007519 1.740545
0.951283 0.000681 0.000618 0.000297 0.000019 0.039583 0.007519 1.740612
0.951316 0.000675 0.000616 0.000297 0.000020 0.039557 0.007519 1.740677
0.951317 0.000692 0.000603 0.000296 0.000020 0.039553 0.007519 1.740738
0.951343 0.000682 0.000597 0.000295 0.000020 0.039543 0.007519 1.740802
0.951369 0.000664 0.000609 0.000298 0.000020 0.039521 0.007519 1.740879
0.951390 0.000667 0.000610 0.000295 0.000019 0.039499 0.007519 1.740946
0.951411 0.000650 0.000620 0.000292 0.000022 0.039486 0.007519 1.741021
0.951422 0.000655 0.000617 0.000289 0.000020 0.039476 0.007520 1.741080
0.951440 0.000664 0.000620 0.000284 0.000021 0.039452 0.007520 1.741140
0.951468 0.000663 0.000623 0.000278 0.000021 0.039428 0.007520 1.741202
0.951479 0.000673 0.000627 0.000274 0.000021 0.039406 0.007520 1.741263
0.951477 0.000682 0.000624 0.000273 0.000021 0.039403 0.007520 1.741330
0.951481 0.000685 0.000626 0.000275 0.000021 0.039392 0.007520 1.741392
0.951499 0.000694 0.000615 0.000271 0.000020 0.039379 0.007521 1.741451
0.951502 0.000686 0.000612 0.000275 0.000020 0.039385 0.007521 1.741523
0.951526 0.000677 0.000619 0.000274 0.000020 0.039363 0.007521 1.741596
0.951537 0.000681 0.000617 0.000272 0.000022 0.039351 0.007521 1.741662
0.951546 0.000681 0.000626 0.000276 0.000023 0.039327 0.007521 1.741736
0.951551 0.000701 0.000616 0.000283 0.000022 0.039305 0.007522 1.741793
0.951559 0.000705 0.000614 0.000280 0.000021 0.039298 0.007523 1.741857
0.951570 0.000708 0.000623 0.000278 0.000021 0.039278 0.007523 1.741919
0.951572 0.000709 0.000626 0.000279 0.000021 0.039270 0.007523 1.741988
0.951581 0.000708 0.000636 0.000276 0.000020 0.039254 0.007523 1.742055
0.951589 0.000702 0.000636 0.000274 0.000021 0.039255 0.007523 1.742127
0.951598 0.000698 0.000639 0.000274 0.000019 0.039246 0.007524 1.742197
0.951609 0.000712 0.000634 0.000270 0.000020 0.039231 0.007524 1.742254
0.951620 0.000703 0.000634 0.000273 0.000020 0.039224 0.007525 1.742328
0.951629 0.000704 0.000641 0.000280 0.000021 0.039200 0.007525 1.742398
0.951650 0.000699 0.000645 0.000287 0.000020 0.039173 0.007526 1.742471
0.951651 0.000706 0.000649 0.000285 0.000019 0.039164 0.007526 1.742538
0.951629 0.000731 0.000644 0.000292 0.000018 0.039160 0.007526 1.742603
0.951638 0.000748 0.000645 0.000287 0.000019 0.039137 0.007526 1.742664
0.951637 0.000760 0.000645 0.000293 0.000020 0.039119 0.007526 1.742740
0.951625 0.000767 0.000645 0.000291 0.000020 0.039127 0.007526 1.742817
0.951622 0.000765 0.000654 0.000293 0.000018 0.039120 0.007527 1.742892
0.951612 0.000761 0.000660 0.000298 0.000017 0.039123 0.007527 1.742979
0.951603 0.000778 0.000659 0.000297 0.000018 0.039118 0.007527 1.743052
0.951605 0.000774 0.000667 0.000298 0.000019 0.039109 0.007527 1.743133
0.951602 0.000777 0.000666 0.000294 0.000019 0.039115 0.007527 1.743206
0.951597 0.000779 0.000670 0.000298 0.000019 0.039109 0.007528 1.743284
0.951584 0.000790 0.000672 0.000300 0.000019 0.039106 0.007528 1.743354
0.951577 0.000792 0.000674 0.000303 0.000018 0.039108 0.007528 1.743430
0.951569 0.000779 0.000678 0.000312 0.000016 0.039117 0.007528 1.743521
0.951557 0.000786 0.000668 0.000313 0.000015 0.039133 0.007528 1.743596
0.951557 0.000779 0.000671 0.000329 0.000014 0.039121 0.007529 1.743676
0.951554 0.000782 0.000680 0.000331 0.000014 0.039109 0.007529 1.743753
0.951564 0.000762 0.000675 0.000346 0.000013 0.039111 0.007529 1.743837
0.951570 0.000773 0.000665 0.000340 0.000014 0.039107 0.007530 1.743900
0.951570 0.000766 0.000674 0.000339 0.000015 0.039107 0.007530 1.743986
0.951575 0.000762 0.000679 0.000345 0.000016 0.039093 0.007530 1.744062
0.951571 0.000762 0.000669 0.000349 0.000016 0.039103 0.007530 1.744138
0.951580 0.000753 0.000675 0.000341 0.000015 0.039105 0.007530 1.744213
0.951589 0.000749 0.000675 0.000341 0.000016 0.039099 0.007530 1.744289
0.951584 0.000756 0.000676 0.000344 0.000017 0.039093 0.007530 1.744366
0.951580 0.000750 0.000672 0.000357 0.000016 0.039095 0.007530 1.744441
0.951595 0.000744 0.000668 0.000362 0.000015 0.039087 0.007530 1.744514
0.951590 0.000735 0.000672 0.000361 0.000014 0.039096 0.007531 1.744592
0.951595 0.000733 0.000664 0.000360 0.000013 0.039103 0.007531 1.744662
0.951588 0.000736 0.000677 0.000354 0.000013 0.039101 0.007531 1.744735
0.951578 0.000738 0.000674 0.000349 0.000014 0.039116 0.007531 1.744808
0.951591 0.000725 0.000679 0.000349 0.000015 0.039108 0.007531 1.744886
0.951596 0.000727 0.000664 0.000350 0.000016 0.039115 0.007531 1.744956
0.951600 0.000729 0.000660 0.000340 0.000017 0.039124 0.007531 1.745023
0.951609 0.000727 0.000651 0.000329 0.000016 0.039137 0.007531 1.745089
0.951607 0.000727 0.000665 0.000331 0.000015 0.039124 0.007532 1.745169
0.951613 0.000719 0.000677 0.000329 0.000016 0.039113 0.007532 1.745248
0.951616 0.000725 0.000672 0.000330 0.000016 0.039108 0.007532 1.745316
0.951609 0.000728 0.000676 0.000325 0.000017 0.039114 0.007532 1.745387
0.951625 0.000703 0.000687 0.000328 0.000017 0.039108 0.007532 1.745469
0.951619 0.000709 0.000687 0.000330 0.000017 0.039105 0.007532 1.745541
0.951621 0.000711 0.000695 0.000327 0.000017 0.039097 0.007532 1.745605
0.951625 0.000720 0.000703 0.000324 0.000016 0.039079 0.007533 1.745678
0.951619 0.000729 0.000705 0.000321 0.000016 0.039075 0.007534 1.745749
0.951603 0.000737 0.000716 0.000316 0.000016 0.039078 0.007534 1.745827
0.951607 0.000738 0.000711 0.000319 0.000016 0.039075 0.007534 1.745898
0.951617 0.000724 0.000727 0.000329 0.000013 0.039054 0.007535 1.745981
0.951607 0.000727 0.000723 0.000330 0.000014 0.039063 0.007535 1.746057
0.951620 0.000724 0.000713 0.000333 0.000014 0.039060 0.007535 1.746125
0.951624 0.000719 0.000713 0.000329 0.000013 0.039064 0.007536 1.746201
0.951630 0.000720 0.000702 0.000334 0.000013 0.039064 0.007536 1.746271
0.951613 0.000738 0.000708 0.000332 0.000014 0.039059 0.007536 1.746342
0.951623 0.000744 0.000702 0.000329 0.000014 0.039051 0.007536 1.746410
0.951604 0.000748 0.000694 0.000337 0.000015 0.039067 0.007536 1.746489
0.951599 0.000754 0.000691 0.000329 0.000017 0.039073 0.007536 1.746558
0.951599 0.000756 0.000683 0.000328 0.000017 0.039080 0.007536 1.746625
0.951594 0.000753 0.000683 0.000336 0.000017 0.039080 0.007537 1.746703
0.951601 0.000748 0.000694 0.000329 0.000018 0.039073 0.007537 1.746775
0.951610 0.000741 0.000694 0.000322 0.000019 0.039076 0.007537 1.746848
0.951606 0.000750 0.000697 0.000329 0.000020 0.039060 0.007537 1.746919
0.951599 0.000751 0.000698 0.000337 0.000021 0.039057 0.007537 1.746995
0.951594 0.000749 0.000691 0.000338 0.000019 0.039071 0.007537 1.747068
0.951597 0.000775 0.000678 0.000336 0.000019 0.039058 0.007538 1.747124
0.951590 0.000775 0.000685 0.000335 0.000018 0.039058 0.007538 1.747203
0.951591 0.000765 0.000700 0.000338 0.000019 0.039049 0.007538 1.747293
0.951607 0.000763 0.000704 0.000342 0.000021 0.039024 0.007538 1.747367
0.951617 0.000761 0.000698 0.000338 0.000021 0.039027 0.007538 1.747438
0.951600 0.000768 0.000709 0.000333 0.000021 0.039031 0.007538 1.747515
0.951602 0.000775 0.000709 0.000332 0.000020 0.039024 0.007538 1.747584
0.951597 0.000762 0.000713 0.000337 0.000023 0.039029 0.007538 1.747672
0.951602 0.000755 0.000692 0.000336 0.000021 0.039055 0.007539 1.747738
0.951614 0.000738 0.000692 0.000336 0.000022 0.039059 0.007539 1.747822
0.951620 0.000735 0.000698 0.000332 0.000022 0.039053 0.007540 1.747896
0.951610 0.000744 0.000688 0.000330 0.000021 0.039065 0.007541 1.747963
0.951596 0.000750 0.000691 0.000333 0.000022 0.039065 0.007542 1.748034
0.951601 0.000752 0.000683 0.000331 0.000022 0.039070 0.007542 1.748103
0.951603 0.000764 0.000674 0.000342 0.000021 0.039053 0.007542 1.748164
0.951620 0.000750 0.000681 0.000343 0.000021 0.039042 0.007542 1.748244
0.951611 0.000752 0.000679 0.000335 0.000021 0.039058 0.007543 1.748310
0.951617 0.000742 0.000687 0.000333 0.000022 0.039056 0.007543 1.748391
0.951630 0.000752 0.000678 0.000328 0.000023 0.039046 0.007543 1.748455
0.951637 0.000753 0.000684 0.000332 0.000021 0.039029 0.007544 1.748528
0.951637 0.000755 0.000688 0.000332 0.000021 0.039023 0.007544 1.748596
0.951636 0.000752 0.000693 0.000333 0.000020 0.039021 0.007545 1.748670
0.951622 0.000749 0.000692 0.000335 0.000020 0.039036 0.007545 1.748750
0.951620 0.000749 0.000688 0.000336 0.000020 0.039040 0.007546 1.748820
0.951610 0.000745 0.000701 0.000338 0.000018 0.039041 0.007546 1.748903
0.951618 0.000727 0.000707 0.000341 0.000017 0.039044 0.007547 1.748984
0.951600 0.000737 0.000708 0.000341 0.000016 0.039052 0.007547 1.749058
0.951614 0.000719 0.000703 0.000336 0.000017 0.039064 0.007547 1.749133
0.951621 0.000711 0.000696 0.000343 0.000016 0.039066 0.007547 1.749205
0.951607 0.000712 0.000701 0.000352 0.000016 0.039065 0.007547 1.749289
0.951615 0.000702 0.000704 0.000348 0.000017 0.039065 0.007548 1.749364
0.951610 0.000719 0.000696 0.000338 0.000018 0.039072 0.007548 1.749428
0.951593 0.000738 0.000688 0.000333 0.000020 0.039080 0.007548 1.749486
0.951591 0.000732 0.000692 0.000329 0.000019 0.039088 0.007549 1.749558
0.951590 0.000725 0.000689 0.000330 0.000018 0.039098 0.007550 1.749631
0.951582 0.000733 0.000691 0.000323 0.000020 0.039100 0.007550 1.749704
0.951575 0.000735 0.000689 0.000317 0.000019 0.039115 0.007550 1.749778
0.951572 0.000728 0.000697 0.000320 0.000019 0.039114 0.007550 1.749858
0.951565 0.000743 0.000693 0.000319 0.000019 0.039110 0.007551 1.749927
0.951572 0.000739 0.000693 0.000314 0.000017 0.039114 0.007551 1.749995
0.951574 0.000747 0.000674 0.000307 0.000017 0.039129 0.007552 1.750067
0.951588 0.000739 0.000676 0.000314 0.000018 0.039113 0.007552 1.750143
0.951585 0.000742 0.000676 0.000318 0.000017 0.039108 0.007553 1.750214
0.951582 0.000748 0.000677 0.000323 0.000016 0.039101 0.007553 1.750289
0.951586 0.000745 0.000674 0.000323 0.000016 0.039102 0.007553 1.750363
0.951583 0.000746 0.000681 0.000318 0.000015 0.039104 0.007554 1.750438
0.951579 0.000748 0.000682 0.000321 0.000015 0.039099 0.007554 1.750514
0.951585 0.000746 0.000677 0.000323 0.000016 0.039098 0.007554 1.750582
0.951582 0.000744 0.000674 0.000329 0.000015 0.039101 0.007554 1.750658
0.951577 0.000749 0.000663 0.000330 0.000015 0.039111 0.007555 1.750731
0.951570 0.000735 0.000673 0.000339 0.000015 0.039113 0.007555 1.750820
0.951564 0.000737 0.000681 0.000334 0.000016 0.039113 0.007555 1.750895
0.951553 0.000749 0.000673 0.000334 0.000015 0.039121 0.007556 1.750959
0.951564 0.000747 0.000677 0.000330 0.000014 0.039111 0.007557 1.751026
0.951561 0.000745 0.000687 0.000321 0.000014 0.039116 0.007557 1.751102
0.951565 0.000750 0.000674 0.000320 0.000014 0.039120 0.007557 1.751166
0.951566 0.000754 0.000667 0.000321 0.000013 0.039121 0.007557 1.751235
0.951568 0.000773 0.000669 0.000314 0.000014 0.039105 0.007557 1.751294
0.951571 0.000763 0.000677 0.000319 0.000013 0.039098 0.007558 1.751376
0.951575 0.000754 0.000675 0.000323 0.000013 0.039101 0.007559 1.751453
0.951555 0.000753 0.000678 0.000322 0.000014 0.039119 0.007559 1.751530
0.951564 0.000747 0.000673 0.000321 0.000014 0.039122 0.007559 1.751599
0.951556 0.000741 0.000670 0.000320 0.000014 0.039140 0.007560 1.751676
0.951555 0.000737 0.000671 0.000317 0.000014 0.039146 0.007560 1.751748
0.951571 0.000724 0.000679 0.000320 0.000014 0.039132 0.007560 1.751823
0.951577 0.000708 0.000675 0.000322 0.000016 0.039141 0.007560 1.751904
0.951583 0.000711 0.000670 0.000326 0.000016 0.039133 0.007560 1.751974
0.951599 0.000696 0.000677 0.000322 0.000018 0.039127 0.007560 1.752050
0.951617 0.000693 0.000684 0.000317 0.000017 0.039111 0.007561 1.752119
0.951608 0.000705 0.000685 0.000320 0.000018 0.039102 0.007561 1.752183
0.951630 0.000694 0.000686 0.000317 0.000018 0.039093 0.007561 1.752254
0.951630 0.000696 0.000682 0.000322 0.000018 0.039090 0.007562 1.752319
