0.361059 0.061644 0.055029 0.031515 0.001981 0.482935 0.005839 1.586964
0.362990 0.059793 0.054883 0.031400 0.001983 0.483087 0.005864 1.592874
0.365544 0.057421 0.054673 0.031200 0.002005 0.483275 0.005884 1.598626
0.368712 0.054850 0.054414 0.030954 0.002007 0.483162 0.005902 1.604109
0.372107 0.052245 0.053929 0.030634 0.001997 0.483154 0.005934 1.609396
0.375698 0.049710 0.053387 0.030130 0.001992 0.483124 0.005960 1.614389
0.379510 0.047191 0.052710 0.029621 0.001990 0.482995 0.005983 1.619103
0.383500 0.044774 0.051976 0.029063 0.001987 0.482689 0.006012 1.623615
0.387604 0.042436 0.051132 0.028479 0.001981 0.482328 0.006039 1.627904
0.391659 0.040298 0.050204 0.027849 0.001984 0.481934 0.006071 1.631943
0.395831 0.038313 0.049250 0.027112 0.001991 0.481412 0.006093 1.635763
0.400007 0.036464 0.048264 0.026432 0.001986 0.480725 0.006122 1.639394
0.404315 0.034689 0.047151 0.025777 0.001980 0.479940 0.006149 1.642891
0.408702 0.032987 0.046078 0.025064 0.001967 0.479028 0.006175 1.646253
0.413005 0.031526 0.044913 0.024319 0.001960 0.478080 0.006197 1.649367
0.417374 0.030119 0.043747 0.023621 0.001925 0.476996 0.006218 1.652372
0.421856 0.028790 0.042563 0.022928 0.001913 0.475709 0.006242 1.655213
0.426310 0.027504 0.041457 0.022186 0.001895 0.474383 0.006265 1.657996
0.430762 0.026315 0.040321 0.021507 0.001869 0.472938 0.006288 1.660650
0.435244 0.025145 0.039135 0.020869 0.001842 0.471451 0.006313 1.663212
0.439666 0.024145 0.038009 0.020224 0.001821 0.469795 0.006339 1.665642
0.444132 0.023217 0.036897 0.019551 0.001795 0.468050 0.006360 1.667947
0.448687 0.022287 0.035813 0.018934 0.001778 0.466124 0.006378 1.670233
0.453205 0.021439 0.034675 0.018381 0.001766 0.464135 0.006400 1.672364
0.457674 0.020695 0.033534 0.017761 0.001739 0.462165 0.006431 1.674411
0.462170 0.019950 0.032445 0.017220 0.001686 0.460067 0.006462 1.676395
0.466616 0.019325 0.031394 0.016664 0.001659 0.457857 0.006485 1.678276
0.471020 0.018727 0.030384 0.016147 0.001642 0.455578 0.006502 1.680114
0.475495 0.018149 0.029418 0.015634 0.001624 0.453157 0.006523 1.681919
0.479992 0.017638 0.028488 0.015131 0.001600 0.450611 0.006540 1.683630
0.484413 0.017130 0.027573 0.014700 0.001567 0.448052 0.006565 1.685328
0.489041 0.016594 0.026752 0.014230 0.001529 0.445262 0.006592 1.687008
0.493441 0.016171 0.025900 0.013807 0.001512 0.442559 0.006611 1.688583
0.497858 0.015782 0.025034 0.013392 0.001479 0.439822 0.006632 1.690124
0.502300 0.015395 0.024277 0.012961 0.001457 0.436960 0.006651 1.691647
0.506536 0.015041 0.023555 0.012581 0.001424 0.434197 0.006666 1.693150
0.510852 0.014683 0.022907 0.012150 0.001400 0.431322 0.006686 1.694632
0.515150 0.014304 0.022262 0.011747 0.001374 0.428462 0.006701 1.696084
0.519378 0.014004 0.021658 0.011378 0.001344 0.425518 0.006720 1.697479
0.523536 0.013760 0.021082 0.011051 0.001326 0.422509 0.006737 1.698847
0.527793 0.013513 0.020473 0.010732 0.001303 0.419430 0.006755 1.700169
0.531952 0.013277 0.019860 0.010416 0.001267 0.416451 0.006777 1.701437
0.536199 0.013015 0.019305 0.010134 0.001239 0.413314 0.006794 1.702744
0.540413 0.012748 0.018797 0.009861 0.001216 0.410154 0.006812 1.704024
0.544430 0.012531 0.018225 0.009545 0.001195 0.407246 0.006827 1.705227
0.548393 0.012352 0.017699 0.009293 0.001168 0.404251 0.006845 1.706437
0.552389 0.012169 0.017239 0.009046 0.001128 0.401167 0.006863 1.707631
0.556387 0.011984 0.016870 0.008794 0.001100 0.397991 0.006875 1.708844
0.560371 0.011810 0.016493 0.008590 0.001070 0.394775 0.006891 1.710004
0.564237 0.011683 0.016131 0.008333 0.001046 0.391662 0.006909 1.711171
0.568119 0.011590 0.015703 0.008113 0.001022 0.388529 0.006924 1.712274
0.571935 0.011463 0.015345 0.007912 0.001008 0.385404 0.006934 1.713398
0.575763 0.011324 0.014985 0.007699 0.000981 0.382296 0.006953 1.714522
0.579643 0.011211 0.014640 0.007527 0.000958 0.379053 0.006968 1.715608
0.583329 0.011147 0.014339 0.007386 0.000948 0.375872 0.006979 1.716689
0.586895 0.011072 0.014038 0.007235 0.000926 0.372841 0.006993 1.717762
0.590661 0.010984 0.013815 0.007074 0.000901 0.369559 0.007006 1.718834
0.594339 0.010917 0.013563 0.006948 0.000891 0.366325 0.007018 1.719918
0.597949 0.010869 0.013290 0.006788 0.000870 0.363202 0.007034 1.720953
0.601487 0.010753 0.013030 0.006673 0.000844 0.360167 0.007045 1.722007
0.605055 0.010636 0.012814 0.006558 0.000830 0.357052 0.007056 1.723096
0.608619 0.010498 0.012578 0.006473 0.000807 0.353958 0.007067 1.724154
0.612115 0.010459 0.012335 0.006361 0.000791 0.350861 0.007078 1.725176
0.615456 0.010371 0.012167 0.006289 0.000768 0.347862 0.007087 1.726231
0.618780 0.010344 0.011977 0.006188 0.000752 0.344863 0.007095 1.727230
0.622127 0.010300 0.011834 0.006098 0.000737 0.341796 0.007109 1.728273
0.625484 0.010256 0.011661 0.006013 0.000715 0.338753 0.007118 1.729278
0.628739 0.010227 0.011506 0.005926 0.000698 0.335779 0.007126 1.730259
0.631971 0.010170 0.011356 0.005824 0.000689 0.332855 0.007135 1.731266
0.635103 0.010138 0.011200 0.005786 0.000673 0.329955 0.007146 1.732292
0.638248 0.010165 0.011095 0.005689 0.000657 0.326991 0.007154 1.733281
0.641284 0.010155 0.010963 0.005648 0.000652 0.324141 0.007158 1.734272
0.644346 0.010137 0.010841 0.005598 0.000642 0.321273 0.007163 1.735270
0.647287 0.010157 0.010705 0.005528 0.000628 0.318522 0.007172 1.736226
0.650366 0.010093 0.010634 0.005450 0.000622 0.315653 0.007181 1.737257
0.653296 0.010092 0.010492 0.005415 0.000607 0.312908 0.007189 1.738226
0.656122 0.010148 0.010390 0.005357 0.000610 0.310178 0.007196 1.739210
0.658981 0.010176 0.010325 0.005337 0.000594 0.307383 0.007205 1.740223
0.661808 0.010160 0.010272 0.005286 0.000583 0.304678 0.007214 1.741231
0.664564 0.010170 0.010185 0.005273 0.000573 0.302011 0.007224 1.742232
0.667313 0.010231 0.010113 0.005246 0.000572 0.299293 0.007233 1.743223
0.670008 0.010191 0.010078 0.005205 0.000552 0.296722 0.007244 1.744227
0.672646 0.010208 0.010038 0.005172 0.000548 0.294137 0.007251 1.745245
0.675296 0.010242 0.009946 0.005170 0.000539 0.291553 0.007255 1.746219
0.677884 0.010252 0.009899 0.005120 0.000532 0.289052 0.007262 1.747218
0.680425 0.010290 0.009835 0.005079 0.000525 0.286579 0.007268 1.748214
0.682937 0.010368 0.009728 0.005065 0.000514 0.284114 0.007276 1.749179
0.685395 0.010361 0.009736 0.005045 0.000506 0.281677 0.007280 1.750221
0.687923 0.010415 0.009743 0.005027 0.000494 0.279111 0.007288 1.751224
0.690363 0.010399 0.009690 0.005042 0.000483 0.276728 0.007296 1.752258
0.692779 0.010407 0.009652 0.005051 0.000473 0.274337 0.007301 1.753283
0.695096 0.010431 0.009610 0.005011 0.000465 0.272081 0.007306 1.754291
0.697446 0.010452 0.009601 0.005007 0.000455 0.269726 0.007315 1.755332
0.699781 0.010502 0.009611 0.004981 0.000450 0.267358 0.007319 1.756359
0.702054 0.010545 0.009574 0.004957 0.000438 0.265107 0.007324 1.757375
0.704318 0.010545 0.009576 0.004951 0.000428 0.262852 0.007332 1.758441
0.706465 0.010599 0.009584 0.004961 0.000419 0.260638 0.007335 1.759501
0.708565 0.010685 0.009560 0.004969 0.000407 0.258471 0.007343 1.760508
0.710717 0.010710 0.009580 0.004967 0.000398 0.256280 0.007348 1.761570
0.712774 0.010814 0.009614 0.004961 0.000393 0.254092 0.007351 1.762613
0.714744 0.010928 0.009630 0.004985 0.000391 0.251967 0.007356 1.763674
0.716667 0.011055 0.009643 0.004978 0.000382 0.249912 0.007362 1.764730
0.718557 0.011131 0.009665 0.005000 0.000381 0.247903 0.007365 1.765818
0.720431 0.011113 0.009727 0.005012 0.000375 0.245972 0.007370 1.766957
0.722325 0.011178 0.009736 0.005029 0.000376 0.243983 0.007375 1.768052
0.724153 0.011240 0.009769 0.005061 0.000366 0.242032 0.007379 1.769167
0.725926 0.011362 0.009795 0.005064 0.000358 0.240110 0.007386 1.770253
0.727770 0.011451 0.009810 0.005117 0.000354 0.238108 0.007391 1.771374
0.729525 0.011572 0.009804 0.005114 0.000345 0.236239 0.007402 1.772456
0.731255 0.011677 0.009839 0.005147 0.000345 0.234334 0.007405 1.773570
0.732958 0.011743 0.009874 0.005164 0.000345 0.232505 0.007410 1.774704
0.734655 0.011829 0.009920 0.005184 0.000342 0.230654 0.007415 1.775850
0.736312 0.011904 0.010002 0.005242 0.000334 0.228790 0.007418 1.777017
0.737916 0.012005 0.010025 0.005256 0.000328 0.227049 0.007423 1.778148
0.739511 0.012076 0.010113 0.005279 0.000328 0.225265 0.007428 1.779333
0.741060 0.012159 0.010142 0.005338 0.000321 0.223547 0.007433 1.780531
0.742542 0.012245 0.010226 0.005379 0.000319 0.221852 0.007438 1.781755
0.744016 0.012377 0.010263 0.005388 0.000326 0.220188 0.007441 1.782930
0.745496 0.012507 0.010352 0.005396 0.000328 0.218479 0.007443 1.784122
0.746784 0.012606 0.010447 0.005404 0.000330 0.216980 0.007449 1.785371
0.748136 0.012772 0.010494 0.005463 0.000327 0.215355 0.007454 1.786579
0.749463 0.012924 0.010536 0.005490 0.000326 0.213804 0.007456 1.787798
0.750716 0.013040 0.010629 0.005546 0.000323 0.212287 0.007458 1.789090
0.751918 0.013194 0.010698 0.005595 0.000318 0.210815 0.007462 1.790365
0.753088 0.013373 0.010736 0.005647 0.000320 0.209372 0.007466 1.791620
0.754162 0.013521 0.010825 0.005713 0.000322 0.207987 0.007470 1.792941
0.755323 0.013603 0.010899 0.005770 0.000320 0.206612 0.007473 1.794251
0.756440 0.013678 0.011018 0.005817 0.000315 0.205255 0.007478 1.795608
0.757577 0.013770 0.011120 0.005884 0.000306 0.203855 0.007487 1.796985
0.758715 0.013879 0.011231 0.005965 0.000308 0.202413 0.007491 1.798358
0.759691 0.013992 0.011331 0.005999 0.000313 0.201182 0.007492 1.799759
0.760625 0.014180 0.011411 0.006059 0.000311 0.199918 0.007497 1.801129
0.761575 0.014301 0.011532 0.006097 0.000311 0.198682 0.007500 1.802557
0.762509 0.014429 0.011649 0.006144 0.000309 0.197456 0.007506 1.803954
0.763387 0.014611 0.011730 0.006229 0.000311 0.196222 0.007511 1.805375
0.764232 0.014815 0.011819 0.006288 0.000315 0.195017 0.007514 1.806796
0.765136 0.014945 0.011899 0.006316 0.000318 0.193870 0.007516 1.808223
0.765923 0.015051 0.012010 0.006386 0.000326 0.192787 0.007518 1.809719
0.766688 0.015169 0.012182 0.006454 0.000326 0.191659 0.007524 1.811236
0.767361 0.015269 0.012353 0.006543 0.000329 0.190617 0.007529 1.812811
0.768104 0.015381 0.012438 0.006571 0.000332 0.189643 0.007532 1.814320
0.768783 0.015535 0.012578 0.006620 0.000334 0.188615 0.007537 1.815856
0.769422 0.015703 0.012661 0.006670 0.000333 0.187671 0.007539 1.817356
0.770149 0.015828 0.012751 0.006676 0.000336 0.186720 0.007541 1.818880
0.770742 0.015975 0.012838 0.006758 0.000338 0.185803 0.007545 1.820459
0.771335 0.016106 0.012947 0.006815 0.000339 0.184907 0.007551 1.822041
0.771885 0.016289 0.013031 0.006890 0.000335 0.184016 0.007556 1.823633
0.772453 0.016463 0.013113 0.006918 0.000336 0.183156 0.007561 1.825195
0.772938 0.016615 0.013277 0.006994 0.000337 0.182275 0.007565 1.826841
0.773442 0.016735 0.013455 0.007018 0.000343 0.181441 0.007567 1.828493
0.773887 0.016962 0.013531 0.007039 0.000348 0.180662 0.007572 1.830105
0.774328 0.017082 0.013734 0.007081 0.000348 0.179851 0.007576 1.831813
0.774738 0.017226 0.013854 0.007146 0.000344 0.179115 0.007579 1.833467
0.775129 0.017359 0.013953 0.007236 0.000351 0.178390 0.007582 1.835157
0.775429 0.017559 0.014072 0.007319 0.000357 0.177680 0.007584 1.836854
0.775759 0.017730 0.014201 0.007421 0.000360 0.176942 0.007589 1.838573
0.776087 0.017906 0.014348 0.007463 0.000364 0.176242 0.007592 1.840308
0.776307 0.018104 0.014426 0.007517 0.000370 0.175681 0.007595 1.842045
0.776565 0.018243 0.014538 0.007602 0.000365 0.175086 0.007602 1.843836
0.776766 0.018442 0.014627 0.007673 0.000369 0.174517 0.007607 1.845578
0.777045 0.018520 0.014788 0.007783 0.000376 0.173875 0.007612 1.847427
0.777237 0.018611 0.014948 0.007858 0.000377 0.173351 0.007618 1.849292
0.777539 0.018704 0.015098 0.007875 0.000383 0.172781 0.007621 1.851113
0.777749 0.018826 0.015223 0.007908 0.000385 0.172282 0.007627 1.852992
0.777952 0.018935 0.015324 0.007977 0.000383 0.171797 0.007632 1.854871
0.778064 0.019117 0.015431 0.007992 0.000384 0.171376 0.007636 1.856685
0.778262 0.019223 0.015536 0.008071 0.000393 0.170877 0.007639 1.858507
0.778312 0.019339 0.015629 0.008162 0.000395 0.170520 0.007643 1.860428
0.778496 0.019400 0.015767 0.008192 0.000397 0.170099 0.007650 1.862304
0.778660 0.019522 0.015890 0.008256 0.000405 0.169616 0.007653 1.864187
0.778628 0.019671 0.016027 0.008336 0.000410 0.169272 0.007656 1.866114
0.778706 0.019782 0.016176 0.008426 0.000415 0.168834 0.007661 1.868073
0.778755 0.019866 0.016330 0.008473 0.000415 0.168492 0.007668 1.870012
0.778797 0.019964 0.016422 0.008491 0.000422 0.168231 0.007673 1.871956
0.778816 0.020139 0.016451 0.008543 0.000424 0.167952 0.007676 1.873876
0.778871 0.020251 0.016573 0.008571 0.000431 0.167624 0.007680 1.875838
0.778903 0.020326 0.016678 0.008625 0.000431 0.167352 0.007685 1.877822
0.778961 0.020358 0.016810 0.008711 0.000431 0.167038 0.007691 1.879857
0.778914 0.020504 0.016890 0.008792 0.000433 0.166772 0.007695 1.881840
0.778904 0.020577 0.017066 0.008847 0.000433 0.166474 0.007699 1.883865
0.778898 0.020626 0.017150 0.008917 0.000435 0.166271 0.007705 1.885915
0.778801 0.020773 0.017199 0.008959 0.000433 0.166125 0.007711 1.887948
0.778734 0.020810 0.017323 0.009072 0.000432 0.165914 0.007715 1.890031
0.778603 0.020919 0.017389 0.009141 0.000431 0.165797 0.007719 1.892038
0.778540 0.021022 0.017469 0.009184 0.000432 0.165630 0.007724 1.894069
0.778431 0.021095 0.017579 0.009261 0.000438 0.165465 0.007730 1.896149
0.778381 0.021107 0.017684 0.009340 0.000435 0.165318 0.007735 1.898237
0.778270 0.021150 0.017796 0.009431 0.000442 0.165170 0.007739 1.900343
0.778197 0.021131 0.017897 0.009501 0.000445 0.165086 0.007743 1.902483
0.778092 0.021216 0.017955 0.009550 0.000452 0.164985 0.007750 1.904550
0.778042 0.021289 0.017990 0.009553 0.000460 0.164914 0.007753 1.906572
0.777885 0.021371 0.018050 0.009604 0.000454 0.164876 0.007759 1.908690
0.777868 0.021352 0.018113 0.009653 0.000453 0.164794 0.007766 1.910770
0.777777 0.021385 0.018142 0.009734 0.000449 0.164744 0.007770 1.912856
0.777639 0.021481 0.018215 0.009756 0.000446 0.164688 0.007775 1.914937
0.777513 0.021537 0.018285 0.009810 0.000441 0.164633 0.007781 1.917041
0.777411 0.021656 0.018351 0.009773 0.000444 0.164582 0.007784 1.919047
0.777270 0.021698 0.018493 0.009786 0.000454 0.164511 0.007789 1.921200
0.777230 0.021710 0.018555 0.009788 0.000450 0.164470 0.007795 1.923331
0.777127 0.021747 0.018685 0.009868 0.000443 0.164327 0.007802 1.925453
0.776931 0.021847 0.018681 0.009885 0.000445 0.164407 0.007805 1.927524
0.776852 0.021816 0.018727 0.009958 0.000449 0.164390 0.007808 1.929711
0.776836 0.021757 0.018789 0.010019 0.000449 0.164334 0.007815 1.931860
0.776718 0.021786 0.018860 0.010030 0.000459 0.164326 0.007821 1.934014
0.776631 0.021821 0.018911 0.010033 0.000459 0.164319 0.007827 1.936089
0.776606 0.021788 0.018971 0.010066 0.000458 0.164278 0.007834 1.938192
0.776534 0.021735 0.019032 0.010105 0.000456 0.164297 0.007841 1.940357
0.776463 0.021724 0.019050 0.010089 0.000462 0.164367 0.007846 1.942478
0.776495 0.021624 0.019138 0.010121 0.000464 0.164308 0.007850 1.944663
0.776465 0.021521 0.019212 0.010126 0.000470 0.164355 0.007851 1.946828
0.776419 0.021448 0.019259 0.010133 0.000474 0.164412 0.007856 1.948974
0.776391 0.021406 0.019343 0.010129 0.000475 0.164394 0.007862 1.951089
0.776372 0.021348 0.019344 0.010174 0.000483 0.164414 0.007866 1.953218
0.776309 0.021341 0.019339 0.010164 0.000490 0.164485 0.007872 1.955328
0.776282 0.021361 0.019305 0.010142 0.000488 0.164541 0.007882 1.957384
0.776225 0.021421 0.019319 0.010152 0.000501 0.164497 0.007885 1.959458
0.776215 0.021433 0.019296 0.010145 0.000501 0.164522 0.007888 1.961526
0.776137 0.021534 0.019211 0.010121 0.000500 0.164602 0.007895 1.963547
0.776198 0.021437 0.019304 0.010063 0.000503 0.164593 0.007901 1.965665
0.776126 0.021452 0.019336 0.010089 0.000505 0.164585 0.007908 1.967771
0.776127 0.021474 0.019331 0.010060 0.000501 0.164594 0.007915 1.969841
0.776064 0.021511 0.019330 0.010056 0.000503 0.164616 0.007921 1.971929
0.776039 0.021456 0.019351 0.010057 0.000510 0.164663 0.007927 1.974033
0.776043 0.021403 0.019397 0.010041 0.000513 0.164673 0.007932 1.976131
0.775998 0.021393 0.019386 0.010042 0.000515 0.164726 0.007939 1.978239
0.775955 0.021338 0.019380 0.010056 0.000512 0.164811 0.007948 1.980372
0.775953 0.021233 0.019365 0.010087 0.000512 0.164898 0.007953 1.982514
0.775920 0.021188 0.019351 0.010070 0.000513 0.164999 0.007959 1.984617
0.776013 0.021134 0.019353 0.010065 0.000514 0.164956 0.007965 1.986688
0.776197 0.021028 0.019362 0.010041 0.000519 0.164886 0.007969 1.988757
0.776198 0.021034 0.019335 0.010029 0.000520 0.164910 0.007975 1.990796
0.776191 0.021016 0.019297 0.010018 0.000514 0.164985 0.007979 1.992852
0.776273 0.021013 0.019272 0.009988 0.000512 0.164955 0.007987 1.994867
0.776326 0.020903 0.019289 0.009995 0.000513 0.164981 0.007994 1.996999
0.776420 0.020870 0.019239 0.009970 0.000518 0.164985 0.008000 1.999029
0.776511 0.020833 0.019128 0.009995 0.000517 0.165011 0.008007 2.001021
0.776565 0.020806 0.019073 0.010009 0.000516 0.165020 0.008012 2.003057
0.776671 0.020744 0.019043 0.009993 0.000518 0.165013 0.008018 2.005097
0.776814 0.020597 0.019066 0.009993 0.000516 0.164993 0.008022 2.007148
0.776975 0.020491 0.019031 0.009976 0.000506 0.164990 0.008030 2.009167
0.777153 0.020391 0.019010 0.009919 0.000505 0.164986 0.008035 2.011184
0.777274 0.020389 0.018960 0.009904 0.000510 0.164923 0.008042 2.013137
0.777440 0.020309 0.018891 0.009885 0.000501 0.164928 0.008047 2.015099
0.777584 0.020246 0.018808 0.009881 0.000499 0.164931 0.008053 2.017100
0.777691 0.020200 0.018724 0.009830 0.000504 0.164994 0.008057 2.019067
0.777839 0.020181 0.018670 0.009828 0.000497 0.164922 0.008063 2.021001
0.777962 0.020139 0.018639 0.009814 0.000497 0.164878 0.008071 2.022973
0.778059 0.020116 0.018663 0.009768 0.000498 0.164824 0.008072 2.024924
0.778190 0.020076 0.018649 0.009734 0.000501 0.164769 0.008081 2.026870
0.778330 0.020024 0.018655 0.009720 0.000506 0.164679 0.008087 2.028847
0.778447 0.019973 0.018604 0.009704 0.000510 0.164673 0.008089 2.030796
0.778624 0.019875 0.018615 0.009720 0.000510 0.164559 0.008097 2.032785
0.778737 0.019899 0.018533 0.009693 0.000513 0.164522 0.008102 2.034684
0.778960 0.019886 0.018458 0.009644 0.000514 0.164425 0.008113 2.036610
0.779117 0.019921 0.018381 0.009588 0.000511 0.164361 0.008120 2.038479
0.779228 0.019880 0.018362 0.009592 0.000515 0.164298 0.008126 2.040430
0.779346 0.019842 0.018343 0.009611 0.000506 0.164219 0.008133 2.042386
0.779524 0.019762 0.018291 0.009651 0.000505 0.164131 0.008137 2.044330
0.779638 0.019718 0.018277 0.009624 0.000509 0.164092 0.008143 2.046286
0.779788 0.019628 0.018203 0.009601 0.000509 0.164122 0.008151 2.048252
0.779892 0.019607 0.018158 0.009609 0.000506 0.164071 0.008158 2.050161
0.780050 0.019502 0.018141 0.009648 0.000504 0.163992 0.008164 2.052117
0.780280 0.019410 0.018151 0.009646 0.000499 0.163841 0.008172 2.054029
0.780488 0.019373 0.018065 0.009596 0.000496 0.163804 0.008179 2.055891
0.780779 0.019283 0.018005 0.009617 0.000497 0.163635 0.008184 2.057802
0.780992 0.019224 0.017932 0.009600 0.000501 0.163562 0.008190 2.059661
0.781216 0.019188 0.017928 0.009536 0.000498 0.163439 0.008196 2.061517
0.781444 0.019079 0.017964 0.009526 0.000500 0.163289 0.008199 2.063453
0.781615 0.019067 0.017881 0.009504 0.000500 0.163229 0.008204 2.065303
0.781752 0.019039 0.017883 0.009477 0.000495 0.163144 0.008209 2.067203
0.781896 0.019019 0.017875 0.009459 0.000497 0.163039 0.008215 2.069093
0.782136 0.018961 0.017868 0.009430 0.000492 0.162893 0.008222 2.070969
0.782398 0.018877 0.017865 0.009340 0.000491 0.162801 0.008230 2.072838
0.782583 0.018871 0.017824 0.009284 0.000493 0.162713 0.008232 2.074685
0.782816 0.018860 0.017754 0.009256 0.000490 0.162588 0.008238 2.076513
0.782985 0.018800 0.017725 0.009216 0.000487 0.162544 0.008245 2.078369
0.783252 0.018755 0.017732 0.009220 0.000478 0.162316 0.008249 2.080230
0.783514 0.018725 0.017721 0.009166 0.000474 0.162144 0.008255 2.082058
0.783799 0.018626 0.017686 0.009187 0.000478 0.161962 0.008262 2.083934
0.783980 0.018630 0.017624 0.009142 0.000475 0.161879 0.008271 2.085746
0.784116 0.018636 0.017567 0.009129 0.000474 0.161801 0.008277 2.087599
0.784283 0.018664 0.017496 0.009079 0.000475 0.161719 0.008284 2.089390
0.784499 0.018630 0.017429 0.009057 0.000478 0.161620 0.008289 2.091213
0.784685 0.018634 0.017344 0.009058 0.000483 0.161503 0.008294 2.092993
0.784949 0.018552 0.017328 0.009038 0.000486 0.161348 0.008299 2.094845
0.785135 0.018537 0.017262 0.009018 0.000500 0.161247 0.008302 2.096665
0.785427 0.018460 0.017160 0.008988 0.000493 0.161166 0.008307 2.098483
0.785567 0.018483 0.017104 0.008962 0.000488 0.161084 0.008313 2.100269
0.785759 0.018453 0.017062 0.008945 0.000490 0.160970 0.008321 2.102079
0.786010 0.018400 0.017043 0.008930 0.000494 0.160798 0.008326 2.103899
0.786246 0.018417 0.016984 0.008898 0.000489 0.160632 0.008334 2.105669
0.786362 0.018490 0.016914 0.008883 0.000487 0.160523 0.008341 2.107429
0.786587 0.018465 0.016924 0.008893 0.000486 0.160298 0.008346 2.109228
0.786821 0.018434 0.016925 0.008867 0.000486 0.160114 0.008351 2.111035
0.787019 0.018391 0.016951 0.008852 0.000484 0.159947 0.008356 2.112869
0.787161 0.018449 0.016967 0.008802 0.000477 0.159780 0.008364 2.114650
0.787291 0.018461 0.016955 0.008781 0.000475 0.159670 0.008367 2.116442
0.787524 0.018459 0.016937 0.008778 0.000468 0.159460 0.008374 2.118239
0.787737 0.018478 0.016900 0.008726 0.000465 0.159315 0.008381 2.120006
0.787866 0.018512 0.016912 0.008717 0.000464 0.159142 0.008389 2.121815
0.788080 0.018494 0.016914 0.008677 0.000472 0.158974 0.008391 2.123632
0.788304 0.018461 0.016935 0.008636 0.000469 0.158799 0.008396 2.125455
0.788478 0.018485 0.016851 0.008644 0.000475 0.158668 0.008400 2.127241
0.788595 0.018444 0.016873 0.008674 0.000471 0.158538 0.008406 2.129068
0.788750 0.018444 0.016907 0.008640 0.000471 0.158374 0.008414 2.130863
0.788943 0.018444 0.016888 0.008647 0.000471 0.158187 0.008420 2.132653
0.789206 0.018334 0.016900 0.008646 0.000463 0.158025 0.008428 2.134505
0.789419 0.018341 0.016901 0.008651 0.000463 0.157794 0.008432 2.136277
0.789597 0.018336 0.016871 0.008646 0.000463 0.157649 0.008439 2.138019
0.789770 0.018319 0.016839 0.008612 0.000464 0.157552 0.008445 2.139821
0.789980 0.018240 0.016869 0.008602 0.000462 0.157398 0.008448 2.141648
0.790226 0.018238 0.016813 0.008571 0.000464 0.157235 0.008454 2.143411
0.790421 0.018208 0.016795 0.008573 0.000463 0.157079 0.008461 2.145222
0.790581 0.018176 0.016770 0.008566 0.000460 0.156980 0.008467 2.147021
0.790833 0.018070 0.016790 0.008575 0.000462 0.156801 0.008470 2.148823
0.791096 0.018066 0.016786 0.008582 0.000459 0.156538 0.008475 2.150602
0.791254 0.018152 0.016720 0.008591 0.000459 0.156346 0.008480 2.152329
0.791432 0.018186 0.016678 0.008577 0.000459 0.156184 0.008484 2.154047
0.791516 0.018243 0.016633 0.008593 0.000460 0.156065 0.008491 2.155829
0.791692 0.018303 0.016605 0.008569 0.000464 0.155871 0.008497 2.157585
0.791814 0.018314 0.016584 0.008565 0.000461 0.155760 0.008502 2.159370
0.792033 0.018281 0.016602 0.008562 0.000462 0.155553 0.008507 2.161172
0.792182 0.018290 0.016600 0.008566 0.000470 0.155380 0.008512 2.162993
0.792361 0.018245 0.016633 0.008584 0.000464 0.155193 0.008520 2.164817
0.792500 0.018261 0.016632 0.008585 0.000470 0.155027 0.008525 2.166615
0.792633 0.018245 0.016691 0.008515 0.000465 0.154920 0.008533 2.168407
0.792753 0.018206 0.016627 0.008550 0.000472 0.154856 0.008536 2.170203
0.792843 0.018195 0.016607 0.008587 0.000472 0.154754 0.008543 2.172049
0.793003 0.018215 0.016585 0.008581 0.000472 0.154597 0.008548 2.173790
0.793229 0.018192 0.016609 0.008574 0.000467 0.154373 0.008556 2.175585
0.793316 0.018205 0.016565 0.008617 0.000468 0.154267 0.008563 2.177380
0.793483 0.018183 0.016606 0.008600 0.000465 0.154098 0.008565 2.179203
0.793643 0.018231 0.016553 0.008585 0.000470 0.153948 0.008572 2.180931
0.793803 0.018265 0.016515 0.008557 0.000475 0.153809 0.008576 2.182718
0.793946 0.018331 0.016504 0.008545 0.000478 0.153616 0.008581 2.184471
0.794071 0.018389 0.016499 0.008532 0.000473 0.153451 0.008585 2.186232
0.794183 0.018355 0.016539 0.008570 0.000477 0.153285 0.008590 2.188068
0.794309 0.018292 0.016567 0.008584 0.000485 0.153167 0.008597 2.189918
0.794371 0.018306 0.016566 0.008617 0.000486 0.153054 0.008602 2.191727
0.794422 0.018372 0.016596 0.008565 0.000491 0.152949 0.008605 2.193487
0.794482 0.018456 0.016557 0.008548 0.000487 0.152856 0.008613 2.195245
0.794543 0.018492 0.016582 0.008534 0.000490 0.152741 0.008619 2.197048
0.794678 0.018431 0.016620 0.008590 0.000475 0.152578 0.008628 2.198903
0.794758 0.018405 0.016662 0.008628 0.000476 0.152436 0.008634 2.200749
0.794820 0.018432 0.016697 0.008628 0.000473 0.152309 0.008640 2.202557
0.794859 0.018452 0.016704 0.008629 0.000476 0.152235 0.008645 2.204379
0.795013 0.018395 0.016721 0.008660 0.000474 0.152087 0.008651 2.206217
0.794983 0.018447 0.016735 0.008707 0.000480 0.151993 0.008656 2.208022
0.795077 0.018583 0.016727 0.008646 0.000478 0.151828 0.008661 2.209762
0.795089 0.018607 0.016719 0.008661 0.000471 0.151785 0.008669 2.211565
0.795170 0.018586 0.016736 0.008672 0.000468 0.151693 0.008675 2.213403
0.795254 0.018527 0.016731 0.008730 0.000472 0.151610 0.008677 2.215271
0.795296 0.018551 0.016725 0.008694 0.000471 0.151581 0.008683 2.217063
0.795341 0.018555 0.016748 0.008682 0.000471 0.151511 0.008691 2.218894
0.795372 0.018635 0.016772 0.008681 0.000477 0.151367 0.008695 2.220669
0.795441 0.018635 0.016842 0.008641 0.000474 0.151267 0.008701 2.222517
0.795511 0.018718 0.016821 0.008599 0.000470 0.151175 0.008706 2.224294
0.795611 0.018703 0.016873 0.008615 0.000462 0.151022 0.008716 2.226150
0.795598 0.018708 0.016905 0.008626 0.000459 0.150981 0.008725 2.228001
0.795655 0.018664 0.016909 0.008640 0.000460 0.150942 0.008731 2.229863
0.795693 0.018696 0.016888 0.008626 0.000458 0.150904 0.008735 2.231681
0.795798 0.018702 0.016908 0.008608 0.000462 0.150781 0.008741 2.233527
0.795799 0.018711 0.016901 0.008617 0.000463 0.150766 0.008743 2.235384
0.795768 0.018774 0.016959 0.008603 0.000469 0.150682 0.008746 2.237235
0.795778 0.018899 0.016936 0.008615 0.000461 0.150559 0.008752 2.239011
0.795740 0.018922 0.016945 0.008608 0.000472 0.150558 0.008756 2.240877
0.795802 0.018920 0.016954 0.008634 0.000476 0.150453 0.008760 2.242722
0.795903 0.018952 0.016918 0.008630 0.000474 0.150360 0.008765 2.244527
0.795945 0.018982 0.016939 0.008631 0.000474 0.150259 0.008771 2.246351
0.796002 0.019026 0.016930 0.008633 0.000473 0.150155 0.008779 2.248204
0.795963 0.019044 0.016922 0.008647 0.000472 0.150165 0.008786 2.250067
0.795936 0.019085 0.016938 0.008640 0.000473 0.150137 0.008793 2.251899
0.795955 0.019100 0.016959 0.008638 0.000468 0.150081 0.008800 2.253766
0.796067 0.019077 0.016975 0.008627 0.000475 0.149976 0.008803 2.255630
0.796115 0.019091 0.017007 0.008658 0.000477 0.149842 0.008810 2.257521
0.796123 0.019021 0.017007 0.008680 0.000476 0.149876 0.008817 2.259437
0.796093 0.019123 0.016964 0.008700 0.000474 0.149823 0.008823 2.261253
0.796121 0.019094 0.016993 0.008722 0.000476 0.149766 0.008829 2.263119
0.796205 0.019060 0.016995 0.008738 0.000469 0.149696 0.008838 2.264988
0.796145 0.019057 0.017015 0.008777 0.000471 0.149692 0.008843 2.266872
0.796152 0.019050 0.017011 0.008785 0.000475 0.149680 0.008847 2.268758
0.796105 0.019116 0.017083 0.008729 0.000477 0.149640 0.008852 2.270621
0.796148 0.019041 0.017116 0.008730 0.000473 0.149636 0.008856 2.272515
0.796152 0.019002 0.017137 0.008732 0.000475 0.149637 0.008865 2.274433
0.796191 0.018982 0.017123 0.008761 0.000475 0.149599 0.008868 2.276308
0.796151 0.019020 0.017070 0.008767 0.000482 0.149635 0.008875 2.278167
0.796098 0.019048 0.017104 0.008790 0.000477 0.149605 0.008879 2.280055
0.796104 0.019062 0.017123 0.008771 0.000478 0.149580 0.008884 2.281894
0.796091 0.019123 0.017022 0.008763 0.000477 0.149636 0.008890 2.283694
0.796177 0.019069 0.017024 0.008745 0.000476 0.149612 0.008897 2.285552
0.796169 0.019027 0.017078 0.008763 0.000468 0.149590 0.008906 2.287466
0.796214 0.019039 0.017058 0.008740 0.000464 0.149575 0.008908 2.289279
0.796307 0.019029 0.017037 0.008724 0.000457 0.149531 0.008915 2.291103
0.796389 0.018986 0.017059 0.008749 0.000467 0.149429 0.008920 2.292977
0.796365 0.019009 0.017046 0.008768 0.000465 0.149422 0.008927 2.294847
0.796378 0.018968 0.017077 0.008813 0.000460 0.149372 0.008934 2.296769
0.796382 0.018957 0.017043 0.008858 0.000464 0.149358 0.008938 2.298674
0.796355 0.019018 0.017024 0.008823 0.000467 0.149370 0.008942 2.300499
0.796410 0.018961 0.017062 0.008841 0.000461 0.149315 0.008949 2.302379
0.796417 0.018905 0.017104 0.008859 0.000467 0.149298 0.008951 2.304296
0.796397 0.018944 0.017100 0.008886 0.000467 0.149251 0.008956 2.306168
0.796382 0.018893 0.017024 0.008885 0.000466 0.149389 0.008962 2.308016
0.796332 0.018965 0.017009 0.008883 0.000470 0.149378 0.008963 2.309823
0.796342 0.019001 0.016983 0.008846 0.000475 0.149387 0.008968 2.311631
0.796221 0.019056 0.016984 0.008824 0.000474 0.149468 0.008973 2.313488
0.796239 0.018994 0.016981 0.008827 0.000459 0.149519 0.008982 2.315348
0.796250 0.019052 0.016974 0.008790 0.000464 0.149482 0.008987 2.317144
0.796193 0.019101 0.017028 0.008772 0.000464 0.149448 0.008995 2.319017
0.796240 0.019072 0.016990 0.008778 0.000470 0.149450 0.009000 2.320860
0.796342 0.018988 0.017042 0.008822 0.000469 0.149332 0.009006 2.322786
0.796317 0.018977 0.017027 0.008801 0.000464 0.149403 0.009011 2.324646
0.796281 0.019008 0.017084 0.008805 0.000461 0.149343 0.009019 2.326512
0.796286 0.018942 0.017147 0.008824 0.000465 0.149314 0.009023 2.328429
0.796342 0.018933 0.017082 0.008820 0.000466 0.149329 0.009027 2.330235
0.796326 0.018941 0.017046 0.008821 0.000467 0.149367 0.009033 2.332079
0.796384 0.018899 0.017005 0.008849 0.000466 0.149361 0.009036 2.333928
0.796374 0.018908 0.017002 0.008863 0.000465 0.149345 0.009043 2.335764
0.796404 0.018878 0.017046 0.008850 0.000462 0.149312 0.009048 2.337630
0.796461 0.018805 0.017088 0.008858 0.000466 0.149272 0.009051 2.339526
0.796426 0.018828 0.017079 0.008846 0.000469 0.149297 0.009055 2.341378
0.796443 0.018817 0.017083 0.008859 0.000469 0.149272 0.009059 2.343220
0.796517 0.018771 0.017107 0.008864 0.000464 0.149213 0.009064 2.345092
0.796519 0.018721 0.017164 0.008839 0.000468 0.149218 0.009072 2.346963
0.796646 0.018677 0.017121 0.008852 0.000471 0.149157 0.009077 2.348826
0.796647 0.018615 0.017220 0.008846 0.000472 0.149117 0.009084 2.350733
0.796577 0.018671 0.017221 0.008795 0.000475 0.149171 0.009090 2.352577
0.796544 0.018734 0.017206 0.008817 0.000474 0.149133 0.009093 2.354416
0.796491 0.018758 0.017199 0.008841 0.000476 0.149133 0.009101 2.356277
0.796467 0.018805 0.017165 0.008843 0.000477 0.149136 0.009108 2.358091
0.796488 0.018753 0.017164 0.008861 0.000478 0.149144 0.009113 2.359984
0.796474 0.018762 0.017147 0.008887 0.000473 0.149138 0.009118 2.361850
0.796463 0.018806 0.017134 0.008873 0.000473 0.149132 0.009120 2.363677
0.796404 0.018864 0.017136 0.008893 0.000469 0.149108 0.009127 2.365506
0.796411 0.018909 0.017120 0.008862 0.000469 0.149098 0.009132 2.367359
0.796436 0.018939 0.017114 0.008818 0.000472 0.149084 0.009139 2.369209
0.796393 0.018982 0.017075 0.008801 0.000477 0.149130 0.009142 2.371034
0.796351 0.018995 0.017092 0.008804 0.000476 0.149135 0.009147 2.372890
0.796344 0.019044 0.017138 0.008811 0.000477 0.149034 0.009153 2.374747
0.796310 0.019111 0.017130 0.008785 0.000476 0.149031 0.009157 2.376585
0.796224 0.019156 0.017165 0.008820 0.000470 0.149004 0.009161 2.378480
0.796119 0.019225 0.017139 0.008792 0.000475 0.149083 0.009168 2.380340
0.796105 0.019214 0.017135 0.008789 0.000469 0.149114 0.009176 2.382208
0.796092 0.019167 0.017185 0.008758 0.000469 0.149149 0.009180 2.384076
0.796073 0.019263 0.017181 0.008746 0.000473 0.149081 0.009184 2.385890
0.796046 0.019199 0.017238 0.008783 0.000477 0.149070 0.009188 2.387819
0.796089 0.019163 0.017250 0.008799 0.000470 0.149037 0.009194 2.389695
0.796103 0.019130 0.017344 0.008790 0.000475 0.148961 0.009198 2.391615
0.796033 0.019196 0.017348 0.008774 0.000474 0.148971 0.009205 2.393474
0.796113 0.019185 0.017336 0.008766 0.000481 0.148908 0.009212 2.395344
0.796105 0.019199 0.017325 0.008778 0.000485 0.148891 0.009218 2.397191
0.796149 0.019174 0.017309 0.008797 0.000489 0.148858 0.009226 2.399047
0.796097 0.019243 0.017315 0.008803 0.000492 0.148821 0.009230 2.400883
0.796127 0.019178 0.017367 0.008816 0.000485 0.148791 0.009237 2.402812
0.796066 0.019154 0.017365 0.008845 0.000482 0.148845 0.009242 2.404725
0.796053 0.019144 0.017315 0.008848 0.000484 0.148909 0.009247 2.406601
0.796095 0.019148 0.017324 0.008837 0.000475 0.148870 0.009252 2.408452
0.796049 0.019111 0.017384 0.008800 0.000477 0.148923 0.009255 2.410356
0.795989 0.019119 0.017399 0.008847 0.000479 0.148905 0.009262 2.412251
0.796015 0.019111 0.017418 0.008848 0.000480 0.148861 0.009268 2.414117
0.795995 0.019120 0.017381 0.008863 0.000481 0.148887 0.009273 2.415970
0.795979 0.019147 0.017396 0.008852 0.000485 0.148864 0.009278 2.417877
0.795879 0.019203 0.017408 0.008862 0.000493 0.148872 0.009283 2.419760
0.795914 0.019166 0.017417 0.008848 0.000494 0.148875 0.009287 2.421632
0.795926 0.019148 0.017395 0.008876 0.000487 0.148874 0.009294 2.423505
0.795888 0.019181 0.017400 0.008866 0.000484 0.148879 0.009302 2.425392
0.795861 0.019149 0.017399 0.008839 0.000487 0.148957 0.009309 2.427300
0.795830 0.019162 0.017445 0.008826 0.000494 0.148927 0.009316 2.429193
0.795800 0.019212 0.017477 0.008799 0.000490 0.148898 0.009323 2.431016
0.795803 0.019143 0.017442 0.008858 0.000491 0.148935 0.009327 2.432908
0.795869 0.019089 0.017393 0.008826 0.000497 0.148995 0.009331 2.434772
0.795875 0.019085 0.017394 0.008841 0.000504 0.148968 0.009334 2.436663
0.795875 0.019043 0.017400 0.008861 0.000501 0.148984 0.009338 2.438561
0.795882 0.019051 0.017452 0.008814 0.000504 0.148953 0.009344 2.440419
0.795879 0.019119 0.017356 0.008820 0.000503 0.148975 0.009350 2.442233
0.795898 0.019142 0.017310 0.008811 0.000504 0.148979 0.009357 2.444068
0.795845 0.019153 0.017342 0.008800 0.000500 0.148998 0.009362 2.445973
0.795924 0.019068 0.017348 0.008819 0.000506 0.148965 0.009369 2.447860
0.795954 0.019125 0.017372 0.008765 0.000510 0.148898 0.009376 2.449672
0.795929 0.019059 0.017382 0.008820 0.000506 0.148924 0.009381 2.451580
0.795940 0.019076 0.017393 0.008868 0.000502 0.148833 0.009388 2.453431
0.795972 0.019058 0.017385 0.008887 0.000507 0.148797 0.009393 2.455329
0.795944 0.019043 0.017396 0.008903 0.000505 0.148810 0.009400 2.457217
0.795922 0.019046 0.017382 0.008854 0.000508 0.148884 0.009405 2.459096
0.795904 0.019061 0.017379 0.008828 0.000501 0.148916 0.009412 2.460929
0.795918 0.019048 0.017393 0.008879 0.000501 0.148842 0.009419 2.462822
0.795928 0.019114 0.017393 0.008849 0.000494 0.148797 0.009426 2.464656
0.795926 0.019096 0.017442 0.008853 0.000490 0.148761 0.009433 2.466578
0.795937 0.019107 0.017422 0.008809 0.000493 0.148797 0.009436 2.468396
0.796009 0.019050 0.017435 0.008814 0.000489 0.148764 0.009440 2.470291
0.796041 0.019023 0.017418 0.008842 0.000488 0.148743 0.009445 2.472138
0.796058 0.019079 0.017358 0.008856 0.000484 0.148717 0.009449 2.473942
0.796007 0.019083 0.017396 0.008846 0.000486 0.148728 0.009454 2.475860
0.795987 0.019097 0.017417 0.008869 0.000487 0.148682 0.009460 2.477705
0.796052 0.019002 0.017445 0.008894 0.000477 0.148663 0.009469 2.479618
0.796099 0.018968 0.017434 0.008870 0.000479 0.148677 0.009473 2.481482
0.796079 0.018972 0.017429 0.008843 0.000475 0.148721 0.009480 2.483303
0.796072 0.018937 0.017448 0.008802 0.000479 0.148779 0.009484 2.485179
0.796034 0.018957 0.017432 0.008768 0.000475 0.148846 0.009490 2.487049
0.796081 0.018895 0.017468 0.008812 0.000477 0.148773 0.009495 2.488953
0.796017 0.018949 0.017446 0.008826 0.000478 0.148781 0.009502 2.490801
0.796026 0.018930 0.017391 0.008824 0.000473 0.148845 0.009510 2.492684
0.795947 0.019047 0.017364 0.008805 0.000473 0.148849 0.009516 2.494473
0.795930 0.019061 0.017378 0.008815 0.000471 0.148824 0.009522 2.496365
0.795918 0.019090 0.017388 0.008797 0.000468 0.148811 0.009529 2.498241
0.795922 0.019101 0.017322 0.008812 0.000469 0.148841 0.009534 2.500098
0.795896 0.019134 0.017294 0.008815 0.000475 0.148850 0.009537 2.501933
0.795897 0.019084 0.017334 0.008835 0.000471 0.148836 0.009542 2.503855
0.795908 0.019046 0.017281 0.008818 0.000476 0.148926 0.009545 2.505716
0.795904 0.019069 0.017243 0.008840 0.000478 0.148917 0.009550 2.507580
0.795914 0.019050 0.017273 0.008826 0.000482 0.148900 0.009556 2.509440
0.795914 0.018987 0.017307 0.008834 0.000486 0.148911 0.009561 2.511348
0.795883 0.019039 0.017311 0.008892 0.000492 0.148820 0.009564 2.513216
0.795904 0.019029 0.017287 0.008873 0.000494 0.148845 0.009569 2.515037
0.795881 0.019072 0.017332 0.008838 0.000493 0.148810 0.009575 2.516894
0.795929 0.019027 0.017331 0.008813 0.000496 0.148821 0.009581 2.518771
0.795905 0.019093 0.017333 0.008802 0.000497 0.148781 0.009589 2.520585
0.795860 0.019081 0.017336 0.008839 0.000500 0.148790 0.009595 2.522466
0.795864 0.019051 0.017379 0.008879 0.000497 0.148732 0.009600 2.524376
0.795834 0.019080 0.017402 0.008851 0.000498 0.148732 0.009604 2.526237
0.795816 0.019065 0.017368 0.008855 0.000496 0.148790 0.009611 2.528088
0.795778 0.019164 0.017319 0.008848 0.000496 0.148779 0.009617 2.529937
0.795773 0.019150 0.017297 0.008916 0.000481 0.148759 0.009625 2.531823
0.795769 0.019121 0.017306 0.008923 0.000479 0.148770 0.009632 2.533690
0.795735 0.019115 0.017310 0.008920 0.000479 0.148804 0.009638 2.535565
0.795684 0.019136 0.017334 0.008895 0.000479 0.148828 0.009644 2.537450
0.795654 0.019153 0.017292 0.008917 0.000477 0.148856 0.009651 2.539306
0.795644 0.019186 0.017296 0.008934 0.000480 0.148805 0.009656 2.541159
0.795571 0.019186 0.017313 0.008948 0.000475 0.148845 0.009662 2.543054
0.795610 0.019124 0.017372 0.008942 0.000473 0.148811 0.009668 2.544971
0.795547 0.019158 0.017337 0.008933 0.000475 0.148878 0.009673 2.546868
0.795541 0.019206 0.017288 0.008918 0.000473 0.148900 0.009676 2.548738
0.795502 0.019177 0.017337 0.008879 0.000466 0.148958 0.009682 2.550625
0.795509 0.019135 0.017298 0.008920 0.000467 0.148982 0.009688 2.552534
0.795531 0.019107 0.017312 0.008930 0.000471 0.148957 0.009692 2.554438
0.795579 0.018992 0.017321 0.008901 0.000467 0.149039 0.009701 2.556317
0.795565 0.018997 0.017345 0.008874 0.000463 0.149049 0.009708 2.558199
0.795540 0.018964 0.017398 0.008850 0.000458 0.149072 0.009717 2.560085
0.795504 0.018968 0.017418 0.008843 0.000460 0.149084 0.009724 2.561954
0.795550 0.018907 0.017441 0.008835 0.000474 0.149063 0.009729 2.563856
0.795617 0.018914 0.017406 0.008878 0.000481 0.148971 0.009732 2.565677
0.795599 0.018866 0.017388 0.008868 0.000489 0.149050 0.009739 2.567560
0.795678 0.018829 0.017357 0.008828 0.000489 0.149074 0.009744 2.569377
0.795698 0.018795 0.017289 0.008808 0.000492 0.149167 0.009749 2.571201
0.795835 0.018740 0.017318 0.008797 0.000494 0.149063 0.009752 2.573050
0.795838 0.018795 0.017270 0.008810 0.000489 0.149038 0.009760 2.574881
0.795800 0.018770 0.017236 0.008836 0.000489 0.149105 0.009764 2.576733
0.795792 0.018768 0.017254 0.008849 0.000489 0.149078 0.009770 2.578613
0.795910 0.018689 0.017244 0.008824 0.000484 0.149073 0.009777 2.580477
0.795922 0.018660 0.017219 0.008833 0.000484 0.149099 0.009783 2.582338
0.795959 0.018715 0.017174 0.008788 0.000480 0.149093 0.009791 2.584132
0.796025 0.018667 0.017140 0.008795 0.000480 0.149097 0.009797 2.586005
0.796079 0.018735 0.017096 0.008738 0.000482 0.149067 0.009802 2.587781
0.796101 0.018774 0.017062 0.008746 0.000481 0.149030 0.009807 2.589618
0.796072 0.018861 0.017004 0.008746 0.000482 0.149022 0.009813 2.591432
0.796037 0.018934 0.016960 0.008765 0.000483 0.149005 0.009817 2.593244
