0.347804 0.061958 0.055656 0.032013 0.002076 0.494446 0.006048 1.620729
0.350331 0.059494 0.055652 0.031854 0.002077 0.494522 0.006072 1.626732
0.353817 0.056483 0.055353 0.031545 0.002077 0.494630 0.006096 1.632460
0.357853 0.053228 0.054991 0.031152 0.002092 0.494571 0.006114 1.637841
0.362284 0.050050 0.054411 0.030578 0.002098 0.494439 0.006142 1.642798
0.366852 0.046785 0.053682 0.030020 0.002096 0.494394 0.006170 1.647571
0.371782 0.043599 0.052909 0.029400 0.002090 0.494020 0.006199 1.652052
0.376792 0.040593 0.052011 0.028639 0.002088 0.493656 0.006221 1.656211
0.381865 0.037760 0.051059 0.027860 0.002073 0.493140 0.006243 1.660096
0.387013 0.035195 0.049908 0.026984 0.002062 0.492570 0.006268 1.663633
0.392237 0.032718 0.048622 0.026123 0.002050 0.491950 0.006300 1.666958
0.397558 0.030436 0.047325 0.025199 0.002033 0.491124 0.006325 1.670056
0.402928 0.028326 0.045931 0.024346 0.002014 0.490103 0.006354 1.672904
0.408400 0.026349 0.044525 0.023454 0.002001 0.488898 0.006374 1.675580
0.413824 0.024473 0.043106 0.022521 0.001981 0.487693 0.006401 1.678091
0.419292 0.022805 0.041678 0.021648 0.001964 0.486189 0.006425 1.680393
0.424762 0.021235 0.040216 0.020758 0.001943 0.484630 0.006456 1.682546
0.430253 0.019815 0.038826 0.019869 0.001913 0.482843 0.006481 1.684517
0.435732 0.018477 0.037378 0.019084 0.001886 0.480944 0.006499 1.686376
0.441184 0.017203 0.036010 0.018307 0.001854 0.478912 0.006530 1.688162
0.446681 0.016077 0.034663 0.017524 0.001836 0.476669 0.006549 1.689767
0.452186 0.015028 0.033329 0.016717 0.001803 0.474362 0.006575 1.691293
0.457665 0.014041 0.032032 0.016028 0.001785 0.471853 0.006597 1.692727
0.463043 0.013127 0.030708 0.015296 0.001750 0.469450 0.006625 1.694084
0.468409 0.012360 0.029392 0.014617 0.001699 0.466874 0.006649 1.695292
0.473817 0.011563 0.028136 0.013959 0.001670 0.464179 0.006675 1.696487
0.479144 0.010883 0.026953 0.013337 0.001631 0.461353 0.006699 1.697576
0.484502 0.010222 0.025756 0.012720 0.001604 0.458480 0.006717 1.698636
0.489776 0.009586 0.024643 0.012082 0.001576 0.455599 0.006738 1.699637
0.494969 0.009020 0.023537 0.011521 0.001540 0.452655 0.006758 1.700556
0.500264 0.008540 0.022532 0.010982 0.001507 0.449395 0.006780 1.701394
0.505473 0.008056 0.021571 0.010441 0.001484 0.446182 0.006793 1.702197
0.510694 0.007628 0.020535 0.009949 0.001455 0.442925 0.006814 1.702959
0.515909 0.007236 0.019644 0.009426 0.001427 0.439528 0.006830 1.703674
0.521120 0.006843 0.018748 0.009009 0.001389 0.436041 0.006850 1.704377
0.526248 0.006507 0.017844 0.008584 0.001355 0.432592 0.006870 1.705010
0.531326 0.006206 0.017089 0.008165 0.001330 0.428995 0.006888 1.705607
0.536346 0.005910 0.016283 0.007765 0.001302 0.425488 0.006905 1.706183
0.541414 0.005602 0.015546 0.007379 0.001263 0.421873 0.006922 1.706747
0.546441 0.005319 0.014903 0.007041 0.001242 0.418117 0.006936 1.707300
0.551361 0.005079 0.014212 0.006699 0.001206 0.414486 0.006955 1.707802
0.556299 0.004839 0.013631 0.006349 0.001189 0.410725 0.006968 1.708300
0.561136 0.004588 0.013037 0.006026 0.001168 0.407061 0.006983 1.708790
0.566046 0.004398 0.012424 0.005726 0.001142 0.403270 0.006993 1.709218
0.570866 0.004192 0.011854 0.005473 0.001114 0.399491 0.007009 1.709656
0.575652 0.004039 0.011281 0.005238 0.001086 0.395682 0.007021 1.710032
0.580399 0.003878 0.010758 0.004999 0.001052 0.391875 0.007040 1.710425
0.585028 0.003714 0.010289 0.004739 0.001025 0.388153 0.007053 1.710814
0.589710 0.003537 0.009802 0.004530 0.001000 0.384352 0.007068 1.711183
0.594275 0.003386 0.009361 0.004328 0.000977 0.380598 0.007075 1.711529
0.598799 0.003268 0.008942 0.004131 0.000953 0.376815 0.007093 1.711851
0.603256 0.003140 0.008508 0.003921 0.000927 0.373144 0.007105 1.712163
0.607677 0.003024 0.008108 0.003750 0.000897 0.369427 0.007117 1.712451
0.612074 0.002930 0.007728 0.003564 0.000866 0.365711 0.007129 1.712734
0.616395 0.002855 0.007363 0.003388 0.000839 0.362018 0.007142 1.712987
0.620648 0.002773 0.007035 0.003259 0.000816 0.358312 0.007157 1.713247
0.624854 0.002671 0.006734 0.003126 0.000800 0.354645 0.007168 1.713521
0.629073 0.002579 0.006397 0.002984 0.000783 0.351007 0.007176 1.713776
0.633260 0.002507 0.006129 0.002857 0.000762 0.347298 0.007187 1.714017
0.637354 0.002472 0.005854 0.002733 0.000736 0.343651 0.007200 1.714241
0.641399 0.002391 0.005582 0.002614 0.000717 0.340088 0.007211 1.714463
0.645484 0.002316 0.005352 0.002513 0.000698 0.336419 0.007219 1.714690
0.649503 0.002248 0.005133 0.002405 0.000680 0.332803 0.007229 1.714917
0.653525 0.002147 0.004950 0.002331 0.000659 0.329149 0.007239 1.715170
0.657489 0.002061 0.004762 0.002219 0.000640 0.325584 0.007245 1.715391
0.661329 0.002017 0.004547 0.002128 0.000619 0.322108 0.007253 1.715581
0.665181 0.001945 0.004353 0.002038 0.000599 0.318622 0.007262 1.715788
0.668983 0.001897 0.004181 0.001942 0.000579 0.315148 0.007270 1.715974
0.672739 0.001863 0.004008 0.001868 0.000560 0.311683 0.007278 1.716157
0.676546 0.001820 0.003855 0.001800 0.000548 0.308146 0.007287 1.716332
0.680173 0.001768 0.003730 0.001750 0.000525 0.304758 0.007295 1.716514
0.683738 0.001733 0.003568 0.001670 0.000513 0.301476 0.007302 1.716677
0.687332 0.001671 0.003450 0.001604 0.000496 0.298139 0.007309 1.716860
0.690951 0.001631 0.003312 0.001534 0.000478 0.294775 0.007318 1.717016
0.694514 0.001577 0.003193 0.001470 0.000458 0.291460 0.007328 1.717173
0.698030 0.001554 0.003087 0.001414 0.000438 0.288143 0.007336 1.717336
0.701518 0.001531 0.002975 0.001362 0.000425 0.284849 0.007341 1.717476
0.704985 0.001489 0.002872 0.001319 0.000414 0.281576 0.007346 1.717633
0.708363 0.001441 0.002765 0.001268 0.000403 0.278408 0.007352 1.717783
0.711829 0.001389 0.002679 0.001204 0.000387 0.275155 0.007359 1.717934
0.715212 0.001356 0.002590 0.001159 0.000372 0.271949 0.007364 1.718067
0.718498 0.001329 0.002488 0.001128 0.000359 0.268829 0.007370 1.718198
0.721775 0.001306 0.002401 0.001091 0.000353 0.265703 0.007373 1.718321
0.724877 0.001287 0.002332 0.001067 0.000339 0.262720 0.007379 1.718445
0.728054 0.001247 0.002260 0.001037 0.000325 0.259690 0.007386 1.718579
0.731173 0.001222 0.002188 0.001002 0.000315 0.256709 0.007391 1.718699
0.734235 0.001194 0.002108 0.000971 0.000304 0.253796 0.007394 1.718815
0.737313 0.001152 0.002043 0.000940 0.000295 0.250860 0.007398 1.718940
0.740381 0.001134 0.001965 0.000911 0.000288 0.247922 0.007400 1.719042
0.743390 0.001107 0.001898 0.000878 0.000275 0.245046 0.007405 1.719152
0.746370 0.001082 0.001845 0.000846 0.000268 0.242180 0.007410 1.719256
0.749293 0.001080 0.001773 0.000808 0.000262 0.239373 0.007413 1.719354
0.752179 0.001061 0.001711 0.000785 0.000259 0.236590 0.007416 1.719456
0.755000 0.001053 0.001662 0.000754 0.000253 0.233859 0.007420 1.719553
0.757821 0.001042 0.001604 0.000736 0.000243 0.231132 0.007423 1.719657
0.760624 0.001027 0.001559 0.000717 0.000229 0.228416 0.007428 1.719749
0.763391 0.001002 0.001511 0.000705 0.000221 0.225739 0.007433 1.719848
0.766128 0.000993 0.001467 0.000680 0.000213 0.223083 0.007437 1.719932
0.768846 0.000970 0.001436 0.000663 0.000206 0.220440 0.007440 1.720027
0.771518 0.000952 0.001408 0.000641 0.000194 0.217845 0.007443 1.720121
0.774092 0.000940 0.001373 0.000635 0.000184 0.215330 0.007447 1.720211
0.776700 0.000926 0.001351 0.000619 0.000175 0.212776 0.007452 1.720302
0.779307 0.000911 0.001314 0.000602 0.000169 0.210242 0.007456 1.720396
0.781887 0.000898 0.001269 0.000586 0.000163 0.207739 0.007457 1.720484
0.784426 0.000879 0.001250 0.000570 0.000156 0.205257 0.007462 1.720576
0.786901 0.000852 0.001228 0.000554 0.000148 0.202851 0.007465 1.720662
0.789347 0.000838 0.001209 0.000535 0.000142 0.200461 0.007468 1.720751
0.791737 0.000832 0.001175 0.000520 0.000139 0.198128 0.007469 1.720825
0.794135 0.000834 0.001132 0.000511 0.000135 0.195784 0.007471 1.720897
0.796484 0.000813 0.001113 0.000492 0.000132 0.193494 0.007472 1.720972
0.798808 0.000805 0.001080 0.000483 0.000129 0.191221 0.007473 1.721047
0.801127 0.000800 0.001057 0.000480 0.000126 0.188935 0.007475 1.721125
0.803438 0.000782 0.001040 0.000459 0.000125 0.186680 0.007477 1.721203
0.805774 0.000769 0.001030 0.000453 0.000121 0.184376 0.007478 1.721282
0.808081 0.000752 0.001007 0.000448 0.000117 0.182115 0.007481 1.721364
0.810276 0.000740 0.000975 0.000443 0.000113 0.179971 0.007482 1.721430
0.812503 0.000728 0.000953 0.000440 0.000110 0.177781 0.007485 1.721500
0.814710 0.000700 0.000940 0.000431 0.000106 0.175627 0.007486 1.721586
0.816825 0.000697 0.000913 0.000426 0.000102 0.173551 0.007488 1.721645
0.818941 0.000688 0.000897 0.000417 0.000096 0.171470 0.007492 1.721713
0.821033 0.000674 0.000878 0.000411 0.000089 0.169421 0.007495 1.721775
0.823106 0.000674 0.000864 0.000395 0.000086 0.167380 0.007496 1.721838
0.825119 0.000653 0.000854 0.000387 0.000082 0.165409 0.007497 1.721908
0.827084 0.000645 0.000838 0.000374 0.000080 0.163482 0.007498 1.721972
0.829078 0.000623 0.000819 0.000372 0.000077 0.161531 0.007500 1.722038
0.830986 0.000610 0.000798 0.000367 0.000074 0.159664 0.007502 1.722099
0.832915 0.000595 0.000782 0.000362 0.000074 0.157769 0.007503 1.722162
0.834810 0.000585 0.000774 0.000357 0.000071 0.155899 0.007504 1.722220
0.836740 0.000584 0.000748 0.000350 0.000068 0.154006 0.007505 1.722271
0.838531 0.000581 0.000730 0.000346 0.000066 0.152240 0.007506 1.722324
0.840348 0.000576 0.000719 0.000342 0.000064 0.150443 0.007508 1.722379
0.842152 0.000583 0.000693 0.000329 0.000065 0.148669 0.007509 1.722422
0.843950 0.000572 0.000690 0.000331 0.000064 0.146884 0.007509 1.722485
0.845677 0.000577 0.000671 0.000321 0.000062 0.145182 0.007511 1.722536
0.847420 0.000563 0.000658 0.000319 0.000060 0.143470 0.007511 1.722594
0.849186 0.000557 0.000636 0.000318 0.000059 0.141731 0.007514 1.722650
0.850864 0.000547 0.000625 0.000310 0.000057 0.140084 0.007515 1.722708
0.852620 0.000545 0.000615 0.000299 0.000058 0.138349 0.007515 1.722753
0.854179 0.000556 0.000605 0.000290 0.000058 0.136798 0.007515 1.722807
0.855791 0.000542 0.000607 0.000292 0.000053 0.135199 0.007516 1.722870
0.857403 0.000532 0.000597 0.000286 0.000052 0.133614 0.007517 1.722921
0.859001 0.000527 0.000590 0.000282 0.000051 0.132031 0.007517 1.722978
0.860528 0.000526 0.000579 0.000283 0.000049 0.130517 0.007519 1.723027
0.862095 0.000527 0.000579 0.000279 0.000048 0.128953 0.007519 1.723075
0.863667 0.000533 0.000581 0.000271 0.000047 0.127381 0.007519 1.723123
0.865163 0.000535 0.000568 0.000264 0.000047 0.125905 0.007519 1.723165
0.866679 0.000528 0.000566 0.000262 0.000049 0.124396 0.007520 1.723218
0.868125 0.000528 0.000552 0.000257 0.000048 0.122971 0.007521 1.723265
0.869528 0.000529 0.000544 0.000259 0.000046 0.121574 0.007521 1.723309
0.870982 0.000528 0.000538 0.000261 0.000044 0.120126 0.007522 1.723357
0.872363 0.000517 0.000535 0.000260 0.000043 0.118760 0.007523 1.723409
0.873818 0.000509 0.000531 0.000260 0.000043 0.117317 0.007523 1.723460
0.875163 0.000493 0.000533 0.000260 0.000043 0.115986 0.007523 1.723519
0.876500 0.000488 0.000533 0.000260 0.000042 0.114655 0.007524 1.723566
0.877832 0.000476 0.000526 0.000259 0.000041 0.113343 0.007525 1.723616
0.879107 0.000460 0.000530 0.000254 0.000041 0.112083 0.007525 1.723668
0.880367 0.000454 0.000522 0.000251 0.000039 0.110843 0.007526 1.723708
0.881612 0.000456 0.000518 0.000246 0.000038 0.109604 0.007527 1.723747
0.882831 0.000459 0.000506 0.000243 0.000037 0.108397 0.007527 1.723787
0.884088 0.000460 0.000503 0.000241 0.000038 0.107144 0.007527 1.723827
0.885273 0.000449 0.000505 0.000241 0.000036 0.105969 0.007528 1.723879
0.886425 0.000431 0.000506 0.000236 0.000035 0.104839 0.007529 1.723931
0.887518 0.000427 0.000498 0.000231 0.000035 0.103763 0.007529 1.723972
0.888626 0.000427 0.000482 0.000235 0.000034 0.102668 0.007529 1.724013
0.889726 0.000434 0.000469 0.000234 0.000033 0.101575 0.007529 1.724050
0.890848 0.000418 0.000468 0.000234 0.000033 0.100471 0.007530 1.724098
0.891927 0.000414 0.000458 0.000230 0.000032 0.099410 0.007530 1.724140
0.892925 0.000408 0.000460 0.000222 0.000032 0.098424 0.007530 1.724182
0.893946 0.000399 0.000463 0.000223 0.000031 0.097408 0.007532 1.724226
0.894978 0.000400 0.000457 0.000219 0.000031 0.096384 0.007532 1.724261
0.895970 0.000390 0.000453 0.000221 0.000031 0.095404 0.007533 1.724301
0.896966 0.000380 0.000442 0.000220 0.000030 0.094430 0.007533 1.724338
0.897914 0.000383 0.000433 0.000217 0.000029 0.093490 0.007534 1.724366
0.898824 0.000390 0.000430 0.000211 0.000028 0.092584 0.007534 1.724403
0.899709 0.000399 0.000420 0.000206 0.000028 0.091705 0.007535 1.724435
0.900578 0.000397 0.000418 0.000198 0.000027 0.090849 0.007535 1.724475
0.901445 0.000389 0.000413 0.000196 0.000026 0.089997 0.007536 1.724516
0.902281 0.000390 0.000403 0.000197 0.000026 0.089169 0.007536 1.724552
0.903093 0.000394 0.000392 0.000198 0.000026 0.088360 0.007536 1.724584
0.903874 0.000389 0.000389 0.000203 0.000026 0.087582 0.007537 1.724632
0.904672 0.000382 0.000391 0.000198 0.000028 0.086793 0.007537 1.724676
0.905404 0.000375 0.000389 0.000200 0.000028 0.086067 0.007538 1.724713
0.906200 0.000371 0.000383 0.000192 0.000025 0.085291 0.007538 1.724745
0.906936 0.000372 0.000384 0.000193 0.000023 0.084553 0.007539 1.724780
0.907681 0.000362 0.000384 0.000193 0.000023 0.083816 0.007539 1.724820
0.908364 0.000362 0.000374 0.000195 0.000024 0.083142 0.007539 1.724853
0.909071 0.000361 0.000372 0.000191 0.000023 0.082443 0.007539 1.724887
0.909743 0.000367 0.000362 0.000188 0.000023 0.081779 0.007539 1.724916
0.910454 0.000361 0.000361 0.000189 0.000024 0.081072 0.007539 1.724952
0.911150 0.000370 0.000353 0.000181 0.000025 0.080382 0.007539 1.724985
0.911769 0.000370 0.000355 0.000176 0.000026 0.079764 0.007539 1.725022
0.912372 0.000367 0.000355 0.000171 0.000026 0.079170 0.007540 1.725058
0.913001 0.000360 0.000347 0.000175 0.000026 0.078552 0.007540 1.725096
0.913587 0.000364 0.000345 0.000171 0.000026 0.077967 0.007540 1.725128
0.914189 0.000364 0.000344 0.000169 0.000025 0.077369 0.007541 1.725161
0.914773 0.000358 0.000333 0.000170 0.000025 0.076801 0.007541 1.725196
0.915384 0.000353 0.000330 0.000171 0.000024 0.076197 0.007541 1.725231
0.915955 0.000353 0.000328 0.000175 0.000025 0.075625 0.007541 1.725264
0.916496 0.000353 0.000330 0.000174 0.000024 0.075082 0.007541 1.725296
0.917036 0.000344 0.000327 0.000179 0.000023 0.074551 0.007542 1.725340
0.917573 0.000333 0.000330 0.000184 0.000023 0.074015 0.007542 1.725380
0.918101 0.000325 0.000327 0.000181 0.000023 0.073502 0.007542 1.725416
0.918631 0.000321 0.000325 0.000182 0.000023 0.072977 0.007542 1.725451
0.919103 0.000320 0.000322 0.000177 0.000023 0.072514 0.007542 1.725485
0.919605 0.000310 0.000323 0.000178 0.000022 0.072020 0.007543 1.725520
0.920078 0.000304 0.000315 0.000176 0.000022 0.071562 0.007544 1.725553
0.920523 0.000310 0.000313 0.000172 0.000021 0.071117 0.007544 1.725583
0.920964 0.000307 0.000306 0.000171 0.000020 0.070688 0.007544 1.725614
0.921398 0.000310 0.000298 0.000169 0.000020 0.070261 0.007544 1.725642
0.921845 0.000310 0.000302 0.000164 0.000020 0.069816 0.007545 1.725671
0.922252 0.000313 0.000294 0.000162 0.000020 0.069414 0.007545 1.725703
0.922666 0.000313 0.000293 0.000160 0.000020 0.069003 0.007545 1.725732
0.923104 0.000309 0.000296 0.000157 0.000019 0.068572 0.007545 1.725767
0.923498 0.000306 0.000293 0.000153 0.000019 0.068186 0.007545 1.725798
0.923899 0.000295 0.000294 0.000156 0.000019 0.067791 0.007545 1.725834
0.924312 0.000302 0.000294 0.000154 0.000019 0.067375 0.007546 1.725862
0.924683 0.000298 0.000293 0.000154 0.000018 0.067009 0.007546 1.725890
0.925027 0.000307 0.000294 0.000149 0.000018 0.066660 0.007546 1.725920
0.925364 0.000304 0.000298 0.000151 0.000017 0.066321 0.007546 1.725959
0.925717 0.000301 0.000291 0.000148 0.000017 0.065981 0.007546 1.725987
0.926053 0.000307 0.000289 0.000148 0.000018 0.065639 0.007547 1.726014
0.926393 0.000310 0.000287 0.000146 0.000017 0.065301 0.007547 1.726044
0.926732 0.000312 0.000279 0.000146 0.000017 0.064967 0.007547 1.726073
0.927032 0.000314 0.000282 0.000147 0.000017 0.064662 0.007547 1.726107
0.927353 0.000311 0.000280 0.000147 0.000018 0.064344 0.007547 1.726137
0.927697 0.000310 0.000281 0.000143 0.000019 0.064003 0.007548 1.726164
0.928020 0.000310 0.000280 0.000143 0.000020 0.063679 0.007548 1.726197
0.928327 0.000309 0.000288 0.000140 0.000020 0.063368 0.007548 1.726233
0.928618 0.000310 0.000285 0.000139 0.000019 0.063081 0.007549 1.726259
0.928921 0.000307 0.000291 0.000143 0.000019 0.062770 0.007550 1.726293
0.929198 0.000309 0.000282 0.000146 0.000017 0.062498 0.007550 1.726319
0.929460 0.000309 0.000280 0.000145 0.000017 0.062239 0.007550 1.726350
0.929731 0.000302 0.000284 0.000143 0.000018 0.061972 0.007551 1.726383
0.930019 0.000301 0.000286 0.000145 0.000017 0.061681 0.007551 1.726417
0.930278 0.000306 0.000283 0.000145 0.000016 0.061421 0.007551 1.726448
0.930537 0.000304 0.000283 0.000142 0.000016 0.061167 0.007551 1.726475
0.930783 0.000289 0.000290 0.000142 0.000017 0.060927 0.007551 1.726510
0.931033 0.000287 0.000287 0.000144 0.000016 0.060680 0.007552 1.726538
0.931270 0.000283 0.000282 0.000147 0.000015 0.060452 0.007552 1.726567
0.931488 0.000279 0.000278 0.000145 0.000015 0.060243 0.007552 1.726599
0.931714 0.000277 0.000282 0.000144 0.000015 0.060017 0.007552 1.726629
0.931956 0.000276 0.000276 0.000142 0.000016 0.059783 0.007553 1.726652
0.932180 0.000269 0.000279 0.000143 0.000015 0.059561 0.007553 1.726680
0.932398 0.000279 0.000267 0.000143 0.000015 0.059345 0.007553 1.726700
0.932611 0.000279 0.000260 0.000142 0.000014 0.059140 0.007554 1.726726
0.932820 0.000273 0.000263 0.000140 0.000013 0.058937 0.007555 1.726755
0.933034 0.000264 0.000267 0.000139 0.000013 0.058728 0.007555 1.726783
0.933230 0.000270 0.000260 0.000136 0.000012 0.058537 0.007556 1.726811
0.933430 0.000260 0.000260 0.000133 0.000011 0.058350 0.007556 1.726839
0.933628 0.000259 0.000260 0.000130 0.000011 0.058155 0.007557 1.726865
0.933838 0.000252 0.000256 0.000128 0.000011 0.057959 0.007557 1.726890
0.934013 0.000248 0.000256 0.000131 0.000010 0.057786 0.007557 1.726915
0.934188 0.000244 0.000256 0.000131 0.000010 0.057615 0.007557 1.726941
0.934349 0.000242 0.000250 0.000130 0.000010 0.057464 0.007557 1.726970
0.934525 0.000240 0.000248 0.000129 0.000009 0.057293 0.007557 1.726995
0.934694 0.000242 0.000247 0.000125 0.000009 0.057126 0.007557 1.727018
0.934870 0.000242 0.000247 0.000128 0.000009 0.056947 0.007557 1.727042
0.935037 0.000241 0.000246 0.000126 0.000010 0.056782 0.007557 1.727065
0.935195 0.000240 0.000245 0.000124 0.000011 0.056628 0.007557 1.727093
0.935349 0.000240 0.000252 0.000121 0.000011 0.056471 0.007557 1.727118
0.935494 0.000245 0.000252 0.000121 0.000011 0.056321 0.007557 1.727140
0.935640 0.000241 0.000257 0.000123 0.000010 0.056172 0.007557 1.727172
0.935784 0.000236 0.000256 0.000121 0.000010 0.056035 0.007557 1.727197
0.935936 0.000236 0.000256 0.000124 0.000009 0.055882 0.007558 1.727224
0.936086 0.000234 0.000251 0.000125 0.000009 0.055737 0.007558 1.727247
0.936224 0.000231 0.000252 0.000127 0.000010 0.055599 0.007558 1.727274
0.936354 0.000240 0.000247 0.000125 0.000012 0.055464 0.007558 1.727295
0.936489 0.000242 0.000244 0.000123 0.000011 0.055332 0.007559 1.727317
0.936616 0.000242 0.000237 0.000122 0.000011 0.055214 0.007559 1.727338
0.936755 0.000243 0.000234 0.000118 0.000011 0.055080 0.007559 1.727358
0.936880 0.000246 0.000234 0.000117 0.000012 0.054953 0.007559 1.727380
0.937004 0.000256 0.000226 0.000115 0.000012 0.054829 0.007559 1.727398
0.937117 0.000258 0.000221 0.000116 0.000012 0.054716 0.007559 1.727425
0.937239 0.000262 0.000219 0.000114 0.000012 0.054596 0.007560 1.727448
0.937364 0.000260 0.000217 0.000111 0.000011 0.054477 0.007560 1.727473
0.937479 0.000264 0.000214 0.000108 0.000011 0.054364 0.007561 1.727493
0.937594 0.000262 0.000210 0.000105 0.000011 0.054258 0.007561 1.727517
0.937696 0.000259 0.000213 0.000107 0.000011 0.054153 0.007561 1.727546
0.937809 0.000255 0.000213 0.000106 0.000012 0.054046 0.007561 1.727574
0.937907 0.000261 0.000214 0.000108 0.000011 0.053938 0.007561 1.727596
0.938011 0.000273 0.000212 0.000105 0.000010 0.053828 0.007562 1.727615
0.938107 0.000276 0.000218 0.000106 0.000010 0.053722 0.007562 1.727642
0.938204 0.000273 0.000219 0.000103 0.000010 0.053629 0.007562 1.727667
0.938296 0.000270 0.000221 0.000107 0.000010 0.053535 0.007562 1.727695
0.938377 0.000276 0.000220 0.000107 0.000010 0.053450 0.007562 1.727717
0.938462 0.000276 0.000220 0.000111 0.000010 0.053359 0.007562 1.727744
0.938556 0.000280 0.000223 0.000111 0.000010 0.053259 0.007562 1.727772
0.938634 0.000274 0.000232 0.000114 0.000010 0.053175 0.007562 1.727802
0.938714 0.000270 0.000237 0.000117 0.000010 0.053091 0.007562 1.727830
0.938792 0.000269 0.000242 0.000114 0.000010 0.053011 0.007562 1.727854
0.938876 0.000263 0.000243 0.000114 0.000011 0.052932 0.007562 1.727883
0.938953 0.000257 0.000243 0.000115 0.000011 0.052858 0.007563 1.727912
0.939029 0.000263 0.000246 0.000117 0.000010 0.052773 0.007563 1.727936
0.939100 0.000267 0.000247 0.000112 0.000010 0.052702 0.007563 1.727959
0.939156 0.000273 0.000245 0.000110 0.000010 0.052643 0.007563 1.727982
0.939237 0.000261 0.000254 0.000114 0.000010 0.052561 0.007563 1.728020
0.939301 0.000264 0.000250 0.000115 0.000010 0.052498 0.007564 1.728044
0.939355 0.000264 0.000257 0.000117 0.000010 0.052434 0.007564 1.728073
0.939428 0.000266 0.000255 0.000111 0.000010 0.052367 0.007564 1.728096
0.939494 0.000265 0.000251 0.000111 0.000010 0.052305 0.007564 1.728118
0.939578 0.000267 0.000245 0.000110 0.000010 0.052226 0.007564 1.728143
0.939641 0.000269 0.000242 0.000108 0.000009 0.052166 0.007564 1.728168
0.939708 0.000267 0.000240 0.000106 0.000010 0.052105 0.007564 1.728194
0.939769 0.000267 0.000241 0.000113 0.000010 0.052036 0.007564 1.728219
0.939825 0.000269 0.000239 0.000116 0.000009 0.051978 0.007565 1.728245
0.939892 0.000267 0.000243 0.000115 0.000009 0.051910 0.007565 1.728275
0.939955 0.000269 0.000242 0.000111 0.000009 0.051849 0.007565 1.728299
0.940012 0.000279 0.000231 0.000110 0.000009 0.051795 0.007565 1.728317
0.940068 0.000276 0.000233 0.000110 0.000009 0.051739 0.007565 1.728341
0.940124 0.000280 0.000233 0.000107 0.000010 0.051683 0.007565 1.728363
0.940181 0.000284 0.000225 0.000108 0.000010 0.051628 0.007565 1.728385
0.940233 0.000288 0.000227 0.000104 0.000008 0.051576 0.007565 1.728410
0.940277 0.000286 0.000239 0.000103 0.000009 0.051521 0.007565 1.728441
0.940329 0.000285 0.000246 0.000103 0.000008 0.051465 0.007565 1.728465
0.940375 0.000282 0.000242 0.000101 0.000008 0.051428 0.007565 1.728491
0.940434 0.000279 0.000243 0.000100 0.000007 0.051373 0.007565 1.728517
0.940476 0.000282 0.000245 0.000098 0.000007 0.051327 0.007565 1.728545
0.940522 0.000282 0.000251 0.000095 0.000007 0.051278 0.007565 1.728574
0.940559 0.000285 0.000250 0.000095 0.000007 0.051239 0.007565 1.728602
0.940603 0.000279 0.000256 0.000100 0.000007 0.051191 0.007565 1.728637
0.940649 0.000272 0.000258 0.000101 0.000007 0.051148 0.007565 1.728666
0.940701 0.000275 0.000256 0.000103 0.000007 0.051093 0.007565 1.728691
0.940750 0.000272 0.000257 0.000105 0.000007 0.051044 0.007566 1.728719
0.940783 0.000275 0.000264 0.000105 0.000006 0.051002 0.007566 1.728749
0.940827 0.000271 0.000273 0.000109 0.000006 0.050949 0.007566 1.728779
0.940860 0.000271 0.000276 0.000113 0.000007 0.050908 0.007566 1.728811
0.940887 0.000280 0.000269 0.000113 0.000008 0.050878 0.007566 1.728834
0.940924 0.000279 0.000268 0.000107 0.000008 0.050850 0.007566 1.728858
0.940974 0.000275 0.000263 0.000108 0.000007 0.050807 0.007567 1.728885
0.941006 0.000275 0.000263 0.000110 0.000007 0.050773 0.007567 1.728914
0.941033 0.000270 0.000270 0.000111 0.000007 0.050742 0.007567 1.728948
0.941067 0.000275 0.000269 0.000110 0.000007 0.050705 0.007568 1.728971
0.941113 0.000276 0.000268 0.000110 0.000007 0.050659 0.007568 1.728994
0.941152 0.000278 0.000266 0.000113 0.000006 0.050618 0.007568 1.729023
0.941185 0.000279 0.000261 0.000111 0.000006 0.050590 0.007568 1.729044
0.941217 0.000285 0.000262 0.000111 0.000006 0.050551 0.007568 1.729068
0.941243 0.000288 0.000265 0.000111 0.000005 0.050520 0.007569 1.729095
0.941275 0.000282 0.000277 0.000106 0.000006 0.050485 0.007569 1.729127
0.941299 0.000276 0.000277 0.000110 0.000005 0.050463 0.007569 1.729158
0.941333 0.000264 0.000280 0.000116 0.000006 0.050433 0.007569 1.729191
0.941365 0.000270 0.000282 0.000114 0.000005 0.050395 0.007569 1.729215
0.941387 0.000274 0.000279 0.000115 0.000005 0.050372 0.007569 1.729240
0.941408 0.000276 0.000278 0.000113 0.000005 0.050351 0.007569 1.729267
0.941430 0.000278 0.000273 0.000117 0.000007 0.050326 0.007569 1.729297
0.941452 0.000274 0.000278 0.000114 0.000007 0.050307 0.007569 1.729327
0.941474 0.000275 0.000275 0.000117 0.000007 0.050283 0.007570 1.729359
0.941494 0.000285 0.000275 0.000116 0.000008 0.050254 0.007570 1.729381
0.941522 0.000284 0.000271 0.000121 0.000008 0.050224 0.007570 1.729413
0.941541 0.000274 0.000274 0.000126 0.000008 0.050207 0.007570 1.729448
0.941570 0.000280 0.000263 0.000129 0.000007 0.050182 0.007570 1.729472
0.941596 0.000283 0.000258 0.000128 0.000007 0.050158 0.007570 1.729496
0.941610 0.000292 0.000255 0.000132 0.000007 0.050134 0.007570 1.729522
0.941634 0.000297 0.000254 0.000130 0.000007 0.050108 0.007570 1.729545
0.941657 0.000298 0.000253 0.000134 0.000007 0.050081 0.007570 1.729573
0.941678 0.000299 0.000254 0.000137 0.000007 0.050054 0.007570 1.729603
0.941694 0.000312 0.000252 0.000131 0.000007 0.050034 0.007570 1.729621
0.941700 0.000321 0.000246 0.000131 0.000008 0.050025 0.007570 1.729645
0.941713 0.000331 0.000253 0.000128 0.000008 0.049998 0.007570 1.729673
0.941731 0.000335 0.000246 0.000134 0.000007 0.049977 0.007571 1.729697
0.941742 0.000341 0.000245 0.000131 0.000007 0.049963 0.007571 1.729724
0.941756 0.000343 0.000251 0.000134 0.000007 0.049940 0.007571 1.729755
0.941768 0.000340 0.000254 0.000135 0.000006 0.049925 0.007571 1.729788
0.941791 0.000331 0.000263 0.000140 0.000006 0.049900 0.007571 1.729823
0.941808 0.000331 0.000260 0.000144 0.000006 0.049880 0.007571 1.729856
0.941818 0.000332 0.000257 0.000145 0.000006 0.049872 0.007571 1.729885
0.941832 0.000332 0.000256 0.000144 0.000005 0.049859 0.007571 1.729911
0.941844 0.000337 0.000255 0.000146 0.000006 0.049843 0.007571 1.729940
0.941852 0.000330 0.000263 0.000145 0.000005 0.049833 0.007571 1.729977
0.941859 0.000337 0.000264 0.000145 0.000006 0.049819 0.007571 1.730007
0.941877 0.000323 0.000272 0.000151 0.000006 0.049801 0.007571 1.730047
0.941894 0.000324 0.000275 0.000151 0.000006 0.049780 0.007571 1.730073
0.941905 0.000324 0.000273 0.000152 0.000006 0.049769 0.007572 1.730105
0.941918 0.000327 0.000278 0.000147 0.000006 0.049752 0.007572 1.730136
0.941927 0.000334 0.000278 0.000147 0.000006 0.049736 0.007572 1.730167
0.941926 0.000336 0.000284 0.000152 0.000005 0.049726 0.007572 1.730205
0.941942 0.000326 0.000282 0.000152 0.000005 0.049721 0.007572 1.730241
0.941953 0.000319 0.000288 0.000146 0.000006 0.049716 0.007572 1.730275
0.941962 0.000330 0.000280 0.000147 0.000006 0.049704 0.007572 1.730302
0.941978 0.000336 0.000279 0.000145 0.000006 0.049685 0.007572 1.730328
0.942004 0.000333 0.000278 0.000141 0.000006 0.049667 0.007572 1.730357
0.942017 0.000324 0.000287 0.000139 0.000006 0.049655 0.007572 1.730393
0.942033 0.000318 0.000289 0.000139 0.000007 0.049643 0.007572 1.730430
0.942046 0.000319 0.000287 0.000137 0.000006 0.049633 0.007572 1.730457
0.942056 0.000317 0.000293 0.000133 0.000007 0.049622 0.007572 1.730491
0.942061 0.000322 0.000290 0.000132 0.000007 0.049615 0.007573 1.730525
0.942080 0.000315 0.000294 0.000135 0.000008 0.049595 0.007573 1.730558
0.942082 0.000322 0.000289 0.000134 0.000008 0.049593 0.007573 1.730585
0.942099 0.000322 0.000291 0.000128 0.000009 0.049579 0.007573 1.730611
0.942102 0.000322 0.000287 0.000127 0.000009 0.049581 0.007573 1.730638
0.942116 0.000317 0.000288 0.000128 0.000009 0.049571 0.007573 1.730671
0.942127 0.000318 0.000279 0.000127 0.000009 0.049568 0.007573 1.730692
0.942133 0.000315 0.000283 0.000131 0.000010 0.049557 0.007573 1.730728
0.942142 0.000321 0.000291 0.000132 0.000010 0.049532 0.007573 1.730758
0.942157 0.000313 0.000293 0.000132 0.000010 0.049523 0.007573 1.730789
0.942175 0.000308 0.000298 0.000129 0.000010 0.049508 0.007573 1.730821
0.942178 0.000314 0.000293 0.000132 0.000010 0.049502 0.007573 1.730848
0.942189 0.000310 0.000295 0.000133 0.000009 0.049492 0.007573 1.730878
0.942195 0.000317 0.000284 0.000136 0.000009 0.049486 0.007573 1.730902
0.942215 0.000313 0.000280 0.000140 0.000009 0.049471 0.007573 1.730934
0.942227 0.000313 0.000278 0.000138 0.000009 0.049463 0.007573 1.730964
0.942240 0.000316 0.000275 0.000137 0.000009 0.049451 0.007573 1.730989
0.942243 0.000315 0.000286 0.000139 0.000008 0.049437 0.007573 1.731020
0.942248 0.000314 0.000285 0.000144 0.000008 0.049429 0.007573 1.731055
0.942249 0.000324 0.000285 0.000137 0.000008 0.049423 0.007573 1.731083
0.942262 0.000316 0.000289 0.000142 0.000008 0.049409 0.007573 1.731118
0.942275 0.000318 0.000287 0.000142 0.000008 0.049397 0.007573 1.731147
0.942279 0.000316 0.000292 0.000137 0.000008 0.049396 0.007573 1.731179
0.942280 0.000321 0.000287 0.000135 0.000008 0.049397 0.007573 1.731206
0.942290 0.000326 0.000276 0.000139 0.000007 0.049388 0.007574 1.731231
0.942285 0.000321 0.000283 0.000139 0.000007 0.049391 0.007574 1.731271
0.942299 0.000306 0.000288 0.000143 0.000007 0.049383 0.007575 1.731309
0.942307 0.000302 0.000287 0.000137 0.000006 0.049387 0.007575 1.731339
0.942320 0.000296 0.000293 0.000140 0.000006 0.049372 0.007575 1.731373
0.942323 0.000300 0.000294 0.000133 0.000006 0.049369 0.007575 1.731401
0.942326 0.000304 0.000289 0.000131 0.000007 0.049370 0.007575 1.731427
0.942335 0.000298 0.000287 0.000130 0.000006 0.049369 0.007575 1.731460
0.942345 0.000296 0.000286 0.000134 0.000006 0.049359 0.007575 1.731489
0.942348 0.000298 0.000284 0.000134 0.000005 0.049356 0.007576 1.731516
0.942349 0.000297 0.000285 0.000136 0.000007 0.049350 0.007576 1.731548
0.942350 0.000297 0.000285 0.000139 0.000007 0.049347 0.007576 1.731578
0.942357 0.000291 0.000286 0.000136 0.000007 0.049348 0.007576 1.731608
0.942373 0.000294 0.000281 0.000133 0.000006 0.049337 0.007577 1.731630
0.942376 0.000288 0.000276 0.000136 0.000006 0.049341 0.007577 1.731661
0.942389 0.000281 0.000278 0.000135 0.000005 0.049335 0.007577 1.731693
0.942397 0.000282 0.000284 0.000131 0.000005 0.049324 0.007577 1.731724
0.942402 0.000284 0.000277 0.000130 0.000005 0.049325 0.007577 1.731748
0.942396 0.000294 0.000271 0.000132 0.000005 0.049325 0.007577 1.731773
0.942401 0.000290 0.000273 0.000128 0.000005 0.049328 0.007577 1.731801
0.942414 0.000288 0.000277 0.000131 0.000005 0.049308 0.007578 1.731829
0.942418 0.000288 0.000279 0.000132 0.000005 0.049301 0.007578 1.731860
0.942423 0.000293 0.000276 0.000131 0.000005 0.049296 0.007578 1.731888
0.942433 0.000290 0.000273 0.000132 0.000005 0.049289 0.007578 1.731916
0.942435 0.000288 0.000269 0.000133 0.000006 0.049291 0.007578 1.731944
0.942457 0.000282 0.000268 0.000128 0.000006 0.049282 0.007578 1.731966
0.942468 0.000280 0.000258 0.000125 0.000006 0.049286 0.007578 1.731990
0.942463 0.000287 0.000261 0.000131 0.000005 0.049275 0.007578 1.732018
0.942467 0.000293 0.000260 0.000130 0.000005 0.049268 0.007578 1.732041
0.942474 0.000292 0.000257 0.000128 0.000005 0.049265 0.007578 1.732065
0.942481 0.000293 0.000257 0.000126 0.000006 0.049259 0.007578 1.732091
0.942487 0.000291 0.000260 0.000127 0.000006 0.049251 0.007578 1.732125
0.942490 0.000293 0.000266 0.000130 0.000006 0.049237 0.007578 1.732154
0.942484 0.000293 0.000264 0.000130 0.000006 0.049245 0.007578 1.732187
0.942498 0.000294 0.000260 0.000130 0.000007 0.049234 0.007578 1.732213
0.942500 0.000296 0.000262 0.000130 0.000007 0.049227 0.007578 1.732241
0.942502 0.000303 0.000261 0.000126 0.000008 0.049222 0.007578 1.732264
0.942505 0.000292 0.000271 0.000130 0.000008 0.049216 0.007578 1.732299
0.942502 0.000296 0.000269 0.000134 0.000008 0.049214 0.007578 1.732327
0.942497 0.000305 0.000273 0.000130 0.000008 0.049209 0.007578 1.732352
0.942512 0.000292 0.000281 0.000130 0.000008 0.049200 0.007578 1.732387
0.942519 0.000293 0.000275 0.000130 0.000008 0.049199 0.007578 1.732411
0.942518 0.000289 0.000273 0.000128 0.000007 0.049206 0.007579 1.732438
0.942526 0.000286 0.000267 0.000129 0.000008 0.049207 0.007579 1.732468
0.942537 0.000283 0.000261 0.000132 0.000008 0.049199 0.007579 1.732494
0.942544 0.000276 0.000263 0.000136 0.000008 0.049193 0.007579 1.732530
0.942548 0.000280 0.000263 0.000132 0.000008 0.049191 0.007579 1.732555
0.942551 0.000282 0.000262 0.000132 0.000008 0.049187 0.007579 1.732581
0.942543 0.000289 0.000265 0.000127 0.000008 0.049189 0.007579 1.732606
0.942547 0.000290 0.000264 0.000128 0.000008 0.049184 0.007579 1.732632
0.942542 0.000302 0.000255 0.000129 0.000008 0.049186 0.007579 1.732655
0.942540 0.000310 0.000248 0.000131 0.000008 0.049184 0.007579 1.732679
0.942539 0.000314 0.000250 0.000129 0.000007 0.049182 0.007579 1.732706
0.942550 0.000305 0.000251 0.000129 0.000006 0.049180 0.007580 1.732737
0.942553 0.000300 0.000259 0.000132 0.000007 0.049170 0.007580 1.732771
0.942555 0.000298 0.000257 0.000133 0.000007 0.049171 0.007580 1.732797
0.942569 0.000295 0.000259 0.000130 0.000007 0.049161 0.007580 1.732827
0.942572 0.000296 0.000256 0.000128 0.000007 0.049163 0.007580 1.732851
0.942576 0.000286 0.000251 0.000134 0.000007 0.049167 0.007580 1.732886
0.942574 0.000286 0.000247 0.000134 0.000008 0.049171 0.007580 1.732915
0.942582 0.000283 0.000248 0.000134 0.000007 0.049167 0.007580 1.732943
0.942594 0.000271 0.000255 0.000134 0.000007 0.049161 0.007580 1.732977
0.942602 0.000269 0.000260 0.000132 0.000007 0.049152 0.007580 1.733006
0.942606 0.000265 0.000260 0.000134 0.000007 0.049149 0.007580 1.733033
0.942607 0.000267 0.000266 0.000135 0.000007 0.049140 0.007580 1.733060
0.942609 0.000268 0.000266 0.000132 0.000007 0.049139 0.007580 1.733087
0.942627 0.000265 0.000264 0.000129 0.000006 0.049130 0.007580 1.733112
0.942642 0.000263 0.000255 0.000128 0.000006 0.049126 0.007580 1.733137
0.942642 0.000264 0.000251 0.000132 0.000007 0.049125 0.007580 1.733164
0.942645 0.000267 0.000246 0.000131 0.000006 0.049126 0.007580 1.733185
0.942649 0.000269 0.000244 0.000133 0.000007 0.049119 0.007580 1.733210
0.942660 0.000269 0.000246 0.000132 0.000006 0.049106 0.007580 1.733235
0.942668 0.000265 0.000250 0.000134 0.000007 0.049097 0.007580 1.733264
0.942666 0.000266 0.000254 0.000128 0.000006 0.049100 0.007580 1.733289
0.942674 0.000265 0.000256 0.000125 0.000006 0.049095 0.007580 1.733314
0.942670 0.000268 0.000249 0.000122 0.000007 0.049104 0.007580 1.733340
0.942670 0.000262 0.000248 0.000125 0.000007 0.049109 0.007580 1.733374
0.942670 0.000265 0.000251 0.000121 0.000007 0.049107 0.007581 1.733397
0.942676 0.000258 0.000252 0.000119 0.000007 0.049108 0.007581 1.733423
0.942682 0.000254 0.000252 0.000120 0.000006 0.049106 0.007581 1.733451
0.942700 0.000250 0.000257 0.000117 0.000006 0.049089 0.007581 1.733475
0.942699 0.000257 0.000253 0.000115 0.000006 0.049090 0.007581 1.733497
0.942704 0.000262 0.000250 0.000112 0.000006 0.049085 0.007581 1.733517
0.942702 0.000265 0.000246 0.000113 0.000006 0.049087 0.007581 1.733540
0.942710 0.000264 0.000242 0.000116 0.000006 0.049081 0.007581 1.733567
0.942710 0.000264 0.000246 0.000119 0.000006 0.049074 0.007582 1.733598
0.942708 0.000267 0.000243 0.000118 0.000006 0.049077 0.007582 1.733622
0.942713 0.000265 0.000249 0.000119 0.000006 0.049067 0.007582 1.733653
0.942727 0.000259 0.000249 0.000117 0.000006 0.049060 0.007582 1.733677
0.942733 0.000254 0.000244 0.000120 0.000006 0.049061 0.007582 1.733705
0.942738 0.000250 0.000249 0.000120 0.000007 0.049055 0.007582 1.733733
0.942746 0.000252 0.000239 0.000119 0.000008 0.049054 0.007582 1.733753
0.942749 0.000251 0.000240 0.000118 0.000008 0.049052 0.007582 1.733775
0.942758 0.000250 0.000237 0.000116 0.000008 0.049049 0.007582 1.733797
0.942757 0.000249 0.000241 0.000114 0.000008 0.049049 0.007582 1.733824
0.942761 0.000253 0.000245 0.000112 0.000009 0.049037 0.007582 1.733850
0.942767 0.000253 0.000248 0.000112 0.000009 0.049028 0.007582 1.733870
0.942770 0.000257 0.000251 0.000112 0.000009 0.049019 0.007582 1.733893
0.942776 0.000259 0.000247 0.000116 0.000009 0.049010 0.007582 1.733915
0.942789 0.000258 0.000253 0.000109 0.000009 0.049001 0.007583 1.733938
0.942790 0.000262 0.000249 0.000102 0.000009 0.049006 0.007583 1.733958
0.942788 0.000263 0.000241 0.000107 0.000009 0.049010 0.007583 1.733985
0.942797 0.000259 0.000237 0.000107 0.000010 0.049008 0.007583 1.734009
0.942804 0.000255 0.000239 0.000110 0.000010 0.049000 0.007583 1.734033
0.942807 0.000254 0.000236 0.000109 0.000010 0.049002 0.007583 1.734058
0.942810 0.000252 0.000237 0.000110 0.000010 0.048999 0.007583 1.734084
0.942819 0.000243 0.000235 0.000110 0.000010 0.049000 0.007583 1.734108
0.942819 0.000247 0.000232 0.000111 0.000010 0.048999 0.007583 1.734132
0.942822 0.000249 0.000234 0.000112 0.000009 0.048991 0.007583 1.734155
0.942824 0.000249 0.000230 0.000109 0.000009 0.048998 0.007583 1.734178
0.942830 0.000248 0.000226 0.000104 0.000010 0.048999 0.007583 1.734199
0.942831 0.000250 0.000228 0.000101 0.000009 0.048999 0.007583 1.734225
0.942834 0.000261 0.000222 0.000096 0.000010 0.048995 0.007583 1.734242
0.942837 0.000259 0.000223 0.000094 0.000010 0.048995 0.007583 1.734267
0.942850 0.000254 0.000225 0.000093 0.000010 0.048985 0.007583 1.734291
0.942854 0.000258 0.000225 0.000091 0.000010 0.048981 0.007583 1.734314
0.942860 0.000250 0.000229 0.000099 0.000010 0.048970 0.007583 1.734345
0.942865 0.000243 0.000230 0.000105 0.000008 0.048965 0.007584 1.734377
0.942868 0.000241 0.000236 0.000104 0.000008 0.048958 0.007584 1.734401
0.942866 0.000245 0.000230 0.000106 0.000008 0.048961 0.007584 1.734423
0.942877 0.000238 0.000225 0.000106 0.000008 0.048961 0.007584 1.734449
0.942878 0.000228 0.000232 0.000106 0.000007 0.048964 0.007585 1.734479
0.942890 0.000230 0.000218 0.000106 0.000007 0.048965 0.007585 1.734497
0.942895 0.000228 0.000219 0.000105 0.000007 0.048962 0.007585 1.734519
0.942903 0.000225 0.000216 0.000106 0.000008 0.048957 0.007585 1.734544
0.942907 0.000218 0.000216 0.000109 0.000008 0.048958 0.007585 1.734572
0.942911 0.000211 0.000219 0.000111 0.000008 0.048955 0.007585 1.734597
0.942920 0.000203 0.000228 0.000106 0.000008 0.048951 0.007585 1.734619
0.942926 0.000210 0.000220 0.000103 0.000008 0.048949 0.007585 1.734634
0.942931 0.000221 0.000221 0.000102 0.000007 0.048933 0.007585 1.734652
0.942946 0.000221 0.000218 0.000101 0.000007 0.048923 0.007585 1.734674
0.942950 0.000225 0.000213 0.000099 0.000007 0.048921 0.007585 1.734694
0.942961 0.000222 0.000212 0.000096 0.000007 0.048916 0.007585 1.734716
0.942969 0.000227 0.000213 0.000097 0.000008 0.048901 0.007585 1.734738
0.942970 0.000222 0.000213 0.000097 0.000009 0.048905 0.007585 1.734763
0.942981 0.000218 0.000215 0.000102 0.000009 0.048891 0.007585 1.734789
0.942991 0.000212 0.000215 0.000100 0.000009 0.048888 0.007586 1.734813
0.942986 0.000216 0.000212 0.000098 0.000009 0.048894 0.007586 1.734834
0.942985 0.000218 0.000213 0.000097 0.000009 0.048893 0.007586 1.734856
0.942985 0.000220 0.000210 0.000097 0.000009 0.048894 0.007586 1.734879
0.942994 0.000218 0.000211 0.000095 0.000008 0.048888 0.007586 1.734899
0.942997 0.000218 0.000217 0.000095 0.000008 0.048879 0.007586 1.734920
0.943004 0.000222 0.000214 0.000094 0.000008 0.048871 0.007587 1.734938
0.943012 0.000212 0.000225 0.000093 0.000008 0.048864 0.007587 1.734965
0.943016 0.000219 0.000221 0.000091 0.000008 0.048859 0.007587 1.734983
0.943024 0.000210 0.000225 0.000091 0.000008 0.048855 0.007587 1.735007
0.943026 0.000216 0.000226 0.000087 0.000008 0.048851 0.007587 1.735027
