0.370287 0.061712 0.054685 0.031187 0.001908 0.474519 0.005701 1.551340
0.372182 0.059635 0.054713 0.031120 0.001918 0.474705 0.005728 1.557405
0.374835 0.057261 0.054674 0.030911 0.001919 0.474640 0.005759 1.563165
0.377707 0.054860 0.054314 0.030625 0.001948 0.474762 0.005784 1.568615
0.381057 0.052170 0.053969 0.030244 0.001950 0.474799 0.005810 1.573882
0.384385 0.049607 0.053519 0.029800 0.001954 0.474905 0.005830 1.578884
0.388058 0.047014 0.052781 0.029332 0.001964 0.474997 0.005855 1.583683
0.391839 0.044682 0.051926 0.028696 0.001952 0.475016 0.005889 1.588104
0.395685 0.042508 0.050900 0.028090 0.001939 0.474957 0.005921 1.592247
0.399628 0.040370 0.050020 0.027475 0.001939 0.474621 0.005947 1.596333
0.403729 0.038296 0.049089 0.026772 0.001939 0.474200 0.005974 1.600197
0.407954 0.036364 0.048013 0.026080 0.001953 0.473634 0.006001 1.603840
0.412157 0.034548 0.046931 0.025405 0.001946 0.472983 0.006030 1.607312
0.416393 0.032824 0.045870 0.024683 0.001923 0.472245 0.006063 1.610675
0.420736 0.031322 0.044643 0.024016 0.001906 0.471288 0.006088 1.613739
0.425007 0.029872 0.043516 0.023315 0.001912 0.470272 0.006106 1.616719
0.429510 0.028479 0.042372 0.022582 0.001914 0.469014 0.006128 1.619579
0.433857 0.027170 0.041222 0.021848 0.001891 0.467855 0.006157 1.622339
0.438323 0.025953 0.040035 0.021186 0.001868 0.466461 0.006175 1.624967
0.442778 0.024864 0.038843 0.020552 0.001844 0.464920 0.006201 1.627430
0.447183 0.023838 0.037645 0.019897 0.001840 0.463375 0.006222 1.629812
0.451685 0.022819 0.036569 0.019255 0.001821 0.461606 0.006245 1.632101
0.456126 0.021925 0.035479 0.018653 0.001807 0.459737 0.006275 1.634284
0.460629 0.021111 0.034379 0.018039 0.001780 0.457762 0.006299 1.636380
0.465019 0.020375 0.033271 0.017446 0.001762 0.455808 0.006321 1.638398
0.469450 0.019614 0.032248 0.016849 0.001732 0.453765 0.006341 1.640360
0.473947 0.018880 0.031238 0.016364 0.001698 0.451508 0.006365 1.642275
0.478505 0.018246 0.030229 0.015796 0.001672 0.449166 0.006386 1.644084
0.482970 0.017617 0.029258 0.015289 0.001651 0.446810 0.006405 1.645838
0.487371 0.017038 0.028355 0.014841 0.001627 0.444341 0.006427 1.647572
0.491754 0.016519 0.027458 0.014365 0.001603 0.441854 0.006447 1.649199
0.496167 0.016055 0.026530 0.013877 0.001586 0.439321 0.006464 1.650749
0.500596 0.015587 0.025699 0.013431 0.001567 0.436636 0.006484 1.652311
0.504990 0.015215 0.024946 0.012973 0.001536 0.433834 0.006505 1.653778
0.509331 0.014753 0.024204 0.012550 0.001504 0.431131 0.006527 1.655294
0.513619 0.014442 0.023460 0.012124 0.001460 0.428347 0.006548 1.656705
0.517963 0.014138 0.022757 0.011713 0.001439 0.425426 0.006565 1.658058
0.522155 0.013761 0.022090 0.011381 0.001405 0.422625 0.006584 1.659444
0.526458 0.013429 0.021416 0.010999 0.001365 0.419727 0.006606 1.660762
0.530667 0.013096 0.020729 0.010691 0.001329 0.416865 0.006625 1.662055
0.534809 0.012790 0.020127 0.010387 0.001294 0.413950 0.006644 1.663374
0.538971 0.012537 0.019560 0.010052 0.001261 0.410962 0.006657 1.664609
0.543168 0.012282 0.018957 0.009742 0.001244 0.407931 0.006676 1.665825
0.547319 0.012056 0.018423 0.009458 0.001209 0.404840 0.006696 1.667026
0.551384 0.011897 0.017919 0.009162 0.001179 0.401743 0.006716 1.668165
0.555395 0.011753 0.017467 0.008909 0.001165 0.398585 0.006727 1.669299
0.559407 0.011550 0.017004 0.008697 0.001146 0.395457 0.006739 1.670455
0.563392 0.011363 0.016562 0.008439 0.001125 0.392364 0.006754 1.671570
0.567214 0.011211 0.016153 0.008213 0.001095 0.389341 0.006773 1.672690
0.571105 0.011041 0.015751 0.008027 0.001071 0.386220 0.006785 1.673786
0.574957 0.010927 0.015324 0.007785 0.001052 0.383157 0.006798 1.674836
0.578801 0.010752 0.014959 0.007576 0.001025 0.380075 0.006812 1.675925
0.582682 0.010595 0.014561 0.007418 0.001003 0.376916 0.006825 1.676980
0.586505 0.010422 0.014162 0.007272 0.000981 0.373825 0.006834 1.678034
0.590226 0.010296 0.013837 0.007035 0.000959 0.370798 0.006850 1.679039
0.593882 0.010189 0.013531 0.006869 0.000936 0.367728 0.006866 1.680042
0.597643 0.010058 0.013216 0.006724 0.000920 0.364564 0.006875 1.681048
0.601335 0.009959 0.012916 0.006588 0.000901 0.361413 0.006888 1.682012
0.604861 0.009879 0.012639 0.006464 0.000895 0.358361 0.006900 1.682979
0.608473 0.009808 0.012372 0.006304 0.000875 0.355255 0.006911 1.683914
0.611959 0.009717 0.012161 0.006172 0.000859 0.352210 0.006922 1.684874
0.615518 0.009651 0.011859 0.006043 0.000836 0.349157 0.006935 1.685800
0.618940 0.009528 0.011666 0.005952 0.000817 0.346150 0.006947 1.686763
0.622386 0.009493 0.011449 0.005827 0.000805 0.343089 0.006952 1.687666
0.625868 0.009411 0.011279 0.005740 0.000786 0.339949 0.006966 1.688599
0.629258 0.009349 0.011109 0.005667 0.000770 0.336872 0.006975 1.689519
0.632645 0.009283 0.010932 0.005566 0.000749 0.333835 0.006990 1.690422
0.636014 0.009230 0.010741 0.005488 0.000739 0.330793 0.006995 1.691313
0.639326 0.009209 0.010566 0.005430 0.000727 0.327738 0.007004 1.692208
0.642540 0.009166 0.010447 0.005336 0.000710 0.324789 0.007013 1.693113
0.645813 0.009119 0.010293 0.005279 0.000699 0.321774 0.007024 1.693994
0.648972 0.009088 0.010137 0.005225 0.000687 0.318857 0.007033 1.694879
0.652116 0.009071 0.009990 0.005149 0.000673 0.315958 0.007042 1.695771
0.655276 0.009010 0.009876 0.005093 0.000658 0.313037 0.007048 1.696673
0.658330 0.008983 0.009770 0.005058 0.000649 0.310157 0.007054 1.697539
0.661416 0.008940 0.009623 0.004997 0.000641 0.307320 0.007064 1.698393
0.664438 0.008871 0.009521 0.004952 0.000635 0.304513 0.007070 1.699258
0.667389 0.008860 0.009450 0.004872 0.000626 0.301724 0.007080 1.700103
0.670359 0.008851 0.009345 0.004799 0.000616 0.298943 0.007087 1.700937
0.673272 0.008859 0.009246 0.004746 0.000604 0.296174 0.007099 1.701788
0.676071 0.008875 0.009160 0.004686 0.000589 0.293513 0.007107 1.702640
0.678887 0.008865 0.009010 0.004657 0.000577 0.290891 0.007113 1.703463
0.681661 0.008858 0.008968 0.004621 0.000564 0.288208 0.007119 1.704353
0.684393 0.008852 0.008929 0.004558 0.000552 0.285592 0.007125 1.705217
0.687022 0.008855 0.008861 0.004502 0.000543 0.283082 0.007134 1.706063
0.689725 0.008834 0.008786 0.004460 0.000528 0.280523 0.007144 1.706931
0.692407 0.008808 0.008727 0.004452 0.000517 0.277940 0.007150 1.707807
0.695023 0.008800 0.008671 0.004428 0.000510 0.275414 0.007154 1.708652
0.697652 0.008789 0.008621 0.004383 0.000501 0.272894 0.007161 1.709480
0.700290 0.008810 0.008591 0.004360 0.000490 0.270293 0.007165 1.710323
0.702763 0.008809 0.008575 0.004336 0.000483 0.267865 0.007171 1.711196
0.705166 0.008898 0.008509 0.004292 0.000477 0.265483 0.007176 1.712038
0.707644 0.008860 0.008509 0.004291 0.000464 0.263050 0.007183 1.712932
0.709867 0.008891 0.008479 0.004300 0.000459 0.260817 0.007188 1.713809
0.712221 0.008908 0.008455 0.004294 0.000448 0.258477 0.007198 1.714689
0.714585 0.008893 0.008460 0.004287 0.000439 0.256132 0.007205 1.715570
0.716857 0.008956 0.008407 0.004279 0.000437 0.253852 0.007213 1.716407
0.719078 0.008995 0.008389 0.004277 0.000425 0.251616 0.007221 1.717289
0.721282 0.009022 0.008369 0.004285 0.000415 0.249400 0.007228 1.718168
0.723393 0.009086 0.008378 0.004299 0.000404 0.247205 0.007236 1.719049
0.725562 0.009133 0.008364 0.004294 0.000398 0.245010 0.007239 1.719919
0.727735 0.009152 0.008401 0.004266 0.000393 0.242810 0.007244 1.720819
0.729879 0.009116 0.008401 0.004268 0.000385 0.240702 0.007249 1.721731
0.732007 0.009132 0.008382 0.004255 0.000385 0.238589 0.007252 1.722616
0.734059 0.009223 0.008358 0.004236 0.000371 0.236496 0.007257 1.723460
0.736145 0.009249 0.008355 0.004237 0.000369 0.234386 0.007260 1.724346
0.738002 0.009313 0.008344 0.004265 0.000360 0.232450 0.007265 1.725270
0.739977 0.009385 0.008294 0.004245 0.000354 0.230475 0.007270 1.726145
0.741952 0.009458 0.008300 0.004225 0.000351 0.228442 0.007272 1.727032
0.743765 0.009529 0.008322 0.004213 0.000356 0.226538 0.007278 1.727950
0.745649 0.009549 0.008362 0.004253 0.000349 0.224556 0.007281 1.728901
0.747360 0.009636 0.008392 0.004256 0.000344 0.222726 0.007287 1.729826
0.749149 0.009623 0.008466 0.004243 0.000338 0.220887 0.007294 1.730800
0.750848 0.009689 0.008482 0.004262 0.000338 0.219084 0.007298 1.731740
0.752601 0.009747 0.008510 0.004248 0.000335 0.217255 0.007303 1.732669
0.754302 0.009786 0.008566 0.004266 0.000337 0.215435 0.007307 1.733621
0.755995 0.009847 0.008547 0.004282 0.000337 0.213681 0.007312 1.734577
0.757642 0.009918 0.008573 0.004321 0.000335 0.211895 0.007315 1.735558
0.759319 0.010045 0.008586 0.004319 0.000333 0.210079 0.007320 1.736496
0.760820 0.010163 0.008612 0.004302 0.000338 0.208444 0.007322 1.737452
0.762396 0.010241 0.008636 0.004290 0.000335 0.206773 0.007328 1.738430
0.763884 0.010344 0.008640 0.004281 0.000335 0.205184 0.007332 1.739385
0.765428 0.010370 0.008684 0.004354 0.000332 0.203495 0.007336 1.740424
0.766897 0.010424 0.008736 0.004379 0.000325 0.201898 0.007340 1.741444
0.768311 0.010480 0.008788 0.004417 0.000324 0.200334 0.007346 1.742473
0.769722 0.010564 0.008828 0.004445 0.000328 0.198765 0.007347 1.743461
0.771020 0.010643 0.008883 0.004468 0.000325 0.197309 0.007352 1.744514
0.772443 0.010688 0.008936 0.004501 0.000321 0.195754 0.007356 1.745554
0.773806 0.010741 0.009016 0.004517 0.000323 0.194237 0.007360 1.746607
0.775130 0.010864 0.009040 0.004549 0.000322 0.192732 0.007364 1.747623
0.776366 0.010954 0.009108 0.004559 0.000324 0.191321 0.007368 1.748694
0.777509 0.011060 0.009157 0.004608 0.000319 0.189973 0.007374 1.749745
0.778750 0.011119 0.009203 0.004667 0.000319 0.188565 0.007377 1.750848
0.779940 0.011200 0.009299 0.004706 0.000316 0.187159 0.007381 1.751925
0.781076 0.011279 0.009353 0.004749 0.000319 0.185842 0.007382 1.753044
0.782137 0.011391 0.009424 0.004773 0.000316 0.184573 0.007386 1.754156
0.783267 0.011420 0.009519 0.004826 0.000317 0.183266 0.007387 1.755321
0.784337 0.011516 0.009543 0.004874 0.000315 0.182023 0.007392 1.756422
0.785452 0.011564 0.009623 0.004905 0.000317 0.180743 0.007395 1.757586
0.786393 0.011704 0.009667 0.004931 0.000319 0.179588 0.007398 1.758708
0.787450 0.011783 0.009761 0.004940 0.000318 0.178348 0.007400 1.759863
0.788482 0.011843 0.009873 0.004983 0.000324 0.177095 0.007402 1.761024
0.789460 0.011946 0.009917 0.005018 0.000326 0.175929 0.007405 1.762171
0.790350 0.012035 0.010020 0.005035 0.000322 0.174829 0.007409 1.763356
0.791267 0.012115 0.010017 0.005105 0.000321 0.173765 0.007411 1.764537
0.792161 0.012227 0.010084 0.005111 0.000324 0.172678 0.007415 1.765706
0.793029 0.012357 0.010155 0.005144 0.000326 0.171573 0.007417 1.766889
0.793860 0.012512 0.010194 0.005177 0.000320 0.170517 0.007421 1.768082
0.794658 0.012622 0.010321 0.005221 0.000322 0.169432 0.007425 1.769344
0.795480 0.012722 0.010386 0.005301 0.000324 0.168360 0.007428 1.770569
0.796237 0.012796 0.010483 0.005350 0.000322 0.167380 0.007433 1.771836
0.796892 0.012936 0.010573 0.005385 0.000321 0.166455 0.007438 1.773084
0.797612 0.013077 0.010659 0.005418 0.000319 0.165473 0.007442 1.774317
0.798273 0.013171 0.010735 0.005449 0.000318 0.164609 0.007446 1.775614
0.798954 0.013315 0.010814 0.005477 0.000316 0.163672 0.007451 1.776898
0.799562 0.013461 0.010869 0.005501 0.000322 0.162832 0.007453 1.778171
0.800232 0.013519 0.010988 0.005542 0.000320 0.161944 0.007455 1.779502
0.800830 0.013671 0.011019 0.005602 0.000316 0.161105 0.007457 1.780781
0.801383 0.013787 0.011085 0.005686 0.000319 0.160280 0.007460 1.782134
0.801927 0.013881 0.011223 0.005708 0.000317 0.159478 0.007467 1.783512
0.802482 0.013988 0.011318 0.005723 0.000318 0.158698 0.007472 1.784861
0.803042 0.014080 0.011435 0.005759 0.000317 0.157891 0.007476 1.786221
0.803515 0.014184 0.011537 0.005797 0.000315 0.157173 0.007479 1.787602
0.803936 0.014313 0.011660 0.005826 0.000315 0.156463 0.007487 1.788989
0.804374 0.014409 0.011754 0.005897 0.000314 0.155761 0.007492 1.790395
0.804752 0.014579 0.011803 0.005951 0.000312 0.155109 0.007495 1.791788
0.805135 0.014657 0.011947 0.006010 0.000314 0.154440 0.007498 1.793233
0.805506 0.014746 0.012027 0.006057 0.000321 0.153843 0.007501 1.794665
0.805893 0.014846 0.012105 0.006119 0.000322 0.153207 0.007507 1.796102
0.806224 0.014879 0.012202 0.006197 0.000324 0.152663 0.007512 1.797600
0.806545 0.014935 0.012375 0.006267 0.000331 0.152032 0.007516 1.799123
0.806840 0.015034 0.012463 0.006328 0.000333 0.151483 0.007519 1.800621
0.807152 0.015108 0.012575 0.006361 0.000337 0.150944 0.007522 1.802120
0.807414 0.015261 0.012605 0.006389 0.000348 0.150458 0.007525 1.803592
0.807658 0.015409 0.012681 0.006418 0.000352 0.149953 0.007530 1.805085
0.807908 0.015522 0.012819 0.006488 0.000352 0.149378 0.007533 1.806637
0.808194 0.015633 0.012957 0.006500 0.000355 0.148827 0.007535 1.808170
0.808433 0.015719 0.013012 0.006522 0.000358 0.148417 0.007539 1.809670
0.808667 0.015839 0.013048 0.006547 0.000361 0.147997 0.007542 1.811162
0.808801 0.015863 0.013203 0.006644 0.000362 0.147579 0.007547 1.812789
0.808998 0.015985 0.013252 0.006693 0.000366 0.147157 0.007550 1.814341
0.809182 0.016024 0.013369 0.006766 0.000360 0.146742 0.007556 1.815969
0.809380 0.016067 0.013450 0.006819 0.000362 0.146363 0.007559 1.817515
0.809582 0.016059 0.013572 0.006884 0.000361 0.145977 0.007566 1.819176
0.809679 0.016123 0.013585 0.006912 0.000363 0.145771 0.007570 1.820785
0.809877 0.016248 0.013618 0.006938 0.000360 0.145383 0.007576 1.822345
0.809990 0.016405 0.013639 0.006940 0.000355 0.145087 0.007583 1.823871
0.810101 0.016514 0.013735 0.006949 0.000353 0.144762 0.007586 1.825479
0.810215 0.016607 0.013834 0.006973 0.000352 0.144427 0.007593 1.827103
0.810291 0.016722 0.013932 0.006988 0.000355 0.144114 0.007597 1.828702
0.810318 0.016876 0.014014 0.007024 0.000354 0.143810 0.007604 1.830299
0.810317 0.016990 0.014080 0.007064 0.000350 0.143589 0.007610 1.831926
0.810338 0.017129 0.014193 0.007100 0.000348 0.143281 0.007612 1.833558
0.810330 0.017283 0.014249 0.007134 0.000350 0.143036 0.007619 1.835160
0.810358 0.017395 0.014320 0.007203 0.000353 0.142747 0.007624 1.836826
0.810433 0.017464 0.014417 0.007279 0.000353 0.142428 0.007628 1.838503
0.810458 0.017530 0.014502 0.007320 0.000358 0.142199 0.007633 1.840196
0.810496 0.017595 0.014590 0.007372 0.000354 0.141953 0.007640 1.841905
0.810519 0.017586 0.014723 0.007458 0.000356 0.141713 0.007646 1.843685
0.810492 0.017630 0.014767 0.007493 0.000363 0.141606 0.007650 1.845432
0.810458 0.017714 0.014843 0.007554 0.000361 0.141414 0.007656 1.847159
0.810394 0.017813 0.014922 0.007621 0.000359 0.141229 0.007663 1.848902
0.810384 0.017825 0.015034 0.007677 0.000359 0.141051 0.007670 1.850665
0.810336 0.017838 0.015155 0.007709 0.000365 0.140924 0.007674 1.852460
0.810258 0.017938 0.015204 0.007773 0.000372 0.140779 0.007677 1.854205
0.810168 0.018007 0.015294 0.007826 0.000382 0.140644 0.007681 1.855952
0.810103 0.018062 0.015397 0.007844 0.000389 0.140520 0.007684 1.857713
0.809956 0.018168 0.015485 0.007865 0.000390 0.140447 0.007689 1.859464
0.809784 0.018279 0.015569 0.007923 0.000390 0.140361 0.007695 1.861247
0.809619 0.018366 0.015711 0.007942 0.000391 0.140271 0.007699 1.863081
0.809546 0.018406 0.015793 0.007987 0.000393 0.140168 0.007707 1.864881
0.809483 0.018407 0.015841 0.008007 0.000397 0.140152 0.007712 1.866687
0.809320 0.018550 0.015895 0.008042 0.000400 0.140078 0.007716 1.868453
0.809194 0.018596 0.015984 0.008039 0.000396 0.140068 0.007723 1.870271
0.809164 0.018634 0.015957 0.008073 0.000396 0.140048 0.007727 1.872069
0.809048 0.018663 0.016003 0.008136 0.000403 0.140015 0.007732 1.873893
0.808938 0.018688 0.016063 0.008146 0.000411 0.140019 0.007735 1.875716
0.808792 0.018801 0.016083 0.008158 0.000413 0.140010 0.007744 1.877512
0.808674 0.018749 0.016149 0.008222 0.000416 0.140039 0.007751 1.879396
0.808578 0.018805 0.016203 0.008275 0.000417 0.139967 0.007756 1.881227
0.808505 0.018827 0.016255 0.008307 0.000425 0.139921 0.007760 1.883072
0.808387 0.018795 0.016280 0.008314 0.000429 0.140029 0.007767 1.884936
0.808307 0.018809 0.016288 0.008373 0.000427 0.140025 0.007772 1.886759
0.808197 0.018811 0.016343 0.008421 0.000424 0.140025 0.007780 1.888602
0.808121 0.018819 0.016397 0.008453 0.000425 0.140002 0.007785 1.890457
0.807952 0.018809 0.016479 0.008514 0.000431 0.140025 0.007791 1.892347
0.807876 0.018825 0.016465 0.008513 0.000432 0.140095 0.007795 1.894176
0.807742 0.018854 0.016536 0.008498 0.000442 0.140129 0.007799 1.895998
0.807600 0.018853 0.016529 0.008507 0.000448 0.140258 0.007804 1.897850
0.807503 0.018805 0.016570 0.008523 0.000448 0.140339 0.007812 1.899713
0.807368 0.018805 0.016609 0.008521 0.000447 0.140432 0.007818 1.901548
0.807366 0.018825 0.016648 0.008492 0.000447 0.140399 0.007824 1.903359
0.807353 0.018821 0.016680 0.008496 0.000458 0.140365 0.007829 1.905206
0.807262 0.018842 0.016709 0.008461 0.000456 0.140434 0.007835 1.907028
0.807165 0.018862 0.016718 0.008488 0.000456 0.140470 0.007841 1.908865
0.807007 0.018938 0.016775 0.008526 0.000460 0.140450 0.007844 1.910691
0.806886 0.018939 0.016831 0.008541 0.000458 0.140497 0.007848 1.912554
0.806783 0.018919 0.016912 0.008559 0.000462 0.140513 0.007852 1.914435
0.806695 0.018976 0.016955 0.008570 0.000460 0.140487 0.007857 1.916266
0.806620 0.018934 0.016936 0.008603 0.000467 0.140581 0.007860 1.918130
0.806496 0.019002 0.016896 0.008593 0.000461 0.140684 0.007868 1.919955
0.806374 0.019062 0.016911 0.008615 0.000458 0.140706 0.007874 1.921815
0.806283 0.019098 0.016882 0.008567 0.000461 0.140826 0.007884 1.923632
0.806202 0.018999 0.016938 0.008590 0.000461 0.140921 0.007889 1.925546
0.806030 0.019017 0.016963 0.008634 0.000464 0.140995 0.007897 1.927412
0.805918 0.018956 0.017007 0.008648 0.000467 0.141104 0.007901 1.929302
0.805786 0.018985 0.016996 0.008641 0.000469 0.141217 0.007907 1.931154
0.805629 0.019015 0.017012 0.008659 0.000474 0.141297 0.007914 1.933004
0.805487 0.019083 0.017022 0.008713 0.000467 0.141309 0.007920 1.934849
0.805445 0.019003 0.017050 0.008727 0.000471 0.141381 0.007923 1.936737
0.805355 0.019012 0.017066 0.008694 0.000473 0.141473 0.007928 1.938558
0.805326 0.019001 0.017053 0.008755 0.000476 0.141457 0.007932 1.940408
0.805311 0.018949 0.017024 0.008761 0.000480 0.141538 0.007938 1.942266
0.805267 0.018908 0.017019 0.008771 0.000484 0.141607 0.007944 1.944124
0.805193 0.018865 0.017017 0.008718 0.000481 0.141776 0.007950 1.945953
0.805212 0.018802 0.017070 0.008720 0.000482 0.141759 0.007955 1.947791
0.805223 0.018716 0.017087 0.008725 0.000483 0.141806 0.007960 1.949674
0.805201 0.018671 0.017043 0.008745 0.000481 0.141891 0.007967 1.951523
0.805134 0.018649 0.017071 0.008748 0.000486 0.141941 0.007971 1.953368
0.805096 0.018664 0.017056 0.008727 0.000481 0.142000 0.007977 1.955182
0.805134 0.018630 0.017008 0.008739 0.000483 0.142023 0.007982 1.957006
0.805198 0.018616 0.017012 0.008718 0.000485 0.141981 0.007988 1.958802
0.805206 0.018562 0.016983 0.008700 0.000486 0.142069 0.007994 1.960630
0.805312 0.018474 0.016992 0.008668 0.000480 0.142068 0.008006 1.962453
0.805325 0.018440 0.016971 0.008651 0.000479 0.142123 0.008012 1.964288
0.805374 0.018375 0.016993 0.008614 0.000478 0.142147 0.008019 1.966079
0.805348 0.018342 0.017006 0.008606 0.000480 0.142195 0.008024 1.967894
0.805425 0.018293 0.017008 0.008572 0.000486 0.142189 0.008028 1.969690
0.805415 0.018277 0.016967 0.008556 0.000490 0.142261 0.008034 1.971472
0.805465 0.018190 0.017016 0.008549 0.000486 0.142254 0.008040 1.973308
0.805505 0.018150 0.016980 0.008556 0.000489 0.142276 0.008045 1.975075
0.805534 0.018093 0.016944 0.008573 0.000488 0.142316 0.008053 1.976885
0.805636 0.018054 0.016885 0.008564 0.000500 0.142302 0.008058 1.978634
0.805687 0.017973 0.016836 0.008536 0.000496 0.142408 0.008064 1.980432
0.805658 0.017964 0.016823 0.008469 0.000502 0.142515 0.008068 1.982201
0.805705 0.017963 0.016845 0.008429 0.000510 0.142476 0.008073 1.983955
0.805747 0.017935 0.016827 0.008389 0.000507 0.142514 0.008081 1.985709
0.805834 0.017930 0.016766 0.008352 0.000497 0.142535 0.008087 1.987437
0.805863 0.017888 0.016735 0.008332 0.000493 0.142596 0.008093 1.989219
0.805924 0.017793 0.016707 0.008329 0.000499 0.142650 0.008097 1.990986
0.805975 0.017688 0.016700 0.008357 0.000495 0.142682 0.008103 1.992777
0.806021 0.017702 0.016656 0.008375 0.000497 0.142641 0.008110 1.994517
0.806120 0.017625 0.016610 0.008384 0.000494 0.142651 0.008117 1.996271
0.806238 0.017619 0.016582 0.008329 0.000495 0.142613 0.008124 1.997949
0.806316 0.017625 0.016477 0.008327 0.000489 0.142636 0.008131 1.999653
0.806457 0.017626 0.016413 0.008275 0.000487 0.142603 0.008139 2.001301
0.806543 0.017524 0.016456 0.008256 0.000484 0.142593 0.008147 2.003097
0.806703 0.017417 0.016459 0.008223 0.000480 0.142567 0.008151 2.004820
0.806854 0.017290 0.016386 0.008222 0.000479 0.142611 0.008158 2.006554
0.806932 0.017238 0.016402 0.008201 0.000474 0.142590 0.008162 2.008267
0.807102 0.017176 0.016414 0.008198 0.000476 0.142466 0.008168 2.009978
0.807235 0.017117 0.016392 0.008172 0.000470 0.142440 0.008175 2.011676
0.807282 0.017143 0.016332 0.008150 0.000472 0.142442 0.008178 2.013351
0.807370 0.017109 0.016310 0.008136 0.000476 0.142416 0.008182 2.015048
0.807452 0.017041 0.016295 0.008067 0.000480 0.142478 0.008188 2.016768
0.807671 0.016907 0.016293 0.008069 0.000481 0.142387 0.008192 2.018492
0.807742 0.016910 0.016236 0.008050 0.000484 0.142382 0.008197 2.020174
0.807927 0.016850 0.016205 0.008058 0.000489 0.142268 0.008201 2.021872
0.808121 0.016813 0.016150 0.008068 0.000483 0.142157 0.008206 2.023529
0.808297 0.016800 0.016135 0.008028 0.000476 0.142049 0.008214 2.025177
0.808459 0.016741 0.016095 0.007991 0.000477 0.142018 0.008221 2.026824
0.808546 0.016772 0.016010 0.007914 0.000475 0.142056 0.008228 2.028417
0.808690 0.016779 0.015963 0.007917 0.000475 0.141942 0.008233 2.030062
0.808838 0.016831 0.015949 0.007876 0.000478 0.141788 0.008240 2.031680
0.808956 0.016829 0.015942 0.007843 0.000474 0.141708 0.008247 2.033341
0.809082 0.016756 0.015928 0.007846 0.000476 0.141657 0.008254 2.035033
0.809171 0.016734 0.015899 0.007836 0.000477 0.141624 0.008259 2.036688
0.809396 0.016702 0.015831 0.007792 0.000480 0.141534 0.008265 2.038300
0.809542 0.016660 0.015813 0.007810 0.000485 0.141419 0.008272 2.039950
0.809639 0.016637 0.015787 0.007795 0.000484 0.141378 0.008280 2.041597
0.809820 0.016601 0.015764 0.007766 0.000486 0.141275 0.008287 2.043245
0.809971 0.016606 0.015660 0.007798 0.000492 0.141182 0.008292 2.044874
0.810104 0.016563 0.015654 0.007833 0.000491 0.141058 0.008297 2.046561
0.810191 0.016583 0.015608 0.007846 0.000494 0.140978 0.008301 2.048192
0.810333 0.016570 0.015587 0.007831 0.000488 0.140882 0.008309 2.049831
0.810356 0.016636 0.015534 0.007795 0.000482 0.140883 0.008313 2.051382
0.810508 0.016621 0.015469 0.007825 0.000488 0.140769 0.008319 2.053017
0.810719 0.016619 0.015451 0.007804 0.000490 0.140592 0.008325 2.054616
0.810867 0.016572 0.015452 0.007796 0.000492 0.140491 0.008330 2.056249
0.811084 0.016508 0.015460 0.007735 0.000490 0.140388 0.008335 2.057865
0.811224 0.016509 0.015451 0.007718 0.000483 0.140273 0.008340 2.059482
0.811379 0.016474 0.015400 0.007705 0.000485 0.140212 0.008346 2.061104
0.811581 0.016445 0.015356 0.007694 0.000491 0.140081 0.008352 2.062718
0.811742 0.016477 0.015299 0.007642 0.000487 0.139996 0.008356 2.064294
0.811837 0.016499 0.015285 0.007654 0.000478 0.139882 0.008365 2.065916
0.812027 0.016459 0.015248 0.007630 0.000477 0.139788 0.008372 2.067515
0.812102 0.016486 0.015206 0.007656 0.000474 0.139697 0.008378 2.069122
0.812228 0.016491 0.015158 0.007647 0.000470 0.139623 0.008383 2.070695
0.812318 0.016514 0.015136 0.007625 0.000473 0.139547 0.008388 2.072291
0.812499 0.016453 0.015154 0.007621 0.000465 0.139410 0.008397 2.073921
0.812558 0.016473 0.015123 0.007600 0.000465 0.139376 0.008405 2.075536
0.812716 0.016424 0.015111 0.007593 0.000469 0.139278 0.008409 2.077151
0.812845 0.016387 0.015140 0.007591 0.000469 0.139153 0.008415 2.078793
0.813026 0.016366 0.015108 0.007566 0.000474 0.139038 0.008421 2.080370
0.813144 0.016370 0.015077 0.007612 0.000475 0.138894 0.008426 2.081981
0.813202 0.016487 0.015045 0.007599 0.000466 0.138766 0.008433 2.083547
0.813405 0.016392 0.015025 0.007628 0.000466 0.138645 0.008439 2.085186
0.813470 0.016414 0.014956 0.007591 0.000465 0.138657 0.008446 2.086769
0.813606 0.016415 0.014950 0.007614 0.000472 0.138495 0.008449 2.088351
0.813808 0.016360 0.014953 0.007616 0.000473 0.138335 0.008455 2.089956
0.814037 0.016307 0.014954 0.007595 0.000479 0.138171 0.008457 2.091549
0.814160 0.016277 0.014970 0.007612 0.000476 0.138040 0.008464 2.093154
0.814341 0.016273 0.014915 0.007587 0.000473 0.137940 0.008470 2.094716
0.814486 0.016289 0.014893 0.007582 0.000478 0.137797 0.008476 2.096302
0.814531 0.016357 0.014938 0.007577 0.000477 0.137641 0.008479 2.097909
0.814629 0.016380 0.014911 0.007602 0.000475 0.137517 0.008486 2.099497
0.814721 0.016399 0.014901 0.007594 0.000474 0.137421 0.008490 2.101064
0.814837 0.016401 0.014998 0.007562 0.000471 0.137235 0.008496 2.102688
0.814976 0.016326 0.015028 0.007552 0.000478 0.137139 0.008501 2.104324
0.815240 0.016238 0.014927 0.007573 0.000479 0.137035 0.008508 2.105924
0.815375 0.016214 0.014966 0.007549 0.000478 0.136900 0.008516 2.107531
0.815477 0.016213 0.014946 0.007533 0.000475 0.136834 0.008521 2.109072
0.815652 0.016177 0.014979 0.007496 0.000468 0.136699 0.008529 2.110662
0.815755 0.016113 0.015027 0.007510 0.000474 0.136588 0.008533 2.112279
0.815953 0.016075 0.014986 0.007508 0.000477 0.136465 0.008537 2.113862
0.816068 0.016019 0.014997 0.007473 0.000472 0.136432 0.008541 2.115477
0.816205 0.015982 0.015004 0.007457 0.000478 0.136329 0.008546 2.117084
0.816338 0.015968 0.015002 0.007447 0.000473 0.136220 0.008552 2.118678
0.816482 0.015959 0.015004 0.007423 0.000465 0.136105 0.008562 2.120220
0.816636 0.015909 0.014956 0.007403 0.000467 0.136063 0.008567 2.121777
0.816750 0.015925 0.014945 0.007398 0.000464 0.135944 0.008574 2.123334
0.816916 0.015945 0.014886 0.007369 0.000465 0.135841 0.008577 2.124877
0.817134 0.015942 0.014892 0.007341 0.000459 0.135649 0.008582 2.126438
0.817307 0.015932 0.014873 0.007308 0.000451 0.135542 0.008589 2.128009
0.817476 0.015948 0.014798 0.007303 0.000445 0.135435 0.008596 2.129537
0.817595 0.015954 0.014741 0.007275 0.000442 0.135391 0.008602 2.131053
0.817747 0.015926 0.014745 0.007259 0.000444 0.135272 0.008608 2.132606
0.817942 0.015926 0.014703 0.007270 0.000443 0.135101 0.008614 2.134132
0.818132 0.015911 0.014683 0.007295 0.000444 0.134916 0.008620 2.135680
0.818306 0.015921 0.014630 0.007292 0.000449 0.134779 0.008622 2.137230
0.818375 0.015932 0.014635 0.007281 0.000450 0.134701 0.008627 2.138802
0.818476 0.015956 0.014599 0.007267 0.000452 0.134619 0.008631 2.140340
0.818598 0.015979 0.014562 0.007264 0.000452 0.134508 0.008638 2.141864
0.818682 0.016017 0.014594 0.007225 0.000460 0.134379 0.008643 2.143410
0.818801 0.016034 0.014612 0.007229 0.000461 0.134215 0.008647 2.144982
0.818910 0.016022 0.014643 0.007211 0.000460 0.134102 0.008652 2.146547
0.818921 0.016084 0.014620 0.007216 0.000454 0.134047 0.008657 2.148110
0.819009 0.016123 0.014653 0.007212 0.000452 0.133887 0.008664 2.149676
0.819144 0.016172 0.014643 0.007221 0.000452 0.133700 0.008668 2.151212
0.819241 0.016138 0.014655 0.007247 0.000450 0.133597 0.008671 2.152792
0.819251 0.016191 0.014672 0.007258 0.000443 0.133508 0.008677 2.154376
0.819333 0.016177 0.014693 0.007293 0.000439 0.133382 0.008682 2.155998
0.819415 0.016126 0.014685 0.007310 0.000442 0.133335 0.008688 2.157593
0.819534 0.016081 0.014660 0.007286 0.000448 0.133299 0.008692 2.159205
0.819549 0.016169 0.014641 0.007278 0.000449 0.133217 0.008696 2.160737
0.819574 0.016200 0.014609 0.007290 0.000453 0.133175 0.008699 2.162302
0.819605 0.016197 0.014652 0.007305 0.000456 0.133080 0.008705 2.163903
0.819690 0.016186 0.014614 0.007318 0.000449 0.133031 0.008711 2.165484
0.819780 0.016116 0.014636 0.007330 0.000444 0.132975 0.008719 2.167106
0.819847 0.016132 0.014664 0.007337 0.000442 0.132854 0.008724 2.168688
0.819935 0.016164 0.014688 0.007325 0.000439 0.132716 0.008731 2.170262
0.819947 0.016205 0.014704 0.007356 0.000442 0.132608 0.008736 2.171851
0.820051 0.016219 0.014678 0.007360 0.000449 0.132502 0.008740 2.173440
0.820068 0.016257 0.014684 0.007360 0.000451 0.132439 0.008742 2.175032
0.820165 0.016217 0.014709 0.007369 0.000452 0.132342 0.008745 2.176633
0.820242 0.016248 0.014732 0.007374 0.000454 0.132200 0.008751 2.178216
0.820287 0.016251 0.014738 0.007360 0.000450 0.132157 0.008757 2.179812
0.820322 0.016250 0.014741 0.007346 0.000454 0.132129 0.008760 2.181405
0.820398 0.016220 0.014730 0.007382 0.000456 0.132047 0.008768 2.183004
0.820396 0.016251 0.014780 0.007367 0.000456 0.131976 0.008773 2.184591
0.820418 0.016230 0.014845 0.007388 0.000455 0.131884 0.008781 2.186214
0.820452 0.016282 0.014858 0.007389 0.000456 0.131780 0.008784 2.187782
0.820468 0.016283 0.014828 0.007400 0.000458 0.131771 0.008791 2.189398
0.820454 0.016330 0.014824 0.007404 0.000463 0.131731 0.008796 2.190989
0.820558 0.016280 0.014857 0.007439 0.000458 0.131604 0.008804 2.192609
0.820552 0.016296 0.014863 0.007449 0.000448 0.131581 0.008812 2.194222
0.820632 0.016244 0.014850 0.007491 0.000443 0.131523 0.008818 2.195864
0.820630 0.016351 0.014827 0.007450 0.000447 0.131474 0.008822 2.197417
0.820690 0.016389 0.014772 0.007438 0.000453 0.131433 0.008826 2.198963
0.820716 0.016415 0.014750 0.007451 0.000459 0.131379 0.008830 2.200563
0.820739 0.016437 0.014735 0.007468 0.000454 0.131331 0.008837 2.202160
0.820784 0.016392 0.014826 0.007510 0.000459 0.131185 0.008845 2.203825
0.820838 0.016388 0.014799 0.007517 0.000463 0.131146 0.008850 2.205436
0.820919 0.016339 0.014834 0.007524 0.000462 0.131065 0.008858 2.207059
0.821055 0.016259 0.014846 0.007526 0.000459 0.130989 0.008867 2.208692
0.821031 0.016299 0.014826 0.007545 0.000456 0.130968 0.008875 2.210305
0.821077 0.016336 0.014837 0.007517 0.000460 0.130894 0.008878 2.211902
0.821115 0.016325 0.014831 0.007511 0.000453 0.130881 0.008884 2.213507
0.821137 0.016330 0.014898 0.007507 0.000448 0.130790 0.008891 2.215135
0.821162 0.016330 0.014955 0.007516 0.000447 0.130692 0.008898 2.216781
0.821199 0.016313 0.014925 0.007561 0.000450 0.130647 0.008904 2.218400
0.821200 0.016314 0.014919 0.007536 0.000456 0.130666 0.008910 2.219983
0.821212 0.016295 0.014901 0.007526 0.000457 0.130697 0.008913 2.221615
0.821218 0.016306 0.014923 0.007501 0.000454 0.130680 0.008919 2.223207
0.821257 0.016309 0.014907 0.007515 0.000449 0.130638 0.008927 2.224823
0.821248 0.016350 0.014873 0.007512 0.000443 0.130639 0.008935 2.226396
0.821290 0.016354 0.014856 0.007506 0.000448 0.130607 0.008939 2.228000
0.821285 0.016314 0.014906 0.007516 0.000444 0.130585 0.008950 2.229641
0.821300 0.016340 0.014967 0.007480 0.000442 0.130517 0.008956 2.231243
0.821374 0.016404 0.014964 0.007446 0.000436 0.130416 0.008961 2.232793
0.821359 0.016425 0.014925 0.007431 0.000436 0.130457 0.008966 2.234391
0.821348 0.016470 0.014945 0.007429 0.000439 0.130399 0.008972 2.236015
0.821295 0.016525 0.014917 0.007471 0.000437 0.130378 0.008978 2.237637
0.821253 0.016504 0.014982 0.007479 0.000439 0.130362 0.008983 2.239326
0.821204 0.016566 0.014981 0.007479 0.000445 0.130340 0.008986 2.240912
0.821114 0.016606 0.014994 0.007473 0.000442 0.130377 0.008994 2.242561
0.821096 0.016597 0.014982 0.007506 0.000443 0.130377 0.008999 2.244190
0.821036 0.016607 0.015012 0.007514 0.000439 0.130387 0.009006 2.245838
0.820965 0.016631 0.015070 0.007495 0.000446 0.130382 0.009010 2.247459
0.820955 0.016709 0.015059 0.007502 0.000446 0.130312 0.009017 2.249072
0.820904 0.016680 0.015064 0.007517 0.000445 0.130369 0.009021 2.250716
0.820884 0.016656 0.015105 0.007519 0.000440 0.130369 0.009027 2.252369
0.820875 0.016624 0.015126 0.007536 0.000443 0.130366 0.009030 2.254022
0.820913 0.016653 0.015117 0.007494 0.000441 0.130346 0.009037 2.255602
0.821013 0.016598 0.015101 0.007487 0.000441 0.130315 0.009044 2.257225
0.821045 0.016543 0.015134 0.007494 0.000442 0.130288 0.009053 2.258881
0.820959 0.016570 0.015146 0.007516 0.000442 0.130310 0.009058 2.260505
0.820890 0.016597 0.015108 0.007543 0.000446 0.130353 0.009063 2.262141
0.820929 0.016644 0.015115 0.007536 0.000436 0.130272 0.009068 2.263733
0.820926 0.016622 0.015138 0.007547 0.000428 0.130264 0.009076 2.265384
0.820960 0.016637 0.015120 0.007518 0.000426 0.130261 0.009079 2.266983
0.820971 0.016637 0.015131 0.007505 0.000426 0.130244 0.009085 2.268601
0.820969 0.016682 0.015092 0.007457 0.000431 0.130284 0.009087 2.270199
0.820953 0.016659 0.015115 0.007472 0.000420 0.130288 0.009093 2.271827
0.820964 0.016687 0.015150 0.007500 0.000411 0.130189 0.009100 2.273493
0.820936 0.016736 0.015166 0.007518 0.000412 0.130129 0.009103 2.275107
0.820961 0.016715 0.015172 0.007558 0.000414 0.130071 0.009109 2.276755
0.820855 0.016761 0.015155 0.007569 0.000415 0.130132 0.009112 2.278386
0.820852 0.016731 0.015131 0.007628 0.000414 0.130129 0.009116 2.280009
0.820878 0.016715 0.015121 0.007636 0.000414 0.130116 0.009120 2.281618
0.820859 0.016713 0.015157 0.007622 0.000413 0.130113 0.009125 2.283249
0.820903 0.016689 0.015162 0.007615 0.000416 0.130084 0.009131 2.284871
0.820883 0.016759 0.015146 0.007590 0.000426 0.130063 0.009134 2.286487
0.820890 0.016717 0.015151 0.007597 0.000425 0.130082 0.009139 2.288143
0.820893 0.016655 0.015170 0.007632 0.000420 0.130087 0.009144 2.289811
0.820871 0.016644 0.015163 0.007652 0.000408 0.130112 0.009152 2.291462
0.820878 0.016651 0.015121 0.007634 0.000405 0.130154 0.009158 2.293087
0.820824 0.016664 0.015167 0.007629 0.000403 0.130153 0.009162 2.294725
0.820868 0.016655 0.015159 0.007590 0.000406 0.130156 0.009167 2.296351
0.820906 0.016626 0.015186 0.007549 0.000406 0.130156 0.009172 2.297990
0.820811 0.016624 0.015198 0.007578 0.000409 0.130205 0.009175 2.299649
0.820838 0.016603 0.015264 0.007558 0.000415 0.130142 0.009180 2.301283
0.820864 0.016559 0.015271 0.007516 0.000415 0.130190 0.009186 2.302922
0.820852 0.016523 0.015287 0.007552 0.000412 0.130183 0.009190 2.304583
0.820826 0.016519 0.015256 0.007557 0.000414 0.130233 0.009195 2.306197
0.820747 0.016553 0.015272 0.007549 0.000415 0.130264 0.009200 2.307806
0.820778 0.016526 0.015230 0.007553 0.000421 0.130289 0.009204 2.309427
0.820815 0.016491 0.015247 0.007544 0.000421 0.130272 0.009208 2.311085
0.820878 0.016477 0.015228 0.007524 0.000425 0.130254 0.009214 2.312675
0.820936 0.016533 0.015178 0.007534 0.000423 0.130178 0.009219 2.314228
0.820935 0.016498 0.015195 0.007547 0.000420 0.130180 0.009225 2.315915
0.820937 0.016494 0.015174 0.007520 0.000423 0.130224 0.009229 2.317500
0.821041 0.016434 0.015130 0.007542 0.000422 0.130193 0.009238 2.319135
0.821122 0.016413 0.015106 0.007528 0.000431 0.130160 0.009241 2.320740
0.821087 0.016424 0.015128 0.007532 0.000430 0.130155 0.009244 2.322326
0.821116 0.016458 0.015106 0.007511 0.000425 0.130132 0.009252 2.323891
0.821112 0.016521 0.015053 0.007508 0.000420 0.130126 0.009260 2.325476
0.821053 0.016542 0.015058 0.007578 0.000418 0.130089 0.009264 2.327126
0.821027 0.016580 0.015101 0.007523 0.000421 0.130081 0.009267 2.328740
0.821063 0.016562 0.015125 0.007545 0.000423 0.130010 0.009274 2.330370
0.821042 0.016643 0.015093 0.007502 0.000418 0.130021 0.009281 2.331933
0.821024 0.016627 0.015113 0.007502 0.000420 0.130029 0.009285 2.333566
0.821062 0.016623 0.015127 0.007515 0.000422 0.129961 0.009289 2.335210
0.821055 0.016620 0.015135 0.007493 0.000423 0.129978 0.009295 2.336818
0.820946 0.016681 0.015106 0.007513 0.000419 0.130033 0.009302 2.338439
0.820883 0.016667 0.015127 0.007536 0.000415 0.130065 0.009307 2.340113
0.820870 0.016706 0.015124 0.007514 0.000408 0.130065 0.009312 2.341747
0.820935 0.016687 0.015135 0.007553 0.000406 0.129969 0.009315 2.343371
0.820970 0.016631 0.015133 0.007584 0.000407 0.129954 0.009321 2.345007
0.820924 0.016653 0.015093 0.007529 0.000404 0.130069 0.009329 2.346615
0.820940 0.016675 0.015079 0.007520 0.000409 0.130045 0.009332 2.348223
0.821004 0.016546 0.015143 0.007535 0.000417 0.130020 0.009336 2.349915
0.820980 0.016539 0.015127 0.007527 0.000415 0.130066 0.009345 2.351514
0.820987 0.016522 0.015148 0.007502 0.000416 0.130076 0.009350 2.353136
0.821016 0.016564 0.015104 0.007493 0.000414 0.130054 0.009354 2.354706
0.821030 0.016530 0.015134 0.007528 0.000410 0.130010 0.009357 2.356366
0.821057 0.016482 0.015117 0.007549 0.000413 0.130021 0.009360 2.358018
0.821128 0.016480 0.015111 0.007523 0.000410 0.129980 0.009368 2.359606
0.821183 0.016474 0.015096 0.007554 0.000414 0.129909 0.009371 2.361194
0.821165 0.016454 0.015121 0.007537 0.000411 0.129931 0.009380 2.362812
0.821154 0.016520 0.015065 0.007511 0.000409 0.129955 0.009386 2.364371
0.821176 0.016517 0.015083 0.007537 0.000403 0.129892 0.009393 2.365972
0.821173 0.016529 0.015111 0.007496 0.000411 0.129882 0.009398 2.367573
0.821167 0.016501 0.015117 0.007506 0.000404 0.129900 0.009405 2.369211
0.821130 0.016488 0.015168 0.007511 0.000411 0.129882 0.009409 2.370846
0.821127 0.016516 0.015138 0.007529 0.000408 0.129869 0.009414 2.372428
0.821148 0.016541 0.015067 0.007521 0.000403 0.129902 0.009419 2.374028
0.821116 0.016567 0.015110 0.007566 0.000402 0.129815 0.009424 2.375693
0.821076 0.016488 0.015210 0.007555 0.000407 0.129835 0.009430 2.377353
0.821037 0.016548 0.015169 0.007559 0.000402 0.129851 0.009434 2.378958
0.821043 0.016568 0.015177 0.007572 0.000403 0.129798 0.009439 2.380567
0.821075 0.016547 0.015211 0.007582 0.000403 0.129739 0.009443 2.382209
0.821023 0.016589 0.015182 0.007593 0.000403 0.129762 0.009448 2.383833
0.821005 0.016583 0.015123 0.007596 0.000397 0.129840 0.009456 2.385453
0.820928 0.016607 0.015138 0.007582 0.000394 0.129889 0.009462 2.387110
0.820940 0.016597 0.015166 0.007581 0.000396 0.129853 0.009466 2.388776
0.820922 0.016591 0.015157 0.007641 0.000401 0.129820 0.009469 2.390395
0.820893 0.016615 0.015182 0.007627 0.000402 0.129808 0.009475 2.392043
0.820830 0.016648 0.015201 0.007626 0.000408 0.129809 0.009478 2.393686
0.820815 0.016635 0.015263 0.007615 0.000409 0.129780 0.009484 2.395318
0.820792 0.016662 0.015272 0.007631 0.000412 0.129743 0.009489 2.396931
0.820704 0.016759 0.015209 0.007591 0.000415 0.129828 0.009494 2.398507
0.820646 0.016727 0.015208 0.007618 0.000414 0.129886 0.009501 2.400199
0.820631 0.016727 0.015211 0.007611 0.000415 0.129900 0.009507 2.401834
0.820622 0.016704 0.015221 0.007633 0.000418 0.129894 0.009508 2.403481
0.820622 0.016700 0.015189 0.007675 0.000420 0.129881 0.009513 2.405120
0.820626 0.016727 0.015192 0.007633 0.000423 0.129880 0.009519 2.406716
0.820572 0.016722 0.015202 0.007645 0.000433 0.129903 0.009524 2.408380
0.820569 0.016756 0.015176 0.007630 0.000434 0.129908 0.009527 2.409986
0.820557 0.016793 0.015137 0.007615 0.000435 0.129934 0.009530 2.411584
0.820514 0.016809 0.015142 0.007629 0.000433 0.129938 0.009534 2.413239
0.820492 0.016824 0.015164 0.007629 0.000432 0.129919 0.009541 2.414860
0.820504 0.016792 0.015199 0.007638 0.000435 0.129889 0.009544 2.416525
0.820512 0.016801 0.015216 0.007624 0.000432 0.129867 0.009549 2.418179
0.820512 0.016756 0.015231 0.007653 0.000437 0.129858 0.009554 2.419844
0.820519 0.016745 0.015220 0.007671 0.000442 0.129845 0.009559 2.421491
0.820517 0.016683 0.015239 0.007666 0.000448 0.129885 0.009564 2.423172
0.820552 0.016641 0.015275 0.007661 0.000449 0.129854 0.009569 2.424835
0.820613 0.016587 0.015304 0.007644 0.000453 0.129826 0.009574 2.426486
0.820601 0.016570 0.015356 0.007642 0.000455 0.129795 0.009580 2.428144
0.820559 0.016666 0.015269 0.007652 0.000457 0.129812 0.009584 2.429697
0.820527 0.016685 0.015249 0.007634 0.000452 0.129862 0.009589 2.431335
0.820459 0.016725 0.015248 0.007658 0.000451 0.129862 0.009596 2.432979
0.820441 0.016711 0.015275 0.007651 0.000452 0.129868 0.009602 2.434634
0.820457 0.016664 0.015319 0.007621 0.000457 0.129876 0.009606 2.436315
