0.361612 0.060933 0.054779 0.031548 0.001962 0.483341 0.005826 1.586983
0.364258 0.058590 0.054585 0.031313 0.001962 0.483440 0.005854 1.592801
0.367649 0.055599 0.054437 0.030992 0.001971 0.483470 0.005882 1.598474
0.371679 0.052471 0.054050 0.030513 0.001967 0.483412 0.005909 1.603722
0.376068 0.049212 0.053484 0.029966 0.001954 0.483378 0.005938 1.608685
0.380552 0.046003 0.052841 0.029352 0.001943 0.483346 0.005962 1.613376
0.385293 0.042924 0.052059 0.028692 0.001950 0.483093 0.005989 1.617747
0.390181 0.040039 0.051126 0.027982 0.001954 0.482705 0.006012 1.621786
0.395245 0.037236 0.050166 0.027211 0.001948 0.482156 0.006038 1.625598
0.400352 0.034655 0.048992 0.026397 0.001933 0.481604 0.006066 1.629079
0.405553 0.032147 0.047898 0.025595 0.001923 0.480788 0.006096 1.632402
0.410725 0.029835 0.046628 0.024761 0.001920 0.480013 0.006117 1.635479
0.415883 0.027749 0.045278 0.023874 0.001915 0.479159 0.006143 1.638315
0.421174 0.025721 0.043832 0.023039 0.001891 0.478177 0.006166 1.641022
0.426633 0.023979 0.042374 0.022133 0.001878 0.476817 0.006187 1.643378
0.431919 0.022317 0.040990 0.021282 0.001862 0.475421 0.006208 1.645638
0.437287 0.020755 0.039628 0.020480 0.001836 0.473781 0.006234 1.647782
0.442662 0.019363 0.038227 0.019630 0.001808 0.472050 0.006260 1.649734
0.448127 0.018084 0.036764 0.018815 0.001781 0.470151 0.006279 1.651523
0.453451 0.016800 0.035443 0.018078 0.001754 0.468170 0.006305 1.653283
0.458751 0.015728 0.034052 0.017249 0.001732 0.466164 0.006324 1.654837
0.464086 0.014694 0.032733 0.016459 0.001706 0.463971 0.006352 1.656353
0.469393 0.013727 0.031467 0.015738 0.001681 0.461624 0.006370 1.657747
0.474720 0.012852 0.030245 0.015013 0.001656 0.459123 0.006391 1.659042
0.479986 0.012045 0.029049 0.014328 0.001631 0.456556 0.006405 1.660266
0.485227 0.011304 0.027829 0.013697 0.001596 0.453918 0.006428 1.661405
0.490417 0.010673 0.026600 0.013122 0.001564 0.451178 0.006445 1.662449
0.495691 0.010016 0.025448 0.012463 0.001540 0.448380 0.006462 1.663496
0.500844 0.009458 0.024341 0.011850 0.001514 0.445512 0.006480 1.664434
0.505956 0.008882 0.023284 0.011327 0.001481 0.442565 0.006505 1.665354
0.511158 0.008371 0.022199 0.010753 0.001456 0.439540 0.006523 1.666214
0.516344 0.007946 0.021199 0.010228 0.001428 0.436315 0.006540 1.666981
0.521301 0.007511 0.020286 0.009741 0.001395 0.433203 0.006562 1.667758
0.526468 0.007129 0.019349 0.009293 0.001357 0.429820 0.006582 1.668479
0.531498 0.006723 0.018446 0.008862 0.001329 0.426542 0.006600 1.669189
0.536485 0.006360 0.017604 0.008450 0.001300 0.423186 0.006616 1.669832
0.541453 0.006060 0.016794 0.008074 0.001273 0.419712 0.006633 1.670411
0.546414 0.005761 0.016026 0.007682 0.001249 0.416223 0.006646 1.671002
0.551288 0.005484 0.015337 0.007311 0.001223 0.412693 0.006664 1.671556
0.556179 0.005239 0.014654 0.006955 0.001197 0.409096 0.006679 1.672067
0.561126 0.004987 0.014001 0.006615 0.001167 0.405405 0.006699 1.672558
0.565981 0.004752 0.013361 0.006296 0.001142 0.401755 0.006713 1.673043
0.570743 0.004524 0.012779 0.005999 0.001117 0.398113 0.006725 1.673505
0.575412 0.004328 0.012206 0.005685 0.001089 0.394540 0.006739 1.673937
0.580066 0.004141 0.011629 0.005416 0.001055 0.390934 0.006759 1.674351
0.584781 0.003955 0.011079 0.005182 0.001027 0.387205 0.006770 1.674745
0.589366 0.003781 0.010537 0.004952 0.000996 0.383584 0.006784 1.675134
0.593840 0.003639 0.010070 0.004725 0.000967 0.379962 0.006796 1.675485
0.598251 0.003490 0.009604 0.004498 0.000943 0.376408 0.006807 1.675837
0.602729 0.003346 0.009162 0.004272 0.000917 0.372755 0.006819 1.676168
0.607269 0.003221 0.008731 0.004061 0.000890 0.368991 0.006837 1.676492
0.611643 0.003096 0.008325 0.003877 0.000866 0.365347 0.006846 1.676789
0.615988 0.002948 0.007937 0.003693 0.000840 0.361736 0.006858 1.677096
0.620286 0.002841 0.007594 0.003534 0.000816 0.358061 0.006869 1.677389
0.624534 0.002737 0.007271 0.003363 0.000793 0.354418 0.006882 1.677668
0.628810 0.002626 0.006963 0.003205 0.000771 0.350727 0.006898 1.677939
0.632996 0.002520 0.006634 0.003061 0.000753 0.347130 0.006907 1.678205
0.637128 0.002450 0.006317 0.002909 0.000724 0.343548 0.006924 1.678432
0.641166 0.002376 0.006046 0.002774 0.000705 0.339998 0.006937 1.678665
0.645216 0.002316 0.005760 0.002640 0.000680 0.336439 0.006949 1.678873
0.649328 0.002223 0.005522 0.002530 0.000655 0.332780 0.006962 1.679099
0.653315 0.002150 0.005295 0.002419 0.000631 0.329215 0.006976 1.679303
0.657358 0.002074 0.005053 0.002311 0.000607 0.325607 0.006990 1.679518
0.661330 0.002004 0.004849 0.002209 0.000588 0.322022 0.006998 1.679728
0.665173 0.001935 0.004667 0.002106 0.000571 0.318543 0.007006 1.679923
0.669064 0.001870 0.004461 0.002030 0.000558 0.315004 0.007014 1.680115
0.672875 0.001815 0.004272 0.001947 0.000540 0.311531 0.007021 1.680298
0.676600 0.001760 0.004092 0.001852 0.000525 0.308141 0.007030 1.680478
0.680288 0.001727 0.003923 0.001774 0.000506 0.304745 0.007037 1.680647
0.683996 0.001671 0.003775 0.001711 0.000491 0.301313 0.007043 1.680823
0.687652 0.001623 0.003604 0.001648 0.000476 0.297947 0.007050 1.680984
0.691313 0.001592 0.003443 0.001593 0.000458 0.294543 0.007058 1.681134
0.694808 0.001558 0.003286 0.001544 0.000453 0.291289 0.007061 1.681282
0.698379 0.001514 0.003149 0.001479 0.000439 0.287972 0.007068 1.681429
0.701858 0.001458 0.003058 0.001434 0.000423 0.284693 0.007076 1.681588
0.705367 0.001418 0.002942 0.001378 0.000404 0.281410 0.007082 1.681729
0.708742 0.001384 0.002848 0.001330 0.000393 0.278216 0.007088 1.681869
0.712159 0.001344 0.002729 0.001282 0.000385 0.275009 0.007092 1.682014
0.715429 0.001329 0.002620 0.001224 0.000374 0.271926 0.007098 1.682136
0.718670 0.001317 0.002516 0.001186 0.000367 0.268842 0.007103 1.682250
0.721989 0.001301 0.002446 0.001122 0.000362 0.265672 0.007108 1.682377
0.725195 0.001266 0.002367 0.001087 0.000354 0.262620 0.007111 1.682505
0.728377 0.001245 0.002281 0.001046 0.000345 0.259590 0.007116 1.682622
0.731446 0.001218 0.002195 0.001018 0.000330 0.256673 0.007120 1.682733
0.734492 0.001174 0.002131 0.000986 0.000315 0.253777 0.007127 1.682861
0.737581 0.001146 0.002056 0.000941 0.000308 0.250836 0.007132 1.682981
0.740577 0.001126 0.001973 0.000922 0.000301 0.247968 0.007134 1.683093
0.743641 0.001091 0.001901 0.000899 0.000293 0.245039 0.007135 1.683203
0.746630 0.001052 0.001833 0.000875 0.000289 0.242183 0.007138 1.683312
0.749577 0.001035 0.001785 0.000848 0.000280 0.239335 0.007141 1.683422
0.752441 0.000999 0.001712 0.000817 0.000270 0.236615 0.007147 1.683533
0.755276 0.000974 0.001637 0.000787 0.000262 0.233916 0.007150 1.683627
0.758044 0.000962 0.001587 0.000763 0.000251 0.231240 0.007154 1.683718
0.760856 0.000944 0.001519 0.000748 0.000245 0.228531 0.007157 1.683804
0.763641 0.000910 0.001477 0.000730 0.000237 0.225845 0.007161 1.683899
0.766357 0.000903 0.001432 0.000705 0.000231 0.223207 0.007165 1.683983
0.769050 0.000873 0.001391 0.000690 0.000225 0.220604 0.007167 1.684078
0.771784 0.000848 0.001338 0.000679 0.000216 0.217965 0.007170 1.684159
0.774416 0.000831 0.001291 0.000667 0.000210 0.215412 0.007174 1.684243
0.776995 0.000826 0.001258 0.000644 0.000204 0.212896 0.007178 1.684321
0.779588 0.000799 0.001225 0.000630 0.000195 0.210383 0.007182 1.684410
0.782143 0.000789 0.001186 0.000600 0.000189 0.207908 0.007185 1.684487
0.784604 0.000787 0.001146 0.000584 0.000185 0.205507 0.007189 1.684559
0.787084 0.000765 0.001118 0.000565 0.000176 0.203101 0.007192 1.684635
0.789566 0.000743 0.001094 0.000553 0.000169 0.200682 0.007193 1.684712
0.791991 0.000734 0.001059 0.000532 0.000163 0.198323 0.007197 1.684773
0.794424 0.000702 0.001057 0.000516 0.000160 0.195944 0.007199 1.684853
0.796800 0.000682 0.001036 0.000499 0.000155 0.193627 0.007201 1.684931
0.799098 0.000681 0.001003 0.000494 0.000149 0.191372 0.007203 1.684998
0.801433 0.000672 0.000965 0.000482 0.000141 0.189100 0.007207 1.685062
0.803714 0.000664 0.000941 0.000477 0.000135 0.186861 0.007208 1.685128
0.806017 0.000660 0.000929 0.000462 0.000131 0.184593 0.007208 1.685196
0.808250 0.000651 0.000909 0.000448 0.000127 0.182405 0.007210 1.685260
0.810513 0.000645 0.000884 0.000435 0.000123 0.180191 0.007210 1.685321
0.812765 0.000621 0.000855 0.000435 0.000121 0.177993 0.007210 1.685387
0.814955 0.000598 0.000833 0.000436 0.000114 0.175853 0.007211 1.685458
0.817145 0.000583 0.000804 0.000427 0.000113 0.173717 0.007211 1.685519
0.819264 0.000557 0.000790 0.000425 0.000110 0.171642 0.007212 1.685586
0.821331 0.000542 0.000768 0.000420 0.000109 0.169618 0.007212 1.685639
0.823338 0.000539 0.000758 0.000402 0.000108 0.167642 0.007212 1.685684
0.825422 0.000532 0.000742 0.000384 0.000103 0.165605 0.007212 1.685736
0.827441 0.000516 0.000733 0.000376 0.000098 0.163622 0.007214 1.685790
0.829448 0.000515 0.000712 0.000365 0.000094 0.161650 0.007216 1.685838
0.831440 0.000505 0.000703 0.000357 0.000091 0.159687 0.007217 1.685892
0.833449 0.000504 0.000683 0.000344 0.000090 0.157713 0.007217 1.685939
0.835383 0.000505 0.000659 0.000341 0.000087 0.155807 0.007219 1.685982
0.837282 0.000500 0.000652 0.000332 0.000083 0.153930 0.007220 1.686030
0.839168 0.000493 0.000640 0.000323 0.000079 0.152077 0.007222 1.686083
0.840988 0.000489 0.000624 0.000318 0.000078 0.150281 0.007223 1.686128
0.842819 0.000487 0.000604 0.000309 0.000075 0.148483 0.007224 1.686173
0.844630 0.000483 0.000592 0.000294 0.000073 0.146704 0.007226 1.686219
0.846400 0.000471 0.000585 0.000290 0.000071 0.144958 0.007227 1.686267
0.848152 0.000462 0.000568 0.000285 0.000070 0.143235 0.007228 1.686313
0.849903 0.000457 0.000560 0.000283 0.000069 0.141500 0.007228 1.686360
0.851583 0.000459 0.000552 0.000269 0.000066 0.139842 0.007229 1.686406
0.853279 0.000450 0.000544 0.000264 0.000063 0.138170 0.007229 1.686452
0.854959 0.000457 0.000534 0.000255 0.000062 0.136504 0.007230 1.686490
0.856562 0.000457 0.000530 0.000255 0.000058 0.134905 0.007232 1.686537
0.858162 0.000443 0.000520 0.000258 0.000056 0.133328 0.007233 1.686585
0.859755 0.000426 0.000518 0.000256 0.000053 0.131758 0.007234 1.686637
0.861314 0.000422 0.000510 0.000250 0.000053 0.130215 0.007235 1.686673
0.862891 0.000423 0.000486 0.000250 0.000052 0.128663 0.007236 1.686709
0.864372 0.000429 0.000478 0.000244 0.000051 0.127191 0.007236 1.686746
0.865894 0.000426 0.000478 0.000237 0.000050 0.125680 0.007237 1.686786
0.867404 0.000428 0.000470 0.000235 0.000049 0.124179 0.007237 1.686830
0.868881 0.000421 0.000458 0.000239 0.000048 0.122717 0.007237 1.686871
0.870321 0.000411 0.000458 0.000235 0.000048 0.121290 0.007237 1.686913
0.871772 0.000397 0.000456 0.000238 0.000046 0.119854 0.007239 1.686957
0.873163 0.000391 0.000441 0.000236 0.000045 0.118486 0.007239 1.686992
0.874539 0.000387 0.000423 0.000234 0.000043 0.117136 0.007239 1.687024
0.875901 0.000377 0.000427 0.000234 0.000041 0.115780 0.007241 1.687069
0.877215 0.000364 0.000424 0.000231 0.000040 0.114485 0.007241 1.687108
0.878523 0.000362 0.000418 0.000227 0.000039 0.113191 0.007242 1.687143
0.879839 0.000359 0.000417 0.000219 0.000038 0.111887 0.007243 1.687178
0.881099 0.000355 0.000413 0.000213 0.000036 0.110641 0.007244 1.687213
0.882342 0.000350 0.000407 0.000211 0.000035 0.109411 0.007244 1.687249
0.883552 0.000354 0.000396 0.000206 0.000033 0.108216 0.007245 1.687279
0.884749 0.000351 0.000390 0.000195 0.000033 0.107039 0.007245 1.687309
0.885944 0.000342 0.000393 0.000191 0.000034 0.105853 0.007245 1.687345
0.887125 0.000342 0.000380 0.000188 0.000033 0.104688 0.007246 1.687377
0.888260 0.000334 0.000375 0.000183 0.000032 0.103571 0.007246 1.687409
0.889389 0.000325 0.000380 0.000181 0.000030 0.102448 0.007247 1.687448
0.890445 0.000326 0.000376 0.000179 0.000030 0.101399 0.007247 1.687482
0.891523 0.000321 0.000372 0.000175 0.000029 0.100333 0.007248 1.687509
0.892606 0.000312 0.000365 0.000174 0.000028 0.099268 0.007248 1.687542
0.893680 0.000303 0.000358 0.000172 0.000027 0.098213 0.007248 1.687578
0.894690 0.000311 0.000352 0.000169 0.000025 0.097204 0.007249 1.687608
0.895687 0.000301 0.000347 0.000164 0.000024 0.096226 0.007251 1.687639
0.896607 0.000303 0.000343 0.000164 0.000023 0.095310 0.007251 1.687672
0.897509 0.000302 0.000334 0.000164 0.000023 0.094417 0.007251 1.687701
0.898432 0.000300 0.000327 0.000160 0.000021 0.093509 0.007251 1.687727
0.899321 0.000298 0.000331 0.000160 0.000019 0.092619 0.007252 1.687756
0.900163 0.000290 0.000324 0.000154 0.000018 0.091798 0.007253 1.687788
0.900986 0.000291 0.000322 0.000153 0.000017 0.090977 0.007254 1.687812
0.901845 0.000288 0.000317 0.000155 0.000017 0.090125 0.007254 1.687843
0.902713 0.000285 0.000314 0.000156 0.000016 0.089262 0.007254 1.687872
0.903525 0.000277 0.000315 0.000152 0.000016 0.088461 0.007254 1.687900
0.904264 0.000270 0.000314 0.000148 0.000016 0.087735 0.007254 1.687930
0.905070 0.000272 0.000313 0.000153 0.000016 0.086923 0.007254 1.687957
0.905826 0.000264 0.000307 0.000146 0.000017 0.086186 0.007254 1.687982
0.906545 0.000264 0.000302 0.000140 0.000017 0.085479 0.007254 1.688006
0.907272 0.000255 0.000298 0.000136 0.000016 0.084769 0.007254 1.688034
0.907993 0.000251 0.000299 0.000138 0.000015 0.084049 0.007254 1.688063
0.908733 0.000254 0.000288 0.000136 0.000015 0.083319 0.007254 1.688079
0.909424 0.000252 0.000286 0.000139 0.000015 0.082631 0.007254 1.688104
0.910083 0.000251 0.000282 0.000136 0.000014 0.081978 0.007255 1.688128
0.910715 0.000250 0.000278 0.000139 0.000014 0.081350 0.007255 1.688154
0.911375 0.000244 0.000271 0.000136 0.000014 0.080706 0.007255 1.688178
0.911986 0.000236 0.000272 0.000135 0.000013 0.080103 0.007255 1.688205
0.912596 0.000236 0.000267 0.000134 0.000013 0.079500 0.007255 1.688228
0.913181 0.000236 0.000259 0.000127 0.000013 0.078929 0.007255 1.688250
0.913741 0.000237 0.000258 0.000124 0.000013 0.078372 0.007255 1.688273
0.914334 0.000227 0.000257 0.000120 0.000013 0.077793 0.007255 1.688301
0.914883 0.000224 0.000255 0.000122 0.000013 0.077247 0.007255 1.688324
0.915398 0.000221 0.000251 0.000121 0.000013 0.076740 0.007255 1.688347
0.915926 0.000220 0.000249 0.000122 0.000013 0.076214 0.007256 1.688367
0.916428 0.000216 0.000245 0.000121 0.000013 0.075721 0.007256 1.688389
0.916914 0.000220 0.000232 0.000121 0.000013 0.075243 0.007256 1.688403
0.917401 0.000224 0.000222 0.000119 0.000012 0.074766 0.007256 1.688417
0.917863 0.000226 0.000224 0.000120 0.000012 0.074298 0.007256 1.688441
0.918301 0.000226 0.000224 0.000117 0.000012 0.073864 0.007257 1.688461
0.918751 0.000217 0.000218 0.000117 0.000011 0.073429 0.007258 1.688483
0.919186 0.000217 0.000216 0.000115 0.000011 0.072998 0.007258 1.688503
0.919592 0.000220 0.000210 0.000117 0.000010 0.072593 0.007258 1.688524
0.920019 0.000220 0.000215 0.000116 0.000009 0.072163 0.007258 1.688548
0.920419 0.000218 0.000213 0.000116 0.000009 0.071768 0.007258 1.688571
0.920818 0.000215 0.000215 0.000121 0.000009 0.071365 0.007258 1.688593
0.921211 0.000214 0.000215 0.000121 0.000008 0.070974 0.007258 1.688617
0.921610 0.000212 0.000211 0.000116 0.000008 0.070585 0.007258 1.688638
0.921993 0.000205 0.000211 0.000123 0.000009 0.070201 0.007258 1.688665
0.922353 0.000201 0.000211 0.000121 0.000008 0.069849 0.007259 1.688689
0.922729 0.000209 0.000207 0.000118 0.000008 0.069471 0.007259 1.688705
0.923097 0.000207 0.000205 0.000118 0.000008 0.069107 0.007259 1.688727
0.923433 0.000206 0.000202 0.000116 0.000007 0.068777 0.007259 1.688748
0.923762 0.000209 0.000204 0.000113 0.000008 0.068445 0.007259 1.688764
0.924092 0.000207 0.000203 0.000113 0.000008 0.068119 0.007259 1.688784
0.924421 0.000211 0.000208 0.000112 0.000008 0.067781 0.007259 1.688806
0.924733 0.000214 0.000200 0.000111 0.000008 0.067475 0.007259 1.688820
0.925021 0.000209 0.000203 0.000107 0.000007 0.067194 0.007259 1.688843
0.925304 0.000206 0.000202 0.000106 0.000008 0.066915 0.007259 1.688863
0.925618 0.000206 0.000205 0.000103 0.000009 0.066600 0.007259 1.688883
0.925888 0.000203 0.000204 0.000100 0.000008 0.066337 0.007260 1.688903
0.926165 0.000210 0.000200 0.000095 0.000008 0.066062 0.007260 1.688916
0.926444 0.000211 0.000194 0.000092 0.000008 0.065791 0.007260 1.688930
0.926704 0.000205 0.000193 0.000088 0.000008 0.065542 0.007260 1.688952
0.926964 0.000204 0.000190 0.000089 0.000008 0.065285 0.007260 1.688973
0.927223 0.000201 0.000184 0.000093 0.000008 0.065032 0.007260 1.688992
0.927469 0.000206 0.000187 0.000094 0.000007 0.064778 0.007260 1.689011
0.927691 0.000212 0.000182 0.000091 0.000006 0.064557 0.007261 1.689028
0.927931 0.000205 0.000185 0.000091 0.000005 0.064323 0.007261 1.689050
0.928173 0.000203 0.000182 0.000095 0.000006 0.064081 0.007261 1.689067
0.928387 0.000203 0.000188 0.000095 0.000006 0.063862 0.007261 1.689086
0.928598 0.000206 0.000185 0.000098 0.000006 0.063647 0.007261 1.689107
0.928796 0.000202 0.000189 0.000097 0.000005 0.063451 0.007261 1.689129
0.928991 0.000201 0.000190 0.000094 0.000005 0.063258 0.007261 1.689146
0.929176 0.000195 0.000190 0.000094 0.000006 0.063078 0.007262 1.689168
0.929356 0.000191 0.000192 0.000098 0.000006 0.062897 0.007262 1.689192
0.929569 0.000191 0.000186 0.000097 0.000006 0.062691 0.007262 1.689206
0.929741 0.000196 0.000190 0.000095 0.000006 0.062512 0.007262 1.689224
0.929938 0.000198 0.000184 0.000096 0.000006 0.062317 0.007262 1.689238
0.930112 0.000189 0.000190 0.000100 0.000006 0.062143 0.007262 1.689266
0.930305 0.000185 0.000192 0.000101 0.000005 0.061950 0.007262 1.689287
0.930479 0.000187 0.000190 0.000099 0.000005 0.061777 0.007262 1.689302
0.930649 0.000190 0.000189 0.000101 0.000005 0.061606 0.007262 1.689323
0.930815 0.000196 0.000188 0.000096 0.000005 0.061439 0.007262 1.689339
0.930977 0.000198 0.000189 0.000091 0.000005 0.061280 0.007262 1.689353
0.931129 0.000203 0.000189 0.000091 0.000005 0.061122 0.007262 1.689372
0.931281 0.000201 0.000188 0.000093 0.000006 0.060971 0.007262 1.689392
0.931428 0.000187 0.000190 0.000095 0.000006 0.060833 0.007262 1.689418
0.931576 0.000185 0.000191 0.000095 0.000006 0.060685 0.007262 1.689440
0.931715 0.000179 0.000192 0.000095 0.000006 0.060553 0.007262 1.689458
0.931849 0.000173 0.000194 0.000095 0.000006 0.060422 0.007262 1.689481
0.931981 0.000174 0.000197 0.000094 0.000006 0.060287 0.007262 1.689500
0.932109 0.000179 0.000197 0.000092 0.000005 0.060157 0.007262 1.689515
0.932226 0.000179 0.000194 0.000093 0.000006 0.060041 0.007262 1.689538
0.932346 0.000178 0.000194 0.000095 0.000005 0.059920 0.007262 1.689555
0.932460 0.000182 0.000191 0.000093 0.000005 0.059808 0.007262 1.689570
0.932572 0.000182 0.000190 0.000093 0.000006 0.059695 0.007262 1.689588
0.932679 0.000188 0.000192 0.000090 0.000005 0.059584 0.007262 1.689604
0.932790 0.000188 0.000190 0.000090 0.000006 0.059474 0.007262 1.689622
0.932914 0.000186 0.000186 0.000091 0.000006 0.059356 0.007262 1.689639
0.933018 0.000191 0.000185 0.000091 0.000006 0.059248 0.007262 1.689659
0.933134 0.000187 0.000182 0.000090 0.000006 0.059139 0.007262 1.689678
0.933244 0.000190 0.000178 0.000087 0.000006 0.059034 0.007262 1.689692
0.933366 0.000184 0.000177 0.000087 0.000007 0.058918 0.007262 1.689710
0.933470 0.000180 0.000178 0.000090 0.000007 0.058815 0.007262 1.689730
0.933572 0.000180 0.000176 0.000089 0.000006 0.058715 0.007262 1.689744
0.933676 0.000177 0.000183 0.000083 0.000006 0.058613 0.007262 1.689766
0.933766 0.000179 0.000184 0.000082 0.000006 0.058522 0.007262 1.689784
0.933854 0.000187 0.000185 0.000085 0.000006 0.058423 0.007262 1.689801
0.933953 0.000185 0.000181 0.000087 0.000006 0.058327 0.007262 1.689818
0.934048 0.000183 0.000180 0.000089 0.000006 0.058233 0.007262 1.689839
0.934143 0.000179 0.000174 0.000087 0.000006 0.058150 0.007262 1.689854
0.934224 0.000176 0.000174 0.000086 0.000006 0.058072 0.007262 1.689869
0.934313 0.000173 0.000179 0.000083 0.000005 0.057985 0.007263 1.689890
0.934401 0.000179 0.000179 0.000080 0.000005 0.057892 0.007263 1.689904
0.934482 0.000181 0.000179 0.000081 0.000005 0.057809 0.007263 1.689918
0.934563 0.000178 0.000178 0.000080 0.000006 0.057733 0.007263 1.689934
0.934652 0.000172 0.000178 0.000082 0.000006 0.057647 0.007263 1.689953
0.934736 0.000169 0.000178 0.000084 0.000007 0.057565 0.007263 1.689974
0.934807 0.000173 0.000176 0.000083 0.000006 0.057492 0.007263 1.689988
0.934874 0.000170 0.000175 0.000083 0.000006 0.057430 0.007263 1.690007
0.934930 0.000173 0.000174 0.000080 0.000006 0.057373 0.007263 1.690021
0.935006 0.000176 0.000172 0.000082 0.000006 0.057295 0.007263 1.690037
0.935085 0.000180 0.000169 0.000083 0.000006 0.057214 0.007263 1.690054
0.935147 0.000177 0.000173 0.000083 0.000006 0.057151 0.007263 1.690075
0.935217 0.000172 0.000174 0.000085 0.000006 0.057083 0.007263 1.690094
0.935302 0.000171 0.000169 0.000088 0.000006 0.057001 0.007263 1.690109
0.935372 0.000172 0.000165 0.000087 0.000006 0.056936 0.007263 1.690125
0.935428 0.000167 0.000165 0.000090 0.000006 0.056880 0.007264 1.690145
0.935485 0.000164 0.000166 0.000094 0.000005 0.056823 0.007264 1.690167
0.935549 0.000164 0.000165 0.000092 0.000005 0.056762 0.007264 1.690180
0.935609 0.000162 0.000166 0.000088 0.000006 0.056706 0.007264 1.690197
0.935676 0.000164 0.000163 0.000083 0.000005 0.056644 0.007264 1.690209
0.935736 0.000169 0.000161 0.000080 0.000005 0.056584 0.007264 1.690221
0.935788 0.000175 0.000161 0.000079 0.000005 0.056529 0.007264 1.690236
0.935834 0.000182 0.000160 0.000078 0.000005 0.056477 0.007264 1.690253
0.935892 0.000188 0.000158 0.000079 0.000005 0.056413 0.007264 1.690268
0.935941 0.000191 0.000155 0.000081 0.000004 0.056364 0.007264 1.690286
0.935986 0.000191 0.000154 0.000085 0.000004 0.056316 0.007264 1.690305
0.936048 0.000183 0.000160 0.000084 0.000004 0.056258 0.007264 1.690328
0.936095 0.000178 0.000167 0.000087 0.000004 0.056205 0.007264 1.690349
0.936146 0.000177 0.000169 0.000087 0.000004 0.056153 0.007264 1.690369
0.936189 0.000178 0.000170 0.000086 0.000004 0.056108 0.007264 1.690388
0.936255 0.000174 0.000174 0.000085 0.000004 0.056045 0.007264 1.690405
0.936304 0.000171 0.000174 0.000083 0.000004 0.056000 0.007264 1.690422
0.936355 0.000173 0.000174 0.000082 0.000004 0.055948 0.007264 1.690441
0.936404 0.000170 0.000172 0.000081 0.000004 0.055905 0.007264 1.690459
0.936444 0.000170 0.000171 0.000079 0.000004 0.055867 0.007264 1.690475
0.936493 0.000174 0.000166 0.000077 0.000004 0.055822 0.007264 1.690487
0.936538 0.000172 0.000166 0.000079 0.000004 0.055778 0.007265 1.690508
0.936573 0.000175 0.000165 0.000078 0.000004 0.055742 0.007265 1.690522
0.936613 0.000175 0.000170 0.000078 0.000004 0.055697 0.007265 1.690540
0.936645 0.000175 0.000170 0.000080 0.000004 0.055662 0.007265 1.690557
0.936682 0.000170 0.000168 0.000082 0.000004 0.055630 0.007265 1.690575
0.936716 0.000171 0.000170 0.000084 0.000004 0.055591 0.007265 1.690593
0.936743 0.000171 0.000169 0.000083 0.000004 0.055566 0.007265 1.690610
0.936788 0.000171 0.000164 0.000082 0.000004 0.055526 0.007265 1.690624
0.936822 0.000172 0.000170 0.000081 0.000003 0.055487 0.007265 1.690643
0.936855 0.000172 0.000166 0.000079 0.000003 0.055461 0.007265 1.690659
0.936891 0.000176 0.000163 0.000077 0.000003 0.055425 0.007265 1.690673
0.936925 0.000181 0.000162 0.000078 0.000003 0.055386 0.007265 1.690687
0.936956 0.000184 0.000160 0.000075 0.000004 0.055356 0.007265 1.690702
0.936985 0.000176 0.000168 0.000076 0.000003 0.055328 0.007265 1.690727
0.937006 0.000174 0.000169 0.000077 0.000003 0.055307 0.007265 1.690749
0.937037 0.000170 0.000168 0.000076 0.000003 0.055281 0.007265 1.690769
0.937064 0.000169 0.000167 0.000075 0.000002 0.055258 0.007265 1.690786
0.937084 0.000174 0.000162 0.000074 0.000002 0.055240 0.007265 1.690801
0.937118 0.000169 0.000164 0.000077 0.000002 0.055205 0.007265 1.690821
0.937141 0.000175 0.000162 0.000075 0.000002 0.055180 0.007265 1.690833
0.937159 0.000186 0.000162 0.000076 0.000002 0.055151 0.007265 1.690848
0.937185 0.000181 0.000160 0.000078 0.000003 0.055128 0.007265 1.690870
0.937206 0.000186 0.000157 0.000080 0.000003 0.055104 0.007265 1.690884
0.937223 0.000190 0.000155 0.000081 0.000002 0.055083 0.007266 1.690900
0.937248 0.000186 0.000160 0.000082 0.000002 0.055056 0.007266 1.690922
0.937279 0.000181 0.000162 0.000083 0.000002 0.055028 0.007266 1.690943
0.937308 0.000174 0.000163 0.000086 0.000003 0.055000 0.007266 1.690964
0.937331 0.000171 0.000171 0.000085 0.000003 0.054973 0.007266 1.690985
0.937356 0.000172 0.000165 0.000081 0.000003 0.054957 0.007266 1.690997
0.937390 0.000168 0.000165 0.000080 0.000003 0.054929 0.007266 1.691015
0.937416 0.000161 0.000166 0.000078 0.000003 0.054911 0.007266 1.691034
0.937443 0.000158 0.000166 0.000078 0.000002 0.054886 0.007267 1.691052
0.937470 0.000161 0.000168 0.000077 0.000002 0.054856 0.007267 1.691067
0.937493 0.000159 0.000170 0.000077 0.000002 0.054833 0.007267 1.691085
0.937516 0.000163 0.000171 0.000077 0.000002 0.054804 0.007267 1.691099
0.937544 0.000164 0.000170 0.000078 0.000002 0.054775 0.007267 1.691112
0.937565 0.000162 0.000171 0.000077 0.000002 0.054758 0.007267 1.691131
0.937589 0.000154 0.000169 0.000080 0.000003 0.054739 0.007267 1.691152
0.937603 0.000158 0.000170 0.000078 0.000003 0.054723 0.007267 1.691166
0.937627 0.000155 0.000170 0.000079 0.000002 0.054701 0.007267 1.691184
0.937645 0.000148 0.000172 0.000086 0.000002 0.054681 0.007267 1.691206
0.937655 0.000152 0.000169 0.000086 0.000002 0.054670 0.007267 1.691219
0.937676 0.000151 0.000165 0.000085 0.000002 0.054653 0.007267 1.691233
0.937701 0.000148 0.000165 0.000083 0.000002 0.054635 0.007267 1.691250
0.937718 0.000155 0.000159 0.000079 0.000002 0.054620 0.007267 1.691259
0.937733 0.000162 0.000153 0.000079 0.000002 0.054604 0.007267 1.691269
0.937746 0.000167 0.000152 0.000076 0.000002 0.054591 0.007267 1.691281
0.937769 0.000160 0.000154 0.000079 0.000002 0.054568 0.007267 1.691301
0.937789 0.000157 0.000156 0.000080 0.000002 0.054550 0.007267 1.691318
0.937809 0.000156 0.000150 0.000080 0.000003 0.054537 0.007267 1.691333
0.937815 0.000162 0.000147 0.000081 0.000002 0.054525 0.007267 1.691345
0.937834 0.000152 0.000150 0.000084 0.000002 0.054511 0.007267 1.691368
0.937846 0.000156 0.000153 0.000083 0.000002 0.054493 0.007267 1.691383
0.937868 0.000153 0.000152 0.000083 0.000002 0.054474 0.007267 1.691401
0.937882 0.000157 0.000151 0.000084 0.000002 0.054457 0.007267 1.691417
0.937901 0.000161 0.000148 0.000081 0.000003 0.054439 0.007267 1.691430
0.937919 0.000159 0.000154 0.000078 0.000004 0.054419 0.007267 1.691446
0.937941 0.000154 0.000155 0.000076 0.000004 0.054402 0.007267 1.691461
0.937961 0.000150 0.000157 0.000075 0.000004 0.054385 0.007267 1.691479
0.937977 0.000152 0.000154 0.000072 0.000005 0.054372 0.007267 1.691490
0.937992 0.000157 0.000156 0.000074 0.000005 0.054349 0.007267 1.691504
0.938008 0.000160 0.000150 0.000073 0.000005 0.054338 0.007267 1.691517
0.938028 0.000156 0.000148 0.000075 0.000005 0.054320 0.007267 1.691532
0.938041 0.000155 0.000150 0.000074 0.000005 0.054307 0.007268 1.691549
0.938059 0.000154 0.000152 0.000073 0.000005 0.054289 0.007268 1.691563
0.938075 0.000152 0.000153 0.000073 0.000005 0.054274 0.007268 1.691580
0.938098 0.000151 0.000156 0.000072 0.000004 0.054250 0.007268 1.691592
0.938110 0.000153 0.000156 0.000071 0.000004 0.054238 0.007268 1.691607
0.938128 0.000145 0.000156 0.000077 0.000005 0.054222 0.007268 1.691625
0.938135 0.000146 0.000153 0.000076 0.000005 0.054218 0.007268 1.691640
0.938149 0.000147 0.000153 0.000075 0.000005 0.054204 0.007268 1.691655
0.938167 0.000147 0.000150 0.000076 0.000005 0.054187 0.007268 1.691669
0.938179 0.000149 0.000149 0.000075 0.000005 0.054176 0.007268 1.691681
0.938192 0.000149 0.000146 0.000074 0.000006 0.054165 0.007268 1.691697
0.938199 0.000148 0.000143 0.000075 0.000005 0.054162 0.007268 1.691711
0.938209 0.000150 0.000139 0.000071 0.000005 0.054158 0.007268 1.691725
0.938219 0.000151 0.000140 0.000069 0.000005 0.054147 0.007268 1.691740
0.938225 0.000147 0.000147 0.000069 0.000005 0.054139 0.007268 1.691759
0.938239 0.000145 0.000147 0.000065 0.000006 0.054131 0.007268 1.691774
0.938256 0.000136 0.000144 0.000069 0.000006 0.054121 0.007268 1.691790
0.938263 0.000135 0.000146 0.000067 0.000006 0.054115 0.007268 1.691806
0.938275 0.000136 0.000145 0.000065 0.000006 0.054105 0.007268 1.691819
0.938281 0.000135 0.000143 0.000066 0.000006 0.054101 0.007268 1.691835
0.938300 0.000132 0.000144 0.000067 0.000005 0.054083 0.007268 1.691850
0.938313 0.000128 0.000140 0.000066 0.000005 0.054079 0.007268 1.691866
0.938330 0.000128 0.000135 0.000063 0.000004 0.054072 0.007268 1.691877
0.938341 0.000134 0.000131 0.000066 0.000005 0.054055 0.007269 1.691888
0.938362 0.000132 0.000133 0.000065 0.000005 0.054036 0.007269 1.691902
0.938372 0.000133 0.000133 0.000063 0.000004 0.054026 0.007269 1.691913
0.938387 0.000129 0.000133 0.000064 0.000005 0.054014 0.007269 1.691927
0.938409 0.000127 0.000133 0.000064 0.000005 0.053993 0.007269 1.691939
0.938420 0.000131 0.000132 0.000061 0.000004 0.053983 0.007269 1.691947
0.938432 0.000128 0.000132 0.000061 0.000003 0.053977 0.007269 1.691959
0.938447 0.000124 0.000126 0.000063 0.000003 0.053968 0.007269 1.691971
0.938462 0.000117 0.000129 0.000064 0.000003 0.053956 0.007269 1.691987
0.938472 0.000118 0.000126 0.000063 0.000003 0.053949 0.007269 1.692000
0.938480 0.000119 0.000126 0.000063 0.000003 0.053939 0.007269 1.692011
0.938485 0.000119 0.000123 0.000065 0.000003 0.053936 0.007269 1.692026
0.938496 0.000118 0.000122 0.000062 0.000003 0.053930 0.007269 1.692037
0.938507 0.000119 0.000120 0.000061 0.000003 0.053921 0.007269 1.692048
0.938518 0.000118 0.000122 0.000061 0.000003 0.053909 0.007269 1.692061
0.938531 0.000111 0.000119 0.000065 0.000003 0.053901 0.007269 1.692076
0.938536 0.000116 0.000115 0.000061 0.000004 0.053899 0.007269 1.692086
0.938546 0.000115 0.000115 0.000059 0.000004 0.053892 0.007269 1.692097
0.938554 0.000116 0.000114 0.000057 0.000004 0.053885 0.007269 1.692109
0.938562 0.000115 0.000113 0.000060 0.000004 0.053878 0.007269 1.692120
0.938571 0.000114 0.000114 0.000060 0.000004 0.053868 0.007269 1.692131
0.938582 0.000113 0.000114 0.000058 0.000004 0.053861 0.007269 1.692144
0.938593 0.000114 0.000116 0.000056 0.000005 0.053847 0.007269 1.692155
0.938616 0.000113 0.000113 0.000054 0.000005 0.053830 0.007269 1.692163
0.938623 0.000116 0.000110 0.000055 0.000005 0.053823 0.007269 1.692175
0.938631 0.000116 0.000110 0.000055 0.000006 0.053813 0.007269 1.692186
0.938639 0.000112 0.000111 0.000058 0.000005 0.053807 0.007269 1.692198
0.938649 0.000112 0.000111 0.000057 0.000004 0.053799 0.007269 1.692209
0.938659 0.000109 0.000108 0.000063 0.000004 0.053788 0.007269 1.692222
0.938671 0.000105 0.000109 0.000061 0.000003 0.053782 0.007269 1.692235
0.938683 0.000102 0.000104 0.000063 0.000003 0.053775 0.007269 1.692248
0.938695 0.000099 0.000106 0.000062 0.000003 0.053765 0.007270 1.692259
0.938709 0.000101 0.000107 0.000059 0.000003 0.053750 0.007270 1.692267
0.938720 0.000093 0.000111 0.000058 0.000003 0.053746 0.007270 1.692279
0.938727 0.000096 0.000107 0.000058 0.000003 0.053739 0.007270 1.692289
0.938732 0.000097 0.000106 0.000056 0.000003 0.053737 0.007270 1.692298
0.938738 0.000100 0.000106 0.000054 0.000004 0.053730 0.007270 1.692308
0.938751 0.000096 0.000110 0.000054 0.000004 0.053717 0.007270 1.692321
0.938762 0.000103 0.000104 0.000055 0.000003 0.053704 0.007270 1.692326
0.938771 0.000103 0.000097 0.000055 0.000003 0.053700 0.007270 1.692332
0.938782 0.000101 0.000099 0.000054 0.000003 0.053691 0.007270 1.692343
0.938795 0.000103 0.000101 0.000053 0.000003 0.053675 0.007270 1.692352
0.938800 0.000098 0.000103 0.000052 0.000003 0.053674 0.007270 1.692367
0.938807 0.000097 0.000100 0.000052 0.000003 0.053671 0.007270 1.692377
0.938818 0.000096 0.000096 0.000052 0.000003 0.053665 0.007270 1.692385
0.938832 0.000093 0.000097 0.000053 0.000003 0.053652 0.007270 1.692395
0.938839 0.000095 0.000095 0.000053 0.000003 0.053646 0.007270 1.692401
0.938851 0.000092 0.000095 0.000051 0.000003 0.053638 0.007270 1.692412
0.938859 0.000090 0.000097 0.000053 0.000003 0.053627 0.007270 1.692423
0.938866 0.000089 0.000098 0.000053 0.000004 0.053620 0.007270 1.692433
0.938869 0.000096 0.000096 0.000050 0.000004 0.053615 0.007270 1.692439
0.938881 0.000097 0.000095 0.000051 0.000004 0.053603 0.007270 1.692448
0.938891 0.000093 0.000095 0.000051 0.000004 0.053596 0.007270 1.692459
0.938898 0.000096 0.000096 0.000050 0.000004 0.053586 0.007270 1.692469
0.938901 0.000097 0.000094 0.000049 0.000004 0.053586 0.007270 1.692476
0.938902 0.000095 0.000094 0.000049 0.000004 0.053587 0.007270 1.692487
0.938904 0.000099 0.000091 0.000048 0.000004 0.053585 0.007270 1.692494
0.938916 0.000094 0.000091 0.000050 0.000004 0.053577 0.007270 1.692506
0.938924 0.000092 0.000087 0.000053 0.000004 0.053571 0.007270 1.692516
0.938934 0.000093 0.000088 0.000051 0.000004 0.053560 0.007270 1.692524
0.938947 0.000090 0.000089 0.000048 0.000004 0.053553 0.007270 1.692532
0.938954 0.000088 0.000087 0.000046 0.000004 0.053551 0.007270 1.692543
0.938964 0.000086 0.000086 0.000045 0.000005 0.053544 0.007270 1.692552
0.938976 0.000087 0.000086 0.000044 0.000005 0.053533 0.007270 1.692558
0.938976 0.000092 0.000086 0.000045 0.000005 0.053526 0.007270 1.692567
0.938986 0.000096 0.000086 0.000045 0.000004 0.053512 0.007271 1.692573
0.938994 0.000095 0.000083 0.000049 0.000004 0.053505 0.007271 1.692583
0.939000 0.000089 0.000089 0.000050 0.000004 0.053498 0.007271 1.692597
0.939009 0.000090 0.000090 0.000046 0.000004 0.053490 0.007271 1.692603
0.939011 0.000094 0.000091 0.000044 0.000004 0.053488 0.007271 1.692611
0.939020 0.000095 0.000090 0.000044 0.000004 0.053478 0.007271 1.692619
0.939029 0.000087 0.000093 0.000046 0.000004 0.053471 0.007271 1.692634
0.939039 0.000084 0.000096 0.000045 0.000004 0.053463 0.007271 1.692645
0.939040 0.000085 0.000095 0.000044 0.000004 0.053461 0.007271 1.692653
0.939045 0.000088 0.000095 0.000043 0.000004 0.053454 0.007271 1.692659
0.939049 0.000094 0.000093 0.000043 0.000004 0.053446 0.007271 1.692665
0.939053 0.000092 0.000094 0.000043 0.000003 0.053444 0.007271 1.692676
0.939056 0.000092 0.000097 0.000045 0.000003 0.053436 0.007271 1.692686
0.939064 0.000091 0.000095 0.000047 0.000003 0.053429 0.007271 1.692695
0.939075 0.000091 0.000087 0.000044 0.000004 0.053428 0.007271 1.692702
0.939078 0.000097 0.000086 0.000044 0.000004 0.053421 0.007271 1.692709
0.939075 0.000096 0.000091 0.000044 0.000004 0.053419 0.007271 1.692721
0.939078 0.000099 0.000091 0.000038 0.000004 0.053419 0.007272 1.692726
0.939084 0.000099 0.000089 0.000039 0.000004 0.053414 0.007272 1.692734
0.939087 0.000100 0.000086 0.000037 0.000004 0.053415 0.007272 1.692744
0.939090 0.000101 0.000082 0.000038 0.000004 0.053414 0.007272 1.692752
0.939093 0.000103 0.000082 0.000037 0.000005 0.053408 0.007272 1.692760
0.939091 0.000104 0.000084 0.000037 0.000004 0.053408 0.007272 1.692770
0.939094 0.000097 0.000091 0.000039 0.000004 0.053404 0.007272 1.692786
0.939101 0.000094 0.000092 0.000036 0.000003 0.053401 0.007272 1.692794
0.939108 0.000091 0.000092 0.000035 0.000003 0.053399 0.007272 1.692802
0.939111 0.000093 0.000086 0.000033 0.000003 0.053403 0.007272 1.692808
0.939121 0.000092 0.000087 0.000031 0.000003 0.053394 0.007272 1.692813
0.939131 0.000087 0.000088 0.000034 0.000003 0.053384 0.007272 1.692825
0.939143 0.000082 0.000090 0.000033 0.000003 0.053377 0.007273 1.692837
0.939140 0.000085 0.000089 0.000033 0.000002 0.053379 0.007273 1.692845
0.939143 0.000085 0.000088 0.000034 0.000002 0.053375 0.007273 1.692855
0.939145 0.000087 0.000086 0.000033 0.000002 0.053374 0.007273 1.692862
0.939149 0.000089 0.000085 0.000030 0.000003 0.053371 0.007273 1.692869
0.939147 0.000091 0.000083 0.000030 0.000003 0.053373 0.007273 1.692876
0.939148 0.000089 0.000087 0.000032 0.000003 0.053370 0.007273 1.692889
0.939150 0.000090 0.000084 0.000035 0.000003 0.053365 0.007273 1.692897
0.939154 0.000091 0.000078 0.000031 0.000002 0.053371 0.007273 1.692904
0.939162 0.000088 0.000079 0.000032 0.000002 0.053364 0.007273 1.692914
0.939172 0.000084 0.000085 0.000031 0.000002 0.053354 0.007273 1.692925
0.939177 0.000086 0.000087 0.000029 0.000002 0.053346 0.007273 1.692932
0.939175 0.000091 0.000084 0.000029 0.000002 0.053346 0.007273 1.692939
0.939172 0.000094 0.000086 0.000030 0.000002 0.053344 0.007273 1.692948
0.939172 0.000090 0.000088 0.000034 0.000002 0.053342 0.007273 1.692962
0.939175 0.000088 0.000090 0.000033 0.000001 0.053341 0.007273 1.692973
0.939174 0.000091 0.000092 0.000031 0.000001 0.053339 0.007273 1.692983
0.939174 0.000094 0.000089 0.000033 0.000001 0.053337 0.007273 1.692990
0.939175 0.000094 0.000093 0.000034 0.000001 0.053332 0.007273 1.693001
0.939180 0.000092 0.000092 0.000032 0.000001 0.053331 0.007273 1.693009
0.939184 0.000089 0.000091 0.000030 0.000001 0.053332 0.007273 1.693020
0.939186 0.000092 0.000090 0.000031 0.000001 0.053327 0.007273 1.693025
0.939185 0.000091 0.000090 0.000033 0.000001 0.053328 0.007273 1.693035
0.939184 0.000095 0.000090 0.000034 0.000001 0.053323 0.007273 1.693043
0.939186 0.000094 0.000086 0.000037 0.000001 0.053323 0.007273 1.693054
0.939193 0.000094 0.000086 0.000037 0.000001 0.053317 0.007273 1.693065
0.939196 0.000094 0.000085 0.000037 0.000000 0.053314 0.007273 1.693073
0.939195 0.000095 0.000085 0.000037 0.000000 0.053314 0.007273 1.693082
0.939202 0.000092 0.000083 0.000034 0.000000 0.053315 0.007273 1.693092
0.939206 0.000088 0.000079 0.000035 0.000000 0.053318 0.007273 1.693102
0.939204 0.000089 0.000081 0.000036 0.000000 0.053317 0.007273 1.693112
0.939208 0.000087 0.000078 0.000036 0.000001 0.053317 0.007273 1.693122
0.939212 0.000086 0.000077 0.000037 0.000001 0.053313 0.007273 1.693129
0.939216 0.000085 0.000077 0.000038 0.000001 0.053309 0.007273 1.693136
0.939215 0.000088 0.000078 0.000038 0.000002 0.053307 0.007273 1.693144
0.939220 0.000087 0.000079 0.000037 0.000002 0.053302 0.007273 1.693153
0.939222 0.000090 0.000076 0.000037 0.000002 0.053301 0.007273 1.693158
0.939229 0.000086 0.000078 0.000037 0.000002 0.053295 0.007273 1.693167
0.939232 0.000086 0.000080 0.000036 0.000003 0.053291 0.007273 1.693177
0.939242 0.000082 0.000078 0.000034 0.000003 0.053289 0.007273 1.693186
0.939244 0.000079 0.000082 0.000036 0.000003 0.053283 0.007273 1.693197
0.939246 0.000079 0.000082 0.000037 0.000003 0.053280 0.007273 1.693205
0.939249 0.000078 0.000084 0.000039 0.000003 0.053274 0.007273 1.693217
0.939251 0.000080 0.000087 0.000037 0.000003 0.053270 0.007273 1.693225
0.939253 0.000080 0.000091 0.000036 0.000003 0.053264 0.007273 1.693234
0.939258 0.000080 0.000089 0.000035 0.000003 0.053263 0.007273 1.693240
0.939257 0.000077 0.000090 0.000034 0.000003 0.053266 0.007273 1.693252
0.939257 0.000078 0.000086 0.000033 0.000003 0.053269 0.007273 1.693257
0.939262 0.000078 0.000086 0.000033 0.000003 0.053266 0.007273 1.693265
0.939265 0.000078 0.000083 0.000031 0.000003 0.053266 0.007273 1.693272
0.939265 0.000081 0.000081 0.000034 0.000003 0.053264 0.007273 1.693279
0.939270 0.000083 0.000080 0.000033 0.000003 0.053257 0.007273 1.693283
0.939274 0.000087 0.000078 0.000031 0.000004 0.053253 0.007273 1.693289
0.939274 0.000086 0.000079 0.000031 0.000004 0.053253 0.007273 1.693299
0.939280 0.000087 0.000081 0.000030 0.000004 0.053245 0.007273 1.693307
0.939281 0.000087 0.000087 0.000029 0.000004 0.053239 0.007273 1.693317
0.939287 0.000086 0.000083 0.000029 0.000004 0.053238 0.007273 1.693324
0.939290 0.000087 0.000083 0.000030 0.000004 0.053232 0.007273 1.693331
0.939299 0.000085 0.000083 0.000031 0.000005 0.053224 0.007273 1.693337
0.939304 0.000085 0.000084 0.000030 0.000005 0.053219 0.007273 1.693344
0.939305 0.000083 0.000088 0.000029 0.000005 0.053216 0.007273 1.693354
0.939307 0.000083 0.000085 0.000031 0.000005 0.053217 0.007273 1.693362
0.939309 0.000082 0.000084 0.000029 0.000004 0.053218 0.007274 1.693369
0.939314 0.000080 0.000083 0.000028 0.000004 0.053217 0.007274 1.693376
0.939320 0.000077 0.000083 0.000029 0.000004 0.053214 0.007274 1.693386
