0.367829 0.062019 0.055302 0.031791 0.001932 0.475367 0.005760 1.551843
0.368856 0.060834 0.055286 0.031734 0.001942 0.475563 0.005784 1.557911
0.370319 0.059423 0.055120 0.031567 0.001951 0.475808 0.005811 1.563760
0.372253 0.057744 0.054971 0.031384 0.001948 0.475857 0.005841 1.569533
0.374161 0.056120 0.054668 0.031145 0.001946 0.476100 0.005861 1.575153
0.376377 0.054447 0.054310 0.030836 0.001953 0.476193 0.005884 1.580541
0.378628 0.052879 0.053869 0.030507 0.001967 0.476243 0.005907 1.585790
0.381027 0.051335 0.053424 0.030124 0.001969 0.476196 0.005925 1.590916
0.383456 0.049844 0.052849 0.029694 0.001977 0.476228 0.005952 1.595851
0.385990 0.048386 0.052313 0.029253 0.001987 0.476099 0.005971 1.600711
0.388523 0.047061 0.051617 0.028800 0.001970 0.476027 0.006001 1.605384
0.391142 0.045780 0.050900 0.028401 0.001965 0.475785 0.006027 1.609913
0.393856 0.044548 0.050197 0.027886 0.001951 0.475507 0.006054 1.614378
0.396731 0.043405 0.049406 0.027482 0.001955 0.474943 0.006077 1.618692
0.399519 0.042422 0.048573 0.027039 0.001961 0.474387 0.006101 1.622839
0.402421 0.041342 0.047796 0.026540 0.001959 0.473814 0.006127 1.626958
0.405299 0.040329 0.047031 0.026114 0.001956 0.473121 0.006151 1.631018
0.408341 0.039380 0.046238 0.025631 0.001945 0.472293 0.006173 1.634923
0.411162 0.038555 0.045470 0.025198 0.001930 0.471488 0.006198 1.638728
0.414080 0.037815 0.044572 0.024769 0.001917 0.470626 0.006222 1.642466
0.417006 0.037105 0.043806 0.024352 0.001904 0.469577 0.006250 1.646156
0.420017 0.036405 0.043025 0.023938 0.001893 0.468448 0.006274 1.649754
0.422912 0.035728 0.042230 0.023465 0.001868 0.467500 0.006298 1.653291
0.425928 0.035180 0.041384 0.023014 0.001854 0.466321 0.006320 1.656704
0.428867 0.034612 0.040728 0.022591 0.001835 0.465022 0.006345 1.660117
0.431776 0.034165 0.040094 0.022179 0.001822 0.463595 0.006370 1.663436
0.434837 0.033600 0.039466 0.021740 0.001818 0.462147 0.006393 1.666777
0.437928 0.033044 0.038812 0.021393 0.001808 0.460602 0.006415 1.670084
0.440927 0.032580 0.038139 0.021040 0.001781 0.459100 0.006434 1.673284
0.443844 0.032179 0.037445 0.020618 0.001754 0.457702 0.006458 1.676430
0.446747 0.031747 0.036895 0.020278 0.001731 0.456118 0.006486 1.679588
0.449536 0.031477 0.036319 0.019925 0.001709 0.454526 0.006509 1.682698
0.452447 0.031183 0.035737 0.019584 0.001690 0.452826 0.006533 1.685787
0.455304 0.030926 0.035227 0.019275 0.001673 0.451045 0.006550 1.688818
0.458379 0.030638 0.034688 0.018925 0.001654 0.449145 0.006571 1.691783
0.461323 0.030408 0.034065 0.018614 0.001641 0.447350 0.006598 1.694729
0.464311 0.030169 0.033548 0.018264 0.001615 0.445475 0.006618 1.697668
0.467072 0.029945 0.033021 0.018032 0.001606 0.443684 0.006640 1.700607
0.469954 0.029583 0.032598 0.017756 0.001587 0.441864 0.006659 1.703564
0.472833 0.029403 0.032132 0.017509 0.001560 0.439882 0.006680 1.706444
0.475743 0.029151 0.031769 0.017306 0.001538 0.437793 0.006698 1.709383
0.478550 0.028988 0.031353 0.017088 0.001515 0.435789 0.006718 1.712247
0.481345 0.028776 0.030973 0.016859 0.001496 0.433810 0.006741 1.715114
0.484141 0.028632 0.030596 0.016639 0.001482 0.431750 0.006759 1.717914
0.486877 0.028509 0.030291 0.016439 0.001469 0.429636 0.006780 1.720724
0.489583 0.028371 0.029906 0.016291 0.001452 0.427597 0.006799 1.723540
0.492193 0.028233 0.029632 0.016128 0.001447 0.425552 0.006815 1.726367
0.494630 0.028097 0.029290 0.015967 0.001433 0.423746 0.006837 1.729167
0.497237 0.028117 0.028964 0.015756 0.001413 0.421656 0.006857 1.731863
0.499856 0.028107 0.028690 0.015558 0.001397 0.419516 0.006876 1.734602
0.502424 0.028072 0.028425 0.015415 0.001380 0.417394 0.006891 1.737319
0.504901 0.028083 0.028154 0.015285 0.001363 0.415308 0.006907 1.740070
0.507392 0.028009 0.028007 0.015175 0.001345 0.413148 0.006923 1.742876
0.509876 0.028028 0.027705 0.015047 0.001335 0.411072 0.006938 1.745555
0.512244 0.027970 0.027497 0.014988 0.001321 0.409022 0.006956 1.748300
0.514663 0.027936 0.027264 0.014862 0.001307 0.406993 0.006976 1.751053
0.516942 0.028095 0.026980 0.014757 0.001294 0.404939 0.006992 1.753691
0.519161 0.028165 0.026834 0.014631 0.001281 0.402919 0.007008 1.756438
0.521487 0.028182 0.026770 0.014560 0.001256 0.400720 0.007025 1.759235
0.523622 0.028272 0.026733 0.014505 0.001235 0.398589 0.007044 1.762006
0.525774 0.028338 0.026630 0.014395 0.001221 0.396581 0.007061 1.764772
0.527917 0.028446 0.026471 0.014320 0.001211 0.394559 0.007076 1.767507
0.529997 0.028502 0.026324 0.014247 0.001190 0.392641 0.007099 1.770247
0.531832 0.028669 0.026292 0.014192 0.001165 0.390735 0.007114 1.773054
0.533796 0.028765 0.026282 0.014206 0.001163 0.388662 0.007127 1.775847
0.535705 0.028758 0.026303 0.014253 0.001151 0.386696 0.007135 1.778725
0.537318 0.029006 0.026198 0.014266 0.001138 0.384922 0.007153 1.781505
0.539234 0.029143 0.026145 0.014184 0.001132 0.382992 0.007170 1.784267
0.541011 0.029204 0.026150 0.014218 0.001117 0.381118 0.007182 1.787180
0.542835 0.029147 0.026166 0.014234 0.001115 0.379311 0.007193 1.790108
0.544605 0.029281 0.026149 0.014190 0.001101 0.377468 0.007207 1.792940
0.546279 0.029413 0.026124 0.014200 0.001097 0.375669 0.007220 1.795829
0.547976 0.029510 0.026157 0.014198 0.001081 0.373844 0.007234 1.798743
0.549539 0.029606 0.026197 0.014208 0.001072 0.372128 0.007250 1.801663
0.551125 0.029768 0.026228 0.014182 0.001063 0.370371 0.007265 1.804541
0.552700 0.029927 0.026252 0.014209 0.001055 0.368577 0.007280 1.807440
0.554205 0.030095 0.026238 0.014212 0.001053 0.366909 0.007289 1.810305
0.555648 0.030255 0.026313 0.014240 0.001055 0.365184 0.007306 1.813240
0.557115 0.030349 0.026367 0.014251 0.001045 0.363550 0.007322 1.816243
0.558509 0.030452 0.026411 0.014271 0.001043 0.361979 0.007336 1.819266
0.559863 0.030494 0.026534 0.014346 0.001038 0.360374 0.007351 1.822323
0.561233 0.030652 0.026597 0.014407 0.001027 0.358717 0.007367 1.825310
0.562571 0.030833 0.026604 0.014455 0.001021 0.357134 0.007381 1.828267
0.563915 0.030907 0.026695 0.014477 0.001015 0.355599 0.007393 1.831304
0.565314 0.030977 0.026680 0.014540 0.001008 0.354074 0.007408 1.834360
0.566517 0.031070 0.026708 0.014584 0.001002 0.352700 0.007419 1.837394
0.567660 0.031228 0.026826 0.014627 0.001008 0.351220 0.007431 1.840497
0.568717 0.031374 0.026878 0.014725 0.000994 0.349869 0.007444 1.843553
0.569805 0.031593 0.026994 0.014721 0.000990 0.348443 0.007455 1.846635
0.570868 0.031715 0.027012 0.014769 0.000988 0.347184 0.007464 1.849763
0.571926 0.031898 0.027126 0.014871 0.000989 0.345715 0.007475 1.852904
0.572824 0.032112 0.027251 0.014917 0.000989 0.344421 0.007487 1.856076
0.573808 0.032268 0.027402 0.014934 0.000978 0.343103 0.007508 1.859233
0.574681 0.032500 0.027460 0.014962 0.000975 0.341902 0.007521 1.862374
0.575513 0.032788 0.027565 0.014991 0.000961 0.340647 0.007535 1.865521
0.576422 0.032895 0.027675 0.015060 0.000943 0.339455 0.007550 1.868778
0.577251 0.033063 0.027858 0.015165 0.000948 0.338159 0.007558 1.872047
0.578073 0.033249 0.027992 0.015227 0.000939 0.336947 0.007573 1.875304
0.578825 0.033431 0.028107 0.015282 0.000932 0.335840 0.007584 1.878574
0.579582 0.033542 0.028213 0.015341 0.000932 0.334796 0.007594 1.881906
0.580297 0.033726 0.028360 0.015441 0.000934 0.333637 0.007605 1.885241
0.581042 0.033808 0.028478 0.015515 0.000929 0.332609 0.007618 1.888587
0.581669 0.033973 0.028556 0.015603 0.000918 0.331655 0.007626 1.891974
0.582207 0.034185 0.028627 0.015688 0.000924 0.330734 0.007635 1.895297
0.582899 0.034268 0.028694 0.015755 0.000931 0.329810 0.007643 1.898666
0.583571 0.034381 0.028830 0.015787 0.000927 0.328849 0.007656 1.902022
0.584117 0.034542 0.028964 0.015820 0.000930 0.327960 0.007667 1.905436
0.584635 0.034640 0.029097 0.015908 0.000928 0.327116 0.007677 1.908866
0.585059 0.034839 0.029281 0.015999 0.000931 0.326200 0.007691 1.912356
0.585607 0.035009 0.029489 0.016094 0.000929 0.325168 0.007705 1.915794
0.586015 0.035181 0.029662 0.016135 0.000935 0.324358 0.007714 1.919252
0.586442 0.035319 0.029780 0.016173 0.000936 0.323623 0.007728 1.922741
0.586815 0.035464 0.029935 0.016233 0.000934 0.322880 0.007739 1.926209
0.587049 0.035732 0.030054 0.016329 0.000932 0.322153 0.007752 1.929706
0.587348 0.035843 0.030142 0.016420 0.000937 0.321550 0.007762 1.933215
0.587713 0.036076 0.030258 0.016434 0.000940 0.320808 0.007772 1.936674
0.587954 0.036299 0.030401 0.016479 0.000939 0.320148 0.007781 1.940220
0.588386 0.036314 0.030559 0.016582 0.000931 0.319436 0.007792 1.943820
0.588558 0.036539 0.030603 0.016655 0.000927 0.318915 0.007803 1.947346
0.588681 0.036760 0.030720 0.016819 0.000931 0.318277 0.007813 1.950975
0.588970 0.036776 0.030889 0.016938 0.000920 0.317676 0.007832 1.954651
0.589121 0.036892 0.031039 0.016993 0.000920 0.317194 0.007843 1.958275
0.589353 0.037081 0.031140 0.017028 0.000922 0.316624 0.007854 1.961850
0.589565 0.037240 0.031330 0.017043 0.000916 0.316044 0.007861 1.965511
0.589719 0.037401 0.031443 0.017123 0.000930 0.315513 0.007871 1.969149
0.589786 0.037484 0.031542 0.017230 0.000930 0.315148 0.007880 1.972839
0.589910 0.037657 0.031715 0.017309 0.000933 0.314585 0.007890 1.976520
0.589993 0.037817 0.031866 0.017367 0.000932 0.314123 0.007903 1.980219
0.590031 0.037879 0.032053 0.017482 0.000939 0.313704 0.007912 1.983992
0.590151 0.037964 0.032148 0.017500 0.000939 0.313376 0.007922 1.987663
0.590242 0.038006 0.032281 0.017609 0.000941 0.312984 0.007937 1.991369
0.590354 0.038059 0.032326 0.017737 0.000939 0.312638 0.007949 1.995103
0.590469 0.038077 0.032420 0.017794 0.000949 0.312331 0.007960 1.998858
0.590600 0.038119 0.032459 0.017769 0.000943 0.312139 0.007972 2.002604
0.590725 0.038275 0.032529 0.017786 0.000948 0.311753 0.007985 2.006282
0.590791 0.038389 0.032656 0.017791 0.000945 0.311434 0.007994 2.009992
0.590831 0.038447 0.032708 0.017899 0.000948 0.311163 0.008004 2.013767
0.590834 0.038400 0.032857 0.017950 0.000947 0.310991 0.008019 2.017625
0.590920 0.038457 0.033019 0.017916 0.000959 0.310699 0.008031 2.021346
0.590949 0.038528 0.033128 0.017967 0.000960 0.310428 0.008042 2.025123
0.590984 0.038629 0.033198 0.017982 0.000964 0.310190 0.008054 2.028875
0.591052 0.038686 0.033298 0.018005 0.000969 0.309932 0.008059 2.032643
0.591086 0.038675 0.033357 0.018099 0.000964 0.309748 0.008071 2.036474
0.591117 0.038727 0.033454 0.018090 0.000969 0.309561 0.008082 2.040230
0.591215 0.038724 0.033575 0.018141 0.000972 0.309282 0.008091 2.044020
0.591323 0.038708 0.033688 0.018171 0.000993 0.309018 0.008099 2.047844
0.591299 0.038799 0.033776 0.018178 0.000984 0.308851 0.008113 2.051655
0.591271 0.038836 0.033831 0.018185 0.000997 0.308759 0.008122 2.055464
0.591323 0.038925 0.033849 0.018212 0.000991 0.308564 0.008136 2.059229
0.591488 0.038879 0.033938 0.018260 0.000993 0.308292 0.008149 2.063070
0.591523 0.038873 0.033965 0.018305 0.000992 0.308174 0.008167 2.066881
0.591587 0.038917 0.033935 0.018297 0.000992 0.308096 0.008177 2.070628
0.591647 0.038981 0.034010 0.018304 0.000989 0.307881 0.008190 2.074392
0.591683 0.038995 0.034084 0.018365 0.001006 0.307668 0.008199 2.078206
0.591657 0.039000 0.034165 0.018329 0.001013 0.307631 0.008206 2.082029
0.591535 0.039175 0.034194 0.018347 0.001017 0.307518 0.008214 2.085822
0.591375 0.039304 0.034288 0.018381 0.001029 0.307398 0.008225 2.089697
0.591410 0.039319 0.034267 0.018401 0.001036 0.307327 0.008239 2.093476
0.591387 0.039396 0.034294 0.018431 0.001028 0.307211 0.008253 2.097325
0.591479 0.039325 0.034337 0.018493 0.001038 0.307063 0.008265 2.101208
0.591475 0.039335 0.034375 0.018531 0.001034 0.306974 0.008276 2.105062
0.591430 0.039327 0.034403 0.018580 0.001038 0.306933 0.008289 2.108904
0.591349 0.039334 0.034457 0.018585 0.001039 0.306934 0.008302 2.112774
0.591304 0.039387 0.034474 0.018646 0.001037 0.306837 0.008315 2.116592
0.591302 0.039362 0.034555 0.018669 0.001042 0.306743 0.008327 2.120467
0.591323 0.039341 0.034529 0.018733 0.001047 0.306687 0.008341 2.124359
0.591326 0.039317 0.034501 0.018811 0.001046 0.306644 0.008355 2.128255
0.591418 0.039217 0.034493 0.018783 0.001048 0.306676 0.008365 2.132092
0.591539 0.039048 0.034621 0.018765 0.001045 0.306605 0.008376 2.136008
0.591565 0.039019 0.034690 0.018773 0.001054 0.306512 0.008386 2.139840
0.591651 0.038874 0.034752 0.018805 0.001044 0.306471 0.008403 2.143718
0.591666 0.038921 0.034766 0.018810 0.001047 0.306378 0.008411 2.147477
0.591689 0.038892 0.034812 0.018802 0.001048 0.306329 0.008427 2.151318
0.591678 0.038904 0.034773 0.018797 0.001046 0.306356 0.008445 2.155124
0.591664 0.038984 0.034819 0.018764 0.001045 0.306267 0.008458 2.158890
0.591662 0.038890 0.034839 0.018853 0.001057 0.306237 0.008464 2.162776
0.591751 0.038920 0.034739 0.018841 0.001044 0.306226 0.008479 2.166522
0.591775 0.038969 0.034694 0.018835 0.001054 0.306184 0.008490 2.170259
0.591711 0.038954 0.034682 0.018805 0.001054 0.306292 0.008502 2.174065
0.591667 0.038976 0.034667 0.018809 0.001060 0.306308 0.008512 2.177826
0.591686 0.038888 0.034622 0.018859 0.001063 0.306357 0.008526 2.181636
0.591765 0.038890 0.034583 0.018816 0.001066 0.306340 0.008540 2.185369
0.591797 0.038811 0.034612 0.018818 0.001060 0.306345 0.008556 2.189203
0.591801 0.038756 0.034666 0.018823 0.001070 0.306314 0.008569 2.193063
0.591793 0.038736 0.034649 0.018795 0.001073 0.306371 0.008582 2.196855
0.591997 0.038635 0.034604 0.018790 0.001076 0.306300 0.008599 2.200616
0.592183 0.038445 0.034675 0.018803 0.001074 0.306206 0.008615 2.204484
0.592241 0.038447 0.034656 0.018832 0.001090 0.306107 0.008627 2.208271
0.592256 0.038448 0.034622 0.018781 0.001092 0.306165 0.008635 2.212022
0.592319 0.038449 0.034516 0.018805 0.001080 0.306184 0.008648 2.215771
0.592363 0.038459 0.034566 0.018762 0.001081 0.306107 0.008663 2.219492
0.592515 0.038352 0.034508 0.018782 0.001080 0.306088 0.008675 2.223287
0.592639 0.038333 0.034451 0.018742 0.001078 0.306069 0.008688 2.227040
0.592827 0.038264 0.034421 0.018819 0.001071 0.305896 0.008703 2.230819
0.592947 0.038251 0.034523 0.018830 0.001061 0.305677 0.008712 2.234595
0.593091 0.038237 0.034422 0.018729 0.001067 0.305731 0.008724 2.238293
0.593235 0.038184 0.034375 0.018637 0.001069 0.305767 0.008735 2.242027
0.593370 0.038151 0.034302 0.018610 0.001070 0.305754 0.008744 2.245724
0.593425 0.038204 0.034211 0.018618 0.001069 0.305717 0.008756 2.249419
0.593512 0.038265 0.034172 0.018661 0.001071 0.305550 0.008770 2.253127
0.593576 0.038186 0.034177 0.018649 0.001086 0.305545 0.008782 2.256873
0.593627 0.038144 0.034164 0.018632 0.001089 0.305548 0.008797 2.260569
0.593794 0.038020 0.034171 0.018609 0.001071 0.305522 0.008814 2.264290
0.593824 0.037966 0.034174 0.018583 0.001071 0.305553 0.008831 2.268023
0.593912 0.037929 0.034122 0.018554 0.001070 0.305567 0.008847 2.271730
0.593989 0.037888 0.034035 0.018591 0.001067 0.305567 0.008861 2.275430
0.594108 0.037782 0.034057 0.018531 0.001063 0.305585 0.008875 2.279189
0.594234 0.037822 0.033999 0.018488 0.001059 0.305508 0.008890 2.282856
0.594391 0.037779 0.034001 0.018438 0.001061 0.305427 0.008903 2.286582
0.594571 0.037685 0.034063 0.018415 0.001068 0.305284 0.008914 2.290335
0.594634 0.037694 0.033951 0.018386 0.001074 0.305335 0.008927 2.294028
0.594841 0.037570 0.033965 0.018410 0.001075 0.305201 0.008938 2.297773
0.595086 0.037508 0.033905 0.018377 0.001074 0.305098 0.008953 2.301382
0.595266 0.037384 0.033901 0.018415 0.001073 0.304992 0.008970 2.305157
0.595443 0.037294 0.033961 0.018375 0.001061 0.304881 0.008986 2.308892
0.595668 0.037239 0.033981 0.018257 0.001066 0.304797 0.008994 2.312552
0.595876 0.037142 0.034014 0.018206 0.001063 0.304691 0.009007 2.316284
0.595996 0.037235 0.033893 0.018147 0.001058 0.304649 0.009024 2.319850
0.596209 0.037263 0.033940 0.018059 0.001050 0.304443 0.009037 2.323464
0.596501 0.037140 0.033825 0.018085 0.001055 0.304346 0.009050 2.327112
0.596647 0.037087 0.033822 0.018061 0.001058 0.304263 0.009061 2.330790
0.596808 0.037075 0.033827 0.018043 0.001068 0.304105 0.009075 2.334422
0.597059 0.037031 0.033853 0.018050 0.001061 0.303857 0.009090 2.338066
0.597310 0.037029 0.033813 0.018060 0.001070 0.303617 0.009102 2.341696
0.597514 0.037026 0.033797 0.018023 0.001069 0.303459 0.009114 2.345290
0.597629 0.036950 0.033712 0.017960 0.001074 0.303551 0.009125 2.348921
0.597836 0.036928 0.033710 0.018004 0.001075 0.303310 0.009138 2.352573
0.597928 0.036990 0.033657 0.017933 0.001082 0.303261 0.009149 2.356137
0.598058 0.036921 0.033686 0.017903 0.001078 0.303193 0.009162 2.359820
0.598206 0.036932 0.033697 0.017926 0.001081 0.302983 0.009175 2.363473
0.598403 0.036970 0.033689 0.017917 0.001071 0.302760 0.009191 2.367107
0.598694 0.036974 0.033511 0.017874 0.001070 0.302671 0.009205 2.370667
0.598826 0.037027 0.033451 0.017860 0.001061 0.302554 0.009222 2.374237
0.598945 0.037078 0.033388 0.017834 0.001062 0.302457 0.009237 2.377836
0.599108 0.037075 0.033324 0.017802 0.001060 0.302377 0.009253 2.381429
0.599202 0.037127 0.033299 0.017831 0.001062 0.302216 0.009263 2.385082
0.599307 0.037201 0.033287 0.017817 0.001056 0.302054 0.009278 2.388680
0.599469 0.037188 0.033216 0.017845 0.001044 0.301949 0.009290 2.392289
0.599599 0.037065 0.033175 0.017882 0.001043 0.301932 0.009306 2.395998
0.599865 0.036986 0.033153 0.017928 0.001050 0.301696 0.009321 2.399650
0.600067 0.036945 0.033157 0.017942 0.001042 0.301513 0.009335 2.403306
0.600113 0.037031 0.033155 0.017940 0.001046 0.301372 0.009343 2.406922
0.600121 0.037127 0.033199 0.017917 0.001038 0.301237 0.009361 2.410517
0.600205 0.037137 0.033217 0.017914 0.001044 0.301109 0.009375 2.414204
0.600412 0.037090 0.033227 0.017952 0.001033 0.300895 0.009392 2.417856
0.600477 0.037161 0.033159 0.017908 0.001018 0.300867 0.009410 2.421412
0.600668 0.037127 0.033200 0.017938 0.001016 0.300631 0.009420 2.425065
0.600720 0.037236 0.033133 0.017910 0.001013 0.300558 0.009430 2.428654
0.600782 0.037193 0.033129 0.017927 0.001008 0.300519 0.009442 2.432360
0.600814 0.037336 0.033130 0.017938 0.001017 0.300312 0.009454 2.435947
0.600897 0.037285 0.033187 0.017944 0.001018 0.300201 0.009468 2.439601
0.601052 0.037150 0.033306 0.017962 0.001017 0.300034 0.009481 2.443324
0.601183 0.037117 0.033269 0.017965 0.001010 0.299962 0.009495 2.446965
0.601388 0.037116 0.033210 0.017999 0.001007 0.299774 0.009507 2.450567
0.601423 0.037150 0.033221 0.017983 0.001018 0.299686 0.009520 2.454210
0.601600 0.037049 0.033235 0.017990 0.001012 0.299577 0.009537 2.457863
0.601787 0.037043 0.033276 0.017943 0.001018 0.299385 0.009548 2.461467
0.601802 0.037043 0.033256 0.017973 0.001012 0.299355 0.009560 2.465093
0.601993 0.036913 0.033257 0.017981 0.001009 0.299273 0.009573 2.468791
0.602121 0.036924 0.033246 0.017922 0.001024 0.299176 0.009586 2.472410
0.602231 0.036861 0.033259 0.017906 0.001035 0.299112 0.009598 2.476052
0.602400 0.036866 0.033252 0.017829 0.001041 0.299009 0.009603 2.479671
0.602499 0.036840 0.033238 0.017812 0.001039 0.298958 0.009615 2.483295
0.602699 0.036870 0.033187 0.017786 0.001039 0.298789 0.009631 2.486852
0.602827 0.036857 0.033136 0.017781 0.001034 0.298722 0.009642 2.490449
0.602830 0.036862 0.033083 0.017764 0.001032 0.298776 0.009653 2.494035
0.603053 0.036780 0.033069 0.017737 0.001036 0.298657 0.009668 2.497647
0.603090 0.036767 0.033112 0.017695 0.001047 0.298609 0.009681 2.501281
0.603269 0.036802 0.033086 0.017706 0.001050 0.298399 0.009689 2.504858
0.603449 0.036742 0.033089 0.017675 0.001054 0.298292 0.009699 2.508452
0.603557 0.036764 0.033076 0.017663 0.001053 0.298176 0.009711 2.512052
0.603609 0.036752 0.033097 0.017668 0.001052 0.298096 0.009726 2.515697
0.603700 0.036760 0.033115 0.017666 0.001046 0.297971 0.009742 2.519307
0.603787 0.036760 0.033103 0.017677 0.001044 0.297874 0.009754 2.522927
0.603879 0.036773 0.033099 0.017677 0.001038 0.297769 0.009765 2.526497
0.603931 0.036819 0.033115 0.017690 0.001038 0.297628 0.009779 2.530116
0.604024 0.036853 0.033107 0.017656 0.001033 0.297534 0.009794 2.533709
0.604133 0.036763 0.033177 0.017713 0.001034 0.297367 0.009813 2.537404
0.604266 0.036837 0.033159 0.017688 0.001034 0.297193 0.009822 2.540960
0.604314 0.036861 0.033115 0.017733 0.001031 0.297112 0.009834 2.544596
0.604334 0.036918 0.033072 0.017754 0.001035 0.297040 0.009846 2.548227
0.604413 0.036882 0.033128 0.017757 0.001032 0.296932 0.009856 2.551893
0.604491 0.036859 0.033190 0.017777 0.001027 0.296787 0.009868 2.555589
0.604541 0.036932 0.033191 0.017775 0.001012 0.296663 0.009885 2.559191
0.604600 0.036951 0.033157 0.017755 0.001015 0.296627 0.009896 2.562817
0.604801 0.036819 0.033195 0.017749 0.001027 0.296500 0.009911 2.566459
0.604838 0.036972 0.033061 0.017700 0.001019 0.296484 0.009925 2.569998
0.604979 0.037010 0.033004 0.017707 0.001010 0.296353 0.009937 2.573575
0.605020 0.037003 0.033010 0.017744 0.001015 0.296257 0.009952 2.577233
0.605102 0.037008 0.033024 0.017782 0.001008 0.296110 0.009966 2.580882
0.605155 0.037085 0.032972 0.017796 0.001003 0.296010 0.009980 2.584485
0.605233 0.037089 0.032991 0.017763 0.001007 0.295924 0.009994 2.588128
0.605314 0.037044 0.033065 0.017732 0.001003 0.295832 0.010011 2.591808
0.605367 0.037032 0.033098 0.017706 0.001003 0.295768 0.010027 2.595453
0.605371 0.037166 0.032967 0.017701 0.001010 0.295747 0.010038 2.599012
0.605433 0.037177 0.033020 0.017729 0.001001 0.295591 0.010049 2.602691
0.605499 0.037130 0.033055 0.017717 0.001002 0.295539 0.010059 2.606345
0.605501 0.037217 0.033015 0.017701 0.001010 0.295486 0.010070 2.609958
0.605483 0.037300 0.032923 0.017759 0.001022 0.295433 0.010081 2.613594
0.605511 0.037359 0.032974 0.017725 0.001036 0.295306 0.010090 2.617223
0.605536 0.037379 0.032982 0.017686 0.001035 0.295279 0.010101 2.620889
0.605523 0.037391 0.033025 0.017727 0.001031 0.295184 0.010120 2.624576
0.605409 0.037554 0.033031 0.017693 0.001035 0.295144 0.010135 2.628186
0.605312 0.037609 0.033124 0.017653 0.001043 0.295114 0.010145 2.631846
0.605344 0.037539 0.033146 0.017705 0.001032 0.295076 0.010157 2.635568
0.605328 0.037509 0.033205 0.017772 0.001031 0.294987 0.010169 2.639290
0.605287 0.037584 0.033198 0.017814 0.001040 0.294896 0.010180 2.642945
0.605272 0.037668 0.033207 0.017805 0.001040 0.294815 0.010195 2.646570
0.605311 0.037597 0.033177 0.017805 0.001044 0.294864 0.010202 2.650220
0.605417 0.037541 0.033119 0.017852 0.001048 0.294809 0.010213 2.653905
0.605354 0.037520 0.033154 0.017860 0.001056 0.294833 0.010223 2.657626
0.605358 0.037532 0.033192 0.017888 0.001059 0.294738 0.010233 2.661326
0.605360 0.037532 0.033286 0.017873 0.001071 0.294632 0.010246 2.665027
0.605285 0.037527 0.033287 0.017898 0.001056 0.294687 0.010261 2.668717
0.605278 0.037487 0.033345 0.017933 0.001062 0.294622 0.010273 2.672457
0.605157 0.037481 0.033368 0.017942 0.001069 0.294702 0.010282 2.676224
0.605105 0.037452 0.033436 0.017973 0.001063 0.294673 0.010300 2.679952
0.605151 0.037407 0.033394 0.017992 0.001061 0.294684 0.010312 2.683676
0.605168 0.037417 0.033356 0.017997 0.001051 0.294685 0.010326 2.687363
0.605322 0.037378 0.033397 0.017966 0.001065 0.294537 0.010334 2.691015
0.605307 0.037403 0.033386 0.018007 0.001062 0.294487 0.010348 2.694645
0.605210 0.037532 0.033291 0.017984 0.001055 0.294566 0.010363 2.698251
0.605237 0.037575 0.033238 0.018002 0.001056 0.294517 0.010375 2.701899
0.605236 0.037588 0.033314 0.017964 0.001060 0.294452 0.010386 2.705604
0.605160 0.037566 0.033333 0.017927 0.001056 0.294561 0.010397 2.709335
0.605170 0.037551 0.033346 0.017908 0.001065 0.294551 0.010409 2.713008
0.605186 0.037548 0.033389 0.017903 0.001060 0.294493 0.010423 2.716726
0.605186 0.037614 0.033408 0.017818 0.001062 0.294475 0.010437 2.720375
0.605003 0.037756 0.033348 0.017844 0.001053 0.294544 0.010452 2.724028
0.604931 0.037811 0.033359 0.017856 0.001040 0.294538 0.010464 2.727710
0.604990 0.037708 0.033436 0.017886 0.001044 0.294463 0.010473 2.731426
0.604928 0.037765 0.033363 0.017867 0.001052 0.294536 0.010489 2.735049
0.604920 0.037734 0.033337 0.017865 0.001047 0.294596 0.010501 2.738786
0.604869 0.037779 0.033384 0.017857 0.001052 0.294547 0.010513 2.742467
0.604862 0.037841 0.033417 0.017877 0.001053 0.294422 0.010529 2.746127
0.604903 0.037794 0.033399 0.017819 0.001049 0.294491 0.010544 2.749810
0.604890 0.037770 0.033493 0.017825 0.001044 0.294422 0.010557 2.753521
0.604928 0.037770 0.033413 0.017853 0.001041 0.294425 0.010570 2.757224
0.604879 0.037763 0.033401 0.017881 0.001045 0.294453 0.010579 2.760962
0.604877 0.037691 0.033451 0.017902 0.001033 0.294452 0.010594 2.764688
0.604789 0.037724 0.033522 0.017900 0.001033 0.294428 0.010605 2.768371
0.604900 0.037594 0.033551 0.018013 0.001025 0.294298 0.010619 2.772130
0.604828 0.037629 0.033505 0.018055 0.001025 0.294325 0.010633 2.775779
0.604782 0.037579 0.033557 0.018032 0.001022 0.294382 0.010646 2.779511
0.604757 0.037580 0.033628 0.018068 0.001021 0.294286 0.010661 2.783200
0.604650 0.037553 0.033719 0.018065 0.001020 0.294315 0.010677 2.786936
0.604504 0.037571 0.033788 0.018056 0.001029 0.294360 0.010691 2.790669
0.604469 0.037626 0.033691 0.018054 0.001026 0.294428 0.010706 2.794307
0.604483 0.037507 0.033704 0.018049 0.001037 0.294501 0.010720 2.798024
0.604413 0.037598 0.033606 0.018084 0.001040 0.294528 0.010731 2.801671
0.604365 0.037606 0.033634 0.018105 0.001035 0.294515 0.010741 2.805404
0.604291 0.037669 0.033598 0.018086 0.001035 0.294569 0.010753 2.809083
0.604329 0.037678 0.033609 0.018118 0.001035 0.294469 0.010763 2.812762
0.604373 0.037656 0.033631 0.018151 0.001023 0.294392 0.010774 2.816449
0.604405 0.037619 0.033606 0.018180 0.001016 0.294391 0.010782 2.820148
0.604407 0.037667 0.033577 0.018164 0.001007 0.294384 0.010794 2.823773
0.604440 0.037590 0.033564 0.018144 0.001010 0.294446 0.010806 2.827474
0.604470 0.037588 0.033520 0.018156 0.001010 0.294441 0.010814 2.831135
0.604407 0.037563 0.033475 0.018173 0.001012 0.294543 0.010827 2.834802
0.604585 0.037471 0.033526 0.018143 0.001019 0.294417 0.010838 2.838489
0.604613 0.037463 0.033414 0.018126 0.001038 0.294498 0.010848 2.842102
0.604623 0.037417 0.033441 0.018116 0.001045 0.294496 0.010863 2.845815
0.604684 0.037284 0.033491 0.018071 0.001046 0.294551 0.010873 2.849528
0.604694 0.037370 0.033543 0.017998 0.001038 0.294466 0.010891 2.853145
0.604738 0.037334 0.033523 0.017989 0.001036 0.294476 0.010903 2.856814
0.604656 0.037402 0.033487 0.018000 0.001039 0.294499 0.010918 2.860492
0.604632 0.037473 0.033473 0.017966 0.001048 0.294480 0.010929 2.864112
0.604599 0.037470 0.033433 0.018036 0.001046 0.294472 0.010944 2.867793
0.604605 0.037461 0.033416 0.018076 0.001054 0.294437 0.010952 2.871499
0.604600 0.037520 0.033415 0.018043 0.001057 0.294405 0.010962 2.875115
0.604628 0.037493 0.033413 0.018041 0.001052 0.294397 0.010976 2.878796
0.604656 0.037445 0.033359 0.018042 0.001046 0.294459 0.010992 2.882459
0.604660 0.037326 0.033397 0.018089 0.001043 0.294475 0.011010 2.886201
0.604764 0.037285 0.033438 0.018076 0.001044 0.294370 0.011022 2.889848
0.604826 0.037173 0.033515 0.018084 0.001060 0.294312 0.011030 2.893582
0.604827 0.037187 0.033511 0.018083 0.001055 0.294295 0.011043 2.897273
0.604831 0.037251 0.033457 0.018027 0.001052 0.294331 0.011053 2.900861
0.604827 0.037189 0.033497 0.017996 0.001062 0.294366 0.011063 2.904555
0.604857 0.037108 0.033471 0.018012 0.001073 0.294403 0.011077 2.908238
0.604833 0.037022 0.033415 0.018015 0.001081 0.294546 0.011089 2.911897
0.604822 0.037071 0.033335 0.018014 0.001076 0.294580 0.011102 2.915530
0.604825 0.037105 0.033381 0.017964 0.001078 0.294534 0.011114 2.919145
0.604841 0.037185 0.033401 0.017902 0.001069 0.294476 0.011125 2.922753
0.604967 0.037246 0.033354 0.017858 0.001053 0.294382 0.011141 2.926350
0.605070 0.037238 0.033385 0.017854 0.001048 0.294254 0.011152 2.929961
0.605113 0.037242 0.033363 0.017893 0.001039 0.294184 0.011167 2.933567
0.605123 0.037203 0.033272 0.017903 0.001037 0.294283 0.011180 2.937188
0.605051 0.037344 0.033275 0.017868 0.001027 0.294241 0.011195 2.940747
0.605138 0.037305 0.033280 0.017831 0.001030 0.294213 0.011203 2.944387
0.605117 0.037367 0.033270 0.017806 0.001030 0.294198 0.011212 2.948056
0.605070 0.037247 0.033368 0.017880 0.001034 0.294177 0.011224 2.951776
0.605084 0.037184 0.033391 0.017851 0.001041 0.294211 0.011238 2.955479
0.605088 0.037235 0.033426 0.017819 0.001048 0.294136 0.011249 2.959096
0.605127 0.037243 0.033328 0.017839 0.001037 0.294166 0.011260 2.962744
0.605161 0.037164 0.033316 0.017855 0.001041 0.294196 0.011269 2.966456
0.605261 0.037102 0.033329 0.017840 0.001031 0.294152 0.011286 2.970081
0.605355 0.037088 0.033273 0.017822 0.001022 0.294141 0.011300 2.973680
0.605507 0.037040 0.033338 0.017814 0.001030 0.293960 0.011311 2.977338
0.605551 0.037044 0.033420 0.017779 0.001025 0.293855 0.011327 2.980979
0.605594 0.037110 0.033382 0.017811 0.001026 0.293736 0.011342 2.984607
0.605572 0.037129 0.033402 0.017765 0.001018 0.293763 0.011352 2.988261
0.605509 0.037161 0.033368 0.017758 0.001023 0.293818 0.011364 2.991878
0.605633 0.037097 0.033423 0.017712 0.001021 0.293734 0.011380 2.995533
0.605626 0.037091 0.033390 0.017793 0.001011 0.293696 0.011395 2.999223
0.605749 0.037071 0.033365 0.017799 0.001003 0.293604 0.011410 3.002878
0.605906 0.037043 0.033215 0.017850 0.000999 0.293568 0.011419 3.006475
0.605971 0.036952 0.033210 0.017854 0.001000 0.293583 0.011429 3.010128
0.606037 0.037015 0.033186 0.017854 0.000998 0.293467 0.011443 3.013734
0.606161 0.036982 0.033135 0.017892 0.000995 0.293378 0.011458 3.017334
0.606304 0.036868 0.033069 0.017909 0.000997 0.293384 0.011468 3.020956
0.606317 0.036907 0.033034 0.017919 0.001010 0.293336 0.011478 3.024598
0.606427 0.036912 0.033073 0.017915 0.000999 0.293189 0.011487 3.028241
0.606516 0.036942 0.033067 0.017958 0.001012 0.293006 0.011499 3.031832
0.606410 0.036970 0.033072 0.017885 0.001009 0.293144 0.011509 3.035414
0.606475 0.036898 0.033106 0.017929 0.001006 0.293066 0.011522 3.039114
0.606577 0.036781 0.033140 0.017920 0.000999 0.293047 0.011537 3.042769
0.606564 0.036762 0.033207 0.017853 0.000994 0.293070 0.011549 3.046466
0.606631 0.036781 0.033244 0.017799 0.000996 0.292984 0.011564 3.050069
0.606683 0.036781 0.033125 0.017786 0.001000 0.293049 0.011575 3.053655
0.606811 0.036705 0.033156 0.017749 0.001015 0.292980 0.011584 3.057280
0.606840 0.036734 0.033102 0.017718 0.001021 0.292989 0.011596 3.060864
0.606858 0.036714 0.033087 0.017736 0.001033 0.292965 0.011606 3.064502
0.606972 0.036690 0.033110 0.017709 0.001044 0.292862 0.011613 3.068116
0.606977 0.036686 0.033103 0.017690 0.001053 0.292867 0.011625 3.071734
0.607013 0.036771 0.033049 0.017690 0.001049 0.292792 0.011637 3.075262
0.607128 0.036773 0.033047 0.017634 0.001059 0.292710 0.011651 3.078831
0.607228 0.036649 0.033124 0.017651 0.001053 0.292630 0.011664 3.082494
0.607194 0.036671 0.033151 0.017688 0.001055 0.292564 0.011677 3.086152
0.607337 0.036553 0.033175 0.017684 0.001057 0.292505 0.011690 3.089806
0.607473 0.036567 0.033089 0.017680 0.001058 0.292433 0.011700 3.093357
0.607521 0.036629 0.033092 0.017614 0.001054 0.292377 0.011712 3.096884
0.607544 0.036647 0.033157 0.017625 0.001058 0.292243 0.011726 3.100509
0.607559 0.036637 0.033122 0.017669 0.001069 0.292210 0.011736 3.104164
0.607568 0.036666 0.033086 0.017674 0.001058 0.292197 0.011752 3.107731
0.607557 0.036770 0.033031 0.017649 0.001064 0.292167 0.011762 3.111275
0.607562 0.036894 0.032925 0.017617 0.001061 0.292167 0.011773 3.114772
0.607489 0.036994 0.032947 0.017579 0.001059 0.292145 0.011788 3.118350
0.607546 0.037095 0.032956 0.017533 0.001066 0.292003 0.011800 3.121926
0.607557 0.037042 0.032925 0.017534 0.001063 0.292066 0.011814 3.125598
0.607599 0.037030 0.032969 0.017554 0.001058 0.291961 0.011828 3.129248
0.607564 0.037017 0.032999 0.017553 0.001065 0.291962 0.011840 3.132884
0.607516 0.037095 0.033031 0.017549 0.001069 0.291885 0.011856 3.136502
0.607608 0.037052 0.032925 0.017580 0.001071 0.291896 0.011868 3.140135
0.607628 0.037005 0.032951 0.017582 0.001072 0.291881 0.011882 3.143776
0.607589 0.037042 0.032997 0.017604 0.001074 0.291798 0.011896 3.147418
0.607609 0.037053 0.032906 0.017618 0.001067 0.291838 0.011909 3.151009
0.607476 0.037255 0.032855 0.017600 0.001065 0.291823 0.011926 3.154573
0.607538 0.037201 0.032916 0.017636 0.001061 0.291708 0.011940 3.158234
0.607434 0.037264 0.032937 0.017650 0.001061 0.291701 0.011954 3.161909
0.607436 0.037305 0.032896 0.017562 0.001052 0.291779 0.011971 3.165502
0.607444 0.037184 0.032942 0.017622 0.001054 0.291769 0.011985 3.169220
0.607468 0.037170 0.032986 0.017648 0.001054 0.291676 0.011997 3.172879
0.607520 0.037080 0.033002 0.017683 0.001049 0.291655 0.012011 3.176550
0.607539 0.037159 0.032976 0.017681 0.001042 0.291579 0.012024 3.180109
0.607556 0.037243 0.032951 0.017617 0.001038 0.291557 0.012038 3.183639
0.607509 0.037329 0.032929 0.017628 0.001038 0.291517 0.012050 3.187296
0.607442 0.037377 0.032914 0.017627 0.001042 0.291537 0.012062 3.190943
0.607398 0.037438 0.033017 0.017675 0.001039 0.291357 0.012074 3.194571
0.607394 0.037454 0.032958 0.017756 0.001040 0.291313 0.012085 3.198219
0.607365 0.037510 0.032958 0.017778 0.001026 0.291266 0.012099 3.201874
0.607379 0.037517 0.032950 0.017816 0.001033 0.291193 0.012111 3.205509
0.607285 0.037667 0.032961 0.017768 0.001047 0.291153 0.012121 3.209100
0.607239 0.037620 0.033056 0.017806 0.001054 0.291093 0.012132 3.212877
0.607211 0.037610 0.033072 0.017830 0.001054 0.291080 0.012143 3.216534
0.607232 0.037570 0.033128 0.017836 0.001054 0.291027 0.012153 3.220203
0.607222 0.037552 0.033128 0.017835 0.001056 0.291036 0.012172 3.223907
0.607237 0.037475 0.033228 0.017824 0.001049 0.291003 0.012186 3.227626
0.607356 0.037338 0.033232 0.017850 0.001050 0.290971 0.012203 3.231363
0.607288 0.037408 0.033296 0.017828 0.001046 0.290918 0.012217 3.235024
0.607232 0.037419 0.033242 0.017837 0.001057 0.290990 0.012224 3.238666
0.607203 0.037403 0.033251 0.017816 0.001070 0.291021 0.012236 3.242323
0.607113 0.037409 0.033287 0.017836 0.001075 0.291034 0.012247 3.246028
0.607116 0.037337 0.033198 0.017904 0.001073 0.291109 0.012262 3.249750
0.607163 0.037395 0.033224 0.017893 0.001062 0.290991 0.012272 3.253369
0.607030 0.037398 0.033230 0.017930 0.001058 0.291071 0.012282 3.257081
0.606964 0.037307 0.033198 0.017946 0.001053 0.291231 0.012300 3.260776
0.606850 0.037370 0.033215 0.017969 0.001060 0.291227 0.012310 3.264462
0.606837 0.037351 0.033200 0.017975 0.001040 0.291273 0.012324 3.268140
0.606772 0.037405 0.033255 0.017940 0.001037 0.291258 0.012333 3.271756
0.606785 0.037327 0.033275 0.017918 0.001025 0.291326 0.012345 3.275458
0.606837 0.037257 0.033265 0.017912 0.001021 0.291353 0.012355 3.279158
0.606876 0.037209 0.033340 0.017881 0.001021 0.291307 0.012366 3.282808
0.606972 0.037114 0.033314 0.017902 0.001032 0.291287 0.012379 3.286475
0.607009 0.037098 0.033321 0.017813 0.001037 0.291328 0.012394 3.290096
0.607067 0.037094 0.033337 0.017812 0.001039 0.291243 0.012408 3.293713
0.607035 0.037115 0.033295 0.017825 0.001039 0.291268 0.012424 3.297308
0.607108 0.037030 0.033249 0.017854 0.001044 0.291279 0.012436 3.300981
0.607174 0.036995 0.033224 0.017796 0.001040 0.291325 0.012447 3.304591
0.607198 0.036968 0.033200 0.017835 0.001043 0.291295 0.012460 3.308275
0.607214 0.036873 0.033192 0.017961 0.001040 0.291251 0.012471 3.311965
0.607274 0.036870 0.033143 0.017947 0.001042 0.291237 0.012488 3.315598
0.607301 0.036942 0.033080 0.017885 0.001042 0.291254 0.012498 3.319186
0.607294 0.036948 0.033111 0.017835 0.001044 0.291257 0.012511 3.322798
0.607292 0.036943 0.033060 0.017823 0.001044 0.291311 0.012528 3.326407
0.607239 0.036979 0.033058 0.017827 0.001035 0.291316 0.012546 3.330073
0.607268 0.036951 0.033087 0.017885 0.001033 0.291220 0.012557 3.333713
0.607289 0.036977 0.033103 0.017851 0.001025 0.291185 0.012569 3.337299
0.607357 0.036968 0.033103 0.017866 0.001018 0.291103 0.012584 3.340891
0.607387 0.036938 0.033112 0.017845 0.001009 0.291108 0.012601 3.344515
0.607435 0.036978 0.033039 0.017811 0.001012 0.291111 0.012614 3.348102
0.607436 0.037038 0.033037 0.017804 0.001011 0.291043 0.012632 3.351698
0.607526 0.036934 0.033061 0.017792 0.001011 0.291030 0.012645 3.355331
0.607549 0.036935 0.033041 0.017765 0.001022 0.291031 0.012657 3.358944
0.607448 0.036941 0.033061 0.017783 0.001017 0.291083 0.012667 3.362596
0.607381 0.037051 0.033027 0.017846 0.001029 0.290989 0.012677 3.366195
0.607402 0.037028 0.033087 0.017828 0.001024 0.290946 0.012687 3.369844
0.607387 0.037072 0.033057 0.017850 0.001016 0.290918 0.012700 3.373427
0.607332 0.037054 0.033118 0.017811 0.001020 0.290952 0.012714 3.377049
0.607334 0.037077 0.033054 0.017786 0.001018 0.291004 0.012727 3.380671
0.607270 0.037141 0.033096 0.017768 0.001019 0.290962 0.012743 3.384312
0.607218 0.037120 0.033142 0.017820 0.001014 0.290930 0.012757 3.387992
0.607216 0.037142 0.033159 0.017844 0.001021 0.290850 0.012768 3.391659
0.607211 0.037084 0.033101 0.017886 0.001022 0.290913 0.012782 3.395360
0.607217 0.037102 0.033064 0.017938 0.001029 0.290857 0.012794 3.398988
0.607207 0.037104 0.033060 0.017961 0.001029 0.290832 0.012807 3.402653
0.607219 0.037079 0.033071 0.017975 0.001028 0.290811 0.012819 3.406321
0.607201 0.037069 0.033126 0.017921 0.001033 0.290820 0.012830 3.409985
0.607259 0.037017 0.033188 0.017865 0.001028 0.290800 0.012844 3.413643
0.607320 0.036956 0.033186 0.017914 0.001022 0.290747 0.012856 3.417310
0.607381 0.036905 0.033174 0.017965 0.001019 0.290689 0.012867 3.421016
0.607306 0.036955 0.033137 0.017967 0.001024 0.290734 0.012878 3.424632
0.607272 0.036945 0.033097 0.017964 0.001030 0.290801 0.012891 3.428288
0.607275 0.036961 0.033075 0.017988 0.001029 0.290767 0.012905 3.431910
0.607339 0.036950 0.033074 0.017903 0.001031 0.290787 0.012915 3.435505
0.607363 0.037000 0.033064 0.017942 0.001029 0.290673 0.012929 3.439106
0.607360 0.036958 0.033071 0.017944 0.001024 0.290696 0.012947 3.442750
0.607478 0.036917 0.033093 0.017957 0.001037 0.290563 0.012955 3.446404
0.607541 0.036792 0.032996 0.017994 0.001031 0.290675 0.012970 3.450051
0.607522 0.036734 0.033054 0.017966 0.001030 0.290710 0.012983 3.453727
0.607510 0.036714 0.033024 0.017862 0.001030 0.290867 0.012995 3.457319
0.607542 0.036722 0.033068 0.017887 0.001027 0.290744 0.013010 3.460921
0.607561 0.036782 0.033106 0.017836 0.001025 0.290662 0.013027 3.464484
0.607597 0.036783 0.033071 0.017838 0.001038 0.290639 0.013033 3.468078
0.607559 0.036809 0.033057 0.017806 0.001032 0.290689 0.013048 3.471689
0.607711 0.036729 0.033019 0.017793 0.001035 0.290655 0.013058 3.475283
0.607722 0.036773 0.032944 0.017791 0.001045 0.290657 0.013068 3.478831
0.607729 0.036799 0.032894 0.017805 0.001044 0.290650 0.013078 3.482458
0.607724 0.036882 0.032930 0.017723 0.001049 0.290597 0.013094 3.486039
0.607714 0.036875 0.032942 0.017738 0.001056 0.290566 0.013108 3.489676
0.607751 0.036808 0.033046 0.017732 0.001068 0.290476 0.013119 3.493331
0.607717 0.036793 0.033024 0.017731 0.001067 0.290539 0.013131 3.496929
0.607766 0.036837 0.032960 0.017727 0.001059 0.290504 0.013149 3.500479
0.607816 0.036905 0.032886 0.017757 0.001058 0.290416 0.013161 3.503993
0.607889 0.036925 0.032784 0.017738 0.001056 0.290432 0.013176 3.507553
0.607871 0.037009 0.032750 0.017730 0.001059 0.290392 0.013189 3.511110
0.607865 0.037090 0.032706 0.017717 0.001054 0.290360 0.013207 3.514691
0.607933 0.036986 0.032833 0.017712 0.001056 0.290264 0.013217 3.518334
0.607909 0.036931 0.032850 0.017707 0.001060 0.290314 0.013229 3.522014
0.607933 0.036988 0.032892 0.017721 0.001049 0.290174 0.013244 3.525626
0.607961 0.037053 0.032834 0.017707 0.001040 0.290146 0.013261 3.529184
0.607882 0.037152 0.032856 0.017692 0.001034 0.290112 0.013273 3.532822
0.607812 0.037256 0.032909 0.017675 0.001029 0.290031 0.013288 3.536422
0.607618 0.037308 0.032973 0.017720 0.001035 0.290048 0.013300 3.540103
0.607566 0.037327 0.033003 0.017702 0.001036 0.290056 0.013312 3.543710
0.607453 0.037315 0.033036 0.017740 0.001036 0.290097 0.013324 3.547400
