0.999792 0.000168 0.000028 0.000012 0.000000 0.000000 0.000000
0.999691 0.000236 0.000028 0.000006 0.000000 0.000039 0.000000
0.999417 0.000471 0.000056 0.000028 0.000000 0.000029 0.000000
0.999052 0.000771 0.000094 0.000049 0.000000 0.000034 0.000000
0.998468 0.001257 0.000148 0.000083 0.000000 0.000045 0.000000
0.997368 0.002165 0.000263 0.000142 0.000002 0.000060 0.000000
0.995574 0.003625 0.000424 0.000263 0.000003 0.000113 0.000000
0.993602 0.005177 0.000670 0.000379 0.000003 0.000169 0.000000
0.990573 0.007628 0.001016 0.000519 0.000004 0.000258 0.000000
0.987361 0.010104 0.001430 0.000734 0.000003 0.000368 0.000000
0.981481 0.014674 0.002176 0.001062 0.000005 0.000603 0.000000
0.974993 0.019645 0.003042 0.001501 0.000005 0.000815 0.000000
0.966966 0.025616 0.004193 0.002092 0.000005 0.001128 0.000000
0.956438 0.033580 0.005617 0.002797 0.000005 0.001564 0.000000
0.943942 0.042901 0.007248 0.003665 0.000007 0.002237 0.000000
0.929879 0.053215 0.009188 0.004713 0.000009 0.002995 0.000000
0.912890 0.065367 0.011809 0.006047 0.000013 0.003875 0.000000
0.894951 0.078055 0.014540 0.007465 0.000016 0.004973 0.000000
0.874409 0.091994 0.018114 0.009223 0.000022 0.006238 0.000000
0.852751 0.105833 0.022158 0.011329 0.000035 0.007894 0.000000
0.831204 0.119147 0.026351 0.013436 0.000042 0.009820 0.000000
0.809919 0.131442 0.030842 0.015733 0.000048 0.012016 0.000000
0.787422 0.143719 0.035896 0.018270 0.000053 0.014640 0.000000
0.765377 0.155107 0.040881 0.020906 0.000069 0.017661 0.000000
0.741128 0.166916 0.046632 0.023963 0.000087 0.021275 0.000000
0.721270 0.175429 0.051585 0.026740 0.000100 0.024876 0.000000
0.700529 0.183302 0.057025 0.029715 0.000118 0.029312 0.000000
0.680528 0.190158 0.062538 0.032576 0.000139 0.034060 0.000000
0.662088 0.195161 0.067932 0.035417 0.000164 0.039239 0.000000
0.644652 0.198747 0.073177 0.038309 0.000192 0.044923 0.000000
0.629289 0.200815 0.078118 0.040897 0.000214 0.050667 0.000000
0.614419 0.202389 0.082825 0.043353 0.000234 0.056780 0.000000
0.599042 0.203281 0.087711 0.045869 0.000257 0.063839 0.000001
0.586507 0.203013 0.091695 0.047817 0.000286 0.070681 0.000001
0.573586 0.202435 0.095846 0.049921 0.000306 0.077904 0.000001
0.561680 0.201166 0.099705 0.052009 0.000322 0.085116 0.000001
0.550003 0.199256 0.103276 0.053943 0.000342 0.093178 0.000003
0.539988 0.197333 0.106151 0.055507 0.000366 0.100652 0.000003
0.530551 0.194289 0.108830 0.057096 0.000393 0.108835 0.000005
0.520524 0.192359 0.111483 0.058536 0.000421 0.116670 0.000007
0.509985 0.189974 0.114153 0.060018 0.000454 0.125407 0.000008
0.500265 0.187287 0.116578 0.061226 0.000478 0.134156 0.000010
0.489415 0.185069 0.118911 0.062439 0.000516 0.143639 0.000012
0.480213 0.182681 0.120731 0.063495 0.000553 0.152314 0.000013
0.470116 0.179429 0.122732 0.064640 0.000580 0.162488 0.000015
0.461102 0.175841 0.124537 0.065535 0.000611 0.172358 0.000017
0.453555 0.171901 0.125678 0.066199 0.000634 0.182014 0.000019
0.446258 0.168261 0.126624 0.066689 0.000647 0.191499 0.000021
0.437475 0.163792 0.127744 0.067376 0.000678 0.202912 0.000023
0.430061 0.159486 0.128487 0.067825 0.000715 0.213401 0.000025
0.423579 0.155708 0.128873 0.068023 0.000744 0.223046 0.000027
0.416095 0.150662 0.129290 0.068124 0.000767 0.235033 0.000029
0.410427 0.146085 0.129290 0.068210 0.000795 0.245159 0.000034
0.405928 0.141086 0.129018 0.068167 0.000821 0.254941 0.000038
0.401033 0.136270 0.128682 0.068244 0.000843 0.264889 0.000039
0.397248 0.130958 0.127762 0.067840 0.000884 0.275265 0.000042
0.394259 0.125654 0.126382 0.067182 0.000912 0.285567 0.000044
0.391870 0.120919 0.124863 0.066550 0.000926 0.294823 0.000048
0.389060 0.116536 0.123630 0.065860 0.000943 0.303918 0.000053
0.386596 0.112206 0.122365 0.065126 0.000957 0.312695 0.000054
0.384959 0.107463 0.120448 0.063954 0.000976 0.322143 0.000057
0.382927 0.103621 0.118537 0.062898 0.000997 0.330961 0.000059
0.381551 0.099860 0.116349 0.061739 0.001015 0.339423 0.000062
0.380052 0.095645 0.114121 0.060519 0.001036 0.348562 0.000065
0.378766 0.092050 0.112064 0.059464 0.001039 0.356550 0.000069
0.377999 0.088258 0.109805 0.058274 0.001038 0.364553 0.000073
0.377593 0.084943 0.107557 0.057120 0.001041 0.371666 0.000080
0.377850 0.082022 0.105506 0.055993 0.001051 0.377493 0.000085
0.377865 0.078012 0.102487 0.054412 0.001053 0.386084 0.000087
0.378210 0.075260 0.100363 0.053262 0.001056 0.391757 0.000092
0.378979 0.072199 0.097936 0.052021 0.001047 0.397721 0.000097
0.379845 0.069657 0.095526 0.050714 0.001035 0.403122 0.000101
0.381216 0.067286 0.092917 0.049376 0.001030 0.408072 0.000103
0.382704 0.065021 0.090537 0.048120 0.001017 0.412496 0.000104
0.384575 0.062250 0.087536 0.046670 0.001018 0.417845 0.000107
0.386596 0.060208 0.085082 0.045308 0.001020 0.421676 0.000110
0.388857 0.058190 0.082586 0.043945 0.001019 0.425294 0.000111
0.391327 0.056733 0.080788 0.042924 0.001009 0.427103 0.000115
0.393650 0.054645 0.078273 0.041608 0.001004 0.430700 0.000119
0.396707 0.053211 0.075782 0.040304 0.000992 0.432882 0.000123
0.399006 0.052187 0.074088 0.039239 0.000984 0.434369 0.000127
0.402685 0.051260 0.071916 0.038000 0.000974 0.435033 0.000130
0.404803 0.050199 0.069729 0.036926 0.000956 0.437258 0.000130
0.406613 0.049561 0.068020 0.035990 0.000945 0.438736 0.000134
0.408986 0.049340 0.066384 0.035128 0.000939 0.439088 0.000134
0.409938 0.048427 0.064992 0.034299 0.000940 0.441267 0.000137
0.412725 0.048184 0.063157 0.033303 0.000924 0.441566 0.000142
0.413005 0.047258 0.061867 0.032665 0.000908 0.444152 0.000146
0.415290 0.046985 0.060419 0.031845 0.000903 0.444407 0.000151
0.416912 0.046496 0.059249 0.031179 0.000893 0.445116 0.000154
0.418893 0.046011 0.057868 0.030439 0.000882 0.445748 0.000160
0.420465 0.044957 0.056451 0.029754 0.000871 0.447340 0.000163
0.422197 0.044412 0.055351 0.029135 0.000865 0.447873 0.000166
0.424106 0.043472 0.054164 0.028458 0.000858 0.448774 0.000169
0.426041 0.042741 0.053205 0.027864 0.000858 0.449119 0.000171
0.428240 0.042120 0.052040 0.027263 0.000847 0.449314 0.000175
0.430230 0.041410 0.050831 0.026714 0.000830 0.449804 0.000180
0.432568 0.040884 0.049645 0.026102 0.000831 0.449787 0.000182
0.434510 0.040671 0.048969 0.025834 0.000827 0.449004 0.000185
0.436831 0.039938 0.047814 0.025266 0.000819 0.449141 0.000190
0.438990 0.039478 0.046962 0.024843 0.000809 0.448722 0.000197
0.441170 0.039154 0.046093 0.024493 0.000793 0.448100 0.000199
0.443251 0.038873 0.045447 0.024183 0.000782 0.447263 0.000201
0.445407 0.038334 0.044434 0.023609 0.000774 0.447239 0.000203
0.447267 0.038219 0.043906 0.023325 0.000755 0.446322 0.000206
0.449665 0.038123 0.043058 0.022873 0.000748 0.445326 0.000208
0.451567 0.037827 0.042303 0.022525 0.000745 0.444823 0.000210
0.453674 0.037441 0.041538 0.022019 0.000734 0.444380 0.000213
0.456098 0.037365 0.040843 0.021663 0.000719 0.443094 0.000218
0.457939 0.037332 0.040443 0.021424 0.000722 0.441918 0.000222
0.459760 0.037411 0.040038 0.021128 0.000716 0.440726 0.000221
0.462060 0.037334 0.039436 0.020803 0.000707 0.439436 0.000224
0.464234 0.037215 0.039012 0.020530 0.000693 0.438089 0.000227
0.466053 0.037143 0.038619 0.020285 0.000676 0.436996 0.000228
0.467913 0.037177 0.038253 0.020053 0.000661 0.435712 0.000230
0.469981 0.037177 0.037918 0.019843 0.000651 0.434196 0.000233
0.471936 0.037192 0.037427 0.019663 0.000640 0.432905 0.000237
0.473355 0.037231 0.037194 0.019610 0.000626 0.431744 0.000241
0.475224 0.037283 0.036873 0.019428 0.000617 0.430333 0.000243
0.476676 0.037495 0.036676 0.019318 0.000609 0.428979 0.000248
0.478563 0.037640 0.036420 0.019124 0.000587 0.427415 0.000251
0.479734 0.037957 0.036273 0.019036 0.000580 0.426164 0.000256
0.481451 0.038149 0.036118 0.018899 0.000588 0.424538 0.000257
0.483762 0.037731 0.035925 0.018733 0.000588 0.422999 0.000262
0.486275 0.036933 0.035738 0.018543 0.000576 0.421667 0.000268
0.489331 0.035768 0.035630 0.018298 0.000563 0.420136 0.000274
0.492283 0.034440 0.035703 0.018111 0.000567 0.418621 0.000275
0.496293 0.032847 0.035345 0.017716 0.000554 0.416967 0.000279
0.499728 0.031330 0.035050 0.017372 0.000548 0.415690 0.000282
0.503394 0.029621 0.034805 0.017082 0.000550 0.414266 0.000282
0.507475 0.027981 0.034220 0.016666 0.000547 0.412824 0.000287
0.511434 0.026443 0.033788 0.016260 0.000539 0.411250 0.000287
0.515763 0.024820 0.033244 0.015761 0.000527 0.409597 0.000288
0.519925 0.023416 0.032575 0.015300 0.000514 0.407979 0.000291
0.524416 0.022042 0.031754 0.014824 0.000507 0.406161 0.000296
0.528609 0.020725 0.031017 0.014373 0.000495 0.404482 0.000299
0.532937 0.019430 0.030316 0.013947 0.000488 0.402586 0.000296
0.537347 0.018195 0.029448 0.013500 0.000487 0.400724 0.000299
0.541768 0.017027 0.028679 0.013067 0.000474 0.398685 0.000300
0.546542 0.015937 0.027811 0.012601 0.000456 0.396351 0.000303
0.550686 0.014907 0.027005 0.012138 0.000450 0.394510 0.000304
0.555680 0.013952 0.026180 0.011589 0.000435 0.391855 0.000309
0.559974 0.013053 0.025324 0.011118 0.000423 0.389798 0.000310
0.564444 0.012144 0.024540 0.010747 0.000406 0.387409 0.000310
0.569137 0.011358 0.023580 0.010285 0.000399 0.384929 0.000311
0.573529 0.010606 0.022728 0.009844 0.000397 0.382582 0.000314
0.577978 0.009893 0.021899 0.009440 0.000385 0.380089 0.000315
0.582922 0.009215 0.021089 0.008972 0.000384 0.377103 0.000315
0.587048 0.008618 0.020275 0.008550 0.000380 0.374810 0.000318
0.591363 0.008113 0.019514 0.008199 0.000366 0.372127 0.000319
0.596174 0.007564 0.018688 0.007776 0.000362 0.369114 0.000322
0.600441 0.007106 0.017963 0.007401 0.000348 0.366419 0.000322
0.604996 0.006648 0.017207 0.007086 0.000336 0.363400 0.000327
0.609298 0.006202 0.016465 0.006760 0.000336 0.360610 0.000330
0.613891 0.005825 0.015784 0.006448 0.000326 0.357396 0.000330
0.618310 0.005432 0.015053 0.006110 0.000319 0.354444 0.000332
0.622524 0.005114 0.014380 0.005803 0.000316 0.351531 0.000332
0.626896 0.004837 0.013753 0.005515 0.000309 0.348357 0.000334
0.631288 0.004507 0.013125 0.005256 0.000298 0.345194 0.000333
0.635464 0.004265 0.012494 0.005020 0.000286 0.342139 0.000333
0.639830 0.004009 0.011907 0.004764 0.000279 0.338874 0.000337
0.643748 0.003795 0.011352 0.004582 0.000271 0.335912 0.000339
0.647888 0.003578 0.010846 0.004350 0.000255 0.332744 0.000338
0.651986 0.003357 0.010312 0.004133 0.000250 0.329626 0.000337
0.656066 0.003184 0.009858 0.003959 0.000243 0.326352 0.000338
0.660337 0.002987 0.009358 0.003739 0.000231 0.323011 0.000336
0.664246 0.002821 0.008954 0.003555 0.000229 0.319855 0.000340
0.668232 0.002676 0.008518 0.003413 0.000221 0.316603 0.000335
0.672232 0.002509 0.008158 0.003258 0.000210 0.313298 0.000335
0.676241 0.002387 0.007696 0.003107 0.000199 0.310031 0.000338
0.679394 0.002279 0.007314 0.002961 0.000195 0.307513 0.000345
0.683671 0.002136 0.006960 0.002802 0.000193 0.303893 0.000344
0.687432 0.002041 0.006625 0.002626 0.000186 0.300748 0.000342
0.690897 0.001938 0.006310 0.002486 0.000183 0.297842 0.000344
0.694285 0.001855 0.006018 0.002348 0.000176 0.294969 0.000349
0.698335 0.001765 0.005718 0.002224 0.000175 0.291437 0.000345
0.702181 0.001669 0.005411 0.002103 0.000171 0.288120 0.000346
0.705523 0.001608 0.005189 0.002001 0.000163 0.285171 0.000345
0.709078 0.001519 0.004931 0.001881 0.000160 0.282088 0.000343
0.712726 0.001445 0.004723 0.001783 0.000151 0.278824 0.000347
0.716233 0.001368 0.004478 0.001686 0.000151 0.275738 0.000346
0.719702 0.001292 0.004257 0.001606 0.000145 0.272646 0.000353
0.723158 0.001223 0.004067 0.001522 0.000142 0.269542 0.000348
0.726580 0.001180 0.003840 0.001430 0.000131 0.266484 0.000355
0.729769 0.001130 0.003660 0.001365 0.000128 0.263601 0.000347
0.733031 0.001084 0.003482 0.001283 0.000123 0.260647 0.000349
0.736442 0.001029 0.003298 0.001235 0.000121 0.257517 0.000357
0.739494 0.000987 0.003173 0.001173 0.000112 0.254708 0.000353
0.742681 0.000930 0.003034 0.001111 0.000111 0.251781 0.000352
0.745993 0.000886 0.002876 0.001060 0.000107 0.248728 0.000350
0.748628 0.000857 0.002772 0.001012 0.000103 0.246275 0.000353
0.752007 0.000818 0.002636 0.000963 0.000100 0.243125 0.000350
0.755025 0.000765 0.002518 0.000909 0.000101 0.240326 0.000356
0.757757 0.000760 0.002412 0.000877 0.000096 0.237743 0.000356
0.760948 0.000733 0.002283 0.000824 0.000095 0.234767 0.000350
0.764020 0.000705 0.002214 0.000786 0.000094 0.231825 0.000354
0.766725 0.000677 0.002077 0.000738 0.000092 0.229340 0.000351
0.769794 0.000664 0.001977 0.000696 0.000090 0.226424 0.000355
0.772339 0.000631 0.001904 0.000668 0.000091 0.224016 0.000349
0.774972 0.000601 0.001815 0.000637 0.000091 0.221532 0.000352
0.777926 0.000572 0.001728 0.000606 0.000085 0.218732 0.000350
0.780607 0.000572 0.001648 0.000582 0.000075 0.216158 0.000358
0.783279 0.000546 0.001592 0.000559 0.000076 0.213604 0.000345
0.785849 0.000539 0.001514 0.000541 0.000068 0.211137 0.000351
0.788524 0.000504 0.001440 0.000513 0.000069 0.208594 0.000355
0.791367 0.000470 0.001378 0.000494 0.000065 0.205867 0.000359
0.793885 0.000436 0.001306 0.000476 0.000066 0.203478 0.000354
0.796531 0.000431 0.001252 0.000462 0.000065 0.200903 0.000355
0.799089 0.000421 0.001185 0.000434 0.000063 0.198461 0.000347
0.801706 0.000389 0.001123 0.000419 0.000060 0.195944 0.000359
0.803960 0.000392 0.001088 0.000410 0.000058 0.193742 0.000352
0.806478 0.000383 0.001017 0.000391 0.000057 0.191317 0.000357
0.809008 0.000366 0.000994 0.000374 0.000051 0.188857 0.000350
0.810948 0.000363 0.000956 0.000363 0.000049 0.186964 0.000358
0.813773 0.000342 0.000916 0.000349 0.000051 0.184215 0.000353
0.815737 0.000336 0.000872 0.000329 0.000049 0.182318 0.000357
0.817900 0.000345 0.000838 0.000326 0.000049 0.180186 0.000355
0.820713 0.000332 0.000794 0.000306 0.000044 0.177458 0.000353
0.822870 0.000338 0.000769 0.000302 0.000041 0.175326 0.000354
0.825186 0.000305 0.000721 0.000285 0.000041 0.173104 0.000358
0.827130 0.000301 0.000724 0.000278 0.000036 0.171175 0.000356
0.829448 0.000288 0.000670 0.000265 0.000037 0.168938 0.000354
0.831372 0.000278 0.000638 0.000248 0.000035 0.167078 0.000351
0.833521 0.000255 0.000603 0.000241 0.000037 0.164993 0.000351
0.835493 0.000249 0.000584 0.000237 0.000034 0.163052 0.000351
0.837598 0.000235 0.000553 0.000226 0.000034 0.160996 0.000360
0.839783 0.000238 0.000540 0.000219 0.000034 0.158832 0.000354
0.841993 0.000225 0.000521 0.000211 0.000032 0.156665 0.000351
0.843911 0.000226 0.000494 0.000195 0.000031 0.154782 0.000361
0.845730 0.000210 0.000474 0.000195 0.000030 0.153009 0.000354
0.847892 0.000210 0.000462 0.000188 0.000032 0.150859 0.000357
0.849547 0.000191 0.000430 0.000177 0.000030 0.149277 0.000349
0.851780 0.000195 0.000407 0.000179 0.000030 0.147048 0.000361
0.853643 0.000189 0.000403 0.000171 0.000029 0.145217 0.000347
0.855366 0.000180 0.000404 0.000165 0.000029 0.143509 0.000348
0.857224 0.000170 0.000382 0.000150 0.000027 0.141691 0.000357
0.858878 0.000160 0.000369 0.000144 0.000028 0.140063 0.000358
0.860510 0.000152 0.000353 0.000135 0.000023 0.138473 0.000354
0.862522 0.000154 0.000347 0.000132 0.000025 0.136473 0.000346
0.864234 0.000148 0.000328 0.000132 0.000022 0.134782 0.000354
0.866017 0.000142 0.000327 0.000128 0.000022 0.133010 0.000354
0.867646 0.000136 0.000326 0.000133 0.000023 0.131374 0.000361
0.869015 0.000129 0.000311 0.000122 0.000023 0.130044 0.000356
0.870888 0.000128 0.000299 0.000117 0.000020 0.128188 0.000361
0.872416 0.000126 0.000287 0.000116 0.000020 0.126682 0.000353
0.874261 0.000128 0.000292 0.000111 0.000021 0.124833 0.000354
0.875867 0.000126 0.000283 0.000110 0.000022 0.123251 0.000342
0.877361 0.000125 0.000275 0.000103 0.000021 0.121763 0.000353
0.878550 0.000126 0.000283 0.000103 0.000021 0.120578 0.000339
0.880761 0.000118 0.000260 0.000105 0.000022 0.118388 0.000346
0.882066 0.000113 0.000247 0.000102 0.000018 0.117099 0.000356
0.883660 0.000119 0.000244 0.000096 0.000019 0.115515 0.000347
0.884839 0.000110 0.000241 0.000096 0.000021 0.114338 0.000356
0.886480 0.000111 0.000234 0.000088 0.000019 0.112716 0.000353
0.888046 0.000095 0.000225 0.000092 0.000021 0.111164 0.000358
0.889251 0.000096 0.000236 0.000084 0.000017 0.109962 0.000354
0.890396 0.000096 0.000231 0.000082 0.000018 0.108832 0.000345
0.892397 0.000090 0.000229 0.000076 0.000019 0.106848 0.000341
0.893331 0.000089 0.000216 0.000077 0.000017 0.105927 0.000342
0.895430 0.000089 0.000212 0.000077 0.000020 0.103820 0.000353
0.896780 0.000094 0.000224 0.000073 0.000017 0.102475 0.000336
0.897898 0.000088 0.000205 0.000067 0.000017 0.101380 0.000346
0.899464 0.000095 0.000196 0.000064 0.000017 0.099818 0.000347
0.900912 0.000099 0.000196 0.000063 0.000016 0.098355 0.000360
0.902022 0.000096 0.000189 0.000061 0.000019 0.097268 0.000343
0.902786 0.000096 0.000187 0.000063 0.000017 0.096506 0.000344
0.904166 0.000097 0.000185 0.000065 0.000018 0.095129 0.000339
0.905658 0.000084 0.000175 0.000058 0.000019 0.093666 0.000341
0.906953 0.000085 0.000181 0.000053 0.000017 0.092364 0.000346
0.908275 0.000084 0.000164 0.000051 0.000019 0.091066 0.000341
0.909356 0.000077 0.000164 0.000047 0.000013 0.089991 0.000352
0.910601 0.000077 0.000160 0.000046 0.000015 0.088752 0.000349
0.912001 0.000063 0.000154 0.000048 0.000016 0.087375 0.000342
0.912894 0.000076 0.000159 0.000046 0.000013 0.086463 0.000348
0.914402 0.000067 0.000146 0.000045 0.000015 0.084989 0.000335
0.915501 0.000071 0.000151 0.000046 0.000013 0.083880 0.000337
0.916134 0.000066 0.000149 0.000046 0.000014 0.083252 0.000339
0.917531 0.000072 0.000143 0.000040 0.000014 0.081877 0.000322
0.918606 0.000068 0.000146 0.000036 0.000014 0.080796 0.000334
0.919843 0.000064 0.000136 0.000039 0.000014 0.079576 0.000328
0.920524 0.000064 0.000139 0.000035 0.000012 0.078892 0.000333
0.921924 0.000067 0.000138 0.000037 0.000010 0.077491 0.000333
0.923073 0.000073 0.000143 0.000030 0.000013 0.076338 0.000330
0.923905 0.000077 0.000137 0.000032 0.000015 0.075498 0.000337
0.925209 0.000085 0.000129 0.000035 0.000012 0.074202 0.000328
0.925992 0.000082 0.000130 0.000031 0.000013 0.073427 0.000326
0.926725 0.000090 0.000133 0.000035 0.000013 0.072670 0.000334
0.927951 0.000103 0.000121 0.000039 0.000015 0.071448 0.000323
0.929324 0.000106 0.000137 0.000039 0.000013 0.070057 0.000324
0.930008 0.000102 0.000124 0.000040 0.000015 0.069395 0.000316
0.930901 0.000102 0.000136 0.000041 0.000016 0.068491 0.000312
0.931855 0.000101 0.000146 0.000041 0.000013 0.067541 0.000303
0.931906 0.000108 0.000140 0.000041 0.000017 0.067464 0.000324
0.933720 0.000112 0.000136 0.000041 0.000014 0.065669 0.000307
0.934321 0.000098 0.000125 0.000041 0.000012 0.065092 0.000311
0.935229 0.000091 0.000124 0.000042 0.000011 0.064216 0.000287
0.935689 0.000090 0.000131 0.000041 0.000010 0.063729 0.000311
0.936443 0.000087 0.000130 0.000039 0.000009 0.062984 0.000308
0.937158 0.000089 0.000110 0.000030 0.000010 0.062298 0.000303
0.947943 0.000029 0.000039 0.000010 0.000004 0.051749 0.000226
