0.368368 0.061476 0.055235 0.031744 0.001941 0.475476 0.005760 1.551760
0.370905 0.059057 0.055116 0.031553 0.001945 0.475632 0.005791 1.557567
0.374342 0.056037 0.054875 0.031183 0.001938 0.475808 0.005818 1.563140
0.378230 0.052824 0.054547 0.030706 0.001942 0.475908 0.005843 1.568450
0.382510 0.049597 0.054101 0.030176 0.001937 0.475811 0.005870 1.573460
0.387006 0.046434 0.053383 0.029589 0.001935 0.475755 0.005899 1.578081
0.391675 0.043312 0.052532 0.028925 0.001933 0.475701 0.005922 1.582460
0.396479 0.040425 0.051603 0.028108 0.001935 0.475501 0.005948 1.586535
0.401344 0.037548 0.050641 0.027399 0.001935 0.475164 0.005970 1.590417
0.406390 0.034906 0.049576 0.026512 0.001947 0.474676 0.005994 1.593981
0.411508 0.032481 0.048427 0.025601 0.001938 0.474028 0.006018 1.597276
0.416716 0.030231 0.047076 0.024762 0.001923 0.473250 0.006042 1.600300
0.421935 0.028125 0.045701 0.023861 0.001921 0.472391 0.006065 1.603131
0.427058 0.026103 0.044341 0.023014 0.001889 0.471502 0.006093 1.605826
0.432288 0.024316 0.042941 0.022119 0.001873 0.470345 0.006118 1.608285
0.437632 0.022630 0.041445 0.021292 0.001858 0.468999 0.006144 1.610550
0.442897 0.021019 0.040005 0.020481 0.001837 0.467591 0.006169 1.612741
0.448165 0.019604 0.038643 0.019635 0.001807 0.465956 0.006191 1.614750
0.453420 0.018291 0.037135 0.018855 0.001784 0.464303 0.006212 1.616620
0.458601 0.017122 0.035716 0.018059 0.001759 0.462506 0.006237 1.618311
0.463948 0.015952 0.034378 0.017303 0.001737 0.460423 0.006259 1.619952
0.469152 0.014964 0.032986 0.016517 0.001709 0.458391 0.006280 1.621423
0.474452 0.014009 0.031628 0.015798 0.001688 0.456126 0.006298 1.622849
0.479794 0.013117 0.030335 0.015096 0.001668 0.453671 0.006319 1.624203
0.485079 0.012325 0.029061 0.014379 0.001642 0.451174 0.006339 1.625424
0.490275 0.011554 0.027863 0.013728 0.001616 0.448609 0.006356 1.626591
0.495446 0.010837 0.026684 0.013104 0.001577 0.445973 0.006379 1.627708
0.500627 0.010156 0.025488 0.012512 0.001549 0.443274 0.006395 1.628754
0.505642 0.009549 0.024355 0.011939 0.001520 0.440582 0.006413 1.629728
0.510785 0.008993 0.023355 0.011385 0.001481 0.437568 0.006433 1.630634
0.515872 0.008509 0.022362 0.010843 0.001465 0.434504 0.006446 1.631490
0.520952 0.008047 0.021364 0.010328 0.001434 0.431405 0.006471 1.632290
0.526073 0.007630 0.020368 0.009835 0.001402 0.428205 0.006489 1.633020
0.531145 0.007189 0.019445 0.009384 0.001364 0.424966 0.006509 1.633785
0.536230 0.006848 0.018517 0.008940 0.001328 0.421608 0.006529 1.634456
0.541143 0.006536 0.017652 0.008493 0.001299 0.418333 0.006544 1.635088
0.546064 0.006200 0.016846 0.008095 0.001278 0.414960 0.006556 1.635710
0.550920 0.005886 0.016117 0.007707 0.001256 0.411541 0.006573 1.636315
0.555761 0.005602 0.015412 0.007318 0.001220 0.408095 0.006592 1.636884
0.560545 0.005334 0.014689 0.006991 0.001186 0.404645 0.006611 1.637416
0.565396 0.005105 0.014030 0.006656 0.001149 0.401036 0.006629 1.637914
0.570138 0.004865 0.013351 0.006333 0.001113 0.397550 0.006650 1.638391
0.574836 0.004626 0.012773 0.006035 0.001082 0.393984 0.006663 1.638891
0.579507 0.004425 0.012178 0.005738 0.001047 0.390423 0.006682 1.639333
0.584153 0.004221 0.011627 0.005460 0.001026 0.386819 0.006695 1.639767
0.588733 0.004073 0.011086 0.005166 0.001000 0.383234 0.006708 1.640152
0.593287 0.003890 0.010579 0.004906 0.000980 0.379641 0.006719 1.640558
0.597751 0.003729 0.010094 0.004681 0.000952 0.376064 0.006730 1.640931
0.602188 0.003569 0.009659 0.004479 0.000936 0.372430 0.006740 1.641293
0.606700 0.003429 0.009191 0.004272 0.000916 0.368743 0.006749 1.641623
0.611050 0.003300 0.008778 0.004063 0.000880 0.365164 0.006764 1.641946
0.615408 0.003158 0.008381 0.003885 0.000848 0.361542 0.006779 1.642272
0.619628 0.003042 0.008006 0.003718 0.000823 0.357990 0.006791 1.642577
0.623904 0.002953 0.007652 0.003531 0.000789 0.354365 0.006805 1.642850
0.628138 0.002841 0.007326 0.003348 0.000765 0.350767 0.006815 1.643144
0.632361 0.002780 0.006973 0.003194 0.000741 0.347125 0.006826 1.643392
0.636556 0.002695 0.006675 0.003052 0.000723 0.343464 0.006834 1.643651
0.640641 0.002595 0.006396 0.002942 0.000702 0.339883 0.006842 1.643929
0.644686 0.002518 0.006123 0.002822 0.000675 0.336322 0.006853 1.644170
0.648702 0.002430 0.005859 0.002698 0.000656 0.332795 0.006861 1.644408
0.652665 0.002348 0.005625 0.002595 0.000636 0.329262 0.006868 1.644652
0.656675 0.002265 0.005395 0.002477 0.000613 0.325698 0.006877 1.644898
0.660606 0.002220 0.005180 0.002357 0.000595 0.322158 0.006884 1.645109
0.664536 0.002158 0.004947 0.002264 0.000575 0.318629 0.006891 1.645319
0.668350 0.002074 0.004750 0.002169 0.000562 0.315196 0.006900 1.645546
0.672137 0.002025 0.004544 0.002071 0.000544 0.311771 0.006907 1.645742
0.675932 0.001964 0.004382 0.002001 0.000523 0.308283 0.006916 1.645944
0.679615 0.001905 0.004197 0.001931 0.000507 0.304922 0.006924 1.646139
0.683304 0.001845 0.004031 0.001849 0.000496 0.301548 0.006928 1.646322
0.686945 0.001778 0.003896 0.001781 0.000479 0.298186 0.006935 1.646510
0.690492 0.001749 0.003750 0.001706 0.000467 0.294893 0.006943 1.646674
0.694008 0.001706 0.003616 0.001644 0.000449 0.291630 0.006948 1.646844
0.697580 0.001652 0.003497 0.001572 0.000434 0.288309 0.006956 1.647015
0.700979 0.001616 0.003364 0.001504 0.000422 0.285155 0.006961 1.647170
0.704344 0.001576 0.003211 0.001454 0.000409 0.282042 0.006965 1.647324
0.707775 0.001521 0.003080 0.001402 0.000398 0.278855 0.006969 1.647490
0.711110 0.001473 0.002986 0.001347 0.000381 0.275727 0.006976 1.647640
0.714382 0.001440 0.002873 0.001289 0.000372 0.272666 0.006980 1.647785
0.717643 0.001405 0.002774 0.001250 0.000361 0.269583 0.006985 1.647923
0.720861 0.001382 0.002657 0.001206 0.000349 0.266558 0.006989 1.648050
0.724034 0.001347 0.002551 0.001172 0.000337 0.263565 0.006994 1.648179
0.727250 0.001302 0.002474 0.001119 0.000327 0.260532 0.006998 1.648313
0.730416 0.001271 0.002398 0.001080 0.000315 0.257516 0.007003 1.648427
0.733614 0.001241 0.002316 0.001034 0.000306 0.254483 0.007007 1.648550
0.736688 0.001236 0.002226 0.001005 0.000296 0.251541 0.007010 1.648651
0.739731 0.001206 0.002154 0.000973 0.000281 0.248640 0.007016 1.648776
0.742741 0.001171 0.002070 0.000947 0.000271 0.245781 0.007020 1.648891
0.745719 0.001126 0.002017 0.000913 0.000263 0.242937 0.007025 1.649015
0.748657 0.001106 0.001943 0.000897 0.000256 0.240111 0.007030 1.649133
0.751614 0.001075 0.001880 0.000869 0.000249 0.237278 0.007037 1.649244
0.754497 0.001049 0.001815 0.000843 0.000238 0.234518 0.007042 1.649341
0.757350 0.001013 0.001766 0.000819 0.000231 0.231778 0.007046 1.649460
0.760198 0.000989 0.001713 0.000785 0.000222 0.229044 0.007050 1.649561
0.763050 0.000973 0.001643 0.000762 0.000220 0.226302 0.007051 1.649654
0.765847 0.000937 0.001587 0.000737 0.000219 0.223620 0.007054 1.649758
0.768543 0.000923 0.001530 0.000723 0.000213 0.221010 0.007058 1.649848
0.771233 0.000896 0.001481 0.000703 0.000205 0.218421 0.007061 1.649949
0.773879 0.000884 0.001428 0.000686 0.000198 0.215862 0.007064 1.650036
0.776420 0.000870 0.001391 0.000675 0.000193 0.213385 0.007067 1.650122
0.779019 0.000839 0.001362 0.000651 0.000189 0.210871 0.007070 1.650215
0.781555 0.000833 0.001315 0.000622 0.000181 0.208421 0.007073 1.650293
0.784088 0.000816 0.001278 0.000604 0.000172 0.205966 0.007077 1.650380
0.786672 0.000800 0.001247 0.000574 0.000168 0.203459 0.007079 1.650455
0.789157 0.000791 0.001216 0.000554 0.000163 0.201039 0.007080 1.650527
0.791590 0.000760 0.001190 0.000533 0.000162 0.198685 0.007080 1.650612
0.794050 0.000752 0.001157 0.000515 0.000159 0.196285 0.007082 1.650676
0.796466 0.000738 0.001137 0.000501 0.000155 0.193919 0.007085 1.650746
0.798812 0.000724 0.001111 0.000487 0.000150 0.191628 0.007087 1.650814
0.801158 0.000720 0.001072 0.000472 0.000144 0.189344 0.007091 1.650885
0.803442 0.000695 0.001041 0.000462 0.000139 0.187129 0.007093 1.650960
0.805740 0.000683 0.001017 0.000452 0.000137 0.184877 0.007095 1.651024
0.808034 0.000659 0.000994 0.000443 0.000135 0.182638 0.007097 1.651091
0.810271 0.000656 0.000972 0.000428 0.000132 0.180441 0.007100 1.651151
0.812498 0.000656 0.000944 0.000421 0.000129 0.178252 0.007101 1.651208
0.814608 0.000653 0.000923 0.000408 0.000127 0.176179 0.007102 1.651267
0.816789 0.000636 0.000897 0.000399 0.000124 0.174050 0.007104 1.651333
0.818896 0.000620 0.000879 0.000395 0.000120 0.171984 0.007105 1.651396
0.820975 0.000609 0.000858 0.000386 0.000117 0.169949 0.007106 1.651454
0.822981 0.000600 0.000833 0.000378 0.000112 0.167988 0.007108 1.651515
0.825004 0.000581 0.000822 0.000371 0.000110 0.166002 0.007110 1.651580
0.827046 0.000565 0.000809 0.000361 0.000106 0.164001 0.007112 1.651639
0.829061 0.000562 0.000790 0.000348 0.000101 0.162024 0.007115 1.651688
0.831058 0.000546 0.000772 0.000341 0.000100 0.160067 0.007116 1.651746
0.832988 0.000548 0.000754 0.000332 0.000097 0.158163 0.007117 1.651796
0.834930 0.000538 0.000733 0.000327 0.000094 0.156260 0.007118 1.651849
0.836837 0.000538 0.000719 0.000318 0.000092 0.154377 0.007119 1.651900
0.838753 0.000515 0.000702 0.000319 0.000090 0.152502 0.007120 1.651954
0.840594 0.000519 0.000689 0.000307 0.000089 0.150679 0.007123 1.652004
0.842430 0.000514 0.000667 0.000301 0.000085 0.148878 0.007125 1.652049
0.844295 0.000495 0.000654 0.000294 0.000082 0.147054 0.007125 1.652099
0.846033 0.000467 0.000634 0.000292 0.000077 0.145369 0.007128 1.652157
0.847837 0.000461 0.000622 0.000288 0.000075 0.143588 0.007129 1.652205
0.849547 0.000464 0.000606 0.000276 0.000074 0.141903 0.007131 1.652245
0.851238 0.000455 0.000599 0.000272 0.000070 0.140235 0.007132 1.652296
0.852934 0.000446 0.000571 0.000275 0.000069 0.138573 0.007133 1.652336
0.854587 0.000446 0.000550 0.000274 0.000067 0.136944 0.007133 1.652373
0.856172 0.000436 0.000540 0.000265 0.000064 0.135391 0.007133 1.652414
0.857833 0.000434 0.000524 0.000263 0.000061 0.133751 0.007135 1.652448
0.859447 0.000424 0.000517 0.000263 0.000059 0.132156 0.007135 1.652492
0.861015 0.000414 0.000520 0.000257 0.000059 0.130602 0.007136 1.652535
0.862566 0.000410 0.000508 0.000257 0.000057 0.129066 0.007136 1.652572
0.864109 0.000409 0.000498 0.000247 0.000054 0.127544 0.007138 1.652611
0.865588 0.000402 0.000483 0.000240 0.000053 0.126095 0.007140 1.652651
0.867113 0.000393 0.000474 0.000240 0.000051 0.124588 0.007142 1.652693
0.868567 0.000393 0.000460 0.000230 0.000049 0.123159 0.007143 1.652727
0.870066 0.000381 0.000458 0.000218 0.000049 0.121686 0.007143 1.652765
0.871459 0.000369 0.000452 0.000215 0.000046 0.120315 0.007145 1.652807
0.872894 0.000351 0.000442 0.000210 0.000045 0.118913 0.007145 1.652852
0.874293 0.000344 0.000438 0.000208 0.000042 0.117532 0.007145 1.652890
0.875671 0.000342 0.000428 0.000202 0.000042 0.116171 0.007145 1.652921
0.877019 0.000345 0.000414 0.000199 0.000040 0.114837 0.007147 1.652953
0.878405 0.000346 0.000403 0.000192 0.000039 0.113468 0.007148 1.652982
0.879755 0.000344 0.000395 0.000190 0.000038 0.112131 0.007148 1.653009
0.881054 0.000342 0.000392 0.000181 0.000036 0.110847 0.007149 1.653040
0.882378 0.000343 0.000383 0.000180 0.000036 0.109531 0.007149 1.653066
0.883585 0.000338 0.000375 0.000179 0.000035 0.108339 0.007149 1.653097
0.884884 0.000329 0.000369 0.000176 0.000034 0.107060 0.007149 1.653130
0.886098 0.000320 0.000375 0.000164 0.000034 0.105860 0.007150 1.653164
0.887294 0.000316 0.000358 0.000161 0.000033 0.104689 0.007150 1.653188
0.888425 0.000312 0.000355 0.000157 0.000032 0.103570 0.007150 1.653214
0.889588 0.000304 0.000348 0.000153 0.000033 0.102424 0.007150 1.653243
0.890733 0.000304 0.000343 0.000151 0.000032 0.101287 0.007150 1.653271
0.891847 0.000301 0.000333 0.000145 0.000031 0.100193 0.007151 1.653295
0.892881 0.000292 0.000337 0.000147 0.000029 0.099162 0.007152 1.653329
0.893946 0.000302 0.000328 0.000141 0.000027 0.098103 0.007153 1.653353
0.894951 0.000298 0.000328 0.000142 0.000025 0.097102 0.007153 1.653382
0.895949 0.000285 0.000322 0.000148 0.000024 0.096118 0.007153 1.653416
0.896918 0.000288 0.000316 0.000147 0.000024 0.095152 0.007153 1.653442
0.897866 0.000286 0.000306 0.000147 0.000023 0.094219 0.007153 1.653466
0.898854 0.000282 0.000303 0.000146 0.000022 0.093238 0.007153 1.653492
0.899783 0.000284 0.000302 0.000140 0.000022 0.092315 0.007153 1.653518
0.900729 0.000274 0.000306 0.000142 0.000021 0.091374 0.007153 1.653549
0.901608 0.000268 0.000301 0.000140 0.000020 0.090509 0.007154 1.653576
0.902466 0.000259 0.000300 0.000137 0.000019 0.089664 0.007155 1.653603
0.903333 0.000258 0.000293 0.000138 0.000019 0.088803 0.007155 1.653627
0.904145 0.000252 0.000285 0.000137 0.000017 0.088007 0.007155 1.653652
0.904956 0.000253 0.000276 0.000133 0.000017 0.087210 0.007155 1.653670
0.905790 0.000238 0.000269 0.000136 0.000016 0.086396 0.007156 1.653699
0.906590 0.000233 0.000268 0.000136 0.000016 0.085601 0.007156 1.653721
0.907392 0.000228 0.000259 0.000132 0.000016 0.084816 0.007156 1.653743
0.908177 0.000219 0.000259 0.000130 0.000015 0.084043 0.007157 1.653766
0.908892 0.000212 0.000256 0.000131 0.000015 0.083336 0.007157 1.653786
0.909622 0.000208 0.000253 0.000130 0.000014 0.082616 0.007157 1.653804
0.910303 0.000208 0.000245 0.000130 0.000014 0.081942 0.007158 1.653828
0.910981 0.000216 0.000237 0.000126 0.000014 0.081267 0.007158 1.653840
0.911676 0.000214 0.000235 0.000124 0.000015 0.080578 0.007158 1.653859
0.912346 0.000212 0.000228 0.000123 0.000014 0.079919 0.007158 1.653880
0.913022 0.000208 0.000222 0.000117 0.000015 0.079257 0.007158 1.653897
0.913657 0.000209 0.000220 0.000115 0.000015 0.078626 0.007158 1.653916
0.914277 0.000210 0.000217 0.000113 0.000014 0.078011 0.007158 1.653931
0.914873 0.000204 0.000215 0.000111 0.000014 0.077423 0.007158 1.653953
0.915444 0.000207 0.000216 0.000109 0.000013 0.076852 0.007159 1.653975
0.916033 0.000201 0.000215 0.000111 0.000013 0.076268 0.007159 1.653996
0.916591 0.000202 0.000216 0.000110 0.000012 0.075709 0.007160 1.654016
0.917166 0.000195 0.000219 0.000106 0.000012 0.075141 0.007160 1.654035
0.917695 0.000199 0.000209 0.000107 0.000012 0.074618 0.007160 1.654051
0.918234 0.000190 0.000209 0.000110 0.000012 0.074085 0.007161 1.654076
0.918792 0.000187 0.000204 0.000116 0.000012 0.073529 0.007161 1.654096
0.919317 0.000186 0.000195 0.000108 0.000012 0.073022 0.007161 1.654109
0.919825 0.000186 0.000196 0.000102 0.000012 0.072520 0.007161 1.654123
0.920301 0.000177 0.000189 0.000106 0.000012 0.072054 0.007161 1.654145
0.920775 0.000169 0.000189 0.000106 0.000011 0.071588 0.007161 1.654164
0.921284 0.000168 0.000188 0.000105 0.000011 0.071082 0.007161 1.654179
0.921771 0.000170 0.000187 0.000099 0.000011 0.070601 0.007161 1.654192
0.922241 0.000164 0.000186 0.000099 0.000010 0.070139 0.007161 1.654213
0.922697 0.000165 0.000182 0.000096 0.000010 0.069689 0.007161 1.654226
0.923126 0.000160 0.000182 0.000099 0.000010 0.069261 0.007161 1.654245
0.923556 0.000160 0.000178 0.000097 0.000009 0.068838 0.007161 1.654261
0.923988 0.000161 0.000174 0.000095 0.000009 0.068411 0.007161 1.654274
0.924421 0.000155 0.000178 0.000094 0.000010 0.067980 0.007161 1.654294
0.924823 0.000150 0.000179 0.000093 0.000010 0.067583 0.007161 1.654311
0.925205 0.000153 0.000178 0.000092 0.000009 0.067201 0.007162 1.654324
0.925596 0.000151 0.000174 0.000088 0.000008 0.066821 0.007162 1.654338
0.925985 0.000151 0.000169 0.000088 0.000008 0.066436 0.007162 1.654349
0.926332 0.000142 0.000171 0.000089 0.000008 0.066097 0.007162 1.654368
0.926681 0.000137 0.000170 0.000089 0.000007 0.065754 0.007162 1.654385
0.927029 0.000131 0.000170 0.000086 0.000007 0.065415 0.007162 1.654399
0.927382 0.000126 0.000172 0.000086 0.000007 0.065065 0.007162 1.654416
0.927714 0.000125 0.000168 0.000088 0.000007 0.064734 0.007163 1.654430
0.928049 0.000131 0.000166 0.000085 0.000007 0.064397 0.007163 1.654440
0.928367 0.000132 0.000163 0.000082 0.000007 0.064086 0.007163 1.654452
0.928692 0.000132 0.000162 0.000079 0.000007 0.063765 0.007163 1.654466
0.928992 0.000135 0.000163 0.000073 0.000006 0.063467 0.007163 1.654477
0.929287 0.000136 0.000156 0.000072 0.000006 0.063180 0.007163 1.654488
0.929614 0.000136 0.000151 0.000072 0.000006 0.062857 0.007163 1.654501
0.929907 0.000136 0.000151 0.000069 0.000006 0.062566 0.007163 1.654513
0.930177 0.000136 0.000152 0.000066 0.000006 0.062298 0.007164 1.654526
0.930440 0.000140 0.000150 0.000067 0.000005 0.062033 0.007164 1.654539
0.930698 0.000135 0.000149 0.000068 0.000005 0.061780 0.007164 1.654553
0.930961 0.000135 0.000154 0.000065 0.000005 0.061516 0.007164 1.654568
0.931211 0.000132 0.000156 0.000062 0.000005 0.061269 0.007164 1.654582
0.931460 0.000131 0.000151 0.000065 0.000004 0.061025 0.007164 1.654594
0.931706 0.000130 0.000147 0.000063 0.000004 0.060786 0.007164 1.654604
0.931930 0.000137 0.000144 0.000064 0.000005 0.060556 0.007164 1.654613
0.932148 0.000139 0.000140 0.000066 0.000005 0.060339 0.007164 1.654624
0.932391 0.000132 0.000141 0.000067 0.000004 0.060100 0.007164 1.654643
0.932604 0.000130 0.000139 0.000067 0.000004 0.059892 0.007164 1.654655
0.932829 0.000127 0.000136 0.000067 0.000004 0.059673 0.007164 1.654667
0.933041 0.000128 0.000135 0.000059 0.000005 0.059468 0.007164 1.654680
0.933231 0.000119 0.000143 0.000060 0.000004 0.059278 0.007164 1.654698
0.933413 0.000117 0.000143 0.000058 0.000004 0.059101 0.007164 1.654711
0.933610 0.000118 0.000142 0.000056 0.000004 0.058905 0.007164 1.654720
0.933801 0.000117 0.000139 0.000053 0.000004 0.058721 0.007164 1.654730
0.933985 0.000117 0.000139 0.000053 0.000004 0.058540 0.007164 1.654741
0.934163 0.000115 0.000133 0.000054 0.000004 0.058366 0.007164 1.654751
0.934344 0.000115 0.000131 0.000052 0.000004 0.058190 0.007164 1.654757
0.934487 0.000117 0.000129 0.000050 0.000004 0.058048 0.007164 1.654769
0.934658 0.000122 0.000126 0.000051 0.000004 0.057875 0.007164 1.654779
0.934809 0.000123 0.000124 0.000049 0.000005 0.057725 0.007164 1.654789
0.934959 0.000126 0.000122 0.000050 0.000005 0.057574 0.007164 1.654802
0.935114 0.000128 0.000120 0.000050 0.000005 0.057418 0.007165 1.654811
0.935270 0.000121 0.000122 0.000053 0.000005 0.057264 0.007165 1.654826
0.935418 0.000117 0.000126 0.000054 0.000005 0.057116 0.007165 1.654840
0.935562 0.000120 0.000125 0.000052 0.000005 0.056972 0.007165 1.654850
0.935711 0.000124 0.000123 0.000051 0.000005 0.056821 0.007165 1.654858
0.935850 0.000125 0.000122 0.000051 0.000004 0.056682 0.007165 1.654868
0.935991 0.000130 0.000119 0.000051 0.000004 0.056540 0.007165 1.654878
0.936117 0.000123 0.000122 0.000052 0.000004 0.056417 0.007165 1.654892
0.936245 0.000121 0.000121 0.000051 0.000004 0.056294 0.007165 1.654904
0.936370 0.000126 0.000117 0.000047 0.000003 0.056171 0.007165 1.654912
0.936485 0.000130 0.000114 0.000047 0.000003 0.056055 0.007165 1.654923
0.936612 0.000129 0.000117 0.000047 0.000003 0.055926 0.007166 1.654938
0.936718 0.000129 0.000118 0.000052 0.000003 0.055814 0.007166 1.654951
0.936820 0.000131 0.000117 0.000054 0.000003 0.055710 0.007166 1.654963
0.936942 0.000134 0.000119 0.000051 0.000003 0.055585 0.007166 1.654972
0.937057 0.000135 0.000122 0.000049 0.000003 0.055469 0.007166 1.654983
0.937158 0.000129 0.000120 0.000046 0.000003 0.055377 0.007166 1.654997
0.937258 0.000131 0.000119 0.000045 0.000003 0.055277 0.007166 1.655006
0.937361 0.000128 0.000121 0.000045 0.000003 0.055175 0.007166 1.655023
0.937448 0.000122 0.000125 0.000048 0.000003 0.055088 0.007166 1.655040
0.937548 0.000121 0.000119 0.000045 0.000003 0.054998 0.007166 1.655050
0.937631 0.000124 0.000118 0.000046 0.000003 0.054911 0.007166 1.655065
0.937715 0.000125 0.000113 0.000043 0.000003 0.054836 0.007166 1.655073
0.937799 0.000124 0.000113 0.000042 0.000003 0.054752 0.007166 1.655087
0.937884 0.000117 0.000110 0.000044 0.000003 0.054675 0.007166 1.655100
0.937965 0.000117 0.000109 0.000047 0.000003 0.054593 0.007166 1.655115
0.938057 0.000115 0.000109 0.000048 0.000003 0.054503 0.007166 1.655130
0.938146 0.000115 0.000104 0.000048 0.000003 0.054419 0.007167 1.655139
0.938226 0.000111 0.000100 0.000047 0.000002 0.054347 0.007167 1.655150
0.938312 0.000111 0.000102 0.000047 0.000002 0.054258 0.007167 1.655160
0.938393 0.000112 0.000104 0.000049 0.000003 0.054172 0.007167 1.655172
0.938457 0.000124 0.000100 0.000047 0.000003 0.054103 0.007167 1.655178
0.938526 0.000123 0.000097 0.000047 0.000004 0.054038 0.007167 1.655188
0.938592 0.000122 0.000097 0.000047 0.000004 0.053970 0.007167 1.655200
0.938647 0.000125 0.000099 0.000051 0.000004 0.053908 0.007167 1.655214
0.938704 0.000126 0.000104 0.000051 0.000004 0.053845 0.007167 1.655229
0.938762 0.000129 0.000103 0.000049 0.000004 0.053786 0.007167 1.655240
0.938829 0.000127 0.000107 0.000047 0.000004 0.053721 0.007167 1.655251
0.938898 0.000125 0.000107 0.000044 0.000004 0.053656 0.007167 1.655262
0.938964 0.000117 0.000111 0.000048 0.000004 0.053589 0.007167 1.655277
0.939028 0.000114 0.000111 0.000050 0.000004 0.053525 0.007167 1.655288
0.939079 0.000114 0.000114 0.000051 0.000003 0.053472 0.007167 1.655299
0.939137 0.000111 0.000114 0.000050 0.000003 0.053418 0.007167 1.655311
0.939194 0.000108 0.000111 0.000050 0.000004 0.053367 0.007167 1.655323
0.939251 0.000107 0.000111 0.000052 0.000004 0.053310 0.007167 1.655334
0.939299 0.000105 0.000109 0.000051 0.000004 0.053265 0.007167 1.655344
0.939353 0.000105 0.000111 0.000048 0.000005 0.053211 0.007167 1.655353
0.939395 0.000106 0.000113 0.000048 0.000005 0.053166 0.007167 1.655363
0.939445 0.000105 0.000112 0.000048 0.000004 0.053119 0.007167 1.655374
0.939479 0.000107 0.000111 0.000044 0.000005 0.053089 0.007167 1.655384
0.939534 0.000104 0.000113 0.000045 0.000006 0.053032 0.007167 1.655394
0.939581 0.000108 0.000113 0.000047 0.000006 0.052979 0.007167 1.655404
0.939623 0.000104 0.000112 0.000050 0.000006 0.052937 0.007167 1.655420
0.939654 0.000111 0.000114 0.000049 0.000007 0.052899 0.007167 1.655431
0.939682 0.000115 0.000113 0.000049 0.000006 0.052869 0.007167 1.655439
0.939720 0.000113 0.000111 0.000050 0.000006 0.052832 0.007167 1.655452
0.939762 0.000118 0.000111 0.000051 0.000005 0.052786 0.007167 1.655463
0.939809 0.000116 0.000110 0.000050 0.000005 0.052744 0.007167 1.655471
0.939854 0.000112 0.000107 0.000050 0.000005 0.052706 0.007167 1.655481
0.939887 0.000107 0.000107 0.000046 0.000005 0.052680 0.007167 1.655495
0.939924 0.000106 0.000112 0.000044 0.000005 0.052642 0.007167 1.655507
0.939958 0.000105 0.000110 0.000046 0.000005 0.052609 0.007168 1.655517
0.940007 0.000110 0.000106 0.000047 0.000005 0.052559 0.007168 1.655524
0.940059 0.000109 0.000104 0.000047 0.000004 0.052510 0.007168 1.655535
0.940096 0.000108 0.000101 0.000048 0.000004 0.052475 0.007168 1.655544
0.940136 0.000105 0.000105 0.000047 0.000004 0.052435 0.007168 1.655554
0.940176 0.000097 0.000103 0.000048 0.000004 0.052403 0.007168 1.655568
0.940214 0.000092 0.000104 0.000044 0.000004 0.052373 0.007168 1.655579
0.940247 0.000091 0.000106 0.000044 0.000004 0.052340 0.007168 1.655591
0.940278 0.000089 0.000105 0.000044 0.000004 0.052312 0.007168 1.655601
0.940312 0.000091 0.000101 0.000042 0.000004 0.052282 0.007168 1.655608
0.940342 0.000091 0.000101 0.000041 0.000004 0.052252 0.007168 1.655618
0.940378 0.000088 0.000103 0.000040 0.000004 0.052219 0.007168 1.655627
0.940416 0.000081 0.000109 0.000041 0.000004 0.052181 0.007168 1.655642
0.940450 0.000077 0.000103 0.000043 0.000004 0.052155 0.007168 1.655652
0.940497 0.000075 0.000103 0.000041 0.000004 0.052111 0.007168 1.655659
0.940529 0.000077 0.000098 0.000040 0.000004 0.052083 0.007168 1.655664
0.940562 0.000078 0.000092 0.000043 0.000004 0.052053 0.007168 1.655672
0.940600 0.000079 0.000089 0.000045 0.000004 0.052016 0.007168 1.655681
0.940638 0.000075 0.000090 0.000047 0.000004 0.051979 0.007168 1.655692
0.940672 0.000080 0.000087 0.000043 0.000004 0.051947 0.007168 1.655697
0.940707 0.000081 0.000086 0.000043 0.000004 0.051912 0.007168 1.655703
0.940741 0.000080 0.000083 0.000041 0.000004 0.051884 0.007168 1.655712
0.940776 0.000077 0.000083 0.000040 0.000004 0.051852 0.007168 1.655719
0.940814 0.000076 0.000082 0.000038 0.000004 0.051818 0.007168 1.655724
0.940848 0.000075 0.000084 0.000036 0.000004 0.051785 0.007168 1.655732
0.940870 0.000077 0.000081 0.000036 0.000004 0.051765 0.007168 1.655738
0.940895 0.000076 0.000082 0.000037 0.000004 0.051738 0.007168 1.655745
0.940922 0.000079 0.000078 0.000040 0.000003 0.051709 0.007168 1.655753
0.940958 0.000080 0.000076 0.000039 0.000003 0.051675 0.007168 1.655759
0.940981 0.000082 0.000074 0.000041 0.000003 0.051651 0.007168 1.655767
0.941011 0.000080 0.000074 0.000040 0.000003 0.051622 0.007168 1.655776
0.941043 0.000079 0.000073 0.000040 0.000003 0.051594 0.007168 1.655781
0.941074 0.000079 0.000074 0.000040 0.000003 0.051562 0.007168 1.655788
0.941093 0.000077 0.000074 0.000040 0.000003 0.051545 0.007168 1.655797
0.941113 0.000072 0.000076 0.000041 0.000003 0.051526 0.007168 1.655808
0.941136 0.000072 0.000075 0.000041 0.000003 0.051504 0.007168 1.655813
0.941161 0.000072 0.000076 0.000041 0.000003 0.051478 0.007168 1.655819
0.941182 0.000069 0.000078 0.000038 0.000003 0.051461 0.007168 1.655828
0.941204 0.000068 0.000077 0.000039 0.000003 0.051440 0.007168 1.655835
0.941222 0.000067 0.000081 0.000038 0.000003 0.051422 0.007168 1.655844
0.941241 0.000068 0.000080 0.000039 0.000003 0.051401 0.007168 1.655852
0.941264 0.000068 0.000081 0.000040 0.000003 0.051376 0.007168 1.655858
0.941283 0.000069 0.000082 0.000039 0.000003 0.051357 0.007168 1.655866
0.941308 0.000070 0.000081 0.000036 0.000003 0.051335 0.007168 1.655870
0.941320 0.000071 0.000083 0.000035 0.000003 0.051320 0.007168 1.655878
0.941342 0.000070 0.000079 0.000034 0.000003 0.051304 0.007168 1.655884
0.941358 0.000069 0.000079 0.000034 0.000003 0.051289 0.007168 1.655892
0.941374 0.000068 0.000076 0.000033 0.000003 0.051278 0.007168 1.655900
0.941400 0.000070 0.000077 0.000033 0.000003 0.051250 0.007168 1.655904
0.941424 0.000067 0.000080 0.000032 0.000003 0.051226 0.007168 1.655911
0.941448 0.000066 0.000077 0.000032 0.000003 0.051206 0.007168 1.655917
0.941467 0.000068 0.000077 0.000033 0.000003 0.051185 0.007168 1.655923
0.941491 0.000068 0.000075 0.000032 0.000003 0.051164 0.007168 1.655927
0.941504 0.000070 0.000072 0.000033 0.000002 0.051151 0.007168 1.655933
0.941521 0.000070 0.000072 0.000034 0.000002 0.051132 0.007168 1.655940
0.941541 0.000067 0.000072 0.000035 0.000002 0.051115 0.007168 1.655948
0.941560 0.000065 0.000076 0.000034 0.000002 0.051095 0.007168 1.655955
0.941572 0.000070 0.000074 0.000032 0.000002 0.051081 0.007168 1.655960
0.941585 0.000070 0.000074 0.000031 0.000003 0.051069 0.007168 1.655967
0.941600 0.000070 0.000073 0.000031 0.000002 0.051055 0.007169 1.655973
0.941619 0.000067 0.000074 0.000032 0.000002 0.051038 0.007169 1.655982
0.941632 0.000064 0.000074 0.000032 0.000002 0.051027 0.007169 1.655989
0.941650 0.000059 0.000076 0.000028 0.000002 0.051016 0.007169 1.655996
0.941665 0.000061 0.000074 0.000027 0.000002 0.051002 0.007169 1.656000
0.941686 0.000058 0.000068 0.000028 0.000002 0.050989 0.007169 1.656006
0.941700 0.000058 0.000066 0.000028 0.000002 0.050976 0.007169 1.656010
0.941718 0.000056 0.000063 0.000029 0.000002 0.050964 0.007169 1.656015
0.941731 0.000054 0.000063 0.000026 0.000002 0.050955 0.007169 1.656022
0.941746 0.000057 0.000060 0.000026 0.000001 0.050941 0.007169 1.656024
0.941761 0.000053 0.000063 0.000026 0.000000 0.050928 0.007169 1.656032
0.941770 0.000052 0.000063 0.000027 0.000000 0.050918 0.007169 1.656037
0.941779 0.000052 0.000062 0.000027 0.000000 0.050910 0.007169 1.656042
0.941793 0.000052 0.000061 0.000028 0.000001 0.050896 0.007169 1.656050
0.941811 0.000051 0.000058 0.000027 0.000001 0.050882 0.007170 1.656055
0.941822 0.000054 0.000057 0.000027 0.000001 0.050869 0.007170 1.656059
0.941831 0.000053 0.000056 0.000026 0.000000 0.050862 0.007170 1.656064
0.941841 0.000051 0.000054 0.000026 0.000001 0.050857 0.007170 1.656070
0.941854 0.000051 0.000054 0.000026 0.000001 0.050845 0.007170 1.656074
0.941865 0.000053 0.000054 0.000025 0.000001 0.050832 0.007170 1.656077
0.941875 0.000056 0.000055 0.000023 0.000001 0.050820 0.007170 1.656081
0.941889 0.000054 0.000053 0.000023 0.000002 0.050807 0.007170 1.656084
0.941899 0.000054 0.000055 0.000023 0.000002 0.050797 0.007170 1.656090
0.941911 0.000051 0.000058 0.000023 0.000002 0.050785 0.007170 1.656097
0.941921 0.000049 0.000058 0.000023 0.000002 0.050777 0.007170 1.656102
0.941935 0.000047 0.000056 0.000023 0.000002 0.050767 0.007170 1.656107
0.941944 0.000047 0.000055 0.000023 0.000002 0.050759 0.007170 1.656111
0.941951 0.000047 0.000054 0.000019 0.000002 0.050756 0.007170 1.656114
0.941960 0.000048 0.000053 0.000020 0.000002 0.050748 0.007170 1.656119
0.941973 0.000045 0.000052 0.000021 0.000002 0.050737 0.007170 1.656123
0.941978 0.000046 0.000053 0.000019 0.000002 0.050732 0.007170 1.656129
0.941983 0.000047 0.000052 0.000021 0.000002 0.050725 0.007170 1.656133
0.941995 0.000044 0.000053 0.000020 0.000002 0.050717 0.007170 1.656137
0.941998 0.000045 0.000053 0.000019 0.000002 0.050712 0.007170 1.656142
0.942007 0.000043 0.000056 0.000021 0.000002 0.050701 0.007170 1.656149
0.942015 0.000043 0.000055 0.000022 0.000002 0.050694 0.007170 1.656154
0.942022 0.000044 0.000054 0.000022 0.000002 0.050688 0.007170 1.656158
0.942029 0.000045 0.000050 0.000022 0.000002 0.050682 0.007170 1.656160
0.942035 0.000045 0.000049 0.000022 0.000002 0.050677 0.007170 1.656164
0.942044 0.000044 0.000047 0.000021 0.000002 0.050672 0.007170 1.656168
0.942057 0.000039 0.000047 0.000021 0.000002 0.050664 0.007170 1.656174
0.942066 0.000039 0.000048 0.000020 0.000002 0.050655 0.007170 1.656179
0.942071 0.000035 0.000049 0.000020 0.000002 0.050652 0.007170 1.656187
0.942079 0.000035 0.000047 0.000018 0.000003 0.050646 0.007170 1.656189
0.942088 0.000035 0.000045 0.000018 0.000003 0.050640 0.007170 1.656192
0.942096 0.000035 0.000045 0.000019 0.000002 0.050634 0.007170 1.656195
0.942101 0.000032 0.000044 0.000019 0.000002 0.050631 0.007170 1.656200
0.942113 0.000028 0.000044 0.000021 0.000002 0.050621 0.007170 1.656205
0.942121 0.000026 0.000041 0.000019 0.000002 0.050619 0.007170 1.656208
0.942129 0.000026 0.000041 0.000018 0.000002 0.050614 0.007170 1.656210
0.942135 0.000025 0.000039 0.000017 0.000002 0.050611 0.007170 1.656213
0.942143 0.000024 0.000038 0.000018 0.000002 0.050605 0.007170 1.656215
0.942153 0.000023 0.000039 0.000019 0.000002 0.050595 0.007170 1.656218
0.942161 0.000023 0.000039 0.000020 0.000002 0.050586 0.007170 1.656220
0.942168 0.000024 0.000037 0.000019 0.000002 0.050580 0.007170 1.656222
0.942172 0.000025 0.000034 0.000019 0.000002 0.050578 0.007170 1.656225
0.942173 0.000027 0.000031 0.000017 0.000002 0.050580 0.007170 1.656226
0.942180 0.000026 0.000031 0.000016 0.000002 0.050575 0.007170 1.656228
0.942185 0.000026 0.000027 0.000017 0.000002 0.050573 0.007170 1.656232
0.942191 0.000025 0.000027 0.000016 0.000002 0.050568 0.007170 1.656234
0.942195 0.000027 0.000025 0.000016 0.000002 0.050564 0.007170 1.656235
0.942200 0.000027 0.000025 0.000015 0.000002 0.050562 0.007170 1.656237
0.942207 0.000028 0.000023 0.000016 0.000002 0.050554 0.007170 1.656239
0.942211 0.000027 0.000024 0.000014 0.000001 0.050553 0.007171 1.656242
0.942217 0.000028 0.000022 0.000014 0.000001 0.050548 0.007171 1.656243
0.942224 0.000027 0.000021 0.000014 0.000001 0.050542 0.007171 1.656245
0.942227 0.000028 0.000021 0.000012 0.000001 0.050540 0.007171 1.656247
0.942229 0.000029 0.000021 0.000011 0.000001 0.050539 0.007171 1.656248
0.942234 0.000026 0.000022 0.000013 0.000000 0.050534 0.007171 1.656252
0.942236 0.000026 0.000024 0.000013 0.000000 0.050531 0.007171 1.656256
0.942242 0.000027 0.000023 0.000013 0.000000 0.050524 0.007171 1.656257
0.942246 0.000025 0.000024 0.000013 0.000000 0.050522 0.007171 1.656260
0.942247 0.000025 0.000024 0.000012 0.000000 0.050522 0.007171 1.656263
0.942250 0.000023 0.000026 0.000012 0.000000 0.050519 0.007171 1.656265
0.942257 0.000023 0.000024 0.000013 0.000000 0.050513 0.007171 1.656267
0.942260 0.000022 0.000024 0.000012 0.000000 0.050511 0.007171 1.656269
0.942262 0.000026 0.000024 0.000011 0.000000 0.050508 0.007171 1.656271
0.942263 0.000027 0.000024 0.000011 0.000000 0.050505 0.007171 1.656273
0.942264 0.000027 0.000023 0.000012 0.000000 0.050502 0.007171 1.656275
0.942268 0.000029 0.000023 0.000012 0.000000 0.050498 0.007171 1.656276
0.942269 0.000029 0.000024 0.000011 0.000000 0.050496 0.007171 1.656278
0.942272 0.000028 0.000024 0.000010 0.000000 0.050496 0.007171 1.656280
0.942275 0.000027 0.000025 0.000010 0.000000 0.050492 0.007171 1.656282
0.942279 0.000027 0.000022 0.000012 0.000000 0.050489 0.007171 1.656284
0.942283 0.000026 0.000023 0.000011 0.000000 0.050487 0.007171 1.656286
0.942287 0.000024 0.000024 0.000011 0.000000 0.050484 0.007171 1.656290
0.942290 0.000025 0.000024 0.000010 0.000000 0.050481 0.007171 1.656293
0.942291 0.000026 0.000024 0.000011 0.000000 0.050477 0.007171 1.656295
0.942292 0.000028 0.000024 0.000009 0.000000 0.050476 0.007171 1.656297
0.942295 0.000029 0.000024 0.000009 0.000000 0.050473 0.007171 1.656298
0.942297 0.000027 0.000026 0.000008 0.000000 0.050472 0.007171 1.656303
0.942299 0.000027 0.000026 0.000008 0.000000 0.050469 0.007171 1.656305
0.942303 0.000027 0.000025 0.000008 0.000000 0.050467 0.007171 1.656307
0.942308 0.000026 0.000025 0.000010 0.000000 0.050461 0.007171 1.656311
0.942310 0.000026 0.000024 0.000010 0.000000 0.050459 0.007171 1.656313
0.942312 0.000027 0.000024 0.000010 0.000000 0.050457 0.007171 1.656315
0.942315 0.000024 0.000025 0.000009 0.000000 0.050457 0.007171 1.656319
0.942315 0.000026 0.000025 0.000009 0.000000 0.050455 0.007171 1.656322
0.942319 0.000024 0.000025 0.000009 0.000000 0.050452 0.007171 1.656324
0.942322 0.000024 0.000023 0.000009 0.000000 0.050451 0.007171 1.656326
0.942324 0.000022 0.000025 0.000008 0.000000 0.050450 0.007171 1.656330
0.942324 0.000022 0.000024 0.000008 0.000000 0.050452 0.007171 1.656333
0.942328 0.000021 0.000024 0.000008 0.000000 0.050449 0.007171 1.656335
0.942329 0.000024 0.000023 0.000008 0.000000 0.050446 0.007171 1.656336
0.942332 0.000024 0.000023 0.000008 0.000000 0.050442 0.007171 1.656338
0.942334 0.000023 0.000021 0.000010 0.000000 0.050442 0.007171 1.656340
0.942333 0.000024 0.000022 0.000010 0.000000 0.050440 0.007171 1.656342
0.942337 0.000024 0.000022 0.000010 0.000000 0.050438 0.007171 1.656346
0.942336 0.000024 0.000022 0.000011 0.000000 0.050436 0.007171 1.656348
0.942335 0.000025 0.000024 0.000012 0.000000 0.050435 0.007171 1.656352
0.942336 0.000024 0.000024 0.000011 0.000000 0.050435 0.007171 1.656355
0.942339 0.000024 0.000023 0.000011 0.000000 0.050434 0.007171 1.656357
0.942341 0.000025 0.000025 0.000010 0.000000 0.050429 0.007171 1.656359
0.942343 0.000023 0.000027 0.000011 0.000000 0.050426 0.007171 1.656363
0.942343 0.000023 0.000027 0.000011 0.000000 0.050426 0.007171 1.656366
0.942343 0.000021 0.000029 0.000010 0.000000 0.050427 0.007171 1.656369
0.942343 0.000022 0.000029 0.000008 0.000000 0.050428 0.007171 1.656371
0.942347 0.000019 0.000029 0.000009 0.000000 0.050426 0.007171 1.656374
0.942347 0.000019 0.000029 0.000010 0.000000 0.050426 0.007171 1.656376
0.942347 0.000020 0.000027 0.000010 0.000000 0.050426 0.007171 1.656376
0.942348 0.000019 0.000027 0.000010 0.000000 0.050425 0.007171 1.656380
0.942349 0.000021 0.000027 0.000010 0.000000 0.050423 0.007171 1.656381
0.942346 0.000024 0.000028 0.000009 0.000000 0.050422 0.007171 1.656382
0.942347 0.000024 0.000026 0.000010 0.000000 0.050422 0.007171 1.656385
0.942348 0.000023 0.000026 0.000011 0.000000 0.050421 0.007171 1.656389
0.942350 0.000023 0.000024 0.000010 0.000000 0.050422 0.007171 1.656391
0.942350 0.000025 0.000023 0.000010 0.000000 0.050421 0.007171 1.656392
0.942349 0.000023 0.000026 0.000010 0.000000 0.050421 0.007171 1.656397
0.942350 0.000023 0.000027 0.000009 0.000000 0.050419 0.007171 1.656398
0.942352 0.000024 0.000025 0.000010 0.000000 0.050418 0.007171 1.656400
0.942354 0.000024 0.000023 0.000010 0.000000 0.050418 0.007171 1.656402
0.942357 0.000023 0.000024 0.000009 0.000000 0.050417 0.007171 1.656404
0.942358 0.000021 0.000026 0.000009 0.000000 0.050416 0.007171 1.656408
0.942360 0.000022 0.000023 0.000010 0.000000 0.050415 0.007171 1.656409
0.942361 0.000019 0.000024 0.000008 0.000000 0.050417 0.007171 1.656412
0.942363 0.000018 0.000023 0.000008 0.000000 0.050417 0.007171 1.656414
0.942367 0.000017 0.000023 0.000008 0.000000 0.050414 0.007171 1.656416
0.942369 0.000016 0.000025 0.000008 0.000000 0.050411 0.007171 1.656418
0.942371 0.000016 0.000024 0.000008 0.000000 0.050411 0.007171 1.656420
0.942371 0.000018 0.000023 0.000007 0.000000 0.050410 0.007171 1.656421
0.942369 0.000018 0.000021 0.000008 0.000000 0.050412 0.007171 1.656424
0.942371 0.000017 0.000021 0.000009 0.000000 0.050411 0.007171 1.656427
0.942372 0.000017 0.000023 0.000008 0.000000 0.050409 0.007171 1.656429
0.942373 0.000017 0.000024 0.000008 0.000000 0.050407 0.007171 1.656431
0.942375 0.000018 0.000023 0.000009 0.000000 0.050404 0.007171 1.656433
0.942379 0.000018 0.000022 0.000008 0.000000 0.050402 0.007171 1.656433
0.942381 0.000016 0.000022 0.000008 0.000000 0.050401 0.007171 1.656435
0.942381 0.000018 0.000022 0.000008 0.000000 0.050400 0.007171 1.656436
0.942382 0.000018 0.000021 0.000008 0.000000 0.050400 0.007171 1.656439
0.942384 0.000016 0.000022 0.000008 0.000000 0.050397 0.007171 1.656441
0.942383 0.000016 0.000022 0.000008 0.000000 0.050399 0.007171 1.656443
0.942384 0.000017 0.000019 0.000008 0.000000 0.050401 0.007171 1.656443
0.942387 0.000017 0.000018 0.000008 0.000001 0.050399 0.007171 1.656444
0.942388 0.000015 0.000018 0.000008 0.000001 0.050399 0.007171 1.656446
0.942388 0.000016 0.000018 0.000008 0.000001 0.050398 0.007171 1.656448
0.942391 0.000015 0.000018 0.000010 0.000001 0.050396 0.007171 1.656450
0.942390 0.000015 0.000018 0.000009 0.000001 0.050397 0.007171 1.656452
0.942391 0.000014 0.000019 0.000008 0.000001 0.050396 0.007171 1.656453
0.942394 0.000013 0.000019 0.000008 0.000001 0.050394 0.007171 1.656455
0.942394 0.000014 0.000018 0.000009 0.000001 0.050394 0.007171 1.656456
0.942394 0.000015 0.000017 0.000008 0.000001 0.050394 0.007171 1.656456
0.942395 0.000017 0.000016 0.000009 0.000001 0.050392 0.007171 1.656457
0.942395 0.000017 0.000014 0.000009 0.000001 0.050393 0.007171 1.656459
0.942394 0.000018 0.000016 0.000008 0.000001 0.050393 0.007171 1.656461
0.942394 0.000017 0.000018 0.000008 0.000001 0.050391 0.007171 1.656464
0.942395 0.000017 0.000017 0.000008 0.000001 0.050391 0.007171 1.656464
0.942397 0.000017 0.000017 0.000008 0.000001 0.050389 0.007171 1.656465
0.942397 0.000018 0.000017 0.000007 0.000000 0.050390 0.007171 1.656466
0.942399 0.000016 0.000016 0.000008 0.000000 0.050390 0.007171 1.656469
0.942400 0.000016 0.000017 0.000009 0.000000 0.050387 0.007171 1.656472
0.942402 0.000016 0.000017 0.000010 0.000000 0.050385 0.007171 1.656474
0.942404 0.000016 0.000017 0.000010 0.000000 0.050383 0.007171 1.656475
0.942400 0.000019 0.000017 0.000010 0.000000 0.050382 0.007171 1.656476
0.942401 0.000021 0.000017 0.000010 0.000000 0.050381 0.007171 1.656477
0.942400 0.000020 0.000018 0.000010 0.000000 0.050380 0.007171 1.656480
0.942402 0.000020 0.000016 0.000010 0.000000 0.050381 0.007171 1.656481
0.942402 0.000021 0.000016 0.000010 0.000000 0.050381 0.007171 1.656482
0.942404 0.000020 0.000017 0.000010 0.000000 0.050379 0.007171 1.656485
0.942406 0.000018 0.000016 0.000009 0.000000 0.050381 0.007171 1.656487
0.942406 0.000016 0.000018 0.000010 0.000000 0.050381 0.007171 1.656491
0.942406 0.000016 0.000018 0.000009 0.000000 0.050380 0.007171 1.656494
0.942408 0.000016 0.000018 0.000008 0.000000 0.050380 0.007171 1.656495
0.942407 0.000017 0.000018 0.000007 0.000000 0.050382 0.007171 1.656496
0.942407 0.000017 0.000018 0.000007 0.000000 0.050381 0.007171 1.656498
0.942406 0.000018 0.000018 0.000006 0.000000 0.050381 0.007171 1.656499
