0.999806 0.000151 0.000029 0.000013 0.000000 0.000000 0.000000
0.999741 0.000184 0.000029 0.000005 0.000000 0.000041 0.000000
0.999508 0.000388 0.000056 0.000021 0.000000 0.000026 0.000000
0.999175 0.000687 0.000075 0.000029 0.000000 0.000035 0.000000
0.998597 0.001173 0.000137 0.000048 0.000000 0.000044 0.000000
0.997821 0.001767 0.000255 0.000112 0.000000 0.000045 0.000000
0.996385 0.002921 0.000385 0.000237 0.000000 0.000072 0.000000
0.994742 0.004228 0.000551 0.000342 0.000000 0.000137 0.000000
0.991895 0.006524 0.000851 0.000509 0.000000 0.000221 0.000000
0.988434 0.009264 0.001267 0.000716 0.000001 0.000318 0.000000
0.983792 0.013005 0.001808 0.000957 0.000001 0.000436 0.000000
0.976683 0.018565 0.002652 0.001433 0.000001 0.000667 0.000000
0.968049 0.025168 0.003768 0.002065 0.000001 0.000950 0.000000
0.957975 0.032535 0.005292 0.002834 0.000000 0.001364 0.000000
0.945954 0.041403 0.006956 0.003737 0.000001 0.001949 0.000000
0.930781 0.052509 0.009092 0.004847 0.000005 0.002766 0.000000
0.914737 0.063864 0.011681 0.006153 0.000010 0.003554 0.000000
0.897244 0.075808 0.014648 0.007685 0.000013 0.004602 0.000000
0.880146 0.086915 0.017810 0.009258 0.000022 0.005848 0.000000
0.861577 0.098693 0.021421 0.011014 0.000039 0.007257 0.000000
0.842218 0.110655 0.025097 0.012833 0.000053 0.009143 0.000000
0.823427 0.121563 0.028986 0.014738 0.000060 0.011223 0.000003
0.803823 0.132646 0.033094 0.016832 0.000065 0.013536 0.000003
0.784717 0.143021 0.037145 0.018988 0.000078 0.016048 0.000003
0.763337 0.154196 0.041835 0.021553 0.000087 0.018990 0.000003
0.740875 0.165028 0.047112 0.024396 0.000102 0.022485 0.000003
0.719805 0.174336 0.052387 0.027115 0.000109 0.026245 0.000003
0.698373 0.183139 0.057817 0.029918 0.000124 0.030624 0.000003
0.677255 0.191027 0.063081 0.032939 0.000145 0.035547 0.000004
0.655523 0.197687 0.069192 0.036200 0.000172 0.041222 0.000004
0.636488 0.202520 0.074819 0.039027 0.000188 0.046953 0.000005
0.617934 0.205826 0.080633 0.042023 0.000211 0.053367 0.000005
0.599000 0.208523 0.086506 0.045083 0.000246 0.060636 0.000005
0.583710 0.209470 0.091377 0.047576 0.000274 0.067588 0.000004
0.566592 0.210209 0.096848 0.050414 0.000296 0.075637 0.000004
0.551376 0.209355 0.101772 0.053139 0.000321 0.084032 0.000004
0.537343 0.207444 0.106299 0.055506 0.000352 0.093051 0.000005
0.526410 0.204628 0.109795 0.057391 0.000379 0.101392 0.000006
0.515609 0.201034 0.113258 0.059174 0.000417 0.110499 0.000008
0.505289 0.197524 0.116398 0.060755 0.000449 0.119576 0.000008
0.495037 0.193773 0.119311 0.062203 0.000489 0.129179 0.000008
0.486561 0.189601 0.121485 0.063366 0.000520 0.138457 0.000009
0.477584 0.185480 0.123459 0.064431 0.000547 0.148487 0.000013
0.469872 0.181026 0.125030 0.065245 0.000572 0.158241 0.000014
0.462601 0.176652 0.126333 0.065971 0.000598 0.167829 0.000017
0.456116 0.172071 0.127261 0.066630 0.000618 0.177286 0.000018
0.450142 0.167082 0.127846 0.067023 0.000644 0.187242 0.000021
0.444729 0.162580 0.128264 0.067300 0.000660 0.196443 0.000024
0.439902 0.157508 0.128166 0.067459 0.000679 0.206258 0.000028
0.434159 0.153274 0.128483 0.067609 0.000709 0.215735 0.000031
0.429511 0.148854 0.128289 0.067515 0.000734 0.225062 0.000035
0.425281 0.145053 0.127824 0.067291 0.000760 0.233756 0.000035
0.419864 0.140862 0.127616 0.067134 0.000786 0.243701 0.000036
0.415091 0.137167 0.126935 0.066890 0.000815 0.253062 0.000038
0.410298 0.133977 0.126144 0.066710 0.000839 0.261993 0.000038
0.404973 0.129531 0.125190 0.066280 0.000871 0.273114 0.000040
0.401048 0.126068 0.124117 0.065814 0.000891 0.282020 0.000042
0.396723 0.121807 0.123088 0.065301 0.000902 0.292134 0.000045
0.393496 0.117986 0.122041 0.064701 0.000917 0.300810 0.000049
0.391305 0.114055 0.120755 0.063845 0.000933 0.309056 0.000051
0.388472 0.109167 0.119340 0.063062 0.000950 0.318956 0.000052
0.387018 0.105451 0.117582 0.062187 0.000965 0.326743 0.000054
0.385170 0.101387 0.115684 0.061262 0.000999 0.335442 0.000056
0.385461 0.097969 0.113281 0.059975 0.001031 0.342225 0.000058
0.385460 0.094013 0.111014 0.058726 0.001031 0.349690 0.000065
0.384906 0.091104 0.109093 0.057626 0.001035 0.356167 0.000069
0.383929 0.087963 0.107133 0.056620 0.001042 0.363242 0.000072
0.383536 0.084708 0.104765 0.055337 0.001063 0.370517 0.000074
0.383386 0.082058 0.102870 0.054203 0.001048 0.376356 0.000077
0.382515 0.078577 0.100590 0.053000 0.001056 0.384180 0.000082
0.382869 0.076286 0.098441 0.051880 0.001045 0.389395 0.000084
0.382634 0.073626 0.096083 0.050736 0.001053 0.395780 0.000089
0.383227 0.071281 0.093646 0.049484 0.001044 0.401226 0.000093
0.383594 0.068714 0.091553 0.048415 0.001035 0.406594 0.000094
0.384768 0.066603 0.089087 0.047386 0.001037 0.411024 0.000095
0.385583 0.064526 0.087126 0.046385 0.001055 0.415228 0.000098
0.386808 0.061884 0.084619 0.045082 0.001056 0.420451 0.000100
0.388288 0.060073 0.082394 0.044036 0.001057 0.424049 0.000103
0.389711 0.057959 0.080265 0.042929 0.001046 0.427985 0.000105
0.391235 0.056135 0.078055 0.041785 0.001044 0.431637 0.000109
0.392941 0.054856 0.076292 0.040720 0.001035 0.434043 0.000113
0.394673 0.052971 0.074161 0.039581 0.001032 0.437465 0.000117
0.396278 0.051482 0.072436 0.038615 0.001035 0.440036 0.000118
0.398305 0.049936 0.070278 0.037498 0.001029 0.442834 0.000120
0.400624 0.048471 0.068271 0.036543 0.001023 0.444945 0.000123
0.402755 0.047176 0.066463 0.035710 0.001008 0.446764 0.000124
0.405330 0.045817 0.064312 0.034540 0.000985 0.448887 0.000130
0.407470 0.044930 0.062662 0.033683 0.000970 0.450153 0.000132
0.409765 0.043797 0.061027 0.032850 0.000959 0.451466 0.000135
0.411999 0.042964 0.059648 0.032083 0.000952 0.452215 0.000138
0.414605 0.042014 0.057829 0.031096 0.000946 0.453368 0.000143
0.417209 0.041231 0.056282 0.030261 0.000933 0.453940 0.000144
0.419458 0.040522 0.054916 0.029471 0.000934 0.454550 0.000149
0.421916 0.039965 0.053652 0.028756 0.000925 0.454635 0.000151
0.424466 0.039335 0.052256 0.027990 0.000912 0.454885 0.000155
0.426716 0.039019 0.051221 0.027420 0.000902 0.454563 0.000158
0.429195 0.038627 0.049905 0.026829 0.000874 0.454406 0.000164
0.431626 0.038300 0.048627 0.026130 0.000868 0.454280 0.000169
0.434087 0.037835 0.047476 0.025511 0.000860 0.454061 0.000170
0.436453 0.037465 0.046450 0.024961 0.000844 0.453653 0.000174
0.438722 0.037215 0.045666 0.024467 0.000834 0.452918 0.000177
0.440796 0.037112 0.044861 0.024098 0.000833 0.452118 0.000182
0.443404 0.036891 0.043685 0.023429 0.000827 0.451578 0.000186
0.445428 0.036722 0.043038 0.023107 0.000816 0.450701 0.000188
0.447783 0.036493 0.042212 0.022618 0.000798 0.449903 0.000192
0.450315 0.036440 0.041392 0.022119 0.000801 0.448740 0.000193
0.452468 0.036390 0.040797 0.021739 0.000790 0.447622 0.000194
0.454120 0.036418 0.040335 0.021445 0.000780 0.446703 0.000199
0.456272 0.036412 0.039891 0.021125 0.000768 0.445329 0.000202
0.458608 0.036371 0.039262 0.020782 0.000754 0.444016 0.000206
0.460606 0.036386 0.038697 0.020564 0.000745 0.442791 0.000209
0.462552 0.036456 0.038247 0.020330 0.000732 0.441470 0.000213
0.464565 0.036520 0.037908 0.020108 0.000716 0.439966 0.000217
0.466531 0.036559 0.037533 0.019888 0.000706 0.438564 0.000219
0.467879 0.036737 0.037348 0.019695 0.000705 0.437415 0.000221
0.469979 0.036786 0.037014 0.019508 0.000704 0.435784 0.000225
0.471680 0.036847 0.036694 0.019418 0.000701 0.434431 0.000228
0.473296 0.036991 0.036445 0.019298 0.000686 0.433052 0.000233
0.475296 0.037137 0.036234 0.019117 0.000679 0.431304 0.000234
0.476687 0.037397 0.036021 0.019010 0.000669 0.429977 0.000239
0.478459 0.037633 0.035902 0.018861 0.000660 0.428245 0.000240
0.479678 0.037871 0.035780 0.018827 0.000656 0.426942 0.000245
0.481526 0.038032 0.035521 0.018743 0.000641 0.425289 0.000247
0.483497 0.037744 0.035493 0.018688 0.000640 0.423685 0.000252
0.486098 0.036808 0.035474 0.018495 0.000628 0.422246 0.000251
0.488838 0.035695 0.035436 0.018306 0.000624 0.420848 0.000253
0.492377 0.034414 0.035143 0.017996 0.000614 0.419200 0.000257
0.495601 0.032938 0.035024 0.017740 0.000603 0.417834 0.000261
0.499232 0.031376 0.034814 0.017419 0.000591 0.416304 0.000265
0.502973 0.029756 0.034537 0.017055 0.000579 0.414833 0.000267
0.506966 0.028121 0.034061 0.016632 0.000563 0.413385 0.000273
0.511030 0.026585 0.033639 0.016183 0.000551 0.411737 0.000275
0.515455 0.025060 0.033042 0.015723 0.000537 0.409907 0.000275
0.519249 0.023583 0.032430 0.015336 0.000526 0.408597 0.000279
0.523833 0.022144 0.031738 0.014841 0.000521 0.406643 0.000279
0.528203 0.020757 0.031025 0.014389 0.000506 0.404838 0.000281
0.532577 0.019532 0.030312 0.013868 0.000503 0.402927 0.000282
0.537083 0.018247 0.029489 0.013404 0.000493 0.400999 0.000286
0.541557 0.017122 0.028658 0.012937 0.000486 0.398956 0.000285
0.546003 0.016014 0.027788 0.012520 0.000487 0.396902 0.000286
0.550650 0.014973 0.026933 0.012033 0.000475 0.394650 0.000285
0.555550 0.013958 0.026078 0.011560 0.000470 0.392097 0.000286
0.559922 0.013024 0.025213 0.011131 0.000463 0.389955 0.000291
0.564331 0.012200 0.024404 0.010667 0.000457 0.387650 0.000292
0.569015 0.011373 0.023601 0.010231 0.000446 0.385041 0.000293
0.573397 0.010617 0.022793 0.009807 0.000443 0.382652 0.000291
0.578000 0.009915 0.021957 0.009379 0.000433 0.380022 0.000293
0.582655 0.009269 0.021130 0.008940 0.000423 0.377286 0.000295
0.587148 0.008717 0.020311 0.008553 0.000418 0.374555 0.000299
0.591310 0.008131 0.019557 0.008215 0.000402 0.372085 0.000302
0.595635 0.007551 0.018773 0.007794 0.000394 0.369545 0.000308
0.600072 0.007098 0.018015 0.007422 0.000388 0.366701 0.000304
0.604605 0.006645 0.017173 0.007058 0.000380 0.363831 0.000308
0.608993 0.006237 0.016453 0.006690 0.000370 0.360945 0.000313
0.613519 0.005843 0.015764 0.006412 0.000361 0.357792 0.000309
0.617568 0.005527 0.014994 0.006093 0.000353 0.355154 0.000311
0.622377 0.005209 0.014370 0.005825 0.000337 0.351570 0.000312
0.626431 0.004918 0.013668 0.005545 0.000328 0.348795 0.000316
0.630762 0.004595 0.013090 0.005290 0.000319 0.345626 0.000318
0.634805 0.004304 0.012520 0.005027 0.000301 0.342725 0.000319
0.639008 0.004080 0.011956 0.004800 0.000295 0.339541 0.000320
0.643395 0.003824 0.011377 0.004548 0.000277 0.336256 0.000322
0.647001 0.003602 0.010910 0.004332 0.000269 0.333560 0.000327
0.651289 0.003373 0.010360 0.004143 0.000266 0.330249 0.000321
0.655339 0.003179 0.009919 0.003923 0.000258 0.327056 0.000326
0.659603 0.002982 0.009447 0.003715 0.000244 0.323678 0.000331
0.663493 0.002809 0.008996 0.003545 0.000235 0.320594 0.000329
0.667213 0.002667 0.008561 0.003349 0.000226 0.317654 0.000330
0.671156 0.002532 0.008180 0.003175 0.000222 0.314405 0.000330
0.675057 0.002400 0.007744 0.003012 0.000218 0.311242 0.000326
0.678962 0.002270 0.007367 0.002844 0.000213 0.308020 0.000324
0.682766 0.002150 0.007058 0.002689 0.000204 0.304802 0.000331
0.686157 0.002027 0.006701 0.002573 0.000198 0.302014 0.000331
0.690249 0.001941 0.006382 0.002463 0.000184 0.298446 0.000335
0.693854 0.001817 0.006057 0.002326 0.000183 0.295429 0.000334
0.697257 0.001743 0.005768 0.002222 0.000178 0.292496 0.000337
0.701136 0.001678 0.005460 0.002099 0.000170 0.289118 0.000339
0.704395 0.001620 0.005198 0.002014 0.000163 0.286274 0.000337
0.708194 0.001551 0.004937 0.001904 0.000155 0.282924 0.000334
0.711684 0.001491 0.004707 0.001796 0.000147 0.279840 0.000335
0.714880 0.001432 0.004505 0.001723 0.000140 0.276979 0.000342
0.718477 0.001338 0.004267 0.001629 0.000136 0.273813 0.000339
0.721916 0.001271 0.004051 0.001536 0.000131 0.270757 0.000337
0.725139 0.001206 0.003873 0.001460 0.000128 0.267854 0.000340
0.728630 0.001145 0.003677 0.001380 0.000122 0.264705 0.000340
0.731922 0.001094 0.003467 0.001316 0.000114 0.261750 0.000337
0.735158 0.001051 0.003288 0.001266 0.000109 0.258789 0.000339
0.738497 0.001014 0.003139 0.001216 0.000107 0.255684 0.000342
0.741496 0.000978 0.002995 0.001152 0.000105 0.252931 0.000343
0.744524 0.000941 0.002850 0.001097 0.000102 0.250148 0.000339
0.748012 0.000918 0.002713 0.001044 0.000101 0.246867 0.000344
0.751112 0.000879 0.002587 0.000998 0.000095 0.243987 0.000342
0.753617 0.000852 0.002460 0.000963 0.000092 0.241670 0.000346
0.756769 0.000806 0.002343 0.000915 0.000092 0.238730 0.000344
0.759709 0.000778 0.002232 0.000887 0.000089 0.235960 0.000345
0.763173 0.000727 0.002106 0.000839 0.000083 0.232729 0.000342
0.765744 0.000694 0.002014 0.000803 0.000081 0.230321 0.000343
0.768851 0.000668 0.001941 0.000767 0.000077 0.227351 0.000345
0.771448 0.000657 0.001863 0.000739 0.000076 0.224870 0.000347
0.774401 0.000621 0.001757 0.000692 0.000074 0.222110 0.000345
0.777146 0.000605 0.001664 0.000653 0.000073 0.219511 0.000348
0.779589 0.000590 0.001615 0.000636 0.000066 0.217157 0.000348
0.782207 0.000565 0.001564 0.000589 0.000063 0.214670 0.000342
0.785045 0.000555 0.001494 0.000561 0.000062 0.211939 0.000345
0.787681 0.000530 0.001431 0.000538 0.000060 0.209410 0.000351
0.790695 0.000507 0.001384 0.000506 0.000055 0.206508 0.000344
0.792783 0.000497 0.001349 0.000487 0.000055 0.204482 0.000348
0.795669 0.000475 0.001276 0.000463 0.000052 0.201726 0.000339
0.798216 0.000450 0.001218 0.000440 0.000054 0.199277 0.000346
0.800696 0.000443 0.001181 0.000428 0.000049 0.196853 0.000350
0.803346 0.000424 0.001141 0.000406 0.000046 0.194288 0.000350
0.805847 0.000403 0.001095 0.000387 0.000042 0.191876 0.000351
0.808285 0.000384 0.001033 0.000364 0.000044 0.189541 0.000350
0.810601 0.000368 0.000993 0.000354 0.000045 0.187292 0.000347
0.812797 0.000346 0.000948 0.000334 0.000041 0.185181 0.000353
0.815373 0.000340 0.000896 0.000331 0.000040 0.182669 0.000352
0.817834 0.000322 0.000859 0.000323 0.000038 0.180272 0.000352
0.819893 0.000322 0.000827 0.000311 0.000039 0.178255 0.000353
0.822218 0.000307 0.000781 0.000311 0.000038 0.175996 0.000350
0.824373 0.000294 0.000748 0.000291 0.000039 0.173907 0.000349
0.826721 0.000270 0.000710 0.000281 0.000035 0.171633 0.000350
0.828693 0.000272 0.000691 0.000270 0.000035 0.169687 0.000351
0.830866 0.000278 0.000660 0.000251 0.000034 0.167566 0.000345
0.832689 0.000266 0.000645 0.000235 0.000033 0.165782 0.000350
0.835037 0.000253 0.000611 0.000230 0.000032 0.163495 0.000342
0.837072 0.000261 0.000594 0.000217 0.000032 0.161471 0.000353
0.838922 0.000259 0.000562 0.000211 0.000031 0.159662 0.000352
0.841237 0.000257 0.000546 0.000202 0.000029 0.157372 0.000357
0.843227 0.000243 0.000531 0.000189 0.000031 0.155427 0.000351
0.845050 0.000242 0.000508 0.000189 0.000029 0.153627 0.000354
0.846784 0.000238 0.000503 0.000183 0.000030 0.151913 0.000348
0.848912 0.000233 0.000477 0.000167 0.000029 0.149829 0.000353
0.850841 0.000237 0.000456 0.000169 0.000028 0.147920 0.000350
0.852646 0.000232 0.000441 0.000156 0.000027 0.146153 0.000345
0.854626 0.000227 0.000430 0.000150 0.000028 0.144193 0.000346
0.856445 0.000223 0.000413 0.000137 0.000026 0.142411 0.000346
0.858275 0.000219 0.000418 0.000141 0.000026 0.140567 0.000354
0.860121 0.000216 0.000395 0.000132 0.000024 0.138769 0.000343
0.861746 0.000211 0.000379 0.000130 0.000024 0.137161 0.000349
0.863966 0.000207 0.000371 0.000131 0.000022 0.134955 0.000348
0.865570 0.000199 0.000368 0.000132 0.000021 0.133358 0.000352
0.867106 0.000197 0.000356 0.000132 0.000019 0.131842 0.000348
0.869103 0.000182 0.000341 0.000127 0.000019 0.129872 0.000355
0.870587 0.000191 0.000330 0.000126 0.000018 0.128390 0.000358
0.872180 0.000185 0.000326 0.000124 0.000018 0.126816 0.000349
0.873936 0.000184 0.000314 0.000115 0.000018 0.125085 0.000348
0.875637 0.000184 0.000302 0.000113 0.000016 0.123401 0.000347
0.876841 0.000192 0.000298 0.000110 0.000017 0.122191 0.000351
0.878507 0.000174 0.000284 0.000106 0.000015 0.120566 0.000348
0.880087 0.000171 0.000285 0.000108 0.000016 0.118982 0.000352
0.881320 0.000172 0.000280 0.000105 0.000015 0.117754 0.000354
0.882891 0.000161 0.000275 0.000103 0.000014 0.116203 0.000353
0.884827 0.000151 0.000268 0.000092 0.000017 0.114292 0.000352
0.886271 0.000148 0.000263 0.000093 0.000014 0.112863 0.000348
0.887530 0.000154 0.000257 0.000096 0.000013 0.111604 0.000347
0.889212 0.000144 0.000261 0.000091 0.000010 0.109929 0.000352
0.890768 0.000121 0.000250 0.000080 0.000012 0.108422 0.000347
0.891944 0.000128 0.000249 0.000092 0.000012 0.107215 0.000360
0.893300 0.000127 0.000237 0.000086 0.000012 0.105884 0.000354
0.894919 0.000128 0.000223 0.000078 0.000012 0.104292 0.000348
0.895949 0.000135 0.000225 0.000076 0.000015 0.103251 0.000348
0.897470 0.000121 0.000209 0.000077 0.000013 0.101758 0.000352
0.898917 0.000120 0.000194 0.000076 0.000011 0.100330 0.000353
0.900146 0.000117 0.000194 0.000070 0.000013 0.099115 0.000346
0.901587 0.000109 0.000192 0.000070 0.000011 0.097682 0.000349
0.902539 0.000109 0.000195 0.000065 0.000013 0.096728 0.000350
0.903889 0.000106 0.000195 0.000063 0.000014 0.095374 0.000359
0.905365 0.000105 0.000189 0.000067 0.000014 0.093912 0.000348
0.906576 0.000110 0.000192 0.000066 0.000014 0.092683 0.000359
0.907952 0.000109 0.000186 0.000059 0.000013 0.091335 0.000346
0.908952 0.000095 0.000163 0.000060 0.000016 0.090371 0.000344
0.910733 0.000104 0.000177 0.000066 0.000014 0.088558 0.000348
0.911071 0.000111 0.000175 0.000069 0.000012 0.088217 0.000346
0.912786 0.000108 0.000162 0.000063 0.000011 0.086529 0.000340
0.913259 0.000110 0.000165 0.000060 0.000012 0.086050 0.000344
0.914459 0.000107 0.000150 0.000066 0.000012 0.084865 0.000343
0.915669 0.000116 0.000147 0.000064 0.000011 0.083648 0.000344
0.916471 0.000117 0.000150 0.000065 0.000010 0.082831 0.000355
0.917827 0.000116 0.000149 0.000051 0.000012 0.081509 0.000337
0.918986 0.000124 0.000144 0.000064 0.000009 0.080333 0.000339
0.919952 0.000128 0.000139 0.000059 0.000012 0.079370 0.000340
0.921059 0.000146 0.000139 0.000069 0.000008 0.078245 0.000334
0.922187 0.000143 0.000141 0.000059 0.000008 0.077122 0.000339
0.923263 0.000148 0.000141 0.000058 0.000008 0.076048 0.000334
0.923856 0.000146 0.000142 0.000062 0.000006 0.075441 0.000347
0.925543 0.000127 0.000141 0.000067 0.000007 0.073784 0.000332
0.926299 0.000126 0.000143 0.000071 0.000006 0.073019 0.000336
0.927337 0.000125 0.000148 0.000067 0.000006 0.071991 0.000326
0.927728 0.000129 0.000139 0.000083 0.000004 0.071582 0.000334
0.928625 0.000120 0.000145 0.000079 0.000006 0.070705 0.000320
0.929517 0.000112 0.000155 0.000083 0.000005 0.069800 0.000328
0.930535 0.000113 0.000138 0.000083 0.000004 0.068808 0.000319
0.931238 0.000099 0.000135 0.000080 0.000003 0.068132 0.000313
0.932198 0.000104 0.000147 0.000084 0.000003 0.067145 0.000319
0.932842 0.000108 0.000151 0.000077 0.000006 0.066491 0.000324
0.933405 0.000109 0.000138 0.000082 0.000002 0.065939 0.000325
0.934524 0.000104 0.000140 0.000070 0.000004 0.064843 0.000316
0.934899 0.000106 0.000142 0.000081 0.000004 0.064441 0.000327
0.935570 0.000108 0.000130 0.000077 0.000003 0.063780 0.000333
0.944638 0.000029 0.000036 0.000020 0.000001 0.055047 0.000228
