0.368137 0.061641 0.055259 0.031820 0.001940 0.475444 0.005759 1.551872
0.370179 0.059629 0.055151 0.031668 0.001956 0.475638 0.005780 1.557815
0.372757 0.057195 0.055044 0.031371 0.001965 0.475864 0.005804 1.563592
0.375823 0.054654 0.054708 0.030880 0.001974 0.476140 0.005821 1.569006
0.379071 0.052059 0.054208 0.030446 0.001972 0.476394 0.005850 1.574191
0.382808 0.049351 0.053717 0.029962 0.001965 0.476320 0.005878 1.579204
0.386566 0.046910 0.053143 0.029408 0.001956 0.476115 0.005902 1.583890
0.390378 0.044539 0.052223 0.028839 0.001957 0.476139 0.005926 1.588304
0.394360 0.042195 0.051397 0.028290 0.001946 0.475859 0.005953 1.592634
0.398377 0.040125 0.050323 0.027667 0.001949 0.475583 0.005977 1.596564
0.402500 0.038015 0.049359 0.026994 0.001929 0.475200 0.006002 1.600408
0.406770 0.036155 0.048231 0.026296 0.001921 0.474602 0.006026 1.604005
0.411132 0.034306 0.047167 0.025574 0.001913 0.473858 0.006051 1.607475
0.415506 0.032612 0.045998 0.024859 0.001908 0.473044 0.006075 1.610749
0.419844 0.031024 0.044846 0.024195 0.001890 0.472103 0.006099 1.613905
0.424208 0.029596 0.043634 0.023502 0.001887 0.471056 0.006120 1.616822
0.428551 0.028243 0.042438 0.022754 0.001875 0.469997 0.006142 1.619662
0.433045 0.026959 0.041213 0.022039 0.001841 0.468733 0.006171 1.622339
0.437528 0.025729 0.040118 0.021316 0.001824 0.467292 0.006193 1.624937
0.442047 0.024602 0.038943 0.020575 0.001810 0.465808 0.006215 1.627401
0.446535 0.023475 0.037753 0.019939 0.001796 0.464265 0.006237 1.629808
0.451113 0.022497 0.036609 0.019308 0.001774 0.462445 0.006254 1.632089
0.455558 0.021633 0.035367 0.018664 0.001763 0.460744 0.006271 1.634227
0.460069 0.020774 0.034256 0.018053 0.001739 0.458813 0.006296 1.636320
0.464595 0.019999 0.033130 0.017494 0.001710 0.456744 0.006327 1.638307
0.469129 0.019319 0.032067 0.016882 0.001692 0.454561 0.006351 1.640183
0.473555 0.018674 0.031093 0.016312 0.001663 0.452331 0.006373 1.642028
0.478073 0.018002 0.030072 0.015768 0.001643 0.450055 0.006388 1.643807
0.482476 0.017457 0.029086 0.015193 0.001617 0.447759 0.006411 1.645520
0.486932 0.016873 0.028165 0.014688 0.001598 0.445307 0.006436 1.647215
0.491477 0.016295 0.027275 0.014206 0.001577 0.442711 0.006459 1.648865
0.495761 0.015820 0.026390 0.013773 0.001545 0.440232 0.006480 1.650476
0.500147 0.015335 0.025598 0.013352 0.001528 0.437544 0.006496 1.652062
0.504519 0.014891 0.024802 0.012881 0.001505 0.434889 0.006514 1.653552
0.508932 0.014444 0.024053 0.012514 0.001476 0.432048 0.006534 1.655043
0.513310 0.014093 0.023297 0.012107 0.001452 0.429185 0.006557 1.656433
0.517603 0.013744 0.022572 0.011734 0.001421 0.426349 0.006577 1.657812
0.521959 0.013376 0.021869 0.011387 0.001396 0.423422 0.006591 1.659193
0.526237 0.013066 0.021287 0.010957 0.001375 0.420467 0.006611 1.660511
0.530453 0.012802 0.020598 0.010656 0.001350 0.417513 0.006629 1.661761
0.534637 0.012564 0.019946 0.010330 0.001315 0.414560 0.006649 1.662997
0.538840 0.012325 0.019305 0.010040 0.001282 0.411542 0.006667 1.664210
0.543052 0.012059 0.018764 0.009710 0.001251 0.408478 0.006687 1.665406
0.547106 0.011824 0.018227 0.009427 0.001222 0.405487 0.006707 1.666582
0.551241 0.011596 0.017705 0.009128 0.001205 0.402403 0.006722 1.667718
0.555341 0.011361 0.017232 0.008899 0.001180 0.399252 0.006736 1.668857
0.559439 0.011163 0.016733 0.008624 0.001163 0.396127 0.006751 1.669974
0.563549 0.010939 0.016262 0.008377 0.001127 0.392981 0.006766 1.671081
0.567510 0.010825 0.015803 0.008157 0.001103 0.389827 0.006776 1.672115
0.571383 0.010715 0.015356 0.007914 0.001086 0.386760 0.006785 1.673151
0.575278 0.010579 0.014928 0.007707 0.001067 0.383645 0.006796 1.674178
0.579105 0.010412 0.014561 0.007487 0.001050 0.380577 0.006808 1.675252
0.582951 0.010271 0.014162 0.007312 0.001034 0.377450 0.006820 1.676276
0.586650 0.010156 0.013803 0.007126 0.001017 0.374416 0.006833 1.677291
0.590466 0.010033 0.013493 0.006998 0.000995 0.371170 0.006846 1.678284
0.594235 0.009880 0.013198 0.006836 0.000983 0.368012 0.006856 1.679307
0.597873 0.009811 0.012914 0.006666 0.000957 0.364911 0.006868 1.680252
0.601582 0.009687 0.012615 0.006530 0.000936 0.361768 0.006882 1.681217
0.605256 0.009640 0.012346 0.006387 0.000925 0.358554 0.006892 1.682140
0.608869 0.009542 0.012072 0.006265 0.000910 0.355437 0.006905 1.683090
0.612497 0.009440 0.011864 0.006134 0.000889 0.352261 0.006915 1.684041
0.616135 0.009349 0.011651 0.006024 0.000876 0.349041 0.006923 1.684967
0.619623 0.009248 0.011427 0.005922 0.000858 0.345986 0.006935 1.685886
0.623053 0.009189 0.011213 0.005788 0.000835 0.342972 0.006949 1.686766
0.626442 0.009183 0.011017 0.005690 0.000817 0.339893 0.006959 1.687631
0.629822 0.009131 0.010837 0.005585 0.000794 0.336862 0.006969 1.688507
0.633180 0.009042 0.010735 0.005482 0.000773 0.333811 0.006979 1.689418
0.636510 0.009035 0.010577 0.005391 0.000751 0.330746 0.006989 1.690276
0.639794 0.008972 0.010373 0.005326 0.000735 0.327802 0.006998 1.691151
0.643099 0.008931 0.010201 0.005203 0.000716 0.324843 0.007007 1.692004
0.646273 0.008879 0.010035 0.005129 0.000708 0.321961 0.007015 1.692879
0.649386 0.008828 0.009922 0.005063 0.000697 0.319082 0.007021 1.693768
0.652561 0.008814 0.009737 0.004999 0.000679 0.316181 0.007029 1.694589
0.655703 0.008751 0.009643 0.004920 0.000665 0.313278 0.007041 1.695470
0.658833 0.008735 0.009530 0.004844 0.000642 0.310366 0.007050 1.696343
0.661852 0.008691 0.009433 0.004788 0.000620 0.307556 0.007060 1.697212
0.664915 0.008659 0.009337 0.004746 0.000606 0.304666 0.007071 1.698094
0.667845 0.008638 0.009240 0.004697 0.000587 0.301911 0.007082 1.698939
0.670750 0.008592 0.009145 0.004672 0.000576 0.299174 0.007091 1.699799
0.673645 0.008586 0.009076 0.004647 0.000559 0.296386 0.007100 1.700649
0.676573 0.008527 0.008994 0.004581 0.000548 0.293670 0.007107 1.701493
0.679424 0.008473 0.008926 0.004513 0.000541 0.291009 0.007116 1.702328
0.682220 0.008444 0.008863 0.004488 0.000527 0.288335 0.007124 1.703190
0.684985 0.008387 0.008835 0.004440 0.000516 0.285706 0.007131 1.704053
0.687686 0.008447 0.008714 0.004392 0.000509 0.283116 0.007137 1.704862
0.690333 0.008433 0.008672 0.004325 0.000497 0.280598 0.007142 1.705699
0.693001 0.008469 0.008598 0.004299 0.000491 0.277997 0.007146 1.706503
0.695668 0.008474 0.008534 0.004273 0.000479 0.275420 0.007152 1.707313
0.698232 0.008507 0.008463 0.004262 0.000471 0.272910 0.007156 1.708124
0.700799 0.008507 0.008393 0.004274 0.000464 0.270400 0.007164 1.708958
0.703366 0.008441 0.008388 0.004242 0.000458 0.267936 0.007170 1.709825
0.705856 0.008420 0.008367 0.004216 0.000451 0.265517 0.007175 1.710664
0.708383 0.008440 0.008312 0.004208 0.000447 0.263031 0.007179 1.711496
0.710771 0.008433 0.008319 0.004220 0.000430 0.260641 0.007186 1.712354
0.713113 0.008462 0.008247 0.004176 0.000423 0.258389 0.007191 1.713160
0.715486 0.008442 0.008217 0.004152 0.000413 0.256092 0.007198 1.714008
0.717796 0.008445 0.008238 0.004124 0.000405 0.253788 0.007205 1.714873
0.720135 0.008464 0.008175 0.004110 0.000396 0.251511 0.007210 1.715696
0.722402 0.008527 0.008104 0.004112 0.000390 0.249251 0.007215 1.716499
0.724585 0.008577 0.008096 0.004096 0.000386 0.247042 0.007219 1.717359
0.726828 0.008633 0.008060 0.004073 0.000374 0.244805 0.007226 1.718182
0.729001 0.008646 0.008049 0.004088 0.000371 0.242614 0.007231 1.719036
0.731180 0.008673 0.008068 0.004085 0.000368 0.240389 0.007237 1.719891
0.733265 0.008708 0.008087 0.004091 0.000364 0.238245 0.007240 1.720771
0.735354 0.008733 0.008078 0.004099 0.000356 0.236138 0.007243 1.721615
0.737313 0.008795 0.008042 0.004125 0.000351 0.234126 0.007249 1.722454
0.739354 0.008809 0.008061 0.004097 0.000349 0.232078 0.007253 1.723313
0.741329 0.008830 0.008077 0.004109 0.000345 0.230054 0.007256 1.724208
0.743276 0.008870 0.008118 0.004099 0.000336 0.228041 0.007261 1.725094
0.745180 0.008976 0.008101 0.004088 0.000335 0.226057 0.007263 1.725955
0.747065 0.009018 0.008145 0.004088 0.000332 0.224088 0.007265 1.726839
0.748882 0.009035 0.008152 0.004099 0.000327 0.222237 0.007269 1.727735
0.750720 0.009075 0.008160 0.004094 0.000325 0.220355 0.007271 1.728626
0.752490 0.009149 0.008127 0.004121 0.000322 0.218518 0.007275 1.729497
0.754150 0.009216 0.008166 0.004127 0.000315 0.216747 0.007279 1.730384
0.755864 0.009241 0.008208 0.004156 0.000317 0.214931 0.007283 1.731326
0.757621 0.009271 0.008229 0.004164 0.000312 0.213116 0.007287 1.732241
0.759334 0.009329 0.008243 0.004151 0.000301 0.211351 0.007291 1.733128
0.760954 0.009399 0.008245 0.004150 0.000298 0.209660 0.007295 1.734037
0.762613 0.009480 0.008267 0.004149 0.000298 0.207894 0.007300 1.734940
0.764257 0.009560 0.008312 0.004134 0.000290 0.206142 0.007306 1.735854
0.765840 0.009602 0.008389 0.004145 0.000285 0.204432 0.007309 1.736798
0.767460 0.009605 0.008406 0.004183 0.000282 0.202752 0.007312 1.737752
0.769012 0.009586 0.008472 0.004240 0.000289 0.201088 0.007315 1.738746
0.770569 0.009624 0.008506 0.004257 0.000285 0.199439 0.007319 1.739687
0.772100 0.009638 0.008544 0.004248 0.000282 0.197866 0.007323 1.740644
0.773528 0.009719 0.008539 0.004233 0.000276 0.196380 0.007326 1.741570
0.774965 0.009797 0.008577 0.004255 0.000278 0.194799 0.007329 1.742538
0.776352 0.009891 0.008626 0.004240 0.000271 0.193288 0.007332 1.743498
0.777713 0.009967 0.008676 0.004278 0.000271 0.191759 0.007335 1.744478
0.779021 0.010010 0.008686 0.004348 0.000266 0.190331 0.007339 1.745506
0.780298 0.010103 0.008766 0.004363 0.000268 0.188860 0.007341 1.746482
0.781603 0.010164 0.008830 0.004397 0.000271 0.187392 0.007344 1.747490
0.782836 0.010225 0.008892 0.004427 0.000273 0.185999 0.007349 1.748513
0.784030 0.010270 0.008926 0.004459 0.000269 0.184692 0.007352 1.749538
0.785198 0.010350 0.009010 0.004499 0.000267 0.183324 0.007354 1.750556
0.786388 0.010392 0.009069 0.004493 0.000267 0.182036 0.007357 1.751594
0.787601 0.010475 0.009099 0.004524 0.000266 0.180673 0.007361 1.752617
0.788669 0.010589 0.009150 0.004553 0.000270 0.179408 0.007363 1.753671
0.789749 0.010702 0.009166 0.004569 0.000269 0.178178 0.007367 1.754698
0.790829 0.010805 0.009262 0.004570 0.000269 0.176894 0.007373 1.755752
0.791904 0.010984 0.009287 0.004578 0.000271 0.175603 0.007374 1.756750
0.792910 0.011097 0.009321 0.004586 0.000269 0.174440 0.007377 1.757826
0.793912 0.011190 0.009393 0.004599 0.000267 0.173257 0.007382 1.758915
0.794987 0.011276 0.009424 0.004666 0.000267 0.171994 0.007385 1.760001
0.795912 0.011394 0.009529 0.004695 0.000272 0.170810 0.007388 1.761119
0.796832 0.011492 0.009578 0.004730 0.000270 0.169705 0.007392 1.762236
0.797740 0.011557 0.009632 0.004805 0.000270 0.168602 0.007394 1.763385
0.798606 0.011643 0.009678 0.004838 0.000269 0.167569 0.007397 1.764528
0.799423 0.011768 0.009725 0.004880 0.000264 0.166541 0.007401 1.765641
0.800185 0.011955 0.009761 0.004884 0.000270 0.165544 0.007402 1.766747
0.801005 0.012024 0.009859 0.004939 0.000273 0.164495 0.007405 1.767926
0.801758 0.012121 0.009915 0.004997 0.000275 0.163527 0.007409 1.769120
0.802493 0.012203 0.010003 0.005052 0.000277 0.162561 0.007413 1.770357
0.803214 0.012332 0.010067 0.005077 0.000277 0.161619 0.007416 1.771552
0.803974 0.012389 0.010159 0.005146 0.000276 0.160636 0.007420 1.772777
0.804664 0.012452 0.010250 0.005226 0.000278 0.159708 0.007423 1.774012
0.805297 0.012573 0.010332 0.005268 0.000278 0.158827 0.007426 1.775256
0.805943 0.012666 0.010392 0.005305 0.000286 0.157981 0.007428 1.776480
0.806548 0.012768 0.010491 0.005347 0.000287 0.157128 0.007431 1.777729
0.807130 0.012914 0.010546 0.005400 0.000282 0.156293 0.007435 1.778987
0.807652 0.013025 0.010638 0.005441 0.000287 0.155519 0.007439 1.780244
0.808200 0.013146 0.010739 0.005479 0.000282 0.154713 0.007442 1.781505
0.808695 0.013218 0.010819 0.005556 0.000278 0.153991 0.007445 1.782834
0.809275 0.013305 0.010912 0.005615 0.000284 0.153160 0.007450 1.784152
0.809788 0.013475 0.010960 0.005659 0.000284 0.152383 0.007453 1.785409
0.810282 0.013553 0.011055 0.005739 0.000282 0.151633 0.007457 1.786747
0.810713 0.013681 0.011135 0.005789 0.000281 0.150942 0.007460 1.788066
0.811148 0.013854 0.011175 0.005801 0.000287 0.150271 0.007464 1.789374
0.811503 0.013961 0.011300 0.005837 0.000290 0.149644 0.007465 1.790759
0.811936 0.014009 0.011451 0.005902 0.000294 0.148939 0.007468 1.792163
0.812285 0.014148 0.011518 0.005891 0.000300 0.148386 0.007472 1.793496
0.812538 0.014268 0.011632 0.005981 0.000303 0.147804 0.007474 1.794931
0.812887 0.014368 0.011786 0.006036 0.000304 0.147141 0.007478 1.796382
0.813273 0.014476 0.011907 0.006056 0.000308 0.146498 0.007482 1.797780
0.813598 0.014550 0.012010 0.006080 0.000309 0.145965 0.007488 1.799194
0.813921 0.014656 0.012096 0.006092 0.000311 0.145434 0.007490 1.800610
0.814150 0.014787 0.012229 0.006140 0.000314 0.144886 0.007494 1.802048
0.814376 0.014953 0.012301 0.006207 0.000311 0.144355 0.007498 1.803482
0.814579 0.015059 0.012384 0.006275 0.000308 0.143895 0.007499 1.804979
0.814797 0.015119 0.012511 0.006298 0.000311 0.143460 0.007503 1.806480
0.815036 0.015147 0.012616 0.006368 0.000313 0.143011 0.007508 1.808010
0.815187 0.015279 0.012739 0.006396 0.000309 0.142578 0.007512 1.809483
0.815371 0.015363 0.012858 0.006454 0.000313 0.142125 0.007516 1.811008
0.815478 0.015453 0.012997 0.006528 0.000314 0.141711 0.007520 1.812579
0.815605 0.015581 0.013036 0.006566 0.000315 0.141373 0.007525 1.814080
0.815711 0.015667 0.013135 0.006597 0.000321 0.141041 0.007529 1.815632
0.815833 0.015810 0.013186 0.006655 0.000318 0.140664 0.007534 1.817144
0.815889 0.015956 0.013289 0.006685 0.000319 0.140324 0.007539 1.818656
0.816012 0.015979 0.013416 0.006722 0.000324 0.140007 0.007541 1.820244
0.816142 0.016022 0.013514 0.006794 0.000330 0.139654 0.007545 1.821852
0.816185 0.016162 0.013616 0.006841 0.000333 0.139315 0.007550 1.823411
0.816321 0.016239 0.013718 0.006892 0.000336 0.138941 0.007554 1.824987
0.816395 0.016274 0.013816 0.006909 0.000338 0.138712 0.007557 1.826605
0.816449 0.016351 0.013892 0.006952 0.000341 0.138452 0.007564 1.828227
0.816464 0.016427 0.013992 0.006968 0.000342 0.138238 0.007570 1.829853
0.816489 0.016487 0.014052 0.007018 0.000345 0.138036 0.007573 1.831486
0.816487 0.016539 0.014165 0.007069 0.000352 0.137811 0.007577 1.833139
0.816469 0.016696 0.014232 0.007126 0.000352 0.137543 0.007582 1.834756
0.816429 0.016788 0.014319 0.007187 0.000358 0.137335 0.007585 1.836413
0.816396 0.016827 0.014381 0.007234 0.000363 0.137213 0.007588 1.838087
0.816436 0.016931 0.014462 0.007286 0.000364 0.136929 0.007594 1.839728
0.816308 0.017122 0.014491 0.007307 0.000361 0.136810 0.007601 1.841330
0.816239 0.017200 0.014615 0.007339 0.000360 0.136644 0.007604 1.843040
0.816169 0.017342 0.014636 0.007344 0.000361 0.136541 0.007608 1.844674
0.816149 0.017410 0.014722 0.007390 0.000365 0.136351 0.007613 1.846367
0.816052 0.017500 0.014799 0.007421 0.000368 0.136242 0.007618 1.848073
0.816008 0.017496 0.014832 0.007478 0.000367 0.136195 0.007624 1.849796
0.815965 0.017547 0.014905 0.007505 0.000373 0.136081 0.007626 1.851503
0.815885 0.017603 0.014981 0.007554 0.000365 0.135975 0.007636 1.853232
0.815788 0.017669 0.015093 0.007581 0.000368 0.135861 0.007640 1.854928
0.815703 0.017690 0.015211 0.007630 0.000365 0.135759 0.007643 1.856703
0.815549 0.017751 0.015284 0.007665 0.000363 0.135737 0.007651 1.858458
0.815459 0.017853 0.015338 0.007701 0.000367 0.135627 0.007656 1.860145
0.815356 0.017882 0.015375 0.007736 0.000374 0.135619 0.007659 1.861906
0.815231 0.017921 0.015494 0.007791 0.000373 0.135526 0.007664 1.863710
0.815146 0.017926 0.015589 0.007787 0.000375 0.135510 0.007668 1.865490
0.815087 0.017960 0.015620 0.007842 0.000373 0.135448 0.007671 1.867255
0.814977 0.017962 0.015647 0.007905 0.000380 0.135455 0.007674 1.869031
0.814850 0.018021 0.015686 0.007938 0.000382 0.135446 0.007678 1.870805
0.814748 0.018041 0.015780 0.007924 0.000381 0.135441 0.007685 1.872584
0.814591 0.018166 0.015804 0.007933 0.000378 0.135435 0.007692 1.874300
0.814425 0.018239 0.015867 0.007955 0.000382 0.135434 0.007699 1.876069
0.814262 0.018230 0.015954 0.008002 0.000390 0.135460 0.007703 1.877917
0.814113 0.018328 0.015950 0.008028 0.000398 0.135478 0.007706 1.879670
0.813969 0.018369 0.015975 0.008034 0.000404 0.135540 0.007710 1.881458
0.813786 0.018452 0.016040 0.008073 0.000404 0.135529 0.007718 1.883262
0.813657 0.018440 0.016076 0.008122 0.000400 0.135581 0.007725 1.885100
0.813453 0.018486 0.016152 0.008113 0.000403 0.135665 0.007728 1.886913
0.813299 0.018533 0.016178 0.008154 0.000404 0.135699 0.007734 1.888723
0.813092 0.018575 0.016217 0.008209 0.000403 0.135765 0.007739 1.890560
0.812916 0.018581 0.016324 0.008254 0.000400 0.135781 0.007745 1.892428
0.812683 0.018659 0.016374 0.008257 0.000402 0.135874 0.007751 1.894241
0.812549 0.018672 0.016474 0.008231 0.000414 0.135905 0.007756 1.896092
0.812360 0.018773 0.016474 0.008259 0.000413 0.135958 0.007764 1.897863
0.812221 0.018813 0.016523 0.008251 0.000418 0.136007 0.007769 1.899680
0.812085 0.018817 0.016567 0.008247 0.000420 0.136089 0.007775 1.901522
0.811920 0.018869 0.016567 0.008300 0.000419 0.136146 0.007780 1.903318
0.811746 0.018926 0.016606 0.008332 0.000421 0.136182 0.007788 1.905146
0.811616 0.018923 0.016653 0.008330 0.000429 0.136257 0.007793 1.906983
0.811426 0.018933 0.016679 0.008380 0.000432 0.136352 0.007799 1.908836
0.811275 0.018872 0.016779 0.008401 0.000424 0.136442 0.007808 1.910727
0.811085 0.018901 0.016768 0.008444 0.000437 0.136556 0.007810 1.912586
0.810944 0.018852 0.016813 0.008483 0.000443 0.136651 0.007814 1.914461
0.810840 0.018792 0.016824 0.008511 0.000446 0.136769 0.007818 1.916322
0.810736 0.018800 0.016792 0.008551 0.000447 0.136848 0.007826 1.918105
0.810594 0.018769 0.016858 0.008526 0.000445 0.136972 0.007837 1.919966
0.810441 0.018720 0.016884 0.008591 0.000445 0.137079 0.007842 1.921846
0.810380 0.018636 0.016907 0.008662 0.000445 0.137125 0.007845 1.923732
0.810259 0.018626 0.016990 0.008584 0.000451 0.137242 0.007850 1.925559
0.810104 0.018678 0.016965 0.008581 0.000458 0.137358 0.007855 1.927368
0.810023 0.018654 0.017004 0.008591 0.000461 0.137406 0.007861 1.929193
0.809987 0.018601 0.016998 0.008598 0.000468 0.137484 0.007864 1.931027
0.809965 0.018517 0.017018 0.008559 0.000462 0.137611 0.007869 1.932846
0.809896 0.018496 0.017037 0.008579 0.000456 0.137660 0.007875 1.934666
0.809834 0.018518 0.017009 0.008570 0.000464 0.137727 0.007880 1.936439
0.809746 0.018547 0.017025 0.008525 0.000471 0.137803 0.007883 1.938239
0.809703 0.018470 0.017057 0.008518 0.000471 0.137891 0.007892 1.940105
0.809648 0.018457 0.017073 0.008535 0.000477 0.137913 0.007897 1.941908
0.809572 0.018436 0.017034 0.008509 0.000478 0.138067 0.007905 1.943697
0.809423 0.018450 0.017033 0.008512 0.000484 0.138189 0.007909 1.945505
0.809365 0.018384 0.017009 0.008520 0.000484 0.138322 0.007917 1.947342
0.809311 0.018415 0.016957 0.008464 0.000484 0.138446 0.007923 1.949104
0.809256 0.018417 0.016910 0.008435 0.000486 0.138566 0.007929 1.950860
0.809162 0.018432 0.016883 0.008498 0.000483 0.138609 0.007934 1.952674
0.809156 0.018446 0.016837 0.008511 0.000484 0.138626 0.007939 1.954425
0.809127 0.018373 0.016831 0.008522 0.000487 0.138717 0.007943 1.956241
0.809112 0.018323 0.016869 0.008509 0.000488 0.138747 0.007952 1.958048
0.809012 0.018368 0.016824 0.008472 0.000491 0.138878 0.007955 1.959817
0.809039 0.018320 0.016812 0.008466 0.000487 0.138916 0.007960 1.961613
0.809045 0.018267 0.016755 0.008456 0.000481 0.139031 0.007966 1.963404
0.809064 0.018262 0.016667 0.008444 0.000474 0.139120 0.007971 1.965132
0.809111 0.018158 0.016700 0.008392 0.000475 0.139189 0.007976 1.966918
0.809123 0.018105 0.016641 0.008385 0.000477 0.139288 0.007982 1.968680
0.809120 0.018071 0.016625 0.008373 0.000479 0.139346 0.007988 1.970448
0.809190 0.017962 0.016640 0.008361 0.000483 0.139372 0.007993 1.972252
0.809235 0.017916 0.016595 0.008326 0.000479 0.139453 0.007996 1.973984
0.809244 0.017898 0.016586 0.008316 0.000482 0.139474 0.008001 1.975757
0.809343 0.017809 0.016588 0.008324 0.000476 0.139454 0.008007 1.977519
0.809428 0.017737 0.016530 0.008325 0.000475 0.139493 0.008012 1.979254
0.809461 0.017706 0.016530 0.008313 0.000475 0.139496 0.008019 1.981008
0.809458 0.017683 0.016518 0.008293 0.000482 0.139542 0.008025 1.982741
0.809504 0.017681 0.016492 0.008264 0.000480 0.139550 0.008030 1.984441
0.809561 0.017593 0.016478 0.008289 0.000482 0.139562 0.008037 1.986202
0.809609 0.017523 0.016426 0.008280 0.000479 0.139642 0.008042 1.987916
0.809663 0.017524 0.016352 0.008218 0.000489 0.139708 0.008047 1.989609
0.809708 0.017450 0.016285 0.008160 0.000503 0.139842 0.008053 1.991320
0.809856 0.017372 0.016240 0.008158 0.000504 0.139813 0.008058 1.993008
0.809907 0.017340 0.016219 0.008168 0.000499 0.139804 0.008063 1.994717
0.809969 0.017335 0.016169 0.008137 0.000497 0.139826 0.008069 1.996390
0.809978 0.017316 0.016166 0.008128 0.000506 0.139833 0.008073 1.998095
0.810075 0.017265 0.016174 0.008143 0.000504 0.139761 0.008079 1.999819
0.810234 0.017212 0.016100 0.008104 0.000500 0.139763 0.008087 2.001494
0.810259 0.017205 0.016155 0.008087 0.000503 0.139699 0.008091 2.003193
0.810369 0.017233 0.016126 0.008040 0.000509 0.139630 0.008095 2.004832
0.810460 0.017180 0.016068 0.008012 0.000517 0.139664 0.008100 2.006502
0.810567 0.017182 0.016024 0.007963 0.000517 0.139644 0.008104 2.008152
0.810678 0.017114 0.016019 0.007969 0.000512 0.139597 0.008113 2.009867
0.810805 0.017091 0.015979 0.007934 0.000507 0.139563 0.008123 2.011520
0.810917 0.017053 0.015945 0.007929 0.000502 0.139525 0.008130 2.013196
0.811072 0.017031 0.015863 0.007934 0.000507 0.139458 0.008135 2.014840
0.811158 0.017020 0.015814 0.007933 0.000515 0.139421 0.008140 2.016449
0.811228 0.016966 0.015813 0.007925 0.000516 0.139406 0.008146 2.018116
0.811350 0.016989 0.015756 0.007890 0.000507 0.139356 0.008152 2.019724
0.811435 0.017031 0.015707 0.007884 0.000505 0.139281 0.008158 2.021344
0.811604 0.016955 0.015760 0.007904 0.000502 0.139110 0.008166 2.023014
0.811660 0.016946 0.015746 0.007905 0.000495 0.139076 0.008174 2.024671
0.811772 0.016876 0.015710 0.007902 0.000494 0.139069 0.008178 2.026329
0.811915 0.016859 0.015710 0.007875 0.000488 0.138968 0.008184 2.027960
0.812083 0.016842 0.015675 0.007819 0.000484 0.138910 0.008188 2.029565
0.812157 0.016810 0.015682 0.007836 0.000480 0.138841 0.008193 2.031244
0.812252 0.016788 0.015660 0.007840 0.000483 0.138781 0.008197 2.032893
0.812327 0.016820 0.015628 0.007825 0.000476 0.138720 0.008203 2.034514
0.812507 0.016792 0.015553 0.007822 0.000474 0.138646 0.008207 2.036134
0.812733 0.016728 0.015525 0.007817 0.000469 0.138516 0.008211 2.037767
0.812903 0.016678 0.015511 0.007785 0.000470 0.138435 0.008217 2.039404
0.813108 0.016622 0.015525 0.007726 0.000476 0.138323 0.008220 2.041018
0.813200 0.016641 0.015557 0.007689 0.000477 0.138210 0.008226 2.042622
0.813341 0.016581 0.015576 0.007658 0.000468 0.138144 0.008232 2.044257
0.813480 0.016514 0.015526 0.007674 0.000468 0.138100 0.008237 2.045903
0.813610 0.016469 0.015516 0.007648 0.000469 0.138045 0.008243 2.047517
0.813692 0.016478 0.015465 0.007635 0.000470 0.138014 0.008248 2.049122
0.813798 0.016480 0.015448 0.007584 0.000462 0.137970 0.008257 2.050743
0.813883 0.016467 0.015452 0.007554 0.000465 0.137915 0.008265 2.052352
0.813980 0.016448 0.015371 0.007538 0.000457 0.137931 0.008273 2.053975
0.814054 0.016444 0.015354 0.007530 0.000455 0.137883 0.008280 2.055601
0.814226 0.016361 0.015379 0.007555 0.000463 0.137733 0.008283 2.057244
0.814395 0.016389 0.015301 0.007546 0.000468 0.137613 0.008288 2.058799
0.814521 0.016381 0.015263 0.007553 0.000464 0.137522 0.008297 2.060405
0.814667 0.016326 0.015275 0.007558 0.000457 0.137414 0.008303 2.062054
0.814782 0.016323 0.015273 0.007580 0.000453 0.137279 0.008311 2.063661
0.814879 0.016276 0.015234 0.007592 0.000453 0.137251 0.008314 2.065292
0.815015 0.016245 0.015224 0.007576 0.000456 0.137164 0.008320 2.066896
0.815125 0.016241 0.015215 0.007560 0.000453 0.137082 0.008324 2.068491
0.815306 0.016167 0.015230 0.007537 0.000456 0.136973 0.008331 2.070095
0.815509 0.016132 0.015161 0.007504 0.000454 0.136903 0.008335 2.071666
0.815693 0.016069 0.015142 0.007551 0.000458 0.136748 0.008340 2.073287
0.815850 0.016108 0.015096 0.007544 0.000459 0.136601 0.008344 2.074861
0.815915 0.016175 0.015058 0.007491 0.000450 0.136561 0.008350 2.076373
0.815987 0.016143 0.015084 0.007472 0.000455 0.136503 0.008357 2.077996
0.816110 0.016095 0.015084 0.007467 0.000458 0.136427 0.008360 2.079613
0.816232 0.016134 0.015027 0.007455 0.000452 0.136330 0.008369 2.081163
0.816384 0.016121 0.014995 0.007438 0.000445 0.136240 0.008377 2.082741
0.816554 0.016175 0.014977 0.007416 0.000445 0.136050 0.008383 2.084285
0.816647 0.016152 0.015020 0.007420 0.000442 0.135931 0.008387 2.085901
0.816809 0.016114 0.015006 0.007370 0.000439 0.135871 0.008392 2.087487
0.816933 0.016129 0.014961 0.007346 0.000432 0.135798 0.008400 2.089030
0.817078 0.016159 0.014927 0.007406 0.000425 0.135598 0.008407 2.090612
0.817132 0.016146 0.014963 0.007376 0.000426 0.135543 0.008414 2.092215
0.817264 0.016166 0.014937 0.007404 0.000429 0.135382 0.008419 2.093771
0.817445 0.016199 0.014877 0.007375 0.000432 0.135248 0.008422 2.095310
0.817534 0.016176 0.014937 0.007360 0.000441 0.135123 0.008428 2.096909
0.817663 0.016175 0.014954 0.007335 0.000444 0.134995 0.008434 2.098485
0.817826 0.016119 0.014895 0.007343 0.000449 0.134928 0.008441 2.100088
0.817924 0.016158 0.014878 0.007330 0.000451 0.134815 0.008444 2.101636
0.818069 0.016144 0.014871 0.007344 0.000455 0.134668 0.008447 2.103232
0.818201 0.016113 0.014922 0.007338 0.000458 0.134518 0.008451 2.104860
0.818252 0.016103 0.014929 0.007350 0.000460 0.134451 0.008456 2.106459
0.818349 0.016101 0.014976 0.007294 0.000459 0.134358 0.008464 2.108036
0.818493 0.016126 0.014968 0.007284 0.000458 0.134203 0.008467 2.109574
0.818597 0.016105 0.014941 0.007314 0.000456 0.134115 0.008472 2.111161
0.818713 0.016116 0.014864 0.007310 0.000459 0.134062 0.008476 2.112706
0.818811 0.016075 0.014880 0.007307 0.000457 0.133989 0.008481 2.114296
0.818911 0.016070 0.014855 0.007330 0.000455 0.133889 0.008490 2.115876
0.819010 0.016058 0.014803 0.007301 0.000449 0.133882 0.008496 2.117447
0.819164 0.016031 0.014802 0.007293 0.000454 0.133753 0.008503 2.119025
0.819351 0.015972 0.014805 0.007301 0.000451 0.133612 0.008508 2.120596
0.819438 0.015892 0.014814 0.007310 0.000454 0.133579 0.008513 2.122210
0.819556 0.015933 0.014774 0.007308 0.000455 0.133453 0.008521 2.123752
0.819623 0.015963 0.014743 0.007329 0.000457 0.133360 0.008525 2.125298
0.819749 0.015955 0.014783 0.007310 0.000462 0.133209 0.008532 2.126869
0.819894 0.015866 0.014843 0.007282 0.000464 0.133116 0.008535 2.128467
0.820055 0.015873 0.014789 0.007288 0.000462 0.132991 0.008542 2.130007
0.820110 0.015872 0.014731 0.007299 0.000463 0.132979 0.008546 2.131553
0.820221 0.015837 0.014757 0.007327 0.000465 0.132841 0.008551 2.133133
0.820351 0.015858 0.014779 0.007334 0.000467 0.132658 0.008553 2.134694
0.820496 0.015843 0.014803 0.007301 0.000460 0.132535 0.008561 2.136274
0.820612 0.015850 0.014774 0.007284 0.000468 0.132447 0.008566 2.137821
0.820696 0.015861 0.014763 0.007312 0.000460 0.132335 0.008574 2.139395
0.820811 0.015836 0.014762 0.007322 0.000461 0.132230 0.008578 2.140956
0.820857 0.015852 0.014781 0.007346 0.000456 0.132128 0.008581 2.142542
0.820920 0.015841 0.014791 0.007347 0.000455 0.132060 0.008586 2.144127
0.820979 0.015844 0.014825 0.007324 0.000450 0.131986 0.008593 2.145714
0.821088 0.015782 0.014802 0.007379 0.000444 0.131905 0.008600 2.147336
0.821126 0.015832 0.014794 0.007329 0.000442 0.131865 0.008611 2.148871
0.821217 0.015871 0.014728 0.007316 0.000442 0.131807 0.008618 2.150407
0.821306 0.015907 0.014717 0.007305 0.000444 0.131698 0.008624 2.151960
0.821394 0.015885 0.014704 0.007318 0.000438 0.131631 0.008629 2.153556
0.821514 0.015901 0.014663 0.007294 0.000437 0.131558 0.008632 2.155086
0.821546 0.015894 0.014691 0.007289 0.000441 0.131503 0.008636 2.156680
0.821609 0.015966 0.014698 0.007301 0.000439 0.131345 0.008642 2.158225
0.821633 0.015955 0.014666 0.007299 0.000448 0.131354 0.008647 2.159817
0.821704 0.015911 0.014682 0.007266 0.000448 0.131335 0.008653 2.161384
0.821819 0.015964 0.014666 0.007243 0.000445 0.131206 0.008657 2.162908
0.821878 0.015968 0.014640 0.007255 0.000439 0.131159 0.008662 2.164493
0.821959 0.016018 0.014575 0.007210 0.000443 0.131129 0.008666 2.166005
0.822009 0.015964 0.014630 0.007231 0.000444 0.131050 0.008671 2.167622
0.822118 0.015960 0.014629 0.007236 0.000448 0.130931 0.008677 2.169190
0.822193 0.015921 0.014628 0.007227 0.000443 0.130905 0.008683 2.170773
0.822245 0.015907 0.014644 0.007245 0.000437 0.130833 0.008691 2.172360
0.822273 0.015954 0.014686 0.007291 0.000437 0.130665 0.008694 2.173939
0.822355 0.015893 0.014708 0.007285 0.000441 0.130620 0.008697 2.175512
0.822439 0.015916 0.014687 0.007284 0.000440 0.130534 0.008701 2.177084
0.822498 0.015935 0.014652 0.007292 0.000438 0.130479 0.008705 2.178627
0.822562 0.015979 0.014637 0.007272 0.000433 0.130403 0.008714 2.180178
0.822631 0.015980 0.014648 0.007270 0.000429 0.130324 0.008719 2.181747
0.822714 0.015966 0.014603 0.007275 0.000432 0.130289 0.008721 2.183319
0.822793 0.015920 0.014554 0.007301 0.000428 0.130277 0.008727 2.184910
0.822866 0.015876 0.014578 0.007328 0.000428 0.130192 0.008731 2.186522
0.822948 0.015823 0.014583 0.007314 0.000423 0.130172 0.008735 2.188102
0.823012 0.015807 0.014581 0.007315 0.000430 0.130114 0.008740 2.189666
0.823037 0.015819 0.014552 0.007327 0.000434 0.130085 0.008745 2.191219
0.823098 0.015818 0.014530 0.007322 0.000435 0.130048 0.008749 2.192764
0.823158 0.015799 0.014482 0.007359 0.000430 0.130013 0.008758 2.194330
0.823224 0.015788 0.014466 0.007343 0.000424 0.129990 0.008765 2.195877
0.823253 0.015784 0.014441 0.007325 0.000428 0.130000 0.008770 2.197434
0.823346 0.015814 0.014402 0.007274 0.000420 0.129967 0.008776 2.198934
0.823428 0.015873 0.014411 0.007264 0.000421 0.129821 0.008783 2.200466
0.823423 0.015840 0.014477 0.007261 0.000423 0.129786 0.008789 2.202052
0.823449 0.015909 0.014471 0.007279 0.000418 0.129679 0.008795 2.203597
0.823536 0.015851 0.014474 0.007289 0.000415 0.129636 0.008798 2.205156
0.823622 0.015794 0.014544 0.007277 0.000414 0.129545 0.008804 2.206749
0.823668 0.015785 0.014540 0.007278 0.000415 0.129506 0.008808 2.208290
0.823745 0.015734 0.014537 0.007260 0.000418 0.129495 0.008811 2.209848
0.823832 0.015734 0.014509 0.007267 0.000416 0.129422 0.008819 2.211387
0.823869 0.015746 0.014467 0.007274 0.000415 0.129405 0.008824 2.212908
0.824012 0.015733 0.014461 0.007237 0.000417 0.129309 0.008829 2.214448
0.824055 0.015698 0.014516 0.007219 0.000421 0.129255 0.008834 2.216026
0.824146 0.015708 0.014531 0.007165 0.000425 0.129186 0.008840 2.217545
0.824216 0.015686 0.014499 0.007174 0.000421 0.129156 0.008848 2.219103
0.824275 0.015699 0.014554 0.007168 0.000426 0.129028 0.008851 2.220685
0.824286 0.015768 0.014472 0.007198 0.000422 0.128996 0.008857 2.222160
0.824365 0.015702 0.014492 0.007197 0.000427 0.128955 0.008862 2.223745
0.824442 0.015725 0.014492 0.007212 0.000425 0.128836 0.008867 2.225271
0.824475 0.015691 0.014528 0.007240 0.000427 0.128770 0.008869 2.226842
0.824515 0.015648 0.014534 0.007240 0.000425 0.128762 0.008875 2.228434
0.824556 0.015636 0.014586 0.007241 0.000423 0.128680 0.008878 2.229988
0.824574 0.015651 0.014570 0.007233 0.000425 0.128661 0.008886 2.231543
0.824573 0.015671 0.014571 0.007207 0.000422 0.128665 0.008892 2.233094
0.824585 0.015699 0.014566 0.007181 0.000419 0.128651 0.008898 2.234635
0.824570 0.015770 0.014517 0.007165 0.000415 0.128657 0.008906 2.236138
0.824628 0.015751 0.014523 0.007180 0.000414 0.128592 0.008911 2.237711
0.824616 0.015816 0.014531 0.007118 0.000421 0.128585 0.008914 2.239231
0.824660 0.015837 0.014519 0.007103 0.000423 0.128540 0.008918 2.240771
0.824726 0.015850 0.014536 0.007127 0.000421 0.128414 0.008926 2.242323
0.824847 0.015801 0.014526 0.007164 0.000423 0.128308 0.008931 2.243876
0.824894 0.015783 0.014489 0.007162 0.000420 0.128318 0.008934 2.245413
0.824874 0.015843 0.014453 0.007159 0.000423 0.128309 0.008939 2.246930
0.824922 0.015826 0.014475 0.007191 0.000422 0.128220 0.008944 2.248508
0.824930 0.015885 0.014444 0.007193 0.000412 0.128185 0.008951 2.250021
0.824969 0.015948 0.014438 0.007190 0.000412 0.128088 0.008955 2.251568
0.824991 0.015991 0.014444 0.007175 0.000414 0.128025 0.008960 2.253120
0.824992 0.016028 0.014442 0.007173 0.000414 0.127985 0.008966 2.254687
0.825055 0.016046 0.014462 0.007195 0.000417 0.127854 0.008971 2.256269
0.825039 0.016100 0.014433 0.007195 0.000416 0.127843 0.008974 2.257825
0.825114 0.016023 0.014406 0.007228 0.000414 0.127836 0.008981 2.259398
0.825135 0.016017 0.014398 0.007204 0.000410 0.127847 0.008989 2.260945
0.825188 0.015998 0.014377 0.007240 0.000412 0.127793 0.008992 2.262515
0.825248 0.015983 0.014430 0.007214 0.000407 0.127719 0.009000 2.264085
0.825250 0.015959 0.014401 0.007212 0.000409 0.127764 0.009006 2.265642
0.825268 0.015950 0.014389 0.007200 0.000411 0.127773 0.009010 2.267175
0.825256 0.015979 0.014408 0.007193 0.000410 0.127737 0.009017 2.268715
0.825252 0.016032 0.014392 0.007218 0.000402 0.127680 0.009024 2.270236
0.825330 0.016019 0.014435 0.007223 0.000401 0.127564 0.009029 2.271794
0.825317 0.015991 0.014476 0.007236 0.000397 0.127550 0.009033 2.273411
0.825369 0.015957 0.014498 0.007239 0.000402 0.127497 0.009037 2.274983
0.825363 0.015934 0.014522 0.007270 0.000403 0.127465 0.009042 2.276583
0.825429 0.015851 0.014522 0.007291 0.000403 0.127455 0.009049 2.278180
0.825374 0.015859 0.014598 0.007296 0.000405 0.127414 0.009053 2.279781
0.825372 0.015837 0.014618 0.007304 0.000403 0.127407 0.009058 2.281360
0.825329 0.015903 0.014623 0.007304 0.000398 0.127380 0.009063 2.282911
0.825284 0.015893 0.014647 0.007322 0.000400 0.127384 0.009070 2.284510
0.825347 0.015844 0.014710 0.007326 0.000399 0.127301 0.009073 2.286095
0.825399 0.015871 0.014664 0.007314 0.000396 0.127278 0.009078 2.287611
0.825442 0.015877 0.014685 0.007313 0.000396 0.127204 0.009083 2.289184
0.825403 0.015949 0.014647 0.007308 0.000400 0.127207 0.009086 2.290732
0.825460 0.015913 0.014649 0.007299 0.000407 0.127182 0.009090 2.292314
0.825539 0.015900 0.014650 0.007283 0.000408 0.127124 0.009095 2.293871
0.825593 0.015902 0.014630 0.007294 0.000412 0.127072 0.009098 2.295427
0.825638 0.015866 0.014649 0.007299 0.000413 0.127034 0.009100 2.297008
0.825633 0.015877 0.014670 0.007300 0.000403 0.127007 0.009109 2.298576
0.825594 0.015850 0.014645 0.007305 0.000399 0.127090 0.009116 2.300174
0.825606 0.015873 0.014631 0.007311 0.000397 0.127064 0.009119 2.301710
0.825592 0.015913 0.014607 0.007329 0.000401 0.127033 0.009125 2.303260
0.825525 0.015890 0.014633 0.007330 0.000400 0.127092 0.009130 2.304875
0.825585 0.015899 0.014648 0.007332 0.000400 0.127003 0.009133 2.306422
0.825678 0.015889 0.014636 0.007292 0.000407 0.126962 0.009136 2.307951
0.825632 0.015962 0.014591 0.007318 0.000405 0.126951 0.009143 2.309505
0.825631 0.016005 0.014586 0.007346 0.000408 0.126880 0.009145 2.311083
0.825647 0.016009 0.014605 0.007367 0.000412 0.126809 0.009151 2.312663
0.825609 0.016068 0.014583 0.007353 0.000417 0.126812 0.009156 2.314201
0.825635 0.016108 0.014601 0.007333 0.000418 0.126745 0.009159 2.315774
0.825604 0.016167 0.014605 0.007371 0.000417 0.126674 0.009162 2.317348
0.825553 0.016213 0.014603 0.007353 0.000421 0.126692 0.009166 2.318933
0.825527 0.016233 0.014579 0.007397 0.000426 0.126666 0.009171 2.320527
0.825552 0.016160 0.014671 0.007420 0.000425 0.126597 0.009174 2.322162
0.825591 0.016165 0.014641 0.007446 0.000429 0.126548 0.009180 2.323755
0.825568 0.016157 0.014643 0.007444 0.000426 0.126576 0.009185 2.325347
0.825516 0.016214 0.014664 0.007408 0.000419 0.126589 0.009191 2.326900
0.825387 0.016269 0.014638 0.007369 0.000422 0.126719 0.009194 2.328476
0.825362 0.016259 0.014665 0.007377 0.000419 0.126717 0.009202 2.330062
0.825341 0.016325 0.014688 0.007365 0.000420 0.126652 0.009209 2.331628
0.825351 0.016283 0.014724 0.007406 0.000411 0.126611 0.009215 2.333249
0.825340 0.016247 0.014713 0.007448 0.000407 0.126627 0.009217 2.334859
0.825315 0.016334 0.014673 0.007455 0.000409 0.126592 0.009223 2.336397
0.825367 0.016230 0.014727 0.007480 0.000411 0.126558 0.009228 2.338037
0.825327 0.016270 0.014697 0.007472 0.000408 0.126589 0.009237 2.339603
0.825371 0.016284 0.014702 0.007457 0.000414 0.126531 0.009240 2.341166
0.825343 0.016270 0.014709 0.007450 0.000414 0.126571 0.009243 2.342773
0.825314 0.016297 0.014695 0.007424 0.000412 0.126611 0.009247 2.344344
0.825271 0.016241 0.014743 0.007442 0.000413 0.126637 0.009253 2.346009
0.825195 0.016362 0.014716 0.007451 0.000410 0.126608 0.009258 2.347542
0.825150 0.016369 0.014758 0.007468 0.000417 0.126577 0.009262 2.349153
0.825171 0.016310 0.014710 0.007510 0.000420 0.126614 0.009267 2.350776
0.825234 0.016276 0.014711 0.007524 0.000425 0.126558 0.009273 2.352388
0.825183 0.016320 0.014713 0.007492 0.000424 0.126591 0.009277 2.353968
0.825167 0.016344 0.014674 0.007479 0.000417 0.126636 0.009284 2.355541
0.825149 0.016307 0.014714 0.007512 0.000425 0.126606 0.009289 2.357161
0.825092 0.016357 0.014711 0.007485 0.000420 0.126640 0.009296 2.358724
0.825101 0.016371 0.014696 0.007478 0.000421 0.126631 0.009302 2.360285
0.825075 0.016382 0.014765 0.007483 0.000417 0.126570 0.009309 2.361910
0.825020 0.016428 0.014756 0.007466 0.000423 0.126596 0.009313 2.363463
0.825021 0.016409 0.014756 0.007482 0.000424 0.126590 0.009319 2.365093
0.825000 0.016424 0.014803 0.007488 0.000422 0.126542 0.009322 2.366688
0.825010 0.016409 0.014806 0.007486 0.000420 0.126542 0.009329 2.368295
0.824997 0.016440 0.014830 0.007443 0.000421 0.126537 0.009332 2.369881
0.825004 0.016407 0.014871 0.007428 0.000428 0.126526 0.009337 2.371518
0.824979 0.016409 0.014894 0.007444 0.000427 0.126507 0.009342 2.373119
0.824881 0.016375 0.014912 0.007459 0.000426 0.126602 0.009346 2.374772
0.824872 0.016377 0.014919 0.007452 0.000423 0.126609 0.009348 2.376370
0.824889 0.016351 0.014942 0.007441 0.000423 0.126601 0.009353 2.377974
0.824808 0.016398 0.014915 0.007472 0.000421 0.126628 0.009359 2.379581
0.824724 0.016415 0.014882 0.007467 0.000424 0.126727 0.009362 2.381158
0.824755 0.016403 0.014890 0.007459 0.000423 0.126703 0.009366 2.382749
0.824711 0.016368 0.014965 0.007470 0.000423 0.126692 0.009372 2.384392
0.824678 0.016303 0.015019 0.007473 0.000424 0.126729 0.009375 2.386061
0.824722 0.016259 0.014994 0.007495 0.000424 0.126726 0.009381 2.387668
0.824686 0.016305 0.014978 0.007461 0.000423 0.126761 0.009387 2.389244
0.824645 0.016382 0.014908 0.007410 0.000420 0.126843 0.009393 2.390776
0.824613 0.016407 0.014890 0.007397 0.000438 0.126861 0.009394 2.392377
0.824515 0.016454 0.014943 0.007386 0.000435 0.126868 0.009399 2.393973
0.824496 0.016475 0.014966 0.007419 0.000433 0.126805 0.009406 2.395572
0.824495 0.016469 0.014993 0.007418 0.000427 0.126784 0.009415 2.397190
0.824448 0.016472 0.015015 0.007449 0.000432 0.126763 0.009420 2.398835
0.824427 0.016507 0.014998 0.007429 0.000430 0.126783 0.009424 2.400413
0.824391 0.016496 0.015023 0.007440 0.000423 0.126797 0.009432 2.402043
0.824281 0.016591 0.015075 0.007437 0.000420 0.126763 0.009436 2.403662
0.824258 0.016592 0.015086 0.007432 0.000416 0.126775 0.009442 2.405301
0.824149 0.016709 0.015074 0.007409 0.000412 0.126800 0.009449 2.406855
0.824018 0.016717 0.015140 0.007418 0.000415 0.126839 0.009452 2.408518
0.823964 0.016671 0.015177 0.007443 0.000411 0.126877 0.009457 2.410197
0.823961 0.016629 0.015218 0.007488 0.000411 0.126830 0.009462 2.411864
0.823976 0.016632 0.015204 0.007488 0.000410 0.126825 0.009466 2.413483
0.823947 0.016620 0.015165 0.007486 0.000412 0.126899 0.009470 2.415138
0.823943 0.016586 0.015222 0.007505 0.000415 0.126855 0.009473 2.416768
