0.360910 0.060732 0.054873 0.031639 0.002060 0.483963 0.005822 1.587728
0.363640 0.058256 0.054826 0.031430 0.002057 0.483943 0.005848 1.593592
0.367113 0.055309 0.054661 0.031107 0.002057 0.483879 0.005874 1.599201
0.370991 0.052253 0.054186 0.030650 0.002050 0.483967 0.005904 1.604400
0.375276 0.048958 0.053767 0.030098 0.002044 0.483929 0.005928 1.609422
0.379730 0.045930 0.052991 0.029434 0.002056 0.483910 0.005950 1.614005
0.384461 0.042930 0.052219 0.028825 0.002057 0.483530 0.005977 1.618371
0.389358 0.039991 0.051231 0.028138 0.002057 0.483221 0.006002 1.622481
0.394312 0.037280 0.050165 0.027345 0.002057 0.482819 0.006023 1.626243
0.399384 0.034734 0.049092 0.026557 0.002043 0.482142 0.006048 1.629809
0.404530 0.032356 0.047865 0.025746 0.002023 0.481405 0.006076 1.633095
0.409785 0.030176 0.046485 0.024875 0.002011 0.480566 0.006102 1.636117
0.414994 0.028068 0.045184 0.024007 0.001996 0.479624 0.006128 1.638977
0.420210 0.026137 0.043907 0.023154 0.001965 0.478467 0.006162 1.641626
0.425465 0.024337 0.042514 0.022312 0.001958 0.477224 0.006190 1.644120
0.430827 0.022709 0.041155 0.021414 0.001957 0.475719 0.006219 1.646386
0.436084 0.021139 0.039763 0.020602 0.001954 0.474218 0.006239 1.648568
0.441371 0.019788 0.038417 0.019714 0.001939 0.472513 0.006258 1.650561
0.446715 0.018453 0.037070 0.018910 0.001915 0.470658 0.006280 1.652456
0.451971 0.017228 0.035702 0.018146 0.001881 0.468768 0.006305 1.654222
0.457249 0.016101 0.034334 0.017396 0.001855 0.466734 0.006331 1.655875
0.462647 0.015057 0.033089 0.016605 0.001830 0.464418 0.006355 1.657419
0.467880 0.014115 0.031802 0.015883 0.001797 0.462148 0.006375 1.658868
0.473096 0.013239 0.030499 0.015211 0.001759 0.459794 0.006401 1.660252
0.478333 0.012429 0.029278 0.014487 0.001731 0.457319 0.006422 1.661515
0.483598 0.011699 0.028047 0.013897 0.001688 0.454624 0.006448 1.662694
0.488890 0.011006 0.026887 0.013198 0.001656 0.451897 0.006465 1.663818
0.494211 0.010404 0.025714 0.012598 0.001619 0.448969 0.006485 1.664869
0.499395 0.009835 0.024634 0.012058 0.001586 0.445985 0.006507 1.665882
0.504566 0.009287 0.023556 0.011509 0.001565 0.442997 0.006521 1.666815
0.509729 0.008759 0.022566 0.010979 0.001535 0.439889 0.006543 1.667715
0.514889 0.008316 0.021575 0.010487 0.001507 0.436667 0.006560 1.668546
0.520045 0.007856 0.020626 0.010011 0.001472 0.433411 0.006579 1.669363
0.525111 0.007501 0.019674 0.009558 0.001443 0.430117 0.006598 1.670090
0.530180 0.007161 0.018804 0.009099 0.001410 0.426731 0.006615 1.670785
0.535152 0.006839 0.017944 0.008668 0.001388 0.423382 0.006629 1.671455
0.540070 0.006545 0.017177 0.008231 0.001351 0.419979 0.006647 1.672095
0.544936 0.006262 0.016355 0.007869 0.001310 0.416600 0.006668 1.672712
0.549759 0.005956 0.015626 0.007482 0.001278 0.413213 0.006686 1.673313
0.554714 0.005657 0.014981 0.007157 0.001240 0.409548 0.006702 1.673891
0.559491 0.005376 0.014342 0.006823 0.001209 0.406040 0.006719 1.674467
0.564163 0.005158 0.013696 0.006516 0.001174 0.402555 0.006738 1.674984
0.568831 0.004937 0.013123 0.006217 0.001142 0.398992 0.006757 1.675483
0.573527 0.004777 0.012507 0.005911 0.001127 0.395380 0.006771 1.675937
0.578100 0.004594 0.012018 0.005649 0.001101 0.391756 0.006782 1.676406
0.582752 0.004383 0.011472 0.005386 0.001078 0.388135 0.006795 1.676873
0.587309 0.004191 0.010932 0.005165 0.001045 0.384549 0.006809 1.677307
0.591842 0.004036 0.010426 0.004903 0.001018 0.380954 0.006820 1.677707
0.596385 0.003896 0.009957 0.004677 0.000984 0.377263 0.006838 1.678091
0.600681 0.003771 0.009508 0.004473 0.000958 0.373760 0.006851 1.678475
0.605091 0.003646 0.009081 0.004275 0.000933 0.370110 0.006863 1.678839
0.609541 0.003484 0.008693 0.004107 0.000910 0.366395 0.006871 1.679209
0.613889 0.003369 0.008325 0.003921 0.000885 0.362730 0.006881 1.679553
0.618184 0.003253 0.007976 0.003732 0.000850 0.359107 0.006898 1.679874
0.622379 0.003155 0.007623 0.003545 0.000821 0.355566 0.006910 1.680184
0.626561 0.003074 0.007295 0.003382 0.000798 0.351968 0.006923 1.680486
0.630691 0.002976 0.007016 0.003243 0.000776 0.348365 0.006933 1.680783
0.634902 0.002884 0.006724 0.003110 0.000762 0.344681 0.006938 1.681073
0.638943 0.002795 0.006453 0.002979 0.000743 0.341143 0.006945 1.681364
0.642935 0.002719 0.006214 0.002866 0.000722 0.337588 0.006957 1.681643
0.647010 0.002644 0.005965 0.002742 0.000701 0.333971 0.006968 1.681905
0.650917 0.002569 0.005721 0.002627 0.000678 0.330513 0.006978 1.682162
0.654849 0.002496 0.005497 0.002508 0.000662 0.327002 0.006987 1.682404
0.658747 0.002427 0.005257 0.002411 0.000643 0.323522 0.006994 1.682649
0.662633 0.002378 0.005006 0.002329 0.000622 0.320031 0.007002 1.682866
0.666429 0.002326 0.004817 0.002226 0.000599 0.316593 0.007011 1.683095
0.670187 0.002273 0.004628 0.002144 0.000576 0.313174 0.007018 1.683312
0.673899 0.002206 0.004447 0.002069 0.000557 0.309798 0.007024 1.683541
0.677575 0.002144 0.004303 0.001999 0.000537 0.306412 0.007030 1.683748
0.681223 0.002095 0.004119 0.001917 0.000522 0.303088 0.007035 1.683942
0.684836 0.002040 0.003994 0.001848 0.000502 0.299736 0.007045 1.684152
0.688458 0.001990 0.003871 0.001766 0.000497 0.296368 0.007050 1.684353
0.691982 0.001941 0.003709 0.001703 0.000482 0.293125 0.007058 1.684532
0.695441 0.001893 0.003592 0.001644 0.000466 0.289897 0.007067 1.684720
0.698943 0.001841 0.003462 0.001588 0.000452 0.286639 0.007076 1.684902
0.702360 0.001807 0.003353 0.001524 0.000437 0.283438 0.007082 1.685083
0.705728 0.001765 0.003236 0.001481 0.000426 0.280279 0.007085 1.685260
0.709044 0.001744 0.003125 0.001434 0.000417 0.277147 0.007090 1.685419
0.712407 0.001690 0.003022 0.001377 0.000403 0.274005 0.007096 1.685593
0.715709 0.001663 0.002918 0.001328 0.000389 0.270890 0.007102 1.685750
0.718997 0.001619 0.002812 0.001292 0.000376 0.267796 0.007107 1.685916
0.722115 0.001592 0.002701 0.001256 0.000364 0.264859 0.007113 1.686070
0.725285 0.001557 0.002623 0.001209 0.000347 0.261859 0.007121 1.686222
0.728435 0.001525 0.002539 0.001173 0.000339 0.258865 0.007124 1.686373
0.731575 0.001497 0.002466 0.001140 0.000323 0.255867 0.007132 1.686524
0.734643 0.001453 0.002374 0.001114 0.000307 0.252975 0.007136 1.686678
0.737749 0.001436 0.002305 0.001080 0.000297 0.249995 0.007140 1.686818
0.740731 0.001386 0.002251 0.001062 0.000288 0.247136 0.007146 1.686980
0.743667 0.001349 0.002168 0.001036 0.000279 0.244352 0.007150 1.687121
0.746618 0.001334 0.002088 0.001009 0.000267 0.241530 0.007155 1.687245
0.749554 0.001330 0.002022 0.000970 0.000257 0.238708 0.007160 1.687363
0.752383 0.001314 0.001966 0.000949 0.000248 0.235979 0.007163 1.687492
0.755203 0.001286 0.001928 0.000927 0.000240 0.233249 0.007167 1.687628
0.757951 0.001286 0.001875 0.000884 0.000236 0.230596 0.007172 1.687744
0.760719 0.001264 0.001832 0.000850 0.000230 0.227931 0.007175 1.687862
0.763517 0.001230 0.001770 0.000826 0.000221 0.225259 0.007179 1.687991
0.766262 0.001226 0.001703 0.000794 0.000217 0.222618 0.007181 1.688100
0.768922 0.001207 0.001657 0.000764 0.000209 0.220058 0.007184 1.688213
0.771602 0.001182 0.001626 0.000738 0.000199 0.217464 0.007189 1.688340
0.774281 0.001144 0.001593 0.000735 0.000193 0.214862 0.007192 1.688468
0.776931 0.001127 0.001557 0.000722 0.000190 0.212279 0.007196 1.688581
0.779369 0.001120 0.001533 0.000700 0.000184 0.209895 0.007199 1.688687
0.781873 0.001111 0.001505 0.000687 0.000179 0.207445 0.007201 1.688800
0.784337 0.001091 0.001473 0.000668 0.000172 0.205057 0.007203 1.688911
0.786784 0.001094 0.001432 0.000650 0.000167 0.202666 0.007206 1.689002
0.789237 0.001065 0.001412 0.000634 0.000160 0.200284 0.007207 1.689116
0.791704 0.001030 0.001394 0.000623 0.000153 0.197888 0.007209 1.689224
0.794063 0.000997 0.001363 0.000612 0.000150 0.195604 0.007211 1.689329
0.796442 0.000982 0.001332 0.000590 0.000143 0.193297 0.007213 1.689428
0.798779 0.000973 0.001305 0.000571 0.000139 0.191019 0.007214 1.689526
0.801075 0.000969 0.001276 0.000564 0.000133 0.188767 0.007215 1.689612
0.803316 0.000969 0.001254 0.000552 0.000130 0.186563 0.007217 1.689702
0.805550 0.000960 0.001236 0.000533 0.000130 0.184374 0.007217 1.689798
0.807785 0.000943 0.001208 0.000534 0.000127 0.182186 0.007218 1.689890
0.809920 0.000915 0.001190 0.000530 0.000121 0.180104 0.007221 1.689996
0.812078 0.000892 0.001173 0.000531 0.000118 0.177986 0.007223 1.690097
0.814203 0.000890 0.001153 0.000507 0.000110 0.175912 0.007225 1.690178
0.816309 0.000876 0.001121 0.000496 0.000109 0.173862 0.007227 1.690268
0.818403 0.000864 0.001102 0.000486 0.000105 0.171812 0.007229 1.690358
0.820437 0.000857 0.001101 0.000467 0.000101 0.169805 0.007232 1.690445
0.822501 0.000828 0.001081 0.000458 0.000098 0.167800 0.007233 1.690534
0.824513 0.000826 0.001056 0.000444 0.000098 0.165828 0.007234 1.690610
0.826515 0.000811 0.001043 0.000444 0.000095 0.163858 0.007236 1.690694
0.828476 0.000822 0.001028 0.000435 0.000093 0.161910 0.007237 1.690772
0.830500 0.000818 0.001019 0.000434 0.000089 0.159901 0.007238 1.690856
0.832415 0.000806 0.001004 0.000439 0.000086 0.158010 0.007240 1.690943
0.834300 0.000800 0.000985 0.000429 0.000084 0.156162 0.007240 1.691023
0.836151 0.000797 0.000970 0.000429 0.000084 0.154329 0.007241 1.691102
0.838014 0.000790 0.000957 0.000415 0.000083 0.152500 0.007242 1.691182
0.839820 0.000792 0.000945 0.000410 0.000078 0.150710 0.007245 1.691258
0.841642 0.000775 0.000923 0.000413 0.000077 0.148924 0.007245 1.691338
0.843449 0.000772 0.000908 0.000410 0.000076 0.147138 0.007246 1.691416
0.845169 0.000772 0.000906 0.000400 0.000075 0.145431 0.007247 1.691487
0.846904 0.000760 0.000892 0.000394 0.000072 0.143729 0.007249 1.691562
0.848612 0.000758 0.000867 0.000394 0.000070 0.142048 0.007250 1.691633
0.850311 0.000758 0.000849 0.000390 0.000069 0.140372 0.007251 1.691706
0.851975 0.000757 0.000837 0.000391 0.000068 0.138720 0.007251 1.691780
0.853637 0.000747 0.000834 0.000388 0.000068 0.137075 0.007251 1.691865
0.855303 0.000732 0.000829 0.000385 0.000065 0.135436 0.007251 1.691943
0.856911 0.000735 0.000817 0.000386 0.000062 0.133837 0.007252 1.692012
0.858563 0.000714 0.000801 0.000387 0.000058 0.132224 0.007254 1.692088
0.860078 0.000707 0.000807 0.000390 0.000058 0.130706 0.007254 1.692171
0.861617 0.000706 0.000798 0.000377 0.000052 0.129196 0.007255 1.692238
0.863156 0.000704 0.000792 0.000371 0.000051 0.127671 0.007256 1.692307
0.864642 0.000686 0.000791 0.000363 0.000053 0.126210 0.007256 1.692378
0.866172 0.000677 0.000784 0.000366 0.000054 0.124691 0.007256 1.692448
0.867670 0.000670 0.000771 0.000360 0.000052 0.123220 0.007256 1.692512
0.869106 0.000664 0.000754 0.000360 0.000050 0.121808 0.007257 1.692577
0.870599 0.000665 0.000733 0.000350 0.000050 0.120345 0.007257 1.692635
0.872012 0.000676 0.000722 0.000342 0.000049 0.118942 0.007258 1.692695
0.873413 0.000670 0.000725 0.000334 0.000047 0.117552 0.007259 1.692765
0.874741 0.000652 0.000720 0.000333 0.000047 0.116248 0.007259 1.692842
0.876113 0.000645 0.000708 0.000330 0.000047 0.114899 0.007260 1.692907
0.877442 0.000650 0.000706 0.000328 0.000046 0.113569 0.007260 1.692974
0.878718 0.000654 0.000701 0.000320 0.000044 0.112304 0.007261 1.693039
0.880029 0.000660 0.000688 0.000313 0.000044 0.111005 0.007261 1.693096
0.881316 0.000655 0.000676 0.000312 0.000042 0.109737 0.007263 1.693165
0.882569 0.000667 0.000668 0.000308 0.000040 0.108485 0.007264 1.693216
0.883828 0.000668 0.000666 0.000309 0.000039 0.107226 0.007266 1.693281
0.885059 0.000650 0.000672 0.000304 0.000038 0.106012 0.007266 1.693354
0.886228 0.000655 0.000669 0.000296 0.000039 0.104847 0.007266 1.693421
0.887426 0.000648 0.000660 0.000292 0.000039 0.103670 0.007267 1.693486
0.888606 0.000646 0.000658 0.000290 0.000039 0.102497 0.007267 1.693538
0.889769 0.000643 0.000651 0.000285 0.000039 0.101347 0.007267 1.693598
0.890888 0.000644 0.000645 0.000294 0.000039 0.100223 0.007267 1.693665
0.891985 0.000640 0.000651 0.000289 0.000038 0.099129 0.007268 1.693735
0.893048 0.000642 0.000654 0.000286 0.000036 0.098066 0.007269 1.693798
0.894128 0.000646 0.000654 0.000281 0.000036 0.096987 0.007269 1.693861
0.895195 0.000646 0.000645 0.000279 0.000035 0.095932 0.007270 1.693923
0.896223 0.000646 0.000646 0.000275 0.000033 0.094908 0.007271 1.693984
0.897263 0.000642 0.000636 0.000280 0.000033 0.093876 0.007271 1.694044
0.898244 0.000632 0.000637 0.000276 0.000034 0.092906 0.007271 1.694106
0.899242 0.000630 0.000636 0.000277 0.000035 0.091911 0.007271 1.694172
0.900238 0.000624 0.000630 0.000271 0.000034 0.090932 0.007272 1.694232
0.901218 0.000619 0.000635 0.000273 0.000033 0.089950 0.007272 1.694292
0.902178 0.000610 0.000628 0.000273 0.000032 0.089006 0.007274 1.694353
0.903079 0.000613 0.000623 0.000278 0.000032 0.088102 0.007274 1.694411
0.904061 0.000614 0.000614 0.000269 0.000031 0.087136 0.007276 1.694467
0.904951 0.000612 0.000617 0.000272 0.000028 0.086245 0.007276 1.694535
0.905828 0.000614 0.000620 0.000273 0.000028 0.085361 0.007276 1.694593
0.906697 0.000607 0.000617 0.000276 0.000027 0.084500 0.007277 1.694658
0.907540 0.000600 0.000615 0.000275 0.000027 0.083667 0.007277 1.694719
0.908389 0.000599 0.000606 0.000279 0.000026 0.082825 0.007277 1.694773
0.909162 0.000613 0.000599 0.000281 0.000026 0.082043 0.007277 1.694822
0.909973 0.000615 0.000604 0.000282 0.000026 0.081224 0.007277 1.694886
0.910778 0.000620 0.000603 0.000279 0.000028 0.080415 0.007277 1.694945
0.911568 0.000635 0.000596 0.000281 0.000028 0.079615 0.007278 1.695000
0.912365 0.000618 0.000602 0.000290 0.000028 0.078821 0.007278 1.695072
0.913132 0.000629 0.000592 0.000281 0.000029 0.078061 0.007278 1.695122
0.913827 0.000624 0.000595 0.000277 0.000029 0.077371 0.007278 1.695191
0.914588 0.000615 0.000599 0.000273 0.000027 0.076621 0.007279 1.695254
0.915290 0.000624 0.000602 0.000275 0.000025 0.075907 0.007279 1.695316
0.915968 0.000622 0.000588 0.000286 0.000024 0.075234 0.007279 1.695383
0.916662 0.000627 0.000593 0.000278 0.000023 0.074539 0.007279 1.695444
0.917369 0.000627 0.000584 0.000279 0.000023 0.073840 0.007279 1.695501
0.918016 0.000628 0.000590 0.000280 0.000022 0.073185 0.007279 1.695564
0.918625 0.000625 0.000584 0.000283 0.000021 0.072582 0.007280 1.695629
0.919262 0.000625 0.000574 0.000282 0.000021 0.071956 0.007280 1.695691
0.919876 0.000630 0.000581 0.000281 0.000020 0.071331 0.007281 1.695755
0.920472 0.000626 0.000580 0.000282 0.000020 0.070738 0.007282 1.695816
0.921108 0.000622 0.000579 0.000277 0.000022 0.070111 0.007282 1.695874
0.921712 0.000625 0.000574 0.000277 0.000023 0.069508 0.007282 1.695930
0.922291 0.000627 0.000579 0.000276 0.000020 0.068924 0.007282 1.695994
0.922838 0.000615 0.000576 0.000283 0.000020 0.068385 0.007283 1.696059
0.923412 0.000613 0.000593 0.000276 0.000020 0.067804 0.007283 1.696120
0.923978 0.000624 0.000588 0.000269 0.000019 0.067239 0.007283 1.696175
0.924524 0.000620 0.000580 0.000273 0.000018 0.066703 0.007284 1.696236
0.925072 0.000617 0.000569 0.000275 0.000020 0.066164 0.007284 1.696292
0.925589 0.000617 0.000570 0.000273 0.000019 0.065647 0.007284 1.696351
0.926136 0.000610 0.000576 0.000271 0.000019 0.065105 0.007284 1.696417
0.926671 0.000605 0.000569 0.000271 0.000019 0.064581 0.007284 1.696478
0.927182 0.000608 0.000572 0.000268 0.000020 0.064065 0.007284 1.696530
0.927689 0.000603 0.000582 0.000269 0.000020 0.063552 0.007284 1.696593
0.928194 0.000623 0.000578 0.000262 0.000020 0.063038 0.007284 1.696641
0.928657 0.000619 0.000581 0.000260 0.000022 0.062575 0.007285 1.696701
0.929122 0.000612 0.000587 0.000267 0.000021 0.062104 0.007286 1.696768
0.929601 0.000603 0.000583 0.000268 0.000021 0.061637 0.007286 1.696835
0.930060 0.000599 0.000585 0.000261 0.000021 0.061187 0.007286 1.696894
0.930488 0.000599 0.000579 0.000262 0.000021 0.060763 0.007286 1.696953
0.930909 0.000616 0.000571 0.000255 0.000021 0.060341 0.007286 1.697005
0.931340 0.000624 0.000573 0.000251 0.000022 0.059902 0.007287 1.697069
0.931779 0.000639 0.000571 0.000243 0.000022 0.059459 0.007287 1.697117
0.932176 0.000649 0.000584 0.000248 0.000023 0.059033 0.007287 1.697180
0.932570 0.000655 0.000586 0.000247 0.000022 0.058632 0.007287 1.697241
0.932966 0.000660 0.000585 0.000250 0.000021 0.058230 0.007288 1.697301
0.933362 0.000673 0.000580 0.000257 0.000020 0.057819 0.007289 1.697352
0.933719 0.000684 0.000582 0.000257 0.000020 0.057450 0.007289 1.697413
0.934096 0.000685 0.000582 0.000263 0.000019 0.057066 0.007289 1.697481
0.934460 0.000667 0.000595 0.000266 0.000019 0.056704 0.007289 1.697553
0.934812 0.000680 0.000595 0.000269 0.000019 0.056336 0.007289 1.697611
0.935164 0.000688 0.000588 0.000270 0.000020 0.055980 0.007289 1.697669
0.935534 0.000691 0.000587 0.000271 0.000020 0.055607 0.007289 1.697731
0.935878 0.000692 0.000583 0.000267 0.000021 0.055269 0.007289 1.697798
0.936237 0.000676 0.000579 0.000272 0.000021 0.054926 0.007289 1.697862
0.936595 0.000677 0.000583 0.000276 0.000022 0.054558 0.007289 1.697927
0.936943 0.000671 0.000584 0.000278 0.000022 0.054213 0.007289 1.697992
0.937283 0.000658 0.000610 0.000278 0.000019 0.053863 0.007290 1.698068
0.937591 0.000660 0.000603 0.000278 0.000020 0.053558 0.007290 1.698127
0.937922 0.000657 0.000598 0.000276 0.000019 0.053238 0.007290 1.698188
0.938242 0.000666 0.000590 0.000284 0.000019 0.052908 0.007290 1.698251
0.938541 0.000672 0.000595 0.000279 0.000020 0.052602 0.007290 1.698316
0.938836 0.000678 0.000594 0.000277 0.000019 0.052305 0.007291 1.698376
0.939118 0.000679 0.000603 0.000277 0.000022 0.052011 0.007291 1.698448
0.939389 0.000673 0.000608 0.000276 0.000025 0.051738 0.007291 1.698518
0.939662 0.000669 0.000607 0.000278 0.000025 0.051469 0.007291 1.698588
0.939940 0.000668 0.000599 0.000284 0.000024 0.051192 0.007291 1.698651
0.940231 0.000648 0.000613 0.000291 0.000023 0.050902 0.007292 1.698727
0.940527 0.000659 0.000611 0.000296 0.000023 0.050592 0.007292 1.698790
0.940777 0.000654 0.000610 0.000289 0.000022 0.050355 0.007292 1.698853
0.941060 0.000649 0.000610 0.000298 0.000023 0.050068 0.007292 1.698919
0.941329 0.000644 0.000622 0.000294 0.000022 0.049797 0.007292 1.698988
0.941610 0.000651 0.000609 0.000293 0.000022 0.049522 0.007292 1.699047
0.941871 0.000646 0.000597 0.000293 0.000021 0.049280 0.007292 1.699112
0.942130 0.000646 0.000595 0.000297 0.000022 0.049016 0.007292 1.699179
0.942346 0.000655 0.000593 0.000303 0.000022 0.048788 0.007293 1.699241
0.942616 0.000655 0.000589 0.000300 0.000023 0.048526 0.007293 1.699295
0.942875 0.000664 0.000590 0.000294 0.000023 0.048262 0.007293 1.699351
0.943135 0.000653 0.000602 0.000293 0.000023 0.048001 0.007294 1.699418
0.943395 0.000649 0.000596 0.000289 0.000021 0.047755 0.007294 1.699477
0.943638 0.000652 0.000595 0.000288 0.000021 0.047512 0.007294 1.699537
0.943850 0.000647 0.000593 0.000292 0.000021 0.047303 0.007294 1.699603
0.944091 0.000645 0.000607 0.000284 0.000022 0.047057 0.007295 1.699666
0.944322 0.000641 0.000610 0.000286 0.000022 0.046823 0.007295 1.699731
0.944515 0.000632 0.000610 0.000292 0.000021 0.046635 0.007295 1.699804
0.944715 0.000644 0.000606 0.000292 0.000022 0.046425 0.007295 1.699868
0.944926 0.000645 0.000602 0.000293 0.000022 0.046216 0.007295 1.699932
0.945120 0.000648 0.000606 0.000292 0.000021 0.046017 0.007296 1.699998
0.945308 0.000644 0.000600 0.000299 0.000020 0.045833 0.007296 1.700063
0.945514 0.000637 0.000608 0.000294 0.000021 0.045629 0.007297 1.700124
0.945701 0.000638 0.000606 0.000289 0.000021 0.045448 0.007297 1.700184
0.945889 0.000647 0.000601 0.000285 0.000020 0.045260 0.007298 1.700243
0.946053 0.000665 0.000589 0.000284 0.000018 0.045092 0.007299 1.700299
0.946218 0.000666 0.000590 0.000286 0.000017 0.044922 0.007300 1.700369
0.946402 0.000657 0.000595 0.000288 0.000017 0.044740 0.007300 1.700436
0.946570 0.000665 0.000603 0.000279 0.000017 0.044565 0.007300 1.700499
0.946743 0.000657 0.000606 0.000283 0.000015 0.044392 0.007302 1.700576
0.946917 0.000667 0.000599 0.000281 0.000015 0.044218 0.007303 1.700638
0.947075 0.000677 0.000599 0.000281 0.000015 0.044051 0.007303 1.700700
0.947226 0.000684 0.000600 0.000276 0.000015 0.043897 0.007303 1.700763
0.947380 0.000671 0.000614 0.000269 0.000015 0.043748 0.007303 1.700837
0.947555 0.000665 0.000607 0.000277 0.000016 0.043577 0.007303 1.700901
0.947721 0.000660 0.000617 0.000278 0.000015 0.043404 0.007304 1.700969
0.947880 0.000654 0.000615 0.000278 0.000016 0.043252 0.007305 1.701034
0.948015 0.000655 0.000617 0.000281 0.000017 0.043110 0.007305 1.701097
0.948142 0.000662 0.000620 0.000284 0.000018 0.042969 0.007305 1.701161
0.948265 0.000671 0.000616 0.000283 0.000016 0.042845 0.007305 1.701213
0.948391 0.000670 0.000619 0.000285 0.000015 0.042714 0.007305 1.701283
0.948512 0.000672 0.000624 0.000284 0.000015 0.042588 0.007305 1.701352
0.948635 0.000689 0.000621 0.000271 0.000015 0.042463 0.007305 1.701403
0.948767 0.000686 0.000618 0.000273 0.000017 0.042333 0.007305 1.701465
0.948889 0.000677 0.000627 0.000273 0.000017 0.042212 0.007305 1.701537
0.948991 0.000680 0.000628 0.000270 0.000016 0.042108 0.007305 1.701601
0.949109 0.000682 0.000625 0.000271 0.000016 0.041991 0.007305 1.701670
0.949217 0.000689 0.000615 0.000266 0.000016 0.041891 0.007305 1.701725
0.949333 0.000706 0.000610 0.000267 0.000018 0.041761 0.007305 1.701781
0.949449 0.000703 0.000606 0.000274 0.000018 0.041646 0.007305 1.701848
0.949552 0.000704 0.000614 0.000277 0.000018 0.041530 0.007305 1.701924
0.949655 0.000701 0.000615 0.000278 0.000018 0.041427 0.007305 1.701998
0.949751 0.000706 0.000624 0.000278 0.000019 0.041316 0.007305 1.702069
0.949876 0.000696 0.000620 0.000286 0.000018 0.041198 0.007306 1.702139
0.949972 0.000692 0.000627 0.000287 0.000018 0.041098 0.007306 1.702215
0.950064 0.000686 0.000634 0.000293 0.000019 0.040997 0.007306 1.702287
0.950144 0.000693 0.000632 0.000292 0.000019 0.040913 0.007307 1.702354
0.950242 0.000709 0.000620 0.000282 0.000019 0.040820 0.007307 1.702409
0.950328 0.000721 0.000619 0.000282 0.000019 0.040723 0.007308 1.702476
0.950428 0.000730 0.000613 0.000276 0.000018 0.040625 0.007309 1.702538
0.950511 0.000736 0.000617 0.000282 0.000018 0.040527 0.007309 1.702602
0.950599 0.000722 0.000629 0.000290 0.000018 0.040433 0.007309 1.702688
0.950684 0.000727 0.000628 0.000290 0.000018 0.040343 0.007310 1.702757
0.950765 0.000729 0.000619 0.000293 0.000017 0.040267 0.007310 1.702822
0.950840 0.000728 0.000628 0.000289 0.000018 0.040188 0.007310 1.702890
0.950911 0.000739 0.000621 0.000285 0.000018 0.040114 0.007311 1.702951
0.951004 0.000709 0.000629 0.000291 0.000018 0.040038 0.007311 1.703036
0.951085 0.000703 0.000627 0.000293 0.000018 0.039963 0.007311 1.703101
0.951147 0.000713 0.000635 0.000287 0.000018 0.039889 0.007311 1.703169
0.951216 0.000703 0.000639 0.000289 0.000019 0.039824 0.007311 1.703247
0.951264 0.000713 0.000640 0.000290 0.000019 0.039762 0.007311 1.703319
0.951340 0.000706 0.000657 0.000292 0.000018 0.039674 0.007313 1.703400
0.951402 0.000713 0.000655 0.000288 0.000019 0.039610 0.007313 1.703469
0.951461 0.000705 0.000656 0.000289 0.000018 0.039557 0.007314 1.703540
0.951508 0.000709 0.000664 0.000301 0.000018 0.039485 0.007314 1.703617
0.951566 0.000703 0.000665 0.000304 0.000017 0.039431 0.007314 1.703695
0.951634 0.000705 0.000662 0.000303 0.000017 0.039366 0.007314 1.703761
0.951689 0.000703 0.000663 0.000299 0.000017 0.039314 0.007314 1.703833
0.951747 0.000712 0.000660 0.000302 0.000018 0.039247 0.007314 1.703901
0.951792 0.000729 0.000660 0.000304 0.000017 0.039184 0.007314 1.703967
0.951848 0.000735 0.000660 0.000307 0.000017 0.039119 0.007314 1.704031
0.951913 0.000725 0.000676 0.000311 0.000017 0.039043 0.007314 1.704114
0.951949 0.000728 0.000680 0.000300 0.000017 0.039011 0.007315 1.704180
0.952002 0.000735 0.000678 0.000299 0.000017 0.038954 0.007315 1.704252
0.952041 0.000740 0.000685 0.000298 0.000017 0.038904 0.007315 1.704321
0.952111 0.000737 0.000682 0.000295 0.000018 0.038843 0.007315 1.704387
0.952151 0.000752 0.000671 0.000292 0.000016 0.038803 0.007316 1.704451
0.952206 0.000763 0.000673 0.000292 0.000014 0.038736 0.007317 1.704514
0.952255 0.000763 0.000678 0.000295 0.000015 0.038678 0.007317 1.704583
0.952310 0.000752 0.000686 0.000303 0.000016 0.038616 0.007317 1.704660
0.952354 0.000746 0.000683 0.000313 0.000016 0.038572 0.007317 1.704741
0.952399 0.000729 0.000684 0.000313 0.000015 0.038543 0.007317 1.704828
0.952430 0.000737 0.000683 0.000307 0.000015 0.038510 0.007317 1.704891
0.952471 0.000750 0.000681 0.000301 0.000017 0.038462 0.007318 1.704958
0.952512 0.000757 0.000684 0.000307 0.000017 0.038405 0.007318 1.705030
0.952567 0.000739 0.000684 0.000318 0.000017 0.038358 0.007318 1.705111
0.952614 0.000735 0.000676 0.000321 0.000018 0.038318 0.007318 1.705183
0.952657 0.000736 0.000682 0.000324 0.000018 0.038265 0.007319 1.705257
0.952709 0.000731 0.000674 0.000325 0.000019 0.038224 0.007319 1.705325
0.952758 0.000721 0.000688 0.000328 0.000019 0.038168 0.007319 1.705405
0.952801 0.000727 0.000694 0.000327 0.000020 0.038111 0.007319 1.705476
0.952837 0.000730 0.000684 0.000325 0.000020 0.038086 0.007319 1.705538
0.952877 0.000717 0.000680 0.000327 0.000020 0.038059 0.007319 1.705620
0.952919 0.000708 0.000691 0.000321 0.000019 0.038022 0.007320 1.705701
0.952971 0.000709 0.000685 0.000321 0.000019 0.037976 0.007320 1.705768
0.953003 0.000712 0.000687 0.000320 0.000019 0.037939 0.007320 1.705841
0.953041 0.000715 0.000692 0.000323 0.000019 0.037889 0.007320 1.705912
0.953070 0.000716 0.000695 0.000322 0.000018 0.037858 0.007320 1.705982
0.953108 0.000735 0.000691 0.000319 0.000019 0.037808 0.007320 1.706044
0.953133 0.000734 0.000693 0.000324 0.000019 0.037776 0.007320 1.706121
0.953165 0.000742 0.000688 0.000318 0.000021 0.037746 0.007320 1.706190
0.953187 0.000747 0.000696 0.000318 0.000020 0.037712 0.007320 1.706270
0.953218 0.000749 0.000697 0.000317 0.000020 0.037680 0.007320 1.706339
0.953245 0.000754 0.000697 0.000321 0.000019 0.037645 0.007320 1.706410
0.953270 0.000753 0.000690 0.000324 0.000018 0.037624 0.007321 1.706480
0.953295 0.000759 0.000697 0.000319 0.000019 0.037591 0.007321 1.706554
0.953327 0.000763 0.000698 0.000318 0.000019 0.037554 0.007321 1.706623
0.953341 0.000772 0.000716 0.000311 0.000018 0.037521 0.007321 1.706701
0.953353 0.000782 0.000723 0.000316 0.000019 0.037485 0.007321 1.706778
0.953371 0.000773 0.000737 0.000321 0.000019 0.037456 0.007322 1.706868
0.953387 0.000779 0.000727 0.000319 0.000018 0.037449 0.007322 1.706943
0.953396 0.000801 0.000732 0.000321 0.000018 0.037409 0.007322 1.707014
0.953412 0.000796 0.000737 0.000327 0.000017 0.037389 0.007323 1.707101
0.953420 0.000817 0.000741 0.000330 0.000017 0.037351 0.007323 1.707175
0.953446 0.000817 0.000744 0.000331 0.000018 0.037321 0.007323 1.707251
0.953471 0.000825 0.000737 0.000337 0.000018 0.037288 0.007323 1.707326
0.953476 0.000828 0.000750 0.000327 0.000019 0.037277 0.007323 1.707409
0.953476 0.000843 0.000756 0.000326 0.000019 0.037256 0.007324 1.707490
0.953483 0.000848 0.000743 0.000335 0.000020 0.037246 0.007324 1.707567
0.953504 0.000837 0.000754 0.000328 0.000019 0.037232 0.007324 1.707651
0.953502 0.000841 0.000760 0.000326 0.000020 0.037227 0.007324 1.707724
0.953515 0.000849 0.000754 0.000331 0.000019 0.037207 0.007325 1.707798
0.953546 0.000831 0.000759 0.000339 0.000019 0.037180 0.007325 1.707887
0.953552 0.000834 0.000764 0.000342 0.000019 0.037163 0.007325 1.707969
0.953565 0.000831 0.000760 0.000349 0.000017 0.037152 0.007325 1.708056
0.953580 0.000821 0.000764 0.000358 0.000016 0.037134 0.007326 1.708146
0.953592 0.000828 0.000760 0.000355 0.000016 0.037123 0.007326 1.708223
0.953593 0.000822 0.000771 0.000349 0.000015 0.037122 0.007327 1.708311
0.953611 0.000825 0.000760 0.000342 0.000014 0.037119 0.007328 1.708388
0.953647 0.000810 0.000758 0.000341 0.000015 0.037100 0.007328 1.708467
0.953656 0.000805 0.000762 0.000338 0.000015 0.037094 0.007328 1.708555
0.953669 0.000804 0.000763 0.000335 0.000016 0.037085 0.007328 1.708638
0.953680 0.000815 0.000766 0.000332 0.000015 0.037063 0.007328 1.708711
0.953683 0.000805 0.000756 0.000338 0.000016 0.037074 0.007328 1.708803
0.953694 0.000821 0.000753 0.000330 0.000016 0.037057 0.007329 1.708865
0.953707 0.000815 0.000751 0.000327 0.000017 0.037054 0.007329 1.708948
0.953746 0.000806 0.000746 0.000327 0.000016 0.037030 0.007329 1.709027
0.953762 0.000809 0.000749 0.000329 0.000016 0.037005 0.007329 1.709102
0.953792 0.000788 0.000752 0.000335 0.000016 0.036988 0.007329 1.709197
0.953802 0.000795 0.000743 0.000334 0.000016 0.036981 0.007329 1.709270
0.953832 0.000782 0.000748 0.000335 0.000016 0.036957 0.007329 1.709349
0.953856 0.000778 0.000750 0.000334 0.000017 0.036935 0.007329 1.709426
0.953881 0.000770 0.000749 0.000337 0.000016 0.036917 0.007329 1.709501
0.953899 0.000770 0.000736 0.000342 0.000015 0.036908 0.007329 1.709570
0.953924 0.000772 0.000728 0.000334 0.000016 0.036896 0.007329 1.709636
0.953939 0.000750 0.000741 0.000342 0.000017 0.036882 0.007329 1.709729
0.953938 0.000765 0.000733 0.000331 0.000018 0.036885 0.007329 1.709800
0.953939 0.000771 0.000746 0.000327 0.000017 0.036868 0.007330 1.709882
0.953959 0.000784 0.000737 0.000328 0.000017 0.036846 0.007330 1.709946
0.953947 0.000790 0.000735 0.000327 0.000018 0.036852 0.007330 1.710028
0.953947 0.000794 0.000730 0.000330 0.000016 0.036852 0.007331 1.710104
0.953975 0.000790 0.000729 0.000327 0.000016 0.036832 0.007331 1.710177
0.953972 0.000787 0.000728 0.000331 0.000017 0.036835 0.007331 1.710260
0.953983 0.000772 0.000731 0.000336 0.000016 0.036832 0.007331 1.710344
0.953996 0.000776 0.000727 0.000335 0.000017 0.036818 0.007331 1.710411
0.954009 0.000755 0.000740 0.000333 0.000017 0.036813 0.007332 1.710502
0.954005 0.000764 0.000732 0.000334 0.000016 0.036816 0.007333 1.710576
0.954017 0.000759 0.000742 0.000334 0.000017 0.036798 0.007333 1.710655
0.954041 0.000749 0.000736 0.000335 0.000015 0.036791 0.007333 1.710732
0.954045 0.000754 0.000741 0.000333 0.000017 0.036775 0.007333 1.710802
0.954053 0.000748 0.000738 0.000334 0.000018 0.036775 0.007333 1.710882
0.954068 0.000741 0.000730 0.000338 0.000018 0.036771 0.007333 1.710958
0.954075 0.000745 0.000720 0.000344 0.000018 0.036764 0.007333 1.711031
0.954104 0.000735 0.000720 0.000344 0.000018 0.036746 0.007334 1.711107
0.954119 0.000737 0.000715 0.000330 0.000019 0.036745 0.007334 1.711176
0.954128 0.000730 0.000720 0.000326 0.000021 0.036742 0.007334 1.711248
0.954154 0.000724 0.000717 0.000328 0.000020 0.036722 0.007334 1.711319
0.954161 0.000733 0.000713 0.000321 0.000021 0.036716 0.007334 1.711383
0.954183 0.000727 0.000715 0.000319 0.000022 0.036700 0.007335 1.711454
0.954199 0.000716 0.000714 0.000326 0.000023 0.036687 0.007335 1.711535
0.954213 0.000706 0.000719 0.000327 0.000023 0.036676 0.007336 1.711614
0.954223 0.000713 0.000721 0.000331 0.000022 0.036653 0.007336 1.711683
0.954229 0.000708 0.000723 0.000332 0.000021 0.036651 0.007336 1.711763
0.954239 0.000700 0.000717 0.000333 0.000021 0.036653 0.007337 1.711840
0.954258 0.000689 0.000713 0.000329 0.000022 0.036649 0.007337 1.711914
0.954277 0.000687 0.000702 0.000323 0.000022 0.036652 0.007337 1.711983
0.954291 0.000690 0.000701 0.000315 0.000021 0.036643 0.007338 1.712045
0.954313 0.000685 0.000706 0.000308 0.000021 0.036628 0.007338 1.712120
0.954316 0.000693 0.000702 0.000310 0.000023 0.036618 0.007338 1.712191
0.954327 0.000692 0.000692 0.000314 0.000024 0.036612 0.007338 1.712264
0.954351 0.000687 0.000692 0.000309 0.000023 0.036599 0.007338 1.712337
0.954354 0.000696 0.000688 0.000307 0.000023 0.036593 0.007339 1.712402
0.954361 0.000706 0.000686 0.000304 0.000021 0.036582 0.007340 1.712468
0.954383 0.000707 0.000688 0.000307 0.000020 0.036554 0.007341 1.712540
0.954383 0.000714 0.000685 0.000304 0.000020 0.036553 0.007341 1.712608
0.954386 0.000714 0.000684 0.000304 0.000020 0.036550 0.007341 1.712681
0.954411 0.000700 0.000680 0.000302 0.000020 0.036547 0.007341 1.712753
0.954416 0.000706 0.000667 0.000300 0.000019 0.036550 0.007341 1.712813
0.954423 0.000708 0.000667 0.000301 0.000020 0.036540 0.007341 1.712886
0.954431 0.000712 0.000666 0.000298 0.000017 0.036533 0.007342 1.712953
0.954444 0.000723 0.000664 0.000292 0.000017 0.036519 0.007342 1.713015
0.954438 0.000741 0.000668 0.000290 0.000017 0.036503 0.007342 1.713085
0.954442 0.000745 0.000669 0.000288 0.000018 0.036495 0.007342 1.713155
0.954463 0.000736 0.000677 0.000293 0.000018 0.036470 0.007343 1.713228
0.954473 0.000734 0.000687 0.000296 0.000018 0.036448 0.007343 1.713306
0.954472 0.000731 0.000685 0.000301 0.000018 0.036449 0.007344 1.713379
0.954478 0.000727 0.000684 0.000302 0.000018 0.036447 0.007344 1.713454
0.954490 0.000716 0.000692 0.000302 0.000018 0.036437 0.007344 1.713534
0.954491 0.000712 0.000686 0.000304 0.000018 0.036442 0.007344 1.713609
0.954494 0.000708 0.000693 0.000311 0.000018 0.036432 0.007345 1.713685
0.954496 0.000712 0.000693 0.000308 0.000021 0.036424 0.007345 1.713747
0.954520 0.000717 0.000690 0.000309 0.000021 0.036398 0.007345 1.713811
0.954519 0.000722 0.000681 0.000312 0.000022 0.036398 0.007345 1.713878
0.954532 0.000708 0.000689 0.000322 0.000021 0.036382 0.007345 1.713961
0.954547 0.000705 0.000697 0.000326 0.000021 0.036358 0.007346 1.714030
0.954562 0.000706 0.000689 0.000318 0.000020 0.036357 0.007346 1.714093
0.954559 0.000727 0.000678 0.000318 0.000019 0.036353 0.007346 1.714156
0.954566 0.000721 0.000679 0.000316 0.000020 0.036350 0.007346 1.714231
0.954568 0.000720 0.000682 0.000320 0.000020 0.036342 0.007347 1.714307
0.954570 0.000723 0.000693 0.000328 0.000021 0.036319 0.007347 1.714381
0.954571 0.000727 0.000697 0.000322 0.000021 0.036316 0.007347 1.714453
0.954576 0.000728 0.000692 0.000326 0.000020 0.036311 0.007347 1.714518
0.954571 0.000739 0.000679 0.000315 0.000019 0.036330 0.007347 1.714576
0.954549 0.000760 0.000684 0.000310 0.000019 0.036330 0.007347 1.714646
0.954552 0.000755 0.000692 0.000314 0.000018 0.036321 0.007347 1.714726
0.954546 0.000753 0.000690 0.000318 0.000018 0.036328 0.007347 1.714802
0.954550 0.000753 0.000691 0.000320 0.000016 0.036323 0.007347 1.714872
0.954550 0.000752 0.000690 0.000330 0.000016 0.036316 0.007347 1.714948
0.954558 0.000734 0.000698 0.000335 0.000016 0.036312 0.007347 1.715032
0.954558 0.000737 0.000692 0.000334 0.000015 0.036316 0.007347 1.715100
0.954555 0.000741 0.000683 0.000333 0.000014 0.036326 0.007347 1.715167
0.954553 0.000736 0.000692 0.000329 0.000015 0.036328 0.007347 1.715239
0.954544 0.000732 0.000697 0.000330 0.000015 0.036334 0.007347 1.715317
0.954551 0.000736 0.000697 0.000333 0.000015 0.036321 0.007347 1.715387
0.954552 0.000732 0.000703 0.000329 0.000015 0.036319 0.007348 1.715460
0.954545 0.000728 0.000703 0.000338 0.000016 0.036321 0.007348 1.715538
0.954551 0.000742 0.000701 0.000331 0.000016 0.036311 0.007348 1.715601
0.954552 0.000743 0.000691 0.000327 0.000016 0.036322 0.007349 1.715669
0.954545 0.000744 0.000688 0.000332 0.000016 0.036326 0.007349 1.715740
0.954530 0.000763 0.000688 0.000329 0.000016 0.036324 0.007349 1.715810
0.954525 0.000755 0.000687 0.000339 0.000016 0.036329 0.007349 1.715893
0.954542 0.000745 0.000686 0.000332 0.000016 0.036329 0.007350 1.715966
0.954529 0.000749 0.000688 0.000334 0.000016 0.036333 0.007350 1.716045
0.954523 0.000757 0.000687 0.000331 0.000017 0.036334 0.007351 1.716113
0.954524 0.000747 0.000695 0.000334 0.000017 0.036330 0.007351 1.716195
0.954542 0.000735 0.000695 0.000333 0.000016 0.036327 0.007352 1.716269
0.954539 0.000731 0.000704 0.000333 0.000016 0.036323 0.007352 1.716344
0.954544 0.000732 0.000700 0.000333 0.000016 0.036322 0.007352 1.716412
0.954539 0.000737 0.000696 0.000329 0.000016 0.036331 0.007352 1.716479
0.954550 0.000735 0.000695 0.000329 0.000016 0.036322 0.007352 1.716547
0.954556 0.000728 0.000694 0.000328 0.000016 0.036324 0.007353 1.716620
0.954561 0.000722 0.000690 0.000330 0.000015 0.036329 0.007353 1.716693
0.954565 0.000727 0.000679 0.000330 0.000014 0.036330 0.007353 1.716761
0.954561 0.000734 0.000676 0.000327 0.000014 0.036333 0.007353 1.716830
0.954576 0.000722 0.000680 0.000329 0.000015 0.036324 0.007354 1.716907
0.954578 0.000720 0.000675 0.000323 0.000015 0.036333 0.007354 1.716975
0.954578 0.000729 0.000671 0.000312 0.000014 0.036341 0.007354 1.717039
0.954581 0.000735 0.000672 0.000311 0.000015 0.036331 0.007355 1.717108
0.954580 0.000728 0.000670 0.000317 0.000015 0.036335 0.007355 1.717185
0.954588 0.000718 0.000672 0.000318 0.000015 0.036333 0.007355 1.717257
0.954613 0.000702 0.000678 0.000317 0.000015 0.036319 0.007355 1.717326
0.954614 0.000715 0.000679 0.000314 0.000015 0.036307 0.007355 1.717389
0.954625 0.000707 0.000678 0.000318 0.000016 0.036300 0.007356 1.717465
0.954640 0.000704 0.000675 0.000306 0.000014 0.036304 0.007356 1.717535
0.954657 0.000695 0.000667 0.000302 0.000013 0.036310 0.007356 1.717602
0.954654 0.000692 0.000681 0.000300 0.000014 0.036302 0.007356 1.717682
0.954660 0.000684 0.000678 0.000297 0.000014 0.036310 0.007356 1.717747
0.954679 0.000681 0.000674 0.000297 0.000015 0.036297 0.007356 1.717817
0.954688 0.000688 0.000660 0.000292 0.000014 0.036302 0.007356 1.717873
0.954689 0.000685 0.000664 0.000289 0.000014 0.036303 0.007356 1.717940
0.954697 0.000679 0.000667 0.000297 0.000014 0.036290 0.007357 1.718009
0.954701 0.000683 0.000667 0.000301 0.000014 0.036277 0.007357 1.718073
0.954709 0.000681 0.000664 0.000305 0.000014 0.036270 0.007357 1.718140
0.954709 0.000683 0.000666 0.000301 0.000014 0.036269 0.007358 1.718206
0.954719 0.000691 0.000649 0.000309 0.000014 0.036260 0.007358 1.718270
0.954741 0.000683 0.000644 0.000308 0.000014 0.036250 0.007358 1.718336
0.954742 0.000688 0.000649 0.000306 0.000013 0.036243 0.007359 1.718402
0.954758 0.000679 0.000642 0.000315 0.000014 0.036233 0.007359 1.718471
0.954755 0.000677 0.000647 0.000319 0.000015 0.036228 0.007359 1.718546
0.954755 0.000679 0.000649 0.000318 0.000016 0.036225 0.007359 1.718613
0.954757 0.000681 0.000653 0.000307 0.000017 0.036226 0.007360 1.718683
0.954756 0.000691 0.000647 0.000303 0.000016 0.036226 0.007360 1.718741
0.954766 0.000696 0.000646 0.000301 0.000016 0.036215 0.007361 1.718805
0.954772 0.000700 0.000644 0.000299 0.000016 0.036206 0.007361 1.718868
0.954793 0.000697 0.000645 0.000297 0.000016 0.036191 0.007361 1.718934
0.954781 0.000714 0.000643 0.000288 0.000020 0.036193 0.007361 1.718995
0.954780 0.000712 0.000652 0.000292 0.000020 0.036183 0.007361 1.719067
0.954791 0.000698 0.000667 0.000292 0.000020 0.036171 0.007361 1.719143
0.954803 0.000690 0.000663 0.000290 0.000021 0.036170 0.007361 1.719206
0.954822 0.000691 0.000655 0.000292 0.000021 0.036156 0.007361 1.719274
0.954826 0.000685 0.000653 0.000299 0.000022 0.036154 0.007361 1.719341
0.954828 0.000691 0.000657 0.000302 0.000020 0.036139 0.007362 1.719413
0.954832 0.000689 0.000660 0.000298 0.000018 0.036139 0.007363 1.719478
0.954837 0.000691 0.000650 0.000297 0.000019 0.036143 0.007363 1.719548
0.954846 0.000682 0.000650 0.000299 0.000018 0.036142 0.007363 1.719618
0.954848 0.000691 0.000649 0.000294 0.000017 0.036137 0.007364 1.719678
0.954847 0.000688 0.000643 0.000296 0.000017 0.036145 0.007365 1.719745
0.954863 0.000674 0.000641 0.000300 0.000016 0.036140 0.007365 1.719809
0.954872 0.000669 0.000639 0.000300 0.000017 0.036138 0.007365 1.719878
0.954874 0.000659 0.000647 0.000300 0.000017 0.036137 0.007365 1.719951
0.954887 0.000651 0.000639 0.000303 0.000017 0.036138 0.007366 1.720020
0.954905 0.000646 0.000635 0.000305 0.000017 0.036126 0.007366 1.720080
0.954919 0.000647 0.000630 0.000304 0.000017 0.036117 0.007366 1.720139
0.954935 0.000652 0.000620 0.000300 0.000017 0.036108 0.007366 1.720196
0.954950 0.000643 0.000622 0.000305 0.000017 0.036098 0.007366 1.720266
0.954939 0.000669 0.000604 0.000304 0.000017 0.036101 0.007366 1.720315
0.954944 0.000668 0.000604 0.000300 0.000017 0.036101 0.007366 1.720379
0.954937 0.000672 0.000607 0.000290 0.000016 0.036112 0.007366 1.720442
0.954939 0.000672 0.000610 0.000290 0.000016 0.036106 0.007366 1.720507
