0.999818 0.000139 0.000029 0.000013 0.000000 0.000000 0.000000
0.999736 0.000190 0.000027 0.000007 0.000000 0.000039 0.000000
0.999482 0.000416 0.000051 0.000021 0.000000 0.000030 0.000000
0.999315 0.000539 0.000068 0.000036 0.000000 0.000042 0.000000
0.998827 0.000950 0.000103 0.000065 0.000000 0.000055 0.000000
0.998192 0.001461 0.000160 0.000117 0.000003 0.000067 0.000000
0.997069 0.002369 0.000272 0.000190 0.000003 0.000097 0.000000
0.995500 0.003628 0.000443 0.000295 0.000002 0.000131 0.000000
0.993633 0.005113 0.000654 0.000400 0.000003 0.000197 0.000000
0.990913 0.007272 0.000952 0.000560 0.000002 0.000302 0.000000
0.986773 0.010501 0.001481 0.000824 0.000003 0.000416 0.000000
0.981333 0.014740 0.002187 0.001146 0.000004 0.000590 0.000000
0.974605 0.019985 0.002963 0.001553 0.000005 0.000889 0.000000
0.965726 0.026680 0.004226 0.002146 0.000004 0.001218 0.000000
0.954407 0.035152 0.005750 0.003001 0.000006 0.001685 0.000000
0.941387 0.044810 0.007566 0.003934 0.000010 0.002293 0.000000
0.925650 0.056148 0.009942 0.005146 0.000021 0.003092 0.000000
0.909051 0.067833 0.012525 0.006540 0.000024 0.004028 0.000000
0.889955 0.081034 0.015622 0.008119 0.000032 0.005239 0.000000
0.868776 0.095260 0.019242 0.009962 0.000046 0.006715 0.000000
0.847202 0.108915 0.023404 0.011940 0.000054 0.008485 0.000000
0.825837 0.122024 0.027576 0.014041 0.000065 0.010456 0.000001
0.803139 0.135109 0.032302 0.016504 0.000071 0.012874 0.000002
0.781161 0.147057 0.037089 0.018963 0.000080 0.015650 0.000001
0.758348 0.158532 0.042477 0.021704 0.000090 0.018848 0.000001
0.737445 0.167960 0.047785 0.024428 0.000105 0.022276 0.000001
0.718171 0.175766 0.052876 0.027157 0.000122 0.025907 0.000001
0.697054 0.183876 0.058574 0.029969 0.000136 0.030389 0.000001
0.677613 0.190026 0.063925 0.032960 0.000150 0.035325 0.000001
0.659642 0.194796 0.069169 0.035887 0.000171 0.040334 0.000002
0.641821 0.198953 0.074305 0.038769 0.000189 0.045962 0.000002
0.625126 0.201866 0.079419 0.041463 0.000205 0.051919 0.000002
0.607305 0.204694 0.084863 0.044248 0.000236 0.058653 0.000002
0.591001 0.206500 0.089962 0.046617 0.000259 0.065659 0.000003
0.574556 0.207760 0.095069 0.049194 0.000278 0.073138 0.000004
0.560083 0.207892 0.099410 0.051592 0.000303 0.080716 0.000005
0.544021 0.207185 0.104360 0.054272 0.000347 0.089809 0.000005
0.530263 0.205381 0.108575 0.056591 0.000378 0.098806 0.000006
0.519503 0.202629 0.111597 0.058399 0.000406 0.107457 0.000008
0.506428 0.200278 0.115301 0.060273 0.000440 0.117270 0.000009
0.494172 0.197064 0.118920 0.062087 0.000467 0.127280 0.000012
0.484393 0.192960 0.121571 0.063522 0.000489 0.137052 0.000013
0.474600 0.189663 0.123950 0.064830 0.000515 0.146429 0.000014
0.464601 0.185200 0.126295 0.066020 0.000559 0.157309 0.000017
0.456725 0.180258 0.127850 0.066869 0.000594 0.167685 0.000020
0.450191 0.174828 0.129079 0.067613 0.000617 0.177651 0.000021
0.443944 0.169169 0.129780 0.068125 0.000636 0.188322 0.000023
0.438883 0.163921 0.130143 0.068430 0.000649 0.197950 0.000024
0.433853 0.158113 0.129874 0.068512 0.000674 0.208950 0.000024
0.429872 0.153158 0.129680 0.068490 0.000707 0.218068 0.000025
0.426747 0.148928 0.129045 0.068240 0.000732 0.226282 0.000027
0.424045 0.143951 0.127888 0.067698 0.000765 0.235626 0.000027
0.418893 0.139647 0.127579 0.067524 0.000795 0.245531 0.000031
0.416172 0.135764 0.126441 0.067067 0.000813 0.253710 0.000033
0.412666 0.132156 0.125436 0.066738 0.000837 0.262131 0.000035
0.409818 0.128395 0.124005 0.066056 0.000858 0.270830 0.000039
0.405242 0.124391 0.122983 0.065441 0.000891 0.281010 0.000042
0.402389 0.120878 0.121700 0.064652 0.000896 0.289440 0.000046
0.400245 0.117964 0.120346 0.063939 0.000914 0.296541 0.000051
0.396609 0.114049 0.119251 0.063297 0.000925 0.305814 0.000055
0.394343 0.110390 0.117488 0.062187 0.000945 0.314591 0.000057
0.392084 0.107761 0.115987 0.061455 0.000959 0.321697 0.000057
0.389326 0.103736 0.114360 0.060630 0.000968 0.330920 0.000060
0.387051 0.100126 0.112583 0.059658 0.000976 0.339541 0.000065
0.385302 0.097094 0.110956 0.058805 0.000979 0.346795 0.000069
0.384221 0.093226 0.109048 0.057671 0.000980 0.354783 0.000072
0.382809 0.089970 0.107590 0.056831 0.000984 0.361738 0.000077
0.381912 0.086924 0.105573 0.055825 0.001002 0.368683 0.000080
0.381143 0.083744 0.103449 0.054542 0.001019 0.376021 0.000082
0.380704 0.080442 0.101254 0.053394 0.001025 0.383096 0.000085
0.380923 0.077204 0.099135 0.052270 0.001024 0.389356 0.000088
0.381488 0.074461 0.097008 0.051249 0.001022 0.394678 0.000093
0.382076 0.072165 0.094858 0.050154 0.001019 0.399632 0.000096
0.382565 0.069499 0.092930 0.049180 0.001018 0.404708 0.000100
0.383359 0.066810 0.090550 0.047965 0.001017 0.410194 0.000105
0.384393 0.064469 0.088138 0.046645 0.001024 0.415220 0.000111
0.385599 0.062234 0.085865 0.045420 0.001037 0.419726 0.000117
0.387053 0.060050 0.083318 0.044135 0.001035 0.424288 0.000121
0.388527 0.058455 0.081518 0.043244 0.001044 0.427089 0.000123
0.390160 0.056347 0.079168 0.041991 0.001045 0.431164 0.000125
0.391962 0.054675 0.077092 0.040892 0.001039 0.434212 0.000127
0.393802 0.052611 0.074938 0.039799 0.001048 0.437672 0.000130
0.395793 0.051090 0.072950 0.038759 0.001040 0.440234 0.000133
0.397871 0.049769 0.070841 0.037649 0.001044 0.442689 0.000138
0.399948 0.048753 0.069053 0.036714 0.001028 0.444362 0.000141
0.402182 0.047310 0.066991 0.035585 0.001021 0.446767 0.000143
0.404464 0.046075 0.064932 0.034605 0.001008 0.448765 0.000151
0.406426 0.045212 0.063353 0.033861 0.000997 0.449997 0.000154
0.408996 0.044130 0.061528 0.032846 0.000985 0.451358 0.000157
0.411415 0.043275 0.059814 0.031874 0.000971 0.452488 0.000163
0.413829 0.042426 0.058022 0.030904 0.000971 0.453681 0.000166
0.416145 0.041817 0.056767 0.030222 0.000961 0.453919 0.000169
0.418419 0.041171 0.055279 0.029459 0.000948 0.454553 0.000171
0.421073 0.040372 0.053797 0.028681 0.000932 0.454972 0.000173
0.423635 0.039733 0.052724 0.028045 0.000914 0.454772 0.000179
0.425949 0.039205 0.051554 0.027387 0.000894 0.454826 0.000186
0.428226 0.038832 0.050461 0.026775 0.000879 0.454642 0.000185
0.430970 0.038336 0.049113 0.026045 0.000869 0.454480 0.000187
0.433046 0.037953 0.048081 0.025588 0.000863 0.454277 0.000192
0.435512 0.037456 0.047077 0.025149 0.000851 0.453756 0.000198
0.437756 0.037285 0.046165 0.024611 0.000840 0.453140 0.000202
0.439889 0.037107 0.045163 0.024063 0.000820 0.452753 0.000206
0.442148 0.036980 0.044208 0.023586 0.000797 0.452072 0.000209
0.444802 0.036789 0.043348 0.023074 0.000788 0.450987 0.000211
0.446958 0.036630 0.042621 0.022688 0.000782 0.450108 0.000214
0.449061 0.036528 0.041989 0.022392 0.000775 0.449038 0.000218
0.451587 0.036366 0.041233 0.021986 0.000766 0.447844 0.000218
0.453291 0.036394 0.040732 0.021707 0.000765 0.446886 0.000223
0.455602 0.036510 0.040004 0.021385 0.000751 0.445520 0.000228
0.457448 0.036558 0.039555 0.021154 0.000740 0.444315 0.000231
0.459728 0.036713 0.039103 0.020877 0.000726 0.442621 0.000233
0.461602 0.036758 0.038640 0.020598 0.000717 0.441450 0.000235
0.463472 0.036824 0.038323 0.020441 0.000700 0.440003 0.000238
0.465489 0.036884 0.037975 0.020173 0.000692 0.438549 0.000239
0.467316 0.036947 0.037695 0.019941 0.000681 0.437180 0.000240
0.469113 0.036957 0.037384 0.019716 0.000669 0.435917 0.000244
0.471005 0.037131 0.037082 0.019607 0.000661 0.434268 0.000246
0.472387 0.037327 0.036849 0.019512 0.000640 0.433039 0.000247
0.474325 0.037491 0.036568 0.019310 0.000630 0.431428 0.000249
0.475981 0.037695 0.036344 0.019204 0.000620 0.429907 0.000250
0.477200 0.037980 0.036237 0.019096 0.000608 0.428629 0.000249
0.478736 0.038030 0.036078 0.019060 0.000603 0.427241 0.000253
0.480606 0.038159 0.035930 0.019010 0.000604 0.425437 0.000254
0.482066 0.038004 0.035896 0.018965 0.000594 0.424219 0.000257
0.484379 0.037452 0.035738 0.018775 0.000589 0.422807 0.000258
0.486803 0.036704 0.035660 0.018581 0.000588 0.421400 0.000263
0.489489 0.035839 0.035458 0.018335 0.000579 0.420033 0.000267
0.492421 0.034816 0.035258 0.018015 0.000571 0.418649 0.000270
0.495458 0.033766 0.034980 0.017729 0.000560 0.417236 0.000272
0.498353 0.032631 0.034703 0.017430 0.000560 0.416049 0.000275
0.501827 0.031458 0.034524 0.017093 0.000558 0.414263 0.000277
0.505231 0.030220 0.034188 0.016744 0.000549 0.412790 0.000278
0.508803 0.029046 0.033830 0.016389 0.000543 0.411108 0.000280
0.512092 0.027877 0.033400 0.016033 0.000542 0.409778 0.000278
0.515752 0.026816 0.032933 0.015757 0.000539 0.407920 0.000283
0.519338 0.025708 0.032371 0.015375 0.000533 0.406391 0.000284
0.523293 0.024622 0.031822 0.014975 0.000518 0.404487 0.000284
0.526732 0.023624 0.031216 0.014608 0.000509 0.403026 0.000285
0.530807 0.022770 0.030641 0.014240 0.000500 0.400753 0.000289
0.534341 0.021897 0.029994 0.013877 0.000498 0.399099 0.000294
0.538134 0.021050 0.029430 0.013501 0.000489 0.397102 0.000295
0.541780 0.020336 0.028820 0.013118 0.000475 0.395173 0.000297
0.545534 0.019525 0.028181 0.012844 0.000466 0.393152 0.000298
0.549230 0.018864 0.027403 0.012482 0.000461 0.391262 0.000298
0.553002 0.018185 0.026726 0.012139 0.000450 0.389199 0.000298
0.557032 0.017501 0.026062 0.011802 0.000441 0.386864 0.000298
0.560813 0.016909 0.025398 0.011495 0.000433 0.384645 0.000306
0.564761 0.016320 0.024710 0.011180 0.000424 0.382302 0.000303
0.568334 0.015845 0.024077 0.010880 0.000418 0.380142 0.000304
0.572254 0.015358 0.023401 0.010524 0.000410 0.377746 0.000307
0.576103 0.014916 0.022755 0.010257 0.000397 0.375260 0.000311
0.579397 0.014476 0.022084 0.009999 0.000384 0.373350 0.000310
0.583441 0.014113 0.021523 0.009748 0.000366 0.370497 0.000313
0.586992 0.013751 0.020936 0.009486 0.000354 0.368168 0.000314
0.590707 0.013417 0.020420 0.009261 0.000348 0.365535 0.000312
0.594122 0.013011 0.019889 0.008986 0.000343 0.363337 0.000312
0.597783 0.012763 0.019371 0.008777 0.000335 0.360654 0.000317
0.601260 0.012480 0.018856 0.008514 0.000326 0.358246 0.000317
0.604793 0.012249 0.018373 0.008300 0.000323 0.355643 0.000319
0.608338 0.011976 0.017935 0.008084 0.000309 0.353037 0.000321
0.612157 0.011694 0.017356 0.007869 0.000292 0.350305 0.000327
0.615444 0.011476 0.016887 0.007673 0.000285 0.347903 0.000332
0.618835 0.011305 0.016503 0.007511 0.000282 0.345236 0.000328
0.622182 0.011131 0.016043 0.007326 0.000272 0.342717 0.000330
0.625738 0.011059 0.015684 0.007156 0.000271 0.339761 0.000331
0.629098 0.010920 0.015258 0.006992 0.000273 0.337129 0.000329
0.632583 0.010771 0.014926 0.006828 0.000262 0.334297 0.000333
0.635727 0.010626 0.014553 0.006678 0.000260 0.331821 0.000335
0.638794 0.010523 0.014230 0.006585 0.000252 0.329281 0.000335
0.642363 0.010379 0.013944 0.006468 0.000252 0.326256 0.000338
0.645490 0.010215 0.013638 0.006329 0.000241 0.323744 0.000343
0.648618 0.010101 0.013370 0.006163 0.000238 0.321168 0.000341
0.651691 0.009975 0.013041 0.006010 0.000238 0.318699 0.000345
0.654910 0.009921 0.012799 0.005846 0.000235 0.315949 0.000341
0.658192 0.009819 0.012536 0.005771 0.000231 0.313108 0.000343
0.661149 0.009797 0.012280 0.005672 0.000222 0.310535 0.000346
0.664027 0.009739 0.012044 0.005571 0.000216 0.308061 0.000341
0.667085 0.009671 0.011782 0.005484 0.000214 0.305417 0.000347
0.669833 0.009588 0.011605 0.005394 0.000214 0.303021 0.000344
0.672692 0.009466 0.011393 0.005319 0.000202 0.300579 0.000349
0.675599 0.009438 0.011294 0.005239 0.000194 0.297890 0.000346
0.678524 0.009439 0.011122 0.005124 0.000190 0.295252 0.000349
0.681191 0.009449 0.011002 0.005083 0.000186 0.292738 0.000350
0.684192 0.009432 0.010850 0.005030 0.000182 0.289964 0.000349
0.686818 0.009417 0.010712 0.004985 0.000175 0.287544 0.000349
0.689443 0.009463 0.010577 0.004947 0.000169 0.285050 0.000350
0.692112 0.009409 0.010480 0.004889 0.000170 0.282590 0.000349
0.694737 0.009359 0.010371 0.004858 0.000161 0.280161 0.000352
0.697424 0.009271 0.010229 0.004804 0.000158 0.277765 0.000350
0.699711 0.009360 0.010149 0.004750 0.000152 0.275526 0.000352
0.702350 0.009301 0.010055 0.004713 0.000151 0.273077 0.000354
0.704969 0.009244 0.009954 0.004674 0.000155 0.270647 0.000356
0.707333 0.009249 0.009889 0.004629 0.000152 0.268391 0.000358
0.710018 0.009289 0.009792 0.004604 0.000152 0.265789 0.000358
0.712151 0.009346 0.009723 0.004558 0.000148 0.263717 0.000357
0.714639 0.009326 0.009630 0.004540 0.000150 0.261358 0.000357
0.717076 0.009312 0.009591 0.004517 0.000150 0.258999 0.000357
0.719204 0.009326 0.009593 0.004513 0.000146 0.256859 0.000359
0.721514 0.009340 0.009489 0.004481 0.000145 0.254672 0.000359
0.723626 0.009441 0.009423 0.004465 0.000146 0.252540 0.000359
0.725781 0.009455 0.009400 0.004434 0.000145 0.250430 0.000356
0.727900 0.009509 0.009400 0.004446 0.000146 0.248240 0.000359
0.730062 0.009554 0.009378 0.004456 0.000145 0.246052 0.000353
0.732184 0.009546 0.009323 0.004408 0.000140 0.244041 0.000358
0.734107 0.009673 0.009285 0.004436 0.000137 0.242000 0.000361
0.736166 0.009736 0.009242 0.004421 0.000139 0.239937 0.000359
0.738141 0.009726 0.009206 0.004390 0.000135 0.238039 0.000363
0.740391 0.009769 0.009141 0.004360 0.000135 0.235839 0.000364
0.742060 0.009807 0.009177 0.004342 0.000135 0.234117 0.000362
0.744115 0.009825 0.009136 0.004327 0.000136 0.232102 0.000360
0.745812 0.009900 0.009171 0.004360 0.000138 0.230253 0.000365
0.747680 0.009982 0.009134 0.004312 0.000135 0.228395 0.000362
0.749420 0.010101 0.009148 0.004319 0.000133 0.226514 0.000365
0.751015 0.010230 0.009201 0.004326 0.000139 0.224722 0.000366
0.752744 0.010322 0.009216 0.004278 0.000135 0.222940 0.000365
0.754484 0.010430 0.009242 0.004295 0.000136 0.221046 0.000366
0.756354 0.010474 0.009212 0.004302 0.000133 0.219165 0.000360
0.757635 0.010618 0.009317 0.004374 0.000134 0.217552 0.000369
0.759017 0.010696 0.009434 0.004375 0.000133 0.215981 0.000365
0.760552 0.010792 0.009528 0.004422 0.000127 0.214211 0.000368
0.762415 0.010827 0.009551 0.004424 0.000126 0.212295 0.000362
0.763864 0.010911 0.009621 0.004435 0.000122 0.210675 0.000372
0.765234 0.011075 0.009679 0.004454 0.000120 0.209068 0.000370
0.766365 0.011240 0.009787 0.004509 0.000119 0.207608 0.000373
0.767688 0.011400 0.009886 0.004547 0.000123 0.205985 0.000370
0.769392 0.011366 0.009843 0.004608 0.000122 0.204297 0.000372
0.770665 0.011534 0.009943 0.004630 0.000120 0.202737 0.000370
0.771818 0.011585 0.010002 0.004653 0.000117 0.201454 0.000371
0.773083 0.011687 0.010099 0.004659 0.000112 0.199990 0.000371
0.774070 0.011868 0.010212 0.004687 0.000116 0.198675 0.000373
0.775395 0.011905 0.010266 0.004680 0.000120 0.197262 0.000372
0.776746 0.012043 0.010345 0.004688 0.000114 0.195692 0.000373
0.777761 0.012187 0.010471 0.004697 0.000109 0.194399 0.000375
0.778863 0.012288 0.010570 0.004727 0.000106 0.193074 0.000372
0.779714 0.012457 0.010680 0.004772 0.000108 0.191895 0.000375
0.780781 0.012583 0.010747 0.004820 0.000105 0.190591 0.000372
0.781914 0.012731 0.010793 0.004871 0.000107 0.189208 0.000376
0.782684 0.012976 0.010815 0.004946 0.000104 0.188100 0.000375
0.783704 0.013063 0.010958 0.005009 0.000105 0.186784 0.000377
0.784754 0.013167 0.011058 0.005035 0.000106 0.185502 0.000376
0.785521 0.013390 0.011141 0.005085 0.000105 0.184378 0.000379
0.786604 0.013525 0.011090 0.005107 0.000103 0.183194 0.000377
0.787420 0.013671 0.011236 0.005203 0.000104 0.181985 0.000381
0.788331 0.013829 0.011294 0.005223 0.000101 0.180849 0.000373
0.788920 0.013995 0.011357 0.005266 0.000101 0.179979 0.000380
0.789711 0.014182 0.011491 0.005318 0.000106 0.178814 0.000378
0.790234 0.014249 0.011649 0.005420 0.000106 0.177963 0.000379
0.790919 0.014333 0.011712 0.005465 0.000113 0.177079 0.000379
0.791741 0.014503 0.011763 0.005543 0.000118 0.175957 0.000374
0.792474 0.014571 0.011940 0.005616 0.000123 0.174897 0.000380
0.792829 0.014779 0.012039 0.005646 0.000119 0.174206 0.000382
0.793510 0.014968 0.012181 0.005666 0.000118 0.173176 0.000380
0.793979 0.015045 0.012330 0.005692 0.000118 0.172453 0.000382
0.794573 0.015215 0.012403 0.005734 0.000121 0.171571 0.000383
0.794922 0.015462 0.012564 0.005817 0.000119 0.170731 0.000386
0.795329 0.015559 0.012725 0.005940 0.000120 0.169942 0.000385
0.795773 0.015669 0.012890 0.006040 0.000118 0.169124 0.000386
0.795946 0.015836 0.013092 0.006085 0.000119 0.168534 0.000388
0.796616 0.015928 0.013178 0.006115 0.000122 0.167655 0.000385
0.796941 0.016124 0.013301 0.006201 0.000125 0.166927 0.000381
0.797437 0.016287 0.013368 0.006254 0.000125 0.166144 0.000387
0.797795 0.016348 0.013501 0.006329 0.000121 0.165516 0.000389
0.797887 0.016515 0.013694 0.006368 0.000127 0.165020 0.000389
0.798541 0.016587 0.013742 0.006382 0.000123 0.164237 0.000388
0.798709 0.016708 0.013858 0.006473 0.000123 0.163741 0.000388
0.799202 0.016854 0.014026 0.006517 0.000120 0.162895 0.000387
0.799412 0.016908 0.014140 0.006560 0.000123 0.162467 0.000391
0.799588 0.017046 0.014317 0.006651 0.000128 0.161885 0.000386
0.799762 0.017149 0.014487 0.006680 0.000125 0.161404 0.000392
0.800110 0.017257 0.014584 0.006742 0.000123 0.160793 0.000392
0.800442 0.017371 0.014690 0.006801 0.000124 0.160180 0.000391
0.800420 0.017389 0.014907 0.006895 0.000124 0.159871 0.000394
0.800906 0.017391 0.015018 0.006953 0.000131 0.159210 0.000392
0.801068 0.017489 0.015066 0.007033 0.000137 0.158816 0.000391
0.801274 0.017512 0.015140 0.007115 0.000137 0.158431 0.000392
0.801673 0.017500 0.015215 0.007166 0.000133 0.157922 0.000390
0.801753 0.017474 0.015315 0.007254 0.000127 0.157682 0.000394
0.801936 0.017602 0.015381 0.007275 0.000131 0.157282 0.000393
0.802203 0.017719 0.015450 0.007254 0.000127 0.156854 0.000392
0.802521 0.017775 0.015606 0.007274 0.000123 0.156311 0.000390
0.802395 0.017763 0.015716 0.007351 0.000119 0.156262 0.000394
0.802838 0.017704 0.015755 0.007294 0.000121 0.155896 0.000393
0.802977 0.017799 0.015839 0.007318 0.000126 0.155552 0.000389
0.803246 0.017831 0.015831 0.007364 0.000124 0.155208 0.000396
0.803465 0.017807 0.015897 0.007387 0.000127 0.154919 0.000397
0.803845 0.017813 0.015933 0.007409 0.000132 0.154474 0.000395
0.803910 0.017880 0.015962 0.007409 0.000135 0.154311 0.000394
0.804116 0.017877 0.016027 0.007423 0.000138 0.154027 0.000391
0.804232 0.017927 0.016007 0.007408 0.000139 0.153889 0.000398
0.804246 0.017968 0.016110 0.007425 0.000140 0.153715 0.000395
0.804571 0.017992 0.016147 0.007443 0.000141 0.153312 0.000394
0.804582 0.018098 0.016199 0.007440 0.000141 0.153146 0.000396
0.804862 0.018124 0.016178 0.007432 0.000140 0.152870 0.000394
0.804795 0.018182 0.016289 0.007499 0.000137 0.152698 0.000399
0.805113 0.018153 0.016309 0.007514 0.000138 0.152376 0.000397
0.805313 0.018106 0.016353 0.007478 0.000134 0.152217 0.000398
0.805650 0.018153 0.016456 0.007503 0.000137 0.151702 0.000400
0.805590 0.018190 0.016525 0.007609 0.000141 0.151545 0.000401
0.805870 0.018168 0.016559 0.007567 0.000137 0.151298 0.000401
0.878006 0.011299 0.010315 0.004712 0.000087 0.095327 0.000253
