0.360258 0.061352 0.054937 0.031670 0.002046 0.483918 0.005820 1.587746
0.361355 0.060373 0.054825 0.031482 0.002055 0.484067 0.005844 1.593668
0.362845 0.059163 0.054638 0.031341 0.002069 0.484082 0.005862 1.599444
0.364563 0.057636 0.054485 0.031139 0.002086 0.484212 0.005880 1.605274
0.366423 0.056185 0.054235 0.030899 0.002082 0.484270 0.005906 1.610850
0.368562 0.054617 0.053849 0.030650 0.002095 0.484295 0.005932 1.616311
0.370789 0.053169 0.053402 0.030361 0.002094 0.484227 0.005959 1.621588
0.373100 0.051813 0.053008 0.029989 0.002099 0.484009 0.005982 1.626703
0.375424 0.050443 0.052527 0.029608 0.002079 0.483907 0.006013 1.631763
0.377735 0.049160 0.051927 0.029307 0.002073 0.483760 0.006038 1.636668
0.380208 0.047978 0.051398 0.028933 0.002073 0.483346 0.006062 1.641431
0.382662 0.046862 0.050750 0.028552 0.002066 0.483021 0.006087 1.646077
0.385111 0.045805 0.050073 0.028099 0.002059 0.482741 0.006112 1.650609
0.387700 0.044878 0.049348 0.027633 0.002054 0.482251 0.006136 1.654970
0.390350 0.043975 0.048739 0.027169 0.002066 0.481544 0.006157 1.659331
0.393024 0.043076 0.048018 0.026743 0.002051 0.480901 0.006186 1.663563
0.395578 0.042257 0.047333 0.026372 0.002037 0.480214 0.006210 1.667769
0.398228 0.041514 0.046605 0.025920 0.002019 0.479479 0.006237 1.671825
0.400884 0.040857 0.045903 0.025534 0.002005 0.478550 0.006267 1.675848
0.403541 0.040253 0.045232 0.025090 0.001997 0.477598 0.006289 1.679790
0.406335 0.039615 0.044523 0.024682 0.001981 0.476547 0.006317 1.683667
0.409041 0.039044 0.043857 0.024334 0.001975 0.475407 0.006342 1.687541
0.411792 0.038524 0.043143 0.023931 0.001957 0.474281 0.006373 1.691282
0.414467 0.038058 0.042456 0.023561 0.001949 0.473116 0.006394 1.694966
0.417048 0.037732 0.041790 0.023167 0.001941 0.471908 0.006414 1.698591
0.419873 0.037170 0.041255 0.022848 0.001922 0.470495 0.006438 1.702313
0.422590 0.036698 0.040685 0.022450 0.001918 0.469197 0.006462 1.705940
0.425278 0.036299 0.040111 0.022156 0.001895 0.467773 0.006488 1.709508
0.427933 0.035806 0.039578 0.021863 0.001893 0.466413 0.006515 1.713155
0.430570 0.035537 0.039063 0.021539 0.001874 0.464882 0.006536 1.716643
0.433168 0.035198 0.038547 0.021289 0.001849 0.463390 0.006558 1.720139
0.435726 0.034847 0.038024 0.021040 0.001838 0.461949 0.006576 1.723632
0.438337 0.034664 0.037500 0.020683 0.001816 0.460396 0.006603 1.726945
0.440897 0.034435 0.037012 0.020434 0.001792 0.458805 0.006626 1.730316
0.443558 0.034279 0.036430 0.020137 0.001777 0.457172 0.006649 1.733596
0.446156 0.034054 0.036002 0.019908 0.001748 0.455457 0.006676 1.736878
0.448585 0.033990 0.035636 0.019651 0.001727 0.453715 0.006697 1.740205
0.451069 0.033805 0.035256 0.019395 0.001712 0.452037 0.006727 1.743534
0.453502 0.033635 0.034893 0.019253 0.001680 0.450289 0.006749 1.746908
0.455885 0.033559 0.034536 0.019034 0.001680 0.448536 0.006770 1.750231
0.458363 0.033493 0.034219 0.018814 0.001664 0.446654 0.006792 1.753439
0.460716 0.033416 0.033900 0.018612 0.001652 0.444893 0.006812 1.756750
0.463042 0.033354 0.033693 0.018417 0.001644 0.443018 0.006831 1.760054
0.465298 0.033295 0.033418 0.018261 0.001615 0.441259 0.006854 1.763328
0.467550 0.033300 0.033098 0.018083 0.001596 0.439496 0.006876 1.766530
0.469916 0.033246 0.032883 0.017945 0.001576 0.437534 0.006900 1.769789
0.472228 0.033162 0.032660 0.017877 0.001559 0.435592 0.006920 1.773123
0.474404 0.033197 0.032455 0.017785 0.001540 0.433678 0.006941 1.776400
0.476605 0.033199 0.032241 0.017691 0.001517 0.431786 0.006961 1.779637
0.478668 0.033338 0.031982 0.017578 0.001492 0.429957 0.006983 1.782870
0.480690 0.033426 0.031809 0.017462 0.001500 0.428113 0.006998 1.786077
0.482724 0.033572 0.031652 0.017363 0.001486 0.426192 0.007012 1.789305
0.484687 0.033644 0.031508 0.017294 0.001479 0.424354 0.007033 1.792560
0.486642 0.033739 0.031353 0.017189 0.001475 0.422552 0.007049 1.795836
0.488530 0.033839 0.031265 0.017176 0.001457 0.420660 0.007073 1.799135
0.490425 0.033895 0.031174 0.017133 0.001451 0.418831 0.007092 1.802422
0.492158 0.034023 0.031051 0.017060 0.001445 0.417150 0.007114 1.805686
0.493946 0.034188 0.030955 0.017000 0.001426 0.415350 0.007136 1.808954
0.495586 0.034302 0.030910 0.017000 0.001407 0.413638 0.007156 1.812372
0.497232 0.034427 0.030889 0.016989 0.001403 0.411884 0.007175 1.815731
0.498823 0.034607 0.030805 0.016969 0.001401 0.410200 0.007194 1.819051
0.500368 0.034757 0.030787 0.016928 0.001386 0.408560 0.007213 1.822435
0.501992 0.034880 0.030744 0.016928 0.001361 0.406858 0.007236 1.825817
0.503625 0.034979 0.030644 0.016952 0.001357 0.405190 0.007253 1.829209
0.505203 0.035097 0.030586 0.016974 0.001349 0.403519 0.007271 1.832621
0.506695 0.035296 0.030576 0.016959 0.001340 0.401849 0.007285 1.835970
0.508091 0.035437 0.030574 0.016949 0.001312 0.400332 0.007305 1.839375
0.509394 0.035486 0.030684 0.016990 0.001293 0.398825 0.007328 1.842896
0.510818 0.035502 0.030753 0.017015 0.001300 0.397271 0.007341 1.846444
0.512212 0.035732 0.030762 0.016975 0.001295 0.395668 0.007358 1.849870
0.513474 0.035929 0.030780 0.016977 0.001284 0.394178 0.007379 1.853323
0.514733 0.036016 0.030947 0.017051 0.001275 0.392581 0.007396 1.856930
0.515976 0.036261 0.031015 0.017069 0.001271 0.390993 0.007415 1.860420
0.517266 0.036302 0.031131 0.017123 0.001268 0.389483 0.007427 1.864054
0.518369 0.036472 0.031233 0.017255 0.001263 0.387965 0.007443 1.867628
0.519409 0.036715 0.031334 0.017281 0.001250 0.386547 0.007464 1.871221
0.520516 0.036829 0.031426 0.017361 0.001237 0.385146 0.007485 1.874845
0.521448 0.036967 0.031550 0.017389 0.001231 0.383915 0.007500 1.878521
0.522528 0.037114 0.031599 0.017499 0.001227 0.382519 0.007515 1.882142
0.523632 0.037100 0.031761 0.017548 0.001225 0.381202 0.007533 1.885830
0.524520 0.037372 0.031826 0.017527 0.001230 0.379977 0.007547 1.889424
0.525408 0.037613 0.031885 0.017574 0.001221 0.378732 0.007569 1.893063
0.526193 0.037849 0.031939 0.017589 0.001234 0.377613 0.007583 1.896748
0.527012 0.038014 0.032090 0.017667 0.001230 0.376387 0.007599 1.900477
0.527818 0.038186 0.032220 0.017738 0.001224 0.375200 0.007615 1.904233
0.528485 0.038426 0.032369 0.017807 0.001222 0.374067 0.007625 1.907971
0.529125 0.038691 0.032578 0.017835 0.001219 0.372912 0.007641 1.911760
0.529763 0.038883 0.032733 0.017897 0.001209 0.371853 0.007661 1.915580
0.530412 0.039073 0.032909 0.017983 0.001207 0.370736 0.007679 1.919406
0.531047 0.039223 0.033026 0.018030 0.001208 0.369770 0.007696 1.923283
0.531661 0.039398 0.033137 0.018066 0.001200 0.368826 0.007712 1.927079
0.532218 0.039558 0.033317 0.018176 0.001194 0.367813 0.007726 1.930968
0.532670 0.039817 0.033405 0.018253 0.001202 0.366915 0.007739 1.934802
0.533233 0.039971 0.033529 0.018284 0.001195 0.366036 0.007753 1.938649
0.533677 0.040164 0.033676 0.018346 0.001201 0.365168 0.007768 1.942578
0.534006 0.040361 0.033891 0.018475 0.001190 0.364291 0.007786 1.946566
0.534411 0.040554 0.033975 0.018556 0.001177 0.363524 0.007803 1.950485
0.534756 0.040722 0.034079 0.018680 0.001164 0.362777 0.007821 1.954520
0.535069 0.040896 0.034228 0.018783 0.001174 0.362015 0.007836 1.958502
0.535497 0.040979 0.034471 0.018873 0.001178 0.361151 0.007852 1.962566
0.535851 0.041176 0.034574 0.018913 0.001180 0.360443 0.007864 1.966527
0.536115 0.041361 0.034739 0.018970 0.001179 0.359756 0.007879 1.970567
0.536438 0.041421 0.034922 0.019086 0.001176 0.359063 0.007895 1.974645
0.536601 0.041576 0.035070 0.019175 0.001190 0.358483 0.007905 1.978715
0.536927 0.041637 0.035182 0.019307 0.001191 0.357835 0.007922 1.982817
0.537208 0.041684 0.035279 0.019384 0.001186 0.357322 0.007936 1.986910
0.537394 0.041779 0.035426 0.019461 0.001182 0.356803 0.007954 1.991055
0.537588 0.041996 0.035496 0.019462 0.001177 0.356314 0.007967 1.995090
0.537750 0.042239 0.035606 0.019535 0.001182 0.355707 0.007981 1.999135
0.538021 0.042257 0.035737 0.019612 0.001191 0.355187 0.007996 2.003328
0.538293 0.042377 0.035883 0.019596 0.001192 0.354645 0.008013 2.007395
0.538608 0.042419 0.035951 0.019644 0.001199 0.354149 0.008030 2.011499
0.538814 0.042502 0.036073 0.019660 0.001193 0.353711 0.008047 2.015670
0.539052 0.042590 0.036198 0.019669 0.001195 0.353232 0.008062 2.019806
0.539156 0.042675 0.036365 0.019737 0.001202 0.352789 0.008076 2.024037
0.539229 0.042776 0.036509 0.019783 0.001207 0.352407 0.008089 2.028202
0.539351 0.042749 0.036608 0.019876 0.001207 0.352107 0.008101 2.032460
0.539511 0.042775 0.036705 0.019931 0.001208 0.351751 0.008119 2.036615
0.539737 0.042784 0.036762 0.019887 0.001209 0.351488 0.008132 2.040774
0.539910 0.042834 0.036819 0.019935 0.001202 0.351152 0.008148 2.044912
0.540099 0.042856 0.036913 0.020030 0.001198 0.350737 0.008167 2.049112
0.540362 0.042802 0.036940 0.020092 0.001208 0.350419 0.008178 2.053301
0.540455 0.042922 0.037045 0.020144 0.001215 0.350026 0.008194 2.057483
0.540642 0.042978 0.037089 0.020203 0.001210 0.349667 0.008212 2.061596
0.540776 0.043018 0.037098 0.020224 0.001202 0.349458 0.008225 2.065739
0.540747 0.043044 0.037245 0.020245 0.001207 0.349270 0.008241 2.069994
0.540919 0.043061 0.037340 0.020275 0.001221 0.348929 0.008254 2.074226
0.541137 0.042946 0.037525 0.020245 0.001236 0.348646 0.008265 2.078483
0.541272 0.043028 0.037489 0.020183 0.001225 0.348522 0.008282 2.082633
0.541444 0.042939 0.037627 0.020242 0.001230 0.348224 0.008295 2.086995
0.541658 0.042914 0.037661 0.020290 0.001225 0.347940 0.008313 2.091202
0.541724 0.042854 0.037671 0.020336 0.001236 0.347850 0.008330 2.095426
0.541901 0.042874 0.037728 0.020325 0.001240 0.347591 0.008343 2.099660
0.542032 0.042941 0.037714 0.020389 0.001231 0.347337 0.008357 2.103843
0.542215 0.042890 0.037819 0.020375 0.001216 0.347118 0.008369 2.108113
0.542334 0.042917 0.037905 0.020420 0.001219 0.346824 0.008382 2.112328
0.542487 0.042972 0.037896 0.020412 0.001229 0.346605 0.008399 2.116463
0.542509 0.043000 0.037934 0.020462 0.001234 0.346448 0.008413 2.120665
0.542674 0.042993 0.037948 0.020436 0.001239 0.346278 0.008433 2.124871
0.542745 0.043007 0.037978 0.020468 0.001239 0.346112 0.008451 2.129073
0.542896 0.042972 0.038010 0.020459 0.001220 0.345968 0.008475 2.133278
0.543054 0.042994 0.038012 0.020429 0.001214 0.345805 0.008493 2.137458
0.543044 0.043089 0.037930 0.020452 0.001222 0.345752 0.008510 2.141649
0.543178 0.043060 0.037962 0.020456 0.001220 0.345603 0.008521 2.145869
0.543163 0.043044 0.038059 0.020516 0.001221 0.345457 0.008541 2.150150
0.543335 0.042965 0.038056 0.020579 0.001221 0.345290 0.008555 2.154415
0.543464 0.042919 0.038092 0.020592 0.001228 0.345131 0.008573 2.158642
0.543606 0.042912 0.038044 0.020597 0.001224 0.345023 0.008594 2.162819
0.543748 0.042908 0.038009 0.020602 0.001233 0.344894 0.008605 2.166986
0.543964 0.042773 0.038071 0.020651 0.001243 0.344679 0.008620 2.171247
0.544173 0.042665 0.038104 0.020595 0.001253 0.344573 0.008637 2.175449
0.544190 0.042718 0.038064 0.020601 0.001248 0.344522 0.008658 2.179648
0.544312 0.042733 0.038035 0.020586 0.001246 0.344414 0.008674 2.183784
0.544457 0.042693 0.037962 0.020585 0.001255 0.344358 0.008690 2.187955
0.544606 0.042572 0.038034 0.020592 0.001251 0.344244 0.008701 2.192177
0.544725 0.042513 0.038039 0.020576 0.001249 0.344175 0.008721 2.196342
0.544922 0.042478 0.038052 0.020605 0.001256 0.343954 0.008733 2.200506
0.545110 0.042561 0.037994 0.020555 0.001248 0.343780 0.008753 2.204583
0.545305 0.042548 0.037981 0.020550 0.001255 0.343591 0.008770 2.208686
0.545503 0.042539 0.037957 0.020542 0.001262 0.343408 0.008790 2.212793
0.545718 0.042560 0.037906 0.020487 0.001274 0.343248 0.008807 2.216947
0.545877 0.042431 0.037936 0.020514 0.001272 0.343147 0.008822 2.221175
0.546042 0.042456 0.037893 0.020536 0.001281 0.342956 0.008836 2.225283
0.546163 0.042463 0.037927 0.020459 0.001285 0.342849 0.008854 2.229402
0.546293 0.042441 0.037965 0.020480 0.001286 0.342667 0.008867 2.233548
0.546530 0.042353 0.037959 0.020512 0.001296 0.342465 0.008885 2.237739
0.546560 0.042398 0.037927 0.020518 0.001298 0.342400 0.008900 2.241874
0.546695 0.042413 0.037907 0.020501 0.001299 0.342270 0.008915 2.246011
0.546990 0.042281 0.037973 0.020501 0.001294 0.342030 0.008932 2.250201
0.547164 0.042216 0.037869 0.020527 0.001301 0.341976 0.008948 2.254334
0.547322 0.042121 0.037867 0.020543 0.001297 0.341885 0.008965 2.258483
0.547581 0.042059 0.037769 0.020531 0.001284 0.341792 0.008985 2.262609
0.547852 0.042133 0.037672 0.020492 0.001286 0.341567 0.008998 2.266637
0.547919 0.042101 0.037615 0.020525 0.001279 0.341546 0.009015 2.270787
0.548165 0.042071 0.037570 0.020455 0.001276 0.341432 0.009030 2.274864
0.548320 0.042075 0.037561 0.020445 0.001276 0.341283 0.009042 2.278935
0.548506 0.041966 0.037493 0.020394 0.001288 0.341298 0.009056 2.283071
0.548678 0.042003 0.037467 0.020371 0.001292 0.341120 0.009071 2.287130
0.548846 0.042009 0.037405 0.020357 0.001286 0.341010 0.009089 2.291212
0.548926 0.041996 0.037402 0.020381 0.001276 0.340914 0.009107 2.295333
0.549213 0.041949 0.037342 0.020323 0.001292 0.340762 0.009118 2.299372
0.549456 0.041835 0.037329 0.020340 0.001302 0.340608 0.009132 2.303522
0.549616 0.041881 0.037322 0.020317 0.001302 0.340415 0.009148 2.307591
0.549772 0.041870 0.037390 0.020307 0.001304 0.340194 0.009164 2.311736
0.550034 0.041773 0.037399 0.020341 0.001302 0.339968 0.009182 2.315862
0.550216 0.041741 0.037380 0.020346 0.001301 0.339816 0.009200 2.319988
0.550232 0.041852 0.037298 0.020316 0.001286 0.339797 0.009220 2.324005
0.550535 0.041745 0.037320 0.020295 0.001287 0.339585 0.009234 2.328127
0.550737 0.041622 0.037352 0.020309 0.001284 0.339443 0.009254 2.332269
0.550943 0.041669 0.037344 0.020263 0.001292 0.339221 0.009268 2.336303
0.551090 0.041605 0.037404 0.020226 0.001288 0.339102 0.009286 2.340420
0.551278 0.041620 0.037401 0.020234 0.001297 0.338869 0.009300 2.344494
0.551432 0.041546 0.037419 0.020185 0.001296 0.338807 0.009315 2.348620
0.551580 0.041579 0.037430 0.020151 0.001292 0.338636 0.009332 2.352656
0.551780 0.041604 0.037403 0.020120 0.001295 0.338452 0.009346 2.356713
0.551960 0.041552 0.037332 0.020108 0.001297 0.338384 0.009367 2.360781
0.552201 0.041489 0.037345 0.020169 0.001296 0.338115 0.009386 2.364884
0.552333 0.041444 0.037397 0.020200 0.001289 0.337935 0.009404 2.369013
0.552529 0.041313 0.037335 0.020218 0.001282 0.337897 0.009425 2.373099
0.552758 0.041271 0.037321 0.020174 0.001281 0.337756 0.009441 2.377145
0.552959 0.041383 0.037192 0.020059 0.001278 0.337673 0.009457 2.381083
0.553128 0.041380 0.037189 0.020065 0.001280 0.337486 0.009472 2.385168
0.553356 0.041369 0.037144 0.020116 0.001278 0.337245 0.009492 2.389239
0.553416 0.041452 0.037072 0.020121 0.001285 0.337150 0.009505 2.393255
0.553586 0.041334 0.037012 0.020143 0.001296 0.337114 0.009515 2.397345
0.553792 0.041372 0.037025 0.020085 0.001295 0.336898 0.009532 2.401360
0.554024 0.041348 0.037010 0.020027 0.001292 0.336753 0.009546 2.405354
0.554284 0.041390 0.036910 0.020054 0.001294 0.336509 0.009560 2.409368
0.554328 0.041492 0.036858 0.020091 0.001279 0.336372 0.009579 2.413397
0.554458 0.041522 0.036857 0.020079 0.001272 0.336213 0.009599 2.417492
0.554545 0.041502 0.036919 0.020041 0.001266 0.336108 0.009620 2.421575
0.554639 0.041491 0.036970 0.020005 0.001268 0.335994 0.009633 2.425641
0.554715 0.041606 0.036927 0.019968 0.001263 0.335872 0.009649 2.429641
0.554815 0.041659 0.036934 0.019982 0.001272 0.335676 0.009663 2.433699
0.554906 0.041708 0.036978 0.019991 0.001262 0.335476 0.009680 2.437815
0.554995 0.041677 0.037031 0.019998 0.001253 0.335353 0.009695 2.441911
0.555094 0.041699 0.037052 0.019947 0.001242 0.335253 0.009714 2.445977
0.555199 0.041674 0.037043 0.020049 0.001253 0.335058 0.009724 2.450080
0.555263 0.041729 0.037014 0.020090 0.001259 0.334908 0.009738 2.454132
0.555351 0.041809 0.037034 0.020110 0.001254 0.334682 0.009760 2.458158
0.555439 0.041757 0.037072 0.020035 0.001247 0.334678 0.009773 2.462236
0.555698 0.041680 0.036981 0.020041 0.001247 0.334568 0.009786 2.466282
0.555814 0.041654 0.036998 0.020061 0.001239 0.334436 0.009799 2.470376
0.555906 0.041607 0.036986 0.020113 0.001226 0.334345 0.009817 2.474509
0.555994 0.041659 0.036951 0.020063 0.001219 0.334279 0.009836 2.478499
0.556072 0.041668 0.036953 0.020037 0.001224 0.334198 0.009848 2.482551
0.556318 0.041547 0.036955 0.020031 0.001226 0.334058 0.009866 2.486675
0.556400 0.041465 0.037024 0.020043 0.001226 0.333961 0.009879 2.490819
0.556485 0.041503 0.037012 0.020076 0.001219 0.333808 0.009896 2.494829
0.556585 0.041519 0.037042 0.020105 0.001224 0.333611 0.009915 2.498917
0.556751 0.041504 0.037072 0.020103 0.001241 0.333400 0.009930 2.502980
0.556879 0.041476 0.037066 0.020091 0.001238 0.333307 0.009943 2.507024
0.556960 0.041448 0.037084 0.020099 0.001249 0.333206 0.009954 2.511128
0.557084 0.041396 0.037112 0.020093 0.001250 0.333097 0.009968 2.515219
0.557253 0.041399 0.037038 0.020104 0.001245 0.332972 0.009989 2.519261
0.557264 0.041420 0.036995 0.020094 0.001245 0.332977 0.010005 2.523334
0.557332 0.041411 0.037088 0.020091 0.001252 0.332803 0.010024 2.527443
0.557490 0.041433 0.037000 0.020085 0.001249 0.332702 0.010040 2.531453
0.557534 0.041397 0.037016 0.020123 0.001248 0.332621 0.010059 2.535543
0.557587 0.041479 0.037021 0.020085 0.001254 0.332503 0.010072 2.539563
0.557776 0.041410 0.036990 0.020049 0.001260 0.332430 0.010086 2.543621
0.557926 0.041470 0.036954 0.020007 0.001263 0.332281 0.010099 2.547616
0.558012 0.041467 0.037042 0.020035 0.001262 0.332066 0.010116 2.551693
0.558073 0.041414 0.037035 0.020019 0.001271 0.332058 0.010130 2.555794
0.558264 0.041348 0.037114 0.020010 0.001272 0.331846 0.010146 2.559909
0.558363 0.041258 0.037148 0.019979 0.001287 0.331809 0.010156 2.563984
0.558532 0.041175 0.037207 0.019957 0.001283 0.331674 0.010172 2.568117
0.558695 0.041237 0.037049 0.019997 0.001290 0.331541 0.010192 2.572083
0.558750 0.041369 0.037058 0.019941 0.001293 0.331383 0.010207 2.576065
0.558856 0.041432 0.037007 0.019957 0.001289 0.331237 0.010221 2.580046
0.558903 0.041334 0.037012 0.019959 0.001285 0.331270 0.010237 2.584224
0.558935 0.041329 0.036992 0.019994 0.001295 0.331203 0.010252 2.588301
0.558845 0.041461 0.037040 0.019942 0.001295 0.331156 0.010261 2.592369
0.558942 0.041517 0.036968 0.019890 0.001297 0.331108 0.010278 2.596403
0.558925 0.041591 0.036928 0.019844 0.001306 0.331116 0.010290 2.600445
0.558916 0.041685 0.036958 0.019833 0.001314 0.330992 0.010302 2.604510
0.558979 0.041597 0.037037 0.019824 0.001309 0.330936 0.010318 2.608547
0.559001 0.041528 0.037138 0.019849 0.001300 0.330844 0.010340 2.612686
0.559054 0.041534 0.037133 0.019857 0.001297 0.330769 0.010357 2.616772
0.559155 0.041540 0.037135 0.019895 0.001301 0.330605 0.010370 2.620869
0.559252 0.041596 0.037109 0.019915 0.001293 0.330452 0.010383 2.624855
0.559250 0.041578 0.037195 0.019905 0.001282 0.330388 0.010401 2.628981
0.559231 0.041641 0.037282 0.019868 0.001282 0.330282 0.010417 2.633051
0.559258 0.041639 0.037331 0.019925 0.001280 0.330138 0.010429 2.637188
0.559379 0.041531 0.037330 0.019965 0.001269 0.330081 0.010446 2.641307
0.559354 0.041528 0.037265 0.020000 0.001266 0.330127 0.010460 2.645369
0.559395 0.041566 0.037212 0.020011 0.001273 0.330072 0.010472 2.649430
0.559315 0.041677 0.037188 0.019976 0.001284 0.330078 0.010481 2.653463
0.559453 0.041654 0.037214 0.019920 0.001282 0.329979 0.010499 2.657509
0.559466 0.041656 0.037181 0.019932 0.001273 0.329975 0.010518 2.661620
0.559510 0.041680 0.037173 0.019924 0.001259 0.329914 0.010540 2.665690
0.559548 0.041671 0.037005 0.019906 0.001279 0.330039 0.010553 2.669755
0.559506 0.041650 0.037010 0.019895 0.001277 0.330094 0.010570 2.673886
0.559494 0.041798 0.036913 0.019892 0.001283 0.330033 0.010586 2.677877
0.559401 0.041782 0.036992 0.019922 0.001280 0.330021 0.010602 2.682045
0.559429 0.041805 0.036871 0.019938 0.001287 0.330058 0.010613 2.686084
0.559467 0.041848 0.036879 0.019909 0.001277 0.329988 0.010633 2.690132
0.559496 0.041858 0.036867 0.019846 0.001266 0.330020 0.010648 2.694173
0.559370 0.042045 0.036829 0.019896 0.001265 0.329932 0.010662 2.698179
0.559472 0.041949 0.036912 0.019940 0.001262 0.329785 0.010680 2.702305
0.559405 0.041973 0.036968 0.019929 0.001265 0.329764 0.010696 2.706445
0.559491 0.041912 0.036996 0.019939 0.001272 0.329678 0.010710 2.710520
0.559478 0.041919 0.036983 0.019950 0.001264 0.329679 0.010726 2.714620
0.559647 0.041843 0.037026 0.019931 0.001252 0.329560 0.010741 2.718707
0.559746 0.041813 0.037032 0.019968 0.001250 0.329432 0.010760 2.722836
0.559841 0.041726 0.037040 0.019943 0.001248 0.329427 0.010775 2.726925
0.559902 0.041707 0.037092 0.019905 0.001252 0.329353 0.010791 2.731014
0.559885 0.041667 0.037175 0.019919 0.001249 0.329293 0.010812 2.735141
0.559971 0.041673 0.037119 0.019912 0.001250 0.329250 0.010825 2.739198
0.560133 0.041627 0.037015 0.019985 0.001254 0.329152 0.010837 2.743239
0.560148 0.041623 0.037020 0.019991 0.001249 0.329110 0.010857 2.747299
0.560320 0.041528 0.037010 0.019998 0.001241 0.329033 0.010870 2.751390
0.560302 0.041437 0.037095 0.020013 0.001234 0.329035 0.010885 2.755556
0.560395 0.041406 0.037096 0.020045 0.001227 0.328929 0.010902 2.759625
0.560404 0.041374 0.037130 0.020005 0.001241 0.328933 0.010913 2.763686
0.560550 0.041274 0.037165 0.019976 0.001239 0.328868 0.010928 2.767772
0.560519 0.041189 0.037246 0.019995 0.001233 0.328876 0.010944 2.771937
0.560585 0.041180 0.037245 0.019991 0.001235 0.328805 0.010960 2.776023
0.560568 0.041285 0.037167 0.019884 0.001233 0.328890 0.010973 2.779989
0.560753 0.041254 0.037230 0.019886 0.001233 0.328658 0.010987 2.784065
0.560699 0.041313 0.037180 0.019931 0.001231 0.328645 0.011002 2.788157
0.560585 0.041380 0.037197 0.019928 0.001230 0.328660 0.011020 2.792258
0.560561 0.041394 0.037141 0.019968 0.001226 0.328673 0.011038 2.796318
0.560581 0.041409 0.037132 0.019988 0.001237 0.328603 0.011052 2.800403
0.560527 0.041468 0.037039 0.020007 0.001240 0.328652 0.011067 2.804443
0.560617 0.041467 0.037053 0.019982 0.001230 0.328568 0.011082 2.808528
0.560709 0.041494 0.037039 0.019987 0.001245 0.328431 0.011096 2.812573
0.560667 0.041606 0.037062 0.019978 0.001242 0.328332 0.011113 2.816565
0.560851 0.041467 0.037121 0.019978 0.001260 0.328199 0.011126 2.820682
0.560973 0.041447 0.037111 0.020018 0.001252 0.328057 0.011143 2.824730
0.560945 0.041468 0.037107 0.019990 0.001248 0.328084 0.011157 2.828781
0.560935 0.041493 0.037096 0.019975 0.001236 0.328088 0.011179 2.832806
0.560907 0.041550 0.037072 0.019972 0.001225 0.328080 0.011195 2.836874
0.560890 0.041585 0.037122 0.019999 0.001231 0.327967 0.011206 2.840994
0.560917 0.041580 0.037128 0.020033 0.001242 0.327881 0.011220 2.845076
0.560941 0.041561 0.037151 0.020049 0.001237 0.327826 0.011236 2.849154
0.560943 0.041524 0.037226 0.020013 0.001230 0.327811 0.011253 2.853279
0.560825 0.041569 0.037163 0.020014 0.001239 0.327923 0.011267 2.857363
0.560757 0.041628 0.037131 0.019983 0.001235 0.327986 0.011281 2.861416
0.560789 0.041593 0.037173 0.019984 0.001238 0.327930 0.011293 2.865518
0.560788 0.041664 0.037232 0.019948 0.001238 0.327823 0.011306 2.869575
0.560806 0.041625 0.037262 0.020019 0.001238 0.327731 0.011319 2.873737
0.560781 0.041605 0.037267 0.020079 0.001251 0.327676 0.011342 2.877845
0.560762 0.041607 0.037276 0.020047 0.001250 0.327703 0.011355 2.881952
0.560870 0.041613 0.037262 0.020034 0.001244 0.327608 0.011369 2.885967
0.560800 0.041636 0.037235 0.020098 0.001233 0.327617 0.011381 2.890053
0.560816 0.041662 0.037220 0.020072 0.001228 0.327606 0.011396 2.894100
0.560746 0.041714 0.037110 0.020117 0.001224 0.327674 0.011415 2.898194
0.560762 0.041791 0.037113 0.020131 0.001219 0.327550 0.011434 2.902245
0.560777 0.041784 0.037137 0.020209 0.001223 0.327425 0.011446 2.906364
0.560803 0.041716 0.037179 0.020224 0.001219 0.327398 0.011461 2.910500
0.560788 0.041777 0.037195 0.020184 0.001209 0.327372 0.011476 2.914554
0.560816 0.041749 0.037204 0.020186 0.001197 0.327358 0.011491 2.918645
0.560836 0.041736 0.037188 0.020157 0.001209 0.327369 0.011505 2.922662
0.560898 0.041777 0.037173 0.020207 0.001194 0.327234 0.011518 2.926747
0.560798 0.041832 0.037116 0.020211 0.001199 0.327314 0.011529 2.930815
0.560745 0.041871 0.037105 0.020193 0.001207 0.327334 0.011545 2.934921
0.560742 0.041805 0.037140 0.020263 0.001208 0.327285 0.011559 2.939089
0.560685 0.041775 0.037216 0.020297 0.001208 0.327249 0.011570 2.943236
0.560676 0.041843 0.037188 0.020289 0.001210 0.327208 0.011585 2.947313
0.560803 0.041726 0.037278 0.020272 0.001214 0.327107 0.011600 2.951462
0.560735 0.041796 0.037289 0.020290 0.001228 0.327053 0.011610 2.955525
0.560727 0.041817 0.037229 0.020278 0.001232 0.327092 0.011626 2.959583
0.560680 0.041764 0.037258 0.020302 0.001244 0.327105 0.011646 2.963731
0.560510 0.041901 0.037320 0.020319 0.001240 0.327049 0.011661 2.967816
0.560409 0.041900 0.037299 0.020247 0.001243 0.327227 0.011677 2.971944
0.560322 0.041919 0.037281 0.020266 0.001243 0.327274 0.011693 2.976067
0.560342 0.041871 0.037319 0.020245 0.001244 0.327267 0.011712 2.980193
0.560365 0.041778 0.037294 0.020313 0.001237 0.327285 0.011730 2.984323
0.560310 0.041705 0.037288 0.020374 0.001230 0.327345 0.011748 2.988463
0.560273 0.041689 0.037289 0.020411 0.001222 0.327352 0.011763 2.992571
0.560407 0.041564 0.037268 0.020374 0.001217 0.327392 0.011778 2.996687
0.560377 0.041550 0.037205 0.020363 0.001219 0.327493 0.011793 3.000742
0.560494 0.041407 0.037260 0.020393 0.001216 0.327421 0.011809 3.004866
0.560631 0.041429 0.037231 0.020301 0.001223 0.327358 0.011826 3.008891
0.560576 0.041432 0.037268 0.020280 0.001231 0.327374 0.011838 3.013004
0.560605 0.041395 0.037295 0.020180 0.001243 0.327434 0.011847 3.017083
0.560690 0.041466 0.037144 0.020125 0.001256 0.327465 0.011854 3.021111
0.560788 0.041468 0.037088 0.020115 0.001256 0.327414 0.011873 3.025133
0.560900 0.041351 0.037162 0.020099 0.001254 0.327352 0.011882 3.029242
0.560954 0.041347 0.037147 0.020050 0.001250 0.327354 0.011898 3.033298
0.560914 0.041302 0.037190 0.020078 0.001251 0.327350 0.011916 3.037429
0.561045 0.041275 0.037071 0.020043 0.001246 0.327386 0.011933 3.041432
0.561074 0.041358 0.037035 0.020027 0.001237 0.327317 0.011953 3.045443
0.561083 0.041367 0.036991 0.020003 0.001231 0.327353 0.011973 3.049476
0.561200 0.041244 0.037063 0.020063 0.001231 0.327212 0.011987 3.053672
0.561304 0.041250 0.036999 0.020096 0.001238 0.327110 0.012003 3.057678
0.561262 0.041294 0.037055 0.020048 0.001243 0.327084 0.012014 3.061738
0.561366 0.041175 0.037101 0.020093 0.001234 0.327002 0.012031 3.065867
0.561342 0.041232 0.037142 0.020099 0.001227 0.326909 0.012049 3.069954
0.561334 0.041192 0.037206 0.020088 0.001232 0.326887 0.012062 3.074069
0.561457 0.041115 0.037186 0.020007 0.001239 0.326920 0.012077 3.078110
0.561557 0.041006 0.037158 0.020042 0.001243 0.326902 0.012093 3.082188
0.561630 0.041013 0.037118 0.020042 0.001244 0.326845 0.012107 3.086231
0.561678 0.041103 0.037094 0.019972 0.001253 0.326777 0.012124 3.090220
0.561679 0.041135 0.037007 0.019902 0.001256 0.326880 0.012140 3.094248
0.561761 0.041148 0.036942 0.019962 0.001247 0.326779 0.012161 3.098269
0.561860 0.041085 0.036986 0.019966 0.001243 0.326686 0.012175 3.102366
0.561762 0.041115 0.036946 0.020031 0.001241 0.326716 0.012189 3.106434
0.561802 0.041216 0.036870 0.020025 0.001238 0.326644 0.012204 3.110420
0.561870 0.041167 0.036923 0.019995 0.001251 0.326573 0.012222 3.114507
0.561979 0.041163 0.036885 0.019994 0.001249 0.326494 0.012235 3.118519
0.561971 0.041176 0.036945 0.019961 0.001247 0.326451 0.012249 3.122559
0.562074 0.041137 0.036957 0.019928 0.001245 0.326401 0.012258 3.126645
0.562110 0.041161 0.036986 0.019923 0.001242 0.326304 0.012274 3.130694
0.562049 0.041190 0.036973 0.019915 0.001236 0.326343 0.012293 3.134768
0.562164 0.041251 0.036962 0.019902 0.001249 0.326168 0.012305 3.138720
0.562173 0.041167 0.036984 0.019867 0.001247 0.326243 0.012319 3.142852
0.562206 0.041215 0.036973 0.019871 0.001234 0.326165 0.012338 3.146862
0.562128 0.041284 0.037038 0.019843 0.001219 0.326136 0.012352 3.150915
0.562134 0.041372 0.037003 0.019815 0.001218 0.326086 0.012372 3.154908
0.562118 0.041412 0.037005 0.019825 0.001225 0.326029 0.012385 3.158908
0.562119 0.041480 0.037010 0.019786 0.001231 0.325974 0.012401 3.162975
0.562200 0.041350 0.037009 0.019811 0.001226 0.325992 0.012413 3.167060
0.562226 0.041330 0.036992 0.019866 0.001217 0.325942 0.012428 3.171111
0.562205 0.041369 0.037018 0.019868 0.001222 0.325872 0.012447 3.175164
0.562195 0.041492 0.036963 0.019826 0.001214 0.325850 0.012460 3.179165
0.562241 0.041416 0.037012 0.019804 0.001209 0.325841 0.012477 3.183243
0.562085 0.041473 0.037005 0.019870 0.001216 0.325861 0.012491 3.187343
0.561960 0.041559 0.036966 0.019874 0.001221 0.325914 0.012507 3.191390
0.561987 0.041561 0.037006 0.019846 0.001221 0.325859 0.012522 3.195517
0.561991 0.041380 0.037140 0.019924 0.001220 0.325809 0.012535 3.199715
0.562119 0.041337 0.037142 0.019958 0.001218 0.325674 0.012553 3.203777
0.562057 0.041342 0.037195 0.019938 0.001230 0.325670 0.012567 3.207876
0.562065 0.041384 0.037093 0.019886 0.001239 0.325754 0.012580 3.211912
0.562126 0.041388 0.037117 0.019838 0.001239 0.325696 0.012597 3.215969
0.562120 0.041348 0.037125 0.019888 0.001229 0.325675 0.012616 3.220052
0.562052 0.041330 0.037133 0.019942 0.001218 0.325696 0.012629 3.224137
0.561984 0.041462 0.037050 0.019886 0.001230 0.325749 0.012641 3.228112
0.562014 0.041400 0.037040 0.019863 0.001234 0.325792 0.012657 3.232209
0.562009 0.041496 0.036976 0.019917 0.001236 0.325697 0.012670 3.236239
0.561971 0.041499 0.037077 0.019977 0.001234 0.325558 0.012683 3.240371
0.562093 0.041478 0.037145 0.019964 0.001229 0.325394 0.012699 3.244403
0.561925 0.041464 0.037249 0.020003 0.001237 0.325407 0.012715 3.248564
0.561892 0.041493 0.037173 0.020029 0.001230 0.325453 0.012730 3.252596
0.561906 0.041430 0.037221 0.020077 0.001237 0.325385 0.012744 3.256717
0.561882 0.041383 0.037229 0.020096 0.001240 0.325407 0.012764 3.260830
0.561914 0.041465 0.037100 0.020057 0.001241 0.325443 0.012779 3.264810
0.561799 0.041514 0.037115 0.020045 0.001244 0.325485 0.012798 3.268848
0.561837 0.041382 0.037167 0.020036 0.001259 0.325504 0.012816 3.272991
0.561853 0.041399 0.037161 0.019954 0.001267 0.325533 0.012834 3.276971
0.561856 0.041438 0.037169 0.019884 0.001261 0.325543 0.012848 3.280998
0.561834 0.041381 0.037234 0.019942 0.001255 0.325492 0.012863 3.285110
0.561878 0.041392 0.037306 0.019942 0.001252 0.325349 0.012881 3.289188
0.561897 0.041416 0.037246 0.019938 0.001262 0.325347 0.012894 3.293202
0.561872 0.041462 0.037238 0.019932 0.001260 0.325326 0.012912 3.297256
0.561766 0.041403 0.037270 0.019911 0.001264 0.325454 0.012932 3.301393
0.561711 0.041407 0.037322 0.019880 0.001271 0.325463 0.012946 3.305435
0.561750 0.041383 0.037313 0.019900 0.001261 0.325428 0.012966 3.309477
0.561843 0.041408 0.037328 0.019945 0.001260 0.325236 0.012982 3.313554
0.561827 0.041363 0.037336 0.019980 0.001262 0.325233 0.012998 3.317632
0.561894 0.041315 0.037283 0.020012 0.001269 0.325213 0.013014 3.321724
0.561891 0.041419 0.037239 0.020014 0.001278 0.325137 0.013024 3.325719
0.561865 0.041503 0.037189 0.020001 0.001278 0.325130 0.013036 3.329686
0.561829 0.041432 0.037232 0.020019 0.001286 0.325155 0.013048 3.333808
0.561806 0.041513 0.037171 0.019985 0.001276 0.325185 0.013065 3.337799
0.561794 0.041553 0.037215 0.019953 0.001276 0.325128 0.013081 3.341823
0.561862 0.041573 0.037220 0.019884 0.001275 0.325091 0.013095 3.345852
0.561862 0.041543 0.037138 0.019837 0.001271 0.325243 0.013106 3.349918
0.561861 0.041612 0.037141 0.019813 0.001262 0.325186 0.013126 3.353918
0.561965 0.041463 0.037171 0.019837 0.001257 0.325166 0.013141 3.358002
0.562024 0.041453 0.037160 0.019812 0.001249 0.325145 0.013157 3.362057
0.561983 0.041516 0.037097 0.019784 0.001253 0.325196 0.013171 3.366071
0.561835 0.041621 0.037016 0.019809 0.001247 0.325279 0.013192 3.370092
0.561870 0.041606 0.037002 0.019864 0.001241 0.325213 0.013206 3.374166
0.561861 0.041678 0.036947 0.019915 0.001234 0.325147 0.013218 3.378213
0.561969 0.041691 0.036892 0.019899 0.001239 0.325080 0.013230 3.382206
0.561920 0.041609 0.036996 0.019927 0.001242 0.325061 0.013246 3.386361
0.561935 0.041644 0.036943 0.019860 0.001250 0.325111 0.013258 3.390349
0.561815 0.041809 0.036918 0.019870 0.001253 0.325057 0.013278 3.394360
0.561775 0.041785 0.036865 0.019886 0.001251 0.325143 0.013295 3.398455
0.561833 0.041686 0.036895 0.019945 0.001243 0.325082 0.013316 3.402549
0.561837 0.041676 0.036866 0.019939 0.001237 0.325110 0.013336 3.406632
0.561880 0.041695 0.036854 0.019902 0.001239 0.325080 0.013350 3.410702
0.561892 0.041659 0.036886 0.019871 0.001243 0.325085 0.013364 3.414768
0.561941 0.041615 0.036944 0.019858 0.001246 0.325016 0.013379 3.418888
0.561993 0.041598 0.036982 0.019877 0.001250 0.324914 0.013387 3.422937
0.561969 0.041677 0.037008 0.019874 0.001235 0.324833 0.013404 3.426961
0.561904 0.041729 0.037093 0.019844 0.001227 0.324780 0.013423 3.431055
0.561821 0.041742 0.037042 0.019914 0.001225 0.324814 0.013441 3.435146
0.561709 0.041759 0.037032 0.019926 0.001227 0.324888 0.013459 3.439247
0.561744 0.041730 0.037044 0.019912 0.001233 0.324867 0.013471 3.443321
0.561757 0.041638 0.037124 0.019953 0.001233 0.324811 0.013485 3.447476
0.561861 0.041557 0.037112 0.019916 0.001245 0.324812 0.013497 3.451542
0.561938 0.041523 0.037032 0.019928 0.001241 0.324825 0.013512 3.455594
0.561892 0.041588 0.037039 0.019907 0.001249 0.324799 0.013525 3.459671
0.561941 0.041615 0.037040 0.019920 0.001257 0.324692 0.013536 3.463696
0.561813 0.041758 0.037117 0.019860 0.001270 0.324633 0.013549 3.467733
0.561863 0.041693 0.037158 0.019901 0.001270 0.324553 0.013562 3.471821
0.561787 0.041708 0.037222 0.019925 0.001258 0.324523 0.013577 3.475975
0.561817 0.041648 0.037272 0.019936 0.001254 0.324482 0.013590 3.480077
0.561794 0.041632 0.037242 0.019950 0.001250 0.324523 0.013610 3.484144
0.561767 0.041637 0.037247 0.020017 0.001240 0.324458 0.013632 3.488239
0.561742 0.041603 0.037239 0.020031 0.001240 0.324498 0.013647 3.492344
0.561776 0.041490 0.037282 0.020025 0.001246 0.324519 0.013662 3.496472
0.561814 0.041569 0.037265 0.019994 0.001246 0.324432 0.013680 3.500468
0.561784 0.041565 0.037299 0.019964 0.001254 0.324442 0.013691 3.504524
0.561793 0.041542 0.037348 0.019936 0.001256 0.324418 0.013707 3.508588
0.561700 0.041651 0.037374 0.019947 0.001248 0.324356 0.013724 3.512613
0.561666 0.041710 0.037357 0.019860 0.001245 0.324419 0.013742 3.516647
0.561701 0.041624 0.037357 0.019805 0.001235 0.324517 0.013763 3.520751
0.561637 0.041673 0.037351 0.019766 0.001232 0.324563 0.013776 3.524791
0.561731 0.041548 0.037369 0.019768 0.001230 0.324562 0.013792 3.528917
0.561731 0.041604 0.037366 0.019757 0.001247 0.324489 0.013806 3.533004
0.561721 0.041530 0.037329 0.019838 0.001250 0.324512 0.013820 3.537131
0.561665 0.041517 0.037370 0.019792 0.001251 0.324569 0.013836 3.541200
0.561643 0.041567 0.037361 0.019790 0.001249 0.324539 0.013851 3.545196
0.561679 0.041523 0.037295 0.019786 0.001255 0.324593 0.013869 3.549241
0.561780 0.041476 0.037316 0.019846 0.001253 0.324445 0.013883 3.553305
0.561791 0.041546 0.037322 0.019901 0.001257 0.324288 0.013895 3.557310
0.561776 0.041531 0.037353 0.019821 0.001264 0.324341 0.013914 3.561385
0.561637 0.041552 0.037424 0.019842 0.001267 0.324349 0.013928 3.565541
0.561714 0.041482 0.037382 0.019896 0.001254 0.324327 0.013945 3.569672
0.561642 0.041569 0.037403 0.019860 0.001252 0.324316 0.013958 3.573732
0.561542 0.041590 0.037388 0.019896 0.001262 0.324351 0.013970 3.577812
0.561488 0.041521 0.037399 0.019971 0.001265 0.324376 0.013981 3.581927
0.561527 0.041431 0.037417 0.019973 0.001258 0.324394 0.014001 3.586103
0.561556 0.041412 0.037382 0.019960 0.001262 0.324414 0.014015 3.590185
0.561626 0.041353 0.037373 0.019917 0.001260 0.324439 0.014033 3.594227
0.561582 0.041430 0.037354 0.019866 0.001256 0.324465 0.014047 3.598243
0.561414 0.041605 0.037278 0.019872 0.001252 0.324513 0.014066 3.602259
0.561413 0.041661 0.037231 0.019843 0.001247 0.324524 0.014080 3.606266
0.561412 0.041654 0.037198 0.019879 0.001240 0.324527 0.014091 3.610294
0.561451 0.041598 0.037123 0.019935 0.001249 0.324539 0.014106 3.614385
0.561487 0.041550 0.037068 0.019923 0.001250 0.324606 0.014117 3.618466
0.561407 0.041611 0.037089 0.019853 0.001259 0.324647 0.014134 3.622501
0.561471 0.041670 0.037129 0.019827 0.001260 0.324492 0.014151 3.626526
0.561316 0.041758 0.037106 0.019856 0.001241 0.324553 0.014171 3.630603
0.561288 0.041740 0.037180 0.019829 0.001237 0.324540 0.014186 3.634711
0.561359 0.041639 0.037148 0.019896 0.001233 0.324525 0.014200 3.638829
0.561169 0.041801 0.037154 0.019923 0.001231 0.324511 0.014212 3.642863
0.561058 0.041795 0.037152 0.019909 0.001232 0.324628 0.014227 3.646972
0.561069 0.041756 0.037161 0.019911 0.001238 0.324626 0.014240 3.651062
0.561117 0.041665 0.037156 0.019899 0.001237 0.324671 0.014255 3.655153
0.561076 0.041614 0.037177 0.019942 0.001242 0.324682 0.014268 3.659271
0.561118 0.041555 0.037191 0.019935 0.001241 0.324675 0.014285 3.663317
0.561095 0.041571 0.037034 0.019931 0.001254 0.324816 0.014301 3.667305
0.561086 0.041532 0.037018 0.019952 0.001248 0.324846 0.014317 3.671400
0.560993 0.041499 0.037052 0.019946 0.001248 0.324927 0.014334 3.675525
0.560952 0.041545 0.037098 0.019935 0.001254 0.324864 0.014351 3.679613
0.560945 0.041448 0.037125 0.019954 0.001262 0.324907 0.014360 3.683729
0.560960 0.041368 0.037142 0.019989 0.001254 0.324909 0.014379 3.687827
0.561124 0.041245 0.037187 0.020015 0.001260 0.324773 0.014395 3.691933
0.561138 0.041304 0.037134 0.020054 0.001265 0.324697 0.014410 3.695960
0.561104 0.041400 0.037091 0.020037 0.001261 0.324676 0.014431 3.699963
0.561314 0.041309 0.037113 0.019911 0.001276 0.324632 0.014446 3.703992
0.561150 0.041331 0.037094 0.019962 0.001270 0.324731 0.014462 3.708123
0.561061 0.041392 0.037168 0.019974 0.001271 0.324655 0.014479 3.712202
0.561129 0.041307 0.037144 0.019961 0.001272 0.324693 0.014494 3.716319
0.561176 0.041277 0.037133 0.019967 0.001277 0.324662 0.014507 3.720391
0.561076 0.041305 0.037071 0.019991 0.001287 0.324754 0.014516 3.724469
0.561151 0.041207 0.037052 0.019972 0.001282 0.324806 0.014530 3.728512
0.561170 0.041076 0.037006 0.019980 0.001279 0.324948 0.014541 3.732611
0.561215 0.041000 0.037058 0.019919 0.001276 0.324970 0.014562 3.736654
0.561313 0.040965 0.037063 0.019908 0.001269 0.324906 0.014576 3.740706
0.561258 0.041014 0.037060 0.019953 0.001265 0.324857 0.014592 3.744736
0.561352 0.041070 0.036966 0.019842 0.001256 0.324906 0.014607 3.748676
0.561435 0.041107 0.036929 0.019812 0.001252 0.324838 0.014627 3.752667
0.561518 0.041163 0.036879 0.019824 0.001260 0.324718 0.014639 3.756688
0.561576 0.041239 0.036845 0.019841 0.001266 0.324581 0.014652 3.760696
0.561503 0.041245 0.036905 0.019859 0.001272 0.324552 0.014664 3.764788
0.561457 0.041262 0.036903 0.019828 0.001268 0.324604 0.014679 3.768841
0.561419 0.041295 0.036887 0.019866 0.001259 0.324577 0.014698 3.772872
0.561507 0.041338 0.036894 0.019855 0.001258 0.324436 0.014714 3.776888
0.561522 0.041267 0.036988 0.019814 0.001261 0.324417 0.014732 3.781025
0.561449 0.041296 0.037020 0.019749 0.001268 0.324472 0.014747 3.785097
0.561545 0.041268 0.036975 0.019746 0.001272 0.324430 0.014765 3.789094
0.561437 0.041273 0.037019 0.019766 0.001273 0.324449 0.014782 3.793208
0.561454 0.041317 0.036968 0.019741 0.001271 0.324451 0.014798 3.797260
0.561593 0.041293 0.037044 0.019740 0.001268 0.324249 0.014813 3.801259
0.561583 0.041353 0.037046 0.019757 0.001279 0.324156 0.014827 3.805325
0.561570 0.041370 0.037125 0.019697 0.001272 0.324121 0.014846 3.809366
0.561527 0.041444 0.037073 0.019694 0.001272 0.324132 0.014858 3.813394
0.561474 0.041524 0.037025 0.019663 0.001278 0.324165 0.014873 3.817398
0.561441 0.041494 0.037059 0.019707 0.001285 0.324121 0.014892 3.821506
