0.369082 0.061664 0.055145 0.031492 0.001940 0.475007 0.005670 1.549104
0.370961 0.059641 0.055137 0.031316 0.001922 0.475325 0.005697 1.555168
0.373525 0.057343 0.054981 0.031061 0.001936 0.475434 0.005720 1.560930
0.376484 0.054842 0.054592 0.030775 0.001944 0.475621 0.005741 1.566397
0.379646 0.052297 0.054190 0.030384 0.001940 0.475771 0.005773 1.571659
0.383014 0.049823 0.053631 0.029941 0.001941 0.475855 0.005797 1.576715
0.386664 0.047373 0.052935 0.029406 0.001937 0.475861 0.005824 1.581514
0.390472 0.045032 0.052190 0.028869 0.001941 0.475647 0.005848 1.586032
0.394277 0.042849 0.051416 0.028283 0.001951 0.475349 0.005874 1.590358
0.398186 0.040720 0.050455 0.027683 0.001939 0.475120 0.005898 1.594499
0.402137 0.038667 0.049556 0.027116 0.001933 0.474670 0.005921 1.598480
0.406309 0.036772 0.048500 0.026419 0.001930 0.474127 0.005943 1.602166
0.410367 0.035081 0.047357 0.025714 0.001920 0.473594 0.005967 1.605650
0.414534 0.033492 0.046298 0.025030 0.001925 0.472730 0.005991 1.608989
0.418739 0.031977 0.045155 0.024321 0.001908 0.471880 0.006021 1.612193
0.422946 0.030546 0.043986 0.023675 0.001890 0.470911 0.006046 1.615269
0.427253 0.029209 0.042886 0.022977 0.001873 0.469736 0.006067 1.618196
0.431524 0.027875 0.041744 0.022373 0.001837 0.468557 0.006091 1.621112
0.435826 0.026653 0.040652 0.021710 0.001820 0.467220 0.006120 1.623828
0.440099 0.025631 0.039562 0.021035 0.001816 0.465712 0.006146 1.626383
0.444472 0.024711 0.038443 0.020303 0.001793 0.464110 0.006168 1.628783
0.448855 0.023889 0.037342 0.019659 0.001778 0.462285 0.006192 1.631117
0.453102 0.023025 0.036228 0.019034 0.001764 0.460633 0.006215 1.633384
0.457492 0.022188 0.035204 0.018439 0.001728 0.458706 0.006244 1.635600
0.461803 0.021426 0.034203 0.017879 0.001707 0.456716 0.006266 1.637763
0.466043 0.020814 0.033157 0.017291 0.001689 0.454718 0.006288 1.639777
0.470353 0.020157 0.032182 0.016751 0.001662 0.452579 0.006317 1.641786
0.474538 0.019585 0.031185 0.016239 0.001644 0.450473 0.006337 1.643715
0.478785 0.018991 0.030212 0.015739 0.001625 0.448297 0.006353 1.645621
0.483082 0.018452 0.029312 0.015278 0.001593 0.445906 0.006378 1.647468
0.487357 0.018038 0.028355 0.014769 0.001571 0.443515 0.006395 1.649189
0.491558 0.017591 0.027542 0.014283 0.001547 0.441058 0.006420 1.650910
0.495888 0.017081 0.026719 0.013876 0.001524 0.438474 0.006439 1.652658
0.500086 0.016627 0.025970 0.013421 0.001504 0.435934 0.006458 1.654348
0.504253 0.016289 0.025205 0.013046 0.001474 0.433256 0.006477 1.655920
0.508453 0.015950 0.024405 0.012667 0.001438 0.430587 0.006502 1.657473
0.512619 0.015595 0.023667 0.012297 0.001416 0.427890 0.006516 1.658999
0.516713 0.015252 0.023035 0.011950 0.001386 0.425125 0.006539 1.660554
0.520794 0.014966 0.022347 0.011574 0.001360 0.422405 0.006554 1.662022
0.524913 0.014664 0.021737 0.011258 0.001344 0.419515 0.006569 1.663495
0.528992 0.014398 0.021135 0.010963 0.001314 0.416610 0.006587 1.664926
0.532980 0.014121 0.020565 0.010628 0.001293 0.413810 0.006603 1.666336
0.536974 0.013887 0.020044 0.010310 0.001260 0.410902 0.006623 1.667718
0.540890 0.013676 0.019573 0.010039 0.001247 0.407938 0.006638 1.669099
0.544959 0.013380 0.019054 0.009761 0.001215 0.404980 0.006651 1.670421
0.548886 0.013194 0.018568 0.009551 0.001182 0.401947 0.006671 1.671730
0.552738 0.013002 0.018162 0.009315 0.001164 0.398931 0.006689 1.673045
0.556643 0.012878 0.017701 0.009067 0.001137 0.395865 0.006708 1.674295
0.560469 0.012749 0.017249 0.008827 0.001112 0.392872 0.006722 1.675494
0.564293 0.012631 0.016796 0.008650 0.001093 0.389802 0.006735 1.676737
0.568021 0.012444 0.016462 0.008466 0.001061 0.386791 0.006753 1.677994
0.571759 0.012322 0.016075 0.008289 0.001041 0.383750 0.006765 1.679216
0.575437 0.012195 0.015778 0.008070 0.001029 0.380712 0.006779 1.680402
0.579069 0.012131 0.015435 0.007877 0.001016 0.377682 0.006790 1.681558
0.582736 0.011997 0.015142 0.007710 0.000993 0.374620 0.006802 1.682754
0.586368 0.011876 0.014822 0.007608 0.000973 0.371538 0.006816 1.683947
0.589916 0.011801 0.014547 0.007432 0.000957 0.368522 0.006826 1.685085
0.593393 0.011694 0.014299 0.007284 0.000931 0.365558 0.006841 1.686242
0.596798 0.011627 0.014022 0.007143 0.000905 0.362652 0.006853 1.687374
0.600294 0.011534 0.013780 0.007058 0.000886 0.359582 0.006867 1.688505
0.603681 0.011444 0.013600 0.006928 0.000870 0.356595 0.006881 1.689634
0.606983 0.011336 0.013417 0.006805 0.000853 0.353712 0.006894 1.690758
0.610428 0.011280 0.013218 0.006630 0.000841 0.350699 0.006904 1.691843
0.613876 0.011192 0.012985 0.006565 0.000825 0.347638 0.006918 1.692960
0.617127 0.011163 0.012777 0.006454 0.000812 0.344738 0.006929 1.694032
0.620319 0.011097 0.012648 0.006371 0.000795 0.341824 0.006946 1.695155
0.623502 0.011053 0.012529 0.006265 0.000789 0.338908 0.006955 1.696275
0.626728 0.010968 0.012388 0.006190 0.000774 0.335985 0.006966 1.697377
0.629865 0.010925 0.012212 0.006121 0.000751 0.333151 0.006975 1.698436
0.632881 0.010927 0.012045 0.006051 0.000732 0.330380 0.006985 1.699477
0.635921 0.010935 0.011861 0.005990 0.000724 0.327573 0.006997 1.700535
0.638972 0.010920 0.011743 0.005903 0.000711 0.324745 0.007007 1.701603
0.641972 0.010865 0.011633 0.005853 0.000699 0.321960 0.007017 1.702689
0.644947 0.010889 0.011431 0.005768 0.000683 0.319254 0.007028 1.703725
0.647841 0.010875 0.011307 0.005706 0.000662 0.316571 0.007038 1.704783
0.650686 0.010853 0.011211 0.005663 0.000651 0.313891 0.007045 1.705859
0.653609 0.010769 0.011133 0.005622 0.000637 0.311175 0.007055 1.706952
0.656478 0.010744 0.011022 0.005599 0.000626 0.308472 0.007060 1.708017
0.659175 0.010788 0.010924 0.005533 0.000613 0.305898 0.007070 1.709045
0.661948 0.010822 0.010837 0.005498 0.000609 0.303207 0.007078 1.710092
0.664663 0.010801 0.010818 0.005456 0.000598 0.300576 0.007086 1.711162
0.667400 0.010795 0.010728 0.005438 0.000584 0.297958 0.007098 1.712237
0.669989 0.010800 0.010715 0.005412 0.000573 0.295406 0.007106 1.713313
0.672639 0.010793 0.010663 0.005363 0.000568 0.292861 0.007115 1.714359
0.675273 0.010771 0.010581 0.005360 0.000558 0.290333 0.007125 1.715406
0.677787 0.010783 0.010507 0.005306 0.000548 0.287933 0.007136 1.716445
0.680303 0.010828 0.010456 0.005277 0.000544 0.285449 0.007144 1.717475
0.682816 0.010818 0.010370 0.005261 0.000540 0.283050 0.007147 1.718542
0.685390 0.010802 0.010347 0.005240 0.000535 0.280536 0.007150 1.719594
0.687819 0.010880 0.010304 0.005199 0.000528 0.278114 0.007156 1.720630
0.690227 0.010923 0.010265 0.005140 0.000513 0.275765 0.007167 1.721658
0.692582 0.010910 0.010289 0.005140 0.000508 0.273397 0.007174 1.722757
0.694860 0.010981 0.010263 0.005151 0.000495 0.271072 0.007179 1.723841
0.697144 0.010980 0.010239 0.005156 0.000483 0.268813 0.007184 1.724911
0.699425 0.011042 0.010222 0.005151 0.000476 0.266496 0.007188 1.725966
0.701654 0.011080 0.010203 0.005158 0.000467 0.264243 0.007196 1.727029
0.703777 0.011118 0.010168 0.005178 0.000455 0.262100 0.007204 1.728125
0.705900 0.011130 0.010184 0.005173 0.000447 0.259955 0.007212 1.729232
0.708026 0.011202 0.010145 0.005185 0.000444 0.257782 0.007218 1.730284
0.710084 0.011212 0.010135 0.005194 0.000440 0.255715 0.007221 1.731376
0.712082 0.011315 0.010115 0.005166 0.000438 0.253659 0.007226 1.732437
0.714045 0.011431 0.010079 0.005185 0.000422 0.251603 0.007235 1.733502
0.715983 0.011503 0.010104 0.005177 0.000422 0.249573 0.007239 1.734624
0.717788 0.011607 0.010101 0.005189 0.000417 0.247657 0.007242 1.735730
0.719718 0.011618 0.010158 0.005219 0.000415 0.245626 0.007247 1.736877
0.721572 0.011687 0.010184 0.005234 0.000410 0.243662 0.007252 1.738021
0.723364 0.011767 0.010227 0.005261 0.000410 0.241715 0.007256 1.739166
0.725113 0.011840 0.010278 0.005329 0.000401 0.239777 0.007262 1.740357
0.726875 0.011904 0.010313 0.005313 0.000401 0.237931 0.007264 1.741488
0.728620 0.011971 0.010347 0.005305 0.000402 0.236086 0.007269 1.742646
0.730260 0.012093 0.010339 0.005300 0.000400 0.234337 0.007272 1.743793
0.731948 0.012158 0.010416 0.005348 0.000394 0.232461 0.007275 1.744974
0.733572 0.012174 0.010481 0.005366 0.000392 0.230738 0.007279 1.746209
0.735108 0.012310 0.010532 0.005378 0.000387 0.229001 0.007283 1.747406
0.736731 0.012381 0.010557 0.005416 0.000385 0.227244 0.007286 1.748597
0.738243 0.012443 0.010567 0.005448 0.000388 0.225623 0.007288 1.749814
0.739662 0.012580 0.010600 0.005490 0.000379 0.223995 0.007294 1.751043
0.741098 0.012702 0.010656 0.005510 0.000379 0.222356 0.007299 1.752278
0.742615 0.012713 0.010703 0.005518 0.000371 0.220774 0.007306 1.753512
0.744035 0.012774 0.010737 0.005571 0.000374 0.219199 0.007310 1.754787
0.745433 0.012908 0.010752 0.005581 0.000370 0.217640 0.007315 1.755999
0.746787 0.012987 0.010880 0.005614 0.000367 0.216041 0.007323 1.757305
0.748064 0.013175 0.010943 0.005614 0.000367 0.214511 0.007327 1.758554
0.749332 0.013298 0.011024 0.005647 0.000365 0.213002 0.007332 1.759867
0.750537 0.013400 0.011152 0.005699 0.000363 0.211512 0.007337 1.761183
0.751764 0.013463 0.011224 0.005746 0.000359 0.210103 0.007341 1.762523
0.752910 0.013580 0.011315 0.005791 0.000360 0.208698 0.007345 1.763863
0.753985 0.013702 0.011409 0.005837 0.000360 0.207359 0.007349 1.765217
0.755082 0.013826 0.011484 0.005862 0.000358 0.206034 0.007354 1.766552
0.756202 0.013955 0.011588 0.005887 0.000355 0.204655 0.007357 1.767909
0.757308 0.014055 0.011672 0.005927 0.000353 0.203324 0.007361 1.769278
0.758398 0.014159 0.011768 0.005967 0.000352 0.201989 0.007368 1.770633
0.759432 0.014309 0.011816 0.005983 0.000351 0.200738 0.007371 1.771993
0.760369 0.014451 0.011904 0.006037 0.000351 0.199516 0.007373 1.773418
0.761347 0.014622 0.011978 0.006095 0.000359 0.198223 0.007376 1.774800
0.762187 0.014835 0.012025 0.006131 0.000354 0.197086 0.007382 1.776177
0.763123 0.014960 0.012150 0.006123 0.000350 0.195909 0.007386 1.777621
0.763949 0.015097 0.012215 0.006200 0.000350 0.194797 0.007392 1.779110
0.764787 0.015304 0.012286 0.006257 0.000349 0.193620 0.007397 1.780554
0.765551 0.015456 0.012370 0.006312 0.000345 0.192561 0.007403 1.782037
0.766292 0.015516 0.012516 0.006378 0.000347 0.191542 0.007409 1.783580
0.767025 0.015625 0.012624 0.006422 0.000359 0.190535 0.007411 1.785139
0.767680 0.015830 0.012744 0.006428 0.000360 0.189542 0.007415 1.786639
0.768416 0.015923 0.012872 0.006486 0.000367 0.188517 0.007420 1.788215
0.769068 0.016036 0.012991 0.006553 0.000367 0.187559 0.007426 1.789797
0.769669 0.016167 0.013074 0.006629 0.000360 0.186670 0.007432 1.791371
0.770251 0.016309 0.013191 0.006695 0.000361 0.185755 0.007439 1.792949
0.770758 0.016460 0.013314 0.006761 0.000360 0.184903 0.007444 1.794559
0.771296 0.016572 0.013422 0.006852 0.000361 0.184049 0.007449 1.796178
0.771842 0.016724 0.013526 0.006870 0.000365 0.183216 0.007455 1.797781
0.772346 0.016869 0.013655 0.006877 0.000368 0.182424 0.007460 1.799400
0.772794 0.017053 0.013766 0.006946 0.000366 0.181613 0.007463 1.801040
0.773240 0.017183 0.013891 0.007009 0.000366 0.180844 0.007468 1.802726
0.773683 0.017319 0.014068 0.007063 0.000372 0.180023 0.007470 1.804436
0.774077 0.017433 0.014174 0.007117 0.000375 0.179351 0.007475 1.806143
0.774500 0.017525 0.014323 0.007169 0.000376 0.178626 0.007480 1.807867
0.774883 0.017632 0.014411 0.007229 0.000381 0.177980 0.007483 1.809564
0.775293 0.017686 0.014507 0.007330 0.000378 0.177317 0.007490 1.811315
0.775562 0.017857 0.014625 0.007393 0.000381 0.176687 0.007496 1.813061
0.775958 0.017971 0.014736 0.007444 0.000390 0.176003 0.007498 1.814823
0.776207 0.018095 0.014894 0.007496 0.000388 0.175417 0.007503 1.816633
0.776523 0.018206 0.014996 0.007557 0.000395 0.174819 0.007506 1.818413
0.776760 0.018326 0.015140 0.007617 0.000398 0.174249 0.007510 1.820218
0.776991 0.018459 0.015260 0.007670 0.000398 0.173707 0.007516 1.822013
0.777254 0.018581 0.015425 0.007744 0.000402 0.173075 0.007520 1.823843
0.777519 0.018699 0.015522 0.007798 0.000407 0.172531 0.007524 1.825655
0.777667 0.018828 0.015628 0.007876 0.000408 0.172066 0.007527 1.827543
0.777854 0.018982 0.015712 0.007946 0.000407 0.171564 0.007534 1.829371
0.778032 0.019106 0.015777 0.008008 0.000407 0.171132 0.007538 1.831207
0.778167 0.019244 0.015896 0.008036 0.000413 0.170700 0.007543 1.833093
0.778294 0.019402 0.016014 0.008084 0.000417 0.170239 0.007548 1.834957
0.778372 0.019534 0.016141 0.008126 0.000423 0.169852 0.007553 1.836872
0.778501 0.019609 0.016277 0.008212 0.000426 0.169419 0.007557 1.838793
0.778556 0.019749 0.016356 0.008319 0.000428 0.169032 0.007560 1.840727
0.778573 0.019822 0.016510 0.008374 0.000433 0.168724 0.007564 1.842712
0.778498 0.019963 0.016638 0.008441 0.000440 0.168451 0.007569 1.844693
0.778534 0.020058 0.016711 0.008465 0.000436 0.168218 0.007577 1.846640
0.778482 0.020216 0.016801 0.008495 0.000433 0.167991 0.007584 1.848587
0.778427 0.020315 0.016898 0.008553 0.000434 0.167784 0.007588 1.850554
0.778401 0.020408 0.017029 0.008646 0.000431 0.167493 0.007592 1.852580
0.778349 0.020547 0.017143 0.008735 0.000435 0.167193 0.007598 1.854582
0.778275 0.020678 0.017228 0.008793 0.000443 0.166979 0.007605 1.856595
0.778216 0.020805 0.017302 0.008846 0.000450 0.166771 0.007610 1.858618
0.778220 0.020894 0.017382 0.008928 0.000445 0.166513 0.007618 1.860639
0.778167 0.021002 0.017491 0.009014 0.000443 0.166261 0.007621 1.862712
0.778177 0.021057 0.017593 0.009026 0.000448 0.166072 0.007626 1.864757
0.778035 0.021147 0.017694 0.009083 0.000449 0.165960 0.007633 1.866844
0.777955 0.021190 0.017785 0.009131 0.000446 0.165853 0.007640 1.868935
0.777863 0.021293 0.017877 0.009142 0.000447 0.165731 0.007647 1.870991
0.777761 0.021303 0.017994 0.009213 0.000447 0.165629 0.007653 1.873107
0.777705 0.021340 0.018092 0.009251 0.000448 0.165505 0.007660 1.875203
0.777622 0.021374 0.018185 0.009296 0.000447 0.165409 0.007667 1.877298
0.777483 0.021469 0.018224 0.009319 0.000457 0.165377 0.007671 1.879359
0.777448 0.021525 0.018365 0.009386 0.000464 0.165135 0.007678 1.881449
0.777311 0.021566 0.018514 0.009388 0.000465 0.165072 0.007685 1.883615
0.777209 0.021650 0.018529 0.009413 0.000466 0.165042 0.007692 1.885717
0.777111 0.021703 0.018563 0.009441 0.000473 0.165011 0.007698 1.887819
0.776903 0.021827 0.018666 0.009426 0.000478 0.164998 0.007702 1.889929
0.776755 0.021894 0.018732 0.009437 0.000480 0.164996 0.007707 1.892018
0.776644 0.021953 0.018821 0.009463 0.000483 0.164924 0.007712 1.894136
0.776472 0.021979 0.018906 0.009444 0.000491 0.164992 0.007717 1.896260
0.776336 0.022009 0.019036 0.009486 0.000487 0.164925 0.007723 1.898421
0.776184 0.022088 0.019104 0.009561 0.000492 0.164845 0.007725 1.900560
0.776104 0.022124 0.019163 0.009568 0.000501 0.164810 0.007731 1.902692
0.775954 0.022201 0.019246 0.009614 0.000516 0.164734 0.007734 1.904846
0.775729 0.022233 0.019334 0.009677 0.000516 0.164767 0.007745 1.907059
0.775584 0.022298 0.019406 0.009712 0.000517 0.164735 0.007750 1.909241
0.775506 0.022248 0.019446 0.009767 0.000529 0.164749 0.007755 1.911441
0.775304 0.022214 0.019566 0.009851 0.000529 0.164779 0.007757 1.913672
0.775224 0.022179 0.019649 0.009852 0.000529 0.164803 0.007763 1.915834
0.775115 0.022129 0.019770 0.009881 0.000529 0.164807 0.007769 1.918060
0.774931 0.022171 0.019845 0.009881 0.000527 0.164869 0.007777 1.920238
0.774796 0.022191 0.019859 0.009909 0.000531 0.164932 0.007782 1.922414
0.774594 0.022244 0.019873 0.009953 0.000523 0.165023 0.007791 1.924584
0.774475 0.022290 0.019864 0.009980 0.000521 0.165073 0.007797 1.926714
0.774272 0.022319 0.019895 0.010034 0.000520 0.165155 0.007805 1.928946
0.774099 0.022329 0.019960 0.010059 0.000527 0.165218 0.007809 1.931174
0.773918 0.022463 0.019937 0.010005 0.000532 0.165331 0.007814 1.933286
0.773726 0.022541 0.019942 0.010000 0.000527 0.165443 0.007822 1.935471
0.773593 0.022524 0.020032 0.010009 0.000530 0.165483 0.007830 1.937688
0.773517 0.022529 0.020071 0.010053 0.000532 0.165461 0.007838 1.939864
0.773370 0.022550 0.020067 0.010068 0.000536 0.165564 0.007845 1.942070
0.773193 0.022492 0.020195 0.010099 0.000539 0.165628 0.007854 1.944354
0.773026 0.022423 0.020269 0.010114 0.000547 0.165762 0.007859 1.946633
0.773005 0.022387 0.020298 0.010125 0.000545 0.165770 0.007869 1.948818
0.772843 0.022389 0.020329 0.010117 0.000547 0.165897 0.007877 1.951005
0.772684 0.022396 0.020287 0.010150 0.000555 0.166048 0.007883 1.953163
0.772609 0.022385 0.020302 0.010120 0.000565 0.166132 0.007887 1.955331
0.772524 0.022294 0.020285 0.010158 0.000573 0.166273 0.007892 1.957581
0.772467 0.022239 0.020347 0.010187 0.000575 0.166286 0.007900 1.959806
0.772455 0.022147 0.020371 0.010170 0.000582 0.166367 0.007908 1.962001
0.772362 0.022160 0.020282 0.010165 0.000583 0.166537 0.007912 1.964141
0.772296 0.022096 0.020348 0.010163 0.000584 0.166597 0.007917 1.966335
0.772251 0.022086 0.020277 0.010131 0.000583 0.166746 0.007925 1.968483
0.772243 0.022038 0.020271 0.010095 0.000583 0.166838 0.007932 1.970633
0.772191 0.022019 0.020235 0.010080 0.000580 0.166955 0.007939 1.972791
0.772188 0.022019 0.020184 0.010082 0.000581 0.167001 0.007945 1.974913
0.772164 0.022076 0.020089 0.010091 0.000582 0.167047 0.007951 1.976996
0.772114 0.022077 0.020100 0.010126 0.000586 0.167040 0.007958 1.979147
0.772132 0.021955 0.020115 0.010132 0.000596 0.167108 0.007963 1.981350
0.772232 0.021795 0.020099 0.010123 0.000600 0.167184 0.007966 1.983503
0.772299 0.021717 0.020019 0.010095 0.000598 0.167296 0.007976 1.985595
0.772339 0.021664 0.020045 0.010062 0.000599 0.167308 0.007983 1.987691
0.772393 0.021664 0.019970 0.010028 0.000606 0.167350 0.007989 1.989762
0.772448 0.021576 0.019981 0.010063 0.000608 0.167327 0.007998 1.991940
0.772446 0.021580 0.019890 0.010018 0.000609 0.167451 0.008006 1.993990
0.772547 0.021559 0.019916 0.009997 0.000609 0.167358 0.008014 1.996060
0.772448 0.021553 0.019952 0.009993 0.000609 0.167423 0.008022 1.998191
0.772451 0.021560 0.019921 0.009986 0.000611 0.167443 0.008029 2.000253
0.772500 0.021418 0.019929 0.009976 0.000601 0.167534 0.008042 2.002410
0.772564 0.021364 0.019903 0.009909 0.000605 0.167609 0.008048 2.004509
0.772696 0.021262 0.019832 0.009875 0.000611 0.167668 0.008056 2.006578
0.772754 0.021248 0.019811 0.009847 0.000610 0.167667 0.008063 2.008630
0.772891 0.021161 0.019750 0.009856 0.000622 0.167651 0.008070 2.010742
0.773038 0.021079 0.019711 0.009781 0.000630 0.167687 0.008075 2.012809
0.773179 0.021048 0.019617 0.009744 0.000631 0.167697 0.008085 2.014824
0.773210 0.021006 0.019568 0.009735 0.000640 0.167750 0.008091 2.016889
0.773272 0.020986 0.019557 0.009729 0.000646 0.167713 0.008098 2.018913
0.773417 0.020916 0.019562 0.009743 0.000639 0.167617 0.008108 2.021000
0.773413 0.020897 0.019551 0.009736 0.000639 0.167647 0.008117 2.023062
0.773433 0.020948 0.019502 0.009679 0.000639 0.167674 0.008125 2.025087
0.773471 0.020946 0.019498 0.009687 0.000637 0.167630 0.008131 2.027137
0.773557 0.020897 0.019438 0.009676 0.000632 0.167660 0.008141 2.029174
0.773643 0.020746 0.019471 0.009701 0.000632 0.167660 0.008149 2.031300
0.773795 0.020678 0.019438 0.009690 0.000633 0.167611 0.008156 2.033326
0.773923 0.020687 0.019309 0.009650 0.000631 0.167637 0.008164 2.035313
0.774073 0.020612 0.019268 0.009620 0.000623 0.167634 0.008171 2.037363
0.774216 0.020537 0.019278 0.009642 0.000615 0.167534 0.008179 2.039417
0.774318 0.020463 0.019278 0.009601 0.000610 0.167543 0.008188 2.041474
0.774388 0.020463 0.019200 0.009613 0.000610 0.167531 0.008195 2.043488
0.774609 0.020346 0.019197 0.009618 0.000606 0.167419 0.008205 2.045555
0.774711 0.020302 0.019190 0.009607 0.000614 0.167366 0.008211 2.047563
0.774885 0.020275 0.019111 0.009620 0.000619 0.167275 0.008216 2.049525
0.774969 0.020213 0.019088 0.009670 0.000615 0.167216 0.008229 2.051556
0.775069 0.020214 0.019025 0.009618 0.000611 0.167230 0.008234 2.053522
0.775232 0.020166 0.018983 0.009575 0.000604 0.167198 0.008241 2.055499
0.775462 0.020095 0.018888 0.009550 0.000602 0.167153 0.008251 2.057426
0.775653 0.020050 0.018872 0.009532 0.000598 0.167039 0.008258 2.059399
0.775845 0.019958 0.018830 0.009523 0.000593 0.166985 0.008267 2.061396
0.776021 0.019909 0.018795 0.009514 0.000591 0.166896 0.008275 2.063339
0.776155 0.019936 0.018801 0.009519 0.000589 0.166718 0.008282 2.065260
0.776401 0.019888 0.018725 0.009503 0.000598 0.166597 0.008288 2.067185
0.776556 0.019814 0.018709 0.009481 0.000598 0.166544 0.008298 2.069158
0.776763 0.019732 0.018671 0.009474 0.000588 0.166466 0.008307 2.071122
0.776995 0.019656 0.018612 0.009473 0.000588 0.166361 0.008314 2.073054
0.777145 0.019613 0.018621 0.009456 0.000587 0.166257 0.008321 2.075035
0.777256 0.019590 0.018576 0.009417 0.000587 0.166247 0.008329 2.076982
0.777420 0.019588 0.018523 0.009388 0.000577 0.166166 0.008338 2.078889
0.777528 0.019582 0.018462 0.009376 0.000574 0.166135 0.008343 2.080808
0.777747 0.019527 0.018403 0.009385 0.000576 0.166015 0.008348 2.082738
0.777932 0.019553 0.018419 0.009326 0.000569 0.165847 0.008356 2.084640
0.778056 0.019550 0.018351 0.009290 0.000566 0.165819 0.008367 2.086557
0.778194 0.019599 0.018307 0.009243 0.000566 0.165721 0.008371 2.088395
0.778362 0.019595 0.018271 0.009203 0.000566 0.165626 0.008378 2.090283
0.778471 0.019577 0.018279 0.009166 0.000572 0.165550 0.008384 2.092211
0.778698 0.019601 0.018198 0.009167 0.000570 0.165376 0.008391 2.094072
0.778858 0.019553 0.018176 0.009173 0.000564 0.165277 0.008399 2.096022
0.779023 0.019543 0.018187 0.009142 0.000561 0.165135 0.008408 2.097957
0.779173 0.019533 0.018163 0.009146 0.000558 0.165011 0.008416 2.099880
0.779360 0.019449 0.018178 0.009139 0.000564 0.164890 0.008421 2.101798
0.779562 0.019442 0.018120 0.009113 0.000565 0.164771 0.008428 2.103681
0.779737 0.019393 0.018060 0.009102 0.000571 0.164701 0.008437 2.105582
0.779950 0.019357 0.018059 0.009075 0.000565 0.164546 0.008449 2.107472
0.780206 0.019283 0.018052 0.009022 0.000564 0.164414 0.008459 2.109371
0.780419 0.019266 0.018032 0.009021 0.000561 0.164238 0.008465 2.111281
0.780603 0.019265 0.017978 0.008965 0.000564 0.164156 0.008471 2.113157
0.780832 0.019199 0.017961 0.008947 0.000567 0.164017 0.008479 2.115066
0.780981 0.019199 0.017928 0.008904 0.000561 0.163938 0.008490 2.116912
0.781197 0.019161 0.017931 0.008861 0.000563 0.163790 0.008497 2.118796
0.781413 0.019176 0.017910 0.008834 0.000559 0.163600 0.008508 2.120639
0.781563 0.019218 0.017870 0.008807 0.000553 0.163475 0.008515 2.122495
0.781727 0.019283 0.017841 0.008814 0.000553 0.163260 0.008524 2.124346
0.781878 0.019286 0.017860 0.008795 0.000561 0.163091 0.008528 2.126236
0.782002 0.019363 0.017786 0.008764 0.000566 0.162985 0.008534 2.128080
0.782131 0.019362 0.017772 0.008764 0.000562 0.162868 0.008542 2.129972
0.782269 0.019290 0.017744 0.008791 0.000561 0.162798 0.008549 2.131893
0.782461 0.019252 0.017731 0.008765 0.000561 0.162673 0.008558 2.133756
0.782601 0.019226 0.017726 0.008793 0.000566 0.162528 0.008562 2.135665
0.782787 0.019276 0.017679 0.008768 0.000569 0.162354 0.008568 2.137485
0.783044 0.019252 0.017751 0.008763 0.000564 0.162050 0.008575 2.139384
0.783289 0.019194 0.017737 0.008785 0.000566 0.161849 0.008580 2.141279
0.783448 0.019142 0.017771 0.008794 0.000567 0.161689 0.008587 2.143206
0.783644 0.019168 0.017694 0.008790 0.000563 0.161550 0.008592 2.145030
0.783841 0.019115 0.017708 0.008842 0.000562 0.161334 0.008598 2.146923
0.783914 0.019102 0.017735 0.008825 0.000564 0.161257 0.008603 2.148818
0.784029 0.019079 0.017726 0.008787 0.000567 0.161200 0.008612 2.150688
0.784176 0.019010 0.017817 0.008756 0.000562 0.161062 0.008617 2.152594
0.784351 0.019025 0.017763 0.008771 0.000569 0.160898 0.008624 2.154449
0.784519 0.018986 0.017766 0.008745 0.000566 0.160785 0.008633 2.156350
0.784701 0.018986 0.017768 0.008677 0.000571 0.160658 0.008638 2.158195
0.784798 0.019001 0.017751 0.008698 0.000575 0.160534 0.008642 2.160064
0.784917 0.019099 0.017713 0.008699 0.000580 0.160343 0.008649 2.161883
0.785070 0.019059 0.017706 0.008713 0.000579 0.160219 0.008655 2.163778
0.785281 0.018996 0.017667 0.008734 0.000576 0.160085 0.008662 2.165661
0.785374 0.019008 0.017652 0.008760 0.000583 0.159956 0.008669 2.167555
0.785563 0.018956 0.017601 0.008755 0.000578 0.159871 0.008677 2.169428
0.785656 0.018946 0.017573 0.008701 0.000578 0.159865 0.008683 2.171268
0.785775 0.018945 0.017554 0.008684 0.000574 0.159780 0.008689 2.173129
0.785917 0.018943 0.017563 0.008697 0.000578 0.159598 0.008702 2.174988
0.786003 0.019008 0.017529 0.008681 0.000573 0.159497 0.008709 2.176828
0.786117 0.018989 0.017535 0.008696 0.000572 0.159374 0.008717 2.178721
0.786193 0.019053 0.017550 0.008684 0.000576 0.159225 0.008721 2.180560
0.786324 0.019082 0.017540 0.008690 0.000569 0.159068 0.008728 2.182396
0.786438 0.018979 0.017565 0.008733 0.000566 0.158987 0.008733 2.184344
0.786528 0.018988 0.017537 0.008758 0.000564 0.158885 0.008742 2.186212
0.786564 0.019034 0.017610 0.008744 0.000558 0.158745 0.008748 2.188098
0.786749 0.018998 0.017606 0.008731 0.000559 0.158607 0.008752 2.189946
0.786879 0.018965 0.017568 0.008753 0.000564 0.158514 0.008757 2.191817
0.786982 0.019046 0.017507 0.008709 0.000563 0.158432 0.008762 2.193633
0.787120 0.019031 0.017512 0.008705 0.000560 0.158304 0.008769 2.195527
0.787266 0.019015 0.017565 0.008688 0.000554 0.158137 0.008776 2.197436
0.787321 0.019040 0.017519 0.008706 0.000548 0.158084 0.008782 2.199285
0.787431 0.019102 0.017482 0.008718 0.000551 0.157932 0.008785 2.201098
0.787332 0.019206 0.017449 0.008740 0.000551 0.157932 0.008791 2.202983
0.787371 0.019216 0.017429 0.008772 0.000544 0.157869 0.008799 2.204889
0.787474 0.019247 0.017447 0.008782 0.000538 0.157703 0.008809 2.206770
0.787540 0.019292 0.017449 0.008771 0.000530 0.157603 0.008816 2.208614
0.787636 0.019262 0.017426 0.008789 0.000529 0.157534 0.008823 2.210514
0.787702 0.019287 0.017488 0.008800 0.000525 0.157371 0.008826 2.212420
0.787853 0.019273 0.017420 0.008787 0.000536 0.157299 0.008831 2.214265
0.787910 0.019288 0.017416 0.008822 0.000533 0.157193 0.008838 2.216185
0.787990 0.019302 0.017399 0.008823 0.000529 0.157112 0.008846 2.218070
0.788048 0.019277 0.017428 0.008854 0.000524 0.157016 0.008854 2.220003
0.788194 0.019246 0.017463 0.008826 0.000530 0.156883 0.008860 2.221879
0.788267 0.019172 0.017514 0.008853 0.000528 0.156798 0.008868 2.223825
0.788339 0.019193 0.017492 0.008793 0.000540 0.156770 0.008873 2.225676
0.788431 0.019170 0.017488 0.008797 0.000536 0.156699 0.008881 2.227552
0.788506 0.019154 0.017461 0.008810 0.000540 0.156644 0.008885 2.229423
0.788633 0.019210 0.017370 0.008804 0.000540 0.156553 0.008891 2.231251
0.788699 0.019226 0.017351 0.008789 0.000548 0.156491 0.008897 2.233123
0.788722 0.019172 0.017438 0.008774 0.000549 0.156442 0.008903 2.235046
0.788859 0.019130 0.017500 0.008769 0.000553 0.156279 0.008910 2.236969
0.788939 0.019152 0.017528 0.008748 0.000543 0.156173 0.008918 2.238820
0.789002 0.019182 0.017495 0.008712 0.000553 0.156129 0.008925 2.240680
0.789086 0.019151 0.017513 0.008765 0.000546 0.156002 0.008938 2.242593
0.789205 0.019124 0.017506 0.008741 0.000555 0.155925 0.008943 2.244471
0.789374 0.019114 0.017420 0.008754 0.000554 0.155836 0.008948 2.246259
0.789461 0.019104 0.017407 0.008733 0.000555 0.155781 0.008958 2.248109
0.789525 0.019090 0.017341 0.008752 0.000562 0.155766 0.008964 2.249972
0.789477 0.019086 0.017353 0.008759 0.000556 0.155799 0.008970 2.251885
0.789583 0.019010 0.017395 0.008748 0.000558 0.155731 0.008974 2.253781
0.789616 0.019094 0.017396 0.008730 0.000560 0.155621 0.008982 2.255601
0.789721 0.019098 0.017423 0.008767 0.000564 0.155441 0.008986 2.257503
0.789756 0.019089 0.017423 0.008754 0.000566 0.155419 0.008992 2.259380
0.789844 0.019108 0.017381 0.008779 0.000568 0.155324 0.008995 2.261241
0.789887 0.019166 0.017384 0.008779 0.000579 0.155204 0.009000 2.263078
0.789979 0.019183 0.017403 0.008738 0.000580 0.155110 0.009007 2.264963
0.790005 0.019229 0.017391 0.008788 0.000569 0.155005 0.009013 2.266820
0.790074 0.019216 0.017402 0.008807 0.000564 0.154920 0.009017 2.268717
0.790121 0.019146 0.017458 0.008809 0.000567 0.154874 0.009025 2.270609
0.790157 0.019186 0.017457 0.008810 0.000560 0.154799 0.009032 2.272475
0.790218 0.019153 0.017478 0.008822 0.000558 0.154735 0.009037 2.274374
0.790251 0.019135 0.017476 0.008828 0.000558 0.154708 0.009043 2.276305
0.790362 0.019113 0.017454 0.008785 0.000563 0.154673 0.009051 2.278144
0.790363 0.019200 0.017376 0.008755 0.000571 0.154678 0.009057 2.279988
0.790317 0.019297 0.017394 0.008740 0.000572 0.154617 0.009063 2.281845
0.790368 0.019321 0.017388 0.008770 0.000571 0.154509 0.009072 2.283731
0.790429 0.019286 0.017427 0.008786 0.000570 0.154425 0.009077 2.285672
0.790448 0.019294 0.017389 0.008797 0.000569 0.154419 0.009084 2.287538
0.790465 0.019294 0.017388 0.008791 0.000564 0.154407 0.009090 2.289393
0.790529 0.019274 0.017439 0.008786 0.000562 0.154314 0.009097 2.291272
0.790467 0.019302 0.017518 0.008776 0.000563 0.154269 0.009106 2.293189
0.790462 0.019346 0.017538 0.008756 0.000569 0.154217 0.009112 2.295100
0.790477 0.019339 0.017527 0.008774 0.000555 0.154210 0.009119 2.296992
0.790489 0.019388 0.017520 0.008786 0.000550 0.154144 0.009124 2.298875
0.790472 0.019441 0.017545 0.008790 0.000551 0.154072 0.009129 2.300756
0.790478 0.019442 0.017607 0.008768 0.000554 0.154021 0.009131 2.302670
0.790523 0.019458 0.017665 0.008754 0.000559 0.153908 0.009134 2.304550
0.790484 0.019480 0.017690 0.008765 0.000561 0.153880 0.009140 2.306475
0.790500 0.019505 0.017673 0.008780 0.000562 0.153832 0.009147 2.308400
0.790509 0.019556 0.017672 0.008771 0.000565 0.153773 0.009152 2.310301
0.790525 0.019631 0.017587 0.008794 0.000569 0.153736 0.009158 2.312188
0.790475 0.019615 0.017652 0.008807 0.000565 0.153723 0.009163 2.314139
0.790413 0.019631 0.017744 0.008851 0.000562 0.153629 0.009170 2.316067
0.790354 0.019703 0.017737 0.008893 0.000565 0.153571 0.009176 2.317986
0.790335 0.019742 0.017742 0.008904 0.000561 0.153533 0.009184 2.319884
0.790263 0.019748 0.017841 0.008925 0.000567 0.153465 0.009190 2.321858
0.790300 0.019735 0.017792 0.008914 0.000560 0.153499 0.009199 2.323745
0.790169 0.019790 0.017881 0.008916 0.000572 0.153470 0.009204 2.325718
0.790155 0.019764 0.017912 0.008921 0.000573 0.153465 0.009210 2.327670
0.790115 0.019675 0.017997 0.008934 0.000574 0.153490 0.009215 2.329688
0.790076 0.019703 0.017985 0.008924 0.000571 0.153522 0.009220 2.331606
0.790093 0.019728 0.017949 0.008889 0.000568 0.153545 0.009227 2.333503
0.790097 0.019717 0.017903 0.008904 0.000567 0.153579 0.009232 2.335441
0.790056 0.019725 0.017925 0.008875 0.000566 0.153614 0.009238 2.337357
0.790045 0.019732 0.017996 0.008866 0.000569 0.153545 0.009247 2.339287
0.790081 0.019720 0.017997 0.008874 0.000560 0.153517 0.009252 2.341203
0.790083 0.019701 0.018025 0.008883 0.000560 0.153490 0.009257 2.343122
0.790074 0.019708 0.018034 0.008869 0.000563 0.153489 0.009264 2.345056
0.790106 0.019671 0.018027 0.008880 0.000558 0.153487 0.009271 2.346993
0.790126 0.019666 0.018032 0.008904 0.000564 0.153429 0.009280 2.348927
0.790078 0.019690 0.018053 0.008913 0.000561 0.153418 0.009287 2.350829
0.790139 0.019642 0.018030 0.008961 0.000564 0.153367 0.009297 2.352786
0.790149 0.019659 0.017996 0.008970 0.000553 0.153366 0.009307 2.354706
0.790142 0.019597 0.018055 0.008985 0.000547 0.153361 0.009314 2.356684
0.790117 0.019605 0.018059 0.009018 0.000541 0.153340 0.009320 2.358623
0.790086 0.019604 0.018038 0.009004 0.000549 0.153393 0.009325 2.360526
0.790121 0.019596 0.018058 0.009006 0.000546 0.153341 0.009332 2.362441
0.790015 0.019624 0.018020 0.009058 0.000542 0.153402 0.009338 2.364376
0.790019 0.019639 0.018030 0.009023 0.000538 0.153405 0.009345 2.366286
0.790086 0.019603 0.017976 0.009040 0.000536 0.153408 0.009351 2.368174
0.790100 0.019606 0.017946 0.008989 0.000539 0.153463 0.009356 2.370081
0.790055 0.019609 0.018000 0.008965 0.000545 0.153464 0.009363 2.371994
0.790132 0.019546 0.018004 0.008962 0.000547 0.153439 0.009369 2.373914
0.790029 0.019684 0.017953 0.008925 0.000547 0.153487 0.009376 2.375752
0.789963 0.019748 0.017976 0.008914 0.000548 0.153472 0.009379 2.377669
0.789981 0.019756 0.017909 0.008926 0.000551 0.153491 0.009386 2.379574
0.789993 0.019749 0.017930 0.008941 0.000545 0.153448 0.009395 2.381519
0.789969 0.019774 0.017905 0.008961 0.000546 0.153446 0.009399 2.383405
0.789896 0.019855 0.017896 0.008996 0.000548 0.153404 0.009405 2.385289
0.789879 0.019870 0.017970 0.008982 0.000553 0.153334 0.009412 2.387202
0.789884 0.019843 0.018011 0.009013 0.000554 0.153275 0.009419 2.389170
0.789912 0.019781 0.018004 0.009024 0.000556 0.153297 0.009424 2.391149
0.789881 0.019798 0.018047 0.009003 0.000556 0.153285 0.009431 2.393076
0.789825 0.019776 0.018086 0.009057 0.000554 0.153265 0.009437 2.395092
0.789809 0.019767 0.018116 0.009036 0.000547 0.153280 0.009446 2.397032
0.789819 0.019736 0.018162 0.009022 0.000553 0.153259 0.009450 2.398973
0.789727 0.019793 0.018115 0.009033 0.000549 0.153326 0.009456 2.400887
0.789708 0.019820 0.018142 0.009032 0.000543 0.153293 0.009463 2.402844
0.789662 0.019831 0.018186 0.009038 0.000543 0.153271 0.009469 2.404801
0.789651 0.019842 0.018158 0.009044 0.000540 0.153292 0.009474 2.406754
0.789671 0.019874 0.018147 0.009062 0.000535 0.153230 0.009482 2.408658
0.789679 0.019800 0.018191 0.009106 0.000532 0.153206 0.009487 2.410677
0.789680 0.019686 0.018260 0.009088 0.000534 0.153257 0.009494 2.412701
0.789571 0.019684 0.018270 0.009105 0.000542 0.153326 0.009502 2.414654
0.789517 0.019758 0.018216 0.009043 0.000533 0.153421 0.009512 2.416549
0.789557 0.019722 0.018205 0.009003 0.000530 0.153465 0.009519 2.418472
0.789576 0.019715 0.018190 0.009021 0.000532 0.153445 0.009522 2.420412
0.789610 0.019760 0.018192 0.009000 0.000538 0.153372 0.009529 2.422319
0.789586 0.019751 0.018182 0.009044 0.000539 0.153364 0.009534 2.424289
0.789574 0.019674 0.018188 0.009043 0.000542 0.153439 0.009539 2.426242
0.789553 0.019747 0.018089 0.009062 0.000541 0.153462 0.009546 2.428086
0.789474 0.019776 0.018067 0.009046 0.000541 0.153546 0.009551 2.430008
0.789497 0.019756 0.018046 0.009050 0.000541 0.153553 0.009558 2.431935
0.789426 0.019768 0.018045 0.009052 0.000542 0.153606 0.009562 2.433860
0.789390 0.019708 0.018093 0.009093 0.000536 0.153610 0.009570 2.435851
0.789410 0.019714 0.018078 0.009051 0.000535 0.153638 0.009575 2.437775
0.789455 0.019689 0.018086 0.009070 0.000532 0.153587 0.009581 2.439727
0.789418 0.019632 0.018183 0.009049 0.000526 0.153604 0.009588 2.441708
0.789497 0.019617 0.018145 0.009067 0.000527 0.153553 0.009594 2.443624
0.789488 0.019627 0.018125 0.009032 0.000525 0.153600 0.009602 2.445538
0.789421 0.019701 0.018128 0.009017 0.000525 0.153598 0.009611 2.447457
0.789424 0.019751 0.018070 0.009011 0.000527 0.153602 0.009617 2.449313
0.789428 0.019761 0.018052 0.009013 0.000531 0.153592 0.009623 2.451246
0.789420 0.019709 0.018072 0.009011 0.000529 0.153630 0.009630 2.453195
0.789377 0.019702 0.018039 0.009031 0.000530 0.153687 0.009635 2.455137
0.789338 0.019734 0.018013 0.009051 0.000530 0.153693 0.009642 2.457035
0.789398 0.019655 0.017993 0.009034 0.000525 0.153747 0.009649 2.458965
0.789411 0.019630 0.017967 0.008996 0.000526 0.153814 0.009656 2.460882
0.789471 0.019639 0.017952 0.008967 0.000518 0.153790 0.009664 2.462772
0.789493 0.019618 0.017970 0.008960 0.000509 0.153780 0.009670 2.464687
0.789527 0.019561 0.017932 0.008945 0.000513 0.153845 0.009677 2.466615
0.789613 0.019500 0.017967 0.008905 0.000521 0.153813 0.009682 2.468523
0.789621 0.019530 0.017911 0.008938 0.000525 0.153790 0.009686 2.470393
0.789735 0.019468 0.017922 0.008979 0.000530 0.153675 0.009690 2.472348
0.789801 0.019499 0.017886 0.008953 0.000529 0.153639 0.009695 2.474218
0.789874 0.019459 0.017916 0.008974 0.000533 0.153543 0.009702 2.476178
0.789914 0.019478 0.017839 0.008917 0.000527 0.153619 0.009707 2.478050
0.789919 0.019419 0.017792 0.008959 0.000528 0.153667 0.009716 2.479950
0.789940 0.019397 0.017830 0.008994 0.000526 0.153591 0.009722 2.481876
0.789966 0.019405 0.017781 0.009000 0.000527 0.153591 0.009730 2.483742
0.790055 0.019329 0.017784 0.009034 0.000531 0.153528 0.009739 2.485664
0.790156 0.019303 0.017723 0.008997 0.000533 0.153546 0.009743 2.487540
0.790117 0.019328 0.017717 0.008993 0.000534 0.153562 0.009749 2.489458
0.790017 0.019406 0.017727 0.008985 0.000540 0.153572 0.009754 2.491350
0.790017 0.019385 0.017759 0.008971 0.000536 0.153572 0.009760 2.493282
0.790015 0.019381 0.017771 0.008983 0.000534 0.153551 0.009765 2.495197
0.790092 0.019355 0.017845 0.008934 0.000536 0.153467 0.009772 2.497107
0.790042 0.019432 0.017829 0.008934 0.000531 0.153457 0.009776 2.499014
0.790017 0.019434 0.017855 0.008958 0.000527 0.153428 0.009783 2.500925
0.790072 0.019454 0.017812 0.008968 0.000529 0.153376 0.009789 2.502804
0.790128 0.019460 0.017834 0.009004 0.000528 0.153252 0.009795 2.504721
0.790176 0.019449 0.017840 0.008991 0.000525 0.153219 0.009801 2.506625
0.790187 0.019430 0.017825 0.008994 0.000530 0.153228 0.009805 2.508543
0.790082 0.019512 0.017852 0.008963 0.000535 0.153246 0.009811 2.510428
0.790119 0.019443 0.017896 0.008956 0.000534 0.153235 0.009818 2.512375
0.790085 0.019466 0.017904 0.008938 0.000530 0.153253 0.009825 2.514277
0.790089 0.019454 0.017931 0.008951 0.000530 0.153210 0.009836 2.516210
0.789959 0.019485 0.017913 0.008983 0.000537 0.153282 0.009841 2.518147
0.789948 0.019462 0.017976 0.008953 0.000537 0.153276 0.009848 2.520092
0.789936 0.019433 0.017992 0.008965 0.000535 0.153288 0.009852 2.522025
0.789983 0.019389 0.017963 0.008974 0.000539 0.153298 0.009856 2.523948
0.789975 0.019405 0.017913 0.008952 0.000541 0.153355 0.009860 2.525819
0.789985 0.019426 0.017881 0.008942 0.000543 0.153354 0.009868 2.527724
0.789964 0.019470 0.017866 0.008939 0.000543 0.153346 0.009874 2.529628
0.789954 0.019484 0.017867 0.008944 0.000547 0.153325 0.009881 2.531519
0.790040 0.019493 0.017829 0.008926 0.000549 0.153277 0.009888 2.533395
0.789972 0.019518 0.017817 0.008910 0.000544 0.153342 0.009897 2.535300
0.789996 0.019508 0.017819 0.008884 0.000544 0.153349 0.009901 2.537187
0.789979 0.019578 0.017775 0.008869 0.000542 0.153350 0.009906 2.539036
0.789948 0.019615 0.017762 0.008890 0.000540 0.153334 0.009911 2.540949
0.789915 0.019575 0.017773 0.008913 0.000539 0.153364 0.009922 2.542859
0.789973 0.019523 0.017750 0.008888 0.000543 0.153398 0.009926 2.544768
0.790008 0.019522 0.017759 0.008883 0.000537 0.153357 0.009934 2.546665
0.789987 0.019473 0.017823 0.008884 0.000535 0.153359 0.009940 2.548586
0.790079 0.019429 0.017797 0.008920 0.000533 0.153295 0.009947 2.550501
0.790160 0.019391 0.017741 0.008930 0.000534 0.153291 0.009952 2.552423
0.790191 0.019440 0.017740 0.008892 0.000535 0.153244 0.009959 2.554274
0.790289 0.019451 0.017700 0.008920 0.000535 0.153138 0.009968 2.556142
0.790245 0.019525 0.017650 0.008935 0.000527 0.153145 0.009974 2.557980
0.790247 0.019499 0.017668 0.008922 0.000526 0.153158 0.009979 2.559876
0.790317 0.019444 0.017703 0.008942 0.000518 0.153087 0.009990 2.561798
0.790291 0.019422 0.017742 0.008895 0.000523 0.153132 0.009996 2.563709
0.790326 0.019365 0.017741 0.008909 0.000524 0.153133 0.010003 2.565648
0.790366 0.019310 0.017768 0.008874 0.000526 0.153147 0.010010 2.567584
0.790369 0.019312 0.017749 0.008869 0.000527 0.153161 0.010014 2.569480
0.790475 0.019272 0.017766 0.008843 0.000532 0.153092 0.010020 2.571372
0.790504 0.019244 0.017722 0.008829 0.000532 0.153146 0.010024 2.573246
0.790551 0.019248 0.017709 0.008833 0.000527 0.153102 0.010030 2.575118
0.790547 0.019253 0.017755 0.008835 0.000527 0.153047 0.010037 2.577028
0.790580 0.019249 0.017731 0.008866 0.000524 0.153009 0.010043 2.578932
0.790660 0.019216 0.017744 0.008899 0.000529 0.152902 0.010050 2.580846
0.790722 0.019182 0.017735 0.008854 0.000530 0.152925 0.010054 2.582726
0.790775 0.019147 0.017745 0.008848 0.000524 0.152899 0.010061 2.584601
0.790798 0.019173 0.017763 0.008798 0.000517 0.152881 0.010071 2.586471
