0.347572 0.061904 0.055625 0.032098 0.002087 0.494648 0.006068 1.620490
0.349507 0.060173 0.055476 0.031920 0.002095 0.494736 0.006093 1.626421
0.352117 0.057898 0.055275 0.031647 0.002092 0.494852 0.006119 1.632251
0.355304 0.055383 0.054964 0.031233 0.002107 0.494865 0.006143 1.637793
0.358732 0.052842 0.054642 0.030814 0.002088 0.494714 0.006169 1.643166
0.362327 0.050350 0.054090 0.030301 0.002082 0.494652 0.006198 1.648223
0.366032 0.048012 0.053414 0.029785 0.002067 0.494471 0.006220 1.653008
0.369921 0.045701 0.052695 0.029256 0.002058 0.494126 0.006244 1.657624
0.373967 0.043501 0.051821 0.028680 0.002049 0.493715 0.006267 1.661945
0.378070 0.041414 0.050901 0.028044 0.002037 0.493237 0.006296 1.666103
0.382232 0.039412 0.049911 0.027384 0.002036 0.492711 0.006314 1.670098
0.386413 0.037591 0.048868 0.026750 0.002017 0.492017 0.006344 1.673849
0.390689 0.035784 0.047942 0.026076 0.002002 0.491138 0.006368 1.677502
0.394954 0.034074 0.046862 0.025440 0.001993 0.490287 0.006391 1.680985
0.399286 0.032620 0.045713 0.024680 0.001983 0.489297 0.006420 1.684231
0.403683 0.031197 0.044592 0.024003 0.001958 0.488116 0.006450 1.687336
0.407983 0.029896 0.043460 0.023302 0.001947 0.486940 0.006471 1.690326
0.412433 0.028661 0.042296 0.022611 0.001929 0.485574 0.006497 1.693203
0.416851 0.027564 0.041199 0.021932 0.001913 0.484014 0.006526 1.695932
0.421274 0.026469 0.040136 0.021294 0.001888 0.482387 0.006552 1.698612
0.425723 0.025471 0.039033 0.020702 0.001871 0.480621 0.006577 1.701207
0.430158 0.024530 0.037943 0.020102 0.001842 0.478825 0.006599 1.703687
0.434593 0.023597 0.036891 0.019491 0.001817 0.476987 0.006623 1.706102
0.439092 0.022792 0.035847 0.018869 0.001804 0.474952 0.006644 1.708392
0.443452 0.022092 0.034857 0.018261 0.001786 0.472884 0.006667 1.710584
0.447904 0.021417 0.033799 0.017718 0.001759 0.470709 0.006694 1.712724
0.452370 0.020843 0.032750 0.017101 0.001738 0.468486 0.006710 1.714751
0.456677 0.020338 0.031686 0.016568 0.001706 0.466291 0.006735 1.716729
0.461112 0.019747 0.030789 0.016099 0.001679 0.463814 0.006761 1.718715
0.465454 0.019234 0.029879 0.015621 0.001662 0.461368 0.006782 1.720630
0.469771 0.018802 0.028975 0.015167 0.001639 0.458847 0.006799 1.722468
0.474044 0.018367 0.028166 0.014732 0.001620 0.456256 0.006816 1.724318
0.478419 0.017958 0.027325 0.014286 0.001594 0.453584 0.006835 1.726075
0.482782 0.017543 0.026585 0.013879 0.001565 0.450790 0.006857 1.727809
0.487083 0.017107 0.025858 0.013480 0.001542 0.448054 0.006876 1.729551
0.491432 0.016738 0.025160 0.013085 0.001521 0.445171 0.006895 1.731226
0.495656 0.016415 0.024444 0.012703 0.001497 0.442372 0.006914 1.732823
0.499914 0.016082 0.023798 0.012317 0.001478 0.439485 0.006928 1.734450
0.504136 0.015851 0.023137 0.011916 0.001460 0.436555 0.006945 1.735958
0.508271 0.015528 0.022514 0.011625 0.001437 0.433662 0.006964 1.737506
0.512513 0.015233 0.021902 0.011324 0.001406 0.430637 0.006986 1.739015
0.516766 0.014973 0.021334 0.011035 0.001367 0.427523 0.007005 1.740492
0.520825 0.014783 0.020809 0.010759 0.001333 0.424461 0.007030 1.741907
0.524875 0.014558 0.020311 0.010494 0.001297 0.421418 0.007049 1.743356
0.528882 0.014410 0.019840 0.010213 0.001265 0.418319 0.007072 1.744769
0.533023 0.014203 0.019382 0.009990 0.001243 0.415072 0.007088 1.746177
0.536950 0.014033 0.018921 0.009753 0.001225 0.412017 0.007103 1.747584
0.540837 0.013851 0.018555 0.009520 0.001197 0.408919 0.007122 1.748957
0.544754 0.013745 0.018113 0.009319 0.001176 0.405753 0.007140 1.750297
0.548617 0.013615 0.017732 0.009104 0.001152 0.402626 0.007155 1.751661
0.552429 0.013487 0.017327 0.008930 0.001126 0.399533 0.007167 1.752999
0.556124 0.013371 0.017031 0.008771 0.001110 0.396414 0.007180 1.754349
0.559898 0.013262 0.016703 0.008631 0.001088 0.393222 0.007196 1.755675
0.563519 0.013185 0.016437 0.008468 0.001069 0.390114 0.007209 1.756960
0.567072 0.013166 0.016150 0.008283 0.001049 0.387059 0.007220 1.758222
0.570572 0.013162 0.015814 0.008117 0.001034 0.384071 0.007230 1.759488
0.574089 0.013052 0.015545 0.007979 0.001016 0.381079 0.007242 1.760777
0.577730 0.012986 0.015265 0.007866 0.000999 0.377898 0.007256 1.762044
0.581206 0.012972 0.015048 0.007765 0.000978 0.374758 0.007273 1.763298
0.584750 0.012866 0.014868 0.007636 0.000954 0.371637 0.007290 1.764585
0.588171 0.012902 0.014695 0.007492 0.000939 0.368500 0.007301 1.765829
0.591525 0.012867 0.014509 0.007402 0.000923 0.365464 0.007311 1.767107
0.594812 0.012875 0.014295 0.007307 0.000914 0.362481 0.007317 1.768351
0.598132 0.012821 0.014097 0.007244 0.000894 0.359479 0.007334 1.769645
0.601394 0.012820 0.013982 0.007115 0.000876 0.356469 0.007345 1.770897
0.604492 0.012886 0.013770 0.007048 0.000861 0.353587 0.007357 1.772121
0.607608 0.012938 0.013624 0.006917 0.000842 0.350701 0.007372 1.773348
0.610669 0.012956 0.013499 0.006868 0.000817 0.347809 0.007383 1.774618
0.613749 0.012957 0.013321 0.006800 0.000806 0.344974 0.007393 1.775851
0.616730 0.012925 0.013211 0.006769 0.000795 0.342168 0.007403 1.777143
0.619728 0.012910 0.013127 0.006770 0.000779 0.339277 0.007410 1.778412
0.622577 0.012913 0.013058 0.006712 0.000758 0.336561 0.007421 1.779692
0.625455 0.012916 0.012994 0.006649 0.000742 0.333812 0.007432 1.780983
0.628324 0.013007 0.012884 0.006591 0.000729 0.331021 0.007445 1.782222
0.631047 0.013103 0.012858 0.006513 0.000718 0.328306 0.007455 1.783505
0.633738 0.013216 0.012785 0.006492 0.000709 0.325598 0.007463 1.784784
0.636365 0.013308 0.012685 0.006456 0.000696 0.323018 0.007472 1.786058
0.639132 0.013362 0.012613 0.006412 0.000686 0.320319 0.007477 1.787347
0.641693 0.013440 0.012585 0.006406 0.000669 0.317722 0.007486 1.788654
0.644334 0.013480 0.012562 0.006383 0.000656 0.315088 0.007497 1.789969
0.646786 0.013579 0.012498 0.006366 0.000653 0.312615 0.007503 1.791300
0.649294 0.013585 0.012496 0.006408 0.000639 0.310064 0.007515 1.792682
0.651650 0.013712 0.012470 0.006385 0.000633 0.307627 0.007524 1.794006
0.654056 0.013802 0.012432 0.006417 0.000626 0.305136 0.007533 1.795357
0.656386 0.013913 0.012399 0.006419 0.000614 0.302727 0.007543 1.796692
0.658759 0.013952 0.012425 0.006448 0.000600 0.300265 0.007552 1.798070
0.661034 0.014029 0.012378 0.006463 0.000585 0.297948 0.007563 1.799414
0.663204 0.014136 0.012414 0.006479 0.000581 0.295616 0.007570 1.800827
0.665362 0.014216 0.012483 0.006489 0.000579 0.293292 0.007579 1.802276
0.667446 0.014303 0.012526 0.006560 0.000577 0.291004 0.007585 1.803724
0.669497 0.014427 0.012569 0.006592 0.000565 0.288759 0.007592 1.805161
0.671524 0.014605 0.012572 0.006633 0.000559 0.286510 0.007598 1.806573
0.673500 0.014727 0.012619 0.006638 0.000553 0.284357 0.007606 1.808014
0.675445 0.014850 0.012694 0.006675 0.000551 0.282174 0.007612 1.809489
0.677286 0.014987 0.012733 0.006706 0.000538 0.280129 0.007621 1.810950
0.679154 0.015080 0.012826 0.006731 0.000532 0.278053 0.007625 1.812441
0.680967 0.015201 0.012910 0.006781 0.000524 0.275988 0.007630 1.813956
0.682823 0.015274 0.012994 0.006829 0.000520 0.273925 0.007636 1.815519
0.684692 0.015392 0.013029 0.006859 0.000517 0.271868 0.007643 1.817016
0.686397 0.015579 0.013104 0.006828 0.000514 0.269930 0.007649 1.818523
0.688012 0.015821 0.013133 0.006856 0.000514 0.268009 0.007654 1.820010
0.689635 0.015958 0.013290 0.006921 0.000514 0.266022 0.007660 1.821604
0.691258 0.016120 0.013310 0.006978 0.000514 0.264155 0.007666 1.823161
0.692714 0.016358 0.013383 0.007007 0.000513 0.262352 0.007673 1.824715
0.694113 0.016578 0.013468 0.007050 0.000504 0.260605 0.007682 1.826294
0.695467 0.016780 0.013581 0.007112 0.000497 0.258876 0.007688 1.827929
0.696826 0.016999 0.013710 0.007114 0.000498 0.257159 0.007693 1.829579
0.698026 0.017175 0.013858 0.007174 0.000494 0.255576 0.007698 1.831261
0.699332 0.017394 0.013986 0.007219 0.000494 0.253870 0.007705 1.832927
0.700537 0.017562 0.014148 0.007283 0.000486 0.252273 0.007710 1.834669
0.701758 0.017731 0.014261 0.007346 0.000488 0.250698 0.007717 1.836407
0.702896 0.017921 0.014432 0.007462 0.000490 0.249077 0.007722 1.838209
0.704040 0.018092 0.014522 0.007516 0.000495 0.247607 0.007728 1.839955
0.705181 0.018302 0.014667 0.007584 0.000488 0.246044 0.007735 1.841720
0.706240 0.018520 0.014804 0.007671 0.000489 0.244537 0.007739 1.843508
0.707367 0.018657 0.014927 0.007726 0.000489 0.243090 0.007744 1.845308
0.708478 0.018838 0.015028 0.007798 0.000485 0.241625 0.007748 1.847100
0.709389 0.019088 0.015131 0.007913 0.000485 0.240243 0.007751 1.848938
0.710264 0.019341 0.015263 0.007965 0.000487 0.238924 0.007756 1.850742
0.711186 0.019493 0.015416 0.008030 0.000495 0.237617 0.007762 1.852629
0.712115 0.019647 0.015559 0.008105 0.000489 0.236322 0.007765 1.854561
0.712921 0.019872 0.015692 0.008203 0.000488 0.235051 0.007771 1.856460
0.713682 0.020152 0.015870 0.008247 0.000480 0.233793 0.007777 1.858396
0.714480 0.020330 0.015994 0.008315 0.000481 0.232611 0.007789 1.860353
0.715171 0.020586 0.016131 0.008395 0.000485 0.231439 0.007793 1.862328
0.715825 0.020784 0.016282 0.008504 0.000479 0.230326 0.007800 1.864370
0.716551 0.020944 0.016474 0.008600 0.000471 0.229155 0.007806 1.866425
0.717132 0.021139 0.016641 0.008697 0.000474 0.228106 0.007811 1.868490
0.717735 0.021374 0.016818 0.008786 0.000472 0.227000 0.007815 1.870572
0.718262 0.021568 0.016955 0.008853 0.000478 0.226061 0.007824 1.872653
0.718767 0.021737 0.017168 0.008955 0.000480 0.225065 0.007828 1.874822
0.719250 0.021874 0.017376 0.009004 0.000486 0.224179 0.007831 1.877002
0.719717 0.022032 0.017597 0.009067 0.000494 0.223257 0.007837 1.879177
0.720151 0.022124 0.017820 0.009147 0.000489 0.222425 0.007845 1.881375
0.720555 0.022305 0.017916 0.009217 0.000495 0.221660 0.007852 1.883547
0.720946 0.022508 0.018078 0.009286 0.000495 0.220827 0.007859 1.885705
0.721396 0.022637 0.018282 0.009354 0.000505 0.219963 0.007863 1.887923
0.721741 0.022803 0.018404 0.009416 0.000511 0.219256 0.007869 1.890155
0.722057 0.022886 0.018627 0.009510 0.000504 0.218540 0.007876 1.892456
0.722345 0.023084 0.018749 0.009582 0.000516 0.217844 0.007881 1.894674
0.722513 0.023345 0.018889 0.009717 0.000526 0.217120 0.007890 1.896911
0.722800 0.023528 0.019035 0.009755 0.000533 0.216453 0.007895 1.899181
0.722905 0.023667 0.019218 0.009861 0.000539 0.215910 0.007900 1.901521
0.723092 0.023905 0.019325 0.009944 0.000550 0.215275 0.007909 1.903793
0.723387 0.024016 0.019547 0.010005 0.000554 0.214578 0.007913 1.906168
0.723559 0.024149 0.019732 0.010086 0.000554 0.214001 0.007920 1.908565
0.723768 0.024295 0.019848 0.010118 0.000561 0.213481 0.007929 1.910903
0.723910 0.024418 0.019994 0.010234 0.000562 0.212948 0.007934 1.913284
0.724057 0.024556 0.020125 0.010323 0.000566 0.212431 0.007943 1.915648
0.724170 0.024728 0.020215 0.010407 0.000572 0.211961 0.007948 1.918022
0.724198 0.024876 0.020342 0.010478 0.000571 0.211580 0.007955 1.920452
0.724316 0.025048 0.020447 0.010594 0.000574 0.211058 0.007964 1.922864
0.724387 0.025106 0.020623 0.010678 0.000588 0.210647 0.007971 1.925352
0.724468 0.025187 0.020750 0.010763 0.000592 0.210261 0.007979 1.927791
0.724529 0.025245 0.020899 0.010796 0.000594 0.209954 0.007983 1.930275
0.724633 0.025351 0.021074 0.010825 0.000598 0.209525 0.007994 1.932714
0.724686 0.025430 0.021242 0.010899 0.000609 0.209135 0.008000 1.935221
0.724706 0.025480 0.021370 0.010951 0.000619 0.208868 0.008007 1.937734
0.724799 0.025475 0.021487 0.011052 0.000621 0.208550 0.008017 1.940271
0.724832 0.025569 0.021533 0.011115 0.000623 0.208303 0.008025 1.942721
0.724876 0.025573 0.021725 0.011203 0.000629 0.207960 0.008036 1.945297
0.724924 0.025667 0.021855 0.011190 0.000630 0.207690 0.008046 1.947805
0.725042 0.025675 0.021876 0.011287 0.000626 0.207437 0.008057 1.950335
0.725012 0.025741 0.021957 0.011365 0.000626 0.207233 0.008066 1.952860
0.724977 0.025771 0.022086 0.011416 0.000619 0.207057 0.008076 1.955444
0.724929 0.025827 0.022183 0.011430 0.000627 0.206919 0.008086 1.957997
0.724940 0.025846 0.022207 0.011504 0.000628 0.206783 0.008093 1.960547
0.724927 0.025893 0.022349 0.011540 0.000629 0.206562 0.008101 1.963132
0.724932 0.025880 0.022501 0.011552 0.000626 0.206402 0.008107 1.965696
0.724962 0.025944 0.022527 0.011535 0.000641 0.206277 0.008115 1.968200
0.725012 0.025971 0.022517 0.011573 0.000632 0.206171 0.008126 1.970704
0.725070 0.025961 0.022678 0.011610 0.000635 0.205911 0.008134 1.973253
0.725079 0.025991 0.022748 0.011607 0.000636 0.205799 0.008140 1.975760
0.724998 0.025961 0.022842 0.011715 0.000644 0.205693 0.008147 1.978383
0.724964 0.026005 0.022909 0.011765 0.000644 0.205556 0.008159 1.980926
0.724968 0.026024 0.022921 0.011799 0.000646 0.205476 0.008166 1.983414
0.724916 0.026030 0.022947 0.011820 0.000645 0.205469 0.008172 1.985947
0.724893 0.026014 0.023001 0.011856 0.000652 0.205404 0.008181 1.988506
0.724931 0.025971 0.023066 0.011879 0.000650 0.205314 0.008189 1.991071
0.724944 0.026045 0.023083 0.011845 0.000660 0.205229 0.008194 1.993579
0.724961 0.026052 0.023126 0.011836 0.000670 0.205155 0.008201 1.996114
0.725006 0.026076 0.023160 0.011876 0.000679 0.204995 0.008208 1.998620
0.725054 0.025993 0.023219 0.011903 0.000678 0.204937 0.008217 2.001200
0.725048 0.026001 0.023277 0.011865 0.000686 0.204901 0.008221 2.003725
0.725098 0.025917 0.023273 0.011886 0.000684 0.204912 0.008230 2.006274
0.725226 0.025812 0.023285 0.011873 0.000685 0.204880 0.008239 2.008837
0.725243 0.025830 0.023282 0.011848 0.000685 0.204865 0.008247 2.011359
0.725346 0.025808 0.023312 0.011852 0.000696 0.204734 0.008251 2.013880
0.725469 0.025765 0.023322 0.011859 0.000694 0.204632 0.008258 2.016416
0.725490 0.025720 0.023298 0.011852 0.000709 0.204669 0.008263 2.018931
0.725532 0.025631 0.023389 0.011856 0.000716 0.204608 0.008268 2.021505
0.725753 0.025565 0.023403 0.011847 0.000709 0.204446 0.008278 2.024015
0.725754 0.025505 0.023429 0.011773 0.000708 0.204546 0.008286 2.026557
0.725874 0.025451 0.023387 0.011784 0.000711 0.204497 0.008296 2.029017
0.725930 0.025424 0.023336 0.011767 0.000712 0.204527 0.008303 2.031510
0.726028 0.025346 0.023334 0.011731 0.000717 0.204534 0.008311 2.034012
0.726078 0.025363 0.023281 0.011708 0.000719 0.204531 0.008320 2.036461
0.726238 0.025290 0.023225 0.011720 0.000717 0.204479 0.008330 2.038920
0.726319 0.025154 0.023186 0.011775 0.000712 0.204511 0.008342 2.041452
0.726454 0.025101 0.023157 0.011771 0.000720 0.204445 0.008350 2.043923
0.726618 0.025020 0.023085 0.011785 0.000719 0.204413 0.008360 2.046349
0.726788 0.025011 0.023086 0.011744 0.000720 0.204285 0.008368 2.048810
0.726964 0.024982 0.023073 0.011728 0.000710 0.204170 0.008373 2.051226
0.727114 0.024897 0.023021 0.011721 0.000712 0.204157 0.008378 2.053678
0.727294 0.024767 0.023057 0.011692 0.000716 0.204089 0.008386 2.056190
0.727519 0.024742 0.022951 0.011673 0.000719 0.204002 0.008394 2.058577
0.727740 0.024639 0.022978 0.011666 0.000727 0.203850 0.008401 2.061033
0.727904 0.024607 0.022937 0.011676 0.000728 0.203736 0.008411 2.063443
0.728115 0.024481 0.022895 0.011631 0.000729 0.203729 0.008421 2.065891
0.728274 0.024394 0.022860 0.011622 0.000733 0.203688 0.008428 2.068330
0.728406 0.024353 0.022889 0.011588 0.000735 0.203590 0.008438 2.070751
0.728577 0.024319 0.022850 0.011567 0.000731 0.203506 0.008449 2.073168
0.728769 0.024261 0.022777 0.011549 0.000736 0.203452 0.008457 2.075549
0.728996 0.024196 0.022690 0.011557 0.000744 0.203349 0.008467 2.077940
0.729184 0.024175 0.022621 0.011580 0.000739 0.203221 0.008479 2.080312
0.729431 0.024132 0.022597 0.011577 0.000751 0.203022 0.008489 2.082704
0.729675 0.024054 0.022518 0.011535 0.000750 0.202968 0.008500 2.085072
0.729858 0.024071 0.022451 0.011469 0.000750 0.202894 0.008507 2.087381
0.730115 0.023992 0.022413 0.011454 0.000746 0.202764 0.008516 2.089717
0.730283 0.023972 0.022349 0.011443 0.000741 0.202688 0.008525 2.092083
0.730539 0.023917 0.022314 0.011433 0.000735 0.202529 0.008533 2.094415
0.730768 0.023864 0.022250 0.011377 0.000734 0.202462 0.008545 2.096732
0.730949 0.023796 0.022191 0.011391 0.000728 0.202393 0.008552 2.099055
0.731249 0.023735 0.022104 0.011317 0.000725 0.202309 0.008561 2.101369
0.731477 0.023679 0.022140 0.011298 0.000719 0.202114 0.008573 2.103709
0.731661 0.023662 0.022131 0.011260 0.000715 0.201988 0.008584 2.106029
0.731792 0.023678 0.022103 0.011204 0.000717 0.201912 0.008593 2.108334
0.732089 0.023599 0.022103 0.011182 0.000712 0.201709 0.008606 2.110644
0.732401 0.023491 0.022057 0.011134 0.000711 0.201591 0.008616 2.112936
0.732666 0.023434 0.022017 0.011050 0.000705 0.201504 0.008624 2.115222
0.732808 0.023442 0.021980 0.011040 0.000700 0.201395 0.008635 2.117540
0.733062 0.023378 0.021939 0.011025 0.000685 0.201264 0.008646 2.119847
0.733296 0.023377 0.021892 0.011001 0.000684 0.201095 0.008655 2.122129
0.733523 0.023335 0.021816 0.011026 0.000675 0.200960 0.008665 2.124437
0.733734 0.023323 0.021723 0.011020 0.000673 0.200856 0.008670 2.126703
0.733988 0.023297 0.021769 0.010979 0.000677 0.200612 0.008678 2.128988
0.734320 0.023227 0.021709 0.010942 0.000670 0.200442 0.008689 2.131291
0.734605 0.023243 0.021674 0.010932 0.000671 0.200178 0.008697 2.133535
0.734900 0.023166 0.021586 0.010956 0.000675 0.200013 0.008703 2.135814
0.735245 0.023090 0.021533 0.010908 0.000677 0.199832 0.008715 2.138061
0.735511 0.023028 0.021484 0.010873 0.000678 0.199703 0.008723 2.140343
0.735760 0.023000 0.021420 0.010824 0.000685 0.199581 0.008730 2.142558
0.736058 0.022936 0.021391 0.010792 0.000679 0.199405 0.008740 2.144804
0.736309 0.022919 0.021346 0.010785 0.000687 0.199205 0.008749 2.147036
0.736545 0.022914 0.021292 0.010767 0.000680 0.199045 0.008757 2.149259
0.736808 0.022925 0.021291 0.010759 0.000678 0.198776 0.008764 2.151523
0.737143 0.022824 0.021320 0.010755 0.000681 0.198504 0.008771 2.153787
0.737310 0.022912 0.021213 0.010754 0.000677 0.198354 0.008778 2.155978
0.737552 0.022862 0.021204 0.010747 0.000677 0.198169 0.008790 2.158213
0.737806 0.022835 0.021190 0.010744 0.000669 0.197958 0.008798 2.160457
0.738084 0.022714 0.021189 0.010725 0.000672 0.197811 0.008806 2.162748
0.738412 0.022623 0.021120 0.010703 0.000665 0.197668 0.008810 2.164963
0.738781 0.022549 0.021118 0.010723 0.000669 0.197345 0.008816 2.167182
0.739094 0.022525 0.021057 0.010691 0.000670 0.197136 0.008827 2.169410
0.739414 0.022435 0.021083 0.010675 0.000676 0.196883 0.008834 2.171679
0.739778 0.022349 0.021013 0.010659 0.000678 0.196685 0.008839 2.173860
0.740072 0.022308 0.021023 0.010633 0.000673 0.196442 0.008849 2.176071
0.740337 0.022318 0.020969 0.010628 0.000677 0.196212 0.008858 2.178259
0.740590 0.022363 0.020872 0.010608 0.000678 0.196024 0.008866 2.180425
0.740914 0.022348 0.020814 0.010616 0.000678 0.195757 0.008874 2.182587
0.741205 0.022348 0.020772 0.010607 0.000673 0.195514 0.008881 2.184753
0.741412 0.022295 0.020758 0.010603 0.000680 0.195366 0.008886 2.186975
0.741697 0.022351 0.020696 0.010594 0.000682 0.195086 0.008894 2.189094
0.742027 0.022285 0.020621 0.010572 0.000672 0.194919 0.008903 2.191277
0.742312 0.022225 0.020589 0.010575 0.000673 0.194712 0.008913 2.193457
0.742572 0.022189 0.020558 0.010560 0.000676 0.194526 0.008920 2.195615
0.742890 0.022124 0.020537 0.010526 0.000678 0.194319 0.008927 2.197810
0.743160 0.022088 0.020586 0.010490 0.000685 0.194056 0.008934 2.200007
0.743397 0.022017 0.020567 0.010501 0.000687 0.193891 0.008942 2.202200
0.743691 0.022018 0.020561 0.010468 0.000681 0.193629 0.008952 2.204365
0.743923 0.021997 0.020556 0.010416 0.000687 0.193462 0.008960 2.206581
0.744113 0.022003 0.020548 0.010418 0.000683 0.193269 0.008967 2.208781
0.744434 0.022001 0.020489 0.010399 0.000680 0.193022 0.008976 2.210922
0.744650 0.021963 0.020527 0.010358 0.000676 0.192842 0.008984 2.213100
0.744893 0.021985 0.020536 0.010356 0.000679 0.192558 0.008992 2.215262
0.745200 0.021916 0.020581 0.010334 0.000671 0.192296 0.009003 2.217449
0.745493 0.021908 0.020539 0.010323 0.000664 0.192064 0.009010 2.219581
0.745729 0.021938 0.020467 0.010268 0.000672 0.191908 0.009018 2.221702
0.745988 0.022006 0.020430 0.010195 0.000672 0.191685 0.009025 2.223824
0.746134 0.022087 0.020356 0.010184 0.000675 0.191533 0.009030 2.225921
0.746399 0.021999 0.020369 0.010207 0.000676 0.191314 0.009037 2.228131
0.746555 0.022037 0.020352 0.010206 0.000674 0.191133 0.009043 2.230266
0.746750 0.021993 0.020335 0.010222 0.000668 0.190985 0.009048 2.232479
0.746982 0.022033 0.020320 0.010194 0.000669 0.190748 0.009055 2.234574
0.747163 0.022037 0.020278 0.010204 0.000674 0.190585 0.009060 2.236755
0.747400 0.022029 0.020293 0.010211 0.000676 0.190323 0.009068 2.238908
0.747579 0.022085 0.020277 0.010225 0.000678 0.190080 0.009075 2.241043
0.747721 0.022109 0.020235 0.010238 0.000678 0.189935 0.009085 2.243210
0.747928 0.022085 0.020275 0.010214 0.000672 0.189732 0.009094 2.245402
0.748151 0.022054 0.020286 0.010254 0.000677 0.189478 0.009100 2.247582
0.748445 0.021934 0.020307 0.010241 0.000675 0.189290 0.009108 2.249800
0.748580 0.021981 0.020267 0.010240 0.000672 0.189146 0.009115 2.251949
0.748707 0.021939 0.020254 0.010286 0.000676 0.189018 0.009121 2.254168
0.748948 0.021968 0.020241 0.010230 0.000673 0.188812 0.009128 2.256295
0.749157 0.022015 0.020228 0.010238 0.000674 0.188551 0.009138 2.258444
0.749441 0.021986 0.020185 0.010203 0.000668 0.188369 0.009150 2.260587
0.749683 0.022046 0.020161 0.010190 0.000664 0.188098 0.009158 2.262667
0.749859 0.022019 0.020215 0.010166 0.000672 0.187905 0.009165 2.264857
0.750060 0.022021 0.020224 0.010162 0.000677 0.187686 0.009170 2.267009
0.750159 0.022033 0.020225 0.010139 0.000673 0.187592 0.009179 2.269176
0.750350 0.022031 0.020218 0.010139 0.000665 0.187409 0.009189 2.271345
0.750489 0.022066 0.020214 0.010107 0.000662 0.187266 0.009196 2.273476
0.750714 0.022018 0.020212 0.010089 0.000656 0.187108 0.009202 2.275635
0.750937 0.022029 0.020207 0.010076 0.000660 0.186880 0.009210 2.277800
0.751045 0.022019 0.020228 0.010126 0.000655 0.186704 0.009222 2.279988
0.751134 0.022141 0.020215 0.010070 0.000651 0.186556 0.009233 2.282107
0.751248 0.022150 0.020220 0.010067 0.000651 0.186425 0.009239 2.284324
0.751343 0.022176 0.020215 0.010075 0.000644 0.186298 0.009250 2.286493
0.751348 0.022247 0.020237 0.010078 0.000645 0.186187 0.009259 2.288653
0.751460 0.022266 0.020239 0.010049 0.000636 0.186082 0.009269 2.290863
0.751572 0.022275 0.020263 0.010046 0.000632 0.185936 0.009277 2.293047
0.751653 0.022341 0.020245 0.010052 0.000630 0.185792 0.009288 2.295247
0.751763 0.022306 0.020270 0.010077 0.000625 0.185663 0.009296 2.297471
0.751772 0.022430 0.020323 0.010041 0.000624 0.185505 0.009305 2.299649
0.751798 0.022553 0.020287 0.010061 0.000628 0.185361 0.009313 2.301798
0.751874 0.022551 0.020289 0.010099 0.000623 0.185245 0.009320 2.304037
0.751989 0.022492 0.020351 0.010094 0.000629 0.185117 0.009328 2.306268
0.752056 0.022524 0.020324 0.010150 0.000630 0.184981 0.009336 2.308468
0.752091 0.022602 0.020257 0.010159 0.000626 0.184918 0.009347 2.310643
0.752116 0.022616 0.020320 0.010157 0.000629 0.184810 0.009353 2.312897
0.752158 0.022753 0.020293 0.010150 0.000629 0.184652 0.009366 2.315074
0.752188 0.022759 0.020352 0.010141 0.000632 0.184556 0.009372 2.317321
0.752235 0.022827 0.020318 0.010153 0.000624 0.184463 0.009380 2.319515
0.752189 0.022913 0.020303 0.010178 0.000628 0.184404 0.009385 2.321721
0.752313 0.022907 0.020384 0.010168 0.000630 0.184208 0.009392 2.323969
0.752399 0.022943 0.020398 0.010199 0.000628 0.184032 0.009402 2.326164
0.752470 0.022907 0.020408 0.010193 0.000627 0.183985 0.009411 2.328415
0.752599 0.022903 0.020386 0.010221 0.000624 0.183845 0.009423 2.330622
0.752615 0.023038 0.020301 0.010197 0.000628 0.183791 0.009430 2.332794
0.752636 0.023010 0.020357 0.010226 0.000626 0.183708 0.009439 2.335069
0.752637 0.023003 0.020401 0.010262 0.000629 0.183621 0.009447 2.337352
0.752720 0.023028 0.020427 0.010319 0.000628 0.183422 0.009457 2.339581
0.752790 0.022936 0.020566 0.010342 0.000628 0.183272 0.009466 2.341894
0.752715 0.023026 0.020589 0.010368 0.000620 0.183204 0.009478 2.344116
0.752678 0.023053 0.020689 0.010363 0.000619 0.183112 0.009487 2.346380
0.752650 0.023096 0.020712 0.010370 0.000618 0.183057 0.009497 2.348658
0.752613 0.023132 0.020774 0.010431 0.000620 0.182925 0.009505 2.350941
0.752630 0.023114 0.020772 0.010509 0.000626 0.182836 0.009513 2.353246
0.752678 0.023127 0.020819 0.010487 0.000619 0.182752 0.009520 2.355479
0.752677 0.023185 0.020804 0.010448 0.000629 0.182731 0.009526 2.357697
0.752652 0.023197 0.020797 0.010521 0.000626 0.182670 0.009538 2.359992
0.752604 0.023244 0.020783 0.010525 0.000629 0.182674 0.009543 2.362267
0.752640 0.023195 0.020835 0.010585 0.000633 0.182562 0.009552 2.364577
0.752722 0.023095 0.020834 0.010634 0.000632 0.182523 0.009560 2.366880
0.752667 0.023195 0.020800 0.010621 0.000624 0.182524 0.009569 2.369111
0.752618 0.023285 0.020813 0.010636 0.000629 0.182441 0.009577 2.371371
0.752624 0.023278 0.020834 0.010658 0.000634 0.182387 0.009586 2.373658
0.752670 0.023265 0.020815 0.010708 0.000639 0.182314 0.009591 2.375921
0.752793 0.023173 0.020820 0.010704 0.000628 0.182280 0.009603 2.378194
0.752701 0.023218 0.020844 0.010733 0.000627 0.182266 0.009610 2.380465
0.752706 0.023224 0.020827 0.010735 0.000627 0.182266 0.009616 2.382696
0.752729 0.023202 0.020867 0.010760 0.000625 0.182194 0.009623 2.384980
0.752763 0.023191 0.020903 0.010763 0.000631 0.182119 0.009631 2.387266
0.752857 0.023126 0.020917 0.010781 0.000624 0.182055 0.009642 2.389543
0.752889 0.023168 0.020853 0.010761 0.000621 0.182061 0.009648 2.391752
0.752819 0.023192 0.020904 0.010745 0.000626 0.182059 0.009657 2.394023
0.752769 0.023190 0.020940 0.010720 0.000621 0.182094 0.009666 2.396282
0.752834 0.023169 0.020922 0.010724 0.000622 0.182055 0.009675 2.398558
0.752846 0.023141 0.020964 0.010693 0.000628 0.182043 0.009684 2.400836
0.752876 0.023152 0.020995 0.010670 0.000626 0.181985 0.009696 2.403097
0.752881 0.023146 0.020963 0.010644 0.000630 0.182034 0.009703 2.405347
0.752920 0.023170 0.020951 0.010614 0.000630 0.182004 0.009711 2.407599
0.752931 0.023228 0.020884 0.010643 0.000623 0.181972 0.009719 2.409865
0.752943 0.023225 0.020909 0.010644 0.000619 0.181933 0.009729 2.412110
0.752920 0.023237 0.020920 0.010595 0.000618 0.181971 0.009740 2.414358
0.752842 0.023252 0.020880 0.010576 0.000619 0.182085 0.009747 2.416619
0.752768 0.023330 0.020896 0.010540 0.000619 0.182093 0.009755 2.418911
0.752770 0.023329 0.020909 0.010565 0.000622 0.182039 0.009766 2.421216
0.752761 0.023339 0.020910 0.010592 0.000619 0.182004 0.009775 2.423508
0.752733 0.023373 0.020909 0.010590 0.000621 0.181987 0.009786 2.425772
0.752734 0.023337 0.020993 0.010555 0.000619 0.181966 0.009796 2.428074
0.752660 0.023312 0.021044 0.010588 0.000620 0.181972 0.009804 2.430417
0.752619 0.023320 0.021090 0.010621 0.000616 0.181920 0.009815 2.432736
0.752626 0.023339 0.021021 0.010657 0.000622 0.181916 0.009821 2.434996
0.752566 0.023398 0.021096 0.010652 0.000635 0.181824 0.009830 2.437281
0.752460 0.023428 0.021107 0.010642 0.000629 0.181897 0.009837 2.439543
0.752355 0.023514 0.021080 0.010700 0.000626 0.181877 0.009849 2.441805
0.752334 0.023453 0.021131 0.010748 0.000619 0.181860 0.009855 2.444130
0.752309 0.023495 0.021070 0.010768 0.000621 0.181875 0.009863 2.446401
0.752316 0.023422 0.021111 0.010837 0.000618 0.181827 0.009869 2.448786
0.752386 0.023375 0.021124 0.010857 0.000615 0.181767 0.009878 2.451060
0.752326 0.023391 0.021099 0.010843 0.000615 0.181840 0.009884 2.453312
0.752315 0.023394 0.021081 0.010833 0.000617 0.181869 0.009892 2.455561
0.752356 0.023331 0.021081 0.010834 0.000611 0.181884 0.009901 2.457852
0.752390 0.023276 0.021130 0.010826 0.000609 0.181857 0.009912 2.460149
0.752437 0.023220 0.021135 0.010841 0.000608 0.181841 0.009918 2.462468
0.752536 0.023134 0.021189 0.010804 0.000603 0.181811 0.009922 2.464742
0.752553 0.023121 0.021243 0.010766 0.000609 0.181779 0.009931 2.467010
0.752521 0.023127 0.021247 0.010787 0.000605 0.181775 0.009938 2.469303
0.752453 0.023173 0.021330 0.010775 0.000609 0.181717 0.009943 2.471589
0.752447 0.023113 0.021356 0.010792 0.000613 0.181732 0.009948 2.473913
0.752366 0.023116 0.021356 0.010731 0.000616 0.181861 0.009955 2.476175
0.752273 0.023163 0.021335 0.010711 0.000623 0.181934 0.009961 2.478426
0.752328 0.023124 0.021298 0.010728 0.000624 0.181931 0.009968 2.480701
0.752325 0.023222 0.021233 0.010744 0.000624 0.181878 0.009975 2.482904
0.752344 0.023260 0.021177 0.010743 0.000627 0.181866 0.009983 2.485152
0.752299 0.023272 0.021198 0.010707 0.000628 0.181907 0.009990 2.487427
0.752322 0.023315 0.021148 0.010707 0.000625 0.181884 0.009999 2.489692
0.752310 0.023311 0.021104 0.010699 0.000623 0.181947 0.010006 2.491970
0.752326 0.023307 0.021169 0.010652 0.000626 0.181906 0.010013 2.494242
0.752324 0.023352 0.021100 0.010646 0.000624 0.181936 0.010018 2.496470
0.752236 0.023365 0.021147 0.010651 0.000619 0.181956 0.010027 2.498808
0.752239 0.023303 0.021163 0.010658 0.000613 0.181991 0.010034 2.501105
0.752147 0.023409 0.021175 0.010664 0.000616 0.181946 0.010044 2.503365
0.752122 0.023436 0.021209 0.010636 0.000611 0.181934 0.010053 2.505648
0.752151 0.023439 0.021214 0.010614 0.000615 0.181909 0.010059 2.507924
0.752101 0.023396 0.021279 0.010643 0.000618 0.181897 0.010067 2.510280
0.752011 0.023392 0.021261 0.010690 0.000620 0.181953 0.010075 2.512598
0.751978 0.023381 0.021292 0.010704 0.000616 0.181944 0.010085 2.514889
0.752047 0.023343 0.021312 0.010699 0.000612 0.181894 0.010093 2.517201
0.752008 0.023351 0.021295 0.010709 0.000621 0.181915 0.010101 2.519481
0.752005 0.023285 0.021301 0.010757 0.000618 0.181927 0.010108 2.521798
0.752000 0.023203 0.021364 0.010766 0.000617 0.181935 0.010115 2.524119
0.752041 0.023197 0.021353 0.010779 0.000615 0.181893 0.010122 2.526400
0.752055 0.023131 0.021381 0.010811 0.000616 0.181881 0.010126 2.528715
0.752015 0.023187 0.021360 0.010756 0.000620 0.181927 0.010134 2.530943
0.752096 0.023069 0.021430 0.010771 0.000618 0.181873 0.010143 2.533264
0.752092 0.023120 0.021488 0.010739 0.000627 0.181784 0.010149 2.535525
0.752053 0.023119 0.021515 0.010710 0.000621 0.181822 0.010160 2.537794
0.751973 0.023177 0.021507 0.010649 0.000629 0.181899 0.010166 2.540036
0.751948 0.023241 0.021461 0.010618 0.000636 0.181925 0.010171 2.542267
0.751849 0.023339 0.021413 0.010616 0.000638 0.181967 0.010177 2.544520
0.751854 0.023232 0.021426 0.010628 0.000646 0.182029 0.010186 2.546880
0.751892 0.023207 0.021453 0.010613 0.000649 0.181995 0.010192 2.549152
0.751842 0.023207 0.021425 0.010660 0.000650 0.182013 0.010202 2.551479
0.751772 0.023246 0.021426 0.010657 0.000658 0.182035 0.010207 2.553748
0.751868 0.023183 0.021396 0.010680 0.000658 0.182001 0.010214 2.556063
0.751977 0.023177 0.021341 0.010660 0.000649 0.181972 0.010223 2.558296
0.751978 0.023165 0.021301 0.010685 0.000648 0.181994 0.010229 2.560570
0.752057 0.023113 0.021250 0.010672 0.000649 0.182025 0.010236 2.562827
0.752086 0.023078 0.021217 0.010692 0.000650 0.182035 0.010243 2.565071
0.752044 0.023088 0.021242 0.010684 0.000646 0.182041 0.010254 2.567331
0.752145 0.023022 0.021274 0.010666 0.000644 0.181984 0.010264 2.569593
0.752181 0.023024 0.021303 0.010650 0.000651 0.181924 0.010267 2.571839
0.752246 0.022985 0.021227 0.010667 0.000657 0.181942 0.010275 2.574127
0.752321 0.022920 0.021223 0.010649 0.000660 0.181942 0.010284 2.576364
0.752293 0.022921 0.021285 0.010619 0.000667 0.181925 0.010290 2.578660
0.752306 0.022921 0.021256 0.010593 0.000665 0.181960 0.010300 2.580912
0.752225 0.022967 0.021298 0.010596 0.000660 0.181949 0.010307 2.583185
0.752234 0.023010 0.021267 0.010614 0.000667 0.181891 0.010317 2.585434
0.752278 0.023027 0.021274 0.010632 0.000662 0.181803 0.010325 2.587708
0.752328 0.022998 0.021253 0.010671 0.000665 0.181755 0.010331 2.589982
0.752376 0.023053 0.021208 0.010621 0.000675 0.181728 0.010339 2.592206
0.752378 0.023132 0.021097 0.010632 0.000671 0.181740 0.010349 2.594411
0.752380 0.023128 0.021053 0.010651 0.000674 0.181757 0.010357 2.596677
0.752424 0.023108 0.021100 0.010625 0.000681 0.181699 0.010362 2.598942
0.752385 0.023150 0.021092 0.010624 0.000677 0.181695 0.010376 2.601176
0.752384 0.023214 0.021019 0.010603 0.000682 0.181714 0.010383 2.603420
0.752355 0.023269 0.021051 0.010585 0.000683 0.181668 0.010390 2.605676
0.752309 0.023263 0.021067 0.010631 0.000681 0.181648 0.010400 2.607985
0.752327 0.023303 0.021042 0.010641 0.000686 0.181591 0.010410 2.610238
0.752354 0.023273 0.021031 0.010638 0.000695 0.181593 0.010416 2.612510
0.752282 0.023335 0.021023 0.010688 0.000684 0.181564 0.010425 2.614820
0.752258 0.023300 0.021039 0.010679 0.000683 0.181603 0.010436 2.617099
0.752238 0.023308 0.021057 0.010715 0.000678 0.181562 0.010443 2.619393
0.752185 0.023377 0.021071 0.010659 0.000678 0.181577 0.010454 2.621620
0.752166 0.023321 0.021120 0.010685 0.000671 0.181572 0.010467 2.623952
0.752105 0.023312 0.021162 0.010683 0.000665 0.181594 0.010479 2.626255
0.752063 0.023308 0.021100 0.010686 0.000664 0.181693 0.010486 2.628538
0.751992 0.023295 0.021078 0.010677 0.000661 0.181804 0.010494 2.630815
0.751930 0.023287 0.021074 0.010674 0.000659 0.181876 0.010501 2.633104
0.751898 0.023334 0.021098 0.010649 0.000659 0.181853 0.010510 2.635349
0.751926 0.023285 0.021119 0.010667 0.000652 0.181834 0.010517 2.637615
0.751934 0.023294 0.021139 0.010643 0.000656 0.181813 0.010522 2.639897
0.751980 0.023264 0.021138 0.010674 0.000654 0.181763 0.010528 2.642212
0.752020 0.023159 0.021187 0.010676 0.000658 0.181766 0.010535 2.644521
0.751991 0.023102 0.021206 0.010688 0.000667 0.181804 0.010541 2.646838
0.752004 0.023050 0.021191 0.010665 0.000665 0.181874 0.010551 2.649122
0.752029 0.023070 0.021168 0.010649 0.000664 0.181857 0.010564 2.651331
0.752101 0.023067 0.021177 0.010635 0.000661 0.181788 0.010572 2.653573
0.752094 0.023075 0.021249 0.010641 0.000657 0.181707 0.010578 2.655864
0.752175 0.023017 0.021215 0.010651 0.000657 0.181699 0.010586 2.658150
0.752276 0.022964 0.021111 0.010658 0.000661 0.181738 0.010593 2.660412
0.752282 0.022944 0.021115 0.010669 0.000660 0.181731 0.010599 2.662658
0.752289 0.022949 0.021122 0.010672 0.000667 0.181699 0.010602 2.664920
0.752231 0.023013 0.021056 0.010639 0.000681 0.181770 0.010610 2.667148
0.752236 0.023031 0.021031 0.010653 0.000680 0.181750 0.010619 2.669435
0.752286 0.022965 0.021096 0.010665 0.000678 0.181681 0.010629 2.671714
0.752313 0.022986 0.021115 0.010610 0.000675 0.181663 0.010638 2.673958
0.752383 0.022960 0.021158 0.010614 0.000667 0.181570 0.010648 2.676218
0.752351 0.022964 0.021154 0.010618 0.000661 0.181596 0.010656 2.678481
0.752356 0.022987 0.021114 0.010637 0.000660 0.181583 0.010663 2.680755
0.752349 0.023014 0.021128 0.010643 0.000659 0.181538 0.010670 2.683011
0.752300 0.023006 0.021205 0.010642 0.000661 0.181507 0.010679 2.685334
0.752311 0.023006 0.021206 0.010584 0.000660 0.181545 0.010689 2.687584
0.752286 0.023026 0.021215 0.010539 0.000648 0.181588 0.010698 2.689854
0.752351 0.023001 0.021123 0.010532 0.000651 0.181640 0.010703 2.692077
0.752413 0.022965 0.021107 0.010541 0.000658 0.181610 0.010708 2.694339
0.752341 0.023041 0.021087 0.010529 0.000665 0.181623 0.010715 2.696567
0.752373 0.023126 0.020987 0.010507 0.000662 0.181623 0.010724 2.698761
0.752387 0.023091 0.021010 0.010535 0.000663 0.181582 0.010731 2.701046
0.752501 0.023022 0.021040 0.010522 0.000663 0.181518 0.010736 2.703333
0.752584 0.022871 0.021122 0.010554 0.000664 0.181463 0.010742 2.705703
0.752625 0.022853 0.021078 0.010575 0.000657 0.181461 0.010751 2.707935
0.752618 0.022863 0.021073 0.010588 0.000660 0.181439 0.010758 2.710205
0.752622 0.022835 0.021093 0.010580 0.000656 0.181447 0.010767 2.712490
0.752639 0.022873 0.021053 0.010612 0.000660 0.181390 0.010774 2.714706
0.752709 0.022912 0.020991 0.010583 0.000658 0.181363 0.010784 2.716879
0.752666 0.022873 0.021023 0.010623 0.000662 0.181362 0.010791 2.719167
0.752679 0.022888 0.021003 0.010618 0.000662 0.181353 0.010799 2.721406
0.752642 0.022951 0.021016 0.010635 0.000660 0.181289 0.010807 2.723643
0.752677 0.022869 0.021010 0.010623 0.000654 0.181350 0.010817 2.725933
0.752703 0.022823 0.021059 0.010646 0.000658 0.181287 0.010825 2.728213
0.752718 0.022870 0.021067 0.010637 0.000653 0.181225 0.010832 2.730415
0.752716 0.022861 0.021065 0.010632 0.000654 0.181231 0.010842 2.732657
0.752767 0.022878 0.021041 0.010574 0.000653 0.181236 0.010852 2.734850
0.752798 0.022813 0.021044 0.010577 0.000655 0.181254 0.010858 2.737143
0.752759 0.022806 0.021073 0.010563 0.000656 0.181280 0.010864 2.739384
0.752803 0.022753 0.021064 0.010566 0.000661 0.181284 0.010870 2.741659
0.752802 0.022827 0.021015 0.010492 0.000669 0.181318 0.010876 2.743831
0.752786 0.022807 0.021044 0.010521 0.000666 0.181293 0.010883 2.746096
0.752895 0.022803 0.021014 0.010509 0.000665 0.181221 0.010893 2.748297
0.752977 0.022722 0.020930 0.010525 0.000673 0.181275 0.010898 2.750536
0.752991 0.022713 0.020903 0.010521 0.000670 0.181297 0.010904 2.752767
0.753017 0.022674 0.020880 0.010544 0.000667 0.181303 0.010914 2.754982
0.753015 0.022690 0.020897 0.010537 0.000656 0.181284 0.010920 2.757208
0.753062 0.022700 0.020926 0.010562 0.000647 0.181175 0.010927 2.759449
0.753106 0.022727 0.020874 0.010570 0.000650 0.181138 0.010936 2.761636
0.753081 0.022792 0.020822 0.010600 0.000649 0.181111 0.010945 2.763836
0.753061 0.022791 0.020817 0.010588 0.000651 0.181142 0.010951 2.766114
0.753046 0.022785 0.020799 0.010591 0.000638 0.181183 0.010958 2.768344
0.752997 0.022849 0.020820 0.010573 0.000644 0.181153 0.010964 2.770554
0.753085 0.022763 0.020798 0.010613 0.000638 0.181131 0.010972 2.772821
0.753128 0.022864 0.020720 0.010560 0.000633 0.181116 0.010979 2.774964
0.753267 0.022797 0.020753 0.010567 0.000642 0.180990 0.010985 2.777216
0.753349 0.022731 0.020792 0.010576 0.000645 0.180913 0.010993 2.779473
0.753404 0.022716 0.020815 0.010562 0.000640 0.180861 0.011003 2.781708
0.753487 0.022769 0.020795 0.010564 0.000643 0.180732 0.011010 2.783897
0.753489 0.022781 0.020750 0.010560 0.000641 0.180761 0.011017 2.786130
0.753505 0.022817 0.020735 0.010516 0.000638 0.180762 0.011026 2.788347
0.753456 0.022799 0.020760 0.010549 0.000637 0.180765 0.011034 2.790595
0.753508 0.022746 0.020781 0.010535 0.000639 0.180749 0.011041 2.792856
0.753569 0.022700 0.020801 0.010555 0.000642 0.180684 0.011049 2.795117
0.753719 0.022543 0.020812 0.010537 0.000638 0.180690 0.011062 2.797407
0.753780 0.022620 0.020785 0.010508 0.000637 0.180602 0.011067 2.799583
0.753827 0.022655 0.020740 0.010471 0.000640 0.180595 0.011074 2.801749
0.753944 0.022551 0.020703 0.010486 0.000641 0.180593 0.011083 2.803999
0.754015 0.022555 0.020646 0.010523 0.000641 0.180525 0.011095 2.806213
0.753986 0.022548 0.020633 0.010553 0.000641 0.180539 0.011101 2.808447
0.754031 0.022511 0.020640 0.010546 0.000643 0.180519 0.011111 2.810665
0.754141 0.022543 0.020611 0.010576 0.000641 0.180370 0.011119 2.812842
0.754149 0.022512 0.020582 0.010565 0.000638 0.180430 0.011126 2.815065
0.754177 0.022508 0.020634 0.010559 0.000640 0.180354 0.011130 2.817315
0.754129 0.022550 0.020592 0.010544 0.000644 0.180404 0.011138 2.819545
0.754189 0.022600 0.020461 0.010511 0.000645 0.180452 0.011143 2.821701
0.754298 0.022526 0.020484 0.010484 0.000645 0.180412 0.011152 2.823931
0.754309 0.022524 0.020551 0.010450 0.000648 0.180361 0.011158 2.826158
0.754345 0.022532 0.020534 0.010440 0.000656 0.180331 0.011163 2.828334
0.754412 0.022565 0.020529 0.010443 0.000655 0.180224 0.011173 2.830548
0.754495 0.022514 0.020554 0.010494 0.000650 0.180112 0.011181 2.832773
0.754514 0.022534 0.020521 0.010480 0.000650 0.180112 0.011189 2.834963
0.754474 0.022615 0.020540 0.010450 0.000644 0.180077 0.011199 2.837173
0.754481 0.022677 0.020507 0.010413 0.000643 0.180073 0.011207 2.839352
0.754510 0.022656 0.020549 0.010467 0.000645 0.179961 0.011213 2.841594
0.754482 0.022689 0.020594 0.010480 0.000635 0.179899 0.011222 2.843848
