0.360488 0.061108 0.054809 0.031653 0.002033 0.484086 0.005823 1.587671
0.362367 0.059346 0.054677 0.031522 0.002026 0.484208 0.005853 1.593542
0.365021 0.057078 0.054466 0.031266 0.002025 0.484265 0.005880 1.599249
0.368130 0.054585 0.054257 0.030876 0.002026 0.484220 0.005905 1.604707
0.371461 0.052005 0.053930 0.030493 0.002025 0.484147 0.005937 1.609946
0.375049 0.049527 0.053341 0.030136 0.002019 0.483964 0.005964 1.614944
0.378741 0.047191 0.052617 0.029583 0.002015 0.483859 0.005993 1.619610
0.382483 0.044823 0.051988 0.029013 0.002012 0.483666 0.006016 1.624205
0.386557 0.042559 0.051177 0.028318 0.002011 0.483341 0.006037 1.628464
0.390562 0.040574 0.050240 0.027606 0.001998 0.482959 0.006061 1.632493
0.394681 0.038736 0.049209 0.026913 0.001992 0.482389 0.006080 1.636280
0.398828 0.036899 0.048248 0.026225 0.001992 0.481700 0.006107 1.639931
0.402979 0.035181 0.047222 0.025538 0.001997 0.480952 0.006131 1.643491
0.407162 0.033587 0.046135 0.024848 0.001985 0.480125 0.006158 1.646857
0.411548 0.032025 0.045063 0.024134 0.001964 0.479082 0.006184 1.650124
0.415844 0.030621 0.043884 0.023494 0.001952 0.477989 0.006216 1.653215
0.420111 0.029322 0.042716 0.022804 0.001942 0.476868 0.006237 1.656159
0.424527 0.028037 0.041651 0.022108 0.001920 0.475501 0.006256 1.659011
0.428961 0.026890 0.040619 0.021398 0.001894 0.473956 0.006282 1.661696
0.433334 0.025878 0.039510 0.020794 0.001872 0.472310 0.006303 1.664292
0.437743 0.024938 0.038381 0.020228 0.001848 0.470539 0.006322 1.666757
0.442091 0.024113 0.037274 0.019600 0.001822 0.468753 0.006347 1.669114
0.446471 0.023243 0.036116 0.018991 0.001793 0.467006 0.006380 1.671438
0.450942 0.022400 0.035102 0.018475 0.001783 0.464896 0.006402 1.673734
0.455288 0.021602 0.034068 0.017922 0.001758 0.462943 0.006420 1.675912
0.459641 0.020958 0.032985 0.017376 0.001741 0.460859 0.006440 1.677956
0.464071 0.020247 0.032063 0.016825 0.001734 0.458599 0.006461 1.679988
0.468434 0.019630 0.031152 0.016284 0.001699 0.456317 0.006483 1.681948
0.472825 0.019105 0.030169 0.015836 0.001671 0.453888 0.006505 1.683860
0.477200 0.018590 0.029321 0.015314 0.001647 0.451399 0.006529 1.685687
0.481493 0.018148 0.028466 0.014806 0.001623 0.448912 0.006551 1.687459
0.485792 0.017678 0.027574 0.014340 0.001602 0.446438 0.006575 1.689241
0.490102 0.017381 0.026677 0.013886 0.001578 0.443780 0.006596 1.690894
0.494305 0.016983 0.025950 0.013492 0.001544 0.441112 0.006613 1.692599
0.498535 0.016624 0.025117 0.013123 0.001518 0.438453 0.006630 1.694194
0.502763 0.016236 0.024421 0.012770 0.001489 0.435669 0.006652 1.695839
0.506847 0.015864 0.023803 0.012403 0.001458 0.432946 0.006678 1.697441
0.511046 0.015526 0.023137 0.012059 0.001433 0.430100 0.006698 1.699012
0.515131 0.015187 0.022538 0.011717 0.001401 0.427310 0.006716 1.700551
0.519222 0.014960 0.021927 0.011369 0.001373 0.424416 0.006734 1.702030
0.523340 0.014740 0.021349 0.011047 0.001337 0.421431 0.006757 1.703471
0.527393 0.014465 0.020830 0.010753 0.001317 0.418470 0.006771 1.704938
0.531416 0.014255 0.020247 0.010503 0.001283 0.415506 0.006790 1.706322
0.535396 0.014111 0.019674 0.010202 0.001261 0.412551 0.006807 1.707654
0.539310 0.013954 0.019195 0.009943 0.001239 0.409535 0.006823 1.709032
0.543247 0.013749 0.018736 0.009665 0.001217 0.406547 0.006838 1.710351
0.547229 0.013487 0.018342 0.009453 0.001188 0.403443 0.006859 1.711737
0.551073 0.013363 0.017891 0.009223 0.001166 0.400408 0.006876 1.713045
0.554916 0.013219 0.017477 0.009035 0.001142 0.397322 0.006891 1.714344
0.558736 0.013107 0.017093 0.008852 0.001111 0.394196 0.006906 1.715627
0.562428 0.012968 0.016763 0.008667 0.001082 0.391170 0.006921 1.716915
0.566132 0.012838 0.016449 0.008451 0.001070 0.388126 0.006935 1.718198
0.569793 0.012751 0.016127 0.008258 0.001052 0.385073 0.006946 1.719436
0.573492 0.012607 0.015842 0.008090 0.001032 0.381981 0.006957 1.720691
0.577120 0.012526 0.015545 0.007939 0.001020 0.378883 0.006969 1.721924
0.580800 0.012396 0.015252 0.007809 0.000999 0.375762 0.006983 1.723172
0.584267 0.012308 0.014976 0.007644 0.000978 0.372828 0.007000 1.724404
0.587717 0.012312 0.014662 0.007513 0.000952 0.369828 0.007016 1.725572
0.591137 0.012298 0.014409 0.007382 0.000929 0.366816 0.007030 1.726739
0.594580 0.012237 0.014195 0.007283 0.000906 0.363756 0.007044 1.727948
0.597864 0.012208 0.013957 0.007167 0.000889 0.360859 0.007056 1.729138
0.601228 0.012187 0.013761 0.007045 0.000882 0.357832 0.007064 1.730334
0.604526 0.012131 0.013632 0.006935 0.000864 0.354828 0.007083 1.731560
0.607795 0.012152 0.013392 0.006831 0.000841 0.351890 0.007098 1.732728
0.610953 0.012115 0.013260 0.006774 0.000815 0.348972 0.007111 1.733927
0.614087 0.012093 0.013067 0.006690 0.000794 0.346145 0.007124 1.735101
0.617297 0.012082 0.012884 0.006646 0.000778 0.343177 0.007134 1.736287
0.620393 0.012048 0.012749 0.006588 0.000757 0.340324 0.007142 1.737458
0.623399 0.012063 0.012637 0.006516 0.000736 0.337496 0.007155 1.738624
0.626414 0.011997 0.012551 0.006445 0.000729 0.334702 0.007163 1.739850
0.629352 0.012029 0.012439 0.006366 0.000720 0.331921 0.007173 1.741001
0.632279 0.012020 0.012366 0.006332 0.000714 0.329110 0.007179 1.742205
0.635123 0.012026 0.012255 0.006265 0.000701 0.326440 0.007191 1.743407
0.638093 0.012005 0.012175 0.006222 0.000689 0.323615 0.007202 1.744603
0.640994 0.012005 0.012089 0.006176 0.000677 0.320850 0.007210 1.745750
0.643749 0.012001 0.012015 0.006137 0.000663 0.318219 0.007216 1.746958
0.646446 0.012043 0.011952 0.006128 0.000637 0.315566 0.007227 1.748125
0.649197 0.012030 0.011909 0.006088 0.000626 0.312916 0.007235 1.749340
0.651896 0.012086 0.011831 0.006065 0.000612 0.310266 0.007244 1.750512
0.654553 0.012086 0.011811 0.006016 0.000605 0.307675 0.007255 1.751718
0.657133 0.012154 0.011702 0.006001 0.000595 0.305155 0.007262 1.752868
0.659679 0.012159 0.011629 0.005983 0.000587 0.302696 0.007268 1.754070
0.662277 0.012176 0.011604 0.005947 0.000582 0.300138 0.007277 1.755258
0.664714 0.012226 0.011556 0.005934 0.000573 0.297712 0.007286 1.756445
0.667278 0.012240 0.011560 0.005912 0.000566 0.295152 0.007293 1.757685
0.669672 0.012256 0.011549 0.005914 0.000556 0.292754 0.007299 1.758914
0.672101 0.012298 0.011558 0.005884 0.000543 0.290306 0.007312 1.760143
0.674478 0.012359 0.011460 0.005871 0.000530 0.287981 0.007321 1.761335
0.676724 0.012406 0.011456 0.005860 0.000529 0.285701 0.007325 1.762571
0.678923 0.012459 0.011463 0.005842 0.000527 0.283452 0.007335 1.763811
0.681156 0.012482 0.011501 0.005823 0.000520 0.281178 0.007340 1.765075
0.683295 0.012597 0.011489 0.005839 0.000512 0.278918 0.007350 1.766294
0.685453 0.012717 0.011498 0.005826 0.000505 0.276646 0.007355 1.767530
0.687649 0.012799 0.011477 0.005836 0.000499 0.274381 0.007361 1.768784
0.689708 0.012919 0.011438 0.005828 0.000500 0.272242 0.007366 1.769995
0.691611 0.013028 0.011475 0.005839 0.000491 0.270180 0.007375 1.771278
0.693634 0.013099 0.011554 0.005907 0.000484 0.267939 0.007383 1.772601
0.695490 0.013252 0.011571 0.005930 0.000482 0.265888 0.007388 1.773878
0.697393 0.013366 0.011615 0.005921 0.000476 0.263836 0.007393 1.775161
0.699201 0.013537 0.011664 0.005974 0.000468 0.261755 0.007401 1.776446
0.700973 0.013656 0.011731 0.006004 0.000467 0.259762 0.007407 1.777794
0.702648 0.013815 0.011788 0.006036 0.000463 0.257837 0.007414 1.779146
0.704322 0.013927 0.011838 0.006069 0.000454 0.255967 0.007422 1.780507
0.705953 0.014068 0.011883 0.006109 0.000442 0.254113 0.007431 1.781897
0.707618 0.014234 0.011920 0.006142 0.000440 0.252206 0.007440 1.783243
0.709297 0.014359 0.011964 0.006157 0.000437 0.250340 0.007446 1.784591
0.710865 0.014477 0.012041 0.006186 0.000436 0.248542 0.007453 1.785993
0.712449 0.014565 0.012113 0.006254 0.000432 0.246729 0.007458 1.787438
0.713998 0.014723 0.012185 0.006292 0.000431 0.244910 0.007461 1.788876
0.715422 0.014861 0.012245 0.006325 0.000431 0.243248 0.007467 1.790285
0.716781 0.014997 0.012314 0.006368 0.000422 0.241645 0.007473 1.791743
0.718225 0.015145 0.012401 0.006425 0.000420 0.239907 0.007478 1.793222
0.719517 0.015305 0.012482 0.006464 0.000418 0.238333 0.007481 1.794714
0.720811 0.015384 0.012600 0.006527 0.000415 0.236775 0.007489 1.796249
0.721985 0.015490 0.012715 0.006591 0.000416 0.235311 0.007493 1.797796
0.723241 0.015697 0.012808 0.006623 0.000416 0.233717 0.007497 1.799288
0.724434 0.015892 0.012915 0.006655 0.000417 0.232184 0.007502 1.800792
0.725605 0.016026 0.013023 0.006683 0.000419 0.230741 0.007505 1.802355
0.726747 0.016149 0.013127 0.006772 0.000417 0.229275 0.007511 1.803980
0.727831 0.016296 0.013260 0.006834 0.000414 0.227846 0.007518 1.805584
0.728927 0.016459 0.013317 0.006865 0.000413 0.226493 0.007525 1.807163
0.729956 0.016635 0.013446 0.006910 0.000409 0.225113 0.007531 1.808781
0.730958 0.016714 0.013571 0.006978 0.000408 0.223832 0.007537 1.810457
0.731889 0.016894 0.013624 0.007068 0.000410 0.222572 0.007543 1.812090
0.732875 0.017045 0.013736 0.007118 0.000409 0.221267 0.007550 1.813745
0.733824 0.017166 0.013856 0.007142 0.000409 0.220049 0.007555 1.815423
0.734661 0.017358 0.014006 0.007203 0.000406 0.218801 0.007566 1.817135
0.735425 0.017627 0.014092 0.007268 0.000408 0.217608 0.007572 1.818782
0.736260 0.017743 0.014226 0.007370 0.000409 0.216416 0.007576 1.820527
0.737016 0.017913 0.014334 0.007405 0.000415 0.215337 0.007580 1.822251
0.737707 0.018139 0.014457 0.007488 0.000414 0.214209 0.007586 1.823975
0.738343 0.018335 0.014643 0.007563 0.000417 0.213108 0.007591 1.825774
0.739051 0.018420 0.014828 0.007684 0.000418 0.212004 0.007597 1.827655
0.739655 0.018618 0.014869 0.007745 0.000424 0.211086 0.007604 1.829433
0.740293 0.018833 0.014942 0.007796 0.000423 0.210104 0.007609 1.831227
0.740926 0.019031 0.015045 0.007872 0.000423 0.209089 0.007615 1.833019
0.741548 0.019208 0.015145 0.007927 0.000418 0.208132 0.007621 1.834858
0.742127 0.019317 0.015327 0.008008 0.000427 0.207168 0.007626 1.836773
0.742720 0.019431 0.015522 0.008095 0.000432 0.206172 0.007631 1.838697
0.743152 0.019623 0.015597 0.008162 0.000435 0.205393 0.007638 1.840566
0.743581 0.019845 0.015699 0.008230 0.000439 0.204563 0.007643 1.842487
0.744092 0.019990 0.015886 0.008327 0.000443 0.203613 0.007649 1.844418
0.744434 0.020094 0.016037 0.008423 0.000449 0.202910 0.007654 1.846442
0.744780 0.020204 0.016234 0.008540 0.000448 0.202133 0.007660 1.848470
0.745153 0.020394 0.016323 0.008623 0.000445 0.201395 0.007667 1.850461
0.745606 0.020547 0.016388 0.008689 0.000441 0.200656 0.007672 1.852451
0.745913 0.020719 0.016542 0.008780 0.000438 0.199930 0.007677 1.854458
0.746213 0.020870 0.016712 0.008886 0.000440 0.199197 0.007681 1.856484
0.746602 0.020994 0.016864 0.008952 0.000446 0.198456 0.007687 1.858520
0.746843 0.021163 0.017086 0.008992 0.000448 0.197774 0.007694 1.860604
0.747078 0.021370 0.017188 0.009067 0.000454 0.197141 0.007703 1.862662
0.747283 0.021516 0.017310 0.009134 0.000462 0.196587 0.007709 1.864750
0.747390 0.021719 0.017452 0.009188 0.000463 0.196073 0.007716 1.866858
0.747512 0.021932 0.017573 0.009245 0.000460 0.195554 0.007724 1.868983
0.747646 0.022072 0.017740 0.009346 0.000464 0.195001 0.007729 1.871143
0.747883 0.022172 0.017928 0.009394 0.000466 0.194420 0.007738 1.873310
0.748026 0.022233 0.018121 0.009477 0.000462 0.193937 0.007745 1.875541
0.747980 0.022433 0.018274 0.009557 0.000462 0.193546 0.007750 1.877732
0.748057 0.022575 0.018477 0.009626 0.000465 0.193045 0.007755 1.879958
0.748087 0.022646 0.018630 0.009697 0.000469 0.192708 0.007764 1.882198
0.748037 0.022786 0.018781 0.009726 0.000471 0.192429 0.007771 1.884450
0.748069 0.022932 0.018956 0.009782 0.000470 0.192014 0.007777 1.886687
0.747995 0.023158 0.019061 0.009776 0.000473 0.191757 0.007782 1.888900
0.748029 0.023243 0.019207 0.009886 0.000473 0.191373 0.007788 1.891194
0.748122 0.023294 0.019343 0.009938 0.000470 0.191034 0.007799 1.893470
0.748085 0.023361 0.019502 0.009998 0.000474 0.190774 0.007807 1.895784
0.748147 0.023437 0.019688 0.010022 0.000481 0.190412 0.007814 1.898046
0.748149 0.023537 0.019771 0.010037 0.000490 0.190196 0.007820 1.900322
0.748176 0.023636 0.019873 0.010073 0.000494 0.189923 0.007825 1.902598
0.748121 0.023760 0.019978 0.010149 0.000493 0.189665 0.007832 1.904916
0.748059 0.023828 0.020079 0.010189 0.000502 0.189506 0.007836 1.907236
0.748032 0.023924 0.020178 0.010208 0.000501 0.189313 0.007845 1.909546
0.747990 0.023955 0.020306 0.010232 0.000509 0.189154 0.007854 1.911876
0.747988 0.024013 0.020443 0.010272 0.000517 0.188907 0.007860 1.914210
0.747878 0.024095 0.020496 0.010351 0.000508 0.188808 0.007864 1.916551
0.747815 0.024178 0.020592 0.010406 0.000518 0.188624 0.007869 1.918917
0.747800 0.024173 0.020708 0.010447 0.000519 0.188476 0.007876 1.921330
0.747737 0.024252 0.020792 0.010481 0.000527 0.188330 0.007880 1.923662
0.747665 0.024315 0.020902 0.010535 0.000535 0.188161 0.007888 1.926030
0.747605 0.024350 0.020978 0.010573 0.000537 0.188066 0.007892 1.928400
0.747505 0.024391 0.020998 0.010653 0.000534 0.188017 0.007903 1.930782
0.747493 0.024350 0.021089 0.010723 0.000535 0.187900 0.007909 1.933220
0.747488 0.024328 0.021170 0.010742 0.000543 0.187812 0.007917 1.935615
0.747343 0.024358 0.021188 0.010769 0.000550 0.187870 0.007922 1.937988
0.747388 0.024363 0.021272 0.010802 0.000547 0.187701 0.007927 1.940318
0.747338 0.024393 0.021343 0.010783 0.000547 0.187662 0.007934 1.942684
0.747251 0.024478 0.021433 0.010773 0.000547 0.187577 0.007941 1.945061
0.747188 0.024423 0.021497 0.010848 0.000553 0.187542 0.007949 1.947487
0.747140 0.024434 0.021480 0.010876 0.000554 0.187562 0.007954 1.949865
0.747130 0.024403 0.021514 0.010892 0.000559 0.187544 0.007960 1.952267
0.747051 0.024404 0.021516 0.010909 0.000563 0.187590 0.007968 1.954650
0.746971 0.024452 0.021604 0.010927 0.000566 0.187508 0.007973 1.957006
0.746907 0.024458 0.021583 0.010976 0.000568 0.187528 0.007980 1.959381
0.746931 0.024470 0.021634 0.010987 0.000576 0.187416 0.007986 1.961760
0.746854 0.024513 0.021652 0.011042 0.000585 0.187360 0.007993 1.964149
0.746847 0.024541 0.021654 0.011048 0.000594 0.187315 0.008001 1.966516
0.746777 0.024514 0.021701 0.011105 0.000600 0.187296 0.008008 1.968926
0.746713 0.024452 0.021741 0.011121 0.000607 0.187350 0.008015 1.971366
0.746704 0.024455 0.021718 0.011143 0.000613 0.187348 0.008019 1.973731
0.746759 0.024441 0.021817 0.011104 0.000615 0.187236 0.008029 1.976114
0.746845 0.024367 0.021890 0.011124 0.000616 0.187123 0.008037 1.978534
0.746781 0.024374 0.021946 0.011157 0.000617 0.187079 0.008048 1.980959
0.746770 0.024319 0.021993 0.011196 0.000633 0.187040 0.008051 1.983343
0.746804 0.024268 0.021982 0.011205 0.000628 0.187056 0.008059 1.985686
0.746751 0.024295 0.021970 0.011157 0.000638 0.187123 0.008067 1.988030
0.746820 0.024229 0.021956 0.011156 0.000634 0.187129 0.008076 1.990420
0.746785 0.024226 0.021988 0.011147 0.000636 0.187137 0.008082 1.992772
0.746852 0.024189 0.021956 0.011132 0.000637 0.187146 0.008090 1.995152
0.746785 0.024140 0.021981 0.011158 0.000642 0.187198 0.008097 1.997575
0.746753 0.024158 0.021984 0.011131 0.000631 0.187237 0.008107 1.999929
0.746735 0.024145 0.022013 0.011125 0.000631 0.187239 0.008113 2.002288
0.746651 0.024149 0.022036 0.011102 0.000630 0.187312 0.008121 2.004661
0.746669 0.024117 0.022062 0.011133 0.000636 0.187254 0.008129 2.007029
0.746618 0.024126 0.022073 0.011121 0.000638 0.187288 0.008137 2.009364
0.746624 0.024019 0.022074 0.011104 0.000636 0.187398 0.008145 2.011721
0.746674 0.023933 0.022057 0.011098 0.000643 0.187447 0.008149 2.014086
0.746735 0.023825 0.022133 0.011143 0.000645 0.187364 0.008155 2.016461
0.746830 0.023729 0.022148 0.011142 0.000649 0.187342 0.008162 2.018790
0.746867 0.023589 0.022151 0.011183 0.000648 0.187391 0.008170 2.021193
0.746978 0.023511 0.022050 0.011191 0.000652 0.187443 0.008176 2.023547
0.747128 0.023379 0.022030 0.011168 0.000654 0.187460 0.008183 2.025878
0.747243 0.023300 0.021962 0.011148 0.000652 0.187507 0.008189 2.028180
0.747300 0.023308 0.021889 0.011104 0.000646 0.187554 0.008199 2.030411
0.747372 0.023291 0.021867 0.011109 0.000650 0.187500 0.008210 2.032709
0.747475 0.023246 0.021808 0.011092 0.000648 0.187514 0.008219 2.034988
0.747599 0.023228 0.021813 0.011001 0.000660 0.187478 0.008222 2.037242
0.747774 0.023153 0.021786 0.010985 0.000655 0.187417 0.008231 2.039525
0.747843 0.023077 0.021778 0.010984 0.000653 0.187425 0.008240 2.041821
0.748015 0.022996 0.021764 0.010974 0.000650 0.187355 0.008246 2.044077
0.748187 0.022895 0.021687 0.010961 0.000650 0.187369 0.008252 2.046350
0.748309 0.022853 0.021634 0.010921 0.000646 0.187377 0.008261 2.048586
0.748537 0.022778 0.021543 0.010918 0.000651 0.187303 0.008270 2.050826
0.748679 0.022712 0.021493 0.010890 0.000651 0.187298 0.008277 2.053066
0.748780 0.022734 0.021484 0.010867 0.000643 0.187209 0.008284 2.055292
0.749031 0.022655 0.021406 0.010806 0.000650 0.187160 0.008291 2.057489
0.749144 0.022671 0.021336 0.010787 0.000652 0.187111 0.008299 2.059702
0.749317 0.022645 0.021319 0.010818 0.000652 0.186943 0.008306 2.061908
0.749469 0.022590 0.021216 0.010785 0.000651 0.186975 0.008315 2.064089
0.749706 0.022459 0.021205 0.010755 0.000648 0.186902 0.008326 2.066301
0.749911 0.022382 0.021175 0.010767 0.000648 0.186784 0.008335 2.068513
0.750190 0.022251 0.021124 0.010721 0.000648 0.186721 0.008345 2.070689
0.750408 0.022208 0.021055 0.010724 0.000642 0.186611 0.008352 2.072860
0.750634 0.022248 0.020968 0.010671 0.000644 0.186475 0.008360 2.074976
0.750901 0.022152 0.020907 0.010608 0.000649 0.186419 0.008364 2.077139
0.751109 0.022093 0.020871 0.010505 0.000656 0.186396 0.008370 2.079282
0.751366 0.022058 0.020800 0.010435 0.000652 0.186313 0.008377 2.081419
0.751618 0.021983 0.020757 0.010410 0.000649 0.186200 0.008385 2.083568
0.751883 0.021951 0.020743 0.010382 0.000660 0.185992 0.008391 2.085726
0.752152 0.021849 0.020671 0.010349 0.000667 0.185911 0.008401 2.087898
0.752391 0.021810 0.020581 0.010326 0.000657 0.185822 0.008413 2.090002
0.752685 0.021764 0.020516 0.010298 0.000646 0.185668 0.008424 2.092137
0.752867 0.021758 0.020455 0.010254 0.000643 0.185590 0.008433 2.094230
0.753170 0.021719 0.020361 0.010268 0.000649 0.185393 0.008440 2.096317
0.753361 0.021719 0.020325 0.010254 0.000653 0.185237 0.008451 2.098432
0.753636 0.021681 0.020321 0.010199 0.000653 0.185053 0.008459 2.100561
0.753938 0.021586 0.020331 0.010180 0.000652 0.184846 0.008467 2.102687
0.754198 0.021553 0.020272 0.010145 0.000650 0.184708 0.008475 2.104808
0.754357 0.021543 0.020205 0.010112 0.000648 0.184654 0.008482 2.106901
0.754632 0.021500 0.020175 0.009996 0.000646 0.184563 0.008489 2.108989
0.754918 0.021447 0.020139 0.009963 0.000651 0.184387 0.008496 2.111079
0.755147 0.021411 0.020107 0.009993 0.000658 0.184185 0.008500 2.113190
0.755446 0.021334 0.020080 0.009948 0.000663 0.184019 0.008510 2.115287
0.755662 0.021325 0.020054 0.009957 0.000659 0.183827 0.008517 2.117368
0.755818 0.021312 0.020036 0.009956 0.000662 0.183690 0.008526 2.119474
0.756015 0.021272 0.020058 0.009961 0.000663 0.183494 0.008536 2.121585
0.756227 0.021304 0.019984 0.009931 0.000668 0.183344 0.008542 2.123601
0.756393 0.021273 0.019990 0.009929 0.000672 0.183192 0.008551 2.125712
0.756647 0.021222 0.019980 0.009886 0.000666 0.183039 0.008560 2.127823
0.756868 0.021147 0.020026 0.009899 0.000658 0.182832 0.008570 2.130003
0.757128 0.021151 0.019991 0.009859 0.000654 0.182636 0.008581 2.132046
0.757404 0.021139 0.019908 0.009863 0.000655 0.182440 0.008590 2.134078
0.757650 0.021058 0.019882 0.009892 0.000657 0.182261 0.008598 2.136174
0.757949 0.020995 0.019804 0.009889 0.000661 0.182096 0.008605 2.138234
0.758130 0.021022 0.019740 0.009869 0.000664 0.181962 0.008615 2.140282
0.758361 0.020957 0.019718 0.009826 0.000664 0.181852 0.008621 2.142389
0.758592 0.020949 0.019684 0.009831 0.000660 0.181656 0.008630 2.144445
0.758823 0.020955 0.019703 0.009752 0.000659 0.181467 0.008643 2.146473
0.759095 0.020995 0.019618 0.009704 0.000649 0.181286 0.008653 2.148488
0.759244 0.021031 0.019608 0.009682 0.000658 0.181119 0.008659 2.150570
0.759530 0.020949 0.019594 0.009702 0.000649 0.180907 0.008668 2.152661
0.759683 0.020914 0.019639 0.009740 0.000649 0.180699 0.008674 2.154782
0.759953 0.020910 0.019601 0.009715 0.000641 0.180501 0.008680 2.156827
0.760174 0.020874 0.019572 0.009663 0.000637 0.180394 0.008687 2.158850
0.760378 0.020862 0.019517 0.009632 0.000633 0.180281 0.008698 2.160901
0.760609 0.020825 0.019482 0.009655 0.000640 0.180086 0.008703 2.162973
0.760885 0.020842 0.019414 0.009650 0.000639 0.179863 0.008710 2.164988
0.761130 0.020761 0.019443 0.009663 0.000632 0.179652 0.008720 2.167069
0.761399 0.020741 0.019447 0.009670 0.000626 0.179389 0.008730 2.169120
0.761537 0.020726 0.019389 0.009661 0.000624 0.179325 0.008738 2.171170
0.761757 0.020737 0.019359 0.009644 0.000617 0.179140 0.008746 2.173200
0.762045 0.020667 0.019428 0.009601 0.000618 0.178887 0.008754 2.175264
0.762238 0.020662 0.019411 0.009584 0.000621 0.178723 0.008762 2.177316
0.762536 0.020585 0.019317 0.009605 0.000619 0.178571 0.008768 2.179372
0.762752 0.020626 0.019271 0.009595 0.000623 0.178358 0.008775 2.181379
0.762936 0.020643 0.019266 0.009584 0.000624 0.178167 0.008781 2.183423
0.763090 0.020670 0.019228 0.009535 0.000621 0.178072 0.008784 2.185438
0.763286 0.020701 0.019167 0.009553 0.000613 0.177888 0.008792 2.187433
0.763464 0.020696 0.019181 0.009559 0.000616 0.177682 0.008801 2.189475
0.763610 0.020754 0.019184 0.009532 0.000610 0.177502 0.008809 2.191499
0.763765 0.020786 0.019109 0.009540 0.000606 0.177378 0.008816 2.193490
0.763930 0.020829 0.019068 0.009554 0.000607 0.177191 0.008822 2.195501
0.763990 0.020939 0.019033 0.009561 0.000599 0.177050 0.008829 2.197494
0.764105 0.020886 0.019129 0.009559 0.000598 0.176886 0.008838 2.199603
0.764287 0.020837 0.019086 0.009562 0.000595 0.176785 0.008848 2.201676
0.764447 0.020877 0.019064 0.009539 0.000593 0.176628 0.008853 2.203675
0.764579 0.020834 0.019101 0.009572 0.000590 0.176467 0.008858 2.205789
0.764713 0.020849 0.019129 0.009541 0.000593 0.176309 0.008867 2.207813
0.764846 0.020880 0.019140 0.009523 0.000588 0.176148 0.008875 2.209861
0.765079 0.020822 0.019112 0.009554 0.000591 0.175964 0.008879 2.211906
0.765218 0.020897 0.019103 0.009516 0.000593 0.175787 0.008886 2.213892
0.765294 0.020919 0.019115 0.009569 0.000587 0.175623 0.008893 2.215984
0.765427 0.020849 0.019148 0.009581 0.000594 0.175501 0.008900 2.218093
0.765560 0.020879 0.019131 0.009583 0.000596 0.175345 0.008906 2.220120
0.765667 0.020940 0.019155 0.009561 0.000594 0.175170 0.008914 2.222160
0.765808 0.020910 0.019122 0.009578 0.000595 0.175065 0.008923 2.224213
0.765915 0.020937 0.019113 0.009606 0.000588 0.174907 0.008935 2.226271
0.765977 0.021029 0.019151 0.009609 0.000588 0.174707 0.008940 2.228314
0.766090 0.021069 0.019150 0.009597 0.000590 0.174559 0.008946 2.230340
0.766213 0.020970 0.019211 0.009649 0.000588 0.174416 0.008954 2.232479
0.766308 0.021048 0.019245 0.009635 0.000583 0.174218 0.008965 2.234509
0.766485 0.021059 0.019230 0.009633 0.000590 0.174034 0.008970 2.236569
0.766480 0.021168 0.019246 0.009614 0.000586 0.173930 0.008977 2.238603
0.766495 0.021175 0.019277 0.009611 0.000583 0.173873 0.008986 2.240677
0.766573 0.021171 0.019252 0.009634 0.000581 0.173794 0.008995 2.242773
0.766706 0.021170 0.019325 0.009649 0.000576 0.173570 0.009003 2.244849
0.766744 0.021239 0.019344 0.009633 0.000579 0.173452 0.009009 2.246909
0.766818 0.021257 0.019328 0.009666 0.000581 0.173335 0.009014 2.249024
0.766898 0.021306 0.019301 0.009699 0.000581 0.173194 0.009022 2.251074
0.766965 0.021381 0.019297 0.009667 0.000588 0.173075 0.009028 2.253093
0.767072 0.021377 0.019310 0.009670 0.000590 0.172948 0.009033 2.255160
0.767069 0.021412 0.019363 0.009664 0.000589 0.172863 0.009041 2.257246
0.767209 0.021402 0.019325 0.009671 0.000598 0.172749 0.009046 2.259315
0.767371 0.021344 0.019351 0.009647 0.000600 0.172634 0.009054 2.261417
0.767338 0.021441 0.019307 0.009613 0.000593 0.172648 0.009060 2.263451
0.767410 0.021458 0.019354 0.009620 0.000599 0.172490 0.009069 2.265524
0.767464 0.021387 0.019427 0.009620 0.000596 0.172427 0.009079 2.267678
0.767435 0.021418 0.019431 0.009638 0.000595 0.172395 0.009089 2.269767
0.767425 0.021466 0.019457 0.009665 0.000597 0.172294 0.009095 2.271875
0.767508 0.021464 0.019417 0.009676 0.000597 0.172236 0.009102 2.273977
0.767497 0.021503 0.019440 0.009676 0.000592 0.172180 0.009112 2.276064
0.767518 0.021520 0.019500 0.009667 0.000590 0.172084 0.009120 2.278149
0.767537 0.021482 0.019544 0.009705 0.000584 0.172021 0.009129 2.280297
0.767592 0.021519 0.019611 0.009679 0.000580 0.171883 0.009137 2.282358
0.767651 0.021461 0.019604 0.009718 0.000585 0.171840 0.009142 2.284511
0.767616 0.021502 0.019611 0.009698 0.000584 0.171842 0.009147 2.286605
0.767636 0.021528 0.019636 0.009714 0.000590 0.171742 0.009154 2.288715
0.767635 0.021551 0.019654 0.009727 0.000585 0.171687 0.009161 2.290827
0.767707 0.021523 0.019657 0.009770 0.000588 0.171591 0.009165 2.292954
0.767694 0.021566 0.019662 0.009799 0.000590 0.171517 0.009173 2.295085
0.767699 0.021574 0.019673 0.009823 0.000585 0.171466 0.009181 2.297221
0.767745 0.021588 0.019638 0.009815 0.000586 0.171439 0.009189 2.299317
0.767776 0.021613 0.019658 0.009836 0.000585 0.171337 0.009197 2.301419
0.767804 0.021653 0.019636 0.009868 0.000577 0.171254 0.009206 2.303501
0.767846 0.021658 0.019597 0.009869 0.000583 0.171234 0.009214 2.305602
0.767875 0.021663 0.019609 0.009835 0.000587 0.171212 0.009220 2.307704
0.767924 0.021587 0.019683 0.009815 0.000590 0.171172 0.009228 2.309872
0.767851 0.021684 0.019625 0.009826 0.000587 0.171190 0.009236 2.311943
0.767837 0.021767 0.019602 0.009808 0.000586 0.171156 0.009243 2.314071
0.767945 0.021719 0.019633 0.009802 0.000589 0.171063 0.009249 2.316205
0.767940 0.021764 0.019626 0.009813 0.000586 0.171014 0.009255 2.318234
0.767892 0.021656 0.019689 0.009812 0.000586 0.171101 0.009264 2.320453
0.767973 0.021607 0.019683 0.009799 0.000592 0.171079 0.009267 2.322569
0.767892 0.021608 0.019678 0.009842 0.000586 0.171123 0.009273 2.324700
0.767860 0.021617 0.019725 0.009862 0.000582 0.171075 0.009278 2.326858
0.767977 0.021703 0.019600 0.009839 0.000590 0.171007 0.009285 2.328864
0.767931 0.021748 0.019605 0.009863 0.000589 0.170972 0.009292 2.331009
0.767964 0.021741 0.019615 0.009860 0.000588 0.170930 0.009303 2.333142
0.768014 0.021731 0.019581 0.009846 0.000583 0.170936 0.009310 2.335235
0.768038 0.021792 0.019583 0.009866 0.000579 0.170825 0.009317 2.337314
0.768048 0.021811 0.019611 0.009854 0.000585 0.170767 0.009326 2.339434
0.768047 0.021759 0.019687 0.009897 0.000587 0.170689 0.009333 2.341602
0.768109 0.021727 0.019738 0.009889 0.000585 0.170611 0.009342 2.343731
0.768061 0.021707 0.019758 0.009929 0.000582 0.170613 0.009352 2.345889
0.767999 0.021766 0.019738 0.009970 0.000580 0.170588 0.009360 2.348027
0.768053 0.021767 0.019782 0.009975 0.000584 0.170475 0.009366 2.350172
0.768070 0.021754 0.019830 0.009995 0.000579 0.170402 0.009372 2.352306
0.768024 0.021800 0.019832 0.009986 0.000582 0.170399 0.009379 2.354425
0.767990 0.021769 0.019864 0.009972 0.000580 0.170440 0.009386 2.356576
0.768028 0.021777 0.019855 0.010006 0.000579 0.170362 0.009394 2.358700
0.768036 0.021841 0.019782 0.009963 0.000586 0.170393 0.009399 2.360749
0.768006 0.021881 0.019809 0.009948 0.000588 0.170362 0.009406 2.362899
0.768070 0.021872 0.019836 0.009971 0.000577 0.170255 0.009420 2.365046
0.768008 0.021873 0.019828 0.009994 0.000580 0.170292 0.009426 2.367206
0.768009 0.021890 0.019831 0.009978 0.000582 0.170280 0.009430 2.369306
0.768090 0.021880 0.019751 0.009959 0.000583 0.170299 0.009439 2.371420
0.768114 0.021779 0.019796 0.009979 0.000582 0.170304 0.009447 2.373614
0.768153 0.021630 0.019811 0.009978 0.000585 0.170391 0.009453 2.375815
0.768181 0.021572 0.019835 0.010020 0.000591 0.170342 0.009461 2.377972
0.768147 0.021643 0.019791 0.010022 0.000593 0.170340 0.009465 2.380041
0.768181 0.021576 0.019784 0.010015 0.000590 0.170382 0.009471 2.382169
0.768279 0.021594 0.019779 0.009970 0.000596 0.170305 0.009478 2.384278
0.768305 0.021622 0.019733 0.009967 0.000599 0.170291 0.009483 2.386374
0.768324 0.021612 0.019694 0.009986 0.000590 0.170307 0.009489 2.388497
0.768344 0.021597 0.019723 0.010000 0.000590 0.170252 0.009494 2.390621
0.768336 0.021636 0.019720 0.010015 0.000589 0.170199 0.009504 2.392735
0.768455 0.021620 0.019725 0.009996 0.000591 0.170102 0.009511 2.394847
0.768429 0.021645 0.019722 0.010006 0.000588 0.170094 0.009517 2.396944
0.768453 0.021590 0.019773 0.010042 0.000584 0.170038 0.009522 2.399112
0.768441 0.021608 0.019800 0.009985 0.000590 0.170048 0.009528 2.401222
0.768398 0.021620 0.019796 0.009984 0.000588 0.170078 0.009535 2.403353
0.768380 0.021637 0.019826 0.009960 0.000579 0.170078 0.009540 2.405496
0.768420 0.021562 0.019810 0.009951 0.000584 0.170129 0.009545 2.407637
0.768433 0.021588 0.019813 0.009919 0.000588 0.170108 0.009551 2.409716
0.768436 0.021561 0.019827 0.009903 0.000584 0.170128 0.009561 2.411868
0.768384 0.021617 0.019783 0.009845 0.000595 0.170208 0.009568 2.413959
0.768409 0.021582 0.019807 0.009849 0.000594 0.170183 0.009577 2.416063
0.768321 0.021633 0.019753 0.009899 0.000588 0.170222 0.009585 2.418161
0.768249 0.021683 0.019771 0.009921 0.000593 0.170194 0.009589 2.420284
0.768231 0.021658 0.019814 0.009941 0.000597 0.170162 0.009597 2.422436
0.768316 0.021650 0.019754 0.009931 0.000593 0.170153 0.009603 2.424519
0.768310 0.021658 0.019665 0.009956 0.000586 0.170212 0.009614 2.426595
0.768311 0.021739 0.019614 0.009949 0.000588 0.170177 0.009622 2.428647
0.768287 0.021728 0.019694 0.009984 0.000593 0.170084 0.009629 2.430817
0.768324 0.021690 0.019692 0.009979 0.000599 0.170082 0.009635 2.432927
0.768254 0.021791 0.019660 0.009959 0.000598 0.170097 0.009642 2.434995
0.768295 0.021715 0.019627 0.010033 0.000594 0.170085 0.009652 2.437137
0.768320 0.021654 0.019677 0.010012 0.000589 0.170089 0.009660 2.439259
0.768266 0.021626 0.019772 0.010030 0.000589 0.170050 0.009669 2.441426
0.768257 0.021692 0.019764 0.009984 0.000594 0.170035 0.009677 2.443529
0.768194 0.021778 0.019810 0.009945 0.000596 0.169992 0.009685 2.445653
0.768288 0.021743 0.019784 0.009931 0.000603 0.169961 0.009690 2.447766
0.768230 0.021750 0.019857 0.009917 0.000606 0.169943 0.009698 2.449919
0.768243 0.021727 0.019865 0.009931 0.000613 0.169919 0.009703 2.452063
0.768265 0.021708 0.019856 0.009917 0.000613 0.169932 0.009709 2.454195
0.768254 0.021732 0.019842 0.009930 0.000613 0.169911 0.009718 2.456321
0.768240 0.021746 0.019849 0.009961 0.000616 0.169862 0.009727 2.458437
0.768289 0.021660 0.019858 0.009973 0.000605 0.169882 0.009735 2.460612
0.768268 0.021626 0.019904 0.009988 0.000604 0.169871 0.009740 2.462769
0.768227 0.021657 0.019918 0.009955 0.000606 0.169887 0.009749 2.464856
0.768174 0.021690 0.019932 0.009980 0.000604 0.169866 0.009755 2.467004
0.768170 0.021728 0.019844 0.009977 0.000614 0.169906 0.009761 2.469085
0.768172 0.021766 0.019861 0.009985 0.000623 0.169823 0.009770 2.471178
0.768138 0.021749 0.019935 0.009967 0.000631 0.169806 0.009775 2.473368
0.768176 0.021759 0.019933 0.009947 0.000633 0.169773 0.009780 2.475471
0.768068 0.021772 0.019901 0.009947 0.000635 0.169891 0.009787 2.477658
0.768056 0.021752 0.019948 0.009951 0.000635 0.169865 0.009794 2.479803
0.768095 0.021808 0.019882 0.009937 0.000630 0.169843 0.009803 2.481885
0.768029 0.021857 0.019882 0.009946 0.000627 0.169847 0.009810 2.484010
0.768026 0.021877 0.019865 0.009957 0.000638 0.169822 0.009814 2.486125
0.768056 0.021811 0.019859 0.009986 0.000638 0.169830 0.009820 2.488281
0.767950 0.021896 0.019849 0.009924 0.000643 0.169908 0.009829 2.490367
0.767956 0.021922 0.019787 0.009913 0.000642 0.169947 0.009835 2.492485
0.767881 0.021941 0.019791 0.009941 0.000642 0.169961 0.009844 2.494647
0.767822 0.021991 0.019805 0.009943 0.000636 0.169950 0.009854 2.496799
0.767792 0.021974 0.019887 0.009948 0.000640 0.169900 0.009860 2.498979
0.767752 0.021963 0.019901 0.009936 0.000640 0.169937 0.009870 2.501108
0.767770 0.021940 0.019922 0.009954 0.000641 0.169898 0.009876 2.503243
0.767782 0.021873 0.019978 0.009978 0.000645 0.169863 0.009881 2.505435
0.767752 0.021788 0.019995 0.009991 0.000648 0.169938 0.009887 2.507633
0.767752 0.021858 0.019986 0.009965 0.000642 0.169899 0.009898 2.509732
0.767711 0.021851 0.019945 0.009972 0.000646 0.169971 0.009904 2.511867
0.767681 0.021820 0.019914 0.009990 0.000634 0.170048 0.009913 2.514023
0.767652 0.021810 0.019966 0.009960 0.000632 0.170061 0.009919 2.516180
0.767585 0.021766 0.020014 0.010004 0.000629 0.170077 0.009926 2.518368
0.767540 0.021775 0.019993 0.010010 0.000630 0.170118 0.009936 2.520496
0.767545 0.021768 0.019998 0.010001 0.000621 0.170123 0.009945 2.522616
0.767577 0.021716 0.019992 0.010013 0.000624 0.170126 0.009951 2.524748
0.767558 0.021732 0.019953 0.010043 0.000629 0.170124 0.009961 2.526902
0.767535 0.021758 0.019920 0.010045 0.000629 0.170145 0.009967 2.529011
0.767653 0.021631 0.019919 0.010068 0.000627 0.170125 0.009978 2.531199
0.767659 0.021675 0.019892 0.010054 0.000629 0.170107 0.009985 2.533270
0.767620 0.021744 0.019874 0.010088 0.000631 0.170052 0.009992 2.535379
0.767618 0.021731 0.019927 0.010137 0.000625 0.169964 0.009997 2.537555
0.767618 0.021784 0.019853 0.010072 0.000615 0.170055 0.010004 2.539631
0.767612 0.021873 0.019858 0.010001 0.000614 0.170030 0.010012 2.541711
0.767670 0.021833 0.019808 0.009991 0.000619 0.170063 0.010017 2.543860
0.767679 0.021806 0.019785 0.010018 0.000615 0.170074 0.010025 2.546005
0.767677 0.021772 0.019775 0.010020 0.000598 0.170124 0.010035 2.548161
0.767714 0.021792 0.019734 0.010052 0.000601 0.170064 0.010044 2.550251
0.767777 0.021784 0.019669 0.010072 0.000598 0.170052 0.010049 2.552342
0.767679 0.021844 0.019713 0.010085 0.000597 0.170026 0.010055 2.554444
0.767652 0.021899 0.019717 0.010063 0.000598 0.170007 0.010063 2.556545
0.767543 0.021859 0.019752 0.010135 0.000601 0.170042 0.010067 2.558755
0.767579 0.021831 0.019781 0.010124 0.000601 0.170009 0.010074 2.560909
0.767617 0.021806 0.019751 0.010145 0.000607 0.169994 0.010080 2.563024
0.767664 0.021769 0.019765 0.010107 0.000613 0.169994 0.010088 2.565179
0.767695 0.021745 0.019706 0.010130 0.000617 0.170011 0.010096 2.567297
0.767760 0.021658 0.019703 0.010110 0.000623 0.170042 0.010104 2.569446
0.767740 0.021647 0.019689 0.010116 0.000624 0.170070 0.010115 2.571576
0.767814 0.021559 0.019659 0.010108 0.000627 0.170111 0.010123 2.573718
0.767815 0.021562 0.019638 0.010081 0.000622 0.170149 0.010133 2.575843
0.767848 0.021545 0.019626 0.010023 0.000614 0.170205 0.010140 2.577952
0.767865 0.021523 0.019613 0.009995 0.000616 0.170240 0.010148 2.580063
0.767841 0.021539 0.019629 0.010020 0.000612 0.170204 0.010155 2.582179
0.767881 0.021440 0.019700 0.010008 0.000616 0.170194 0.010162 2.584312
0.767861 0.021474 0.019680 0.009951 0.000611 0.170251 0.010172 2.586410
0.767926 0.021419 0.019702 0.009949 0.000621 0.170208 0.010176 2.588538
0.767979 0.021429 0.019651 0.009918 0.000627 0.170213 0.010184 2.590613
0.768024 0.021487 0.019602 0.009933 0.000616 0.170147 0.010192 2.592662
0.768104 0.021472 0.019573 0.009923 0.000618 0.170113 0.010197 2.594729
0.768179 0.021379 0.019589 0.009917 0.000618 0.170114 0.010204 2.596877
0.768221 0.021335 0.019578 0.009931 0.000624 0.170101 0.010211 2.599036
0.768281 0.021375 0.019520 0.009910 0.000627 0.170066 0.010222 2.601119
0.768266 0.021385 0.019635 0.009949 0.000628 0.169911 0.010228 2.603250
0.768297 0.021378 0.019620 0.009942 0.000614 0.169913 0.010238 2.605353
0.768217 0.021462 0.019546 0.009906 0.000611 0.170013 0.010245 2.607407
0.768337 0.021459 0.019515 0.009892 0.000611 0.169935 0.010251 2.609485
0.768379 0.021378 0.019498 0.009886 0.000610 0.169993 0.010258 2.611628
0.768392 0.021391 0.019507 0.009882 0.000610 0.169949 0.010270 2.613722
0.768510 0.021287 0.019563 0.009861 0.000606 0.169897 0.010277 2.615867
0.768581 0.021272 0.019530 0.009823 0.000609 0.169899 0.010286 2.617933
0.768654 0.021225 0.019596 0.009827 0.000602 0.169801 0.010294 2.620050
0.768844 0.021162 0.019546 0.009816 0.000601 0.169729 0.010302 2.622126
0.768865 0.021256 0.019470 0.009780 0.000596 0.169720 0.010312 2.624159
0.768846 0.021269 0.019468 0.009777 0.000591 0.169730 0.010320 2.626259
0.768908 0.021204 0.019485 0.009767 0.000597 0.169712 0.010327 2.628383
0.768987 0.021123 0.019481 0.009776 0.000591 0.169705 0.010337 2.630513
0.769047 0.021114 0.019478 0.009753 0.000589 0.169674 0.010347 2.632601
0.769085 0.021165 0.019401 0.009738 0.000596 0.169657 0.010358 2.634638
0.769162 0.021175 0.019391 0.009700 0.000598 0.169609 0.010364 2.636676
0.769238 0.021167 0.019390 0.009690 0.000598 0.169542 0.010374 2.638768
0.769223 0.021151 0.019412 0.009668 0.000597 0.169565 0.010385 2.640863
0.769302 0.021128 0.019397 0.009662 0.000600 0.169521 0.010390 2.642953
0.769280 0.021198 0.019388 0.009649 0.000593 0.169497 0.010396 2.644970
0.769301 0.021180 0.019392 0.009684 0.000591 0.169446 0.010405 2.647071
0.769348 0.021150 0.019324 0.009724 0.000589 0.169452 0.010413 2.649162
0.769336 0.021192 0.019331 0.009769 0.000585 0.169368 0.010420 2.651229
0.769371 0.021188 0.019335 0.009767 0.000587 0.169326 0.010426 2.653314
0.769393 0.021159 0.019339 0.009721 0.000577 0.169375 0.010435 2.655398
0.769393 0.021112 0.019362 0.009713 0.000566 0.169409 0.010444 2.657492
0.769463 0.021178 0.019309 0.009696 0.000567 0.169336 0.010451 2.659478
0.769526 0.021148 0.019285 0.009709 0.000566 0.169310 0.010458 2.661565
0.769579 0.021117 0.019325 0.009723 0.000564 0.169228 0.010465 2.663679
0.769611 0.021112 0.019376 0.009706 0.000570 0.169151 0.010474 2.665769
0.769638 0.021160 0.019346 0.009701 0.000576 0.169098 0.010481 2.667784
0.769690 0.021138 0.019353 0.009724 0.000578 0.169028 0.010490 2.669885
0.769736 0.021150 0.019333 0.009709 0.000580 0.168996 0.010496 2.671929
0.769745 0.021184 0.019350 0.009692 0.000578 0.168951 0.010501 2.674019
0.769771 0.021230 0.019353 0.009679 0.000576 0.168884 0.010508 2.676069
0.769800 0.021203 0.019366 0.009685 0.000580 0.168851 0.010515 2.678174
0.769867 0.021220 0.019329 0.009671 0.000589 0.168804 0.010521 2.680222
0.769939 0.021173 0.019315 0.009663 0.000593 0.168791 0.010526 2.682339
0.769919 0.021155 0.019333 0.009675 0.000600 0.168789 0.010530 2.684442
0.769936 0.021260 0.019326 0.009647 0.000598 0.168696 0.010538 2.686468
0.769937 0.021343 0.019305 0.009621 0.000602 0.168649 0.010545 2.688494
0.770007 0.021300 0.019367 0.009656 0.000596 0.168517 0.010557 2.690604
0.769981 0.021324 0.019395 0.009647 0.000602 0.168489 0.010562 2.692672
0.769927 0.021397 0.019365 0.009648 0.000602 0.168493 0.010568 2.694749
0.769922 0.021468 0.019388 0.009617 0.000602 0.168433 0.010572 2.696765
0.769921 0.021491 0.019408 0.009665 0.000602 0.168336 0.010578 2.698874
0.769947 0.021417 0.019460 0.009707 0.000600 0.168284 0.010586 2.701010
0.769897 0.021463 0.019490 0.009743 0.000600 0.168213 0.010595 2.703091
0.769916 0.021436 0.019571 0.009769 0.000604 0.168101 0.010602 2.705220
0.769918 0.021412 0.019582 0.009764 0.000604 0.168106 0.010614 2.707349
0.769961 0.021397 0.019571 0.009759 0.000610 0.168080 0.010621 2.709464
0.770000 0.021390 0.019528 0.009755 0.000601 0.168100 0.010629 2.711525
0.769966 0.021408 0.019532 0.009733 0.000603 0.168124 0.010634 2.713634
0.770015 0.021350 0.019497 0.009760 0.000596 0.168142 0.010641 2.715728
0.770080 0.021284 0.019493 0.009750 0.000602 0.168142 0.010651 2.717832
0.770061 0.021334 0.019485 0.009764 0.000605 0.168092 0.010658 2.719913
0.770056 0.021358 0.019480 0.009744 0.000613 0.168083 0.010666 2.722009
0.770066 0.021451 0.019419 0.009707 0.000606 0.168077 0.010674 2.724050
0.770070 0.021396 0.019400 0.009721 0.000602 0.168129 0.010682 2.726161
0.770079 0.021422 0.019404 0.009715 0.000603 0.168090 0.010688 2.728237
0.770099 0.021428 0.019398 0.009730 0.000598 0.168053 0.010695 2.730345
