0.347061 0.062338 0.055617 0.031923 0.002097 0.494899 0.006065 1.620433
0.348258 0.061188 0.055614 0.031868 0.002097 0.494886 0.006091 1.626570
0.349766 0.059867 0.055490 0.031752 0.002108 0.494902 0.006115 1.632542
0.351660 0.058554 0.055178 0.031535 0.002101 0.494827 0.006145 1.638229
0.353532 0.057140 0.054934 0.031367 0.002092 0.494768 0.006170 1.643923
0.355593 0.055620 0.054698 0.031122 0.002090 0.494676 0.006201 1.649478
0.357714 0.054229 0.054308 0.030765 0.002084 0.494675 0.006226 1.654870
0.359979 0.052848 0.053842 0.030439 0.002085 0.494557 0.006250 1.660133
0.362500 0.051367 0.053444 0.030127 0.002078 0.494214 0.006270 1.665326
0.364949 0.049965 0.053021 0.029758 0.002080 0.493935 0.006293 1.670428
0.367412 0.048770 0.052396 0.029323 0.002066 0.493716 0.006318 1.675303
0.369884 0.047647 0.051735 0.028960 0.002057 0.493371 0.006348 1.680090
0.372496 0.046613 0.050942 0.028601 0.002041 0.492929 0.006377 1.684688
0.375130 0.045610 0.050278 0.028156 0.002023 0.492394 0.006410 1.689240
0.377663 0.044757 0.049560 0.027708 0.002009 0.491869 0.006436 1.693659
0.380351 0.043860 0.048854 0.027252 0.002009 0.491221 0.006453 1.698025
0.383012 0.043080 0.048167 0.026786 0.001987 0.490488 0.006482 1.702232
0.385678 0.042343 0.047430 0.026396 0.001982 0.489665 0.006504 1.706445
0.388284 0.041508 0.046813 0.026017 0.001975 0.488873 0.006529 1.710689
0.391060 0.040840 0.046103 0.025597 0.001949 0.487894 0.006559 1.714764
0.393823 0.040344 0.045381 0.025151 0.001939 0.486782 0.006581 1.718650
0.396599 0.039785 0.044803 0.024774 0.001922 0.485508 0.006609 1.722567
0.399362 0.039283 0.044123 0.024385 0.001919 0.484297 0.006631 1.726395
0.402136 0.038839 0.043408 0.024017 0.001904 0.483044 0.006651 1.730172
0.404740 0.038326 0.042856 0.023585 0.001881 0.481931 0.006681 1.733984
0.407497 0.037840 0.042208 0.023193 0.001867 0.480691 0.006704 1.737690
0.410159 0.037525 0.041520 0.022791 0.001868 0.479416 0.006722 1.741329
0.412956 0.037165 0.040958 0.022457 0.001850 0.477866 0.006746 1.744976
0.415593 0.036791 0.040422 0.022182 0.001836 0.476407 0.006769 1.748604
0.418126 0.036473 0.039839 0.021857 0.001823 0.475094 0.006788 1.752204
0.420787 0.036171 0.039391 0.021611 0.001813 0.473422 0.006805 1.755825
0.423291 0.036041 0.038856 0.021292 0.001798 0.471895 0.006827 1.759335
0.425914 0.035834 0.038369 0.021048 0.001771 0.470214 0.006850 1.762810
0.428496 0.035708 0.037892 0.020745 0.001755 0.468531 0.006873 1.766272
0.431005 0.035486 0.037486 0.020572 0.001739 0.466817 0.006895 1.769838
0.433500 0.035466 0.037031 0.020343 0.001715 0.465021 0.006923 1.773245
0.435929 0.035366 0.036648 0.020170 0.001705 0.463239 0.006944 1.776724
0.438290 0.035216 0.036324 0.019904 0.001687 0.461612 0.006967 1.780159
0.440688 0.035083 0.035976 0.019759 0.001664 0.459839 0.006990 1.783608
0.443100 0.034948 0.035525 0.019567 0.001647 0.458201 0.007014 1.787024
0.445473 0.034945 0.035172 0.019328 0.001640 0.456406 0.007036 1.790347
0.447791 0.034919 0.034840 0.019178 0.001626 0.454590 0.007058 1.793780
0.450109 0.034927 0.034543 0.019018 0.001620 0.452711 0.007074 1.797200
0.452456 0.034827 0.034395 0.018886 0.001601 0.450742 0.007094 1.800654
0.454713 0.034771 0.034155 0.018754 0.001587 0.448905 0.007115 1.804091
0.456846 0.034706 0.033931 0.018625 0.001575 0.447181 0.007136 1.807522
0.459017 0.034717 0.033820 0.018500 0.001561 0.445227 0.007159 1.810967
0.461223 0.034795 0.033577 0.018421 0.001533 0.443269 0.007181 1.814345
0.463321 0.034855 0.033404 0.018322 0.001520 0.441377 0.007201 1.817717
0.465394 0.034863 0.033297 0.018245 0.001517 0.439467 0.007218 1.821102
0.467395 0.034962 0.033114 0.018082 0.001511 0.437697 0.007239 1.824449
0.469312 0.035001 0.032956 0.018012 0.001501 0.435962 0.007255 1.827911
0.471121 0.035087 0.032889 0.017892 0.001484 0.434253 0.007276 1.831361
0.473023 0.035185 0.032728 0.017813 0.001469 0.432487 0.007296 1.834822
0.474913 0.035259 0.032705 0.017765 0.001453 0.430591 0.007314 1.838307
0.476693 0.035432 0.032605 0.017739 0.001437 0.428764 0.007331 1.841737
0.478398 0.035574 0.032539 0.017632 0.001431 0.427071 0.007355 1.845195
0.480073 0.035747 0.032485 0.017620 0.001419 0.425281 0.007375 1.848641
0.481822 0.035909 0.032390 0.017573 0.001410 0.423504 0.007393 1.852069
0.483467 0.035991 0.032440 0.017592 0.001402 0.421698 0.007410 1.855643
0.485073 0.036166 0.032447 0.017549 0.001395 0.419937 0.007433 1.859167
0.486668 0.036269 0.032368 0.017602 0.001381 0.418255 0.007458 1.862709
0.488186 0.036423 0.032366 0.017629 0.001367 0.416552 0.007478 1.866296
0.489664 0.036567 0.032373 0.017665 0.001363 0.414878 0.007491 1.869922
0.491077 0.036741 0.032372 0.017680 0.001361 0.413257 0.007511 1.873541
0.492429 0.036924 0.032403 0.017692 0.001364 0.411663 0.007526 1.877141
0.493727 0.037160 0.032435 0.017677 0.001352 0.410102 0.007548 1.880728
0.495055 0.037257 0.032406 0.017749 0.001341 0.408621 0.007572 1.884397
0.496252 0.037419 0.032465 0.017751 0.001331 0.407191 0.007593 1.888062
0.497320 0.037662 0.032501 0.017721 0.001319 0.405871 0.007605 1.891735
0.498507 0.037771 0.032609 0.017785 0.001312 0.404393 0.007624 1.895514
0.499599 0.037978 0.032625 0.017806 0.001312 0.403041 0.007641 1.899197
0.500694 0.038233 0.032658 0.017830 0.001293 0.401632 0.007660 1.902853
0.501832 0.038299 0.032824 0.017925 0.001276 0.400166 0.007678 1.906677
0.502835 0.038524 0.032872 0.017943 0.001280 0.398852 0.007693 1.910445
0.503897 0.038753 0.032965 0.017983 0.001265 0.397428 0.007709 1.914242
0.504792 0.039011 0.033000 0.018064 0.001258 0.396150 0.007725 1.918014
0.505879 0.039165 0.033092 0.018099 0.001257 0.394768 0.007741 1.921788
0.506786 0.039335 0.033213 0.018139 0.001256 0.393515 0.007755 1.925628
0.507575 0.039544 0.033382 0.018202 0.001265 0.392261 0.007771 1.929499
0.508378 0.039790 0.033537 0.018308 0.001264 0.390938 0.007786 1.933378
0.509231 0.040042 0.033620 0.018354 0.001254 0.389698 0.007803 1.937242
0.509962 0.040310 0.033704 0.018456 0.001247 0.388509 0.007813 1.941160
0.510641 0.040527 0.033825 0.018537 0.001251 0.387391 0.007827 1.945080
0.511305 0.040698 0.033975 0.018613 0.001254 0.386311 0.007844 1.949058
0.512005 0.040827 0.034096 0.018664 0.001250 0.385298 0.007860 1.953041
0.512688 0.040861 0.034301 0.018766 0.001249 0.384256 0.007879 1.957125
0.513068 0.041144 0.034494 0.018844 0.001253 0.383304 0.007894 1.961137
0.513673 0.041252 0.034695 0.018916 0.001248 0.382302 0.007914 1.965211
0.514073 0.041468 0.034762 0.018994 0.001243 0.381528 0.007933 1.969242
0.514565 0.041564 0.034959 0.019104 0.001248 0.380611 0.007949 1.973394
0.515033 0.041754 0.035041 0.019190 0.001253 0.379762 0.007967 1.977479
0.515531 0.041951 0.035124 0.019210 0.001253 0.378947 0.007984 1.981516
0.516067 0.042023 0.035299 0.019269 0.001256 0.378081 0.008005 1.985656
0.516528 0.042109 0.035510 0.019358 0.001267 0.377214 0.008015 1.989853
0.516892 0.042313 0.035566 0.019413 0.001260 0.376524 0.008032 1.993934
0.517390 0.042442 0.035642 0.019480 0.001256 0.375743 0.008048 1.998042
0.517738 0.042527 0.035742 0.019544 0.001256 0.375133 0.008060 2.002218
0.518110 0.042726 0.035842 0.019620 0.001267 0.374360 0.008076 2.006315
0.518422 0.042825 0.036024 0.019672 0.001264 0.373700 0.008094 2.010548
0.518800 0.042944 0.036129 0.019712 0.001267 0.373039 0.008108 2.014724
0.519134 0.042985 0.036397 0.019827 0.001254 0.372274 0.008129 2.018993
0.519487 0.043023 0.036551 0.019957 0.001262 0.371578 0.008142 2.023242
0.519846 0.043128 0.036626 0.020021 0.001255 0.370962 0.008162 2.027438
0.520196 0.043304 0.036773 0.020029 0.001251 0.370271 0.008177 2.031618
0.520471 0.043439 0.036859 0.020044 0.001255 0.369737 0.008196 2.035858
0.520651 0.043544 0.036968 0.020074 0.001259 0.369290 0.008213 2.040118
0.520899 0.043665 0.037042 0.020118 0.001255 0.368788 0.008232 2.044355
0.521189 0.043705 0.037127 0.020145 0.001259 0.368331 0.008244 2.048657
0.521539 0.043740 0.037244 0.020166 0.001266 0.367785 0.008261 2.052897
0.521733 0.043885 0.037337 0.020287 0.001264 0.367217 0.008276 2.057216
0.521920 0.044044 0.037382 0.020408 0.001272 0.366686 0.008288 2.061455
0.522155 0.044101 0.037483 0.020381 0.001282 0.366295 0.008304 2.065715
0.522404 0.044140 0.037610 0.020388 0.001291 0.365847 0.008319 2.070008
0.522599 0.044179 0.037773 0.020422 0.001283 0.365409 0.008335 2.074352
0.522817 0.044131 0.037963 0.020517 0.001296 0.364923 0.008351 2.078749
0.523043 0.044091 0.038062 0.020644 0.001298 0.364494 0.008367 2.083136
0.523094 0.044132 0.038215 0.020726 0.001306 0.364140 0.008386 2.087519
0.523204 0.044175 0.038315 0.020794 0.001318 0.363796 0.008398 2.091870
0.523351 0.044245 0.038362 0.020828 0.001320 0.363479 0.008414 2.096167
0.523495 0.044269 0.038465 0.020939 0.001321 0.363077 0.008433 2.100508
0.523690 0.044265 0.038542 0.020998 0.001323 0.362735 0.008445 2.104845
0.523755 0.044341 0.038600 0.021002 0.001321 0.362518 0.008463 2.109174
0.523931 0.044396 0.038697 0.021039 0.001308 0.362147 0.008483 2.113507
0.524096 0.044410 0.038756 0.021088 0.001304 0.361847 0.008499 2.117837
0.524326 0.044401 0.038802 0.021051 0.001316 0.361595 0.008508 2.122159
0.524425 0.044492 0.038882 0.021039 0.001332 0.361302 0.008528 2.126493
0.524380 0.044645 0.038803 0.021046 0.001332 0.361250 0.008544 2.130796
0.524542 0.044581 0.038866 0.021125 0.001333 0.360994 0.008560 2.135177
0.524747 0.044518 0.038929 0.021194 0.001328 0.360708 0.008577 2.139560
0.525017 0.044355 0.038986 0.021244 0.001339 0.360465 0.008595 2.143992
0.525222 0.044431 0.039095 0.021182 0.001330 0.360126 0.008614 2.148242
0.525451 0.044495 0.039105 0.021159 0.001344 0.359817 0.008629 2.152494
0.525456 0.044497 0.039135 0.021178 0.001358 0.359739 0.008638 2.156873
0.525563 0.044498 0.039220 0.021198 0.001362 0.359507 0.008651 2.161242
0.525774 0.044337 0.039284 0.021234 0.001351 0.359353 0.008668 2.165689
0.526034 0.044258 0.039299 0.021214 0.001349 0.359161 0.008686 2.170040
0.526171 0.044235 0.039233 0.021263 0.001347 0.359044 0.008706 2.174353
0.526323 0.044199 0.039151 0.021259 0.001348 0.358996 0.008723 2.178663
0.526547 0.044219 0.039045 0.021270 0.001351 0.358832 0.008736 2.182899
0.526649 0.044243 0.039013 0.021314 0.001346 0.358681 0.008755 2.187210
0.526865 0.044167 0.039123 0.021346 0.001344 0.358380 0.008774 2.191605
0.527080 0.044069 0.039187 0.021308 0.001354 0.358208 0.008792 2.195986
0.527184 0.044120 0.039162 0.021242 0.001350 0.358128 0.008813 2.200257
0.527340 0.044175 0.039107 0.021198 0.001341 0.358006 0.008833 2.204521
0.527554 0.044185 0.039058 0.021199 0.001341 0.357815 0.008849 2.208871
0.527823 0.044090 0.039058 0.021217 0.001332 0.357609 0.008872 2.213216
0.528027 0.044065 0.039025 0.021262 0.001330 0.357405 0.008887 2.217539
0.528282 0.043821 0.039155 0.021277 0.001315 0.357241 0.008908 2.221989
0.528369 0.043772 0.039217 0.021285 0.001320 0.357109 0.008929 2.226340
0.528613 0.043794 0.039242 0.021257 0.001315 0.356837 0.008944 2.230594
0.528787 0.043744 0.039227 0.021276 0.001307 0.356698 0.008962 2.234864
0.528956 0.043681 0.039230 0.021341 0.001301 0.356513 0.008979 2.239151
0.529067 0.043700 0.039169 0.021384 0.001308 0.356375 0.008997 2.243464
0.529308 0.043655 0.039185 0.021304 0.001310 0.356223 0.009017 2.247754
0.529475 0.043704 0.039073 0.021348 0.001311 0.356055 0.009035 2.251992
0.529683 0.043681 0.039010 0.021253 0.001309 0.356015 0.009050 2.256219
0.530044 0.043668 0.038965 0.021167 0.001326 0.355764 0.009065 2.260415
0.530297 0.043546 0.038939 0.021138 0.001321 0.355672 0.009086 2.264644
0.530526 0.043436 0.038919 0.021153 0.001327 0.355538 0.009101 2.268969
0.530717 0.043361 0.038901 0.021191 0.001333 0.355382 0.009116 2.273234
0.531060 0.043243 0.038890 0.021211 0.001335 0.355127 0.009135 2.277412
0.531271 0.043152 0.038866 0.021240 0.001339 0.354983 0.009149 2.281648
0.531444 0.043165 0.038841 0.021189 0.001334 0.354860 0.009166 2.285876
0.531715 0.043083 0.038768 0.021135 0.001334 0.354783 0.009182 2.290049
0.532030 0.042987 0.038749 0.021121 0.001342 0.354573 0.009198 2.294293
0.532236 0.042952 0.038729 0.021111 0.001343 0.354415 0.009214 2.298544
0.532462 0.042982 0.038582 0.021099 0.001339 0.354308 0.009229 2.302697
0.532647 0.042916 0.038567 0.021101 0.001342 0.354178 0.009249 2.306936
0.533001 0.042753 0.038616 0.021049 0.001342 0.353974 0.009264 2.311200
0.533221 0.042724 0.038636 0.021031 0.001349 0.353759 0.009280 2.315426
0.533563 0.042623 0.038544 0.021046 0.001355 0.353570 0.009299 2.319630
0.533786 0.042591 0.038591 0.021034 0.001351 0.353332 0.009315 2.323844
0.533968 0.042593 0.038480 0.020991 0.001355 0.353282 0.009332 2.327993
0.534277 0.042599 0.038531 0.020901 0.001363 0.352974 0.009354 2.332145
0.534561 0.042633 0.038568 0.020788 0.001359 0.352718 0.009374 2.336273
0.534759 0.042652 0.038562 0.020733 0.001350 0.352552 0.009395 2.340464
0.535095 0.042596 0.038545 0.020687 0.001357 0.352312 0.009409 2.344643
0.535264 0.042706 0.038482 0.020650 0.001356 0.352120 0.009424 2.348796
0.535430 0.042731 0.038408 0.020679 0.001342 0.351968 0.009442 2.352929
0.535646 0.042766 0.038228 0.020656 0.001345 0.351901 0.009459 2.357063
0.535854 0.042640 0.038277 0.020627 0.001341 0.351783 0.009479 2.361316
0.536147 0.042646 0.038197 0.020623 0.001337 0.351554 0.009498 2.365456
0.536341 0.042614 0.038089 0.020676 0.001330 0.351429 0.009519 2.369609
0.536586 0.042517 0.038147 0.020614 0.001351 0.351248 0.009538 2.373818
0.536825 0.042427 0.038096 0.020606 0.001353 0.351134 0.009558 2.378008
0.537089 0.042381 0.038085 0.020638 0.001336 0.350895 0.009576 2.382165
0.537275 0.042355 0.038157 0.020622 0.001325 0.350669 0.009597 2.386345
0.537388 0.042417 0.038026 0.020678 0.001317 0.350558 0.009615 2.390488
0.537576 0.042514 0.037944 0.020639 0.001307 0.350390 0.009630 2.394601
0.537763 0.042519 0.038037 0.020583 0.001321 0.350129 0.009647 2.398763
0.538083 0.042558 0.037961 0.020625 0.001319 0.349789 0.009665 2.402883
0.538186 0.042614 0.038001 0.020672 0.001320 0.349527 0.009679 2.407098
0.538312 0.042728 0.038014 0.020632 0.001324 0.349297 0.009693 2.411245
0.538496 0.042530 0.038065 0.020688 0.001319 0.349193 0.009711 2.415548
0.538660 0.042536 0.038066 0.020718 0.001325 0.348970 0.009725 2.419733
0.538795 0.042551 0.038084 0.020734 0.001327 0.348767 0.009742 2.423949
0.538986 0.042590 0.038125 0.020716 0.001340 0.348487 0.009757 2.428110
0.539181 0.042509 0.038107 0.020802 0.001340 0.348286 0.009775 2.432309
0.539352 0.042614 0.038038 0.020758 0.001335 0.348111 0.009792 2.436388
0.539518 0.042635 0.038044 0.020675 0.001330 0.347985 0.009813 2.440560
0.539684 0.042698 0.038019 0.020693 0.001326 0.347753 0.009828 2.444738
0.539690 0.042746 0.037992 0.020720 0.001328 0.347680 0.009845 2.448956
0.539795 0.042840 0.037959 0.020680 0.001317 0.347544 0.009865 2.453094
0.539894 0.042850 0.037995 0.020708 0.001322 0.347351 0.009879 2.457333
0.540072 0.042919 0.038034 0.020683 0.001331 0.347069 0.009892 2.461464
0.540160 0.043024 0.038012 0.020693 0.001333 0.346868 0.009910 2.465608
0.540442 0.042907 0.038126 0.020759 0.001347 0.346494 0.009924 2.469871
0.540465 0.042986 0.038132 0.020736 0.001344 0.346397 0.009940 2.474056
0.540549 0.043068 0.038072 0.020812 0.001332 0.346205 0.009963 2.478245
0.540665 0.043125 0.038000 0.020834 0.001327 0.346065 0.009983 2.482425
0.540716 0.043221 0.037975 0.020796 0.001332 0.345965 0.009994 2.486560
0.540872 0.043109 0.038026 0.020741 0.001335 0.345902 0.010015 2.490828
0.540990 0.043054 0.038049 0.020784 0.001344 0.345756 0.010022 2.495045
0.541081 0.043083 0.038030 0.020798 0.001356 0.345613 0.010038 2.499259
0.541231 0.043104 0.038022 0.020765 0.001367 0.345454 0.010057 2.503479
0.541381 0.043085 0.037977 0.020731 0.001369 0.345384 0.010073 2.507676
0.541496 0.043053 0.038009 0.020739 0.001380 0.345233 0.010088 2.511950
0.541552 0.043080 0.037968 0.020670 0.001369 0.345255 0.010105 2.516132
0.541688 0.043064 0.037999 0.020693 0.001359 0.345073 0.010123 2.520351
0.541908 0.043049 0.037963 0.020776 0.001340 0.344823 0.010141 2.524575
0.542013 0.043090 0.038031 0.020716 0.001336 0.344656 0.010158 2.528745
0.542112 0.043081 0.037986 0.020720 0.001324 0.344601 0.010177 2.532922
0.542116 0.043078 0.038090 0.020784 0.001322 0.344415 0.010195 2.537174
0.542169 0.043048 0.038189 0.020802 0.001327 0.344254 0.010211 2.541416
0.542318 0.043065 0.038136 0.020793 0.001326 0.344135 0.010227 2.545603
0.542369 0.043042 0.038110 0.020814 0.001319 0.344102 0.010245 2.549859
0.542492 0.043051 0.038123 0.020776 0.001315 0.343981 0.010263 2.554068
0.542658 0.043003 0.038086 0.020777 0.001311 0.343888 0.010278 2.558233
0.542751 0.043039 0.038066 0.020758 0.001305 0.343788 0.010295 2.562371
0.542832 0.042994 0.038085 0.020754 0.001305 0.343719 0.010311 2.566557
0.543029 0.042940 0.038137 0.020757 0.001298 0.343513 0.010325 2.570768
0.543086 0.042949 0.038117 0.020781 0.001300 0.343421 0.010345 2.575009
0.543079 0.043104 0.038017 0.020761 0.001303 0.343379 0.010358 2.579116
0.543171 0.042979 0.038104 0.020812 0.001296 0.343260 0.010378 2.583413
0.543319 0.043025 0.038141 0.020798 0.001290 0.343032 0.010394 2.587606
0.543294 0.043016 0.038218 0.020747 0.001290 0.343029 0.010407 2.591859
0.543351 0.042980 0.038283 0.020746 0.001287 0.342931 0.010422 2.596134
0.543385 0.042964 0.038399 0.020735 0.001288 0.342789 0.010440 2.600419
0.543580 0.042889 0.038433 0.020713 0.001290 0.342639 0.010456 2.604600
0.543665 0.042947 0.038426 0.020784 0.001304 0.342407 0.010468 2.608770
0.543812 0.042962 0.038446 0.020799 0.001303 0.342197 0.010481 2.612972
0.543915 0.042940 0.038411 0.020797 0.001300 0.342138 0.010499 2.617221
0.544034 0.042988 0.038305 0.020743 0.001299 0.342110 0.010520 2.621373
0.544003 0.042951 0.038286 0.020796 0.001308 0.342119 0.010538 2.625637
0.543979 0.043086 0.038116 0.020766 0.001314 0.342182 0.010557 2.629697
0.544005 0.043072 0.038092 0.020821 0.001321 0.342120 0.010570 2.633917
0.544149 0.043029 0.038104 0.020853 0.001304 0.341977 0.010584 2.638095
0.544129 0.043049 0.038158 0.020792 0.001299 0.341974 0.010600 2.642321
0.544280 0.043009 0.038096 0.020749 0.001296 0.341956 0.010614 2.646500
0.544403 0.042909 0.038184 0.020777 0.001300 0.341798 0.010630 2.650786
0.544536 0.042886 0.038164 0.020766 0.001305 0.341697 0.010647 2.654962
0.544523 0.042922 0.038096 0.020757 0.001313 0.341729 0.010659 2.659165
0.544682 0.042875 0.038156 0.020718 0.001311 0.341583 0.010675 2.663414
0.544733 0.042871 0.038196 0.020693 0.001315 0.341497 0.010695 2.667634
0.544817 0.042802 0.038258 0.020757 0.001315 0.341341 0.010710 2.671869
0.544824 0.042854 0.038265 0.020739 0.001318 0.341266 0.010733 2.676081
0.544961 0.042891 0.038311 0.020700 0.001306 0.341082 0.010749 2.680286
0.544972 0.042966 0.038409 0.020650 0.001303 0.340935 0.010764 2.684455
0.545034 0.043011 0.038417 0.020624 0.001312 0.340823 0.010779 2.688661
0.545078 0.042978 0.038487 0.020632 0.001320 0.340710 0.010795 2.692919
0.545127 0.043102 0.038436 0.020647 0.001319 0.340556 0.010814 2.697088
0.545122 0.043230 0.038381 0.020639 0.001326 0.340470 0.010832 2.701269
0.545164 0.043290 0.038402 0.020611 0.001326 0.340354 0.010853 2.705446
0.545309 0.043294 0.038362 0.020610 0.001331 0.340217 0.010877 2.709667
0.545377 0.043267 0.038389 0.020618 0.001329 0.340129 0.010891 2.713955
0.545381 0.043206 0.038428 0.020680 0.001329 0.340073 0.010902 2.718226
0.545254 0.043288 0.038531 0.020691 0.001318 0.340000 0.010921 2.722496
0.545167 0.043388 0.038497 0.020762 0.001325 0.339925 0.010937 2.726739
0.545117 0.043364 0.038534 0.020804 0.001334 0.339898 0.010950 2.731030
0.545006 0.043412 0.038543 0.020742 0.001342 0.339987 0.010967 2.735248
0.545010 0.043387 0.038501 0.020739 0.001340 0.340034 0.010988 2.739485
0.544992 0.043381 0.038455 0.020824 0.001343 0.340001 0.011003 2.743699
0.544927 0.043408 0.038438 0.020877 0.001342 0.339989 0.011018 2.747987
0.544960 0.043354 0.038476 0.020890 0.001346 0.339939 0.011035 2.752258
0.544905 0.043451 0.038513 0.020903 0.001359 0.339817 0.011052 2.756469
0.544919 0.043545 0.038437 0.020879 0.001359 0.339790 0.011070 2.760673
0.545019 0.043464 0.038468 0.020869 0.001359 0.339734 0.011086 2.764964
0.544938 0.043428 0.038449 0.020909 0.001361 0.339814 0.011100 2.769271
0.544894 0.043451 0.038400 0.020899 0.001368 0.339874 0.011114 2.773483
0.544919 0.043454 0.038406 0.020956 0.001351 0.339779 0.011135 2.777710
0.544915 0.043389 0.038446 0.020973 0.001343 0.339781 0.011154 2.782001
0.544941 0.043372 0.038414 0.020931 0.001326 0.339845 0.011172 2.786227
0.545051 0.043395 0.038337 0.020920 0.001329 0.339780 0.011188 2.790440
0.545038 0.043419 0.038370 0.020911 0.001315 0.339736 0.011212 2.794689
0.545233 0.043350 0.038363 0.020925 0.001310 0.339591 0.011228 2.798888
0.545193 0.043350 0.038369 0.020895 0.001311 0.339637 0.011246 2.803165
0.545162 0.043347 0.038359 0.020926 0.001310 0.339639 0.011258 2.807415
0.545214 0.043268 0.038443 0.020914 0.001317 0.339573 0.011274 2.811661
0.545260 0.043336 0.038417 0.020915 0.001320 0.339465 0.011288 2.815867
0.545335 0.043388 0.038355 0.020913 0.001310 0.339395 0.011305 2.820004
0.545385 0.043346 0.038383 0.020880 0.001322 0.339364 0.011320 2.824258
0.545473 0.043293 0.038467 0.020900 0.001324 0.339207 0.011337 2.828503
0.545481 0.043116 0.038478 0.020932 0.001336 0.339304 0.011354 2.832837
0.545505 0.043122 0.038377 0.020985 0.001345 0.339297 0.011369 2.837031
0.545464 0.043168 0.038304 0.021014 0.001344 0.339321 0.011385 2.841233
0.545481 0.043181 0.038344 0.020964 0.001349 0.339279 0.011401 2.845441
0.545504 0.043160 0.038374 0.021002 0.001334 0.339208 0.011419 2.849693
0.545610 0.043070 0.038371 0.021028 0.001336 0.339152 0.011432 2.853983
0.545635 0.043139 0.038351 0.021001 0.001323 0.339098 0.011454 2.858143
0.545642 0.043169 0.038372 0.021027 0.001317 0.339002 0.011473 2.862383
0.545641 0.043005 0.038483 0.021048 0.001306 0.339024 0.011493 2.866734
0.545778 0.042841 0.038484 0.021007 0.001304 0.339079 0.011508 2.870995
0.545790 0.042874 0.038499 0.020991 0.001302 0.339019 0.011525 2.875247
0.545797 0.042893 0.038484 0.020951 0.001295 0.339034 0.011546 2.879450
0.545830 0.042977 0.038462 0.020920 0.001287 0.338963 0.011561 2.883608
0.545866 0.043044 0.038426 0.020942 0.001279 0.338860 0.011582 2.887777
0.545961 0.042956 0.038454 0.020932 0.001277 0.338825 0.011595 2.892038
0.545950 0.042981 0.038442 0.020873 0.001281 0.338864 0.011610 2.896217
0.546042 0.042882 0.038441 0.020899 0.001292 0.338818 0.011625 2.900444
0.545976 0.042999 0.038336 0.020907 0.001298 0.338845 0.011639 2.904583
0.545982 0.042917 0.038394 0.020900 0.001305 0.338848 0.011654 2.908854
0.546134 0.042837 0.038404 0.020893 0.001311 0.338752 0.011670 2.913072
0.546180 0.042728 0.038364 0.020913 0.001315 0.338810 0.011689 2.917321
0.546174 0.042748 0.038361 0.020935 0.001317 0.338761 0.011705 2.921597
0.546233 0.042680 0.038307 0.020930 0.001317 0.338812 0.011720 2.925789
0.546230 0.042648 0.038385 0.020834 0.001323 0.338847 0.011732 2.929999
0.546373 0.042573 0.038345 0.020887 0.001329 0.338746 0.011747 2.934197
0.546399 0.042565 0.038296 0.020858 0.001333 0.338787 0.011763 2.938352
0.546506 0.042626 0.038257 0.020913 0.001330 0.338587 0.011781 2.942503
0.546609 0.042662 0.038197 0.020941 0.001333 0.338465 0.011794 2.946641
0.546626 0.042623 0.038215 0.020899 0.001339 0.338488 0.011809 2.950845
0.546652 0.042596 0.038176 0.020930 0.001348 0.338473 0.011825 2.955029
0.546689 0.042571 0.038153 0.020914 0.001354 0.338478 0.011841 2.959231
0.546722 0.042658 0.038186 0.020882 0.001370 0.338328 0.011855 2.963405
0.546690 0.042774 0.038109 0.020817 0.001374 0.338367 0.011869 2.967596
0.546740 0.042826 0.038086 0.020826 0.001370 0.338262 0.011892 2.971744
0.546787 0.042908 0.038102 0.020844 0.001377 0.338074 0.011906 2.975962
0.546866 0.042850 0.038124 0.020862 0.001369 0.338007 0.011922 2.980165
0.546910 0.042790 0.038160 0.020825 0.001369 0.338012 0.011935 2.984410
0.546932 0.042796 0.038076 0.020807 0.001366 0.338071 0.011952 2.988578
0.546898 0.042840 0.038185 0.020778 0.001359 0.337971 0.011972 2.992784
0.547040 0.042656 0.038226 0.020803 0.001350 0.337932 0.011992 2.997100
0.547046 0.042727 0.038194 0.020764 0.001338 0.337922 0.012009 3.001282
0.546951 0.042785 0.038229 0.020780 0.001336 0.337893 0.012028 3.005516
0.546986 0.042877 0.038199 0.020749 0.001326 0.337822 0.012042 3.009672
0.547053 0.042805 0.038237 0.020722 0.001321 0.337803 0.012059 3.013915
0.546985 0.042767 0.038283 0.020675 0.001313 0.337902 0.012074 3.018152
0.546976 0.042749 0.038273 0.020658 0.001315 0.337939 0.012090 3.022342
0.546923 0.042852 0.038325 0.020539 0.001321 0.337930 0.012110 3.026458
0.546909 0.042910 0.038303 0.020540 0.001319 0.337888 0.012131 3.030664
0.546919 0.042866 0.038302 0.020572 0.001308 0.337884 0.012150 3.034894
0.546816 0.042943 0.038257 0.020545 0.001308 0.337964 0.012169 3.039079
0.546819 0.043011 0.038229 0.020538 0.001315 0.337908 0.012181 3.043254
0.546825 0.042998 0.038235 0.020536 0.001300 0.337909 0.012197 3.047469
0.546887 0.042915 0.038203 0.020583 0.001292 0.337905 0.012215 3.051657
0.546936 0.042952 0.038265 0.020507 0.001279 0.337831 0.012230 3.055836
0.546936 0.043074 0.038237 0.020526 0.001273 0.337711 0.012244 3.059967
0.546929 0.043106 0.038181 0.020535 0.001281 0.337710 0.012257 3.064209
0.546898 0.043136 0.038206 0.020569 0.001278 0.337641 0.012273 3.068447
0.546886 0.043123 0.038265 0.020573 0.001278 0.337587 0.012290 3.072699
0.546799 0.043111 0.038309 0.020616 0.001269 0.337592 0.012305 3.076938
0.546768 0.043034 0.038369 0.020664 0.001268 0.337582 0.012316 3.081208
0.546945 0.042990 0.038376 0.020682 0.001278 0.337401 0.012327 3.085432
0.546960 0.042993 0.038418 0.020689 0.001282 0.337315 0.012343 3.089625
0.546942 0.043105 0.038383 0.020667 0.001281 0.337264 0.012358 3.093756
0.546936 0.043190 0.038317 0.020668 0.001282 0.337231 0.012377 3.097889
0.546970 0.043121 0.038341 0.020697 0.001280 0.337198 0.012394 3.102156
0.547010 0.043187 0.038244 0.020750 0.001282 0.337116 0.012410 3.106319
0.546978 0.043236 0.038276 0.020787 0.001285 0.337010 0.012429 3.110530
0.546963 0.043201 0.038271 0.020775 0.001293 0.337058 0.012440 3.114773
0.547033 0.043169 0.038295 0.020818 0.001297 0.336934 0.012453 3.118975
0.547038 0.043096 0.038320 0.020863 0.001293 0.336923 0.012468 3.123226
0.547040 0.043064 0.038389 0.020837 0.001281 0.336903 0.012487 3.127457
0.547009 0.043099 0.038389 0.020833 0.001289 0.336879 0.012503 3.131710
0.547072 0.043072 0.038306 0.020869 0.001288 0.336877 0.012517 3.135925
0.547082 0.043056 0.038298 0.020859 0.001300 0.336871 0.012536 3.140156
0.547057 0.043051 0.038278 0.020869 0.001290 0.336905 0.012550 3.144380
0.546933 0.043095 0.038341 0.020782 0.001300 0.336986 0.012563 3.148599
0.546926 0.043202 0.038266 0.020740 0.001298 0.336987 0.012581 3.152719
0.546938 0.043259 0.038308 0.020710 0.001295 0.336892 0.012599 3.156923
0.547035 0.043199 0.038347 0.020684 0.001288 0.336829 0.012617 3.161186
0.547035 0.043209 0.038326 0.020747 0.001282 0.336766 0.012635 3.165476
0.547063 0.043240 0.038275 0.020739 0.001275 0.336761 0.012648 3.169635
0.547061 0.043163 0.038420 0.020743 0.001298 0.336658 0.012657 3.173921
0.546952 0.043296 0.038379 0.020757 0.001286 0.336658 0.012674 3.178108
0.546851 0.043283 0.038403 0.020743 0.001275 0.336759 0.012686 3.182386
0.546700 0.043293 0.038475 0.020690 0.001270 0.336861 0.012710 3.186640
0.546544 0.043350 0.038488 0.020754 0.001265 0.336867 0.012731 3.190891
0.546495 0.043311 0.038554 0.020761 0.001259 0.336872 0.012747 3.195199
0.546445 0.043357 0.038498 0.020732 0.001259 0.336948 0.012761 3.199388
0.546341 0.043360 0.038491 0.020701 0.001258 0.337071 0.012779 3.203626
0.546343 0.043298 0.038531 0.020713 0.001255 0.337066 0.012793 3.207890
0.546270 0.043329 0.038553 0.020718 0.001254 0.337072 0.012806 3.212096
0.546215 0.043317 0.038617 0.020654 0.001258 0.337120 0.012820 3.216328
0.546244 0.043262 0.038628 0.020671 0.001250 0.337108 0.012838 3.220554
0.546271 0.043318 0.038586 0.020751 0.001255 0.336965 0.012854 3.224805
0.546235 0.043267 0.038602 0.020745 0.001265 0.337017 0.012868 3.229064
0.546057 0.043331 0.038707 0.020687 0.001267 0.337066 0.012885 3.233320
0.546044 0.043284 0.038702 0.020691 0.001271 0.337104 0.012904 3.237612
0.546137 0.043254 0.038679 0.020607 0.001269 0.337136 0.012917 3.241828
0.546191 0.043301 0.038652 0.020646 0.001277 0.337000 0.012934 3.246039
0.546125 0.043260 0.038727 0.020651 0.001273 0.337014 0.012950 3.250315
0.546095 0.043298 0.038663 0.020658 0.001275 0.337048 0.012963 3.254508
0.546123 0.043248 0.038639 0.020655 0.001277 0.337079 0.012980 3.258758
0.546237 0.043210 0.038558 0.020649 0.001270 0.337077 0.012998 3.262930
0.546176 0.043213 0.038568 0.020700 0.001268 0.337065 0.013011 3.267181
0.546038 0.043188 0.038588 0.020743 0.001265 0.337149 0.013028 3.271461
0.546024 0.043172 0.038566 0.020738 0.001262 0.337194 0.013044 3.275705
0.546115 0.043216 0.038497 0.020746 0.001264 0.337100 0.013060 3.279847
0.546121 0.043148 0.038488 0.020791 0.001267 0.337111 0.013075 3.284046
0.546186 0.043138 0.038398 0.020848 0.001283 0.337059 0.013089 3.288234
0.546133 0.043167 0.038349 0.020839 0.001291 0.337122 0.013100 3.292438
0.546157 0.043087 0.038396 0.020821 0.001295 0.337132 0.013114 3.296683
0.546146 0.043053 0.038423 0.020873 0.001292 0.337086 0.013129 3.300963
0.546150 0.043034 0.038428 0.020824 0.001283 0.337135 0.013145 3.305179
0.546207 0.042960 0.038477 0.020812 0.001302 0.337081 0.013162 3.309452
0.546207 0.042970 0.038466 0.020772 0.001301 0.337104 0.013181 3.313653
0.546329 0.042838 0.038539 0.020736 0.001298 0.337064 0.013197 3.317920
0.546338 0.042834 0.038561 0.020740 0.001285 0.337026 0.013215 3.322166
0.546359 0.042835 0.038560 0.020705 0.001290 0.337019 0.013231 3.326329
0.546420 0.042816 0.038541 0.020696 0.001292 0.336990 0.013245 3.330538
0.546386 0.042721 0.038579 0.020703 0.001301 0.337043 0.013267 3.334855
0.546487 0.042579 0.038563 0.020670 0.001308 0.337107 0.013286 3.339054
0.546463 0.042629 0.038568 0.020645 0.001313 0.337084 0.013298 3.343206
0.546449 0.042727 0.038457 0.020621 0.001323 0.337108 0.013316 3.347298
0.546645 0.042631 0.038439 0.020640 0.001318 0.336993 0.013333 3.351485
0.546662 0.042751 0.038382 0.020587 0.001316 0.336955 0.013347 3.355586
0.546701 0.042667 0.038417 0.020584 0.001316 0.336948 0.013366 3.359833
0.546726 0.042660 0.038366 0.020523 0.001306 0.337037 0.013382 3.363965
0.546846 0.042609 0.038303 0.020570 0.001314 0.336969 0.013389 3.368181
0.546912 0.042598 0.038318 0.020567 0.001312 0.336888 0.013405 3.372344
0.546954 0.042575 0.038265 0.020593 0.001312 0.336882 0.013420 3.376577
0.546896 0.042675 0.038163 0.020614 0.001310 0.336907 0.013437 3.380731
0.546913 0.042639 0.038087 0.020658 0.001304 0.336946 0.013454 3.384899
0.546838 0.042742 0.038087 0.020670 0.001300 0.336887 0.013477 3.389060
0.546829 0.042760 0.038041 0.020630 0.001292 0.336956 0.013491 3.393223
0.546796 0.042749 0.038037 0.020556 0.001287 0.337067 0.013508 3.397388
0.546818 0.042775 0.038067 0.020571 0.001285 0.336961 0.013523 3.401546
0.546939 0.042806 0.038130 0.020432 0.001279 0.336873 0.013541 3.405676
0.546973 0.042824 0.038072 0.020438 0.001287 0.336851 0.013555 3.409856
0.546920 0.042825 0.038158 0.020456 0.001293 0.336780 0.013568 3.414100
0.546951 0.042854 0.038163 0.020397 0.001304 0.336744 0.013586 3.418244
0.547092 0.042737 0.038130 0.020414 0.001314 0.336712 0.013600 3.422486
0.547121 0.042687 0.038172 0.020407 0.001313 0.336684 0.013617 3.426726
0.547096 0.042695 0.038238 0.020417 0.001312 0.336611 0.013632 3.430967
0.547117 0.042689 0.038211 0.020420 0.001307 0.336609 0.013648 3.435141
0.547147 0.042734 0.038196 0.020426 0.001299 0.336532 0.013665 3.439325
0.547137 0.042759 0.038194 0.020418 0.001297 0.336513 0.013681 3.443475
0.547175 0.042723 0.038210 0.020443 0.001305 0.336449 0.013695 3.447689
0.547189 0.042754 0.038201 0.020377 0.001297 0.336463 0.013718 3.451809
0.547142 0.042768 0.038256 0.020363 0.001296 0.336440 0.013734 3.456001
0.547155 0.042705 0.038368 0.020359 0.001304 0.336358 0.013752 3.460238
0.547229 0.042760 0.038288 0.020348 0.001302 0.336307 0.013767 3.464344
0.547297 0.042728 0.038248 0.020316 0.001311 0.336318 0.013782 3.468526
0.547353 0.042624 0.038300 0.020306 0.001307 0.336311 0.013801 3.472789
0.547276 0.042683 0.038307 0.020315 0.001301 0.336293 0.013824 3.476990
0.547236 0.042602 0.038381 0.020289 0.001290 0.336361 0.013840 3.481220
0.547348 0.042503 0.038378 0.020305 0.001295 0.336320 0.013852 3.485418
0.547317 0.042557 0.038341 0.020316 0.001294 0.336307 0.013870 3.489584
0.547393 0.042494 0.038256 0.020394 0.001286 0.336291 0.013886 3.493746
0.547420 0.042551 0.038248 0.020415 0.001293 0.336174 0.013899 3.497910
0.547483 0.042525 0.038234 0.020452 0.001299 0.336093 0.013915 3.502090
0.547514 0.042528 0.038209 0.020508 0.001300 0.336008 0.013932 3.506273
0.547410 0.042557 0.038263 0.020470 0.001286 0.336058 0.013955 3.510488
0.547410 0.042557 0.038302 0.020462 0.001299 0.336000 0.013971 3.514661
0.547483 0.042532 0.038290 0.020464 0.001300 0.335940 0.013990 3.518860
0.547527 0.042611 0.038170 0.020383 0.001301 0.336003 0.014005 3.522933
0.547639 0.042633 0.038078 0.020431 0.001300 0.335899 0.014020 3.527046
0.547602 0.042654 0.038114 0.020399 0.001297 0.335892 0.014041 3.531213
0.547598 0.042625 0.038040 0.020441 0.001290 0.335949 0.014056 3.535394
0.547579 0.042647 0.037978 0.020440 0.001284 0.335994 0.014078 3.539560
0.547650 0.042693 0.037915 0.020435 0.001276 0.335934 0.014098 3.543682
0.547627 0.042741 0.037923 0.020415 0.001263 0.335916 0.014116 3.547877
0.547679 0.042774 0.037881 0.020451 0.001257 0.335825 0.014133 3.552013
0.547794 0.042635 0.037919 0.020460 0.001252 0.335795 0.014145 3.556269
0.547854 0.042570 0.037956 0.020471 0.001256 0.335734 0.014160 3.560457
0.547896 0.042532 0.037891 0.020501 0.001264 0.335741 0.014176 3.564657
0.547845 0.042613 0.037919 0.020523 0.001267 0.335650 0.014185 3.568817
0.547848 0.042610 0.037880 0.020555 0.001265 0.335643 0.014200 3.573026
0.547829 0.042703 0.037780 0.020438 0.001279 0.335761 0.014212 3.577104
0.547832 0.042703 0.037758 0.020472 0.001289 0.335720 0.014226 3.581285
0.548022 0.042651 0.037787 0.020501 0.001298 0.335493 0.014248 3.585449
0.548036 0.042667 0.037817 0.020592 0.001295 0.335327 0.014265 3.589648
0.547932 0.042685 0.037890 0.020627 0.001286 0.335298 0.014281 3.593888
0.547901 0.042711 0.037898 0.020645 0.001289 0.335265 0.014291 3.598085
0.547888 0.042676 0.037979 0.020646 0.001292 0.335217 0.014303 3.602284
0.547863 0.042777 0.038042 0.020586 0.001300 0.335115 0.014318 3.606445
0.547810 0.042710 0.038068 0.020663 0.001308 0.335109 0.014331 3.610688
0.547765 0.042724 0.038049 0.020669 0.001298 0.335148 0.014347 3.614891
0.547814 0.042711 0.038013 0.020619 0.001315 0.335166 0.014363 3.619057
0.547725 0.042824 0.038008 0.020611 0.001322 0.335128 0.014382 3.623220
0.547632 0.042849 0.038077 0.020528 0.001318 0.335198 0.014397 3.627450
0.547695 0.042822 0.038066 0.020497 0.001300 0.335206 0.014415 3.631605
0.547612 0.042850 0.038065 0.020531 0.001301 0.335212 0.014429 3.635841
0.547634 0.042805 0.038101 0.020608 0.001288 0.335114 0.014450 3.640111
0.547583 0.042826 0.038254 0.020686 0.001293 0.334893 0.014466 3.644403
0.547492 0.042975 0.038155 0.020676 0.001297 0.334926 0.014479 3.648547
0.547473 0.042965 0.038129 0.020746 0.001298 0.334897 0.014493 3.652776
0.547375 0.043022 0.038139 0.020718 0.001294 0.334942 0.014510 3.656962
0.547245 0.042987 0.038171 0.020757 0.001292 0.335026 0.014524 3.661240
0.547159 0.042987 0.038167 0.020836 0.001286 0.335022 0.014542 3.665484
0.547184 0.043019 0.038140 0.020837 0.001293 0.334967 0.014560 3.669643
0.547199 0.042994 0.038208 0.020833 0.001298 0.334894 0.014574 3.673854
0.547022 0.043105 0.038183 0.020850 0.001297 0.334950 0.014593 3.677999
0.547014 0.043110 0.038175 0.020874 0.001297 0.334916 0.014614 3.682224
0.547067 0.043123 0.038249 0.020769 0.001293 0.334869 0.014630 3.686335
0.547019 0.043174 0.038242 0.020771 0.001286 0.334863 0.014646 3.690509
0.546961 0.043154 0.038221 0.020840 0.001275 0.334886 0.014663 3.694728
0.546856 0.043226 0.038232 0.020844 0.001285 0.334877 0.014680 3.698941
0.546723 0.043347 0.038181 0.020825 0.001273 0.334956 0.014696 3.703113
0.546644 0.043275 0.038278 0.020836 0.001277 0.334980 0.014710 3.707443
0.546697 0.043180 0.038377 0.020807 0.001281 0.334928 0.014730 3.711701
0.546675 0.043166 0.038428 0.020795 0.001273 0.334918 0.014745 3.715948
0.546655 0.043126 0.038399 0.020804 0.001267 0.334989 0.014761 3.720153
0.546614 0.043120 0.038387 0.020835 0.001279 0.334991 0.014774 3.724405
0.546499 0.043095 0.038465 0.020803 0.001291 0.335056 0.014791 3.728648
0.546425 0.043110 0.038547 0.020764 0.001292 0.335051 0.014810 3.732828
0.546369 0.043146 0.038571 0.020757 0.001290 0.335038 0.014829 3.736994
0.546354 0.043086 0.038546 0.020779 0.001289 0.335104 0.014843 3.741244
0.546380 0.043152 0.038553 0.020803 0.001283 0.334969 0.014861 3.745454
0.546290 0.043235 0.038533 0.020740 0.001286 0.335038 0.014878 3.749634
0.546144 0.043271 0.038568 0.020781 0.001297 0.335048 0.014891 3.753903
0.546102 0.043209 0.038572 0.020753 0.001307 0.335149 0.014909 3.758158
0.546005 0.043206 0.038604 0.020770 0.001303 0.335184 0.014929 3.762403
0.546019 0.043163 0.038642 0.020811 0.001296 0.335123 0.014947 3.766683
0.546021 0.043204 0.038524 0.020769 0.001300 0.335220 0.014961 3.770837
0.546063 0.043159 0.038550 0.020774 0.001298 0.335179 0.014978 3.775054
0.546088 0.043131 0.038594 0.020758 0.001297 0.335138 0.014994 3.779272
0.546023 0.043037 0.038644 0.020787 0.001293 0.335203 0.015014 3.783543
0.546007 0.043077 0.038623 0.020778 0.001296 0.335191 0.015029 3.787700
0.546027 0.043154 0.038615 0.020750 0.001297 0.335108 0.015048 3.791914
0.546021 0.043089 0.038643 0.020753 0.001297 0.335129 0.015068 3.796150
0.546058 0.042975 0.038618 0.020751 0.001293 0.335219 0.015088 3.800405
0.546037 0.043003 0.038541 0.020723 0.001292 0.335299 0.015104 3.804601
0.546034 0.042970 0.038475 0.020719 0.001288 0.335398 0.015115 3.808782
0.546068 0.043038 0.038479 0.020671 0.001298 0.335313 0.015132 3.812955
0.546075 0.043038 0.038421 0.020744 0.001299 0.335276 0.015148 3.817199
0.546109 0.042948 0.038422 0.020801 0.001307 0.335253 0.015160 3.821480
0.546097 0.042999 0.038363 0.020795 0.001297 0.335270 0.015179 3.825643
0.546191 0.042905 0.038412 0.020736 0.001278 0.335281 0.015198 3.829894
0.546369 0.042763 0.038472 0.020698 0.001277 0.335201 0.015221 3.834127
0.546393 0.042751 0.038544 0.020712 0.001285 0.335077 0.015239 3.838326
0.546389 0.042787 0.038435 0.020722 0.001276 0.335132 0.015260 3.842508
0.546462 0.042781 0.038390 0.020677 0.001278 0.335136 0.015276 3.846622
0.546604 0.042685 0.038331 0.020639 0.001275 0.335173 0.015292 3.850821
0.546473 0.042860 0.038276 0.020640 0.001284 0.335156 0.015311 3.854940
0.546476 0.042836 0.038245 0.020706 0.001284 0.335120 0.015333 3.859152
0.546496 0.042854 0.038208 0.020726 0.001282 0.335091 0.015343 3.863321
0.546513 0.042849 0.038214 0.020752 0.001280 0.335032 0.015361 3.867496
0.546535 0.042857 0.038176 0.020738 0.001280 0.335038 0.015376 3.871685
0.546606 0.042807 0.038207 0.020730 0.001282 0.334974 0.015396 3.875890
0.546524 0.042877 0.038216 0.020713 0.001299 0.334963 0.015408 3.880072
0.546515 0.042908 0.038224 0.020692 0.001293 0.334944 0.015424 3.884265
0.546564 0.042753 0.038212 0.020754 0.001295 0.334982 0.015441 3.888569
0.546533 0.042772 0.038158 0.020780 0.001286 0.335012 0.015459 3.892765
0.546568 0.042694 0.038137 0.020777 0.001282 0.335063 0.015479 3.896977
0.546583 0.042702 0.038107 0.020754 0.001286 0.335076 0.015493 3.901144
0.546538 0.042768 0.038047 0.020727 0.001285 0.335126 0.015510 3.905275
0.546403 0.042776 0.038038 0.020714 0.001290 0.335255 0.015524 3.909457
0.546399 0.042771 0.038083 0.020647 0.001281 0.335281 0.015539 3.913638
0.546367 0.042798 0.038073 0.020636 0.001276 0.335294 0.015557 3.917784
0.546450 0.042807 0.038026 0.020587 0.001277 0.335278 0.015574 3.921929
0.546479 0.042817 0.038050 0.020583 0.001273 0.335203 0.015595 3.926125
0.546482 0.042800 0.038045 0.020545 0.001260 0.335255 0.015614 3.930345
