0.369225 0.061523 0.055011 0.031482 0.001950 0.475141 0.005667 1.549033
0.371743 0.058979 0.054966 0.031257 0.001947 0.475418 0.005691 1.554992
0.375101 0.055820 0.054782 0.030940 0.001964 0.475679 0.005714 1.560694
0.378909 0.052633 0.054514 0.030457 0.001969 0.475778 0.005739 1.566003
0.383076 0.049423 0.053936 0.029884 0.001975 0.475945 0.005761 1.570996
0.387474 0.046230 0.053304 0.029285 0.001972 0.475949 0.005786 1.575657
0.392034 0.043221 0.052499 0.028576 0.001975 0.475885 0.005811 1.579964
0.396763 0.040240 0.051652 0.027866 0.001960 0.475678 0.005841 1.584121
0.401592 0.037442 0.050660 0.027124 0.001958 0.475356 0.005867 1.587990
0.406601 0.034911 0.049457 0.026315 0.001949 0.474875 0.005892 1.591488
0.411625 0.032565 0.048292 0.025501 0.001936 0.474165 0.005915 1.594732
0.416740 0.030250 0.046985 0.024691 0.001913 0.473476 0.005945 1.597858
0.421843 0.028225 0.045575 0.023817 0.001900 0.472666 0.005973 1.600674
0.426983 0.026300 0.044244 0.023005 0.001886 0.471591 0.005991 1.603326
0.432242 0.024454 0.042872 0.022118 0.001858 0.470442 0.006015 1.605823
0.437343 0.022788 0.041514 0.021262 0.001835 0.469222 0.006038 1.608126
0.442499 0.021199 0.040059 0.020440 0.001821 0.467921 0.006060 1.610345
0.447799 0.019804 0.038641 0.019679 0.001803 0.466192 0.006081 1.612346
0.452954 0.018467 0.037217 0.018946 0.001788 0.464528 0.006100 1.614267
0.458327 0.017293 0.035715 0.018092 0.001764 0.462685 0.006124 1.615974
0.463639 0.016173 0.034303 0.017306 0.001749 0.460690 0.006140 1.617620
0.468872 0.015066 0.033035 0.016533 0.001739 0.458592 0.006163 1.619212
0.474231 0.014120 0.031751 0.015852 0.001703 0.456153 0.006189 1.620653
0.479491 0.013230 0.030492 0.015166 0.001676 0.453733 0.006212 1.622013
0.484751 0.012447 0.029206 0.014514 0.001645 0.451204 0.006234 1.623264
0.489844 0.011747 0.028010 0.013762 0.001615 0.448771 0.006252 1.624430
0.494902 0.011108 0.026838 0.013057 0.001577 0.446244 0.006274 1.625503
0.500035 0.010482 0.025687 0.012446 0.001546 0.443511 0.006294 1.626573
0.505091 0.009922 0.024630 0.011894 0.001513 0.440633 0.006316 1.627571
0.510236 0.009393 0.023597 0.011374 0.001480 0.437586 0.006335 1.628528
0.515312 0.008867 0.022590 0.010836 0.001443 0.434591 0.006362 1.629422
0.520324 0.008389 0.021628 0.010330 0.001410 0.431533 0.006386 1.630275
0.525324 0.007957 0.020705 0.009848 0.001386 0.428380 0.006402 1.631085
0.530319 0.007561 0.019770 0.009414 0.001356 0.425159 0.006421 1.631839
0.535283 0.007217 0.018875 0.008981 0.001327 0.421876 0.006442 1.632544
0.540172 0.006895 0.018048 0.008581 0.001290 0.418559 0.006454 1.633212
0.545010 0.006602 0.017201 0.008184 0.001261 0.415267 0.006475 1.633861
0.549862 0.006289 0.016443 0.007806 0.001247 0.411869 0.006484 1.634484
0.554642 0.006015 0.015692 0.007451 0.001224 0.408477 0.006500 1.635066
0.559422 0.005767 0.015047 0.007076 0.001195 0.404976 0.006517 1.635639
0.564157 0.005517 0.014403 0.006767 0.001157 0.401461 0.006538 1.636195
0.568761 0.005304 0.013746 0.006451 0.001126 0.398057 0.006555 1.636711
0.573398 0.005070 0.013147 0.006168 0.001096 0.394550 0.006570 1.637227
0.578009 0.004881 0.012611 0.005863 0.001072 0.390978 0.006586 1.637694
0.582591 0.004682 0.012042 0.005567 0.001041 0.387477 0.006600 1.638171
0.587126 0.004449 0.011545 0.005315 0.001010 0.383943 0.006613 1.638656
0.591566 0.004266 0.011056 0.005078 0.000979 0.380424 0.006629 1.639113
0.596095 0.004126 0.010584 0.004846 0.000957 0.376754 0.006638 1.639512
0.600480 0.003972 0.010138 0.004617 0.000928 0.373211 0.006653 1.639904
0.604850 0.003847 0.009688 0.004405 0.000900 0.369639 0.006671 1.640259
0.609200 0.003703 0.009271 0.004200 0.000876 0.366070 0.006681 1.640635
0.613518 0.003566 0.008897 0.004030 0.000850 0.362446 0.006693 1.640993
0.617882 0.003437 0.008554 0.003838 0.000827 0.358758 0.006704 1.641344
0.622094 0.003330 0.008204 0.003661 0.000798 0.355199 0.006715 1.641671
0.626301 0.003214 0.007855 0.003508 0.000777 0.351623 0.006723 1.641991
0.630486 0.003093 0.007542 0.003370 0.000754 0.348022 0.006734 1.642311
0.634565 0.003018 0.007207 0.003228 0.000732 0.344507 0.006743 1.642607
0.638718 0.002953 0.006927 0.003058 0.000708 0.340883 0.006753 1.642879
0.642780 0.002885 0.006645 0.002898 0.000690 0.337334 0.006768 1.643157
0.646892 0.002777 0.006379 0.002776 0.000674 0.333727 0.006775 1.643460
0.650759 0.002696 0.006132 0.002674 0.000656 0.330302 0.006782 1.643730
0.654618 0.002635 0.005874 0.002572 0.000634 0.326877 0.006791 1.643966
0.658553 0.002571 0.005626 0.002467 0.000615 0.323370 0.006797 1.644216
0.662339 0.002491 0.005426 0.002359 0.000593 0.319987 0.006807 1.644472
0.666129 0.002422 0.005217 0.002272 0.000581 0.316565 0.006814 1.644724
0.669878 0.002360 0.005026 0.002186 0.000564 0.313168 0.006819 1.644957
0.673574 0.002300 0.004840 0.002104 0.000551 0.309809 0.006824 1.645182
0.677296 0.002251 0.004642 0.002038 0.000535 0.306409 0.006830 1.645406
0.680920 0.002180 0.004490 0.001954 0.000525 0.303095 0.006838 1.645627
0.684585 0.002109 0.004347 0.001891 0.000507 0.299718 0.006845 1.645853
0.688114 0.002063 0.004163 0.001807 0.000498 0.296508 0.006849 1.646051
0.691589 0.002018 0.004000 0.001752 0.000482 0.293304 0.006856 1.646262
0.695097 0.001966 0.003822 0.001684 0.000469 0.290096 0.006865 1.646449
0.698558 0.001915 0.003692 0.001615 0.000456 0.286892 0.006872 1.646649
0.701956 0.001876 0.003566 0.001559 0.000444 0.283720 0.006879 1.646846
0.705305 0.001845 0.003441 0.001505 0.000429 0.280589 0.006887 1.647009
0.708604 0.001816 0.003299 0.001452 0.000413 0.277525 0.006892 1.647179
0.711946 0.001769 0.003191 0.001405 0.000401 0.274394 0.006896 1.647351
0.715256 0.001722 0.003083 0.001357 0.000393 0.271288 0.006902 1.647519
0.718542 0.001674 0.002980 0.001313 0.000385 0.268202 0.006905 1.647683
0.721713 0.001626 0.002895 0.001274 0.000378 0.265206 0.006908 1.647856
0.724861 0.001574 0.002796 0.001226 0.000363 0.262268 0.006913 1.648027
0.728013 0.001556 0.002697 0.001192 0.000350 0.259273 0.006918 1.648165
0.731086 0.001516 0.002633 0.001132 0.000340 0.256371 0.006923 1.648316
0.734072 0.001492 0.002547 0.001105 0.000328 0.253529 0.006928 1.648465
0.737153 0.001481 0.002449 0.001066 0.000318 0.250601 0.006931 1.648590
0.740197 0.001430 0.002364 0.001043 0.000309 0.247722 0.006934 1.648742
0.743165 0.001401 0.002291 0.001012 0.000301 0.244893 0.006938 1.648868
0.746104 0.001380 0.002224 0.000984 0.000291 0.242074 0.006943 1.648995
0.749041 0.001346 0.002151 0.000955 0.000283 0.239278 0.006947 1.649133
0.751879 0.001316 0.002101 0.000929 0.000275 0.236550 0.006951 1.649260
0.754691 0.001300 0.002057 0.000912 0.000269 0.233819 0.006954 1.649392
0.757481 0.001288 0.001991 0.000886 0.000260 0.231140 0.006955 1.649511
0.760351 0.001239 0.001950 0.000866 0.000251 0.228383 0.006961 1.649646
0.763148 0.001227 0.001898 0.000830 0.000240 0.225692 0.006967 1.649765
0.765888 0.001214 0.001845 0.000813 0.000231 0.223040 0.006969 1.649886
0.768528 0.001211 0.001784 0.000781 0.000224 0.220499 0.006973 1.649990
0.771126 0.001194 0.001720 0.000766 0.000217 0.218000 0.006978 1.650098
0.773794 0.001170 0.001667 0.000741 0.000209 0.215439 0.006981 1.650206
0.776385 0.001152 0.001612 0.000721 0.000203 0.212943 0.006985 1.650312
0.778949 0.001126 0.001584 0.000706 0.000196 0.210450 0.006988 1.650424
0.781497 0.001124 0.001542 0.000690 0.000189 0.207969 0.006990 1.650524
0.783998 0.001094 0.001501 0.000687 0.000179 0.205546 0.006995 1.650629
0.786482 0.001080 0.001463 0.000680 0.000177 0.203121 0.006997 1.650736
0.788950 0.001065 0.001428 0.000658 0.000171 0.200728 0.007000 1.650837
0.791374 0.001041 0.001411 0.000655 0.000169 0.198348 0.007001 1.650947
0.793780 0.001025 0.001380 0.000639 0.000164 0.196010 0.007004 1.651044
0.796175 0.001002 0.001335 0.000619 0.000155 0.193709 0.007005 1.651132
0.798513 0.000973 0.001301 0.000604 0.000153 0.191450 0.007007 1.651231
0.800846 0.000957 0.001259 0.000593 0.000149 0.189188 0.007009 1.651317
0.803171 0.000950 0.001224 0.000574 0.000148 0.186923 0.007010 1.651399
0.805364 0.000938 0.001179 0.000568 0.000142 0.184795 0.007013 1.651488
0.807524 0.000922 0.001170 0.000558 0.000135 0.182677 0.007015 1.651588
0.809738 0.000905 0.001147 0.000544 0.000130 0.180519 0.007018 1.651673
0.811885 0.000878 0.001141 0.000540 0.000126 0.178409 0.007021 1.651774
0.814103 0.000863 0.001119 0.000531 0.000123 0.176239 0.007023 1.651860
0.816170 0.000845 0.001100 0.000528 0.000121 0.174213 0.007024 1.651950
0.818253 0.000828 0.001075 0.000513 0.000114 0.172189 0.007027 1.652033
0.820253 0.000822 0.001046 0.000508 0.000111 0.170232 0.007029 1.652114
0.822306 0.000804 0.001033 0.000501 0.000106 0.168219 0.007031 1.652199
0.824380 0.000799 0.001021 0.000487 0.000102 0.166179 0.007033 1.652282
0.826431 0.000777 0.001000 0.000485 0.000100 0.164174 0.007034 1.652365
0.828430 0.000777 0.000981 0.000477 0.000097 0.162204 0.007035 1.652434
0.830367 0.000763 0.000972 0.000463 0.000094 0.160304 0.007037 1.652518
0.832266 0.000762 0.000945 0.000457 0.000092 0.158439 0.007039 1.652590
0.834152 0.000751 0.000931 0.000445 0.000091 0.156590 0.007040 1.652660
0.836045 0.000745 0.000919 0.000437 0.000086 0.154726 0.007043 1.652735
0.837935 0.000729 0.000894 0.000427 0.000083 0.152889 0.007045 1.652803
0.839755 0.000727 0.000887 0.000415 0.000081 0.151088 0.007047 1.652868
0.841570 0.000712 0.000880 0.000413 0.000080 0.149299 0.007048 1.652951
0.843377 0.000706 0.000875 0.000397 0.000077 0.147520 0.007048 1.653027
0.845208 0.000697 0.000869 0.000391 0.000074 0.145713 0.007048 1.653100
0.846875 0.000687 0.000853 0.000389 0.000073 0.144074 0.007049 1.653168
0.848635 0.000681 0.000842 0.000379 0.000071 0.142342 0.007050 1.653239
0.850348 0.000668 0.000831 0.000364 0.000070 0.140668 0.007051 1.653306
0.852039 0.000651 0.000822 0.000357 0.000068 0.139011 0.007053 1.653374
0.853670 0.000645 0.000800 0.000353 0.000063 0.137415 0.007055 1.653435
0.855334 0.000656 0.000780 0.000345 0.000062 0.135768 0.007055 1.653492
0.856903 0.000636 0.000770 0.000332 0.000062 0.134241 0.007056 1.653560
0.858480 0.000641 0.000751 0.000319 0.000060 0.132692 0.007056 1.653611
0.860082 0.000627 0.000744 0.000322 0.000055 0.131113 0.007057 1.653675
0.861658 0.000625 0.000735 0.000316 0.000050 0.129558 0.007059 1.653738
0.863209 0.000620 0.000718 0.000312 0.000050 0.128032 0.007059 1.653797
0.864677 0.000610 0.000708 0.000304 0.000049 0.126594 0.007059 1.653862
0.866220 0.000610 0.000695 0.000304 0.000048 0.125064 0.007060 1.653920
0.867716 0.000602 0.000688 0.000300 0.000047 0.123588 0.007061 1.653976
0.869180 0.000593 0.000685 0.000299 0.000047 0.122137 0.007061 1.654034
0.870677 0.000591 0.000676 0.000291 0.000045 0.120658 0.007062 1.654089
0.872096 0.000580 0.000665 0.000298 0.000045 0.119255 0.007062 1.654154
0.873457 0.000561 0.000668 0.000296 0.000044 0.117911 0.007064 1.654219
0.874819 0.000563 0.000650 0.000290 0.000044 0.116572 0.007064 1.654272
0.876167 0.000554 0.000644 0.000289 0.000042 0.115241 0.007065 1.654325
0.877494 0.000563 0.000635 0.000280 0.000042 0.113921 0.007066 1.654369
0.878796 0.000549 0.000626 0.000278 0.000041 0.112642 0.007067 1.654428
0.880146 0.000556 0.000608 0.000270 0.000041 0.111312 0.007067 1.654478
0.881450 0.000556 0.000602 0.000266 0.000039 0.110019 0.007068 1.654531
0.882682 0.000541 0.000606 0.000264 0.000038 0.108801 0.007069 1.654587
0.883954 0.000535 0.000602 0.000265 0.000036 0.107539 0.007071 1.654639
0.885177 0.000535 0.000595 0.000263 0.000034 0.106326 0.007071 1.654691
0.886365 0.000534 0.000588 0.000260 0.000032 0.105148 0.007072 1.654744
0.887570 0.000537 0.000581 0.000258 0.000031 0.103951 0.007073 1.654792
0.888781 0.000535 0.000574 0.000254 0.000031 0.102753 0.007073 1.654840
0.889952 0.000526 0.000558 0.000257 0.000031 0.101604 0.007073 1.654898
0.891076 0.000522 0.000551 0.000255 0.000031 0.100494 0.007073 1.654947
0.892194 0.000523 0.000537 0.000260 0.000030 0.099383 0.007073 1.654998
0.893270 0.000515 0.000533 0.000256 0.000032 0.098322 0.007074 1.655045
0.894360 0.000518 0.000521 0.000258 0.000032 0.097238 0.007074 1.655091
0.895437 0.000503 0.000525 0.000261 0.000033 0.096169 0.007074 1.655151
0.896491 0.000492 0.000518 0.000259 0.000031 0.095134 0.007075 1.655197
0.897561 0.000478 0.000516 0.000258 0.000030 0.094083 0.007076 1.655250
0.898559 0.000473 0.000514 0.000252 0.000028 0.093099 0.007076 1.655295
0.899623 0.000470 0.000515 0.000245 0.000028 0.092044 0.007076 1.655338
0.900611 0.000478 0.000497 0.000240 0.000027 0.091071 0.007076 1.655379
0.901570 0.000476 0.000487 0.000235 0.000027 0.090129 0.007077 1.655420
0.902558 0.000470 0.000482 0.000229 0.000027 0.089157 0.007077 1.655467
0.903495 0.000455 0.000477 0.000228 0.000025 0.088243 0.007077 1.655517
0.904458 0.000448 0.000473 0.000230 0.000024 0.087289 0.007077 1.655562
0.905374 0.000442 0.000473 0.000224 0.000025 0.086386 0.007077 1.655609
0.906291 0.000437 0.000469 0.000223 0.000023 0.085479 0.007078 1.655654
0.907163 0.000435 0.000458 0.000220 0.000022 0.084624 0.007078 1.655692
0.908045 0.000428 0.000461 0.000217 0.000022 0.083750 0.007078 1.655741
0.908925 0.000407 0.000455 0.000222 0.000021 0.082891 0.007079 1.655789
0.909730 0.000417 0.000451 0.000215 0.000021 0.082087 0.007079 1.655822
0.910558 0.000408 0.000447 0.000221 0.000021 0.081265 0.007079 1.655866
0.911367 0.000392 0.000447 0.000222 0.000021 0.080471 0.007080 1.655910
0.912152 0.000390 0.000439 0.000218 0.000020 0.079700 0.007081 1.655948
0.912894 0.000389 0.000433 0.000217 0.000020 0.078967 0.007081 1.655985
0.913642 0.000394 0.000424 0.000210 0.000019 0.078230 0.007081 1.656024
0.914390 0.000398 0.000420 0.000207 0.000020 0.077484 0.007081 1.656062
0.915116 0.000398 0.000412 0.000207 0.000018 0.076768 0.007082 1.656099
0.915845 0.000388 0.000412 0.000197 0.000018 0.076058 0.007082 1.656138
0.916531 0.000390 0.000409 0.000189 0.000018 0.075381 0.007082 1.656172
0.917199 0.000382 0.000413 0.000187 0.000016 0.074720 0.007082 1.656215
0.917867 0.000381 0.000408 0.000193 0.000016 0.074053 0.007082 1.656258
0.918509 0.000376 0.000398 0.000193 0.000016 0.073426 0.007082 1.656295
0.919150 0.000379 0.000400 0.000190 0.000017 0.072781 0.007083 1.656332
0.919780 0.000377 0.000395 0.000186 0.000020 0.072160 0.007083 1.656370
0.920384 0.000374 0.000393 0.000190 0.000020 0.071557 0.007083 1.656408
0.921000 0.000372 0.000391 0.000193 0.000020 0.070942 0.007083 1.656447
0.921567 0.000379 0.000382 0.000186 0.000019 0.070383 0.007084 1.656479
0.922175 0.000378 0.000374 0.000178 0.000019 0.069792 0.007084 1.656512
0.922774 0.000382 0.000368 0.000176 0.000019 0.069198 0.007084 1.656549
0.923357 0.000372 0.000373 0.000176 0.000019 0.068619 0.007084 1.656590
0.923923 0.000367 0.000372 0.000175 0.000018 0.068060 0.007084 1.656624
0.924457 0.000374 0.000365 0.000172 0.000017 0.067530 0.007085 1.656653
0.925027 0.000370 0.000369 0.000168 0.000016 0.066964 0.007086 1.656688
0.925510 0.000373 0.000360 0.000168 0.000016 0.066487 0.007086 1.656717
0.926011 0.000358 0.000362 0.000174 0.000015 0.065994 0.007086 1.656763
0.926545 0.000351 0.000364 0.000170 0.000016 0.065468 0.007086 1.656804
0.927020 0.000341 0.000363 0.000174 0.000016 0.065000 0.007086 1.656839
0.927513 0.000340 0.000355 0.000169 0.000015 0.064521 0.007087 1.656867
0.927996 0.000331 0.000359 0.000168 0.000015 0.064043 0.007087 1.656904
0.928473 0.000328 0.000348 0.000164 0.000015 0.063584 0.007088 1.656935
0.928935 0.000335 0.000343 0.000159 0.000014 0.063126 0.007088 1.656958
0.929380 0.000326 0.000344 0.000161 0.000015 0.062685 0.007089 1.656996
0.929780 0.000323 0.000343 0.000158 0.000014 0.062295 0.007089 1.657026
0.930205 0.000316 0.000341 0.000161 0.000013 0.061874 0.007090 1.657059
0.930615 0.000312 0.000339 0.000158 0.000013 0.061474 0.007090 1.657089
0.931026 0.000302 0.000331 0.000157 0.000013 0.061079 0.007091 1.657123
0.931448 0.000291 0.000325 0.000160 0.000013 0.060672 0.007091 1.657156
0.931858 0.000293 0.000321 0.000153 0.000013 0.060270 0.007091 1.657186
0.932220 0.000293 0.000315 0.000153 0.000013 0.059915 0.007091 1.657215
0.932578 0.000292 0.000312 0.000147 0.000013 0.059566 0.007092 1.657246
0.932939 0.000292 0.000313 0.000144 0.000014 0.059206 0.007092 1.657272
0.933313 0.000293 0.000306 0.000144 0.000014 0.058838 0.007092 1.657303
0.933668 0.000300 0.000299 0.000140 0.000013 0.058487 0.007092 1.657328
0.933995 0.000299 0.000290 0.000140 0.000014 0.058169 0.007092 1.657355
0.934332 0.000296 0.000291 0.000141 0.000012 0.057835 0.007093 1.657385
0.934671 0.000287 0.000294 0.000140 0.000012 0.057502 0.007093 1.657417
0.935000 0.000286 0.000301 0.000138 0.000012 0.057170 0.007094 1.657444
0.935300 0.000290 0.000297 0.000140 0.000012 0.056869 0.007094 1.657471
0.935616 0.000292 0.000297 0.000133 0.000011 0.056557 0.007094 1.657493
0.935932 0.000298 0.000292 0.000131 0.000010 0.056242 0.007094 1.657516
0.936241 0.000284 0.000289 0.000132 0.000010 0.055949 0.007094 1.657547
0.936530 0.000280 0.000282 0.000131 0.000010 0.055672 0.007094 1.657575
0.936821 0.000290 0.000282 0.000131 0.000010 0.055371 0.007094 1.657598
0.937110 0.000291 0.000278 0.000132 0.000010 0.055085 0.007094 1.657627
0.937383 0.000292 0.000278 0.000132 0.000009 0.054811 0.007095 1.657651
0.937663 0.000290 0.000279 0.000129 0.000010 0.054534 0.007095 1.657677
0.937938 0.000298 0.000276 0.000131 0.000009 0.054254 0.007095 1.657703
0.938222 0.000300 0.000271 0.000132 0.000009 0.053971 0.007095 1.657731
0.938505 0.000292 0.000272 0.000135 0.000009 0.053693 0.007095 1.657761
0.938788 0.000290 0.000274 0.000135 0.000009 0.053409 0.007096 1.657790
0.939014 0.000303 0.000271 0.000130 0.000009 0.053178 0.007096 1.657813
0.939255 0.000306 0.000267 0.000132 0.000010 0.052934 0.007096 1.657841
0.939487 0.000308 0.000266 0.000131 0.000009 0.052703 0.007096 1.657866
0.939718 0.000306 0.000267 0.000129 0.000009 0.052472 0.007096 1.657893
0.939939 0.000302 0.000268 0.000133 0.000010 0.052250 0.007096 1.657926
0.940164 0.000301 0.000268 0.000135 0.000010 0.052028 0.007096 1.657951
0.940389 0.000300 0.000273 0.000133 0.000010 0.051800 0.007096 1.657979
0.940599 0.000302 0.000267 0.000132 0.000009 0.051595 0.007097 1.658002
0.940804 0.000302 0.000265 0.000134 0.000008 0.051390 0.007097 1.658028
0.941006 0.000301 0.000252 0.000131 0.000008 0.051205 0.007097 1.658053
0.941211 0.000295 0.000258 0.000128 0.000008 0.051002 0.007097 1.658083
0.941392 0.000299 0.000258 0.000127 0.000007 0.050819 0.007097 1.658109
0.941583 0.000298 0.000259 0.000128 0.000008 0.050627 0.007097 1.658139
0.941762 0.000299 0.000264 0.000132 0.000008 0.050437 0.007097 1.658170
0.941928 0.000293 0.000271 0.000130 0.000008 0.050273 0.007097 1.658200
0.942112 0.000290 0.000275 0.000129 0.000008 0.050089 0.007097 1.658230
0.942300 0.000281 0.000284 0.000129 0.000008 0.049901 0.007097 1.658263
0.942477 0.000271 0.000285 0.000128 0.000008 0.049734 0.007097 1.658296
0.942645 0.000268 0.000283 0.000125 0.000007 0.049573 0.007098 1.658326
0.942813 0.000266 0.000284 0.000127 0.000008 0.049404 0.007098 1.658354
0.942988 0.000269 0.000282 0.000125 0.000008 0.049230 0.007098 1.658378
0.943145 0.000264 0.000286 0.000126 0.000008 0.049074 0.007098 1.658408
0.943311 0.000255 0.000280 0.000129 0.000008 0.048918 0.007098 1.658434
0.943467 0.000260 0.000276 0.000129 0.000008 0.048762 0.007098 1.658458
0.943628 0.000257 0.000276 0.000125 0.000008 0.048609 0.007098 1.658484
0.943786 0.000251 0.000280 0.000126 0.000008 0.048450 0.007098 1.658511
0.943921 0.000255 0.000282 0.000123 0.000008 0.048313 0.007098 1.658537
0.944066 0.000257 0.000283 0.000122 0.000008 0.048166 0.007099 1.658561
0.944199 0.000258 0.000273 0.000124 0.000007 0.048040 0.007099 1.658585
0.944339 0.000258 0.000267 0.000124 0.000007 0.047907 0.007099 1.658609
0.944458 0.000258 0.000265 0.000121 0.000007 0.047792 0.007099 1.658629
0.944581 0.000258 0.000271 0.000124 0.000007 0.047660 0.007099 1.658656
0.944703 0.000255 0.000277 0.000119 0.000007 0.047541 0.007099 1.658683
0.944835 0.000252 0.000268 0.000116 0.000007 0.047421 0.007099 1.658702
0.944969 0.000255 0.000269 0.000113 0.000008 0.047287 0.007099 1.658721
0.945080 0.000250 0.000265 0.000108 0.000009 0.047189 0.007099 1.658745
0.945192 0.000251 0.000258 0.000109 0.000009 0.047083 0.007099 1.658766
0.945305 0.000250 0.000254 0.000111 0.000008 0.046971 0.007099 1.658791
0.945411 0.000249 0.000250 0.000111 0.000008 0.046871 0.007099 1.658815
0.945526 0.000252 0.000251 0.000111 0.000008 0.046753 0.007099 1.658840
0.945654 0.000246 0.000247 0.000113 0.000008 0.046633 0.007100 1.658865
0.945757 0.000242 0.000239 0.000115 0.000007 0.046539 0.007100 1.658889
0.945871 0.000244 0.000238 0.000112 0.000008 0.046425 0.007100 1.658913
0.945964 0.000255 0.000239 0.000108 0.000008 0.046325 0.007100 1.658932
0.946092 0.000252 0.000234 0.000107 0.000008 0.046208 0.007100 1.658952
0.946196 0.000249 0.000237 0.000109 0.000008 0.046102 0.007100 1.658979
0.946303 0.000246 0.000235 0.000111 0.000008 0.045997 0.007100 1.659004
0.946412 0.000254 0.000234 0.000110 0.000008 0.045882 0.007100 1.659023
0.946500 0.000254 0.000235 0.000108 0.000008 0.045797 0.007100 1.659051
0.946596 0.000251 0.000235 0.000105 0.000008 0.045705 0.007100 1.659076
0.946691 0.000247 0.000229 0.000106 0.000008 0.045619 0.007100 1.659099
0.946791 0.000242 0.000226 0.000112 0.000008 0.045521 0.007100 1.659125
0.946884 0.000238 0.000226 0.000114 0.000008 0.045430 0.007100 1.659150
0.946970 0.000240 0.000226 0.000111 0.000008 0.045345 0.007100 1.659172
0.947048 0.000240 0.000230 0.000107 0.000009 0.045265 0.007100 1.659198
0.947120 0.000229 0.000228 0.000114 0.000010 0.045198 0.007100 1.659229
0.947195 0.000230 0.000228 0.000108 0.000010 0.045129 0.007100 1.659251
0.947268 0.000229 0.000229 0.000110 0.000009 0.045054 0.007101 1.659276
0.947346 0.000230 0.000224 0.000111 0.000009 0.044979 0.007101 1.659297
0.947422 0.000232 0.000217 0.000112 0.000009 0.044907 0.007101 1.659314
0.947502 0.000229 0.000215 0.000113 0.000009 0.044831 0.007101 1.659337
0.947590 0.000229 0.000216 0.000109 0.000011 0.044745 0.007101 1.659359
0.947653 0.000229 0.000219 0.000110 0.000011 0.044678 0.007101 1.659386
0.947719 0.000229 0.000219 0.000110 0.000011 0.044612 0.007101 1.659414
0.947785 0.000228 0.000223 0.000110 0.000011 0.044542 0.007101 1.659437
0.947863 0.000224 0.000223 0.000111 0.000010 0.044468 0.007101 1.659460
0.947928 0.000229 0.000221 0.000111 0.000010 0.044400 0.007101 1.659483
0.947995 0.000230 0.000222 0.000107 0.000010 0.044334 0.007101 1.659502
0.948059 0.000232 0.000227 0.000107 0.000010 0.044263 0.007102 1.659525
0.948131 0.000231 0.000226 0.000109 0.000010 0.044191 0.007102 1.659548
0.948201 0.000224 0.000226 0.000109 0.000010 0.044127 0.007102 1.659572
0.948269 0.000220 0.000224 0.000109 0.000012 0.044065 0.007102 1.659595
0.948350 0.000219 0.000225 0.000109 0.000012 0.043984 0.007102 1.659615
0.948404 0.000220 0.000227 0.000106 0.000012 0.043929 0.007102 1.659634
0.948457 0.000225 0.000227 0.000103 0.000012 0.043874 0.007102 1.659653
0.948510 0.000223 0.000228 0.000104 0.000012 0.043821 0.007102 1.659677
0.948563 0.000227 0.000224 0.000104 0.000013 0.043767 0.007102 1.659699
0.948626 0.000234 0.000222 0.000101 0.000013 0.043701 0.007102 1.659719
0.948682 0.000229 0.000227 0.000101 0.000013 0.043646 0.007102 1.659742
0.948734 0.000223 0.000223 0.000104 0.000012 0.043601 0.007102 1.659763
0.948780 0.000229 0.000220 0.000101 0.000013 0.043554 0.007102 1.659778
0.948831 0.000232 0.000218 0.000099 0.000013 0.043505 0.007103 1.659798
0.948879 0.000231 0.000210 0.000100 0.000013 0.043464 0.007103 1.659820
0.948942 0.000228 0.000210 0.000103 0.000013 0.043401 0.007103 1.659843
0.948985 0.000221 0.000219 0.000099 0.000013 0.043359 0.007103 1.659871
0.949033 0.000224 0.000218 0.000096 0.000014 0.043312 0.007103 1.659888
0.949074 0.000227 0.000211 0.000095 0.000013 0.043277 0.007103 1.659905
0.949124 0.000217 0.000212 0.000097 0.000014 0.043234 0.007103 1.659933
0.949166 0.000215 0.000206 0.000097 0.000013 0.043200 0.007103 1.659951
0.949213 0.000212 0.000212 0.000098 0.000012 0.043150 0.007103 1.659975
0.949272 0.000203 0.000216 0.000100 0.000012 0.043095 0.007103 1.660001
0.949314 0.000201 0.000212 0.000102 0.000011 0.043057 0.007103 1.660023
0.949358 0.000200 0.000209 0.000102 0.000012 0.043016 0.007103 1.660042
0.949393 0.000204 0.000216 0.000095 0.000011 0.042977 0.007104 1.660062
0.949426 0.000202 0.000216 0.000097 0.000012 0.042944 0.007104 1.660084
0.949461 0.000199 0.000213 0.000095 0.000012 0.042918 0.007104 1.660104
0.949500 0.000193 0.000211 0.000097 0.000012 0.042883 0.007104 1.660129
0.949539 0.000194 0.000210 0.000096 0.000012 0.042844 0.007105 1.660148
0.949588 0.000191 0.000208 0.000095 0.000012 0.042801 0.007105 1.660168
0.949628 0.000195 0.000204 0.000098 0.000011 0.042758 0.007105 1.660184
0.949665 0.000191 0.000202 0.000096 0.000011 0.042730 0.007105 1.660203
0.949712 0.000189 0.000204 0.000093 0.000010 0.042686 0.007106 1.660221
0.949748 0.000190 0.000204 0.000089 0.000010 0.042653 0.007106 1.660238
0.949791 0.000181 0.000202 0.000092 0.000010 0.042618 0.007106 1.660261
0.949825 0.000189 0.000194 0.000091 0.000009 0.042585 0.007106 1.660275
0.949857 0.000189 0.000187 0.000091 0.000008 0.042562 0.007106 1.660291
0.949890 0.000191 0.000189 0.000092 0.000007 0.042525 0.007106 1.660312
0.949924 0.000186 0.000196 0.000088 0.000007 0.042492 0.007106 1.660333
0.949948 0.000188 0.000189 0.000089 0.000007 0.042473 0.007106 1.660351
0.949979 0.000187 0.000186 0.000088 0.000007 0.042446 0.007106 1.660366
0.950012 0.000189 0.000185 0.000086 0.000008 0.042414 0.007106 1.660380
0.950047 0.000184 0.000184 0.000086 0.000008 0.042386 0.007106 1.660400
0.950080 0.000180 0.000186 0.000083 0.000008 0.042356 0.007106 1.660416
0.950116 0.000186 0.000187 0.000080 0.000009 0.042316 0.007106 1.660429
0.950153 0.000185 0.000186 0.000080 0.000008 0.042281 0.007107 1.660446
0.950188 0.000185 0.000191 0.000080 0.000008 0.042242 0.007107 1.660465
0.950225 0.000178 0.000195 0.000078 0.000008 0.042209 0.007107 1.660486
0.950244 0.000178 0.000198 0.000074 0.000009 0.042190 0.007107 1.660505
0.950271 0.000177 0.000195 0.000076 0.000008 0.042166 0.007107 1.660525
0.950304 0.000174 0.000196 0.000073 0.000007 0.042139 0.007107 1.660544
0.950333 0.000173 0.000197 0.000075 0.000007 0.042110 0.007107 1.660565
0.950357 0.000170 0.000191 0.000077 0.000007 0.042092 0.007107 1.660586
0.950374 0.000168 0.000191 0.000077 0.000007 0.042077 0.007107 1.660603
0.950394 0.000178 0.000184 0.000072 0.000007 0.042058 0.007107 1.660615
0.950414 0.000176 0.000187 0.000072 0.000007 0.042038 0.007107 1.660632
0.950437 0.000175 0.000183 0.000075 0.000007 0.042016 0.007107 1.660651
0.950459 0.000176 0.000185 0.000074 0.000007 0.041991 0.007107 1.660671
0.950484 0.000181 0.000182 0.000074 0.000007 0.041965 0.007107 1.660685
0.950512 0.000179 0.000174 0.000077 0.000007 0.041945 0.007107 1.660704
0.950535 0.000174 0.000173 0.000082 0.000007 0.041924 0.007107 1.660729
0.950558 0.000171 0.000168 0.000082 0.000007 0.041907 0.007107 1.660746
0.950573 0.000176 0.000163 0.000082 0.000007 0.041891 0.007107 1.660760
0.950597 0.000178 0.000159 0.000081 0.000006 0.041872 0.007107 1.660773
0.950619 0.000174 0.000160 0.000082 0.000006 0.041853 0.007107 1.660792
0.950642 0.000175 0.000156 0.000083 0.000007 0.041831 0.007107 1.660806
0.950668 0.000173 0.000154 0.000081 0.000007 0.041811 0.007107 1.660824
0.950694 0.000175 0.000150 0.000081 0.000007 0.041787 0.007107 1.660839
0.950710 0.000173 0.000152 0.000081 0.000007 0.041771 0.007107 1.660855
0.950739 0.000170 0.000151 0.000078 0.000007 0.041748 0.007107 1.660869
0.950768 0.000165 0.000150 0.000076 0.000007 0.041727 0.007107 1.660888
0.950790 0.000167 0.000153 0.000075 0.000007 0.041701 0.007107 1.660907
0.950811 0.000157 0.000158 0.000081 0.000007 0.041680 0.007107 1.660929
0.950837 0.000154 0.000158 0.000072 0.000007 0.041665 0.007107 1.660943
0.950856 0.000157 0.000154 0.000071 0.000007 0.041647 0.007107 1.660954
0.950869 0.000162 0.000155 0.000069 0.000006 0.041632 0.007107 1.660967
0.950884 0.000160 0.000158 0.000070 0.000006 0.041614 0.007107 1.660986
0.950905 0.000157 0.000157 0.000070 0.000006 0.041598 0.007107 1.661003
0.950924 0.000154 0.000155 0.000069 0.000006 0.041585 0.007107 1.661018
0.950950 0.000151 0.000153 0.000070 0.000006 0.041562 0.007107 1.661031
0.950967 0.000148 0.000150 0.000071 0.000006 0.041551 0.007107 1.661047
0.950983 0.000150 0.000150 0.000073 0.000006 0.041532 0.007107 1.661059
0.951002 0.000151 0.000145 0.000075 0.000006 0.041514 0.007107 1.661074
0.951019 0.000148 0.000146 0.000073 0.000006 0.041501 0.007108 1.661089
0.951022 0.000153 0.000148 0.000073 0.000006 0.041490 0.007108 1.661104
0.951037 0.000151 0.000150 0.000074 0.000006 0.041475 0.007108 1.661121
0.951046 0.000157 0.000151 0.000072 0.000006 0.041461 0.007108 1.661132
0.951058 0.000155 0.000154 0.000071 0.000005 0.041448 0.007108 1.661150
0.951068 0.000157 0.000152 0.000073 0.000005 0.041438 0.007108 1.661166
0.951081 0.000157 0.000150 0.000073 0.000005 0.041424 0.007108 1.661178
0.951091 0.000154 0.000150 0.000076 0.000005 0.041414 0.007108 1.661195
0.951098 0.000157 0.000151 0.000077 0.000005 0.041404 0.007108 1.661209
0.951112 0.000157 0.000151 0.000078 0.000005 0.041389 0.007108 1.661225
0.951132 0.000147 0.000156 0.000079 0.000005 0.041372 0.007109 1.661246
0.951140 0.000151 0.000153 0.000072 0.000006 0.041369 0.007109 1.661257
0.951155 0.000146 0.000154 0.000072 0.000006 0.041358 0.007109 1.661274
0.951173 0.000142 0.000152 0.000074 0.000006 0.041343 0.007109 1.661290
0.951182 0.000140 0.000149 0.000070 0.000006 0.041343 0.007109 1.661304
0.951191 0.000141 0.000156 0.000068 0.000006 0.041328 0.007109 1.661320
0.951206 0.000144 0.000154 0.000067 0.000006 0.041314 0.007109 1.661331
0.951216 0.000146 0.000153 0.000064 0.000006 0.041305 0.007109 1.661342
0.951226 0.000150 0.000151 0.000061 0.000006 0.041295 0.007110 1.661353
0.951234 0.000161 0.000147 0.000061 0.000006 0.041282 0.007110 1.661362
0.951244 0.000160 0.000149 0.000062 0.000006 0.041271 0.007110 1.661379
0.951253 0.000159 0.000151 0.000062 0.000006 0.041260 0.007110 1.661396
0.951263 0.000155 0.000155 0.000061 0.000006 0.041249 0.007110 1.661412
0.951266 0.000159 0.000155 0.000060 0.000007 0.041244 0.007110 1.661427
0.951279 0.000158 0.000154 0.000060 0.000006 0.041234 0.007110 1.661441
0.951289 0.000148 0.000157 0.000060 0.000006 0.041230 0.007110 1.661459
0.951299 0.000142 0.000161 0.000065 0.000006 0.041218 0.007110 1.661477
0.951315 0.000133 0.000163 0.000069 0.000006 0.041204 0.007110 1.661496
0.951325 0.000134 0.000161 0.000068 0.000006 0.041196 0.007110 1.661511
0.951340 0.000134 0.000159 0.000071 0.000006 0.041181 0.007110 1.661526
0.951349 0.000134 0.000157 0.000069 0.000006 0.041175 0.007110 1.661539
0.951351 0.000138 0.000158 0.000073 0.000005 0.041165 0.007111 1.661554
0.951355 0.000143 0.000149 0.000071 0.000005 0.041165 0.007111 1.661564
0.951364 0.000143 0.000146 0.000071 0.000005 0.041160 0.007111 1.661575
0.951376 0.000139 0.000138 0.000070 0.000006 0.041160 0.007111 1.661591
0.951390 0.000137 0.000140 0.000066 0.000006 0.041151 0.007111 1.661606
0.951399 0.000135 0.000142 0.000067 0.000006 0.041140 0.007111 1.661622
0.951409 0.000137 0.000134 0.000067 0.000006 0.041135 0.007111 1.661633
0.951409 0.000140 0.000132 0.000065 0.000006 0.041135 0.007111 1.661646
0.951416 0.000134 0.000136 0.000063 0.000006 0.041132 0.007111 1.661666
0.951421 0.000136 0.000133 0.000063 0.000006 0.041129 0.007111 1.661677
0.951426 0.000141 0.000131 0.000062 0.000006 0.041121 0.007111 1.661686
0.951437 0.000142 0.000131 0.000061 0.000006 0.041111 0.007111 1.661697
0.951446 0.000141 0.000131 0.000061 0.000006 0.041104 0.007111 1.661710
0.951455 0.000141 0.000125 0.000061 0.000006 0.041101 0.007111 1.661721
0.951464 0.000141 0.000130 0.000056 0.000005 0.041092 0.007111 1.661733
0.951467 0.000135 0.000136 0.000059 0.000005 0.041087 0.007112 1.661753
0.951475 0.000129 0.000137 0.000063 0.000004 0.041081 0.007112 1.661771
0.951476 0.000134 0.000135 0.000063 0.000004 0.041077 0.007112 1.661781
0.951484 0.000133 0.000137 0.000061 0.000003 0.041071 0.007112 1.661795
0.951491 0.000129 0.000137 0.000061 0.000003 0.041068 0.007112 1.661811
0.951495 0.000133 0.000133 0.000054 0.000004 0.041068 0.007112 1.661824
0.951499 0.000131 0.000135 0.000052 0.000004 0.041066 0.007112 1.661836
0.951507 0.000131 0.000134 0.000052 0.000004 0.041060 0.007112 1.661849
0.951516 0.000129 0.000133 0.000053 0.000004 0.041052 0.007112 1.661861
0.951525 0.000132 0.000132 0.000052 0.000004 0.041042 0.007112 1.661872
0.951536 0.000128 0.000134 0.000054 0.000004 0.041031 0.007112 1.661888
0.951542 0.000126 0.000131 0.000056 0.000004 0.041027 0.007112 1.661901
0.951551 0.000128 0.000134 0.000058 0.000004 0.041012 0.007112 1.661912
0.951557 0.000131 0.000131 0.000056 0.000005 0.041007 0.007112 1.661920
0.951576 0.000137 0.000131 0.000052 0.000005 0.040987 0.007112 1.661928
0.951585 0.000132 0.000129 0.000053 0.000005 0.040984 0.007112 1.661943
0.951592 0.000135 0.000128 0.000052 0.000005 0.040975 0.007112 1.661952
0.951602 0.000133 0.000126 0.000051 0.000004 0.040971 0.007113 1.661963
0.951605 0.000133 0.000125 0.000053 0.000005 0.040966 0.007113 1.661976
0.951616 0.000132 0.000122 0.000055 0.000005 0.040959 0.007113 1.661989
0.951620 0.000134 0.000119 0.000054 0.000005 0.040955 0.007113 1.661999
0.951625 0.000135 0.000120 0.000054 0.000004 0.040949 0.007113 1.662014
0.951636 0.000131 0.000121 0.000054 0.000004 0.040941 0.007113 1.662027
0.951646 0.000130 0.000123 0.000055 0.000004 0.040929 0.007113 1.662040
0.951648 0.000129 0.000125 0.000053 0.000004 0.040927 0.007113 1.662052
0.951653 0.000125 0.000128 0.000049 0.000004 0.040927 0.007113 1.662066
0.951655 0.000127 0.000126 0.000051 0.000004 0.040923 0.007113 1.662079
0.951657 0.000131 0.000128 0.000048 0.000004 0.040917 0.007113 1.662089
0.951659 0.000128 0.000132 0.000050 0.000005 0.040912 0.007113 1.662106
0.951660 0.000127 0.000128 0.000048 0.000006 0.040917 0.007113 1.662119
0.951661 0.000125 0.000132 0.000049 0.000006 0.040913 0.007113 1.662135
0.951669 0.000125 0.000132 0.000049 0.000006 0.040905 0.007113 1.662145
0.951674 0.000121 0.000132 0.000050 0.000005 0.040904 0.007113 1.662157
0.951684 0.000123 0.000125 0.000051 0.000005 0.040899 0.007114 1.662168
0.951692 0.000123 0.000128 0.000052 0.000004 0.040887 0.007114 1.662182
0.951704 0.000122 0.000125 0.000048 0.000004 0.040884 0.007114 1.662191
0.951709 0.000121 0.000127 0.000049 0.000004 0.040876 0.007114 1.662205
0.951714 0.000116 0.000131 0.000050 0.000004 0.040871 0.007114 1.662220
0.951715 0.000118 0.000129 0.000052 0.000004 0.040868 0.007114 1.662232
0.951717 0.000117 0.000131 0.000051 0.000004 0.040866 0.007114 1.662246
0.951731 0.000115 0.000130 0.000048 0.000004 0.040858 0.007114 1.662256
0.951736 0.000115 0.000130 0.000048 0.000004 0.040854 0.007114 1.662266
0.951739 0.000116 0.000128 0.000051 0.000004 0.040849 0.007114 1.662281
0.951743 0.000116 0.000128 0.000052 0.000004 0.040843 0.007114 1.662293
0.951742 0.000120 0.000124 0.000051 0.000004 0.040844 0.007114 1.662302
0.951752 0.000117 0.000122 0.000052 0.000004 0.040839 0.007114 1.662313
0.951753 0.000117 0.000124 0.000050 0.000004 0.040840 0.007114 1.662325
0.951751 0.000118 0.000124 0.000048 0.000003 0.040840 0.007114 1.662336
0.951749 0.000122 0.000122 0.000052 0.000003 0.040837 0.007115 1.662347
0.951749 0.000120 0.000123 0.000053 0.000003 0.040837 0.007115 1.662363
0.951758 0.000116 0.000123 0.000053 0.000003 0.040832 0.007115 1.662376
0.951761 0.000115 0.000121 0.000053 0.000003 0.040831 0.007115 1.662388
0.951763 0.000115 0.000122 0.000051 0.000004 0.040830 0.007115 1.662399
0.951770 0.000114 0.000118 0.000049 0.000004 0.040830 0.007115 1.662409
0.951775 0.000115 0.000120 0.000050 0.000004 0.040822 0.007115 1.662420
0.951781 0.000120 0.000118 0.000047 0.000004 0.040815 0.007115 1.662427
0.951783 0.000119 0.000115 0.000046 0.000004 0.040817 0.007115 1.662437
0.951788 0.000114 0.000113 0.000048 0.000004 0.040818 0.007115 1.662452
0.951797 0.000110 0.000111 0.000044 0.000004 0.040817 0.007115 1.662464
0.951801 0.000112 0.000108 0.000042 0.000004 0.040817 0.007115 1.662473
0.951810 0.000113 0.000109 0.000041 0.000003 0.040808 0.007115 1.662484
0.951813 0.000115 0.000111 0.000041 0.000003 0.040802 0.007115 1.662496
0.951814 0.000114 0.000109 0.000044 0.000003 0.040800 0.007115 1.662509
0.951811 0.000118 0.000113 0.000041 0.000003 0.040798 0.007115 1.662519
0.951814 0.000118 0.000116 0.000044 0.000004 0.040788 0.007115 1.662533
0.951814 0.000123 0.000113 0.000044 0.000004 0.040787 0.007115 1.662541
0.951818 0.000125 0.000111 0.000046 0.000004 0.040781 0.007115 1.662551
0.951816 0.000129 0.000110 0.000048 0.000004 0.040778 0.007115 1.662562
0.951823 0.000124 0.000111 0.000047 0.000005 0.040775 0.007115 1.662578
0.951829 0.000124 0.000110 0.000048 0.000005 0.040770 0.007115 1.662587
0.951835 0.000117 0.000110 0.000045 0.000005 0.040774 0.007115 1.662601
0.951839 0.000119 0.000113 0.000045 0.000005 0.040764 0.007115 1.662613
0.951845 0.000119 0.000115 0.000047 0.000005 0.040755 0.007115 1.662625
0.951854 0.000115 0.000117 0.000048 0.000004 0.040748 0.007115 1.662638
0.951862 0.000113 0.000113 0.000051 0.000004 0.040742 0.007115 1.662650
0.951862 0.000121 0.000114 0.000048 0.000004 0.040736 0.007115 1.662658
0.951864 0.000122 0.000114 0.000046 0.000004 0.040736 0.007115 1.662670
0.951868 0.000122 0.000113 0.000048 0.000003 0.040732 0.007115 1.662682
0.951870 0.000124 0.000112 0.000051 0.000003 0.040726 0.007115 1.662694
0.951879 0.000122 0.000114 0.000049 0.000003 0.040719 0.007115 1.662707
0.951886 0.000124 0.000113 0.000048 0.000003 0.040713 0.007115 1.662715
0.951885 0.000127 0.000115 0.000044 0.000003 0.040712 0.007115 1.662726
0.951892 0.000117 0.000117 0.000047 0.000003 0.040710 0.007115 1.662745
0.951893 0.000116 0.000117 0.000047 0.000003 0.040708 0.007115 1.662757
0.951889 0.000117 0.000115 0.000047 0.000003 0.040716 0.007115 1.662770
0.951886 0.000115 0.000115 0.000048 0.000003 0.040717 0.007115 1.662784
0.951892 0.000109 0.000117 0.000049 0.000002 0.040716 0.007115 1.662800
0.951900 0.000109 0.000117 0.000048 0.000002 0.040709 0.007115 1.662809
0.951903 0.000109 0.000111 0.000048 0.000002 0.040712 0.007115 1.662819
0.951908 0.000114 0.000109 0.000046 0.000003 0.040706 0.007115 1.662826
0.951912 0.000114 0.000105 0.000046 0.000003 0.040707 0.007115 1.662836
0.951923 0.000115 0.000103 0.000046 0.000002 0.040695 0.007115 1.662845
0.951925 0.000115 0.000106 0.000048 0.000002 0.040689 0.007115 1.662858
0.951932 0.000113 0.000104 0.000049 0.000002 0.040686 0.007115 1.662868
0.951935 0.000108 0.000106 0.000051 0.000002 0.040684 0.007115 1.662883
0.951938 0.000108 0.000108 0.000050 0.000002 0.040680 0.007115 1.662896
0.951932 0.000114 0.000106 0.000045 0.000002 0.040688 0.007115 1.662904
0.951935 0.000114 0.000104 0.000045 0.000002 0.040686 0.007115 1.662913
0.951938 0.000114 0.000102 0.000044 0.000002 0.040686 0.007115 1.662923
0.951936 0.000118 0.000101 0.000045 0.000002 0.040683 0.007115 1.662932
0.951944 0.000108 0.000102 0.000049 0.000002 0.040680 0.007115 1.662947
0.951946 0.000109 0.000103 0.000050 0.000002 0.040676 0.007115 1.662957
0.951955 0.000104 0.000105 0.000051 0.000002 0.040669 0.007115 1.662969
0.951960 0.000103 0.000102 0.000049 0.000002 0.040670 0.007115 1.662977
0.951969 0.000101 0.000099 0.000047 0.000002 0.040668 0.007115 1.662985
0.951971 0.000095 0.000101 0.000046 0.000002 0.040671 0.007115 1.662998
0.951979 0.000089 0.000105 0.000046 0.000002 0.040664 0.007115 1.663011
0.951990 0.000084 0.000100 0.000047 0.000001 0.040664 0.007115 1.663021
0.951990 0.000080 0.000103 0.000046 0.000000 0.040665 0.007115 1.663035
0.951995 0.000075 0.000102 0.000045 0.000000 0.040667 0.007115 1.663045
0.952001 0.000079 0.000099 0.000044 0.000001 0.040660 0.007115 1.663051
0.952007 0.000081 0.000095 0.000040 0.000001 0.040661 0.007115 1.663057
0.952006 0.000084 0.000093 0.000039 0.000002 0.040661 0.007115 1.663062
0.952009 0.000082 0.000089 0.000041 0.000002 0.040661 0.007115 1.663071
