0.347807 0.061753 0.055480 0.032023 0.002077 0.494788 0.006072 1.620351
0.350412 0.059369 0.055486 0.031840 0.002082 0.494714 0.006099 1.626290
0.353940 0.056365 0.055183 0.031541 0.002083 0.494765 0.006123 1.631907
0.357744 0.053182 0.054866 0.031113 0.002093 0.494849 0.006153 1.637377
0.362101 0.049843 0.054417 0.030530 0.002091 0.494843 0.006175 1.642505
0.366704 0.046651 0.053735 0.029839 0.002091 0.494778 0.006202 1.647248
0.371470 0.043608 0.052941 0.029131 0.002088 0.494539 0.006223 1.651633
0.376424 0.040683 0.052016 0.028359 0.002075 0.494192 0.006250 1.655726
0.381566 0.037947 0.050865 0.027630 0.002066 0.493652 0.006273 1.659534
0.386763 0.035431 0.049723 0.026789 0.002030 0.492961 0.006303 1.663059
0.392125 0.032973 0.048576 0.025923 0.002032 0.492040 0.006332 1.666407
0.397395 0.030745 0.047244 0.025084 0.002013 0.491159 0.006359 1.669502
0.402667 0.028629 0.046015 0.024228 0.002011 0.490065 0.006385 1.672431
0.408004 0.026703 0.044591 0.023357 0.002008 0.488936 0.006401 1.675106
0.413325 0.024801 0.043266 0.022489 0.001987 0.487703 0.006430 1.677710
0.418715 0.023212 0.041840 0.021620 0.001979 0.486176 0.006459 1.679996
0.424195 0.021667 0.040419 0.020790 0.001949 0.484495 0.006484 1.682165
0.429615 0.020220 0.038987 0.020019 0.001914 0.482739 0.006505 1.684238
0.435066 0.018958 0.037550 0.019127 0.001891 0.480883 0.006525 1.686083
0.440443 0.017723 0.036204 0.018310 0.001871 0.478897 0.006551 1.687888
0.445931 0.016594 0.034844 0.017551 0.001825 0.476676 0.006579 1.689543
0.451283 0.015526 0.033499 0.016820 0.001785 0.474482 0.006605 1.691148
0.456703 0.014510 0.032266 0.016139 0.001758 0.472000 0.006624 1.692643
0.462171 0.013666 0.030890 0.015429 0.001725 0.469474 0.006646 1.693951
0.467606 0.012866 0.029668 0.014714 0.001699 0.466786 0.006662 1.695248
0.472895 0.012084 0.028418 0.014068 0.001660 0.464190 0.006686 1.696469
0.478258 0.011383 0.027210 0.013433 0.001635 0.461374 0.006707 1.697610
0.483620 0.010698 0.026106 0.012805 0.001621 0.458420 0.006731 1.698697
0.489061 0.010102 0.025013 0.012197 0.001588 0.455288 0.006751 1.699680
0.494253 0.009548 0.023940 0.011622 0.001549 0.452312 0.006775 1.700670
0.499449 0.009068 0.022938 0.011091 0.001509 0.449152 0.006793 1.701566
0.504577 0.008607 0.021924 0.010613 0.001482 0.445989 0.006808 1.702425
0.509726 0.008217 0.020906 0.010114 0.001449 0.442761 0.006827 1.703215
0.514865 0.007793 0.019993 0.009653 0.001414 0.439439 0.006843 1.703999
0.520038 0.007379 0.019129 0.009195 0.001378 0.436021 0.006859 1.704746
0.525246 0.006983 0.018323 0.008769 0.001344 0.432459 0.006877 1.705480
0.530225 0.006650 0.017539 0.008371 0.001324 0.429000 0.006890 1.706156
0.535282 0.006300 0.016778 0.007961 0.001297 0.425473 0.006909 1.706811
0.540374 0.005981 0.016004 0.007600 0.001269 0.421845 0.006928 1.707424
0.545296 0.005729 0.015254 0.007245 0.001237 0.418292 0.006947 1.707992
0.550222 0.005494 0.014549 0.006880 0.001201 0.414691 0.006963 1.708534
0.555070 0.005248 0.013899 0.006564 0.001180 0.411068 0.006972 1.709075
0.559888 0.004988 0.013302 0.006286 0.001149 0.407401 0.006988 1.709597
0.564632 0.004813 0.012719 0.005980 0.001123 0.403730 0.007005 1.710069
0.569363 0.004599 0.012135 0.005690 0.001106 0.400089 0.007017 1.710532
0.574055 0.004394 0.011604 0.005452 0.001076 0.396390 0.007030 1.710991
0.578688 0.004266 0.011081 0.005172 0.001044 0.392702 0.007048 1.711404
0.583277 0.004112 0.010602 0.004926 0.001010 0.389007 0.007066 1.711821
0.587805 0.003979 0.010094 0.004691 0.000979 0.385371 0.007082 1.712221
0.592319 0.003867 0.009638 0.004490 0.000949 0.381641 0.007098 1.712597
0.596863 0.003725 0.009233 0.004288 0.000920 0.377857 0.007113 1.712964
0.601341 0.003598 0.008828 0.004111 0.000893 0.374104 0.007126 1.713315
0.605705 0.003504 0.008440 0.003906 0.000859 0.370444 0.007142 1.713646
0.610097 0.003400 0.008129 0.003735 0.000841 0.366643 0.007154 1.713965
0.614466 0.003281 0.007799 0.003565 0.000821 0.362903 0.007166 1.714309
0.618798 0.003166 0.007496 0.003428 0.000799 0.359135 0.007179 1.714638
0.623010 0.003116 0.007160 0.003268 0.000778 0.355477 0.007190 1.714921
0.627251 0.003000 0.006866 0.003123 0.000755 0.351808 0.007198 1.715230
0.631402 0.002902 0.006583 0.002980 0.000737 0.348190 0.007207 1.715530
0.635515 0.002849 0.006287 0.002849 0.000720 0.344564 0.007218 1.715787
0.639567 0.002772 0.006060 0.002712 0.000699 0.340966 0.007225 1.716073
0.643625 0.002690 0.005831 0.002614 0.000674 0.337328 0.007238 1.716351
0.647654 0.002590 0.005618 0.002507 0.000650 0.333734 0.007249 1.716635
0.651643 0.002521 0.005401 0.002414 0.000635 0.330129 0.007257 1.716885
0.655549 0.002448 0.005200 0.002332 0.000622 0.326583 0.007265 1.717130
0.659420 0.002352 0.004996 0.002251 0.000602 0.323107 0.007273 1.717383
0.663266 0.002285 0.004805 0.002176 0.000582 0.319600 0.007286 1.717616
0.667071 0.002246 0.004612 0.002100 0.000566 0.316112 0.007294 1.717832
0.670891 0.002171 0.004450 0.002018 0.000551 0.312622 0.007299 1.718048
0.674641 0.002121 0.004297 0.001959 0.000537 0.309140 0.007306 1.718265
0.678327 0.002072 0.004130 0.001892 0.000523 0.305742 0.007314 1.718477
0.681963 0.002019 0.004002 0.001811 0.000502 0.302379 0.007325 1.718681
0.685572 0.001973 0.003856 0.001758 0.000480 0.299029 0.007331 1.718885
0.689193 0.001949 0.003719 0.001680 0.000468 0.295656 0.007336 1.719070
0.692756 0.001895 0.003607 0.001617 0.000455 0.292328 0.007342 1.719267
0.696243 0.001862 0.003489 0.001568 0.000445 0.289047 0.007346 1.719447
0.699738 0.001825 0.003389 0.001514 0.000432 0.285752 0.007351 1.719637
0.703084 0.001800 0.003278 0.001460 0.000412 0.282608 0.007360 1.719800
0.706440 0.001781 0.003171 0.001400 0.000405 0.279440 0.007364 1.719975
0.709779 0.001749 0.003089 0.001363 0.000392 0.276258 0.007371 1.720159
0.713098 0.001728 0.003005 0.001309 0.000375 0.273106 0.007379 1.720322
0.716322 0.001695 0.002933 0.001259 0.000366 0.270041 0.007385 1.720500
0.719532 0.001656 0.002838 0.001234 0.000356 0.266995 0.007391 1.720674
0.722689 0.001619 0.002764 0.001193 0.000343 0.263998 0.007395 1.720838
0.725853 0.001595 0.002700 0.001142 0.000329 0.260983 0.007399 1.720987
0.728994 0.001566 0.002635 0.001110 0.000325 0.257970 0.007402 1.721147
0.732072 0.001529 0.002563 0.001084 0.000305 0.255040 0.007407 1.721304
0.735099 0.001530 0.002494 0.001042 0.000297 0.252127 0.007413 1.721444
0.738099 0.001503 0.002418 0.001005 0.000291 0.249272 0.007414 1.721592
0.741084 0.001474 0.002351 0.000965 0.000286 0.246426 0.007416 1.721744
0.744028 0.001433 0.002283 0.000941 0.000281 0.243618 0.007418 1.721890
0.746954 0.001416 0.002209 0.000915 0.000273 0.240812 0.007421 1.722030
0.749765 0.001431 0.002132 0.000883 0.000262 0.238100 0.007427 1.722154
0.752691 0.001406 0.002071 0.000864 0.000252 0.235286 0.007431 1.722289
0.755516 0.001378 0.002018 0.000858 0.000242 0.232553 0.007436 1.722435
0.758300 0.001370 0.001957 0.000828 0.000234 0.229873 0.007438 1.722557
0.761048 0.001353 0.001917 0.000807 0.000226 0.227209 0.007441 1.722685
0.763823 0.001340 0.001884 0.000797 0.000214 0.224499 0.007445 1.722815
0.766506 0.001334 0.001855 0.000775 0.000204 0.221879 0.007447 1.722949
0.769110 0.001306 0.001816 0.000764 0.000200 0.219355 0.007449 1.723093
0.771666 0.001293 0.001778 0.000755 0.000195 0.216861 0.007453 1.723227
0.774271 0.001269 0.001739 0.000740 0.000187 0.214339 0.007457 1.723357
0.776830 0.001238 0.001690 0.000738 0.000184 0.211864 0.007457 1.723484
0.779353 0.001238 0.001646 0.000728 0.000176 0.209398 0.007461 1.723596
0.781810 0.001233 0.001605 0.000721 0.000169 0.207000 0.007464 1.723708
0.784306 0.001244 0.001565 0.000704 0.000167 0.204549 0.007466 1.723820
0.786785 0.001214 0.001533 0.000688 0.000163 0.202151 0.007467 1.723951
0.789184 0.001196 0.001499 0.000689 0.000157 0.199804 0.007472 1.724068
0.791545 0.001183 0.001484 0.000671 0.000149 0.197494 0.007474 1.724185
0.793944 0.001158 0.001465 0.000661 0.000142 0.195154 0.007477 1.724306
0.796275 0.001161 0.001436 0.000651 0.000140 0.192859 0.007478 1.724414
0.798539 0.001126 0.001428 0.000647 0.000138 0.190643 0.007479 1.724546
0.800789 0.001111 0.001424 0.000642 0.000137 0.188415 0.007482 1.724660
0.803055 0.001093 0.001408 0.000624 0.000131 0.186204 0.007485 1.724770
0.805325 0.001077 0.001378 0.000615 0.000129 0.183989 0.007488 1.724876
0.807524 0.001080 0.001349 0.000606 0.000125 0.181827 0.007489 1.724976
0.809689 0.001063 0.001332 0.000602 0.000119 0.179703 0.007492 1.725087
0.811766 0.001045 0.001312 0.000584 0.000116 0.177685 0.007494 1.725192
0.813807 0.001032 0.001293 0.000578 0.000113 0.175683 0.007494 1.725300
0.815929 0.001023 0.001267 0.000559 0.000111 0.173616 0.007495 1.725394
0.817973 0.001031 0.001236 0.000545 0.000108 0.171611 0.007497 1.725486
0.819979 0.001029 0.001222 0.000525 0.000107 0.169642 0.007497 1.725578
0.822026 0.001030 0.001189 0.000523 0.000102 0.167632 0.007500 1.725674
0.824046 0.001021 0.001168 0.000520 0.000097 0.165647 0.007502 1.725767
0.826005 0.001011 0.001148 0.000516 0.000094 0.163723 0.007504 1.725865
0.827978 0.001006 0.001143 0.000514 0.000090 0.161765 0.007505 1.725960
0.829922 0.001007 0.001129 0.000503 0.000087 0.159847 0.007505 1.726051
0.831821 0.000983 0.001128 0.000492 0.000083 0.157986 0.007507 1.726164
0.833728 0.000983 0.001123 0.000488 0.000081 0.156090 0.007508 1.726265
0.835611 0.000989 0.001105 0.000469 0.000080 0.154237 0.007509 1.726354
0.837448 0.000977 0.001097 0.000469 0.000077 0.152423 0.007510 1.726453
0.839291 0.000970 0.001080 0.000466 0.000077 0.150606 0.007510 1.726547
0.841091 0.000955 0.001068 0.000460 0.000074 0.148841 0.007512 1.726648
0.842873 0.000955 0.001066 0.000457 0.000070 0.147067 0.007513 1.726746
0.844536 0.000960 0.001049 0.000445 0.000066 0.145429 0.007516 1.726829
0.846226 0.000963 0.001016 0.000438 0.000065 0.143775 0.007517 1.726914
0.847920 0.000956 0.000994 0.000434 0.000064 0.142114 0.007518 1.727005
0.849586 0.000956 0.000980 0.000428 0.000065 0.140467 0.007518 1.727090
0.851221 0.000959 0.000968 0.000423 0.000064 0.138848 0.007519 1.727175
0.852902 0.000938 0.000967 0.000429 0.000063 0.137183 0.007519 1.727278
0.854495 0.000943 0.000970 0.000430 0.000062 0.135582 0.007520 1.727375
0.856094 0.000944 0.000970 0.000431 0.000060 0.133982 0.007521 1.727468
0.857671 0.000930 0.000969 0.000431 0.000061 0.132416 0.007522 1.727568
0.859276 0.000920 0.000967 0.000437 0.000059 0.130817 0.007524 1.727662
0.860839 0.000912 0.000953 0.000433 0.000058 0.129281 0.007524 1.727754
0.862376 0.000936 0.000944 0.000429 0.000061 0.127731 0.007525 1.727842
0.863909 0.000927 0.000942 0.000435 0.000059 0.126203 0.007526 1.727936
0.865418 0.000924 0.000939 0.000439 0.000058 0.124695 0.007527 1.728033
0.866885 0.000930 0.000933 0.000437 0.000054 0.123234 0.007528 1.728125
0.868388 0.000925 0.000923 0.000436 0.000053 0.121747 0.007529 1.728209
0.869796 0.000929 0.000906 0.000439 0.000050 0.120350 0.007529 1.728296
0.871215 0.000919 0.000910 0.000442 0.000049 0.118936 0.007530 1.728391
0.872627 0.000917 0.000897 0.000437 0.000050 0.117543 0.007530 1.728477
0.873977 0.000915 0.000899 0.000437 0.000051 0.116192 0.007530 1.728566
0.875294 0.000919 0.000901 0.000436 0.000051 0.114870 0.007530 1.728651
0.876633 0.000912 0.000906 0.000429 0.000051 0.113541 0.007530 1.728748
0.877945 0.000901 0.000905 0.000421 0.000051 0.112248 0.007530 1.728838
0.879204 0.000907 0.000895 0.000422 0.000050 0.110992 0.007531 1.728917
0.880441 0.000913 0.000883 0.000425 0.000051 0.109757 0.007532 1.728997
0.881656 0.000920 0.000882 0.000424 0.000050 0.108538 0.007532 1.729082
0.882872 0.000917 0.000889 0.000422 0.000049 0.107319 0.007533 1.729176
0.884088 0.000906 0.000896 0.000424 0.000048 0.106105 0.007533 1.729272
0.885272 0.000920 0.000897 0.000421 0.000045 0.104909 0.007535 1.729363
0.886436 0.000935 0.000905 0.000410 0.000045 0.103734 0.007536 1.729444
0.887555 0.000947 0.000896 0.000407 0.000046 0.102614 0.007536 1.729525
0.888719 0.000938 0.000893 0.000396 0.000045 0.101474 0.007536 1.729613
0.889900 0.000932 0.000903 0.000398 0.000045 0.100287 0.007536 1.729712
0.891006 0.000942 0.000903 0.000406 0.000043 0.099163 0.007537 1.729802
0.892108 0.000940 0.000889 0.000408 0.000043 0.098077 0.007537 1.729896
0.893187 0.000935 0.000892 0.000417 0.000043 0.096990 0.007537 1.729999
0.894282 0.000935 0.000884 0.000410 0.000043 0.095908 0.007538 1.730087
0.895326 0.000968 0.000879 0.000404 0.000041 0.094842 0.007539 1.730157
0.896386 0.000949 0.000880 0.000413 0.000040 0.093793 0.007539 1.730256
0.897451 0.000934 0.000890 0.000411 0.000039 0.092736 0.007540 1.730353
0.898483 0.000937 0.000880 0.000417 0.000039 0.091705 0.007540 1.730438
0.899438 0.000934 0.000890 0.000415 0.000037 0.090747 0.007540 1.730534
0.900449 0.000916 0.000893 0.000421 0.000037 0.089744 0.007540 1.730632
0.901380 0.000943 0.000882 0.000420 0.000038 0.088798 0.007540 1.730709
0.902368 0.000947 0.000883 0.000418 0.000035 0.087810 0.007540 1.730794
0.903293 0.000949 0.000887 0.000408 0.000034 0.086889 0.007541 1.730888
0.904198 0.000974 0.000883 0.000411 0.000033 0.085961 0.007542 1.730971
0.905123 0.000987 0.000881 0.000410 0.000034 0.085023 0.007542 1.731056
0.906029 0.000983 0.000880 0.000427 0.000036 0.084104 0.007542 1.731162
0.906908 0.000982 0.000885 0.000430 0.000035 0.083218 0.007543 1.731263
0.907831 0.000985 0.000889 0.000429 0.000036 0.082287 0.007543 1.731356
0.908651 0.000992 0.000898 0.000430 0.000035 0.081451 0.007543 1.731457
0.909499 0.000996 0.000883 0.000430 0.000034 0.080615 0.007544 1.731541
0.910321 0.000992 0.000888 0.000438 0.000035 0.079782 0.007544 1.731646
0.911136 0.000980 0.000902 0.000443 0.000035 0.078960 0.007545 1.731757
0.911950 0.000989 0.000894 0.000447 0.000035 0.078139 0.007546 1.731850
0.912702 0.000997 0.000899 0.000436 0.000035 0.077384 0.007547 1.731949
0.913494 0.000992 0.000910 0.000444 0.000034 0.076578 0.007548 1.732050
0.914273 0.001002 0.000913 0.000442 0.000034 0.075787 0.007549 1.732140
0.915034 0.001000 0.000902 0.000437 0.000034 0.075044 0.007550 1.732236
0.915774 0.000986 0.000918 0.000437 0.000035 0.074301 0.007550 1.732350
0.916504 0.000991 0.000916 0.000429 0.000033 0.073576 0.007551 1.732445
0.917267 0.000993 0.000904 0.000434 0.000033 0.072819 0.007551 1.732538
0.917982 0.001005 0.000899 0.000434 0.000034 0.072096 0.007551 1.732633
0.918706 0.000991 0.000919 0.000438 0.000033 0.071362 0.007551 1.732737
0.919397 0.001000 0.000919 0.000431 0.000034 0.070668 0.007551 1.732829
0.920059 0.001012 0.000933 0.000433 0.000034 0.069979 0.007551 1.732930
0.920709 0.001012 0.000927 0.000433 0.000037 0.069330 0.007551 1.733029
0.921367 0.000996 0.000937 0.000438 0.000038 0.068673 0.007551 1.733137
0.922022 0.000996 0.000930 0.000440 0.000035 0.068024 0.007553 1.733239
0.922639 0.001012 0.000932 0.000434 0.000034 0.067394 0.007554 1.733329
0.923251 0.001018 0.000933 0.000443 0.000034 0.066768 0.007554 1.733427
0.923863 0.001013 0.000934 0.000443 0.000033 0.066159 0.007554 1.733528
0.924479 0.001015 0.000919 0.000451 0.000031 0.065552 0.007554 1.733633
0.925058 0.001018 0.000920 0.000450 0.000030 0.064970 0.007555 1.733736
0.925636 0.001023 0.000918 0.000449 0.000030 0.064389 0.007555 1.733831
0.926237 0.001011 0.000941 0.000447 0.000029 0.063779 0.007556 1.733938
0.926780 0.001020 0.000939 0.000458 0.000027 0.063219 0.007557 1.734047
0.927345 0.001034 0.000935 0.000459 0.000026 0.062643 0.007558 1.734140
0.927889 0.001022 0.000941 0.000471 0.000026 0.062095 0.007558 1.734250
0.928410 0.001031 0.000947 0.000465 0.000028 0.061562 0.007558 1.734356
0.928883 0.001040 0.000943 0.000458 0.000030 0.061089 0.007559 1.734455
0.929367 0.001035 0.000943 0.000461 0.000030 0.060605 0.007559 1.734555
0.929862 0.001044 0.000943 0.000457 0.000031 0.060104 0.007559 1.734657
0.930347 0.001046 0.000942 0.000457 0.000032 0.059618 0.007559 1.734757
0.930836 0.001049 0.000941 0.000457 0.000030 0.059128 0.007560 1.734856
0.931311 0.001040 0.000949 0.000458 0.000031 0.058651 0.007560 1.734960
0.931748 0.001042 0.000950 0.000455 0.000031 0.058216 0.007560 1.735055
0.932188 0.001041 0.000958 0.000449 0.000031 0.057772 0.007561 1.735162
0.932637 0.001039 0.000967 0.000439 0.000031 0.057326 0.007563 1.735259
0.933079 0.001047 0.000958 0.000438 0.000032 0.056885 0.007563 1.735356
0.933450 0.001069 0.000951 0.000442 0.000034 0.056493 0.007563 1.735453
0.933836 0.001089 0.000955 0.000438 0.000034 0.056085 0.007563 1.735549
0.934249 0.001079 0.000979 0.000444 0.000032 0.055655 0.007564 1.735668
0.934646 0.001089 0.000995 0.000443 0.000032 0.055232 0.007564 1.735777
0.935043 0.001108 0.000997 0.000447 0.000029 0.054813 0.007564 1.735884
0.935404 0.001105 0.001007 0.000447 0.000030 0.054443 0.007565 1.735994
0.935788 0.001108 0.001014 0.000443 0.000029 0.054053 0.007565 1.736099
0.936185 0.001097 0.001020 0.000449 0.000030 0.053656 0.007565 1.736213
0.936551 0.001113 0.001027 0.000446 0.000029 0.053268 0.007566 1.736324
0.936909 0.001132 0.001023 0.000446 0.000029 0.052894 0.007567 1.736429
0.937302 0.001118 0.001040 0.000450 0.000030 0.052495 0.007567 1.736550
0.937637 0.001116 0.001036 0.000456 0.000029 0.052159 0.007567 1.736662
0.937978 0.001140 0.001027 0.000455 0.000029 0.051806 0.007567 1.736760
0.938306 0.001169 0.001023 0.000454 0.000029 0.051453 0.007567 1.736866
0.938609 0.001189 0.001023 0.000452 0.000030 0.051131 0.007567 1.736981
0.938953 0.001197 0.001038 0.000459 0.000029 0.050757 0.007567 1.737101
0.939244 0.001228 0.001038 0.000457 0.000030 0.050436 0.007567 1.737213
0.939548 0.001232 0.001053 0.000459 0.000031 0.050110 0.007567 1.737344
0.939848 0.001233 0.001054 0.000461 0.000032 0.049805 0.007567 1.737466
0.940140 0.001250 0.001058 0.000466 0.000031 0.049489 0.007567 1.737583
0.940428 0.001250 0.001066 0.000483 0.000029 0.049175 0.007568 1.737707
0.940734 0.001238 0.001066 0.000482 0.000030 0.048882 0.007568 1.737836
0.941015 0.001248 0.001062 0.000494 0.000029 0.048582 0.007569 1.737951
0.941297 0.001265 0.001064 0.000487 0.000028 0.048290 0.007571 1.738063
0.941571 0.001274 0.001058 0.000498 0.000029 0.047999 0.007571 1.738181
0.941821 0.001274 0.001059 0.000500 0.000029 0.047746 0.007572 1.738304
0.942074 0.001288 0.001063 0.000510 0.000031 0.047462 0.007572 1.738433
0.942343 0.001299 0.001071 0.000513 0.000031 0.047172 0.007572 1.738553
0.942591 0.001298 0.001087 0.000520 0.000030 0.046901 0.007573 1.738688
0.942825 0.001306 0.001073 0.000517 0.000031 0.046675 0.007573 1.738810
0.943074 0.001303 0.001093 0.000520 0.000031 0.046405 0.007575 1.738947
0.943298 0.001315 0.001100 0.000533 0.000031 0.046148 0.007575 1.739087
0.943537 0.001303 0.001120 0.000530 0.000033 0.045903 0.007575 1.739225
0.943751 0.001316 0.001128 0.000531 0.000035 0.045665 0.007575 1.739357
0.944001 0.001317 0.001133 0.000539 0.000034 0.045401 0.007575 1.739480
0.944209 0.001328 0.001132 0.000540 0.000033 0.045183 0.007576 1.739608
0.944387 0.001366 0.001127 0.000541 0.000032 0.044972 0.007576 1.739727
0.944576 0.001371 0.001143 0.000550 0.000032 0.044753 0.007576 1.739862
0.944795 0.001365 0.001149 0.000553 0.000033 0.044529 0.007577 1.739991
0.945018 0.001380 0.001161 0.000553 0.000031 0.044280 0.007578 1.740118
0.945200 0.001393 0.001175 0.000551 0.000031 0.044072 0.007578 1.740249
0.945393 0.001397 0.001179 0.000557 0.000031 0.043864 0.007579 1.740378
0.945598 0.001401 0.001206 0.000556 0.000031 0.043629 0.007579 1.740520
0.945777 0.001386 0.001217 0.000563 0.000033 0.043446 0.007579 1.740661
0.945927 0.001383 0.001233 0.000570 0.000033 0.043273 0.007581 1.740820
0.946106 0.001397 0.001238 0.000578 0.000032 0.043067 0.007582 1.740962
0.946266 0.001418 0.001237 0.000581 0.000033 0.042883 0.007583 1.741088
0.946433 0.001425 0.001236 0.000590 0.000031 0.042702 0.007583 1.741227
0.946591 0.001444 0.001236 0.000599 0.000030 0.042516 0.007585 1.741367
0.946732 0.001450 0.001246 0.000606 0.000030 0.042352 0.007585 1.741508
0.946894 0.001465 0.001249 0.000610 0.000029 0.042169 0.007585 1.741644
0.947034 0.001480 0.001257 0.000612 0.000032 0.042001 0.007585 1.741792
0.947174 0.001495 0.001266 0.000608 0.000031 0.041840 0.007586 1.741930
0.947344 0.001506 0.001285 0.000602 0.000031 0.041646 0.007586 1.742071
0.947457 0.001513 0.001300 0.000610 0.000033 0.041501 0.007587 1.742234
0.947612 0.001517 0.001311 0.000606 0.000034 0.041334 0.007587 1.742380
0.947730 0.001540 0.001317 0.000612 0.000033 0.041181 0.007588 1.742525
0.947873 0.001540 0.001336 0.000617 0.000033 0.041016 0.007588 1.742676
0.948000 0.001539 0.001351 0.000617 0.000032 0.040874 0.007588 1.742836
0.948126 0.001553 0.001351 0.000629 0.000033 0.040721 0.007589 1.742988
0.948205 0.001567 0.001380 0.000623 0.000033 0.040604 0.007589 1.743140
0.948351 0.001578 0.001371 0.000630 0.000033 0.040450 0.007589 1.743290
0.948460 0.001592 0.001379 0.000636 0.000033 0.040311 0.007590 1.743445
0.948555 0.001613 0.001378 0.000636 0.000035 0.040194 0.007590 1.743594
0.948650 0.001631 0.001384 0.000652 0.000035 0.040057 0.007591 1.743751
0.948760 0.001647 0.001369 0.000648 0.000036 0.039949 0.007592 1.743892
0.948868 0.001668 0.001369 0.000648 0.000035 0.039822 0.007592 1.744042
0.948982 0.001664 0.001377 0.000663 0.000034 0.039688 0.007592 1.744210
0.949091 0.001679 0.001376 0.000664 0.000034 0.039564 0.007593 1.744361
0.949171 0.001692 0.001399 0.000667 0.000034 0.039445 0.007593 1.744521
0.949279 0.001699 0.001395 0.000663 0.000033 0.039337 0.007594 1.744671
0.949343 0.001720 0.001398 0.000662 0.000035 0.039249 0.007594 1.744830
0.949429 0.001746 0.001414 0.000666 0.000033 0.039117 0.007594 1.744995
0.949532 0.001742 0.001434 0.000666 0.000034 0.038999 0.007594 1.745161
0.949624 0.001739 0.001454 0.000678 0.000033 0.038877 0.007595 1.745342
0.949701 0.001750 0.001460 0.000692 0.000032 0.038771 0.007595 1.745518
0.949779 0.001733 0.001487 0.000693 0.000034 0.038678 0.007595 1.745700
0.949827 0.001736 0.001511 0.000694 0.000034 0.038603 0.007595 1.745876
0.949931 0.001734 0.001518 0.000704 0.000035 0.038483 0.007596 1.746042
0.950011 0.001758 0.001516 0.000707 0.000036 0.038377 0.007596 1.746204
0.950088 0.001760 0.001527 0.000709 0.000035 0.038286 0.007597 1.746370
0.950148 0.001782 0.001528 0.000721 0.000036 0.038190 0.007597 1.746541
0.950207 0.001788 0.001524 0.000728 0.000037 0.038120 0.007597 1.746708
0.950286 0.001769 0.001535 0.000723 0.000038 0.038052 0.007598 1.746892
0.950371 0.001764 0.001546 0.000729 0.000038 0.037955 0.007599 1.747066
0.950446 0.001784 0.001534 0.000730 0.000037 0.037871 0.007600 1.747236
0.950491 0.001793 0.001540 0.000738 0.000037 0.037802 0.007600 1.747412
0.950553 0.001789 0.001564 0.000750 0.000039 0.037705 0.007600 1.747606
0.950603 0.001775 0.001573 0.000757 0.000041 0.037652 0.007601 1.747794
0.950660 0.001775 0.001595 0.000763 0.000041 0.037566 0.007601 1.747981
0.950719 0.001796 0.001586 0.000744 0.000042 0.037512 0.007602 1.748149
0.950769 0.001810 0.001579 0.000749 0.000043 0.037449 0.007602 1.748321
0.950810 0.001816 0.001589 0.000753 0.000042 0.037389 0.007603 1.748497
0.950855 0.001825 0.001589 0.000763 0.000042 0.037324 0.007603 1.748674
0.950901 0.001845 0.001579 0.000766 0.000041 0.037265 0.007604 1.748841
0.950969 0.001842 0.001584 0.000769 0.000040 0.037193 0.007604 1.749015
0.951019 0.001842 0.001603 0.000770 0.000040 0.037122 0.007606 1.749203
0.951037 0.001869 0.001614 0.000768 0.000040 0.037067 0.007606 1.749364
0.951057 0.001888 0.001605 0.000777 0.000038 0.037027 0.007607 1.749542
0.951098 0.001898 0.001624 0.000774 0.000039 0.036962 0.007607 1.749724
0.951134 0.001911 0.001633 0.000774 0.000040 0.036902 0.007607 1.749899
0.951135 0.001932 0.001644 0.000777 0.000042 0.036862 0.007608 1.750083
0.951186 0.001927 0.001647 0.000787 0.000044 0.036802 0.007608 1.750282
0.951226 0.001931 0.001652 0.000786 0.000046 0.036752 0.007608 1.750461
0.951281 0.001928 0.001660 0.000802 0.000044 0.036677 0.007609 1.750651
0.951315 0.001948 0.001656 0.000801 0.000043 0.036629 0.007609 1.750826
0.951347 0.001941 0.001667 0.000795 0.000043 0.036598 0.007610 1.751021
0.951378 0.001939 0.001681 0.000800 0.000042 0.036550 0.007610 1.751213
0.951370 0.001951 0.001694 0.000802 0.000042 0.036532 0.007610 1.751404
0.951392 0.001970 0.001703 0.000801 0.000040 0.036484 0.007610 1.751591
0.951403 0.001998 0.001713 0.000802 0.000040 0.036433 0.007611 1.751770
0.951431 0.001999 0.001729 0.000812 0.000040 0.036378 0.007612 1.751962
0.951443 0.002005 0.001717 0.000814 0.000042 0.036368 0.007612 1.752155
0.951481 0.001999 0.001734 0.000812 0.000044 0.036318 0.007612 1.752356
0.951488 0.002002 0.001736 0.000823 0.000045 0.036294 0.007613 1.752558
0.951492 0.002007 0.001743 0.000833 0.000046 0.036268 0.007613 1.752759
0.951531 0.002010 0.001750 0.000825 0.000045 0.036226 0.007614 1.752945
0.951567 0.002001 0.001763 0.000821 0.000044 0.036189 0.007616 1.753143
0.951580 0.002018 0.001773 0.000825 0.000044 0.036146 0.007616 1.753325
0.951603 0.002018 0.001786 0.000838 0.000045 0.036093 0.007617 1.753525
0.951626 0.002020 0.001796 0.000840 0.000044 0.036058 0.007617 1.753724
0.951619 0.002038 0.001810 0.000848 0.000045 0.036023 0.007618 1.753927
0.951627 0.002052 0.001802 0.000836 0.000046 0.036020 0.007619 1.754120
0.951646 0.002058 0.001807 0.000845 0.000047 0.035978 0.007619 1.754316
0.951632 0.002085 0.001823 0.000841 0.000047 0.035953 0.007620 1.754512
0.951623 0.002086 0.001835 0.000848 0.000050 0.035939 0.007620 1.754733
0.951626 0.002092 0.001847 0.000858 0.000049 0.035909 0.007621 1.754941
0.951634 0.002099 0.001856 0.000865 0.000049 0.035877 0.007621 1.755141
0.951635 0.002101 0.001874 0.000863 0.000050 0.035857 0.007621 1.755354
0.951605 0.002130 0.001875 0.000868 0.000053 0.035849 0.007622 1.755550
0.951622 0.002130 0.001876 0.000875 0.000052 0.035824 0.007623 1.755759
0.951629 0.002115 0.001895 0.000883 0.000051 0.035804 0.007623 1.755980
0.951609 0.002106 0.001902 0.000883 0.000051 0.035825 0.007624 1.756203
0.951590 0.002125 0.001914 0.000883 0.000052 0.035812 0.007624 1.756416
0.951565 0.002157 0.001891 0.000898 0.000054 0.035810 0.007625 1.756619
0.951551 0.002177 0.001893 0.000893 0.000057 0.035805 0.007625 1.756819
0.951544 0.002191 0.001894 0.000894 0.000056 0.035796 0.007626 1.757022
0.951523 0.002202 0.001907 0.000890 0.000056 0.035796 0.007626 1.757235
0.951515 0.002192 0.001929 0.000912 0.000057 0.035768 0.007627 1.757460
0.951524 0.002194 0.001932 0.000903 0.000059 0.035761 0.007628 1.757662
0.951511 0.002198 0.001951 0.000924 0.000056 0.035731 0.007629 1.757882
0.951518 0.002190 0.001964 0.000927 0.000057 0.035714 0.007630 1.758098
0.951519 0.002179 0.001968 0.000935 0.000061 0.035708 0.007630 1.758318
0.951515 0.002174 0.001995 0.000923 0.000060 0.035702 0.007631 1.758545
0.951510 0.002167 0.002012 0.000927 0.000059 0.035692 0.007633 1.758763
0.951489 0.002183 0.001994 0.000938 0.000059 0.035703 0.007634 1.758974
0.951457 0.002207 0.001985 0.000942 0.000056 0.035720 0.007634 1.759182
0.951451 0.002208 0.001981 0.000944 0.000057 0.035726 0.007634 1.759398
0.951423 0.002219 0.001983 0.000946 0.000056 0.035739 0.007635 1.759618
0.951439 0.002213 0.001994 0.000938 0.000055 0.035724 0.007637 1.759823
0.951414 0.002239 0.001975 0.000949 0.000055 0.035732 0.007637 1.760030
0.951421 0.002215 0.001980 0.000959 0.000059 0.035728 0.007637 1.760246
0.951404 0.002207 0.002000 0.000951 0.000056 0.035745 0.007638 1.760472
0.951377 0.002203 0.002000 0.000960 0.000058 0.035763 0.007638 1.760704
0.951365 0.002223 0.001983 0.000966 0.000058 0.035767 0.007639 1.760898
0.951355 0.002226 0.001968 0.000964 0.000056 0.035792 0.007640 1.761117
0.951358 0.002227 0.001949 0.000963 0.000056 0.035808 0.007640 1.761332
0.951333 0.002230 0.001953 0.000966 0.000058 0.035820 0.007640 1.761547
0.951329 0.002227 0.001953 0.000981 0.000055 0.035815 0.007641 1.761763
0.951321 0.002227 0.001949 0.000974 0.000056 0.035832 0.007641 1.761980
0.951303 0.002231 0.001970 0.000976 0.000056 0.035823 0.007641 1.762204
0.951295 0.002223 0.001974 0.000974 0.000057 0.035835 0.007642 1.762416
0.951267 0.002256 0.001963 0.000978 0.000056 0.035838 0.007643 1.762616
0.951248 0.002259 0.001985 0.000973 0.000059 0.035833 0.007643 1.762835
0.951216 0.002262 0.001999 0.000979 0.000057 0.035843 0.007643 1.763065
0.951198 0.002278 0.001999 0.000992 0.000056 0.035834 0.007644 1.763282
0.951183 0.002267 0.002021 0.001004 0.000056 0.035825 0.007644 1.763517
0.951178 0.002278 0.002004 0.001000 0.000054 0.035840 0.007646 1.763745
0.951158 0.002289 0.001995 0.001009 0.000054 0.035849 0.007646 1.763963
0.951147 0.002307 0.001982 0.001007 0.000053 0.035856 0.007646 1.764170
0.951148 0.002297 0.001994 0.000992 0.000054 0.035868 0.007648 1.764404
0.951120 0.002289 0.002006 0.001003 0.000054 0.035880 0.007649 1.764649
0.951101 0.002303 0.002013 0.000993 0.000056 0.035886 0.007649 1.764865
0.951059 0.002321 0.002024 0.000976 0.000057 0.035914 0.007650 1.765077
0.951071 0.002300 0.002023 0.000982 0.000057 0.035917 0.007650 1.765291
0.951023 0.002327 0.002035 0.000983 0.000056 0.035925 0.007651 1.765514
0.951000 0.002343 0.002034 0.000990 0.000056 0.035926 0.007651 1.765734
0.950979 0.002341 0.002046 0.000996 0.000056 0.035933 0.007651 1.765971
0.950961 0.002339 0.002052 0.000992 0.000056 0.035948 0.007652 1.766202
0.950929 0.002348 0.002049 0.000996 0.000053 0.035973 0.007653 1.766428
0.950928 0.002322 0.002076 0.000992 0.000052 0.035978 0.007654 1.766671
0.950901 0.002347 0.002087 0.000990 0.000052 0.035970 0.007654 1.766899
0.950867 0.002367 0.002074 0.000998 0.000052 0.035988 0.007655 1.767124
0.950823 0.002379 0.002093 0.001006 0.000052 0.035993 0.007655 1.767365
0.950809 0.002387 0.002104 0.001003 0.000052 0.035991 0.007655 1.767593
0.950809 0.002379 0.002101 0.001007 0.000052 0.035996 0.007655 1.767821
0.950808 0.002353 0.002136 0.000997 0.000051 0.035997 0.007657 1.768067
0.950805 0.002371 0.002152 0.000986 0.000052 0.035977 0.007658 1.768289
0.950793 0.002361 0.002161 0.000996 0.000051 0.035978 0.007660 1.768531
0.950795 0.002344 0.002159 0.000996 0.000050 0.035996 0.007661 1.768777
0.950759 0.002348 0.002168 0.000999 0.000052 0.036013 0.007661 1.769013
0.950725 0.002365 0.002159 0.000996 0.000053 0.036041 0.007661 1.769231
0.950713 0.002363 0.002166 0.000995 0.000053 0.036049 0.007662 1.769463
0.950676 0.002368 0.002170 0.000994 0.000054 0.036076 0.007663 1.769694
0.950596 0.002410 0.002184 0.000990 0.000053 0.036104 0.007663 1.769930
0.950588 0.002397 0.002188 0.000995 0.000054 0.036115 0.007664 1.770168
0.950561 0.002399 0.002205 0.000996 0.000052 0.036122 0.007666 1.770411
0.950534 0.002402 0.002202 0.001007 0.000052 0.036137 0.007666 1.770652
0.950503 0.002404 0.002227 0.001013 0.000054 0.036133 0.007666 1.770890
0.950469 0.002400 0.002227 0.001029 0.000055 0.036155 0.007666 1.771132
0.950441 0.002409 0.002247 0.001012 0.000055 0.036169 0.007666 1.771361
0.950408 0.002411 0.002251 0.001022 0.000054 0.036187 0.007667 1.771600
0.950402 0.002418 0.002257 0.001004 0.000056 0.036195 0.007668 1.771828
0.950346 0.002435 0.002264 0.001011 0.000058 0.036218 0.007668 1.772072
0.950308 0.002445 0.002250 0.001023 0.000059 0.036247 0.007668 1.772303
0.950274 0.002449 0.002245 0.001041 0.000057 0.036265 0.007669 1.772541
0.950219 0.002462 0.002245 0.001040 0.000058 0.036307 0.007669 1.772778
0.950190 0.002467 0.002259 0.001039 0.000057 0.036317 0.007670 1.773019
0.950170 0.002456 0.002288 0.001044 0.000059 0.036312 0.007670 1.773270
0.950144 0.002478 0.002291 0.001037 0.000059 0.036321 0.007670 1.773501
0.950119 0.002460 0.002305 0.001048 0.000059 0.036339 0.007670 1.773757
0.950119 0.002444 0.002319 0.001044 0.000060 0.036342 0.007671 1.773995
0.950092 0.002437 0.002303 0.001052 0.000058 0.036386 0.007672 1.774235
0.950068 0.002429 0.002319 0.001069 0.000059 0.036382 0.007673 1.774488
0.950044 0.002420 0.002317 0.001065 0.000058 0.036421 0.007674 1.774732
0.949991 0.002440 0.002280 0.001070 0.000060 0.036484 0.007675 1.774948
0.949941 0.002449 0.002281 0.001072 0.000059 0.036521 0.007676 1.775192
0.949924 0.002460 0.002276 0.001073 0.000063 0.036526 0.007678 1.775429
0.949905 0.002451 0.002276 0.001078 0.000062 0.036550 0.007679 1.775666
0.949872 0.002460 0.002272 0.001076 0.000063 0.036577 0.007680 1.775902
0.949867 0.002432 0.002278 0.001070 0.000065 0.036607 0.007680 1.776148
0.949835 0.002416 0.002281 0.001072 0.000065 0.036649 0.007681 1.776399
0.949810 0.002406 0.002296 0.001064 0.000065 0.036679 0.007681 1.776638
0.949770 0.002423 0.002301 0.001084 0.000064 0.036677 0.007682 1.776874
0.949761 0.002430 0.002295 0.001078 0.000063 0.036691 0.007682 1.777108
0.949751 0.002417 0.002305 0.001082 0.000065 0.036699 0.007683 1.777359
0.949723 0.002409 0.002297 0.001084 0.000066 0.036738 0.007683 1.777598
0.949695 0.002423 0.002276 0.001089 0.000066 0.036766 0.007685 1.777823
0.949676 0.002446 0.002259 0.001083 0.000066 0.036785 0.007685 1.778036
0.949647 0.002438 0.002272 0.001097 0.000066 0.036794 0.007685 1.778284
0.949670 0.002387 0.002277 0.001095 0.000064 0.036821 0.007686 1.778537
0.949666 0.002379 0.002264 0.001086 0.000063 0.036855 0.007687 1.778774
0.949643 0.002416 0.002253 0.001072 0.000061 0.036865 0.007690 1.778983
0.949619 0.002420 0.002258 0.001079 0.000059 0.036874 0.007691 1.779228
0.949615 0.002424 0.002259 0.001067 0.000056 0.036887 0.007691 1.779458
0.949598 0.002426 0.002293 0.001060 0.000056 0.036876 0.007692 1.779694
0.949557 0.002436 0.002278 0.001074 0.000059 0.036904 0.007693 1.779932
0.949543 0.002439 0.002284 0.001050 0.000057 0.036934 0.007695 1.780164
0.949508 0.002443 0.002270 0.001046 0.000056 0.036981 0.007695 1.780393
0.949526 0.002424 0.002270 0.001048 0.000056 0.036979 0.007696 1.780630
0.949540 0.002414 0.002261 0.001040 0.000055 0.036994 0.007697 1.780852
0.949537 0.002416 0.002250 0.001027 0.000055 0.037017 0.007698 1.781081
0.949546 0.002401 0.002252 0.001024 0.000054 0.037025 0.007698 1.781320
0.949540 0.002406 0.002247 0.001020 0.000053 0.037034 0.007700 1.781547
0.949543 0.002424 0.002243 0.001005 0.000054 0.037030 0.007701 1.781769
0.949542 0.002415 0.002230 0.001001 0.000055 0.037056 0.007701 1.782004
0.949526 0.002379 0.002268 0.000999 0.000054 0.037071 0.007703 1.782264
0.949529 0.002375 0.002242 0.001006 0.000054 0.037090 0.007704 1.782483
0.949509 0.002364 0.002262 0.001012 0.000053 0.037096 0.007705 1.782720
0.949511 0.002367 0.002232 0.001018 0.000052 0.037115 0.007705 1.782947
0.949500 0.002377 0.002225 0.001016 0.000055 0.037121 0.007706 1.783168
0.949535 0.002343 0.002219 0.001029 0.000055 0.037113 0.007706 1.783407
0.949511 0.002326 0.002249 0.001028 0.000056 0.037124 0.007706 1.783656
0.949498 0.002362 0.002229 0.001023 0.000056 0.037125 0.007707 1.783860
0.949498 0.002332 0.002246 0.001019 0.000056 0.037143 0.007707 1.784104
0.949470 0.002352 0.002237 0.001018 0.000056 0.037160 0.007707 1.784327
0.949467 0.002372 0.002224 0.001023 0.000057 0.037149 0.007708 1.784551
0.949489 0.002358 0.002233 0.001017 0.000055 0.037140 0.007708 1.784789
0.949506 0.002363 0.002220 0.001010 0.000054 0.037139 0.007708 1.785011
0.949498 0.002352 0.002228 0.001010 0.000055 0.037150 0.007708 1.785242
0.949507 0.002332 0.002212 0.001024 0.000055 0.037161 0.007708 1.785481
0.949506 0.002332 0.002206 0.001029 0.000054 0.037165 0.007709 1.785698
0.949535 0.002314 0.002187 0.001041 0.000056 0.037158 0.007709 1.785925
0.949550 0.002299 0.002199 0.001036 0.000058 0.037149 0.007709 1.786158
0.949530 0.002305 0.002183 0.001050 0.000058 0.037163 0.007711 1.786380
0.949533 0.002305 0.002190 0.001040 0.000057 0.037162 0.007711 1.786614
0.949514 0.002313 0.002181 0.001038 0.000058 0.037184 0.007712 1.786835
0.949508 0.002297 0.002198 0.001035 0.000059 0.037190 0.007713 1.787071
0.949495 0.002311 0.002217 0.001032 0.000059 0.037171 0.007713 1.787299
0.949523 0.002285 0.002209 0.001045 0.000055 0.037171 0.007713 1.787543
0.949509 0.002288 0.002187 0.001042 0.000054 0.037207 0.007713 1.787772
0.949509 0.002272 0.002209 0.001049 0.000056 0.037191 0.007714 1.788003
0.949532 0.002254 0.002206 0.001037 0.000060 0.037196 0.007715 1.788226
0.949546 0.002255 0.002191 0.001022 0.000059 0.037211 0.007716 1.788432
0.949525 0.002264 0.002183 0.001025 0.000060 0.037226 0.007717 1.788666
0.949528 0.002271 0.002165 0.001023 0.000059 0.037234 0.007718 1.788874
0.949527 0.002281 0.002166 0.001010 0.000061 0.037238 0.007719 1.789092
0.949532 0.002265 0.002180 0.001019 0.000061 0.037224 0.007720 1.789338
0.949523 0.002289 0.002165 0.001028 0.000059 0.037214 0.007722 1.789550
0.949519 0.002301 0.002162 0.001018 0.000061 0.037216 0.007723 1.789761
0.949522 0.002310 0.002155 0.001008 0.000062 0.037218 0.007724 1.789976
0.949533 0.002304 0.002160 0.001005 0.000062 0.037212 0.007725 1.790188
0.949489 0.002305 0.002179 0.001006 0.000060 0.037236 0.007725 1.790439
0.949471 0.002321 0.002179 0.001003 0.000059 0.037241 0.007727 1.790660
0.949462 0.002322 0.002175 0.001012 0.000057 0.037245 0.007728 1.790889
0.949476 0.002318 0.002162 0.001007 0.000056 0.037253 0.007729 1.791106
0.949468 0.002331 0.002160 0.000998 0.000055 0.037259 0.007729 1.791334
0.949450 0.002327 0.002162 0.000995 0.000054 0.037281 0.007730 1.791564
0.949464 0.002334 0.002149 0.000990 0.000057 0.037276 0.007730 1.791786
0.949484 0.002313 0.002147 0.000989 0.000057 0.037279 0.007731 1.792023
0.949470 0.002311 0.002146 0.000991 0.000058 0.037293 0.007731 1.792251
0.949476 0.002303 0.002126 0.001007 0.000056 0.037299 0.007732 1.792480
0.949491 0.002283 0.002136 0.000998 0.000056 0.037304 0.007733 1.792714
0.949474 0.002300 0.002148 0.000988 0.000059 0.037298 0.007734 1.792932
0.949496 0.002294 0.002145 0.000983 0.000060 0.037288 0.007734 1.793152
0.949503 0.002272 0.002155 0.000982 0.000061 0.037293 0.007734 1.793388
0.949507 0.002259 0.002159 0.000997 0.000062 0.037282 0.007734 1.793624
0.949510 0.002272 0.002157 0.001010 0.000063 0.037254 0.007734 1.793844
0.949483 0.002290 0.002142 0.001012 0.000062 0.037277 0.007735 1.794065
0.949487 0.002289 0.002136 0.001011 0.000062 0.037278 0.007736 1.794286
0.949499 0.002303 0.002119 0.001005 0.000061 0.037275 0.007737 1.794500
0.949513 0.002296 0.002120 0.000997 0.000061 0.037275 0.007738 1.794723
0.949498 0.002314 0.002092 0.001007 0.000061 0.037290 0.007738 1.794938
0.949507 0.002310 0.002097 0.001012 0.000064 0.037273 0.007738 1.795169
0.949530 0.002300 0.002097 0.001017 0.000063 0.037254 0.007739 1.795396
0.949523 0.002306 0.002095 0.001010 0.000060 0.037267 0.007739 1.795611
0.949514 0.002299 0.002106 0.001020 0.000060 0.037262 0.007740 1.795843
0.949513 0.002293 0.002119 0.001028 0.000056 0.037251 0.007741 1.796072
0.949520 0.002286 0.002131 0.001028 0.000056 0.037238 0.007741 1.796301
0.949493 0.002298 0.002144 0.001045 0.000056 0.037222 0.007742 1.796536
0.949502 0.002291 0.002153 0.001042 0.000057 0.037213 0.007742 1.796770
0.949474 0.002310 0.002145 0.001042 0.000057 0.037229 0.007742 1.797004
0.949460 0.002307 0.002134 0.001040 0.000059 0.037257 0.007744 1.797233
0.949457 0.002301 0.002132 0.001032 0.000059 0.037275 0.007744 1.797457
0.949473 0.002295 0.002137 0.001028 0.000058 0.037264 0.007745 1.797692
0.949468 0.002275 0.002147 0.001026 0.000060 0.037278 0.007746 1.797930
0.949443 0.002278 0.002143 0.001031 0.000061 0.037297 0.007747 1.798159
0.949422 0.002282 0.002160 0.001036 0.000063 0.037287 0.007748 1.798392
0.949426 0.002277 0.002162 0.001031 0.000064 0.037291 0.007749 1.798618
0.949429 0.002285 0.002144 0.001026 0.000065 0.037301 0.007750 1.798839
0.949446 0.002267 0.002145 0.001026 0.000066 0.037298 0.007751 1.799063
0.949421 0.002276 0.002140 0.001026 0.000069 0.037318 0.007751 1.799283
0.949427 0.002268 0.002127 0.001018 0.000068 0.037339 0.007752 1.799500
0.949448 0.002246 0.002124 0.001010 0.000069 0.037348 0.007754 1.799726
0.949435 0.002271 0.002134 0.001005 0.000066 0.037333 0.007756 1.799937
0.949461 0.002244 0.002112 0.001011 0.000066 0.037350 0.007758 1.800168
0.949480 0.002222 0.002107 0.001018 0.000066 0.037349 0.007758 1.800401
0.949490 0.002239 0.002103 0.000993 0.000065 0.037351 0.007759 1.800604
0.949482 0.002235 0.002114 0.000986 0.000064 0.037359 0.007761 1.800827
0.949469 0.002257 0.002110 0.000984 0.000063 0.037356 0.007762 1.801036
