0.368561 0.062108 0.055060 0.031593 0.001949 0.475058 0.005671 1.549095
0.369586 0.060984 0.055055 0.031489 0.001950 0.475236 0.005700 1.555123
0.371058 0.059654 0.054886 0.031401 0.001945 0.475331 0.005724 1.561021
0.372764 0.058131 0.054691 0.031271 0.001945 0.475443 0.005756 1.566815
0.374656 0.056583 0.054527 0.031080 0.001944 0.475434 0.005776 1.572520
0.376694 0.055055 0.054215 0.030813 0.001952 0.475472 0.005799 1.578018
0.378804 0.053565 0.053813 0.030520 0.001948 0.475529 0.005820 1.583357
0.381002 0.052149 0.053347 0.030168 0.001946 0.475540 0.005848 1.588533
0.383178 0.050824 0.052826 0.029861 0.001951 0.475483 0.005876 1.593596
0.385341 0.049570 0.052290 0.029424 0.001938 0.475533 0.005904 1.598580
0.387756 0.048296 0.051756 0.029019 0.001925 0.475318 0.005930 1.603397
0.390194 0.047147 0.051090 0.028636 0.001913 0.475060 0.005960 1.608092
0.392728 0.046066 0.050425 0.028243 0.001920 0.474634 0.005985 1.612673
0.395145 0.045064 0.049803 0.027856 0.001922 0.474202 0.006009 1.617212
0.397618 0.044217 0.049046 0.027453 0.001921 0.473708 0.006037 1.621553
0.400184 0.043315 0.048356 0.027004 0.001908 0.473166 0.006066 1.625803
0.402635 0.042466 0.047544 0.026542 0.001904 0.472819 0.006091 1.630009
0.405215 0.041613 0.046896 0.026143 0.001893 0.472125 0.006116 1.634147
0.407801 0.040840 0.046270 0.025668 0.001885 0.471391 0.006145 1.638169
0.410375 0.040158 0.045567 0.025224 0.001880 0.470624 0.006172 1.642127
0.413122 0.039432 0.044906 0.024828 0.001865 0.469655 0.006194 1.646026
0.415862 0.038762 0.044071 0.024421 0.001855 0.468812 0.006219 1.649836
0.418415 0.038250 0.043383 0.024014 0.001838 0.467858 0.006242 1.653608
0.421013 0.037722 0.042732 0.023621 0.001828 0.466819 0.006266 1.657349
0.423715 0.037128 0.042080 0.023209 0.001825 0.465752 0.006292 1.661039
0.426431 0.036671 0.041437 0.022838 0.001805 0.464500 0.006318 1.664639
0.429062 0.036227 0.040836 0.022439 0.001793 0.463299 0.006346 1.668226
0.431605 0.035911 0.040233 0.022102 0.001764 0.462012 0.006374 1.671742
0.434276 0.035529 0.039637 0.021806 0.001753 0.460601 0.006399 1.675239
0.436768 0.035148 0.039085 0.021493 0.001754 0.459334 0.006418 1.678733
0.439457 0.034851 0.038500 0.021203 0.001753 0.457797 0.006439 1.682153
0.442052 0.034537 0.037911 0.020899 0.001735 0.456401 0.006464 1.685526
0.444615 0.034255 0.037381 0.020663 0.001724 0.454879 0.006484 1.688933
0.447161 0.034070 0.036909 0.020386 0.001716 0.453258 0.006500 1.692238
0.449816 0.033757 0.036367 0.020147 0.001695 0.451691 0.006527 1.695586
0.452338 0.033530 0.035985 0.019919 0.001674 0.450004 0.006551 1.698938
0.454786 0.033381 0.035604 0.019655 0.001659 0.448342 0.006572 1.702236
0.457273 0.033210 0.035179 0.019373 0.001640 0.446732 0.006592 1.705479
0.459787 0.032952 0.034861 0.019132 0.001633 0.445025 0.006610 1.708788
0.462314 0.032793 0.034430 0.018927 0.001615 0.443291 0.006630 1.711999
0.464815 0.032637 0.034050 0.018692 0.001600 0.441557 0.006649 1.715196
0.467183 0.032586 0.033679 0.018518 0.001587 0.439781 0.006666 1.718350
0.469425 0.032552 0.033380 0.018342 0.001582 0.438038 0.006682 1.721547
0.471859 0.032297 0.033103 0.018136 0.001567 0.436337 0.006701 1.724821
0.474288 0.032251 0.032740 0.017969 0.001555 0.434477 0.006719 1.727897
0.476679 0.032130 0.032439 0.017785 0.001535 0.432690 0.006741 1.731047
0.478884 0.032112 0.032156 0.017642 0.001527 0.430920 0.006759 1.734183
0.481028 0.032087 0.031918 0.017464 0.001498 0.429223 0.006782 1.737320
0.483260 0.032070 0.031734 0.017347 0.001476 0.427307 0.006807 1.740485
0.485440 0.032046 0.031563 0.017258 0.001465 0.425404 0.006825 1.743675
0.487671 0.031965 0.031422 0.017160 0.001446 0.423492 0.006844 1.746838
0.489819 0.031950 0.031184 0.017039 0.001430 0.421715 0.006861 1.749952
0.491867 0.031953 0.030934 0.016919 0.001417 0.420025 0.006885 1.753076
0.493945 0.031994 0.030734 0.016792 0.001405 0.418222 0.006908 1.756174
0.495979 0.031994 0.030589 0.016721 0.001387 0.416406 0.006923 1.759349
0.498060 0.032099 0.030400 0.016644 0.001371 0.414485 0.006941 1.762405
0.499998 0.032197 0.030218 0.016619 0.001368 0.412642 0.006959 1.765536
0.501987 0.032222 0.030082 0.016586 0.001357 0.410790 0.006976 1.768668
0.504009 0.032246 0.030004 0.016510 0.001358 0.408879 0.006994 1.771809
0.505905 0.032321 0.029857 0.016463 0.001342 0.407101 0.007012 1.774927
0.507709 0.032386 0.029775 0.016392 0.001326 0.405381 0.007030 1.778086
0.509445 0.032407 0.029708 0.016386 0.001318 0.403694 0.007041 1.781298
0.511245 0.032467 0.029587 0.016369 0.001302 0.401972 0.007059 1.784463
0.512986 0.032577 0.029496 0.016373 0.001294 0.400195 0.007078 1.787611
0.514708 0.032623 0.029414 0.016353 0.001274 0.398530 0.007098 1.790778
0.516416 0.032707 0.029310 0.016339 0.001251 0.396862 0.007117 1.793943
0.518067 0.032766 0.029365 0.016361 0.001228 0.395078 0.007135 1.797158
0.519659 0.032891 0.029413 0.016345 0.001218 0.393323 0.007150 1.800387
0.521177 0.033070 0.029370 0.016283 0.001202 0.391734 0.007165 1.803567
0.522677 0.033119 0.029393 0.016287 0.001189 0.390153 0.007182 1.806854
0.524249 0.033169 0.029372 0.016326 0.001185 0.388503 0.007195 1.810130
0.525929 0.033175 0.029336 0.016291 0.001172 0.386890 0.007207 1.813414
0.527359 0.033305 0.029346 0.016298 0.001172 0.385298 0.007222 1.816679
0.528672 0.033510 0.029293 0.016264 0.001174 0.383847 0.007239 1.819903
0.530046 0.033564 0.029366 0.016286 0.001156 0.382331 0.007253 1.823252
0.531304 0.033728 0.029378 0.016315 0.001149 0.380855 0.007270 1.826541
0.532646 0.033934 0.029365 0.016288 0.001148 0.379335 0.007282 1.829820
0.533959 0.034099 0.029427 0.016270 0.001146 0.377801 0.007298 1.833167
0.535301 0.034172 0.029443 0.016326 0.001146 0.376307 0.007307 1.836567
0.536511 0.034323 0.029493 0.016363 0.001141 0.374844 0.007326 1.839902
0.537544 0.034403 0.029601 0.016370 0.001139 0.373601 0.007342 1.843358
0.538518 0.034570 0.029756 0.016412 0.001134 0.372252 0.007358 1.846759
0.539574 0.034753 0.029793 0.016458 0.001138 0.370917 0.007368 1.850153
0.540646 0.034788 0.029899 0.016532 0.001136 0.369618 0.007381 1.853583
0.541571 0.034984 0.029932 0.016584 0.001133 0.368405 0.007391 1.856999
0.542678 0.035201 0.029978 0.016566 0.001120 0.367050 0.007408 1.860383
0.543611 0.035433 0.030001 0.016614 0.001111 0.365801 0.007429 1.863805
0.544523 0.035597 0.030087 0.016666 0.001099 0.364577 0.007451 1.867292
0.545381 0.035825 0.030193 0.016715 0.001101 0.363326 0.007459 1.870808
0.546307 0.036006 0.030312 0.016754 0.001099 0.362051 0.007470 1.874320
0.546994 0.036261 0.030378 0.016805 0.001101 0.360979 0.007483 1.877838
0.547717 0.036495 0.030438 0.016878 0.001094 0.359880 0.007498 1.881352
0.548465 0.036645 0.030667 0.016866 0.001091 0.358751 0.007515 1.884913
0.549210 0.036749 0.030810 0.016973 0.001089 0.357642 0.007528 1.888540
0.549972 0.036908 0.030964 0.017063 0.001084 0.356465 0.007545 1.892151
0.550758 0.036907 0.031055 0.017156 0.001069 0.355491 0.007564 1.895820
0.551481 0.037107 0.031204 0.017201 0.001069 0.354359 0.007580 1.899388
0.552063 0.037360 0.031279 0.017229 0.001076 0.353393 0.007600 1.902986
0.552593 0.037548 0.031391 0.017307 0.001071 0.352480 0.007612 1.906691
0.553064 0.037661 0.031531 0.017366 0.001070 0.351681 0.007627 1.910423
0.553686 0.037689 0.031674 0.017493 0.001066 0.350750 0.007643 1.914180
0.554261 0.037828 0.031880 0.017560 0.001064 0.349754 0.007654 1.917897
0.554756 0.037986 0.031957 0.017593 0.001077 0.348963 0.007668 1.921600
0.555199 0.038131 0.032113 0.017620 0.001071 0.348184 0.007683 1.925331
0.555614 0.038295 0.032264 0.017707 0.001072 0.347349 0.007699 1.929102
0.555975 0.038411 0.032350 0.017787 0.001081 0.346682 0.007715 1.932889
0.556424 0.038500 0.032499 0.017884 0.001084 0.345881 0.007728 1.936716
0.556766 0.038636 0.032627 0.017984 0.001088 0.345161 0.007739 1.940507
0.557141 0.038825 0.032774 0.018014 0.001093 0.344405 0.007749 1.944297
0.557590 0.038863 0.032981 0.018099 0.001100 0.343604 0.007764 1.948163
0.557819 0.039152 0.032995 0.018131 0.001097 0.343030 0.007777 1.951901
0.558071 0.039421 0.033101 0.018169 0.001098 0.342348 0.007793 1.955695
0.558395 0.039514 0.033245 0.018250 0.001089 0.341699 0.007808 1.959560
0.558509 0.039674 0.033433 0.018268 0.001085 0.341209 0.007824 1.963433
0.558696 0.039857 0.033579 0.018281 0.001077 0.340675 0.007836 1.967357
0.559045 0.039944 0.033763 0.018374 0.001081 0.339943 0.007850 1.971279
0.559169 0.040193 0.033866 0.018386 0.001084 0.339435 0.007867 1.975145
0.559278 0.040324 0.033962 0.018496 0.001082 0.338981 0.007878 1.979089
0.559418 0.040360 0.034141 0.018509 0.001086 0.338595 0.007892 1.983096
0.559641 0.040367 0.034257 0.018650 0.001082 0.338097 0.007906 1.987121
0.559726 0.040442 0.034368 0.018684 0.001103 0.337761 0.007917 1.991117
0.559828 0.040578 0.034503 0.018750 0.001115 0.337295 0.007931 1.995110
0.560042 0.040637 0.034625 0.018809 0.001116 0.336822 0.007948 1.999050
0.560141 0.040781 0.034735 0.018880 0.001126 0.336380 0.007959 2.003009
0.560203 0.040902 0.034883 0.018992 0.001122 0.335921 0.007977 2.007071
0.560317 0.041041 0.034964 0.019026 0.001125 0.335538 0.007988 2.011072
0.560453 0.041070 0.035061 0.019120 0.001129 0.335168 0.008001 2.015124
0.560510 0.041136 0.035153 0.019171 0.001134 0.334878 0.008018 2.019160
0.560671 0.041143 0.035259 0.019203 0.001136 0.334556 0.008030 2.023224
0.560660 0.041218 0.035353 0.019305 0.001136 0.334280 0.008048 2.027334
0.560681 0.041342 0.035452 0.019377 0.001131 0.333951 0.008066 2.031399
0.560732 0.041508 0.035526 0.019422 0.001150 0.333589 0.008074 2.035378
0.560821 0.041533 0.035648 0.019499 0.001156 0.333258 0.008086 2.039433
0.560852 0.041598 0.035734 0.019510 0.001153 0.333056 0.008098 2.043511
0.560722 0.041856 0.035758 0.019505 0.001154 0.332892 0.008113 2.047534
0.560680 0.041862 0.035902 0.019520 0.001160 0.332749 0.008127 2.051654
0.560760 0.041931 0.036005 0.019535 0.001162 0.332466 0.008143 2.055728
0.560749 0.041997 0.036075 0.019562 0.001165 0.332298 0.008155 2.059790
0.560833 0.041981 0.036147 0.019648 0.001172 0.332051 0.008167 2.063961
0.560885 0.041995 0.036153 0.019687 0.001161 0.331939 0.008181 2.068038
0.560940 0.042097 0.036174 0.019731 0.001170 0.331694 0.008194 2.072097
0.560994 0.042033 0.036298 0.019781 0.001179 0.331509 0.008207 2.076311
0.560930 0.042088 0.036390 0.019806 0.001178 0.331384 0.008225 2.080437
0.560808 0.042119 0.036473 0.019883 0.001175 0.331305 0.008238 2.084639
0.560769 0.042143 0.036600 0.019949 0.001175 0.331113 0.008252 2.088826
0.560769 0.042129 0.036657 0.020075 0.001175 0.330928 0.008268 2.092977
0.560803 0.042245 0.036674 0.020066 0.001186 0.330746 0.008280 2.097029
0.560886 0.042200 0.036628 0.020189 0.001183 0.330617 0.008297 2.101154
0.560796 0.042313 0.036685 0.020186 0.001181 0.330532 0.008309 2.105227
0.560687 0.042454 0.036664 0.020209 0.001189 0.330476 0.008322 2.109317
0.560608 0.042452 0.036762 0.020190 0.001191 0.330462 0.008336 2.113508
0.560618 0.042330 0.036803 0.020291 0.001192 0.330418 0.008350 2.117719
0.560597 0.042264 0.036941 0.020319 0.001184 0.330325 0.008369 2.121919
0.560518 0.042195 0.037077 0.020375 0.001189 0.330261 0.008385 2.126195
0.560585 0.042189 0.037074 0.020364 0.001187 0.330204 0.008397 2.130321
0.560606 0.042220 0.037089 0.020343 0.001193 0.330134 0.008414 2.134424
0.560645 0.042144 0.037196 0.020406 0.001188 0.329993 0.008428 2.138645
0.560693 0.042138 0.037214 0.020417 0.001182 0.329910 0.008446 2.142799
0.560614 0.042163 0.037323 0.020343 0.001192 0.329906 0.008459 2.146984
0.560585 0.042193 0.037387 0.020339 0.001180 0.329840 0.008476 2.151128
0.560508 0.042187 0.037359 0.020356 0.001185 0.329915 0.008491 2.155229
0.560533 0.042251 0.037378 0.020317 0.001184 0.329827 0.008511 2.159286
0.560521 0.042184 0.037461 0.020325 0.001179 0.329806 0.008523 2.163499
0.560535 0.042165 0.037376 0.020355 0.001191 0.329837 0.008541 2.167595
0.560540 0.042119 0.037404 0.020310 0.001192 0.329880 0.008555 2.171721
0.560494 0.042074 0.037438 0.020367 0.001185 0.329876 0.008567 2.175923
0.560692 0.042025 0.037459 0.020369 0.001181 0.329693 0.008581 2.180036
0.560679 0.042072 0.037413 0.020355 0.001174 0.329708 0.008601 2.184113
0.560701 0.041983 0.037416 0.020366 0.001177 0.329741 0.008616 2.188255
0.560709 0.042006 0.037413 0.020425 0.001181 0.329638 0.008629 2.192348
0.560822 0.041917 0.037393 0.020384 0.001180 0.329662 0.008642 2.196448
0.560923 0.041818 0.037368 0.020307 0.001182 0.329746 0.008658 2.200530
0.560905 0.041833 0.037436 0.020280 0.001189 0.329682 0.008676 2.204643
0.561006 0.041737 0.037510 0.020307 0.001189 0.329559 0.008692 2.208791
0.560919 0.041736 0.037524 0.020285 0.001191 0.329638 0.008708 2.212916
0.560931 0.041675 0.037572 0.020288 0.001192 0.329620 0.008724 2.217027
0.560900 0.041626 0.037553 0.020304 0.001201 0.329678 0.008739 2.221173
0.561080 0.041482 0.037631 0.020299 0.001193 0.329560 0.008756 2.225298
0.561226 0.041423 0.037523 0.020323 0.001198 0.329538 0.008769 2.229371
0.561262 0.041459 0.037423 0.020344 0.001200 0.329530 0.008782 2.233399
0.561260 0.041435 0.037348 0.020332 0.001189 0.329635 0.008801 2.237475
0.561350 0.041372 0.037310 0.020356 0.001190 0.329604 0.008818 2.241566
0.561470 0.041316 0.037267 0.020374 0.001188 0.329552 0.008833 2.245651
0.561519 0.041241 0.037231 0.020358 0.001199 0.329607 0.008847 2.249753
0.561622 0.041296 0.037185 0.020288 0.001211 0.329541 0.008856 2.253739
0.561760 0.041237 0.037196 0.020246 0.001210 0.329481 0.008870 2.257799
0.561852 0.041162 0.037165 0.020237 0.001220 0.329477 0.008887 2.261853
0.561921 0.041133 0.037196 0.020147 0.001212 0.329487 0.008904 2.265892
0.562110 0.041099 0.037082 0.020091 0.001201 0.329499 0.008918 2.269878
0.562159 0.041146 0.037026 0.020093 0.001211 0.329435 0.008931 2.273894
0.562270 0.041150 0.036994 0.020046 0.001208 0.329384 0.008946 2.277888
0.562275 0.041122 0.036951 0.020031 0.001218 0.329442 0.008962 2.281925
0.562330 0.041136 0.036903 0.019972 0.001223 0.329455 0.008980 2.285919
0.562395 0.041071 0.036852 0.019971 0.001238 0.329479 0.008995 2.289956
0.562533 0.040972 0.036883 0.019961 0.001229 0.329408 0.009014 2.294005
0.562835 0.040880 0.036903 0.019864 0.001233 0.329255 0.009030 2.297988
0.563067 0.040797 0.036873 0.019837 0.001233 0.329147 0.009046 2.301970
0.563198 0.040838 0.036805 0.019789 0.001231 0.329082 0.009059 2.305896
0.563303 0.040941 0.036770 0.019768 0.001225 0.328919 0.009075 2.309823
0.563483 0.040823 0.036707 0.019764 0.001222 0.328907 0.009093 2.313863
0.563690 0.040678 0.036692 0.019788 0.001226 0.328821 0.009106 2.317953
0.563919 0.040577 0.036762 0.019803 0.001229 0.328590 0.009120 2.322002
0.564070 0.040541 0.036729 0.019785 0.001231 0.328505 0.009139 2.325985
0.564315 0.040387 0.036682 0.019802 0.001228 0.328430 0.009155 2.330027
0.564624 0.040228 0.036637 0.019896 0.001227 0.328219 0.009169 2.334022
0.564814 0.040143 0.036633 0.019844 0.001226 0.328159 0.009181 2.338014
0.564990 0.040144 0.036524 0.019847 0.001233 0.328065 0.009196 2.341914
0.565231 0.040107 0.036427 0.019805 0.001230 0.327989 0.009213 2.345878
0.565331 0.040147 0.036361 0.019787 0.001228 0.327919 0.009226 2.349799
0.565453 0.040104 0.036279 0.019776 0.001219 0.327926 0.009243 2.353720
0.565538 0.040084 0.036283 0.019721 0.001225 0.327894 0.009256 2.357710
0.565739 0.040108 0.036216 0.019689 0.001218 0.327757 0.009274 2.361588
0.565884 0.040142 0.036099 0.019634 0.001223 0.327727 0.009291 2.365469
0.566100 0.040028 0.036150 0.019597 0.001231 0.327589 0.009305 2.369480
0.566204 0.040101 0.036080 0.019599 0.001223 0.327475 0.009318 2.373376
0.566294 0.040076 0.036032 0.019599 0.001221 0.327447 0.009331 2.377326
0.566415 0.040057 0.036002 0.019561 0.001226 0.327393 0.009347 2.381290
0.566516 0.040111 0.035998 0.019569 0.001230 0.327220 0.009357 2.385196
0.566657 0.040108 0.036018 0.019527 0.001226 0.327093 0.009371 2.389115
0.566858 0.040103 0.035967 0.019479 0.001215 0.326992 0.009388 2.393004
0.567007 0.040052 0.035905 0.019473 0.001216 0.326944 0.009405 2.396937
0.567204 0.040023 0.035867 0.019473 0.001214 0.326799 0.009420 2.400844
0.567303 0.040122 0.035858 0.019363 0.001223 0.326699 0.009432 2.404734
0.567450 0.040158 0.035803 0.019354 0.001224 0.326562 0.009451 2.408604
0.567800 0.040041 0.035826 0.019315 0.001229 0.326324 0.009465 2.412538
0.567932 0.040000 0.035833 0.019373 0.001228 0.326151 0.009482 2.416476
0.568052 0.039972 0.035839 0.019357 0.001233 0.326051 0.009497 2.420424
0.568180 0.039973 0.035881 0.019326 0.001222 0.325906 0.009513 2.424369
0.568344 0.040001 0.035750 0.019304 0.001219 0.325855 0.009527 2.428234
0.568437 0.040055 0.035645 0.019323 0.001221 0.325780 0.009541 2.432141
0.568578 0.040026 0.035673 0.019330 0.001225 0.325618 0.009551 2.436092
0.568736 0.039983 0.035682 0.019331 0.001212 0.325489 0.009566 2.440032
0.568840 0.040154 0.035566 0.019326 0.001209 0.325326 0.009580 2.443865
0.569044 0.040023 0.035608 0.019410 0.001221 0.325104 0.009590 2.447878
0.569298 0.039976 0.035599 0.019417 0.001224 0.324878 0.009608 2.451822
0.569551 0.039863 0.035689 0.019454 0.001229 0.324593 0.009622 2.455776
0.569757 0.039744 0.035697 0.019383 0.001226 0.324557 0.009636 2.459701
0.569938 0.039831 0.035626 0.019358 0.001222 0.324373 0.009651 2.463555
0.570147 0.039905 0.035598 0.019321 0.001220 0.324144 0.009665 2.467454
0.570217 0.039892 0.035684 0.019352 0.001221 0.323952 0.009681 2.471446
0.570401 0.039803 0.035700 0.019354 0.001230 0.323812 0.009700 2.475401
0.570445 0.039843 0.035718 0.019337 0.001234 0.323706 0.009717 2.479309
0.570565 0.039846 0.035664 0.019294 0.001233 0.323668 0.009731 2.483198
0.570678 0.039887 0.035628 0.019327 0.001235 0.323495 0.009749 2.487085
0.570810 0.039837 0.035670 0.019336 0.001235 0.323346 0.009767 2.491081
0.570889 0.039876 0.035634 0.019328 0.001232 0.323257 0.009784 2.494974
0.571034 0.039890 0.035675 0.019328 0.001230 0.323044 0.009798 2.498912
0.571140 0.039884 0.035687 0.019266 0.001234 0.322977 0.009813 2.502831
0.571223 0.039864 0.035680 0.019251 0.001223 0.322929 0.009830 2.506775
0.571414 0.039888 0.035665 0.019267 0.001221 0.322707 0.009838 2.510619
0.571533 0.039869 0.035691 0.019246 0.001221 0.322587 0.009853 2.514528
0.571661 0.039876 0.035700 0.019279 0.001224 0.322388 0.009871 2.518431
0.571751 0.039933 0.035736 0.019321 0.001244 0.322134 0.009881 2.522366
0.571798 0.039975 0.035646 0.019310 0.001245 0.322128 0.009898 2.526287
0.571967 0.039932 0.035674 0.019277 0.001243 0.321996 0.009912 2.530231
0.572060 0.039929 0.035722 0.019236 0.001244 0.321882 0.009927 2.534157
0.572116 0.039898 0.035778 0.019261 0.001250 0.321754 0.009943 2.538100
0.572197 0.039936 0.035755 0.019206 0.001251 0.321697 0.009958 2.541970
0.572262 0.039953 0.035711 0.019262 0.001261 0.321577 0.009974 2.545880
0.572318 0.039969 0.035791 0.019237 0.001264 0.321431 0.009992 2.549790
0.572311 0.040019 0.035754 0.019242 0.001256 0.321406 0.010013 2.553721
0.572376 0.040012 0.035838 0.019242 0.001259 0.321242 0.010031 2.557651
0.572381 0.040021 0.035817 0.019302 0.001257 0.321175 0.010047 2.561614
0.572461 0.040084 0.035771 0.019272 0.001251 0.321096 0.010065 2.565508
0.572630 0.039963 0.035818 0.019366 0.001247 0.320896 0.010080 2.569528
0.572648 0.039943 0.035813 0.019337 0.001235 0.320921 0.010103 2.573486
0.572822 0.039928 0.035783 0.019346 0.001233 0.320770 0.010119 2.577381
0.572894 0.039898 0.035761 0.019353 0.001233 0.320729 0.010132 2.581314
0.573063 0.039854 0.035783 0.019334 0.001240 0.320578 0.010147 2.585255
0.573069 0.039950 0.035689 0.019306 0.001245 0.320577 0.010163 2.589140
0.573181 0.040017 0.035646 0.019308 0.001248 0.320419 0.010181 2.593017
0.573275 0.040053 0.035500 0.019336 0.001240 0.320400 0.010197 2.596912
0.573275 0.040036 0.035540 0.019384 0.001237 0.320316 0.010214 2.600840
0.573281 0.040138 0.035458 0.019420 0.001238 0.320230 0.010233 2.604719
0.573365 0.040129 0.035561 0.019423 0.001237 0.320033 0.010251 2.608642
0.573391 0.040111 0.035572 0.019452 0.001236 0.319971 0.010267 2.612610
0.573448 0.040099 0.035525 0.019452 0.001230 0.319966 0.010280 2.616535
0.573350 0.040120 0.035614 0.019415 0.001238 0.319967 0.010296 2.620511
0.573314 0.039994 0.035716 0.019470 0.001234 0.319960 0.010313 2.624618
0.573426 0.039933 0.035781 0.019470 0.001230 0.319831 0.010330 2.628563
0.573453 0.039947 0.035715 0.019472 0.001237 0.319831 0.010345 2.632471
0.573481 0.040034 0.035700 0.019505 0.001226 0.319698 0.010356 2.636383
0.573576 0.039986 0.035646 0.019487 0.001228 0.319707 0.010371 2.640302
0.573531 0.039993 0.035679 0.019409 0.001226 0.319773 0.010389 2.644264
0.573528 0.040063 0.035638 0.019392 0.001229 0.319744 0.010407 2.648138
0.573524 0.040064 0.035667 0.019393 0.001215 0.319715 0.010422 2.652103
0.573547 0.040010 0.035755 0.019416 0.001224 0.319615 0.010435 2.656150
0.573633 0.039996 0.035742 0.019385 0.001224 0.319567 0.010454 2.660063
0.573617 0.040062 0.035701 0.019364 0.001228 0.319561 0.010468 2.663982
0.573751 0.040060 0.035704 0.019350 0.001228 0.319425 0.010483 2.667871
0.573937 0.039906 0.035754 0.019373 0.001232 0.319300 0.010499 2.671868
0.574021 0.039940 0.035785 0.019353 0.001238 0.319153 0.010511 2.675778
0.574074 0.039999 0.035723 0.019305 0.001238 0.319136 0.010526 2.679676
0.574161 0.040032 0.035721 0.019282 0.001227 0.319038 0.010540 2.683582
0.574108 0.040249 0.035687 0.019273 0.001215 0.318913 0.010556 2.687438
0.574128 0.040338 0.035630 0.019342 0.001215 0.318773 0.010574 2.691346
0.574177 0.040305 0.035690 0.019336 0.001224 0.318682 0.010586 2.695317
0.574148 0.040413 0.035683 0.019331 0.001227 0.318601 0.010598 2.699235
0.574226 0.040373 0.035785 0.019343 0.001229 0.318433 0.010610 2.703210
0.574273 0.040377 0.035826 0.019337 0.001216 0.318346 0.010626 2.707218
0.574276 0.040446 0.035831 0.019290 0.001214 0.318302 0.010641 2.711138
0.574254 0.040537 0.035845 0.019294 0.001210 0.318205 0.010655 2.715061
0.574233 0.040583 0.035874 0.019277 0.001212 0.318149 0.010672 2.718964
0.574150 0.040579 0.035956 0.019317 0.001212 0.318098 0.010687 2.722958
0.574144 0.040614 0.035999 0.019335 0.001198 0.318005 0.010705 2.726950
0.574122 0.040541 0.036004 0.019421 0.001196 0.317996 0.010721 2.730975
0.574102 0.040520 0.036014 0.019447 0.001203 0.317981 0.010732 2.734986
0.574097 0.040542 0.035995 0.019440 0.001205 0.317973 0.010748 2.738943
0.574054 0.040500 0.035967 0.019490 0.001211 0.318016 0.010761 2.742910
0.574213 0.040400 0.035903 0.019566 0.001218 0.317922 0.010778 2.746915
0.574155 0.040391 0.035969 0.019575 0.001228 0.317893 0.010790 2.750949
0.574121 0.040346 0.036035 0.019589 0.001234 0.317867 0.010808 2.754980
0.574187 0.040363 0.036051 0.019555 0.001225 0.317795 0.010824 2.758915
0.574259 0.040389 0.035985 0.019553 0.001233 0.317744 0.010837 2.762839
0.574156 0.040412 0.035991 0.019612 0.001232 0.317743 0.010855 2.766843
0.574158 0.040537 0.035897 0.019589 0.001231 0.317713 0.010875 2.770696
0.574116 0.040580 0.035963 0.019534 0.001233 0.317687 0.010888 2.774675
0.574197 0.040593 0.035935 0.019490 0.001232 0.317654 0.010899 2.778608
0.574238 0.040673 0.035912 0.019505 0.001234 0.317519 0.010918 2.782530
0.574192 0.040743 0.035928 0.019548 0.001241 0.317418 0.010931 2.786489
0.574111 0.040784 0.035974 0.019547 0.001237 0.317400 0.010948 2.790464
0.574021 0.040693 0.036001 0.019506 0.001237 0.317576 0.010966 2.794477
0.574041 0.040542 0.036024 0.019528 0.001234 0.317653 0.010979 2.798498
0.573999 0.040542 0.035993 0.019556 0.001241 0.317673 0.010996 2.802479
0.574148 0.040457 0.035980 0.019536 0.001238 0.317632 0.011009 2.806454
0.574129 0.040557 0.035929 0.019476 0.001246 0.317640 0.011024 2.810307
0.574159 0.040562 0.035974 0.019447 0.001252 0.317569 0.011039 2.814265
0.574159 0.040447 0.035979 0.019491 0.001257 0.317612 0.011055 2.818284
0.574093 0.040461 0.036007 0.019471 0.001249 0.317646 0.011073 2.822255
0.574112 0.040504 0.035988 0.019425 0.001248 0.317635 0.011087 2.826229
0.574134 0.040491 0.036012 0.019422 0.001248 0.317587 0.011106 2.830207
0.574209 0.040568 0.036066 0.019353 0.001238 0.317445 0.011121 2.834140
0.574149 0.040540 0.036171 0.019386 0.001238 0.317380 0.011136 2.838172
0.574171 0.040551 0.036146 0.019357 0.001238 0.317385 0.011152 2.842125
0.574213 0.040548 0.036207 0.019413 0.001236 0.317219 0.011166 2.846089
0.574219 0.040528 0.036187 0.019429 0.001244 0.317212 0.011180 2.850075
0.573959 0.040659 0.036191 0.019440 0.001249 0.317308 0.011195 2.854029
0.573881 0.040704 0.036193 0.019445 0.001242 0.317322 0.011214 2.858028
0.573836 0.040765 0.036163 0.019448 0.001229 0.317324 0.011235 2.862001
0.573857 0.040754 0.036160 0.019404 0.001219 0.317354 0.011252 2.865974
0.573853 0.040769 0.036126 0.019454 0.001221 0.317308 0.011268 2.869927
0.573952 0.040730 0.036023 0.019463 0.001215 0.317333 0.011284 2.873865
0.573961 0.040701 0.036042 0.019499 0.001223 0.317276 0.011297 2.877866
0.573934 0.040609 0.036094 0.019469 0.001236 0.317343 0.011314 2.881914
0.573852 0.040645 0.036130 0.019502 0.001229 0.317310 0.011333 2.885888
0.573779 0.040639 0.036147 0.019519 0.001233 0.317334 0.011349 2.889944
0.573735 0.040734 0.036108 0.019514 0.001225 0.317321 0.011362 2.893860
0.573659 0.040731 0.036098 0.019508 0.001227 0.317399 0.011378 2.897868
0.573681 0.040648 0.036085 0.019516 0.001235 0.317446 0.011390 2.901894
0.573730 0.040651 0.036028 0.019592 0.001237 0.317356 0.011407 2.905848
0.573804 0.040616 0.036026 0.019596 0.001236 0.317301 0.011422 2.909801
0.573775 0.040591 0.036040 0.019554 0.001230 0.317367 0.011443 2.913796
0.573742 0.040604 0.036047 0.019556 0.001228 0.317368 0.011455 2.917782
0.573685 0.040565 0.036068 0.019597 0.001227 0.317389 0.011471 2.921733
0.573699 0.040595 0.036056 0.019594 0.001221 0.317351 0.011484 2.925681
0.573597 0.040622 0.036083 0.019616 0.001233 0.317356 0.011495 2.929644
0.573621 0.040555 0.036096 0.019628 0.001228 0.317364 0.011508 2.933695
0.573603 0.040570 0.036181 0.019627 0.001220 0.317273 0.011528 2.937693
0.573531 0.040598 0.036182 0.019581 0.001223 0.317344 0.011542 2.941663
0.573554 0.040722 0.036106 0.019542 0.001223 0.317301 0.011551 2.945552
0.573414 0.040903 0.036001 0.019529 0.001225 0.317361 0.011567 2.949459
0.573542 0.040900 0.035899 0.019532 0.001218 0.317324 0.011585 2.953365
0.573478 0.040843 0.035980 0.019563 0.001225 0.317310 0.011602 2.957403
0.573522 0.040821 0.035970 0.019574 0.001235 0.317261 0.011616 2.961404
0.573558 0.040769 0.035987 0.019520 0.001251 0.317287 0.011629 2.965371
0.573514 0.040761 0.036107 0.019461 0.001239 0.317271 0.011647 2.969336
0.573544 0.040696 0.036141 0.019471 0.001241 0.317244 0.011663 2.973352
0.573499 0.040722 0.036069 0.019540 0.001244 0.317251 0.011675 2.977291
0.573517 0.040670 0.036096 0.019553 0.001243 0.317233 0.011689 2.981268
0.573510 0.040686 0.036059 0.019571 0.001240 0.317231 0.011703 2.985199
0.573501 0.040535 0.036084 0.019614 0.001240 0.317309 0.011717 2.989255
0.573398 0.040577 0.036066 0.019587 0.001240 0.317399 0.011733 2.993249
0.573420 0.040723 0.036060 0.019578 0.001242 0.317225 0.011752 2.997125
0.573406 0.040663 0.036167 0.019603 0.001244 0.317151 0.011765 3.001132
0.573479 0.040618 0.036266 0.019604 0.001252 0.317005 0.011778 3.005139
0.573540 0.040546 0.036175 0.019653 0.001253 0.317037 0.011796 3.009159
0.573483 0.040547 0.036120 0.019673 0.001266 0.317105 0.011808 3.013136
0.573520 0.040552 0.036091 0.019610 0.001260 0.317146 0.011821 3.017058
0.573437 0.040505 0.036166 0.019622 0.001258 0.317173 0.011839 3.021095
0.573425 0.040455 0.036262 0.019617 0.001259 0.317130 0.011852 3.025078
0.573363 0.040432 0.036300 0.019655 0.001250 0.317135 0.011867 3.029069
0.573312 0.040496 0.036251 0.019674 0.001253 0.317134 0.011880 3.033008
0.573289 0.040447 0.036215 0.019679 0.001248 0.317231 0.011891 3.037020
0.573344 0.040465 0.036179 0.019601 0.001249 0.317256 0.011908 3.040930
0.573472 0.040360 0.036156 0.019576 0.001249 0.317261 0.011926 3.044863
0.573542 0.040349 0.036104 0.019547 0.001251 0.317269 0.011938 3.048803
0.573556 0.040297 0.036114 0.019578 0.001250 0.317254 0.011952 3.052764
0.573602 0.040344 0.035994 0.019574 0.001242 0.317277 0.011967 3.056698
0.573554 0.040315 0.036002 0.019558 0.001242 0.317346 0.011984 3.060656
0.573649 0.040285 0.036060 0.019515 0.001229 0.317265 0.011996 3.064626
0.573669 0.040220 0.036099 0.019526 0.001226 0.317246 0.012015 3.068590
0.573737 0.040205 0.036160 0.019509 0.001222 0.317139 0.012029 3.072537
0.573770 0.040199 0.036139 0.019518 0.001217 0.317115 0.012043 3.076490
0.573794 0.040179 0.036136 0.019541 0.001211 0.317076 0.012062 3.080456
0.573795 0.040188 0.036028 0.019519 0.001204 0.317188 0.012079 3.084385
0.573892 0.040113 0.035956 0.019528 0.001204 0.317215 0.012091 3.088348
0.573945 0.040107 0.035962 0.019505 0.001196 0.317177 0.012109 3.092297
0.574024 0.040025 0.035950 0.019548 0.001202 0.317130 0.012123 3.096265
0.574014 0.040028 0.035876 0.019579 0.001202 0.317165 0.012136 3.100217
0.573970 0.040020 0.035894 0.019615 0.001206 0.317144 0.012152 3.104194
0.574052 0.040038 0.035930 0.019601 0.001206 0.317006 0.012170 3.108089
0.574015 0.040012 0.035961 0.019576 0.001196 0.317059 0.012183 3.112035
0.574037 0.040052 0.035949 0.019552 0.001202 0.317009 0.012198 3.115942
0.574039 0.040165 0.035903 0.019539 0.001208 0.316937 0.012209 3.119815
0.574013 0.040142 0.035878 0.019484 0.001206 0.317049 0.012229 3.123792
0.574173 0.040014 0.035912 0.019499 0.001208 0.316946 0.012246 3.127723
0.574211 0.040122 0.035879 0.019497 0.001217 0.316813 0.012261 3.131591
0.574256 0.040060 0.035853 0.019500 0.001216 0.316839 0.012275 3.135555
0.574300 0.040051 0.035909 0.019432 0.001221 0.316798 0.012289 3.139497
0.574171 0.040114 0.035903 0.019419 0.001218 0.316863 0.012313 3.143426
0.574099 0.040104 0.035894 0.019435 0.001218 0.316919 0.012330 3.147397
0.574121 0.040091 0.035811 0.019447 0.001222 0.316962 0.012347 3.151325
0.574161 0.040085 0.035847 0.019479 0.001215 0.316852 0.012362 3.155262
0.574148 0.040033 0.035919 0.019479 0.001206 0.316838 0.012377 3.159253
0.574164 0.040112 0.035902 0.019455 0.001210 0.316767 0.012389 3.163124
0.574182 0.040162 0.035923 0.019435 0.001202 0.316689 0.012407 3.167048
0.574159 0.040239 0.035910 0.019395 0.001197 0.316679 0.012420 3.170933
0.574070 0.040341 0.035856 0.019414 0.001207 0.316675 0.012437 3.174883
0.574111 0.040323 0.035857 0.019453 0.001196 0.316611 0.012450 3.178853
0.574136 0.040341 0.035871 0.019501 0.001187 0.316496 0.012468 3.182846
0.574113 0.040320 0.035856 0.019489 0.001185 0.316556 0.012482 3.186841
0.574105 0.040280 0.035908 0.019478 0.001190 0.316542 0.012498 3.190824
0.574256 0.040267 0.035862 0.019477 0.001191 0.316434 0.012514 3.194716
0.574259 0.040298 0.035728 0.019516 0.001196 0.316470 0.012531 3.198618
0.574193 0.040269 0.035800 0.019492 0.001190 0.316514 0.012542 3.202591
0.574177 0.040296 0.035783 0.019469 0.001195 0.316525 0.012554 3.206543
0.574346 0.040144 0.035771 0.019478 0.001194 0.316492 0.012574 3.210529
0.574347 0.040188 0.035721 0.019470 0.001198 0.316486 0.012591 3.214465
0.574414 0.040127 0.035758 0.019500 0.001193 0.316403 0.012606 3.218410
0.574423 0.040154 0.035687 0.019484 0.001198 0.316437 0.012617 3.222318
0.574327 0.040119 0.035754 0.019474 0.001194 0.316499 0.012633 3.226313
0.574250 0.040162 0.035837 0.019365 0.001185 0.316550 0.012652 3.230261
0.574316 0.040096 0.035908 0.019359 0.001194 0.316463 0.012663 3.234224
0.574443 0.040008 0.035898 0.019403 0.001189 0.316379 0.012680 3.238159
0.574410 0.039993 0.035885 0.019386 0.001182 0.316443 0.012700 3.242091
0.574338 0.040074 0.035810 0.019389 0.001182 0.316492 0.012715 3.246022
0.574259 0.040051 0.035804 0.019408 0.001193 0.316560 0.012725 3.250037
0.574198 0.040121 0.035732 0.019412 0.001185 0.316609 0.012743 3.253978
0.574201 0.040150 0.035714 0.019397 0.001189 0.316596 0.012753 3.257884
0.574302 0.040115 0.035703 0.019428 0.001185 0.316492 0.012776 3.261852
0.574376 0.040087 0.035664 0.019430 0.001195 0.316459 0.012788 3.265780
0.574340 0.040064 0.035745 0.019400 0.001193 0.316456 0.012802 3.269752
0.574331 0.039992 0.035849 0.019454 0.001191 0.316367 0.012816 3.273774
0.574357 0.040004 0.035811 0.019420 0.001196 0.316379 0.012833 3.277673
0.574367 0.039955 0.035866 0.019425 0.001189 0.316350 0.012847 3.281635
0.574402 0.039992 0.035740 0.019406 0.001182 0.316414 0.012863 3.285527
0.574553 0.039982 0.035641 0.019399 0.001175 0.316367 0.012882 3.289403
0.574497 0.039930 0.035714 0.019422 0.001172 0.316368 0.012897 3.293418
0.574578 0.039972 0.035663 0.019412 0.001181 0.316285 0.012908 3.297290
0.574637 0.040048 0.035677 0.019355 0.001190 0.316169 0.012924 3.301067
0.574789 0.040001 0.035678 0.019353 0.001193 0.316049 0.012936 3.304937
0.574815 0.039999 0.035703 0.019310 0.001191 0.316030 0.012954 3.308865
0.574758 0.040045 0.035725 0.019294 0.001185 0.316024 0.012969 3.312829
0.574746 0.040062 0.035795 0.019293 0.001182 0.315939 0.012983 3.316767
0.574823 0.040070 0.035822 0.019281 0.001196 0.315812 0.012997 3.320660
0.574796 0.040001 0.035872 0.019301 0.001195 0.315820 0.013014 3.324644
0.574770 0.039946 0.035889 0.019337 0.001193 0.315835 0.013030 3.328646
0.574850 0.039947 0.035871 0.019358 0.001191 0.315738 0.013044 3.332546
0.574889 0.039898 0.035806 0.019380 0.001192 0.315774 0.013061 3.336488
0.574940 0.039940 0.035814 0.019368 0.001185 0.315678 0.013075 3.340385
0.574948 0.040001 0.035757 0.019401 0.001189 0.315617 0.013086 3.344256
0.574947 0.039969 0.035738 0.019363 0.001190 0.315694 0.013099 3.348182
0.574957 0.039981 0.035696 0.019408 0.001186 0.315658 0.013114 3.352097
0.574893 0.039946 0.035734 0.019472 0.001184 0.315643 0.013128 3.356109
0.574854 0.039974 0.035693 0.019467 0.001172 0.315698 0.013142 3.360017
0.574837 0.039937 0.035714 0.019475 0.001180 0.315698 0.013158 3.363980
0.574922 0.039894 0.035684 0.019545 0.001171 0.315610 0.013175 3.367881
0.574772 0.039962 0.035742 0.019512 0.001168 0.315657 0.013187 3.371758
0.574697 0.040035 0.035764 0.019508 0.001163 0.315631 0.013203 3.375689
0.574644 0.040136 0.035779 0.019469 0.001163 0.315595 0.013214 3.379620
0.574584 0.040111 0.035759 0.019449 0.001162 0.315712 0.013224 3.383588
0.574516 0.040132 0.035779 0.019440 0.001161 0.315733 0.013239 3.387479
0.574629 0.040119 0.035750 0.019465 0.001158 0.315623 0.013256 3.391371
0.574707 0.040122 0.035784 0.019415 0.001156 0.315546 0.013270 3.395307
0.574686 0.040156 0.035817 0.019395 0.001156 0.315503 0.013288 3.399258
0.574740 0.040118 0.035780 0.019351 0.001168 0.315544 0.013299 3.403143
0.574652 0.040076 0.035892 0.019401 0.001172 0.315492 0.013316 3.407150
0.574710 0.040005 0.035909 0.019413 0.001164 0.315465 0.013334 3.411115
0.574768 0.039988 0.035961 0.019420 0.001173 0.315343 0.013347 3.415052
0.574733 0.040009 0.035934 0.019423 0.001181 0.315360 0.013361 3.419021
0.574781 0.040074 0.035867 0.019327 0.001179 0.315393 0.013379 3.422893
0.574817 0.040088 0.035840 0.019255 0.001188 0.315425 0.013389 3.426782
0.574824 0.040054 0.035840 0.019269 0.001179 0.315431 0.013403 3.430743
0.574785 0.040070 0.035885 0.019267 0.001170 0.315406 0.013418 3.434669
0.574846 0.040109 0.035815 0.019218 0.001179 0.315400 0.013434 3.438515
0.574867 0.040131 0.035787 0.019306 0.001177 0.315285 0.013448 3.442410
0.574885 0.040106 0.035845 0.019324 0.001181 0.315201 0.013458 3.446397
0.574944 0.039984 0.035816 0.019379 0.001180 0.315223 0.013473 3.450378
0.574908 0.040001 0.035810 0.019349 0.001179 0.315266 0.013486 3.454315
0.574948 0.040082 0.035760 0.019354 0.001172 0.315182 0.013503 3.458202
0.574937 0.040123 0.035764 0.019300 0.001177 0.315184 0.013514 3.462143
0.574966 0.040115 0.035746 0.019349 0.001185 0.315110 0.013528 3.466088
0.574902 0.040208 0.035730 0.019326 0.001183 0.315109 0.013543 3.469965
0.574807 0.040299 0.035696 0.019386 0.001172 0.315083 0.013557 3.473905
0.574786 0.040316 0.035666 0.019426 0.001175 0.315062 0.013569 3.477818
0.574815 0.040252 0.035740 0.019478 0.001176 0.314958 0.013581 3.481797
0.574720 0.040190 0.035895 0.019479 0.001173 0.314949 0.013594 3.485873
0.574678 0.040106 0.035883 0.019531 0.001166 0.315027 0.013607 3.489866
0.574690 0.040141 0.035880 0.019462 0.001170 0.315036 0.013621 3.493779
0.574695 0.040272 0.035788 0.019372 0.001167 0.315073 0.013633 3.497631
0.574595 0.040370 0.035855 0.019336 0.001169 0.315026 0.013648 3.501566
0.574476 0.040372 0.035857 0.019378 0.001179 0.315076 0.013662 3.505555
0.574385 0.040388 0.035894 0.019332 0.001176 0.315144 0.013680 3.509508
0.574300 0.040436 0.035907 0.019398 0.001178 0.315090 0.013691 3.513460
0.574414 0.040420 0.035823 0.019422 0.001171 0.315038 0.013711 3.517383
0.574365 0.040470 0.035775 0.019371 0.001165 0.315126 0.013727 3.521289
0.574372 0.040381 0.035847 0.019377 0.001166 0.315118 0.013740 3.525289
0.574376 0.040350 0.035789 0.019433 0.001164 0.315137 0.013752 3.529233
0.574341 0.040349 0.035793 0.019472 0.001170 0.315110 0.013766 3.533183
0.574224 0.040464 0.035708 0.019515 0.001173 0.315135 0.013782 3.537084
0.574222 0.040444 0.035729 0.019560 0.001179 0.315069 0.013796 3.541088
0.574188 0.040402 0.035807 0.019573 0.001179 0.315034 0.013816 3.545081
0.574188 0.040422 0.035754 0.019547 0.001203 0.315059 0.013826 3.548966
0.574180 0.040313 0.035679 0.019541 0.001204 0.315247 0.013838 3.552923
0.574199 0.040317 0.035643 0.019531 0.001210 0.315249 0.013851 3.556841
0.574209 0.040351 0.035678 0.019541 0.001206 0.315150 0.013865 3.560754
0.574140 0.040387 0.035728 0.019580 0.001206 0.315082 0.013878 3.564742
0.574143 0.040374 0.035789 0.019603 0.001204 0.314998 0.013890 3.568712
0.574172 0.040338 0.035835 0.019572 0.001203 0.314973 0.013907 3.572724
0.574258 0.040182 0.035890 0.019593 0.001204 0.314950 0.013924 3.576736
0.574224 0.040252 0.035912 0.019543 0.001205 0.314926 0.013939 3.580683
0.574221 0.040275 0.035920 0.019564 0.001192 0.314873 0.013956 3.584618
0.574305 0.040156 0.035940 0.019532 0.001190 0.314908 0.013970 3.588591
0.574244 0.040245 0.035900 0.019495 0.001191 0.314939 0.013985 3.592507
0.574288 0.040255 0.035927 0.019458 0.001193 0.314879 0.014000 3.596409
0.574300 0.040246 0.035930 0.019430 0.001191 0.314889 0.014015 3.600319
0.574284 0.040401 0.035800 0.019419 0.001201 0.314864 0.014030 3.604129
0.574310 0.040386 0.035844 0.019422 0.001203 0.314786 0.014049 3.608101
0.574230 0.040314 0.035863 0.019454 0.001209 0.314871 0.014059 3.612136
0.574319 0.040285 0.035833 0.019466 0.001194 0.314823 0.014080 3.616062
0.574357 0.040273 0.035785 0.019473 0.001196 0.314820 0.014095 3.619978
0.574417 0.040259 0.035801 0.019425 0.001188 0.314801 0.014110 3.623936
0.574391 0.040265 0.035782 0.019396 0.001192 0.314852 0.014123 3.627865
0.574317 0.040258 0.035805 0.019380 0.001192 0.314909 0.014138 3.631842
0.574258 0.040283 0.035826 0.019350 0.001199 0.314933 0.014150 3.635743
0.574215 0.040222 0.035843 0.019430 0.001202 0.314922 0.014166 3.639748
0.574296 0.040224 0.035896 0.019482 0.001191 0.314729 0.014184 3.643626
0.574312 0.040277 0.035911 0.019447 0.001192 0.314662 0.014198 3.647531
0.574426 0.040221 0.035907 0.019443 0.001188 0.314606 0.014210 3.651445
0.574461 0.040147 0.035983 0.019461 0.001186 0.314541 0.014221 3.655405
0.574487 0.040126 0.035905 0.019443 0.001186 0.314613 0.014238 3.659342
0.574524 0.040118 0.035895 0.019423 0.001201 0.314588 0.014253 3.663299
0.574534 0.040049 0.035913 0.019443 0.001203 0.314594 0.014266 3.667277
0.574592 0.039986 0.035961 0.019446 0.001200 0.314536 0.014280 3.671242
0.574650 0.039921 0.035991 0.019414 0.001211 0.314521 0.014292 3.675170
0.574537 0.039951 0.035992 0.019371 0.001208 0.314635 0.014307 3.679093
0.574625 0.039888 0.035875 0.019400 0.001208 0.314677 0.014327 3.682993
0.574614 0.039826 0.035862 0.019419 0.001200 0.314740 0.014341 3.686975
0.574662 0.039824 0.035851 0.019423 0.001199 0.314684 0.014358 3.690904
0.574599 0.039865 0.035779 0.019439 0.001201 0.314748 0.014369 3.694851
0.574567 0.039929 0.035719 0.019453 0.001209 0.314744 0.014381 3.698717
0.574552 0.040055 0.035765 0.019405 0.001211 0.314619 0.014393 3.702567
0.574560 0.040089 0.035700 0.019386 0.001202 0.314652 0.014412 3.706485
0.574605 0.039990 0.035766 0.019401 0.001203 0.314608 0.014427 3.710444
0.574523 0.040060 0.035730 0.019423 0.001201 0.314621 0.014441 3.714328
