0.347812 0.061884 0.055413 0.031788 0.002061 0.495001 0.006041 1.618900
0.350434 0.059578 0.055277 0.031601 0.002067 0.494978 0.006065 1.624833
0.353812 0.056840 0.054956 0.031301 0.002057 0.494938 0.006096 1.630475
0.357607 0.053781 0.054568 0.030941 0.002051 0.494928 0.006124 1.635953
0.361707 0.050702 0.054184 0.030480 0.002042 0.494731 0.006153 1.641104
0.365956 0.047754 0.053568 0.029905 0.002036 0.494603 0.006178 1.645943
0.370462 0.044861 0.052827 0.029361 0.002016 0.494264 0.006208 1.650495
0.375116 0.042030 0.051914 0.028775 0.002011 0.493921 0.006232 1.654819
0.379925 0.039394 0.050963 0.028015 0.002004 0.493445 0.006255 1.658802
0.384848 0.036918 0.049777 0.027281 0.001996 0.492895 0.006285 1.662551
0.389710 0.034539 0.048646 0.026528 0.001995 0.492273 0.006309 1.666107
0.394776 0.032366 0.047447 0.025769 0.001983 0.491319 0.006341 1.669400
0.399881 0.030339 0.046150 0.024989 0.001981 0.490297 0.006363 1.672484
0.404998 0.028482 0.044782 0.024218 0.001961 0.489175 0.006386 1.675377
0.410090 0.026723 0.043444 0.023434 0.001947 0.487952 0.006411 1.678084
0.415295 0.025075 0.042115 0.022648 0.001926 0.486503 0.006438 1.680642
0.420560 0.023496 0.040746 0.021811 0.001903 0.485022 0.006461 1.683029
0.425818 0.022059 0.039374 0.021055 0.001889 0.483324 0.006482 1.685303
0.431041 0.020709 0.038036 0.020273 0.001870 0.481567 0.006505 1.687407
0.436242 0.019495 0.036767 0.019500 0.001866 0.479600 0.006530 1.689375
0.441437 0.018382 0.035424 0.018700 0.001834 0.477664 0.006559 1.691193
0.446710 0.017260 0.034156 0.017986 0.001819 0.475485 0.006584 1.692994
0.451929 0.016229 0.032905 0.017235 0.001801 0.473294 0.006607 1.694689
0.457142 0.015413 0.031608 0.016518 0.001777 0.470910 0.006632 1.696182
0.462290 0.014564 0.030380 0.015886 0.001755 0.468472 0.006654 1.697656
0.467533 0.013769 0.029181 0.015213 0.001736 0.465891 0.006678 1.699053
0.472821 0.013001 0.028032 0.014592 0.001710 0.463144 0.006702 1.700358
0.478105 0.012352 0.026835 0.013957 0.001677 0.460350 0.006725 1.701559
0.483324 0.011714 0.025718 0.013391 0.001633 0.457470 0.006750 1.702727
0.488423 0.011122 0.024698 0.012822 0.001607 0.454560 0.006769 1.703833
0.493628 0.010535 0.023728 0.012301 0.001576 0.451442 0.006790 1.704909
0.498804 0.010015 0.022829 0.011757 0.001564 0.448223 0.006809 1.705931
0.503881 0.009541 0.021827 0.011223 0.001532 0.445167 0.006829 1.706886
0.509019 0.009071 0.020939 0.010725 0.001499 0.441898 0.006850 1.707813
0.514097 0.008655 0.020058 0.010274 0.001470 0.438577 0.006870 1.708687
0.519232 0.008236 0.019165 0.009823 0.001439 0.435217 0.006888 1.709528
0.524186 0.007873 0.018289 0.009399 0.001415 0.431932 0.006906 1.710300
0.529143 0.007527 0.017563 0.008994 0.001394 0.428456 0.006924 1.711053
0.533980 0.007236 0.016785 0.008606 0.001363 0.425084 0.006944 1.711770
0.538837 0.006926 0.016075 0.008238 0.001323 0.421635 0.006967 1.712462
0.543709 0.006635 0.015366 0.007897 0.001293 0.418112 0.006987 1.713112
0.548592 0.006356 0.014710 0.007535 0.001264 0.414542 0.007001 1.713748
0.553412 0.006099 0.014087 0.007201 0.001236 0.410946 0.007018 1.714348
0.558096 0.005897 0.013496 0.006875 0.001207 0.407397 0.007032 1.714914
0.562826 0.005688 0.012889 0.006581 0.001177 0.403793 0.007047 1.715454
0.567607 0.005481 0.012372 0.006302 0.001158 0.400021 0.007059 1.715978
0.572299 0.005221 0.011877 0.006036 0.001135 0.396359 0.007073 1.716554
0.576841 0.005029 0.011397 0.005766 0.001105 0.392778 0.007084 1.717042
0.581446 0.004883 0.010889 0.005506 0.001082 0.389098 0.007096 1.717487
0.585959 0.004728 0.010418 0.005249 0.001047 0.385489 0.007111 1.717942
0.590546 0.004555 0.009995 0.005026 0.001009 0.381740 0.007129 1.718397
0.595066 0.004380 0.009581 0.004828 0.000975 0.378022 0.007148 1.718823
0.599529 0.004254 0.009195 0.004605 0.000951 0.374301 0.007165 1.719244
0.603923 0.004083 0.008854 0.004428 0.000937 0.370601 0.007175 1.719674
0.608323 0.003951 0.008531 0.004254 0.000917 0.366834 0.007190 1.720063
0.612660 0.003851 0.008240 0.004071 0.000894 0.363083 0.007201 1.720427
0.616902 0.003742 0.007889 0.003905 0.000865 0.359486 0.007211 1.720782
0.621100 0.003627 0.007569 0.003742 0.000837 0.355897 0.007227 1.721142
0.625262 0.003531 0.007261 0.003593 0.000809 0.352302 0.007243 1.721464
0.629432 0.003408 0.006970 0.003445 0.000787 0.348706 0.007252 1.721810
0.633497 0.003297 0.006739 0.003317 0.000765 0.345123 0.007262 1.722139
0.637533 0.003184 0.006490 0.003192 0.000751 0.341578 0.007273 1.722476
0.641576 0.003103 0.006254 0.003063 0.000718 0.337998 0.007289 1.722783
0.645494 0.003029 0.006008 0.002937 0.000693 0.334539 0.007301 1.723083
0.649500 0.002928 0.005753 0.002816 0.000669 0.331027 0.007307 1.723383
0.653458 0.002845 0.005539 0.002669 0.000661 0.327515 0.007314 1.723657
0.657360 0.002793 0.005348 0.002574 0.000641 0.323962 0.007322 1.723934
0.661183 0.002705 0.005155 0.002472 0.000623 0.320533 0.007328 1.724190
0.664919 0.002628 0.004936 0.002385 0.000606 0.317191 0.007337 1.724451
0.668605 0.002572 0.004739 0.002299 0.000581 0.313857 0.007348 1.724687
0.672317 0.002512 0.004569 0.002223 0.000560 0.310464 0.007355 1.724925
0.676020 0.002421 0.004437 0.002153 0.000538 0.307066 0.007364 1.725186
0.679666 0.002354 0.004296 0.002063 0.000520 0.303730 0.007371 1.725420
0.683371 0.002308 0.004141 0.001983 0.000507 0.300311 0.007380 1.725639
0.686984 0.002274 0.003967 0.001894 0.000494 0.297001 0.007385 1.725839
0.690552 0.002220 0.003823 0.001844 0.000472 0.293697 0.007394 1.726054
0.694009 0.002166 0.003710 0.001784 0.000460 0.290474 0.007398 1.726277
0.697473 0.002104 0.003591 0.001706 0.000443 0.287273 0.007410 1.726491
0.700837 0.002058 0.003492 0.001644 0.000426 0.284128 0.007416 1.726702
0.704145 0.002008 0.003406 0.001598 0.000413 0.281009 0.007421 1.726915
0.707485 0.001976 0.003307 0.001552 0.000402 0.277853 0.007426 1.727116
0.710808 0.001917 0.003201 0.001508 0.000390 0.274746 0.007431 1.727307
0.714111 0.001879 0.003100 0.001464 0.000380 0.271629 0.007436 1.727491
0.717453 0.001833 0.002994 0.001423 0.000368 0.268488 0.007441 1.727676
0.720628 0.001794 0.002915 0.001395 0.000359 0.265464 0.007447 1.727870
0.723934 0.001766 0.002825 0.001349 0.000345 0.262325 0.007456 1.728036
0.727083 0.001729 0.002768 0.001310 0.000335 0.259314 0.007462 1.728214
0.730094 0.001709 0.002705 0.001268 0.000325 0.256436 0.007464 1.728382
0.733166 0.001678 0.002619 0.001239 0.000321 0.253513 0.007467 1.728556
0.736229 0.001643 0.002545 0.001210 0.000310 0.250591 0.007473 1.728715
0.739214 0.001640 0.002465 0.001178 0.000297 0.247730 0.007478 1.728857
0.742162 0.001598 0.002401 0.001163 0.000290 0.244905 0.007482 1.729014
0.745017 0.001601 0.002331 0.001138 0.000282 0.242146 0.007486 1.729161
0.747869 0.001585 0.002277 0.001104 0.000273 0.239404 0.007489 1.729318
0.750712 0.001553 0.002212 0.001076 0.000261 0.236691 0.007495 1.729473
0.753518 0.001535 0.002171 0.001059 0.000256 0.233966 0.007497 1.729627
0.756303 0.001501 0.002115 0.001046 0.000249 0.231285 0.007501 1.729774
0.759029 0.001455 0.002065 0.001012 0.000243 0.228693 0.007504 1.729925
0.761761 0.001434 0.002009 0.000997 0.000235 0.226058 0.007507 1.730059
0.764390 0.001413 0.001963 0.000974 0.000231 0.223520 0.007509 1.730206
0.767008 0.001393 0.001916 0.000944 0.000224 0.221005 0.007512 1.730335
0.769629 0.001357 0.001883 0.000928 0.000219 0.218470 0.007515 1.730481
0.772288 0.001324 0.001830 0.000915 0.000216 0.215911 0.007517 1.730617
0.774884 0.001291 0.001803 0.000897 0.000209 0.213396 0.007521 1.730761
0.777411 0.001287 0.001749 0.000881 0.000197 0.210952 0.007525 1.730881
0.779946 0.001265 0.001711 0.000865 0.000192 0.208495 0.007527 1.731003
0.782469 0.001238 0.001654 0.000851 0.000186 0.206074 0.007529 1.731129
0.784975 0.001233 0.001600 0.000833 0.000179 0.203647 0.007532 1.731243
0.787348 0.001231 0.001561 0.000813 0.000175 0.201337 0.007534 1.731357
0.789831 0.001217 0.001527 0.000791 0.000172 0.198927 0.007536 1.731467
0.792223 0.001192 0.001486 0.000769 0.000167 0.196624 0.007539 1.731579
0.794566 0.001185 0.001460 0.000751 0.000162 0.194337 0.007540 1.731685
0.796851 0.001173 0.001442 0.000729 0.000156 0.192107 0.007543 1.731796
0.799145 0.001143 0.001417 0.000720 0.000150 0.189882 0.007544 1.731910
0.801454 0.001118 0.001386 0.000703 0.000147 0.187647 0.007547 1.732017
0.803681 0.001093 0.001352 0.000695 0.000144 0.185485 0.007550 1.732133
0.805955 0.001083 0.001323 0.000677 0.000140 0.183270 0.007553 1.732234
0.808142 0.001060 0.001312 0.000657 0.000136 0.181141 0.007553 1.732347
0.810252 0.001048 0.001307 0.000641 0.000131 0.179067 0.007555 1.732457
0.812396 0.001048 0.001266 0.000632 0.000128 0.176973 0.007557 1.732546
0.814470 0.001042 0.001259 0.000612 0.000127 0.174932 0.007557 1.732644
0.816538 0.001048 0.001231 0.000586 0.000121 0.172917 0.007561 1.732736
0.818558 0.001040 0.001211 0.000573 0.000118 0.170938 0.007563 1.732836
0.820567 0.001024 0.001190 0.000563 0.000118 0.168974 0.007564 1.732934
0.822567 0.001003 0.001182 0.000554 0.000115 0.167014 0.007565 1.733039
0.824560 0.000976 0.001162 0.000551 0.000112 0.165074 0.007566 1.733149
0.826472 0.000977 0.001139 0.000541 0.000110 0.163194 0.007567 1.733233
0.828435 0.000972 0.001127 0.000534 0.000108 0.161253 0.007569 1.733331
0.830385 0.000950 0.001116 0.000526 0.000106 0.159346 0.007571 1.733437
0.832256 0.000943 0.001095 0.000522 0.000104 0.157508 0.007573 1.733529
0.834087 0.000949 0.001071 0.000509 0.000104 0.155707 0.007574 1.733621
0.835874 0.000930 0.001057 0.000511 0.000102 0.153949 0.007576 1.733727
0.837743 0.000930 0.001045 0.000506 0.000097 0.152102 0.007578 1.733818
0.839570 0.000913 0.001044 0.000500 0.000094 0.150303 0.007578 1.733913
0.841356 0.000902 0.001035 0.000498 0.000092 0.148537 0.007581 1.734002
0.843107 0.000895 0.001021 0.000491 0.000088 0.146817 0.007582 1.734094
0.844814 0.000892 0.001014 0.000486 0.000083 0.145128 0.007584 1.734185
0.846502 0.000872 0.001005 0.000482 0.000083 0.143472 0.007584 1.734280
0.848152 0.000861 0.000989 0.000470 0.000081 0.141861 0.007586 1.734364
0.849830 0.000860 0.000984 0.000468 0.000079 0.140192 0.007587 1.734453
0.851491 0.000853 0.000968 0.000461 0.000077 0.138563 0.007588 1.734535
0.853125 0.000864 0.000937 0.000445 0.000075 0.136965 0.007590 1.734605
0.854798 0.000867 0.000929 0.000443 0.000072 0.135301 0.007591 1.734688
0.856378 0.000852 0.000917 0.000429 0.000072 0.133762 0.007592 1.734780
0.857932 0.000850 0.000910 0.000426 0.000071 0.132218 0.007593 1.734861
0.859522 0.000845 0.000903 0.000426 0.000070 0.130641 0.007595 1.734948
0.861045 0.000832 0.000895 0.000418 0.000072 0.129144 0.007595 1.735030
0.862602 0.000829 0.000888 0.000400 0.000068 0.127616 0.007597 1.735109
0.864151 0.000819 0.000867 0.000408 0.000065 0.126092 0.007597 1.735186
0.865662 0.000826 0.000854 0.000406 0.000061 0.124592 0.007599 1.735259
0.867108 0.000832 0.000857 0.000395 0.000059 0.123149 0.007601 1.735339
0.868558 0.000832 0.000847 0.000393 0.000058 0.121713 0.007601 1.735419
0.869991 0.000824 0.000856 0.000392 0.000056 0.120280 0.007602 1.735510
0.871375 0.000822 0.000852 0.000389 0.000054 0.118905 0.007603 1.735597
0.872742 0.000825 0.000836 0.000385 0.000054 0.117556 0.007603 1.735668
0.874115 0.000815 0.000833 0.000383 0.000054 0.116196 0.007604 1.735745
0.875431 0.000810 0.000822 0.000381 0.000053 0.114898 0.007605 1.735824
0.876754 0.000804 0.000831 0.000373 0.000052 0.113582 0.007605 1.735909
0.878087 0.000809 0.000816 0.000369 0.000050 0.112264 0.007606 1.735978
0.879373 0.000823 0.000806 0.000363 0.000051 0.110979 0.007607 1.736045
0.880603 0.000825 0.000805 0.000358 0.000048 0.109753 0.007608 1.736124
0.881887 0.000834 0.000801 0.000359 0.000047 0.108467 0.007608 1.736199
0.883167 0.000825 0.000798 0.000365 0.000044 0.107193 0.007609 1.736285
0.884377 0.000811 0.000782 0.000376 0.000043 0.106002 0.007610 1.736369
0.885551 0.000805 0.000778 0.000372 0.000044 0.104841 0.007610 1.736452
0.886672 0.000790 0.000787 0.000375 0.000042 0.103724 0.007611 1.736538
0.887786 0.000788 0.000790 0.000368 0.000040 0.102618 0.007612 1.736620
0.888886 0.000777 0.000783 0.000367 0.000038 0.101538 0.007613 1.736701
0.890006 0.000785 0.000773 0.000363 0.000037 0.100423 0.007614 1.736768
0.891124 0.000779 0.000766 0.000366 0.000036 0.099315 0.007614 1.736848
0.892204 0.000788 0.000752 0.000364 0.000035 0.098242 0.007614 1.736928
0.893282 0.000792 0.000755 0.000363 0.000035 0.097159 0.007615 1.737001
0.894348 0.000805 0.000738 0.000359 0.000036 0.096100 0.007615 1.737075
0.895357 0.000815 0.000746 0.000351 0.000038 0.095080 0.007615 1.737150
0.896361 0.000803 0.000748 0.000349 0.000037 0.094087 0.007615 1.737240
0.897375 0.000798 0.000753 0.000348 0.000037 0.093075 0.007615 1.737316
0.898349 0.000800 0.000759 0.000349 0.000037 0.092091 0.007616 1.737397
0.899311 0.000792 0.000754 0.000350 0.000036 0.091140 0.007617 1.737473
0.900249 0.000796 0.000743 0.000359 0.000038 0.090200 0.007617 1.737550
0.901205 0.000771 0.000753 0.000369 0.000038 0.089248 0.007617 1.737640
0.902199 0.000771 0.000745 0.000363 0.000037 0.088269 0.007617 1.737707
0.903116 0.000753 0.000741 0.000363 0.000037 0.087374 0.007617 1.737790
0.904019 0.000755 0.000723 0.000360 0.000036 0.086492 0.007617 1.737866
0.904917 0.000730 0.000727 0.000370 0.000035 0.085606 0.007617 1.737952
0.905777 0.000736 0.000735 0.000362 0.000035 0.084739 0.007617 1.738024
0.906659 0.000747 0.000727 0.000357 0.000035 0.083858 0.007618 1.738086
0.907499 0.000754 0.000715 0.000354 0.000036 0.083025 0.007618 1.738158
0.908339 0.000751 0.000725 0.000350 0.000033 0.082183 0.007621 1.738241
0.909179 0.000760 0.000718 0.000344 0.000033 0.081347 0.007621 1.738312
0.909991 0.000761 0.000708 0.000348 0.000033 0.080539 0.007621 1.738380
0.910838 0.000758 0.000705 0.000351 0.000031 0.079695 0.007622 1.738457
0.911602 0.000758 0.000703 0.000346 0.000033 0.078938 0.007622 1.738522
0.912353 0.000751 0.000699 0.000347 0.000033 0.078195 0.007622 1.738595
0.913082 0.000772 0.000708 0.000330 0.000033 0.077453 0.007623 1.738652
0.913850 0.000764 0.000698 0.000335 0.000032 0.076700 0.007623 1.738727
0.914577 0.000766 0.000700 0.000327 0.000033 0.075975 0.007623 1.738796
0.915276 0.000768 0.000695 0.000331 0.000031 0.075277 0.007623 1.738872
0.915964 0.000781 0.000687 0.000330 0.000031 0.074584 0.007623 1.738941
0.916667 0.000773 0.000689 0.000328 0.000029 0.073890 0.007624 1.739013
0.917310 0.000779 0.000680 0.000329 0.000029 0.073250 0.007625 1.739086
0.917991 0.000773 0.000683 0.000325 0.000028 0.072575 0.007626 1.739160
0.918625 0.000771 0.000682 0.000324 0.000027 0.071946 0.007626 1.739236
0.919270 0.000753 0.000691 0.000324 0.000027 0.071307 0.007628 1.739324
0.919903 0.000749 0.000681 0.000320 0.000027 0.070693 0.007629 1.739398
0.920534 0.000743 0.000681 0.000322 0.000026 0.070066 0.007630 1.739469
0.921117 0.000736 0.000686 0.000325 0.000026 0.069479 0.007631 1.739541
0.921710 0.000748 0.000676 0.000325 0.000025 0.068885 0.007631 1.739609
0.922316 0.000745 0.000688 0.000321 0.000024 0.068274 0.007633 1.739685
0.922887 0.000760 0.000675 0.000323 0.000022 0.067699 0.007634 1.739755
0.923455 0.000766 0.000679 0.000320 0.000024 0.067123 0.007634 1.739829
0.924012 0.000768 0.000686 0.000318 0.000026 0.066558 0.007634 1.739906
0.924545 0.000763 0.000694 0.000319 0.000026 0.066020 0.007634 1.739986
0.925065 0.000758 0.000707 0.000314 0.000028 0.065495 0.007634 1.740067
0.925592 0.000745 0.000707 0.000327 0.000027 0.064969 0.007634 1.740149
0.926115 0.000751 0.000700 0.000325 0.000025 0.064449 0.007635 1.740220
0.926589 0.000753 0.000711 0.000320 0.000024 0.063969 0.007636 1.740300
0.927098 0.000748 0.000714 0.000323 0.000026 0.063456 0.007636 1.740375
0.927579 0.000751 0.000720 0.000334 0.000027 0.062953 0.007636 1.740453
0.928083 0.000750 0.000726 0.000331 0.000026 0.062446 0.007637 1.740531
0.928549 0.000743 0.000720 0.000332 0.000027 0.061993 0.007637 1.740601
0.929018 0.000744 0.000726 0.000322 0.000027 0.061525 0.007637 1.740679
0.929473 0.000773 0.000723 0.000313 0.000027 0.061053 0.007638 1.740738
0.929922 0.000775 0.000727 0.000312 0.000026 0.060601 0.007639 1.740810
0.930352 0.000777 0.000736 0.000320 0.000025 0.060151 0.007639 1.740890
0.930788 0.000784 0.000731 0.000328 0.000025 0.059704 0.007639 1.740964
0.931224 0.000768 0.000737 0.000322 0.000026 0.059284 0.007639 1.741048
0.931656 0.000765 0.000749 0.000317 0.000026 0.058847 0.007640 1.741133
0.932059 0.000778 0.000744 0.000317 0.000027 0.058436 0.007640 1.741207
0.932472 0.000781 0.000736 0.000319 0.000026 0.058025 0.007641 1.741281
0.932841 0.000789 0.000732 0.000316 0.000025 0.057657 0.007641 1.741355
0.933227 0.000804 0.000722 0.000321 0.000025 0.057260 0.007641 1.741421
0.933608 0.000794 0.000732 0.000324 0.000027 0.056874 0.007642 1.741500
0.933968 0.000799 0.000732 0.000316 0.000025 0.056517 0.007643 1.741573
0.934360 0.000798 0.000731 0.000318 0.000025 0.056125 0.007643 1.741649
0.934707 0.000798 0.000725 0.000326 0.000027 0.055775 0.007643 1.741726
0.935056 0.000804 0.000728 0.000324 0.000024 0.055420 0.007644 1.741804
0.935383 0.000811 0.000727 0.000332 0.000026 0.055077 0.007644 1.741885
0.935731 0.000815 0.000723 0.000337 0.000026 0.054724 0.007644 1.741962
0.936057 0.000813 0.000733 0.000343 0.000024 0.054386 0.007645 1.742043
0.936363 0.000838 0.000738 0.000340 0.000024 0.054052 0.007646 1.742111
0.936680 0.000829 0.000742 0.000350 0.000024 0.053728 0.007646 1.742200
0.936985 0.000831 0.000742 0.000345 0.000025 0.053427 0.007646 1.742278
0.937324 0.000824 0.000751 0.000348 0.000027 0.053080 0.007646 1.742365
0.937600 0.000810 0.000771 0.000347 0.000027 0.052799 0.007647 1.742456
0.937875 0.000802 0.000770 0.000353 0.000026 0.052527 0.007647 1.742542
0.938163 0.000796 0.000758 0.000355 0.000027 0.052254 0.007648 1.742627
0.938443 0.000784 0.000755 0.000357 0.000026 0.051988 0.007648 1.742716
0.938706 0.000799 0.000755 0.000341 0.000026 0.051725 0.007649 1.742790
0.938983 0.000808 0.000752 0.000342 0.000026 0.051440 0.007649 1.742861
0.939254 0.000825 0.000753 0.000335 0.000027 0.051157 0.007650 1.742932
0.939524 0.000837 0.000764 0.000342 0.000027 0.050856 0.007651 1.743017
0.939769 0.000852 0.000759 0.000339 0.000025 0.050606 0.007651 1.743092
0.940031 0.000854 0.000760 0.000337 0.000024 0.050344 0.007651 1.743170
0.940254 0.000876 0.000744 0.000344 0.000024 0.050107 0.007651 1.743247
0.940513 0.000862 0.000753 0.000349 0.000024 0.049847 0.007651 1.743336
0.940754 0.000876 0.000747 0.000334 0.000023 0.049613 0.007653 1.743408
0.940984 0.000890 0.000755 0.000337 0.000022 0.049360 0.007653 1.743494
0.941252 0.000876 0.000768 0.000343 0.000022 0.049086 0.007653 1.743584
0.941474 0.000893 0.000766 0.000345 0.000023 0.048846 0.007653 1.743664
0.941692 0.000906 0.000760 0.000347 0.000025 0.048618 0.007653 1.743747
0.941901 0.000905 0.000763 0.000348 0.000026 0.048405 0.007653 1.743836
0.942106 0.000912 0.000750 0.000351 0.000026 0.048203 0.007653 1.743915
0.942327 0.000918 0.000758 0.000362 0.000024 0.047958 0.007653 1.744003
0.942544 0.000918 0.000768 0.000360 0.000026 0.047731 0.007654 1.744090
0.942741 0.000927 0.000762 0.000363 0.000026 0.047526 0.007655 1.744174
0.942932 0.000932 0.000763 0.000368 0.000026 0.047325 0.007655 1.744257
0.943118 0.000935 0.000775 0.000359 0.000026 0.047132 0.007655 1.744344
0.943314 0.000927 0.000785 0.000364 0.000026 0.046930 0.007655 1.744442
0.943512 0.000926 0.000790 0.000370 0.000027 0.046722 0.007655 1.744536
0.943683 0.000928 0.000799 0.000376 0.000027 0.046531 0.007655 1.744625
0.943860 0.000919 0.000805 0.000382 0.000029 0.046351 0.007656 1.744725
0.944047 0.000907 0.000816 0.000383 0.000027 0.046164 0.007656 1.744816
0.944226 0.000896 0.000815 0.000383 0.000027 0.045998 0.007656 1.744903
0.944391 0.000899 0.000814 0.000389 0.000028 0.045823 0.007657 1.744986
0.944562 0.000878 0.000808 0.000400 0.000027 0.045669 0.007657 1.745089
0.944697 0.000891 0.000800 0.000402 0.000027 0.045526 0.007657 1.745174
0.944838 0.000912 0.000796 0.000396 0.000028 0.045374 0.007657 1.745247
0.944987 0.000905 0.000793 0.000405 0.000026 0.045227 0.007658 1.745340
0.945125 0.000901 0.000783 0.000410 0.000025 0.045098 0.007658 1.745427
0.945285 0.000886 0.000773 0.000406 0.000027 0.044966 0.007658 1.745514
0.945426 0.000902 0.000773 0.000402 0.000026 0.044812 0.007659 1.745597
0.945602 0.000895 0.000763 0.000397 0.000027 0.044657 0.007659 1.745681
0.945734 0.000896 0.000764 0.000392 0.000028 0.044529 0.007659 1.745767
0.945878 0.000892 0.000762 0.000394 0.000029 0.044385 0.007660 1.745849
0.946015 0.000906 0.000755 0.000392 0.000029 0.044244 0.007660 1.745924
0.946137 0.000902 0.000774 0.000396 0.000028 0.044104 0.007660 1.746018
0.946266 0.000906 0.000765 0.000390 0.000029 0.043983 0.007661 1.746099
0.946420 0.000915 0.000775 0.000387 0.000030 0.043813 0.007661 1.746179
0.946566 0.000924 0.000783 0.000386 0.000030 0.043650 0.007661 1.746264
0.946706 0.000933 0.000778 0.000384 0.000029 0.043509 0.007662 1.746347
0.946823 0.000933 0.000786 0.000388 0.000028 0.043381 0.007662 1.746441
0.946953 0.000942 0.000779 0.000384 0.000028 0.043253 0.007662 1.746533
0.947057 0.000944 0.000796 0.000387 0.000027 0.043127 0.007662 1.746629
0.947204 0.000942 0.000789 0.000388 0.000028 0.042987 0.007662 1.746713
0.947323 0.000918 0.000801 0.000399 0.000027 0.042867 0.007663 1.746819
0.947440 0.000926 0.000805 0.000407 0.000027 0.042731 0.007663 1.746908
0.947530 0.000945 0.000809 0.000412 0.000026 0.042615 0.007664 1.746995
0.947653 0.000947 0.000806 0.000415 0.000027 0.042488 0.007664 1.747083
0.947782 0.000932 0.000804 0.000417 0.000027 0.042372 0.007665 1.747180
0.947897 0.000953 0.000801 0.000414 0.000027 0.042243 0.007665 1.747259
0.947992 0.000985 0.000817 0.000406 0.000027 0.042108 0.007665 1.747342
0.948096 0.000980 0.000832 0.000420 0.000027 0.041981 0.007665 1.747448
0.948172 0.000977 0.000836 0.000422 0.000028 0.041900 0.007665 1.747552
0.948257 0.000989 0.000839 0.000424 0.000029 0.041799 0.007665 1.747646
0.948339 0.000996 0.000845 0.000429 0.000028 0.041698 0.007666 1.747749
0.948425 0.000998 0.000854 0.000433 0.000028 0.041596 0.007666 1.747853
0.948496 0.001017 0.000856 0.000427 0.000029 0.041508 0.007666 1.747939
0.948595 0.001009 0.000876 0.000433 0.000030 0.041391 0.007666 1.748048
0.948681 0.001013 0.000890 0.000436 0.000031 0.041284 0.007666 1.748149
0.948764 0.001010 0.000887 0.000443 0.000032 0.041199 0.007667 1.748250
0.948840 0.000998 0.000902 0.000460 0.000033 0.041101 0.007667 1.748363
0.948918 0.000999 0.000903 0.000463 0.000032 0.041018 0.007667 1.748466
0.948999 0.001004 0.000892 0.000466 0.000033 0.040939 0.007668 1.748561
0.949075 0.001005 0.000898 0.000465 0.000035 0.040855 0.007668 1.748656
0.949153 0.001016 0.000899 0.000466 0.000035 0.040765 0.007668 1.748753
0.949230 0.001011 0.000906 0.000469 0.000035 0.040682 0.007668 1.748858
0.949295 0.001011 0.000906 0.000472 0.000036 0.040612 0.007668 1.748965
0.949372 0.000996 0.000924 0.000470 0.000036 0.040535 0.007668 1.749084
0.949449 0.001004 0.000922 0.000466 0.000036 0.040457 0.007668 1.749173
0.949504 0.001028 0.000913 0.000464 0.000036 0.040388 0.007668 1.749266
0.949564 0.001050 0.000912 0.000466 0.000037 0.040303 0.007669 1.749362
0.949653 0.001034 0.000920 0.000474 0.000037 0.040212 0.007670 1.749468
0.949727 0.001022 0.000925 0.000481 0.000036 0.040139 0.007670 1.749580
0.949786 0.001022 0.000923 0.000475 0.000034 0.040089 0.007671 1.749678
0.949835 0.001042 0.000915 0.000470 0.000034 0.040035 0.007671 1.749767
0.949911 0.001025 0.000915 0.000475 0.000034 0.039970 0.007672 1.749880
0.949964 0.001030 0.000920 0.000475 0.000035 0.039905 0.007672 1.749979
0.950018 0.001044 0.000916 0.000465 0.000036 0.039851 0.007672 1.750072
0.950078 0.001033 0.000931 0.000469 0.000036 0.039781 0.007672 1.750181
0.950119 0.001048 0.000927 0.000473 0.000035 0.039727 0.007672 1.750281
0.950165 0.001053 0.000940 0.000473 0.000036 0.039661 0.007672 1.750388
0.950211 0.001051 0.000944 0.000475 0.000035 0.039612 0.007672 1.750486
0.950274 0.001034 0.000964 0.000471 0.000035 0.039549 0.007673 1.750603
0.950315 0.001050 0.000956 0.000474 0.000035 0.039497 0.007674 1.750698
0.950351 0.001052 0.000952 0.000474 0.000032 0.039464 0.007674 1.750810
0.950397 0.001065 0.000936 0.000473 0.000032 0.039424 0.007674 1.750904
0.950447 0.001073 0.000923 0.000474 0.000032 0.039378 0.007674 1.751001
0.950479 0.001073 0.000924 0.000473 0.000033 0.039344 0.007674 1.751107
0.950521 0.001080 0.000927 0.000468 0.000032 0.039299 0.007674 1.751206
0.950535 0.001093 0.000929 0.000463 0.000033 0.039273 0.007674 1.751308
0.950577 0.001103 0.000926 0.000474 0.000032 0.039213 0.007675 1.751413
0.950602 0.001113 0.000927 0.000477 0.000032 0.039174 0.007675 1.751518
0.950647 0.001109 0.000931 0.000477 0.000032 0.039128 0.007675 1.751624
0.950690 0.001109 0.000925 0.000483 0.000032 0.039086 0.007676 1.751730
0.950730 0.001107 0.000928 0.000484 0.000033 0.039043 0.007676 1.751836
0.950771 0.001099 0.000942 0.000484 0.000033 0.038997 0.007676 1.751946
0.950804 0.001097 0.000949 0.000488 0.000032 0.038954 0.007677 1.752059
0.950831 0.001080 0.000956 0.000487 0.000034 0.038935 0.007678 1.752173
0.950861 0.001097 0.000954 0.000484 0.000032 0.038894 0.007680 1.752269
0.950887 0.001106 0.000957 0.000480 0.000032 0.038858 0.007680 1.752373
0.950913 0.001123 0.000959 0.000486 0.000031 0.038808 0.007680 1.752474
0.950942 0.001111 0.000987 0.000487 0.000032 0.038761 0.007680 1.752601
0.950976 0.001121 0.000979 0.000497 0.000033 0.038712 0.007680 1.752701
0.951001 0.001124 0.000986 0.000496 0.000032 0.038681 0.007681 1.752814
0.951027 0.001144 0.000979 0.000498 0.000033 0.038639 0.007681 1.752918
0.951044 0.001138 0.000979 0.000504 0.000034 0.038620 0.007681 1.753040
0.951068 0.001128 0.000989 0.000509 0.000034 0.038590 0.007681 1.753164
0.951106 0.001137 0.000985 0.000508 0.000034 0.038549 0.007681 1.753268
0.951100 0.001177 0.000982 0.000509 0.000035 0.038516 0.007681 1.753379
0.951119 0.001182 0.000997 0.000504 0.000034 0.038483 0.007681 1.753493
0.951119 0.001186 0.001002 0.000499 0.000034 0.038478 0.007681 1.753613
0.951136 0.001177 0.001006 0.000498 0.000035 0.038466 0.007682 1.753734
0.951144 0.001193 0.001006 0.000490 0.000037 0.038447 0.007683 1.753846
0.951152 0.001201 0.001009 0.000495 0.000035 0.038422 0.007684 1.753960
0.951153 0.001204 0.001022 0.000510 0.000036 0.038389 0.007685 1.754086
0.951147 0.001219 0.001034 0.000516 0.000035 0.038363 0.007686 1.754207
0.951154 0.001222 0.001039 0.000519 0.000035 0.038346 0.007686 1.754334
0.951149 0.001231 0.001044 0.000525 0.000035 0.038331 0.007686 1.754457
0.951140 0.001247 0.001045 0.000520 0.000038 0.038323 0.007686 1.754564
0.951161 0.001252 0.001052 0.000532 0.000035 0.038282 0.007687 1.754693
0.951152 0.001252 0.001072 0.000533 0.000033 0.038270 0.007688 1.754824
0.951145 0.001262 0.001069 0.000533 0.000035 0.038269 0.007688 1.754946
0.951129 0.001275 0.001067 0.000537 0.000036 0.038267 0.007688 1.755070
0.951140 0.001265 0.001080 0.000544 0.000036 0.038246 0.007688 1.755205
0.951166 0.001248 0.001090 0.000546 0.000040 0.038223 0.007688 1.755334
0.951169 0.001244 0.001082 0.000549 0.000040 0.038226 0.007689 1.755445
0.951174 0.001252 0.001084 0.000547 0.000040 0.038213 0.007690 1.755557
0.951191 0.001258 0.001083 0.000544 0.000040 0.038194 0.007691 1.755676
0.951174 0.001274 0.001104 0.000542 0.000039 0.038176 0.007691 1.755802
0.951175 0.001272 0.001116 0.000543 0.000039 0.038163 0.007691 1.755930
0.951200 0.001265 0.001111 0.000547 0.000039 0.038146 0.007691 1.756047
0.951207 0.001265 0.001103 0.000549 0.000041 0.038144 0.007691 1.756163
0.951196 0.001276 0.001104 0.000539 0.000043 0.038151 0.007691 1.756279
0.951194 0.001264 0.001103 0.000541 0.000043 0.038165 0.007691 1.756401
0.951209 0.001245 0.001102 0.000543 0.000044 0.038164 0.007692 1.756532
0.951212 0.001249 0.001102 0.000541 0.000044 0.038159 0.007693 1.756646
0.951239 0.001252 0.001094 0.000547 0.000044 0.038132 0.007694 1.756755
0.951247 0.001248 0.001103 0.000542 0.000043 0.038123 0.007694 1.756874
0.951249 0.001252 0.001115 0.000546 0.000042 0.038102 0.007695 1.756990
0.951282 0.001221 0.001112 0.000561 0.000040 0.038087 0.007696 1.757124
0.951279 0.001217 0.001118 0.000561 0.000040 0.038089 0.007696 1.757248
0.951283 0.001224 0.001104 0.000565 0.000042 0.038086 0.007696 1.757361
0.951278 0.001218 0.001107 0.000569 0.000042 0.038089 0.007696 1.757486
0.951273 0.001213 0.001113 0.000571 0.000041 0.038092 0.007697 1.757614
0.951278 0.001220 0.001110 0.000574 0.000039 0.038080 0.007697 1.757732
0.951291 0.001220 0.001100 0.000566 0.000039 0.038085 0.007698 1.757846
0.951291 0.001236 0.001100 0.000565 0.000040 0.038070 0.007698 1.757963
0.951298 0.001231 0.001106 0.000568 0.000039 0.038058 0.007699 1.758085
0.951302 0.001224 0.001120 0.000567 0.000041 0.038047 0.007699 1.758212
0.951304 0.001229 0.001108 0.000565 0.000040 0.038054 0.007699 1.758332
0.951294 0.001222 0.001130 0.000561 0.000039 0.038055 0.007700 1.758463
0.951296 0.001235 0.001114 0.000553 0.000037 0.038065 0.007701 1.758569
0.951294 0.001249 0.001112 0.000556 0.000038 0.038049 0.007701 1.758685
0.951306 0.001226 0.001126 0.000554 0.000039 0.038048 0.007701 1.758812
0.951293 0.001222 0.001147 0.000561 0.000040 0.038036 0.007702 1.758943
0.951299 0.001236 0.001143 0.000551 0.000038 0.038031 0.007702 1.759052
0.951307 0.001224 0.001146 0.000557 0.000040 0.038024 0.007702 1.759173
0.951315 0.001223 0.001136 0.000560 0.000041 0.038023 0.007702 1.759282
0.951329 0.001210 0.001131 0.000565 0.000041 0.038022 0.007702 1.759403
0.951325 0.001217 0.001140 0.000560 0.000042 0.038013 0.007702 1.759526
0.951326 0.001213 0.001132 0.000556 0.000043 0.038027 0.007703 1.759647
0.951320 0.001216 0.001127 0.000549 0.000043 0.038042 0.007704 1.759764
0.951313 0.001226 0.001122 0.000551 0.000042 0.038042 0.007704 1.759883
0.951320 0.001212 0.001121 0.000557 0.000043 0.038042 0.007705 1.760011
0.951326 0.001209 0.001113 0.000564 0.000045 0.038039 0.007705 1.760128
0.951336 0.001197 0.001119 0.000566 0.000043 0.038034 0.007706 1.760245
0.951334 0.001185 0.001125 0.000561 0.000042 0.038046 0.007707 1.760368
0.951333 0.001178 0.001111 0.000561 0.000045 0.038064 0.007708 1.760484
0.951329 0.001176 0.001099 0.000571 0.000046 0.038071 0.007708 1.760600
0.951334 0.001156 0.001107 0.000574 0.000045 0.038076 0.007708 1.760723
0.951336 0.001161 0.001092 0.000569 0.000044 0.038088 0.007710 1.760832
0.951339 0.001147 0.001098 0.000558 0.000044 0.038103 0.007710 1.760960
0.951353 0.001159 0.001088 0.000550 0.000043 0.038096 0.007711 1.761055
0.951368 0.001156 0.001079 0.000544 0.000042 0.038099 0.007711 1.761161
0.951364 0.001149 0.001080 0.000551 0.000042 0.038103 0.007712 1.761289
0.951383 0.001145 0.001082 0.000545 0.000044 0.038090 0.007712 1.761399
0.951403 0.001136 0.001082 0.000537 0.000045 0.038084 0.007712 1.761516
0.951417 0.001127 0.001093 0.000537 0.000042 0.038071 0.007714 1.761631
0.951424 0.001123 0.001078 0.000535 0.000042 0.038084 0.007714 1.761742
0.951436 0.001119 0.001083 0.000538 0.000042 0.038067 0.007714 1.761855
0.951449 0.001127 0.001072 0.000536 0.000044 0.038058 0.007715 1.761953
0.951474 0.001136 0.001063 0.000530 0.000045 0.038038 0.007715 1.762059
0.951491 0.001118 0.001055 0.000525 0.000044 0.038052 0.007715 1.762174
0.951532 0.001119 0.001047 0.000518 0.000046 0.038024 0.007715 1.762269
0.951556 0.001115 0.001054 0.000523 0.000048 0.037989 0.007715 1.762374
0.951574 0.001116 0.001055 0.000514 0.000046 0.037977 0.007717 1.762475
0.951604 0.001119 0.001054 0.000506 0.000046 0.037955 0.007717 1.762580
0.951622 0.001098 0.001058 0.000509 0.000046 0.037950 0.007717 1.762701
0.951631 0.001093 0.001056 0.000504 0.000046 0.037954 0.007717 1.762812
0.951658 0.001083 0.001048 0.000504 0.000047 0.037943 0.007717 1.762920
0.951674 0.001085 0.001035 0.000506 0.000047 0.037936 0.007718 1.763027
0.951684 0.001082 0.001032 0.000512 0.000045 0.037927 0.007718 1.763133
0.951690 0.001068 0.001055 0.000517 0.000045 0.037906 0.007719 1.763250
0.951735 0.001061 0.001070 0.000497 0.000045 0.037873 0.007719 1.763353
0.951760 0.001073 0.001055 0.000497 0.000044 0.037851 0.007719 1.763450
0.951772 0.001064 0.001065 0.000492 0.000046 0.037842 0.007719 1.763568
0.951769 0.001068 0.001067 0.000503 0.000043 0.037829 0.007721 1.763682
0.951783 0.001080 0.001053 0.000499 0.000044 0.037820 0.007721 1.763782
0.951790 0.001092 0.001038 0.000497 0.000044 0.037818 0.007721 1.763883
0.951809 0.001084 0.001050 0.000497 0.000044 0.037794 0.007723 1.764004
0.951821 0.001075 0.001049 0.000507 0.000044 0.037782 0.007723 1.764121
0.951838 0.001069 0.001056 0.000497 0.000044 0.037772 0.007724 1.764230
0.951859 0.001065 0.001042 0.000496 0.000044 0.037770 0.007725 1.764333
0.951881 0.001058 0.001036 0.000493 0.000044 0.037764 0.007725 1.764440
0.951889 0.001047 0.001043 0.000485 0.000043 0.037768 0.007726 1.764557
0.951874 0.001089 0.001021 0.000489 0.000042 0.037758 0.007727 1.764649
0.951880 0.001097 0.001013 0.000495 0.000040 0.037748 0.007727 1.764746
0.951879 0.001100 0.001020 0.000491 0.000039 0.037744 0.007728 1.764853
0.951908 0.001092 0.001013 0.000494 0.000038 0.037728 0.007728 1.764961
0.951922 0.001089 0.001012 0.000494 0.000038 0.037716 0.007728 1.765073
0.951928 0.001108 0.001015 0.000487 0.000036 0.037697 0.007730 1.765168
0.951951 0.001113 0.001020 0.000485 0.000037 0.037665 0.007730 1.765277
0.951951 0.001117 0.001016 0.000486 0.000038 0.037663 0.007730 1.765394
0.951958 0.001117 0.001016 0.000486 0.000039 0.037653 0.007730 1.765503
0.951957 0.001129 0.001015 0.000493 0.000039 0.037636 0.007731 1.765607
0.951956 0.001138 0.001017 0.000490 0.000040 0.037628 0.007731 1.765718
0.951952 0.001147 0.001019 0.000485 0.000041 0.037624 0.007731 1.765822
0.951951 0.001134 0.001016 0.000496 0.000041 0.037630 0.007732 1.765945
0.951967 0.001131 0.001021 0.000487 0.000040 0.037621 0.007732 1.766051
0.951957 0.001118 0.001037 0.000497 0.000039 0.037621 0.007733 1.766174
0.951971 0.001096 0.001041 0.000499 0.000038 0.037622 0.007733 1.766296
0.951976 0.001120 0.001026 0.000496 0.000039 0.037610 0.007734 1.766390
0.951985 0.001126 0.001022 0.000506 0.000039 0.037587 0.007734 1.766494
0.951991 0.001136 0.001014 0.000501 0.000039 0.037584 0.007735 1.766596
0.951974 0.001148 0.001005 0.000499 0.000040 0.037598 0.007736 1.766702
0.951961 0.001161 0.001013 0.000494 0.000039 0.037596 0.007736 1.766816
0.951964 0.001156 0.001007 0.000500 0.000038 0.037598 0.007737 1.766930
0.951967 0.001178 0.001007 0.000498 0.000037 0.037575 0.007739 1.767021
0.951968 0.001191 0.001006 0.000491 0.000038 0.037567 0.007739 1.767120
0.951976 0.001172 0.001008 0.000501 0.000037 0.037564 0.007741 1.767241
0.951984 0.001165 0.001017 0.000497 0.000037 0.037558 0.007742 1.767357
0.951975 0.001165 0.001023 0.000498 0.000037 0.037561 0.007743 1.767473
0.951987 0.001159 0.001021 0.000500 0.000037 0.037551 0.007744 1.767586
0.952004 0.001158 0.001024 0.000491 0.000036 0.037542 0.007744 1.767697
0.952017 0.001145 0.001027 0.000488 0.000036 0.037542 0.007745 1.767814
0.952010 0.001149 0.001020 0.000489 0.000034 0.037551 0.007746 1.767926
0.952013 0.001150 0.001017 0.000490 0.000033 0.037551 0.007746 1.768031
0.952006 0.001147 0.001022 0.000501 0.000033 0.037544 0.007747 1.768153
0.952031 0.001153 0.001008 0.000497 0.000033 0.037532 0.007747 1.768259
0.952048 0.001144 0.001013 0.000502 0.000034 0.037512 0.007747 1.768372
0.952072 0.001135 0.001018 0.000506 0.000036 0.037488 0.007747 1.768483
0.952097 0.001123 0.001007 0.000508 0.000037 0.037482 0.007747 1.768590
0.952096 0.001116 0.000999 0.000511 0.000036 0.037496 0.007747 1.768700
0.952113 0.001106 0.001001 0.000510 0.000038 0.037486 0.007747 1.768808
0.952102 0.001098 0.001005 0.000509 0.000037 0.037502 0.007747 1.768919
0.952106 0.001094 0.001015 0.000504 0.000036 0.037498 0.007748 1.769029
0.952106 0.001079 0.001010 0.000509 0.000039 0.037509 0.007748 1.769148
0.952117 0.001084 0.001013 0.000516 0.000037 0.037484 0.007749 1.769261
0.952147 0.001074 0.001019 0.000519 0.000036 0.037458 0.007749 1.769372
0.952165 0.001064 0.001015 0.000519 0.000034 0.037456 0.007750 1.769478
0.952178 0.001079 0.001001 0.000519 0.000033 0.037440 0.007750 1.769564
0.952192 0.001069 0.000999 0.000526 0.000033 0.037432 0.007750 1.769675
0.952203 0.001078 0.000994 0.000522 0.000033 0.037420 0.007751 1.769774
0.952198 0.001074 0.000999 0.000517 0.000031 0.037432 0.007751 1.769885
0.952213 0.001056 0.001009 0.000521 0.000030 0.037420 0.007752 1.770001
0.952231 0.001048 0.001005 0.000516 0.000030 0.037417 0.007753 1.770101
0.952242 0.001041 0.001009 0.000512 0.000031 0.037411 0.007753 1.770204
0.952237 0.001033 0.001019 0.000515 0.000034 0.037409 0.007753 1.770323
0.952244 0.001038 0.001014 0.000507 0.000033 0.037411 0.007753 1.770426
0.952252 0.001047 0.001012 0.000495 0.000034 0.037409 0.007754 1.770515
0.952246 0.001061 0.001008 0.000493 0.000031 0.037407 0.007754 1.770619
0.952257 0.001064 0.001004 0.000493 0.000034 0.037394 0.007754 1.770723
0.952260 0.001066 0.001004 0.000492 0.000034 0.037390 0.007754 1.770834
0.952263 0.001060 0.001009 0.000499 0.000034 0.037382 0.007754 1.770946
0.952253 0.001060 0.001012 0.000492 0.000034 0.037394 0.007755 1.771053
0.952275 0.001046 0.001022 0.000498 0.000034 0.037369 0.007756 1.771174
0.952282 0.001050 0.001012 0.000500 0.000032 0.037366 0.007757 1.771274
0.952287 0.001042 0.001021 0.000503 0.000032 0.037357 0.007758 1.771391
0.952297 0.001048 0.001004 0.000502 0.000034 0.037357 0.007758 1.771482
0.952308 0.001044 0.001008 0.000501 0.000034 0.037346 0.007758 1.771579
0.952326 0.001041 0.000998 0.000493 0.000034 0.037350 0.007759 1.771671
0.952335 0.001040 0.000989 0.000497 0.000034 0.037346 0.007759 1.771772
0.952341 0.001058 0.000983 0.000489 0.000034 0.037336 0.007760 1.771866
0.952339 0.001061 0.000982 0.000484 0.000036 0.037339 0.007760 1.771975
0.952357 0.001042 0.000994 0.000481 0.000038 0.037330 0.007760 1.772087
0.952369 0.001032 0.001007 0.000484 0.000040 0.037309 0.007760 1.772202
0.952373 0.001038 0.001008 0.000482 0.000040 0.037299 0.007761 1.772306
0.952368 0.001038 0.001007 0.000479 0.000040 0.037307 0.007762 1.772411
0.952387 0.001027 0.001001 0.000486 0.000037 0.037301 0.007763 1.772520
0.952414 0.001014 0.000985 0.000485 0.000038 0.037301 0.007763 1.772617
0.952427 0.001013 0.000989 0.000484 0.000036 0.037287 0.007764 1.772719
0.952453 0.001008 0.000979 0.000479 0.000035 0.037280 0.007766 1.772811
0.952468 0.001010 0.000979 0.000483 0.000034 0.037261 0.007766 1.772908
0.952483 0.001007 0.000984 0.000482 0.000032 0.037247 0.007766 1.773007
0.952483 0.001015 0.000987 0.000482 0.000033 0.037234 0.007766 1.773107
0.952502 0.001003 0.000994 0.000480 0.000035 0.037220 0.007766 1.773215
0.952509 0.001010 0.000990 0.000476 0.000034 0.037215 0.007767 1.773311
0.952519 0.001009 0.000990 0.000480 0.000034 0.037201 0.007767 1.773413
0.952545 0.001002 0.000983 0.000472 0.000034 0.037199 0.007767 1.773509
0.952553 0.001008 0.000977 0.000463 0.000031 0.037200 0.007768 1.773604
0.952552 0.000996 0.000993 0.000462 0.000032 0.037196 0.007768 1.773718
0.952564 0.000980 0.000998 0.000469 0.000033 0.037189 0.007768 1.773829
0.952575 0.000987 0.000983 0.000464 0.000034 0.037188 0.007769 1.773915
0.952576 0.000993 0.000978 0.000454 0.000035 0.037194 0.007769 1.774012
0.952588 0.000981 0.000977 0.000465 0.000035 0.037184 0.007769 1.774117
0.952596 0.000967 0.000981 0.000467 0.000034 0.037186 0.007770 1.774225
0.952602 0.000972 0.000972 0.000468 0.000034 0.037182 0.007770 1.774318
0.952614 0.000970 0.000972 0.000470 0.000034 0.037171 0.007770 1.774414
0.952634 0.000977 0.000949 0.000469 0.000033 0.037167 0.007771 1.774493
0.952641 0.000994 0.000937 0.000458 0.000035 0.037163 0.007771 1.774578
0.952662 0.000980 0.000949 0.000455 0.000035 0.037147 0.007772 1.774686
0.952670 0.000985 0.000948 0.000452 0.000035 0.037138 0.007772 1.774784
0.952684 0.000996 0.000949 0.000445 0.000034 0.037120 0.007773 1.774872
0.952705 0.000990 0.000946 0.000446 0.000034 0.037105 0.007774 1.774968
0.952715 0.000979 0.000940 0.000458 0.000034 0.037099 0.007774 1.775069
