0.369728 0.061832 0.055004 0.031325 0.001969 0.474509 0.005634 1.551230
0.371264 0.060258 0.054813 0.031201 0.001962 0.474842 0.005661 1.557163
0.373414 0.058281 0.054567 0.031050 0.001957 0.475040 0.005690 1.562880
0.375915 0.056262 0.054260 0.030834 0.001959 0.475056 0.005715 1.568410
0.378695 0.054105 0.053776 0.030564 0.001961 0.475160 0.005739 1.573767
0.381593 0.051959 0.053335 0.030190 0.001966 0.475195 0.005761 1.578953
0.384660 0.049877 0.052654 0.029804 0.001971 0.475249 0.005785 1.583914
0.387789 0.047849 0.052042 0.029431 0.001979 0.475101 0.005810 1.588737
0.391026 0.045906 0.051331 0.028953 0.001971 0.474978 0.005836 1.593355
0.394364 0.044080 0.050656 0.028419 0.001965 0.474655 0.005860 1.597793
0.397798 0.042365 0.049797 0.027897 0.001971 0.474295 0.005879 1.602031
0.401379 0.040736 0.048858 0.027390 0.001946 0.473785 0.005906 1.606054
0.404958 0.039063 0.047977 0.026874 0.001948 0.473261 0.005921 1.610016
0.408526 0.037550 0.047077 0.026275 0.001929 0.472691 0.005954 1.613816
0.412176 0.036177 0.046017 0.025627 0.001928 0.472094 0.005982 1.617451
0.416061 0.034934 0.044976 0.024977 0.001916 0.471129 0.006009 1.620853
0.419872 0.033541 0.044070 0.024398 0.001893 0.470193 0.006032 1.624307
0.423722 0.032365 0.042963 0.023844 0.001873 0.469179 0.006055 1.627508
0.427648 0.031221 0.042017 0.023251 0.001865 0.467917 0.006081 1.630617
0.431583 0.030171 0.041039 0.022650 0.001856 0.466595 0.006106 1.633604
0.435466 0.029205 0.040026 0.022100 0.001837 0.465232 0.006133 1.636488
0.439442 0.028180 0.039039 0.021505 0.001828 0.463849 0.006157 1.639338
0.443320 0.027258 0.038027 0.021012 0.001802 0.462404 0.006178 1.642102
0.447320 0.026336 0.037120 0.020450 0.001782 0.460791 0.006202 1.644779
0.451424 0.025498 0.036174 0.019872 0.001767 0.459042 0.006224 1.647311
0.455485 0.024748 0.035220 0.019324 0.001745 0.457231 0.006247 1.649729
0.459569 0.024000 0.034261 0.018832 0.001711 0.455353 0.006275 1.652136
0.463680 0.023361 0.033370 0.018296 0.001695 0.453301 0.006297 1.654443
0.467803 0.022664 0.032469 0.017790 0.001674 0.451282 0.006318 1.656757
0.471857 0.022095 0.031553 0.017276 0.001634 0.449239 0.006345 1.658927
0.475914 0.021508 0.030759 0.016820 0.001599 0.447028 0.006373 1.661069
0.479955 0.020950 0.029991 0.016370 0.001568 0.444777 0.006390 1.663144
0.484036 0.020469 0.029129 0.015894 0.001545 0.442514 0.006414 1.665119
0.488101 0.019964 0.028373 0.015449 0.001533 0.440150 0.006430 1.667113
0.492059 0.019499 0.027597 0.015037 0.001518 0.437843 0.006446 1.669038
0.495970 0.019050 0.026864 0.014591 0.001490 0.435568 0.006466 1.670917
0.499925 0.018617 0.026203 0.014232 0.001476 0.433064 0.006482 1.672785
0.503876 0.018235 0.025529 0.013854 0.001467 0.430537 0.006502 1.674611
0.507874 0.017832 0.024928 0.013513 0.001447 0.427891 0.006516 1.676385
0.511852 0.017457 0.024296 0.013170 0.001431 0.425263 0.006532 1.678130
0.515760 0.017116 0.023684 0.012769 0.001390 0.422724 0.006558 1.679820
0.519730 0.016825 0.023088 0.012464 0.001370 0.419945 0.006578 1.681462
0.523738 0.016402 0.022553 0.012202 0.001344 0.417159 0.006602 1.683169
0.527585 0.016130 0.022088 0.011883 0.001325 0.414369 0.006621 1.684769
0.531429 0.015872 0.021540 0.011575 0.001303 0.411644 0.006638 1.686325
0.535277 0.015655 0.021014 0.011278 0.001274 0.408846 0.006656 1.687850
0.539017 0.015455 0.020570 0.010971 0.001256 0.406056 0.006675 1.689340
0.542876 0.015275 0.020032 0.010668 0.001242 0.403218 0.006689 1.690806
0.546676 0.015049 0.019620 0.010424 0.001221 0.400306 0.006704 1.692304
0.550332 0.014801 0.019153 0.010221 0.001195 0.397575 0.006722 1.693809
0.554104 0.014588 0.018737 0.009991 0.001167 0.394672 0.006740 1.695233
0.557887 0.014340 0.018362 0.009774 0.001137 0.391747 0.006754 1.696681
0.561441 0.014123 0.017974 0.009608 0.001112 0.388971 0.006770 1.698097
0.565027 0.013999 0.017575 0.009389 0.001084 0.386134 0.006792 1.699443
0.568661 0.013814 0.017186 0.009207 0.001074 0.383255 0.006803 1.700810
0.572224 0.013629 0.016931 0.009072 0.001053 0.380276 0.006816 1.702167
0.575801 0.013509 0.016600 0.008862 0.001041 0.377366 0.006822 1.703459
0.579312 0.013317 0.016283 0.008691 0.001026 0.374538 0.006833 1.704788
0.582863 0.013203 0.015970 0.008515 0.001009 0.371596 0.006844 1.706071
0.586314 0.013057 0.015714 0.008321 0.000996 0.368743 0.006855 1.707355
0.589795 0.012938 0.015425 0.008156 0.000980 0.365842 0.006865 1.708625
0.593163 0.012878 0.015070 0.007998 0.000963 0.363050 0.006879 1.709835
0.596471 0.012809 0.014800 0.007874 0.000942 0.360212 0.006893 1.711047
0.599810 0.012729 0.014547 0.007767 0.000924 0.357313 0.006909 1.712299
0.603159 0.012584 0.014350 0.007660 0.000910 0.354416 0.006922 1.713535
0.606456 0.012486 0.014132 0.007528 0.000895 0.351571 0.006931 1.714745
0.609810 0.012351 0.013929 0.007444 0.000886 0.348642 0.006938 1.715943
0.613082 0.012158 0.013771 0.007340 0.000870 0.345828 0.006951 1.717193
0.616296 0.012068 0.013562 0.007252 0.000846 0.343010 0.006966 1.718370
0.619425 0.011935 0.013398 0.007152 0.000835 0.340275 0.006979 1.719562
0.622686 0.011842 0.013201 0.007030 0.000818 0.337431 0.006992 1.720722
0.625761 0.011777 0.013051 0.006977 0.000803 0.334629 0.007002 1.721890
0.628916 0.011695 0.012900 0.006865 0.000791 0.331822 0.007009 1.723036
0.632008 0.011587 0.012762 0.006764 0.000770 0.329087 0.007023 1.724203
0.635167 0.011439 0.012626 0.006671 0.000762 0.326300 0.007034 1.725333
0.638146 0.011358 0.012440 0.006565 0.000746 0.323701 0.007044 1.726452
0.641034 0.011271 0.012339 0.006460 0.000739 0.321104 0.007052 1.727609
0.643995 0.011175 0.012172 0.006412 0.000730 0.318454 0.007063 1.728720
0.646987 0.011117 0.012039 0.006299 0.000722 0.315765 0.007073 1.729802
0.649861 0.011062 0.011932 0.006209 0.000712 0.313143 0.007081 1.730913
0.652732 0.010992 0.011850 0.006134 0.000695 0.310505 0.007092 1.732024
0.655600 0.010935 0.011750 0.006048 0.000680 0.307885 0.007102 1.733121
0.658403 0.010970 0.011604 0.005985 0.000670 0.305259 0.007110 1.734155
0.661179 0.010927 0.011479 0.005923 0.000658 0.302711 0.007123 1.735214
0.663884 0.010955 0.011362 0.005881 0.000650 0.300134 0.007132 1.736245
0.666464 0.010976 0.011243 0.005805 0.000644 0.297728 0.007141 1.737304
0.669247 0.010944 0.011131 0.005777 0.000636 0.295112 0.007154 1.738390
0.672001 0.010883 0.010999 0.005748 0.000630 0.292578 0.007162 1.739472
0.674501 0.010906 0.010882 0.005713 0.000621 0.290208 0.007170 1.740519
0.677082 0.010877 0.010777 0.005716 0.000606 0.287766 0.007176 1.741603
0.679585 0.010865 0.010713 0.005623 0.000594 0.285435 0.007184 1.742651
0.682152 0.010813 0.010651 0.005593 0.000588 0.283015 0.007189 1.743721
0.684673 0.010745 0.010615 0.005581 0.000577 0.280613 0.007196 1.744807
0.687130 0.010815 0.010523 0.005520 0.000575 0.278236 0.007201 1.745829
0.689517 0.010840 0.010487 0.005467 0.000565 0.275913 0.007212 1.746877
0.691978 0.010794 0.010451 0.005440 0.000558 0.273560 0.007219 1.747941
0.694321 0.010812 0.010370 0.005409 0.000549 0.271312 0.007227 1.748986
0.696622 0.010811 0.010287 0.005405 0.000539 0.269097 0.007239 1.750062
0.699020 0.010795 0.010212 0.005367 0.000532 0.266828 0.007246 1.751069
0.701307 0.010771 0.010169 0.005372 0.000533 0.264595 0.007252 1.752125
0.703452 0.010774 0.010112 0.005338 0.000527 0.262535 0.007262 1.753193
0.705669 0.010703 0.010098 0.005317 0.000519 0.260423 0.007271 1.754281
0.707864 0.010742 0.010097 0.005273 0.000505 0.258242 0.007278 1.755316
0.710030 0.010731 0.010073 0.005264 0.000505 0.256115 0.007284 1.756367
0.712162 0.010711 0.010046 0.005272 0.000496 0.254026 0.007288 1.757459
0.714228 0.010722 0.010032 0.005303 0.000495 0.251927 0.007294 1.758535
0.716286 0.010733 0.010009 0.005291 0.000491 0.249888 0.007301 1.759578
0.718279 0.010787 0.009984 0.005253 0.000488 0.247902 0.007307 1.760622
0.720263 0.010844 0.009951 0.005240 0.000478 0.245910 0.007314 1.761647
0.722294 0.010903 0.009902 0.005263 0.000478 0.243840 0.007321 1.762684
0.724275 0.010896 0.009917 0.005287 0.000469 0.241830 0.007326 1.763807
0.726227 0.010891 0.009894 0.005274 0.000462 0.239920 0.007331 1.764875
0.728139 0.010912 0.009888 0.005253 0.000462 0.238006 0.007339 1.765931
0.729995 0.010996 0.009886 0.005204 0.000454 0.236113 0.007352 1.766975
0.731811 0.011037 0.009925 0.005200 0.000455 0.234218 0.007355 1.768050
0.733664 0.011081 0.009932 0.005206 0.000453 0.232305 0.007359 1.769129
0.735498 0.011056 0.009959 0.005219 0.000447 0.230458 0.007363 1.770245
0.737257 0.011036 0.009962 0.005253 0.000447 0.228675 0.007369 1.771359
0.739036 0.011066 0.009904 0.005223 0.000437 0.226958 0.007377 1.772390
0.740657 0.011099 0.009923 0.005227 0.000436 0.225275 0.007383 1.773463
0.742328 0.011168 0.009933 0.005240 0.000431 0.223512 0.007387 1.774552
0.743997 0.011198 0.009920 0.005270 0.000423 0.221794 0.007398 1.775649
0.745528 0.011260 0.009971 0.005251 0.000425 0.220162 0.007402 1.776756
0.747120 0.011261 0.009979 0.005238 0.000423 0.218572 0.007409 1.777893
0.748754 0.011347 0.009966 0.005240 0.000415 0.216861 0.007416 1.778981
0.750191 0.011485 0.009946 0.005264 0.000412 0.215279 0.007424 1.780075
0.751663 0.011555 0.009972 0.005284 0.000404 0.213694 0.007430 1.781195
0.753146 0.011628 0.009993 0.005295 0.000394 0.212109 0.007436 1.782331
0.754649 0.011681 0.009968 0.005327 0.000393 0.210545 0.007438 1.783457
0.756032 0.011766 0.010009 0.005339 0.000393 0.209018 0.007443 1.784584
0.757345 0.011772 0.010025 0.005358 0.000389 0.207664 0.007448 1.785771
0.758747 0.011769 0.010105 0.005351 0.000385 0.206192 0.007453 1.786966
0.760123 0.011833 0.010184 0.005362 0.000383 0.204660 0.007456 1.788133
0.761543 0.011882 0.010187 0.005397 0.000379 0.203151 0.007461 1.789276
0.762855 0.011875 0.010244 0.005430 0.000379 0.201754 0.007464 1.790462
0.764154 0.011898 0.010274 0.005475 0.000379 0.200354 0.007467 1.791636
0.765481 0.011937 0.010287 0.005476 0.000374 0.198974 0.007472 1.792825
0.766733 0.012003 0.010295 0.005475 0.000375 0.197645 0.007476 1.793977
0.768003 0.012006 0.010335 0.005458 0.000374 0.196345 0.007480 1.795173
0.769218 0.012091 0.010395 0.005470 0.000375 0.194968 0.007484 1.796349
0.770394 0.012150 0.010396 0.005517 0.000373 0.193683 0.007488 1.797551
0.771508 0.012241 0.010462 0.005515 0.000371 0.192407 0.007496 1.798740
0.772676 0.012363 0.010480 0.005510 0.000370 0.191105 0.007498 1.799900
0.773769 0.012513 0.010489 0.005510 0.000376 0.189840 0.007503 1.801094
0.774824 0.012665 0.010519 0.005513 0.000370 0.188600 0.007509 1.802283
0.775891 0.012716 0.010607 0.005517 0.000374 0.187380 0.007515 1.803549
0.776927 0.012791 0.010673 0.005563 0.000376 0.186150 0.007521 1.804822
0.777902 0.012879 0.010725 0.005605 0.000370 0.184991 0.007528 1.806077
0.778852 0.012910 0.010808 0.005659 0.000374 0.183866 0.007532 1.807371
0.779749 0.013034 0.010858 0.005678 0.000375 0.182771 0.007536 1.808638
0.780686 0.013106 0.010916 0.005727 0.000372 0.181652 0.007541 1.809927
0.781542 0.013206 0.010993 0.005753 0.000370 0.180589 0.007547 1.811244
0.782409 0.013279 0.011052 0.005815 0.000372 0.179521 0.007552 1.812542
0.783176 0.013414 0.011083 0.005871 0.000376 0.178525 0.007555 1.813829
0.783964 0.013507 0.011159 0.005907 0.000372 0.177529 0.007562 1.815167
0.784711 0.013641 0.011235 0.005937 0.000369 0.176542 0.007566 1.816477
0.785510 0.013759 0.011337 0.005977 0.000365 0.175481 0.007573 1.817824
0.786264 0.013872 0.011420 0.006014 0.000367 0.174488 0.007577 1.819159
0.787010 0.013942 0.011494 0.006078 0.000369 0.173526 0.007581 1.820565
0.787758 0.014058 0.011597 0.006099 0.000365 0.172537 0.007586 1.821942
0.788335 0.014175 0.011694 0.006156 0.000369 0.171681 0.007590 1.823360
0.788986 0.014269 0.011791 0.006214 0.000370 0.170775 0.007595 1.824779
0.789592 0.014363 0.011855 0.006237 0.000374 0.169980 0.007601 1.826183
0.790186 0.014459 0.011932 0.006273 0.000373 0.169172 0.007605 1.827603
0.790806 0.014527 0.012002 0.006309 0.000372 0.168376 0.007609 1.829034
0.791382 0.014643 0.012074 0.006321 0.000371 0.167596 0.007613 1.830458
0.791819 0.014828 0.012171 0.006345 0.000365 0.166853 0.007620 1.831884
0.792284 0.014986 0.012243 0.006353 0.000366 0.166144 0.007624 1.833305
0.792752 0.015088 0.012358 0.006420 0.000373 0.165385 0.007625 1.834778
0.793194 0.015243 0.012412 0.006456 0.000367 0.164700 0.007628 1.836235
0.793593 0.015391 0.012454 0.006507 0.000367 0.164058 0.007632 1.837723
0.794010 0.015569 0.012543 0.006549 0.000367 0.163324 0.007639 1.839206
0.794458 0.015628 0.012639 0.006637 0.000363 0.162630 0.007645 1.840758
0.794816 0.015749 0.012720 0.006741 0.000359 0.161964 0.007651 1.842312
0.795166 0.015864 0.012845 0.006782 0.000364 0.161323 0.007657 1.843848
0.795570 0.015914 0.012956 0.006870 0.000362 0.160666 0.007663 1.845427
0.795894 0.016048 0.013076 0.006922 0.000364 0.160031 0.007667 1.846986
0.796279 0.016143 0.013147 0.006948 0.000368 0.159445 0.007671 1.848563
0.796604 0.016177 0.013251 0.007003 0.000371 0.158918 0.007676 1.850168
0.796907 0.016329 0.013378 0.006994 0.000379 0.158334 0.007680 1.851744
0.797152 0.016464 0.013490 0.007043 0.000386 0.157784 0.007683 1.853348
0.797378 0.016591 0.013591 0.007076 0.000385 0.157291 0.007690 1.854988
0.797608 0.016675 0.013675 0.007183 0.000390 0.156777 0.007693 1.856643
0.797869 0.016752 0.013805 0.007233 0.000397 0.156247 0.007697 1.858285
0.798106 0.016839 0.013902 0.007261 0.000406 0.155787 0.007699 1.859943
0.798204 0.016995 0.013950 0.007325 0.000399 0.155425 0.007703 1.861605
0.798325 0.017163 0.014011 0.007388 0.000399 0.155006 0.007708 1.863271
0.798387 0.017330 0.014108 0.007438 0.000399 0.154628 0.007713 1.864929
0.798566 0.017342 0.014212 0.007508 0.000403 0.154250 0.007719 1.866660
0.798647 0.017487 0.014269 0.007586 0.000404 0.153882 0.007726 1.868373
0.798767 0.017562 0.014342 0.007666 0.000402 0.153531 0.007731 1.870110
0.798834 0.017641 0.014423 0.007718 0.000410 0.153238 0.007736 1.871845
0.798833 0.017830 0.014478 0.007763 0.000421 0.152936 0.007740 1.873533
0.798842 0.017896 0.014589 0.007860 0.000419 0.152646 0.007748 1.875327
0.798807 0.018066 0.014730 0.007931 0.000417 0.152293 0.007756 1.877119
0.798865 0.018144 0.014847 0.007998 0.000423 0.151964 0.007760 1.878925
0.798881 0.018165 0.014996 0.008059 0.000426 0.151710 0.007763 1.880775
0.798940 0.018228 0.015074 0.008108 0.000424 0.151455 0.007770 1.882555
0.798864 0.018317 0.015178 0.008158 0.000429 0.151280 0.007775 1.884380
0.798875 0.018346 0.015309 0.008186 0.000434 0.151073 0.007778 1.886246
0.798895 0.018441 0.015410 0.008234 0.000437 0.150803 0.007781 1.888073
0.798862 0.018558 0.015476 0.008282 0.000443 0.150596 0.007785 1.889873
0.798779 0.018664 0.015552 0.008337 0.000446 0.150432 0.007789 1.891696
0.798651 0.018777 0.015630 0.008415 0.000450 0.150282 0.007795 1.893536
0.798589 0.018964 0.015688 0.008385 0.000452 0.150121 0.007801 1.895304
0.798521 0.019053 0.015793 0.008432 0.000457 0.149935 0.007809 1.897207
0.798362 0.019150 0.015900 0.008461 0.000459 0.149853 0.007816 1.899105
0.798260 0.019316 0.015969 0.008494 0.000457 0.149683 0.007823 1.900971
0.798174 0.019339 0.016090 0.008575 0.000458 0.149537 0.007828 1.902908
0.798016 0.019459 0.016218 0.008621 0.000464 0.149387 0.007836 1.904861
0.797825 0.019679 0.016272 0.008636 0.000468 0.149279 0.007841 1.906699
0.797671 0.019734 0.016367 0.008680 0.000471 0.149228 0.007849 1.908659
0.797399 0.019902 0.016483 0.008785 0.000466 0.149106 0.007860 1.910615
0.797129 0.020061 0.016545 0.008863 0.000467 0.149072 0.007865 1.912574
0.796802 0.020209 0.016680 0.008908 0.000470 0.149061 0.007872 1.914552
0.796539 0.020415 0.016754 0.008931 0.000470 0.149014 0.007879 1.916484
0.796265 0.020534 0.016909 0.008976 0.000477 0.148957 0.007882 1.918498
0.795991 0.020659 0.017041 0.009051 0.000478 0.148894 0.007888 1.920529
0.795636 0.020851 0.017180 0.009074 0.000475 0.148890 0.007895 1.922562
0.795301 0.020958 0.017285 0.009136 0.000482 0.148939 0.007900 1.924626
0.794976 0.021071 0.017370 0.009180 0.000487 0.149011 0.007906 1.926684
0.794554 0.021264 0.017466 0.009256 0.000485 0.149067 0.007909 1.928726
0.794228 0.021416 0.017528 0.009296 0.000495 0.149123 0.007915 1.930769
0.793955 0.021540 0.017603 0.009345 0.000497 0.149140 0.007920 1.932816
0.793657 0.021621 0.017699 0.009406 0.000501 0.149189 0.007928 1.934922
0.793386 0.021678 0.017841 0.009441 0.000499 0.149220 0.007935 1.937032
0.793015 0.021763 0.018043 0.009489 0.000500 0.149249 0.007943 1.939199
0.792687 0.021862 0.018145 0.009552 0.000505 0.149299 0.007949 1.941338
0.792273 0.021946 0.018220 0.009642 0.000509 0.149452 0.007958 1.943474
0.791934 0.021957 0.018364 0.009680 0.000513 0.149588 0.007964 1.945660
0.791529 0.022043 0.018520 0.009722 0.000519 0.149696 0.007972 1.947852
0.791077 0.022152 0.018611 0.009827 0.000508 0.149843 0.007982 1.950044
0.790612 0.022287 0.018741 0.009817 0.000518 0.150039 0.007987 1.952209
0.790317 0.022322 0.018833 0.009884 0.000525 0.150124 0.007994 1.954407
0.789874 0.022420 0.018920 0.009955 0.000535 0.150293 0.008003 1.956608
0.789453 0.022486 0.019018 0.010015 0.000539 0.150480 0.008010 1.958830
0.789065 0.022562 0.019091 0.010067 0.000547 0.150652 0.008016 1.961012
0.788612 0.022574 0.019232 0.010099 0.000545 0.150916 0.008023 1.963311
0.788176 0.022726 0.019267 0.010103 0.000551 0.151149 0.008029 1.965472
0.787773 0.022770 0.019365 0.010191 0.000553 0.151314 0.008036 1.967726
0.787355 0.022843 0.019443 0.010237 0.000557 0.151521 0.008045 1.969967
0.786954 0.022960 0.019489 0.010253 0.000561 0.151729 0.008053 1.972184
0.786512 0.023026 0.019563 0.010332 0.000564 0.151947 0.008056 1.974442
0.786059 0.023096 0.019659 0.010345 0.000567 0.152207 0.008066 1.976709
0.785609 0.023208 0.019706 0.010351 0.000574 0.152480 0.008072 1.978934
0.785118 0.023254 0.019831 0.010444 0.000575 0.152700 0.008080 1.981299
0.784632 0.023339 0.019940 0.010455 0.000579 0.152967 0.008088 1.983595
0.784299 0.023300 0.020099 0.010484 0.000586 0.153136 0.008096 1.985933
0.783843 0.023414 0.020196 0.010500 0.000581 0.153360 0.008104 1.988213
0.783359 0.023525 0.020225 0.010525 0.000589 0.153669 0.008108 1.990472
0.783010 0.023507 0.020311 0.010557 0.000594 0.153903 0.008118 1.992755
0.782494 0.023564 0.020430 0.010621 0.000591 0.154174 0.008125 1.995072
0.782153 0.023561 0.020427 0.010618 0.000597 0.154510 0.008134 1.997344
0.781724 0.023590 0.020488 0.010668 0.000608 0.154783 0.008140 1.999657
0.781296 0.023632 0.020544 0.010673 0.000614 0.155095 0.008147 2.001954
0.780910 0.023661 0.020618 0.010675 0.000615 0.155371 0.008151 2.004265
0.780518 0.023706 0.020628 0.010725 0.000622 0.155640 0.008160 2.006557
0.780104 0.023704 0.020649 0.010747 0.000617 0.156012 0.008167 2.008902
0.779710 0.023689 0.020730 0.010733 0.000625 0.156340 0.008173 2.011229
0.779357 0.023719 0.020802 0.010768 0.000622 0.156551 0.008182 2.013531
0.778958 0.023720 0.020852 0.010800 0.000625 0.156857 0.008190 2.015843
0.778642 0.023732 0.020888 0.010858 0.000629 0.157055 0.008196 2.018181
0.778184 0.023838 0.020961 0.010834 0.000629 0.157349 0.008206 2.020515
0.777839 0.023881 0.020973 0.010812 0.000631 0.157648 0.008217 2.022810
0.777523 0.023924 0.020942 0.010863 0.000631 0.157892 0.008227 2.025108
0.777141 0.024016 0.020925 0.010846 0.000629 0.158206 0.008236 2.027394
0.776805 0.023971 0.020962 0.010866 0.000633 0.158521 0.008243 2.029793
0.776403 0.023962 0.021029 0.010876 0.000642 0.158839 0.008250 2.032169
0.776074 0.023921 0.021054 0.010895 0.000640 0.159155 0.008261 2.034539
0.775810 0.023892 0.021099 0.010919 0.000645 0.159368 0.008268 2.036930
0.775488 0.023844 0.021122 0.010970 0.000641 0.159662 0.008275 2.039306
0.775171 0.023823 0.021156 0.011002 0.000644 0.159922 0.008283 2.041627
0.774841 0.023840 0.021162 0.011023 0.000644 0.160201 0.008290 2.043956
0.774522 0.023856 0.021227 0.011018 0.000648 0.160433 0.008298 2.046293
0.774195 0.023878 0.021217 0.011060 0.000653 0.160693 0.008305 2.048617
0.773846 0.023926 0.021193 0.011125 0.000659 0.160939 0.008312 2.050938
0.773435 0.024026 0.021132 0.011111 0.000671 0.161305 0.008320 2.053222
0.773241 0.023969 0.021162 0.011124 0.000683 0.161491 0.008331 2.055520
0.772962 0.023929 0.021164 0.011147 0.000682 0.161778 0.008339 2.057837
0.772598 0.023893 0.021195 0.011164 0.000674 0.162127 0.008350 2.060193
0.772311 0.023878 0.021277 0.011156 0.000674 0.162345 0.008359 2.062526
0.772042 0.023922 0.021256 0.011171 0.000678 0.162563 0.008369 2.064819
0.771786 0.023924 0.021216 0.011249 0.000665 0.162781 0.008379 2.067174
0.771505 0.023976 0.021208 0.011240 0.000670 0.163015 0.008388 2.069481
0.771226 0.023979 0.021164 0.011230 0.000668 0.163337 0.008397 2.071781
0.770935 0.023933 0.021246 0.011271 0.000675 0.163538 0.008403 2.074182
0.770665 0.023961 0.021267 0.011248 0.000681 0.163764 0.008415 2.076485
0.770434 0.023908 0.021206 0.011256 0.000670 0.164102 0.008423 2.078809
0.770206 0.023910 0.021155 0.011295 0.000674 0.164331 0.008429 2.081131
0.769988 0.023841 0.021063 0.011272 0.000676 0.164724 0.008436 2.083461
0.769802 0.023767 0.021083 0.011265 0.000669 0.164969 0.008445 2.085774
0.769598 0.023692 0.021115 0.011200 0.000665 0.165277 0.008454 2.088103
0.769332 0.023702 0.021140 0.011199 0.000671 0.165492 0.008464 2.090445
0.769081 0.023651 0.021233 0.011223 0.000672 0.165671 0.008471 2.092816
0.768910 0.023604 0.021284 0.011211 0.000684 0.165830 0.008478 2.095111
0.768728 0.023555 0.021272 0.011210 0.000694 0.166059 0.008482 2.097429
0.768623 0.023542 0.021246 0.011183 0.000698 0.166217 0.008491 2.099672
0.768365 0.023549 0.021195 0.011171 0.000703 0.166518 0.008500 2.101971
0.768130 0.023519 0.021262 0.011146 0.000704 0.166733 0.008507 2.104298
0.767898 0.023516 0.021261 0.011161 0.000712 0.166939 0.008514 2.106604
0.767748 0.023484 0.021194 0.011148 0.000714 0.167193 0.008520 2.108868
0.767570 0.023445 0.021212 0.011107 0.000721 0.167414 0.008530 2.111170
0.767400 0.023398 0.021207 0.011067 0.000730 0.167661 0.008537 2.113473
0.767330 0.023305 0.021246 0.011091 0.000742 0.167743 0.008543 2.115786
0.767179 0.023314 0.021190 0.011081 0.000751 0.167932 0.008553 2.118031
0.767022 0.023302 0.021187 0.011104 0.000745 0.168077 0.008564 2.120342
0.766924 0.023233 0.021186 0.011100 0.000745 0.168233 0.008578 2.122635
0.766826 0.023195 0.021160 0.011065 0.000739 0.168428 0.008588 2.124891
0.766744 0.023061 0.021163 0.011100 0.000740 0.168595 0.008596 2.127234
0.766634 0.023008 0.021115 0.011070 0.000725 0.168842 0.008606 2.129488
0.766471 0.022993 0.021110 0.011057 0.000725 0.169030 0.008613 2.131760
0.766472 0.022907 0.021130 0.011057 0.000723 0.169089 0.008623 2.134010
0.766357 0.022899 0.021160 0.011022 0.000732 0.169197 0.008633 2.136251
0.766300 0.022876 0.021141 0.010993 0.000724 0.169322 0.008644 2.138512
0.766253 0.022825 0.021114 0.010964 0.000722 0.169466 0.008656 2.140731
0.766207 0.022739 0.021111 0.010957 0.000716 0.169607 0.008664 2.142984
0.766118 0.022772 0.021128 0.010894 0.000712 0.169704 0.008672 2.145192
0.766002 0.022780 0.021085 0.010904 0.000714 0.169835 0.008682 2.147433
0.765847 0.022841 0.021011 0.010859 0.000714 0.170039 0.008690 2.149618
0.765729 0.022782 0.020969 0.010896 0.000712 0.170213 0.008698 2.151875
0.765671 0.022751 0.020940 0.010845 0.000703 0.170375 0.008714 2.154096
0.765548 0.022770 0.020938 0.010787 0.000711 0.170527 0.008720 2.156300
0.765483 0.022771 0.020915 0.010766 0.000706 0.170628 0.008731 2.158498
0.765408 0.022760 0.020910 0.010762 0.000714 0.170708 0.008739 2.160720
0.765306 0.022716 0.020959 0.010759 0.000718 0.170793 0.008748 2.162973
0.765230 0.022729 0.020891 0.010755 0.000715 0.170920 0.008761 2.165167
0.765157 0.022677 0.020872 0.010760 0.000720 0.171048 0.008767 2.167390
0.765046 0.022674 0.020781 0.010733 0.000724 0.171267 0.008775 2.169590
0.764898 0.022719 0.020757 0.010705 0.000728 0.171406 0.008788 2.171797
0.764881 0.022624 0.020725 0.010725 0.000723 0.171522 0.008799 2.174031
0.764838 0.022592 0.020718 0.010710 0.000713 0.171618 0.008812 2.176248
0.764818 0.022459 0.020745 0.010724 0.000712 0.171722 0.008822 2.178519
0.764778 0.022503 0.020621 0.010672 0.000714 0.171883 0.008830 2.180665
0.764815 0.022453 0.020596 0.010644 0.000709 0.171948 0.008837 2.182860
0.764850 0.022330 0.020592 0.010663 0.000700 0.172018 0.008849 2.185090
0.764829 0.022260 0.020528 0.010693 0.000696 0.172137 0.008857 2.187272
0.764931 0.022183 0.020436 0.010718 0.000694 0.172171 0.008867 2.189410
0.764993 0.022208 0.020339 0.010691 0.000698 0.172197 0.008875 2.191549
0.765078 0.022158 0.020246 0.010667 0.000708 0.172261 0.008883 2.193687
0.765161 0.022066 0.020243 0.010631 0.000717 0.172294 0.008889 2.195866
0.765229 0.022016 0.020175 0.010623 0.000711 0.172346 0.008901 2.198015
0.765308 0.021989 0.020136 0.010584 0.000707 0.172366 0.008910 2.200145
0.765367 0.021943 0.020104 0.010580 0.000704 0.172386 0.008916 2.202290
0.765370 0.021927 0.020077 0.010564 0.000700 0.172436 0.008926 2.204410
0.765400 0.021921 0.020032 0.010604 0.000693 0.172417 0.008934 2.206534
0.765356 0.021882 0.020012 0.010649 0.000690 0.172469 0.008943 2.208708
0.765484 0.021782 0.019957 0.010595 0.000690 0.172544 0.008948 2.210813
0.765575 0.021638 0.019937 0.010610 0.000685 0.172595 0.008959 2.212970
0.765681 0.021559 0.019909 0.010617 0.000681 0.172588 0.008966 2.215126
0.765773 0.021454 0.019943 0.010620 0.000673 0.172564 0.008975 2.217298
0.765883 0.021415 0.019880 0.010561 0.000676 0.172602 0.008983 2.219372
0.765875 0.021443 0.019832 0.010547 0.000674 0.172638 0.008990 2.221422
0.765986 0.021474 0.019772 0.010463 0.000672 0.172637 0.008997 2.223455
0.766070 0.021362 0.019799 0.010463 0.000666 0.172636 0.009005 2.225634
0.766207 0.021282 0.019768 0.010465 0.000664 0.172599 0.009015 2.227766
0.766259 0.021296 0.019667 0.010408 0.000652 0.172689 0.009029 2.229820
0.766312 0.021281 0.019630 0.010397 0.000645 0.172697 0.009039 2.231898
0.766380 0.021236 0.019581 0.010372 0.000642 0.172744 0.009046 2.233999
0.766495 0.021154 0.019602 0.010339 0.000648 0.172710 0.009054 2.236137
0.766592 0.021106 0.019568 0.010307 0.000641 0.172724 0.009063 2.238238
0.766740 0.021013 0.019573 0.010242 0.000647 0.172718 0.009068 2.240342
0.766887 0.020887 0.019529 0.010204 0.000651 0.172767 0.009075 2.242436
0.767102 0.020824 0.019454 0.010224 0.000645 0.172665 0.009087 2.244470
0.767268 0.020851 0.019378 0.010146 0.000643 0.172619 0.009095 2.246444
0.767367 0.020911 0.019361 0.010107 0.000638 0.172517 0.009100 2.248459
0.767556 0.020865 0.019342 0.010098 0.000633 0.172395 0.009110 2.250476
0.767677 0.020832 0.019308 0.010083 0.000632 0.172350 0.009119 2.252522
0.767796 0.020834 0.019216 0.010038 0.000633 0.172358 0.009125 2.254502
0.767976 0.020776 0.019196 0.009999 0.000628 0.172290 0.009136 2.256517
0.768118 0.020805 0.019149 0.009973 0.000624 0.172186 0.009146 2.258524
0.768317 0.020717 0.019086 0.010003 0.000628 0.172096 0.009153 2.260562
0.768495 0.020724 0.019061 0.009982 0.000627 0.171954 0.009158 2.262547
0.768606 0.020698 0.019063 0.009956 0.000634 0.171879 0.009165 2.264623
0.768812 0.020640 0.019012 0.009924 0.000625 0.171816 0.009173 2.266635
0.768996 0.020609 0.019008 0.009884 0.000622 0.171696 0.009185 2.268636
0.769154 0.020577 0.018964 0.009870 0.000624 0.171619 0.009192 2.270666
0.769309 0.020571 0.018899 0.009866 0.000631 0.171525 0.009199 2.272664
0.769475 0.020522 0.018898 0.009848 0.000631 0.171424 0.009202 2.274693
0.769732 0.020449 0.018850 0.009854 0.000631 0.171274 0.009210 2.276695
0.769946 0.020440 0.018807 0.009810 0.000630 0.171148 0.009220 2.278656
0.770137 0.020366 0.018767 0.009811 0.000631 0.171062 0.009226 2.280645
0.770256 0.020351 0.018765 0.009827 0.000635 0.170930 0.009236 2.282684
0.770425 0.020352 0.018718 0.009799 0.000643 0.170822 0.009242 2.284650
0.770538 0.020387 0.018687 0.009771 0.000639 0.170728 0.009250 2.286626
0.770698 0.020345 0.018652 0.009772 0.000638 0.170637 0.009257 2.288638
0.770883 0.020304 0.018648 0.009739 0.000640 0.170522 0.009265 2.290627
0.771049 0.020341 0.018584 0.009724 0.000640 0.170392 0.009269 2.292567
0.771204 0.020382 0.018501 0.009694 0.000636 0.170306 0.009278 2.294501
0.771385 0.020386 0.018497 0.009685 0.000634 0.170125 0.009287 2.296464
0.771565 0.020306 0.018507 0.009730 0.000637 0.169962 0.009293 2.298482
0.771749 0.020269 0.018447 0.009750 0.000639 0.169846 0.009301 2.300471
0.771908 0.020299 0.018366 0.009741 0.000642 0.169739 0.009305 2.302447
0.772086 0.020292 0.018341 0.009716 0.000638 0.169614 0.009314 2.304405
0.772183 0.020293 0.018353 0.009711 0.000640 0.169501 0.009320 2.306416
0.772411 0.020234 0.018350 0.009691 0.000644 0.169342 0.009329 2.308407
0.772639 0.020141 0.018395 0.009690 0.000641 0.169158 0.009337 2.310446
0.772791 0.020141 0.018359 0.009703 0.000638 0.169021 0.009347 2.312409
0.772954 0.020131 0.018359 0.009720 0.000640 0.168844 0.009352 2.314396
0.773114 0.020127 0.018345 0.009705 0.000649 0.168699 0.009362 2.316341
0.773269 0.020129 0.018319 0.009684 0.000650 0.168583 0.009368 2.318294
0.773389 0.020058 0.018359 0.009649 0.000646 0.168523 0.009376 2.320303
0.773545 0.020015 0.018386 0.009596 0.000646 0.168428 0.009385 2.322280
0.773739 0.019986 0.018358 0.009536 0.000646 0.168342 0.009393 2.324213
0.773947 0.020010 0.018267 0.009523 0.000649 0.168202 0.009402 2.326141
0.774174 0.020018 0.018245 0.009481 0.000645 0.168027 0.009411 2.328085
0.774270 0.020073 0.018228 0.009431 0.000642 0.167935 0.009420 2.330057
0.774403 0.020053 0.018229 0.009454 0.000639 0.167794 0.009430 2.332043
0.774534 0.020037 0.018184 0.009454 0.000638 0.167714 0.009440 2.334011
0.774653 0.020045 0.018200 0.009458 0.000635 0.167561 0.009448 2.335972
0.774793 0.020054 0.018197 0.009476 0.000643 0.167382 0.009454 2.337927
0.774946 0.020066 0.018173 0.009442 0.000640 0.167271 0.009462 2.339850
0.775145 0.020035 0.018176 0.009470 0.000632 0.167071 0.009471 2.341845
0.775341 0.020013 0.018148 0.009485 0.000625 0.166908 0.009481 2.343789
0.775447 0.020050 0.018161 0.009447 0.000631 0.166778 0.009485 2.345767
0.775550 0.020065 0.018176 0.009451 0.000635 0.166634 0.009490 2.347730
0.775700 0.020089 0.018142 0.009457 0.000625 0.166491 0.009496 2.349645
0.775826 0.020049 0.018170 0.009402 0.000624 0.166426 0.009504 2.351646
0.776005 0.020050 0.018132 0.009402 0.000626 0.166275 0.009511 2.353577
0.776104 0.020007 0.018125 0.009394 0.000621 0.166229 0.009519 2.355548
0.776254 0.019970 0.018159 0.009376 0.000619 0.166099 0.009524 2.357525
0.776400 0.019952 0.018206 0.009372 0.000605 0.165930 0.009535 2.359494
0.776480 0.020019 0.018160 0.009366 0.000606 0.165826 0.009543 2.361430
0.776521 0.020083 0.018169 0.009323 0.000610 0.165744 0.009550 2.363373
0.776607 0.020147 0.018171 0.009302 0.000604 0.165611 0.009558 2.365306
0.776770 0.020167 0.018135 0.009304 0.000601 0.165455 0.009568 2.367257
0.776890 0.020138 0.018151 0.009343 0.000591 0.165310 0.009577 2.369259
0.777013 0.020098 0.018127 0.009385 0.000583 0.165211 0.009584 2.371233
0.777212 0.020069 0.018152 0.009402 0.000583 0.164993 0.009590 2.373200
0.777232 0.020107 0.018114 0.009422 0.000581 0.164950 0.009595 2.375190
0.777370 0.020132 0.018036 0.009442 0.000580 0.164839 0.009601 2.377134
0.777523 0.020106 0.018109 0.009432 0.000579 0.164641 0.009610 2.379150
0.777619 0.020144 0.018110 0.009402 0.000573 0.164537 0.009616 2.381092
0.777734 0.020151 0.018150 0.009357 0.000571 0.164412 0.009624 2.383067
0.777725 0.020181 0.018185 0.009361 0.000582 0.164335 0.009631 2.385052
0.777835 0.020172 0.018196 0.009365 0.000583 0.164211 0.009638 2.387017
0.777807 0.020235 0.018225 0.009370 0.000578 0.164141 0.009646 2.388999
0.777853 0.020253 0.018216 0.009392 0.000574 0.164060 0.009651 2.390990
0.777875 0.020289 0.018110 0.009418 0.000578 0.164075 0.009656 2.392967
0.778015 0.020252 0.018106 0.009452 0.000576 0.163935 0.009663 2.394952
0.778067 0.020299 0.018090 0.009464 0.000592 0.163820 0.009669 2.396913
0.778160 0.020276 0.018087 0.009491 0.000589 0.163721 0.009676 2.398901
0.778298 0.020175 0.018092 0.009500 0.000595 0.163657 0.009683 2.400898
0.778380 0.020125 0.018101 0.009480 0.000596 0.163626 0.009693 2.402886
0.778456 0.020166 0.018053 0.009453 0.000587 0.163582 0.009703 2.404817
0.778497 0.020200 0.018049 0.009462 0.000588 0.163494 0.009709 2.406799
0.778528 0.020181 0.018072 0.009477 0.000593 0.163433 0.009716 2.408804
0.778591 0.020184 0.018072 0.009456 0.000597 0.163376 0.009725 2.410769
0.778650 0.020217 0.018052 0.009485 0.000605 0.163261 0.009730 2.412725
0.778695 0.020213 0.018028 0.009476 0.000613 0.163239 0.009736 2.414716
0.778776 0.020228 0.018047 0.009467 0.000611 0.163124 0.009747 2.416670
0.778885 0.020169 0.018065 0.009464 0.000614 0.163053 0.009751 2.418666
0.779012 0.020098 0.018080 0.009467 0.000620 0.162967 0.009757 2.420693
0.779098 0.020137 0.018050 0.009461 0.000622 0.162868 0.009765 2.422619
0.779142 0.020144 0.018025 0.009457 0.000624 0.162836 0.009773 2.424579
0.779158 0.020150 0.018030 0.009468 0.000619 0.162793 0.009783 2.426557
0.779132 0.020180 0.018005 0.009528 0.000616 0.162748 0.009791 2.428562
0.779193 0.020153 0.018013 0.009503 0.000616 0.162724 0.009800 2.430499
0.779344 0.020214 0.017964 0.009463 0.000610 0.162598 0.009809 2.432399
0.779339 0.020245 0.017978 0.009486 0.000611 0.162527 0.009816 2.434409
0.779390 0.020151 0.018032 0.009504 0.000614 0.162484 0.009824 2.436471
0.779494 0.020126 0.018081 0.009489 0.000616 0.162368 0.009827 2.438464
0.779506 0.020087 0.018104 0.009520 0.000615 0.162333 0.009836 2.440506
0.779484 0.020151 0.018097 0.009499 0.000618 0.162307 0.009844 2.442449
0.779490 0.020161 0.018107 0.009511 0.000609 0.162273 0.009850 2.444412
0.779570 0.020156 0.018121 0.009508 0.000609 0.162181 0.009856 2.446398
0.779660 0.020136 0.018085 0.009490 0.000603 0.162158 0.009868 2.448372
0.779621 0.020154 0.018055 0.009526 0.000608 0.162164 0.009873 2.450377
0.779701 0.020197 0.018075 0.009523 0.000608 0.162019 0.009879 2.452304
0.779677 0.020208 0.018107 0.009539 0.000598 0.161984 0.009888 2.454308
0.779619 0.020222 0.018119 0.009549 0.000595 0.162001 0.009895 2.456337
0.779687 0.020246 0.018114 0.009511 0.000593 0.161949 0.009899 2.458283
0.779700 0.020261 0.018152 0.009493 0.000592 0.161898 0.009904 2.460272
0.779691 0.020260 0.018193 0.009490 0.000587 0.161866 0.009913 2.462284
0.779731 0.020292 0.018212 0.009453 0.000590 0.161805 0.009918 2.464238
0.779769 0.020347 0.018231 0.009438 0.000598 0.161693 0.009925 2.466199
0.779731 0.020338 0.018280 0.009457 0.000599 0.161663 0.009933 2.468242
0.779730 0.020370 0.018329 0.009406 0.000595 0.161630 0.009940 2.470214
0.779772 0.020376 0.018316 0.009480 0.000590 0.161519 0.009947 2.472232
0.779784 0.020366 0.018308 0.009477 0.000597 0.161516 0.009953 2.474223
0.779803 0.020332 0.018309 0.009458 0.000596 0.161542 0.009959 2.476215
0.779774 0.020355 0.018314 0.009466 0.000594 0.161529 0.009967 2.478186
0.779799 0.020333 0.018329 0.009446 0.000598 0.161521 0.009975 2.480205
0.779731 0.020482 0.018268 0.009436 0.000594 0.161508 0.009980 2.482106
0.779689 0.020469 0.018319 0.009470 0.000590 0.161474 0.009990 2.484130
0.779609 0.020493 0.018303 0.009455 0.000587 0.161557 0.009997 2.486119
0.779610 0.020446 0.018317 0.009494 0.000596 0.161529 0.010008 2.488154
0.779579 0.020436 0.018344 0.009475 0.000598 0.161551 0.010017 2.490187
0.779560 0.020495 0.018293 0.009464 0.000602 0.161561 0.010027 2.492144
0.779606 0.020467 0.018275 0.009488 0.000601 0.161533 0.010031 2.494177
0.779534 0.020532 0.018285 0.009469 0.000610 0.161533 0.010038 2.496176
0.779545 0.020578 0.018363 0.009472 0.000609 0.161388 0.010047 2.498207
0.779574 0.020491 0.018455 0.009546 0.000608 0.161274 0.010051 2.500304
0.779513 0.020564 0.018483 0.009536 0.000607 0.161237 0.010060 2.502297
0.779424 0.020650 0.018497 0.009512 0.000607 0.161245 0.010064 2.504287
0.779360 0.020734 0.018475 0.009524 0.000608 0.161228 0.010072 2.506289
0.779376 0.020736 0.018515 0.009513 0.000601 0.161181 0.010077 2.508332
0.779406 0.020709 0.018486 0.009524 0.000601 0.161187 0.010088 2.510370
0.779411 0.020782 0.018449 0.009546 0.000606 0.161111 0.010096 2.512318
0.779343 0.020807 0.018430 0.009595 0.000598 0.161123 0.010104 2.514333
0.779289 0.020785 0.018446 0.009609 0.000600 0.161158 0.010113 2.516368
0.779325 0.020679 0.018474 0.009635 0.000605 0.161164 0.010119 2.518451
0.779399 0.020618 0.018512 0.009658 0.000608 0.161080 0.010126 2.520500
0.779356 0.020645 0.018497 0.009627 0.000608 0.161133 0.010133 2.522489
0.779362 0.020651 0.018505 0.009666 0.000606 0.161064 0.010145 2.524497
0.779297 0.020710 0.018491 0.009701 0.000608 0.161042 0.010150 2.526517
0.779255 0.020664 0.018616 0.009691 0.000607 0.161008 0.010158 2.528604
0.779212 0.020670 0.018668 0.009685 0.000604 0.160995 0.010166 2.530631
0.779279 0.020656 0.018684 0.009684 0.000609 0.160915 0.010173 2.532627
0.779240 0.020740 0.018667 0.009678 0.000608 0.160886 0.010181 2.534627
0.779139 0.020823 0.018635 0.009717 0.000611 0.160891 0.010185 2.536648
0.779063 0.020901 0.018662 0.009722 0.000604 0.160854 0.010195 2.538657
0.778914 0.020991 0.018647 0.009705 0.000605 0.160936 0.010202 2.540677
0.778840 0.021004 0.018697 0.009725 0.000609 0.160917 0.010209 2.542732
0.778787 0.020995 0.018713 0.009662 0.000610 0.161015 0.010218 2.544823
0.778759 0.021043 0.018739 0.009644 0.000611 0.160979 0.010226 2.546871
0.778713 0.021039 0.018787 0.009685 0.000606 0.160933 0.010237 2.548965
0.778654 0.021014 0.018814 0.009705 0.000602 0.160968 0.010243 2.551035
0.778593 0.020977 0.018871 0.009706 0.000599 0.161005 0.010249 2.553126
0.778627 0.020892 0.018912 0.009716 0.000594 0.161001 0.010259 2.555215
0.778575 0.020937 0.018881 0.009696 0.000590 0.161059 0.010263 2.557229
0.778621 0.020919 0.018910 0.009682 0.000587 0.161008 0.010274 2.559262
0.778598 0.020954 0.018838 0.009700 0.000578 0.161052 0.010282 2.561239
0.778417 0.021018 0.018854 0.009702 0.000588 0.161132 0.010289 2.563297
0.778346 0.020964 0.018830 0.009741 0.000590 0.161231 0.010297 2.565399
0.778312 0.020983 0.018835 0.009740 0.000588 0.161239 0.010304 2.567437
0.778304 0.020926 0.018852 0.009749 0.000592 0.161269 0.010310 2.569516
0.778328 0.020993 0.018872 0.009736 0.000594 0.161160 0.010317 2.571516
0.778325 0.020967 0.018905 0.009715 0.000599 0.161166 0.010325 2.573562
0.778389 0.020868 0.018918 0.009712 0.000598 0.161182 0.010332 2.575601
0.778373 0.020864 0.018891 0.009698 0.000595 0.161237 0.010343 2.577618
0.778356 0.020811 0.018895 0.009722 0.000588 0.161277 0.010351 2.579654
0.778353 0.020796 0.018873 0.009739 0.000589 0.161293 0.010357 2.581693
0.778341 0.020777 0.018869 0.009740 0.000583 0.161322 0.010367 2.583733
0.778358 0.020784 0.018880 0.009779 0.000577 0.161247 0.010376 2.585771
0.778337 0.020802 0.018928 0.009768 0.000581 0.161200 0.010383 2.587821
0.778304 0.020824 0.018884 0.009706 0.000583 0.161307 0.010390 2.589825
0.778270 0.020851 0.018917 0.009709 0.000587 0.161270 0.010396 2.591866
0.778250 0.020846 0.018963 0.009668 0.000592 0.161278 0.010404 2.593924
0.778228 0.020864 0.018945 0.009699 0.000587 0.161262 0.010415 2.595987
0.778335 0.020760 0.018889 0.009717 0.000591 0.161284 0.010423 2.598014
0.778351 0.020751 0.018871 0.009746 0.000594 0.161257 0.010430 2.600048
0.778432 0.020705 0.018873 0.009759 0.000603 0.161192 0.010435 2.602097
0.778487 0.020720 0.018857 0.009729 0.000609 0.161158 0.010439 2.604090
0.778491 0.020736 0.018805 0.009749 0.000606 0.161165 0.010447 2.606091
0.778419 0.020709 0.018783 0.009733 0.000607 0.161293 0.010456 2.608128
0.778357 0.020673 0.018810 0.009703 0.000604 0.161390 0.010462 2.610177
0.778285 0.020680 0.018850 0.009682 0.000608 0.161426 0.010470 2.612220
0.778347 0.020545 0.018921 0.009678 0.000604 0.161425 0.010481 2.614284
0.778340 0.020500 0.018946 0.009676 0.000606 0.161443 0.010488 2.616298
0.778281 0.020496 0.018957 0.009676 0.000603 0.161489 0.010497 2.618316
0.778297 0.020506 0.019007 0.009659 0.000601 0.161426 0.010505 2.620336
0.778273 0.020499 0.019027 0.009708 0.000599 0.161380 0.010515 2.622371
0.778221 0.020560 0.018999 0.009676 0.000596 0.161426 0.010524 2.624352
0.778260 0.020561 0.018966 0.009682 0.000595 0.161403 0.010534 2.626355
0.778191 0.020605 0.018951 0.009651 0.000595 0.161466 0.010542 2.628368
