0.369991 0.061533 0.054889 0.031331 0.001970 0.474650 0.005635 1.551238
0.372281 0.059196 0.054939 0.031149 0.001965 0.474808 0.005661 1.557240
0.375249 0.056455 0.054775 0.030850 0.001970 0.475016 0.005685 1.562882
0.378756 0.053550 0.054355 0.030463 0.001972 0.475192 0.005713 1.568238
0.382727 0.050519 0.053876 0.030113 0.001977 0.475049 0.005739 1.573346
0.386556 0.047669 0.053158 0.029557 0.001977 0.475324 0.005760 1.578108
0.390775 0.044737 0.052529 0.029080 0.001974 0.475121 0.005785 1.582746
0.395241 0.041905 0.051583 0.028538 0.001964 0.474958 0.005814 1.587071
0.399683 0.039285 0.050595 0.027888 0.001967 0.474742 0.005840 1.591103
0.404352 0.036934 0.049485 0.027150 0.001961 0.474249 0.005869 1.594775
0.409071 0.034570 0.048322 0.026470 0.001935 0.473734 0.005897 1.598334
0.413942 0.032440 0.047060 0.025674 0.001938 0.473024 0.005924 1.601605
0.418716 0.030451 0.045854 0.024887 0.001915 0.472227 0.005950 1.604674
0.423579 0.028555 0.044491 0.024036 0.001904 0.471464 0.005973 1.607589
0.428575 0.026764 0.043151 0.023222 0.001882 0.470406 0.006000 1.610329
0.433529 0.025211 0.041762 0.022420 0.001864 0.469192 0.006024 1.612856
0.438485 0.023703 0.040464 0.021645 0.001848 0.467807 0.006050 1.615259
0.443523 0.022336 0.039083 0.020876 0.001829 0.466277 0.006078 1.617495
0.448545 0.021044 0.037747 0.020078 0.001810 0.464674 0.006102 1.619606
0.453587 0.019846 0.036436 0.019381 0.001784 0.462840 0.006127 1.621608
0.458609 0.018738 0.035121 0.018612 0.001756 0.461012 0.006153 1.623500
0.463639 0.017715 0.033873 0.017919 0.001728 0.458948 0.006179 1.625266
0.468576 0.016686 0.032643 0.017251 0.001704 0.456941 0.006199 1.627011
0.473526 0.015695 0.031476 0.016564 0.001673 0.454842 0.006223 1.628661
0.478552 0.014869 0.030265 0.015887 0.001652 0.452530 0.006246 1.630148
0.483550 0.014065 0.029104 0.015230 0.001630 0.450154 0.006266 1.631566
0.488514 0.013312 0.028003 0.014620 0.001600 0.447664 0.006287 1.632944
0.493509 0.012600 0.026862 0.013997 0.001573 0.445146 0.006312 1.634203
0.498526 0.011899 0.025821 0.013399 0.001553 0.442473 0.006330 1.635442
0.503512 0.011333 0.024782 0.012818 0.001518 0.439689 0.006349 1.636550
0.508453 0.010781 0.023793 0.012286 0.001501 0.436820 0.006368 1.637641
0.513422 0.010241 0.022811 0.011749 0.001466 0.433920 0.006391 1.638683
0.518363 0.009796 0.021833 0.011293 0.001446 0.430864 0.006406 1.639634
0.523194 0.009346 0.020957 0.010809 0.001428 0.427844 0.006421 1.640568
0.528082 0.008910 0.020130 0.010372 0.001406 0.424667 0.006433 1.641473
0.533067 0.008498 0.019269 0.009894 0.001372 0.421454 0.006447 1.642307
0.537888 0.008105 0.018462 0.009471 0.001338 0.418271 0.006464 1.643124
0.542619 0.007762 0.017745 0.009077 0.001303 0.415012 0.006483 1.643893
0.547411 0.007431 0.017025 0.008691 0.001278 0.411670 0.006495 1.644627
0.552028 0.007151 0.016253 0.008339 0.001250 0.408472 0.006507 1.645310
0.556699 0.006905 0.015566 0.007959 0.001229 0.405124 0.006518 1.645976
0.561425 0.006597 0.014931 0.007636 0.001199 0.401676 0.006534 1.646653
0.566196 0.006358 0.014287 0.007306 0.001162 0.398139 0.006552 1.647269
0.570854 0.006102 0.013710 0.006989 0.001125 0.394646 0.006575 1.647872
0.575377 0.005859 0.013178 0.006676 0.001104 0.391221 0.006585 1.648461
0.579956 0.005635 0.012613 0.006373 0.001073 0.387749 0.006600 1.649015
0.584523 0.005453 0.012082 0.006105 0.001043 0.384181 0.006614 1.649543
0.589024 0.005278 0.011560 0.005856 0.001030 0.380629 0.006624 1.650058
0.593482 0.005111 0.011100 0.005575 0.001011 0.377085 0.006636 1.650543
0.597872 0.004955 0.010678 0.005338 0.000985 0.373526 0.006647 1.651036
0.602242 0.004770 0.010249 0.005120 0.000969 0.369992 0.006659 1.651516
0.606522 0.004607 0.009831 0.004930 0.000957 0.366483 0.006670 1.651988
0.610797 0.004458 0.009416 0.004739 0.000925 0.362978 0.006687 1.652414
0.615064 0.004292 0.009032 0.004547 0.000904 0.359465 0.006697 1.652836
0.619308 0.004160 0.008665 0.004361 0.000879 0.355917 0.006711 1.653225
0.623531 0.003999 0.008360 0.004198 0.000861 0.352334 0.006717 1.653646
0.627724 0.003878 0.008042 0.004004 0.000838 0.348790 0.006725 1.654030
0.631798 0.003738 0.007751 0.003852 0.000819 0.345306 0.006735 1.654412
0.635921 0.003633 0.007464 0.003693 0.000806 0.341739 0.006745 1.654769
0.639866 0.003518 0.007196 0.003551 0.000783 0.338330 0.006757 1.655119
0.643829 0.003374 0.006881 0.003415 0.000761 0.334970 0.006770 1.655466
0.647677 0.003285 0.006599 0.003292 0.000737 0.331632 0.006779 1.655765
0.651580 0.003180 0.006322 0.003160 0.000720 0.328248 0.006789 1.656090
0.655481 0.003109 0.006058 0.003021 0.000695 0.324838 0.006798 1.656377
0.659379 0.003015 0.005835 0.002900 0.000678 0.321386 0.006807 1.656680
0.663133 0.002915 0.005612 0.002809 0.000653 0.318062 0.006816 1.656996
0.666891 0.002817 0.005428 0.002701 0.000627 0.314705 0.006829 1.657285
0.670643 0.002739 0.005238 0.002606 0.000612 0.311327 0.006836 1.657558
0.674297 0.002676 0.005068 0.002493 0.000599 0.308021 0.006847 1.657816
0.677867 0.002617 0.004862 0.002398 0.000584 0.304819 0.006854 1.658067
0.681460 0.002567 0.004669 0.002311 0.000573 0.301558 0.006863 1.658314
0.684954 0.002533 0.004498 0.002214 0.000557 0.298373 0.006873 1.658534
0.688411 0.002465 0.004338 0.002140 0.000544 0.295223 0.006879 1.658777
0.691853 0.002378 0.004211 0.002055 0.000529 0.292085 0.006889 1.659032
0.695302 0.002330 0.004059 0.001985 0.000513 0.288912 0.006900 1.659261
0.698672 0.002288 0.003919 0.001918 0.000498 0.285798 0.006906 1.659469
0.702133 0.002220 0.003791 0.001858 0.000486 0.282599 0.006913 1.659702
0.705447 0.002184 0.003678 0.001808 0.000467 0.279495 0.006921 1.659908
0.708810 0.002143 0.003588 0.001743 0.000457 0.276332 0.006927 1.660115
0.712135 0.002080 0.003476 0.001684 0.000440 0.273253 0.006933 1.660324
0.715390 0.002028 0.003378 0.001626 0.000429 0.270211 0.006939 1.660532
0.718629 0.001984 0.003261 0.001562 0.000416 0.267205 0.006944 1.660716
0.721748 0.001950 0.003158 0.001521 0.000402 0.264273 0.006950 1.660907
0.724886 0.001902 0.003079 0.001477 0.000388 0.261310 0.006958 1.661093
0.727882 0.001874 0.003002 0.001437 0.000377 0.258466 0.006962 1.661276
0.730961 0.001818 0.002936 0.001398 0.000366 0.255555 0.006966 1.661471
0.734032 0.001765 0.002848 0.001355 0.000355 0.252672 0.006972 1.661651
0.737080 0.001720 0.002772 0.001307 0.000340 0.249801 0.006980 1.661818
0.740044 0.001682 0.002703 0.001278 0.000334 0.246974 0.006985 1.661987
0.742997 0.001617 0.002652 0.001233 0.000331 0.244185 0.006986 1.662160
0.745934 0.001589 0.002557 0.001200 0.000318 0.241410 0.006993 1.662323
0.748844 0.001540 0.002488 0.001159 0.000312 0.238659 0.006997 1.662485
0.751669 0.001522 0.002411 0.001111 0.000305 0.235980 0.007001 1.662624
0.754545 0.001466 0.002343 0.001079 0.000295 0.233269 0.007004 1.662794
0.757387 0.001435 0.002264 0.001041 0.000288 0.230576 0.007009 1.662928
0.760127 0.001417 0.002207 0.001013 0.000283 0.227941 0.007013 1.663063
0.762800 0.001377 0.002155 0.000995 0.000279 0.225379 0.007015 1.663204
0.765500 0.001358 0.002102 0.000964 0.000273 0.222785 0.007019 1.663343
0.768196 0.001351 0.002030 0.000950 0.000261 0.220190 0.007021 1.663464
0.770809 0.001318 0.001970 0.000923 0.000254 0.217703 0.007023 1.663595
0.773397 0.001284 0.001909 0.000897 0.000245 0.215242 0.007027 1.663722
0.775940 0.001263 0.001860 0.000876 0.000235 0.212795 0.007032 1.663849
0.778498 0.001222 0.001821 0.000860 0.000228 0.210338 0.007035 1.663978
0.781060 0.001176 0.001780 0.000846 0.000223 0.207879 0.007037 1.664106
0.783547 0.001147 0.001729 0.000826 0.000216 0.205495 0.007040 1.664227
0.785959 0.001123 0.001691 0.000803 0.000209 0.203174 0.007042 1.664342
0.788359 0.001092 0.001642 0.000800 0.000200 0.200863 0.007045 1.664461
0.790760 0.001062 0.001601 0.000783 0.000200 0.198550 0.007046 1.664572
0.793207 0.001040 0.001569 0.000756 0.000195 0.196185 0.007049 1.664679
0.795573 0.001031 0.001524 0.000732 0.000189 0.193901 0.007051 1.664774
0.797858 0.001003 0.001487 0.000721 0.000182 0.191694 0.007056 1.664882
0.800170 0.000985 0.001437 0.000701 0.000177 0.189474 0.007058 1.664974
0.802424 0.000983 0.001406 0.000672 0.000168 0.187287 0.007061 1.665057
0.804605 0.000973 0.001381 0.000651 0.000161 0.185164 0.007065 1.665153
0.806789 0.000965 0.001335 0.000633 0.000155 0.183054 0.007069 1.665234
0.808995 0.000943 0.001297 0.000620 0.000153 0.180922 0.007070 1.665330
0.811198 0.000939 0.001266 0.000600 0.000148 0.178778 0.007072 1.665412
0.813352 0.000916 0.001242 0.000591 0.000146 0.176680 0.007074 1.665504
0.815524 0.000900 0.001213 0.000584 0.000141 0.174560 0.007077 1.665592
0.817632 0.000867 0.001183 0.000566 0.000137 0.172536 0.007078 1.665687
0.819659 0.000855 0.001159 0.000551 0.000134 0.170561 0.007080 1.665770
0.821708 0.000852 0.001140 0.000538 0.000126 0.168554 0.007082 1.665846
0.823710 0.000831 0.001115 0.000528 0.000124 0.166608 0.007084 1.665935
0.825664 0.000814 0.001085 0.000521 0.000121 0.164710 0.007085 1.666014
0.827640 0.000806 0.001066 0.000515 0.000120 0.162767 0.007087 1.666092
0.829552 0.000798 0.001050 0.000498 0.000121 0.160893 0.007088 1.666173
0.831479 0.000792 0.001021 0.000491 0.000119 0.159008 0.007090 1.666241
0.833409 0.000784 0.001005 0.000484 0.000118 0.157109 0.007090 1.666321
0.835298 0.000760 0.000995 0.000469 0.000116 0.155271 0.007092 1.666410
0.837166 0.000733 0.000977 0.000451 0.000113 0.153468 0.007093 1.666488
0.839027 0.000721 0.000949 0.000447 0.000112 0.151650 0.007094 1.666562
0.840836 0.000713 0.000936 0.000436 0.000111 0.149871 0.007096 1.666634
0.842680 0.000708 0.000921 0.000421 0.000110 0.148064 0.007096 1.666706
0.844385 0.000703 0.000900 0.000416 0.000106 0.146392 0.007098 1.666778
0.846193 0.000701 0.000876 0.000409 0.000102 0.144619 0.007100 1.666837
0.847859 0.000698 0.000856 0.000400 0.000099 0.142988 0.007100 1.666900
0.849577 0.000686 0.000846 0.000381 0.000097 0.141312 0.007101 1.666967
0.851282 0.000668 0.000834 0.000376 0.000094 0.139644 0.007103 1.667033
0.853044 0.000657 0.000814 0.000367 0.000093 0.137922 0.007104 1.667097
0.854702 0.000641 0.000814 0.000363 0.000091 0.136283 0.007105 1.667169
0.856412 0.000633 0.000800 0.000356 0.000089 0.134603 0.007106 1.667230
0.857985 0.000622 0.000780 0.000358 0.000087 0.133062 0.007107 1.667292
0.859595 0.000625 0.000765 0.000350 0.000083 0.131474 0.007109 1.667345
0.861165 0.000610 0.000766 0.000332 0.000081 0.129936 0.007110 1.667409
0.862738 0.000607 0.000750 0.000330 0.000080 0.128386 0.007110 1.667465
0.864302 0.000590 0.000746 0.000324 0.000078 0.126849 0.007110 1.667535
0.865781 0.000591 0.000726 0.000314 0.000078 0.125400 0.007110 1.667586
0.867259 0.000575 0.000719 0.000317 0.000074 0.123944 0.007112 1.667648
0.868749 0.000576 0.000697 0.000321 0.000071 0.122474 0.007113 1.667704
0.870208 0.000564 0.000683 0.000321 0.000068 0.121041 0.007114 1.667761
0.871690 0.000555 0.000654 0.000318 0.000067 0.119602 0.007115 1.667817
0.873093 0.000550 0.000647 0.000315 0.000065 0.118214 0.007117 1.667871
0.874512 0.000538 0.000632 0.000313 0.000063 0.116825 0.007118 1.667927
0.875956 0.000529 0.000624 0.000309 0.000062 0.115403 0.007118 1.667979
0.877293 0.000526 0.000616 0.000308 0.000061 0.114077 0.007119 1.668029
0.878601 0.000525 0.000612 0.000295 0.000058 0.112789 0.007120 1.668078
0.879971 0.000505 0.000605 0.000298 0.000056 0.111445 0.007121 1.668133
0.881259 0.000500 0.000588 0.000289 0.000055 0.110186 0.007122 1.668176
0.882553 0.000482 0.000585 0.000287 0.000054 0.108916 0.007122 1.668234
0.883850 0.000476 0.000577 0.000280 0.000053 0.107640 0.007123 1.668278
0.885126 0.000458 0.000572 0.000280 0.000052 0.106388 0.007124 1.668327
0.886359 0.000450 0.000570 0.000274 0.000051 0.105171 0.007124 1.668375
0.887588 0.000450 0.000563 0.000266 0.000051 0.103958 0.007125 1.668418
0.888801 0.000448 0.000547 0.000259 0.000049 0.102771 0.007126 1.668455
0.889961 0.000443 0.000533 0.000254 0.000047 0.101635 0.007127 1.668498
0.891136 0.000436 0.000533 0.000254 0.000045 0.100467 0.007128 1.668544
0.892274 0.000436 0.000521 0.000251 0.000044 0.099346 0.007129 1.668584
0.893375 0.000433 0.000510 0.000246 0.000044 0.098265 0.007129 1.668621
0.894448 0.000431 0.000496 0.000237 0.000043 0.097216 0.007129 1.668657
0.895554 0.000413 0.000500 0.000232 0.000043 0.096129 0.007130 1.668701
0.896590 0.000413 0.000487 0.000226 0.000044 0.095111 0.007130 1.668733
0.897632 0.000406 0.000481 0.000227 0.000043 0.094081 0.007131 1.668780
0.898674 0.000399 0.000477 0.000224 0.000042 0.093055 0.007131 1.668821
0.899713 0.000386 0.000474 0.000222 0.000041 0.092034 0.007132 1.668864
0.900757 0.000373 0.000465 0.000217 0.000040 0.091016 0.007132 1.668906
0.901729 0.000374 0.000452 0.000215 0.000038 0.090058 0.007134 1.668940
0.902721 0.000371 0.000441 0.000210 0.000036 0.089086 0.007136 1.668974
0.903655 0.000370 0.000435 0.000204 0.000036 0.088164 0.007136 1.669010
0.904622 0.000365 0.000427 0.000196 0.000036 0.087219 0.007137 1.669045
0.905530 0.000368 0.000422 0.000189 0.000034 0.086321 0.007138 1.669075
0.906479 0.000363 0.000409 0.000181 0.000033 0.085395 0.007139 1.669108
0.907363 0.000353 0.000413 0.000179 0.000033 0.084521 0.007139 1.669147
0.908234 0.000352 0.000399 0.000175 0.000032 0.083670 0.007139 1.669179
0.909129 0.000351 0.000394 0.000177 0.000031 0.082779 0.007139 1.669216
0.909996 0.000348 0.000386 0.000176 0.000029 0.081925 0.007140 1.669252
0.910855 0.000353 0.000372 0.000170 0.000028 0.081082 0.007140 1.669280
0.911711 0.000333 0.000373 0.000175 0.000027 0.080242 0.007140 1.669328
0.912551 0.000319 0.000370 0.000174 0.000025 0.079421 0.007141 1.669360
0.913344 0.000312 0.000369 0.000173 0.000025 0.078636 0.007141 1.669393
0.914162 0.000317 0.000355 0.000168 0.000024 0.077831 0.007142 1.669418
0.914953 0.000309 0.000350 0.000169 0.000024 0.077054 0.007142 1.669452
0.915719 0.000303 0.000349 0.000170 0.000023 0.076294 0.007142 1.669482
0.916478 0.000302 0.000342 0.000165 0.000022 0.075548 0.007143 1.669510
0.917245 0.000307 0.000333 0.000161 0.000021 0.074789 0.007144 1.669533
0.917986 0.000296 0.000333 0.000159 0.000020 0.074062 0.007144 1.669566
0.918736 0.000291 0.000323 0.000155 0.000020 0.073332 0.007144 1.669592
0.919449 0.000280 0.000322 0.000156 0.000020 0.072629 0.007144 1.669621
0.920171 0.000280 0.000308 0.000154 0.000020 0.071923 0.007145 1.669646
0.920821 0.000280 0.000299 0.000147 0.000020 0.071289 0.007145 1.669666
0.921468 0.000283 0.000293 0.000147 0.000019 0.070645 0.007145 1.669691
0.922135 0.000275 0.000295 0.000142 0.000019 0.069989 0.007145 1.669722
0.922801 0.000273 0.000285 0.000146 0.000018 0.069332 0.007146 1.669743
0.923415 0.000276 0.000281 0.000141 0.000016 0.068723 0.007147 1.669765
0.924069 0.000260 0.000288 0.000139 0.000016 0.068081 0.007147 1.669797
0.924704 0.000253 0.000290 0.000140 0.000016 0.067449 0.007148 1.669824
0.925334 0.000239 0.000291 0.000142 0.000016 0.066832 0.007148 1.669855
0.925958 0.000235 0.000287 0.000133 0.000015 0.066224 0.007148 1.669879
0.926559 0.000226 0.000285 0.000130 0.000015 0.065637 0.007148 1.669904
0.927132 0.000220 0.000280 0.000123 0.000015 0.065081 0.007149 1.669924
0.927711 0.000217 0.000277 0.000119 0.000013 0.064514 0.007149 1.669947
0.928272 0.000217 0.000273 0.000115 0.000013 0.063962 0.007149 1.669968
0.928800 0.000217 0.000266 0.000112 0.000012 0.063443 0.007150 1.669990
0.929344 0.000214 0.000264 0.000109 0.000011 0.062908 0.007151 1.670011
0.929855 0.000207 0.000261 0.000110 0.000011 0.062407 0.007151 1.670036
0.930364 0.000216 0.000254 0.000108 0.000011 0.061897 0.007151 1.670056
0.930872 0.000210 0.000255 0.000107 0.000011 0.061394 0.007151 1.670081
0.931380 0.000209 0.000247 0.000107 0.000010 0.060896 0.007151 1.670103
0.931849 0.000201 0.000248 0.000107 0.000010 0.060434 0.007151 1.670129
0.932317 0.000201 0.000247 0.000103 0.000010 0.059971 0.007151 1.670147
0.932785 0.000198 0.000240 0.000098 0.000010 0.059517 0.007151 1.670169
0.933193 0.000198 0.000230 0.000099 0.000009 0.059119 0.007152 1.670187
0.933588 0.000191 0.000227 0.000098 0.000010 0.058735 0.007152 1.670209
0.934000 0.000196 0.000219 0.000097 0.000010 0.058327 0.007152 1.670225
0.934398 0.000197 0.000212 0.000094 0.000010 0.057938 0.007152 1.670243
0.934777 0.000196 0.000207 0.000095 0.000010 0.057563 0.007152 1.670262
0.935141 0.000189 0.000207 0.000093 0.000009 0.057209 0.007152 1.670281
0.935511 0.000191 0.000202 0.000089 0.000008 0.056846 0.007153 1.670297
0.935875 0.000193 0.000202 0.000088 0.000008 0.056482 0.007153 1.670313
0.936228 0.000184 0.000201 0.000087 0.000008 0.056141 0.007153 1.670334
0.936561 0.000179 0.000191 0.000091 0.000008 0.055817 0.007153 1.670353
0.936899 0.000178 0.000193 0.000089 0.000007 0.055482 0.007153 1.670369
0.937235 0.000179 0.000191 0.000088 0.000007 0.055147 0.007153 1.670384
0.937563 0.000179 0.000189 0.000087 0.000007 0.054821 0.007153 1.670401
0.937896 0.000173 0.000188 0.000087 0.000007 0.054497 0.007153 1.670422
0.938229 0.000170 0.000185 0.000085 0.000007 0.054171 0.007153 1.670437
0.938551 0.000164 0.000183 0.000083 0.000007 0.053858 0.007153 1.670455
0.938878 0.000162 0.000178 0.000084 0.000007 0.053537 0.007153 1.670472
0.939181 0.000161 0.000178 0.000087 0.000006 0.053234 0.007153 1.670489
0.939461 0.000160 0.000173 0.000087 0.000005 0.052960 0.007155 1.670503
0.939731 0.000160 0.000175 0.000086 0.000005 0.052687 0.007155 1.670518
0.939986 0.000157 0.000178 0.000086 0.000005 0.052433 0.007155 1.670537
0.940261 0.000150 0.000179 0.000084 0.000004 0.052167 0.007155 1.670552
0.940507 0.000147 0.000175 0.000088 0.000005 0.051922 0.007155 1.670567
0.940735 0.000151 0.000169 0.000083 0.000004 0.051702 0.007156 1.670577
0.940977 0.000144 0.000169 0.000082 0.000004 0.051468 0.007156 1.670594
0.941202 0.000148 0.000164 0.000078 0.000004 0.051247 0.007156 1.670604
0.941436 0.000154 0.000159 0.000076 0.000003 0.051015 0.007156 1.670614
0.941668 0.000149 0.000157 0.000081 0.000003 0.050786 0.007156 1.670634
0.941896 0.000149 0.000157 0.000078 0.000003 0.050560 0.007156 1.670647
0.942124 0.000142 0.000156 0.000078 0.000003 0.050341 0.007156 1.670663
0.942337 0.000140 0.000156 0.000076 0.000003 0.050132 0.007156 1.670676
0.942543 0.000144 0.000150 0.000074 0.000003 0.049930 0.007156 1.670686
0.942750 0.000139 0.000148 0.000072 0.000003 0.049732 0.007156 1.670701
0.942956 0.000137 0.000153 0.000075 0.000002 0.049520 0.007156 1.670718
0.943137 0.000137 0.000147 0.000074 0.000002 0.049346 0.007156 1.670727
0.943342 0.000136 0.000149 0.000074 0.000002 0.049140 0.007156 1.670743
0.943548 0.000136 0.000144 0.000073 0.000003 0.048939 0.007156 1.670756
0.943729 0.000133 0.000142 0.000073 0.000003 0.048765 0.007156 1.670766
0.943908 0.000130 0.000138 0.000077 0.000004 0.048588 0.007156 1.670781
0.944097 0.000127 0.000132 0.000073 0.000004 0.048410 0.007156 1.670791
0.944251 0.000126 0.000128 0.000071 0.000004 0.048263 0.007156 1.670801
0.944440 0.000122 0.000129 0.000074 0.000004 0.048073 0.007156 1.670815
0.944610 0.000125 0.000125 0.000073 0.000004 0.047905 0.007156 1.670827
0.944781 0.000120 0.000123 0.000070 0.000005 0.047744 0.007156 1.670839
0.944939 0.000123 0.000118 0.000067 0.000004 0.047591 0.007156 1.670849
0.945082 0.000121 0.000120 0.000062 0.000004 0.047455 0.007156 1.670858
0.945231 0.000119 0.000122 0.000059 0.000004 0.047308 0.007157 1.670875
0.945362 0.000123 0.000125 0.000058 0.000003 0.047171 0.007157 1.670888
0.945504 0.000127 0.000121 0.000053 0.000003 0.047034 0.007157 1.670897
0.945640 0.000122 0.000124 0.000055 0.000003 0.046899 0.007157 1.670912
0.945788 0.000122 0.000119 0.000056 0.000003 0.046753 0.007157 1.670923
0.945923 0.000125 0.000117 0.000054 0.000004 0.046620 0.007157 1.670930
0.946042 0.000122 0.000116 0.000054 0.000004 0.046505 0.007157 1.670941
0.946174 0.000117 0.000116 0.000053 0.000004 0.046378 0.007157 1.670955
0.946287 0.000116 0.000115 0.000055 0.000004 0.046264 0.007157 1.670966
0.946413 0.000117 0.000112 0.000054 0.000004 0.046142 0.007157 1.670974
0.946531 0.000110 0.000120 0.000052 0.000004 0.046025 0.007157 1.670989
0.946655 0.000111 0.000117 0.000053 0.000004 0.045900 0.007157 1.671000
0.946771 0.000108 0.000119 0.000053 0.000005 0.045786 0.007157 1.671012
0.946892 0.000106 0.000119 0.000055 0.000005 0.045666 0.007157 1.671024
0.947009 0.000103 0.000118 0.000052 0.000004 0.045555 0.007158 1.671035
0.947087 0.000106 0.000116 0.000051 0.000004 0.045476 0.007158 1.671044
0.947191 0.000108 0.000116 0.000044 0.000004 0.045378 0.007158 1.671052
0.947285 0.000104 0.000115 0.000043 0.000003 0.045290 0.007158 1.671062
0.947372 0.000109 0.000110 0.000040 0.000002 0.045206 0.007159 1.671067
0.947461 0.000104 0.000112 0.000041 0.000002 0.045120 0.007159 1.671082
0.947555 0.000105 0.000114 0.000041 0.000002 0.045024 0.007159 1.671092
0.947645 0.000103 0.000111 0.000041 0.000002 0.044939 0.007159 1.671101
0.947727 0.000096 0.000112 0.000040 0.000002 0.044863 0.007159 1.671112
0.947807 0.000096 0.000110 0.000042 0.000002 0.044784 0.007159 1.671122
0.947897 0.000094 0.000109 0.000042 0.000002 0.044695 0.007159 1.671132
0.947993 0.000094 0.000112 0.000041 0.000002 0.044598 0.007159 1.671140
0.948067 0.000092 0.000114 0.000043 0.000002 0.044522 0.007159 1.671152
0.948149 0.000093 0.000113 0.000045 0.000002 0.044438 0.007159 1.671161
0.948223 0.000092 0.000112 0.000045 0.000002 0.044366 0.007159 1.671169
0.948305 0.000089 0.000110 0.000044 0.000003 0.044289 0.007159 1.671180
0.948378 0.000086 0.000110 0.000043 0.000003 0.044220 0.007159 1.671191
0.948440 0.000083 0.000105 0.000046 0.000003 0.044163 0.007159 1.671202
0.948517 0.000080 0.000109 0.000044 0.000004 0.044088 0.007159 1.671210
0.948583 0.000079 0.000111 0.000041 0.000004 0.044022 0.007159 1.671220
0.948648 0.000078 0.000108 0.000042 0.000003 0.043960 0.007159 1.671228
0.948723 0.000076 0.000106 0.000040 0.000003 0.043892 0.007159 1.671235
0.948791 0.000076 0.000102 0.000041 0.000003 0.043827 0.007159 1.671241
0.948869 0.000077 0.000098 0.000041 0.000003 0.043753 0.007159 1.671246
0.948934 0.000074 0.000096 0.000037 0.000004 0.043695 0.007159 1.671254
0.948991 0.000076 0.000095 0.000036 0.000004 0.043638 0.007159 1.671259
0.949051 0.000080 0.000093 0.000035 0.000003 0.043578 0.007159 1.671262
0.949111 0.000082 0.000088 0.000033 0.000003 0.043523 0.007159 1.671268
0.949170 0.000081 0.000088 0.000032 0.000003 0.043465 0.007159 1.671275
0.949223 0.000080 0.000086 0.000036 0.000003 0.043412 0.007159 1.671284
0.949280 0.000079 0.000083 0.000039 0.000003 0.043357 0.007159 1.671294
0.949341 0.000078 0.000084 0.000040 0.000003 0.043296 0.007159 1.671302
0.949400 0.000074 0.000084 0.000040 0.000003 0.043238 0.007159 1.671310
0.949457 0.000071 0.000084 0.000042 0.000003 0.043182 0.007159 1.671320
0.949506 0.000071 0.000079 0.000038 0.000003 0.043143 0.007159 1.671324
0.949556 0.000070 0.000077 0.000037 0.000003 0.043097 0.007159 1.671331
0.949612 0.000071 0.000076 0.000038 0.000003 0.043041 0.007159 1.671337
0.949663 0.000067 0.000075 0.000038 0.000003 0.042993 0.007159 1.671346
0.949711 0.000066 0.000075 0.000038 0.000003 0.042948 0.007159 1.671353
0.949751 0.000063 0.000075 0.000038 0.000003 0.042910 0.007159 1.671360
0.949794 0.000064 0.000075 0.000040 0.000003 0.042865 0.007159 1.671365
0.949846 0.000063 0.000073 0.000039 0.000003 0.042817 0.007159 1.671370
0.949895 0.000063 0.000073 0.000039 0.000003 0.042768 0.007159 1.671375
0.949940 0.000062 0.000073 0.000038 0.000003 0.042724 0.007159 1.671382
0.949986 0.000059 0.000073 0.000036 0.000003 0.042684 0.007159 1.671390
0.950028 0.000055 0.000076 0.000036 0.000003 0.042643 0.007159 1.671400
0.950068 0.000054 0.000076 0.000035 0.000003 0.042604 0.007159 1.671406
0.950115 0.000052 0.000074 0.000036 0.000003 0.042561 0.007159 1.671410
0.950154 0.000053 0.000074 0.000033 0.000003 0.042523 0.007159 1.671415
0.950194 0.000056 0.000072 0.000030 0.000003 0.042485 0.007160 1.671419
0.950231 0.000054 0.000072 0.000031 0.000003 0.042448 0.007160 1.671425
0.950271 0.000050 0.000072 0.000030 0.000003 0.042414 0.007160 1.671434
0.950314 0.000050 0.000071 0.000028 0.000003 0.042375 0.007160 1.671438
0.950349 0.000050 0.000073 0.000027 0.000003 0.042338 0.007160 1.671443
0.950382 0.000051 0.000069 0.000026 0.000002 0.042309 0.007160 1.671447
0.950412 0.000053 0.000068 0.000026 0.000002 0.042279 0.007160 1.671450
0.950449 0.000049 0.000067 0.000025 0.000003 0.042246 0.007160 1.671456
0.950486 0.000048 0.000065 0.000025 0.000003 0.042211 0.007160 1.671461
0.950519 0.000046 0.000066 0.000025 0.000003 0.042181 0.007160 1.671469
0.950550 0.000042 0.000067 0.000025 0.000003 0.042151 0.007160 1.671475
0.950582 0.000042 0.000063 0.000025 0.000003 0.042124 0.007160 1.671478
0.950609 0.000044 0.000058 0.000022 0.000003 0.042103 0.007160 1.671481
0.950642 0.000044 0.000059 0.000021 0.000004 0.042069 0.007160 1.671486
0.950670 0.000044 0.000057 0.000022 0.000004 0.042042 0.007160 1.671490
0.950704 0.000045 0.000057 0.000021 0.000004 0.042008 0.007160 1.671494
0.950734 0.000041 0.000058 0.000022 0.000004 0.041980 0.007160 1.671499
0.950759 0.000040 0.000057 0.000022 0.000004 0.041957 0.007160 1.671504
0.950790 0.000039 0.000058 0.000023 0.000004 0.041925 0.007160 1.671508
0.950816 0.000036 0.000055 0.000022 0.000004 0.041907 0.007160 1.671512
0.950848 0.000034 0.000053 0.000024 0.000004 0.041876 0.007160 1.671516
0.950879 0.000036 0.000053 0.000022 0.000004 0.041846 0.007160 1.671517
0.950902 0.000037 0.000051 0.000022 0.000003 0.041824 0.007160 1.671519
0.950924 0.000037 0.000050 0.000022 0.000003 0.041803 0.007160 1.671522
0.950952 0.000035 0.000046 0.000023 0.000003 0.041780 0.007160 1.671526
0.950979 0.000037 0.000044 0.000021 0.000003 0.041755 0.007160 1.671529
0.950997 0.000037 0.000041 0.000022 0.000003 0.041738 0.007160 1.671533
0.951016 0.000038 0.000038 0.000022 0.000003 0.041723 0.007160 1.671536
0.951039 0.000034 0.000041 0.000022 0.000003 0.041700 0.007160 1.671542
0.951062 0.000033 0.000039 0.000021 0.000002 0.041682 0.007160 1.671545
0.951084 0.000031 0.000038 0.000021 0.000002 0.041663 0.007160 1.671548
0.951111 0.000033 0.000034 0.000020 0.000002 0.041638 0.007160 1.671549
0.951129 0.000033 0.000034 0.000020 0.000002 0.041621 0.007161 1.671552
0.951152 0.000031 0.000033 0.000019 0.000002 0.041602 0.007161 1.671555
0.951167 0.000027 0.000033 0.000018 0.000001 0.041593 0.007161 1.671560
0.951182 0.000026 0.000031 0.000018 0.000001 0.041580 0.007161 1.671563
0.951205 0.000024 0.000028 0.000019 0.000002 0.041560 0.007161 1.671566
0.951222 0.000024 0.000028 0.000018 0.000002 0.041545 0.007161 1.671569
0.951238 0.000023 0.000027 0.000016 0.000002 0.041532 0.007161 1.671572
0.951253 0.000022 0.000026 0.000016 0.000003 0.041519 0.007161 1.671574
0.951270 0.000020 0.000026 0.000016 0.000002 0.041504 0.007161 1.671577
0.951286 0.000021 0.000024 0.000016 0.000002 0.041489 0.007161 1.671579
0.951298 0.000021 0.000027 0.000015 0.000002 0.041476 0.007161 1.671581
0.951311 0.000018 0.000025 0.000015 0.000002 0.041466 0.007161 1.671584
0.951324 0.000019 0.000024 0.000015 0.000002 0.041455 0.007161 1.671585
0.951340 0.000018 0.000024 0.000014 0.000002 0.041441 0.007161 1.671587
0.951352 0.000017 0.000023 0.000012 0.000002 0.041432 0.007161 1.671589
0.951365 0.000018 0.000023 0.000011 0.000002 0.041420 0.007161 1.671591
0.951377 0.000017 0.000024 0.000010 0.000003 0.041408 0.007161 1.671593
0.951392 0.000017 0.000024 0.000011 0.000003 0.041393 0.007161 1.671595
0.951407 0.000018 0.000022 0.000009 0.000003 0.041380 0.007161 1.671595
0.951421 0.000018 0.000022 0.000010 0.000003 0.041365 0.007161 1.671598
0.951429 0.000019 0.000021 0.000009 0.000002 0.041358 0.007161 1.671599
0.951438 0.000020 0.000022 0.000010 0.000002 0.041347 0.007161 1.671601
0.951453 0.000020 0.000021 0.000010 0.000002 0.041333 0.007161 1.671602
0.951465 0.000020 0.000021 0.000010 0.000002 0.041321 0.007161 1.671604
0.951476 0.000019 0.000019 0.000009 0.000002 0.041313 0.007161 1.671606
0.951486 0.000018 0.000020 0.000009 0.000002 0.041303 0.007161 1.671608
0.951494 0.000020 0.000019 0.000009 0.000002 0.041295 0.007161 1.671609
0.951504 0.000015 0.000018 0.000011 0.000002 0.041288 0.007161 1.671614
0.951515 0.000016 0.000017 0.000010 0.000002 0.041278 0.007161 1.671615
0.951524 0.000014 0.000016 0.000011 0.000002 0.041271 0.007161 1.671617
0.951533 0.000014 0.000017 0.000010 0.000002 0.041263 0.007161 1.671619
0.951545 0.000013 0.000017 0.000010 0.000002 0.041252 0.007161 1.671620
0.951553 0.000014 0.000014 0.000009 0.000002 0.041247 0.007161 1.671620
0.951565 0.000013 0.000014 0.000009 0.000002 0.041235 0.007161 1.671621
0.951575 0.000012 0.000015 0.000008 0.000002 0.041226 0.007161 1.671623
0.951580 0.000011 0.000014 0.000009 0.000002 0.041222 0.007161 1.671625
0.951583 0.000013 0.000015 0.000009 0.000002 0.041217 0.007161 1.671626
0.951590 0.000013 0.000014 0.000010 0.000002 0.041210 0.007161 1.671627
0.951598 0.000013 0.000012 0.000010 0.000002 0.041205 0.007161 1.671628
0.951605 0.000012 0.000013 0.000009 0.000002 0.041198 0.007161 1.671629
0.951611 0.000012 0.000013 0.000008 0.000002 0.041192 0.007161 1.671630
0.951616 0.000014 0.000012 0.000008 0.000002 0.041187 0.007161 1.671630
0.951620 0.000014 0.000012 0.000008 0.000002 0.041183 0.007161 1.671632
0.951628 0.000014 0.000012 0.000008 0.000002 0.041175 0.007161 1.671634
0.951634 0.000014 0.000012 0.000008 0.000002 0.041169 0.007161 1.671635
0.951643 0.000013 0.000012 0.000008 0.000002 0.041160 0.007161 1.671636
0.951648 0.000015 0.000011 0.000008 0.000002 0.041154 0.007161 1.671637
0.951654 0.000013 0.000012 0.000009 0.000001 0.041149 0.007161 1.671639
0.951659 0.000013 0.000012 0.000008 0.000001 0.041145 0.007161 1.671640
0.951667 0.000012 0.000012 0.000006 0.000001 0.041140 0.007161 1.671642
0.951675 0.000012 0.000011 0.000007 0.000001 0.041133 0.007161 1.671642
0.951679 0.000013 0.000011 0.000005 0.000001 0.041130 0.007161 1.671643
0.951683 0.000014 0.000009 0.000004 0.000001 0.041128 0.007161 1.671643
0.951689 0.000014 0.000008 0.000005 0.000001 0.041122 0.007161 1.671644
0.951696 0.000014 0.000007 0.000005 0.000001 0.041115 0.007161 1.671645
0.951701 0.000015 0.000007 0.000006 0.000001 0.041110 0.007161 1.671646
0.951706 0.000015 0.000007 0.000005 0.000001 0.041105 0.007161 1.671646
0.951712 0.000013 0.000007 0.000006 0.000001 0.041100 0.007161 1.671648
0.951717 0.000014 0.000007 0.000006 0.000001 0.041094 0.007161 1.671648
0.951721 0.000015 0.000007 0.000006 0.000000 0.041090 0.007161 1.671648
0.951725 0.000015 0.000006 0.000005 0.000000 0.041087 0.007161 1.671649
0.951729 0.000014 0.000006 0.000006 0.000000 0.041083 0.007161 1.671650
0.951733 0.000013 0.000007 0.000005 0.000001 0.041079 0.007161 1.671652
0.951734 0.000014 0.000007 0.000006 0.000001 0.041076 0.007161 1.671653
0.951737 0.000012 0.000008 0.000006 0.000001 0.041074 0.007161 1.671655
0.951741 0.000012 0.000008 0.000006 0.000001 0.041069 0.007161 1.671657
0.951745 0.000011 0.000009 0.000005 0.000001 0.041067 0.007161 1.671658
0.951746 0.000011 0.000010 0.000005 0.000001 0.041066 0.007161 1.671659
0.951746 0.000012 0.000010 0.000006 0.000001 0.041064 0.007161 1.671662
0.951748 0.000013 0.000010 0.000005 0.000001 0.041061 0.007161 1.671663
0.951751 0.000013 0.000010 0.000005 0.000001 0.041058 0.007161 1.671663
0.951754 0.000012 0.000009 0.000006 0.000001 0.041056 0.007161 1.671664
0.951757 0.000012 0.000010 0.000006 0.000000 0.041053 0.007162 1.671665
0.951759 0.000013 0.000010 0.000006 0.000000 0.041050 0.007162 1.671667
0.951759 0.000012 0.000011 0.000007 0.000000 0.041048 0.007162 1.671669
0.951758 0.000014 0.000011 0.000006 0.000000 0.041049 0.007162 1.671670
0.951758 0.000014 0.000012 0.000005 0.000000 0.041048 0.007162 1.671672
0.951759 0.000012 0.000013 0.000005 0.000000 0.041048 0.007162 1.671674
0.951760 0.000013 0.000013 0.000006 0.000000 0.041045 0.007162 1.671676
0.951762 0.000013 0.000013 0.000006 0.000000 0.041043 0.007162 1.671677
0.951764 0.000012 0.000013 0.000005 0.000000 0.041042 0.007162 1.671678
0.951765 0.000013 0.000013 0.000005 0.000000 0.041040 0.007162 1.671679
0.951766 0.000014 0.000013 0.000006 0.000000 0.041039 0.007162 1.671681
0.951767 0.000016 0.000013 0.000006 0.000000 0.041036 0.007162 1.671681
0.951768 0.000017 0.000013 0.000006 0.000000 0.041035 0.007162 1.671681
0.951770 0.000017 0.000013 0.000005 0.000000 0.041033 0.007162 1.671682
0.951770 0.000017 0.000013 0.000005 0.000000 0.041032 0.007162 1.671684
0.951771 0.000018 0.000013 0.000004 0.000000 0.041031 0.007162 1.671684
0.951772 0.000020 0.000011 0.000004 0.000000 0.041030 0.007162 1.671685
0.951774 0.000019 0.000012 0.000004 0.000000 0.041028 0.007162 1.671686
0.951773 0.000020 0.000012 0.000004 0.000000 0.041028 0.007162 1.671687
0.951772 0.000022 0.000012 0.000004 0.000000 0.041029 0.007162 1.671689
0.951773 0.000019 0.000013 0.000004 0.000000 0.041028 0.007162 1.671692
0.951774 0.000018 0.000015 0.000004 0.000000 0.041026 0.007162 1.671695
0.951775 0.000019 0.000015 0.000004 0.000000 0.041024 0.007162 1.671695
0.951774 0.000020 0.000013 0.000004 0.000000 0.041026 0.007162 1.671697
0.951775 0.000021 0.000015 0.000003 0.000000 0.041024 0.007162 1.671699
0.951771 0.000022 0.000017 0.000005 0.000000 0.041023 0.007162 1.671703
0.951773 0.000022 0.000016 0.000005 0.000000 0.041022 0.007162 1.671704
0.951773 0.000021 0.000019 0.000005 0.000000 0.041020 0.007162 1.671708
0.951772 0.000023 0.000017 0.000005 0.000000 0.041021 0.007162 1.671709
0.951774 0.000022 0.000017 0.000006 0.000000 0.041019 0.007162 1.671711
0.951775 0.000022 0.000018 0.000006 0.000000 0.041018 0.007162 1.671713
0.951772 0.000023 0.000018 0.000006 0.000000 0.041019 0.007162 1.671715
0.951774 0.000021 0.000020 0.000006 0.000000 0.041017 0.007162 1.671719
0.951776 0.000016 0.000023 0.000007 0.000000 0.041016 0.007162 1.671724
0.951774 0.000018 0.000024 0.000006 0.000000 0.041014 0.007162 1.671726
0.951774 0.000018 0.000023 0.000007 0.000000 0.041015 0.007162 1.671728
0.951774 0.000019 0.000024 0.000007 0.000000 0.041014 0.007162 1.671730
0.951774 0.000019 0.000024 0.000007 0.000000 0.041013 0.007162 1.671732
0.951772 0.000021 0.000023 0.000006 0.000000 0.041015 0.007162 1.671734
0.951772 0.000020 0.000024 0.000006 0.000000 0.041015 0.007162 1.671737
0.951771 0.000020 0.000023 0.000007 0.000000 0.041016 0.007162 1.671739
0.951770 0.000022 0.000023 0.000007 0.000000 0.041016 0.007162 1.671740
0.951770 0.000023 0.000021 0.000007 0.000000 0.041016 0.007162 1.671741
0.951770 0.000023 0.000022 0.000007 0.000000 0.041015 0.007162 1.671744
0.951771 0.000023 0.000023 0.000008 0.000000 0.041014 0.007162 1.671747
0.951769 0.000024 0.000023 0.000008 0.000000 0.041014 0.007162 1.671749
0.951768 0.000025 0.000023 0.000008 0.000000 0.041014 0.007162 1.671752
0.951771 0.000024 0.000022 0.000008 0.000000 0.041014 0.007162 1.671753
0.951770 0.000024 0.000022 0.000007 0.000000 0.041014 0.007162 1.671756
0.951769 0.000022 0.000023 0.000009 0.000000 0.041015 0.007162 1.671759
0.951774 0.000019 0.000025 0.000008 0.000000 0.041011 0.007162 1.671762
0.951775 0.000019 0.000027 0.000008 0.000000 0.041009 0.007162 1.671765
0.951773 0.000019 0.000026 0.000008 0.000000 0.041011 0.007162 1.671767
0.951772 0.000019 0.000027 0.000008 0.000000 0.041011 0.007162 1.671769
0.951772 0.000019 0.000025 0.000008 0.000000 0.041012 0.007162 1.671772
0.951770 0.000018 0.000026 0.000009 0.000000 0.041015 0.007162 1.671775
0.951768 0.000021 0.000027 0.000008 0.000000 0.041014 0.007162 1.671777
0.951765 0.000021 0.000025 0.000010 0.000000 0.041016 0.007162 1.671781
0.951765 0.000021 0.000025 0.000011 0.000000 0.041016 0.007162 1.671783
0.951767 0.000019 0.000024 0.000010 0.000000 0.041017 0.007162 1.671785
0.951770 0.000019 0.000024 0.000012 0.000000 0.041013 0.007162 1.671787
0.951771 0.000017 0.000025 0.000013 0.000000 0.041012 0.007162 1.671791
0.951769 0.000018 0.000025 0.000013 0.000000 0.041012 0.007162 1.671793
0.951768 0.000018 0.000022 0.000013 0.000000 0.041016 0.007162 1.671795
0.951767 0.000016 0.000024 0.000014 0.000000 0.041016 0.007162 1.671800
0.951767 0.000018 0.000023 0.000013 0.000000 0.041016 0.007162 1.671801
0.951767 0.000017 0.000023 0.000014 0.000000 0.041017 0.007162 1.671803
0.951767 0.000018 0.000022 0.000013 0.000000 0.041017 0.007162 1.671805
0.951765 0.000020 0.000020 0.000014 0.000000 0.041018 0.007162 1.671806
0.951766 0.000019 0.000022 0.000013 0.000000 0.041018 0.007162 1.671808
0.951766 0.000018 0.000020 0.000011 0.000000 0.041022 0.007162 1.671810
0.951766 0.000020 0.000020 0.000011 0.000000 0.041020 0.007162 1.671811
0.951766 0.000019 0.000019 0.000010 0.000000 0.041023 0.007162 1.671814
0.951769 0.000019 0.000018 0.000010 0.000000 0.041021 0.007162 1.671815
0.951769 0.000020 0.000021 0.000009 0.000000 0.041019 0.007162 1.671817
0.951769 0.000020 0.000020 0.000009 0.000000 0.041019 0.007162 1.671818
0.951770 0.000021 0.000019 0.000009 0.000000 0.041018 0.007162 1.671820
0.951772 0.000019 0.000019 0.000008 0.000000 0.041018 0.007162 1.671823
0.951774 0.000017 0.000020 0.000008 0.000000 0.041018 0.007162 1.671825
0.951774 0.000018 0.000018 0.000008 0.000000 0.041019 0.007162 1.671826
0.951777 0.000015 0.000019 0.000009 0.000000 0.041017 0.007162 1.671829
0.951779 0.000014 0.000019 0.000008 0.000000 0.041017 0.007162 1.671830
0.951779 0.000014 0.000019 0.000008 0.000000 0.041016 0.007162 1.671832
0.951781 0.000012 0.000020 0.000008 0.000000 0.041017 0.007162 1.671835
0.951784 0.000011 0.000019 0.000007 0.000000 0.041016 0.007162 1.671836
0.951783 0.000012 0.000018 0.000007 0.000000 0.041017 0.007162 1.671837
0.951784 0.000013 0.000016 0.000006 0.000000 0.041019 0.007162 1.671837
0.951786 0.000013 0.000014 0.000006 0.000000 0.041018 0.007162 1.671838
0.951789 0.000012 0.000016 0.000006 0.000000 0.041015 0.007162 1.671840
0.951791 0.000009 0.000017 0.000006 0.000000 0.041014 0.007162 1.671843
0.951794 0.000007 0.000017 0.000007 0.000000 0.041013 0.007162 1.671845
0.951794 0.000007 0.000017 0.000007 0.000000 0.041013 0.007162 1.671847
0.951794 0.000008 0.000016 0.000006 0.000000 0.041014 0.007162 1.671848
0.951795 0.000008 0.000016 0.000006 0.000000 0.041012 0.007162 1.671849
0.951798 0.000008 0.000014 0.000007 0.000000 0.041009 0.007162 1.671850
0.951797 0.000010 0.000013 0.000008 0.000000 0.041010 0.007162 1.671850
0.951798 0.000009 0.000012 0.000007 0.000000 0.041011 0.007162 1.671852
0.951799 0.000008 0.000013 0.000007 0.000000 0.041010 0.007162 1.671853
0.951798 0.000010 0.000013 0.000006 0.000000 0.041010 0.007162 1.671854
0.951801 0.000008 0.000012 0.000007 0.000000 0.041008 0.007162 1.671855
0.951802 0.000009 0.000012 0.000007 0.000000 0.041007 0.007162 1.671855
0.951804 0.000007 0.000012 0.000008 0.000000 0.041007 0.007162 1.671858
0.951806 0.000008 0.000012 0.000007 0.000001 0.041004 0.007162 1.671858
0.951806 0.000009 0.000012 0.000006 0.000002 0.041004 0.007162 1.671858
0.951808 0.000008 0.000012 0.000006 0.000001 0.041003 0.007162 1.671858
0.951810 0.000009 0.000010 0.000006 0.000001 0.041001 0.007162 1.671858
0.951810 0.000009 0.000010 0.000006 0.000000 0.041001 0.007162 1.671859
0.951808 0.000011 0.000009 0.000006 0.000000 0.041002 0.007162 1.671859
0.951810 0.000010 0.000008 0.000006 0.000000 0.041002 0.007162 1.671860
0.951809 0.000012 0.000008 0.000006 0.000000 0.041002 0.007162 1.671861
0.951809 0.000012 0.000009 0.000006 0.000000 0.041001 0.007162 1.671862
0.951808 0.000011 0.000009 0.000006 0.000000 0.041002 0.007162 1.671864
0.951811 0.000011 0.000010 0.000006 0.000000 0.040999 0.007162 1.671865
0.951812 0.000011 0.000009 0.000006 0.000000 0.040999 0.007162 1.671865
0.951813 0.000010 0.000009 0.000005 0.000000 0.040999 0.007162 1.671867
0.951814 0.000009 0.000011 0.000006 0.000000 0.040997 0.007162 1.671869
0.951817 0.000010 0.000011 0.000005 0.000000 0.040994 0.007162 1.671869
0.951819 0.000010 0.000011 0.000005 0.000000 0.040992 0.007162 1.671870
0.951821 0.000010 0.000010 0.000005 0.000000 0.040990 0.007162 1.671870
0.951823 0.000010 0.000010 0.000006 0.000000 0.040989 0.007162 1.671872
0.951823 0.000012 0.000010 0.000005 0.000000 0.040987 0.007162 1.671872
0.951824 0.000011 0.000008 0.000006 0.000000 0.040988 0.007162 1.671873
