0.347515 0.062202 0.055448 0.031782 0.002064 0.494951 0.006039 1.618924
0.349346 0.060607 0.055357 0.031678 0.002060 0.494883 0.006070 1.624914
0.351725 0.058602 0.055166 0.031534 0.002053 0.494822 0.006098 1.630788
0.354524 0.056427 0.054810 0.031300 0.002037 0.494777 0.006125 1.636375
0.357487 0.054321 0.054355 0.031032 0.002038 0.494615 0.006152 1.641758
0.360560 0.052274 0.053774 0.030673 0.002020 0.494513 0.006188 1.646894
0.363785 0.050162 0.053273 0.030247 0.002009 0.494312 0.006212 1.651913
0.367199 0.047985 0.052654 0.029819 0.002030 0.494074 0.006238 1.656825
0.370816 0.045967 0.051953 0.029394 0.002031 0.493576 0.006263 1.661489
0.374322 0.044131 0.051127 0.028824 0.002047 0.493258 0.006290 1.665900
0.377960 0.042448 0.050295 0.028300 0.002031 0.492647 0.006319 1.670105
0.381699 0.040754 0.049432 0.027765 0.002027 0.491979 0.006343 1.674192
0.385501 0.039217 0.048384 0.027118 0.002029 0.491383 0.006369 1.678101
0.389474 0.037731 0.047413 0.026540 0.002013 0.490437 0.006393 1.681848
0.393334 0.036253 0.046365 0.026008 0.002004 0.489620 0.006417 1.685518
0.397339 0.034988 0.045302 0.025342 0.002005 0.488587 0.006437 1.688946
0.401325 0.033716 0.044284 0.024752 0.001998 0.487465 0.006460 1.692348
0.405375 0.032491 0.043267 0.024210 0.001981 0.486190 0.006486 1.695628
0.409456 0.031300 0.042258 0.023647 0.001977 0.484847 0.006515 1.698809
0.413576 0.030263 0.041285 0.022958 0.001965 0.483413 0.006540 1.701806
0.417773 0.029199 0.040291 0.022366 0.001932 0.481872 0.006568 1.704765
0.421839 0.028267 0.039286 0.021765 0.001910 0.480342 0.006591 1.707592
0.425984 0.027369 0.038279 0.021226 0.001884 0.478646 0.006614 1.710307
0.430103 0.026549 0.037271 0.020656 0.001860 0.476921 0.006640 1.712988
0.434249 0.025769 0.036281 0.020115 0.001842 0.475079 0.006664 1.715542
0.438427 0.025056 0.035293 0.019567 0.001828 0.473142 0.006687 1.717990
0.442640 0.024382 0.034325 0.019098 0.001800 0.471041 0.006714 1.720447
0.446677 0.023706 0.033374 0.018574 0.001778 0.469156 0.006733 1.722847
0.450905 0.023088 0.032444 0.018065 0.001745 0.466994 0.006759 1.725108
0.455002 0.022461 0.031625 0.017616 0.001714 0.464800 0.006782 1.727372
0.459177 0.021907 0.030799 0.017147 0.001693 0.462475 0.006802 1.729546
0.463316 0.021368 0.030036 0.016671 0.001674 0.460116 0.006820 1.731672
0.467458 0.020926 0.029309 0.016176 0.001658 0.457626 0.006847 1.733746
0.471548 0.020521 0.028582 0.015706 0.001628 0.455143 0.006872 1.735770
0.475677 0.020135 0.027866 0.015257 0.001609 0.452562 0.006896 1.737725
0.479867 0.019725 0.027173 0.014835 0.001577 0.449906 0.006915 1.739675
0.483784 0.019390 0.026450 0.014479 0.001552 0.447409 0.006937 1.741568
0.487805 0.019038 0.025854 0.014156 0.001519 0.444670 0.006958 1.743468
0.491808 0.018660 0.025274 0.013800 0.001507 0.441979 0.006972 1.745359
0.495780 0.018432 0.024575 0.013417 0.001477 0.439323 0.006995 1.747092
0.499802 0.018160 0.024004 0.013126 0.001443 0.436452 0.007012 1.748859
0.503740 0.017809 0.023510 0.012787 0.001419 0.433704 0.007032 1.750664
0.507684 0.017518 0.023018 0.012473 0.001391 0.430869 0.007049 1.752433
0.511573 0.017288 0.022524 0.012113 0.001393 0.428050 0.007061 1.754126
0.515394 0.017151 0.021993 0.011851 0.001364 0.425167 0.007080 1.755736
0.519159 0.016926 0.021551 0.011623 0.001336 0.422308 0.007097 1.757411
0.522937 0.016678 0.021133 0.011399 0.001316 0.419425 0.007112 1.759098
0.526648 0.016539 0.020685 0.011136 0.001293 0.416570 0.007128 1.760693
0.530384 0.016365 0.020240 0.010881 0.001282 0.413704 0.007145 1.762316
0.534034 0.016227 0.019895 0.010714 0.001263 0.410705 0.007160 1.763955
0.537727 0.016064 0.019564 0.010504 0.001246 0.407720 0.007175 1.765578
0.541472 0.015935 0.019254 0.010292 0.001226 0.404630 0.007191 1.767131
0.545094 0.015777 0.018923 0.010098 0.001210 0.401688 0.007211 1.768697
0.548684 0.015662 0.018597 0.009906 0.001192 0.398733 0.007227 1.770246
0.552071 0.015564 0.018330 0.009736 0.001172 0.395885 0.007242 1.771813
0.555551 0.015501 0.018038 0.009561 0.001143 0.392946 0.007259 1.773309
0.559097 0.015410 0.017731 0.009405 0.001121 0.389958 0.007277 1.774823
0.562575 0.015310 0.017469 0.009275 0.001109 0.386970 0.007290 1.776314
0.565911 0.015233 0.017179 0.009191 0.001073 0.384105 0.007307 1.777840
0.569201 0.015172 0.016906 0.009080 0.001053 0.381262 0.007326 1.779332
0.572566 0.015118 0.016684 0.008939 0.001043 0.378307 0.007342 1.780813
0.575840 0.015092 0.016478 0.008799 0.001027 0.375410 0.007352 1.782309
0.579016 0.015092 0.016271 0.008668 0.001008 0.372576 0.007369 1.783793
0.582142 0.015115 0.016087 0.008572 0.000988 0.369711 0.007387 1.785276
0.585262 0.015128 0.015884 0.008484 0.000985 0.366860 0.007397 1.786736
0.588304 0.015213 0.015687 0.008361 0.000960 0.364067 0.007408 1.788177
0.591362 0.015226 0.015491 0.008310 0.000941 0.361250 0.007421 1.789649
0.594400 0.015229 0.015347 0.008229 0.000928 0.358430 0.007436 1.791099
0.597396 0.015130 0.015290 0.008147 0.000912 0.355676 0.007449 1.792623
0.600417 0.015132 0.015158 0.008086 0.000897 0.352848 0.007462 1.794125
0.603287 0.015106 0.015023 0.008036 0.000883 0.350193 0.007473 1.795607
0.606190 0.015146 0.014942 0.008003 0.000881 0.347355 0.007482 1.797079
0.608946 0.015219 0.014894 0.007963 0.000870 0.344616 0.007491 1.798572
0.611774 0.015234 0.014773 0.007920 0.000858 0.341940 0.007500 1.800059
0.614576 0.015249 0.014695 0.007888 0.000854 0.339228 0.007509 1.801551
0.617208 0.015349 0.014623 0.007846 0.000854 0.336605 0.007514 1.803027
0.619832 0.015379 0.014571 0.007785 0.000835 0.334067 0.007531 1.804538
0.622472 0.015430 0.014565 0.007770 0.000823 0.331396 0.007544 1.806036
0.625137 0.015457 0.014532 0.007714 0.000811 0.328798 0.007552 1.807558
0.627726 0.015520 0.014430 0.007683 0.000808 0.326276 0.007557 1.809045
0.630201 0.015588 0.014383 0.007671 0.000792 0.323795 0.007569 1.810553
0.632638 0.015638 0.014363 0.007697 0.000779 0.321307 0.007578 1.812126
0.635039 0.015738 0.014368 0.007679 0.000771 0.318817 0.007589 1.813648
0.637335 0.015795 0.014349 0.007676 0.000754 0.316491 0.007600 1.815219
0.639608 0.015942 0.014301 0.007642 0.000735 0.314164 0.007608 1.816708
0.641785 0.016072 0.014288 0.007643 0.000731 0.311863 0.007619 1.818264
0.643960 0.016102 0.014311 0.007651 0.000719 0.309630 0.007628 1.819881
0.646171 0.016226 0.014283 0.007629 0.000707 0.307346 0.007639 1.821437
0.648307 0.016315 0.014319 0.007661 0.000700 0.305048 0.007650 1.823030
0.650382 0.016439 0.014313 0.007665 0.000690 0.302848 0.007664 1.824611
0.652450 0.016587 0.014336 0.007669 0.000680 0.300605 0.007674 1.826198
0.654480 0.016686 0.014385 0.007671 0.000681 0.298417 0.007680 1.827834
0.656369 0.016816 0.014455 0.007685 0.000670 0.296318 0.007687 1.829475
0.658213 0.016942 0.014524 0.007719 0.000663 0.294246 0.007693 1.831175
0.659996 0.017147 0.014593 0.007730 0.000661 0.292172 0.007702 1.832836
0.661822 0.017282 0.014661 0.007742 0.000653 0.290126 0.007713 1.834513
0.663651 0.017339 0.014758 0.007751 0.000658 0.288122 0.007722 1.836240
0.665405 0.017531 0.014796 0.007740 0.000649 0.286149 0.007732 1.837915
0.667127 0.017682 0.014883 0.007783 0.000650 0.284137 0.007739 1.839619
0.668709 0.017827 0.014946 0.007845 0.000641 0.282285 0.007748 1.841370
0.670292 0.017998 0.015012 0.007932 0.000641 0.280368 0.007756 1.843127
0.671878 0.018112 0.015109 0.007992 0.000631 0.278515 0.007764 1.844924
0.673407 0.018239 0.015180 0.008056 0.000622 0.276725 0.007771 1.846716
0.674883 0.018464 0.015273 0.008093 0.000623 0.274886 0.007778 1.848483
0.676216 0.018683 0.015355 0.008174 0.000625 0.273160 0.007786 1.850321
0.677620 0.018902 0.015448 0.008227 0.000617 0.271391 0.007796 1.852137
0.679000 0.019061 0.015519 0.008289 0.000611 0.269717 0.007803 1.853983
0.680296 0.019241 0.015655 0.008362 0.000611 0.268021 0.007815 1.855867
0.681526 0.019445 0.015807 0.008431 0.000599 0.266370 0.007823 1.857770
0.682739 0.019683 0.015912 0.008478 0.000598 0.264763 0.007828 1.859656
0.683944 0.019849 0.016041 0.008564 0.000596 0.263172 0.007834 1.861613
0.685051 0.020072 0.016175 0.008618 0.000592 0.261651 0.007840 1.863562
0.686096 0.020239 0.016349 0.008680 0.000591 0.260197 0.007848 1.865597
0.687206 0.020420 0.016463 0.008777 0.000591 0.258688 0.007855 1.867582
0.688243 0.020573 0.016602 0.008865 0.000591 0.257264 0.007864 1.869609
0.689276 0.020785 0.016714 0.008932 0.000583 0.255837 0.007874 1.871656
0.690170 0.020981 0.016891 0.008977 0.000584 0.254519 0.007879 1.873720
0.691065 0.021250 0.017039 0.009024 0.000591 0.253146 0.007885 1.875743
0.691902 0.021442 0.017152 0.009112 0.000602 0.251899 0.007892 1.877865
0.692703 0.021705 0.017333 0.009182 0.000604 0.250575 0.007899 1.879982
0.693426 0.021969 0.017475 0.009245 0.000614 0.249364 0.007908 1.882114
0.694169 0.022160 0.017642 0.009342 0.000616 0.248158 0.007915 1.884276
0.694858 0.022348 0.017822 0.009420 0.000624 0.247003 0.007924 1.886463
0.695580 0.022547 0.017956 0.009492 0.000624 0.245865 0.007935 1.888618
0.696277 0.022750 0.018110 0.009599 0.000623 0.244697 0.007944 1.890861
0.696912 0.022959 0.018262 0.009654 0.000630 0.243630 0.007952 1.893055
0.697457 0.023196 0.018366 0.009762 0.000633 0.242627 0.007959 1.895294
0.698014 0.023343 0.018520 0.009882 0.000641 0.241635 0.007966 1.897603
0.698520 0.023541 0.018680 0.009992 0.000639 0.240652 0.007976 1.899905
0.698975 0.023769 0.018833 0.010112 0.000640 0.239689 0.007982 1.902213
0.699396 0.023961 0.019074 0.010170 0.000638 0.238771 0.007989 1.904594
0.699791 0.024231 0.019257 0.010244 0.000638 0.237844 0.007997 1.906950
0.700138 0.024411 0.019469 0.010385 0.000635 0.236959 0.008003 1.909348
0.700522 0.024612 0.019710 0.010484 0.000635 0.236026 0.008010 1.911761
0.700901 0.024855 0.019821 0.010579 0.000645 0.235183 0.008016 1.914142
0.701210 0.025049 0.020025 0.010697 0.000650 0.234346 0.008025 1.916612
0.701449 0.025252 0.020218 0.010776 0.000647 0.233627 0.008033 1.919075
0.701807 0.025414 0.020384 0.010904 0.000650 0.232802 0.008039 1.921536
0.701974 0.025538 0.020596 0.011024 0.000662 0.232159 0.008048 1.924104
0.702085 0.025785 0.020727 0.011057 0.000668 0.231627 0.008053 1.926621
0.702226 0.025966 0.020857 0.011107 0.000669 0.231110 0.008064 1.929177
0.702386 0.026116 0.021063 0.011196 0.000668 0.230497 0.008075 1.931743
0.702423 0.026369 0.021218 0.011276 0.000675 0.229956 0.008083 1.934299
0.702465 0.026635 0.021392 0.011328 0.000672 0.229416 0.008093 1.936848
0.702519 0.026840 0.021530 0.011408 0.000680 0.228921 0.008102 1.939444
0.702667 0.026931 0.021786 0.011480 0.000686 0.228343 0.008109 1.942115
0.702582 0.027197 0.021847 0.011585 0.000695 0.227977 0.008118 1.944722
0.702574 0.027402 0.021994 0.011653 0.000698 0.227553 0.008126 1.947379
0.702654 0.027466 0.022247 0.011708 0.000702 0.227089 0.008133 1.950120
0.702713 0.027590 0.022463 0.011765 0.000702 0.226625 0.008143 1.952834
0.702696 0.027669 0.022651 0.011891 0.000705 0.226236 0.008152 1.955566
0.702565 0.027844 0.022802 0.012013 0.000710 0.225909 0.008158 1.958353
0.702426 0.028088 0.022920 0.012064 0.000711 0.225626 0.008167 1.961041
0.702403 0.028206 0.023076 0.012153 0.000712 0.225278 0.008174 1.963808
0.702232 0.028484 0.023257 0.012203 0.000720 0.224925 0.008180 1.966565
0.702040 0.028645 0.023511 0.012244 0.000728 0.224645 0.008189 1.969338
0.701957 0.028793 0.023637 0.012288 0.000734 0.224391 0.008199 1.972107
0.701853 0.028887 0.023743 0.012414 0.000729 0.224166 0.008209 1.974912
0.701712 0.029008 0.023893 0.012504 0.000738 0.223929 0.008216 1.977771
0.701568 0.029092 0.024043 0.012616 0.000742 0.223714 0.008224 1.980655
0.701470 0.029170 0.024230 0.012670 0.000735 0.223490 0.008237 1.983555
0.701251 0.029258 0.024439 0.012767 0.000734 0.223305 0.008248 1.986499
0.701016 0.029398 0.024509 0.012857 0.000732 0.223229 0.008260 1.989340
0.700836 0.029535 0.024629 0.012946 0.000738 0.223050 0.008267 1.992229
0.700605 0.029620 0.024727 0.013024 0.000747 0.223001 0.008276 1.995124
0.700559 0.029629 0.024898 0.013085 0.000759 0.222787 0.008284 1.998019
0.700312 0.029784 0.025021 0.013121 0.000760 0.222709 0.008293 2.000876
0.700103 0.029841 0.025171 0.013261 0.000755 0.222561 0.008308 2.003843
0.699864 0.030008 0.025254 0.013281 0.000765 0.222513 0.008316 2.006713
0.699664 0.030075 0.025370 0.013405 0.000771 0.222391 0.008324 2.009670
0.699357 0.030120 0.025495 0.013482 0.000773 0.222437 0.008336 2.012643
0.699140 0.030210 0.025569 0.013558 0.000779 0.222400 0.008346 2.015552
0.698967 0.030221 0.025708 0.013544 0.000787 0.222418 0.008356 2.018506
0.698766 0.030279 0.025786 0.013595 0.000793 0.222416 0.008365 2.021451
0.698578 0.030387 0.025828 0.013652 0.000792 0.222391 0.008372 2.024382
0.698376 0.030388 0.025950 0.013709 0.000786 0.222408 0.008384 2.027382
0.698221 0.030336 0.026095 0.013835 0.000783 0.222331 0.008399 2.030402
0.697987 0.030364 0.026210 0.013834 0.000781 0.222412 0.008412 2.033375
0.697805 0.030319 0.026346 0.013921 0.000781 0.222406 0.008423 2.036395
0.697551 0.030291 0.026433 0.014014 0.000786 0.222493 0.008433 2.039416
0.697372 0.030332 0.026505 0.014046 0.000798 0.222504 0.008443 2.042389
0.697160 0.030369 0.026582 0.014093 0.000795 0.222549 0.008454 2.045369
0.696893 0.030418 0.026588 0.014094 0.000803 0.222741 0.008464 2.048316
0.696705 0.030414 0.026614 0.014139 0.000807 0.222848 0.008474 2.051320
0.696572 0.030414 0.026648 0.014090 0.000817 0.222978 0.008481 2.054262
0.696382 0.030464 0.026779 0.014075 0.000815 0.222994 0.008491 2.057248
0.696075 0.030489 0.026861 0.014111 0.000820 0.223143 0.008502 2.060249
0.695894 0.030479 0.026919 0.014147 0.000817 0.223233 0.008513 2.063252
0.695687 0.030512 0.026959 0.014175 0.000819 0.223326 0.008524 2.066199
0.695426 0.030628 0.026964 0.014169 0.000819 0.223465 0.008531 2.069135
0.695206 0.030622 0.026997 0.014196 0.000824 0.223616 0.008540 2.072106
0.695036 0.030602 0.027013 0.014249 0.000817 0.223734 0.008551 2.075145
0.694831 0.030577 0.027041 0.014252 0.000814 0.223923 0.008562 2.078126
0.694707 0.030486 0.027008 0.014269 0.000817 0.224143 0.008572 2.081140
0.694599 0.030461 0.027071 0.014197 0.000817 0.224271 0.008583 2.084117
0.694400 0.030466 0.027055 0.014226 0.000825 0.224436 0.008592 2.087099
0.694307 0.030422 0.027043 0.014235 0.000838 0.224555 0.008600 2.090072
0.694284 0.030306 0.027014 0.014235 0.000841 0.224710 0.008610 2.093055
0.694175 0.030124 0.027113 0.014264 0.000850 0.224854 0.008621 2.096093
0.694065 0.030105 0.027072 0.014235 0.000862 0.225030 0.008631 2.099032
0.694020 0.029983 0.026995 0.014282 0.000874 0.225208 0.008637 2.102007
0.693967 0.029879 0.026988 0.014264 0.000879 0.225373 0.008650 2.104966
0.693927 0.029817 0.027031 0.014269 0.000888 0.225405 0.008663 2.107910
0.693827 0.029785 0.026991 0.014302 0.000885 0.225537 0.008673 2.110832
0.693787 0.029651 0.027075 0.014314 0.000885 0.225605 0.008682 2.113842
0.693751 0.029587 0.027049 0.014310 0.000885 0.225730 0.008689 2.116746
0.693752 0.029520 0.027030 0.014326 0.000881 0.225789 0.008702 2.119614
0.693783 0.029445 0.026977 0.014294 0.000886 0.225905 0.008711 2.122477
0.693906 0.029388 0.026860 0.014294 0.000888 0.225944 0.008719 2.125317
0.693941 0.029262 0.026858 0.014238 0.000892 0.226077 0.008731 2.128247
0.693948 0.029185 0.026753 0.014172 0.000877 0.226321 0.008742 2.131043
0.693994 0.029037 0.026714 0.014186 0.000873 0.226440 0.008756 2.133889
0.694083 0.028911 0.026668 0.014164 0.000868 0.226541 0.008766 2.136759
0.694145 0.028845 0.026724 0.014108 0.000866 0.226533 0.008778 2.139613
0.694216 0.028726 0.026727 0.014076 0.000875 0.226594 0.008787 2.142452
0.694302 0.028644 0.026653 0.014058 0.000881 0.226665 0.008797 2.145253
0.694282 0.028627 0.026581 0.014073 0.000877 0.226750 0.008810 2.148073
0.694366 0.028648 0.026545 0.014032 0.000870 0.226719 0.008820 2.150841
0.694455 0.028540 0.026534 0.014043 0.000871 0.226724 0.008835 2.153691
0.694550 0.028452 0.026490 0.014003 0.000870 0.226785 0.008850 2.156508
0.694690 0.028363 0.026422 0.013999 0.000871 0.226794 0.008861 2.159309
0.694727 0.028320 0.026319 0.013919 0.000867 0.226975 0.008874 2.162074
0.694887 0.028228 0.026247 0.013860 0.000868 0.227026 0.008885 2.164860
0.695071 0.028157 0.026254 0.013804 0.000863 0.226959 0.008892 2.167642
0.695204 0.028074 0.026229 0.013759 0.000868 0.226960 0.008907 2.170404
0.695408 0.028021 0.026215 0.013664 0.000880 0.226892 0.008921 2.173138
0.695693 0.027839 0.026149 0.013677 0.000880 0.226833 0.008931 2.175910
0.695877 0.027798 0.026018 0.013654 0.000877 0.226833 0.008942 2.178624
0.696064 0.027756 0.025986 0.013588 0.000882 0.226772 0.008952 2.181344
0.696173 0.027722 0.025906 0.013572 0.000876 0.226792 0.008960 2.184063
0.696430 0.027628 0.025883 0.013506 0.000873 0.226709 0.008972 2.186777
0.696652 0.027495 0.025914 0.013479 0.000863 0.226613 0.008983 2.189560
0.696817 0.027350 0.025906 0.013450 0.000864 0.226621 0.008992 2.192281
0.697058 0.027288 0.025807 0.013379 0.000858 0.226607 0.009004 2.194914
0.697228 0.027281 0.025672 0.013322 0.000862 0.226618 0.009017 2.197535
0.697450 0.027205 0.025578 0.013317 0.000869 0.226555 0.009026 2.200202
0.697623 0.027198 0.025445 0.013304 0.000869 0.226523 0.009038 2.202809
0.698007 0.027081 0.025405 0.013261 0.000878 0.226317 0.009051 2.205460
0.698309 0.026974 0.025283 0.013248 0.000879 0.226245 0.009063 2.208117
0.698549 0.026977 0.025235 0.013175 0.000882 0.226110 0.009072 2.210702
0.698782 0.026953 0.025252 0.013144 0.000884 0.225904 0.009081 2.213364
0.698955 0.026877 0.025180 0.013124 0.000876 0.225895 0.009092 2.216007
0.699215 0.026797 0.025145 0.013076 0.000863 0.225797 0.009108 2.218649
0.699462 0.026733 0.025126 0.013064 0.000864 0.225636 0.009115 2.221318
0.699771 0.026587 0.025086 0.013041 0.000871 0.225519 0.009125 2.223982
0.700078 0.026544 0.025005 0.012973 0.000876 0.225390 0.009135 2.226578
0.700418 0.026459 0.024919 0.012953 0.000872 0.225236 0.009143 2.229190
0.700605 0.026515 0.024850 0.012913 0.000872 0.225087 0.009159 2.231752
0.700844 0.026490 0.024723 0.012860 0.000864 0.225048 0.009170 2.234321
0.701115 0.026357 0.024684 0.012862 0.000861 0.224937 0.009184 2.236986
0.701338 0.026298 0.024662 0.012862 0.000862 0.224786 0.009192 2.239643
0.701577 0.026274 0.024577 0.012851 0.000856 0.224660 0.009205 2.242232
0.701828 0.026323 0.024522 0.012801 0.000859 0.224452 0.009215 2.244753
0.702130 0.026239 0.024432 0.012771 0.000854 0.224348 0.009225 2.247335
0.702388 0.026197 0.024380 0.012691 0.000849 0.224256 0.009239 2.249874
0.702797 0.026046 0.024320 0.012686 0.000850 0.224050 0.009252 2.252471
0.703073 0.025993 0.024245 0.012611 0.000859 0.223962 0.009257 2.255016
0.703365 0.025966 0.024200 0.012545 0.000861 0.223796 0.009267 2.257570
0.703631 0.025994 0.024145 0.012565 0.000859 0.223527 0.009279 2.260105
0.704002 0.025995 0.024097 0.012512 0.000858 0.223248 0.009287 2.262569
0.704363 0.025887 0.024078 0.012538 0.000850 0.222981 0.009301 2.265149
0.704698 0.025847 0.024012 0.012475 0.000853 0.222806 0.009310 2.267685
0.705028 0.025792 0.024051 0.012425 0.000846 0.222538 0.009319 2.270255
0.705208 0.025901 0.023986 0.012393 0.000843 0.222340 0.009329 2.272726
0.705422 0.025902 0.023929 0.012401 0.000838 0.222170 0.009337 2.275268
0.705639 0.025914 0.023859 0.012410 0.000834 0.221994 0.009350 2.277766
0.705858 0.025881 0.023881 0.012359 0.000837 0.221823 0.009362 2.280327
0.706106 0.025907 0.023834 0.012337 0.000832 0.221610 0.009374 2.282842
0.706417 0.025834 0.023805 0.012330 0.000829 0.221400 0.009385 2.285428
0.706649 0.025832 0.023814 0.012310 0.000835 0.221167 0.009395 2.287974
0.706863 0.025844 0.023780 0.012326 0.000843 0.220944 0.009400 2.290504
0.707061 0.025856 0.023732 0.012311 0.000847 0.220781 0.009412 2.293035
0.707336 0.025840 0.023762 0.012319 0.000844 0.220473 0.009425 2.295579
0.707565 0.025837 0.023794 0.012274 0.000839 0.220254 0.009437 2.298085
0.707736 0.025794 0.023750 0.012309 0.000842 0.220124 0.009446 2.300658
0.707914 0.025804 0.023743 0.012274 0.000837 0.219972 0.009456 2.303186
0.708011 0.025855 0.023733 0.012252 0.000828 0.219854 0.009468 2.305730
0.708225 0.025927 0.023650 0.012255 0.000822 0.219643 0.009479 2.308214
0.708442 0.025982 0.023645 0.012195 0.000825 0.219423 0.009489 2.310708
0.708517 0.026068 0.023614 0.012158 0.000833 0.219309 0.009502 2.313218
0.708677 0.026105 0.023630 0.012144 0.000829 0.219103 0.009511 2.315743
0.708819 0.026149 0.023599 0.012145 0.000833 0.218931 0.009523 2.318301
0.708979 0.026189 0.023582 0.012177 0.000836 0.218704 0.009533 2.320818
0.709127 0.026126 0.023628 0.012203 0.000835 0.218539 0.009543 2.323468
0.709288 0.026114 0.023644 0.012223 0.000836 0.218342 0.009552 2.326050
0.709515 0.026038 0.023608 0.012256 0.000839 0.218182 0.009562 2.328619
0.709684 0.026092 0.023550 0.012204 0.000835 0.218058 0.009577 2.331132
0.709755 0.026084 0.023676 0.012205 0.000836 0.217860 0.009586 2.333783
0.709839 0.026145 0.023675 0.012109 0.000838 0.217801 0.009594 2.336276
0.709944 0.026148 0.023711 0.012110 0.000834 0.217648 0.009604 2.338876
0.710061 0.026227 0.023713 0.012128 0.000833 0.217424 0.009615 2.341412
0.710264 0.026157 0.023692 0.012158 0.000823 0.217278 0.009628 2.344017
0.710503 0.026121 0.023722 0.012173 0.000820 0.217021 0.009641 2.346598
0.710776 0.026144 0.023670 0.012203 0.000814 0.216734 0.009658 2.349136
0.711021 0.026103 0.023658 0.012190 0.000818 0.216541 0.009669 2.351693
0.711188 0.026106 0.023637 0.012188 0.000828 0.216373 0.009681 2.354240
0.711330 0.026134 0.023665 0.012175 0.000831 0.216174 0.009692 2.356803
0.711467 0.026114 0.023717 0.012213 0.000834 0.215956 0.009700 2.359403
0.711624 0.026028 0.023676 0.012264 0.000826 0.215871 0.009712 2.362034
0.711650 0.026105 0.023636 0.012258 0.000830 0.215799 0.009723 2.364562
0.711742 0.026222 0.023603 0.012246 0.000825 0.215630 0.009733 2.367062
0.711865 0.026274 0.023600 0.012311 0.000822 0.215387 0.009741 2.369656
0.711998 0.026339 0.023586 0.012330 0.000829 0.215168 0.009749 2.372196
0.712150 0.026317 0.023656 0.012348 0.000819 0.214953 0.009759 2.374776
0.712311 0.026292 0.023616 0.012357 0.000807 0.214846 0.009771 2.377355
0.712322 0.026374 0.023579 0.012377 0.000798 0.214770 0.009780 2.379929
0.712414 0.026429 0.023580 0.012345 0.000795 0.214648 0.009789 2.382499
0.712449 0.026445 0.023582 0.012343 0.000796 0.214584 0.009801 2.385079
0.712567 0.026467 0.023590 0.012349 0.000793 0.214423 0.009812 2.387659
0.712657 0.026463 0.023626 0.012363 0.000786 0.214283 0.009823 2.390246
0.712778 0.026480 0.023669 0.012352 0.000793 0.214099 0.009829 2.392824
0.712888 0.026543 0.023642 0.012356 0.000800 0.213929 0.009841 2.395355
0.712938 0.026608 0.023626 0.012349 0.000794 0.213833 0.009853 2.397927
0.712992 0.026636 0.023583 0.012352 0.000788 0.213786 0.009865 2.400497
0.713144 0.026622 0.023561 0.012435 0.000790 0.213572 0.009875 2.403125
0.713210 0.026646 0.023616 0.012418 0.000782 0.213442 0.009887 2.405707
0.713226 0.026738 0.023673 0.012428 0.000784 0.213257 0.009895 2.408304
0.713237 0.026771 0.023690 0.012469 0.000788 0.213143 0.009902 2.410919
0.713227 0.026815 0.023677 0.012458 0.000791 0.213120 0.009913 2.413510
0.713339 0.026793 0.023732 0.012458 0.000802 0.212954 0.009923 2.416140
0.713363 0.026896 0.023752 0.012453 0.000810 0.212798 0.009928 2.418713
0.713459 0.026937 0.023759 0.012437 0.000823 0.212647 0.009938 2.421300
0.713447 0.026921 0.023754 0.012451 0.000822 0.212659 0.009948 2.423947
0.713500 0.026870 0.023750 0.012498 0.000821 0.212598 0.009963 2.426631
0.713464 0.026842 0.023787 0.012481 0.000814 0.212641 0.009973 2.429261
0.713467 0.026771 0.023850 0.012557 0.000813 0.212561 0.009983 2.431944
0.713486 0.026777 0.023835 0.012566 0.000816 0.212528 0.009993 2.434569
0.713516 0.026763 0.023837 0.012549 0.000818 0.212511 0.010006 2.437178
0.713577 0.026708 0.023836 0.012605 0.000813 0.212446 0.010016 2.439832
0.713629 0.026724 0.023842 0.012638 0.000813 0.212332 0.010025 2.442488
0.713610 0.026746 0.023866 0.012670 0.000807 0.212268 0.010035 2.445119
0.713597 0.026752 0.023867 0.012715 0.000812 0.212212 0.010046 2.447736
0.713538 0.026818 0.023839 0.012723 0.000804 0.212225 0.010054 2.450324
0.713538 0.026818 0.023886 0.012719 0.000811 0.212167 0.010061 2.452977
0.713485 0.026933 0.023879 0.012704 0.000809 0.212115 0.010075 2.455581
0.713446 0.027006 0.023879 0.012692 0.000812 0.212081 0.010084 2.458178
0.713356 0.027089 0.023840 0.012684 0.000811 0.212128 0.010094 2.460793
0.713413 0.027054 0.023881 0.012717 0.000818 0.212014 0.010103 2.463493
0.713407 0.027028 0.023910 0.012747 0.000810 0.211986 0.010112 2.466136
0.713463 0.026977 0.023889 0.012677 0.000809 0.212061 0.010124 2.468782
0.713398 0.026941 0.023949 0.012674 0.000805 0.212098 0.010136 2.471486
0.713378 0.026879 0.023995 0.012730 0.000793 0.212079 0.010147 2.474164
0.713333 0.026921 0.023974 0.012718 0.000789 0.212107 0.010157 2.476801
0.713308 0.026921 0.023940 0.012788 0.000784 0.212090 0.010168 2.479452
0.713348 0.026948 0.023971 0.012756 0.000785 0.212013 0.010179 2.482075
0.713326 0.026930 0.023974 0.012760 0.000797 0.212027 0.010186 2.484727
0.713337 0.026916 0.024000 0.012766 0.000802 0.211986 0.010194 2.487399
0.713441 0.026890 0.023989 0.012728 0.000807 0.211940 0.010205 2.490034
0.713459 0.026900 0.023956 0.012737 0.000803 0.211929 0.010216 2.492663
0.713466 0.026989 0.023887 0.012728 0.000806 0.211901 0.010224 2.495219
0.713473 0.026998 0.023893 0.012763 0.000795 0.211841 0.010236 2.497863
0.713463 0.027036 0.023900 0.012732 0.000797 0.211822 0.010248 2.500493
0.713409 0.027055 0.023932 0.012719 0.000807 0.211819 0.010259 2.503138
0.713526 0.027042 0.023951 0.012670 0.000801 0.211736 0.010276 2.505753
0.713561 0.027003 0.023996 0.012719 0.000804 0.211630 0.010286 2.508424
0.713626 0.027040 0.023940 0.012717 0.000815 0.211568 0.010294 2.511010
0.713615 0.026975 0.024026 0.012698 0.000816 0.211569 0.010303 2.513715
0.713592 0.027001 0.024083 0.012701 0.000810 0.211500 0.010314 2.516353
0.713585 0.027085 0.024090 0.012629 0.000814 0.211474 0.010325 2.518932
0.713468 0.027174 0.024101 0.012592 0.000805 0.211524 0.010338 2.521563
0.713379 0.027244 0.024099 0.012626 0.000803 0.211498 0.010351 2.524196
0.713405 0.027194 0.024175 0.012646 0.000801 0.211419 0.010362 2.526887
0.713302 0.027180 0.024241 0.012675 0.000809 0.211420 0.010375 2.529599
0.713293 0.027112 0.024300 0.012725 0.000806 0.211376 0.010387 2.532322
0.713258 0.027100 0.024383 0.012719 0.000806 0.211337 0.010397 2.535014
0.713234 0.027054 0.024467 0.012711 0.000808 0.211321 0.010407 2.537691
0.713175 0.027096 0.024444 0.012700 0.000809 0.211359 0.010418 2.540335
0.713104 0.027167 0.024427 0.012719 0.000803 0.211355 0.010425 2.542985
0.713127 0.027123 0.024452 0.012675 0.000799 0.211386 0.010439 2.545655
0.713117 0.027112 0.024474 0.012681 0.000808 0.211358 0.010451 2.548310
0.713089 0.027103 0.024480 0.012706 0.000802 0.211360 0.010461 2.550995
0.713027 0.027117 0.024447 0.012712 0.000795 0.211430 0.010472 2.553659
0.712981 0.027097 0.024454 0.012738 0.000783 0.211461 0.010486 2.556375
0.712940 0.027114 0.024460 0.012739 0.000783 0.211470 0.010495 2.559023
0.712974 0.027036 0.024489 0.012718 0.000779 0.211498 0.010506 2.561705
0.713043 0.026979 0.024505 0.012703 0.000777 0.211478 0.010515 2.564358
0.713104 0.026959 0.024532 0.012679 0.000791 0.211412 0.010523 2.566993
0.713050 0.026950 0.024540 0.012683 0.000787 0.211453 0.010538 2.569662
0.713066 0.026936 0.024560 0.012693 0.000784 0.211414 0.010547 2.572302
0.713055 0.026986 0.024491 0.012702 0.000782 0.211425 0.010561 2.574886
0.713023 0.027045 0.024450 0.012665 0.000777 0.211463 0.010576 2.577487
0.712931 0.027081 0.024441 0.012701 0.000779 0.211481 0.010587 2.580149
0.712916 0.027025 0.024475 0.012718 0.000781 0.211489 0.010598 2.582847
0.712814 0.027088 0.024498 0.012744 0.000775 0.211476 0.010606 2.585493
0.712818 0.027089 0.024458 0.012757 0.000776 0.211485 0.010616 2.588157
0.712761 0.027108 0.024380 0.012755 0.000784 0.211593 0.010621 2.590817
0.712738 0.027226 0.024300 0.012760 0.000786 0.211561 0.010630 2.593418
0.712632 0.027184 0.024302 0.012786 0.000780 0.211673 0.010643 2.596132
0.712612 0.027156 0.024391 0.012735 0.000787 0.211666 0.010654 2.598833
0.712578 0.027082 0.024469 0.012745 0.000786 0.211674 0.010666 2.601531
0.712556 0.027099 0.024497 0.012779 0.000783 0.211607 0.010679 2.604184
0.712494 0.027159 0.024506 0.012786 0.000786 0.211581 0.010690 2.606823
0.712494 0.027094 0.024546 0.012809 0.000781 0.211571 0.010705 2.609535
0.712520 0.027119 0.024485 0.012798 0.000789 0.211576 0.010713 2.612170
0.712536 0.027105 0.024447 0.012827 0.000784 0.211580 0.010723 2.614872
0.712568 0.027137 0.024405 0.012840 0.000779 0.211535 0.010736 2.617501
0.712516 0.027141 0.024474 0.012826 0.000783 0.211514 0.010748 2.620215
0.712389 0.027208 0.024527 0.012821 0.000788 0.211510 0.010759 2.622853
0.712441 0.027168 0.024534 0.012825 0.000797 0.211469 0.010767 2.625505
0.712419 0.027196 0.024560 0.012811 0.000794 0.211440 0.010779 2.628153
0.712374 0.027205 0.024570 0.012822 0.000802 0.211441 0.010786 2.630785
0.712447 0.027134 0.024572 0.012804 0.000805 0.211443 0.010795 2.633471
0.712400 0.027098 0.024554 0.012829 0.000806 0.211511 0.010802 2.636137
0.712411 0.027112 0.024558 0.012803 0.000798 0.211505 0.010814 2.638747
0.712431 0.027068 0.024576 0.012780 0.000798 0.211526 0.010821 2.641422
0.712332 0.027152 0.024616 0.012777 0.000801 0.211493 0.010828 2.644076
0.712334 0.027113 0.024606 0.012816 0.000804 0.211488 0.010840 2.646727
0.712347 0.027203 0.024522 0.012879 0.000811 0.211389 0.010850 2.649318
0.712428 0.027130 0.024518 0.012880 0.000813 0.211373 0.010858 2.651965
0.712449 0.027035 0.024524 0.012925 0.000817 0.211382 0.010869 2.654670
0.712485 0.027137 0.024376 0.012899 0.000820 0.211406 0.010877 2.657229
0.712429 0.027105 0.024472 0.012898 0.000816 0.211393 0.010889 2.659917
0.712486 0.027042 0.024457 0.012941 0.000811 0.211361 0.010902 2.662585
0.712492 0.027053 0.024388 0.012916 0.000814 0.211424 0.010914 2.665200
0.712476 0.027057 0.024318 0.012900 0.000811 0.211513 0.010926 2.667812
0.712459 0.027035 0.024300 0.012885 0.000806 0.211575 0.010939 2.670505
0.712543 0.027040 0.024343 0.012858 0.000806 0.211462 0.010948 2.673125
0.712516 0.027035 0.024424 0.012841 0.000818 0.211404 0.010962 2.675774
0.712493 0.027002 0.024442 0.012868 0.000825 0.211399 0.010971 2.678466
0.712498 0.027102 0.024453 0.012866 0.000828 0.211270 0.010983 2.681062
0.712413 0.027140 0.024477 0.012838 0.000838 0.211300 0.010994 2.683742
0.712490 0.027102 0.024529 0.012806 0.000830 0.211238 0.011005 2.686413
0.712483 0.027049 0.024566 0.012814 0.000830 0.211240 0.011019 2.689109
0.712409 0.027075 0.024618 0.012779 0.000821 0.211268 0.011029 2.691763
0.712455 0.027034 0.024661 0.012774 0.000819 0.211217 0.011040 2.694454
0.712426 0.027003 0.024689 0.012798 0.000821 0.211214 0.011048 2.697154
0.712395 0.027011 0.024641 0.012814 0.000818 0.211266 0.011054 2.699855
0.712396 0.027054 0.024578 0.012785 0.000821 0.211305 0.011062 2.702461
0.712311 0.027160 0.024524 0.012789 0.000827 0.211319 0.011069 2.705085
0.712314 0.027199 0.024504 0.012777 0.000836 0.211289 0.011081 2.707721
0.712154 0.027260 0.024538 0.012787 0.000835 0.211336 0.011091 2.710412
0.712125 0.027296 0.024482 0.012775 0.000833 0.211390 0.011100 2.712999
0.712162 0.027285 0.024473 0.012763 0.000829 0.211375 0.011112 2.715625
0.712149 0.027255 0.024567 0.012733 0.000831 0.211340 0.011125 2.718325
0.712094 0.027253 0.024557 0.012734 0.000831 0.211393 0.011138 2.720973
0.712089 0.027206 0.024578 0.012739 0.000830 0.211411 0.011149 2.723657
0.712157 0.027163 0.024591 0.012712 0.000826 0.211397 0.011155 2.726299
0.712118 0.027178 0.024574 0.012710 0.000826 0.211427 0.011167 2.728929
0.711995 0.027194 0.024584 0.012721 0.000816 0.211510 0.011181 2.731597
0.711946 0.027231 0.024551 0.012721 0.000810 0.211546 0.011194 2.734225
0.712047 0.027153 0.024517 0.012694 0.000802 0.211583 0.011205 2.736872
0.711979 0.027207 0.024383 0.012768 0.000802 0.211648 0.011214 2.739501
0.711967 0.027206 0.024390 0.012752 0.000803 0.211655 0.011228 2.742167
0.711983 0.027125 0.024398 0.012761 0.000801 0.211696 0.011236 2.744863
0.711846 0.027141 0.024418 0.012740 0.000806 0.211805 0.011244 2.747555
0.711805 0.027133 0.024454 0.012732 0.000801 0.211817 0.011257 2.750230
0.711722 0.027079 0.024529 0.012704 0.000804 0.211895 0.011268 2.752950
0.711705 0.027092 0.024534 0.012681 0.000809 0.211898 0.011283 2.755581
0.711805 0.026975 0.024569 0.012668 0.000810 0.211879 0.011295 2.758278
0.711787 0.026936 0.024590 0.012680 0.000809 0.211891 0.011306 2.760962
0.711789 0.026936 0.024569 0.012723 0.000815 0.211853 0.011314 2.763606
0.711832 0.026905 0.024566 0.012660 0.000818 0.211896 0.011322 2.766239
0.711755 0.026869 0.024608 0.012686 0.000804 0.211943 0.011335 2.768958
0.711780 0.026811 0.024557 0.012681 0.000806 0.212022 0.011344 2.771629
0.711918 0.026756 0.024480 0.012683 0.000808 0.212004 0.011352 2.774246
0.711958 0.026836 0.024436 0.012634 0.000810 0.211961 0.011364 2.776804
0.711965 0.026818 0.024439 0.012637 0.000805 0.211963 0.011375 2.779469
0.712064 0.026783 0.024381 0.012672 0.000790 0.211919 0.011390 2.782084
0.712114 0.026851 0.024373 0.012633 0.000794 0.211836 0.011400 2.784687
0.712095 0.026859 0.024357 0.012627 0.000799 0.211854 0.011409 2.787359
0.712117 0.026877 0.024342 0.012617 0.000796 0.211835 0.011417 2.789962
0.712046 0.026921 0.024347 0.012592 0.000792 0.211874 0.011428 2.792606
0.712072 0.026755 0.024406 0.012626 0.000787 0.211918 0.011437 2.795331
0.712122 0.026723 0.024387 0.012663 0.000790 0.211868 0.011446 2.797976
0.712122 0.026725 0.024391 0.012630 0.000800 0.211878 0.011453 2.800576
0.712128 0.026748 0.024376 0.012616 0.000812 0.211860 0.011460 2.803196
0.712187 0.026687 0.024281 0.012630 0.000818 0.211930 0.011469 2.805820
0.712214 0.026676 0.024267 0.012633 0.000822 0.211907 0.011482 2.808451
0.712313 0.026624 0.024278 0.012604 0.000830 0.211858 0.011492 2.811086
0.712280 0.026738 0.024093 0.012621 0.000829 0.211938 0.011502 2.813592
0.712243 0.026732 0.024083 0.012646 0.000820 0.211962 0.011515 2.816239
0.712218 0.026701 0.024096 0.012661 0.000827 0.211973 0.011525 2.818887
0.712314 0.026625 0.024122 0.012663 0.000823 0.211915 0.011539 2.821523
0.712208 0.026680 0.024128 0.012621 0.000829 0.211989 0.011547 2.824135
0.712367 0.026600 0.024128 0.012634 0.000816 0.211897 0.011559 2.826769
0.712459 0.026610 0.024080 0.012621 0.000805 0.211851 0.011573 2.829358
0.712461 0.026692 0.024074 0.012593 0.000805 0.211792 0.011584 2.831945
0.712467 0.026743 0.024077 0.012538 0.000815 0.211765 0.011594 2.834513
0.712396 0.026830 0.024041 0.012534 0.000814 0.211780 0.011604 2.837112
0.712497 0.026722 0.024082 0.012571 0.000818 0.211697 0.011615 2.839770
0.712517 0.026678 0.024123 0.012584 0.000815 0.211658 0.011626 2.842419
0.712561 0.026661 0.024095 0.012574 0.000812 0.211660 0.011638 2.845007
0.712578 0.026653 0.024043 0.012526 0.000808 0.211744 0.011648 2.847598
0.712653 0.026608 0.024106 0.012526 0.000819 0.211633 0.011655 2.850221
0.712698 0.026589 0.024021 0.012513 0.000810 0.211702 0.011667 2.852787
0.712735 0.026582 0.023968 0.012510 0.000817 0.211712 0.011677 2.855382
0.712724 0.026576 0.024002 0.012512 0.000827 0.211675 0.011685 2.858022
0.712763 0.026650 0.023973 0.012473 0.000819 0.211628 0.011695 2.860561
0.712761 0.026685 0.023940 0.012454 0.000823 0.211634 0.011703 2.863123
0.712784 0.026770 0.023974 0.012438 0.000822 0.211498 0.011714 2.865706
0.712883 0.026753 0.023984 0.012384 0.000816 0.211454 0.011726 2.868317
0.712945 0.026667 0.023949 0.012418 0.000816 0.211472 0.011734 2.870963
0.713042 0.026641 0.023970 0.012396 0.000811 0.211397 0.011745 2.873545
0.713216 0.026588 0.023951 0.012395 0.000815 0.211283 0.011752 2.876116
0.713293 0.026515 0.023962 0.012381 0.000816 0.211272 0.011763 2.878744
0.713326 0.026494 0.023929 0.012367 0.000815 0.211293 0.011776 2.881355
0.713433 0.026502 0.023898 0.012353 0.000806 0.211215 0.011791 2.883946
0.713519 0.026496 0.023888 0.012358 0.000804 0.211130 0.011805 2.886537
0.713471 0.026580 0.023925 0.012337 0.000799 0.211073 0.011816 2.889137
0.713582 0.026536 0.023956 0.012379 0.000789 0.210930 0.011828 2.891731
0.713615 0.026523 0.023962 0.012404 0.000786 0.210869 0.011842 2.894347
0.713634 0.026596 0.023942 0.012422 0.000786 0.210769 0.011851 2.896920
0.713680 0.026641 0.023918 0.012397 0.000792 0.210711 0.011861 2.899499
0.713768 0.026637 0.023977 0.012415 0.000800 0.210534 0.011869 2.902090
0.713793 0.026630 0.024008 0.012403 0.000793 0.210490 0.011884 2.904698
0.713811 0.026739 0.023915 0.012373 0.000798 0.210469 0.011895 2.907213
0.713738 0.026790 0.023849 0.012423 0.000804 0.210495 0.011902 2.909831
0.713809 0.026721 0.023914 0.012427 0.000800 0.210417 0.011911 2.912463
0.713883 0.026695 0.023914 0.012429 0.000800 0.210361 0.011918 2.915056
0.713920 0.026666 0.023928 0.012422 0.000793 0.210340 0.011931 2.917701
0.713902 0.026652 0.024003 0.012448 0.000798 0.210257 0.011941 2.920337
0.713834 0.026720 0.023957 0.012401 0.000802 0.210330 0.011955 2.922934
0.713774 0.026766 0.023927 0.012425 0.000804 0.210338 0.011967 2.925542
0.713795 0.026800 0.023974 0.012442 0.000801 0.210207 0.011981 2.928148
0.713804 0.026798 0.024022 0.012424 0.000806 0.210156 0.011990 2.930785
0.713801 0.026815 0.024026 0.012466 0.000811 0.210082 0.011999 2.933427
0.713797 0.026794 0.024025 0.012488 0.000806 0.210077 0.012013 2.936086
0.713707 0.026840 0.024030 0.012548 0.000806 0.210046 0.012024 2.938733
0.713768 0.026818 0.024030 0.012574 0.000803 0.209967 0.012039 2.941361
0.713769 0.026749 0.024043 0.012585 0.000802 0.210000 0.012051 2.944018
0.713765 0.026759 0.024032 0.012596 0.000802 0.209985 0.012063 2.946625
0.713696 0.026830 0.024039 0.012571 0.000809 0.209986 0.012070 2.949204
0.713706 0.026820 0.024003 0.012542 0.000809 0.210040 0.012079 2.951839
0.713717 0.026792 0.024071 0.012543 0.000807 0.209977 0.012093 2.954481
0.713783 0.026777 0.024047 0.012542 0.000803 0.209944 0.012105 2.957078
0.713754 0.026835 0.024015 0.012512 0.000803 0.209963 0.012119 2.959623
0.713857 0.026727 0.024089 0.012538 0.000795 0.209865 0.012130 2.962298
0.713966 0.026668 0.024101 0.012520 0.000805 0.209805 0.012135 2.964911
0.713942 0.026656 0.024130 0.012576 0.000806 0.209749 0.012142 2.967531
0.713863 0.026669 0.024100 0.012584 0.000801 0.209833 0.012151 2.970194
0.713885 0.026667 0.024073 0.012579 0.000806 0.209833 0.012158 2.972799
0.713840 0.026662 0.024098 0.012547 0.000808 0.209875 0.012170 2.975454
0.713781 0.026614 0.024164 0.012573 0.000811 0.209881 0.012176 2.978152
0.713733 0.026703 0.024065 0.012535 0.000813 0.209965 0.012186 2.980764
0.713680 0.026741 0.024080 0.012550 0.000811 0.209944 0.012193 2.983398
0.713609 0.026757 0.024081 0.012552 0.000810 0.209991 0.012200 2.986022
0.713645 0.026787 0.024051 0.012537 0.000804 0.209968 0.012210 2.988586
0.713722 0.026692 0.024046 0.012512 0.000794 0.210016 0.012218 2.991230
0.713787 0.026807 0.023935 0.012505 0.000795 0.209945 0.012225 2.993727
0.713826 0.026823 0.023957 0.012493 0.000795 0.209870 0.012236 2.996316
0.713846 0.026832 0.023919 0.012501 0.000796 0.209859 0.012247 2.998935
0.713890 0.026809 0.023920 0.012530 0.000788 0.209804 0.012259 3.001525
0.713814 0.026912 0.023885 0.012533 0.000785 0.209802 0.012269 3.004088
0.713805 0.026826 0.023969 0.012566 0.000793 0.209764 0.012278 3.006768
0.713857 0.026788 0.023963 0.012576 0.000804 0.209723 0.012288 3.009395
0.713836 0.026778 0.024044 0.012534 0.000819 0.209689 0.012299 3.012029
0.713898 0.026692 0.024066 0.012517 0.000809 0.209706 0.012312 3.014688
0.713987 0.026669 0.024056 0.012538 0.000808 0.209619 0.012322 3.017298
0.713963 0.026700 0.024111 0.012524 0.000807 0.209562 0.012334 3.019911
0.713917 0.026691 0.024132 0.012522 0.000810 0.209582 0.012346 3.022534
0.713953 0.026650 0.024051 0.012503 0.000809 0.209675 0.012358 3.025135
0.713940 0.026680 0.024009 0.012518 0.000809 0.209677 0.012368 3.027726
0.713987 0.026639 0.023987 0.012561 0.000803 0.209641 0.012381 3.030377
0.713904 0.026721 0.023961 0.012564 0.000808 0.209653 0.012390 3.032962
0.713871 0.026714 0.023962 0.012567 0.000813 0.209673 0.012400 3.035594
