0.369588 0.061405 0.054394 0.031372 0.001951 0.475609 0.005681 1.550276
0.372196 0.058901 0.054494 0.031069 0.001964 0.475669 0.005709 1.556160
0.375476 0.055962 0.054374 0.030685 0.001980 0.475788 0.005735 1.561748
0.379471 0.052721 0.054029 0.030202 0.001986 0.475828 0.005764 1.567021
0.383682 0.049393 0.053534 0.029797 0.001978 0.475826 0.005791 1.572084
0.388143 0.046133 0.053002 0.029160 0.001976 0.475771 0.005815 1.576809
0.392796 0.043109 0.052143 0.028535 0.001961 0.475610 0.005846 1.581116
0.397549 0.040249 0.051144 0.027807 0.001963 0.475420 0.005868 1.585120
0.402667 0.037373 0.050216 0.027032 0.001954 0.474860 0.005899 1.588957
0.407727 0.034765 0.049110 0.026207 0.001946 0.474322 0.005924 1.592489
0.412826 0.032296 0.047935 0.025371 0.001939 0.473685 0.005947 1.595821
0.417914 0.030016 0.046617 0.024585 0.001931 0.472963 0.005975 1.598896
0.423168 0.027821 0.045334 0.023759 0.001923 0.471997 0.005997 1.601781
0.428334 0.025836 0.044011 0.022925 0.001911 0.470964 0.006020 1.604427
0.433613 0.023978 0.042521 0.022086 0.001896 0.469864 0.006043 1.606906
0.438934 0.022411 0.041065 0.021204 0.001871 0.468451 0.006065 1.609099
0.444169 0.020829 0.039696 0.020404 0.001841 0.466968 0.006094 1.611250
0.449411 0.019454 0.038232 0.019611 0.001821 0.465354 0.006118 1.613197
0.454784 0.018117 0.036886 0.018830 0.001797 0.463440 0.006146 1.615063
0.460035 0.016918 0.035453 0.018022 0.001764 0.461642 0.006165 1.616770
0.465400 0.015797 0.034007 0.017233 0.001728 0.459645 0.006189 1.618337
0.470633 0.014767 0.032740 0.016461 0.001724 0.457471 0.006204 1.619827
0.475845 0.013851 0.031399 0.015743 0.001691 0.455241 0.006231 1.621191
0.481063 0.012975 0.030099 0.015062 0.001651 0.452890 0.006260 1.622499
0.486307 0.012204 0.028837 0.014362 0.001628 0.450378 0.006285 1.623675
0.491541 0.011457 0.027593 0.013710 0.001606 0.447785 0.006307 1.624818
0.496765 0.010770 0.026430 0.013083 0.001571 0.445051 0.006328 1.625897
0.501947 0.010092 0.025348 0.012490 0.001543 0.442233 0.006348 1.626946
0.507066 0.009505 0.024209 0.011911 0.001513 0.439423 0.006372 1.627898
0.512134 0.008940 0.023142 0.011342 0.001494 0.436563 0.006385 1.628807
0.517295 0.008461 0.022102 0.010819 0.001455 0.433463 0.006406 1.629629
0.522336 0.008005 0.021095 0.010325 0.001431 0.430384 0.006425 1.630408
0.527421 0.007594 0.020132 0.009868 0.001388 0.427149 0.006450 1.631154
0.532320 0.007146 0.019248 0.009440 0.001349 0.424031 0.006468 1.631909
0.537359 0.006797 0.018367 0.008974 0.001317 0.420696 0.006490 1.632572
0.542388 0.006411 0.017510 0.008559 0.001280 0.417343 0.006510 1.633226
0.547289 0.006084 0.016700 0.008139 0.001258 0.414007 0.006524 1.633819
0.552215 0.005784 0.015963 0.007776 0.001216 0.410502 0.006543 1.634393
0.557035 0.005513 0.015208 0.007417 0.001191 0.407083 0.006553 1.634925
0.561871 0.005241 0.014514 0.007069 0.001167 0.403573 0.006565 1.635452
0.566590 0.005013 0.013858 0.006704 0.001137 0.400121 0.006578 1.635957
0.571385 0.004783 0.013231 0.006407 0.001110 0.396492 0.006593 1.636433
0.576118 0.004561 0.012611 0.006096 0.001083 0.392926 0.006605 1.636893
0.580782 0.004370 0.012035 0.005823 0.001054 0.389317 0.006619 1.637324
0.585333 0.004187 0.011473 0.005568 0.001031 0.385773 0.006636 1.637735
0.589998 0.003980 0.010964 0.005289 0.001014 0.382108 0.006648 1.638149
0.594570 0.003837 0.010426 0.005018 0.000986 0.378500 0.006663 1.638499
0.599027 0.003673 0.009938 0.004779 0.000967 0.374945 0.006672 1.638862
0.603528 0.003528 0.009504 0.004556 0.000935 0.371266 0.006683 1.639214
0.607922 0.003363 0.009090 0.004330 0.000902 0.367691 0.006701 1.639562
0.612328 0.003226 0.008686 0.004126 0.000880 0.364045 0.006709 1.639889
0.616676 0.003077 0.008326 0.003948 0.000854 0.360393 0.006725 1.640225
0.620977 0.002970 0.007918 0.003760 0.000838 0.356806 0.006732 1.640512
0.625239 0.002846 0.007565 0.003588 0.000816 0.353205 0.006742 1.640809
0.629502 0.002733 0.007264 0.003428 0.000796 0.349525 0.006752 1.641092
0.633757 0.002629 0.006966 0.003277 0.000779 0.345835 0.006759 1.641360
0.637893 0.002540 0.006640 0.003142 0.000755 0.342262 0.006769 1.641613
0.642033 0.002452 0.006372 0.002977 0.000730 0.338657 0.006780 1.641858
0.646099 0.002387 0.006068 0.002832 0.000714 0.335114 0.006786 1.642083
0.650132 0.002308 0.005806 0.002726 0.000691 0.331540 0.006797 1.642298
0.654137 0.002209 0.005552 0.002605 0.000673 0.328018 0.006807 1.642536
0.658095 0.002131 0.005314 0.002489 0.000653 0.324503 0.006816 1.642747
0.661981 0.002063 0.005076 0.002391 0.000630 0.321037 0.006823 1.642954
0.665789 0.001988 0.004869 0.002283 0.000614 0.317629 0.006831 1.643169
0.669630 0.001940 0.004662 0.002183 0.000601 0.314146 0.006838 1.643346
0.673377 0.001886 0.004452 0.002089 0.000578 0.310774 0.006845 1.643527
0.677096 0.001809 0.004263 0.001992 0.000564 0.307421 0.006855 1.643715
0.680834 0.001770 0.004083 0.001907 0.000549 0.303996 0.006862 1.643880
0.684470 0.001716 0.003915 0.001828 0.000530 0.300675 0.006868 1.644048
0.688057 0.001659 0.003765 0.001746 0.000514 0.297386 0.006875 1.644215
0.691577 0.001594 0.003610 0.001681 0.000498 0.294158 0.006884 1.644385
0.695002 0.001541 0.003446 0.001614 0.000476 0.291030 0.006892 1.644548
0.698493 0.001483 0.003313 0.001544 0.000460 0.287808 0.006899 1.644701
0.702039 0.001445 0.003181 0.001483 0.000445 0.284504 0.006904 1.644838
0.705403 0.001408 0.003060 0.001406 0.000437 0.281379 0.006908 1.644986
0.708728 0.001388 0.002938 0.001353 0.000422 0.278256 0.006916 1.645112
0.712133 0.001337 0.002826 0.001305 0.000409 0.275071 0.006920 1.645251
0.715426 0.001293 0.002707 0.001269 0.000393 0.271988 0.006926 1.645385
0.718692 0.001261 0.002584 0.001216 0.000381 0.268935 0.006932 1.645509
0.721892 0.001241 0.002487 0.001175 0.000370 0.265899 0.006938 1.645624
0.725038 0.001215 0.002393 0.001117 0.000364 0.262933 0.006941 1.645734
0.728203 0.001178 0.002311 0.001068 0.000352 0.259941 0.006946 1.645851
0.731338 0.001143 0.002235 0.001025 0.000343 0.256964 0.006951 1.645963
0.734454 0.001111 0.002147 0.000986 0.000335 0.254012 0.006955 1.646077
0.737595 0.001083 0.002077 0.000948 0.000326 0.251014 0.006958 1.646192
0.740640 0.001058 0.001994 0.000908 0.000314 0.248125 0.006962 1.646300
0.743546 0.001049 0.001925 0.000877 0.000302 0.245334 0.006967 1.646398
0.746527 0.001008 0.001869 0.000853 0.000289 0.242482 0.006973 1.646509
0.749504 0.000983 0.001801 0.000828 0.000279 0.239630 0.006977 1.646603
0.752401 0.000971 0.001740 0.000802 0.000271 0.236834 0.006981 1.646686
0.755246 0.000938 0.001685 0.000781 0.000263 0.234105 0.006984 1.646783
0.758063 0.000928 0.001634 0.000755 0.000250 0.231381 0.006989 1.646869
0.760884 0.000894 0.001583 0.000737 0.000238 0.228672 0.006994 1.646968
0.763671 0.000881 0.001534 0.000710 0.000231 0.225978 0.006998 1.647049
0.766421 0.000864 0.001475 0.000687 0.000223 0.223330 0.007002 1.647135
0.769114 0.000838 0.001430 0.000674 0.000215 0.220724 0.007006 1.647223
0.771782 0.000826 0.001378 0.000654 0.000205 0.218149 0.007008 1.647297
0.774378 0.000819 0.001334 0.000626 0.000200 0.215633 0.007011 1.647372
0.776971 0.000798 0.001286 0.000603 0.000194 0.213137 0.007013 1.647451
0.779592 0.000785 0.001250 0.000587 0.000188 0.210582 0.007015 1.647524
0.782181 0.000774 0.001213 0.000568 0.000178 0.208067 0.007018 1.647597
0.784700 0.000757 0.001173 0.000555 0.000175 0.205621 0.007019 1.647671
0.787169 0.000746 0.001142 0.000532 0.000170 0.203219 0.007022 1.647738
0.789599 0.000740 0.001116 0.000519 0.000167 0.200836 0.007024 1.647802
0.792046 0.000730 0.001081 0.000500 0.000164 0.198455 0.007024 1.647868
0.794439 0.000700 0.001049 0.000496 0.000157 0.196135 0.007024 1.647944
0.796795 0.000695 0.001020 0.000482 0.000152 0.193829 0.007027 1.648014
0.799092 0.000695 0.001000 0.000460 0.000145 0.191578 0.007030 1.648079
0.801465 0.000680 0.000975 0.000454 0.000139 0.189254 0.007033 1.648142
0.803786 0.000664 0.000947 0.000438 0.000136 0.186995 0.007034 1.648211
0.806087 0.000630 0.000941 0.000432 0.000130 0.184743 0.007036 1.648290
0.808315 0.000608 0.000927 0.000416 0.000126 0.182571 0.007037 1.648358
0.810507 0.000590 0.000905 0.000404 0.000124 0.180433 0.007037 1.648423
0.812663 0.000584 0.000882 0.000389 0.000120 0.178324 0.007039 1.648477
0.814830 0.000579 0.000856 0.000374 0.000116 0.176205 0.007040 1.648530
0.817023 0.000567 0.000839 0.000367 0.000114 0.174048 0.007042 1.648585
0.819167 0.000555 0.000823 0.000349 0.000113 0.171951 0.007043 1.648638
0.821275 0.000547 0.000791 0.000343 0.000107 0.169893 0.007045 1.648682
0.823350 0.000539 0.000771 0.000338 0.000103 0.167853 0.007047 1.648737
0.825358 0.000531 0.000755 0.000334 0.000101 0.165873 0.007048 1.648791
0.827405 0.000512 0.000741 0.000329 0.000096 0.163866 0.007051 1.648848
0.829412 0.000498 0.000726 0.000320 0.000092 0.161899 0.007053 1.648897
0.831383 0.000480 0.000705 0.000310 0.000088 0.159980 0.007054 1.648943
0.833384 0.000471 0.000680 0.000305 0.000086 0.158020 0.007055 1.648993
0.835331 0.000469 0.000654 0.000289 0.000083 0.156119 0.007057 1.649035
0.837220 0.000458 0.000645 0.000290 0.000081 0.154248 0.007057 1.649079
0.839109 0.000445 0.000632 0.000286 0.000079 0.152391 0.007058 1.649125
0.840930 0.000443 0.000617 0.000279 0.000075 0.150596 0.007060 1.649170
0.842777 0.000441 0.000606 0.000270 0.000073 0.148772 0.007061 1.649218
0.844596 0.000433 0.000589 0.000260 0.000071 0.146987 0.007064 1.649261
0.846323 0.000426 0.000575 0.000256 0.000069 0.145285 0.007066 1.649302
0.848036 0.000412 0.000566 0.000255 0.000068 0.143596 0.007066 1.649348
0.849735 0.000407 0.000547 0.000246 0.000067 0.141930 0.007067 1.649381
0.851458 0.000395 0.000533 0.000245 0.000065 0.140235 0.007068 1.649424
0.853130 0.000389 0.000526 0.000240 0.000061 0.138585 0.007069 1.649464
0.854772 0.000373 0.000517 0.000236 0.000059 0.136973 0.007070 1.649508
0.856430 0.000371 0.000507 0.000232 0.000055 0.135333 0.007072 1.649551
0.858041 0.000369 0.000498 0.000220 0.000053 0.133747 0.007073 1.649588
0.859636 0.000361 0.000481 0.000223 0.000047 0.132177 0.007075 1.649625
0.861172 0.000358 0.000468 0.000221 0.000045 0.130660 0.007076 1.649658
0.862707 0.000360 0.000451 0.000213 0.000046 0.129147 0.007076 1.649686
0.864250 0.000354 0.000440 0.000214 0.000046 0.127621 0.007076 1.649724
0.865749 0.000351 0.000428 0.000212 0.000044 0.126139 0.007077 1.649757
0.867197 0.000351 0.000420 0.000212 0.000042 0.124700 0.007078 1.649789
0.868624 0.000347 0.000403 0.000210 0.000042 0.123295 0.007079 1.649822
0.870049 0.000341 0.000392 0.000201 0.000040 0.121899 0.007079 1.649854
0.871509 0.000341 0.000387 0.000197 0.000038 0.120449 0.007080 1.649885
0.872866 0.000331 0.000383 0.000198 0.000036 0.119107 0.007080 1.649918
0.874229 0.000323 0.000373 0.000193 0.000035 0.117768 0.007080 1.649954
0.875521 0.000319 0.000360 0.000192 0.000034 0.116494 0.007080 1.649982
0.876863 0.000324 0.000349 0.000190 0.000033 0.115161 0.007081 1.650007
0.878170 0.000314 0.000348 0.000190 0.000032 0.113864 0.007081 1.650037
0.879458 0.000308 0.000339 0.000191 0.000031 0.112593 0.007082 1.650066
0.880661 0.000313 0.000340 0.000181 0.000029 0.111393 0.007083 1.650092
0.881925 0.000307 0.000335 0.000180 0.000029 0.110142 0.007083 1.650125
0.883127 0.000300 0.000333 0.000174 0.000029 0.108956 0.007083 1.650154
0.884327 0.000300 0.000328 0.000173 0.000029 0.107762 0.007083 1.650180
0.885505 0.000286 0.000324 0.000167 0.000029 0.106605 0.007083 1.650214
0.886686 0.000282 0.000318 0.000161 0.000029 0.105442 0.007083 1.650242
0.887832 0.000282 0.000315 0.000153 0.000028 0.104308 0.007083 1.650265
0.888983 0.000274 0.000313 0.000157 0.000026 0.103164 0.007083 1.650296
0.890110 0.000272 0.000309 0.000164 0.000026 0.102036 0.007084 1.650325
0.891206 0.000264 0.000304 0.000166 0.000025 0.100949 0.007085 1.650351
0.892274 0.000262 0.000298 0.000165 0.000024 0.099891 0.007085 1.650374
0.893359 0.000252 0.000299 0.000159 0.000024 0.098823 0.007085 1.650404
0.894374 0.000244 0.000294 0.000158 0.000024 0.097821 0.007085 1.650427
0.895358 0.000238 0.000296 0.000153 0.000024 0.096846 0.007085 1.650450
0.896323 0.000234 0.000291 0.000149 0.000022 0.095895 0.007086 1.650476
0.897319 0.000227 0.000284 0.000142 0.000022 0.094920 0.007086 1.650497
0.898309 0.000220 0.000281 0.000144 0.000020 0.093940 0.007086 1.650526
0.899227 0.000223 0.000278 0.000141 0.000020 0.093024 0.007086 1.650546
0.900186 0.000217 0.000263 0.000140 0.000018 0.092088 0.007087 1.650566
0.901108 0.000208 0.000261 0.000135 0.000018 0.091182 0.007087 1.650591
0.902006 0.000205 0.000261 0.000130 0.000017 0.090294 0.007087 1.650611
0.902876 0.000195 0.000258 0.000129 0.000017 0.089437 0.007087 1.650637
0.903730 0.000196 0.000251 0.000127 0.000017 0.088592 0.007087 1.650657
0.904548 0.000198 0.000246 0.000125 0.000017 0.087778 0.007087 1.650673
0.905361 0.000194 0.000246 0.000123 0.000017 0.086971 0.007087 1.650695
0.906197 0.000189 0.000240 0.000118 0.000017 0.086151 0.007087 1.650713
0.906956 0.000189 0.000233 0.000116 0.000015 0.085403 0.007087 1.650730
0.907732 0.000182 0.000231 0.000109 0.000015 0.084643 0.007087 1.650748
0.908476 0.000176 0.000228 0.000109 0.000015 0.083909 0.007087 1.650766
0.909174 0.000174 0.000219 0.000109 0.000015 0.083222 0.007087 1.650784
0.909834 0.000173 0.000213 0.000107 0.000014 0.082571 0.007088 1.650799
0.910463 0.000171 0.000204 0.000108 0.000014 0.081952 0.007088 1.650819
0.911099 0.000169 0.000203 0.000105 0.000013 0.081322 0.007088 1.650833
0.911732 0.000158 0.000203 0.000106 0.000013 0.080699 0.007089 1.650853
0.912348 0.000158 0.000202 0.000102 0.000013 0.080089 0.007089 1.650867
0.912913 0.000158 0.000196 0.000107 0.000013 0.079526 0.007089 1.650885
0.913488 0.000155 0.000198 0.000106 0.000013 0.078950 0.007089 1.650902
0.914056 0.000153 0.000197 0.000104 0.000013 0.078388 0.007089 1.650919
0.914602 0.000151 0.000193 0.000104 0.000013 0.077848 0.007089 1.650933
0.915134 0.000146 0.000186 0.000104 0.000012 0.077329 0.007089 1.650950
0.915664 0.000149 0.000180 0.000098 0.000011 0.076808 0.007090 1.650959
0.916143 0.000149 0.000175 0.000093 0.000011 0.076339 0.007090 1.650974
0.916591 0.000147 0.000175 0.000093 0.000010 0.075894 0.007090 1.650995
0.917061 0.000149 0.000171 0.000093 0.000010 0.075424 0.007090 1.651007
0.917548 0.000148 0.000167 0.000090 0.000011 0.074946 0.007090 1.651021
0.917998 0.000138 0.000166 0.000090 0.000012 0.074507 0.007090 1.651042
0.918419 0.000137 0.000163 0.000091 0.000011 0.074090 0.007090 1.651055
0.918843 0.000140 0.000156 0.000089 0.000011 0.073670 0.007090 1.651067
0.919248 0.000138 0.000157 0.000091 0.000010 0.073265 0.007091 1.651081
0.919622 0.000135 0.000155 0.000089 0.000010 0.072898 0.007091 1.651094
0.919996 0.000136 0.000150 0.000084 0.000010 0.072532 0.007091 1.651104
0.920391 0.000133 0.000146 0.000081 0.000010 0.072148 0.007091 1.651117
0.920740 0.000131 0.000145 0.000076 0.000011 0.071806 0.007091 1.651129
0.921082 0.000123 0.000145 0.000076 0.000011 0.071472 0.007091 1.651146
0.921410 0.000124 0.000142 0.000070 0.000009 0.071154 0.007091 1.651155
0.921738 0.000123 0.000141 0.000069 0.000008 0.070830 0.007091 1.651164
0.922074 0.000125 0.000134 0.000064 0.000008 0.070503 0.007091 1.651173
0.922377 0.000127 0.000131 0.000064 0.000008 0.070203 0.007091 1.651185
0.922695 0.000123 0.000132 0.000063 0.000008 0.069888 0.007091 1.651199
0.922999 0.000119 0.000131 0.000062 0.000008 0.069590 0.007091 1.651211
0.923306 0.000115 0.000133 0.000061 0.000008 0.069286 0.007091 1.651223
0.923616 0.000114 0.000127 0.000056 0.000008 0.068987 0.007092 1.651232
0.923898 0.000112 0.000126 0.000056 0.000008 0.068710 0.007092 1.651243
0.924173 0.000114 0.000119 0.000056 0.000006 0.068440 0.007093 1.651250
0.924455 0.000113 0.000112 0.000052 0.000006 0.068168 0.007093 1.651256
0.924710 0.000110 0.000108 0.000052 0.000006 0.067920 0.007093 1.651267
0.924977 0.000113 0.000105 0.000054 0.000006 0.067652 0.007093 1.651273
0.925226 0.000112 0.000106 0.000054 0.000006 0.067402 0.007093 1.651283
0.925465 0.000109 0.000104 0.000054 0.000006 0.067170 0.007093 1.651293
0.925703 0.000106 0.000107 0.000055 0.000006 0.066929 0.007093 1.651303
0.925915 0.000112 0.000104 0.000050 0.000006 0.066719 0.007093 1.651308
0.926130 0.000111 0.000107 0.000054 0.000005 0.066501 0.007093 1.651321
0.926361 0.000107 0.000105 0.000054 0.000005 0.066276 0.007093 1.651335
0.926573 0.000104 0.000106 0.000054 0.000005 0.066065 0.007093 1.651347
0.926780 0.000101 0.000101 0.000052 0.000005 0.065867 0.007093 1.651356
0.926985 0.000101 0.000099 0.000055 0.000005 0.065661 0.007093 1.651366
0.927182 0.000100 0.000095 0.000053 0.000005 0.065471 0.007093 1.651373
0.927346 0.000098 0.000097 0.000051 0.000005 0.065309 0.007093 1.651384
0.927521 0.000102 0.000096 0.000047 0.000005 0.065134 0.007093 1.651391
0.927703 0.000098 0.000099 0.000042 0.000005 0.064959 0.007093 1.651400
0.927881 0.000094 0.000098 0.000044 0.000005 0.064785 0.007093 1.651413
0.928052 0.000093 0.000094 0.000044 0.000005 0.064618 0.007093 1.651421
0.928218 0.000092 0.000099 0.000044 0.000005 0.064448 0.007093 1.651432
0.928395 0.000096 0.000098 0.000043 0.000004 0.064269 0.007095 1.651439
0.928549 0.000094 0.000099 0.000042 0.000004 0.064119 0.007095 1.651447
0.928698 0.000095 0.000096 0.000042 0.000003 0.063971 0.007095 1.651455
0.928851 0.000092 0.000096 0.000042 0.000003 0.063822 0.007095 1.651465
0.929005 0.000091 0.000094 0.000039 0.000003 0.063673 0.007095 1.651473
0.929150 0.000090 0.000096 0.000039 0.000003 0.063527 0.007095 1.651483
0.929282 0.000090 0.000095 0.000039 0.000003 0.063396 0.007095 1.651490
0.929414 0.000091 0.000092 0.000037 0.000003 0.063269 0.007095 1.651497
0.929567 0.000089 0.000092 0.000039 0.000003 0.063114 0.007095 1.651507
0.929703 0.000090 0.000093 0.000037 0.000003 0.062979 0.007095 1.651514
0.929839 0.000091 0.000093 0.000038 0.000003 0.062841 0.007095 1.651522
0.929973 0.000083 0.000094 0.000040 0.000003 0.062712 0.007095 1.651535
0.930106 0.000080 0.000094 0.000041 0.000003 0.062580 0.007095 1.651544
0.930243 0.000082 0.000091 0.000039 0.000003 0.062447 0.007095 1.651549
0.930357 0.000082 0.000089 0.000038 0.000003 0.062337 0.007095 1.651557
0.930467 0.000081 0.000086 0.000038 0.000003 0.062230 0.007095 1.651564
0.930580 0.000084 0.000083 0.000037 0.000002 0.062118 0.007095 1.651570
0.930682 0.000082 0.000082 0.000038 0.000002 0.062018 0.007095 1.651579
0.930773 0.000080 0.000082 0.000037 0.000003 0.061931 0.007095 1.651588
0.930873 0.000081 0.000080 0.000039 0.000003 0.061830 0.007095 1.651595
0.930967 0.000081 0.000079 0.000038 0.000002 0.061738 0.007095 1.651603
0.931081 0.000080 0.000081 0.000037 0.000002 0.061625 0.007095 1.651610
0.931166 0.000078 0.000079 0.000035 0.000003 0.061544 0.007095 1.651618
0.931257 0.000080 0.000078 0.000036 0.000003 0.061452 0.007095 1.651624
0.931354 0.000078 0.000080 0.000031 0.000003 0.061360 0.007095 1.651630
0.931441 0.000078 0.000080 0.000032 0.000003 0.061272 0.007095 1.651637
0.931525 0.000077 0.000075 0.000032 0.000003 0.061192 0.007095 1.651643
0.931617 0.000069 0.000078 0.000034 0.000003 0.061105 0.007095 1.651656
0.931715 0.000065 0.000074 0.000036 0.000003 0.061011 0.007095 1.651663
0.931792 0.000063 0.000074 0.000037 0.000003 0.060936 0.007095 1.651670
0.931875 0.000063 0.000073 0.000037 0.000002 0.060855 0.007096 1.651675
0.931954 0.000062 0.000074 0.000036 0.000002 0.060777 0.007096 1.651683
0.932028 0.000062 0.000074 0.000034 0.000002 0.060703 0.007096 1.651689
0.932102 0.000062 0.000076 0.000034 0.000002 0.060629 0.007096 1.651696
0.932170 0.000062 0.000076 0.000033 0.000002 0.060562 0.007096 1.651701
0.932244 0.000065 0.000076 0.000033 0.000002 0.060485 0.007096 1.651706
0.932317 0.000065 0.000073 0.000032 0.000002 0.060415 0.007096 1.651713
0.932384 0.000067 0.000070 0.000032 0.000001 0.060351 0.007096 1.651718
0.932453 0.000064 0.000071 0.000032 0.000001 0.060283 0.007096 1.651729
0.932522 0.000062 0.000073 0.000032 0.000001 0.060214 0.007096 1.651737
0.932594 0.000064 0.000071 0.000032 0.000001 0.060143 0.007096 1.651741
0.932655 0.000067 0.000071 0.000030 0.000002 0.060080 0.007096 1.651746
0.932716 0.000066 0.000073 0.000029 0.000002 0.060020 0.007096 1.651752
0.932781 0.000065 0.000073 0.000028 0.000001 0.059955 0.007096 1.651758
0.932837 0.000063 0.000075 0.000028 0.000001 0.059900 0.007096 1.651767
0.932906 0.000063 0.000073 0.000029 0.000001 0.059832 0.007096 1.651771
0.932965 0.000063 0.000074 0.000028 0.000001 0.059772 0.007096 1.651777
0.933016 0.000063 0.000075 0.000029 0.000000 0.059720 0.007096 1.651784
0.933060 0.000063 0.000074 0.000028 0.000000 0.059679 0.007096 1.651790
0.933109 0.000062 0.000074 0.000029 0.000001 0.059629 0.007096 1.651799
0.933166 0.000060 0.000074 0.000029 0.000002 0.059574 0.007096 1.651805
0.933218 0.000058 0.000075 0.000027 0.000002 0.059523 0.007096 1.651811
0.933268 0.000061 0.000071 0.000028 0.000002 0.059474 0.007096 1.651816
0.933310 0.000063 0.000071 0.000027 0.000002 0.059431 0.007096 1.651822
0.933354 0.000065 0.000065 0.000029 0.000001 0.059390 0.007096 1.651827
0.933402 0.000063 0.000066 0.000028 0.000001 0.059345 0.007096 1.651832
0.933442 0.000063 0.000069 0.000028 0.000001 0.059301 0.007096 1.651839
0.933494 0.000063 0.000066 0.000026 0.000001 0.059254 0.007096 1.651844
0.933531 0.000064 0.000065 0.000027 0.000001 0.059216 0.007096 1.651850
0.933567 0.000068 0.000062 0.000026 0.000001 0.059180 0.007096 1.651854
0.933605 0.000064 0.000063 0.000028 0.000001 0.059142 0.007096 1.651862
0.933647 0.000064 0.000061 0.000028 0.000001 0.059104 0.007096 1.651867
0.933692 0.000058 0.000063 0.000029 0.000001 0.059061 0.007096 1.651877
0.933733 0.000061 0.000062 0.000029 0.000001 0.059019 0.007096 1.651881
0.933766 0.000059 0.000061 0.000029 0.000001 0.058988 0.007096 1.651889
0.933793 0.000058 0.000059 0.000029 0.000002 0.058963 0.007096 1.651895
0.933830 0.000058 0.000058 0.000028 0.000000 0.058930 0.007096 1.651902
0.933857 0.000061 0.000057 0.000027 0.000001 0.058900 0.007096 1.651907
0.933895 0.000059 0.000055 0.000028 0.000001 0.058867 0.007096 1.651913
0.933928 0.000061 0.000050 0.000028 0.000001 0.058836 0.007096 1.651915
0.933966 0.000063 0.000049 0.000027 0.000001 0.058799 0.007096 1.651919
0.934004 0.000062 0.000048 0.000030 0.000001 0.058759 0.007096 1.651926
0.934027 0.000064 0.000047 0.000030 0.000001 0.058735 0.007096 1.651929
0.934052 0.000062 0.000049 0.000029 0.000001 0.058711 0.007096 1.651936
0.934077 0.000058 0.000054 0.000029 0.000001 0.058685 0.007096 1.651945
0.934104 0.000054 0.000054 0.000029 0.000001 0.058661 0.007096 1.651952
0.934129 0.000056 0.000056 0.000029 0.000001 0.058634 0.007096 1.651957
0.934158 0.000050 0.000060 0.000030 0.000001 0.058605 0.007096 1.651966
0.934183 0.000047 0.000059 0.000029 0.000002 0.058584 0.007096 1.651972
0.934212 0.000046 0.000058 0.000027 0.000002 0.058560 0.007096 1.651977
0.934235 0.000044 0.000056 0.000028 0.000002 0.058540 0.007096 1.651983
0.934257 0.000041 0.000057 0.000028 0.000002 0.058520 0.007096 1.651988
0.934286 0.000039 0.000055 0.000028 0.000002 0.058494 0.007096 1.651993
0.934312 0.000039 0.000053 0.000026 0.000002 0.058473 0.007096 1.651998
0.934335 0.000041 0.000052 0.000026 0.000002 0.058449 0.007096 1.652000
0.934356 0.000041 0.000053 0.000027 0.000002 0.058425 0.007096 1.652006
0.934375 0.000041 0.000056 0.000026 0.000002 0.058405 0.007096 1.652012
0.934394 0.000035 0.000059 0.000027 0.000002 0.058387 0.007096 1.652019
0.934421 0.000035 0.000056 0.000024 0.000002 0.058367 0.007096 1.652021
0.934437 0.000037 0.000052 0.000023 0.000002 0.058354 0.007096 1.652023
0.934466 0.000038 0.000053 0.000022 0.000002 0.058324 0.007096 1.652027
0.934491 0.000038 0.000052 0.000021 0.000002 0.058301 0.007096 1.652029
0.934515 0.000036 0.000050 0.000021 0.000002 0.058281 0.007096 1.652032
0.934532 0.000038 0.000051 0.000019 0.000002 0.058262 0.007096 1.652037
0.934547 0.000038 0.000050 0.000019 0.000002 0.058249 0.007096 1.652040
0.934567 0.000037 0.000050 0.000018 0.000002 0.058230 0.007096 1.652044
0.934588 0.000035 0.000050 0.000019 0.000002 0.058210 0.007096 1.652048
0.934611 0.000036 0.000048 0.000019 0.000002 0.058189 0.007096 1.652050
0.934632 0.000036 0.000049 0.000019 0.000002 0.058166 0.007096 1.652053
0.934648 0.000033 0.000049 0.000021 0.000002 0.058151 0.007096 1.652058
0.934661 0.000032 0.000049 0.000020 0.000002 0.058141 0.007096 1.652062
0.934681 0.000031 0.000046 0.000019 0.000001 0.058126 0.007096 1.652064
0.934694 0.000032 0.000043 0.000020 0.000001 0.058114 0.007096 1.652066
0.934706 0.000029 0.000042 0.000022 0.000001 0.058105 0.007096 1.652073
0.934719 0.000030 0.000041 0.000021 0.000001 0.058092 0.007096 1.652075
0.934731 0.000028 0.000040 0.000022 0.000001 0.058082 0.007096 1.652079
0.934741 0.000029 0.000039 0.000022 0.000001 0.058071 0.007096 1.652082
0.934758 0.000028 0.000039 0.000024 0.000001 0.058055 0.007096 1.652084
0.934772 0.000027 0.000039 0.000022 0.000001 0.058043 0.007096 1.652088
0.934781 0.000028 0.000036 0.000020 0.000001 0.058037 0.007096 1.652089
0.934796 0.000025 0.000038 0.000019 0.000001 0.058025 0.007096 1.652094
0.934811 0.000023 0.000037 0.000020 0.000001 0.058012 0.007096 1.652096
0.934821 0.000022 0.000037 0.000018 0.000001 0.058006 0.007096 1.652099
0.934833 0.000023 0.000035 0.000016 0.000002 0.057997 0.007096 1.652100
0.934847 0.000022 0.000033 0.000016 0.000002 0.057985 0.007096 1.652102
0.934863 0.000022 0.000033 0.000015 0.000002 0.057970 0.007096 1.652104
0.934883 0.000021 0.000033 0.000015 0.000002 0.057951 0.007096 1.652107
0.934894 0.000022 0.000032 0.000015 0.000002 0.057940 0.007096 1.652108
0.934902 0.000022 0.000031 0.000014 0.000002 0.057934 0.007096 1.652110
0.934913 0.000021 0.000030 0.000014 0.000002 0.057924 0.007096 1.652112
0.934925 0.000020 0.000030 0.000014 0.000002 0.057914 0.007096 1.652113
0.934935 0.000021 0.000028 0.000013 0.000002 0.057905 0.007096 1.652114
0.934948 0.000021 0.000026 0.000013 0.000002 0.057895 0.007096 1.652115
0.934955 0.000020 0.000025 0.000012 0.000002 0.057891 0.007096 1.652117
0.934964 0.000021 0.000024 0.000012 0.000002 0.057882 0.007096 1.652119
0.934976 0.000021 0.000022 0.000012 0.000002 0.057872 0.007096 1.652120
0.934983 0.000021 0.000022 0.000013 0.000002 0.057864 0.007096 1.652121
0.934994 0.000021 0.000022 0.000010 0.000002 0.057857 0.007096 1.652122
0.935006 0.000021 0.000022 0.000009 0.000002 0.057845 0.007096 1.652124
0.935018 0.000021 0.000022 0.000009 0.000001 0.057834 0.007096 1.652125
0.935030 0.000021 0.000021 0.000009 0.000001 0.057823 0.007096 1.652127
0.935041 0.000017 0.000022 0.000010 0.000001 0.057815 0.007096 1.652130
0.935046 0.000016 0.000021 0.000010 0.000001 0.057811 0.007096 1.652133
0.935055 0.000015 0.000021 0.000010 0.000002 0.057803 0.007096 1.652135
0.935064 0.000014 0.000021 0.000008 0.000002 0.057795 0.007096 1.652137
0.935078 0.000014 0.000019 0.000008 0.000002 0.057784 0.007096 1.652138
0.935083 0.000014 0.000020 0.000007 0.000001 0.057780 0.007096 1.652139
0.935091 0.000013 0.000019 0.000008 0.000001 0.057773 0.007096 1.652142
0.935099 0.000013 0.000019 0.000007 0.000001 0.057766 0.007096 1.652143
0.935103 0.000017 0.000018 0.000007 0.000001 0.057759 0.007096 1.652143
0.935107 0.000016 0.000018 0.000007 0.000001 0.057756 0.007096 1.652146
0.935112 0.000017 0.000016 0.000008 0.000001 0.057751 0.007096 1.652147
0.935120 0.000016 0.000015 0.000008 0.000001 0.057745 0.007096 1.652148
0.935128 0.000016 0.000015 0.000008 0.000001 0.057736 0.007096 1.652149
0.935134 0.000016 0.000016 0.000009 0.000001 0.057729 0.007096 1.652151
0.935138 0.000016 0.000015 0.000007 0.000001 0.057727 0.007096 1.652152
0.935143 0.000013 0.000016 0.000007 0.000000 0.057725 0.007096 1.652156
0.935151 0.000013 0.000016 0.000007 0.000000 0.057717 0.007096 1.652157
0.935160 0.000012 0.000016 0.000007 0.000000 0.057709 0.007096 1.652158
0.935167 0.000013 0.000017 0.000006 0.000000 0.057702 0.007096 1.652160
0.935174 0.000013 0.000018 0.000006 0.000000 0.057694 0.007096 1.652161
0.935182 0.000013 0.000017 0.000006 0.000000 0.057687 0.007096 1.652161
0.935187 0.000012 0.000016 0.000006 0.000000 0.057684 0.007096 1.652163
0.935193 0.000011 0.000016 0.000006 0.000000 0.057678 0.007096 1.652164
0.935198 0.000010 0.000016 0.000007 0.000000 0.057674 0.007096 1.652166
0.935204 0.000010 0.000016 0.000007 0.000000 0.057668 0.007096 1.652167
0.935210 0.000008 0.000017 0.000007 0.000000 0.057662 0.007096 1.652169
0.935216 0.000008 0.000016 0.000007 0.000000 0.057657 0.007096 1.652170
0.935221 0.000009 0.000015 0.000006 0.000000 0.057654 0.007096 1.652171
0.935227 0.000008 0.000015 0.000004 0.000000 0.057650 0.007096 1.652172
0.935232 0.000008 0.000014 0.000004 0.000000 0.057646 0.007096 1.652172
0.935235 0.000010 0.000014 0.000004 0.000000 0.057642 0.007096 1.652173
0.935241 0.000010 0.000014 0.000003 0.000000 0.057636 0.007096 1.652173
0.935246 0.000010 0.000014 0.000003 0.000000 0.057631 0.007096 1.652175
0.935246 0.000012 0.000014 0.000003 0.000000 0.057630 0.007096 1.652176
0.935249 0.000011 0.000013 0.000005 0.000000 0.057627 0.007096 1.652178
0.935254 0.000010 0.000012 0.000004 0.000000 0.057624 0.007096 1.652179
0.935261 0.000010 0.000012 0.000005 0.000000 0.057617 0.007096 1.652179
0.935265 0.000010 0.000010 0.000004 0.000000 0.057614 0.007096 1.652179
0.935269 0.000010 0.000010 0.000004 0.000000 0.057611 0.007096 1.652180
0.935274 0.000010 0.000010 0.000004 0.000000 0.057607 0.007096 1.652181
0.935277 0.000012 0.000010 0.000003 0.000000 0.057601 0.007096 1.652181
0.935281 0.000012 0.000010 0.000002 0.000000 0.057599 0.007096 1.652181
0.935284 0.000013 0.000008 0.000003 0.000000 0.057597 0.007096 1.652182
0.935286 0.000013 0.000010 0.000003 0.000000 0.057593 0.007096 1.652184
0.935288 0.000014 0.000009 0.000003 0.000000 0.057590 0.007096 1.652185
0.935290 0.000013 0.000010 0.000004 0.000000 0.057587 0.007096 1.652186
0.935291 0.000014 0.000011 0.000003 0.000000 0.057585 0.007096 1.652187
0.935293 0.000014 0.000011 0.000004 0.000000 0.057582 0.007096 1.652188
0.935297 0.000013 0.000011 0.000004 0.000000 0.057579 0.007096 1.652190
0.935300 0.000012 0.000010 0.000004 0.000000 0.057577 0.007096 1.652190
0.935302 0.000013 0.000010 0.000003 0.000000 0.057577 0.007096 1.652191
0.935304 0.000013 0.000010 0.000003 0.000000 0.057575 0.007096 1.652192
0.935308 0.000012 0.000010 0.000004 0.000000 0.057571 0.007096 1.652192
0.935310 0.000012 0.000011 0.000003 0.000000 0.057569 0.007096 1.652194
0.935309 0.000012 0.000011 0.000004 0.000000 0.057569 0.007096 1.652195
0.935309 0.000014 0.000011 0.000003 0.000000 0.057568 0.007096 1.652195
0.935313 0.000012 0.000013 0.000003 0.000000 0.057563 0.007096 1.652197
0.935317 0.000013 0.000012 0.000003 0.000000 0.057559 0.007096 1.652197
0.935318 0.000016 0.000012 0.000003 0.000000 0.057556 0.007096 1.652197
0.935322 0.000014 0.000013 0.000003 0.000000 0.057553 0.007096 1.652198
0.935324 0.000013 0.000012 0.000004 0.000000 0.057551 0.007096 1.652200
0.935327 0.000014 0.000011 0.000004 0.000000 0.057548 0.007096 1.652200
0.935327 0.000014 0.000011 0.000005 0.000000 0.057547 0.007096 1.652201
0.935329 0.000014 0.000010 0.000005 0.000000 0.057546 0.007096 1.652202
0.935330 0.000014 0.000011 0.000005 0.000000 0.057545 0.007096 1.652203
0.935331 0.000014 0.000012 0.000005 0.000000 0.057543 0.007096 1.652205
0.935332 0.000012 0.000015 0.000005 0.000000 0.057541 0.007096 1.652208
0.935333 0.000011 0.000014 0.000006 0.000000 0.057540 0.007096 1.652209
0.935335 0.000013 0.000013 0.000006 0.000000 0.057537 0.007096 1.652209
0.935338 0.000013 0.000013 0.000006 0.000000 0.057534 0.007096 1.652210
0.935339 0.000016 0.000012 0.000006 0.000000 0.057531 0.007096 1.652210
0.935343 0.000016 0.000013 0.000005 0.000000 0.057528 0.007096 1.652210
0.935344 0.000016 0.000012 0.000004 0.000000 0.057528 0.007096 1.652212
0.935344 0.000015 0.000013 0.000005 0.000000 0.057527 0.007096 1.652214
0.935345 0.000017 0.000013 0.000005 0.000000 0.057526 0.007096 1.652214
0.935347 0.000016 0.000014 0.000005 0.000000 0.057523 0.007096 1.652216
0.935347 0.000017 0.000015 0.000005 0.000000 0.057521 0.007096 1.652217
0.935347 0.000017 0.000015 0.000005 0.000000 0.057520 0.007096 1.652218
0.935348 0.000018 0.000014 0.000004 0.000000 0.057519 0.007096 1.652219
0.935349 0.000018 0.000014 0.000003 0.000000 0.057519 0.007096 1.652220
0.935351 0.000018 0.000013 0.000003 0.000000 0.057519 0.007096 1.652221
0.935353 0.000017 0.000013 0.000004 0.000000 0.057517 0.007096 1.652222
0.935353 0.000018 0.000013 0.000004 0.000000 0.057517 0.007096 1.652224
0.935352 0.000018 0.000013 0.000005 0.000000 0.057516 0.007096 1.652227
0.935353 0.000018 0.000014 0.000004 0.000000 0.057515 0.007096 1.652228
0.935355 0.000017 0.000014 0.000005 0.000000 0.057514 0.007096 1.652229
0.935357 0.000017 0.000013 0.000004 0.000000 0.057513 0.007096 1.652230
0.935358 0.000017 0.000013 0.000004 0.000000 0.057512 0.007096 1.652231
0.935360 0.000015 0.000014 0.000005 0.000000 0.057510 0.007096 1.652233
0.935362 0.000014 0.000014 0.000006 0.000000 0.057509 0.007096 1.652235
0.935362 0.000013 0.000014 0.000007 0.000000 0.057509 0.007096 1.652238
0.935362 0.000013 0.000014 0.000006 0.000000 0.057509 0.007096 1.652240
0.935364 0.000012 0.000014 0.000007 0.000000 0.057507 0.007096 1.652242
0.935363 0.000014 0.000013 0.000008 0.000000 0.057506 0.007096 1.652242
0.935364 0.000016 0.000013 0.000007 0.000000 0.057505 0.007096 1.652243
0.935365 0.000014 0.000014 0.000008 0.000000 0.057504 0.007096 1.652246
0.935366 0.000014 0.000014 0.000008 0.000000 0.057503 0.007096 1.652247
0.935366 0.000014 0.000014 0.000006 0.000000 0.057505 0.007096 1.652249
0.935367 0.000013 0.000014 0.000007 0.000000 0.057504 0.007096 1.652251
0.935366 0.000013 0.000014 0.000006 0.000000 0.057505 0.007096 1.652253
0.935364 0.000013 0.000014 0.000006 0.000000 0.057506 0.007096 1.652255
0.935363 0.000014 0.000014 0.000006 0.000000 0.057506 0.007096 1.652255
0.935362 0.000015 0.000014 0.000006 0.000000 0.057507 0.007096 1.652256
0.935362 0.000014 0.000013 0.000006 0.000000 0.057509 0.007096 1.652258
0.935360 0.000014 0.000015 0.000006 0.000000 0.057509 0.007096 1.652260
0.935360 0.000014 0.000015 0.000006 0.000000 0.057510 0.007096 1.652261
0.935361 0.000013 0.000015 0.000006 0.000000 0.057510 0.007096 1.652263
0.935360 0.000014 0.000015 0.000006 0.000000 0.057508 0.007096 1.652264
0.935362 0.000014 0.000015 0.000005 0.000000 0.057508 0.007096 1.652265
0.935362 0.000013 0.000016 0.000006 0.000000 0.057507 0.007096 1.652267
0.935363 0.000013 0.000015 0.000006 0.000000 0.057508 0.007096 1.652269
0.935363 0.000010 0.000017 0.000006 0.000000 0.057508 0.007096 1.652272
0.935365 0.000011 0.000017 0.000005 0.000000 0.057506 0.007096 1.652272
0.935365 0.000012 0.000017 0.000005 0.000000 0.057505 0.007096 1.652273
0.935367 0.000009 0.000019 0.000006 0.000000 0.057503 0.007096 1.652276
0.935368 0.000009 0.000018 0.000006 0.000000 0.057503 0.007096 1.652277
0.935369 0.000008 0.000017 0.000006 0.000000 0.057504 0.007096 1.652279
0.935370 0.000008 0.000016 0.000004 0.000000 0.057506 0.007096 1.652279
0.935371 0.000009 0.000016 0.000004 0.000000 0.057505 0.007096 1.652279
0.935374 0.000010 0.000016 0.000003 0.000000 0.057501 0.007096 1.652279
0.935375 0.000010 0.000013 0.000003 0.000000 0.057504 0.007096 1.652280
0.935376 0.000008 0.000013 0.000003 0.000000 0.057504 0.007096 1.652281
0.935376 0.000010 0.000012 0.000003 0.000000 0.057504 0.007096 1.652282
0.935377 0.000008 0.000011 0.000004 0.000000 0.057504 0.007096 1.652283
0.935378 0.000009 0.000010 0.000004 0.000000 0.057503 0.007096 1.652283
0.935379 0.000009 0.000008 0.000004 0.000000 0.057505 0.007096 1.652283
0.935378 0.000010 0.000008 0.000004 0.000000 0.057505 0.007096 1.652284
0.935380 0.000008 0.000008 0.000004 0.000000 0.057504 0.007096 1.652286
0.935382 0.000007 0.000008 0.000004 0.000000 0.057503 0.007096 1.652287
0.935382 0.000007 0.000008 0.000005 0.000000 0.057503 0.007096 1.652288
0.935382 0.000006 0.000008 0.000005 0.000000 0.057504 0.007096 1.652289
0.935384 0.000006 0.000008 0.000005 0.000000 0.057502 0.007096 1.652289
0.935385 0.000006 0.000006 0.000006 0.000000 0.057502 0.007096 1.652290
0.935385 0.000006 0.000007 0.000004 0.000000 0.057503 0.007096 1.652291
0.935384 0.000006 0.000006 0.000004 0.000000 0.057503 0.007096 1.652291
0.935385 0.000006 0.000007 0.000003 0.000000 0.057503 0.007096 1.652292
0.935386 0.000006 0.000006 0.000004 0.000000 0.057502 0.007096 1.652293
0.935386 0.000008 0.000006 0.000004 0.000000 0.057501 0.007096 1.652293
0.935387 0.000006 0.000007 0.000004 0.000000 0.057500 0.007096 1.652295
0.935387 0.000007 0.000006 0.000005 0.000000 0.057499 0.007096 1.652295
0.935389 0.000007 0.000006 0.000005 0.000000 0.057497 0.007096 1.652296
0.935390 0.000006 0.000007 0.000005 0.000000 0.057496 0.007096 1.652297
0.935389 0.000006 0.000008 0.000005 0.000000 0.057496 0.007096 1.652298
0.935391 0.000006 0.000008 0.000004 0.000000 0.057495 0.007096 1.652299
0.935393 0.000006 0.000008 0.000004 0.000000 0.057493 0.007096 1.652299
0.935395 0.000007 0.000008 0.000004 0.000000 0.057490 0.007096 1.652299
0.935394 0.000008 0.000008 0.000004 0.000000 0.057490 0.007096 1.652299
0.935393 0.000010 0.000007 0.000004 0.000000 0.057490 0.007096 1.652299
0.935393 0.000010 0.000006 0.000004 0.000000 0.057491 0.007096 1.652300
0.935393 0.000008 0.000006 0.000003 0.000000 0.057492 0.007096 1.652301
0.935393 0.000008 0.000007 0.000003 0.000000 0.057492 0.007096 1.652302
0.935394 0.000008 0.000007 0.000003 0.000000 0.057492 0.007096 1.652303
0.935393 0.000008 0.000008 0.000003 0.000000 0.057492 0.007096 1.652304
0.935394 0.000006 0.000008 0.000003 0.000000 0.057492 0.007096 1.652305
0.935395 0.000008 0.000008 0.000003 0.000000 0.057490 0.007096 1.652305
0.935395 0.000006 0.000010 0.000003 0.000001 0.057490 0.007096 1.652307
0.935396 0.000005 0.000010 0.000003 0.000001 0.057489 0.007096 1.652308
0.935396 0.000006 0.000011 0.000003 0.000001 0.057487 0.007096 1.652309
0.935396 0.000006 0.000011 0.000003 0.000001 0.057487 0.007096 1.652309
0.935396 0.000006 0.000010 0.000003 0.000001 0.057488 0.007096 1.652310
0.935396 0.000006 0.000010 0.000004 0.000001 0.057487 0.007096 1.652311
0.935394 0.000007 0.000010 0.000005 0.000001 0.057488 0.007096 1.652311
0.935394 0.000007 0.000010 0.000004 0.000001 0.057488 0.007096 1.652312
0.935394 0.000007 0.000009 0.000003 0.000001 0.057490 0.007096 1.652313
0.935394 0.000008 0.000008 0.000003 0.000000 0.057491 0.007097 1.652313
0.935394 0.000008 0.000007 0.000003 0.000000 0.057491 0.007097 1.652313
0.935394 0.000009 0.000007 0.000003 0.000000 0.057491 0.007097 1.652313
0.935394 0.000008 0.000007 0.000003 0.000000 0.057491 0.007097 1.652314
0.935395 0.000007 0.000008 0.000003 0.000000 0.057490 0.007097 1.652315
0.935395 0.000006 0.000009 0.000003 0.000000 0.057490 0.007097 1.652317
0.935395 0.000006 0.000009 0.000003 0.000000 0.057490 0.007097 1.652318
0.935395 0.000006 0.000009 0.000003 0.000000 0.057489 0.007097 1.652319
0.935394 0.000008 0.000008 0.000003 0.000000 0.057489 0.007097 1.652319
0.935394 0.000008 0.000010 0.000003 0.000000 0.057488 0.007097 1.652320
0.935394 0.000008 0.000008 0.000003 0.000000 0.057490 0.007097 1.652320
0.935395 0.000007 0.000009 0.000002 0.000000 0.057490 0.007097 1.652322
0.935397 0.000007 0.000008 0.000002 0.000000 0.057489 0.007097 1.652322
0.935397 0.000005 0.000010 0.000003 0.000000 0.057489 0.007097 1.652324
0.935397 0.000005 0.000009 0.000003 0.000000 0.057489 0.007097 1.652324
0.935397 0.000006 0.000009 0.000003 0.000000 0.057488 0.007097 1.652324
0.935398 0.000005 0.000009 0.000003 0.000000 0.057489 0.007097 1.652325
0.935398 0.000005 0.000008 0.000003 0.000000 0.057489 0.007097 1.652325
0.935396 0.000007 0.000008 0.000003 0.000000 0.057490 0.007097 1.652325
0.935396 0.000006 0.000008 0.000003 0.000000 0.057490 0.007097 1.652326
0.935394 0.000008 0.000007 0.000003 0.000000 0.057491 0.007097 1.652326
0.935397 0.000008 0.000007 0.000003 0.000000 0.057489 0.007097 1.652327
0.935397 0.000008 0.000007 0.000003 0.000000 0.057489 0.007097 1.652327
0.935397 0.000006 0.000006 0.000003 0.000000 0.057490 0.007097 1.652329
