0.346830 0.061954 0.055564 0.031977 0.002140 0.495524 0.006011 1.621895
0.348915 0.060012 0.055495 0.031777 0.002136 0.495630 0.006035 1.627888
0.351762 0.057646 0.055199 0.031541 0.002136 0.495656 0.006061 1.633635
0.354931 0.055075 0.054943 0.031090 0.002135 0.495734 0.006091 1.639142
0.358433 0.052528 0.054495 0.030680 0.002123 0.495623 0.006118 1.644386
0.362265 0.049932 0.053931 0.030203 0.002101 0.495425 0.006145 1.649381
0.366239 0.047447 0.053193 0.029726 0.002102 0.495125 0.006168 1.654097
0.370311 0.044965 0.052435 0.029140 0.002083 0.494868 0.006198 1.658658
0.374522 0.042617 0.051591 0.028554 0.002098 0.494388 0.006228 1.662997
0.378774 0.040453 0.050561 0.027937 0.002087 0.493934 0.006255 1.667025
0.383296 0.038363 0.049464 0.027263 0.002073 0.493257 0.006284 1.670826
0.387864 0.036387 0.048454 0.026571 0.002065 0.492349 0.006311 1.674492
0.392332 0.034684 0.047254 0.025805 0.002048 0.491540 0.006337 1.677858
0.396920 0.032961 0.046176 0.025099 0.002031 0.490450 0.006363 1.681165
0.401546 0.031314 0.044988 0.024419 0.002028 0.489321 0.006384 1.684348
0.406237 0.029805 0.043869 0.023668 0.002016 0.487992 0.006413 1.687316
0.410795 0.028396 0.042761 0.022924 0.002005 0.486680 0.006440 1.690206
0.415302 0.027120 0.041529 0.022245 0.001991 0.485347 0.006467 1.692908
0.419941 0.025913 0.040329 0.021532 0.001982 0.483814 0.006488 1.695481
0.424645 0.024769 0.039104 0.020886 0.001964 0.482120 0.006512 1.697985
0.429327 0.023728 0.037889 0.020213 0.001941 0.480364 0.006538 1.700342
0.433979 0.022715 0.036756 0.019628 0.001914 0.478442 0.006566 1.702633
0.438596 0.021848 0.035510 0.018963 0.001878 0.476607 0.006597 1.704778
0.443276 0.021032 0.034339 0.018323 0.001860 0.474547 0.006623 1.706855
0.447889 0.020298 0.033222 0.017757 0.001832 0.472352 0.006651 1.708851
0.452565 0.019524 0.032215 0.017193 0.001809 0.470019 0.006675 1.710830
0.457148 0.018811 0.031202 0.016660 0.001784 0.467697 0.006697 1.712720
0.461746 0.018173 0.030151 0.016122 0.001749 0.465333 0.006724 1.714520
0.466347 0.017611 0.029124 0.015597 0.001725 0.462843 0.006754 1.716213
0.470968 0.017026 0.028187 0.015120 0.001684 0.460234 0.006781 1.717913
0.475433 0.016518 0.027217 0.014634 0.001658 0.457735 0.006805 1.719570
0.480049 0.016075 0.026274 0.014150 0.001638 0.454992 0.006822 1.721129
0.484559 0.015684 0.025419 0.013683 0.001603 0.452203 0.006849 1.722668
0.489097 0.015251 0.024660 0.013240 0.001572 0.449312 0.006869 1.724187
0.493702 0.014844 0.023868 0.012792 0.001544 0.446358 0.006891 1.725641
0.498323 0.014473 0.023103 0.012363 0.001504 0.443320 0.006913 1.727062
0.502807 0.014202 0.022371 0.011981 0.001474 0.440232 0.006933 1.728433
0.507201 0.013863 0.021664 0.011632 0.001445 0.437243 0.006952 1.729791
0.511625 0.013558 0.020981 0.011286 0.001429 0.434156 0.006966 1.731138
0.515973 0.013240 0.020366 0.010891 0.001399 0.431144 0.006987 1.732442
0.520461 0.012983 0.019797 0.010541 0.001369 0.427841 0.007006 1.733692
0.524694 0.012678 0.019265 0.010223 0.001340 0.424776 0.007025 1.734960
0.529062 0.012397 0.018686 0.009958 0.001316 0.421537 0.007045 1.736188
0.533365 0.012208 0.018159 0.009705 0.001285 0.418214 0.007065 1.737362
0.537692 0.011926 0.017666 0.009460 0.001260 0.414918 0.007078 1.738573
0.541890 0.011709 0.017181 0.009185 0.001240 0.411703 0.007092 1.739748
0.546048 0.011565 0.016715 0.008937 0.001218 0.408411 0.007105 1.740838
0.550264 0.011319 0.016319 0.008685 0.001195 0.405097 0.007121 1.741994
0.554289 0.011154 0.015872 0.008419 0.001170 0.401961 0.007135 1.743071
0.558390 0.010994 0.015459 0.008217 0.001143 0.398646 0.007150 1.744142
0.562453 0.010802 0.015047 0.008037 0.001117 0.395379 0.007165 1.745240
0.566417 0.010717 0.014656 0.007820 0.001100 0.392112 0.007179 1.746270
0.570433 0.010560 0.014301 0.007635 0.001087 0.388795 0.007190 1.747324
0.574384 0.010468 0.013921 0.007473 0.001059 0.385490 0.007204 1.748346
0.578170 0.010342 0.013603 0.007310 0.001033 0.382324 0.007218 1.749377
0.582058 0.010210 0.013276 0.007121 0.001014 0.379092 0.007229 1.750394
0.585844 0.010095 0.013026 0.006963 0.000991 0.375837 0.007243 1.751409
0.589618 0.010009 0.012756 0.006819 0.000969 0.372571 0.007257 1.752381
0.593362 0.009961 0.012491 0.006677 0.000947 0.369293 0.007268 1.753351
0.597111 0.009872 0.012243 0.006531 0.000936 0.366030 0.007277 1.754312
0.600774 0.009792 0.011982 0.006409 0.000911 0.362839 0.007294 1.755271
0.604393 0.009723 0.011739 0.006308 0.000895 0.359638 0.007304 1.756221
0.607852 0.009674 0.011515 0.006198 0.000872 0.356573 0.007317 1.757191
0.611416 0.009602 0.011311 0.006093 0.000848 0.353402 0.007328 1.758156
0.615024 0.009516 0.011090 0.006005 0.000833 0.350193 0.007339 1.759095
0.618452 0.009473 0.010887 0.005900 0.000809 0.347125 0.007353 1.760029
0.621979 0.009380 0.010731 0.005820 0.000793 0.343934 0.007363 1.760985
0.625362 0.009336 0.010544 0.005750 0.000774 0.340866 0.007369 1.761902
0.628712 0.009317 0.010371 0.005634 0.000765 0.337822 0.007380 1.762811
0.632090 0.009308 0.010194 0.005570 0.000755 0.334697 0.007387 1.763684
0.635368 0.009261 0.010089 0.005499 0.000739 0.331646 0.007397 1.764598
0.638559 0.009253 0.009948 0.005434 0.000720 0.328678 0.007408 1.765507
0.641736 0.009236 0.009829 0.005348 0.000710 0.325727 0.007415 1.766422
0.644875 0.009237 0.009751 0.005300 0.000690 0.322723 0.007425 1.767337
0.647968 0.009261 0.009636 0.005245 0.000680 0.319776 0.007435 1.768222
0.651030 0.009270 0.009563 0.005210 0.000661 0.316828 0.007440 1.769142
0.653947 0.009285 0.009469 0.005163 0.000648 0.314041 0.007448 1.770056
0.656877 0.009326 0.009363 0.005114 0.000638 0.311231 0.007453 1.770939
0.659773 0.009355 0.009262 0.005095 0.000619 0.308436 0.007460 1.771848
0.662805 0.009328 0.009228 0.005075 0.000601 0.305495 0.007468 1.772798
0.665602 0.009348 0.009177 0.005012 0.000599 0.302787 0.007475 1.773713
0.668534 0.009329 0.009066 0.004968 0.000597 0.300023 0.007483 1.774627
0.671329 0.009343 0.009038 0.004944 0.000588 0.297269 0.007490 1.775555
0.674128 0.009401 0.008982 0.004909 0.000581 0.294501 0.007499 1.776443
0.676908 0.009360 0.008964 0.004900 0.000568 0.291796 0.007506 1.777401
0.679614 0.009344 0.008919 0.004900 0.000555 0.289153 0.007515 1.778344
0.682266 0.009446 0.008824 0.004887 0.000545 0.286510 0.007523 1.779232
0.684864 0.009449 0.008783 0.004879 0.000540 0.283960 0.007527 1.780181
0.687380 0.009447 0.008751 0.004857 0.000536 0.281496 0.007533 1.781129
0.689940 0.009461 0.008736 0.004850 0.000532 0.278943 0.007540 1.782082
0.692423 0.009536 0.008702 0.004842 0.000522 0.276430 0.007546 1.782990
0.694885 0.009565 0.008666 0.004837 0.000515 0.273981 0.007552 1.783922
0.697331 0.009578 0.008643 0.004856 0.000512 0.271523 0.007558 1.784894
0.699661 0.009652 0.008655 0.004859 0.000505 0.269103 0.007566 1.785847
0.701949 0.009724 0.008674 0.004851 0.000493 0.266736 0.007574 1.786785
0.704219 0.009819 0.008669 0.004863 0.000478 0.264371 0.007582 1.787740
0.706427 0.009918 0.008700 0.004885 0.000472 0.262008 0.007590 1.788713
0.708639 0.009989 0.008712 0.004883 0.000464 0.259719 0.007596 1.789705
0.710858 0.010045 0.008709 0.004877 0.000456 0.257455 0.007601 1.790691
0.712988 0.010168 0.008744 0.004865 0.000455 0.255175 0.007606 1.791667
0.715053 0.010225 0.008787 0.004890 0.000445 0.252988 0.007613 1.792691
0.717211 0.010303 0.008796 0.004912 0.000436 0.250729 0.007615 1.793693
0.719259 0.010365 0.008830 0.004943 0.000436 0.248548 0.007619 1.794733
0.721290 0.010411 0.008855 0.004953 0.000430 0.246439 0.007623 1.795755
0.723127 0.010567 0.008869 0.004954 0.000430 0.244426 0.007627 1.796769
0.725019 0.010715 0.008909 0.004961 0.000418 0.242342 0.007636 1.797795
0.726918 0.010811 0.008939 0.004980 0.000416 0.240296 0.007640 1.798837
0.728700 0.010924 0.008993 0.005001 0.000412 0.238323 0.007646 1.799895
0.730506 0.010985 0.009032 0.005033 0.000407 0.236387 0.007650 1.800982
0.732183 0.011125 0.009085 0.005064 0.000404 0.234480 0.007657 1.802046
0.733956 0.011170 0.009153 0.005090 0.000401 0.232570 0.007662 1.803161
0.735633 0.011253 0.009220 0.005134 0.000396 0.230699 0.007665 1.804302
0.737290 0.011338 0.009262 0.005187 0.000395 0.228859 0.007670 1.805417
0.738935 0.011485 0.009300 0.005203 0.000388 0.227018 0.007672 1.806511
0.740504 0.011540 0.009392 0.005215 0.000385 0.225287 0.007678 1.807672
0.741998 0.011697 0.009450 0.005260 0.000381 0.223532 0.007684 1.808813
0.743447 0.011865 0.009531 0.005298 0.000379 0.221794 0.007688 1.809969
0.744869 0.012014 0.009566 0.005337 0.000381 0.220143 0.007690 1.811135
0.746315 0.012149 0.009684 0.005371 0.000367 0.218420 0.007696 1.812326
0.747719 0.012275 0.009706 0.005409 0.000364 0.216828 0.007700 1.813495
0.749084 0.012417 0.009755 0.005479 0.000362 0.215200 0.007704 1.814704
0.750505 0.012543 0.009807 0.005490 0.000357 0.213589 0.007709 1.815891
0.751794 0.012642 0.009932 0.005536 0.000346 0.212036 0.007714 1.817159
0.753094 0.012730 0.010006 0.005603 0.000342 0.210508 0.007718 1.818410
0.754287 0.012900 0.010084 0.005637 0.000344 0.209029 0.007720 1.819659
0.755444 0.013090 0.010151 0.005675 0.000342 0.207576 0.007724 1.820914
0.756628 0.013247 0.010238 0.005720 0.000338 0.206101 0.007729 1.822189
0.757754 0.013441 0.010336 0.005758 0.000335 0.204646 0.007731 1.823461
0.758777 0.013604 0.010475 0.005832 0.000336 0.203240 0.007737 1.824802
0.759870 0.013747 0.010599 0.005886 0.000337 0.201821 0.007741 1.826135
0.760835 0.013932 0.010711 0.005960 0.000337 0.200481 0.007744 1.827488
0.761876 0.014089 0.010795 0.006039 0.000334 0.199118 0.007749 1.828851
0.762774 0.014300 0.010892 0.006139 0.000337 0.197805 0.007752 1.830252
0.763586 0.014522 0.010978 0.006212 0.000344 0.196603 0.007756 1.831636
0.764453 0.014702 0.011091 0.006265 0.000348 0.195379 0.007762 1.833039
0.765321 0.014864 0.011204 0.006322 0.000351 0.194170 0.007767 1.834463
0.766109 0.015048 0.011321 0.006392 0.000361 0.193000 0.007769 1.835925
0.766881 0.015213 0.011462 0.006468 0.000357 0.191844 0.007775 1.837407
0.767689 0.015340 0.011619 0.006511 0.000358 0.190703 0.007780 1.838889
0.768443 0.015493 0.011811 0.006543 0.000360 0.189567 0.007784 1.840377
0.769243 0.015622 0.011913 0.006591 0.000363 0.188483 0.007787 1.841857
0.769867 0.015797 0.012097 0.006655 0.000366 0.187426 0.007792 1.843418
0.770451 0.015916 0.012285 0.006714 0.000368 0.186471 0.007796 1.844992
0.771074 0.016077 0.012365 0.006771 0.000373 0.185540 0.007801 1.846538
0.771698 0.016179 0.012528 0.006856 0.000369 0.184563 0.007810 1.848146
0.772281 0.016328 0.012644 0.006902 0.000373 0.183659 0.007812 1.849717
0.772763 0.016513 0.012708 0.006972 0.000381 0.182848 0.007816 1.851297
0.773225 0.016667 0.012884 0.007041 0.000382 0.181979 0.007822 1.852959
0.773623 0.016886 0.013020 0.007127 0.000381 0.181134 0.007829 1.854589
0.773985 0.017098 0.013223 0.007156 0.000388 0.180317 0.007835 1.856242
0.774384 0.017283 0.013392 0.007231 0.000389 0.179483 0.007840 1.857930
0.774783 0.017426 0.013537 0.007363 0.000383 0.178661 0.007847 1.859648
0.775055 0.017661 0.013695 0.007399 0.000389 0.177950 0.007851 1.861365
0.775315 0.017845 0.013859 0.007457 0.000389 0.177280 0.007855 1.863124
0.775544 0.018111 0.014006 0.007526 0.000397 0.176560 0.007858 1.864846
0.775802 0.018333 0.014184 0.007602 0.000398 0.175819 0.007863 1.866598
0.776056 0.018482 0.014371 0.007682 0.000403 0.175138 0.007869 1.868384
0.776256 0.018652 0.014538 0.007763 0.000409 0.174510 0.007873 1.870201
0.776394 0.018782 0.014699 0.007855 0.000408 0.173982 0.007879 1.872045
0.776520 0.018931 0.014877 0.007976 0.000408 0.173404 0.007884 1.873939
0.776595 0.019132 0.014974 0.008052 0.000411 0.172944 0.007892 1.875799
0.776678 0.019301 0.015172 0.008159 0.000416 0.172375 0.007898 1.877702
0.776777 0.019413 0.015353 0.008284 0.000427 0.171845 0.007901 1.879683
0.776838 0.019546 0.015465 0.008341 0.000437 0.171467 0.007908 1.881590
0.776892 0.019725 0.015584 0.008384 0.000437 0.171066 0.007913 1.883490
0.776954 0.019830 0.015707 0.008497 0.000446 0.170649 0.007917 1.885455
0.777025 0.019895 0.015884 0.008574 0.000449 0.170251 0.007923 1.887465
0.777077 0.020033 0.016010 0.008667 0.000458 0.169828 0.007928 1.889428
0.777044 0.020214 0.016196 0.008759 0.000462 0.169389 0.007935 1.891405
0.776975 0.020429 0.016290 0.008836 0.000463 0.169066 0.007943 1.893376
0.776998 0.020537 0.016440 0.008898 0.000468 0.168714 0.007945 1.895379
0.776905 0.020801 0.016521 0.008931 0.000469 0.168423 0.007950 1.897312
0.776827 0.021000 0.016664 0.008972 0.000473 0.168111 0.007954 1.899326
0.776688 0.021153 0.016795 0.009050 0.000481 0.167876 0.007958 1.901395
0.776523 0.021262 0.016980 0.009122 0.000488 0.167664 0.007963 1.903475
0.776439 0.021360 0.017118 0.009176 0.000490 0.167451 0.007967 1.905539
0.776436 0.021429 0.017301 0.009207 0.000492 0.167163 0.007972 1.907639
0.776445 0.021460 0.017389 0.009236 0.000496 0.166998 0.007977 1.909728
0.776312 0.021550 0.017514 0.009298 0.000494 0.166850 0.007983 1.911835
0.776175 0.021655 0.017493 0.009406 0.000504 0.166780 0.007987 1.913950
0.776036 0.021712 0.017625 0.009478 0.000511 0.166646 0.007993 1.916075
0.775993 0.021744 0.017738 0.009548 0.000514 0.166463 0.008000 1.918213
0.775874 0.021884 0.017832 0.009572 0.000521 0.166314 0.008004 1.920289
0.775740 0.021923 0.017944 0.009665 0.000531 0.166190 0.008008 1.922453
0.775590 0.021989 0.018062 0.009778 0.000533 0.166035 0.008013 1.924626
0.775450 0.022051 0.018149 0.009839 0.000536 0.165956 0.008019 1.926744
0.775265 0.022129 0.018266 0.009880 0.000532 0.165903 0.008025 1.928902
0.775148 0.022224 0.018373 0.009930 0.000531 0.165764 0.008031 1.931048
0.775059 0.022249 0.018517 0.009906 0.000533 0.165699 0.008038 1.933193
0.774902 0.022271 0.018644 0.009957 0.000539 0.165641 0.008046 1.935349
0.774724 0.022367 0.018691 0.010016 0.000540 0.165610 0.008053 1.937504
0.774588 0.022382 0.018811 0.010080 0.000539 0.165542 0.008059 1.939735
0.774467 0.022364 0.018854 0.010111 0.000546 0.165595 0.008064 1.941944
0.774344 0.022370 0.018916 0.010160 0.000540 0.165601 0.008070 1.944143
0.774160 0.022311 0.019016 0.010231 0.000544 0.165665 0.008074 1.946416
0.773965 0.022347 0.019077 0.010273 0.000545 0.165714 0.008080 1.948615
0.773798 0.022405 0.019130 0.010313 0.000551 0.165717 0.008087 1.950805
0.773672 0.022376 0.019181 0.010357 0.000548 0.165774 0.008093 1.953013
0.773500 0.022432 0.019252 0.010386 0.000556 0.165775 0.008099 1.955211
0.773366 0.022504 0.019217 0.010391 0.000558 0.165859 0.008106 1.957355
0.773310 0.022493 0.019290 0.010380 0.000566 0.165846 0.008115 1.959573
0.773094 0.022543 0.019349 0.010436 0.000574 0.165885 0.008119 1.961776
0.772981 0.022524 0.019478 0.010440 0.000576 0.165876 0.008124 1.963984
0.772895 0.022523 0.019537 0.010474 0.000580 0.165858 0.008134 1.966179
0.772770 0.022600 0.019534 0.010476 0.000589 0.165892 0.008140 1.968328
0.772654 0.022567 0.019543 0.010517 0.000590 0.165980 0.008149 1.970513
0.772643 0.022495 0.019560 0.010547 0.000591 0.166008 0.008156 1.972739
0.772501 0.022515 0.019660 0.010534 0.000604 0.166025 0.008163 1.974932
0.772394 0.022368 0.019713 0.010602 0.000612 0.166144 0.008168 1.977214
0.772346 0.022233 0.019753 0.010652 0.000611 0.166228 0.008178 1.979480
0.772223 0.022211 0.019739 0.010674 0.000617 0.166351 0.008186 1.981667
0.772229 0.022153 0.019823 0.010619 0.000616 0.166367 0.008193 1.983846
0.772175 0.022162 0.019796 0.010634 0.000615 0.166417 0.008201 1.985980
0.772086 0.022168 0.019779 0.010643 0.000614 0.166503 0.008208 1.988133
0.772114 0.022113 0.019739 0.010615 0.000608 0.166600 0.008212 1.990270
0.772113 0.022062 0.019729 0.010591 0.000605 0.166683 0.008219 1.992409
0.772100 0.021974 0.019697 0.010584 0.000608 0.166814 0.008224 1.994567
0.772100 0.021852 0.019680 0.010586 0.000610 0.166944 0.008230 1.996741
0.772163 0.021759 0.019678 0.010592 0.000611 0.166963 0.008235 1.998903
0.772238 0.021741 0.019612 0.010488 0.000615 0.167065 0.008241 2.000977
0.772215 0.021695 0.019633 0.010455 0.000613 0.167141 0.008248 2.003111
0.772228 0.021661 0.019581 0.010404 0.000604 0.167265 0.008258 2.005222
0.772212 0.021610 0.019546 0.010408 0.000605 0.167353 0.008267 2.007351
0.772274 0.021575 0.019480 0.010422 0.000606 0.167368 0.008275 2.009434
0.772313 0.021489 0.019496 0.010421 0.000611 0.167389 0.008283 2.011573
0.772403 0.021403 0.019431 0.010420 0.000615 0.167437 0.008291 2.013679
0.772519 0.021375 0.019373 0.010398 0.000616 0.167423 0.008297 2.015719
0.772639 0.021348 0.019313 0.010369 0.000614 0.167413 0.008304 2.017766
0.772744 0.021275 0.019315 0.010321 0.000618 0.167418 0.008310 2.019845
0.772826 0.021184 0.019302 0.010307 0.000626 0.167437 0.008318 2.021932
0.772940 0.021069 0.019247 0.010305 0.000633 0.167484 0.008324 2.024010
0.773046 0.021040 0.019220 0.010293 0.000634 0.167437 0.008330 2.026065
0.773189 0.020940 0.019182 0.010270 0.000634 0.167452 0.008333 2.028118
0.773277 0.020798 0.019222 0.010220 0.000638 0.167506 0.008340 2.030254
0.773342 0.020839 0.019162 0.010152 0.000641 0.167516 0.008349 2.032229
0.773390 0.020780 0.019104 0.010181 0.000643 0.167547 0.008356 2.034294
0.773496 0.020668 0.019039 0.010185 0.000632 0.167616 0.008365 2.036324
0.773737 0.020619 0.018936 0.010171 0.000644 0.167522 0.008372 2.038284
0.773888 0.020547 0.018950 0.010130 0.000642 0.167463 0.008381 2.040280
0.774030 0.020504 0.018914 0.010072 0.000640 0.167452 0.008389 2.042277
0.774209 0.020391 0.018903 0.010039 0.000645 0.167419 0.008393 2.044307
0.774400 0.020387 0.018802 0.010028 0.000642 0.167338 0.008404 2.046255
0.774614 0.020228 0.018837 0.010002 0.000639 0.167268 0.008411 2.048316
0.774783 0.020219 0.018778 0.009964 0.000636 0.167201 0.008419 2.050246
0.774998 0.020110 0.018768 0.009933 0.000641 0.167127 0.008424 2.052234
0.775166 0.020064 0.018689 0.009932 0.000632 0.167085 0.008432 2.054200
0.775354 0.020060 0.018665 0.009905 0.000628 0.166952 0.008438 2.056149
0.775549 0.020047 0.018625 0.009882 0.000625 0.166829 0.008442 2.058070
0.775683 0.020032 0.018551 0.009821 0.000630 0.166831 0.008451 2.060004
0.775924 0.019969 0.018520 0.009801 0.000633 0.166697 0.008457 2.061952
0.776142 0.019925 0.018383 0.009839 0.000631 0.166616 0.008463 2.063876
0.776353 0.019867 0.018310 0.009816 0.000626 0.166558 0.008471 2.065824
0.776524 0.019809 0.018266 0.009831 0.000622 0.166471 0.008478 2.067825
0.776683 0.019721 0.018202 0.009836 0.000624 0.166450 0.008485 2.069806
0.776864 0.019631 0.018139 0.009805 0.000621 0.166450 0.008490 2.071769
0.777019 0.019634 0.018027 0.009789 0.000629 0.166407 0.008495 2.073684
0.777258 0.019606 0.017954 0.009709 0.000634 0.166339 0.008501 2.075556
0.777481 0.019568 0.017906 0.009668 0.000632 0.166237 0.008509 2.077455
0.777658 0.019514 0.017862 0.009682 0.000630 0.166141 0.008514 2.079387
0.777826 0.019453 0.017822 0.009663 0.000623 0.166089 0.008524 2.081322
0.778089 0.019338 0.017791 0.009639 0.000621 0.165990 0.008533 2.083253
0.778301 0.019322 0.017781 0.009596 0.000624 0.165832 0.008543 2.085127
0.778453 0.019277 0.017785 0.009580 0.000622 0.165725 0.008556 2.087038
0.778762 0.019162 0.017789 0.009561 0.000623 0.165543 0.008561 2.088951
0.778960 0.019078 0.017762 0.009534 0.000622 0.165474 0.008571 2.090882
0.779169 0.019084 0.017673 0.009505 0.000624 0.165367 0.008577 2.092711
0.779383 0.019066 0.017609 0.009483 0.000625 0.165249 0.008584 2.094591
0.779577 0.019121 0.017586 0.009420 0.000634 0.165072 0.008589 2.096429
0.779874 0.019028 0.017541 0.009426 0.000628 0.164904 0.008599 2.098329
0.780148 0.018973 0.017497 0.009412 0.000634 0.164736 0.008601 2.100195
0.780355 0.018887 0.017477 0.009385 0.000640 0.164653 0.008604 2.102096
0.780576 0.018874 0.017428 0.009325 0.000645 0.164541 0.008611 2.103909
0.780853 0.018796 0.017415 0.009320 0.000650 0.164351 0.008617 2.105795
0.781072 0.018711 0.017386 0.009291 0.000641 0.164276 0.008623 2.107670
0.781368 0.018673 0.017383 0.009286 0.000629 0.164031 0.008630 2.109510
0.781593 0.018708 0.017354 0.009257 0.000629 0.163825 0.008634 2.111319
0.781811 0.018753 0.017269 0.009240 0.000633 0.163653 0.008642 2.113103
0.782104 0.018607 0.017279 0.009227 0.000637 0.163498 0.008649 2.114987
0.782328 0.018601 0.017256 0.009225 0.000634 0.163304 0.008653 2.116827
0.782523 0.018597 0.017237 0.009164 0.000630 0.163187 0.008663 2.118642
0.782827 0.018591 0.017143 0.009159 0.000619 0.162989 0.008672 2.120460
0.783079 0.018625 0.017112 0.009109 0.000611 0.162785 0.008680 2.122245
0.783331 0.018606 0.017043 0.009106 0.000603 0.162623 0.008688 2.124025
0.783597 0.018620 0.017042 0.009068 0.000601 0.162377 0.008696 2.125809
0.783810 0.018597 0.017048 0.009084 0.000596 0.162164 0.008702 2.127663
0.783968 0.018603 0.017000 0.009063 0.000604 0.162055 0.008707 2.129459
0.784200 0.018564 0.016982 0.009034 0.000607 0.161900 0.008714 2.131291
0.784406 0.018501 0.016966 0.009034 0.000605 0.161768 0.008720 2.133162
0.784696 0.018459 0.016973 0.009003 0.000606 0.161538 0.008726 2.134974
0.784882 0.018454 0.016919 0.009005 0.000601 0.161405 0.008736 2.136781
0.785125 0.018405 0.016915 0.008970 0.000604 0.161241 0.008741 2.138621
0.785325 0.018472 0.016867 0.008946 0.000598 0.161044 0.008750 2.140369
0.785527 0.018476 0.016836 0.008920 0.000589 0.160896 0.008757 2.142178
0.785738 0.018511 0.016869 0.008874 0.000587 0.160657 0.008765 2.143974
0.785861 0.018570 0.016844 0.008881 0.000584 0.160487 0.008773 2.145762
0.786102 0.018536 0.016861 0.008875 0.000581 0.160267 0.008779 2.147579
0.786318 0.018513 0.016853 0.008889 0.000582 0.160061 0.008785 2.149380
0.786573 0.018468 0.016860 0.008874 0.000582 0.159852 0.008790 2.151205
0.786818 0.018436 0.016798 0.008877 0.000581 0.159691 0.008799 2.153007
0.787004 0.018375 0.016779 0.008906 0.000583 0.159547 0.008805 2.154866
0.787166 0.018309 0.016808 0.008947 0.000586 0.159373 0.008812 2.156724
0.787362 0.018304 0.016732 0.008937 0.000589 0.159259 0.008817 2.158506
0.787600 0.018286 0.016688 0.008951 0.000590 0.159062 0.008823 2.160300
0.787879 0.018175 0.016714 0.008946 0.000586 0.158872 0.008829 2.162116
0.788116 0.018199 0.016620 0.008935 0.000578 0.158717 0.008836 2.163864
0.788332 0.018176 0.016592 0.008952 0.000574 0.158527 0.008846 2.165631
0.788457 0.018226 0.016559 0.008946 0.000568 0.158391 0.008854 2.167401
0.788626 0.018237 0.016541 0.008907 0.000570 0.158257 0.008861 2.169158
0.788851 0.018208 0.016533 0.008893 0.000565 0.158083 0.008867 2.170971
0.788994 0.018200 0.016540 0.008895 0.000562 0.157935 0.008874 2.172769
0.789164 0.018236 0.016515 0.008906 0.000560 0.157737 0.008883 2.174548
0.789358 0.018149 0.016515 0.008905 0.000559 0.157625 0.008890 2.176356
0.789524 0.018116 0.016520 0.008906 0.000561 0.157479 0.008895 2.178173
0.789717 0.018157 0.016500 0.008891 0.000550 0.157282 0.008902 2.179936
0.789895 0.018111 0.016502 0.008876 0.000544 0.157163 0.008910 2.181762
0.790081 0.018120 0.016512 0.008882 0.000541 0.156951 0.008913 2.183536
0.790265 0.018132 0.016471 0.008844 0.000544 0.156828 0.008917 2.185286
0.790410 0.018155 0.016477 0.008796 0.000547 0.156692 0.008923 2.187050
0.790616 0.018135 0.016474 0.008767 0.000554 0.156524 0.008930 2.188840
0.790818 0.018160 0.016428 0.008751 0.000549 0.156361 0.008936 2.190590
0.790961 0.018207 0.016447 0.008726 0.000541 0.156176 0.008942 2.192341
0.791081 0.018204 0.016422 0.008740 0.000536 0.156069 0.008948 2.194149
0.791257 0.018237 0.016389 0.008719 0.000530 0.155911 0.008957 2.195897
0.791402 0.018229 0.016388 0.008719 0.000530 0.155770 0.008963 2.197702
0.791564 0.018271 0.016374 0.008680 0.000529 0.155615 0.008968 2.199461
0.791682 0.018260 0.016399 0.008703 0.000525 0.155455 0.008977 2.201282
0.791858 0.018292 0.016397 0.008709 0.000520 0.155243 0.008983 2.203064
0.792026 0.018341 0.016333 0.008669 0.000519 0.155125 0.008988 2.204809
0.792089 0.018363 0.016349 0.008661 0.000523 0.155021 0.008995 2.206615
0.792184 0.018384 0.016334 0.008638 0.000518 0.154939 0.009003 2.208396
0.792313 0.018355 0.016405 0.008658 0.000520 0.154742 0.009009 2.210243
0.792472 0.018270 0.016452 0.008659 0.000519 0.154609 0.009019 2.212104
0.792614 0.018308 0.016447 0.008639 0.000522 0.154443 0.009027 2.213904
0.792645 0.018408 0.016459 0.008613 0.000522 0.154321 0.009033 2.215678
0.792706 0.018486 0.016453 0.008612 0.000526 0.154179 0.009038 2.217447
0.792783 0.018456 0.016466 0.008665 0.000523 0.154062 0.009045 2.219302
0.792961 0.018456 0.016470 0.008666 0.000518 0.153876 0.009054 2.221086
0.793050 0.018486 0.016480 0.008644 0.000520 0.153758 0.009062 2.222881
0.793197 0.018491 0.016475 0.008657 0.000512 0.153596 0.009071 2.224693
0.793282 0.018511 0.016512 0.008651 0.000516 0.153456 0.009073 2.226492
0.793375 0.018495 0.016545 0.008653 0.000512 0.153341 0.009080 2.228315
0.793442 0.018505 0.016554 0.008672 0.000514 0.153224 0.009089 2.230156
0.793553 0.018588 0.016463 0.008705 0.000516 0.153080 0.009097 2.231927
0.793558 0.018637 0.016477 0.008729 0.000519 0.152982 0.009101 2.233724
0.793644 0.018655 0.016479 0.008734 0.000521 0.152860 0.009107 2.235519
0.793737 0.018641 0.016492 0.008807 0.000527 0.152682 0.009114 2.237364
0.793799 0.018587 0.016527 0.008836 0.000526 0.152603 0.009121 2.239249
0.793848 0.018559 0.016564 0.008851 0.000526 0.152525 0.009127 2.241111
0.793927 0.018559 0.016557 0.008873 0.000531 0.152421 0.009133 2.242945
0.793968 0.018573 0.016592 0.008883 0.000535 0.152312 0.009138 2.244783
0.794016 0.018627 0.016564 0.008878 0.000534 0.152237 0.009145 2.246613
0.794133 0.018580 0.016551 0.008894 0.000534 0.152153 0.009154 2.248453
0.794160 0.018586 0.016539 0.008892 0.000526 0.152138 0.009161 2.250277
0.794220 0.018657 0.016566 0.008874 0.000527 0.151988 0.009167 2.252067
0.794272 0.018640 0.016647 0.008836 0.000534 0.151897 0.009174 2.253920
0.794300 0.018682 0.016610 0.008830 0.000531 0.151865 0.009182 2.255742
0.794430 0.018621 0.016596 0.008857 0.000534 0.151777 0.009185 2.257611
0.794573 0.018637 0.016616 0.008862 0.000534 0.151588 0.009191 2.259428
0.794562 0.018752 0.016589 0.008847 0.000530 0.151522 0.009198 2.261215
0.794576 0.018724 0.016588 0.008884 0.000515 0.151506 0.009207 2.263059
0.794664 0.018686 0.016655 0.008910 0.000522 0.151351 0.009214 2.264924
0.794749 0.018691 0.016697 0.008896 0.000517 0.151226 0.009224 2.266753
0.794784 0.018630 0.016794 0.008922 0.000516 0.151124 0.009230 2.268638
0.794836 0.018577 0.016847 0.008918 0.000526 0.151060 0.009236 2.270508
0.794963 0.018534 0.016847 0.008896 0.000528 0.150991 0.009243 2.272365
0.795010 0.018600 0.016774 0.008905 0.000524 0.150936 0.009251 2.274141
0.795051 0.018542 0.016793 0.008920 0.000531 0.150909 0.009255 2.275982
0.795095 0.018552 0.016746 0.008909 0.000530 0.150907 0.009262 2.277792
0.795083 0.018589 0.016724 0.008854 0.000533 0.150948 0.009270 2.279598
0.795170 0.018613 0.016654 0.008845 0.000535 0.150907 0.009275 2.281411
0.795197 0.018597 0.016672 0.008803 0.000536 0.150915 0.009281 2.283238
0.795220 0.018606 0.016699 0.008786 0.000534 0.150868 0.009288 2.285076
0.795238 0.018615 0.016727 0.008742 0.000532 0.150851 0.009295 2.286933
0.795351 0.018622 0.016705 0.008740 0.000535 0.150749 0.009299 2.288712
0.795472 0.018572 0.016622 0.008762 0.000534 0.150732 0.009307 2.290536
0.795561 0.018578 0.016597 0.008753 0.000537 0.150663 0.009313 2.292354
0.795652 0.018548 0.016610 0.008800 0.000540 0.150530 0.009322 2.294201
0.795693 0.018532 0.016585 0.008824 0.000544 0.150495 0.009328 2.296045
0.795808 0.018488 0.016573 0.008835 0.000542 0.150420 0.009335 2.297881
0.795832 0.018560 0.016544 0.008850 0.000545 0.150331 0.009339 2.299687
0.795809 0.018654 0.016560 0.008875 0.000544 0.150214 0.009346 2.301479
0.795886 0.018620 0.016554 0.008899 0.000536 0.150152 0.009354 2.303327
0.795924 0.018589 0.016571 0.008906 0.000544 0.150105 0.009361 2.305183
0.795913 0.018580 0.016615 0.008938 0.000543 0.150042 0.009369 2.307058
0.796031 0.018604 0.016610 0.008928 0.000534 0.149916 0.009378 2.308845
0.796046 0.018648 0.016588 0.008932 0.000533 0.149868 0.009386 2.310644
0.796072 0.018660 0.016591 0.008939 0.000528 0.149818 0.009394 2.312495
0.796190 0.018602 0.016647 0.008922 0.000521 0.149720 0.009400 2.314370
0.796228 0.018637 0.016656 0.008961 0.000527 0.149588 0.009404 2.316187
0.796219 0.018667 0.016616 0.008974 0.000530 0.149584 0.009410 2.317991
0.796304 0.018734 0.016623 0.008955 0.000537 0.149428 0.009418 2.319773
0.796318 0.018682 0.016629 0.008949 0.000535 0.149465 0.009424 2.321662
0.796362 0.018687 0.016633 0.008935 0.000538 0.149414 0.009432 2.323494
0.796370 0.018712 0.016615 0.008877 0.000530 0.149459 0.009438 2.325318
0.796364 0.018730 0.016639 0.008838 0.000523 0.149460 0.009446 2.327137
0.796373 0.018757 0.016580 0.008871 0.000528 0.149438 0.009453 2.328967
0.796386 0.018786 0.016635 0.008834 0.000525 0.149375 0.009460 2.330816
0.796447 0.018783 0.016602 0.008884 0.000529 0.149290 0.009464 2.332630
0.796470 0.018803 0.016581 0.008882 0.000527 0.149267 0.009472 2.334467
0.796481 0.018775 0.016608 0.008867 0.000528 0.149264 0.009476 2.336324
0.796434 0.018798 0.016633 0.008855 0.000528 0.149274 0.009480 2.338185
0.796397 0.018889 0.016579 0.008854 0.000526 0.149269 0.009488 2.339988
0.796469 0.018881 0.016635 0.008876 0.000526 0.149119 0.009495 2.341861
0.796442 0.018941 0.016601 0.008903 0.000520 0.149090 0.009503 2.343668
0.796323 0.018974 0.016662 0.008901 0.000518 0.149109 0.009511 2.345539
0.796372 0.018971 0.016712 0.008888 0.000519 0.149025 0.009514 2.347373
0.796448 0.018890 0.016719 0.008896 0.000514 0.149009 0.009523 2.349231
0.796494 0.018871 0.016751 0.008905 0.000515 0.148935 0.009528 2.351097
0.796538 0.018828 0.016761 0.008910 0.000508 0.148921 0.009534 2.352969
0.796546 0.018819 0.016748 0.008930 0.000503 0.148909 0.009544 2.354835
0.796465 0.018921 0.016774 0.008909 0.000508 0.148874 0.009548 2.356649
0.796503 0.018864 0.016772 0.008903 0.000509 0.148896 0.009553 2.358522
0.796563 0.018856 0.016782 0.008925 0.000511 0.148804 0.009559 2.360378
0.796501 0.018862 0.016820 0.008953 0.000514 0.148786 0.009563 2.362221
0.796514 0.018841 0.016820 0.008970 0.000511 0.148778 0.009566 2.364056
0.796518 0.018845 0.016830 0.009002 0.000516 0.148719 0.009571 2.365909
0.796542 0.018852 0.016878 0.008978 0.000505 0.148666 0.009578 2.367764
0.796490 0.018908 0.016896 0.008936 0.000501 0.148687 0.009582 2.369598
0.796476 0.018911 0.016881 0.008953 0.000499 0.148694 0.009587 2.371455
0.796499 0.018839 0.016920 0.008982 0.000501 0.148664 0.009592 2.373361
0.796444 0.018901 0.016903 0.008952 0.000511 0.148692 0.009597 2.375186
0.796419 0.018906 0.016901 0.008930 0.000513 0.148728 0.009602 2.377032
0.796392 0.018875 0.016940 0.008937 0.000513 0.148734 0.009609 2.378896
0.796322 0.018893 0.016939 0.008928 0.000514 0.148786 0.009617 2.380747
0.796316 0.018887 0.016917 0.008931 0.000521 0.148805 0.009622 2.382613
0.796335 0.018885 0.016925 0.008947 0.000520 0.148761 0.009627 2.384502
0.796337 0.018916 0.016922 0.008942 0.000527 0.148725 0.009631 2.386331
0.796374 0.018837 0.017018 0.008969 0.000534 0.148630 0.009637 2.388235
0.796410 0.018840 0.016992 0.008997 0.000531 0.148585 0.009645 2.390052
0.796441 0.018840 0.017011 0.008956 0.000530 0.148571 0.009650 2.391881
0.796455 0.018810 0.017018 0.008948 0.000540 0.148570 0.009660 2.393745
0.796468 0.018836 0.017003 0.008940 0.000544 0.148543 0.009665 2.395563
0.796476 0.018898 0.017050 0.008916 0.000543 0.148443 0.009673 2.397419
0.796473 0.018933 0.017092 0.008877 0.000539 0.148404 0.009682 2.399253
0.796405 0.018951 0.017108 0.008871 0.000540 0.148439 0.009687 2.401115
0.796429 0.018967 0.017074 0.008872 0.000529 0.148437 0.009692 2.402945
0.796438 0.018998 0.017033 0.008874 0.000529 0.148433 0.009696 2.404759
0.796467 0.019012 0.016984 0.008893 0.000532 0.148409 0.009703 2.406624
0.796552 0.018948 0.016999 0.008914 0.000536 0.148342 0.009708 2.408524
0.796593 0.018916 0.016983 0.008951 0.000533 0.148311 0.009713 2.410390
0.796628 0.018907 0.017022 0.008942 0.000532 0.148247 0.009721 2.412227
0.796643 0.018861 0.017085 0.008941 0.000525 0.148217 0.009727 2.414120
0.796659 0.018873 0.017059 0.008952 0.000520 0.148204 0.009734 2.415972
0.796698 0.018900 0.017067 0.008944 0.000518 0.148136 0.009739 2.417814
0.796679 0.018942 0.017048 0.008976 0.000514 0.148097 0.009743 2.419643
0.796644 0.018952 0.017070 0.008980 0.000505 0.148094 0.009754 2.421515
0.796616 0.018943 0.017093 0.009037 0.000506 0.148042 0.009763 2.423421
0.796555 0.019101 0.017055 0.009027 0.000506 0.147986 0.009770 2.425216
0.796525 0.019121 0.017083 0.009019 0.000512 0.147963 0.009776 2.427062
0.796489 0.019071 0.017121 0.009066 0.000507 0.147964 0.009782 2.429001
0.796450 0.019077 0.017114 0.009037 0.000516 0.148018 0.009788 2.430824
0.796382 0.019140 0.017096 0.009024 0.000519 0.148043 0.009795 2.432667
0.796355 0.019171 0.017160 0.009050 0.000520 0.147942 0.009800 2.434574
0.796358 0.019226 0.017124 0.009021 0.000518 0.147948 0.009804 2.436425
0.796309 0.019278 0.017104 0.008986 0.000518 0.147996 0.009809 2.438260
0.796299 0.019301 0.017160 0.008970 0.000518 0.147938 0.009814 2.440143
0.796249 0.019348 0.017171 0.008969 0.000520 0.147921 0.009821 2.442031
0.796195 0.019352 0.017178 0.008977 0.000517 0.147954 0.009827 2.443918
0.796114 0.019368 0.017182 0.008990 0.000515 0.147999 0.009833 2.445809
0.796132 0.019331 0.017219 0.009038 0.000514 0.147927 0.009839 2.447731
0.796053 0.019347 0.017280 0.009046 0.000517 0.147912 0.009847 2.449620
0.796058 0.019338 0.017307 0.009043 0.000517 0.147882 0.009854 2.451498
0.796036 0.019306 0.017371 0.009078 0.000522 0.147825 0.009862 2.453440
0.795989 0.019382 0.017358 0.009074 0.000516 0.147812 0.009869 2.455281
0.795928 0.019418 0.017378 0.009069 0.000508 0.147824 0.009875 2.457156
0.795815 0.019415 0.017338 0.009103 0.000507 0.147941 0.009880 2.459077
0.795764 0.019440 0.017358 0.009104 0.000501 0.147951 0.009884 2.460970
0.795670 0.019408 0.017441 0.009138 0.000497 0.147957 0.009890 2.462914
0.795641 0.019481 0.017441 0.009145 0.000501 0.147893 0.009897 2.464779
0.795608 0.019435 0.017470 0.009163 0.000505 0.147918 0.009902 2.466736
0.795567 0.019464 0.017510 0.009175 0.000510 0.147866 0.009907 2.468634
0.795537 0.019456 0.017440 0.009161 0.000510 0.147983 0.009914 2.470527
0.795482 0.019382 0.017449 0.009193 0.000514 0.148059 0.009920 2.472466
0.795476 0.019336 0.017475 0.009204 0.000515 0.148069 0.009926 2.474374
0.795431 0.019293 0.017485 0.009212 0.000515 0.148133 0.009930 2.476295
0.795425 0.019318 0.017447 0.009232 0.000519 0.148124 0.009935 2.478164
0.795263 0.019376 0.017381 0.009249 0.000521 0.148269 0.009941 2.480022
0.795256 0.019360 0.017422 0.009202 0.000526 0.148288 0.009946 2.481936
0.795137 0.019414 0.017400 0.009243 0.000525 0.148328 0.009952 2.483850
0.795065 0.019424 0.017468 0.009269 0.000525 0.148291 0.009957 2.485747
0.794980 0.019458 0.017429 0.009272 0.000524 0.148374 0.009963 2.487631
0.794837 0.019484 0.017482 0.009305 0.000538 0.148386 0.009968 2.489584
0.794820 0.019540 0.017437 0.009273 0.000539 0.148418 0.009973 2.491413
0.794715 0.019493 0.017472 0.009283 0.000548 0.148510 0.009980 2.493392
0.794639 0.019516 0.017440 0.009277 0.000555 0.148589 0.009985 2.495278
0.794595 0.019398 0.017500 0.009300 0.000565 0.148653 0.009989 2.497262
0.794604 0.019363 0.017503 0.009327 0.000556 0.148648 0.009998 2.499152
0.794571 0.019368 0.017494 0.009293 0.000566 0.148704 0.010005 2.501054
0.794581 0.019349 0.017451 0.009280 0.000565 0.148763 0.010011 2.502935
0.794593 0.019220 0.017541 0.009283 0.000565 0.148781 0.010017 2.504904
0.794592 0.019305 0.017494 0.009257 0.000559 0.148770 0.010024 2.506736
0.794595 0.019264 0.017449 0.009234 0.000556 0.148871 0.010031 2.508630
0.794553 0.019261 0.017433 0.009240 0.000556 0.148919 0.010039 2.510518
0.794626 0.019205 0.017402 0.009200 0.000558 0.148967 0.010043 2.512406
0.794664 0.019164 0.017363 0.009183 0.000563 0.149017 0.010047 2.514274
0.794597 0.019193 0.017353 0.009159 0.000562 0.149080 0.010056 2.516170
0.794562 0.019217 0.017312 0.009145 0.000560 0.149143 0.010062 2.517990
0.794628 0.019170 0.017309 0.009130 0.000561 0.149135 0.010068 2.519879
0.794582 0.019119 0.017348 0.009134 0.000569 0.149173 0.010074 2.521788
0.794568 0.019178 0.017289 0.009099 0.000575 0.149210 0.010082 2.523595
0.794467 0.019230 0.017267 0.009081 0.000574 0.149295 0.010089 2.525481
0.794510 0.019142 0.017284 0.009082 0.000572 0.149315 0.010096 2.527378
0.794581 0.019112 0.017261 0.009067 0.000572 0.149302 0.010106 2.529260
0.794606 0.019116 0.017319 0.009016 0.000571 0.149259 0.010114 2.531116
0.794631 0.019150 0.017317 0.008989 0.000555 0.149236 0.010121 2.532927
0.794586 0.019229 0.017335 0.008983 0.000553 0.149186 0.010127 2.534785
0.794630 0.019176 0.017290 0.009014 0.000557 0.149199 0.010135 2.536665
0.794593 0.019183 0.017298 0.009040 0.000558 0.149190 0.010140 2.538549
0.794472 0.019262 0.017260 0.009041 0.000549 0.149269 0.010147 2.540395
0.794442 0.019300 0.017241 0.009016 0.000546 0.149305 0.010150 2.542266
0.794419 0.019302 0.017216 0.009022 0.000549 0.149336 0.010155 2.544165
0.794402 0.019325 0.017241 0.009009 0.000554 0.149310 0.010160 2.546016
0.794395 0.019285 0.017263 0.009042 0.000549 0.149302 0.010165 2.547946
0.794299 0.019288 0.017257 0.009076 0.000552 0.149357 0.010172 2.549853
0.794276 0.019300 0.017226 0.009068 0.000559 0.149393 0.010178 2.551717
0.794255 0.019278 0.017287 0.009071 0.000555 0.149367 0.010188 2.553655
0.794256 0.019272 0.017261 0.009082 0.000557 0.149377 0.010195 2.555511
0.794319 0.019167 0.017268 0.009087 0.000549 0.149408 0.010203 2.557421
0.794318 0.019117 0.017315 0.009126 0.000545 0.149368 0.010210 2.559373
0.794343 0.019124 0.017319 0.009072 0.000551 0.149373 0.010218 2.561206
0.794368 0.019046 0.017331 0.009087 0.000548 0.149391 0.010230 2.563116
0.794313 0.019083 0.017336 0.009085 0.000552 0.149397 0.010234 2.564953
0.794408 0.019003 0.017318 0.009087 0.000549 0.149394 0.010240 2.566832
0.794477 0.018985 0.017289 0.009066 0.000553 0.149385 0.010246 2.568694
0.794487 0.019016 0.017277 0.009070 0.000557 0.149341 0.010254 2.570560
0.794443 0.019114 0.017224 0.009033 0.000567 0.149360 0.010260 2.572359
0.794420 0.019119 0.017230 0.009051 0.000562 0.149351 0.010267 2.574236
0.794381 0.019111 0.017230 0.009025 0.000552 0.149426 0.010277 2.576133
0.794387 0.019133 0.017250 0.009000 0.000551 0.149396 0.010283 2.577975
0.794391 0.019176 0.017214 0.008987 0.000549 0.149394 0.010289 2.579791
0.794422 0.019142 0.017225 0.008986 0.000546 0.149384 0.010295 2.581670
0.794449 0.019098 0.017197 0.008994 0.000542 0.149417 0.010302 2.583545
0.794430 0.019144 0.017134 0.008995 0.000545 0.149440 0.010313 2.585380
0.794414 0.019103 0.017144 0.009019 0.000539 0.149464 0.010318 2.587295
0.794400 0.019122 0.017163 0.008990 0.000532 0.149468 0.010325 2.589167
0.794470 0.019116 0.017066 0.008994 0.000526 0.149497 0.010333 2.591001
0.794454 0.019064 0.017076 0.009037 0.000533 0.149499 0.010338 2.592895
0.794551 0.019022 0.017065 0.009069 0.000534 0.149414 0.010346 2.594753
0.794590 0.018988 0.017059 0.009053 0.000536 0.149420 0.010354 2.596617
0.794553 0.019010 0.017038 0.009095 0.000529 0.149415 0.010362 2.598469
0.794541 0.019043 0.016998 0.009107 0.000534 0.149411 0.010367 2.600300
0.794521 0.018981 0.017056 0.009104 0.000531 0.149436 0.010372 2.602203
0.794559 0.018975 0.017068 0.009087 0.000535 0.149398 0.010379 2.604041
0.794466 0.019075 0.017103 0.009056 0.000538 0.149380 0.010383 2.605888
0.794431 0.019068 0.017105 0.009084 0.000536 0.149387 0.010391 2.607788
0.794480 0.019121 0.017075 0.009062 0.000539 0.149325 0.010399 2.609627
0.794486 0.019116 0.017047 0.009113 0.000535 0.149295 0.010409 2.611514
0.794518 0.019068 0.017061 0.009104 0.000541 0.149295 0.010412 2.613357
0.794527 0.019069 0.017065 0.009098 0.000545 0.149279 0.010417 2.615232
0.794537 0.019002 0.017106 0.009110 0.000538 0.149286 0.010421 2.617127
0.794496 0.018965 0.017133 0.009150 0.000542 0.149289 0.010426 2.619034
0.794623 0.018923 0.017090 0.009127 0.000550 0.149255 0.010432 2.620856
0.794652 0.018904 0.017043 0.009133 0.000557 0.149275 0.010437 2.622700
0.794705 0.018922 0.016997 0.009111 0.000561 0.149261 0.010443 2.624521
0.794742 0.018934 0.016979 0.009088 0.000558 0.149248 0.010450 2.626341
