0.347147 0.061619 0.055618 0.032026 0.002137 0.495441 0.006013 1.621946
0.349807 0.059165 0.055525 0.031764 0.002129 0.495572 0.006039 1.627894
0.353443 0.056155 0.055248 0.031431 0.002126 0.495531 0.006067 1.633513
0.357464 0.052955 0.054894 0.030938 0.002121 0.495532 0.006096 1.638857
0.361860 0.049819 0.054318 0.030376 0.002118 0.495383 0.006126 1.643800
0.366506 0.046645 0.053689 0.029772 0.002115 0.495117 0.006157 1.648506
0.371416 0.043497 0.052940 0.029079 0.002112 0.494767 0.006190 1.652947
0.376507 0.040567 0.051935 0.028309 0.002104 0.494361 0.006217 1.657015
0.381633 0.037732 0.050960 0.027536 0.002090 0.493814 0.006236 1.660881
0.386934 0.035177 0.049716 0.026811 0.002070 0.493034 0.006260 1.664419
0.392369 0.032705 0.048413 0.025997 0.002068 0.492166 0.006283 1.667744
0.397788 0.030412 0.047082 0.025149 0.002071 0.491195 0.006303 1.670830
0.403252 0.028181 0.045792 0.024262 0.002047 0.490138 0.006328 1.673793
0.408716 0.026172 0.044438 0.023362 0.002025 0.488933 0.006354 1.676508
0.414184 0.024357 0.043013 0.022538 0.002004 0.487526 0.006379 1.678968
0.419674 0.022652 0.041591 0.021666 0.001978 0.486031 0.006409 1.681287
0.425089 0.021130 0.040231 0.020771 0.001968 0.484375 0.006437 1.683422
0.430509 0.019703 0.038812 0.019902 0.001939 0.482680 0.006457 1.685422
0.435860 0.018391 0.037316 0.019090 0.001925 0.480943 0.006476 1.687286
0.441357 0.017120 0.035966 0.018301 0.001901 0.478852 0.006502 1.689067
0.446888 0.016016 0.034567 0.017474 0.001881 0.476644 0.006530 1.690662
0.452349 0.014935 0.033244 0.016697 0.001837 0.474383 0.006556 1.692206
0.457821 0.013975 0.031941 0.016008 0.001808 0.471864 0.006582 1.693619
0.463301 0.013095 0.030679 0.015244 0.001781 0.469297 0.006603 1.694933
0.468665 0.012311 0.029355 0.014537 0.001754 0.466747 0.006631 1.696138
0.474045 0.011573 0.028117 0.013856 0.001723 0.464028 0.006659 1.697289
0.479422 0.010861 0.026947 0.013214 0.001700 0.461177 0.006682 1.698403
0.484765 0.010204 0.025819 0.012606 0.001663 0.458240 0.006703 1.699445
0.490066 0.009590 0.024627 0.012037 0.001640 0.455322 0.006719 1.700406
0.495391 0.009005 0.023597 0.011451 0.001593 0.452215 0.006747 1.701340
0.500699 0.008505 0.022528 0.010869 0.001561 0.449073 0.006764 1.702165
0.506040 0.008018 0.021479 0.010359 0.001536 0.445789 0.006779 1.702980
0.511208 0.007587 0.020506 0.009850 0.001498 0.442549 0.006802 1.703753
0.516384 0.007190 0.019547 0.009362 0.001462 0.439229 0.006826 1.704469
0.521599 0.006815 0.018642 0.008940 0.001421 0.435734 0.006848 1.705157
0.526679 0.006451 0.017808 0.008533 0.001393 0.432268 0.006868 1.705817
0.531760 0.006117 0.016956 0.008172 0.001360 0.428747 0.006887 1.706455
0.536853 0.005794 0.016129 0.007808 0.001328 0.425186 0.006903 1.707062
0.541818 0.005538 0.015403 0.007444 0.001300 0.421577 0.006920 1.707609
0.546775 0.005274 0.014697 0.007085 0.001269 0.417967 0.006933 1.708135
0.551749 0.005023 0.014073 0.006756 0.001234 0.414213 0.006952 1.708644
0.556550 0.004804 0.013409 0.006431 0.001205 0.410637 0.006965 1.709122
0.561406 0.004612 0.012807 0.006117 0.001168 0.406905 0.006985 1.709584
0.566202 0.004402 0.012243 0.005823 0.001138 0.403190 0.007003 1.710038
0.571004 0.004211 0.011625 0.005553 0.001104 0.399484 0.007019 1.710443
0.575711 0.004046 0.011120 0.005274 0.001075 0.395742 0.007032 1.710836
0.580413 0.003871 0.010598 0.005012 0.001051 0.392009 0.007046 1.711219
0.585059 0.003717 0.010099 0.004811 0.001024 0.388229 0.007062 1.711594
0.589639 0.003552 0.009636 0.004585 0.000996 0.384521 0.007072 1.711960
0.594155 0.003408 0.009198 0.004387 0.000968 0.380796 0.007088 1.712300
0.598689 0.003247 0.008793 0.004174 0.000939 0.377058 0.007101 1.712632
0.603111 0.003146 0.008371 0.003987 0.000913 0.373358 0.007116 1.712943
0.607557 0.003043 0.008004 0.003796 0.000892 0.369587 0.007122 1.713235
0.612051 0.002937 0.007637 0.003608 0.000872 0.365763 0.007133 1.713519
0.616460 0.002855 0.007284 0.003427 0.000849 0.361982 0.007143 1.713772
0.620790 0.002764 0.006921 0.003305 0.000818 0.358247 0.007155 1.714040
0.625138 0.002663 0.006622 0.003152 0.000789 0.354467 0.007168 1.714308
0.629425 0.002565 0.006332 0.003024 0.000770 0.350709 0.007177 1.714558
0.633635 0.002471 0.006068 0.002887 0.000753 0.347001 0.007185 1.714813
0.637737 0.002387 0.005818 0.002781 0.000738 0.343348 0.007193 1.715064
0.641849 0.002311 0.005573 0.002665 0.000714 0.339688 0.007200 1.715293
0.645875 0.002221 0.005336 0.002542 0.000691 0.336119 0.007216 1.715523
0.649931 0.002158 0.005114 0.002435 0.000672 0.332469 0.007222 1.715743
0.653907 0.002096 0.004902 0.002343 0.000650 0.328874 0.007230 1.715944
0.657862 0.002058 0.004699 0.002248 0.000635 0.325260 0.007240 1.716137
0.661808 0.002006 0.004493 0.002143 0.000615 0.321687 0.007248 1.716322
0.665673 0.001963 0.004300 0.002052 0.000597 0.318159 0.007257 1.716500
0.669507 0.001917 0.004123 0.001957 0.000576 0.314653 0.007266 1.716688
0.673290 0.001876 0.003970 0.001881 0.000554 0.311154 0.007276 1.716868
0.677039 0.001818 0.003827 0.001814 0.000539 0.307681 0.007283 1.717057
0.680754 0.001772 0.003667 0.001745 0.000526 0.304246 0.007292 1.717235
0.684439 0.001741 0.003513 0.001667 0.000508 0.300836 0.007298 1.717397
0.688051 0.001715 0.003380 0.001613 0.000493 0.297441 0.007308 1.717556
0.691629 0.001676 0.003273 0.001546 0.000477 0.294085 0.007314 1.717710
0.695166 0.001627 0.003157 0.001487 0.000457 0.290784 0.007322 1.717875
0.698780 0.001584 0.003037 0.001430 0.000446 0.287395 0.007328 1.718032
0.702232 0.001543 0.002927 0.001368 0.000435 0.284160 0.007335 1.718183
0.705734 0.001498 0.002821 0.001317 0.000420 0.280866 0.007343 1.718333
0.709112 0.001443 0.002707 0.001284 0.000403 0.277702 0.007350 1.718484
0.712490 0.001409 0.002623 0.001246 0.000391 0.274489 0.007353 1.718630
0.715737 0.001383 0.002515 0.001211 0.000378 0.271417 0.007360 1.718757
0.719008 0.001338 0.002414 0.001172 0.000362 0.268339 0.007367 1.718887
0.722249 0.001293 0.002328 0.001127 0.000345 0.265284 0.007375 1.719019
0.725472 0.001258 0.002259 0.001092 0.000332 0.262207 0.007381 1.719140
0.728650 0.001225 0.002190 0.001064 0.000322 0.259166 0.007385 1.719266
0.731720 0.001207 0.002126 0.001026 0.000310 0.256222 0.007390 1.719382
0.734756 0.001179 0.002053 0.000988 0.000299 0.253332 0.007395 1.719494
0.737842 0.001166 0.001979 0.000955 0.000294 0.250367 0.007398 1.719599
0.740816 0.001135 0.001926 0.000926 0.000285 0.247511 0.007402 1.719711
0.743857 0.001101 0.001872 0.000897 0.000274 0.244593 0.007407 1.719821
0.746743 0.001079 0.001814 0.000869 0.000268 0.241820 0.007407 1.719933
0.749651 0.001051 0.001769 0.000840 0.000262 0.239016 0.007412 1.720043
0.752546 0.001042 0.001716 0.000806 0.000252 0.236223 0.007417 1.720136
0.755384 0.001016 0.001661 0.000780 0.000244 0.233496 0.007419 1.720233
0.758268 0.001004 0.001602 0.000748 0.000237 0.230720 0.007422 1.720326
0.761121 0.000971 0.001567 0.000728 0.000229 0.227962 0.007424 1.720427
0.763847 0.000963 0.001510 0.000712 0.000222 0.225321 0.007427 1.720517
0.766582 0.000955 0.001458 0.000699 0.000215 0.222661 0.007430 1.720609
0.769246 0.000935 0.001410 0.000691 0.000208 0.220077 0.007434 1.720705
0.771874 0.000914 0.001369 0.000677 0.000203 0.217526 0.007437 1.720798
0.774459 0.000922 0.001335 0.000654 0.000199 0.214991 0.007441 1.720875
0.777009 0.000902 0.001293 0.000633 0.000192 0.212526 0.007445 1.720967
0.779605 0.000868 0.001256 0.000623 0.000187 0.210015 0.007446 1.721056
0.782144 0.000851 0.001219 0.000601 0.000184 0.207554 0.007448 1.721140
0.784661 0.000830 0.001195 0.000581 0.000177 0.205107 0.007449 1.721227
0.787169 0.000814 0.001171 0.000556 0.000171 0.202668 0.007451 1.721308
0.789638 0.000793 0.001136 0.000544 0.000161 0.200273 0.007456 1.721392
0.792085 0.000775 0.001110 0.000538 0.000154 0.197879 0.007459 1.721466
0.794500 0.000760 0.001089 0.000519 0.000148 0.195520 0.007462 1.721546
0.796909 0.000751 0.001066 0.000499 0.000142 0.193170 0.007464 1.721616
0.799222 0.000742 0.001038 0.000483 0.000138 0.190910 0.007467 1.721688
0.801570 0.000730 0.001021 0.000481 0.000134 0.188595 0.007469 1.721767
0.803908 0.000729 0.000981 0.000471 0.000131 0.186309 0.007471 1.721831
0.806137 0.000716 0.000957 0.000460 0.000124 0.184135 0.007472 1.721897
0.808299 0.000704 0.000932 0.000457 0.000123 0.182012 0.007473 1.721966
0.810530 0.000692 0.000926 0.000447 0.000119 0.179809 0.007476 1.722034
0.812797 0.000673 0.000898 0.000446 0.000118 0.177593 0.007477 1.722104
0.814886 0.000681 0.000876 0.000433 0.000113 0.175533 0.007479 1.722169
0.817006 0.000671 0.000845 0.000426 0.000111 0.173459 0.007481 1.722233
0.819066 0.000670 0.000828 0.000411 0.000105 0.171436 0.007484 1.722290
0.821103 0.000656 0.000811 0.000406 0.000101 0.169439 0.007484 1.722356
0.823134 0.000656 0.000790 0.000395 0.000093 0.167446 0.007487 1.722419
0.825175 0.000656 0.000770 0.000377 0.000090 0.165443 0.007489 1.722474
0.827197 0.000643 0.000758 0.000365 0.000091 0.163457 0.007489 1.722541
0.829204 0.000630 0.000748 0.000355 0.000090 0.161484 0.007490 1.722606
0.831180 0.000628 0.000733 0.000351 0.000088 0.159528 0.007493 1.722660
0.833099 0.000623 0.000721 0.000351 0.000085 0.157627 0.007494 1.722725
0.835028 0.000619 0.000704 0.000343 0.000082 0.155728 0.007495 1.722782
0.836949 0.000611 0.000702 0.000335 0.000080 0.153828 0.007496 1.722845
0.838800 0.000598 0.000694 0.000329 0.000078 0.152005 0.007497 1.722903
0.840648 0.000587 0.000682 0.000327 0.000074 0.150183 0.007499 1.722960
0.842471 0.000585 0.000677 0.000317 0.000069 0.148382 0.007500 1.723018
0.844273 0.000575 0.000679 0.000310 0.000068 0.146594 0.007501 1.723077
0.846031 0.000582 0.000663 0.000302 0.000068 0.144852 0.007502 1.723124
0.847743 0.000570 0.000652 0.000294 0.000066 0.143170 0.007505 1.723174
0.849492 0.000560 0.000641 0.000296 0.000062 0.141442 0.007507 1.723230
0.851167 0.000558 0.000628 0.000292 0.000058 0.139787 0.007509 1.723282
0.852860 0.000550 0.000632 0.000295 0.000057 0.138096 0.007510 1.723343
0.854511 0.000543 0.000618 0.000278 0.000056 0.136484 0.007511 1.723392
0.856142 0.000531 0.000610 0.000279 0.000055 0.134872 0.007511 1.723443
0.857731 0.000531 0.000595 0.000280 0.000053 0.133298 0.007513 1.723493
0.859303 0.000534 0.000583 0.000268 0.000053 0.131745 0.007513 1.723535
0.860908 0.000531 0.000576 0.000264 0.000052 0.130154 0.007513 1.723582
0.862430 0.000522 0.000571 0.000262 0.000052 0.128649 0.007513 1.723633
0.863914 0.000520 0.000568 0.000260 0.000050 0.127174 0.007514 1.723686
0.865389 0.000517 0.000572 0.000261 0.000048 0.125700 0.007514 1.723739
0.866909 0.000510 0.000565 0.000259 0.000049 0.124194 0.007514 1.723789
0.868365 0.000503 0.000555 0.000258 0.000049 0.122757 0.007514 1.723842
0.869813 0.000504 0.000544 0.000253 0.000047 0.121324 0.007516 1.723886
0.871236 0.000500 0.000534 0.000251 0.000046 0.119918 0.007516 1.723930
0.872623 0.000483 0.000531 0.000252 0.000045 0.118549 0.007517 1.723985
0.874002 0.000483 0.000522 0.000240 0.000043 0.117193 0.007519 1.724029
0.875360 0.000485 0.000513 0.000246 0.000041 0.115837 0.007519 1.724077
0.876726 0.000480 0.000504 0.000243 0.000039 0.114488 0.007520 1.724122
0.878011 0.000476 0.000494 0.000243 0.000039 0.113218 0.007521 1.724172
0.879299 0.000467 0.000489 0.000242 0.000037 0.111945 0.007522 1.724218
0.880562 0.000474 0.000485 0.000241 0.000037 0.110680 0.007522 1.724260
0.881757 0.000476 0.000471 0.000245 0.000035 0.109494 0.007523 1.724302
0.882998 0.000469 0.000463 0.000240 0.000035 0.108272 0.007524 1.724347
0.884198 0.000458 0.000470 0.000230 0.000035 0.107085 0.007524 1.724398
0.885388 0.000455 0.000458 0.000231 0.000033 0.105910 0.007525 1.724438
0.886569 0.000449 0.000449 0.000232 0.000032 0.104744 0.007526 1.724479
0.887714 0.000454 0.000433 0.000230 0.000031 0.103612 0.007527 1.724514
0.888863 0.000433 0.000446 0.000224 0.000031 0.102477 0.007527 1.724564
0.889921 0.000430 0.000438 0.000223 0.000029 0.101432 0.007527 1.724605
0.891033 0.000421 0.000436 0.000227 0.000029 0.100327 0.007528 1.724652
0.892107 0.000415 0.000427 0.000224 0.000028 0.099271 0.007528 1.724696
0.893166 0.000417 0.000424 0.000220 0.000029 0.098217 0.007528 1.724736
0.894248 0.000417 0.000420 0.000218 0.000028 0.097141 0.007528 1.724773
0.895290 0.000413 0.000421 0.000214 0.000028 0.096107 0.007528 1.724816
0.896328 0.000408 0.000417 0.000211 0.000027 0.095082 0.007528 1.724856
0.897356 0.000407 0.000425 0.000210 0.000027 0.094047 0.007528 1.724898
0.898357 0.000397 0.000429 0.000207 0.000027 0.093056 0.007528 1.724943
0.899371 0.000385 0.000429 0.000211 0.000027 0.092050 0.007528 1.724992
0.900365 0.000378 0.000417 0.000206 0.000026 0.091080 0.007528 1.725027
0.901351 0.000380 0.000415 0.000201 0.000026 0.090100 0.007529 1.725063
0.902311 0.000378 0.000412 0.000197 0.000027 0.089147 0.007529 1.725099
0.903255 0.000368 0.000413 0.000195 0.000027 0.088213 0.007529 1.725141
0.904139 0.000356 0.000408 0.000196 0.000025 0.087347 0.007530 1.725181
0.905029 0.000358 0.000402 0.000191 0.000023 0.086466 0.007530 1.725217
0.905918 0.000347 0.000388 0.000194 0.000022 0.085601 0.007530 1.725258
0.906728 0.000349 0.000380 0.000193 0.000021 0.084799 0.007531 1.725291
0.907542 0.000349 0.000381 0.000189 0.000021 0.083988 0.007531 1.725322
0.908339 0.000349 0.000372 0.000190 0.000021 0.083199 0.007531 1.725356
0.909119 0.000355 0.000364 0.000178 0.000020 0.082433 0.007531 1.725387
0.909885 0.000367 0.000359 0.000173 0.000020 0.081665 0.007531 1.725417
0.910662 0.000359 0.000348 0.000171 0.000020 0.080908 0.007531 1.725449
0.911428 0.000362 0.000342 0.000173 0.000018 0.080145 0.007531 1.725479
0.912173 0.000367 0.000336 0.000173 0.000018 0.079400 0.007531 1.725507
0.912887 0.000368 0.000341 0.000175 0.000018 0.078681 0.007531 1.725543
0.913588 0.000361 0.000342 0.000176 0.000017 0.077983 0.007532 1.725583
0.914238 0.000365 0.000340 0.000175 0.000016 0.077332 0.007533 1.725618
0.914915 0.000357 0.000340 0.000177 0.000015 0.076663 0.007533 1.725658
0.915586 0.000353 0.000351 0.000176 0.000015 0.075986 0.007533 1.725694
0.916272 0.000352 0.000338 0.000176 0.000015 0.075314 0.007533 1.725722
0.916928 0.000350 0.000334 0.000176 0.000016 0.074663 0.007533 1.725754
0.917517 0.000347 0.000333 0.000185 0.000016 0.074068 0.007533 1.725799
0.918135 0.000338 0.000336 0.000185 0.000015 0.073457 0.007534 1.725839
0.918768 0.000326 0.000348 0.000186 0.000015 0.072823 0.007534 1.725884
0.919378 0.000321 0.000345 0.000179 0.000015 0.072227 0.007534 1.725915
0.919958 0.000327 0.000334 0.000179 0.000014 0.071655 0.007534 1.725949
0.920513 0.000330 0.000323 0.000175 0.000013 0.071112 0.007534 1.725976
0.921093 0.000335 0.000318 0.000175 0.000014 0.070531 0.007534 1.726004
0.921649 0.000337 0.000316 0.000177 0.000014 0.069971 0.007534 1.726036
0.922216 0.000332 0.000311 0.000173 0.000014 0.069418 0.007535 1.726064
0.922744 0.000331 0.000311 0.000173 0.000015 0.068892 0.007535 1.726100
0.923269 0.000330 0.000302 0.000175 0.000014 0.068374 0.007535 1.726129
0.923770 0.000332 0.000301 0.000177 0.000013 0.067871 0.007535 1.726160
0.924282 0.000334 0.000300 0.000178 0.000013 0.067357 0.007535 1.726192
0.924759 0.000318 0.000310 0.000171 0.000013 0.066893 0.007535 1.726234
0.925224 0.000317 0.000307 0.000167 0.000013 0.066436 0.007535 1.726267
0.925708 0.000315 0.000313 0.000167 0.000013 0.065947 0.007535 1.726305
0.926176 0.000315 0.000321 0.000164 0.000013 0.065475 0.007536 1.726338
0.926646 0.000322 0.000315 0.000161 0.000014 0.065005 0.007536 1.726369
0.927075 0.000320 0.000309 0.000163 0.000014 0.064583 0.007536 1.726397
0.927537 0.000311 0.000308 0.000163 0.000014 0.064131 0.007536 1.726432
0.927990 0.000318 0.000307 0.000162 0.000014 0.063674 0.007536 1.726462
0.928422 0.000323 0.000301 0.000157 0.000014 0.063248 0.007536 1.726488
0.928824 0.000313 0.000299 0.000156 0.000015 0.062856 0.007536 1.726520
0.929241 0.000306 0.000308 0.000153 0.000016 0.062440 0.007536 1.726555
0.929645 0.000303 0.000298 0.000158 0.000017 0.062043 0.007536 1.726586
0.930032 0.000311 0.000290 0.000153 0.000018 0.061661 0.007536 1.726610
0.930404 0.000312 0.000291 0.000154 0.000018 0.061286 0.007536 1.726643
0.930767 0.000306 0.000293 0.000150 0.000017 0.060930 0.007536 1.726677
0.931124 0.000305 0.000293 0.000146 0.000017 0.060577 0.007536 1.726706
0.931479 0.000302 0.000299 0.000145 0.000016 0.060222 0.007536 1.726738
0.931820 0.000304 0.000300 0.000142 0.000016 0.059882 0.007536 1.726767
0.932169 0.000299 0.000297 0.000141 0.000016 0.059541 0.007537 1.726800
0.932541 0.000301 0.000293 0.000140 0.000016 0.059173 0.007537 1.726824
0.932895 0.000302 0.000296 0.000135 0.000017 0.058818 0.007537 1.726852
0.933219 0.000300 0.000289 0.000136 0.000018 0.058499 0.007537 1.726881
0.933520 0.000297 0.000289 0.000132 0.000017 0.058207 0.007537 1.726907
0.933825 0.000302 0.000273 0.000133 0.000017 0.057912 0.007537 1.726929
0.934127 0.000306 0.000271 0.000135 0.000016 0.057607 0.007537 1.726954
0.934448 0.000302 0.000268 0.000136 0.000017 0.057292 0.007537 1.726980
0.934746 0.000300 0.000266 0.000138 0.000018 0.056995 0.007537 1.727007
0.935061 0.000306 0.000262 0.000138 0.000018 0.056678 0.007537 1.727031
0.935339 0.000299 0.000262 0.000138 0.000018 0.056407 0.007537 1.727062
0.935608 0.000299 0.000263 0.000140 0.000017 0.056135 0.007538 1.727088
0.935859 0.000295 0.000265 0.000144 0.000017 0.055881 0.007538 1.727120
0.936106 0.000297 0.000269 0.000140 0.000018 0.055633 0.007538 1.727147
0.936355 0.000296 0.000268 0.000139 0.000018 0.055387 0.007538 1.727177
0.936603 0.000287 0.000269 0.000136 0.000019 0.055147 0.007538 1.727212
0.936843 0.000283 0.000267 0.000135 0.000018 0.054915 0.007538 1.727243
0.937071 0.000280 0.000270 0.000133 0.000018 0.054690 0.007538 1.727272
0.937312 0.000275 0.000274 0.000129 0.000017 0.054454 0.007539 1.727303
0.937538 0.000276 0.000275 0.000132 0.000017 0.054222 0.007540 1.727333
0.937753 0.000274 0.000270 0.000131 0.000016 0.054016 0.007540 1.727358
0.937961 0.000272 0.000271 0.000131 0.000017 0.053809 0.007540 1.727385
0.938164 0.000271 0.000269 0.000128 0.000018 0.053609 0.007540 1.727412
0.938374 0.000267 0.000270 0.000129 0.000018 0.053402 0.007540 1.727443
0.938573 0.000272 0.000266 0.000128 0.000017 0.053203 0.007540 1.727464
0.938762 0.000269 0.000266 0.000128 0.000015 0.053020 0.007541 1.727490
0.938957 0.000269 0.000265 0.000130 0.000015 0.052823 0.007541 1.727518
0.939144 0.000267 0.000263 0.000123 0.000015 0.052646 0.007542 1.727543
0.939324 0.000262 0.000257 0.000123 0.000013 0.052477 0.007542 1.727567
0.939501 0.000255 0.000256 0.000127 0.000013 0.052307 0.007542 1.727597
0.939692 0.000251 0.000255 0.000126 0.000014 0.052121 0.007542 1.727620
0.939866 0.000249 0.000252 0.000129 0.000013 0.051949 0.007542 1.727646
0.940048 0.000247 0.000253 0.000128 0.000014 0.051768 0.007542 1.727672
0.940213 0.000245 0.000246 0.000132 0.000014 0.051608 0.007542 1.727696
0.940376 0.000245 0.000244 0.000127 0.000014 0.051452 0.007542 1.727718
0.940526 0.000253 0.000243 0.000123 0.000014 0.051298 0.007542 1.727736
0.940675 0.000264 0.000239 0.000118 0.000015 0.051145 0.007542 1.727754
0.940838 0.000267 0.000232 0.000119 0.000014 0.050989 0.007543 1.727778
0.940967 0.000268 0.000231 0.000120 0.000013 0.050857 0.007543 1.727803
0.941114 0.000258 0.000233 0.000122 0.000013 0.050717 0.007543 1.727834
0.941263 0.000254 0.000236 0.000124 0.000014 0.050565 0.007543 1.727862
0.941400 0.000258 0.000235 0.000122 0.000013 0.050429 0.007544 1.727882
0.941516 0.000269 0.000235 0.000122 0.000013 0.050301 0.007544 1.727904
0.941654 0.000271 0.000226 0.000121 0.000013 0.050171 0.007544 1.727924
0.941769 0.000285 0.000221 0.000121 0.000013 0.050048 0.007544 1.727948
0.941887 0.000292 0.000225 0.000121 0.000012 0.049920 0.007544 1.727975
0.942007 0.000288 0.000229 0.000124 0.000011 0.049796 0.007544 1.728005
0.942123 0.000285 0.000241 0.000118 0.000010 0.049678 0.007545 1.728031
0.942235 0.000285 0.000248 0.000118 0.000009 0.049560 0.007545 1.728060
0.942341 0.000276 0.000253 0.000119 0.000009 0.049457 0.007546 1.728091
0.942449 0.000280 0.000258 0.000120 0.000008 0.049340 0.007546 1.728120
0.942567 0.000282 0.000260 0.000116 0.000007 0.049222 0.007546 1.728151
0.942668 0.000291 0.000263 0.000115 0.000007 0.049110 0.007546 1.728177
0.942775 0.000291 0.000266 0.000110 0.000007 0.049006 0.007547 1.728204
0.942890 0.000279 0.000273 0.000111 0.000007 0.048893 0.007547 1.728238
0.942990 0.000286 0.000271 0.000107 0.000007 0.048792 0.007547 1.728264
0.943079 0.000291 0.000271 0.000109 0.000007 0.048696 0.007547 1.728291
0.943160 0.000292 0.000272 0.000108 0.000007 0.048616 0.007547 1.728320
0.943257 0.000298 0.000267 0.000114 0.000007 0.048511 0.007547 1.728346
0.943345 0.000300 0.000264 0.000119 0.000007 0.048418 0.007547 1.728379
0.943437 0.000305 0.000270 0.000118 0.000007 0.048316 0.007547 1.728410
0.943516 0.000307 0.000273 0.000119 0.000007 0.048232 0.007547 1.728438
0.943600 0.000313 0.000269 0.000123 0.000007 0.048142 0.007547 1.728464
0.943676 0.000317 0.000273 0.000122 0.000007 0.048057 0.007547 1.728495
0.943755 0.000326 0.000267 0.000123 0.000008 0.047973 0.007547 1.728521
0.943846 0.000315 0.000271 0.000124 0.000008 0.047889 0.007547 1.728554
0.943922 0.000318 0.000270 0.000124 0.000007 0.047812 0.007547 1.728580
0.944010 0.000316 0.000276 0.000125 0.000007 0.047718 0.007547 1.728613
0.944080 0.000315 0.000274 0.000126 0.000007 0.047651 0.007547 1.728643
0.944157 0.000318 0.000275 0.000123 0.000007 0.047574 0.007547 1.728672
0.944233 0.000305 0.000279 0.000125 0.000008 0.047502 0.007547 1.728708
0.944307 0.000306 0.000277 0.000124 0.000008 0.047430 0.007548 1.728737
0.944373 0.000296 0.000278 0.000127 0.000008 0.047370 0.007548 1.728770
0.944442 0.000287 0.000278 0.000125 0.000008 0.047311 0.007548 1.728801
0.944496 0.000291 0.000279 0.000125 0.000008 0.047253 0.007548 1.728832
0.944556 0.000284 0.000286 0.000128 0.000008 0.047190 0.007548 1.728866
0.944624 0.000290 0.000277 0.000125 0.000008 0.047129 0.007548 1.728886
0.944695 0.000293 0.000277 0.000126 0.000008 0.047053 0.007548 1.728911
0.944763 0.000296 0.000280 0.000125 0.000007 0.046981 0.007548 1.728939
0.944822 0.000297 0.000279 0.000125 0.000007 0.046922 0.007548 1.728968
0.944889 0.000302 0.000273 0.000127 0.000007 0.046854 0.007548 1.728992
0.944951 0.000297 0.000273 0.000131 0.000008 0.046793 0.007549 1.729023
0.945014 0.000304 0.000265 0.000129 0.000008 0.046730 0.007549 1.729046
0.945069 0.000310 0.000266 0.000129 0.000009 0.046668 0.007549 1.729071
0.945139 0.000308 0.000268 0.000126 0.000010 0.046599 0.007549 1.729100
0.945195 0.000303 0.000273 0.000126 0.000010 0.046545 0.007549 1.729132
0.945243 0.000308 0.000274 0.000126 0.000010 0.046490 0.007549 1.729161
0.945285 0.000312 0.000274 0.000122 0.000010 0.046447 0.007549 1.729189
0.945346 0.000314 0.000274 0.000122 0.000010 0.046384 0.007550 1.729219
0.945398 0.000318 0.000277 0.000123 0.000009 0.046325 0.007550 1.729248
0.945447 0.000315 0.000272 0.000128 0.000009 0.046279 0.007550 1.729279
0.945499 0.000317 0.000270 0.000123 0.000010 0.046230 0.007551 1.729305
0.945549 0.000320 0.000275 0.000120 0.000011 0.046175 0.007551 1.729330
0.945598 0.000320 0.000281 0.000118 0.000011 0.046122 0.007551 1.729360
0.945635 0.000326 0.000283 0.000117 0.000011 0.046077 0.007551 1.729389
0.945691 0.000331 0.000281 0.000121 0.000011 0.046013 0.007551 1.729417
0.945740 0.000323 0.000289 0.000125 0.000010 0.045963 0.007551 1.729454
0.945797 0.000323 0.000293 0.000125 0.000010 0.045902 0.007551 1.729484
0.945833 0.000331 0.000291 0.000128 0.000010 0.045856 0.007551 1.729515
0.945867 0.000334 0.000300 0.000129 0.000011 0.045809 0.007551 1.729549
0.945901 0.000336 0.000302 0.000124 0.000011 0.045775 0.007551 1.729579
0.945937 0.000331 0.000309 0.000124 0.000010 0.045739 0.007551 1.729613
0.945984 0.000337 0.000304 0.000123 0.000010 0.045692 0.007551 1.729635
0.946024 0.000337 0.000296 0.000127 0.000010 0.045655 0.007551 1.729663
0.946057 0.000335 0.000304 0.000126 0.000010 0.045617 0.007551 1.729701
0.946072 0.000347 0.000296 0.000130 0.000009 0.045594 0.007552 1.729730
0.946111 0.000339 0.000302 0.000131 0.000009 0.045557 0.007552 1.729766
0.946149 0.000329 0.000306 0.000133 0.000009 0.045521 0.007552 1.729803
0.946185 0.000317 0.000310 0.000137 0.000009 0.045490 0.007552 1.729843
0.946221 0.000315 0.000309 0.000137 0.000009 0.045457 0.007552 1.729872
0.946245 0.000315 0.000305 0.000136 0.000009 0.045438 0.007552 1.729902
0.946279 0.000299 0.000313 0.000137 0.000009 0.045411 0.007552 1.729940
0.946306 0.000313 0.000304 0.000130 0.000009 0.045385 0.007552 1.729961
0.946336 0.000329 0.000303 0.000129 0.000009 0.045342 0.007552 1.729987
0.946377 0.000316 0.000311 0.000129 0.000008 0.045306 0.007553 1.730026
0.946398 0.000315 0.000313 0.000130 0.000008 0.045284 0.007553 1.730058
0.946422 0.000319 0.000311 0.000134 0.000007 0.045254 0.007553 1.730085
0.946451 0.000327 0.000313 0.000129 0.000008 0.045220 0.007553 1.730108
0.946483 0.000316 0.000318 0.000130 0.000007 0.045193 0.007553 1.730143
0.946518 0.000316 0.000314 0.000131 0.000007 0.045161 0.007553 1.730172
0.946549 0.000320 0.000317 0.000130 0.000008 0.045123 0.007553 1.730201
0.946569 0.000332 0.000314 0.000129 0.000008 0.045095 0.007554 1.730226
0.946592 0.000328 0.000317 0.000134 0.000008 0.045067 0.007554 1.730263
0.946611 0.000329 0.000308 0.000136 0.000008 0.045054 0.007554 1.730295
0.946630 0.000325 0.000313 0.000141 0.000008 0.045029 0.007554 1.730329
0.946654 0.000321 0.000319 0.000143 0.000009 0.045000 0.007554 1.730363
0.946672 0.000331 0.000316 0.000141 0.000009 0.044978 0.007554 1.730390
0.946700 0.000326 0.000316 0.000144 0.000008 0.044952 0.007554 1.730424
0.946721 0.000327 0.000313 0.000145 0.000008 0.044933 0.007554 1.730453
0.946747 0.000331 0.000312 0.000142 0.000010 0.044903 0.007554 1.730483
0.946769 0.000338 0.000311 0.000148 0.000010 0.044871 0.007554 1.730516
0.946782 0.000348 0.000311 0.000145 0.000011 0.044850 0.007554 1.730544
0.946801 0.000343 0.000311 0.000151 0.000010 0.044831 0.007554 1.730581
0.946813 0.000343 0.000309 0.000153 0.000010 0.044818 0.007555 1.730615
0.946833 0.000338 0.000318 0.000155 0.000010 0.044792 0.007555 1.730651
0.946849 0.000340 0.000317 0.000156 0.000010 0.044773 0.007555 1.730685
0.946878 0.000334 0.000314 0.000154 0.000010 0.044754 0.007555 1.730716
0.946886 0.000339 0.000317 0.000154 0.000010 0.044739 0.007555 1.730756
0.946884 0.000349 0.000316 0.000156 0.000010 0.044729 0.007555 1.730790
0.946903 0.000350 0.000313 0.000160 0.000011 0.044708 0.007555 1.730824
0.946933 0.000342 0.000314 0.000162 0.000011 0.044682 0.007555 1.730857
0.946953 0.000339 0.000318 0.000161 0.000011 0.044662 0.007555 1.730890
0.946968 0.000341 0.000322 0.000158 0.000012 0.044643 0.007555 1.730922
0.946988 0.000340 0.000317 0.000160 0.000011 0.044630 0.007555 1.730958
0.947016 0.000332 0.000322 0.000161 0.000012 0.044601 0.007555 1.730993
0.947036 0.000330 0.000321 0.000155 0.000013 0.044590 0.007555 1.731024
0.947052 0.000332 0.000320 0.000157 0.000013 0.044572 0.007555 1.731056
0.947069 0.000328 0.000326 0.000154 0.000013 0.044555 0.007555 1.731091
0.947080 0.000331 0.000318 0.000153 0.000013 0.044549 0.007555 1.731121
0.947102 0.000321 0.000320 0.000150 0.000013 0.044538 0.007555 1.731155
0.947120 0.000318 0.000318 0.000152 0.000013 0.044523 0.007556 1.731189
0.947127 0.000320 0.000314 0.000153 0.000013 0.044517 0.007556 1.731220
0.947141 0.000318 0.000315 0.000151 0.000013 0.044506 0.007556 1.731255
0.947166 0.000310 0.000311 0.000147 0.000013 0.044497 0.007556 1.731288
0.947198 0.000310 0.000304 0.000146 0.000013 0.044474 0.007556 1.731313
0.947220 0.000312 0.000298 0.000147 0.000014 0.044453 0.007556 1.731339
0.947227 0.000308 0.000296 0.000149 0.000013 0.044451 0.007556 1.731369
0.947253 0.000308 0.000288 0.000149 0.000013 0.044434 0.007556 1.731396
0.947275 0.000315 0.000288 0.000149 0.000013 0.044405 0.007556 1.731421
0.947292 0.000316 0.000287 0.000153 0.000012 0.044384 0.007557 1.731453
0.947297 0.000322 0.000285 0.000155 0.000011 0.044374 0.007557 1.731482
0.947307 0.000317 0.000288 0.000148 0.000011 0.044373 0.007557 1.731512
0.947319 0.000327 0.000287 0.000148 0.000010 0.044352 0.007558 1.731537
0.947323 0.000322 0.000290 0.000152 0.000009 0.044345 0.007558 1.731575
0.947327 0.000325 0.000292 0.000150 0.000010 0.044338 0.007558 1.731607
0.947346 0.000315 0.000290 0.000153 0.000010 0.044327 0.007558 1.731637
0.947353 0.000318 0.000290 0.000155 0.000009 0.044317 0.007558 1.731664
0.947372 0.000311 0.000287 0.000155 0.000009 0.044308 0.007558 1.731696
0.947384 0.000317 0.000286 0.000156 0.000009 0.044290 0.007558 1.731722
0.947401 0.000316 0.000291 0.000150 0.000008 0.044276 0.007558 1.731752
0.947405 0.000321 0.000290 0.000150 0.000009 0.044266 0.007558 1.731782
0.947409 0.000318 0.000298 0.000146 0.000009 0.044261 0.007558 1.731819
0.947420 0.000315 0.000296 0.000142 0.000009 0.044258 0.007559 1.731849
0.947429 0.000316 0.000295 0.000148 0.000009 0.044245 0.007559 1.731879
0.947443 0.000308 0.000298 0.000152 0.000009 0.044232 0.007559 1.731914
0.947444 0.000318 0.000288 0.000150 0.000009 0.044232 0.007559 1.731938
0.947442 0.000328 0.000288 0.000146 0.000008 0.044228 0.007559 1.731964
0.947466 0.000317 0.000287 0.000153 0.000008 0.044209 0.007559 1.732001
0.947475 0.000317 0.000291 0.000152 0.000009 0.044196 0.007559 1.732032
0.947481 0.000311 0.000293 0.000155 0.000010 0.044191 0.007559 1.732066
0.947494 0.000307 0.000289 0.000156 0.000011 0.044184 0.007559 1.732097
0.947504 0.000298 0.000296 0.000156 0.000011 0.044176 0.007559 1.732132
0.947519 0.000302 0.000291 0.000152 0.000011 0.044165 0.007560 1.732161
0.947525 0.000293 0.000293 0.000149 0.000011 0.044168 0.007560 1.732194
0.947536 0.000289 0.000289 0.000150 0.000011 0.044165 0.007560 1.732224
0.947551 0.000286 0.000298 0.000148 0.000010 0.044146 0.007560 1.732254
0.947563 0.000280 0.000298 0.000145 0.000010 0.044141 0.007560 1.732287
0.947580 0.000286 0.000289 0.000142 0.000010 0.044131 0.007560 1.732306
0.947581 0.000293 0.000284 0.000141 0.000010 0.044130 0.007560 1.732331
0.947599 0.000293 0.000270 0.000137 0.000010 0.044129 0.007560 1.732352
0.947617 0.000297 0.000261 0.000137 0.000011 0.044118 0.007560 1.732377
0.947627 0.000289 0.000258 0.000132 0.000012 0.044120 0.007560 1.732407
0.947635 0.000293 0.000258 0.000131 0.000013 0.044109 0.007560 1.732430
0.947649 0.000284 0.000260 0.000134 0.000012 0.044101 0.007560 1.732462
0.947659 0.000288 0.000257 0.000133 0.000012 0.044090 0.007560 1.732485
0.947668 0.000287 0.000251 0.000137 0.000012 0.044084 0.007560 1.732517
0.947683 0.000289 0.000251 0.000138 0.000012 0.044067 0.007560 1.732541
0.947701 0.000287 0.000250 0.000139 0.000011 0.044051 0.007560 1.732568
0.947715 0.000280 0.000254 0.000134 0.000011 0.044045 0.007561 1.732596
0.947721 0.000280 0.000256 0.000134 0.000011 0.044037 0.007561 1.732623
0.947739 0.000274 0.000265 0.000132 0.000012 0.044017 0.007561 1.732657
0.947746 0.000280 0.000258 0.000134 0.000011 0.044010 0.007561 1.732681
0.947754 0.000279 0.000263 0.000133 0.000012 0.043997 0.007561 1.732713
0.947759 0.000285 0.000257 0.000134 0.000012 0.043992 0.007562 1.732740
0.947767 0.000285 0.000264 0.000128 0.000011 0.043982 0.007562 1.732768
0.947785 0.000285 0.000263 0.000127 0.000012 0.043966 0.007562 1.732793
0.947788 0.000294 0.000254 0.000127 0.000011 0.043963 0.007562 1.732817
0.947794 0.000289 0.000248 0.000128 0.000011 0.043967 0.007562 1.732845
0.947805 0.000284 0.000251 0.000126 0.000010 0.043960 0.007562 1.732869
0.947806 0.000288 0.000251 0.000124 0.000010 0.043958 0.007563 1.732892
0.947818 0.000282 0.000250 0.000123 0.000010 0.043953 0.007563 1.732922
0.947839 0.000280 0.000254 0.000125 0.000010 0.043928 0.007564 1.732948
0.947850 0.000275 0.000260 0.000126 0.000010 0.043914 0.007564 1.732977
0.947858 0.000272 0.000258 0.000123 0.000012 0.043913 0.007564 1.733007
0.947869 0.000270 0.000254 0.000122 0.000012 0.043909 0.007564 1.733031
0.947871 0.000274 0.000255 0.000121 0.000012 0.043903 0.007564 1.733055
0.947884 0.000272 0.000256 0.000122 0.000012 0.043889 0.007564 1.733081
0.947891 0.000276 0.000258 0.000121 0.000012 0.043879 0.007564 1.733108
0.947893 0.000281 0.000257 0.000119 0.000011 0.043875 0.007564 1.733132
0.947897 0.000288 0.000249 0.000116 0.000009 0.043876 0.007565 1.733153
0.947904 0.000294 0.000240 0.000119 0.000009 0.043868 0.007565 1.733176
0.947910 0.000288 0.000240 0.000125 0.000009 0.043862 0.007566 1.733211
0.947925 0.000284 0.000241 0.000123 0.000009 0.043852 0.007566 1.733236
0.947939 0.000289 0.000237 0.000122 0.000009 0.043839 0.007566 1.733256
0.947940 0.000279 0.000249 0.000125 0.000010 0.043831 0.007566 1.733292
0.947940 0.000281 0.000249 0.000125 0.000009 0.043830 0.007566 1.733319
0.947944 0.000275 0.000249 0.000127 0.000008 0.043830 0.007567 1.733349
0.947955 0.000280 0.000239 0.000129 0.000010 0.043821 0.007567 1.733366
0.947964 0.000279 0.000235 0.000126 0.000009 0.043820 0.007567 1.733392
0.947972 0.000279 0.000229 0.000118 0.000010 0.043825 0.007567 1.733417
0.947975 0.000282 0.000231 0.000119 0.000010 0.043816 0.007567 1.733443
0.947978 0.000278 0.000231 0.000124 0.000009 0.043811 0.007568 1.733475
0.947983 0.000280 0.000230 0.000126 0.000009 0.043805 0.007568 1.733504
0.947982 0.000285 0.000228 0.000125 0.000009 0.043803 0.007568 1.733527
0.947986 0.000284 0.000227 0.000127 0.000010 0.043798 0.007568 1.733552
0.947992 0.000286 0.000230 0.000127 0.000009 0.043788 0.007568 1.733580
0.947996 0.000279 0.000227 0.000128 0.000008 0.043793 0.007569 1.733609
0.948002 0.000280 0.000237 0.000124 0.000009 0.043779 0.007569 1.733633
0.948008 0.000283 0.000239 0.000123 0.000010 0.043768 0.007569 1.733658
0.948017 0.000267 0.000243 0.000127 0.000010 0.043767 0.007569 1.733692
0.948020 0.000271 0.000243 0.000127 0.000010 0.043760 0.007569 1.733715
0.948027 0.000270 0.000245 0.000126 0.000010 0.043754 0.007569 1.733739
0.948037 0.000271 0.000243 0.000120 0.000009 0.043751 0.007570 1.733761
0.948048 0.000267 0.000235 0.000123 0.000009 0.043748 0.007570 1.733785
0.948059 0.000260 0.000234 0.000124 0.000009 0.043744 0.007570 1.733814
0.948066 0.000258 0.000238 0.000117 0.000010 0.043741 0.007570 1.733838
0.948082 0.000252 0.000236 0.000118 0.000010 0.043733 0.007570 1.733863
0.948097 0.000249 0.000232 0.000120 0.000010 0.043723 0.007570 1.733883
0.948102 0.000246 0.000231 0.000115 0.000009 0.043727 0.007571 1.733910
0.948105 0.000247 0.000234 0.000111 0.000009 0.043724 0.007571 1.733934
0.948115 0.000246 0.000232 0.000106 0.000008 0.043722 0.007571 1.733955
0.948115 0.000246 0.000236 0.000108 0.000008 0.043716 0.007571 1.733985
0.948131 0.000247 0.000237 0.000108 0.000007 0.043698 0.007571 1.734007
0.948134 0.000249 0.000232 0.000109 0.000007 0.043698 0.007571 1.734033
0.948141 0.000258 0.000222 0.000110 0.000007 0.043691 0.007571 1.734052
0.948151 0.000257 0.000219 0.000111 0.000007 0.043685 0.007572 1.734076
0.948158 0.000255 0.000223 0.000111 0.000007 0.043675 0.007572 1.734103
0.948170 0.000252 0.000224 0.000113 0.000007 0.043662 0.007572 1.734127
0.948177 0.000246 0.000231 0.000114 0.000007 0.043654 0.007572 1.734158
0.948185 0.000241 0.000233 0.000113 0.000007 0.043648 0.007572 1.734185
0.948190 0.000243 0.000234 0.000108 0.000007 0.043646 0.007572 1.734207
0.948197 0.000244 0.000231 0.000107 0.000008 0.043642 0.007572 1.734229
0.948208 0.000235 0.000231 0.000110 0.000007 0.043637 0.007572 1.734255
0.948213 0.000234 0.000232 0.000110 0.000007 0.043631 0.007572 1.734278
0.948219 0.000231 0.000231 0.000111 0.000006 0.043629 0.007572 1.734303
0.948223 0.000234 0.000229 0.000108 0.000006 0.043627 0.007572 1.734322
0.948227 0.000237 0.000226 0.000107 0.000007 0.043624 0.007572 1.734342
0.948227 0.000243 0.000225 0.000100 0.000006 0.043625 0.007572 1.734362
0.948233 0.000247 0.000224 0.000101 0.000007 0.043616 0.007572 1.734380
0.948229 0.000243 0.000230 0.000102 0.000008 0.043615 0.007572 1.734410
0.948236 0.000241 0.000230 0.000106 0.000008 0.043607 0.007572 1.734436
0.948247 0.000239 0.000230 0.000104 0.000008 0.043600 0.007572 1.734459
0.948249 0.000245 0.000227 0.000104 0.000007 0.043596 0.007572 1.734481
0.948251 0.000241 0.000236 0.000102 0.000007 0.043590 0.007572 1.734508
0.948251 0.000244 0.000237 0.000105 0.000008 0.043583 0.007572 1.734533
0.948262 0.000246 0.000237 0.000107 0.000007 0.043568 0.007572 1.734554
0.948275 0.000244 0.000234 0.000110 0.000007 0.043557 0.007572 1.734575
0.948288 0.000238 0.000231 0.000113 0.000007 0.043550 0.007572 1.734600
0.948295 0.000240 0.000228 0.000115 0.000007 0.043543 0.007572 1.734623
0.948300 0.000243 0.000225 0.000115 0.000007 0.043538 0.007572 1.734641
0.948312 0.000233 0.000235 0.000118 0.000008 0.043521 0.007572 1.734671
0.948321 0.000235 0.000227 0.000117 0.000008 0.043519 0.007573 1.734692
0.948323 0.000241 0.000227 0.000113 0.000008 0.043515 0.007573 1.734713
0.948325 0.000237 0.000226 0.000115 0.000008 0.043515 0.007573 1.734740
0.948335 0.000239 0.000223 0.000115 0.000008 0.043507 0.007573 1.734761
0.948338 0.000234 0.000224 0.000120 0.000007 0.043502 0.007574 1.734787
0.948339 0.000237 0.000223 0.000118 0.000007 0.043501 0.007574 1.734809
0.948349 0.000233 0.000226 0.000111 0.000006 0.043500 0.007574 1.734832
0.948350 0.000240 0.000219 0.000109 0.000006 0.043503 0.007574 1.734850
0.948357 0.000245 0.000213 0.000106 0.000006 0.043500 0.007574 1.734867
0.948364 0.000243 0.000212 0.000102 0.000006 0.043498 0.007574 1.734889
0.948371 0.000245 0.000212 0.000103 0.000006 0.043490 0.007575 1.734911
0.948380 0.000242 0.000211 0.000102 0.000006 0.043484 0.007575 1.734933
0.948379 0.000247 0.000210 0.000103 0.000006 0.043480 0.007575 1.734957
0.948372 0.000249 0.000216 0.000104 0.000007 0.043477 0.007575 1.734982
0.948368 0.000247 0.000214 0.000102 0.000007 0.043487 0.007575 1.735007
0.948367 0.000246 0.000211 0.000104 0.000007 0.043490 0.007575 1.735034
0.948379 0.000246 0.000208 0.000107 0.000007 0.043479 0.007575 1.735054
0.948379 0.000246 0.000208 0.000107 0.000007 0.043478 0.007575 1.735076
0.948384 0.000239 0.000210 0.000110 0.000006 0.043476 0.007575 1.735103
0.948391 0.000238 0.000212 0.000115 0.000007 0.043463 0.007575 1.735130
0.948400 0.000241 0.000212 0.000111 0.000007 0.043455 0.007575 1.735149
0.948399 0.000237 0.000209 0.000113 0.000006 0.043459 0.007575 1.735175
0.948402 0.000241 0.000210 0.000115 0.000007 0.043450 0.007575 1.735197
0.948404 0.000242 0.000207 0.000114 0.000006 0.043452 0.007575 1.735217
0.948406 0.000235 0.000214 0.000113 0.000007 0.043450 0.007575 1.735246
0.948406 0.000238 0.000210 0.000106 0.000006 0.043458 0.007576 1.735267
0.948412 0.000236 0.000215 0.000105 0.000007 0.043449 0.007576 1.735288
0.948413 0.000235 0.000214 0.000104 0.000006 0.043452 0.007576 1.735309
0.948418 0.000235 0.000213 0.000105 0.000006 0.043446 0.007576 1.735330
0.948419 0.000243 0.000208 0.000103 0.000006 0.043445 0.007576 1.735351
0.948421 0.000242 0.000209 0.000102 0.000007 0.043443 0.007576 1.735373
0.948422 0.000239 0.000214 0.000105 0.000007 0.043438 0.007576 1.735401
0.948418 0.000239 0.000215 0.000105 0.000007 0.043440 0.007576 1.735428
0.948418 0.000238 0.000215 0.000108 0.000006 0.043439 0.007576 1.735457
0.948419 0.000236 0.000214 0.000104 0.000006 0.043445 0.007576 1.735478
0.948426 0.000233 0.000214 0.000104 0.000006 0.043442 0.007576 1.735501
0.948428 0.000230 0.000217 0.000103 0.000006 0.043438 0.007576 1.735525
0.948438 0.000227 0.000214 0.000100 0.000006 0.043439 0.007576 1.735543
0.948437 0.000224 0.000213 0.000101 0.000005 0.043442 0.007577 1.735569
0.948439 0.000224 0.000215 0.000103 0.000005 0.043437 0.007577 1.735592
0.948444 0.000227 0.000212 0.000098 0.000005 0.043437 0.007577 1.735608
0.948437 0.000229 0.000215 0.000098 0.000005 0.043439 0.007577 1.735632
0.948440 0.000232 0.000211 0.000100 0.000005 0.043435 0.007577 1.735653
0.948449 0.000229 0.000216 0.000100 0.000006 0.043424 0.007577 1.735675
0.948449 0.000236 0.000213 0.000096 0.000005 0.043424 0.007577 1.735692
0.948457 0.000233 0.000215 0.000097 0.000005 0.043416 0.007577 1.735714
0.948460 0.000229 0.000216 0.000097 0.000005 0.043415 0.007577 1.735735
