0.346472 0.062310 0.055465 0.032068 0.002129 0.495548 0.006008 1.621861
0.347779 0.061109 0.055371 0.031930 0.002129 0.495647 0.006035 1.627961
0.349468 0.059741 0.055159 0.031792 0.002129 0.495648 0.006064 1.633799
0.351540 0.058110 0.055008 0.031600 0.002126 0.495524 0.006093 1.639584
0.353720 0.056374 0.054742 0.031342 0.002118 0.495579 0.006125 1.645310
0.356026 0.054813 0.054328 0.031086 0.002103 0.495492 0.006151 1.650715
0.358510 0.053275 0.053955 0.030752 0.002107 0.495225 0.006177 1.656030
0.361027 0.051765 0.053381 0.030444 0.002089 0.495082 0.006212 1.661192
0.363617 0.050432 0.052817 0.030065 0.002104 0.494734 0.006232 1.666143
0.366331 0.049027 0.052147 0.029638 0.002107 0.494488 0.006262 1.671005
0.369174 0.047646 0.051442 0.029277 0.002096 0.494075 0.006290 1.675748
0.371938 0.046456 0.050795 0.028844 0.002079 0.493567 0.006322 1.680371
0.374726 0.045238 0.050129 0.028438 0.002076 0.493050 0.006344 1.684944
0.377622 0.044080 0.049365 0.027984 0.002067 0.492512 0.006370 1.689350
0.380637 0.043122 0.048581 0.027539 0.002063 0.491665 0.006394 1.693559
0.383535 0.042179 0.047887 0.027085 0.002046 0.490851 0.006418 1.697729
0.386478 0.041267 0.047161 0.026630 0.002024 0.489993 0.006448 1.701798
0.389469 0.040435 0.046400 0.026154 0.001998 0.489068 0.006476 1.705763
0.392433 0.039689 0.045719 0.025677 0.001987 0.487993 0.006503 1.709662
0.395496 0.038866 0.045021 0.025301 0.001969 0.486819 0.006528 1.713547
0.398435 0.038173 0.044264 0.024869 0.001964 0.485744 0.006550 1.717307
0.401492 0.037581 0.043506 0.024493 0.001940 0.484404 0.006584 1.720986
0.404520 0.036944 0.042762 0.024091 0.001923 0.483157 0.006604 1.724643
0.407568 0.036476 0.042033 0.023640 0.001908 0.481745 0.006631 1.728202
0.410489 0.035983 0.041331 0.023255 0.001892 0.480395 0.006655 1.731757
0.413562 0.035503 0.040621 0.022831 0.001885 0.478926 0.006672 1.735200
0.416651 0.035012 0.039921 0.022423 0.001872 0.477425 0.006698 1.738697
0.419613 0.034627 0.039253 0.022074 0.001862 0.475845 0.006725 1.742108
0.422567 0.034238 0.038670 0.021744 0.001849 0.474187 0.006745 1.745495
0.425456 0.033875 0.038187 0.021379 0.001828 0.472500 0.006774 1.748857
0.428479 0.033499 0.037608 0.021065 0.001821 0.470729 0.006798 1.752135
0.431341 0.033164 0.037024 0.020739 0.001814 0.469093 0.006825 1.755450
0.434332 0.032872 0.036474 0.020432 0.001773 0.467262 0.006855 1.758630
0.437253 0.032685 0.035868 0.020130 0.001744 0.465444 0.006875 1.761746
0.440056 0.032442 0.035318 0.019840 0.001736 0.463716 0.006892 1.764937
0.442929 0.032240 0.034872 0.019572 0.001716 0.461756 0.006913 1.768124
0.445778 0.032112 0.034351 0.019258 0.001700 0.459860 0.006940 1.771179
0.448567 0.031932 0.033946 0.019041 0.001680 0.457870 0.006964 1.774324
0.451380 0.031693 0.033595 0.018777 0.001666 0.455912 0.006977 1.777449
0.454086 0.031541 0.033145 0.018581 0.001648 0.454004 0.006994 1.780546
0.456815 0.031370 0.032851 0.018351 0.001620 0.451977 0.007017 1.783663
0.459364 0.031257 0.032487 0.018153 0.001596 0.450104 0.007038 1.786754
0.461992 0.031126 0.032081 0.017933 0.001572 0.448241 0.007056 1.789829
0.464542 0.031091 0.031724 0.017801 0.001551 0.446211 0.007079 1.792897
0.467096 0.031035 0.031454 0.017615 0.001530 0.444172 0.007098 1.795972
0.469588 0.031079 0.031133 0.017439 0.001514 0.442130 0.007117 1.798985
0.471993 0.031118 0.030781 0.017339 0.001492 0.440144 0.007133 1.802010
0.474454 0.031073 0.030583 0.017163 0.001471 0.438109 0.007149 1.805071
0.476751 0.031123 0.030371 0.017015 0.001457 0.436117 0.007167 1.808111
0.479073 0.031198 0.030092 0.016946 0.001437 0.434069 0.007185 1.811169
0.481304 0.031274 0.029922 0.016879 0.001425 0.431998 0.007200 1.814240
0.483610 0.031322 0.029695 0.016791 0.001402 0.429958 0.007222 1.817262
0.485910 0.031352 0.029512 0.016666 0.001401 0.427919 0.007240 1.820332
0.487937 0.031324 0.029482 0.016641 0.001382 0.425976 0.007259 1.823549
0.490141 0.031467 0.029227 0.016509 0.001371 0.424013 0.007274 1.826517
0.492340 0.031515 0.029093 0.016485 0.001360 0.421918 0.007290 1.829609
0.494367 0.031615 0.029013 0.016380 0.001343 0.419972 0.007310 1.832653
0.496314 0.031742 0.028884 0.016344 0.001318 0.418069 0.007329 1.835715
0.498174 0.031880 0.028810 0.016290 0.001296 0.416201 0.007349 1.838834
0.500016 0.032026 0.028811 0.016251 0.001273 0.414250 0.007374 1.841965
0.501916 0.032162 0.028793 0.016151 0.001268 0.412318 0.007392 1.845055
0.503761 0.032298 0.028752 0.016138 0.001261 0.410381 0.007409 1.848186
0.505658 0.032374 0.028719 0.016123 0.001248 0.408454 0.007425 1.851364
0.507426 0.032521 0.028654 0.016108 0.001241 0.406615 0.007436 1.854496
0.509275 0.032639 0.028674 0.016012 0.001241 0.404708 0.007451 1.857668
0.510932 0.032744 0.028785 0.016057 0.001233 0.402780 0.007469 1.860968
0.512565 0.032907 0.028781 0.016077 0.001222 0.400965 0.007484 1.864192
0.514194 0.033097 0.028751 0.016081 0.001215 0.399165 0.007496 1.867448
0.515795 0.033180 0.028818 0.016108 0.001195 0.397384 0.007519 1.870738
0.517384 0.033263 0.028874 0.016183 0.001190 0.395571 0.007535 1.874065
0.518814 0.033503 0.028904 0.016194 0.001180 0.393851 0.007553 1.877273
0.520204 0.033723 0.028984 0.016206 0.001174 0.392144 0.007566 1.880582
0.521587 0.033919 0.029027 0.016226 0.001169 0.390489 0.007584 1.883882
0.522886 0.034062 0.029142 0.016275 0.001160 0.388882 0.007595 1.887276
0.524173 0.034329 0.029149 0.016287 0.001159 0.387300 0.007603 1.890603
0.525399 0.034654 0.029256 0.016356 0.001154 0.385560 0.007622 1.893934
0.526480 0.034895 0.029387 0.016391 0.001156 0.384059 0.007633 1.897363
0.527625 0.035125 0.029500 0.016439 0.001149 0.382515 0.007647 1.900783
0.528687 0.035317 0.029572 0.016540 0.001146 0.381080 0.007660 1.904266
0.529808 0.035591 0.029583 0.016623 0.001146 0.379577 0.007672 1.907659
0.530907 0.035780 0.029746 0.016687 0.001147 0.378052 0.007681 1.911167
0.531864 0.036116 0.029853 0.016709 0.001138 0.376620 0.007699 1.914601
0.532693 0.036411 0.029971 0.016761 0.001144 0.375305 0.007714 1.918085
0.533634 0.036649 0.030178 0.016823 0.001137 0.373851 0.007729 1.921648
0.534570 0.036786 0.030346 0.016875 0.001130 0.372547 0.007745 1.925251
0.535393 0.037079 0.030454 0.016988 0.001122 0.371202 0.007762 1.928811
0.536211 0.037241 0.030627 0.017084 0.001127 0.369938 0.007772 1.932497
0.537034 0.037433 0.030781 0.017127 0.001125 0.368716 0.007784 1.936090
0.537710 0.037668 0.030882 0.017203 0.001112 0.367627 0.007798 1.939748
0.538421 0.037884 0.030992 0.017245 0.001121 0.366526 0.007810 1.943428
0.539006 0.038081 0.031163 0.017367 0.001123 0.365439 0.007821 1.947169
0.539634 0.038272 0.031303 0.017498 0.001126 0.364333 0.007834 1.950915
0.540230 0.038419 0.031545 0.017608 0.001129 0.363224 0.007845 1.954738
0.540718 0.038721 0.031719 0.017662 0.001131 0.362192 0.007857 1.958456
0.541268 0.038923 0.031942 0.017766 0.001132 0.361101 0.007868 1.962297
0.541808 0.039128 0.032022 0.017890 0.001115 0.360153 0.007885 1.966090
0.542361 0.039363 0.032140 0.018013 0.001121 0.359106 0.007897 1.969897
0.542788 0.039558 0.032341 0.018122 0.001111 0.358171 0.007908 1.973731
0.543203 0.039777 0.032514 0.018134 0.001118 0.357334 0.007920 1.977604
0.543522 0.039973 0.032713 0.018176 0.001127 0.356552 0.007937 1.981527
0.543882 0.040114 0.032903 0.018242 0.001120 0.355783 0.007956 1.985497
0.544291 0.040208 0.033033 0.018357 0.001121 0.355020 0.007970 1.989452
0.544532 0.040479 0.033226 0.018451 0.001123 0.354205 0.007984 1.993371
0.544747 0.040680 0.033359 0.018573 0.001116 0.353525 0.008002 1.997348
0.545051 0.040780 0.033550 0.018585 0.001106 0.352914 0.008016 2.001313
0.545370 0.040965 0.033657 0.018677 0.001107 0.352195 0.008029 2.005234
0.545675 0.041016 0.033828 0.018828 0.001119 0.351493 0.008043 2.009276
0.545922 0.041138 0.033960 0.018877 0.001116 0.350927 0.008060 2.013240
0.546173 0.041175 0.034077 0.019019 0.001108 0.350371 0.008077 2.017302
0.546399 0.041219 0.034253 0.019118 0.001115 0.349808 0.008088 2.021393
0.546546 0.041418 0.034395 0.019189 0.001120 0.349228 0.008103 2.025397
0.546767 0.041453 0.034579 0.019290 0.001114 0.348677 0.008119 2.029466
0.546911 0.041625 0.034652 0.019356 0.001110 0.348210 0.008136 2.033505
0.547073 0.041637 0.034807 0.019455 0.001102 0.347775 0.008151 2.037652
0.547355 0.041641 0.034961 0.019526 0.001097 0.347255 0.008165 2.041749
0.547579 0.041602 0.035127 0.019654 0.001104 0.346757 0.008176 2.045910
0.547763 0.041682 0.035257 0.019689 0.001113 0.346303 0.008192 2.049981
0.547973 0.041746 0.035438 0.019696 0.001117 0.345827 0.008203 2.054073
0.548191 0.041751 0.035465 0.019744 0.001114 0.345511 0.008223 2.058166
0.548355 0.041880 0.035542 0.019784 0.001113 0.345089 0.008237 2.062241
0.548500 0.041902 0.035595 0.019786 0.001117 0.344849 0.008251 2.066333
0.548576 0.041969 0.035606 0.019809 0.001133 0.344647 0.008261 2.070362
0.548689 0.042142 0.035680 0.019869 0.001142 0.344206 0.008273 2.074397
0.548904 0.042181 0.035779 0.019889 0.001139 0.343818 0.008290 2.078499
0.549035 0.042272 0.035780 0.019859 0.001135 0.343618 0.008302 2.082543
0.549174 0.042244 0.035848 0.019972 0.001138 0.343310 0.008314 2.086711
0.549345 0.042388 0.035882 0.020019 0.001134 0.342907 0.008325 2.090743
0.549457 0.042333 0.036024 0.020026 0.001133 0.342684 0.008343 2.094916
0.549671 0.042272 0.036152 0.020021 0.001132 0.342399 0.008354 2.099063
0.549857 0.042275 0.036245 0.020042 0.001142 0.342067 0.008372 2.103179
0.550014 0.042337 0.036258 0.020112 0.001140 0.341756 0.008383 2.107276
0.550106 0.042411 0.036289 0.020084 0.001147 0.341563 0.008400 2.111373
0.550190 0.042490 0.036411 0.020194 0.001152 0.341152 0.008410 2.115518
0.550225 0.042527 0.036424 0.020224 0.001156 0.341023 0.008420 2.119653
0.550377 0.042491 0.036570 0.020369 0.001164 0.340597 0.008433 2.123882
0.550450 0.042449 0.036591 0.020437 0.001163 0.340462 0.008448 2.128044
0.550548 0.042424 0.036637 0.020484 0.001173 0.340275 0.008460 2.132208
0.550594 0.042409 0.036733 0.020472 0.001162 0.340153 0.008477 2.136424
0.550692 0.042465 0.036777 0.020455 0.001168 0.339951 0.008492 2.140523
0.550792 0.042537 0.036770 0.020473 0.001170 0.339749 0.008509 2.144617
0.550966 0.042577 0.036739 0.020421 0.001175 0.339604 0.008518 2.148686
0.551028 0.042531 0.036815 0.020436 0.001177 0.339486 0.008528 2.152840
0.551146 0.042513 0.036851 0.020481 0.001185 0.339280 0.008544 2.156954
0.551253 0.042460 0.036879 0.020538 0.001182 0.339131 0.008558 2.161150
0.551417 0.042400 0.036908 0.020532 0.001187 0.338985 0.008572 2.165319
0.551443 0.042274 0.037022 0.020644 0.001187 0.338837 0.008592 2.169583
0.551659 0.042262 0.037051 0.020667 0.001198 0.338560 0.008604 2.173709
0.551762 0.042231 0.037066 0.020531 0.001205 0.338589 0.008616 2.177822
0.552002 0.042187 0.037037 0.020573 0.001199 0.338371 0.008631 2.181916
0.552167 0.042108 0.037151 0.020539 0.001190 0.338197 0.008649 2.186080
0.552325 0.042191 0.037110 0.020448 0.001196 0.338066 0.008663 2.190112
0.552501 0.042176 0.037100 0.020448 0.001201 0.337897 0.008678 2.194204
0.552651 0.042087 0.037126 0.020435 0.001194 0.337816 0.008691 2.198351
0.552688 0.042147 0.037154 0.020413 0.001193 0.337698 0.008706 2.202455
0.552910 0.042077 0.037094 0.020459 0.001190 0.337547 0.008723 2.206585
0.553089 0.042064 0.037085 0.020466 0.001196 0.337367 0.008736 2.210681
0.553336 0.041919 0.037025 0.020519 0.001199 0.337252 0.008749 2.214844
0.553553 0.041701 0.037061 0.020595 0.001207 0.337119 0.008766 2.219033
0.553785 0.041682 0.037036 0.020573 0.001207 0.336936 0.008782 2.223105
0.553873 0.041749 0.037031 0.020576 0.001215 0.336761 0.008795 2.227178
0.554124 0.041624 0.037014 0.020526 0.001203 0.336695 0.008815 2.231290
0.554325 0.041506 0.037046 0.020522 0.001213 0.336560 0.008828 2.235390
0.554593 0.041452 0.036994 0.020447 0.001213 0.336457 0.008844 2.239368
0.554862 0.041344 0.036973 0.020440 0.001210 0.336305 0.008866 2.243452
0.555021 0.041231 0.036991 0.020429 0.001199 0.336249 0.008880 2.247573
0.555275 0.041314 0.036950 0.020398 0.001206 0.335965 0.008892 2.251540
0.555516 0.041204 0.037004 0.020356 0.001202 0.335811 0.008908 2.255648
0.555819 0.041146 0.036846 0.020338 0.001208 0.335721 0.008923 2.259609
0.556022 0.041119 0.036797 0.020309 0.001207 0.335610 0.008938 2.263617
0.556248 0.041055 0.036716 0.020359 0.001212 0.335455 0.008955 2.267660
0.556599 0.040965 0.036713 0.020250 0.001210 0.335294 0.008968 2.271641
0.556799 0.040933 0.036655 0.020234 0.001213 0.335184 0.008983 2.275611
0.557047 0.040821 0.036595 0.020238 0.001212 0.335087 0.009000 2.279659
0.557342 0.040742 0.036510 0.020217 0.001220 0.334961 0.009008 2.283637
0.557632 0.040651 0.036514 0.020243 0.001222 0.334716 0.009023 2.287646
0.557968 0.040632 0.036454 0.020169 0.001224 0.334511 0.009041 2.291568
0.558154 0.040645 0.036426 0.020145 0.001228 0.334349 0.009055 2.295552
0.558285 0.040647 0.036397 0.020159 0.001233 0.334214 0.009066 2.299533
0.558495 0.040594 0.036432 0.020162 0.001237 0.334006 0.009075 2.303554
0.558829 0.040541 0.036298 0.020122 0.001234 0.333890 0.009088 2.307495
0.559024 0.040500 0.036282 0.020071 0.001235 0.333780 0.009108 2.311491
0.559221 0.040465 0.036270 0.020032 0.001240 0.333645 0.009127 2.315473
0.559514 0.040430 0.036256 0.019986 0.001221 0.333453 0.009141 2.319434
0.559650 0.040421 0.036229 0.019953 0.001222 0.333371 0.009153 2.323401
0.559884 0.040451 0.036150 0.019914 0.001215 0.333221 0.009166 2.327322
0.560155 0.040524 0.036115 0.019848 0.001221 0.332957 0.009181 2.331192
0.560331 0.040482 0.036086 0.019911 0.001204 0.332791 0.009195 2.335197
0.560505 0.040424 0.036144 0.019895 0.001205 0.332619 0.009208 2.339209
0.560688 0.040341 0.036129 0.019901 0.001216 0.332506 0.009220 2.343246
0.560948 0.040355 0.036072 0.019863 0.001210 0.332319 0.009234 2.347133
0.561156 0.040296 0.036089 0.019863 0.001210 0.332135 0.009251 2.351128
0.561404 0.040211 0.036012 0.019842 0.001215 0.332052 0.009263 2.355081
0.561602 0.040310 0.036038 0.019781 0.001212 0.331777 0.009279 2.358978
0.561835 0.040356 0.036017 0.019735 0.001206 0.331554 0.009297 2.362902
0.561914 0.040395 0.036070 0.019720 0.001203 0.331389 0.009309 2.366886
0.562084 0.040454 0.035938 0.019727 0.001195 0.331279 0.009324 2.370819
0.562263 0.040510 0.035906 0.019715 0.001195 0.331070 0.009342 2.374723
0.562553 0.040439 0.035898 0.019761 0.001172 0.330816 0.009359 2.378668
0.562748 0.040423 0.035770 0.019780 0.001164 0.330741 0.009375 2.382596
0.562955 0.040392 0.035703 0.019729 0.001165 0.330666 0.009389 2.386522
0.563183 0.040336 0.035706 0.019687 0.001155 0.330527 0.009404 2.390472
0.563338 0.040280 0.035672 0.019673 0.001177 0.330442 0.009417 2.394439
0.563497 0.040244 0.035688 0.019644 0.001177 0.330318 0.009431 2.398400
0.563642 0.040288 0.035637 0.019642 0.001177 0.330166 0.009448 2.402293
0.563767 0.040360 0.035642 0.019640 0.001176 0.329954 0.009461 2.406225
0.564048 0.040269 0.035599 0.019671 0.001180 0.329765 0.009468 2.410207
0.564265 0.040214 0.035559 0.019707 0.001178 0.329598 0.009478 2.414183
0.564417 0.040170 0.035645 0.019692 0.001173 0.329407 0.009497 2.418158
0.564628 0.040154 0.035533 0.019675 0.001172 0.329321 0.009518 2.422064
0.564851 0.040093 0.035502 0.019663 0.001171 0.329187 0.009534 2.426005
0.564993 0.040125 0.035458 0.019631 0.001164 0.329083 0.009548 2.429900
0.565130 0.040167 0.035475 0.019608 0.001154 0.328899 0.009568 2.433802
0.565374 0.040121 0.035477 0.019589 0.001155 0.328702 0.009582 2.437760
0.565628 0.039985 0.035538 0.019622 0.001161 0.328470 0.009597 2.441768
0.565713 0.039965 0.035532 0.019626 0.001153 0.328400 0.009610 2.445698
0.565849 0.039962 0.035642 0.019612 0.001154 0.328158 0.009622 2.449643
0.566102 0.039909 0.035657 0.019557 0.001152 0.327985 0.009638 2.453571
0.566249 0.039885 0.035589 0.019586 0.001155 0.327884 0.009652 2.457489
0.566413 0.039876 0.035576 0.019547 0.001156 0.327765 0.009668 2.461409
0.566626 0.039989 0.035538 0.019475 0.001161 0.327531 0.009681 2.465208
0.566852 0.040079 0.035445 0.019506 0.001166 0.327258 0.009694 2.469056
0.566811 0.040144 0.035459 0.019494 0.001178 0.327204 0.009710 2.473035
0.566878 0.040247 0.035445 0.019507 0.001184 0.327013 0.009726 2.476949
0.566954 0.040375 0.035477 0.019467 0.001180 0.326807 0.009741 2.480854
0.566995 0.040367 0.035563 0.019476 0.001175 0.326670 0.009754 2.484833
0.567139 0.040347 0.035627 0.019447 0.001169 0.326498 0.009774 2.488806
0.567321 0.040338 0.035600 0.019420 0.001156 0.326375 0.009791 2.492728
0.567440 0.040337 0.035606 0.019446 0.001147 0.326219 0.009806 2.496670
0.567493 0.040336 0.035677 0.019520 0.001135 0.326013 0.009826 2.500662
0.567564 0.040335 0.035737 0.019485 0.001129 0.325908 0.009843 2.504613
0.567626 0.040346 0.035734 0.019505 0.001135 0.325797 0.009858 2.508562
0.567828 0.040379 0.035705 0.019446 0.001143 0.325628 0.009871 2.512419
0.567819 0.040344 0.035726 0.019474 0.001147 0.325604 0.009886 2.516447
0.567958 0.040355 0.035741 0.019534 0.001146 0.325366 0.009902 2.520424
0.568071 0.040277 0.035748 0.019524 0.001150 0.325316 0.009915 2.524395
0.568213 0.040231 0.035751 0.019521 0.001158 0.325197 0.009929 2.528363
0.568357 0.040264 0.035753 0.019465 0.001160 0.325056 0.009945 2.532277
0.568556 0.040301 0.035707 0.019437 0.001162 0.324879 0.009958 2.536164
0.568755 0.040177 0.035707 0.019465 0.001164 0.324762 0.009970 2.540176
0.568832 0.040204 0.035736 0.019481 0.001161 0.324602 0.009984 2.544131
0.568829 0.040345 0.035640 0.019482 0.001164 0.324545 0.009996 2.547997
0.568774 0.040473 0.035638 0.019416 0.001166 0.324524 0.010009 2.551899
0.568699 0.040565 0.035762 0.019405 0.001149 0.324394 0.010025 2.555903
0.568755 0.040586 0.035718 0.019429 0.001160 0.324316 0.010038 2.559871
0.568815 0.040608 0.035713 0.019417 0.001149 0.324245 0.010054 2.563863
0.568902 0.040473 0.035805 0.019504 0.001149 0.324101 0.010067 2.567943
0.568998 0.040425 0.035815 0.019507 0.001162 0.324016 0.010078 2.571930
0.569001 0.040506 0.035849 0.019477 0.001160 0.323915 0.010092 2.575893
0.568990 0.040628 0.035830 0.019507 0.001163 0.323778 0.010104 2.579865
0.569121 0.040536 0.035852 0.019511 0.001160 0.323702 0.010118 2.583871
0.569082 0.040653 0.035813 0.019484 0.001155 0.323681 0.010131 2.587821
0.569099 0.040721 0.035758 0.019527 0.001139 0.323611 0.010146 2.591789
0.569127 0.040587 0.035833 0.019557 0.001143 0.323594 0.010159 2.595847
0.569214 0.040612 0.035778 0.019590 0.001132 0.323499 0.010175 2.599819
0.569240 0.040608 0.035765 0.019614 0.001133 0.323451 0.010188 2.603787
0.569342 0.040593 0.035794 0.019679 0.001135 0.323259 0.010197 2.607805
0.569424 0.040599 0.035791 0.019698 0.001131 0.323144 0.010212 2.611800
0.569627 0.040629 0.035723 0.019736 0.001139 0.322922 0.010225 2.615727
0.569668 0.040584 0.035710 0.019744 0.001138 0.322919 0.010237 2.619748
0.569640 0.040625 0.035699 0.019700 0.001136 0.322954 0.010246 2.623713
0.569681 0.040655 0.035633 0.019645 0.001131 0.322994 0.010261 2.627652
0.569674 0.040725 0.035568 0.019606 0.001140 0.323013 0.010273 2.631604
0.569668 0.040743 0.035515 0.019654 0.001129 0.323009 0.010283 2.635601
0.569784 0.040867 0.035482 0.019605 0.001124 0.322840 0.010299 2.639463
0.569782 0.040832 0.035543 0.019646 0.001133 0.322751 0.010311 2.643481
0.569790 0.040844 0.035529 0.019664 0.001132 0.322718 0.010323 2.647448
0.569929 0.040849 0.035567 0.019624 0.001122 0.322570 0.010339 2.651434
0.569873 0.040840 0.035577 0.019643 0.001118 0.322592 0.010357 2.655473
0.569940 0.040796 0.035591 0.019666 0.001124 0.322511 0.010372 2.659476
0.570041 0.040766 0.035632 0.019683 0.001131 0.322359 0.010388 2.663471
0.570137 0.040789 0.035658 0.019648 0.001141 0.322228 0.010398 2.667391
0.570205 0.040794 0.035630 0.019604 0.001148 0.322207 0.010413 2.671370
0.570246 0.040781 0.035658 0.019631 0.001140 0.322113 0.010431 2.675332
0.570265 0.040771 0.035695 0.019709 0.001155 0.321961 0.010446 2.679343
0.570161 0.040822 0.035660 0.019724 0.001162 0.322016 0.010456 2.683339
0.570259 0.040740 0.035692 0.019752 0.001168 0.321922 0.010469 2.687360
0.570272 0.040719 0.035736 0.019811 0.001167 0.321810 0.010486 2.691391
0.570240 0.040747 0.035777 0.019803 0.001168 0.321773 0.010494 2.695372
0.570331 0.040733 0.035758 0.019763 0.001161 0.321745 0.010509 2.699306
0.570465 0.040703 0.035814 0.019778 0.001159 0.321558 0.010524 2.703278
0.570538 0.040709 0.035811 0.019767 0.001159 0.321482 0.010535 2.707256
0.570438 0.040727 0.035897 0.019770 0.001157 0.321458 0.010554 2.711299
0.570493 0.040759 0.035956 0.019738 0.001151 0.321331 0.010571 2.715251
0.570434 0.040830 0.036020 0.019713 0.001152 0.321266 0.010586 2.719233
0.570488 0.040841 0.036037 0.019678 0.001156 0.321204 0.010596 2.723187
0.570504 0.040905 0.035999 0.019708 0.001148 0.321129 0.010607 2.727158
0.570487 0.041012 0.035929 0.019621 0.001154 0.321179 0.010620 2.731098
0.570423 0.041076 0.035991 0.019610 0.001160 0.321107 0.010634 2.735080
0.570347 0.041091 0.036044 0.019629 0.001162 0.321082 0.010644 2.739093
0.570392 0.041133 0.035986 0.019732 0.001162 0.320938 0.010658 2.743057
0.570317 0.041192 0.036040 0.019767 0.001164 0.320852 0.010670 2.747065
0.570354 0.041277 0.035976 0.019765 0.001168 0.320777 0.010683 2.751012
0.570406 0.041193 0.036035 0.019837 0.001170 0.320661 0.010698 2.755109
0.570406 0.041253 0.036070 0.019835 0.001168 0.320558 0.010712 2.759097
0.570385 0.041155 0.036150 0.019849 0.001168 0.320569 0.010724 2.763197
0.570323 0.041167 0.036166 0.019848 0.001170 0.320586 0.010740 2.767271
0.570263 0.041125 0.036181 0.019837 0.001180 0.320664 0.010750 2.771313
0.570248 0.041096 0.036259 0.019839 0.001180 0.320613 0.010765 2.775357
0.570200 0.041047 0.036396 0.019880 0.001183 0.320513 0.010781 2.779468
0.570139 0.041133 0.036359 0.019897 0.001184 0.320494 0.010794 2.783431
0.570051 0.041188 0.036243 0.019890 0.001177 0.320643 0.010807 2.787402
0.569943 0.041142 0.036212 0.019920 0.001174 0.320785 0.010824 2.791511
0.569981 0.041009 0.036311 0.019939 0.001173 0.320751 0.010835 2.795588
0.570066 0.040961 0.036278 0.019941 0.001180 0.320727 0.010846 2.799603
0.570014 0.040969 0.036255 0.020004 0.001176 0.320722 0.010861 2.803602
0.569971 0.040898 0.036265 0.020028 0.001173 0.320785 0.010880 2.807700
0.569964 0.040796 0.036187 0.020047 0.001169 0.320944 0.010894 2.811746
0.570051 0.040785 0.036219 0.020035 0.001164 0.320833 0.010913 2.815768
0.570138 0.040780 0.036167 0.020037 0.001162 0.320784 0.010933 2.819729
0.570186 0.040747 0.036131 0.019968 0.001164 0.320858 0.010946 2.823676
0.570307 0.040682 0.036110 0.019979 0.001170 0.320789 0.010962 2.827693
0.570320 0.040713 0.036117 0.019911 0.001162 0.320803 0.010975 2.831631
0.570321 0.040685 0.036171 0.019892 0.001157 0.320788 0.010987 2.835648
0.570463 0.040605 0.036186 0.019906 0.001156 0.320686 0.011000 2.839647
0.570407 0.040629 0.036315 0.019808 0.001157 0.320666 0.011019 2.843638
0.570615 0.040549 0.036293 0.019792 0.001165 0.320553 0.011034 2.847599
0.570731 0.040494 0.036271 0.019806 0.001178 0.320473 0.011049 2.851563
0.570741 0.040502 0.036271 0.019795 0.001181 0.320449 0.011061 2.855526
0.570868 0.040424 0.036172 0.019821 0.001177 0.320461 0.011078 2.859447
0.571034 0.040385 0.036065 0.019819 0.001183 0.320429 0.011087 2.863371
0.571083 0.040379 0.035962 0.019843 0.001172 0.320462 0.011101 2.867334
0.571163 0.040373 0.035897 0.019856 0.001158 0.320434 0.011119 2.871293
0.571137 0.040311 0.035898 0.019857 0.001155 0.320507 0.011135 2.875329
0.571157 0.040381 0.035829 0.019798 0.001158 0.320530 0.011147 2.879245
0.571304 0.040177 0.035916 0.019828 0.001162 0.320456 0.011156 2.883333
0.571361 0.040079 0.035917 0.019859 0.001156 0.320459 0.011171 2.887359
0.571415 0.040175 0.035873 0.019798 0.001161 0.320396 0.011184 2.891221
0.571420 0.040230 0.035898 0.019791 0.001167 0.320295 0.011200 2.895194
0.571614 0.040150 0.035899 0.019785 0.001158 0.320178 0.011218 2.899133
0.571626 0.040169 0.035786 0.019823 0.001153 0.320214 0.011230 2.903050
0.571671 0.040254 0.035724 0.019807 0.001151 0.320151 0.011241 2.906938
0.571715 0.040316 0.035731 0.019781 0.001155 0.320048 0.011255 2.910894
0.571813 0.040234 0.035712 0.019802 0.001162 0.320010 0.011267 2.914843
0.571888 0.040282 0.035694 0.019772 0.001158 0.319923 0.011283 2.918728
0.571845 0.040368 0.035741 0.019762 0.001157 0.319830 0.011298 2.922656
0.571951 0.040302 0.035769 0.019812 0.001156 0.319695 0.011315 2.926632
0.572023 0.040218 0.035739 0.019813 0.001163 0.319715 0.011327 2.930618
0.572031 0.040305 0.035735 0.019761 0.001171 0.319658 0.011338 2.934530
0.572131 0.040285 0.035723 0.019769 0.001175 0.319563 0.011354 2.938482
0.572079 0.040286 0.035771 0.019748 0.001165 0.319584 0.011368 2.942409
0.572085 0.040385 0.035722 0.019692 0.001166 0.319571 0.011380 2.946288
0.572230 0.040329 0.035757 0.019710 0.001161 0.319415 0.011399 2.950294
0.572241 0.040371 0.035724 0.019752 0.001161 0.319342 0.011410 2.954242
0.572285 0.040486 0.035685 0.019704 0.001161 0.319255 0.011425 2.958126
0.572375 0.040497 0.035672 0.019773 0.001158 0.319085 0.011441 2.962062
0.572468 0.040450 0.035619 0.019821 0.001153 0.319032 0.011457 2.966065
0.572551 0.040463 0.035537 0.019763 0.001163 0.319055 0.011469 2.969998
0.572583 0.040410 0.035592 0.019785 0.001158 0.318990 0.011483 2.974037
0.572630 0.040307 0.035627 0.019777 0.001156 0.319002 0.011502 2.978031
0.572664 0.040431 0.035565 0.019717 0.001157 0.318951 0.011515 2.981897
0.572702 0.040501 0.035518 0.019684 0.001162 0.318901 0.011533 2.985807
0.572854 0.040334 0.035632 0.019669 0.001166 0.318795 0.011551 2.989795
0.572865 0.040273 0.035657 0.019654 0.001164 0.318823 0.011563 2.993767
0.572913 0.040297 0.035618 0.019678 0.001169 0.318747 0.011579 2.997703
0.572898 0.040283 0.035569 0.019677 0.001172 0.318810 0.011591 3.001679
0.572896 0.040424 0.035547 0.019635 0.001158 0.318734 0.011607 3.005559
0.572827 0.040463 0.035576 0.019683 0.001154 0.318673 0.011624 3.009495
0.572798 0.040420 0.035684 0.019645 0.001159 0.318661 0.011634 3.013445
0.572849 0.040390 0.035640 0.019639 0.001156 0.318673 0.011652 3.017399
0.572819 0.040383 0.035749 0.019616 0.001163 0.318605 0.011665 3.021380
0.572827 0.040409 0.035740 0.019667 0.001158 0.318518 0.011681 3.025381
0.572821 0.040378 0.035818 0.019712 0.001166 0.318409 0.011695 3.029417
0.572773 0.040419 0.035873 0.019709 0.001170 0.318347 0.011709 3.033406
0.572785 0.040358 0.035940 0.019706 0.001164 0.318329 0.011719 3.037406
0.572820 0.040370 0.035878 0.019655 0.001149 0.318394 0.011734 3.041309
0.572866 0.040375 0.035909 0.019625 0.001147 0.318332 0.011746 3.045314
0.572816 0.040364 0.035948 0.019562 0.001151 0.318401 0.011759 3.049316
0.572744 0.040373 0.035908 0.019589 0.001149 0.318466 0.011771 3.053274
0.572771 0.040405 0.035874 0.019558 0.001139 0.318468 0.011785 3.057208
0.572822 0.040362 0.035875 0.019613 0.001136 0.318393 0.011799 3.061209
0.572830 0.040299 0.035950 0.019622 0.001141 0.318348 0.011812 3.065204
0.572811 0.040375 0.035898 0.019588 0.001148 0.318357 0.011824 3.069144
0.572880 0.040370 0.035887 0.019594 0.001153 0.318284 0.011833 3.073082
0.572969 0.040316 0.035882 0.019581 0.001162 0.318245 0.011846 3.077044
0.572969 0.040394 0.035830 0.019615 0.001169 0.318169 0.011857 3.080966
0.573029 0.040295 0.035870 0.019664 0.001178 0.318095 0.011869 3.084974
0.573106 0.040201 0.035914 0.019679 0.001169 0.318049 0.011881 3.088961
0.573141 0.040246 0.035966 0.019659 0.001170 0.317924 0.011895 3.092899
0.573156 0.040286 0.035970 0.019667 0.001163 0.317851 0.011908 3.096810
0.573229 0.040279 0.035880 0.019704 0.001158 0.317827 0.011923 3.100766
0.573224 0.040296 0.035798 0.019680 0.001168 0.317903 0.011933 3.104684
0.573266 0.040234 0.035845 0.019708 0.001174 0.317829 0.011945 3.108685
0.573367 0.040230 0.035836 0.019720 0.001168 0.317718 0.011963 3.112611
0.573336 0.040286 0.035875 0.019722 0.001169 0.317641 0.011974 3.116561
0.573277 0.040344 0.035862 0.019753 0.001164 0.317610 0.011991 3.120523
0.573238 0.040434 0.035814 0.019693 0.001170 0.317647 0.012005 3.124431
0.573225 0.040496 0.035803 0.019686 0.001176 0.317595 0.012020 3.128362
0.573146 0.040562 0.035864 0.019710 0.001174 0.317509 0.012036 3.132338
0.573031 0.040603 0.035889 0.019759 0.001175 0.317495 0.012047 3.136305
0.573031 0.040626 0.035863 0.019766 0.001178 0.317469 0.012065 3.140258
0.572965 0.040689 0.035873 0.019789 0.001183 0.317424 0.012077 3.144258
0.572903 0.040652 0.035939 0.019793 0.001174 0.317450 0.012090 3.148335
0.572910 0.040633 0.035898 0.019781 0.001172 0.317506 0.012100 3.152296
0.572752 0.040737 0.035906 0.019766 0.001185 0.317542 0.012112 3.156282
0.572669 0.040723 0.035903 0.019821 0.001168 0.317586 0.012129 3.160312
0.572670 0.040747 0.035916 0.019817 0.001146 0.317552 0.012152 3.164274
0.572661 0.040619 0.035950 0.019880 0.001151 0.317574 0.012163 3.168338
0.572735 0.040592 0.035977 0.019851 0.001152 0.317520 0.012173 3.172321
0.572704 0.040591 0.035913 0.019871 0.001145 0.317586 0.012189 3.176270
0.572612 0.040625 0.035903 0.019890 0.001142 0.317625 0.012204 3.180287
0.572683 0.040543 0.035808 0.019891 0.001135 0.317715 0.012226 3.184274
0.572691 0.040477 0.035790 0.019898 0.001138 0.317768 0.012238 3.188246
0.572649 0.040571 0.035767 0.019901 0.001133 0.317726 0.012254 3.192144
0.572616 0.040659 0.035719 0.019810 0.001137 0.317793 0.012267 3.196012
0.572581 0.040628 0.035664 0.019861 0.001134 0.317852 0.012281 3.200004
0.572677 0.040599 0.035755 0.019823 0.001143 0.317711 0.012293 3.203987
0.572470 0.040680 0.035788 0.019834 0.001149 0.317774 0.012306 3.208006
0.572502 0.040656 0.035767 0.019852 0.001151 0.317754 0.012317 3.212001
0.572432 0.040658 0.035785 0.019829 0.001164 0.317803 0.012328 3.215973
0.572414 0.040607 0.035801 0.019810 0.001169 0.317857 0.012341 3.219983
0.572378 0.040640 0.035779 0.019774 0.001170 0.317900 0.012358 3.223941
0.572379 0.040681 0.035823 0.019806 0.001170 0.317773 0.012368 3.227916
0.572267 0.040778 0.035775 0.019795 0.001171 0.317824 0.012390 3.231856
0.572130 0.040837 0.035828 0.019790 0.001168 0.317841 0.012406 3.235878
0.572050 0.040802 0.035846 0.019801 0.001170 0.317910 0.012421 3.239914
0.572089 0.040835 0.035854 0.019738 0.001177 0.317875 0.012432 3.243887
0.572051 0.040758 0.035927 0.019742 0.001175 0.317901 0.012448 3.247929
0.572146 0.040703 0.035905 0.019763 0.001163 0.317858 0.012462 3.251908
0.572067 0.040765 0.035899 0.019808 0.001165 0.317822 0.012474 3.255888
0.572104 0.040714 0.035897 0.019850 0.001165 0.317783 0.012488 3.259891
0.572088 0.040729 0.035969 0.019847 0.001172 0.317691 0.012504 3.263894
0.572126 0.040668 0.036005 0.019819 0.001156 0.317705 0.012520 3.267899
0.572149 0.040639 0.035952 0.019830 0.001154 0.317738 0.012538 3.271848
0.572152 0.040590 0.035990 0.019837 0.001151 0.317731 0.012550 3.275871
0.572193 0.040579 0.035920 0.019784 0.001150 0.317812 0.012562 3.279770
0.572128 0.040587 0.035922 0.019705 0.001154 0.317926 0.012578 3.283758
0.572100 0.040505 0.035902 0.019725 0.001164 0.318018 0.012587 3.287772
0.572120 0.040475 0.035897 0.019695 0.001171 0.318043 0.012599 3.291749
0.572124 0.040490 0.035881 0.019642 0.001167 0.318076 0.012620 3.295742
0.572101 0.040558 0.035840 0.019691 0.001165 0.318014 0.012632 3.299664
0.572131 0.040546 0.035887 0.019661 0.001175 0.317957 0.012644 3.303620
0.572013 0.040532 0.035915 0.019683 0.001174 0.318018 0.012664 3.307639
0.572054 0.040472 0.035881 0.019688 0.001163 0.318061 0.012680 3.311610
0.572123 0.040451 0.035885 0.019665 0.001164 0.318016 0.012696 3.315567
0.572048 0.040511 0.035914 0.019640 0.001154 0.318023 0.012710 3.319510
0.572051 0.040525 0.035953 0.019628 0.001157 0.317960 0.012727 3.323477
0.572016 0.040497 0.035994 0.019605 0.001160 0.317987 0.012742 3.327483
0.572038 0.040481 0.036070 0.019679 0.001153 0.317825 0.012755 3.331538
0.571984 0.040525 0.036069 0.019698 0.001139 0.317814 0.012771 3.335516
0.571996 0.040565 0.036031 0.019718 0.001137 0.317766 0.012788 3.339492
0.571969 0.040460 0.036115 0.019678 0.001142 0.317834 0.012804 3.343518
0.572071 0.040459 0.036081 0.019662 0.001141 0.317771 0.012816 3.347439
0.572108 0.040345 0.036002 0.019755 0.001142 0.317821 0.012826 3.351453
0.572127 0.040391 0.035979 0.019788 0.001154 0.317723 0.012838 3.355354
0.572100 0.040363 0.035916 0.019805 0.001151 0.317810 0.012857 3.359306
0.572059 0.040321 0.035925 0.019879 0.001149 0.317800 0.012869 3.363324
0.571928 0.040386 0.035888 0.019811 0.001145 0.317962 0.012881 3.367259
0.571952 0.040299 0.035861 0.019798 0.001158 0.318034 0.012896 3.371268
0.572005 0.040325 0.035821 0.019815 0.001160 0.317964 0.012910 3.375184
0.572112 0.040234 0.035773 0.019861 0.001156 0.317935 0.012928 3.379167
0.572181 0.040192 0.035785 0.019831 0.001153 0.317916 0.012943 3.383075
0.572176 0.040078 0.035823 0.019859 0.001162 0.317948 0.012955 3.387105
0.572371 0.039958 0.035847 0.019832 0.001176 0.317849 0.012967 3.391048
0.572408 0.040029 0.035789 0.019776 0.001183 0.317839 0.012978 3.394904
0.572393 0.039965 0.035819 0.019837 0.001176 0.317819 0.012991 3.398902
0.572392 0.039981 0.035763 0.019832 0.001178 0.317847 0.013006 3.402847
0.572473 0.039882 0.035807 0.019849 0.001179 0.317790 0.013021 3.406835
0.572618 0.039839 0.035731 0.019841 0.001160 0.317769 0.013042 3.410723
0.572715 0.039818 0.035793 0.019810 0.001157 0.317651 0.013056 3.414633
0.572729 0.039818 0.035837 0.019742 0.001154 0.317655 0.013064 3.418576
0.572697 0.039866 0.035826 0.019707 0.001164 0.317664 0.013074 3.422535
0.572699 0.039916 0.035787 0.019609 0.001172 0.317730 0.013086 3.426395
0.572673 0.039936 0.035748 0.019600 0.001161 0.317779 0.013103 3.430315
0.572733 0.039902 0.035723 0.019597 0.001174 0.317754 0.013118 3.434232
0.572836 0.039839 0.035668 0.019595 0.001171 0.317756 0.013134 3.438150
0.572840 0.039838 0.035719 0.019578 0.001164 0.317711 0.013148 3.442086
0.572901 0.039798 0.035700 0.019622 0.001154 0.317665 0.013161 3.446053
0.572945 0.039681 0.035767 0.019665 0.001151 0.317613 0.013179 3.450089
0.573010 0.039722 0.035779 0.019624 0.001160 0.317513 0.013193 3.453953
0.572994 0.039742 0.035780 0.019633 0.001166 0.317480 0.013206 3.457875
0.573065 0.039723 0.035710 0.019610 0.001170 0.317503 0.013219 3.461812
0.573170 0.039698 0.035689 0.019602 0.001172 0.317438 0.013232 3.465749
0.573281 0.039725 0.035598 0.019574 0.001165 0.317414 0.013244 3.469592
0.573318 0.039717 0.035604 0.019530 0.001161 0.317412 0.013257 3.473516
0.573303 0.039824 0.035562 0.019549 0.001156 0.317338 0.013269 3.477386
0.573333 0.039873 0.035503 0.019480 0.001146 0.317378 0.013286 3.481280
0.573459 0.039805 0.035483 0.019483 0.001157 0.317312 0.013300 3.485241
0.573542 0.039841 0.035398 0.019456 0.001156 0.317293 0.013315 3.489109
0.573611 0.039761 0.035428 0.019492 0.001148 0.317232 0.013328 3.493054
0.573703 0.039738 0.035431 0.019500 0.001154 0.317127 0.013345 3.496968
0.573777 0.039754 0.035476 0.019438 0.001156 0.317042 0.013357 3.500879
0.573877 0.039669 0.035467 0.019437 0.001161 0.317016 0.013371 3.504797
0.573781 0.039779 0.035469 0.019441 0.001156 0.316993 0.013382 3.508695
0.573813 0.039741 0.035500 0.019437 0.001165 0.316956 0.013390 3.512675
0.573860 0.039766 0.035576 0.019463 0.001166 0.316766 0.013403 3.516586
0.573821 0.039817 0.035590 0.019514 0.001165 0.316673 0.013421 3.520494
0.573820 0.039928 0.035561 0.019525 0.001166 0.316569 0.013432 3.524366
0.573829 0.040051 0.035537 0.019520 0.001164 0.316451 0.013449 3.528206
0.573819 0.040034 0.035464 0.019492 0.001161 0.316571 0.013460 3.532100
0.573838 0.040062 0.035445 0.019499 0.001164 0.316516 0.013475 3.536010
0.573850 0.039988 0.035514 0.019566 0.001170 0.316428 0.013485 3.540048
0.573786 0.040120 0.035420 0.019584 0.001168 0.316427 0.013494 3.543916
0.573820 0.040159 0.035440 0.019568 0.001165 0.316335 0.013511 3.547828
0.573817 0.040084 0.035535 0.019542 0.001165 0.316333 0.013523 3.551823
0.573849 0.040171 0.035522 0.019552 0.001163 0.316208 0.013536 3.555702
0.573959 0.040115 0.035491 0.019481 0.001163 0.316242 0.013549 3.559583
0.574017 0.040132 0.035520 0.019475 0.001176 0.316117 0.013563 3.563508
0.573997 0.040108 0.035485 0.019534 0.001172 0.316127 0.013578 3.567436
0.574118 0.040069 0.035435 0.019557 0.001165 0.316064 0.013592 3.571343
0.574261 0.040006 0.035459 0.019577 0.001161 0.315931 0.013606 3.575292
0.574249 0.040052 0.035435 0.019551 0.001165 0.315932 0.013617 3.579186
0.574216 0.040048 0.035476 0.019576 0.001150 0.315900 0.013634 3.583137
0.574265 0.040010 0.035490 0.019537 0.001147 0.315901 0.013652 3.587079
0.574260 0.040040 0.035471 0.019568 0.001144 0.315845 0.013671 3.590994
0.574239 0.040115 0.035517 0.019547 0.001135 0.315765 0.013684 3.594914
0.574235 0.040126 0.035610 0.019564 0.001129 0.315634 0.013702 3.598876
0.574304 0.040026 0.035571 0.019586 0.001110 0.315687 0.013715 3.602841
0.574283 0.040045 0.035538 0.019603 0.001113 0.315689 0.013729 3.606764
0.574249 0.040076 0.035435 0.019613 0.001107 0.315777 0.013743 3.610685
0.574157 0.040163 0.035445 0.019612 0.001106 0.315762 0.013755 3.614608
0.574122 0.040200 0.035514 0.019553 0.001107 0.315735 0.013768 3.618558
0.574107 0.040235 0.035511 0.019593 0.001103 0.315671 0.013781 3.622466
0.574116 0.040171 0.035499 0.019576 0.001106 0.315739 0.013793 3.626396
0.574148 0.040147 0.035477 0.019615 0.001109 0.315697 0.013806 3.630351
0.574207 0.040103 0.035552 0.019553 0.001125 0.315644 0.013815 3.634274
0.574091 0.040339 0.035485 0.019540 0.001145 0.315571 0.013830 3.638116
0.574136 0.040380 0.035446 0.019568 0.001140 0.315485 0.013844 3.642040
0.574159 0.040355 0.035499 0.019578 0.001150 0.315407 0.013852 3.645996
0.574138 0.040438 0.035439 0.019531 0.001150 0.315440 0.013866 3.649888
0.574133 0.040391 0.035506 0.019553 0.001153 0.315384 0.013881 3.653860
0.573995 0.040470 0.035570 0.019570 0.001152 0.315349 0.013892 3.657849
0.573989 0.040499 0.035565 0.019636 0.001148 0.315254 0.013908 3.661784
0.573877 0.040515 0.035645 0.019644 0.001143 0.315249 0.013927 3.665807
0.573792 0.040596 0.035711 0.019679 0.001138 0.315140 0.013944 3.669798
0.573810 0.040485 0.035776 0.019694 0.001143 0.315137 0.013955 3.673827
0.573824 0.040423 0.035878 0.019695 0.001138 0.315073 0.013970 3.677862
0.573759 0.040447 0.035847 0.019706 0.001148 0.315113 0.013980 3.681799
0.573798 0.040498 0.035804 0.019692 0.001141 0.315073 0.013994 3.685679
0.573720 0.040480 0.035827 0.019646 0.001154 0.315165 0.014008 3.689667
0.573783 0.040379 0.035913 0.019698 0.001145 0.315061 0.014022 3.693660
0.573713 0.040394 0.035883 0.019699 0.001148 0.315129 0.014033 3.697591
0.573609 0.040359 0.035981 0.019688 0.001148 0.315163 0.014052 3.701603
0.573563 0.040380 0.036064 0.019624 0.001138 0.315162 0.014070 3.705568
0.573577 0.040316 0.036094 0.019674 0.001139 0.315120 0.014081 3.709597
0.573517 0.040374 0.036056 0.019605 0.001138 0.315213 0.014097 3.713456
0.573523 0.040321 0.036011 0.019611 0.001142 0.315281 0.014110 3.717384
0.573607 0.040285 0.036046 0.019613 0.001148 0.315186 0.014116 3.721333
0.573618 0.040335 0.035900 0.019607 0.001142 0.315271 0.014128 3.725185
0.573702 0.040362 0.035873 0.019599 0.001141 0.315184 0.014139 3.729111
0.573747 0.040329 0.035845 0.019609 0.001140 0.315179 0.014152 3.733059
0.573670 0.040308 0.035840 0.019606 0.001145 0.315266 0.014165 3.737060
0.573638 0.040300 0.035780 0.019634 0.001143 0.315327 0.014179 3.741006
0.573654 0.040293 0.035831 0.019606 0.001140 0.315285 0.014191 3.744936
0.573699 0.040342 0.035827 0.019575 0.001144 0.315207 0.014207 3.748836
0.573657 0.040225 0.035904 0.019627 0.001145 0.315224 0.014219 3.752879
0.573642 0.040246 0.035852 0.019612 0.001145 0.315270 0.014232 3.756775
0.573707 0.040169 0.035885 0.019626 0.001143 0.315224 0.014247 3.760789
0.573734 0.040208 0.035868 0.019608 0.001140 0.315180 0.014262 3.764732
0.573812 0.040121 0.035829 0.019644 0.001143 0.315173 0.014278 3.768681
0.573742 0.040173 0.035836 0.019629 0.001139 0.315189 0.014292 3.772595
0.573796 0.040033 0.035938 0.019638 0.001136 0.315154 0.014305 3.776578
0.573801 0.039997 0.035932 0.019676 0.001127 0.315149 0.014319 3.780545
0.573887 0.039974 0.035915 0.019631 0.001127 0.315137 0.014330 3.784478
0.573792 0.040122 0.035810 0.019575 0.001127 0.315232 0.014341 3.788346
0.573765 0.040210 0.035845 0.019547 0.001132 0.315147 0.014355 3.792291
