0.368986 0.062093 0.054286 0.031361 0.001964 0.475630 0.005680 1.550212
0.370054 0.060925 0.054281 0.031256 0.001971 0.475815 0.005699 1.556248
0.371541 0.059471 0.054178 0.031143 0.001966 0.475973 0.005729 1.562132
0.373309 0.057881 0.054008 0.030974 0.001982 0.476094 0.005753 1.567898
0.375252 0.056241 0.053868 0.030709 0.001987 0.476169 0.005774 1.573515
0.377293 0.054663 0.053431 0.030421 0.002009 0.476383 0.005800 1.578928
0.379581 0.053066 0.052987 0.030184 0.002004 0.476353 0.005824 1.584172
0.381948 0.051591 0.052446 0.029817 0.001995 0.476354 0.005849 1.589234
0.384381 0.050199 0.051876 0.029492 0.001980 0.476194 0.005878 1.594154
0.386959 0.048796 0.051270 0.029134 0.001994 0.475944 0.005904 1.599036
0.389526 0.047467 0.050661 0.028714 0.001993 0.475712 0.005927 1.603777
0.392100 0.046228 0.050108 0.028283 0.001985 0.475344 0.005952 1.608373
0.394870 0.044996 0.049417 0.027906 0.001987 0.474846 0.005979 1.612816
0.397609 0.043862 0.048681 0.027540 0.001985 0.474319 0.006004 1.617189
0.400326 0.042735 0.047933 0.027161 0.001968 0.473845 0.006033 1.621460
0.403259 0.041727 0.047127 0.026666 0.001957 0.473207 0.006059 1.625526
0.406054 0.040832 0.046322 0.026245 0.001941 0.472524 0.006080 1.629515
0.408858 0.039964 0.045528 0.025729 0.001921 0.471898 0.006101 1.633415
0.411741 0.039190 0.044830 0.025327 0.001907 0.470882 0.006123 1.637280
0.414648 0.038363 0.044070 0.024869 0.001899 0.470010 0.006141 1.641077
0.417509 0.037595 0.043311 0.024448 0.001885 0.469088 0.006165 1.644810
0.420342 0.036970 0.042585 0.024046 0.001872 0.468002 0.006183 1.648422
0.423356 0.036330 0.041819 0.023603 0.001852 0.466831 0.006208 1.651997
0.426250 0.035696 0.041135 0.023274 0.001850 0.465566 0.006229 1.655587
0.429184 0.035171 0.040446 0.022865 0.001846 0.464236 0.006253 1.659009
0.432068 0.034620 0.039814 0.022448 0.001821 0.462954 0.006274 1.662390
0.435017 0.034088 0.039174 0.022128 0.001792 0.461501 0.006299 1.665788
0.437926 0.033623 0.038515 0.021743 0.001767 0.460103 0.006324 1.669106
0.440857 0.033057 0.037949 0.021379 0.001754 0.458661 0.006343 1.672442
0.443821 0.032611 0.037277 0.021042 0.001734 0.457149 0.006366 1.675632
0.446655 0.032176 0.036685 0.020631 0.001709 0.455752 0.006391 1.678834
0.449591 0.031753 0.036126 0.020293 0.001691 0.454138 0.006411 1.681968
0.452466 0.031402 0.035618 0.019967 0.001674 0.452443 0.006430 1.685096
0.455336 0.031165 0.034989 0.019659 0.001665 0.450734 0.006452 1.688118
0.458121 0.030964 0.034447 0.019371 0.001640 0.448978 0.006480 1.691139
0.460969 0.030766 0.033896 0.019050 0.001632 0.447191 0.006496 1.694093
0.463679 0.030495 0.033448 0.018777 0.001607 0.445473 0.006521 1.697114
0.466527 0.030227 0.032964 0.018503 0.001584 0.443649 0.006546 1.700098
0.469283 0.030105 0.032445 0.018180 0.001565 0.441858 0.006564 1.702968
0.472081 0.029826 0.032043 0.017936 0.001551 0.439980 0.006582 1.705969
0.474814 0.029585 0.031651 0.017744 0.001537 0.438063 0.006607 1.708923
0.477673 0.029371 0.031265 0.017546 0.001509 0.436010 0.006625 1.711803
0.480361 0.029275 0.030915 0.017393 0.001495 0.433920 0.006641 1.714679
0.483090 0.029126 0.030508 0.017169 0.001472 0.431974 0.006660 1.717534
0.485820 0.028967 0.030132 0.016919 0.001473 0.430009 0.006681 1.720354
0.488472 0.028790 0.029840 0.016770 0.001450 0.427980 0.006699 1.723171
0.491099 0.028658 0.029488 0.016639 0.001423 0.425967 0.006726 1.725975
0.493703 0.028565 0.029190 0.016467 0.001409 0.423920 0.006745 1.728804
0.496352 0.028432 0.028957 0.016303 0.001398 0.421799 0.006759 1.731642
0.498795 0.028412 0.028748 0.016141 0.001371 0.419755 0.006779 1.734460
0.501359 0.028349 0.028469 0.015995 0.001355 0.417675 0.006797 1.737216
0.503823 0.028281 0.028139 0.015829 0.001338 0.415775 0.006815 1.739984
0.506301 0.028231 0.027897 0.015663 0.001317 0.413758 0.006833 1.742748
0.508682 0.028175 0.027711 0.015523 0.001310 0.411753 0.006847 1.745519
0.510993 0.028270 0.027523 0.015362 0.001294 0.409695 0.006863 1.748238
0.513433 0.028192 0.027373 0.015252 0.001288 0.407586 0.006876 1.751013
0.515730 0.028323 0.027095 0.015102 0.001270 0.405592 0.006889 1.753670
0.518019 0.028330 0.026940 0.015050 0.001247 0.403509 0.006904 1.756439
0.520334 0.028309 0.026777 0.015042 0.001225 0.401396 0.006917 1.759212
0.522608 0.028349 0.026666 0.014895 0.001211 0.399334 0.006937 1.761945
0.524874 0.028363 0.026527 0.014848 0.001196 0.397238 0.006954 1.764688
0.527034 0.028374 0.026392 0.014828 0.001173 0.395230 0.006970 1.767488
0.529217 0.028414 0.026285 0.014735 0.001153 0.393210 0.006986 1.770239
0.531259 0.028557 0.026187 0.014627 0.001137 0.391226 0.007008 1.772990
0.533166 0.028672 0.026076 0.014597 0.001120 0.389348 0.007023 1.775758
0.535082 0.028705 0.025989 0.014552 0.001104 0.387531 0.007038 1.778571
0.536931 0.028727 0.025986 0.014541 0.001090 0.385673 0.007054 1.781433
0.538873 0.028810 0.025956 0.014477 0.001080 0.383739 0.007064 1.784241
0.540710 0.028876 0.025996 0.014428 0.001075 0.381839 0.007078 1.787084
0.542552 0.028947 0.025978 0.014394 0.001065 0.379973 0.007091 1.789914
0.544420 0.029043 0.025969 0.014366 0.001064 0.378036 0.007101 1.792720
0.546211 0.029099 0.025931 0.014407 0.001052 0.376186 0.007114 1.795582
0.547920 0.029191 0.025984 0.014437 0.001048 0.374300 0.007121 1.798507
0.549629 0.029375 0.025954 0.014430 0.001036 0.372444 0.007133 1.801320
0.551247 0.029455 0.025987 0.014481 0.001026 0.370660 0.007145 1.804271
0.552891 0.029571 0.025978 0.014464 0.001021 0.368922 0.007155 1.807174
0.554474 0.029701 0.026051 0.014427 0.001015 0.367166 0.007166 1.810057
0.555943 0.029928 0.026030 0.014426 0.001011 0.365481 0.007181 1.812900
0.557361 0.030026 0.026110 0.014473 0.000994 0.363843 0.007193 1.815870
0.558797 0.030164 0.026165 0.014498 0.000989 0.362181 0.007204 1.818828
0.560092 0.030401 0.026207 0.014478 0.000994 0.360617 0.007211 1.821746
0.561454 0.030475 0.026304 0.014565 0.000989 0.358991 0.007222 1.824791
0.562834 0.030548 0.026454 0.014577 0.000994 0.357363 0.007231 1.827838
0.564173 0.030669 0.026513 0.014633 0.000983 0.355785 0.007244 1.830904
0.565382 0.030856 0.026540 0.014676 0.000981 0.354313 0.007252 1.833895
0.566658 0.030979 0.026645 0.014692 0.000976 0.352784 0.007265 1.836940
0.567838 0.031157 0.026708 0.014735 0.000970 0.351317 0.007275 1.839940
0.568949 0.031340 0.026730 0.014807 0.000964 0.349923 0.007286 1.842990
0.569914 0.031602 0.026735 0.014814 0.000966 0.348669 0.007301 1.846034
0.570981 0.031711 0.026895 0.014867 0.000964 0.347270 0.007313 1.849209
0.572130 0.031818 0.026964 0.014895 0.000962 0.345908 0.007323 1.852327
0.573129 0.032093 0.026958 0.014929 0.000962 0.344594 0.007333 1.855408
0.574125 0.032239 0.027031 0.014968 0.000952 0.343341 0.007344 1.858508
0.575152 0.032365 0.027195 0.015041 0.000949 0.341944 0.007354 1.861660
0.576083 0.032523 0.027325 0.015094 0.000948 0.340662 0.007367 1.864858
0.576993 0.032651 0.027481 0.015172 0.000943 0.339379 0.007381 1.868116
0.577779 0.032768 0.027644 0.015212 0.000940 0.338268 0.007389 1.871359
0.578625 0.032962 0.027728 0.015215 0.000936 0.337134 0.007401 1.874533
0.579339 0.033196 0.027846 0.015301 0.000924 0.335982 0.007413 1.877819
0.580083 0.033396 0.028027 0.015355 0.000919 0.334799 0.007422 1.881099
0.580713 0.033660 0.028130 0.015471 0.000913 0.333681 0.007433 1.884342
0.581483 0.033815 0.028231 0.015523 0.000917 0.332587 0.007443 1.887664
0.582201 0.033931 0.028390 0.015599 0.000923 0.331506 0.007452 1.891014
0.582809 0.034069 0.028565 0.015654 0.000924 0.330520 0.007460 1.894362
0.583365 0.034311 0.028641 0.015749 0.000932 0.329534 0.007467 1.897642
0.583920 0.034498 0.028765 0.015866 0.000930 0.328543 0.007478 1.901005
0.584596 0.034679 0.028854 0.015919 0.000927 0.327532 0.007494 1.904373
0.585057 0.034909 0.028909 0.016010 0.000929 0.326684 0.007502 1.907748
0.585509 0.035090 0.029024 0.016084 0.000932 0.325849 0.007512 1.911203
0.585925 0.035224 0.029180 0.016152 0.000923 0.325074 0.007523 1.914669
0.586302 0.035376 0.029363 0.016210 0.000913 0.324303 0.007533 1.918141
0.586615 0.035597 0.029457 0.016217 0.000907 0.323660 0.007546 1.921584
0.586961 0.035714 0.029648 0.016317 0.000906 0.322896 0.007560 1.925163
0.587319 0.035910 0.029787 0.016424 0.000905 0.322088 0.007567 1.928680
0.587614 0.036239 0.029895 0.016491 0.000914 0.321273 0.007576 1.932144
0.587892 0.036370 0.029976 0.016610 0.000901 0.320663 0.007588 1.935705
0.588133 0.036584 0.030168 0.016667 0.000897 0.319952 0.007598 1.939257
0.588490 0.036662 0.030329 0.016836 0.000890 0.319178 0.007613 1.942866
0.588747 0.036805 0.030438 0.016932 0.000896 0.318556 0.007626 1.946466
0.588855 0.037034 0.030548 0.017033 0.000906 0.317994 0.007632 1.950081
0.589058 0.037149 0.030752 0.017129 0.000907 0.317360 0.007645 1.953750
0.589208 0.037254 0.030931 0.017233 0.000921 0.316801 0.007653 1.957458
0.589312 0.037395 0.031077 0.017307 0.000913 0.316329 0.007668 1.961116
0.589427 0.037607 0.031197 0.017424 0.000910 0.315756 0.007680 1.964733
0.589446 0.037774 0.031366 0.017478 0.000917 0.315327 0.007692 1.968447
0.589523 0.037912 0.031464 0.017498 0.000918 0.314981 0.007705 1.972154
0.589640 0.038107 0.031556 0.017591 0.000912 0.314478 0.007717 1.975791
0.589679 0.038246 0.031773 0.017691 0.000921 0.313966 0.007726 1.979553
0.589802 0.038338 0.031974 0.017739 0.000928 0.313485 0.007735 1.983315
0.589917 0.038501 0.032060 0.017769 0.000928 0.313078 0.007747 1.987039
0.589844 0.038660 0.032239 0.017851 0.000927 0.312715 0.007764 1.990874
0.589790 0.038753 0.032401 0.017936 0.000929 0.312419 0.007774 1.994701
0.589798 0.038823 0.032611 0.017945 0.000924 0.312108 0.007791 1.998518
0.589892 0.038823 0.032789 0.018017 0.000925 0.311753 0.007802 2.002377
0.589921 0.038862 0.032866 0.018037 0.000929 0.311569 0.007816 2.006170
0.589924 0.038950 0.032961 0.018088 0.000924 0.311321 0.007834 2.009935
0.589909 0.038978 0.033119 0.018171 0.000921 0.311059 0.007844 2.013809
0.589857 0.039080 0.033224 0.018237 0.000920 0.310825 0.007856 2.017616
0.589920 0.039066 0.033345 0.018303 0.000922 0.310575 0.007869 2.021471
0.589840 0.039088 0.033439 0.018413 0.000924 0.310417 0.007881 2.025318
0.589807 0.039134 0.033522 0.018452 0.000927 0.310265 0.007894 2.029115
0.589720 0.039366 0.033583 0.018508 0.000932 0.309986 0.007905 2.032891
0.589652 0.039361 0.033567 0.018570 0.000928 0.310006 0.007916 2.036740
0.589618 0.039317 0.033719 0.018669 0.000927 0.309824 0.007926 2.040700
0.589587 0.039379 0.033912 0.018638 0.000944 0.309607 0.007933 2.044546
0.589595 0.039377 0.033973 0.018650 0.000944 0.309515 0.007946 2.048392
0.589669 0.039395 0.034031 0.018593 0.000950 0.309408 0.007954 2.052206
0.589624 0.039450 0.034107 0.018633 0.000951 0.309270 0.007966 2.056070
0.589536 0.039525 0.034177 0.018658 0.000947 0.309176 0.007981 2.059877
0.589403 0.039695 0.034235 0.018669 0.000948 0.309062 0.007989 2.063716
0.589330 0.039717 0.034290 0.018712 0.000952 0.308997 0.008002 2.067585
0.589261 0.039756 0.034304 0.018773 0.000962 0.308934 0.008009 2.071447
0.589210 0.039775 0.034352 0.018839 0.000975 0.308834 0.008017 2.075375
0.589133 0.039827 0.034357 0.018912 0.000984 0.308759 0.008028 2.079236
0.588993 0.039931 0.034370 0.018883 0.000984 0.308796 0.008043 2.083101
0.588966 0.039936 0.034520 0.018856 0.000992 0.308677 0.008054 2.086997
0.588865 0.039964 0.034582 0.018947 0.001000 0.308579 0.008063 2.090949
0.588778 0.039944 0.034648 0.018951 0.001001 0.308602 0.008076 2.094850
0.588704 0.039963 0.034673 0.018958 0.001006 0.308607 0.008089 2.098747
0.588628 0.039950 0.034748 0.019006 0.001008 0.308560 0.008103 2.102662
0.588600 0.039998 0.034716 0.019002 0.001015 0.308558 0.008111 2.106489
0.588597 0.039924 0.034742 0.019047 0.001022 0.308547 0.008122 2.110431
0.588543 0.039880 0.034781 0.019082 0.001020 0.308559 0.008135 2.114354
0.588409 0.039914 0.034812 0.019071 0.001019 0.308631 0.008145 2.118238
0.588403 0.039869 0.034845 0.019128 0.001016 0.308585 0.008154 2.122142
0.588383 0.039824 0.034916 0.019207 0.001022 0.308482 0.008165 2.126088
0.588502 0.039748 0.034964 0.019167 0.001023 0.308415 0.008182 2.129979
0.588491 0.039642 0.034963 0.019213 0.001043 0.308460 0.008189 2.133890
0.588561 0.039599 0.034913 0.019227 0.001045 0.308454 0.008202 2.137756
0.588700 0.039503 0.034867 0.019234 0.001044 0.308434 0.008219 2.141563
0.588727 0.039469 0.034887 0.019247 0.001051 0.308389 0.008230 2.145443
0.588724 0.039499 0.034850 0.019201 0.001052 0.308428 0.008246 2.149272
0.588750 0.039473 0.034849 0.019142 0.001050 0.308480 0.008256 2.153110
0.588821 0.039417 0.034821 0.019193 0.001062 0.308421 0.008267 2.156952
0.588838 0.039369 0.034844 0.019206 0.001064 0.308403 0.008278 2.160830
0.588976 0.039253 0.034868 0.019191 0.001073 0.308346 0.008293 2.164660
0.589013 0.039130 0.034881 0.019199 0.001065 0.308403 0.008308 2.168562
0.589064 0.039094 0.034782 0.019226 0.001056 0.308456 0.008322 2.172344
0.589161 0.039015 0.034713 0.019221 0.001054 0.308501 0.008335 2.176162
0.589218 0.038968 0.034691 0.019239 0.001042 0.308492 0.008351 2.179931
0.589242 0.038922 0.034734 0.019244 0.001044 0.308459 0.008356 2.183749
0.589364 0.038910 0.034678 0.019207 0.001050 0.308423 0.008369 2.187526
0.589373 0.038933 0.034695 0.019189 0.001058 0.308376 0.008377 2.191307
0.589358 0.039021 0.034632 0.019159 0.001059 0.308383 0.008389 2.195086
0.589408 0.038991 0.034606 0.019134 0.001070 0.308393 0.008399 2.198901
0.589394 0.038971 0.034592 0.019066 0.001072 0.308495 0.008411 2.202700
0.589508 0.038905 0.034578 0.019071 0.001060 0.308450 0.008429 2.206493
0.589564 0.038753 0.034591 0.019085 0.001064 0.308500 0.008444 2.210389
0.589710 0.038617 0.034650 0.019100 0.001069 0.308398 0.008456 2.214238
0.589852 0.038543 0.034623 0.019038 0.001065 0.308404 0.008477 2.218019
0.590037 0.038510 0.034575 0.019029 0.001065 0.308296 0.008489 2.221763
0.590234 0.038372 0.034514 0.019057 0.001080 0.308244 0.008500 2.225607
0.590425 0.038334 0.034501 0.018982 0.001084 0.308165 0.008509 2.229306
0.590513 0.038285 0.034494 0.018961 0.001093 0.308132 0.008521 2.233036
0.590660 0.038319 0.034423 0.018943 0.001081 0.308044 0.008531 2.236740
0.590705 0.038296 0.034499 0.018906 0.001092 0.307960 0.008543 2.240543
0.590967 0.038163 0.034453 0.018871 0.001085 0.307900 0.008560 2.244308
0.591216 0.038013 0.034413 0.018884 0.001087 0.307811 0.008576 2.248097
0.591483 0.037974 0.034331 0.018850 0.001086 0.307681 0.008595 2.251779
0.591616 0.037954 0.034293 0.018819 0.001083 0.307621 0.008613 2.255468
0.591814 0.037918 0.034287 0.018765 0.001084 0.307509 0.008621 2.259206
0.591932 0.037947 0.034209 0.018763 0.001091 0.307426 0.008632 2.262922
0.592164 0.037939 0.034086 0.018772 0.001097 0.307297 0.008644 2.266571
0.592384 0.037851 0.034034 0.018788 0.001096 0.307190 0.008658 2.270292
0.592628 0.037880 0.033910 0.018776 0.001088 0.307048 0.008672 2.273921
0.592678 0.037859 0.033889 0.018755 0.001079 0.307054 0.008686 2.277651
0.592838 0.037812 0.033850 0.018702 0.001091 0.307011 0.008697 2.281332
0.593039 0.037713 0.033793 0.018674 0.001098 0.306975 0.008710 2.285074
0.593321 0.037625 0.033804 0.018646 0.001100 0.306784 0.008721 2.288773
0.593543 0.037603 0.033743 0.018574 0.001100 0.306704 0.008732 2.292432
0.593641 0.037642 0.033738 0.018536 0.001094 0.306602 0.008748 2.296122
0.593849 0.037573 0.033793 0.018534 0.001095 0.306399 0.008759 2.299814
0.594008 0.037536 0.033771 0.018481 0.001084 0.306348 0.008772 2.303452
0.594091 0.037633 0.033675 0.018413 0.001086 0.306321 0.008782 2.307042
0.594213 0.037612 0.033704 0.018381 0.001093 0.306204 0.008794 2.310722
0.594397 0.037624 0.033664 0.018351 0.001091 0.306066 0.008807 2.314387
0.594506 0.037677 0.033593 0.018364 0.001078 0.305958 0.008824 2.318054
0.594721 0.037642 0.033562 0.018368 0.001077 0.305794 0.008836 2.321738
0.594874 0.037658 0.033534 0.018278 0.001077 0.305733 0.008845 2.325360
0.595127 0.037646 0.033523 0.018325 0.001070 0.305451 0.008859 2.329003
0.595325 0.037588 0.033495 0.018327 0.001067 0.305329 0.008869 2.332693
0.595426 0.037657 0.033469 0.018269 0.001063 0.305231 0.008884 2.336372
0.595558 0.037581 0.033537 0.018293 0.001058 0.305076 0.008896 2.340123
0.595727 0.037604 0.033478 0.018315 0.001064 0.304907 0.008905 2.343771
0.595780 0.037638 0.033457 0.018303 0.001065 0.304842 0.008915 2.347454
0.595963 0.037586 0.033401 0.018356 0.001057 0.304707 0.008930 2.351150
0.596028 0.037528 0.033422 0.018374 0.001060 0.304645 0.008944 2.354886
0.596133 0.037526 0.033391 0.018375 0.001055 0.304566 0.008956 2.358582
0.596349 0.037469 0.033374 0.018389 0.001062 0.304388 0.008970 2.362278
0.596500 0.037501 0.033335 0.018320 0.001058 0.304304 0.008981 2.365902
0.596752 0.037436 0.033333 0.018285 0.001054 0.304146 0.008994 2.369523
0.596921 0.037409 0.033327 0.018207 0.001060 0.304073 0.009003 2.373177
0.597109 0.037377 0.033271 0.018227 0.001055 0.303944 0.009017 2.376808
0.597235 0.037313 0.033256 0.018261 0.001058 0.303846 0.009030 2.380501
0.597361 0.037297 0.033298 0.018226 0.001054 0.303718 0.009046 2.384206
0.597508 0.037329 0.033212 0.018166 0.001049 0.303677 0.009059 2.387802
0.597613 0.037339 0.033215 0.018165 0.001052 0.303545 0.009072 2.391455
0.597761 0.037303 0.033177 0.018089 0.001046 0.303540 0.009086 2.395097
0.597929 0.037251 0.033121 0.018090 0.001055 0.303457 0.009098 2.398795
0.598091 0.037190 0.033046 0.018143 0.001058 0.303362 0.009111 2.402444
0.598135 0.037169 0.033067 0.018210 0.001051 0.303240 0.009128 2.406163
0.598340 0.037248 0.032990 0.018132 0.001055 0.303094 0.009141 2.409739
0.598496 0.037274 0.033032 0.018135 0.001057 0.302852 0.009155 2.413354
0.598639 0.037175 0.033062 0.018102 0.001061 0.302794 0.009167 2.417055
0.598746 0.037274 0.033019 0.018041 0.001057 0.302685 0.009179 2.420626
0.598962 0.037280 0.032999 0.018040 0.001054 0.302472 0.009193 2.424252
0.598971 0.037317 0.033145 0.018001 0.001051 0.302310 0.009204 2.427964
0.599141 0.037312 0.033121 0.018012 0.001058 0.302139 0.009218 2.431608
0.599382 0.037205 0.033100 0.018010 0.001065 0.302011 0.009229 2.435310
0.599447 0.037294 0.033110 0.017971 0.001054 0.301881 0.009244 2.438895
0.599555 0.037365 0.033113 0.017959 0.001048 0.301704 0.009255 2.442547
0.599624 0.037395 0.033087 0.017977 0.001040 0.301605 0.009273 2.446200
0.599594 0.037446 0.033051 0.018034 0.001042 0.301553 0.009282 2.449885
0.599748 0.037448 0.033031 0.018081 0.001029 0.301364 0.009300 2.453535
0.599843 0.037376 0.033063 0.018132 0.001023 0.301251 0.009312 2.457305
0.599997 0.037381 0.033026 0.018159 0.001015 0.301096 0.009325 2.460946
0.599988 0.037397 0.033062 0.018158 0.001012 0.301044 0.009339 2.464606
0.600033 0.037436 0.033055 0.018119 0.001013 0.300994 0.009352 2.468225
0.600063 0.037449 0.033024 0.018133 0.001010 0.300957 0.009364 2.471876
0.600160 0.037479 0.032961 0.018177 0.001009 0.300838 0.009375 2.475556
0.600330 0.037423 0.032975 0.018233 0.001006 0.300647 0.009386 2.479257
0.600414 0.037379 0.033016 0.018258 0.001006 0.300528 0.009399 2.482968
0.600513 0.037372 0.033024 0.018249 0.001011 0.300416 0.009415 2.486674
0.600532 0.037391 0.033046 0.018329 0.001010 0.300264 0.009428 2.490353
0.600636 0.037340 0.033121 0.018351 0.001017 0.300098 0.009436 2.494070
0.600762 0.037289 0.033214 0.018348 0.001015 0.299926 0.009447 2.497789
0.600905 0.037292 0.033180 0.018397 0.001012 0.299752 0.009463 2.501464
0.601117 0.037328 0.033202 0.018263 0.001017 0.299599 0.009474 2.505049
0.601157 0.037386 0.033302 0.018241 0.001015 0.299411 0.009488 2.508738
0.601266 0.037376 0.033358 0.018215 0.001009 0.299271 0.009504 2.512457
0.601364 0.037417 0.033385 0.018220 0.001007 0.299089 0.009518 2.516119
0.601358 0.037582 0.033290 0.018136 0.001009 0.299093 0.009532 2.519686
0.601434 0.037581 0.033351 0.018161 0.001011 0.298917 0.009545 2.523411
0.601518 0.037599 0.033332 0.018192 0.001008 0.298793 0.009558 2.527101
0.601437 0.037634 0.033215 0.018232 0.001012 0.298900 0.009569 2.530786
0.601448 0.037637 0.033264 0.018184 0.001010 0.298881 0.009577 2.534476
0.601483 0.037550 0.033270 0.018203 0.001018 0.298884 0.009592 2.538193
0.601584 0.037536 0.033260 0.018230 0.001021 0.298765 0.009605 2.541907
0.601581 0.037569 0.033327 0.018242 0.001029 0.298636 0.009616 2.545611
0.601622 0.037556 0.033415 0.018206 0.001025 0.298546 0.009629 2.549315
0.601733 0.037494 0.033387 0.018234 0.001026 0.298488 0.009639 2.553021
0.601876 0.037384 0.033377 0.018233 0.001013 0.298459 0.009658 2.556732
0.601926 0.037384 0.033387 0.018175 0.001007 0.298449 0.009672 2.560412
0.602056 0.037364 0.033384 0.018191 0.001010 0.298314 0.009681 2.564106
0.602118 0.037243 0.033471 0.018156 0.001020 0.298299 0.009692 2.567861
0.602137 0.037243 0.033452 0.018186 0.001017 0.298262 0.009704 2.571531
0.602127 0.037290 0.033506 0.018167 0.001021 0.298173 0.009716 2.575205
0.602094 0.037369 0.033489 0.018145 0.001037 0.298137 0.009729 2.578835
0.602162 0.037419 0.033541 0.018146 0.001038 0.297951 0.009743 2.582512
0.602194 0.037417 0.033534 0.018152 0.001032 0.297915 0.009754 2.586233
0.602327 0.037381 0.033509 0.018160 0.001042 0.297816 0.009765 2.589899
0.602376 0.037487 0.033436 0.018151 0.001049 0.297727 0.009774 2.593492
0.602480 0.037372 0.033443 0.018163 0.001048 0.297711 0.009783 2.597225
0.602414 0.037410 0.033447 0.018212 0.001054 0.297667 0.009796 2.600925
0.602596 0.037381 0.033481 0.018154 0.001062 0.297521 0.009805 2.604554
0.602702 0.037398 0.033379 0.018136 0.001066 0.297501 0.009817 2.608167
0.602702 0.037421 0.033342 0.018132 0.001055 0.297515 0.009834 2.611818
0.602785 0.037406 0.033301 0.018141 0.001050 0.297468 0.009849 2.615461
0.602758 0.037384 0.033287 0.018146 0.001057 0.297508 0.009861 2.619157
0.602811 0.037458 0.033282 0.018159 0.001057 0.297359 0.009874 2.622807
0.602853 0.037412 0.033381 0.018177 0.001055 0.297233 0.009889 2.626552
0.603066 0.037348 0.033341 0.018186 0.001057 0.297101 0.009902 2.630199
0.603005 0.037296 0.033351 0.018206 0.001042 0.297186 0.009915 2.633918
0.602974 0.037344 0.033294 0.018224 0.001051 0.297186 0.009927 2.637554
0.602922 0.037210 0.033336 0.018207 0.001048 0.297340 0.009938 2.641341
0.603014 0.037241 0.033356 0.018122 0.001047 0.297271 0.009950 2.644971
0.603120 0.037223 0.033362 0.018087 0.001051 0.297196 0.009961 2.648620
0.603015 0.037288 0.033354 0.018098 0.001066 0.297207 0.009973 2.652291
0.602991 0.037334 0.033333 0.018127 0.001070 0.297158 0.009988 2.655976
0.603028 0.037445 0.033326 0.018124 0.001076 0.297003 0.009999 2.659609
0.603133 0.037379 0.033315 0.018187 0.001074 0.296903 0.010010 2.663325
0.603060 0.037388 0.033359 0.018176 0.001065 0.296925 0.010028 2.667053
0.603146 0.037299 0.033384 0.018176 0.001063 0.296890 0.010043 2.670790
0.603245 0.037268 0.033333 0.018174 0.001070 0.296856 0.010054 2.674441
0.603284 0.037203 0.033445 0.018197 0.001072 0.296733 0.010068 2.678156
0.603259 0.037331 0.033322 0.018170 0.001072 0.296760 0.010087 2.681747
0.603349 0.037430 0.033285 0.018145 0.001067 0.296622 0.010103 2.685337
0.603396 0.037449 0.033236 0.018123 0.001060 0.296618 0.010120 2.688967
0.603472 0.037517 0.033212 0.018111 0.001062 0.296495 0.010132 2.692593
0.603411 0.037564 0.033229 0.018055 0.001046 0.296549 0.010146 2.696257
0.603431 0.037614 0.033164 0.018046 0.001055 0.296533 0.010157 2.699885
0.603379 0.037632 0.033193 0.018090 0.001053 0.296483 0.010169 2.703586
0.603458 0.037610 0.033208 0.018062 0.001050 0.296431 0.010182 2.707244
0.603519 0.037476 0.033200 0.018077 0.001044 0.296489 0.010195 2.710974
0.603590 0.037465 0.033228 0.018055 0.001053 0.296407 0.010203 2.714626
0.603695 0.037476 0.033194 0.018104 0.001048 0.296273 0.010212 2.718259
0.603803 0.037437 0.033164 0.018088 0.001046 0.296235 0.010228 2.721867
0.603824 0.037450 0.033169 0.018040 0.001035 0.296242 0.010239 2.725498
0.603885 0.037412 0.033190 0.018022 0.001046 0.296193 0.010252 2.729158
0.603821 0.037500 0.033069 0.018043 0.001040 0.296259 0.010267 2.732813
0.603730 0.037554 0.033122 0.018056 0.001036 0.296224 0.010279 2.736479
0.603768 0.037513 0.033140 0.018064 0.001034 0.296189 0.010292 2.740133
0.603697 0.037583 0.033128 0.018080 0.001039 0.296165 0.010307 2.743786
0.603793 0.037489 0.033139 0.018123 0.001045 0.296093 0.010318 2.747529
0.603854 0.037563 0.033119 0.018150 0.001046 0.295931 0.010337 2.751139
0.603801 0.037584 0.033098 0.018180 0.001050 0.295940 0.010347 2.754811
0.603799 0.037534 0.033224 0.018186 0.001060 0.295844 0.010355 2.758585
0.603823 0.037542 0.033193 0.018212 0.001050 0.295812 0.010368 2.762233
0.603787 0.037537 0.033253 0.018226 0.001046 0.295775 0.010376 2.765926
0.603811 0.037571 0.033259 0.018240 0.001046 0.295682 0.010392 2.769570
0.603752 0.037667 0.033255 0.018208 0.001045 0.295669 0.010403 2.773252
0.603805 0.037616 0.033273 0.018194 0.001062 0.295635 0.010416 2.776947
0.603870 0.037633 0.033270 0.018233 0.001061 0.295503 0.010430 2.780626
0.603968 0.037533 0.033302 0.018208 0.001059 0.295485 0.010445 2.784304
0.603993 0.037624 0.033225 0.018204 0.001070 0.295430 0.010455 2.787912
0.604059 0.037569 0.033220 0.018205 0.001067 0.295415 0.010466 2.791573
0.604025 0.037645 0.033184 0.018159 0.001063 0.295446 0.010478 2.795215
0.604015 0.037599 0.033106 0.018170 0.001065 0.295557 0.010489 2.798885
0.603968 0.037686 0.033091 0.018174 0.001063 0.295518 0.010501 2.802541
0.604044 0.037681 0.033081 0.018234 0.001059 0.295387 0.010515 2.806214
0.603981 0.037672 0.033079 0.018289 0.001070 0.295383 0.010526 2.809892
0.603912 0.037736 0.033068 0.018306 0.001070 0.295369 0.010540 2.813573
0.603989 0.037676 0.033108 0.018328 0.001078 0.295272 0.010549 2.817274
0.603998 0.037732 0.033102 0.018360 0.001084 0.295164 0.010560 2.820943
0.603927 0.037729 0.033142 0.018340 0.001090 0.295199 0.010573 2.824675
0.603909 0.037762 0.033141 0.018333 0.001091 0.295176 0.010588 2.828315
0.604062 0.037696 0.033218 0.018262 0.001084 0.295076 0.010603 2.831995
0.604013 0.037686 0.033266 0.018218 0.001079 0.295124 0.010615 2.835694
0.603911 0.037746 0.033202 0.018252 0.001080 0.295181 0.010628 2.839344
0.603969 0.037679 0.033199 0.018242 0.001075 0.295197 0.010640 2.843029
0.603935 0.037693 0.033235 0.018274 0.001067 0.295141 0.010656 2.846712
0.603931 0.037674 0.033260 0.018309 0.001061 0.295094 0.010670 2.850436
0.604001 0.037663 0.033270 0.018298 0.001056 0.295030 0.010683 2.854130
0.603997 0.037709 0.033299 0.018301 0.001054 0.294947 0.010696 2.857835
0.604043 0.037742 0.033262 0.018281 0.001043 0.294917 0.010712 2.861423
0.604195 0.037664 0.033327 0.018283 0.001044 0.294760 0.010727 2.865137
0.604215 0.037603 0.033352 0.018281 0.001041 0.294769 0.010739 2.868821
0.604162 0.037531 0.033338 0.018321 0.001040 0.294860 0.010748 2.872535
0.604145 0.037598 0.033358 0.018275 0.001043 0.294820 0.010762 2.876188
0.604159 0.037506 0.033332 0.018334 0.001037 0.294860 0.010774 2.879915
0.604181 0.037507 0.033335 0.018370 0.001034 0.294789 0.010783 2.883583
0.604224 0.037491 0.033334 0.018321 0.001030 0.294809 0.010792 2.887282
0.604244 0.037477 0.033401 0.018290 0.001033 0.294756 0.010800 2.890971
0.604232 0.037492 0.033372 0.018278 0.001030 0.294783 0.010813 2.894632
0.604247 0.037433 0.033384 0.018235 0.001040 0.294840 0.010822 2.898325
0.604225 0.037492 0.033291 0.018234 0.001043 0.294882 0.010832 2.901973
0.604209 0.037513 0.033216 0.018261 0.001050 0.294909 0.010842 2.905653
0.604219 0.037464 0.033249 0.018253 0.001054 0.294911 0.010850 2.909315
0.604189 0.037494 0.033230 0.018218 0.001065 0.294942 0.010862 2.912947
0.604251 0.037466 0.033183 0.018131 0.001062 0.295028 0.010878 2.916582
0.604253 0.037361 0.033237 0.018208 0.001058 0.294992 0.010890 2.920320
0.604273 0.037364 0.033237 0.018221 0.001059 0.294940 0.010905 2.923947
0.604206 0.037353 0.033226 0.018228 0.001059 0.295010 0.010918 2.927611
0.604160 0.037387 0.033212 0.018213 0.001067 0.295034 0.010927 2.931272
0.604138 0.037459 0.033242 0.018193 0.001061 0.294968 0.010939 2.934929
0.604170 0.037530 0.033219 0.018223 0.001055 0.294852 0.010951 2.938555
0.604077 0.037678 0.033171 0.018210 0.001058 0.294841 0.010964 2.942175
0.604072 0.037669 0.033138 0.018219 0.001053 0.294872 0.010977 2.945825
0.604110 0.037672 0.033165 0.018178 0.001054 0.294827 0.010993 2.949476
0.604063 0.037750 0.033133 0.018192 0.001052 0.294805 0.011005 2.953137
0.604148 0.037624 0.033149 0.018230 0.001049 0.294783 0.011016 2.956908
0.604188 0.037619 0.033214 0.018204 0.001048 0.294695 0.011032 2.960600
0.604132 0.037669 0.033208 0.018216 0.001054 0.294681 0.011040 2.964266
0.604117 0.037635 0.033258 0.018212 0.001048 0.294672 0.011058 2.968004
0.604184 0.037609 0.033236 0.018168 0.001054 0.294680 0.011068 2.971644
0.604297 0.037535 0.033218 0.018153 0.001054 0.294663 0.011081 2.975356
0.604350 0.037497 0.033253 0.018140 0.001042 0.294624 0.011095 2.979029
0.604416 0.037400 0.033245 0.018137 0.001038 0.294653 0.011112 2.982714
0.604348 0.037442 0.033286 0.018137 0.001032 0.294629 0.011126 2.986378
0.604292 0.037415 0.033322 0.018205 0.001034 0.294593 0.011139 2.990118
0.604227 0.037403 0.033356 0.018177 0.001046 0.294647 0.011144 2.993814
0.604263 0.037540 0.033319 0.018196 0.001056 0.294470 0.011156 2.997393
0.604298 0.037578 0.033259 0.018196 0.001065 0.294434 0.011170 3.001025
0.604409 0.037458 0.033321 0.018161 0.001055 0.294416 0.011180 3.004748
0.604464 0.037412 0.033308 0.018195 0.001051 0.294376 0.011193 3.008403
0.604492 0.037464 0.033321 0.018158 0.001046 0.294307 0.011212 3.012031
0.604578 0.037390 0.033296 0.018199 0.001046 0.294269 0.011222 3.015739
0.604530 0.037511 0.033290 0.018189 0.001052 0.294194 0.011233 3.019366
0.604557 0.037471 0.033294 0.018163 0.001060 0.294213 0.011242 3.023038
0.604494 0.037502 0.033362 0.018089 0.001059 0.294243 0.011252 3.026723
0.604632 0.037483 0.033337 0.018074 0.001065 0.294146 0.011263 3.030366
0.604690 0.037434 0.033316 0.018052 0.001071 0.294162 0.011275 3.034038
0.604644 0.037372 0.033392 0.018107 0.001069 0.294126 0.011288 3.037767
0.604558 0.037440 0.033378 0.018108 0.001072 0.294146 0.011299 3.041421
0.604596 0.037406 0.033404 0.018115 0.001073 0.294095 0.011311 3.045086
0.604657 0.037380 0.033408 0.018115 0.001069 0.294044 0.011326 3.048773
0.604673 0.037368 0.033355 0.018120 0.001073 0.294074 0.011337 3.052450
0.604679 0.037262 0.033349 0.018100 0.001064 0.294192 0.011354 3.056155
0.604620 0.037213 0.033326 0.018116 0.001067 0.294290 0.011368 3.059865
0.604576 0.037326 0.033284 0.018074 0.001073 0.294289 0.011378 3.063476
0.604495 0.037337 0.033268 0.018090 0.001071 0.294349 0.011390 3.067112
0.604572 0.037315 0.033263 0.018069 0.001073 0.294308 0.011401 3.070760
0.604592 0.037374 0.033245 0.018032 0.001082 0.294262 0.011413 3.074356
0.604623 0.037257 0.033287 0.018041 0.001085 0.294282 0.011425 3.078082
0.604756 0.037118 0.033280 0.018106 0.001079 0.294220 0.011439 3.081807
0.604838 0.037098 0.033255 0.018120 0.001083 0.294156 0.011450 3.085455
0.604860 0.037152 0.033262 0.018066 0.001078 0.294122 0.011461 3.089089
0.604847 0.037149 0.033234 0.018099 0.001071 0.294122 0.011477 3.092719
0.604892 0.037097 0.033277 0.018108 0.001074 0.294063 0.011489 3.096417
0.604846 0.037253 0.033267 0.018080 0.001070 0.293980 0.011504 3.099988
0.604865 0.037187 0.033309 0.018053 0.001055 0.294013 0.011518 3.103651
0.604885 0.037300 0.033203 0.017997 0.001052 0.294034 0.011529 3.107195
0.604990 0.037310 0.033152 0.017955 0.001051 0.294002 0.011540 3.110807
0.605050 0.037273 0.033146 0.017987 0.001045 0.293950 0.011549 3.114469
0.605118 0.037244 0.033096 0.018005 0.001051 0.293925 0.011563 3.118098
0.605139 0.037135 0.033067 0.018070 0.001058 0.293959 0.011572 3.121818
0.605107 0.037073 0.033115 0.018044 0.001058 0.294019 0.011584 3.125516
0.605101 0.037052 0.033092 0.018038 0.001058 0.294065 0.011593 3.129189
0.605165 0.036974 0.033117 0.018044 0.001062 0.294029 0.011608 3.132911
0.605148 0.037071 0.033106 0.018023 0.001055 0.293979 0.011620 3.136494
0.605250 0.037127 0.033073 0.018028 0.001060 0.293832 0.011629 3.140085
0.605314 0.037172 0.033016 0.018053 0.001047 0.293757 0.011641 3.143653
0.605354 0.037070 0.032990 0.018115 0.001044 0.293771 0.011656 3.147348
0.605457 0.037035 0.032969 0.018101 0.001042 0.293731 0.011666 3.150978
0.605397 0.037078 0.032911 0.018141 0.001024 0.293765 0.011682 3.154637
0.605350 0.037162 0.032812 0.018149 0.001019 0.293811 0.011696 3.158243
0.605343 0.037161 0.032809 0.018093 0.001027 0.293861 0.011706 3.161896
0.605365 0.037156 0.032866 0.018091 0.001025 0.293781 0.011715 3.165586
0.605341 0.037234 0.032863 0.018052 0.001022 0.293759 0.011729 3.169173
0.605308 0.037240 0.032912 0.018042 0.001006 0.293745 0.011746 3.172825
0.605357 0.037272 0.032940 0.018013 0.001005 0.293656 0.011758 3.176429
0.605260 0.037307 0.032945 0.018020 0.001003 0.293695 0.011769 3.180097
0.605357 0.037275 0.032958 0.018040 0.001002 0.293585 0.011784 3.183759
0.605322 0.037324 0.032962 0.018055 0.001004 0.293539 0.011793 3.187433
0.605389 0.037259 0.032980 0.018113 0.000999 0.293454 0.011807 3.191135
0.605353 0.037261 0.033033 0.018050 0.000998 0.293486 0.011818 3.194776
0.605411 0.037121 0.033077 0.018051 0.000993 0.293516 0.011830 3.198520
0.605543 0.037026 0.033111 0.018055 0.000995 0.293429 0.011840 3.202186
0.605617 0.037053 0.033087 0.018082 0.000985 0.293324 0.011851 3.205803
0.605685 0.037147 0.033067 0.018090 0.000979 0.293164 0.011869 3.209380
0.605707 0.037087 0.033090 0.018145 0.000981 0.293112 0.011878 3.213106
0.605747 0.037086 0.033171 0.018026 0.000987 0.293095 0.011887 3.216717
0.605731 0.037113 0.033199 0.018008 0.000979 0.293073 0.011896 3.220382
0.605768 0.037124 0.033248 0.017980 0.000973 0.293004 0.011903 3.224022
0.605719 0.037250 0.033150 0.018023 0.000969 0.292969 0.011919 3.227633
0.605603 0.037275 0.033225 0.018035 0.000960 0.292968 0.011933 3.231299
0.605637 0.037287 0.033221 0.018027 0.000964 0.292916 0.011948 3.234961
0.605602 0.037327 0.033234 0.018125 0.000972 0.292781 0.011960 3.238627
0.605598 0.037358 0.033295 0.018105 0.000977 0.292694 0.011973 3.242306
0.605533 0.037382 0.033321 0.018103 0.000975 0.292699 0.011988 3.245947
0.605606 0.037426 0.033307 0.018168 0.000968 0.292521 0.012005 3.249559
0.605600 0.037399 0.033300 0.018186 0.000962 0.292533 0.012021 3.253241
0.605722 0.037383 0.033277 0.018261 0.000966 0.292356 0.012035 3.256905
0.605695 0.037428 0.033315 0.018240 0.000963 0.292314 0.012044 3.260562
0.605584 0.037514 0.033298 0.018238 0.000964 0.292348 0.012054 3.264201
0.605517 0.037599 0.033265 0.018286 0.000962 0.292307 0.012064 3.267834
0.605457 0.037630 0.033310 0.018284 0.000971 0.292269 0.012078 3.271502
0.605417 0.037579 0.033336 0.018295 0.000977 0.292309 0.012089 3.275232
0.605358 0.037602 0.033394 0.018286 0.000986 0.292275 0.012099 3.278968
0.605376 0.037433 0.033454 0.018304 0.000991 0.292334 0.012108 3.282763
0.605265 0.037480 0.033485 0.018294 0.001000 0.292359 0.012117 3.286468
0.605219 0.037515 0.033449 0.018307 0.000994 0.292384 0.012132 3.290153
0.605066 0.037577 0.033419 0.018327 0.001001 0.292463 0.012146 3.293840
0.605017 0.037494 0.033510 0.018333 0.001001 0.292486 0.012159 3.297581
0.605113 0.037419 0.033543 0.018289 0.001011 0.292457 0.012167 3.301281
0.605105 0.037449 0.033473 0.018307 0.001008 0.292478 0.012179 3.304901
0.605047 0.037544 0.033391 0.018255 0.001019 0.292557 0.012188 3.308518
0.605131 0.037463 0.033353 0.018275 0.001020 0.292558 0.012200 3.312232
0.605014 0.037483 0.033309 0.018254 0.001019 0.292708 0.012213 3.315886
0.604915 0.037587 0.033299 0.018250 0.001014 0.292707 0.012228 3.319559
0.604927 0.037605 0.033317 0.018234 0.001010 0.292665 0.012243 3.323193
0.604890 0.037639 0.033322 0.018208 0.001026 0.292669 0.012247 3.326862
0.604777 0.037640 0.033437 0.018212 0.001029 0.292650 0.012254 3.330601
0.604779 0.037542 0.033475 0.018248 0.001024 0.292664 0.012268 3.334333
0.604651 0.037566 0.033451 0.018273 0.001019 0.292761 0.012280 3.337998
0.604619 0.037669 0.033388 0.018325 0.001015 0.292690 0.012293 3.341618
0.604728 0.037605 0.033348 0.018294 0.001021 0.292699 0.012305 3.345282
0.604699 0.037518 0.033355 0.018354 0.001030 0.292728 0.012317 3.349073
0.604649 0.037478 0.033307 0.018339 0.001034 0.292868 0.012326 3.352784
0.604577 0.037538 0.033312 0.018349 0.001035 0.292852 0.012337 3.356423
0.604697 0.037453 0.033226 0.018353 0.001033 0.292885 0.012352 3.360079
0.604637 0.037454 0.033231 0.018378 0.001031 0.292905 0.012365 3.363770
0.604574 0.037435 0.033229 0.018468 0.001032 0.292878 0.012384 3.367489
0.604561 0.037415 0.033228 0.018389 0.001041 0.292968 0.012399 3.371136
0.604502 0.037383 0.033334 0.018390 0.001037 0.292936 0.012418 3.374859
0.604497 0.037391 0.033284 0.018389 0.001040 0.292968 0.012432 3.378521
0.604477 0.037342 0.033297 0.018391 0.001045 0.293002 0.012447 3.382214
0.604512 0.037312 0.033316 0.018400 0.001053 0.292950 0.012457 3.385864
0.604558 0.037290 0.033348 0.018365 0.001054 0.292917 0.012467 3.389547
0.604537 0.037330 0.033374 0.018310 0.001057 0.292915 0.012478 3.393188
0.604452 0.037420 0.033349 0.018248 0.001048 0.292991 0.012491 3.396803
0.604375 0.037461 0.033375 0.018212 0.001051 0.293023 0.012503 3.400479
0.604306 0.037472 0.033300 0.018270 0.001050 0.293087 0.012515 3.404144
0.604290 0.037400 0.033417 0.018278 0.001044 0.293046 0.012526 3.407878
0.604333 0.037448 0.033414 0.018206 0.001045 0.293015 0.012540 3.411476
0.604371 0.037405 0.033406 0.018260 0.001045 0.292958 0.012554 3.415166
0.604338 0.037486 0.033377 0.018261 0.001045 0.292927 0.012566 3.418795
0.604394 0.037518 0.033285 0.018289 0.001054 0.292881 0.012580 3.422416
0.604453 0.037410 0.033242 0.018282 0.001055 0.292968 0.012590 3.426097
0.604458 0.037554 0.033264 0.018187 0.001056 0.292875 0.012605 3.429671
0.604494 0.037572 0.033211 0.018186 0.001055 0.292867 0.012616 3.433288
0.604383 0.037695 0.033194 0.018158 0.001062 0.292884 0.012625 3.436886
0.604404 0.037632 0.033161 0.018138 0.001066 0.292962 0.012637 3.440562
0.604398 0.037616 0.033180 0.018105 0.001059 0.292992 0.012650 3.444184
0.604424 0.037526 0.033241 0.018142 0.001060 0.292949 0.012660 3.447953
0.604425 0.037473 0.033320 0.018174 0.001063 0.292877 0.012669 3.451675
0.604376 0.037484 0.033335 0.018192 0.001059 0.292873 0.012681 3.455378
0.604422 0.037448 0.033324 0.018161 0.001055 0.292894 0.012696 3.459040
0.604508 0.037434 0.033315 0.018161 0.001061 0.292817 0.012703 3.462712
0.604562 0.037451 0.033286 0.018085 0.001067 0.292837 0.012713 3.466327
0.604512 0.037445 0.033222 0.018137 0.001059 0.292902 0.012724 3.470025
0.604537 0.037377 0.033274 0.018120 0.001050 0.292905 0.012737 3.473717
0.604614 0.037337 0.033266 0.018131 0.001040 0.292860 0.012754 3.477388
0.604606 0.037380 0.033236 0.018139 0.001040 0.292836 0.012762 3.481043
0.604649 0.037302 0.033294 0.018167 0.001044 0.292770 0.012773 3.484783
0.604660 0.037314 0.033284 0.018119 0.001051 0.292787 0.012786 3.488425
0.604691 0.037286 0.033332 0.018142 0.001056 0.292693 0.012799 3.492102
0.604697 0.037279 0.033318 0.018187 0.001051 0.292655 0.012814 3.495805
0.604733 0.037252 0.033261 0.018152 0.001049 0.292724 0.012830 3.499399
0.604795 0.037222 0.033289 0.018138 0.001043 0.292670 0.012841 3.503052
0.604811 0.037157 0.033328 0.018124 0.001042 0.292682 0.012856 3.506752
0.604800 0.037137 0.033322 0.018047 0.001044 0.292785 0.012864 3.510397
0.604779 0.037084 0.033336 0.018067 0.001050 0.292813 0.012872 3.514103
0.604861 0.037075 0.033214 0.018098 0.001058 0.292814 0.012881 3.517684
0.604767 0.037208 0.033141 0.018070 0.001047 0.292878 0.012891 3.521282
0.604809 0.037305 0.033199 0.017962 0.001041 0.292781 0.012902 3.524864
0.604783 0.037342 0.033138 0.017979 0.001044 0.292804 0.012911 3.528436
0.604831 0.037233 0.033248 0.017967 0.001041 0.292756 0.012923 3.532172
0.604882 0.037187 0.033311 0.017931 0.001047 0.292703 0.012938 3.535840
0.604888 0.037179 0.033288 0.017937 0.001050 0.292702 0.012957 3.539496
0.604836 0.037293 0.033284 0.017934 0.001043 0.292637 0.012972 3.543136
0.604833 0.037363 0.033314 0.017934 0.001040 0.292534 0.012982 3.546797
0.604734 0.037384 0.033269 0.017969 0.001038 0.292611 0.012996 3.550527
0.604683 0.037398 0.033315 0.017942 0.001039 0.292614 0.013010 3.554179
0.604729 0.037313 0.033292 0.017940 0.001041 0.292659 0.013026 3.557850
