0.369301 0.061713 0.054323 0.031382 0.001946 0.475650 0.005683 1.550223
0.371247 0.059888 0.054207 0.031208 0.001938 0.475806 0.005705 1.556080
0.373969 0.057454 0.054022 0.030999 0.001947 0.475876 0.005733 1.561797
0.377026 0.054818 0.053784 0.030632 0.001956 0.476031 0.005753 1.567305
0.380461 0.052155 0.053378 0.030286 0.001954 0.475988 0.005778 1.572535
0.383978 0.049475 0.052883 0.029816 0.001966 0.476085 0.005796 1.577523
0.387770 0.046930 0.052267 0.029292 0.001975 0.475946 0.005820 1.582252
0.391645 0.044358 0.051506 0.028777 0.001983 0.475892 0.005840 1.586841
0.395583 0.042053 0.050674 0.028154 0.001972 0.475701 0.005863 1.591065
0.399707 0.039816 0.049773 0.027622 0.001965 0.475229 0.005889 1.595124
0.403938 0.037650 0.048831 0.026937 0.001959 0.474772 0.005912 1.598990
0.408137 0.035696 0.047758 0.026274 0.001945 0.474251 0.005940 1.602622
0.412479 0.033893 0.046671 0.025546 0.001928 0.473515 0.005968 1.606020
0.416814 0.032276 0.045486 0.024808 0.001923 0.472697 0.005996 1.609224
0.421217 0.030741 0.044279 0.024126 0.001916 0.471700 0.006022 1.612267
0.425597 0.029218 0.043108 0.023458 0.001894 0.470675 0.006050 1.615244
0.430075 0.027841 0.041904 0.022729 0.001884 0.469488 0.006078 1.618041
0.434550 0.026626 0.040716 0.022042 0.001867 0.468098 0.006102 1.620653
0.439026 0.025459 0.039541 0.021328 0.001847 0.466669 0.006129 1.623138
0.443533 0.024334 0.038393 0.020656 0.001832 0.465103 0.006151 1.625574
0.448008 0.023256 0.037280 0.020018 0.001814 0.463451 0.006174 1.627930
0.452618 0.022337 0.036046 0.019346 0.001792 0.461659 0.006202 1.630080
0.457231 0.021401 0.034970 0.018686 0.001776 0.459710 0.006226 1.632246
0.461619 0.020614 0.033873 0.018092 0.001755 0.457802 0.006246 1.634275
0.466122 0.019878 0.032729 0.017524 0.001728 0.455755 0.006266 1.636208
0.470541 0.019053 0.031759 0.016948 0.001702 0.453708 0.006289 1.638242
0.475093 0.018334 0.030705 0.016414 0.001682 0.451465 0.006308 1.640095
0.479549 0.017688 0.029714 0.015886 0.001658 0.449178 0.006328 1.641854
0.484022 0.017050 0.028679 0.015357 0.001639 0.446905 0.006348 1.643550
0.488538 0.016471 0.027700 0.014787 0.001622 0.444515 0.006366 1.645217
0.493141 0.015932 0.026841 0.014259 0.001589 0.441851 0.006387 1.646792
0.497672 0.015449 0.025945 0.013773 0.001559 0.439190 0.006411 1.648333
0.502106 0.014952 0.025107 0.013348 0.001532 0.436520 0.006433 1.649825
0.506545 0.014510 0.024289 0.012908 0.001507 0.433785 0.006456 1.651265
0.511016 0.014093 0.023486 0.012504 0.001491 0.430939 0.006470 1.652670
0.515382 0.013691 0.022754 0.012122 0.001467 0.428096 0.006487 1.654033
0.519796 0.013381 0.021988 0.011741 0.001448 0.425142 0.006503 1.655313
0.524175 0.013041 0.021297 0.011352 0.001402 0.422207 0.006526 1.656582
0.528617 0.012673 0.020610 0.010999 0.001377 0.419181 0.006543 1.657828
0.533003 0.012361 0.019924 0.010610 0.001355 0.416186 0.006559 1.659047
0.537248 0.012075 0.019281 0.010275 0.001323 0.413224 0.006575 1.660218
0.541495 0.011761 0.018693 0.009959 0.001293 0.410211 0.006587 1.661396
0.545619 0.011464 0.018193 0.009706 0.001261 0.407148 0.006610 1.662565
0.549824 0.011162 0.017653 0.009414 0.001235 0.404086 0.006627 1.663707
0.553984 0.010967 0.017168 0.009110 0.001213 0.400913 0.006645 1.664791
0.558049 0.010742 0.016642 0.008849 0.001195 0.397862 0.006660 1.665867
0.562094 0.010499 0.016205 0.008622 0.001171 0.394731 0.006677 1.666959
0.566134 0.010288 0.015743 0.008356 0.001144 0.391644 0.006693 1.667992
0.570222 0.010077 0.015318 0.008153 0.001114 0.388411 0.006707 1.669016
0.574259 0.009938 0.014888 0.007880 0.001094 0.385221 0.006720 1.669979
0.578284 0.009732 0.014456 0.007697 0.001066 0.382028 0.006737 1.670971
0.582280 0.009585 0.014033 0.007491 0.001040 0.378817 0.006754 1.671888
0.586137 0.009415 0.013641 0.007319 0.001014 0.375706 0.006768 1.672849
0.590024 0.009252 0.013262 0.007148 0.000979 0.372552 0.006784 1.673760
0.593899 0.009104 0.012933 0.006975 0.000960 0.369334 0.006796 1.674685
0.597759 0.008958 0.012597 0.006804 0.000948 0.366131 0.006803 1.675609
0.601517 0.008844 0.012302 0.006641 0.000927 0.362953 0.006816 1.676498
0.605279 0.008739 0.011972 0.006521 0.000914 0.359747 0.006828 1.677348
0.609034 0.008675 0.011661 0.006346 0.000889 0.356548 0.006845 1.678180
0.612760 0.008544 0.011409 0.006222 0.000877 0.353330 0.006857 1.679068
0.616445 0.008475 0.011136 0.006057 0.000864 0.350158 0.006866 1.679885
0.620064 0.008366 0.010918 0.005944 0.000845 0.346990 0.006873 1.680723
0.623692 0.008292 0.010660 0.005818 0.000822 0.343832 0.006884 1.681547
0.627227 0.008226 0.010418 0.005682 0.000808 0.340744 0.006895 1.682356
0.630722 0.008193 0.010200 0.005554 0.000783 0.337642 0.006908 1.683142
0.634140 0.008152 0.010003 0.005411 0.000766 0.334611 0.006917 1.683940
0.637650 0.008058 0.009846 0.005346 0.000742 0.331428 0.006931 1.684761
0.641046 0.008015 0.009672 0.005228 0.000732 0.328369 0.006938 1.685536
0.644505 0.007916 0.009506 0.005123 0.000716 0.325283 0.006951 1.686321
0.647797 0.007847 0.009361 0.005023 0.000706 0.322308 0.006959 1.687112
0.651110 0.007761 0.009188 0.004959 0.000692 0.319321 0.006969 1.687902
0.654439 0.007674 0.009034 0.004860 0.000682 0.316336 0.006976 1.688677
0.657686 0.007638 0.008910 0.004769 0.000673 0.313340 0.006985 1.689412
0.660914 0.007588 0.008794 0.004723 0.000658 0.310326 0.006996 1.690169
0.664080 0.007517 0.008688 0.004666 0.000642 0.307403 0.007005 1.690933
0.667194 0.007451 0.008541 0.004589 0.000626 0.304586 0.007014 1.691685
0.670141 0.007417 0.008392 0.004531 0.000615 0.301883 0.007021 1.692404
0.673230 0.007361 0.008257 0.004488 0.000609 0.299028 0.007027 1.693149
0.676321 0.007275 0.008163 0.004426 0.000592 0.296184 0.007038 1.693877
0.679332 0.007220 0.008074 0.004389 0.000580 0.293359 0.007045 1.694598
0.682289 0.007160 0.007957 0.004317 0.000565 0.290660 0.007050 1.695326
0.685262 0.007169 0.007812 0.004256 0.000553 0.287889 0.007058 1.696004
0.688146 0.007154 0.007730 0.004161 0.000543 0.285204 0.007062 1.696715
0.690968 0.007174 0.007602 0.004117 0.000532 0.282539 0.007069 1.697400
0.693794 0.007179 0.007539 0.004070 0.000521 0.279821 0.007077 1.698108
0.696586 0.007140 0.007461 0.004033 0.000505 0.277190 0.007086 1.698820
0.699380 0.007094 0.007393 0.003988 0.000497 0.274554 0.007095 1.699542
0.702141 0.007029 0.007320 0.003981 0.000480 0.271949 0.007101 1.700282
0.704872 0.007001 0.007269 0.003932 0.000465 0.269356 0.007105 1.700979
0.707595 0.006997 0.007186 0.003905 0.000458 0.266750 0.007110 1.701669
0.710120 0.007014 0.007108 0.003847 0.000453 0.264344 0.007115 1.702341
0.712699 0.006989 0.007037 0.003825 0.000441 0.261888 0.007121 1.703032
0.715292 0.006999 0.006990 0.003809 0.000439 0.259345 0.007127 1.703723
0.717876 0.006966 0.006921 0.003788 0.000423 0.256891 0.007135 1.704395
0.720382 0.006976 0.006872 0.003749 0.000418 0.254463 0.007139 1.705063
0.722930 0.006996 0.006813 0.003720 0.000407 0.251988 0.007146 1.705729
0.725465 0.006957 0.006761 0.003679 0.000399 0.249591 0.007149 1.706433
0.727852 0.006944 0.006693 0.003684 0.000388 0.247285 0.007156 1.707132
0.730273 0.006951 0.006659 0.003653 0.000382 0.244923 0.007160 1.707815
0.732659 0.006933 0.006614 0.003618 0.000381 0.242629 0.007165 1.708494
0.735010 0.006958 0.006579 0.003622 0.000370 0.240291 0.007170 1.709172
0.737253 0.006982 0.006524 0.003606 0.000360 0.238099 0.007176 1.709840
0.739564 0.006945 0.006544 0.003558 0.000351 0.235860 0.007179 1.710547
0.741814 0.006907 0.006549 0.003536 0.000347 0.233665 0.007183 1.711253
0.744049 0.006923 0.006531 0.003543 0.000348 0.231418 0.007187 1.711941
0.746226 0.006915 0.006523 0.003547 0.000347 0.229253 0.007189 1.712646
0.748387 0.006948 0.006498 0.003524 0.000342 0.227112 0.007191 1.713319
0.750569 0.006990 0.006453 0.003507 0.000334 0.224948 0.007198 1.713980
0.752660 0.007023 0.006412 0.003521 0.000326 0.222853 0.007205 1.714651
0.754672 0.007079 0.006407 0.003527 0.000322 0.220785 0.007208 1.715343
0.756705 0.007068 0.006392 0.003526 0.000320 0.218778 0.007211 1.716045
0.758704 0.007107 0.006430 0.003493 0.000315 0.216737 0.007215 1.716747
0.760591 0.007117 0.006440 0.003488 0.000311 0.214833 0.007220 1.717462
0.762522 0.007173 0.006459 0.003469 0.000305 0.212847 0.007224 1.718152
0.764457 0.007218 0.006450 0.003474 0.000306 0.210869 0.007226 1.718841
0.766353 0.007236 0.006410 0.003518 0.000303 0.208951 0.007228 1.719546
0.768161 0.007298 0.006409 0.003507 0.000298 0.207096 0.007231 1.720228
0.769961 0.007342 0.006436 0.003502 0.000292 0.205233 0.007234 1.720927
0.771781 0.007396 0.006403 0.003497 0.000292 0.203396 0.007236 1.721631
0.773573 0.007412 0.006390 0.003512 0.000286 0.201589 0.007239 1.722341
0.775343 0.007441 0.006403 0.003491 0.000280 0.199798 0.007244 1.723045
0.777001 0.007514 0.006418 0.003509 0.000276 0.198037 0.007245 1.723766
0.778730 0.007503 0.006457 0.003524 0.000272 0.196264 0.007251 1.724523
0.780436 0.007534 0.006481 0.003547 0.000269 0.194479 0.007253 1.725260
0.782074 0.007578 0.006493 0.003531 0.000267 0.192801 0.007257 1.725988
0.783713 0.007622 0.006475 0.003538 0.000267 0.191120 0.007264 1.726716
0.785253 0.007672 0.006521 0.003537 0.000266 0.189483 0.007268 1.727477
0.786827 0.007705 0.006565 0.003557 0.000264 0.187810 0.007272 1.728257
0.788429 0.007732 0.006553 0.003552 0.000264 0.186194 0.007277 1.729005
0.789975 0.007764 0.006580 0.003582 0.000261 0.184558 0.007281 1.729782
0.791476 0.007791 0.006615 0.003597 0.000258 0.182980 0.007283 1.730540
0.792922 0.007837 0.006635 0.003591 0.000262 0.181469 0.007286 1.731301
0.794288 0.007927 0.006654 0.003600 0.000262 0.179982 0.007287 1.732042
0.795680 0.008013 0.006686 0.003571 0.000266 0.178493 0.007290 1.732794
0.797017 0.008089 0.006705 0.003601 0.000264 0.177031 0.007292 1.733566
0.798313 0.008213 0.006743 0.003616 0.000256 0.175562 0.007297 1.734346
0.799675 0.008257 0.006794 0.003641 0.000257 0.174078 0.007300 1.735159
0.800946 0.008311 0.006847 0.003675 0.000256 0.172662 0.007302 1.735971
0.802226 0.008341 0.006923 0.003700 0.000256 0.171251 0.007304 1.736808
0.803513 0.008435 0.006935 0.003713 0.000262 0.169838 0.007306 1.737608
0.804685 0.008490 0.006990 0.003756 0.000261 0.168508 0.007310 1.738457
0.805863 0.008530 0.007008 0.003803 0.000253 0.167228 0.007314 1.739302
0.807034 0.008601 0.007038 0.003806 0.000251 0.165953 0.007319 1.740145
0.808196 0.008669 0.007093 0.003810 0.000245 0.164664 0.007323 1.740975
0.809322 0.008738 0.007126 0.003853 0.000244 0.163392 0.007326 1.741831
0.810437 0.008792 0.007154 0.003863 0.000243 0.162182 0.007329 1.742672
0.811589 0.008841 0.007207 0.003912 0.000239 0.160877 0.007334 1.743543
0.812688 0.008941 0.007238 0.003903 0.000239 0.159656 0.007336 1.744376
0.813760 0.008985 0.007266 0.003935 0.000238 0.158477 0.007339 1.745256
0.814719 0.009083 0.007310 0.003975 0.000239 0.157330 0.007344 1.746152
0.815775 0.009128 0.007364 0.004029 0.000238 0.156121 0.007346 1.747072
0.816742 0.009187 0.007393 0.004053 0.000237 0.155039 0.007349 1.747977
0.817616 0.009273 0.007425 0.004074 0.000240 0.154022 0.007351 1.748881
0.818525 0.009337 0.007474 0.004115 0.000234 0.152958 0.007358 1.749815
0.819464 0.009408 0.007546 0.004137 0.000230 0.151853 0.007361 1.750731
0.820358 0.009432 0.007604 0.004178 0.000229 0.150833 0.007365 1.751664
0.821175 0.009580 0.007666 0.004203 0.000233 0.149775 0.007368 1.752582
0.822018 0.009634 0.007716 0.004256 0.000226 0.148780 0.007371 1.753510
0.822819 0.009696 0.007766 0.004260 0.000226 0.147861 0.007373 1.754478
0.823634 0.009815 0.007824 0.004247 0.000228 0.146877 0.007375 1.755425
0.824475 0.009843 0.007906 0.004328 0.000229 0.145841 0.007379 1.756440
0.825246 0.009923 0.007960 0.004356 0.000227 0.144905 0.007384 1.757416
0.825982 0.010010 0.008023 0.004376 0.000234 0.143989 0.007384 1.758401
0.826737 0.010108 0.008062 0.004412 0.000236 0.143059 0.007386 1.759365
0.827452 0.010167 0.008190 0.004451 0.000234 0.142116 0.007392 1.760368
0.828146 0.010263 0.008232 0.004476 0.000235 0.141254 0.007395 1.761336
0.828828 0.010331 0.008311 0.004490 0.000233 0.140410 0.007399 1.762342
0.829405 0.010470 0.008369 0.004515 0.000234 0.139608 0.007401 1.763358
0.830018 0.010513 0.008423 0.004541 0.000237 0.138866 0.007402 1.764375
0.830554 0.010591 0.008508 0.004595 0.000238 0.138112 0.007403 1.765425
0.831119 0.010715 0.008588 0.004608 0.000238 0.137327 0.007405 1.766442
0.831722 0.010771 0.008630 0.004687 0.000238 0.136545 0.007408 1.767513
0.832301 0.010822 0.008712 0.004704 0.000240 0.135810 0.007410 1.768567
0.832871 0.010944 0.008769 0.004733 0.000243 0.135028 0.007412 1.769615
0.833345 0.011046 0.008866 0.004780 0.000241 0.134310 0.007414 1.770704
0.833804 0.011164 0.008905 0.004832 0.000240 0.133639 0.007416 1.771794
0.834220 0.011269 0.008952 0.004874 0.000236 0.133030 0.007419 1.772908
0.834702 0.011334 0.009015 0.004910 0.000240 0.132378 0.007422 1.774039
0.835142 0.011414 0.009107 0.004936 0.000242 0.131736 0.007423 1.775150
0.835583 0.011531 0.009195 0.004981 0.000242 0.131043 0.007425 1.776278
0.836008 0.011631 0.009243 0.005006 0.000244 0.130440 0.007428 1.777386
0.836389 0.011741 0.009307 0.005046 0.000245 0.129841 0.007431 1.778525
0.836791 0.011824 0.009386 0.005039 0.000245 0.129279 0.007436 1.779660
0.837163 0.011933 0.009454 0.005090 0.000249 0.128673 0.007438 1.780802
0.837494 0.012011 0.009534 0.005138 0.000250 0.128132 0.007442 1.781994
0.837763 0.012105 0.009614 0.005208 0.000250 0.127615 0.007444 1.783176
0.838086 0.012197 0.009681 0.005272 0.000253 0.127064 0.007448 1.784351
0.838308 0.012330 0.009771 0.005350 0.000251 0.126540 0.007451 1.785553
0.838575 0.012455 0.009888 0.005355 0.000253 0.126020 0.007454 1.786741
0.838839 0.012561 0.009981 0.005389 0.000252 0.125520 0.007458 1.787984
0.839037 0.012687 0.010130 0.005438 0.000258 0.124991 0.007459 1.789216
0.839247 0.012805 0.010227 0.005452 0.000256 0.124552 0.007462 1.790454
0.839398 0.012928 0.010286 0.005493 0.000262 0.124170 0.007464 1.791688
0.839605 0.013063 0.010349 0.005525 0.000264 0.123727 0.007468 1.792906
0.839818 0.013107 0.010462 0.005577 0.000268 0.123299 0.007470 1.794203
0.840005 0.013219 0.010579 0.005634 0.000270 0.122821 0.007473 1.795485
0.840157 0.013323 0.010613 0.005725 0.000272 0.122435 0.007476 1.796754
0.840279 0.013404 0.010698 0.005776 0.000275 0.122089 0.007480 1.798062
0.840449 0.013440 0.010722 0.005829 0.000284 0.121795 0.007483 1.799385
0.840585 0.013493 0.010767 0.005896 0.000284 0.121489 0.007486 1.800724
0.840702 0.013533 0.010835 0.005979 0.000283 0.121177 0.007491 1.802083
0.840725 0.013644 0.010949 0.006078 0.000284 0.120827 0.007494 1.803435
0.840841 0.013724 0.011053 0.006069 0.000289 0.120526 0.007499 1.804778
0.840873 0.013850 0.011118 0.006094 0.000292 0.120273 0.007501 1.806090
0.840894 0.013994 0.011186 0.006147 0.000297 0.119981 0.007503 1.807429
0.840942 0.014073 0.011258 0.006167 0.000305 0.119748 0.007506 1.808813
0.841013 0.014143 0.011364 0.006209 0.000312 0.119448 0.007511 1.810192
0.840991 0.014190 0.011496 0.006241 0.000316 0.119253 0.007514 1.811635
0.841037 0.014226 0.011567 0.006299 0.000324 0.119029 0.007519 1.813058
0.841011 0.014337 0.011643 0.006338 0.000326 0.118822 0.007523 1.814442
0.840992 0.014420 0.011751 0.006365 0.000321 0.118625 0.007527 1.815874
0.840971 0.014528 0.011846 0.006403 0.000320 0.118399 0.007532 1.817291
0.840930 0.014570 0.011926 0.006441 0.000322 0.118275 0.007538 1.818719
0.840880 0.014620 0.012028 0.006481 0.000320 0.118129 0.007541 1.820160
0.840843 0.014698 0.012100 0.006521 0.000324 0.117969 0.007545 1.821610
0.840753 0.014766 0.012215 0.006581 0.000326 0.117810 0.007548 1.823071
0.840676 0.014861 0.012289 0.006574 0.000326 0.117724 0.007551 1.824493
0.840630 0.014940 0.012437 0.006589 0.000327 0.117522 0.007556 1.825981
0.840531 0.015025 0.012526 0.006638 0.000320 0.117397 0.007563 1.827465
0.840410 0.015119 0.012583 0.006665 0.000325 0.117333 0.007566 1.828928
0.840347 0.015162 0.012654 0.006726 0.000329 0.117212 0.007571 1.830429
0.840251 0.015219 0.012729 0.006762 0.000332 0.117134 0.007574 1.831905
0.840173 0.015274 0.012768 0.006828 0.000338 0.117043 0.007578 1.833406
0.840054 0.015389 0.012814 0.006864 0.000340 0.116957 0.007581 1.834896
0.839852 0.015513 0.012932 0.006883 0.000340 0.116896 0.007585 1.836444
0.839693 0.015598 0.013069 0.006905 0.000339 0.116807 0.007590 1.837974
0.839521 0.015695 0.013131 0.006972 0.000339 0.116748 0.007593 1.839512
0.839345 0.015823 0.013227 0.007012 0.000344 0.116653 0.007598 1.841058
0.839217 0.015849 0.013338 0.007022 0.000350 0.116622 0.007602 1.842634
0.839087 0.015891 0.013376 0.007077 0.000346 0.116615 0.007607 1.844186
0.838921 0.015929 0.013434 0.007105 0.000350 0.116649 0.007611 1.845764
0.838757 0.015942 0.013536 0.007153 0.000353 0.116646 0.007614 1.847353
0.838579 0.015977 0.013614 0.007205 0.000355 0.116653 0.007618 1.848958
0.838451 0.016005 0.013644 0.007221 0.000359 0.116699 0.007622 1.850519
0.838246 0.016102 0.013657 0.007256 0.000360 0.116756 0.007625 1.852079
0.838055 0.016204 0.013668 0.007254 0.000362 0.116830 0.007627 1.853613
0.837951 0.016283 0.013694 0.007305 0.000364 0.116774 0.007629 1.855166
0.837726 0.016376 0.013778 0.007350 0.000369 0.116768 0.007633 1.856744
0.837532 0.016450 0.013788 0.007404 0.000371 0.116820 0.007636 1.858329
0.837344 0.016484 0.013835 0.007436 0.000370 0.116892 0.007640 1.859981
0.837182 0.016501 0.013902 0.007488 0.000373 0.116907 0.007648 1.861640
0.836986 0.016532 0.013942 0.007532 0.000376 0.116983 0.007650 1.863266
0.836829 0.016518 0.014033 0.007541 0.000378 0.117046 0.007655 1.864902
0.836620 0.016585 0.014055 0.007597 0.000387 0.117100 0.007657 1.866491
0.836448 0.016607 0.014104 0.007583 0.000377 0.117218 0.007663 1.868094
0.836284 0.016653 0.014214 0.007614 0.000375 0.117190 0.007671 1.869712
0.836114 0.016657 0.014253 0.007634 0.000382 0.117286 0.007675 1.871329
0.835902 0.016659 0.014322 0.007645 0.000381 0.117412 0.007678 1.873007
0.835734 0.016693 0.014393 0.007662 0.000385 0.117446 0.007687 1.874636
0.835567 0.016703 0.014413 0.007675 0.000387 0.117560 0.007694 1.876276
0.835378 0.016711 0.014497 0.007691 0.000395 0.117632 0.007698 1.877922
0.835104 0.016803 0.014498 0.007715 0.000398 0.117779 0.007702 1.879533
0.834920 0.016890 0.014517 0.007703 0.000401 0.117864 0.007707 1.881144
0.834636 0.016985 0.014553 0.007741 0.000399 0.117974 0.007712 1.882786
0.834448 0.017030 0.014546 0.007743 0.000400 0.118119 0.007715 1.884427
0.834238 0.017021 0.014589 0.007781 0.000404 0.118248 0.007720 1.886125
0.834009 0.017072 0.014620 0.007807 0.000413 0.118355 0.007724 1.887773
0.833798 0.017129 0.014636 0.007829 0.000409 0.118473 0.007727 1.889395
0.833541 0.017159 0.014665 0.007884 0.000415 0.118606 0.007729 1.891086
0.833338 0.017168 0.014743 0.007883 0.000420 0.118713 0.007735 1.892769
0.833105 0.017210 0.014769 0.007929 0.000423 0.118825 0.007739 1.894464
0.832879 0.017198 0.014806 0.007951 0.000426 0.118995 0.007745 1.896170
0.832640 0.017191 0.014845 0.007969 0.000429 0.119176 0.007751 1.897869
0.832440 0.017261 0.014899 0.007952 0.000421 0.119270 0.007757 1.899521
0.832369 0.017194 0.014935 0.007936 0.000422 0.119383 0.007762 1.901204
0.832170 0.017222 0.014954 0.007941 0.000416 0.119531 0.007766 1.902859
0.832040 0.017179 0.015021 0.007960 0.000421 0.119605 0.007773 1.904564
0.831816 0.017174 0.015097 0.007997 0.000422 0.119721 0.007776 1.906258
0.831661 0.017177 0.015135 0.008012 0.000422 0.119815 0.007779 1.907916
0.831419 0.017217 0.015167 0.008046 0.000430 0.119939 0.007782 1.909633
0.831255 0.017250 0.015095 0.008086 0.000431 0.120096 0.007788 1.911307
0.830998 0.017297 0.015124 0.008090 0.000434 0.120264 0.007794 1.913003
0.830816 0.017360 0.015160 0.008073 0.000436 0.120359 0.007797 1.914657
0.830699 0.017370 0.015168 0.008059 0.000439 0.120463 0.007803 1.916296
0.830561 0.017280 0.015292 0.008081 0.000436 0.120541 0.007808 1.918040
0.830305 0.017284 0.015326 0.008067 0.000433 0.120771 0.007815 1.919754
0.830184 0.017231 0.015321 0.008069 0.000432 0.120941 0.007822 1.921436
0.829959 0.017234 0.015332 0.008081 0.000430 0.121138 0.007825 1.923147
0.829739 0.017225 0.015334 0.008112 0.000427 0.121334 0.007830 1.924827
0.829560 0.017254 0.015310 0.008131 0.000430 0.121480 0.007835 1.926489
0.829318 0.017337 0.015299 0.008136 0.000429 0.121638 0.007842 1.928139
0.829150 0.017297 0.015343 0.008137 0.000434 0.121792 0.007846 1.929858
0.828980 0.017218 0.015325 0.008146 0.000441 0.122039 0.007851 1.931603
0.828875 0.017215 0.015354 0.008139 0.000444 0.122116 0.007857 1.933284
0.828794 0.017129 0.015355 0.008161 0.000445 0.122254 0.007863 1.934982
0.828659 0.017159 0.015353 0.008129 0.000450 0.122382 0.007869 1.936631
0.828483 0.017105 0.015380 0.008129 0.000448 0.122581 0.007875 1.938329
0.828348 0.017014 0.015339 0.008173 0.000446 0.122801 0.007879 1.940036
0.828192 0.017066 0.015312 0.008184 0.000457 0.122904 0.007885 1.941699
0.828082 0.017029 0.015337 0.008164 0.000458 0.123041 0.007889 1.943382
0.827964 0.017009 0.015324 0.008159 0.000460 0.123190 0.007895 1.945042
0.827842 0.016999 0.015331 0.008141 0.000461 0.123327 0.007899 1.946695
0.827749 0.016941 0.015321 0.008143 0.000463 0.123479 0.007903 1.948360
0.827679 0.016882 0.015295 0.008130 0.000463 0.123645 0.007907 1.950032
0.827585 0.016831 0.015248 0.008147 0.000458 0.123817 0.007914 1.951709
0.827479 0.016790 0.015221 0.008125 0.000453 0.124013 0.007919 1.953349
0.827467 0.016754 0.015216 0.008102 0.000458 0.124079 0.007923 1.954970
0.827408 0.016712 0.015226 0.008101 0.000458 0.124169 0.007927 1.956612
0.827394 0.016609 0.015211 0.008143 0.000454 0.124258 0.007932 1.958280
0.827324 0.016574 0.015179 0.008109 0.000457 0.124422 0.007936 1.959897
0.827347 0.016513 0.015168 0.008051 0.000461 0.124520 0.007941 1.961526
0.827305 0.016504 0.015102 0.008032 0.000456 0.124655 0.007946 1.963119
0.827313 0.016476 0.015114 0.008012 0.000458 0.124672 0.007956 1.964745
0.827283 0.016388 0.015103 0.008016 0.000453 0.124797 0.007961 1.966397
0.827264 0.016352 0.015091 0.008018 0.000455 0.124854 0.007966 1.968012
0.827242 0.016270 0.015070 0.008021 0.000451 0.124971 0.007974 1.969635
0.827253 0.016238 0.015040 0.007992 0.000452 0.125048 0.007979 1.971221
0.827194 0.016253 0.014996 0.007952 0.000452 0.125168 0.007986 1.972780
0.827242 0.016192 0.014992 0.007951 0.000454 0.125177 0.007991 1.974384
0.827226 0.016273 0.014893 0.007937 0.000454 0.125220 0.007997 1.975907
0.827248 0.016235 0.014939 0.007860 0.000459 0.125259 0.008001 1.977492
0.827179 0.016207 0.014971 0.007828 0.000464 0.125346 0.008005 1.979096
0.827194 0.016134 0.014917 0.007828 0.000465 0.125452 0.008011 1.980694
0.827208 0.016085 0.014923 0.007796 0.000459 0.125512 0.008017 1.982274
0.827221 0.016020 0.014893 0.007791 0.000459 0.125596 0.008019 1.983846
0.827251 0.015977 0.014866 0.007779 0.000454 0.125648 0.008026 1.985461
0.827251 0.015989 0.014821 0.007749 0.000449 0.125708 0.008034 1.986995
0.827374 0.015894 0.014801 0.007756 0.000457 0.125680 0.008038 1.988586
0.827393 0.015851 0.014729 0.007756 0.000460 0.125772 0.008040 1.990134
0.827407 0.015795 0.014706 0.007772 0.000457 0.125817 0.008048 1.991708
0.827566 0.015675 0.014654 0.007772 0.000457 0.125824 0.008053 1.993261
0.827647 0.015565 0.014630 0.007746 0.000454 0.125899 0.008060 1.994851
0.827715 0.015539 0.014595 0.007731 0.000452 0.125903 0.008067 1.996376
0.827812 0.015527 0.014543 0.007714 0.000452 0.125879 0.008073 1.997898
0.827859 0.015521 0.014463 0.007697 0.000445 0.125938 0.008077 1.999387
0.828019 0.015409 0.014442 0.007670 0.000443 0.125935 0.008082 2.000920
0.828108 0.015412 0.014391 0.007607 0.000447 0.125948 0.008086 2.002423
0.828101 0.015430 0.014349 0.007551 0.000447 0.126031 0.008092 2.003911
0.828227 0.015415 0.014289 0.007533 0.000440 0.125999 0.008097 2.005390
0.828332 0.015386 0.014262 0.007512 0.000433 0.125970 0.008105 2.006872
0.828364 0.015348 0.014264 0.007537 0.000433 0.125945 0.008109 2.008417
0.828428 0.015263 0.014242 0.007525 0.000438 0.125992 0.008113 2.009957
0.828554 0.015178 0.014272 0.007489 0.000441 0.125951 0.008116 2.011476
0.828693 0.015096 0.014250 0.007487 0.000439 0.125914 0.008122 2.012998
0.828778 0.015087 0.014176 0.007440 0.000438 0.125953 0.008129 2.014474
0.828949 0.015061 0.014135 0.007431 0.000431 0.125859 0.008134 2.015951
0.829129 0.015037 0.014093 0.007402 0.000442 0.125763 0.008136 2.017393
0.829279 0.015028 0.014046 0.007354 0.000441 0.125713 0.008140 2.018848
0.829407 0.014997 0.014004 0.007359 0.000442 0.125648 0.008143 2.020328
0.829505 0.015006 0.013975 0.007316 0.000443 0.125608 0.008148 2.021788
0.829626 0.015010 0.013918 0.007306 0.000438 0.125545 0.008158 2.023237
0.829747 0.015016 0.013873 0.007321 0.000437 0.125442 0.008164 2.024701
0.829868 0.014973 0.013846 0.007313 0.000435 0.125396 0.008169 2.026182
0.830040 0.014880 0.013831 0.007327 0.000438 0.125311 0.008174 2.027674
0.830179 0.014876 0.013789 0.007297 0.000432 0.125246 0.008179 2.029124
0.830366 0.014815 0.013731 0.007311 0.000437 0.125156 0.008183 2.030580
0.830590 0.014718 0.013666 0.007317 0.000432 0.125086 0.008189 2.032041
0.830766 0.014687 0.013648 0.007293 0.000441 0.124970 0.008193 2.033471
0.830897 0.014690 0.013561 0.007253 0.000442 0.124957 0.008200 2.034879
0.831021 0.014679 0.013531 0.007224 0.000433 0.124906 0.008206 2.036293
0.831146 0.014607 0.013489 0.007273 0.000433 0.124843 0.008210 2.037767
0.831345 0.014523 0.013463 0.007236 0.000428 0.124790 0.008215 2.039221
0.831514 0.014499 0.013445 0.007259 0.000426 0.124639 0.008218 2.040660
0.831628 0.014486 0.013412 0.007251 0.000423 0.124579 0.008222 2.042082
0.831823 0.014446 0.013391 0.007230 0.000426 0.124456 0.008228 2.043506
0.832019 0.014435 0.013407 0.007165 0.000427 0.124313 0.008234 2.044915
0.832163 0.014432 0.013388 0.007109 0.000423 0.124246 0.008239 2.046309
0.832281 0.014472 0.013355 0.007109 0.000421 0.124119 0.008244 2.047699
0.832470 0.014476 0.013346 0.007078 0.000418 0.123963 0.008250 2.049105
0.832645 0.014479 0.013325 0.007059 0.000415 0.123820 0.008257 2.050507
0.832796 0.014424 0.013348 0.007068 0.000411 0.123689 0.008263 2.051947
0.832953 0.014376 0.013339 0.007043 0.000409 0.123614 0.008267 2.053371
0.833075 0.014412 0.013242 0.007044 0.000410 0.123544 0.008273 2.054762
0.833229 0.014397 0.013215 0.007023 0.000401 0.123456 0.008278 2.056182
0.833413 0.014377 0.013185 0.007048 0.000406 0.123285 0.008286 2.057571
0.833454 0.014408 0.013219 0.007047 0.000404 0.123176 0.008292 2.059006
0.833533 0.014381 0.013161 0.007057 0.000405 0.123167 0.008296 2.060433
0.833657 0.014428 0.013177 0.007082 0.000403 0.122947 0.008305 2.061835
0.833813 0.014438 0.013164 0.007103 0.000402 0.122770 0.008309 2.063242
0.833908 0.014492 0.013123 0.007091 0.000399 0.122671 0.008316 2.064614
0.833997 0.014497 0.013096 0.007082 0.000393 0.122612 0.008323 2.066039
0.834140 0.014476 0.013098 0.007027 0.000390 0.122541 0.008329 2.067450
0.834277 0.014445 0.013058 0.007025 0.000389 0.122470 0.008336 2.068886
0.834336 0.014424 0.013068 0.007006 0.000393 0.122436 0.008337 2.070312
0.834442 0.014425 0.012998 0.007008 0.000385 0.122399 0.008341 2.071708
0.834543 0.014443 0.012998 0.007004 0.000385 0.122279 0.008347 2.073112
0.834646 0.014462 0.012967 0.006982 0.000389 0.122204 0.008348 2.074510
0.834796 0.014448 0.012921 0.006964 0.000383 0.122133 0.008354 2.075891
0.834871 0.014428 0.012952 0.006938 0.000389 0.122064 0.008358 2.077315
0.834951 0.014470 0.012938 0.006917 0.000392 0.121970 0.008362 2.078711
0.835073 0.014543 0.012885 0.006907 0.000396 0.121829 0.008367 2.080071
0.835236 0.014474 0.012900 0.006916 0.000397 0.121707 0.008369 2.081506
0.835350 0.014481 0.012907 0.006913 0.000395 0.121581 0.008373 2.082912
0.835408 0.014492 0.012914 0.006896 0.000389 0.121522 0.008379 2.084322
0.835534 0.014503 0.012877 0.006889 0.000394 0.121419 0.008383 2.085715
0.835735 0.014453 0.012914 0.006907 0.000399 0.121204 0.008389 2.087135
0.835869 0.014392 0.012926 0.006910 0.000405 0.121104 0.008395 2.088580
0.835986 0.014372 0.012945 0.006887 0.000404 0.121006 0.008400 2.090000
0.836041 0.014391 0.012929 0.006914 0.000403 0.120917 0.008405 2.091405
0.836152 0.014415 0.012936 0.006913 0.000402 0.120771 0.008412 2.092794
0.836271 0.014368 0.012978 0.006882 0.000402 0.120685 0.008415 2.094202
0.836380 0.014337 0.012973 0.006848 0.000400 0.120644 0.008418 2.095619
0.836507 0.014341 0.012950 0.006838 0.000399 0.120539 0.008424 2.097032
0.836648 0.014306 0.012890 0.006870 0.000400 0.120456 0.008429 2.098416
0.836779 0.014190 0.012923 0.006872 0.000401 0.120402 0.008433 2.099890
0.836902 0.014187 0.012911 0.006880 0.000400 0.120282 0.008438 2.101293
0.837040 0.014257 0.012819 0.006843 0.000406 0.120192 0.008444 2.102596
0.837168 0.014269 0.012810 0.006832 0.000407 0.120064 0.008449 2.103956
0.837259 0.014260 0.012821 0.006828 0.000407 0.119972 0.008454 2.105348
0.837378 0.014246 0.012829 0.006848 0.000404 0.119837 0.008458 2.106736
0.837484 0.014262 0.012829 0.006818 0.000407 0.119736 0.008464 2.108111
0.837607 0.014240 0.012862 0.006800 0.000405 0.119619 0.008469 2.109510
0.837755 0.014244 0.012827 0.006804 0.000411 0.119488 0.008472 2.110896
0.837868 0.014188 0.012805 0.006849 0.000404 0.119409 0.008478 2.112303
0.837960 0.014195 0.012843 0.006867 0.000407 0.119245 0.008482 2.113697
0.838055 0.014143 0.012876 0.006855 0.000413 0.119171 0.008487 2.115119
0.838181 0.014072 0.012853 0.006832 0.000411 0.119159 0.008494 2.116519
0.838314 0.014029 0.012893 0.006814 0.000407 0.119040 0.008502 2.117934
0.838480 0.013960 0.012915 0.006820 0.000406 0.118915 0.008503 2.119359
0.838561 0.013963 0.012871 0.006807 0.000407 0.118884 0.008508 2.120753
0.838709 0.013973 0.012842 0.006770 0.000406 0.118785 0.008515 2.122109
0.838749 0.013948 0.012889 0.006762 0.000405 0.118727 0.008520 2.123530
0.838858 0.013992 0.012900 0.006734 0.000403 0.118589 0.008524 2.124873
0.838972 0.014015 0.012852 0.006726 0.000406 0.118501 0.008529 2.126233
0.839056 0.014088 0.012845 0.006699 0.000403 0.118376 0.008535 2.127569
0.839146 0.014082 0.012829 0.006710 0.000400 0.118295 0.008538 2.128962
0.839265 0.014006 0.012857 0.006716 0.000405 0.118213 0.008540 2.130385
0.839344 0.014041 0.012822 0.006709 0.000408 0.118131 0.008545 2.131751
0.839426 0.014002 0.012866 0.006704 0.000410 0.118041 0.008550 2.133170
0.839536 0.014028 0.012789 0.006670 0.000409 0.118012 0.008556 2.134508
0.839639 0.014012 0.012749 0.006705 0.000407 0.117928 0.008560 2.135893
0.839716 0.014060 0.012702 0.006686 0.000406 0.117864 0.008566 2.137227
0.839700 0.014173 0.012687 0.006659 0.000400 0.117812 0.008570 2.138564
0.839736 0.014233 0.012717 0.006642 0.000398 0.117701 0.008574 2.139943
0.839776 0.014240 0.012760 0.006630 0.000399 0.117617 0.008580 2.141346
0.839854 0.014239 0.012782 0.006658 0.000399 0.117488 0.008582 2.142741
0.839946 0.014259 0.012761 0.006654 0.000396 0.117399 0.008585 2.144114
0.840008 0.014298 0.012765 0.006659 0.000399 0.117284 0.008589 2.145522
0.840061 0.014276 0.012766 0.006671 0.000397 0.117240 0.008591 2.146936
0.840127 0.014313 0.012780 0.006683 0.000398 0.117104 0.008596 2.148344
0.840224 0.014304 0.012810 0.006680 0.000393 0.116988 0.008601 2.149723
0.840231 0.014374 0.012832 0.006651 0.000396 0.116911 0.008605 2.151076
0.840382 0.014306 0.012857 0.006666 0.000391 0.116788 0.008611 2.152523
0.840465 0.014258 0.012867 0.006685 0.000390 0.116720 0.008615 2.153936
0.840438 0.014321 0.012835 0.006693 0.000379 0.116714 0.008621 2.155330
0.840506 0.014286 0.012841 0.006692 0.000384 0.116667 0.008625 2.156736
0.840574 0.014243 0.012822 0.006719 0.000384 0.116631 0.008629 2.158148
0.840656 0.014218 0.012845 0.006707 0.000384 0.116557 0.008634 2.159565
0.840713 0.014241 0.012789 0.006707 0.000386 0.116526 0.008638 2.160932
0.840783 0.014235 0.012832 0.006693 0.000394 0.116421 0.008641 2.162338
0.840812 0.014236 0.012833 0.006696 0.000389 0.116384 0.008649 2.163748
0.840873 0.014245 0.012827 0.006709 0.000395 0.116295 0.008655 2.165166
0.840865 0.014289 0.012830 0.006693 0.000393 0.116269 0.008660 2.166559
0.840893 0.014364 0.012778 0.006657 0.000398 0.116248 0.008663 2.167908
0.840962 0.014359 0.012757 0.006640 0.000394 0.116218 0.008671 2.169300
0.840972 0.014428 0.012764 0.006639 0.000395 0.116126 0.008677 2.170674
0.840994 0.014444 0.012770 0.006658 0.000394 0.116061 0.008679 2.172074
0.841017 0.014490 0.012771 0.006620 0.000388 0.116030 0.008685 2.173455
0.841018 0.014492 0.012741 0.006647 0.000386 0.116026 0.008690 2.174858
0.841014 0.014514 0.012776 0.006630 0.000386 0.115988 0.008693 2.176273
0.841008 0.014496 0.012779 0.006658 0.000391 0.115973 0.008696 2.177711
0.841013 0.014476 0.012778 0.006698 0.000384 0.115952 0.008700 2.179135
0.841016 0.014437 0.012832 0.006735 0.000384 0.115891 0.008705 2.180592
0.840992 0.014469 0.012853 0.006756 0.000388 0.115834 0.008710 2.182029
0.841020 0.014424 0.012884 0.006725 0.000385 0.115848 0.008716 2.183455
0.841060 0.014514 0.012871 0.006722 0.000380 0.115731 0.008722 2.184818
0.841095 0.014539 0.012878 0.006707 0.000377 0.115678 0.008727 2.186228
0.841108 0.014578 0.012871 0.006730 0.000374 0.115609 0.008730 2.187628
0.841135 0.014580 0.012874 0.006750 0.000371 0.115555 0.008737 2.189055
0.841151 0.014580 0.012878 0.006723 0.000373 0.115554 0.008743 2.190443
0.841161 0.014571 0.012878 0.006753 0.000367 0.115522 0.008750 2.191889
0.841137 0.014568 0.012837 0.006800 0.000366 0.115538 0.008754 2.193319
0.841189 0.014553 0.012844 0.006793 0.000367 0.115499 0.008755 2.194751
0.841211 0.014623 0.012793 0.006789 0.000369 0.115459 0.008757 2.196123
0.841204 0.014667 0.012780 0.006779 0.000367 0.115440 0.008763 2.197528
0.841292 0.014559 0.012834 0.006793 0.000368 0.115386 0.008768 2.198985
0.841336 0.014534 0.012821 0.006807 0.000365 0.115367 0.008772 2.200401
0.841339 0.014544 0.012816 0.006819 0.000366 0.115341 0.008775 2.201839
0.841426 0.014544 0.012793 0.006813 0.000368 0.115276 0.008781 2.203240
0.841444 0.014528 0.012812 0.006824 0.000369 0.115236 0.008787 2.204646
0.841453 0.014607 0.012820 0.006834 0.000370 0.115125 0.008790 2.206022
0.841509 0.014597 0.012817 0.006816 0.000370 0.115099 0.008793 2.207425
0.841479 0.014639 0.012842 0.006849 0.000362 0.115030 0.008798 2.208833
0.841468 0.014637 0.012861 0.006881 0.000367 0.114984 0.008802 2.210273
0.841448 0.014655 0.012882 0.006889 0.000370 0.114951 0.008807 2.211700
0.841438 0.014743 0.012899 0.006883 0.000373 0.114855 0.008809 2.213098
0.841399 0.014792 0.012957 0.006899 0.000374 0.114766 0.008813 2.214540
0.841379 0.014776 0.013025 0.006879 0.000370 0.114756 0.008817 2.215981
0.841363 0.014724 0.013003 0.006892 0.000368 0.114828 0.008822 2.217445
0.841427 0.014691 0.012969 0.006908 0.000379 0.114802 0.008825 2.218842
0.841375 0.014642 0.012994 0.006937 0.000380 0.114843 0.008829 2.220333
0.841396 0.014645 0.013016 0.006934 0.000387 0.114791 0.008833 2.221773
0.841423 0.014627 0.013088 0.006927 0.000385 0.114716 0.008835 2.223252
0.841441 0.014585 0.013104 0.006916 0.000386 0.114731 0.008838 2.224707
0.841383 0.014649 0.013105 0.006912 0.000387 0.114720 0.008844 2.226133
0.841383 0.014638 0.013052 0.006906 0.000391 0.114784 0.008846 2.227554
0.841352 0.014624 0.013053 0.006916 0.000394 0.114810 0.008851 2.228987
0.841406 0.014639 0.013055 0.006898 0.000393 0.114755 0.008856 2.230392
0.841342 0.014626 0.013138 0.006913 0.000388 0.114735 0.008859 2.231863
0.841411 0.014571 0.013127 0.006933 0.000389 0.114705 0.008865 2.233297
0.841393 0.014616 0.013107 0.006907 0.000390 0.114718 0.008869 2.234736
0.841421 0.014593 0.013097 0.006887 0.000395 0.114733 0.008874 2.236139
0.841470 0.014581 0.013092 0.006861 0.000397 0.114722 0.008878 2.237553
0.841465 0.014530 0.013179 0.006888 0.000401 0.114659 0.008880 2.239016
0.841453 0.014569 0.013193 0.006836 0.000401 0.114663 0.008885 2.240431
0.841455 0.014600 0.013182 0.006821 0.000401 0.114650 0.008891 2.241847
0.841461 0.014603 0.013111 0.006849 0.000398 0.114684 0.008894 2.243266
0.841484 0.014535 0.013114 0.006875 0.000403 0.114690 0.008899 2.244758
0.841530 0.014533 0.013107 0.006879 0.000399 0.114647 0.008906 2.246147
0.841532 0.014549 0.013106 0.006884 0.000401 0.114618 0.008910 2.247551
0.841482 0.014561 0.013128 0.006876 0.000398 0.114642 0.008914 2.249003
0.841473 0.014594 0.013112 0.006867 0.000393 0.114643 0.008918 2.250420
0.841457 0.014629 0.013038 0.006888 0.000395 0.114675 0.008919 2.251832
0.841454 0.014602 0.013083 0.006919 0.000398 0.114625 0.008920 2.253309
0.841468 0.014624 0.013041 0.006930 0.000394 0.114619 0.008926 2.254713
0.841492 0.014615 0.013053 0.006899 0.000394 0.114617 0.008931 2.256148
0.841566 0.014574 0.013051 0.006909 0.000399 0.114567 0.008934 2.257602
0.841549 0.014519 0.013056 0.006940 0.000396 0.114600 0.008940 2.259070
0.841504 0.014515 0.013043 0.006964 0.000395 0.114634 0.008946 2.260524
0.841471 0.014530 0.013057 0.006960 0.000391 0.114640 0.008953 2.261934
0.841498 0.014526 0.013074 0.006953 0.000389 0.114602 0.008958 2.263367
0.841480 0.014544 0.013053 0.006966 0.000387 0.114610 0.008962 2.264789
0.841410 0.014604 0.013074 0.006937 0.000389 0.114620 0.008966 2.266196
0.841317 0.014599 0.013121 0.006931 0.000388 0.114675 0.008970 2.267656
0.841396 0.014537 0.013101 0.006925 0.000382 0.114682 0.008977 2.269089
0.841426 0.014509 0.013161 0.006943 0.000384 0.114596 0.008981 2.270550
0.841420 0.014554 0.013122 0.006951 0.000380 0.114588 0.008987 2.271957
0.841380 0.014606 0.013103 0.006930 0.000382 0.114608 0.008991 2.273360
0.841458 0.014603 0.013139 0.006929 0.000388 0.114486 0.008996 2.274807
0.841420 0.014696 0.013115 0.006897 0.000394 0.114476 0.009001 2.276191
0.841355 0.014748 0.013178 0.006884 0.000392 0.114438 0.009005 2.277614
0.841347 0.014772 0.013157 0.006889 0.000389 0.114438 0.009009 2.279030
0.841319 0.014752 0.013164 0.006867 0.000388 0.114499 0.009012 2.280500
0.841319 0.014710 0.013159 0.006864 0.000384 0.114547 0.009017 2.281946
0.841303 0.014710 0.013200 0.006878 0.000380 0.114507 0.009022 2.283406
0.841213 0.014709 0.013284 0.006897 0.000379 0.114490 0.009027 2.284885
0.841176 0.014736 0.013243 0.006865 0.000387 0.114562 0.009031 2.286294
0.841215 0.014686 0.013202 0.006940 0.000380 0.114542 0.009036 2.287766
0.841134 0.014760 0.013152 0.006951 0.000386 0.114578 0.009038 2.289194
0.841055 0.014780 0.013132 0.006974 0.000383 0.114635 0.009042 2.290669
0.841033 0.014799 0.013142 0.006965 0.000385 0.114631 0.009046 2.292101
0.840993 0.014813 0.013124 0.006980 0.000384 0.114654 0.009053 2.293556
0.840927 0.014826 0.013133 0.006945 0.000390 0.114723 0.009057 2.295023
0.840926 0.014840 0.013122 0.006965 0.000387 0.114695 0.009064 2.296441
0.840829 0.014876 0.013117 0.006974 0.000394 0.114744 0.009067 2.297913
0.840770 0.014944 0.013121 0.007004 0.000392 0.114699 0.009071 2.299344
0.840722 0.014912 0.013156 0.007049 0.000394 0.114691 0.009076 2.300858
0.840718 0.014949 0.013162 0.007042 0.000395 0.114658 0.009077 2.302269
0.840620 0.014961 0.013217 0.007026 0.000397 0.114700 0.009080 2.303751
0.840632 0.014931 0.013197 0.007053 0.000397 0.114708 0.009083 2.305191
0.840646 0.014924 0.013212 0.007062 0.000401 0.114666 0.009089 2.306639
0.840563 0.014944 0.013208 0.007089 0.000398 0.114705 0.009093 2.308092
0.840565 0.014944 0.013230 0.007097 0.000401 0.114665 0.009098 2.309551
0.840499 0.014981 0.013209 0.007096 0.000406 0.114706 0.009103 2.310995
0.840513 0.014979 0.013205 0.007099 0.000406 0.114692 0.009107 2.312436
0.840488 0.015017 0.013188 0.007091 0.000407 0.114698 0.009113 2.313879
0.840486 0.014929 0.013261 0.007116 0.000415 0.114675 0.009117 2.315415
0.840477 0.014912 0.013255 0.007105 0.000412 0.114716 0.009122 2.316872
0.840370 0.014926 0.013289 0.007112 0.000414 0.114764 0.009126 2.318355
0.840312 0.015001 0.013295 0.007095 0.000416 0.114749 0.009132 2.319794
0.840302 0.014915 0.013308 0.007101 0.000416 0.114823 0.009136 2.321277
0.840278 0.014896 0.013323 0.007083 0.000414 0.114868 0.009139 2.322756
0.840258 0.014891 0.013348 0.007041 0.000411 0.114907 0.009145 2.324206
0.840287 0.014878 0.013357 0.007059 0.000412 0.114860 0.009148 2.325678
0.840271 0.014849 0.013358 0.007093 0.000410 0.114868 0.009152 2.327148
