0.369959 0.061415 0.054748 0.031667 0.001913 0.474507 0.005791 1.551688
0.372610 0.058774 0.054683 0.031456 0.001928 0.474740 0.005809 1.557617
0.376243 0.055458 0.054487 0.031091 0.001932 0.474953 0.005836 1.563287
0.380332 0.052158 0.053984 0.030570 0.001924 0.475175 0.005858 1.568453
0.384767 0.048701 0.053491 0.029991 0.001929 0.475236 0.005885 1.573395
0.389463 0.045346 0.052889 0.029363 0.001942 0.475094 0.005903 1.577985
0.394404 0.042047 0.052073 0.028619 0.001949 0.474986 0.005922 1.582291
0.399414 0.038922 0.051163 0.027891 0.001937 0.474720 0.005953 1.586333
0.404629 0.035975 0.050089 0.027087 0.001943 0.474301 0.005976 1.590027
0.409835 0.033267 0.048948 0.026201 0.001942 0.473806 0.006000 1.593433
0.415060 0.030801 0.047674 0.025297 0.001933 0.473207 0.006028 1.596520
0.420492 0.028500 0.046325 0.024386 0.001927 0.472315 0.006054 1.599379
0.425772 0.026353 0.044956 0.023471 0.001908 0.471456 0.006085 1.602045
0.431236 0.024341 0.043540 0.022527 0.001894 0.470353 0.006108 1.604504
0.436659 0.022515 0.042028 0.021665 0.001869 0.469138 0.006126 1.606776
0.442125 0.020782 0.040553 0.020823 0.001856 0.467711 0.006150 1.608915
0.447556 0.019224 0.039050 0.019959 0.001834 0.466202 0.006174 1.610873
0.453058 0.017791 0.037575 0.019119 0.001811 0.464446 0.006198 1.612682
0.458365 0.016452 0.036211 0.018211 0.001793 0.462742 0.006226 1.614380
0.463805 0.015218 0.034809 0.017355 0.001769 0.460791 0.006252 1.615962
0.469192 0.014142 0.033337 0.016596 0.001753 0.458709 0.006271 1.617355
0.474658 0.013119 0.031950 0.015834 0.001719 0.456423 0.006297 1.618703
0.480046 0.012183 0.030613 0.015096 0.001696 0.454045 0.006321 1.619954
0.485470 0.011311 0.029279 0.014392 0.001664 0.451546 0.006338 1.621112
0.490916 0.010487 0.027924 0.013729 0.001629 0.448953 0.006362 1.622198
0.496332 0.009708 0.026686 0.013057 0.001602 0.446235 0.006381 1.623207
0.501630 0.009045 0.025536 0.012434 0.001571 0.443386 0.006399 1.624122
0.506924 0.008391 0.024367 0.011841 0.001524 0.440533 0.006421 1.625010
0.512166 0.007779 0.023261 0.011262 0.001493 0.437595 0.006445 1.625837
0.517405 0.007246 0.022128 0.010719 0.001460 0.434580 0.006462 1.626590
0.522589 0.006761 0.021073 0.010157 0.001427 0.431513 0.006482 1.627272
0.527802 0.006287 0.020088 0.009638 0.001397 0.428287 0.006501 1.627943
0.532985 0.005879 0.019106 0.009165 0.001368 0.424977 0.006521 1.628536
0.538205 0.005507 0.018180 0.008674 0.001332 0.421561 0.006541 1.629074
0.543253 0.005133 0.017289 0.008280 0.001301 0.418187 0.006558 1.629617
0.548263 0.004883 0.016410 0.007836 0.001268 0.414768 0.006573 1.630087
0.553263 0.004589 0.015615 0.007449 0.001246 0.411253 0.006586 1.630570
0.558280 0.004270 0.014896 0.007055 0.001221 0.407679 0.006601 1.631029
0.563322 0.003999 0.014155 0.006673 0.001196 0.404043 0.006613 1.631449
0.568148 0.003781 0.013432 0.006325 0.001172 0.400519 0.006625 1.631820
0.572842 0.003562 0.012772 0.006011 0.001149 0.397025 0.006641 1.632200
0.577674 0.003351 0.012092 0.005668 0.001119 0.393442 0.006655 1.632541
0.582315 0.003164 0.011465 0.005339 0.001092 0.389955 0.006670 1.632856
0.587068 0.002983 0.010860 0.005069 0.001060 0.386276 0.006684 1.633160
0.591778 0.002835 0.010332 0.004793 0.001034 0.382531 0.006697 1.633440
0.596442 0.002688 0.009836 0.004549 0.001010 0.378766 0.006710 1.633718
0.600974 0.002540 0.009326 0.004323 0.000974 0.375137 0.006726 1.633979
0.605556 0.002422 0.008859 0.004091 0.000952 0.371383 0.006738 1.634207
0.610090 0.002289 0.008410 0.003873 0.000931 0.367657 0.006750 1.634447
0.614546 0.002158 0.007994 0.003663 0.000908 0.363972 0.006761 1.634671
0.618950 0.002044 0.007595 0.003454 0.000882 0.360299 0.006777 1.634878
0.623405 0.001945 0.007214 0.003278 0.000859 0.356510 0.006789 1.635075
0.627820 0.001861 0.006820 0.003078 0.000818 0.352799 0.006806 1.635246
0.632151 0.001776 0.006484 0.002914 0.000795 0.349064 0.006816 1.635423
0.636364 0.001689 0.006170 0.002738 0.000769 0.345441 0.006830 1.635588
0.640627 0.001619 0.005836 0.002588 0.000741 0.341745 0.006845 1.635742
0.644851 0.001547 0.005531 0.002440 0.000712 0.338056 0.006863 1.635895
0.648974 0.001494 0.005256 0.002317 0.000690 0.334398 0.006872 1.636036
0.652987 0.001418 0.005029 0.002189 0.000671 0.330825 0.006882 1.636179
0.656992 0.001338 0.004752 0.002074 0.000659 0.327299 0.006888 1.636320
0.661012 0.001270 0.004504 0.001968 0.000644 0.323710 0.006893 1.636458
0.664994 0.001218 0.004278 0.001856 0.000628 0.320124 0.006902 1.636577
0.669001 0.001161 0.004064 0.001759 0.000614 0.316495 0.006907 1.636698
0.672855 0.001109 0.003863 0.001672 0.000600 0.312988 0.006914 1.636807
0.676766 0.001076 0.003658 0.001588 0.000584 0.309410 0.006918 1.636904
0.680522 0.001028 0.003496 0.001494 0.000566 0.305967 0.006929 1.637009
0.684272 0.000994 0.003331 0.001417 0.000552 0.302497 0.006936 1.637101
0.687989 0.000957 0.003171 0.001353 0.000533 0.299054 0.006944 1.637198
0.691587 0.000904 0.003011 0.001294 0.000513 0.295737 0.006953 1.637296
0.695217 0.000864 0.002855 0.001228 0.000492 0.292384 0.006960 1.637385
0.698796 0.000820 0.002712 0.001164 0.000467 0.289072 0.006971 1.637471
0.702376 0.000787 0.002581 0.001104 0.000452 0.285724 0.006977 1.637547
0.705853 0.000756 0.002458 0.001029 0.000439 0.282482 0.006984 1.637622
0.709355 0.000729 0.002332 0.000979 0.000425 0.279192 0.006989 1.637697
0.712748 0.000693 0.002238 0.000946 0.000410 0.275969 0.006997 1.637778
0.716169 0.000663 0.002135 0.000898 0.000396 0.272733 0.007006 1.637848
0.719486 0.000632 0.002020 0.000858 0.000381 0.269613 0.007011 1.637916
0.722807 0.000604 0.001926 0.000820 0.000367 0.266458 0.007019 1.637984
0.726069 0.000576 0.001827 0.000783 0.000359 0.263365 0.007023 1.638046
0.729273 0.000563 0.001740 0.000743 0.000347 0.260307 0.007027 1.638097
0.732457 0.000553 0.001656 0.000710 0.000338 0.257258 0.007029 1.638144
0.735560 0.000529 0.001575 0.000678 0.000329 0.254294 0.007036 1.638202
0.738720 0.000515 0.001504 0.000642 0.000321 0.251261 0.007039 1.638249
0.741750 0.000503 0.001426 0.000612 0.000311 0.248359 0.007042 1.638292
0.744751 0.000485 0.001369 0.000575 0.000298 0.245476 0.007047 1.638341
0.747732 0.000472 0.001298 0.000551 0.000286 0.242609 0.007054 1.638382
0.750751 0.000452 0.001245 0.000527 0.000277 0.239689 0.007059 1.638428
0.753760 0.000428 0.001198 0.000508 0.000265 0.236780 0.007063 1.638476
0.756650 0.000407 0.001141 0.000487 0.000253 0.233994 0.007068 1.638521
0.759463 0.000389 0.001090 0.000463 0.000244 0.231279 0.007073 1.638563
0.762349 0.000371 0.001050 0.000440 0.000234 0.228479 0.007077 1.638604
0.765092 0.000359 0.001005 0.000426 0.000222 0.225816 0.007082 1.638640
0.767840 0.000342 0.000959 0.000416 0.000215 0.223146 0.007083 1.638678
0.770604 0.000326 0.000916 0.000396 0.000207 0.220465 0.007088 1.638711
0.773319 0.000315 0.000875 0.000375 0.000199 0.217827 0.007090 1.638741
0.776052 0.000298 0.000849 0.000359 0.000194 0.215157 0.007092 1.638778
0.778666 0.000289 0.000816 0.000339 0.000192 0.212606 0.007093 1.638806
0.781294 0.000290 0.000777 0.000325 0.000184 0.210035 0.007096 1.638831
0.783841 0.000283 0.000743 0.000311 0.000175 0.207548 0.007100 1.638857
0.786313 0.000271 0.000710 0.000296 0.000168 0.205140 0.007103 1.638885
0.788862 0.000272 0.000681 0.000280 0.000160 0.202642 0.007104 1.638904
0.791331 0.000264 0.000658 0.000263 0.000157 0.200221 0.007107 1.638931
0.793837 0.000254 0.000634 0.000250 0.000150 0.197764 0.007111 1.638957
0.796279 0.000248 0.000610 0.000241 0.000142 0.195367 0.007114 1.638985
0.798685 0.000240 0.000586 0.000232 0.000138 0.193003 0.007116 1.639010
0.801052 0.000231 0.000571 0.000223 0.000132 0.190672 0.007118 1.639031
0.803439 0.000220 0.000550 0.000216 0.000124 0.188329 0.007121 1.639058
0.805812 0.000210 0.000532 0.000210 0.000118 0.185996 0.007122 1.639083
0.808085 0.000197 0.000506 0.000203 0.000116 0.183769 0.007124 1.639106
0.810409 0.000187 0.000479 0.000191 0.000112 0.181497 0.007126 1.639129
0.812580 0.000185 0.000455 0.000183 0.000110 0.179363 0.007126 1.639143
0.814786 0.000178 0.000436 0.000176 0.000104 0.177191 0.007128 1.639162
0.816947 0.000177 0.000422 0.000164 0.000103 0.175058 0.007129 1.639176
0.819087 0.000167 0.000399 0.000159 0.000097 0.172960 0.007131 1.639195
0.821141 0.000162 0.000384 0.000157 0.000092 0.170933 0.007131 1.639212
0.823233 0.000157 0.000373 0.000154 0.000090 0.168860 0.007132 1.639229
0.825348 0.000155 0.000364 0.000151 0.000086 0.166762 0.007133 1.639247
0.827428 0.000145 0.000350 0.000140 0.000082 0.164719 0.007136 1.639264
0.829439 0.000136 0.000341 0.000140 0.000081 0.162726 0.007137 1.639282
0.831419 0.000131 0.000324 0.000136 0.000079 0.160772 0.007139 1.639296
0.833320 0.000126 0.000311 0.000129 0.000077 0.158898 0.007139 1.639311
0.835217 0.000127 0.000293 0.000126 0.000077 0.157021 0.007139 1.639322
0.837086 0.000125 0.000283 0.000121 0.000073 0.155170 0.007142 1.639332
0.838953 0.000128 0.000271 0.000114 0.000071 0.153320 0.007143 1.639339
0.840750 0.000125 0.000260 0.000105 0.000070 0.151548 0.007143 1.639349
0.842577 0.000125 0.000248 0.000103 0.000067 0.149737 0.007143 1.639358
0.844335 0.000121 0.000240 0.000099 0.000066 0.147995 0.007144 1.639371
0.846090 0.000120 0.000232 0.000095 0.000064 0.146253 0.007145 1.639383
0.847772 0.000114 0.000225 0.000094 0.000060 0.144589 0.007147 1.639393
0.849418 0.000110 0.000218 0.000088 0.000059 0.142959 0.007148 1.639403
0.851086 0.000104 0.000207 0.000087 0.000055 0.141312 0.007149 1.639414
0.852725 0.000095 0.000203 0.000088 0.000054 0.139684 0.007149 1.639428
0.854350 0.000094 0.000198 0.000086 0.000054 0.138069 0.007149 1.639437
0.855912 0.000091 0.000193 0.000083 0.000051 0.136518 0.007150 1.639449
0.857417 0.000087 0.000181 0.000080 0.000051 0.135033 0.007151 1.639459
0.858992 0.000086 0.000173 0.000075 0.000049 0.133473 0.007152 1.639466
0.860477 0.000087 0.000165 0.000072 0.000047 0.131999 0.007153 1.639472
0.861909 0.000083 0.000163 0.000068 0.000044 0.130580 0.007154 1.639482
0.863297 0.000082 0.000157 0.000064 0.000044 0.129202 0.007154 1.639490
0.864652 0.000081 0.000154 0.000061 0.000041 0.127855 0.007155 1.639497
0.865990 0.000077 0.000150 0.000059 0.000040 0.126529 0.007155 1.639506
0.867285 0.000073 0.000146 0.000055 0.000039 0.125245 0.007156 1.639514
0.868469 0.000074 0.000138 0.000052 0.000039 0.124072 0.007156 1.639520
0.869646 0.000071 0.000132 0.000053 0.000038 0.122904 0.007156 1.639527
0.870816 0.000070 0.000121 0.000050 0.000037 0.121750 0.007156 1.639534
0.871947 0.000066 0.000117 0.000050 0.000036 0.120627 0.007156 1.639542
0.873039 0.000061 0.000117 0.000049 0.000034 0.119543 0.007157 1.639552
0.874073 0.000062 0.000114 0.000049 0.000032 0.118512 0.007159 1.639556
0.875078 0.000060 0.000113 0.000048 0.000030 0.117511 0.007161 1.639562
0.876024 0.000058 0.000108 0.000046 0.000029 0.116573 0.007161 1.639567
0.876952 0.000058 0.000103 0.000046 0.000028 0.115651 0.007161 1.639572
0.877850 0.000057 0.000102 0.000043 0.000027 0.114759 0.007162 1.639576
0.878709 0.000051 0.000101 0.000041 0.000025 0.113910 0.007162 1.639584
0.879548 0.000049 0.000097 0.000040 0.000025 0.113078 0.007162 1.639591
0.880347 0.000045 0.000095 0.000038 0.000025 0.112288 0.007162 1.639598
0.881164 0.000043 0.000090 0.000039 0.000023 0.111477 0.007163 1.639603
0.881943 0.000042 0.000086 0.000037 0.000023 0.110704 0.007163 1.639607
0.882698 0.000042 0.000082 0.000038 0.000022 0.109954 0.007164 1.639612
0.883388 0.000038 0.000081 0.000038 0.000021 0.109269 0.007164 1.639618
0.884101 0.000037 0.000080 0.000036 0.000020 0.108563 0.007164 1.639623
0.884778 0.000031 0.000080 0.000034 0.000018 0.107894 0.007165 1.639630
0.885416 0.000032 0.000075 0.000033 0.000017 0.107261 0.007166 1.639634
0.886056 0.000034 0.000066 0.000031 0.000017 0.106630 0.007166 1.639634
0.886655 0.000033 0.000063 0.000029 0.000018 0.106037 0.007166 1.639636
0.887207 0.000032 0.000059 0.000029 0.000017 0.105489 0.007166 1.639639
0.887736 0.000031 0.000056 0.000027 0.000016 0.104968 0.007167 1.639642
0.888226 0.000031 0.000056 0.000026 0.000015 0.104479 0.007167 1.639644
0.888714 0.000029 0.000055 0.000027 0.000014 0.103993 0.007168 1.639647
0.889209 0.000029 0.000056 0.000025 0.000014 0.103499 0.007168 1.639649
0.889655 0.000027 0.000054 0.000025 0.000013 0.103057 0.007168 1.639652
0.890126 0.000029 0.000052 0.000025 0.000013 0.102586 0.007168 1.639653
0.890601 0.000028 0.000052 0.000022 0.000013 0.102116 0.007168 1.639656
0.891046 0.000027 0.000049 0.000022 0.000013 0.101674 0.007168 1.639658
0.891465 0.000026 0.000047 0.000021 0.000013 0.101261 0.007168 1.639660
0.891900 0.000025 0.000047 0.000019 0.000013 0.100827 0.007168 1.639663
0.892312 0.000027 0.000045 0.000017 0.000013 0.100417 0.007168 1.639663
0.892695 0.000028 0.000042 0.000016 0.000013 0.100037 0.007168 1.639665
0.893080 0.000027 0.000042 0.000017 0.000012 0.099655 0.007169 1.639669
0.893433 0.000024 0.000042 0.000016 0.000011 0.099303 0.007170 1.639672
0.893784 0.000022 0.000041 0.000016 0.000011 0.098957 0.007170 1.639675
0.894133 0.000020 0.000040 0.000014 0.000010 0.098612 0.007170 1.639679
0.894462 0.000020 0.000040 0.000013 0.000011 0.098284 0.007170 1.639680
0.894759 0.000021 0.000037 0.000013 0.000011 0.097990 0.007170 1.639681
0.895055 0.000018 0.000039 0.000013 0.000011 0.097695 0.007170 1.639684
0.895351 0.000016 0.000037 0.000014 0.000011 0.097402 0.007170 1.639687
0.895637 0.000015 0.000036 0.000014 0.000010 0.097119 0.007170 1.639688
0.895928 0.000016 0.000033 0.000014 0.000010 0.096830 0.007170 1.639688
0.896203 0.000015 0.000032 0.000013 0.000010 0.096557 0.007170 1.639690
0.896462 0.000016 0.000032 0.000012 0.000009 0.096299 0.007171 1.639691
0.896723 0.000014 0.000032 0.000012 0.000009 0.096040 0.007171 1.639693
0.896962 0.000014 0.000031 0.000012 0.000009 0.095802 0.007171 1.639695
0.897202 0.000014 0.000031 0.000011 0.000009 0.095564 0.007171 1.639697
0.897418 0.000013 0.000028 0.000010 0.000009 0.095351 0.007171 1.639698
0.897633 0.000013 0.000026 0.000011 0.000009 0.095138 0.007171 1.639699
0.897835 0.000014 0.000024 0.000010 0.000009 0.094938 0.007171 1.639699
0.898028 0.000015 0.000024 0.000008 0.000009 0.094746 0.007171 1.639700
0.898229 0.000015 0.000024 0.000007 0.000008 0.094545 0.007171 1.639701
0.898397 0.000014 0.000024 0.000007 0.000008 0.094379 0.007171 1.639703
0.898563 0.000015 0.000023 0.000005 0.000008 0.094215 0.007171 1.639703
0.898712 0.000017 0.000020 0.000005 0.000008 0.094067 0.007171 1.639704
0.898851 0.000019 0.000019 0.000005 0.000008 0.093926 0.007171 1.639704
0.899006 0.000022 0.000019 0.000005 0.000008 0.093769 0.007171 1.639705
0.899156 0.000021 0.000018 0.000006 0.000008 0.093621 0.007171 1.639707
0.899285 0.000022 0.000019 0.000006 0.000007 0.093490 0.007171 1.639708
0.899417 0.000020 0.000019 0.000006 0.000006 0.093361 0.007171 1.639710
0.899554 0.000019 0.000019 0.000006 0.000006 0.093225 0.007171 1.639711
0.899679 0.000019 0.000019 0.000005 0.000006 0.093101 0.007171 1.639712
0.899799 0.000018 0.000019 0.000006 0.000006 0.092981 0.007171 1.639715
0.899908 0.000016 0.000019 0.000007 0.000006 0.092874 0.007171 1.639717
0.900015 0.000015 0.000019 0.000007 0.000005 0.092768 0.007171 1.639719
0.900122 0.000016 0.000018 0.000006 0.000005 0.092663 0.007171 1.639719
0.900213 0.000018 0.000018 0.000006 0.000005 0.092569 0.007171 1.639720
0.900308 0.000017 0.000017 0.000005 0.000005 0.092478 0.007171 1.639722
0.900404 0.000017 0.000015 0.000005 0.000005 0.092385 0.007171 1.639723
0.900484 0.000016 0.000014 0.000004 0.000005 0.092306 0.007171 1.639725
0.900550 0.000016 0.000014 0.000005 0.000005 0.092240 0.007171 1.639726
0.900620 0.000016 0.000014 0.000005 0.000004 0.092170 0.007172 1.639727
0.900695 0.000016 0.000014 0.000005 0.000004 0.092096 0.007172 1.639728
0.900758 0.000015 0.000014 0.000006 0.000003 0.092033 0.007172 1.639730
0.900818 0.000013 0.000016 0.000006 0.000003 0.091973 0.007172 1.639733
0.900872 0.000015 0.000016 0.000005 0.000003 0.091917 0.007172 1.639734
0.900926 0.000016 0.000015 0.000005 0.000003 0.091864 0.007172 1.639735
0.900984 0.000013 0.000016 0.000005 0.000003 0.091807 0.007172 1.639737
0.901037 0.000013 0.000017 0.000005 0.000003 0.091754 0.007172 1.639737
0.901090 0.000013 0.000017 0.000005 0.000003 0.091700 0.007172 1.639738
0.901143 0.000012 0.000016 0.000005 0.000003 0.091649 0.007172 1.639739
0.901201 0.000012 0.000016 0.000005 0.000002 0.091591 0.007172 1.639740
0.901260 0.000011 0.000017 0.000004 0.000001 0.091534 0.007173 1.639741
0.901307 0.000011 0.000017 0.000005 0.000001 0.091486 0.007173 1.639742
0.901350 0.000011 0.000016 0.000004 0.000001 0.091445 0.007173 1.639743
0.901405 0.000011 0.000016 0.000003 0.000001 0.091391 0.007173 1.639744
0.901445 0.000010 0.000017 0.000003 0.000001 0.091351 0.007173 1.639745
0.901484 0.000011 0.000015 0.000003 0.000001 0.091313 0.007173 1.639746
0.901524 0.000012 0.000012 0.000003 0.000001 0.091274 0.007173 1.639747
0.901557 0.000012 0.000012 0.000003 0.000001 0.091241 0.007173 1.639749
0.901595 0.000012 0.000012 0.000003 0.000001 0.091204 0.007173 1.639750
0.901631 0.000011 0.000012 0.000003 0.000001 0.091170 0.007173 1.639751
0.901661 0.000012 0.000011 0.000002 0.000001 0.091140 0.007173 1.639751
0.901692 0.000013 0.000011 0.000002 0.000001 0.091108 0.007173 1.639751
0.901723 0.000011 0.000012 0.000002 0.000001 0.091079 0.007173 1.639754
0.901749 0.000010 0.000013 0.000003 0.000001 0.091052 0.007173 1.639757
0.901781 0.000009 0.000013 0.000003 0.000001 0.091020 0.007173 1.639757
0.901815 0.000008 0.000012 0.000002 0.000001 0.090988 0.007173 1.639757
0.901852 0.000008 0.000012 0.000003 0.000001 0.090951 0.007173 1.639759
0.901881 0.000009 0.000011 0.000003 0.000001 0.090923 0.007173 1.639759
0.901905 0.000010 0.000011 0.000003 0.000001 0.090898 0.007173 1.639759
0.901936 0.000007 0.000011 0.000003 0.000001 0.090868 0.007173 1.639761
0.901959 0.000008 0.000010 0.000004 0.000001 0.090846 0.007173 1.639762
0.901984 0.000008 0.000009 0.000005 0.000001 0.090820 0.007173 1.639763
0.902007 0.000007 0.000009 0.000004 0.000000 0.090799 0.007173 1.639763
0.902029 0.000006 0.000010 0.000005 0.000000 0.090777 0.007173 1.639765
0.902052 0.000006 0.000008 0.000005 0.000000 0.090756 0.007173 1.639765
0.902074 0.000004 0.000008 0.000006 0.000000 0.090734 0.007173 1.639767
0.902095 0.000004 0.000008 0.000006 0.000000 0.090712 0.007173 1.639767
0.902119 0.000004 0.000008 0.000006 0.000000 0.090689 0.007173 1.639767
0.902143 0.000005 0.000008 0.000007 0.000000 0.090664 0.007173 1.639768
0.902162 0.000005 0.000008 0.000006 0.000000 0.090646 0.007173 1.639768
0.902181 0.000005 0.000007 0.000006 0.000000 0.090628 0.007173 1.639768
0.902196 0.000005 0.000006 0.000006 0.000000 0.090614 0.007173 1.639768
0.902214 0.000005 0.000007 0.000006 0.000000 0.090596 0.007173 1.639768
0.902236 0.000006 0.000006 0.000005 0.000000 0.090573 0.007173 1.639768
0.902251 0.000006 0.000006 0.000005 0.000000 0.090558 0.007173 1.639768
0.902267 0.000006 0.000006 0.000005 0.000000 0.090543 0.007173 1.639769
0.902282 0.000006 0.000006 0.000006 0.000000 0.090528 0.007173 1.639770
0.902293 0.000006 0.000006 0.000005 0.000000 0.090518 0.007173 1.639770
0.902305 0.000005 0.000006 0.000005 0.000000 0.090506 0.007173 1.639771
0.902317 0.000005 0.000007 0.000005 0.000000 0.090493 0.007173 1.639771
0.902332 0.000005 0.000007 0.000004 0.000000 0.090479 0.007173 1.639771
0.902343 0.000005 0.000007 0.000003 0.000000 0.090469 0.007173 1.639773
0.902353 0.000005 0.000007 0.000003 0.000000 0.090460 0.007173 1.639773
0.902369 0.000005 0.000007 0.000003 0.000000 0.090444 0.007173 1.639773
0.902381 0.000005 0.000007 0.000002 0.000000 0.090432 0.007173 1.639773
0.902395 0.000005 0.000008 0.000002 0.000000 0.090417 0.007173 1.639774
0.902407 0.000005 0.000008 0.000002 0.000000 0.090405 0.007173 1.639775
0.902423 0.000004 0.000007 0.000003 0.000000 0.090389 0.007173 1.639775
0.902432 0.000004 0.000008 0.000003 0.000000 0.090380 0.007173 1.639777
0.902445 0.000004 0.000008 0.000003 0.000000 0.090367 0.007173 1.639777
0.902457 0.000004 0.000008 0.000002 0.000000 0.090355 0.007173 1.639777
0.902468 0.000005 0.000008 0.000002 0.000000 0.090344 0.007173 1.639777
0.902479 0.000005 0.000008 0.000002 0.000000 0.090334 0.007173 1.639777
0.902490 0.000005 0.000008 0.000002 0.000000 0.090322 0.007173 1.639777
0.902499 0.000005 0.000008 0.000002 0.000000 0.090313 0.007173 1.639778
0.902510 0.000006 0.000008 0.000002 0.000000 0.090302 0.007173 1.639778
0.902520 0.000006 0.000007 0.000001 0.000000 0.090293 0.007173 1.639779
0.902534 0.000005 0.000008 0.000001 0.000000 0.090279 0.007173 1.639779
0.902543 0.000005 0.000008 0.000002 0.000000 0.090269 0.007173 1.639780
0.902551 0.000005 0.000007 0.000002 0.000000 0.090261 0.007173 1.639781
0.902560 0.000005 0.000008 0.000002 0.000000 0.090252 0.007173 1.639782
0.902571 0.000004 0.000008 0.000002 0.000000 0.090241 0.007173 1.639782
0.902582 0.000004 0.000008 0.000002 0.000000 0.090231 0.007173 1.639783
0.902591 0.000004 0.000007 0.000002 0.000000 0.090223 0.007173 1.639783
0.902598 0.000004 0.000006 0.000002 0.000000 0.090217 0.007173 1.639783
0.902603 0.000004 0.000006 0.000002 0.000000 0.090212 0.007173 1.639783
0.902611 0.000004 0.000006 0.000001 0.000000 0.090205 0.007173 1.639783
0.902616 0.000004 0.000006 0.000000 0.000000 0.090201 0.007173 1.639783
0.902625 0.000003 0.000006 0.000000 0.000000 0.090191 0.007173 1.639784
0.902633 0.000005 0.000006 0.000000 0.000000 0.090183 0.007173 1.639784
0.902637 0.000003 0.000008 0.000001 0.000000 0.090177 0.007173 1.639786
0.902644 0.000004 0.000007 0.000001 0.000000 0.090171 0.007173 1.639786
0.902652 0.000004 0.000008 0.000001 0.000000 0.090162 0.007173 1.639786
0.902660 0.000005 0.000006 0.000001 0.000000 0.090155 0.007173 1.639787
0.902666 0.000004 0.000007 0.000001 0.000000 0.090148 0.007173 1.639787
0.902672 0.000004 0.000007 0.000000 0.000000 0.090143 0.007173 1.639788
0.902676 0.000004 0.000008 0.000000 0.000000 0.090138 0.007173 1.639788
0.902682 0.000004 0.000008 0.000000 0.000000 0.090132 0.007173 1.639788
0.902688 0.000004 0.000008 0.000000 0.000000 0.090126 0.007173 1.639788
0.902694 0.000004 0.000008 0.000000 0.000000 0.090120 0.007173 1.639788
0.902702 0.000004 0.000008 0.000001 0.000000 0.090113 0.007173 1.639789
0.902709 0.000004 0.000007 0.000001 0.000000 0.090106 0.007173 1.639789
0.902714 0.000004 0.000007 0.000001 0.000000 0.090101 0.007173 1.639789
0.902722 0.000004 0.000006 0.000002 0.000000 0.090094 0.007173 1.639790
0.902727 0.000004 0.000005 0.000002 0.000000 0.090089 0.007173 1.639790
0.902734 0.000003 0.000005 0.000001 0.000000 0.090084 0.007173 1.639790
0.902739 0.000003 0.000005 0.000000 0.000000 0.090079 0.007173 1.639790
0.902744 0.000003 0.000005 0.000000 0.000000 0.090075 0.007173 1.639790
0.902748 0.000002 0.000006 0.000000 0.000000 0.090071 0.007173 1.639791
0.902750 0.000002 0.000005 0.000000 0.000000 0.090069 0.007173 1.639791
0.902752 0.000002 0.000004 0.000000 0.000000 0.090068 0.007173 1.639791
0.902756 0.000002 0.000004 0.000000 0.000000 0.090064 0.007173 1.639791
0.902761 0.000002 0.000004 0.000000 0.000000 0.090060 0.007173 1.639791
0.902762 0.000002 0.000004 0.000000 0.000000 0.090058 0.007173 1.639791
0.902766 0.000002 0.000003 0.000000 0.000000 0.090054 0.007173 1.639791
0.902770 0.000002 0.000003 0.000000 0.000000 0.090051 0.007173 1.639791
0.902773 0.000002 0.000003 0.000000 0.000000 0.090048 0.007173 1.639791
0.902776 0.000002 0.000003 0.000000 0.000000 0.090045 0.007173 1.639792
0.902782 0.000001 0.000004 0.000000 0.000000 0.090039 0.007173 1.639792
0.902786 0.000001 0.000003 0.000000 0.000000 0.090036 0.007173 1.639792
0.902789 0.000001 0.000003 0.000000 0.000000 0.090033 0.007173 1.639792
0.902791 0.000001 0.000003 0.000000 0.000000 0.090031 0.007173 1.639793
0.902793 0.000000 0.000005 0.000000 0.000000 0.090028 0.007173 1.639794
0.902795 0.000000 0.000005 0.000001 0.000000 0.090026 0.007173 1.639795
0.902798 0.000001 0.000004 0.000001 0.000000 0.090023 0.007173 1.639795
0.902802 0.000000 0.000005 0.000001 0.000000 0.090019 0.007173 1.639795
0.902803 0.000002 0.000005 0.000001 0.000000 0.090016 0.007173 1.639795
0.902807 0.000002 0.000005 0.000000 0.000000 0.090013 0.007173 1.639795
0.902811 0.000002 0.000005 0.000000 0.000000 0.090009 0.007173 1.639795
0.902813 0.000002 0.000005 0.000000 0.000000 0.090007 0.007173 1.639795
0.902817 0.000001 0.000004 0.000001 0.000000 0.090004 0.007173 1.639796
0.902820 0.000001 0.000004 0.000001 0.000000 0.090001 0.007173 1.639796
0.902824 0.000001 0.000003 0.000001 0.000000 0.089997 0.007173 1.639796
0.902826 0.000001 0.000003 0.000001 0.000000 0.089996 0.007173 1.639796
0.902829 0.000000 0.000003 0.000001 0.000000 0.089992 0.007173 1.639796
0.902832 0.000000 0.000003 0.000001 0.000000 0.089989 0.007173 1.639796
0.902833 0.000000 0.000003 0.000001 0.000000 0.089990 0.007173 1.639796
0.902835 0.000000 0.000003 0.000002 0.000000 0.089988 0.007173 1.639796
0.902837 0.000000 0.000002 0.000002 0.000000 0.089987 0.007173 1.639796
0.902839 0.000000 0.000002 0.000002 0.000000 0.089984 0.007173 1.639796
0.902841 0.000000 0.000002 0.000002 0.000000 0.089982 0.007173 1.639796
0.902843 0.000000 0.000002 0.000002 0.000000 0.089981 0.007173 1.639796
0.902844 0.000000 0.000002 0.000002 0.000000 0.089979 0.007173 1.639796
0.902846 0.000000 0.000002 0.000002 0.000000 0.089978 0.007173 1.639796
0.902847 0.000000 0.000001 0.000001 0.000000 0.089978 0.007173 1.639796
0.902849 0.000000 0.000001 0.000001 0.000000 0.089976 0.007173 1.639796
0.902851 0.000000 0.000001 0.000001 0.000000 0.089973 0.007173 1.639796
0.902853 0.000000 0.000001 0.000001 0.000000 0.089972 0.007173 1.639796
0.902855 0.000000 0.000001 0.000001 0.000000 0.089970 0.007173 1.639796
0.902856 0.000000 0.000001 0.000000 0.000000 0.089969 0.007173 1.639796
0.902857 0.000000 0.000001 0.000000 0.000000 0.089968 0.007173 1.639796
0.902859 0.000000 0.000000 0.000000 0.000000 0.089967 0.007173 1.639796
0.902860 0.000000 0.000000 0.000000 0.000000 0.089965 0.007173 1.639796
0.902862 0.000000 0.000000 0.000000 0.000000 0.089964 0.007173 1.639796
0.902864 0.000000 0.000000 0.000000 0.000000 0.089962 0.007173 1.639796
0.902865 0.000000 0.000000 0.000000 0.000000 0.089960 0.007173 1.639796
0.902866 0.000000 0.000000 0.000000 0.000000 0.089959 0.007173 1.639796
0.902867 0.000000 0.000000 0.000000 0.000000 0.089958 0.007173 1.639796
0.902868 0.000000 0.000000 0.000000 0.000000 0.089957 0.007173 1.639796
0.902870 0.000000 0.000000 0.000000 0.000000 0.089956 0.007173 1.639796
0.902871 0.000000 0.000000 0.000000 0.000000 0.089955 0.007173 1.639796
0.902872 0.000000 0.000000 0.000000 0.000000 0.089954 0.007173 1.639796
0.902873 0.000000 0.000000 0.000000 0.000000 0.089953 0.007173 1.639796
0.902874 0.000000 0.000000 0.000000 0.000000 0.089952 0.007173 1.639796
0.902875 0.000000 0.000000 0.000000 0.000000 0.089951 0.007173 1.639796
0.902876 0.000000 0.000000 0.000000 0.000000 0.089950 0.007173 1.639796
0.902877 0.000000 0.000000 0.000000 0.000000 0.089949 0.007173 1.639796
0.902878 0.000000 0.000000 0.000000 0.000000 0.089948 0.007173 1.639796
0.902879 0.000000 0.000000 0.000000 0.000000 0.089947 0.007173 1.639796
0.902881 0.000000 0.000000 0.000000 0.000000 0.089944 0.007173 1.639796
0.902882 0.000000 0.000000 0.000000 0.000000 0.089944 0.007173 1.639796
0.902882 0.000000 0.000000 0.000000 0.000000 0.089944 0.007173 1.639796
0.902883 0.000000 0.000000 0.000000 0.000000 0.089943 0.007173 1.639796
0.902883 0.000000 0.000000 0.000000 0.000000 0.089943 0.007173 1.639796
0.902884 0.000000 0.000000 0.000000 0.000000 0.089942 0.007173 1.639796
0.902884 0.000000 0.000000 0.000000 0.000000 0.089942 0.007173 1.639796
0.902885 0.000000 0.000000 0.000000 0.000000 0.089941 0.007173 1.639796
0.902885 0.000000 0.000000 0.000000 0.000000 0.089941 0.007173 1.639796
0.902886 0.000000 0.000000 0.000000 0.000000 0.089940 0.007173 1.639796
0.902886 0.000000 0.000000 0.000000 0.000000 0.089940 0.007173 1.639796
0.902887 0.000000 0.000000 0.000000 0.000000 0.089939 0.007173 1.639796
0.902887 0.000000 0.000000 0.000000 0.000000 0.089939 0.007173 1.639796
0.902888 0.000000 0.000000 0.000000 0.000000 0.089938 0.007173 1.639796
0.902889 0.000000 0.000000 0.000000 0.000000 0.089937 0.007173 1.639796
0.902890 0.000000 0.000000 0.000000 0.000000 0.089936 0.007173 1.639796
0.902892 0.000000 0.000000 0.000000 0.000000 0.089934 0.007173 1.639796
0.902892 0.000000 0.000000 0.000000 0.000000 0.089934 0.007173 1.639796
0.902893 0.000000 0.000000 0.000000 0.000000 0.089933 0.007173 1.639796
0.902893 0.000000 0.000000 0.000000 0.000000 0.089934 0.007173 1.639796
0.902893 0.000000 0.000000 0.000000 0.000000 0.089934 0.007173 1.639796
0.902893 0.000000 0.000000 0.000000 0.000000 0.089934 0.007173 1.639796
0.902893 0.000000 0.000000 0.000000 0.000000 0.089934 0.007173 1.639796
0.902893 0.000000 0.000000 0.000000 0.000000 0.089934 0.007173 1.639796
0.902893 0.000000 0.000000 0.000000 0.000000 0.089934 0.007173 1.639796
0.902893 0.000000 0.000000 0.000000 0.000000 0.089934 0.007173 1.639796
0.902893 0.000000 0.000000 0.000000 0.000000 0.089934 0.007173 1.639796
0.902893 0.000000 0.000000 0.000000 0.000000 0.089934 0.007173 1.639796
0.902893 0.000000 0.000000 0.000000 0.000000 0.089934 0.007173 1.639796
0.902893 0.000000 0.000000 0.000000 0.000000 0.089934 0.007173 1.639796
0.902893 0.000000 0.000000 0.000000 0.000000 0.089934 0.007173 1.639796
0.902893 0.000000 0.000000 0.000000 0.000000 0.089934 0.007173 1.639796
0.902893 0.000000 0.000000 0.000000 0.000000 0.089934 0.007173 1.639796
0.902893 0.000000 0.000000 0.000000 0.000000 0.089934 0.007173 1.639796
0.902893 0.000000 0.000000 0.000000 0.000000 0.089934 0.007173 1.639796
0.902893 0.000000 0.000000 0.000000 0.000000 0.089934 0.007173 1.639796
0.902893 0.000000 0.000000 0.000000 0.000000 0.089934 0.007173 1.639796
0.902893 0.000000 0.000000 0.000000 0.000000 0.089934 0.007173 1.639796
0.902893 0.000000 0.000000 0.000000 0.000000 0.089934 0.007173 1.639796
0.902893 0.000000 0.000000 0.000000 0.000000 0.089934 0.007173 1.639796
0.902893 0.000000 0.000000 0.000000 0.000000 0.089934 0.007173 1.639796
0.902893 0.000000 0.000000 0.000000 0.000000 0.089934 0.007173 1.639796
0.902893 0.000000 0.000000 0.000000 0.000000 0.089934 0.007173 1.639796
0.902893 0.000000 0.000000 0.000000 0.000000 0.089934 0.007173 1.639796
0.902893 0.000000 0.000000 0.000000 0.000000 0.089934 0.007173 1.639796
0.902893 0.000000 0.000000 0.000000 0.000000 0.089934 0.007173 1.639796
0.902893 0.000000 0.000000 0.000000 0.000000 0.089934 0.007173 1.639796
0.902893 0.000000 0.000000 0.000000 0.000000 0.089934 0.007173 1.639796
0.902893 0.000000 0.000000 0.000000 0.000000 0.089934 0.007173 1.639796
0.902893 0.000000 0.000000 0.000000 0.000000 0.089934 0.007173 1.639796
0.902893 0.000000 0.000000 0.000000 0.000000 0.089934 0.007173 1.639796
0.902893 0.000000 0.000000 0.000000 0.000000 0.089934 0.007173 1.639796
0.902893 0.000000 0.000000 0.000000 0.000000 0.089934 0.007173 1.639796
0.902893 0.000000 0.000000 0.000000 0.000000 0.089934 0.007173 1.639796
0.902893 0.000000 0.000000 0.000000 0.000000 0.089934 0.007173 1.639796
0.902893 0.000000 0.000000 0.000000 0.000000 0.089934 0.007173 1.639796
0.902893 0.000000 0.000000 0.000000 0.000000 0.089934 0.007173 1.639796
0.902893 0.000000 0.000000 0.000000 0.000000 0.089934 0.007173 1.639796
0.902893 0.000000 0.000000 0.000000 0.000000 0.089934 0.007173 1.639796
0.902893 0.000000 0.000000 0.000000 0.000000 0.089934 0.007173 1.639796
0.902893 0.000000 0.000000 0.000000 0.000000 0.089934 0.007173 1.639796
0.902893 0.000000 0.000000 0.000000 0.000000 0.089934 0.007173 1.639796
0.902893 0.000000 0.000000 0.000000 0.000000 0.089934 0.007173 1.639796
0.902893 0.000000 0.000000 0.000000 0.000000 0.089934 0.007173 1.639796
0.902893 0.000000 0.000000 0.000000 0.000000 0.089934 0.007173 1.639796
0.902893 0.000000 0.000000 0.000000 0.000000 0.089934 0.007173 1.639796
0.902893 0.000000 0.000000 0.000000 0.000000 0.089934 0.007173 1.639796
0.902893 0.000000 0.000000 0.000000 0.000000 0.089934 0.007173 1.639796
0.902893 0.000000 0.000000 0.000000 0.000000 0.089934 0.007173 1.639796
0.902893 0.000000 0.000000 0.000000 0.000000 0.089934 0.007173 1.639796
0.902893 0.000000 0.000000 0.000000 0.000000 0.089934 0.007173 1.639796
0.902893 0.000000 0.000000 0.000000 0.000000 0.089934 0.007173 1.639796
0.902893 0.000000 0.000000 0.000000 0.000000 0.089934 0.007173 1.639796
0.902893 0.000000 0.000000 0.000000 0.000000 0.089934 0.007173 1.639796
0.902893 0.000000 0.000000 0.000000 0.000000 0.089934 0.007173 1.639796
0.902893 0.000000 0.000000 0.000000 0.000000 0.089934 0.007173 1.639796
0.902893 0.000000 0.000000 0.000000 0.000000 0.089934 0.007173 1.639796
0.902893 0.000000 0.000000 0.000000 0.000000 0.089934 0.007173 1.639796
0.902893 0.000000 0.000000 0.000000 0.000000 0.089934 0.007173 1.639796
0.902893 0.000000 0.000000 0.000000 0.000000 0.089934 0.007173 1.639796
0.902893 0.000000 0.000000 0.000000 0.000000 0.089934 0.007173 1.639796
0.902893 0.000000 0.000000 0.000000 0.000000 0.089934 0.007173 1.639796
0.902893 0.000000 0.000000 0.000000 0.000000 0.089934 0.007173 1.639796
0.902893 0.000000 0.000000 0.000000 0.000000 0.089934 0.007173 1.639796
0.902893 0.000000 0.000000 0.000000 0.000000 0.089934 0.007173 1.639796
0.902893 0.000000 0.000000 0.000000 0.000000 0.089934 0.007173 1.639796
0.902893 0.000000 0.000000 0.000000 0.000000 0.089934 0.007173 1.639796
0.902893 0.000000 0.000000 0.000000 0.000000 0.089934 0.007173 1.639796
0.902893 0.000000 0.000000 0.000000 0.000000 0.089934 0.007173 1.639796
0.902893 0.000000 0.000000 0.000000 0.000000 0.089934 0.007173 1.639796
0.902893 0.000000 0.000000 0.000000 0.000000 0.089934 0.007173 1.639796
0.902893 0.000000 0.000000 0.000000 0.000000 0.089934 0.007173 1.639796
0.902893 0.000000 0.000000 0.000000 0.000000 0.089934 0.007173 1.639796
0.902893 0.000000 0.000000 0.000000 0.000000 0.089934 0.007173 1.639796
0.902893 0.000000 0.000000 0.000000 0.000000 0.089934 0.007173 1.639796
0.902893 0.000000 0.000000 0.000000 0.000000 0.089934 0.007173 1.639796
0.902893 0.000000 0.000000 0.000000 0.000000 0.089934 0.007173 1.639796
0.902893 0.000000 0.000000 0.000000 0.000000 0.089934 0.007173 1.639796
0.902893 0.000000 0.000000 0.000000 0.000000 0.089934 0.007173 1.639796
0.902893 0.000000 0.000000 0.000000 0.000000 0.089934 0.007173 1.639796
0.902893 0.000000 0.000000 0.000000 0.000000 0.089934 0.007173 1.639796
0.902893 0.000000 0.000000 0.000000 0.000000 0.089934 0.007173 1.639796
0.902893 0.000000 0.000000 0.000000 0.000000 0.089934 0.007173 1.639796
0.902893 0.000000 0.000000 0.000000 0.000000 0.089934 0.007173 1.639796
0.902893 0.000000 0.000000 0.000000 0.000000 0.089934 0.007173 1.639796
0.902893 0.000000 0.000000 0.000000 0.000000 0.089934 0.007173 1.639796
0.902893 0.000000 0.000000 0.000000 0.000000 0.089934 0.007173 1.639796
0.902893 0.000000 0.000000 0.000000 0.000000 0.089934 0.007173 1.639796
0.902893 0.000000 0.000000 0.000000 0.000000 0.089934 0.007173 1.639796
0.902893 0.000000 0.000000 0.000000 0.000000 0.089934 0.007173 1.639796
0.902893 0.000000 0.000000 0.000000 0.000000 0.089934 0.007173 1.639796
0.902893 0.000000 0.000000 0.000000 0.000000 0.089934 0.007173 1.639796
0.902893 0.000000 0.000000 0.000000 0.000000 0.089934 0.007173 1.639796
0.902893 0.000000 0.000000 0.000000 0.000000 0.089934 0.007173 1.639796
0.902893 0.000000 0.000000 0.000000 0.000000 0.089934 0.007173 1.639796
0.902893 0.000000 0.000000 0.000000 0.000000 0.089934 0.007173 1.639796
0.902893 0.000000 0.000000 0.000000 0.000000 0.089934 0.007173 1.639796
0.902893 0.000000 0.000000 0.000000 0.000000 0.089934 0.007173 1.639796
0.902893 0.000000 0.000000 0.000000 0.000000 0.089934 0.007173 1.639796
0.902893 0.000000 0.000000 0.000000 0.000000 0.089934 0.007173 1.639796
0.902893 0.000000 0.000000 0.000000 0.000000 0.089934 0.007173 1.639796
0.902893 0.000000 0.000000 0.000000 0.000000 0.089934 0.007173 1.639796
0.902893 0.000000 0.000000 0.000000 0.000000 0.089934 0.007173 1.639796
0.902893 0.000000 0.000000 0.000000 0.000000 0.089934 0.007173 1.639796
0.902893 0.000000 0.000000 0.000000 0.000000 0.089934 0.007173 1.639796
0.902893 0.000000 0.000000 0.000000 0.000000 0.089934 0.007173 1.639796
0.902893 0.000000 0.000000 0.000000 0.000000 0.089934 0.007173 1.639796
0.902893 0.000000 0.000000 0.000000 0.000000 0.089934 0.007173 1.639796
0.902893 0.000000 0.000000 0.000000 0.000000 0.089934 0.007173 1.639796
0.902893 0.000000 0.000000 0.000000 0.000000 0.089934 0.007173 1.639796
0.902893 0.000000 0.000000 0.000000 0.000000 0.089934 0.007173 1.639796
0.902893 0.000000 0.000000 0.000000 0.000000 0.089934 0.007173 1.639796
0.902893 0.000000 0.000000 0.000000 0.000000 0.089934 0.007173 1.639796
0.902893 0.000000 0.000000 0.000000 0.000000 0.089934 0.007173 1.639796
0.902893 0.000000 0.000000 0.000000 0.000000 0.089934 0.007173 1.639796
0.902893 0.000000 0.000000 0.000000 0.000000 0.089934 0.007173 1.639796
0.902893 0.000000 0.000000 0.000000 0.000000 0.089934 0.007173 1.639796
0.902893 0.000000 0.000000 0.000000 0.000000 0.089934 0.007173 1.639796
0.902893 0.000000 0.000000 0.000000 0.000000 0.089934 0.007173 1.639796
0.902893 0.000000 0.000000 0.000000 0.000000 0.089934 0.007173 1.639796
0.902893 0.000000 0.000000 0.000000 0.000000 0.089934 0.007173 1.639796
0.902893 0.000000 0.000000 0.000000 0.000000 0.089934 0.007173 1.639796
0.902893 0.000000 0.000000 0.000000 0.000000 0.089934 0.007173 1.639796
0.902893 0.000000 0.000000 0.000000 0.000000 0.089934 0.007173 1.639796
0.902893 0.000000 0.000000 0.000000 0.000000 0.089934 0.007173 1.639796
0.902893 0.000000 0.000000 0.000000 0.000000 0.089934 0.007173 1.639796
0.902893 0.000000 0.000000 0.000000 0.000000 0.089934 0.007173 1.639796
0.902893 0.000000 0.000000 0.000000 0.000000 0.089934 0.007173 1.639796
0.902893 0.000000 0.000000 0.000000 0.000000 0.089934 0.007173 1.639796
0.902893 0.000000 0.000000 0.000000 0.000000 0.089934 0.007173 1.639796
0.902893 0.000000 0.000000 0.000000 0.000000 0.089934 0.007173 1.639796
0.902893 0.000000 0.000000 0.000000 0.000000 0.089934 0.007173 1.639796
0.902893 0.000000 0.000000 0.000000 0.000000 0.089934 0.007173 1.639796
0.902893 0.000000 0.000000 0.000000 0.000000 0.089934 0.007173 1.639796
0.902893 0.000000 0.000000 0.000000 0.000000 0.089934 0.007173 1.639796
0.902893 0.000000 0.000000 0.000000 0.000000 0.089934 0.007173 1.639796
0.902893 0.000000 0.000000 0.000000 0.000000 0.089934 0.007173 1.639796
0.902893 0.000000 0.000000 0.000000 0.000000 0.089934 0.007173 1.639796
0.902893 0.000000 0.000000 0.000000 0.000000 0.089934 0.007173 1.639796
0.902893 0.000000 0.000000 0.000000 0.000000 0.089934 0.007173 1.639796
0.902893 0.000000 0.000000 0.000000 0.000000 0.089934 0.007173 1.639796
0.902893 0.000000 0.000000 0.000000 0.000000 0.089934 0.007173 1.639796
0.902893 0.000000 0.000000 0.000000 0.000000 0.089934 0.007173 1.639796
0.902893 0.000000 0.000000 0.000000 0.000000 0.089934 0.007173 1.639796
0.902893 0.000000 0.000000 0.000000 0.000000 0.089934 0.007173 1.639796
0.902893 0.000000 0.000000 0.000000 0.000000 0.089934 0.007173 1.639796
0.902893 0.000000 0.000000 0.000000 0.000000 0.089934 0.007173 1.639796
0.902893 0.000000 0.000000 0.000000 0.000000 0.089934 0.007173 1.639796
0.902893 0.000000 0.000000 0.000000 0.000000 0.089934 0.007173 1.639796
0.902893 0.000000 0.000000 0.000000 0.000000 0.089934 0.007173 1.639796
0.902893 0.000000 0.000000 0.000000 0.000000 0.089934 0.007173 1.639796
0.902893 0.000000 0.000000 0.000000 0.000000 0.089934 0.007173 1.639796
0.902893 0.000000 0.000000 0.000000 0.000000 0.089934 0.007173 1.639796
0.902893 0.000000 0.000000 0.000000 0.000000 0.089934 0.007173 1.639796
0.902893 0.000000 0.000000 0.000000 0.000000 0.089934 0.007173 1.639796
0.902893 0.000000 0.000000 0.000000 0.000000 0.089934 0.007173 1.639796
0.902893 0.000000 0.000000 0.000000 0.000000 0.089934 0.007173 1.639796
0.902893 0.000000 0.000000 0.000000 0.000000 0.089934 0.007173 1.639796
0.902893 0.000000 0.000000 0.000000 0.000000 0.089934 0.007173 1.639796
