0.347262 0.062413 0.055853 0.031915 0.002026 0.494546 0.005985 1.621835
0.349197 0.060654 0.055619 0.031815 0.002040 0.494669 0.006006 1.627828
0.351777 0.058356 0.055355 0.031585 0.002044 0.494848 0.006035 1.633681
0.354789 0.055966 0.055057 0.031319 0.002055 0.494752 0.006061 1.639283
0.358030 0.053533 0.054618 0.030954 0.002052 0.494719 0.006093 1.644634
0.361675 0.051104 0.053956 0.030608 0.002059 0.494482 0.006116 1.649725
0.365294 0.048758 0.053177 0.030137 0.002071 0.494424 0.006139 1.654621
0.369024 0.046489 0.052413 0.029649 0.002063 0.494197 0.006166 1.659290
0.372904 0.044272 0.051598 0.029170 0.002036 0.493825 0.006196 1.663797
0.376832 0.042217 0.050619 0.028578 0.002017 0.493516 0.006220 1.668029
0.380889 0.040191 0.049674 0.028050 0.002004 0.492941 0.006251 1.672150
0.385065 0.038296 0.048669 0.027428 0.002000 0.492266 0.006276 1.676031
0.389331 0.036584 0.047613 0.026742 0.001994 0.491439 0.006296 1.679649
0.393629 0.034813 0.046615 0.026133 0.001989 0.490497 0.006322 1.683213
0.397996 0.033287 0.045486 0.025372 0.001988 0.489527 0.006343 1.686510
0.402516 0.031765 0.044325 0.024747 0.001978 0.488303 0.006365 1.689709
0.406989 0.030412 0.043153 0.024059 0.001980 0.487020 0.006388 1.692753
0.411549 0.029109 0.042006 0.023399 0.001970 0.485555 0.006413 1.695662
0.416135 0.027837 0.040959 0.022690 0.001970 0.483972 0.006438 1.698487
0.420673 0.026673 0.039826 0.022039 0.001956 0.482369 0.006463 1.701182
0.425262 0.025570 0.038697 0.021389 0.001942 0.480655 0.006485 1.703709
0.429793 0.024517 0.037652 0.020722 0.001921 0.478880 0.006516 1.706194
0.434331 0.023540 0.036594 0.020093 0.001902 0.477000 0.006540 1.708605
0.438907 0.022651 0.035442 0.019497 0.001879 0.475062 0.006562 1.710816
0.443327 0.021864 0.034370 0.018875 0.001863 0.473117 0.006583 1.712953
0.447902 0.021065 0.033311 0.018299 0.001839 0.470980 0.006605 1.715043
0.452553 0.020330 0.032221 0.017785 0.001818 0.468662 0.006631 1.717057
0.457175 0.019626 0.031185 0.017218 0.001801 0.466341 0.006655 1.719006
0.461837 0.018894 0.030236 0.016699 0.001767 0.463890 0.006678 1.720902
0.466463 0.018237 0.029213 0.016219 0.001733 0.461437 0.006699 1.722747
0.471093 0.017662 0.028306 0.015694 0.001702 0.458819 0.006724 1.724490
0.475837 0.017052 0.027379 0.015159 0.001669 0.456147 0.006756 1.726169
0.480392 0.016486 0.026554 0.014664 0.001639 0.453488 0.006777 1.727825
0.484905 0.016010 0.025674 0.014173 0.001625 0.450815 0.006796 1.729407
0.489519 0.015488 0.024858 0.013697 0.001607 0.448010 0.006819 1.730960
0.494022 0.015069 0.024133 0.013227 0.001588 0.445124 0.006838 1.732425
0.498515 0.014572 0.023435 0.012838 0.001577 0.442210 0.006853 1.733957
0.503026 0.014139 0.022740 0.012402 0.001546 0.439273 0.006876 1.735360
0.507497 0.013745 0.021997 0.012062 0.001511 0.436287 0.006902 1.736750
0.511838 0.013412 0.021361 0.011668 0.001468 0.433333 0.006921 1.738052
0.516266 0.013017 0.020688 0.011321 0.001441 0.430322 0.006945 1.739393
0.520658 0.012715 0.020069 0.010938 0.001411 0.427248 0.006962 1.740590
0.525036 0.012406 0.019452 0.010610 0.001390 0.424129 0.006978 1.741802
0.529482 0.012058 0.018828 0.010306 0.001360 0.420971 0.006994 1.743047
0.533950 0.011756 0.018244 0.009977 0.001330 0.417722 0.007020 1.744207
0.538314 0.011485 0.017680 0.009661 0.001305 0.414517 0.007038 1.745341
0.542638 0.011164 0.017159 0.009380 0.001286 0.411322 0.007050 1.746492
0.546912 0.010914 0.016699 0.009040 0.001270 0.408102 0.007063 1.747586
0.551085 0.010732 0.016181 0.008781 0.001246 0.404894 0.007080 1.748627
0.555391 0.010488 0.015743 0.008525 0.001229 0.401530 0.007092 1.749667
0.559582 0.010273 0.015313 0.008235 0.001208 0.398284 0.007106 1.750700
0.563753 0.010127 0.014842 0.007992 0.001185 0.394982 0.007119 1.751652
0.567851 0.009927 0.014415 0.007728 0.001161 0.391776 0.007142 1.752617
0.572028 0.009697 0.014055 0.007548 0.001134 0.388376 0.007161 1.753612
0.576117 0.009494 0.013725 0.007370 0.001107 0.385013 0.007175 1.754581
0.580087 0.009358 0.013357 0.007166 0.001079 0.381761 0.007192 1.755491
0.584117 0.009209 0.013019 0.006963 0.001057 0.378425 0.007210 1.756386
0.588091 0.009058 0.012683 0.006788 0.001038 0.375121 0.007222 1.757304
0.592113 0.008885 0.012380 0.006589 0.001017 0.371775 0.007242 1.758195
0.596002 0.008739 0.012065 0.006402 0.000996 0.368543 0.007254 1.759065
0.599955 0.008592 0.011789 0.006249 0.000978 0.365170 0.007267 1.759907
0.603762 0.008467 0.011529 0.006127 0.000951 0.361886 0.007279 1.760746
0.607559 0.008340 0.011270 0.005993 0.000918 0.358627 0.007294 1.761546
0.611424 0.008170 0.011011 0.005853 0.000905 0.355336 0.007303 1.762381
0.615098 0.008064 0.010776 0.005713 0.000881 0.352155 0.007315 1.763163
0.618777 0.007984 0.010508 0.005595 0.000859 0.348948 0.007328 1.763947
0.622479 0.007858 0.010282 0.005480 0.000841 0.345721 0.007338 1.764715
0.626127 0.007724 0.010052 0.005396 0.000818 0.342531 0.007351 1.765479
0.629783 0.007621 0.009875 0.005266 0.000799 0.339297 0.007361 1.766239
0.633368 0.007547 0.009638 0.005143 0.000779 0.336155 0.007371 1.766965
0.636833 0.007493 0.009441 0.004999 0.000767 0.333087 0.007380 1.767703
0.640294 0.007445 0.009277 0.004885 0.000747 0.329955 0.007396 1.768437
0.643728 0.007382 0.009090 0.004790 0.000726 0.326881 0.007405 1.769148
0.647171 0.007328 0.008929 0.004709 0.000713 0.323739 0.007412 1.769871
0.650517 0.007266 0.008808 0.004598 0.000705 0.320686 0.007419 1.770599
0.653805 0.007207 0.008650 0.004513 0.000698 0.317700 0.007428 1.771310
0.657118 0.007168 0.008508 0.004444 0.000673 0.314648 0.007441 1.771990
0.660455 0.007083 0.008386 0.004351 0.000661 0.311613 0.007450 1.772708
0.663717 0.007031 0.008250 0.004270 0.000651 0.308622 0.007460 1.773392
0.666910 0.007020 0.008124 0.004215 0.000638 0.305628 0.007466 1.774068
0.670148 0.006964 0.007985 0.004180 0.000621 0.302631 0.007472 1.774749
0.673265 0.006901 0.007895 0.004117 0.000605 0.299734 0.007483 1.775449
0.676344 0.006889 0.007754 0.004058 0.000596 0.296870 0.007490 1.776112
0.679349 0.006841 0.007642 0.004006 0.000584 0.294083 0.007495 1.776803
0.682421 0.006764 0.007540 0.003963 0.000571 0.291239 0.007502 1.777505
0.685449 0.006742 0.007438 0.003939 0.000562 0.288363 0.007507 1.778168
0.688396 0.006665 0.007369 0.003903 0.000559 0.285596 0.007511 1.778842
0.691336 0.006622 0.007284 0.003868 0.000549 0.282825 0.007516 1.779507
0.694294 0.006610 0.007174 0.003832 0.000537 0.280030 0.007522 1.780128
0.697203 0.006580 0.007109 0.003792 0.000531 0.277257 0.007528 1.780773
0.700008 0.006571 0.007022 0.003763 0.000524 0.274578 0.007533 1.781414
0.702725 0.006547 0.006932 0.003738 0.000510 0.272007 0.007540 1.782061
0.705497 0.006496 0.006851 0.003698 0.000508 0.269406 0.007546 1.782722
0.708236 0.006492 0.006767 0.003663 0.000500 0.266788 0.007553 1.783327
0.710961 0.006462 0.006679 0.003615 0.000497 0.264231 0.007557 1.783942
0.713676 0.006461 0.006628 0.003551 0.000486 0.261637 0.007563 1.784562
0.716310 0.006431 0.006576 0.003521 0.000480 0.259115 0.007569 1.785221
0.719004 0.006442 0.006475 0.003479 0.000473 0.256555 0.007573 1.785821
0.721588 0.006457 0.006443 0.003449 0.000461 0.254022 0.007581 1.786455
0.724167 0.006436 0.006405 0.003404 0.000450 0.251551 0.007588 1.787082
0.726659 0.006414 0.006363 0.003383 0.000440 0.249148 0.007594 1.787733
0.729081 0.006415 0.006314 0.003361 0.000431 0.246797 0.007602 1.788374
0.731485 0.006403 0.006260 0.003326 0.000420 0.244498 0.007609 1.789009
0.733944 0.006396 0.006226 0.003295 0.000411 0.242113 0.007617 1.789634
0.736249 0.006387 0.006222 0.003292 0.000403 0.239826 0.007623 1.790289
0.738659 0.006392 0.006190 0.003267 0.000397 0.237469 0.007627 1.790912
0.740937 0.006444 0.006142 0.003253 0.000394 0.235202 0.007630 1.791515
0.743238 0.006443 0.006123 0.003245 0.000389 0.232928 0.007635 1.792161
0.745495 0.006441 0.006101 0.003226 0.000382 0.230715 0.007641 1.792822
0.747624 0.006454 0.006065 0.003231 0.000372 0.228608 0.007647 1.793453
0.749943 0.006472 0.006032 0.003237 0.000367 0.226299 0.007652 1.794072
0.752137 0.006467 0.006012 0.003212 0.000366 0.224154 0.007654 1.794717
0.754294 0.006480 0.006007 0.003221 0.000359 0.221983 0.007658 1.795368
0.756372 0.006499 0.005998 0.003216 0.000359 0.219897 0.007661 1.796005
0.758496 0.006510 0.006005 0.003200 0.000349 0.217773 0.007668 1.796632
0.760520 0.006565 0.005992 0.003188 0.000347 0.215716 0.007672 1.797265
0.762512 0.006616 0.005991 0.003184 0.000343 0.213676 0.007676 1.797897
0.764537 0.006653 0.005962 0.003187 0.000337 0.211643 0.007680 1.798531
0.766467 0.006661 0.005975 0.003180 0.000333 0.209699 0.007686 1.799196
0.768411 0.006668 0.005962 0.003182 0.000327 0.207760 0.007691 1.799864
0.770356 0.006677 0.005967 0.003174 0.000326 0.205807 0.007693 1.800525
0.772275 0.006739 0.005961 0.003161 0.000322 0.203844 0.007698 1.801151
0.774203 0.006751 0.005932 0.003168 0.000316 0.201930 0.007701 1.801788
0.776090 0.006736 0.005931 0.003171 0.000311 0.200054 0.007708 1.802470
0.777930 0.006772 0.005965 0.003166 0.000306 0.198148 0.007712 1.803130
0.779631 0.006831 0.005938 0.003174 0.000300 0.196406 0.007719 1.803796
0.781390 0.006867 0.005951 0.003182 0.000299 0.194589 0.007722 1.804483
0.783097 0.006940 0.005962 0.003160 0.000296 0.192821 0.007724 1.805139
0.784858 0.006922 0.005988 0.003161 0.000298 0.191046 0.007727 1.805849
0.786503 0.006947 0.006001 0.003172 0.000292 0.189350 0.007735 1.806544
0.788147 0.006971 0.006015 0.003167 0.000289 0.187672 0.007740 1.807230
0.789715 0.007039 0.006036 0.003164 0.000289 0.186015 0.007743 1.807897
0.791354 0.007057 0.006066 0.003180 0.000282 0.184312 0.007749 1.808610
0.792919 0.007084 0.006120 0.003176 0.000279 0.182670 0.007753 1.809322
0.794453 0.007161 0.006130 0.003182 0.000279 0.181040 0.007757 1.810002
0.795962 0.007205 0.006121 0.003202 0.000272 0.179476 0.007762 1.810701
0.797404 0.007267 0.006146 0.003219 0.000273 0.177929 0.007764 1.811393
0.798890 0.007310 0.006149 0.003229 0.000270 0.176382 0.007769 1.812089
0.800279 0.007416 0.006211 0.003231 0.000271 0.174820 0.007772 1.812777
0.801689 0.007444 0.006213 0.003265 0.000270 0.173345 0.007775 1.813503
0.803042 0.007529 0.006233 0.003262 0.000267 0.171888 0.007779 1.814211
0.804378 0.007589 0.006273 0.003270 0.000269 0.170441 0.007781 1.814930
0.805696 0.007628 0.006307 0.003314 0.000271 0.169001 0.007783 1.815696
0.806924 0.007688 0.006337 0.003348 0.000272 0.167647 0.007786 1.816454
0.808142 0.007754 0.006389 0.003378 0.000270 0.166275 0.007792 1.817224
0.809425 0.007806 0.006436 0.003405 0.000269 0.164864 0.007796 1.817995
0.810607 0.007858 0.006470 0.003436 0.000271 0.163559 0.007800 1.818781
0.811789 0.007942 0.006488 0.003471 0.000270 0.162236 0.007804 1.819561
0.812960 0.008033 0.006542 0.003493 0.000271 0.160895 0.007806 1.820352
0.814063 0.008118 0.006586 0.003507 0.000269 0.159648 0.007811 1.821122
0.815208 0.008194 0.006579 0.003534 0.000262 0.158408 0.007815 1.821908
0.816408 0.008218 0.006624 0.003566 0.000260 0.157108 0.007817 1.822726
0.817520 0.008263 0.006628 0.003588 0.000258 0.155922 0.007822 1.823534
0.818587 0.008317 0.006650 0.003621 0.000257 0.154742 0.007827 1.824341
0.819671 0.008361 0.006671 0.003665 0.000257 0.153547 0.007830 1.825154
0.820680 0.008434 0.006710 0.003721 0.000258 0.152366 0.007833 1.825999
0.821774 0.008485 0.006786 0.003744 0.000259 0.151119 0.007835 1.826840
0.822753 0.008595 0.006829 0.003796 0.000259 0.149932 0.007837 1.827683
0.823708 0.008642 0.006903 0.003795 0.000262 0.148850 0.007842 1.828536
0.824572 0.008732 0.006943 0.003821 0.000260 0.147827 0.007845 1.829385
0.825524 0.008762 0.007031 0.003869 0.000259 0.146708 0.007849 1.830288
0.826393 0.008862 0.007097 0.003915 0.000258 0.145625 0.007852 1.831152
0.827266 0.008935 0.007137 0.003980 0.000262 0.144565 0.007856 1.832032
0.828097 0.009029 0.007181 0.003992 0.000266 0.143577 0.007859 1.832903
0.828883 0.009135 0.007251 0.004003 0.000266 0.142597 0.007864 1.833792
0.829651 0.009224 0.007350 0.004012 0.000275 0.141624 0.007865 1.834706
0.830396 0.009356 0.007425 0.004050 0.000271 0.140633 0.007868 1.835615
0.831180 0.009440 0.007504 0.004064 0.000273 0.139669 0.007869 1.836535
0.831881 0.009523 0.007567 0.004125 0.000268 0.138761 0.007875 1.837483
0.832618 0.009602 0.007603 0.004148 0.000272 0.137881 0.007878 1.838417
0.833307 0.009698 0.007687 0.004189 0.000273 0.136966 0.007882 1.839371
0.833971 0.009761 0.007756 0.004254 0.000277 0.136098 0.007884 1.840360
0.834589 0.009867 0.007824 0.004273 0.000277 0.135283 0.007888 1.841299
0.835216 0.009992 0.007918 0.004300 0.000277 0.134408 0.007890 1.842249
0.835742 0.010122 0.007978 0.004343 0.000281 0.133641 0.007893 1.843228
0.836347 0.010286 0.008016 0.004394 0.000283 0.132778 0.007897 1.844208
0.836909 0.010386 0.008104 0.004434 0.000290 0.131979 0.007899 1.845221
0.837437 0.010477 0.008206 0.004482 0.000289 0.131206 0.007904 1.846255
0.837880 0.010589 0.008270 0.004516 0.000287 0.130551 0.007908 1.847257
0.838379 0.010706 0.008321 0.004565 0.000286 0.129830 0.007913 1.848264
0.838789 0.010862 0.008408 0.004589 0.000289 0.129146 0.007917 1.849320
0.839314 0.010955 0.008528 0.004626 0.000305 0.128354 0.007918 1.850375
0.839719 0.011032 0.008631 0.004670 0.000303 0.127721 0.007924 1.851473
0.840094 0.011185 0.008677 0.004689 0.000304 0.127122 0.007928 1.852525
0.840451 0.011340 0.008745 0.004740 0.000307 0.126486 0.007932 1.853585
0.840842 0.011435 0.008836 0.004803 0.000311 0.125837 0.007937 1.854703
0.841160 0.011558 0.008936 0.004868 0.000311 0.125228 0.007941 1.855829
0.841468 0.011696 0.009036 0.004915 0.000311 0.124630 0.007945 1.856948
0.841702 0.011872 0.009113 0.004946 0.000307 0.124112 0.007948 1.858076
0.841923 0.012012 0.009227 0.004992 0.000306 0.123588 0.007952 1.859223
0.842157 0.012154 0.009328 0.005069 0.000304 0.123035 0.007954 1.860402
0.842422 0.012273 0.009478 0.005117 0.000303 0.122451 0.007957 1.861587
0.842640 0.012398 0.009597 0.005189 0.000307 0.121908 0.007961 1.862794
0.842852 0.012461 0.009707 0.005263 0.000315 0.121438 0.007964 1.864066
0.843066 0.012602 0.009785 0.005277 0.000316 0.120985 0.007969 1.865254
0.843184 0.012783 0.009881 0.005326 0.000316 0.120535 0.007975 1.866479
0.843327 0.012901 0.009968 0.005375 0.000317 0.120131 0.007981 1.867711
0.843443 0.013055 0.010072 0.005406 0.000318 0.119720 0.007987 1.868951
0.843535 0.013154 0.010206 0.005481 0.000319 0.119314 0.007992 1.870255
0.843656 0.013293 0.010296 0.005536 0.000324 0.118897 0.007997 1.871525
0.843712 0.013389 0.010453 0.005597 0.000321 0.118528 0.008001 1.872886
0.843768 0.013511 0.010540 0.005683 0.000322 0.118171 0.008006 1.874220
0.843848 0.013606 0.010666 0.005727 0.000325 0.117817 0.008011 1.875562
0.843802 0.013794 0.010794 0.005761 0.000328 0.117509 0.008013 1.876868
0.843743 0.013963 0.010908 0.005792 0.000327 0.117247 0.008019 1.878204
0.843657 0.014090 0.011007 0.005868 0.000334 0.117020 0.008025 1.879566
0.843582 0.014221 0.011114 0.005909 0.000342 0.116803 0.008028 1.880946
0.843531 0.014389 0.011199 0.005963 0.000343 0.116541 0.008034 1.882337
0.843492 0.014566 0.011265 0.005998 0.000353 0.116289 0.008038 1.883706
0.843380 0.014694 0.011375 0.006084 0.000355 0.116069 0.008043 1.885132
0.843322 0.014781 0.011496 0.006154 0.000363 0.115839 0.008045 1.886592
0.843272 0.014845 0.011599 0.006197 0.000365 0.115671 0.008051 1.888035
0.843151 0.014964 0.011727 0.006251 0.000362 0.115490 0.008056 1.889498
0.842973 0.015071 0.011841 0.006318 0.000359 0.115376 0.008062 1.891001
0.842846 0.015109 0.011970 0.006402 0.000364 0.115246 0.008064 1.892526
0.842681 0.015223 0.012084 0.006456 0.000368 0.115121 0.008068 1.894017
0.842546 0.015259 0.012281 0.006527 0.000374 0.114941 0.008072 1.895554
0.842361 0.015393 0.012369 0.006590 0.000375 0.114835 0.008076 1.897051
0.842146 0.015487 0.012489 0.006657 0.000369 0.114771 0.008081 1.898595
0.841958 0.015624 0.012590 0.006701 0.000375 0.114666 0.008087 1.900089
0.841765 0.015735 0.012692 0.006740 0.000376 0.114603 0.008090 1.901623
0.841547 0.015839 0.012784 0.006804 0.000379 0.114553 0.008095 1.903149
0.841286 0.015861 0.012922 0.006875 0.000384 0.114573 0.008098 1.904785
0.840993 0.015980 0.013017 0.006914 0.000384 0.114608 0.008105 1.906380
0.840794 0.015992 0.013124 0.006950 0.000385 0.114643 0.008112 1.907971
0.840522 0.016061 0.013278 0.006994 0.000393 0.114636 0.008116 1.909579
0.840301 0.016209 0.013275 0.007052 0.000394 0.114645 0.008124 1.911100
0.840059 0.016332 0.013359 0.007078 0.000397 0.114646 0.008129 1.912677
0.839742 0.016441 0.013441 0.007140 0.000400 0.114703 0.008133 1.914298
0.839440 0.016593 0.013529 0.007168 0.000399 0.114727 0.008145 1.915883
0.839171 0.016677 0.013629 0.007223 0.000402 0.114750 0.008148 1.917510
0.838885 0.016782 0.013724 0.007240 0.000406 0.114806 0.008156 1.919129
0.838598 0.016856 0.013855 0.007275 0.000405 0.114851 0.008160 1.920807
0.838307 0.016967 0.013883 0.007326 0.000412 0.114943 0.008163 1.922451
0.837975 0.017029 0.013961 0.007392 0.000418 0.115059 0.008166 1.924130
0.837657 0.017116 0.014095 0.007428 0.000422 0.115113 0.008170 1.925787
0.837410 0.017157 0.014176 0.007468 0.000439 0.115178 0.008173 1.927469
0.837105 0.017206 0.014257 0.007514 0.000442 0.115298 0.008180 1.929155
0.836842 0.017286 0.014386 0.007552 0.000452 0.115299 0.008185 1.930832
0.836591 0.017352 0.014465 0.007558 0.000457 0.115389 0.008189 1.932491
0.836277 0.017447 0.014550 0.007632 0.000459 0.115440 0.008194 1.934200
0.835965 0.017549 0.014605 0.007628 0.000464 0.115589 0.008201 1.935838
0.835627 0.017656 0.014628 0.007647 0.000466 0.115767 0.008208 1.937535
0.835281 0.017729 0.014672 0.007692 0.000469 0.115944 0.008213 1.939213
0.834956 0.017709 0.014754 0.007766 0.000469 0.116123 0.008224 1.941000
0.834621 0.017814 0.014824 0.007822 0.000479 0.116213 0.008228 1.942739
0.834337 0.017816 0.014913 0.007834 0.000484 0.116382 0.008235 1.944488
0.833998 0.017893 0.014977 0.007857 0.000490 0.116543 0.008243 1.946208
0.833665 0.017938 0.015095 0.007908 0.000490 0.116655 0.008250 1.947999
0.833326 0.018002 0.015128 0.007965 0.000492 0.116834 0.008255 1.949732
0.832981 0.018050 0.015174 0.008016 0.000488 0.117027 0.008264 1.951501
0.832626 0.018114 0.015267 0.008072 0.000494 0.117158 0.008268 1.953265
0.832270 0.018125 0.015379 0.008104 0.000494 0.117355 0.008274 1.955075
0.831835 0.018200 0.015477 0.008096 0.000501 0.117608 0.008282 1.956834
0.831495 0.018236 0.015542 0.008160 0.000506 0.117772 0.008289 1.958623
0.831113 0.018356 0.015610 0.008190 0.000503 0.117933 0.008296 1.960416
0.830662 0.018503 0.015619 0.008222 0.000507 0.118185 0.008301 1.962157
0.830249 0.018619 0.015703 0.008191 0.000514 0.118416 0.008308 1.963941
0.829881 0.018684 0.015764 0.008214 0.000518 0.118627 0.008314 1.965767
0.829474 0.018750 0.015798 0.008284 0.000516 0.118856 0.008322 1.967590
0.829119 0.018744 0.015855 0.008316 0.000512 0.119124 0.008330 1.969421
0.828736 0.018799 0.015906 0.008373 0.000518 0.119334 0.008336 1.971259
0.828323 0.018900 0.015935 0.008408 0.000514 0.119576 0.008344 1.973070
0.827956 0.018931 0.016003 0.008442 0.000515 0.119802 0.008351 1.974928
0.827583 0.018865 0.016079 0.008514 0.000514 0.120082 0.008363 1.976850
0.827257 0.018892 0.016095 0.008564 0.000519 0.120305 0.008369 1.978670
0.826886 0.018924 0.016126 0.008607 0.000524 0.120561 0.008374 1.980502
0.826580 0.018881 0.016189 0.008613 0.000532 0.120826 0.008379 1.982366
0.826135 0.018940 0.016241 0.008624 0.000523 0.121149 0.008388 1.984214
0.825837 0.018882 0.016364 0.008638 0.000518 0.121367 0.008396 1.986089
0.825602 0.018794 0.016462 0.008679 0.000515 0.121544 0.008404 1.987959
0.825222 0.018828 0.016471 0.008672 0.000519 0.121881 0.008408 1.989797
0.824899 0.018756 0.016520 0.008693 0.000515 0.122197 0.008420 1.991700
0.824545 0.018855 0.016530 0.008707 0.000522 0.122417 0.008424 1.993499
0.824191 0.018822 0.016574 0.008686 0.000520 0.122775 0.008432 1.995371
0.823808 0.018828 0.016629 0.008712 0.000526 0.123059 0.008439 1.997264
0.823522 0.018812 0.016659 0.008775 0.000525 0.123264 0.008445 1.999135
0.823194 0.018827 0.016749 0.008783 0.000534 0.123463 0.008450 2.001018
0.822892 0.018799 0.016766 0.008818 0.000535 0.123735 0.008455 2.002876
0.822655 0.018788 0.016813 0.008835 0.000542 0.123909 0.008458 2.004754
0.822417 0.018738 0.016791 0.008867 0.000548 0.124177 0.008463 2.006621
0.822133 0.018744 0.016822 0.008885 0.000549 0.124400 0.008467 2.008461
0.821847 0.018767 0.016823 0.008896 0.000551 0.124642 0.008474 2.010310
0.821506 0.018816 0.016848 0.008884 0.000553 0.124914 0.008479 2.012165
0.821229 0.018813 0.016920 0.008895 0.000549 0.125110 0.008485 2.014013
0.820924 0.018826 0.016918 0.008905 0.000541 0.125391 0.008494 2.015867
0.820672 0.018853 0.016900 0.008904 0.000558 0.125617 0.008497 2.017691
0.820354 0.018878 0.016913 0.008891 0.000563 0.125897 0.008505 2.019518
0.820114 0.018868 0.016935 0.008905 0.000568 0.126102 0.008508 2.021377
0.819882 0.018809 0.016930 0.008935 0.000566 0.126362 0.008516 2.023237
0.819628 0.018825 0.016840 0.008958 0.000568 0.126658 0.008523 2.025050
0.819343 0.018820 0.016876 0.008955 0.000563 0.126913 0.008530 2.026905
0.819153 0.018779 0.016865 0.008962 0.000569 0.127139 0.008534 2.028740
0.818868 0.018822 0.016884 0.008928 0.000568 0.127387 0.008542 2.030560
0.818673 0.018814 0.016911 0.008960 0.000565 0.127525 0.008551 2.032398
0.818442 0.018753 0.016942 0.008960 0.000573 0.127773 0.008557 2.034255
0.818267 0.018722 0.016883 0.008969 0.000577 0.128018 0.008564 2.036071
0.818120 0.018693 0.016866 0.008961 0.000568 0.128216 0.008575 2.037892
0.817959 0.018645 0.016862 0.008962 0.000574 0.128414 0.008583 2.039698
0.817814 0.018565 0.016849 0.008953 0.000575 0.128654 0.008591 2.041534
0.817647 0.018535 0.016850 0.008926 0.000575 0.128867 0.008600 2.043345
0.817494 0.018525 0.016822 0.008896 0.000579 0.129076 0.008608 2.045131
0.817359 0.018478 0.016833 0.008857 0.000579 0.129276 0.008617 2.046950
0.817217 0.018384 0.016827 0.008848 0.000583 0.129518 0.008624 2.048797
0.817018 0.018343 0.016782 0.008868 0.000572 0.129785 0.008632 2.050615
0.816868 0.018294 0.016742 0.008886 0.000578 0.129994 0.008637 2.052404
0.816700 0.018293 0.016755 0.008851 0.000580 0.130176 0.008645 2.054199
0.816518 0.018295 0.016724 0.008815 0.000584 0.130408 0.008655 2.055993
0.816427 0.018219 0.016688 0.008790 0.000587 0.130628 0.008661 2.057755
0.816352 0.018157 0.016650 0.008738 0.000590 0.130844 0.008669 2.059529
0.816289 0.018083 0.016641 0.008770 0.000587 0.130953 0.008677 2.061325
0.816127 0.018033 0.016607 0.008791 0.000585 0.131173 0.008684 2.063137
0.816107 0.017949 0.016579 0.008782 0.000585 0.131309 0.008689 2.064916
0.816034 0.017882 0.016566 0.008755 0.000584 0.131487 0.008694 2.066686
0.815952 0.017795 0.016590 0.008740 0.000580 0.131638 0.008707 2.068491
0.815913 0.017760 0.016534 0.008715 0.000583 0.131779 0.008716 2.070220
0.815861 0.017707 0.016541 0.008691 0.000585 0.131893 0.008722 2.071981
0.815674 0.017782 0.016478 0.008690 0.000586 0.132062 0.008728 2.073698
0.815637 0.017695 0.016496 0.008700 0.000587 0.132152 0.008734 2.075497
0.815599 0.017660 0.016375 0.008714 0.000590 0.132320 0.008743 2.077245
0.815557 0.017615 0.016366 0.008654 0.000594 0.132463 0.008750 2.078963
0.815529 0.017511 0.016405 0.008665 0.000578 0.132550 0.008762 2.080743
0.815515 0.017446 0.016368 0.008637 0.000576 0.132687 0.008772 2.082475
0.815445 0.017451 0.016330 0.008598 0.000581 0.132816 0.008778 2.084201
0.815429 0.017423 0.016312 0.008550 0.000584 0.132918 0.008784 2.085879
0.815458 0.017320 0.016334 0.008556 0.000584 0.132955 0.008792 2.087656
0.815453 0.017336 0.016256 0.008539 0.000585 0.133034 0.008798 2.089318
0.815490 0.017309 0.016207 0.008505 0.000582 0.133105 0.008804 2.090993
0.815518 0.017269 0.016156 0.008490 0.000581 0.133174 0.008811 2.092697
0.815520 0.017228 0.016105 0.008452 0.000577 0.133300 0.008818 2.094375
0.815512 0.017175 0.016096 0.008418 0.000571 0.133402 0.008825 2.096082
0.815486 0.017114 0.016087 0.008405 0.000576 0.133501 0.008830 2.097821
0.815448 0.017120 0.016008 0.008383 0.000566 0.133637 0.008838 2.099471
0.815388 0.017110 0.015988 0.008361 0.000566 0.133742 0.008846 2.101163
0.815417 0.017051 0.015997 0.008368 0.000559 0.133750 0.008858 2.102868
0.815457 0.016994 0.015977 0.008382 0.000565 0.133759 0.008867 2.104550
0.815477 0.017014 0.015908 0.008393 0.000563 0.133772 0.008874 2.106209
0.815445 0.017009 0.015895 0.008369 0.000565 0.133839 0.008879 2.107890
0.815512 0.016935 0.015846 0.008360 0.000569 0.133894 0.008884 2.109609
0.815605 0.016901 0.015839 0.008309 0.000568 0.133888 0.008889 2.111258
0.815684 0.016825 0.015837 0.008353 0.000567 0.133837 0.008897 2.112965
0.815766 0.016786 0.015781 0.008317 0.000561 0.133883 0.008906 2.114611
0.815816 0.016770 0.015709 0.008246 0.000556 0.133987 0.008916 2.116256
0.815882 0.016739 0.015705 0.008211 0.000553 0.133987 0.008924 2.117903
0.815941 0.016711 0.015649 0.008200 0.000550 0.134015 0.008936 2.119536
0.816003 0.016645 0.015676 0.008201 0.000553 0.133981 0.008942 2.121207
0.816098 0.016553 0.015610 0.008195 0.000553 0.134043 0.008947 2.122870
0.816184 0.016531 0.015565 0.008172 0.000547 0.134047 0.008955 2.124494
0.816285 0.016464 0.015544 0.008148 0.000554 0.134043 0.008961 2.126148
0.816361 0.016503 0.015481 0.008111 0.000548 0.134031 0.008965 2.127727
0.816374 0.016531 0.015462 0.008100 0.000546 0.134019 0.008970 2.129342
0.816402 0.016571 0.015417 0.008069 0.000551 0.134013 0.008977 2.130933
0.816488 0.016495 0.015406 0.008059 0.000547 0.134020 0.008984 2.132588
0.816568 0.016483 0.015355 0.008119 0.000547 0.133940 0.008988 2.134193
0.816614 0.016417 0.015352 0.008074 0.000548 0.133999 0.008997 2.135826
0.816665 0.016378 0.015350 0.008049 0.000552 0.134004 0.009002 2.137453
0.816824 0.016327 0.015298 0.008018 0.000556 0.133967 0.009011 2.139059
0.816882 0.016317 0.015291 0.008001 0.000559 0.133930 0.009019 2.140686
0.817015 0.016267 0.015250 0.008002 0.000563 0.133880 0.009024 2.142280
0.817144 0.016275 0.015207 0.008006 0.000563 0.133776 0.009029 2.143864
0.817237 0.016264 0.015198 0.007993 0.000563 0.133709 0.009037 2.145484
0.817359 0.016175 0.015139 0.007989 0.000573 0.133724 0.009041 2.147117
0.817412 0.016162 0.015072 0.007974 0.000584 0.133751 0.009046 2.148698
0.817483 0.016220 0.015043 0.007945 0.000579 0.133674 0.009056 2.150244
0.817522 0.016226 0.015037 0.007896 0.000575 0.133682 0.009063 2.151813
0.817598 0.016241 0.015040 0.007879 0.000572 0.133601 0.009068 2.153398
0.817695 0.016243 0.014971 0.007840 0.000575 0.133603 0.009073 2.154972
0.817836 0.016219 0.014953 0.007800 0.000584 0.133530 0.009077 2.156561
0.817935 0.016223 0.014943 0.007793 0.000577 0.133448 0.009082 2.158148
0.817969 0.016273 0.014920 0.007788 0.000573 0.133388 0.009089 2.159705
0.818069 0.016262 0.014891 0.007794 0.000573 0.133313 0.009099 2.161286
0.818222 0.016276 0.014848 0.007788 0.000568 0.133191 0.009107 2.162825
0.818253 0.016248 0.014862 0.007810 0.000570 0.133142 0.009112 2.164471
0.818356 0.016220 0.014850 0.007822 0.000573 0.133061 0.009118 2.166086
0.818498 0.016120 0.014862 0.007777 0.000578 0.133041 0.009124 2.167689
0.818514 0.016156 0.014862 0.007786 0.000574 0.132979 0.009130 2.169270
0.818634 0.016106 0.014830 0.007736 0.000568 0.132987 0.009139 2.170846
0.818742 0.016072 0.014772 0.007732 0.000567 0.132970 0.009145 2.172431
0.818859 0.016042 0.014731 0.007727 0.000563 0.132927 0.009150 2.173987
0.819002 0.015940 0.014724 0.007715 0.000563 0.132898 0.009159 2.175611
0.819211 0.015864 0.014757 0.007667 0.000561 0.132774 0.009166 2.177179
0.819315 0.015904 0.014672 0.007649 0.000566 0.132721 0.009173 2.178687
0.819415 0.015886 0.014648 0.007667 0.000563 0.132644 0.009177 2.180243
0.819589 0.015808 0.014638 0.007683 0.000567 0.132531 0.009184 2.181835
0.819690 0.015815 0.014579 0.007668 0.000557 0.132499 0.009192 2.183355
0.819807 0.015841 0.014540 0.007645 0.000545 0.132419 0.009203 2.184868
0.819949 0.015825 0.014542 0.007615 0.000538 0.132319 0.009212 2.186400
0.820088 0.015812 0.014537 0.007575 0.000531 0.132240 0.009219 2.187926
0.820259 0.015768 0.014574 0.007556 0.000530 0.132087 0.009226 2.189510
0.820412 0.015710 0.014520 0.007545 0.000537 0.132044 0.009233 2.191048
0.820605 0.015682 0.014467 0.007529 0.000535 0.131940 0.009240 2.192564
0.820730 0.015692 0.014419 0.007539 0.000543 0.131832 0.009245 2.194100
0.820871 0.015651 0.014371 0.007550 0.000549 0.131757 0.009251 2.195648
0.821063 0.015620 0.014379 0.007542 0.000547 0.131594 0.009255 2.197170
0.821241 0.015604 0.014320 0.007521 0.000537 0.131511 0.009266 2.198677
0.821362 0.015608 0.014346 0.007473 0.000531 0.131407 0.009273 2.200204
0.821520 0.015620 0.014328 0.007495 0.000530 0.131228 0.009279 2.201713
0.821516 0.015613 0.014325 0.007545 0.000524 0.131190 0.009285 2.203274
0.821701 0.015583 0.014291 0.007527 0.000523 0.131087 0.009289 2.204778
0.821846 0.015570 0.014268 0.007472 0.000523 0.131024 0.009297 2.206284
0.821977 0.015497 0.014234 0.007469 0.000521 0.130998 0.009304 2.207860
0.822033 0.015531 0.014209 0.007467 0.000518 0.130933 0.009309 2.209361
0.822161 0.015539 0.014189 0.007437 0.000513 0.130845 0.009316 2.210853
0.822346 0.015492 0.014170 0.007433 0.000512 0.130725 0.009322 2.212370
0.822504 0.015483 0.014139 0.007430 0.000516 0.130602 0.009326 2.213859
0.822567 0.015512 0.014118 0.007387 0.000517 0.130564 0.009336 2.215350
0.822649 0.015561 0.014075 0.007388 0.000518 0.130470 0.009341 2.216836
0.822731 0.015516 0.014042 0.007397 0.000515 0.130451 0.009348 2.218379
0.822828 0.015528 0.014056 0.007363 0.000515 0.130356 0.009354 2.219877
0.822924 0.015536 0.014014 0.007376 0.000519 0.130273 0.009360 2.221386
0.823024 0.015497 0.013961 0.007416 0.000516 0.130221 0.009365 2.222887
0.823126 0.015451 0.013980 0.007417 0.000509 0.130145 0.009370 2.224429
0.823295 0.015400 0.014002 0.007422 0.000512 0.129994 0.009375 2.225944
0.823390 0.015365 0.013992 0.007420 0.000502 0.129946 0.009384 2.227462
0.823551 0.015322 0.013998 0.007400 0.000501 0.129836 0.009392 2.228972
0.823752 0.015247 0.014018 0.007382 0.000498 0.129708 0.009395 2.230480
0.823909 0.015270 0.013982 0.007344 0.000500 0.129598 0.009396 2.231936
0.824046 0.015234 0.013988 0.007343 0.000502 0.129484 0.009403 2.233438
0.824177 0.015257 0.013940 0.007331 0.000506 0.129380 0.009409 2.234929
0.824337 0.015225 0.013884 0.007325 0.000506 0.129307 0.009416 2.236427
0.824414 0.015227 0.013885 0.007298 0.000499 0.129251 0.009427 2.237939
0.824553 0.015222 0.013844 0.007344 0.000497 0.129105 0.009434 2.239432
0.824684 0.015229 0.013900 0.007315 0.000502 0.128934 0.009437 2.240919
0.824720 0.015283 0.013868 0.007314 0.000494 0.128880 0.009442 2.242403
0.824836 0.015279 0.013860 0.007295 0.000500 0.128782 0.009449 2.243900
0.824926 0.015314 0.013846 0.007260 0.000500 0.128698 0.009456 2.245357
0.825094 0.015249 0.013899 0.007251 0.000494 0.128551 0.009462 2.246885
0.825228 0.015263 0.013838 0.007247 0.000497 0.128461 0.009466 2.248335
0.825353 0.015246 0.013836 0.007205 0.000498 0.128389 0.009473 2.249819
0.825460 0.015316 0.013832 0.007170 0.000505 0.128238 0.009479 2.251258
0.825556 0.015285 0.013867 0.007212 0.000509 0.128085 0.009484 2.252797
0.825713 0.015244 0.013837 0.007251 0.000504 0.127959 0.009492 2.254303
0.825814 0.015322 0.013784 0.007254 0.000501 0.127825 0.009499 2.255733
0.825953 0.015311 0.013750 0.007244 0.000503 0.127732 0.009506 2.257210
0.826092 0.015268 0.013743 0.007288 0.000505 0.127592 0.009512 2.258742
0.826198 0.015241 0.013723 0.007303 0.000503 0.127514 0.009519 2.260256
0.826315 0.015260 0.013729 0.007281 0.000503 0.127389 0.009523 2.261734
0.826389 0.015285 0.013753 0.007274 0.000504 0.127266 0.009530 2.263222
0.826573 0.015263 0.013708 0.007247 0.000507 0.127169 0.009533 2.264686
0.826608 0.015321 0.013707 0.007223 0.000500 0.127104 0.009538 2.266163
0.826661 0.015310 0.013735 0.007204 0.000498 0.127048 0.009544 2.267659
0.826791 0.015312 0.013725 0.007183 0.000490 0.126948 0.009551 2.269131
0.826930 0.015302 0.013717 0.007177 0.000495 0.126821 0.009557 2.270608
0.827023 0.015192 0.013761 0.007193 0.000502 0.126763 0.009566 2.272174
0.827127 0.015214 0.013779 0.007168 0.000502 0.126637 0.009574 2.273642
0.827222 0.015223 0.013769 0.007160 0.000497 0.126548 0.009582 2.275099
0.827282 0.015256 0.013767 0.007145 0.000492 0.126469 0.009589 2.276558
0.827399 0.015198 0.013798 0.007172 0.000494 0.126345 0.009593 2.278079
0.827506 0.015138 0.013783 0.007215 0.000487 0.126272 0.009599 2.279627
0.827589 0.015142 0.013751 0.007204 0.000494 0.126218 0.009601 2.281103
0.827681 0.015149 0.013755 0.007236 0.000499 0.126076 0.009605 2.282596
0.827777 0.015153 0.013744 0.007203 0.000496 0.126016 0.009611 2.284088
0.827953 0.015098 0.013757 0.007222 0.000492 0.125860 0.009618 2.285597
0.827983 0.015109 0.013738 0.007231 0.000498 0.125814 0.009627 2.287064
0.828078 0.015119 0.013721 0.007252 0.000494 0.125702 0.009634 2.288549
0.828122 0.015148 0.013739 0.007221 0.000490 0.125640 0.009639 2.290028
0.828282 0.015056 0.013729 0.007241 0.000497 0.125551 0.009644 2.291565
0.828349 0.015061 0.013695 0.007237 0.000498 0.125511 0.009651 2.293055
0.828449 0.015061 0.013679 0.007218 0.000499 0.125437 0.009656 2.294552
0.828533 0.015079 0.013661 0.007206 0.000491 0.125367 0.009663 2.296022
0.828588 0.015082 0.013642 0.007226 0.000486 0.125306 0.009671 2.297507
0.828648 0.015070 0.013664 0.007193 0.000491 0.125259 0.009675 2.299019
0.828689 0.015132 0.013632 0.007171 0.000490 0.125200 0.009684 2.300461
0.828738 0.015168 0.013633 0.007203 0.000485 0.125084 0.009691 2.301935
0.828853 0.015177 0.013653 0.007190 0.000489 0.124938 0.009700 2.303427
0.828877 0.015190 0.013642 0.007216 0.000484 0.124884 0.009706 2.304944
0.828917 0.015161 0.013682 0.007201 0.000491 0.124831 0.009716 2.306470
0.828949 0.015204 0.013740 0.007215 0.000489 0.124682 0.009721 2.307945
0.828964 0.015228 0.013714 0.007235 0.000490 0.124641 0.009728 2.309434
0.828977 0.015238 0.013757 0.007264 0.000486 0.124545 0.009734 2.310962
0.828990 0.015231 0.013804 0.007245 0.000485 0.124504 0.009741 2.312491
0.828991 0.015244 0.013783 0.007235 0.000486 0.124510 0.009750 2.314015
0.829075 0.015267 0.013747 0.007227 0.000479 0.124451 0.009755 2.315452
0.829151 0.015273 0.013697 0.007212 0.000478 0.124430 0.009760 2.316908
0.829179 0.015224 0.013704 0.007211 0.000471 0.124444 0.009767 2.318430
0.829216 0.015252 0.013692 0.007218 0.000468 0.124382 0.009771 2.319917
0.829255 0.015220 0.013670 0.007192 0.000472 0.124415 0.009777 2.321425
0.829344 0.015246 0.013686 0.007167 0.000464 0.124310 0.009782 2.322900
0.829403 0.015203 0.013741 0.007165 0.000464 0.124239 0.009786 2.324426
0.829505 0.015225 0.013739 0.007164 0.000465 0.124112 0.009790 2.325875
0.829537 0.015282 0.013700 0.007171 0.000465 0.124049 0.009796 2.327340
0.829573 0.015306 0.013685 0.007180 0.000468 0.123987 0.009801 2.328812
0.829637 0.015289 0.013676 0.007207 0.000467 0.123915 0.009810 2.330339
0.829704 0.015255 0.013660 0.007196 0.000471 0.123896 0.009818 2.331817
0.829816 0.015230 0.013682 0.007197 0.000467 0.123787 0.009821 2.333319
0.829844 0.015268 0.013696 0.007188 0.000470 0.123709 0.009826 2.334793
0.829951 0.015251 0.013701 0.007169 0.000464 0.123632 0.009833 2.336261
0.829980 0.015222 0.013726 0.007196 0.000464 0.123573 0.009840 2.337781
0.829973 0.015249 0.013766 0.007198 0.000467 0.123503 0.009845 2.339292
0.829996 0.015317 0.013683 0.007209 0.000463 0.123482 0.009850 2.340752
0.830033 0.015339 0.013671 0.007166 0.000462 0.123474 0.009855 2.342219
0.830009 0.015378 0.013679 0.007182 0.000463 0.123428 0.009860 2.343712
0.830108 0.015343 0.013675 0.007155 0.000463 0.123393 0.009864 2.345207
0.830087 0.015397 0.013694 0.007143 0.000466 0.123343 0.009870 2.346685
0.830106 0.015342 0.013681 0.007181 0.000468 0.123347 0.009875 2.348215
0.830203 0.015330 0.013644 0.007221 0.000467 0.123255 0.009881 2.349710
0.830237 0.015321 0.013676 0.007215 0.000470 0.123194 0.009888 2.351256
0.830259 0.015322 0.013673 0.007229 0.000461 0.123161 0.009896 2.352777
0.830258 0.015319 0.013649 0.007251 0.000457 0.123165 0.009902 2.354285
0.830263 0.015339 0.013658 0.007275 0.000453 0.123104 0.009909 2.355799
0.830330 0.015338 0.013617 0.007286 0.000448 0.123063 0.009919 2.357295
0.830319 0.015359 0.013624 0.007263 0.000440 0.123068 0.009928 2.358814
0.830305 0.015368 0.013625 0.007265 0.000437 0.123062 0.009938 2.360316
0.830348 0.015405 0.013611 0.007273 0.000444 0.122978 0.009942 2.361809
0.830410 0.015343 0.013600 0.007297 0.000447 0.122957 0.009947 2.363350
0.830377 0.015428 0.013551 0.007302 0.000444 0.122943 0.009955 2.364826
0.830424 0.015432 0.013541 0.007303 0.000448 0.122895 0.009958 2.366322
0.830446 0.015456 0.013547 0.007269 0.000452 0.122868 0.009963 2.367799
0.830448 0.015436 0.013618 0.007278 0.000453 0.122797 0.009969 2.369355
0.830516 0.015431 0.013635 0.007282 0.000454 0.122710 0.009972 2.370830
0.830502 0.015445 0.013650 0.007291 0.000450 0.122686 0.009975 2.372355
0.830530 0.015438 0.013646 0.007280 0.000454 0.122669 0.009983 2.373856
0.830578 0.015465 0.013666 0.007279 0.000451 0.122574 0.009988 2.375341
0.830581 0.015513 0.013637 0.007267 0.000460 0.122549 0.009993 2.376813
0.830557 0.015520 0.013711 0.007224 0.000458 0.122531 0.010000 2.378326
0.830514 0.015548 0.013751 0.007203 0.000460 0.122520 0.010005 2.379841
0.830506 0.015595 0.013761 0.007196 0.000469 0.122465 0.010010 2.381344
0.830498 0.015636 0.013783 0.007162 0.000477 0.122429 0.010014 2.382863
0.830491 0.015658 0.013798 0.007194 0.000475 0.122363 0.010021 2.384414
0.830504 0.015677 0.013817 0.007207 0.000483 0.122288 0.010025 2.385949
0.830507 0.015670 0.013804 0.007219 0.000483 0.122285 0.010033 2.387465
0.830513 0.015639 0.013790 0.007189 0.000483 0.122344 0.010042 2.389000
0.830452 0.015658 0.013788 0.007190 0.000486 0.122379 0.010046 2.390544
0.830433 0.015640 0.013802 0.007214 0.000491 0.122371 0.010050 2.392071
0.830440 0.015663 0.013829 0.007198 0.000494 0.122321 0.010055 2.393607
0.830509 0.015605 0.013902 0.007224 0.000494 0.122206 0.010061 2.395187
0.830551 0.015614 0.013879 0.007233 0.000496 0.122162 0.010065 2.396718
0.830566 0.015634 0.013867 0.007238 0.000492 0.122133 0.010071 2.398227
0.830526 0.015666 0.013874 0.007283 0.000492 0.122082 0.010078 2.399771
0.830488 0.015668 0.013909 0.007257 0.000492 0.122100 0.010085 2.401294
0.830448 0.015655 0.013958 0.007258 0.000495 0.122099 0.010088 2.402849
0.830512 0.015613 0.013971 0.007242 0.000494 0.122076 0.010093 2.404384
0.830518 0.015594 0.013994 0.007216 0.000494 0.122082 0.010103 2.405921
0.830576 0.015485 0.014003 0.007215 0.000492 0.122121 0.010109 2.407502
0.830535 0.015526 0.013963 0.007214 0.000491 0.122156 0.010115 2.409006
0.830470 0.015577 0.014026 0.007217 0.000486 0.122101 0.010122 2.410553
0.830437 0.015577 0.014013 0.007240 0.000493 0.122116 0.010125 2.412059
0.830413 0.015602 0.014004 0.007232 0.000493 0.122126 0.010131 2.413573
0.830386 0.015644 0.014026 0.007275 0.000485 0.122050 0.010135 2.415113
0.830385 0.015614 0.014027 0.007285 0.000480 0.122065 0.010143 2.416655
0.830428 0.015542 0.014062 0.007298 0.000481 0.122038 0.010150 2.418179
0.830410 0.015572 0.014077 0.007283 0.000478 0.122021 0.010157 2.419675
0.830463 0.015518 0.014084 0.007283 0.000476 0.122010 0.010166 2.421195
0.830413 0.015508 0.014066 0.007306 0.000479 0.122058 0.010170 2.422748
0.830433 0.015519 0.014056 0.007290 0.000480 0.122045 0.010178 2.424252
0.830400 0.015528 0.014009 0.007312 0.000480 0.122092 0.010180 2.425775
0.830433 0.015558 0.013973 0.007276 0.000489 0.122085 0.010187 2.427282
0.830410 0.015546 0.013968 0.007263 0.000485 0.122136 0.010194 2.428813
0.830401 0.015472 0.013979 0.007279 0.000488 0.122183 0.010198 2.430366
0.830328 0.015543 0.013960 0.007261 0.000482 0.122217 0.010210 2.431857
0.830302 0.015526 0.013970 0.007285 0.000479 0.122219 0.010220 2.433409
0.830352 0.015497 0.013966 0.007322 0.000474 0.122163 0.010227 2.434946
0.830317 0.015504 0.013941 0.007324 0.000480 0.122203 0.010232 2.436454
0.830308 0.015522 0.013939 0.007302 0.000478 0.122210 0.010240 2.437941
0.830290 0.015606 0.013963 0.007271 0.000479 0.122148 0.010246 2.439422
