0.369541 0.061866 0.054732 0.031700 0.001908 0.474471 0.005780 1.551685
0.371056 0.060291 0.054698 0.031582 0.001887 0.474671 0.005815 1.557717
0.373026 0.058420 0.054620 0.031375 0.001890 0.474824 0.005845 1.563553
0.375360 0.056415 0.054299 0.031109 0.001903 0.475047 0.005867 1.569168
0.377889 0.054328 0.053954 0.030792 0.001917 0.475230 0.005890 1.574602
0.380640 0.052240 0.053553 0.030527 0.001932 0.475199 0.005908 1.579906
0.383356 0.050389 0.052917 0.030081 0.001933 0.475383 0.005940 1.584832
0.386311 0.048536 0.052281 0.029597 0.001946 0.475367 0.005963 1.589650
0.389415 0.046577 0.051646 0.029146 0.001948 0.475282 0.005986 1.594432
0.392514 0.044880 0.050856 0.028680 0.001943 0.475120 0.006009 1.598897
0.395786 0.043176 0.050124 0.028159 0.001944 0.474774 0.006036 1.603289
0.399109 0.041612 0.049308 0.027579 0.001935 0.474399 0.006058 1.607507
0.402454 0.040189 0.048347 0.027107 0.001921 0.473895 0.006086 1.611500
0.405862 0.038806 0.047469 0.026586 0.001923 0.473241 0.006113 1.615361
0.409373 0.037464 0.046494 0.026061 0.001918 0.472555 0.006135 1.619110
0.412997 0.036251 0.045519 0.025461 0.001923 0.471691 0.006158 1.622665
0.416643 0.035077 0.044517 0.024868 0.001919 0.470796 0.006181 1.626129
0.420170 0.033957 0.043577 0.024282 0.001913 0.469897 0.006204 1.629544
0.423893 0.032909 0.042562 0.023758 0.001902 0.468749 0.006226 1.632811
0.427637 0.031882 0.041587 0.023203 0.001910 0.467529 0.006250 1.635968
0.431338 0.030993 0.040631 0.022641 0.001898 0.466226 0.006273 1.639051
0.435010 0.030166 0.039692 0.022114 0.001883 0.464840 0.006295 1.642039
0.438584 0.029337 0.038801 0.021637 0.001852 0.463465 0.006323 1.645033
0.442398 0.028574 0.037866 0.021086 0.001833 0.461899 0.006343 1.647828
0.446137 0.027860 0.037023 0.020534 0.001819 0.460267 0.006360 1.650547
0.449795 0.027185 0.036243 0.020051 0.001796 0.458543 0.006386 1.653283
0.453466 0.026595 0.035343 0.019591 0.001767 0.456829 0.006410 1.655902
0.457246 0.025969 0.034546 0.019082 0.001727 0.454995 0.006434 1.658466
0.460956 0.025406 0.033792 0.018686 0.001701 0.453005 0.006454 1.661013
0.464672 0.024812 0.033003 0.018245 0.001682 0.451110 0.006477 1.663531
0.468373 0.024356 0.032178 0.017783 0.001658 0.449148 0.006503 1.665913
0.472110 0.023852 0.031413 0.017358 0.001629 0.447112 0.006524 1.668227
0.475785 0.023375 0.030722 0.016994 0.001612 0.444964 0.006549 1.670580
0.479518 0.022858 0.030030 0.016604 0.001592 0.442827 0.006570 1.672894
0.483195 0.022472 0.029346 0.016226 0.001565 0.440598 0.006597 1.675134
0.486964 0.022060 0.028675 0.015829 0.001529 0.438318 0.006624 1.677307
0.490721 0.021638 0.028051 0.015456 0.001511 0.435981 0.006644 1.679478
0.494409 0.021260 0.027418 0.015138 0.001497 0.433614 0.006664 1.681579
0.498110 0.020946 0.026838 0.014776 0.001483 0.431162 0.006685 1.683645
0.501691 0.020692 0.026168 0.014484 0.001460 0.428800 0.006705 1.685655
0.505319 0.020317 0.025705 0.014196 0.001437 0.426302 0.006726 1.687716
0.508957 0.020060 0.025128 0.013877 0.001412 0.423815 0.006751 1.689686
0.512499 0.019796 0.024609 0.013602 0.001390 0.421328 0.006777 1.691660
0.516099 0.019542 0.024166 0.013367 0.001369 0.418664 0.006792 1.693619
0.519707 0.019282 0.023652 0.013096 0.001357 0.416096 0.006810 1.695520
0.523175 0.019072 0.023225 0.012813 0.001348 0.413540 0.006827 1.697388
0.526632 0.018789 0.022824 0.012576 0.001322 0.411014 0.006844 1.699306
0.530072 0.018554 0.022414 0.012372 0.001304 0.408421 0.006863 1.701215
0.533489 0.018361 0.021967 0.012146 0.001289 0.405869 0.006880 1.703027
0.536949 0.018149 0.021574 0.011887 0.001270 0.403277 0.006895 1.704790
0.540286 0.017938 0.021258 0.011629 0.001249 0.400732 0.006909 1.706592
0.543619 0.017863 0.020841 0.011381 0.001228 0.398140 0.006928 1.708266
0.546948 0.017709 0.020496 0.011234 0.001216 0.395455 0.006942 1.710006
0.550274 0.017535 0.020195 0.011085 0.001201 0.392758 0.006953 1.711761
0.553519 0.017403 0.019846 0.010944 0.001169 0.390152 0.006967 1.713488
0.556747 0.017299 0.019541 0.010768 0.001147 0.387518 0.006981 1.715165
0.559934 0.017168 0.019241 0.010595 0.001135 0.384928 0.006999 1.716873
0.563179 0.017114 0.018926 0.010440 0.001117 0.382215 0.007010 1.718543
0.566358 0.016941 0.018656 0.010245 0.001107 0.379674 0.007020 1.720220
0.569538 0.016881 0.018415 0.010102 0.001095 0.376939 0.007031 1.721872
0.572698 0.016780 0.018133 0.010009 0.001084 0.374251 0.007045 1.723520
0.575889 0.016716 0.017853 0.009877 0.001072 0.371539 0.007056 1.725111
0.578931 0.016657 0.017616 0.009750 0.001065 0.368915 0.007066 1.726740
0.581867 0.016552 0.017449 0.009635 0.001052 0.366365 0.007079 1.728377
0.584874 0.016472 0.017257 0.009515 0.001037 0.363752 0.007092 1.729981
0.587821 0.016362 0.017130 0.009440 0.001026 0.361115 0.007108 1.731624
0.590753 0.016292 0.016938 0.009337 0.001022 0.358541 0.007118 1.733243
0.593689 0.016223 0.016737 0.009238 0.001011 0.355973 0.007130 1.734845
0.596551 0.016114 0.016582 0.009157 0.000999 0.353455 0.007142 1.736484
0.599488 0.016045 0.016485 0.009055 0.000988 0.350785 0.007154 1.738073
0.602261 0.016072 0.016308 0.008986 0.000981 0.348227 0.007167 1.739641
0.605003 0.016048 0.016196 0.008886 0.000967 0.345714 0.007187 1.741215
0.607709 0.016035 0.016053 0.008823 0.000951 0.343230 0.007199 1.742796
0.610417 0.016069 0.015921 0.008726 0.000927 0.340729 0.007212 1.744352
0.613088 0.016017 0.015803 0.008652 0.000915 0.338302 0.007223 1.745920
0.615696 0.015969 0.015747 0.008596 0.000909 0.335846 0.007235 1.747536
0.618380 0.015983 0.015595 0.008547 0.000890 0.333357 0.007247 1.749076
0.621000 0.015988 0.015494 0.008509 0.000870 0.330881 0.007259 1.750613
0.623610 0.015938 0.015401 0.008480 0.000845 0.328450 0.007275 1.752214
0.626184 0.015932 0.015290 0.008478 0.000841 0.325990 0.007285 1.753747
0.628654 0.015945 0.015243 0.008431 0.000827 0.323600 0.007298 1.755337
0.631086 0.015923 0.015186 0.008401 0.000818 0.321276 0.007310 1.756937
0.633477 0.016000 0.015110 0.008331 0.000810 0.318950 0.007320 1.758471
0.635939 0.015956 0.015106 0.008301 0.000811 0.316561 0.007326 1.760063
0.638321 0.016030 0.015000 0.008292 0.000801 0.314220 0.007338 1.761588
0.640693 0.016051 0.014954 0.008277 0.000783 0.311891 0.007351 1.763166
0.643052 0.016018 0.014982 0.008262 0.000777 0.309547 0.007363 1.764798
0.645381 0.016032 0.014945 0.008231 0.000766 0.307270 0.007374 1.766370
0.647697 0.016027 0.014894 0.008237 0.000756 0.305005 0.007384 1.767978
0.649935 0.016049 0.014849 0.008223 0.000746 0.302804 0.007393 1.769557
0.652056 0.016117 0.014797 0.008201 0.000738 0.300683 0.007408 1.771115
0.654131 0.016182 0.014754 0.008193 0.000723 0.298596 0.007423 1.772704
0.656190 0.016282 0.014715 0.008164 0.000722 0.296498 0.007431 1.774280
0.658206 0.016287 0.014671 0.008172 0.000714 0.294509 0.007441 1.775921
0.660207 0.016361 0.014671 0.008169 0.000699 0.292441 0.007452 1.777515
0.662210 0.016432 0.014673 0.008151 0.000693 0.290380 0.007461 1.779113
0.664048 0.016490 0.014619 0.008162 0.000687 0.288528 0.007467 1.780722
0.665863 0.016595 0.014622 0.008183 0.000676 0.286583 0.007479 1.782349
0.667710 0.016699 0.014611 0.008212 0.000675 0.284607 0.007486 1.783973
0.669595 0.016690 0.014600 0.008230 0.000672 0.282720 0.007494 1.785614
0.671488 0.016714 0.014640 0.008211 0.000668 0.280776 0.007503 1.787242
0.673148 0.016826 0.014639 0.008203 0.000666 0.279010 0.007508 1.788853
0.674985 0.016903 0.014622 0.008206 0.000664 0.277103 0.007516 1.790490
0.676596 0.017063 0.014668 0.008186 0.000675 0.275288 0.007524 1.792136
0.678256 0.017071 0.014694 0.008173 0.000673 0.273601 0.007532 1.793827
0.679973 0.017144 0.014749 0.008212 0.000664 0.271713 0.007546 1.795512
0.681558 0.017266 0.014812 0.008213 0.000660 0.269934 0.007557 1.797174
0.683160 0.017323 0.014833 0.008246 0.000655 0.268218 0.007564 1.798877
0.684680 0.017412 0.014888 0.008266 0.000646 0.266535 0.007572 1.800594
0.686238 0.017522 0.014936 0.008250 0.000642 0.264833 0.007580 1.802298
0.687742 0.017645 0.014912 0.008305 0.000631 0.263178 0.007588 1.804001
0.689241 0.017705 0.014981 0.008322 0.000619 0.261534 0.007598 1.805761
0.690539 0.017842 0.015053 0.008357 0.000618 0.259983 0.007609 1.807500
0.691880 0.017986 0.015130 0.008351 0.000623 0.258415 0.007617 1.809241
0.693216 0.018076 0.015191 0.008373 0.000625 0.256897 0.007623 1.811007
0.694546 0.018124 0.015243 0.008381 0.000621 0.255451 0.007634 1.812797
0.695881 0.018160 0.015348 0.008408 0.000621 0.253941 0.007642 1.814601
0.697078 0.018297 0.015400 0.008429 0.000618 0.252530 0.007649 1.816397
0.698327 0.018341 0.015483 0.008446 0.000610 0.251136 0.007659 1.818228
0.699587 0.018424 0.015551 0.008451 0.000609 0.249712 0.007667 1.820061
0.700877 0.018543 0.015574 0.008467 0.000605 0.248260 0.007674 1.821829
0.702071 0.018637 0.015643 0.008521 0.000597 0.246852 0.007679 1.823637
0.703251 0.018700 0.015687 0.008583 0.000592 0.245498 0.007688 1.825482
0.704364 0.018795 0.015772 0.008684 0.000587 0.244103 0.007694 1.827352
0.705481 0.018946 0.015827 0.008716 0.000584 0.242743 0.007702 1.829149
0.706567 0.019076 0.015902 0.008752 0.000588 0.241407 0.007708 1.831022
0.707591 0.019153 0.015972 0.008826 0.000583 0.240160 0.007715 1.832908
0.708732 0.019203 0.016056 0.008839 0.000582 0.238862 0.007725 1.834805
0.709696 0.019288 0.016112 0.008881 0.000594 0.237700 0.007729 1.836733
0.710602 0.019391 0.016139 0.008911 0.000592 0.236629 0.007736 1.838642
0.711590 0.019429 0.016207 0.009006 0.000591 0.235432 0.007746 1.840603
0.712451 0.019483 0.016344 0.009054 0.000591 0.234322 0.007754 1.842565
0.713343 0.019595 0.016412 0.009110 0.000585 0.233192 0.007762 1.844459
0.714243 0.019672 0.016518 0.009203 0.000595 0.232000 0.007770 1.846446
0.715186 0.019725 0.016557 0.009258 0.000599 0.230898 0.007776 1.848387
0.715992 0.019800 0.016691 0.009359 0.000599 0.229771 0.007787 1.850413
0.716725 0.019953 0.016752 0.009353 0.000605 0.228819 0.007793 1.852378
0.717466 0.020110 0.016791 0.009337 0.000609 0.227890 0.007797 1.854298
0.718076 0.020292 0.016889 0.009299 0.000610 0.227030 0.007804 1.856270
0.718774 0.020452 0.016919 0.009348 0.000614 0.226083 0.007810 1.858263
0.719407 0.020586 0.017010 0.009382 0.000618 0.225180 0.007817 1.860279
0.720160 0.020758 0.017088 0.009397 0.000615 0.224156 0.007825 1.862254
0.720831 0.020857 0.017202 0.009446 0.000612 0.223220 0.007832 1.864302
0.721445 0.020928 0.017318 0.009485 0.000606 0.222374 0.007843 1.866354
0.722015 0.021006 0.017409 0.009532 0.000610 0.221578 0.007851 1.868432
0.722717 0.021053 0.017440 0.009577 0.000606 0.220747 0.007860 1.870467
0.723271 0.021151 0.017549 0.009616 0.000610 0.219933 0.007870 1.872541
0.723926 0.021219 0.017620 0.009683 0.000615 0.219058 0.007879 1.874590
0.724482 0.021330 0.017701 0.009758 0.000615 0.218224 0.007891 1.876701
0.725054 0.021391 0.017829 0.009787 0.000614 0.217427 0.007899 1.878815
0.725596 0.021534 0.017873 0.009782 0.000618 0.216692 0.007905 1.880855
0.726054 0.021688 0.017934 0.009835 0.000618 0.215962 0.007910 1.882935
0.726482 0.021782 0.018031 0.009866 0.000617 0.215305 0.007917 1.885085
0.727071 0.021818 0.018048 0.009933 0.000613 0.214590 0.007927 1.887199
0.727601 0.021964 0.018073 0.009962 0.000620 0.213848 0.007933 1.889254
0.728043 0.022060 0.018158 0.010023 0.000617 0.213159 0.007940 1.891423
0.728476 0.022126 0.018256 0.010079 0.000618 0.212498 0.007946 1.893617
0.728777 0.022222 0.018343 0.010156 0.000612 0.211935 0.007955 1.895800
0.729141 0.022321 0.018473 0.010213 0.000620 0.211268 0.007964 1.897984
0.729473 0.022436 0.018551 0.010241 0.000614 0.210712 0.007973 1.900163
0.729734 0.022600 0.018646 0.010288 0.000603 0.210148 0.007982 1.902339
0.730066 0.022696 0.018700 0.010392 0.000606 0.209552 0.007989 1.904544
0.730318 0.022790 0.018816 0.010425 0.000608 0.209048 0.007995 1.906790
0.730667 0.022796 0.018887 0.010496 0.000612 0.208541 0.008002 1.909059
0.730956 0.022935 0.018975 0.010510 0.000615 0.208003 0.008006 1.911236
0.731148 0.023047 0.018995 0.010562 0.000622 0.207612 0.008015 1.913473
0.731420 0.023071 0.019051 0.010628 0.000631 0.207175 0.008024 1.915753
0.731682 0.023103 0.019197 0.010650 0.000637 0.206701 0.008030 1.918035
0.731871 0.023157 0.019296 0.010693 0.000643 0.206307 0.008035 1.920317
0.732169 0.023228 0.019389 0.010718 0.000656 0.205800 0.008040 1.922565
0.732463 0.023318 0.019483 0.010737 0.000648 0.205301 0.008050 1.924829
0.732634 0.023379 0.019614 0.010769 0.000652 0.204894 0.008059 1.927127
0.732849 0.023490 0.019664 0.010856 0.000647 0.204429 0.008065 1.929407
0.733043 0.023634 0.019700 0.010875 0.000643 0.204032 0.008075 1.931682
0.733216 0.023690 0.019769 0.010929 0.000647 0.203665 0.008085 1.934021
0.733284 0.023805 0.019761 0.010986 0.000644 0.203426 0.008094 1.936320
0.733449 0.023934 0.019813 0.010998 0.000655 0.203051 0.008100 1.938598
0.733701 0.023891 0.019969 0.011060 0.000663 0.202609 0.008108 1.940978
0.733815 0.023985 0.020026 0.011147 0.000658 0.202250 0.008118 1.943332
0.733941 0.024084 0.020156 0.011182 0.000657 0.201855 0.008125 1.945684
0.733995 0.024225 0.020286 0.011175 0.000655 0.201526 0.008138 1.948041
0.734065 0.024252 0.020348 0.011196 0.000667 0.201327 0.008143 1.950442
0.734137 0.024315 0.020434 0.011197 0.000663 0.201097 0.008157 1.952775
0.734133 0.024400 0.020516 0.011251 0.000664 0.200873 0.008164 1.955164
0.734196 0.024448 0.020597 0.011295 0.000659 0.200633 0.008171 1.957607
0.734136 0.024604 0.020682 0.011337 0.000659 0.200403 0.008179 1.959982
0.734175 0.024715 0.020720 0.011396 0.000657 0.200150 0.008188 1.962359
0.734250 0.024769 0.020824 0.011448 0.000660 0.199853 0.008196 1.964788
0.734368 0.024780 0.020904 0.011543 0.000668 0.199533 0.008205 1.967277
0.734347 0.024806 0.021024 0.011608 0.000663 0.199335 0.008217 1.969753
0.734408 0.024800 0.021147 0.011681 0.000673 0.199064 0.008225 1.972231
0.734437 0.024909 0.021179 0.011700 0.000673 0.198873 0.008231 1.974612
0.734343 0.025023 0.021229 0.011755 0.000675 0.198738 0.008238 1.977084
0.734360 0.025081 0.021290 0.011760 0.000678 0.198585 0.008247 1.979534
0.734314 0.025085 0.021398 0.011778 0.000681 0.198490 0.008254 1.982036
0.734184 0.025183 0.021438 0.011810 0.000694 0.198427 0.008264 1.984467
0.734152 0.025251 0.021523 0.011822 0.000699 0.198281 0.008272 1.986919
0.734148 0.025258 0.021609 0.011850 0.000700 0.198151 0.008285 1.989413
0.734105 0.025336 0.021644 0.011906 0.000705 0.198011 0.008292 1.991868
0.734021 0.025336 0.021740 0.011966 0.000701 0.197934 0.008303 1.994418
0.733892 0.025433 0.021782 0.011976 0.000709 0.197899 0.008310 1.996899
0.733845 0.025554 0.021754 0.011994 0.000708 0.197827 0.008319 1.999315
0.733739 0.025618 0.021818 0.012007 0.000711 0.197779 0.008329 2.001828
0.733798 0.025577 0.021913 0.012041 0.000714 0.197620 0.008338 2.004369
0.733715 0.025594 0.021997 0.012081 0.000713 0.197553 0.008346 2.006889
0.733578 0.025727 0.022005 0.012056 0.000715 0.197563 0.008356 2.009340
0.733474 0.025812 0.022073 0.012054 0.000714 0.197505 0.008368 2.011852
0.733308 0.025961 0.022047 0.012031 0.000722 0.197552 0.008378 2.014330
0.733306 0.025936 0.022041 0.012132 0.000723 0.197474 0.008388 2.016906
0.733209 0.025920 0.022119 0.012172 0.000726 0.197459 0.008395 2.019467
0.733134 0.025874 0.022248 0.012221 0.000726 0.197391 0.008405 2.022026
0.733033 0.025889 0.022307 0.012244 0.000728 0.197382 0.008416 2.024565
0.733033 0.025885 0.022320 0.012243 0.000738 0.197360 0.008423 2.027084
0.732949 0.025982 0.022327 0.012259 0.000733 0.197320 0.008431 2.029586
0.732815 0.026071 0.022386 0.012285 0.000734 0.197265 0.008443 2.032085
0.732688 0.026170 0.022430 0.012266 0.000739 0.197257 0.008450 2.034606
0.732595 0.026192 0.022478 0.012327 0.000735 0.197217 0.008458 2.037198
0.732509 0.026181 0.022508 0.012399 0.000732 0.197206 0.008466 2.039795
0.732374 0.026180 0.022525 0.012417 0.000738 0.197289 0.008479 2.042362
0.732227 0.026215 0.022574 0.012424 0.000741 0.197331 0.008488 2.044910
0.732090 0.026207 0.022612 0.012477 0.000748 0.197367 0.008499 2.047505
0.731950 0.026252 0.022606 0.012514 0.000755 0.197413 0.008510 2.050048
0.731807 0.026222 0.022615 0.012569 0.000761 0.197508 0.008519 2.052642
0.731712 0.026197 0.022630 0.012577 0.000757 0.197594 0.008535 2.055239
0.731548 0.026256 0.022646 0.012559 0.000760 0.197689 0.008543 2.057777
0.731471 0.026234 0.022712 0.012611 0.000758 0.197659 0.008555 2.060334
0.731394 0.026286 0.022756 0.012594 0.000753 0.197650 0.008566 2.062847
0.731297 0.026310 0.022803 0.012571 0.000748 0.197699 0.008574 2.065400
0.731241 0.026355 0.022785 0.012565 0.000748 0.197723 0.008582 2.067937
0.731170 0.026329 0.022788 0.012632 0.000754 0.197739 0.008587 2.070537
0.731052 0.026296 0.022875 0.012644 0.000750 0.197783 0.008601 2.073137
0.730994 0.026275 0.022912 0.012634 0.000753 0.197821 0.008611 2.075677
0.730936 0.026248 0.022996 0.012674 0.000761 0.197767 0.008619 2.078256
0.730875 0.026251 0.023026 0.012651 0.000760 0.197811 0.008626 2.080803
0.730778 0.026285 0.023075 0.012674 0.000752 0.197799 0.008638 2.083342
0.730618 0.026283 0.023116 0.012646 0.000750 0.197938 0.008650 2.085929
0.730493 0.026295 0.023095 0.012638 0.000756 0.198065 0.008658 2.088485
0.730405 0.026173 0.023125 0.012674 0.000756 0.198199 0.008670 2.091157
0.730364 0.026126 0.023156 0.012674 0.000763 0.198242 0.008676 2.093715
0.730242 0.026087 0.023206 0.012661 0.000765 0.198356 0.008683 2.096272
0.730177 0.026046 0.023138 0.012687 0.000768 0.198496 0.008689 2.098836
0.730169 0.025992 0.023098 0.012664 0.000776 0.198605 0.008696 2.101392
0.730163 0.025974 0.023123 0.012611 0.000780 0.198642 0.008708 2.103916
0.730164 0.025967 0.023079 0.012560 0.000790 0.198725 0.008715 2.106436
0.730068 0.026007 0.023021 0.012589 0.000788 0.198803 0.008725 2.108963
0.730039 0.026028 0.022952 0.012563 0.000792 0.198890 0.008736 2.111496
0.730098 0.025941 0.022956 0.012530 0.000802 0.198929 0.008744 2.114037
0.730152 0.025880 0.022957 0.012519 0.000800 0.198936 0.008757 2.116529
0.730200 0.025689 0.023000 0.012538 0.000806 0.199003 0.008764 2.119151
0.730167 0.025665 0.022966 0.012608 0.000807 0.199013 0.008775 2.121678
0.730173 0.025647 0.022984 0.012548 0.000808 0.199050 0.008790 2.124188
0.730270 0.025535 0.022987 0.012540 0.000806 0.199060 0.008804 2.126731
0.730326 0.025487 0.022906 0.012537 0.000808 0.199121 0.008815 2.129182
0.730253 0.025528 0.022843 0.012564 0.000808 0.199180 0.008824 2.131654
0.730312 0.025503 0.022884 0.012574 0.000817 0.199078 0.008833 2.134149
0.730338 0.025476 0.022912 0.012571 0.000812 0.199047 0.008843 2.136665
0.730430 0.025352 0.022923 0.012597 0.000805 0.199041 0.008853 2.139224
0.730454 0.025332 0.022831 0.012606 0.000809 0.199107 0.008861 2.141697
0.730490 0.025242 0.022813 0.012591 0.000812 0.199183 0.008869 2.144209
0.730544 0.025152 0.022764 0.012576 0.000814 0.199270 0.008881 2.146703
0.730557 0.025130 0.022723 0.012563 0.000812 0.199325 0.008891 2.149177
0.730628 0.025114 0.022700 0.012510 0.000810 0.199338 0.008900 2.151643
0.730604 0.025074 0.022665 0.012510 0.000812 0.199424 0.008913 2.154151
0.730644 0.025100 0.022609 0.012498 0.000814 0.199412 0.008923 2.156598
0.730691 0.025125 0.022552 0.012452 0.000809 0.199439 0.008932 2.159021
0.730697 0.025158 0.022509 0.012459 0.000811 0.199424 0.008944 2.161452
0.730741 0.025128 0.022474 0.012401 0.000813 0.199492 0.008952 2.163900
0.730853 0.025032 0.022472 0.012399 0.000814 0.199473 0.008958 2.166378
0.730997 0.024976 0.022400 0.012358 0.000814 0.199486 0.008969 2.168809
0.731090 0.025006 0.022338 0.012314 0.000812 0.199463 0.008978 2.171205
0.731189 0.024916 0.022353 0.012349 0.000809 0.199402 0.008983 2.173671
0.731306 0.024899 0.022301 0.012375 0.000804 0.199320 0.008995 2.176091
0.731433 0.024846 0.022240 0.012344 0.000811 0.199323 0.009003 2.178547
0.731428 0.024885 0.022223 0.012337 0.000805 0.199307 0.009014 2.180994
0.731532 0.024929 0.022145 0.012300 0.000817 0.199255 0.009023 2.183369
0.731612 0.024838 0.022226 0.012295 0.000820 0.199171 0.009037 2.185903
0.731701 0.024821 0.022240 0.012279 0.000817 0.199093 0.009050 2.188334
0.731779 0.024783 0.022195 0.012322 0.000824 0.199038 0.009059 2.190813
0.731938 0.024737 0.022179 0.012289 0.000826 0.198961 0.009070 2.193226
0.732109 0.024652 0.022147 0.012286 0.000825 0.198904 0.009078 2.195641
0.732149 0.024727 0.022135 0.012225 0.000828 0.198849 0.009088 2.197995
0.732139 0.024723 0.022126 0.012212 0.000819 0.198880 0.009100 2.200421
0.732231 0.024728 0.022080 0.012164 0.000816 0.198872 0.009109 2.202827
0.732318 0.024671 0.022107 0.012119 0.000809 0.198854 0.009122 2.205262
0.732430 0.024592 0.022171 0.012074 0.000813 0.198791 0.009132 2.207710
0.732563 0.024539 0.022198 0.012054 0.000815 0.198693 0.009138 2.210134
0.732698 0.024552 0.022114 0.012061 0.000833 0.198596 0.009146 2.212503
0.732833 0.024434 0.022078 0.012080 0.000828 0.198587 0.009158 2.214946
0.732962 0.024382 0.022083 0.012084 0.000824 0.198491 0.009174 2.217351
0.733066 0.024374 0.022002 0.012077 0.000830 0.198468 0.009185 2.219725
0.733166 0.024351 0.022010 0.012025 0.000819 0.198432 0.009198 2.222100
0.733347 0.024285 0.022016 0.012020 0.000822 0.198299 0.009211 2.224525
0.733468 0.024261 0.021931 0.012051 0.000826 0.198242 0.009222 2.226910
0.733711 0.024165 0.021885 0.012032 0.000832 0.198147 0.009229 2.229249
0.733769 0.024220 0.021793 0.011973 0.000831 0.198172 0.009242 2.231572
0.733910 0.024245 0.021761 0.011955 0.000824 0.198056 0.009250 2.233896
0.734072 0.024153 0.021702 0.011932 0.000808 0.198073 0.009260 2.236292
0.734183 0.024133 0.021706 0.011903 0.000817 0.197993 0.009267 2.238659
0.734393 0.024090 0.021666 0.011876 0.000810 0.197891 0.009275 2.240971
0.734454 0.024059 0.021656 0.011866 0.000818 0.197865 0.009282 2.243357
0.734646 0.024018 0.021685 0.011845 0.000822 0.197694 0.009290 2.245701
0.734728 0.024005 0.021672 0.011763 0.000814 0.197718 0.009301 2.248037
0.734849 0.024008 0.021594 0.011776 0.000813 0.197652 0.009309 2.250393
0.734970 0.023999 0.021555 0.011713 0.000822 0.197620 0.009321 2.252740
0.735073 0.023955 0.021528 0.011706 0.000822 0.197586 0.009331 2.255095
0.735282 0.023884 0.021522 0.011718 0.000822 0.197430 0.009342 2.257473
0.735386 0.023874 0.021523 0.011705 0.000819 0.197338 0.009356 2.259838
0.735587 0.023804 0.021523 0.011699 0.000821 0.197196 0.009369 2.262226
0.735786 0.023842 0.021465 0.011664 0.000816 0.197044 0.009383 2.264521
0.736016 0.023766 0.021452 0.011682 0.000809 0.196876 0.009399 2.266904
0.736197 0.023763 0.021458 0.011655 0.000807 0.196711 0.009409 2.269239
0.736260 0.023762 0.021445 0.011670 0.000805 0.196640 0.009419 2.271593
0.736509 0.023709 0.021432 0.011656 0.000804 0.196464 0.009426 2.273919
0.736699 0.023682 0.021409 0.011639 0.000799 0.196334 0.009438 2.276228
0.736860 0.023688 0.021317 0.011617 0.000797 0.196275 0.009447 2.278516
0.737026 0.023692 0.021248 0.011618 0.000799 0.196161 0.009456 2.280794
0.737140 0.023646 0.021279 0.011600 0.000804 0.196063 0.009467 2.283178
0.737207 0.023716 0.021248 0.011573 0.000801 0.195980 0.009477 2.285478
0.737382 0.023653 0.021225 0.011618 0.000787 0.195844 0.009492 2.287814
0.737434 0.023666 0.021231 0.011604 0.000781 0.195777 0.009507 2.290171
0.737587 0.023697 0.021211 0.011606 0.000775 0.195608 0.009516 2.292482
0.737743 0.023685 0.021182 0.011591 0.000779 0.195496 0.009524 2.294789
0.737905 0.023674 0.021174 0.011556 0.000775 0.195382 0.009533 2.297103
0.738069 0.023657 0.021115 0.011555 0.000777 0.195287 0.009539 2.299421
0.738131 0.023698 0.021085 0.011565 0.000777 0.195198 0.009547 2.301740
0.738359 0.023631 0.021138 0.011593 0.000773 0.194949 0.009557 2.304099
0.738381 0.023663 0.021115 0.011607 0.000763 0.194902 0.009569 2.306415
0.738551 0.023623 0.021151 0.011609 0.000756 0.194734 0.009578 2.308735
0.738672 0.023649 0.021145 0.011608 0.000756 0.194584 0.009587 2.311022
0.738747 0.023714 0.021014 0.011567 0.000752 0.194607 0.009599 2.313257
0.738818 0.023733 0.020962 0.011554 0.000745 0.194578 0.009611 2.315551
0.738932 0.023761 0.020935 0.011540 0.000741 0.194471 0.009621 2.317849
0.738998 0.023803 0.020903 0.011515 0.000742 0.194411 0.009629 2.320140
0.739059 0.023829 0.020923 0.011509 0.000744 0.194296 0.009639 2.322469
0.739273 0.023744 0.020991 0.011482 0.000738 0.194121 0.009652 2.324829
0.739362 0.023773 0.021039 0.011492 0.000744 0.193931 0.009660 2.327165
0.739561 0.023732 0.021019 0.011519 0.000747 0.193752 0.009670 2.329481
0.739621 0.023697 0.021032 0.011595 0.000744 0.193629 0.009682 2.331836
0.739678 0.023655 0.021100 0.011551 0.000746 0.193580 0.009690 2.334171
0.739745 0.023684 0.021039 0.011552 0.000750 0.193532 0.009698 2.336477
0.739878 0.023672 0.021072 0.011535 0.000762 0.193376 0.009706 2.338787
0.739968 0.023704 0.021030 0.011537 0.000766 0.193279 0.009715 2.341056
0.740080 0.023690 0.021015 0.011541 0.000770 0.193181 0.009724 2.343394
0.740138 0.023768 0.020964 0.011537 0.000776 0.193079 0.009737 2.345690
0.740274 0.023777 0.020970 0.011516 0.000780 0.192940 0.009744 2.347993
0.740369 0.023730 0.020994 0.011513 0.000773 0.192865 0.009757 2.350367
0.740432 0.023726 0.021026 0.011490 0.000772 0.192791 0.009764 2.352697
0.740525 0.023738 0.021034 0.011465 0.000779 0.192684 0.009776 2.355028
0.740566 0.023770 0.021010 0.011479 0.000782 0.192609 0.009785 2.357344
0.740608 0.023807 0.020995 0.011439 0.000785 0.192572 0.009794 2.359630
0.740638 0.023869 0.020987 0.011433 0.000776 0.192493 0.009803 2.361955
0.740708 0.023898 0.021018 0.011408 0.000775 0.192381 0.009812 2.364301
0.740721 0.023896 0.021072 0.011383 0.000773 0.192334 0.009820 2.366662
0.740873 0.023815 0.021028 0.011419 0.000769 0.192266 0.009829 2.369019
0.741000 0.023788 0.021032 0.011411 0.000775 0.192157 0.009839 2.371345
0.741044 0.023801 0.021064 0.011408 0.000781 0.192052 0.009849 2.373668
0.741124 0.023802 0.021107 0.011433 0.000776 0.191899 0.009860 2.376046
0.741246 0.023874 0.021033 0.011463 0.000779 0.191737 0.009868 2.378324
0.741321 0.023888 0.021014 0.011449 0.000777 0.191675 0.009877 2.380645
0.741373 0.023918 0.021025 0.011415 0.000776 0.191604 0.009889 2.382941
0.741483 0.023945 0.020977 0.011418 0.000781 0.191500 0.009896 2.385247
0.741562 0.023907 0.021039 0.011444 0.000778 0.191363 0.009906 2.387622
0.741663 0.023860 0.021087 0.011446 0.000769 0.191262 0.009914 2.389964
0.741639 0.023952 0.021064 0.011434 0.000767 0.191224 0.009921 2.392272
0.741701 0.023936 0.021153 0.011430 0.000766 0.191081 0.009933 2.394659
0.741758 0.023879 0.021190 0.011455 0.000771 0.191008 0.009941 2.397060
0.741817 0.023883 0.021187 0.011417 0.000777 0.190975 0.009945 2.399380
0.741942 0.023876 0.021219 0.011432 0.000776 0.190801 0.009954 2.401696
0.742025 0.023831 0.021211 0.011497 0.000763 0.190704 0.009968 2.404059
0.742066 0.023800 0.021163 0.011546 0.000758 0.190691 0.009977 2.406414
0.742110 0.023833 0.021163 0.011518 0.000760 0.190630 0.009985 2.408722
0.742189 0.023789 0.021199 0.011540 0.000760 0.190532 0.009992 2.411103
0.742247 0.023707 0.021247 0.011526 0.000756 0.190516 0.010001 2.413484
0.742223 0.023785 0.021220 0.011503 0.000748 0.190507 0.010014 2.415782
0.742210 0.023880 0.021224 0.011482 0.000753 0.190430 0.010022 2.418093
0.742205 0.023942 0.021167 0.011531 0.000747 0.190375 0.010033 2.420433
0.742219 0.023969 0.021112 0.011559 0.000743 0.190355 0.010044 2.422780
0.742260 0.024013 0.021086 0.011560 0.000740 0.190287 0.010054 2.425078
0.742393 0.023979 0.021081 0.011589 0.000740 0.190154 0.010064 2.427398
0.742410 0.023975 0.021066 0.011572 0.000756 0.190149 0.010072 2.429722
0.742393 0.023980 0.021078 0.011554 0.000755 0.190156 0.010084 2.432073
0.742366 0.023963 0.021095 0.011586 0.000757 0.190138 0.010095 2.434464
0.742434 0.023902 0.021133 0.011635 0.000750 0.190046 0.010102 2.436864
0.742462 0.023935 0.021136 0.011655 0.000755 0.189946 0.010112 2.439177
0.742404 0.023994 0.021212 0.011654 0.000758 0.189858 0.010121 2.441556
0.742380 0.024060 0.021215 0.011624 0.000761 0.189829 0.010132 2.443878
0.742347 0.024103 0.021197 0.011665 0.000770 0.189777 0.010141 2.446209
0.742386 0.024094 0.021200 0.011647 0.000774 0.189750 0.010149 2.448575
0.742478 0.024042 0.021148 0.011640 0.000777 0.189758 0.010157 2.450926
0.742486 0.024030 0.021178 0.011613 0.000786 0.189743 0.010167 2.453286
0.742571 0.024040 0.021177 0.011621 0.000778 0.189637 0.010177 2.455594
0.742580 0.024027 0.021205 0.011635 0.000778 0.189592 0.010183 2.457943
0.742493 0.024039 0.021168 0.011635 0.000782 0.189695 0.010189 2.460314
0.742500 0.023980 0.021257 0.011645 0.000773 0.189645 0.010202 2.462711
0.742514 0.023939 0.021318 0.011663 0.000772 0.189579 0.010214 2.465114
0.742592 0.023901 0.021372 0.011671 0.000775 0.189464 0.010224 2.467486
0.742545 0.023949 0.021368 0.011631 0.000766 0.189502 0.010239 2.469838
0.742555 0.023962 0.021356 0.011562 0.000759 0.189556 0.010251 2.472191
0.742570 0.023968 0.021346 0.011570 0.000758 0.189528 0.010260 2.474548
0.742606 0.024014 0.021358 0.011549 0.000752 0.189452 0.010270 2.476911
0.742533 0.024083 0.021367 0.011545 0.000747 0.189442 0.010282 2.479217
0.742480 0.024040 0.021456 0.011549 0.000747 0.189438 0.010290 2.481620
0.742413 0.024124 0.021462 0.011537 0.000746 0.189423 0.010297 2.483966
0.742497 0.024083 0.021443 0.011564 0.000747 0.189357 0.010309 2.486358
0.742524 0.024021 0.021499 0.011579 0.000748 0.189312 0.010318 2.488783
0.742515 0.024018 0.021507 0.011592 0.000745 0.189297 0.010327 2.491151
0.742477 0.024050 0.021487 0.011637 0.000736 0.189277 0.010338 2.493507
0.742426 0.024145 0.021485 0.011612 0.000732 0.189252 0.010348 2.495845
0.742436 0.024094 0.021502 0.011628 0.000742 0.189241 0.010357 2.498264
0.742432 0.024154 0.021473 0.011608 0.000737 0.189229 0.010367 2.500600
0.742479 0.024146 0.021465 0.011552 0.000734 0.189251 0.010375 2.502927
0.742401 0.024198 0.021436 0.011531 0.000738 0.189312 0.010386 2.505285
0.742365 0.024248 0.021399 0.011530 0.000731 0.189329 0.010399 2.507618
0.742347 0.024278 0.021403 0.011557 0.000725 0.189280 0.010410 2.509969
0.742377 0.024203 0.021426 0.011568 0.000724 0.189283 0.010420 2.512357
0.742408 0.024215 0.021378 0.011546 0.000724 0.189299 0.010431 2.514679
0.742470 0.024060 0.021447 0.011599 0.000716 0.189272 0.010438 2.517135
0.742439 0.024109 0.021433 0.011645 0.000717 0.189211 0.010445 2.519489
0.742426 0.024216 0.021412 0.011610 0.000722 0.189162 0.010452 2.521782
0.742443 0.024156 0.021444 0.011667 0.000724 0.189106 0.010461 2.524220
0.742465 0.024090 0.021470 0.011766 0.000728 0.189012 0.010469 2.526657
0.742466 0.024069 0.021490 0.011780 0.000730 0.188986 0.010480 2.529049
0.742456 0.024081 0.021444 0.011737 0.000727 0.189067 0.010489 2.531377
0.742426 0.024104 0.021412 0.011754 0.000733 0.189075 0.010497 2.533741
0.742400 0.024113 0.021417 0.011747 0.000735 0.189083 0.010506 2.536107
0.742429 0.024150 0.021452 0.011714 0.000738 0.189000 0.010516 2.538477
0.742445 0.024077 0.021511 0.011770 0.000735 0.188935 0.010527 2.540906
0.742428 0.024084 0.021523 0.011752 0.000742 0.188936 0.010536 2.543267
0.742489 0.024076 0.021485 0.011759 0.000744 0.188902 0.010545 2.545630
0.742369 0.024180 0.021469 0.011741 0.000738 0.188946 0.010557 2.547968
0.742293 0.024209 0.021538 0.011696 0.000730 0.188965 0.010569 2.550380
0.742202 0.024247 0.021504 0.011615 0.000739 0.189111 0.010581 2.552747
0.742172 0.024223 0.021499 0.011612 0.000740 0.189162 0.010591 2.555112
0.742123 0.024242 0.021457 0.011623 0.000733 0.189217 0.010604 2.557483
0.742158 0.024216 0.021488 0.011616 0.000729 0.189181 0.010615 2.559881
0.742222 0.024213 0.021459 0.011608 0.000732 0.189142 0.010624 2.562248
0.742134 0.024211 0.021505 0.011610 0.000739 0.189169 0.010632 2.564684
0.742106 0.024269 0.021462 0.011633 0.000736 0.189150 0.010645 2.567038
0.742164 0.024192 0.021510 0.011663 0.000734 0.189084 0.010654 2.569432
0.742186 0.024225 0.021461 0.011636 0.000720 0.189105 0.010668 2.571747
0.742206 0.024221 0.021476 0.011649 0.000728 0.189044 0.010676 2.574152
0.742174 0.024188 0.021488 0.011682 0.000736 0.189050 0.010682 2.576562
0.742191 0.024137 0.021428 0.011741 0.000733 0.189082 0.010689 2.578946
0.742174 0.024192 0.021393 0.011741 0.000730 0.189073 0.010698 2.581286
0.742045 0.024309 0.021440 0.011693 0.000727 0.189078 0.010710 2.583638
0.742011 0.024344 0.021393 0.011679 0.000728 0.189126 0.010718 2.585995
0.742009 0.024280 0.021376 0.011713 0.000735 0.189159 0.010728 2.588421
0.741958 0.024241 0.021421 0.011749 0.000737 0.189158 0.010738 2.590834
0.741870 0.024291 0.021431 0.011715 0.000740 0.189207 0.010747 2.593229
0.741890 0.024326 0.021474 0.011686 0.000745 0.189125 0.010755 2.595578
0.741846 0.024287 0.021525 0.011716 0.000747 0.189115 0.010764 2.597999
0.741799 0.024376 0.021452 0.011758 0.000757 0.189088 0.010771 2.600321
0.741736 0.024361 0.021464 0.011773 0.000752 0.189134 0.010781 2.602733
0.741707 0.024401 0.021449 0.011749 0.000758 0.189148 0.010788 2.605092
0.741723 0.024380 0.021474 0.011761 0.000763 0.189104 0.010797 2.607497
0.741748 0.024347 0.021430 0.011760 0.000765 0.189139 0.010809 2.609868
0.741705 0.024318 0.021484 0.011782 0.000773 0.189117 0.010822 2.612303
0.741704 0.024243 0.021524 0.011782 0.000763 0.189156 0.010830 2.614749
0.741759 0.024213 0.021501 0.011794 0.000757 0.189136 0.010840 2.617103
0.741683 0.024283 0.021513 0.011792 0.000762 0.189120 0.010847 2.619461
0.741642 0.024304 0.021524 0.011770 0.000754 0.189149 0.010858 2.621835
0.741638 0.024321 0.021487 0.011728 0.000755 0.189199 0.010873 2.624184
0.741654 0.024330 0.021499 0.011677 0.000756 0.189200 0.010884 2.626543
0.741619 0.024304 0.021511 0.011652 0.000764 0.189259 0.010891 2.628956
0.741598 0.024341 0.021456 0.011656 0.000758 0.189289 0.010902 2.631307
0.741584 0.024319 0.021508 0.011636 0.000761 0.189284 0.010909 2.633638
0.741588 0.024335 0.021540 0.011629 0.000758 0.189232 0.010920 2.636028
0.741541 0.024430 0.021552 0.011551 0.000759 0.189238 0.010930 2.638344
0.741479 0.024436 0.021607 0.011578 0.000762 0.189197 0.010941 2.640750
0.741458 0.024412 0.021618 0.011628 0.000767 0.189166 0.010951 2.643180
0.741430 0.024443 0.021598 0.011624 0.000766 0.189179 0.010963 2.645548
0.741353 0.024414 0.021623 0.011673 0.000772 0.189195 0.010972 2.648017
0.741283 0.024457 0.021647 0.011644 0.000769 0.189219 0.010982 2.650380
0.741363 0.024494 0.021603 0.011642 0.000764 0.189145 0.010989 2.652714
0.741341 0.024546 0.021613 0.011664 0.000764 0.189073 0.010998 2.655115
0.741315 0.024560 0.021644 0.011682 0.000764 0.189028 0.011007 2.657559
0.741222 0.024566 0.021661 0.011678 0.000767 0.189090 0.011017 2.659982
0.741155 0.024586 0.021707 0.011692 0.000763 0.189075 0.011023 2.662394
0.741053 0.024600 0.021670 0.011705 0.000763 0.189176 0.011033 2.664790
0.741064 0.024520 0.021663 0.011762 0.000766 0.189181 0.011043 2.667238
0.740966 0.024522 0.021663 0.011787 0.000762 0.189250 0.011051 2.669655
0.740877 0.024512 0.021645 0.011788 0.000768 0.189350 0.011060 2.672066
0.740901 0.024451 0.021602 0.011807 0.000775 0.189398 0.011066 2.674484
0.740852 0.024490 0.021580 0.011822 0.000774 0.189403 0.011078 2.676867
0.740756 0.024529 0.021640 0.011819 0.000777 0.189394 0.011086 2.679285
0.740651 0.024471 0.021678 0.011839 0.000777 0.189491 0.011094 2.681733
0.740684 0.024465 0.021763 0.011825 0.000779 0.189382 0.011102 2.684158
0.740703 0.024425 0.021773 0.011791 0.000780 0.189418 0.011111 2.686566
0.740670 0.024428 0.021781 0.011785 0.000772 0.189442 0.011122 2.688967
0.740595 0.024426 0.021714 0.011778 0.000776 0.189580 0.011131 2.691353
0.740518 0.024367 0.021742 0.011821 0.000775 0.189636 0.011141 2.693828
0.740511 0.024320 0.021715 0.011813 0.000789 0.189705 0.011147 2.696241
0.740565 0.024278 0.021727 0.011814 0.000790 0.189670 0.011156 2.698644
0.740548 0.024208 0.021785 0.011853 0.000784 0.189655 0.011167 2.701075
0.740500 0.024243 0.021793 0.011876 0.000782 0.189631 0.011178 2.703450
0.740497 0.024279 0.021744 0.011861 0.000784 0.189646 0.011188 2.705819
0.740508 0.024322 0.021653 0.011817 0.000779 0.189719 0.011201 2.708134
0.740395 0.024377 0.021646 0.011836 0.000779 0.189755 0.011212 2.710523
0.740347 0.024451 0.021622 0.011768 0.000778 0.189813 0.011222 2.712882
0.740330 0.024449 0.021611 0.011746 0.000786 0.189849 0.011230 2.715280
0.740355 0.024461 0.021627 0.011742 0.000789 0.189789 0.011239 2.717607
0.740420 0.024325 0.021720 0.011765 0.000789 0.189732 0.011249 2.720041
0.740447 0.024297 0.021727 0.011758 0.000784 0.189723 0.011264 2.722432
0.740526 0.024271 0.021717 0.011727 0.000783 0.189704 0.011273 2.724774
0.740500 0.024253 0.021669 0.011757 0.000781 0.189756 0.011285 2.727170
0.740530 0.024265 0.021597 0.011767 0.000776 0.189769 0.011297 2.729520
0.740508 0.024247 0.021668 0.011806 0.000778 0.189684 0.011309 2.731932
0.740444 0.024305 0.021580 0.011831 0.000775 0.189746 0.011317 2.734287
0.740394 0.024313 0.021587 0.011829 0.000772 0.189776 0.011328 2.736690
0.740260 0.024308 0.021629 0.011814 0.000784 0.189870 0.011335 2.739151
0.740321 0.024192 0.021616 0.011798 0.000777 0.189952 0.011345 2.741606
0.740357 0.024155 0.021606 0.011773 0.000776 0.189981 0.011352 2.743968
0.740374 0.024190 0.021632 0.011790 0.000773 0.189880 0.011362 2.746348
0.740291 0.024230 0.021626 0.011763 0.000765 0.189952 0.011373 2.748718
0.740263 0.024264 0.021616 0.011726 0.000762 0.189988 0.011381 2.751087
0.740284 0.024243 0.021614 0.011689 0.000758 0.190018 0.011393 2.753434
0.740261 0.024343 0.021572 0.011656 0.000763 0.190004 0.011401 2.755791
0.740282 0.024338 0.021553 0.011640 0.000767 0.190012 0.011409 2.758144
0.740282 0.024377 0.021546 0.011644 0.000769 0.189965 0.011417 2.760506
0.740255 0.024421 0.021586 0.011630 0.000770 0.189912 0.011426 2.762850
0.740268 0.024466 0.021605 0.011663 0.000763 0.189795 0.011439 2.765189
0.740228 0.024513 0.021572 0.011707 0.000759 0.189766 0.011455 2.767572
0.740294 0.024439 0.021649 0.011726 0.000759 0.189666 0.011468 2.769980
0.740435 0.024364 0.021600 0.011773 0.000754 0.189600 0.011475 2.772359
0.740460 0.024307 0.021618 0.011809 0.000761 0.189560 0.011484 2.774793
0.740420 0.024333 0.021600 0.011764 0.000761 0.189628 0.011496 2.777169
0.740372 0.024333 0.021612 0.011757 0.000763 0.189655 0.011507 2.779621
0.740304 0.024316 0.021634 0.011769 0.000762 0.189700 0.011514 2.782052
0.740333 0.024260 0.021653 0.011742 0.000763 0.189724 0.011523 2.784467
0.740362 0.024217 0.021650 0.011735 0.000761 0.189740 0.011534 2.786861
0.740445 0.024194 0.021651 0.011714 0.000762 0.189691 0.011543 2.789216
0.740429 0.024233 0.021606 0.011680 0.000753 0.189744 0.011556 2.791536
0.740488 0.024194 0.021538 0.011690 0.000761 0.189766 0.011563 2.793919
0.740546 0.024137 0.021538 0.011715 0.000756 0.189733 0.011575 2.796317
0.740549 0.024124 0.021546 0.011715 0.000764 0.189718 0.011583 2.798692
0.740599 0.024157 0.021517 0.011701 0.000765 0.189669 0.011592 2.800992
0.740603 0.024130 0.021545 0.011691 0.000764 0.189666 0.011601 2.803342
0.740663 0.024114 0.021544 0.011680 0.000759 0.189628 0.011612 2.805730
0.740641 0.024095 0.021527 0.011672 0.000761 0.189683 0.011621 2.808093
0.740634 0.024087 0.021513 0.011697 0.000766 0.189675 0.011627 2.810460
0.740672 0.024018 0.021492 0.011734 0.000756 0.189689 0.011639 2.812860
0.740653 0.024025 0.021490 0.011686 0.000745 0.189750 0.011650 2.815185
0.740571 0.024032 0.021571 0.011639 0.000751 0.189773 0.011662 2.817586
0.740568 0.024010 0.021609 0.011643 0.000752 0.189746 0.011673 2.819925
0.740612 0.023983 0.021582 0.011609 0.000759 0.189775 0.011680 2.822265
0.740589 0.023963 0.021561 0.011635 0.000755 0.189810 0.011688 2.824638
0.740679 0.023902 0.021540 0.011681 0.000756 0.189745 0.011697 2.826997
0.740726 0.023883 0.021536 0.011680 0.000763 0.189707 0.011706 2.829338
0.740722 0.023887 0.021553 0.011625 0.000761 0.189739 0.011715 2.831672
0.740742 0.023894 0.021537 0.011649 0.000769 0.189688 0.011720 2.834003
0.740823 0.023896 0.021542 0.011724 0.000772 0.189513 0.011730 2.836369
0.740753 0.023981 0.021478 0.011719 0.000769 0.189563 0.011737 2.838674
0.740791 0.024031 0.021423 0.011666 0.000771 0.189575 0.011745 2.841001
0.740712 0.024121 0.021388 0.011659 0.000769 0.189597 0.011754 2.843335
0.740776 0.024154 0.021343 0.011633 0.000770 0.189557 0.011766 2.845646
