0.347385 0.062080 0.055994 0.031922 0.002043 0.494595 0.005982 1.621943
0.349934 0.059698 0.055819 0.031714 0.002057 0.494772 0.006005 1.627958
0.353406 0.056769 0.055603 0.031420 0.002063 0.494710 0.006030 1.633605
0.357329 0.053584 0.055131 0.031066 0.002066 0.494777 0.006048 1.639018
0.361582 0.050404 0.054651 0.030591 0.002054 0.494639 0.006077 1.644114
0.366029 0.047305 0.053945 0.030045 0.002047 0.494527 0.006101 1.648856
0.370760 0.044347 0.053137 0.029450 0.002045 0.494135 0.006126 1.653373
0.375664 0.041572 0.052183 0.028699 0.002045 0.493688 0.006148 1.657528
0.380538 0.038873 0.051074 0.028005 0.002059 0.493280 0.006172 1.661478
0.385631 0.036234 0.049944 0.027214 0.002061 0.492725 0.006192 1.665220
0.390723 0.033916 0.048715 0.026455 0.002056 0.491914 0.006221 1.668596
0.395883 0.031737 0.047402 0.025687 0.002052 0.490990 0.006248 1.671773
0.401105 0.029691 0.046030 0.024860 0.002028 0.490007 0.006279 1.674756
0.406292 0.027669 0.044733 0.024066 0.002020 0.488917 0.006303 1.677646
0.411576 0.025836 0.043393 0.023258 0.002002 0.487596 0.006338 1.680327
0.416807 0.024198 0.041943 0.022436 0.001978 0.486277 0.006361 1.682750
0.422184 0.022690 0.040506 0.021631 0.001977 0.484634 0.006379 1.684992
0.427438 0.021190 0.039128 0.020839 0.001960 0.483042 0.006404 1.687204
0.432775 0.019825 0.037701 0.020028 0.001943 0.481297 0.006431 1.689206
0.438044 0.018562 0.036331 0.019315 0.001917 0.479374 0.006457 1.691110
0.443430 0.017425 0.035024 0.018510 0.001908 0.477226 0.006477 1.692843
0.448820 0.016305 0.033763 0.017787 0.001879 0.474939 0.006507 1.694538
0.454243 0.015338 0.032420 0.017030 0.001856 0.472582 0.006531 1.696064
0.459624 0.014409 0.031100 0.016347 0.001841 0.470128 0.006551 1.697535
0.464934 0.013495 0.029886 0.015677 0.001792 0.467635 0.006581 1.698938
0.470298 0.012699 0.028692 0.014989 0.001759 0.464959 0.006604 1.700239
0.475609 0.011965 0.027532 0.014310 0.001733 0.462221 0.006632 1.701429
0.480874 0.011290 0.026420 0.013649 0.001697 0.459413 0.006656 1.702549
0.486144 0.010689 0.025288 0.013019 0.001676 0.456507 0.006678 1.703605
0.491335 0.010117 0.024175 0.012400 0.001657 0.453623 0.006693 1.704614
0.496529 0.009545 0.023172 0.011787 0.001625 0.450630 0.006714 1.705596
0.501651 0.009038 0.022154 0.011258 0.001603 0.447570 0.006726 1.706488
0.506906 0.008568 0.021170 0.010760 0.001572 0.444279 0.006745 1.707340
0.512033 0.008101 0.020241 0.010283 0.001540 0.441035 0.006767 1.708167
0.517152 0.007661 0.019366 0.009821 0.001509 0.437707 0.006784 1.708974
0.522249 0.007262 0.018587 0.009384 0.001465 0.434245 0.006808 1.709712
0.527352 0.006874 0.017746 0.008965 0.001421 0.430810 0.006832 1.710429
0.532420 0.006545 0.016960 0.008551 0.001386 0.427285 0.006853 1.711075
0.537380 0.006215 0.016211 0.008119 0.001359 0.423843 0.006873 1.711708
0.542323 0.005913 0.015522 0.007750 0.001333 0.420278 0.006883 1.712323
0.547246 0.005656 0.014845 0.007376 0.001301 0.416677 0.006898 1.712859
0.552265 0.005388 0.014199 0.007011 0.001271 0.412952 0.006914 1.713387
0.557096 0.005118 0.013582 0.006699 0.001242 0.409333 0.006930 1.713910
0.561997 0.004894 0.012967 0.006386 0.001215 0.405597 0.006944 1.714387
0.566790 0.004649 0.012381 0.006097 0.001182 0.401941 0.006960 1.714876
0.571565 0.004428 0.011759 0.005816 0.001149 0.398305 0.006977 1.715324
0.576218 0.004243 0.011234 0.005546 0.001119 0.394643 0.006996 1.715736
0.580867 0.004035 0.010718 0.005289 0.001094 0.390988 0.007009 1.716153
0.585528 0.003869 0.010256 0.005007 0.001067 0.387245 0.007028 1.716534
0.590166 0.003712 0.009790 0.004808 0.001040 0.383437 0.007046 1.716906
0.594747 0.003558 0.009357 0.004593 0.001004 0.379676 0.007065 1.717257
0.599318 0.003399 0.008922 0.004397 0.000969 0.375910 0.007084 1.717606
0.603825 0.003290 0.008502 0.004187 0.000947 0.372153 0.007095 1.717911
0.608241 0.003173 0.008144 0.003980 0.000926 0.368430 0.007106 1.718232
0.612647 0.003033 0.007774 0.003799 0.000901 0.364729 0.007117 1.718550
0.617059 0.002905 0.007443 0.003615 0.000876 0.360975 0.007127 1.718860
0.621415 0.002784 0.007112 0.003473 0.000851 0.357223 0.007140 1.719142
0.625715 0.002688 0.006777 0.003311 0.000826 0.353529 0.007153 1.719401
0.629887 0.002578 0.006475 0.003168 0.000805 0.349922 0.007165 1.719674
0.634032 0.002491 0.006208 0.003020 0.000786 0.346289 0.007174 1.719924
0.638166 0.002395 0.005911 0.002898 0.000768 0.342681 0.007181 1.720163
0.642307 0.002281 0.005683 0.002751 0.000737 0.339049 0.007193 1.720416
0.646440 0.002210 0.005424 0.002637 0.000718 0.335369 0.007203 1.720627
0.650441 0.002135 0.005178 0.002520 0.000700 0.331812 0.007214 1.720834
0.654485 0.002082 0.004970 0.002390 0.000686 0.328167 0.007220 1.721032
0.658394 0.002017 0.004753 0.002290 0.000664 0.324652 0.007231 1.721226
0.662342 0.001950 0.004564 0.002205 0.000644 0.321057 0.007239 1.721422
0.666193 0.001891 0.004349 0.002112 0.000622 0.317586 0.007249 1.721614
0.670026 0.001826 0.004163 0.002026 0.000605 0.314095 0.007260 1.721794
0.673871 0.001752 0.004007 0.001957 0.000589 0.310559 0.007265 1.721981
0.677539 0.001694 0.003837 0.001875 0.000576 0.307207 0.007273 1.722151
0.681246 0.001634 0.003688 0.001797 0.000562 0.303796 0.007279 1.722317
0.684870 0.001589 0.003547 0.001717 0.000537 0.300452 0.007290 1.722474
0.688511 0.001541 0.003395 0.001651 0.000520 0.297085 0.007298 1.722616
0.692030 0.001510 0.003240 0.001580 0.000504 0.293833 0.007305 1.722745
0.695655 0.001459 0.003111 0.001513 0.000490 0.290463 0.007310 1.722888
0.699101 0.001409 0.003006 0.001447 0.000472 0.287252 0.007316 1.723036
0.702605 0.001346 0.002888 0.001399 0.000458 0.283983 0.007322 1.723185
0.706063 0.001305 0.002774 0.001343 0.000442 0.280747 0.007327 1.723312
0.709436 0.001260 0.002676 0.001295 0.000428 0.277572 0.007333 1.723439
0.712747 0.001222 0.002571 0.001255 0.000418 0.274451 0.007337 1.723556
0.716077 0.001197 0.002477 0.001200 0.000399 0.271305 0.007345 1.723660
0.719408 0.001154 0.002392 0.001144 0.000385 0.268167 0.007351 1.723775
0.722612 0.001124 0.002317 0.001095 0.000374 0.265124 0.007356 1.723884
0.725913 0.001087 0.002237 0.001050 0.000359 0.261992 0.007364 1.723986
0.729153 0.001046 0.002156 0.001009 0.000347 0.258922 0.007368 1.724097
0.732281 0.001021 0.002085 0.000984 0.000337 0.255922 0.007372 1.724206
0.735373 0.001000 0.001986 0.000948 0.000328 0.252990 0.007376 1.724294
0.738427 0.000991 0.001899 0.000903 0.000319 0.250083 0.007380 1.724378
0.741486 0.000965 0.001824 0.000858 0.000308 0.247174 0.007385 1.724462
0.744488 0.000946 0.001762 0.000830 0.000296 0.244286 0.007392 1.724550
0.747514 0.000911 0.001696 0.000801 0.000288 0.241397 0.007394 1.724648
0.750471 0.000884 0.001644 0.000771 0.000284 0.238551 0.007397 1.724736
0.753329 0.000852 0.001580 0.000739 0.000278 0.235824 0.007399 1.724823
0.756239 0.000824 0.001528 0.000708 0.000273 0.233028 0.007401 1.724912
0.759044 0.000801 0.001474 0.000690 0.000261 0.230326 0.007405 1.724987
0.761867 0.000784 0.001418 0.000666 0.000255 0.227603 0.007407 1.725058
0.764663 0.000764 0.001355 0.000644 0.000246 0.224918 0.007410 1.725129
0.767372 0.000734 0.001320 0.000631 0.000238 0.222292 0.007414 1.725213
0.770042 0.000723 0.001270 0.000617 0.000230 0.219701 0.007418 1.725293
0.772726 0.000703 0.001228 0.000599 0.000224 0.217099 0.007421 1.725359
0.775353 0.000668 0.001198 0.000582 0.000219 0.214556 0.007425 1.725435
0.777973 0.000651 0.001161 0.000567 0.000211 0.212010 0.007428 1.725503
0.780557 0.000630 0.001120 0.000550 0.000205 0.209507 0.007432 1.725569
0.783130 0.000625 0.001071 0.000533 0.000197 0.207010 0.007434 1.725622
0.785646 0.000614 0.001026 0.000518 0.000192 0.204569 0.007436 1.725673
0.788094 0.000600 0.000990 0.000494 0.000185 0.202200 0.007438 1.725727
0.790560 0.000579 0.000967 0.000482 0.000177 0.199794 0.007442 1.725792
0.792934 0.000564 0.000924 0.000463 0.000169 0.197500 0.007447 1.725849
0.795309 0.000546 0.000892 0.000446 0.000164 0.195194 0.007450 1.725904
0.797754 0.000539 0.000863 0.000422 0.000161 0.192808 0.007454 1.725951
0.800142 0.000528 0.000835 0.000408 0.000156 0.190475 0.007456 1.726007
0.802535 0.000508 0.000808 0.000399 0.000153 0.188141 0.007458 1.726053
0.804853 0.000499 0.000779 0.000379 0.000148 0.185881 0.007462 1.726097
0.807060 0.000481 0.000757 0.000364 0.000142 0.183734 0.007464 1.726146
0.809304 0.000477 0.000731 0.000351 0.000135 0.181535 0.007467 1.726190
0.811505 0.000458 0.000709 0.000342 0.000130 0.179387 0.007469 1.726240
0.813683 0.000446 0.000687 0.000331 0.000127 0.177257 0.007470 1.726280
0.815859 0.000438 0.000674 0.000316 0.000125 0.175117 0.007472 1.726324
0.818015 0.000425 0.000653 0.000312 0.000121 0.173002 0.007473 1.726366
0.820101 0.000416 0.000632 0.000304 0.000115 0.170958 0.007474 1.726403
0.822196 0.000402 0.000621 0.000293 0.000111 0.168902 0.007475 1.726446
0.824241 0.000399 0.000600 0.000287 0.000108 0.166890 0.007477 1.726479
0.826360 0.000381 0.000592 0.000280 0.000104 0.164804 0.007479 1.726522
0.828438 0.000375 0.000569 0.000275 0.000099 0.162763 0.007481 1.726557
0.830436 0.000362 0.000559 0.000270 0.000094 0.160795 0.007484 1.726600
0.832499 0.000349 0.000543 0.000264 0.000092 0.158767 0.007486 1.726634
0.834436 0.000337 0.000534 0.000250 0.000090 0.156865 0.007488 1.726666
0.836412 0.000327 0.000520 0.000241 0.000089 0.154922 0.007489 1.726697
0.838277 0.000322 0.000498 0.000241 0.000086 0.153088 0.007489 1.726727
0.840113 0.000313 0.000478 0.000236 0.000084 0.151288 0.007490 1.726760
0.841908 0.000303 0.000473 0.000225 0.000079 0.149520 0.007492 1.726793
0.843688 0.000297 0.000457 0.000220 0.000074 0.147770 0.007495 1.726823
0.845456 0.000295 0.000443 0.000215 0.000070 0.146024 0.007497 1.726849
0.847206 0.000292 0.000426 0.000209 0.000068 0.144301 0.007499 1.726878
0.848917 0.000279 0.000419 0.000210 0.000064 0.142611 0.007500 1.726912
0.850669 0.000264 0.000411 0.000206 0.000063 0.140889 0.007500 1.726945
0.852372 0.000261 0.000403 0.000197 0.000062 0.139205 0.007501 1.726971
0.854008 0.000255 0.000388 0.000194 0.000061 0.137593 0.007501 1.726997
0.855638 0.000252 0.000381 0.000189 0.000060 0.135979 0.007501 1.727026
0.857255 0.000244 0.000380 0.000183 0.000059 0.134379 0.007502 1.727052
0.858906 0.000231 0.000371 0.000180 0.000057 0.132754 0.007503 1.727075
0.860504 0.000225 0.000361 0.000178 0.000055 0.131176 0.007503 1.727096
0.862036 0.000216 0.000347 0.000178 0.000055 0.129664 0.007504 1.727119
0.863578 0.000210 0.000339 0.000173 0.000054 0.128143 0.007504 1.727140
0.865066 0.000209 0.000323 0.000170 0.000051 0.126677 0.007505 1.727159
0.866492 0.000206 0.000314 0.000161 0.000050 0.125272 0.007506 1.727177
0.867961 0.000199 0.000303 0.000155 0.000047 0.123830 0.007506 1.727196
0.869388 0.000196 0.000292 0.000156 0.000045 0.122417 0.007507 1.727219
0.870799 0.000185 0.000280 0.000157 0.000044 0.121026 0.007507 1.727244
0.872136 0.000185 0.000268 0.000154 0.000043 0.119707 0.007508 1.727260
0.873408 0.000183 0.000259 0.000154 0.000040 0.118448 0.007508 1.727278
0.874728 0.000179 0.000252 0.000153 0.000038 0.117141 0.007510 1.727298
0.875968 0.000174 0.000249 0.000148 0.000036 0.115914 0.007511 1.727317
0.877239 0.000169 0.000245 0.000137 0.000036 0.114664 0.007511 1.727334
0.878429 0.000166 0.000240 0.000131 0.000035 0.113488 0.007511 1.727349
0.879604 0.000165 0.000231 0.000124 0.000034 0.112329 0.007512 1.727365
0.880781 0.000164 0.000221 0.000116 0.000032 0.111174 0.007513 1.727378
0.881924 0.000162 0.000215 0.000110 0.000031 0.110045 0.007513 1.727389
0.883074 0.000164 0.000204 0.000104 0.000029 0.108911 0.007514 1.727402
0.884142 0.000158 0.000204 0.000099 0.000028 0.107853 0.007515 1.727418
0.885222 0.000148 0.000201 0.000100 0.000027 0.106787 0.007516 1.727437
0.886291 0.000143 0.000195 0.000100 0.000026 0.105729 0.007517 1.727451
0.887306 0.000141 0.000193 0.000097 0.000026 0.104720 0.007518 1.727466
0.888297 0.000140 0.000187 0.000093 0.000024 0.103741 0.007518 1.727480
0.889219 0.000137 0.000182 0.000086 0.000023 0.102834 0.007518 1.727492
0.890168 0.000132 0.000181 0.000085 0.000022 0.101893 0.007518 1.727505
0.891084 0.000138 0.000179 0.000081 0.000021 0.100979 0.007519 1.727512
0.891963 0.000131 0.000174 0.000080 0.000021 0.100112 0.007519 1.727527
0.892804 0.000130 0.000170 0.000077 0.000019 0.099279 0.007519 1.727538
0.893649 0.000123 0.000170 0.000077 0.000017 0.098443 0.007521 1.727552
0.894489 0.000121 0.000160 0.000079 0.000017 0.097613 0.007521 1.727566
0.895278 0.000116 0.000158 0.000078 0.000017 0.096832 0.007521 1.727580
0.896086 0.000115 0.000150 0.000077 0.000017 0.096034 0.007521 1.727589
0.896848 0.000117 0.000146 0.000078 0.000017 0.095273 0.007521 1.727600
0.897628 0.000112 0.000145 0.000075 0.000016 0.094502 0.007521 1.727613
0.898357 0.000109 0.000144 0.000073 0.000016 0.093779 0.007521 1.727625
0.899073 0.000106 0.000144 0.000071 0.000015 0.093067 0.007522 1.727636
0.899780 0.000104 0.000137 0.000070 0.000013 0.092371 0.007523 1.727648
0.900428 0.000103 0.000138 0.000064 0.000014 0.091729 0.007523 1.727657
0.901088 0.000104 0.000137 0.000061 0.000014 0.091072 0.007523 1.727666
0.901730 0.000099 0.000133 0.000058 0.000014 0.090442 0.007524 1.727675
0.902324 0.000093 0.000135 0.000056 0.000013 0.089853 0.007525 1.727688
0.902894 0.000093 0.000131 0.000054 0.000012 0.089290 0.007525 1.727698
0.903472 0.000097 0.000127 0.000053 0.000012 0.088714 0.007525 1.727704
0.904045 0.000092 0.000130 0.000057 0.000011 0.088139 0.007526 1.727718
0.904608 0.000092 0.000126 0.000055 0.000010 0.087583 0.007526 1.727726
0.905145 0.000089 0.000125 0.000055 0.000011 0.087049 0.007526 1.727738
0.905659 0.000088 0.000125 0.000055 0.000010 0.086537 0.007526 1.727748
0.906180 0.000087 0.000124 0.000051 0.000009 0.086023 0.007526 1.727758
0.906655 0.000089 0.000120 0.000051 0.000009 0.085549 0.007526 1.727765
0.907135 0.000091 0.000113 0.000050 0.000009 0.085075 0.007527 1.727773
0.907581 0.000092 0.000109 0.000049 0.000009 0.084632 0.007527 1.727781
0.908019 0.000089 0.000111 0.000048 0.000008 0.084198 0.007527 1.727794
0.908455 0.000088 0.000110 0.000048 0.000008 0.083764 0.007527 1.727801
0.908872 0.000084 0.000108 0.000048 0.000007 0.083353 0.007528 1.727812
0.909264 0.000082 0.000105 0.000045 0.000008 0.082969 0.007528 1.727819
0.909669 0.000080 0.000101 0.000047 0.000008 0.082568 0.007528 1.727827
0.910044 0.000085 0.000099 0.000044 0.000008 0.082192 0.007528 1.727831
0.910406 0.000088 0.000097 0.000040 0.000008 0.081832 0.007528 1.727838
0.910781 0.000082 0.000100 0.000041 0.000008 0.081460 0.007528 1.727852
0.911119 0.000081 0.000097 0.000039 0.000008 0.081128 0.007528 1.727857
0.911447 0.000079 0.000093 0.000041 0.000008 0.080804 0.007528 1.727866
0.911788 0.000082 0.000087 0.000040 0.000008 0.080467 0.007528 1.727872
0.912092 0.000082 0.000088 0.000039 0.000009 0.080163 0.007528 1.727879
0.912381 0.000082 0.000090 0.000038 0.000008 0.079872 0.007529 1.727889
0.912669 0.000078 0.000093 0.000039 0.000008 0.079584 0.007529 1.727899
0.912956 0.000075 0.000090 0.000037 0.000008 0.079306 0.007529 1.727905
0.913212 0.000071 0.000085 0.000038 0.000007 0.079056 0.007530 1.727914
0.913517 0.000069 0.000087 0.000038 0.000007 0.078753 0.007530 1.727922
0.913791 0.000069 0.000083 0.000041 0.000007 0.078479 0.007530 1.727929
0.914054 0.000064 0.000079 0.000040 0.000007 0.078227 0.007530 1.727937
0.914307 0.000063 0.000077 0.000038 0.000006 0.077978 0.007530 1.727941
0.914564 0.000059 0.000078 0.000036 0.000006 0.077727 0.007530 1.727947
0.914793 0.000061 0.000074 0.000033 0.000006 0.077502 0.007530 1.727950
0.915043 0.000059 0.000076 0.000032 0.000006 0.077255 0.007530 1.727955
0.915267 0.000056 0.000073 0.000031 0.000006 0.077037 0.007530 1.727961
0.915499 0.000052 0.000071 0.000032 0.000006 0.076810 0.007530 1.727966
0.915733 0.000052 0.000069 0.000030 0.000005 0.076580 0.007530 1.727970
0.915954 0.000049 0.000065 0.000032 0.000005 0.076364 0.007530 1.727976
0.916170 0.000050 0.000063 0.000032 0.000005 0.076150 0.007530 1.727980
0.916389 0.000046 0.000064 0.000031 0.000005 0.075933 0.007530 1.727987
0.916599 0.000044 0.000064 0.000031 0.000005 0.075727 0.007530 1.727992
0.916808 0.000048 0.000058 0.000029 0.000005 0.075522 0.007530 1.727993
0.917011 0.000045 0.000057 0.000030 0.000005 0.075322 0.007530 1.727999
0.917201 0.000042 0.000059 0.000031 0.000004 0.075132 0.007530 1.728006
0.917364 0.000044 0.000056 0.000032 0.000004 0.074972 0.007530 1.728008
0.917541 0.000041 0.000054 0.000031 0.000004 0.074799 0.007530 1.728014
0.917726 0.000039 0.000054 0.000030 0.000004 0.074618 0.007530 1.728017
0.917901 0.000036 0.000053 0.000029 0.000004 0.074447 0.007530 1.728021
0.918066 0.000036 0.000053 0.000028 0.000004 0.074283 0.007530 1.728024
0.918229 0.000042 0.000052 0.000026 0.000004 0.074118 0.007530 1.728026
0.918375 0.000041 0.000050 0.000028 0.000004 0.073972 0.007530 1.728030
0.918524 0.000039 0.000050 0.000027 0.000004 0.073826 0.007530 1.728036
0.918662 0.000041 0.000049 0.000027 0.000004 0.073686 0.007530 1.728040
0.918810 0.000039 0.000047 0.000026 0.000004 0.073544 0.007530 1.728042
0.918924 0.000042 0.000045 0.000027 0.000004 0.073428 0.007530 1.728045
0.919048 0.000044 0.000044 0.000024 0.000004 0.073305 0.007530 1.728049
0.919177 0.000041 0.000043 0.000025 0.000004 0.073180 0.007530 1.728054
0.919305 0.000040 0.000044 0.000023 0.000004 0.073053 0.007530 1.728059
0.919419 0.000042 0.000044 0.000023 0.000004 0.072937 0.007530 1.728062
0.919528 0.000047 0.000042 0.000022 0.000004 0.072828 0.007530 1.728063
0.919620 0.000044 0.000044 0.000026 0.000003 0.072733 0.007531 1.728071
0.919730 0.000040 0.000043 0.000027 0.000003 0.072626 0.007531 1.728078
0.919820 0.000036 0.000043 0.000026 0.000003 0.072542 0.007531 1.728084
0.919918 0.000036 0.000041 0.000026 0.000003 0.072445 0.007531 1.728088
0.920012 0.000041 0.000039 0.000026 0.000003 0.072348 0.007531 1.728090
0.920099 0.000037 0.000040 0.000026 0.000002 0.072263 0.007531 1.728096
0.920183 0.000038 0.000040 0.000024 0.000002 0.072183 0.007531 1.728098
0.920269 0.000039 0.000039 0.000022 0.000002 0.072097 0.007531 1.728100
0.920348 0.000038 0.000039 0.000021 0.000002 0.072021 0.007531 1.728104
0.920426 0.000034 0.000040 0.000021 0.000002 0.071945 0.007531 1.728109
0.920491 0.000030 0.000039 0.000021 0.000002 0.071886 0.007531 1.728114
0.920572 0.000030 0.000040 0.000019 0.000002 0.071805 0.007531 1.728117
0.920634 0.000031 0.000039 0.000019 0.000002 0.071744 0.007531 1.728119
0.920699 0.000028 0.000036 0.000018 0.000002 0.071685 0.007531 1.728124
0.920759 0.000029 0.000036 0.000018 0.000002 0.071626 0.007531 1.728127
0.920820 0.000030 0.000035 0.000018 0.000002 0.071565 0.007531 1.728130
0.920887 0.000028 0.000034 0.000017 0.000003 0.071500 0.007531 1.728133
0.920963 0.000027 0.000034 0.000018 0.000003 0.071425 0.007531 1.728136
0.921021 0.000026 0.000036 0.000018 0.000003 0.071366 0.007531 1.728139
0.921079 0.000024 0.000035 0.000017 0.000003 0.071310 0.007531 1.728144
0.921126 0.000024 0.000034 0.000017 0.000003 0.071267 0.007531 1.728146
0.921171 0.000022 0.000033 0.000016 0.000003 0.071224 0.007531 1.728149
0.921218 0.000022 0.000031 0.000017 0.000003 0.071179 0.007531 1.728151
0.921264 0.000018 0.000032 0.000020 0.000003 0.071133 0.007531 1.728156
0.921308 0.000016 0.000031 0.000020 0.000002 0.071093 0.007531 1.728159
0.921346 0.000018 0.000029 0.000019 0.000002 0.071055 0.007531 1.728159
0.921391 0.000019 0.000028 0.000017 0.000002 0.071012 0.007531 1.728160
0.921431 0.000021 0.000028 0.000016 0.000002 0.070971 0.007531 1.728161
0.921475 0.000021 0.000027 0.000015 0.000002 0.070930 0.007531 1.728162
0.921514 0.000021 0.000027 0.000015 0.000002 0.070891 0.007531 1.728165
0.921551 0.000022 0.000026 0.000014 0.000002 0.070855 0.007531 1.728166
0.921587 0.000024 0.000026 0.000012 0.000002 0.070818 0.007532 1.728168
0.921619 0.000025 0.000027 0.000011 0.000002 0.070785 0.007532 1.728170
0.921655 0.000026 0.000026 0.000011 0.000001 0.070749 0.007532 1.728172
0.921682 0.000024 0.000024 0.000014 0.000001 0.070724 0.007532 1.728176
0.921715 0.000024 0.000023 0.000014 0.000001 0.070691 0.007532 1.728178
0.921746 0.000025 0.000021 0.000014 0.000001 0.070661 0.007532 1.728179
0.921769 0.000025 0.000022 0.000014 0.000001 0.070638 0.007532 1.728182
0.921797 0.000022 0.000023 0.000012 0.000001 0.070613 0.007532 1.728186
0.921815 0.000024 0.000023 0.000012 0.000001 0.070593 0.007532 1.728187
0.921833 0.000026 0.000024 0.000013 0.000001 0.070572 0.007532 1.728189
0.921861 0.000024 0.000024 0.000014 0.000001 0.070544 0.007532 1.728193
0.921889 0.000023 0.000024 0.000014 0.000000 0.070517 0.007532 1.728195
0.921920 0.000023 0.000023 0.000015 0.000000 0.070487 0.007532 1.728197
0.921947 0.000022 0.000023 0.000016 0.000000 0.070460 0.007532 1.728201
0.921962 0.000022 0.000024 0.000014 0.000000 0.070445 0.007532 1.728204
0.921978 0.000024 0.000022 0.000014 0.000000 0.070430 0.007532 1.728205
0.922000 0.000023 0.000021 0.000013 0.000000 0.070413 0.007532 1.728206
0.922016 0.000021 0.000022 0.000013 0.000000 0.070397 0.007532 1.728209
0.922030 0.000018 0.000022 0.000014 0.000000 0.070384 0.007532 1.728213
0.922048 0.000019 0.000021 0.000013 0.000000 0.070367 0.007532 1.728215
0.922064 0.000017 0.000022 0.000012 0.000000 0.070353 0.007532 1.728217
0.922077 0.000016 0.000021 0.000012 0.000000 0.070343 0.007532 1.728219
0.922091 0.000015 0.000021 0.000012 0.000000 0.070329 0.007532 1.728220
0.922107 0.000015 0.000021 0.000011 0.000000 0.070314 0.007532 1.728222
0.922118 0.000016 0.000021 0.000010 0.000000 0.070303 0.007532 1.728223
0.922133 0.000017 0.000019 0.000010 0.000000 0.070289 0.007532 1.728224
0.922142 0.000017 0.000019 0.000010 0.000000 0.070280 0.007532 1.728226
0.922153 0.000016 0.000018 0.000010 0.000000 0.070270 0.007532 1.728228
0.922165 0.000014 0.000019 0.000011 0.000000 0.070259 0.007532 1.728231
0.922174 0.000016 0.000017 0.000011 0.000000 0.070250 0.007532 1.728232
0.922190 0.000015 0.000018 0.000010 0.000001 0.070234 0.007532 1.728234
0.922204 0.000016 0.000018 0.000010 0.000001 0.070218 0.007532 1.728235
0.922219 0.000016 0.000018 0.000010 0.000001 0.070205 0.007532 1.728236
0.922230 0.000016 0.000017 0.000010 0.000001 0.070194 0.007532 1.728237
0.922244 0.000016 0.000016 0.000009 0.000001 0.070182 0.007532 1.728238
0.922255 0.000015 0.000016 0.000008 0.000001 0.070173 0.007532 1.728239
0.922268 0.000015 0.000016 0.000008 0.000001 0.070159 0.007532 1.728241
0.922283 0.000014 0.000017 0.000007 0.000001 0.070146 0.007532 1.728243
0.922295 0.000015 0.000016 0.000006 0.000002 0.070134 0.007532 1.728243
0.922303 0.000016 0.000017 0.000006 0.000002 0.070124 0.007532 1.728244
0.922314 0.000015 0.000017 0.000006 0.000002 0.070114 0.007532 1.728246
0.922323 0.000016 0.000015 0.000007 0.000002 0.070105 0.007532 1.728247
0.922336 0.000015 0.000015 0.000007 0.000002 0.070093 0.007532 1.728248
0.922349 0.000015 0.000015 0.000008 0.000001 0.070079 0.007533 1.728250
0.922359 0.000014 0.000016 0.000008 0.000001 0.070069 0.007533 1.728252
0.922368 0.000014 0.000016 0.000007 0.000001 0.070062 0.007533 1.728254
0.922377 0.000012 0.000015 0.000007 0.000001 0.070054 0.007533 1.728256
0.922387 0.000013 0.000015 0.000006 0.000001 0.070046 0.007533 1.728258
0.922399 0.000011 0.000016 0.000005 0.000001 0.070035 0.007533 1.728259
0.922407 0.000012 0.000017 0.000006 0.000001 0.070026 0.007533 1.728260
0.922418 0.000012 0.000017 0.000006 0.000001 0.070014 0.007533 1.728261
0.922428 0.000010 0.000015 0.000007 0.000001 0.070007 0.007533 1.728263
0.922438 0.000010 0.000014 0.000006 0.000001 0.069998 0.007533 1.728263
0.922446 0.000012 0.000012 0.000007 0.000001 0.069990 0.007533 1.728264
0.922455 0.000013 0.000012 0.000007 0.000001 0.069980 0.007533 1.728266
0.922463 0.000012 0.000013 0.000006 0.000001 0.069972 0.007533 1.728267
0.922473 0.000012 0.000013 0.000006 0.000001 0.069964 0.007533 1.728267
0.922481 0.000011 0.000015 0.000006 0.000001 0.069954 0.007533 1.728269
0.922483 0.000012 0.000013 0.000006 0.000000 0.069952 0.007533 1.728269
0.922487 0.000014 0.000012 0.000006 0.000000 0.069947 0.007533 1.728270
0.922497 0.000014 0.000013 0.000005 0.000000 0.069937 0.007533 1.728271
0.922502 0.000016 0.000012 0.000005 0.000000 0.069933 0.007533 1.728272
0.922508 0.000014 0.000013 0.000006 0.000000 0.069926 0.007533 1.728275
0.922515 0.000014 0.000013 0.000006 0.000000 0.069919 0.007533 1.728277
0.922520 0.000016 0.000012 0.000006 0.000000 0.069914 0.007533 1.728277
0.922526 0.000017 0.000012 0.000005 0.000000 0.069907 0.007533 1.728278
0.922528 0.000020 0.000012 0.000005 0.000000 0.069904 0.007533 1.728279
0.922533 0.000019 0.000011 0.000005 0.000000 0.069899 0.007533 1.728280
0.922538 0.000019 0.000011 0.000005 0.000000 0.069894 0.007533 1.728281
0.922545 0.000018 0.000010 0.000006 0.000000 0.069887 0.007533 1.728283
0.922548 0.000017 0.000011 0.000007 0.000000 0.069883 0.007533 1.728286
0.922555 0.000016 0.000012 0.000006 0.000000 0.069877 0.007533 1.728288
0.922558 0.000014 0.000013 0.000007 0.000000 0.069874 0.007533 1.728291
0.922563 0.000013 0.000014 0.000007 0.000000 0.069870 0.007533 1.728293
0.922568 0.000013 0.000014 0.000006 0.000000 0.069867 0.007533 1.728293
0.922574 0.000012 0.000013 0.000006 0.000000 0.069863 0.007533 1.728294
0.922577 0.000009 0.000015 0.000007 0.000000 0.069860 0.007533 1.728298
0.922583 0.000010 0.000014 0.000006 0.000000 0.069854 0.007533 1.728299
0.922586 0.000008 0.000014 0.000006 0.000000 0.069852 0.007533 1.728300
0.922593 0.000008 0.000015 0.000006 0.000000 0.069846 0.007533 1.728301
0.922594 0.000010 0.000015 0.000005 0.000000 0.069844 0.007533 1.728302
0.922599 0.000009 0.000014 0.000005 0.000000 0.069839 0.007533 1.728303
0.922605 0.000009 0.000013 0.000003 0.000000 0.069835 0.007533 1.728304
0.922607 0.000009 0.000012 0.000004 0.000000 0.069834 0.007533 1.728304
0.922609 0.000009 0.000012 0.000004 0.000000 0.069833 0.007533 1.728305
0.922617 0.000009 0.000012 0.000003 0.000000 0.069826 0.007533 1.728305
0.922621 0.000009 0.000012 0.000003 0.000000 0.069821 0.007533 1.728307
0.922625 0.000010 0.000013 0.000003 0.000000 0.069816 0.007533 1.728308
0.922630 0.000010 0.000010 0.000003 0.000000 0.069813 0.007533 1.728308
0.922633 0.000010 0.000010 0.000003 0.000000 0.069810 0.007533 1.728310
0.922638 0.000011 0.000009 0.000003 0.000000 0.069805 0.007533 1.728310
0.922641 0.000012 0.000010 0.000003 0.000000 0.069800 0.007533 1.728311
0.922645 0.000010 0.000010 0.000004 0.000000 0.069797 0.007533 1.728312
0.922649 0.000011 0.000010 0.000003 0.000000 0.069792 0.007533 1.728313
0.922653 0.000011 0.000009 0.000004 0.000000 0.069789 0.007533 1.728314
0.922657 0.000011 0.000010 0.000004 0.000000 0.069785 0.007533 1.728315
0.922659 0.000010 0.000009 0.000005 0.000000 0.069784 0.007533 1.728316
0.922662 0.000010 0.000008 0.000005 0.000000 0.069780 0.007533 1.728318
0.922665 0.000010 0.000008 0.000006 0.000000 0.069778 0.007533 1.728319
0.922670 0.000010 0.000008 0.000006 0.000000 0.069772 0.007533 1.728320
0.922672 0.000010 0.000010 0.000006 0.000000 0.069769 0.007533 1.728322
0.922675 0.000009 0.000012 0.000006 0.000000 0.069765 0.007533 1.728323
0.922677 0.000010 0.000011 0.000005 0.000000 0.069765 0.007533 1.728324
0.922679 0.000009 0.000010 0.000005 0.000000 0.069763 0.007533 1.728325
0.922681 0.000009 0.000010 0.000005 0.000000 0.069761 0.007533 1.728326
0.922684 0.000010 0.000010 0.000005 0.000000 0.069758 0.007533 1.728326
0.922686 0.000010 0.000010 0.000005 0.000000 0.069756 0.007533 1.728327
0.922688 0.000010 0.000010 0.000005 0.000000 0.069754 0.007533 1.728328
0.922690 0.000009 0.000010 0.000005 0.000000 0.069752 0.007533 1.728330
0.922694 0.000010 0.000010 0.000005 0.000000 0.069747 0.007533 1.728330
0.922695 0.000012 0.000010 0.000005 0.000000 0.069746 0.007533 1.728330
0.922696 0.000012 0.000010 0.000004 0.000000 0.069746 0.007533 1.728330
0.922698 0.000012 0.000010 0.000004 0.000000 0.069744 0.007533 1.728332
0.922701 0.000011 0.000010 0.000004 0.000000 0.069741 0.007533 1.728333
0.922702 0.000011 0.000010 0.000004 0.000000 0.069740 0.007533 1.728334
0.922702 0.000010 0.000011 0.000004 0.000000 0.069741 0.007533 1.728336
0.922703 0.000008 0.000012 0.000005 0.000000 0.069740 0.007533 1.728338
0.922708 0.000008 0.000012 0.000005 0.000000 0.069735 0.007533 1.728338
0.922709 0.000009 0.000011 0.000005 0.000000 0.069733 0.007533 1.728339
0.922711 0.000010 0.000009 0.000005 0.000000 0.069732 0.007533 1.728339
0.922712 0.000011 0.000008 0.000005 0.000000 0.069732 0.007533 1.728340
0.922713 0.000010 0.000006 0.000004 0.000000 0.069733 0.007533 1.728341
0.922717 0.000009 0.000006 0.000004 0.000000 0.069731 0.007533 1.728342
0.922718 0.000009 0.000008 0.000004 0.000000 0.069729 0.007533 1.728343
0.922719 0.000013 0.000006 0.000003 0.000000 0.069726 0.007533 1.728343
0.922720 0.000013 0.000007 0.000003 0.000000 0.069724 0.007533 1.728344
0.922721 0.000013 0.000008 0.000003 0.000000 0.069722 0.007533 1.728346
0.922723 0.000014 0.000006 0.000003 0.000000 0.069722 0.007533 1.728346
0.922721 0.000014 0.000006 0.000003 0.000000 0.069722 0.007533 1.728347
0.922723 0.000015 0.000006 0.000003 0.000000 0.069720 0.007533 1.728348
0.922723 0.000017 0.000006 0.000004 0.000000 0.069718 0.007533 1.728349
0.922725 0.000017 0.000006 0.000004 0.000000 0.069715 0.007533 1.728349
0.922727 0.000016 0.000006 0.000006 0.000000 0.069713 0.007533 1.728352
0.922729 0.000014 0.000008 0.000006 0.000000 0.069710 0.007533 1.728355
0.922733 0.000013 0.000009 0.000006 0.000000 0.069706 0.007533 1.728357
0.922735 0.000013 0.000010 0.000006 0.000000 0.069704 0.007533 1.728358
0.922736 0.000014 0.000009 0.000005 0.000000 0.069703 0.007533 1.728358
0.922737 0.000014 0.000009 0.000006 0.000000 0.069701 0.007533 1.728359
0.922736 0.000014 0.000008 0.000006 0.000000 0.069702 0.007533 1.728360
0.922737 0.000014 0.000008 0.000006 0.000000 0.069703 0.007533 1.728361
0.922738 0.000016 0.000008 0.000006 0.000000 0.069699 0.007533 1.728362
0.922738 0.000014 0.000008 0.000006 0.000000 0.069700 0.007533 1.728364
0.922739 0.000013 0.000009 0.000006 0.000000 0.069700 0.007533 1.728366
0.922741 0.000012 0.000008 0.000008 0.000000 0.069699 0.007533 1.728367
0.922742 0.000010 0.000010 0.000008 0.000000 0.069698 0.007533 1.728368
0.922743 0.000010 0.000008 0.000008 0.000000 0.069698 0.007533 1.728368
0.922743 0.000009 0.000008 0.000005 0.000000 0.069701 0.007533 1.728370
0.922745 0.000009 0.000006 0.000006 0.000000 0.069701 0.007533 1.728371
0.922746 0.000008 0.000008 0.000006 0.000000 0.069700 0.007533 1.728372
0.922746 0.000008 0.000008 0.000005 0.000000 0.069700 0.007533 1.728373
0.922751 0.000008 0.000007 0.000005 0.000000 0.069698 0.007533 1.728373
0.922753 0.000008 0.000006 0.000005 0.000000 0.069697 0.007533 1.728373
0.922756 0.000008 0.000006 0.000003 0.000000 0.069695 0.007533 1.728373
0.922758 0.000008 0.000006 0.000003 0.000000 0.069692 0.007533 1.728374
0.922759 0.000008 0.000006 0.000003 0.000000 0.069692 0.007533 1.728375
0.922760 0.000008 0.000006 0.000003 0.000000 0.069691 0.007533 1.728375
0.922763 0.000008 0.000006 0.000003 0.000000 0.069688 0.007533 1.728376
0.922764 0.000008 0.000006 0.000003 0.000000 0.069687 0.007533 1.728377
0.922767 0.000008 0.000006 0.000003 0.000000 0.069683 0.007533 1.728377
0.922768 0.000008 0.000006 0.000003 0.000000 0.069682 0.007533 1.728378
0.922767 0.000008 0.000006 0.000004 0.000000 0.069682 0.007533 1.728379
0.922770 0.000007 0.000006 0.000003 0.000000 0.069681 0.007533 1.728380
0.922770 0.000006 0.000006 0.000003 0.000000 0.069682 0.007533 1.728381
0.922769 0.000006 0.000005 0.000004 0.000000 0.069682 0.007533 1.728383
0.922768 0.000008 0.000004 0.000004 0.000000 0.069682 0.007533 1.728383
0.922768 0.000008 0.000005 0.000005 0.000000 0.069682 0.007533 1.728385
0.922768 0.000008 0.000004 0.000003 0.000000 0.069683 0.007533 1.728385
0.922769 0.000008 0.000004 0.000004 0.000000 0.069681 0.007533 1.728386
0.922769 0.000008 0.000005 0.000004 0.000000 0.069681 0.007533 1.728387
0.922769 0.000009 0.000005 0.000005 0.000000 0.069679 0.007533 1.728388
0.922768 0.000008 0.000007 0.000004 0.000000 0.069680 0.007533 1.728391
0.922768 0.000009 0.000007 0.000004 0.000000 0.069679 0.007534 1.728391
0.922768 0.000010 0.000006 0.000003 0.000000 0.069679 0.007534 1.728391
0.922770 0.000010 0.000006 0.000003 0.000000 0.069677 0.007534 1.728391
0.922771 0.000010 0.000006 0.000003 0.000000 0.069677 0.007534 1.728392
0.922771 0.000008 0.000006 0.000004 0.000000 0.069678 0.007534 1.728394
0.922771 0.000008 0.000006 0.000003 0.000000 0.069677 0.007534 1.728395
0.922771 0.000008 0.000005 0.000004 0.000000 0.069678 0.007534 1.728395
0.922771 0.000007 0.000006 0.000005 0.000000 0.069678 0.007534 1.728397
0.922772 0.000006 0.000007 0.000004 0.000000 0.069677 0.007534 1.728398
0.922772 0.000006 0.000008 0.000004 0.000000 0.069676 0.007534 1.728399
0.922773 0.000006 0.000008 0.000003 0.000000 0.069676 0.007534 1.728399
0.922773 0.000006 0.000007 0.000003 0.000000 0.069676 0.007534 1.728399
0.922774 0.000007 0.000007 0.000003 0.000000 0.069675 0.007534 1.728399
0.922773 0.000008 0.000007 0.000003 0.000000 0.069675 0.007534 1.728400
0.922772 0.000008 0.000006 0.000003 0.000000 0.069677 0.007534 1.728400
0.922771 0.000009 0.000006 0.000003 0.000000 0.069677 0.007534 1.728400
0.922773 0.000008 0.000006 0.000003 0.000000 0.069676 0.007534 1.728401
0.922773 0.000008 0.000005 0.000003 0.000000 0.069677 0.007534 1.728401
0.922772 0.000009 0.000005 0.000003 0.000000 0.069677 0.007534 1.728402
0.922770 0.000011 0.000005 0.000003 0.000000 0.069678 0.007534 1.728402
0.922771 0.000011 0.000004 0.000002 0.000000 0.069679 0.007534 1.728403
0.922771 0.000010 0.000004 0.000003 0.000000 0.069679 0.007534 1.728404
0.922771 0.000010 0.000005 0.000003 0.000000 0.069678 0.007534 1.728405
0.922771 0.000010 0.000005 0.000002 0.000001 0.069678 0.007534 1.728405
0.922774 0.000008 0.000005 0.000003 0.000001 0.069676 0.007534 1.728407
0.922773 0.000009 0.000005 0.000003 0.000001 0.069676 0.007534 1.728407
0.922773 0.000009 0.000005 0.000003 0.000001 0.069677 0.007534 1.728408
0.922772 0.000010 0.000004 0.000002 0.000001 0.069678 0.007534 1.728409
0.922772 0.000009 0.000005 0.000003 0.000000 0.069678 0.007534 1.728410
0.922774 0.000008 0.000006 0.000003 0.000000 0.069676 0.007534 1.728412
0.922775 0.000008 0.000006 0.000003 0.000000 0.069675 0.007534 1.728412
0.922775 0.000008 0.000005 0.000003 0.000000 0.069675 0.007534 1.728413
0.922775 0.000008 0.000006 0.000003 0.000000 0.069674 0.007534 1.728413
0.922776 0.000008 0.000006 0.000003 0.000000 0.069674 0.007534 1.728414
0.922774 0.000009 0.000005 0.000003 0.000000 0.069676 0.007534 1.728414
0.922775 0.000008 0.000005 0.000003 0.000000 0.069676 0.007534 1.728415
0.922775 0.000007 0.000005 0.000003 0.000001 0.069677 0.007534 1.728417
0.922776 0.000005 0.000005 0.000003 0.000001 0.069676 0.007534 1.728419
0.922776 0.000005 0.000006 0.000003 0.000001 0.069676 0.007534 1.728419
0.922777 0.000005 0.000006 0.000003 0.000001 0.069674 0.007534 1.728419
0.922777 0.000005 0.000006 0.000003 0.000001 0.069674 0.007534 1.728420
0.922778 0.000003 0.000007 0.000003 0.000001 0.069673 0.007534 1.728421
0.922779 0.000003 0.000007 0.000003 0.000001 0.069674 0.007534 1.728422
0.922779 0.000002 0.000006 0.000004 0.000001 0.069675 0.007534 1.728423
0.922779 0.000003 0.000006 0.000004 0.000001 0.069673 0.007534 1.728423
0.922779 0.000003 0.000005 0.000004 0.000001 0.069675 0.007534 1.728423
0.922780 0.000003 0.000005 0.000004 0.000001 0.069674 0.007534 1.728423
0.922781 0.000002 0.000005 0.000004 0.000001 0.069673 0.007534 1.728424
0.922782 0.000002 0.000005 0.000004 0.000001 0.069673 0.007534 1.728424
0.922782 0.000002 0.000005 0.000003 0.000001 0.069673 0.007534 1.728424
0.922783 0.000001 0.000005 0.000004 0.000001 0.069672 0.007534 1.728424
0.922783 0.000002 0.000005 0.000004 0.000001 0.069671 0.007534 1.728424
0.922783 0.000003 0.000005 0.000004 0.000001 0.069671 0.007534 1.728424
0.922783 0.000003 0.000005 0.000004 0.000001 0.069670 0.007534 1.728424
0.922783 0.000003 0.000005 0.000005 0.000001 0.069670 0.007534 1.728425
0.922783 0.000003 0.000005 0.000004 0.000001 0.069670 0.007534 1.728426
0.922783 0.000003 0.000005 0.000003 0.000001 0.069671 0.007534 1.728426
0.922783 0.000004 0.000005 0.000003 0.000000 0.069671 0.007534 1.728426
0.922783 0.000003 0.000005 0.000003 0.000000 0.069672 0.007534 1.728426
0.922783 0.000003 0.000005 0.000003 0.000000 0.069671 0.007534 1.728427
0.922784 0.000002 0.000006 0.000003 0.000000 0.069671 0.007534 1.728428
0.922784 0.000003 0.000005 0.000003 0.000000 0.069671 0.007534 1.728428
0.922786 0.000003 0.000004 0.000003 0.000000 0.069670 0.007534 1.728428
0.922786 0.000003 0.000003 0.000004 0.000000 0.069670 0.007534 1.728429
0.922788 0.000002 0.000003 0.000004 0.000000 0.069669 0.007534 1.728429
0.922788 0.000002 0.000003 0.000003 0.000000 0.069669 0.007534 1.728430
0.922788 0.000002 0.000004 0.000003 0.000000 0.069669 0.007534 1.728430
0.922789 0.000002 0.000003 0.000003 0.000000 0.069669 0.007534 1.728430
0.922791 0.000002 0.000003 0.000003 0.000000 0.069668 0.007534 1.728430
0.922791 0.000003 0.000003 0.000003 0.000000 0.069668 0.007534 1.728430
0.922790 0.000003 0.000003 0.000003 0.000000 0.069667 0.007534 1.728431
0.922790 0.000003 0.000003 0.000003 0.000000 0.069666 0.007534 1.728431
0.922790 0.000003 0.000003 0.000004 0.000000 0.069666 0.007534 1.728432
0.922789 0.000003 0.000003 0.000003 0.000000 0.069668 0.007534 1.728433
0.922790 0.000004 0.000003 0.000003 0.000000 0.069666 0.007534 1.728433
0.922789 0.000005 0.000003 0.000003 0.000000 0.069666 0.007534 1.728434
0.922788 0.000005 0.000003 0.000003 0.000000 0.069666 0.007534 1.728434
0.922789 0.000005 0.000003 0.000004 0.000000 0.069667 0.007534 1.728435
0.922789 0.000005 0.000002 0.000004 0.000000 0.069666 0.007534 1.728435
0.922789 0.000005 0.000002 0.000005 0.000000 0.069666 0.007534 1.728436
0.922790 0.000006 0.000001 0.000005 0.000000 0.069665 0.007534 1.728436
0.922788 0.000008 0.000001 0.000005 0.000000 0.069665 0.007534 1.728436
0.922789 0.000008 0.000002 0.000005 0.000000 0.069664 0.007534 1.728436
0.922789 0.000007 0.000003 0.000005 0.000000 0.069663 0.007534 1.728437
0.922789 0.000006 0.000003 0.000004 0.000000 0.069664 0.007534 1.728438
0.922789 0.000007 0.000003 0.000004 0.000000 0.069663 0.007534 1.728438
0.922788 0.000007 0.000003 0.000005 0.000000 0.069663 0.007534 1.728439
0.922788 0.000006 0.000005 0.000005 0.000000 0.069663 0.007534 1.728441
0.922787 0.000007 0.000005 0.000005 0.000000 0.069663 0.007534 1.728441
0.922786 0.000006 0.000006 0.000005 0.000000 0.069663 0.007534 1.728442
0.922785 0.000006 0.000005 0.000006 0.000000 0.069664 0.007534 1.728444
0.922786 0.000006 0.000005 0.000006 0.000000 0.069663 0.007534 1.728444
0.922786 0.000006 0.000006 0.000006 0.000000 0.069663 0.007534 1.728445
0.922787 0.000005 0.000006 0.000005 0.000000 0.069663 0.007534 1.728445
0.922787 0.000006 0.000006 0.000005 0.000000 0.069663 0.007534 1.728445
0.922787 0.000005 0.000007 0.000004 0.000000 0.069663 0.007534 1.728447
0.922787 0.000005 0.000006 0.000003 0.000000 0.069665 0.007534 1.728448
0.922786 0.000006 0.000006 0.000003 0.000000 0.069666 0.007534 1.728448
0.922787 0.000005 0.000006 0.000003 0.000000 0.069665 0.007534 1.728449
0.922787 0.000005 0.000006 0.000003 0.000000 0.069665 0.007534 1.728449
0.922787 0.000005 0.000008 0.000003 0.000000 0.069665 0.007534 1.728451
0.922787 0.000005 0.000007 0.000003 0.000000 0.069665 0.007534 1.728452
0.922786 0.000005 0.000007 0.000002 0.000000 0.069667 0.007534 1.728452
0.922786 0.000005 0.000006 0.000002 0.000000 0.069668 0.007534 1.728453
0.922787 0.000004 0.000006 0.000002 0.000000 0.069668 0.007534 1.728453
0.922788 0.000003 0.000005 0.000002 0.000000 0.069669 0.007534 1.728454
0.922788 0.000003 0.000005 0.000002 0.000000 0.069669 0.007534 1.728454
0.922789 0.000003 0.000005 0.000002 0.000000 0.069668 0.007534 1.728454
0.922790 0.000004 0.000005 0.000002 0.000000 0.069666 0.007534 1.728454
0.922790 0.000004 0.000003 0.000001 0.000000 0.069668 0.007534 1.728455
0.922790 0.000005 0.000003 0.000001 0.000000 0.069667 0.007534 1.728455
