0.369770 0.061725 0.054756 0.031578 0.001912 0.474473 0.005788 1.551591
0.372164 0.059333 0.054793 0.031408 0.001922 0.474564 0.005816 1.557553
0.375200 0.056487 0.054639 0.031115 0.001916 0.474804 0.005840 1.563288
0.378777 0.053390 0.054337 0.030788 0.001913 0.474927 0.005868 1.568765
0.382571 0.050227 0.053851 0.030376 0.001908 0.475173 0.005894 1.573974
0.386764 0.047210 0.053156 0.029858 0.001909 0.475182 0.005921 1.578805
0.391028 0.044435 0.052320 0.029301 0.001920 0.475052 0.005944 1.583267
0.395520 0.041766 0.051400 0.028659 0.001922 0.474766 0.005966 1.587472
0.399982 0.039163 0.050425 0.027978 0.001915 0.474542 0.005996 1.591502
0.404471 0.036773 0.049377 0.027300 0.001915 0.474143 0.006020 1.595257
0.409152 0.034509 0.048249 0.026589 0.001912 0.473546 0.006043 1.598774
0.413949 0.032337 0.047081 0.025823 0.001915 0.472828 0.006067 1.602105
0.418742 0.030395 0.045831 0.025027 0.001907 0.472002 0.006096 1.605167
0.423554 0.028615 0.044582 0.024233 0.001900 0.470996 0.006121 1.608022
0.428457 0.026905 0.043279 0.023451 0.001892 0.469875 0.006141 1.610762
0.433450 0.025302 0.041904 0.022668 0.001878 0.468631 0.006166 1.613333
0.438370 0.023851 0.040552 0.021812 0.001858 0.467364 0.006193 1.615706
0.443273 0.022504 0.039212 0.021074 0.001837 0.465880 0.006221 1.617968
0.448359 0.021242 0.037894 0.020289 0.001824 0.464147 0.006245 1.620083
0.453276 0.020065 0.036485 0.019547 0.001809 0.462550 0.006268 1.622090
0.458352 0.018971 0.035166 0.018833 0.001788 0.460597 0.006293 1.623973
0.463362 0.017948 0.033849 0.018115 0.001760 0.458653 0.006315 1.625741
0.468282 0.017040 0.032564 0.017374 0.001727 0.456674 0.006339 1.627426
0.473290 0.016107 0.031349 0.016679 0.001701 0.454513 0.006361 1.629068
0.478186 0.015228 0.030190 0.016032 0.001690 0.452296 0.006379 1.630632
0.483175 0.014473 0.028988 0.015357 0.001658 0.449946 0.006402 1.632042
0.488204 0.013749 0.027888 0.014684 0.001634 0.447417 0.006425 1.633406
0.493152 0.013052 0.026855 0.014089 0.001613 0.444793 0.006445 1.634725
0.498086 0.012378 0.025917 0.013499 0.001583 0.442072 0.006466 1.636028
0.502925 0.011837 0.024875 0.012922 0.001555 0.439402 0.006486 1.637191
0.507840 0.011300 0.023893 0.012404 0.001529 0.436531 0.006504 1.638307
0.512757 0.010747 0.022987 0.011866 0.001503 0.433617 0.006523 1.639395
0.517604 0.010181 0.022096 0.011409 0.001474 0.430696 0.006541 1.640478
0.522491 0.009760 0.021206 0.010953 0.001443 0.427586 0.006562 1.641429
0.527354 0.009357 0.020346 0.010508 0.001408 0.424443 0.006585 1.642344
0.532072 0.008945 0.019483 0.010079 0.001380 0.421438 0.006603 1.643243
0.536842 0.008539 0.018734 0.009649 0.001357 0.418255 0.006623 1.644099
0.541579 0.008202 0.017981 0.009229 0.001318 0.415049 0.006643 1.644917
0.546225 0.007919 0.017228 0.008809 0.001287 0.411871 0.006661 1.645674
0.550969 0.007597 0.016556 0.008436 0.001246 0.408517 0.006681 1.646450
0.555713 0.007266 0.015907 0.008074 0.001224 0.405123 0.006694 1.647198
0.560419 0.006953 0.015261 0.007722 0.001198 0.401738 0.006710 1.647915
0.564971 0.006672 0.014621 0.007417 0.001173 0.398424 0.006724 1.648609
0.569601 0.006426 0.014039 0.007121 0.001138 0.394927 0.006747 1.649248
0.574059 0.006183 0.013445 0.006804 0.001117 0.391633 0.006760 1.649872
0.578519 0.006018 0.012879 0.006520 0.001099 0.388193 0.006772 1.650461
0.583035 0.005758 0.012376 0.006240 0.001070 0.384732 0.006790 1.651081
0.587435 0.005579 0.011868 0.005977 0.001045 0.381290 0.006806 1.651637
0.591839 0.005365 0.011399 0.005748 0.001022 0.377803 0.006825 1.652174
0.596180 0.005217 0.010932 0.005506 0.000996 0.374330 0.006839 1.652651
0.600628 0.005082 0.010472 0.005272 0.000972 0.370722 0.006853 1.653124
0.604893 0.004943 0.010059 0.005062 0.000933 0.367243 0.006869 1.653596
0.609220 0.004757 0.009688 0.004869 0.000895 0.363688 0.006883 1.654092
0.613442 0.004596 0.009311 0.004678 0.000869 0.360204 0.006900 1.654553
0.617580 0.004438 0.008937 0.004504 0.000842 0.356785 0.006913 1.655007
0.621831 0.004293 0.008615 0.004352 0.000816 0.353165 0.006927 1.655441
0.625867 0.004177 0.008295 0.004184 0.000803 0.349737 0.006936 1.655867
0.629951 0.004061 0.007999 0.004022 0.000777 0.346240 0.006950 1.656267
0.633993 0.003947 0.007699 0.003884 0.000756 0.342760 0.006962 1.656645
0.638035 0.003852 0.007415 0.003768 0.000733 0.339224 0.006973 1.657017
0.641927 0.003730 0.007148 0.003638 0.000711 0.335866 0.006980 1.657398
0.645831 0.003611 0.006878 0.003529 0.000696 0.332468 0.006986 1.657759
0.649724 0.003505 0.006627 0.003386 0.000675 0.329089 0.006994 1.658110
0.653595 0.003414 0.006362 0.003254 0.000661 0.325712 0.007002 1.658444
0.657477 0.003316 0.006165 0.003134 0.000642 0.322253 0.007014 1.658779
0.661253 0.003210 0.005949 0.003033 0.000632 0.318901 0.007023 1.659111
0.664951 0.003145 0.005725 0.002916 0.000610 0.315621 0.007033 1.659412
0.668660 0.003067 0.005524 0.002815 0.000591 0.312301 0.007042 1.659716
0.672331 0.003019 0.005328 0.002699 0.000580 0.308996 0.007048 1.660006
0.675892 0.002943 0.005148 0.002600 0.000572 0.305791 0.007054 1.660301
0.679538 0.002880 0.004986 0.002506 0.000553 0.302473 0.007064 1.660580
0.683184 0.002820 0.004803 0.002403 0.000540 0.299177 0.007072 1.660848
0.686713 0.002748 0.004660 0.002317 0.000525 0.295955 0.007082 1.661127
0.690248 0.002662 0.004522 0.002248 0.000508 0.292724 0.007088 1.661406
0.693717 0.002621 0.004377 0.002178 0.000494 0.289519 0.007094 1.661664
0.697152 0.002578 0.004230 0.002109 0.000489 0.286342 0.007101 1.661901
0.700528 0.002535 0.004085 0.002047 0.000477 0.283221 0.007108 1.662142
0.703878 0.002480 0.003947 0.001987 0.000469 0.280124 0.007115 1.662399
0.707178 0.002416 0.003840 0.001916 0.000456 0.277074 0.007120 1.662653
0.710435 0.002345 0.003736 0.001860 0.000445 0.274054 0.007125 1.662894
0.713737 0.002293 0.003605 0.001802 0.000430 0.271001 0.007132 1.663112
0.716975 0.002248 0.003508 0.001753 0.000417 0.267961 0.007140 1.663335
0.720095 0.002203 0.003418 0.001705 0.000408 0.265027 0.007145 1.663555
0.723174 0.002170 0.003316 0.001640 0.000394 0.262155 0.007152 1.663761
0.726315 0.002138 0.003225 0.001592 0.000385 0.259189 0.007156 1.663966
0.729344 0.002106 0.003139 0.001553 0.000378 0.256319 0.007162 1.664164
0.732318 0.002060 0.003052 0.001500 0.000368 0.253539 0.007165 1.664371
0.735349 0.002004 0.002986 0.001458 0.000358 0.250677 0.007170 1.664579
0.738337 0.001973 0.002922 0.001411 0.000348 0.247836 0.007174 1.664774
0.741289 0.001934 0.002834 0.001375 0.000335 0.245053 0.007180 1.664964
0.744163 0.001902 0.002756 0.001332 0.000324 0.242338 0.007187 1.665140
0.746996 0.001873 0.002690 0.001300 0.000315 0.239637 0.007190 1.665323
0.749835 0.001823 0.002621 0.001262 0.000303 0.236962 0.007196 1.665512
0.752621 0.001793 0.002546 0.001233 0.000290 0.234316 0.007202 1.665690
0.755410 0.001758 0.002505 0.001207 0.000284 0.231628 0.007208 1.665878
0.758183 0.001715 0.002424 0.001183 0.000280 0.229006 0.007209 1.666048
0.760802 0.001683 0.002380 0.001151 0.000270 0.226502 0.007212 1.666214
0.763459 0.001649 0.002313 0.001134 0.000265 0.223965 0.007215 1.666382
0.766183 0.001643 0.002243 0.001116 0.000255 0.221342 0.007220 1.666533
0.768844 0.001614 0.002178 0.001074 0.000246 0.218822 0.007222 1.666691
0.771428 0.001578 0.002117 0.001038 0.000235 0.216379 0.007227 1.666839
0.773989 0.001557 0.002063 0.001028 0.000229 0.213903 0.007231 1.666990
0.776530 0.001536 0.002016 0.001006 0.000226 0.211452 0.007234 1.667141
0.779088 0.001489 0.001988 0.000976 0.000221 0.209002 0.007238 1.667301
0.781622 0.001467 0.001934 0.000956 0.000217 0.206565 0.007240 1.667449
0.784059 0.001450 0.001894 0.000947 0.000210 0.204197 0.007244 1.667591
0.786502 0.001421 0.001857 0.000926 0.000207 0.201843 0.007246 1.667736
0.788901 0.001400 0.001807 0.000917 0.000198 0.199530 0.007248 1.667860
0.791329 0.001361 0.001764 0.000905 0.000194 0.197198 0.007250 1.667998
0.793634 0.001335 0.001736 0.000886 0.000187 0.194969 0.007254 1.668137
0.795972 0.001312 0.001691 0.000869 0.000180 0.192719 0.007257 1.668264
0.798253 0.001300 0.001655 0.000841 0.000176 0.190516 0.007258 1.668389
0.800436 0.001275 0.001620 0.000824 0.000174 0.188411 0.007261 1.668514
0.802669 0.001238 0.001585 0.000815 0.000168 0.186260 0.007265 1.668649
0.804926 0.001204 0.001546 0.000798 0.000159 0.184097 0.007269 1.668776
0.807216 0.001179 0.001508 0.000776 0.000155 0.181897 0.007270 1.668891
0.809344 0.001179 0.001482 0.000751 0.000151 0.179821 0.007271 1.668993
0.811484 0.001181 0.001455 0.000725 0.000146 0.177735 0.007275 1.669110
0.813605 0.001147 0.001435 0.000723 0.000141 0.175670 0.007278 1.669238
0.815694 0.001133 0.001406 0.000698 0.000137 0.173651 0.007280 1.669345
0.817815 0.001112 0.001378 0.000682 0.000135 0.171597 0.007283 1.669462
0.819878 0.001100 0.001357 0.000672 0.000135 0.169575 0.007284 1.669562
0.821886 0.001097 0.001329 0.000666 0.000128 0.167609 0.007286 1.669669
0.823929 0.001075 0.001293 0.000654 0.000123 0.165638 0.007288 1.669776
0.825891 0.001059 0.001281 0.000639 0.000123 0.163718 0.007289 1.669881
0.827831 0.001050 0.001242 0.000633 0.000119 0.161835 0.007291 1.669986
0.829713 0.001024 0.001217 0.000624 0.000116 0.160013 0.007293 1.670086
0.831547 0.001019 0.001195 0.000608 0.000115 0.158223 0.007294 1.670185
0.833420 0.001000 0.001174 0.000591 0.000113 0.156407 0.007295 1.670282
0.835289 0.000983 0.001144 0.000585 0.000111 0.154594 0.007295 1.670375
0.837087 0.000966 0.001128 0.000578 0.000107 0.152838 0.007297 1.670481
0.838955 0.000959 0.001104 0.000570 0.000106 0.151010 0.007298 1.670579
0.840734 0.000940 0.001085 0.000561 0.000103 0.149278 0.007299 1.670673
0.842513 0.000931 0.001065 0.000555 0.000099 0.147538 0.007299 1.670760
0.844286 0.000924 0.001038 0.000545 0.000100 0.145808 0.007300 1.670847
0.846059 0.000893 0.001031 0.000530 0.000099 0.144088 0.007301 1.670942
0.847762 0.000886 0.001022 0.000516 0.000095 0.142416 0.007303 1.671030
0.849401 0.000871 0.001011 0.000518 0.000091 0.140803 0.007305 1.671123
0.851047 0.000856 0.000991 0.000510 0.000089 0.139201 0.007306 1.671208
0.852685 0.000857 0.000978 0.000504 0.000086 0.137583 0.007308 1.671286
0.854299 0.000854 0.000973 0.000502 0.000082 0.135979 0.007311 1.671370
0.855897 0.000855 0.000962 0.000492 0.000078 0.134403 0.007313 1.671455
0.857513 0.000845 0.000953 0.000485 0.000075 0.132816 0.007314 1.671535
0.859067 0.000836 0.000950 0.000484 0.000073 0.131275 0.007316 1.671621
0.860629 0.000821 0.000917 0.000481 0.000071 0.129764 0.007317 1.671693
0.862214 0.000795 0.000910 0.000479 0.000068 0.128215 0.007319 1.671779
0.863742 0.000783 0.000892 0.000468 0.000069 0.126726 0.007320 1.671859
0.865287 0.000774 0.000870 0.000455 0.000070 0.125225 0.007320 1.671927
0.866758 0.000768 0.000851 0.000457 0.000069 0.123778 0.007320 1.672005
0.868246 0.000755 0.000848 0.000455 0.000067 0.122309 0.007321 1.672087
0.869702 0.000737 0.000826 0.000449 0.000064 0.120898 0.007324 1.672164
0.871104 0.000730 0.000822 0.000443 0.000063 0.119516 0.007324 1.672248
0.872504 0.000720 0.000805 0.000438 0.000061 0.118145 0.007327 1.672317
0.873967 0.000713 0.000788 0.000422 0.000061 0.116723 0.007327 1.672380
0.875334 0.000700 0.000784 0.000409 0.000062 0.115385 0.007327 1.672452
0.876701 0.000691 0.000785 0.000403 0.000060 0.114033 0.007328 1.672525
0.878019 0.000691 0.000766 0.000399 0.000058 0.112738 0.007329 1.672588
0.879355 0.000667 0.000759 0.000393 0.000056 0.111441 0.007330 1.672660
0.880608 0.000669 0.000742 0.000389 0.000054 0.110207 0.007331 1.672719
0.881959 0.000658 0.000738 0.000373 0.000054 0.108888 0.007332 1.672786
0.883249 0.000642 0.000738 0.000362 0.000053 0.107624 0.007333 1.672861
0.884547 0.000637 0.000739 0.000355 0.000054 0.106336 0.007333 1.672926
0.885759 0.000630 0.000725 0.000356 0.000052 0.105146 0.007333 1.672996
0.886997 0.000619 0.000721 0.000350 0.000049 0.103932 0.007334 1.673062
0.888195 0.000608 0.000714 0.000347 0.000048 0.102754 0.007335 1.673123
0.889378 0.000621 0.000700 0.000343 0.000048 0.101575 0.007335 1.673171
0.890523 0.000617 0.000690 0.000332 0.000046 0.100457 0.007336 1.673230
0.891659 0.000623 0.000674 0.000330 0.000045 0.099333 0.007336 1.673288
0.892772 0.000613 0.000671 0.000329 0.000044 0.098235 0.007336 1.673352
0.893885 0.000601 0.000665 0.000327 0.000042 0.097142 0.007337 1.673412
0.894995 0.000584 0.000670 0.000320 0.000042 0.096052 0.007338 1.673483
0.896070 0.000574 0.000669 0.000315 0.000042 0.094993 0.007338 1.673551
0.897187 0.000562 0.000659 0.000318 0.000042 0.093895 0.007338 1.673614
0.898242 0.000570 0.000646 0.000318 0.000042 0.092843 0.007339 1.673664
0.899362 0.000566 0.000634 0.000307 0.000041 0.091752 0.007340 1.673717
0.900433 0.000567 0.000620 0.000307 0.000039 0.090695 0.007340 1.673777
0.901432 0.000567 0.000605 0.000307 0.000039 0.089711 0.007340 1.673828
0.902409 0.000576 0.000600 0.000296 0.000037 0.088740 0.007342 1.673881
0.903431 0.000569 0.000599 0.000294 0.000037 0.087728 0.007342 1.673939
0.904402 0.000571 0.000597 0.000297 0.000035 0.086757 0.007343 1.673996
0.905326 0.000571 0.000591 0.000297 0.000034 0.085839 0.007343 1.674052
0.906313 0.000566 0.000584 0.000290 0.000033 0.084872 0.007343 1.674107
0.907223 0.000577 0.000575 0.000286 0.000033 0.083963 0.007344 1.674159
0.908109 0.000571 0.000567 0.000284 0.000031 0.083094 0.007345 1.674211
0.909041 0.000552 0.000563 0.000277 0.000029 0.082193 0.007346 1.674270
0.909915 0.000545 0.000560 0.000275 0.000029 0.081331 0.007346 1.674321
0.910786 0.000544 0.000548 0.000272 0.000029 0.080475 0.007346 1.674364
0.911634 0.000541 0.000551 0.000267 0.000032 0.079629 0.007347 1.674420
0.912462 0.000533 0.000552 0.000266 0.000031 0.078810 0.007347 1.674480
0.913316 0.000531 0.000545 0.000265 0.000030 0.077966 0.007348 1.674526
0.914140 0.000523 0.000542 0.000261 0.000031 0.077157 0.007348 1.674580
0.914919 0.000536 0.000538 0.000257 0.000031 0.076373 0.007348 1.674628
0.915684 0.000532 0.000538 0.000254 0.000031 0.075614 0.007348 1.674679
0.916431 0.000536 0.000534 0.000255 0.000030 0.074867 0.007348 1.674725
0.917179 0.000532 0.000527 0.000250 0.000029 0.074135 0.007349 1.674776
0.917946 0.000521 0.000512 0.000257 0.000029 0.073387 0.007349 1.674823
0.918682 0.000517 0.000515 0.000252 0.000029 0.072657 0.007349 1.674869
0.919412 0.000512 0.000512 0.000256 0.000028 0.071932 0.007350 1.674928
0.920141 0.000513 0.000499 0.000257 0.000027 0.071212 0.007350 1.674975
0.920850 0.000508 0.000495 0.000252 0.000026 0.070519 0.007350 1.675021
0.921605 0.000483 0.000502 0.000262 0.000025 0.069773 0.007351 1.675081
0.922273 0.000486 0.000497 0.000261 0.000025 0.069108 0.007351 1.675128
0.922940 0.000478 0.000487 0.000257 0.000025 0.068463 0.007351 1.675173
0.923595 0.000478 0.000473 0.000256 0.000024 0.067823 0.007352 1.675213
0.924245 0.000476 0.000474 0.000254 0.000023 0.067176 0.007353 1.675259
0.924872 0.000478 0.000467 0.000249 0.000022 0.066560 0.007353 1.675302
0.925502 0.000467 0.000475 0.000242 0.000022 0.065939 0.007353 1.675349
0.926120 0.000458 0.000481 0.000243 0.000020 0.065325 0.007354 1.675399
0.926719 0.000450 0.000474 0.000247 0.000021 0.064734 0.007354 1.675447
0.927296 0.000444 0.000470 0.000250 0.000022 0.064163 0.007355 1.675496
0.927881 0.000438 0.000467 0.000250 0.000021 0.063589 0.007356 1.675539
0.928468 0.000433 0.000453 0.000250 0.000020 0.063020 0.007356 1.675583
0.929029 0.000430 0.000454 0.000249 0.000021 0.062462 0.007356 1.675626
0.929589 0.000427 0.000448 0.000248 0.000021 0.061911 0.007356 1.675673
0.930115 0.000437 0.000439 0.000235 0.000021 0.061397 0.007356 1.675704
0.930665 0.000438 0.000435 0.000230 0.000020 0.060856 0.007357 1.675739
0.931198 0.000432 0.000433 0.000230 0.000021 0.060330 0.007357 1.675784
0.931753 0.000421 0.000438 0.000224 0.000021 0.059788 0.007357 1.675827
0.932244 0.000411 0.000441 0.000216 0.000021 0.059311 0.007357 1.675871
0.932758 0.000410 0.000436 0.000218 0.000021 0.058801 0.007357 1.675909
0.933279 0.000402 0.000430 0.000220 0.000020 0.058292 0.007357 1.675950
0.933755 0.000404 0.000423 0.000220 0.000019 0.057822 0.007358 1.675990
0.934228 0.000412 0.000414 0.000219 0.000021 0.057350 0.007358 1.676027
0.934670 0.000413 0.000413 0.000223 0.000020 0.056903 0.007358 1.676068
0.935134 0.000408 0.000415 0.000216 0.000020 0.056450 0.007358 1.676109
0.935590 0.000402 0.000419 0.000219 0.000019 0.055992 0.007358 1.676155
0.936031 0.000399 0.000413 0.000208 0.000019 0.055571 0.007359 1.676196
0.936463 0.000405 0.000408 0.000204 0.000019 0.055142 0.007359 1.676232
0.936898 0.000411 0.000411 0.000202 0.000019 0.054700 0.007359 1.676272
0.937291 0.000402 0.000412 0.000199 0.000018 0.054319 0.007359 1.676316
0.937700 0.000395 0.000412 0.000200 0.000016 0.053916 0.007361 1.676361
0.938119 0.000403 0.000394 0.000198 0.000016 0.053509 0.007361 1.676389
0.938508 0.000396 0.000396 0.000197 0.000017 0.053126 0.007361 1.676432
0.938900 0.000406 0.000382 0.000191 0.000017 0.052744 0.007361 1.676462
0.939310 0.000404 0.000373 0.000189 0.000017 0.052345 0.007361 1.676499
0.939699 0.000407 0.000371 0.000190 0.000017 0.051954 0.007361 1.676537
0.940078 0.000401 0.000367 0.000192 0.000017 0.051584 0.007362 1.676577
0.940420 0.000401 0.000360 0.000194 0.000018 0.051244 0.007362 1.676614
0.940795 0.000394 0.000354 0.000194 0.000019 0.050882 0.007362 1.676650
0.941132 0.000397 0.000349 0.000192 0.000019 0.050550 0.007362 1.676684
0.941483 0.000396 0.000349 0.000188 0.000020 0.050202 0.007362 1.676718
0.941813 0.000396 0.000346 0.000186 0.000019 0.049877 0.007362 1.676756
0.942153 0.000396 0.000345 0.000182 0.000018 0.049542 0.007363 1.676785
0.942470 0.000389 0.000342 0.000179 0.000018 0.049240 0.007363 1.676824
0.942771 0.000395 0.000343 0.000178 0.000018 0.048932 0.007363 1.676862
0.943102 0.000392 0.000347 0.000179 0.000019 0.048598 0.007363 1.676900
0.943429 0.000395 0.000336 0.000176 0.000019 0.048282 0.007363 1.676929
0.943734 0.000394 0.000341 0.000171 0.000018 0.047978 0.007363 1.676967
0.944028 0.000388 0.000348 0.000171 0.000018 0.047684 0.007363 1.677009
0.944304 0.000379 0.000344 0.000176 0.000017 0.047417 0.007363 1.677048
0.944576 0.000373 0.000334 0.000181 0.000017 0.047156 0.007363 1.677084
0.944864 0.000364 0.000336 0.000183 0.000016 0.046874 0.007364 1.677121
0.945140 0.000350 0.000339 0.000184 0.000016 0.046608 0.007364 1.677163
0.945406 0.000349 0.000337 0.000179 0.000016 0.046349 0.007365 1.677199
0.945661 0.000340 0.000335 0.000175 0.000017 0.046108 0.007365 1.677239
0.945906 0.000342 0.000329 0.000169 0.000016 0.045873 0.007365 1.677272
0.946161 0.000333 0.000330 0.000167 0.000015 0.045628 0.007366 1.677308
0.946415 0.000325 0.000332 0.000167 0.000015 0.045380 0.007366 1.677342
0.946687 0.000326 0.000328 0.000165 0.000015 0.045114 0.007366 1.677375
0.946926 0.000324 0.000329 0.000165 0.000015 0.044875 0.007366 1.677408
0.947171 0.000315 0.000335 0.000164 0.000015 0.044632 0.007367 1.677444
0.947386 0.000319 0.000322 0.000165 0.000015 0.044425 0.007367 1.677474
0.947621 0.000314 0.000323 0.000165 0.000017 0.044192 0.007367 1.677512
0.947836 0.000315 0.000314 0.000164 0.000018 0.043985 0.007367 1.677542
0.948047 0.000311 0.000306 0.000164 0.000017 0.043785 0.007368 1.677570
0.948262 0.000310 0.000302 0.000169 0.000018 0.043572 0.007368 1.677601
0.948452 0.000313 0.000298 0.000165 0.000018 0.043385 0.007369 1.677629
0.948651 0.000311 0.000302 0.000159 0.000016 0.043192 0.007369 1.677661
0.948850 0.000307 0.000300 0.000157 0.000014 0.043001 0.007370 1.677693
0.949044 0.000312 0.000296 0.000154 0.000015 0.042810 0.007370 1.677721
0.949224 0.000310 0.000293 0.000153 0.000015 0.042636 0.007370 1.677751
0.949406 0.000308 0.000297 0.000153 0.000014 0.042453 0.007370 1.677782
0.949575 0.000305 0.000297 0.000151 0.000014 0.042288 0.007370 1.677812
0.949763 0.000307 0.000301 0.000153 0.000014 0.042093 0.007370 1.677841
0.949949 0.000311 0.000302 0.000150 0.000014 0.041905 0.007370 1.677869
0.950112 0.000310 0.000305 0.000150 0.000013 0.041741 0.007371 1.677903
0.950293 0.000310 0.000298 0.000143 0.000012 0.041573 0.007371 1.677929
0.950478 0.000302 0.000297 0.000147 0.000012 0.041394 0.007371 1.677961
0.950641 0.000298 0.000296 0.000149 0.000012 0.041235 0.007371 1.677992
0.950802 0.000297 0.000297 0.000148 0.000012 0.041073 0.007371 1.678020
0.950959 0.000298 0.000298 0.000143 0.000013 0.040919 0.007371 1.678053
0.951128 0.000285 0.000304 0.000145 0.000012 0.040755 0.007371 1.678086
0.951261 0.000290 0.000300 0.000147 0.000012 0.040620 0.007372 1.678113
0.951399 0.000301 0.000295 0.000148 0.000012 0.040473 0.007372 1.678138
0.951548 0.000305 0.000295 0.000147 0.000012 0.040321 0.007372 1.678164
0.951692 0.000312 0.000298 0.000144 0.000012 0.040171 0.007372 1.678192
0.951815 0.000320 0.000290 0.000147 0.000012 0.040045 0.007372 1.678219
0.951956 0.000315 0.000290 0.000145 0.000013 0.039908 0.007372 1.678243
0.952098 0.000307 0.000292 0.000147 0.000012 0.039771 0.007373 1.678275
0.952226 0.000301 0.000287 0.000147 0.000012 0.039654 0.007373 1.678306
0.952364 0.000299 0.000290 0.000147 0.000012 0.039516 0.007373 1.678335
0.952505 0.000295 0.000287 0.000147 0.000012 0.039382 0.007373 1.678363
0.952627 0.000285 0.000288 0.000146 0.000012 0.039269 0.007373 1.678392
0.952746 0.000283 0.000286 0.000143 0.000012 0.039158 0.007373 1.678419
0.952868 0.000282 0.000290 0.000140 0.000012 0.039035 0.007374 1.678445
0.953001 0.000271 0.000290 0.000142 0.000012 0.038911 0.007374 1.678476
0.953116 0.000276 0.000291 0.000138 0.000012 0.038794 0.007374 1.678500
0.953222 0.000281 0.000287 0.000136 0.000013 0.038688 0.007374 1.678531
0.953342 0.000280 0.000284 0.000138 0.000013 0.038570 0.007374 1.678554
0.953431 0.000284 0.000284 0.000140 0.000012 0.038476 0.007374 1.678583
0.953533 0.000287 0.000280 0.000143 0.000012 0.038371 0.007374 1.678614
0.953626 0.000284 0.000284 0.000143 0.000012 0.038278 0.007374 1.678642
0.953718 0.000281 0.000290 0.000142 0.000012 0.038182 0.007374 1.678675
0.953817 0.000278 0.000291 0.000135 0.000012 0.038092 0.007375 1.678703
0.953914 0.000280 0.000290 0.000130 0.000012 0.037999 0.007375 1.678725
0.954017 0.000288 0.000284 0.000133 0.000012 0.037891 0.007375 1.678747
0.954115 0.000280 0.000282 0.000140 0.000012 0.037797 0.007375 1.678779
0.954210 0.000281 0.000279 0.000135 0.000011 0.037709 0.007375 1.678803
0.954295 0.000286 0.000272 0.000137 0.000011 0.037623 0.007376 1.678827
0.954382 0.000283 0.000275 0.000135 0.000011 0.037538 0.007376 1.678855
0.954467 0.000277 0.000275 0.000136 0.000011 0.037459 0.007376 1.678886
0.954540 0.000282 0.000277 0.000134 0.000010 0.037381 0.007376 1.678910
0.954634 0.000286 0.000271 0.000129 0.000010 0.037295 0.007376 1.678930
0.954709 0.000295 0.000267 0.000130 0.000010 0.037214 0.007376 1.678955
0.954799 0.000294 0.000269 0.000131 0.000009 0.037121 0.007377 1.678982
0.954867 0.000291 0.000272 0.000125 0.000010 0.037057 0.007377 1.679016
0.954941 0.000298 0.000264 0.000125 0.000010 0.036985 0.007377 1.679035
0.955021 0.000291 0.000262 0.000125 0.000011 0.036913 0.007377 1.679060
0.955087 0.000287 0.000260 0.000128 0.000012 0.036850 0.007377 1.679091
0.955153 0.000287 0.000258 0.000129 0.000011 0.036786 0.007377 1.679119
0.955218 0.000293 0.000257 0.000127 0.000010 0.036718 0.007377 1.679146
0.955285 0.000286 0.000257 0.000129 0.000010 0.036656 0.007378 1.679178
0.955349 0.000291 0.000252 0.000127 0.000010 0.036593 0.007378 1.679197
0.955404 0.000287 0.000252 0.000130 0.000009 0.036540 0.007378 1.679227
0.955486 0.000276 0.000252 0.000130 0.000009 0.036468 0.007378 1.679260
0.955563 0.000277 0.000251 0.000125 0.000009 0.036398 0.007378 1.679283
0.955621 0.000276 0.000253 0.000130 0.000009 0.036333 0.007378 1.679314
0.955692 0.000266 0.000249 0.000132 0.000009 0.036273 0.007378 1.679343
0.955750 0.000271 0.000251 0.000131 0.000010 0.036208 0.007378 1.679367
0.955806 0.000267 0.000255 0.000128 0.000010 0.036157 0.007378 1.679399
0.955871 0.000275 0.000250 0.000129 0.000010 0.036088 0.007379 1.679424
0.955930 0.000268 0.000249 0.000131 0.000010 0.036033 0.007379 1.679454
0.955977 0.000277 0.000247 0.000130 0.000010 0.035981 0.007379 1.679476
0.956046 0.000264 0.000257 0.000134 0.000009 0.035913 0.007379 1.679509
0.956103 0.000255 0.000255 0.000135 0.000009 0.035865 0.007379 1.679539
0.956153 0.000257 0.000261 0.000137 0.000009 0.035805 0.007379 1.679568
0.956214 0.000247 0.000260 0.000141 0.000010 0.035749 0.007379 1.679597
0.956263 0.000255 0.000252 0.000139 0.000011 0.035703 0.007379 1.679621
0.956311 0.000254 0.000258 0.000136 0.000011 0.035652 0.007379 1.679650
0.956371 0.000254 0.000258 0.000135 0.000010 0.035594 0.007379 1.679672
0.956425 0.000247 0.000262 0.000138 0.000009 0.035540 0.007380 1.679701
0.956472 0.000247 0.000258 0.000136 0.000009 0.035499 0.007380 1.679722
0.956516 0.000244 0.000261 0.000137 0.000009 0.035454 0.007380 1.679750
0.956561 0.000243 0.000255 0.000131 0.000008 0.035424 0.007380 1.679772
0.956604 0.000242 0.000252 0.000127 0.000008 0.035387 0.007380 1.679796
0.956659 0.000243 0.000249 0.000130 0.000008 0.035332 0.007380 1.679816
0.956708 0.000234 0.000257 0.000129 0.000009 0.035284 0.007380 1.679847
0.956746 0.000234 0.000255 0.000126 0.000008 0.035251 0.007380 1.679872
0.956782 0.000237 0.000251 0.000127 0.000008 0.035214 0.007380 1.679895
0.956830 0.000231 0.000243 0.000129 0.000008 0.035179 0.007380 1.679916
0.956876 0.000230 0.000244 0.000128 0.000008 0.035133 0.007381 1.679941
0.956922 0.000228 0.000238 0.000126 0.000007 0.035098 0.007381 1.679962
0.956969 0.000228 0.000238 0.000122 0.000007 0.035056 0.007381 1.679979
0.957009 0.000231 0.000238 0.000122 0.000007 0.035013 0.007381 1.680001
0.957047 0.000231 0.000244 0.000114 0.000007 0.034977 0.007381 1.680025
0.957092 0.000227 0.000244 0.000114 0.000007 0.034936 0.007381 1.680049
0.957137 0.000224 0.000237 0.000115 0.000007 0.034900 0.007381 1.680071
0.957183 0.000219 0.000235 0.000112 0.000008 0.034862 0.007381 1.680094
0.957220 0.000213 0.000230 0.000115 0.000008 0.034834 0.007381 1.680117
0.957272 0.000213 0.000224 0.000114 0.000008 0.034790 0.007381 1.680133
0.957309 0.000208 0.000223 0.000116 0.000008 0.034756 0.007381 1.680153
0.957357 0.000204 0.000217 0.000115 0.000009 0.034719 0.007381 1.680173
0.957403 0.000197 0.000218 0.000111 0.000008 0.034683 0.007381 1.680196
0.957440 0.000199 0.000209 0.000113 0.000008 0.034651 0.007381 1.680212
0.957479 0.000198 0.000203 0.000102 0.000009 0.034631 0.007381 1.680230
0.957509 0.000200 0.000201 0.000101 0.000008 0.034600 0.007381 1.680253
0.957551 0.000200 0.000195 0.000098 0.000008 0.034567 0.007381 1.680269
0.957581 0.000200 0.000194 0.000100 0.000009 0.034535 0.007381 1.680289
0.957626 0.000198 0.000192 0.000099 0.000008 0.034496 0.007382 1.680307
0.957670 0.000195 0.000187 0.000097 0.000008 0.034462 0.007382 1.680324
0.957709 0.000186 0.000192 0.000095 0.000008 0.034429 0.007382 1.680345
0.957755 0.000185 0.000192 0.000092 0.000008 0.034387 0.007382 1.680359
0.957797 0.000179 0.000193 0.000093 0.000009 0.034347 0.007382 1.680379
0.957829 0.000183 0.000191 0.000091 0.000008 0.034316 0.007382 1.680394
0.957860 0.000180 0.000189 0.000089 0.000008 0.034292 0.007382 1.680413
0.957891 0.000182 0.000188 0.000090 0.000008 0.034260 0.007382 1.680430
0.957918 0.000183 0.000188 0.000089 0.000007 0.034233 0.007382 1.680448
0.957945 0.000178 0.000186 0.000088 0.000007 0.034214 0.007382 1.680470
0.957975 0.000175 0.000190 0.000083 0.000007 0.034187 0.007382 1.680488
0.957999 0.000177 0.000189 0.000081 0.000008 0.034165 0.007382 1.680502
0.958036 0.000172 0.000190 0.000080 0.000007 0.034133 0.007382 1.680522
0.958072 0.000170 0.000184 0.000082 0.000007 0.034101 0.007382 1.680541
0.958109 0.000165 0.000184 0.000081 0.000006 0.034072 0.007383 1.680560
0.958140 0.000168 0.000183 0.000078 0.000006 0.034043 0.007383 1.680573
0.958176 0.000168 0.000180 0.000081 0.000006 0.034007 0.007383 1.680589
0.958216 0.000164 0.000178 0.000084 0.000005 0.033970 0.007383 1.680605
0.958243 0.000159 0.000175 0.000088 0.000005 0.033949 0.007383 1.680624
0.958276 0.000160 0.000169 0.000086 0.000005 0.033922 0.007383 1.680637
0.958303 0.000155 0.000174 0.000080 0.000006 0.033901 0.007384 1.680654
0.958339 0.000155 0.000169 0.000077 0.000005 0.033872 0.007384 1.680665
0.958360 0.000152 0.000166 0.000078 0.000005 0.033855 0.007384 1.680681
0.958378 0.000156 0.000160 0.000076 0.000005 0.033842 0.007384 1.680694
0.958407 0.000158 0.000163 0.000077 0.000005 0.033807 0.007384 1.680709
0.958428 0.000159 0.000161 0.000075 0.000005 0.033789 0.007384 1.680724
0.958452 0.000161 0.000158 0.000075 0.000005 0.033766 0.007384 1.680735
0.958474 0.000163 0.000151 0.000077 0.000005 0.033747 0.007385 1.680748
0.958492 0.000165 0.000150 0.000072 0.000005 0.033732 0.007385 1.680761
0.958508 0.000164 0.000155 0.000074 0.000005 0.033710 0.007385 1.680778
0.958529 0.000169 0.000156 0.000071 0.000004 0.033686 0.007385 1.680792
0.958550 0.000167 0.000158 0.000075 0.000005 0.033660 0.007385 1.680811
0.958576 0.000163 0.000166 0.000073 0.000004 0.033633 0.007386 1.680832
0.958594 0.000164 0.000157 0.000074 0.000004 0.033621 0.007386 1.680847
0.958611 0.000164 0.000155 0.000075 0.000004 0.033605 0.007386 1.680863
0.958624 0.000164 0.000156 0.000075 0.000004 0.033591 0.007386 1.680879
0.958635 0.000163 0.000158 0.000076 0.000004 0.033578 0.007386 1.680896
0.958652 0.000162 0.000154 0.000072 0.000005 0.033570 0.007386 1.680909
0.958675 0.000157 0.000149 0.000071 0.000005 0.033557 0.007386 1.680926
0.958699 0.000147 0.000151 0.000075 0.000005 0.033537 0.007386 1.680944
0.958719 0.000148 0.000151 0.000074 0.000005 0.033517 0.007386 1.680957
0.958739 0.000145 0.000153 0.000072 0.000004 0.033501 0.007387 1.680973
0.958757 0.000148 0.000150 0.000074 0.000005 0.033479 0.007387 1.680987
0.958776 0.000146 0.000148 0.000077 0.000004 0.033464 0.007387 1.681001
0.958801 0.000143 0.000146 0.000076 0.000004 0.033443 0.007387 1.681016
0.958815 0.000141 0.000148 0.000076 0.000004 0.033430 0.007387 1.681034
0.958828 0.000141 0.000150 0.000075 0.000005 0.033415 0.007387 1.681047
0.958850 0.000140 0.000150 0.000073 0.000005 0.033396 0.007387 1.681061
0.958857 0.000136 0.000149 0.000078 0.000004 0.033390 0.007387 1.681081
0.958871 0.000136 0.000150 0.000075 0.000005 0.033376 0.007387 1.681095
0.958888 0.000141 0.000148 0.000074 0.000005 0.033359 0.007387 1.681106
0.958898 0.000147 0.000148 0.000075 0.000005 0.033341 0.007387 1.681119
0.958918 0.000143 0.000142 0.000081 0.000005 0.033324 0.007387 1.681137
0.958929 0.000149 0.000142 0.000080 0.000005 0.033309 0.007387 1.681149
0.958945 0.000152 0.000138 0.000079 0.000005 0.033296 0.007387 1.681162
0.958960 0.000149 0.000133 0.000078 0.000005 0.033289 0.007387 1.681176
0.958975 0.000146 0.000133 0.000078 0.000005 0.033277 0.007387 1.681191
0.958988 0.000148 0.000131 0.000075 0.000005 0.033268 0.007387 1.681202
0.959002 0.000150 0.000128 0.000072 0.000005 0.033258 0.007387 1.681215
0.959025 0.000148 0.000131 0.000070 0.000005 0.033235 0.007387 1.681231
0.959037 0.000144 0.000131 0.000074 0.000004 0.033223 0.007387 1.681245
0.959049 0.000147 0.000130 0.000074 0.000004 0.033209 0.007387 1.681260
0.959053 0.000149 0.000133 0.000073 0.000004 0.033202 0.007387 1.681276
0.959069 0.000148 0.000136 0.000073 0.000004 0.033184 0.007387 1.681289
0.959088 0.000154 0.000133 0.000068 0.000005 0.033166 0.007387 1.681299
0.959101 0.000149 0.000139 0.000067 0.000005 0.033154 0.007387 1.681319
0.959112 0.000147 0.000142 0.000066 0.000005 0.033141 0.007387 1.681336
0.959122 0.000139 0.000145 0.000065 0.000005 0.033138 0.007387 1.681356
0.959132 0.000145 0.000145 0.000060 0.000005 0.033128 0.007387 1.681367
0.959141 0.000146 0.000141 0.000059 0.000005 0.033121 0.007387 1.681380
0.959155 0.000142 0.000142 0.000059 0.000005 0.033110 0.007387 1.681396
0.959166 0.000139 0.000137 0.000056 0.000005 0.033110 0.007387 1.681410
0.959182 0.000138 0.000136 0.000059 0.000005 0.033094 0.007387 1.681423
0.959185 0.000145 0.000132 0.000060 0.000005 0.033087 0.007387 1.681434
0.959199 0.000147 0.000128 0.000059 0.000004 0.033076 0.007387 1.681446
0.959215 0.000139 0.000125 0.000062 0.000004 0.033068 0.007387 1.681463
0.959229 0.000139 0.000126 0.000061 0.000004 0.033056 0.007387 1.681478
0.959245 0.000134 0.000126 0.000062 0.000004 0.033043 0.007387 1.681491
0.959259 0.000138 0.000122 0.000062 0.000004 0.033028 0.007387 1.681500
0.959274 0.000134 0.000124 0.000061 0.000003 0.033017 0.007387 1.681515
0.959288 0.000129 0.000124 0.000061 0.000003 0.033007 0.007387 1.681531
0.959298 0.000128 0.000116 0.000060 0.000003 0.033007 0.007388 1.681544
0.959310 0.000124 0.000114 0.000059 0.000003 0.033002 0.007388 1.681555
0.959324 0.000119 0.000116 0.000058 0.000002 0.032994 0.007388 1.681568
0.959338 0.000122 0.000115 0.000058 0.000002 0.032978 0.007388 1.681578
0.959350 0.000122 0.000113 0.000059 0.000002 0.032966 0.007388 1.681588
0.959360 0.000121 0.000111 0.000056 0.000003 0.032963 0.007388 1.681598
0.959365 0.000117 0.000118 0.000055 0.000003 0.032954 0.007388 1.681613
0.959379 0.000117 0.000117 0.000053 0.000003 0.032944 0.007388 1.681625
0.959391 0.000115 0.000115 0.000053 0.000003 0.032937 0.007388 1.681636
0.959402 0.000117 0.000114 0.000053 0.000003 0.032924 0.007388 1.681644
0.959422 0.000114 0.000113 0.000051 0.000003 0.032908 0.007388 1.681653
0.959428 0.000118 0.000112 0.000051 0.000003 0.032900 0.007389 1.681662
0.959433 0.000120 0.000114 0.000053 0.000003 0.032890 0.007389 1.681674
0.959453 0.000122 0.000110 0.000053 0.000003 0.032870 0.007389 1.681686
0.959469 0.000119 0.000111 0.000053 0.000003 0.032855 0.007389 1.681698
0.959484 0.000117 0.000106 0.000057 0.000003 0.032845 0.007389 1.681711
0.959491 0.000115 0.000108 0.000053 0.000003 0.032841 0.007389 1.681723
0.959500 0.000117 0.000109 0.000056 0.000003 0.032827 0.007389 1.681733
0.959509 0.000119 0.000109 0.000054 0.000003 0.032817 0.007389 1.681744
0.959513 0.000116 0.000113 0.000056 0.000003 0.032810 0.007389 1.681761
0.959521 0.000116 0.000114 0.000058 0.000003 0.032799 0.007389 1.681773
0.959527 0.000116 0.000118 0.000056 0.000004 0.032790 0.007389 1.681786
0.959535 0.000116 0.000116 0.000061 0.000004 0.032780 0.007389 1.681798
0.959536 0.000124 0.000115 0.000059 0.000004 0.032773 0.007389 1.681808
0.959540 0.000123 0.000116 0.000061 0.000005 0.032767 0.007389 1.681824
0.959550 0.000125 0.000117 0.000060 0.000005 0.032754 0.007389 1.681836
0.959561 0.000125 0.000114 0.000060 0.000005 0.032746 0.007389 1.681846
0.959575 0.000121 0.000114 0.000059 0.000006 0.032737 0.007389 1.681857
0.959575 0.000120 0.000116 0.000059 0.000006 0.032735 0.007389 1.681874
0.959580 0.000118 0.000124 0.000059 0.000006 0.032725 0.007389 1.681889
0.959588 0.000110 0.000125 0.000061 0.000006 0.032721 0.007389 1.681906
0.959595 0.000110 0.000116 0.000057 0.000006 0.032726 0.007389 1.681915
0.959599 0.000119 0.000115 0.000058 0.000006 0.032713 0.007390 1.681922
0.959606 0.000117 0.000111 0.000059 0.000006 0.032710 0.007390 1.681937
0.959611 0.000119 0.000109 0.000058 0.000006 0.032707 0.007390 1.681946
0.959627 0.000117 0.000112 0.000056 0.000006 0.032692 0.007390 1.681959
0.959632 0.000119 0.000116 0.000055 0.000006 0.032682 0.007390 1.681970
0.959636 0.000121 0.000117 0.000052 0.000005 0.032680 0.007390 1.681981
0.959639 0.000122 0.000117 0.000053 0.000005 0.032675 0.007390 1.681991
0.959646 0.000122 0.000117 0.000051 0.000005 0.032668 0.007390 1.682002
0.959655 0.000120 0.000121 0.000053 0.000006 0.032657 0.007390 1.682014
0.959657 0.000121 0.000117 0.000058 0.000006 0.032653 0.007390 1.682028
0.959663 0.000124 0.000116 0.000056 0.000006 0.032646 0.007390 1.682039
0.959669 0.000120 0.000115 0.000056 0.000006 0.032646 0.007390 1.682052
0.959673 0.000117 0.000115 0.000057 0.000005 0.032644 0.007390 1.682067
0.959675 0.000118 0.000114 0.000056 0.000005 0.032643 0.007390 1.682079
0.959672 0.000123 0.000115 0.000052 0.000004 0.032642 0.007391 1.682086
0.959676 0.000120 0.000114 0.000058 0.000004 0.032639 0.007391 1.682101
0.959683 0.000122 0.000114 0.000056 0.000005 0.032629 0.007391 1.682111
0.959686 0.000123 0.000110 0.000058 0.000004 0.032629 0.007391 1.682123
0.959693 0.000120 0.000110 0.000059 0.000004 0.032625 0.007391 1.682140
0.959699 0.000117 0.000108 0.000058 0.000003 0.032623 0.007391 1.682152
0.959698 0.000119 0.000108 0.000062 0.000003 0.032618 0.007391 1.682164
0.959705 0.000118 0.000107 0.000058 0.000003 0.032619 0.007391 1.682174
0.959712 0.000119 0.000106 0.000059 0.000003 0.032610 0.007391 1.682184
0.959715 0.000120 0.000107 0.000058 0.000003 0.032606 0.007391 1.682194
0.959716 0.000119 0.000112 0.000059 0.000003 0.032599 0.007391 1.682207
0.959718 0.000122 0.000111 0.000057 0.000003 0.032598 0.007391 1.682216
0.959724 0.000122 0.000108 0.000058 0.000003 0.032595 0.007391 1.682226
0.959724 0.000125 0.000103 0.000058 0.000002 0.032597 0.007391 1.682234
0.959721 0.000130 0.000104 0.000057 0.000002 0.032594 0.007391 1.682244
0.959724 0.000134 0.000101 0.000060 0.000002 0.032590 0.007391 1.682255
0.959725 0.000132 0.000097 0.000058 0.000002 0.032594 0.007391 1.682266
0.959728 0.000130 0.000094 0.000059 0.000002 0.032596 0.007391 1.682276
0.959733 0.000129 0.000093 0.000059 0.000002 0.032593 0.007392 1.682288
0.959743 0.000123 0.000094 0.000056 0.000003 0.032590 0.007392 1.682302
0.959741 0.000125 0.000097 0.000058 0.000002 0.032586 0.007392 1.682315
0.959743 0.000118 0.000100 0.000059 0.000002 0.032585 0.007392 1.682331
0.959748 0.000121 0.000098 0.000060 0.000002 0.032579 0.007392 1.682339
0.959750 0.000118 0.000102 0.000062 0.000003 0.032575 0.007392 1.682353
0.959760 0.000118 0.000104 0.000061 0.000002 0.032564 0.007392 1.682361
0.959763 0.000117 0.000102 0.000061 0.000002 0.032563 0.007392 1.682374
0.959768 0.000117 0.000102 0.000058 0.000003 0.032560 0.007392 1.682383
0.959774 0.000115 0.000102 0.000058 0.000003 0.032557 0.007392 1.682396
0.959779 0.000114 0.000101 0.000058 0.000003 0.032553 0.007392 1.682405
0.959777 0.000116 0.000104 0.000057 0.000003 0.032552 0.007392 1.682417
0.959777 0.000113 0.000102 0.000060 0.000003 0.032553 0.007392 1.682429
0.959777 0.000111 0.000106 0.000059 0.000002 0.032552 0.007393 1.682440
0.959779 0.000114 0.000104 0.000058 0.000002 0.032551 0.007393 1.682451
0.959792 0.000106 0.000101 0.000058 0.000003 0.032548 0.007393 1.682463
0.959800 0.000101 0.000100 0.000058 0.000003 0.032546 0.007393 1.682475
0.959801 0.000105 0.000103 0.000056 0.000003 0.032540 0.007393 1.682484
0.959803 0.000102 0.000102 0.000057 0.000002 0.032542 0.007393 1.682497
0.959805 0.000100 0.000100 0.000059 0.000002 0.032543 0.007393 1.682508
0.959805 0.000101 0.000101 0.000059 0.000003 0.032539 0.007393 1.682519
0.959807 0.000099 0.000104 0.000059 0.000003 0.032535 0.007393 1.682531
0.959807 0.000100 0.000102 0.000056 0.000003 0.032539 0.007393 1.682542
0.959812 0.000096 0.000099 0.000055 0.000003 0.032543 0.007393 1.682554
0.959813 0.000092 0.000103 0.000053 0.000003 0.032544 0.007393 1.682567
0.959816 0.000093 0.000097 0.000052 0.000003 0.032545 0.007393 1.682575
0.959820 0.000092 0.000099 0.000053 0.000003 0.032540 0.007393 1.682588
0.959825 0.000090 0.000100 0.000052 0.000003 0.032538 0.007393 1.682597
0.959829 0.000089 0.000098 0.000054 0.000003 0.032535 0.007393 1.682606
0.959831 0.000087 0.000100 0.000053 0.000003 0.032534 0.007393 1.682617
0.959835 0.000088 0.000097 0.000052 0.000003 0.032531 0.007393 1.682624
0.959839 0.000092 0.000095 0.000049 0.000004 0.032529 0.007393 1.682631
0.959844 0.000090 0.000095 0.000047 0.000004 0.032526 0.007393 1.682640
0.959849 0.000090 0.000092 0.000048 0.000003 0.032525 0.007393 1.682649
0.959854 0.000091 0.000088 0.000049 0.000003 0.032523 0.007393 1.682656
0.959861 0.000088 0.000086 0.000047 0.000002 0.032523 0.007394 1.682666
0.959865 0.000086 0.000087 0.000047 0.000003 0.032519 0.007394 1.682675
0.959870 0.000084 0.000085 0.000046 0.000003 0.032519 0.007394 1.682681
0.959872 0.000084 0.000086 0.000044 0.000003 0.032518 0.007394 1.682691
0.959870 0.000087 0.000086 0.000041 0.000003 0.032520 0.007394 1.682698
0.959875 0.000084 0.000085 0.000043 0.000003 0.032517 0.007394 1.682709
0.959878 0.000082 0.000082 0.000044 0.000003 0.032518 0.007394 1.682719
