0.368487 0.062547 0.054767 0.031534 0.001990 0.475094 0.005582 1.552843
0.369932 0.060984 0.054821 0.031420 0.001990 0.475249 0.005605 1.558905
0.371861 0.059151 0.054774 0.031260 0.002000 0.475321 0.005633 1.564803
0.373986 0.057325 0.054332 0.031077 0.002017 0.475605 0.005659 1.570468
0.376367 0.055373 0.054131 0.030829 0.002016 0.475600 0.005685 1.576019
0.379009 0.053437 0.053736 0.030479 0.002023 0.475609 0.005705 1.581301
0.381628 0.051650 0.053182 0.030078 0.002009 0.475722 0.005731 1.586381
0.384452 0.049791 0.052728 0.029802 0.002011 0.475465 0.005752 1.591372
0.387406 0.048020 0.052170 0.029403 0.002002 0.475224 0.005777 1.596202
0.390433 0.046351 0.051465 0.028934 0.002007 0.475013 0.005798 1.600805
0.393444 0.044806 0.050623 0.028441 0.001981 0.474866 0.005839 1.605266
0.396574 0.043315 0.049836 0.027888 0.001986 0.474542 0.005860 1.609600
0.399781 0.041925 0.048995 0.027315 0.001984 0.474117 0.005884 1.613777
0.402877 0.040695 0.048155 0.026766 0.001980 0.473611 0.005916 1.617771
0.406121 0.039418 0.047240 0.026229 0.001975 0.473078 0.005941 1.621726
0.409288 0.038259 0.046302 0.025727 0.001952 0.472504 0.005968 1.625541
0.412545 0.037131 0.045360 0.025296 0.001937 0.471738 0.005993 1.629233
0.415980 0.036061 0.044417 0.024819 0.001933 0.470772 0.006018 1.632828
0.419387 0.035062 0.043495 0.024292 0.001910 0.469802 0.006053 1.636289
0.422796 0.034059 0.042597 0.023824 0.001908 0.468743 0.006072 1.639706
0.426175 0.033245 0.041655 0.023290 0.001899 0.467637 0.006100 1.642922
0.429589 0.032416 0.040732 0.022799 0.001890 0.466452 0.006123 1.646156
0.433132 0.031661 0.039890 0.022231 0.001865 0.465071 0.006151 1.649260
0.436702 0.030821 0.039054 0.021828 0.001854 0.463566 0.006176 1.652365
0.440218 0.030139 0.038238 0.021235 0.001842 0.462132 0.006196 1.655273
0.443730 0.029413 0.037417 0.020770 0.001825 0.460617 0.006227 1.658248
0.447223 0.028704 0.036639 0.020276 0.001805 0.459103 0.006252 1.661154
0.450772 0.028113 0.035858 0.019862 0.001793 0.457334 0.006269 1.663911
0.454291 0.027525 0.035131 0.019404 0.001779 0.455580 0.006290 1.666676
0.457857 0.027003 0.034396 0.018980 0.001759 0.453688 0.006317 1.669369
0.461264 0.026524 0.033682 0.018547 0.001734 0.451906 0.006342 1.672001
0.464871 0.025973 0.032995 0.018173 0.001709 0.449912 0.006366 1.674643
0.468467 0.025536 0.032340 0.017733 0.001697 0.447839 0.006388 1.677146
0.472056 0.025126 0.031645 0.017395 0.001672 0.445699 0.006407 1.679600
0.475550 0.024674 0.031050 0.017002 0.001662 0.443636 0.006426 1.682080
0.479172 0.024288 0.030429 0.016657 0.001657 0.441353 0.006445 1.684499
0.482776 0.023958 0.029780 0.016319 0.001630 0.439073 0.006464 1.686839
0.486282 0.023516 0.029242 0.015986 0.001600 0.436888 0.006486 1.689225
0.489677 0.023317 0.028649 0.015596 0.001587 0.434668 0.006506 1.691440
0.493130 0.023096 0.028071 0.015293 0.001556 0.432328 0.006526 1.693669
0.496568 0.022796 0.027578 0.015027 0.001531 0.429952 0.006548 1.695986
0.500006 0.022537 0.027093 0.014752 0.001496 0.427548 0.006567 1.698198
0.503484 0.022204 0.026624 0.014492 0.001477 0.425134 0.006584 1.700422
0.506913 0.021945 0.026132 0.014207 0.001450 0.422754 0.006601 1.702594
0.510104 0.021769 0.025700 0.014009 0.001427 0.420373 0.006619 1.704755
0.513437 0.021529 0.025272 0.013813 0.001410 0.417899 0.006640 1.706930
0.516746 0.021487 0.024762 0.013544 0.001389 0.415411 0.006662 1.708952
0.520061 0.021296 0.024376 0.013299 0.001372 0.412909 0.006686 1.711035
0.523348 0.021124 0.023954 0.013089 0.001362 0.410424 0.006699 1.713078
0.526640 0.020926 0.023591 0.012913 0.001333 0.407877 0.006721 1.715126
0.529912 0.020712 0.023210 0.012713 0.001308 0.405408 0.006736 1.717177
0.533004 0.020623 0.022872 0.012539 0.001300 0.402910 0.006752 1.719201
0.536151 0.020523 0.022531 0.012369 0.001273 0.400383 0.006769 1.721161
0.539211 0.020419 0.022230 0.012200 0.001259 0.397897 0.006785 1.723166
0.542256 0.020260 0.021948 0.012095 0.001243 0.395402 0.006795 1.725178
0.545326 0.020150 0.021682 0.011944 0.001231 0.392861 0.006807 1.727140
0.548359 0.020056 0.021435 0.011838 0.001202 0.390286 0.006825 1.729123
0.551341 0.019914 0.021233 0.011684 0.001184 0.387804 0.006840 1.731124
0.554343 0.019791 0.021002 0.011548 0.001168 0.385294 0.006855 1.733126
0.557209 0.019729 0.020786 0.011401 0.001153 0.382850 0.006874 1.735084
0.560127 0.019703 0.020565 0.011282 0.001127 0.380308 0.006888 1.737012
0.562901 0.019720 0.020319 0.011167 0.001123 0.377867 0.006902 1.738925
0.565768 0.019641 0.020107 0.011024 0.001112 0.375433 0.006915 1.740832
0.568512 0.019679 0.019885 0.010840 0.001096 0.373056 0.006931 1.742742
0.571246 0.019650 0.019697 0.010771 0.001078 0.370608 0.006950 1.744658
0.574057 0.019550 0.019544 0.010712 0.001059 0.368114 0.006963 1.746607
0.576754 0.019522 0.019375 0.010633 0.001043 0.365697 0.006977 1.748496
0.579418 0.019474 0.019198 0.010540 0.001024 0.363358 0.006989 1.750401
0.582127 0.019476 0.019039 0.010455 0.001010 0.360893 0.007000 1.752312
0.584729 0.019481 0.018896 0.010374 0.000996 0.358506 0.007018 1.754182
0.587353 0.019428 0.018770 0.010308 0.000983 0.356127 0.007032 1.756114
0.589866 0.019390 0.018713 0.010240 0.000968 0.353782 0.007042 1.758094
0.592366 0.019426 0.018617 0.010181 0.000954 0.351402 0.007054 1.759948
0.594743 0.019466 0.018519 0.010110 0.000942 0.349153 0.007068 1.761823
0.597286 0.019475 0.018409 0.010065 0.000934 0.346748 0.007082 1.763700
0.599733 0.019448 0.018359 0.009986 0.000923 0.344457 0.007094 1.765654
0.602112 0.019460 0.018305 0.009942 0.000916 0.342156 0.007108 1.767554
0.604411 0.019452 0.018187 0.009938 0.000901 0.339994 0.007118 1.769473
0.606726 0.019470 0.018121 0.009888 0.000903 0.337764 0.007127 1.771382
0.609010 0.019461 0.018068 0.009868 0.000888 0.335562 0.007143 1.773321
0.611157 0.019503 0.017988 0.009832 0.000878 0.333488 0.007154 1.775237
0.613347 0.019534 0.017943 0.009831 0.000869 0.331308 0.007170 1.777174
0.615484 0.019566 0.017886 0.009831 0.000857 0.329199 0.007178 1.779096
0.617605 0.019612 0.017889 0.009835 0.000853 0.327024 0.007184 1.781032
0.619686 0.019661 0.017836 0.009821 0.000846 0.324959 0.007191 1.782937
0.621746 0.019707 0.017785 0.009858 0.000841 0.322864 0.007199 1.784893
0.623758 0.019760 0.017840 0.009806 0.000823 0.320802 0.007212 1.786818
0.625899 0.019752 0.017875 0.009803 0.000822 0.318633 0.007217 1.788809
0.627843 0.019848 0.017832 0.009776 0.000819 0.316656 0.007227 1.790724
0.629753 0.019893 0.017821 0.009748 0.000810 0.314736 0.007240 1.792662
0.631533 0.020025 0.017796 0.009755 0.000798 0.312840 0.007255 1.794626
0.633387 0.020082 0.017790 0.009733 0.000786 0.310956 0.007267 1.796577
0.635144 0.020148 0.017803 0.009742 0.000780 0.309104 0.007279 1.798558
0.636935 0.020207 0.017868 0.009732 0.000778 0.307197 0.007285 1.800570
0.638635 0.020289 0.017906 0.009667 0.000764 0.305441 0.007298 1.802567
0.640338 0.020409 0.017949 0.009641 0.000766 0.303591 0.007306 1.804547
0.641948 0.020531 0.017979 0.009654 0.000762 0.301812 0.007315 1.806548
0.643538 0.020672 0.018024 0.009617 0.000756 0.300068 0.007325 1.808540
0.645182 0.020758 0.018011 0.009658 0.000751 0.298307 0.007333 1.810545
0.646819 0.020808 0.018126 0.009681 0.000748 0.296473 0.007344 1.812628
0.648350 0.020990 0.018173 0.009706 0.000751 0.294676 0.007355 1.814649
0.649816 0.021051 0.018200 0.009695 0.000738 0.293133 0.007367 1.816689
0.651288 0.021168 0.018209 0.009707 0.000742 0.291508 0.007379 1.818701
0.652671 0.021359 0.018202 0.009724 0.000729 0.289924 0.007392 1.820743
0.654125 0.021486 0.018261 0.009735 0.000717 0.288273 0.007402 1.822819
0.655452 0.021614 0.018316 0.009824 0.000712 0.286672 0.007411 1.824944
0.656799 0.021705 0.018335 0.009870 0.000714 0.285155 0.007422 1.827053
0.658054 0.021851 0.018454 0.009913 0.000709 0.283587 0.007433 1.829200
0.659283 0.021913 0.018560 0.009963 0.000713 0.282127 0.007442 1.831403
0.660470 0.022086 0.018595 0.010023 0.000703 0.280673 0.007451 1.833540
0.661729 0.022091 0.018676 0.010048 0.000703 0.279292 0.007461 1.835738
0.662908 0.022271 0.018744 0.010112 0.000701 0.277798 0.007467 1.837919
0.664057 0.022392 0.018823 0.010156 0.000701 0.276395 0.007477 1.840099
0.665176 0.022468 0.018944 0.010179 0.000704 0.275043 0.007487 1.842322
0.666252 0.022629 0.018979 0.010224 0.000709 0.273711 0.007497 1.844483
0.667276 0.022794 0.019034 0.010302 0.000710 0.272379 0.007506 1.846693
0.668325 0.022951 0.019069 0.010358 0.000709 0.271071 0.007516 1.848925
0.669320 0.023103 0.019165 0.010396 0.000709 0.269785 0.007524 1.851177
0.670229 0.023244 0.019235 0.010467 0.000702 0.268589 0.007535 1.853462
0.671158 0.023353 0.019305 0.010576 0.000698 0.267367 0.007543 1.855739
0.672060 0.023455 0.019402 0.010620 0.000697 0.266212 0.007552 1.858076
0.672994 0.023496 0.019499 0.010687 0.000697 0.265062 0.007565 1.860424
0.673895 0.023655 0.019548 0.010727 0.000687 0.263909 0.007579 1.862717
0.674756 0.023750 0.019731 0.010738 0.000694 0.262744 0.007587 1.865088
0.675497 0.023864 0.019843 0.010779 0.000701 0.261721 0.007595 1.867468
0.676209 0.024070 0.019970 0.010825 0.000695 0.260626 0.007605 1.869816
0.676862 0.024206 0.020086 0.010889 0.000694 0.259649 0.007614 1.872223
0.677475 0.024438 0.020178 0.010908 0.000692 0.258683 0.007625 1.874561
0.678087 0.024573 0.020363 0.010953 0.000692 0.257702 0.007630 1.876996
0.678797 0.024705 0.020513 0.011010 0.000696 0.256642 0.007638 1.879428
0.679351 0.024957 0.020669 0.011056 0.000687 0.255632 0.007649 1.881830
0.679957 0.025160 0.020737 0.011135 0.000684 0.254666 0.007662 1.884253
0.680547 0.025305 0.020876 0.011187 0.000688 0.253726 0.007673 1.886761
0.680983 0.025482 0.021049 0.011287 0.000692 0.252825 0.007683 1.889255
0.681316 0.025795 0.021114 0.011306 0.000693 0.252085 0.007692 1.891682
0.681862 0.025911 0.021267 0.011397 0.000703 0.251160 0.007700 1.894198
0.682264 0.026027 0.021426 0.011498 0.000704 0.250372 0.007709 1.896800
0.682664 0.026165 0.021535 0.011578 0.000712 0.249634 0.007715 1.899388
0.683076 0.026347 0.021614 0.011606 0.000722 0.248911 0.007725 1.901921
0.683385 0.026563 0.021721 0.011703 0.000720 0.248174 0.007735 1.904509
0.683695 0.026749 0.021877 0.011777 0.000724 0.247434 0.007744 1.907117
0.684028 0.026917 0.022052 0.011841 0.000719 0.246692 0.007752 1.909724
0.684340 0.027060 0.022217 0.011895 0.000723 0.246006 0.007760 1.912342
0.684596 0.027216 0.022376 0.011954 0.000729 0.245363 0.007766 1.915001
0.684775 0.027380 0.022568 0.012034 0.000737 0.244730 0.007775 1.917712
0.684996 0.027573 0.022645 0.012091 0.000740 0.244173 0.007782 1.920315
0.685169 0.027775 0.022734 0.012142 0.000734 0.243657 0.007789 1.922988
0.685298 0.027961 0.022871 0.012228 0.000725 0.243118 0.007799 1.925714
0.685446 0.028035 0.023024 0.012335 0.000721 0.242624 0.007816 1.928448
0.685539 0.028152 0.023247 0.012441 0.000717 0.242080 0.007826 1.931269
0.685650 0.028289 0.023375 0.012501 0.000717 0.241632 0.007835 1.933994
0.685760 0.028394 0.023524 0.012598 0.000722 0.241156 0.007845 1.936794
0.685812 0.028638 0.023675 0.012622 0.000722 0.240676 0.007854 1.939537
0.685711 0.028841 0.023839 0.012691 0.000729 0.240325 0.007864 1.942329
0.685698 0.029006 0.023972 0.012787 0.000725 0.239942 0.007871 1.945181
0.685704 0.029170 0.024101 0.012876 0.000727 0.239540 0.007881 1.948002
0.685672 0.029375 0.024232 0.012954 0.000731 0.239149 0.007886 1.950843
0.685623 0.029442 0.024342 0.013065 0.000730 0.238904 0.007895 1.953765
0.685628 0.029515 0.024516 0.013114 0.000737 0.238590 0.007902 1.956697
0.685571 0.029564 0.024659 0.013219 0.000745 0.238329 0.007913 1.959639
0.685557 0.029626 0.024768 0.013242 0.000750 0.238136 0.007922 1.962522
0.685591 0.029706 0.024856 0.013319 0.000760 0.237835 0.007932 1.965456
0.685415 0.029841 0.024981 0.013436 0.000761 0.237628 0.007939 1.968355
0.685402 0.029930 0.025070 0.013468 0.000771 0.237413 0.007947 1.971296
0.685269 0.030098 0.025175 0.013536 0.000777 0.237188 0.007955 1.974240
0.685158 0.030167 0.025224 0.013603 0.000793 0.237093 0.007961 1.977168
0.685056 0.030324 0.025297 0.013657 0.000800 0.236896 0.007970 1.980078
0.684924 0.030438 0.025359 0.013738 0.000797 0.236762 0.007983 1.983046
0.684839 0.030519 0.025476 0.013824 0.000787 0.236559 0.007997 1.986013
0.684731 0.030595 0.025601 0.013869 0.000789 0.236408 0.008008 1.989005
0.684612 0.030623 0.025710 0.013943 0.000791 0.236306 0.008016 1.992063
0.684482 0.030697 0.025811 0.014000 0.000796 0.236190 0.008024 1.995089
0.684368 0.030668 0.025939 0.014066 0.000801 0.236125 0.008033 1.998138
0.684257 0.030847 0.026056 0.014048 0.000801 0.235948 0.008042 2.001071
0.684068 0.030895 0.026194 0.014103 0.000817 0.235874 0.008051 2.004114
0.683833 0.031003 0.026310 0.014181 0.000817 0.235795 0.008061 2.007150
0.683573 0.031214 0.026340 0.014178 0.000822 0.235805 0.008069 2.010111
0.683458 0.031303 0.026461 0.014188 0.000824 0.235686 0.008081 2.013145
0.683301 0.031378 0.026611 0.014264 0.000823 0.235532 0.008092 2.016238
0.683084 0.031369 0.026700 0.014346 0.000830 0.235571 0.008100 2.019353
0.682943 0.031400 0.026816 0.014373 0.000825 0.235531 0.008112 2.022436
0.682766 0.031449 0.026891 0.014416 0.000826 0.235530 0.008122 2.025511
0.682551 0.031475 0.027004 0.014542 0.000818 0.235475 0.008136 2.028660
0.682330 0.031527 0.027068 0.014564 0.000820 0.235544 0.008147 2.031719
0.682175 0.031568 0.027136 0.014675 0.000822 0.235466 0.008158 2.034836
0.681946 0.031651 0.027256 0.014701 0.000825 0.235446 0.008174 2.037944
0.681719 0.031694 0.027276 0.014715 0.000838 0.235574 0.008184 2.041031
0.681600 0.031640 0.027368 0.014706 0.000835 0.235659 0.008194 2.044171
0.681381 0.031665 0.027454 0.014721 0.000842 0.235733 0.008204 2.047281
0.681119 0.031756 0.027456 0.014730 0.000846 0.235878 0.008214 2.050342
0.681054 0.031632 0.027546 0.014726 0.000847 0.235972 0.008224 2.053512
0.680782 0.031753 0.027599 0.014756 0.000856 0.236022 0.008231 2.056605
0.680571 0.031715 0.027609 0.014784 0.000874 0.236209 0.008238 2.059740
0.680336 0.031777 0.027641 0.014818 0.000873 0.236305 0.008250 2.062896
0.680251 0.031720 0.027658 0.014860 0.000880 0.236368 0.008261 2.066040
0.680124 0.031687 0.027738 0.014925 0.000875 0.236377 0.008274 2.069184
0.680034 0.031659 0.027712 0.014923 0.000875 0.236509 0.008289 2.072295
0.679808 0.031688 0.027746 0.014965 0.000876 0.236621 0.008298 2.075417
0.679729 0.031662 0.027823 0.014948 0.000886 0.236647 0.008306 2.078532
0.679605 0.031637 0.027888 0.014938 0.000883 0.236730 0.008318 2.081679
0.679354 0.031673 0.027955 0.014933 0.000890 0.236866 0.008329 2.084801
0.679177 0.031782 0.027962 0.014915 0.000891 0.236933 0.008342 2.087850
0.678878 0.031871 0.028048 0.014888 0.000894 0.237067 0.008355 2.090954
0.678669 0.031772 0.028190 0.014950 0.000882 0.237165 0.008372 2.094156
0.678453 0.031829 0.028223 0.014964 0.000891 0.237259 0.008382 2.097279
0.678266 0.031902 0.028281 0.014985 0.000893 0.237279 0.008394 2.100360
0.678074 0.031893 0.028312 0.014989 0.000894 0.237431 0.008407 2.103508
0.677902 0.031895 0.028425 0.015036 0.000890 0.237432 0.008420 2.106700
0.677789 0.031893 0.028407 0.015010 0.000894 0.237577 0.008431 2.109834
0.677606 0.032029 0.028356 0.014984 0.000895 0.237690 0.008441 2.112860
0.677403 0.032044 0.028417 0.014976 0.000898 0.237814 0.008449 2.116006
0.677264 0.032053 0.028427 0.014992 0.000898 0.237900 0.008467 2.119093
0.677105 0.032034 0.028517 0.014961 0.000907 0.238002 0.008475 2.122221
0.676922 0.032002 0.028599 0.015015 0.000906 0.238075 0.008483 2.125399
0.676844 0.031947 0.028605 0.014993 0.000899 0.238213 0.008499 2.128515
0.676754 0.031946 0.028548 0.014960 0.000899 0.238378 0.008514 2.131602
0.676649 0.031911 0.028493 0.015017 0.000894 0.238510 0.008528 2.134716
0.676480 0.031877 0.028562 0.014998 0.000897 0.238648 0.008540 2.137859
0.676413 0.031829 0.028535 0.014982 0.000891 0.238797 0.008552 2.140940
0.676235 0.031827 0.028541 0.014968 0.000896 0.238968 0.008565 2.144052
0.676165 0.031785 0.028499 0.015009 0.000914 0.239057 0.008572 2.147142
0.676148 0.031717 0.028432 0.015008 0.000921 0.239195 0.008580 2.150253
0.676095 0.031719 0.028420 0.015012 0.000910 0.239253 0.008593 2.153347
0.676031 0.031779 0.028396 0.014948 0.000910 0.239333 0.008604 2.156369
0.676052 0.031661 0.028386 0.014998 0.000910 0.239378 0.008616 2.159534
0.675985 0.031748 0.028386 0.014979 0.000920 0.239360 0.008624 2.162537
0.675942 0.031736 0.028367 0.014961 0.000921 0.239439 0.008635 2.165623
0.675889 0.031653 0.028285 0.014956 0.000921 0.239653 0.008643 2.168733
0.675860 0.031680 0.028276 0.014963 0.000917 0.239649 0.008655 2.171819
0.675783 0.031598 0.028306 0.014990 0.000912 0.239744 0.008665 2.174956
0.675810 0.031466 0.028331 0.014948 0.000916 0.239848 0.008681 2.178035
0.675763 0.031440 0.028350 0.014918 0.000917 0.239917 0.008693 2.181093
0.675745 0.031344 0.028335 0.014909 0.000915 0.240049 0.008703 2.184193
0.675620 0.031343 0.028300 0.014927 0.000914 0.240181 0.008716 2.187283
0.675662 0.031196 0.028327 0.014957 0.000912 0.240216 0.008731 2.190378
0.675627 0.031142 0.028307 0.014988 0.000910 0.240284 0.008742 2.193439
0.675710 0.031012 0.028264 0.015009 0.000921 0.240331 0.008753 2.196513
0.675747 0.030961 0.028222 0.014929 0.000929 0.240447 0.008766 2.199555
0.675720 0.030957 0.028115 0.014914 0.000925 0.240595 0.008775 2.202562
0.675813 0.030859 0.028077 0.014929 0.000914 0.240620 0.008787 2.205600
0.675886 0.030790 0.028028 0.014945 0.000919 0.240631 0.008800 2.208640
0.675805 0.030842 0.028025 0.014933 0.000930 0.240658 0.008807 2.211641
0.675928 0.030694 0.028026 0.014969 0.000926 0.240636 0.008821 2.214737
0.675992 0.030707 0.027962 0.014970 0.000930 0.240610 0.008828 2.217715
0.675991 0.030726 0.027948 0.014907 0.000931 0.240657 0.008840 2.220668
0.675994 0.030662 0.027941 0.014874 0.000933 0.240742 0.008854 2.223689
0.676004 0.030648 0.027946 0.014829 0.000931 0.240775 0.008867 2.226667
0.675960 0.030639 0.027908 0.014748 0.000934 0.240930 0.008881 2.229646
0.675963 0.030670 0.027879 0.014750 0.000946 0.240900 0.008891 2.232636
0.676030 0.030614 0.027878 0.014726 0.000945 0.240908 0.008898 2.235636
0.676018 0.030683 0.027803 0.014711 0.000935 0.240943 0.008908 2.238536
0.676036 0.030697 0.027702 0.014643 0.000949 0.241056 0.008916 2.241469
0.675927 0.030805 0.027675 0.014630 0.000939 0.241094 0.008929 2.244412
0.676084 0.030759 0.027601 0.014561 0.000940 0.241114 0.008942 2.247353
0.676156 0.030748 0.027615 0.014558 0.000939 0.241033 0.008951 2.250342
0.676195 0.030737 0.027595 0.014579 0.000926 0.240998 0.008969 2.253345
0.676203 0.030723 0.027598 0.014539 0.000923 0.241032 0.008982 2.256331
0.676213 0.030670 0.027603 0.014484 0.000920 0.241113 0.008996 2.259332
0.676280 0.030569 0.027644 0.014471 0.000921 0.241106 0.009008 2.262351
0.676391 0.030526 0.027562 0.014542 0.000923 0.241033 0.009022 2.265328
0.676569 0.030419 0.027490 0.014526 0.000918 0.241044 0.009034 2.268303
0.676608 0.030372 0.027461 0.014568 0.000913 0.241030 0.009049 2.271281
0.676756 0.030349 0.027438 0.014543 0.000914 0.240940 0.009060 2.274267
0.676813 0.030380 0.027447 0.014531 0.000914 0.240844 0.009071 2.277229
0.676987 0.030260 0.027418 0.014505 0.000916 0.240837 0.009079 2.280211
0.677065 0.030242 0.027269 0.014486 0.000915 0.240932 0.009091 2.283137
0.677108 0.030175 0.027249 0.014515 0.000910 0.240940 0.009104 2.286144
0.677135 0.030179 0.027258 0.014461 0.000904 0.240949 0.009115 2.289085
0.677256 0.030105 0.027180 0.014402 0.000913 0.241024 0.009121 2.292030
0.677303 0.030068 0.027191 0.014374 0.000926 0.241007 0.009132 2.294985
0.677397 0.029962 0.027235 0.014390 0.000931 0.240943 0.009142 2.297994
0.677496 0.030033 0.027208 0.014338 0.000937 0.240835 0.009154 2.300898
0.677647 0.029992 0.027182 0.014307 0.000939 0.240770 0.009164 2.303842
0.677719 0.029876 0.027197 0.014336 0.000934 0.240762 0.009177 2.306850
0.677936 0.029812 0.027195 0.014257 0.000945 0.240668 0.009188 2.309759
0.677957 0.029813 0.027113 0.014340 0.000946 0.240633 0.009197 2.312701
0.678129 0.029760 0.027108 0.014264 0.000952 0.240581 0.009207 2.315596
0.678251 0.029707 0.027040 0.014271 0.000953 0.240558 0.009220 2.318490
0.678374 0.029644 0.026957 0.014306 0.000942 0.240539 0.009238 2.321416
0.678518 0.029623 0.026933 0.014312 0.000947 0.240414 0.009254 2.324342
0.678678 0.029613 0.026863 0.014288 0.000947 0.240348 0.009263 2.327183
0.678822 0.029580 0.026682 0.014275 0.000937 0.240429 0.009276 2.330013
0.678960 0.029525 0.026692 0.014282 0.000938 0.240314 0.009288 2.332940
0.679077 0.029542 0.026696 0.014313 0.000943 0.240130 0.009300 2.335841
0.679224 0.029547 0.026695 0.014304 0.000944 0.239970 0.009316 2.338713
0.679408 0.029477 0.026658 0.014310 0.000942 0.239878 0.009327 2.341648
0.679432 0.029553 0.026638 0.014283 0.000940 0.239819 0.009337 2.344501
0.679591 0.029573 0.026596 0.014214 0.000946 0.239736 0.009346 2.347332
0.679674 0.029614 0.026542 0.014205 0.000947 0.239657 0.009361 2.350187
0.679860 0.029573 0.026463 0.014178 0.000940 0.239613 0.009372 2.353041
0.679981 0.029481 0.026523 0.014183 0.000954 0.239499 0.009380 2.356010
0.680047 0.029490 0.026540 0.014216 0.000944 0.239371 0.009393 2.358923
0.680122 0.029498 0.026563 0.014156 0.000935 0.239322 0.009404 2.361795
0.680323 0.029456 0.026563 0.014127 0.000944 0.239176 0.009411 2.364716
0.680366 0.029491 0.026499 0.014157 0.000939 0.239123 0.009425 2.367588
0.680406 0.029478 0.026484 0.014159 0.000942 0.239096 0.009436 2.370502
0.680503 0.029516 0.026407 0.014133 0.000940 0.239048 0.009453 2.373356
0.680606 0.029485 0.026306 0.014156 0.000932 0.239049 0.009467 2.376201
0.680725 0.029476 0.026335 0.014105 0.000920 0.238962 0.009478 2.379084
0.680971 0.029395 0.026403 0.014041 0.000913 0.238790 0.009487 2.381941
0.681147 0.029299 0.026402 0.014011 0.000914 0.238726 0.009500 2.384888
0.681224 0.029287 0.026436 0.014032 0.000924 0.238590 0.009508 2.387774
0.681369 0.029220 0.026406 0.014035 0.000918 0.238532 0.009520 2.390685
0.681476 0.029227 0.026444 0.013982 0.000922 0.238417 0.009533 2.393544
0.681655 0.029253 0.026354 0.013986 0.000915 0.238292 0.009545 2.396339
0.681876 0.029113 0.026428 0.013985 0.000903 0.238135 0.009560 2.399288
0.681941 0.029104 0.026384 0.014004 0.000906 0.238088 0.009572 2.402171
0.682121 0.029024 0.026391 0.013992 0.000887 0.238001 0.009585 2.405027
0.682245 0.029064 0.026298 0.013965 0.000890 0.237944 0.009595 2.407811
0.682360 0.029076 0.026298 0.013936 0.000893 0.237833 0.009605 2.410643
0.682423 0.029162 0.026253 0.013895 0.000893 0.237761 0.009612 2.413454
0.682489 0.029197 0.026236 0.013868 0.000893 0.237695 0.009622 2.416311
0.682684 0.029091 0.026243 0.013889 0.000898 0.237564 0.009632 2.419227
0.682683 0.029142 0.026225 0.013888 0.000904 0.237516 0.009641 2.422060
0.682688 0.029160 0.026207 0.013918 0.000897 0.237474 0.009656 2.424959
0.682823 0.029021 0.026295 0.013976 0.000896 0.237324 0.009665 2.427924
0.682971 0.029015 0.026281 0.013953 0.000894 0.237206 0.009679 2.430774
0.683081 0.029055 0.026306 0.013938 0.000885 0.237042 0.009694 2.433662
0.683197 0.029078 0.026310 0.013956 0.000877 0.236880 0.009703 2.436503
0.683300 0.029017 0.026259 0.014008 0.000869 0.236833 0.009716 2.439414
0.683404 0.029075 0.026261 0.014013 0.000872 0.236647 0.009729 2.442272
0.683473 0.029138 0.026235 0.013964 0.000869 0.236580 0.009742 2.445086
0.683542 0.029201 0.026221 0.013953 0.000864 0.236467 0.009753 2.447927
0.683642 0.029154 0.026171 0.013935 0.000863 0.236475 0.009761 2.450767
0.683773 0.029117 0.026107 0.013988 0.000862 0.236385 0.009769 2.453625
0.683940 0.029105 0.026062 0.013948 0.000861 0.236303 0.009781 2.456438
0.684085 0.029006 0.026067 0.013949 0.000869 0.236235 0.009790 2.459346
0.684251 0.028933 0.026036 0.013932 0.000872 0.236178 0.009799 2.462190
0.684364 0.028934 0.026066 0.013898 0.000874 0.236055 0.009809 2.465008
0.684497 0.028925 0.025973 0.013901 0.000882 0.236005 0.009818 2.467810
0.684678 0.028939 0.025977 0.013885 0.000886 0.235811 0.009825 2.470637
0.684756 0.028893 0.026008 0.013924 0.000887 0.235695 0.009838 2.473526
0.684843 0.028848 0.026049 0.013890 0.000892 0.235628 0.009851 2.476388
0.685002 0.028796 0.026019 0.013903 0.000890 0.235528 0.009862 2.479253
0.685181 0.028746 0.026006 0.013870 0.000883 0.235436 0.009879 2.482104
0.685322 0.028752 0.025938 0.013804 0.000877 0.235411 0.009896 2.484868
0.685498 0.028739 0.025904 0.013813 0.000876 0.235259 0.009909 2.487687
0.685657 0.028749 0.025874 0.013790 0.000874 0.235135 0.009921 2.490480
0.685859 0.028715 0.025801 0.013781 0.000871 0.235038 0.009936 2.493290
0.685961 0.028708 0.025881 0.013791 0.000866 0.234848 0.009946 2.496140
0.686139 0.028666 0.025901 0.013761 0.000869 0.234708 0.009957 2.498936
0.686218 0.028645 0.025874 0.013797 0.000859 0.234636 0.009971 2.501785
0.686298 0.028723 0.025790 0.013781 0.000856 0.234567 0.009984 2.504551
0.686404 0.028755 0.025819 0.013729 0.000851 0.234442 0.010000 2.507336
0.686409 0.028797 0.025874 0.013756 0.000857 0.234298 0.010009 2.510207
0.686433 0.028766 0.025862 0.013780 0.000851 0.234283 0.010025 2.513083
0.686515 0.028798 0.025814 0.013786 0.000864 0.234189 0.010034 2.515877
0.686614 0.028796 0.025857 0.013773 0.000855 0.234062 0.010044 2.518714
0.686759 0.028739 0.025930 0.013764 0.000858 0.233898 0.010052 2.521562
0.686805 0.028805 0.025942 0.013728 0.000867 0.233791 0.010061 2.524318
0.686918 0.028886 0.025889 0.013707 0.000864 0.233663 0.010074 2.527071
0.686886 0.028919 0.025940 0.013645 0.000865 0.233660 0.010084 2.529884
0.686883 0.028888 0.026014 0.013671 0.000861 0.233592 0.010092 2.532764
0.686962 0.028994 0.025996 0.013688 0.000855 0.233398 0.010108 2.535570
0.687083 0.028953 0.026047 0.013747 0.000852 0.233200 0.010119 2.538452
0.687193 0.028912 0.026076 0.013775 0.000853 0.233065 0.010127 2.541316
0.687159 0.029016 0.026118 0.013756 0.000845 0.232970 0.010137 2.544161
0.687173 0.029114 0.026068 0.013744 0.000857 0.232903 0.010142 2.546956
0.687237 0.029196 0.026094 0.013730 0.000859 0.232731 0.010153 2.549792
0.687265 0.029170 0.026157 0.013747 0.000862 0.232636 0.010163 2.552702
0.687287 0.029178 0.026180 0.013754 0.000856 0.232576 0.010171 2.555582
0.687287 0.029238 0.026150 0.013802 0.000858 0.232483 0.010182 2.558393
0.687327 0.029263 0.026173 0.013783 0.000853 0.232408 0.010194 2.561238
0.687265 0.029306 0.026123 0.013809 0.000844 0.232450 0.010203 2.564085
0.687269 0.029340 0.026190 0.013825 0.000842 0.232318 0.010216 2.566984
0.687257 0.029365 0.026222 0.013893 0.000852 0.232186 0.010226 2.569872
0.687233 0.029425 0.026308 0.013860 0.000863 0.232074 0.010238 2.572758
0.687213 0.029460 0.026278 0.013824 0.000853 0.232122 0.010250 2.575627
0.687218 0.029459 0.026280 0.013894 0.000851 0.232036 0.010262 2.578520
0.687186 0.029498 0.026290 0.013838 0.000849 0.232068 0.010271 2.581365
0.687229 0.029502 0.026340 0.013887 0.000844 0.231916 0.010283 2.584251
0.687246 0.029576 0.026307 0.013846 0.000857 0.231880 0.010289 2.587066
0.687215 0.029614 0.026343 0.013835 0.000864 0.231833 0.010295 2.589955
0.687143 0.029639 0.026372 0.013836 0.000865 0.231838 0.010307 2.592833
0.687206 0.029592 0.026322 0.013914 0.000862 0.231782 0.010322 2.595728
0.687230 0.029628 0.026315 0.013944 0.000873 0.231684 0.010327 2.598600
0.687171 0.029659 0.026331 0.013886 0.000868 0.231746 0.010340 2.601468
0.687059 0.029712 0.026328 0.013867 0.000864 0.231814 0.010355 2.604358
0.687011 0.029717 0.026385 0.013858 0.000854 0.231803 0.010373 2.607292
0.686950 0.029736 0.026346 0.013880 0.000867 0.231837 0.010383 2.610202
0.686948 0.029695 0.026385 0.013871 0.000860 0.231846 0.010394 2.613111
0.686973 0.029729 0.026370 0.013841 0.000862 0.231823 0.010401 2.615979
0.686907 0.029751 0.026309 0.013933 0.000866 0.231824 0.010411 2.618892
0.686952 0.029714 0.026291 0.013960 0.000860 0.231795 0.010427 2.621762
0.687012 0.029658 0.026342 0.013999 0.000856 0.231695 0.010438 2.624695
0.686935 0.029722 0.026358 0.014035 0.000854 0.231644 0.010452 2.627579
0.686909 0.029593 0.026446 0.014112 0.000858 0.231615 0.010466 2.630603
0.686821 0.029751 0.026443 0.014116 0.000853 0.231535 0.010481 2.633491
0.686820 0.029730 0.026488 0.014088 0.000854 0.231524 0.010496 2.636426
0.686806 0.029698 0.026526 0.014107 0.000858 0.231498 0.010507 2.639335
0.686864 0.029668 0.026584 0.014071 0.000851 0.231444 0.010518 2.642223
0.686872 0.029680 0.026627 0.014052 0.000857 0.231383 0.010529 2.645113
0.686780 0.029691 0.026675 0.014041 0.000855 0.231421 0.010538 2.648039
0.686806 0.029704 0.026622 0.014064 0.000857 0.231401 0.010548 2.650891
0.686837 0.029601 0.026636 0.014065 0.000860 0.231444 0.010557 2.653829
0.686904 0.029582 0.026684 0.014066 0.000865 0.231333 0.010566 2.656710
0.686997 0.029549 0.026715 0.014039 0.000869 0.231254 0.010577 2.659627
0.686998 0.029574 0.026660 0.014043 0.000874 0.231266 0.010585 2.662489
0.686934 0.029558 0.026670 0.014066 0.000868 0.231308 0.010596 2.665450
0.686900 0.029599 0.026660 0.014025 0.000862 0.231347 0.010607 2.668352
0.686765 0.029642 0.026722 0.014025 0.000859 0.231370 0.010618 2.671277
0.686747 0.029671 0.026742 0.014055 0.000870 0.231289 0.010627 2.674172
0.686628 0.029697 0.026723 0.014052 0.000874 0.231389 0.010638 2.677093
0.686649 0.029725 0.026708 0.014040 0.000870 0.231361 0.010647 2.679955
0.686682 0.029648 0.026770 0.014018 0.000875 0.231351 0.010656 2.682886
0.686594 0.029707 0.026777 0.014032 0.000880 0.231344 0.010667 2.685818
0.686730 0.029645 0.026809 0.013960 0.000886 0.231291 0.010680 2.688743
0.686707 0.029673 0.026817 0.013936 0.000884 0.231297 0.010687 2.691646
0.686720 0.029685 0.026736 0.013928 0.000896 0.231339 0.010696 2.694528
0.686756 0.029584 0.026696 0.013996 0.000891 0.231366 0.010710 2.697474
0.686749 0.029568 0.026693 0.014044 0.000891 0.231336 0.010721 2.700413
0.686797 0.029496 0.026692 0.014045 0.000889 0.231347 0.010734 2.703343
0.686912 0.029536 0.026654 0.013998 0.000885 0.231269 0.010747 2.706155
0.686919 0.029576 0.026619 0.013975 0.000884 0.231273 0.010756 2.709000
0.686983 0.029595 0.026583 0.014038 0.000883 0.231149 0.010769 2.711842
0.686977 0.029461 0.026619 0.014046 0.000881 0.231233 0.010783 2.714835
0.686940 0.029540 0.026597 0.014049 0.000886 0.231194 0.010793 2.717671
0.686942 0.029462 0.026602 0.014111 0.000881 0.231199 0.010804 2.720603
0.686938 0.029444 0.026569 0.014123 0.000879 0.231234 0.010813 2.723467
0.686981 0.029488 0.026513 0.014134 0.000880 0.231179 0.010826 2.726307
0.686935 0.029456 0.026494 0.014171 0.000876 0.231227 0.010841 2.729228
0.686931 0.029478 0.026482 0.014119 0.000871 0.231269 0.010851 2.732071
0.687012 0.029454 0.026472 0.014118 0.000876 0.231205 0.010862 2.734957
0.686923 0.029542 0.026428 0.014126 0.000871 0.231240 0.010871 2.737826
0.686915 0.029586 0.026349 0.014117 0.000871 0.231283 0.010880 2.740667
0.686882 0.029646 0.026311 0.014105 0.000872 0.231296 0.010890 2.743532
0.686881 0.029618 0.026319 0.014158 0.000872 0.231255 0.010898 2.746441
0.686791 0.029641 0.026292 0.014141 0.000871 0.231351 0.010914 2.749313
0.686704 0.029726 0.026267 0.014153 0.000861 0.231357 0.010932 2.752197
0.686703 0.029640 0.026238 0.014150 0.000864 0.231459 0.010945 2.755145
0.686645 0.029644 0.026298 0.014152 0.000871 0.231430 0.010960 2.758089
0.686579 0.029681 0.026288 0.014184 0.000875 0.231422 0.010973 2.760994
0.686599 0.029691 0.026286 0.014165 0.000874 0.231399 0.010986 2.763865
0.686579 0.029677 0.026255 0.014128 0.000887 0.231480 0.010995 2.766749
0.686564 0.029597 0.026316 0.014123 0.000880 0.231517 0.011005 2.769727
0.686598 0.029618 0.026296 0.014102 0.000885 0.231486 0.011016 2.772600
0.686483 0.029607 0.026329 0.014137 0.000886 0.231533 0.011024 2.775538
0.686366 0.029778 0.026306 0.014129 0.000887 0.231502 0.011033 2.778401
0.686427 0.029702 0.026351 0.014143 0.000893 0.231441 0.011044 2.781361
0.686389 0.029777 0.026357 0.014096 0.000891 0.231435 0.011056 2.784236
0.686362 0.029781 0.026311 0.014107 0.000879 0.231490 0.011070 2.787137
0.686363 0.029796 0.026221 0.014089 0.000881 0.231569 0.011081 2.790003
0.686352 0.029685 0.026292 0.014107 0.000879 0.231591 0.011093 2.792947
0.686398 0.029620 0.026307 0.014114 0.000884 0.231570 0.011106 2.795884
0.686454 0.029660 0.026319 0.014097 0.000890 0.231467 0.011114 2.798705
0.686460 0.029591 0.026337 0.014139 0.000890 0.231457 0.011126 2.801657
0.686443 0.029531 0.026384 0.014105 0.000889 0.231513 0.011135 2.804576
0.686357 0.029541 0.026376 0.014051 0.000895 0.231634 0.011147 2.807443
0.686425 0.029529 0.026356 0.014017 0.000889 0.231630 0.011155 2.810304
0.686514 0.029462 0.026373 0.014055 0.000878 0.231549 0.011168 2.813214
0.686510 0.029467 0.026381 0.014106 0.000882 0.231473 0.011181 2.816117
0.686488 0.029460 0.026380 0.014146 0.000881 0.231453 0.011192 2.819025
0.686549 0.029463 0.026348 0.014180 0.000882 0.231373 0.011204 2.821903
0.686609 0.029434 0.026269 0.014171 0.000890 0.231413 0.011214 2.824765
0.686594 0.029374 0.026262 0.014150 0.000894 0.231503 0.011224 2.827704
0.686571 0.029354 0.026273 0.014155 0.000890 0.231523 0.011235 2.830612
0.686566 0.029423 0.026219 0.014192 0.000890 0.231464 0.011246 2.833410
0.686556 0.029334 0.026302 0.014191 0.000889 0.231468 0.011260 2.836359
0.686632 0.029336 0.026283 0.014150 0.000893 0.231438 0.011269 2.839220
0.686669 0.029345 0.026314 0.014116 0.000904 0.231371 0.011280 2.842073
0.686756 0.029307 0.026387 0.014115 0.000902 0.231241 0.011291 2.844968
0.686875 0.029257 0.026365 0.014076 0.000904 0.231222 0.011300 2.847812
0.686925 0.029249 0.026408 0.014082 0.000907 0.231117 0.011314 2.850711
0.686895 0.029212 0.026385 0.014087 0.000901 0.231194 0.011326 2.853595
0.686966 0.029095 0.026401 0.014143 0.000904 0.231152 0.011338 2.856498
0.686917 0.029122 0.026375 0.014112 0.000909 0.231218 0.011347 2.859332
0.686901 0.029129 0.026423 0.014074 0.000901 0.231210 0.011362 2.862182
0.686945 0.029105 0.026324 0.014033 0.000905 0.231320 0.011369 2.865019
0.686943 0.029154 0.026254 0.014062 0.000906 0.231297 0.011384 2.867859
0.686909 0.029223 0.026220 0.014041 0.000904 0.231312 0.011392 2.870664
0.686989 0.029222 0.026182 0.013989 0.000900 0.231314 0.011404 2.873480
0.686979 0.029250 0.026171 0.013986 0.000903 0.231294 0.011417 2.876337
0.686961 0.029220 0.026167 0.014005 0.000907 0.231314 0.011425 2.879249
0.686964 0.029271 0.026232 0.013982 0.000912 0.231206 0.011434 2.882108
0.686943 0.029467 0.026142 0.013892 0.000916 0.231193 0.011447 2.884872
0.686937 0.029510 0.026039 0.013907 0.000909 0.231243 0.011455 2.887690
0.686913 0.029509 0.026127 0.013934 0.000913 0.231134 0.011469 2.890627
0.686934 0.029443 0.026119 0.013962 0.000909 0.231150 0.011483 2.893534
0.686943 0.029469 0.026074 0.013929 0.000900 0.231190 0.011495 2.896369
0.686997 0.029453 0.026068 0.013925 0.000899 0.231153 0.011504 2.899212
0.686966 0.029480 0.026134 0.013944 0.000900 0.231059 0.011517 2.902103
0.686908 0.029516 0.026178 0.013920 0.000892 0.231057 0.011529 2.904972
0.687005 0.029511 0.026176 0.013939 0.000892 0.230936 0.011541 2.907824
0.686948 0.029577 0.026189 0.013940 0.000887 0.230907 0.011552 2.910666
0.687026 0.029573 0.026220 0.013983 0.000896 0.230744 0.011559 2.913541
0.686955 0.029650 0.026244 0.013977 0.000901 0.230705 0.011569 2.916391
0.686848 0.029715 0.026266 0.013962 0.000907 0.230725 0.011578 2.919299
0.686862 0.029658 0.026352 0.013946 0.000896 0.230696 0.011589 2.922223
0.686906 0.029541 0.026392 0.013945 0.000902 0.230719 0.011595 2.925155
0.686863 0.029593 0.026410 0.013951 0.000903 0.230672 0.011607 2.928031
0.686861 0.029585 0.026429 0.013981 0.000898 0.230626 0.011618 2.930960
0.686936 0.029583 0.026451 0.013962 0.000886 0.230550 0.011631 2.933841
0.686977 0.029496 0.026434 0.013983 0.000886 0.230584 0.011641 2.936768
0.686979 0.029481 0.026469 0.013998 0.000892 0.230525 0.011655 2.939658
0.686911 0.029478 0.026494 0.014023 0.000887 0.230543 0.011664 2.942571
0.686889 0.029502 0.026375 0.014029 0.000884 0.230644 0.011676 2.945382
0.686913 0.029454 0.026418 0.014036 0.000881 0.230612 0.011685 2.948307
0.686979 0.029419 0.026431 0.014022 0.000875 0.230573 0.011701 2.951215
0.687092 0.029301 0.026403 0.014001 0.000872 0.230619 0.011712 2.954086
0.687097 0.029210 0.026436 0.014029 0.000868 0.230641 0.011721 2.957010
0.687122 0.029133 0.026474 0.014001 0.000871 0.230671 0.011729 2.959909
0.687212 0.029123 0.026452 0.013965 0.000866 0.230646 0.011738 2.962753
0.687283 0.029094 0.026452 0.013968 0.000868 0.230585 0.011750 2.965645
0.687262 0.029100 0.026460 0.013943 0.000855 0.230618 0.011762 2.968546
0.687237 0.029149 0.026457 0.013923 0.000848 0.230610 0.011777 2.971433
0.687288 0.029083 0.026426 0.013979 0.000845 0.230590 0.011789 2.974368
0.687209 0.029090 0.026386 0.014019 0.000854 0.230643 0.011800 2.977256
0.687229 0.029089 0.026386 0.013979 0.000852 0.230657 0.011808 2.980126
0.687265 0.029045 0.026366 0.013941 0.000854 0.230710 0.011820 2.982976
0.687246 0.029068 0.026348 0.013942 0.000853 0.230711 0.011832 2.985818
0.687163 0.029032 0.026421 0.013991 0.000846 0.230697 0.011849 2.988748
0.687077 0.029116 0.026410 0.013911 0.000844 0.230781 0.011861 2.991616
0.687051 0.029202 0.026460 0.013929 0.000837 0.230649 0.011872 2.994486
0.687056 0.029179 0.026427 0.013902 0.000825 0.230728 0.011882 2.997333
0.687018 0.029276 0.026395 0.013857 0.000826 0.230734 0.011893 3.000170
0.686943 0.029299 0.026435 0.013899 0.000821 0.230700 0.011902 3.003086
0.686937 0.029349 0.026401 0.013941 0.000820 0.230637 0.011915 3.005968
0.686937 0.029332 0.026471 0.013916 0.000813 0.230606 0.011926 3.008846
0.686906 0.029387 0.026481 0.013964 0.000817 0.230508 0.011937 3.011725
0.686923 0.029425 0.026504 0.013900 0.000822 0.230478 0.011948 3.014564
0.686953 0.029369 0.026533 0.013889 0.000828 0.230469 0.011959 3.017452
0.686891 0.029406 0.026506 0.013896 0.000823 0.230510 0.011967 3.020311
0.686925 0.029487 0.026440 0.013871 0.000823 0.230477 0.011977 3.023121
0.686884 0.029460 0.026487 0.013902 0.000827 0.230451 0.011988 3.026045
0.686811 0.029514 0.026468 0.013943 0.000824 0.230442 0.011997 3.028922
0.686824 0.029516 0.026445 0.013919 0.000818 0.230471 0.012009 3.031760
0.686846 0.029511 0.026376 0.013965 0.000816 0.230469 0.012018 3.034640
0.686887 0.029523 0.026406 0.013939 0.000828 0.230391 0.012025 3.037528
0.686908 0.029539 0.026396 0.013913 0.000823 0.230380 0.012040 3.040376
0.686743 0.029576 0.026431 0.013889 0.000816 0.230491 0.012056 3.043300
0.686652 0.029617 0.026427 0.013922 0.000824 0.230486 0.012070 3.046210
0.686516 0.029760 0.026411 0.013886 0.000822 0.230526 0.012081 3.049043
0.686530 0.029653 0.026511 0.013912 0.000829 0.230473 0.012093 3.051970
0.686598 0.029588 0.026536 0.013923 0.000832 0.230420 0.012103 3.054922
0.686598 0.029510 0.026547 0.013926 0.000838 0.230471 0.012110 3.057829
0.686551 0.029494 0.026549 0.013959 0.000838 0.230491 0.012118 3.060763
0.686530 0.029533 0.026500 0.013975 0.000853 0.230483 0.012126 3.063646
0.686452 0.029641 0.026514 0.013910 0.000859 0.230484 0.012139 3.066497
0.686385 0.029688 0.026507 0.013947 0.000855 0.230470 0.012149 3.069385
0.686345 0.029569 0.026547 0.014005 0.000857 0.230520 0.012158 3.072356
0.686332 0.029578 0.026475 0.014028 0.000862 0.230559 0.012166 3.075258
0.686319 0.029588 0.026483 0.013953 0.000868 0.230614 0.012175 3.078129
0.686324 0.029581 0.026461 0.013973 0.000857 0.230616 0.012187 3.081036
0.686253 0.029582 0.026537 0.013993 0.000860 0.230580 0.012195 3.083959
0.686213 0.029655 0.026437 0.013960 0.000865 0.230667 0.012204 3.086802
0.686292 0.029611 0.026457 0.013956 0.000865 0.230606 0.012214 3.089732
0.686317 0.029552 0.026486 0.013986 0.000856 0.230570 0.012232 3.092646
0.686323 0.029548 0.026429 0.013965 0.000847 0.230647 0.012242 3.095509
0.686331 0.029597 0.026379 0.013982 0.000846 0.230612 0.012253 3.098353
0.686401 0.029540 0.026388 0.013971 0.000841 0.230591 0.012268 3.101272
0.686365 0.029532 0.026454 0.013992 0.000844 0.230537 0.012277 3.104199
0.686359 0.029429 0.026433 0.014008 0.000844 0.230641 0.012287 3.107150
0.686310 0.029411 0.026405 0.013999 0.000843 0.230735 0.012297 3.110026
0.686285 0.029461 0.026378 0.014061 0.000838 0.230665 0.012313 3.112902
0.686374 0.029409 0.026389 0.014054 0.000835 0.230614 0.012326 3.115769
